frame,i,x1,y1,x2,y2,x,y,angle,size
1, 0, 830, 117, 830, 122, 0, -5, -1.5707963267948966, 5.0
1, 1, 984, 557, 987, 557, -3, 0, 3.141592653589793, 3.0
1, 2, 814, 95, 814, 99, 0, -4, -1.5707963267948966, 4.0
1, 3, 819, 85, 819, 89, 0, -4, -1.5707963267948966, 4.0
1, 4, 612, 61, 609, 64, 3, -3, -0.7853981633974483, 4.242640687119285
1, 5, 601, 71, 601, 73, 0, -2, -1.5707963267948966, 2.0
1, 6, 743, 36, 742, 34, 1, 2, 1.1071487177940904, 2.23606797749979
1, 7, 479, 447, 478, 450, 1, -3, -1.2490457723982544, 3.1622776601683795
1, 8, 846, 59, 846, 60, 0, -1, -1.5707963267948966, 1.0
1, 9, 509, 39, 509, 43, 0, -4, -1.5707963267948966, 4.0
1, 10, 544, 54, 544, 56, 0, -2, -1.5707963267948966, 2.0
1, 11, 957, 34, 956, 34, 1, 0, 0.0, 1.0
1, 12, 179, 307, 181, 305, -2, 2, 2.356194490192345, 2.8284271247461903
1, 13, 821, 94, 821, 98, 0, -4, -1.5707963267948966, 4.0
1, 14, 989, 472, 994, 472, -5, 0, 3.141592653589793, 5.0
1, 15, 972, 265, 970, 262, 2, 3, 0.982793723247329, 3.605551275463989
1, 16, 391, 195, 390, 192, 1, 3, 1.2490457723982544, 3.1622776601683795
1, 17, 1002, 486, 1006, 486, -4, 0, 3.141592653589793, 4.0
1, 18, 484, 173, 485, 176, -1, -3, -1.892546881191539, 3.1622776601683795
1, 19, 676, 72, 676, 71, 0, 1, 1.5707963267948966, 1.0
1, 20, 969, 562, 973, 561, -4, 1, 2.896613990462929, 4.123105625617661
1, 21, 967, 525, 972, 523, -5, 2, 2.761086276477428, 5.385164807134504
1, 22, 508, 343, 506, 347, 2, -4, -1.1071487177940904, 4.47213595499958
1, 23, 794, 390, 796, 394, -2, -4, -2.0344439357957027, 4.47213595499958
1, 24, 515, 301, 513, 305, 2, -4, -1.1071487177940904, 4.47213595499958
1, 25, 495, 169, 496, 173, -1, -4, -1.8157749899217608, 4.123105625617661
1, 26, 338, 371, 338, 372, 0, -1, -1.5707963267948966, 1.0
1, 27, 800, 111, 800, 116, 0, -5, -1.5707963267948966, 5.0
1, 28, 770, 388, 771, 393, -1, -5, -1.7681918866447774, 5.0990195135927845
1, 29, 989, 226, 986, 224, 3, 2, 0.5880026035475675, 3.605551275463989
1, 30, 460, 449, 462, 452, -2, -3, -2.158798930342464, 3.605551275463989
1, 31, 1152, 112, 1150, 110, 2, 2, 0.7853981633974483, 2.8284271247461903
1, 32, 829, 135, 830, 140, -1, -5, -1.7681918866447774, 5.0990195135927845
1, 33, 984, 489, 988, 489, -4, 0, 3.141592653589793, 4.0
1, 34, 387, 140, 386, 138, 1, 2, 1.1071487177940904, 2.23606797749979
1, 35, 633, 122, 633, 119, 0, 3, 1.5707963267948966, 3.0
1, 36, 289, 344, 288, 345, 1, -1, -0.7853981633974483, 1.4142135623730951
1, 37, 265, 353, 263, 354, 2, -1, -0.4636476090008061, 2.23606797749979
1, 38, 975, 280, 973, 278, 2, 2, 0.7853981633974483, 2.8284271247461903
1, 39, 617, 74, 614, 77, 3, -3, -0.7853981633974483, 4.242640687119285
1, 40, 276, 339, 275, 340, 1, -1, -0.7853981633974483, 1.4142135623730951
1, 41, 75, 574, 73, 572, 2, 2, 0.7853981633974483, 2.8284271247461903
1, 42, 765, 383, 766, 388, -1, -5, -1.7681918866447774, 5.0990195135927845
1, 43, 818, 701, 819, 708, -1, -7, -1.7126933813990606, 7.0710678118654755
1, 44, 578, 48, 579, 50, -1, -2, -2.0344439357957027, 2.23606797749979
1, 45, 607, 139, 607, 141, 0, -2, -1.5707963267948966, 2.0
1, 46, 492, 10, 492, 15, 0, -5, -1.5707963267948966, 5.0
1, 47, 260, 406, 260, 407, 0, -1, -1.5707963267948966, 1.0
1, 48, 972, 488, 976, 488, -4, 0, 3.141592653589793, 4.0
1, 49, 528, 312, 526, 316, 2, -4, -1.1071487177940904, 4.47213595499958
1, 50, 633, 203, 634, 202, -1, 1, 2.356194490192345, 1.4142135623730951
1, 51, 764, 674, 764, 676, 0, -2, -1.5707963267948966, 2.0
1, 52, 980, 356, 979, 354, 1, 2, 1.1071487177940904, 2.23606797749979
1, 53, 1096, 13, 1095, 14, 1, -1, -0.7853981633974483, 1.4142135623730951
1, 54, 1261, 95, 1267, 94, -6, 1, 2.976443976175166, 6.082762530298219
1, 55, 259, 361, 258, 362, 1, -1, -0.7853981633974483, 1.4142135623730951
1, 56, 984, 320, 984, 320, 0, 0, 0.0, 0.0
1, 57, 146, 37, 144, 38, 2, -1, -0.4636476090008061, 2.23606797749979
1, 58, 287, 359, 286, 360, 1, -1, -0.7853981633974483, 1.4142135623730951
1, 59, 323, 409, 323, 410, 0, -1, -1.5707963267948966, 1.0
1, 60, 685, 85, 684, 84, 1, 1, 0.7853981633974483, 1.4142135623730951
1, 61, 878, 68, 878, 69, 0, -1, -1.5707963267948966, 1.0
1, 62, 1066, 78, 1066, 79, 0, -1, -1.5707963267948966, 1.0
1, 63, 1134, 185, 1135, 185, -1, 0, 3.141592653589793, 1.0
1, 64, 1224, 31, 1224, 32, 0, -1, -1.5707963267948966, 1.0
1, 65, 1003, 249, 1000, 248, 3, 1, 0.3217505543966422, 3.1622776601683795
1, 66, 486, 158, 487, 163, -1, -5, -1.7681918866447774, 5.0990195135927845
1, 67, 198, 403, 198, 404, 0, -1, -1.5707963267948966, 1.0
1, 68, 619, 131, 618, 133, 1, -2, -1.1071487177940904, 2.23606797749979
1, 69, 1142, 51, 1139, 50, 3, 1, 0.3217505543966422, 3.1622776601683795
1, 70, 1181, 97, 1178, 96, 3, 1, 0.3217505543966422, 3.1622776601683795
1, 71, 496, 243, 496, 245, 0, -2, -1.5707963267948966, 2.0
1, 72, 488, 38, 489, 43, -1, -5, -1.7681918866447774, 5.0990195135927845
1, 73, 283, 353, 282, 354, 1, -1, -0.7853981633974483, 1.4142135623730951
1, 74, 68, 90, 68, 91, 0, -1, -1.5707963267948966, 1.0
1, 75, 1122, 164, 1120, 161, 2, 3, 0.982793723247329, 3.605551275463989
1, 76, 736, 96, 736, 95, 0, 1, 1.5707963267948966, 1.0
1, 77, 1003, 230, 1000, 228, 3, 2, 0.5880026035475675, 3.605551275463989
1, 78, 829, 100, 829, 104, 0, -4, -1.5707963267948966, 4.0
1, 79, 641, 199, 641, 199, 0, 0, 0.0, 0.0
1, 80, 485, 452, 483, 455, 2, -3, -0.982793723247329, 3.605551275463989
1, 81, 1147, 19, 1145, 18, 2, 1, 0.4636476090008061, 2.23606797749979
1, 82, 300, 339, 300, 340, 0, -1, -1.5707963267948966, 1.0
1, 83, 595, 100, 595, 101, 0, -1, -1.5707963267948966, 1.0
1, 84, 517, 405, 517, 409, 0, -4, -1.5707963267948966, 4.0
1, 85, 212, 376, 215, 373, -3, 3, 2.356194490192345, 4.242640687119285
1, 86, 285, 399, 284, 400, 1, -1, -0.7853981633974483, 1.4142135623730951
1, 87, 852, 53, 852, 54, 0, -1, -1.5707963267948966, 1.0
1, 88, 783, 114, 781, 117, 2, -3, -0.982793723247329, 3.605551275463989
1, 89, 1065, 54, 1063, 54, 2, 0, 0.0, 2.0
1, 90, 941, 119, 941, 120, 0, -1, -1.5707963267948966, 1.0
1, 91, 808, 653, 808, 657, 0, -4, -1.5707963267948966, 4.0
1, 92, 995, 219, 992, 216, 3, 3, 0.7853981633974483, 4.242640687119285
1, 93, 1147, 12, 1145, 11, 2, 1, 0.4636476090008061, 2.23606797749979
1, 94, 408, 195, 407, 192, 1, 3, 1.2490457723982544, 3.1622776601683795
1, 95, 872, 63, 872, 64, 0, -1, -1.5707963267948966, 1.0
1, 96, 312, 344, 312, 345, 0, -1, -1.5707963267948966, 1.0
1, 97, 280, 362, 278, 363, 2, -1, -0.4636476090008061, 2.23606797749979
1, 98, 330, 357, 330, 358, 0, -1, -1.5707963267948966, 1.0
1, 99, 293, 396, 293, 397, 0, -1, -1.5707963267948966, 1.0
1, 100, 1067, 22, 1065, 23, 2, -1, -0.4636476090008061, 2.23606797749979
1, 101, 1137, 142, 1135, 139, 2, 3, 0.982793723247329, 3.605551275463989
1, 102, 679, 155, 679, 154, 0, 1, 1.5707963267948966, 1.0
1, 103, 307, 339, 307, 340, 0, -1, -1.5707963267948966, 1.0
1, 104, 84, 643, 82, 641, 2, 2, 0.7853981633974483, 2.8284271247461903
1, 105, 387, 236, 386, 232, 1, 4, 1.3258176636680326, 4.123105625617661
1, 106, 802, 388, 804, 392, -2, -4, -2.0344439357957027, 4.47213595499958
1, 107, 1120, 78, 1120, 79, 0, -1, -1.5707963267948966, 1.0
1, 108, 554, 129, 553, 131, 1, -2, -1.1071487177940904, 2.23606797749979
1, 109, 336, 425, 336, 426, 0, -1, -1.5707963267948966, 1.0
1, 110, 253, 423, 253, 424, 0, -1, -1.5707963267948966, 1.0
1, 111, 599, 90, 599, 91, 0, -1, -1.5707963267948966, 1.0
1, 112, 588, 130, 588, 131, 0, -1, -1.5707963267948966, 1.0
1, 113, 483, 528, 483, 530, 0, -2, -1.5707963267948966, 2.0
1, 114, 83, 163, 83, 164, 0, -1, -1.5707963267948966, 1.0
1, 115, 622, 161, 622, 161, 0, 0, 0.0, 0.0
1, 116, 1077, 15, 1075, 16, 2, -1, -0.4636476090008061, 2.23606797749979
1, 117, 1002, 258, 1000, 256, 2, 2, 0.7853981633974483, 2.8284271247461903
1, 118, 1176, 56, 1174, 56, 2, 0, 0.0, 2.0
1, 119, 1026, 355, 1024, 352, 2, 3, 0.982793723247329, 3.605551275463989
1, 120, 817, 171, 817, 174, 0, -3, -1.5707963267948966, 3.0
1, 121, 88, 119, 88, 120, 0, -1, -1.5707963267948966, 1.0
1, 122, 212, 356, 214, 353, -2, 3, 2.158798930342464, 3.605551275463989
1, 123, 92, 162, 92, 163, 0, -1, -1.5707963267948966, 1.0
1, 124, 667, 131, 665, 130, 2, 1, 0.4636476090008061, 2.23606797749979
1, 125, 335, 384, 335, 385, 0, -1, -1.5707963267948966, 1.0
1, 126, 475, 432, 475, 436, 0, -4, -1.5707963267948966, 4.0
1, 127, 408, 269, 412, 267, -4, 2, 2.677945044588987, 4.47213595499958
1, 128, 523, 301, 521, 305, 2, -4, -1.1071487177940904, 4.47213595499958
1, 129, 181, 299, 184, 296, -3, 3, 2.356194490192345, 4.242640687119285
1, 130, 782, 336, 782, 341, 0, -5, -1.5707963267948966, 5.0
1, 131, 936, 113, 936, 114, 0, -1, -1.5707963267948966, 1.0
1, 132, 674, 79, 673, 78, 1, 1, 0.7853981633974483, 1.4142135623730951
1, 133, 1090, 80, 1089, 81, 1, -1, -0.7853981633974483, 1.4142135623730951
1, 134, 1247, 543, 1249, 545, -2, -2, -2.356194490192345, 2.8284271247461903
1, 135, 31, 560, 29, 558, 2, 2, 0.7853981633974483, 2.8284271247461903
1, 136, 620, 92, 617, 95, 3, -3, -0.7853981633974483, 4.242640687119285
1, 137, 1143, 186, 1143, 185, 0, 1, 1.5707963267948966, 1.0
1, 138, 929, 113, 929, 114, 0, -1, -1.5707963267948966, 1.0
1, 139, 584, 55, 585, 57, -1, -2, -2.0344439357957027, 2.23606797749979
1, 140, 258, 371, 256, 373, 2, -2, -0.7853981633974483, 2.8284271247461903
1, 141, 268, 87, 266, 87, 2, 0, 0.0, 2.0
1, 142, 510, 321, 510, 324, 0, -3, -1.5707963267948966, 3.0
1, 143, 1058, 74, 1057, 74, 1, 0, 0.0, 1.0
1, 144, 503, 252, 503, 259, 0, -7, -1.5707963267948966, 7.0
1, 145, 532, 388, 532, 389, 0, -1, -1.5707963267948966, 1.0
1, 146, 309, 381, 309, 382, 0, -1, -1.5707963267948966, 1.0
1, 147, 200, 361, 200, 358, 0, 3, 1.5707963267948966, 3.0
1, 148, 1127, 147, 1125, 145, 2, 2, 0.7853981633974483, 2.8284271247461903
1, 149, 743, 95, 743, 94, 0, 1, 1.5707963267948966, 1.0
1, 150, 554, 63, 554, 66, 0, -3, -1.5707963267948966, 3.0
1, 151, 1072, 55, 1071, 55, 1, 0, 0.0, 1.0
1, 152, 81, 624, 80, 625, 1, -1, -0.7853981633974483, 1.4142135623730951
1, 153, 296, 373, 296, 374, 0, -1, -1.5707963267948966, 1.0
1, 154, 1002, 327, 1000, 325, 2, 2, 0.7853981633974483, 2.8284271247461903
1, 155, 408, 176, 407, 175, 1, 1, 0.7853981633974483, 1.4142135623730951
1, 156, 76, 616, 74, 616, 2, 0, 0.0, 2.0
1, 157, 501, 67, 501, 71, 0, -4, -1.5707963267948966, 4.0
1, 158, 993, 584, 993, 585, 0, -1, -1.5707963267948966, 1.0
1, 159, 623, 52, 623, 53, 0, -1, -1.5707963267948966, 1.0
1, 160, 86, 148, 86, 149, 0, -1, -1.5707963267948966, 1.0
1, 161, 277, 369, 275, 370, 2, -1, -0.4636476090008061, 2.23606797749979
1, 162, 582, 122, 582, 123, 0, -1, -1.5707963267948966, 1.0
1, 163, 803, 128, 802, 130, 1, -2, -1.1071487177940904, 2.23606797749979
1, 164, 189, 299, 192, 296, -3, 3, 2.356194490192345, 4.242640687119285
1, 165, 280, 330, 279, 332, 1, -2, -1.1071487177940904, 2.23606797749979
1, 166, 975, 298, 973, 295, 2, 3, 0.982793723247329, 3.605551275463989
1, 167, 1261, 491, 1275, 493, -14, -2, -2.999695598985629, 14.142135623730951
1, 168, 510, 31, 511, 34, -1, -3, -1.892546881191539, 3.1622776601683795
1, 169, 1073, 79, 1073, 80, 0, -1, -1.5707963267948966, 1.0
1, 170, 270, 344, 268, 345, 2, -1, -0.4636476090008061, 2.23606797749979
2, 0, 830, 116, 830, 119, 0, -3, -1.5707963267948966, 3.0
2, 1, 984, 556, 986, 557, -2, -1, -2.677945044588987, 2.23606797749979
2, 2, 813, 93, 814, 96, -1, -3, -1.892546881191539, 3.1622776601683795
2, 3, 178, 308, 180, 307, -2, 1, 2.677945044588987, 2.23606797749979
2, 4, 799, 110, 800, 113, -1, -3, -1.892546881191539, 3.1622776601683795
2, 5, 998, 485, 1003, 486, -5, -1, -2.9441970937399127, 5.0990195135927845
2, 6, 847, 59, 847, 60, 0, -1, -1.5707963267948966, 1.0
2, 7, 545, 54, 545, 55, 0, -1, -1.5707963267948966, 1.0
2, 8, 508, 38, 509, 41, -1, -3, -1.892546881191539, 3.1622776601683795
2, 9, 743, 36, 743, 35, 0, 1, 1.5707963267948966, 1.0
2, 10, 612, 61, 611, 63, 1, -2, -1.1071487177940904, 2.23606797749979
2, 11, 819, 83, 819, 86, 0, -3, -1.5707963267948966, 3.0
2, 12, 480, 440, 480, 444, 0, -4, -1.5707963267948966, 4.0
2, 13, 390, 196, 390, 194, 0, 2, 1.5707963267948966, 2.0
2, 14, 603, 71, 603, 72, 0, -1, -1.5707963267948966, 1.0
2, 15, 821, 92, 821, 95, 0, -3, -1.5707963267948966, 3.0
2, 16, 1238, 543, 1241, 543, -3, 0, 3.141592653589793, 3.0
2, 17, 484, 168, 485, 172, -1, -4, -1.8157749899217608, 4.123105625617661
2, 18, 828, 135, 829, 139, -1, -4, -1.8157749899217608, 4.123105625617661
2, 19, 265, 353, 264, 354, 1, -1, -0.7853981633974483, 1.4142135623730951
2, 20, 770, 383, 771, 388, -1, -5, -1.7681918866447774, 5.0990195135927845
2, 21, 957, 33, 957, 34, 0, -1, -1.5707963267948966, 1.0
2, 22, 986, 472, 991, 472, -5, 0, 3.141592653589793, 5.0
2, 23, 509, 338, 508, 343, 1, -5, -1.373400766945016, 5.0990195135927845
2, 24, 676, 73, 676, 72, 0, 1, 1.5707963267948966, 1.0
2, 25, 78, 578, 76, 576, 2, 2, 0.7853981633974483, 2.8284271247461903
2, 26, 259, 361, 258, 362, 1, -1, -0.7853981633974483, 1.4142135623730951
2, 27, 496, 170, 497, 174, -1, -4, -1.8157749899217608, 4.123105625617661
2, 28, 276, 338, 276, 339, 0, -1, -1.5707963267948966, 1.0
2, 29, 516, 296, 515, 301, 1, -5, -1.373400766945016, 5.0990195135927845
2, 30, 617, 73, 616, 75, 1, -2, -1.1071487177940904, 2.23606797749979
2, 31, 967, 527, 970, 526, -3, 1, 2.819842099193151, 3.1622776601683795
2, 32, 991, 228, 989, 226, 2, 2, 0.7853981633974483, 2.8284271247461903
2, 33, 632, 123, 633, 121, -1, 2, 2.0344439357957027, 2.23606797749979
2, 34, 262, 402, 262, 403, 0, -1, -1.5707963267948966, 1.0
2, 35, 1152, 113, 1151, 111, 1, 2, 1.1071487177940904, 2.23606797749979
2, 36, 794, 388, 796, 392, -2, -4, -2.0344439357957027, 4.47213595499958
2, 37, 983, 489, 987, 489, -4, 0, 3.141592653589793, 4.0
2, 38, 492, 9, 492, 12, 0, -3, -1.5707963267948966, 3.0
2, 39, 982, 362, 981, 359, 1, 3, 1.2490457723982544, 3.1622776601683795
2, 40, 1096, 14, 1096, 14, 0, 0, 0.0, 0.0
2, 41, 463, 441, 463, 445, 0, -4, -1.5707963267948966, 4.0
2, 42, 303, 338, 303, 339, 0, -1, -1.5707963267948966, 1.0
2, 43, 1261, 538, 1277, 541, -16, -3, -2.9562447035940984, 16.278820596099706
2, 44, 607, 139, 607, 140, 0, -1, -1.5707963267948966, 1.0
2, 45, 1261, 93, 1267, 93, -6, 0, 3.141592653589793, 6.0
2, 46, 283, 353, 283, 354, 0, -1, -1.5707963267948966, 1.0
2, 47, 1004, 231, 1002, 230, 2, 1, 0.4636476090008061, 2.23606797749979
2, 48, 685, 86, 685, 85, 0, 1, 1.5707963267948966, 1.0
2, 49, 387, 140, 387, 139, 0, 1, 1.5707963267948966, 1.0
2, 50, 968, 563, 971, 563, -3, 0, 3.141592653589793, 3.0
2, 51, 287, 346, 287, 347, 0, -1, -1.5707963267948966, 1.0
2, 52, 765, 377, 766, 382, -1, -5, -1.7681918866447774, 5.0990195135927845
2, 53, 1134, 185, 1134, 185, 0, 0, 0.0, 0.0
2, 54, 817, 701, 818, 706, -1, -5, -1.7681918866447774, 5.0990195135927845
2, 55, 554, 129, 554, 131, 0, -2, -1.5707963267948966, 2.0
2, 56, 1123, 167, 1122, 164, 1, 3, 1.2490457723982544, 3.1622776601683795
2, 57, 968, 490, 972, 489, -4, 1, 2.896613990462929, 4.123105625617661
2, 58, 985, 319, 985, 320, 0, -1, -1.5707963267948966, 1.0
2, 59, 150, 32, 148, 36, 2, -4, -1.1071487177940904, 4.47213595499958
2, 60, 287, 359, 287, 360, 0, -1, -1.5707963267948966, 1.0
2, 61, 527, 307, 527, 312, 0, -5, -1.5707963267948966, 5.0
2, 62, 1224, 30, 1224, 31, 0, -1, -1.5707963267948966, 1.0
2, 63, 1180, 97, 1179, 96, 1, 1, 0.7853981633974483, 1.4142135623730951
2, 64, 806, 646, 807, 651, -1, -5, -1.7681918866447774, 5.0990195135927845
2, 65, 973, 265, 972, 264, 1, 1, 0.7853981633974483, 1.4142135623730951
2, 66, 815, 694, 816, 699, -1, -5, -1.7681918866447774, 5.0990195135927845
2, 67, 828, 99, 829, 102, -1, -3, -1.892546881191539, 3.1622776601683795
2, 68, 486, 155, 486, 159, 0, -4, -1.5707963267948966, 4.0
2, 69, 68, 90, 68, 91, 0, -1, -1.5707963267948966, 1.0
2, 70, 1146, 12, 1146, 12, 0, 0, 0.0, 0.0
2, 71, 283, 399, 283, 400, 0, -1, -1.5707963267948966, 1.0
2, 72, 1066, 78, 1066, 79, 0, -1, -1.5707963267948966, 1.0
2, 73, 736, 95, 736, 95, 0, 0, 0.0, 0.0
2, 74, 1020, 362, 1020, 360, 0, 2, 1.5707963267948966, 2.0
2, 75, 496, 242, 497, 244, -1, -2, -2.0344439357957027, 2.23606797749979
2, 76, 293, 395, 293, 396, 0, -1, -1.5707963267948966, 1.0
2, 77, 1140, 143, 1139, 141, 1, 2, 1.1071487177940904, 2.23606797749979
2, 78, 1067, 22, 1067, 22, 0, 0, 0.0, 0.0
2, 79, 680, 155, 680, 154, 0, 1, 1.5707963267948966, 1.0
2, 80, 783, 114, 782, 116, 1, -2, -1.1071487177940904, 2.23606797749979
2, 81, 597, 99, 597, 100, 0, -1, -1.5707963267948966, 1.0
2, 82, 996, 220, 994, 218, 2, 2, 0.7853981633974483, 2.8284271247461903
2, 83, 941, 119, 941, 120, 0, -1, -1.5707963267948966, 1.0
2, 84, 211, 381, 213, 377, -2, 4, 2.0344439357957027, 4.47213595499958
2, 85, 666, 132, 666, 131, 0, 1, 1.5707963267948966, 1.0
2, 86, 1064, 67, 1064, 67, 0, 0, 0.0, 0.0
2, 87, 253, 423, 253, 424, 0, -1, -1.5707963267948966, 1.0
2, 88, 489, 39, 490, 42, -1, -3, -1.892546881191539, 3.1622776601683795
2, 89, 1077, 15, 1077, 16, 0, -1, -1.5707963267948966, 1.0
2, 90, 1164, 114, 1163, 113, 1, 1, 0.7853981633974483, 1.4142135623730951
2, 91, 33, 563, 31, 561, 2, 2, 0.7853981633974483, 2.8284271247461903
2, 92, 1147, 19, 1146, 19, 1, 0, 0.0, 1.0
2, 93, 1176, 56, 1176, 56, 0, 0, 0.0, 0.0
2, 94, 83, 641, 83, 642, 0, -1, -1.5707963267948966, 1.0
2, 95, 477, 424, 477, 430, 0, -6, -1.5707963267948966, 6.0
2, 96, 1143, 50, 1142, 50, 1, 0, 0.0, 1.0
2, 97, 483, 529, 483, 530, 0, -1, -1.5707963267948966, 1.0
2, 98, 177, 361, 180, 359, -3, 2, 2.5535900500422257, 3.605551275463989
2, 99, 672, 153, 672, 152, 0, 1, 1.5707963267948966, 1.0
2, 100, 83, 163, 83, 164, 0, -1, -1.5707963267948966, 1.0
2, 101, 929, 113, 929, 114, 0, -1, -1.5707963267948966, 1.0
2, 102, 181, 299, 183, 298, -2, 1, 2.677945044588987, 2.23606797749979
2, 103, 736, 41, 736, 40, 0, 1, 1.5707963267948966, 1.0
2, 104, 1005, 259, 1003, 258, 2, 1, 0.4636476090008061, 2.23606797749979
2, 105, 988, 295, 987, 291, 1, 4, 1.3258176636680326, 4.123105625617661
2, 106, 1218, 114, 1218, 111, 0, 3, 1.5707963267948966, 3.0
2, 107, 805, 141, 805, 142, 0, -1, -1.5707963267948966, 1.0
2, 108, 387, 236, 387, 234, 0, 2, 1.5707963267948966, 2.0
2, 109, 601, 89, 601, 90, 0, -1, -1.5707963267948966, 1.0
2, 110, 92, 162, 92, 163, 0, -1, -1.5707963267948966, 1.0
2, 111, 408, 177, 408, 176, 0, 1, 1.5707963267948966, 1.0
2, 112, 408, 196, 408, 195, 0, 1, 1.5707963267948966, 1.0
2, 113, 745, 98, 745, 97, 0, 1, 1.5707963267948966, 1.0
2, 114, 781, 331, 782, 336, -1, -5, -1.7681918866447774, 5.0990195135927845
2, 115, 620, 162, 621, 161, -1, 1, 2.356194490192345, 1.4142135623730951
2, 116, 619, 91, 618, 93, 1, -2, -1.1071487177940904, 2.23606797749979
2, 117, 519, 396, 518, 400, 1, -4, -1.3258176636680326, 4.123105625617661
2, 118, 1072, 54, 1072, 55, 0, -1, -1.5707963267948966, 1.0
2, 119, 937, 112, 937, 113, 0, -1, -1.5707963267948966, 1.0
2, 120, 1091, 81, 1091, 81, 0, 0, 0.0, 0.0
2, 121, 279, 362, 279, 363, 0, -1, -1.5707963267948966, 1.0
2, 122, 258, 372, 257, 373, 1, -1, -0.7853981633974483, 1.4142135623730951
2, 123, 504, 247, 504, 250, 0, -3, -1.5707963267948966, 3.0
2, 124, 188, 299, 190, 298, -2, 1, 2.677945044588987, 2.23606797749979
2, 125, 280, 330, 280, 331, 0, -1, -1.5707963267948966, 1.0
2, 126, 297, 343, 297, 344, 0, -1, -1.5707963267948966, 1.0
2, 127, 523, 295, 523, 300, 0, -5, -1.5707963267948966, 5.0
2, 128, 999, 429, 999, 429, 0, 0, 0.0, 0.0
2, 129, 81, 623, 80, 624, 1, -1, -0.7853981633974483, 1.4142135623730951
2, 130, 1005, 251, 1003, 250, 2, 1, 0.4636476090008061, 2.23606797749979
2, 131, 267, 55, 266, 58, 1, -3, -1.2490457723982544, 3.1622776601683795
2, 132, 532, 386, 532, 387, 0, -1, -1.5707963267948966, 1.0
2, 133, 200, 371, 200, 367, 0, 4, 1.5707963267948966, 4.0
2, 134, 1151, 196, 1149, 192, 2, 4, 1.1071487177940904, 4.47213595499958
2, 135, 952, 585, 956, 585, -4, 0, 3.141592653589793, 4.0
2, 136, 514, 308, 513, 313, 1, -5, -1.373400766945016, 5.0990195135927845
3, 0, 830, 114, 830, 116, 0, -2, -1.5707963267948966, 2.0
3, 1, 982, 556, 984, 556, -2, 0, 3.141592653589793, 2.0
3, 2, 813, 90, 813, 93, 0, -3, -1.5707963267948966, 3.0
3, 3, 176, 310, 178, 308, -2, 2, 2.356194490192345, 2.8284271247461903
3, 4, 799, 107, 799, 110, 0, -3, -1.5707963267948966, 3.0
3, 5, 993, 485, 998, 485, -5, 0, 3.141592653589793, 5.0
3, 6, 847, 58, 847, 59, 0, -1, -1.5707963267948966, 1.0
3, 7, 545, 53, 545, 54, 0, -1, -1.5707963267948966, 1.0
3, 8, 508, 35, 508, 38, 0, -3, -1.5707963267948966, 3.0
3, 9, 743, 37, 743, 36, 0, 1, 1.5707963267948966, 1.0
3, 10, 613, 60, 612, 61, 1, -1, -0.7853981633974483, 1.4142135623730951
3, 11, 819, 80, 819, 83, 0, -3, -1.5707963267948966, 3.0
3, 12, 480, 436, 480, 440, 0, -4, -1.5707963267948966, 4.0
3, 13, 390, 197, 390, 196, 0, 1, 1.5707963267948966, 1.0
3, 14, 603, 70, 603, 71, 0, -1, -1.5707963267948966, 1.0
3, 15, 821, 89, 821, 92, 0, -3, -1.5707963267948966, 3.0
3, 16, 1236, 542, 1238, 543, -2, -1, -2.677945044588987, 2.23606797749979
3, 17, 483, 164, 484, 168, -1, -4, -1.8157749899217608, 4.123105625617661
3, 18, 827, 132, 828, 135, -1, -3, -1.892546881191539, 3.1622776601683795
3, 19, 266, 352, 265, 353, 1, -1, -0.7853981633974483, 1.4142135623730951
3, 20, 769, 378, 770, 383, -1, -5, -1.7681918866447774, 5.0990195135927845
3, 21, 957, 32, 957, 33, 0, -1, -1.5707963267948966, 1.0
3, 22, 981, 472, 986, 472, -5, 0, 3.141592653589793, 5.0
3, 23, 510, 333, 509, 338, 1, -5, -1.373400766945016, 5.0990195135927845
3, 24, 676, 74, 676, 73, 0, 1, 1.5707963267948966, 1.0
3, 25, 80, 580, 78, 578, 2, 2, 0.7853981633974483, 2.8284271247461903
3, 26, 259, 360, 259, 361, 0, -1, -1.5707963267948966, 1.0
3, 27, 495, 166, 496, 170, -1, -4, -1.8157749899217608, 4.123105625617661
3, 28, 276, 337, 276, 338, 0, -1, -1.5707963267948966, 1.0
3, 29, 516, 291, 516, 296, 0, -5, -1.5707963267948966, 5.0
3, 30, 618, 71, 617, 73, 1, -2, -1.1071487177940904, 2.23606797749979
3, 31, 964, 528, 967, 527, -3, 1, 2.819842099193151, 3.1622776601683795
3, 32, 993, 230, 991, 228, 2, 2, 0.7853981633974483, 2.8284271247461903
3, 33, 632, 125, 632, 123, 0, 2, 1.5707963267948966, 2.0
3, 34, 262, 401, 262, 402, 0, -1, -1.5707963267948966, 1.0
3, 35, 1153, 115, 1152, 113, 1, 2, 1.1071487177940904, 2.23606797749979
3, 36, 793, 384, 794, 388, -1, -4, -1.8157749899217608, 4.123105625617661
3, 37, 978, 489, 983, 489, -5, 0, 3.141592653589793, 5.0
3, 38, 983, 364, 982, 362, 1, 2, 1.1071487177940904, 2.23606797749979
3, 39, 1096, 14, 1096, 14, 0, 0, 0.0, 0.0
3, 40, 462, 438, 463, 441, -1, -3, -1.892546881191539, 3.1622776601683795
3, 41, 303, 337, 303, 338, 0, -1, -1.5707963267948966, 1.0
3, 42, 1257, 534, 1261, 538, -4, -4, -2.356194490192345, 5.656854249492381
3, 43, 607, 138, 607, 139, 0, -1, -1.5707963267948966, 1.0
3, 44, 1261, 93, 1261, 93, 0, 0, 0.0, 0.0
3, 45, 283, 352, 283, 353, 0, -1, -1.5707963267948966, 1.0
3, 46, 1006, 232, 1004, 231, 2, 1, 0.4636476090008061, 2.23606797749979
3, 47, 685, 87, 685, 86, 0, 1, 1.5707963267948966, 1.0
3, 48, 387, 142, 387, 140, 0, 2, 1.5707963267948966, 2.0
3, 49, 965, 563, 968, 563, -3, 0, 3.141592653589793, 3.0
3, 50, 287, 345, 287, 346, 0, -1, -1.5707963267948966, 1.0
3, 51, 764, 372, 765, 377, -1, -5, -1.7681918866447774, 5.0990195135927845
3, 52, 1134, 184, 1134, 185, 0, -1, -1.5707963267948966, 1.0
3, 53, 816, 699, 817, 701, -1, -2, -2.0344439357957027, 2.23606797749979
3, 54, 554, 127, 554, 129, 0, -2, -1.5707963267948966, 2.0
3, 55, 1124, 170, 1123, 167, 1, 3, 1.2490457723982544, 3.1622776601683795
3, 56, 964, 491, 968, 490, -4, 1, 2.896613990462929, 4.123105625617661
3, 57, 985, 318, 985, 319, 0, -1, -1.5707963267948966, 1.0
3, 58, 153, 29, 150, 32, 3, -3, -0.7853981633974483, 4.242640687119285
3, 59, 287, 358, 287, 359, 0, -1, -1.5707963267948966, 1.0
3, 60, 527, 302, 527, 307, 0, -5, -1.5707963267948966, 5.0
3, 61, 1224, 29, 1224, 30, 0, -1, -1.5707963267948966, 1.0
3, 62, 1181, 98, 1180, 97, 1, 1, 0.7853981633974483, 1.4142135623730951
3, 63, 805, 641, 806, 646, -1, -5, -1.7681918866447774, 5.0990195135927845
3, 64, 974, 266, 973, 265, 1, 1, 0.7853981633974483, 1.4142135623730951
3, 65, 814, 692, 815, 694, -1, -2, -2.0344439357957027, 2.23606797749979
3, 66, 828, 97, 828, 99, 0, -2, -1.5707963267948966, 2.0
3, 67, 486, 151, 486, 155, 0, -4, -1.5707963267948966, 4.0
3, 68, 68, 89, 68, 90, 0, -1, -1.5707963267948966, 1.0
3, 69, 1146, 12, 1146, 12, 0, 0, 0.0, 0.0
3, 70, 283, 398, 283, 399, 0, -1, -1.5707963267948966, 1.0
3, 71, 1066, 77, 1066, 78, 0, -1, -1.5707963267948966, 1.0
3, 72, 736, 95, 736, 95, 0, 0, 0.0, 0.0
3, 73, 1021, 365, 1020, 362, 1, 3, 1.2490457723982544, 3.1622776601683795
3, 74, 496, 241, 496, 242, 0, -1, -1.5707963267948966, 1.0
3, 75, 293, 394, 293, 395, 0, -1, -1.5707963267948966, 1.0
3, 76, 1141, 146, 1140, 143, 1, 3, 1.2490457723982544, 3.1622776601683795
3, 77, 1067, 22, 1067, 22, 0, 0, 0.0, 0.0
3, 78, 680, 156, 680, 155, 0, 1, 1.5707963267948966, 1.0
3, 79, 784, 112, 783, 114, 1, -2, -1.1071487177940904, 2.23606797749979
3, 80, 597, 98, 597, 99, 0, -1, -1.5707963267948966, 1.0
3, 81, 998, 222, 996, 220, 2, 2, 0.7853981633974483, 2.8284271247461903
3, 82, 941, 118, 941, 119, 0, -1, -1.5707963267948966, 1.0
3, 83, 210, 384, 211, 381, -1, 3, 1.892546881191539, 3.1622776601683795
3, 84, 666, 133, 666, 132, 0, 1, 1.5707963267948966, 1.0
3, 85, 1064, 67, 1064, 67, 0, 0, 0.0, 0.0
3, 86, 253, 422, 253, 423, 0, -1, -1.5707963267948966, 1.0
3, 87, 488, 36, 489, 39, -1, -3, -1.892546881191539, 3.1622776601683795
3, 88, 1077, 15, 1077, 15, 0, 0, 0.0, 0.0
3, 89, 1165, 116, 1164, 114, 1, 2, 1.1071487177940904, 2.23606797749979
3, 90, 34, 564, 33, 563, 1, 1, 0.7853981633974483, 1.4142135623730951
3, 91, 1147, 19, 1147, 19, 0, 0, 0.0, 0.0
3, 92, 1176, 57, 1176, 56, 0, 1, 1.5707963267948966, 1.0
3, 93, 83, 640, 83, 641, 0, -1, -1.5707963267948966, 1.0
3, 94, 477, 418, 477, 424, 0, -6, -1.5707963267948966, 6.0
3, 95, 1144, 50, 1143, 50, 1, 0, 0.0, 1.0
3, 96, 483, 527, 483, 529, 0, -2, -1.5707963267948966, 2.0
3, 97, 175, 363, 177, 361, -2, 2, 2.356194490192345, 2.8284271247461903
3, 98, 672, 154, 672, 153, 0, 1, 1.5707963267948966, 1.0
3, 99, 929, 112, 929, 113, 0, -1, -1.5707963267948966, 1.0
3, 100, 179, 301, 181, 299, -2, 2, 2.356194490192345, 2.8284271247461903
3, 101, 736, 42, 736, 41, 0, 1, 1.5707963267948966, 1.0
3, 102, 1007, 261, 1005, 259, 2, 2, 0.7853981633974483, 2.8284271247461903
3, 103, 989, 299, 988, 295, 1, 4, 1.3258176636680326, 4.123105625617661
3, 104, 1218, 116, 1218, 114, 0, 2, 1.5707963267948966, 2.0
3, 105, 805, 140, 805, 141, 0, -1, -1.5707963267948966, 1.0
3, 106, 387, 238, 387, 236, 0, 2, 1.5707963267948966, 2.0
3, 107, 601, 88, 601, 89, 0, -1, -1.5707963267948966, 1.0
3, 108, 408, 179, 408, 177, 0, 2, 1.5707963267948966, 2.0
3, 109, 408, 198, 408, 196, 0, 2, 1.5707963267948966, 2.0
3, 110, 745, 98, 745, 98, 0, 0, 0.0, 0.0
3, 111, 780, 326, 781, 331, -1, -5, -1.7681918866447774, 5.0990195135927845
3, 112, 620, 163, 620, 162, 0, 1, 1.5707963267948966, 1.0
3, 113, 621, 89, 619, 91, 2, -2, -0.7853981633974483, 2.8284271247461903
3, 114, 520, 393, 519, 396, 1, -3, -1.2490457723982544, 3.1622776601683795
3, 115, 1072, 54, 1072, 54, 0, 0, 0.0, 0.0
3, 116, 937, 111, 937, 112, 0, -1, -1.5707963267948966, 1.0
3, 117, 1091, 80, 1091, 81, 0, -1, -1.5707963267948966, 1.0
3, 118, 280, 361, 279, 362, 1, -1, -0.7853981633974483, 1.4142135623730951
3, 119, 258, 371, 258, 372, 0, -1, -1.5707963267948966, 1.0
3, 120, 504, 245, 504, 247, 0, -2, -1.5707963267948966, 2.0
3, 121, 186, 300, 188, 299, -2, 1, 2.677945044588987, 2.23606797749979
3, 122, 280, 329, 280, 330, 0, -1, -1.5707963267948966, 1.0
3, 123, 297, 342, 297, 343, 0, -1, -1.5707963267948966, 1.0
3, 124, 524, 290, 523, 295, 1, -5, -1.373400766945016, 5.0990195135927845
3, 125, 999, 428, 999, 429, 0, -1, -1.5707963267948966, 1.0
3, 126, 82, 622, 81, 623, 1, -1, -0.7853981633974483, 1.4142135623730951
3, 127, 1007, 253, 1005, 251, 2, 2, 0.7853981633974483, 2.8284271247461903
3, 128, 268, 52, 267, 55, 1, -3, -1.2490457723982544, 3.1622776601683795
3, 129, 532, 385, 532, 386, 0, -1, -1.5707963267948966, 1.0
3, 130, 200, 373, 200, 371, 0, 2, 1.5707963267948966, 2.0
3, 131, 1153, 198, 1151, 196, 2, 2, 0.7853981633974483, 2.8284271247461903
3, 132, 948, 585, 952, 585, -4, 0, 3.141592653589793, 4.0
3, 133, 515, 303, 514, 308, 1, -5, -1.373400766945016, 5.0990195135927845
4, 0, 831, 115, 831, 117, 0, -2, -1.5707963267948966, 2.0
4, 1, 265, 352, 265, 353, 0, -1, -1.5707963267948966, 1.0
4, 2, 800, 108, 800, 111, 0, -3, -1.5707963267948966, 3.0
4, 3, 820, 82, 820, 84, 0, -2, -1.5707963267948966, 2.0
4, 4, 743, 39, 743, 37, 0, 2, 1.5707963267948966, 2.0
4, 5, 814, 92, 814, 94, 0, -2, -1.5707963267948966, 2.0
4, 6, 176, 311, 178, 309, -2, 2, 2.356194490192345, 2.8284271247461903
4, 7, 815, 694, 817, 697, -2, -3, -2.158798930342464, 3.605551275463989
4, 8, 847, 58, 847, 59, 0, -1, -1.5707963267948966, 1.0
4, 9, 815, 688, 816, 690, -1, -2, -2.0344439357957027, 2.23606797749979
4, 10, 277, 338, 277, 339, 0, -1, -1.5707963267948966, 1.0
4, 11, 545, 53, 545, 54, 0, -1, -1.5707963267948966, 1.0
4, 12, 481, 433, 481, 437, 0, -4, -1.5707963267948966, 4.0
4, 13, 391, 197, 391, 196, 0, 1, 1.5707963267948966, 1.0
4, 14, 262, 401, 262, 402, 0, -1, -1.5707963267948966, 1.0
4, 15, 827, 134, 828, 137, -1, -3, -1.892546881191539, 3.1622776601683795
4, 16, 606, 68, 605, 70, 1, -2, -1.1071487177940904, 2.23606797749979
4, 17, 484, 162, 484, 166, 0, -4, -1.5707963267948966, 4.0
4, 18, 614, 60, 613, 62, 1, -2, -1.1071487177940904, 2.23606797749979
4, 19, 1261, 533, 1271, 535, -10, -2, -2.9441970937399127, 10.198039027185569
4, 20, 516, 291, 516, 296, 0, -5, -1.5707963267948966, 5.0
4, 21, 981, 558, 983, 558, -2, 0, 3.141592653589793, 2.0
4, 22, 510, 333, 510, 338, 0, -5, -1.5707963267948966, 5.0
4, 23, 957, 33, 957, 34, 0, -1, -1.5707963267948966, 1.0
4, 24, 994, 486, 999, 486, -5, 0, 3.141592653589793, 5.0
4, 25, 993, 230, 991, 228, 2, 2, 0.7853981633974483, 2.8284271247461903
4, 26, 286, 347, 286, 348, 0, -1, -1.5707963267948966, 1.0
4, 27, 998, 538, 1001, 539, -3, -1, -2.819842099193151, 3.1622776601683795
4, 28, 337, 374, 337, 375, 0, -1, -1.5707963267948966, 1.0
4, 29, 677, 74, 677, 73, 0, 1, 1.5707963267948966, 1.0
4, 30, 79, 581, 78, 579, 1, 2, 1.1071487177940904, 2.23606797749979
4, 31, 1180, 100, 1180, 98, 0, 2, 1.5707963267948966, 2.0
4, 32, 495, 161, 496, 165, -1, -4, -1.8157749899217608, 4.123105625617661
4, 33, 981, 472, 986, 472, -5, 0, 3.141592653589793, 5.0
4, 34, 632, 126, 633, 124, -1, 2, 2.0344439357957027, 2.23606797749979
4, 35, 508, 34, 508, 37, 0, -3, -1.5707963267948966, 3.0
4, 36, 1241, 541, 1243, 542, -2, -1, -2.677945044588987, 2.23606797749979
4, 37, 463, 435, 464, 438, -1, -3, -1.892546881191539, 3.1622776601683795
4, 38, 1097, 14, 1097, 14, 0, 0, 0.0, 0.0
4, 39, 1153, 116, 1152, 114, 1, 2, 1.1071487177940904, 2.23606797749979
4, 40, 983, 363, 982, 361, 1, 2, 1.1071487177940904, 2.23606797749979
4, 41, 282, 356, 282, 357, 0, -1, -1.5707963267948966, 1.0
4, 42, 259, 361, 259, 362, 0, -1, -1.5707963267948966, 1.0
4, 43, 963, 529, 967, 528, -4, 1, 2.896613990462929, 4.123105625617661
4, 44, 608, 137, 608, 139, 0, -2, -1.5707963267948966, 2.0
4, 45, 174, 363, 177, 361, -3, 2, 2.5535900500422257, 3.605551275463989
4, 46, 387, 143, 387, 141, 0, 2, 1.5707963267948966, 2.0
4, 47, 686, 87, 686, 86, 0, 1, 1.5707963267948966, 1.0
4, 48, 502, 9, 502, 10, 0, -1, -1.5707963267948966, 1.0
4, 49, 284, 398, 284, 399, 0, -1, -1.5707963267948966, 1.0
4, 50, 600, 98, 600, 99, 0, -1, -1.5707963267948966, 1.0
4, 51, 1125, 172, 1124, 169, 1, 3, 1.2490457723982544, 3.1622776601683795
4, 52, 618, 71, 617, 73, 1, -2, -1.1071487177940904, 2.23606797749979
4, 53, 1261, 94, 1268, 94, -7, 0, 3.141592653589793, 7.0
4, 54, 1064, 68, 1064, 68, 0, 0, 0.0, 0.0
4, 55, 828, 98, 829, 100, -1, -2, -2.0344439357957027, 2.23606797749979
4, 56, 986, 319, 985, 319, 1, 0, 0.0, 1.0
4, 57, 1067, 77, 1067, 78, 0, -1, -1.5707963267948966, 1.0
4, 58, 978, 490, 983, 490, -5, 0, 3.141592653589793, 5.0
4, 59, 962, 491, 966, 490, -4, 1, 2.896613990462929, 4.123105625617661
4, 60, 672, 160, 672, 159, 0, 1, 1.5707963267948966, 1.0
4, 61, 806, 639, 807, 644, -1, -5, -1.7681918866447774, 5.0990195135927845
4, 62, 302, 338, 302, 339, 0, -1, -1.5707963267948966, 1.0
4, 63, 1134, 184, 1134, 185, 0, -1, -1.5707963267948966, 1.0
4, 64, 153, 30, 151, 33, 2, -3, -0.982793723247329, 3.605551275463989
4, 65, 199, 402, 199, 403, 0, -1, -1.5707963267948966, 1.0
4, 66, 1225, 29, 1225, 30, 0, -1, -1.5707963267948966, 1.0
4, 67, 528, 302, 528, 307, 0, -5, -1.5707963267948966, 5.0
4, 68, 675, 82, 675, 80, 0, 2, 1.5707963267948966, 2.0
4, 69, 552, 128, 553, 130, -1, -2, -2.0344439357957027, 2.23606797749979
4, 70, 1006, 233, 1004, 231, 2, 2, 0.7853981633974483, 2.8284271247461903
4, 71, 642, 197, 642, 198, 0, -1, -1.5707963267948966, 1.0
4, 72, 290, 358, 290, 359, 0, -1, -1.5707963267948966, 1.0
4, 73, 1166, 118, 1165, 116, 1, 2, 1.1071487177940904, 2.23606797749979
4, 74, 1147, 12, 1147, 12, 0, 0, 0.0, 0.0
4, 75, 736, 94, 737, 94, -1, 0, 3.141592653589793, 1.0
4, 76, 34, 564, 33, 563, 1, 1, 0.7853981633974483, 1.4142135623730951
4, 77, 1068, 21, 1068, 22, 0, -1, -1.5707963267948966, 1.0
4, 78, 293, 395, 293, 396, 0, -1, -1.5707963267948966, 1.0
4, 79, 941, 118, 941, 119, 0, -1, -1.5707963267948966, 1.0
4, 80, 497, 241, 497, 243, 0, -2, -1.5707963267948966, 2.0
4, 81, 1147, 18, 1147, 19, 0, -1, -1.5707963267948966, 1.0
4, 82, 784, 112, 783, 114, 1, -2, -1.1071487177940904, 2.23606797749979
4, 83, 764, 371, 765, 376, -1, -5, -1.7681918866447774, 5.0990195135927845
4, 84, 487, 151, 487, 155, 0, -4, -1.5707963267948966, 4.0
4, 85, 210, 392, 211, 389, -1, 3, 1.892546881191539, 3.1622776601683795
4, 86, 965, 563, 968, 563, -3, 0, 3.141592653589793, 3.0
4, 87, 201, 381, 202, 378, -1, 3, 1.892546881191539, 3.1622776601683795
4, 88, 1078, 15, 1078, 16, 0, -1, -1.5707963267948966, 1.0
4, 89, 253, 422, 253, 423, 0, -1, -1.5707963267948966, 1.0
4, 90, 1140, 146, 1140, 143, 0, 3, 1.5707963267948966, 3.0
4, 91, 1145, 50, 1144, 50, 1, 0, 0.0, 1.0
4, 92, 667, 135, 667, 133, 0, 2, 1.5707963267948966, 2.0
4, 93, 744, 100, 745, 100, -1, 0, 3.141592653589793, 1.0
4, 94, 680, 154, 680, 153, 0, 1, 1.5707963267948966, 1.0
4, 95, 998, 222, 996, 220, 2, 2, 0.7853981633974483, 2.8284271247461903
4, 96, 1177, 58, 1177, 57, 0, 1, 1.5707963267948966, 1.0
4, 97, 619, 162, 620, 161, -1, 1, 2.356194490192345, 1.4142135623730951
4, 98, 801, 701, 805, 714, -4, -13, -1.8692952583810758, 13.601470508735444
4, 99, 179, 303, 181, 300, -2, 3, 2.158798930342464, 3.605551275463989
4, 100, 263, 86, 263, 87, 0, -1, -1.5707963267948966, 1.0
4, 101, 210, 367, 212, 365, -2, 2, 2.356194490192345, 2.8284271247461903
4, 102, 1005, 222, 1003, 220, 2, 2, 0.7853981633974483, 2.8284271247461903
4, 103, 1261, 480, 1267, 484, -6, -4, -2.5535900500422257, 7.211102550927978
4, 104, 782, 327, 782, 332, 0, -5, -1.5707963267948966, 5.0
4, 105, 929, 112, 929, 113, 0, -1, -1.5707963267948966, 1.0
4, 106, 265, 55, 264, 57, 1, -2, -1.1071487177940904, 2.23606797749979
4, 107, 476, 417, 477, 423, -1, -6, -1.7359450042095235, 6.082762530298219
4, 108, 619, 127, 619, 128, 0, -1, -1.5707963267948966, 1.0
4, 109, 813, 166, 813, 168, 0, -2, -1.5707963267948966, 2.0
4, 110, 505, 197, 505, 197, 0, 0, 0.0, 0.0
4, 111, 387, 238, 387, 236, 0, 2, 1.5707963267948966, 2.0
4, 112, 769, 381, 770, 384, -1, -3, -1.892546881191539, 3.1622776601683795
4, 113, 259, 371, 259, 372, 0, -1, -1.5707963267948966, 1.0
4, 114, 937, 112, 937, 113, 0, -1, -1.5707963267948966, 1.0
4, 115, 1258, 493, 1262, 495, -4, -2, -2.677945044588987, 4.47213595499958
4, 116, 1007, 254, 1005, 252, 2, 2, 0.7853981633974483, 2.8284271247461903
4, 117, 483, 528, 483, 529, 0, -1, -1.5707963267948966, 1.0
4, 118, 1072, 56, 1072, 57, 0, -1, -1.5707963267948966, 1.0
4, 119, 1007, 262, 1005, 260, 2, 2, 0.7853981633974483, 2.8284271247461903
4, 120, 793, 386, 794, 390, -1, -4, -1.8157749899217608, 4.123105625617661
4, 121, 270, 343, 270, 344, 0, -1, -1.5707963267948966, 1.0
4, 122, 489, 36, 490, 40, -1, -4, -1.8157749899217608, 4.123105625617661
4, 123, 409, 178, 409, 177, 0, 1, 1.5707963267948966, 1.0
4, 124, 1220, 115, 1219, 113, 1, 2, 1.1071487177940904, 2.23606797749979
4, 125, 515, 11, 513, 11, 2, 0, 0.0, 2.0
4, 126, 470, 538, 470, 544, 0, -6, -1.5707963267948966, 6.0
4, 127, 278, 368, 277, 369, 1, -1, -0.7853981633974483, 1.4142135623730951
4, 128, 1091, 81, 1091, 81, 0, 0, 0.0, 0.0
4, 129, 186, 302, 188, 300, -2, 2, 2.356194490192345, 2.8284271247461903
4, 130, 513, 310, 513, 315, 0, -5, -1.5707963267948966, 5.0
4, 131, 994, 585, 994, 586, 0, -1, -1.5707963267948966, 1.0
4, 132, 297, 343, 297, 344, 0, -1, -1.5707963267948966, 1.0
4, 133, 799, 381, 800, 385, -1, -4, -1.8157749899217608, 4.123105625617661
4, 134, 408, 198, 408, 197, 0, 1, 1.5707963267948966, 1.0
4, 135, 532, 386, 532, 387, 0, -1, -1.5707963267948966, 1.0
4, 136, 519, 386, 519, 390, 0, -4, -1.5707963267948966, 4.0
4, 137, 1133, 151, 1132, 148, 1, 3, 1.2490457723982544, 3.1622776601683795
4, 138, 773, 678, 774, 681, -1, -3, -1.892546881191539, 3.1622776601683795
4, 139, 547, 348, 547, 352, 0, -4, -1.5707963267948966, 4.0
4, 140, 543, 60, 543, 61, 0, -1, -1.5707963267948966, 1.0
5, 0, 831, 113, 831, 115, 0, -2, -1.5707963267948966, 2.0
5, 1, 265, 351, 265, 352, 0, -1, -1.5707963267948966, 1.0
5, 2, 800, 105, 800, 108, 0, -3, -1.5707963267948966, 3.0
5, 3, 819, 80, 820, 82, -1, -2, -2.0344439357957027, 2.23606797749979
5, 4, 743, 40, 743, 39, 0, 1, 1.5707963267948966, 1.0
5, 5, 813, 90, 814, 92, -1, -2, -2.0344439357957027, 2.23606797749979
5, 6, 174, 313, 176, 311, -2, 2, 2.356194490192345, 2.8284271247461903
5, 7, 813, 691, 815, 694, -2, -3, -2.158798930342464, 3.605551275463989
5, 8, 847, 57, 847, 58, 0, -1, -1.5707963267948966, 1.0
5, 9, 813, 685, 815, 688, -2, -3, -2.158798930342464, 3.605551275463989
5, 10, 277, 337, 277, 338, 0, -1, -1.5707963267948966, 1.0
5, 11, 545, 52, 545, 53, 0, -1, -1.5707963267948966, 1.0
5, 12, 481, 429, 481, 433, 0, -4, -1.5707963267948966, 4.0
5, 13, 391, 197, 391, 197, 0, 0, 0.0, 0.0
5, 14, 262, 400, 262, 401, 0, -1, -1.5707963267948966, 1.0
5, 15, 826, 132, 827, 134, -1, -2, -2.0344439357957027, 2.23606797749979
5, 16, 607, 66, 606, 68, 1, -2, -1.1071487177940904, 2.23606797749979
5, 17, 483, 159, 484, 162, -1, -3, -1.892546881191539, 3.1622776601683795
5, 18, 615, 58, 614, 60, 1, -2, -1.1071487177940904, 2.23606797749979
5, 19, 1258, 531, 1261, 533, -3, -2, -2.5535900500422257, 3.605551275463989
5, 20, 516, 286, 516, 291, 0, -5, -1.5707963267948966, 5.0
5, 21, 978, 557, 981, 558, -3, -1, -2.819842099193151, 3.1622776601683795
5, 22, 510, 328, 510, 333, 0, -5, -1.5707963267948966, 5.0
5, 23, 957, 32, 957, 33, 0, -1, -1.5707963267948966, 1.0
5, 24, 989, 487, 994, 486, -5, 1, 2.9441970937399127, 5.0990195135927845
5, 25, 995, 232, 993, 230, 2, 2, 0.7853981633974483, 2.8284271247461903
5, 26, 286, 346, 286, 347, 0, -1, -1.5707963267948966, 1.0
5, 27, 994, 537, 998, 538, -4, -1, -2.896613990462929, 4.123105625617661
5, 28, 337, 373, 337, 374, 0, -1, -1.5707963267948966, 1.0
5, 29, 677, 76, 677, 74, 0, 2, 1.5707963267948966, 2.0
5, 30, 80, 582, 79, 581, 1, 1, 0.7853981633974483, 1.4142135623730951
5, 31, 1180, 101, 1180, 100, 0, 1, 1.5707963267948966, 1.0
5, 32, 494, 158, 495, 161, -1, -3, -1.892546881191539, 3.1622776601683795
5, 33, 976, 472, 981, 472, -5, 0, 3.141592653589793, 5.0
5, 34, 631, 127, 632, 126, -1, 1, 2.356194490192345, 1.4142135623730951
5, 35, 508, 31, 508, 34, 0, -3, -1.5707963267948966, 3.0
5, 36, 1239, 540, 1241, 541, -2, -1, -2.677945044588987, 2.23606797749979
5, 37, 462, 431, 463, 435, -1, -4, -1.8157749899217608, 4.123105625617661
5, 38, 1097, 13, 1097, 14, 0, -1, -1.5707963267948966, 1.0
5, 39, 1154, 118, 1153, 116, 1, 2, 1.1071487177940904, 2.23606797749979
5, 40, 984, 365, 983, 363, 1, 2, 1.1071487177940904, 2.23606797749979
5, 41, 282, 355, 282, 356, 0, -1, -1.5707963267948966, 1.0
5, 42, 259, 360, 259, 361, 0, -1, -1.5707963267948966, 1.0
5, 43, 959, 529, 963, 529, -4, 0, 3.141592653589793, 4.0
5, 44, 608, 136, 608, 137, 0, -1, -1.5707963267948966, 1.0
5, 45, 171, 365, 174, 363, -3, 2, 2.5535900500422257, 3.605551275463989
5, 46, 387, 145, 387, 143, 0, 2, 1.5707963267948966, 2.0
5, 47, 686, 88, 686, 87, 0, 1, 1.5707963267948966, 1.0
5, 48, 284, 397, 284, 398, 0, -1, -1.5707963267948966, 1.0
5, 49, 600, 96, 600, 98, 0, -2, -1.5707963267948966, 2.0
5, 50, 1126, 173, 1125, 172, 1, 1, 0.7853981633974483, 1.4142135623730951
5, 51, 619, 68, 618, 71, 1, -3, -1.2490457723982544, 3.1622776601683795
5, 52, 1261, 94, 1261, 94, 0, 0, 0.0, 0.0
5, 53, 1064, 69, 1064, 68, 0, 1, 1.5707963267948966, 1.0
5, 54, 828, 96, 828, 98, 0, -2, -1.5707963267948966, 2.0
5, 55, 987, 319, 986, 319, 1, 0, 0.0, 1.0
5, 56, 1067, 77, 1067, 77, 0, 0, 0.0, 0.0
5, 57, 973, 490, 978, 490, -5, 0, 3.141592653589793, 5.0
5, 58, 958, 492, 962, 491, -4, 1, 2.896613990462929, 4.123105625617661
5, 59, 673, 161, 672, 160, 1, 1, 0.7853981633974483, 1.4142135623730951
5, 60, 806, 635, 806, 639, 0, -4, -1.5707963267948966, 4.0
5, 61, 302, 337, 302, 338, 0, -1, -1.5707963267948966, 1.0
5, 62, 1134, 184, 1134, 184, 0, 0, 0.0, 0.0
5, 63, 156, 27, 153, 30, 3, -3, -0.7853981633974483, 4.242640687119285
5, 64, 199, 402, 199, 402, 0, 0, 0.0, 0.0
5, 65, 528, 297, 528, 302, 0, -5, -1.5707963267948966, 5.0
5, 66, 675, 84, 675, 82, 0, 2, 1.5707963267948966, 2.0
5, 67, 551, 126, 552, 128, -1, -2, -2.0344439357957027, 2.23606797749979
5, 68, 1008, 235, 1006, 233, 2, 2, 0.7853981633974483, 2.8284271247461903
5, 69, 642, 197, 642, 197, 0, 0, 0.0, 0.0
5, 70, 290, 357, 290, 358, 0, -1, -1.5707963267948966, 1.0
5, 71, 1166, 120, 1166, 118, 0, 2, 1.5707963267948966, 2.0
5, 72, 1147, 11, 1147, 12, 0, -1, -1.5707963267948966, 1.0
5, 73, 735, 94, 736, 94, -1, 0, 3.141592653589793, 1.0
5, 74, 35, 565, 34, 564, 1, 1, 0.7853981633974483, 1.4142135623730951
5, 75, 1068, 20, 1068, 21, 0, -1, -1.5707963267948966, 1.0
5, 76, 293, 394, 293, 395, 0, -1, -1.5707963267948966, 1.0
5, 77, 941, 117, 941, 118, 0, -1, -1.5707963267948966, 1.0
5, 78, 496, 239, 497, 241, -1, -2, -2.0344439357957027, 2.23606797749979
5, 79, 1147, 17, 1147, 18, 0, -1, -1.5707963267948966, 1.0
5, 80, 785, 110, 784, 112, 1, -2, -1.1071487177940904, 2.23606797749979
5, 81, 763, 366, 764, 371, -1, -5, -1.7681918866447774, 5.0990195135927845
5, 82, 486, 148, 487, 151, -1, -3, -1.892546881191539, 3.1622776601683795
5, 83, 209, 396, 210, 392, -1, 4, 1.8157749899217608, 4.123105625617661
5, 84, 961, 563, 965, 563, -4, 0, 3.141592653589793, 4.0
5, 85, 201, 383, 201, 381, 0, 2, 1.5707963267948966, 2.0
5, 86, 1078, 14, 1078, 15, 0, -1, -1.5707963267948966, 1.0
5, 87, 1141, 148, 1140, 146, 1, 2, 1.1071487177940904, 2.23606797749979
5, 88, 1145, 50, 1145, 50, 0, 0, 0.0, 0.0
5, 89, 668, 137, 667, 135, 1, 2, 1.1071487177940904, 2.23606797749979
5, 90, 743, 101, 744, 100, -1, 1, 2.356194490192345, 1.4142135623730951
5, 91, 680, 154, 680, 154, 0, 0, 0.0, 0.0
5, 92, 1000, 225, 998, 222, 2, 3, 0.982793723247329, 3.605551275463989
5, 93, 1177, 59, 1177, 58, 0, 1, 1.5707963267948966, 1.0
5, 94, 618, 164, 619, 162, -1, 2, 2.0344439357957027, 2.23606797749979
5, 95, 798, 697, 801, 701, -3, -4, -2.214297435588181, 5.0
5, 96, 177, 305, 179, 303, -2, 2, 2.356194490192345, 2.8284271247461903
5, 97, 263, 85, 263, 86, 0, -1, -1.5707963267948966, 1.0
5, 98, 209, 369, 210, 367, -1, 2, 2.0344439357957027, 2.23606797749979
5, 99, 1007, 225, 1005, 222, 2, 3, 0.982793723247329, 3.605551275463989
5, 100, 1257, 477, 1261, 480, -4, -3, -2.498091544796509, 5.0
5, 101, 782, 322, 782, 327, 0, -5, -1.5707963267948966, 5.0
5, 102, 266, 54, 265, 55, 1, -1, -0.7853981633974483, 1.4142135623730951
5, 103, 475, 411, 476, 417, -1, -6, -1.7359450042095235, 6.082762530298219
5, 104, 619, 126, 619, 127, 0, -1, -1.5707963267948966, 1.0
5, 105, 812, 164, 813, 166, -1, -2, -2.0344439357957027, 2.23606797749979
5, 106, 505, 196, 505, 197, 0, -1, -1.5707963267948966, 1.0
5, 107, 387, 240, 387, 238, 0, 2, 1.5707963267948966, 2.0
5, 108, 768, 378, 769, 381, -1, -3, -1.892546881191539, 3.1622776601683795
5, 109, 259, 370, 259, 371, 0, -1, -1.5707963267948966, 1.0
5, 110, 937, 111, 937, 112, 0, -1, -1.5707963267948966, 1.0
5, 111, 1254, 491, 1258, 493, -4, -2, -2.677945044588987, 4.47213595499958
5, 112, 1009, 256, 1007, 254, 2, 2, 0.7853981633974483, 2.8284271247461903
5, 113, 483, 526, 483, 528, 0, -2, -1.5707963267948966, 2.0
5, 114, 1072, 55, 1072, 56, 0, -1, -1.5707963267948966, 1.0
5, 115, 1009, 264, 1007, 262, 2, 2, 0.7853981633974483, 2.8284271247461903
5, 116, 793, 382, 793, 386, 0, -4, -1.5707963267948966, 4.0
5, 117, 270, 342, 270, 343, 0, -1, -1.5707963267948966, 1.0
5, 118, 488, 33, 489, 36, -1, -3, -1.892546881191539, 3.1622776601683795
5, 119, 409, 180, 409, 178, 0, 2, 1.5707963267948966, 2.0
5, 120, 1221, 116, 1220, 115, 1, 1, 0.7853981633974483, 1.4142135623730951
5, 121, 517, 10, 515, 11, 2, -1, -0.4636476090008061, 2.23606797749979
5, 122, 470, 532, 470, 538, 0, -6, -1.5707963267948966, 6.0
5, 123, 278, 367, 278, 368, 0, -1, -1.5707963267948966, 1.0
5, 124, 1090, 81, 1091, 81, -1, 0, 3.141592653589793, 1.0
5, 125, 184, 304, 186, 302, -2, 2, 2.356194490192345, 2.8284271247461903
5, 126, 513, 305, 513, 310, 0, -5, -1.5707963267948966, 5.0
5, 127, 297, 342, 297, 343, 0, -1, -1.5707963267948966, 1.0
5, 128, 798, 377, 799, 381, -1, -4, -1.8157749899217608, 4.123105625617661
5, 129, 408, 199, 408, 198, 0, 1, 1.5707963267948966, 1.0
5, 130, 532, 385, 532, 386, 0, -1, -1.5707963267948966, 1.0
5, 131, 519, 381, 519, 386, 0, -5, -1.5707963267948966, 5.0
5, 132, 1134, 153, 1133, 151, 1, 2, 1.1071487177940904, 2.23606797749979
5, 133, 771, 675, 773, 678, -2, -3, -2.158798930342464, 3.605551275463989
5, 134, 547, 344, 547, 348, 0, -4, -1.5707963267948966, 4.0
5, 135, 543, 59, 543, 60, 0, -1, -1.5707963267948966, 1.0
6, 0, 830, 113, 831, 115, -1, -2, -2.0344439357957027, 2.23606797749979
6, 1, 813, 685, 815, 688, -2, -3, -2.158798930342464, 3.605551275463989
6, 2, 267, 352, 267, 353, 0, -1, -1.5707963267948966, 1.0
6, 3, 814, 90, 814, 92, 0, -2, -1.5707963267948966, 2.0
6, 4, 287, 346, 287, 347, 0, -1, -1.5707963267948966, 1.0
6, 5, 278, 337, 278, 338, 0, -1, -1.5707963267948966, 1.0
6, 6, 175, 315, 177, 311, -2, 4, 2.0344439357957027, 4.47213595499958
6, 7, 391, 197, 391, 197, 0, 0, 0.0, 0.0
6, 8, 993, 538, 998, 538, -5, 0, 3.141592653589793, 5.0
6, 9, 745, 39, 744, 38, 1, 1, 0.7853981633974483, 1.4142135623730951
6, 10, 820, 80, 820, 82, 0, -2, -1.5707963267948966, 2.0
6, 11, 607, 67, 606, 69, 1, -2, -1.1071487177940904, 2.23606797749979
6, 12, 480, 425, 481, 430, -1, -5, -1.7681918866447774, 5.0990195135927845
6, 13, 545, 52, 545, 53, 0, -1, -1.5707963267948966, 1.0
6, 14, 799, 104, 799, 108, 0, -4, -1.5707963267948966, 4.0
6, 15, 1261, 529, 1264, 530, -3, -1, -2.819842099193151, 3.1622776601683795
6, 16, 483, 160, 484, 163, -1, -3, -1.892546881191539, 3.1622776601683795
6, 17, 822, 90, 822, 92, 0, -2, -1.5707963267948966, 2.0
6, 18, 615, 58, 614, 60, 1, -2, -1.1071487177940904, 2.23606797749979
6, 19, 496, 164, 497, 167, -1, -3, -1.892546881191539, 3.1622776601683795
6, 20, 510, 328, 510, 333, 0, -5, -1.5707963267948966, 5.0
6, 21, 793, 381, 794, 385, -1, -4, -1.8157749899217608, 4.123105625617661
6, 22, 677, 77, 677, 75, 0, 2, 1.5707963267948966, 2.0
6, 23, 463, 425, 464, 429, -1, -4, -1.8157749899217608, 4.123105625617661
6, 24, 1181, 102, 1181, 100, 0, 2, 1.5707963267948966, 2.0
6, 25, 996, 234, 994, 231, 2, 3, 0.982793723247329, 3.605551275463989
6, 26, 994, 320, 993, 318, 1, 2, 1.1071487177940904, 2.23606797749979
6, 27, 619, 68, 618, 71, 1, -3, -1.2490457723982544, 3.1622776601683795
6, 28, 285, 354, 285, 355, 0, -1, -1.5707963267948966, 1.0
6, 29, 516, 287, 516, 291, 0, -4, -1.5707963267948966, 4.0
6, 30, 388, 145, 388, 143, 0, 2, 1.5707963267948966, 2.0
6, 31, 209, 363, 210, 361, -1, 2, 2.0344439357957027, 2.23606797749979
6, 32, 976, 474, 981, 473, -5, 1, 2.9441970937399127, 5.0990195135927845
6, 33, 749, 46, 748, 44, 1, 2, 1.1071487177940904, 2.23606797749979
6, 34, 985, 365, 984, 363, 1, 2, 1.1071487177940904, 2.23606797749979
6, 35, 80, 582, 79, 581, 1, 1, 0.7853981633974483, 1.4142135623730951
6, 36, 686, 90, 686, 88, 0, 2, 1.5707963267948966, 2.0
6, 37, 1098, 14, 1098, 14, 0, 0, 0.0, 0.0
6, 38, 631, 127, 632, 126, -1, 1, 2.356194490192345, 1.4142135623730951
6, 39, 954, 38, 954, 38, 0, 0, 0.0, 0.0
6, 40, 976, 557, 979, 558, -3, -1, -2.819842099193151, 3.1622776601683795
6, 41, 1261, 95, 1269, 95, -8, 0, 3.141592653589793, 8.0
6, 42, 198, 402, 199, 402, -1, 0, 3.141592653589793, 1.0
6, 43, 1008, 237, 1006, 234, 2, 3, 0.982793723247329, 3.605551275463989
6, 44, 172, 366, 175, 364, -3, 2, 2.5535900500422257, 3.605551275463989
6, 45, 960, 503, 964, 502, -4, 1, 2.896613990462929, 4.123105625617661
6, 46, 507, 38, 507, 40, 0, -2, -1.5707963267948966, 2.0
6, 47, 828, 96, 829, 98, -1, -2, -2.0344439357957027, 2.23606797749979
6, 48, 675, 84, 675, 82, 0, 2, 1.5707963267948966, 2.0
6, 49, 640, 197, 641, 197, -1, 0, 3.141592653589793, 1.0
6, 50, 1066, 78, 1066, 78, 0, 0, 0.0, 0.0
6, 51, 1135, 185, 1135, 185, 0, 0, 0.0, 0.0
6, 52, 285, 397, 285, 398, 0, -1, -1.5707963267948966, 1.0
6, 53, 601, 95, 601, 97, 0, -2, -1.5707963267948966, 2.0
6, 54, 529, 298, 529, 302, 0, -4, -1.5707963267948966, 4.0
6, 55, 805, 632, 806, 636, -1, -4, -1.8157749899217608, 4.123105625617661
6, 56, 1007, 408, 1004, 405, 3, 3, 0.7853981633974483, 4.242640687119285
6, 57, 972, 491, 977, 491, -5, 0, 3.141592653589793, 5.0
6, 58, 495, 241, 496, 243, -1, -2, -2.0344439357957027, 2.23606797749979
6, 59, 487, 151, 487, 153, 0, -2, -1.5707963267948966, 2.0
6, 60, 1144, 51, 1144, 51, 0, 0, 0.0, 0.0
6, 61, 157, 29, 154, 31, 3, -2, -0.5880026035475675, 3.605551275463989
6, 62, 803, 700, 805, 704, -2, -4, -2.0344439357957027, 4.47213595499958
6, 63, 259, 360, 259, 361, 0, -1, -1.5707963267948966, 1.0
6, 64, 1128, 175, 1127, 174, 1, 1, 0.7853981633974483, 1.4142135623730951
6, 65, 675, 164, 674, 164, 1, 0, 0.0, 1.0
6, 66, 507, 198, 507, 199, 0, -1, -1.5707963267948966, 1.0
6, 67, 1221, 30, 1221, 31, 0, -1, -1.5707963267948966, 1.0
6, 68, 608, 136, 608, 137, 0, -1, -1.5707963267948966, 1.0
6, 69, 1007, 226, 1005, 223, 2, 3, 0.982793723247329, 3.605551275463989
6, 70, 291, 358, 291, 359, 0, -1, -1.5707963267948966, 1.0
6, 71, 83, 642, 84, 642, -1, 0, 3.141592653589793, 1.0
6, 72, 1147, 12, 1147, 12, 0, 0, 0.0, 0.0
6, 73, 956, 493, 960, 492, -4, 1, 2.896613990462929, 4.123105625617661
6, 74, 1261, 448, 1277, 451, -16, -3, -2.9562447035940984, 16.278820596099706
6, 75, 743, 104, 744, 103, -1, 1, 2.356194490192345, 1.4142135623730951
6, 76, 668, 137, 668, 135, 0, 2, 1.5707963267948966, 2.0
6, 77, 620, 127, 620, 128, 0, -1, -1.5707963267948966, 1.0
6, 78, 331, 356, 331, 357, 0, -1, -1.5707963267948966, 1.0
6, 79, 1148, 19, 1148, 19, 0, 0, 0.0, 0.0
6, 80, 263, 86, 263, 87, 0, -1, -1.5707963267948966, 1.0
6, 81, 35, 565, 34, 564, 1, 1, 0.7853981633974483, 1.4142135623730951
6, 82, 296, 396, 296, 397, 0, -1, -1.5707963267948966, 1.0
6, 83, 962, 564, 965, 564, -3, 0, 3.141592653589793, 3.0
6, 84, 739, 44, 738, 43, 1, 1, 0.7853981633974483, 1.4142135623730951
6, 85, 929, 112, 929, 113, 0, -1, -1.5707963267948966, 1.0
6, 86, 178, 307, 180, 303, -2, 4, 2.0344439357957027, 4.47213595499958
6, 87, 989, 487, 994, 486, -5, 1, 2.9441970937399127, 5.0990195135927845
6, 88, 765, 373, 766, 377, -1, -4, -1.8157749899217608, 4.123105625617661
6, 89, 941, 118, 941, 119, 0, -1, -1.5707963267948966, 1.0
6, 90, 266, 55, 265, 56, 1, -1, -0.7853981633974483, 1.4142135623730951
6, 91, 619, 165, 620, 163, -1, 2, 2.0344439357957027, 2.23606797749979
6, 92, 735, 94, 736, 94, -1, 0, 3.141592653589793, 1.0
6, 93, 482, 527, 482, 529, 0, -2, -1.5707963267948966, 2.0
6, 94, 520, 380, 520, 384, 0, -4, -1.5707963267948966, 4.0
6, 95, 501, 58, 502, 60, -1, -2, -2.0344439357957027, 2.23606797749979
6, 96, 1069, 22, 1069, 22, 0, 0, 0.0, 0.0
6, 97, 552, 128, 553, 130, -1, -2, -2.0344439357957027, 2.23606797749979
6, 98, 1142, 148, 1141, 146, 1, 2, 1.1071487177940904, 2.23606797749979
6, 99, 336, 424, 336, 425, 0, -1, -1.5707963267948966, 1.0
6, 100, 1179, 61, 1178, 59, 1, 2, 1.1071487177940904, 2.23606797749979
6, 101, 785, 109, 785, 112, 0, -3, -1.5707963267948966, 3.0
6, 102, 556, 122, 557, 124, -1, -2, -2.0344439357957027, 2.23606797749979
6, 103, 476, 410, 477, 416, -1, -6, -1.7359450042095235, 6.082762530298219
6, 104, 388, 239, 388, 238, 0, 1, 1.5707963267948966, 1.0
6, 105, 1079, 15, 1079, 15, 0, 0, 0.0, 0.0
6, 106, 260, 370, 260, 371, 0, -1, -1.5707963267948966, 1.0
6, 107, 159, 22, 156, 24, 3, -2, -0.5880026035475675, 3.605551275463989
6, 108, 959, 530, 964, 530, -5, 0, 3.141592653589793, 5.0
6, 109, 812, 166, 813, 168, -1, -2, -2.0344439357957027, 2.23606797749979
6, 110, 782, 323, 782, 327, 0, -4, -1.5707963267948966, 4.0
6, 111, 1153, 119, 1153, 117, 0, 2, 1.5707963267948966, 2.0
6, 112, 1010, 257, 1008, 254, 2, 3, 0.982793723247329, 3.605551275463989
6, 113, 770, 379, 771, 383, -1, -4, -1.8157749899217608, 4.123105625617661
6, 114, 977, 275, 976, 272, 1, 3, 1.2490457723982544, 3.1622776601683795
6, 115, 680, 153, 680, 153, 0, 0, 0.0, 0.0
6, 116, 515, 299, 515, 304, 0, -5, -1.5707963267948966, 5.0
6, 117, 280, 73, 278, 77, 2, -4, -1.1071487177940904, 4.47213595499958
6, 118, 1072, 57, 1072, 57, 0, 0, 0.0, 0.0
6, 119, 937, 112, 937, 113, 0, -1, -1.5707963267948966, 1.0
6, 120, 520, 9, 518, 10, 2, -1, -0.4636476090008061, 2.23606797749979
6, 121, 80, 614, 77, 612, 3, 2, 0.5880026035475675, 3.605551275463989
6, 122, 281, 328, 281, 329, 0, -1, -1.5707963267948966, 1.0
6, 123, 1168, 155, 1167, 154, 1, 1, 0.7853981633974483, 1.4142135623730951
6, 124, 409, 181, 409, 179, 0, 2, 1.5707963267948966, 2.0
6, 125, 410, 200, 410, 199, 0, 1, 1.5707963267948966, 1.0
6, 126, 799, 377, 800, 381, -1, -4, -1.8157749899217608, 4.123105625617661
6, 127, 1007, 337, 1005, 334, 2, 3, 0.982793723247329, 3.605551275463989
6, 128, 545, 339, 545, 343, 0, -4, -1.5707963267948966, 4.0
6, 129, 1015, 403, 1012, 400, 3, 3, 0.7853981633974483, 4.242640687119285
6, 130, 279, 368, 278, 369, 1, -1, -0.7853981633974483, 1.4142135623730951
6, 131, 808, 96, 808, 98, 0, -2, -1.5707963267948966, 2.0
6, 132, 544, 59, 544, 60, 0, -1, -1.5707963267948966, 1.0
6, 133, 1165, 120, 1165, 119, 0, 1, 1.5707963267948966, 1.0
6, 134, 403, 268, 403, 269, 0, -1, -1.5707963267948966, 1.0
6, 135, 1261, 118, 1275, 118, -14, 0, 3.141592653589793, 14.0
6, 136, 293, 373, 293, 374, 0, -1, -1.5707963267948966, 1.0
6, 137, 266, 364, 266, 365, 0, -1, -1.5707963267948966, 1.0
7, 0, 829, 110, 830, 113, -1, -3, -1.892546881191539, 3.1622776601683795
7, 1, 810, 682, 813, 685, -3, -3, -2.356194490192345, 4.242640687119285
7, 2, 268, 350, 267, 352, 1, -2, -1.1071487177940904, 2.23606797749979
7, 3, 814, 86, 814, 90, 0, -4, -1.5707963267948966, 4.0
7, 4, 287, 345, 287, 346, 0, -1, -1.5707963267948966, 1.0
7, 5, 278, 336, 278, 337, 0, -1, -1.5707963267948966, 1.0
7, 6, 175, 317, 175, 315, 0, 2, 1.5707963267948966, 2.0
7, 7, 391, 198, 391, 197, 0, 1, 1.5707963267948966, 1.0
7, 8, 989, 536, 993, 538, -4, -2, -2.677945044588987, 4.47213595499958
7, 9, 746, 40, 745, 39, 1, 1, 0.7853981633974483, 1.4142135623730951
7, 10, 820, 76, 820, 80, 0, -4, -1.5707963267948966, 4.0
7, 11, 609, 62, 607, 67, 2, -5, -1.1902899496825317, 5.385164807134504
7, 12, 480, 422, 480, 425, 0, -3, -1.5707963267948966, 3.0
7, 13, 544, 49, 545, 52, -1, -3, -1.892546881191539, 3.1622776601683795
7, 14, 799, 100, 799, 104, 0, -4, -1.5707963267948966, 4.0
7, 15, 1258, 531, 1261, 529, -3, 2, 2.5535900500422257, 3.605551275463989
7, 16, 483, 156, 483, 160, 0, -4, -1.5707963267948966, 4.0
7, 17, 822, 87, 822, 90, 0, -3, -1.5707963267948966, 3.0
7, 18, 616, 55, 615, 58, 1, -3, -1.2490457723982544, 3.1622776601683795
7, 19, 495, 160, 496, 164, -1, -4, -1.8157749899217608, 4.123105625617661
7, 20, 510, 324, 510, 328, 0, -4, -1.5707963267948966, 4.0
7, 21, 792, 377, 793, 381, -1, -4, -1.8157749899217608, 4.123105625617661
7, 22, 677, 81, 677, 77, 0, 4, 1.5707963267948966, 4.0
7, 23, 461, 422, 463, 425, -2, -3, -2.158798930342464, 3.605551275463989
7, 24, 1182, 105, 1181, 102, 1, 3, 1.2490457723982544, 3.1622776601683795
7, 25, 998, 237, 996, 234, 2, 3, 0.982793723247329, 3.605551275463989
7, 26, 996, 320, 994, 320, 2, 0, 0.0, 2.0
7, 27, 621, 63, 619, 68, 2, -5, -1.1902899496825317, 5.385164807134504
7, 28, 286, 353, 285, 354, 1, -1, -0.7853981633974483, 1.4142135623730951
7, 29, 516, 282, 516, 287, 0, -5, -1.5707963267948966, 5.0
7, 30, 389, 148, 388, 145, 1, 3, 1.2490457723982544, 3.1622776601683795
7, 31, 209, 365, 209, 363, 0, 2, 1.5707963267948966, 2.0
7, 32, 970, 474, 976, 474, -6, 0, 3.141592653589793, 6.0
7, 33, 750, 47, 749, 46, 1, 1, 0.7853981633974483, 1.4142135623730951
7, 34, 986, 369, 985, 365, 1, 4, 1.3258176636680326, 4.123105625617661
7, 35, 83, 584, 80, 582, 3, 2, 0.5880026035475675, 3.605551275463989
7, 36, 686, 94, 686, 90, 0, 4, 1.5707963267948966, 4.0
7, 37, 1100, 13, 1098, 14, 2, -1, -0.4636476090008061, 2.23606797749979
7, 38, 629, 128, 631, 127, -2, 1, 2.677945044588987, 2.23606797749979
7, 39, 953, 38, 954, 38, -1, 0, 3.141592653589793, 1.0
7, 40, 972, 556, 976, 557, -4, -1, -2.896613990462929, 4.123105625617661
7, 41, 1261, 96, 1261, 95, 0, 1, 1.5707963267948966, 1.0
7, 42, 197, 404, 198, 402, -1, 2, 2.0344439357957027, 2.23606797749979
7, 43, 1009, 240, 1008, 237, 1, 3, 1.2490457723982544, 3.1622776601683795
7, 44, 169, 369, 172, 366, -3, 3, 2.356194490192345, 4.242640687119285
7, 45, 958, 502, 960, 503, -2, -1, -2.677945044588987, 2.23606797749979
7, 46, 507, 35, 507, 38, 0, -3, -1.5707963267948966, 3.0
7, 47, 827, 93, 828, 96, -1, -3, -1.892546881191539, 3.1622776601683795
7, 48, 675, 88, 675, 84, 0, 4, 1.5707963267948966, 4.0
7, 49, 639, 197, 640, 197, -1, 0, 3.141592653589793, 1.0
7, 50, 1066, 78, 1066, 78, 0, 0, 0.0, 0.0
7, 51, 1135, 183, 1135, 185, 0, -2, -1.5707963267948966, 2.0
7, 52, 285, 396, 285, 397, 0, -1, -1.5707963267948966, 1.0
7, 53, 602, 93, 601, 95, 1, -2, -1.1071487177940904, 2.23606797749979
7, 54, 529, 294, 529, 298, 0, -4, -1.5707963267948966, 4.0
7, 55, 805, 629, 805, 632, 0, -3, -1.5707963267948966, 3.0
7, 56, 1007, 409, 1007, 408, 0, 1, 1.5707963267948966, 1.0
7, 57, 965, 491, 972, 491, -7, 0, 3.141592653589793, 7.0
7, 58, 494, 239, 495, 241, -1, -2, -2.0344439357957027, 2.23606797749979
7, 59, 487, 147, 487, 151, 0, -4, -1.5707963267948966, 4.0
7, 60, 1145, 52, 1144, 51, 1, 1, 0.7853981633974483, 1.4142135623730951
7, 61, 160, 28, 157, 29, 3, -1, -0.3217505543966422, 3.1622776601683795
7, 62, 800, 695, 803, 700, -3, -5, -2.1112158270654806, 5.830951894845301
7, 63, 259, 359, 259, 360, 0, -1, -1.5707963267948966, 1.0
7, 64, 1129, 173, 1128, 175, 1, -2, -1.1071487177940904, 2.23606797749979
7, 65, 677, 163, 675, 164, 2, -1, -0.4636476090008061, 2.23606797749979
7, 66, 506, 195, 507, 198, -1, -3, -1.892546881191539, 3.1622776601683795
7, 67, 609, 133, 608, 136, 1, -3, -1.2490457723982544, 3.1622776601683795
7, 68, 1009, 229, 1007, 226, 2, 3, 0.982793723247329, 3.605551275463989
7, 69, 291, 357, 291, 358, 0, -1, -1.5707963267948966, 1.0
7, 70, 1147, 12, 1147, 12, 0, 0, 0.0, 0.0
7, 71, 954, 494, 956, 493, -2, 1, 2.677945044588987, 2.23606797749979
7, 72, 1256, 446, 1261, 448, -5, -2, -2.761086276477428, 5.385164807134504
7, 73, 743, 104, 743, 104, 0, 0, 0.0, 0.0
7, 74, 669, 142, 668, 137, 1, 5, 1.373400766945016, 5.0990195135927845
7, 75, 1149, 19, 1148, 19, 1, 0, 0.0, 1.0
7, 76, 263, 85, 263, 86, 0, -1, -1.5707963267948966, 1.0
7, 77, 37, 567, 35, 565, 2, 2, 0.7853981633974483, 2.8284271247461903
7, 78, 296, 395, 296, 396, 0, -1, -1.5707963267948966, 1.0
7, 79, 959, 563, 962, 564, -3, -1, -2.819842099193151, 3.1622776601683795
7, 80, 740, 45, 739, 44, 1, 1, 0.7853981633974483, 1.4142135623730951
7, 81, 177, 309, 178, 307, -1, 2, 2.0344439357957027, 2.23606797749979
7, 82, 985, 488, 989, 487, -4, 1, 2.896613990462929, 4.123105625617661
7, 83, 764, 367, 765, 373, -1, -6, -1.7359450042095235, 6.082762530298219
7, 84, 268, 52, 266, 55, 2, -3, -0.982793723247329, 3.605551275463989
7, 85, 618, 168, 619, 165, -1, 3, 1.892546881191539, 3.1622776601683795
7, 86, 481, 524, 482, 527, -1, -3, -1.892546881191539, 3.1622776601683795
7, 87, 520, 375, 520, 380, 0, -5, -1.5707963267948966, 5.0
7, 88, 501, 56, 501, 58, 0, -2, -1.5707963267948966, 2.0
7, 89, 1070, 22, 1069, 22, 1, 0, 0.0, 1.0
7, 90, 551, 125, 552, 128, -1, -3, -1.892546881191539, 3.1622776601683795
7, 91, 1145, 151, 1142, 148, 3, 3, 0.7853981633974483, 4.242640687119285
7, 92, 1180, 65, 1179, 61, 1, 4, 1.3258176636680326, 4.123105625617661
7, 93, 784, 105, 785, 109, -1, -4, -1.8157749899217608, 4.123105625617661
7, 94, 555, 119, 556, 122, -1, -3, -1.892546881191539, 3.1622776601683795
7, 95, 475, 405, 476, 410, -1, -5, -1.7681918866447774, 5.0990195135927845
7, 96, 387, 241, 388, 239, -1, 2, 2.0344439357957027, 2.23606797749979
7, 97, 1080, 15, 1079, 15, 1, 0, 0.0, 1.0
7, 98, 260, 369, 260, 370, 0, -1, -1.5707963267948966, 1.0
7, 99, 162, 20, 159, 22, 3, -2, -0.5880026035475675, 3.605551275463989
7, 100, 955, 530, 959, 530, -4, 0, 3.141592653589793, 4.0
7, 101, 811, 163, 812, 166, -1, -3, -1.892546881191539, 3.1622776601683795
7, 102, 782, 318, 782, 323, 0, -5, -1.5707963267948966, 5.0
7, 103, 1153, 122, 1153, 119, 0, 3, 1.5707963267948966, 3.0
7, 104, 1011, 260, 1010, 257, 1, 3, 1.2490457723982544, 3.1622776601683795
7, 105, 769, 373, 770, 379, -1, -6, -1.7359450042095235, 6.082762530298219
7, 106, 978, 277, 977, 275, 1, 2, 1.1071487177940904, 2.23606797749979
7, 107, 681, 150, 680, 153, 1, -3, -1.2490457723982544, 3.1622776601683795
7, 108, 515, 295, 515, 299, 0, -4, -1.5707963267948966, 4.0
7, 109, 282, 68, 280, 73, 2, -5, -1.1902899496825317, 5.385164807134504
7, 110, 1072, 56, 1072, 57, 0, -1, -1.5707963267948966, 1.0
7, 111, 86, 614, 80, 614, 6, 0, 0.0, 6.0
7, 112, 281, 326, 281, 328, 0, -2, -1.5707963267948966, 2.0
7, 113, 1171, 157, 1168, 155, 3, 2, 0.5880026035475675, 3.605551275463989
7, 114, 409, 184, 409, 181, 0, 3, 1.5707963267948966, 3.0
7, 115, 409, 201, 410, 200, -1, 1, 2.356194490192345, 1.4142135623730951
7, 116, 798, 373, 799, 377, -1, -4, -1.8157749899217608, 4.123105625617661
7, 117, 1009, 339, 1007, 337, 2, 2, 0.7853981633974483, 2.8284271247461903
7, 118, 545, 335, 545, 339, 0, -4, -1.5707963267948966, 4.0
7, 119, 1018, 403, 1015, 403, 3, 0, 0.0, 3.0
7, 120, 280, 366, 279, 368, 1, -2, -1.1071487177940904, 2.23606797749979
7, 121, 808, 92, 808, 96, 0, -4, -1.5707963267948966, 4.0
7, 122, 543, 56, 544, 59, -1, -3, -1.892546881191539, 3.1622776601683795
7, 123, 1165, 120, 1165, 120, 0, 0, 0.0, 0.0
7, 124, 402, 269, 403, 268, -1, 1, 2.356194490192345, 1.4142135623730951
7, 125, 1258, 120, 1261, 118, -3, 2, 2.5535900500422257, 3.605551275463989
7, 126, 293, 372, 293, 373, 0, -1, -1.5707963267948966, 1.0
7, 127, 267, 362, 266, 364, 1, -2, -1.1071487177940904, 2.23606797749979
8, 0, 268, 351, 268, 352, 0, -1, -1.5707963267948966, 1.0
8, 1, 830, 112, 831, 114, -1, -2, -2.0344439357957027, 2.23606797749979
8, 2, 814, 87, 814, 89, 0, -2, -1.5707963267948966, 2.0
8, 3, 985, 538, 989, 539, -4, -1, -2.896613990462929, 4.123105625617661
8, 4, 278, 336, 278, 337, 0, -1, -1.5707963267948966, 1.0
8, 5, 174, 322, 175, 318, -1, 4, 1.8157749899217608, 4.123105625617661
8, 6, 545, 51, 545, 52, 0, -1, -1.5707963267948966, 1.0
8, 7, 820, 78, 820, 80, 0, -2, -1.5707963267948966, 2.0
8, 8, 390, 198, 391, 198, -1, 0, 3.141592653589793, 1.0
8, 9, 608, 63, 608, 66, 0, -3, -1.5707963267948966, 3.0
8, 10, 825, 131, 826, 133, -1, -2, -2.0344439357957027, 2.23606797749979
8, 11, 746, 40, 746, 40, 0, 0, 0.0, 0.0
8, 12, 480, 416, 481, 421, -1, -5, -1.7681918866447774, 5.0990195135927845
8, 13, 511, 323, 511, 327, 0, -4, -1.5707963267948966, 4.0
8, 14, 496, 160, 496, 162, 0, -2, -1.5707963267948966, 2.0
8, 15, 259, 359, 259, 360, 0, -1, -1.5707963267948966, 1.0
8, 16, 964, 559, 968, 560, -4, -1, -2.896613990462929, 4.123105625617661
8, 17, 793, 375, 794, 378, -1, -3, -1.892546881191539, 3.1622776601683795
8, 18, 767, 369, 767, 372, 0, -3, -1.5707963267948966, 3.0
8, 19, 483, 157, 483, 159, 0, -2, -1.5707963267948966, 2.0
8, 20, 999, 240, 997, 237, 2, 3, 0.982793723247329, 3.605551275463989
8, 21, 507, 34, 508, 36, -1, -2, -2.0344439357957027, 2.23606797749979
8, 22, 676, 80, 677, 79, -1, 1, 2.356194490192345, 1.4142135623730951
8, 23, 287, 346, 287, 347, 0, -1, -1.5707963267948966, 1.0
8, 24, 516, 282, 516, 286, 0, -4, -1.5707963267948966, 4.0
8, 25, 465, 417, 465, 422, 0, -5, -1.5707963267948966, 5.0
8, 26, 828, 94, 829, 96, -1, -2, -2.0344439357957027, 2.23606797749979
8, 27, 1148, 14, 1148, 13, 0, 1, 1.5707963267948966, 1.0
8, 28, 286, 353, 286, 354, 0, -1, -1.5707963267948966, 1.0
8, 29, 801, 687, 803, 691, -2, -4, -2.0344439357957027, 4.47213595499958
8, 30, 212, 367, 212, 365, 0, 2, 1.5707963267948966, 2.0
8, 31, 1182, 106, 1182, 104, 0, 2, 1.5707963267948966, 2.0
8, 32, 951, 506, 956, 506, -5, 0, 3.141592653589793, 5.0
8, 33, 1012, 245, 1010, 241, 2, 4, 1.1071487177940904, 4.47213595499958
8, 34, 630, 128, 631, 128, -1, 0, 3.141592653589793, 1.0
8, 35, 621, 64, 620, 67, 1, -3, -1.2490457723982544, 3.1622776601683795
8, 36, 966, 475, 971, 475, -5, 0, 3.141592653589793, 5.0
8, 37, 389, 146, 389, 146, 0, 0, 0.0, 0.0
8, 38, 985, 318, 985, 319, 0, -1, -1.5707963267948966, 1.0
8, 39, 162, 28, 159, 29, 3, -1, -0.3217505543966422, 3.1622776601683795
8, 40, 800, 99, 800, 102, 0, -3, -1.5707963267948966, 3.0
8, 41, 1099, 14, 1099, 14, 0, 0, 0.0, 0.0
8, 42, 169, 377, 171, 374, -2, 3, 2.158798930342464, 3.605551275463989
8, 43, 804, 620, 805, 624, -1, -4, -1.8157749899217608, 4.123105625617661
8, 44, 975, 558, 979, 559, -4, -1, -2.896613990462929, 4.123105625617661
8, 45, 487, 148, 487, 150, 0, -2, -1.5707963267948966, 2.0
8, 46, 686, 93, 686, 92, 0, 1, 1.5707963267948966, 1.0
8, 47, 987, 370, 986, 367, 1, 3, 1.2490457723982544, 3.1622776601683795
8, 48, 552, 117, 553, 119, -1, -2, -2.0344439357957027, 2.23606797749979
8, 49, 957, 561, 961, 563, -4, -2, -2.677945044588987, 4.47213595499958
8, 50, 286, 396, 286, 397, 0, -1, -1.5707963267948966, 1.0
8, 51, 811, 666, 812, 672, -1, -6, -1.7359450042095235, 6.082762530298219
8, 52, 181, 378, 181, 375, 0, 3, 1.5707963267948966, 3.0
8, 53, 1143, 149, 1142, 149, 1, 0, 0.0, 1.0
8, 54, 993, 289, 993, 286, 0, 3, 1.5707963267948966, 3.0
8, 55, 268, 52, 267, 55, 1, -3, -1.2490457723982544, 3.1622776601683795
8, 56, 476, 403, 477, 408, -1, -5, -1.7681918866447774, 5.0990195135927845
8, 57, 1261, 509, 1274, 515, -13, -6, -2.7091848780192556, 14.317821063276353
8, 58, 529, 293, 529, 297, 0, -4, -1.5707963267948966, 4.0
8, 59, 263, 85, 263, 86, 0, -1, -1.5707963267948966, 1.0
8, 60, 605, 93, 604, 95, 1, -2, -1.1071487177940904, 2.23606797749979
8, 61, 1261, 438, 1272, 442, -11, -4, -2.7928216500058864, 11.704699910719626
8, 62, 177, 313, 178, 309, -1, 4, 1.8157749899217608, 4.123105625617661
8, 63, 744, 104, 744, 104, 0, 0, 0.0, 0.0
8, 64, 1179, 64, 1179, 62, 0, 2, 1.5707963267948966, 2.0
8, 65, 588, 128, 588, 129, 0, -1, -1.5707963267948966, 1.0
8, 66, 620, 126, 620, 127, 0, -1, -1.5707963267948966, 1.0
8, 67, 1004, 233, 1002, 230, 2, 3, 0.982793723247329, 3.605551275463989
8, 68, 622, 54, 622, 55, 0, -1, -1.5707963267948966, 1.0
8, 69, 498, 222, 499, 225, -1, -3, -1.892546881191539, 3.1622776601683795
8, 70, 37, 567, 36, 566, 1, 1, 0.7853981633974483, 1.4142135623730951
8, 71, 739, 45, 739, 45, 0, 0, 0.0, 0.0
8, 72, 963, 491, 968, 492, -5, -1, -2.9441970937399127, 5.0990195135927845
8, 73, 83, 583, 82, 583, 1, 0, 0.0, 1.0
8, 74, 763, 361, 763, 364, 0, -3, -1.5707963267948966, 3.0
8, 75, 618, 170, 619, 168, -1, 2, 2.0344439357957027, 2.23606797749979
8, 76, 1261, 458, 1274, 462, -13, -4, -2.843093722003614, 13.601470508735444
8, 77, 762, 651, 765, 653, -3, -2, -2.5535900500422257, 3.605551275463989
8, 78, 1005, 337, 1003, 334, 2, 3, 0.982793723247329, 3.605551275463989
8, 79, 388, 241, 388, 240, 0, 1, 1.5707963267948966, 1.0
8, 80, 1061, 79, 1061, 79, 0, 0, 0.0, 0.0
8, 81, 296, 396, 296, 397, 0, -1, -1.5707963267948966, 1.0
8, 82, 641, 200, 641, 199, 0, 1, 1.5707963267948966, 1.0
8, 83, 946, 496, 950, 495, -4, 1, 2.896613990462929, 4.123105625617661
8, 84, 1261, 97, 1270, 97, -9, 0, 3.141592653589793, 9.0
8, 85, 511, 14, 510, 14, 1, 0, 0.0, 1.0
8, 86, 1011, 233, 1009, 230, 2, 3, 0.982793723247329, 3.605551275463989
8, 87, 670, 141, 670, 139, 0, 2, 1.5707963267948966, 2.0
8, 88, 1070, 23, 1070, 23, 0, 0, 0.0, 0.0
8, 89, 811, 164, 812, 166, -1, -2, -2.0344439357957027, 2.23606797749979
8, 90, 281, 66, 280, 67, 1, -1, -0.7853981633974483, 1.4142135623730951
8, 91, 1080, 16, 1080, 16, 0, 0, 0.0, 0.0
8, 92, 1261, 547, 1268, 553, -7, -6, -2.432966381462123, 9.219544457292887
8, 93, 1205, 144, 1204, 144, 1, 0, 0.0, 1.0
8, 94, 283, 361, 283, 362, 0, -1, -1.5707963267948966, 1.0
8, 95, 84, 615, 81, 615, 3, 0, 0.0, 3.0
8, 96, 980, 489, 984, 488, -4, 1, 2.896613990462929, 4.123105625617661
8, 97, 178, 52, 175, 55, 3, -3, -0.7853981633974483, 4.242640687119285
8, 98, 1101, 51, 1101, 51, 0, 0, 0.0, 0.0
8, 99, 163, 21, 160, 22, 3, -1, -0.3217505543966422, 3.1622776601683795
8, 100, 207, 360, 207, 358, 0, 2, 1.5707963267948966, 2.0
8, 101, 1073, 54, 1073, 54, 0, 0, 0.0, 0.0
8, 102, 1012, 264, 1011, 261, 1, 3, 1.2490457723982544, 3.1622776601683795
8, 103, 1136, 184, 1135, 184, 1, 0, 0.0, 1.0
8, 104, 524, 282, 524, 286, 0, -4, -1.5707963267948966, 4.0
8, 105, 508, 195, 509, 198, -1, -3, -1.892546881191539, 3.1622776601683795
8, 106, 273, 342, 273, 343, 0, -1, -1.5707963267948966, 1.0
8, 107, 979, 280, 978, 277, 1, 3, 1.2490457723982544, 3.1622776601683795
8, 108, 1132, 156, 1131, 156, 1, 0, 0.0, 1.0
8, 109, 401, 272, 402, 270, -1, 2, 2.0344439357957027, 2.23606797749979
8, 110, 300, 337, 300, 338, 0, -1, -1.5707963267948966, 1.0
8, 111, 410, 201, 410, 200, 0, 1, 1.5707963267948966, 1.0
8, 112, 1006, 347, 1004, 344, 2, 3, 0.982793723247329, 3.605551275463989
8, 113, 606, 82, 606, 84, 0, -2, -1.5707963267948966, 2.0
8, 114, 293, 352, 293, 353, 0, -1, -1.5707963267948966, 1.0
8, 115, 515, 294, 515, 298, 0, -4, -1.5707963267948966, 4.0
8, 116, 1028, 343, 1026, 340, 2, 3, 0.982793723247329, 3.605551275463989
8, 117, 282, 327, 282, 328, 0, -1, -1.5707963267948966, 1.0
8, 118, 185, 313, 186, 309, -1, 4, 1.8157749899217608, 4.123105625617661
8, 119, 545, 28, 545, 29, 0, -1, -1.5707963267948966, 1.0
8, 120, 1261, 127, 1277, 127, -16, 0, 3.141592653589793, 16.0
9, 0, 268, 350, 268, 351, 0, -1, -1.5707963267948966, 1.0
9, 1, 829, 110, 830, 112, -1, -2, -2.0344439357957027, 2.23606797749979
9, 2, 814, 84, 814, 87, 0, -3, -1.5707963267948966, 3.0
9, 3, 981, 537, 985, 538, -4, -1, -2.896613990462929, 4.123105625617661
9, 4, 278, 335, 278, 336, 0, -1, -1.5707963267948966, 1.0
9, 5, 174, 325, 174, 322, 0, 3, 1.5707963267948966, 3.0
9, 6, 820, 75, 820, 78, 0, -3, -1.5707963267948966, 3.0
9, 7, 389, 199, 390, 198, -1, 1, 2.356194490192345, 1.4142135623730951
9, 8, 609, 60, 608, 63, 1, -3, -1.2490457723982544, 3.1622776601683795
9, 9, 824, 129, 825, 131, -1, -2, -2.0344439357957027, 2.23606797749979
9, 10, 746, 40, 746, 40, 0, 0, 0.0, 0.0
9, 11, 479, 411, 480, 416, -1, -5, -1.7681918866447774, 5.0990195135927845
9, 12, 511, 320, 511, 323, 0, -3, -1.5707963267948966, 3.0
9, 13, 496, 157, 496, 160, 0, -3, -1.5707963267948966, 3.0
9, 14, 259, 358, 259, 359, 0, -1, -1.5707963267948966, 1.0
9, 15, 960, 558, 964, 559, -4, -1, -2.896613990462929, 4.123105625617661
9, 16, 792, 372, 793, 375, -1, -3, -1.892546881191539, 3.1622776601683795
9, 17, 767, 367, 767, 369, 0, -2, -1.5707963267948966, 2.0
9, 18, 483, 154, 483, 157, 0, -3, -1.5707963267948966, 3.0
9, 19, 1001, 243, 999, 240, 2, 3, 0.982793723247329, 3.605551275463989
9, 20, 507, 33, 507, 34, 0, -1, -1.5707963267948966, 1.0
9, 21, 675, 80, 676, 80, -1, 0, 3.141592653589793, 1.0
9, 22, 287, 345, 287, 346, 0, -1, -1.5707963267948966, 1.0
9, 23, 515, 278, 516, 282, -1, -4, -1.8157749899217608, 4.123105625617661
9, 24, 464, 412, 465, 417, -1, -5, -1.7681918866447774, 5.0990195135927845
9, 25, 827, 91, 828, 94, -1, -3, -1.892546881191539, 3.1622776601683795
9, 26, 1148, 15, 1148, 14, 0, 1, 1.5707963267948966, 1.0
9, 27, 286, 352, 286, 353, 0, -1, -1.5707963267948966, 1.0
9, 28, 799, 682, 801, 687, -2, -5, -1.9513027039072615, 5.385164807134504
9, 29, 212, 370, 212, 367, 0, 3, 1.5707963267948966, 3.0
9, 30, 1182, 107, 1182, 106, 0, 1, 1.5707963267948966, 1.0
9, 31, 947, 506, 951, 506, -4, 0, 3.141592653589793, 4.0
9, 32, 1014, 249, 1012, 245, 2, 4, 1.1071487177940904, 4.47213595499958
9, 33, 629, 128, 630, 128, -1, 0, 3.141592653589793, 1.0
9, 34, 622, 62, 621, 64, 1, -2, -1.1071487177940904, 2.23606797749979
9, 35, 960, 475, 966, 475, -6, 0, 3.141592653589793, 6.0
9, 36, 389, 146, 389, 146, 0, 0, 0.0, 0.0
9, 37, 165, 26, 162, 28, 3, -2, -0.5880026035475675, 3.605551275463989
9, 38, 800, 96, 800, 99, 0, -3, -1.5707963267948966, 3.0
9, 39, 1100, 13, 1099, 14, 1, -1, -0.7853981633974483, 1.4142135623730951
9, 40, 167, 380, 169, 377, -2, 3, 2.158798930342464, 3.605551275463989
9, 41, 803, 616, 804, 620, -1, -4, -1.8157749899217608, 4.123105625617661
9, 42, 970, 557, 975, 558, -5, -1, -2.9441970937399127, 5.0990195135927845
9, 43, 487, 146, 487, 148, 0, -2, -1.5707963267948966, 2.0
9, 44, 685, 94, 686, 93, -1, 1, 2.356194490192345, 1.4142135623730951
9, 45, 988, 373, 987, 370, 1, 3, 1.2490457723982544, 3.1622776601683795
9, 46, 551, 115, 552, 117, -1, -2, -2.0344439357957027, 2.23606797749979
9, 47, 953, 560, 957, 561, -4, -1, -2.896613990462929, 4.123105625617661
9, 48, 286, 395, 286, 396, 0, -1, -1.5707963267948966, 1.0
9, 49, 809, 661, 811, 666, -2, -5, -1.9513027039072615, 5.385164807134504
9, 50, 181, 380, 181, 378, 0, 2, 1.5707963267948966, 2.0
9, 51, 1144, 149, 1143, 149, 1, 0, 0.0, 1.0
9, 52, 994, 292, 993, 289, 1, 3, 1.2490457723982544, 3.1622776601683795
9, 53, 269, 49, 268, 52, 1, -3, -1.2490457723982544, 3.1622776601683795
9, 54, 475, 398, 476, 403, -1, -5, -1.7681918866447774, 5.0990195135927845
9, 55, 1257, 505, 1261, 509, -4, -4, -2.356194490192345, 5.656854249492381
9, 56, 529, 290, 529, 293, 0, -3, -1.5707963267948966, 3.0
9, 57, 263, 83, 263, 85, 0, -2, -1.5707963267948966, 2.0
9, 58, 605, 90, 605, 93, 0, -3, -1.5707963267948966, 3.0
9, 59, 1257, 433, 1261, 438, -4, -5, -2.2455372690184494, 6.4031242374328485
9, 60, 176, 316, 177, 313, -1, 3, 1.892546881191539, 3.1622776601683795
9, 61, 743, 104, 744, 104, -1, 0, 3.141592653589793, 1.0
9, 62, 1180, 66, 1179, 64, 1, 2, 1.1071487177940904, 2.23606797749979
9, 63, 620, 125, 620, 126, 0, -1, -1.5707963267948966, 1.0
9, 64, 1006, 236, 1004, 233, 2, 3, 0.982793723247329, 3.605551275463989
9, 65, 622, 52, 622, 54, 0, -2, -1.5707963267948966, 2.0
9, 66, 38, 568, 37, 567, 1, 1, 0.7853981633974483, 1.4142135623730951
9, 67, 739, 45, 739, 45, 0, 0, 0.0, 0.0
9, 68, 958, 490, 963, 491, -5, -1, -2.9441970937399127, 5.0990195135927845
9, 69, 84, 584, 83, 583, 1, 1, 0.7853981633974483, 1.4142135623730951
9, 70, 763, 356, 763, 361, 0, -5, -1.5707963267948966, 5.0
9, 71, 617, 172, 618, 170, -1, 2, 2.0344439357957027, 2.23606797749979
9, 72, 1257, 454, 1261, 458, -4, -4, -2.356194490192345, 5.656854249492381
9, 73, 758, 651, 762, 651, -4, 0, 3.141592653589793, 4.0
9, 74, 1005, 340, 1005, 337, 0, 3, 1.5707963267948966, 3.0
9, 75, 388, 242, 388, 241, 0, 1, 1.5707963267948966, 1.0
9, 76, 1061, 79, 1061, 79, 0, 0, 0.0, 0.0
9, 77, 296, 395, 296, 396, 0, -1, -1.5707963267948966, 1.0
9, 78, 641, 202, 641, 200, 0, 2, 1.5707963267948966, 2.0
9, 79, 942, 497, 946, 496, -4, 1, 2.896613990462929, 4.123105625617661
9, 80, 1260, 97, 1261, 97, -1, 0, 3.141592653589793, 1.0
9, 81, 512, 14, 511, 14, 1, 0, 0.0, 1.0
9, 82, 1013, 237, 1011, 233, 2, 4, 1.1071487177940904, 4.47213595499958
9, 83, 670, 142, 670, 141, 0, 1, 1.5707963267948966, 1.0
9, 84, 1070, 23, 1070, 23, 0, 0, 0.0, 0.0
9, 85, 810, 162, 811, 164, -1, -2, -2.0344439357957027, 2.23606797749979
9, 86, 282, 65, 281, 66, 1, -1, -0.7853981633974483, 1.4142135623730951
9, 87, 1080, 16, 1080, 16, 0, 0, 0.0, 0.0
9, 88, 1256, 543, 1261, 547, -5, -4, -2.4668517113662407, 6.4031242374328485
9, 89, 1205, 144, 1205, 144, 0, 0, 0.0, 0.0
9, 90, 283, 360, 283, 361, 0, -1, -1.5707963267948966, 1.0
9, 91, 86, 616, 84, 615, 2, 1, 0.4636476090008061, 2.23606797749979
9, 92, 975, 490, 980, 489, -5, 1, 2.9441970937399127, 5.0990195135927845
9, 93, 181, 49, 178, 52, 3, -3, -0.7853981633974483, 4.242640687119285
9, 94, 1101, 50, 1101, 51, 0, -1, -1.5707963267948966, 1.0
9, 95, 166, 19, 163, 21, 3, -2, -0.5880026035475675, 3.605551275463989
9, 96, 207, 363, 207, 360, 0, 3, 1.5707963267948966, 3.0
9, 97, 1073, 54, 1073, 54, 0, 0, 0.0, 0.0
9, 98, 1013, 267, 1012, 264, 1, 3, 1.2490457723982544, 3.1622776601683795
9, 99, 1137, 185, 1136, 184, 1, 1, 0.7853981633974483, 1.4142135623730951
9, 100, 524, 278, 524, 282, 0, -4, -1.5707963267948966, 4.0
9, 101, 507, 192, 508, 195, -1, -3, -1.892546881191539, 3.1622776601683795
9, 102, 273, 341, 273, 342, 0, -1, -1.5707963267948966, 1.0
9, 103, 980, 283, 979, 280, 1, 3, 1.2490457723982544, 3.1622776601683795
9, 104, 1133, 156, 1132, 156, 1, 0, 0.0, 1.0
9, 105, 401, 274, 401, 272, 0, 2, 1.5707963267948966, 2.0
9, 106, 300, 336, 300, 337, 0, -1, -1.5707963267948966, 1.0
9, 107, 410, 202, 410, 201, 0, 1, 1.5707963267948966, 1.0
9, 108, 1007, 350, 1006, 347, 1, 3, 1.2490457723982544, 3.1622776601683795
9, 109, 606, 80, 606, 82, 0, -2, -1.5707963267948966, 2.0
9, 110, 293, 351, 293, 352, 0, -1, -1.5707963267948966, 1.0
9, 111, 515, 290, 515, 294, 0, -4, -1.5707963267948966, 4.0
9, 112, 1029, 346, 1028, 343, 1, 3, 1.2490457723982544, 3.1622776601683795
9, 113, 282, 326, 282, 327, 0, -1, -1.5707963267948966, 1.0
9, 114, 184, 316, 185, 313, -1, 3, 1.892546881191539, 3.1622776601683795
9, 115, 545, 27, 545, 28, 0, -1, -1.5707963267948966, 1.0
9, 116, 1259, 131, 1261, 127, -2, 4, 2.0344439357957027, 4.47213595499958
10, 0, 268, 351, 268, 352, 0, -1, -1.5707963267948966, 1.0
10, 1, 813, 84, 813, 87, 0, -3, -1.5707963267948966, 3.0
10, 2, 977, 538, 982, 539, -5, -1, -2.9441970937399127, 5.0990195135927845
10, 3, 829, 109, 830, 112, -1, -3, -1.892546881191539, 3.1622776601683795
10, 4, 957, 559, 961, 560, -4, -1, -2.896613990462929, 4.123105625617661
10, 5, 174, 328, 175, 324, -1, 4, 1.8157749899217608, 4.123105625617661
10, 6, 820, 75, 820, 78, 0, -3, -1.5707963267948966, 3.0
10, 7, 829, 127, 830, 129, -1, -2, -2.0344439357957027, 2.23606797749979
10, 8, 181, 380, 181, 378, 0, 2, 1.5707963267948966, 2.0
10, 9, 820, 84, 821, 87, -1, -3, -1.892546881191539, 3.1622776601683795
10, 10, 1238, 538, 1241, 539, -3, -1, -2.819842099193151, 3.1622776601683795
10, 11, 259, 359, 259, 360, 0, -1, -1.5707963267948966, 1.0
10, 12, 480, 411, 481, 416, -1, -5, -1.7681918866447774, 5.0990195135927845
10, 13, 744, 40, 744, 40, 0, 0, 0.0, 0.0
10, 14, 496, 157, 496, 160, 0, -3, -1.5707963267948966, 3.0
10, 15, 510, 322, 511, 325, -1, -3, -1.892546881191539, 3.1622776601683795
10, 16, 484, 153, 484, 157, 0, -4, -1.5707963267948966, 4.0
10, 17, 792, 373, 793, 376, -1, -3, -1.892546881191539, 3.1622776601683795
10, 18, 390, 200, 391, 199, -1, 1, 2.356194490192345, 1.4142135623730951
10, 19, 609, 61, 609, 63, 0, -2, -1.5707963267948966, 2.0
10, 20, 676, 80, 677, 80, -1, 0, 3.141592653589793, 1.0
10, 21, 516, 280, 517, 283, -1, -3, -1.892546881191539, 3.1622776601683795
10, 22, 573, 45, 575, 46, -2, -1, -2.677945044588987, 2.23606797749979
10, 23, 952, 38, 953, 38, -1, 0, 3.141592653589793, 1.0
10, 24, 760, 653, 763, 654, -3, -1, -2.819842099193151, 3.1622776601683795
10, 25, 630, 129, 631, 129, -1, 0, 3.141592653589793, 1.0
10, 26, 464, 413, 465, 417, -1, -4, -1.8157749899217608, 4.123105625617661
10, 27, 767, 368, 767, 370, 0, -2, -1.5707963267948966, 2.0
10, 28, 765, 347, 765, 352, 0, -5, -1.5707963267948966, 5.0
10, 29, 1002, 244, 1000, 241, 2, 3, 0.982793723247329, 3.605551275463989
10, 30, 286, 353, 286, 354, 0, -1, -1.5707963267948966, 1.0
10, 31, 1148, 16, 1148, 15, 0, 1, 1.5707963267948966, 1.0
10, 32, 1144, 150, 1143, 150, 1, 0, 0.0, 1.0
10, 33, 960, 475, 965, 475, -5, 0, 3.141592653589793, 5.0
10, 34, 1100, 13, 1100, 14, 0, -1, -1.5707963267948966, 1.0
10, 35, 166, 26, 163, 28, 3, -2, -0.5880026035475675, 3.605551275463989
10, 36, 271, 50, 269, 53, 2, -3, -0.982793723247329, 3.605551275463989
10, 37, 493, 450, 494, 454, -1, -4, -1.8157749899217608, 4.123105625617661
10, 38, 167, 382, 169, 379, -2, 3, 2.158798930342464, 3.605551275463989
10, 39, 800, 97, 800, 100, 0, -3, -1.5707963267948966, 3.0
10, 40, 945, 510, 950, 509, -5, 1, 2.9441970937399127, 5.0990195135927845
10, 41, 983, 532, 987, 533, -4, -1, -2.896613990462929, 4.123105625617661
10, 42, 191, 77, 187, 78, 4, -1, -0.24497866312686414, 4.123105625617661
10, 43, 1183, 108, 1183, 106, 0, 2, 1.5707963267948966, 2.0
10, 44, 828, 91, 829, 94, -1, -3, -1.892546881191539, 3.1622776601683795
10, 45, 213, 373, 214, 370, -1, 3, 1.892546881191539, 3.1622776601683795
10, 46, 1015, 250, 1013, 246, 2, 4, 1.1071487177940904, 4.47213595499958
10, 47, 287, 396, 287, 397, 0, -1, -1.5707963267948966, 1.0
10, 48, 494, 238, 495, 241, -1, -3, -1.892546881191539, 3.1622776601683795
10, 49, 749, 46, 749, 46, 0, 0, 0.0, 0.0
10, 50, 528, 289, 529, 293, -1, -4, -1.8157749899217608, 4.123105625617661
10, 51, 177, 318, 178, 314, -1, 4, 1.8157749899217608, 4.123105625617661
10, 52, 995, 294, 994, 290, 1, 4, 1.3258176636680326, 4.123105625617661
10, 53, 803, 612, 804, 616, -1, -4, -1.8157749899217608, 4.123105625617661
10, 54, 605, 87, 605, 90, 0, -3, -1.5707963267948966, 3.0
10, 55, 487, 144, 487, 148, 0, -4, -1.5707963267948966, 4.0
10, 56, 739, 45, 739, 45, 0, 0, 0.0, 0.0
10, 57, 284, 360, 284, 361, 0, -1, -1.5707963267948966, 1.0
10, 58, 481, 526, 482, 528, -1, -2, -2.0344439357957027, 2.23606797749979
10, 59, 1007, 237, 1005, 234, 2, 3, 0.982793723247329, 3.605551275463989
10, 60, 685, 93, 686, 93, -1, 0, 3.141592653589793, 1.0
10, 61, 389, 147, 389, 147, 0, 0, 0.0, 0.0
10, 62, 988, 376, 987, 372, 1, 4, 1.3258176636680326, 4.123105625617661
10, 63, 811, 659, 813, 664, -2, -5, -1.9513027039072615, 5.385164807134504
10, 64, 619, 125, 619, 127, 0, -2, -1.5707963267948966, 2.0
10, 65, 622, 62, 621, 64, 1, -2, -1.1071487177940904, 2.23606797749979
10, 66, 1014, 237, 1012, 234, 2, 3, 0.982793723247329, 3.605551275463989
10, 67, 743, 104, 744, 104, -1, 0, 3.141592653589793, 1.0
10, 68, 163, 57, 160, 59, 3, -2, -0.5880026035475675, 3.605551275463989
10, 69, 669, 141, 670, 141, -1, 0, 3.141592653589793, 1.0
10, 70, 1063, 81, 1063, 81, 0, 0, 0.0, 0.0
10, 71, 555, 112, 557, 114, -2, -2, -2.356194490192345, 2.8284271247461903
10, 72, 1261, 434, 1269, 438, -8, -4, -2.677945044588987, 8.94427190999916
10, 73, 1181, 66, 1180, 65, 1, 1, 0.7853981633974483, 1.4142135623730951
10, 74, 181, 50, 178, 53, 3, -3, -0.7853981633974483, 4.242640687119285
10, 75, 475, 399, 476, 404, -1, -5, -1.7681918866447774, 5.0990195135927845
10, 76, 185, 318, 186, 314, -1, 4, 1.8157749899217608, 4.123105625617661
10, 77, 677, 168, 678, 168, -1, 0, 3.141592653589793, 1.0
10, 78, 634, 214, 635, 213, -1, 1, 2.356194490192345, 1.4142135623730951
10, 79, 1245, 472, 1249, 473, -4, -1, -2.896613990462929, 4.123105625617661
10, 80, 538, 313, 539, 317, -1, -4, -1.8157749899217608, 4.123105625617661
10, 81, 1069, 23, 1070, 23, -1, 0, 3.141592653589793, 1.0
10, 82, 83, 642, 83, 642, 0, 0, 0.0, 0.0
10, 83, 207, 365, 208, 362, -1, 3, 1.892546881191539, 3.1622776601683795
10, 84, 38, 568, 37, 567, 1, 1, 0.7853981633974483, 1.4142135623730951
10, 85, 266, 9, 265, 12, 1, -3, -1.2490457723982544, 3.1622776601683795
10, 86, 957, 491, 962, 492, -5, -1, -2.9441970937399127, 5.0990195135927845
10, 87, 1079, 16, 1080, 16, -1, 0, 3.141592653589793, 1.0
10, 88, 166, 19, 163, 21, 3, -2, -0.5880026035475675, 3.605551275463989
10, 89, 388, 243, 388, 242, 0, 1, 1.5707963267948966, 1.0
10, 90, 1261, 453, 1270, 457, -9, -4, -2.723368324010564, 9.848857801796104
10, 91, 1003, 338, 1005, 335, -2, 3, 2.158798930342464, 3.605551275463989
10, 92, 515, 292, 516, 295, -1, -3, -1.892546881191539, 3.1622776601683795
10, 93, 295, 395, 295, 396, 0, -1, -1.5707963267948966, 1.0
10, 94, 615, 18, 616, 17, -1, 1, 2.356194490192345, 1.4142135623730951
10, 95, 990, 249, 989, 246, 1, 3, 1.2490457723982544, 3.1622776601683795
10, 96, 514, 20, 513, 19, 1, 1, 0.7853981633974483, 1.4142135623730951
10, 97, 1102, 51, 1102, 51, 0, 0, 0.0, 0.0
10, 98, 89, 619, 87, 617, 2, 2, 0.7853981633974483, 2.8284271247461903
10, 99, 550, 127, 551, 129, -1, -2, -2.0344439357957027, 2.23606797749979
10, 100, 1072, 55, 1073, 55, -1, 0, 3.141592653589793, 1.0
10, 101, 1261, 128, 1271, 127, -10, 1, 3.0419240010986313, 10.04987562112089
10, 102, 939, 499, 944, 498, -5, 1, 2.9441970937399127, 5.0990195135927845
10, 103, 280, 366, 280, 367, 0, -1, -1.5707963267948966, 1.0
10, 104, 1036, 384, 1034, 386, 2, -2, -0.7853981633974483, 2.8284271247461903
10, 105, 410, 203, 410, 201, 0, 2, 1.5707963267948966, 2.0
10, 106, 1070, 76, 1070, 77, 0, -1, -1.5707963267948966, 1.0
10, 107, 981, 280, 980, 277, 1, 3, 1.2490457723982544, 3.1622776601683795
10, 108, 504, 185, 504, 189, 0, -4, -1.5707963267948966, 4.0
10, 109, 1007, 351, 1006, 348, 1, 3, 1.2490457723982544, 3.1622776601683795
10, 110, 98, 631, 94, 628, 4, 3, 0.6435011087932844, 5.0
10, 111, 77, 611, 76, 611, 1, 0, 0.0, 1.0
10, 112, 268, 362, 268, 363, 0, -1, -1.5707963267948966, 1.0
10, 113, 783, 317, 783, 320, 0, -3, -1.5707963267948966, 3.0
10, 114, 1151, 200, 1152, 200, -1, 0, 3.141592653589793, 1.0
10, 115, 1133, 157, 1132, 157, 1, 0, 0.0, 1.0
10, 116, 618, 174, 619, 172, -1, 2, 2.0344439357957027, 2.23606797749979
10, 117, 1151, 45, 1152, 44, -1, 1, 2.356194490192345, 1.4142135623730951
10, 118, 1207, 144, 1206, 144, 1, 0, 0.0, 1.0
10, 119, 398, 280, 398, 277, 0, 3, 1.5707963267948966, 3.0
10, 120, 535, 16, 533, 13, 2, 3, 0.982793723247329, 3.605551275463989
10, 121, 968, 557, 974, 558, -6, -1, -2.976443976175166, 6.082762530298219
10, 122, 513, 299, 514, 302, -1, -3, -1.892546881191539, 3.1622776601683795
10, 123, 1132, 92, 1131, 90, 1, 2, 1.1071487177940904, 2.23606797749979
10, 124, 799, 370, 800, 373, -1, -3, -1.892546881191539, 3.1622776601683795
10, 125, 782, 115, 783, 117, -1, -2, -2.0344439357957027, 2.23606797749979
10, 126, 1261, 97, 1270, 97, -9, 0, 3.141592653589793, 9.0
10, 127, 293, 381, 293, 382, 0, -1, -1.5707963267948966, 1.0
10, 128, 1028, 348, 1027, 344, 1, 4, 1.3258176636680326, 4.123105625617661
10, 129, 84, 585, 83, 584, 1, 1, 0.7853981633974483, 1.4142135623730951
10, 130, 523, 280, 524, 283, -1, -3, -1.892546881191539, 3.1622776601683795
10, 131, 190, 53, 187, 56, 3, -3, -0.7853981633974483, 4.242640687119285
10, 132, 606, 79, 606, 82, 0, -3, -1.5707963267948966, 3.0
10, 133, 948, 502, 953, 501, -5, 1, 2.9441970937399127, 5.0990195135927845
10, 134, 291, 362, 291, 363, 0, -1, -1.5707963267948966, 1.0
10, 135, 293, 373, 293, 374, 0, -1, -1.5707963267948966, 1.0
11, 0, 813, 81, 813, 84, 0, -3, -1.5707963267948966, 3.0
11, 1, 972, 537, 977, 538, -5, -1, -2.9441970937399127, 5.0990195135927845
11, 2, 828, 106, 829, 109, -1, -3, -1.892546881191539, 3.1622776601683795
11, 3, 953, 559, 957, 559, -4, 0, 3.141592653589793, 4.0
11, 4, 173, 331, 174, 328, -1, 3, 1.892546881191539, 3.1622776601683795
11, 5, 820, 72, 820, 75, 0, -3, -1.5707963267948966, 3.0
11, 6, 828, 125, 829, 127, -1, -2, -2.0344439357957027, 2.23606797749979
11, 7, 181, 382, 181, 380, 0, 2, 1.5707963267948966, 2.0
11, 8, 820, 81, 820, 84, 0, -3, -1.5707963267948966, 3.0
11, 9, 479, 406, 480, 411, -1, -5, -1.7681918866447774, 5.0990195135927845
11, 10, 744, 40, 744, 40, 0, 0, 0.0, 0.0
11, 11, 496, 153, 496, 157, 0, -4, -1.5707963267948966, 4.0
11, 12, 509, 318, 510, 322, -1, -4, -1.8157749899217608, 4.123105625617661
11, 13, 484, 149, 484, 153, 0, -4, -1.5707963267948966, 4.0
11, 14, 790, 370, 792, 373, -2, -3, -2.158798930342464, 3.605551275463989
11, 15, 390, 202, 390, 200, 0, 2, 1.5707963267948966, 2.0
11, 16, 609, 59, 609, 61, 0, -2, -1.5707963267948966, 2.0
11, 17, 675, 80, 676, 80, -1, 0, 3.141592653589793, 1.0
11, 18, 515, 277, 516, 280, -1, -3, -1.892546881191539, 3.1622776601683795
11, 19, 950, 38, 952, 38, -2, 0, 3.141592653589793, 2.0
11, 20, 758, 651, 760, 653, -2, -2, -2.356194490192345, 2.8284271247461903
11, 21, 629, 129, 630, 129, -1, 0, 3.141592653589793, 1.0
11, 22, 463, 408, 464, 413, -1, -5, -1.7681918866447774, 5.0990195135927845
11, 23, 767, 365, 767, 368, 0, -3, -1.5707963267948966, 3.0
11, 24, 765, 342, 765, 347, 0, -5, -1.5707963267948966, 5.0
11, 25, 1004, 247, 1002, 244, 2, 3, 0.982793723247329, 3.605551275463989
11, 26, 286, 352, 286, 353, 0, -1, -1.5707963267948966, 1.0
11, 27, 1148, 17, 1148, 16, 0, 1, 1.5707963267948966, 1.0
11, 28, 1145, 150, 1144, 150, 1, 0, 0.0, 1.0
11, 29, 954, 475, 960, 475, -6, 0, 3.141592653589793, 6.0
11, 30, 1100, 13, 1100, 13, 0, 0, 0.0, 0.0
11, 31, 169, 24, 166, 26, 3, -2, -0.5880026035475675, 3.605551275463989
11, 32, 273, 47, 271, 50, 2, -3, -0.982793723247329, 3.605551275463989
11, 33, 492, 446, 493, 450, -1, -4, -1.8157749899217608, 4.123105625617661
11, 34, 166, 385, 167, 382, -1, 3, 1.892546881191539, 3.1622776601683795
11, 35, 800, 94, 800, 97, 0, -3, -1.5707963267948966, 3.0
11, 36, 940, 511, 945, 510, -5, 1, 2.9441970937399127, 5.0990195135927845
11, 37, 978, 531, 983, 532, -5, -1, -2.9441970937399127, 5.0990195135927845
11, 38, 194, 77, 191, 77, 3, 0, 0.0, 3.0
11, 39, 1184, 108, 1183, 108, 1, 0, 0.0, 1.0
11, 40, 827, 88, 828, 91, -1, -3, -1.892546881191539, 3.1622776601683795
11, 41, 212, 376, 213, 373, -1, 3, 1.892546881191539, 3.1622776601683795
11, 42, 1017, 253, 1015, 250, 2, 3, 0.982793723247329, 3.605551275463989
11, 43, 287, 395, 287, 396, 0, -1, -1.5707963267948966, 1.0
11, 44, 492, 235, 494, 238, -2, -3, -2.158798930342464, 3.605551275463989
11, 45, 749, 46, 749, 46, 0, 0, 0.0, 0.0
11, 46, 527, 286, 528, 289, -1, -3, -1.892546881191539, 3.1622776601683795
11, 47, 176, 322, 177, 318, -1, 4, 1.8157749899217608, 4.123105625617661
11, 48, 996, 297, 995, 294, 1, 3, 1.2490457723982544, 3.1622776601683795
11, 49, 801, 607, 803, 612, -2, -5, -1.9513027039072615, 5.385164807134504
11, 50, 605, 84, 605, 87, 0, -3, -1.5707963267948966, 3.0
11, 51, 487, 140, 487, 144, 0, -4, -1.5707963267948966, 4.0
11, 52, 739, 45, 739, 45, 0, 0, 0.0, 0.0
11, 53, 284, 359, 284, 360, 0, -1, -1.5707963267948966, 1.0
11, 54, 480, 523, 481, 526, -1, -3, -1.892546881191539, 3.1622776601683795
11, 55, 1010, 240, 1007, 237, 3, 3, 0.7853981633974483, 4.242640687119285
11, 56, 684, 93, 685, 93, -1, 0, 3.141592653589793, 1.0
11, 57, 389, 147, 389, 147, 0, 0, 0.0, 0.0
11, 58, 989, 380, 988, 376, 1, 4, 1.3258176636680326, 4.123105625617661
11, 59, 809, 653, 811, 659, -2, -6, -1.892546881191539, 6.324555320336759
11, 60, 619, 124, 619, 125, 0, -1, -1.5707963267948966, 1.0
11, 61, 622, 60, 622, 62, 0, -2, -1.5707963267948966, 2.0
11, 62, 1017, 240, 1014, 237, 3, 3, 0.7853981633974483, 4.242640687119285
11, 63, 742, 105, 743, 104, -1, 1, 2.356194490192345, 1.4142135623730951
11, 64, 166, 55, 163, 57, 3, -2, -0.5880026035475675, 3.605551275463989
11, 65, 668, 141, 669, 141, -1, 0, 3.141592653589793, 1.0
11, 66, 1063, 81, 1063, 81, 0, 0, 0.0, 0.0
11, 67, 553, 111, 555, 112, -2, -1, -2.677945044588987, 2.23606797749979
11, 68, 1257, 430, 1261, 434, -4, -4, -2.356194490192345, 5.656854249492381
11, 69, 1182, 67, 1181, 66, 1, 1, 0.7853981633974483, 1.4142135623730951
11, 70, 184, 48, 181, 50, 3, -2, -0.5880026035475675, 3.605551275463989
11, 71, 474, 394, 475, 399, -1, -5, -1.7681918866447774, 5.0990195135927845
11, 72, 184, 322, 185, 318, -1, 4, 1.8157749899217608, 4.123105625617661
11, 73, 676, 168, 677, 168, -1, 0, 3.141592653589793, 1.0
11, 74, 633, 214, 634, 214, -1, 0, 3.141592653589793, 1.0
11, 75, 1242, 471, 1245, 472, -3, -1, -2.819842099193151, 3.1622776601683795
11, 76, 537, 310, 538, 313, -1, -3, -1.892546881191539, 3.1622776601683795
11, 77, 1069, 23, 1069, 23, 0, 0, 0.0, 0.0
11, 78, 82, 642, 83, 642, -1, 0, 3.141592653589793, 1.0
11, 79, 206, 368, 207, 365, -1, 3, 1.892546881191539, 3.1622776601683795
11, 80, 39, 569, 38, 568, 1, 1, 0.7853981633974483, 1.4142135623730951
11, 81, 952, 490, 957, 491, -5, -1, -2.9441970937399127, 5.0990195135927845
11, 82, 1079, 16, 1079, 16, 0, 0, 0.0, 0.0
11, 83, 169, 17, 166, 19, 3, -2, -0.5880026035475675, 3.605551275463989
11, 84, 388, 245, 388, 243, 0, 2, 1.5707963267948966, 2.0
11, 85, 1257, 449, 1261, 453, -4, -4, -2.356194490192345, 5.656854249492381
11, 86, 1002, 340, 1003, 338, -1, 2, 2.0344439357957027, 2.23606797749979
11, 87, 514, 289, 515, 292, -1, -3, -1.892546881191539, 3.1622776601683795
11, 88, 295, 394, 295, 395, 0, -1, -1.5707963267948966, 1.0
11, 89, 614, 19, 615, 18, -1, 1, 2.356194490192345, 1.4142135623730951
11, 90, 992, 252, 990, 249, 2, 3, 0.982793723247329, 3.605551275463989
11, 91, 514, 19, 514, 20, 0, -1, -1.5707963267948966, 1.0
11, 92, 1102, 50, 1102, 51, 0, -1, -1.5707963267948966, 1.0
11, 93, 91, 621, 89, 619, 2, 2, 0.7853981633974483, 2.8284271247461903
11, 94, 1071, 55, 1072, 55, -1, 0, 3.141592653589793, 1.0
11, 95, 1260, 132, 1261, 128, -1, 4, 1.8157749899217608, 4.123105625617661
11, 96, 935, 501, 939, 499, -4, 2, 2.677945044588987, 4.47213595499958
11, 97, 280, 365, 280, 366, 0, -1, -1.5707963267948966, 1.0
11, 98, 1037, 383, 1036, 384, 1, -1, -0.7853981633974483, 1.4142135623730951
11, 99, 410, 205, 410, 203, 0, 2, 1.5707963267948966, 2.0
11, 100, 1070, 75, 1070, 76, 0, -1, -1.5707963267948966, 1.0
11, 101, 982, 283, 981, 280, 1, 3, 1.2490457723982544, 3.1622776601683795
11, 102, 503, 181, 504, 185, -1, -4, -1.8157749899217608, 4.123105625617661
11, 103, 1008, 354, 1007, 351, 1, 3, 1.2490457723982544, 3.1622776601683795
11, 104, 101, 635, 98, 631, 3, 4, 0.9272952180016122, 5.0
11, 105, 77, 611, 77, 611, 0, 0, 0.0, 0.0
11, 106, 783, 314, 783, 317, 0, -3, -1.5707963267948966, 3.0
11, 107, 1134, 157, 1133, 157, 1, 0, 0.0, 1.0
11, 108, 617, 176, 618, 174, -1, 2, 2.0344439357957027, 2.23606797749979
11, 109, 1150, 46, 1151, 45, -1, 1, 2.356194490192345, 1.4142135623730951
11, 110, 1207, 144, 1207, 144, 0, 0, 0.0, 0.0
11, 111, 398, 283, 398, 280, 0, 3, 1.5707963267948966, 3.0
11, 112, 535, 19, 535, 16, 0, 3, 1.5707963267948966, 3.0
11, 113, 963, 557, 968, 557, -5, 0, 3.141592653589793, 5.0
11, 114, 512, 296, 513, 299, -1, -3, -1.892546881191539, 3.1622776601683795
11, 115, 1133, 92, 1132, 92, 1, 0, 0.0, 1.0
11, 116, 798, 367, 799, 370, -1, -3, -1.892546881191539, 3.1622776601683795
11, 117, 781, 113, 782, 115, -1, -2, -2.0344439357957027, 2.23606797749979
11, 118, 1260, 98, 1261, 97, -1, 1, 2.356194490192345, 1.4142135623730951
11, 119, 1029, 352, 1028, 348, 1, 4, 1.3258176636680326, 4.123105625617661
11, 120, 85, 586, 84, 585, 1, 1, 0.7853981633974483, 1.4142135623730951
11, 121, 522, 277, 523, 280, -1, -3, -1.892546881191539, 3.1622776601683795
11, 122, 193, 50, 190, 53, 3, -3, -0.7853981633974483, 4.242640687119285
11, 123, 606, 77, 606, 79, 0, -2, -1.5707963267948966, 2.0
11, 124, 943, 503, 948, 502, -5, 1, 2.9441970937399127, 5.0990195135927845
11, 125, 291, 361, 291, 362, 0, -1, -1.5707963267948966, 1.0
12, 0, 813, 81, 814, 85, -1, -4, -1.8157749899217608, 4.123105625617661
12, 1, 767, 363, 767, 368, 0, -5, -1.5707963267948966, 5.0
12, 2, 828, 104, 829, 109, -1, -5, -1.7681918866447774, 5.0990195135927845
12, 3, 173, 331, 174, 328, -1, 3, 1.892546881191539, 3.1622776601683795
12, 4, 789, 370, 791, 374, -2, -4, -2.0344439357957027, 4.47213595499958
12, 5, 951, 563, 955, 563, -4, 0, 3.141592653589793, 4.0
12, 6, 827, 123, 828, 127, -1, -4, -1.8157749899217608, 4.123105625617661
12, 7, 967, 536, 973, 539, -6, -3, -2.677945044588987, 6.708203932499369
12, 8, 544, 47, 545, 50, -1, -3, -1.892546881191539, 3.1622776601683795
12, 9, 180, 384, 181, 380, -1, 4, 1.8157749899217608, 4.123105625617661
12, 10, 480, 408, 481, 412, -1, -4, -1.8157749899217608, 4.123105625617661
12, 11, 819, 71, 820, 75, -1, -4, -1.8157749899217608, 4.123105625617661
12, 12, 607, 84, 606, 88, 1, -4, -1.3258176636680326, 4.123105625617661
12, 13, 496, 152, 497, 157, -1, -5, -1.7681918866447774, 5.0990195135927845
12, 14, 746, 43, 747, 41, -1, 2, 2.0344439357957027, 2.23606797749979
12, 15, 510, 317, 511, 322, -1, -5, -1.7681918866447774, 5.0990195135927845
12, 16, 861, 41, 863, 42, -2, -1, -2.677945044588987, 2.23606797749979
12, 17, 821, 81, 822, 85, -1, -4, -1.8157749899217608, 4.123105625617661
12, 18, 611, 57, 610, 61, 1, -4, -1.3258176636680326, 4.123105625617661
12, 19, 484, 153, 485, 157, -1, -4, -1.8157749899217608, 4.123105625617661
12, 20, 845, 55, 847, 57, -2, -2, -2.356194490192345, 2.8284271247461903
12, 21, 463, 409, 465, 413, -2, -4, -2.0344439357957027, 4.47213595499958
12, 22, 1002, 345, 1003, 344, -1, 1, 2.356194490192345, 1.4142135623730951
12, 23, 675, 81, 676, 81, -1, 0, 3.141592653589793, 1.0
12, 24, 951, 476, 957, 476, -6, 0, 3.141592653589793, 6.0
12, 25, 572, 44, 574, 46, -2, -2, -2.356194490192345, 2.8284271247461903
12, 26, 1003, 248, 1002, 245, 1, 3, 1.2490457723982544, 3.1622776601683795
12, 27, 1243, 486, 1246, 487, -3, -1, -2.819842099193151, 3.1622776601683795
12, 28, 392, 205, 392, 202, 0, 3, 1.5707963267948966, 3.0
12, 29, 1236, 510, 1239, 517, -3, -7, -1.97568811307998, 7.615773105863909
12, 30, 630, 131, 631, 130, -1, 1, 2.356194490192345, 1.4142135623730951
12, 31, 949, 39, 951, 39, -2, 0, 3.141592653589793, 2.0
12, 32, 1104, 50, 1103, 51, 1, -1, -0.7853981633974483, 1.4142135623730951
12, 33, 389, 147, 390, 147, -1, 0, 3.141592653589793, 1.0
12, 34, 1146, 152, 1144, 151, 2, 1, 0.4636476090008061, 2.23606797749979
12, 35, 515, 275, 516, 280, -1, -5, -1.7681918866447774, 5.0990195135927845
12, 36, 870, 59, 871, 61, -1, -2, -2.0344439357957027, 2.23606797749979
12, 37, 759, 649, 761, 653, -2, -4, -2.0344439357957027, 4.47213595499958
12, 38, 306, 377, 308, 379, -2, -2, -2.356194490192345, 2.8284271247461903
12, 39, 1147, 18, 1148, 16, -1, 2, 2.0344439357957027, 2.23606797749979
12, 40, 685, 94, 686, 94, -1, 0, 3.141592653589793, 1.0
12, 41, 985, 318, 984, 318, 1, 0, 0.0, 1.0
12, 42, 767, 342, 767, 348, 0, -6, -1.5707963267948966, 6.0
12, 43, 868, 50, 869, 52, -1, -2, -2.0344439357957027, 2.23606797749979
12, 44, 273, 47, 271, 50, 2, -3, -0.982793723247329, 3.605551275463989
12, 45, 800, 92, 801, 97, -1, -5, -1.7681918866447774, 5.0990195135927845
12, 46, 492, 447, 494, 450, -2, -3, -2.158798930342464, 3.605551275463989
12, 47, 1017, 251, 1015, 250, 2, 1, 0.4636476090008061, 2.23606797749979
12, 48, 488, 233, 491, 238, -3, -5, -2.1112158270654806, 5.830951894845301
12, 49, 978, 530, 982, 533, -4, -3, -2.498091544796509, 5.0
12, 50, 552, 121, 554, 122, -2, -1, -2.677945044588987, 2.23606797749979
12, 51, 1101, 13, 1101, 14, 0, -1, -1.5707963267948966, 1.0
12, 52, 212, 377, 214, 374, -2, 3, 2.158798930342464, 3.605551275463989
12, 53, 508, 28, 508, 32, 0, -4, -1.5707963267948966, 4.0
12, 54, 65, 87, 67, 89, -2, -2, -2.356194490192345, 2.8284271247461903
12, 55, 1260, 430, 1265, 434, -5, -4, -2.4668517113662407, 6.4031242374328485
12, 56, 285, 351, 286, 353, -1, -2, -2.0344439357957027, 2.23606797749979
12, 57, 320, 407, 322, 408, -2, -1, -2.677945044588987, 2.23606797749979
12, 58, 487, 141, 488, 145, -1, -4, -1.8157749899217608, 4.123105625617661
12, 59, 829, 88, 829, 92, 0, -4, -1.5707963267948966, 4.0
12, 60, 311, 342, 313, 343, -2, -1, -2.677945044588987, 2.23606797749979
12, 61, 481, 520, 482, 526, -1, -6, -1.7359450042095235, 6.082762530298219
12, 62, 738, 47, 739, 45, -1, 2, 2.0344439357957027, 2.23606797749979
12, 63, 877, 64, 878, 66, -1, -2, -2.0344439357957027, 2.23606797749979
12, 64, 997, 296, 995, 295, 2, 1, 0.4636476090008061, 2.23606797749979
12, 65, 669, 143, 670, 142, -1, 1, 2.356194490192345, 1.4142135623730951
12, 66, 941, 511, 944, 511, -3, 0, 3.141592653589793, 3.0
12, 67, 167, 387, 169, 384, -2, 3, 2.158798930342464, 3.605551275463989
12, 68, 488, 26, 488, 31, 0, -5, -1.5707963267948966, 5.0
12, 69, 1222, 27, 1223, 29, -1, -2, -2.0344439357957027, 2.23606797749979
12, 70, 801, 606, 802, 609, -1, -3, -1.892546881191539, 3.1622776601683795
12, 71, 184, 48, 182, 51, 2, -3, -0.982793723247329, 3.605551275463989
12, 72, 332, 382, 334, 383, -2, -1, -2.677945044588987, 2.23606797749979
12, 73, 1185, 107, 1184, 107, 1, 0, 0.0, 1.0
12, 74, 615, 124, 616, 126, -1, -2, -2.0344439357957027, 2.23606797749979
12, 75, 587, 126, 588, 128, -1, -2, -2.0344439357957027, 2.23606797749979
12, 76, 169, 25, 166, 27, 3, -2, -0.5880026035475675, 3.605551275463989
12, 77, 1010, 240, 1008, 238, 2, 2, 0.7853981633974483, 2.8284271247461903
12, 78, 1017, 240, 1015, 238, 2, 2, 0.7853981633974483, 2.8284271247461903
12, 79, 495, 225, 497, 227, -2, -2, -2.356194490192345, 2.8284271247461903
12, 80, 205, 368, 207, 366, -2, 2, 2.356194490192345, 2.8284271247461903
12, 81, 276, 334, 278, 336, -2, -2, -2.356194490192345, 2.8284271247461903
12, 82, 527, 287, 529, 291, -2, -4, -2.0344439357957027, 4.47213595499958
12, 83, 164, 55, 163, 58, 1, -3, -1.2490457723982544, 3.1622776601683795
12, 84, 502, 182, 503, 185, -1, -3, -1.892546881191539, 3.1622776601683795
12, 85, 194, 77, 192, 78, 2, -1, -0.4636476090008061, 2.23606797749979
12, 86, 537, 311, 539, 314, -2, -3, -2.158798930342464, 3.605551275463989
12, 87, 983, 282, 982, 281, 1, 1, 0.7853981633974483, 1.4142135623730951
12, 88, 1065, 82, 1065, 83, 0, -1, -1.5707963267948966, 1.0
12, 89, 95, 623, 92, 622, 3, 1, 0.3217505543966422, 3.1622776601683795
12, 90, 334, 421, 335, 423, -1, -2, -2.0344439357957027, 2.23606797749979
12, 91, 268, 9, 266, 10, 2, -1, -0.4636476090008061, 2.23606797749979
12, 92, 989, 379, 988, 377, 1, 2, 1.1071487177940904, 2.23606797749979
12, 93, 1184, 67, 1182, 66, 2, 1, 0.4636476090008061, 2.23606797749979
12, 94, 676, 166, 678, 168, -2, -2, -2.356194490192345, 2.8284271247461903
12, 95, 619, 177, 619, 175, 0, 2, 1.5707963267948966, 2.0
12, 96, 261, 394, 262, 396, -1, -2, -2.0344439357957027, 2.23606797749979
12, 97, 633, 213, 634, 212, -1, 1, 2.356194490192345, 1.4142135623730951
12, 98, 175, 322, 177, 319, -2, 3, 2.158798930342464, 3.605551275463989
12, 99, 743, 105, 744, 104, -1, 1, 2.356194490192345, 1.4142135623730951
12, 100, 939, 115, 940, 117, -1, -2, -2.0344439357957027, 2.23606797749979
12, 101, 608, 75, 607, 79, 1, -4, -1.3258176636680326, 4.123105625617661
12, 102, 927, 109, 928, 111, -1, -2, -2.0344439357957027, 2.23606797749979
12, 103, 782, 114, 783, 116, -1, -2, -2.0344439357957027, 2.23606797749979
12, 104, 1070, 23, 1070, 23, 0, 0, 0.0, 0.0
12, 105, 1080, 16, 1080, 16, 0, 0, 0.0, 0.0
12, 106, 951, 493, 956, 493, -5, 0, 3.141592653589793, 5.0
12, 107, 83, 640, 84, 642, -1, -2, -2.0344439357957027, 2.23606797749979
12, 108, 291, 341, 292, 343, -1, -2, -2.0344439357957027, 2.23606797749979
12, 109, 525, 18, 524, 19, 1, -1, -0.7853981633974483, 1.4142135623730951
12, 110, 387, 248, 388, 244, -1, 4, 1.8157749899217608, 4.123105625617661
12, 111, 935, 500, 938, 500, -3, 0, 3.141592653589793, 3.0
12, 112, 89, 160, 91, 161, -2, -1, -2.677945044588987, 2.23606797749979
12, 113, 957, 557, 962, 557, -5, 0, 3.141592653589793, 5.0
12, 114, 552, 111, 554, 112, -2, -1, -2.677945044588987, 2.23606797749979
12, 115, 409, 207, 410, 203, -1, 4, 1.8157749899217608, 4.123105625617661
12, 116, 40, 571, 38, 569, 2, 2, 0.7853981633974483, 2.8284271247461903
12, 117, 169, 17, 166, 20, 3, -3, -0.7853981633974483, 4.242640687119285
12, 118, 616, 19, 616, 18, 0, 1, 1.5707963267948966, 1.0
12, 119, 1261, 450, 1266, 453, -5, -3, -2.601173153319209, 5.830951894845301
12, 120, 83, 146, 85, 147, -2, -1, -2.677945044588987, 2.23606797749979
12, 121, 250, 421, 252, 422, -2, -1, -2.677945044588987, 2.23606797749979
12, 122, 1039, 385, 1036, 384, 3, 1, 0.3217505543966422, 3.1622776601683795
12, 123, 272, 340, 274, 342, -2, -2, -2.356194490192345, 2.8284271247461903
12, 124, 474, 395, 476, 400, -2, -5, -1.9513027039072615, 5.385164807134504
12, 125, 400, 288, 398, 285, 2, 3, 0.982793723247329, 3.605551275463989
12, 126, 783, 312, 783, 318, 0, -6, -1.5707963267948966, 6.0
12, 127, 1009, 354, 1008, 353, 1, 1, 0.7853981633974483, 1.4142135623730951
12, 128, 84, 630, 84, 630, 0, 0, 0.0, 0.0
12, 129, 299, 335, 300, 337, -1, -2, -2.0344439357957027, 2.23606797749979
12, 130, 1072, 56, 1072, 56, 0, 0, 0.0, 0.0
12, 131, 533, 379, 534, 381, -1, -2, -2.0344439357957027, 2.23606797749979
12, 132, 1149, 199, 1151, 200, -2, -1, -2.677945044588987, 2.23606797749979
12, 133, 1247, 553, 1249, 555, -2, -2, -2.356194490192345, 2.8284271247461903
12, 134, 533, 19, 534, 19, -1, 0, 3.141592653589793, 1.0
12, 135, 623, 58, 622, 62, 1, -4, -1.3258176636680326, 4.123105625617661
12, 136, 1069, 77, 1069, 77, 0, 0, 0.0, 0.0
12, 137, 293, 349, 294, 351, -1, -2, -2.0344439357957027, 2.23606797749979
12, 138, 935, 109, 936, 111, -1, -2, -2.0344439357957027, 2.23606797749979
12, 139, 544, 26, 545, 28, -1, -2, -2.0344439357957027, 2.23606797749979
12, 140, 1261, 102, 1269, 99, -8, 3, 2.782821983319221, 8.54400374531753
12, 141, 183, 322, 185, 319, -2, 3, 2.158798930342464, 3.605551275463989
12, 142, 105, 639, 103, 635, 2, 4, 1.1071487177940904, 4.47213595499958
12, 143, 1135, 158, 1133, 157, 2, 1, 0.4636476090008061, 2.23606797749979
12, 144, 570, 51, 572, 53, -2, -2, -2.356194490192345, 2.8284271247461903
12, 145, 78, 612, 78, 612, 0, 0, 0.0, 0.0
12, 146, 643, 209, 643, 208, 0, 1, 1.5707963267948966, 1.0
12, 147, 943, 503, 946, 504, -3, -1, -2.819842099193151, 3.1622776601683795
12, 148, 1150, 49, 1151, 46, -1, 3, 1.892546881191539, 3.1622776601683795
12, 149, 1261, 133, 1270, 132, -9, 1, 3.0309354324158977, 9.055385138137417
12, 150, 511, 295, 513, 299, -2, -4, -2.0344439357957027, 4.47213595499958
12, 151, 993, 253, 992, 250, 1, 3, 1.2490457723982544, 3.1622776601683795
12, 152, 1081, 52, 1081, 52, 0, 0, 0.0, 0.0
12, 153, 672, 90, 673, 90, -1, 0, 3.141592653589793, 1.0
12, 154, 859, 50, 861, 52, -2, -2, -2.356194490192345, 2.8284271247461903
12, 155, 85, 117, 87, 119, -2, -2, -2.356194490192345, 2.8284271247461903
12, 156, 194, 51, 192, 54, 2, -3, -0.982793723247329, 3.605551275463989
12, 157, 552, 83, 554, 86, -2, -3, -2.158798930342464, 3.605551275463989
12, 158, 271, 433, 269, 435, 2, -2, -0.7853981633974483, 2.8284271247461903
12, 159, 508, 190, 509, 193, -1, -3, -1.892546881191539, 3.1622776601683795
13, 0, 812, 78, 813, 81, -1, -3, -1.892546881191539, 3.1622776601683795
13, 1, 767, 359, 767, 363, 0, -4, -1.5707963267948966, 4.0
13, 2, 827, 100, 828, 104, -1, -4, -1.8157749899217608, 4.123105625617661
13, 3, 172, 334, 173, 331, -1, 3, 1.892546881191539, 3.1622776601683795
13, 4, 789, 366, 789, 370, 0, -4, -1.5707963267948966, 4.0
13, 5, 948, 563, 951, 563, -3, 0, 3.141592653589793, 3.0
13, 6, 826, 119, 827, 123, -1, -4, -1.8157749899217608, 4.123105625617661
13, 7, 963, 535, 967, 536, -4, -1, -2.896613990462929, 4.123105625617661
13, 8, 544, 46, 544, 47, 0, -1, -1.5707963267948966, 1.0
13, 9, 179, 387, 180, 384, -1, 3, 1.892546881191539, 3.1622776601683795
13, 10, 479, 404, 480, 408, -1, -4, -1.8157749899217608, 4.123105625617661
13, 11, 818, 68, 819, 71, -1, -3, -1.892546881191539, 3.1622776601683795
13, 12, 607, 82, 607, 84, 0, -2, -1.5707963267948966, 2.0
13, 13, 495, 148, 496, 152, -1, -4, -1.8157749899217608, 4.123105625617661
13, 14, 745, 45, 746, 43, -1, 2, 2.0344439357957027, 2.23606797749979
13, 15, 509, 312, 510, 317, -1, -5, -1.7681918866447774, 5.0990195135927845
13, 16, 820, 78, 821, 81, -1, -3, -1.892546881191539, 3.1622776601683795
13, 17, 611, 56, 611, 57, 0, -1, -1.5707963267948966, 1.0
13, 18, 483, 149, 484, 153, -1, -4, -1.8157749899217608, 4.123105625617661
13, 19, 462, 405, 463, 409, -1, -4, -1.8157749899217608, 4.123105625617661
13, 20, 674, 81, 675, 81, -1, 0, 3.141592653589793, 1.0
13, 21, 947, 475, 951, 476, -4, -1, -2.896613990462929, 4.123105625617661
13, 22, 1005, 250, 1003, 248, 2, 2, 0.7853981633974483, 2.8284271247461903
13, 23, 1240, 484, 1243, 486, -3, -2, -2.5535900500422257, 3.605551275463989
13, 24, 392, 207, 392, 205, 0, 2, 1.5707963267948966, 2.0
13, 25, 1232, 507, 1236, 510, -4, -3, -2.498091544796509, 5.0
13, 26, 630, 132, 630, 131, 0, 1, 1.5707963267948966, 1.0
13, 27, 947, 39, 949, 39, -2, 0, 3.141592653589793, 2.0
13, 28, 1104, 49, 1104, 50, 0, -1, -1.5707963267948966, 1.0
13, 29, 388, 147, 389, 147, -1, 0, 3.141592653589793, 1.0
13, 30, 1146, 153, 1146, 152, 0, 1, 1.5707963267948966, 1.0
13, 31, 513, 270, 515, 275, -2, -5, -1.9513027039072615, 5.385164807134504
13, 32, 757, 646, 759, 649, -2, -3, -2.158798930342464, 3.605551275463989
13, 33, 1146, 19, 1147, 18, -1, 1, 2.356194490192345, 1.4142135623730951
13, 34, 684, 94, 685, 94, -1, 0, 3.141592653589793, 1.0
13, 35, 986, 322, 985, 318, 1, 4, 1.3258176636680326, 4.123105625617661
13, 36, 767, 338, 767, 342, 0, -4, -1.5707963267948966, 4.0
13, 37, 273, 44, 273, 47, 0, -3, -1.5707963267948966, 3.0
13, 38, 799, 90, 800, 92, -1, -2, -2.0344439357957027, 2.23606797749979
13, 39, 491, 442, 492, 447, -1, -5, -1.7681918866447774, 5.0990195135927845
13, 40, 1019, 253, 1017, 251, 2, 2, 0.7853981633974483, 2.8284271247461903
13, 41, 486, 230, 488, 233, -2, -3, -2.158798930342464, 3.605551275463989
13, 42, 973, 529, 978, 530, -5, -1, -2.9441970937399127, 5.0990195135927845
13, 43, 1101, 12, 1101, 13, 0, -1, -1.5707963267948966, 1.0
13, 44, 210, 381, 212, 377, -2, 4, 2.0344439357957027, 4.47213595499958
13, 45, 508, 24, 508, 28, 0, -4, -1.5707963267948966, 4.0
13, 46, 1256, 426, 1260, 430, -4, -4, -2.356194490192345, 5.656854249492381
13, 47, 486, 136, 487, 141, -1, -5, -1.7681918866447774, 5.0990195135927845
13, 48, 828, 85, 829, 88, -1, -3, -1.892546881191539, 3.1622776601683795
13, 49, 480, 515, 481, 520, -1, -5, -1.7681918866447774, 5.0990195135927845
13, 50, 737, 49, 738, 47, -1, 2, 2.0344439357957027, 2.23606797749979
13, 51, 998, 299, 997, 296, 1, 3, 1.2490457723982544, 3.1622776601683795
13, 52, 668, 143, 669, 143, -1, 0, 3.141592653589793, 1.0
13, 53, 936, 511, 941, 511, -5, 0, 3.141592653589793, 5.0
13, 54, 167, 389, 167, 387, 0, 2, 1.5707963267948966, 2.0
13, 55, 488, 23, 488, 26, 0, -3, -1.5707963267948966, 3.0
13, 56, 799, 602, 801, 606, -2, -4, -2.0344439357957027, 4.47213595499958
13, 57, 186, 46, 184, 48, 2, -2, -0.7853981633974483, 2.8284271247461903
13, 58, 1185, 107, 1185, 107, 0, 0, 0.0, 0.0
13, 59, 615, 123, 615, 124, 0, -1, -1.5707963267948966, 1.0
13, 60, 171, 22, 169, 25, 2, -3, -0.982793723247329, 3.605551275463989
13, 61, 1012, 242, 1010, 240, 2, 2, 0.7853981633974483, 2.8284271247461903
13, 62, 1020, 242, 1017, 240, 3, 2, 0.5880026035475675, 3.605551275463989
13, 63, 494, 223, 495, 225, -1, -2, -2.0344439357957027, 2.23606797749979
13, 64, 203, 372, 205, 368, -2, 4, 2.0344439357957027, 4.47213595499958
13, 65, 525, 282, 527, 287, -2, -5, -1.9513027039072615, 5.385164807134504
13, 66, 167, 53, 164, 55, 3, -2, -0.5880026035475675, 3.605551275463989
13, 67, 501, 178, 502, 182, -1, -4, -1.8157749899217608, 4.123105625617661
13, 68, 194, 76, 194, 77, 0, -1, -1.5707963267948966, 1.0
13, 69, 536, 308, 537, 311, -1, -3, -1.892546881191539, 3.1622776601683795
13, 70, 985, 284, 983, 282, 2, 2, 0.7853981633974483, 2.8284271247461903
13, 71, 1065, 82, 1065, 82, 0, 0, 0.0, 0.0
13, 72, 97, 625, 95, 623, 2, 2, 0.7853981633974483, 2.8284271247461903
13, 73, 991, 383, 989, 379, 2, 4, 1.1071487177940904, 4.47213595499958
13, 74, 1184, 67, 1184, 67, 0, 0, 0.0, 0.0
13, 75, 676, 166, 676, 166, 0, 0, 0.0, 0.0
13, 76, 619, 177, 619, 177, 0, 0, 0.0, 0.0
13, 77, 632, 213, 633, 213, -1, 0, 3.141592653589793, 1.0
13, 78, 174, 324, 175, 322, -1, 2, 2.0344439357957027, 2.23606797749979
13, 79, 742, 106, 743, 105, -1, 1, 2.356194490192345, 1.4142135623730951
13, 80, 608, 73, 608, 75, 0, -2, -1.5707963267948966, 2.0
13, 81, 1069, 23, 1070, 23, -1, 0, 3.141592653589793, 1.0
13, 82, 1079, 16, 1080, 16, -1, 0, 3.141592653589793, 1.0
13, 83, 947, 492, 951, 493, -4, -1, -2.896613990462929, 4.123105625617661
13, 84, 83, 640, 83, 640, 0, 0, 0.0, 0.0
13, 85, 526, 18, 525, 18, 1, 0, 0.0, 1.0
13, 86, 387, 250, 387, 248, 0, 2, 1.5707963267948966, 2.0
13, 87, 930, 500, 935, 500, -5, 0, 3.141592653589793, 5.0
13, 88, 953, 558, 957, 557, -4, 1, 2.896613990462929, 4.123105625617661
13, 89, 408, 210, 409, 207, -1, 3, 1.892546881191539, 3.1622776601683795
13, 90, 41, 572, 40, 571, 1, 1, 0.7853981633974483, 1.4142135623730951
13, 91, 171, 14, 169, 17, 2, -3, -0.982793723247329, 3.605551275463989
13, 92, 616, 20, 616, 19, 0, 1, 1.5707963267948966, 1.0
13, 93, 1257, 446, 1261, 450, -4, -4, -2.356194490192345, 5.656854249492381
13, 94, 1040, 388, 1039, 385, 1, 3, 1.2490457723982544, 3.1622776601683795
13, 95, 473, 389, 474, 395, -1, -6, -1.7359450042095235, 6.082762530298219
13, 96, 403, 289, 400, 288, 3, 1, 0.3217505543966422, 3.1622776601683795
13, 97, 783, 307, 783, 312, 0, -5, -1.5707963267948966, 5.0
13, 98, 1011, 355, 1009, 354, 2, 1, 0.4636476090008061, 2.23606797749979
13, 99, 84, 630, 84, 630, 0, 0, 0.0, 0.0
13, 100, 1072, 56, 1072, 56, 0, 0, 0.0, 0.0
13, 101, 532, 377, 533, 379, -1, -2, -2.0344439357957027, 2.23606797749979
13, 102, 1150, 201, 1149, 199, 1, 2, 1.1071487177940904, 2.23606797749979
13, 103, 534, 19, 533, 19, 1, 0, 0.0, 1.0
13, 104, 623, 56, 623, 58, 0, -2, -1.5707963267948966, 2.0
13, 105, 1069, 77, 1069, 77, 0, 0, 0.0, 0.0
13, 106, 546, 25, 544, 26, 2, -1, -0.4636476090008061, 2.23606797749979
13, 107, 1260, 104, 1261, 102, -1, 2, 2.0344439357957027, 2.23606797749979
13, 108, 182, 325, 183, 322, -1, 3, 1.892546881191539, 3.1622776601683795
13, 109, 106, 642, 105, 639, 1, 3, 1.2490457723982544, 3.1622776601683795
13, 110, 1135, 159, 1135, 158, 0, 1, 1.5707963267948966, 1.0
13, 111, 78, 613, 78, 612, 0, 1, 1.5707963267948966, 1.0
13, 112, 643, 210, 643, 209, 0, 1, 1.5707963267948966, 1.0
13, 113, 938, 503, 943, 503, -5, 0, 3.141592653589793, 5.0
13, 114, 1149, 50, 1150, 49, -1, 1, 2.356194490192345, 1.4142135623730951
13, 115, 1261, 134, 1261, 133, 0, 1, 1.5707963267948966, 1.0
13, 116, 509, 291, 511, 295, -2, -4, -2.0344439357957027, 4.47213595499958
13, 117, 995, 255, 993, 253, 2, 2, 0.7853981633974483, 2.8284271247461903
13, 118, 1081, 52, 1081, 52, 0, 0, 0.0, 0.0
13, 119, 671, 90, 672, 90, -1, 0, 3.141592653589793, 1.0
13, 120, 197, 50, 194, 51, 3, -1, -0.3217505543966422, 3.1622776601683795
13, 121, 272, 431, 271, 433, 1, -2, -1.1071487177940904, 2.23606797749979
13, 122, 507, 187, 508, 190, -1, -3, -1.892546881191539, 3.1622776601683795
14, 0, 828, 100, 829, 104, -1, -4, -1.8157749899217608, 4.123105625617661
14, 1, 171, 335, 173, 333, -2, 2, 2.356194490192345, 2.8284271247461903
14, 2, 1261, 472, 1275, 475, -14, -3, -2.930499320367047, 14.317821063276353
14, 3, 745, 45, 746, 43, -1, 2, 2.0344439357957027, 2.23606797749979
14, 4, 813, 76, 814, 80, -1, -4, -1.8157749899217608, 4.123105625617661
14, 5, 819, 67, 820, 71, -1, -4, -1.8157749899217608, 4.123105625617661
14, 6, 1224, 500, 1228, 501, -4, -1, -2.896613990462929, 4.123105625617661
14, 7, 1105, 50, 1105, 51, 0, -1, -1.5707963267948966, 1.0
14, 8, 478, 401, 479, 405, -1, -4, -1.8157749899217608, 4.123105625617661
14, 9, 1254, 425, 1258, 429, -4, -4, -2.356194490192345, 5.656854249492381
14, 10, 483, 144, 484, 148, -1, -4, -1.8157749899217608, 4.123105625617661
14, 11, 1237, 477, 1240, 480, -3, -3, -2.356194490192345, 4.242640687119285
14, 12, 767, 358, 767, 362, 0, -4, -1.5707963267948966, 4.0
14, 13, 768, 339, 768, 343, 0, -4, -1.5707963267948966, 4.0
14, 14, 510, 23, 510, 27, 0, -4, -1.5707963267948966, 4.0
14, 15, 825, 120, 826, 124, -1, -4, -1.8157749899217608, 4.123105625617661
14, 16, 495, 146, 496, 151, -1, -5, -1.7681918866447774, 5.0990195135927845
14, 17, 188, 401, 190, 398, -2, 3, 2.158798930342464, 3.605551275463989
14, 18, 463, 401, 464, 405, -1, -4, -1.8157749899217608, 4.123105625617661
14, 19, 792, 365, 792, 369, 0, -4, -1.5707963267948966, 4.0
14, 20, 942, 477, 946, 478, -4, -1, -2.896613990462929, 4.123105625617661
14, 21, 612, 56, 612, 58, 0, -2, -1.5707963267948966, 2.0
14, 22, 758, 646, 760, 649, -2, -3, -2.158798930342464, 3.605551275463989
14, 23, 607, 83, 607, 85, 0, -2, -1.5707963267948966, 2.0
14, 24, 1147, 18, 1148, 18, -1, 0, 3.141592653589793, 1.0
14, 25, 630, 133, 631, 132, -1, 1, 2.356194490192345, 1.4142135623730951
14, 26, 931, 512, 936, 512, -5, 0, 3.141592653589793, 5.0
14, 27, 391, 207, 392, 205, -1, 2, 2.0344439357957027, 2.23606797749979
14, 28, 176, 391, 178, 388, -2, 3, 2.158798930342464, 3.605551275463989
14, 29, 676, 81, 676, 81, 0, 0, 0.0, 0.0
14, 30, 509, 312, 510, 317, -1, -5, -1.7681918866447774, 5.0990195135927845
14, 31, 514, 270, 516, 275, -2, -5, -1.9513027039072615, 5.385164807134504
14, 32, 1009, 249, 1006, 248, 3, 1, 0.3217505543966422, 3.1622776601683795
14, 33, 946, 39, 948, 40, -2, -1, -2.677945044588987, 2.23606797749979
14, 34, 685, 94, 686, 94, -1, 0, 3.141592653589793, 1.0
14, 35, 798, 662, 801, 665, -3, -3, -2.356194490192345, 4.242640687119285
14, 36, 800, 92, 801, 94, -1, -2, -2.0344439357957027, 2.23606797749979
14, 37, 1146, 155, 1146, 153, 0, 2, 1.5707963267948966, 2.0
14, 38, 487, 134, 488, 139, -1, -5, -1.7681918866447774, 5.0990195135927845
14, 39, 279, 70, 279, 71, 0, -1, -1.5707963267948966, 1.0
14, 40, 1101, 13, 1101, 14, 0, -1, -1.5707963267948966, 1.0
14, 41, 389, 148, 390, 148, -1, 0, 3.141592653589793, 1.0
14, 42, 210, 384, 212, 380, -2, 4, 2.0344439357957027, 4.47213595499958
14, 43, 107, 637, 104, 635, 3, 2, 0.5880026035475675, 3.605551275463989
14, 44, 828, 83, 829, 87, -1, -4, -1.8157749899217608, 4.123105625617661
14, 45, 1255, 443, 1259, 447, -4, -4, -2.356194490192345, 5.656854249492381
14, 46, 496, 220, 497, 222, -1, -2, -2.0344439357957027, 2.23606797749979
14, 47, 951, 563, 955, 561, -4, 2, 2.677945044588987, 4.47213595499958
14, 48, 492, 437, 494, 441, -2, -4, -2.0344439357957027, 4.47213595499958
14, 49, 796, 597, 799, 601, -3, -4, -2.214297435588181, 5.0
14, 50, 1021, 256, 1019, 254, 2, 2, 0.7853981633974483, 2.8284271247461903
14, 51, 1186, 108, 1186, 108, 0, 0, 0.0, 0.0
14, 52, 525, 280, 527, 285, -2, -5, -1.9513027039072615, 5.385164807134504
14, 53, 645, 221, 645, 219, 0, 2, 1.5707963267948966, 2.0
14, 54, 970, 530, 975, 532, -5, -2, -2.761086276477428, 5.385164807134504
14, 55, 986, 325, 984, 321, 2, 4, 1.1071487177940904, 4.47213595499958
14, 56, 618, 124, 618, 125, 0, -1, -1.5707963267948966, 1.0
14, 57, 736, 109, 736, 108, 0, 1, 1.5707963267948966, 1.0
14, 58, 1261, 441, 1274, 445, -13, -4, -2.843093722003614, 13.601470508735444
14, 59, 993, 389, 991, 385, 2, 4, 1.1071487177940904, 4.47213595499958
14, 60, 941, 494, 946, 495, -5, -1, -2.9441970937399127, 5.0990195135927845
14, 61, 189, 47, 187, 49, 2, -2, -0.7853981633974483, 2.8284271247461903
14, 62, 738, 50, 739, 48, -1, 2, 2.0344439357957027, 2.23606797749979
14, 63, 987, 289, 985, 287, 2, 2, 0.7853981633974483, 2.8284271247461903
14, 64, 608, 75, 608, 77, 0, -2, -1.5707963267948966, 2.0
14, 65, 1070, 24, 1070, 24, 0, 0, 0.0, 0.0
14, 66, 168, 390, 168, 387, 0, 3, 1.5707963267948966, 3.0
14, 67, 669, 142, 670, 142, -1, 0, 3.141592653589793, 1.0
14, 68, 785, 120, 785, 120, 0, 0, 0.0, 0.0
14, 69, 633, 212, 634, 212, -1, 0, 3.141592653589793, 1.0
14, 70, 1222, 123, 1223, 120, -1, 3, 1.892546881191539, 3.1622776601683795
14, 71, 1021, 243, 1019, 242, 2, 1, 0.4636476090008061, 2.23606797749979
14, 72, 489, 24, 489, 27, 0, -3, -1.5707963267948966, 3.0
14, 73, 961, 536, 965, 538, -4, -2, -2.677945044588987, 4.47213595499958
14, 74, 1100, 55, 1100, 56, 0, -1, -1.5707963267948966, 1.0
14, 75, 172, 20, 170, 23, 2, -3, -0.982793723247329, 3.605551275463989
14, 76, 959, 487, 964, 487, -5, 0, 3.141592653589793, 5.0
14, 77, 41, 572, 40, 571, 1, 1, 0.7853981633974483, 1.4142135623730951
14, 78, 553, 82, 554, 84, -1, -2, -2.0344439357957027, 2.23606797749979
14, 79, 386, 249, 387, 247, -1, 2, 2.0344439357957027, 2.23606797749979
14, 80, 532, 370, 532, 373, 0, -3, -1.5707963267948966, 3.0
14, 81, 502, 46, 503, 48, -1, -2, -2.0344439357957027, 2.23606797749979
14, 82, 1080, 17, 1080, 17, 0, 0, 0.0, 0.0
14, 83, 1014, 243, 1012, 242, 2, 1, 0.4636476090008061, 2.23606797749979
14, 84, 677, 167, 677, 167, 0, 0, 0.0, 0.0
14, 85, 172, 13, 170, 16, 2, -3, -0.982793723247329, 3.605551275463989
14, 86, 1234, 498, 1238, 499, -4, -1, -2.896613990462929, 4.123105625617661
14, 87, 925, 501, 930, 501, -5, 0, 3.141592653589793, 5.0
14, 88, 615, 18, 616, 18, -1, 0, 3.141592653589793, 1.0
14, 89, 1145, 206, 1144, 204, 1, 2, 1.1071487177940904, 2.23606797749979
14, 90, 620, 179, 620, 178, 0, 1, 1.5707963267948966, 1.0
14, 91, 196, 50, 195, 52, 1, -2, -1.1071487177940904, 2.23606797749979
14, 92, 1089, 79, 1089, 79, 0, 0, 0.0, 0.0
14, 93, 174, 326, 176, 324, -2, 2, 2.356194490192345, 2.8284271247461903
14, 94, 954, 23, 957, 23, -3, 0, 3.141592653589793, 3.0
14, 95, 1082, 52, 1082, 52, 0, 0, 0.0, 0.0
14, 96, 1068, 56, 1068, 56, 0, 0, 0.0, 0.0
14, 97, 1039, 389, 1038, 385, 1, 4, 1.3258176636680326, 4.123105625617661
14, 98, 1186, 73, 1186, 73, 0, 0, 0.0, 0.0
14, 99, 1139, 182, 1139, 180, 0, 2, 1.5707963267948966, 2.0
14, 100, 1171, 155, 1171, 155, 0, 0, 0.0, 0.0
14, 101, 1261, 103, 1268, 102, -7, 1, 2.999695598985629, 7.0710678118654755
14, 102, 77, 613, 77, 612, 0, 1, 1.5707963267948966, 1.0
14, 103, 473, 385, 474, 391, -1, -6, -1.7359450042095235, 6.082762530298219
14, 104, 1013, 363, 1011, 360, 2, 3, 0.982793723247329, 3.605551275463989
14, 105, 1135, 161, 1135, 159, 0, 2, 1.5707963267948966, 2.0
14, 106, 536, 306, 537, 310, -1, -4, -1.8157749899217608, 4.123105625617661
14, 107, 933, 504, 938, 504, -5, 0, 3.141592653589793, 5.0
14, 108, 1151, 202, 1150, 200, 1, 2, 1.1071487177940904, 2.23606797749979
14, 109, 673, 88, 674, 88, -1, 0, 3.141592653589793, 1.0
14, 110, 410, 185, 411, 185, -1, 0, 3.141592653589793, 1.0
14, 111, 486, 227, 488, 230, -2, -3, -2.158798930342464, 3.605551275463989
14, 112, 1247, 551, 1248, 553, -1, -2, -2.0344439357957027, 2.23606797749979
14, 113, 647, 172, 648, 171, -1, 1, 2.356194490192345, 1.4142135623730951
14, 114, 780, 670, 781, 675, -1, -5, -1.7681918866447774, 5.0990195135927845
14, 115, 276, 43, 276, 45, 0, -2, -1.5707963267948966, 2.0
14, 116, 81, 642, 82, 642, -1, 0, 3.141592653589793, 1.0
14, 117, 486, 511, 486, 518, 0, -7, -1.5707963267948966, 7.0
14, 118, 173, 53, 170, 56, 3, -3, -0.7853981633974483, 4.242640687119285
14, 119, 935, 561, 937, 561, -2, 0, 3.141592653589793, 2.0
14, 120, 511, 283, 513, 287, -2, -4, -2.0344439357957027, 4.47213595499958
14, 121, 810, 154, 811, 157, -1, -3, -1.892546881191539, 3.1622776601683795
14, 122, 1259, 494, 1262, 498, -3, -4, -2.214297435588181, 5.0
14, 123, 1151, 48, 1151, 48, 0, 0, 0.0, 0.0
14, 124, 510, 290, 512, 294, -2, -4, -2.0344439357957027, 4.47213595499958
14, 125, 965, 569, 971, 568, -6, 1, 2.976443976175166, 6.082762530298219
14, 126, 1011, 414, 1010, 412, 1, 2, 1.1071487177940904, 2.23606797749979
14, 127, 956, 30, 958, 30, -2, 0, 3.141592653589793, 2.0
14, 128, 784, 307, 784, 312, 0, -5, -1.5707963267948966, 5.0
14, 129, 1206, 151, 1207, 148, -1, 3, 1.892546881191539, 3.1622776601683795
14, 130, 1034, 358, 1033, 356, 1, 2, 1.1071487177940904, 2.23606797749979
14, 131, 623, 58, 623, 60, 0, -2, -1.5707963267948966, 2.0
14, 132, 85, 566, 83, 565, 2, 1, 0.4636476090008061, 2.23606797749979
14, 133, 1246, 448, 1249, 452, -3, -4, -2.214297435588181, 5.0
14, 134, 269, 421, 269, 422, 0, -1, -1.5707963267948966, 1.0
14, 135, 727, 76, 728, 75, -1, 1, 2.356194490192345, 1.4142135623730951
14, 136, 625, 19, 625, 19, 0, 0, 0.0, 0.0
14, 137, 1145, 59, 1145, 58, 0, 1, 1.5707963267948966, 1.0
14, 138, 743, 104, 743, 104, 0, 0, 0.0, 0.0
15, 0, 827, 96, 828, 100, -1, -4, -1.8157749899217608, 4.123105625617661
15, 1, 169, 336, 171, 335, -2, 1, 2.677945044588987, 2.23606797749979
15, 2, 1257, 468, 1261, 472, -4, -4, -2.356194490192345, 5.656854249492381
15, 3, 744, 47, 745, 45, -1, 2, 2.0344439357957027, 2.23606797749979
15, 4, 812, 72, 813, 76, -1, -4, -1.8157749899217608, 4.123105625617661
15, 5, 818, 63, 819, 67, -1, -4, -1.8157749899217608, 4.123105625617661
15, 6, 1219, 500, 1224, 500, -5, 0, 3.141592653589793, 5.0
15, 7, 1105, 49, 1105, 50, 0, -1, -1.5707963267948966, 1.0
15, 8, 477, 397, 478, 401, -1, -4, -1.8157749899217608, 4.123105625617661
15, 9, 1250, 421, 1254, 425, -4, -4, -2.356194490192345, 5.656854249492381
15, 10, 482, 140, 483, 144, -1, -4, -1.8157749899217608, 4.123105625617661
15, 11, 1234, 475, 1237, 477, -3, -2, -2.5535900500422257, 3.605551275463989
15, 12, 767, 354, 767, 358, 0, -4, -1.5707963267948966, 4.0
15, 13, 767, 337, 768, 339, -1, -2, -2.0344439357957027, 2.23606797749979
15, 14, 510, 19, 510, 23, 0, -4, -1.5707963267948966, 4.0
15, 15, 824, 116, 825, 120, -1, -4, -1.8157749899217608, 4.123105625617661
15, 16, 494, 142, 495, 146, -1, -4, -1.8157749899217608, 4.123105625617661
15, 17, 187, 404, 188, 401, -1, 3, 1.892546881191539, 3.1622776601683795
15, 18, 462, 397, 463, 401, -1, -4, -1.8157749899217608, 4.123105625617661
15, 19, 792, 361, 792, 365, 0, -4, -1.5707963267948966, 4.0
15, 20, 937, 476, 942, 477, -5, -1, -2.9441970937399127, 5.0990195135927845
15, 21, 612, 54, 612, 56, 0, -2, -1.5707963267948966, 2.0
15, 22, 757, 642, 758, 646, -1, -4, -1.8157749899217608, 4.123105625617661
15, 23, 607, 81, 607, 83, 0, -2, -1.5707963267948966, 2.0
15, 24, 1147, 18, 1147, 18, 0, 0, 0.0, 0.0
15, 25, 630, 134, 630, 133, 0, 1, 1.5707963267948966, 1.0
15, 26, 926, 512, 931, 512, -5, 0, 3.141592653589793, 5.0
15, 27, 390, 208, 391, 207, -1, 1, 2.356194490192345, 1.4142135623730951
15, 28, 175, 393, 176, 391, -1, 2, 2.0344439357957027, 2.23606797749979
15, 29, 676, 81, 676, 81, 0, 0, 0.0, 0.0
15, 30, 508, 307, 509, 312, -1, -5, -1.7681918866447774, 5.0990195135927845
15, 31, 513, 265, 514, 270, -1, -5, -1.7681918866447774, 5.0990195135927845
15, 32, 1011, 251, 1009, 249, 2, 2, 0.7853981633974483, 2.8284271247461903
15, 33, 944, 38, 946, 39, -2, -1, -2.677945044588987, 2.23606797749979
15, 34, 684, 94, 685, 94, -1, 0, 3.141592653589793, 1.0
15, 35, 795, 659, 798, 662, -3, -3, -2.356194490192345, 4.242640687119285
15, 36, 799, 90, 800, 92, -1, -2, -2.0344439357957027, 2.23606797749979
15, 37, 1146, 157, 1146, 155, 0, 2, 1.5707963267948966, 2.0
15, 38, 486, 130, 487, 134, -1, -4, -1.8157749899217608, 4.123105625617661
15, 39, 279, 69, 279, 70, 0, -1, -1.5707963267948966, 1.0
15, 40, 1101, 13, 1101, 13, 0, 0, 0.0, 0.0
15, 41, 388, 149, 389, 148, -1, 1, 2.356194490192345, 1.4142135623730951
15, 42, 208, 387, 210, 384, -2, 3, 2.158798930342464, 3.605551275463989
15, 43, 110, 639, 107, 637, 3, 2, 0.5880026035475675, 3.605551275463989
15, 44, 827, 79, 828, 83, -1, -4, -1.8157749899217608, 4.123105625617661
15, 45, 1251, 439, 1255, 443, -4, -4, -2.356194490192345, 5.656854249492381
15, 46, 495, 218, 496, 220, -1, -2, -2.0344439357957027, 2.23606797749979
15, 47, 947, 565, 951, 563, -4, 2, 2.677945044588987, 4.47213595499958
15, 48, 490, 433, 492, 437, -2, -4, -2.0344439357957027, 4.47213595499958
15, 49, 793, 593, 796, 597, -3, -4, -2.214297435588181, 5.0
15, 50, 1023, 258, 1021, 256, 2, 2, 0.7853981633974483, 2.8284271247461903
15, 51, 1186, 108, 1186, 108, 0, 0, 0.0, 0.0
15, 52, 524, 275, 525, 280, -1, -5, -1.7681918866447774, 5.0990195135927845
15, 53, 644, 222, 645, 221, -1, 1, 2.356194490192345, 1.4142135623730951
15, 54, 966, 528, 970, 530, -4, -2, -2.677945044588987, 4.47213595499958
15, 55, 987, 329, 986, 325, 1, 4, 1.3258176636680326, 4.123105625617661
15, 56, 736, 109, 736, 109, 0, 0, 0.0, 0.0
15, 57, 1257, 436, 1261, 441, -4, -5, -2.2455372690184494, 6.4031242374328485
15, 58, 995, 392, 993, 389, 2, 3, 0.982793723247329, 3.605551275463989
15, 59, 936, 494, 941, 494, -5, 0, 3.141592653589793, 5.0
15, 60, 190, 45, 189, 47, 1, -2, -1.1071487177940904, 2.23606797749979
15, 61, 737, 52, 738, 50, -1, 2, 2.0344439357957027, 2.23606797749979
15, 62, 988, 290, 987, 289, 1, 1, 0.7853981633974483, 1.4142135623730951
15, 63, 608, 74, 608, 75, 0, -1, -1.5707963267948966, 1.0
15, 64, 1069, 24, 1070, 24, -1, 0, 3.141592653589793, 1.0
15, 65, 168, 392, 168, 390, 0, 2, 1.5707963267948966, 2.0
15, 66, 668, 142, 669, 142, -1, 0, 3.141592653589793, 1.0
15, 67, 1222, 126, 1222, 123, 0, 3, 1.5707963267948966, 3.0
15, 68, 1023, 245, 1021, 243, 2, 2, 0.7853981633974483, 2.8284271247461903
15, 69, 489, 21, 489, 24, 0, -3, -1.5707963267948966, 3.0
15, 70, 957, 534, 961, 536, -4, -2, -2.677945044588987, 4.47213595499958
15, 71, 1100, 54, 1100, 55, 0, -1, -1.5707963267948966, 1.0
15, 72, 174, 16, 172, 20, 2, -4, -1.1071487177940904, 4.47213595499958
15, 73, 954, 487, 959, 487, -5, 0, 3.141592653589793, 5.0
15, 74, 42, 573, 41, 572, 1, 1, 0.7853981633974483, 1.4142135623730951
15, 75, 552, 80, 553, 82, -1, -2, -2.0344439357957027, 2.23606797749979
15, 76, 386, 251, 386, 249, 0, 2, 1.5707963267948966, 2.0
15, 77, 531, 367, 532, 370, -1, -3, -1.892546881191539, 3.1622776601683795
15, 78, 502, 44, 502, 46, 0, -2, -1.5707963267948966, 2.0
15, 79, 1079, 17, 1080, 17, -1, 0, 3.141592653589793, 1.0
15, 80, 1016, 245, 1014, 243, 2, 2, 0.7853981633974483, 2.8284271247461903
15, 81, 677, 168, 677, 167, 0, 1, 1.5707963267948966, 1.0
15, 82, 174, 9, 172, 13, 2, -4, -1.1071487177940904, 4.47213595499958
15, 83, 1229, 497, 1234, 498, -5, -1, -2.9441970937399127, 5.0990195135927845
15, 84, 920, 501, 925, 501, -5, 0, 3.141592653589793, 5.0
15, 85, 614, 18, 615, 18, -1, 0, 3.141592653589793, 1.0
15, 86, 1146, 209, 1145, 206, 1, 3, 1.2490457723982544, 3.1622776601683795
15, 87, 620, 179, 620, 179, 0, 0, 0.0, 0.0
15, 88, 197, 48, 196, 50, 1, -2, -1.1071487177940904, 2.23606797749979
15, 89, 1089, 79, 1089, 79, 0, 0, 0.0, 0.0
15, 90, 172, 328, 174, 326, -2, 2, 2.356194490192345, 2.8284271247461903
15, 91, 952, 22, 954, 23, -2, -1, -2.677945044588987, 2.23606797749979
15, 92, 1082, 52, 1082, 52, 0, 0, 0.0, 0.0
15, 93, 1068, 56, 1068, 56, 0, 0, 0.0, 0.0
15, 94, 1040, 393, 1039, 389, 1, 4, 1.3258176636680326, 4.123105625617661
15, 95, 1186, 73, 1186, 73, 0, 0, 0.0, 0.0
15, 96, 1139, 184, 1139, 182, 0, 2, 1.5707963267948966, 2.0
15, 97, 1171, 156, 1171, 155, 0, 1, 1.5707963267948966, 1.0
15, 98, 1260, 103, 1261, 103, -1, 0, 3.141592653589793, 1.0
15, 99, 77, 614, 77, 613, 0, 1, 1.5707963267948966, 1.0
15, 100, 472, 379, 473, 385, -1, -6, -1.7359450042095235, 6.082762530298219
15, 101, 1015, 365, 1013, 363, 2, 2, 0.7853981633974483, 2.8284271247461903
15, 102, 1135, 163, 1135, 161, 0, 2, 1.5707963267948966, 2.0
15, 103, 535, 303, 536, 306, -1, -3, -1.892546881191539, 3.1622776601683795
15, 104, 928, 504, 933, 504, -5, 0, 3.141592653589793, 5.0
15, 105, 1152, 204, 1151, 202, 1, 2, 1.1071487177940904, 2.23606797749979
15, 106, 672, 88, 673, 88, -1, 0, 3.141592653589793, 1.0
15, 107, 409, 185, 410, 185, -1, 0, 3.141592653589793, 1.0
15, 108, 484, 224, 486, 227, -2, -3, -2.158798930342464, 3.605551275463989
15, 109, 1245, 548, 1247, 551, -2, -3, -2.158798930342464, 3.605551275463989
15, 110, 646, 173, 647, 172, -1, 1, 2.356194490192345, 1.4142135623730951
15, 111, 780, 665, 780, 670, 0, -5, -1.5707963267948966, 5.0
15, 112, 276, 40, 276, 43, 0, -3, -1.5707963267948966, 3.0
15, 113, 487, 503, 486, 511, 1, -8, -1.446441332248135, 8.06225774829855
15, 114, 175, 49, 173, 53, 2, -4, -1.1071487177940904, 4.47213595499958
15, 115, 933, 561, 935, 561, -2, 0, 3.141592653589793, 2.0
15, 116, 510, 278, 511, 283, -1, -5, -1.7681918866447774, 5.0990195135927845
15, 117, 809, 151, 810, 154, -1, -3, -1.892546881191539, 3.1622776601683795
15, 118, 1256, 489, 1259, 494, -3, -5, -2.1112158270654806, 5.830951894845301
15, 119, 1150, 48, 1151, 48, -1, 0, 3.141592653589793, 1.0
15, 120, 509, 285, 510, 290, -1, -5, -1.7681918866447774, 5.0990195135927845
15, 121, 959, 571, 965, 569, -6, 2, 2.819842099193151, 6.324555320336759
15, 122, 1013, 416, 1011, 414, 2, 2, 0.7853981633974483, 2.8284271247461903
15, 123, 953, 30, 956, 30, -3, 0, 3.141592653589793, 3.0
15, 124, 784, 302, 784, 307, 0, -5, -1.5707963267948966, 5.0
15, 125, 1206, 154, 1206, 151, 0, 3, 1.5707963267948966, 3.0
15, 126, 1035, 360, 1034, 358, 1, 2, 1.1071487177940904, 2.23606797749979
15, 127, 623, 56, 623, 58, 0, -2, -1.5707963267948966, 2.0
15, 128, 87, 567, 85, 566, 2, 1, 0.4636476090008061, 2.23606797749979
15, 129, 1243, 443, 1246, 448, -3, -5, -2.1112158270654806, 5.830951894845301
15, 130, 726, 76, 727, 76, -1, 0, 3.141592653589793, 1.0
15, 131, 625, 19, 625, 19, 0, 0, 0.0, 0.0
15, 132, 1144, 59, 1145, 59, -1, 0, 3.141592653589793, 1.0
15, 133, 743, 104, 743, 104, 0, 0, 0.0, 0.0
16, 0, 828, 97, 829, 101, -1, -4, -1.8157749899217608, 4.123105625617661
16, 1, 510, 20, 510, 23, 0, -3, -1.5707963267948966, 3.0
16, 2, 169, 336, 171, 335, -2, 1, 2.677945044588987, 2.23606797749979
16, 3, 477, 394, 478, 399, -1, -5, -1.7681918866447774, 5.0990195135927845
16, 4, 1250, 422, 1253, 426, -3, -4, -2.214297435588181, 5.0
16, 5, 819, 74, 820, 77, -1, -3, -1.892546881191539, 3.1622776601683795
16, 6, 818, 65, 819, 68, -1, -3, -1.892546881191539, 3.1622776601683795
16, 7, 1224, 502, 1227, 502, -3, 0, 3.141592653589793, 3.0
16, 8, 1106, 51, 1106, 51, 0, 0, 0.0, 0.0
16, 9, 745, 47, 746, 45, -1, 2, 2.0344439357957027, 2.23606797749979
16, 10, 545, 46, 545, 47, 0, -1, -1.5707963267948966, 1.0
16, 11, 483, 140, 484, 144, -1, -4, -1.8157749899217608, 4.123105625617661
16, 12, 1261, 467, 1271, 471, -10, -4, -2.761086276477428, 10.770329614269007
16, 13, 1148, 19, 1148, 19, 0, 0, 0.0, 0.0
16, 14, 608, 82, 608, 83, 0, -1, -1.5707963267948966, 1.0
16, 15, 824, 118, 825, 122, -1, -4, -1.8157749899217608, 4.123105625617661
16, 16, 957, 534, 961, 536, -4, -2, -2.677945044588987, 4.47213595499958
16, 17, 494, 143, 495, 147, -1, -4, -1.8157749899217608, 4.123105625617661
16, 18, 462, 398, 463, 402, -1, -4, -1.8157749899217608, 4.123105625617661
16, 19, 1001, 344, 1002, 344, -1, 0, 3.141592653589793, 1.0
16, 20, 935, 478, 940, 479, -5, -1, -2.9441970937399127, 5.0990195135927845
16, 21, 613, 55, 613, 57, 0, -2, -1.5707963267948966, 2.0
16, 22, 676, 83, 676, 82, 0, 1, 1.5707963267948966, 1.0
16, 23, 631, 137, 631, 135, 0, 2, 1.5707963267948966, 2.0
16, 24, 953, 487, 958, 487, -5, 0, 3.141592653589793, 5.0
16, 25, 926, 513, 931, 513, -5, 0, 3.141592653589793, 5.0
16, 26, 514, 265, 515, 270, -1, -5, -1.7681918866447774, 5.0990195135927845
16, 27, 685, 96, 686, 95, -1, 1, 2.356194490192345, 1.4142135623730951
16, 28, 799, 91, 800, 93, -1, -2, -2.0344439357957027, 2.23606797749979
16, 29, 767, 343, 768, 342, -1, 1, 2.356194490192345, 1.4142135623730951
16, 30, 996, 391, 994, 388, 2, 3, 0.982793723247329, 3.605551275463989
16, 31, 525, 276, 526, 281, -1, -5, -1.7681918866447774, 5.0990195135927845
16, 32, 1022, 258, 1021, 256, 1, 2, 1.1071487177940904, 2.23606797749979
16, 33, 508, 307, 509, 312, -1, -5, -1.7681918866447774, 5.0990195135927845
16, 34, 1146, 158, 1146, 155, 0, 3, 1.5707963267948966, 3.0
16, 35, 187, 408, 189, 405, -2, 3, 2.158798930342464, 3.605551275463989
16, 36, 757, 641, 759, 645, -2, -4, -2.0344439357957027, 4.47213595499958
16, 37, 768, 353, 768, 357, 0, -4, -1.5707963267948966, 4.0
16, 38, 1010, 252, 1009, 250, 1, 2, 1.1071487177940904, 2.23606797749979
16, 39, 486, 132, 487, 135, -1, -3, -1.892546881191539, 3.1622776601683795
16, 40, 1236, 536, 1238, 538, -2, -2, -2.356194490192345, 2.8284271247461903
16, 41, 1102, 13, 1102, 13, 0, 0, 0.0, 0.0
16, 42, 966, 528, 971, 530, -5, -2, -2.761086276477428, 5.385164807134504
16, 43, 990, 290, 989, 288, 1, 2, 1.1071487177940904, 2.23606797749979
16, 44, 945, 40, 947, 41, -2, -1, -2.677945044588987, 2.23606797749979
16, 45, 390, 208, 391, 207, -1, 1, 2.356194490192345, 1.4142135623730951
16, 46, 536, 303, 537, 307, -1, -4, -1.8157749899217608, 4.123105625617661
16, 47, 389, 150, 390, 149, -1, 1, 2.356194490192345, 1.4142135623730951
16, 48, 1261, 103, 1266, 103, -5, 0, 3.141592653589793, 5.0
16, 49, 502, 45, 502, 47, 0, -2, -1.5707963267948966, 2.0
16, 50, 668, 145, 669, 144, -1, 1, 2.356194490192345, 1.4142135623730951
16, 51, 1252, 438, 1255, 443, -3, -5, -2.1112158270654806, 5.830951894845301
16, 52, 208, 387, 210, 384, -2, 3, 2.158798930342464, 3.605551275463989
16, 53, 794, 592, 796, 596, -2, -4, -2.0344439357957027, 4.47213595499958
16, 54, 1235, 472, 1237, 474, -2, -2, -2.356194490192345, 2.8284271247461903
16, 55, 988, 334, 988, 332, 0, 2, 1.5707963267948966, 2.0
16, 56, 489, 21, 489, 24, 0, -3, -1.5707963267948966, 3.0
16, 57, 113, 643, 111, 640, 2, 3, 0.982793723247329, 3.605551275463989
16, 58, 1020, 278, 1018, 275, 2, 3, 0.982793723247329, 3.605551275463989
16, 59, 737, 52, 738, 50, -1, 2, 2.0344439357957027, 2.23606797749979
16, 60, 1069, 24, 1070, 24, -1, 0, 3.141592653589793, 1.0
16, 61, 1023, 246, 1022, 244, 1, 2, 1.1071487177940904, 2.23606797749979
16, 62, 1099, 55, 1100, 55, -1, 0, 3.141592653589793, 1.0
16, 63, 495, 220, 496, 222, -1, -2, -2.0344439357957027, 2.23606797749979
16, 64, 609, 74, 609, 75, 0, -1, -1.5707963267948966, 1.0
16, 65, 1186, 108, 1186, 108, 0, 0, 0.0, 0.0
16, 66, 677, 168, 677, 167, 0, 1, 1.5707963267948966, 1.0
16, 67, 827, 81, 828, 84, -1, -3, -1.892546881191539, 3.1622776601683795
16, 68, 1068, 77, 1069, 77, -1, 0, 3.141592653589793, 1.0
16, 69, 386, 252, 387, 250, -1, 2, 2.0344439357957027, 2.23606797749979
16, 70, 952, 24, 955, 24, -3, 0, 3.141592653589793, 3.0
16, 71, 1139, 185, 1139, 183, 0, 2, 1.5707963267948966, 2.0
16, 72, 280, 69, 280, 70, 0, -1, -1.5707963267948966, 1.0
16, 73, 1223, 126, 1224, 123, -1, 3, 1.892546881191539, 3.1622776601683795
16, 74, 1082, 53, 1082, 53, 0, 0, 0.0, 0.0
16, 75, 168, 391, 168, 389, 0, 2, 1.5707963267948966, 2.0
16, 76, 491, 432, 493, 435, -2, -3, -2.158798930342464, 3.605551275463989
16, 77, 175, 11, 173, 14, 2, -3, -0.982793723247329, 3.605551275463989
16, 78, 175, 18, 173, 21, 2, -3, -0.982793723247329, 3.605551275463989
16, 79, 1079, 17, 1080, 17, -1, 0, 3.141592653589793, 1.0
16, 80, 928, 504, 933, 504, -5, 0, 3.141592653589793, 5.0
16, 81, 920, 502, 925, 502, -5, 0, 3.141592653589793, 5.0
16, 82, 1151, 215, 1149, 212, 2, 3, 0.982793723247329, 3.605551275463989
16, 83, 78, 615, 78, 614, 0, 1, 1.5707963267948966, 1.0
16, 84, 620, 180, 620, 179, 0, 1, 1.5707963267948966, 1.0
16, 85, 1183, 67, 1184, 67, -1, 0, 3.141592653589793, 1.0
16, 86, 172, 327, 174, 326, -2, 1, 2.677945044588987, 2.23606797749979
16, 87, 512, 278, 513, 283, -1, -5, -1.7681918866447774, 5.0990195135927845
16, 88, 44, 573, 42, 572, 2, 1, 0.4636476090008061, 2.23606797749979
16, 89, 615, 19, 616, 19, -1, 0, 3.141592653589793, 1.0
16, 90, 1041, 393, 1040, 390, 1, 3, 1.2490457723982544, 3.1622776601683795
16, 91, 1016, 246, 1015, 244, 1, 2, 1.1071487177940904, 2.23606797749979
16, 92, 1089, 80, 1089, 79, 0, 1, 1.5707963267948966, 1.0
16, 93, 935, 496, 940, 496, -5, 0, 3.141592653589793, 5.0
16, 94, 648, 174, 648, 172, 0, 2, 1.5707963267948966, 2.0
16, 95, 1072, 57, 1072, 57, 0, 0, 0.0, 0.0
16, 96, 737, 113, 737, 112, 0, 1, 1.5707963267948966, 1.0
16, 97, 502, 174, 503, 177, -1, -3, -1.892546881191539, 3.1622776601683795
16, 98, 810, 148, 811, 150, -1, -2, -2.0344439357957027, 2.23606797749979
16, 99, 181, 327, 183, 326, -2, 1, 2.677945044588987, 2.23606797749979
16, 100, 189, 46, 188, 47, 1, -1, -0.7853981633974483, 1.4142135623730951
16, 101, 780, 666, 781, 670, -1, -4, -1.8157749899217608, 4.123105625617661
16, 102, 1205, 154, 1206, 151, -1, 3, 1.892546881191539, 3.1622776601683795
16, 103, 87, 568, 85, 567, 2, 1, 0.4636476090008061, 2.23606797749979
16, 104, 1255, 489, 1258, 493, -3, -4, -2.214297435588181, 5.0
16, 105, 1136, 163, 1136, 161, 0, 2, 1.5707963267948966, 2.0
16, 106, 472, 379, 473, 385, -1, -6, -1.7359450042095235, 6.082762530298219
16, 107, 785, 303, 785, 308, 0, -5, -1.5707963267948966, 5.0
16, 108, 544, 26, 544, 27, 0, -1, -1.5707963267948966, 1.0
16, 109, 1014, 366, 1013, 363, 1, 3, 1.2490457723982544, 3.1622776601683795
16, 110, 954, 31, 957, 31, -3, 0, 3.141592653589793, 3.0
16, 111, 673, 90, 673, 89, 0, 1, 1.5707963267948966, 1.0
16, 112, 1261, 437, 1271, 441, -10, -4, -2.761086276477428, 10.770329614269007
16, 113, 1248, 534, 1250, 537, -2, -3, -2.158798930342464, 3.605551275463989
16, 114, 196, 50, 195, 51, 1, -1, -0.7853981633974483, 1.4142135623730951
16, 115, 792, 362, 792, 365, 0, -3, -1.5707963267948966, 3.0
16, 116, 806, 81, 807, 84, -1, -3, -1.892546881191539, 3.1622776601683795
16, 117, 951, 480, 956, 480, -5, 0, 3.141592653589793, 5.0
16, 118, 402, 291, 402, 291, 0, 0, 0.0, 0.0
16, 119, 1144, 59, 1145, 59, -1, 0, 3.141592653589793, 1.0
16, 120, 933, 562, 935, 562, -2, 0, 3.141592653589793, 2.0
17, 0, 827, 91, 828, 97, -1, -6, -1.7359450042095235, 6.082762530298219
17, 1, 509, 15, 510, 20, -1, -5, -1.7681918866447774, 5.0990195135927845
17, 2, 166, 339, 169, 336, -3, 3, 2.356194490192345, 4.242640687119285
17, 3, 477, 390, 477, 394, 0, -4, -1.5707963267948966, 4.0
17, 4, 1247, 418, 1250, 422, -3, -4, -2.214297435588181, 5.0
17, 5, 817, 70, 819, 74, -2, -4, -2.0344439357957027, 4.47213595499958
17, 6, 816, 61, 818, 65, -2, -4, -2.0344439357957027, 4.47213595499958
17, 7, 1221, 501, 1224, 502, -3, -1, -2.819842099193151, 3.1622776601683795
17, 8, 1106, 51, 1106, 51, 0, 0, 0.0, 0.0
17, 9, 743, 49, 745, 47, -2, 2, 2.356194490192345, 2.8284271247461903
17, 10, 544, 43, 545, 46, -1, -3, -1.892546881191539, 3.1622776601683795
17, 11, 481, 135, 483, 140, -2, -5, -1.9513027039072615, 5.385164807134504
17, 12, 1257, 462, 1261, 467, -4, -5, -2.2455372690184494, 6.4031242374328485
17, 13, 1148, 19, 1148, 19, 0, 0, 0.0, 0.0
17, 14, 609, 79, 608, 82, 1, -3, -1.2490457723982544, 3.1622776601683795
17, 15, 823, 113, 824, 118, -1, -5, -1.7681918866447774, 5.0990195135927845
17, 16, 953, 531, 957, 534, -4, -3, -2.498091544796509, 5.0
17, 17, 492, 138, 494, 143, -2, -5, -1.9513027039072615, 5.385164807134504
17, 18, 460, 395, 462, 398, -2, -3, -2.158798930342464, 3.605551275463989
17, 19, 1000, 345, 1001, 344, -1, 1, 2.356194490192345, 1.4142135623730951
17, 20, 930, 477, 935, 478, -5, -1, -2.9441970937399127, 5.0990195135927845
17, 21, 614, 52, 613, 55, 1, -3, -1.2490457723982544, 3.1622776601683795
17, 22, 676, 87, 676, 83, 0, 4, 1.5707963267948966, 4.0
17, 23, 631, 141, 631, 137, 0, 4, 1.5707963267948966, 4.0
17, 24, 948, 488, 953, 487, -5, 1, 2.9441970937399127, 5.0990195135927845
17, 25, 923, 513, 926, 513, -3, 0, 3.141592653589793, 3.0
17, 26, 514, 260, 514, 265, 0, -5, -1.5707963267948966, 5.0
17, 27, 685, 100, 685, 96, 0, 4, 1.5707963267948966, 4.0
17, 28, 797, 87, 799, 91, -2, -4, -2.0344439357957027, 4.47213595499958
17, 29, 767, 343, 767, 343, 0, 0, 0.0, 0.0
17, 30, 998, 394, 996, 391, 2, 3, 0.982793723247329, 3.605551275463989
17, 31, 525, 272, 525, 276, 0, -4, -1.5707963267948966, 4.0
17, 32, 1024, 262, 1022, 258, 2, 4, 1.1071487177940904, 4.47213595499958
17, 33, 507, 303, 508, 307, -1, -4, -1.8157749899217608, 4.123105625617661
17, 34, 1146, 161, 1146, 158, 0, 3, 1.5707963267948966, 3.0
17, 35, 184, 410, 187, 408, -3, 2, 2.5535900500422257, 3.605551275463989
17, 36, 756, 639, 757, 641, -1, -2, -2.0344439357957027, 2.23606797749979
17, 37, 771, 351, 768, 353, 3, -2, -0.5880026035475675, 3.605551275463989
17, 38, 1012, 254, 1010, 252, 2, 2, 0.7853981633974483, 2.8284271247461903
17, 39, 484, 127, 486, 132, -2, -5, -1.9513027039072615, 5.385164807134504
17, 40, 1232, 530, 1236, 536, -4, -6, -2.158798930342464, 7.211102550927978
17, 41, 1102, 13, 1102, 13, 0, 0, 0.0, 0.0
17, 42, 962, 525, 966, 528, -4, -3, -2.498091544796509, 5.0
17, 43, 991, 293, 990, 290, 1, 3, 1.2490457723982544, 3.1622776601683795
17, 44, 942, 39, 945, 40, -3, -1, -2.819842099193151, 3.1622776601683795
17, 45, 389, 210, 390, 208, -1, 2, 2.0344439357957027, 2.23606797749979
17, 46, 535, 299, 536, 303, -1, -4, -1.8157749899217608, 4.123105625617661
17, 47, 388, 153, 389, 150, -1, 3, 1.892546881191539, 3.1622776601683795
17, 48, 1260, 103, 1261, 103, -1, 0, 3.141592653589793, 1.0
17, 49, 501, 42, 502, 45, -1, -3, -1.892546881191539, 3.1622776601683795
17, 50, 667, 148, 668, 145, -1, 3, 1.892546881191539, 3.1622776601683795
17, 51, 1247, 434, 1252, 438, -5, -4, -2.4668517113662407, 6.4031242374328485
17, 52, 206, 388, 208, 387, -2, 1, 2.677945044588987, 2.23606797749979
17, 53, 793, 590, 794, 592, -1, -2, -2.0344439357957027, 2.23606797749979
17, 54, 1232, 471, 1235, 472, -3, -1, -2.819842099193151, 3.1622776601683795
17, 55, 989, 336, 988, 334, 1, 2, 1.1071487177940904, 2.23606797749979
17, 56, 489, 16, 489, 21, 0, -5, -1.5707963267948966, 5.0
17, 57, 113, 647, 113, 643, 0, 4, 1.5707963267948966, 4.0
17, 58, 1022, 280, 1020, 278, 2, 2, 0.7853981633974483, 2.8284271247461903
17, 59, 735, 54, 737, 52, -2, 2, 2.356194490192345, 2.8284271247461903
17, 60, 1069, 24, 1069, 24, 0, 0, 0.0, 0.0
17, 61, 1025, 250, 1023, 246, 2, 4, 1.1071487177940904, 4.47213595499958
17, 62, 1098, 55, 1099, 55, -1, 0, 3.141592653589793, 1.0
17, 63, 494, 217, 495, 220, -1, -3, -1.892546881191539, 3.1622776601683795
17, 64, 610, 71, 609, 74, 1, -3, -1.2490457723982544, 3.1622776601683795
17, 65, 1186, 110, 1186, 108, 0, 2, 1.5707963267948966, 2.0
17, 66, 677, 169, 677, 168, 0, 1, 1.5707963267948966, 1.0
17, 67, 826, 77, 827, 81, -1, -4, -1.8157749899217608, 4.123105625617661
17, 68, 384, 254, 386, 252, -2, 2, 2.356194490192345, 2.8284271247461903
17, 69, 948, 23, 952, 24, -4, -1, -2.896613990462929, 4.123105625617661
17, 70, 1138, 187, 1139, 185, -1, 2, 2.0344439357957027, 2.23606797749979
17, 71, 281, 67, 280, 69, 1, -2, -1.1071487177940904, 2.23606797749979
17, 72, 1223, 129, 1223, 126, 0, 3, 1.5707963267948966, 3.0
17, 73, 1082, 53, 1082, 53, 0, 0, 0.0, 0.0
17, 74, 167, 393, 168, 391, -1, 2, 2.0344439357957027, 2.23606797749979
17, 75, 489, 428, 491, 432, -2, -4, -2.0344439357957027, 4.47213595499958
17, 76, 178, 7, 175, 11, 3, -4, -0.9272952180016122, 5.0
17, 77, 178, 15, 175, 18, 3, -3, -0.7853981633974483, 4.242640687119285
17, 78, 1079, 17, 1079, 17, 0, 0, 0.0, 0.0
17, 79, 925, 504, 928, 504, -3, 0, 3.141592653589793, 3.0
17, 80, 917, 503, 920, 502, -3, 1, 2.819842099193151, 3.1622776601683795
17, 81, 1153, 219, 1151, 215, 2, 4, 1.1071487177940904, 4.47213595499958
17, 82, 81, 617, 78, 615, 3, 2, 0.5880026035475675, 3.605551275463989
17, 83, 619, 182, 620, 180, -1, 2, 2.0344439357957027, 2.23606797749979
17, 84, 1183, 70, 1183, 67, 0, 3, 1.5707963267948966, 3.0
17, 85, 169, 330, 172, 327, -3, 3, 2.356194490192345, 4.242640687119285
17, 86, 511, 274, 512, 278, -1, -4, -1.8157749899217608, 4.123105625617661
17, 87, 48, 574, 44, 573, 4, 1, 0.24497866312686414, 4.123105625617661
17, 88, 615, 20, 615, 19, 0, 1, 1.5707963267948966, 1.0
17, 89, 1043, 396, 1041, 393, 2, 3, 0.982793723247329, 3.605551275463989
17, 90, 1017, 250, 1016, 246, 1, 4, 1.3258176636680326, 4.123105625617661
17, 91, 1089, 80, 1089, 80, 0, 0, 0.0, 0.0
17, 92, 931, 495, 935, 496, -4, -1, -2.896613990462929, 4.123105625617661
17, 93, 648, 177, 648, 174, 0, 3, 1.5707963267948966, 3.0
17, 94, 1072, 57, 1072, 57, 0, 0, 0.0, 0.0
17, 95, 736, 113, 737, 113, -1, 0, 3.141592653589793, 1.0
17, 96, 500, 170, 502, 174, -2, -4, -2.0344439357957027, 4.47213595499958
17, 97, 809, 146, 810, 148, -1, -2, -2.0344439357957027, 2.23606797749979
17, 98, 178, 330, 181, 327, -3, 3, 2.356194490192345, 4.242640687119285
17, 99, 190, 45, 189, 46, 1, -1, -0.7853981633974483, 1.4142135623730951
17, 100, 778, 663, 780, 666, -2, -3, -2.158798930342464, 3.605551275463989
17, 101, 1205, 158, 1205, 154, 0, 4, 1.5707963267948966, 4.0
17, 102, 90, 568, 87, 568, 3, 0, 0.0, 3.0
17, 103, 1252, 486, 1255, 489, -3, -3, -2.356194490192345, 4.242640687119285
17, 104, 1136, 167, 1136, 163, 0, 4, 1.5707963267948966, 4.0
17, 105, 471, 373, 472, 379, -1, -6, -1.7359450042095235, 6.082762530298219
17, 106, 785, 297, 785, 303, 0, -6, -1.5707963267948966, 6.0
17, 107, 544, 25, 544, 26, 0, -1, -1.5707963267948966, 1.0
17, 108, 1017, 368, 1014, 366, 3, 2, 0.5880026035475675, 3.605551275463989
17, 109, 950, 30, 954, 31, -4, -1, -2.896613990462929, 4.123105625617661
17, 110, 673, 94, 673, 90, 0, 4, 1.5707963267948966, 4.0
17, 111, 1257, 433, 1261, 437, -4, -4, -2.356194490192345, 5.656854249492381
17, 112, 1244, 533, 1248, 534, -4, -1, -2.896613990462929, 4.123105625617661
17, 113, 196, 49, 196, 50, 0, -1, -1.5707963267948966, 1.0
17, 114, 791, 358, 792, 362, -1, -4, -1.8157749899217608, 4.123105625617661
17, 115, 804, 77, 806, 81, -2, -4, -2.0344439357957027, 4.47213595499958
17, 116, 946, 480, 951, 480, -5, 0, 3.141592653589793, 5.0
17, 117, 1143, 59, 1144, 59, -1, 0, 3.141592653589793, 1.0
17, 118, 932, 562, 933, 562, -1, 0, 3.141592653589793, 1.0
18, 0, 827, 95, 828, 97, -1, -2, -2.0344439357957027, 2.23606797749979
18, 1, 166, 341, 168, 338, -2, 3, 2.158798930342464, 3.605551275463989
18, 2, 797, 352, 797, 356, 0, -4, -1.5707963267948966, 4.0
18, 3, 1261, 458, 1266, 463, -5, -5, -2.356194490192345, 7.0710678118654755
18, 4, 478, 384, 478, 389, 0, -5, -1.5707963267948966, 5.0
18, 5, 990, 295, 990, 292, 0, 3, 1.5707963267948966, 3.0
18, 6, 744, 47, 745, 47, -1, 0, 3.141592653589793, 1.0
18, 7, 950, 534, 955, 535, -5, -1, -2.9441970937399127, 5.0990195135927845
18, 8, 535, 297, 536, 301, -1, -4, -1.8157749899217608, 4.123105625617661
18, 9, 820, 71, 821, 73, -1, -2, -2.0344439357957027, 2.23606797749979
18, 10, 610, 79, 610, 81, 0, -2, -1.5707963267948966, 2.0
18, 11, 799, 87, 800, 90, -1, -3, -1.892546881191539, 3.1622776601683795
18, 12, 856, 40, 858, 41, -2, -1, -2.677945044588987, 2.23606797749979
18, 13, 509, 17, 510, 20, -1, -3, -1.892546881191539, 3.1622776601683795
18, 14, 1105, 51, 1106, 51, -1, 0, 3.141592653589793, 1.0
18, 15, 481, 138, 483, 140, -2, -2, -2.356194490192345, 2.8284271247461903
18, 16, 1244, 415, 1247, 419, -3, -4, -2.214297435588181, 5.0
18, 17, 462, 388, 463, 392, -1, -4, -1.8157749899217608, 4.123105625617661
18, 18, 493, 140, 494, 143, -1, -3, -1.892546881191539, 3.1622776601683795
18, 19, 507, 298, 508, 303, -1, -5, -1.7681918866447774, 5.0990195135927845
18, 20, 1261, 103, 1266, 103, -5, 0, 3.141592653589793, 5.0
18, 21, 494, 219, 495, 221, -1, -2, -2.0344439357957027, 2.23606797749979
18, 22, 1230, 463, 1233, 466, -3, -3, -2.356194490192345, 4.242640687119285
18, 23, 1148, 19, 1148, 19, 0, 0, 0.0, 0.0
18, 24, 1012, 258, 1011, 255, 1, 3, 1.2490457723982544, 3.1622776601683795
18, 25, 945, 488, 950, 487, -5, 1, 2.9441970937399127, 5.0990195135927845
18, 26, 811, 72, 812, 74, -1, -2, -2.0344439357957027, 2.23606797749979
18, 27, 1146, 162, 1146, 160, 0, 2, 1.5707963267948966, 2.0
18, 28, 668, 148, 669, 146, -1, 2, 2.0344439357957027, 2.23606797749979
18, 29, 680, 87, 680, 85, 0, 2, 1.5707963267948966, 2.0
18, 30, 1247, 429, 1250, 434, -3, -5, -2.1112158270654806, 5.830951894845301
18, 31, 632, 139, 632, 138, 0, 1, 1.5707963267948966, 1.0
18, 32, 817, 62, 818, 64, -1, -2, -2.0344439357957027, 2.23606797749979
18, 33, 614, 53, 614, 55, 0, -2, -1.5707963267948966, 2.0
18, 34, 1218, 500, 1221, 500, -3, 0, 3.141592653589793, 3.0
18, 35, 998, 393, 997, 391, 1, 2, 1.1071487177940904, 2.23606797749979
18, 36, 686, 100, 686, 98, 0, 2, 1.5707963267948966, 2.0
18, 37, 1102, 14, 1102, 14, 0, 0, 0.0, 0.0
18, 38, 391, 210, 392, 209, -1, 1, 2.356194490192345, 1.4142135623730951
18, 39, 529, 349, 530, 351, -1, -2, -2.0344439357957027, 2.23606797749979
18, 40, 927, 478, 932, 479, -5, -1, -2.9441970937399127, 5.0990195135927845
18, 41, 514, 258, 514, 263, 0, -5, -1.5707963267948966, 5.0
18, 42, 525, 269, 525, 274, 0, -5, -1.5707963267948966, 5.0
18, 43, 389, 153, 390, 151, -1, 2, 2.0344439357957027, 2.23606797749979
18, 44, 1176, 134, 1177, 133, -1, 1, 2.356194490192345, 1.4142135623730951
18, 45, 502, 45, 502, 46, 0, -1, -1.5707963267948966, 1.0
18, 46, 612, 71, 612, 73, 0, -2, -1.5707963267948966, 2.0
18, 47, 477, 440, 477, 445, 0, -5, -1.5707963267948966, 5.0
18, 48, 1023, 283, 1022, 279, 1, 4, 1.3258176636680326, 4.123105625617661
18, 49, 483, 129, 485, 131, -2, -2, -2.356194490192345, 2.8284271247461903
18, 50, 826, 78, 827, 80, -1, -2, -2.0344439357957027, 2.23606797749979
18, 51, 959, 527, 964, 528, -5, -1, -2.9441970937399127, 5.0990195135927845
18, 52, 755, 632, 756, 635, -1, -3, -1.892546881191539, 3.1622776601683795
18, 53, 1138, 187, 1139, 186, -1, 1, 2.356194490192345, 1.4142135623730951
18, 54, 789, 582, 791, 585, -2, -3, -2.158798930342464, 3.605551275463989
18, 55, 823, 118, 824, 120, -1, -2, -2.0344439357957027, 2.23606797749979
18, 56, 1079, 18, 1080, 18, -1, 0, 3.141592653589793, 1.0
18, 57, 996, 354, 995, 351, 1, 3, 1.2490457723982544, 3.1622776601683795
18, 58, 1002, 343, 1001, 342, 1, 1, 0.7853981633974483, 1.4142135623730951
18, 59, 510, 270, 511, 275, -1, -5, -1.7681918866447774, 5.0990195135927845
18, 60, 950, 24, 952, 24, -2, 0, 3.141592653589793, 2.0
18, 61, 1025, 265, 1024, 261, 1, 4, 1.3258176636680326, 4.123105625617661
18, 62, 1261, 478, 1265, 481, -4, -3, -2.498091544796509, 5.0
18, 63, 1069, 25, 1070, 25, -1, 0, 3.141592653589793, 1.0
18, 64, 1160, 133, 1160, 131, 0, 2, 1.5707963267948966, 2.0
18, 65, 111, 649, 113, 646, -2, 3, 2.158798930342464, 3.605551275463989
18, 66, 737, 52, 738, 52, -1, 0, 3.141592653589793, 1.0
18, 67, 918, 513, 923, 513, -5, 0, 3.141592653589793, 5.0
18, 68, 631, 211, 632, 211, -1, 0, 3.141592653589793, 1.0
18, 69, 921, 505, 925, 505, -4, 0, 3.141592653589793, 4.0
18, 70, 1100, 55, 1100, 55, 0, 0, 0.0, 0.0
18, 71, 642, 229, 642, 228, 0, 1, 1.5707963267948966, 1.0
18, 72, 386, 254, 387, 253, -1, 1, 2.356194490192345, 1.4142135623730951
18, 73, 202, 395, 204, 394, -2, 1, 2.677945044588987, 2.23606797749979
18, 74, 1011, 435, 1010, 434, 1, 1, 0.7853981633974483, 1.4142135623730951
18, 75, 83, 618, 81, 616, 2, 2, 0.7853981633974483, 2.8284271247461903
18, 76, 620, 183, 620, 181, 0, 2, 1.5707963267948966, 2.0
18, 77, 168, 395, 168, 392, 0, 3, 1.5707963267948966, 3.0
18, 78, 916, 559, 920, 561, -4, -2, -2.677945044588987, 4.47213595499958
18, 79, 489, 16, 489, 18, 0, -2, -1.5707963267948966, 2.0
18, 80, 942, 479, 947, 479, -5, 0, 3.141592653589793, 5.0
18, 81, 797, 162, 797, 164, 0, -2, -1.5707963267948966, 2.0
18, 82, 1024, 253, 1024, 249, 0, 4, 1.5707963267948966, 4.0
18, 83, 916, 524, 921, 524, -5, 0, 3.141592653589793, 5.0
18, 84, 412, 183, 413, 182, -1, 1, 2.356194490192345, 1.4142135623730951
18, 85, 912, 503, 917, 503, -5, 0, 3.141592653589793, 5.0
18, 86, 483, 389, 484, 394, -1, -5, -1.7681918866447774, 5.0990195135927845
18, 87, 1183, 71, 1184, 69, -1, 2, 2.0344439357957027, 2.23606797749979
18, 88, 178, 14, 176, 16, 2, -2, -0.7853981633974483, 2.8284271247461903
18, 89, 685, 175, 685, 174, 0, 1, 1.5707963267948966, 1.0
18, 90, 1047, 377, 1045, 374, 2, 3, 0.982793723247329, 3.605551275463989
18, 91, 169, 332, 171, 329, -2, 3, 2.158798930342464, 3.605551275463989
18, 92, 1185, 111, 1186, 109, -1, 2, 2.0344439357957027, 2.23606797749979
18, 93, 178, 332, 180, 329, -2, 3, 2.158798930342464, 3.605551275463989
18, 94, 258, 28, 258, 30, 0, -2, -1.5707963267948966, 2.0
18, 95, 625, 111, 625, 112, 0, -1, -1.5707963267948966, 1.0
18, 96, 649, 178, 649, 176, 0, 2, 1.5707963267948966, 2.0
18, 97, 784, 298, 785, 302, -1, -4, -1.8157749899217608, 4.123105625617661
18, 98, 616, 20, 616, 20, 0, 0, 0.0, 0.0
18, 99, 624, 54, 624, 56, 0, -2, -1.5707963267948966, 2.0
18, 100, 197, 433, 198, 432, -1, 1, 2.356194490192345, 1.4142135623730951
18, 101, 1017, 253, 1017, 249, 0, 4, 1.5707963267948966, 4.0
18, 102, 942, 38, 944, 39, -2, -1, -2.677945044588987, 2.23606797749979
18, 103, 617, 121, 617, 123, 0, -2, -1.5707963267948966, 2.0
18, 104, 675, 166, 676, 166, -1, 0, 3.141592653589793, 1.0
18, 105, 1072, 57, 1072, 57, 0, 0, 0.0, 0.0
18, 106, 472, 369, 472, 375, 0, -6, -1.5707963267948966, 6.0
18, 107, 408, 213, 409, 212, -1, 1, 2.356194490192345, 1.4142135623730951
18, 108, 1138, 166, 1138, 164, 0, 2, 1.5707963267948966, 2.0
18, 109, 544, 26, 544, 27, 0, -1, -1.5707963267948966, 1.0
18, 110, 279, 60, 279, 62, 0, -2, -1.5707963267948966, 2.0
18, 111, 48, 574, 46, 573, 2, 1, 0.4636476090008061, 2.23606797749979
18, 112, 1082, 82, 1081, 81, 1, 1, 0.7853981633974483, 1.4142135623730951
18, 113, 1207, 157, 1207, 155, 0, 2, 1.5707963267948966, 2.0
18, 114, 1145, 59, 1145, 59, 0, 0, 0.0, 0.0
18, 115, 805, 79, 806, 81, -1, -2, -2.0344439357957027, 2.23606797749979
18, 116, 1083, 53, 1083, 53, 0, 0, 0.0, 0.0
18, 117, 1003, 428, 1000, 427, 3, 1, 0.3217505543966422, 3.1622776601683795
18, 118, 488, 210, 489, 213, -1, -3, -1.892546881191539, 3.1622776601683795
18, 119, 673, 99, 673, 97, 0, 2, 1.5707963267948966, 2.0
18, 120, 950, 494, 955, 494, -5, 0, 3.141592653589793, 5.0
18, 121, 391, 260, 392, 259, -1, 1, 2.356194490192345, 1.4142135623730951
18, 122, 1233, 536, 1236, 541, -3, -5, -2.1112158270654806, 5.830951894845301
18, 123, 777, 653, 778, 657, -1, -4, -1.8157749899217608, 4.123105625617661
18, 124, 725, 83, 726, 80, -1, 3, 1.892546881191539, 3.1622776601683795
18, 125, 1091, 81, 1090, 80, 1, 1, 0.7853981633974483, 1.4142135623730951
18, 126, 577, 21, 573, 22, 4, -1, -0.24497866312686414, 4.123105625617661
18, 127, 1020, 364, 1019, 361, 1, 3, 1.2490457723982544, 3.1622776601683795
18, 128, 510, 277, 511, 282, -1, -5, -1.7681918866447774, 5.0990195135927845
18, 129, 624, 20, 625, 20, -1, 0, 3.141592653589793, 1.0
19, 0, 826, 93, 827, 95, -1, -2, -2.0344439357957027, 2.23606797749979
19, 1, 164, 344, 166, 341, -2, 3, 2.158798930342464, 3.605551275463989
19, 2, 797, 348, 797, 352, 0, -4, -1.5707963267948966, 4.0
19, 3, 1258, 453, 1261, 458, -3, -5, -2.1112158270654806, 5.830951894845301
19, 4, 477, 379, 478, 384, -1, -5, -1.7681918866447774, 5.0990195135927845
19, 5, 990, 298, 990, 295, 0, 3, 1.5707963267948966, 3.0
19, 6, 743, 47, 744, 47, -1, 0, 3.141592653589793, 1.0
19, 7, 945, 532, 950, 534, -5, -2, -2.761086276477428, 5.385164807134504
19, 8, 534, 293, 535, 297, -1, -4, -1.8157749899217608, 4.123105625617661
19, 9, 819, 69, 820, 71, -1, -2, -2.0344439357957027, 2.23606797749979
19, 10, 610, 77, 610, 79, 0, -2, -1.5707963267948966, 2.0
19, 11, 798, 84, 799, 87, -1, -3, -1.892546881191539, 3.1622776601683795
19, 12, 508, 15, 509, 17, -1, -2, -2.0344439357957027, 2.23606797749979
19, 13, 1104, 51, 1105, 51, -1, 0, 3.141592653589793, 1.0
19, 14, 479, 135, 481, 138, -2, -3, -2.158798930342464, 3.605551275463989
19, 15, 1241, 411, 1244, 415, -3, -4, -2.214297435588181, 5.0
19, 16, 462, 384, 462, 388, 0, -4, -1.5707963267948966, 4.0
19, 17, 491, 137, 493, 140, -2, -3, -2.158798930342464, 3.605551275463989
19, 18, 506, 293, 507, 298, -1, -5, -1.7681918866447774, 5.0990195135927845
19, 19, 1260, 103, 1261, 103, -1, 0, 3.141592653589793, 1.0
19, 20, 493, 217, 494, 219, -1, -2, -2.0344439357957027, 2.23606797749979
19, 21, 1227, 460, 1230, 463, -3, -3, -2.356194490192345, 4.242640687119285
19, 22, 1148, 19, 1148, 19, 0, 0, 0.0, 0.0
19, 23, 1013, 261, 1012, 258, 1, 3, 1.2490457723982544, 3.1622776601683795
19, 24, 940, 489, 945, 488, -5, 1, 2.9441970937399127, 5.0990195135927845
19, 25, 810, 70, 811, 72, -1, -2, -2.0344439357957027, 2.23606797749979
19, 26, 1146, 163, 1146, 162, 0, 1, 1.5707963267948966, 1.0
19, 27, 668, 150, 668, 148, 0, 2, 1.5707963267948966, 2.0
19, 28, 680, 89, 680, 87, 0, 2, 1.5707963267948966, 2.0
19, 29, 1244, 424, 1247, 429, -3, -5, -2.1112158270654806, 5.830951894845301
19, 30, 632, 140, 632, 139, 0, 1, 1.5707963267948966, 1.0
19, 31, 816, 60, 817, 62, -1, -2, -2.0344439357957027, 2.23606797749979
19, 32, 614, 50, 614, 53, 0, -3, -1.5707963267948966, 3.0
19, 33, 1216, 500, 1218, 500, -2, 0, 3.141592653589793, 2.0
19, 34, 999, 395, 998, 393, 1, 2, 1.1071487177940904, 2.23606797749979
19, 35, 686, 102, 686, 100, 0, 2, 1.5707963267948966, 2.0
19, 36, 1102, 14, 1102, 14, 0, 0, 0.0, 0.0
19, 37, 390, 210, 391, 210, -1, 0, 3.141592653589793, 1.0
19, 38, 528, 346, 529, 349, -1, -3, -1.892546881191539, 3.1622776601683795
19, 39, 922, 477, 927, 478, -5, -1, -2.9441970937399127, 5.0990195135927845
19, 40, 514, 254, 514, 258, 0, -4, -1.5707963267948966, 4.0
19, 41, 525, 265, 525, 269, 0, -4, -1.5707963267948966, 4.0
19, 42, 388, 155, 389, 153, -1, 2, 2.0344439357957027, 2.23606797749979
19, 43, 1175, 134, 1176, 134, -1, 0, 3.141592653589793, 1.0
19, 44, 501, 43, 502, 45, -1, -2, -2.0344439357957027, 2.23606797749979
19, 45, 612, 68, 612, 71, 0, -3, -1.5707963267948966, 3.0
19, 46, 477, 436, 477, 440, 0, -4, -1.5707963267948966, 4.0
19, 47, 1024, 287, 1023, 283, 1, 4, 1.3258176636680326, 4.123105625617661
19, 48, 482, 126, 483, 129, -1, -3, -1.892546881191539, 3.1622776601683795
19, 49, 825, 76, 826, 78, -1, -2, -2.0344439357957027, 2.23606797749979
19, 50, 954, 525, 959, 527, -5, -2, -2.761086276477428, 5.385164807134504
19, 51, 753, 629, 755, 632, -2, -3, -2.158798930342464, 3.605551275463989
19, 52, 1137, 187, 1138, 187, -1, 0, 3.141592653589793, 1.0
19, 53, 787, 579, 789, 582, -2, -3, -2.158798930342464, 3.605551275463989
19, 54, 822, 116, 823, 118, -1, -2, -2.0344439357957027, 2.23606797749979
19, 55, 1079, 18, 1079, 18, 0, 0, 0.0, 0.0
19, 56, 999, 357, 996, 354, 3, 3, 0.7853981633974483, 4.242640687119285
19, 57, 1004, 342, 1002, 343, 2, -1, -0.4636476090008061, 2.23606797749979
19, 58, 510, 265, 510, 270, 0, -5, -1.5707963267948966, 5.0
19, 59, 948, 24, 950, 24, -2, 0, 3.141592653589793, 2.0
19, 60, 1026, 269, 1025, 265, 1, 4, 1.3258176636680326, 4.123105625617661
19, 61, 1259, 475, 1261, 478, -2, -3, -2.158798930342464, 3.605551275463989
19, 62, 1069, 25, 1069, 25, 0, 0, 0.0, 0.0
19, 63, 1160, 135, 1160, 133, 0, 2, 1.5707963267948966, 2.0
19, 64, 110, 652, 111, 649, -1, 3, 1.892546881191539, 3.1622776601683795
19, 65, 736, 52, 737, 52, -1, 0, 3.141592653589793, 1.0
19, 66, 913, 513, 918, 513, -5, 0, 3.141592653589793, 5.0
19, 67, 631, 211, 631, 211, 0, 0, 0.0, 0.0
19, 68, 917, 505, 921, 505, -4, 0, 3.141592653589793, 4.0
19, 69, 1099, 55, 1100, 55, -1, 0, 3.141592653589793, 1.0
19, 70, 641, 229, 642, 229, -1, 0, 3.141592653589793, 1.0
19, 71, 385, 255, 386, 254, -1, 1, 2.356194490192345, 1.4142135623730951
19, 72, 200, 396, 202, 395, -2, 1, 2.677945044588987, 2.23606797749979
19, 73, 1012, 436, 1011, 435, 1, 1, 0.7853981633974483, 1.4142135623730951
19, 74, 85, 621, 83, 618, 2, 3, 0.982793723247329, 3.605551275463989
19, 75, 620, 184, 620, 183, 0, 1, 1.5707963267948966, 1.0
19, 76, 167, 398, 168, 395, -1, 3, 1.892546881191539, 3.1622776601683795
19, 77, 911, 557, 916, 559, -5, -2, -2.761086276477428, 5.385164807134504
19, 78, 489, 15, 489, 16, 0, -1, -1.5707963267948966, 1.0
19, 79, 937, 479, 942, 479, -5, 0, 3.141592653589793, 5.0
19, 80, 797, 159, 797, 162, 0, -3, -1.5707963267948966, 3.0
19, 81, 1025, 257, 1024, 253, 1, 4, 1.3258176636680326, 4.123105625617661
19, 82, 911, 524, 916, 524, -5, 0, 3.141592653589793, 5.0
19, 83, 411, 184, 412, 183, -1, 1, 2.356194490192345, 1.4142135623730951
19, 84, 908, 504, 912, 503, -4, 1, 2.896613990462929, 4.123105625617661
19, 85, 482, 384, 483, 389, -1, -5, -1.7681918866447774, 5.0990195135927845
19, 86, 1182, 73, 1183, 71, -1, 2, 2.0344439357957027, 2.23606797749979
19, 87, 179, 13, 178, 14, 1, -1, -0.7853981633974483, 1.4142135623730951
19, 88, 684, 175, 685, 175, -1, 0, 3.141592653589793, 1.0
19, 89, 1048, 380, 1047, 377, 1, 3, 1.2490457723982544, 3.1622776601683795
19, 90, 167, 335, 169, 332, -2, 3, 2.158798930342464, 3.605551275463989
19, 91, 1185, 113, 1185, 111, 0, 2, 1.5707963267948966, 2.0
19, 92, 176, 335, 178, 332, -2, 3, 2.158798930342464, 3.605551275463989
19, 93, 258, 26, 258, 28, 0, -2, -1.5707963267948966, 2.0
19, 94, 625, 111, 625, 111, 0, 0, 0.0, 0.0
19, 95, 649, 180, 649, 178, 0, 2, 1.5707963267948966, 2.0
19, 96, 783, 294, 784, 298, -1, -4, -1.8157749899217608, 4.123105625617661
19, 97, 616, 20, 616, 20, 0, 0, 0.0, 0.0
19, 98, 624, 52, 624, 54, 0, -2, -1.5707963267948966, 2.0
19, 99, 197, 434, 197, 433, 0, 1, 1.5707963267948966, 1.0
19, 100, 1018, 257, 1017, 253, 1, 4, 1.3258176636680326, 4.123105625617661
19, 101, 940, 37, 942, 38, -2, -1, -2.677945044588987, 2.23606797749979
19, 102, 617, 120, 617, 121, 0, -1, -1.5707963267948966, 1.0
19, 103, 1072, 57, 1072, 57, 0, 0, 0.0, 0.0
19, 104, 471, 364, 472, 369, -1, -5, -1.7681918866447774, 5.0990195135927845
19, 105, 407, 213, 408, 213, -1, 0, 3.141592653589793, 1.0
19, 106, 1138, 167, 1138, 166, 0, 1, 1.5707963267948966, 1.0
19, 107, 544, 25, 544, 26, 0, -1, -1.5707963267948966, 1.0
19, 108, 279, 57, 279, 60, 0, -3, -1.5707963267948966, 3.0
19, 109, 50, 575, 48, 574, 2, 1, 0.4636476090008061, 2.23606797749979
19, 110, 1083, 82, 1082, 82, 1, 0, 0.0, 1.0
19, 111, 1207, 158, 1207, 157, 0, 1, 1.5707963267948966, 1.0
19, 112, 1145, 59, 1145, 59, 0, 0, 0.0, 0.0
19, 113, 804, 77, 805, 79, -1, -2, -2.0344439357957027, 2.23606797749979
19, 114, 1083, 53, 1083, 53, 0, 0, 0.0, 0.0
19, 115, 1005, 430, 1003, 428, 2, 2, 0.7853981633974483, 2.8284271247461903
19, 116, 487, 205, 488, 210, -1, -5, -1.7681918866447774, 5.0990195135927845
19, 117, 673, 101, 673, 99, 0, 2, 1.5707963267948966, 2.0
19, 118, 945, 494, 950, 494, -5, 0, 3.141592653589793, 5.0
19, 119, 390, 261, 391, 260, -1, 1, 2.356194490192345, 1.4142135623730951
19, 120, 1230, 532, 1233, 536, -3, -4, -2.214297435588181, 5.0
19, 121, 776, 649, 777, 653, -1, -4, -1.8157749899217608, 4.123105625617661
19, 122, 725, 85, 725, 83, 0, 2, 1.5707963267948966, 2.0
19, 123, 1092, 81, 1091, 81, 1, 0, 0.0, 1.0
19, 124, 581, 22, 577, 21, 4, 1, 0.24497866312686414, 4.123105625617661
19, 125, 1021, 367, 1020, 364, 1, 3, 1.2490457723982544, 3.1622776601683795
19, 126, 509, 272, 510, 277, -1, -5, -1.7681918866447774, 5.0990195135927845
19, 127, 623, 20, 624, 20, -1, 0, 3.141592653589793, 1.0
20, 0, 828, 88, 829, 90, -1, -2, -2.0344439357957027, 2.23606797749979
20, 1, 166, 345, 167, 341, -1, 4, 1.8157749899217608, 4.123105625617661
20, 2, 993, 300, 992, 297, 1, 3, 1.2490457723982544, 3.1622776601683795
20, 3, 743, 48, 744, 48, -1, 0, 3.141592653589793, 1.0
20, 4, 798, 84, 799, 87, -1, -3, -1.892546881191539, 3.1622776601683795
20, 5, 611, 76, 611, 78, 0, -2, -1.5707963267948966, 2.0
20, 6, 945, 533, 950, 534, -5, -1, -2.9441970937399127, 5.0990195135927845
20, 7, 478, 379, 478, 384, 0, -5, -1.5707963267948966, 5.0
20, 8, 819, 70, 820, 72, -1, -2, -2.0344439357957027, 2.23606797749979
20, 9, 796, 348, 797, 352, -1, -4, -1.8157749899217608, 4.123105625617661
20, 10, 491, 136, 493, 139, -2, -3, -2.158798930342464, 3.605551275463989
20, 11, 812, 61, 813, 63, -1, -2, -2.0344439357957027, 2.23606797749979
20, 12, 1147, 163, 1147, 162, 0, 1, 1.5707963267948966, 1.0
20, 13, 1259, 452, 1263, 457, -4, -5, -2.2455372690184494, 6.4031242374328485
20, 14, 534, 294, 535, 298, -1, -4, -1.8157749899217608, 4.123105625617661
20, 15, 479, 135, 481, 138, -2, -3, -2.158798930342464, 3.605551275463989
20, 16, 918, 549, 922, 549, -4, 0, 3.141592653589793, 4.0
20, 17, 1105, 51, 1105, 51, 0, 0, 0.0, 0.0
20, 18, 507, 294, 508, 299, -1, -5, -1.7681918866447774, 5.0990195135927845
20, 19, 1148, 20, 1148, 20, 0, 0, 0.0, 0.0
20, 20, 463, 381, 463, 386, 0, -5, -1.5707963267948966, 5.0
20, 21, 1240, 410, 1243, 414, -3, -4, -2.214297435588181, 5.0
20, 22, 1261, 104, 1265, 104, -4, 0, 3.141592653589793, 4.0
20, 23, 1176, 134, 1176, 134, 0, 0, 0.0, 0.0
20, 24, 544, 42, 545, 44, -1, -2, -2.0344439357957027, 2.23606797749979
20, 25, 1244, 424, 1247, 429, -3, -5, -2.1112158270654806, 5.830951894845301
20, 26, 494, 218, 495, 220, -1, -2, -2.0344439357957027, 2.23606797749979
20, 27, 1025, 288, 1024, 284, 1, 4, 1.3258176636680326, 4.123105625617661
20, 28, 1102, 14, 1102, 14, 0, 0, 0.0, 0.0
20, 29, 478, 434, 478, 439, 0, -5, -1.5707963267948966, 5.0
20, 30, 999, 396, 998, 393, 1, 3, 1.2490457723982544, 3.1622776601683795
20, 31, 1226, 456, 1229, 459, -3, -3, -2.356194490192345, 4.242640687119285
20, 32, 632, 140, 632, 140, 0, 0, 0.0, 0.0
20, 33, 482, 127, 484, 129, -2, -2, -2.356194490192345, 2.8284271247461903
20, 34, 939, 488, 944, 487, -5, 1, 2.9441970937399127, 5.0990195135927845
20, 35, 1013, 263, 1012, 260, 1, 3, 1.2490457723982544, 3.1622776601683795
20, 36, 823, 115, 824, 117, -1, -2, -2.0344439357957027, 2.23606797749979
20, 37, 686, 103, 686, 101, 0, 2, 1.5707963267948966, 2.0
20, 38, 669, 150, 669, 148, 0, 2, 1.5707963267948966, 2.0
20, 39, 680, 89, 680, 87, 0, 2, 1.5707963267948966, 2.0
20, 40, 811, 71, 812, 73, -1, -2, -2.0344439357957027, 2.23606797749979
20, 41, 614, 51, 614, 54, 0, -3, -1.5707963267948966, 3.0
20, 42, 389, 211, 390, 211, -1, 0, 3.141592653589793, 1.0
20, 43, 737, 113, 738, 113, -1, 0, 3.141592653589793, 1.0
20, 44, 515, 255, 515, 259, 0, -4, -1.5707963267948966, 4.0
20, 45, 776, 640, 777, 646, -1, -6, -1.7359450042095235, 6.082762530298219
20, 46, 1026, 269, 1025, 265, 1, 4, 1.3258176636680326, 4.123105625617661
20, 47, 389, 156, 389, 154, 0, 2, 1.5707963267948966, 2.0
20, 48, 501, 44, 501, 45, 0, -1, -1.5707963267948966, 1.0
20, 49, 921, 478, 926, 479, -5, -1, -2.9441970937399127, 5.0990195135927845
20, 50, 277, 67, 277, 69, 0, -2, -1.5707963267948966, 2.0
20, 51, 612, 68, 612, 71, 0, -3, -1.5707963267948966, 3.0
20, 52, 1080, 18, 1080, 18, 0, 0, 0.0, 0.0
20, 53, 825, 76, 826, 78, -1, -2, -2.0344439357957027, 2.23606797749979
20, 54, 1138, 186, 1138, 187, 0, -1, -1.5707963267948966, 1.0
20, 55, 512, 267, 512, 271, 0, -4, -1.5707963267948966, 4.0
20, 56, 911, 525, 916, 525, -5, 0, 3.141592653589793, 5.0
20, 57, 752, 622, 753, 625, -1, -3, -1.892546881191539, 3.1622776601683795
20, 58, 641, 228, 642, 228, -1, 0, 3.141592653589793, 1.0
20, 59, 525, 266, 525, 270, 0, -4, -1.5707963267948966, 4.0
20, 60, 1161, 134, 1161, 133, 0, 1, 1.5707963267948966, 1.0
20, 61, 477, 483, 478, 485, -1, -2, -2.0344439357957027, 2.23606797749979
20, 62, 913, 513, 917, 513, -4, 0, 3.141592653589793, 4.0
20, 63, 1070, 25, 1070, 25, 0, 0, 0.0, 0.0
20, 64, 1090, 80, 1090, 80, 0, 0, 0.0, 0.0
20, 65, 787, 574, 789, 577, -2, -3, -2.158798930342464, 3.605551275463989
20, 66, 1151, 216, 1152, 216, -1, 0, 3.141592653589793, 1.0
20, 67, 385, 254, 386, 254, -1, 0, 3.141592653589793, 1.0
20, 68, 767, 342, 768, 344, -1, -2, -2.0344439357957027, 2.23606797749979
20, 69, 907, 504, 911, 504, -4, 0, 3.141592653589793, 4.0
20, 70, 1217, 499, 1219, 499, -2, 0, 3.141592653589793, 2.0
20, 71, 736, 53, 737, 53, -1, 0, 3.141592653589793, 1.0
20, 72, 168, 398, 169, 395, -1, 3, 1.892546881191539, 3.1622776601683795
20, 73, 184, 445, 186, 440, -2, 5, 1.9513027039072615, 5.385164807134504
20, 74, 621, 184, 621, 183, 0, 1, 1.5707963267948966, 1.0
20, 75, 1261, 475, 1263, 478, -2, -3, -2.158798930342464, 3.605551275463989
20, 76, 284, 49, 283, 53, 1, -4, -1.3258176636680326, 4.123105625617661
20, 77, 813, 145, 814, 147, -1, -2, -2.0344439357957027, 2.23606797749979
20, 78, 169, 336, 170, 332, -1, 4, 1.8157749899217608, 4.123105625617661
20, 79, 258, 29, 258, 30, 0, -1, -1.5707963267948966, 1.0
20, 80, 936, 479, 941, 479, -5, 0, 3.141592653589793, 5.0
20, 81, 112, 651, 112, 649, 0, 2, 1.5707963267948966, 2.0
20, 82, 631, 211, 632, 211, -1, 0, 3.141592653589793, 1.0
20, 83, 1019, 257, 1018, 253, 1, 4, 1.3258176636680326, 4.123105625617661
20, 84, 783, 295, 784, 298, -1, -3, -1.892546881191539, 3.1622776601683795
20, 85, 544, 26, 543, 26, 1, 0, 0.0, 1.0
20, 86, 1138, 167, 1138, 166, 0, 1, 1.5707963267948966, 1.0
20, 87, 650, 180, 650, 178, 0, 2, 1.5707963267948966, 2.0
20, 88, 1224, 518, 1227, 520, -3, -2, -2.5535900500422257, 3.605551275463989
20, 89, 1183, 74, 1184, 72, -1, 2, 2.0344439357957027, 2.23606797749979
20, 90, 1022, 367, 1021, 364, 1, 3, 1.2490457723982544, 3.1622776601683795
20, 91, 915, 505, 919, 505, -4, 0, 3.141592653589793, 4.0
20, 92, 1127, 98, 1127, 98, 0, 0, 0.0, 0.0
20, 93, 624, 110, 624, 111, 0, -1, -1.5707963267948966, 1.0
20, 94, 178, 336, 179, 332, -1, 4, 1.8157749899217608, 4.123105625617661
20, 95, 953, 526, 958, 527, -5, -1, -2.9441970937399127, 5.0990195135927845
20, 96, 1026, 258, 1025, 254, 1, 4, 1.3258176636680326, 4.123105625617661
20, 97, 182, 13, 180, 15, 2, -2, -0.7853981633974483, 2.8284271247461903
20, 98, 412, 185, 413, 184, -1, 1, 2.356194490192345, 1.4142135623730951
20, 99, 797, 159, 797, 163, 0, -4, -1.5707963267948966, 4.0
20, 100, 1068, 56, 1068, 56, 0, 0, 0.0, 0.0
20, 101, 1049, 381, 1047, 377, 2, 4, 1.1071487177940904, 4.47213595499958
20, 102, 407, 212, 408, 212, -1, 0, 3.141592653589793, 1.0
20, 103, 390, 260, 391, 260, -1, 0, 3.141592653589793, 1.0
20, 104, 584, 21, 581, 21, 3, 0, 0.0, 3.0
20, 105, 472, 365, 472, 370, 0, -5, -1.5707963267948966, 5.0
20, 106, 379, 236, 380, 236, -1, 0, 3.141592653589793, 1.0
20, 107, 51, 574, 49, 573, 2, 1, 0.4636476090008061, 2.23606797749979
20, 108, 385, 181, 386, 180, -1, 1, 2.356194490192345, 1.4142135623730951
20, 109, 1234, 518, 1239, 522, -5, -4, -2.4668517113662407, 6.4031242374328485
20, 110, 1185, 114, 1186, 111, -1, 3, 1.892546881191539, 3.1622776601683795
20, 111, 675, 96, 675, 94, 0, 2, 1.5707963267948966, 2.0
20, 112, 616, 21, 616, 21, 0, 0, 0.0, 0.0
20, 113, 491, 19, 491, 20, 0, -1, -1.5707963267948966, 1.0
20, 114, 804, 78, 805, 80, -1, -2, -2.0344439357957027, 2.23606797749979
20, 115, 194, 432, 195, 432, -1, 0, 3.141592653589793, 1.0
20, 116, 492, 459, 491, 465, 1, -6, -1.4056476493802699, 6.082762530298219
20, 117, 727, 84, 727, 83, 0, 1, 1.5707963267948966, 1.0
20, 118, 945, 37, 946, 37, -1, 0, 3.141592653589793, 1.0
20, 119, 1207, 158, 1207, 157, 0, 1, 1.5707963267948966, 1.0
20, 120, 85, 620, 83, 618, 2, 2, 0.7853981633974483, 2.8284271247461903
20, 121, 488, 200, 488, 204, 0, -4, -1.5707963267948966, 4.0
20, 122, 485, 15, 485, 16, 0, -1, -1.5707963267948966, 1.0
20, 123, 624, 20, 625, 20, -1, 0, 3.141592653589793, 1.0
20, 124, 1261, 137, 1269, 137, -8, 0, 3.141592653589793, 8.0
21, 0, 827, 86, 828, 88, -1, -2, -2.0344439357957027, 2.23606797749979
21, 1, 165, 349, 166, 345, -1, 4, 1.8157749899217608, 4.123105625617661
21, 2, 994, 303, 993, 300, 1, 3, 1.2490457723982544, 3.1622776601683795
21, 3, 743, 48, 743, 48, 0, 0, 0.0, 0.0
21, 4, 797, 81, 798, 84, -1, -3, -1.892546881191539, 3.1622776601683795
21, 5, 611, 74, 611, 76, 0, -2, -1.5707963267948966, 2.0
21, 6, 940, 531, 945, 533, -5, -2, -2.761086276477428, 5.385164807134504
21, 7, 478, 375, 478, 379, 0, -4, -1.5707963267948966, 4.0
21, 8, 817, 69, 819, 70, -2, -1, -2.677945044588987, 2.23606797749979
21, 9, 795, 344, 796, 348, -1, -4, -1.8157749899217608, 4.123105625617661
21, 10, 489, 133, 491, 136, -2, -3, -2.158798930342464, 3.605551275463989
21, 11, 810, 60, 812, 61, -2, -1, -2.677945044588987, 2.23606797749979
21, 12, 1147, 164, 1147, 163, 0, 1, 1.5707963267948966, 1.0
21, 13, 1255, 447, 1259, 452, -4, -5, -2.2455372690184494, 6.4031242374328485
21, 14, 533, 291, 534, 294, -1, -3, -1.892546881191539, 3.1622776601683795
21, 15, 477, 132, 479, 135, -2, -3, -2.158798930342464, 3.605551275463989
21, 16, 913, 549, 918, 549, -5, 0, 3.141592653589793, 5.0
21, 17, 1104, 51, 1105, 51, -1, 0, 3.141592653589793, 1.0
21, 18, 506, 290, 507, 294, -1, -4, -1.8157749899217608, 4.123105625617661
21, 19, 1148, 20, 1148, 20, 0, 0, 0.0, 0.0
21, 20, 463, 376, 463, 381, 0, -5, -1.5707963267948966, 5.0
21, 21, 1236, 406, 1240, 410, -4, -4, -2.356194490192345, 5.656854249492381
21, 22, 1260, 104, 1261, 104, -1, 0, 3.141592653589793, 1.0
21, 23, 1176, 134, 1176, 134, 0, 0, 0.0, 0.0
21, 24, 544, 40, 544, 42, 0, -2, -1.5707963267948966, 2.0
21, 25, 1240, 419, 1244, 424, -4, -5, -2.2455372690184494, 6.4031242374328485
21, 26, 494, 215, 494, 218, 0, -3, -1.5707963267948966, 3.0
21, 27, 1026, 292, 1025, 288, 1, 4, 1.3258176636680326, 4.123105625617661
21, 28, 1102, 14, 1102, 14, 0, 0, 0.0, 0.0
21, 29, 477, 432, 478, 434, -1, -2, -2.0344439357957027, 2.23606797749979
21, 30, 1000, 400, 999, 396, 1, 4, 1.3258176636680326, 4.123105625617661
21, 31, 1223, 453, 1226, 456, -3, -3, -2.356194490192345, 4.242640687119285
21, 32, 631, 140, 632, 140, -1, 0, 3.141592653589793, 1.0
21, 33, 480, 124, 482, 127, -2, -3, -2.158798930342464, 3.605551275463989
21, 34, 934, 489, 939, 488, -5, 1, 2.9441970937399127, 5.0990195135927845
21, 35, 1014, 266, 1013, 263, 1, 3, 1.2490457723982544, 3.1622776601683795
21, 36, 686, 105, 686, 103, 0, 2, 1.5707963267948966, 2.0
21, 37, 669, 152, 669, 150, 0, 2, 1.5707963267948966, 2.0
21, 38, 680, 91, 680, 89, 0, 2, 1.5707963267948966, 2.0
21, 39, 809, 70, 811, 71, -2, -1, -2.677945044588987, 2.23606797749979
21, 40, 614, 48, 614, 51, 0, -3, -1.5707963267948966, 3.0
21, 41, 389, 212, 389, 211, 0, 1, 1.5707963267948966, 1.0
21, 42, 737, 113, 737, 113, 0, 0, 0.0, 0.0
21, 43, 515, 251, 515, 255, 0, -4, -1.5707963267948966, 4.0
21, 44, 775, 634, 776, 640, -1, -6, -1.7359450042095235, 6.082762530298219
21, 45, 1027, 273, 1026, 269, 1, 4, 1.3258176636680326, 4.123105625617661
21, 46, 388, 158, 389, 156, -1, 2, 2.0344439357957027, 2.23606797749979
21, 47, 501, 43, 501, 44, 0, -1, -1.5707963267948966, 1.0
21, 48, 916, 477, 921, 478, -5, -1, -2.9441970937399127, 5.0990195135927845
21, 49, 277, 66, 277, 67, 0, -1, -1.5707963267948966, 1.0
21, 50, 612, 66, 612, 68, 0, -2, -1.5707963267948966, 2.0
21, 51, 1080, 18, 1080, 18, 0, 0, 0.0, 0.0
21, 52, 1138, 186, 1138, 186, 0, 0, 0.0, 0.0
21, 53, 512, 263, 512, 267, 0, -4, -1.5707963267948966, 4.0
21, 54, 907, 525, 911, 525, -4, 0, 3.141592653589793, 4.0
21, 55, 751, 619, 752, 622, -1, -3, -1.892546881191539, 3.1622776601683795
21, 56, 525, 263, 525, 266, 0, -3, -1.5707963267948966, 3.0
21, 57, 1161, 136, 1161, 134, 0, 2, 1.5707963267948966, 2.0
21, 58, 909, 513, 913, 513, -4, 0, 3.141592653589793, 4.0
21, 59, 1070, 25, 1070, 25, 0, 0, 0.0, 0.0
21, 60, 1091, 80, 1090, 80, 1, 0, 0.0, 1.0
21, 61, 785, 570, 787, 574, -2, -4, -2.0344439357957027, 4.47213595499958
21, 62, 384, 254, 385, 254, -1, 0, 3.141592653589793, 1.0
21, 63, 766, 340, 767, 342, -1, -2, -2.0344439357957027, 2.23606797749979
21, 64, 904, 504, 907, 504, -3, 0, 3.141592653589793, 3.0
21, 65, 1214, 499, 1217, 499, -3, 0, 3.141592653589793, 3.0
21, 66, 735, 53, 736, 53, -1, 0, 3.141592653589793, 1.0
21, 67, 167, 401, 168, 398, -1, 3, 1.892546881191539, 3.1622776601683795
21, 68, 182, 452, 184, 445, -2, 7, 1.849095985800008, 7.280109889280518
21, 69, 620, 185, 621, 184, -1, 1, 2.356194490192345, 1.4142135623730951
21, 70, 1259, 472, 1261, 475, -2, -3, -2.158798930342464, 3.605551275463989
21, 71, 285, 47, 284, 49, 1, -2, -1.1071487177940904, 2.23606797749979
21, 72, 812, 143, 813, 145, -1, -2, -2.0344439357957027, 2.23606797749979
21, 73, 168, 339, 169, 336, -1, 3, 1.892546881191539, 3.1622776601683795
21, 74, 258, 27, 258, 29, 0, -2, -1.5707963267948966, 2.0
21, 75, 931, 479, 936, 479, -5, 0, 3.141592653589793, 5.0
21, 76, 113, 651, 112, 651, 1, 0, 0.0, 1.0
21, 77, 631, 212, 631, 211, 0, 1, 1.5707963267948966, 1.0
21, 78, 1020, 261, 1019, 257, 1, 4, 1.3258176636680326, 4.123105625617661
21, 79, 782, 292, 783, 295, -1, -3, -1.892546881191539, 3.1622776601683795
21, 80, 546, 26, 544, 26, 2, 0, 0.0, 2.0
21, 81, 1138, 168, 1138, 167, 0, 1, 1.5707963267948966, 1.0
21, 82, 650, 182, 650, 180, 0, 2, 1.5707963267948966, 2.0
21, 83, 1220, 515, 1224, 518, -4, -3, -2.498091544796509, 5.0
21, 84, 1182, 77, 1183, 74, -1, 3, 1.892546881191539, 3.1622776601683795
21, 85, 1023, 370, 1022, 367, 1, 3, 1.2490457723982544, 3.1622776601683795
21, 86, 911, 505, 915, 505, -4, 0, 3.141592653589793, 4.0
21, 87, 1126, 98, 1127, 98, -1, 0, 3.141592653589793, 1.0
21, 88, 624, 109, 624, 110, 0, -1, -1.5707963267948966, 1.0
21, 89, 177, 340, 178, 336, -1, 4, 1.8157749899217608, 4.123105625617661
21, 90, 948, 524, 953, 526, -5, -2, -2.761086276477428, 5.385164807134504
21, 91, 1027, 262, 1026, 258, 1, 4, 1.3258176636680326, 4.123105625617661
21, 92, 184, 12, 182, 13, 2, -1, -0.4636476090008061, 2.23606797749979
21, 93, 412, 187, 412, 185, 0, 2, 1.5707963267948966, 2.0
21, 94, 797, 156, 797, 159, 0, -3, -1.5707963267948966, 3.0
21, 95, 1068, 56, 1068, 56, 0, 0, 0.0, 0.0
21, 96, 1051, 385, 1049, 381, 2, 4, 1.1071487177940904, 4.47213595499958
21, 97, 407, 213, 407, 212, 0, 1, 1.5707963267948966, 1.0
21, 98, 390, 261, 390, 260, 0, 1, 1.5707963267948966, 1.0
21, 99, 586, 21, 584, 21, 2, 0, 0.0, 2.0
21, 100, 472, 360, 472, 365, 0, -5, -1.5707963267948966, 5.0
21, 101, 378, 236, 379, 236, -1, 0, 3.141592653589793, 1.0
21, 102, 54, 575, 51, 574, 3, 1, 0.3217505543966422, 3.1622776601683795
21, 103, 384, 183, 385, 181, -1, 2, 2.0344439357957027, 2.23606797749979
21, 104, 1229, 515, 1234, 518, -5, -3, -2.601173153319209, 5.830951894845301
21, 105, 1184, 116, 1185, 114, -1, 2, 2.0344439357957027, 2.23606797749979
21, 106, 675, 98, 675, 96, 0, 2, 1.5707963267948966, 2.0
21, 107, 616, 21, 616, 21, 0, 0, 0.0, 0.0
21, 108, 491, 18, 491, 19, 0, -1, -1.5707963267948966, 1.0
21, 109, 803, 76, 804, 78, -1, -2, -2.0344439357957027, 2.23606797749979
21, 110, 192, 431, 194, 432, -2, -1, -2.677945044588987, 2.23606797749979
21, 111, 493, 451, 492, 459, 1, -8, -1.446441332248135, 8.06225774829855
21, 112, 727, 85, 727, 84, 0, 1, 1.5707963267948966, 1.0
21, 113, 943, 37, 945, 37, -2, 0, 3.141592653589793, 2.0
21, 114, 1207, 159, 1207, 158, 0, 1, 1.5707963267948966, 1.0
21, 115, 88, 621, 85, 620, 3, 1, 0.3217505543966422, 3.1622776601683795
21, 116, 488, 199, 488, 200, 0, -1, -1.5707963267948966, 1.0
21, 117, 624, 20, 624, 20, 0, 0, 0.0, 0.0
21, 118, 1260, 137, 1261, 137, -1, 0, 3.141592653589793, 1.0
22, 0, 825, 90, 827, 93, -2, -3, -2.158798930342464, 3.605551275463989
22, 1, 798, 80, 799, 84, -1, -4, -1.8157749899217608, 4.123105625617661
22, 2, 262, 348, 265, 349, -3, -1, -2.819842099193151, 3.1622776601683795
22, 3, 995, 304, 994, 302, 1, 2, 1.1071487177940904, 2.23606797749979
22, 4, 940, 530, 944, 534, -4, -4, -2.356194490192345, 5.656854249492381
22, 5, 1225, 476, 1228, 480, -3, -4, -2.214297435588181, 5.0
22, 6, 1254, 448, 1259, 452, -5, -4, -2.4668517113662407, 6.4031242374328485
22, 7, 797, 343, 797, 348, 0, -5, -1.5707963267948966, 5.0
22, 8, 305, 376, 306, 376, -1, 0, 3.141592653589793, 1.0
22, 9, 168, 348, 167, 346, 1, 2, 1.1071487177940904, 2.23606797749979
22, 10, 509, 16, 509, 17, 0, -1, -1.5707963267948966, 1.0
22, 11, 544, 40, 545, 43, -1, -3, -1.892546881191539, 3.1622776601683795
22, 12, 612, 73, 612, 76, 0, -3, -1.5707963267948966, 3.0
22, 13, 253, 356, 255, 357, -2, -1, -2.677945044588987, 2.23606797749979
22, 14, 478, 376, 478, 380, 0, -4, -1.5707963267948966, 4.0
22, 15, 808, 58, 811, 62, -3, -4, -2.214297435588181, 5.0
22, 16, 741, 50, 741, 48, 0, 2, 1.5707963267948966, 2.0
22, 17, 1236, 406, 1240, 409, -4, -3, -2.498091544796509, 5.0
22, 18, 477, 135, 480, 139, -3, -4, -2.214297435588181, 5.0
22, 19, 816, 67, 819, 71, -3, -4, -2.214297435588181, 5.0
22, 20, 534, 291, 535, 295, -1, -4, -1.8157749899217608, 4.123105625617661
22, 21, 823, 112, 824, 116, -1, -4, -1.8157749899217608, 4.123105625617661
22, 22, 852, 36, 854, 37, -2, -1, -2.677945044588987, 2.23606797749979
22, 23, 462, 379, 463, 382, -1, -3, -1.892546881191539, 3.1622776601683795
22, 24, 749, 611, 749, 612, 0, -1, -1.5707963267948966, 1.0
22, 25, 1028, 293, 1026, 289, 2, 4, 1.1071487177940904, 4.47213595499958
22, 26, 1239, 420, 1244, 424, -5, -4, -2.4668517113662407, 6.4031242374328485
22, 27, 488, 132, 491, 137, -3, -5, -2.1112158270654806, 5.830951894845301
22, 28, 1105, 52, 1105, 52, 0, 0, 0.0, 0.0
22, 29, 549, 114, 550, 116, -1, -2, -2.0344439357957027, 2.23606797749979
22, 30, 279, 330, 280, 330, -1, 0, 3.141592653589793, 1.0
22, 31, 506, 290, 507, 296, -1, -6, -1.7359450042095235, 6.082762530298219
22, 32, 932, 488, 937, 487, -5, 1, 2.9441970937399127, 5.0990195135927845
22, 33, 480, 122, 483, 127, -3, -5, -2.1112158270654806, 5.830951894845301
22, 34, 748, 56, 748, 54, 0, 2, 1.5707963267948966, 2.0
22, 35, 1015, 267, 1013, 265, 2, 2, 0.7853981633974483, 2.8284271247461903
22, 36, 1102, 16, 1102, 15, 0, 1, 1.5707963267948966, 1.0
22, 37, 1150, 165, 1148, 163, 2, 2, 0.7853981633974483, 2.8284271247461903
22, 38, 682, 93, 681, 90, 1, 3, 1.2490457723982544, 3.1622776601683795
22, 39, 478, 433, 478, 436, 0, -3, -1.5707963267948966, 3.0
22, 40, 1150, 22, 1149, 20, 1, 2, 1.1071487177940904, 2.23606797749979
22, 41, 1000, 401, 999, 397, 1, 4, 1.3258176636680326, 4.123105625617661
22, 42, 477, 483, 478, 485, -1, -2, -2.0344439357957027, 2.23606797749979
22, 43, 616, 47, 615, 51, 1, -4, -1.3258176636680326, 4.123105625617661
22, 44, 1178, 136, 1176, 135, 2, 1, 0.4636476090008061, 2.23606797749979
22, 45, 259, 25, 259, 28, 0, -3, -1.5707963267948966, 3.0
22, 46, 688, 106, 687, 103, 1, 3, 1.2490457723982544, 3.1622776601683795
22, 47, 631, 142, 632, 141, -1, 1, 2.356194490192345, 1.4142135623730951
22, 48, 501, 42, 501, 45, 0, -3, -1.5707963267948966, 3.0
22, 49, 1261, 106, 1265, 105, -4, 1, 2.896613990462929, 4.123105625617661
22, 50, 773, 631, 775, 634, -2, -3, -2.158798930342464, 3.605551275463989
22, 51, 387, 159, 389, 156, -2, 3, 2.158798930342464, 3.605551275463989
22, 52, 668, 152, 669, 150, -1, 2, 2.0344439357957027, 2.23606797749979
22, 53, 408, 216, 408, 213, 0, 3, 1.5707963267948966, 3.0
22, 54, 614, 65, 613, 69, 1, -4, -1.3258176636680326, 4.123105625617661
22, 55, 915, 550, 918, 551, -3, -1, -2.819842099193151, 3.1622776601683795
22, 56, 1028, 274, 1026, 270, 2, 4, 1.1071487177940904, 4.47213595499958
22, 57, 1220, 453, 1225, 455, -5, -2, -2.761086276477428, 5.385164807134504
22, 58, 495, 212, 496, 219, -1, -7, -1.7126933813990606, 7.0710678118654755
22, 59, 1137, 187, 1137, 187, 0, 0, 0.0, 0.0
22, 60, 804, 341, 804, 346, 0, -5, -1.5707963267948966, 5.0
22, 61, 909, 513, 911, 513, -2, 0, 3.141592653589793, 2.0
22, 62, 843, 53, 845, 54, -2, -1, -2.677945044588987, 2.23606797749979
22, 63, 737, 114, 737, 113, 0, 1, 1.5707963267948966, 1.0
22, 64, 512, 263, 512, 268, 0, -5, -1.5707963267948966, 5.0
22, 65, 860, 28, 862, 29, -2, -1, -2.677945044588987, 2.23606797749979
22, 66, 390, 215, 390, 212, 0, 3, 1.5707963267948966, 3.0
22, 67, 915, 478, 920, 479, -5, -1, -2.9441970937399127, 5.0990195135927845
22, 68, 808, 69, 811, 72, -3, -3, -2.356194490192345, 4.242640687119285
22, 69, 278, 66, 277, 68, 1, -2, -1.1071487177940904, 2.23606797749979
22, 70, 786, 567, 787, 570, -1, -3, -1.892546881191539, 3.1622776601683795
22, 71, 283, 393, 285, 394, -2, -1, -2.677945044588987, 2.23606797749979
22, 72, 1080, 18, 1080, 18, 0, 0, 0.0, 0.0
22, 73, 1070, 25, 1070, 25, 0, 0, 0.0, 0.0
22, 74, 1150, 29, 1150, 27, 0, 2, 1.5707963267948966, 2.0
22, 75, 271, 332, 272, 331, -1, 1, 2.356194490192345, 1.4142135623730951
22, 76, 526, 263, 525, 267, 1, -4, -1.3258176636680326, 4.123105625617661
22, 77, 1065, 81, 1065, 82, 0, -1, -1.5707963267948966, 1.0
22, 78, 286, 46, 283, 47, 3, -1, -0.3217505543966422, 3.1622776601683795
22, 79, 399, 290, 401, 290, -2, 0, 3.141592653589793, 2.0
22, 80, 286, 381, 288, 382, -2, -1, -2.677945044588987, 2.23606797749979
22, 81, 1162, 136, 1161, 134, 1, 2, 1.1071487177940904, 2.23606797749979
22, 82, 413, 190, 414, 186, -1, 4, 1.8157749899217608, 4.123105625617661
22, 83, 1020, 261, 1019, 258, 1, 3, 1.2490457723982544, 3.1622776601683795
22, 84, 195, 430, 197, 431, -2, -1, -2.677945044588987, 2.23606797749979
22, 85, 384, 258, 385, 255, -1, 3, 1.892546881191539, 3.1622776601683795
22, 86, 485, 455, 486, 463, -1, -8, -1.695151321341658, 8.06225774829855
22, 87, 522, 349, 523, 352, -1, -3, -1.892546881191539, 3.1622776601683795
22, 88, 532, 79, 533, 82, -1, -3, -1.892546881191539, 3.1622776601683795
22, 89, 378, 240, 379, 237, -1, 3, 1.892546881191539, 3.1622776601683795
22, 90, 737, 56, 737, 54, 0, 2, 1.5707963267948966, 2.0
22, 91, 516, 251, 515, 256, 1, -5, -1.373400766945016, 5.0990195135927845
22, 92, 184, 13, 183, 13, 1, 0, 0.0, 1.0
22, 93, 1025, 370, 1022, 368, 3, 2, 0.5880026035475675, 3.605551275463989
22, 94, 903, 505, 905, 506, -2, -1, -2.677945044588987, 2.23606797749979
22, 95, 473, 360, 473, 366, 0, -6, -1.5707963267948966, 6.0
22, 96, 485, 381, 484, 385, 1, -4, -1.3258176636680326, 4.123105625617661
22, 97, 768, 340, 769, 342, -1, -2, -2.0344439357957027, 2.23606797749979
22, 98, 947, 24, 949, 24, -2, 0, 3.141592653589793, 2.0
22, 99, 1028, 263, 1026, 259, 2, 4, 1.1071487177940904, 4.47213595499958
22, 100, 907, 525, 910, 525, -3, 0, 3.141592653589793, 3.0
22, 101, 113, 651, 113, 651, 0, 0, 0.0, 0.0
22, 102, 491, 16, 491, 19, 0, -3, -1.5707963267948966, 3.0
22, 103, 628, 50, 628, 53, 0, -3, -1.5707963267948966, 3.0
22, 104, 823, 73, 826, 77, -3, -4, -2.214297435588181, 5.0
22, 105, 1074, 57, 1074, 56, 0, 1, 1.5707963267948966, 1.0
22, 106, 169, 339, 170, 337, -1, 2, 2.0344439357957027, 2.23606797749979
22, 107, 930, 480, 935, 479, -5, 1, 2.9441970937399127, 5.0990195135927845
22, 108, 1126, 99, 1127, 98, -1, 1, 2.356194490192345, 1.4142135623730951
22, 109, 632, 216, 633, 212, -1, 4, 1.8157749899217608, 4.123105625617661
22, 110, 290, 396, 292, 397, -2, -1, -2.677945044588987, 2.23606797749979
22, 111, 813, 145, 814, 147, -1, -2, -2.0344439357957027, 2.23606797749979
22, 112, 391, 264, 391, 261, 0, 3, 1.5707963267948966, 3.0
22, 113, 176, 339, 178, 337, -2, 2, 2.356194490192345, 2.8284271247461903
22, 114, 624, 111, 624, 111, 0, 0, 0.0, 0.0
22, 115, 1186, 84, 1187, 80, -1, 4, 1.8157749899217608, 4.123105625617661
22, 116, 1208, 160, 1207, 159, 1, 1, 0.7853981633974483, 1.4142135623730951
22, 117, 218, 65, 216, 69, 2, -4, -1.1071487177940904, 4.47213595499958
22, 118, 1050, 386, 1049, 381, 1, 5, 1.373400766945016, 5.0990195135927845
22, 119, 803, 75, 805, 79, -2, -4, -2.0344439357957027, 4.47213595499958
22, 120, 1140, 170, 1138, 168, 2, 2, 0.7853981633974483, 2.8284271247461903
22, 121, 489, 205, 489, 206, 0, -1, -1.5707963267948966, 1.0
22, 122, 545, 27, 543, 26, 2, 1, 0.4636476090008061, 2.23606797749979
22, 123, 584, 22, 583, 23, 1, -1, -0.7853981633974483, 1.4142135623730951
22, 124, 277, 357, 279, 358, -2, -1, -2.677945044588987, 2.23606797749979
22, 125, 539, 112, 540, 114, -1, -2, -2.0344439357957027, 2.23606797749979
22, 126, 550, 122, 551, 124, -1, -2, -2.0344439357957027, 2.23606797749979
22, 127, 622, 187, 622, 185, 0, 2, 1.5707963267948966, 2.0
22, 128, 783, 291, 784, 296, -1, -5, -1.7681918866447774, 5.0990195135927845
22, 129, 948, 523, 952, 527, -4, -4, -2.356194490192345, 5.656854249492381
22, 130, 417, 250, 417, 250, 0, 0, 0.0, 0.0
22, 131, 1143, 61, 1143, 59, 0, 2, 1.5707963267948966, 2.0
22, 132, 180, 454, 182, 450, -2, 4, 2.0344439357957027, 4.47213595499958
22, 133, 676, 99, 675, 96, 1, 3, 1.2490457723982544, 3.1622776601683795
22, 134, 1227, 511, 1229, 514, -2, -3, -2.158798930342464, 3.605551275463989
22, 135, 937, 494, 942, 493, -5, 1, 2.9441970937399127, 5.0990195135927845
22, 136, 922, 18, 924, 18, -2, 0, 3.141592653589793, 2.0
22, 137, 261, 359, 264, 360, -3, -1, -2.819842099193151, 3.1622776601683795
22, 138, 673, 164, 675, 165, -2, -1, -2.677945044588987, 2.23606797749979
22, 139, 385, 185, 386, 182, -1, 3, 1.892546881191539, 3.1622776601683795
22, 140, 616, 22, 616, 21, 0, 1, 1.5707963267948966, 1.0
22, 141, 682, 182, 684, 180, -2, 2, 2.356194490192345, 2.8284271247461903
23, 0, 824, 87, 825, 90, -1, -3, -1.892546881191539, 3.1622776601683795
23, 1, 797, 77, 798, 80, -1, -3, -1.892546881191539, 3.1622776601683795
23, 2, 260, 347, 262, 348, -2, -1, -2.677945044588987, 2.23606797749979
23, 3, 997, 307, 995, 304, 2, 3, 0.982793723247329, 3.605551275463989
23, 4, 935, 528, 940, 530, -5, -2, -2.761086276477428, 5.385164807134504
23, 5, 1222, 472, 1225, 476, -3, -4, -2.214297435588181, 5.0
23, 6, 1250, 444, 1254, 448, -4, -4, -2.356194490192345, 5.656854249492381
23, 7, 797, 339, 797, 343, 0, -4, -1.5707963267948966, 4.0
23, 8, 304, 376, 305, 376, -1, 0, 3.141592653589793, 1.0
23, 9, 166, 351, 168, 348, -2, 3, 2.158798930342464, 3.605551275463989
23, 10, 509, 14, 509, 16, 0, -2, -1.5707963267948966, 2.0
23, 11, 612, 71, 612, 73, 0, -2, -1.5707963267948966, 2.0
23, 12, 478, 371, 478, 376, 0, -5, -1.5707963267948966, 5.0
23, 13, 806, 55, 808, 58, -2, -3, -2.158798930342464, 3.605551275463989
23, 14, 741, 51, 741, 50, 0, 1, 1.5707963267948966, 1.0
23, 15, 1232, 402, 1236, 406, -4, -4, -2.356194490192345, 5.656854249492381
23, 16, 475, 131, 477, 135, -2, -4, -2.0344439357957027, 4.47213595499958
23, 17, 814, 64, 816, 67, -2, -3, -2.158798930342464, 3.605551275463989
23, 18, 534, 288, 534, 291, 0, -3, -1.5707963267948966, 3.0
23, 19, 822, 109, 823, 112, -1, -3, -1.892546881191539, 3.1622776601683795
23, 20, 462, 375, 462, 379, 0, -4, -1.5707963267948966, 4.0
23, 21, 748, 607, 749, 611, -1, -4, -1.8157749899217608, 4.123105625617661
23, 22, 1029, 296, 1028, 293, 1, 3, 1.2490457723982544, 3.1622776601683795
23, 23, 1235, 416, 1239, 420, -4, -4, -2.356194490192345, 5.656854249492381
23, 24, 486, 128, 488, 132, -2, -4, -2.0344439357957027, 4.47213595499958
23, 25, 1104, 52, 1105, 52, -1, 0, 3.141592653589793, 1.0
23, 26, 278, 330, 279, 330, -1, 0, 3.141592653589793, 1.0
23, 27, 506, 287, 506, 290, 0, -3, -1.5707963267948966, 3.0
23, 28, 927, 488, 932, 488, -5, 0, 3.141592653589793, 5.0
23, 29, 478, 118, 480, 122, -2, -4, -2.0344439357957027, 4.47213595499958
23, 30, 748, 57, 748, 56, 0, 1, 1.5707963267948966, 1.0
23, 31, 1017, 269, 1015, 267, 2, 2, 0.7853981633974483, 2.8284271247461903
23, 32, 1102, 16, 1102, 16, 0, 0, 0.0, 0.0
23, 33, 1151, 166, 1150, 165, 1, 1, 0.7853981633974483, 1.4142135623730951
23, 34, 682, 93, 682, 93, 0, 0, 0.0, 0.0
23, 35, 477, 429, 478, 433, -1, -4, -1.8157749899217608, 4.123105625617661
23, 36, 1150, 23, 1150, 22, 0, 1, 1.5707963267948966, 1.0
23, 37, 1001, 405, 1000, 401, 1, 4, 1.3258176636680326, 4.123105625617661
23, 38, 476, 481, 477, 483, -1, -2, -2.0344439357957027, 2.23606797749979
23, 39, 616, 45, 616, 47, 0, -2, -1.5707963267948966, 2.0
23, 40, 1179, 137, 1178, 136, 1, 1, 0.7853981633974483, 1.4142135623730951
23, 41, 259, 22, 259, 25, 0, -3, -1.5707963267948966, 3.0
23, 42, 688, 107, 688, 106, 0, 1, 1.5707963267948966, 1.0
23, 43, 630, 142, 631, 142, -1, 0, 3.141592653589793, 1.0
23, 44, 501, 40, 501, 42, 0, -2, -1.5707963267948966, 2.0
23, 45, 1260, 107, 1261, 106, -1, 1, 2.356194490192345, 1.4142135623730951
23, 46, 772, 629, 773, 631, -1, -2, -2.0344439357957027, 2.23606797749979
23, 47, 386, 159, 387, 159, -1, 0, 3.141592653589793, 1.0
23, 48, 667, 152, 668, 152, -1, 0, 3.141592653589793, 1.0
23, 49, 408, 218, 408, 216, 0, 2, 1.5707963267948966, 2.0
23, 50, 614, 63, 614, 65, 0, -2, -1.5707963267948966, 2.0
23, 51, 910, 550, 915, 550, -5, 0, 3.141592653589793, 5.0
23, 52, 1029, 276, 1028, 274, 1, 2, 1.1071487177940904, 2.23606797749979
23, 53, 1216, 450, 1220, 453, -4, -3, -2.498091544796509, 5.0
23, 54, 495, 209, 495, 212, 0, -3, -1.5707963267948966, 3.0
23, 55, 1137, 187, 1137, 187, 0, 0, 0.0, 0.0
23, 56, 804, 337, 804, 341, 0, -4, -1.5707963267948966, 4.0
23, 57, 906, 513, 909, 513, -3, 0, 3.141592653589793, 3.0
23, 58, 737, 115, 737, 114, 0, 1, 1.5707963267948966, 1.0
23, 59, 512, 260, 512, 263, 0, -3, -1.5707963267948966, 3.0
23, 60, 390, 217, 390, 215, 0, 2, 1.5707963267948966, 2.0
23, 61, 910, 477, 915, 478, -5, -1, -2.9441970937399127, 5.0990195135927845
23, 62, 806, 66, 808, 69, -2, -3, -2.158798930342464, 3.605551275463989
23, 63, 278, 64, 278, 66, 0, -2, -1.5707963267948966, 2.0
23, 64, 785, 563, 786, 567, -1, -4, -1.8157749899217608, 4.123105625617661
23, 65, 1080, 18, 1080, 18, 0, 0, 0.0, 0.0
23, 66, 1070, 25, 1070, 25, 0, 0, 0.0, 0.0
23, 67, 1150, 30, 1150, 29, 0, 1, 1.5707963267948966, 1.0
23, 68, 270, 332, 271, 332, -1, 0, 3.141592653589793, 1.0
23, 69, 526, 260, 526, 263, 0, -3, -1.5707963267948966, 3.0
23, 70, 1065, 81, 1065, 81, 0, 0, 0.0, 0.0
23, 71, 287, 46, 286, 46, 1, 0, 0.0, 1.0
23, 72, 398, 290, 399, 290, -1, 0, 3.141592653589793, 1.0
23, 73, 1162, 137, 1162, 136, 0, 1, 1.5707963267948966, 1.0
23, 74, 412, 191, 413, 190, -1, 1, 2.356194490192345, 1.4142135623730951
23, 75, 1022, 263, 1020, 261, 2, 2, 0.7853981633974483, 2.8284271247461903
23, 76, 384, 259, 384, 258, 0, 1, 1.5707963267948966, 1.0
23, 77, 484, 450, 485, 455, -1, -5, -1.7681918866447774, 5.0990195135927845
23, 78, 521, 347, 522, 349, -1, -2, -2.0344439357957027, 2.23606797749979
23, 79, 532, 78, 532, 79, 0, -1, -1.5707963267948966, 1.0
23, 80, 378, 242, 378, 240, 0, 2, 1.5707963267948966, 2.0
23, 81, 737, 57, 737, 56, 0, 1, 1.5707963267948966, 1.0
23, 82, 516, 248, 516, 251, 0, -3, -1.5707963267948966, 3.0
23, 83, 184, 14, 184, 13, 0, 1, 1.5707963267948966, 1.0
23, 84, 1026, 373, 1025, 370, 1, 3, 1.2490457723982544, 3.1622776601683795
23, 85, 900, 505, 903, 505, -3, 0, 3.141592653589793, 3.0
23, 86, 473, 355, 473, 360, 0, -5, -1.5707963267948966, 5.0
23, 87, 485, 376, 485, 381, 0, -5, -1.5707963267948966, 5.0
23, 88, 768, 337, 768, 340, 0, -3, -1.5707963267948966, 3.0
23, 89, 946, 24, 947, 24, -1, 0, 3.141592653589793, 1.0
23, 90, 1029, 265, 1028, 263, 1, 2, 1.1071487177940904, 2.23606797749979
23, 91, 903, 525, 907, 525, -4, 0, 3.141592653589793, 4.0
23, 92, 112, 651, 113, 651, -1, 0, 3.141592653589793, 1.0
23, 93, 491, 14, 491, 16, 0, -2, -1.5707963267948966, 2.0
23, 94, 627, 47, 628, 50, -1, -3, -1.892546881191539, 3.1622776601683795
23, 95, 822, 71, 823, 73, -1, -2, -2.0344439357957027, 2.23606797749979
23, 96, 1074, 57, 1074, 57, 0, 0, 0.0, 0.0
23, 97, 167, 343, 169, 339, -2, 4, 2.0344439357957027, 4.47213595499958
23, 98, 925, 480, 930, 480, -5, 0, 3.141592653589793, 5.0
23, 99, 1124, 100, 1126, 99, -2, 1, 2.677945044588987, 2.23606797749979
23, 100, 631, 220, 632, 216, -1, 4, 1.8157749899217608, 4.123105625617661
23, 101, 812, 143, 813, 145, -1, -2, -2.0344439357957027, 2.23606797749979
23, 102, 391, 265, 391, 264, 0, 1, 1.5707963267948966, 1.0
23, 103, 174, 343, 176, 339, -2, 4, 2.0344439357957027, 4.47213595499958
23, 104, 624, 110, 624, 111, 0, -1, -1.5707963267948966, 1.0
23, 105, 1185, 85, 1186, 84, -1, 1, 2.356194490192345, 1.4142135623730951
23, 106, 1208, 160, 1208, 160, 0, 0, 0.0, 0.0
23, 107, 219, 65, 218, 65, 1, 0, 0.0, 1.0
23, 108, 1051, 391, 1050, 386, 1, 5, 1.373400766945016, 5.0990195135927845
23, 109, 802, 72, 803, 75, -1, -3, -1.892546881191539, 3.1622776601683795
23, 110, 1140, 171, 1140, 170, 0, 1, 1.5707963267948966, 1.0
23, 111, 489, 203, 489, 205, 0, -2, -1.5707963267948966, 2.0
23, 112, 546, 27, 545, 27, 1, 0, 0.0, 1.0
23, 113, 584, 21, 584, 22, 0, -1, -1.5707963267948966, 1.0
23, 114, 621, 187, 622, 187, -1, 0, 3.141592653589793, 1.0
23, 115, 782, 288, 783, 291, -1, -3, -1.892546881191539, 3.1622776601683795
23, 116, 944, 521, 948, 523, -4, -2, -2.677945044588987, 4.47213595499958
23, 117, 417, 250, 417, 250, 0, 0, 0.0, 0.0
23, 118, 1143, 62, 1143, 61, 0, 1, 1.5707963267948966, 1.0
23, 119, 182, 457, 180, 454, 2, 3, 0.982793723247329, 3.605551275463989
23, 120, 676, 99, 676, 99, 0, 0, 0.0, 0.0
23, 121, 1227, 510, 1227, 511, 0, -1, -1.5707963267948966, 1.0
23, 122, 932, 494, 937, 494, -5, 0, 3.141592653589793, 5.0
23, 123, 384, 186, 385, 185, -1, 1, 2.356194490192345, 1.4142135623730951
23, 124, 616, 23, 616, 22, 0, 1, 1.5707963267948966, 1.0
23, 125, 682, 182, 682, 182, 0, 0, 0.0, 0.0
24, 0, 797, 77, 798, 80, -1, -3, -1.892546881191539, 3.1622776601683795
24, 1, 745, 52, 745, 50, 0, 2, 1.5707963267948966, 2.0
24, 2, 930, 530, 934, 533, -4, -3, -2.498091544796509, 5.0
24, 3, 997, 312, 996, 309, 1, 3, 1.2490457723982544, 3.1622776601683795
24, 4, 826, 83, 827, 86, -1, -3, -1.892546881191539, 3.1622776601683795
24, 5, 904, 551, 908, 551, -4, 0, 3.141592653589793, 4.0
24, 6, 816, 65, 818, 68, -2, -3, -2.158798930342464, 3.605551275463989
24, 7, 163, 358, 165, 354, -2, 4, 2.0344439357957027, 4.47213595499958
24, 8, 1222, 470, 1225, 473, -3, -3, -2.356194490192345, 4.242640687119285
24, 9, 923, 487, 927, 487, -4, 0, 3.141592653589793, 4.0
24, 10, 479, 370, 479, 374, 0, -4, -1.5707963267948966, 4.0
24, 11, 408, 219, 407, 216, 1, 3, 1.2490457723982544, 3.1622776601683795
24, 12, 797, 340, 798, 343, -1, -3, -1.892546881191539, 3.1622776601683795
24, 13, 536, 290, 536, 293, 0, -3, -1.5707963267948966, 3.0
24, 14, 808, 58, 810, 60, -2, -2, -2.356194490192345, 2.8284271247461903
24, 15, 1229, 400, 1234, 403, -5, -3, -2.601173153319209, 5.830951894845301
24, 16, 1105, 52, 1105, 52, 0, 0, 0.0, 0.0
24, 17, 1233, 414, 1238, 418, -5, -4, -2.4668517113662407, 6.4031242374328485
24, 18, 510, 14, 510, 17, 0, -3, -1.5707963267948966, 3.0
24, 19, 489, 130, 490, 134, -1, -4, -1.8157749899217608, 4.123105625617661
24, 20, 464, 372, 464, 376, 0, -4, -1.5707963267948966, 4.0
24, 21, 1219, 498, 1221, 499, -2, -1, -2.677945044588987, 2.23606797749979
24, 22, 618, 45, 618, 47, 0, -2, -1.5707963267948966, 2.0
24, 23, 278, 335, 279, 335, -1, 0, 3.141592653589793, 1.0
24, 24, 1029, 297, 1028, 295, 1, 2, 1.1071487177940904, 2.23606797749979
24, 25, 823, 108, 824, 111, -1, -3, -1.892546881191539, 3.1622776601683795
24, 26, 1003, 408, 1002, 404, 1, 4, 1.3258176636680326, 4.123105625617661
24, 27, 612, 71, 612, 73, 0, -2, -1.5707963267948966, 2.0
24, 28, 477, 128, 478, 132, -1, -4, -1.8157749899217608, 4.123105625617661
24, 29, 490, 14, 491, 16, -1, -2, -2.0344439357957027, 2.23606797749979
24, 30, 1149, 23, 1149, 22, 0, 1, 1.5707963267948966, 1.0
24, 31, 640, 228, 641, 227, -1, 1, 2.356194490192345, 1.4142135623730951
24, 32, 1197, 485, 1202, 490, -5, -5, -2.356194490192345, 7.0710678118654755
24, 33, 631, 143, 632, 142, -1, 1, 2.356194490192345, 1.4142135623730951
24, 34, 1251, 440, 1255, 445, -4, -5, -2.2455372690184494, 6.4031242374328485
24, 35, 682, 93, 682, 92, 0, 1, 1.5707963267948966, 1.0
24, 36, 477, 481, 478, 483, -1, -2, -2.0344439357957027, 2.23606797749979
24, 37, 1216, 445, 1220, 448, -4, -3, -2.498091544796509, 5.0
24, 38, 804, 338, 805, 341, -1, -3, -1.892546881191539, 3.1622776601683795
24, 39, 508, 288, 508, 291, 0, -3, -1.5707963267948966, 3.0
24, 40, 1261, 107, 1264, 106, -3, 1, 2.819842099193151, 3.1622776601683795
24, 41, 1008, 370, 1009, 370, -1, 0, 3.141592653589793, 1.0
24, 42, 688, 106, 688, 105, 0, 1, 1.5707963267948966, 1.0
24, 43, 1103, 16, 1103, 16, 0, 0, 0.0, 0.0
24, 44, 1151, 215, 1151, 215, 0, 0, 0.0, 0.0
24, 45, 480, 119, 481, 123, -1, -4, -1.8157749899217608, 4.123105625617661
24, 46, 513, 261, 513, 264, 0, -3, -1.5707963267948966, 3.0
24, 47, 521, 348, 522, 351, -1, -3, -1.892546881191539, 3.1622776601683795
24, 48, 387, 158, 388, 158, -1, 0, 3.141592653589793, 1.0
24, 49, 782, 557, 784, 561, -2, -4, -2.0344439357957027, 4.47213595499958
24, 50, 1150, 30, 1150, 29, 0, 1, 1.5707963267948966, 1.0
24, 51, 773, 339, 774, 342, -1, -3, -1.892546881191539, 3.1622776601683795
24, 52, 221, 65, 220, 65, 1, 0, 0.0, 1.0
24, 53, 1070, 26, 1070, 26, 0, 0, 0.0, 0.0
24, 54, 1136, 188, 1136, 186, 0, 2, 1.5707963267948966, 2.0
24, 55, 1017, 273, 1016, 270, 1, 3, 1.2490457723982544, 3.1622776601683795
24, 56, 297, 336, 297, 337, 0, -1, -1.5707963267948966, 1.0
24, 57, 1012, 337, 1012, 333, 0, 4, 1.5707963267948966, 4.0
24, 58, 1150, 166, 1150, 165, 0, 1, 1.5707963267948966, 1.0
24, 59, 1180, 138, 1179, 137, 1, 1, 0.7853981633974483, 1.4142135623730951
24, 60, 904, 477, 909, 479, -5, -2, -2.761086276477428, 5.385164807134504
24, 61, 1081, 19, 1081, 19, 0, 0, 0.0, 0.0
24, 62, 1030, 278, 1029, 276, 1, 2, 1.1071487177940904, 2.23606797749979
24, 63, 896, 524, 900, 525, -4, -1, -2.896613990462929, 4.123105625617661
24, 64, 823, 71, 824, 74, -1, -3, -1.892546881191539, 3.1622776601683795
24, 65, 412, 189, 413, 188, -1, 1, 2.356194490192345, 1.4142135623730951
24, 66, 284, 54, 284, 55, 0, -1, -1.5707963267948966, 1.0
24, 67, 667, 154, 668, 153, -1, 1, 2.356194490192345, 1.4142135623730951
24, 68, 615, 63, 615, 65, 0, -2, -1.5707963267948966, 2.0
24, 69, 526, 260, 526, 263, 0, -3, -1.5707963267948966, 3.0
24, 70, 496, 210, 496, 213, 0, -3, -1.5707963267948966, 3.0
24, 71, 186, 458, 184, 455, 2, 3, 0.982793723247329, 3.605551275463989
24, 72, 898, 510, 901, 510, -3, 0, 3.141592653589793, 3.0
24, 73, 1163, 137, 1163, 136, 0, 1, 1.5707963267948966, 1.0
24, 74, 390, 218, 390, 215, 0, 3, 1.5707963267948966, 3.0
24, 75, 1026, 378, 1025, 375, 1, 3, 1.2490457723982544, 3.1622776601683795
24, 76, 517, 249, 516, 252, 1, -3, -1.2490457723982544, 3.1622776601683795
24, 77, 502, 40, 502, 43, 0, -3, -1.5707963267948966, 3.0
24, 78, 743, 587, 744, 590, -1, -3, -1.892546881191539, 3.1622776601683795
24, 79, 166, 349, 168, 345, -2, 4, 2.0344439357957027, 4.47213595499958
24, 80, 946, 24, 947, 24, -1, 0, 3.141592653589793, 1.0
24, 81, 269, 333, 270, 333, -1, 0, 3.141592653589793, 1.0
24, 82, 475, 355, 474, 360, 1, -5, -1.373400766945016, 5.0990195135927845
24, 83, 621, 187, 622, 187, -1, 0, 3.141592653589793, 1.0
24, 84, 920, 477, 925, 478, -5, -1, -2.9441970937399127, 5.0990195135927845
24, 85, 1076, 57, 1076, 57, 0, 0, 0.0, 0.0
24, 86, 634, 222, 635, 221, -1, 1, 2.356194490192345, 1.4142135623730951
24, 87, 196, 430, 197, 430, -1, 0, 3.141592653589793, 1.0
24, 88, 420, 251, 420, 250, 0, 1, 1.5707963267948966, 1.0
24, 89, 385, 259, 385, 257, 0, 2, 1.5707963267948966, 2.0
24, 90, 808, 66, 810, 69, -2, -3, -2.158798930342464, 3.605551275463989
24, 91, 739, 57, 739, 55, 0, 2, 1.5707963267948966, 2.0
24, 92, 937, 523, 942, 526, -5, -3, -2.601173153319209, 5.830951894845301
24, 93, 1065, 82, 1065, 82, 0, 0, 0.0, 0.0
24, 94, 1126, 97, 1127, 97, -1, 0, 3.141592653589793, 1.0
24, 95, 1023, 266, 1022, 263, 1, 3, 1.2490457723982544, 3.1622776601683795
24, 96, 1030, 267, 1029, 264, 1, 3, 1.2490457723982544, 3.1622776601683795
24, 97, 281, 323, 282, 323, -1, 0, 3.141592653589793, 1.0
24, 98, 1213, 491, 1216, 492, -3, -1, -2.819842099193151, 3.1622776601683795
24, 99, 1209, 160, 1209, 160, 0, 0, 0.0, 0.0
24, 100, 175, 349, 177, 345, -2, 4, 2.0344439357957027, 4.47213595499958
24, 101, 258, 23, 258, 26, 0, -3, -1.5707963267948966, 3.0
24, 102, 577, 24, 577, 24, 0, 0, 0.0, 0.0
24, 103, 1182, 79, 1183, 78, -1, 1, 2.356194490192345, 1.4142135623730951
24, 104, 738, 113, 738, 112, 0, 1, 1.5707963267948966, 1.0
24, 105, 555, 19, 554, 17, 1, 2, 1.1071487177940904, 2.23606797749979
24, 106, 747, 116, 747, 115, 0, 1, 1.5707963267948966, 1.0
24, 107, 768, 332, 769, 335, -1, -3, -1.892546881191539, 3.1622776601683795
24, 108, 783, 289, 784, 292, -1, -3, -1.892546881191539, 3.1622776601683795
24, 109, 198, 13, 197, 15, 1, -2, -1.1071487177940904, 2.23606797749979
24, 110, 485, 375, 485, 379, 0, -4, -1.5707963267948966, 4.0
24, 111, 1142, 62, 1143, 61, -1, 1, 2.356194490192345, 1.4142135623730951
24, 112, 489, 200, 489, 202, 0, -2, -1.5707963267948966, 2.0
24, 113, 929, 572, 933, 573, -4, -1, -2.896613990462929, 4.123105625617661
24, 114, 579, 52, 580, 52, -1, 0, 3.141592653589793, 1.0
24, 115, 379, 241, 379, 239, 0, 2, 1.5707963267948966, 2.0
24, 116, 1087, 55, 1087, 55, 0, 0, 0.0, 0.0
24, 117, 400, 289, 401, 289, -1, 0, 3.141592653589793, 1.0
24, 118, 922, 14, 923, 14, -1, 0, 3.141592653589793, 1.0
24, 119, 391, 266, 391, 264, 0, 2, 1.5707963267948966, 2.0
24, 120, 1140, 172, 1140, 170, 0, 2, 1.5707963267948966, 2.0
24, 121, 1218, 191, 1218, 188, 0, 3, 1.5707963267948966, 3.0
24, 122, 415, 292, 415, 290, 0, 2, 1.5707963267948966, 2.0
24, 123, 1068, 57, 1068, 57, 0, 0, 0.0, 0.0
24, 124, 675, 165, 676, 165, -1, 0, 3.141592653589793, 1.0
24, 125, 485, 10, 485, 12, 0, -2, -1.5707963267948966, 2.0
24, 126, 1069, 39, 1069, 39, 0, 0, 0.0, 0.0
24, 127, 675, 102, 675, 102, 0, 0, 0.0, 0.0
24, 128, 89, 641, 87, 640, 2, 1, 0.4636476090008061, 2.23606797749979
24, 129, 1261, 142, 1274, 141, -13, 1, 3.064820762320015, 13.038404810405298
24, 130, 1047, 433, 1046, 430, 1, 3, 1.2490457723982544, 3.1622776601683795
24, 131, 616, 25, 616, 24, 0, 1, 1.5707963267948966, 1.0
24, 132, 531, 329, 532, 331, -1, -2, -2.0344439357957027, 2.23606797749979
24, 133, 1261, 136, 1270, 135, -9, 1, 3.0309354324158977, 9.055385138137417
24, 134, 186, 12, 186, 12, 0, 0, 0.0, 0.0
25, 0, 796, 74, 797, 77, -1, -3, -1.892546881191539, 3.1622776601683795
25, 1, 745, 54, 745, 52, 0, 2, 1.5707963267948966, 2.0
25, 2, 925, 527, 930, 530, -5, -3, -2.601173153319209, 5.830951894845301
25, 3, 999, 314, 997, 312, 2, 2, 0.7853981633974483, 2.8284271247461903
25, 4, 825, 80, 826, 83, -1, -3, -1.892546881191539, 3.1622776601683795
25, 5, 900, 551, 904, 551, -4, 0, 3.141592653589793, 4.0
25, 6, 814, 62, 816, 65, -2, -3, -2.158798930342464, 3.605551275463989
25, 7, 160, 361, 163, 358, -3, 3, 2.356194490192345, 4.242640687119285
25, 8, 1219, 468, 1222, 470, -3, -2, -2.5535900500422257, 3.605551275463989
25, 9, 919, 487, 923, 487, -4, 0, 3.141592653589793, 4.0
25, 10, 479, 366, 479, 370, 0, -4, -1.5707963267948966, 4.0
25, 11, 408, 222, 408, 219, 0, 3, 1.5707963267948966, 3.0
25, 12, 796, 336, 797, 340, -1, -4, -1.8157749899217608, 4.123105625617661
25, 13, 536, 287, 536, 290, 0, -3, -1.5707963267948966, 3.0
25, 14, 806, 55, 808, 58, -2, -3, -2.158798930342464, 3.605551275463989
25, 15, 1225, 397, 1229, 400, -4, -3, -2.498091544796509, 5.0
25, 16, 1105, 52, 1105, 52, 0, 0, 0.0, 0.0
25, 17, 1228, 410, 1233, 414, -5, -4, -2.4668517113662407, 6.4031242374328485
25, 18, 510, 11, 510, 14, 0, -3, -1.5707963267948966, 3.0
25, 19, 488, 126, 489, 130, -1, -4, -1.8157749899217608, 4.123105625617661
25, 20, 464, 368, 464, 372, 0, -4, -1.5707963267948966, 4.0
25, 21, 618, 44, 618, 45, 0, -1, -1.5707963267948966, 1.0
25, 22, 277, 335, 278, 335, -1, 0, 3.141592653589793, 1.0
25, 23, 1031, 299, 1029, 297, 2, 2, 0.7853981633974483, 2.8284271247461903
25, 24, 822, 104, 823, 108, -1, -4, -1.8157749899217608, 4.123105625617661
25, 25, 1004, 412, 1003, 408, 1, 4, 1.3258176636680326, 4.123105625617661
25, 26, 612, 69, 612, 71, 0, -2, -1.5707963267948966, 2.0
25, 27, 476, 123, 477, 128, -1, -5, -1.7681918866447774, 5.0990195135927845
25, 28, 489, 11, 490, 14, -1, -3, -1.892546881191539, 3.1622776601683795
25, 29, 1149, 24, 1149, 23, 0, 1, 1.5707963267948966, 1.0
25, 30, 639, 229, 640, 228, -1, 1, 2.356194490192345, 1.4142135623730951
25, 31, 1193, 479, 1197, 485, -4, -6, -2.158798930342464, 7.211102550927978
25, 32, 630, 144, 631, 143, -1, 1, 2.356194490192345, 1.4142135623730951
25, 33, 1247, 436, 1251, 440, -4, -4, -2.356194490192345, 5.656854249492381
25, 34, 682, 93, 682, 93, 0, 0, 0.0, 0.0
25, 35, 476, 477, 477, 481, -1, -4, -1.8157749899217608, 4.123105625617661
25, 36, 1212, 442, 1216, 445, -4, -3, -2.498091544796509, 5.0
25, 37, 803, 334, 804, 338, -1, -4, -1.8157749899217608, 4.123105625617661
25, 38, 508, 284, 508, 288, 0, -4, -1.5707963267948966, 4.0
25, 39, 1260, 109, 1261, 107, -1, 2, 2.0344439357957027, 2.23606797749979
25, 40, 1007, 370, 1008, 370, -1, 0, 3.141592653589793, 1.0
25, 41, 688, 106, 688, 106, 0, 0, 0.0, 0.0
25, 42, 1103, 16, 1103, 16, 0, 0, 0.0, 0.0
25, 43, 1151, 215, 1151, 215, 0, 0, 0.0, 0.0
25, 44, 479, 115, 480, 119, -1, -4, -1.8157749899217608, 4.123105625617661
25, 45, 513, 257, 513, 261, 0, -4, -1.5707963267948966, 4.0
25, 46, 520, 344, 521, 348, -1, -4, -1.8157749899217608, 4.123105625617661
25, 47, 386, 158, 387, 158, -1, 0, 3.141592653589793, 1.0
25, 48, 780, 552, 782, 557, -2, -5, -1.9513027039072615, 5.385164807134504
25, 49, 1150, 31, 1150, 30, 0, 1, 1.5707963267948966, 1.0
25, 50, 772, 335, 773, 339, -1, -4, -1.8157749899217608, 4.123105625617661
25, 51, 222, 65, 221, 65, 1, 0, 0.0, 1.0
25, 52, 1070, 26, 1070, 26, 0, 0, 0.0, 0.0
25, 53, 1136, 190, 1136, 188, 0, 2, 1.5707963267948966, 2.0
25, 54, 1019, 275, 1017, 273, 2, 2, 0.7853981633974483, 2.8284271247461903
25, 55, 1013, 341, 1012, 337, 1, 4, 1.3258176636680326, 4.123105625617661
25, 56, 1151, 167, 1150, 166, 1, 1, 0.7853981633974483, 1.4142135623730951
25, 57, 1181, 140, 1180, 138, 1, 2, 1.1071487177940904, 2.23606797749979
25, 58, 899, 475, 904, 477, -5, -2, -2.761086276477428, 5.385164807134504
25, 59, 1081, 19, 1081, 19, 0, 0, 0.0, 0.0
25, 60, 1032, 280, 1030, 278, 2, 2, 0.7853981633974483, 2.8284271247461903
25, 61, 892, 524, 896, 524, -4, 0, 3.141592653589793, 4.0
25, 62, 822, 68, 823, 71, -1, -3, -1.892546881191539, 3.1622776601683795
25, 63, 411, 190, 412, 189, -1, 1, 2.356194490192345, 1.4142135623730951
25, 64, 285, 53, 284, 54, 1, -1, -0.7853981633974483, 1.4142135623730951
25, 65, 666, 154, 667, 154, -1, 0, 3.141592653589793, 1.0
25, 66, 615, 61, 615, 63, 0, -2, -1.5707963267948966, 2.0
25, 67, 526, 256, 526, 260, 0, -4, -1.5707963267948966, 4.0
25, 68, 496, 208, 496, 210, 0, -2, -1.5707963267948966, 2.0
25, 69, 186, 462, 186, 458, 0, 4, 1.5707963267948966, 4.0
25, 70, 895, 509, 898, 510, -3, -1, -2.819842099193151, 3.1622776601683795
25, 71, 1163, 139, 1163, 137, 0, 2, 1.5707963267948966, 2.0
25, 72, 390, 220, 390, 218, 0, 2, 1.5707963267948966, 2.0
25, 73, 1027, 381, 1026, 378, 1, 3, 1.2490457723982544, 3.1622776601683795
25, 74, 517, 245, 517, 249, 0, -4, -1.5707963267948966, 4.0
25, 75, 501, 37, 502, 40, -1, -3, -1.892546881191539, 3.1622776601683795
25, 76, 742, 583, 743, 587, -1, -4, -1.8157749899217608, 4.123105625617661
25, 77, 163, 352, 166, 349, -3, 3, 2.356194490192345, 4.242640687119285
25, 78, 945, 24, 946, 24, -1, 0, 3.141592653589793, 1.0
25, 79, 267, 333, 269, 333, -2, 0, 3.141592653589793, 2.0
25, 80, 475, 350, 475, 355, 0, -5, -1.5707963267948966, 5.0
25, 81, 620, 187, 621, 187, -1, 0, 3.141592653589793, 1.0
25, 82, 915, 476, 920, 477, -5, -1, -2.9441970937399127, 5.0990195135927845
25, 83, 1076, 57, 1076, 57, 0, 0, 0.0, 0.0
25, 84, 633, 224, 634, 222, -1, 2, 2.0344439357957027, 2.23606797749979
25, 85, 195, 430, 196, 430, -1, 0, 3.141592653589793, 1.0
25, 86, 420, 251, 420, 251, 0, 0, 0.0, 0.0
25, 87, 385, 261, 385, 259, 0, 2, 1.5707963267948966, 2.0
25, 88, 806, 63, 808, 66, -2, -3, -2.158798930342464, 3.605551275463989
25, 89, 739, 59, 739, 57, 0, 2, 1.5707963267948966, 2.0
25, 90, 932, 520, 937, 523, -5, -3, -2.601173153319209, 5.830951894845301
25, 91, 1065, 82, 1065, 82, 0, 0, 0.0, 0.0
25, 92, 1125, 97, 1126, 97, -1, 0, 3.141592653589793, 1.0
25, 93, 1025, 268, 1023, 266, 2, 2, 0.7853981633974483, 2.8284271247461903
25, 94, 1032, 269, 1030, 267, 2, 2, 0.7853981633974483, 2.8284271247461903
25, 95, 280, 323, 281, 323, -1, 0, 3.141592653589793, 1.0
25, 96, 1209, 489, 1213, 491, -4, -2, -2.677945044588987, 4.47213595499958
25, 97, 1209, 160, 1209, 160, 0, 0, 0.0, 0.0
25, 98, 172, 352, 175, 349, -3, 3, 2.356194490192345, 4.242640687119285
25, 99, 258, 19, 258, 23, 0, -4, -1.5707963267948966, 4.0
25, 100, 577, 24, 577, 24, 0, 0, 0.0, 0.0
25, 101, 1182, 79, 1182, 79, 0, 0, 0.0, 0.0
25, 102, 738, 113, 738, 113, 0, 0, 0.0, 0.0
25, 103, 556, 20, 555, 19, 1, 1, 0.7853981633974483, 1.4142135623730951
25, 104, 747, 116, 747, 116, 0, 0, 0.0, 0.0
25, 105, 767, 328, 768, 332, -1, -4, -1.8157749899217608, 4.123105625617661
25, 106, 782, 285, 783, 289, -1, -4, -1.8157749899217608, 4.123105625617661
25, 107, 198, 12, 198, 13, 0, -1, -1.5707963267948966, 1.0
25, 108, 485, 371, 485, 375, 0, -4, -1.5707963267948966, 4.0
25, 109, 1142, 63, 1142, 62, 0, 1, 1.5707963267948966, 1.0
25, 110, 488, 198, 489, 200, -1, -2, -2.0344439357957027, 2.23606797749979
25, 111, 925, 572, 929, 572, -4, 0, 3.141592653589793, 4.0
25, 112, 578, 52, 579, 52, -1, 0, 3.141592653589793, 1.0
25, 113, 379, 243, 379, 241, 0, 2, 1.5707963267948966, 2.0
25, 114, 1087, 55, 1087, 55, 0, 0, 0.0, 0.0
25, 115, 399, 289, 400, 289, -1, 0, 3.141592653589793, 1.0
25, 116, 921, 14, 922, 14, -1, 0, 3.141592653589793, 1.0
25, 117, 391, 268, 391, 266, 0, 2, 1.5707963267948966, 2.0
25, 118, 1141, 174, 1140, 172, 1, 2, 1.1071487177940904, 2.23606797749979
25, 119, 1218, 194, 1218, 191, 0, 3, 1.5707963267948966, 3.0
25, 120, 414, 294, 415, 292, -1, 2, 2.0344439357957027, 2.23606797749979
25, 121, 1068, 57, 1068, 57, 0, 0, 0.0, 0.0
25, 122, 674, 166, 675, 165, -1, 1, 2.356194490192345, 1.4142135623730951
25, 123, 485, 9, 485, 10, 0, -1, -1.5707963267948966, 1.0
25, 124, 1069, 39, 1069, 39, 0, 0, 0.0, 0.0
25, 125, 675, 102, 675, 102, 0, 0, 0.0, 0.0
25, 126, 91, 642, 89, 641, 2, 1, 0.4636476090008061, 2.23606797749979
25, 127, 1048, 435, 1047, 433, 1, 2, 1.1071487177940904, 2.23606797749979
25, 128, 616, 26, 616, 25, 0, 1, 1.5707963267948966, 1.0
25, 129, 530, 329, 531, 329, -1, 0, 3.141592653589793, 1.0
25, 130, 186, 12, 186, 12, 0, 0, 0.0, 0.0
26, 0, 924, 528, 928, 531, -4, -3, -2.498091544796509, 5.0
26, 1, 796, 76, 797, 78, -1, -2, -2.0344439357957027, 2.23606797749979
26, 2, 260, 347, 262, 348, -2, -1, -2.677945044588987, 2.23606797749979
26, 3, 916, 485, 921, 485, -5, 0, 3.141592653589793, 5.0
26, 4, 796, 337, 797, 340, -1, -3, -1.892546881191539, 3.1622776601683795
26, 5, 815, 63, 816, 66, -1, -3, -1.892546881191539, 3.1622776601683795
26, 6, 823, 86, 824, 89, -1, -3, -1.892546881191539, 3.1622776601683795
26, 7, 1224, 397, 1229, 400, -5, -3, -2.601173153319209, 5.830951894845301
26, 8, 1230, 412, 1234, 415, -4, -3, -2.498091544796509, 5.0
26, 9, 792, 598, 793, 600, -1, -2, -2.0344439357957027, 2.23606797749979
26, 10, 161, 361, 163, 358, -2, 3, 2.158798930342464, 3.605551275463989
26, 11, 745, 55, 745, 53, 0, 2, 1.5707963267948966, 2.0
26, 12, 465, 367, 465, 371, 0, -4, -1.5707963267948966, 4.0
26, 13, 808, 55, 809, 58, -1, -3, -1.892546881191539, 3.1622776601683795
26, 14, 480, 365, 480, 369, 0, -4, -1.5707963267948966, 4.0
26, 15, 1220, 467, 1223, 470, -3, -3, -2.356194490192345, 4.242640687119285
26, 16, 535, 286, 535, 290, 0, -4, -1.5707963267948966, 4.0
26, 17, 408, 221, 408, 219, 0, 2, 1.5707963267948966, 2.0
26, 18, 1261, 111, 1263, 109, -2, 2, 2.356194490192345, 2.8284271247461903
26, 19, 851, 36, 852, 36, -1, 0, 3.141592653589793, 1.0
26, 20, 488, 127, 489, 131, -1, -4, -1.8157749899217608, 4.123105625617661
26, 21, 1213, 443, 1217, 445, -4, -2, -2.677945044588987, 4.47213595499958
26, 22, 477, 125, 478, 129, -1, -4, -1.8157749899217608, 4.123105625617661
26, 23, 783, 610, 785, 614, -2, -4, -2.0344439357957027, 4.47213595499958
26, 24, 1190, 470, 1192, 476, -2, -6, -1.892546881191539, 6.324555320336759
26, 25, 1009, 369, 1009, 370, 0, -1, -1.5707963267948966, 1.0
26, 26, 509, 10, 509, 14, 0, -4, -1.5707963267948966, 4.0
26, 27, 1005, 414, 1004, 410, 1, 4, 1.3258176636680326, 4.123105625617661
26, 28, 683, 93, 683, 93, 0, 0, 0.0, 0.0
26, 29, 1150, 26, 1150, 24, 0, 2, 1.5707963267948966, 2.0
26, 30, 1033, 300, 1031, 298, 2, 2, 0.7853981633974483, 2.8284271247461903
26, 31, 1105, 52, 1105, 52, 0, 0, 0.0, 0.0
26, 32, 550, 112, 550, 113, 0, -1, -1.5707963267948966, 1.0
26, 33, 613, 71, 613, 72, 0, -1, -1.5707963267948966, 1.0
26, 34, 388, 160, 388, 159, 0, 1, 1.5707963267948966, 1.0
26, 35, 278, 330, 279, 330, -1, 0, 3.141592653589793, 1.0
26, 36, 823, 104, 824, 107, -1, -3, -1.892546881191539, 3.1622776601683795
26, 37, 1103, 17, 1103, 17, 0, 0, 0.0, 0.0
26, 38, 742, 575, 743, 579, -1, -4, -1.8157749899217608, 4.123105625617661
26, 39, 631, 146, 632, 144, -1, 2, 2.0344439357957027, 2.23606797749979
26, 40, 479, 115, 480, 119, -1, -4, -1.8157749899217608, 4.123105625617661
26, 41, 639, 227, 640, 226, -1, 1, 2.356194490192345, 1.4142135623730951
26, 42, 421, 251, 421, 251, 0, 0, 0.0, 0.0
26, 43, 1033, 280, 1031, 278, 2, 2, 0.7853981633974483, 2.8284271247461903
26, 44, 1137, 191, 1136, 188, 1, 3, 1.2490457723982544, 3.1622776601683795
26, 45, 688, 107, 688, 107, 0, 0, 0.0, 0.0
26, 46, 1019, 276, 1017, 273, 2, 3, 0.982793723247329, 3.605551275463989
26, 47, 803, 335, 804, 338, -1, -3, -1.892546881191539, 3.1622776601683795
26, 48, 861, 27, 862, 27, -1, 0, 3.141592653589793, 1.0
26, 49, 781, 550, 783, 555, -2, -5, -1.9513027039072615, 5.385164807134504
26, 50, 1182, 141, 1181, 138, 1, 3, 1.2490457723982544, 3.1622776601683795
26, 51, 889, 524, 893, 524, -4, 0, 3.141592653589793, 4.0
26, 52, 999, 314, 997, 312, 2, 2, 0.7853981633974483, 2.8284271247461903
26, 53, 632, 231, 633, 229, -1, 2, 2.0344439357957027, 2.23606797749979
26, 54, 391, 220, 391, 217, 0, 3, 1.5707963267948966, 3.0
26, 55, 508, 285, 508, 289, 0, -4, -1.5707963267948966, 4.0
26, 56, 297, 335, 297, 336, 0, -1, -1.5707963267948966, 1.0
26, 57, 303, 357, 304, 357, -1, 0, 3.141592653589793, 1.0
26, 58, 515, 257, 514, 261, 1, -4, -1.3258176636680326, 4.123105625617661
26, 59, 1150, 33, 1150, 31, 0, 2, 1.5707963267948966, 2.0
26, 60, 110, 603, 108, 602, 2, 1, 0.4636476090008061, 2.23606797749979
26, 61, 619, 45, 619, 46, 0, -1, -1.5707963267948966, 1.0
26, 62, 1081, 19, 1081, 19, 0, 0, 0.0, 0.0
26, 63, 572, 40, 573, 40, -1, 0, 3.141592653589793, 1.0
26, 64, 163, 352, 166, 349, -3, 3, 2.356194490192345, 4.242640687119285
26, 65, 822, 68, 823, 71, -1, -3, -1.892546881191539, 3.1622776601683795
26, 66, 768, 329, 769, 333, -1, -4, -1.8157749899217608, 4.123105625617661
26, 67, 853, 27, 854, 27, -1, 0, 3.141592653589793, 1.0
26, 68, 1143, 65, 1144, 63, -1, 2, 2.0344439357957027, 2.23606797749979
26, 69, 1071, 26, 1071, 26, 0, 0, 0.0, 0.0
26, 70, 617, 61, 616, 63, 1, -2, -1.1071487177940904, 2.23606797749979
26, 71, 1154, 167, 1154, 165, 0, 2, 1.5707963267948966, 2.0
26, 72, 483, 448, 483, 449, 0, -1, -1.5707963267948966, 1.0
26, 73, 1068, 58, 1068, 58, 0, 0, 0.0, 0.0
26, 74, 913, 476, 918, 477, -5, -1, -2.9441970937399127, 5.0990195135927845
26, 75, 621, 186, 622, 186, -1, 0, 3.141592653589793, 1.0
26, 76, 808, 64, 809, 67, -1, -3, -1.892546881191539, 3.1622776601683795
26, 77, 682, 181, 683, 181, -1, 0, 3.141592653589793, 1.0
26, 78, 1013, 345, 1012, 341, 1, 4, 1.3258176636680326, 4.123105625617661
26, 79, 520, 345, 521, 348, -1, -3, -1.892546881191539, 3.1622776601683795
26, 80, 518, 245, 517, 249, 1, -4, -1.3258176636680326, 4.123105625617661
26, 81, 1077, 57, 1077, 57, 0, 0, 0.0, 0.0
26, 82, 946, 24, 947, 24, -1, 0, 3.141592653589793, 1.0
26, 83, 623, 110, 623, 111, 0, -1, -1.5707963267948966, 1.0
26, 84, 897, 476, 902, 478, -5, -2, -2.761086276477428, 5.385164807134504
26, 85, 487, 199, 488, 201, -1, -2, -2.0344439357957027, 2.23606797749979
26, 86, 1150, 215, 1151, 214, -1, 1, 2.356194490192345, 1.4142135623730951
26, 87, 413, 190, 413, 189, 0, 1, 1.5707963267948966, 1.0
26, 88, 1064, 82, 1064, 81, 0, 1, 1.5707963267948966, 1.0
26, 89, 1027, 384, 1026, 381, 1, 3, 1.2490457723982544, 3.1622776601683795
26, 90, 582, 23, 583, 23, -1, 0, 3.141592653589793, 1.0
26, 91, 667, 154, 668, 154, -1, 0, 3.141592653589793, 1.0
26, 92, 113, 650, 113, 651, 0, -1, -1.5707963267948966, 1.0
26, 93, 491, 11, 491, 13, 0, -2, -1.5707963267948966, 2.0
26, 94, 282, 322, 282, 323, 0, -1, -1.5707963267948966, 1.0
26, 95, 386, 262, 386, 260, 0, 2, 1.5707963267948966, 2.0
26, 96, 738, 60, 738, 58, 0, 2, 1.5707963267948966, 2.0
26, 97, 772, 336, 773, 340, -1, -4, -1.8157749899217608, 4.123105625617661
26, 98, 1125, 97, 1126, 97, -1, 0, 3.141592653589793, 1.0
26, 99, 1033, 270, 1031, 267, 2, 3, 0.982793723247329, 3.605551275463989
26, 100, 1161, 219, 1161, 217, 0, 2, 1.5707963267948966, 2.0
26, 101, 783, 285, 784, 289, -1, -4, -1.8157749899217608, 4.123105625617661
26, 102, 921, 15, 922, 15, -1, 0, 3.141592653589793, 1.0
26, 103, 1247, 437, 1251, 441, -4, -4, -2.356194490192345, 5.656854249492381
26, 104, 474, 350, 474, 355, 0, -5, -1.5707963267948966, 5.0
26, 105, 260, 395, 261, 395, -1, 0, 3.141592653589793, 1.0
26, 106, 1147, 173, 1146, 171, 1, 2, 1.1071487177940904, 2.23606797749979
26, 107, 269, 333, 270, 333, -1, 0, 3.141592653589793, 1.0
26, 108, 173, 352, 175, 349, -2, 3, 2.158798930342464, 3.605551275463989
26, 109, 891, 509, 894, 510, -3, -1, -2.819842099193151, 3.1622776601683795
26, 110, 736, 112, 737, 112, -1, 0, 3.141592653589793, 1.0
26, 111, 287, 55, 286, 55, 1, 0, 0.0, 1.0
26, 112, 1025, 270, 1023, 267, 2, 3, 0.982793723247329, 3.605551275463989
26, 113, 527, 257, 527, 261, 0, -4, -1.5707963267948966, 4.0
26, 114, 221, 65, 221, 66, 0, -1, -1.5707963267948966, 1.0
26, 115, 1183, 79, 1183, 79, 0, 0, 0.0, 0.0
26, 116, 187, 466, 187, 464, 0, 2, 1.5707963267948966, 2.0
26, 117, 497, 202, 497, 205, 0, -3, -1.5707963267948966, 3.0
26, 118, 1210, 162, 1210, 161, 0, 1, 1.5707963267948966, 1.0
26, 119, 1187, 120, 1187, 119, 0, 1, 1.5707963267948966, 1.0
26, 120, 616, 27, 616, 26, 0, 1, 1.5707963267948966, 1.0
26, 121, 194, 431, 196, 431, -2, 0, 3.141592653589793, 2.0
26, 122, 1088, 56, 1088, 56, 0, 0, 0.0, 0.0
26, 123, 400, 290, 401, 289, -1, 1, 2.356194490192345, 1.4142135623730951
26, 124, 565, 20, 564, 18, 1, 2, 1.1071487177940904, 2.23606797749979
26, 125, 931, 522, 936, 524, -5, -2, -2.761086276477428, 5.385164807134504
26, 126, 938, 571, 940, 572, -2, -1, -2.677945044588987, 2.23606797749979
26, 127, 1135, 104, 1136, 104, -1, 0, 3.141592653589793, 1.0
26, 128, 1087, 75, 1087, 75, 0, 0, 0.0, 0.0
26, 129, 1048, 435, 1047, 432, 1, 3, 1.2490457723982544, 3.1622776601683795
26, 130, 391, 268, 391, 266, 0, 2, 1.5707963267948966, 2.0
26, 131, 747, 120, 748, 119, -1, 1, 2.356194490192345, 1.4142135623730951
26, 132, 282, 12, 281, 15, 1, -3, -1.2490457723982544, 3.1622776601683795
26, 133, 93, 644, 91, 643, 2, 1, 0.4636476090008061, 2.23606797749979
26, 134, 496, 174, 497, 178, -1, -4, -1.8157749899217608, 4.123105625617661
26, 135, 486, 371, 486, 375, 0, -4, -1.5707963267948966, 4.0
26, 136, 82, 114, 82, 115, 0, -1, -1.5707963267948966, 1.0
26, 137, 381, 244, 380, 242, 1, 2, 1.1071487177940904, 2.23606797749979
26, 138, 272, 361, 274, 362, -2, -1, -2.677945044588987, 2.23606797749979
26, 139, 846, 73, 847, 73, -1, 0, 3.141592653589793, 1.0
26, 140, 903, 552, 904, 551, -1, 1, 2.356194490192345, 1.4142135623730951
26, 141, 214, 65, 214, 66, 0, -1, -1.5707963267948966, 1.0
26, 142, 263, 338, 265, 338, -2, 0, 3.141592653589793, 2.0
26, 143, 1240, 468, 1244, 469, -4, -1, -2.896613990462929, 4.123105625617661
26, 144, 812, 141, 813, 143, -1, -2, -2.0344439357957027, 2.23606797749979
26, 145, 1216, 202, 1216, 201, 0, 1, 1.5707963267948966, 1.0
26, 146, 802, 72, 803, 74, -1, -2, -2.0344439357957027, 2.23606797749979
26, 147, 788, 76, 789, 78, -1, -2, -2.0344439357957027, 2.23606797749979
26, 148, 413, 298, 416, 296, -3, 2, 2.5535900500422257, 3.605551275463989
26, 149, 630, 104, 630, 105, 0, -1, -1.5707963267948966, 1.0
26, 150, 1161, 127, 1162, 124, -1, 3, 1.892546881191539, 3.1622776601683795
26, 151, 1244, 409, 1248, 412, -4, -3, -2.498091544796509, 5.0
26, 152, 1181, 181, 1180, 180, 1, 1, 0.7853981633974483, 1.4142135623730951
26, 153, 625, 24, 625, 23, 0, 1, 1.5707963267948966, 1.0
26, 154, 579, 52, 580, 52, -1, 0, 3.141592653589793, 1.0
26, 155, 56, 577, 55, 577, 1, 0, 0.0, 1.0
26, 156, 679, 136, 680, 136, -1, 0, 3.141592653589793, 1.0
26, 157, 473, 472, 474, 477, -1, -5, -1.7681918866447774, 5.0990195135927845
26, 158, 923, 572, 927, 572, -4, 0, 3.141592653589793, 4.0
27, 0, 920, 524, 924, 528, -4, -4, -2.356194490192345, 5.656854249492381
27, 1, 795, 73, 796, 76, -1, -3, -1.892546881191539, 3.1622776601683795
27, 2, 257, 346, 260, 347, -3, -1, -2.819842099193151, 3.1622776601683795
27, 3, 912, 486, 916, 485, -4, 1, 2.896613990462929, 4.123105625617661
27, 4, 795, 333, 796, 337, -1, -4, -1.8157749899217608, 4.123105625617661
27, 5, 813, 58, 815, 63, -2, -5, -1.9513027039072615, 5.385164807134504
27, 6, 821, 81, 823, 86, -2, -5, -1.9513027039072615, 5.385164807134504
27, 7, 1219, 394, 1224, 397, -5, -3, -2.601173153319209, 5.830951894845301
27, 8, 1224, 408, 1230, 412, -6, -4, -2.5535900500422257, 7.211102550927978
27, 9, 791, 595, 792, 598, -1, -3, -1.892546881191539, 3.1622776601683795
27, 10, 159, 363, 161, 361, -2, 2, 2.356194490192345, 2.8284271247461903
27, 11, 747, 59, 745, 55, 2, 4, 1.1071487177940904, 4.47213595499958
27, 12, 463, 364, 465, 367, -2, -3, -2.158798930342464, 3.605551275463989
27, 13, 806, 50, 808, 55, -2, -5, -1.9513027039072615, 5.385164807134504
27, 14, 480, 361, 480, 365, 0, -4, -1.5707963267948966, 4.0
27, 15, 1217, 464, 1220, 467, -3, -3, -2.356194490192345, 4.242640687119285
27, 16, 535, 282, 535, 286, 0, -4, -1.5707963267948966, 4.0
27, 17, 408, 224, 408, 221, 0, 3, 1.5707963267948966, 3.0
27, 18, 1260, 115, 1261, 111, -1, 4, 1.8157749899217608, 4.123105625617661
27, 19, 849, 36, 851, 36, -2, 0, 3.141592653589793, 2.0
27, 20, 487, 122, 488, 127, -1, -5, -1.7681918866447774, 5.0990195135927845
27, 21, 1208, 442, 1213, 443, -5, -1, -2.9441970937399127, 5.0990195135927845
27, 22, 476, 120, 477, 125, -1, -5, -1.7681918866447774, 5.0990195135927845
27, 23, 780, 606, 783, 610, -3, -4, -2.214297435588181, 5.0
27, 24, 1187, 465, 1190, 470, -3, -5, -2.1112158270654806, 5.830951894845301
27, 25, 1009, 370, 1009, 369, 0, 1, 1.5707963267948966, 1.0
27, 26, 510, 9, 509, 10, 1, -1, -0.7853981633974483, 1.4142135623730951
27, 27, 1006, 418, 1005, 414, 1, 4, 1.3258176636680326, 4.123105625617661
27, 28, 682, 94, 683, 93, -1, 1, 2.356194490192345, 1.4142135623730951
27, 29, 1150, 30, 1150, 26, 0, 4, 1.5707963267948966, 4.0
27, 30, 1036, 301, 1033, 300, 3, 1, 0.3217505543966422, 3.1622776601683795
27, 31, 1105, 52, 1105, 52, 0, 0, 0.0, 0.0
27, 32, 550, 111, 550, 112, 0, -1, -1.5707963267948966, 1.0
27, 33, 614, 69, 613, 71, 1, -2, -1.1071487177940904, 2.23606797749979
27, 34, 387, 162, 388, 160, -1, 2, 2.0344439357957027, 2.23606797749979
27, 35, 278, 330, 278, 330, 0, 0, 0.0, 0.0
27, 36, 822, 99, 823, 104, -1, -5, -1.7681918866447774, 5.0990195135927845
27, 37, 1104, 17, 1103, 17, 1, 0, 0.0, 1.0
27, 38, 740, 573, 742, 575, -2, -2, -2.356194490192345, 2.8284271247461903
27, 39, 630, 150, 631, 146, -1, 4, 1.8157749899217608, 4.123105625617661
27, 40, 479, 110, 479, 115, 0, -5, -1.5707963267948966, 5.0
27, 41, 638, 227, 639, 227, -1, 0, 3.141592653589793, 1.0
27, 42, 422, 255, 421, 251, 1, 4, 1.3258176636680326, 4.123105625617661
27, 43, 1035, 282, 1033, 280, 2, 2, 0.7853981633974483, 2.8284271247461903
27, 44, 1139, 193, 1137, 191, 2, 2, 0.7853981633974483, 2.8284271247461903
27, 45, 688, 108, 688, 107, 0, 1, 1.5707963267948966, 1.0
27, 46, 1021, 278, 1019, 276, 2, 2, 0.7853981633974483, 2.8284271247461903
27, 47, 802, 332, 803, 335, -1, -3, -1.892546881191539, 3.1622776601683795
27, 48, 860, 27, 861, 27, -1, 0, 3.141592653589793, 1.0
27, 49, 779, 547, 781, 550, -2, -3, -2.158798930342464, 3.605551275463989
27, 50, 1183, 145, 1182, 141, 1, 4, 1.3258176636680326, 4.123105625617661
27, 51, 886, 525, 889, 524, -3, 1, 2.819842099193151, 3.1622776601683795
27, 52, 1000, 315, 999, 314, 1, 1, 0.7853981633974483, 1.4142135623730951
27, 53, 631, 232, 632, 231, -1, 1, 2.356194490192345, 1.4142135623730951
27, 54, 391, 223, 391, 220, 0, 3, 1.5707963267948966, 3.0
27, 55, 509, 281, 508, 285, 1, -4, -1.3258176636680326, 4.123105625617661
27, 56, 297, 334, 297, 335, 0, -1, -1.5707963267948966, 1.0
27, 57, 515, 253, 515, 257, 0, -4, -1.5707963267948966, 4.0
27, 58, 1150, 37, 1150, 33, 0, 4, 1.5707963267948966, 4.0
27, 59, 113, 604, 110, 603, 3, 1, 0.3217505543966422, 3.1622776601683795
27, 60, 619, 45, 619, 45, 0, 0, 0.0, 0.0
27, 61, 1082, 20, 1081, 19, 1, 1, 0.7853981633974483, 1.4142135623730951
27, 62, 571, 40, 572, 40, -1, 0, 3.141592653589793, 1.0
27, 63, 160, 355, 163, 352, -3, 3, 2.356194490192345, 4.242640687119285
27, 64, 821, 63, 822, 68, -1, -5, -1.7681918866447774, 5.0990195135927845
27, 65, 767, 323, 768, 329, -1, -6, -1.7359450042095235, 6.082762530298219
27, 66, 852, 27, 853, 27, -1, 0, 3.141592653589793, 1.0
27, 67, 1144, 68, 1143, 65, 1, 3, 1.2490457723982544, 3.1622776601683795
27, 68, 1072, 27, 1071, 26, 1, 1, 0.7853981633974483, 1.4142135623730951
27, 69, 619, 59, 617, 61, 2, -2, -0.7853981633974483, 2.8284271247461903
27, 70, 1155, 170, 1154, 167, 1, 3, 1.2490457723982544, 3.1622776601683795
27, 71, 483, 447, 483, 448, 0, -1, -1.5707963267948966, 1.0
27, 72, 1068, 59, 1068, 58, 0, 1, 1.5707963267948966, 1.0
27, 73, 908, 476, 913, 476, -5, 0, 3.141592653589793, 5.0
27, 74, 620, 187, 621, 186, -1, 1, 2.356194490192345, 1.4142135623730951
27, 75, 806, 60, 808, 64, -2, -4, -2.0344439357957027, 4.47213595499958
27, 76, 682, 182, 682, 181, 0, 1, 1.5707963267948966, 1.0
27, 77, 1013, 342, 1013, 345, 0, -3, -1.5707963267948966, 3.0
27, 78, 520, 341, 520, 345, 0, -4, -1.5707963267948966, 4.0
27, 79, 519, 240, 518, 245, 1, -5, -1.373400766945016, 5.0990195135927845
27, 80, 1078, 58, 1077, 57, 1, 1, 0.7853981633974483, 1.4142135623730951
27, 81, 945, 25, 946, 24, -1, 1, 2.356194490192345, 1.4142135623730951
27, 82, 623, 109, 623, 110, 0, -1, -1.5707963267948966, 1.0
27, 83, 892, 475, 897, 476, -5, -1, -2.9441970937399127, 5.0990195135927845
27, 84, 486, 197, 487, 199, -1, -2, -2.0344439357957027, 2.23606797749979
27, 85, 1150, 214, 1150, 215, 0, -1, -1.5707963267948966, 1.0
27, 86, 412, 192, 413, 190, -1, 2, 2.0344439357957027, 2.23606797749979
27, 87, 1064, 82, 1064, 82, 0, 0, 0.0, 0.0
27, 88, 1030, 386, 1027, 384, 3, 2, 0.5880026035475675, 3.605551275463989
27, 89, 583, 22, 582, 23, 1, -1, -0.7853981633974483, 1.4142135623730951
27, 90, 667, 156, 667, 154, 0, 2, 1.5707963267948966, 2.0
27, 91, 113, 649, 113, 650, 0, -1, -1.5707963267948966, 1.0
27, 92, 490, 7, 491, 11, -1, -4, -1.8157749899217608, 4.123105625617661
27, 93, 282, 321, 282, 322, 0, -1, -1.5707963267948966, 1.0
27, 94, 388, 267, 386, 262, 2, 5, 1.1902899496825317, 5.385164807134504
27, 95, 740, 63, 738, 60, 2, 3, 0.982793723247329, 3.605551275463989
27, 96, 771, 331, 772, 336, -1, -5, -1.7681918866447774, 5.0990195135927845
27, 97, 1035, 273, 1033, 270, 2, 3, 0.982793723247329, 3.605551275463989
27, 98, 1162, 220, 1161, 219, 1, 1, 0.7853981633974483, 1.4142135623730951
27, 99, 782, 280, 783, 285, -1, -5, -1.7681918866447774, 5.0990195135927845
27, 100, 919, 16, 921, 15, -2, 1, 2.677945044588987, 2.23606797749979
27, 101, 1243, 433, 1247, 437, -4, -4, -2.356194490192345, 5.656854249492381
27, 102, 474, 344, 474, 350, 0, -6, -1.5707963267948966, 6.0
27, 103, 1149, 175, 1147, 173, 2, 2, 0.7853981633974483, 2.8284271247461903
27, 104, 267, 332, 269, 333, -2, -1, -2.677945044588987, 2.23606797749979
27, 105, 170, 355, 173, 352, -3, 3, 2.356194490192345, 4.242640687119285
27, 106, 888, 507, 891, 509, -3, -2, -2.5535900500422257, 3.605551275463989
27, 107, 288, 55, 287, 55, 1, 0, 0.0, 1.0
27, 108, 1026, 273, 1025, 270, 1, 3, 1.2490457723982544, 3.1622776601683795
27, 109, 528, 254, 527, 257, 1, -3, -1.2490457723982544, 3.1622776601683795
27, 110, 221, 65, 221, 65, 0, 0, 0.0, 0.0
27, 111, 1184, 80, 1183, 79, 1, 1, 0.7853981633974483, 1.4142135623730951
27, 112, 186, 466, 187, 466, -1, 0, 3.141592653589793, 1.0
27, 113, 497, 200, 497, 202, 0, -2, -1.5707963267948966, 2.0
27, 114, 1211, 166, 1210, 162, 1, 4, 1.3258176636680326, 4.123105625617661
27, 115, 1188, 123, 1187, 120, 1, 3, 1.2490457723982544, 3.1622776601683795
27, 116, 616, 29, 616, 27, 0, 2, 1.5707963267948966, 2.0
27, 117, 192, 433, 194, 431, -2, 2, 2.356194490192345, 2.8284271247461903
27, 118, 1089, 57, 1088, 56, 1, 1, 0.7853981633974483, 1.4142135623730951
27, 119, 399, 290, 400, 290, -1, 0, 3.141592653589793, 1.0
27, 120, 570, 19, 565, 20, 5, -1, -0.19739555984988075, 5.0990195135927845
27, 121, 926, 519, 931, 522, -5, -3, -2.601173153319209, 5.830951894845301
27, 122, 934, 571, 938, 571, -4, 0, 3.141592653589793, 4.0
27, 123, 1133, 105, 1135, 104, -2, 1, 2.677945044588987, 2.23606797749979
27, 124, 1087, 75, 1087, 75, 0, 0, 0.0, 0.0
27, 125, 1051, 436, 1048, 435, 3, 1, 0.3217505543966422, 3.1622776601683795
27, 126, 392, 273, 391, 268, 1, 5, 1.373400766945016, 5.0990195135927845
27, 127, 746, 121, 747, 120, -1, 1, 2.356194490192345, 1.4142135623730951
27, 128, 284, 7, 282, 12, 2, -5, -1.1902899496825317, 5.385164807134504
27, 129, 96, 645, 93, 644, 3, 1, 0.3217505543966422, 3.1622776601683795
27, 130, 496, 172, 496, 174, 0, -2, -1.5707963267948966, 2.0
27, 131, 488, 367, 486, 371, 2, -4, -1.1071487177940904, 4.47213595499958
27, 132, 81, 114, 82, 114, -1, 0, 3.141592653589793, 1.0
27, 133, 383, 248, 381, 244, 2, 4, 1.1071487177940904, 4.47213595499958
27, 134, 269, 360, 272, 361, -3, -1, -2.819842099193151, 3.1622776601683795
27, 135, 902, 552, 903, 552, -1, 0, 3.141592653589793, 1.0
27, 136, 214, 65, 214, 65, 0, 0, 0.0, 0.0
27, 137, 260, 337, 263, 338, -3, -1, -2.819842099193151, 3.1622776601683795
27, 138, 1236, 467, 1240, 468, -4, -1, -2.896613990462929, 4.123105625617661
27, 139, 811, 139, 812, 141, -1, -2, -2.0344439357957027, 2.23606797749979
27, 140, 1217, 203, 1216, 202, 1, 1, 0.7853981633974483, 1.4142135623730951
27, 141, 800, 69, 802, 72, -2, -3, -2.158798930342464, 3.605551275463989
27, 142, 787, 73, 788, 76, -1, -3, -1.892546881191539, 3.1622776601683795
27, 143, 410, 300, 413, 298, -3, 2, 2.5535900500422257, 3.605551275463989
27, 144, 630, 103, 630, 104, 0, -1, -1.5707963267948966, 1.0
27, 145, 1160, 131, 1161, 127, -1, 4, 1.8157749899217608, 4.123105625617661
27, 146, 1240, 405, 1244, 409, -4, -4, -2.356194490192345, 5.656854249492381
27, 147, 1183, 185, 1181, 181, 2, 4, 1.1071487177940904, 4.47213595499958
27, 148, 625, 25, 625, 24, 0, 1, 1.5707963267948966, 1.0
27, 149, 578, 52, 579, 52, -1, 0, 3.141592653589793, 1.0
27, 150, 59, 578, 56, 577, 3, 1, 0.3217505543966422, 3.1622776601683795
27, 151, 678, 137, 679, 136, -1, 1, 2.356194490192345, 1.4142135623730951
27, 152, 471, 464, 473, 472, -2, -8, -1.8157749899217608, 8.246211251235321
27, 153, 920, 572, 923, 572, -3, 0, 3.141592653589793, 3.0
28, 0, 906, 484, 911, 484, -5, 0, 3.141592653589793, 5.0
28, 1, 914, 526, 919, 528, -5, -2, -2.761086276477428, 5.385164807134504
28, 2, 795, 74, 796, 76, -1, -2, -2.0344439357957027, 2.23606797749979
28, 3, 815, 59, 816, 62, -1, -3, -1.892546881191539, 3.1622776601683795
28, 4, 823, 83, 824, 85, -1, -2, -2.0344439357957027, 2.23606797749979
28, 5, 253, 356, 254, 356, -1, 0, 3.141592653589793, 1.0
28, 6, 536, 279, 536, 283, 0, -4, -1.5707963267948966, 4.0
28, 7, 748, 57, 747, 56, 1, 1, 0.7853981633974483, 1.4142135623730951
28, 8, 1218, 391, 1222, 395, -4, -4, -2.356194490192345, 5.656854249492381
28, 9, 767, 325, 768, 329, -1, -4, -1.8157749899217608, 4.123105625617661
28, 10, 1214, 461, 1218, 464, -4, -3, -2.498091544796509, 5.0
28, 11, 477, 121, 477, 124, 0, -3, -1.5707963267948966, 3.0
28, 12, 159, 366, 161, 363, -2, 3, 2.158798930342464, 3.605551275463989
28, 13, 480, 357, 480, 361, 0, -4, -1.5707963267948966, 4.0
28, 14, 780, 605, 782, 609, -2, -4, -2.0344439357957027, 4.47213595499958
28, 15, 1223, 407, 1227, 410, -4, -3, -2.498091544796509, 5.0
28, 16, 464, 358, 465, 362, -1, -4, -1.8157749899217608, 4.123105625617661
28, 17, 850, 36, 851, 36, -1, 0, 3.141592653589793, 1.0
28, 18, 487, 122, 488, 125, -1, -3, -1.892546881191539, 3.1622776601683795
28, 19, 807, 51, 807, 54, 0, -3, -1.5707963267948966, 3.0
28, 20, 113, 604, 112, 603, 1, 1, 0.7853981633974483, 1.4142135623730951
28, 21, 567, 49, 568, 49, -1, 0, 3.141592653589793, 1.0
28, 22, 393, 223, 393, 221, 0, 2, 1.5707963267948966, 2.0
28, 23, 945, 25, 946, 25, -1, 0, 3.141592653589793, 1.0
28, 24, 1068, 59, 1068, 59, 0, 0, 0.0, 0.0
28, 25, 509, 279, 509, 284, 0, -5, -1.5707963267948966, 5.0
28, 26, 1008, 420, 1007, 417, 1, 3, 1.2490457723982544, 3.1622776601683795
28, 27, 303, 357, 304, 357, -1, 0, 3.141592653589793, 1.0
28, 28, 160, 422, 163, 419, -3, 3, 2.356194490192345, 4.242640687119285
28, 29, 683, 95, 683, 94, 0, 1, 1.5707963267948966, 1.0
28, 30, 510, 9, 510, 10, 0, -1, -1.5707963267948966, 1.0
28, 31, 822, 99, 823, 103, -1, -4, -1.8157749899217608, 4.123105625617661
28, 32, 868, 56, 868, 57, 0, -1, -1.5707963267948966, 1.0
28, 33, 279, 330, 279, 330, 0, 0, 0.0, 0.0
28, 34, 566, 72, 567, 72, -1, 0, 3.141592653589793, 1.0
28, 35, 1241, 431, 1245, 435, -4, -4, -2.356194490192345, 5.656854249492381
28, 36, 1261, 112, 1262, 112, -1, 0, 3.141592653589793, 1.0
28, 37, 630, 151, 631, 148, -1, 3, 1.892546881191539, 3.1622776601683795
28, 38, 1150, 28, 1150, 27, 0, 1, 1.5707963267948966, 1.0
28, 39, 796, 333, 797, 337, -1, -4, -1.8157749899217608, 4.123105625617661
28, 40, 739, 564, 740, 567, -1, -3, -1.892546881191539, 3.1622776601683795
28, 41, 640, 226, 641, 226, -1, 0, 3.141592653589793, 1.0
28, 42, 1151, 35, 1151, 34, 0, 1, 1.5707963267948966, 1.0
28, 43, 1017, 368, 1016, 367, 1, 1, 0.7853981633974483, 1.4142135623730951
28, 44, 423, 256, 423, 254, 0, 2, 1.5707963267948966, 2.0
28, 45, 480, 112, 480, 114, 0, -2, -1.5707963267948966, 2.0
28, 46, 254, 401, 255, 401, -1, 0, 3.141592653589793, 1.0
28, 47, 792, 591, 793, 595, -1, -4, -1.8157749899217608, 4.123105625617661
28, 48, 689, 109, 689, 108, 0, 1, 1.5707963267948966, 1.0
28, 49, 550, 112, 550, 113, 0, -1, -1.5707963267948966, 1.0
28, 50, 778, 543, 780, 548, -2, -5, -1.9513027039072615, 5.385164807134504
28, 51, 1206, 438, 1210, 440, -4, -2, -2.677945044588987, 4.47213595499958
28, 52, 276, 337, 277, 337, -1, 0, 3.141592653589793, 1.0
28, 53, 543, 39, 543, 40, 0, -1, -1.5707963267948966, 1.0
28, 54, 807, 61, 808, 64, -1, -3, -1.892546881191539, 3.1622776601683795
28, 55, 1150, 214, 1150, 215, 0, -1, -1.5707963267948966, 1.0
28, 56, 1065, 81, 1065, 81, 0, 0, 0.0, 0.0
28, 57, 1082, 20, 1082, 20, 0, 0, 0.0, 0.0
28, 58, 866, 47, 866, 48, 0, -1, -1.5707963267948966, 1.0
28, 59, 533, 78, 533, 79, 0, -1, -1.5707963267948966, 1.0
28, 60, 615, 70, 614, 71, 1, -1, -0.7853981633974483, 1.4142135623730951
28, 61, 504, 32, 504, 34, 0, -2, -1.5707963267948966, 2.0
28, 62, 515, 250, 515, 255, 0, -5, -1.5707963267948966, 5.0
28, 63, 1189, 123, 1188, 122, 1, 1, 0.7853981633974483, 1.4142135623730951
28, 64, 875, 62, 875, 63, 0, -1, -1.5707963267948966, 1.0
28, 65, 636, 100, 635, 102, 1, -2, -1.1071487177940904, 2.23606797749979
28, 66, 1104, 17, 1104, 17, 0, 0, 0.0, 0.0
28, 67, 568, 41, 569, 41, -1, 0, 3.141592653589793, 1.0
28, 68, 683, 181, 683, 180, 0, 1, 1.5707963267948966, 1.0
28, 69, 821, 65, 822, 68, -1, -3, -1.892546881191539, 3.1622776601683795
28, 70, 410, 224, 410, 223, 0, 1, 1.5707963267948966, 1.0
28, 71, 1225, 510, 1226, 513, -1, -3, -1.892546881191539, 3.1622776601683795
28, 72, 270, 16, 269, 18, 1, -2, -1.1071487177940904, 2.23606797749979
28, 73, 518, 239, 518, 244, 0, -5, -1.5707963267948966, 5.0
28, 74, 1071, 27, 1071, 27, 0, 0, 0.0, 0.0
28, 75, 329, 379, 330, 379, -1, 0, 3.141592653589793, 1.0
28, 76, 669, 157, 669, 156, 0, 1, 1.5707963267948966, 1.0
28, 77, 499, 157, 499, 159, 0, -2, -1.5707963267948966, 2.0
28, 78, 1023, 281, 1021, 278, 2, 3, 0.982793723247329, 3.605551275463989
28, 79, 391, 161, 391, 160, 0, 1, 1.5707963267948966, 1.0
28, 80, 789, 584, 790, 588, -1, -4, -1.8157749899217608, 4.123105625617661
28, 81, 112, 650, 113, 650, -1, 0, 3.141592653589793, 1.0
28, 82, 1157, 174, 1156, 171, 1, 3, 1.2490457723982544, 3.1622776601683795
28, 83, 851, 27, 852, 27, -1, 0, 3.141592653589793, 1.0
28, 84, 624, 109, 624, 110, 0, -1, -1.5707963267948966, 1.0
28, 85, 904, 476, 909, 476, -5, 0, 3.141592653589793, 5.0
28, 86, 483, 448, 483, 449, 0, -1, -1.5707963267948966, 1.0
28, 87, 747, 123, 747, 123, 0, 0, 0.0, 0.0
28, 88, 1088, 73, 1088, 73, 0, 0, 0.0, 0.0
28, 89, 1183, 146, 1182, 143, 1, 3, 1.2490457723982544, 3.1622776601683795
28, 90, 881, 526, 885, 525, -4, 1, 2.896613990462929, 4.123105625617661
28, 91, 1037, 305, 1035, 302, 2, 3, 0.982793723247329, 3.605551275463989
28, 92, 1014, 351, 1013, 348, 1, 3, 1.2490457723982544, 3.1622776601683795
28, 93, 473, 458, 474, 464, -1, -6, -1.7359450042095235, 6.082762530298219
28, 94, 1037, 285, 1035, 282, 2, 3, 0.982793723247329, 3.605551275463989
28, 95, 861, 27, 862, 27, -1, 0, 3.141592653589793, 1.0
28, 96, 1145, 67, 1145, 66, 0, 1, 1.5707963267948966, 1.0
28, 97, 1140, 199, 1139, 196, 1, 3, 1.2490457723982544, 3.1622776601683795
28, 98, 618, 61, 617, 62, 1, -1, -0.7853981633974483, 1.4142135623730951
28, 99, 1187, 86, 1187, 86, 0, 0, 0.0, 0.0
28, 100, 741, 62, 740, 61, 1, 1, 0.7853981633974483, 1.4142135623730951
28, 101, 1106, 53, 1106, 53, 0, 0, 0.0, 0.0
28, 102, 1126, 97, 1126, 97, 0, 0, 0.0, 0.0
28, 103, 579, 117, 580, 117, -1, 0, 3.141592653589793, 1.0
28, 104, 618, 188, 619, 187, -1, 1, 2.356194490192345, 1.4142135623730951
28, 105, 196, 437, 197, 433, -1, 4, 1.8157749899217608, 4.123105625617661
28, 106, 783, 280, 783, 284, 0, -4, -1.5707963267948966, 4.0
28, 107, 290, 393, 291, 393, -1, 0, 3.141592653589793, 1.0
28, 108, 161, 356, 163, 353, -2, 3, 2.158798930342464, 3.605551275463989
28, 109, 1036, 276, 1034, 273, 2, 3, 0.982793723247329, 3.605551275463989
28, 110, 769, 656, 769, 657, 0, -1, -1.5707963267948966, 1.0
28, 111, 1029, 276, 1027, 272, 2, 4, 1.1071487177940904, 4.47213595499958
28, 112, 875, 508, 879, 508, -4, 0, 3.141592653589793, 4.0
28, 113, 947, 34, 948, 34, -1, 0, 3.141592653589793, 1.0
28, 114, 748, 580, 750, 584, -2, -4, -2.0344439357957027, 4.47213595499958
28, 115, 388, 266, 388, 264, 0, 2, 1.5707963267948966, 2.0
28, 116, 896, 566, 898, 566, -2, 0, 3.141592653589793, 2.0
28, 117, 1031, 391, 1029, 388, 2, 3, 0.982793723247329, 3.605551275463989
28, 118, 920, 16, 921, 16, -1, 0, 3.141592653589793, 1.0
28, 119, 302, 398, 303, 398, -1, 0, 3.141592653589793, 1.0
28, 120, 628, 44, 628, 45, 0, -1, -1.5707963267948966, 1.0
28, 121, 474, 341, 475, 347, -1, -6, -1.7359450042095235, 6.082762530298219
28, 122, 922, 564, 925, 564, -3, 0, 3.141592653589793, 3.0
28, 123, 1024, 491, 1025, 491, -1, 0, 3.141592653589793, 1.0
28, 124, 1003, 319, 1001, 316, 2, 3, 0.982793723247329, 3.605551275463989
28, 125, 1261, 148, 1273, 148, -12, 0, 3.141592653589793, 12.0
28, 126, 1094, 87, 1094, 87, 0, 0, 0.0, 0.0
28, 127, 170, 357, 172, 354, -2, 3, 2.158798930342464, 3.605551275463989
28, 128, 773, 331, 774, 334, -1, -3, -1.892546881191539, 3.1622776601683795
28, 129, 1051, 442, 1049, 440, 2, 2, 0.7853981633974483, 2.8284271247461903
28, 130, 1237, 403, 1241, 407, -4, -4, -2.356194490192345, 5.656854249492381
28, 131, 529, 325, 529, 326, 0, -1, -1.5707963267948966, 1.0
28, 132, 284, 10, 283, 12, 1, -2, -1.1071487177940904, 2.23606797749979
28, 133, 60, 578, 58, 577, 2, 1, 0.4636476090008061, 2.23606797749979
28, 134, 287, 56, 286, 56, 1, 0, 0.0, 1.0
28, 135, 1210, 168, 1210, 165, 0, 3, 1.5707963267948966, 3.0
28, 136, 1183, 184, 1182, 182, 1, 2, 1.1071487177940904, 2.23606797749979
28, 137, 1020, 360, 1019, 357, 1, 3, 1.2490457723982544, 3.1622776601683795
28, 138, 846, 73, 847, 73, -1, 0, 3.141592653589793, 1.0
28, 139, 400, 289, 401, 289, -1, 0, 3.141592653589793, 1.0
28, 140, 1089, 57, 1089, 57, 0, 0, 0.0, 0.0
28, 141, 278, 373, 279, 373, -1, 0, 3.141592653589793, 1.0
28, 142, 737, 112, 737, 112, 0, 0, 0.0, 0.0
28, 143, 1077, 59, 1077, 59, 0, 0, 0.0, 0.0
28, 144, 616, 28, 617, 27, -1, 1, 2.356194490192345, 1.4142135623730951
28, 145, 495, 194, 496, 196, -1, -2, -2.0344439357957027, 2.23606797749979
28, 146, 754, 92, 754, 90, 0, 2, 1.5707963267948966, 2.0
28, 147, 577, 23, 577, 23, 0, 0, 0.0, 0.0
28, 148, 1031, 458, 1030, 455, 1, 3, 1.2490457723982544, 3.1622776601683795
28, 149, 843, 54, 844, 54, -1, 0, 3.141592653589793, 1.0
28, 150, 1235, 469, 1239, 469, -4, 0, 3.141592653589793, 4.0
28, 151, 1090, 81, 1090, 81, 0, 0, 0.0, 0.0
28, 152, 527, 249, 527, 254, 0, -5, -1.5707963267948966, 5.0
28, 153, 889, 476, 894, 476, -5, 0, 3.141592653589793, 5.0
28, 154, 805, 129, 806, 131, -1, -2, -2.0344439357957027, 2.23606797749979
28, 155, 328, 389, 329, 389, -1, 0, 3.141592653589793, 1.0
28, 156, 262, 338, 263, 338, -1, 0, 3.141592653589793, 1.0
28, 157, 1133, 105, 1134, 105, -1, 0, 3.141592653589793, 1.0
28, 158, 382, 247, 381, 246, 1, 1, 0.7853981633974483, 1.4142135623730951
28, 159, 1171, 228, 1169, 226, 2, 2, 0.7853981633974483, 2.8284271247461903
28, 160, 176, 364, 178, 362, -2, 2, 2.356194490192345, 2.8284271247461903
28, 161, 626, 24, 626, 24, 0, 0, 0.0, 0.0
28, 162, 220, 65, 221, 65, -1, 0, 3.141592653589793, 1.0
28, 163, 486, 362, 486, 366, 0, -4, -1.5707963267948966, 4.0
28, 164, 1181, 80, 1181, 80, 0, 0, 0.0, 0.0
28, 165, 1149, 179, 1148, 176, 1, 3, 1.2490457723982544, 3.1622776601683795
28, 166, 938, 45, 939, 45, -1, 0, 3.141592653589793, 1.0
28, 167, 544, 119, 544, 120, 0, -1, -1.5707963267948966, 1.0
28, 168, 184, 425, 185, 423, -1, 2, 2.0344439357957027, 2.23606797749979
29, 0, 901, 484, 906, 484, -5, 0, 3.141592653589793, 5.0
29, 1, 910, 524, 914, 526, -4, -2, -2.677945044588987, 4.47213595499958
29, 2, 794, 72, 795, 74, -1, -2, -2.0344439357957027, 2.23606797749979
29, 3, 814, 56, 815, 59, -1, -3, -1.892546881191539, 3.1622776601683795
29, 4, 822, 80, 823, 83, -1, -3, -1.892546881191539, 3.1622776601683795
29, 5, 536, 275, 536, 279, 0, -4, -1.5707963267948966, 4.0
29, 6, 749, 57, 748, 57, 1, 0, 0.0, 1.0
29, 7, 1214, 387, 1218, 391, -4, -4, -2.356194490192345, 5.656854249492381
29, 8, 766, 321, 767, 325, -1, -4, -1.8157749899217608, 4.123105625617661
29, 9, 1210, 458, 1214, 461, -4, -3, -2.498091544796509, 5.0
29, 10, 477, 119, 477, 121, 0, -2, -1.5707963267948966, 2.0
29, 11, 157, 368, 159, 366, -2, 2, 2.356194490192345, 2.8284271247461903
29, 12, 479, 353, 480, 357, -1, -4, -1.8157749899217608, 4.123105625617661
29, 13, 778, 601, 780, 605, -2, -4, -2.0344439357957027, 4.47213595499958
29, 14, 1219, 403, 1223, 407, -4, -4, -2.356194490192345, 5.656854249492381
29, 15, 463, 354, 464, 358, -1, -4, -1.8157749899217608, 4.123105625617661
29, 16, 849, 36, 850, 36, -1, 0, 3.141592653589793, 1.0
29, 17, 487, 120, 487, 122, 0, -2, -1.5707963267948966, 2.0
29, 18, 806, 48, 807, 51, -1, -3, -1.892546881191539, 3.1622776601683795
29, 19, 114, 605, 113, 604, 1, 1, 0.7853981633974483, 1.4142135623730951
29, 20, 567, 48, 567, 49, 0, -1, -1.5707963267948966, 1.0
29, 21, 393, 225, 393, 223, 0, 2, 1.5707963267948966, 2.0
29, 22, 944, 25, 945, 25, -1, 0, 3.141592653589793, 1.0
29, 23, 1068, 59, 1068, 59, 0, 0, 0.0, 0.0
29, 24, 509, 275, 509, 279, 0, -4, -1.5707963267948966, 4.0
29, 25, 1009, 423, 1008, 420, 1, 3, 1.2490457723982544, 3.1622776601683795
29, 26, 157, 425, 160, 422, -3, 3, 2.356194490192345, 4.242640687119285
29, 27, 683, 96, 683, 95, 0, 1, 1.5707963267948966, 1.0
29, 28, 821, 95, 822, 99, -1, -4, -1.8157749899217608, 4.123105625617661
29, 29, 279, 329, 279, 330, 0, -1, -1.5707963267948966, 1.0
29, 30, 566, 72, 566, 72, 0, 0, 0.0, 0.0
29, 31, 1237, 427, 1241, 431, -4, -4, -2.356194490192345, 5.656854249492381
29, 32, 1261, 112, 1261, 112, 0, 0, 0.0, 0.0
29, 33, 629, 154, 630, 151, -1, 3, 1.892546881191539, 3.1622776601683795
29, 34, 1150, 29, 1150, 28, 0, 1, 1.5707963267948966, 1.0
29, 35, 795, 329, 796, 333, -1, -4, -1.8157749899217608, 4.123105625617661
29, 36, 738, 560, 739, 564, -1, -4, -1.8157749899217608, 4.123105625617661
29, 37, 640, 226, 640, 226, 0, 0, 0.0, 0.0
29, 38, 1151, 36, 1151, 35, 0, 1, 1.5707963267948966, 1.0
29, 39, 1018, 369, 1017, 368, 1, 1, 0.7853981633974483, 1.4142135623730951
29, 40, 424, 259, 423, 256, 1, 3, 1.2490457723982544, 3.1622776601683795
29, 41, 480, 110, 480, 112, 0, -2, -1.5707963267948966, 2.0
29, 42, 253, 401, 254, 401, -1, 0, 3.141592653589793, 1.0
29, 43, 790, 586, 792, 591, -2, -5, -1.9513027039072615, 5.385164807134504
29, 44, 689, 110, 689, 109, 0, 1, 1.5707963267948966, 1.0
29, 45, 550, 111, 550, 112, 0, -1, -1.5707963267948966, 1.0
29, 46, 776, 538, 778, 543, -2, -5, -1.9513027039072615, 5.385164807134504
29, 47, 1202, 436, 1206, 438, -4, -2, -2.677945044588987, 4.47213595499958
29, 48, 543, 38, 543, 39, 0, -1, -1.5707963267948966, 1.0
29, 49, 806, 58, 807, 61, -1, -3, -1.892546881191539, 3.1622776601683795
29, 50, 1150, 214, 1150, 214, 0, 0, 0.0, 0.0
29, 51, 1065, 81, 1065, 81, 0, 0, 0.0, 0.0
29, 52, 1082, 20, 1082, 20, 0, 0, 0.0, 0.0
29, 53, 533, 77, 533, 78, 0, -1, -1.5707963267948966, 1.0
29, 54, 616, 69, 615, 70, 1, -1, -0.7853981633974483, 1.4142135623730951
29, 55, 504, 31, 504, 32, 0, -1, -1.5707963267948966, 1.0
29, 56, 514, 245, 515, 250, -1, -5, -1.7681918866447774, 5.0990195135927845
29, 57, 1189, 124, 1189, 123, 0, 1, 1.5707963267948966, 1.0
29, 58, 636, 98, 636, 100, 0, -2, -1.5707963267948966, 2.0
29, 59, 1104, 17, 1104, 17, 0, 0, 0.0, 0.0
29, 60, 568, 40, 568, 41, 0, -1, -1.5707963267948966, 1.0
29, 61, 683, 182, 683, 181, 0, 1, 1.5707963267948966, 1.0
29, 62, 820, 63, 821, 65, -1, -2, -2.0344439357957027, 2.23606797749979
29, 63, 410, 225, 410, 224, 0, 1, 1.5707963267948966, 1.0
29, 64, 1224, 508, 1225, 510, -1, -2, -2.0344439357957027, 2.23606797749979
29, 65, 271, 14, 270, 16, 1, -2, -1.1071487177940904, 2.23606797749979
29, 66, 517, 234, 518, 239, -1, -5, -1.7681918866447774, 5.0990195135927845
29, 67, 1071, 27, 1071, 27, 0, 0, 0.0, 0.0
29, 68, 669, 158, 669, 157, 0, 1, 1.5707963267948966, 1.0
29, 69, 499, 155, 499, 157, 0, -2, -1.5707963267948966, 2.0
29, 70, 1025, 284, 1023, 281, 2, 3, 0.982793723247329, 3.605551275463989
29, 71, 391, 162, 391, 161, 0, 1, 1.5707963267948966, 1.0
29, 72, 787, 579, 789, 584, -2, -5, -1.9513027039072615, 5.385164807134504
29, 73, 112, 650, 112, 650, 0, 0, 0.0, 0.0
29, 74, 1158, 177, 1157, 174, 1, 3, 1.2490457723982544, 3.1622776601683795
29, 75, 850, 27, 851, 27, -1, 0, 3.141592653589793, 1.0
29, 76, 624, 108, 624, 109, 0, -1, -1.5707963267948966, 1.0
29, 77, 899, 476, 904, 476, -5, 0, 3.141592653589793, 5.0
29, 78, 747, 123, 747, 123, 0, 0, 0.0, 0.0
29, 79, 1088, 72, 1088, 73, 0, -1, -1.5707963267948966, 1.0
29, 80, 1184, 148, 1183, 146, 1, 2, 1.1071487177940904, 2.23606797749979
29, 81, 877, 527, 881, 526, -4, 1, 2.896613990462929, 4.123105625617661
29, 82, 1038, 309, 1037, 305, 1, 4, 1.3258176636680326, 4.123105625617661
29, 83, 1015, 354, 1014, 351, 1, 3, 1.2490457723982544, 3.1622776601683795
29, 84, 472, 454, 473, 458, -1, -4, -1.8157749899217608, 4.123105625617661
29, 85, 1038, 289, 1037, 285, 1, 4, 1.3258176636680326, 4.123105625617661
29, 86, 860, 27, 861, 27, -1, 0, 3.141592653589793, 1.0
29, 87, 1145, 68, 1145, 67, 0, 1, 1.5707963267948966, 1.0
29, 88, 1141, 201, 1140, 199, 1, 2, 1.1071487177940904, 2.23606797749979
29, 89, 619, 60, 618, 61, 1, -1, -0.7853981633974483, 1.4142135623730951
29, 90, 1187, 86, 1187, 86, 0, 0, 0.0, 0.0
29, 91, 742, 62, 741, 62, 1, 0, 0.0, 1.0
29, 92, 1106, 53, 1106, 53, 0, 0, 0.0, 0.0
29, 93, 1125, 97, 1126, 97, -1, 0, 3.141592653589793, 1.0
29, 94, 578, 117, 579, 117, -1, 0, 3.141592653589793, 1.0
29, 95, 617, 190, 618, 188, -1, 2, 2.0344439357957027, 2.23606797749979
29, 96, 195, 440, 196, 437, -1, 3, 1.892546881191539, 3.1622776601683795
29, 97, 783, 276, 783, 280, 0, -4, -1.5707963267948966, 4.0
29, 98, 289, 393, 290, 393, -1, 0, 3.141592653589793, 1.0
29, 99, 159, 358, 161, 356, -2, 2, 2.356194490192345, 2.8284271247461903
29, 100, 1038, 280, 1036, 276, 2, 4, 1.1071487177940904, 4.47213595499958
29, 101, 769, 655, 769, 656, 0, -1, -1.5707963267948966, 1.0
29, 102, 1031, 280, 1029, 276, 2, 4, 1.1071487177940904, 4.47213595499958
29, 103, 871, 508, 875, 508, -4, 0, 3.141592653589793, 4.0
29, 104, 946, 34, 947, 34, -1, 0, 3.141592653589793, 1.0
29, 105, 746, 576, 748, 580, -2, -4, -2.0344439357957027, 4.47213595499958
29, 106, 388, 268, 388, 266, 0, 2, 1.5707963267948966, 2.0
29, 107, 893, 566, 896, 566, -3, 0, 3.141592653589793, 3.0
29, 108, 1032, 395, 1031, 391, 1, 4, 1.3258176636680326, 4.123105625617661
29, 109, 919, 16, 920, 16, -1, 0, 3.141592653589793, 1.0
29, 110, 629, 43, 628, 44, 1, -1, -0.7853981633974483, 1.4142135623730951
29, 111, 473, 336, 474, 341, -1, -5, -1.7681918866447774, 5.0990195135927845
29, 112, 918, 567, 922, 564, -4, 3, 2.498091544796509, 5.0
29, 113, 1024, 491, 1024, 491, 0, 0, 0.0, 0.0
29, 114, 1004, 322, 1003, 319, 1, 3, 1.2490457723982544, 3.1622776601683795
29, 115, 1261, 147, 1261, 148, 0, -1, -1.5707963267948966, 1.0
29, 116, 1094, 87, 1094, 87, 0, 0, 0.0, 0.0
29, 117, 168, 359, 170, 357, -2, 2, 2.356194490192345, 2.8284271247461903
29, 118, 772, 328, 773, 331, -1, -3, -1.892546881191539, 3.1622776601683795
29, 119, 1053, 444, 1051, 442, 2, 2, 0.7853981633974483, 2.8284271247461903
29, 120, 1233, 399, 1237, 403, -4, -4, -2.356194490192345, 5.656854249492381
29, 121, 529, 324, 529, 325, 0, -1, -1.5707963267948966, 1.0
29, 122, 285, 9, 284, 10, 1, -1, -0.7853981633974483, 1.4142135623730951
29, 123, 61, 579, 60, 578, 1, 1, 0.7853981633974483, 1.4142135623730951
29, 124, 287, 55, 287, 56, 0, -1, -1.5707963267948966, 1.0
29, 125, 1211, 171, 1210, 168, 1, 3, 1.2490457723982544, 3.1622776601683795
29, 126, 1184, 186, 1183, 184, 1, 2, 1.1071487177940904, 2.23606797749979
29, 127, 1021, 363, 1020, 360, 1, 3, 1.2490457723982544, 3.1622776601683795
29, 128, 845, 73, 846, 73, -1, 0, 3.141592653589793, 1.0
29, 129, 399, 289, 400, 289, -1, 0, 3.141592653589793, 1.0
29, 130, 1089, 58, 1089, 57, 0, 1, 1.5707963267948966, 1.0
29, 131, 737, 112, 737, 112, 0, 0, 0.0, 0.0
29, 132, 1077, 59, 1077, 59, 0, 0, 0.0, 0.0
29, 133, 616, 29, 616, 28, 0, 1, 1.5707963267948966, 1.0
29, 134, 494, 192, 495, 194, -1, -2, -2.0344439357957027, 2.23606797749979
29, 135, 754, 94, 754, 92, 0, 2, 1.5707963267948966, 2.0
29, 136, 577, 22, 577, 23, 0, -1, -1.5707963267948966, 1.0
29, 137, 1032, 462, 1031, 458, 1, 4, 1.3258176636680326, 4.123105625617661
29, 138, 842, 54, 843, 54, -1, 0, 3.141592653589793, 1.0
29, 139, 1232, 469, 1235, 469, -3, 0, 3.141592653589793, 3.0
29, 140, 1090, 80, 1090, 81, 0, -1, -1.5707963267948966, 1.0
29, 141, 526, 244, 527, 249, -1, -5, -1.7681918866447774, 5.0990195135927845
29, 142, 884, 475, 889, 476, -5, -1, -2.9441970937399127, 5.0990195135927845
29, 143, 804, 127, 805, 129, -1, -2, -2.0344439357957027, 2.23606797749979
29, 144, 327, 389, 328, 389, -1, 0, 3.141592653589793, 1.0
29, 145, 1132, 105, 1133, 105, -1, 0, 3.141592653589793, 1.0
29, 146, 383, 248, 382, 247, 1, 1, 0.7853981633974483, 1.4142135623730951
29, 147, 1172, 231, 1171, 228, 1, 3, 1.2490457723982544, 3.1622776601683795
29, 148, 174, 366, 176, 364, -2, 2, 2.356194490192345, 2.8284271247461903
29, 149, 626, 24, 626, 24, 0, 0, 0.0, 0.0
29, 150, 220, 65, 220, 65, 0, 0, 0.0, 0.0
29, 151, 486, 358, 486, 362, 0, -4, -1.5707963267948966, 4.0
29, 152, 1181, 80, 1181, 80, 0, 0, 0.0, 0.0
29, 153, 1150, 182, 1149, 179, 1, 3, 1.2490457723982544, 3.1622776601683795
29, 154, 937, 45, 938, 45, -1, 0, 3.141592653589793, 1.0
29, 155, 544, 118, 544, 119, 0, -1, -1.5707963267948966, 1.0
29, 156, 184, 428, 184, 425, 0, 3, 1.5707963267948966, 3.0
30, 0, 253, 356, 254, 356, -1, 0, 3.141592653589793, 1.0
30, 1, 815, 58, 816, 60, -1, -2, -2.0344439357957027, 2.23606797749979
30, 2, 901, 485, 906, 485, -5, 0, 3.141592653589793, 5.0
30, 3, 822, 81, 823, 83, -1, -2, -2.0344439357957027, 2.23606797749979
30, 4, 1213, 387, 1217, 391, -4, -4, -2.356194490192345, 5.656854249492381
30, 5, 748, 57, 748, 57, 0, 0, 0.0, 0.0
30, 6, 284, 351, 285, 351, -1, 0, 3.141592653589793, 1.0
30, 7, 945, 27, 946, 27, -1, 0, 3.141592653589793, 1.0
30, 8, 778, 601, 780, 605, -2, -4, -2.0344439357957027, 4.47213595499958
30, 9, 1211, 457, 1214, 460, -3, -3, -2.356194490192345, 4.242640687119285
30, 10, 807, 50, 807, 52, 0, -2, -1.5707963267948966, 2.0
30, 11, 305, 375, 305, 376, 0, -1, -1.5707963267948966, 1.0
30, 12, 909, 526, 914, 527, -5, -1, -2.9441970937399127, 5.0990195135927845
30, 13, 116, 605, 114, 604, 2, 1, 0.4636476090008061, 2.23606797749979
30, 14, 794, 73, 795, 75, -1, -2, -2.0344439357957027, 2.23606797749979
30, 15, 157, 368, 159, 366, -2, 2, 2.356194490192345, 2.8284271247461903
30, 16, 477, 121, 477, 122, 0, -1, -1.5707963267948966, 1.0
30, 17, 880, 563, 884, 563, -4, 0, 3.141592653589793, 4.0
30, 18, 479, 351, 480, 355, -1, -4, -1.8157749899217608, 4.123105625617661
30, 19, 822, 96, 823, 100, -1, -4, -1.8157749899217608, 4.123105625617661
30, 20, 536, 276, 537, 280, -1, -4, -1.8157749899217608, 4.123105625617661
30, 21, 1071, 62, 1071, 62, 0, 0, 0.0, 0.0
30, 22, 464, 353, 465, 357, -1, -4, -1.8157749899217608, 4.123105625617661
30, 23, 850, 36, 851, 36, -1, 0, 3.141592653589793, 1.0
30, 24, 488, 122, 488, 123, 0, -1, -1.5707963267948966, 1.0
30, 25, 394, 224, 394, 223, 0, 1, 1.5707963267948966, 1.0
30, 26, 568, 49, 568, 49, 0, 0, 0.0, 0.0
30, 27, 1238, 427, 1242, 431, -4, -4, -2.356194490192345, 5.656854249492381
30, 28, 1219, 402, 1223, 406, -4, -4, -2.356194490192345, 5.656854249492381
30, 29, 566, 73, 567, 73, -1, 0, 3.141592653589793, 1.0
30, 30, 1261, 113, 1263, 113, -2, 0, 3.141592653589793, 2.0
30, 31, 682, 98, 683, 96, -1, 2, 2.0344439357957027, 2.23606797749979
30, 32, 304, 356, 304, 357, 0, -1, -1.5707963267948966, 1.0
30, 33, 767, 320, 768, 324, -1, -4, -1.8157749899217608, 4.123105625617661
30, 34, 1087, 71, 1087, 72, 0, -1, -1.5707963267948966, 1.0
30, 35, 1028, 388, 1026, 383, 2, 5, 1.1902899496825317, 5.385164807134504
30, 36, 1031, 466, 1029, 463, 2, 3, 0.982793723247329, 3.605551275463989
30, 37, 509, 276, 510, 280, -1, -4, -1.8157749899217608, 4.123105625617661
30, 38, 632, 44, 631, 45, 1, -1, -0.7853981633974483, 1.4142135623730951
30, 39, 254, 401, 255, 401, -1, 0, 3.141592653589793, 1.0
30, 40, 157, 424, 160, 422, -3, 2, 2.5535900500422257, 3.605551275463989
30, 41, 689, 112, 689, 110, 0, 2, 1.5707963267948966, 2.0
30, 42, 1009, 423, 1008, 420, 1, 3, 1.2490457723982544, 3.1622776601683795
30, 43, 630, 154, 631, 151, -1, 3, 1.892546881191539, 3.1622776601683795
30, 44, 807, 58, 808, 61, -1, -3, -1.892546881191539, 3.1622776601683795
30, 45, 1185, 467, 1187, 468, -2, -1, -2.677945044588987, 2.23606797749979
30, 46, 741, 62, 741, 62, 0, 0, 0.0, 0.0
30, 47, 1009, 371, 1009, 371, 0, 0, 0.0, 0.0
30, 48, 510, 12, 510, 13, 0, -1, -1.5707963267948966, 1.0
30, 49, 1151, 29, 1151, 28, 0, 1, 1.5707963267948966, 1.0
30, 50, 1153, 36, 1153, 35, 0, 1, 1.5707963267948966, 1.0
30, 51, 388, 164, 388, 162, 0, 2, 1.5707963267948966, 2.0
30, 52, 279, 330, 279, 330, 0, 0, 0.0, 0.0
30, 53, 669, 160, 669, 158, 0, 2, 1.5707963267948966, 2.0
30, 54, 488, 200, 488, 201, 0, -1, -1.5707963267948966, 1.0
30, 55, 424, 260, 423, 257, 1, 3, 1.2490457723982544, 3.1622776601683795
30, 56, 281, 393, 282, 393, -1, 0, 3.141592653589793, 1.0
30, 57, 480, 112, 480, 113, 0, -1, -1.5707963267948966, 1.0
30, 58, 533, 77, 533, 78, 0, -1, -1.5707963267948966, 1.0
30, 59, 550, 111, 550, 112, 0, -1, -1.5707963267948966, 1.0
30, 60, 276, 337, 277, 337, -1, 0, 3.141592653589793, 1.0
30, 61, 543, 38, 543, 39, 0, -1, -1.5707963267948966, 1.0
30, 62, 738, 558, 739, 562, -1, -4, -1.8157749899217608, 4.123105625617661
30, 63, 778, 539, 779, 543, -1, -4, -1.8157749899217608, 4.123105625617661
30, 64, 298, 335, 298, 336, 0, -1, -1.5707963267948966, 1.0
30, 65, 186, 465, 187, 465, -1, 0, 3.141592653589793, 1.0
30, 66, 1083, 21, 1083, 21, 0, 0, 0.0, 0.0
30, 67, 641, 226, 641, 226, 0, 0, 0.0, 0.0
30, 68, 1104, 18, 1104, 18, 0, 0, 0.0, 0.0
30, 69, 1220, 24, 1220, 25, 0, -1, -1.5707963267948966, 1.0
30, 70, 1039, 291, 1038, 287, 1, 4, 1.3258176636680326, 4.123105625617661
30, 71, 1072, 28, 1072, 28, 0, 0, 0.0, 0.0
30, 72, 682, 181, 682, 180, 0, 1, 1.5707963267948966, 1.0
30, 73, 616, 70, 615, 71, 1, -1, -0.7853981633974483, 1.4142135623730951
30, 74, 1189, 124, 1189, 123, 0, 1, 1.5707963267948966, 1.0
30, 75, 573, 40, 573, 40, 0, 0, 0.0, 0.0
30, 76, 821, 64, 822, 66, -1, -2, -2.0344439357957027, 2.23606797749979
30, 77, 584, 122, 585, 122, -1, 0, 3.141592653589793, 1.0
30, 78, 870, 510, 874, 510, -4, 0, 3.141592653589793, 4.0
30, 79, 514, 247, 515, 251, -1, -4, -1.8157749899217608, 4.123105625617661
30, 80, 483, 446, 483, 448, 0, -2, -1.5707963267948966, 2.0
30, 81, 898, 477, 903, 476, -5, 1, 2.9441970937399127, 5.0990195135927845
30, 82, 1150, 215, 1150, 215, 0, 0, 0.0, 0.0
30, 83, 501, 33, 501, 34, 0, -1, -1.5707963267948966, 1.0
30, 84, 747, 124, 747, 124, 0, 0, 0.0, 0.0
30, 85, 786, 578, 788, 583, -2, -5, -1.9513027039072615, 5.385164807134504
30, 86, 329, 379, 330, 379, -1, 0, 3.141592653589793, 1.0
30, 87, 196, 448, 197, 444, -1, 4, 1.8157749899217608, 4.123105625617661
30, 88, 796, 331, 796, 335, 0, -4, -1.5707963267948966, 4.0
30, 89, 624, 109, 624, 110, 0, -1, -1.5707963267948966, 1.0
30, 90, 113, 650, 113, 650, 0, 0, 0.0, 0.0
30, 91, 850, 26, 851, 26, -1, 0, 3.141592653589793, 1.0
30, 92, 1158, 177, 1157, 174, 1, 3, 1.2490457723982544, 3.1622776601683795
30, 93, 673, 186, 673, 184, 0, 2, 1.5707963267948966, 2.0
30, 94, 801, 326, 801, 330, 0, -4, -1.5707963267948966, 4.0
30, 95, 1076, 84, 1075, 84, 1, 0, 0.0, 1.0
30, 96, 1018, 337, 1017, 334, 1, 3, 1.2490457723982544, 3.1622776601683795
30, 97, 1039, 282, 1037, 278, 2, 4, 1.1071487177940904, 4.47213595499958
30, 98, 285, 54, 285, 55, 0, -1, -1.5707963267948966, 1.0
30, 99, 160, 358, 162, 356, -2, 2, 2.356194490192345, 2.8284271247461903
30, 100, 517, 234, 518, 239, -1, -5, -1.7681918866447774, 5.0990195135927845
30, 101, 790, 587, 792, 592, -2, -5, -1.9513027039072615, 5.385164807134504
30, 102, 617, 190, 618, 188, -1, 2, 2.0344439357957027, 2.23606797749979
30, 103, 270, 362, 271, 362, -1, 0, 3.141592653589793, 1.0
30, 104, 1126, 96, 1126, 97, 0, -1, -1.5707963267948966, 1.0
30, 105, 272, 18, 271, 19, 1, -1, -0.7853981633974483, 1.4142135623730951
30, 106, 579, 117, 580, 117, -1, 0, 3.141592653589793, 1.0
30, 107, 920, 17, 921, 17, -1, 0, 3.141592653589793, 1.0
30, 108, 282, 322, 282, 323, 0, -1, -1.5707963267948966, 1.0
30, 109, 907, 569, 911, 567, -4, 2, 2.677945044588987, 4.47213595499958
30, 110, 1038, 311, 1037, 307, 1, 4, 1.3258176636680326, 4.123105625617661
30, 111, 286, 340, 287, 340, -1, 0, 3.141592653589793, 1.0
30, 112, 290, 393, 291, 393, -1, 0, 3.141592653589793, 1.0
30, 113, 1185, 148, 1184, 146, 1, 2, 1.1071487177940904, 2.23606797749979
30, 114, 861, 27, 862, 27, -1, 0, 3.141592653589793, 1.0
30, 115, 186, 437, 187, 435, -1, 2, 2.0344439357957027, 2.23606797749979
30, 116, 747, 575, 749, 579, -2, -4, -2.0344439357957027, 4.47213595499958
30, 117, 877, 527, 881, 526, -4, 1, 2.896613990462929, 4.123105625617661
30, 118, 1147, 68, 1146, 68, 1, 0, 0.0, 1.0
30, 119, 1064, 81, 1064, 81, 0, 0, 0.0, 0.0
30, 120, 1261, 148, 1272, 148, -11, 0, 3.141592653589793, 11.0
30, 121, 497, 150, 497, 151, 0, -1, -1.5707963267948966, 1.0
30, 122, 1024, 491, 1025, 491, -1, 0, 3.141592653589793, 1.0
30, 123, 286, 24, 285, 26, 1, -2, -1.1071487177940904, 2.23606797749979
30, 124, 1202, 433, 1206, 435, -4, -2, -2.677945044588987, 4.47213595499958
30, 125, 767, 652, 769, 657, -2, -5, -1.9513027039072615, 5.385164807134504
30, 126, 1031, 281, 1029, 277, 2, 4, 1.1071487177940904, 4.47213595499958
30, 127, 1031, 395, 1030, 391, 1, 4, 1.3258176636680326, 4.123105625617661
30, 128, 264, 420, 265, 420, -1, 0, 3.141592653589793, 1.0
30, 129, 410, 226, 410, 225, 0, 1, 1.5707963267948966, 1.0
30, 130, 1078, 59, 1078, 59, 0, 0, 0.0, 0.0
30, 131, 1094, 87, 1094, 87, 0, 0, 0.0, 0.0
30, 132, 389, 268, 389, 266, 0, 2, 1.5707963267948966, 2.0
30, 133, 852, 73, 853, 73, -1, 0, 3.141592653589793, 1.0
30, 134, 1025, 286, 1023, 283, 2, 3, 0.982793723247329, 3.605551275463989
30, 135, 474, 336, 475, 341, -1, -5, -1.7681918866447774, 5.0990195135927845
30, 136, 947, 34, 948, 34, -1, 0, 3.141592653589793, 1.0
30, 137, 783, 276, 783, 280, 0, -4, -1.5707963267948966, 4.0
30, 138, 619, 62, 618, 62, 1, 0, 0.0, 1.0
30, 139, 1090, 58, 1090, 57, 0, 1, 1.5707963267948966, 1.0
30, 140, 471, 448, 472, 452, -1, -4, -1.8157749899217608, 4.123105625617661
30, 141, 1145, 184, 1144, 181, 1, 3, 1.2490457723982544, 3.1622776601683795
30, 142, 501, 158, 501, 159, 0, -1, -1.5707963267948966, 1.0
30, 143, 1106, 54, 1106, 53, 0, 1, 1.5707963267948966, 1.0
30, 144, 1004, 323, 1003, 320, 1, 3, 1.2490457723982544, 3.1622776601683795
30, 145, 1215, 499, 1217, 503, -2, -4, -2.0344439357957027, 4.47213595499958
30, 146, 1145, 202, 1144, 202, 1, 0, 0.0, 1.0
30, 147, 1195, 118, 1195, 117, 0, 1, 1.5707963267948966, 1.0
30, 148, 577, 23, 577, 23, 0, 0, 0.0, 0.0
30, 149, 755, 94, 755, 92, 0, 2, 1.5707963267948966, 2.0
30, 150, 542, 46, 542, 47, 0, -1, -1.5707963267948966, 1.0
30, 151, 1170, 230, 1171, 228, -1, 2, 2.0344439357957027, 2.23606797749979
30, 152, 1060, 408, 1058, 405, 2, 3, 0.982793723247329, 3.605551275463989
30, 153, 544, 119, 544, 120, 0, -1, -1.5707963267948966, 1.0
30, 154, 636, 100, 636, 100, 0, 0, 0.0, 0.0
30, 155, 1232, 398, 1236, 403, -4, -5, -2.2455372690184494, 6.4031242374328485
30, 156, 1185, 82, 1185, 81, 0, 1, 1.5707963267948966, 1.0
30, 157, 774, 333, 775, 335, -1, -2, -2.0344439357957027, 2.23606797749979
30, 158, 528, 324, 529, 326, -1, -2, -2.0344439357957027, 2.23606797749979
30, 159, 842, 54, 843, 54, -1, 0, 3.141592653589793, 1.0
31, 0, 253, 355, 253, 356, 0, -1, -1.5707963267948966, 1.0
31, 1, 814, 56, 815, 58, -1, -2, -2.0344439357957027, 2.23606797749979
31, 2, 896, 485, 901, 485, -5, 0, 3.141592653589793, 5.0
31, 3, 822, 79, 822, 81, 0, -2, -1.5707963267948966, 2.0
31, 4, 1210, 383, 1213, 387, -3, -4, -2.214297435588181, 5.0
31, 5, 748, 57, 748, 57, 0, 0, 0.0, 0.0
31, 6, 284, 351, 284, 351, 0, 0, 0.0, 0.0
31, 7, 944, 27, 945, 27, -1, 0, 3.141592653589793, 1.0
31, 8, 776, 597, 778, 601, -2, -4, -2.0344439357957027, 4.47213595499958
31, 9, 1208, 455, 1211, 457, -3, -2, -2.5535900500422257, 3.605551275463989
31, 10, 807, 48, 807, 50, 0, -2, -1.5707963267948966, 2.0
31, 11, 305, 375, 305, 375, 0, 0, 0.0, 0.0
31, 12, 904, 525, 909, 526, -5, -1, -2.9441970937399127, 5.0990195135927845
31, 13, 118, 606, 116, 605, 2, 1, 0.4636476090008061, 2.23606797749979
31, 14, 793, 71, 794, 73, -1, -2, -2.0344439357957027, 2.23606797749979
31, 15, 156, 370, 157, 368, -1, 2, 2.0344439357957027, 2.23606797749979
31, 16, 477, 119, 477, 121, 0, -2, -1.5707963267948966, 2.0
31, 17, 876, 563, 880, 563, -4, 0, 3.141592653589793, 4.0
31, 18, 478, 347, 479, 351, -1, -4, -1.8157749899217608, 4.123105625617661
31, 19, 821, 93, 822, 96, -1, -3, -1.892546881191539, 3.1622776601683795
31, 20, 535, 272, 536, 276, -1, -4, -1.8157749899217608, 4.123105625617661
31, 21, 1071, 62, 1071, 62, 0, 0, 0.0, 0.0
31, 22, 463, 349, 464, 353, -1, -4, -1.8157749899217608, 4.123105625617661
31, 23, 849, 36, 850, 36, -1, 0, 3.141592653589793, 1.0
31, 24, 488, 120, 488, 122, 0, -2, -1.5707963267948966, 2.0
31, 25, 394, 225, 394, 224, 0, 1, 1.5707963267948966, 1.0
31, 26, 568, 48, 568, 49, 0, -1, -1.5707963267948966, 1.0
31, 27, 1234, 422, 1238, 427, -4, -5, -2.2455372690184494, 6.4031242374328485
31, 28, 1215, 398, 1219, 402, -4, -4, -2.356194490192345, 5.656854249492381
31, 29, 566, 73, 566, 73, 0, 0, 0.0, 0.0
31, 30, 1261, 114, 1261, 113, 0, 1, 1.5707963267948966, 1.0
31, 31, 682, 101, 682, 98, 0, 3, 1.5707963267948966, 3.0
31, 32, 304, 356, 304, 356, 0, 0, 0.0, 0.0
31, 33, 767, 316, 767, 320, 0, -4, -1.5707963267948966, 4.0
31, 34, 1087, 71, 1087, 71, 0, 0, 0.0, 0.0
31, 35, 1030, 391, 1028, 388, 2, 3, 0.982793723247329, 3.605551275463989
31, 36, 1032, 469, 1031, 466, 1, 3, 1.2490457723982544, 3.1622776601683795
31, 37, 509, 272, 509, 276, 0, -4, -1.5707963267948966, 4.0
31, 38, 633, 43, 632, 44, 1, -1, -0.7853981633974483, 1.4142135623730951
31, 39, 254, 401, 254, 401, 0, 0, 0.0, 0.0
31, 40, 154, 427, 157, 424, -3, 3, 2.356194490192345, 4.242640687119285
31, 41, 689, 115, 689, 112, 0, 3, 1.5707963267948966, 3.0
31, 42, 1010, 426, 1009, 423, 1, 3, 1.2490457723982544, 3.1622776601683795
31, 43, 629, 156, 630, 154, -1, 2, 2.0344439357957027, 2.23606797749979
31, 44, 806, 56, 807, 58, -1, -2, -2.0344439357957027, 2.23606797749979
31, 45, 741, 62, 741, 62, 0, 0, 0.0, 0.0
31, 46, 1009, 371, 1009, 371, 0, 0, 0.0, 0.0
31, 47, 510, 11, 510, 12, 0, -1, -1.5707963267948966, 1.0
31, 48, 1151, 29, 1151, 29, 0, 0, 0.0, 0.0
31, 49, 1153, 36, 1153, 36, 0, 0, 0.0, 0.0
31, 50, 388, 166, 388, 164, 0, 2, 1.5707963267948966, 2.0
31, 51, 279, 330, 279, 330, 0, 0, 0.0, 0.0
31, 52, 669, 163, 669, 160, 0, 3, 1.5707963267948966, 3.0
31, 53, 488, 199, 488, 200, 0, -1, -1.5707963267948966, 1.0
31, 54, 424, 263, 424, 260, 0, 3, 1.5707963267948966, 3.0
31, 55, 281, 392, 281, 393, 0, -1, -1.5707963267948966, 1.0
31, 56, 480, 111, 480, 112, 0, -1, -1.5707963267948966, 1.0
31, 57, 533, 76, 533, 77, 0, -1, -1.5707963267948966, 1.0
31, 58, 550, 111, 550, 111, 0, 0, 0.0, 0.0
31, 59, 276, 337, 276, 337, 0, 0, 0.0, 0.0
31, 60, 543, 37, 543, 38, 0, -1, -1.5707963267948966, 1.0
31, 61, 737, 554, 738, 558, -1, -4, -1.8157749899217608, 4.123105625617661
31, 62, 777, 535, 778, 539, -1, -4, -1.8157749899217608, 4.123105625617661
31, 63, 298, 334, 298, 335, 0, -1, -1.5707963267948966, 1.0
31, 64, 186, 465, 186, 465, 0, 0, 0.0, 0.0
31, 65, 1084, 22, 1083, 21, 1, 1, 0.7853981633974483, 1.4142135623730951
31, 66, 641, 226, 641, 226, 0, 0, 0.0, 0.0
31, 67, 1104, 18, 1104, 18, 0, 0, 0.0, 0.0
31, 68, 1220, 24, 1220, 24, 0, 0, 0.0, 0.0
31, 69, 1041, 295, 1039, 291, 2, 4, 1.1071487177940904, 4.47213595499958
31, 70, 1073, 29, 1072, 28, 1, 1, 0.7853981633974483, 1.4142135623730951
31, 71, 682, 182, 682, 181, 0, 1, 1.5707963267948966, 1.0
31, 72, 617, 70, 616, 70, 1, 0, 0.0, 1.0
31, 73, 1189, 125, 1189, 124, 0, 1, 1.5707963267948966, 1.0
31, 74, 573, 39, 573, 40, 0, -1, -1.5707963267948966, 1.0
31, 75, 820, 62, 821, 64, -1, -2, -2.0344439357957027, 2.23606797749979
31, 76, 583, 122, 584, 122, -1, 0, 3.141592653589793, 1.0
31, 77, 866, 510, 870, 510, -4, 0, 3.141592653589793, 4.0
31, 78, 513, 243, 514, 247, -1, -4, -1.8157749899217608, 4.123105625617661
31, 79, 483, 444, 483, 446, 0, -2, -1.5707963267948966, 2.0
31, 80, 893, 477, 898, 477, -5, 0, 3.141592653589793, 5.0
31, 81, 1150, 215, 1150, 215, 0, 0, 0.0, 0.0
31, 82, 501, 32, 501, 33, 0, -1, -1.5707963267948966, 1.0
31, 83, 747, 124, 747, 124, 0, 0, 0.0, 0.0
31, 84, 784, 574, 786, 578, -2, -4, -2.0344439357957027, 4.47213595499958
31, 85, 329, 379, 329, 379, 0, 0, 0.0, 0.0
31, 86, 195, 450, 196, 448, -1, 2, 2.0344439357957027, 2.23606797749979
31, 87, 796, 327, 796, 331, 0, -4, -1.5707963267948966, 4.0
31, 88, 624, 108, 624, 109, 0, -1, -1.5707963267948966, 1.0
31, 89, 113, 649, 113, 650, 0, -1, -1.5707963267948966, 1.0
31, 90, 849, 26, 850, 26, -1, 0, 3.141592653589793, 1.0
31, 91, 1160, 180, 1158, 177, 2, 3, 0.982793723247329, 3.605551275463989
31, 92, 673, 188, 673, 186, 0, 2, 1.5707963267948966, 2.0
31, 93, 801, 322, 801, 326, 0, -4, -1.5707963267948966, 4.0
31, 94, 1077, 84, 1076, 84, 1, 0, 0.0, 1.0
31, 95, 1018, 341, 1018, 337, 0, 4, 1.5707963267948966, 4.0
31, 96, 1041, 286, 1039, 282, 2, 4, 1.1071487177940904, 4.47213595499958
31, 97, 285, 53, 285, 54, 0, -1, -1.5707963267948966, 1.0
31, 98, 159, 361, 160, 358, -1, 3, 1.892546881191539, 3.1622776601683795
31, 99, 516, 230, 517, 234, -1, -4, -1.8157749899217608, 4.123105625617661
31, 100, 788, 583, 790, 587, -2, -4, -2.0344439357957027, 4.47213595499958
31, 101, 616, 193, 617, 190, -1, 3, 1.892546881191539, 3.1622776601683795
31, 102, 270, 362, 270, 362, 0, 0, 0.0, 0.0
31, 103, 1126, 96, 1126, 96, 0, 0, 0.0, 0.0
31, 104, 273, 17, 272, 18, 1, -1, -0.7853981633974483, 1.4142135623730951
31, 105, 578, 117, 579, 117, -1, 0, 3.141592653589793, 1.0
31, 106, 919, 17, 920, 17, -1, 0, 3.141592653589793, 1.0
31, 107, 282, 321, 282, 322, 0, -1, -1.5707963267948966, 1.0
31, 108, 903, 570, 907, 569, -4, 1, 2.896613990462929, 4.123105625617661
31, 109, 1039, 314, 1038, 311, 1, 3, 1.2490457723982544, 3.1622776601683795
31, 110, 286, 340, 286, 340, 0, 0, 0.0, 0.0
31, 111, 290, 392, 290, 393, 0, -1, -1.5707963267948966, 1.0
31, 112, 1186, 150, 1185, 148, 1, 2, 1.1071487177940904, 2.23606797749979
31, 113, 860, 27, 861, 27, -1, 0, 3.141592653589793, 1.0
31, 114, 185, 438, 186, 437, -1, 1, 2.356194490192345, 1.4142135623730951
31, 115, 745, 572, 747, 575, -2, -3, -2.158798930342464, 3.605551275463989
31, 116, 873, 528, 877, 527, -4, 1, 2.896613990462929, 4.123105625617661
31, 117, 1148, 68, 1147, 68, 1, 0, 0.0, 1.0
31, 118, 1064, 81, 1064, 81, 0, 0, 0.0, 0.0
31, 119, 1260, 148, 1261, 148, -1, 0, 3.141592653589793, 1.0
31, 120, 497, 149, 497, 150, 0, -1, -1.5707963267948966, 1.0
31, 121, 1024, 491, 1024, 491, 0, 0, 0.0, 0.0
31, 122, 287, 23, 286, 24, 1, -1, -0.7853981633974483, 1.4142135623730951
31, 123, 1198, 431, 1202, 433, -4, -2, -2.677945044588987, 4.47213595499958
31, 124, 765, 645, 767, 652, -2, -7, -1.849095985800008, 7.280109889280518
31, 125, 1033, 285, 1031, 281, 2, 4, 1.1071487177940904, 4.47213595499958
31, 126, 1032, 398, 1031, 395, 1, 3, 1.2490457723982544, 3.1622776601683795
31, 127, 264, 420, 264, 420, 0, 0, 0.0, 0.0
31, 128, 410, 227, 410, 226, 0, 1, 1.5707963267948966, 1.0
31, 129, 1078, 59, 1078, 59, 0, 0, 0.0, 0.0
31, 130, 1094, 87, 1094, 87, 0, 0, 0.0, 0.0
31, 131, 389, 270, 389, 268, 0, 2, 1.5707963267948966, 2.0
31, 132, 851, 73, 852, 73, -1, 0, 3.141592653589793, 1.0
31, 133, 1028, 288, 1025, 286, 3, 2, 0.5880026035475675, 3.605551275463989
31, 134, 473, 331, 474, 336, -1, -5, -1.7681918866447774, 5.0990195135927845
31, 135, 946, 34, 947, 34, -1, 0, 3.141592653589793, 1.0
31, 136, 783, 273, 783, 276, 0, -3, -1.5707963267948966, 3.0
31, 137, 620, 62, 619, 62, 1, 0, 0.0, 1.0
31, 138, 1090, 59, 1090, 58, 0, 1, 1.5707963267948966, 1.0
31, 139, 470, 443, 471, 448, -1, -5, -1.7681918866447774, 5.0990195135927845
31, 140, 1146, 187, 1145, 184, 1, 3, 1.2490457723982544, 3.1622776601683795
31, 141, 501, 157, 501, 158, 0, -1, -1.5707963267948966, 1.0
31, 142, 1106, 55, 1106, 54, 0, 1, 1.5707963267948966, 1.0
31, 143, 1004, 325, 1004, 323, 0, 2, 1.5707963267948966, 2.0
31, 144, 1212, 494, 1215, 499, -3, -5, -2.1112158270654806, 5.830951894845301
31, 145, 1146, 202, 1145, 202, 1, 0, 0.0, 1.0
31, 146, 1195, 119, 1195, 118, 0, 1, 1.5707963267948966, 1.0
31, 147, 577, 23, 577, 23, 0, 0, 0.0, 0.0
31, 148, 755, 96, 755, 94, 0, 2, 1.5707963267948966, 2.0
31, 149, 542, 45, 542, 46, 0, -1, -1.5707963267948966, 1.0
31, 150, 1170, 232, 1170, 230, 0, 2, 1.5707963267948966, 2.0
31, 151, 1061, 411, 1060, 408, 1, 3, 1.2490457723982544, 3.1622776601683795
31, 152, 544, 118, 544, 119, 0, -1, -1.5707963267948966, 1.0
31, 153, 636, 100, 636, 100, 0, 0, 0.0, 0.0
31, 154, 1228, 393, 1232, 398, -4, -5, -2.2455372690184494, 6.4031242374328485
31, 155, 1185, 83, 1185, 82, 0, 1, 1.5707963267948966, 1.0
31, 156, 773, 331, 774, 333, -1, -2, -2.0344439357957027, 2.23606797749979
31, 157, 527, 322, 528, 324, -1, -2, -2.0344439357957027, 2.23606797749979
31, 158, 841, 54, 842, 54, -1, 0, 3.141592653589793, 1.0
32, 0, 254, 355, 254, 356, 0, -1, -1.5707963267948966, 1.0
32, 1, 823, 79, 824, 82, -1, -3, -1.892546881191539, 3.1622776601683795
32, 2, 1211, 383, 1213, 387, -2, -4, -2.0344439357957027, 4.47213595499958
32, 3, 478, 345, 479, 349, -1, -4, -1.8157749899217608, 4.123105625617661
32, 4, 119, 606, 116, 605, 3, 1, 0.3217505543966422, 3.1622776601683795
32, 5, 945, 28, 946, 28, -1, 0, 3.141592653589793, 1.0
32, 6, 749, 60, 749, 58, 0, 2, 1.5707963267948966, 2.0
32, 7, 896, 487, 901, 485, -5, 2, 2.761086276477428, 5.385164807134504
32, 8, 820, 93, 822, 97, -2, -4, -2.0344439357957027, 4.47213595499958
32, 9, 285, 351, 285, 352, 0, -1, -1.5707963267948966, 1.0
32, 10, 1207, 453, 1210, 455, -3, -2, -2.5535900500422257, 3.605551275463989
32, 11, 815, 55, 816, 58, -1, -3, -1.892546881191539, 3.1622776601683795
32, 12, 158, 371, 158, 369, 0, 2, 1.5707963267948966, 2.0
32, 13, 807, 47, 807, 50, 0, -3, -1.5707963267948966, 3.0
32, 14, 776, 593, 779, 597, -3, -4, -2.214297435588181, 5.0
32, 15, 479, 117, 478, 121, 1, -4, -1.3258176636680326, 4.123105625617661
32, 16, 304, 376, 305, 376, -1, 0, 3.141592653589793, 1.0
32, 17, 1070, 62, 1069, 61, 1, 1, 0.7853981633974483, 1.4142135623730951
32, 18, 490, 120, 489, 123, 1, -3, -1.2490457723982544, 3.1622776601683795
32, 19, 464, 349, 465, 352, -1, -3, -1.892546881191539, 3.1622776601683795
32, 20, 334, 366, 334, 366, 0, 0, 0.0, 0.0
32, 21, 1089, 73, 1088, 72, 1, 1, 0.7853981633974483, 1.4142135623730951
32, 22, 905, 525, 909, 526, -4, -1, -2.896613990462929, 4.123105625617661
32, 23, 1215, 396, 1219, 401, -4, -5, -2.2455372690184494, 6.4031242374328485
32, 24, 1234, 423, 1238, 427, -4, -4, -2.356194490192345, 5.656854249492381
32, 25, 395, 228, 395, 225, 0, 3, 1.5707963267948966, 3.0
32, 26, 850, 36, 851, 36, -1, 0, 3.141592653589793, 1.0
32, 27, 574, 40, 573, 40, 1, 0, 0.0, 1.0
32, 28, 1261, 116, 1264, 114, -3, 2, 2.5535900500422257, 3.605551275463989
32, 29, 509, 270, 510, 275, -1, -5, -1.7681918866447774, 5.0990195135927845
32, 30, 318, 404, 319, 404, -1, 0, 3.141592653589793, 1.0
32, 31, 1010, 427, 1009, 424, 1, 3, 1.2490457723982544, 3.1622776601683795
32, 32, 1009, 370, 1009, 370, 0, 0, 0.0, 0.0
32, 33, 424, 265, 424, 261, 0, 4, 1.5707963267948966, 4.0
32, 34, 682, 103, 683, 99, -1, 4, 1.8157749899217608, 4.123105625617661
32, 35, 567, 73, 567, 73, 0, 0, 0.0, 0.0
32, 36, 783, 574, 786, 576, -3, -2, -2.5535900500422257, 3.605551275463989
32, 37, 304, 357, 304, 357, 0, 0, 0.0, 0.0
32, 38, 767, 314, 767, 319, 0, -5, -1.5707963267948966, 5.0
32, 39, 325, 354, 326, 354, -1, 0, 3.141592653589793, 1.0
32, 40, 742, 65, 742, 63, 0, 2, 1.5707963267948966, 2.0
32, 41, 536, 271, 537, 275, -1, -4, -1.8157749899217608, 4.123105625617661
32, 42, 298, 336, 298, 336, 0, 0, 0.0, 0.0
32, 43, 670, 165, 670, 161, 0, 4, 1.5707963267948966, 4.0
32, 44, 635, 41, 633, 45, 2, -4, -1.1071487177940904, 4.47213595499958
32, 45, 628, 158, 630, 154, -2, 4, 2.0344439357957027, 4.47213595499958
32, 46, 482, 108, 481, 112, 1, -4, -1.3258176636680326, 4.123105625617661
32, 47, 1035, 391, 1034, 389, 1, 2, 1.1071487177940904, 2.23606797749979
32, 48, 807, 56, 808, 59, -1, -3, -1.892546881191539, 3.1622776601683795
32, 49, 254, 401, 255, 401, -1, 0, 3.141592653589793, 1.0
32, 50, 1156, 37, 1154, 36, 2, 1, 0.4636476090008061, 2.23606797749979
32, 51, 1153, 30, 1152, 29, 1, 1, 0.7853981633974483, 1.4142135623730951
32, 52, 793, 68, 794, 73, -1, -5, -1.7681918866447774, 5.0990195135927845
32, 53, 866, 511, 869, 512, -3, -1, -2.819842099193151, 3.1622776601683795
32, 54, 280, 336, 280, 336, 0, 0, 0.0, 0.0
32, 55, 1020, 342, 1019, 340, 1, 2, 1.1071487177940904, 2.23606797749979
32, 56, 568, 48, 568, 49, 0, -1, -1.5707963267948966, 1.0
32, 57, 533, 78, 533, 79, 0, -1, -1.5707963267948966, 1.0
32, 58, 277, 328, 277, 328, 0, 0, 0.0, 0.0
32, 59, 689, 116, 689, 112, 0, 4, 1.5707963267948966, 4.0
32, 60, 543, 38, 543, 39, 0, -1, -1.5707963267948966, 1.0
32, 61, 187, 467, 187, 465, 0, 2, 1.5707963267948966, 2.0
32, 62, 796, 327, 796, 331, 0, -4, -1.5707963267948966, 4.0
32, 63, 738, 554, 740, 558, -2, -4, -2.0344439357957027, 4.47213595499958
32, 64, 778, 534, 778, 537, 0, -3, -1.5707963267948966, 3.0
32, 65, 281, 394, 282, 394, -1, 0, 3.141592653589793, 1.0
32, 66, 1106, 19, 1105, 18, 1, 1, 0.7853981633974483, 1.4142135623730951
32, 67, 198, 423, 198, 421, 0, 2, 1.5707963267948966, 2.0
32, 68, 1159, 180, 1156, 178, 3, 2, 0.5880026035475675, 3.605551275463989
32, 69, 113, 649, 113, 649, 0, 0, 0.0, 0.0
32, 70, 1077, 86, 1077, 85, 0, 1, 1.5707963267948966, 1.0
32, 71, 1086, 24, 1084, 22, 2, 2, 0.7853981633974483, 2.8284271247461903
32, 72, 63, 85, 63, 85, 0, 0, 0.0, 0.0
32, 73, 389, 168, 389, 164, 0, 4, 1.5707963267948966, 4.0
32, 74, 1075, 31, 1073, 29, 2, 2, 0.7853981633974483, 2.8284271247461903
32, 75, 258, 346, 258, 347, 0, -1, -1.5707963267948966, 1.0
32, 76, 584, 122, 585, 122, -1, 0, 3.141592653589793, 1.0
32, 77, 1220, 25, 1220, 25, 0, 0, 0.0, 0.0
32, 78, 1041, 296, 1040, 293, 1, 3, 1.2490457723982544, 3.1622776601683795
32, 79, 285, 54, 285, 55, 0, -1, -1.5707963267948966, 1.0
32, 80, 514, 243, 515, 248, -1, -5, -1.7681918866447774, 5.0990195135927845
32, 81, 874, 63, 875, 63, -1, 0, 3.141592653589793, 1.0
32, 82, 274, 15, 272, 16, 2, -1, -0.4636476090008061, 2.23606797749979
32, 83, 639, 227, 640, 227, -1, 0, 3.141592653589793, 1.0
32, 84, 516, 230, 518, 235, -2, -5, -1.9513027039072615, 5.385164807134504
32, 85, 893, 479, 898, 477, -5, 2, 2.761086276477428, 5.385164807134504
32, 86, 309, 339, 309, 339, 0, 0, 0.0, 0.0
32, 87, 683, 180, 682, 180, 1, 0, 0.0, 1.0
32, 88, 550, 111, 550, 112, 0, -1, -1.5707963267948966, 1.0
32, 89, 676, 192, 674, 191, 2, 1, 0.4636476090008061, 2.23606797749979
32, 90, 249, 418, 249, 418, 0, 0, 0.0, 0.0
32, 91, 155, 432, 158, 429, -3, 3, 2.356194490192345, 4.242640687119285
32, 92, 802, 322, 802, 327, 0, -5, -1.5707963267948966, 5.0
32, 93, 1151, 214, 1150, 215, 1, -1, -0.7853981633974483, 1.4142135623730951
32, 94, 330, 379, 330, 379, 0, 0, 0.0, 0.0
32, 95, 617, 193, 618, 191, -1, 2, 2.0344439357957027, 2.23606797749979
32, 96, 404, 289, 404, 287, 0, 2, 1.5707963267948966, 2.0
32, 97, 878, 564, 882, 564, -4, 0, 3.141592653589793, 4.0
32, 98, 937, 114, 937, 114, 0, 0, 0.0, 0.0
32, 99, 1042, 286, 1040, 283, 2, 3, 0.982793723247329, 3.605551275463989
32, 100, 332, 420, 332, 420, 0, 0, 0.0, 0.0
32, 101, 619, 66, 618, 70, 1, -4, -1.3258176636680326, 4.123105625617661
32, 102, 390, 272, 390, 269, 0, 3, 1.5707963267948966, 3.0
32, 103, 850, 27, 851, 27, -1, 0, 3.141592653589793, 1.0
32, 104, 1149, 70, 1147, 68, 2, 2, 0.7853981633974483, 2.8284271247461903
32, 105, 289, 375, 289, 375, 0, 0, 0.0, 0.0
32, 106, 278, 348, 278, 348, 0, 0, 0.0, 0.0
32, 107, 289, 25, 287, 26, 2, -1, -0.4636476090008061, 2.23606797749979
32, 108, 624, 108, 624, 110, 0, -2, -1.5707963267948966, 2.0
32, 109, 87, 157, 87, 157, 0, 0, 0.0, 0.0
32, 110, 519, 321, 520, 324, -1, -3, -1.892546881191539, 3.1622776601683795
32, 111, 788, 583, 791, 586, -3, -3, -2.356194490192345, 4.242640687119285
32, 112, 747, 125, 747, 124, 0, 1, 1.5707963267948966, 1.0
32, 113, 579, 117, 580, 117, -1, 0, 3.141592653589793, 1.0
32, 114, 1189, 128, 1189, 124, 0, 4, 1.5707963267948966, 4.0
32, 115, 81, 143, 81, 143, 0, 0, 0.0, 0.0
32, 116, 282, 323, 282, 323, 0, 0, 0.0, 0.0
32, 117, 473, 331, 474, 336, -1, -5, -1.7681918866447774, 5.0990195135927845
32, 118, 821, 62, 822, 65, -1, -3, -1.892546881191539, 3.1622776601683795
32, 119, 637, 99, 637, 99, 0, 0, 0.0, 0.0
32, 120, 501, 32, 501, 34, 0, -2, -1.5707963267948966, 2.0
32, 121, 1014, 297, 1013, 294, 1, 3, 1.2490457723982544, 3.1622776601683795
32, 122, 490, 182, 492, 185, -2, -3, -2.158798930342464, 3.605551275463989
32, 123, 1198, 430, 1202, 431, -4, -1, -2.896613990462929, 4.123105625617661
32, 124, 78, 157, 78, 157, 0, 0, 0.0, 0.0
32, 125, 933, 107, 933, 107, 0, 0, 0.0, 0.0
32, 126, 925, 108, 925, 108, 0, 0, 0.0, 0.0
32, 127, 919, 19, 920, 19, -1, 0, 3.141592653589793, 1.0
32, 128, 290, 393, 291, 393, -1, 0, 3.141592653589793, 1.0
32, 129, 1064, 81, 1064, 81, 0, 0, 0.0, 0.0
32, 130, 297, 46, 296, 49, 1, -3, -1.2490457723982544, 3.1622776601683795
32, 131, 271, 362, 271, 362, 0, 0, 0.0, 0.0
32, 132, 160, 362, 161, 359, -1, 3, 1.892546881191539, 3.1622776601683795
32, 133, 265, 420, 265, 420, 0, 0, 0.0, 0.0
32, 134, 785, 272, 784, 277, 1, -5, -1.373400766945016, 5.0990195135927845
32, 135, 262, 337, 262, 338, 0, -1, -1.5707963267948966, 1.0
32, 136, 302, 398, 303, 398, -1, 0, 3.141592653589793, 1.0
32, 137, 1261, 148, 1272, 148, -11, 0, 3.141592653589793, 11.0
32, 138, 1189, 92, 1189, 88, 0, 4, 1.5707963267948966, 4.0
32, 139, 1033, 287, 1032, 283, 1, 4, 1.3258176636680326, 4.123105625617661
32, 140, 273, 354, 273, 354, 0, 0, 0.0, 0.0
32, 141, 1170, 234, 1170, 234, 0, 0, 0.0, 0.0
32, 142, 946, 35, 947, 35, -1, 0, 3.141592653589793, 1.0
32, 143, 852, 73, 853, 73, -1, 0, 3.141592653589793, 1.0
32, 144, 1094, 87, 1094, 87, 0, 0, 0.0, 0.0
32, 145, 861, 28, 862, 28, -1, 0, 3.141592653589793, 1.0
32, 146, 1230, 393, 1233, 398, -3, -5, -2.1112158270654806, 5.830951894845301
32, 147, 1027, 291, 1026, 288, 1, 3, 1.2490457723982544, 3.1622776601683795
32, 148, 1081, 61, 1079, 60, 2, 1, 0.4636476090008061, 2.23606797749979
32, 149, 1148, 186, 1145, 184, 3, 2, 0.5880026035475675, 3.605551275463989
32, 150, 1188, 151, 1186, 149, 2, 2, 0.7853981633974483, 2.8284271247461903
32, 151, 1189, 188, 1185, 185, 4, 3, 0.6435011087932844, 5.0
32, 152, 287, 340, 287, 340, 0, 0, 0.0, 0.0
32, 153, 221, 37, 220, 37, 1, 0, 0.0, 1.0
32, 154, 1040, 316, 1039, 314, 1, 2, 1.1071487177940904, 2.23606797749979
32, 155, 1061, 411, 1060, 408, 1, 3, 1.2490457723982544, 3.1622776601683795
32, 156, 1006, 327, 1005, 326, 1, 1, 0.7853981633974483, 1.4142135623730951
32, 157, 285, 368, 285, 368, 0, 0, 0.0, 0.0
32, 158, 1026, 493, 1025, 491, 1, 2, 1.1071487177940904, 2.23606797749979
32, 159, 813, 121, 814, 123, -1, -2, -2.0344439357957027, 2.23606797749979
32, 160, 1226, 184, 1224, 183, 2, 1, 0.4636476090008061, 2.23606797749979
32, 161, 542, 45, 542, 46, 0, -1, -1.5707963267948966, 1.0
32, 162, 194, 464, 195, 462, -1, 2, 2.0344439357957027, 2.23606797749979
32, 163, 841, 54, 842, 54, -1, 0, 3.141592653589793, 1.0
32, 164, 877, 480, 883, 479, -6, 1, 2.976443976175166, 6.082762530298219
32, 165, 497, 147, 497, 151, 0, -4, -1.5707963267948966, 4.0
32, 166, 500, 154, 501, 158, -1, -4, -1.8157749899217608, 4.123105625617661
32, 167, 530, 247, 530, 252, 0, -5, -1.5707963267948966, 5.0
32, 168, 619, 60, 620, 62, -1, -2, -2.0344439357957027, 2.23606797749979
32, 169, 260, 396, 261, 396, -1, 0, 3.141592653589793, 1.0
32, 170, 1034, 474, 1034, 473, 0, 1, 1.5707963267948966, 1.0
32, 171, 799, 109, 799, 113, 0, -4, -1.5707963267948966, 4.0
32, 172, 1215, 175, 1213, 172, 2, 3, 0.982793723247329, 3.605551275463989
32, 173, 631, 246, 632, 245, -1, 1, 2.356194490192345, 1.4142135623730951
32, 174, 409, 301, 409, 300, 0, 1, 1.5707963267948966, 1.0
32, 175, 494, 373, 494, 380, 0, -7, -1.5707963267948966, 7.0
32, 176, 1187, 464, 1188, 464, -1, 0, 3.141592653589793, 1.0
33, 0, 254, 354, 254, 355, 0, -1, -1.5707963267948966, 1.0
33, 1, 1209, 378, 1211, 383, -2, -5, -1.9513027039072615, 5.385164807134504
33, 2, 477, 341, 478, 345, -1, -4, -1.8157749899217608, 4.123105625617661
33, 3, 120, 607, 119, 606, 1, 1, 0.7853981633974483, 1.4142135623730951
33, 4, 944, 28, 945, 28, -1, 0, 3.141592653589793, 1.0
33, 5, 749, 61, 749, 60, 0, 1, 1.5707963267948966, 1.0
33, 6, 891, 488, 896, 487, -5, 1, 2.9441970937399127, 5.0990195135927845
33, 7, 819, 91, 820, 93, -1, -2, -2.0344439357957027, 2.23606797749979
33, 8, 285, 350, 285, 351, 0, -1, -1.5707963267948966, 1.0
33, 9, 1205, 453, 1207, 453, -2, 0, 3.141592653589793, 2.0
33, 10, 158, 374, 158, 371, 0, 3, 1.5707963267948966, 3.0
33, 11, 775, 589, 776, 593, -1, -4, -1.8157749899217608, 4.123105625617661
33, 12, 479, 114, 479, 117, 0, -3, -1.5707963267948966, 3.0
33, 13, 304, 376, 304, 376, 0, 0, 0.0, 0.0
33, 14, 1070, 62, 1070, 62, 0, 0, 0.0, 0.0
33, 15, 490, 117, 490, 120, 0, -3, -1.5707963267948966, 3.0
33, 16, 464, 346, 464, 349, 0, -3, -1.5707963267948966, 3.0
33, 17, 334, 366, 334, 366, 0, 0, 0.0, 0.0
33, 18, 1089, 74, 1089, 73, 0, 1, 1.5707963267948966, 1.0
33, 19, 900, 525, 905, 525, -5, 0, 3.141592653589793, 5.0
33, 20, 1213, 391, 1215, 396, -2, -5, -1.9513027039072615, 5.385164807134504
33, 21, 1231, 419, 1234, 423, -3, -4, -2.214297435588181, 5.0
33, 22, 395, 229, 395, 228, 0, 1, 1.5707963267948966, 1.0
33, 23, 849, 36, 850, 36, -1, 0, 3.141592653589793, 1.0
33, 24, 575, 40, 574, 40, 1, 0, 0.0, 1.0
33, 25, 1261, 117, 1261, 116, 0, 1, 1.5707963267948966, 1.0
33, 26, 509, 267, 509, 270, 0, -3, -1.5707963267948966, 3.0
33, 27, 317, 404, 318, 404, -1, 0, 3.141592653589793, 1.0
33, 28, 1011, 432, 1010, 427, 1, 5, 1.373400766945016, 5.0990195135927845
33, 29, 1009, 370, 1009, 370, 0, 0, 0.0, 0.0
33, 30, 423, 267, 424, 265, -1, 2, 2.0344439357957027, 2.23606797749979
33, 31, 681, 106, 682, 103, -1, 3, 1.892546881191539, 3.1622776601683795
33, 32, 567, 73, 567, 73, 0, 0, 0.0, 0.0
33, 33, 781, 571, 783, 574, -2, -3, -2.158798930342464, 3.605551275463989
33, 34, 304, 357, 304, 357, 0, 0, 0.0, 0.0
33, 35, 767, 311, 767, 314, 0, -3, -1.5707963267948966, 3.0
33, 36, 324, 354, 325, 354, -1, 0, 3.141592653589793, 1.0
33, 37, 742, 66, 742, 65, 0, 1, 1.5707963267948966, 1.0
33, 38, 536, 268, 536, 271, 0, -3, -1.5707963267948966, 3.0
33, 39, 298, 335, 298, 336, 0, -1, -1.5707963267948966, 1.0
33, 40, 670, 169, 670, 165, 0, 4, 1.5707963267948966, 4.0
33, 41, 636, 39, 635, 41, 1, -2, -1.1071487177940904, 2.23606797749979
33, 42, 627, 159, 628, 158, -1, 1, 2.356194490192345, 1.4142135623730951
33, 43, 482, 105, 482, 108, 0, -3, -1.5707963267948966, 3.0
33, 44, 1035, 395, 1035, 391, 0, 4, 1.5707963267948966, 4.0
33, 45, 254, 400, 254, 401, 0, -1, -1.5707963267948966, 1.0
33, 46, 1156, 38, 1156, 37, 0, 1, 1.5707963267948966, 1.0
33, 47, 1153, 31, 1153, 30, 0, 1, 1.5707963267948966, 1.0
33, 48, 792, 66, 793, 68, -1, -2, -2.0344439357957027, 2.23606797749979
33, 49, 862, 512, 866, 511, -4, 1, 2.896613990462929, 4.123105625617661
33, 50, 280, 336, 280, 336, 0, 0, 0.0, 0.0
33, 51, 1021, 344, 1020, 342, 1, 2, 1.1071487177940904, 2.23606797749979
33, 52, 568, 47, 568, 48, 0, -1, -1.5707963267948966, 1.0
33, 53, 533, 78, 533, 78, 0, 0, 0.0, 0.0
33, 54, 277, 328, 277, 328, 0, 0, 0.0, 0.0
33, 55, 688, 119, 689, 116, -1, 3, 1.892546881191539, 3.1622776601683795
33, 56, 186, 468, 187, 467, -1, 1, 2.356194490192345, 1.4142135623730951
33, 57, 796, 325, 796, 327, 0, -2, -1.5707963267948966, 2.0
33, 58, 736, 551, 738, 554, -2, -3, -2.158798930342464, 3.605551275463989
33, 59, 777, 530, 778, 534, -1, -4, -1.8157749899217608, 4.123105625617661
33, 60, 281, 394, 281, 394, 0, 0, 0.0, 0.0
33, 61, 1106, 19, 1106, 19, 0, 0, 0.0, 0.0
33, 62, 198, 425, 198, 423, 0, 2, 1.5707963267948966, 2.0
33, 63, 1161, 181, 1159, 180, 2, 1, 0.4636476090008061, 2.23606797749979
33, 64, 113, 649, 113, 649, 0, 0, 0.0, 0.0
33, 65, 1077, 86, 1077, 86, 0, 0, 0.0, 0.0
33, 66, 1087, 24, 1086, 24, 1, 0, 0.0, 1.0
33, 67, 63, 85, 63, 85, 0, 0, 0.0, 0.0
33, 68, 389, 171, 389, 168, 0, 3, 1.5707963267948966, 3.0
33, 69, 1076, 31, 1075, 31, 1, 0, 0.0, 1.0
33, 70, 258, 345, 258, 346, 0, -1, -1.5707963267948966, 1.0
33, 71, 583, 122, 584, 122, -1, 0, 3.141592653589793, 1.0
33, 72, 1043, 300, 1041, 296, 2, 4, 1.1071487177940904, 4.47213595499958
33, 73, 285, 53, 285, 54, 0, -1, -1.5707963267948966, 1.0
33, 74, 513, 241, 514, 243, -1, -2, -2.0344439357957027, 2.23606797749979
33, 75, 873, 63, 874, 63, -1, 0, 3.141592653589793, 1.0
33, 76, 275, 14, 274, 15, 1, -1, -0.7853981633974483, 1.4142135623730951
33, 77, 639, 229, 639, 227, 0, 2, 1.5707963267948966, 2.0
33, 78, 515, 227, 516, 230, -1, -3, -1.892546881191539, 3.1622776601683795
33, 79, 888, 481, 893, 479, -5, 2, 2.761086276477428, 5.385164807134504
33, 80, 309, 338, 309, 339, 0, -1, -1.5707963267948966, 1.0
33, 81, 683, 180, 683, 180, 0, 0, 0.0, 0.0
33, 82, 550, 110, 550, 111, 0, -1, -1.5707963267948966, 1.0
33, 83, 676, 192, 676, 192, 0, 0, 0.0, 0.0
33, 84, 249, 418, 249, 418, 0, 0, 0.0, 0.0
33, 85, 152, 434, 155, 432, -3, 2, 2.5535900500422257, 3.605551275463989
33, 86, 802, 320, 802, 322, 0, -2, -1.5707963267948966, 2.0
33, 87, 1152, 216, 1151, 214, 1, 2, 1.1071487177940904, 2.23606797749979
33, 88, 330, 379, 330, 379, 0, 0, 0.0, 0.0
33, 89, 616, 196, 617, 193, -1, 3, 1.892546881191539, 3.1622776601683795
33, 90, 404, 292, 404, 289, 0, 3, 1.5707963267948966, 3.0
33, 91, 874, 564, 878, 564, -4, 0, 3.141592653589793, 4.0
33, 92, 937, 114, 937, 114, 0, 0, 0.0, 0.0
33, 93, 1044, 290, 1042, 286, 2, 4, 1.1071487177940904, 4.47213595499958
33, 94, 332, 420, 332, 420, 0, 0, 0.0, 0.0
33, 95, 619, 66, 619, 66, 0, 0, 0.0, 0.0
33, 96, 390, 273, 390, 272, 0, 1, 1.5707963267948966, 1.0
33, 97, 849, 27, 850, 27, -1, 0, 3.141592653589793, 1.0
33, 98, 1149, 71, 1149, 70, 0, 1, 1.5707963267948966, 1.0
33, 99, 289, 375, 289, 375, 0, 0, 0.0, 0.0
33, 100, 278, 348, 278, 348, 0, 0, 0.0, 0.0
33, 101, 290, 24, 289, 25, 1, -1, -0.7853981633974483, 1.4142135623730951
33, 102, 624, 106, 624, 108, 0, -2, -1.5707963267948966, 2.0
33, 103, 87, 156, 87, 157, 0, -1, -1.5707963267948966, 1.0
33, 104, 518, 318, 519, 321, -1, -3, -1.892546881191539, 3.1622776601683795
33, 105, 786, 579, 788, 583, -2, -4, -2.0344439357957027, 4.47213595499958
33, 106, 747, 126, 747, 125, 0, 1, 1.5707963267948966, 1.0
33, 107, 578, 117, 579, 117, -1, 0, 3.141592653589793, 1.0
33, 108, 1189, 130, 1189, 128, 0, 2, 1.5707963267948966, 2.0
33, 109, 81, 143, 81, 143, 0, 0, 0.0, 0.0
33, 110, 282, 323, 282, 323, 0, 0, 0.0, 0.0
33, 111, 472, 327, 473, 331, -1, -4, -1.8157749899217608, 4.123105625617661
33, 112, 637, 99, 637, 99, 0, 0, 0.0, 0.0
33, 113, 501, 31, 501, 32, 0, -1, -1.5707963267948966, 1.0
33, 114, 1015, 300, 1014, 297, 1, 3, 1.2490457723982544, 3.1622776601683795
33, 115, 490, 182, 490, 182, 0, 0, 0.0, 0.0
33, 116, 1196, 427, 1198, 430, -2, -3, -2.158798930342464, 3.605551275463989
33, 117, 78, 156, 78, 157, 0, -1, -1.5707963267948966, 1.0
33, 118, 933, 107, 933, 107, 0, 0, 0.0, 0.0
33, 119, 925, 108, 925, 108, 0, 0, 0.0, 0.0
33, 120, 918, 19, 919, 19, -1, 0, 3.141592653589793, 1.0
33, 121, 290, 393, 290, 393, 0, 0, 0.0, 0.0
33, 122, 1064, 81, 1064, 81, 0, 0, 0.0, 0.0
33, 123, 297, 44, 297, 46, 0, -2, -1.5707963267948966, 2.0
33, 124, 271, 362, 271, 362, 0, 0, 0.0, 0.0
33, 125, 160, 366, 160, 362, 0, 4, 1.5707963267948966, 4.0
33, 126, 265, 420, 265, 420, 0, 0, 0.0, 0.0
33, 127, 785, 270, 785, 272, 0, -2, -1.5707963267948966, 2.0
33, 128, 262, 336, 262, 337, 0, -1, -1.5707963267948966, 1.0
33, 129, 302, 398, 302, 398, 0, 0, 0.0, 0.0
33, 130, 1261, 150, 1261, 148, 0, 2, 1.5707963267948966, 2.0
33, 131, 1189, 95, 1189, 92, 0, 3, 1.5707963267948966, 3.0
33, 132, 1035, 290, 1033, 287, 2, 3, 0.982793723247329, 3.605551275463989
33, 133, 273, 354, 273, 354, 0, 0, 0.0, 0.0
33, 134, 1170, 234, 1170, 234, 0, 0, 0.0, 0.0
33, 135, 945, 35, 946, 35, -1, 0, 3.141592653589793, 1.0
33, 136, 851, 73, 852, 73, -1, 0, 3.141592653589793, 1.0
33, 137, 1094, 87, 1094, 87, 0, 0, 0.0, 0.0
33, 138, 860, 28, 861, 28, -1, 0, 3.141592653589793, 1.0
33, 139, 1228, 388, 1230, 393, -2, -5, -1.9513027039072615, 5.385164807134504
33, 140, 1029, 294, 1027, 291, 2, 3, 0.982793723247329, 3.605551275463989
33, 141, 1082, 61, 1081, 61, 1, 0, 0.0, 1.0
33, 142, 1149, 187, 1148, 186, 1, 1, 0.7853981633974483, 1.4142135623730951
33, 143, 1190, 152, 1188, 151, 2, 1, 0.4636476090008061, 2.23606797749979
33, 144, 1190, 190, 1189, 188, 1, 2, 1.1071487177940904, 2.23606797749979
33, 145, 287, 340, 287, 340, 0, 0, 0.0, 0.0
33, 146, 224, 34, 221, 37, 3, -3, -0.7853981633974483, 4.242640687119285
33, 147, 1042, 319, 1040, 316, 2, 3, 0.982793723247329, 3.605551275463989
33, 148, 1062, 415, 1061, 411, 1, 4, 1.3258176636680326, 4.123105625617661
33, 149, 1007, 329, 1006, 327, 1, 2, 1.1071487177940904, 2.23606797749979
33, 150, 285, 368, 285, 368, 0, 0, 0.0, 0.0
33, 151, 1026, 492, 1026, 493, 0, -1, -1.5707963267948966, 1.0
33, 152, 812, 118, 813, 121, -1, -3, -1.892546881191539, 3.1622776601683795
33, 153, 1228, 187, 1226, 184, 2, 3, 0.982793723247329, 3.605551275463989
33, 154, 542, 44, 542, 45, 0, -1, -1.5707963267948966, 1.0
33, 155, 192, 465, 194, 464, -2, 1, 2.677945044588987, 2.23606797749979
33, 156, 840, 54, 841, 54, -1, 0, 3.141592653589793, 1.0
33, 157, 872, 481, 877, 480, -5, 1, 2.9441970937399127, 5.0990195135927845
33, 158, 497, 144, 497, 147, 0, -3, -1.5707963267948966, 3.0
33, 159, 500, 151, 500, 154, 0, -3, -1.5707963267948966, 3.0
33, 160, 529, 244, 530, 247, -1, -3, -1.892546881191539, 3.1622776601683795
33, 161, 618, 61, 619, 60, -1, 1, 2.356194490192345, 1.4142135623730951
33, 162, 260, 395, 260, 396, 0, -1, -1.5707963267948966, 1.0
33, 163, 1035, 478, 1034, 474, 1, 4, 1.3258176636680326, 4.123105625617661
33, 164, 799, 107, 799, 109, 0, -2, -1.5707963267948966, 2.0
33, 165, 1217, 177, 1215, 175, 2, 2, 0.7853981633974483, 2.8284271247461903
33, 166, 630, 246, 631, 246, -1, 0, 3.141592653589793, 1.0
33, 167, 409, 302, 409, 301, 0, 1, 1.5707963267948966, 1.0
33, 168, 494, 368, 494, 373, 0, -5, -1.5707963267948966, 5.0
33, 169, 1186, 464, 1187, 464, -1, 0, 3.141592653589793, 1.0
34, 0, 254, 354, 254, 355, 0, -1, -1.5707963267948966, 1.0
34, 1, 120, 609, 119, 608, 1, 1, 0.7853981633974483, 1.4142135623730951
34, 2, 478, 340, 479, 344, -1, -4, -1.8157749899217608, 4.123105625617661
34, 3, 1208, 375, 1210, 380, -2, -5, -1.9513027039072615, 5.385164807134504
34, 4, 945, 28, 946, 28, -1, 0, 3.141592653589793, 1.0
34, 5, 490, 118, 490, 121, 0, -3, -1.5707963267948966, 3.0
34, 6, 1213, 388, 1215, 393, -2, -5, -1.9513027039072615, 5.385164807134504
34, 7, 808, 48, 808, 49, 0, -1, -1.5707963267948966, 1.0
34, 8, 285, 350, 285, 351, 0, -1, -1.5707963267948966, 1.0
34, 9, 157, 378, 157, 375, 0, 3, 1.5707963267948966, 3.0
34, 10, 796, 325, 796, 327, 0, -2, -1.5707963267948966, 2.0
34, 11, 750, 62, 750, 60, 0, 2, 1.5707963267948966, 2.0
34, 12, 304, 376, 305, 376, -1, 0, 3.141592653589793, 1.0
34, 13, 1074, 64, 1073, 64, 1, 0, 0.0, 1.0
34, 14, 479, 115, 478, 118, 1, -3, -1.2490457723982544, 3.1622776601683795
34, 15, 860, 521, 864, 519, -4, 2, 2.677945044588987, 4.47213595499958
34, 16, 1090, 75, 1089, 74, 1, 1, 0.7853981633974483, 1.4142135623730951
34, 17, 333, 370, 333, 370, 0, 0, 0.0, 0.0
34, 18, 483, 106, 482, 109, 1, -3, -1.2490457723982544, 3.1622776601683795
34, 19, 464, 344, 465, 347, -1, -3, -1.892546881191539, 3.1622776601683795
34, 20, 484, 196, 485, 199, -1, -3, -1.892546881191539, 3.1622776601683795
34, 21, 534, 78, 534, 78, 0, 0, 0.0, 0.0
34, 22, 395, 228, 395, 227, 0, 1, 1.5707963267948966, 1.0
34, 23, 1162, 182, 1160, 181, 2, 1, 0.4636476090008061, 2.23606797749979
34, 24, 1153, 32, 1153, 31, 0, 1, 1.5707963267948966, 1.0
34, 25, 259, 346, 259, 347, 0, -1, -1.5707963267948966, 1.0
34, 26, 318, 404, 319, 404, -1, 0, 3.141592653589793, 1.0
34, 27, 277, 328, 277, 328, 0, 0, 0.0, 0.0
34, 28, 1024, 350, 1022, 348, 2, 2, 0.7853981633974483, 2.8284271247461903
34, 29, 742, 67, 742, 65, 0, 2, 1.5707963267948966, 2.0
34, 30, 850, 37, 851, 37, -1, 0, 3.141592653589793, 1.0
34, 31, 898, 528, 903, 527, -5, 1, 2.9441970937399127, 5.0990195135927845
34, 32, 1261, 118, 1265, 117, -4, 1, 2.896613990462929, 4.123105625617661
34, 33, 632, 245, 632, 245, 0, 0, 0.0, 0.0
34, 34, 151, 439, 154, 437, -3, 2, 2.5535900500422257, 3.605551275463989
34, 35, 508, 269, 509, 271, -1, -2, -2.0344439357957027, 2.23606797749979
34, 36, 277, 337, 277, 337, 0, 0, 0.0, 0.0
34, 37, 515, 230, 516, 232, -1, -2, -2.0344439357957027, 2.23606797749979
34, 38, 637, 40, 636, 42, 1, -2, -1.1071487177940904, 2.23606797749979
34, 39, 572, 40, 571, 40, 1, 0, 0.0, 1.0
34, 40, 682, 105, 683, 103, -1, 2, 2.0344439357957027, 2.23606797749979
34, 41, 326, 354, 326, 354, 0, 0, 0.0, 0.0
34, 42, 688, 120, 689, 117, -1, 3, 1.892546881191539, 3.1622776601683795
34, 43, 1231, 416, 1234, 420, -3, -4, -2.214297435588181, 5.0
34, 44, 269, 15, 269, 17, 0, -2, -1.5707963267948966, 2.0
34, 45, 671, 169, 671, 166, 0, 3, 1.5707963267948966, 3.0
34, 46, 633, 30, 633, 32, 0, -2, -1.5707963267948966, 2.0
34, 47, 1010, 370, 1009, 370, 1, 0, 0.0, 1.0
34, 48, 776, 580, 778, 584, -2, -4, -2.0344439357957027, 4.47213595499958
34, 49, 304, 357, 304, 357, 0, 0, 0.0, 0.0
34, 50, 389, 172, 389, 169, 0, 3, 1.5707963267948966, 3.0
34, 51, 888, 490, 892, 488, -4, 2, 2.677945044588987, 4.47213595499958
34, 52, 422, 269, 423, 267, -1, 2, 2.0344439357957027, 2.23606797749979
34, 53, 628, 157, 629, 156, -1, 1, 2.356194490192345, 1.4142135623730951
34, 54, 1013, 436, 1012, 431, 1, 5, 1.373400766945016, 5.0990195135927845
34, 55, 637, 99, 637, 99, 0, 0, 0.0, 0.0
34, 56, 167, 441, 167, 438, 0, 3, 1.5707963267948966, 3.0
34, 57, 946, 36, 947, 36, -1, 0, 3.141592653589793, 1.0
34, 58, 740, 559, 743, 560, -3, -1, -2.819842099193151, 3.1622776601683795
34, 59, 1078, 87, 1078, 87, 0, 0, 0.0, 0.0
34, 60, 775, 523, 776, 527, -1, -4, -1.8157749899217608, 4.123105625617661
34, 61, 1048, 305, 1045, 302, 3, 3, 0.7853981633974483, 4.242640687119285
34, 62, 63, 85, 63, 85, 0, 0, 0.0, 0.0
34, 63, 585, 122, 585, 122, 0, 0, 0.0, 0.0
34, 64, 390, 273, 390, 271, 0, 2, 1.5707963267948966, 2.0
34, 65, 1204, 451, 1206, 451, -2, 0, 3.141592653589793, 2.0
34, 66, 1149, 71, 1149, 70, 0, 1, 1.5707963267948966, 1.0
34, 67, 285, 54, 285, 55, 0, -1, -1.5707963267948966, 1.0
34, 68, 1030, 403, 1030, 401, 0, 2, 1.5707963267948966, 2.0
34, 69, 290, 23, 289, 25, 1, -2, -1.1071487177940904, 2.23606797749979
34, 70, 840, 54, 841, 54, -1, 0, 3.141592653589793, 1.0
34, 71, 309, 339, 309, 339, 0, 0, 0.0, 0.0
34, 72, 536, 266, 537, 269, -1, -3, -1.892546881191539, 3.1622776601683795
34, 73, 622, 72, 621, 72, 1, 0, 0.0, 1.0
34, 74, 747, 125, 747, 124, 0, 1, 1.5707963267948966, 1.0
34, 75, 1196, 422, 1198, 425, -2, -3, -2.158798930342464, 3.605551275463989
34, 76, 1076, 30, 1075, 30, 1, 0, 0.0, 1.0
34, 77, 1219, 25, 1220, 25, -1, 0, 3.141592653589793, 1.0
34, 78, 193, 418, 193, 416, 0, 2, 1.5707963267948966, 2.0
34, 79, 936, 114, 937, 114, -1, 0, 3.141592653589793, 1.0
34, 80, 329, 379, 330, 379, -1, 0, 3.141592653589793, 1.0
34, 81, 282, 393, 282, 393, 0, 0, 0.0, 0.0
34, 82, 1218, 440, 1222, 444, -4, -4, -2.356194490192345, 5.656854249492381
34, 83, 249, 417, 249, 418, 0, -1, -1.5707963267948966, 1.0
34, 84, 81, 143, 81, 143, 0, 0, 0.0, 0.0
34, 85, 1107, 19, 1107, 19, 0, 0, 0.0, 0.0
34, 86, 885, 482, 890, 480, -5, 2, 2.761086276477428, 5.385164807134504
34, 87, 331, 420, 332, 420, -1, 0, 3.141592653589793, 1.0
35, 0, 254, 353, 254, 354, 0, -1, -1.5707963267948966, 1.0
35, 1, 121, 611, 120, 609, 1, 2, 1.1071487177940904, 2.23606797749979
35, 2, 477, 336, 478, 340, -1, -4, -1.8157749899217608, 4.123105625617661
35, 3, 1206, 370, 1208, 375, -2, -5, -1.9513027039072615, 5.385164807134504
35, 4, 944, 28, 945, 28, -1, 0, 3.141592653589793, 1.0
35, 5, 490, 114, 490, 118, 0, -4, -1.5707963267948966, 4.0
35, 6, 1211, 383, 1213, 388, -2, -5, -1.9513027039072615, 5.385164807134504
35, 7, 808, 47, 808, 48, 0, -1, -1.5707963267948966, 1.0
35, 8, 285, 349, 285, 350, 0, -1, -1.5707963267948966, 1.0
35, 9, 157, 381, 157, 378, 0, 3, 1.5707963267948966, 3.0
35, 10, 796, 323, 796, 325, 0, -2, -1.5707963267948966, 2.0
35, 11, 750, 64, 750, 62, 0, 2, 1.5707963267948966, 2.0
35, 12, 304, 376, 304, 376, 0, 0, 0.0, 0.0
35, 13, 1075, 64, 1074, 64, 1, 0, 0.0, 1.0
35, 14, 480, 111, 479, 115, 1, -4, -1.3258176636680326, 4.123105625617661
35, 15, 856, 523, 860, 521, -4, 2, 2.677945044588987, 4.47213595499958
35, 16, 1091, 76, 1090, 75, 1, 1, 0.7853981633974483, 1.4142135623730951
35, 17, 333, 370, 333, 370, 0, 0, 0.0, 0.0
35, 18, 484, 103, 483, 106, 1, -3, -1.2490457723982544, 3.1622776601683795
35, 19, 463, 340, 464, 344, -1, -4, -1.8157749899217608, 4.123105625617661
35, 20, 483, 194, 484, 196, -1, -2, -2.0344439357957027, 2.23606797749979
35, 21, 534, 78, 534, 78, 0, 0, 0.0, 0.0
35, 22, 395, 230, 395, 228, 0, 2, 1.5707963267948966, 2.0
35, 23, 1164, 183, 1162, 182, 2, 1, 0.4636476090008061, 2.23606797749979
35, 24, 1153, 33, 1153, 32, 0, 1, 1.5707963267948966, 1.0
35, 25, 259, 345, 259, 346, 0, -1, -1.5707963267948966, 1.0
35, 26, 317, 404, 318, 404, -1, 0, 3.141592653589793, 1.0
35, 27, 277, 328, 277, 328, 0, 0, 0.0, 0.0
35, 28, 1027, 351, 1024, 350, 3, 1, 0.3217505543966422, 3.1622776601683795
35, 29, 742, 69, 742, 67, 0, 2, 1.5707963267948966, 2.0
35, 30, 849, 37, 850, 37, -1, 0, 3.141592653589793, 1.0
35, 31, 894, 528, 898, 528, -4, 0, 3.141592653589793, 4.0
35, 32, 1260, 119, 1261, 118, -1, 1, 2.356194490192345, 1.4142135623730951
35, 33, 631, 245, 632, 245, -1, 0, 3.141592653589793, 1.0
35, 34, 149, 441, 151, 439, -2, 2, 2.356194490192345, 2.8284271247461903
35, 35, 508, 267, 508, 269, 0, -2, -1.5707963267948966, 2.0
35, 36, 277, 337, 277, 337, 0, 0, 0.0, 0.0
35, 37, 514, 228, 515, 230, -1, -2, -2.0344439357957027, 2.23606797749979
35, 38, 638, 38, 637, 40, 1, -2, -1.1071487177940904, 2.23606797749979
35, 39, 573, 40, 572, 40, 1, 0, 0.0, 1.0
35, 40, 681, 106, 682, 105, -1, 1, 2.356194490192345, 1.4142135623730951
35, 41, 326, 354, 326, 354, 0, 0, 0.0, 0.0
35, 42, 687, 121, 688, 120, -1, 1, 2.356194490192345, 1.4142135623730951
35, 43, 1228, 412, 1231, 416, -3, -4, -2.214297435588181, 5.0
35, 44, 269, 13, 269, 15, 0, -2, -1.5707963267948966, 2.0
35, 45, 671, 171, 671, 169, 0, 2, 1.5707963267948966, 2.0
35, 46, 634, 28, 633, 30, 1, -2, -1.1071487177940904, 2.23606797749979
35, 47, 1011, 371, 1010, 370, 1, 1, 0.7853981633974483, 1.4142135623730951
35, 48, 775, 576, 776, 580, -1, -4, -1.8157749899217608, 4.123105625617661
35, 49, 304, 357, 304, 357, 0, 0, 0.0, 0.0
35, 50, 389, 174, 389, 172, 0, 2, 1.5707963267948966, 2.0
35, 51, 884, 492, 888, 490, -4, 2, 2.677945044588987, 4.47213595499958
35, 52, 421, 270, 422, 269, -1, 1, 2.356194490192345, 1.4142135623730951
35, 53, 627, 158, 628, 157, -1, 1, 2.356194490192345, 1.4142135623730951
35, 54, 1015, 441, 1013, 436, 2, 5, 1.1902899496825317, 5.385164807134504
35, 55, 637, 98, 637, 99, 0, -1, -1.5707963267948966, 1.0
35, 56, 167, 444, 167, 441, 0, 3, 1.5707963267948966, 3.0
35, 57, 945, 36, 946, 36, -1, 0, 3.141592653589793, 1.0
35, 58, 737, 558, 740, 559, -3, -1, -2.819842099193151, 3.1622776601683795
35, 59, 1078, 87, 1078, 87, 0, 0, 0.0, 0.0
35, 60, 774, 519, 775, 523, -1, -4, -1.8157749899217608, 4.123105625617661
35, 61, 1051, 308, 1048, 305, 3, 3, 0.7853981633974483, 4.242640687119285
35, 62, 63, 85, 63, 85, 0, 0, 0.0, 0.0
35, 63, 585, 122, 585, 122, 0, 0, 0.0, 0.0
35, 64, 390, 275, 390, 273, 0, 2, 1.5707963267948966, 2.0
35, 65, 1202, 453, 1204, 451, -2, 2, 2.356194490192345, 2.8284271247461903
35, 66, 1150, 72, 1149, 71, 1, 1, 0.7853981633974483, 1.4142135623730951
35, 67, 285, 53, 285, 54, 0, -1, -1.5707963267948966, 1.0
35, 68, 1031, 404, 1030, 403, 1, 1, 0.7853981633974483, 1.4142135623730951
35, 69, 291, 21, 290, 23, 1, -2, -1.1071487177940904, 2.23606797749979
35, 70, 839, 54, 840, 54, -1, 0, 3.141592653589793, 1.0
35, 71, 309, 339, 309, 339, 0, 0, 0.0, 0.0
35, 72, 535, 263, 536, 266, -1, -3, -1.892546881191539, 3.1622776601683795
35, 73, 622, 72, 622, 72, 0, 0, 0.0, 0.0
35, 74, 747, 127, 747, 125, 0, 2, 1.5707963267948966, 2.0
35, 75, 1194, 419, 1196, 422, -2, -3, -2.158798930342464, 3.605551275463989
35, 76, 1077, 30, 1076, 30, 1, 0, 0.0, 1.0
35, 77, 1218, 25, 1219, 25, -1, 0, 3.141592653589793, 1.0
35, 78, 192, 421, 193, 418, -1, 3, 1.892546881191539, 3.1622776601683795
35, 79, 935, 114, 936, 114, -1, 0, 3.141592653589793, 1.0
35, 80, 328, 379, 329, 379, -1, 0, 3.141592653589793, 1.0
35, 81, 282, 393, 282, 393, 0, 0, 0.0, 0.0
35, 82, 1215, 436, 1218, 440, -3, -4, -2.214297435588181, 5.0
35, 83, 249, 417, 249, 417, 0, 0, 0.0, 0.0
35, 84, 81, 143, 81, 143, 0, 0, 0.0, 0.0
35, 85, 1107, 19, 1107, 19, 0, 0, 0.0, 0.0
35, 86, 880, 484, 885, 482, -5, 2, 2.761086276477428, 5.385164807134504
35, 87, 330, 420, 331, 420, -1, 0, 3.141592653589793, 1.0
36, 0, 254, 354, 254, 355, 0, -1, -1.5707963267948966, 1.0
36, 1, 822, 78, 823, 80, -1, -2, -2.0344439357957027, 2.23606797749979
36, 2, 1211, 384, 1213, 388, -2, -4, -2.0344439357957027, 4.47213595499958
36, 3, 1207, 370, 1209, 375, -2, -5, -1.9513027039072615, 5.385164807134504
36, 4, 794, 325, 795, 327, -1, -2, -2.0344439357957027, 2.23606797749979
36, 5, 815, 55, 815, 57, 0, -2, -1.5707963267948966, 2.0
36, 6, 478, 337, 479, 341, -1, -4, -1.8157749899217608, 4.123105625617661
36, 7, 156, 384, 156, 381, 0, 3, 1.5707963267948966, 3.0
36, 8, 749, 65, 750, 63, -1, 2, 2.0344439357957027, 2.23606797749979
36, 9, 633, 28, 633, 30, 0, -2, -1.5707963267948966, 2.0
36, 10, 944, 28, 945, 28, -1, 0, 3.141592653589793, 1.0
36, 11, 491, 114, 491, 118, 0, -4, -1.5707963267948966, 4.0
36, 12, 734, 556, 737, 557, -3, -1, -2.819842099193151, 3.1622776601683795
36, 13, 808, 47, 808, 48, 0, -1, -1.5707963267948966, 1.0
36, 14, 1194, 415, 1197, 418, -3, -3, -2.356194490192345, 4.242640687119285
36, 15, 123, 611, 121, 610, 2, 1, 0.4636476090008061, 2.23606797749979
36, 16, 480, 115, 480, 119, 0, -4, -1.5707963267948966, 4.0
36, 17, 286, 350, 286, 351, 0, -1, -1.5707963267948966, 1.0
36, 18, 333, 370, 333, 370, 0, 0, 0.0, 0.0
36, 19, 305, 376, 305, 376, 0, 0, 0.0, 0.0
36, 20, 1073, 62, 1072, 62, 1, 0, 0.0, 1.0
36, 21, 260, 345, 259, 346, 1, -1, -0.7853981633974483, 1.4142135623730951
36, 22, 742, 70, 742, 68, 0, 2, 1.5707963267948966, 2.0
36, 23, 151, 445, 153, 443, -2, 2, 2.356194490192345, 2.8284271247461903
36, 24, 534, 79, 534, 79, 0, 0, 0.0, 0.0
36, 25, 857, 525, 861, 523, -4, 2, 2.677945044588987, 4.47213595499958
36, 26, 1030, 402, 1030, 402, 0, 0, 0.0, 0.0
36, 27, 1164, 183, 1162, 182, 2, 1, 0.4636476090008061, 2.23606797749979
36, 28, 277, 329, 278, 329, -1, 0, 3.141592653589793, 1.0
36, 29, 464, 340, 465, 344, -1, -4, -1.8157749899217608, 4.123105625617661
36, 30, 1215, 435, 1218, 439, -3, -4, -2.214297435588181, 5.0
36, 31, 167, 444, 167, 441, 0, 3, 1.5707963267948966, 3.0
36, 32, 670, 170, 671, 169, -1, 1, 2.356194490192345, 1.4142135623730951
36, 33, 397, 231, 397, 229, 0, 2, 1.5707963267948966, 2.0
36, 34, 1261, 119, 1266, 118, -5, 1, 2.9441970937399127, 5.0990195135927845
36, 35, 280, 338, 280, 338, 0, 0, 0.0, 0.0
36, 36, 514, 227, 515, 230, -1, -3, -1.892546881191539, 3.1622776601683795
36, 37, 1154, 33, 1154, 32, 0, 1, 1.5707963267948966, 1.0
36, 38, 782, 558, 784, 562, -2, -4, -2.0344439357957027, 4.47213595499958
36, 39, 318, 404, 319, 404, -1, 0, 3.141592653589793, 1.0
36, 40, 638, 38, 637, 40, 1, -2, -1.1071487177940904, 2.23606797749979
36, 41, 631, 245, 632, 245, -1, 0, 3.141592653589793, 1.0
36, 42, 508, 267, 509, 269, -1, -2, -2.0344439357957027, 2.23606797749979
36, 43, 573, 40, 573, 40, 0, 0, 0.0, 0.0
36, 44, 1012, 376, 1009, 372, 3, 4, 0.9272952180016122, 5.0
36, 45, 390, 173, 390, 171, 0, 2, 1.5707963267948966, 2.0
36, 46, 1228, 411, 1231, 416, -3, -5, -2.1112158270654806, 5.830951894845301
36, 47, 483, 102, 483, 106, 0, -4, -1.5707963267948966, 4.0
36, 48, 629, 159, 629, 158, 0, 1, 1.5707963267948966, 1.0
36, 49, 581, 47, 581, 47, 0, 0, 0.0, 0.0
36, 50, 255, 400, 255, 401, 0, -1, -1.5707963267948966, 1.0
36, 51, 1016, 443, 1014, 438, 2, 5, 1.1902899496825317, 5.385164807134504
36, 52, 543, 38, 543, 39, 0, -1, -1.5707963267948966, 1.0
36, 53, 258, 390, 258, 391, 0, -1, -1.5707963267948966, 1.0
36, 54, 293, 21, 291, 24, 2, -3, -0.982793723247329, 3.605551275463989
36, 55, 688, 120, 689, 119, -1, 1, 2.356194490192345, 1.4142135623730951
36, 56, 483, 445, 483, 447, 0, -2, -1.5707963267948966, 2.0
36, 57, 840, 53, 840, 54, 0, -1, -1.5707963267948966, 1.0
36, 58, 536, 265, 537, 267, -1, -2, -2.0344439357957027, 2.23606797749979
36, 59, 875, 62, 875, 63, 0, -1, -1.5707963267948966, 1.0
36, 60, 326, 354, 327, 354, -1, 0, 3.141592653589793, 1.0
36, 61, 637, 98, 637, 99, 0, -1, -1.5707963267948966, 1.0
36, 62, 808, 55, 808, 57, 0, -2, -1.5707963267948966, 2.0
36, 63, 757, 581, 758, 584, -1, -3, -1.892546881191539, 3.1622776601683795
36, 64, 774, 516, 775, 520, -1, -4, -1.8157749899217608, 4.123105625617661
36, 65, 682, 107, 683, 106, -1, 1, 2.356194490192345, 1.4142135623730951
36, 66, 1051, 309, 1048, 306, 3, 3, 0.7853981633974483, 4.242640687119285
36, 67, 584, 120, 584, 121, 0, -1, -1.5707963267948966, 1.0
36, 68, 1107, 20, 1107, 20, 0, 0, 0.0, 0.0
36, 69, 1078, 88, 1078, 88, 0, 0, 0.0, 0.0
36, 70, 918, 20, 919, 20, -1, 0, 3.141592653589793, 1.0
36, 71, 1078, 31, 1077, 31, 1, 0, 0.0, 1.0
36, 72, 621, 71, 622, 71, -1, 0, 3.141592653589793, 1.0
36, 73, 237, 50, 233, 51, 4, -1, -0.24497866312686414, 4.123105625617661
36, 74, 895, 530, 899, 529, -4, 1, 2.896613990462929, 4.123105625617661
36, 75, 882, 485, 886, 482, -4, 3, 2.498091544796509, 5.0
36, 76, 1191, 134, 1190, 132, 1, 2, 1.1071487177940904, 2.23606797749979
36, 77, 62, 85, 63, 85, -1, 0, 3.141592653589793, 1.0
36, 78, 419, 275, 420, 274, -1, 1, 2.356194490192345, 1.4142135623730951
36, 79, 1061, 445, 1059, 446, 2, -1, -0.4636476090008061, 2.23606797749979
36, 80, 482, 193, 484, 197, -2, -4, -2.0344439357957027, 4.47213595499958
36, 81, 772, 319, 772, 321, 0, -2, -1.5707963267948966, 2.0
36, 82, 329, 379, 330, 379, -1, 0, 3.141592653589793, 1.0
36, 83, 945, 37, 946, 37, -1, 0, 3.141592653589793, 1.0
36, 84, 391, 276, 391, 274, 0, 2, 1.5707963267948966, 2.0
36, 85, 1220, 25, 1221, 25, -1, 0, 3.141592653589793, 1.0
36, 86, 15, 111, 13, 110, 2, 1, 0.4636476090008061, 2.23606797749979
36, 87, 1049, 329, 1046, 326, 3, 3, 0.7853981633974483, 4.242640687119285
36, 88, 771, 299, 770, 304, 1, -5, -1.373400766945016, 5.0990195135927845
36, 89, 884, 493, 888, 491, -4, 2, 2.677945044588987, 4.47213595499958
36, 90, 937, 114, 937, 114, 0, 0, 0.0, 0.0
36, 91, 87, 157, 87, 157, 0, 0, 0.0, 0.0
36, 92, 249, 418, 249, 418, 0, 0, 0.0, 0.0
36, 93, 1151, 202, 1150, 202, 1, 0, 0.0, 1.0
36, 94, 411, 233, 411, 231, 0, 2, 1.5707963267948966, 2.0
36, 95, 305, 357, 305, 357, 0, 0, 0.0, 0.0
36, 96, 331, 420, 332, 420, -1, 0, 3.141592653589793, 1.0
36, 97, 283, 393, 283, 394, 0, -1, -1.5707963267948966, 1.0
37, 0, 255, 353, 254, 354, 1, -1, -0.7853981633974483, 1.4142135623730951
37, 1, 821, 75, 822, 78, -1, -3, -1.892546881191539, 3.1622776601683795
37, 2, 1208, 380, 1211, 384, -3, -4, -2.214297435588181, 5.0
37, 3, 1204, 366, 1207, 370, -3, -4, -2.214297435588181, 5.0
37, 4, 793, 321, 794, 325, -1, -4, -1.8157749899217608, 4.123105625617661
37, 5, 815, 51, 815, 55, 0, -4, -1.5707963267948966, 4.0
37, 6, 477, 333, 478, 337, -1, -4, -1.8157749899217608, 4.123105625617661
37, 7, 157, 386, 156, 384, 1, 2, 1.1071487177940904, 2.23606797749979
37, 8, 748, 69, 749, 65, -1, 4, 1.8157749899217608, 4.123105625617661
37, 9, 634, 26, 633, 28, 1, -2, -1.1071487177940904, 2.23606797749979
37, 10, 941, 29, 944, 28, -3, 1, 2.819842099193151, 3.1622776601683795
37, 11, 491, 109, 491, 114, 0, -5, -1.5707963267948966, 5.0
37, 12, 731, 554, 734, 556, -3, -2, -2.5535900500422257, 3.605551275463989
37, 13, 808, 43, 808, 47, 0, -4, -1.5707963267948966, 4.0
37, 14, 1191, 414, 1194, 415, -3, -1, -2.819842099193151, 3.1622776601683795
37, 15, 126, 614, 123, 611, 3, 3, 0.7853981633974483, 4.242640687119285
37, 16, 480, 111, 480, 115, 0, -4, -1.5707963267948966, 4.0
37, 17, 286, 349, 286, 350, 0, -1, -1.5707963267948966, 1.0
37, 18, 333, 370, 333, 370, 0, 0, 0.0, 0.0
37, 19, 305, 376, 305, 376, 0, 0, 0.0, 0.0
37, 20, 1075, 63, 1073, 62, 2, 1, 0.4636476090008061, 2.23606797749979
37, 21, 262, 344, 260, 345, 2, -1, -0.4636476090008061, 2.23606797749979
37, 22, 741, 74, 742, 70, -1, 4, 1.8157749899217608, 4.123105625617661
37, 23, 149, 447, 151, 445, -2, 2, 2.356194490192345, 2.8284271247461903
37, 24, 535, 79, 534, 79, 1, 0, 0.0, 1.0
37, 25, 854, 525, 857, 525, -3, 0, 3.141592653589793, 3.0
37, 26, 1029, 402, 1030, 402, -1, 0, 3.141592653589793, 1.0
37, 27, 1166, 186, 1164, 183, 2, 3, 0.982793723247329, 3.605551275463989
37, 28, 276, 329, 277, 329, -1, 0, 3.141592653589793, 1.0
37, 29, 463, 337, 464, 340, -1, -3, -1.892546881191539, 3.1622776601683795
37, 30, 1211, 431, 1215, 435, -4, -4, -2.356194490192345, 5.656854249492381
37, 31, 167, 448, 167, 444, 0, 4, 1.5707963267948966, 4.0
37, 32, 670, 172, 670, 170, 0, 2, 1.5707963267948966, 2.0
37, 33, 396, 235, 397, 231, -1, 4, 1.8157749899217608, 4.123105625617661
37, 34, 1259, 122, 1261, 119, -2, 3, 2.158798930342464, 3.605551275463989
37, 35, 279, 338, 280, 338, -1, 0, 3.141592653589793, 1.0
37, 36, 511, 223, 514, 227, -3, -4, -2.214297435588181, 5.0
37, 37, 1154, 37, 1154, 33, 0, 4, 1.5707963267948966, 4.0
37, 38, 779, 554, 782, 558, -3, -4, -2.214297435588181, 5.0
37, 39, 318, 404, 318, 404, 0, 0, 0.0, 0.0
37, 40, 639, 35, 638, 38, 1, -3, -1.2490457723982544, 3.1622776601683795
37, 41, 630, 246, 631, 245, -1, 1, 2.356194490192345, 1.4142135623730951
37, 42, 507, 263, 508, 267, -1, -4, -1.8157749899217608, 4.123105625617661
37, 43, 575, 40, 573, 40, 2, 0, 0.0, 2.0
37, 44, 1014, 377, 1012, 376, 2, 1, 0.4636476090008061, 2.23606797749979
37, 45, 391, 175, 390, 173, 1, 2, 1.1071487177940904, 2.23606797749979
37, 46, 1224, 407, 1228, 411, -4, -4, -2.356194490192345, 5.656854249492381
37, 47, 483, 97, 483, 102, 0, -5, -1.5707963267948966, 5.0
37, 48, 629, 163, 629, 159, 0, 4, 1.5707963267948966, 4.0
37, 49, 582, 47, 581, 47, 1, 0, 0.0, 1.0
37, 50, 255, 399, 255, 400, 0, -1, -1.5707963267948966, 1.0
37, 51, 1017, 445, 1016, 443, 1, 2, 1.1071487177940904, 2.23606797749979
37, 52, 543, 37, 543, 38, 0, -1, -1.5707963267948966, 1.0
37, 53, 258, 389, 258, 390, 0, -1, -1.5707963267948966, 1.0
37, 54, 296, 18, 293, 21, 3, -3, -0.7853981633974483, 4.242640687119285
37, 55, 688, 122, 688, 120, 0, 2, 1.5707963267948966, 2.0
37, 56, 482, 440, 483, 445, -1, -5, -1.7681918866447774, 5.0990195135927845
37, 57, 534, 261, 536, 265, -2, -4, -2.0344439357957027, 4.47213595499958
37, 58, 875, 61, 875, 62, 0, -1, -1.5707963267948966, 1.0
37, 59, 326, 353, 326, 354, 0, -1, -1.5707963267948966, 1.0
37, 60, 637, 98, 637, 98, 0, 0, 0.0, 0.0
37, 61, 808, 51, 808, 55, 0, -4, -1.5707963267948966, 4.0
37, 62, 754, 577, 757, 581, -3, -4, -2.214297435588181, 5.0
37, 63, 772, 513, 774, 516, -2, -3, -2.158798930342464, 3.605551275463989
37, 64, 681, 110, 682, 107, -1, 3, 1.892546881191539, 3.1622776601683795
37, 65, 1054, 312, 1051, 309, 3, 3, 0.7853981633974483, 4.242640687119285
37, 66, 584, 120, 584, 120, 0, 0, 0.0, 0.0
37, 67, 1108, 22, 1107, 20, 1, 2, 1.1071487177940904, 2.23606797749979
37, 68, 1078, 88, 1078, 88, 0, 0, 0.0, 0.0
37, 69, 915, 21, 918, 20, -3, 1, 2.819842099193151, 3.1622776601683795
37, 70, 1081, 31, 1078, 31, 3, 0, 0.0, 3.0
37, 71, 621, 70, 621, 71, 0, -1, -1.5707963267948966, 1.0
37, 72, 239, 49, 237, 50, 2, -1, -0.4636476090008061, 2.23606797749979
37, 73, 891, 529, 895, 530, -4, -1, -2.896613990462929, 4.123105625617661
37, 74, 877, 488, 882, 485, -5, 3, 2.601173153319209, 5.830951894845301
37, 75, 1191, 137, 1191, 134, 0, 3, 1.5707963267948966, 3.0
37, 76, 62, 85, 62, 85, 0, 0, 0.0, 0.0
37, 77, 418, 277, 419, 275, -1, 2, 2.0344439357957027, 2.23606797749979
37, 78, 1063, 446, 1061, 445, 2, 1, 0.4636476090008061, 2.23606797749979
37, 79, 480, 190, 482, 193, -2, -3, -2.158798930342464, 3.605551275463989
37, 80, 773, 314, 772, 319, 1, -5, -1.373400766945016, 5.0990195135927845
37, 81, 329, 379, 329, 379, 0, 0, 0.0, 0.0
37, 82, 943, 38, 945, 37, -2, 1, 2.677945044588987, 2.23606797749979
37, 83, 392, 280, 391, 276, 1, 4, 1.3258176636680326, 4.123105625617661
37, 84, 1220, 25, 1220, 25, 0, 0, 0.0, 0.0
37, 85, 17, 111, 15, 111, 2, 0, 0.0, 2.0
37, 86, 1051, 330, 1049, 329, 2, 1, 0.4636476090008061, 2.23606797749979
37, 87, 773, 294, 771, 299, 2, -5, -1.1902899496825317, 5.385164807134504
37, 88, 879, 495, 884, 493, -5, 2, 2.761086276477428, 5.385164807134504
37, 89, 937, 114, 937, 114, 0, 0, 0.0, 0.0
37, 90, 87, 157, 87, 157, 0, 0, 0.0, 0.0
37, 91, 249, 418, 249, 418, 0, 0, 0.0, 0.0
37, 92, 1153, 203, 1151, 202, 2, 1, 0.4636476090008061, 2.23606797749979
37, 93, 412, 238, 411, 233, 1, 5, 1.373400766945016, 5.0990195135927845
37, 94, 305, 356, 305, 357, 0, -1, -1.5707963267948966, 1.0
37, 95, 330, 420, 331, 420, -1, 0, 3.141592653589793, 1.0
37, 96, 284, 392, 283, 393, 1, -1, -0.7853981633974483, 1.4142135623730951
38, 0, 255, 353, 255, 354, 0, -1, -1.5707963267948966, 1.0
38, 1, 773, 313, 773, 317, 0, -4, -1.5707963267948966, 4.0
38, 2, 1207, 379, 1209, 383, -2, -4, -2.0344439357957027, 4.47213595499958
38, 3, 1189, 406, 1192, 410, -3, -4, -2.214297435588181, 5.0
38, 4, 1223, 408, 1226, 411, -3, -3, -2.356194490192345, 4.242640687119285
38, 5, 1204, 365, 1207, 369, -3, -4, -2.214297435588181, 5.0
38, 6, 166, 451, 167, 447, -1, 4, 1.8157749899217608, 4.123105625617661
38, 7, 821, 75, 822, 78, -1, -3, -1.892546881191539, 3.1622776601683795
38, 8, 796, 320, 796, 323, 0, -3, -1.5707963267948966, 3.0
38, 9, 815, 52, 815, 55, 0, -3, -1.5707963267948966, 3.0
38, 10, 281, 340, 281, 340, 0, 0, 0.0, 0.0
38, 11, 808, 43, 808, 46, 0, -3, -1.5707963267948966, 3.0
38, 12, 154, 393, 156, 389, -2, 4, 2.0344439357957027, 4.47213595499958
38, 13, 821, 92, 821, 94, 0, -2, -1.5707963267948966, 2.0
38, 14, 745, 69, 746, 67, -1, 2, 2.0344439357957027, 2.23606797749979
38, 15, 794, 62, 795, 64, -1, -2, -2.0344439357957027, 2.23606797749979
38, 16, 477, 331, 478, 335, -1, -4, -1.8157749899217608, 4.123105625617661
38, 17, 128, 611, 127, 608, 1, 3, 1.2490457723982544, 3.1622776601683795
38, 18, 333, 366, 334, 366, -1, 0, 3.141592653589793, 1.0
38, 19, 271, 333, 271, 333, 0, 0, 0.0, 0.0
38, 20, 635, 27, 635, 28, 0, -1, -1.5707963267948966, 1.0
38, 21, 670, 171, 671, 171, -1, 0, 3.141592653589793, 1.0
38, 22, 463, 332, 464, 336, -1, -4, -1.8157749899217608, 4.123105625617661
38, 23, 734, 554, 735, 556, -1, -2, -2.0344439357957027, 2.23606797749979
38, 24, 849, 529, 853, 527, -4, 2, 2.677945044588987, 4.47213595499958
38, 25, 490, 109, 491, 113, -1, -4, -1.8157749899217608, 4.123105625617661
38, 26, 535, 78, 535, 78, 0, 0, 0.0, 0.0
38, 27, 581, 49, 581, 49, 0, 0, 0.0, 0.0
38, 28, 479, 111, 480, 114, -1, -3, -1.892546881191539, 3.1622776601683795
38, 29, 850, 36, 850, 37, 0, -1, -1.5707963267948966, 1.0
38, 30, 390, 174, 391, 174, -1, 0, 3.141592653589793, 1.0
38, 31, 483, 98, 484, 102, -1, -4, -1.8157749899217608, 4.123105625617661
38, 32, 261, 345, 261, 346, 0, -1, -1.5707963267948966, 1.0
38, 33, 773, 297, 773, 300, 0, -3, -1.5707963267948966, 3.0
38, 34, 1191, 144, 1190, 142, 1, 2, 1.1071487177940904, 2.23606797749979
38, 35, 1154, 36, 1154, 35, 0, 1, 1.5707963267948966, 1.0
38, 36, 1030, 402, 1030, 402, 0, 0, 0.0, 0.0
38, 37, 752, 576, 755, 578, -3, -2, -2.5535900500422257, 3.605551275463989
38, 38, 534, 260, 536, 264, -2, -4, -2.0344439357957027, 4.47213595499958
38, 39, 318, 405, 319, 405, -1, 0, 3.141592653589793, 1.0
38, 40, 682, 108, 682, 108, 0, 0, 0.0, 0.0
38, 41, 873, 563, 877, 563, -4, 0, 3.141592653589793, 4.0
38, 42, 634, 34, 634, 36, 0, -2, -1.5707963267948966, 2.0
38, 43, 840, 53, 840, 54, 0, -1, -1.5707963267948966, 1.0
38, 44, 277, 331, 278, 331, -1, 0, 3.141592653589793, 1.0
38, 45, 942, 30, 943, 30, -1, 0, 3.141592653589793, 1.0
38, 46, 808, 51, 808, 54, 0, -3, -1.5707963267948966, 3.0
38, 47, 1165, 187, 1164, 185, 1, 2, 1.1071487177940904, 2.23606797749979
38, 48, 1054, 313, 1052, 310, 2, 3, 0.982793723247329, 3.605551275463989
38, 49, 689, 121, 689, 121, 0, 0, 0.0, 0.0
38, 50, 751, 74, 752, 72, -1, 2, 2.0344439357957027, 2.23606797749979
38, 51, 511, 223, 513, 227, -2, -4, -2.0344439357957027, 4.47213595499958
38, 52, 1261, 123, 1265, 121, -4, 2, 2.677945044588987, 4.47213595499958
38, 53, 304, 376, 305, 376, -1, 0, 3.141592653589793, 1.0
38, 54, 579, 41, 579, 41, 0, 0, 0.0, 0.0
38, 55, 1052, 332, 1050, 330, 2, 2, 0.7853981633974483, 2.8284271247461903
38, 56, 774, 564, 776, 567, -2, -3, -2.158798930342464, 3.605551275463989
38, 57, 641, 250, 642, 248, -1, 2, 2.0344439357957027, 2.23606797749979
38, 58, 876, 489, 880, 487, -4, 2, 2.677945044588987, 4.47213595499958
38, 59, 631, 246, 632, 245, -1, 1, 2.356194490192345, 1.4142135623730951
38, 60, 629, 163, 629, 161, 0, 2, 1.5707963267948966, 2.0
38, 61, 326, 354, 327, 354, -1, 0, 3.141592653589793, 1.0
38, 62, 253, 402, 254, 402, -1, 0, 3.141592653589793, 1.0
38, 63, 770, 508, 772, 512, -2, -4, -2.0344439357957027, 4.47213595499958
38, 64, 397, 237, 398, 234, -1, 3, 1.892546881191539, 3.1622776601683795
38, 65, 1018, 347, 1016, 344, 2, 3, 0.982793723247329, 3.605551275463989
38, 66, 1020, 452, 1018, 448, 2, 4, 1.1071487177940904, 4.47213595499958
38, 67, 585, 122, 585, 122, 0, 0, 0.0, 0.0
38, 68, 1075, 76, 1075, 75, 0, 1, 1.5707963267948966, 1.0
38, 69, 875, 62, 875, 63, 0, -1, -1.5707963267948966, 1.0
38, 70, 916, 21, 917, 21, -1, 0, 3.141592653589793, 1.0
38, 71, 308, 339, 309, 339, -1, 0, 3.141592653589793, 1.0
38, 72, 281, 355, 281, 355, 0, 0, 0.0, 0.0
38, 73, 392, 282, 392, 279, 0, 3, 1.5707963267948966, 3.0
38, 74, 1078, 88, 1078, 88, 0, 0, 0.0, 0.0
38, 75, 491, 182, 492, 184, -1, -2, -2.0344439357957027, 2.23606797749979
38, 76, 1110, 20, 1109, 20, 1, 0, 0.0, 1.0
38, 77, 937, 114, 937, 114, 0, 0, 0.0, 0.0
38, 78, 821, 58, 821, 61, 0, -3, -1.5707963267948966, 3.0
38, 79, 635, 99, 635, 100, 0, -1, -1.5707963267948966, 1.0
38, 80, 1221, 24, 1221, 25, 0, -1, -1.5707963267948966, 1.0
38, 81, 201, 442, 204, 438, -3, 4, 2.214297435588181, 5.0
38, 82, 485, 436, 486, 441, -1, -5, -1.7681918866447774, 5.0990195135927845
38, 83, 1081, 31, 1080, 31, 1, 0, 0.0, 1.0
38, 84, 330, 380, 331, 380, -1, 0, 3.141592653589793, 1.0
38, 85, 677, 198, 678, 198, -1, 0, 3.141592653589793, 1.0
38, 86, 411, 239, 412, 236, -1, 3, 1.892546881191539, 3.1622776601683795
38, 87, 331, 420, 332, 420, -1, 0, 3.141592653589793, 1.0
38, 88, 508, 264, 509, 268, -1, -4, -1.8157749899217608, 4.123105625617661
38, 89, 1067, 452, 1064, 450, 3, 2, 0.5880026035475675, 3.605551275463989
38, 90, 233, 23, 231, 25, 2, -2, -0.7853981633974483, 2.8284271247461903
38, 91, 153, 457, 154, 454, -1, 3, 1.892546881191539, 3.1622776601683795
38, 92, 284, 394, 284, 394, 0, 0, 0.0, 0.0
38, 93, 86, 157, 87, 157, -1, 0, 3.141592653589793, 1.0
38, 94, 1195, 479, 1195, 480, 0, -1, -1.5707963267948966, 1.0
38, 95, 1187, 465, 1187, 465, 0, 0, 0.0, 0.0
38, 96, 743, 137, 743, 136, 0, 1, 1.5707963267948966, 1.0
38, 97, 158, 384, 160, 380, -2, 4, 2.0344439357957027, 4.47213595499958
38, 98, 1092, 24, 1091, 24, 1, 0, 0.0, 1.0
38, 99, 877, 498, 881, 496, -4, 2, 2.677945044588987, 4.47213595499958
38, 100, 628, 72, 628, 73, 0, -1, -1.5707963267948966, 1.0
38, 101, 248, 418, 249, 418, -1, 0, 3.141592653589793, 1.0
38, 102, 1195, 159, 1194, 157, 1, 2, 1.1071487177940904, 2.23606797749979
38, 103, 287, 378, 287, 378, 0, 0, 0.0, 0.0
38, 104, 859, 494, 863, 492, -4, 2, 2.677945044588987, 4.47213595499958
38, 105, 80, 144, 81, 144, -1, 0, 3.141592653589793, 1.0
38, 106, 1054, 303, 1052, 300, 2, 3, 0.982793723247329, 3.605551275463989
38, 107, 266, 338, 266, 338, 0, 0, 0.0, 0.0
38, 108, 1220, 379, 1223, 382, -3, -3, -2.356194490192345, 4.242640687119285
38, 109, 1101, 85, 1100, 85, 1, 0, 0.0, 1.0
38, 110, 286, 350, 286, 350, 0, 0, 0.0, 0.0
38, 111, 735, 92, 735, 90, 0, 2, 1.5707963267948966, 2.0
38, 112, 580, 117, 580, 117, 0, 0, 0.0, 0.0
38, 113, 301, 44, 301, 44, 0, 0, 0.0, 0.0
38, 114, 933, 106, 933, 107, 0, -1, -1.5707963267948966, 1.0
38, 115, 853, 72, 853, 73, 0, -1, -1.5707963267948966, 1.0
38, 116, 1136, 111, 1135, 110, 1, 1, 0.7853981633974483, 1.4142135623730951
38, 117, 925, 108, 925, 108, 0, 0, 0.0, 0.0
38, 118, 242, 27, 240, 28, 2, -1, -0.4636476090008061, 2.23606797749979
38, 119, 302, 398, 303, 398, -1, 0, 3.141592653589793, 1.0
38, 120, 78, 584, 78, 581, 0, 3, 1.5707963267948966, 3.0
38, 121, 167, 384, 169, 380, -2, 4, 2.0344439357957027, 4.47213595499958
38, 122, 293, 364, 293, 365, 0, -1, -1.5707963267948966, 1.0
38, 123, 292, 392, 292, 393, 0, -1, -1.5707963267948966, 1.0
38, 124, 295, 20, 294, 22, 1, -2, -1.1071487177940904, 2.23606797749979
38, 125, 1016, 392, 1015, 389, 1, 3, 1.2490457723982544, 3.1622776601683795
38, 126, 943, 39, 944, 39, -1, 0, 3.141592653589793, 1.0
38, 127, 531, 323, 532, 325, -1, -2, -2.0344439357957027, 2.23606797749979
38, 128, 295, 385, 295, 385, 0, 0, 0.0, 0.0
38, 129, 1171, 236, 1170, 235, 1, 1, 0.7853981633974483, 1.4142135623730951
38, 130, 1261, 149, 1271, 148, -10, 1, 3.0419240010986313, 10.04987562112089
38, 131, 788, 265, 787, 269, 1, -4, -1.3258176636680326, 4.123105625617661
38, 132, 14, 114, 14, 115, 0, -1, -1.5707963267948966, 1.0
38, 133, 1163, 239, 1161, 237, 2, 2, 0.7853981633974483, 2.8284271247461903
38, 134, 915, 10, 916, 10, -1, 0, 3.141592653589793, 1.0
38, 135, 77, 158, 78, 158, -1, 0, 3.141592653589793, 1.0
38, 136, 1191, 102, 1190, 100, 1, 2, 1.1071487177940904, 2.23606797749979
38, 137, 883, 540, 887, 539, -4, 1, 2.896613990462929, 4.123105625617661
38, 138, 1153, 76, 1153, 75, 0, 1, 1.5707963267948966, 1.0
38, 139, 481, 185, 482, 187, -1, -2, -2.0344439357957027, 2.23606797749979
38, 140, 276, 362, 276, 362, 0, 0, 0.0, 0.0
38, 141, 1225, 181, 1223, 180, 2, 1, 0.4636476090008061, 2.23606797749979
38, 142, 173, 392, 175, 389, -2, 3, 2.158798930342464, 3.605551275463989
38, 143, 1208, 431, 1211, 434, -3, -3, -2.356194490192345, 4.242640687119285
38, 144, 216, 28, 213, 30, 3, -2, -0.5880026035475675, 3.605551275463989
38, 145, 413, 213, 413, 213, 0, 0, 0.0, 0.0
38, 146, 509, 242, 511, 246, -2, -4, -2.0344439357957027, 4.47213595499958
38, 147, 1084, 64, 1084, 64, 0, 0, 0.0, 0.0
38, 148, 471, 317, 472, 322, -1, -5, -1.7681918866447774, 5.0990195135927845
38, 149, 1042, 424, 1040, 422, 2, 2, 0.7853981633974483, 2.8284271247461903
38, 150, 1197, 201, 1195, 199, 2, 2, 0.7853981633974483, 2.8284271247461903
38, 151, 416, 307, 415, 307, 1, 0, 0.0, 1.0
38, 152, 521, 232, 523, 236, -2, -4, -2.0344439357957027, 4.47213595499958
38, 153, 648, 205, 649, 204, -1, 1, 2.356194490192345, 1.4142135623730951
38, 154, 503, 26, 503, 28, 0, -2, -1.5707963267948966, 2.0
38, 155, 612, 37, 613, 36, -1, 1, 2.356194490192345, 1.4142135623730951
38, 156, 499, 142, 500, 145, -1, -3, -1.892546881191539, 3.1622776601683795
38, 157, 617, 210, 617, 209, 0, 1, 1.5707963267948966, 1.0
38, 158, 510, 235, 512, 239, -2, -4, -2.0344439357957027, 4.47213595499958
38, 159, 617, 76, 617, 76, 0, 0, 0.0, 0.0
38, 160, 131, 680, 130, 679, 1, 1, 0.7853981633974483, 1.4142135623730951
38, 161, 1156, 205, 1154, 204, 2, 1, 0.4636476090008061, 2.23606797749979
38, 162, 1159, 215, 1157, 213, 2, 2, 0.7853981633974483, 2.8284271247461903
39, 0, 255, 352, 255, 353, 0, -1, -1.5707963267948966, 1.0
39, 1, 774, 309, 773, 313, 1, -4, -1.3258176636680326, 4.123105625617661
39, 2, 1204, 375, 1207, 379, -3, -4, -2.214297435588181, 5.0
39, 3, 1186, 403, 1189, 406, -3, -3, -2.356194490192345, 4.242640687119285
39, 4, 1219, 405, 1223, 408, -4, -3, -2.498091544796509, 5.0
39, 5, 1201, 361, 1204, 365, -3, -4, -2.214297435588181, 5.0
39, 6, 165, 454, 166, 451, -1, 3, 1.892546881191539, 3.1622776601683795
39, 7, 820, 72, 821, 75, -1, -3, -1.892546881191539, 3.1622776601683795
39, 8, 797, 316, 796, 320, 1, -4, -1.3258176636680326, 4.123105625617661
39, 9, 815, 49, 815, 52, 0, -3, -1.5707963267948966, 3.0
39, 10, 281, 340, 281, 340, 0, 0, 0.0, 0.0
39, 11, 808, 40, 808, 43, 0, -3, -1.5707963267948966, 3.0
39, 12, 153, 397, 154, 393, -1, 4, 1.8157749899217608, 4.123105625617661
39, 13, 820, 90, 821, 92, -1, -2, -2.0344439357957027, 2.23606797749979
39, 14, 744, 70, 745, 69, -1, 1, 2.356194490192345, 1.4142135623730951
39, 15, 793, 60, 794, 62, -1, -2, -2.0344439357957027, 2.23606797749979
39, 16, 476, 327, 477, 331, -1, -4, -1.8157749899217608, 4.123105625617661
39, 17, 130, 613, 128, 611, 2, 2, 0.7853981633974483, 2.8284271247461903
39, 18, 333, 365, 333, 366, 0, -1, -1.5707963267948966, 1.0
39, 19, 271, 333, 271, 333, 0, 0, 0.0, 0.0
39, 20, 635, 26, 635, 27, 0, -1, -1.5707963267948966, 1.0
39, 21, 669, 171, 670, 171, -1, 0, 3.141592653589793, 1.0
39, 22, 462, 328, 463, 332, -1, -4, -1.8157749899217608, 4.123105625617661
39, 23, 732, 552, 734, 554, -2, -2, -2.356194490192345, 2.8284271247461903
39, 24, 845, 530, 849, 529, -4, 1, 2.896613990462929, 4.123105625617661
39, 25, 489, 106, 490, 109, -1, -3, -1.892546881191539, 3.1622776601683795
39, 26, 535, 78, 535, 78, 0, 0, 0.0, 0.0
39, 27, 581, 49, 581, 49, 0, 0, 0.0, 0.0
39, 28, 479, 108, 479, 111, 0, -3, -1.5707963267948966, 3.0
39, 29, 850, 35, 850, 36, 0, -1, -1.5707963267948966, 1.0
39, 30, 390, 175, 390, 174, 0, 1, 1.5707963267948966, 1.0
39, 31, 482, 95, 483, 98, -1, -3, -1.892546881191539, 3.1622776601683795
39, 32, 262, 344, 261, 345, 1, -1, -0.7853981633974483, 1.4142135623730951
39, 33, 774, 294, 773, 297, 1, -3, -1.2490457723982544, 3.1622776601683795
39, 34, 1191, 146, 1191, 144, 0, 2, 1.5707963267948966, 2.0
39, 35, 1154, 38, 1154, 36, 0, 2, 1.5707963267948966, 2.0
39, 36, 1030, 403, 1030, 402, 0, 1, 1.5707963267948966, 1.0
39, 37, 751, 574, 752, 576, -1, -2, -2.0344439357957027, 2.23606797749979
39, 38, 533, 256, 534, 260, -1, -4, -1.8157749899217608, 4.123105625617661
39, 39, 318, 404, 318, 405, 0, -1, -1.5707963267948966, 1.0
39, 40, 682, 109, 682, 108, 0, 1, 1.5707963267948966, 1.0
39, 41, 869, 564, 873, 563, -4, 1, 2.896613990462929, 4.123105625617661
39, 42, 634, 33, 634, 34, 0, -1, -1.5707963267948966, 1.0
39, 43, 277, 331, 277, 331, 0, 0, 0.0, 0.0
39, 44, 940, 30, 942, 30, -2, 0, 3.141592653589793, 2.0
39, 45, 808, 48, 808, 51, 0, -3, -1.5707963267948966, 3.0
39, 46, 1166, 190, 1165, 187, 1, 3, 1.2490457723982544, 3.1622776601683795
39, 47, 1055, 317, 1054, 313, 1, 4, 1.3258176636680326, 4.123105625617661
39, 48, 689, 121, 689, 121, 0, 0, 0.0, 0.0
39, 49, 750, 75, 751, 74, -1, 1, 2.356194490192345, 1.4142135623730951
39, 50, 510, 219, 511, 223, -1, -4, -1.8157749899217608, 4.123105625617661
39, 51, 1260, 125, 1261, 123, -1, 2, 2.0344439357957027, 2.23606797749979
39, 52, 304, 376, 304, 376, 0, 0, 0.0, 0.0
39, 53, 579, 41, 579, 41, 0, 0, 0.0, 0.0
39, 54, 1054, 335, 1052, 332, 2, 3, 0.982793723247329, 3.605551275463989
39, 55, 771, 561, 774, 564, -3, -3, -2.356194490192345, 4.242640687119285
39, 56, 641, 252, 641, 250, 0, 2, 1.5707963267948966, 2.0
39, 57, 872, 491, 876, 489, -4, 2, 2.677945044588987, 4.47213595499958
39, 58, 631, 246, 631, 246, 0, 0, 0.0, 0.0
39, 59, 629, 166, 629, 163, 0, 3, 1.5707963267948966, 3.0
39, 60, 326, 353, 326, 354, 0, -1, -1.5707963267948966, 1.0
39, 61, 253, 402, 253, 402, 0, 0, 0.0, 0.0
39, 62, 767, 504, 770, 508, -3, -4, -2.214297435588181, 5.0
39, 63, 397, 240, 397, 237, 0, 3, 1.5707963267948966, 3.0
39, 64, 1019, 350, 1018, 347, 1, 3, 1.2490457723982544, 3.1622776601683795
39, 65, 1023, 456, 1020, 452, 3, 4, 0.9272952180016122, 5.0
39, 66, 585, 121, 585, 122, 0, -1, -1.5707963267948966, 1.0
39, 67, 1075, 77, 1075, 76, 0, 1, 1.5707963267948966, 1.0
39, 68, 875, 61, 875, 62, 0, -1, -1.5707963267948966, 1.0
39, 69, 914, 21, 916, 21, -2, 0, 3.141592653589793, 2.0
39, 70, 307, 339, 308, 339, -1, 0, 3.141592653589793, 1.0
39, 71, 282, 355, 281, 355, 1, 0, 0.0, 1.0
39, 72, 392, 285, 392, 282, 0, 3, 1.5707963267948966, 3.0
39, 73, 1078, 88, 1078, 88, 0, 0, 0.0, 0.0
39, 74, 490, 180, 491, 182, -1, -2, -2.0344439357957027, 2.23606797749979
39, 75, 1110, 20, 1110, 20, 0, 0, 0.0, 0.0
39, 76, 936, 114, 937, 114, -1, 0, 3.141592653589793, 1.0
39, 77, 821, 55, 821, 58, 0, -3, -1.5707963267948966, 3.0
39, 78, 635, 98, 635, 99, 0, -1, -1.5707963267948966, 1.0
39, 79, 1221, 24, 1221, 24, 0, 0, 0.0, 0.0
39, 80, 199, 446, 201, 442, -2, 4, 2.0344439357957027, 4.47213595499958
39, 81, 485, 430, 485, 436, 0, -6, -1.5707963267948966, 6.0
39, 82, 1082, 31, 1081, 31, 1, 0, 0.0, 1.0
39, 83, 329, 380, 330, 380, -1, 0, 3.141592653589793, 1.0
39, 84, 676, 198, 677, 198, -1, 0, 3.141592653589793, 1.0
39, 85, 411, 242, 411, 239, 0, 3, 1.5707963267948966, 3.0
39, 86, 507, 260, 508, 264, -1, -4, -1.8157749899217608, 4.123105625617661
39, 87, 1070, 454, 1067, 452, 3, 2, 0.5880026035475675, 3.605551275463989
39, 88, 236, 22, 233, 23, 3, -1, -0.3217505543966422, 3.1622776601683795
39, 89, 153, 459, 153, 457, 0, 2, 1.5707963267948966, 2.0
39, 90, 284, 393, 284, 394, 0, -1, -1.5707963267948966, 1.0
39, 91, 86, 157, 86, 157, 0, 0, 0.0, 0.0
39, 92, 1187, 464, 1187, 465, 0, -1, -1.5707963267948966, 1.0
39, 93, 742, 137, 743, 137, -1, 0, 3.141592653589793, 1.0
39, 94, 157, 388, 158, 384, -1, 4, 1.8157749899217608, 4.123105625617661
39, 95, 1093, 24, 1092, 24, 1, 0, 0.0, 1.0
39, 96, 873, 500, 877, 498, -4, 2, 2.677945044588987, 4.47213595499958
39, 97, 628, 71, 628, 72, 0, -1, -1.5707963267948966, 1.0
39, 98, 248, 418, 248, 418, 0, 0, 0.0, 0.0
39, 99, 1196, 162, 1195, 159, 1, 3, 1.2490457723982544, 3.1622776601683795
39, 100, 287, 377, 287, 378, 0, -1, -1.5707963267948966, 1.0
39, 101, 855, 495, 859, 494, -4, 1, 2.896613990462929, 4.123105625617661
39, 102, 79, 144, 80, 144, -1, 0, 3.141592653589793, 1.0
39, 103, 1055, 307, 1054, 303, 1, 4, 1.3258176636680326, 4.123105625617661
39, 104, 267, 338, 266, 338, 1, 0, 0.0, 1.0
39, 105, 1217, 376, 1220, 379, -3, -3, -2.356194490192345, 4.242640687119285
39, 106, 1102, 85, 1101, 85, 1, 0, 0.0, 1.0
39, 107, 286, 350, 286, 350, 0, 0, 0.0, 0.0
39, 108, 735, 95, 735, 92, 0, 3, 1.5707963267948966, 3.0
39, 109, 580, 116, 580, 117, 0, -1, -1.5707963267948966, 1.0
39, 110, 301, 43, 301, 44, 0, -1, -1.5707963267948966, 1.0
39, 111, 932, 106, 933, 106, -1, 0, 3.141592653589793, 1.0
39, 112, 853, 71, 853, 72, 0, -1, -1.5707963267948966, 1.0
39, 113, 1137, 111, 1136, 111, 1, 0, 0.0, 1.0
39, 114, 924, 108, 925, 108, -1, 0, 3.141592653589793, 1.0
39, 115, 245, 26, 242, 27, 3, -1, -0.3217505543966422, 3.1622776601683795
39, 116, 302, 397, 302, 398, 0, -1, -1.5707963267948966, 1.0
39, 117, 79, 587, 78, 584, 1, 3, 1.2490457723982544, 3.1622776601683795
39, 118, 166, 388, 167, 384, -1, 4, 1.8157749899217608, 4.123105625617661
39, 119, 293, 363, 293, 364, 0, -1, -1.5707963267948966, 1.0
39, 120, 292, 391, 292, 392, 0, -1, -1.5707963267948966, 1.0
39, 121, 296, 18, 295, 20, 1, -2, -1.1071487177940904, 2.23606797749979
39, 122, 1017, 395, 1016, 392, 1, 3, 1.2490457723982544, 3.1622776601683795
39, 123, 942, 39, 943, 39, -1, 0, 3.141592653589793, 1.0
39, 124, 530, 320, 531, 323, -1, -3, -1.892546881191539, 3.1622776601683795
39, 125, 295, 384, 295, 385, 0, -1, -1.5707963267948966, 1.0
39, 126, 1172, 237, 1171, 236, 1, 1, 0.7853981633974483, 1.4142135623730951
39, 127, 1261, 151, 1261, 149, 0, 2, 1.5707963267948966, 2.0
39, 128, 789, 261, 788, 265, 1, -4, -1.3258176636680326, 4.123105625617661
39, 129, 15, 113, 14, 114, 1, -1, -0.7853981633974483, 1.4142135623730951
39, 130, 1164, 241, 1163, 239, 1, 2, 1.1071487177940904, 2.23606797749979
39, 131, 914, 10, 915, 10, -1, 0, 3.141592653589793, 1.0
39, 132, 77, 158, 77, 158, 0, 0, 0.0, 0.0
39, 133, 1192, 104, 1191, 102, 1, 2, 1.1071487177940904, 2.23606797749979
39, 134, 878, 541, 883, 540, -5, 1, 2.9441970937399127, 5.0990195135927845
39, 135, 1153, 77, 1153, 76, 0, 1, 1.5707963267948966, 1.0
39, 136, 480, 183, 481, 185, -1, -2, -2.0344439357957027, 2.23606797749979
39, 137, 277, 362, 276, 362, 1, 0, 0.0, 1.0
39, 138, 1226, 183, 1225, 181, 1, 2, 1.1071487177940904, 2.23606797749979
39, 139, 172, 395, 173, 392, -1, 3, 1.892546881191539, 3.1622776601683795
39, 140, 1205, 428, 1208, 431, -3, -3, -2.356194490192345, 4.242640687119285
39, 141, 219, 26, 216, 28, 3, -2, -0.5880026035475675, 3.605551275463989
39, 142, 413, 214, 413, 213, 0, 1, 1.5707963267948966, 1.0
39, 143, 507, 238, 509, 242, -2, -4, -2.0344439357957027, 4.47213595499958
39, 144, 1084, 65, 1084, 64, 0, 1, 1.5707963267948966, 1.0
39, 145, 470, 312, 471, 317, -1, -5, -1.7681918866447774, 5.0990195135927845
39, 146, 1044, 427, 1042, 424, 2, 3, 0.982793723247329, 3.605551275463989
39, 147, 1198, 203, 1197, 201, 1, 2, 1.1071487177940904, 2.23606797749979
39, 148, 416, 307, 416, 307, 0, 0, 0.0, 0.0
39, 149, 519, 228, 521, 232, -2, -4, -2.0344439357957027, 4.47213595499958
39, 150, 647, 206, 648, 205, -1, 1, 2.356194490192345, 1.4142135623730951
39, 151, 503, 24, 503, 26, 0, -2, -1.5707963267948966, 2.0
39, 152, 611, 38, 612, 37, -1, 1, 2.356194490192345, 1.4142135623730951
39, 153, 498, 139, 499, 142, -1, -3, -1.892546881191539, 3.1622776601683795
39, 154, 617, 211, 617, 210, 0, 1, 1.5707963267948966, 1.0
39, 155, 508, 231, 510, 235, -2, -4, -2.0344439357957027, 4.47213595499958
39, 156, 617, 76, 617, 76, 0, 0, 0.0, 0.0
39, 157, 131, 681, 131, 680, 0, 1, 1.5707963267948966, 1.0
39, 158, 1157, 207, 1156, 205, 1, 2, 1.1071487177940904, 2.23606797749979
39, 159, 1160, 217, 1159, 215, 1, 2, 1.1071487177940904, 2.23606797749979
40, 0, 253, 353, 253, 354, 0, -1, -1.5707963267948966, 1.0
40, 1, 1186, 402, 1189, 406, -3, -4, -2.214297435588181, 5.0
40, 2, 1205, 377, 1207, 380, -2, -3, -2.158798930342464, 3.605551275463989
40, 3, 1220, 405, 1223, 408, -3, -3, -2.356194490192345, 4.242640687119285
40, 4, 821, 73, 822, 76, -1, -3, -1.892546881191539, 3.1622776601683795
40, 5, 271, 333, 271, 333, 0, 0, 0.0, 0.0
40, 6, 816, 49, 816, 52, 0, -3, -1.5707963267948966, 3.0
40, 7, 1202, 362, 1204, 366, -2, -4, -2.0344439357957027, 4.47213595499958
40, 8, 262, 353, 262, 354, 0, -1, -1.5707963267948966, 1.0
40, 9, 746, 69, 746, 68, 0, 1, 1.5707963267948966, 1.0
40, 10, 282, 340, 282, 340, 0, 0, 0.0, 0.0
40, 11, 636, 25, 636, 26, 0, -1, -1.5707963267948966, 1.0
40, 12, 809, 41, 809, 44, 0, -3, -1.5707963267948966, 3.0
40, 13, 1192, 147, 1191, 145, 1, 2, 1.1071487177940904, 2.23606797749979
40, 14, 793, 61, 794, 63, -1, -2, -2.0344439357957027, 2.23606797749979
40, 15, 282, 355, 281, 356, 1, -1, -0.7853981633974483, 1.4142135623730951
40, 16, 153, 397, 155, 394, -2, 3, 2.158798930342464, 3.605551275463989
40, 17, 278, 332, 278, 332, 0, 0, 0.0, 0.0
40, 18, 258, 390, 258, 391, 0, -1, -1.5707963267948966, 1.0
40, 19, 131, 614, 129, 611, 2, 3, 0.982793723247329, 3.605551275463989
40, 20, 771, 565, 774, 567, -3, -2, -2.5535900500422257, 3.605551275463989
40, 21, 775, 309, 774, 313, 1, -4, -1.3258176636680326, 4.123105625617661
40, 22, 490, 107, 491, 110, -1, -3, -1.892546881191539, 3.1622776601683795
40, 23, 333, 370, 333, 370, 0, 0, 0.0, 0.0
40, 24, 1056, 318, 1055, 314, 1, 4, 1.3258176636680326, 4.123105625617661
40, 25, 745, 701, 749, 712, -4, -11, -1.9195673303788037, 11.704699910719626
40, 26, 1184, 430, 1187, 433, -3, -3, -2.356194490192345, 4.242640687119285
40, 27, 1019, 350, 1018, 347, 1, 3, 1.2490457723982544, 3.1622776601683795
40, 28, 797, 317, 797, 320, 0, -3, -1.5707963267948966, 3.0
40, 29, 730, 551, 733, 554, -3, -3, -2.356194490192345, 4.242640687119285
40, 30, 477, 326, 477, 330, 0, -4, -1.5707963267948966, 4.0
40, 31, 728, 701, 727, 714, 1, -13, -1.4940244355251187, 13.038404810405298
40, 32, 534, 256, 535, 260, -1, -4, -1.8157749899217608, 4.123105625617661
40, 33, 682, 109, 682, 109, 0, 0, 0.0, 0.0
40, 34, 819, 90, 820, 92, -1, -2, -2.0344439357957027, 2.23606797749979
40, 35, 478, 106, 479, 108, -1, -2, -2.0344439357957027, 2.23606797749979
40, 36, 841, 529, 846, 528, -5, 1, 2.9441970937399127, 5.0990195135927845
40, 37, 536, 78, 536, 78, 0, 0, 0.0, 0.0
40, 38, 850, 36, 850, 37, 0, -1, -1.5707963267948966, 1.0
40, 39, 1076, 79, 1076, 77, 0, 2, 1.5707963267948966, 2.0
40, 40, 463, 329, 463, 333, 0, -4, -1.5707963267948966, 4.0
40, 41, 511, 220, 512, 224, -1, -4, -1.8157749899217608, 4.123105625617661
40, 42, 1155, 38, 1155, 36, 0, 2, 1.5707963267948966, 2.0
40, 43, 775, 295, 774, 297, 1, -2, -1.1071487177940904, 2.23606797749979
40, 44, 689, 122, 689, 122, 0, 0, 0.0, 0.0
40, 45, 184, 502, 185, 502, -1, 0, 3.141592653589793, 1.0
40, 46, 1166, 191, 1165, 188, 1, 3, 1.2490457723982544, 3.1622776601683795
40, 47, 630, 166, 630, 163, 0, 3, 1.5707963267948966, 3.0
40, 48, 671, 173, 671, 172, 0, 1, 1.5707963267948966, 1.0
40, 49, 582, 49, 582, 49, 0, 0, 0.0, 0.0
40, 50, 752, 74, 752, 74, 0, 0, 0.0, 0.0
40, 51, 263, 344, 262, 345, 1, -1, -0.7853981633974483, 1.4142135623730951
40, 52, 807, 49, 807, 52, 0, -3, -1.5707963267948966, 3.0
40, 53, 939, 31, 941, 31, -2, 0, 3.141592653589793, 2.0
40, 54, 319, 405, 319, 405, 0, 0, 0.0, 0.0
40, 55, 492, 181, 492, 183, 0, -2, -1.5707963267948966, 2.0
40, 56, 174, 464, 175, 460, -1, 4, 1.8157749899217608, 4.123105625617661
40, 57, 543, 39, 544, 39, -1, 0, 3.141592653589793, 1.0
40, 58, 1030, 403, 1030, 402, 0, 1, 1.5707963267948966, 1.0
40, 59, 1261, 125, 1264, 123, -3, 2, 2.5535900500422257, 3.605551275463989
40, 60, 164, 457, 165, 454, -1, 3, 1.892546881191539, 3.1622776601683795
40, 61, 767, 504, 770, 508, -3, -4, -2.214297435588181, 5.0
40, 62, 482, 97, 483, 99, -1, -2, -2.0344439357957027, 2.23606797749979
40, 63, 254, 402, 254, 402, 0, 0, 0.0, 0.0
40, 64, 1111, 22, 1110, 21, 1, 1, 0.7853981633974483, 1.4142135623730951
40, 65, 634, 34, 634, 35, 0, -1, -1.5707963267948966, 1.0
40, 66, 872, 491, 876, 490, -4, 1, 2.896613990462929, 4.123105625617661
40, 67, 1054, 337, 1052, 333, 2, 4, 1.1071487177940904, 4.47213595499958
40, 68, 299, 338, 300, 338, -1, 0, 3.141592653589793, 1.0
40, 69, 391, 175, 391, 175, 0, 0, 0.0, 0.0
40, 70, 855, 495, 859, 494, -4, 1, 2.896613990462929, 4.123105625617661
40, 71, 327, 353, 327, 354, 0, -1, -1.5707963267948966, 1.0
40, 72, 643, 257, 643, 256, 0, 1, 1.5707963267948966, 1.0
40, 73, 581, 41, 580, 41, 1, 0, 0.0, 1.0
40, 74, 1078, 88, 1078, 88, 0, 0, 0.0, 0.0
40, 75, 875, 62, 875, 63, 0, -1, -1.5707963267948966, 1.0
40, 76, 850, 27, 850, 28, 0, -1, -1.5707963267948966, 1.0
40, 77, 582, 120, 582, 121, 0, -1, -1.5707963267948966, 1.0
40, 78, 307, 339, 308, 339, -1, 0, 3.141592653589793, 1.0
40, 79, 1157, 44, 1157, 43, 0, 1, 1.5707963267948966, 1.0
40, 80, 198, 448, 201, 444, -3, 4, 2.214297435588181, 5.0
40, 81, 1024, 456, 1021, 452, 3, 4, 0.9272952180016122, 5.0
40, 82, 632, 244, 632, 244, 0, 0, 0.0, 0.0
40, 83, 741, 75, 741, 74, 0, 1, 1.5707963267948966, 1.0
40, 84, 1105, 88, 1104, 88, 1, 0, 0.0, 1.0
40, 85, 507, 261, 508, 265, -1, -4, -1.8157749899217608, 4.123105625617661
40, 86, 637, 98, 637, 99, 0, -1, -1.5707963267948966, 1.0
40, 87, 915, 22, 916, 22, -1, 0, 3.141592653589793, 1.0
40, 88, 821, 55, 821, 58, 0, -3, -1.5707963267948966, 3.0
40, 89, 487, 427, 486, 435, 1, -8, -1.446441332248135, 8.06225774829855
40, 90, 330, 380, 331, 380, -1, 0, 3.141592653589793, 1.0
40, 91, 1082, 32, 1081, 32, 1, 0, 0.0, 1.0
40, 92, 742, 137, 743, 137, -1, 0, 3.141592653589793, 1.0
40, 93, 937, 114, 938, 114, -1, 0, 3.141592653589793, 1.0
40, 94, 392, 285, 392, 282, 0, 3, 1.5707963267948966, 3.0
40, 95, 763, 611, 763, 612, 0, -1, -1.5707963267948966, 1.0
40, 96, 1221, 25, 1221, 25, 0, 0, 0.0, 0.0
40, 97, 305, 377, 305, 377, 0, 0, 0.0, 0.0
40, 98, 678, 199, 678, 198, 0, 1, 1.5707963267948966, 1.0
40, 99, 284, 393, 284, 394, 0, -1, -1.5707963267948966, 1.0
40, 100, 236, 23, 234, 24, 2, -1, -0.4636476090008061, 2.23606797749979
40, 101, 871, 560, 875, 558, -4, 2, 2.677945044588987, 4.47213595499958
40, 102, 87, 157, 87, 157, 0, 0, 0.0, 0.0
40, 103, 1219, 376, 1221, 379, -2, -3, -2.158798930342464, 3.605551275463989
40, 104, 1022, 408, 1020, 404, 2, 4, 1.1071487177940904, 4.47213595499958
40, 105, 865, 567, 869, 565, -4, 2, 2.677945044588987, 4.47213595499958
40, 106, 1093, 24, 1092, 24, 1, 0, 0.0, 1.0
40, 107, 249, 419, 249, 419, 0, 0, 0.0, 0.0
40, 108, 1195, 479, 1195, 480, 0, -1, -1.5707963267948966, 1.0
40, 109, 152, 455, 153, 453, -1, 2, 2.0344439357957027, 2.23606797749979
40, 110, 157, 387, 159, 384, -2, 3, 2.158798930342464, 3.605551275463989
40, 111, 412, 242, 412, 239, 0, 3, 1.5707963267948966, 3.0
40, 112, 300, 43, 300, 44, 0, -1, -1.5707963267948966, 1.0
40, 113, 1170, 249, 1167, 246, 3, 3, 0.7853981633974483, 4.242640687119285
40, 114, 131, 677, 131, 677, 0, 0, 0.0, 0.0
40, 115, 14, 115, 14, 115, 0, 0, 0.0, 0.0
40, 116, 80, 143, 81, 143, -1, 0, 3.141592653589793, 1.0
40, 117, 879, 566, 883, 564, -4, 2, 2.677945044588987, 4.47213595499958
40, 118, 80, 587, 80, 584, 0, 3, 1.5707963267948966, 3.0
40, 119, 1070, 456, 1068, 456, 2, 0, 0.0, 2.0
40, 120, 932, 107, 933, 107, -1, 0, 3.141592653589793, 1.0
40, 121, 294, 364, 294, 365, 0, -1, -1.5707963267948966, 1.0
40, 122, 551, 112, 551, 112, 0, 0, 0.0, 0.0
40, 123, 924, 108, 925, 108, -1, 0, 3.141592653589793, 1.0
40, 124, 853, 72, 853, 73, 0, -1, -1.5707963267948966, 1.0
40, 125, 292, 392, 292, 393, 0, -1, -1.5707963267948966, 1.0
40, 126, 220, 28, 217, 30, 3, -2, -0.5880026035475675, 3.605551275463989
40, 127, 288, 376, 288, 377, 0, -1, -1.5707963267948966, 1.0
40, 128, 1156, 197, 1155, 194, 1, 3, 1.2490457723982544, 3.1622776601683795
40, 129, 302, 398, 303, 398, -1, 0, 3.141592653589793, 1.0
40, 130, 1197, 163, 1196, 160, 1, 3, 1.2490457723982544, 3.1622776601683795
40, 131, 629, 71, 629, 72, 0, -1, -1.5707963267948966, 1.0
40, 132, 789, 262, 788, 266, 1, -4, -1.3258176636680326, 4.123105625617661
40, 133, 278, 361, 277, 362, 1, -1, -0.7853981633974483, 1.4142135623730951
40, 134, 1047, 528, 1047, 528, 0, 0, 0.0, 0.0
40, 135, 913, 11, 915, 11, -2, 0, 3.141592653589793, 2.0
40, 136, 1226, 184, 1225, 182, 1, 2, 1.1071487177940904, 2.23606797749979
40, 137, 244, 27, 242, 28, 2, -1, -0.4636476090008061, 2.23606797749979
40, 138, 649, 207, 649, 205, 0, 2, 1.5707963267948966, 2.0
40, 139, 1194, 103, 1193, 102, 1, 1, 0.7853981633974483, 1.4142135623730951
40, 140, 509, 232, 511, 236, -2, -4, -2.0344439357957027, 4.47213595499958
40, 141, 1027, 495, 1025, 493, 2, 2, 0.7853981633974483, 2.8284271247461903
40, 142, 397, 240, 397, 238, 0, 2, 1.5707963267948966, 2.0
40, 143, 78, 158, 78, 158, 0, 0, 0.0, 0.0
40, 144, 507, 239, 509, 243, -2, -4, -2.0344439357957027, 4.47213595499958
40, 145, 1167, 171, 1166, 170, 1, 1, 0.7853981633974483, 1.4142135623730951
40, 146, 191, 22, 192, 22, -1, 0, 3.141592653589793, 1.0
40, 147, 1153, 78, 1153, 76, 0, 2, 1.5707963267948966, 2.0
40, 148, 530, 314, 531, 317, -1, -3, -1.892546881191539, 3.1622776601683795
40, 149, 1045, 430, 1043, 427, 2, 3, 0.982793723247329, 3.605551275463989
40, 150, 295, 384, 295, 385, 0, -1, -1.5707963267948966, 1.0
40, 151, 1138, 111, 1136, 111, 2, 0, 0.0, 2.0
40, 152, 288, 350, 287, 350, 1, 0, 0.0, 1.0
40, 153, 873, 499, 877, 498, -4, 1, 2.896613990462929, 4.123105625617661
40, 154, 611, 38, 612, 37, -1, 1, 2.356194490192345, 1.4142135623730951
40, 155, 474, 142, 474, 143, 0, -1, -1.5707963267948966, 1.0
40, 156, 542, 46, 542, 46, 0, 0, 0.0, 0.0
40, 157, 505, 23, 505, 24, 0, -1, -1.5707963267948966, 1.0
40, 158, 617, 212, 617, 211, 0, 1, 1.5707963267948966, 1.0
40, 159, 166, 389, 168, 385, -2, 4, 2.0344439357957027, 4.47213595499958
40, 160, 481, 180, 482, 182, -1, -2, -2.0344439357957027, 2.23606797749979
40, 161, 470, 312, 471, 317, -1, -5, -1.7681918866447774, 5.0990195135927845
40, 162, 942, 39, 943, 39, -1, 0, 3.141592653589793, 1.0
40, 163, 1160, 218, 1159, 216, 1, 2, 1.1071487177940904, 2.23606797749979
40, 164, 1079, 64, 1078, 64, 1, 0, 0.0, 1.0
40, 165, 1086, 65, 1085, 65, 1, 0, 0.0, 1.0
40, 166, 524, 235, 526, 239, -2, -4, -2.0344439357957027, 4.47213595499958
40, 167, 1191, 96, 1190, 95, 1, 1, 0.7853981633974483, 1.4142135623730951
40, 168, 304, 357, 304, 357, 0, 0, 0.0, 0.0
40, 169, 496, 135, 497, 137, -1, -2, -2.0344439357957027, 2.23606797749979
40, 170, 1055, 308, 1054, 304, 1, 4, 1.3258176636680326, 4.123105625617661
40, 171, 521, 229, 522, 233, -1, -4, -1.8157749899217608, 4.123105625617661
40, 172, 414, 215, 414, 214, 0, 1, 1.5707963267948966, 1.0
40, 173, 1094, 87, 1094, 87, 0, 0, 0.0, 0.0
40, 174, 82, 115, 82, 115, 0, 0, 0.0, 0.0
40, 175, 240, 326, 240, 326, 0, 0, 0.0, 0.0
40, 176, 266, 421, 266, 421, 0, 0, 0.0, 0.0
40, 177, 1232, 226, 1231, 224, 1, 2, 1.1071487177940904, 2.23606797749979
40, 178, 730, 108, 730, 104, 0, 4, 1.5707963267948966, 4.0
40, 179, 328, 389, 329, 389, -1, 0, 3.141592653589793, 1.0
40, 180, 1244, 154, 1242, 152, 2, 2, 0.7853981633974483, 2.8284271247461903
40, 181, 74, 598, 73, 595, 1, 3, 1.2490457723982544, 3.1622776601683795
40, 182, 735, 95, 735, 93, 0, 2, 1.5707963267948966, 2.0
40, 183, 1026, 483, 1024, 480, 2, 3, 0.982793723247329, 3.605551275463989
40, 184, 335, 358, 335, 359, 0, -1, -1.5707963267948966, 1.0
40, 185, 172, 397, 174, 394, -2, 3, 2.158798930342464, 3.605551275463989
40, 186, 119, 647, 118, 643, 1, 4, 1.3258176636680326, 4.123105625617661
40, 187, 573, 116, 573, 117, 0, -1, -1.5707963267948966, 1.0
40, 188, 1226, 384, 1229, 387, -3, -3, -2.356194490192345, 4.242640687119285
40, 189, 856, 592, 857, 592, -1, 0, 3.141592653589793, 1.0
40, 190, 778, 351, 779, 355, -1, -4, -1.8157749899217608, 4.123105625617661
41, 0, 253, 352, 253, 353, 0, -1, -1.5707963267948966, 1.0
41, 1, 1183, 398, 1186, 402, -3, -4, -2.214297435588181, 5.0
41, 2, 1203, 373, 1205, 377, -2, -4, -2.0344439357957027, 4.47213595499958
41, 3, 1217, 401, 1220, 405, -3, -4, -2.214297435588181, 5.0
41, 4, 820, 70, 821, 73, -1, -3, -1.892546881191539, 3.1622776601683795
41, 5, 271, 333, 271, 333, 0, 0, 0.0, 0.0
41, 6, 815, 47, 816, 49, -1, -2, -2.0344439357957027, 2.23606797749979
41, 7, 1200, 358, 1202, 362, -2, -4, -2.0344439357957027, 4.47213595499958
41, 8, 262, 352, 262, 353, 0, -1, -1.5707963267948966, 1.0
41, 9, 746, 69, 746, 69, 0, 0, 0.0, 0.0
41, 10, 282, 340, 282, 340, 0, 0, 0.0, 0.0
41, 11, 636, 24, 636, 25, 0, -1, -1.5707963267948966, 1.0
41, 12, 808, 39, 809, 41, -1, -2, -2.0344439357957027, 2.23606797749979
41, 13, 1192, 149, 1192, 147, 0, 2, 1.5707963267948966, 2.0
41, 14, 282, 355, 282, 355, 0, 0, 0.0, 0.0
41, 15, 151, 400, 153, 397, -2, 3, 2.158798930342464, 3.605551275463989
41, 16, 278, 332, 278, 332, 0, 0, 0.0, 0.0
41, 17, 258, 389, 258, 390, 0, -1, -1.5707963267948966, 1.0
41, 18, 132, 617, 131, 614, 1, 3, 1.2490457723982544, 3.1622776601683795
41, 19, 768, 563, 771, 565, -3, -2, -2.5535900500422257, 3.605551275463989
41, 20, 776, 305, 775, 309, 1, -4, -1.3258176636680326, 4.123105625617661
41, 21, 489, 105, 490, 107, -1, -2, -2.0344439357957027, 2.23606797749979
41, 22, 332, 370, 333, 370, -1, 0, 3.141592653589793, 1.0
41, 23, 1057, 322, 1056, 318, 1, 4, 1.3258176636680326, 4.123105625617661
41, 24, 743, 696, 745, 701, -2, -5, -1.9513027039072615, 5.385164807134504
41, 25, 1181, 432, 1184, 430, -3, 2, 2.5535900500422257, 3.605551275463989
41, 26, 1020, 353, 1019, 350, 1, 3, 1.2490457723982544, 3.1622776601683795
41, 27, 797, 314, 797, 317, 0, -3, -1.5707963267948966, 3.0
41, 28, 729, 549, 730, 551, -1, -2, -2.0344439357957027, 2.23606797749979
41, 29, 477, 322, 477, 326, 0, -4, -1.5707963267948966, 4.0
41, 30, 727, 696, 728, 701, -1, -5, -1.7681918866447774, 5.0990195135927845
41, 31, 532, 252, 534, 256, -2, -4, -2.0344439357957027, 4.47213595499958
41, 32, 682, 111, 682, 109, 0, 2, 1.5707963267948966, 2.0
41, 33, 818, 88, 819, 90, -1, -2, -2.0344439357957027, 2.23606797749979
41, 34, 477, 104, 478, 106, -1, -2, -2.0344439357957027, 2.23606797749979
41, 35, 836, 529, 841, 529, -5, 0, 3.141592653589793, 5.0
41, 36, 536, 78, 536, 78, 0, 0, 0.0, 0.0
41, 37, 1076, 81, 1076, 79, 0, 2, 1.5707963267948966, 2.0
41, 38, 463, 325, 463, 329, 0, -4, -1.5707963267948966, 4.0
41, 39, 510, 216, 511, 220, -1, -4, -1.8157749899217608, 4.123105625617661
41, 40, 1155, 40, 1155, 38, 0, 2, 1.5707963267948966, 2.0
41, 41, 775, 295, 775, 295, 0, 0, 0.0, 0.0
41, 42, 689, 123, 689, 122, 0, 1, 1.5707963267948966, 1.0
41, 43, 183, 502, 184, 502, -1, 0, 3.141592653589793, 1.0
41, 44, 1167, 194, 1166, 191, 1, 3, 1.2490457723982544, 3.1622776601683795
41, 45, 630, 169, 630, 166, 0, 3, 1.5707963267948966, 3.0
41, 46, 671, 174, 671, 173, 0, 1, 1.5707963267948966, 1.0
41, 47, 582, 49, 582, 49, 0, 0, 0.0, 0.0
41, 48, 752, 74, 752, 74, 0, 0, 0.0, 0.0
41, 49, 263, 344, 263, 344, 0, 0, 0.0, 0.0
41, 50, 806, 46, 807, 49, -1, -3, -1.892546881191539, 3.1622776601683795
41, 51, 937, 31, 939, 31, -2, 0, 3.141592653589793, 2.0
41, 52, 319, 405, 319, 405, 0, 0, 0.0, 0.0
41, 53, 492, 179, 492, 181, 0, -2, -1.5707963267948966, 2.0
41, 54, 173, 467, 174, 464, -1, 3, 1.892546881191539, 3.1622776601683795
41, 55, 543, 39, 543, 39, 0, 0, 0.0, 0.0
41, 56, 1032, 404, 1030, 403, 2, 1, 0.4636476090008061, 2.23606797749979
41, 57, 1260, 127, 1261, 125, -1, 2, 2.0344439357957027, 2.23606797749979
41, 58, 163, 460, 164, 457, -1, 3, 1.892546881191539, 3.1622776601683795
41, 59, 764, 500, 767, 504, -3, -4, -2.214297435588181, 5.0
41, 60, 481, 95, 482, 97, -1, -2, -2.0344439357957027, 2.23606797749979
41, 61, 254, 402, 254, 402, 0, 0, 0.0, 0.0
41, 62, 1112, 22, 1111, 22, 1, 0, 0.0, 1.0
41, 63, 634, 33, 634, 34, 0, -1, -1.5707963267948966, 1.0
41, 64, 868, 492, 872, 491, -4, 1, 2.896613990462929, 4.123105625617661
41, 65, 1055, 341, 1054, 337, 1, 4, 1.3258176636680326, 4.123105625617661
41, 66, 298, 338, 299, 338, -1, 0, 3.141592653589793, 1.0
41, 67, 390, 176, 391, 175, -1, 1, 2.356194490192345, 1.4142135623730951
41, 68, 850, 495, 855, 495, -5, 0, 3.141592653589793, 5.0
41, 69, 642, 258, 643, 257, -1, 1, 2.356194490192345, 1.4142135623730951
41, 70, 581, 41, 581, 41, 0, 0, 0.0, 0.0
41, 71, 1078, 88, 1078, 88, 0, 0, 0.0, 0.0
41, 72, 850, 26, 850, 27, 0, -1, -1.5707963267948966, 1.0
41, 73, 582, 119, 582, 120, 0, -1, -1.5707963267948966, 1.0
41, 74, 306, 339, 307, 339, -1, 0, 3.141592653589793, 1.0
41, 75, 1157, 46, 1157, 44, 0, 2, 1.5707963267948966, 2.0
41, 76, 196, 453, 198, 448, -2, 5, 1.9513027039072615, 5.385164807134504
41, 77, 1026, 459, 1024, 456, 2, 3, 0.982793723247329, 3.605551275463989
41, 78, 631, 244, 632, 244, -1, 0, 3.141592653589793, 1.0
41, 79, 741, 75, 741, 75, 0, 0, 0.0, 0.0
41, 80, 1106, 88, 1105, 88, 1, 0, 0.0, 1.0
41, 81, 506, 257, 507, 261, -1, -4, -1.8157749899217608, 4.123105625617661
41, 82, 637, 97, 637, 98, 0, -1, -1.5707963267948966, 1.0
41, 83, 913, 22, 915, 22, -2, 0, 3.141592653589793, 2.0
41, 84, 821, 52, 821, 55, 0, -3, -1.5707963267948966, 3.0
41, 85, 488, 422, 487, 427, 1, -5, -1.373400766945016, 5.0990195135927845
41, 86, 330, 380, 330, 380, 0, 0, 0.0, 0.0
41, 87, 1083, 32, 1082, 32, 1, 0, 0.0, 1.0
41, 88, 742, 137, 742, 137, 0, 0, 0.0, 0.0
41, 89, 937, 114, 937, 114, 0, 0, 0.0, 0.0
41, 90, 392, 288, 392, 285, 0, 3, 1.5707963267948966, 3.0
41, 91, 1221, 24, 1221, 25, 0, -1, -1.5707963267948966, 1.0
41, 92, 305, 377, 305, 377, 0, 0, 0.0, 0.0
41, 93, 678, 200, 678, 199, 0, 1, 1.5707963267948966, 1.0
41, 94, 284, 393, 284, 393, 0, 0, 0.0, 0.0
41, 95, 238, 22, 236, 23, 2, -1, -0.4636476090008061, 2.23606797749979
41, 96, 868, 563, 871, 560, -3, 3, 2.356194490192345, 4.242640687119285
41, 97, 86, 157, 87, 157, -1, 0, 3.141592653589793, 1.0
41, 98, 1216, 372, 1219, 376, -3, -4, -2.214297435588181, 5.0
41, 99, 1025, 411, 1022, 408, 3, 3, 0.7853981633974483, 4.242640687119285
41, 100, 862, 568, 865, 567, -3, 1, 2.819842099193151, 3.1622776601683795
41, 101, 1094, 24, 1093, 24, 1, 0, 0.0, 1.0
41, 102, 249, 419, 249, 419, 0, 0, 0.0, 0.0
41, 103, 151, 457, 152, 455, -1, 2, 2.0344439357957027, 2.23606797749979
41, 104, 155, 390, 157, 387, -2, 3, 2.158798930342464, 3.605551275463989
41, 105, 411, 244, 412, 242, -1, 2, 2.0344439357957027, 2.23606797749979
41, 106, 300, 42, 300, 43, 0, -1, -1.5707963267948966, 1.0
41, 107, 1172, 251, 1170, 249, 2, 2, 0.7853981633974483, 2.8284271247461903
41, 108, 131, 677, 131, 677, 0, 0, 0.0, 0.0
41, 109, 14, 115, 14, 115, 0, 0, 0.0, 0.0
41, 110, 80, 142, 80, 143, 0, -1, -1.5707963267948966, 1.0
41, 111, 876, 567, 879, 566, -3, 1, 2.819842099193151, 3.1622776601683795
41, 112, 81, 589, 80, 587, 1, 2, 1.1071487177940904, 2.23606797749979
41, 113, 1073, 457, 1070, 456, 3, 1, 0.3217505543966422, 3.1622776601683795
41, 114, 932, 107, 932, 107, 0, 0, 0.0, 0.0
41, 115, 294, 364, 294, 364, 0, 0, 0.0, 0.0
41, 116, 551, 112, 551, 112, 0, 0, 0.0, 0.0
41, 117, 924, 108, 924, 108, 0, 0, 0.0, 0.0
41, 118, 853, 71, 853, 72, 0, -1, -1.5707963267948966, 1.0
41, 119, 292, 392, 292, 392, 0, 0, 0.0, 0.0
41, 120, 222, 26, 220, 28, 2, -2, -0.7853981633974483, 2.8284271247461903
41, 121, 288, 375, 288, 376, 0, -1, -1.5707963267948966, 1.0
41, 122, 1157, 200, 1156, 197, 1, 3, 1.2490457723982544, 3.1622776601683795
41, 123, 302, 398, 302, 398, 0, 0, 0.0, 0.0
41, 124, 1197, 166, 1197, 163, 0, 3, 1.5707963267948966, 3.0
41, 125, 790, 258, 789, 262, 1, -4, -1.3258176636680326, 4.123105625617661
41, 126, 278, 361, 278, 361, 0, 0, 0.0, 0.0
41, 127, 1047, 528, 1047, 528, 0, 0, 0.0, 0.0
41, 128, 911, 11, 913, 11, -2, 0, 3.141592653589793, 2.0
41, 129, 1227, 187, 1226, 184, 1, 3, 1.2490457723982544, 3.1622776601683795
41, 130, 246, 26, 244, 27, 2, -1, -0.4636476090008061, 2.23606797749979
41, 131, 649, 209, 649, 207, 0, 2, 1.5707963267948966, 2.0
41, 132, 1194, 104, 1194, 103, 0, 1, 1.5707963267948966, 1.0
41, 133, 508, 228, 509, 232, -1, -4, -1.8157749899217608, 4.123105625617661
41, 134, 1030, 499, 1027, 495, 3, 4, 0.9272952180016122, 5.0
41, 135, 396, 242, 397, 240, -1, 2, 2.0344439357957027, 2.23606797749979
41, 136, 77, 158, 78, 158, -1, 0, 3.141592653589793, 1.0
41, 137, 506, 235, 507, 239, -1, -4, -1.8157749899217608, 4.123105625617661
41, 138, 1167, 173, 1167, 171, 0, 2, 1.5707963267948966, 2.0
41, 139, 190, 22, 191, 22, -1, 0, 3.141592653589793, 1.0
41, 140, 1152, 80, 1153, 78, -1, 2, 2.0344439357957027, 2.23606797749979
41, 141, 530, 311, 530, 314, 0, -3, -1.5707963267948966, 3.0
41, 142, 1047, 433, 1045, 430, 2, 3, 0.982793723247329, 3.605551275463989
41, 143, 295, 383, 295, 384, 0, -1, -1.5707963267948966, 1.0
41, 144, 1138, 112, 1138, 111, 0, 1, 1.5707963267948966, 1.0
41, 145, 288, 350, 288, 350, 0, 0, 0.0, 0.0
41, 146, 868, 500, 873, 499, -5, 1, 2.9441970937399127, 5.0990195135927845
41, 147, 609, 38, 611, 38, -2, 0, 3.141592653589793, 2.0
41, 148, 473, 140, 474, 142, -1, -2, -2.0344439357957027, 2.23606797749979
41, 149, 542, 46, 542, 46, 0, 0, 0.0, 0.0
41, 150, 505, 22, 505, 23, 0, -1, -1.5707963267948966, 1.0
41, 151, 617, 213, 617, 212, 0, 1, 1.5707963267948966, 1.0
41, 152, 164, 392, 166, 389, -2, 3, 2.158798930342464, 3.605551275463989
41, 153, 481, 177, 481, 180, 0, -3, -1.5707963267948966, 3.0
41, 154, 470, 307, 470, 312, 0, -5, -1.5707963267948966, 5.0
41, 155, 940, 39, 942, 39, -2, 0, 3.141592653589793, 2.0
41, 156, 1160, 220, 1160, 218, 0, 2, 1.5707963267948966, 2.0
41, 157, 1080, 64, 1079, 64, 1, 0, 0.0, 1.0
41, 158, 1086, 65, 1086, 65, 0, 0, 0.0, 0.0
41, 159, 523, 231, 524, 235, -1, -4, -1.8157749899217608, 4.123105625617661
41, 160, 1191, 97, 1191, 96, 0, 1, 1.5707963267948966, 1.0
41, 161, 304, 357, 304, 357, 0, 0, 0.0, 0.0
41, 162, 495, 132, 496, 135, -1, -3, -1.892546881191539, 3.1622776601683795
41, 163, 1056, 312, 1055, 308, 1, 4, 1.3258176636680326, 4.123105625617661
41, 164, 520, 225, 521, 229, -1, -4, -1.8157749899217608, 4.123105625617661
41, 165, 414, 215, 414, 215, 0, 0, 0.0, 0.0
41, 166, 1094, 87, 1094, 87, 0, 0, 0.0, 0.0
41, 167, 240, 326, 240, 326, 0, 0, 0.0, 0.0
41, 168, 265, 421, 266, 421, -1, 0, 3.141592653589793, 1.0
41, 169, 1233, 228, 1232, 226, 1, 2, 1.1071487177940904, 2.23606797749979
41, 170, 730, 111, 730, 108, 0, 3, 1.5707963267948966, 3.0
41, 171, 328, 388, 328, 389, 0, -1, -1.5707963267948966, 1.0
41, 172, 1245, 157, 1244, 154, 1, 3, 1.2490457723982544, 3.1622776601683795
41, 173, 75, 600, 74, 598, 1, 2, 1.1071487177940904, 2.23606797749979
41, 174, 735, 98, 735, 95, 0, 3, 1.5707963267948966, 3.0
41, 175, 1028, 487, 1026, 483, 2, 4, 1.1071487177940904, 4.47213595499958
41, 176, 170, 400, 172, 397, -2, 3, 2.158798930342464, 3.605551275463989
41, 177, 121, 650, 119, 647, 2, 3, 0.982793723247329, 3.605551275463989
41, 178, 572, 116, 573, 116, -1, 0, 3.141592653589793, 1.0
41, 179, 1224, 380, 1226, 384, -2, -4, -2.0344439357957027, 4.47213595499958
41, 180, 855, 592, 856, 592, -1, 0, 3.141592653589793, 1.0
41, 181, 778, 346, 778, 351, 0, -5, -1.5707963267948966, 5.0
42, 0, 253, 353, 253, 354, 0, -1, -1.5707963267948966, 1.0
42, 1, 1180, 436, 1183, 434, -3, 2, 2.5535900500422257, 3.605551275463989
42, 2, 258, 389, 258, 390, 0, -1, -1.5707963267948966, 1.0
42, 3, 272, 333, 272, 333, 0, 0, 0.0, 0.0
42, 4, 1202, 373, 1205, 377, -3, -4, -2.214297435588181, 5.0
42, 5, 1184, 401, 1187, 403, -3, -2, -2.5535900500422257, 3.605551275463989
42, 6, 792, 60, 794, 62, -2, -2, -2.356194490192345, 2.8284271247461903
42, 7, 815, 46, 816, 50, -1, -4, -1.8157749899217608, 4.123105625617661
42, 8, 1216, 400, 1220, 405, -4, -5, -2.2455372690184494, 6.4031242374328485
42, 9, 820, 68, 821, 73, -1, -5, -1.7681918866447774, 5.0990195135927845
42, 10, 637, 23, 637, 25, 0, -2, -1.5707963267948966, 2.0
42, 11, 746, 70, 746, 69, 0, 1, 1.5707963267948966, 1.0
42, 12, 1201, 359, 1203, 363, -2, -4, -2.0344439357957027, 4.47213595499958
42, 13, 133, 618, 131, 614, 2, 4, 1.1071487177940904, 4.47213595499958
42, 14, 490, 104, 491, 108, -1, -4, -1.8157749899217608, 4.123105625617661
42, 15, 808, 37, 809, 41, -1, -4, -1.8157749899217608, 4.123105625617661
42, 16, 1192, 150, 1192, 148, 0, 2, 1.5707963267948966, 2.0
42, 17, 479, 320, 478, 324, 1, -4, -1.3258176636680326, 4.123105625617661
42, 18, 152, 401, 154, 398, -2, 3, 2.158798930342464, 3.605551275463989
42, 19, 173, 472, 174, 469, -1, 3, 1.892546881191539, 3.1622776601683795
42, 20, 1021, 354, 1020, 352, 1, 2, 1.1071487177940904, 2.23606797749979
42, 21, 285, 341, 284, 341, 1, 0, 0.0, 1.0
42, 22, 332, 370, 333, 370, -1, 0, 3.141592653589793, 1.0
42, 23, 724, 701, 725, 707, -1, -6, -1.7359450042095235, 6.082762530298219
42, 24, 1057, 323, 1057, 320, 0, 3, 1.5707963267948966, 3.0
42, 25, 533, 253, 534, 257, -1, -4, -1.8157749899217608, 4.123105625617661
42, 26, 482, 94, 483, 97, -1, -3, -1.892546881191539, 3.1622776601683795
42, 27, 1155, 42, 1155, 39, 0, 3, 1.5707963267948966, 3.0
42, 28, 630, 33, 630, 34, 0, -1, -1.5707963267948966, 1.0
42, 29, 819, 87, 820, 91, -1, -4, -1.8157749899217608, 4.123105625617661
42, 30, 1261, 127, 1264, 124, -3, 3, 2.356194490192345, 4.242640687119285
42, 31, 745, 700, 747, 704, -2, -4, -2.0344439357957027, 4.47213595499958
42, 32, 537, 78, 537, 78, 0, 0, 0.0, 0.0
42, 33, 491, 182, 492, 184, -1, -2, -2.0344439357957027, 2.23606797749979
42, 34, 836, 527, 840, 528, -4, -1, -2.896613990462929, 4.123105625617661
42, 35, 264, 352, 263, 353, 1, -1, -0.7853981633974483, 1.4142135623730951
42, 36, 1167, 195, 1166, 192, 1, 3, 1.2490457723982544, 3.1622776601683795
42, 37, 753, 76, 753, 75, 0, 1, 1.5707963267948966, 1.0
42, 38, 478, 103, 479, 106, -1, -3, -1.892546881191539, 3.1622776601683795
42, 39, 842, 565, 846, 562, -4, 3, 2.498091544796509, 5.0
42, 40, 512, 216, 512, 221, 0, -5, -1.5707963267948966, 5.0
42, 41, 630, 171, 630, 167, 0, 4, 1.5707963267948966, 4.0
42, 42, 766, 501, 768, 504, -2, -3, -2.158798930342464, 3.605551275463989
42, 43, 1026, 459, 1025, 456, 1, 3, 1.2490457723982544, 3.1622776601683795
42, 44, 319, 405, 319, 405, 0, 0, 0.0, 0.0
42, 45, 583, 42, 581, 42, 2, 0, 0.0, 2.0
42, 46, 671, 178, 671, 174, 0, 4, 1.5707963267948966, 4.0
42, 47, 806, 46, 807, 50, -1, -4, -1.8157749899217608, 4.123105625617661
42, 48, 254, 401, 254, 402, 0, -1, -1.5707963267948966, 1.0
42, 49, 462, 322, 463, 325, -1, -3, -1.892546881191539, 3.1622776601683795
42, 50, 683, 114, 683, 110, 0, 4, 1.5707963267948966, 4.0
42, 51, 544, 39, 544, 39, 0, 0, 0.0, 0.0
42, 52, 689, 127, 689, 123, 0, 4, 1.5707963267948966, 4.0
42, 53, 265, 344, 264, 345, 1, -1, -0.7853981633974483, 1.4142135623730951
42, 54, 391, 179, 391, 176, 0, 3, 1.5707963267948966, 3.0
42, 55, 285, 354, 283, 355, 2, -1, -0.4636476090008061, 2.23606797749979
42, 56, 309, 339, 309, 340, 0, -1, -1.5707963267948966, 1.0
42, 57, 1078, 88, 1079, 88, -1, 0, 3.141592653589793, 1.0
42, 58, 867, 493, 872, 491, -5, 2, 2.761086276477428, 5.385164807134504
42, 59, 678, 199, 678, 198, 0, 1, 1.5707963267948966, 1.0
42, 60, 1056, 344, 1055, 339, 1, 5, 1.373400766945016, 5.0990195135927845
42, 61, 743, 137, 743, 137, 0, 0, 0.0, 0.0
42, 62, 778, 307, 776, 308, 2, -1, -0.4636476090008061, 2.23606797749979
42, 63, 63, 86, 63, 86, 0, 0, 0.0, 0.0
42, 64, 295, 333, 295, 334, 0, -1, -1.5707963267948966, 1.0
42, 65, 937, 31, 940, 31, -3, 0, 3.141592653589793, 3.0
42, 66, 631, 245, 632, 245, -1, 0, 3.141592653589793, 1.0
42, 67, 641, 32, 640, 34, 1, -2, -1.1071487177940904, 2.23606797749979
42, 68, 1113, 24, 1111, 22, 2, 2, 0.7853981633974483, 2.8284271247461903
42, 69, 410, 245, 411, 242, -1, 3, 1.892546881191539, 3.1622776601683795
42, 70, 820, 52, 821, 56, -1, -4, -1.8157749899217608, 4.123105625617661
42, 71, 732, 550, 733, 552, -1, -2, -2.0344439357957027, 2.23606797749979
42, 72, 286, 393, 285, 394, 1, -1, -0.7853981633974483, 1.4142135623730951
42, 73, 1081, 66, 1080, 66, 1, 0, 0.0, 1.0
42, 74, 637, 99, 637, 100, 0, -1, -1.5707963267948966, 1.0
42, 75, 762, 608, 763, 612, -1, -4, -1.8157749899217608, 4.123105625617661
42, 76, 938, 114, 938, 114, 0, 0, 0.0, 0.0
42, 77, 331, 380, 331, 380, 0, 0, 0.0, 0.0
42, 78, 196, 453, 198, 450, -2, 3, 2.158798930342464, 3.605551275463989
42, 79, 742, 77, 742, 76, 0, 1, 1.5707963267948966, 1.0
42, 80, 584, 50, 582, 50, 2, 0, 0.0, 2.0
42, 81, 1194, 141, 1193, 140, 1, 1, 0.7853981633974483, 1.4142135623730951
42, 82, 911, 22, 915, 22, -4, 0, 3.141592653589793, 4.0
42, 83, 86, 157, 87, 157, -1, 0, 3.141592653589793, 1.0
42, 84, 332, 420, 332, 420, 0, 0, 0.0, 0.0
42, 85, 1085, 33, 1083, 32, 2, 1, 0.4636476090008061, 2.23606797749979
42, 86, 910, 11, 914, 11, -4, 0, 3.141592653589793, 4.0
42, 87, 506, 258, 507, 261, -1, -3, -1.892546881191539, 3.1622776601683795
42, 88, 1092, 25, 1090, 24, 2, 1, 0.4636476090008061, 2.23606797749979
42, 89, 82, 590, 81, 587, 1, 3, 1.2490457723982544, 3.1622776601683795
42, 90, 392, 290, 392, 286, 0, 4, 1.5707963267948966, 4.0
42, 91, 837, 558, 842, 556, -5, 2, 2.761086276477428, 5.385164807134504
42, 92, 1077, 466, 1075, 464, 2, 2, 0.7853981633974483, 2.8284271247461903
42, 93, 626, 52, 628, 52, -2, 0, 3.141592653589793, 2.0
42, 94, 509, 24, 509, 25, 0, -1, -1.5707963267948966, 1.0
42, 95, 152, 459, 153, 457, -1, 2, 2.0344439357957027, 2.23606797749979
42, 96, 13, 115, 14, 115, -1, 0, 3.141592653589793, 1.0
42, 97, 1111, 91, 1109, 90, 2, 1, 0.4636476090008061, 2.23606797749979
42, 98, 485, 419, 486, 423, -1, -4, -1.8157749899217608, 4.123105625617661
42, 99, 582, 120, 582, 121, 0, -1, -1.5707963267948966, 1.0
42, 100, 790, 257, 789, 262, 1, -5, -1.373400766945016, 5.0990195135927845
42, 101, 925, 108, 925, 108, 0, 0, 0.0, 0.0
42, 102, 868, 564, 872, 564, -4, 0, 3.141592653589793, 4.0
42, 103, 293, 392, 293, 393, 0, -1, -1.5707963267948966, 1.0
42, 104, 1197, 166, 1197, 163, 0, 3, 1.5707963267948966, 3.0
42, 105, 1247, 156, 1245, 154, 2, 2, 0.7853981633974483, 2.8284271247461903
42, 106, 847, 575, 852, 573, -5, 2, 2.761086276477428, 5.385164807134504
42, 107, 766, 559, 770, 563, -4, -4, -2.356194490192345, 5.656854249492381
42, 108, 1216, 371, 1219, 376, -3, -5, -2.1112158270654806, 5.830951894845301
42, 109, 1160, 221, 1160, 219, 0, 2, 1.5707963267948966, 2.0
42, 110, 1076, 79, 1076, 79, 0, 0, 0.0, 0.0
42, 111, 933, 107, 933, 107, 0, 0, 0.0, 0.0
42, 112, 1227, 187, 1226, 184, 1, 3, 1.2490457723982544, 3.1622776601683795
42, 113, 154, 391, 157, 388, -3, 3, 2.356194490192345, 4.242640687119285
42, 114, 472, 308, 471, 312, 1, -4, -1.3258176636680326, 4.123105625617661
42, 115, 852, 73, 853, 73, -1, 0, 3.141592653589793, 1.0
42, 116, 296, 364, 295, 365, 1, -1, -0.7853981633974483, 1.4142135623730951
42, 117, 1194, 475, 1195, 479, -1, -4, -1.8157749899217608, 4.123105625617661
42, 118, 850, 494, 855, 495, -5, -1, -2.9441970937399127, 5.0990195135927845
42, 119, 1194, 105, 1193, 104, 1, 1, 0.7853981633974483, 1.4142135623730951
42, 120, 280, 323, 281, 323, -1, 0, 3.141592653589793, 1.0
42, 121, 164, 391, 166, 388, -2, 3, 2.158798930342464, 3.605551275463989
42, 122, 295, 384, 295, 385, 0, -1, -1.5707963267948966, 1.0
42, 123, 627, 70, 627, 71, 0, -1, -1.5707963267948966, 1.0
42, 124, 305, 377, 306, 377, -1, 0, 3.141592653589793, 1.0
42, 125, 649, 209, 649, 206, 0, 3, 1.5707963267948966, 3.0
42, 126, 131, 678, 131, 678, 0, 0, 0.0, 0.0
42, 127, 280, 361, 278, 362, 2, -1, -0.4636476090008061, 2.23606797749979
42, 128, 1047, 529, 1047, 529, 0, 0, 0.0, 0.0
42, 129, 868, 501, 873, 499, -5, 2, 2.761086276477428, 5.385164807134504
42, 130, 77, 158, 78, 158, -1, 0, 3.141592653589793, 1.0
42, 131, 617, 216, 617, 212, 0, 4, 1.5707963267948966, 4.0
42, 132, 877, 537, 881, 539, -4, -2, -2.677945044588987, 4.47213595499958
42, 133, 1095, 87, 1095, 87, 0, 0, 0.0, 0.0
42, 134, 1191, 98, 1191, 97, 0, 1, 1.5707963267948966, 1.0
42, 135, 1158, 200, 1156, 197, 2, 3, 0.982793723247329, 3.605551275463989
42, 136, 873, 506, 877, 505, -4, 1, 2.896613990462929, 4.123105625617661
42, 137, 542, 46, 542, 46, 0, 0, 0.0, 0.0
42, 138, 76, 601, 74, 598, 2, 3, 0.982793723247329, 3.605551275463989
42, 139, 409, 327, 409, 327, 0, 0, 0.0, 0.0
42, 140, 1261, 152, 1271, 152, -10, 0, 3.141592653589793, 10.0
42, 141, 1152, 82, 1153, 78, -1, 4, 1.8157749899217608, 4.123105625617661
42, 142, 191, 22, 192, 22, -1, 0, 3.141592653589793, 1.0
42, 143, 1094, 63, 1093, 62, 1, 1, 0.7853981633974483, 1.4142135623730951
42, 144, 1053, 427, 1049, 426, 4, 1, 0.24497866312686414, 4.123105625617661
42, 145, 839, 536, 842, 537, -3, -1, -2.819842099193151, 3.1622776601683795
42, 146, 245, 25, 243, 27, 2, -2, -0.7853981633974483, 2.8284271247461903
42, 147, 122, 648, 120, 646, 2, 2, 0.7853981633974483, 2.8284271247461903
42, 148, 240, 326, 240, 326, 0, 0, 0.0, 0.0
42, 149, 238, 20, 236, 22, 2, -2, -0.7853981633974483, 2.8284271247461903
42, 150, 486, 175, 486, 177, 0, -2, -1.5707963267948966, 2.0
42, 151, 806, 309, 806, 312, 0, -3, -1.5707963267948966, 3.0
42, 152, 1030, 420, 1026, 418, 4, 2, 0.4636476090008061, 4.47213595499958
42, 153, 521, 225, 521, 229, 0, -4, -1.5707963267948966, 4.0
42, 154, 1057, 314, 1056, 310, 1, 4, 1.3258176636680326, 4.123105625617661
43, 0, 253, 353, 253, 353, 0, 0, 0.0, 0.0
43, 1, 1177, 436, 1180, 436, -3, 0, 3.141592653589793, 3.0
43, 2, 258, 388, 258, 389, 0, -1, -1.5707963267948966, 1.0
43, 3, 272, 333, 272, 333, 0, 0, 0.0, 0.0
43, 4, 1200, 368, 1202, 373, -2, -5, -1.9513027039072615, 5.385164807134504
43, 5, 1182, 396, 1184, 401, -2, -5, -1.9513027039072615, 5.385164807134504
43, 6, 791, 58, 792, 60, -1, -2, -2.0344439357957027, 2.23606797749979
43, 7, 814, 43, 815, 46, -1, -3, -1.892546881191539, 3.1622776601683795
43, 8, 1213, 395, 1216, 400, -3, -5, -2.1112158270654806, 5.830951894845301
43, 9, 819, 65, 820, 68, -1, -3, -1.892546881191539, 3.1622776601683795
43, 10, 638, 22, 637, 23, 1, -1, -0.7853981633974483, 1.4142135623730951
43, 11, 746, 71, 746, 70, 0, 1, 1.5707963267948966, 1.0
43, 12, 1199, 354, 1201, 359, -2, -5, -1.9513027039072615, 5.385164807134504
43, 13, 134, 620, 133, 618, 1, 2, 1.1071487177940904, 2.23606797749979
43, 14, 489, 102, 490, 104, -1, -2, -2.0344439357957027, 2.23606797749979
43, 15, 807, 34, 808, 37, -1, -3, -1.892546881191539, 3.1622776601683795
43, 16, 1192, 152, 1192, 150, 0, 2, 1.5707963267948966, 2.0
43, 17, 479, 316, 479, 320, 0, -4, -1.5707963267948966, 4.0
43, 18, 149, 404, 152, 401, -3, 3, 2.356194490192345, 4.242640687119285
43, 19, 169, 474, 173, 472, -4, 2, 2.677945044588987, 4.47213595499958
43, 20, 1023, 356, 1021, 354, 2, 2, 0.7853981633974483, 2.8284271247461903
43, 21, 285, 341, 285, 341, 0, 0, 0.0, 0.0
43, 22, 331, 370, 332, 370, -1, 0, 3.141592653589793, 1.0
43, 23, 723, 696, 724, 701, -1, -5, -1.7681918866447774, 5.0990195135927845
43, 24, 1058, 327, 1057, 323, 1, 4, 1.3258176636680326, 4.123105625617661
43, 25, 532, 249, 533, 253, -1, -4, -1.8157749899217608, 4.123105625617661
43, 26, 481, 92, 482, 94, -1, -2, -2.0344439357957027, 2.23606797749979
43, 27, 1155, 42, 1155, 42, 0, 0, 0.0, 0.0
43, 28, 630, 32, 630, 33, 0, -1, -1.5707963267948966, 1.0
43, 29, 818, 84, 819, 87, -1, -3, -1.892546881191539, 3.1622776601683795
43, 30, 1260, 127, 1261, 127, -1, 0, 3.141592653589793, 1.0
43, 31, 743, 695, 745, 700, -2, -5, -1.9513027039072615, 5.385164807134504
43, 32, 537, 78, 537, 78, 0, 0, 0.0, 0.0
43, 33, 832, 527, 836, 527, -4, 0, 3.141592653589793, 4.0
43, 34, 264, 352, 264, 352, 0, 0, 0.0, 0.0
43, 35, 1168, 198, 1167, 195, 1, 3, 1.2490457723982544, 3.1622776601683795
43, 36, 753, 77, 753, 76, 0, 1, 1.5707963267948966, 1.0
43, 37, 477, 101, 478, 103, -1, -2, -2.0344439357957027, 2.23606797749979
43, 38, 841, 567, 842, 565, -1, 2, 2.0344439357957027, 2.23606797749979
43, 39, 512, 212, 512, 216, 0, -4, -1.5707963267948966, 4.0
43, 40, 630, 173, 630, 171, 0, 2, 1.5707963267948966, 2.0
43, 41, 763, 497, 766, 501, -3, -4, -2.214297435588181, 5.0
43, 42, 1028, 462, 1026, 459, 2, 3, 0.982793723247329, 3.605551275463989
43, 43, 319, 405, 319, 405, 0, 0, 0.0, 0.0
43, 44, 584, 42, 583, 42, 1, 0, 0.0, 1.0
43, 45, 671, 180, 671, 178, 0, 2, 1.5707963267948966, 2.0
43, 46, 805, 43, 806, 46, -1, -3, -1.892546881191539, 3.1622776601683795
43, 47, 254, 401, 254, 401, 0, 0, 0.0, 0.0
43, 48, 462, 317, 462, 322, 0, -5, -1.5707963267948966, 5.0
43, 49, 683, 117, 683, 114, 0, 3, 1.5707963267948966, 3.0
43, 50, 544, 39, 544, 39, 0, 0, 0.0, 0.0
43, 51, 689, 130, 689, 127, 0, 3, 1.5707963267948966, 3.0
43, 52, 265, 344, 265, 344, 0, 0, 0.0, 0.0
43, 53, 391, 181, 391, 179, 0, 2, 1.5707963267948966, 2.0
43, 54, 285, 354, 285, 354, 0, 0, 0.0, 0.0
43, 55, 309, 338, 309, 339, 0, -1, -1.5707963267948966, 1.0
43, 56, 1079, 88, 1078, 88, 1, 0, 0.0, 1.0
43, 57, 862, 494, 867, 493, -5, 1, 2.9441970937399127, 5.0990195135927845
43, 58, 677, 200, 678, 199, -1, 1, 2.356194490192345, 1.4142135623730951
43, 59, 1057, 349, 1056, 344, 1, 5, 1.373400766945016, 5.0990195135927845
43, 60, 743, 138, 743, 137, 0, 1, 1.5707963267948966, 1.0
43, 61, 779, 307, 778, 307, 1, 0, 0.0, 1.0
43, 62, 63, 86, 63, 86, 0, 0, 0.0, 0.0
43, 63, 936, 31, 937, 31, -1, 0, 3.141592653589793, 1.0
43, 64, 630, 245, 631, 245, -1, 0, 3.141592653589793, 1.0
43, 65, 641, 31, 641, 32, 0, -1, -1.5707963267948966, 1.0
43, 66, 1114, 24, 1113, 24, 1, 0, 0.0, 1.0
43, 67, 409, 246, 410, 245, -1, 1, 2.356194490192345, 1.4142135623730951
43, 68, 819, 49, 820, 52, -1, -3, -1.892546881191539, 3.1622776601683795
43, 69, 731, 547, 732, 550, -1, -3, -1.892546881191539, 3.1622776601683795
43, 70, 286, 392, 286, 393, 0, -1, -1.5707963267948966, 1.0
43, 71, 1082, 66, 1081, 66, 1, 0, 0.0, 1.0
43, 72, 637, 98, 637, 99, 0, -1, -1.5707963267948966, 1.0
43, 73, 761, 603, 762, 608, -1, -5, -1.7681918866447774, 5.0990195135927845
43, 74, 937, 114, 938, 114, -1, 0, 3.141592653589793, 1.0
43, 75, 331, 380, 331, 380, 0, 0, 0.0, 0.0
43, 76, 194, 455, 196, 453, -2, 2, 2.356194490192345, 2.8284271247461903
43, 77, 742, 77, 742, 77, 0, 0, 0.0, 0.0
43, 78, 584, 50, 584, 50, 0, 0, 0.0, 0.0
43, 79, 1194, 142, 1194, 141, 0, 1, 1.5707963267948966, 1.0
43, 80, 909, 22, 911, 22, -2, 0, 3.141592653589793, 2.0
43, 81, 85, 157, 86, 157, -1, 0, 3.141592653589793, 1.0
43, 82, 332, 420, 332, 420, 0, 0, 0.0, 0.0
43, 83, 1086, 33, 1085, 33, 1, 0, 0.0, 1.0
43, 84, 908, 11, 910, 11, -2, 0, 3.141592653589793, 2.0
43, 85, 505, 254, 506, 258, -1, -4, -1.8157749899217608, 4.123105625617661
43, 86, 1093, 25, 1092, 25, 1, 0, 0.0, 1.0
43, 87, 83, 592, 82, 590, 1, 2, 1.1071487177940904, 2.23606797749979
43, 88, 391, 291, 392, 290, -1, 1, 2.356194490192345, 1.4142135623730951
43, 89, 833, 559, 837, 558, -4, 1, 2.896613990462929, 4.123105625617661
43, 90, 1079, 469, 1077, 466, 2, 3, 0.982793723247329, 3.605551275463989
43, 91, 625, 52, 626, 52, -1, 0, 3.141592653589793, 1.0
43, 92, 509, 23, 509, 24, 0, -1, -1.5707963267948966, 1.0
43, 93, 151, 461, 152, 459, -1, 2, 2.0344439357957027, 2.23606797749979
43, 94, 15, 115, 13, 115, 2, 0, 0.0, 2.0
43, 95, 1111, 92, 1111, 91, 0, 1, 1.5707963267948966, 1.0
43, 96, 483, 416, 485, 419, -2, -3, -2.158798930342464, 3.605551275463989
43, 97, 582, 120, 582, 120, 0, 0, 0.0, 0.0
43, 98, 790, 253, 790, 257, 0, -4, -1.5707963267948966, 4.0
43, 99, 925, 108, 925, 108, 0, 0, 0.0, 0.0
43, 100, 865, 565, 868, 564, -3, 1, 2.819842099193151, 3.1622776601683795
43, 101, 293, 391, 293, 392, 0, -1, -1.5707963267948966, 1.0
43, 102, 1197, 168, 1197, 166, 0, 2, 1.5707963267948966, 2.0
43, 103, 1248, 159, 1247, 156, 1, 3, 1.2490457723982544, 3.1622776601683795
43, 104, 845, 574, 847, 575, -2, -1, -2.677945044588987, 2.23606797749979
43, 105, 764, 552, 766, 559, -2, -7, -1.849095985800008, 7.280109889280518
43, 106, 1214, 366, 1216, 371, -2, -5, -1.9513027039072615, 5.385164807134504
43, 107, 1160, 222, 1160, 221, 0, 1, 1.5707963267948966, 1.0
43, 108, 1077, 79, 1076, 79, 1, 0, 0.0, 1.0
43, 109, 933, 107, 933, 107, 0, 0, 0.0, 0.0
43, 110, 1227, 191, 1227, 187, 0, 4, 1.5707963267948966, 4.0
43, 111, 151, 394, 154, 391, -3, 3, 2.356194490192345, 4.242640687119285
43, 112, 472, 304, 472, 308, 0, -4, -1.5707963267948966, 4.0
43, 113, 851, 73, 852, 73, -1, 0, 3.141592653589793, 1.0
43, 114, 296, 363, 296, 364, 0, -1, -1.5707963267948966, 1.0
43, 115, 1193, 471, 1194, 475, -1, -4, -1.8157749899217608, 4.123105625617661
43, 116, 845, 494, 850, 494, -5, 0, 3.141592653589793, 5.0
43, 117, 1194, 105, 1194, 105, 0, 0, 0.0, 0.0
43, 118, 279, 323, 280, 323, -1, 0, 3.141592653589793, 1.0
43, 119, 161, 394, 164, 391, -3, 3, 2.356194490192345, 4.242640687119285
43, 120, 295, 384, 295, 384, 0, 0, 0.0, 0.0
43, 121, 626, 70, 627, 70, -1, 0, 3.141592653589793, 1.0
43, 122, 305, 377, 305, 377, 0, 0, 0.0, 0.0
43, 123, 649, 212, 649, 209, 0, 3, 1.5707963267948966, 3.0
43, 124, 131, 678, 131, 678, 0, 0, 0.0, 0.0
43, 125, 280, 360, 280, 361, 0, -1, -1.5707963267948966, 1.0
43, 126, 1046, 529, 1047, 529, -1, 0, 3.141592653589793, 1.0
43, 127, 863, 502, 868, 501, -5, 1, 2.9441970937399127, 5.0990195135927845
43, 128, 76, 158, 77, 158, -1, 0, 3.141592653589793, 1.0
43, 129, 617, 218, 617, 216, 0, 2, 1.5707963267948966, 2.0
43, 130, 873, 537, 877, 537, -4, 0, 3.141592653589793, 4.0
43, 131, 1095, 87, 1095, 87, 0, 0, 0.0, 0.0
43, 132, 1191, 99, 1191, 98, 0, 1, 1.5707963267948966, 1.0
43, 133, 1159, 203, 1158, 200, 1, 3, 1.2490457723982544, 3.1622776601683795
43, 134, 868, 507, 873, 506, -5, 1, 2.9441970937399127, 5.0990195135927845
43, 135, 542, 46, 542, 46, 0, 0, 0.0, 0.0
43, 136, 77, 603, 76, 601, 1, 2, 1.1071487177940904, 2.23606797749979
43, 137, 408, 327, 409, 327, -1, 0, 3.141592653589793, 1.0
43, 138, 1261, 154, 1261, 152, 0, 2, 1.5707963267948966, 2.0
43, 139, 1152, 82, 1152, 82, 0, 0, 0.0, 0.0
43, 140, 190, 23, 191, 22, -1, 1, 2.356194490192345, 1.4142135623730951
43, 141, 1095, 63, 1094, 63, 1, 0, 0.0, 1.0
43, 142, 1055, 430, 1053, 427, 2, 3, 0.982793723247329, 3.605551275463989
43, 143, 835, 536, 839, 536, -4, 0, 3.141592653589793, 4.0
43, 144, 246, 24, 245, 25, 1, -1, -0.7853981633974483, 1.4142135623730951
43, 145, 124, 651, 122, 648, 2, 3, 0.982793723247329, 3.605551275463989
43, 146, 240, 326, 240, 326, 0, 0, 0.0, 0.0
43, 147, 239, 19, 238, 20, 1, -1, -0.7853981633974483, 1.4142135623730951
43, 148, 486, 172, 486, 175, 0, -3, -1.5707963267948966, 3.0
43, 149, 806, 306, 806, 309, 0, -3, -1.5707963267948966, 3.0
43, 150, 1033, 422, 1030, 420, 3, 2, 0.5880026035475675, 3.605551275463989
43, 151, 520, 221, 521, 225, -1, -4, -1.8157749899217608, 4.123105625617661
43, 152, 1058, 318, 1057, 314, 1, 4, 1.3258176636680326, 4.123105625617661
44, 0, 253, 353, 253, 354, 0, -1, -1.5707963267948966, 1.0
44, 1, 1215, 394, 1217, 399, -2, -5, -1.9513027039072615, 5.385164807134504
44, 2, 804, 306, 804, 309, 0, -3, -1.5707963267948966, 3.0
44, 3, 273, 333, 273, 333, 0, 0, 0.0, 0.0
44, 4, 1183, 395, 1185, 400, -2, -5, -1.9513027039072615, 5.385164807134504
44, 5, 793, 58, 794, 60, -1, -2, -2.0344439357957027, 2.23606797749979
44, 6, 814, 44, 815, 47, -1, -3, -1.892546881191539, 3.1622776601683795
44, 7, 1024, 365, 1023, 362, 1, 3, 1.2490457723982544, 3.1622776601683795
44, 8, 807, 36, 808, 38, -1, -2, -2.0344439357957027, 2.23606797749979
44, 9, 259, 389, 259, 390, 0, -1, -1.5707963267948966, 1.0
44, 10, 149, 405, 151, 402, -2, 3, 2.158798930342464, 3.605551275463989
44, 11, 532, 248, 533, 252, -1, -4, -1.8157749899217608, 4.123105625617661
44, 12, 1198, 352, 1200, 357, -2, -5, -1.9513027039072615, 5.385164807134504
44, 13, 478, 367, 478, 371, 0, -4, -1.5707963267948966, 4.0
44, 14, 134, 624, 132, 622, 2, 2, 0.7853981633974483, 2.8284271247461903
44, 15, 817, 86, 818, 88, -1, -2, -2.0344439357957027, 2.23606797749979
44, 16, 1200, 367, 1202, 371, -2, -4, -2.0344439357957027, 4.47213595499958
44, 17, 1060, 333, 1059, 329, 1, 4, 1.3258176636680326, 4.123105625617661
44, 18, 722, 692, 723, 697, -1, -5, -1.7681918866447774, 5.0990195135927845
44, 19, 820, 66, 821, 69, -1, -3, -1.892546881191539, 3.1622776601683795
44, 20, 743, 690, 745, 696, -2, -6, -1.892546881191539, 6.324555320336759
44, 21, 478, 314, 478, 318, 0, -4, -1.5707963267948966, 4.0
44, 22, 1184, 168, 1185, 166, -1, 2, 2.0344439357957027, 2.23606797749979
44, 23, 489, 104, 490, 106, -1, -2, -2.0344439357957027, 2.23606797749979
44, 24, 479, 102, 480, 104, -1, -2, -2.0344439357957027, 2.23606797749979
44, 25, 333, 370, 333, 370, 0, 0, 0.0, 0.0
44, 26, 285, 342, 285, 342, 0, 0, 0.0, 0.0
44, 27, 746, 72, 746, 71, 0, 1, 1.5707963267948966, 1.0
44, 28, 1169, 199, 1168, 197, 1, 2, 1.1071487177940904, 2.23606797749979
44, 29, 537, 79, 537, 79, 0, 0, 0.0, 0.0
44, 30, 1261, 127, 1263, 127, -2, 0, 3.141592653589793, 2.0
44, 31, 753, 78, 753, 77, 0, 1, 1.5707963267948966, 1.0
44, 32, 284, 355, 284, 355, 0, 0, 0.0, 0.0
44, 33, 492, 181, 492, 183, 0, -2, -1.5707963267948966, 2.0
44, 34, 295, 333, 295, 334, 0, -1, -1.5707963267948966, 1.0
44, 35, 631, 173, 631, 171, 0, 2, 1.5707963267948966, 2.0
44, 36, 874, 63, 875, 63, -1, 0, 3.141592653589793, 1.0
44, 37, 480, 93, 482, 95, -2, -2, -2.356194490192345, 2.8284271247461903
44, 38, 671, 179, 671, 177, 0, 2, 1.5707963267948966, 2.0
44, 39, 505, 250, 506, 254, -1, -4, -1.8157749899217608, 4.123105625617661
44, 40, 869, 542, 873, 541, -4, 1, 2.896613990462929, 4.123105625617661
44, 41, 1030, 464, 1028, 461, 2, 3, 0.982793723247329, 3.605551275463989
44, 42, 309, 339, 309, 340, 0, -1, -1.5707963267948966, 1.0
44, 43, 1156, 41, 1156, 41, 0, 0, 0.0, 0.0
44, 44, 512, 211, 512, 215, 0, -4, -1.5707963267948966, 4.0
44, 45, 637, 98, 637, 99, 0, -1, -1.5707963267948966, 1.0
44, 46, 183, 503, 185, 502, -2, 1, 2.677945044588987, 2.23606797749979
44, 47, 318, 405, 319, 405, -1, 0, 3.141592653589793, 1.0
44, 48, 683, 117, 683, 114, 0, 3, 1.5707963267948966, 3.0
44, 49, 637, 32, 637, 33, 0, -1, -1.5707963267948966, 1.0
44, 50, 464, 316, 464, 320, 0, -4, -1.5707963267948966, 4.0
44, 51, 411, 246, 412, 245, -1, 1, 2.356194490192345, 1.4142135623730951
44, 52, 761, 492, 763, 496, -2, -4, -2.0344439357957027, 4.47213595499958
44, 53, 254, 401, 254, 402, 0, -1, -1.5707963267948966, 1.0
44, 54, 1173, 254, 1173, 254, 0, 0, 0.0, 0.0
44, 55, 860, 493, 865, 492, -5, 1, 2.9441970937399127, 5.0990195135927845
44, 56, 543, 39, 543, 39, 0, 0, 0.0, 0.0
44, 57, 291, 389, 291, 390, 0, -1, -1.5707963267948966, 1.0
44, 58, 269, 353, 269, 353, 0, 0, 0.0, 0.0
44, 59, 690, 130, 690, 127, 0, 3, 1.5707963267948966, 3.0
44, 60, 629, 36, 629, 37, 0, -1, -1.5707963267948966, 1.0
44, 61, 743, 138, 743, 137, 0, 1, 1.5707963267948966, 1.0
44, 62, 1083, 66, 1082, 66, 1, 0, 0.0, 1.0
44, 63, 632, 245, 632, 245, 0, 0, 0.0, 0.0
44, 64, 257, 373, 257, 374, 0, -1, -1.5707963267948966, 1.0
44, 65, 1114, 23, 1113, 23, 1, 0, 0.0, 1.0
44, 66, 806, 45, 807, 47, -1, -2, -2.0344439357957027, 2.23606797749979
44, 67, 638, 17, 637, 20, 1, -3, -1.2490457723982544, 3.1622776601683795
44, 68, 583, 42, 583, 42, 0, 0, 0.0, 0.0
44, 69, 826, 529, 830, 529, -4, 0, 3.141592653589793, 4.0
44, 70, 63, 85, 63, 86, 0, -1, -1.5707963267948966, 1.0
44, 71, 391, 181, 391, 179, 0, 2, 1.5707963267948966, 2.0
44, 72, 819, 50, 820, 53, -1, -3, -1.892546881191539, 3.1622776601683795
44, 73, 1086, 34, 1085, 34, 1, 0, 0.0, 1.0
44, 74, 937, 114, 938, 114, -1, 0, 3.141592653589793, 1.0
44, 75, 330, 380, 331, 380, -1, 0, 3.141592653589793, 1.0
44, 76, 938, 32, 939, 32, -1, 0, 3.141592653589793, 1.0
44, 77, 910, 23, 912, 23, -2, 0, 3.141592653589793, 2.0
44, 78, 909, 12, 911, 12, -2, 0, 3.141592653589793, 2.0
44, 79, 742, 78, 742, 77, 0, 1, 1.5707963267948966, 1.0
44, 80, 1078, 92, 1077, 91, 1, 1, 0.7853981633974483, 1.4142135623730951
44, 81, 529, 298, 530, 301, -1, -3, -1.892546881191539, 3.1622776601683795
44, 82, 331, 420, 332, 420, -1, 0, 3.141592653589793, 1.0
44, 83, 265, 346, 265, 346, 0, 0, 0.0, 0.0
44, 84, 1220, 25, 1221, 25, -1, 0, 3.141592653589793, 1.0
44, 85, 825, 559, 830, 558, -5, 1, 2.9441970937399127, 5.0990195135927845
44, 86, 1058, 355, 1057, 349, 1, 6, 1.4056476493802699, 6.082762530298219
44, 87, 688, 208, 688, 206, 0, 2, 1.5707963267948966, 2.0
44, 88, 84, 592, 83, 590, 1, 2, 1.1071487177940904, 2.23606797749979
44, 89, 1228, 193, 1227, 190, 1, 3, 1.2490457723982544, 3.1622776601683795
44, 90, 391, 290, 392, 289, -1, 1, 2.356194490192345, 1.4142135623730951
44, 91, 750, 559, 751, 563, -1, -4, -1.8157749899217608, 4.123105625617661
44, 92, 509, 24, 509, 25, 0, -1, -1.5707963267948966, 1.0
44, 93, 1093, 25, 1092, 25, 1, 0, 0.0, 1.0
44, 94, 1200, 170, 1199, 168, 1, 2, 1.1071487177940904, 2.23606797749979
44, 95, 790, 255, 790, 258, 0, -3, -1.5707963267948966, 3.0
44, 96, 1159, 224, 1159, 223, 0, 1, 1.5707963267948966, 1.0
44, 97, 677, 198, 678, 198, -1, 0, 3.141592653589793, 1.0
44, 98, 1110, 92, 1111, 91, -1, 1, 2.356194490192345, 1.4142135623730951
44, 99, 862, 502, 867, 501, -5, 1, 2.9441970937399127, 5.0990195135927845
44, 100, 1054, 434, 1052, 431, 2, 3, 0.982793723247329, 3.605551275463989
44, 101, 1159, 204, 1158, 202, 1, 2, 1.1071487177940904, 2.23606797749979
44, 102, 248, 419, 249, 419, -1, 0, 3.141592653589793, 1.0
44, 103, 1194, 461, 1196, 467, -2, -6, -1.892546881191539, 6.324555320336759
44, 104, 296, 364, 296, 365, 0, -1, -1.5707963267948966, 1.0
44, 105, 131, 677, 131, 678, 0, -1, -1.5707963267948966, 1.0
44, 106, 618, 217, 618, 215, 0, 2, 1.5707963267948966, 2.0
44, 107, 1184, 466, 1187, 471, -3, -5, -2.1112158270654806, 5.830951894845301
44, 108, 583, 51, 583, 51, 0, 0, 0.0, 0.0
44, 109, 550, 112, 551, 112, -1, 0, 3.141592653589793, 1.0
44, 110, 395, 245, 396, 244, -1, 1, 2.356194490192345, 1.4142135623730951
44, 111, 579, 117, 579, 117, 0, 0, 0.0, 0.0
44, 112, 264, 402, 264, 403, 0, -1, -1.5707963267948966, 1.0
44, 113, 932, 26, 934, 27, -2, -1, -2.677945044588987, 2.23606797749979
44, 114, 925, 108, 925, 108, 0, 0, 0.0, 0.0
44, 115, 640, 265, 640, 264, 0, 1, 1.5707963267948966, 1.0
44, 116, 1194, 142, 1194, 141, 0, 1, 1.5707963267948966, 1.0
44, 117, 590, 120, 590, 120, 0, 0, 0.0, 0.0
44, 118, 397, 296, 398, 295, -1, 1, 2.356194490192345, 1.4142135623730951
44, 119, 189, 464, 191, 462, -2, 2, 2.356194490192345, 2.8284271247461903
44, 120, 1191, 154, 1191, 153, 0, 1, 1.5707963267948966, 1.0
44, 121, 171, 485, 173, 482, -2, 3, 2.158798930342464, 3.605551275463989
44, 122, 1132, 122, 1133, 122, -1, 0, 3.141592653589793, 1.0
44, 123, 650, 212, 650, 210, 0, 2, 1.5707963267948966, 2.0
44, 124, 933, 107, 933, 107, 0, 0, 0.0, 0.0
44, 125, 162, 396, 164, 393, -2, 3, 2.158798930342464, 3.605551275463989
44, 126, 279, 324, 280, 324, -1, 0, 3.141592653589793, 1.0
44, 127, 836, 573, 840, 574, -4, -1, -2.896613990462929, 4.123105625617661
44, 128, 1214, 365, 1216, 370, -2, -5, -1.9513027039072615, 5.385164807134504
44, 129, 569, 62, 569, 63, 0, -1, -1.5707963267948966, 1.0
44, 130, 750, 137, 750, 136, 0, 1, 1.5707963267948966, 1.0
44, 131, 830, 536, 834, 536, -4, 0, 3.141592653589793, 4.0
44, 132, 795, 316, 795, 318, 0, -2, -1.5707963267948966, 2.0
44, 133, 1046, 530, 1047, 529, -1, 1, 2.356194490192345, 1.4142135623730951
44, 134, 303, 398, 303, 398, 0, 0, 0.0, 0.0
44, 135, 1261, 153, 1271, 153, -10, 0, 3.141592653589793, 10.0
44, 136, 852, 73, 853, 73, -1, 0, 3.141592653589793, 1.0
44, 137, 300, 43, 300, 44, 0, -1, -1.5707963267948966, 1.0
44, 138, 725, 543, 727, 546, -2, -3, -2.158798930342464, 3.605551275463989
44, 139, 152, 397, 154, 393, -2, 4, 2.0344439357957027, 4.47213595499958
44, 140, 77, 603, 76, 601, 1, 2, 1.1071487177940904, 2.23606797749979
44, 141, 417, 212, 417, 211, 0, 1, 1.5707963267948966, 1.0
44, 142, 1246, 164, 1246, 161, 0, 3, 1.5707963267948966, 3.0
44, 143, 543, 46, 543, 46, 0, 0, 0.0, 0.0
44, 144, 1192, 99, 1192, 98, 0, 1, 1.5707963267948966, 1.0
44, 145, 1194, 106, 1194, 105, 0, 1, 1.5707963267948966, 1.0
44, 146, 1152, 81, 1152, 81, 0, 0, 0.0, 0.0
44, 147, 472, 301, 472, 305, 0, -4, -1.5707963267948966, 4.0
44, 148, 279, 362, 279, 362, 0, 0, 0.0, 0.0
44, 149, 790, 130, 790, 132, 0, -2, -1.5707963267948966, 2.0
44, 150, 1037, 430, 1035, 427, 2, 3, 0.982793723247329, 3.605551275463989
44, 151, 776, 298, 776, 300, 0, -2, -1.5707963267948966, 2.0
44, 152, 1095, 87, 1095, 87, 0, 0, 0.0, 0.0
44, 153, 266, 421, 266, 421, 0, 0, 0.0, 0.0
44, 154, 408, 327, 409, 327, -1, 0, 3.141592653589793, 1.0
44, 155, 1059, 323, 1058, 319, 1, 4, 1.3258176636680326, 4.123105625617661
44, 156, 917, 47, 919, 47, -2, 0, 3.141592653589793, 2.0
44, 157, 82, 115, 82, 115, 0, 0, 0.0, 0.0
44, 158, 1096, 64, 1095, 64, 1, 0, 0.0, 1.0
44, 159, 510, 222, 510, 226, 0, -4, -1.5707963267948966, 4.0
44, 160, 239, 326, 240, 326, -1, 0, 3.141592653589793, 1.0
44, 161, 1174, 436, 1177, 436, -3, 0, 3.141592653589793, 3.0
44, 162, 1261, 161, 1266, 160, -5, 1, 2.9441970937399127, 5.0990195135927845
44, 163, 844, 497, 849, 497, -5, 0, 3.141592653589793, 5.0
44, 164, 507, 229, 508, 233, -1, -4, -1.8157749899217608, 4.123105625617661
44, 165, 1084, 447, 1082, 444, 2, 3, 0.982793723247329, 3.605551275463989
45, 0, 253, 352, 253, 353, 0, -1, -1.5707963267948966, 1.0
45, 1, 1212, 389, 1215, 394, -3, -5, -2.1112158270654806, 5.830951894845301
45, 2, 804, 303, 804, 306, 0, -3, -1.5707963267948966, 3.0
45, 3, 273, 333, 273, 333, 0, 0, 0.0, 0.0
45, 4, 1180, 390, 1183, 395, -3, -5, -2.1112158270654806, 5.830951894845301
45, 5, 792, 56, 793, 58, -1, -2, -2.0344439357957027, 2.23606797749979
45, 6, 813, 42, 814, 44, -1, -2, -2.0344439357957027, 2.23606797749979
45, 7, 1025, 368, 1024, 365, 1, 3, 1.2490457723982544, 3.1622776601683795
45, 8, 806, 34, 807, 36, -1, -2, -2.0344439357957027, 2.23606797749979
45, 9, 259, 388, 259, 389, 0, -1, -1.5707963267948966, 1.0
45, 10, 147, 408, 149, 405, -2, 3, 2.158798930342464, 3.605551275463989
45, 11, 531, 245, 532, 248, -1, -3, -1.892546881191539, 3.1622776601683795
45, 12, 1195, 348, 1198, 352, -3, -4, -2.214297435588181, 5.0
45, 13, 478, 365, 478, 367, 0, -2, -1.5707963267948966, 2.0
45, 14, 136, 626, 134, 624, 2, 2, 0.7853981633974483, 2.8284271247461903
45, 15, 816, 84, 817, 86, -1, -2, -2.0344439357957027, 2.23606797749979
45, 16, 1197, 363, 1200, 367, -3, -4, -2.214297435588181, 5.0
45, 17, 1061, 337, 1060, 333, 1, 4, 1.3258176636680326, 4.123105625617661
45, 18, 721, 687, 722, 692, -1, -5, -1.7681918866447774, 5.0990195135927845
45, 19, 819, 63, 820, 66, -1, -3, -1.892546881191539, 3.1622776601683795
45, 20, 741, 685, 743, 690, -2, -5, -1.9513027039072615, 5.385164807134504
45, 21, 478, 310, 478, 314, 0, -4, -1.5707963267948966, 4.0
45, 22, 1183, 169, 1184, 168, -1, 1, 2.356194490192345, 1.4142135623730951
45, 23, 488, 101, 489, 104, -1, -3, -1.892546881191539, 3.1622776601683795
45, 24, 478, 99, 479, 102, -1, -3, -1.892546881191539, 3.1622776601683795
45, 25, 333, 370, 333, 370, 0, 0, 0.0, 0.0
45, 26, 285, 342, 285, 342, 0, 0, 0.0, 0.0
45, 27, 746, 74, 746, 72, 0, 2, 1.5707963267948966, 2.0
45, 28, 1170, 201, 1169, 199, 1, 2, 1.1071487177940904, 2.23606797749979
45, 29, 537, 79, 537, 79, 0, 0, 0.0, 0.0
45, 30, 1260, 127, 1261, 127, -1, 0, 3.141592653589793, 1.0
45, 31, 753, 80, 753, 78, 0, 2, 1.5707963267948966, 2.0
45, 32, 284, 355, 284, 355, 0, 0, 0.0, 0.0
45, 33, 492, 178, 492, 181, 0, -3, -1.5707963267948966, 3.0
45, 34, 295, 332, 295, 333, 0, -1, -1.5707963267948966, 1.0
45, 35, 631, 174, 631, 173, 0, 1, 1.5707963267948966, 1.0
45, 36, 873, 63, 874, 63, -1, 0, 3.141592653589793, 1.0
45, 37, 479, 90, 480, 93, -1, -3, -1.892546881191539, 3.1622776601683795
45, 38, 671, 182, 671, 179, 0, 3, 1.5707963267948966, 3.0
45, 39, 504, 246, 505, 250, -1, -4, -1.8157749899217608, 4.123105625617661
45, 40, 864, 542, 869, 542, -5, 0, 3.141592653589793, 5.0
45, 41, 1032, 468, 1030, 464, 2, 4, 1.1071487177940904, 4.47213595499958
45, 42, 309, 338, 309, 339, 0, -1, -1.5707963267948966, 1.0
45, 43, 1156, 41, 1156, 41, 0, 0, 0.0, 0.0
45, 44, 512, 207, 512, 211, 0, -4, -1.5707963267948966, 4.0
45, 45, 637, 97, 637, 98, 0, -1, -1.5707963267948966, 1.0
45, 46, 182, 504, 183, 503, -1, 1, 2.356194490192345, 1.4142135623730951
45, 47, 318, 404, 318, 405, 0, -1, -1.5707963267948966, 1.0
45, 48, 683, 120, 683, 117, 0, 3, 1.5707963267948966, 3.0
45, 49, 637, 30, 637, 32, 0, -2, -1.5707963267948966, 2.0
45, 50, 464, 312, 464, 316, 0, -4, -1.5707963267948966, 4.0
45, 51, 411, 247, 411, 246, 0, 1, 1.5707963267948966, 1.0
45, 52, 759, 488, 761, 492, -2, -4, -2.0344439357957027, 4.47213595499958
45, 53, 254, 401, 254, 401, 0, 0, 0.0, 0.0
45, 54, 1172, 254, 1173, 254, -1, 0, 3.141592653589793, 1.0
45, 55, 855, 494, 860, 493, -5, 1, 2.9441970937399127, 5.0990195135927845
45, 56, 543, 39, 543, 39, 0, 0, 0.0, 0.0
45, 57, 291, 388, 291, 389, 0, -1, -1.5707963267948966, 1.0
45, 58, 269, 352, 269, 353, 0, -1, -1.5707963267948966, 1.0
45, 59, 690, 133, 690, 130, 0, 3, 1.5707963267948966, 3.0
45, 60, 629, 34, 629, 36, 0, -2, -1.5707963267948966, 2.0
45, 61, 743, 139, 743, 138, 0, 1, 1.5707963267948966, 1.0
45, 62, 1083, 66, 1083, 66, 0, 0, 0.0, 0.0
45, 63, 632, 245, 632, 245, 0, 0, 0.0, 0.0
45, 64, 257, 372, 257, 373, 0, -1, -1.5707963267948966, 1.0
45, 65, 1115, 23, 1114, 23, 1, 0, 0.0, 1.0
45, 66, 805, 43, 806, 45, -1, -2, -2.0344439357957027, 2.23606797749979
45, 67, 639, 14, 638, 17, 1, -3, -1.2490457723982544, 3.1622776601683795
45, 68, 584, 42, 583, 42, 1, 0, 0.0, 1.0
45, 69, 821, 529, 826, 529, -5, 0, 3.141592653589793, 5.0
45, 70, 63, 84, 63, 85, 0, -1, -1.5707963267948966, 1.0
45, 71, 391, 183, 391, 181, 0, 2, 1.5707963267948966, 2.0
45, 72, 818, 48, 819, 50, -1, -2, -2.0344439357957027, 2.23606797749979
45, 73, 1087, 34, 1086, 34, 1, 0, 0.0, 1.0
45, 74, 937, 114, 937, 114, 0, 0, 0.0, 0.0
45, 75, 329, 380, 330, 380, -1, 0, 3.141592653589793, 1.0
45, 76, 908, 22, 910, 23, -2, -1, -2.677945044588987, 2.23606797749979
45, 77, 907, 11, 909, 12, -2, -1, -2.677945044588987, 2.23606797749979
45, 78, 742, 80, 742, 78, 0, 2, 1.5707963267948966, 2.0
45, 79, 1079, 92, 1078, 92, 1, 0, 0.0, 1.0
45, 80, 528, 296, 529, 298, -1, -2, -2.0344439357957027, 2.23606797749979
45, 81, 330, 420, 331, 420, -1, 0, 3.141592653589793, 1.0
45, 82, 265, 345, 265, 346, 0, -1, -1.5707963267948966, 1.0
45, 83, 1219, 25, 1220, 25, -1, 0, 3.141592653589793, 1.0
45, 84, 821, 560, 825, 559, -4, 1, 2.896613990462929, 4.123105625617661
45, 85, 1059, 360, 1058, 355, 1, 5, 1.373400766945016, 5.0990195135927845
45, 86, 688, 209, 688, 208, 0, 1, 1.5707963267948966, 1.0
45, 87, 85, 593, 84, 592, 1, 1, 0.7853981633974483, 1.4142135623730951
45, 88, 1229, 196, 1228, 193, 1, 3, 1.2490457723982544, 3.1622776601683795
45, 89, 390, 291, 391, 290, -1, 1, 2.356194490192345, 1.4142135623730951
45, 90, 749, 555, 750, 559, -1, -4, -1.8157749899217608, 4.123105625617661
45, 91, 509, 23, 509, 24, 0, -1, -1.5707963267948966, 1.0
45, 92, 1094, 26, 1093, 25, 1, 1, 0.7853981633974483, 1.4142135623730951
45, 93, 1201, 171, 1200, 170, 1, 1, 0.7853981633974483, 1.4142135623730951
45, 94, 790, 252, 790, 255, 0, -3, -1.5707963267948966, 3.0
45, 95, 1159, 224, 1159, 224, 0, 0, 0.0, 0.0
45, 96, 676, 198, 677, 198, -1, 0, 3.141592653589793, 1.0
45, 97, 1110, 93, 1110, 92, 0, 1, 1.5707963267948966, 1.0
45, 98, 857, 503, 862, 502, -5, 1, 2.9441970937399127, 5.0990195135927845
45, 99, 1056, 437, 1054, 434, 2, 3, 0.982793723247329, 3.605551275463989
45, 100, 1160, 206, 1159, 204, 1, 2, 1.1071487177940904, 2.23606797749979
45, 101, 247, 419, 248, 419, -1, 0, 3.141592653589793, 1.0
45, 102, 1192, 457, 1194, 461, -2, -4, -2.0344439357957027, 4.47213595499958
45, 103, 296, 363, 296, 364, 0, -1, -1.5707963267948966, 1.0
45, 104, 131, 677, 131, 677, 0, 0, 0.0, 0.0
45, 105, 618, 220, 618, 217, 0, 3, 1.5707963267948966, 3.0
45, 106, 1181, 462, 1184, 466, -3, -4, -2.214297435588181, 5.0
45, 107, 584, 51, 583, 51, 1, 0, 0.0, 1.0
45, 108, 549, 112, 550, 112, -1, 0, 3.141592653589793, 1.0
45, 109, 395, 246, 395, 245, 0, 1, 1.5707963267948966, 1.0
45, 110, 579, 117, 579, 117, 0, 0, 0.0, 0.0
45, 111, 264, 401, 264, 402, 0, -1, -1.5707963267948966, 1.0
45, 112, 930, 25, 932, 26, -2, -1, -2.677945044588987, 2.23606797749979
45, 113, 925, 108, 925, 108, 0, 0, 0.0, 0.0
45, 114, 640, 265, 640, 265, 0, 0, 0.0, 0.0
45, 115, 1194, 143, 1194, 142, 0, 1, 1.5707963267948966, 1.0
45, 116, 590, 120, 590, 120, 0, 0, 0.0, 0.0
45, 117, 396, 297, 397, 296, -1, 1, 2.356194490192345, 1.4142135623730951
45, 118, 187, 462, 189, 464, -2, -2, -2.356194490192345, 2.8284271247461903
45, 119, 1191, 155, 1191, 154, 0, 1, 1.5707963267948966, 1.0
45, 120, 169, 487, 171, 485, -2, 2, 2.356194490192345, 2.8284271247461903
45, 121, 1131, 122, 1132, 122, -1, 0, 3.141592653589793, 1.0
45, 122, 650, 214, 650, 212, 0, 2, 1.5707963267948966, 2.0
45, 123, 933, 107, 933, 107, 0, 0, 0.0, 0.0
45, 124, 160, 400, 162, 396, -2, 4, 2.0344439357957027, 4.47213595499958
45, 125, 278, 324, 279, 324, -1, 0, 3.141592653589793, 1.0
45, 126, 832, 574, 836, 573, -4, 1, 2.896613990462929, 4.123105625617661
45, 127, 1211, 360, 1214, 365, -3, -5, -2.1112158270654806, 5.830951894845301
45, 128, 569, 61, 569, 62, 0, -1, -1.5707963267948966, 1.0
45, 129, 750, 138, 750, 137, 0, 1, 1.5707963267948966, 1.0
45, 130, 826, 536, 830, 536, -4, 0, 3.141592653589793, 4.0
45, 131, 794, 313, 795, 316, -1, -3, -1.892546881191539, 3.1622776601683795
45, 132, 1047, 532, 1046, 530, 1, 2, 1.1071487177940904, 2.23606797749979
45, 133, 303, 397, 303, 398, 0, -1, -1.5707963267948966, 1.0
45, 134, 1260, 154, 1261, 153, -1, 1, 2.356194490192345, 1.4142135623730951
45, 135, 851, 73, 852, 73, -1, 0, 3.141592653589793, 1.0
45, 136, 300, 42, 300, 43, 0, -1, -1.5707963267948966, 1.0
45, 137, 724, 540, 725, 543, -1, -3, -1.892546881191539, 3.1622776601683795
45, 138, 150, 401, 152, 397, -2, 4, 2.0344439357957027, 4.47213595499958
45, 139, 78, 604, 77, 603, 1, 1, 0.7853981633974483, 1.4142135623730951
45, 140, 417, 214, 417, 212, 0, 2, 1.5707963267948966, 2.0
45, 141, 1246, 167, 1246, 164, 0, 3, 1.5707963267948966, 3.0
45, 142, 543, 46, 543, 46, 0, 0, 0.0, 0.0
45, 143, 1192, 100, 1192, 99, 0, 1, 1.5707963267948966, 1.0
45, 144, 1194, 107, 1194, 106, 0, 1, 1.5707963267948966, 1.0
45, 145, 1152, 81, 1152, 81, 0, 0, 0.0, 0.0
45, 146, 472, 297, 472, 301, 0, -4, -1.5707963267948966, 4.0
45, 147, 279, 361, 279, 362, 0, -1, -1.5707963267948966, 1.0
45, 148, 790, 128, 790, 130, 0, -2, -1.5707963267948966, 2.0
45, 149, 1037, 432, 1037, 430, 0, 2, 1.5707963267948966, 2.0
45, 150, 776, 296, 776, 298, 0, -2, -1.5707963267948966, 2.0
45, 151, 1095, 87, 1095, 87, 0, 0, 0.0, 0.0
45, 152, 266, 421, 266, 421, 0, 0, 0.0, 0.0
45, 153, 407, 327, 408, 327, -1, 0, 3.141592653589793, 1.0
45, 154, 1061, 327, 1059, 323, 2, 4, 1.1071487177940904, 4.47213595499958
45, 155, 915, 48, 917, 47, -2, 1, 2.677945044588987, 2.23606797749979
45, 156, 82, 115, 82, 115, 0, 0, 0.0, 0.0
45, 157, 1097, 64, 1096, 64, 1, 0, 0.0, 1.0
45, 158, 510, 218, 510, 222, 0, -4, -1.5707963267948966, 4.0
45, 159, 238, 326, 239, 326, -1, 0, 3.141592653589793, 1.0
45, 160, 1172, 436, 1174, 436, -2, 0, 3.141592653589793, 2.0
45, 161, 1261, 162, 1261, 161, 0, 1, 1.5707963267948966, 1.0
45, 162, 839, 497, 844, 497, -5, 0, 3.141592653589793, 5.0
45, 163, 506, 225, 507, 229, -1, -4, -1.8157749899217608, 4.123105625617661
45, 164, 1086, 451, 1084, 447, 2, 4, 1.1071487177940904, 4.47213595499958
46, 0, 835, 565, 838, 563, -3, 2, 2.5535900500422257, 3.605551275463989
46, 1, 253, 353, 253, 354, 0, -1, -1.5707963267948966, 1.0
46, 2, 1212, 389, 1215, 394, -3, -5, -2.1112158270654806, 5.830951894845301
46, 3, 148, 409, 149, 406, -1, 3, 1.892546881191539, 3.1622776601683795
46, 4, 1026, 371, 1025, 368, 1, 3, 1.2490457723982544, 3.1622776601683795
46, 5, 278, 332, 278, 332, 0, 0, 0.0, 0.0
46, 6, 1181, 392, 1184, 396, -3, -4, -2.214297435588181, 5.0
46, 7, 804, 302, 804, 305, 0, -3, -1.5707963267948966, 3.0
46, 8, 793, 57, 794, 59, -1, -2, -2.0344439357957027, 2.23606797749979
46, 9, 819, 65, 820, 67, -1, -2, -2.0344439357957027, 2.23606797749979
46, 10, 806, 34, 807, 36, -1, -2, -2.0344439357957027, 2.23606797749979
46, 11, 812, 43, 813, 45, -1, -2, -2.0344439357957027, 2.23606797749979
46, 12, 531, 245, 532, 248, -1, -3, -1.892546881191539, 3.1622776601683795
46, 13, 1197, 362, 1200, 366, -3, -4, -2.214297435588181, 5.0
46, 14, 750, 75, 750, 73, 0, 2, 1.5707963267948966, 2.0
46, 15, 260, 353, 260, 354, 0, -1, -1.5707963267948966, 1.0
46, 16, 259, 386, 259, 387, 0, -1, -1.5707963267948966, 1.0
46, 17, 1195, 348, 1198, 353, -3, -5, -2.1112158270654806, 5.830951894845301
46, 18, 504, 248, 505, 251, -1, -3, -1.892546881191539, 3.1622776601683795
46, 19, 721, 685, 722, 690, -1, -5, -1.7681918866447774, 5.0990195135927845
46, 20, 411, 247, 412, 246, -1, 1, 2.356194490192345, 1.4142135623730951
46, 21, 489, 101, 490, 104, -1, -3, -1.892546881191539, 3.1622776601683795
46, 22, 1186, 169, 1186, 168, 0, 1, 1.5707963267948966, 1.0
46, 23, 295, 333, 295, 334, 0, -1, -1.5707963267948966, 1.0
46, 24, 135, 626, 134, 625, 1, 1, 0.7853981633974483, 1.4142135623730951
46, 25, 286, 343, 286, 343, 0, 0, 0.0, 0.0
46, 26, 863, 543, 867, 542, -4, 1, 2.896613990462929, 4.123105625617661
46, 27, 741, 683, 743, 689, -2, -6, -1.892546881191539, 6.324555320336759
46, 28, 628, 55, 629, 57, -1, -2, -2.0344439357957027, 2.23606797749979
46, 29, 1063, 337, 1061, 334, 2, 3, 0.982793723247329, 3.605551275463989
46, 30, 478, 413, 478, 414, 0, -1, -1.5707963267948966, 1.0
46, 31, 748, 552, 749, 556, -1, -4, -1.8157749899217608, 4.123105625617661
46, 32, 1156, 42, 1156, 42, 0, 0, 0.0, 0.0
46, 33, 333, 369, 333, 370, 0, -1, -1.5707963267948966, 1.0
46, 34, 285, 353, 285, 354, 0, -1, -1.5707963267948966, 1.0
46, 35, 478, 100, 479, 102, -1, -2, -2.0344439357957027, 2.23606797749979
46, 36, 1170, 200, 1169, 199, 1, 1, 0.7853981633974483, 1.4142135623730951
46, 37, 479, 311, 479, 314, 0, -3, -1.5707963267948966, 3.0
46, 38, 727, 533, 728, 536, -1, -3, -1.892546881191539, 3.1622776601683795
46, 39, 639, 21, 639, 23, 0, -2, -1.5707963267948966, 2.0
46, 40, 632, 174, 632, 173, 0, 1, 1.5707963267948966, 1.0
46, 41, 816, 86, 817, 88, -1, -2, -2.0344439357957027, 2.23606797749979
46, 42, 309, 339, 309, 340, 0, -1, -1.5707963267948966, 1.0
46, 43, 480, 90, 481, 93, -1, -3, -1.892546881191539, 3.1622776601683795
46, 44, 1261, 129, 1263, 129, -2, 0, 3.141592653589793, 2.0
46, 45, 512, 209, 512, 212, 0, -3, -1.5707963267948966, 3.0
46, 46, 537, 79, 537, 79, 0, 0, 0.0, 0.0
46, 47, 1032, 469, 1031, 465, 1, 4, 1.3258176636680326, 4.123105625617661
46, 48, 671, 182, 671, 180, 0, 2, 1.5707963267948966, 2.0
46, 49, 464, 312, 464, 316, 0, -4, -1.5707963267948966, 4.0
46, 50, 257, 373, 257, 374, 0, -1, -1.5707963267948966, 1.0
46, 51, 1027, 389, 1026, 389, 1, 0, 0.0, 1.0
46, 52, 684, 121, 684, 118, 0, 3, 1.5707963267948966, 3.0
46, 53, 640, 264, 640, 264, 0, 0, 0.0, 0.0
46, 54, 743, 137, 743, 137, 0, 0, 0.0, 0.0
46, 55, 759, 487, 761, 491, -2, -4, -2.0344439357957027, 4.47213595499958
46, 56, 1172, 254, 1173, 254, -1, 0, 3.141592653589793, 1.0
46, 57, 319, 404, 319, 405, 0, -1, -1.5707963267948966, 1.0
46, 58, 131, 658, 128, 656, 3, 2, 0.5880026035475675, 3.605551275463989
46, 59, 637, 30, 637, 32, 0, -2, -1.5707963267948966, 2.0
46, 60, 939, 32, 940, 32, -1, 0, 3.141592653589793, 1.0
46, 61, 585, 51, 585, 51, 0, 0, 0.0, 0.0
46, 62, 805, 43, 806, 45, -1, -2, -2.0344439357957027, 2.23606797749979
46, 63, 543, 39, 543, 39, 0, 0, 0.0, 0.0
46, 64, 631, 34, 631, 36, 0, -2, -1.5707963267948966, 2.0
46, 65, 391, 184, 391, 182, 0, 2, 1.5707963267948966, 2.0
46, 66, 690, 134, 690, 131, 0, 3, 1.5707963267948966, 3.0
46, 67, 1084, 67, 1084, 67, 0, 0, 0.0, 0.0
46, 68, 327, 353, 327, 354, 0, -1, -1.5707963267948966, 1.0
46, 69, 854, 494, 860, 493, -6, 1, 2.976443976175166, 6.082762530298219
46, 70, 170, 512, 173, 508, -3, 4, 2.214297435588181, 5.0
46, 71, 857, 503, 862, 502, -5, 1, 2.9441970937399127, 5.0990195135927845
46, 72, 754, 142, 754, 141, 0, 1, 1.5707963267948966, 1.0
46, 73, 821, 529, 825, 529, -4, 0, 3.141592653589793, 4.0
46, 74, 86, 593, 85, 592, 1, 1, 0.7853981633974483, 1.4142135623730951
46, 75, 776, 298, 777, 300, -1, -2, -2.0344439357957027, 2.23606797749979
46, 76, 580, 42, 580, 42, 0, 0, 0.0, 0.0
46, 77, 302, 335, 302, 336, 0, -1, -1.5707963267948966, 1.0
46, 78, 63, 85, 63, 86, 0, -1, -1.5707963267948966, 1.0
46, 79, 265, 346, 265, 347, 0, -1, -1.5707963267948966, 1.0
46, 80, 907, 12, 909, 12, -2, 0, 3.141592653589793, 2.0
46, 81, 292, 389, 292, 390, 0, -1, -1.5707963267948966, 1.0
46, 82, 590, 119, 590, 120, 0, -1, -1.5707963267948966, 1.0
46, 83, 744, 80, 744, 78, 0, 2, 1.5707963267948966, 2.0
46, 84, 300, 43, 300, 44, 0, -1, -1.5707963267948966, 1.0
46, 85, 270, 352, 270, 353, 0, -1, -1.5707963267948966, 1.0
46, 86, 627, 47, 628, 49, -1, -2, -2.0344439357957027, 2.23606797749979
46, 87, 1153, 82, 1153, 82, 0, 0, 0.0, 0.0
46, 88, 632, 247, 632, 245, 0, 2, 1.5707963267948966, 2.0
46, 89, 818, 48, 819, 50, -1, -2, -2.0344439357957027, 2.23606797749979
46, 90, 14, 114, 14, 115, 0, -1, -1.5707963267948966, 1.0
46, 91, 930, 29, 932, 30, -2, -1, -2.677945044588987, 2.23606797749979
46, 92, 1087, 36, 1086, 35, 1, 1, 0.7853981633974483, 1.4142135623730951
46, 93, 638, 95, 638, 97, 0, -2, -1.5707963267948966, 2.0
46, 94, 1116, 24, 1115, 24, 1, 0, 0.0, 1.0
46, 95, 181, 503, 182, 503, -1, 0, 3.141592653589793, 1.0
46, 96, 332, 419, 332, 420, 0, -1, -1.5707963267948966, 1.0
46, 97, 297, 364, 297, 365, 0, -1, -1.5707963267948966, 1.0
46, 98, 1230, 196, 1229, 194, 1, 2, 1.1071487177940904, 2.23606797749979
46, 99, 1098, 27, 1097, 27, 1, 0, 0.0, 1.0
46, 100, 509, 23, 509, 24, 0, -1, -1.5707963267948966, 1.0
46, 101, 331, 379, 331, 380, 0, -1, -1.5707963267948966, 1.0
46, 102, 1110, 94, 1110, 93, 0, 1, 1.5707963267948966, 1.0
46, 103, 1087, 495, 1086, 494, 1, 1, 0.7853981633974483, 1.4142135623730951
46, 104, 265, 402, 265, 403, 0, -1, -1.5707963267948966, 1.0
46, 105, 1087, 453, 1085, 449, 2, 4, 1.1071487177940904, 4.47213595499958
46, 106, 908, 22, 910, 23, -2, -1, -2.677945044588987, 2.23606797749979
46, 107, 677, 198, 678, 198, -1, 0, 3.141592653589793, 1.0
46, 108, 1057, 438, 1055, 435, 2, 3, 0.982793723247329, 3.605551275463989
46, 109, 279, 362, 279, 362, 0, 0, 0.0, 0.0
46, 110, 390, 291, 391, 290, -1, 1, 2.356194490192345, 1.4142135623730951
46, 111, 1132, 122, 1132, 123, 0, -1, -1.5707963267948966, 1.0
46, 112, 1083, 94, 1082, 94, 1, 0, 0.0, 1.0
46, 113, 307, 27, 306, 31, 1, -4, -1.3258176636680326, 4.123105625617661
46, 114, 619, 220, 619, 218, 0, 2, 1.5707963267948966, 2.0
46, 115, 265, 390, 265, 391, 0, -1, -1.5707963267948966, 1.0
46, 116, 249, 418, 249, 419, 0, -1, -1.5707963267948966, 1.0
46, 117, 1164, 191, 1164, 189, 0, 2, 1.5707963267948966, 2.0
46, 118, 418, 216, 418, 214, 0, 2, 1.5707963267948966, 2.0
46, 119, 160, 401, 162, 397, -2, 4, 2.0344439357957027, 4.47213595499958
46, 120, 81, 142, 81, 143, 0, -1, -1.5707963267948966, 1.0
46, 121, 1159, 225, 1159, 225, 0, 0, 0.0, 0.0
46, 122, 789, 129, 790, 131, -1, -2, -2.0344439357957027, 2.23606797749979
46, 123, 150, 401, 152, 397, -2, 4, 2.0344439357957027, 4.47213595499958
46, 124, 1037, 436, 1037, 435, 0, 1, 1.5707963267948966, 1.0
46, 125, 579, 116, 579, 117, 0, -1, -1.5707963267948966, 1.0
46, 126, 1201, 171, 1200, 170, 1, 1, 0.7853981633974483, 1.4142135623730951
46, 127, 131, 678, 131, 678, 0, 0, 0.0, 0.0
46, 128, 493, 178, 493, 181, 0, -3, -1.5707963267948966, 3.0
46, 129, 933, 106, 933, 107, 0, -1, -1.5707963267948966, 1.0
46, 130, 925, 107, 925, 108, 0, -1, -1.5707963267948966, 1.0
46, 131, 397, 298, 398, 297, -1, 1, 2.356194490192345, 1.4142135623730951
46, 132, 653, 218, 653, 215, 0, 3, 1.5707963267948966, 3.0
46, 133, 510, 219, 510, 223, 0, -4, -1.5707963267948966, 4.0
46, 134, 1042, 394, 1042, 390, 0, 4, 1.5707963267948966, 4.0
46, 135, 571, 62, 570, 63, 1, -1, -0.7853981633974483, 1.4142135623730951
46, 136, 473, 299, 473, 302, 0, -3, -1.5707963267948966, 3.0
46, 137, 1194, 145, 1194, 143, 0, 2, 1.5707963267948966, 2.0
46, 138, 543, 46, 543, 46, 0, 0, 0.0, 0.0
46, 139, 1211, 360, 1213, 365, -2, -5, -1.9513027039072615, 5.385164807134504
46, 140, 1161, 205, 1160, 204, 1, 1, 0.7853981633974483, 1.4142135623730951
46, 141, 24, 114, 23, 115, 1, -1, -0.7853981633974483, 1.4142135623730951
46, 142, 787, 252, 787, 255, 0, -3, -1.5707963267948966, 3.0
46, 143, 303, 398, 303, 398, 0, 0, 0.0, 0.0
46, 144, 19, 96, 18, 98, 1, -2, -1.1071487177940904, 2.23606797749979
46, 145, 1059, 387, 1056, 385, 3, 2, 0.5880026035475675, 3.605551275463989
46, 146, 396, 247, 396, 246, 0, 1, 1.5707963267948966, 1.0
46, 147, 418, 311, 418, 308, 0, 3, 1.5707963267948966, 3.0
46, 148, 289, 372, 289, 372, 0, 0, 0.0, 0.0
46, 149, 1191, 103, 1192, 100, -1, 3, 1.892546881191539, 3.1622776601683795
46, 150, 280, 323, 280, 323, 0, 0, 0.0, 0.0
46, 151, 266, 420, 266, 421, 0, -1, -1.5707963267948966, 1.0
46, 152, 408, 327, 409, 327, -1, 0, 3.141592653589793, 1.0
46, 153, 1191, 441, 1192, 441, -1, 0, 3.141592653589793, 1.0
46, 154, 852, 72, 852, 73, 0, -1, -1.5707963267948966, 1.0
46, 155, 1261, 161, 1265, 160, -4, 1, 2.896613990462929, 4.123105625617661
46, 156, 1096, 87, 1095, 87, 1, 0, 0.0, 1.0
46, 157, 520, 301, 520, 302, 0, -1, -1.5707963267948966, 1.0
46, 158, 255, 362, 255, 363, 0, -1, -1.5707963267948966, 1.0
46, 159, 191, 23, 192, 22, -1, 1, 2.356194490192345, 1.4142135623730951
46, 160, 82, 114, 82, 115, 0, -1, -1.5707963267948966, 1.0
46, 161, 647, 48, 647, 50, 0, -2, -1.5707963267948966, 2.0
46, 162, 388, 212, 388, 209, 0, 3, 1.5707963267948966, 3.0
46, 163, 78, 604, 77, 603, 1, 1, 0.7853981633974483, 1.4142135623730951
46, 164, 524, 223, 524, 226, 0, -3, -1.5707963267948966, 3.0
46, 165, 1171, 218, 1170, 217, 1, 1, 0.7853981633974483, 1.4142135623730951
46, 166, 1062, 328, 1060, 324, 2, 4, 1.1071487177940904, 4.47213595499958
46, 167, 1209, 346, 1212, 351, -3, -5, -2.1112158270654806, 5.830951894845301
46, 168, 1097, 66, 1096, 66, 1, 0, 0.0, 1.0
46, 169, 839, 500, 844, 499, -5, 1, 2.9441970937399127, 5.0990195135927845
46, 170, 150, 467, 151, 463, -1, 4, 1.8157749899217608, 4.123105625617661
46, 171, 138, 618, 137, 617, 1, 1, 0.7853981633974483, 1.4142135623730951
46, 172, 1261, 154, 1270, 153, -9, 1, 3.0309354324158977, 9.055385138137417
46, 173, 1157, 72, 1157, 72, 0, 0, 0.0, 0.0
46, 174, 1194, 109, 1194, 107, 0, 2, 1.5707963267948966, 2.0
46, 175, 1179, 451, 1182, 454, -3, -3, -2.356194490192345, 4.242640687119285
46, 176, 739, 664, 740, 669, -1, -5, -1.7681918866447774, 5.0990195135927845
46, 177, 420, 319, 420, 316, 0, 3, 1.5707963267948966, 3.0
46, 178, 758, 96, 758, 94, 0, 2, 1.5707963267948966, 2.0
47, 0, 832, 568, 835, 565, -3, 3, 2.356194490192345, 4.242640687119285
47, 1, 253, 352, 253, 353, 0, -1, -1.5707963267948966, 1.0
47, 2, 1208, 384, 1212, 389, -4, -5, -2.2455372690184494, 6.4031242374328485
47, 3, 149, 410, 148, 409, 1, 1, 0.7853981633974483, 1.4142135623730951
47, 4, 1028, 373, 1026, 371, 2, 2, 0.7853981633974483, 2.8284271247461903
47, 5, 278, 332, 278, 332, 0, 0, 0.0, 0.0
47, 6, 1178, 390, 1181, 392, -3, -2, -2.5535900500422257, 3.605551275463989
47, 7, 804, 298, 804, 302, 0, -4, -1.5707963267948966, 4.0
47, 8, 792, 53, 793, 57, -1, -4, -1.8157749899217608, 4.123105625617661
47, 9, 818, 62, 819, 65, -1, -3, -1.892546881191539, 3.1622776601683795
47, 10, 804, 32, 806, 34, -2, -2, -2.356194490192345, 2.8284271247461903
47, 11, 810, 41, 812, 43, -2, -2, -2.356194490192345, 2.8284271247461903
47, 12, 530, 241, 531, 245, -1, -4, -1.8157749899217608, 4.123105625617661
47, 13, 1193, 358, 1197, 362, -4, -4, -2.356194490192345, 5.656854249492381
47, 14, 751, 79, 750, 75, 1, 4, 1.3258176636680326, 4.123105625617661
47, 15, 260, 352, 260, 353, 0, -1, -1.5707963267948966, 1.0
47, 16, 259, 385, 259, 386, 0, -1, -1.5707963267948966, 1.0
47, 17, 1192, 344, 1195, 348, -3, -4, -2.214297435588181, 5.0
47, 18, 503, 243, 504, 248, -1, -5, -1.7681918866447774, 5.0990195135927845
47, 19, 721, 681, 721, 685, 0, -4, -1.5707963267948966, 4.0
47, 20, 410, 250, 411, 247, -1, 3, 1.892546881191539, 3.1622776601683795
47, 21, 488, 96, 489, 101, -1, -5, -1.7681918866447774, 5.0990195135927845
47, 22, 1186, 171, 1186, 169, 0, 2, 1.5707963267948966, 2.0
47, 23, 295, 333, 295, 333, 0, 0, 0.0, 0.0
47, 24, 137, 629, 135, 626, 2, 3, 0.982793723247329, 3.605551275463989
47, 25, 286, 343, 286, 343, 0, 0, 0.0, 0.0
47, 26, 859, 543, 863, 543, -4, 0, 3.141592653589793, 4.0
47, 27, 740, 679, 741, 683, -1, -4, -1.8157749899217608, 4.123105625617661
47, 28, 628, 51, 628, 55, 0, -4, -1.5707963267948966, 4.0
47, 29, 1065, 340, 1063, 337, 2, 3, 0.982793723247329, 3.605551275463989
47, 30, 478, 411, 478, 413, 0, -2, -1.5707963267948966, 2.0
47, 31, 746, 548, 748, 552, -2, -4, -2.0344439357957027, 4.47213595499958
47, 32, 1157, 43, 1156, 42, 1, 1, 0.7853981633974483, 1.4142135623730951
47, 33, 333, 368, 333, 369, 0, -1, -1.5707963267948966, 1.0
47, 34, 285, 353, 285, 353, 0, 0, 0.0, 0.0
47, 35, 477, 95, 478, 100, -1, -5, -1.7681918866447774, 5.0990195135927845
47, 36, 1171, 202, 1170, 200, 1, 2, 1.1071487177940904, 2.23606797749979
47, 37, 480, 307, 479, 311, 1, -4, -1.3258176636680326, 4.123105625617661
47, 38, 727, 531, 727, 533, 0, -2, -1.5707963267948966, 2.0
47, 39, 640, 18, 639, 21, 1, -3, -1.2490457723982544, 3.1622776601683795
47, 40, 632, 176, 632, 174, 0, 2, 1.5707963267948966, 2.0
47, 41, 815, 83, 816, 86, -1, -3, -1.892546881191539, 3.1622776601683795
47, 42, 309, 338, 309, 339, 0, -1, -1.5707963267948966, 1.0
47, 43, 479, 85, 480, 90, -1, -5, -1.7681918866447774, 5.0990195135927845
47, 44, 1260, 130, 1261, 129, -1, 1, 2.356194490192345, 1.4142135623730951
47, 45, 513, 204, 512, 209, 1, -5, -1.373400766945016, 5.0990195135927845
47, 46, 537, 78, 537, 79, 0, -1, -1.5707963267948966, 1.0
47, 47, 1032, 472, 1032, 469, 0, 3, 1.5707963267948966, 3.0
47, 48, 671, 185, 671, 182, 0, 3, 1.5707963267948966, 3.0
47, 49, 464, 309, 464, 312, 0, -3, -1.5707963267948966, 3.0
47, 50, 257, 373, 257, 373, 0, 0, 0.0, 0.0
47, 51, 1029, 393, 1027, 389, 2, 4, 1.1071487177940904, 4.47213595499958
47, 52, 686, 125, 684, 121, 2, 4, 1.1071487177940904, 4.47213595499958
47, 53, 640, 264, 640, 264, 0, 0, 0.0, 0.0
47, 54, 742, 137, 743, 137, -1, 0, 3.141592653589793, 1.0
47, 55, 758, 484, 759, 487, -1, -3, -1.892546881191539, 3.1622776601683795
47, 56, 1172, 254, 1172, 254, 0, 0, 0.0, 0.0
47, 57, 319, 403, 319, 404, 0, -1, -1.5707963267948966, 1.0
47, 58, 133, 658, 131, 658, 2, 0, 0.0, 2.0
47, 59, 638, 26, 637, 30, 1, -4, -1.3258176636680326, 4.123105625617661
47, 60, 938, 32, 939, 32, -1, 0, 3.141592653589793, 1.0
47, 61, 587, 51, 585, 51, 2, 0, 0.0, 2.0
47, 62, 803, 41, 805, 43, -2, -2, -2.356194490192345, 2.8284271247461903
47, 63, 543, 39, 543, 39, 0, 0, 0.0, 0.0
47, 64, 631, 31, 631, 34, 0, -3, -1.5707963267948966, 3.0
47, 65, 390, 189, 391, 184, -1, 5, 1.7681918866447774, 5.0990195135927845
47, 66, 691, 138, 690, 134, 1, 4, 1.3258176636680326, 4.123105625617661
47, 67, 1085, 68, 1084, 67, 1, 1, 0.7853981633974483, 1.4142135623730951
47, 68, 327, 352, 327, 353, 0, -1, -1.5707963267948966, 1.0
47, 69, 848, 496, 854, 494, -6, 2, 2.819842099193151, 6.324555320336759
47, 70, 166, 516, 170, 512, -4, 4, 2.356194490192345, 5.656854249492381
47, 71, 852, 504, 857, 503, -5, 1, 2.9441970937399127, 5.0990195135927845
47, 72, 753, 143, 754, 142, -1, 1, 2.356194490192345, 1.4142135623730951
47, 73, 819, 527, 821, 529, -2, -2, -2.356194490192345, 2.8284271247461903
47, 74, 89, 595, 86, 593, 3, 2, 0.5880026035475675, 3.605551275463989
47, 75, 775, 295, 776, 298, -1, -3, -1.892546881191539, 3.1622776601683795
47, 76, 582, 42, 580, 42, 2, 0, 0.0, 2.0
47, 77, 302, 334, 302, 335, 0, -1, -1.5707963267948966, 1.0
47, 78, 63, 84, 63, 85, 0, -1, -1.5707963267948966, 1.0
47, 79, 265, 345, 265, 346, 0, -1, -1.5707963267948966, 1.0
47, 80, 903, 12, 907, 12, -4, 0, 3.141592653589793, 4.0
47, 81, 292, 388, 292, 389, 0, -1, -1.5707963267948966, 1.0
47, 82, 590, 118, 590, 119, 0, -1, -1.5707963267948966, 1.0
47, 83, 745, 83, 744, 80, 1, 3, 1.2490457723982544, 3.1622776601683795
47, 84, 300, 42, 300, 43, 0, -1, -1.5707963267948966, 1.0
47, 85, 270, 351, 270, 352, 0, -1, -1.5707963267948966, 1.0
47, 86, 627, 45, 627, 47, 0, -2, -1.5707963267948966, 2.0
47, 87, 1154, 83, 1153, 82, 1, 1, 0.7853981633974483, 1.4142135623730951
47, 88, 631, 251, 632, 247, -1, 4, 1.8157749899217608, 4.123105625617661
47, 89, 816, 45, 818, 48, -2, -3, -2.158798930342464, 3.605551275463989
47, 90, 15, 114, 14, 114, 1, 0, 0.0, 1.0
47, 91, 927, 29, 930, 29, -3, 0, 3.141592653589793, 3.0
47, 92, 1089, 38, 1087, 36, 2, 2, 0.7853981633974483, 2.8284271247461903
47, 93, 639, 93, 638, 95, 1, -2, -1.1071487177940904, 2.23606797749979
47, 94, 1119, 25, 1116, 24, 3, 1, 0.3217505543966422, 3.1622776601683795
47, 95, 179, 503, 181, 503, -2, 0, 3.141592653589793, 2.0
47, 96, 332, 418, 332, 419, 0, -1, -1.5707963267948966, 1.0
47, 97, 297, 363, 297, 364, 0, -1, -1.5707963267948966, 1.0
47, 98, 1232, 200, 1230, 196, 2, 4, 1.1071487177940904, 4.47213595499958
47, 99, 1100, 29, 1098, 27, 2, 2, 0.7853981633974483, 2.8284271247461903
47, 100, 509, 20, 509, 23, 0, -3, -1.5707963267948966, 3.0
47, 101, 331, 378, 331, 379, 0, -1, -1.5707963267948966, 1.0
47, 102, 1110, 95, 1110, 94, 0, 1, 1.5707963267948966, 1.0
47, 103, 1088, 496, 1087, 495, 1, 1, 0.7853981633974483, 1.4142135623730951
47, 104, 265, 401, 265, 402, 0, -1, -1.5707963267948966, 1.0
47, 105, 1088, 457, 1087, 453, 1, 4, 1.3258176636680326, 4.123105625617661
47, 106, 904, 21, 908, 22, -4, -1, -2.896613990462929, 4.123105625617661
47, 107, 676, 198, 677, 198, -1, 0, 3.141592653589793, 1.0
47, 108, 1060, 440, 1057, 438, 3, 2, 0.5880026035475675, 3.605551275463989
47, 109, 279, 361, 279, 362, 0, -1, -1.5707963267948966, 1.0
47, 110, 390, 295, 390, 291, 0, 4, 1.5707963267948966, 4.0
47, 111, 1132, 122, 1132, 122, 0, 0, 0.0, 0.0
47, 112, 1084, 94, 1083, 94, 1, 0, 0.0, 1.0
47, 113, 309, 24, 307, 27, 2, -3, -0.982793723247329, 3.605551275463989
47, 114, 619, 222, 619, 220, 0, 2, 1.5707963267948966, 2.0
47, 115, 265, 389, 265, 390, 0, -1, -1.5707963267948966, 1.0
47, 116, 249, 417, 249, 418, 0, -1, -1.5707963267948966, 1.0
47, 117, 1165, 193, 1164, 191, 1, 2, 1.1071487177940904, 2.23606797749979
47, 118, 418, 220, 418, 216, 0, 4, 1.5707963267948966, 4.0
47, 119, 158, 403, 160, 401, -2, 2, 2.356194490192345, 2.8284271247461903
47, 120, 81, 141, 81, 142, 0, -1, -1.5707963267948966, 1.0
47, 121, 1159, 227, 1159, 225, 0, 2, 1.5707963267948966, 2.0
47, 122, 788, 126, 789, 129, -1, -3, -1.892546881191539, 3.1622776601683795
47, 123, 149, 403, 150, 401, -1, 2, 2.0344439357957027, 2.23606797749979
47, 124, 1037, 436, 1037, 436, 0, 0, 0.0, 0.0
47, 125, 579, 115, 579, 116, 0, -1, -1.5707963267948966, 1.0
47, 126, 1204, 173, 1201, 171, 3, 2, 0.5880026035475675, 3.605551275463989
47, 127, 131, 678, 131, 678, 0, 0, 0.0, 0.0
47, 128, 493, 175, 493, 178, 0, -3, -1.5707963267948966, 3.0
47, 129, 933, 105, 933, 106, 0, -1, -1.5707963267948966, 1.0
47, 130, 397, 302, 397, 298, 0, 4, 1.5707963267948966, 4.0
47, 131, 653, 221, 653, 218, 0, 3, 1.5707963267948966, 3.0
47, 132, 511, 215, 510, 219, 1, -4, -1.3258176636680326, 4.123105625617661
47, 133, 1044, 397, 1042, 394, 2, 3, 0.982793723247329, 3.605551275463989
47, 134, 573, 61, 571, 62, 2, -1, -0.4636476090008061, 2.23606797749979
47, 135, 474, 294, 473, 299, 1, -5, -1.373400766945016, 5.0990195135927845
47, 136, 1194, 148, 1194, 145, 0, 3, 1.5707963267948966, 3.0
47, 137, 543, 46, 543, 46, 0, 0, 0.0, 0.0
47, 138, 1208, 355, 1211, 360, -3, -5, -2.1112158270654806, 5.830951894845301
47, 139, 1162, 207, 1161, 205, 1, 2, 1.1071487177940904, 2.23606797749979
47, 140, 26, 113, 24, 114, 2, -1, -0.4636476090008061, 2.23606797749979
47, 141, 787, 249, 787, 252, 0, -3, -1.5707963267948966, 3.0
47, 142, 303, 397, 303, 398, 0, -1, -1.5707963267948966, 1.0
47, 143, 22, 94, 19, 96, 3, -2, -0.5880026035475675, 3.605551275463989
47, 144, 1061, 387, 1059, 387, 2, 0, 0.0, 2.0
47, 145, 396, 251, 396, 247, 0, 4, 1.5707963267948966, 4.0
47, 146, 418, 311, 418, 311, 0, 0, 0.0, 0.0
47, 147, 289, 371, 289, 372, 0, -1, -1.5707963267948966, 1.0
47, 148, 1190, 106, 1191, 103, -1, 3, 1.892546881191539, 3.1622776601683795
47, 149, 280, 323, 280, 323, 0, 0, 0.0, 0.0
47, 150, 266, 419, 266, 420, 0, -1, -1.5707963267948966, 1.0
47, 151, 407, 327, 408, 327, -1, 0, 3.141592653589793, 1.0
47, 152, 1189, 441, 1191, 441, -2, 0, 3.141592653589793, 2.0
47, 153, 852, 71, 852, 72, 0, -1, -1.5707963267948966, 1.0
47, 154, 1261, 163, 1261, 161, 0, 2, 1.5707963267948966, 2.0
47, 155, 1097, 87, 1096, 87, 1, 0, 0.0, 1.0
47, 156, 520, 299, 520, 301, 0, -2, -1.5707963267948966, 2.0
47, 157, 255, 361, 255, 362, 0, -1, -1.5707963267948966, 1.0
47, 158, 190, 23, 191, 23, -1, 0, 3.141592653589793, 1.0
47, 159, 82, 113, 82, 114, 0, -1, -1.5707963267948966, 1.0
47, 160, 648, 44, 647, 48, 1, -4, -1.3258176636680326, 4.123105625617661
47, 161, 387, 215, 388, 212, -1, 3, 1.892546881191539, 3.1622776601683795
47, 162, 80, 607, 78, 604, 2, 3, 0.982793723247329, 3.605551275463989
47, 163, 524, 219, 524, 223, 0, -4, -1.5707963267948966, 4.0
47, 164, 1172, 220, 1171, 218, 1, 2, 1.1071487177940904, 2.23606797749979
47, 165, 1064, 331, 1062, 328, 2, 3, 0.982793723247329, 3.605551275463989
47, 166, 1205, 342, 1209, 346, -4, -4, -2.356194490192345, 5.656854249492381
47, 167, 1099, 68, 1097, 66, 2, 2, 0.7853981633974483, 2.8284271247461903
47, 168, 834, 500, 839, 500, -5, 0, 3.141592653589793, 5.0
47, 169, 147, 470, 150, 467, -3, 3, 2.356194490192345, 4.242640687119285
47, 170, 140, 620, 138, 618, 2, 2, 0.7853981633974483, 2.8284271247461903
47, 171, 1261, 155, 1261, 154, 0, 1, 1.5707963267948966, 1.0
47, 172, 1157, 73, 1157, 72, 0, 1, 1.5707963267948966, 1.0
47, 173, 1193, 112, 1194, 109, -1, 3, 1.892546881191539, 3.1622776601683795
47, 174, 1176, 448, 1179, 451, -3, -3, -2.356194490192345, 4.242640687119285
47, 175, 738, 658, 739, 664, -1, -6, -1.7359450042095235, 6.082762530298219
47, 176, 421, 319, 420, 319, 1, 0, 0.0, 1.0
47, 177, 758, 100, 758, 96, 0, 4, 1.5707963267948966, 4.0
48, 0, 1181, 411, 1183, 414, -2, -3, -2.158798930342464, 3.605551275463989
48, 1, 146, 418, 147, 415, -1, 3, 1.892546881191539, 3.1622776601683795
48, 2, 253, 353, 253, 354, 0, -1, -1.5707963267948966, 1.0
48, 3, 278, 332, 278, 332, 0, 0, 0.0, 0.0
48, 4, 794, 54, 794, 56, 0, -2, -1.5707963267948966, 2.0
48, 5, 261, 354, 261, 355, 0, -1, -1.5707963267948966, 1.0
48, 6, 855, 545, 860, 545, -5, 0, 3.141592653589793, 5.0
48, 7, 1068, 343, 1066, 340, 2, 3, 0.982793723247329, 3.605551275463989
48, 8, 1209, 383, 1212, 387, -3, -4, -2.214297435588181, 5.0
48, 9, 1193, 356, 1196, 360, -3, -4, -2.214297435588181, 5.0
48, 10, 1178, 385, 1180, 389, -2, -4, -2.0344439357957027, 4.47213595499958
48, 11, 409, 251, 410, 249, -1, 2, 2.0344439357957027, 2.23606797749979
48, 12, 1191, 343, 1194, 347, -3, -4, -2.214297435588181, 5.0
48, 13, 805, 298, 805, 301, 0, -3, -1.5707963267948966, 3.0
48, 14, 720, 674, 720, 678, 0, -4, -1.5707963267948966, 4.0
48, 15, 258, 374, 258, 374, 0, 0, 0.0, 0.0
48, 16, 751, 79, 751, 77, 0, 2, 1.5707963267948966, 2.0
48, 17, 488, 96, 489, 100, -1, -4, -1.8157749899217608, 4.123105625617661
48, 18, 819, 63, 820, 65, -1, -2, -2.0344439357957027, 2.23606797749979
48, 19, 259, 387, 259, 387, 0, 0, 0.0, 0.0
48, 20, 280, 352, 281, 352, -1, 0, 3.141592653589793, 1.0
48, 21, 629, 52, 629, 54, 0, -2, -1.5707963267948966, 2.0
48, 22, 1190, 171, 1190, 170, 0, 1, 1.5707963267948966, 1.0
48, 23, 617, 10, 617, 10, 0, 0, 0.0, 0.0
48, 24, 124, 657, 124, 657, 0, 0, 0.0, 0.0
48, 25, 532, 243, 532, 245, 0, -2, -1.5707963267948966, 2.0
48, 26, 641, 20, 640, 21, 1, -1, -0.7853981633974483, 1.4142135623730951
48, 27, 1261, 130, 1262, 130, -1, 0, 3.141592653589793, 1.0
48, 28, 830, 569, 834, 567, -4, 2, 2.677945044588987, 4.47213595499958
48, 29, 477, 98, 478, 102, -1, -4, -1.8157749899217608, 4.123105625617661
48, 30, 513, 205, 513, 208, 0, -3, -1.5707963267948966, 3.0
48, 31, 477, 411, 478, 413, -1, -2, -2.0344439357957027, 2.23606797749979
48, 32, 740, 674, 742, 679, -2, -5, -1.9513027039072615, 5.385164807134504
48, 33, 1158, 43, 1158, 43, 0, 0, 0.0, 0.0
48, 34, 745, 538, 747, 542, -2, -4, -2.0344439357957027, 4.47213595499958
48, 35, 481, 306, 481, 310, 0, -4, -1.5707963267948966, 4.0
48, 36, 309, 339, 309, 340, 0, -1, -1.5707963267948966, 1.0
48, 37, 722, 515, 723, 519, -1, -4, -1.8157749899217608, 4.123105625617661
48, 38, 505, 243, 505, 246, 0, -3, -1.5707963267948966, 3.0
48, 39, 756, 478, 758, 482, -2, -4, -2.0344439357957027, 4.47213595499958
48, 40, 480, 86, 480, 90, 0, -4, -1.5707963267948966, 4.0
48, 41, 23, 97, 21, 99, 2, -2, -0.7853981633974483, 2.8284271247461903
48, 42, 589, 81, 589, 81, 0, 0, 0.0, 0.0
48, 43, 1030, 376, 1028, 374, 2, 2, 0.7853981633974483, 2.8284271247461903
48, 44, 928, 29, 930, 30, -2, -1, -2.677945044588987, 2.23606797749979
48, 45, 295, 333, 295, 333, 0, 0, 0.0, 0.0
48, 46, 631, 176, 632, 175, -1, 1, 2.356194490192345, 1.4142135623730951
48, 47, 692, 137, 692, 135, 0, 2, 1.5707963267948966, 2.0
48, 48, 589, 52, 588, 52, 1, 0, 0.0, 1.0
48, 49, 1081, 87, 1080, 88, 1, -1, -0.7853981633974483, 1.4142135623730951
48, 50, 538, 78, 538, 79, 0, -1, -1.5707963267948966, 1.0
48, 51, 1035, 477, 1034, 473, 1, 4, 1.3258176636680326, 4.123105625617661
48, 52, 687, 123, 686, 122, 1, 1, 0.7853981633974483, 1.4142135623730951
48, 53, 466, 308, 465, 312, 1, -4, -1.3258176636680326, 4.123105625617661
48, 54, 639, 265, 640, 264, -1, 1, 2.356194490192345, 1.4142135623730951
48, 55, 286, 343, 287, 343, -1, 0, 3.141592653589793, 1.0
48, 56, 849, 505, 854, 504, -5, 1, 2.9441970937399127, 5.0990195135927845
48, 57, 1173, 254, 1173, 254, 0, 0, 0.0, 0.0
48, 58, 817, 535, 821, 535, -4, 0, 3.141592653589793, 4.0
48, 59, 544, 39, 544, 39, 0, 0, 0.0, 0.0
48, 60, 253, 401, 254, 401, -1, 0, 3.141592653589793, 1.0
48, 61, 1085, 68, 1085, 68, 0, 0, 0.0, 0.0
48, 62, 632, 32, 632, 34, 0, -2, -1.5707963267948966, 2.0
48, 63, 426, 288, 426, 289, 0, -1, -1.5707963267948966, 1.0
48, 64, 639, 26, 639, 29, 0, -3, -1.5707963267948966, 3.0
48, 65, 1119, 25, 1118, 25, 1, 0, 0.0, 1.0
48, 66, 1038, 436, 1038, 436, 0, 0, 0.0, 0.0
48, 67, 266, 346, 266, 347, 0, -1, -1.5707963267948966, 1.0
48, 68, 742, 137, 743, 137, -1, 0, 3.141592653589793, 1.0
48, 69, 587, 43, 586, 43, 1, 0, 0.0, 1.0
48, 70, 293, 385, 293, 385, 0, 0, 0.0, 0.0
48, 71, 14, 114, 14, 115, 0, -1, -1.5707963267948966, 1.0
48, 72, 904, 13, 906, 13, -2, 0, 3.141592653589793, 2.0
48, 73, 390, 188, 391, 186, -1, 2, 2.0344439357957027, 2.23606797749979
48, 74, 63, 85, 63, 86, 0, -1, -1.5707963267948966, 1.0
48, 75, 1159, 51, 1159, 50, 0, 1, 1.5707963267948966, 1.0
48, 76, 847, 497, 852, 496, -5, 1, 2.9441970937399127, 5.0990195135927845
48, 77, 270, 352, 270, 353, 0, -1, -1.5707963267948966, 1.0
48, 78, 312, 27, 311, 28, 1, -1, -0.7853981633974483, 1.4142135623730951
48, 79, 88, 595, 87, 594, 1, 1, 0.7853981633974483, 1.4142135623730951
48, 80, 158, 529, 161, 526, -3, 3, 2.356194490192345, 4.242640687119285
48, 81, 591, 119, 591, 120, 0, -1, -1.5707963267948966, 1.0
48, 82, 573, 62, 572, 63, 1, -1, -0.7853981633974483, 1.4142135623730951
48, 83, 775, 293, 776, 295, -1, -2, -2.0344439357957027, 2.23606797749979
48, 84, 139, 663, 138, 661, 1, 2, 1.1071487177940904, 2.23606797749979
48, 85, 921, 50, 923, 50, -2, 0, 3.141592653589793, 2.0
48, 86, 299, 363, 299, 364, 0, -1, -1.5707963267948966, 1.0
48, 87, 671, 185, 672, 184, -1, 1, 2.356194490192345, 1.4142135623730951
48, 88, 1110, 93, 1110, 93, 0, 0, 0.0, 0.0
48, 89, 743, 85, 743, 83, 0, 2, 1.5707963267948966, 2.0
48, 90, 906, 23, 908, 23, -2, 0, 3.141592653589793, 2.0
48, 91, 265, 392, 265, 393, 0, -1, -1.5707963267948966, 1.0
48, 92, 327, 354, 327, 354, 0, 0, 0.0, 0.0
48, 93, 1067, 390, 1064, 390, 3, 0, 0.0, 3.0
48, 94, 915, 58, 916, 57, -1, 1, 2.356194490192345, 1.4142135623730951
48, 95, 418, 219, 418, 217, 0, 2, 1.5707963267948966, 2.0
48, 96, 1232, 198, 1231, 197, 1, 1, 0.7853981633974483, 1.4142135623730951
48, 97, 1088, 38, 1088, 37, 0, 1, 1.5707963267948966, 1.0
48, 98, 81, 142, 81, 143, 0, -1, -1.5707963267948966, 1.0
48, 99, 87, 156, 87, 157, 0, -1, -1.5707963267948966, 1.0
48, 100, 1235, 245, 1235, 245, 0, 0, 0.0, 0.0
48, 101, 1151, 82, 1151, 82, 0, 0, 0.0, 0.0
48, 102, 300, 43, 300, 44, 0, -1, -1.5707963267948966, 1.0
48, 103, 1158, 228, 1158, 226, 0, 2, 1.5707963267948966, 2.0
48, 104, 270, 41, 267, 44, 3, -3, -0.7853981633974483, 4.242640687119285
48, 105, 303, 334, 303, 335, 0, -1, -1.5707963267948966, 1.0
48, 106, 551, 111, 551, 112, 0, -1, -1.5707963267948966, 1.0
48, 107, 494, 171, 494, 174, 0, -3, -1.5707963267948966, 3.0
48, 108, 619, 223, 620, 222, -1, 1, 2.356194490192345, 1.4142135623730951
48, 109, 1101, 63, 1100, 62, 1, 1, 0.7853981633974483, 1.4142135623730951
48, 110, 1098, 30, 1098, 29, 0, 1, 1.5707963267948966, 1.0
48, 111, 1172, 204, 1171, 202, 1, 2, 1.1071487177940904, 2.23606797749979
48, 112, 1132, 123, 1132, 123, 0, 0, 0.0, 0.0
48, 113, 806, 114, 807, 116, -1, -2, -2.0344439357957027, 2.23606797749979
48, 114, 1090, 98, 1088, 98, 2, 0, 0.0, 2.0
48, 115, 1043, 407, 1042, 404, 1, 3, 1.2490457723982544, 3.1622776601683795
48, 116, 249, 418, 249, 419, 0, -1, -1.5707963267948966, 1.0
48, 117, 255, 362, 255, 363, 0, -1, -1.5707963267948966, 1.0
48, 118, 1203, 173, 1202, 172, 1, 1, 0.7853981633974483, 1.4142135623730951
48, 119, 861, 539, 865, 539, -4, 0, 3.141592653589793, 4.0
48, 120, 489, 166, 489, 168, 0, -2, -1.5707963267948966, 2.0
48, 121, 391, 295, 391, 293, 0, 2, 1.5707963267948966, 2.0
48, 122, 543, 46, 543, 46, 0, 0, 0.0, 0.0
48, 123, 398, 302, 398, 300, 0, 2, 1.5707963267948966, 2.0
48, 124, 1061, 446, 1059, 444, 2, 2, 0.7853981633974483, 2.8284271247461903
48, 125, 632, 256, 633, 252, -1, 4, 1.8157749899217608, 4.123105625617661
48, 126, 148, 410, 150, 406, -2, 4, 2.0344439357957027, 4.47213595499958
48, 127, 476, 294, 475, 298, 1, -4, -1.3258176636680326, 4.123105625617661
48, 128, 786, 250, 787, 253, -1, -3, -1.892546881191539, 3.1622776601683795
48, 129, 657, 23, 656, 24, 1, -1, -0.7853981633974483, 1.4142135623730951
48, 130, 579, 116, 579, 117, 0, -1, -1.5707963267948966, 1.0
48, 131, 397, 251, 397, 249, 0, 2, 1.5707963267948966, 2.0
48, 132, 174, 26, 175, 26, -1, 0, 3.141592653589793, 1.0
48, 133, 510, 19, 510, 22, 0, -3, -1.5707963267948966, 3.0
48, 134, 135, 629, 135, 628, 0, 1, 1.5707963267948966, 1.0
48, 135, 510, 218, 510, 220, 0, -2, -1.5707963267948966, 2.0
48, 136, 631, 44, 631, 46, 0, -2, -1.5707963267948966, 2.0
48, 137, 752, 147, 753, 146, -1, 1, 2.356194490192345, 1.4142135623730951
49, 0, 1178, 407, 1181, 411, -3, -4, -2.214297435588181, 5.0
49, 1, 145, 422, 146, 418, -1, 4, 1.8157749899217608, 4.123105625617661
49, 2, 253, 352, 253, 353, 0, -1, -1.5707963267948966, 1.0
49, 3, 278, 332, 278, 332, 0, 0, 0.0, 0.0
49, 4, 793, 52, 794, 54, -1, -2, -2.0344439357957027, 2.23606797749979
49, 5, 261, 353, 261, 354, 0, -1, -1.5707963267948966, 1.0
49, 6, 851, 545, 855, 545, -4, 0, 3.141592653589793, 4.0
49, 7, 1070, 346, 1068, 343, 2, 3, 0.982793723247329, 3.605551275463989
49, 8, 1206, 378, 1209, 383, -3, -5, -2.1112158270654806, 5.830951894845301
49, 9, 1190, 352, 1193, 356, -3, -4, -2.214297435588181, 5.0
49, 10, 1175, 382, 1178, 385, -3, -3, -2.356194490192345, 4.242640687119285
49, 11, 409, 253, 409, 251, 0, 2, 1.5707963267948966, 2.0
49, 12, 1187, 339, 1191, 343, -4, -4, -2.356194490192345, 5.656854249492381
49, 13, 805, 294, 805, 298, 0, -4, -1.5707963267948966, 4.0
49, 14, 719, 670, 720, 674, -1, -4, -1.8157749899217608, 4.123105625617661
49, 15, 258, 373, 258, 374, 0, -1, -1.5707963267948966, 1.0
49, 16, 752, 81, 751, 79, 1, 2, 1.1071487177940904, 2.23606797749979
49, 17, 488, 92, 488, 96, 0, -4, -1.5707963267948966, 4.0
49, 18, 259, 386, 259, 387, 0, -1, -1.5707963267948966, 1.0
49, 19, 629, 50, 629, 52, 0, -2, -1.5707963267948966, 2.0
49, 20, 1190, 172, 1190, 171, 0, 1, 1.5707963267948966, 1.0
49, 21, 616, 10, 617, 10, -1, 0, 3.141592653589793, 1.0
49, 22, 124, 657, 124, 657, 0, 0, 0.0, 0.0
49, 23, 532, 241, 532, 243, 0, -2, -1.5707963267948966, 2.0
49, 24, 642, 19, 641, 20, 1, -1, -0.7853981633974483, 1.4142135623730951
49, 25, 1260, 131, 1261, 130, -1, 1, 2.356194490192345, 1.4142135623730951
49, 26, 825, 570, 830, 569, -5, 1, 2.9441970937399127, 5.0990195135927845
49, 27, 477, 94, 477, 98, 0, -4, -1.5707963267948966, 4.0
49, 28, 513, 202, 513, 205, 0, -3, -1.5707963267948966, 3.0
49, 29, 476, 408, 477, 411, -1, -3, -1.892546881191539, 3.1622776601683795
49, 30, 737, 669, 740, 674, -3, -5, -2.1112158270654806, 5.830951894845301
49, 31, 1158, 44, 1158, 43, 0, 1, 1.5707963267948966, 1.0
49, 32, 744, 536, 745, 538, -1, -2, -2.0344439357957027, 2.23606797749979
49, 33, 482, 302, 481, 306, 1, -4, -1.3258176636680326, 4.123105625617661
49, 34, 309, 338, 309, 339, 0, -1, -1.5707963267948966, 1.0
49, 35, 721, 511, 722, 515, -1, -4, -1.8157749899217608, 4.123105625617661
49, 36, 505, 240, 505, 243, 0, -3, -1.5707963267948966, 3.0
49, 37, 754, 474, 756, 478, -2, -4, -2.0344439357957027, 4.47213595499958
49, 38, 480, 82, 480, 86, 0, -4, -1.5707963267948966, 4.0
49, 39, 26, 95, 23, 97, 3, -2, -0.5880026035475675, 3.605551275463989
49, 40, 589, 81, 589, 81, 0, 0, 0.0, 0.0
49, 41, 1032, 379, 1030, 376, 2, 3, 0.982793723247329, 3.605551275463989
49, 42, 926, 29, 928, 29, -2, 0, 3.141592653589793, 2.0
49, 43, 295, 332, 295, 333, 0, -1, -1.5707963267948966, 1.0
49, 44, 630, 177, 631, 176, -1, 1, 2.356194490192345, 1.4142135623730951
49, 45, 692, 138, 692, 137, 0, 1, 1.5707963267948966, 1.0
49, 46, 589, 52, 589, 52, 0, 0, 0.0, 0.0
49, 47, 1081, 86, 1081, 87, 0, -1, -1.5707963267948966, 1.0
49, 48, 538, 77, 538, 78, 0, -1, -1.5707963267948966, 1.0
49, 49, 1036, 481, 1035, 477, 1, 4, 1.3258176636680326, 4.123105625617661
49, 50, 687, 124, 687, 123, 0, 1, 1.5707963267948966, 1.0
49, 51, 466, 304, 466, 308, 0, -4, -1.5707963267948966, 4.0
49, 52, 638, 266, 639, 265, -1, 1, 2.356194490192345, 1.4142135623730951
49, 53, 285, 343, 286, 343, -1, 0, 3.141592653589793, 1.0
49, 54, 844, 506, 849, 505, -5, 1, 2.9441970937399127, 5.0990195135927845
49, 55, 1173, 254, 1173, 254, 0, 0, 0.0, 0.0
49, 56, 813, 536, 817, 535, -4, 1, 2.896613990462929, 4.123105625617661
49, 57, 544, 38, 544, 39, 0, -1, -1.5707963267948966, 1.0
49, 58, 253, 400, 253, 401, 0, -1, -1.5707963267948966, 1.0
49, 59, 1085, 69, 1085, 68, 0, 1, 1.5707963267948966, 1.0
49, 60, 632, 30, 632, 32, 0, -2, -1.5707963267948966, 2.0
49, 61, 426, 287, 426, 288, 0, -1, -1.5707963267948966, 1.0
49, 62, 639, 24, 639, 26, 0, -2, -1.5707963267948966, 2.0
49, 63, 1120, 25, 1119, 25, 1, 0, 0.0, 1.0
49, 64, 1038, 436, 1038, 436, 0, 0, 0.0, 0.0
49, 65, 266, 345, 266, 346, 0, -1, -1.5707963267948966, 1.0
49, 66, 741, 137, 742, 137, -1, 0, 3.141592653589793, 1.0
49, 67, 587, 43, 587, 43, 0, 0, 0.0, 0.0
49, 68, 293, 384, 293, 385, 0, -1, -1.5707963267948966, 1.0
49, 69, 15, 113, 14, 114, 1, -1, -0.7853981633974483, 1.4142135623730951
49, 70, 902, 13, 904, 13, -2, 0, 3.141592653589793, 2.0
49, 71, 389, 190, 390, 188, -1, 2, 2.0344439357957027, 2.23606797749979
49, 72, 63, 84, 63, 85, 0, -1, -1.5707963267948966, 1.0
49, 73, 1159, 52, 1159, 51, 0, 1, 1.5707963267948966, 1.0
49, 74, 842, 498, 847, 497, -5, 1, 2.9441970937399127, 5.0990195135927845
49, 75, 270, 351, 270, 352, 0, -1, -1.5707963267948966, 1.0
49, 76, 313, 27, 312, 27, 1, 0, 0.0, 1.0
49, 77, 89, 596, 88, 595, 1, 1, 0.7853981633974483, 1.4142135623730951
49, 78, 157, 532, 158, 529, -1, 3, 1.892546881191539, 3.1622776601683795
49, 79, 591, 118, 591, 119, 0, -1, -1.5707963267948966, 1.0
49, 80, 573, 62, 573, 62, 0, 0, 0.0, 0.0
49, 81, 774, 290, 775, 293, -1, -3, -1.892546881191539, 3.1622776601683795
49, 82, 141, 665, 139, 663, 2, 2, 0.7853981633974483, 2.8284271247461903
49, 83, 919, 50, 921, 50, -2, 0, 3.141592653589793, 2.0
49, 84, 299, 362, 299, 363, 0, -1, -1.5707963267948966, 1.0
49, 85, 670, 186, 671, 185, -1, 1, 2.356194490192345, 1.4142135623730951
49, 86, 1110, 92, 1110, 93, 0, -1, -1.5707963267948966, 1.0
49, 87, 744, 87, 743, 85, 1, 2, 1.1071487177940904, 2.23606797749979
49, 88, 904, 23, 906, 23, -2, 0, 3.141592653589793, 2.0
49, 89, 265, 391, 265, 392, 0, -1, -1.5707963267948966, 1.0
49, 90, 1070, 389, 1067, 390, 3, -1, -0.3217505543966422, 3.1622776601683795
49, 91, 914, 59, 915, 58, -1, 1, 2.356194490192345, 1.4142135623730951
49, 92, 417, 221, 418, 219, -1, 2, 2.0344439357957027, 2.23606797749979
49, 93, 1232, 199, 1232, 198, 0, 1, 1.5707963267948966, 1.0
49, 94, 1088, 39, 1088, 38, 0, 1, 1.5707963267948966, 1.0
49, 95, 1235, 244, 1235, 245, 0, -1, -1.5707963267948966, 1.0
49, 96, 1151, 83, 1151, 82, 0, 1, 1.5707963267948966, 1.0
49, 97, 300, 41, 300, 43, 0, -2, -1.5707963267948966, 2.0
49, 98, 1158, 230, 1158, 228, 0, 2, 1.5707963267948966, 2.0
49, 99, 271, 41, 270, 41, 1, 0, 0.0, 1.0
49, 100, 303, 333, 303, 334, 0, -1, -1.5707963267948966, 1.0
49, 101, 494, 169, 494, 171, 0, -2, -1.5707963267948966, 2.0
49, 102, 618, 223, 619, 223, -1, 0, 3.141592653589793, 1.0
49, 103, 1102, 64, 1101, 63, 1, 1, 0.7853981633974483, 1.4142135623730951
49, 104, 1098, 31, 1098, 30, 0, 1, 1.5707963267948966, 1.0
49, 105, 1173, 206, 1172, 204, 1, 2, 1.1071487177940904, 2.23606797749979
49, 106, 1131, 123, 1132, 123, -1, 0, 3.141592653589793, 1.0
49, 107, 805, 112, 806, 114, -1, -2, -2.0344439357957027, 2.23606797749979
49, 108, 1090, 98, 1090, 98, 0, 0, 0.0, 0.0
49, 109, 1045, 410, 1043, 407, 2, 3, 0.982793723247329, 3.605551275463989
49, 110, 249, 417, 249, 418, 0, -1, -1.5707963267948966, 1.0
49, 111, 255, 361, 255, 362, 0, -1, -1.5707963267948966, 1.0
49, 112, 1204, 175, 1203, 173, 1, 2, 1.1071487177940904, 2.23606797749979
49, 113, 857, 539, 861, 539, -4, 0, 3.141592653589793, 4.0
49, 114, 489, 164, 489, 166, 0, -2, -1.5707963267948966, 2.0
49, 115, 391, 297, 391, 295, 0, 2, 1.5707963267948966, 2.0
49, 116, 543, 45, 543, 46, 0, -1, -1.5707963267948966, 1.0
49, 117, 398, 304, 398, 302, 0, 2, 1.5707963267948966, 2.0
49, 118, 1063, 449, 1061, 446, 2, 3, 0.982793723247329, 3.605551275463989
49, 119, 631, 258, 632, 256, -1, 2, 2.0344439357957027, 2.23606797749979
49, 120, 146, 414, 148, 410, -2, 4, 2.0344439357957027, 4.47213595499958
49, 121, 477, 289, 476, 294, 1, -5, -1.373400766945016, 5.0990195135927845
49, 122, 785, 248, 786, 250, -1, -2, -2.0344439357957027, 2.23606797749979
49, 123, 658, 22, 657, 23, 1, -1, -0.7853981633974483, 1.4142135623730951
49, 124, 579, 115, 579, 116, 0, -1, -1.5707963267948966, 1.0
49, 125, 397, 254, 397, 251, 0, 3, 1.5707963267948966, 3.0
49, 126, 173, 27, 174, 26, -1, 1, 2.356194490192345, 1.4142135623730951
49, 127, 510, 16, 510, 19, 0, -3, -1.5707963267948966, 3.0
49, 128, 136, 631, 135, 629, 1, 2, 1.1071487177940904, 2.23606797749979
49, 129, 510, 216, 510, 218, 0, -2, -1.5707963267948966, 2.0
49, 130, 631, 43, 631, 44, 0, -1, -1.5707963267948966, 1.0
49, 131, 751, 148, 752, 147, -1, 1, 2.356194490192345, 1.4142135623730951
50, 0, 1178, 407, 1180, 410, -2, -3, -2.158798930342464, 3.605551275463989
50, 1, 792, 51, 793, 54, -1, -3, -1.892546881191539, 3.1622776601683795
50, 2, 278, 332, 278, 332, 0, 0, 0.0, 0.0
50, 3, 253, 353, 253, 354, 0, -1, -1.5707963267948966, 1.0
50, 4, 811, 40, 812, 42, -1, -2, -2.0344439357957027, 2.23606797749979
50, 5, 258, 373, 258, 374, 0, -1, -1.5707963267948966, 1.0
50, 6, 261, 354, 261, 355, 0, -1, -1.5707963267948966, 1.0
50, 7, 803, 32, 804, 34, -1, -2, -2.0344439357957027, 2.23606797749979
50, 8, 1175, 382, 1178, 385, -3, -3, -2.356194490192345, 4.242640687119285
50, 9, 144, 425, 146, 421, -2, 4, 2.0344439357957027, 4.47213595499958
50, 10, 806, 295, 806, 299, 0, -4, -1.5707963267948966, 4.0
50, 11, 1189, 353, 1193, 357, -4, -4, -2.356194490192345, 5.656854249492381
50, 12, 851, 546, 855, 546, -4, 0, 3.141592653589793, 4.0
50, 13, 719, 665, 719, 670, 0, -5, -1.5707963267948966, 5.0
50, 14, 259, 386, 259, 387, 0, -1, -1.5707963267948966, 1.0
50, 15, 1187, 339, 1190, 343, -3, -4, -2.214297435588181, 5.0
50, 16, 488, 92, 489, 96, -1, -4, -1.8157749899217608, 4.123105625617661
50, 17, 753, 80, 752, 79, 1, 1, 0.7853981633974483, 1.4142135623730951
50, 18, 514, 203, 514, 206, 0, -3, -1.5707963267948966, 3.0
50, 19, 820, 57, 821, 59, -1, -2, -2.0344439357957027, 2.23606797749979
50, 20, 477, 92, 478, 96, -1, -4, -1.8157749899217608, 4.123105625617661
50, 21, 1260, 132, 1261, 131, -1, 1, 2.356194490192345, 1.4142135623730951
50, 22, 532, 240, 532, 243, 0, -3, -1.5707963267948966, 3.0
50, 23, 757, 86, 756, 85, 1, 1, 0.7853981633974483, 1.4142135623730951
50, 24, 1206, 379, 1210, 383, -4, -4, -2.356194490192345, 5.656854249492381
50, 25, 590, 82, 590, 82, 0, 0, 0.0, 0.0
50, 26, 1159, 45, 1159, 44, 0, 1, 1.5707963267948966, 1.0
50, 27, 816, 82, 817, 84, -1, -2, -2.0344439357957027, 2.23606797749979
50, 28, 1071, 347, 1069, 344, 2, 3, 0.982793723247329, 3.605551275463989
50, 29, 296, 332, 296, 333, 0, -1, -1.5707963267948966, 1.0
50, 30, 1191, 174, 1191, 172, 0, 2, 1.5707963267948966, 2.0
50, 31, 616, 12, 616, 11, 0, 1, 1.5707963267948966, 1.0
50, 32, 590, 52, 590, 53, 0, -1, -1.5707963267948966, 1.0
50, 33, 755, 471, 757, 476, -2, -5, -1.9513027039072615, 5.385164807134504
50, 34, 481, 303, 481, 307, 0, -4, -1.5707963267948966, 4.0
50, 35, 630, 178, 631, 176, -1, 2, 2.0344439357957027, 2.23606797749979
50, 36, 630, 51, 630, 53, 0, -2, -1.5707963267948966, 2.0
50, 37, 309, 339, 309, 340, 0, -1, -1.5707963267948966, 1.0
50, 38, 692, 138, 692, 137, 0, 1, 1.5707963267948966, 1.0
50, 39, 842, 507, 847, 506, -5, 1, 2.9441970937399127, 5.0990195135927845
50, 40, 737, 666, 740, 671, -3, -5, -2.1112158270654806, 5.830951894845301
50, 41, 29, 98, 25, 99, 4, -1, -0.24497866312686414, 4.123105625617661
50, 42, 1160, 426, 1165, 430, -5, -4, -2.4668517113662407, 6.4031242374328485
50, 43, 926, 30, 928, 30, -2, 0, 3.141592653589793, 2.0
50, 44, 481, 82, 481, 86, 0, -4, -1.5707963267948966, 4.0
50, 45, 1178, 433, 1179, 435, -1, -2, -2.0344439357957027, 2.23606797749979
50, 46, 687, 124, 687, 123, 0, 1, 1.5707963267948966, 1.0
50, 47, 538, 78, 538, 79, 0, -1, -1.5707963267948966, 1.0
50, 48, 812, 538, 816, 538, -4, 0, 3.141592653589793, 4.0
50, 49, 639, 265, 640, 264, -1, 1, 2.356194490192345, 1.4142135623730951
50, 50, 1121, 26, 1119, 26, 2, 0, 0.0, 2.0
50, 51, 505, 241, 505, 244, 0, -3, -1.5707963267948966, 3.0
50, 52, 840, 497, 845, 497, -5, 0, 3.141592653589793, 5.0
50, 53, 1069, 390, 1067, 389, 2, 1, 0.4636476090008061, 2.23606797749979
50, 54, 466, 304, 466, 308, 0, -4, -1.5707963267948966, 4.0
50, 55, 824, 571, 829, 570, -5, 1, 2.9441970937399127, 5.0990195135927845
50, 56, 17, 52, 13, 53, 4, -1, -0.24497866312686414, 4.123105625617661
50, 57, 319, 403, 319, 404, 0, -1, -1.5707963267948966, 1.0
50, 58, 591, 119, 591, 120, 0, -1, -1.5707963267948966, 1.0
50, 59, 1046, 405, 1045, 403, 1, 2, 1.1071487177940904, 2.23606797749979
50, 60, 254, 400, 254, 401, 0, -1, -1.5707963267948966, 1.0
50, 61, 1038, 437, 1038, 436, 0, 1, 1.5707963267948966, 1.0
50, 62, 1184, 447, 1184, 448, 0, -1, -1.5707963267948966, 1.0
50, 63, 1037, 484, 1036, 480, 1, 4, 1.3258176636680326, 4.123105625617661
50, 64, 803, 41, 804, 43, -1, -2, -2.0344439357957027, 2.23606797749979
50, 65, 903, 12, 905, 13, -2, -1, -2.677945044588987, 2.23606797749979
50, 66, 634, 25, 634, 27, 0, -2, -1.5707963267948966, 2.0
50, 67, 1160, 52, 1160, 51, 0, 1, 1.5707963267948966, 1.0
50, 68, 587, 43, 587, 43, 0, 0, 0.0, 0.0
50, 69, 427, 286, 427, 287, 0, -1, -1.5707963267948966, 1.0
50, 70, 752, 149, 752, 149, 0, 0, 0.0, 0.0
50, 71, 1083, 88, 1083, 89, 0, -1, -1.5707963267948966, 1.0
50, 72, 294, 384, 294, 385, 0, -1, -1.5707963267948966, 1.0
50, 73, 544, 38, 544, 39, 0, -1, -1.5707963267948966, 1.0
50, 74, 573, 62, 573, 63, 0, -1, -1.5707963267948966, 1.0
50, 75, 685, 217, 686, 217, -1, 0, 3.141592653589793, 1.0
50, 76, 63, 84, 63, 85, 0, -1, -1.5707963267948966, 1.0
50, 77, 390, 189, 391, 188, -1, 1, 2.356194490192345, 1.4142135623730951
50, 78, 266, 392, 266, 393, 0, -1, -1.5707963267948966, 1.0
50, 79, 1088, 38, 1088, 38, 0, 0, 0.0, 0.0
50, 80, 721, 503, 722, 507, -1, -4, -1.8157749899217608, 4.123105625617661
50, 81, 397, 255, 397, 252, 0, 3, 1.5707963267948966, 3.0
50, 82, 270, 352, 270, 353, 0, -1, -1.5707963267948966, 1.0
50, 83, 745, 86, 744, 85, 1, 1, 0.7853981633974483, 1.4142135623730951
50, 84, 786, 247, 787, 251, -1, -4, -1.8157749899217608, 4.123105625617661
50, 85, 314, 30, 313, 30, 1, 0, 0.0, 1.0
50, 86, 299, 363, 299, 364, 0, -1, -1.5707963267948966, 1.0
50, 87, 817, 46, 818, 48, -1, -2, -2.0344439357957027, 2.23606797749979
50, 88, 630, 262, 632, 261, -2, 1, 2.677945044588987, 2.23606797749979
50, 89, 1152, 84, 1152, 83, 0, 1, 1.5707963267948966, 1.0
50, 90, 1099, 30, 1099, 30, 0, 0, 0.0, 0.0
50, 91, 914, 60, 915, 59, -1, 1, 2.356194490192345, 1.4142135623730951
50, 92, 1087, 68, 1086, 68, 1, 0, 0.0, 1.0
50, 93, 905, 22, 907, 23, -2, -1, -2.677945044588987, 2.23606797749979
50, 94, 919, 48, 921, 48, -2, 0, 3.141592653589793, 2.0
50, 95, 1159, 231, 1159, 228, 0, 3, 1.5707963267948966, 3.0
50, 96, 476, 289, 476, 294, 0, -5, -1.5707963267948966, 5.0
50, 97, 1110, 93, 1110, 93, 0, 0, 0.0, 0.0
50, 98, 644, 25, 643, 27, 1, -2, -1.1071487177940904, 2.23606797749979
50, 99, 266, 346, 266, 347, 0, -1, -1.5707963267948966, 1.0
50, 100, 332, 419, 332, 420, 0, -1, -1.5707963267948966, 1.0
50, 101, 1031, 379, 1030, 376, 1, 3, 1.2490457723982544, 3.1622776601683795
50, 102, 782, 294, 782, 298, 0, -4, -1.5707963267948966, 4.0
50, 103, 303, 334, 303, 335, 0, -1, -1.5707963267948966, 1.0
50, 104, 331, 378, 331, 379, 0, -1, -1.5707963267948966, 1.0
50, 105, 265, 402, 265, 403, 0, -1, -1.5707963267948966, 1.0
50, 106, 743, 137, 743, 137, 0, 0, 0.0, 0.0
50, 107, 873, 61, 875, 62, -2, -1, -2.677945044588987, 2.23606797749979
50, 108, 49, 108, 47, 108, 2, 0, 0.0, 2.0
50, 109, 271, 44, 269, 44, 2, 0, 0.0, 2.0
50, 110, 1183, 359, 1186, 363, -3, -4, -2.214297435588181, 5.0
50, 111, 777, 286, 777, 290, 0, -4, -1.5707963267948966, 4.0
50, 112, 142, 472, 145, 470, -3, 2, 2.5535900500422257, 3.605551275463989
50, 113, 657, 23, 657, 24, 0, -1, -1.5707963267948966, 1.0
50, 114, 90, 597, 88, 596, 2, 1, 0.4636476090008061, 2.23606797749979
50, 115, 417, 222, 418, 220, -1, 2, 2.0344439357957027, 2.23606797749979
50, 116, 1233, 199, 1232, 199, 1, 0, 0.0, 1.0
50, 117, 645, 17, 643, 16, 2, 1, 0.4636476090008061, 2.23606797749979
50, 118, 279, 361, 279, 362, 0, -1, -1.5707963267948966, 1.0
50, 119, 255, 362, 255, 363, 0, -1, -1.5707963267948966, 1.0
50, 120, 1131, 123, 1132, 123, -1, 0, 3.141592653589793, 1.0
50, 121, 166, 480, 169, 478, -3, 2, 2.5535900500422257, 3.605551275463989
50, 122, 1205, 176, 1204, 174, 1, 2, 1.1071487177940904, 2.23606797749979
50, 123, 16, 113, 14, 114, 2, -1, -0.4636476090008061, 2.23606797749979
50, 124, 1171, 254, 1172, 254, -1, 0, 3.141592653589793, 1.0
50, 125, 160, 534, 159, 531, 1, 3, 1.2490457723982544, 3.1622776601683795
50, 126, 518, 298, 519, 301, -1, -3, -1.892546881191539, 3.1622776601683795
50, 127, 16, 60, 12, 62, 4, -2, -0.4636476090008061, 4.47213595499958
50, 128, 1181, 254, 1181, 253, 0, 1, 1.5707963267948966, 1.0
50, 129, 1089, 511, 1089, 508, 0, 3, 1.5707963267948966, 3.0
50, 130, 579, 115, 579, 116, 0, -1, -1.5707963267948966, 1.0
50, 131, 543, 45, 543, 46, 0, -1, -1.5707963267948966, 1.0
50, 132, 671, 187, 672, 186, -1, 1, 2.356194490192345, 1.4142135623730951
50, 133, 146, 415, 149, 411, -3, 4, 2.214297435588181, 5.0
50, 134, 1261, 157, 1263, 157, -2, 0, 3.141592653589793, 2.0
50, 135, 1089, 98, 1089, 98, 0, 0, 0.0, 0.0
50, 136, 632, 42, 632, 44, 0, -2, -1.5707963267948966, 2.0
50, 137, 422, 334, 424, 332, -2, 2, 2.356194490192345, 2.8284271247461903
50, 138, 488, 165, 488, 167, 0, -2, -1.5707963267948966, 2.0
50, 139, 280, 323, 280, 324, 0, -1, -1.5707963267948966, 1.0
50, 140, 1193, 117, 1194, 114, -1, 3, 1.892546881191539, 3.1622776601683795
50, 141, 266, 420, 266, 421, 0, -1, -1.5707963267948966, 1.0
50, 142, 1063, 454, 1061, 451, 2, 3, 0.982793723247329, 3.605551275463989
50, 143, 853, 72, 853, 73, 0, -1, -1.5707963267948966, 1.0
50, 144, 619, 224, 620, 224, -1, 0, 3.141592653589793, 1.0
50, 145, 1193, 153, 1194, 150, -1, 3, 1.892546881191539, 3.1622776601683795
50, 146, 144, 670, 142, 668, 2, 2, 0.7853981633974483, 2.8284271247461903
50, 147, 131, 677, 131, 677, 0, 0, 0.0, 0.0
50, 148, 1047, 417, 1046, 414, 1, 3, 1.2490457723982544, 3.1622776601683795
50, 149, 1070, 338, 1068, 335, 2, 3, 0.982793723247329, 3.605551275463989
50, 150, 511, 214, 511, 218, 0, -4, -1.5707963267948966, 4.0
50, 151, 391, 297, 391, 295, 0, 2, 1.5707963267948966, 2.0
50, 152, 1203, 351, 1207, 355, -4, -4, -2.356194490192345, 5.656854249492381
50, 153, 192, 22, 192, 22, 0, 0, 0.0, 0.0
50, 154, 329, 388, 329, 389, 0, -1, -1.5707963267948966, 1.0
50, 155, 1261, 165, 1270, 164, -9, 1, 3.0309354324158977, 9.055385138137417
50, 156, 82, 606, 81, 605, 1, 1, 0.7853981633974483, 1.4142135623730951
50, 157, 826, 498, 831, 498, -5, 0, 3.141592653589793, 5.0
50, 158, 1164, 212, 1163, 210, 1, 2, 1.1071487177940904, 2.23606797749979
51, 0, 1176, 405, 1178, 407, -2, -2, -2.356194490192345, 2.8284271247461903
51, 1, 791, 48, 792, 51, -1, -3, -1.892546881191539, 3.1622776601683795
51, 2, 278, 331, 278, 332, 0, -1, -1.5707963267948966, 1.0
51, 3, 253, 352, 253, 353, 0, -1, -1.5707963267948966, 1.0
51, 4, 810, 38, 811, 40, -1, -2, -2.0344439357957027, 2.23606797749979
51, 5, 258, 372, 258, 373, 0, -1, -1.5707963267948966, 1.0
51, 6, 261, 353, 261, 354, 0, -1, -1.5707963267948966, 1.0
51, 7, 802, 30, 803, 32, -1, -2, -2.0344439357957027, 2.23606797749979
51, 8, 1172, 379, 1175, 382, -3, -3, -2.356194490192345, 4.242640687119285
51, 9, 142, 428, 144, 425, -2, 3, 2.158798930342464, 3.605551275463989
51, 10, 805, 291, 806, 295, -1, -4, -1.8157749899217608, 4.123105625617661
51, 11, 1186, 350, 1189, 353, -3, -3, -2.356194490192345, 4.242640687119285
51, 12, 847, 545, 851, 546, -4, -1, -2.896613990462929, 4.123105625617661
51, 13, 718, 660, 719, 665, -1, -5, -1.7681918866447774, 5.0990195135927845
51, 14, 259, 385, 259, 386, 0, -1, -1.5707963267948966, 1.0
51, 15, 1184, 336, 1187, 339, -3, -3, -2.356194490192345, 4.242640687119285
51, 16, 488, 89, 488, 92, 0, -3, -1.5707963267948966, 3.0
51, 17, 754, 80, 753, 80, 1, 0, 0.0, 1.0
51, 18, 514, 199, 514, 203, 0, -4, -1.5707963267948966, 4.0
51, 19, 819, 55, 820, 57, -1, -2, -2.0344439357957027, 2.23606797749979
51, 20, 477, 89, 477, 92, 0, -3, -1.5707963267948966, 3.0
51, 21, 1259, 134, 1260, 132, -1, 2, 2.0344439357957027, 2.23606797749979
51, 22, 532, 237, 532, 240, 0, -3, -1.5707963267948966, 3.0
51, 23, 757, 87, 757, 86, 0, 1, 1.5707963267948966, 1.0
51, 24, 1203, 375, 1206, 379, -3, -4, -2.214297435588181, 5.0
51, 25, 590, 81, 590, 82, 0, -1, -1.5707963267948966, 1.0
51, 26, 1159, 46, 1159, 45, 0, 1, 1.5707963267948966, 1.0
51, 27, 815, 80, 816, 82, -1, -2, -2.0344439357957027, 2.23606797749979
51, 28, 1073, 350, 1071, 347, 2, 3, 0.982793723247329, 3.605551275463989
51, 29, 296, 331, 296, 332, 0, -1, -1.5707963267948966, 1.0
51, 30, 1191, 176, 1191, 174, 0, 2, 1.5707963267948966, 2.0
51, 31, 615, 13, 616, 12, -1, 1, 2.356194490192345, 1.4142135623730951
51, 32, 590, 51, 590, 52, 0, -1, -1.5707963267948966, 1.0
51, 33, 753, 466, 755, 471, -2, -5, -1.9513027039072615, 5.385164807134504
51, 34, 482, 299, 481, 303, 1, -4, -1.3258176636680326, 4.123105625617661
51, 35, 629, 180, 630, 178, -1, 2, 2.0344439357957027, 2.23606797749979
51, 36, 630, 50, 630, 51, 0, -1, -1.5707963267948966, 1.0
51, 37, 309, 338, 309, 339, 0, -1, -1.5707963267948966, 1.0
51, 38, 692, 138, 692, 138, 0, 0, 0.0, 0.0
51, 39, 837, 508, 842, 507, -5, 1, 2.9441970937399127, 5.0990195135927845
51, 40, 735, 661, 737, 666, -2, -5, -1.9513027039072615, 5.385164807134504
51, 41, 33, 97, 29, 98, 4, -1, -0.24497866312686414, 4.123105625617661
51, 42, 1156, 421, 1160, 426, -4, -5, -2.2455372690184494, 6.4031242374328485
51, 43, 481, 79, 481, 82, 0, -3, -1.5707963267948966, 3.0
51, 44, 1176, 432, 1178, 433, -2, -1, -2.677945044588987, 2.23606797749979
51, 45, 687, 124, 687, 124, 0, 0, 0.0, 0.0
51, 46, 808, 538, 812, 538, -4, 0, 3.141592653589793, 4.0
51, 47, 638, 266, 639, 265, -1, 1, 2.356194490192345, 1.4142135623730951
51, 48, 1122, 26, 1121, 26, 1, 0, 0.0, 1.0
51, 49, 505, 237, 505, 241, 0, -4, -1.5707963267948966, 4.0
51, 50, 835, 497, 840, 497, -5, 0, 3.141592653589793, 5.0
51, 51, 1071, 392, 1069, 390, 2, 2, 0.7853981633974483, 2.8284271247461903
51, 52, 466, 300, 466, 304, 0, -4, -1.5707963267948966, 4.0
51, 53, 820, 572, 824, 571, -4, 1, 2.896613990462929, 4.123105625617661
51, 54, 21, 50, 17, 52, 4, -2, -0.4636476090008061, 4.47213595499958
51, 55, 319, 402, 319, 403, 0, -1, -1.5707963267948966, 1.0
51, 56, 591, 118, 591, 119, 0, -1, -1.5707963267948966, 1.0
51, 57, 1048, 407, 1046, 405, 2, 2, 0.7853981633974483, 2.8284271247461903
51, 58, 254, 400, 254, 400, 0, 0, 0.0, 0.0
51, 59, 1038, 438, 1038, 437, 0, 1, 1.5707963267948966, 1.0
51, 60, 1038, 488, 1037, 484, 1, 4, 1.3258176636680326, 4.123105625617661
51, 61, 802, 39, 803, 41, -1, -2, -2.0344439357957027, 2.23606797749979
51, 62, 901, 12, 903, 12, -2, 0, 3.141592653589793, 2.0
51, 63, 634, 23, 634, 25, 0, -2, -1.5707963267948966, 2.0
51, 64, 1160, 53, 1160, 52, 0, 1, 1.5707963267948966, 1.0
51, 65, 587, 42, 587, 43, 0, -1, -1.5707963267948966, 1.0
51, 66, 427, 286, 427, 286, 0, 0, 0.0, 0.0
51, 67, 752, 149, 752, 149, 0, 0, 0.0, 0.0
51, 68, 1083, 88, 1083, 88, 0, 0, 0.0, 0.0
51, 69, 294, 383, 294, 384, 0, -1, -1.5707963267948966, 1.0
51, 70, 544, 37, 544, 38, 0, -1, -1.5707963267948966, 1.0
51, 71, 573, 61, 573, 62, 0, -1, -1.5707963267948966, 1.0
51, 72, 685, 216, 685, 217, 0, -1, -1.5707963267948966, 1.0
51, 73, 63, 83, 63, 84, 0, -1, -1.5707963267948966, 1.0
51, 74, 389, 190, 390, 189, -1, 1, 2.356194490192345, 1.4142135623730951
51, 75, 266, 391, 266, 392, 0, -1, -1.5707963267948966, 1.0
51, 76, 1088, 38, 1088, 38, 0, 0, 0.0, 0.0
51, 77, 720, 500, 721, 503, -1, -3, -1.892546881191539, 3.1622776601683795
51, 78, 397, 258, 397, 255, 0, 3, 1.5707963267948966, 3.0
51, 79, 270, 351, 270, 352, 0, -1, -1.5707963267948966, 1.0
51, 80, 745, 86, 745, 86, 0, 0, 0.0, 0.0
51, 81, 785, 243, 786, 247, -1, -4, -1.8157749899217608, 4.123105625617661
51, 82, 314, 29, 314, 30, 0, -1, -1.5707963267948966, 1.0
51, 83, 299, 362, 299, 363, 0, -1, -1.5707963267948966, 1.0
51, 84, 816, 44, 817, 46, -1, -2, -2.0344439357957027, 2.23606797749979
51, 85, 629, 264, 630, 262, -1, 2, 2.0344439357957027, 2.23606797749979
51, 86, 1152, 85, 1152, 84, 0, 1, 1.5707963267948966, 1.0
51, 87, 1099, 30, 1099, 30, 0, 0, 0.0, 0.0
51, 88, 912, 62, 914, 60, -2, 2, 2.356194490192345, 2.8284271247461903
51, 89, 1088, 68, 1087, 68, 1, 0, 0.0, 1.0
51, 90, 904, 22, 905, 22, -1, 0, 3.141592653589793, 1.0
51, 91, 917, 48, 919, 48, -2, 0, 3.141592653589793, 2.0
51, 92, 1160, 234, 1159, 231, 1, 3, 1.2490457723982544, 3.1622776601683795
51, 93, 477, 284, 476, 289, 1, -5, -1.373400766945016, 5.0990195135927845
51, 94, 1110, 92, 1110, 93, 0, -1, -1.5707963267948966, 1.0
51, 95, 645, 24, 644, 25, 1, -1, -0.7853981633974483, 1.4142135623730951
51, 96, 266, 345, 266, 346, 0, -1, -1.5707963267948966, 1.0
51, 97, 1032, 382, 1031, 379, 1, 3, 1.2490457723982544, 3.1622776601683795
51, 98, 782, 290, 782, 294, 0, -4, -1.5707963267948966, 4.0
51, 99, 303, 333, 303, 334, 0, -1, -1.5707963267948966, 1.0
51, 100, 265, 401, 265, 402, 0, -1, -1.5707963267948966, 1.0
51, 101, 743, 136, 743, 137, 0, -1, -1.5707963267948966, 1.0
51, 102, 50, 107, 49, 108, 1, -1, -0.7853981633974483, 1.4142135623730951
51, 103, 272, 44, 271, 44, 1, 0, 0.0, 1.0
51, 104, 1180, 356, 1183, 359, -3, -3, -2.356194490192345, 4.242640687119285
51, 105, 777, 281, 777, 286, 0, -5, -1.5707963267948966, 5.0
51, 106, 138, 474, 142, 472, -4, 2, 2.677945044588987, 4.47213595499958
51, 107, 657, 23, 657, 23, 0, 0, 0.0, 0.0
51, 108, 91, 599, 90, 597, 1, 2, 1.1071487177940904, 2.23606797749979
51, 109, 416, 224, 417, 222, -1, 2, 2.0344439357957027, 2.23606797749979
51, 110, 1234, 199, 1233, 199, 1, 0, 0.0, 1.0
51, 111, 645, 18, 645, 17, 0, 1, 1.5707963267948966, 1.0
51, 112, 278, 361, 279, 361, -1, 0, 3.141592653589793, 1.0
51, 113, 255, 361, 255, 362, 0, -1, -1.5707963267948966, 1.0
51, 114, 1130, 123, 1131, 123, -1, 0, 3.141592653589793, 1.0
51, 115, 164, 483, 166, 480, -2, 3, 2.158798930342464, 3.605551275463989
51, 116, 1206, 179, 1205, 176, 1, 3, 1.2490457723982544, 3.1622776601683795
51, 117, 18, 112, 16, 113, 2, -1, -0.4636476090008061, 2.23606797749979
51, 118, 1170, 254, 1171, 254, -1, 0, 3.141592653589793, 1.0
51, 119, 160, 538, 160, 534, 0, 4, 1.5707963267948966, 4.0
51, 120, 517, 295, 518, 298, -1, -3, -1.892546881191539, 3.1622776601683795
51, 121, 20, 58, 16, 60, 4, -2, -0.4636476090008061, 4.47213595499958
51, 122, 1181, 256, 1181, 254, 0, 2, 1.5707963267948966, 2.0
51, 123, 1090, 513, 1089, 511, 1, 2, 1.1071487177940904, 2.23606797749979
51, 124, 579, 114, 579, 115, 0, -1, -1.5707963267948966, 1.0
51, 125, 543, 44, 543, 45, 0, -1, -1.5707963267948966, 1.0
51, 126, 670, 188, 671, 187, -1, 1, 2.356194490192345, 1.4142135623730951
51, 127, 143, 419, 146, 415, -3, 4, 2.214297435588181, 5.0
51, 128, 1261, 157, 1261, 157, 0, 0, 0.0, 0.0
51, 129, 1089, 97, 1089, 98, 0, -1, -1.5707963267948966, 1.0
51, 130, 632, 41, 632, 42, 0, -1, -1.5707963267948966, 1.0
51, 131, 419, 336, 422, 334, -3, 2, 2.5535900500422257, 3.605551275463989
51, 132, 488, 164, 488, 165, 0, -1, -1.5707963267948966, 1.0
51, 133, 280, 322, 280, 323, 0, -1, -1.5707963267948966, 1.0
51, 134, 1192, 119, 1193, 117, -1, 2, 2.0344439357957027, 2.23606797749979
51, 135, 1065, 457, 1063, 454, 2, 3, 0.982793723247329, 3.605551275463989
51, 136, 853, 71, 853, 72, 0, -1, -1.5707963267948966, 1.0
51, 137, 1192, 156, 1193, 153, -1, 3, 1.892546881191539, 3.1622776601683795
51, 138, 145, 671, 144, 670, 1, 1, 0.7853981633974483, 1.4142135623730951
51, 139, 131, 677, 131, 677, 0, 0, 0.0, 0.0
51, 140, 1049, 420, 1047, 417, 2, 3, 0.982793723247329, 3.605551275463989
51, 141, 1072, 341, 1070, 338, 2, 3, 0.982793723247329, 3.605551275463989
51, 142, 511, 210, 511, 214, 0, -4, -1.5707963267948966, 4.0
51, 143, 391, 299, 391, 297, 0, 2, 1.5707963267948966, 2.0
51, 144, 1199, 347, 1203, 351, -4, -4, -2.356194490192345, 5.656854249492381
51, 145, 191, 22, 192, 22, -1, 0, 3.141592653589793, 1.0
51, 146, 329, 387, 329, 388, 0, -1, -1.5707963267948966, 1.0
51, 147, 1261, 166, 1261, 165, 0, 1, 1.5707963267948966, 1.0
51, 148, 83, 608, 82, 606, 1, 2, 1.1071487177940904, 2.23606797749979
51, 149, 821, 497, 826, 498, -5, -1, -2.9441970937399127, 5.0990195135927845
51, 150, 1165, 215, 1164, 212, 1, 3, 1.2490457723982544, 3.1622776601683795
52, 0, 1177, 404, 1180, 408, -3, -4, -2.214297435588181, 5.0
52, 1, 791, 48, 793, 52, -2, -4, -2.0344439357957027, 4.47213595499958
52, 2, 258, 373, 258, 374, 0, -1, -1.5707963267948966, 1.0
52, 3, 802, 29, 804, 33, -2, -4, -2.0344439357957027, 4.47213595499958
52, 4, 810, 35, 812, 40, -2, -5, -1.9513027039072615, 5.385164807134504
52, 5, 252, 352, 252, 353, 0, -1, -1.5707963267948966, 1.0
52, 6, 278, 331, 278, 332, 0, -1, -1.5707963267948966, 1.0
52, 7, 261, 354, 261, 355, 0, -1, -1.5707963267948966, 1.0
52, 8, 754, 523, 758, 527, -4, -4, -2.356194490192345, 5.656854249492381
52, 9, 1186, 351, 1191, 354, -5, -3, -2.601173153319209, 5.830951894845301
52, 10, 807, 543, 810, 544, -3, -1, -2.819842099193151, 3.1622776601683795
52, 11, 1170, 382, 1174, 383, -4, -1, -2.896613990462929, 4.123105625617661
52, 12, 1184, 337, 1187, 340, -3, -3, -2.356194490192345, 4.242640687119285
52, 13, 1195, 176, 1193, 174, 2, 2, 0.7853981633974483, 2.8284271247461903
52, 14, 856, 42, 858, 43, -2, -1, -2.677945044588987, 2.23606797749979
52, 15, 816, 58, 818, 63, -2, -5, -1.9513027039072615, 5.385164807134504
52, 16, 717, 656, 717, 661, 0, -5, -1.5707963267948966, 5.0
52, 17, 142, 428, 144, 426, -2, 2, 2.356194490192345, 2.8284271247461903
52, 18, 843, 545, 848, 547, -5, -2, -2.761086276477428, 5.385164807134504
52, 19, 283, 351, 283, 352, 0, -1, -1.5707963267948966, 1.0
52, 20, 514, 199, 514, 203, 0, -4, -1.5707963267948966, 4.0
52, 21, 334, 365, 334, 366, 0, -1, -1.5707963267948966, 1.0
52, 22, 489, 90, 489, 94, 0, -4, -1.5707963267948966, 4.0
52, 23, 296, 332, 296, 333, 0, -1, -1.5707963267948966, 1.0
52, 24, 1072, 392, 1069, 390, 3, 2, 0.5880026035475675, 3.605551275463989
52, 25, 483, 298, 482, 302, 1, -4, -1.3258176636680326, 4.123105625617661
52, 26, 804, 293, 805, 296, -1, -3, -1.892546881191539, 3.1622776601683795
52, 27, 752, 81, 750, 80, 2, 1, 0.4636476090008061, 2.23606797749979
52, 28, 592, 52, 591, 53, 1, -1, -0.7853981633974483, 1.4142135623730951
52, 29, 533, 236, 533, 241, 0, -5, -1.5707963267948966, 5.0
52, 30, 842, 39, 844, 40, -2, -1, -2.677945044588987, 2.23606797749979
52, 31, 1161, 50, 1160, 46, 1, 4, 1.3258176636680326, 4.123105625617661
52, 32, 478, 89, 478, 93, 0, -4, -1.5707963267948966, 4.0
52, 33, 1259, 134, 1260, 131, -1, 3, 1.892546881191539, 3.1622776601683795
52, 34, 630, 49, 630, 51, 0, -2, -1.5707963267948966, 2.0
52, 35, 737, 659, 737, 661, 0, -2, -1.5707963267948966, 2.0
52, 36, 259, 385, 259, 386, 0, -1, -1.5707963267948966, 1.0
52, 37, 924, 30, 927, 30, -3, 0, 3.141592653589793, 3.0
52, 38, 616, 16, 616, 13, 0, 3, 1.5707963267948966, 3.0
52, 39, 816, 76, 817, 81, -1, -5, -1.7681918866447774, 5.0990195135927845
52, 40, 309, 338, 309, 339, 0, -1, -1.5707963267948966, 1.0
52, 41, 593, 82, 592, 82, 1, 0, 0.0, 1.0
52, 42, 172, 491, 174, 489, -2, 2, 2.356194490192345, 2.8284271247461903
52, 43, 753, 468, 755, 472, -2, -4, -2.0344439357957027, 4.47213595499958
52, 44, 1124, 27, 1121, 26, 3, 1, 0.3217505543966422, 3.1622776601683795
52, 45, 820, 571, 823, 572, -3, -1, -2.819842099193151, 3.1622776601683795
52, 46, 429, 289, 428, 287, 1, 2, 1.1071487177940904, 2.23606797749979
52, 47, 34, 97, 30, 97, 4, 0, 0.0, 4.0
52, 48, 757, 88, 756, 87, 1, 1, 0.7853981633974483, 1.4142135623730951
52, 49, 693, 139, 693, 138, 0, 1, 1.5707963267948966, 1.0
52, 50, 138, 477, 142, 474, -4, 3, 2.498091544796509, 5.0
52, 51, 836, 508, 841, 506, -5, 2, 2.761086276477428, 5.385164807134504
52, 52, 831, 48, 834, 49, -3, -1, -2.819842099193151, 3.1622776601683795
52, 53, 619, 223, 620, 222, -1, 1, 2.356194490192345, 1.4142135623730951
52, 54, 481, 79, 481, 83, 0, -4, -1.5707963267948966, 4.0
52, 55, 466, 299, 467, 303, -1, -4, -1.8157749899217608, 4.123105625617661
52, 56, 165, 486, 167, 484, -2, 2, 2.356194490192345, 2.8284271247461903
52, 57, 1203, 376, 1207, 380, -4, -4, -2.356194490192345, 5.656854249492381
52, 58, 1073, 350, 1072, 348, 1, 2, 1.1071487177940904, 2.23606797749979
52, 59, 538, 78, 538, 79, 0, -1, -1.5707963267948966, 1.0
52, 60, 1055, 442, 1052, 442, 3, 0, 0.0, 3.0
52, 61, 811, 291, 812, 294, -1, -3, -1.892546881191539, 3.1622776601683795
52, 62, 1184, 447, 1184, 448, 0, -1, -1.5707963267948966, 1.0
52, 63, 254, 400, 254, 401, 0, -1, -1.5707963267948966, 1.0
52, 64, 1039, 489, 1039, 486, 0, 3, 1.5707963267948966, 3.0
52, 65, 506, 236, 506, 241, 0, -5, -1.5707963267948966, 5.0
52, 66, 1156, 410, 1159, 415, -3, -5, -2.1112158270654806, 5.830951894845301
52, 67, 629, 183, 631, 179, -2, 4, 2.0344439357957027, 4.47213595499958
52, 68, 834, 498, 839, 497, -5, 1, 2.9441970937399127, 5.0990195135927845
52, 69, 793, 86, 794, 89, -1, -3, -1.892546881191539, 3.1622776601683795
52, 70, 857, 51, 858, 53, -1, -2, -2.0344439357957027, 2.23606797749979
52, 71, 390, 192, 391, 190, -1, 2, 2.0344439357957027, 2.23606797749979
52, 72, 21, 51, 17, 52, 4, -1, -0.24497866312686414, 4.123105625617661
52, 73, 397, 258, 397, 255, 0, 3, 1.5707963267948966, 3.0
52, 74, 763, 512, 764, 514, -1, -2, -2.0344439357957027, 2.23606797749979
52, 75, 688, 125, 688, 124, 0, 1, 1.5707963267948966, 1.0
52, 76, 488, 165, 488, 166, 0, -1, -1.5707963267948966, 1.0
52, 77, 900, 13, 903, 13, -3, 0, 3.141592653589793, 3.0
52, 78, 575, 59, 574, 60, 1, -1, -0.7853981633974483, 1.4142135623730951
52, 79, 591, 119, 591, 120, 0, -1, -1.5707963267948966, 1.0
52, 80, 628, 270, 630, 269, -2, 1, 2.677945044588987, 2.23606797749979
52, 81, 686, 216, 686, 216, 0, 0, 0.0, 0.0
52, 82, 589, 43, 588, 43, 1, 0, 0.0, 1.0
52, 83, 518, 293, 519, 297, -1, -4, -1.8157749899217608, 4.123105625617661
52, 84, 801, 38, 803, 42, -2, -4, -2.0344439357957027, 4.47213595499958
52, 85, 717, 494, 718, 496, -1, -2, -2.0344439357957027, 2.23606797749979
52, 86, 182, 502, 185, 502, -3, 0, 3.141592653589793, 3.0
52, 87, 327, 352, 327, 353, 0, -1, -1.5707963267948966, 1.0
52, 88, 783, 290, 783, 295, 0, -5, -1.5707963267948966, 5.0
52, 89, 1162, 57, 1161, 53, 1, 4, 1.3258176636680326, 4.123105625617661
52, 90, 417, 225, 418, 222, -1, 3, 1.892546881191539, 3.1622776601683795
52, 91, 498, 123, 498, 125, 0, -2, -1.5707963267948966, 2.0
52, 92, 1091, 69, 1088, 69, 3, 0, 0.0, 3.0
52, 93, 753, 150, 753, 150, 0, 0, 0.0, 0.0
52, 94, 266, 392, 266, 393, 0, -1, -1.5707963267948966, 1.0
52, 95, 544, 38, 544, 39, 0, -1, -1.5707963267948966, 1.0
52, 96, 270, 352, 270, 353, 0, -1, -1.5707963267948966, 1.0
52, 97, 902, 23, 905, 23, -3, 0, 3.141592653589793, 3.0
52, 98, 804, 536, 807, 537, -3, -1, -2.819842099193151, 3.1622776601683795
52, 99, 1090, 39, 1089, 39, 1, 0, 0.0, 1.0
52, 100, 63, 84, 63, 85, 0, -1, -1.5707963267948966, 1.0
52, 101, 1084, 89, 1084, 89, 0, 0, 0.0, 0.0
52, 102, 875, 62, 875, 63, 0, -1, -1.5707963267948966, 1.0
52, 103, 477, 284, 477, 289, 0, -5, -1.5707963267948966, 5.0
52, 104, 1173, 253, 1173, 254, 0, -1, -1.5707963267948966, 1.0
52, 105, 815, 41, 817, 46, -2, -5, -1.9513027039072615, 5.385164807134504
52, 106, 20, 62, 17, 61, 3, 1, 0.3217505543966422, 3.1622776601683795
52, 107, 635, 26, 634, 29, 1, -3, -1.2490457723982544, 3.1622776601683795
52, 108, 331, 378, 331, 379, 0, -1, -1.5707963267948966, 1.0
52, 109, 913, 62, 914, 61, -1, 1, 2.356194490192345, 1.4142135623730951
52, 110, 1101, 31, 1100, 31, 1, 0, 0.0, 1.0
52, 111, 848, 25, 850, 27, -2, -2, -2.356194490192345, 2.8284271247461903
52, 112, 859, 28, 861, 29, -2, -1, -2.677945044588987, 2.23606797749979
52, 113, 314, 30, 313, 30, 1, 0, 0.0, 1.0
52, 114, 657, 22, 657, 23, 0, -1, -1.5707963267948966, 1.0
52, 115, 1179, 358, 1183, 360, -4, -2, -2.677945044588987, 4.47213595499958
52, 116, 1162, 234, 1160, 232, 2, 2, 0.7853981633974483, 2.8284271247461903
52, 117, 916, 50, 918, 50, -2, 0, 3.141592653589793, 2.0
52, 118, 332, 418, 332, 419, 0, -1, -1.5707963267948966, 1.0
52, 119, 1153, 88, 1153, 84, 0, 4, 1.5707963267948966, 4.0
52, 120, 1098, 77, 1097, 76, 1, 1, 0.7853981633974483, 1.4142135623730951
52, 121, 484, 382, 484, 383, 0, -1, -1.5707963267948966, 1.0
52, 122, 93, 600, 90, 598, 3, 2, 0.5880026035475675, 3.605551275463989
52, 123, 143, 420, 146, 417, -3, 3, 2.356194490192345, 4.242640687119285
52, 124, 1235, 201, 1233, 199, 2, 2, 0.7853981633974483, 2.8284271247461903
52, 125, 512, 14, 512, 15, 0, -1, -1.5707963267948966, 1.0
52, 126, 849, 35, 851, 36, -2, -1, -2.677945044588987, 2.23606797749979
52, 127, 81, 142, 81, 143, 0, -1, -1.5707963267948966, 1.0
52, 128, 1235, 245, 1235, 244, 0, 1, 1.5707963267948966, 1.0
52, 129, 299, 362, 299, 363, 0, -1, -1.5707963267948966, 1.0
52, 130, 265, 402, 265, 403, 0, -1, -1.5707963267948966, 1.0
52, 131, 1034, 381, 1033, 380, 1, 1, 0.7853981633974483, 1.4142135623730951
52, 132, 1043, 350, 1042, 346, 1, 4, 1.3258176636680326, 4.123105625617661
52, 133, 1162, 422, 1164, 430, -2, -8, -1.8157749899217608, 8.246211251235321
52, 134, 746, 87, 745, 86, 1, 1, 0.7853981633974483, 1.4142135623730951
52, 135, 152, 681, 151, 680, 1, 1, 0.7853981633974483, 1.4142135623730951
52, 136, 1208, 181, 1206, 177, 2, 4, 1.1071487177940904, 4.47213595499958
52, 137, 1132, 122, 1132, 123, 0, -1, -1.5707963267948966, 1.0
52, 138, 1110, 93, 1110, 93, 0, 0, 0.0, 0.0
52, 139, 387, 220, 388, 218, -1, 2, 2.0344439357957027, 2.23606797749979
52, 140, 645, 86, 645, 87, 0, -1, -1.5707963267948966, 1.0
52, 141, 744, 701, 746, 707, -2, -6, -1.892546881191539, 6.324555320336759
52, 142, 78, 156, 78, 157, 0, -1, -1.5707963267948966, 1.0
52, 143, 646, 23, 645, 25, 1, -2, -1.1071487177940904, 2.23606797749979
52, 144, 1089, 97, 1089, 98, 0, -1, -1.5707963267948966, 1.0
52, 145, 87, 156, 87, 157, 0, -1, -1.5707963267948966, 1.0
52, 146, 543, 45, 543, 46, 0, -1, -1.5707963267948966, 1.0
52, 147, 403, 249, 403, 245, 0, 4, 1.5707963267948966, 4.0
52, 148, 471, 397, 473, 405, -2, -8, -1.8157749899217608, 8.246211251235321
52, 149, 23, 95, 20, 95, 3, 0, 0.0, 3.0
52, 150, 639, 15, 638, 17, 1, -2, -1.1071487177940904, 2.23606797749979
52, 151, 1072, 343, 1071, 340, 1, 3, 1.2490457723982544, 3.1622776601683795
52, 152, 633, 39, 633, 42, 0, -3, -1.5707963267948966, 3.0
52, 153, 511, 211, 511, 215, 0, -4, -1.5707963267948966, 4.0
52, 154, 1194, 157, 1194, 153, 0, 4, 1.5707963267948966, 4.0
52, 155, 788, 242, 789, 248, -1, -6, -1.7359450042095235, 6.082762530298219
52, 156, 255, 362, 255, 363, 0, -1, -1.5707963267948966, 1.0
52, 157, 806, 112, 807, 115, -1, -3, -1.892546881191539, 3.1622776601683795
52, 158, 266, 420, 266, 421, 0, -1, -1.5707963267948966, 1.0
52, 159, 724, 496, 725, 498, -1, -2, -2.0344439357957027, 2.23606797749979
52, 160, 280, 322, 280, 323, 0, -1, -1.5707963267948966, 1.0
52, 161, 20, 112, 17, 111, 3, 1, 0.3217505543966422, 3.1622776601683795
52, 162, 924, 107, 924, 108, 0, -1, -1.5707963267948966, 1.0
52, 163, 1207, 222, 1204, 219, 3, 3, 0.7853981633974483, 4.242640687119285
52, 164, 1091, 513, 1090, 512, 1, 1, 0.7853981633974483, 1.4142135623730951
52, 165, 743, 139, 743, 137, 0, 2, 1.5707963267948966, 2.0
52, 166, 579, 115, 579, 116, 0, -1, -1.5707963267948966, 1.0
52, 167, 272, 44, 271, 44, 1, 0, 0.0, 1.0
52, 168, 1191, 265, 1188, 261, 3, 4, 0.9272952180016122, 5.0
52, 169, 778, 281, 778, 287, 0, -6, -1.5707963267948966, 6.0
52, 170, 393, 303, 392, 298, 1, 5, 1.373400766945016, 5.0990195135927845
52, 171, 1244, 232, 1244, 229, 0, 3, 1.5707963267948966, 3.0
52, 172, 1169, 209, 1169, 207, 0, 2, 1.5707963267948966, 2.0
52, 173, 1066, 457, 1063, 456, 3, 1, 0.3217505543966422, 3.1622776601683795
52, 174, 933, 106, 933, 107, 0, -1, -1.5707963267948966, 1.0
52, 175, 1178, 207, 1178, 205, 0, 2, 1.5707963267948966, 2.0
52, 176, 1200, 349, 1204, 352, -4, -3, -2.498091544796509, 5.0
52, 177, 161, 542, 162, 539, -1, 3, 1.892546881191539, 3.1622776601683795
52, 178, 306, 354, 306, 355, 0, -1, -1.5707963267948966, 1.0
52, 179, 672, 190, 672, 188, 0, 2, 1.5707963267948966, 2.0
52, 180, 523, 209, 522, 213, 1, -4, -1.3258176636680326, 4.123105625617661
52, 181, 853, 73, 853, 73, 0, 0, 0.0, 0.0
52, 182, 1206, 170, 1204, 167, 2, 3, 0.982793723247329, 3.605551275463989
52, 183, 1202, 151, 1202, 147, 0, 4, 1.5707963267948966, 4.0
52, 184, 1193, 119, 1193, 117, 0, 2, 1.5707963267948966, 2.0
52, 185, 1049, 399, 1047, 397, 2, 2, 0.7853981633974483, 2.8284271247461903
52, 186, 527, 215, 526, 219, 1, -4, -1.3258176636680326, 4.123105625617661
52, 187, 56, 110, 56, 111, 0, -1, -1.5707963267948966, 1.0
52, 188, 1049, 530, 1047, 528, 2, 2, 0.7853981633974483, 2.8284271247461903
52, 189, 1070, 376, 1067, 373, 3, 3, 0.7853981633974483, 4.242640687119285
52, 190, 1261, 174, 1268, 171, -7, 3, 2.7367008673047097, 7.615773105863909
52, 191, 329, 387, 329, 388, 0, -1, -1.5707963267948966, 1.0
52, 192, 418, 339, 421, 337, -3, 2, 2.5535900500422257, 3.605551275463989
52, 193, 1095, 474, 1093, 470, 2, 4, 1.1071487177940904, 4.47213595499958
52, 194, 707, 695, 709, 695, -2, 0, 3.141592653589793, 2.0
52, 195, 1197, 335, 1201, 338, -4, -3, -2.498091544796509, 5.0
52, 196, 401, 309, 400, 305, 1, 4, 1.3258176636680326, 4.123105625617661
52, 197, 853, 587, 856, 588, -3, -1, -2.819842099193151, 3.1622776601683795
52, 198, 48, 111, 46, 112, 2, -1, -0.4636476090008061, 2.23606797749979
53, 0, 1174, 400, 1177, 404, -3, -4, -2.214297435588181, 5.0
53, 1, 790, 46, 791, 48, -1, -2, -2.0344439357957027, 2.23606797749979
53, 2, 258, 372, 258, 373, 0, -1, -1.5707963267948966, 1.0
53, 3, 801, 26, 802, 29, -1, -3, -1.892546881191539, 3.1622776601683795
53, 4, 809, 32, 810, 35, -1, -3, -1.892546881191539, 3.1622776601683795
53, 5, 252, 351, 252, 352, 0, -1, -1.5707963267948966, 1.0
53, 6, 278, 330, 278, 331, 0, -1, -1.5707963267948966, 1.0
53, 7, 261, 353, 261, 354, 0, -1, -1.5707963267948966, 1.0
53, 8, 752, 519, 754, 523, -2, -4, -2.0344439357957027, 4.47213595499958
53, 9, 1183, 349, 1186, 351, -3, -2, -2.5535900500422257, 3.605551275463989
53, 10, 803, 544, 807, 543, -4, 1, 2.896613990462929, 4.123105625617661
53, 11, 1166, 379, 1170, 382, -4, -3, -2.498091544796509, 5.0
53, 12, 1181, 334, 1184, 337, -3, -3, -2.356194490192345, 4.242640687119285
53, 13, 1197, 179, 1195, 176, 2, 3, 0.982793723247329, 3.605551275463989
53, 14, 815, 55, 816, 58, -1, -3, -1.892546881191539, 3.1622776601683795
53, 15, 716, 651, 717, 656, -1, -5, -1.7681918866447774, 5.0990195135927845
53, 16, 139, 431, 142, 428, -3, 3, 2.356194490192345, 4.242640687119285
53, 17, 839, 543, 843, 545, -4, -2, -2.677945044588987, 4.47213595499958
53, 18, 513, 194, 514, 199, -1, -5, -1.7681918866447774, 5.0990195135927845
53, 19, 334, 364, 334, 365, 0, -1, -1.5707963267948966, 1.0
53, 20, 489, 88, 489, 90, 0, -2, -1.5707963267948966, 2.0
53, 21, 296, 331, 296, 332, 0, -1, -1.5707963267948966, 1.0
53, 22, 1074, 396, 1072, 392, 2, 4, 1.1071487177940904, 4.47213595499958
53, 23, 483, 294, 483, 298, 0, -4, -1.5707963267948966, 4.0
53, 24, 804, 289, 804, 293, 0, -4, -1.5707963267948966, 4.0
53, 25, 752, 81, 752, 81, 0, 0, 0.0, 0.0
53, 26, 592, 51, 592, 52, 0, -1, -1.5707963267948966, 1.0
53, 27, 533, 231, 533, 236, 0, -5, -1.5707963267948966, 5.0
53, 28, 1162, 52, 1161, 50, 1, 2, 1.1071487177940904, 2.23606797749979
53, 29, 478, 87, 478, 89, 0, -2, -1.5707963267948966, 2.0
53, 30, 1258, 136, 1259, 134, -1, 2, 2.0344439357957027, 2.23606797749979
53, 31, 630, 48, 630, 49, 0, -1, -1.5707963267948966, 1.0
53, 32, 735, 654, 737, 659, -2, -5, -1.9513027039072615, 5.385164807134504
53, 33, 259, 384, 259, 385, 0, -1, -1.5707963267948966, 1.0
53, 34, 616, 16, 616, 16, 0, 0, 0.0, 0.0
53, 35, 815, 73, 816, 76, -1, -3, -1.892546881191539, 3.1622776601683795
53, 36, 309, 337, 309, 338, 0, -1, -1.5707963267948966, 1.0
53, 37, 593, 81, 593, 82, 0, -1, -1.5707963267948966, 1.0
53, 38, 169, 493, 172, 491, -3, 2, 2.5535900500422257, 3.605551275463989
53, 39, 751, 464, 753, 468, -2, -4, -2.0344439357957027, 4.47213595499958
53, 40, 1125, 26, 1124, 27, 1, -1, -0.7853981633974483, 1.4142135623730951
53, 41, 818, 573, 820, 571, -2, 2, 2.356194490192345, 2.8284271247461903
53, 42, 430, 291, 429, 289, 1, 2, 1.1071487177940904, 2.23606797749979
53, 43, 36, 98, 34, 97, 2, 1, 0.4636476090008061, 2.23606797749979
53, 44, 757, 88, 757, 88, 0, 0, 0.0, 0.0
53, 45, 693, 139, 693, 139, 0, 0, 0.0, 0.0
53, 46, 134, 480, 138, 477, -4, 3, 2.498091544796509, 5.0
53, 47, 832, 509, 836, 508, -4, 1, 2.896613990462929, 4.123105625617661
53, 48, 829, 47, 831, 48, -2, -1, -2.677945044588987, 2.23606797749979
53, 49, 618, 224, 619, 223, -1, 1, 2.356194490192345, 1.4142135623730951
53, 50, 481, 78, 481, 79, 0, -1, -1.5707963267948966, 1.0
53, 51, 465, 295, 466, 299, -1, -4, -1.8157749899217608, 4.123105625617661
53, 52, 162, 488, 165, 486, -3, 2, 2.5535900500422257, 3.605551275463989
53, 53, 1199, 372, 1203, 376, -4, -4, -2.356194490192345, 5.656854249492381
53, 54, 1074, 353, 1073, 350, 1, 3, 1.2490457723982544, 3.1622776601683795
53, 55, 1058, 442, 1055, 442, 3, 0, 0.0, 3.0
53, 56, 810, 287, 811, 291, -1, -4, -1.8157749899217608, 4.123105625617661
53, 57, 254, 399, 254, 400, 0, -1, -1.5707963267948966, 1.0
53, 58, 1041, 492, 1039, 489, 2, 3, 0.982793723247329, 3.605551275463989
53, 59, 506, 232, 506, 236, 0, -4, -1.5707963267948966, 4.0
53, 60, 1154, 406, 1156, 410, -2, -4, -2.0344439357957027, 4.47213595499958
53, 61, 628, 186, 629, 183, -1, 3, 1.892546881191539, 3.1622776601683795
53, 62, 830, 498, 834, 498, -4, 0, 3.141592653589793, 4.0
53, 63, 792, 84, 793, 86, -1, -2, -2.0344439357957027, 2.23606797749979
53, 64, 390, 192, 390, 192, 0, 0, 0.0, 0.0
53, 65, 24, 49, 21, 51, 3, -2, -0.5880026035475675, 3.605551275463989
53, 66, 397, 260, 397, 258, 0, 2, 1.5707963267948966, 2.0
53, 67, 762, 510, 763, 512, -1, -2, -2.0344439357957027, 2.23606797749979
53, 68, 688, 125, 688, 125, 0, 0, 0.0, 0.0
53, 69, 488, 163, 488, 165, 0, -2, -1.5707963267948966, 2.0
53, 70, 575, 58, 575, 59, 0, -1, -1.5707963267948966, 1.0
53, 71, 591, 118, 591, 119, 0, -1, -1.5707963267948966, 1.0
53, 72, 627, 271, 628, 270, -1, 1, 2.356194490192345, 1.4142135623730951
53, 73, 686, 216, 686, 216, 0, 0, 0.0, 0.0
53, 74, 589, 42, 589, 43, 0, -1, -1.5707963267948966, 1.0
53, 75, 517, 289, 518, 293, -1, -4, -1.8157749899217608, 4.123105625617661
53, 76, 800, 35, 801, 38, -1, -3, -1.892546881191539, 3.1622776601683795
53, 77, 716, 490, 717, 494, -1, -4, -1.8157749899217608, 4.123105625617661
53, 78, 180, 503, 182, 502, -2, 1, 2.677945044588987, 2.23606797749979
53, 79, 327, 351, 327, 352, 0, -1, -1.5707963267948966, 1.0
53, 80, 782, 287, 783, 290, -1, -3, -1.892546881191539, 3.1622776601683795
53, 81, 1162, 59, 1162, 57, 0, 2, 1.5707963267948966, 2.0
53, 82, 417, 225, 417, 225, 0, 0, 0.0, 0.0
53, 83, 498, 121, 498, 123, 0, -2, -1.5707963267948966, 2.0
53, 84, 1092, 70, 1091, 69, 1, 1, 0.7853981633974483, 1.4142135623730951
53, 85, 752, 150, 753, 150, -1, 0, 3.141592653589793, 1.0
53, 86, 266, 391, 266, 392, 0, -1, -1.5707963267948966, 1.0
53, 87, 544, 37, 544, 38, 0, -1, -1.5707963267948966, 1.0
53, 88, 270, 351, 270, 352, 0, -1, -1.5707963267948966, 1.0
53, 89, 901, 23, 902, 23, -1, 0, 3.141592653589793, 1.0
53, 90, 800, 537, 804, 536, -4, 1, 2.896613990462929, 4.123105625617661
53, 91, 1090, 39, 1090, 39, 0, 0, 0.0, 0.0
53, 92, 63, 83, 63, 84, 0, -1, -1.5707963267948966, 1.0
53, 93, 1084, 88, 1084, 89, 0, -1, -1.5707963267948966, 1.0
53, 94, 874, 60, 875, 62, -1, -2, -2.0344439357957027, 2.23606797749979
53, 95, 476, 279, 477, 284, -1, -5, -1.7681918866447774, 5.0990195135927845
53, 96, 1173, 252, 1173, 253, 0, -1, -1.5707963267948966, 1.0
53, 97, 814, 38, 815, 41, -1, -3, -1.892546881191539, 3.1622776601683795
53, 98, 23, 60, 20, 62, 3, -2, -0.5880026035475675, 3.605551275463989
53, 99, 635, 24, 635, 26, 0, -2, -1.5707963267948966, 2.0
53, 100, 331, 377, 331, 378, 0, -1, -1.5707963267948966, 1.0
53, 101, 911, 62, 913, 62, -2, 0, 3.141592653589793, 2.0
53, 102, 1102, 31, 1101, 31, 1, 0, 0.0, 1.0
53, 103, 314, 30, 314, 30, 0, 0, 0.0, 0.0
53, 104, 658, 22, 657, 22, 1, 0, 0.0, 1.0
53, 105, 1175, 356, 1179, 358, -4, -2, -2.677945044588987, 4.47213595499958
53, 106, 1164, 237, 1162, 234, 2, 3, 0.982793723247329, 3.605551275463989
53, 107, 915, 50, 916, 50, -1, 0, 3.141592653589793, 1.0
53, 108, 332, 417, 332, 418, 0, -1, -1.5707963267948966, 1.0
53, 109, 1153, 89, 1153, 88, 0, 1, 1.5707963267948966, 1.0
53, 110, 1099, 78, 1098, 77, 1, 1, 0.7853981633974483, 1.4142135623730951
53, 111, 484, 381, 484, 382, 0, -1, -1.5707963267948966, 1.0
53, 112, 95, 602, 93, 600, 2, 2, 0.7853981633974483, 2.8284271247461903
53, 113, 140, 424, 143, 420, -3, 4, 2.214297435588181, 5.0
53, 114, 1235, 203, 1235, 201, 0, 2, 1.5707963267948966, 2.0
53, 115, 512, 12, 512, 14, 0, -2, -1.5707963267948966, 2.0
53, 116, 81, 141, 81, 142, 0, -1, -1.5707963267948966, 1.0
53, 117, 1235, 245, 1235, 245, 0, 0, 0.0, 0.0
53, 118, 299, 361, 299, 362, 0, -1, -1.5707963267948966, 1.0
53, 119, 265, 401, 265, 402, 0, -1, -1.5707963267948966, 1.0
53, 120, 1035, 384, 1034, 381, 1, 3, 1.2490457723982544, 3.1622776601683795
53, 121, 1044, 353, 1043, 350, 1, 3, 1.2490457723982544, 3.1622776601683795
53, 122, 1161, 418, 1162, 422, -1, -4, -1.8157749899217608, 4.123105625617661
53, 123, 746, 87, 746, 87, 0, 0, 0.0, 0.0
53, 124, 153, 685, 152, 681, 1, 4, 1.3258176636680326, 4.123105625617661
53, 125, 1209, 184, 1208, 181, 1, 3, 1.2490457723982544, 3.1622776601683795
53, 126, 1132, 121, 1132, 122, 0, -1, -1.5707963267948966, 1.0
53, 127, 1111, 93, 1110, 93, 1, 0, 0.0, 1.0
53, 128, 386, 220, 387, 220, -1, 0, 3.141592653589793, 1.0
53, 129, 645, 84, 645, 86, 0, -2, -1.5707963267948966, 2.0
53, 130, 742, 696, 744, 701, -2, -5, -1.9513027039072615, 5.385164807134504
53, 131, 78, 155, 78, 156, 0, -1, -1.5707963267948966, 1.0
53, 132, 647, 21, 646, 23, 1, -2, -1.1071487177940904, 2.23606797749979
53, 133, 1089, 96, 1089, 97, 0, -1, -1.5707963267948966, 1.0
53, 134, 87, 155, 87, 156, 0, -1, -1.5707963267948966, 1.0
53, 135, 543, 44, 543, 45, 0, -1, -1.5707963267948966, 1.0
53, 136, 403, 251, 403, 249, 0, 2, 1.5707963267948966, 2.0
53, 137, 470, 391, 471, 397, -1, -6, -1.7359450042095235, 6.082762530298219
53, 138, 27, 95, 23, 95, 4, 0, 0.0, 4.0
53, 139, 640, 13, 639, 15, 1, -2, -1.1071487177940904, 2.23606797749979
53, 140, 1073, 346, 1072, 343, 1, 3, 1.2490457723982544, 3.1622776601683795
53, 141, 633, 38, 633, 39, 0, -1, -1.5707963267948966, 1.0
53, 142, 510, 206, 511, 211, -1, -5, -1.7681918866447774, 5.0990195135927845
53, 143, 1195, 158, 1194, 157, 1, 1, 0.7853981633974483, 1.4142135623730951
53, 144, 787, 238, 788, 242, -1, -4, -1.8157749899217608, 4.123105625617661
53, 145, 255, 361, 255, 362, 0, -1, -1.5707963267948966, 1.0
53, 146, 805, 110, 806, 112, -1, -2, -2.0344439357957027, 2.23606797749979
53, 147, 266, 419, 266, 420, 0, -1, -1.5707963267948966, 1.0
53, 148, 723, 492, 724, 496, -1, -4, -1.8157749899217608, 4.123105625617661
53, 149, 280, 321, 280, 322, 0, -1, -1.5707963267948966, 1.0
53, 150, 21, 113, 20, 112, 1, 1, 0.7853981633974483, 1.4142135623730951
53, 151, 924, 106, 924, 107, 0, -1, -1.5707963267948966, 1.0
53, 152, 1208, 224, 1207, 222, 1, 2, 1.1071487177940904, 2.23606797749979
53, 153, 1092, 516, 1091, 513, 1, 3, 1.2490457723982544, 3.1622776601683795
53, 154, 743, 141, 743, 139, 0, 2, 1.5707963267948966, 2.0
53, 155, 579, 114, 579, 115, 0, -1, -1.5707963267948966, 1.0
53, 156, 272, 43, 272, 44, 0, -1, -1.5707963267948966, 1.0
53, 157, 1193, 268, 1191, 265, 2, 3, 0.982793723247329, 3.605551275463989
53, 158, 777, 278, 778, 281, -1, -3, -1.892546881191539, 3.1622776601683795
53, 159, 393, 306, 393, 303, 0, 3, 1.5707963267948966, 3.0
53, 160, 1244, 234, 1244, 232, 0, 2, 1.5707963267948966, 2.0
53, 161, 1170, 211, 1169, 209, 1, 2, 1.1071487177940904, 2.23606797749979
53, 162, 1068, 460, 1066, 457, 2, 3, 0.982793723247329, 3.605551275463989
53, 163, 933, 105, 933, 106, 0, -1, -1.5707963267948966, 1.0
53, 164, 1179, 209, 1178, 207, 1, 2, 1.1071487177940904, 2.23606797749979
53, 165, 1196, 346, 1200, 349, -4, -3, -2.498091544796509, 5.0
53, 166, 161, 542, 161, 542, 0, 0, 0.0, 0.0
53, 167, 306, 353, 306, 354, 0, -1, -1.5707963267948966, 1.0
53, 168, 672, 191, 672, 190, 0, 1, 1.5707963267948966, 1.0
53, 169, 522, 204, 523, 209, -1, -5, -1.7681918866447774, 5.0990195135927845
53, 170, 1208, 173, 1206, 170, 2, 3, 0.982793723247329, 3.605551275463989
53, 171, 1202, 152, 1202, 151, 0, 1, 1.5707963267948966, 1.0
53, 172, 1193, 120, 1193, 119, 0, 1, 1.5707963267948966, 1.0
53, 173, 1049, 403, 1049, 399, 0, 4, 1.5707963267948966, 4.0
53, 174, 527, 210, 527, 215, 0, -5, -1.5707963267948966, 5.0
53, 175, 56, 109, 56, 110, 0, -1, -1.5707963267948966, 1.0
53, 176, 1050, 531, 1049, 530, 1, 1, 0.7853981633974483, 1.4142135623730951
53, 177, 1072, 380, 1070, 376, 2, 4, 1.1071487177940904, 4.47213595499958
53, 178, 1261, 176, 1261, 174, 0, 2, 1.5707963267948966, 2.0
53, 179, 329, 386, 329, 387, 0, -1, -1.5707963267948966, 1.0
53, 180, 417, 339, 418, 339, -1, 0, 3.141592653589793, 1.0
53, 181, 1097, 477, 1095, 474, 2, 3, 0.982793723247329, 3.605551275463989
53, 182, 705, 696, 707, 695, -2, 1, 2.677945044588987, 2.23606797749979
53, 183, 1193, 332, 1197, 335, -4, -3, -2.498091544796509, 5.0
53, 184, 400, 311, 401, 309, -1, 2, 2.0344439357957027, 2.23606797749979
53, 185, 850, 586, 853, 587, -3, -1, -2.819842099193151, 3.1622776601683795
53, 186, 48, 110, 48, 111, 0, -1, -1.5707963267948966, 1.0
54, 0, 258, 372, 258, 373, 0, -1, -1.5707963267948966, 1.0
54, 1, 253, 352, 253, 353, 0, -1, -1.5707963267948966, 1.0
54, 2, 1150, 403, 1152, 404, -2, -1, -2.677945044588987, 2.23606797749979
54, 3, 1174, 400, 1178, 403, -4, -3, -2.498091544796509, 5.0
54, 4, 180, 486, 182, 483, -2, 3, 2.158798930342464, 3.605551275463989
54, 5, 790, 47, 791, 49, -1, -2, -2.0344439357957027, 2.23606797749979
54, 6, 808, 34, 809, 37, -1, -3, -1.892546881191539, 3.1622776601683795
54, 7, 279, 331, 279, 332, 0, -1, -1.5707963267948966, 1.0
54, 8, 752, 519, 754, 523, -2, -4, -2.0344439357957027, 4.47213595499958
54, 9, 1178, 332, 1181, 336, -3, -4, -2.214297435588181, 5.0
54, 10, 644, 12, 643, 14, 1, -2, -1.1071487177940904, 2.23606797749979
54, 11, 801, 27, 802, 30, -1, -3, -1.892546881191539, 3.1622776601683795
54, 12, 816, 57, 817, 60, -1, -3, -1.892546881191539, 3.1622776601683795
54, 13, 1196, 182, 1195, 179, 1, 3, 1.2490457723982544, 3.1622776601683795
54, 14, 1166, 377, 1170, 379, -4, -2, -2.677945044588987, 4.47213595499958
54, 15, 514, 194, 515, 198, -1, -4, -1.8157749899217608, 4.123105625617661
54, 16, 631, 48, 631, 49, 0, -1, -1.5707963267948966, 1.0
54, 17, 755, 82, 755, 82, 0, 0, 0.0, 0.0
54, 18, 1181, 347, 1184, 350, -3, -3, -2.356194490192345, 4.242640687119285
54, 19, 713, 647, 714, 652, -1, -5, -1.7681918866447774, 5.0990195135927845
54, 20, 792, 85, 793, 87, -1, -2, -2.0344439357957027, 2.23606797749979
54, 21, 483, 290, 483, 294, 0, -4, -1.5707963267948966, 4.0
54, 22, 398, 261, 398, 260, 0, 1, 1.5707963267948966, 1.0
54, 23, 334, 364, 334, 365, 0, -1, -1.5707963267948966, 1.0
54, 24, 1074, 401, 1072, 397, 2, 4, 1.1071487177940904, 4.47213595499958
54, 25, 731, 645, 734, 650, -3, -5, -2.1112158270654806, 5.830951894845301
54, 26, 490, 90, 490, 92, 0, -2, -1.5707963267948966, 2.0
54, 27, 1259, 134, 1259, 133, 0, 1, 1.5707963267948966, 1.0
54, 28, 593, 52, 593, 53, 0, -1, -1.5707963267948966, 1.0
54, 29, 800, 545, 804, 544, -4, 1, 2.896613990462929, 4.123105625617661
54, 30, 1046, 357, 1045, 354, 1, 3, 1.2490457723982544, 3.1622776601683795
54, 31, 1082, 83, 1082, 83, 0, 0, 0.0, 0.0
54, 32, 617, 15, 617, 15, 0, 0, 0.0, 0.0
54, 33, 482, 79, 482, 81, 0, -2, -1.5707963267948966, 2.0
54, 34, 533, 229, 533, 234, 0, -5, -1.5707963267948966, 5.0
54, 35, 753, 462, 754, 466, -1, -4, -1.8157749899217608, 4.123105625617661
54, 36, 431, 293, 430, 290, 1, 3, 1.2490457723982544, 3.1622776601683795
54, 37, 720, 701, 722, 706, -2, -5, -1.9513027039072615, 5.385164807134504
54, 38, 925, 30, 926, 30, -1, 0, 3.141592653589793, 1.0
54, 39, 479, 88, 479, 90, 0, -2, -1.5707963267948966, 2.0
54, 40, 593, 80, 593, 81, 0, -1, -1.5707963267948966, 1.0
54, 41, 1067, 461, 1066, 458, 1, 3, 1.2490457723982544, 3.1622776601683795
54, 42, 136, 436, 139, 433, -3, 3, 2.356194490192345, 4.242640687119285
54, 43, 643, 21, 642, 23, 1, -2, -1.1071487177940904, 2.23606797749979
54, 44, 764, 507, 765, 510, -1, -3, -1.892546881191539, 3.1622776601683795
54, 45, 1125, 26, 1124, 26, 1, 0, 0.0, 1.0
54, 46, 1161, 50, 1161, 49, 0, 1, 1.5707963267948966, 1.0
54, 47, 1198, 371, 1202, 375, -4, -4, -2.356194490192345, 5.656854249492381
54, 48, 1051, 407, 1050, 404, 1, 3, 1.2490457723982544, 3.1622776601683795
54, 49, 538, 77, 538, 78, 0, -1, -1.5707963267948966, 1.0
54, 50, 629, 186, 630, 183, -1, 3, 1.892546881191539, 3.1622776601683795
54, 51, 715, 480, 716, 484, -1, -4, -1.8157749899217608, 4.123105625617661
54, 52, 815, 74, 816, 77, -1, -3, -1.892546881191539, 3.1622776601683795
54, 53, 1179, 432, 1180, 434, -1, -2, -2.0344439357957027, 2.23606797749979
54, 54, 825, 496, 830, 496, -5, 0, 3.141592653589793, 5.0
54, 55, 1067, 540, 1067, 536, 0, 4, 1.5707963267948966, 4.0
54, 56, 1127, 64, 1126, 64, 1, 0, 0.0, 1.0
54, 57, 134, 484, 138, 481, -4, 3, 2.498091544796509, 5.0
54, 58, 688, 126, 688, 125, 0, 1, 1.5707963267948966, 1.0
54, 59, 589, 43, 589, 43, 0, 0, 0.0, 0.0
54, 60, 254, 400, 254, 401, 0, -1, -1.5707963267948966, 1.0
54, 61, 830, 48, 832, 49, -2, -1, -2.677945044588987, 2.23606797749979
54, 62, 39, 102, 37, 101, 2, 1, 0.4636476090008061, 2.23606797749979
54, 63, 1038, 435, 1038, 436, 0, -1, -1.5707963267948966, 1.0
54, 64, 806, 289, 806, 293, 0, -4, -1.5707963267948966, 4.0
54, 65, 319, 403, 319, 404, 0, -1, -1.5707963267948966, 1.0
54, 66, 487, 165, 487, 166, 0, -1, -1.5707963267948966, 1.0
54, 67, 616, 223, 617, 222, -1, 1, 2.356194490192345, 1.4142135623730951
54, 68, 182, 507, 185, 503, -3, 4, 2.214297435588181, 5.0
54, 69, 900, 13, 902, 13, -2, 0, 3.141592653589793, 2.0
54, 70, 27, 48, 23, 50, 4, -2, -0.4636476090008061, 4.47213595499958
54, 71, 27, 107, 25, 105, 2, 2, 0.7853981633974483, 2.8284271247461903
54, 72, 1044, 497, 1042, 493, 2, 4, 1.1071487177940904, 4.47213595499958
54, 73, 694, 139, 694, 139, 0, 0, 0.0, 0.0
54, 74, 640, 263, 640, 264, 0, -1, -1.5707963267948966, 1.0
54, 75, 686, 217, 686, 216, 0, 1, 1.5707963267948966, 1.0
54, 76, 753, 149, 753, 149, 0, 0, 0.0, 0.0
54, 77, 701, 691, 704, 691, -3, 0, 3.141592653589793, 3.0
54, 78, 1171, 210, 1170, 208, 1, 2, 1.1071487177940904, 2.23606797749979
54, 79, 1209, 223, 1207, 222, 2, 1, 0.4636476090008061, 2.23606797749979
54, 80, 1183, 446, 1184, 448, -1, -2, -2.0344439357957027, 2.23606797749979
54, 81, 301, 361, 301, 362, 0, -1, -1.5707963267948966, 1.0
54, 82, 1036, 391, 1035, 389, 1, 2, 1.1071487177940904, 2.23606797749979
54, 83, 390, 191, 391, 191, -1, 0, 3.141592653589793, 1.0
54, 84, 1162, 57, 1162, 56, 0, 1, 1.5707963267948966, 1.0
54, 85, 575, 59, 575, 60, 0, -1, -1.5707963267948966, 1.0
54, 86, 828, 507, 832, 506, -4, 1, 2.896613990462929, 4.123105625617661
54, 87, 801, 35, 802, 38, -1, -3, -1.892546881191539, 3.1622776601683795
54, 88, 467, 291, 467, 295, 0, -4, -1.5707963267948966, 4.0
54, 89, 746, 88, 746, 87, 0, 1, 1.5707963267948966, 1.0
54, 90, 1077, 361, 1076, 358, 1, 3, 1.2490457723982544, 3.1622776601683795
54, 91, 1091, 71, 1090, 71, 1, 0, 0.0, 1.0
54, 92, 814, 40, 815, 43, -1, -3, -1.892546881191539, 3.1622776601683795
54, 93, 635, 25, 635, 27, 0, -2, -1.5707963267948966, 2.0
54, 94, 495, 149, 496, 154, -1, -5, -1.7681918866447774, 5.0990195135927845
54, 95, 1221, 23, 1221, 24, 0, -1, -1.5707963267948966, 1.0
54, 96, 163, 497, 164, 493, -1, 4, 1.8157749899217608, 4.123105625617661
54, 97, 544, 38, 544, 39, 0, -1, -1.5707963267948966, 1.0
54, 98, 96, 603, 94, 601, 2, 2, 0.7853981633974483, 2.8284271247461903
54, 99, 938, 112, 938, 113, 0, -1, -1.5707963267948966, 1.0
54, 100, 314, 26, 313, 26, 1, 0, 0.0, 1.0
54, 101, 836, 544, 840, 546, -4, -2, -2.677945044588987, 4.47213595499958
54, 102, 249, 417, 249, 418, 0, -1, -1.5707963267948966, 1.0
54, 103, 510, 205, 511, 209, -1, -4, -1.8157749899217608, 4.123105625617661
54, 104, 476, 277, 477, 282, -1, -5, -1.7681918866447774, 5.0990195135927845
54, 105, 332, 418, 332, 419, 0, -1, -1.5707963267948966, 1.0
54, 106, 1092, 40, 1091, 40, 1, 0, 0.0, 1.0
54, 107, 63, 83, 63, 84, 0, -1, -1.5707963267948966, 1.0
54, 108, 1154, 89, 1154, 88, 0, 1, 1.5707963267948966, 1.0
54, 109, 81, 142, 81, 143, 0, -1, -1.5707963267948966, 1.0
54, 110, 634, 39, 634, 40, 0, -1, -1.5707963267948966, 1.0
54, 111, 591, 119, 591, 120, 0, -1, -1.5707963267948966, 1.0
54, 112, 506, 232, 507, 236, -1, -4, -1.8157749899217608, 4.123105625617661
54, 113, 256, 361, 256, 362, 0, -1, -1.5707963267948966, 1.0
54, 114, 327, 352, 327, 353, 0, -1, -1.5707963267948966, 1.0
54, 115, 1103, 31, 1102, 31, 1, 0, 0.0, 1.0
54, 116, 1235, 204, 1235, 202, 0, 2, 1.5707963267948966, 2.0
54, 117, 1173, 254, 1173, 254, 0, 0, 0.0, 0.0
54, 118, 497, 118, 497, 119, 0, -1, -1.5707963267948966, 1.0
54, 119, 672, 190, 672, 189, 0, 1, 1.5707963267948966, 1.0
54, 120, 26, 57, 23, 59, 3, -2, -0.5880026035475675, 3.605551275463989
54, 121, 1111, 93, 1110, 92, 1, 1, 0.7853981633974483, 1.4142135623730951
54, 122, 484, 380, 484, 382, 0, -2, -1.5707963267948966, 2.0
54, 123, 741, 567, 741, 569, 0, -2, -1.5707963267948966, 2.0
54, 124, 1089, 97, 1089, 98, 0, -1, -1.5707963267948966, 1.0
54, 125, 87, 155, 87, 156, 0, -1, -1.5707963267948966, 1.0
54, 126, 848, 581, 850, 582, -2, -1, -2.677945044588987, 2.23606797749979
54, 127, 649, 79, 649, 81, 0, -2, -1.5707963267948966, 2.0
54, 128, 512, 12, 512, 14, 0, -2, -1.5707963267948966, 2.0
54, 129, 1195, 157, 1195, 156, 0, 1, 1.5707963267948966, 1.0
54, 130, 417, 223, 417, 223, 0, 0, 0.0, 0.0
54, 131, 78, 156, 78, 157, 0, -1, -1.5707963267948966, 1.0
54, 132, 47, 111, 47, 112, 0, -1, -1.5707963267948966, 1.0
54, 133, 307, 353, 307, 354, 0, -1, -1.5707963267948966, 1.0
54, 134, 388, 219, 388, 219, 0, 0, 0.0, 0.0
54, 135, 57, 110, 57, 111, 0, -1, -1.5707963267948966, 1.0
54, 136, 1175, 353, 1178, 355, -3, -2, -2.5535900500422257, 3.605551275463989
54, 137, 421, 346, 422, 346, -1, 0, 3.141592653589793, 1.0
54, 138, 574, 110, 574, 111, 0, -1, -1.5707963267948966, 1.0
54, 139, 1132, 121, 1132, 122, 0, -1, -1.5707963267948966, 1.0
54, 140, 725, 498, 727, 502, -2, -4, -2.0344439357957027, 4.47213595499958
54, 141, 788, 237, 789, 242, -1, -5, -1.7681918866447774, 5.0990195135927845
54, 142, 127, 677, 127, 677, 0, 0, 0.0, 0.0
54, 143, 176, 504, 178, 501, -2, 3, 2.158798930342464, 3.605551275463989
54, 144, 1194, 343, 1198, 347, -4, -4, -2.356194490192345, 5.656854249492381
54, 145, 1210, 185, 1208, 182, 2, 3, 0.982793723247329, 3.605551275463989
54, 146, 138, 427, 141, 424, -3, 3, 2.356194490192345, 4.242640687119285
54, 147, 651, 231, 652, 229, -1, 2, 2.0344439357957027, 2.23606797749979
54, 148, 903, 23, 904, 23, -1, 0, 3.141592653589793, 1.0
54, 149, 933, 105, 933, 106, 0, -1, -1.5707963267948966, 1.0
54, 150, 34, 96, 32, 95, 2, 1, 0.4636476090008061, 2.23606797749979
54, 151, 542, 45, 542, 46, 0, -1, -1.5707963267948966, 1.0
54, 152, 1181, 212, 1180, 210, 1, 2, 1.1071487177940904, 2.23606797749979
54, 153, 816, 576, 817, 574, -1, 2, 2.0344439357957027, 2.23606797749979
54, 154, 926, 106, 926, 107, 0, -1, -1.5707963267948966, 1.0
54, 155, 148, 633, 146, 630, 2, 3, 0.982793723247329, 3.605551275463989
54, 156, 619, 90, 619, 91, 0, -1, -1.5707963267948966, 1.0
54, 157, 509, 212, 510, 216, -1, -4, -1.8157749899217608, 4.123105625617661
54, 158, 265, 43, 265, 44, 0, -1, -1.5707963267948966, 1.0
54, 159, 266, 419, 266, 420, 0, -1, -1.5707963267948966, 1.0
55, 0, 258, 371, 258, 372, 0, -1, -1.5707963267948966, 1.0
55, 1, 253, 351, 253, 352, 0, -1, -1.5707963267948966, 1.0
55, 2, 1148, 403, 1150, 403, -2, 0, 3.141592653589793, 2.0
55, 3, 1170, 397, 1174, 400, -4, -3, -2.498091544796509, 5.0
55, 4, 179, 489, 180, 486, -1, 3, 1.892546881191539, 3.1622776601683795
55, 5, 789, 45, 790, 47, -1, -2, -2.0344439357957027, 2.23606797749979
55, 6, 807, 31, 808, 34, -1, -3, -1.892546881191539, 3.1622776601683795
55, 7, 279, 330, 279, 331, 0, -1, -1.5707963267948966, 1.0
55, 8, 750, 515, 752, 519, -2, -4, -2.0344439357957027, 4.47213595499958
55, 9, 1175, 328, 1178, 332, -3, -4, -2.214297435588181, 5.0
55, 10, 644, 10, 644, 12, 0, -2, -1.5707963267948966, 2.0
55, 11, 800, 24, 801, 27, -1, -3, -1.892546881191539, 3.1622776601683795
55, 12, 815, 54, 816, 57, -1, -3, -1.892546881191539, 3.1622776601683795
55, 13, 1198, 184, 1196, 182, 2, 2, 0.7853981633974483, 2.8284271247461903
55, 14, 1162, 374, 1166, 377, -4, -3, -2.498091544796509, 5.0
55, 15, 513, 190, 514, 194, -1, -4, -1.8157749899217608, 4.123105625617661
55, 16, 631, 47, 631, 48, 0, -1, -1.5707963267948966, 1.0
55, 17, 755, 83, 755, 82, 0, 1, 1.5707963267948966, 1.0
55, 18, 1178, 344, 1181, 347, -3, -3, -2.356194490192345, 4.242640687119285
55, 19, 711, 642, 713, 647, -2, -5, -1.9513027039072615, 5.385164807134504
55, 20, 483, 286, 483, 290, 0, -4, -1.5707963267948966, 4.0
55, 21, 398, 262, 398, 261, 0, 1, 1.5707963267948966, 1.0
55, 22, 334, 363, 334, 364, 0, -1, -1.5707963267948966, 1.0
55, 23, 1076, 405, 1074, 401, 2, 4, 1.1071487177940904, 4.47213595499958
55, 24, 728, 640, 731, 645, -3, -5, -2.1112158270654806, 5.830951894845301
55, 25, 490, 88, 490, 90, 0, -2, -1.5707963267948966, 2.0
55, 26, 1259, 134, 1259, 134, 0, 0, 0.0, 0.0
55, 27, 593, 51, 593, 52, 0, -1, -1.5707963267948966, 1.0
55, 28, 796, 546, 800, 545, -4, 1, 2.896613990462929, 4.123105625617661
55, 29, 1047, 360, 1046, 357, 1, 3, 1.2490457723982544, 3.1622776601683795
55, 30, 1082, 83, 1082, 83, 0, 0, 0.0, 0.0
55, 31, 617, 15, 617, 15, 0, 0, 0.0, 0.0
55, 32, 482, 77, 482, 79, 0, -2, -1.5707963267948966, 2.0
55, 33, 533, 224, 533, 229, 0, -5, -1.5707963267948966, 5.0
55, 34, 752, 457, 753, 462, -1, -5, -1.7681918866447774, 5.0990195135927845
55, 35, 432, 297, 431, 293, 1, 4, 1.3258176636680326, 4.123105625617661
55, 36, 718, 696, 720, 701, -2, -5, -1.9513027039072615, 5.385164807134504
55, 37, 479, 86, 479, 88, 0, -2, -1.5707963267948966, 2.0
55, 38, 593, 79, 593, 80, 0, -1, -1.5707963267948966, 1.0
55, 39, 1066, 465, 1067, 461, -1, 4, 1.8157749899217608, 4.123105625617661
55, 40, 133, 439, 136, 436, -3, 3, 2.356194490192345, 4.242640687119285
55, 41, 643, 19, 643, 21, 0, -2, -1.5707963267948966, 2.0
55, 42, 763, 503, 764, 507, -1, -4, -1.8157749899217608, 4.123105625617661
55, 43, 1126, 26, 1125, 26, 1, 0, 0.0, 1.0
55, 44, 1162, 51, 1161, 50, 1, 1, 0.7853981633974483, 1.4142135623730951
55, 45, 1194, 367, 1198, 371, -4, -4, -2.356194490192345, 5.656854249492381
55, 46, 1053, 410, 1051, 407, 2, 3, 0.982793723247329, 3.605551275463989
55, 47, 538, 76, 538, 77, 0, -1, -1.5707963267948966, 1.0
55, 48, 628, 189, 629, 186, -1, 3, 1.892546881191539, 3.1622776601683795
55, 49, 714, 476, 715, 480, -1, -4, -1.8157749899217608, 4.123105625617661
55, 50, 814, 71, 815, 74, -1, -3, -1.892546881191539, 3.1622776601683795
55, 51, 1177, 430, 1179, 432, -2, -2, -2.356194490192345, 2.8284271247461903
55, 52, 820, 496, 825, 496, -5, 0, 3.141592653589793, 5.0
55, 53, 1070, 544, 1067, 540, 3, 4, 0.9272952180016122, 5.0
55, 54, 1128, 64, 1127, 64, 1, 0, 0.0, 1.0
55, 55, 130, 486, 134, 484, -4, 2, 2.677945044588987, 4.47213595499958
55, 56, 688, 127, 688, 126, 0, 1, 1.5707963267948966, 1.0
55, 57, 589, 43, 589, 43, 0, 0, 0.0, 0.0
55, 58, 254, 399, 254, 400, 0, -1, -1.5707963267948966, 1.0
55, 59, 828, 47, 830, 48, -2, -1, -2.677945044588987, 2.23606797749979
55, 60, 40, 103, 39, 102, 1, 1, 0.7853981633974483, 1.4142135623730951
55, 61, 1038, 435, 1038, 435, 0, 0, 0.0, 0.0
55, 62, 805, 285, 806, 289, -1, -4, -1.8157749899217608, 4.123105625617661
55, 63, 319, 402, 319, 403, 0, -1, -1.5707963267948966, 1.0
55, 64, 487, 164, 487, 165, 0, -1, -1.5707963267948966, 1.0
55, 65, 615, 225, 616, 223, -1, 2, 2.0344439357957027, 2.23606797749979
55, 66, 180, 511, 182, 507, -2, 4, 2.0344439357957027, 4.47213595499958
55, 67, 899, 13, 900, 13, -1, 0, 3.141592653589793, 1.0
55, 68, 30, 46, 27, 48, 3, -2, -0.5880026035475675, 3.605551275463989
55, 69, 29, 108, 27, 107, 2, 1, 0.4636476090008061, 2.23606797749979
55, 70, 1045, 501, 1044, 497, 1, 4, 1.3258176636680326, 4.123105625617661
55, 71, 694, 140, 694, 139, 0, 1, 1.5707963267948966, 1.0
55, 72, 640, 262, 640, 263, 0, -1, -1.5707963267948966, 1.0
55, 73, 686, 218, 686, 217, 0, 1, 1.5707963267948966, 1.0
55, 74, 753, 149, 753, 149, 0, 0, 0.0, 0.0
55, 75, 699, 691, 701, 691, -2, 0, 3.141592653589793, 2.0
55, 76, 1172, 212, 1171, 210, 1, 2, 1.1071487177940904, 2.23606797749979
55, 77, 1211, 224, 1209, 223, 2, 1, 0.4636476090008061, 2.23606797749979
55, 78, 1182, 444, 1183, 446, -1, -2, -2.0344439357957027, 2.23606797749979
55, 79, 301, 360, 301, 361, 0, -1, -1.5707963267948966, 1.0
55, 80, 1037, 393, 1036, 391, 1, 2, 1.1071487177940904, 2.23606797749979
55, 81, 390, 191, 390, 191, 0, 0, 0.0, 0.0
55, 82, 1162, 58, 1162, 57, 0, 1, 1.5707963267948966, 1.0
55, 83, 575, 58, 575, 59, 0, -1, -1.5707963267948966, 1.0
55, 84, 823, 507, 828, 507, -5, 0, 3.141592653589793, 5.0
55, 85, 800, 32, 801, 35, -1, -3, -1.892546881191539, 3.1622776601683795
55, 86, 466, 287, 467, 291, -1, -4, -1.8157749899217608, 4.123105625617661
55, 87, 746, 89, 746, 88, 0, 1, 1.5707963267948966, 1.0
55, 88, 1079, 364, 1077, 361, 2, 3, 0.982793723247329, 3.605551275463989
55, 89, 1092, 71, 1091, 71, 1, 0, 0.0, 1.0
55, 90, 813, 37, 814, 40, -1, -3, -1.892546881191539, 3.1622776601683795
55, 91, 635, 23, 635, 25, 0, -2, -1.5707963267948966, 2.0
55, 92, 494, 146, 495, 149, -1, -3, -1.892546881191539, 3.1622776601683795
55, 93, 1221, 22, 1221, 23, 0, -1, -1.5707963267948966, 1.0
55, 94, 163, 502, 163, 497, 0, 5, 1.5707963267948966, 5.0
55, 95, 544, 37, 544, 38, 0, -1, -1.5707963267948966, 1.0
55, 96, 99, 604, 96, 603, 3, 1, 0.3217505543966422, 3.1622776601683795
55, 97, 938, 111, 938, 112, 0, -1, -1.5707963267948966, 1.0
55, 98, 315, 27, 314, 26, 1, 1, 0.7853981633974483, 1.4142135623730951
55, 99, 833, 542, 836, 544, -3, -2, -2.5535900500422257, 3.605551275463989
55, 100, 249, 416, 249, 417, 0, -1, -1.5707963267948966, 1.0
55, 101, 509, 201, 510, 205, -1, -4, -1.8157749899217608, 4.123105625617661
55, 102, 475, 272, 476, 277, -1, -5, -1.7681918866447774, 5.0990195135927845
55, 103, 332, 417, 332, 418, 0, -1, -1.5707963267948966, 1.0
55, 104, 1093, 40, 1092, 40, 1, 0, 0.0, 1.0
55, 105, 63, 82, 63, 83, 0, -1, -1.5707963267948966, 1.0
55, 106, 1154, 90, 1154, 89, 0, 1, 1.5707963267948966, 1.0
55, 107, 81, 141, 81, 142, 0, -1, -1.5707963267948966, 1.0
55, 108, 634, 38, 634, 39, 0, -1, -1.5707963267948966, 1.0
55, 109, 591, 118, 591, 119, 0, -1, -1.5707963267948966, 1.0
55, 110, 505, 227, 506, 232, -1, -5, -1.7681918866447774, 5.0990195135927845
55, 111, 256, 360, 256, 361, 0, -1, -1.5707963267948966, 1.0
55, 112, 327, 351, 327, 352, 0, -1, -1.5707963267948966, 1.0
55, 113, 1104, 31, 1103, 31, 1, 0, 0.0, 1.0
55, 114, 1235, 207, 1235, 204, 0, 3, 1.5707963267948966, 3.0
55, 115, 1173, 254, 1173, 254, 0, 0, 0.0, 0.0
55, 116, 497, 116, 497, 118, 0, -2, -1.5707963267948966, 2.0
55, 117, 672, 191, 672, 190, 0, 1, 1.5707963267948966, 1.0
55, 118, 29, 55, 26, 57, 3, -2, -0.5880026035475675, 3.605551275463989
55, 119, 1112, 93, 1111, 93, 1, 0, 0.0, 1.0
55, 120, 484, 378, 484, 380, 0, -2, -1.5707963267948966, 2.0
55, 121, 741, 566, 741, 567, 0, -1, -1.5707963267948966, 1.0
55, 122, 1089, 96, 1089, 97, 0, -1, -1.5707963267948966, 1.0
55, 123, 87, 154, 87, 155, 0, -1, -1.5707963267948966, 1.0
55, 124, 846, 580, 848, 581, -2, -1, -2.677945044588987, 2.23606797749979
55, 125, 649, 76, 649, 79, 0, -3, -1.5707963267948966, 3.0
55, 126, 512, 10, 512, 12, 0, -2, -1.5707963267948966, 2.0
55, 127, 1195, 158, 1195, 157, 0, 1, 1.5707963267948966, 1.0
55, 128, 417, 223, 417, 223, 0, 0, 0.0, 0.0
55, 129, 78, 155, 78, 156, 0, -1, -1.5707963267948966, 1.0
55, 130, 47, 111, 47, 111, 0, 0, 0.0, 0.0
55, 131, 307, 352, 307, 353, 0, -1, -1.5707963267948966, 1.0
55, 132, 388, 219, 388, 219, 0, 0, 0.0, 0.0
55, 133, 1172, 350, 1175, 353, -3, -3, -2.356194490192345, 4.242640687119285
55, 134, 574, 109, 574, 110, 0, -1, -1.5707963267948966, 1.0
55, 135, 1132, 120, 1132, 121, 0, -1, -1.5707963267948966, 1.0
55, 136, 723, 494, 725, 498, -2, -4, -2.0344439357957027, 4.47213595499958
55, 137, 788, 233, 788, 237, 0, -4, -1.5707963267948966, 4.0
55, 138, 127, 677, 127, 677, 0, 0, 0.0, 0.0
55, 139, 174, 508, 176, 504, -2, 4, 2.0344439357957027, 4.47213595499958
55, 140, 1190, 339, 1194, 343, -4, -4, -2.356194490192345, 5.656854249492381
55, 141, 1212, 187, 1210, 185, 2, 2, 0.7853981633974483, 2.8284271247461903
55, 142, 135, 430, 138, 427, -3, 3, 2.356194490192345, 4.242640687119285
55, 143, 650, 233, 651, 231, -1, 2, 2.0344439357957027, 2.23606797749979
55, 144, 902, 23, 903, 23, -1, 0, 3.141592653589793, 1.0
55, 145, 933, 104, 933, 105, 0, -1, -1.5707963267948966, 1.0
55, 146, 36, 97, 34, 96, 2, 1, 0.4636476090008061, 2.23606797749979
55, 147, 542, 44, 542, 45, 0, -1, -1.5707963267948966, 1.0
55, 148, 1182, 214, 1181, 212, 1, 2, 1.1071487177940904, 2.23606797749979
55, 149, 814, 578, 816, 576, -2, 2, 2.356194490192345, 2.8284271247461903
55, 150, 926, 105, 926, 106, 0, -1, -1.5707963267948966, 1.0
55, 151, 150, 636, 148, 633, 2, 3, 0.982793723247329, 3.605551275463989
55, 152, 619, 89, 619, 90, 0, -1, -1.5707963267948966, 1.0
55, 153, 508, 208, 509, 212, -1, -4, -1.8157749899217608, 4.123105625617661
55, 154, 265, 42, 265, 43, 0, -1, -1.5707963267948966, 1.0
55, 155, 266, 418, 266, 419, 0, -1, -1.5707963267948966, 1.0
56, 0, 1171, 395, 1174, 399, -3, -4, -2.214297435588181, 5.0
56, 1, 253, 351, 253, 352, 0, -1, -1.5707963267948966, 1.0
56, 2, 1175, 327, 1178, 331, -3, -4, -2.214297435588181, 5.0
56, 3, 789, 46, 790, 48, -1, -2, -2.0344439357957027, 2.23606797749979
56, 4, 718, 696, 720, 701, -2, -5, -1.9513027039072615, 5.385164807134504
56, 5, 1195, 366, 1199, 371, -4, -5, -2.2455372690184494, 6.4031242374328485
56, 6, 808, 32, 809, 35, -1, -3, -1.892546881191539, 3.1622776601683795
56, 7, 926, 32, 927, 32, -1, 0, 3.141592653589793, 1.0
56, 8, 279, 331, 279, 332, 0, -1, -1.5707963267948966, 1.0
56, 9, 399, 262, 399, 261, 0, 1, 1.5707963267948966, 1.0
56, 10, 800, 24, 801, 27, -1, -3, -1.892546881191539, 3.1622776601683795
56, 11, 1129, 64, 1128, 64, 1, 0, 0.0, 1.0
56, 12, 645, 12, 644, 13, 1, -1, -0.7853981633974483, 1.4142135623730951
56, 13, 178, 493, 180, 490, -2, 3, 2.158798930342464, 3.605551275463989
56, 14, 593, 51, 593, 52, 0, -1, -1.5707963267948966, 1.0
56, 15, 729, 639, 732, 644, -3, -5, -2.1112158270654806, 5.830951894845301
56, 16, 1198, 184, 1197, 182, 1, 2, 1.1071487177940904, 2.23606797749979
56, 17, 1054, 413, 1052, 410, 2, 3, 0.982793723247329, 3.605551275463989
56, 18, 755, 84, 755, 83, 0, 1, 1.5707963267948966, 1.0
56, 19, 512, 190, 514, 194, -2, -4, -2.0344439357957027, 4.47213595499958
56, 20, 1048, 363, 1047, 360, 1, 3, 1.2490457723982544, 3.1622776601683795
56, 21, 296, 332, 296, 333, 0, -1, -1.5707963267948966, 1.0
56, 22, 710, 641, 712, 646, -2, -5, -1.9513027039072615, 5.385164807134504
56, 23, 483, 285, 483, 289, 0, -4, -1.5707963267948966, 4.0
56, 24, 1084, 84, 1084, 83, 0, 1, 1.5707963267948966, 1.0
56, 25, 1177, 344, 1180, 346, -3, -2, -2.5535900500422257, 3.605551275463989
56, 26, 815, 54, 816, 57, -1, -3, -1.892546881191539, 3.1622776601683795
56, 27, 481, 87, 480, 89, 1, -2, -1.1071487177940904, 2.23606797749979
56, 28, 491, 88, 490, 90, 1, -2, -1.1071487177940904, 2.23606797749979
56, 29, 750, 516, 752, 519, -2, -3, -2.158798930342464, 3.605551275463989
56, 30, 1259, 134, 1259, 134, 0, 0, 0.0, 0.0
56, 31, 837, 37, 839, 38, -2, -1, -2.677945044588987, 2.23606797749979
56, 32, 1077, 405, 1075, 401, 2, 4, 1.1071487177940904, 4.47213595499958
56, 33, 334, 365, 334, 366, 0, -1, -1.5707963267948966, 1.0
56, 34, 632, 48, 632, 49, 0, -1, -1.5707963267948966, 1.0
56, 35, 468, 287, 468, 291, 0, -4, -1.5707963267948966, 4.0
56, 36, 484, 78, 483, 80, 1, -2, -1.1071487177940904, 2.23606797749979
56, 37, 752, 457, 753, 462, -1, -5, -1.7681918866447774, 5.0990195135927845
56, 38, 1126, 27, 1125, 27, 1, 0, 0.0, 1.0
56, 39, 309, 338, 309, 339, 0, -1, -1.5707963267948966, 1.0
56, 40, 1038, 397, 1037, 395, 1, 2, 1.1071487177940904, 2.23606797749979
56, 41, 688, 128, 688, 127, 0, 1, 1.5707963267948966, 1.0
56, 42, 627, 188, 629, 186, -2, 2, 2.356194490192345, 2.8284271247461903
56, 43, 715, 476, 716, 480, -1, -4, -1.8157749899217608, 4.123105625617661
56, 44, 616, 225, 617, 223, -1, 2, 2.0344439357957027, 2.23606797749979
56, 45, 134, 438, 137, 436, -3, 2, 2.5535900500422257, 3.605551275463989
56, 46, 639, 20, 638, 21, 1, -1, -0.7853981633974483, 1.4142135623730951
56, 47, 533, 224, 533, 229, 0, -5, -1.5707963267948966, 5.0
56, 48, 538, 77, 538, 78, 0, -1, -1.5707963267948966, 1.0
56, 49, 1162, 373, 1166, 376, -4, -3, -2.498091544796509, 5.0
56, 50, 815, 72, 816, 75, -1, -3, -1.892546881191539, 3.1622776601683795
56, 51, 820, 497, 825, 497, -5, 0, 3.141592653589793, 5.0
56, 52, 1163, 51, 1162, 50, 1, 1, 0.7853981633974483, 1.4142135623730951
56, 53, 752, 150, 752, 149, 0, 1, 1.5707963267948966, 1.0
56, 54, 30, 47, 27, 49, 3, -2, -0.5880026035475675, 3.605551275463989
56, 55, 1067, 470, 1067, 466, 0, 4, 1.5707963267948966, 4.0
56, 56, 594, 80, 594, 81, 0, -1, -1.5707963267948966, 1.0
56, 57, 701, 693, 703, 693, -2, 0, 3.141592653589793, 2.0
56, 58, 590, 43, 590, 43, 0, 0, 0.0, 0.0
56, 59, 764, 503, 766, 508, -2, -5, -1.9513027039072615, 5.385164807134504
56, 60, 179, 517, 181, 513, -2, 4, 2.0344439357957027, 4.47213595499958
56, 61, 254, 399, 254, 400, 0, -1, -1.5707963267948966, 1.0
56, 62, 828, 47, 830, 48, -2, -1, -2.677945044588987, 2.23606797749979
56, 63, 98, 604, 96, 603, 2, 1, 0.4636476090008061, 2.23606797749979
56, 64, 163, 542, 163, 543, 0, -1, -1.5707963267948966, 1.0
56, 65, 63, 83, 63, 84, 0, -1, -1.5707963267948966, 1.0
56, 66, 487, 164, 488, 166, -1, -2, -2.0344439357957027, 2.23606797749979
56, 67, 761, 495, 762, 500, -1, -5, -1.7681918866447774, 5.0990195135927845
56, 68, 801, 33, 802, 36, -1, -3, -1.892546881191539, 3.1622776601683795
56, 69, 694, 142, 694, 141, 0, 1, 1.5707963267948966, 1.0
56, 70, 1092, 72, 1091, 72, 1, 0, 0.0, 1.0
56, 71, 796, 547, 800, 546, -4, 1, 2.896613990462929, 4.123105625617661
56, 72, 899, 13, 901, 13, -2, 0, 3.141592653589793, 2.0
56, 73, 640, 263, 640, 263, 0, 0, 0.0, 0.0
56, 74, 617, 15, 617, 15, 0, 0, 0.0, 0.0
56, 75, 1038, 435, 1038, 436, 0, -1, -1.5707963267948966, 1.0
56, 76, 673, 193, 673, 191, 0, 2, 1.5707963267948966, 2.0
56, 77, 1081, 367, 1079, 364, 2, 3, 0.982793723247329, 3.605551275463989
56, 78, 319, 402, 319, 403, 0, -1, -1.5707963267948966, 1.0
56, 79, 301, 360, 301, 361, 0, -1, -1.5707963267948966, 1.0
56, 80, 266, 392, 266, 393, 0, -1, -1.5707963267948966, 1.0
56, 81, 1071, 548, 1069, 545, 2, 3, 0.982793723247329, 3.605551275463989
56, 82, 431, 298, 431, 295, 0, 3, 1.5707963267948966, 3.0
56, 83, 576, 59, 576, 60, 0, -1, -1.5707963267948966, 1.0
56, 84, 173, 512, 175, 509, -2, 3, 2.158798930342464, 3.605551275463989
56, 85, 686, 217, 686, 215, 0, 2, 1.5707963267948966, 2.0
56, 86, 1169, 204, 1169, 204, 0, 0, 0.0, 0.0
56, 87, 814, 37, 815, 40, -1, -3, -1.892546881191539, 3.1622776601683795
56, 88, 1211, 224, 1209, 223, 2, 1, 0.4636476090008061, 2.23606797749979
56, 89, 938, 112, 938, 113, 0, -1, -1.5707963267948966, 1.0
56, 90, 1258, 177, 1256, 174, 2, 3, 0.982793723247329, 3.605551275463989
56, 91, 1164, 58, 1163, 57, 1, 1, 0.7853981633974483, 1.4142135623730951
56, 92, 40, 104, 39, 103, 1, 1, 0.7853981633974483, 1.4142135623730951
56, 93, 476, 272, 477, 277, -1, -5, -1.7681918866447774, 5.0990195135927845
56, 94, 1149, 406, 1151, 407, -2, -1, -2.677945044588987, 2.23606797749979
56, 95, 1093, 40, 1092, 40, 1, 0, 0.0, 1.0
56, 96, 256, 361, 256, 362, 0, -1, -1.5707963267948966, 1.0
56, 97, 677, 219, 677, 217, 0, 2, 1.5707963267948966, 2.0
56, 98, 745, 150, 745, 149, 0, 1, 1.5707963267948966, 1.0
56, 99, 591, 118, 591, 119, 0, -1, -1.5707963267948966, 1.0
56, 100, 551, 110, 551, 111, 0, -1, -1.5707963267948966, 1.0
56, 101, 303, 333, 303, 334, 0, -1, -1.5707963267948966, 1.0
56, 102, 1089, 96, 1089, 97, 0, -1, -1.5707963267948966, 1.0
56, 103, 575, 109, 575, 110, 0, -1, -1.5707963267948966, 1.0
56, 104, 390, 194, 390, 193, 0, 1, 1.5707963267948966, 1.0
56, 105, 1173, 253, 1173, 254, 0, -1, -1.5707963267948966, 1.0
56, 106, 81, 141, 81, 142, 0, -1, -1.5707963267948966, 1.0
56, 107, 37, 95, 36, 95, 1, 0, 0.0, 1.0
56, 108, 506, 228, 507, 232, -1, -4, -1.8157749899217608, 4.123105625617661
56, 109, 306, 353, 306, 354, 0, -1, -1.5707963267948966, 1.0
56, 110, 747, 89, 747, 88, 0, 1, 1.5707963267948966, 1.0
56, 111, 1157, 91, 1156, 90, 1, 1, 0.7853981633974483, 1.4142135623730951
56, 112, 648, 21, 648, 22, 0, -1, -1.5707963267948966, 1.0
56, 113, 332, 418, 332, 419, 0, -1, -1.5707963267948966, 1.0
56, 114, 331, 378, 331, 379, 0, -1, -1.5707963267948966, 1.0
56, 115, 493, 150, 494, 150, -1, 0, 3.141592653589793, 1.0
56, 116, 1190, 338, 1194, 343, -4, -5, -2.2455372690184494, 6.4031242374328485
56, 117, 548, 37, 548, 38, 0, -1, -1.5707963267948966, 1.0
56, 118, 1046, 502, 1044, 498, 2, 4, 1.1071487177940904, 4.47213595499958
56, 119, 809, 282, 809, 286, 0, -4, -1.5707963267948966, 4.0
56, 120, 327, 352, 327, 353, 0, -1, -1.5707963267948966, 1.0
56, 121, 1261, 161, 1266, 160, -5, 1, 2.9441970937399127, 5.0990195135927845
56, 122, 839, 581, 841, 581, -2, 0, 3.141592653589793, 2.0
56, 123, 821, 506, 826, 506, -5, 0, 3.141592653589793, 5.0
56, 124, 635, 38, 635, 39, 0, -1, -1.5707963267948966, 1.0
56, 125, 265, 401, 265, 402, 0, -1, -1.5707963267948966, 1.0
56, 126, 778, 282, 778, 285, 0, -3, -1.5707963267948966, 3.0
56, 127, 1222, 22, 1222, 23, 0, -1, -1.5707963267948966, 1.0
56, 128, 666, 22, 666, 23, 0, -1, -1.5707963267948966, 1.0
56, 129, 1183, 214, 1181, 213, 2, 1, 0.4636476090008061, 2.23606797749979
56, 130, 1081, 357, 1079, 354, 2, 3, 0.982793723247329, 3.605551275463989
56, 131, 484, 379, 484, 381, 0, -2, -1.5707963267948966, 2.0
56, 132, 798, 98, 799, 100, -1, -2, -2.0344439357957027, 2.23606797749979
56, 133, 724, 495, 726, 498, -2, -3, -2.158798930342464, 3.605551275463989
56, 134, 423, 344, 423, 345, 0, -1, -1.5707963267948966, 1.0
56, 135, 1104, 31, 1103, 31, 1, 0, 0.0, 1.0
56, 136, 1195, 158, 1195, 157, 0, 1, 1.5707963267948966, 1.0
56, 137, 78, 155, 78, 156, 0, -1, -1.5707963267948966, 1.0
56, 138, 1155, 417, 1157, 418, -2, -1, -2.677945044588987, 2.23606797749979
56, 139, 740, 566, 741, 569, -1, -3, -1.892546881191539, 3.1622776601683795
56, 140, 1133, 121, 1133, 122, 0, -1, -1.5707963267948966, 1.0
56, 141, 921, 27, 922, 27, -1, 0, 3.141592653589793, 1.0
56, 142, 1214, 23, 1214, 24, 0, -1, -1.5707963267948966, 1.0
56, 143, 1236, 208, 1236, 205, 0, 3, 1.5707963267948966, 3.0
56, 144, 87, 155, 87, 156, 0, -1, -1.5707963267948966, 1.0
56, 145, 30, 56, 27, 58, 3, -2, -0.5880026035475675, 3.605551275463989
56, 146, 657, 22, 657, 23, 0, -1, -1.5707963267948966, 1.0
56, 147, 543, 44, 543, 45, 0, -1, -1.5707963267948966, 1.0
56, 148, 135, 430, 138, 427, -3, 3, 2.356194490192345, 4.242640687119285
56, 149, 933, 105, 933, 106, 0, -1, -1.5707963267948966, 1.0
56, 150, 387, 222, 388, 221, -1, 1, 2.356194490192345, 1.4142135623730951
56, 151, 804, 504, 809, 504, -5, 0, 3.141592653589793, 5.0
56, 152, 47, 110, 47, 111, 0, -1, -1.5707963267948966, 1.0
56, 153, 1146, 131, 1146, 130, 0, 1, 1.5707963267948966, 1.0
56, 154, 127, 677, 127, 677, 0, 0, 0.0, 0.0
56, 155, 816, 587, 817, 585, -1, 2, 2.0344439357957027, 2.23606797749979
56, 156, 1162, 81, 1161, 80, 1, 1, 0.7853981633974483, 1.4142135623730951
56, 157, 266, 419, 266, 420, 0, -1, -1.5707963267948966, 1.0
56, 158, 926, 106, 926, 107, 0, -1, -1.5707963267948966, 1.0
56, 159, 790, 235, 790, 239, 0, -4, -1.5707963267948966, 4.0
56, 160, 516, 276, 517, 279, -1, -3, -1.892546881191539, 3.1622776601683795
56, 161, 828, 578, 829, 577, -1, 1, 2.356194490192345, 1.4142135623730951
56, 162, 619, 90, 619, 91, 0, -1, -1.5707963267948966, 1.0
56, 163, 901, 24, 903, 24, -2, 0, 3.141592653589793, 2.0
56, 164, 1177, 436, 1178, 439, -1, -3, -1.892546881191539, 3.1622776601683795
56, 165, 497, 114, 497, 117, 0, -3, -1.5707963267948966, 3.0
57, 0, 1167, 393, 1171, 395, -4, -2, -2.677945044588987, 4.47213595499958
57, 1, 253, 350, 253, 351, 0, -1, -1.5707963267948966, 1.0
57, 2, 1172, 323, 1175, 327, -3, -4, -2.214297435588181, 5.0
57, 3, 788, 42, 789, 46, -1, -4, -1.8157749899217608, 4.123105625617661
57, 4, 716, 691, 718, 696, -2, -5, -1.9513027039072615, 5.385164807134504
57, 5, 1191, 362, 1195, 366, -4, -4, -2.356194490192345, 5.656854249492381
57, 6, 807, 27, 808, 32, -1, -5, -1.7681918866447774, 5.0990195135927845
57, 7, 924, 32, 926, 32, -2, 0, 3.141592653589793, 2.0
57, 8, 279, 330, 279, 331, 0, -1, -1.5707963267948966, 1.0
57, 9, 399, 264, 399, 262, 0, 2, 1.5707963267948966, 2.0
57, 10, 799, 20, 800, 24, -1, -4, -1.8157749899217608, 4.123105625617661
57, 11, 1131, 65, 1129, 64, 2, 1, 0.4636476090008061, 2.23606797749979
57, 12, 647, 9, 645, 12, 2, -3, -0.982793723247329, 3.605551275463989
57, 13, 177, 494, 178, 493, -1, 1, 2.356194490192345, 1.4142135623730951
57, 14, 594, 51, 593, 51, 1, 0, 0.0, 1.0
57, 15, 727, 635, 729, 639, -2, -4, -2.0344439357957027, 4.47213595499958
57, 16, 1201, 187, 1198, 184, 3, 3, 0.7853981633974483, 4.242640687119285
57, 17, 1055, 414, 1054, 413, 1, 1, 0.7853981633974483, 1.4142135623730951
57, 18, 755, 88, 755, 84, 0, 4, 1.5707963267948966, 4.0
57, 19, 510, 186, 512, 190, -2, -4, -2.0344439357957027, 4.47213595499958
57, 20, 1049, 367, 1048, 363, 1, 4, 1.3258176636680326, 4.123105625617661
57, 21, 296, 331, 296, 332, 0, -1, -1.5707963267948966, 1.0
57, 22, 709, 636, 710, 641, -1, -5, -1.7681918866447774, 5.0990195135927845
57, 23, 483, 282, 483, 285, 0, -3, -1.5707963267948966, 3.0
57, 24, 1085, 84, 1084, 84, 1, 0, 0.0, 1.0
57, 25, 1173, 341, 1177, 344, -4, -3, -2.498091544796509, 5.0
57, 26, 813, 49, 815, 54, -2, -5, -1.9513027039072615, 5.385164807134504
57, 27, 483, 83, 481, 87, 2, -4, -1.1071487177940904, 4.47213595499958
57, 28, 493, 84, 491, 88, 2, -4, -1.1071487177940904, 4.47213595499958
57, 29, 748, 512, 750, 516, -2, -4, -2.0344439357957027, 4.47213595499958
57, 30, 1259, 135, 1259, 134, 0, 1, 1.5707963267948966, 1.0
57, 31, 834, 36, 837, 37, -3, -1, -2.819842099193151, 3.1622776601683795
57, 32, 1079, 409, 1077, 405, 2, 4, 1.1071487177940904, 4.47213595499958
57, 33, 334, 364, 334, 365, 0, -1, -1.5707963267948966, 1.0
57, 34, 633, 47, 632, 48, 1, -1, -0.7853981633974483, 1.4142135623730951
57, 35, 468, 284, 468, 287, 0, -3, -1.5707963267948966, 3.0
57, 36, 486, 73, 484, 78, 2, -5, -1.1902899496825317, 5.385164807134504
57, 37, 751, 453, 752, 457, -1, -4, -1.8157749899217608, 4.123105625617661
57, 38, 1128, 28, 1126, 27, 2, 1, 0.4636476090008061, 2.23606797749979
57, 39, 309, 337, 309, 338, 0, -1, -1.5707963267948966, 1.0
57, 40, 1039, 396, 1038, 397, 1, -1, -0.7853981633974483, 1.4142135623730951
57, 41, 688, 132, 688, 128, 0, 4, 1.5707963267948966, 4.0
57, 42, 624, 192, 627, 188, -3, 4, 2.214297435588181, 5.0
57, 43, 715, 472, 715, 476, 0, -4, -1.5707963267948966, 4.0
57, 44, 615, 228, 616, 225, -1, 3, 1.892546881191539, 3.1622776601683795
57, 45, 132, 440, 134, 438, -2, 2, 2.356194490192345, 2.8284271247461903
57, 46, 641, 17, 639, 20, 2, -3, -0.982793723247329, 3.605551275463989
57, 47, 533, 219, 533, 224, 0, -5, -1.5707963267948966, 5.0
57, 48, 538, 76, 538, 77, 0, -1, -1.5707963267948966, 1.0
57, 49, 1157, 372, 1162, 373, -5, -1, -2.9441970937399127, 5.0990195135927845
57, 50, 813, 66, 815, 72, -2, -6, -1.892546881191539, 6.324555320336759
57, 51, 815, 499, 820, 497, -5, 2, 2.761086276477428, 5.385164807134504
57, 52, 1165, 53, 1163, 51, 2, 2, 0.7853981633974483, 2.8284271247461903
57, 53, 752, 151, 752, 150, 0, 1, 1.5707963267948966, 1.0
57, 54, 34, 46, 30, 47, 4, -1, -0.24497866312686414, 4.123105625617661
57, 55, 1068, 473, 1067, 470, 1, 3, 1.2490457723982544, 3.1622776601683795
57, 56, 595, 79, 594, 80, 1, -1, -0.7853981633974483, 1.4142135623730951
57, 57, 699, 690, 701, 693, -2, -3, -2.158798930342464, 3.605551275463989
57, 58, 591, 43, 590, 43, 1, 0, 0.0, 1.0
57, 59, 762, 500, 764, 503, -2, -3, -2.158798930342464, 3.605551275463989
57, 60, 176, 519, 179, 517, -3, 2, 2.5535900500422257, 3.605551275463989
57, 61, 254, 398, 254, 399, 0, -1, -1.5707963267948966, 1.0
57, 62, 826, 45, 828, 47, -2, -2, -2.356194490192345, 2.8284271247461903
57, 63, 101, 605, 98, 604, 3, 1, 0.3217505543966422, 3.1622776601683795
57, 64, 163, 541, 163, 542, 0, -1, -1.5707963267948966, 1.0
57, 65, 64, 82, 63, 83, 1, -1, -0.7853981633974483, 1.4142135623730951
57, 66, 486, 160, 487, 164, -1, -4, -1.8157749899217608, 4.123105625617661
57, 67, 759, 493, 761, 495, -2, -2, -2.356194490192345, 2.8284271247461903
57, 68, 800, 28, 801, 33, -1, -5, -1.7681918866447774, 5.0990195135927845
57, 69, 694, 146, 694, 142, 0, 4, 1.5707963267948966, 4.0
57, 70, 1093, 73, 1092, 72, 1, 1, 0.7853981633974483, 1.4142135623730951
57, 71, 793, 547, 796, 547, -3, 0, 3.141592653589793, 3.0
57, 72, 896, 13, 899, 13, -3, 0, 3.141592653589793, 3.0
57, 73, 617, 15, 617, 15, 0, 0, 0.0, 0.0
57, 74, 1040, 435, 1038, 435, 2, 0, 0.0, 2.0
57, 75, 675, 198, 673, 193, 2, 5, 1.1902899496825317, 5.385164807134504
57, 76, 1084, 369, 1081, 367, 3, 2, 0.5880026035475675, 3.605551275463989
57, 77, 319, 401, 319, 402, 0, -1, -1.5707963267948966, 1.0
57, 78, 301, 359, 301, 360, 0, -1, -1.5707963267948966, 1.0
57, 79, 266, 391, 266, 392, 0, -1, -1.5707963267948966, 1.0
57, 80, 1069, 547, 1071, 548, -2, -1, -2.677945044588987, 2.23606797749979
57, 81, 430, 303, 431, 298, -1, 5, 1.7681918866447774, 5.0990195135927845
57, 82, 577, 58, 576, 59, 1, -1, -0.7853981633974483, 1.4142135623730951
57, 83, 171, 513, 173, 512, -2, 1, 2.677945044588987, 2.23606797749979
57, 84, 687, 217, 686, 217, 1, 0, 0.0, 1.0
57, 85, 1169, 204, 1169, 204, 0, 0, 0.0, 0.0
57, 86, 813, 32, 814, 37, -1, -5, -1.7681918866447774, 5.0990195135927845
57, 87, 1215, 226, 1211, 224, 4, 2, 0.4636476090008061, 4.47213595499958
57, 88, 938, 111, 938, 112, 0, -1, -1.5707963267948966, 1.0
57, 89, 1261, 179, 1258, 177, 3, 2, 0.5880026035475675, 3.605551275463989
57, 90, 1166, 60, 1164, 58, 2, 2, 0.7853981633974483, 2.8284271247461903
57, 91, 40, 102, 40, 104, 0, -2, -1.5707963267948966, 2.0
57, 92, 476, 267, 476, 272, 0, -5, -1.5707963267948966, 5.0
57, 93, 1147, 405, 1149, 406, -2, -1, -2.677945044588987, 2.23606797749979
57, 94, 1095, 40, 1093, 40, 2, 0, 0.0, 2.0
57, 95, 256, 360, 256, 361, 0, -1, -1.5707963267948966, 1.0
57, 96, 678, 221, 677, 219, 1, 2, 1.1071487177940904, 2.23606797749979
57, 97, 745, 151, 745, 150, 0, 1, 1.5707963267948966, 1.0
57, 98, 591, 117, 591, 118, 0, -1, -1.5707963267948966, 1.0
57, 99, 551, 109, 551, 110, 0, -1, -1.5707963267948966, 1.0
57, 100, 303, 332, 303, 333, 0, -1, -1.5707963267948966, 1.0
57, 101, 1090, 95, 1089, 96, 1, -1, -0.7853981633974483, 1.4142135623730951
57, 102, 575, 107, 575, 109, 0, -2, -1.5707963267948966, 2.0
57, 103, 390, 198, 390, 194, 0, 4, 1.5707963267948966, 4.0
57, 104, 1175, 253, 1173, 253, 2, 0, 0.0, 2.0
57, 105, 81, 140, 81, 141, 0, -1, -1.5707963267948966, 1.0
57, 106, 38, 93, 37, 95, 1, -2, -1.1071487177940904, 2.23606797749979
57, 107, 505, 222, 506, 228, -1, -6, -1.7359450042095235, 6.082762530298219
57, 108, 306, 352, 306, 353, 0, -1, -1.5707963267948966, 1.0
57, 109, 747, 93, 747, 89, 0, 4, 1.5707963267948966, 4.0
57, 110, 1159, 92, 1157, 91, 2, 1, 0.4636476090008061, 2.23606797749979
57, 111, 650, 18, 648, 21, 2, -3, -0.982793723247329, 3.605551275463989
57, 112, 332, 417, 332, 418, 0, -1, -1.5707963267948966, 1.0
57, 113, 331, 377, 331, 378, 0, -1, -1.5707963267948966, 1.0
57, 114, 493, 149, 493, 150, 0, -1, -1.5707963267948966, 1.0
57, 115, 1187, 334, 1190, 338, -3, -4, -2.214297435588181, 5.0
57, 116, 548, 36, 548, 37, 0, -1, -1.5707963267948966, 1.0
57, 117, 1048, 505, 1046, 502, 2, 3, 0.982793723247329, 3.605551275463989
57, 118, 808, 278, 809, 282, -1, -4, -1.8157749899217608, 4.123105625617661
57, 119, 327, 351, 327, 352, 0, -1, -1.5707963267948966, 1.0
57, 120, 1260, 162, 1261, 161, -1, 1, 2.356194490192345, 1.4142135623730951
57, 121, 838, 583, 839, 581, -1, 2, 2.0344439357957027, 2.23606797749979
57, 122, 816, 508, 821, 506, -5, 2, 2.761086276477428, 5.385164807134504
57, 123, 636, 37, 635, 38, 1, -1, -0.7853981633974483, 1.4142135623730951
57, 124, 265, 400, 265, 401, 0, -1, -1.5707963267948966, 1.0
57, 125, 779, 278, 778, 282, 1, -4, -1.3258176636680326, 4.123105625617661
57, 126, 1221, 20, 1222, 22, -1, -2, -2.0344439357957027, 2.23606797749979
57, 127, 667, 21, 666, 22, 1, -1, -0.7853981633974483, 1.4142135623730951
57, 128, 1186, 216, 1183, 214, 3, 2, 0.5880026035475675, 3.605551275463989
57, 129, 1083, 360, 1081, 357, 2, 3, 0.982793723247329, 3.605551275463989
57, 130, 484, 377, 484, 379, 0, -2, -1.5707963267948966, 2.0
57, 131, 797, 96, 798, 98, -1, -2, -2.0344439357957027, 2.23606797749979
57, 132, 722, 493, 724, 495, -2, -2, -2.356194490192345, 2.8284271247461903
57, 133, 423, 344, 423, 344, 0, 0, 0.0, 0.0
57, 134, 1106, 31, 1104, 31, 2, 0, 0.0, 2.0
57, 135, 1197, 160, 1195, 158, 2, 2, 0.7853981633974483, 2.8284271247461903
57, 136, 78, 154, 78, 155, 0, -1, -1.5707963267948966, 1.0
57, 137, 1154, 415, 1155, 417, -1, -2, -2.0344439357957027, 2.23606797749979
57, 138, 737, 555, 740, 566, -3, -11, -1.837048375945822, 11.40175425099138
57, 139, 1133, 120, 1133, 121, 0, -1, -1.5707963267948966, 1.0
57, 140, 918, 27, 921, 27, -3, 0, 3.141592653589793, 3.0
57, 141, 1213, 21, 1214, 23, -1, -2, -2.0344439357957027, 2.23606797749979
57, 142, 1238, 211, 1236, 208, 2, 3, 0.982793723247329, 3.605551275463989
57, 143, 87, 154, 87, 155, 0, -1, -1.5707963267948966, 1.0
57, 144, 33, 55, 30, 56, 3, -1, -0.3217505543966422, 3.1622776601683795
57, 145, 658, 20, 657, 22, 1, -2, -1.1071487177940904, 2.23606797749979
57, 146, 543, 43, 543, 44, 0, -1, -1.5707963267948966, 1.0
57, 147, 132, 433, 135, 430, -3, 3, 2.356194490192345, 4.242640687119285
57, 148, 933, 104, 933, 105, 0, -1, -1.5707963267948966, 1.0
57, 149, 386, 226, 387, 222, -1, 4, 1.8157749899217608, 4.123105625617661
57, 150, 798, 504, 804, 504, -6, 0, 3.141592653589793, 6.0
57, 151, 47, 109, 47, 110, 0, -1, -1.5707963267948966, 1.0
57, 152, 1146, 131, 1146, 131, 0, 0, 0.0, 0.0
57, 153, 128, 676, 127, 677, 1, -1, -0.7853981633974483, 1.4142135623730951
57, 154, 815, 588, 816, 587, -1, 1, 2.356194490192345, 1.4142135623730951
57, 155, 1165, 83, 1162, 81, 3, 2, 0.5880026035475675, 3.605551275463989
57, 156, 266, 418, 266, 419, 0, -1, -1.5707963267948966, 1.0
57, 157, 926, 105, 926, 106, 0, -1, -1.5707963267948966, 1.0
57, 158, 791, 230, 790, 235, 1, -5, -1.373400766945016, 5.0990195135927845
57, 159, 515, 273, 516, 276, -1, -3, -1.892546881191539, 3.1622776601683795
57, 160, 828, 579, 828, 578, 0, 1, 1.5707963267948966, 1.0
57, 161, 618, 90, 619, 90, -1, 0, 3.141592653589793, 1.0
57, 162, 898, 24, 901, 24, -3, 0, 3.141592653589793, 3.0
57, 163, 1173, 429, 1177, 436, -4, -7, -2.0899424410414196, 8.06225774829855
57, 164, 498, 110, 497, 114, 1, -4, -1.3258176636680326, 4.123105625617661
58, 0, 279, 330, 279, 331, 0, -1, -1.5707963267948966, 1.0
58, 1, 1166, 389, 1168, 392, -2, -3, -2.158798930342464, 3.605551275463989
58, 2, 808, 28, 809, 31, -1, -3, -1.892546881191539, 3.1622776601683795
58, 3, 815, 52, 816, 54, -1, -2, -2.0344439357957027, 2.23606797749979
58, 4, 253, 351, 253, 352, 0, -1, -1.5707963267948966, 1.0
58, 5, 259, 370, 259, 371, 0, -1, -1.5707963267948966, 1.0
58, 6, 792, 82, 792, 84, 0, -2, -1.5707963267948966, 2.0
58, 7, 801, 21, 801, 24, 0, -3, -1.5707963267948966, 3.0
58, 8, 595, 52, 595, 52, 0, 0, 0.0, 0.0
58, 9, 1130, 64, 1129, 64, 1, 0, 0.0, 1.0
58, 10, 787, 42, 788, 45, -1, -3, -1.892546881191539, 3.1622776601683795
58, 11, 1191, 361, 1194, 365, -3, -4, -2.214297435588181, 5.0
58, 12, 647, 10, 646, 12, 1, -2, -1.1071487177940904, 2.23606797749979
58, 13, 274, 335, 274, 336, 0, -1, -1.5707963267948966, 1.0
58, 14, 296, 331, 296, 332, 0, -1, -1.5707963267948966, 1.0
58, 15, 1045, 405, 1042, 403, 3, 2, 0.5880026035475675, 3.605551275463989
58, 16, 172, 505, 173, 502, -1, 3, 1.892546881191539, 3.1622776601683795
58, 17, 617, 15, 617, 15, 0, 0, 0.0, 0.0
58, 18, 925, 32, 926, 32, -1, 0, 3.141592653589793, 1.0
58, 19, 725, 631, 728, 635, -3, -4, -2.214297435588181, 5.0
58, 20, 1260, 138, 1260, 138, 0, 0, 0.0, 0.0
58, 21, 1202, 186, 1201, 185, 1, 1, 0.7853981633974483, 1.4142135623730951
58, 22, 833, 37, 835, 38, -2, -1, -2.677945044588987, 2.23606797749979
58, 23, 483, 279, 483, 283, 0, -4, -1.5707963267948966, 4.0
58, 24, 1186, 331, 1189, 336, -3, -5, -2.1112158270654806, 5.830951894845301
58, 25, 707, 634, 709, 638, -2, -4, -2.0344439357957027, 4.47213595499958
58, 26, 468, 283, 468, 286, 0, -3, -1.5707963267948966, 3.0
58, 27, 401, 264, 401, 263, 0, 1, 1.5707963267948966, 1.0
58, 28, 493, 82, 492, 86, 1, -4, -1.3258176636680326, 4.123105625617661
58, 29, 751, 88, 752, 86, -1, 2, 2.0344439357957027, 2.23606797749979
58, 30, 749, 506, 751, 510, -2, -4, -2.0344439357957027, 4.47213595499958
58, 31, 334, 363, 334, 364, 0, -1, -1.5707963267948966, 1.0
58, 32, 721, 476, 722, 479, -1, -3, -1.892546881191539, 3.1622776601683795
58, 33, 483, 84, 482, 88, 1, -4, -1.3258176636680326, 4.123105625617661
58, 34, 1128, 29, 1127, 28, 1, 1, 0.7853981633974483, 1.4142135623730951
58, 35, 510, 187, 512, 190, -2, -3, -2.158798930342464, 3.605551275463989
58, 36, 1173, 318, 1175, 323, -2, -5, -1.9513027039072615, 5.385164807134504
58, 37, 486, 72, 485, 76, 1, -4, -1.3258176636680326, 4.123105625617661
58, 38, 635, 45, 635, 47, 0, -2, -1.5707963267948966, 2.0
58, 39, 575, 107, 575, 108, 0, -1, -1.5707963267948966, 1.0
58, 40, 1087, 374, 1084, 372, 3, 2, 0.5880026035475675, 3.605551275463989
58, 41, 484, 159, 485, 163, -1, -4, -1.8157749899217608, 4.123105625617661
58, 42, 757, 95, 758, 93, -1, 2, 2.0344439357957027, 2.23606797749979
58, 43, 817, 510, 821, 509, -4, 1, 2.896613990462929, 4.123105625617661
58, 44, 103, 607, 101, 606, 2, 1, 0.4636476090008061, 2.23606797749979
58, 45, 646, 18, 645, 20, 1, -2, -1.1071487177940904, 2.23606797749979
58, 46, 813, 499, 818, 498, -5, 1, 2.9441970937399127, 5.0990195135927845
58, 47, 762, 496, 764, 500, -2, -4, -2.0344439357957027, 4.47213595499958
58, 48, 751, 449, 752, 454, -1, -5, -1.7681918866447774, 5.0990195135927845
58, 49, 688, 133, 688, 130, 0, 3, 1.5707963267948966, 3.0
58, 50, 309, 337, 309, 338, 0, -1, -1.5707963267948966, 1.0
58, 51, 319, 402, 319, 403, 0, -1, -1.5707963267948966, 1.0
58, 52, 718, 688, 719, 692, -1, -4, -1.8157749899217608, 4.123105625617661
58, 53, 484, 379, 484, 380, 0, -1, -1.5707963267948966, 1.0
58, 54, 800, 29, 801, 32, -1, -3, -1.892546881191539, 3.1622776601683795
58, 55, 37, 47, 33, 48, 4, -1, -0.24497866312686414, 4.123105625617661
58, 56, 1098, 521, 1095, 524, 3, -3, -0.7853981633974483, 4.242640687119285
58, 57, 898, 14, 899, 14, -1, 0, 3.141592653589793, 1.0
58, 58, 796, 506, 801, 505, -5, 1, 2.9441970937399127, 5.0990195135927845
58, 59, 814, 67, 815, 70, -1, -3, -1.892546881191539, 3.1622776601683795
58, 60, 533, 219, 533, 223, 0, -4, -1.5707963267948966, 4.0
58, 61, 538, 77, 538, 78, 0, -1, -1.5707963267948966, 1.0
58, 62, 131, 444, 133, 441, -2, 3, 2.158798930342464, 3.605551275463989
58, 63, 255, 399, 255, 400, 0, -1, -1.5707963267948966, 1.0
58, 64, 1165, 52, 1164, 52, 1, 0, 0.0, 1.0
58, 65, 1196, 160, 1196, 159, 0, 1, 1.5707963267948966, 1.0
58, 66, 758, 488, 760, 491, -2, -3, -2.158798930342464, 3.605551275463989
58, 67, 1058, 422, 1057, 419, 1, 3, 1.2490457723982544, 3.1622776601683795
58, 68, 630, 190, 631, 189, -1, 1, 2.356194490192345, 1.4142135623730951
58, 69, 303, 333, 303, 334, 0, -1, -1.5707963267948966, 1.0
58, 70, 675, 198, 675, 195, 0, 3, 1.5707963267948966, 3.0
58, 71, 695, 147, 695, 144, 0, 3, 1.5707963267948966, 3.0
58, 72, 431, 307, 432, 304, -1, 3, 1.892546881191539, 3.1622776601683795
58, 73, 743, 158, 743, 157, 0, 1, 1.5707963267948966, 1.0
58, 74, 614, 232, 615, 229, -1, 3, 1.892546881191539, 3.1622776601683795
58, 75, 780, 276, 780, 279, 0, -3, -1.5707963267948966, 3.0
58, 76, 789, 549, 792, 548, -3, 1, 2.819842099193151, 3.1622776601683795
58, 77, 1173, 335, 1175, 339, -2, -4, -2.0344439357957027, 4.47213595499958
58, 78, 1184, 219, 1182, 218, 2, 1, 0.4636476090008061, 2.23606797749979
58, 79, 596, 80, 596, 81, 0, -1, -1.5707963267948966, 1.0
58, 80, 654, 19, 653, 21, 1, -2, -1.1071487177940904, 2.23606797749979
58, 81, 591, 118, 591, 119, 0, -1, -1.5707963267948966, 1.0
58, 82, 577, 58, 577, 59, 0, -1, -1.5707963267948966, 1.0
58, 83, 131, 501, 135, 499, -4, 2, 2.677945044588987, 4.47213595499958
58, 84, 162, 543, 163, 543, -1, 0, 3.141592653589793, 1.0
58, 85, 1166, 59, 1165, 59, 1, 0, 0.0, 1.0
58, 86, 1040, 440, 1038, 436, 2, 4, 1.1071487177940904, 4.47213595499958
58, 87, 639, 22, 638, 24, 1, -2, -1.1071487177940904, 2.23606797749979
58, 88, 505, 224, 506, 227, -1, -3, -1.892546881191539, 3.1622776601683795
58, 89, 1095, 41, 1094, 41, 1, 0, 0.0, 1.0
58, 90, 1061, 473, 1061, 472, 0, 1, 1.5707963267948966, 1.0
58, 91, 1050, 509, 1048, 505, 2, 4, 1.1071487177940904, 4.47213595499958
58, 92, 391, 197, 391, 195, 0, 2, 1.5707963267948966, 2.0
58, 93, 1157, 366, 1160, 370, -3, -4, -2.214297435588181, 5.0
58, 94, 629, 283, 629, 283, 0, 0, 0.0, 0.0
58, 95, 938, 111, 938, 112, 0, -1, -1.5707963267948966, 1.0
58, 96, 1169, 203, 1169, 203, 0, 0, 0.0, 0.0
58, 97, 813, 35, 814, 37, -1, -2, -2.0344439357957027, 2.23606797749979
58, 98, 64, 82, 63, 83, 1, -1, -0.7853981633974483, 1.4142135623730951
58, 99, 753, 149, 753, 149, 0, 0, 0.0, 0.0
58, 100, 810, 276, 810, 280, 0, -4, -1.5707963267948966, 4.0
58, 101, 639, 264, 640, 263, -1, 1, 2.356194490192345, 1.4142135623730951
58, 102, 326, 24, 323, 26, 3, -2, -0.5880026035475675, 3.605551275463989
58, 103, 81, 141, 81, 142, 0, -1, -1.5707963267948966, 1.0
58, 104, 1215, 228, 1213, 226, 2, 2, 0.7853981633974483, 2.8284271247461903
58, 105, 126, 678, 126, 678, 0, 0, 0.0, 0.0
58, 106, 544, 37, 544, 38, 0, -1, -1.5707963267948966, 1.0
58, 107, 586, 42, 586, 43, 0, -1, -1.5707963267948966, 1.0
58, 108, 331, 377, 331, 378, 0, -1, -1.5707963267948966, 1.0
58, 109, 332, 417, 332, 418, 0, -1, -1.5707963267948966, 1.0
58, 110, 553, 113, 553, 114, 0, -1, -1.5707963267948966, 1.0
58, 111, 311, 29, 311, 30, 0, -1, -1.5707963267948966, 1.0
58, 112, 746, 93, 747, 91, -1, 2, 2.0344439357957027, 2.23606797749979
58, 113, 771, 65, 771, 67, 0, -2, -1.5707963267948966, 2.0
58, 114, 265, 401, 265, 402, 0, -1, -1.5707963267948966, 1.0
58, 115, 156, 640, 153, 638, 3, 2, 0.5880026035475675, 3.605551275463989
58, 116, 1161, 91, 1159, 91, 2, 0, 0.0, 2.0
58, 117, 1090, 97, 1089, 97, 1, 0, 0.0, 1.0
58, 118, 913, 48, 914, 48, -1, 0, 3.141592653589793, 1.0
58, 119, 133, 436, 135, 432, -2, 4, 2.0344439357957027, 4.47213595499958
58, 120, 39, 92, 38, 93, 1, -1, -0.7853981633974483, 1.4142135623730951
58, 121, 327, 351, 327, 352, 0, -1, -1.5707963267948966, 1.0
58, 122, 256, 360, 256, 361, 0, -1, -1.5707963267948966, 1.0
58, 123, 395, 309, 395, 308, 0, 1, 1.5707963267948966, 1.0
58, 124, 274, 13, 272, 15, 2, -2, -0.7853981633974483, 2.8284271247461903
58, 125, 1106, 32, 1105, 32, 1, 0, 0.0, 1.0
58, 126, 805, 282, 805, 285, 0, -3, -1.5707963267948966, 3.0
58, 127, 477, 269, 477, 272, 0, -3, -1.5707963267948966, 3.0
58, 128, 388, 225, 388, 223, 0, 2, 1.5707963267948966, 2.0
58, 129, 510, 198, 511, 201, -1, -3, -1.892546881191539, 3.1622776601683795
58, 130, 1193, 273, 1193, 274, 0, -1, -1.5707963267948966, 1.0
58, 131, 514, 272, 515, 275, -1, -3, -1.892546881191539, 3.1622776601683795
58, 132, 681, 229, 680, 228, 1, 1, 0.7853981633974483, 1.4142135623730951
58, 133, 919, 27, 921, 27, -2, 0, 3.141592653589793, 2.0
58, 134, 1240, 213, 1238, 210, 2, 3, 0.982793723247329, 3.605551275463989
58, 135, 638, 35, 637, 37, 1, -2, -1.1071487177940904, 2.23606797749979
58, 136, 1157, 416, 1157, 417, 0, -1, -1.5707963267948966, 1.0
58, 137, 1107, 488, 1105, 485, 2, 3, 0.982793723247329, 3.605551275463989
58, 138, 36, 56, 32, 57, 4, -1, -0.24497866312686414, 4.123105625617661
58, 139, 168, 15, 169, 15, -1, 0, 3.141592653589793, 1.0
58, 140, 57, 104, 57, 105, 0, -1, -1.5707963267948966, 1.0
58, 141, 158, 697, 158, 697, 0, 0, 0.0, 0.0
58, 142, 580, 113, 580, 114, 0, -1, -1.5707963267948966, 1.0
58, 143, 542, 44, 542, 45, 0, -1, -1.5707963267948966, 1.0
58, 144, 686, 218, 685, 218, 1, 0, 0.0, 1.0
58, 145, 78, 155, 78, 156, 0, -1, -1.5707963267948966, 1.0
58, 146, 35, 86, 33, 87, 2, -1, -0.4636476090008061, 2.23606797749979
58, 147, 87, 154, 87, 155, 0, -1, -1.5707963267948966, 1.0
58, 148, 926, 41, 927, 41, -1, 0, 3.141592653589793, 1.0
58, 149, 933, 105, 933, 106, 0, -1, -1.5707963267948966, 1.0
58, 150, 266, 418, 266, 419, 0, -1, -1.5707963267948966, 1.0
58, 151, 791, 233, 791, 235, 0, -2, -1.5707963267948966, 2.0
58, 152, 1261, 162, 1267, 161, -6, 1, 2.976443976175166, 6.082762530298219
58, 153, 618, 90, 619, 90, -1, 0, 3.141592653589793, 1.0
58, 154, 521, 195, 522, 198, -1, -3, -1.892546881191539, 3.1622776601683795
58, 155, 1102, 72, 1101, 72, 1, 0, 0.0, 1.0
58, 156, 476, 101, 476, 104, 0, -3, -1.5707963267948966, 3.0
58, 157, 1172, 413, 1175, 415, -3, -2, -2.5535900500422257, 3.605551275463989
58, 158, 1174, 431, 1178, 436, -4, -5, -2.2455372690184494, 6.4031242374328485
58, 159, 47, 110, 47, 111, 0, -1, -1.5707963267948966, 1.0
58, 160, 97, 615, 94, 614, 3, 1, 0.3217505543966422, 3.1622776601683795
58, 161, 1165, 82, 1164, 82, 1, 0, 0.0, 1.0
58, 162, 1150, 135, 1150, 136, 0, -1, -1.5707963267948966, 1.0
58, 163, 1193, 116, 1193, 115, 0, 1, 1.5707963267948966, 1.0
58, 164, 682, 140, 682, 137, 0, 3, 1.5707963267948966, 3.0
58, 165, 925, 106, 925, 107, 0, -1, -1.5707963267948966, 1.0
58, 166, 415, 264, 415, 263, 0, 1, 1.5707963267948966, 1.0
58, 167, 798, 98, 799, 100, -1, -2, -2.0344439357957027, 2.23606797749979
58, 168, 82, 112, 82, 113, 0, -1, -1.5707963267948966, 1.0
58, 169, 1111, 91, 1110, 92, 1, -1, -0.7853981633974483, 1.4142135623730951
58, 170, 875, 31, 876, 33, -1, -2, -2.0344439357957027, 2.23606797749979
58, 171, 36, 78, 33, 79, 3, -1, -0.3217505543966422, 3.1622776601683795
58, 172, 611, 49, 612, 49, -1, 0, 3.141592653589793, 1.0
58, 173, 809, 593, 811, 593, -2, 0, 3.141592653589793, 2.0
58, 174, 659, 26, 658, 27, 1, -1, -0.7853981633974483, 1.4142135623730951
58, 175, 1056, 370, 1054, 367, 2, 3, 0.982793723247329, 3.605551275463989
58, 176, 1043, 420, 1040, 416, 3, 4, 0.9272952180016122, 5.0
58, 177, 1173, 226, 1171, 225, 2, 1, 0.4636476090008061, 2.23606797749979
58, 178, 1059, 462, 1059, 462, 0, 0, 0.0, 0.0
58, 179, 899, 24, 901, 24, -2, 0, 3.141592653589793, 2.0
58, 180, 266, 42, 265, 43, 1, -1, -0.7853981633974483, 1.4142135623730951
58, 181, 853, 71, 853, 72, 0, -1, -1.5707963267948966, 1.0
58, 182, 721, 610, 724, 616, -3, -6, -2.0344439357957027, 6.708203932499369
58, 183, 1046, 434, 1044, 430, 2, 4, 1.1071487177940904, 4.47213595499958
58, 184, 171, 542, 173, 539, -2, 3, 2.158798930342464, 3.605551275463989
58, 185, 411, 333, 411, 330, 0, 3, 1.5707963267948966, 3.0
58, 186, 498, 109, 498, 113, 0, -4, -1.5707963267948966, 4.0
58, 187, 422, 346, 422, 345, 0, 1, 1.5707963267948966, 1.0
58, 188, 1261, 184, 1259, 181, 2, 3, 0.982793723247329, 3.605551275463989
58, 189, 1072, 482, 1071, 480, 1, 2, 1.1071487177940904, 2.23606797749979
58, 190, 280, 322, 280, 323, 0, -1, -1.5707963267948966, 1.0
58, 191, 1214, 178, 1212, 177, 2, 1, 0.4636476090008061, 2.23606797749979
58, 192, 511, 11, 511, 12, 0, -1, -1.5707963267948966, 1.0
58, 193, 641, 85, 641, 86, 0, -1, -1.5707963267948966, 1.0
58, 194, 246, 337, 246, 338, 0, -1, -1.5707963267948966, 1.0
58, 195, 1056, 513, 1054, 509, 2, 4, 1.1071487177940904, 4.47213595499958
58, 196, 823, 576, 824, 576, -1, 0, 3.141592653589793, 1.0
58, 197, 664, 21, 663, 22, 1, -1, -0.7853981633974483, 1.4142135623730951
58, 198, 739, 111, 740, 109, -1, 2, 2.0344439357957027, 2.23606797749979
58, 199, 1252, 223, 1250, 222, 2, 1, 0.4636476090008061, 2.23606797749979
58, 200, 1075, 543, 1073, 540, 2, 3, 0.982793723247329, 3.605551275463989
58, 201, 1216, 190, 1214, 189, 2, 1, 0.4636476090008061, 2.23606797749979
58, 202, 1235, 243, 1235, 244, 0, -1, -1.5707963267948966, 1.0
59, 0, 279, 329, 279, 330, 0, -1, -1.5707963267948966, 1.0
59, 1, 1164, 387, 1166, 389, -2, -2, -2.356194490192345, 2.8284271247461903
59, 2, 807, 26, 808, 28, -1, -2, -2.0344439357957027, 2.23606797749979
59, 3, 814, 50, 815, 52, -1, -2, -2.0344439357957027, 2.23606797749979
59, 4, 792, 80, 792, 82, 0, -2, -1.5707963267948966, 2.0
59, 5, 800, 18, 801, 21, -1, -3, -1.892546881191539, 3.1622776601683795
59, 6, 595, 51, 595, 52, 0, -1, -1.5707963267948966, 1.0
59, 7, 1131, 64, 1130, 64, 1, 0, 0.0, 1.0
59, 8, 786, 39, 787, 42, -1, -3, -1.892546881191539, 3.1622776601683795
59, 9, 1188, 357, 1191, 361, -3, -4, -2.214297435588181, 5.0
59, 10, 647, 9, 647, 10, 0, -1, -1.5707963267948966, 1.0
59, 11, 274, 334, 274, 335, 0, -1, -1.5707963267948966, 1.0
59, 12, 296, 330, 296, 331, 0, -1, -1.5707963267948966, 1.0
59, 13, 1048, 407, 1045, 405, 3, 2, 0.5880026035475675, 3.605551275463989
59, 14, 171, 509, 172, 505, -1, 4, 1.8157749899217608, 4.123105625617661
59, 15, 616, 16, 617, 15, -1, 1, 2.356194490192345, 1.4142135623730951
59, 16, 924, 32, 925, 32, -1, 0, 3.141592653589793, 1.0
59, 17, 722, 626, 725, 631, -3, -5, -2.1112158270654806, 5.830951894845301
59, 18, 1260, 139, 1260, 138, 0, 1, 1.5707963267948966, 1.0
59, 19, 1203, 187, 1202, 186, 1, 1, 0.7853981633974483, 1.4142135623730951
59, 20, 831, 36, 833, 37, -2, -1, -2.677945044588987, 2.23606797749979
59, 21, 483, 276, 483, 279, 0, -3, -1.5707963267948966, 3.0
59, 22, 1184, 326, 1186, 331, -2, -5, -1.9513027039072615, 5.385164807134504
59, 23, 705, 630, 707, 634, -2, -4, -2.0344439357957027, 4.47213595499958
59, 24, 468, 280, 468, 283, 0, -3, -1.5707963267948966, 3.0
59, 25, 401, 265, 401, 264, 0, 1, 1.5707963267948966, 1.0
59, 26, 493, 78, 493, 82, 0, -4, -1.5707963267948966, 4.0
59, 27, 750, 90, 751, 88, -1, 2, 2.0344439357957027, 2.23606797749979
59, 28, 747, 502, 749, 506, -2, -4, -2.0344439357957027, 4.47213595499958
59, 29, 334, 362, 334, 363, 0, -1, -1.5707963267948966, 1.0
59, 30, 720, 473, 721, 476, -1, -3, -1.892546881191539, 3.1622776601683795
59, 31, 483, 80, 483, 84, 0, -4, -1.5707963267948966, 4.0
59, 32, 1129, 29, 1128, 29, 1, 0, 0.0, 1.0
59, 33, 509, 184, 510, 187, -1, -3, -1.892546881191539, 3.1622776601683795
59, 34, 1171, 313, 1173, 318, -2, -5, -1.9513027039072615, 5.385164807134504
59, 35, 486, 68, 486, 72, 0, -4, -1.5707963267948966, 4.0
59, 36, 635, 43, 635, 45, 0, -2, -1.5707963267948966, 2.0
59, 37, 575, 106, 575, 107, 0, -1, -1.5707963267948966, 1.0
59, 38, 1089, 376, 1087, 374, 2, 2, 0.7853981633974483, 2.8284271247461903
59, 39, 483, 156, 484, 159, -1, -3, -1.892546881191539, 3.1622776601683795
59, 40, 756, 97, 757, 95, -1, 2, 2.0344439357957027, 2.23606797749979
59, 41, 813, 511, 817, 510, -4, 1, 2.896613990462929, 4.123105625617661
59, 42, 105, 608, 103, 607, 2, 1, 0.4636476090008061, 2.23606797749979
59, 43, 646, 15, 646, 18, 0, -3, -1.5707963267948966, 3.0
59, 44, 809, 500, 813, 499, -4, 1, 2.896613990462929, 4.123105625617661
59, 45, 760, 493, 762, 496, -2, -3, -2.158798930342464, 3.605551275463989
59, 46, 750, 444, 751, 449, -1, -5, -1.7681918866447774, 5.0990195135927845
59, 47, 688, 135, 688, 133, 0, 2, 1.5707963267948966, 2.0
59, 48, 309, 336, 309, 337, 0, -1, -1.5707963267948966, 1.0
59, 49, 319, 401, 319, 402, 0, -1, -1.5707963267948966, 1.0
59, 50, 716, 684, 718, 688, -2, -4, -2.0344439357957027, 4.47213595499958
59, 51, 484, 378, 484, 379, 0, -1, -1.5707963267948966, 1.0
59, 52, 799, 26, 800, 29, -1, -3, -1.892546881191539, 3.1622776601683795
59, 53, 41, 46, 37, 47, 4, -1, -0.24497866312686414, 4.123105625617661
59, 54, 1100, 521, 1098, 521, 2, 0, 0.0, 2.0
59, 55, 897, 14, 898, 14, -1, 0, 3.141592653589793, 1.0
59, 56, 791, 507, 796, 506, -5, 1, 2.9441970937399127, 5.0990195135927845
59, 57, 813, 64, 814, 67, -1, -3, -1.892546881191539, 3.1622776601683795
59, 58, 532, 216, 533, 219, -1, -3, -1.892546881191539, 3.1622776601683795
59, 59, 538, 76, 538, 77, 0, -1, -1.5707963267948966, 1.0
59, 60, 130, 447, 131, 444, -1, 3, 1.892546881191539, 3.1622776601683795
59, 61, 255, 398, 255, 399, 0, -1, -1.5707963267948966, 1.0
59, 62, 1166, 52, 1165, 52, 1, 0, 0.0, 1.0
59, 63, 1196, 162, 1196, 160, 0, 2, 1.5707963267948966, 2.0
59, 64, 756, 485, 758, 488, -2, -3, -2.158798930342464, 3.605551275463989
59, 65, 1059, 426, 1058, 422, 1, 4, 1.3258176636680326, 4.123105625617661
59, 66, 629, 191, 630, 190, -1, 1, 2.356194490192345, 1.4142135623730951
59, 67, 303, 332, 303, 333, 0, -1, -1.5707963267948966, 1.0
59, 68, 676, 202, 675, 198, 1, 4, 1.3258176636680326, 4.123105625617661
59, 69, 695, 150, 695, 147, 0, 3, 1.5707963267948966, 3.0
59, 70, 430, 311, 431, 307, -1, 4, 1.8157749899217608, 4.123105625617661
59, 71, 743, 160, 743, 158, 0, 2, 1.5707963267948966, 2.0
59, 72, 613, 235, 614, 232, -1, 3, 1.892546881191539, 3.1622776601683795
59, 73, 781, 274, 780, 276, 1, -2, -1.1071487177940904, 2.23606797749979
59, 74, 785, 550, 789, 549, -4, 1, 2.896613990462929, 4.123105625617661
59, 75, 1171, 331, 1173, 335, -2, -4, -2.0344439357957027, 4.47213595499958
59, 76, 1186, 220, 1184, 219, 2, 1, 0.4636476090008061, 2.23606797749979
59, 77, 596, 79, 596, 80, 0, -1, -1.5707963267948966, 1.0
59, 78, 655, 17, 654, 19, 1, -2, -1.1071487177940904, 2.23606797749979
59, 79, 591, 117, 591, 118, 0, -1, -1.5707963267948966, 1.0
59, 80, 577, 57, 577, 58, 0, -1, -1.5707963267948966, 1.0
59, 81, 127, 504, 131, 501, -4, 3, 2.498091544796509, 5.0
59, 82, 160, 544, 162, 543, -2, 1, 2.677945044588987, 2.23606797749979
59, 83, 1167, 59, 1166, 59, 1, 0, 0.0, 1.0
59, 84, 1042, 445, 1040, 440, 2, 5, 1.1902899496825317, 5.385164807134504
59, 85, 639, 20, 639, 22, 0, -2, -1.5707963267948966, 2.0
59, 86, 504, 222, 505, 224, -1, -2, -2.0344439357957027, 2.23606797749979
59, 87, 1096, 41, 1095, 41, 1, 0, 0.0, 1.0
59, 88, 1061, 473, 1061, 473, 0, 0, 0.0, 0.0
59, 89, 1052, 513, 1050, 509, 2, 4, 1.1071487177940904, 4.47213595499958
59, 90, 391, 199, 391, 197, 0, 2, 1.5707963267948966, 2.0
59, 91, 1154, 362, 1157, 366, -3, -4, -2.214297435588181, 5.0
59, 92, 629, 282, 629, 283, 0, -1, -1.5707963267948966, 1.0
59, 93, 938, 110, 938, 111, 0, -1, -1.5707963267948966, 1.0
59, 94, 1168, 203, 1169, 203, -1, 0, 3.141592653589793, 1.0
59, 95, 812, 33, 813, 35, -1, -2, -2.0344439357957027, 2.23606797749979
59, 96, 64, 80, 64, 82, 0, -2, -1.5707963267948966, 2.0
59, 97, 753, 149, 753, 149, 0, 0, 0.0, 0.0
59, 98, 810, 273, 810, 276, 0, -3, -1.5707963267948966, 3.0
59, 99, 639, 267, 639, 264, 0, 3, 1.5707963267948966, 3.0
59, 100, 328, 20, 326, 24, 2, -4, -1.1071487177940904, 4.47213595499958
59, 101, 81, 140, 81, 141, 0, -1, -1.5707963267948966, 1.0
59, 102, 1217, 230, 1215, 228, 2, 2, 0.7853981633974483, 2.8284271247461903
59, 103, 126, 680, 126, 678, 0, 2, 1.5707963267948966, 2.0
59, 104, 544, 36, 544, 37, 0, -1, -1.5707963267948966, 1.0
59, 105, 586, 42, 586, 42, 0, 0, 0.0, 0.0
59, 106, 331, 376, 331, 377, 0, -1, -1.5707963267948966, 1.0
59, 107, 332, 416, 332, 417, 0, -1, -1.5707963267948966, 1.0
59, 108, 553, 112, 553, 113, 0, -1, -1.5707963267948966, 1.0
59, 109, 311, 28, 311, 29, 0, -1, -1.5707963267948966, 1.0
59, 110, 745, 95, 746, 93, -1, 2, 2.0344439357957027, 2.23606797749979
59, 111, 770, 63, 771, 65, -1, -2, -2.0344439357957027, 2.23606797749979
59, 112, 265, 400, 265, 401, 0, -1, -1.5707963267948966, 1.0
59, 113, 159, 642, 156, 640, 3, 2, 0.5880026035475675, 3.605551275463989
59, 114, 1162, 91, 1161, 91, 1, 0, 0.0, 1.0
59, 115, 1090, 97, 1090, 97, 0, 0, 0.0, 0.0
59, 116, 911, 48, 913, 48, -2, 0, 3.141592653589793, 2.0
59, 117, 131, 439, 133, 436, -2, 3, 2.158798930342464, 3.605551275463989
59, 118, 41, 92, 39, 92, 2, 0, 0.0, 2.0
59, 119, 327, 350, 327, 351, 0, -1, -1.5707963267948966, 1.0
59, 120, 395, 311, 395, 309, 0, 2, 1.5707963267948966, 2.0
59, 121, 277, 10, 274, 13, 3, -3, -0.7853981633974483, 4.242640687119285
59, 122, 1107, 32, 1106, 32, 1, 0, 0.0, 1.0
59, 123, 805, 279, 805, 282, 0, -3, -1.5707963267948966, 3.0
59, 124, 477, 266, 477, 269, 0, -3, -1.5707963267948966, 3.0
59, 125, 388, 227, 388, 225, 0, 2, 1.5707963267948966, 2.0
59, 126, 509, 196, 510, 198, -1, -2, -2.0344439357957027, 2.23606797749979
59, 127, 1193, 272, 1193, 273, 0, -1, -1.5707963267948966, 1.0
59, 128, 513, 269, 514, 272, -1, -3, -1.892546881191539, 3.1622776601683795
59, 129, 683, 230, 681, 229, 2, 1, 0.4636476090008061, 2.23606797749979
59, 130, 917, 27, 919, 27, -2, 0, 3.141592653589793, 2.0
59, 131, 1242, 216, 1240, 213, 2, 3, 0.982793723247329, 3.605551275463989
59, 132, 638, 33, 638, 35, 0, -2, -1.5707963267948966, 2.0
59, 133, 1108, 491, 1107, 488, 1, 3, 1.2490457723982544, 3.1622776601683795
59, 134, 40, 55, 36, 56, 4, -1, -0.24497866312686414, 4.123105625617661
59, 135, 167, 15, 168, 15, -1, 0, 3.141592653589793, 1.0
59, 136, 58, 103, 57, 104, 1, -1, -0.7853981633974483, 1.4142135623730951
59, 137, 158, 696, 158, 697, 0, -1, -1.5707963267948966, 1.0
59, 138, 580, 112, 580, 113, 0, -1, -1.5707963267948966, 1.0
59, 139, 542, 43, 542, 44, 0, -1, -1.5707963267948966, 1.0
59, 140, 687, 217, 686, 218, 1, -1, -0.7853981633974483, 1.4142135623730951
59, 141, 78, 154, 78, 155, 0, -1, -1.5707963267948966, 1.0
59, 142, 37, 85, 35, 86, 2, -1, -0.4636476090008061, 2.23606797749979
59, 143, 87, 153, 87, 154, 0, -1, -1.5707963267948966, 1.0
59, 144, 925, 41, 926, 41, -1, 0, 3.141592653589793, 1.0
59, 145, 933, 104, 933, 105, 0, -1, -1.5707963267948966, 1.0
59, 146, 266, 417, 266, 418, 0, -1, -1.5707963267948966, 1.0
59, 147, 791, 231, 791, 233, 0, -2, -1.5707963267948966, 2.0
59, 148, 1260, 163, 1261, 162, -1, 1, 2.356194490192345, 1.4142135623730951
59, 149, 618, 90, 618, 90, 0, 0, 0.0, 0.0
59, 150, 520, 192, 521, 195, -1, -3, -1.892546881191539, 3.1622776601683795
59, 151, 1103, 72, 1102, 72, 1, 0, 0.0, 1.0
59, 152, 475, 98, 476, 101, -1, -3, -1.892546881191539, 3.1622776601683795
59, 153, 1169, 413, 1172, 413, -3, 0, 3.141592653589793, 3.0
59, 154, 1170, 426, 1174, 431, -4, -5, -2.2455372690184494, 6.4031242374328485
59, 155, 47, 109, 47, 110, 0, -1, -1.5707963267948966, 1.0
59, 156, 99, 616, 97, 615, 2, 1, 0.4636476090008061, 2.23606797749979
59, 157, 1166, 82, 1165, 82, 1, 0, 0.0, 1.0
59, 158, 1150, 134, 1150, 135, 0, -1, -1.5707963267948966, 1.0
59, 159, 1193, 117, 1193, 116, 0, 1, 1.5707963267948966, 1.0
59, 160, 682, 142, 682, 140, 0, 2, 1.5707963267948966, 2.0
59, 161, 925, 105, 925, 106, 0, -1, -1.5707963267948966, 1.0
59, 162, 415, 265, 415, 264, 0, 1, 1.5707963267948966, 1.0
59, 163, 798, 96, 798, 98, 0, -2, -1.5707963267948966, 2.0
59, 164, 82, 111, 82, 112, 0, -1, -1.5707963267948966, 1.0
59, 165, 1112, 90, 1111, 91, 1, -1, -0.7853981633974483, 1.4142135623730951
59, 166, 873, 29, 875, 31, -2, -2, -2.356194490192345, 2.8284271247461903
59, 167, 39, 77, 36, 78, 3, -1, -0.3217505543966422, 3.1622776601683795
59, 168, 610, 49, 611, 49, -1, 0, 3.141592653589793, 1.0
59, 169, 805, 593, 809, 593, -4, 0, 3.141592653589793, 4.0
59, 170, 660, 24, 659, 26, 1, -2, -1.1071487177940904, 2.23606797749979
59, 171, 1058, 373, 1056, 370, 2, 3, 0.982793723247329, 3.605551275463989
59, 172, 1046, 423, 1043, 420, 3, 3, 0.7853981633974483, 4.242640687119285
59, 173, 1175, 227, 1173, 226, 2, 1, 0.4636476090008061, 2.23606797749979
59, 174, 898, 24, 899, 24, -1, 0, 3.141592653589793, 1.0
59, 175, 853, 70, 853, 71, 0, -1, -1.5707963267948966, 1.0
59, 176, 718, 605, 721, 610, -3, -5, -2.1112158270654806, 5.830951894845301
59, 177, 1048, 437, 1046, 434, 2, 3, 0.982793723247329, 3.605551275463989
59, 178, 169, 544, 171, 542, -2, 2, 2.356194490192345, 2.8284271247461903
59, 179, 411, 335, 411, 333, 0, 2, 1.5707963267948966, 2.0
59, 180, 498, 106, 498, 109, 0, -3, -1.5707963267948966, 3.0
59, 181, 422, 346, 422, 346, 0, 0, 0.0, 0.0
59, 182, 1261, 186, 1261, 184, 0, 2, 1.5707963267948966, 2.0
59, 183, 1074, 484, 1072, 482, 2, 2, 0.7853981633974483, 2.8284271247461903
59, 184, 280, 321, 280, 322, 0, -1, -1.5707963267948966, 1.0
59, 185, 1216, 179, 1214, 178, 2, 1, 0.4636476090008061, 2.23606797749979
59, 186, 511, 9, 511, 11, 0, -2, -1.5707963267948966, 2.0
59, 187, 641, 84, 641, 85, 0, -1, -1.5707963267948966, 1.0
59, 188, 246, 336, 246, 337, 0, -1, -1.5707963267948966, 1.0
59, 189, 1057, 517, 1056, 513, 1, 4, 1.3258176636680326, 4.123105625617661
59, 190, 821, 576, 823, 576, -2, 0, 3.141592653589793, 2.0
59, 191, 665, 20, 664, 21, 1, -1, -0.7853981633974483, 1.4142135623730951
59, 192, 738, 113, 739, 111, -1, 2, 2.0344439357957027, 2.23606797749979
59, 193, 1254, 225, 1252, 223, 2, 2, 0.7853981633974483, 2.8284271247461903
59, 194, 1076, 546, 1075, 543, 1, 3, 1.2490457723982544, 3.1622776601683795
59, 195, 1218, 191, 1216, 190, 2, 1, 0.4636476090008061, 2.23606797749979
59, 196, 1235, 243, 1235, 243, 0, 0, 0.0, 0.0
60, 0, 279, 330, 279, 331, 0, -1, -1.5707963267948966, 1.0
60, 1, 1131, 65, 1131, 65, 0, 0, 0.0, 0.0
60, 2, 253, 350, 253, 351, 0, -1, -1.5707963267948966, 1.0
60, 3, 815, 50, 816, 52, -1, -2, -2.0344439357957027, 2.23606797749979
60, 4, 808, 27, 809, 29, -1, -2, -2.0344439357957027, 2.23606797749979
60, 5, 1049, 411, 1046, 408, 3, 3, 0.7853981633974483, 4.242640687119285
60, 6, 259, 384, 259, 385, 0, -1, -1.5707963267948966, 1.0
60, 7, 649, 9, 648, 10, 1, -1, -0.7853981633974483, 1.4142135623730951
60, 8, 595, 51, 595, 52, 0, -1, -1.5707963267948966, 1.0
60, 9, 1204, 187, 1203, 186, 1, 1, 0.7853981633974483, 1.4142135623730951
60, 10, 800, 20, 801, 22, -1, -2, -2.0344439357957027, 2.23606797749979
60, 11, 722, 624, 725, 629, -3, -5, -2.1112158270654806, 5.830951894845301
60, 12, 924, 33, 925, 33, -1, 0, 3.141592653589793, 1.0
60, 13, 1261, 139, 1261, 139, 0, 0, 0.0, 0.0
60, 14, 793, 79, 793, 82, 0, -3, -1.5707963267948966, 3.0
60, 15, 1188, 356, 1191, 361, -3, -5, -2.1112158270654806, 5.830951894845301
60, 16, 296, 331, 296, 332, 0, -1, -1.5707963267948966, 1.0
60, 17, 131, 449, 131, 446, 0, 3, 1.5707963267948966, 3.0
60, 18, 615, 17, 616, 16, -1, 1, 2.356194490192345, 1.4142135623730951
60, 19, 754, 90, 755, 89, -1, 1, 2.356194490192345, 1.4142135623730951
60, 20, 751, 443, 752, 448, -1, -5, -1.7681918866447774, 5.0990195135927845
60, 21, 174, 506, 174, 502, 0, 4, 1.5707963267948966, 4.0
60, 22, 260, 350, 260, 351, 0, -1, -1.5707963267948966, 1.0
60, 23, 273, 335, 273, 336, 0, -1, -1.5707963267948966, 1.0
60, 24, 795, 590, 799, 590, -4, 0, 3.141592653589793, 4.0
60, 25, 705, 628, 706, 632, -1, -4, -1.8157749899217608, 4.123105625617661
60, 26, 717, 472, 719, 475, -2, -3, -2.158798930342464, 3.605551275463989
60, 27, 831, 37, 833, 38, -2, -1, -2.677945044588987, 2.23606797749979
60, 28, 259, 370, 259, 371, 0, -1, -1.5707963267948966, 1.0
60, 29, 482, 80, 482, 84, 0, -4, -1.5707963267948966, 4.0
60, 30, 493, 80, 493, 84, 0, -4, -1.5707963267948966, 4.0
60, 31, 812, 67, 813, 69, -1, -2, -2.0344439357957027, 2.23606797749979
60, 32, 510, 184, 511, 187, -1, -3, -1.892546881191539, 3.1622776601683795
60, 33, 486, 69, 486, 73, 0, -4, -1.5707963267948966, 4.0
60, 34, 309, 337, 309, 338, 0, -1, -1.5707963267948966, 1.0
60, 35, 334, 364, 334, 365, 0, -1, -1.5707963267948966, 1.0
60, 36, 332, 15, 330, 18, 2, -3, -0.982793723247329, 3.605551275463989
60, 37, 810, 502, 814, 500, -4, 2, 2.677945044588987, 4.47213595499958
60, 38, 687, 135, 688, 133, -1, 2, 2.0344439357957027, 2.23606797749979
60, 39, 812, 249, 812, 253, 0, -4, -1.5707963267948966, 4.0
60, 40, 911, 49, 913, 49, -2, 0, 3.141592653589793, 2.0
60, 41, 637, 44, 636, 46, 1, -2, -1.1071487177940904, 2.23606797749979
60, 42, 106, 609, 104, 608, 2, 1, 0.4636476090008061, 2.23606797749979
60, 43, 576, 106, 576, 107, 0, -1, -1.5707963267948966, 1.0
60, 44, 793, 508, 797, 507, -4, 1, 2.896613990462929, 4.123105625617661
60, 45, 647, 15, 646, 18, 1, -3, -1.2490457723982544, 3.1622776601683795
60, 46, 483, 277, 483, 280, 0, -3, -1.5707963267948966, 3.0
60, 47, 1196, 163, 1197, 161, -1, 2, 2.0344439357957027, 2.23606797749979
60, 48, 800, 28, 801, 30, -1, -2, -2.0344439357957027, 2.23606797749979
60, 49, 1165, 389, 1167, 389, -2, 0, 3.141592653589793, 2.0
60, 50, 897, 15, 898, 15, -1, 0, 3.141592653589793, 1.0
60, 51, 1166, 53, 1165, 53, 1, 0, 0.0, 1.0
60, 52, 786, 40, 787, 43, -1, -3, -1.892546881191539, 3.1622776601683795
60, 53, 468, 279, 468, 283, 0, -4, -1.5707963267948966, 4.0
60, 54, 1129, 29, 1129, 29, 0, 0, 0.0, 0.0
60, 55, 625, 192, 626, 191, -1, 1, 2.356194490192345, 1.4142135623730951
60, 56, 532, 218, 533, 221, -1, -3, -1.892546881191539, 3.1622776601683795
60, 57, 1171, 313, 1173, 318, -2, -5, -1.9513027039072615, 5.385164807134504
60, 58, 1186, 220, 1185, 219, 1, 1, 0.7853981633974483, 1.4142135623730951
60, 59, 319, 402, 319, 403, 0, -1, -1.5707963267948966, 1.0
60, 60, 1090, 379, 1087, 376, 3, 3, 0.7853981633974483, 4.242640687119285
60, 61, 812, 511, 816, 510, -4, 1, 2.896613990462929, 4.123105625617661
60, 62, 1047, 429, 1044, 425, 3, 4, 0.9272952180016122, 5.0
60, 63, 129, 508, 132, 505, -3, 3, 2.356194490192345, 4.242640687119285
60, 64, 715, 681, 716, 685, -1, -4, -1.8157749899217608, 4.123105625617661
60, 65, 303, 333, 303, 334, 0, -1, -1.5707963267948966, 1.0
60, 66, 494, 147, 495, 149, -1, -2, -2.0344439357957027, 2.23606797749979
60, 67, 1156, 361, 1158, 365, -2, -4, -2.0344439357957027, 4.47213595499958
60, 68, 484, 378, 484, 380, 0, -2, -1.5707963267948966, 2.0
60, 69, 254, 399, 254, 400, 0, -1, -1.5707963267948966, 1.0
60, 70, 1172, 330, 1174, 334, -2, -4, -2.0344439357957027, 4.47213595499958
60, 71, 1096, 40, 1095, 40, 1, 0, 0.0, 1.0
60, 72, 787, 557, 791, 555, -4, 2, 2.677945044588987, 4.47213595499958
60, 73, 677, 202, 676, 199, 1, 3, 1.2490457723982544, 3.1622776601683795
60, 74, 656, 17, 655, 19, 1, -2, -1.1071487177940904, 2.23606797749979
60, 75, 266, 391, 266, 392, 0, -1, -1.5707963267948966, 1.0
60, 76, 538, 76, 538, 77, 0, -1, -1.5707963267948966, 1.0
60, 77, 695, 149, 695, 147, 0, 2, 1.5707963267948966, 2.0
60, 78, 811, 274, 811, 277, 0, -3, -1.5707963267948966, 3.0
60, 79, 429, 311, 430, 309, -1, 2, 2.0344439357957027, 2.23606797749979
60, 80, 401, 266, 401, 264, 0, 2, 1.5707963267948966, 2.0
60, 81, 781, 276, 781, 277, 0, -1, -1.5707963267948966, 1.0
60, 82, 1185, 327, 1187, 332, -2, -5, -1.9513027039072615, 5.385164807134504
60, 83, 505, 223, 506, 225, -1, -2, -2.0344439357957027, 2.23606797749979
60, 84, 760, 489, 762, 492, -2, -3, -2.158798930342464, 3.605551275463989
60, 85, 42, 48, 38, 48, 4, 0, 0.0, 4.0
60, 86, 1170, 204, 1170, 203, 0, 1, 1.5707963267948966, 1.0
60, 87, 1044, 451, 1042, 446, 2, 5, 1.1902899496825317, 5.385164807134504
60, 88, 54, 89, 52, 90, 2, -1, -0.4636476090008061, 2.23606797749979
60, 89, 596, 79, 596, 80, 0, -1, -1.5707963267948966, 1.0
60, 90, 169, 496, 169, 492, 0, 4, 1.5707963267948966, 4.0
60, 91, 938, 111, 938, 112, 0, -1, -1.5707963267948966, 1.0
60, 92, 641, 20, 640, 22, 1, -2, -1.1071487177940904, 2.23606797749979
60, 93, 81, 140, 81, 141, 0, -1, -1.5707963267948966, 1.0
60, 94, 391, 200, 391, 198, 0, 2, 1.5707963267948966, 2.0
60, 95, 629, 282, 629, 283, 0, -1, -1.5707963267948966, 1.0
60, 96, 42, 92, 40, 93, 2, -1, -0.4636476090008061, 2.23606797749979
60, 97, 1052, 516, 1050, 512, 2, 4, 1.1071487177940904, 4.47213595499958
60, 98, 545, 37, 545, 38, 0, -1, -1.5707963267948966, 1.0
60, 99, 1112, 91, 1111, 91, 1, 0, 0.0, 1.0
60, 100, 1107, 32, 1106, 32, 1, 0, 0.0, 1.0
60, 101, 591, 117, 591, 118, 0, -1, -1.5707963267948966, 1.0
60, 102, 578, 57, 578, 58, 0, -1, -1.5707963267948966, 1.0
60, 103, 745, 95, 746, 94, -1, 1, 2.356194490192345, 1.4142135623730951
60, 104, 1167, 60, 1166, 60, 1, 0, 0.0, 1.0
60, 105, 64, 80, 63, 82, 1, -2, -1.1071487177940904, 2.23606797749979
60, 106, 587, 42, 587, 43, 0, -1, -1.5707963267948966, 1.0
60, 107, 1061, 471, 1061, 472, 0, -1, -1.5707963267948966, 1.0
60, 108, 1218, 231, 1216, 230, 2, 1, 0.4636476090008061, 2.23606797749979
60, 109, 551, 109, 551, 110, 0, -1, -1.5707963267948966, 1.0
60, 110, 332, 417, 332, 418, 0, -1, -1.5707963267948966, 1.0
60, 111, 749, 499, 750, 503, -1, -4, -1.8157749899217608, 4.123105625617661
60, 112, 132, 440, 133, 437, -1, 3, 1.892546881191539, 3.1622776601683795
60, 113, 483, 156, 484, 159, -1, -3, -1.892546881191539, 3.1622776601683795
60, 114, 813, 33, 814, 35, -1, -2, -2.0344439357957027, 2.23606797749979
60, 115, 1161, 93, 1160, 93, 1, 0, 0.0, 1.0
60, 116, 331, 377, 331, 378, 0, -1, -1.5707963267948966, 1.0
60, 117, 934, 104, 934, 105, 0, -1, -1.5707963267948966, 1.0
60, 118, 477, 266, 477, 269, 0, -3, -1.5707963267948966, 3.0
60, 119, 41, 56, 37, 57, 4, -1, -0.24497866312686414, 4.123105625617661
60, 120, 1170, 418, 1175, 422, -5, -4, -2.4668517113662407, 6.4031242374328485
60, 121, 327, 351, 327, 352, 0, -1, -1.5707963267948966, 1.0
60, 122, 249, 416, 249, 417, 0, -1, -1.5707963267948966, 1.0
60, 123, 792, 231, 792, 233, 0, -2, -1.5707963267948966, 2.0
60, 124, 39, 86, 36, 87, 3, -1, -0.3217505543966422, 3.1622776601683795
60, 125, 265, 400, 265, 401, 0, -1, -1.5707963267948966, 1.0
60, 126, 41, 78, 37, 79, 4, -1, -0.24497866312686414, 4.123105625617661
60, 127, 801, 98, 801, 100, 0, -2, -1.5707963267948966, 2.0
60, 128, 167, 18, 168, 18, -1, 0, 3.141592653589793, 1.0
60, 129, 521, 194, 522, 196, -1, -2, -2.0344439357957027, 2.23606797749979
60, 130, 1126, 70, 1126, 70, 0, 0, 0.0, 0.0
60, 131, 800, 241, 800, 244, 0, -3, -1.5707963267948966, 3.0
60, 132, 925, 41, 926, 41, -1, 0, 3.141592653589793, 1.0
60, 133, 84, 112, 84, 113, 0, -1, -1.5707963267948966, 1.0
60, 134, 311, 29, 311, 30, 0, -1, -1.5707963267948966, 1.0
60, 135, 256, 359, 256, 360, 0, -1, -1.5707963267948966, 1.0
60, 136, 47, 109, 47, 110, 0, -1, -1.5707963267948966, 1.0
60, 137, 395, 312, 395, 310, 0, 2, 1.5707963267948966, 2.0
60, 138, 87, 154, 87, 155, 0, -1, -1.5707963267948966, 1.0
60, 139, 1193, 273, 1193, 274, 0, -1, -1.5707963267948966, 1.0
60, 140, 639, 270, 640, 266, -1, 4, 1.8157749899217608, 4.123105625617661
60, 141, 772, 63, 772, 65, 0, -2, -1.5707963267948966, 2.0
60, 142, 718, 605, 721, 610, -3, -5, -2.1112158270654806, 5.830951894845301
60, 143, 1169, 406, 1171, 406, -2, 0, 3.141592653589793, 2.0
60, 144, 1091, 368, 1088, 365, 3, 3, 0.7853981633974483, 4.242640687119285
60, 145, 926, 105, 926, 106, 0, -1, -1.5707963267948966, 1.0
60, 146, 778, 112, 779, 114, -1, -2, -2.0344439357957027, 2.23606797749979
60, 147, 1243, 215, 1240, 213, 3, 2, 0.5880026035475675, 3.605551275463989
60, 148, 1196, 125, 1196, 123, 0, 2, 1.5707963267948966, 2.0
60, 149, 266, 418, 266, 419, 0, -1, -1.5707963267948966, 1.0
60, 150, 745, 161, 745, 160, 0, 1, 1.5707963267948966, 1.0
60, 151, 613, 238, 614, 235, -1, 3, 1.892546881191539, 3.1622776601683795
60, 152, 651, 75, 651, 76, 0, -1, -1.5707963267948966, 1.0
60, 153, 185, 30, 186, 30, -1, 0, 3.141592653589793, 1.0
60, 154, 1089, 96, 1089, 96, 0, 0, 0.0, 0.0
60, 155, 612, 50, 612, 50, 0, 0, 0.0, 0.0
60, 156, 1256, 227, 1253, 225, 3, 2, 0.5880026035475675, 3.605551275463989
60, 157, 915, 32, 917, 32, -2, 0, 3.141592653589793, 2.0
60, 158, 580, 112, 580, 113, 0, -1, -1.5707963267948966, 1.0
60, 159, 824, 577, 825, 577, -1, 0, 3.141592653589793, 1.0
60, 160, 702, 23, 699, 22, 3, 1, 0.3217505543966422, 3.1622776601683795
60, 161, 496, 309, 496, 313, 0, -4, -1.5707963267948966, 4.0
60, 162, 158, 697, 158, 698, 0, -1, -1.5707963267948966, 1.0
60, 163, 509, 196, 510, 199, -1, -3, -1.892546881191539, 3.1622776601683795
60, 164, 754, 149, 754, 149, 0, 0, 0.0, 0.0
60, 165, 680, 142, 681, 140, -1, 2, 2.0344439357957027, 2.23606797749979
60, 166, 281, 322, 281, 323, 0, -1, -1.5707963267948966, 1.0
60, 167, 303, 395, 303, 396, 0, -1, -1.5707963267948966, 1.0
60, 168, 618, 91, 619, 90, -1, 1, 2.356194490192345, 1.4142135623730951
60, 169, 78, 155, 78, 156, 0, -1, -1.5707963267948966, 1.0
60, 170, 1077, 488, 1075, 486, 2, 2, 0.7853981633974483, 2.8284271247461903
60, 171, 731, 538, 734, 544, -3, -6, -2.0344439357957027, 6.708203932499369
60, 172, 1136, 121, 1134, 120, 2, 1, 0.4636476090008061, 2.23606797749979
60, 173, 514, 265, 515, 268, -1, -3, -1.892546881191539, 3.1622776601683795
60, 174, 1059, 461, 1059, 462, 0, -1, -1.5707963267948966, 1.0
60, 175, 246, 336, 246, 337, 0, -1, -1.5707963267948966, 1.0
60, 176, 414, 240, 414, 237, 0, 3, 1.5707963267948966, 3.0
60, 177, 853, 70, 853, 71, 0, -1, -1.5707963267948966, 1.0
60, 178, 422, 345, 422, 345, 0, 0, 0.0, 0.0
60, 179, 265, 41, 265, 42, 0, -1, -1.5707963267948966, 1.0
60, 180, 1103, 72, 1103, 72, 0, 0, 0.0, 0.0
60, 181, 692, 680, 694, 683, -2, -3, -2.158798930342464, 3.605551275463989
60, 182, 763, 126, 763, 125, 0, 1, 1.5707963267948966, 1.0
60, 183, 159, 641, 156, 640, 3, 1, 0.3217505543966422, 3.1622776601683795
60, 184, 407, 352, 407, 349, 0, 3, 1.5707963267948966, 3.0
60, 185, 399, 318, 399, 316, 0, 2, 1.5707963267948966, 2.0
60, 186, 415, 267, 415, 265, 0, 2, 1.5707963267948966, 2.0
60, 187, 1219, 191, 1217, 190, 2, 1, 0.4636476090008061, 2.23606797749979
60, 188, 1167, 83, 1166, 83, 1, 0, 0.0, 1.0
60, 189, 142, 440, 144, 437, -2, 3, 2.158798930342464, 3.605551275463989
60, 190, 1235, 244, 1235, 243, 0, 1, 1.5707963267948966, 1.0
60, 191, 1103, 515, 1101, 516, 2, -1, -0.4636476090008061, 2.23606797749979
60, 192, 329, 386, 329, 387, 0, -1, -1.5707963267948966, 1.0
60, 193, 1150, 134, 1150, 135, 0, -1, -1.5707963267948966, 1.0
60, 194, 740, 113, 740, 111, 0, 2, 1.5707963267948966, 2.0
60, 195, 1050, 443, 1048, 440, 2, 3, 0.982793723247329, 3.605551275463989
60, 196, 854, 50, 854, 51, 0, -1, -1.5707963267948966, 1.0
60, 197, 665, 21, 664, 22, 1, -1, -0.7853981633974483, 1.4142135623730951
60, 198, 511, 9, 511, 11, 0, -2, -1.5707963267948966, 2.0
60, 199, 335, 357, 335, 358, 0, -1, -1.5707963267948966, 1.0
60, 200, 402, 207, 402, 205, 0, 2, 1.5707963267948966, 2.0
60, 201, 1063, 567, 1063, 567, 0, 0, 0.0, 0.0
60, 202, 639, 35, 638, 36, 1, -1, -0.7853981633974483, 1.4142135623730951
60, 203, 508, 203, 509, 206, -1, -3, -1.892546881191539, 3.1622776601683795
60, 204, 1193, 118, 1193, 116, 0, 2, 1.5707963267948966, 2.0
60, 205, 1217, 180, 1215, 179, 2, 1, 0.4636476090008061, 2.23606797749979
61, 0, 279, 329, 279, 330, 0, -1, -1.5707963267948966, 1.0
61, 1, 1132, 65, 1131, 65, 1, 0, 0.0, 1.0
61, 2, 807, 25, 808, 27, -1, -2, -2.0344439357957027, 2.23606797749979
61, 3, 1052, 414, 1049, 411, 3, 3, 0.7853981633974483, 4.242640687119285
61, 4, 259, 383, 259, 384, 0, -1, -1.5707963267948966, 1.0
61, 5, 595, 50, 595, 51, 0, -1, -1.5707963267948966, 1.0
61, 6, 1206, 188, 1204, 187, 2, 1, 0.4636476090008061, 2.23606797749979
61, 7, 800, 18, 800, 20, 0, -2, -1.5707963267948966, 2.0
61, 8, 719, 619, 722, 624, -3, -5, -2.1112158270654806, 5.830951894845301
61, 9, 923, 33, 924, 33, -1, 0, 3.141592653589793, 1.0
61, 10, 1260, 139, 1261, 139, -1, 0, 3.141592653589793, 1.0
61, 11, 793, 76, 793, 79, 0, -3, -1.5707963267948966, 3.0
61, 12, 1185, 352, 1188, 356, -3, -4, -2.214297435588181, 5.0
61, 13, 296, 330, 296, 331, 0, -1, -1.5707963267948966, 1.0
61, 14, 130, 452, 131, 449, -1, 3, 1.892546881191539, 3.1622776601683795
61, 15, 614, 18, 615, 17, -1, 1, 2.356194490192345, 1.4142135623730951
61, 16, 753, 91, 754, 90, -1, 1, 2.356194490192345, 1.4142135623730951
61, 17, 750, 438, 751, 443, -1, -5, -1.7681918866447774, 5.0990195135927845
61, 18, 174, 510, 174, 506, 0, 4, 1.5707963267948966, 4.0
61, 19, 273, 334, 273, 335, 0, -1, -1.5707963267948966, 1.0
61, 20, 791, 590, 795, 590, -4, 0, 3.141592653589793, 4.0
61, 21, 704, 623, 705, 628, -1, -5, -1.7681918866447774, 5.0990195135927845
61, 22, 715, 471, 717, 472, -2, -1, -2.677945044588987, 2.23606797749979
61, 23, 829, 36, 831, 37, -2, -1, -2.677945044588987, 2.23606797749979
61, 24, 259, 369, 259, 370, 0, -1, -1.5707963267948966, 1.0
61, 25, 482, 76, 482, 80, 0, -4, -1.5707963267948966, 4.0
61, 26, 493, 76, 493, 80, 0, -4, -1.5707963267948966, 4.0
61, 27, 811, 65, 812, 67, -1, -2, -2.0344439357957027, 2.23606797749979
61, 28, 508, 182, 510, 184, -2, -2, -2.356194490192345, 2.8284271247461903
61, 29, 486, 65, 486, 69, 0, -4, -1.5707963267948966, 4.0
61, 30, 309, 336, 309, 337, 0, -1, -1.5707963267948966, 1.0
61, 31, 334, 14, 332, 15, 2, -1, -0.4636476090008061, 2.23606797749979
61, 32, 806, 504, 810, 502, -4, 2, 2.677945044588987, 4.47213595499958
61, 33, 686, 137, 687, 135, -1, 2, 2.0344439357957027, 2.23606797749979
61, 34, 812, 245, 812, 249, 0, -4, -1.5707963267948966, 4.0
61, 35, 909, 49, 911, 49, -2, 0, 3.141592653589793, 2.0
61, 36, 638, 41, 637, 44, 1, -3, -1.2490457723982544, 3.1622776601683795
61, 37, 108, 610, 106, 609, 2, 1, 0.4636476090008061, 2.23606797749979
61, 38, 576, 105, 576, 106, 0, -1, -1.5707963267948966, 1.0
61, 39, 789, 510, 793, 508, -4, 2, 2.677945044588987, 4.47213595499958
61, 40, 648, 12, 647, 15, 1, -3, -1.2490457723982544, 3.1622776601683795
61, 41, 483, 273, 483, 277, 0, -4, -1.5707963267948966, 4.0
61, 42, 1195, 166, 1196, 163, -1, 3, 1.892546881191539, 3.1622776601683795
61, 43, 799, 26, 800, 28, -1, -2, -2.0344439357957027, 2.23606797749979
61, 44, 1163, 391, 1165, 389, -2, 2, 2.356194490192345, 2.8284271247461903
61, 45, 1167, 53, 1166, 53, 1, 0, 0.0, 1.0
61, 46, 786, 37, 786, 40, 0, -3, -1.5707963267948966, 3.0
61, 47, 468, 275, 468, 279, 0, -4, -1.5707963267948966, 4.0
61, 48, 1130, 29, 1129, 29, 1, 0, 0.0, 1.0
61, 49, 624, 193, 625, 192, -1, 1, 2.356194490192345, 1.4142135623730951
61, 50, 531, 216, 532, 218, -1, -2, -2.0344439357957027, 2.23606797749979
61, 51, 1170, 308, 1171, 313, -1, -5, -1.7681918866447774, 5.0990195135927845
61, 52, 1187, 221, 1186, 220, 1, 1, 0.7853981633974483, 1.4142135623730951
61, 53, 319, 401, 319, 402, 0, -1, -1.5707963267948966, 1.0
61, 54, 1092, 382, 1090, 379, 2, 3, 0.982793723247329, 3.605551275463989
61, 55, 808, 513, 812, 511, -4, 2, 2.677945044588987, 4.47213595499958
61, 56, 1050, 432, 1047, 429, 3, 3, 0.7853981633974483, 4.242640687119285
61, 57, 126, 511, 129, 508, -3, 3, 2.356194490192345, 4.242640687119285
61, 58, 714, 676, 715, 681, -1, -5, -1.7681918866447774, 5.0990195135927845
61, 59, 303, 332, 303, 333, 0, -1, -1.5707963267948966, 1.0
61, 60, 493, 145, 494, 147, -1, -2, -2.0344439357957027, 2.23606797749979
61, 61, 1154, 358, 1156, 361, -2, -3, -2.158798930342464, 3.605551275463989
61, 62, 484, 376, 484, 378, 0, -2, -1.5707963267948966, 2.0
61, 63, 254, 398, 254, 399, 0, -1, -1.5707963267948966, 1.0
61, 64, 1170, 326, 1172, 330, -2, -4, -2.0344439357957027, 4.47213595499958
61, 65, 1097, 40, 1096, 40, 1, 0, 0.0, 1.0
61, 66, 784, 559, 787, 557, -3, 2, 2.5535900500422257, 3.605551275463989
61, 67, 677, 205, 677, 202, 0, 3, 1.5707963267948966, 3.0
61, 68, 657, 16, 656, 17, 1, -1, -0.7853981633974483, 1.4142135623730951
61, 69, 266, 390, 266, 391, 0, -1, -1.5707963267948966, 1.0
61, 70, 538, 75, 538, 76, 0, -1, -1.5707963267948966, 1.0
61, 71, 694, 151, 695, 149, -1, 2, 2.0344439357957027, 2.23606797749979
61, 72, 811, 271, 811, 274, 0, -3, -1.5707963267948966, 3.0
61, 73, 428, 312, 429, 311, -1, 1, 2.356194490192345, 1.4142135623730951
61, 74, 401, 268, 401, 266, 0, 2, 1.5707963267948966, 2.0
61, 75, 781, 274, 781, 276, 0, -2, -1.5707963267948966, 2.0
61, 76, 1183, 323, 1185, 327, -2, -4, -2.0344439357957027, 4.47213595499958
61, 77, 504, 221, 505, 223, -1, -2, -2.0344439357957027, 2.23606797749979
61, 78, 758, 485, 760, 489, -2, -4, -2.0344439357957027, 4.47213595499958
61, 79, 46, 47, 42, 48, 4, -1, -0.24497866312686414, 4.123105625617661
61, 80, 1170, 204, 1170, 204, 0, 0, 0.0, 0.0
61, 81, 1046, 453, 1044, 451, 2, 2, 0.7853981633974483, 2.8284271247461903
61, 82, 56, 88, 54, 89, 2, -1, -0.4636476090008061, 2.23606797749979
61, 83, 596, 78, 596, 79, 0, -1, -1.5707963267948966, 1.0
61, 84, 169, 499, 169, 496, 0, 3, 1.5707963267948966, 3.0
61, 85, 938, 110, 938, 111, 0, -1, -1.5707963267948966, 1.0
61, 86, 642, 17, 641, 20, 1, -3, -1.2490457723982544, 3.1622776601683795
61, 87, 81, 139, 81, 140, 0, -1, -1.5707963267948966, 1.0
61, 88, 391, 203, 391, 200, 0, 3, 1.5707963267948966, 3.0
61, 89, 628, 282, 629, 282, -1, 0, 3.141592653589793, 1.0
61, 90, 45, 91, 42, 92, 3, -1, -0.3217505543966422, 3.1622776601683795
61, 91, 1054, 520, 1052, 516, 2, 4, 1.1071487177940904, 4.47213595499958
61, 92, 545, 36, 545, 37, 0, -1, -1.5707963267948966, 1.0
61, 93, 1113, 91, 1112, 91, 1, 0, 0.0, 1.0
61, 94, 1108, 32, 1107, 32, 1, 0, 0.0, 1.0
61, 95, 591, 116, 591, 117, 0, -1, -1.5707963267948966, 1.0
61, 96, 578, 56, 578, 57, 0, -1, -1.5707963267948966, 1.0
61, 97, 744, 96, 745, 95, -1, 1, 2.356194490192345, 1.4142135623730951
61, 98, 1168, 60, 1167, 60, 1, 0, 0.0, 1.0
61, 99, 65, 79, 64, 80, 1, -1, -0.7853981633974483, 1.4142135623730951
61, 100, 587, 41, 587, 42, 0, -1, -1.5707963267948966, 1.0
61, 101, 1061, 471, 1061, 471, 0, 0, 0.0, 0.0
61, 102, 1220, 232, 1218, 231, 2, 1, 0.4636476090008061, 2.23606797749979
61, 103, 551, 108, 551, 109, 0, -1, -1.5707963267948966, 1.0
61, 104, 332, 416, 332, 417, 0, -1, -1.5707963267948966, 1.0
61, 105, 748, 495, 749, 499, -1, -4, -1.8157749899217608, 4.123105625617661
61, 106, 131, 443, 132, 440, -1, 3, 1.892546881191539, 3.1622776601683795
61, 107, 482, 152, 483, 156, -1, -4, -1.8157749899217608, 4.123105625617661
61, 108, 812, 31, 813, 33, -1, -2, -2.0344439357957027, 2.23606797749979
61, 109, 1162, 93, 1161, 93, 1, 0, 0.0, 1.0
61, 110, 934, 103, 934, 104, 0, -1, -1.5707963267948966, 1.0
61, 111, 477, 262, 477, 266, 0, -4, -1.5707963267948966, 4.0
61, 112, 45, 55, 41, 56, 4, -1, -0.24497866312686414, 4.123105625617661
61, 113, 1168, 416, 1170, 418, -2, -2, -2.356194490192345, 2.8284271247461903
61, 114, 249, 415, 249, 416, 0, -1, -1.5707963267948966, 1.0
61, 115, 792, 229, 792, 231, 0, -2, -1.5707963267948966, 2.0
61, 116, 43, 85, 39, 86, 4, -1, -0.24497866312686414, 4.123105625617661
61, 117, 265, 399, 265, 400, 0, -1, -1.5707963267948966, 1.0
61, 118, 45, 77, 41, 78, 4, -1, -0.24497866312686414, 4.123105625617661
61, 119, 800, 96, 801, 98, -1, -2, -2.0344439357957027, 2.23606797749979
61, 120, 166, 18, 167, 18, -1, 0, 3.141592653589793, 1.0
61, 121, 519, 192, 521, 194, -2, -2, -2.356194490192345, 2.8284271247461903
61, 122, 1127, 70, 1126, 70, 1, 0, 0.0, 1.0
61, 123, 800, 238, 800, 241, 0, -3, -1.5707963267948966, 3.0
61, 124, 924, 41, 925, 41, -1, 0, 3.141592653589793, 1.0
61, 125, 84, 112, 84, 112, 0, 0, 0.0, 0.0
61, 126, 311, 28, 311, 29, 0, -1, -1.5707963267948966, 1.0
61, 127, 48, 108, 47, 109, 1, -1, -0.7853981633974483, 1.4142135623730951
61, 128, 395, 314, 395, 312, 0, 2, 1.5707963267948966, 2.0
61, 129, 87, 153, 87, 154, 0, -1, -1.5707963267948966, 1.0
61, 130, 1193, 272, 1193, 273, 0, -1, -1.5707963267948966, 1.0
61, 131, 638, 274, 639, 270, -1, 4, 1.8157749899217608, 4.123105625617661
61, 132, 772, 61, 772, 63, 0, -2, -1.5707963267948966, 2.0
61, 133, 715, 600, 718, 605, -3, -5, -2.1112158270654806, 5.830951894845301
61, 134, 1167, 405, 1169, 406, -2, -1, -2.677945044588987, 2.23606797749979
61, 135, 1093, 371, 1091, 368, 2, 3, 0.982793723247329, 3.605551275463989
61, 136, 926, 104, 926, 105, 0, -1, -1.5707963267948966, 1.0
61, 137, 777, 108, 778, 112, -1, -4, -1.8157749899217608, 4.123105625617661
61, 138, 1246, 217, 1243, 215, 3, 2, 0.5880026035475675, 3.605551275463989
61, 139, 1196, 128, 1196, 125, 0, 3, 1.5707963267948966, 3.0
61, 140, 266, 417, 266, 418, 0, -1, -1.5707963267948966, 1.0
61, 141, 744, 161, 745, 161, -1, 0, 3.141592653589793, 1.0
61, 142, 612, 240, 613, 238, -1, 2, 2.0344439357957027, 2.23606797749979
61, 143, 651, 73, 651, 75, 0, -2, -1.5707963267948966, 2.0
61, 144, 184, 30, 185, 30, -1, 0, 3.141592653589793, 1.0
61, 145, 1089, 96, 1089, 96, 0, 0, 0.0, 0.0
61, 146, 611, 50, 612, 50, -1, 0, 3.141592653589793, 1.0
61, 147, 1259, 229, 1256, 227, 3, 2, 0.5880026035475675, 3.605551275463989
61, 148, 913, 32, 915, 32, -2, 0, 3.141592653589793, 2.0
61, 149, 580, 111, 580, 112, 0, -1, -1.5707963267948966, 1.0
61, 150, 823, 577, 824, 577, -1, 0, 3.141592653589793, 1.0
61, 151, 704, 23, 702, 23, 2, 0, 0.0, 2.0
61, 152, 496, 305, 496, 309, 0, -4, -1.5707963267948966, 4.0
61, 153, 158, 696, 158, 697, 0, -1, -1.5707963267948966, 1.0
61, 154, 507, 194, 509, 196, -2, -2, -2.356194490192345, 2.8284271247461903
61, 155, 753, 149, 754, 149, -1, 0, 3.141592653589793, 1.0
61, 156, 679, 144, 680, 142, -1, 2, 2.0344439357957027, 2.23606797749979
61, 157, 281, 321, 281, 322, 0, -1, -1.5707963267948966, 1.0
61, 158, 303, 394, 303, 395, 0, -1, -1.5707963267948966, 1.0
61, 159, 617, 92, 618, 91, -1, 1, 2.356194490192345, 1.4142135623730951
61, 160, 78, 154, 78, 155, 0, -1, -1.5707963267948966, 1.0
61, 161, 1080, 490, 1077, 488, 3, 2, 0.5880026035475675, 3.605551275463989
61, 162, 730, 535, 731, 538, -1, -3, -1.892546881191539, 3.1622776601683795
61, 163, 1138, 124, 1136, 121, 2, 3, 0.982793723247329, 3.605551275463989
61, 164, 513, 260, 514, 265, -1, -5, -1.7681918866447774, 5.0990195135927845
61, 165, 1059, 461, 1059, 461, 0, 0, 0.0, 0.0
61, 166, 246, 335, 246, 336, 0, -1, -1.5707963267948966, 1.0
61, 167, 414, 243, 414, 240, 0, 3, 1.5707963267948966, 3.0
61, 168, 853, 69, 853, 70, 0, -1, -1.5707963267948966, 1.0
61, 169, 422, 345, 422, 345, 0, 0, 0.0, 0.0
61, 170, 265, 40, 265, 41, 0, -1, -1.5707963267948966, 1.0
61, 171, 1103, 72, 1103, 72, 0, 0, 0.0, 0.0
61, 172, 690, 677, 692, 680, -2, -3, -2.158798930342464, 3.605551275463989
61, 173, 763, 128, 763, 126, 0, 2, 1.5707963267948966, 2.0
61, 174, 162, 642, 159, 641, 3, 1, 0.3217505543966422, 3.1622776601683795
61, 175, 406, 356, 407, 352, -1, 4, 1.8157749899217608, 4.123105625617661
61, 176, 399, 320, 399, 318, 0, 2, 1.5707963267948966, 2.0
61, 177, 415, 270, 415, 267, 0, 3, 1.5707963267948966, 3.0
61, 178, 1221, 192, 1219, 191, 2, 1, 0.4636476090008061, 2.23606797749979
61, 179, 1168, 83, 1167, 83, 1, 0, 0.0, 1.0
61, 180, 140, 443, 142, 440, -2, 3, 2.158798930342464, 3.605551275463989
61, 181, 1236, 245, 1235, 244, 1, 1, 0.7853981633974483, 1.4142135623730951
61, 182, 1106, 515, 1103, 515, 3, 0, 0.0, 3.0
61, 183, 1150, 133, 1150, 134, 0, -1, -1.5707963267948966, 1.0
61, 184, 740, 115, 740, 113, 0, 2, 1.5707963267948966, 2.0
61, 185, 1052, 444, 1050, 443, 2, 1, 0.4636476090008061, 2.23606797749979
61, 186, 667, 21, 665, 21, 2, 0, 0.0, 2.0
61, 187, 402, 209, 402, 207, 0, 2, 1.5707963267948966, 2.0
61, 188, 1063, 566, 1063, 567, 0, -1, -1.5707963267948966, 1.0
61, 189, 639, 33, 639, 35, 0, -2, -1.5707963267948966, 2.0
61, 190, 507, 201, 508, 203, -1, -2, -2.0344439357957027, 2.23606797749979
61, 191, 1193, 120, 1193, 118, 0, 2, 1.5707963267948966, 2.0
61, 192, 1219, 181, 1217, 180, 2, 1, 0.4636476090008061, 2.23606797749979
62, 0, 814, 245, 813, 249, 1, -4, -1.3258176636680326, 4.123105625617661
62, 1, 1134, 67, 1132, 66, 2, 1, 0.4636476090008061, 2.23606797749979
62, 2, 1051, 412, 1049, 410, 2, 2, 0.7853981633974483, 2.8284271247461903
62, 3, 815, 49, 816, 51, -1, -2, -2.0344439357957027, 2.23606797749979
62, 4, 279, 330, 279, 331, 0, -1, -1.5707963267948966, 1.0
62, 5, 253, 350, 253, 351, 0, -1, -1.5707963267948966, 1.0
62, 6, 1154, 356, 1157, 357, -3, -1, -2.819842099193151, 3.1622776601683795
62, 7, 808, 25, 809, 28, -1, -3, -1.892546881191539, 3.1622776601683795
62, 8, 1185, 353, 1188, 358, -3, -5, -2.1112158270654806, 5.830951894845301
62, 9, 800, 17, 801, 20, -1, -3, -1.892546881191539, 3.1622776601683795
62, 10, 793, 74, 793, 78, 0, -4, -1.5707963267948966, 4.0
62, 11, 720, 618, 722, 622, -2, -4, -2.0344439357957027, 4.47213595499958
62, 12, 921, 33, 923, 33, -2, 0, 3.141592653589793, 2.0
62, 13, 712, 672, 714, 677, -2, -5, -1.9513027039072615, 5.385164807134504
62, 14, 1260, 142, 1261, 140, -1, 2, 2.0344439357957027, 2.23606797749979
62, 15, 595, 51, 595, 52, 0, -1, -1.5707963267948966, 1.0
62, 16, 141, 518, 142, 514, -1, 4, 1.8157749899217608, 4.123105625617661
62, 17, 128, 518, 130, 515, -2, 3, 2.158798930342464, 3.605551275463989
62, 18, 1208, 191, 1206, 188, 2, 3, 0.982793723247329, 3.605551275463989
62, 19, 639, 39, 638, 44, 1, -5, -1.373400766945016, 5.0990195135927845
62, 20, 827, 36, 831, 37, -4, -1, -2.896613990462929, 4.123105625617661
62, 21, 110, 610, 107, 609, 3, 1, 0.3217505543966422, 3.1622776601683795
62, 22, 577, 106, 576, 107, 1, -1, -0.7853981633974483, 1.4142135623730951
62, 23, 750, 438, 751, 442, -1, -4, -1.8157749899217608, 4.123105625617661
62, 24, 802, 238, 801, 242, 1, -4, -1.3258176636680326, 4.123105625617661
62, 25, 260, 350, 260, 351, 0, -1, -1.5707963267948966, 1.0
62, 26, 483, 78, 483, 82, 0, -4, -1.5707963267948966, 4.0
62, 27, 840, 26, 842, 27, -2, -1, -2.677945044588987, 2.23606797749979
62, 28, 713, 472, 716, 474, -3, -2, -2.5535900500422257, 3.605551275463989
62, 29, 334, 364, 334, 365, 0, -1, -1.5707963267948966, 1.0
62, 30, 702, 620, 703, 625, -1, -5, -1.7681918866447774, 5.0990195135927845
62, 31, 259, 385, 259, 386, 0, -1, -1.5707963267948966, 1.0
62, 32, 493, 77, 493, 81, 0, -4, -1.5707963267948966, 4.0
62, 33, 485, 65, 486, 70, -1, -5, -1.7681918866447774, 5.0990195135927845
62, 34, 800, 25, 801, 28, -1, -3, -1.892546881191539, 3.1622776601683795
62, 35, 296, 331, 296, 332, 0, -1, -1.5707963267948966, 1.0
62, 36, 677, 205, 677, 202, 0, 3, 1.5707963267948966, 3.0
62, 37, 530, 214, 533, 219, -3, -5, -2.1112158270654806, 5.830951894845301
62, 38, 810, 64, 812, 67, -2, -3, -2.158798930342464, 3.605551275463989
62, 39, 131, 453, 130, 452, 1, 1, 0.7853981633974483, 1.4142135623730951
62, 40, 895, 14, 897, 15, -2, -1, -2.677945044588987, 2.23606797749979
62, 41, 756, 97, 757, 96, -1, 1, 2.356194490192345, 1.4142135623730951
62, 42, 309, 337, 309, 338, 0, -1, -1.5707963267948966, 1.0
62, 43, 782, 272, 781, 276, 1, -4, -1.3258176636680326, 4.123105625617661
62, 44, 255, 398, 255, 399, 0, -1, -1.5707963267948966, 1.0
62, 45, 750, 91, 751, 90, -1, 1, 2.356194490192345, 1.4142135623730951
62, 46, 175, 511, 176, 507, -1, 4, 1.8157749899217608, 4.123105625617661
62, 47, 789, 511, 793, 509, -4, 2, 2.677945044588987, 4.47213595499958
62, 48, 484, 273, 484, 277, 0, -4, -1.5707963267948966, 4.0
62, 49, 660, 15, 658, 17, 2, -2, -0.7853981633974483, 2.8284271247461903
62, 50, 644, 11, 643, 15, 1, -4, -1.3258176636680326, 4.123105625617661
62, 51, 467, 277, 468, 280, -1, -3, -1.892546881191539, 3.1622776601683795
62, 52, 319, 401, 319, 402, 0, -1, -1.5707963267948966, 1.0
62, 53, 1198, 167, 1197, 164, 1, 3, 1.2490457723982544, 3.1622776601683795
62, 54, 303, 333, 303, 334, 0, -1, -1.5707963267948966, 1.0
62, 55, 1170, 308, 1172, 313, -2, -5, -1.9513027039072615, 5.385164807134504
62, 56, 786, 36, 787, 40, -1, -4, -1.8157749899217608, 4.123105625617661
62, 57, 1093, 382, 1090, 379, 3, 3, 0.7853981633974483, 4.242640687119285
62, 58, 507, 182, 510, 186, -3, -4, -2.214297435588181, 5.0
62, 59, 306, 352, 306, 353, 0, -1, -1.5707963267948966, 1.0
62, 60, 786, 554, 788, 554, -2, 0, 3.141592653589793, 2.0
62, 61, 923, 41, 924, 41, -1, 0, 3.141592653589793, 1.0
62, 62, 908, 49, 911, 49, -3, 0, 3.141592653589793, 3.0
62, 63, 687, 138, 688, 135, -1, 3, 1.892546881191539, 3.1622776601683795
62, 64, 757, 478, 759, 482, -2, -4, -2.0344439357957027, 4.47213595499958
62, 65, 334, 16, 332, 16, 2, 0, 0.0, 2.0
62, 66, 626, 195, 626, 192, 0, 3, 1.5707963267948966, 3.0
62, 67, 940, 28, 940, 29, 0, -1, -1.5707963267948966, 1.0
62, 68, 811, 270, 811, 275, 0, -5, -1.5707963267948966, 5.0
62, 69, 1082, 426, 1082, 426, 0, 0, 0.0, 0.0
62, 70, 1182, 323, 1185, 328, -3, -5, -2.1112158270654806, 5.830951894845301
62, 71, 495, 147, 495, 149, 0, -2, -1.5707963267948966, 2.0
62, 72, 805, 504, 810, 502, -5, 2, 2.761086276477428, 5.385164807134504
62, 73, 694, 152, 695, 150, -1, 2, 2.0344439357957027, 2.23606797749979
62, 74, 1169, 61, 1167, 60, 2, 1, 0.4636476090008061, 2.23606797749979
62, 75, 746, 160, 746, 161, 0, -1, -1.5707963267948966, 1.0
62, 76, 1189, 223, 1187, 220, 2, 3, 0.982793723247329, 3.605551275463989
62, 77, 1169, 54, 1167, 53, 2, 1, 0.4636476090008061, 2.23606797749979
62, 78, 1099, 42, 1096, 41, 3, 1, 0.3217505543966422, 3.1622776601683795
62, 79, 1132, 31, 1130, 30, 2, 1, 0.4636476090008061, 2.23606797749979
62, 80, 1055, 521, 1053, 519, 2, 2, 0.7853981633974483, 2.8284271247461903
62, 81, 628, 282, 629, 282, -1, 0, 3.141592653589793, 1.0
62, 82, 538, 75, 538, 77, 0, -2, -1.5707963267948966, 2.0
62, 83, 266, 392, 266, 393, 0, -1, -1.5707963267948966, 1.0
62, 84, 46, 46, 42, 47, 4, -1, -0.24497866312686414, 4.123105625617661
62, 85, 504, 218, 506, 223, -2, -5, -1.9513027039072615, 5.385164807134504
62, 86, 46, 90, 43, 92, 3, -2, -0.5880026035475675, 3.605551275463989
62, 87, 615, 21, 616, 18, -1, 3, 1.892546881191539, 3.1622776601683795
62, 88, 426, 312, 428, 311, -2, 1, 2.677945044588987, 2.23606797749979
62, 89, 1113, 89, 1112, 90, 1, -1, -0.7853981633974483, 1.4142135623730951
62, 90, 613, 241, 614, 240, -1, 1, 2.356194490192345, 1.4142135623730951
62, 91, 1095, 73, 1094, 73, 1, 0, 0.0, 1.0
62, 92, 591, 117, 591, 118, 0, -1, -1.5707963267948966, 1.0
62, 93, 82, 139, 82, 141, 0, -2, -1.5707963267948966, 2.0
62, 94, 1061, 472, 1061, 471, 0, 1, 1.5707963267948966, 1.0
62, 95, 518, 190, 521, 194, -3, -4, -2.214297435588181, 5.0
62, 96, 545, 36, 545, 37, 0, -1, -1.5707963267948966, 1.0
62, 97, 168, 501, 169, 496, -1, 5, 1.7681918866447774, 5.0990195135927845
62, 98, 1169, 202, 1169, 203, 0, -1, -1.5707963267948966, 1.0
62, 99, 286, 29, 284, 30, 2, -1, -0.4636476090008061, 2.23606797749979
62, 100, 1111, 34, 1108, 33, 3, 1, 0.3217505543966422, 3.1622776601683795
62, 101, 477, 261, 477, 266, 0, -5, -1.5707963267948966, 5.0
62, 102, 938, 111, 938, 112, 0, -1, -1.5707963267948966, 1.0
62, 103, 813, 32, 814, 34, -1, -2, -2.0344439357957027, 2.23606797749979
62, 104, 551, 108, 551, 109, 0, -1, -1.5707963267948966, 1.0
62, 105, 587, 42, 587, 43, 0, -1, -1.5707963267948966, 1.0
62, 106, 1169, 326, 1172, 329, -3, -3, -2.356194490192345, 4.242640687119285
62, 107, 596, 79, 596, 80, 0, -1, -1.5707963267948966, 1.0
62, 108, 331, 376, 331, 377, 0, -1, -1.5707963267948966, 1.0
62, 109, 269, 350, 269, 351, 0, -1, -1.5707963267948966, 1.0
62, 110, 653, 12, 651, 16, 2, -4, -1.1071487177940904, 4.47213595499958
62, 111, 393, 205, 392, 201, 1, 4, 1.3258176636680326, 4.123105625617661
62, 112, 1089, 95, 1089, 96, 0, -1, -1.5707963267948966, 1.0
62, 113, 809, 515, 813, 513, -4, 2, 2.677945044588987, 4.47213595499958
62, 114, 484, 150, 484, 153, 0, -3, -1.5707963267948966, 3.0
62, 115, 529, 275, 529, 277, 0, -2, -1.5707963267948966, 2.0
62, 116, 578, 57, 578, 58, 0, -1, -1.5707963267948966, 1.0
62, 117, 1175, 374, 1179, 377, -4, -3, -2.498091544796509, 5.0
62, 118, 259, 370, 259, 371, 0, -1, -1.5707963267948966, 1.0
62, 119, 934, 104, 934, 105, 0, -1, -1.5707963267948966, 1.0
62, 120, 395, 316, 395, 312, 0, 4, 1.5707963267948966, 4.0
62, 121, 824, 44, 826, 46, -2, -2, -2.356194490192345, 2.8284271247461903
62, 122, 684, 233, 684, 232, 0, 1, 1.5707963267948966, 1.0
62, 123, 1163, 94, 1161, 93, 2, 1, 0.4636476090008061, 2.23606797749979
62, 124, 62, 77, 61, 79, 1, -2, -1.1071487177940904, 2.23606797749979
62, 125, 690, 675, 691, 675, -1, 0, 3.141592653589793, 1.0
62, 126, 734, 499, 735, 502, -1, -3, -1.892546881191539, 3.1622776601683795
62, 127, 57, 90, 55, 91, 2, -1, -0.4636476090008061, 2.23606797749979
62, 128, 1261, 173, 1268, 172, -7, 1, 2.999695598985629, 7.0710678118654755
62, 129, 249, 415, 249, 416, 0, -1, -1.5707963267948966, 1.0
62, 130, 484, 374, 484, 379, 0, -5, -1.5707963267948966, 5.0
62, 131, 333, 417, 333, 418, 0, -1, -1.5707963267948966, 1.0
62, 132, 131, 445, 132, 443, -1, 2, 2.0344439357957027, 2.23606797749979
62, 133, 794, 226, 793, 231, 1, -5, -1.373400766945016, 5.0990195135927845
62, 134, 1224, 234, 1220, 234, 4, 0, 0.0, 4.0
62, 135, 639, 273, 640, 273, -1, 0, 3.141592653589793, 1.0
62, 136, 43, 79, 41, 79, 2, 0, 0.0, 2.0
62, 137, 1164, 402, 1165, 402, -1, 0, 3.141592653589793, 1.0
62, 138, 87, 153, 87, 154, 0, -1, -1.5707963267948966, 1.0
62, 139, 745, 98, 746, 96, -1, 2, 2.0344439357957027, 2.23606797749979
62, 140, 49, 109, 47, 110, 2, -1, -0.4636476090008061, 2.23606797749979
62, 141, 1192, 274, 1193, 273, -1, 1, 2.356194490192345, 1.4142135623730951
62, 142, 852, 33, 852, 34, 0, -1, -1.5707963267948966, 1.0
62, 143, 798, 97, 799, 99, -1, -2, -2.0344439357957027, 2.23606797749979
62, 144, 44, 58, 41, 57, 3, 1, 0.3217505543966422, 3.1622776601683795
62, 145, 414, 272, 415, 268, -1, 4, 1.8157749899217608, 4.123105625617661
62, 146, 83, 112, 83, 113, 0, -1, -1.5707963267948966, 1.0
62, 147, 778, 108, 779, 111, -1, -3, -1.892546881191539, 3.1622776601683795
62, 148, 926, 105, 926, 106, 0, -1, -1.5707963267948966, 1.0
62, 149, 167, 18, 168, 17, -1, 1, 2.356194490192345, 1.4142135623730951
62, 150, 263, 8, 260, 11, 3, -3, -0.7853981633974483, 4.242640687119285
62, 151, 1180, 367, 1183, 371, -3, -4, -2.214297435588181, 5.0
62, 152, 159, 696, 159, 697, 0, -1, -1.5707963267948966, 1.0
62, 153, 611, 52, 612, 51, -1, 1, 2.356194490192345, 1.4142135623730951
62, 154, 281, 322, 281, 323, 0, -1, -1.5707963267948966, 1.0
62, 155, 1129, 72, 1127, 71, 2, 1, 0.4636476090008061, 2.23606797749979
62, 156, 495, 307, 496, 310, -1, -3, -1.892546881191539, 3.1622776601683795
62, 157, 265, 400, 265, 401, 0, -1, -1.5707963267948966, 1.0
62, 158, 314, 26, 312, 28, 2, -2, -0.7853981633974483, 2.8284271247461903
62, 159, 1100, 97, 1099, 97, 1, 0, 0.0, 1.0
62, 160, 1138, 120, 1137, 121, 1, -1, -0.7853981633974483, 1.4142135623730951
62, 161, 1247, 216, 1244, 215, 3, 1, 0.3217505543966422, 3.1622776601683795
62, 162, 544, 43, 544, 44, 0, -1, -1.5707963267948966, 1.0
62, 163, 303, 394, 303, 395, 0, -1, -1.5707963267948966, 1.0
62, 164, 913, 32, 916, 32, -3, 0, 3.141592653589793, 3.0
62, 165, 1058, 462, 1059, 462, -1, 0, 3.141592653589793, 1.0
62, 166, 620, 90, 620, 90, 0, 0, 0.0, 0.0
62, 167, 1214, 21, 1215, 23, -1, -2, -2.0344439357957027, 2.23606797749979
62, 168, 763, 130, 763, 127, 0, 3, 1.5707963267948966, 3.0
62, 169, 307, 374, 307, 375, 0, -1, -1.5707963267948966, 1.0
62, 170, 506, 193, 509, 197, -3, -4, -2.214297435588181, 5.0
62, 171, 1222, 193, 1219, 191, 3, 2, 0.5880026035475675, 3.605551275463989
62, 172, 697, 23, 696, 24, 1, -1, -0.7853981633974483, 1.4142135623730951
62, 173, 581, 112, 580, 113, 1, -1, -0.7853981633974483, 1.4142135623730951
62, 174, 330, 385, 330, 386, 0, -1, -1.5707963267948966, 1.0
62, 175, 401, 269, 401, 266, 0, 3, 1.5707963267948966, 3.0
62, 176, 1124, 101, 1122, 101, 2, 0, 0.0, 2.0
62, 177, 1159, 414, 1158, 416, 1, -2, -1.1071487177940904, 2.23606797749979
62, 178, 667, 21, 664, 22, 3, -1, -0.3217505543966422, 3.1622776601683795
62, 179, 422, 344, 422, 344, 0, 0, 0.0, 0.0
62, 180, 78, 154, 78, 155, 0, -1, -1.5707963267948966, 1.0
62, 181, 1180, 252, 1179, 252, 1, 0, 0.0, 1.0
62, 182, 652, 73, 651, 75, 1, -2, -1.1071487177940904, 2.23606797749979
62, 183, 1196, 130, 1196, 126, 0, 4, 1.5707963267948966, 4.0
62, 184, 824, 579, 826, 578, -2, 1, 2.677945044588987, 2.23606797749979
62, 185, 1093, 372, 1091, 369, 2, 3, 0.982793723247329, 3.605551275463989
62, 186, 853, 70, 853, 71, 0, -1, -1.5707963267948966, 1.0
62, 187, 267, 417, 267, 418, 0, -1, -1.5707963267948966, 1.0
62, 188, 681, 146, 682, 143, -1, 3, 1.892546881191539, 3.1622776601683795
62, 189, 1205, 161, 1205, 158, 0, 3, 1.5707963267948966, 3.0
62, 190, 409, 354, 407, 351, 2, 3, 0.982793723247329, 3.605551275463989
62, 191, 266, 41, 266, 42, 0, -1, -1.5707963267948966, 1.0
62, 192, 1081, 494, 1078, 492, 3, 2, 0.5880026035475675, 3.605551275463989
62, 193, 716, 598, 718, 603, -2, -5, -1.9513027039072615, 5.385164807134504
62, 194, 755, 149, 755, 149, 0, 0, 0.0, 0.0
62, 195, 183, 33, 185, 33, -2, 0, 3.141592653589793, 2.0
62, 196, 163, 642, 160, 641, 3, 1, 0.3217505543966422, 3.1622776601683795
62, 197, 505, 200, 508, 204, -3, -4, -2.214297435588181, 5.0
62, 198, 1258, 230, 1256, 228, 2, 2, 0.7853981633974483, 2.8284271247461903
62, 199, 1170, 84, 1168, 83, 2, 1, 0.4636476090008061, 2.23606797749979
63, 0, 815, 241, 814, 245, 1, -4, -1.3258176636680326, 4.123105625617661
63, 1, 1135, 67, 1134, 67, 1, 0, 0.0, 1.0
63, 2, 1052, 414, 1051, 412, 1, 2, 1.1071487177940904, 2.23606797749979
63, 3, 279, 329, 279, 330, 0, -1, -1.5707963267948966, 1.0
63, 4, 253, 349, 253, 350, 0, -1, -1.5707963267948966, 1.0
63, 5, 1151, 352, 1154, 356, -3, -4, -2.214297435588181, 5.0
63, 6, 807, 23, 808, 25, -1, -2, -2.0344439357957027, 2.23606797749979
63, 7, 1182, 350, 1185, 353, -3, -3, -2.356194490192345, 4.242640687119285
63, 8, 800, 15, 800, 17, 0, -2, -1.5707963267948966, 2.0
63, 9, 792, 71, 793, 74, -1, -3, -1.892546881191539, 3.1622776601683795
63, 10, 717, 614, 720, 618, -3, -4, -2.214297435588181, 5.0
63, 11, 920, 33, 921, 33, -1, 0, 3.141592653589793, 1.0
63, 12, 710, 667, 712, 672, -2, -5, -1.9513027039072615, 5.385164807134504
63, 13, 1259, 143, 1260, 142, -1, 1, 2.356194490192345, 1.4142135623730951
63, 14, 595, 50, 595, 51, 0, -1, -1.5707963267948966, 1.0
63, 15, 140, 521, 141, 518, -1, 3, 1.892546881191539, 3.1622776601683795
63, 16, 126, 521, 128, 518, -2, 3, 2.158798930342464, 3.605551275463989
63, 17, 1209, 194, 1208, 191, 1, 3, 1.2490457723982544, 3.1622776601683795
63, 18, 639, 36, 639, 39, 0, -3, -1.5707963267948966, 3.0
63, 19, 111, 611, 110, 610, 1, 1, 0.7853981633974483, 1.4142135623730951
63, 20, 578, 106, 577, 106, 1, 0, 0.0, 1.0
63, 21, 748, 433, 750, 438, -2, -5, -1.9513027039072615, 5.385164807134504
63, 22, 803, 235, 802, 238, 1, -3, -1.2490457723982544, 3.1622776601683795
63, 23, 260, 349, 260, 350, 0, -1, -1.5707963267948966, 1.0
63, 24, 483, 75, 483, 78, 0, -3, -1.5707963267948966, 3.0
63, 25, 711, 470, 713, 472, -2, -2, -2.356194490192345, 2.8284271247461903
63, 26, 334, 363, 334, 364, 0, -1, -1.5707963267948966, 1.0
63, 27, 701, 615, 702, 620, -1, -5, -1.7681918866447774, 5.0990195135927845
63, 28, 259, 384, 259, 385, 0, -1, -1.5707963267948966, 1.0
63, 29, 492, 74, 493, 77, -1, -3, -1.892546881191539, 3.1622776601683795
63, 30, 484, 63, 485, 65, -1, -2, -2.0344439357957027, 2.23606797749979
63, 31, 799, 23, 800, 25, -1, -2, -2.0344439357957027, 2.23606797749979
63, 32, 296, 330, 296, 331, 0, -1, -1.5707963267948966, 1.0
63, 33, 677, 205, 677, 205, 0, 0, 0.0, 0.0
63, 34, 528, 211, 530, 214, -2, -3, -2.158798930342464, 3.605551275463989
63, 35, 130, 456, 131, 453, -1, 3, 1.892546881191539, 3.1622776601683795
63, 36, 756, 97, 756, 97, 0, 0, 0.0, 0.0
63, 37, 309, 336, 309, 337, 0, -1, -1.5707963267948966, 1.0
63, 38, 782, 268, 782, 272, 0, -4, -1.5707963267948966, 4.0
63, 39, 255, 397, 255, 398, 0, -1, -1.5707963267948966, 1.0
63, 40, 750, 91, 750, 91, 0, 0, 0.0, 0.0
63, 41, 174, 515, 175, 511, -1, 4, 1.8157749899217608, 4.123105625617661
63, 42, 785, 514, 789, 511, -4, 3, 2.498091544796509, 5.0
63, 43, 484, 269, 484, 273, 0, -4, -1.5707963267948966, 4.0
63, 44, 661, 13, 660, 15, 1, -2, -1.1071487177940904, 2.23606797749979
63, 45, 644, 8, 644, 11, 0, -3, -1.5707963267948966, 3.0
63, 46, 467, 273, 467, 277, 0, -4, -1.5707963267948966, 4.0
63, 47, 319, 400, 319, 401, 0, -1, -1.5707963267948966, 1.0
63, 48, 1199, 170, 1198, 167, 1, 3, 1.2490457723982544, 3.1622776601683795
63, 49, 303, 332, 303, 333, 0, -1, -1.5707963267948966, 1.0
63, 50, 1168, 304, 1170, 308, -2, -4, -2.0344439357957027, 4.47213595499958
63, 51, 785, 34, 786, 36, -1, -2, -2.0344439357957027, 2.23606797749979
63, 52, 1094, 386, 1093, 382, 1, 4, 1.3258176636680326, 4.123105625617661
63, 53, 505, 179, 507, 182, -2, -3, -2.158798930342464, 3.605551275463989
63, 54, 306, 351, 306, 352, 0, -1, -1.5707963267948966, 1.0
63, 55, 782, 556, 786, 554, -4, 2, 2.677945044588987, 4.47213595499958
63, 56, 906, 49, 908, 49, -2, 0, 3.141592653589793, 2.0
63, 57, 687, 139, 687, 138, 0, 1, 1.5707963267948966, 1.0
63, 58, 755, 474, 757, 478, -2, -4, -2.0344439357957027, 4.47213595499958
63, 59, 335, 15, 334, 16, 1, -1, -0.7853981633974483, 1.4142135623730951
63, 60, 626, 197, 626, 195, 0, 2, 1.5707963267948966, 2.0
63, 61, 812, 267, 811, 270, 1, -3, -1.2490457723982544, 3.1622776601683795
63, 62, 1085, 427, 1082, 426, 3, 1, 0.3217505543966422, 3.1622776601683795
63, 63, 1179, 320, 1182, 323, -3, -3, -2.356194490192345, 4.242640687119285
63, 64, 495, 145, 495, 147, 0, -2, -1.5707963267948966, 2.0
63, 65, 801, 507, 805, 504, -4, 3, 2.498091544796509, 5.0
63, 66, 693, 152, 694, 152, -1, 0, 3.141592653589793, 1.0
63, 67, 1169, 62, 1169, 61, 0, 1, 1.5707963267948966, 1.0
63, 68, 746, 160, 746, 160, 0, 0, 0.0, 0.0
63, 69, 1190, 225, 1189, 223, 1, 2, 1.1071487177940904, 2.23606797749979
63, 70, 1169, 55, 1169, 54, 0, 1, 1.5707963267948966, 1.0
63, 71, 1100, 42, 1099, 42, 1, 0, 0.0, 1.0
63, 72, 1133, 31, 1132, 31, 1, 0, 0.0, 1.0
63, 73, 1057, 525, 1055, 521, 2, 4, 1.1071487177940904, 4.47213595499958
63, 74, 627, 282, 628, 282, -1, 0, 3.141592653589793, 1.0
63, 75, 538, 74, 538, 75, 0, -1, -1.5707963267948966, 1.0
63, 76, 266, 391, 266, 392, 0, -1, -1.5707963267948966, 1.0
63, 77, 50, 45, 46, 46, 4, -1, -0.24497866312686414, 4.123105625617661
63, 78, 503, 215, 504, 218, -1, -3, -1.892546881191539, 3.1622776601683795
63, 79, 49, 88, 46, 90, 3, -2, -0.5880026035475675, 3.605551275463989
63, 80, 614, 22, 615, 21, -1, 1, 2.356194490192345, 1.4142135623730951
63, 81, 425, 313, 426, 312, -1, 1, 2.356194490192345, 1.4142135623730951
63, 82, 1114, 88, 1113, 89, 1, -1, -0.7853981633974483, 1.4142135623730951
63, 83, 613, 242, 613, 241, 0, 1, 1.5707963267948966, 1.0
63, 84, 1095, 73, 1095, 73, 0, 0, 0.0, 0.0
63, 85, 591, 116, 591, 117, 0, -1, -1.5707963267948966, 1.0
63, 86, 82, 138, 82, 139, 0, -1, -1.5707963267948966, 1.0
63, 87, 1063, 473, 1061, 472, 2, 1, 0.4636476090008061, 2.23606797749979
63, 88, 516, 187, 518, 190, -2, -3, -2.158798930342464, 3.605551275463989
63, 89, 545, 35, 545, 36, 0, -1, -1.5707963267948966, 1.0
63, 90, 167, 505, 168, 501, -1, 4, 1.8157749899217608, 4.123105625617661
63, 91, 1169, 201, 1169, 202, 0, -1, -1.5707963267948966, 1.0
63, 92, 289, 29, 286, 29, 3, 0, 0.0, 3.0
63, 93, 1112, 34, 1111, 34, 1, 0, 0.0, 1.0
63, 94, 476, 256, 477, 261, -1, -5, -1.7681918866447774, 5.0990195135927845
63, 95, 938, 110, 938, 111, 0, -1, -1.5707963267948966, 1.0
63, 96, 812, 30, 813, 32, -1, -2, -2.0344439357957027, 2.23606797749979
63, 97, 551, 107, 551, 108, 0, -1, -1.5707963267948966, 1.0
63, 98, 587, 41, 587, 42, 0, -1, -1.5707963267948966, 1.0
63, 99, 1166, 322, 1169, 326, -3, -4, -2.214297435588181, 5.0
63, 100, 596, 78, 596, 79, 0, -1, -1.5707963267948966, 1.0
63, 101, 331, 375, 331, 376, 0, -1, -1.5707963267948966, 1.0
63, 102, 269, 349, 269, 350, 0, -1, -1.5707963267948966, 1.0
63, 103, 653, 9, 653, 12, 0, -3, -1.5707963267948966, 3.0
63, 104, 393, 206, 393, 205, 0, 1, 1.5707963267948966, 1.0
63, 105, 1089, 94, 1089, 95, 0, -1, -1.5707963267948966, 1.0
63, 106, 805, 517, 809, 515, -4, 2, 2.677945044588987, 4.47213595499958
63, 107, 484, 147, 484, 150, 0, -3, -1.5707963267948966, 3.0
63, 108, 528, 272, 529, 275, -1, -3, -1.892546881191539, 3.1622776601683795
63, 109, 578, 56, 578, 57, 0, -1, -1.5707963267948966, 1.0
63, 110, 1171, 371, 1175, 374, -4, -3, -2.498091544796509, 5.0
63, 111, 259, 369, 259, 370, 0, -1, -1.5707963267948966, 1.0
63, 112, 934, 103, 934, 104, 0, -1, -1.5707963267948966, 1.0
63, 113, 395, 319, 395, 316, 0, 3, 1.5707963267948966, 3.0
63, 114, 684, 232, 684, 233, 0, -1, -1.5707963267948966, 1.0
63, 115, 1164, 94, 1163, 94, 1, 0, 0.0, 1.0
63, 116, 64, 76, 62, 77, 2, -1, -0.4636476090008061, 2.23606797749979
63, 117, 689, 672, 690, 675, -1, -3, -1.892546881191539, 3.1622776601683795
63, 118, 732, 496, 734, 499, -2, -3, -2.158798930342464, 3.605551275463989
63, 119, 59, 89, 57, 90, 2, -1, -0.4636476090008061, 2.23606797749979
63, 120, 1261, 174, 1261, 173, 0, 1, 1.5707963267948966, 1.0
63, 121, 249, 414, 249, 415, 0, -1, -1.5707963267948966, 1.0
63, 122, 484, 369, 484, 374, 0, -5, -1.5707963267948966, 5.0
63, 123, 333, 416, 333, 417, 0, -1, -1.5707963267948966, 1.0
63, 124, 130, 448, 131, 445, -1, 3, 1.892546881191539, 3.1622776601683795
63, 125, 795, 222, 794, 226, 1, -4, -1.3258176636680326, 4.123105625617661
63, 126, 1226, 236, 1224, 234, 2, 2, 0.7853981633974483, 2.8284271247461903
63, 127, 639, 274, 639, 273, 0, 1, 1.5707963267948966, 1.0
63, 128, 46, 77, 43, 79, 3, -2, -0.5880026035475675, 3.605551275463989
63, 129, 1161, 398, 1164, 402, -3, -4, -2.214297435588181, 5.0
63, 130, 87, 152, 87, 153, 0, -1, -1.5707963267948966, 1.0
63, 131, 745, 98, 745, 98, 0, 0, 0.0, 0.0
63, 132, 51, 108, 49, 109, 2, -1, -0.4636476090008061, 2.23606797749979
63, 133, 1193, 276, 1192, 274, 1, 2, 1.1071487177940904, 2.23606797749979
63, 134, 48, 56, 44, 58, 4, -2, -0.4636476090008061, 4.47213595499958
63, 135, 414, 275, 414, 272, 0, 3, 1.5707963267948966, 3.0
63, 136, 83, 112, 83, 112, 0, 0, 0.0, 0.0
63, 137, 777, 105, 778, 108, -1, -3, -1.892546881191539, 3.1622776601683795
63, 138, 926, 104, 926, 105, 0, -1, -1.5707963267948966, 1.0
63, 139, 166, 18, 167, 18, -1, 0, 3.141592653589793, 1.0
63, 140, 1177, 363, 1180, 367, -3, -4, -2.214297435588181, 5.0
63, 141, 159, 695, 159, 696, 0, -1, -1.5707963267948966, 1.0
63, 142, 611, 53, 611, 52, 0, 1, 1.5707963267948966, 1.0
63, 143, 281, 321, 281, 322, 0, -1, -1.5707963267948966, 1.0
63, 144, 1130, 72, 1129, 72, 1, 0, 0.0, 1.0
63, 145, 494, 303, 495, 307, -1, -4, -1.8157749899217608, 4.123105625617661
63, 146, 265, 399, 265, 400, 0, -1, -1.5707963267948966, 1.0
63, 147, 315, 24, 314, 26, 1, -2, -1.1071487177940904, 2.23606797749979
63, 148, 1101, 96, 1100, 97, 1, -1, -0.7853981633974483, 1.4142135623730951
63, 149, 1139, 124, 1138, 120, 1, 4, 1.3258176636680326, 4.123105625617661
63, 150, 1250, 216, 1247, 216, 3, 0, 0.0, 3.0
63, 151, 544, 42, 544, 43, 0, -1, -1.5707963267948966, 1.0
63, 152, 303, 393, 303, 394, 0, -1, -1.5707963267948966, 1.0
63, 153, 1060, 462, 1058, 462, 2, 0, 0.0, 2.0
63, 154, 620, 90, 620, 90, 0, 0, 0.0, 0.0
63, 155, 1213, 19, 1214, 21, -1, -2, -2.0344439357957027, 2.23606797749979
63, 156, 763, 130, 763, 130, 0, 0, 0.0, 0.0
63, 157, 307, 373, 307, 374, 0, -1, -1.5707963267948966, 1.0
63, 158, 504, 190, 506, 193, -2, -3, -2.158798930342464, 3.605551275463989
63, 159, 1223, 195, 1222, 193, 1, 2, 1.1071487177940904, 2.23606797749979
63, 160, 697, 22, 697, 23, 0, -1, -1.5707963267948966, 1.0
63, 161, 581, 111, 581, 112, 0, -1, -1.5707963267948966, 1.0
63, 162, 330, 384, 330, 385, 0, -1, -1.5707963267948966, 1.0
63, 163, 400, 271, 401, 269, -1, 2, 2.0344439357957027, 2.23606797749979
63, 164, 1124, 101, 1124, 101, 0, 0, 0.0, 0.0
63, 165, 668, 21, 667, 21, 1, 0, 0.0, 1.0
63, 166, 422, 344, 422, 344, 0, 0, 0.0, 0.0
63, 167, 78, 153, 78, 154, 0, -1, -1.5707963267948966, 1.0
63, 168, 1182, 255, 1180, 252, 2, 3, 0.982793723247329, 3.605551275463989
63, 169, 653, 71, 652, 73, 1, -2, -1.1071487177940904, 2.23606797749979
63, 170, 1196, 133, 1196, 130, 0, 3, 1.5707963267948966, 3.0
63, 171, 821, 581, 824, 579, -3, 2, 2.5535900500422257, 3.605551275463989
63, 172, 1094, 376, 1093, 372, 1, 4, 1.3258176636680326, 4.123105625617661
63, 173, 853, 69, 853, 70, 0, -1, -1.5707963267948966, 1.0
63, 174, 267, 416, 267, 417, 0, -1, -1.5707963267948966, 1.0
63, 175, 681, 147, 681, 146, 0, 1, 1.5707963267948966, 1.0
63, 176, 1205, 164, 1205, 161, 0, 3, 1.5707963267948966, 3.0
63, 177, 411, 357, 409, 354, 2, 3, 0.982793723247329, 3.605551275463989
63, 178, 267, 39, 266, 41, 1, -2, -1.1071487177940904, 2.23606797749979
63, 179, 1084, 497, 1081, 494, 3, 3, 0.7853981633974483, 4.242640687119285
63, 180, 714, 592, 716, 598, -2, -6, -1.892546881191539, 6.324555320336759
63, 181, 755, 152, 755, 149, 0, 3, 1.5707963267948966, 3.0
63, 182, 181, 33, 183, 33, -2, 0, 3.141592653589793, 2.0
63, 183, 165, 643, 163, 642, 2, 1, 0.4636476090008061, 2.23606797749979
63, 184, 503, 197, 505, 200, -2, -3, -2.158798930342464, 3.605551275463989
63, 185, 1260, 232, 1258, 230, 2, 2, 0.7853981633974483, 2.8284271247461903
63, 186, 1171, 84, 1170, 84, 1, 0, 0.0, 1.0
64, 0, 128, 529, 129, 526, -1, 3, 1.892546881191539, 3.1622776601683795
64, 1, 817, 241, 816, 244, 1, -3, -1.2490457723982544, 3.1622776601683795
64, 2, 253, 349, 253, 350, 0, -1, -1.5707963267948966, 1.0
64, 3, 280, 329, 280, 330, 0, -1, -1.5707963267948966, 1.0
64, 4, 1149, 347, 1152, 350, -3, -3, -2.356194490192345, 4.242640687119285
64, 5, 1181, 350, 1184, 353, -3, -3, -2.356194490192345, 4.242640687119285
64, 6, 808, 24, 808, 26, 0, -2, -1.5707963267948966, 2.0
64, 7, 641, 37, 640, 40, 1, -3, -1.2490457723982544, 3.1622776601683795
64, 8, 801, 16, 801, 18, 0, -2, -1.5707963267948966, 2.0
64, 9, 127, 465, 128, 462, -1, 3, 1.892546881191539, 3.1622776601683795
64, 10, 814, 47, 815, 49, -1, -2, -2.0344439357957027, 2.23606797749979
64, 11, 1055, 419, 1054, 417, 1, 2, 1.1071487177940904, 2.23606797749979
64, 12, 838, 25, 840, 26, -2, -1, -2.677945044588987, 2.23606797749979
64, 13, 260, 383, 260, 384, 0, -1, -1.5707963267948966, 1.0
64, 14, 596, 50, 596, 51, 0, -1, -1.5707963267948966, 1.0
64, 15, 712, 470, 713, 472, -1, -2, -2.0344439357957027, 2.23606797749979
64, 16, 1135, 67, 1134, 67, 1, 0, 0.0, 1.0
64, 17, 921, 33, 922, 33, -1, 0, 3.141592653589793, 1.0
64, 18, 468, 270, 469, 274, -1, -4, -1.8157749899217608, 4.123105625617661
64, 19, 139, 523, 141, 520, -2, 3, 2.158798930342464, 3.605551275463989
64, 20, 803, 235, 802, 238, 1, -3, -1.2490457723982544, 3.1622776601683795
64, 21, 717, 605, 720, 610, -3, -5, -2.1112158270654806, 5.830951894845301
64, 22, 810, 63, 811, 65, -1, -2, -2.0344439357957027, 2.23606797749979
64, 23, 185, 12, 186, 11, -1, 1, 2.356194490192345, 1.4142135623730951
64, 24, 710, 662, 711, 665, -1, -3, -1.892546881191539, 3.1622776601683795
64, 25, 699, 609, 700, 613, -1, -4, -1.8157749899217608, 4.123105625617661
64, 26, 483, 76, 483, 78, 0, -2, -1.5707963267948966, 2.0
64, 27, 529, 211, 531, 215, -2, -4, -2.0344439357957027, 4.47213595499958
64, 28, 303, 333, 303, 334, 0, -1, -1.5707963267948966, 1.0
64, 29, 110, 612, 109, 611, 1, 1, 0.7853981633974483, 1.4142135623730951
64, 30, 494, 75, 494, 77, 0, -2, -1.5707963267948966, 2.0
64, 31, 827, 36, 829, 37, -2, -1, -2.677945044588987, 2.23606797749979
64, 32, 747, 429, 749, 434, -2, -5, -1.9513027039072615, 5.385164807134504
64, 33, 1210, 195, 1209, 192, 1, 3, 1.2490457723982544, 3.1622776601683795
64, 34, 176, 517, 178, 515, -2, 2, 2.356194490192345, 2.8284271247461903
64, 35, 792, 72, 793, 74, -1, -2, -2.0344439357957027, 2.23606797749979
64, 36, 161, 652, 160, 651, 1, 1, 0.7853981633974483, 1.4142135623730951
64, 37, 801, 24, 801, 26, 0, -2, -1.5707963267948966, 2.0
64, 38, 486, 64, 486, 66, 0, -2, -1.5707963267948966, 2.0
64, 39, 260, 349, 260, 350, 0, -1, -1.5707963267948966, 1.0
64, 40, 754, 92, 754, 92, 0, 0, 0.0, 0.0
64, 41, 676, 204, 677, 204, -1, 0, 3.141592653589793, 1.0
64, 42, 639, 291, 640, 288, -1, 3, 1.892546881191539, 3.1622776601683795
64, 43, 786, 34, 787, 36, -1, -2, -2.0344439357957027, 2.23606797749979
64, 44, 506, 178, 508, 182, -2, -4, -2.0344439357957027, 4.47213595499958
64, 45, 1096, 74, 1095, 74, 1, 0, 0.0, 1.0
64, 46, 783, 267, 783, 271, 0, -4, -1.5707963267948966, 4.0
64, 47, 167, 509, 169, 505, -2, 4, 2.0344439357957027, 4.47213595499958
64, 48, 778, 559, 782, 557, -4, 2, 2.677945044588987, 4.47213595499958
64, 49, 319, 401, 319, 402, 0, -1, -1.5707963267948966, 1.0
64, 50, 495, 146, 495, 148, 0, -2, -1.5707963267948966, 2.0
64, 51, 306, 352, 306, 353, 0, -1, -1.5707963267948966, 1.0
64, 52, 726, 640, 727, 640, -1, 0, 3.141592653589793, 1.0
64, 53, 579, 108, 578, 108, 1, 0, 0.0, 1.0
64, 54, 1198, 172, 1198, 169, 0, 3, 1.5707963267948966, 3.0
64, 55, 1169, 303, 1171, 307, -2, -4, -2.0344439357957027, 4.47213595499958
64, 56, 1259, 143, 1260, 142, -1, 1, 2.356194490192345, 1.4142135623730951
64, 57, 695, 152, 695, 152, 0, 0, 0.0, 0.0
64, 58, 783, 517, 787, 514, -4, 3, 2.498091544796509, 5.0
64, 59, 270, 350, 270, 351, 0, -1, -1.5707963267948966, 1.0
64, 60, 631, 198, 631, 195, 0, 3, 1.5707963267948966, 3.0
64, 61, 255, 398, 255, 399, 0, -1, -1.5707963267948966, 1.0
64, 62, 288, 389, 288, 390, 0, -1, -1.5707963267948966, 1.0
64, 63, 649, 11, 649, 13, 0, -2, -1.5707963267948966, 2.0
64, 64, 484, 267, 484, 271, 0, -4, -1.5707963267948966, 4.0
64, 65, 267, 390, 267, 391, 0, -1, -1.5707963267948966, 1.0
64, 66, 615, 21, 616, 20, -1, 1, 2.356194490192345, 1.4142135623730951
64, 67, 1168, 56, 1168, 55, 0, 1, 1.5707963267948966, 1.0
64, 68, 800, 510, 804, 507, -4, 3, 2.498091544796509, 5.0
64, 69, 922, 41, 923, 41, -1, 0, 3.141592653589793, 1.0
64, 70, 1189, 227, 1189, 224, 0, 3, 1.5707963267948966, 3.0
64, 71, 53, 90, 50, 91, 3, -1, -0.3217505543966422, 3.1622776601683795
64, 72, 1178, 320, 1181, 323, -3, -3, -2.356194490192345, 4.242640687119285
64, 73, 642, 15, 642, 17, 0, -2, -1.5707963267948966, 2.0
64, 74, 53, 45, 49, 47, 4, -2, -0.4636476090008061, 4.47213595499958
64, 75, 687, 137, 687, 137, 0, 0, 0.0, 0.0
64, 76, 808, 270, 807, 273, 1, -3, -1.2490457723982544, 3.1622776601683795
64, 77, 745, 161, 746, 161, -1, 0, 3.141592653589793, 1.0
64, 78, 940, 28, 940, 29, 0, -1, -1.5707963267948966, 1.0
64, 79, 271, 9, 267, 10, 4, -1, -0.24497866312686414, 4.123105625617661
64, 80, 685, 231, 685, 232, 0, -1, -1.5707963267948966, 1.0
64, 81, 1250, 217, 1248, 217, 2, 0, 0.0, 2.0
64, 82, 579, 56, 579, 57, 0, -1, -1.5707963267948966, 1.0
64, 83, 1100, 42, 1099, 42, 1, 0, 0.0, 1.0
64, 84, 1114, 87, 1113, 88, 1, -1, -0.7853981633974483, 1.4142135623730951
64, 85, 538, 75, 538, 76, 0, -1, -1.5707963267948966, 1.0
64, 86, 1132, 31, 1131, 31, 1, 0, 0.0, 1.0
64, 87, 628, 281, 629, 281, -1, 0, 3.141592653589793, 1.0
64, 88, 333, 18, 333, 18, 0, 0, 0.0, 0.0
64, 89, 803, 520, 807, 518, -4, 2, 2.677945044588987, 4.47213595499958
64, 90, 597, 78, 597, 79, 0, -1, -1.5707963267948966, 1.0
64, 91, 588, 42, 588, 43, 0, -1, -1.5707963267948966, 1.0
64, 92, 1111, 34, 1110, 34, 1, 0, 0.0, 1.0
64, 93, 1096, 389, 1095, 386, 1, 3, 1.2490457723982544, 3.1622776601683795
64, 94, 1062, 531, 1059, 528, 3, 3, 0.7853981633974483, 4.242640687119285
64, 95, 1183, 256, 1182, 254, 1, 2, 1.1071487177940904, 2.23606797749979
64, 96, 1170, 202, 1170, 203, 0, -1, -1.5707963267948966, 1.0
64, 97, 10, 433, 10, 434, 0, -1, -1.5707963267948966, 1.0
64, 98, 489, 365, 488, 371, 1, -6, -1.4056476493802699, 6.082762530298219
64, 99, 1091, 440, 1088, 439, 3, 1, 0.3217505543966422, 3.1622776601683795
64, 100, 938, 110, 938, 111, 0, -1, -1.5707963267948966, 1.0
64, 101, 646, 240, 647, 240, -1, 0, 3.141592653589793, 1.0
64, 102, 1226, 241, 1224, 239, 2, 2, 0.7853981633974483, 2.8284271247461903
64, 103, 332, 376, 332, 377, 0, -1, -1.5707963267948966, 1.0
64, 104, 415, 277, 415, 273, 0, 4, 1.5707963267948966, 4.0
64, 105, 82, 139, 82, 140, 0, -1, -1.5707963267948966, 1.0
64, 106, 259, 369, 259, 370, 0, -1, -1.5707963267948966, 1.0
64, 107, 545, 36, 545, 37, 0, -1, -1.5707963267948966, 1.0
64, 108, 739, 528, 739, 529, 0, -1, -1.5707963267948966, 1.0
64, 109, 393, 204, 393, 203, 0, 1, 1.5707963267948966, 1.0
64, 110, 1090, 94, 1090, 95, 0, -1, -1.5707963267948966, 1.0
64, 111, 305, 373, 305, 374, 0, -1, -1.5707963267948966, 1.0
64, 112, 583, 113, 583, 114, 0, -1, -1.5707963267948966, 1.0
64, 113, 551, 106, 551, 107, 0, -1, -1.5707963267948966, 1.0
64, 114, 813, 31, 814, 33, -1, -2, -2.0344439357957027, 2.23606797749979
64, 115, 1193, 286, 1190, 282, 3, 4, 0.9272952180016122, 5.0
64, 116, 611, 54, 612, 53, -1, 1, 2.356194490192345, 1.4142135623730951
64, 117, 591, 117, 591, 118, 0, -1, -1.5707963267948966, 1.0
64, 118, 333, 416, 333, 417, 0, -1, -1.5707963267948966, 1.0
64, 119, 394, 320, 395, 317, -1, 3, 1.892546881191539, 3.1622776601683795
64, 120, 649, 73, 648, 75, 1, -2, -1.1071487177940904, 2.23606797749979
64, 121, 686, 654, 687, 656, -1, -2, -2.0344439357957027, 2.23606797749979
64, 122, 159, 695, 159, 696, 0, -1, -1.5707963267948966, 1.0
64, 123, 249, 414, 249, 415, 0, -1, -1.5707963267948966, 1.0
64, 124, 503, 217, 504, 221, -1, -4, -1.8157749899217608, 4.123105625617661
64, 125, 477, 255, 477, 260, 0, -5, -1.5707963267948966, 5.0
64, 126, 50, 107, 48, 108, 2, -1, -0.4636476090008061, 2.23606797749979
64, 127, 528, 268, 528, 271, 0, -3, -1.5707963267948966, 3.0
64, 128, 1165, 319, 1168, 323, -3, -4, -2.214297435588181, 5.0
64, 129, 295, 381, 295, 382, 0, -1, -1.5707963267948966, 1.0
64, 130, 166, 20, 167, 20, -1, 0, 3.141592653589793, 1.0
64, 131, 870, 52, 872, 53, -2, -1, -2.677945044588987, 2.23606797749979
64, 132, 934, 104, 934, 105, 0, -1, -1.5707963267948966, 1.0
64, 133, 52, 54, 48, 56, 4, -2, -0.4636476090008061, 4.47213595499958
64, 134, 696, 23, 696, 23, 0, 0, 0.0, 0.0
64, 135, 50, 77, 48, 79, 2, -2, -0.7853981633974483, 2.8284271247461903
64, 136, 926, 104, 926, 105, 0, -1, -1.5707963267948966, 1.0
64, 137, 164, 520, 167, 521, -3, -1, -2.819842099193151, 3.1622776601683795
64, 138, 619, 88, 619, 89, 0, -1, -1.5707963267948966, 1.0
64, 139, 1104, 100, 1104, 100, 0, 0, 0.0, 0.0
64, 140, 128, 456, 130, 452, -2, 4, 2.0344439357957027, 4.47213595499958
64, 141, 1261, 177, 1261, 176, 0, 1, 1.5707963267948966, 1.0
64, 142, 279, 359, 279, 360, 0, -1, -1.5707963267948966, 1.0
64, 143, 613, 245, 613, 245, 0, 0, 0.0, 0.0
64, 144, 794, 223, 794, 227, 0, -4, -1.5707963267948966, 4.0
64, 145, 784, 253, 784, 256, 0, -3, -1.5707963267948966, 3.0
64, 146, 400, 274, 401, 271, -1, 3, 1.892546881191539, 3.1622776601683795
64, 147, 517, 187, 519, 191, -2, -4, -2.0344439357957027, 4.47213595499958
64, 148, 327, 350, 327, 351, 0, -1, -1.5707963267948966, 1.0
64, 149, 88, 153, 88, 154, 0, -1, -1.5707963267948966, 1.0
64, 150, 820, 582, 824, 580, -4, 2, 2.677945044588987, 4.47213595499958
64, 151, 747, 97, 747, 97, 0, 0, 0.0, 0.0
64, 152, 544, 43, 544, 44, 0, -1, -1.5707963267948966, 1.0
64, 153, 486, 142, 486, 144, 0, -2, -1.5707963267948966, 2.0
64, 154, 737, 131, 737, 130, 0, 1, 1.5707963267948966, 1.0
64, 155, 267, 417, 267, 418, 0, -1, -1.5707963267948966, 1.0
64, 156, 1062, 493, 1058, 488, 4, 5, 0.8960553845713439, 6.4031242374328485
64, 157, 798, 96, 799, 98, -1, -2, -2.0344439357957027, 2.23606797749979
64, 158, 265, 399, 265, 400, 0, -1, -1.5707963267948966, 1.0
64, 159, 714, 585, 715, 591, -1, -6, -1.7359450042095235, 6.082762530298219
64, 160, 84, 111, 84, 112, 0, -1, -1.5707963267948966, 1.0
64, 161, 603, 58, 604, 58, -1, 0, 3.141592653589793, 1.0
64, 162, 423, 343, 423, 344, 0, -1, -1.5707963267948966, 1.0
64, 163, 789, 309, 789, 312, 0, -3, -1.5707963267948966, 3.0
64, 164, 1090, 496, 1086, 494, 4, 2, 0.4636476090008061, 4.47213595499958
64, 165, 656, 17, 656, 19, 0, -2, -1.5707963267948966, 2.0
64, 166, 282, 321, 282, 322, 0, -1, -1.5707963267948966, 1.0
64, 167, 287, 371, 287, 372, 0, -1, -1.5707963267948966, 1.0
64, 168, 1261, 171, 1267, 170, -6, 1, 2.976443976175166, 6.082762530298219
64, 169, 495, 299, 496, 304, -1, -5, -1.7681918866447774, 5.0990195135927845
64, 170, 1163, 96, 1163, 95, 0, 1, 1.5707963267948966, 1.0
64, 171, 247, 336, 247, 337, 0, -1, -1.5707963267948966, 1.0
64, 172, 67, 74, 65, 74, 2, 0, 0.0, 2.0
64, 173, 641, 29, 641, 31, 0, -2, -1.5707963267948966, 2.0
64, 174, 1222, 197, 1221, 194, 1, 3, 1.2490457723982544, 3.1622776601683795
64, 175, 303, 394, 303, 395, 0, -1, -1.5707963267948966, 1.0
64, 176, 475, 106, 476, 109, -1, -3, -1.892546881191539, 3.1622776601683795
64, 177, 1200, 133, 1199, 130, 1, 3, 1.2490457723982544, 3.1622776601683795
64, 178, 811, 555, 815, 553, -4, 2, 2.677945044588987, 4.47213595499958
64, 179, 1177, 362, 1180, 366, -3, -4, -2.214297435588181, 5.0
64, 180, 1049, 425, 1048, 423, 1, 2, 1.1071487177940904, 2.23606797749979
64, 181, 682, 145, 682, 145, 0, 0, 0.0, 0.0
64, 182, 390, 238, 390, 237, 0, 1, 1.5707963267948966, 1.0
64, 183, 329, 384, 329, 385, 0, -1, -1.5707963267948966, 1.0
64, 184, 163, 645, 162, 644, 1, 1, 0.7853981633974483, 1.4142135623730951
64, 185, 154, 579, 156, 575, -2, 4, 2.0344439357957027, 4.47213595499958
64, 186, 292, 30, 291, 31, 1, -1, -0.7853981633974483, 1.4142135623730951
64, 187, 703, 23, 703, 24, 0, -1, -1.5707963267948966, 1.0
64, 188, 853, 69, 853, 70, 0, -1, -1.5707963267948966, 1.0
64, 189, 1168, 369, 1172, 372, -4, -3, -2.498091544796509, 5.0
64, 190, 1248, 248, 1247, 244, 1, 4, 1.3258176636680326, 4.123105625617661
64, 191, 64, 88, 62, 88, 2, 0, 0.0, 2.0
64, 192, 1180, 234, 1179, 231, 1, 3, 1.2490457723982544, 3.1622776601683795
64, 193, 1106, 73, 1105, 73, 1, 0, 0.0, 1.0
64, 194, 78, 154, 78, 155, 0, -1, -1.5707963267948966, 1.0
64, 195, 1096, 380, 1095, 376, 1, 4, 1.3258176636680326, 4.123105625617661
64, 196, 256, 358, 256, 359, 0, -1, -1.5707963267948966, 1.0
64, 197, 710, 602, 712, 607, -2, -5, -1.9513027039072615, 5.385164807134504
64, 198, 516, 259, 516, 260, 0, -1, -1.5707963267948966, 1.0
64, 199, 1206, 165, 1206, 162, 0, 3, 1.5707963267948966, 3.0
64, 200, 416, 244, 416, 243, 0, 1, 1.5707963267948966, 1.0
64, 201, 140, 701, 137, 697, 3, 4, 0.9272952180016122, 5.0
64, 202, 1130, 72, 1129, 72, 1, 0, 0.0, 1.0
64, 203, 272, 40, 271, 42, 1, -2, -1.1071487177940904, 2.23606797749979
64, 204, 503, 195, 505, 199, -2, -4, -2.0344439357957027, 4.47213595499958
64, 205, 1196, 127, 1195, 124, 1, 3, 1.2490457723982544, 3.1622776601683795
64, 206, 718, 695, 722, 701, -4, -6, -2.158798930342464, 7.211102550927978
64, 207, 707, 694, 708, 694, -1, 0, 3.141592653589793, 1.0
64, 208, 1152, 136, 1151, 135, 1, 1, 0.7853981633974483, 1.4142135623730951
65, 0, 127, 532, 128, 529, -1, 3, 1.892546881191539, 3.1622776601683795
65, 1, 818, 237, 817, 241, 1, -4, -1.3258176636680326, 4.123105625617661
65, 2, 253, 348, 253, 349, 0, -1, -1.5707963267948966, 1.0
65, 3, 280, 328, 280, 329, 0, -1, -1.5707963267948966, 1.0
65, 4, 1146, 344, 1149, 347, -3, -3, -2.356194490192345, 4.242640687119285
65, 5, 1178, 347, 1181, 350, -3, -3, -2.356194490192345, 4.242640687119285
65, 6, 808, 21, 808, 24, 0, -3, -1.5707963267948966, 3.0
65, 7, 642, 35, 641, 37, 1, -2, -1.1071487177940904, 2.23606797749979
65, 8, 801, 13, 801, 16, 0, -3, -1.5707963267948966, 3.0
65, 9, 125, 468, 127, 465, -2, 3, 2.158798930342464, 3.605551275463989
65, 10, 813, 45, 814, 47, -1, -2, -2.0344439357957027, 2.23606797749979
65, 11, 1056, 421, 1055, 419, 1, 2, 1.1071487177940904, 2.23606797749979
65, 12, 260, 382, 260, 383, 0, -1, -1.5707963267948966, 1.0
65, 13, 596, 49, 596, 50, 0, -1, -1.5707963267948966, 1.0
65, 14, 711, 468, 712, 470, -1, -2, -2.0344439357957027, 2.23606797749979
65, 15, 1136, 67, 1135, 67, 1, 0, 0.0, 1.0
65, 16, 467, 266, 468, 270, -1, -4, -1.8157749899217608, 4.123105625617661
65, 17, 138, 526, 139, 523, -1, 3, 1.892546881191539, 3.1622776601683795
65, 18, 804, 231, 803, 235, 1, -4, -1.3258176636680326, 4.123105625617661
65, 19, 714, 600, 717, 605, -3, -5, -2.1112158270654806, 5.830951894845301
65, 20, 809, 61, 810, 63, -1, -2, -2.0344439357957027, 2.23606797749979
65, 21, 184, 12, 185, 12, -1, 0, 3.141592653589793, 1.0
65, 22, 708, 659, 710, 662, -2, -3, -2.158798930342464, 3.605551275463989
65, 23, 698, 605, 699, 609, -1, -4, -1.8157749899217608, 4.123105625617661
65, 24, 483, 74, 483, 76, 0, -2, -1.5707963267948966, 2.0
65, 25, 527, 208, 529, 211, -2, -3, -2.158798930342464, 3.605551275463989
65, 26, 303, 332, 303, 333, 0, -1, -1.5707963267948966, 1.0
65, 27, 111, 613, 110, 612, 1, 1, 0.7853981633974483, 1.4142135623730951
65, 28, 494, 73, 494, 75, 0, -2, -1.5707963267948966, 2.0
65, 29, 745, 425, 747, 429, -2, -4, -2.0344439357957027, 4.47213595499958
65, 30, 1211, 198, 1210, 195, 1, 3, 1.2490457723982544, 3.1622776601683795
65, 31, 174, 518, 176, 517, -2, 1, 2.677945044588987, 2.23606797749979
65, 32, 791, 69, 792, 72, -1, -3, -1.892546881191539, 3.1622776601683795
65, 33, 162, 652, 161, 652, 1, 0, 0.0, 1.0
65, 34, 801, 21, 801, 24, 0, -3, -1.5707963267948966, 3.0
65, 35, 486, 62, 486, 64, 0, -2, -1.5707963267948966, 2.0
65, 36, 260, 348, 260, 349, 0, -1, -1.5707963267948966, 1.0
65, 37, 754, 92, 754, 92, 0, 0, 0.0, 0.0
65, 38, 675, 204, 676, 204, -1, 0, 3.141592653589793, 1.0
65, 39, 639, 293, 639, 291, 0, 2, 1.5707963267948966, 2.0
65, 40, 786, 32, 786, 34, 0, -2, -1.5707963267948966, 2.0
65, 41, 505, 174, 506, 178, -1, -4, -1.8157749899217608, 4.123105625617661
65, 42, 1097, 74, 1096, 74, 1, 0, 0.0, 1.0
65, 43, 784, 262, 783, 267, 1, -5, -1.373400766945016, 5.0990195135927845
65, 44, 165, 512, 167, 509, -2, 3, 2.158798930342464, 3.605551275463989
65, 45, 774, 561, 778, 559, -4, 2, 2.677945044588987, 4.47213595499958
65, 46, 319, 400, 319, 401, 0, -1, -1.5707963267948966, 1.0
65, 47, 495, 144, 495, 146, 0, -2, -1.5707963267948966, 2.0
65, 48, 306, 351, 306, 352, 0, -1, -1.5707963267948966, 1.0
65, 49, 725, 640, 726, 640, -1, 0, 3.141592653589793, 1.0
65, 50, 580, 107, 579, 108, 1, -1, -0.7853981633974483, 1.4142135623730951
65, 51, 1199, 174, 1198, 172, 1, 2, 1.1071487177940904, 2.23606797749979
65, 52, 1167, 299, 1169, 303, -2, -4, -2.0344439357957027, 4.47213595499958
65, 53, 1258, 145, 1259, 143, -1, 2, 2.0344439357957027, 2.23606797749979
65, 54, 695, 152, 695, 152, 0, 0, 0.0, 0.0
65, 55, 779, 520, 783, 517, -4, 3, 2.498091544796509, 5.0
65, 56, 270, 349, 270, 350, 0, -1, -1.5707963267948966, 1.0
65, 57, 631, 201, 631, 198, 0, 3, 1.5707963267948966, 3.0
65, 58, 255, 397, 255, 398, 0, -1, -1.5707963267948966, 1.0
65, 59, 288, 388, 288, 389, 0, -1, -1.5707963267948966, 1.0
65, 60, 650, 9, 649, 11, 1, -2, -1.1071487177940904, 2.23606797749979
65, 61, 484, 262, 484, 267, 0, -5, -1.5707963267948966, 5.0
65, 62, 267, 389, 267, 390, 0, -1, -1.5707963267948966, 1.0
65, 63, 614, 22, 615, 21, -1, 1, 2.356194490192345, 1.4142135623730951
65, 64, 1169, 57, 1168, 56, 1, 1, 0.7853981633974483, 1.4142135623730951
65, 65, 797, 513, 800, 510, -3, 3, 2.356194490192345, 4.242640687119285
65, 66, 1190, 230, 1189, 227, 1, 3, 1.2490457723982544, 3.1622776601683795
65, 67, 56, 89, 53, 90, 3, -1, -0.3217505543966422, 3.1622776601683795
65, 68, 1175, 317, 1178, 320, -3, -3, -2.356194490192345, 4.242640687119285
65, 69, 642, 13, 642, 15, 0, -2, -1.5707963267948966, 2.0
65, 70, 57, 43, 53, 45, 4, -2, -0.4636476090008061, 4.47213595499958
65, 71, 687, 137, 687, 137, 0, 0, 0.0, 0.0
65, 72, 809, 267, 808, 270, 1, -3, -1.2490457723982544, 3.1622776601683795
65, 73, 745, 161, 745, 161, 0, 0, 0.0, 0.0
65, 74, 940, 27, 940, 28, 0, -1, -1.5707963267948966, 1.0
65, 75, 685, 230, 685, 231, 0, -1, -1.5707963267948966, 1.0
65, 76, 1252, 218, 1250, 217, 2, 1, 0.4636476090008061, 2.23606797749979
65, 77, 579, 55, 579, 56, 0, -1, -1.5707963267948966, 1.0
65, 78, 1102, 42, 1100, 42, 2, 0, 0.0, 2.0
65, 79, 1115, 86, 1114, 87, 1, -1, -0.7853981633974483, 1.4142135623730951
65, 80, 538, 74, 538, 75, 0, -1, -1.5707963267948966, 1.0
65, 81, 1133, 30, 1132, 31, 1, -1, -0.7853981633974483, 1.4142135623730951
65, 82, 628, 280, 628, 281, 0, -1, -1.5707963267948966, 1.0
65, 83, 333, 17, 333, 18, 0, -1, -1.5707963267948966, 1.0
65, 84, 800, 523, 803, 520, -3, 3, 2.356194490192345, 4.242640687119285
65, 85, 597, 77, 597, 78, 0, -1, -1.5707963267948966, 1.0
65, 86, 588, 41, 588, 42, 0, -1, -1.5707963267948966, 1.0
65, 87, 1113, 34, 1111, 34, 2, 0, 0.0, 2.0
65, 88, 1097, 392, 1096, 389, 1, 3, 1.2490457723982544, 3.1622776601683795
65, 89, 1065, 534, 1062, 531, 3, 3, 0.7853981633974483, 4.242640687119285
65, 90, 1184, 258, 1183, 256, 1, 2, 1.1071487177940904, 2.23606797749979
65, 91, 1170, 201, 1170, 202, 0, -1, -1.5707963267948966, 1.0
65, 92, 10, 432, 10, 433, 0, -1, -1.5707963267948966, 1.0
65, 93, 490, 360, 489, 365, 1, -5, -1.373400766945016, 5.0990195135927845
65, 94, 1094, 441, 1091, 440, 3, 1, 0.3217505543966422, 3.1622776601683795
65, 95, 938, 109, 938, 110, 0, -1, -1.5707963267948966, 1.0
65, 96, 646, 240, 646, 240, 0, 0, 0.0, 0.0
65, 97, 1228, 243, 1226, 241, 2, 2, 0.7853981633974483, 2.8284271247461903
65, 98, 332, 375, 332, 376, 0, -1, -1.5707963267948966, 1.0
65, 99, 414, 280, 415, 277, -1, 3, 1.892546881191539, 3.1622776601683795
65, 100, 82, 138, 82, 139, 0, -1, -1.5707963267948966, 1.0
65, 101, 259, 368, 259, 369, 0, -1, -1.5707963267948966, 1.0
65, 102, 545, 35, 545, 36, 0, -1, -1.5707963267948966, 1.0
65, 103, 739, 527, 739, 528, 0, -1, -1.5707963267948966, 1.0
65, 104, 393, 204, 393, 204, 0, 0, 0.0, 0.0
65, 105, 1090, 94, 1090, 94, 0, 0, 0.0, 0.0
65, 106, 305, 372, 305, 373, 0, -1, -1.5707963267948966, 1.0
65, 107, 584, 112, 583, 113, 1, -1, -0.7853981633974483, 1.4142135623730951
65, 108, 551, 105, 551, 106, 0, -1, -1.5707963267948966, 1.0
65, 109, 813, 29, 813, 31, 0, -2, -1.5707963267948966, 2.0
65, 110, 1196, 289, 1193, 286, 3, 3, 0.7853981633974483, 4.242640687119285
65, 111, 611, 54, 611, 54, 0, 0, 0.0, 0.0
65, 112, 591, 116, 591, 117, 0, -1, -1.5707963267948966, 1.0
65, 113, 333, 415, 333, 416, 0, -1, -1.5707963267948966, 1.0
65, 114, 393, 323, 394, 320, -1, 3, 1.892546881191539, 3.1622776601683795
65, 115, 650, 71, 649, 73, 1, -2, -1.1071487177940904, 2.23606797749979
65, 116, 686, 651, 686, 654, 0, -3, -1.5707963267948966, 3.0
65, 117, 159, 694, 159, 695, 0, -1, -1.5707963267948966, 1.0
65, 118, 249, 413, 249, 414, 0, -1, -1.5707963267948966, 1.0
65, 119, 502, 213, 503, 217, -1, -4, -1.8157749899217608, 4.123105625617661
65, 120, 477, 250, 477, 255, 0, -5, -1.5707963267948966, 5.0
65, 121, 53, 106, 50, 107, 3, -1, -0.3217505543966422, 3.1622776601683795
65, 122, 528, 265, 528, 268, 0, -3, -1.5707963267948966, 3.0
65, 123, 1162, 315, 1165, 319, -3, -4, -2.214297435588181, 5.0
65, 124, 295, 380, 295, 381, 0, -1, -1.5707963267948966, 1.0
65, 125, 165, 20, 166, 20, -1, 0, 3.141592653589793, 1.0
65, 126, 868, 51, 870, 52, -2, -1, -2.677945044588987, 2.23606797749979
65, 127, 934, 103, 934, 104, 0, -1, -1.5707963267948966, 1.0
65, 128, 56, 52, 52, 54, 4, -2, -0.4636476090008061, 4.47213595499958
65, 129, 696, 23, 696, 23, 0, 0, 0.0, 0.0
65, 130, 53, 75, 50, 77, 3, -2, -0.5880026035475675, 3.605551275463989
65, 131, 926, 103, 926, 104, 0, -1, -1.5707963267948966, 1.0
65, 132, 162, 521, 164, 520, -2, 1, 2.677945044588987, 2.23606797749979
65, 133, 619, 87, 619, 88, 0, -1, -1.5707963267948966, 1.0
65, 134, 1104, 100, 1104, 100, 0, 0, 0.0, 0.0
65, 135, 126, 460, 128, 456, -2, 4, 2.0344439357957027, 4.47213595499958
65, 136, 1261, 178, 1261, 177, 0, 1, 1.5707963267948966, 1.0
65, 137, 279, 358, 279, 359, 0, -1, -1.5707963267948966, 1.0
65, 138, 613, 245, 613, 245, 0, 0, 0.0, 0.0
65, 139, 795, 219, 794, 223, 1, -4, -1.3258176636680326, 4.123105625617661
65, 140, 784, 250, 784, 253, 0, -3, -1.5707963267948966, 3.0
65, 141, 399, 277, 400, 274, -1, 3, 1.892546881191539, 3.1622776601683795
65, 142, 515, 183, 517, 187, -2, -4, -2.0344439357957027, 4.47213595499958
65, 143, 327, 349, 327, 350, 0, -1, -1.5707963267948966, 1.0
65, 144, 88, 152, 88, 153, 0, -1, -1.5707963267948966, 1.0
65, 145, 817, 584, 820, 582, -3, 2, 2.5535900500422257, 3.605551275463989
65, 146, 747, 97, 747, 97, 0, 0, 0.0, 0.0
65, 147, 544, 42, 544, 43, 0, -1, -1.5707963267948966, 1.0
65, 148, 486, 140, 486, 142, 0, -2, -1.5707963267948966, 2.0
65, 149, 737, 131, 737, 131, 0, 0, 0.0, 0.0
65, 150, 267, 416, 267, 417, 0, -1, -1.5707963267948966, 1.0
65, 151, 1066, 496, 1062, 493, 4, 3, 0.6435011087932844, 5.0
65, 152, 797, 94, 798, 96, -1, -2, -2.0344439357957027, 2.23606797749979
65, 153, 265, 398, 265, 399, 0, -1, -1.5707963267948966, 1.0
65, 154, 712, 580, 714, 585, -2, -5, -1.9513027039072615, 5.385164807134504
65, 155, 84, 110, 84, 111, 0, -1, -1.5707963267948966, 1.0
65, 156, 603, 58, 603, 58, 0, 0, 0.0, 0.0
65, 157, 423, 343, 423, 343, 0, 0, 0.0, 0.0
65, 158, 789, 304, 789, 309, 0, -5, -1.5707963267948966, 5.0
65, 159, 1093, 499, 1090, 496, 3, 3, 0.7853981633974483, 4.242640687119285
65, 160, 657, 15, 656, 17, 1, -2, -1.1071487177940904, 2.23606797749979
65, 161, 282, 320, 282, 321, 0, -1, -1.5707963267948966, 1.0
65, 162, 287, 370, 287, 371, 0, -1, -1.5707963267948966, 1.0
65, 163, 1261, 171, 1261, 171, 0, 0, 0.0, 0.0
65, 164, 494, 294, 495, 299, -1, -5, -1.7681918866447774, 5.0990195135927845
65, 165, 1163, 97, 1163, 96, 0, 1, 1.5707963267948966, 1.0
65, 166, 247, 335, 247, 336, 0, -1, -1.5707963267948966, 1.0
65, 167, 70, 74, 67, 74, 3, 0, 0.0, 3.0
65, 168, 641, 27, 641, 29, 0, -2, -1.5707963267948966, 2.0
65, 169, 1223, 200, 1222, 197, 1, 3, 1.2490457723982544, 3.1622776601683795
65, 170, 303, 393, 303, 394, 0, -1, -1.5707963267948966, 1.0
65, 171, 475, 103, 475, 106, 0, -3, -1.5707963267948966, 3.0
65, 172, 1201, 135, 1200, 133, 1, 2, 1.1071487177940904, 2.23606797749979
65, 173, 807, 557, 811, 555, -4, 2, 2.677945044588987, 4.47213595499958
65, 174, 1174, 359, 1177, 362, -3, -3, -2.356194490192345, 4.242640687119285
65, 175, 1050, 427, 1049, 425, 1, 2, 1.1071487177940904, 2.23606797749979
65, 176, 682, 145, 682, 145, 0, 0, 0.0, 0.0
65, 177, 390, 239, 390, 238, 0, 1, 1.5707963267948966, 1.0
65, 178, 329, 383, 329, 384, 0, -1, -1.5707963267948966, 1.0
65, 179, 164, 645, 163, 645, 1, 0, 0.0, 1.0
65, 180, 154, 581, 154, 579, 0, 2, 1.5707963267948966, 2.0
65, 181, 293, 29, 292, 30, 1, -1, -0.7853981633974483, 1.4142135623730951
65, 182, 703, 22, 703, 23, 0, -1, -1.5707963267948966, 1.0
65, 183, 853, 68, 853, 69, 0, -1, -1.5707963267948966, 1.0
65, 184, 1164, 366, 1168, 369, -4, -3, -2.498091544796509, 5.0
65, 185, 1249, 252, 1248, 248, 1, 4, 1.3258176636680326, 4.123105625617661
65, 186, 66, 88, 64, 88, 2, 0, 0.0, 2.0
65, 187, 1181, 237, 1180, 234, 1, 3, 1.2490457723982544, 3.1622776601683795
65, 188, 1107, 73, 1106, 73, 1, 0, 0.0, 1.0
65, 189, 78, 153, 78, 154, 0, -1, -1.5707963267948966, 1.0
65, 190, 1097, 384, 1096, 380, 1, 4, 1.3258176636680326, 4.123105625617661
65, 191, 256, 357, 256, 358, 0, -1, -1.5707963267948966, 1.0
65, 192, 708, 597, 710, 602, -2, -5, -1.9513027039072615, 5.385164807134504
65, 193, 516, 258, 516, 259, 0, -1, -1.5707963267948966, 1.0
65, 194, 1206, 167, 1206, 165, 0, 2, 1.5707963267948966, 2.0
65, 195, 416, 245, 416, 244, 0, 1, 1.5707963267948966, 1.0
65, 196, 143, 701, 140, 701, 3, 0, 0.0, 3.0
65, 197, 1131, 72, 1130, 72, 1, 0, 0.0, 1.0
65, 198, 275, 38, 272, 40, 3, -2, -0.5880026035475675, 3.605551275463989
65, 199, 501, 191, 503, 195, -2, -4, -2.0344439357957027, 4.47213595499958
65, 200, 1197, 129, 1196, 127, 1, 2, 1.1071487177940904, 2.23606797749979
65, 201, 716, 691, 718, 695, -2, -4, -2.0344439357957027, 4.47213595499958
65, 202, 706, 691, 707, 694, -1, -3, -1.892546881191539, 3.1622776601683795
65, 203, 1154, 137, 1152, 136, 2, 1, 0.4636476090008061, 2.23606797749979
66, 0, 819, 238, 818, 241, 1, -3, -1.2490457723982544, 3.1622776601683795
66, 1, 254, 349, 254, 350, 0, -1, -1.5707963267948966, 1.0
66, 2, 1146, 342, 1149, 346, -3, -4, -2.214297435588181, 5.0
66, 3, 1177, 347, 1181, 350, -4, -3, -2.498091544796509, 5.0
66, 4, 163, 651, 162, 651, 1, 0, 0.0, 1.0
66, 5, 711, 469, 713, 471, -2, -2, -2.356194490192345, 2.8284271247461903
66, 6, 1057, 426, 1056, 424, 1, 2, 1.1071487177940904, 2.23606797749979
66, 7, 641, 36, 641, 38, 0, -2, -1.5707963267948966, 2.0
66, 8, 527, 208, 529, 212, -2, -4, -2.0344439357957027, 4.47213595499958
66, 9, 807, 22, 808, 25, -1, -3, -1.892546881191539, 3.1622776601683795
66, 10, 787, 32, 788, 34, -1, -2, -2.0344439357957027, 2.23606797749979
66, 11, 260, 383, 260, 384, 0, -1, -1.5707963267948966, 1.0
66, 12, 124, 470, 126, 467, -2, 3, 2.158798930342464, 3.605551275463989
66, 13, 800, 13, 801, 16, -1, -3, -1.892546881191539, 3.1622776601683795
66, 14, 304, 333, 304, 334, 0, -1, -1.5707963267948966, 1.0
66, 15, 165, 526, 168, 525, -3, 1, 2.819842099193151, 3.1622776601683795
66, 16, 813, 45, 814, 47, -1, -2, -2.0344439357957027, 2.23606797749979
66, 17, 401, 267, 402, 265, -1, 2, 2.0344439357957027, 2.23606797749979
66, 18, 1144, 371, 1148, 377, -4, -6, -2.158798930342464, 7.211102550927978
66, 19, 334, 365, 334, 366, 0, -1, -1.5707963267948966, 1.0
66, 20, 697, 601, 698, 606, -1, -5, -1.7681918866447774, 5.0990195135927845
66, 21, 1212, 198, 1211, 195, 1, 3, 1.2490457723982544, 3.1622776601683795
66, 22, 137, 527, 138, 525, -1, 2, 2.0344439357957027, 2.23606797749979
66, 23, 493, 73, 494, 75, -1, -2, -2.0344439357957027, 2.23606797749979
66, 24, 676, 205, 677, 205, -1, 0, 3.141592653589793, 1.0
66, 25, 581, 107, 580, 107, 1, 0, 0.0, 1.0
66, 26, 483, 71, 484, 73, -1, -2, -2.0344439357957027, 2.23606797749979
66, 27, 804, 229, 803, 233, 1, -4, -1.3258176636680326, 4.123105625617661
66, 28, 261, 351, 261, 352, 0, -1, -1.5707963267948966, 1.0
66, 29, 174, 521, 177, 520, -3, 1, 2.819842099193151, 3.1622776601683795
66, 30, 715, 599, 718, 604, -3, -5, -2.1112158270654806, 5.830951894845301
66, 31, 184, 13, 185, 12, -1, 1, 2.356194490192345, 1.4142135623730951
66, 32, 280, 327, 280, 329, 0, -2, -1.5707963267948966, 2.0
66, 33, 919, 33, 921, 33, -2, 0, 3.141592653589793, 2.0
66, 34, 112, 614, 111, 612, 1, 2, 1.1071487177940904, 2.23606797749979
66, 35, 255, 397, 255, 398, 0, -1, -1.5707963267948966, 1.0
66, 36, 1102, 78, 1101, 78, 1, 0, 0.0, 1.0
66, 37, 1259, 145, 1260, 144, -1, 1, 2.356194490192345, 1.4142135623730951
66, 38, 485, 62, 486, 64, -1, -2, -2.0344439357957027, 2.23606797749979
66, 39, 801, 21, 801, 24, 0, -3, -1.5707963267948966, 3.0
66, 40, 1176, 316, 1179, 320, -3, -4, -2.214297435588181, 5.0
66, 41, 506, 175, 507, 179, -1, -4, -1.8157749899217608, 4.123105625617661
66, 42, 758, 99, 758, 98, 0, 1, 1.5707963267948966, 1.0
66, 43, 495, 145, 495, 147, 0, -2, -1.5707963267948966, 2.0
66, 44, 306, 351, 306, 352, 0, -1, -1.5707963267948966, 1.0
66, 45, 165, 513, 167, 510, -2, 3, 2.158798930342464, 3.605551275463989
66, 46, 810, 61, 811, 63, -1, -2, -2.0344439357957027, 2.23606797749979
66, 47, 780, 520, 783, 517, -3, 3, 2.356194490192345, 4.242640687119285
66, 48, 1136, 67, 1135, 67, 1, 0, 0.0, 1.0
66, 49, 785, 251, 785, 253, 0, -2, -1.5707963267948966, 2.0
66, 50, 746, 426, 748, 430, -2, -4, -2.0344439357957027, 4.47213595499958
66, 51, 647, 240, 647, 239, 0, 1, 1.5707963267948966, 1.0
66, 52, 289, 388, 289, 389, 0, -1, -1.5707963267948966, 1.0
66, 53, 1113, 87, 1113, 87, 0, 0, 0.0, 0.0
66, 54, 469, 266, 469, 269, 0, -3, -1.5707963267948966, 3.0
66, 55, 775, 562, 778, 560, -3, 2, 2.5535900500422257, 3.605551275463989
66, 56, 1169, 57, 1169, 56, 0, 1, 1.5707963267948966, 1.0
66, 57, 57, 43, 53, 45, 4, -2, -0.4636476090008061, 4.47213595499958
66, 58, 319, 400, 319, 401, 0, -1, -1.5707963267948966, 1.0
66, 59, 59, 89, 57, 90, 2, -1, -0.4636476090008061, 2.23606797749979
66, 60, 751, 93, 751, 92, 0, 1, 1.5707963267948966, 1.0
66, 61, 650, 10, 650, 12, 0, -2, -1.5707963267948966, 2.0
66, 62, 1098, 395, 1097, 392, 1, 3, 1.2490457723982544, 3.1622776601683795
66, 63, 688, 138, 688, 138, 0, 0, 0.0, 0.0
66, 64, 597, 78, 597, 79, 0, -1, -1.5707963267948966, 1.0
66, 65, 484, 261, 484, 265, 0, -4, -1.5707963267948966, 4.0
66, 66, 745, 161, 746, 161, -1, 0, 3.141592653589793, 1.0
66, 67, 1191, 230, 1190, 227, 1, 3, 1.2490457723982544, 3.1622776601683795
66, 68, 695, 152, 695, 152, 0, 0, 0.0, 0.0
66, 69, 1199, 173, 1199, 171, 0, 2, 1.5707963267948966, 2.0
66, 70, 807, 559, 811, 557, -4, 2, 2.677945044588987, 4.47213595499958
66, 71, 616, 23, 617, 22, -1, 1, 2.356194490192345, 1.4142135623730951
66, 72, 1102, 43, 1100, 43, 2, 0, 0.0, 2.0
66, 73, 791, 70, 792, 72, -1, -2, -2.0344439357957027, 2.23606797749979
66, 74, 579, 56, 579, 57, 0, -1, -1.5707963267948966, 1.0
66, 75, 801, 524, 804, 521, -3, 3, 2.356194490192345, 4.242640687119285
66, 76, 538, 75, 538, 76, 0, -1, -1.5707963267948966, 1.0
66, 77, 643, 14, 643, 16, 0, -2, -1.5707963267948966, 2.0
66, 78, 334, 17, 334, 18, 0, -1, -1.5707963267948966, 1.0
66, 79, 632, 201, 632, 198, 0, 3, 1.5707963267948966, 3.0
66, 80, 685, 231, 685, 232, 0, -1, -1.5707963267948966, 1.0
66, 81, 393, 206, 393, 205, 0, 1, 1.5707963267948966, 1.0
66, 82, 798, 514, 801, 511, -3, 3, 2.356194490192345, 4.242640687119285
66, 83, 1168, 300, 1170, 304, -2, -4, -2.0344439357957027, 4.47213595499958
66, 84, 1252, 219, 1251, 218, 1, 1, 0.7853981633974483, 1.4142135623730951
66, 85, 11, 433, 11, 434, 0, -1, -1.5707963267948966, 1.0
66, 86, 1133, 29, 1133, 30, 0, -1, -1.5707963267948966, 1.0
66, 87, 415, 279, 416, 276, -1, 3, 1.892546881191539, 3.1622776601683795
66, 88, 1184, 259, 1184, 257, 0, 2, 1.5707963267948966, 2.0
66, 89, 267, 390, 267, 391, 0, -1, -1.5707963267948966, 1.0
66, 90, 588, 42, 588, 43, 0, -1, -1.5707963267948966, 1.0
66, 91, 1148, 395, 1149, 397, -1, -2, -2.0344439357957027, 2.23606797749979
66, 92, 331, 375, 331, 376, 0, -1, -1.5707963267948966, 1.0
66, 93, 546, 35, 546, 36, 0, -1, -1.5707963267948966, 1.0
66, 94, 249, 414, 249, 415, 0, -1, -1.5707963267948966, 1.0
66, 95, 813, 28, 814, 31, -1, -3, -1.892546881191539, 3.1622776601683795
66, 96, 1170, 64, 1170, 63, 0, 1, 1.5707963267948966, 1.0
66, 97, 394, 324, 395, 321, -1, 3, 1.892546881191539, 3.1622776601683795
66, 98, 53, 103, 51, 104, 2, -1, -0.4636476090008061, 2.23606797749979
66, 99, 489, 135, 489, 138, 0, -3, -1.5707963267948966, 3.0
66, 100, 1090, 94, 1090, 95, 0, -1, -1.5707963267948966, 1.0
66, 101, 1113, 35, 1112, 35, 1, 0, 0.0, 1.0
66, 102, 810, 267, 810, 270, 0, -3, -1.5707963267948966, 3.0
66, 103, 490, 357, 489, 361, 1, -4, -1.3258176636680326, 4.123105625617661
66, 104, 86, 105, 86, 106, 0, -1, -1.5707963267948966, 1.0
66, 105, 739, 528, 739, 529, 0, -1, -1.5707963267948966, 1.0
66, 106, 1170, 201, 1170, 202, 0, -1, -1.5707963267948966, 1.0
66, 107, 305, 372, 305, 373, 0, -1, -1.5707963267948966, 1.0
66, 108, 696, 23, 696, 23, 0, 0, 0.0, 0.0
66, 109, 755, 158, 755, 157, 0, 1, 1.5707963267948966, 1.0
66, 110, 551, 108, 551, 109, 0, -1, -1.5707963267948966, 1.0
66, 111, 721, 648, 724, 648, -3, 0, 3.141592653589793, 3.0
66, 112, 154, 583, 155, 583, -1, 0, 3.141592653589793, 1.0
66, 113, 785, 264, 784, 268, 1, -4, -1.3258176636680326, 4.123105625617661
66, 114, 691, 638, 692, 640, -1, -2, -2.0344439357957027, 2.23606797749979
66, 115, 1152, 137, 1150, 135, 2, 2, 0.7853981633974483, 2.8284271247461903
66, 116, 501, 213, 503, 217, -2, -4, -2.0344439357957027, 4.47213595499958
66, 117, 629, 280, 629, 281, 0, -1, -1.5707963267948966, 1.0
66, 118, 934, 103, 934, 104, 0, -1, -1.5707963267948966, 1.0
66, 119, 82, 139, 82, 140, 0, -1, -1.5707963267948966, 1.0
66, 120, 88, 152, 88, 153, 0, -1, -1.5707963267948966, 1.0
66, 121, 1115, 539, 1113, 538, 2, 1, 0.4636476090008061, 2.23606797749979
66, 122, 159, 695, 159, 696, 0, -1, -1.5707963267948966, 1.0
66, 123, 515, 184, 517, 188, -2, -4, -2.0344439357957027, 4.47213595499958
66, 124, 1065, 535, 1063, 532, 2, 3, 0.982793723247329, 3.605551275463989
66, 125, 166, 20, 167, 20, -1, 0, 3.141592653589793, 1.0
66, 126, 611, 54, 612, 54, -1, 0, 3.141592653589793, 1.0
66, 127, 796, 220, 795, 224, 1, -4, -1.3258176636680326, 4.123105625617661
66, 128, 56, 52, 52, 54, 4, -2, -0.4636476090008061, 4.47213595499958
66, 129, 333, 416, 333, 417, 0, -1, -1.5707963267948966, 1.0
66, 130, 747, 99, 747, 98, 0, 1, 1.5707963267948966, 1.0
66, 131, 642, 27, 642, 29, 0, -2, -1.5707963267948966, 2.0
66, 132, 1104, 101, 1104, 101, 0, 0, 0.0, 0.0
66, 133, 247, 335, 247, 336, 0, -1, -1.5707963267948966, 1.0
66, 134, 926, 104, 926, 105, 0, -1, -1.5707963267948966, 1.0
66, 135, 763, 129, 763, 129, 0, 0, 0.0, 0.0
66, 136, 417, 246, 417, 245, 0, 1, 1.5707963267948966, 1.0
66, 137, 854, 32, 856, 33, -2, -1, -2.677945044588987, 2.23606797749979
66, 138, 652, 73, 651, 74, 1, -1, -0.7853981633974483, 1.4142135623730951
66, 139, 1224, 201, 1223, 198, 1, 3, 1.2490457723982544, 3.1622776601683795
66, 140, 477, 250, 477, 255, 0, -5, -1.5707963267948966, 5.0
66, 141, 127, 461, 129, 457, -2, 4, 2.0344439357957027, 4.47213595499958
66, 142, 282, 321, 282, 322, 0, -1, -1.5707963267948966, 1.0
66, 143, 1227, 246, 1226, 243, 1, 3, 1.2490457723982544, 3.1622776601683795
66, 144, 420, 342, 420, 343, 0, -1, -1.5707963267948966, 1.0
66, 145, 123, 529, 125, 527, -2, 2, 2.356194490192345, 2.8284271247461903
66, 146, 798, 95, 799, 97, -1, -2, -2.0344439357957027, 2.23606797749979
66, 147, 544, 42, 544, 43, 0, -1, -1.5707963267948966, 1.0
66, 148, 592, 116, 592, 117, 0, -1, -1.5707963267948966, 1.0
66, 149, 1261, 173, 1267, 172, -6, 1, 2.976443976175166, 6.082762530298219
66, 150, 658, 15, 658, 17, 0, -2, -1.5707963267948966, 2.0
66, 151, 391, 239, 391, 238, 0, 1, 1.5707963267948966, 1.0
66, 152, 279, 359, 279, 360, 0, -1, -1.5707963267948966, 1.0
66, 153, 613, 247, 613, 247, 0, 0, 0.0, 0.0
66, 154, 265, 399, 265, 400, 0, -1, -1.5707963267948966, 1.0
66, 155, 295, 380, 295, 381, 0, -1, -1.5707963267948966, 1.0
66, 156, 1200, 136, 1199, 134, 1, 2, 1.1071487177940904, 2.23606797749979
66, 157, 1090, 507, 1087, 504, 3, 3, 0.7853981633974483, 4.242640687119285
66, 158, 267, 417, 267, 418, 0, -1, -1.5707963267948966, 1.0
66, 159, 817, 584, 821, 583, -4, 1, 2.896613990462929, 4.123105625617661
66, 160, 703, 23, 703, 24, 0, -1, -1.5707963267948966, 1.0
66, 161, 56, 76, 54, 78, 2, -2, -0.7853981633974483, 2.8284271247461903
66, 162, 680, 151, 680, 151, 0, 0, 0.0, 0.0
66, 163, 1181, 237, 1180, 234, 1, 3, 1.2490457723982544, 3.1622776601683795
66, 164, 1098, 386, 1097, 382, 1, 4, 1.3258176636680326, 4.123105625617661
66, 165, 399, 276, 401, 274, -2, 2, 2.356194490192345, 2.8284271247461903
66, 166, 584, 116, 584, 117, 0, -1, -1.5707963267948966, 1.0
66, 167, 1198, 128, 1197, 126, 1, 2, 1.1071487177940904, 2.23606797749979
66, 168, 1050, 431, 1049, 429, 1, 2, 1.1071487177940904, 2.23606797749979
66, 169, 1108, 74, 1107, 74, 1, 0, 0.0, 1.0
66, 170, 288, 371, 288, 372, 0, -1, -1.5707963267948966, 1.0
66, 171, 806, 590, 808, 592, -2, -2, -2.356194490192345, 2.8284271247461903
66, 172, 505, 187, 506, 191, -1, -4, -1.8157749899217608, 4.123105625617661
66, 173, 78, 153, 78, 154, 0, -1, -1.5707963267948966, 1.0
66, 174, 614, 100, 614, 100, 0, 0, 0.0, 0.0
66, 175, 1090, 609, 1090, 609, 0, 0, 0.0, 0.0
66, 176, 1118, 94, 1118, 95, 0, -1, -1.5707963267948966, 1.0
66, 177, 712, 578, 714, 584, -2, -6, -1.892546881191539, 6.324555320336759
66, 178, 58, 107, 57, 108, 1, -1, -0.7853981633974483, 1.4142135623730951
66, 179, 516, 258, 516, 259, 0, -1, -1.5707963267948966, 1.0
66, 180, 329, 384, 329, 385, 0, -1, -1.5707963267948966, 1.0
66, 181, 259, 368, 259, 369, 0, -1, -1.5707963267948966, 1.0
66, 182, 747, 483, 749, 486, -2, -3, -2.158798930342464, 3.605551275463989
66, 183, 1174, 360, 1177, 363, -3, -3, -2.356194490192345, 4.242640687119285
66, 184, 1072, 499, 1068, 495, 4, 4, 0.7853981633974483, 5.656854249492381
66, 185, 1068, 391, 1066, 388, 2, 3, 0.982793723247329, 3.605551275463989
66, 186, 1144, 143, 1142, 141, 2, 2, 0.7853981633974483, 2.8284271247461903
66, 187, 528, 268, 529, 273, -1, -5, -1.7681918866447774, 5.0990195135927845
66, 188, 401, 331, 401, 328, 0, 3, 1.5707963267948966, 3.0
66, 189, 914, 27, 916, 28, -2, -1, -2.677945044588987, 2.23606797749979
66, 190, 146, 701, 143, 706, 3, -5, -1.0303768265243125, 5.830951894845301
66, 191, 1163, 316, 1166, 320, -3, -4, -2.214297435588181, 5.0
66, 192, 1161, 403, 1162, 405, -1, -2, -2.0344439357957027, 2.23606797749979
66, 193, 1199, 292, 1196, 290, 3, 2, 0.5880026035475675, 3.605551275463989
66, 194, 410, 366, 410, 366, 0, 0, 0.0, 0.0
67, 0, 819, 234, 819, 238, 0, -4, -1.5707963267948966, 4.0
67, 1, 254, 347, 254, 349, 0, -2, -1.5707963267948966, 2.0
67, 2, 1143, 339, 1146, 342, -3, -3, -2.356194490192345, 4.242640687119285
67, 3, 1173, 342, 1177, 347, -4, -5, -2.2455372690184494, 6.4031242374328485
67, 4, 165, 652, 163, 651, 2, 1, 0.4636476090008061, 2.23606797749979
67, 5, 709, 465, 711, 469, -2, -4, -2.0344439357957027, 4.47213595499958
67, 6, 1058, 427, 1057, 426, 1, 1, 0.7853981633974483, 1.4142135623730951
67, 7, 642, 33, 641, 36, 1, -3, -1.2490457723982544, 3.1622776601683795
67, 8, 525, 203, 527, 208, -2, -5, -1.9513027039072615, 5.385164807134504
67, 9, 806, 17, 807, 22, -1, -5, -1.7681918866447774, 5.0990195135927845
67, 10, 785, 29, 787, 32, -2, -3, -2.158798930342464, 3.605551275463989
67, 11, 260, 382, 260, 383, 0, -1, -1.5707963267948966, 1.0
67, 12, 122, 472, 124, 470, -2, 2, 2.356194490192345, 2.8284271247461903
67, 13, 799, 8, 800, 13, -1, -5, -1.7681918866447774, 5.0990195135927845
67, 14, 304, 332, 304, 333, 0, -1, -1.5707963267948966, 1.0
67, 15, 163, 529, 165, 526, -2, 3, 2.158798930342464, 3.605551275463989
67, 16, 812, 42, 813, 45, -1, -3, -1.892546881191539, 3.1622776601683795
67, 17, 400, 268, 401, 267, -1, 1, 2.356194490192345, 1.4142135623730951
67, 18, 1140, 370, 1144, 371, -4, -1, -2.896613990462929, 4.123105625617661
67, 19, 334, 364, 334, 365, 0, -1, -1.5707963267948966, 1.0
67, 20, 697, 596, 697, 601, 0, -5, -1.5707963267948966, 5.0
67, 21, 1214, 200, 1212, 198, 2, 2, 0.7853981633974483, 2.8284271247461903
67, 22, 134, 530, 137, 527, -3, 3, 2.356194490192345, 4.242640687119285
67, 23, 492, 68, 493, 73, -1, -5, -1.7681918866447774, 5.0990195135927845
67, 24, 676, 206, 676, 205, 0, 1, 1.5707963267948966, 1.0
67, 25, 583, 107, 581, 107, 2, 0, 0.0, 2.0
67, 26, 482, 67, 483, 71, -1, -4, -1.8157749899217608, 4.123105625617661
67, 27, 806, 225, 804, 229, 2, -4, -1.1071487177940904, 4.47213595499958
67, 28, 261, 349, 261, 351, 0, -2, -1.5707963267948966, 2.0
67, 29, 172, 523, 174, 521, -2, 2, 2.356194490192345, 2.8284271247461903
67, 30, 712, 595, 715, 599, -3, -4, -2.214297435588181, 5.0
67, 31, 183, 13, 184, 13, -1, 0, 3.141592653589793, 1.0
67, 32, 280, 325, 280, 327, 0, -2, -1.5707963267948966, 2.0
67, 33, 916, 32, 919, 33, -3, -1, -2.819842099193151, 3.1622776601683795
67, 34, 115, 616, 112, 614, 3, 2, 0.5880026035475675, 3.605551275463989
67, 35, 1105, 78, 1102, 78, 3, 0, 0.0, 3.0
67, 36, 1258, 147, 1259, 145, -1, 2, 2.0344439357957027, 2.23606797749979
67, 37, 483, 58, 485, 62, -2, -4, -2.0344439357957027, 4.47213595499958
67, 38, 800, 16, 801, 21, -1, -5, -1.7681918866447774, 5.0990195135927845
67, 39, 1172, 311, 1176, 316, -4, -5, -2.2455372690184494, 6.4031242374328485
67, 40, 505, 170, 506, 175, -1, -5, -1.7681918866447774, 5.0990195135927845
67, 41, 759, 103, 758, 99, 1, 4, 1.3258176636680326, 4.123105625617661
67, 42, 495, 142, 495, 145, 0, -3, -1.5707963267948966, 3.0
67, 43, 306, 350, 306, 351, 0, -1, -1.5707963267948966, 1.0
67, 44, 164, 515, 165, 513, -1, 2, 2.0344439357957027, 2.23606797749979
67, 45, 809, 57, 810, 61, -1, -4, -1.8157749899217608, 4.123105625617661
67, 46, 777, 522, 780, 520, -3, 2, 2.5535900500422257, 3.605551275463989
67, 47, 1138, 68, 1136, 67, 2, 1, 0.4636476090008061, 2.23606797749979
67, 48, 785, 251, 785, 251, 0, 0, 0.0, 0.0
67, 49, 743, 421, 746, 426, -3, -5, -2.1112158270654806, 5.830951894845301
67, 50, 647, 242, 647, 240, 0, 2, 1.5707963267948966, 2.0
67, 51, 289, 387, 289, 388, 0, -1, -1.5707963267948966, 1.0
67, 52, 1115, 86, 1113, 87, 2, -1, -0.4636476090008061, 2.23606797749979
67, 53, 468, 263, 469, 266, -1, -3, -1.892546881191539, 3.1622776601683795
67, 54, 773, 562, 775, 562, -2, 0, 3.141592653589793, 2.0
67, 55, 1170, 60, 1169, 57, 1, 3, 1.2490457723982544, 3.1622776601683795
67, 56, 61, 41, 57, 43, 4, -2, -0.4636476090008061, 4.47213595499958
67, 57, 319, 399, 319, 400, 0, -1, -1.5707963267948966, 1.0
67, 58, 60, 89, 59, 89, 1, 0, 0.0, 1.0
67, 59, 752, 97, 751, 93, 1, 4, 1.3258176636680326, 4.123105625617661
67, 60, 651, 9, 650, 10, 1, -1, -0.7853981633974483, 1.4142135623730951
67, 61, 1100, 398, 1098, 395, 2, 3, 0.982793723247329, 3.605551275463989
67, 62, 688, 140, 688, 138, 0, 2, 1.5707963267948966, 2.0
67, 63, 597, 77, 597, 78, 0, -1, -1.5707963267948966, 1.0
67, 64, 486, 257, 484, 261, 2, -4, -1.1071487177940904, 4.47213595499958
67, 65, 745, 161, 745, 161, 0, 0, 0.0, 0.0
67, 66, 1192, 232, 1191, 230, 1, 2, 1.1071487177940904, 2.23606797749979
67, 67, 695, 154, 695, 152, 0, 2, 1.5707963267948966, 2.0
67, 68, 1202, 175, 1199, 173, 3, 2, 0.5880026035475675, 3.605551275463989
67, 69, 803, 560, 807, 559, -4, 1, 2.896613990462929, 4.123105625617661
67, 70, 615, 24, 616, 23, -1, 1, 2.356194490192345, 1.4142135623730951
67, 71, 1106, 43, 1102, 43, 4, 0, 0.0, 4.0
67, 72, 789, 68, 791, 70, -2, -2, -2.356194490192345, 2.8284271247461903
67, 73, 579, 55, 579, 56, 0, -1, -1.5707963267948966, 1.0
67, 74, 797, 526, 801, 524, -4, 2, 2.677945044588987, 4.47213595499958
67, 75, 538, 74, 538, 75, 0, -1, -1.5707963267948966, 1.0
67, 76, 645, 12, 643, 14, 2, -2, -0.7853981633974483, 2.8284271247461903
67, 77, 334, 16, 334, 17, 0, -1, -1.5707963267948966, 1.0
67, 78, 632, 204, 632, 201, 0, 3, 1.5707963267948966, 3.0
67, 79, 685, 231, 685, 231, 0, 0, 0.0, 0.0
67, 80, 392, 208, 393, 206, -1, 2, 2.0344439357957027, 2.23606797749979
67, 81, 794, 517, 798, 514, -4, 3, 2.498091544796509, 5.0
67, 82, 1165, 296, 1168, 300, -3, -4, -2.214297435588181, 5.0
67, 83, 1255, 223, 1252, 219, 3, 4, 0.9272952180016122, 5.0
67, 84, 1135, 29, 1133, 29, 2, 0, 0.0, 2.0
67, 85, 414, 283, 415, 279, -1, 4, 1.8157749899217608, 4.123105625617661
67, 86, 1185, 261, 1184, 259, 1, 2, 1.1071487177940904, 2.23606797749979
67, 87, 267, 389, 267, 390, 0, -1, -1.5707963267948966, 1.0
67, 88, 588, 40, 588, 42, 0, -2, -1.5707963267948966, 2.0
67, 89, 1146, 393, 1148, 395, -2, -2, -2.356194490192345, 2.8284271247461903
67, 90, 331, 374, 331, 375, 0, -1, -1.5707963267948966, 1.0
67, 91, 546, 34, 546, 35, 0, -1, -1.5707963267948966, 1.0
67, 92, 249, 413, 249, 414, 0, -1, -1.5707963267948966, 1.0
67, 93, 812, 24, 813, 28, -1, -4, -1.8157749899217608, 4.123105625617661
67, 94, 1171, 67, 1170, 64, 1, 3, 1.2490457723982544, 3.1622776601683795
67, 95, 392, 327, 394, 324, -2, 3, 2.158798930342464, 3.605551275463989
67, 96, 54, 104, 53, 103, 1, 1, 0.7853981633974483, 1.4142135623730951
67, 97, 490, 131, 489, 135, 1, -4, -1.3258176636680326, 4.123105625617661
67, 98, 1091, 94, 1090, 94, 1, 0, 0.0, 1.0
67, 99, 1117, 35, 1113, 35, 4, 0, 0.0, 4.0
67, 100, 810, 263, 810, 267, 0, -4, -1.5707963267948966, 4.0
67, 101, 489, 354, 490, 357, -1, -3, -1.892546881191539, 3.1622776601683795
67, 102, 86, 104, 86, 105, 0, -1, -1.5707963267948966, 1.0
67, 103, 738, 526, 739, 528, -1, -2, -2.0344439357957027, 2.23606797749979
67, 104, 1171, 199, 1170, 201, 1, -2, -1.1071487177940904, 2.23606797749979
67, 105, 305, 371, 305, 372, 0, -1, -1.5707963267948966, 1.0
67, 106, 697, 22, 696, 23, 1, -1, -0.7853981633974483, 1.4142135623730951
67, 107, 755, 159, 755, 158, 0, 1, 1.5707963267948966, 1.0
67, 108, 551, 107, 551, 108, 0, -1, -1.5707963267948966, 1.0
67, 109, 718, 646, 721, 648, -3, -2, -2.5535900500422257, 3.605551275463989
67, 110, 154, 582, 154, 583, 0, -1, -1.5707963267948966, 1.0
67, 111, 788, 262, 785, 264, 3, -2, -0.5880026035475675, 3.605551275463989
67, 112, 689, 637, 691, 638, -2, -1, -2.677945044588987, 2.23606797749979
67, 113, 1154, 138, 1152, 137, 2, 1, 0.4636476090008061, 2.23606797749979
67, 114, 500, 209, 501, 213, -1, -4, -1.8157749899217608, 4.123105625617661
67, 115, 629, 279, 629, 280, 0, -1, -1.5707963267948966, 1.0
67, 116, 934, 102, 934, 103, 0, -1, -1.5707963267948966, 1.0
67, 117, 82, 138, 82, 139, 0, -1, -1.5707963267948966, 1.0
67, 118, 88, 151, 88, 152, 0, -1, -1.5707963267948966, 1.0
67, 119, 1117, 541, 1115, 539, 2, 2, 0.7853981633974483, 2.8284271247461903
67, 120, 159, 694, 159, 695, 0, -1, -1.5707963267948966, 1.0
67, 121, 515, 180, 515, 184, 0, -4, -1.5707963267948966, 4.0
67, 122, 1066, 538, 1065, 535, 1, 3, 1.2490457723982544, 3.1622776601683795
67, 123, 165, 21, 166, 20, -1, 1, 2.356194490192345, 1.4142135623730951
67, 124, 610, 54, 611, 54, -1, 0, 3.141592653589793, 1.0
67, 125, 797, 215, 796, 220, 1, -5, -1.373400766945016, 5.0990195135927845
67, 126, 59, 52, 56, 52, 3, 0, 0.0, 3.0
67, 127, 333, 415, 333, 416, 0, -1, -1.5707963267948966, 1.0
67, 128, 748, 103, 747, 99, 1, 4, 1.3258176636680326, 4.123105625617661
67, 129, 644, 24, 642, 27, 2, -3, -0.982793723247329, 3.605551275463989
67, 130, 1105, 100, 1104, 101, 1, -1, -0.7853981633974483, 1.4142135623730951
67, 131, 247, 333, 247, 335, 0, -2, -1.5707963267948966, 2.0
67, 132, 926, 103, 926, 104, 0, -1, -1.5707963267948966, 1.0
67, 133, 763, 131, 763, 129, 0, 2, 1.5707963267948966, 2.0
67, 134, 417, 248, 417, 246, 0, 2, 1.5707963267948966, 2.0
67, 135, 852, 31, 854, 32, -2, -1, -2.677945044588987, 2.23606797749979
67, 136, 653, 71, 652, 73, 1, -2, -1.1071487177940904, 2.23606797749979
67, 137, 1226, 204, 1224, 201, 2, 3, 0.982793723247329, 3.605551275463989
67, 138, 478, 245, 477, 250, 1, -5, -1.373400766945016, 5.0990195135927845
67, 139, 124, 464, 127, 461, -3, 3, 2.356194490192345, 4.242640687119285
67, 140, 282, 319, 282, 321, 0, -2, -1.5707963267948966, 2.0
67, 141, 1229, 248, 1227, 246, 2, 2, 0.7853981633974483, 2.8284271247461903
67, 142, 420, 341, 420, 342, 0, -1, -1.5707963267948966, 1.0
67, 143, 120, 532, 123, 529, -3, 3, 2.356194490192345, 4.242640687119285
67, 144, 797, 91, 798, 95, -1, -4, -1.8157749899217608, 4.123105625617661
67, 145, 544, 41, 544, 42, 0, -1, -1.5707963267948966, 1.0
67, 146, 592, 115, 592, 116, 0, -1, -1.5707963267948966, 1.0
67, 147, 1261, 173, 1261, 173, 0, 0, 0.0, 0.0
67, 148, 659, 12, 658, 15, 1, -3, -1.2490457723982544, 3.1622776601683795
67, 149, 391, 240, 391, 239, 0, 1, 1.5707963267948966, 1.0
67, 150, 279, 358, 279, 359, 0, -1, -1.5707963267948966, 1.0
67, 151, 613, 248, 613, 247, 0, 1, 1.5707963267948966, 1.0
67, 152, 295, 379, 295, 380, 0, -1, -1.5707963267948966, 1.0
67, 153, 1203, 139, 1200, 136, 3, 3, 0.7853981633974483, 4.242640687119285
67, 154, 1093, 509, 1090, 507, 3, 2, 0.5880026035475675, 3.605551275463989
67, 155, 267, 416, 267, 417, 0, -1, -1.5707963267948966, 1.0
67, 156, 814, 584, 817, 584, -3, 0, 3.141592653589793, 3.0
67, 157, 704, 22, 703, 23, 1, -1, -0.7853981633974483, 1.4142135623730951
67, 158, 59, 75, 56, 76, 3, -1, -0.3217505543966422, 3.1622776601683795
67, 159, 680, 153, 680, 151, 0, 2, 1.5707963267948966, 2.0
67, 160, 1183, 240, 1181, 237, 2, 3, 0.982793723247329, 3.605551275463989
67, 161, 1100, 389, 1098, 386, 2, 3, 0.982793723247329, 3.605551275463989
67, 162, 397, 280, 399, 276, -2, 4, 2.0344439357957027, 4.47213595499958
67, 163, 585, 115, 584, 116, 1, -1, -0.7853981633974483, 1.4142135623730951
67, 164, 1201, 131, 1198, 128, 3, 3, 0.7853981633974483, 4.242640687119285
67, 165, 1051, 433, 1050, 431, 1, 2, 1.1071487177940904, 2.23606797749979
67, 166, 1111, 74, 1108, 74, 3, 0, 0.0, 3.0
67, 167, 288, 370, 288, 371, 0, -1, -1.5707963267948966, 1.0
67, 168, 804, 590, 806, 590, -2, 0, 3.141592653589793, 2.0
67, 169, 504, 182, 505, 187, -1, -5, -1.7681918866447774, 5.0990195135927845
67, 170, 78, 152, 78, 153, 0, -1, -1.5707963267948966, 1.0
67, 171, 1090, 608, 1090, 609, 0, -1, -1.5707963267948966, 1.0
67, 172, 1119, 93, 1118, 94, 1, -1, -0.7853981633974483, 1.4142135623730951
67, 173, 710, 572, 712, 578, -2, -6, -1.892546881191539, 6.324555320336759
67, 174, 58, 107, 58, 107, 0, 0, 0.0, 0.0
67, 175, 515, 256, 516, 258, -1, -2, -2.0344439357957027, 2.23606797749979
67, 176, 329, 383, 329, 384, 0, -1, -1.5707963267948966, 1.0
67, 177, 259, 367, 259, 368, 0, -1, -1.5707963267948966, 1.0
67, 178, 743, 479, 747, 483, -4, -4, -2.356194490192345, 5.656854249492381
67, 179, 1170, 357, 1174, 360, -4, -3, -2.498091544796509, 5.0
67, 180, 1076, 503, 1072, 499, 4, 4, 0.7853981633974483, 5.656854249492381
67, 181, 1070, 394, 1068, 391, 2, 3, 0.982793723247329, 3.605551275463989
67, 182, 1146, 145, 1144, 143, 2, 2, 0.7853981633974483, 2.8284271247461903
67, 183, 526, 265, 528, 268, -2, -3, -2.158798930342464, 3.605551275463989
67, 184, 399, 334, 401, 331, -2, 3, 2.158798930342464, 3.605551275463989
67, 185, 911, 26, 914, 27, -3, -1, -2.819842099193151, 3.1622776601683795
67, 186, 147, 700, 146, 701, 1, -1, -0.7853981633974483, 1.4142135623730951
67, 187, 1159, 313, 1163, 316, -4, -3, -2.498091544796509, 5.0
67, 188, 1159, 401, 1161, 403, -2, -2, -2.356194490192345, 2.8284271247461903
67, 189, 1201, 295, 1199, 292, 2, 3, 0.982793723247329, 3.605551275463989
67, 190, 410, 366, 410, 366, 0, 0, 0.0, 0.0
68, 0, 1061, 437, 1059, 435, 2, 2, 0.7853981633974483, 2.8284271247461903
68, 1, 817, 235, 817, 238, 0, -3, -1.5707963267948966, 3.0
68, 2, 165, 654, 164, 653, 1, 1, 0.7853981633974483, 1.4142135623730951
68, 3, 787, 30, 788, 32, -1, -2, -2.0344439357957027, 2.23606797749979
68, 4, 1136, 376, 1139, 376, -3, 0, 3.141592653589793, 3.0
68, 5, 1142, 337, 1145, 341, -3, -4, -2.214297435588181, 5.0
68, 6, 713, 463, 714, 467, -1, -4, -1.8157749899217608, 4.123105625617661
68, 7, 120, 475, 123, 473, -3, 2, 2.5535900500422257, 3.605551275463989
68, 8, 1257, 144, 1258, 143, -1, 1, 2.356194490192345, 1.4142135623730951
68, 9, 807, 18, 808, 21, -1, -3, -1.892546881191539, 3.1622776601683795
68, 10, 1174, 343, 1177, 346, -3, -3, -2.356194490192345, 4.242640687119285
68, 11, 303, 333, 303, 334, 0, -1, -1.5707963267948966, 1.0
68, 12, 803, 701, 803, 710, 0, -9, -1.5707963267948966, 9.0
68, 13, 814, 42, 815, 44, -1, -2, -2.0344439357957027, 2.23606797749979
68, 14, 115, 618, 114, 616, 1, 2, 1.1071487177940904, 2.23606797749979
68, 15, 1116, 86, 1116, 86, 0, 0, 0.0, 0.0
68, 16, 835, 23, 837, 24, -2, -1, -2.677945044588987, 2.23606797749979
68, 17, 260, 382, 260, 383, 0, -1, -1.5707963267948966, 1.0
68, 18, 526, 203, 527, 207, -1, -4, -1.8157749899217608, 4.123105625617661
68, 19, 812, 263, 812, 266, 0, -3, -1.5707963267948966, 3.0
68, 20, 801, 10, 802, 13, -1, -3, -1.892546881191539, 3.1622776601683795
68, 21, 713, 591, 715, 596, -2, -5, -1.9513027039072615, 5.385164807134504
68, 22, 596, 49, 596, 50, 0, -1, -1.5707963267948966, 1.0
68, 23, 264, 348, 264, 349, 0, -1, -1.5707963267948966, 1.0
68, 24, 1214, 202, 1213, 200, 1, 2, 1.1071487177940904, 2.23606797749979
68, 25, 642, 34, 642, 35, 0, -1, -1.5707963267948966, 1.0
68, 26, 776, 524, 779, 522, -3, 2, 2.5535900500422257, 3.605551275463989
68, 27, 1172, 311, 1175, 315, -3, -4, -2.214297435588181, 5.0
68, 28, 805, 223, 805, 227, 0, -4, -1.5707963267948966, 4.0
68, 29, 759, 103, 759, 101, 0, 2, 1.5707963267948966, 2.0
68, 30, 492, 70, 493, 73, -1, -3, -1.892546881191539, 3.1622776601683795
68, 31, 694, 592, 696, 597, -2, -5, -1.9513027039072615, 5.385164807134504
68, 32, 470, 257, 470, 261, 0, -4, -1.5707963267948966, 4.0
68, 33, 255, 396, 255, 397, 0, -1, -1.5707963267948966, 1.0
68, 34, 1194, 234, 1193, 232, 1, 2, 1.1071487177940904, 2.23606797749979
68, 35, 185, 13, 185, 13, 0, 0, 0.0, 0.0
68, 36, 505, 170, 506, 174, -1, -4, -1.8157749899217608, 4.123105625617661
68, 37, 585, 107, 584, 107, 1, 0, 0.0, 1.0
68, 38, 482, 67, 483, 70, -1, -3, -1.892546881191539, 3.1622776601683795
68, 39, 1101, 77, 1100, 76, 1, 1, 0.7853981633974483, 1.4142135623730951
68, 40, 169, 531, 172, 528, -3, 3, 2.356194490192345, 4.242640687119285
68, 41, 145, 552, 146, 548, -1, 4, 1.8157749899217608, 4.123105625617661
68, 42, 714, 640, 717, 644, -3, -4, -2.214297435588181, 5.0
68, 43, 769, 568, 772, 566, -3, 2, 2.5535900500422257, 3.605551275463989
68, 44, 917, 32, 919, 33, -2, -1, -2.677945044588987, 2.23606797749979
68, 45, 652, 9, 652, 10, 0, -1, -1.5707963267948966, 1.0
68, 46, 823, 34, 824, 36, -1, -2, -2.0344439357957027, 2.23606797749979
68, 47, 485, 255, 485, 259, 0, -4, -1.5707963267948966, 4.0
68, 48, 484, 59, 485, 62, -1, -3, -1.892546881191539, 3.1622776601683795
68, 49, 743, 420, 746, 425, -3, -5, -2.1112158270654806, 5.830951894845301
68, 50, 688, 141, 688, 140, 0, 1, 1.5707963267948966, 1.0
68, 51, 1183, 223, 1183, 223, 0, 0, 0.0, 0.0
68, 52, 63, 41, 59, 43, 4, -2, -0.4636476090008061, 4.47213595499958
68, 53, 1199, 293, 1199, 293, 0, 0, 0.0, 0.0
68, 54, 1103, 403, 1101, 401, 2, 2, 0.7853981633974483, 2.8284271247461903
68, 55, 695, 155, 695, 154, 0, 1, 1.5707963267948966, 1.0
68, 56, 1201, 174, 1201, 174, 0, 0, 0.0, 0.0
68, 57, 677, 207, 677, 206, 0, 1, 1.5707963267948966, 1.0
68, 58, 820, 701, 820, 710, 0, -9, -1.5707963267948966, 9.0
68, 59, 1261, 149, 1263, 148, -2, 1, 2.677945044588987, 2.23606797749979
68, 60, 155, 582, 155, 583, 0, -1, -1.5707963267948966, 1.0
68, 61, 800, 18, 801, 21, -1, -3, -1.892546881191539, 3.1622776601683795
68, 62, 615, 23, 616, 23, -1, 0, 3.141592653589793, 1.0
68, 63, 795, 528, 799, 526, -4, 2, 2.677945044588987, 4.47213595499958
68, 64, 1172, 66, 1172, 65, 0, 1, 1.5707963267948966, 1.0
68, 65, 918, 42, 920, 42, -2, 0, 3.141592653589793, 2.0
68, 66, 752, 97, 752, 95, 0, 2, 1.5707963267948966, 2.0
68, 67, 484, 306, 484, 310, 0, -4, -1.5707963267948966, 4.0
68, 68, 1105, 43, 1104, 43, 1, 0, 0.0, 1.0
68, 69, 708, 691, 708, 692, 0, -1, -1.5707963267948966, 1.0
68, 70, 812, 58, 813, 60, -1, -2, -2.0344439357957027, 2.23606797749979
68, 71, 334, 16, 334, 17, 0, -1, -1.5707963267948966, 1.0
68, 72, 546, 35, 546, 36, 0, -1, -1.5707963267948966, 1.0
68, 73, 320, 400, 320, 401, 0, -1, -1.5707963267948966, 1.0
68, 74, 288, 388, 288, 389, 0, -1, -1.5707963267948966, 1.0
68, 75, 940, 27, 940, 28, 0, -1, -1.5707963267948966, 1.0
68, 76, 799, 584, 802, 583, -3, 1, 2.819842099193151, 3.1622776601683795
68, 77, 11, 433, 11, 433, 0, 0, 0.0, 0.0
68, 78, 801, 565, 805, 562, -4, 3, 2.498091544796509, 5.0
68, 79, 578, 58, 579, 58, -1, 0, 3.141592653589793, 1.0
68, 80, 500, 206, 501, 211, -1, -5, -1.7681918866447774, 5.0990195135927845
68, 81, 628, 205, 628, 203, 0, 2, 1.5707963267948966, 2.0
68, 82, 651, 73, 651, 74, 0, -1, -1.5707963267948966, 1.0
68, 83, 496, 143, 496, 146, 0, -3, -1.5707963267948966, 3.0
68, 84, 538, 74, 538, 75, 0, -1, -1.5707963267948966, 1.0
68, 85, 1136, 30, 1135, 30, 1, 0, 0.0, 1.0
68, 86, 296, 332, 296, 333, 0, -1, -1.5707963267948966, 1.0
68, 87, 645, 13, 645, 14, 0, -1, -1.5707963267948966, 1.0
68, 88, 648, 245, 648, 243, 0, 2, 1.5707963267948966, 2.0
68, 89, 1116, 34, 1115, 35, 1, -1, -0.7853981633974483, 1.4142135623730951
68, 90, 161, 521, 163, 518, -2, 3, 2.158798930342464, 3.605551275463989
68, 91, 267, 389, 267, 390, 0, -1, -1.5707963267948966, 1.0
68, 92, 685, 232, 685, 231, 0, 1, 1.5707963267948966, 1.0
68, 93, 808, 589, 811, 589, -3, 0, 3.141592653589793, 3.0
68, 94, 792, 518, 796, 516, -4, 2, 2.677945044588987, 4.47213595499958
68, 95, 305, 371, 305, 372, 0, -1, -1.5707963267948966, 1.0
68, 96, 812, 24, 813, 27, -1, -3, -1.892546881191539, 3.1622776601683795
68, 97, 1069, 539, 1067, 536, 2, 3, 0.982793723247329, 3.605551275463989
68, 98, 295, 380, 295, 381, 0, -1, -1.5707963267948966, 1.0
68, 99, 1129, 523, 1127, 519, 2, 4, 1.1071487177940904, 4.47213595499958
68, 100, 746, 160, 746, 160, 0, 0, 0.0, 0.0
68, 101, 939, 109, 939, 110, 0, -1, -1.5707963267948966, 1.0
68, 102, 159, 694, 159, 695, 0, -1, -1.5707963267948966, 1.0
68, 103, 910, 31, 912, 32, -2, -1, -2.677945044588987, 2.23606797749979
68, 104, 852, 35, 854, 36, -2, -1, -2.677945044588987, 2.23606797749979
68, 105, 1254, 223, 1253, 220, 1, 3, 1.2490457723982544, 3.1622776601683795
68, 106, 392, 326, 394, 325, -2, 1, 2.677945044588987, 2.23606797749979
68, 107, 415, 281, 416, 280, -1, 1, 2.356194490192345, 1.4142135623730951
68, 108, 1261, 182, 1263, 182, -2, 0, 3.141592653589793, 2.0
68, 109, 857, 49, 859, 50, -2, -1, -2.677945044588987, 2.23606797749979
68, 110, 1058, 455, 1056, 454, 2, 1, 0.4636476090008061, 2.23606797749979
68, 111, 332, 375, 332, 376, 0, -1, -1.5707963267948966, 1.0
68, 112, 1100, 506, 1097, 503, 3, 3, 0.7853981633974483, 4.242640687119285
68, 113, 1149, 400, 1150, 402, -1, -2, -2.0344439357957027, 2.23606797749979
68, 114, 393, 207, 394, 206, -1, 1, 2.356194490192345, 1.4142135623730951
68, 115, 552, 107, 552, 108, 0, -1, -1.5707963267948966, 1.0
68, 116, 1165, 295, 1167, 299, -2, -4, -2.0344439357957027, 4.47213595499958
68, 117, 400, 269, 401, 268, -1, 1, 2.356194490192345, 1.4142135623730951
68, 118, 659, 14, 659, 15, 0, -1, -1.5707963267948966, 1.0
68, 119, 515, 178, 516, 182, -1, -4, -1.8157749899217608, 4.123105625617661
68, 120, 1261, 171, 1268, 171, -7, 0, 3.141592653589793, 7.0
68, 121, 82, 138, 82, 139, 0, -1, -1.5707963267948966, 1.0
68, 122, 692, 230, 692, 228, 0, 2, 1.5707963267948966, 2.0
68, 123, 1091, 96, 1091, 95, 0, 1, 1.5707963267948966, 1.0
68, 124, 121, 535, 123, 532, -2, 3, 2.158798930342464, 3.605551275463989
68, 125, 1105, 101, 1105, 101, 0, 0, 0.0, 0.0
68, 126, 333, 415, 333, 416, 0, -1, -1.5707963267948966, 1.0
68, 127, 183, 37, 183, 38, 0, -1, -1.5707963267948966, 1.0
68, 128, 1184, 241, 1183, 239, 1, 2, 1.1071487177940904, 2.23606797749979
68, 129, 88, 152, 88, 153, 0, -1, -1.5707963267948966, 1.0
68, 130, 1255, 271, 1253, 269, 2, 2, 0.7853981633974483, 2.8284271247461903
68, 131, 1261, 192, 1273, 190, -12, 2, 2.976443976175166, 12.165525060596439
68, 132, 797, 214, 797, 218, 0, -4, -1.5707963267948966, 4.0
68, 133, 87, 105, 87, 106, 0, -1, -1.5707963267948966, 1.0
68, 134, 280, 358, 280, 359, 0, -1, -1.5707963267948966, 1.0
68, 135, 821, 41, 822, 43, -1, -2, -2.0344439357957027, 2.23606797749979
68, 136, 123, 466, 126, 463, -3, 3, 2.356194490192345, 4.242640687119285
68, 137, 759, 168, 759, 166, 0, 2, 1.5707963267948966, 2.0
68, 138, 1126, 563, 1124, 560, 2, 3, 0.982793723247329, 3.605551275463989
68, 139, 786, 701, 790, 717, -4, -16, -1.8157749899217608, 16.492422502470642
68, 140, 417, 248, 418, 247, -1, 1, 2.356194490192345, 1.4142135623730951
68, 141, 63, 50, 59, 52, 4, -2, -0.4636476090008061, 4.47213595499958
68, 142, 410, 366, 410, 367, 0, -1, -1.5707963267948966, 1.0
68, 143, 610, 55, 611, 55, -1, 0, 3.141592653589793, 1.0
68, 144, 1083, 586, 1082, 584, 1, 2, 1.1071487177940904, 2.23606797749979
68, 145, 926, 103, 926, 104, 0, -1, -1.5707963267948966, 1.0
68, 146, 478, 243, 478, 247, 0, -4, -1.5707963267948966, 4.0
68, 147, 61, 100, 61, 101, 0, -1, -1.5707963267948966, 1.0
68, 148, 613, 251, 613, 250, 0, 1, 1.5707963267948966, 1.0
68, 149, 1227, 204, 1226, 202, 1, 2, 1.1071487177940904, 2.23606797749979
68, 150, 764, 132, 764, 130, 0, 2, 1.5707963267948966, 2.0
68, 151, 1165, 100, 1166, 99, -1, 1, 2.356194490192345, 1.4142135623730951
68, 152, 738, 524, 738, 527, 0, -3, -1.5707963267948966, 3.0
68, 153, 934, 102, 934, 103, 0, -1, -1.5707963267948966, 1.0
68, 154, 1171, 202, 1171, 202, 0, 0, 0.0, 0.0
68, 155, 1202, 138, 1201, 137, 1, 1, 0.7853981633974483, 1.4142135623730951
68, 156, 584, 114, 583, 115, 1, -1, -0.7853981633974483, 1.4142135623730951
68, 157, 267, 416, 267, 417, 0, -1, -1.5707963267948966, 1.0
68, 158, 709, 571, 711, 576, -2, -5, -1.9513027039072615, 5.385164807134504
68, 159, 303, 393, 303, 394, 0, -1, -1.5707963267948966, 1.0
68, 160, 1103, 393, 1101, 390, 2, 3, 0.982793723247329, 3.605551275463989
68, 161, 592, 116, 592, 117, 0, -1, -1.5707963267948966, 1.0
68, 162, 1172, 89, 1172, 88, 0, 1, 1.5707963267948966, 1.0
68, 163, 165, 20, 166, 20, -1, 0, 3.141592653589793, 1.0
69, 0, 1063, 440, 1061, 437, 2, 3, 0.982793723247329, 3.605551275463989
69, 1, 817, 232, 817, 235, 0, -3, -1.5707963267948966, 3.0
69, 2, 166, 655, 165, 654, 1, 1, 0.7853981633974483, 1.4142135623730951
69, 3, 786, 28, 787, 30, -1, -2, -2.0344439357957027, 2.23606797749979
69, 4, 1134, 376, 1136, 376, -2, 0, 3.141592653589793, 2.0
69, 5, 1139, 333, 1142, 337, -3, -4, -2.214297435588181, 5.0
69, 6, 712, 459, 713, 463, -1, -4, -1.8157749899217608, 4.123105625617661
69, 7, 117, 478, 120, 475, -3, 3, 2.356194490192345, 4.242640687119285
69, 8, 1256, 144, 1257, 144, -1, 0, 3.141592653589793, 1.0
69, 9, 806, 15, 807, 18, -1, -3, -1.892546881191539, 3.1622776601683795
69, 10, 1171, 340, 1174, 343, -3, -3, -2.356194490192345, 4.242640687119285
69, 11, 802, 697, 803, 701, -1, -4, -1.8157749899217608, 4.123105625617661
69, 12, 813, 40, 814, 42, -1, -2, -2.0344439357957027, 2.23606797749979
69, 13, 116, 621, 115, 618, 1, 3, 1.2490457723982544, 3.1622776601683795
69, 14, 1116, 86, 1116, 86, 0, 0, 0.0, 0.0
69, 15, 833, 22, 835, 23, -2, -1, -2.677945044588987, 2.23606797749979
69, 16, 525, 199, 526, 203, -1, -4, -1.8157749899217608, 4.123105625617661
69, 17, 812, 260, 812, 263, 0, -3, -1.5707963267948966, 3.0
69, 18, 711, 586, 713, 591, -2, -5, -1.9513027039072615, 5.385164807134504
69, 19, 264, 347, 264, 348, 0, -1, -1.5707963267948966, 1.0
69, 20, 1215, 204, 1214, 202, 1, 2, 1.1071487177940904, 2.23606797749979
69, 21, 642, 33, 642, 34, 0, -1, -1.5707963267948966, 1.0
69, 22, 773, 526, 776, 524, -3, 2, 2.5535900500422257, 3.605551275463989
69, 23, 1170, 306, 1172, 311, -2, -5, -1.9513027039072615, 5.385164807134504
69, 24, 805, 220, 805, 223, 0, -3, -1.5707963267948966, 3.0
69, 25, 759, 105, 759, 103, 0, 2, 1.5707963267948966, 2.0
69, 26, 491, 67, 492, 70, -1, -3, -1.892546881191539, 3.1622776601683795
69, 27, 693, 587, 694, 592, -1, -5, -1.7681918866447774, 5.0990195135927845
69, 28, 470, 253, 470, 257, 0, -4, -1.5707963267948966, 4.0
69, 29, 255, 395, 255, 396, 0, -1, -1.5707963267948966, 1.0
69, 30, 1195, 235, 1194, 234, 1, 1, 0.7853981633974483, 1.4142135623730951
69, 31, 185, 13, 185, 13, 0, 0, 0.0, 0.0
69, 32, 504, 166, 505, 170, -1, -4, -1.8157749899217608, 4.123105625617661
69, 33, 585, 106, 585, 107, 0, -1, -1.5707963267948966, 1.0
69, 34, 481, 64, 482, 67, -1, -3, -1.892546881191539, 3.1622776601683795
69, 35, 1102, 78, 1101, 77, 1, 1, 0.7853981633974483, 1.4142135623730951
69, 36, 167, 534, 169, 531, -2, 3, 2.158798930342464, 3.605551275463989
69, 37, 145, 555, 145, 552, 0, 3, 1.5707963267948966, 3.0
69, 38, 712, 635, 714, 640, -2, -5, -1.9513027039072615, 5.385164807134504
69, 39, 766, 570, 769, 568, -3, 2, 2.5535900500422257, 3.605551275463989
69, 40, 915, 31, 917, 32, -2, -1, -2.677945044588987, 2.23606797749979
69, 41, 822, 32, 823, 34, -1, -2, -2.0344439357957027, 2.23606797749979
69, 42, 485, 251, 485, 255, 0, -4, -1.5707963267948966, 4.0
69, 43, 483, 56, 484, 59, -1, -3, -1.892546881191539, 3.1622776601683795
69, 44, 740, 414, 743, 420, -3, -6, -2.0344439357957027, 6.708203932499369
69, 45, 688, 143, 688, 141, 0, 2, 1.5707963267948966, 2.0
69, 46, 1183, 223, 1183, 223, 0, 0, 0.0, 0.0
69, 47, 66, 40, 63, 41, 3, -1, -0.3217505543966422, 3.1622776601683795
69, 48, 1199, 292, 1199, 293, 0, -1, -1.5707963267948966, 1.0
69, 49, 1105, 405, 1103, 403, 2, 2, 0.7853981633974483, 2.8284271247461903
69, 50, 695, 157, 695, 155, 0, 2, 1.5707963267948966, 2.0
69, 51, 1201, 175, 1201, 174, 0, 1, 1.5707963267948966, 1.0
69, 52, 677, 208, 677, 207, 0, 1, 1.5707963267948966, 1.0
69, 53, 820, 695, 820, 701, 0, -6, -1.5707963267948966, 6.0
69, 54, 1260, 149, 1261, 149, -1, 0, 3.141592653589793, 1.0
69, 55, 155, 581, 155, 582, 0, -1, -1.5707963267948966, 1.0
69, 56, 799, 15, 800, 18, -1, -3, -1.892546881191539, 3.1622776601683795
69, 57, 615, 23, 615, 23, 0, 0, 0.0, 0.0
69, 58, 791, 530, 795, 528, -4, 2, 2.677945044588987, 4.47213595499958
69, 59, 1172, 67, 1172, 66, 0, 1, 1.5707963267948966, 1.0
69, 60, 916, 42, 918, 42, -2, 0, 3.141592653589793, 2.0
69, 61, 752, 99, 752, 97, 0, 2, 1.5707963267948966, 2.0
69, 62, 484, 302, 484, 306, 0, -4, -1.5707963267948966, 4.0
69, 63, 1106, 43, 1105, 43, 1, 0, 0.0, 1.0
69, 64, 811, 56, 812, 58, -1, -2, -2.0344439357957027, 2.23606797749979
69, 65, 335, 14, 334, 16, 1, -2, -1.1071487177940904, 2.23606797749979
69, 66, 546, 34, 546, 35, 0, -1, -1.5707963267948966, 1.0
69, 67, 320, 399, 320, 400, 0, -1, -1.5707963267948966, 1.0
69, 68, 288, 387, 288, 388, 0, -1, -1.5707963267948966, 1.0
69, 69, 797, 585, 799, 584, -2, 1, 2.677945044588987, 2.23606797749979
69, 70, 12, 433, 11, 433, 1, 0, 0.0, 1.0
69, 71, 797, 568, 801, 565, -4, 3, 2.498091544796509, 5.0
69, 72, 498, 202, 500, 206, -2, -4, -2.0344439357957027, 4.47213595499958
69, 73, 628, 206, 628, 205, 0, 1, 1.5707963267948966, 1.0
69, 74, 651, 72, 651, 73, 0, -1, -1.5707963267948966, 1.0
69, 75, 496, 141, 496, 143, 0, -2, -1.5707963267948966, 2.0
69, 76, 538, 73, 538, 74, 0, -1, -1.5707963267948966, 1.0
69, 77, 1137, 30, 1136, 30, 1, 0, 0.0, 1.0
69, 78, 645, 12, 645, 13, 0, -1, -1.5707963267948966, 1.0
69, 79, 648, 247, 648, 245, 0, 2, 1.5707963267948966, 2.0
69, 80, 1117, 34, 1116, 34, 1, 0, 0.0, 1.0
69, 81, 158, 524, 161, 521, -3, 3, 2.356194490192345, 4.242640687119285
69, 82, 684, 233, 685, 232, -1, 1, 2.356194490192345, 1.4142135623730951
69, 83, 805, 590, 808, 589, -3, 1, 2.819842099193151, 3.1622776601683795
69, 84, 788, 520, 792, 518, -4, 2, 2.677945044588987, 4.47213595499958
69, 85, 305, 370, 305, 371, 0, -1, -1.5707963267948966, 1.0
69, 86, 811, 21, 812, 24, -1, -3, -1.892546881191539, 3.1622776601683795
69, 87, 1071, 543, 1069, 539, 2, 4, 1.1071487177940904, 4.47213595499958
69, 88, 295, 379, 295, 380, 0, -1, -1.5707963267948966, 1.0
69, 89, 1131, 527, 1129, 523, 2, 4, 1.1071487177940904, 4.47213595499958
69, 90, 745, 160, 746, 160, -1, 0, 3.141592653589793, 1.0
69, 91, 939, 108, 939, 109, 0, -1, -1.5707963267948966, 1.0
69, 92, 159, 693, 159, 694, 0, -1, -1.5707963267948966, 1.0
69, 93, 908, 30, 910, 31, -2, -1, -2.677945044588987, 2.23606797749979
69, 94, 1255, 226, 1254, 223, 1, 3, 1.2490457723982544, 3.1622776601683795
69, 95, 390, 327, 392, 326, -2, 1, 2.677945044588987, 2.23606797749979
69, 96, 414, 282, 415, 281, -1, 1, 2.356194490192345, 1.4142135623730951
69, 97, 1261, 181, 1261, 182, 0, -1, -1.5707963267948966, 1.0
69, 98, 1059, 457, 1058, 455, 1, 2, 1.1071487177940904, 2.23606797749979
69, 99, 1103, 509, 1100, 506, 3, 3, 0.7853981633974483, 4.242640687119285
69, 100, 1147, 399, 1149, 400, -2, -1, -2.677945044588987, 2.23606797749979
69, 101, 392, 208, 393, 207, -1, 1, 2.356194490192345, 1.4142135623730951
69, 102, 1162, 291, 1165, 295, -3, -4, -2.214297435588181, 5.0
69, 103, 399, 270, 400, 269, -1, 1, 2.356194490192345, 1.4142135623730951
69, 104, 659, 13, 659, 14, 0, -1, -1.5707963267948966, 1.0
69, 105, 514, 174, 515, 178, -1, -4, -1.8157749899217608, 4.123105625617661
69, 106, 82, 137, 82, 138, 0, -1, -1.5707963267948966, 1.0
69, 107, 692, 231, 692, 230, 0, 1, 1.5707963267948966, 1.0
69, 108, 1092, 96, 1091, 96, 1, 0, 0.0, 1.0
69, 109, 119, 538, 121, 535, -2, 3, 2.158798930342464, 3.605551275463989
69, 110, 1105, 100, 1105, 101, 0, -1, -1.5707963267948966, 1.0
69, 111, 333, 414, 333, 415, 0, -1, -1.5707963267948966, 1.0
69, 112, 183, 36, 183, 37, 0, -1, -1.5707963267948966, 1.0
69, 113, 1185, 243, 1184, 241, 1, 2, 1.1071487177940904, 2.23606797749979
69, 114, 1257, 274, 1255, 271, 2, 3, 0.982793723247329, 3.605551275463989
69, 115, 1261, 193, 1261, 192, 0, 1, 1.5707963267948966, 1.0
69, 116, 797, 211, 797, 214, 0, -3, -1.5707963267948966, 3.0
69, 117, 87, 104, 87, 105, 0, -1, -1.5707963267948966, 1.0
69, 118, 280, 357, 280, 358, 0, -1, -1.5707963267948966, 1.0
69, 119, 820, 39, 821, 41, -1, -2, -2.0344439357957027, 2.23606797749979
69, 120, 120, 469, 123, 466, -3, 3, 2.356194490192345, 4.242640687119285
69, 121, 758, 169, 759, 168, -1, 1, 2.356194490192345, 1.4142135623730951
69, 122, 1128, 566, 1126, 563, 2, 3, 0.982793723247329, 3.605551275463989
69, 123, 783, 697, 786, 701, -3, -4, -2.214297435588181, 5.0
69, 124, 417, 249, 417, 248, 0, 1, 1.5707963267948966, 1.0
69, 125, 67, 49, 63, 50, 4, -1, -0.24497866312686414, 4.123105625617661
69, 126, 610, 55, 610, 55, 0, 0, 0.0, 0.0
69, 127, 1085, 588, 1083, 586, 2, 2, 0.7853981633974483, 2.8284271247461903
69, 128, 926, 102, 926, 103, 0, -1, -1.5707963267948966, 1.0
69, 129, 478, 239, 478, 243, 0, -4, -1.5707963267948966, 4.0
69, 130, 61, 99, 61, 100, 0, -1, -1.5707963267948966, 1.0
69, 131, 613, 252, 613, 251, 0, 1, 1.5707963267948966, 1.0
69, 132, 1228, 205, 1227, 204, 1, 1, 0.7853981633974483, 1.4142135623730951
69, 133, 764, 134, 764, 132, 0, 2, 1.5707963267948966, 2.0
69, 134, 1165, 101, 1165, 100, 0, 1, 1.5707963267948966, 1.0
69, 135, 738, 519, 738, 524, 0, -5, -1.5707963267948966, 5.0
69, 136, 934, 101, 934, 102, 0, -1, -1.5707963267948966, 1.0
69, 137, 1171, 205, 1171, 202, 0, 3, 1.5707963267948966, 3.0
69, 138, 1202, 138, 1202, 138, 0, 0, 0.0, 0.0
69, 139, 584, 113, 584, 114, 0, -1, -1.5707963267948966, 1.0
69, 140, 707, 565, 709, 571, -2, -6, -1.892546881191539, 6.324555320336759
69, 141, 1105, 396, 1103, 393, 2, 3, 0.982793723247329, 3.605551275463989
69, 142, 592, 115, 592, 116, 0, -1, -1.5707963267948966, 1.0
69, 143, 1172, 90, 1172, 89, 0, 1, 1.5707963267948966, 1.0
69, 144, 164, 20, 165, 20, -1, 0, 3.141592653589793, 1.0
70, 0, 786, 29, 787, 31, -1, -2, -2.0344439357957027, 2.23606797749979
70, 1, 1172, 338, 1174, 342, -2, -4, -2.0344439357957027, 4.47213595499958
70, 2, 1141, 335, 1144, 340, -3, -5, -2.1112158270654806, 5.830951894845301
70, 3, 1065, 442, 1062, 439, 3, 3, 0.7853981633974483, 4.242640687119285
70, 4, 817, 233, 817, 236, 0, -3, -1.5707963267948966, 3.0
70, 5, 812, 259, 812, 262, 0, -3, -1.5707963267948966, 3.0
70, 6, 711, 459, 712, 462, -1, -3, -1.892546881191539, 3.1622776601683795
70, 7, 166, 656, 165, 655, 1, 1, 0.7853981633974483, 1.4142135623730951
70, 8, 1135, 377, 1137, 377, -2, 0, 3.141592653589793, 2.0
70, 9, 1215, 204, 1213, 202, 2, 2, 0.7853981633974483, 2.8284271247461903
70, 10, 804, 694, 804, 699, 0, -5, -1.5707963267948966, 5.0
70, 11, 1257, 145, 1258, 145, -1, 0, 3.141592653589793, 1.0
70, 12, 165, 535, 167, 533, -2, 2, 2.356194490192345, 2.8284271247461903
70, 13, 693, 587, 694, 592, -1, -5, -1.7681918866447774, 5.0990195135927845
70, 14, 759, 106, 759, 104, 0, 2, 1.5707963267948966, 2.0
70, 15, 643, 32, 643, 34, 0, -2, -1.5707963267948966, 2.0
70, 16, 526, 201, 527, 204, -1, -3, -1.892546881191539, 3.1622776601683795
70, 17, 118, 479, 121, 476, -3, 3, 2.356194490192345, 4.242640687119285
70, 18, 117, 621, 116, 619, 1, 2, 1.1071487177940904, 2.23606797749979
70, 19, 807, 15, 808, 18, -1, -3, -1.892546881191539, 3.1622776601683795
70, 20, 470, 253, 470, 257, 0, -4, -1.5707963267948966, 4.0
70, 21, 1170, 306, 1173, 311, -3, -5, -2.1112158270654806, 5.830951894845301
70, 22, 913, 30, 915, 31, -2, -1, -2.677945044588987, 2.23606797749979
70, 23, 813, 39, 814, 41, -1, -2, -2.0344439357957027, 2.23606797749979
70, 24, 255, 396, 255, 397, 0, -1, -1.5707963267948966, 1.0
70, 25, 712, 585, 714, 590, -2, -5, -1.9513027039072615, 5.385164807134504
70, 26, 485, 252, 485, 255, 0, -3, -1.5707963267948966, 3.0
70, 27, 1070, 545, 1069, 540, 1, 5, 1.373400766945016, 5.0990195135927845
70, 28, 689, 144, 689, 142, 0, 2, 1.5707963267948966, 2.0
70, 29, 846, 15, 848, 16, -2, -1, -2.677945044588987, 2.23606797749979
70, 30, 761, 569, 765, 567, -4, 2, 2.677945044588987, 4.47213595499958
70, 31, 771, 595, 774, 592, -3, 3, 2.356194490192345, 4.242640687119285
70, 32, 491, 66, 492, 69, -1, -3, -1.892546881191539, 3.1622776601683795
70, 33, 586, 107, 586, 108, 0, -1, -1.5707963267948966, 1.0
70, 34, 505, 166, 506, 170, -1, -4, -1.8157749899217608, 4.123105625617661
70, 35, 772, 527, 776, 525, -4, 2, 2.677945044588987, 4.47213595499958
70, 36, 677, 210, 677, 208, 0, 2, 1.5707963267948966, 2.0
70, 37, 186, 12, 186, 13, 0, -1, -1.5707963267948966, 1.0
70, 38, 810, 56, 811, 58, -1, -2, -2.0344439357957027, 2.23606797749979
70, 39, 819, 32, 820, 34, -1, -2, -2.0344439357957027, 2.23606797749979
70, 40, 484, 57, 485, 60, -1, -3, -1.892546881191539, 3.1622776601683795
70, 41, 66, 41, 63, 42, 3, -1, -0.3217505543966422, 3.1622776601683795
70, 42, 1171, 61, 1171, 60, 0, 1, 1.5707963267948966, 1.0
70, 43, 482, 68, 483, 71, -1, -3, -1.892546881191539, 3.1622776601683795
70, 44, 792, 532, 796, 530, -4, 2, 2.677945044588987, 4.47213595499958
70, 45, 805, 220, 805, 224, 0, -4, -1.5707963267948966, 4.0
70, 46, 1199, 292, 1199, 293, 0, -1, -1.5707963267948966, 1.0
70, 47, 742, 413, 744, 419, -2, -6, -1.892546881191539, 6.324555320336759
70, 48, 696, 158, 696, 156, 0, 2, 1.5707963267948966, 2.0
70, 49, 1081, 472, 1080, 467, 1, 5, 1.373400766945016, 5.0990195135927845
70, 50, 1195, 235, 1194, 234, 1, 1, 0.7853981633974483, 1.4142135623730951
70, 51, 707, 689, 708, 691, -1, -2, -2.0344439357957027, 2.23606797749979
70, 52, 286, 350, 286, 351, 0, -1, -1.5707963267948966, 1.0
70, 53, 916, 42, 918, 42, -2, 0, 3.141592653589793, 2.0
70, 54, 484, 348, 484, 349, 0, -1, -1.5707963267948966, 1.0
70, 55, 629, 206, 629, 205, 0, 1, 1.5707963267948966, 1.0
70, 56, 1115, 86, 1115, 86, 0, 0, 0.0, 0.0
70, 57, 616, 23, 616, 23, 0, 0, 0.0, 0.0
70, 58, 1066, 452, 1063, 450, 3, 2, 0.5880026035475675, 3.605551275463989
70, 59, 289, 387, 289, 388, 0, -1, -1.5707963267948966, 1.0
70, 60, 711, 633, 713, 638, -2, -5, -1.9513027039072615, 5.385164807134504
70, 61, 820, 693, 820, 699, 0, -6, -1.5707963267948966, 6.0
70, 62, 694, 239, 694, 237, 0, 2, 1.5707963267948966, 2.0
70, 63, 320, 399, 320, 400, 0, -1, -1.5707963267948966, 1.0
70, 64, 1203, 175, 1202, 175, 1, 0, 0.0, 1.0
70, 65, 153, 583, 154, 583, -1, 0, 3.141592653589793, 1.0
70, 66, 651, 72, 651, 73, 0, -1, -1.5707963267948966, 1.0
70, 67, 1137, 31, 1136, 31, 1, 0, 0.0, 1.0
70, 68, 500, 203, 501, 207, -1, -4, -1.8157749899217608, 4.123105625617661
70, 69, 392, 209, 393, 208, -1, 1, 2.356194490192345, 1.4142135623730951
70, 70, 20, 429, 18, 429, 2, 0, 0.0, 2.0
70, 71, 1106, 44, 1105, 44, 1, 0, 0.0, 1.0
70, 72, 1183, 223, 1183, 223, 0, 0, 0.0, 0.0
70, 73, 646, 12, 646, 13, 0, -1, -1.5707963267948966, 1.0
70, 74, 789, 521, 793, 519, -4, 2, 2.677945044588987, 4.47213595499958
70, 75, 752, 100, 752, 98, 0, 2, 1.5707963267948966, 2.0
70, 76, 1118, 35, 1117, 35, 1, 0, 0.0, 1.0
70, 77, 546, 35, 546, 36, 0, -1, -1.5707963267948966, 1.0
70, 78, 1076, 508, 1076, 508, 0, 0, 0.0, 0.0
70, 79, 484, 305, 484, 307, 0, -2, -1.5707963267948966, 2.0
70, 80, 1172, 68, 1172, 67, 0, 1, 1.5707963267948966, 1.0
70, 81, 705, 640, 708, 644, -3, -4, -2.214297435588181, 5.0
70, 82, 764, 135, 764, 132, 0, 3, 1.5707963267948966, 3.0
70, 83, 400, 271, 401, 270, -1, 1, 2.356194490192345, 1.4142135623730951
70, 84, 800, 16, 801, 19, -1, -3, -1.892546881191539, 3.1622776601683795
70, 85, 939, 109, 939, 110, 0, -1, -1.5707963267948966, 1.0
70, 86, 798, 587, 800, 586, -2, 1, 2.677945044588987, 2.23606797749979
70, 87, 745, 160, 746, 160, -1, 0, 3.141592653589793, 1.0
70, 88, 637, 301, 637, 301, 0, 0, 0.0, 0.0
70, 89, 1185, 262, 1184, 263, 1, -1, -0.7853981633974483, 1.4142135623730951
70, 90, 414, 282, 415, 281, -1, 1, 2.356194490192345, 1.4142135623730951
70, 91, 552, 106, 552, 107, 0, -1, -1.5707963267948966, 1.0
70, 92, 812, 22, 813, 25, -1, -3, -1.892546881191539, 3.1622776601683795
70, 93, 159, 693, 159, 694, 0, -1, -1.5707963267948966, 1.0
70, 94, 1261, 181, 1263, 182, -2, -1, -2.677945044588987, 2.23606797749979
70, 95, 249, 413, 249, 414, 0, -1, -1.5707963267948966, 1.0
70, 96, 305, 371, 305, 372, 0, -1, -1.5707963267948966, 1.0
70, 97, 515, 176, 516, 179, -1, -3, -1.892546881191539, 3.1622776601683795
70, 98, 1102, 511, 1100, 508, 2, 3, 0.982793723247329, 3.605551275463989
70, 99, 1103, 76, 1102, 76, 1, 0, 0.0, 1.0
70, 100, 523, 248, 524, 250, -1, -2, -2.0344439357957027, 2.23606797749979
70, 101, 335, 15, 334, 17, 1, -2, -1.1071487177940904, 2.23606797749979
70, 102, 1102, 89, 1102, 88, 0, 1, 1.5707963267948966, 1.0
70, 103, 1255, 226, 1255, 223, 0, 3, 1.5707963267948966, 3.0
70, 104, 295, 379, 295, 380, 0, -1, -1.5707963267948966, 1.0
70, 105, 479, 240, 479, 244, 0, -4, -1.5707963267948966, 4.0
70, 106, 86, 105, 86, 105, 0, 0, 0.0, 0.0
70, 107, 1132, 529, 1130, 524, 2, 5, 1.1902899496825317, 5.385164807134504
70, 108, 1108, 407, 1105, 405, 3, 2, 0.5880026035475675, 3.605551275463989
70, 109, 82, 138, 82, 139, 0, -1, -1.5707963267948966, 1.0
70, 110, 247, 334, 247, 335, 0, -1, -1.5707963267948966, 1.0
70, 111, 660, 13, 660, 14, 0, -1, -1.5707963267948966, 1.0
70, 112, 283, 319, 283, 320, 0, -1, -1.5707963267948966, 1.0
70, 113, 818, 44, 819, 46, -1, -2, -2.0344439357957027, 2.23606797749979
70, 114, 1143, 387, 1144, 387, -1, 0, 3.141592653589793, 1.0
70, 115, 418, 348, 418, 344, 0, 4, 1.5707963267948966, 4.0
70, 116, 142, 560, 146, 557, -4, 3, 2.498091544796509, 5.0
70, 117, 333, 415, 333, 416, 0, -1, -1.5707963267948966, 1.0
70, 118, 503, 177, 504, 181, -1, -4, -1.8157749899217608, 4.123105625617661
70, 119, 651, 250, 651, 247, 0, 3, 1.5707963267948966, 3.0
70, 120, 390, 327, 392, 326, -2, 1, 2.677945044588987, 2.23606797749979
70, 121, 934, 102, 934, 103, 0, -1, -1.5707963267948966, 1.0
70, 122, 497, 140, 497, 143, 0, -3, -1.5707963267948966, 3.0
70, 123, 1166, 102, 1166, 101, 0, 1, 1.5707963267948966, 1.0
70, 124, 790, 701, 791, 708, -1, -7, -1.7126933813990606, 7.0710678118654755
70, 125, 1261, 198, 1274, 195, -13, 3, 2.9147938055359073, 13.341664064126334
70, 126, 183, 38, 183, 38, 0, 0, 0.0, 0.0
70, 127, 628, 280, 629, 280, -1, 0, 3.141592653589793, 1.0
70, 128, 1096, 516, 1094, 514, 2, 2, 0.7853981633974483, 2.8284271247461903
70, 129, 165, 20, 166, 20, -1, 0, 3.141592653589793, 1.0
70, 130, 684, 231, 685, 231, -1, 0, 3.141592653589793, 1.0
70, 131, 86, 151, 86, 152, 0, -1, -1.5707963267948966, 1.0
70, 132, 1229, 206, 1228, 205, 1, 1, 0.7853981633974483, 1.4142135623730951
70, 133, 584, 114, 584, 115, 0, -1, -1.5707963267948966, 1.0
70, 134, 1105, 100, 1105, 101, 0, -1, -1.5707963267948966, 1.0
70, 135, 1163, 290, 1165, 295, -2, -5, -1.9513027039072615, 5.385164807134504
70, 136, 66, 50, 63, 51, 3, -1, -0.3217505543966422, 3.1622776601683795
70, 137, 1214, 20, 1214, 21, 0, -1, -1.5707963267948966, 1.0
70, 138, 1185, 243, 1184, 241, 1, 2, 1.1071487177940904, 2.23606797749979
70, 139, 280, 357, 280, 358, 0, -1, -1.5707963267948966, 1.0
70, 140, 926, 103, 926, 104, 0, -1, -1.5707963267948966, 1.0
70, 141, 708, 566, 710, 571, -2, -5, -1.9513027039072615, 5.385164807134504
70, 142, 614, 100, 614, 100, 0, 0, 0.0, 0.0
70, 143, 545, 42, 545, 43, 0, -1, -1.5707963267948966, 1.0
70, 144, 1171, 207, 1171, 203, 0, 4, 1.5707963267948966, 4.0
70, 145, 784, 252, 785, 255, -1, -3, -1.892546881191539, 3.1622776601683795
70, 146, 719, 638, 721, 642, -2, -4, -2.0344439357957027, 4.47213595499958
70, 147, 1261, 171, 1268, 171, -7, 0, 3.141592653589793, 7.0
70, 148, 752, 442, 754, 446, -2, -4, -2.0344439357957027, 4.47213595499958
70, 149, 120, 539, 122, 536, -2, 3, 2.158798930342464, 3.605551275463989
70, 150, 1131, 575, 1129, 573, 2, 2, 0.7853981633974483, 2.8284271247461903
70, 151, 800, 594, 802, 594, -2, 0, 3.141592653589793, 2.0
70, 152, 797, 212, 797, 215, 0, -3, -1.5707963267948966, 3.0
70, 153, 1172, 91, 1172, 90, 0, 1, 1.5707963267948966, 1.0
70, 154, 703, 21, 703, 22, 0, -1, -1.5707963267948966, 1.0
70, 155, 757, 170, 758, 169, -1, 1, 2.356194490192345, 1.4142135623730951
70, 156, 592, 115, 592, 116, 0, -1, -1.5707963267948966, 1.0
70, 157, 1182, 197, 1182, 194, 0, 3, 1.5707963267948966, 3.0
70, 158, 120, 469, 123, 466, -3, 3, 2.356194490192345, 4.242640687119285
70, 159, 645, 25, 645, 27, 0, -2, -1.5707963267948966, 2.0
70, 160, 78, 152, 78, 153, 0, -1, -1.5707963267948966, 1.0
70, 161, 515, 253, 516, 255, -1, -2, -2.0344439357957027, 2.23606797749979
70, 162, 1149, 403, 1151, 407, -2, -4, -2.0344439357957027, 4.47213595499958
70, 163, 1063, 474, 1061, 470, 2, 4, 1.1071487177940904, 4.47213595499958
70, 164, 397, 280, 398, 279, -1, 1, 2.356194490192345, 1.4142135623730951
70, 165, 265, 398, 265, 399, 0, -1, -1.5707963267948966, 1.0
70, 166, 696, 21, 696, 22, 0, -1, -1.5707963267948966, 1.0
70, 167, 242, 321, 242, 322, 0, -1, -1.5707963267948966, 1.0
70, 168, 158, 527, 161, 525, -3, 2, 2.5535900500422257, 3.605551275463989
70, 169, 1158, 307, 1160, 311, -2, -4, -2.0344439357957027, 4.47213595499958
70, 170, 501, 184, 502, 188, -1, -4, -1.8157749899217608, 4.123105625617661
70, 171, 614, 253, 614, 252, 0, 1, 1.5707963267948966, 1.0
70, 172, 1200, 130, 1200, 130, 0, 0, 0.0, 0.0
70, 173, 389, 238, 390, 237, -1, 1, 2.356194490192345, 1.4142135623730951
70, 174, 542, 110, 542, 111, 0, -1, -1.5707963267948966, 1.0
70, 175, 681, 155, 681, 153, 0, 2, 1.5707963267948966, 2.0
70, 176, 1059, 446, 1056, 443, 3, 3, 0.7853981633974483, 4.242640687119285
70, 177, 1104, 461, 1101, 459, 3, 2, 0.5880026035475675, 3.605551275463989
70, 178, 611, 56, 611, 56, 0, 0, 0.0, 0.0
70, 179, 1169, 350, 1171, 353, -2, -3, -2.158798930342464, 3.605551275463989
70, 180, 1124, 68, 1123, 68, 1, 0, 0.0, 1.0
70, 181, 131, 469, 134, 466, -3, 3, 2.356194490192345, 4.242640687119285
71, 0, 785, 27, 786, 29, -1, -2, -2.0344439357957027, 2.23606797749979
71, 1, 1170, 335, 1172, 338, -2, -3, -2.158798930342464, 3.605551275463989
71, 2, 1138, 331, 1141, 335, -3, -4, -2.214297435588181, 5.0
71, 3, 1067, 444, 1065, 442, 2, 2, 0.7853981633974483, 2.8284271247461903
71, 4, 816, 230, 817, 233, -1, -3, -1.892546881191539, 3.1622776601683795
71, 5, 812, 256, 812, 259, 0, -3, -1.5707963267948966, 3.0
71, 6, 710, 456, 711, 459, -1, -3, -1.892546881191539, 3.1622776601683795
71, 7, 167, 657, 166, 656, 1, 1, 0.7853981633974483, 1.4142135623730951
71, 8, 1133, 376, 1135, 377, -2, -1, -2.677945044588987, 2.23606797749979
71, 9, 1217, 205, 1215, 204, 2, 1, 0.4636476090008061, 2.23606797749979
71, 10, 804, 689, 804, 694, 0, -5, -1.5707963267948966, 5.0
71, 11, 1256, 145, 1257, 145, -1, 0, 3.141592653589793, 1.0
71, 12, 162, 537, 165, 535, -3, 2, 2.5535900500422257, 3.605551275463989
71, 13, 692, 582, 693, 587, -1, -5, -1.7681918866447774, 5.0990195135927845
71, 14, 759, 108, 759, 106, 0, 2, 1.5707963267948966, 2.0
71, 15, 643, 30, 643, 32, 0, -2, -1.5707963267948966, 2.0
71, 16, 525, 198, 526, 201, -1, -3, -1.892546881191539, 3.1622776601683795
71, 17, 116, 482, 118, 479, -2, 3, 2.158798930342464, 3.605551275463989
71, 18, 118, 624, 117, 621, 1, 3, 1.2490457723982544, 3.1622776601683795
71, 19, 806, 12, 807, 15, -1, -3, -1.892546881191539, 3.1622776601683795
71, 20, 470, 249, 470, 253, 0, -4, -1.5707963267948966, 4.0
71, 21, 1167, 301, 1170, 306, -3, -5, -2.1112158270654806, 5.830951894845301
71, 22, 911, 30, 913, 30, -2, 0, 3.141592653589793, 2.0
71, 23, 812, 37, 813, 39, -1, -2, -2.0344439357957027, 2.23606797749979
71, 24, 255, 395, 255, 396, 0, -1, -1.5707963267948966, 1.0
71, 25, 710, 580, 712, 585, -2, -5, -1.9513027039072615, 5.385164807134504
71, 26, 485, 249, 485, 252, 0, -3, -1.5707963267948966, 3.0
71, 27, 1071, 550, 1070, 545, 1, 5, 1.373400766945016, 5.0990195135927845
71, 28, 689, 147, 689, 144, 0, 3, 1.5707963267948966, 3.0
71, 29, 844, 14, 846, 15, -2, -1, -2.677945044588987, 2.23606797749979
71, 30, 757, 571, 761, 569, -4, 2, 2.677945044588987, 4.47213595499958
71, 31, 769, 598, 771, 595, -2, 3, 2.158798930342464, 3.605551275463989
71, 32, 490, 63, 491, 66, -1, -3, -1.892546881191539, 3.1622776601683795
71, 33, 586, 106, 586, 107, 0, -1, -1.5707963267948966, 1.0
71, 34, 504, 163, 505, 166, -1, -3, -1.892546881191539, 3.1622776601683795
71, 35, 769, 529, 772, 527, -3, 2, 2.5535900500422257, 3.605551275463989
71, 36, 677, 212, 677, 210, 0, 2, 1.5707963267948966, 2.0
71, 37, 186, 11, 186, 12, 0, -1, -1.5707963267948966, 1.0
71, 38, 809, 53, 810, 56, -1, -3, -1.892546881191539, 3.1622776601683795
71, 39, 818, 30, 819, 32, -1, -2, -2.0344439357957027, 2.23606797749979
71, 40, 483, 54, 484, 57, -1, -3, -1.892546881191539, 3.1622776601683795
71, 41, 70, 41, 66, 41, 4, 0, 0.0, 4.0
71, 42, 1171, 62, 1171, 61, 0, 1, 1.5707963267948966, 1.0
71, 43, 481, 65, 482, 68, -1, -3, -1.892546881191539, 3.1622776601683795
71, 44, 788, 534, 792, 532, -4, 2, 2.677945044588987, 4.47213595499958
71, 45, 805, 217, 805, 220, 0, -3, -1.5707963267948966, 3.0
71, 46, 1199, 291, 1199, 292, 0, -1, -1.5707963267948966, 1.0
71, 47, 740, 408, 742, 413, -2, -5, -1.9513027039072615, 5.385164807134504
71, 48, 696, 161, 696, 158, 0, 3, 1.5707963267948966, 3.0
71, 49, 1082, 476, 1081, 472, 1, 4, 1.3258176636680326, 4.123105625617661
71, 50, 1197, 236, 1195, 235, 2, 1, 0.4636476090008061, 2.23606797749979
71, 51, 706, 685, 707, 689, -1, -4, -1.8157749899217608, 4.123105625617661
71, 52, 286, 349, 286, 350, 0, -1, -1.5707963267948966, 1.0
71, 53, 914, 42, 916, 42, -2, 0, 3.141592653589793, 2.0
71, 54, 484, 347, 484, 348, 0, -1, -1.5707963267948966, 1.0
71, 55, 629, 207, 629, 206, 0, 1, 1.5707963267948966, 1.0
71, 56, 1115, 87, 1115, 86, 0, 1, 1.5707963267948966, 1.0
71, 57, 616, 23, 616, 23, 0, 0, 0.0, 0.0
71, 58, 1068, 454, 1066, 452, 2, 2, 0.7853981633974483, 2.8284271247461903
71, 59, 289, 386, 289, 387, 0, -1, -1.5707963267948966, 1.0
71, 60, 709, 628, 711, 633, -2, -5, -1.9513027039072615, 5.385164807134504
71, 61, 819, 687, 820, 693, -1, -6, -1.7359450042095235, 6.082762530298219
71, 62, 693, 241, 694, 239, -1, 2, 2.0344439357957027, 2.23606797749979
71, 63, 1203, 176, 1203, 175, 0, 1, 1.5707963267948966, 1.0
71, 64, 151, 584, 153, 583, -2, 1, 2.677945044588987, 2.23606797749979
71, 65, 651, 71, 651, 72, 0, -1, -1.5707963267948966, 1.0
71, 66, 1138, 31, 1137, 31, 1, 0, 0.0, 1.0
71, 67, 499, 200, 500, 203, -1, -3, -1.892546881191539, 3.1622776601683795
71, 68, 392, 211, 392, 209, 0, 2, 1.5707963267948966, 2.0
71, 69, 23, 429, 20, 429, 3, 0, 0.0, 3.0
71, 70, 1107, 44, 1106, 44, 1, 0, 0.0, 1.0
71, 71, 1183, 223, 1183, 223, 0, 0, 0.0, 0.0
71, 72, 646, 11, 646, 12, 0, -1, -1.5707963267948966, 1.0
71, 73, 785, 523, 789, 521, -4, 2, 2.677945044588987, 4.47213595499958
71, 74, 752, 102, 752, 100, 0, 2, 1.5707963267948966, 2.0
71, 75, 1119, 35, 1118, 35, 1, 0, 0.0, 1.0
71, 76, 546, 34, 546, 35, 0, -1, -1.5707963267948966, 1.0
71, 77, 1076, 508, 1076, 508, 0, 0, 0.0, 0.0
71, 78, 484, 303, 484, 305, 0, -2, -1.5707963267948966, 2.0
71, 79, 1172, 69, 1172, 68, 0, 1, 1.5707963267948966, 1.0
71, 80, 702, 636, 705, 640, -3, -4, -2.214297435588181, 5.0
71, 81, 764, 137, 764, 135, 0, 2, 1.5707963267948966, 2.0
71, 82, 400, 272, 400, 271, 0, 1, 1.5707963267948966, 1.0
71, 83, 799, 13, 800, 16, -1, -3, -1.892546881191539, 3.1622776601683795
71, 84, 796, 589, 798, 587, -2, 2, 2.356194490192345, 2.8284271247461903
71, 85, 744, 160, 745, 160, -1, 0, 3.141592653589793, 1.0
71, 86, 637, 300, 637, 301, 0, -1, -1.5707963267948966, 1.0
71, 87, 1186, 261, 1185, 262, 1, -1, -0.7853981633974483, 1.4142135623730951
71, 88, 413, 283, 414, 282, -1, 1, 2.356194490192345, 1.4142135623730951
71, 89, 552, 105, 552, 106, 0, -1, -1.5707963267948966, 1.0
71, 90, 811, 19, 812, 22, -1, -3, -1.892546881191539, 3.1622776601683795
71, 91, 159, 692, 159, 693, 0, -1, -1.5707963267948966, 1.0
71, 92, 1260, 181, 1261, 181, -1, 0, 3.141592653589793, 1.0
71, 93, 249, 412, 249, 413, 0, -1, -1.5707963267948966, 1.0
71, 94, 305, 371, 305, 371, 0, 0, 0.0, 0.0
71, 95, 514, 173, 515, 176, -1, -3, -1.892546881191539, 3.1622776601683795
71, 96, 1104, 514, 1102, 511, 2, 3, 0.982793723247329, 3.605551275463989
71, 97, 1104, 77, 1103, 76, 1, 1, 0.7853981633974483, 1.4142135623730951
71, 98, 522, 246, 523, 248, -1, -2, -2.0344439357957027, 2.23606797749979
71, 99, 335, 14, 335, 15, 0, -1, -1.5707963267948966, 1.0
71, 100, 1102, 90, 1102, 89, 0, 1, 1.5707963267948966, 1.0
71, 101, 1256, 229, 1255, 226, 1, 3, 1.2490457723982544, 3.1622776601683795
71, 102, 295, 378, 295, 379, 0, -1, -1.5707963267948966, 1.0
71, 103, 479, 237, 479, 240, 0, -3, -1.5707963267948966, 3.0
71, 104, 87, 105, 86, 105, 1, 0, 0.0, 1.0
71, 105, 1134, 534, 1132, 529, 2, 5, 1.1902899496825317, 5.385164807134504
71, 106, 1111, 409, 1108, 407, 3, 2, 0.5880026035475675, 3.605551275463989
71, 107, 247, 333, 247, 334, 0, -1, -1.5707963267948966, 1.0
71, 108, 660, 11, 660, 13, 0, -2, -1.5707963267948966, 2.0
71, 109, 283, 318, 283, 319, 0, -1, -1.5707963267948966, 1.0
71, 110, 817, 42, 818, 44, -1, -2, -2.0344439357957027, 2.23606797749979
71, 111, 1141, 386, 1143, 387, -2, -1, -2.677945044588987, 2.23606797749979
71, 112, 417, 350, 418, 348, -1, 2, 2.0344439357957027, 2.23606797749979
71, 113, 140, 563, 142, 560, -2, 3, 2.158798930342464, 3.605551275463989
71, 114, 502, 174, 503, 177, -1, -3, -1.892546881191539, 3.1622776601683795
71, 115, 651, 252, 651, 250, 0, 2, 1.5707963267948966, 2.0
71, 116, 388, 328, 390, 327, -2, 1, 2.677945044588987, 2.23606797749979
71, 117, 497, 137, 497, 140, 0, -3, -1.5707963267948966, 3.0
71, 118, 1166, 103, 1166, 102, 0, 1, 1.5707963267948966, 1.0
71, 119, 789, 697, 790, 701, -1, -4, -1.8157749899217608, 4.123105625617661
71, 120, 1261, 201, 1261, 198, 0, 3, 1.5707963267948966, 3.0
71, 121, 182, 38, 183, 38, -1, 0, 3.141592653589793, 1.0
71, 122, 628, 282, 628, 280, 0, 2, 1.5707963267948966, 2.0
71, 123, 1098, 519, 1096, 516, 2, 3, 0.982793723247329, 3.605551275463989
71, 124, 164, 21, 165, 20, -1, 1, 2.356194490192345, 1.4142135623730951
71, 125, 683, 231, 684, 231, -1, 0, 3.141592653589793, 1.0
71, 126, 86, 150, 86, 151, 0, -1, -1.5707963267948966, 1.0
71, 127, 1230, 207, 1229, 206, 1, 1, 0.7853981633974483, 1.4142135623730951
71, 128, 584, 113, 584, 114, 0, -1, -1.5707963267948966, 1.0
71, 129, 1105, 100, 1105, 100, 0, 0, 0.0, 0.0
71, 130, 1160, 285, 1163, 290, -3, -5, -2.1112158270654806, 5.830951894845301
71, 131, 70, 49, 66, 50, 4, -1, -0.24497866312686414, 4.123105625617661
71, 132, 1214, 19, 1214, 20, 0, -1, -1.5707963267948966, 1.0
71, 133, 1186, 245, 1185, 243, 1, 2, 1.1071487177940904, 2.23606797749979
71, 134, 280, 356, 280, 357, 0, -1, -1.5707963267948966, 1.0
71, 135, 707, 561, 708, 566, -1, -5, -1.7681918866447774, 5.0990195135927845
71, 136, 614, 100, 614, 100, 0, 0, 0.0, 0.0
71, 137, 545, 41, 545, 42, 0, -1, -1.5707963267948966, 1.0
71, 138, 1172, 210, 1171, 207, 1, 3, 1.2490457723982544, 3.1622776601683795
71, 139, 783, 250, 784, 252, -1, -2, -2.0344439357957027, 2.23606797749979
71, 140, 717, 634, 719, 638, -2, -4, -2.0344439357957027, 4.47213595499958
71, 141, 1260, 171, 1261, 171, -1, 0, 3.141592653589793, 1.0
71, 142, 750, 438, 752, 442, -2, -4, -2.0344439357957027, 4.47213595499958
71, 143, 118, 542, 120, 539, -2, 3, 2.158798930342464, 3.605551275463989
71, 144, 1132, 577, 1131, 575, 1, 2, 1.1071487177940904, 2.23606797749979
71, 145, 798, 595, 800, 594, -2, 1, 2.677945044588987, 2.23606797749979
71, 146, 797, 210, 797, 212, 0, -2, -1.5707963267948966, 2.0
71, 147, 1172, 92, 1172, 91, 0, 1, 1.5707963267948966, 1.0
71, 148, 703, 21, 703, 21, 0, 0, 0.0, 0.0
71, 149, 756, 171, 757, 170, -1, 1, 2.356194490192345, 1.4142135623730951
71, 150, 592, 114, 592, 115, 0, -1, -1.5707963267948966, 1.0
71, 151, 1182, 200, 1182, 197, 0, 3, 1.5707963267948966, 3.0
71, 152, 117, 473, 120, 469, -3, 4, 2.214297435588181, 5.0
71, 153, 645, 23, 645, 25, 0, -2, -1.5707963267948966, 2.0
71, 154, 78, 151, 78, 152, 0, -1, -1.5707963267948966, 1.0
71, 155, 514, 251, 515, 253, -1, -2, -2.0344439357957027, 2.23606797749979
71, 156, 1146, 398, 1149, 403, -3, -5, -2.1112158270654806, 5.830951894845301
71, 157, 1065, 478, 1063, 474, 2, 4, 1.1071487177940904, 4.47213595499958
71, 158, 396, 281, 397, 280, -1, 1, 2.356194490192345, 1.4142135623730951
71, 159, 265, 397, 265, 398, 0, -1, -1.5707963267948966, 1.0
71, 160, 696, 21, 696, 21, 0, 0, 0.0, 0.0
71, 161, 242, 320, 242, 321, 0, -1, -1.5707963267948966, 1.0
71, 162, 154, 528, 158, 527, -4, 1, 2.896613990462929, 4.123105625617661
71, 163, 1155, 303, 1158, 307, -3, -4, -2.214297435588181, 5.0
71, 164, 500, 181, 501, 184, -1, -3, -1.892546881191539, 3.1622776601683795
71, 165, 614, 254, 614, 253, 0, 1, 1.5707963267948966, 1.0
71, 166, 1200, 131, 1200, 130, 0, 1, 1.5707963267948966, 1.0
71, 167, 388, 240, 389, 238, -1, 2, 2.0344439357957027, 2.23606797749979
71, 168, 542, 109, 542, 110, 0, -1, -1.5707963267948966, 1.0
71, 169, 681, 157, 681, 155, 0, 2, 1.5707963267948966, 2.0
71, 170, 1061, 448, 1059, 446, 2, 2, 0.7853981633974483, 2.8284271247461903
71, 171, 1106, 464, 1104, 461, 2, 3, 0.982793723247329, 3.605551275463989
71, 172, 611, 56, 611, 56, 0, 0, 0.0, 0.0
71, 173, 1167, 347, 1169, 350, -2, -3, -2.158798930342464, 3.605551275463989
71, 174, 1125, 68, 1124, 68, 1, 0, 0.0, 1.0
71, 175, 128, 472, 131, 469, -3, 3, 2.356194490192345, 4.242640687119285
72, 0, 817, 30, 818, 33, -1, -3, -1.892546881191539, 3.1622776601683795
72, 1, 818, 230, 818, 234, 0, -4, -1.5707963267948966, 4.0
72, 2, 1139, 333, 1142, 336, -3, -3, -2.356194490192345, 4.242640687119285
72, 3, 802, 686, 803, 690, -1, -4, -1.8157749899217608, 4.123105625617661
72, 4, 785, 26, 787, 30, -2, -4, -2.0344439357957027, 4.47213595499958
72, 5, 1168, 335, 1171, 338, -3, -3, -2.356194490192345, 4.242640687119285
72, 6, 711, 453, 711, 455, 0, -2, -1.5707963267948966, 2.0
72, 7, 693, 580, 693, 585, 0, -5, -1.5707963267948966, 5.0
72, 8, 118, 483, 118, 481, 0, 2, 1.5707963267948966, 2.0
72, 9, 1219, 206, 1216, 204, 3, 2, 0.5880026035475675, 3.605551275463989
72, 10, 806, 12, 808, 16, -2, -4, -2.0344439357957027, 4.47213595499958
72, 11, 171, 656, 169, 652, 2, 4, 1.1071487177940904, 4.47213595499958
72, 12, 645, 28, 644, 33, 1, -5, -1.373400766945016, 5.0990195135927845
72, 13, 812, 255, 812, 259, 0, -4, -1.5707963267948966, 4.0
72, 14, 524, 198, 526, 202, -2, -4, -2.0344439357957027, 4.47213595499958
72, 15, 913, 32, 916, 33, -3, -1, -2.819842099193151, 3.1622776601683795
72, 16, 1168, 302, 1171, 307, -3, -5, -2.1112158270654806, 5.830951894845301
72, 17, 1257, 148, 1258, 148, -1, 0, 3.141592653589793, 1.0
72, 18, 260, 381, 260, 382, 0, -1, -1.5707963267948966, 1.0
72, 19, 471, 251, 471, 254, 0, -3, -1.5707963267948966, 3.0
72, 20, 1065, 442, 1064, 442, 1, 0, 0.0, 1.0
72, 21, 844, 32, 846, 33, -2, -1, -2.677945044588987, 2.23606797749979
72, 22, 491, 62, 492, 67, -1, -5, -1.7681918866447774, 5.0990195135927845
72, 23, 1133, 374, 1136, 374, -3, 0, 3.141592653589793, 3.0
72, 24, 255, 395, 255, 396, 0, -1, -1.5707963267948966, 1.0
72, 25, 762, 110, 760, 107, 2, 3, 0.982793723247329, 3.605551275463989
72, 26, 118, 624, 117, 621, 1, 3, 1.2490457723982544, 3.1622776601683795
72, 27, 711, 582, 712, 585, -1, -3, -1.892546881191539, 3.1622776601683795
72, 28, 759, 594, 763, 593, -4, 1, 2.896613990462929, 4.123105625617661
72, 29, 186, 12, 186, 13, 0, -1, -1.5707963267948966, 1.0
72, 30, 586, 106, 586, 107, 0, -1, -1.5707963267948966, 1.0
72, 31, 689, 148, 689, 145, 0, 3, 1.5707963267948966, 3.0
72, 32, 1072, 547, 1072, 545, 0, 2, 1.5707963267948966, 2.0
72, 33, 677, 214, 677, 210, 0, 4, 1.5707963267948966, 4.0
72, 34, 483, 52, 484, 57, -1, -5, -1.7681918866447774, 5.0990195135927845
72, 35, 1182, 222, 1183, 222, -1, 0, 3.141592653589793, 1.0
72, 36, 914, 41, 916, 42, -2, -1, -2.677945044588987, 2.23606797749979
72, 37, 481, 63, 482, 68, -1, -5, -1.7681918866447774, 5.0990195135927845
72, 38, 810, 53, 811, 57, -1, -4, -1.8157749899217608, 4.123105625617661
72, 39, 831, 21, 834, 23, -3, -2, -2.5535900500422257, 3.605551275463989
72, 40, 484, 345, 484, 348, 0, -3, -1.5707963267948966, 3.0
72, 41, 741, 409, 743, 414, -2, -5, -1.9513027039072615, 5.385164807134504
72, 42, 488, 248, 486, 252, 2, -4, -1.1071487177940904, 4.47213595499958
72, 43, 696, 163, 696, 159, 0, 4, 1.5707963267948966, 4.0
72, 44, 637, 300, 637, 301, 0, -1, -1.5707963267948966, 1.0
72, 45, 71, 42, 68, 42, 3, 0, 0.0, 3.0
72, 46, 798, 12, 800, 16, -2, -4, -2.0344439357957027, 4.47213595499958
72, 47, 33, 439, 28, 438, 5, 1, 0.19739555984988075, 5.0990195135927845
72, 48, 1200, 238, 1197, 236, 3, 2, 0.5880026035475675, 3.605551275463989
72, 49, 771, 599, 774, 599, -3, 0, 3.141592653589793, 3.0
72, 50, 1172, 63, 1171, 62, 1, 1, 0.7853981633974483, 1.4142135623730951
72, 51, 859, 26, 861, 28, -2, -2, -2.356194490192345, 2.8284271247461903
72, 52, 755, 103, 753, 100, 2, 3, 0.982793723247329, 3.605551275463989
72, 53, 505, 162, 506, 167, -1, -5, -1.7681918866447774, 5.0990195135927845
72, 54, 616, 25, 616, 24, 0, 1, 1.5707963267948966, 1.0
72, 55, 1110, 43, 1107, 43, 3, 0, 0.0, 3.0
72, 56, 392, 214, 393, 210, -1, 4, 1.8157749899217608, 4.123105625617661
72, 57, 837, 42, 839, 43, -2, -1, -2.677945044588987, 2.23606797749979
72, 58, 844, 14, 847, 16, -3, -2, -2.5535900500422257, 3.605551275463989
72, 59, 538, 73, 538, 74, 0, -1, -1.5707963267948966, 1.0
72, 60, 821, 686, 821, 690, 0, -4, -1.5707963267948966, 4.0
72, 61, 634, 208, 634, 206, 0, 2, 1.5707963267948966, 2.0
72, 62, 769, 529, 772, 528, -3, 1, 2.819842099193151, 3.1622776601683795
72, 63, 940, 26, 940, 27, 0, -1, -1.5707963267948966, 1.0
72, 64, 785, 524, 789, 521, -4, 3, 2.498091544796509, 5.0
72, 65, 812, 18, 813, 22, -1, -4, -1.8157749899217608, 4.123105625617661
72, 66, 709, 628, 711, 632, -2, -4, -2.0344439357957027, 4.47213595499958
72, 67, 515, 172, 516, 176, -1, -4, -1.8157749899217608, 4.123105625617661
72, 68, 1102, 92, 1102, 90, 0, 2, 1.5707963267948966, 2.0
72, 69, 546, 34, 546, 35, 0, -1, -1.5707963267948966, 1.0
72, 70, 806, 217, 806, 221, 0, -4, -1.5707963267948966, 4.0
72, 71, 64, 79, 64, 80, 0, -1, -1.5707963267948966, 1.0
72, 72, 1140, 31, 1137, 31, 3, 0, 0.0, 3.0
72, 73, 428, 322, 428, 325, 0, -3, -1.5707963267948966, 3.0
72, 74, 890, 12, 893, 13, -3, -1, -2.819842099193151, 3.1622776601683795
72, 75, 1077, 509, 1076, 508, 1, 1, 0.7853981633974483, 1.4142135623730951
72, 76, 289, 386, 289, 387, 0, -1, -1.5707963267948966, 1.0
72, 77, 295, 379, 295, 380, 0, -1, -1.5707963267948966, 1.0
72, 78, 331, 17, 331, 18, 0, -1, -1.5707963267948966, 1.0
72, 79, 267, 388, 267, 389, 0, -1, -1.5707963267948966, 1.0
72, 80, 1106, 517, 1103, 514, 3, 3, 0.7853981633974483, 4.242640687119285
72, 81, 790, 696, 791, 700, -1, -4, -1.8157749899217608, 4.123105625617661
72, 82, 159, 693, 159, 694, 0, -1, -1.5707963267948966, 1.0
72, 83, 653, 70, 652, 72, 1, -2, -1.1071487177940904, 2.23606797749979
72, 84, 1122, 35, 1119, 35, 3, 0, 0.0, 3.0
72, 85, 705, 679, 708, 688, -3, -9, -1.892546881191539, 9.486832980505138
72, 86, 414, 285, 415, 283, -1, 2, 2.0344439357957027, 2.23606797749979
72, 87, 789, 534, 793, 533, -4, 1, 2.896613990462929, 4.123105625617661
72, 88, 249, 413, 249, 414, 0, -1, -1.5707963267948966, 1.0
72, 89, 481, 236, 480, 241, 1, -5, -1.373400766945016, 5.0990195135927845
72, 90, 248, 333, 248, 334, 0, -1, -1.5707963267948966, 1.0
72, 91, 1258, 231, 1256, 227, 2, 4, 1.1071487177940904, 4.47213595499958
72, 92, 939, 108, 939, 109, 0, -1, -1.5707963267948966, 1.0
72, 93, 400, 276, 401, 272, -1, 4, 1.8157749899217608, 4.123105625617661
72, 94, 647, 8, 646, 12, 1, -4, -1.3258176636680326, 4.123105625617661
72, 95, 1185, 264, 1184, 263, 1, 1, 0.7853981633974483, 1.4142135623730951
72, 96, 1203, 178, 1203, 176, 0, 2, 1.5707963267948966, 2.0
72, 97, 702, 633, 706, 637, -4, -4, -2.356194490192345, 5.656854249492381
72, 98, 389, 330, 391, 327, -2, 3, 2.158798930342464, 3.605551275463989
72, 99, 784, 250, 785, 253, -1, -3, -1.892546881191539, 3.1622776601683795
72, 100, 499, 199, 500, 204, -1, -5, -1.7681918866447774, 5.0990195135927845
72, 101, 757, 174, 757, 173, 0, 1, 1.5707963267948966, 1.0
72, 102, 503, 173, 504, 178, -1, -5, -1.7681918866447774, 5.0990195135927845
72, 103, 814, 40, 816, 42, -2, -2, -2.356194490192345, 2.8284271247461903
72, 104, 758, 570, 761, 570, -3, 0, 3.141592653589793, 3.0
72, 105, 1261, 182, 1263, 182, -2, 0, 3.141592653589793, 2.0
72, 106, 499, 137, 498, 139, 1, -2, -1.1071487177940904, 2.23606797749979
72, 107, 1111, 411, 1108, 409, 3, 2, 0.5880026035475675, 3.605551275463989
72, 108, 554, 110, 554, 111, 0, -1, -1.5707963267948966, 1.0
72, 109, 389, 242, 390, 239, -1, 3, 1.892546881191539, 3.1622776601683795
72, 110, 1105, 100, 1105, 100, 0, 0, 0.0, 0.0
72, 111, 514, 252, 515, 255, -1, -3, -1.892546881191539, 3.1622776601683795
72, 112, 70, 50, 67, 51, 3, -1, -0.3217505543966422, 3.1622776601683795
72, 113, 409, 367, 410, 366, -1, 1, 2.356194490192345, 1.4142135623730951
72, 114, 584, 114, 584, 115, 0, -1, -1.5707963267948966, 1.0
72, 115, 748, 441, 751, 442, -3, -1, -2.819842099193151, 3.1622776601683795
72, 116, 652, 255, 652, 252, 0, 3, 1.5707963267948966, 3.0
72, 117, 1142, 391, 1144, 391, -2, 0, 3.141592653589793, 2.0
72, 118, 280, 357, 280, 358, 0, -1, -1.5707963267948966, 1.0
72, 119, 766, 138, 765, 135, 1, 3, 1.2490457723982544, 3.1622776601683795
72, 120, 746, 159, 746, 160, 0, -1, -1.5707963267948966, 1.0
72, 121, 661, 9, 660, 13, 1, -4, -1.3258176636680326, 4.123105625617661
72, 122, 1100, 522, 1097, 520, 3, 2, 0.5880026035475675, 3.605551275463989
72, 123, 1168, 103, 1167, 102, 1, 1, 0.7853981633974483, 1.4142135623730951
72, 124, 163, 21, 165, 20, -2, 1, 2.677945044588987, 2.23606797749979
72, 125, 658, 61, 657, 62, 1, -1, -0.7853981633974483, 1.4142135623730951
72, 126, 89, 100, 89, 101, 0, -1, -1.5707963267948966, 1.0
72, 127, 797, 209, 797, 213, 0, -4, -1.5707963267948966, 4.0
72, 128, 934, 101, 934, 102, 0, -1, -1.5707963267948966, 1.0
72, 129, 144, 582, 146, 581, -2, 1, 2.677945044588987, 2.23606797749979
72, 130, 1233, 208, 1230, 206, 3, 2, 0.5880026035475675, 3.605551275463989
72, 131, 489, 129, 489, 131, 0, -2, -1.5707963267948966, 2.0
72, 132, 1204, 142, 1203, 139, 1, 3, 1.2490457723982544, 3.1622776601683795
72, 133, 1188, 245, 1186, 243, 2, 2, 0.7853981633974483, 2.8284271247461903
72, 134, 1126, 100, 1125, 101, 1, -1, -0.7853981633974483, 1.4142135623730951
72, 135, 592, 114, 592, 115, 0, -1, -1.5707963267948966, 1.0
72, 136, 718, 631, 720, 635, -2, -4, -2.0344439357957027, 4.47213595499958
72, 137, 1081, 472, 1080, 475, 1, -3, -1.2490457723982544, 3.1622776601683795
72, 138, 1214, 19, 1214, 20, 0, -1, -1.5707963267948966, 1.0
72, 139, 1173, 93, 1172, 92, 1, 1, 0.7853981633974483, 1.4142135623730951
72, 140, 182, 38, 183, 38, -1, 0, 3.141592653589793, 1.0
72, 141, 1198, 261, 1196, 260, 2, 1, 0.4636476090008061, 2.23606797749979
72, 142, 797, 82, 798, 84, -1, -2, -2.0344439357957027, 2.23606797749979
72, 143, 265, 397, 265, 398, 0, -1, -1.5707963267948966, 1.0
72, 144, 926, 102, 926, 103, 0, -1, -1.5707963267948966, 1.0
72, 145, 118, 474, 120, 471, -2, 3, 2.158798930342464, 3.605551275463989
72, 146, 646, 21, 645, 26, 1, -5, -1.373400766945016, 5.0990195135927845
72, 147, 614, 99, 614, 99, 0, 0, 0.0, 0.0
72, 148, 705, 21, 704, 22, 1, -1, -0.7853981633974483, 1.4142135623730951
72, 149, 909, 22, 912, 23, -3, -1, -2.819842099193151, 3.1622776601683795
72, 150, 706, 560, 708, 565, -2, -5, -1.9513027039072615, 5.385164807134504
72, 151, 13, 432, 12, 433, 1, -1, -0.7853981633974483, 1.4142135623730951
72, 152, 610, 59, 610, 58, 0, 1, 1.5707963267948966, 1.0
72, 153, 1201, 135, 1201, 131, 0, 4, 1.5707963267948966, 4.0
72, 154, 1148, 400, 1149, 404, -1, -4, -1.8157749899217608, 4.123105625617661
72, 155, 1133, 533, 1133, 530, 0, 3, 1.5707963267948966, 3.0
72, 156, 630, 286, 630, 282, 0, 4, 1.5707963267948966, 4.0
72, 157, 1160, 287, 1163, 291, -3, -4, -2.214297435588181, 5.0
72, 158, 1261, 174, 1267, 174, -6, 0, 3.141592653589793, 6.0
72, 159, 1171, 214, 1170, 212, 1, 2, 1.1071487177940904, 2.23606797749979
72, 160, 541, 109, 541, 110, 0, -1, -1.5707963267948966, 1.0
72, 161, 614, 255, 614, 254, 0, 1, 1.5707963267948966, 1.0
72, 162, 1154, 303, 1158, 306, -4, -3, -2.498091544796509, 5.0
72, 163, 1232, 254, 1230, 251, 2, 3, 0.982793723247329, 3.605551275463989
72, 164, 117, 541, 120, 539, -3, 2, 2.5535900500422257, 3.605551275463989
72, 165, 398, 284, 399, 281, -1, 3, 1.892546881191539, 3.1622776601683795
72, 166, 1105, 466, 1103, 463, 2, 3, 0.982793723247329, 3.605551275463989
72, 167, 699, 20, 697, 21, 2, -1, -0.4636476090008061, 2.23606797749979
72, 168, 705, 589, 705, 593, 0, -4, -1.5707963267948966, 4.0
72, 169, 691, 246, 694, 244, -3, 2, 2.5535900500422257, 3.605551275463989
72, 170, 688, 195, 688, 192, 0, 3, 1.5707963267948966, 3.0
72, 171, 1120, 88, 1120, 90, 0, -2, -1.5707963267948966, 2.0
72, 172, 545, 41, 545, 42, 0, -1, -1.5707963267948966, 1.0
72, 173, 481, 701, 481, 717, 0, -16, -1.5707963267948966, 16.0
72, 174, 492, 321, 493, 328, -1, -7, -1.7126933813990606, 7.0710678118654755
72, 175, 501, 180, 502, 185, -1, -5, -1.7681918866447774, 5.0990195135927845
72, 176, 421, 348, 423, 349, -2, -1, -2.677945044588987, 2.23606797749979
72, 177, 682, 158, 681, 155, 1, 3, 1.2490457723982544, 3.1622776601683795
72, 178, 940, 39, 940, 40, 0, -1, -1.5707963267948966, 1.0
72, 179, 242, 321, 242, 322, 0, -1, -1.5707963267948966, 1.0
73, 0, 816, 28, 817, 30, -1, -2, -2.0344439357957027, 2.23606797749979
73, 1, 816, 226, 818, 230, -2, -4, -2.0344439357957027, 4.47213595499958
73, 2, 1137, 329, 1139, 333, -2, -4, -2.0344439357957027, 4.47213595499958
73, 3, 802, 681, 802, 686, 0, -5, -1.5707963267948966, 5.0
73, 4, 784, 24, 785, 26, -1, -2, -2.0344439357957027, 2.23606797749979
73, 5, 1165, 331, 1168, 335, -3, -4, -2.214297435588181, 5.0
73, 6, 711, 450, 711, 453, 0, -3, -1.5707963267948966, 3.0
73, 7, 692, 576, 693, 580, -1, -4, -1.8157749899217608, 4.123105625617661
73, 8, 117, 486, 118, 483, -1, 3, 1.892546881191539, 3.1622776601683795
73, 9, 1221, 208, 1219, 206, 2, 2, 0.7853981633974483, 2.8284271247461903
73, 10, 805, 10, 806, 12, -1, -2, -2.0344439357957027, 2.23606797749979
73, 11, 171, 659, 171, 656, 0, 3, 1.5707963267948966, 3.0
73, 12, 645, 25, 645, 28, 0, -3, -1.5707963267948966, 3.0
73, 13, 811, 253, 812, 255, -1, -2, -2.0344439357957027, 2.23606797749979
73, 14, 523, 196, 524, 198, -1, -2, -2.0344439357957027, 2.23606797749979
73, 15, 1165, 297, 1168, 302, -3, -5, -2.1112158270654806, 5.830951894845301
73, 16, 1257, 148, 1257, 148, 0, 0, 0.0, 0.0
73, 17, 260, 380, 260, 381, 0, -1, -1.5707963267948966, 1.0
73, 18, 471, 247, 471, 251, 0, -4, -1.5707963267948966, 4.0
73, 19, 1067, 444, 1065, 442, 2, 2, 0.7853981633974483, 2.8284271247461903
73, 20, 842, 31, 844, 32, -2, -1, -2.677945044588987, 2.23606797749979
73, 21, 490, 58, 491, 62, -1, -4, -1.8157749899217608, 4.123105625617661
73, 22, 1131, 374, 1133, 374, -2, 0, 3.141592653589793, 2.0
73, 23, 762, 110, 762, 110, 0, 0, 0.0, 0.0
73, 24, 118, 627, 118, 624, 0, 3, 1.5707963267948966, 3.0
73, 25, 709, 577, 711, 582, -2, -5, -1.9513027039072615, 5.385164807134504
73, 26, 754, 596, 759, 594, -5, 2, 2.761086276477428, 5.385164807134504
73, 27, 186, 12, 186, 12, 0, 0, 0.0, 0.0
73, 28, 586, 105, 586, 106, 0, -1, -1.5707963267948966, 1.0
73, 29, 689, 150, 689, 148, 0, 2, 1.5707963267948966, 2.0
73, 30, 1073, 551, 1072, 547, 1, 4, 1.3258176636680326, 4.123105625617661
73, 31, 677, 216, 677, 214, 0, 2, 1.5707963267948966, 2.0
73, 32, 483, 48, 483, 52, 0, -4, -1.5707963267948966, 4.0
73, 33, 1183, 223, 1182, 222, 1, 1, 0.7853981633974483, 1.4142135623730951
73, 34, 480, 59, 481, 63, -1, -4, -1.8157749899217608, 4.123105625617661
73, 35, 809, 51, 810, 53, -1, -2, -2.0344439357957027, 2.23606797749979
73, 36, 829, 20, 831, 21, -2, -1, -2.677945044588987, 2.23606797749979
73, 37, 483, 342, 484, 345, -1, -3, -1.892546881191539, 3.1622776601683795
73, 38, 740, 403, 741, 409, -1, -6, -1.7359450042095235, 6.082762530298219
73, 39, 488, 244, 488, 248, 0, -4, -1.5707963267948966, 4.0
73, 40, 696, 166, 696, 163, 0, 3, 1.5707963267948966, 3.0
73, 41, 636, 300, 637, 300, -1, 0, 3.141592653589793, 1.0
73, 42, 75, 42, 71, 42, 4, 0, 0.0, 4.0
73, 43, 797, 10, 798, 12, -1, -2, -2.0344439357957027, 2.23606797749979
73, 44, 36, 440, 33, 439, 3, 1, 0.3217505543966422, 3.1622776601683795
73, 45, 1201, 240, 1200, 238, 1, 2, 1.1071487177940904, 2.23606797749979
73, 46, 768, 600, 771, 599, -3, 1, 2.819842099193151, 3.1622776601683795
73, 47, 1172, 63, 1172, 63, 0, 0, 0.0, 0.0
73, 48, 857, 25, 859, 26, -2, -1, -2.677945044588987, 2.23606797749979
73, 49, 755, 103, 755, 103, 0, 0, 0.0, 0.0
73, 50, 505, 160, 505, 162, 0, -2, -1.5707963267948966, 2.0
73, 51, 616, 25, 616, 25, 0, 0, 0.0, 0.0
73, 52, 1111, 43, 1110, 43, 1, 0, 0.0, 1.0
73, 53, 392, 217, 392, 214, 0, 3, 1.5707963267948966, 3.0
73, 54, 835, 41, 837, 42, -2, -1, -2.677945044588987, 2.23606797749979
73, 55, 842, 13, 844, 14, -2, -1, -2.677945044588987, 2.23606797749979
73, 56, 538, 72, 538, 73, 0, -1, -1.5707963267948966, 1.0
73, 57, 820, 680, 821, 686, -1, -6, -1.7359450042095235, 6.082762530298219
73, 58, 633, 208, 634, 208, -1, 0, 3.141592653589793, 1.0
73, 59, 765, 532, 769, 529, -4, 3, 2.498091544796509, 5.0
73, 60, 940, 25, 940, 26, 0, -1, -1.5707963267948966, 1.0
73, 61, 781, 527, 785, 524, -4, 3, 2.498091544796509, 5.0
73, 62, 811, 16, 812, 18, -1, -2, -2.0344439357957027, 2.23606797749979
73, 63, 708, 625, 709, 628, -1, -3, -1.892546881191539, 3.1622776601683795
73, 64, 514, 170, 515, 172, -1, -2, -2.0344439357957027, 2.23606797749979
73, 65, 1102, 93, 1102, 92, 0, 1, 1.5707963267948966, 1.0
73, 66, 806, 214, 806, 217, 0, -3, -1.5707963267948966, 3.0
73, 67, 64, 78, 64, 79, 0, -1, -1.5707963267948966, 1.0
73, 68, 1141, 31, 1140, 31, 1, 0, 0.0, 1.0
73, 69, 428, 321, 428, 322, 0, -1, -1.5707963267948966, 1.0
73, 70, 1077, 510, 1077, 509, 0, 1, 1.5707963267948966, 1.0
73, 71, 289, 385, 289, 386, 0, -1, -1.5707963267948966, 1.0
73, 72, 295, 378, 295, 379, 0, -1, -1.5707963267948966, 1.0
73, 73, 331, 16, 331, 17, 0, -1, -1.5707963267948966, 1.0
73, 74, 267, 387, 267, 388, 0, -1, -1.5707963267948966, 1.0
73, 75, 1109, 519, 1106, 517, 3, 2, 0.5880026035475675, 3.605551275463989
73, 76, 789, 691, 790, 696, -1, -5, -1.7681918866447774, 5.0990195135927845
73, 77, 159, 693, 159, 693, 0, 0, 0.0, 0.0
73, 78, 654, 68, 653, 70, 1, -2, -1.1071487177940904, 2.23606797749979
73, 79, 1123, 35, 1122, 35, 1, 0, 0.0, 1.0
73, 80, 701, 672, 705, 679, -4, -7, -2.0899424410414196, 8.06225774829855
73, 81, 413, 286, 414, 285, -1, 1, 2.356194490192345, 1.4142135623730951
73, 82, 785, 536, 789, 534, -4, 2, 2.677945044588987, 4.47213595499958
73, 83, 249, 412, 249, 413, 0, -1, -1.5707963267948966, 1.0
73, 84, 481, 232, 481, 236, 0, -4, -1.5707963267948966, 4.0
73, 85, 248, 332, 248, 333, 0, -1, -1.5707963267948966, 1.0
73, 86, 1259, 234, 1258, 231, 1, 3, 1.2490457723982544, 3.1622776601683795
73, 87, 400, 278, 400, 276, 0, 2, 1.5707963267948966, 2.0
73, 88, 1186, 266, 1185, 264, 1, 2, 1.1071487177940904, 2.23606797749979
73, 89, 1203, 180, 1203, 178, 0, 2, 1.5707963267948966, 2.0
73, 90, 701, 630, 702, 633, -1, -3, -1.892546881191539, 3.1622776601683795
73, 91, 388, 332, 389, 330, -1, 2, 2.0344439357957027, 2.23606797749979
73, 92, 783, 247, 784, 250, -1, -3, -1.892546881191539, 3.1622776601683795
73, 93, 498, 197, 499, 199, -1, -2, -2.0344439357957027, 2.23606797749979
73, 94, 757, 173, 757, 174, 0, -1, -1.5707963267948966, 1.0
73, 95, 502, 171, 503, 173, -1, -2, -2.0344439357957027, 2.23606797749979
73, 96, 754, 572, 758, 570, -4, 2, 2.677945044588987, 4.47213595499958
73, 97, 1261, 182, 1261, 182, 0, 0, 0.0, 0.0
73, 98, 499, 135, 499, 137, 0, -2, -1.5707963267948966, 2.0
73, 99, 1113, 414, 1111, 411, 2, 3, 0.982793723247329, 3.605551275463989
73, 100, 554, 109, 554, 110, 0, -1, -1.5707963267948966, 1.0
73, 101, 388, 245, 389, 242, -1, 3, 1.892546881191539, 3.1622776601683795
73, 102, 1105, 100, 1105, 100, 0, 0, 0.0, 0.0
73, 103, 73, 49, 70, 50, 3, -1, -0.3217505543966422, 3.1622776601683795
73, 104, 408, 367, 409, 367, -1, 0, 3.141592653589793, 1.0
73, 105, 652, 257, 652, 255, 0, 2, 1.5707963267948966, 2.0
73, 106, 1138, 389, 1142, 391, -4, -2, -2.677945044588987, 4.47213595499958
73, 107, 280, 356, 280, 357, 0, -1, -1.5707963267948966, 1.0
73, 108, 766, 140, 766, 138, 0, 2, 1.5707963267948966, 2.0
73, 109, 746, 159, 746, 159, 0, 0, 0.0, 0.0
73, 110, 1102, 524, 1100, 522, 2, 2, 0.7853981633974483, 2.8284271247461903
73, 111, 1168, 103, 1168, 103, 0, 0, 0.0, 0.0
73, 112, 162, 21, 163, 21, -1, 0, 3.141592653589793, 1.0
73, 113, 658, 60, 658, 61, 0, -1, -1.5707963267948966, 1.0
73, 114, 90, 98, 89, 100, 1, -2, -1.1071487177940904, 2.23606797749979
73, 115, 797, 206, 797, 209, 0, -3, -1.5707963267948966, 3.0
73, 116, 141, 581, 144, 582, -3, -1, -2.819842099193151, 3.1622776601683795
73, 117, 1235, 210, 1233, 208, 2, 2, 0.7853981633974483, 2.8284271247461903
73, 118, 489, 128, 489, 129, 0, -1, -1.5707963267948966, 1.0
73, 119, 1204, 144, 1204, 142, 0, 2, 1.5707963267948966, 2.0
73, 120, 1189, 247, 1188, 245, 1, 2, 1.1071487177940904, 2.23606797749979
73, 121, 1127, 100, 1126, 100, 1, 0, 0.0, 1.0
73, 122, 592, 113, 592, 114, 0, -1, -1.5707963267948966, 1.0
73, 123, 716, 627, 718, 631, -2, -4, -2.0344439357957027, 4.47213595499958
73, 124, 1083, 473, 1081, 472, 2, 1, 0.4636476090008061, 2.23606797749979
73, 125, 1173, 93, 1173, 93, 0, 0, 0.0, 0.0
73, 126, 181, 39, 182, 38, -1, 1, 2.356194490192345, 1.4142135623730951
73, 127, 1198, 264, 1198, 261, 0, 3, 1.5707963267948966, 3.0
73, 128, 796, 80, 797, 82, -1, -2, -2.0344439357957027, 2.23606797749979
73, 129, 265, 396, 265, 397, 0, -1, -1.5707963267948966, 1.0
73, 130, 926, 101, 926, 102, 0, -1, -1.5707963267948966, 1.0
73, 131, 117, 477, 118, 474, -1, 3, 1.892546881191539, 3.1622776601683795
73, 132, 646, 18, 646, 21, 0, -3, -1.5707963267948966, 3.0
73, 133, 614, 99, 614, 99, 0, 0, 0.0, 0.0
73, 134, 706, 20, 705, 21, 1, -1, -0.7853981633974483, 1.4142135623730951
73, 135, 704, 555, 706, 560, -2, -5, -1.9513027039072615, 5.385164807134504
73, 136, 13, 431, 13, 432, 0, -1, -1.5707963267948966, 1.0
73, 137, 610, 59, 610, 59, 0, 0, 0.0, 0.0
73, 138, 1201, 137, 1201, 135, 0, 2, 1.5707963267948966, 2.0
73, 139, 1147, 396, 1148, 400, -1, -4, -1.8157749899217608, 4.123105625617661
73, 140, 1134, 538, 1133, 533, 1, 5, 1.373400766945016, 5.0990195135927845
73, 141, 629, 290, 630, 286, -1, 4, 1.8157749899217608, 4.123105625617661
73, 142, 1157, 283, 1160, 287, -3, -4, -2.214297435588181, 5.0
73, 143, 1261, 174, 1261, 174, 0, 0, 0.0, 0.0
73, 144, 1172, 215, 1171, 214, 1, 1, 0.7853981633974483, 1.4142135623730951
73, 145, 614, 255, 614, 255, 0, 0, 0.0, 0.0
73, 146, 1151, 299, 1154, 303, -3, -4, -2.214297435588181, 5.0
73, 147, 1233, 255, 1232, 254, 1, 1, 0.7853981633974483, 1.4142135623730951
73, 148, 114, 544, 117, 541, -3, 3, 2.356194490192345, 4.242640687119285
73, 149, 397, 286, 398, 284, -1, 2, 2.0344439357957027, 2.23606797749979
73, 150, 1107, 467, 1105, 466, 2, 1, 0.4636476090008061, 2.23606797749979
73, 151, 700, 19, 699, 20, 1, -1, -0.7853981633974483, 1.4142135623730951
73, 152, 703, 583, 705, 589, -2, -6, -1.892546881191539, 6.324555320336759
73, 153, 689, 249, 691, 246, -2, 3, 2.158798930342464, 3.605551275463989
73, 154, 688, 197, 688, 195, 0, 2, 1.5707963267948966, 2.0
73, 155, 1120, 89, 1120, 88, 0, 1, 1.5707963267948966, 1.0
73, 156, 545, 40, 545, 41, 0, -1, -1.5707963267948966, 1.0
73, 157, 481, 695, 481, 701, 0, -6, -1.5707963267948966, 6.0
73, 158, 500, 178, 501, 180, -1, -2, -2.0344439357957027, 2.23606797749979
73, 159, 419, 351, 421, 348, -2, 3, 2.158798930342464, 3.605551275463989
73, 160, 682, 160, 682, 158, 0, 2, 1.5707963267948966, 2.0
73, 161, 940, 38, 940, 39, 0, -1, -1.5707963267948966, 1.0
73, 162, 242, 320, 242, 321, 0, -1, -1.5707963267948966, 1.0
74, 0, 815, 224, 817, 228, -2, -4, -2.0344439357957027, 4.47213595499958
74, 1, 786, 26, 787, 28, -1, -2, -2.0344439357957027, 2.23606797749979
74, 2, 1165, 327, 1168, 331, -3, -4, -2.214297435588181, 5.0
74, 3, 1136, 325, 1139, 329, -3, -4, -2.214297435588181, 5.0
74, 4, 764, 599, 768, 598, -4, 1, 2.896613990462929, 4.123105625617661
74, 5, 805, 675, 805, 679, 0, -4, -1.5707963267948966, 4.0
74, 6, 1140, 353, 1142, 355, -2, -2, -2.356194490192345, 2.8284271247461903
74, 7, 812, 254, 813, 256, -1, -2, -2.0344439357957027, 2.23606797749979
74, 8, 690, 571, 691, 575, -1, -4, -1.8157749899217608, 4.123105625617661
74, 9, 479, 701, 479, 708, 0, -7, -1.5707963267948966, 7.0
74, 10, 1164, 296, 1167, 300, -3, -4, -2.214297435588181, 5.0
74, 11, 168, 664, 167, 661, 1, 3, 1.2490457723982544, 3.1622776601683795
74, 12, 819, 673, 820, 679, -1, -6, -1.7359450042095235, 6.082762530298219
74, 13, 645, 28, 645, 30, 0, -2, -1.5707963267948966, 2.0
74, 14, 114, 492, 114, 490, 0, 2, 1.5707963267948966, 2.0
74, 15, 524, 197, 525, 199, -1, -2, -2.0344439357957027, 2.23606797749979
74, 16, 1221, 208, 1219, 206, 2, 2, 0.7853981633974483, 2.8284271247461903
74, 17, 1257, 149, 1258, 149, -1, 0, 3.141592653589793, 1.0
74, 18, 463, 701, 464, 709, -1, -8, -1.695151321341658, 8.06225774829855
74, 19, 842, 30, 844, 31, -2, -1, -2.677945044588987, 2.23606797749979
74, 20, 707, 435, 708, 440, -1, -5, -1.7681918866447774, 5.0990195135927845
74, 21, 491, 59, 492, 62, -1, -3, -1.892546881191539, 3.1622776601683795
74, 22, 912, 32, 914, 33, -2, -1, -2.677945044588987, 2.23606797749979
74, 23, 707, 570, 710, 575, -3, -5, -2.1112158270654806, 5.830951894845301
74, 24, 481, 58, 482, 61, -1, -3, -1.892546881191539, 3.1622776601683795
74, 25, 186, 13, 186, 13, 0, 0, 0.0, 0.0
74, 26, 586, 106, 586, 107, 0, -1, -1.5707963267948966, 1.0
74, 27, 498, 199, 499, 201, -1, -2, -2.0344439357957027, 2.23606797749979
74, 28, 1076, 559, 1075, 555, 1, 4, 1.3258176636680326, 4.123105625617661
74, 29, 762, 109, 762, 109, 0, 0, 0.0, 0.0
74, 30, 484, 49, 484, 52, 0, -3, -1.5707963267948966, 3.0
74, 31, 472, 245, 472, 249, 0, -4, -1.5707963267948966, 4.0
74, 32, 38, 439, 36, 437, 2, 2, 0.7853981633974483, 2.8284271247461903
74, 33, 740, 400, 741, 406, -1, -6, -1.7359450042095235, 6.082762530298219
74, 34, 597, 76, 597, 77, 0, -1, -1.5707963267948966, 1.0
74, 35, 506, 162, 506, 164, 0, -2, -1.5707963267948966, 2.0
74, 36, 755, 102, 755, 102, 0, 0, 0.0, 0.0
74, 37, 809, 52, 810, 54, -1, -2, -2.0344439357957027, 2.23606797749979
74, 38, 779, 529, 783, 526, -4, 3, 2.498091544796509, 5.0
74, 39, 1081, 414, 1080, 411, 1, 3, 1.2490457723982544, 3.1622776601683795
74, 40, 332, 16, 331, 17, 1, -1, -0.7853981633974483, 1.4142135623730951
74, 41, 78, 41, 74, 41, 4, 0, 0.0, 4.0
74, 42, 487, 244, 487, 248, 0, -4, -1.5707963267948966, 4.0
74, 43, 762, 535, 766, 533, -4, 2, 2.677945044588987, 4.47213595499958
74, 44, 829, 22, 831, 23, -2, -1, -2.677945044588987, 2.23606797749979
74, 45, 1172, 62, 1172, 62, 0, 0, 0.0, 0.0
74, 46, 88, 86, 86, 87, 2, -1, -0.4636476090008061, 2.23606797749979
74, 47, 538, 73, 538, 74, 0, -1, -1.5707963267948966, 1.0
74, 48, 628, 209, 629, 208, -1, 1, 2.356194490192345, 1.4142135623730951
74, 49, 691, 151, 691, 149, 0, 2, 1.5707963267948966, 2.0
74, 50, 697, 166, 697, 164, 0, 2, 1.5707963267948966, 2.0
74, 51, 1110, 44, 1109, 44, 1, 0, 0.0, 1.0
74, 52, 834, 41, 836, 42, -2, -1, -2.677945044588987, 2.23606797749979
74, 53, 119, 631, 119, 627, 0, 4, 1.5707963267948966, 4.0
74, 54, 636, 302, 637, 301, -1, 1, 2.356194490192345, 1.4142135623730951
74, 55, 940, 25, 940, 26, 0, -1, -1.5707963267948966, 1.0
74, 56, 1141, 33, 1140, 32, 1, 1, 0.7853981633974483, 1.4142135623730951
74, 57, 1090, 512, 1088, 510, 2, 2, 0.7853981633974483, 2.8284271247461903
74, 58, 842, 12, 844, 13, -2, -1, -2.677945044588987, 2.23606797749979
74, 59, 429, 323, 429, 323, 0, 0, 0.0, 0.0
74, 60, 1146, 378, 1148, 379, -2, -1, -2.677945044588987, 2.23606797749979
74, 61, 547, 34, 547, 35, 0, -1, -1.5707963267948966, 1.0
74, 62, 840, 701, 842, 714, -2, -13, -1.7234456551901618, 13.152946437965905
74, 63, 64, 79, 64, 80, 0, -1, -1.5707963267948966, 1.0
74, 64, 1088, 466, 1086, 465, 2, 1, 0.4636476090008061, 2.23606797749979
74, 65, 616, 26, 616, 25, 0, 1, 1.5707963267948966, 1.0
74, 66, 1186, 267, 1185, 264, 1, 3, 1.2490457723982544, 3.1622776601683795
74, 67, 503, 173, 503, 175, 0, -2, -1.5707963267948966, 2.0
74, 68, 1174, 228, 1173, 227, 1, 1, 0.7853981633974483, 1.4142135623730951
74, 69, 663, 9, 662, 10, 1, -1, -0.7853981633974483, 1.4142135623730951
74, 70, 125, 610, 126, 608, -1, 2, 2.0344439357957027, 2.23606797749979
74, 71, 785, 245, 786, 248, -1, -3, -1.892546881191539, 3.1622776601683795
74, 72, 1174, 69, 1174, 69, 0, 0, 0.0, 0.0
74, 73, 799, 80, 800, 82, -1, -2, -2.0344439357957027, 2.23606797749979
74, 74, 1182, 222, 1182, 222, 0, 0, 0.0, 0.0
74, 75, 1199, 292, 1199, 292, 0, 0, 0.0, 0.0
74, 76, 321, 19, 318, 21, 3, -2, -0.5880026035475675, 3.605551275463989
74, 77, 513, 252, 514, 254, -1, -2, -2.0344439357957027, 2.23606797749979
74, 78, 392, 217, 393, 214, -1, 3, 1.892546881191539, 3.1622776601683795
74, 79, 758, 613, 762, 611, -4, 2, 2.677945044588987, 4.47213595499958
74, 80, 1204, 239, 1203, 237, 1, 2, 1.1071487177940904, 2.23606797749979
74, 81, 401, 279, 401, 276, 0, 3, 1.5707963267948966, 3.0
74, 82, 1072, 450, 1070, 448, 2, 2, 0.7853981633974483, 2.8284271247461903
74, 83, 857, 26, 859, 27, -2, -1, -2.677945044588987, 2.23606797749979
74, 84, 1261, 182, 1263, 181, -2, 1, 2.677945044588987, 2.23606797749979
74, 85, 1109, 526, 1106, 524, 3, 2, 0.5880026035475675, 3.605551275463989
74, 86, 159, 693, 159, 693, 0, 0, 0.0, 0.0
74, 87, 293, 379, 293, 380, 0, -1, -1.5707963267948966, 1.0
74, 88, 1122, 36, 1121, 36, 1, 0, 0.0, 1.0
74, 89, 489, 129, 489, 130, 0, -1, -1.5707963267948966, 1.0
74, 90, 551, 103, 551, 104, 0, -1, -1.5707963267948966, 1.0
74, 91, 333, 414, 333, 415, 0, -1, -1.5707963267948966, 1.0
74, 92, 1131, 96, 1131, 96, 0, 0, 0.0, 0.0
74, 93, 706, 22, 704, 22, 2, 0, 0.0, 2.0
74, 94, 482, 233, 481, 237, 1, -4, -1.3258176636680326, 4.123105625617661
74, 95, 515, 171, 516, 173, -1, -2, -2.0344439357957027, 2.23606797749979
74, 96, 1259, 234, 1258, 232, 1, 2, 1.1071487177940904, 2.23606797749979
74, 97, 1113, 77, 1113, 77, 0, 0, 0.0, 0.0
74, 98, 889, 13, 891, 13, -2, 0, 3.141592653589793, 2.0
74, 99, 1204, 181, 1204, 178, 0, 3, 1.5707963267948966, 3.0
74, 100, 1106, 100, 1105, 100, 1, 0, 0.0, 1.0
74, 101, 791, 685, 792, 689, -1, -4, -1.8157749899217608, 4.123105625617661
74, 102, 783, 539, 787, 537, -4, 2, 2.677945044588987, 4.47213595499958
74, 103, 797, 208, 798, 211, -1, -3, -1.892546881191539, 3.1622776601683795
74, 104, 289, 385, 289, 386, 0, -1, -1.5707963267948966, 1.0
74, 105, 783, 95, 784, 97, -1, -2, -2.0344439357957027, 2.23606797749979
74, 106, 850, 30, 852, 31, -2, -1, -2.677945044588987, 2.23606797749979
74, 107, 1116, 419, 1114, 416, 2, 3, 0.982793723247329, 3.605551275463989
74, 108, 421, 249, 421, 247, 0, 2, 1.5707963267948966, 2.0
74, 109, 677, 216, 677, 214, 0, 2, 1.5707963267948966, 2.0
74, 110, 86, 103, 86, 104, 0, -1, -1.5707963267948966, 1.0
74, 111, 11, 432, 11, 432, 0, 0, 0.0, 0.0
74, 112, 109, 98, 106, 100, 3, -2, -0.5880026035475675, 3.605551275463989
74, 113, 614, 99, 614, 99, 0, 0, 0.0, 0.0
74, 114, 749, 604, 753, 601, -4, 3, 2.498091544796509, 5.0
74, 115, 483, 343, 484, 346, -1, -3, -1.892546881191539, 3.1622776601683795
74, 116, 389, 250, 390, 247, -1, 3, 1.892546881191539, 3.1622776601683795
74, 117, 163, 21, 164, 20, -1, 1, 2.356194490192345, 1.4142135623730951
74, 118, 76, 50, 73, 51, 3, -1, -0.3217505543966422, 3.1622776601683795
74, 119, 1155, 280, 1159, 284, -4, -4, -2.356194490192345, 5.656854249492381
74, 120, 1102, 533, 1100, 530, 2, 3, 0.982793723247329, 3.605551275463989
74, 121, 1167, 103, 1167, 103, 0, 0, 0.0, 0.0
74, 122, 1108, 471, 1105, 470, 3, 1, 0.3217505543966422, 3.1622776601683795
74, 123, 1235, 211, 1233, 209, 2, 2, 0.7853981633974483, 2.8284271247461903
74, 124, 174, 656, 173, 653, 1, 3, 1.2490457723982544, 3.1622776601683795
74, 125, 422, 377, 424, 374, -2, 3, 2.158798930342464, 3.605551275463989
74, 126, 794, 259, 794, 262, 0, -3, -1.5707963267948966, 3.0
74, 127, 717, 618, 718, 622, -1, -4, -1.8157749899217608, 4.123105625617661
74, 128, 657, 61, 657, 62, 0, -1, -1.5707963267948966, 1.0
74, 129, 623, 102, 623, 101, 0, 1, 1.5707963267948966, 1.0
74, 130, 1204, 144, 1204, 141, 0, 3, 1.5707963267948966, 3.0
74, 131, 183, 38, 183, 37, 0, 1, 1.5707963267948966, 1.0
74, 132, 498, 701, 496, 716, 2, -15, -1.4382447944982226, 15.132745950421556
74, 133, 305, 371, 305, 372, 0, -1, -1.5707963267948966, 1.0
74, 134, 115, 483, 117, 480, -2, 3, 2.158798930342464, 3.605551275463989
74, 135, 545, 41, 545, 42, 0, -1, -1.5707963267948966, 1.0
74, 136, 303, 392, 303, 393, 0, -1, -1.5707963267948966, 1.0
74, 137, 704, 550, 706, 555, -2, -5, -1.9513027039072615, 5.385164807134504
74, 138, 744, 17, 741, 17, 3, 0, 0.0, 3.0
74, 139, 708, 617, 709, 621, -1, -4, -1.8157749899217608, 4.123105625617661
74, 140, 420, 368, 423, 366, -3, 2, 2.5535900500422257, 3.605551275463989
74, 141, 1135, 590, 1134, 588, 1, 2, 1.1071487177940904, 2.23606797749979
74, 142, 611, 61, 611, 60, 0, 1, 1.5707963267948966, 1.0
74, 143, 1196, 244, 1195, 242, 1, 2, 1.1071487177940904, 2.23606797749979
74, 144, 838, 19, 840, 20, -2, -1, -2.677945044588987, 2.23606797749979
74, 145, 1152, 296, 1155, 300, -3, -4, -2.214297435588181, 5.0
74, 146, 390, 332, 390, 330, 0, 2, 1.5707963267948966, 2.0
74, 147, 409, 366, 410, 366, -1, 0, 3.141592653589793, 1.0
74, 148, 766, 141, 766, 139, 0, 2, 1.5707963267948966, 2.0
74, 149, 688, 198, 688, 196, 0, 2, 1.5707963267948966, 2.0
74, 150, 700, 565, 702, 570, -2, -5, -1.9513027039072615, 5.385164807134504
74, 151, 242, 320, 242, 321, 0, -1, -1.5707963267948966, 1.0
74, 152, 1173, 93, 1173, 93, 0, 0, 0.0, 0.0
74, 153, 1232, 255, 1231, 254, 1, 1, 0.7853981633974483, 1.4142135623730951
74, 154, 701, 579, 703, 585, -2, -6, -1.892546881191539, 6.324555320336759
74, 155, 908, 22, 910, 23, -2, -1, -2.677945044588987, 2.23606797749979
74, 156, 1261, 285, 1263, 285, -2, 0, 3.141592653589793, 2.0
74, 157, 164, 35, 165, 33, -1, 2, 2.0344439357957027, 2.23606797749979
74, 158, 617, 258, 617, 258, 0, 0, 0.0, 0.0
74, 159, 1189, 247, 1188, 245, 1, 2, 1.1071487177940904, 2.23606797749979
74, 160, 604, 69, 604, 69, 0, 0, 0.0, 0.0
74, 161, 260, 363, 260, 364, 0, -1, -1.5707963267948966, 1.0
74, 162, 1138, 547, 1137, 542, 1, 5, 1.373400766945016, 5.0990195135927845
74, 163, 1135, 386, 1138, 387, -3, -1, -2.819842099193151, 3.1622776601683795
74, 164, 682, 162, 682, 160, 0, 2, 1.5707963267948966, 2.0
74, 165, 398, 288, 398, 285, 0, 3, 1.5707963267948966, 3.0
74, 166, 700, 18, 698, 18, 2, 0, 0.0, 2.0
74, 167, 1230, 238, 1229, 236, 1, 2, 1.1071487177940904, 2.23606797749979
74, 168, 691, 248, 692, 247, -1, 1, 2.356194490192345, 1.4142135623730951
74, 169, 73, 75, 72, 76, 1, -1, -0.7853981633974483, 1.4142135623730951
74, 170, 1126, 343, 1130, 346, -4, -3, -2.498091544796509, 5.0
75, 0, 813, 220, 815, 224, -2, -4, -2.0344439357957027, 4.47213595499958
75, 1, 785, 24, 786, 26, -1, -2, -2.0344439357957027, 2.23606797749979
75, 2, 1162, 323, 1165, 327, -3, -4, -2.214297435588181, 5.0
75, 3, 1133, 321, 1136, 325, -3, -4, -2.214297435588181, 5.0
75, 4, 762, 600, 764, 599, -2, 1, 2.677945044588987, 2.23606797749979
75, 5, 805, 671, 805, 675, 0, -4, -1.5707963267948966, 4.0
75, 6, 1138, 350, 1140, 353, -2, -3, -2.158798930342464, 3.605551275463989
75, 7, 811, 251, 812, 254, -1, -3, -1.892546881191539, 3.1622776601683795
75, 8, 689, 566, 690, 571, -1, -5, -1.7681918866447774, 5.0990195135927845
75, 9, 479, 696, 479, 701, 0, -5, -1.5707963267948966, 5.0
75, 10, 1161, 292, 1164, 296, -3, -4, -2.214297435588181, 5.0
75, 11, 169, 667, 168, 664, 1, 3, 1.2490457723982544, 3.1622776601683795
75, 12, 819, 667, 819, 673, 0, -6, -1.5707963267948966, 6.0
75, 13, 645, 26, 645, 28, 0, -2, -1.5707963267948966, 2.0
75, 14, 114, 494, 114, 492, 0, 2, 1.5707963267948966, 2.0
75, 15, 523, 194, 524, 197, -1, -3, -1.892546881191539, 3.1622776601683795
75, 16, 1222, 211, 1221, 208, 1, 3, 1.2490457723982544, 3.1622776601683795
75, 17, 1256, 150, 1257, 149, -1, 1, 2.356194490192345, 1.4142135623730951
75, 18, 462, 697, 463, 701, -1, -4, -1.8157749899217608, 4.123105625617661
75, 19, 840, 29, 842, 30, -2, -1, -2.677945044588987, 2.23606797749979
75, 20, 706, 430, 707, 435, -1, -5, -1.7681918866447774, 5.0990195135927845
75, 21, 491, 56, 491, 59, 0, -3, -1.5707963267948966, 3.0
75, 22, 910, 31, 912, 32, -2, -1, -2.677945044588987, 2.23606797749979
75, 23, 705, 565, 707, 570, -2, -5, -1.9513027039072615, 5.385164807134504
75, 24, 481, 55, 481, 58, 0, -3, -1.5707963267948966, 3.0
75, 25, 185, 13, 186, 13, -1, 0, 3.141592653589793, 1.0
75, 26, 497, 196, 498, 199, -1, -3, -1.892546881191539, 3.1622776601683795
75, 27, 1077, 563, 1076, 559, 1, 4, 1.3258176636680326, 4.123105625617661
75, 28, 762, 109, 762, 109, 0, 0, 0.0, 0.0
75, 29, 484, 46, 484, 49, 0, -3, -1.5707963267948966, 3.0
75, 30, 472, 241, 472, 245, 0, -4, -1.5707963267948966, 4.0
75, 31, 37, 441, 38, 439, -1, 2, 2.0344439357957027, 2.23606797749979
75, 32, 739, 395, 740, 400, -1, -5, -1.7681918866447774, 5.0990195135927845
75, 33, 597, 75, 597, 76, 0, -1, -1.5707963267948966, 1.0
75, 34, 506, 159, 506, 162, 0, -3, -1.5707963267948966, 3.0
75, 35, 755, 102, 755, 102, 0, 0, 0.0, 0.0
75, 36, 775, 532, 779, 529, -4, 3, 2.498091544796509, 5.0
75, 37, 1082, 417, 1081, 414, 1, 3, 1.2490457723982544, 3.1622776601683795
75, 38, 333, 15, 332, 16, 1, -1, -0.7853981633974483, 1.4142135623730951
75, 39, 82, 41, 78, 41, 4, 0, 0.0, 4.0
75, 40, 487, 240, 487, 244, 0, -4, -1.5707963267948966, 4.0
75, 41, 758, 538, 762, 535, -4, 3, 2.498091544796509, 5.0
75, 42, 827, 21, 829, 22, -2, -1, -2.677945044588987, 2.23606797749979
75, 43, 1172, 62, 1172, 62, 0, 0, 0.0, 0.0
75, 44, 91, 84, 88, 86, 3, -2, -0.5880026035475675, 3.605551275463989
75, 45, 538, 72, 538, 73, 0, -1, -1.5707963267948966, 1.0
75, 46, 627, 211, 628, 209, -1, 2, 2.0344439357957027, 2.23606797749979
75, 47, 691, 152, 691, 151, 0, 1, 1.5707963267948966, 1.0
75, 48, 697, 168, 697, 166, 0, 2, 1.5707963267948966, 2.0
75, 49, 1111, 44, 1110, 44, 1, 0, 0.0, 1.0
75, 50, 832, 40, 834, 41, -2, -1, -2.677945044588987, 2.23606797749979
75, 51, 119, 634, 119, 631, 0, 3, 1.5707963267948966, 3.0
75, 52, 635, 303, 636, 302, -1, 1, 2.356194490192345, 1.4142135623730951
75, 53, 1142, 33, 1141, 33, 1, 0, 0.0, 1.0
75, 54, 1092, 514, 1090, 512, 2, 2, 0.7853981633974483, 2.8284271247461903
75, 55, 840, 11, 842, 12, -2, -1, -2.677945044588987, 2.23606797749979
75, 56, 429, 323, 429, 323, 0, 0, 0.0, 0.0
75, 57, 547, 33, 547, 34, 0, -1, -1.5707963267948966, 1.0
75, 58, 840, 696, 840, 701, 0, -5, -1.5707963267948966, 5.0
75, 59, 64, 78, 64, 79, 0, -1, -1.5707963267948966, 1.0
75, 60, 1090, 468, 1088, 466, 2, 2, 0.7853981633974483, 2.8284271247461903
75, 61, 616, 27, 616, 26, 0, 1, 1.5707963267948966, 1.0
75, 62, 1187, 270, 1186, 267, 1, 3, 1.2490457723982544, 3.1622776601683795
75, 63, 503, 170, 503, 173, 0, -3, -1.5707963267948966, 3.0
75, 64, 1175, 229, 1174, 228, 1, 1, 0.7853981633974483, 1.4142135623730951
75, 65, 122, 615, 125, 610, -3, 5, 2.1112158270654806, 5.830951894845301
75, 66, 784, 242, 785, 245, -1, -3, -1.892546881191539, 3.1622776601683795
75, 67, 1174, 69, 1174, 69, 0, 0, 0.0, 0.0
75, 68, 798, 78, 799, 80, -1, -2, -2.0344439357957027, 2.23606797749979
75, 69, 1183, 222, 1182, 222, 1, 0, 0.0, 1.0
75, 70, 1198, 293, 1199, 292, -1, 1, 2.356194490192345, 1.4142135623730951
75, 71, 322, 18, 321, 19, 1, -1, -0.7853981633974483, 1.4142135623730951
75, 72, 512, 249, 513, 252, -1, -3, -1.892546881191539, 3.1622776601683795
75, 73, 391, 220, 392, 217, -1, 3, 1.892546881191539, 3.1622776601683795
75, 74, 754, 615, 758, 613, -4, 2, 2.677945044588987, 4.47213595499958
75, 75, 1205, 241, 1204, 239, 1, 2, 1.1071487177940904, 2.23606797749979
75, 76, 401, 281, 401, 279, 0, 2, 1.5707963267948966, 2.0
75, 77, 1073, 452, 1072, 450, 1, 2, 1.1071487177940904, 2.23606797749979
75, 78, 855, 25, 857, 26, -2, -1, -2.677945044588987, 2.23606797749979
75, 79, 1260, 183, 1261, 182, -1, 1, 2.356194490192345, 1.4142135623730951
75, 80, 1112, 528, 1109, 526, 3, 2, 0.5880026035475675, 3.605551275463989
75, 81, 159, 694, 159, 693, 0, 1, 1.5707963267948966, 1.0
75, 82, 293, 378, 293, 379, 0, -1, -1.5707963267948966, 1.0
75, 83, 1123, 36, 1122, 36, 1, 0, 0.0, 1.0
75, 84, 489, 128, 489, 129, 0, -1, -1.5707963267948966, 1.0
75, 85, 551, 102, 551, 103, 0, -1, -1.5707963267948966, 1.0
75, 86, 1131, 96, 1131, 96, 0, 0, 0.0, 0.0
75, 87, 709, 21, 706, 22, 3, -1, -0.3217505543966422, 3.1622776601683795
75, 88, 482, 228, 482, 233, 0, -5, -1.5707963267948966, 5.0
75, 89, 515, 168, 515, 171, 0, -3, -1.5707963267948966, 3.0
75, 90, 1259, 236, 1259, 234, 0, 2, 1.5707963267948966, 2.0
75, 91, 1113, 77, 1113, 77, 0, 0, 0.0, 0.0
75, 92, 887, 12, 889, 13, -2, -1, -2.677945044588987, 2.23606797749979
75, 93, 1203, 184, 1204, 181, -1, 3, 1.892546881191539, 3.1622776601683795
75, 94, 1107, 100, 1106, 100, 1, 0, 0.0, 1.0
75, 95, 790, 681, 791, 685, -1, -4, -1.8157749899217608, 4.123105625617661
75, 96, 779, 541, 783, 539, -4, 2, 2.677945044588987, 4.47213595499958
75, 97, 796, 205, 797, 208, -1, -3, -1.892546881191539, 3.1622776601683795
75, 98, 289, 384, 289, 385, 0, -1, -1.5707963267948966, 1.0
75, 99, 782, 93, 783, 95, -1, -2, -2.0344439357957027, 2.23606797749979
75, 100, 848, 29, 850, 30, -2, -1, -2.677945044588987, 2.23606797749979
75, 101, 1118, 422, 1116, 419, 2, 3, 0.982793723247329, 3.605551275463989
75, 102, 420, 252, 421, 249, -1, 3, 1.892546881191539, 3.1622776601683795
75, 103, 676, 218, 677, 216, -1, 2, 2.0344439357957027, 2.23606797749979
75, 104, 86, 103, 86, 103, 0, 0, 0.0, 0.0
75, 105, 11, 431, 11, 432, 0, -1, -1.5707963267948966, 1.0
75, 106, 112, 97, 109, 98, 3, -1, -0.3217505543966422, 3.1622776601683795
75, 107, 614, 99, 614, 99, 0, 0, 0.0, 0.0
75, 108, 746, 608, 749, 604, -3, 4, 2.214297435588181, 5.0
75, 109, 483, 339, 483, 343, 0, -4, -1.5707963267948966, 4.0
75, 110, 388, 252, 389, 250, -1, 2, 2.0344439357957027, 2.23606797749979
75, 111, 162, 22, 163, 21, -1, 1, 2.356194490192345, 1.4142135623730951
75, 112, 80, 49, 76, 50, 4, -1, -0.24497866312686414, 4.123105625617661
75, 113, 1151, 277, 1155, 280, -4, -3, -2.498091544796509, 5.0
75, 114, 1104, 536, 1102, 533, 2, 3, 0.982793723247329, 3.605551275463989
75, 115, 1167, 103, 1167, 103, 0, 0, 0.0, 0.0
75, 116, 1110, 473, 1108, 471, 2, 2, 0.7853981633974483, 2.8284271247461903
75, 117, 1236, 214, 1235, 211, 1, 3, 1.2490457723982544, 3.1622776601683795
75, 118, 175, 659, 174, 656, 1, 3, 1.2490457723982544, 3.1622776601683795
75, 119, 419, 379, 422, 377, -3, 2, 2.5535900500422257, 3.605551275463989
75, 120, 794, 256, 794, 259, 0, -3, -1.5707963267948966, 3.0
75, 121, 716, 615, 717, 618, -1, -3, -1.892546881191539, 3.1622776601683795
75, 122, 657, 59, 657, 61, 0, -2, -1.5707963267948966, 2.0
75, 123, 623, 102, 623, 102, 0, 0, 0.0, 0.0
75, 124, 1204, 147, 1204, 144, 0, 3, 1.5707963267948966, 3.0
75, 125, 182, 39, 183, 38, -1, 1, 2.356194490192345, 1.4142135623730951
75, 126, 500, 697, 498, 701, 2, -4, -1.1071487177940904, 4.47213595499958
75, 127, 305, 370, 305, 371, 0, -1, -1.5707963267948966, 1.0
75, 128, 113, 486, 115, 483, -2, 3, 2.158798930342464, 3.605551275463989
75, 129, 545, 40, 545, 41, 0, -1, -1.5707963267948966, 1.0
75, 130, 702, 545, 704, 550, -2, -5, -1.9513027039072615, 5.385164807134504
75, 131, 745, 17, 744, 17, 1, 0, 0.0, 1.0
75, 132, 707, 614, 708, 617, -1, -3, -1.892546881191539, 3.1622776601683795
75, 133, 417, 369, 420, 368, -3, 1, 2.819842099193151, 3.1622776601683795
75, 134, 1136, 591, 1135, 590, 1, 1, 0.7853981633974483, 1.4142135623730951
75, 135, 611, 61, 611, 61, 0, 0, 0.0, 0.0
75, 136, 1197, 247, 1196, 244, 1, 3, 1.2490457723982544, 3.1622776601683795
75, 137, 836, 18, 838, 19, -2, -1, -2.677945044588987, 2.23606797749979
75, 138, 1149, 292, 1152, 296, -3, -4, -2.214297435588181, 5.0
75, 139, 390, 335, 390, 332, 0, 3, 1.5707963267948966, 3.0
75, 140, 408, 366, 409, 366, -1, 0, 3.141592653589793, 1.0
75, 141, 766, 142, 766, 141, 0, 1, 1.5707963267948966, 1.0
75, 142, 688, 199, 688, 198, 0, 1, 1.5707963267948966, 1.0
75, 143, 698, 560, 700, 565, -2, -5, -1.9513027039072615, 5.385164807134504
75, 144, 242, 319, 242, 320, 0, -1, -1.5707963267948966, 1.0
75, 145, 1173, 93, 1173, 93, 0, 0, 0.0, 0.0
75, 146, 1233, 257, 1232, 255, 1, 2, 1.1071487177940904, 2.23606797749979
75, 147, 699, 574, 701, 579, -2, -5, -1.9513027039072615, 5.385164807134504
75, 148, 906, 21, 908, 22, -2, -1, -2.677945044588987, 2.23606797749979
75, 149, 1261, 285, 1261, 285, 0, 0, 0.0, 0.0
75, 150, 163, 36, 164, 35, -1, 1, 2.356194490192345, 1.4142135623730951
75, 151, 617, 258, 617, 258, 0, 0, 0.0, 0.0
75, 152, 1190, 250, 1189, 247, 1, 3, 1.2490457723982544, 3.1622776601683795
75, 153, 604, 69, 604, 69, 0, 0, 0.0, 0.0
75, 154, 260, 362, 260, 363, 0, -1, -1.5707963267948966, 1.0
75, 155, 1139, 551, 1138, 547, 1, 4, 1.3258176636680326, 4.123105625617661
75, 156, 1134, 383, 1135, 386, -1, -3, -1.892546881191539, 3.1622776601683795
75, 157, 682, 163, 682, 162, 0, 1, 1.5707963267948966, 1.0
75, 158, 398, 291, 398, 288, 0, 3, 1.5707963267948966, 3.0
75, 159, 703, 18, 700, 18, 3, 0, 0.0, 3.0
75, 160, 1231, 240, 1230, 238, 1, 2, 1.1071487177940904, 2.23606797749979
75, 161, 690, 248, 691, 248, -1, 0, 3.141592653589793, 1.0
75, 162, 75, 74, 73, 75, 2, -1, -0.4636476090008061, 2.23606797749979
75, 163, 1123, 339, 1126, 343, -3, -4, -2.214297435588181, 5.0
76, 0, 812, 222, 814, 225, -2, -3, -2.158798930342464, 3.605551275463989
76, 1, 1137, 345, 1140, 349, -3, -4, -2.214297435588181, 5.0
76, 2, 810, 32, 812, 33, -2, -1, -2.677945044588987, 2.23606797749979
76, 3, 786, 24, 787, 26, -1, -2, -2.0344439357957027, 2.23606797749979
76, 4, 1162, 322, 1166, 326, -4, -4, -2.356194490192345, 5.656854249492381
76, 5, 481, 694, 481, 699, 0, -5, -1.5707963267948966, 5.0
76, 6, 412, 289, 413, 288, -1, 1, 2.356194490192345, 1.4142135623730951
76, 7, 111, 499, 112, 497, -1, 2, 2.0344439357957027, 2.23606797749979
76, 8, 804, 666, 804, 670, 0, -4, -1.5707963267948966, 4.0
76, 9, 1222, 212, 1221, 209, 1, 3, 1.2490457723982544, 3.1622776601683795
76, 10, 463, 696, 464, 700, -1, -4, -1.8157749899217608, 4.123105625617661
76, 11, 1133, 322, 1136, 325, -3, -3, -2.356194490192345, 4.242640687119285
76, 12, 174, 664, 173, 660, 1, 4, 1.3258176636680326, 4.123105625617661
76, 13, 1090, 473, 1089, 470, 1, 3, 1.2490457723982544, 3.1622776601683795
76, 14, 840, 30, 842, 31, -2, -1, -2.677945044588987, 2.23606797749979
76, 15, 688, 563, 689, 568, -1, -5, -1.7681918866447774, 5.0990195135927845
76, 16, 185, 14, 186, 14, -1, 0, 3.141592653589793, 1.0
76, 17, 92, 86, 89, 87, 3, -1, -0.3217505543966422, 3.1622776601683795
76, 18, 911, 32, 913, 33, -2, -1, -2.677945044588987, 2.23606797749979
76, 19, 751, 436, 752, 438, -1, -2, -2.0344439357957027, 2.23606797749979
76, 20, 763, 603, 765, 603, -2, 0, 3.141592653589793, 2.0
76, 21, 819, 664, 820, 670, -1, -6, -1.7359450042095235, 6.082762530298219
76, 22, 505, 159, 506, 162, -1, -3, -1.892546881191539, 3.1622776601683795
76, 23, 816, 27, 818, 28, -2, -1, -2.677945044588987, 2.23606797749979
76, 24, 1082, 421, 1082, 418, 0, 3, 1.5707963267948966, 3.0
76, 25, 706, 562, 708, 567, -2, -5, -1.9513027039072615, 5.385164807134504
76, 26, 1161, 292, 1164, 296, -3, -4, -2.214297435588181, 5.0
76, 27, 169, 669, 168, 665, 1, 4, 1.3258176636680326, 4.123105625617661
76, 28, 811, 252, 812, 255, -1, -3, -1.892546881191539, 3.1622776601683795
76, 29, 762, 111, 762, 110, 0, 1, 1.5707963267948966, 1.0
76, 30, 523, 194, 524, 197, -1, -3, -1.892546881191539, 3.1622776601683795
76, 31, 482, 57, 482, 59, 0, -2, -1.5707963267948966, 2.0
76, 32, 1257, 151, 1258, 150, -1, 1, 2.356194490192345, 1.4142135623730951
76, 33, 646, 26, 646, 28, 0, -2, -1.5707963267948966, 2.0
76, 34, 759, 104, 759, 103, 0, 1, 1.5707963267948966, 1.0
76, 35, 708, 426, 709, 430, -1, -4, -1.8157749899217608, 4.123105625617661
76, 36, 1074, 456, 1073, 454, 1, 2, 1.1071487177940904, 2.23606797749979
76, 37, 758, 540, 762, 537, -4, 3, 2.498091544796509, 5.0
76, 38, 492, 57, 492, 59, 0, -2, -1.5707963267948966, 2.0
76, 39, 827, 21, 829, 22, -2, -1, -2.677945044588987, 2.23606797749979
76, 40, 1173, 64, 1173, 63, 0, 1, 1.5707963267948966, 1.0
76, 41, 484, 48, 484, 50, 0, -2, -1.5707963267948966, 2.0
76, 42, 785, 242, 786, 246, -1, -4, -1.8157749899217608, 4.123105625617661
76, 43, 1076, 507, 1076, 508, 0, -1, -1.5707963267948966, 1.0
76, 44, 82, 40, 78, 41, 4, -1, -0.24497866312686414, 4.123105625617661
76, 45, 632, 212, 633, 210, -1, 2, 2.0344439357957027, 2.23606797749979
76, 46, 473, 241, 473, 245, 0, -4, -1.5707963267948966, 4.0
76, 47, 498, 196, 499, 199, -1, -3, -1.892546881191539, 3.1622776601683795
76, 48, 697, 167, 697, 166, 0, 1, 1.5707963267948966, 1.0
76, 49, 1142, 385, 1142, 386, 0, -1, -1.5707963267948966, 1.0
76, 50, 757, 173, 757, 173, 0, 0, 0.0, 0.0
76, 51, 490, 129, 490, 130, 0, -1, -1.5707963267948966, 1.0
76, 52, 488, 240, 488, 244, 0, -4, -1.5707963267948966, 4.0
76, 53, 775, 532, 779, 529, -4, 3, 2.498091544796509, 5.0
76, 54, 691, 152, 691, 151, 0, 1, 1.5707963267948966, 1.0
76, 55, 430, 322, 430, 322, 0, 0, 0.0, 0.0
76, 56, 1111, 44, 1111, 44, 0, 0, 0.0, 0.0
76, 57, 832, 40, 834, 41, -2, -1, -2.677945044588987, 2.23606797749979
76, 58, 154, 582, 155, 582, -1, 0, 3.141592653589793, 1.0
76, 59, 1079, 566, 1078, 562, 1, 4, 1.3258176636680326, 4.123105625617661
76, 60, 617, 28, 617, 27, 0, 1, 1.5707963267948966, 1.0
76, 61, 740, 397, 741, 402, -1, -5, -1.7681918866447774, 5.0990195135927845
76, 62, 547, 34, 547, 35, 0, -1, -1.5707963267948966, 1.0
76, 63, 323, 20, 321, 20, 2, 0, 0.0, 2.0
76, 64, 513, 251, 514, 254, -1, -3, -1.892546881191539, 3.1622776601683795
76, 65, 120, 634, 120, 631, 0, 3, 1.5707963267948966, 3.0
76, 66, 791, 701, 793, 715, -2, -14, -1.7126933813990606, 14.142135623730951
76, 67, 779, 543, 783, 541, -4, 2, 2.677945044588987, 4.47213595499958
76, 68, 1109, 78, 1109, 78, 0, 0, 0.0, 0.0
76, 69, 840, 12, 842, 13, -2, -1, -2.677945044588987, 2.23606797749979
76, 70, 751, 109, 751, 108, 0, 1, 1.5707963267948966, 1.0
76, 71, 637, 301, 638, 300, -1, 1, 2.356194490192345, 1.4142135623730951
76, 72, 681, 596, 682, 598, -1, -2, -2.0344439357957027, 2.23606797749979
76, 73, 1234, 257, 1233, 255, 1, 2, 1.1071487177940904, 2.23606797749979
76, 74, 1142, 33, 1141, 33, 1, 0, 0.0, 1.0
76, 75, 392, 219, 393, 217, -1, 2, 2.0344439357957027, 2.23606797749979
76, 76, 64, 79, 64, 79, 0, 0, 0.0, 0.0
76, 77, 628, 302, 629, 300, -1, 2, 2.0344439357957027, 2.23606797749979
76, 78, 1175, 71, 1175, 70, 0, 1, 1.5707963267948966, 1.0
76, 79, 503, 170, 504, 173, -1, -3, -1.892546881191539, 3.1622776601683795
76, 80, 113, 97, 111, 97, 2, 0, 0.0, 2.0
76, 81, 1188, 270, 1187, 267, 1, 3, 1.2490457723982544, 3.1622776601683795
76, 82, 1261, 186, 1268, 185, -7, 1, 2.999695598985629, 7.0710678118654755
76, 83, 1261, 285, 1263, 285, -2, 0, 3.141592653589793, 2.0
76, 84, 801, 80, 801, 82, 0, -2, -1.5707963267948966, 2.0
76, 85, 482, 228, 482, 233, 0, -5, -1.5707963267948966, 5.0
76, 86, 514, 169, 515, 172, -1, -3, -1.892546881191539, 3.1622776601683795
76, 87, 1149, 146, 1149, 146, 0, 0, 0.0, 0.0
76, 88, 1124, 38, 1123, 37, 1, 1, 0.7853981633974483, 1.4142135623730951
76, 89, 737, 19, 737, 19, 0, 0, 0.0, 0.0
76, 90, 162, 22, 163, 21, -1, 1, 2.356194490192345, 1.4142135623730951
76, 91, 334, 14, 333, 15, 1, -1, -0.7853981633974483, 1.4142135623730951
76, 92, 139, 559, 142, 557, -3, 2, 2.5535900500422257, 3.605551275463989
76, 93, 1152, 278, 1156, 281, -4, -3, -2.498091544796509, 5.0
76, 94, 1138, 98, 1137, 98, 1, 0, 0.0, 1.0
76, 95, 1166, 103, 1166, 103, 0, 0, 0.0, 0.0
76, 96, 1136, 372, 1138, 372, -2, 0, 3.141592653589793, 2.0
76, 97, 1123, 371, 1128, 373, -5, -2, -2.761086276477428, 5.385164807134504
76, 98, 1206, 243, 1205, 240, 1, 3, 1.2490457723982544, 3.1622776601683795
76, 99, 81, 50, 78, 51, 3, -1, -0.3217505543966422, 3.1622776601683795
76, 100, 1203, 184, 1204, 181, -1, 3, 1.892546881191539, 3.1622776601683795
76, 101, 840, 701, 842, 705, -2, -4, -2.0344439357957027, 4.47213595499958
76, 102, 792, 72, 793, 74, -1, -2, -2.0344439357957027, 2.23606797749979
76, 103, 791, 675, 792, 680, -1, -5, -1.7681918866447774, 5.0990195135927845
76, 104, 796, 205, 797, 208, -1, -3, -1.892546881191539, 3.1622776601683795
76, 105, 1104, 538, 1103, 537, 1, 1, 0.7853981633974483, 1.4142135623730951
76, 106, 11, 432, 11, 432, 0, 0, 0.0, 0.0
76, 107, 1199, 292, 1199, 292, 0, 0, 0.0, 0.0
76, 108, 388, 248, 389, 246, -1, 2, 2.0344439357957027, 2.23606797749979
76, 109, 490, 321, 490, 322, 0, -1, -1.5707963267948966, 1.0
76, 110, 701, 543, 704, 548, -3, -5, -2.1112158270654806, 5.830951894845301
76, 111, 1135, 595, 1135, 594, 0, 1, 1.5707963267948966, 1.0
76, 112, 850, 30, 852, 31, -2, -1, -2.677945044588987, 2.23606797749979
76, 113, 75, 76, 73, 76, 2, 0, 0.0, 2.0
76, 114, 401, 283, 401, 280, 0, 3, 1.5707963267948966, 3.0
76, 115, 86, 104, 86, 104, 0, 0, 0.0, 0.0
76, 116, 1259, 237, 1259, 235, 0, 2, 1.5707963267948966, 2.0
76, 117, 677, 219, 678, 217, -1, 2, 2.0344439357957027, 2.23606797749979
76, 118, 767, 142, 767, 141, 0, 1, 1.5707963267948966, 1.0
76, 119, 614, 99, 614, 99, 0, 0, 0.0, 0.0
76, 120, 793, 255, 794, 259, -1, -4, -1.8157749899217608, 4.123105625617661
76, 121, 480, 338, 481, 342, -1, -4, -1.8157749899217608, 4.123105625617661
76, 122, 1217, 304, 1215, 299, 2, 5, 1.1902899496825317, 5.385164807134504
76, 123, 1110, 533, 1108, 531, 2, 2, 0.7853981633974483, 2.8284271247461903
76, 124, 1201, 141, 1202, 138, -1, 3, 1.892546881191539, 3.1622776601683795
76, 125, 419, 256, 420, 254, -1, 2, 2.0344439357957027, 2.23606797749979
76, 126, 417, 376, 421, 374, -4, 2, 2.677945044588987, 4.47213595499958
76, 127, 715, 607, 716, 610, -1, -3, -1.892546881191539, 3.1622776601683795
76, 128, 501, 90, 501, 91, 0, -1, -1.5707963267948966, 1.0
76, 129, 1148, 294, 1152, 297, -4, -3, -2.498091544796509, 5.0
76, 130, 1104, 105, 1103, 104, 1, 1, 0.7853981633974483, 1.4142135623730951
76, 131, 399, 291, 399, 288, 0, 3, 1.5707963267948966, 3.0
76, 132, 162, 693, 161, 693, 1, 0, 0.0, 1.0
77, 0, 810, 219, 812, 222, -2, -3, -2.158798930342464, 3.605551275463989
77, 1, 1133, 343, 1137, 345, -4, -2, -2.677945044588987, 4.47213595499958
77, 2, 808, 30, 810, 32, -2, -2, -2.356194490192345, 2.8284271247461903
77, 3, 785, 20, 786, 24, -1, -4, -1.8157749899217608, 4.123105625617661
77, 4, 1158, 319, 1162, 322, -4, -3, -2.498091544796509, 5.0
77, 5, 482, 691, 481, 694, 1, -3, -1.2490457723982544, 3.1622776601683795
77, 6, 411, 290, 412, 289, -1, 1, 2.356194490192345, 1.4142135623730951
77, 7, 110, 501, 111, 499, -1, 2, 2.0344439357957027, 2.23606797749979
77, 8, 803, 663, 804, 666, -1, -3, -1.892546881191539, 3.1622776601683795
77, 9, 1224, 214, 1222, 212, 2, 2, 0.7853981633974483, 2.8284271247461903
77, 10, 463, 693, 463, 696, 0, -3, -1.5707963267948966, 3.0
77, 11, 1129, 321, 1133, 322, -4, -1, -2.896613990462929, 4.123105625617661
77, 12, 174, 668, 174, 664, 0, 4, 1.5707963267948966, 4.0
77, 13, 1091, 475, 1090, 473, 1, 2, 1.1071487177940904, 2.23606797749979
77, 14, 836, 29, 840, 30, -4, -1, -2.896613990462929, 4.123105625617661
77, 15, 688, 559, 688, 563, 0, -4, -1.5707963267948966, 4.0
77, 16, 184, 16, 185, 14, -1, 2, 2.0344439357957027, 2.23606797749979
77, 17, 95, 85, 92, 86, 3, -1, -0.3217505543966422, 3.1622776601683795
77, 18, 908, 31, 911, 32, -3, -1, -2.819842099193151, 3.1622776601683795
77, 19, 750, 434, 751, 436, -1, -2, -2.0344439357957027, 2.23606797749979
77, 20, 760, 602, 763, 603, -3, -1, -2.819842099193151, 3.1622776601683795
77, 21, 819, 661, 819, 664, 0, -3, -1.5707963267948966, 3.0
77, 22, 505, 154, 505, 159, 0, -5, -1.5707963267948966, 5.0
77, 23, 814, 25, 816, 27, -2, -2, -2.356194490192345, 2.8284271247461903
77, 24, 1082, 425, 1082, 421, 0, 4, 1.5707963267948966, 4.0
77, 25, 704, 558, 706, 562, -2, -4, -2.0344439357957027, 4.47213595499958
77, 26, 1157, 289, 1161, 292, -4, -3, -2.498091544796509, 5.0
77, 27, 170, 673, 169, 669, 1, 4, 1.3258176636680326, 4.123105625617661
77, 28, 810, 248, 811, 252, -1, -4, -1.8157749899217608, 4.123105625617661
77, 29, 762, 115, 762, 111, 0, 4, 1.5707963267948966, 4.0
77, 30, 522, 190, 523, 194, -1, -4, -1.8157749899217608, 4.123105625617661
77, 31, 482, 55, 482, 57, 0, -2, -1.5707963267948966, 2.0
77, 32, 1255, 154, 1257, 151, -2, 3, 2.158798930342464, 3.605551275463989
77, 33, 647, 23, 646, 26, 1, -3, -1.2490457723982544, 3.1622776601683795
77, 34, 758, 108, 759, 104, -1, 4, 1.8157749899217608, 4.123105625617661
77, 35, 707, 423, 708, 426, -1, -3, -1.892546881191539, 3.1622776601683795
77, 36, 1075, 454, 1074, 456, 1, -2, -1.1071487177940904, 2.23606797749979
77, 37, 755, 541, 758, 540, -3, 1, 2.819842099193151, 3.1622776601683795
77, 38, 492, 55, 492, 57, 0, -2, -1.5707963267948966, 2.0
77, 39, 823, 20, 827, 21, -4, -1, -2.896613990462929, 4.123105625617661
77, 40, 1174, 66, 1173, 64, 1, 2, 1.1071487177940904, 2.23606797749979
77, 41, 484, 46, 484, 48, 0, -2, -1.5707963267948966, 2.0
77, 42, 784, 237, 785, 242, -1, -5, -1.7681918866447774, 5.0990195135927845
77, 43, 1076, 507, 1076, 507, 0, 0, 0.0, 0.0
77, 44, 86, 39, 82, 40, 4, -1, -0.24497866312686414, 4.123105625617661
77, 45, 631, 216, 632, 212, -1, 4, 1.8157749899217608, 4.123105625617661
77, 46, 472, 237, 473, 241, -1, -4, -1.8157749899217608, 4.123105625617661
77, 47, 497, 192, 498, 196, -1, -4, -1.8157749899217608, 4.123105625617661
77, 48, 696, 170, 697, 167, -1, 3, 1.892546881191539, 3.1622776601683795
77, 49, 757, 174, 757, 173, 0, 1, 1.5707963267948966, 1.0
77, 50, 490, 128, 490, 129, 0, -1, -1.5707963267948966, 1.0
77, 51, 488, 236, 488, 240, 0, -4, -1.5707963267948966, 4.0
77, 52, 771, 535, 775, 532, -4, 3, 2.498091544796509, 5.0
77, 53, 691, 154, 691, 152, 0, 2, 1.5707963267948966, 2.0
77, 54, 430, 324, 430, 322, 0, 2, 1.5707963267948966, 2.0
77, 55, 1113, 46, 1111, 44, 2, 2, 0.7853981633974483, 2.8284271247461903
77, 56, 828, 39, 832, 40, -4, -1, -2.896613990462929, 4.123105625617661
77, 57, 152, 582, 154, 582, -2, 0, 3.141592653589793, 2.0
77, 58, 1079, 569, 1079, 566, 0, 3, 1.5707963267948966, 3.0
77, 59, 618, 31, 617, 28, 1, 3, 1.2490457723982544, 3.1622776601683795
77, 60, 738, 392, 740, 397, -2, -5, -1.9513027039072615, 5.385164807134504
77, 61, 547, 33, 547, 34, 0, -1, -1.5707963267948966, 1.0
77, 62, 325, 20, 323, 20, 2, 0, 0.0, 2.0
77, 63, 512, 248, 513, 251, -1, -3, -1.892546881191539, 3.1622776601683795
77, 64, 119, 638, 120, 634, -1, 4, 1.8157749899217608, 4.123105625617661
77, 65, 790, 691, 791, 701, -1, -10, -1.6704649792860586, 10.04987562112089
77, 66, 775, 545, 779, 543, -4, 2, 2.677945044588987, 4.47213595499958
77, 67, 1109, 79, 1109, 78, 0, 1, 1.5707963267948966, 1.0
77, 68, 836, 11, 840, 12, -4, -1, -2.896613990462929, 4.123105625617661
77, 69, 750, 113, 751, 109, -1, 4, 1.8157749899217608, 4.123105625617661
77, 70, 637, 301, 637, 301, 0, 0, 0.0, 0.0
77, 71, 679, 595, 681, 596, -2, -1, -2.677945044588987, 2.23606797749979
77, 72, 1236, 261, 1234, 257, 2, 4, 1.1071487177940904, 4.47213595499958
77, 73, 1145, 35, 1142, 33, 3, 2, 0.5880026035475675, 3.605551275463989
77, 74, 390, 223, 392, 219, -2, 4, 2.0344439357957027, 4.47213595499958
77, 75, 627, 303, 628, 302, -1, 1, 2.356194490192345, 1.4142135623730951
77, 76, 1176, 73, 1175, 71, 1, 2, 1.1071487177940904, 2.23606797749979
77, 77, 503, 165, 503, 170, 0, -5, -1.5707963267948966, 5.0
77, 78, 115, 97, 113, 97, 2, 0, 0.0, 2.0
77, 79, 1188, 269, 1188, 270, 0, -1, -1.5707963267948966, 1.0
77, 80, 1260, 187, 1261, 186, -1, 1, 2.356194490192345, 1.4142135623730951
77, 81, 800, 78, 801, 80, -1, -2, -2.0344439357957027, 2.23606797749979
77, 82, 482, 223, 482, 228, 0, -5, -1.5707963267948966, 5.0
77, 83, 514, 164, 514, 169, 0, -5, -1.5707963267948966, 5.0
77, 84, 1148, 146, 1149, 146, -1, 0, 3.141592653589793, 1.0
77, 85, 1126, 40, 1124, 38, 2, 2, 0.7853981633974483, 2.8284271247461903
77, 86, 737, 19, 737, 19, 0, 0, 0.0, 0.0
77, 87, 161, 25, 162, 22, -1, 3, 1.892546881191539, 3.1622776601683795
77, 88, 336, 14, 334, 14, 2, 0, 0.0, 2.0
77, 89, 137, 560, 139, 559, -2, 1, 2.677945044588987, 2.23606797749979
77, 90, 1148, 274, 1152, 278, -4, -4, -2.356194490192345, 5.656854249492381
77, 91, 1140, 99, 1138, 98, 2, 1, 0.4636476090008061, 2.23606797749979
77, 92, 1167, 105, 1166, 103, 1, 2, 1.1071487177940904, 2.23606797749979
77, 93, 1134, 370, 1136, 372, -2, -2, -2.356194490192345, 2.8284271247461903
77, 94, 1120, 368, 1123, 371, -3, -3, -2.356194490192345, 4.242640687119285
77, 95, 1207, 245, 1206, 243, 1, 2, 1.1071487177940904, 2.23606797749979
77, 96, 84, 50, 81, 50, 3, 0, 0.0, 3.0
77, 97, 1204, 187, 1203, 184, 1, 3, 1.2490457723982544, 3.1622776601683795
77, 98, 836, 699, 840, 701, -4, -2, -2.677945044588987, 4.47213595499958
77, 99, 791, 68, 792, 72, -1, -4, -1.8157749899217608, 4.123105625617661
77, 100, 788, 671, 791, 675, -3, -4, -2.214297435588181, 5.0
77, 101, 795, 200, 796, 205, -1, -5, -1.7681918866447774, 5.0990195135927845
77, 102, 1105, 538, 1104, 538, 1, 0, 0.0, 1.0
77, 103, 12, 431, 11, 432, 1, -1, -0.7853981633974483, 1.4142135623730951
77, 104, 1199, 291, 1199, 292, 0, -1, -1.5707963267948966, 1.0
77, 105, 386, 251, 388, 248, -2, 3, 2.158798930342464, 3.605551275463989
77, 106, 490, 320, 490, 321, 0, -1, -1.5707963267948966, 1.0
77, 107, 699, 538, 701, 543, -2, -5, -1.9513027039072615, 5.385164807134504
77, 108, 1136, 597, 1135, 595, 1, 2, 1.1071487177940904, 2.23606797749979
77, 109, 847, 29, 850, 30, -3, -1, -2.819842099193151, 3.1622776601683795
77, 110, 400, 285, 401, 283, -1, 2, 2.0344439357957027, 2.23606797749979
77, 111, 86, 104, 86, 104, 0, 0, 0.0, 0.0
77, 112, 1260, 239, 1259, 237, 1, 2, 1.1071487177940904, 2.23606797749979
77, 113, 675, 222, 677, 219, -2, 3, 2.158798930342464, 3.605551275463989
77, 114, 767, 144, 767, 142, 0, 2, 1.5707963267948966, 2.0
77, 115, 614, 98, 614, 99, 0, -1, -1.5707963267948966, 1.0
77, 116, 793, 250, 793, 255, 0, -5, -1.5707963267948966, 5.0
77, 117, 478, 332, 480, 338, -2, -6, -1.892546881191539, 6.324555320336759
77, 118, 1219, 307, 1217, 304, 2, 3, 0.982793723247329, 3.605551275463989
77, 119, 1112, 534, 1110, 533, 2, 1, 0.4636476090008061, 2.23606797749979
77, 120, 1200, 144, 1201, 141, -1, 3, 1.892546881191539, 3.1622776601683795
77, 121, 418, 260, 419, 256, -1, 4, 1.8157749899217608, 4.123105625617661
77, 122, 413, 378, 417, 376, -4, 2, 2.677945044588987, 4.47213595499958
77, 123, 712, 602, 715, 607, -3, -5, -2.1112158270654806, 5.830951894845301
77, 124, 501, 88, 501, 90, 0, -2, -1.5707963267948966, 2.0
77, 125, 1143, 292, 1148, 294, -5, -2, -2.761086276477428, 5.385164807134504
77, 126, 1105, 105, 1104, 105, 1, 0, 0.0, 1.0
77, 127, 398, 294, 399, 291, -1, 3, 1.892546881191539, 3.1622776601683795
77, 128, 164, 694, 162, 693, 2, 1, 0.4636476090008061, 2.23606797749979
78, 0, 1136, 344, 1138, 346, -2, -2, -2.356194490192345, 2.8284271247461903
78, 1, 132, 570, 135, 567, -3, 3, 2.356194490192345, 4.242640687119285
78, 2, 838, 29, 840, 30, -2, -1, -2.677945044588987, 2.23606797749979
78, 3, 482, 684, 481, 689, 1, -5, -1.373400766945016, 5.0990195135927845
78, 4, 785, 21, 786, 23, -1, -2, -2.0344439357957027, 2.23606797749979
78, 5, 686, 556, 687, 560, -1, -4, -1.8157749899217608, 4.123105625617661
78, 6, 785, 240, 786, 243, -1, -3, -1.892546881191539, 3.1622776601683795
78, 7, 1226, 218, 1224, 215, 2, 3, 0.982793723247329, 3.605551275463989
78, 8, 812, 26, 814, 27, -2, -1, -2.677945044588987, 2.23606797749979
78, 9, 173, 669, 173, 666, 0, 3, 1.5707963267948966, 3.0
78, 10, 106, 509, 108, 507, -2, 2, 2.356194490192345, 2.8284271247461903
78, 11, 1256, 153, 1257, 152, -1, 1, 2.356194490192345, 1.4142135623730951
78, 12, 464, 685, 464, 689, 0, -4, -1.5707963267948966, 4.0
78, 13, 1088, 432, 1087, 429, 1, 3, 1.2490457723982544, 3.1622776601683795
78, 14, 184, 15, 185, 15, -1, 0, 3.141592653589793, 1.0
78, 15, 704, 553, 706, 558, -2, -5, -1.9513027039072615, 5.385164807134504
78, 16, 905, 30, 907, 31, -2, -1, -2.677945044588987, 2.23606797749979
78, 17, 523, 189, 524, 193, -1, -4, -1.8157749899217608, 4.123105625617661
78, 18, 806, 652, 806, 656, 0, -4, -1.5707963267948966, 4.0
78, 19, 505, 154, 506, 158, -1, -4, -1.8157749899217608, 4.123105625617661
78, 20, 821, 650, 821, 655, 0, -5, -1.5707963267948966, 5.0
78, 21, 705, 413, 706, 417, -1, -4, -1.8157749899217608, 4.123105625617661
78, 22, 1095, 483, 1093, 481, 2, 2, 0.7853981633974483, 2.8284271247461903
78, 23, 1129, 320, 1132, 323, -3, -3, -2.356194490192345, 4.242640687119285
78, 24, 865, 47, 867, 49, -2, -2, -2.356194490192345, 2.8284271247461903
78, 25, 751, 546, 755, 544, -4, 2, 2.677945044588987, 4.47213595499958
78, 26, 647, 24, 647, 26, 0, -2, -1.5707963267948966, 2.0
78, 27, 411, 288, 412, 287, -1, 1, 2.356194490192345, 1.4142135623730951
78, 28, 482, 55, 482, 57, 0, -2, -1.5707963267948966, 2.0
78, 29, 492, 55, 492, 57, 0, -2, -1.5707963267948966, 2.0
78, 30, 1078, 466, 1077, 465, 1, 1, 0.7853981633974483, 1.4142135623730951
78, 31, 763, 114, 763, 112, 0, 2, 1.5707963267948966, 2.0
78, 32, 431, 328, 431, 325, 0, 3, 1.5707963267948966, 3.0
78, 33, 755, 107, 756, 105, -1, 2, 2.0344439357957027, 2.23606797749979
78, 34, 767, 539, 771, 536, -4, 3, 2.498091544796509, 5.0
78, 35, 473, 234, 474, 238, -1, -4, -1.8157749899217608, 4.123105625617661
78, 36, 809, 48, 810, 50, -1, -2, -2.0344439357957027, 2.23606797749979
78, 37, 689, 248, 690, 248, -1, 0, 3.141592653589793, 1.0
78, 38, 823, 21, 826, 22, -3, -1, -2.819842099193151, 3.1622776601683795
78, 39, 99, 86, 96, 86, 3, 0, 0.0, 3.0
78, 40, 1076, 508, 1076, 508, 0, 0, 0.0, 0.0
78, 41, 38, 455, 39, 455, -1, 0, 3.141592653589793, 1.0
78, 42, 1174, 66, 1174, 65, 0, 1, 1.5707963267948966, 1.0
78, 43, 758, 612, 761, 610, -3, 2, 2.5535900500422257, 3.605551275463989
78, 44, 697, 169, 698, 169, -1, 0, 3.141592653589793, 1.0
78, 45, 1156, 289, 1160, 292, -4, -3, -2.498091544796509, 5.0
78, 46, 485, 47, 485, 49, 0, -2, -1.5707963267948966, 2.0
78, 47, 1146, 34, 1144, 34, 2, 0, 0.0, 2.0
78, 48, 87, 39, 84, 41, 3, -2, -0.5880026035475675, 3.605551275463989
78, 49, 1110, 79, 1110, 79, 0, 0, 0.0, 0.0
78, 50, 1113, 46, 1113, 46, 0, 0, 0.0, 0.0
78, 51, 757, 174, 757, 173, 0, 1, 1.5707963267948966, 1.0
78, 52, 631, 217, 632, 214, -1, 3, 1.892546881191539, 3.1622776601683795
78, 53, 120, 638, 120, 636, 0, 2, 1.5707963267948966, 2.0
78, 54, 747, 177, 747, 175, 0, 2, 1.5707963267948966, 2.0
78, 55, 547, 34, 547, 35, 0, -1, -1.5707963267948966, 1.0
78, 56, 487, 232, 488, 237, -1, -5, -1.7681918866447774, 5.0990195135927845
78, 57, 89, 85, 87, 83, 2, 2, 0.7853981633974483, 2.8284271247461903
78, 58, 772, 549, 776, 547, -4, 2, 2.677945044588987, 4.47213595499958
78, 59, 691, 154, 692, 154, -1, 0, 3.141592653589793, 1.0
78, 60, 418, 254, 420, 253, -2, 1, 2.677945044588987, 2.23606797749979
78, 61, 618, 31, 618, 30, 0, 1, 1.5707963267948966, 1.0
78, 62, 83, 93, 82, 92, 1, 1, 0.7853981633974483, 1.4142135623730951
78, 63, 141, 575, 143, 572, -2, 3, 2.158798930342464, 3.605551275463989
78, 64, 1112, 541, 1113, 537, -1, 4, 1.8157749899217608, 4.123105625617661
78, 65, 811, 248, 811, 252, 0, -4, -1.5707963267948966, 4.0
78, 66, 153, 583, 154, 582, -1, 1, 2.356194490192345, 1.4142135623730951
78, 67, 391, 221, 392, 221, -1, 0, 3.141592653589793, 1.0
78, 68, 739, 391, 740, 395, -1, -4, -1.8157749899217608, 4.123105625617661
78, 69, 1083, 575, 1082, 571, 1, 4, 1.3258176636680326, 4.123105625617661
78, 70, 676, 597, 678, 598, -2, -1, -2.677945044588987, 2.23606797749979
78, 71, 750, 113, 751, 111, -1, 2, 2.0344439357957027, 2.23606797749979
78, 72, 657, 60, 657, 61, 0, -1, -1.5707963267948966, 1.0
78, 73, 852, 29, 855, 30, -3, -1, -2.819842099193151, 3.1622776601683795
78, 74, 1237, 261, 1235, 259, 2, 2, 0.7853981633974483, 2.8284271247461903
78, 75, 636, 300, 637, 300, -1, 0, 3.141592653589793, 1.0
78, 76, 1167, 105, 1167, 104, 0, 1, 1.5707963267948966, 1.0
78, 77, 498, 191, 499, 195, -1, -4, -1.8157749899217608, 4.123105625617661
78, 78, 421, 321, 422, 319, -1, 2, 2.0344439357957027, 2.23606797749979
78, 79, 105, 562, 109, 560, -4, 2, 2.677945044588987, 4.47213595499958
78, 80, 617, 259, 618, 258, -1, 1, 2.356194490192345, 1.4142135623730951
78, 81, 10, 431, 10, 432, 0, -1, -1.5707963267948966, 1.0
78, 82, 482, 221, 483, 226, -1, -5, -1.7681918866447774, 5.0990195135927845
78, 83, 1117, 362, 1120, 368, -3, -6, -2.0344439357957027, 6.708203932499369
78, 84, 751, 435, 752, 437, -1, -2, -2.0344439357957027, 2.23606797749979
78, 85, 163, 24, 164, 23, -1, 1, 2.356194490192345, 1.4142135623730951
78, 86, 807, 14, 809, 16, -2, -2, -2.356194490192345, 2.8284271247461903
78, 87, 1199, 291, 1199, 292, 0, -1, -1.5707963267948966, 1.0
78, 88, 712, 585, 713, 590, -1, -5, -1.7681918866447774, 5.0990195135927845
78, 89, 743, 18, 743, 18, 0, 0, 0.0, 0.0
78, 90, 1261, 285, 1263, 285, -2, 0, 3.141592653589793, 2.0
78, 91, 1109, 620, 1109, 616, 0, 4, 1.5707963267948966, 4.0
78, 92, 1125, 38, 1125, 38, 0, 0, 0.0, 0.0
78, 93, 112, 99, 112, 100, 0, -1, -1.5707963267948966, 1.0
78, 94, 1147, 147, 1148, 146, -1, 1, 2.356194490192345, 1.4142135623730951
78, 95, 694, 645, 694, 647, 0, -2, -1.5707963267948966, 2.0
78, 96, 497, 114, 498, 118, -1, -4, -1.8157749899217608, 4.123105625617661
78, 97, 841, 685, 842, 689, -1, -4, -1.8157749899217608, 4.123105625617661
78, 98, 387, 251, 388, 250, -1, 1, 2.356194490192345, 1.4142135623730951
78, 99, 796, 200, 797, 204, -1, -4, -1.8157749899217608, 4.123105625617661
78, 100, 87, 48, 84, 50, 3, -2, -0.5880026035475675, 3.605551275463989
78, 101, 767, 145, 767, 144, 0, 1, 1.5707963267948966, 1.0
78, 102, 514, 163, 515, 167, -1, -4, -1.8157749899217608, 4.123105625617661
78, 103, 740, 144, 741, 143, -1, 1, 2.356194490192345, 1.4142135623730951
78, 104, 503, 165, 504, 169, -1, -4, -1.8157749899217608, 4.123105625617661
78, 105, 742, 588, 745, 586, -3, 2, 2.5535900500422257, 3.605551275463989
78, 106, 838, 11, 840, 12, -2, -1, -2.677945044588987, 2.23606797749979
78, 107, 699, 534, 701, 539, -2, -5, -1.9513027039072615, 5.385164807134504
78, 108, 489, 319, 490, 321, -1, -2, -2.0344439357957027, 2.23606797749979
78, 109, 167, 698, 165, 696, 2, 2, 0.7853981633974483, 2.8284271247461903
78, 110, 1111, 353, 1114, 359, -3, -6, -2.0344439357957027, 6.708203932499369
78, 111, 417, 388, 418, 386, -1, 2, 2.0344439357957027, 2.23606797749979
78, 112, 1146, 274, 1150, 277, -4, -3, -2.498091544796509, 5.0
78, 113, 1194, 277, 1193, 277, 1, 0, 0.0, 1.0
78, 114, 698, 564, 700, 569, -2, -5, -1.9513027039072615, 5.385164807134504
78, 115, 16, 413, 13, 411, 3, 2, 0.5880026035475675, 3.605551275463989
78, 116, 1075, 475, 1074, 473, 1, 2, 1.1071487177940904, 2.23606797749979
78, 117, 1204, 189, 1204, 186, 0, 3, 1.5707963267948966, 3.0
78, 118, 1143, 105, 1143, 104, 0, 1, 1.5707963267948966, 1.0
78, 119, 480, 327, 481, 330, -1, -3, -1.892546881191539, 3.1622776601683795
78, 120, 812, 220, 812, 224, 0, -4, -1.5707963267948966, 4.0
78, 121, 792, 661, 793, 665, -1, -4, -1.8157749899217608, 4.123105625617661
78, 122, 745, 605, 749, 604, -4, 1, 2.896613990462929, 4.123105625617661
78, 123, 1261, 237, 1260, 237, 1, 0, 0.0, 1.0
78, 124, 1158, 316, 1162, 320, -4, -4, -2.356194490192345, 5.656854249492381
78, 125, 812, 701, 812, 717, 0, -16, -1.5707963267948966, 16.0
78, 126, 1261, 182, 1262, 182, -1, 0, 3.141592653589793, 1.0
78, 127, 719, 14, 718, 12, 1, 2, 1.1071487177940904, 2.23606797749979
78, 128, 791, 691, 792, 699, -1, -8, -1.695151321341658, 8.06225774829855
78, 129, 164, 40, 165, 40, -1, 0, 3.141592653589793, 1.0
78, 130, 1204, 153, 1205, 150, -1, 3, 1.892546881191539, 3.1622776601683795
78, 131, 317, 20, 317, 21, 0, -1, -1.5707963267948966, 1.0
78, 132, 401, 292, 401, 290, 0, 2, 1.5707963267948966, 2.0
78, 133, 692, 161, 693, 161, -1, 0, 3.141592653589793, 1.0
78, 134, 1126, 437, 1123, 435, 3, 2, 0.5880026035475675, 3.605551275463989
78, 135, 829, 40, 831, 41, -2, -1, -2.677945044588987, 2.23606797749979
78, 136, 1200, 147, 1201, 144, -1, 3, 1.892546881191539, 3.1622776601683795
78, 137, 1209, 250, 1207, 247, 2, 3, 0.982793723247329, 3.605551275463989
78, 138, 1142, 291, 1146, 294, -4, -3, -2.498091544796509, 5.0
78, 139, 790, 246, 791, 249, -1, -3, -1.892546881191539, 3.1622776601683795
78, 140, 514, 248, 515, 252, -1, -4, -1.8157749899217608, 4.123105625617661
78, 141, 1136, 607, 1136, 604, 0, 3, 1.5707963267948966, 3.0
78, 142, 162, 701, 162, 714, 0, -13, -1.5707963267948966, 13.0
78, 143, 1155, 146, 1155, 145, 0, 1, 1.5707963267948966, 1.0
78, 144, 1216, 309, 1214, 306, 2, 3, 0.982793723247329, 3.605551275463989
78, 145, 500, 84, 500, 86, 0, -2, -1.5707963267948966, 2.0
78, 146, 1146, 80, 1145, 80, 1, 0, 0.0, 1.0
78, 147, 122, 619, 124, 616, -2, 3, 2.158798930342464, 3.605551275463989
78, 148, 886, 10, 888, 11, -2, -1, -2.677945044588987, 2.23606797749979
78, 149, 614, 98, 614, 99, 0, -1, -1.5707963267948966, 1.0
78, 150, 1198, 253, 1196, 250, 2, 3, 0.982793723247329, 3.605551275463989
78, 151, 787, 56, 787, 58, 0, -2, -1.5707963267948966, 2.0
78, 152, 695, 549, 697, 554, -2, -5, -1.9513027039072615, 5.385164807134504
78, 153, 1105, 99, 1104, 100, 1, -1, -0.7853981633974483, 1.4142135623730951
78, 154, 648, 16, 648, 18, 0, -2, -1.5707963267948966, 2.0
78, 155, 1175, 73, 1175, 72, 0, 1, 1.5707963267948966, 1.0
78, 156, 624, 65, 624, 64, 0, 1, 1.5707963267948966, 1.0
78, 157, 1111, 108, 1110, 108, 1, 0, 0.0, 1.0
78, 158, 1224, 310, 1222, 307, 2, 3, 0.982793723247329, 3.605551275463989
78, 159, 694, 201, 695, 200, -1, 1, 2.356194490192345, 1.4142135623730951
78, 160, 107, 500, 110, 497, -3, 3, 2.356194490192345, 4.242640687119285
78, 161, 403, 228, 404, 228, -1, 0, 3.141592653589793, 1.0
78, 162, 650, 265, 651, 264, -1, 1, 2.356194490192345, 1.4142135623730951
78, 163, 692, 605, 694, 610, -2, -5, -1.9513027039072615, 5.385164807134504
78, 164, 86, 69, 83, 69, 3, 0, 0.0, 3.0
78, 165, 143, 668, 143, 665, 0, 3, 1.5707963267948966, 3.0
78, 166, 112, 647, 112, 645, 0, 2, 1.5707963267948966, 2.0
78, 167, 1192, 269, 1191, 268, 1, 1, 0.7853981633974483, 1.4142135623730951
78, 168, 1174, 95, 1174, 94, 0, 1, 1.5707963267948966, 1.0
78, 169, 1154, 274, 1158, 277, -4, -3, -2.498091544796509, 5.0
78, 170, 13, 424, 11, 424, 2, 0, 0.0, 2.0
78, 171, 733, 464, 734, 470, -1, -6, -1.7359450042095235, 6.082762530298219
78, 172, 682, 163, 683, 163, -1, 0, 3.141592653589793, 1.0
78, 173, 665, 18, 665, 20, 0, -2, -1.5707963267948966, 2.0
78, 174, 683, 236, 684, 233, -1, 3, 1.892546881191539, 3.1622776601683795
79, 0, 1133, 339, 1136, 344, -3, -5, -2.1112158270654806, 5.830951894845301
79, 1, 129, 573, 132, 570, -3, 3, 2.356194490192345, 4.242640687119285
79, 2, 836, 28, 838, 29, -2, -1, -2.677945044588987, 2.23606797749979
79, 3, 483, 679, 482, 684, 1, -5, -1.373400766945016, 5.0990195135927845
79, 4, 784, 19, 785, 21, -1, -2, -2.0344439357957027, 2.23606797749979
79, 5, 685, 551, 686, 556, -1, -5, -1.7681918866447774, 5.0990195135927845
79, 6, 784, 238, 785, 240, -1, -2, -2.0344439357957027, 2.23606797749979
79, 7, 1228, 221, 1226, 218, 2, 3, 0.982793723247329, 3.605551275463989
79, 8, 810, 25, 812, 26, -2, -1, -2.677945044588987, 2.23606797749979
79, 9, 173, 672, 173, 669, 0, 3, 1.5707963267948966, 3.0
79, 10, 104, 512, 106, 509, -2, 3, 2.158798930342464, 3.605551275463989
79, 11, 1255, 155, 1256, 153, -1, 2, 2.0344439357957027, 2.23606797749979
79, 12, 464, 681, 464, 685, 0, -4, -1.5707963267948966, 4.0
79, 13, 1089, 435, 1088, 432, 1, 3, 1.2490457723982544, 3.1622776601683795
79, 14, 183, 16, 184, 15, -1, 1, 2.356194490192345, 1.4142135623730951
79, 15, 702, 548, 704, 553, -2, -5, -1.9513027039072615, 5.385164807134504
79, 16, 903, 29, 905, 30, -2, -1, -2.677945044588987, 2.23606797749979
79, 17, 522, 184, 523, 189, -1, -5, -1.7681918866447774, 5.0990195135927845
79, 18, 806, 648, 806, 652, 0, -4, -1.5707963267948966, 4.0
79, 19, 504, 151, 505, 154, -1, -3, -1.892546881191539, 3.1622776601683795
79, 20, 821, 644, 821, 650, 0, -6, -1.5707963267948966, 6.0
79, 21, 705, 409, 705, 413, 0, -4, -1.5707963267948966, 4.0
79, 22, 1096, 485, 1095, 483, 1, 2, 1.1071487177940904, 2.23606797749979
79, 23, 1125, 318, 1129, 320, -4, -2, -2.677945044588987, 4.47213595499958
79, 24, 862, 45, 865, 47, -3, -2, -2.5535900500422257, 3.605551275463989
79, 25, 747, 548, 751, 546, -4, 2, 2.677945044588987, 4.47213595499958
79, 26, 647, 23, 647, 24, 0, -1, -1.5707963267948966, 1.0
79, 27, 410, 289, 411, 288, -1, 1, 2.356194490192345, 1.4142135623730951
79, 28, 482, 53, 482, 55, 0, -2, -1.5707963267948966, 2.0
79, 29, 492, 53, 492, 55, 0, -2, -1.5707963267948966, 2.0
79, 30, 1080, 467, 1078, 466, 2, 1, 0.4636476090008061, 2.23606797749979
79, 31, 762, 117, 763, 114, -1, 3, 1.892546881191539, 3.1622776601683795
79, 32, 431, 332, 431, 328, 0, 4, 1.5707963267948966, 4.0
79, 33, 754, 110, 755, 107, -1, 3, 1.892546881191539, 3.1622776601683795
79, 34, 763, 542, 767, 539, -4, 3, 2.498091544796509, 5.0
79, 35, 472, 230, 473, 234, -1, -4, -1.8157749899217608, 4.123105625617661
79, 36, 688, 248, 689, 248, -1, 0, 3.141592653589793, 1.0
79, 37, 821, 20, 823, 21, -2, -1, -2.677945044588987, 2.23606797749979
79, 38, 101, 87, 99, 86, 2, 1, 0.4636476090008061, 2.23606797749979
79, 39, 1076, 508, 1076, 508, 0, 0, 0.0, 0.0
79, 40, 1174, 68, 1174, 66, 0, 2, 1.5707963267948966, 2.0
79, 41, 755, 614, 758, 612, -3, 2, 2.5535900500422257, 3.605551275463989
79, 42, 696, 170, 697, 169, -1, 1, 2.356194490192345, 1.4142135623730951
79, 43, 1152, 287, 1156, 289, -4, -2, -2.677945044588987, 4.47213595499958
79, 44, 485, 45, 485, 47, 0, -2, -1.5707963267948966, 2.0
79, 45, 1147, 35, 1146, 34, 1, 1, 0.7853981633974483, 1.4142135623730951
79, 46, 91, 37, 87, 39, 4, -2, -0.4636476090008061, 4.47213595499958
79, 47, 1110, 80, 1110, 79, 0, 1, 1.5707963267948966, 1.0
79, 48, 1113, 47, 1113, 46, 0, 1, 1.5707963267948966, 1.0
79, 49, 757, 175, 757, 174, 0, 1, 1.5707963267948966, 1.0
79, 50, 630, 220, 631, 217, -1, 3, 1.892546881191539, 3.1622776601683795
79, 51, 120, 640, 120, 638, 0, 2, 1.5707963267948966, 2.0
79, 52, 747, 179, 747, 177, 0, 2, 1.5707963267948966, 2.0
79, 53, 546, 34, 547, 34, -1, 0, 3.141592653589793, 1.0
79, 54, 486, 227, 487, 232, -1, -5, -1.7681918866447774, 5.0990195135927845
79, 55, 90, 86, 89, 85, 1, 1, 0.7853981633974483, 1.4142135623730951
79, 56, 768, 551, 772, 549, -4, 2, 2.677945044588987, 4.47213595499958
79, 57, 690, 155, 691, 154, -1, 1, 2.356194490192345, 1.4142135623730951
79, 58, 417, 256, 418, 254, -1, 2, 2.0344439357957027, 2.23606797749979
79, 59, 618, 32, 618, 31, 0, 1, 1.5707963267948966, 1.0
79, 60, 84, 95, 83, 93, 1, 2, 1.1071487177940904, 2.23606797749979
79, 61, 138, 579, 141, 575, -3, 4, 2.214297435588181, 5.0
79, 62, 1113, 545, 1112, 541, 1, 4, 1.3258176636680326, 4.123105625617661
79, 63, 810, 245, 811, 248, -1, -3, -1.892546881191539, 3.1622776601683795
79, 64, 150, 585, 153, 583, -3, 2, 2.5535900500422257, 3.605551275463989
79, 65, 390, 222, 391, 221, -1, 1, 2.356194490192345, 1.4142135623730951
79, 66, 738, 387, 739, 391, -1, -4, -1.8157749899217608, 4.123105625617661
79, 67, 1084, 579, 1083, 575, 1, 4, 1.3258176636680326, 4.123105625617661
79, 68, 749, 116, 750, 113, -1, 3, 1.892546881191539, 3.1622776601683795
79, 69, 657, 59, 657, 60, 0, -1, -1.5707963267948966, 1.0
79, 70, 849, 28, 852, 29, -3, -1, -2.819842099193151, 3.1622776601683795
79, 71, 1238, 263, 1237, 261, 1, 2, 1.1071487177940904, 2.23606797749979
79, 72, 635, 300, 636, 300, -1, 0, 3.141592653589793, 1.0
79, 73, 1166, 107, 1167, 105, -1, 2, 2.0344439357957027, 2.23606797749979
79, 74, 497, 188, 498, 191, -1, -3, -1.892546881191539, 3.1622776601683795
79, 75, 421, 325, 421, 321, 0, 4, 1.5707963267948966, 4.0
79, 76, 101, 564, 105, 562, -4, 2, 2.677945044588987, 4.47213595499958
79, 77, 616, 260, 617, 259, -1, 1, 2.356194490192345, 1.4142135623730951
79, 78, 10, 431, 10, 431, 0, 0, 0.0, 0.0
79, 79, 481, 216, 482, 221, -1, -5, -1.7681918866447774, 5.0990195135927845
79, 80, 1114, 356, 1117, 362, -3, -6, -2.0344439357957027, 6.708203932499369
79, 81, 750, 433, 751, 435, -1, -2, -2.0344439357957027, 2.23606797749979
79, 82, 162, 25, 163, 24, -1, 1, 2.356194490192345, 1.4142135623730951
79, 83, 805, 12, 807, 14, -2, -2, -2.356194490192345, 2.8284271247461903
79, 84, 1199, 290, 1199, 291, 0, -1, -1.5707963267948966, 1.0
79, 85, 710, 580, 712, 585, -2, -5, -1.9513027039072615, 5.385164807134504
79, 86, 742, 18, 743, 18, -1, 0, 3.141592653589793, 1.0
79, 87, 1261, 285, 1261, 285, 0, 0, 0.0, 0.0
79, 88, 1110, 624, 1109, 620, 1, 4, 1.3258176636680326, 4.123105625617661
79, 89, 1125, 39, 1125, 38, 0, 1, 1.5707963267948966, 1.0
79, 90, 112, 98, 112, 99, 0, -1, -1.5707963267948966, 1.0
79, 91, 1146, 147, 1147, 147, -1, 0, 3.141592653589793, 1.0
79, 92, 496, 114, 497, 114, -1, 0, 3.141592653589793, 1.0
79, 93, 840, 682, 841, 685, -1, -3, -1.892546881191539, 3.1622776601683795
79, 94, 386, 253, 387, 251, -1, 2, 2.0344439357957027, 2.23606797749979
79, 95, 795, 197, 796, 200, -1, -3, -1.892546881191539, 3.1622776601683795
79, 96, 90, 46, 87, 48, 3, -2, -0.5880026035475675, 3.605551275463989
79, 97, 766, 146, 767, 145, -1, 1, 2.356194490192345, 1.4142135623730951
79, 98, 513, 159, 514, 163, -1, -4, -1.8157749899217608, 4.123105625617661
79, 99, 739, 146, 740, 144, -1, 2, 2.0344439357957027, 2.23606797749979
79, 100, 502, 161, 503, 165, -1, -4, -1.8157749899217608, 4.123105625617661
79, 101, 739, 590, 742, 588, -3, 2, 2.5535900500422257, 3.605551275463989
79, 102, 836, 11, 838, 11, -2, 0, 3.141592653589793, 2.0
79, 103, 698, 529, 699, 534, -1, -5, -1.7681918866447774, 5.0990195135927845
79, 104, 488, 317, 489, 319, -1, -2, -2.0344439357957027, 2.23606797749979
79, 105, 168, 700, 167, 698, 1, 2, 1.1071487177940904, 2.23606797749979
79, 106, 1109, 348, 1111, 353, -2, -5, -1.9513027039072615, 5.385164807134504
79, 107, 416, 388, 417, 388, -1, 0, 3.141592653589793, 1.0
79, 108, 1142, 271, 1146, 274, -4, -3, -2.498091544796509, 5.0
79, 109, 1194, 277, 1194, 277, 0, 0, 0.0, 0.0
79, 110, 696, 559, 698, 564, -2, -5, -1.9513027039072615, 5.385164807134504
79, 111, 19, 418, 16, 413, 3, 5, 1.0303768265243125, 5.830951894845301
79, 112, 1076, 477, 1075, 475, 1, 2, 1.1071487177940904, 2.23606797749979
79, 113, 1204, 192, 1204, 189, 0, 3, 1.5707963267948966, 3.0
79, 114, 1142, 106, 1143, 105, -1, 1, 2.356194490192345, 1.4142135623730951
79, 115, 479, 324, 480, 327, -1, -3, -1.892546881191539, 3.1622776601683795
79, 116, 812, 217, 812, 220, 0, -3, -1.5707963267948966, 3.0
79, 117, 790, 657, 792, 661, -2, -4, -2.0344439357957027, 4.47213595499958
79, 118, 741, 606, 745, 605, -4, 1, 2.896613990462929, 4.123105625617661
79, 119, 1261, 238, 1261, 237, 0, 1, 1.5707963267948966, 1.0
79, 120, 1154, 313, 1158, 316, -4, -3, -2.498091544796509, 5.0
79, 121, 812, 694, 812, 701, 0, -7, -1.5707963267948966, 7.0
79, 122, 1260, 182, 1261, 182, -1, 0, 3.141592653589793, 1.0
79, 123, 720, 15, 719, 14, 1, 1, 0.7853981633974483, 1.4142135623730951
79, 124, 790, 682, 791, 691, -1, -9, -1.6814535479687922, 9.055385138137417
79, 125, 163, 41, 164, 40, -1, 1, 2.356194490192345, 1.4142135623730951
79, 126, 1203, 155, 1204, 153, -1, 2, 2.0344439357957027, 2.23606797749979
79, 127, 317, 20, 317, 20, 0, 0, 0.0, 0.0
79, 128, 401, 294, 401, 292, 0, 2, 1.5707963267948966, 2.0
79, 129, 691, 162, 692, 161, -1, 1, 2.356194490192345, 1.4142135623730951
79, 130, 1129, 439, 1126, 437, 3, 2, 0.5880026035475675, 3.605551275463989
79, 131, 827, 39, 829, 40, -2, -1, -2.677945044588987, 2.23606797749979
79, 132, 1199, 149, 1200, 147, -1, 2, 2.0344439357957027, 2.23606797749979
79, 133, 1210, 253, 1209, 250, 1, 3, 1.2490457723982544, 3.1622776601683795
79, 134, 1138, 289, 1142, 291, -4, -2, -2.677945044588987, 4.47213595499958
79, 135, 789, 244, 790, 246, -1, -2, -2.0344439357957027, 2.23606797749979
79, 136, 512, 244, 514, 248, -2, -4, -2.0344439357957027, 4.47213595499958
79, 137, 1137, 608, 1136, 607, 1, 1, 0.7853981633974483, 1.4142135623730951
79, 138, 163, 701, 162, 701, 1, 0, 0.0, 1.0
79, 139, 1154, 147, 1155, 146, -1, 1, 2.356194490192345, 1.4142135623730951
79, 140, 1215, 311, 1216, 309, -1, 2, 2.0344439357957027, 2.23606797749979
79, 141, 500, 82, 500, 84, 0, -2, -1.5707963267948966, 2.0
79, 142, 1147, 80, 1146, 80, 1, 0, 0.0, 1.0
79, 143, 121, 622, 122, 619, -1, 3, 1.892546881191539, 3.1622776601683795
79, 144, 884, 9, 886, 10, -2, -1, -2.677945044588987, 2.23606797749979
79, 145, 614, 97, 614, 98, 0, -1, -1.5707963267948966, 1.0
79, 146, 1199, 256, 1198, 253, 1, 3, 1.2490457723982544, 3.1622776601683795
79, 147, 693, 544, 695, 549, -2, -5, -1.9513027039072615, 5.385164807134504
79, 148, 1105, 98, 1105, 99, 0, -1, -1.5707963267948966, 1.0
79, 149, 648, 14, 648, 16, 0, -2, -1.5707963267948966, 2.0
79, 150, 1175, 75, 1175, 73, 0, 2, 1.5707963267948966, 2.0
79, 151, 624, 67, 624, 65, 0, 2, 1.5707963267948966, 2.0
79, 152, 1111, 108, 1111, 108, 0, 0, 0.0, 0.0
79, 153, 1223, 312, 1224, 310, -1, 2, 2.0344439357957027, 2.23606797749979
79, 154, 693, 202, 694, 201, -1, 1, 2.356194490192345, 1.4142135623730951
79, 155, 104, 504, 107, 500, -3, 4, 2.214297435588181, 5.0
79, 156, 402, 229, 403, 228, -1, 1, 2.356194490192345, 1.4142135623730951
79, 157, 649, 267, 650, 265, -1, 2, 2.0344439357957027, 2.23606797749979
79, 158, 691, 600, 692, 605, -1, -5, -1.7681918866447774, 5.0990195135927845
79, 159, 88, 68, 86, 69, 2, -1, -0.4636476090008061, 2.23606797749979
79, 160, 143, 671, 143, 668, 0, 3, 1.5707963267948966, 3.0
79, 161, 112, 650, 112, 647, 0, 3, 1.5707963267948966, 3.0
79, 162, 1193, 271, 1192, 269, 1, 2, 1.1071487177940904, 2.23606797749979
79, 163, 1174, 97, 1174, 95, 0, 2, 1.5707963267948966, 2.0
79, 164, 1150, 271, 1154, 274, -4, -3, -2.498091544796509, 5.0
79, 165, 15, 426, 13, 424, 2, 2, 0.7853981633974483, 2.8284271247461903
79, 166, 731, 460, 733, 464, -2, -4, -2.0344439357957027, 4.47213595499958
79, 167, 681, 164, 682, 163, -1, 1, 2.356194490192345, 1.4142135623730951
79, 168, 665, 16, 665, 18, 0, -2, -1.5707963267948966, 2.0
79, 169, 682, 240, 683, 236, -1, 4, 1.8157749899217608, 4.123105625617661
80, 0, 836, 28, 838, 29, -2, -1, -2.677945044588987, 2.23606797749979
80, 1, 1108, 344, 1111, 347, -3, -3, -2.356194490192345, 4.242640687119285
80, 2, 783, 19, 785, 21, -2, -2, -2.356194490192345, 2.8284271247461903
80, 3, 483, 679, 482, 683, 1, -4, -1.3258176636680326, 4.123105625617661
80, 4, 149, 563, 152, 560, -3, 3, 2.356194490192345, 4.242640687119285
80, 5, 1132, 339, 1136, 343, -4, -4, -2.356194490192345, 5.656854249492381
80, 6, 685, 550, 686, 555, -1, -5, -1.7681918866447774, 5.0990195135927845
80, 7, 811, 25, 813, 26, -2, -1, -2.677945044588987, 2.23606797749979
80, 8, 1229, 222, 1227, 219, 2, 3, 0.982793723247329, 3.605551275463989
80, 9, 1100, 489, 1098, 488, 2, 1, 0.4636476090008061, 2.23606797749979
80, 10, 184, 17, 185, 16, -1, 1, 2.356194490192345, 1.4142135623730951
80, 11, 465, 678, 465, 682, 0, -4, -1.5707963267948966, 4.0
80, 12, 172, 677, 172, 674, 0, 3, 1.5707963267948966, 3.0
80, 13, 1125, 319, 1129, 321, -4, -2, -2.677945044588987, 4.47213595499958
80, 14, 101, 514, 104, 512, -3, 2, 2.5535900500422257, 3.605551275463989
80, 15, 822, 640, 822, 646, 0, -6, -1.5707963267948966, 6.0
80, 16, 523, 185, 523, 189, 0, -4, -1.5707963267948966, 4.0
80, 17, 308, 335, 308, 335, 0, 0, 0.0, 0.0
80, 18, 807, 642, 807, 646, 0, -4, -1.5707963267948966, 4.0
80, 19, 1093, 439, 1092, 436, 1, 3, 1.2490457723982544, 3.1622776601683795
80, 20, 706, 407, 706, 411, 0, -4, -1.5707963267948966, 4.0
80, 21, 1255, 155, 1256, 153, -1, 2, 2.0344439357957027, 2.23606797749979
80, 22, 703, 549, 705, 554, -2, -5, -1.9513027039072615, 5.385164807134504
80, 23, 483, 53, 483, 55, 0, -2, -1.5707963267948966, 2.0
80, 24, 472, 230, 473, 234, -1, -4, -1.8157749899217608, 4.123105625617661
80, 25, 755, 111, 756, 108, -1, 3, 1.892546881191539, 3.1622776601683795
80, 26, 647, 24, 647, 25, 0, -1, -1.5707963267948966, 1.0
80, 27, 1083, 473, 1081, 472, 2, 1, 0.4636476090008061, 2.23606797749979
80, 28, 908, 31, 910, 32, -2, -1, -2.677945044588987, 2.23606797749979
80, 29, 1111, 630, 1108, 626, 3, 4, 0.9272952180016122, 5.0
80, 30, 504, 151, 506, 155, -2, -4, -2.0344439357957027, 4.47213595499958
80, 31, 761, 118, 762, 115, -1, 3, 1.892546881191539, 3.1622776601683795
80, 32, 432, 334, 432, 329, 0, 5, 1.5707963267948966, 5.0
80, 33, 493, 54, 493, 56, 0, -2, -1.5707963267948966, 2.0
80, 34, 485, 45, 485, 47, 0, -2, -1.5707963267948966, 2.0
80, 35, 746, 551, 750, 549, -4, 2, 2.677945044588987, 4.47213595499958
80, 36, 630, 222, 632, 218, -2, 4, 2.0344439357957027, 4.47213595499958
80, 37, 585, 106, 586, 106, -1, 0, 3.141592653589793, 1.0
80, 38, 761, 543, 765, 540, -4, 3, 2.498091544796509, 5.0
80, 39, 102, 91, 101, 89, 1, 2, 1.1071487177940904, 2.23606797749979
80, 40, 254, 396, 255, 396, -1, 0, 3.141592653589793, 1.0
80, 41, 697, 171, 698, 170, -1, 1, 2.356194490192345, 1.4142135623730951
80, 42, 1152, 287, 1156, 290, -4, -3, -2.498091544796509, 5.0
80, 43, 1174, 69, 1174, 67, 0, 2, 1.5707963267948966, 2.0
80, 44, 747, 427, 748, 429, -1, -2, -2.0344439357957027, 2.23606797749979
80, 45, 939, 26, 940, 26, -1, 0, 3.141592653589793, 1.0
80, 46, 39, 455, 39, 455, 0, 0, 0.0, 0.0
80, 47, 91, 38, 88, 40, 3, -2, -0.5880026035475675, 3.605551275463989
80, 48, 769, 622, 771, 620, -2, 2, 2.356194490192345, 2.8284271247461903
80, 49, 663, 57, 663, 58, 0, -1, -1.5707963267948966, 1.0
80, 50, 783, 239, 784, 241, -1, -2, -2.0344439357957027, 2.23606797749979
80, 51, 1078, 509, 1076, 508, 2, 1, 0.4636476090008061, 2.23606797749979
80, 52, 822, 22, 824, 22, -2, 0, 3.141592653589793, 2.0
80, 53, 1111, 80, 1111, 80, 0, 0, 0.0, 0.0
80, 54, 690, 156, 691, 155, -1, 1, 2.356194490192345, 1.4142135623730951
80, 55, 1113, 49, 1113, 48, 0, 1, 1.5707963267948966, 1.0
80, 56, 546, 35, 547, 35, -1, 0, 3.141592653589793, 1.0
80, 57, 1148, 36, 1146, 35, 2, 1, 0.4636476090008061, 2.23606797749979
80, 58, 689, 249, 690, 248, -1, 1, 2.356194490192345, 1.4142135623730951
80, 59, 91, 46, 88, 48, 3, -2, -0.5880026035475675, 3.605551275463989
80, 60, 502, 161, 503, 165, -1, -4, -1.8157749899217608, 4.123105625617661
80, 61, 675, 596, 676, 598, -1, -2, -2.0344439357957027, 2.23606797749979
80, 62, 390, 223, 391, 222, -1, 1, 2.356194490192345, 1.4142135623730951
80, 63, 577, 57, 578, 57, -1, 0, 3.141592653589793, 1.0
80, 64, 738, 388, 739, 392, -1, -4, -1.8157749899217608, 4.123105625617661
80, 65, 120, 641, 120, 639, 0, 2, 1.5707963267948966, 2.0
80, 66, 746, 183, 746, 181, 0, 2, 1.5707963267948966, 2.0
80, 67, 514, 160, 515, 164, -1, -4, -1.8157749899217608, 4.123105625617661
80, 68, 497, 188, 498, 192, -1, -4, -1.8157749899217608, 4.123105625617661
80, 69, 620, 31, 619, 31, 1, 0, 0.0, 1.0
80, 70, 937, 109, 938, 109, -1, 0, 3.141592653589793, 1.0
80, 71, 97, 84, 94, 83, 3, 1, 0.3217505543966422, 3.1622776601683795
80, 72, 902, 45, 904, 46, -2, -1, -2.677945044588987, 2.23606797749979
80, 73, 1167, 109, 1167, 107, 0, 2, 1.5707963267948966, 2.0
80, 74, 1147, 146, 1148, 146, -1, 0, 3.141592653589793, 1.0
80, 75, 851, 31, 853, 31, -2, 0, 3.141592653589793, 2.0
80, 76, 1125, 41, 1125, 40, 0, 1, 1.5707963267948966, 1.0
80, 77, 487, 227, 488, 232, -1, -5, -1.7681918866447774, 5.0990195135927845
80, 78, 743, 17, 743, 17, 0, 0, 0.0, 0.0
80, 79, 637, 300, 637, 300, 0, 0, 0.0, 0.0
80, 80, 418, 256, 419, 255, -1, 1, 2.356194490192345, 1.4142135623730951
80, 81, 162, 27, 163, 25, -1, 2, 2.0344439357957027, 2.23606797749979
80, 82, 1261, 274, 1273, 271, -12, 3, 2.896613990462929, 12.36931687685298
80, 83, 128, 577, 131, 574, -3, 3, 2.356194490192345, 4.242640687119285
80, 84, 783, 690, 783, 698, 0, -8, -1.5707963267948966, 8.0
80, 85, 1199, 292, 1199, 292, 0, 0, 0.0, 0.0
80, 86, 481, 218, 482, 222, -1, -4, -1.8157749899217608, 4.123105625617661
80, 87, 411, 298, 411, 296, 0, 2, 1.5707963267948966, 2.0
80, 88, 766, 554, 770, 552, -4, 2, 2.677945044588987, 4.47213595499958
80, 89, 1155, 314, 1159, 317, -4, -3, -2.498091544796509, 5.0
80, 90, 10, 434, 10, 433, 0, 1, 1.5707963267948966, 1.0
80, 91, 151, 586, 154, 583, -3, 3, 2.356194490192345, 4.242640687119285
80, 92, 750, 117, 751, 114, -1, 3, 1.892546881191539, 3.1622776601683795
80, 93, 550, 104, 551, 104, -1, 0, 3.141592653589793, 1.0
80, 94, 89, 97, 88, 95, 1, 2, 1.1071487177940904, 2.23606797749979
80, 95, 110, 101, 111, 101, -1, 0, 3.141592653589793, 1.0
80, 96, 410, 289, 411, 287, -1, 2, 2.0344439357957027, 2.23606797749979
80, 97, 806, 12, 808, 14, -2, -2, -2.356194490192345, 2.8284271247461903
80, 98, 583, 114, 584, 114, -1, 0, 3.141592653589793, 1.0
80, 99, 80, 137, 81, 137, -1, 0, 3.141592653589793, 1.0
80, 100, 751, 434, 752, 436, -1, -2, -2.0344439357957027, 2.23606797749979
80, 101, 836, 12, 838, 12, -2, 0, 3.141592653589793, 2.0
80, 102, 812, 701, 812, 706, 0, -5, -1.5707963267948966, 5.0
80, 103, 423, 328, 423, 323, 0, 5, 1.5707963267948966, 5.0
80, 104, 810, 246, 811, 249, -1, -3, -1.892546881191539, 3.1622776601683795
80, 105, 841, 677, 842, 680, -1, -3, -1.892546881191539, 3.1622776601683795
80, 106, 757, 173, 757, 173, 0, 0, 0.0, 0.0
80, 107, 862, 43, 866, 45, -4, -2, -2.677945044588987, 4.47213595499958
80, 108, 698, 529, 700, 534, -2, -5, -1.9513027039072615, 5.385164807134504
80, 109, 1195, 275, 1193, 273, 2, 2, 0.7853981633974483, 2.8284271247461903
80, 110, 754, 616, 757, 614, -3, 2, 2.5535900500422257, 3.605551275463989
80, 111, 691, 600, 692, 605, -1, -5, -1.7681918866447774, 5.0990195135927845
80, 112, 1085, 580, 1084, 575, 1, 5, 1.373400766945016, 5.0990195135927845
80, 113, 616, 261, 617, 259, -1, 2, 2.0344439357957027, 2.23606797749979
80, 114, 246, 332, 247, 332, -1, 0, 3.141592653589793, 1.0
80, 115, 1142, 272, 1147, 275, -5, -3, -2.601173153319209, 5.830951894845301
80, 116, 843, 27, 845, 28, -2, -1, -2.677945044588987, 2.23606797749979
80, 117, 797, 196, 797, 200, 0, -4, -1.5707963267948966, 4.0
80, 118, 489, 318, 490, 320, -1, -2, -2.0344439357957027, 2.23606797749979
80, 119, 495, 116, 496, 116, -1, 0, 3.141592653589793, 1.0
80, 120, 1261, 286, 1263, 285, -2, 1, 2.677945044588987, 2.23606797749979
80, 121, 791, 679, 792, 687, -1, -8, -1.695151321341658, 8.06225774829855
80, 122, 711, 581, 712, 586, -1, -5, -1.7681918866447774, 5.0990195135927845
80, 123, 766, 148, 767, 146, -1, 2, 2.0344439357957027, 2.23606797749979
80, 124, 316, 21, 316, 21, 0, 0, 0.0, 0.0
80, 125, 86, 104, 86, 104, 0, 0, 0.0, 0.0
80, 126, 933, 101, 934, 101, -1, 0, 3.141592653589793, 1.0
80, 127, 418, 387, 418, 387, 0, 0, 0.0, 0.0
80, 128, 1136, 605, 1134, 607, 2, -2, -0.7853981633974483, 2.8284271247461903
80, 129, 1239, 263, 1237, 261, 2, 2, 0.7853981633974483, 2.8284271247461903
80, 130, 1105, 100, 1105, 100, 0, 0, 0.0, 0.0
80, 131, 32, 403, 30, 401, 2, 2, 0.7853981633974483, 2.8284271247461903
80, 132, 738, 146, 739, 144, -1, 2, 2.0344439357957027, 2.23606797749979
80, 133, 730, 15, 729, 14, 1, 1, 0.7853981633974483, 1.4142135623730951
80, 134, 173, 701, 170, 702, 3, -1, -0.3217505543966422, 3.1622776601683795
80, 135, 1261, 241, 1261, 239, 0, 2, 1.5707963267948966, 2.0
80, 136, 1261, 182, 1263, 182, -2, 0, 3.141592653589793, 2.0
80, 137, 925, 102, 926, 102, -1, 0, 3.141592653589793, 1.0
80, 138, 387, 252, 388, 251, -1, 1, 2.356194490192345, 1.4142135623730951
80, 139, 1113, 357, 1115, 360, -2, -3, -2.158798930342464, 3.605551275463989
80, 140, 1139, 288, 1143, 291, -4, -3, -2.498091544796509, 5.0
80, 141, 737, 592, 740, 591, -3, 1, 2.819842099193151, 3.1622776601683795
80, 142, 712, 412, 712, 416, 0, -4, -1.5707963267948966, 4.0
80, 143, 625, 65, 625, 65, 0, 0, 0.0, 0.0
80, 144, 697, 559, 699, 564, -2, -5, -1.9513027039072615, 5.385164807134504
80, 145, 241, 321, 242, 321, -1, 0, 3.141592653589793, 1.0
80, 146, 409, 379, 409, 379, 0, 0, 0.0, 0.0
80, 147, 789, 246, 790, 248, -1, -2, -2.0344439357957027, 2.23606797749979
80, 148, 1211, 254, 1209, 251, 2, 3, 0.982793723247329, 3.605551275463989
80, 149, 613, 99, 613, 99, 0, 0, 0.0, 0.0
80, 150, 1201, 148, 1201, 146, 0, 2, 1.5707963267948966, 2.0
80, 151, 812, 219, 813, 222, -1, -3, -1.892546881191539, 3.1622776601683795
80, 152, 1204, 191, 1204, 189, 0, 2, 1.5707963267948966, 2.0
80, 153, 401, 292, 402, 290, -1, 2, 2.0344439357957027, 2.23606797749979
80, 154, 302, 392, 303, 392, -1, 0, 3.141592653589793, 1.0
80, 155, 1179, 243, 1180, 243, -1, 0, 3.141592653589793, 1.0
80, 156, 163, 42, 164, 40, -1, 2, 2.0344439357957027, 2.23606797749979
80, 157, 1143, 107, 1143, 106, 0, 1, 1.5707963267948966, 1.0
80, 158, 175, 670, 175, 667, 0, 3, 1.5707963267948966, 3.0
80, 159, 1102, 654, 1102, 654, 0, 0, 0.0, 0.0
80, 160, 1131, 443, 1128, 441, 3, 2, 0.5880026035475675, 3.605551275463989
80, 161, 123, 622, 123, 620, 0, 2, 1.5707963267948966, 2.0
80, 162, 734, 21, 734, 21, 0, 0, 0.0, 0.0
80, 163, 388, 330, 389, 328, -1, 2, 2.0344439357957027, 2.23606797749979
80, 164, 1128, 73, 1127, 72, 1, 1, 0.7853981633974483, 1.4142135623730951
80, 165, 649, 14, 649, 16, 0, -2, -1.5707963267948966, 2.0
80, 166, 591, 114, 592, 114, -1, 0, 3.141592653589793, 1.0
80, 167, 791, 651, 794, 655, -3, -4, -2.214297435588181, 5.0
80, 168, 511, 244, 513, 247, -2, -3, -2.158798930342464, 3.605551275463989
80, 169, 389, 345, 390, 341, -1, 4, 1.8157749899217608, 4.123105625617661
80, 170, 397, 298, 398, 296, -1, 2, 2.0344439357957027, 2.23606797749979
80, 171, 1205, 155, 1205, 153, 0, 2, 1.5707963267948966, 2.0
80, 172, 627, 112, 627, 112, 0, 0, 0.0, 0.0
80, 173, 831, 699, 832, 703, -1, -4, -1.8157749899217608, 4.123105625617661
80, 174, 182, 36, 183, 36, -1, 0, 3.141592653589793, 1.0
80, 175, 712, 574, 713, 578, -1, -4, -1.8157749899217608, 4.123105625617661
80, 176, 1172, 194, 1173, 191, -1, 3, 1.892546881191539, 3.1622776601683795
80, 177, 1137, 79, 1136, 78, 1, 1, 0.7853981633974483, 1.4142135623730951
80, 178, 846, 48, 847, 48, -1, 0, 3.141592653589793, 1.0
80, 179, 675, 223, 676, 222, -1, 1, 2.356194490192345, 1.4142135623730951
80, 180, 500, 82, 500, 84, 0, -2, -1.5707963267948966, 2.0
80, 181, 694, 544, 695, 549, -1, -5, -1.7681918866447774, 5.0990195135927845
80, 182, 1114, 547, 1113, 544, 1, 3, 1.2490457723982544, 3.1622776601683795
80, 183, 1203, 260, 1201, 257, 2, 3, 0.982793723247329, 3.605551275463989
80, 184, 885, 9, 887, 10, -2, -1, -2.677945044588987, 2.23606797749979
80, 185, 766, 135, 767, 132, -1, 3, 1.892546881191539, 3.1622776601683795
80, 186, 827, 36, 829, 37, -2, -1, -2.677945044588987, 2.23606797749979
80, 187, 1079, 483, 1078, 481, 1, 2, 1.1071487177940904, 2.23606797749979
80, 188, 899, 67, 900, 67, -1, 0, 3.141592653589793, 1.0
80, 189, 1148, 82, 1147, 81, 1, 1, 0.7853981633974483, 1.4142135623730951
80, 190, 1223, 315, 1223, 313, 0, 2, 1.5707963267948966, 2.0
80, 191, 540, 110, 541, 110, -1, 0, 3.141592653589793, 1.0
80, 192, 1131, 432, 1128, 429, 3, 3, 0.7853981633974483, 4.242640687119285
80, 193, 1175, 76, 1175, 74, 0, 2, 1.5707963267948966, 2.0
80, 194, 742, 132, 743, 129, -1, 3, 1.892546881191539, 3.1622776601683795
80, 195, 1159, 154, 1160, 152, -1, 2, 2.0344439357957027, 2.23606797749979
80, 196, 112, 650, 112, 648, 0, 2, 1.5707963267948966, 2.0
80, 197, 694, 202, 695, 201, -1, 1, 2.356194490192345, 1.4142135623730951
80, 198, 101, 568, 105, 566, -4, 2, 2.677945044588987, 4.47213595499958
80, 199, 1174, 98, 1174, 96, 0, 2, 1.5707963267948966, 2.0
80, 200, 649, 269, 650, 266, -1, 3, 1.892546881191539, 3.1622776601683795
80, 201, 740, 610, 744, 608, -4, 2, 2.677945044588987, 4.47213595499958
80, 202, 501, 168, 502, 172, -1, -4, -1.8157749899217608, 4.123105625617661
80, 203, 119, 512, 122, 509, -3, 3, 2.356194490192345, 4.242640687119285
80, 204, 1148, 566, 1146, 562, 2, 4, 1.1071487177940904, 4.47213595499958
80, 205, 832, 20, 834, 20, -2, 0, 3.141592653589793, 2.0
80, 206, 104, 505, 107, 502, -3, 3, 2.356194490192345, 4.242640687119285
80, 207, 1149, 272, 1154, 275, -5, -3, -2.601173153319209, 5.830951894845301
80, 208, 20, 419, 18, 416, 2, 3, 0.982793723247329, 3.605551275463989
80, 209, 939, 39, 940, 39, -1, 0, 3.141592653589793, 1.0
80, 210, 380, 314, 381, 312, -1, 2, 2.0344439357957027, 2.23606797749979
80, 211, 715, 421, 716, 425, -1, -4, -1.8157749899217608, 4.123105625617661
81, 0, 834, 27, 836, 28, -2, -1, -2.677945044588987, 2.23606797749979
81, 1, 1106, 344, 1108, 344, -2, 0, 3.141592653589793, 2.0
81, 2, 781, 17, 783, 19, -2, -2, -2.356194490192345, 2.8284271247461903
81, 3, 484, 675, 483, 679, 1, -4, -1.3258176636680326, 4.123105625617661
81, 4, 146, 565, 149, 563, -3, 2, 2.5535900500422257, 3.605551275463989
81, 5, 1128, 336, 1132, 339, -4, -3, -2.498091544796509, 5.0
81, 6, 684, 545, 685, 550, -1, -5, -1.7681918866447774, 5.0990195135927845
81, 7, 809, 24, 811, 25, -2, -1, -2.677945044588987, 2.23606797749979
81, 8, 1231, 224, 1229, 222, 2, 2, 0.7853981633974483, 2.8284271247461903
81, 9, 1102, 490, 1100, 489, 2, 1, 0.4636476090008061, 2.23606797749979
81, 10, 183, 17, 184, 17, -1, 0, 3.141592653589793, 1.0
81, 11, 465, 674, 465, 678, 0, -4, -1.5707963267948966, 4.0
81, 12, 172, 679, 172, 677, 0, 2, 1.5707963267948966, 2.0
81, 13, 1121, 317, 1125, 319, -4, -2, -2.677945044588987, 4.47213595499958
81, 14, 98, 517, 101, 514, -3, 3, 2.356194490192345, 4.242640687119285
81, 15, 822, 634, 822, 640, 0, -6, -1.5707963267948966, 6.0
81, 16, 522, 181, 523, 185, -1, -4, -1.8157749899217608, 4.123105625617661
81, 17, 307, 335, 308, 335, -1, 0, 3.141592653589793, 1.0
81, 18, 808, 638, 807, 642, 1, -4, -1.3258176636680326, 4.123105625617661
81, 19, 1094, 442, 1093, 439, 1, 3, 1.2490457723982544, 3.1622776601683795
81, 20, 706, 403, 706, 407, 0, -4, -1.5707963267948966, 4.0
81, 21, 1254, 156, 1255, 155, -1, 1, 2.356194490192345, 1.4142135623730951
81, 22, 701, 544, 703, 549, -2, -5, -1.9513027039072615, 5.385164807134504
81, 23, 483, 50, 483, 53, 0, -3, -1.5707963267948966, 3.0
81, 24, 471, 227, 472, 230, -1, -3, -1.892546881191539, 3.1622776601683795
81, 25, 754, 114, 755, 111, -1, 3, 1.892546881191539, 3.1622776601683795
81, 26, 647, 23, 647, 24, 0, -1, -1.5707963267948966, 1.0
81, 27, 1085, 474, 1083, 473, 2, 1, 0.4636476090008061, 2.23606797749979
81, 28, 1113, 633, 1111, 630, 2, 3, 0.982793723247329, 3.605551275463989
81, 29, 503, 147, 504, 151, -1, -4, -1.8157749899217608, 4.123105625617661
81, 30, 760, 121, 761, 118, -1, 3, 1.892546881191539, 3.1622776601683795
81, 31, 432, 338, 432, 334, 0, 4, 1.5707963267948966, 4.0
81, 32, 493, 51, 493, 54, 0, -3, -1.5707963267948966, 3.0
81, 33, 485, 42, 485, 45, 0, -3, -1.5707963267948966, 3.0
81, 34, 742, 554, 746, 551, -4, 3, 2.498091544796509, 5.0
81, 35, 628, 225, 630, 222, -2, 3, 2.158798930342464, 3.605551275463989
81, 36, 584, 106, 585, 106, -1, 0, 3.141592653589793, 1.0
81, 37, 757, 546, 761, 543, -4, 3, 2.498091544796509, 5.0
81, 38, 103, 92, 102, 91, 1, 1, 0.7853981633974483, 1.4142135623730951
81, 39, 696, 172, 697, 171, -1, 1, 2.356194490192345, 1.4142135623730951
81, 40, 1148, 284, 1152, 287, -4, -3, -2.498091544796509, 5.0
81, 41, 1174, 71, 1174, 69, 0, 2, 1.5707963267948966, 2.0
81, 42, 746, 424, 747, 427, -1, -3, -1.892546881191539, 3.1622776601683795
81, 43, 938, 26, 939, 26, -1, 0, 3.141592653589793, 1.0
81, 44, 38, 455, 39, 455, -1, 0, 3.141592653589793, 1.0
81, 45, 94, 37, 91, 38, 3, -1, -0.3217505543966422, 3.1622776601683795
81, 46, 767, 624, 769, 622, -2, 2, 2.356194490192345, 2.8284271247461903
81, 47, 663, 56, 663, 57, 0, -1, -1.5707963267948966, 1.0
81, 48, 783, 236, 783, 239, 0, -3, -1.5707963267948966, 3.0
81, 49, 1081, 512, 1078, 509, 3, 3, 0.7853981633974483, 4.242640687119285
81, 50, 820, 21, 822, 22, -2, -1, -2.677945044588987, 2.23606797749979
81, 51, 1111, 80, 1111, 80, 0, 0, 0.0, 0.0
81, 52, 689, 157, 690, 156, -1, 1, 2.356194490192345, 1.4142135623730951
81, 53, 1113, 50, 1113, 49, 0, 1, 1.5707963267948966, 1.0
81, 54, 545, 35, 546, 35, -1, 0, 3.141592653589793, 1.0
81, 55, 1150, 37, 1148, 36, 2, 1, 0.4636476090008061, 2.23606797749979
81, 56, 688, 250, 689, 249, -1, 1, 2.356194490192345, 1.4142135623730951
81, 57, 94, 44, 91, 46, 3, -2, -0.5880026035475675, 3.605551275463989
81, 58, 501, 157, 502, 161, -1, -4, -1.8157749899217608, 4.123105625617661
81, 59, 674, 593, 675, 596, -1, -3, -1.892546881191539, 3.1622776601683795
81, 60, 389, 224, 390, 223, -1, 1, 2.356194490192345, 1.4142135623730951
81, 61, 576, 57, 577, 57, -1, 0, 3.141592653589793, 1.0
81, 62, 738, 383, 738, 388, 0, -5, -1.5707963267948966, 5.0
81, 63, 120, 643, 120, 641, 0, 2, 1.5707963267948966, 2.0
81, 64, 747, 185, 746, 183, 1, 2, 1.1071487177940904, 2.23606797749979
81, 65, 513, 156, 514, 160, -1, -4, -1.8157749899217608, 4.123105625617661
81, 66, 496, 184, 497, 188, -1, -4, -1.8157749899217608, 4.123105625617661
81, 67, 620, 31, 620, 31, 0, 0, 0.0, 0.0
81, 68, 936, 109, 937, 109, -1, 0, 3.141592653589793, 1.0
81, 69, 99, 85, 97, 84, 2, 1, 0.4636476090008061, 2.23606797749979
81, 70, 900, 44, 902, 45, -2, -1, -2.677945044588987, 2.23606797749979
81, 71, 1167, 111, 1167, 109, 0, 2, 1.5707963267948966, 2.0
81, 72, 1146, 146, 1147, 146, -1, 0, 3.141592653589793, 1.0
81, 73, 849, 31, 851, 31, -2, 0, 3.141592653589793, 2.0
81, 74, 1125, 42, 1125, 41, 0, 1, 1.5707963267948966, 1.0
81, 75, 486, 223, 487, 227, -1, -4, -1.8157749899217608, 4.123105625617661
81, 76, 744, 17, 743, 17, 1, 0, 0.0, 1.0
81, 77, 637, 300, 637, 300, 0, 0, 0.0, 0.0
81, 78, 417, 257, 418, 256, -1, 1, 2.356194490192345, 1.4142135623730951
81, 79, 161, 28, 162, 27, -1, 1, 2.356194490192345, 1.4142135623730951
81, 80, 1261, 273, 1261, 274, 0, -1, -1.5707963267948966, 1.0
81, 81, 126, 581, 128, 577, -2, 4, 2.0344439357957027, 4.47213595499958
81, 82, 782, 685, 783, 690, -1, -5, -1.7681918866447774, 5.0990195135927845
81, 83, 1200, 292, 1199, 292, 1, 0, 0.0, 1.0
81, 84, 480, 215, 481, 218, -1, -3, -1.892546881191539, 3.1622776601683795
81, 85, 410, 300, 411, 298, -1, 2, 2.0344439357957027, 2.23606797749979
81, 86, 762, 556, 766, 554, -4, 2, 2.677945044588987, 4.47213595499958
81, 87, 1151, 310, 1155, 314, -4, -4, -2.356194490192345, 5.656854249492381
81, 88, 10, 434, 10, 434, 0, 0, 0.0, 0.0
81, 89, 148, 590, 151, 586, -3, 4, 2.214297435588181, 5.0
81, 90, 749, 120, 750, 117, -1, 3, 1.892546881191539, 3.1622776601683795
81, 91, 549, 104, 550, 104, -1, 0, 3.141592653589793, 1.0
81, 92, 90, 98, 89, 97, 1, 1, 0.7853981633974483, 1.4142135623730951
81, 93, 110, 101, 110, 101, 0, 0, 0.0, 0.0
81, 94, 409, 292, 410, 289, -1, 3, 1.892546881191539, 3.1622776601683795
81, 95, 804, 10, 806, 12, -2, -2, -2.356194490192345, 2.8284271247461903
81, 96, 750, 431, 751, 434, -1, -3, -1.892546881191539, 3.1622776601683795
81, 97, 834, 11, 836, 12, -2, -1, -2.677945044588987, 2.23606797749979
81, 98, 812, 696, 812, 701, 0, -5, -1.5707963267948966, 5.0
81, 99, 423, 333, 423, 328, 0, 5, 1.5707963267948966, 5.0
81, 100, 809, 243, 810, 246, -1, -3, -1.892546881191539, 3.1622776601683795
81, 101, 840, 674, 841, 677, -1, -3, -1.892546881191539, 3.1622776601683795
81, 102, 757, 173, 757, 173, 0, 0, 0.0, 0.0
81, 103, 859, 42, 862, 43, -3, -1, -2.819842099193151, 3.1622776601683795
81, 104, 697, 524, 698, 529, -1, -5, -1.7681918866447774, 5.0990195135927845
81, 105, 1197, 277, 1195, 275, 2, 2, 0.7853981633974483, 2.8284271247461903
81, 106, 751, 619, 754, 616, -3, 3, 2.356194490192345, 4.242640687119285
81, 107, 690, 595, 691, 600, -1, -5, -1.7681918866447774, 5.0990195135927845
81, 108, 1087, 585, 1085, 580, 2, 5, 1.1902899496825317, 5.385164807134504
81, 109, 615, 264, 616, 261, -1, 3, 1.892546881191539, 3.1622776601683795
81, 110, 245, 332, 246, 332, -1, 0, 3.141592653589793, 1.0
81, 111, 1137, 269, 1142, 272, -5, -3, -2.601173153319209, 5.830951894845301
81, 112, 841, 26, 843, 27, -2, -1, -2.677945044588987, 2.23606797749979
81, 113, 797, 193, 797, 196, 0, -3, -1.5707963267948966, 3.0
81, 114, 488, 316, 489, 318, -1, -2, -2.0344439357957027, 2.23606797749979
81, 115, 1260, 287, 1261, 286, -1, 1, 2.356194490192345, 1.4142135623730951
81, 116, 790, 673, 791, 679, -1, -6, -1.7359450042095235, 6.082762530298219
81, 117, 710, 578, 711, 581, -1, -3, -1.892546881191539, 3.1622776601683795
81, 118, 765, 150, 766, 148, -1, 2, 2.0344439357957027, 2.23606797749979
81, 119, 316, 21, 316, 21, 0, 0, 0.0, 0.0
81, 120, 86, 104, 86, 104, 0, 0, 0.0, 0.0
81, 121, 932, 101, 933, 101, -1, 0, 3.141592653589793, 1.0
81, 122, 418, 387, 418, 387, 0, 0, 0.0, 0.0
81, 123, 1139, 601, 1136, 605, 3, -4, -0.9272952180016122, 5.0
81, 124, 1241, 265, 1239, 263, 2, 2, 0.7853981633974483, 2.8284271247461903
81, 125, 1105, 99, 1105, 100, 0, -1, -1.5707963267948966, 1.0
81, 126, 33, 403, 32, 403, 1, 0, 0.0, 1.0
81, 127, 737, 148, 738, 146, -1, 2, 2.0344439357957027, 2.23606797749979
81, 128, 731, 14, 730, 15, 1, -1, -0.7853981633974483, 1.4142135623730951
81, 129, 175, 701, 173, 701, 2, 0, 0.0, 2.0
81, 130, 1261, 243, 1261, 241, 0, 2, 1.5707963267948966, 2.0
81, 131, 1260, 182, 1261, 182, -1, 0, 3.141592653589793, 1.0
81, 132, 924, 102, 925, 102, -1, 0, 3.141592653589793, 1.0
81, 133, 386, 253, 387, 252, -1, 1, 2.356194490192345, 1.4142135623730951
81, 134, 1134, 285, 1139, 288, -5, -3, -2.601173153319209, 5.830951894845301
81, 135, 734, 593, 737, 592, -3, 1, 2.819842099193151, 3.1622776601683795
81, 136, 712, 408, 712, 412, 0, -4, -1.5707963267948966, 4.0
81, 137, 625, 65, 625, 65, 0, 0, 0.0, 0.0
81, 138, 695, 554, 697, 559, -2, -5, -1.9513027039072615, 5.385164807134504
81, 139, 240, 321, 241, 321, -1, 0, 3.141592653589793, 1.0
81, 140, 409, 379, 409, 379, 0, 0, 0.0, 0.0
81, 141, 789, 244, 789, 246, 0, -2, -1.5707963267948966, 2.0
81, 142, 1213, 257, 1211, 254, 2, 3, 0.982793723247329, 3.605551275463989
81, 143, 613, 98, 613, 99, 0, -1, -1.5707963267948966, 1.0
81, 144, 1201, 149, 1201, 148, 0, 1, 1.5707963267948966, 1.0
81, 145, 811, 217, 812, 219, -1, -2, -2.0344439357957027, 2.23606797749979
81, 146, 1205, 192, 1204, 191, 1, 1, 0.7853981633974483, 1.4142135623730951
81, 147, 400, 294, 401, 292, -1, 2, 2.0344439357957027, 2.23606797749979
81, 148, 301, 392, 302, 392, -1, 0, 3.141592653589793, 1.0
81, 149, 1178, 243, 1179, 243, -1, 0, 3.141592653589793, 1.0
81, 150, 162, 43, 163, 42, -1, 1, 2.356194490192345, 1.4142135623730951
81, 151, 1143, 108, 1143, 107, 0, 1, 1.5707963267948966, 1.0
81, 152, 175, 673, 175, 670, 0, 3, 1.5707963267948966, 3.0
81, 153, 1103, 656, 1102, 654, 1, 2, 1.1071487177940904, 2.23606797749979
81, 154, 1134, 445, 1131, 443, 3, 2, 0.5880026035475675, 3.605551275463989
81, 155, 123, 623, 123, 622, 0, 1, 1.5707963267948966, 1.0
81, 156, 735, 21, 734, 21, 1, 0, 0.0, 1.0
81, 157, 387, 332, 388, 330, -1, 2, 2.0344439357957027, 2.23606797749979
81, 158, 1129, 74, 1128, 73, 1, 1, 0.7853981633974483, 1.4142135623730951
81, 159, 649, 13, 649, 14, 0, -1, -1.5707963267948966, 1.0
81, 160, 788, 647, 791, 651, -3, -4, -2.214297435588181, 5.0
81, 161, 510, 242, 511, 244, -1, -2, -2.0344439357957027, 2.23606797749979
81, 162, 388, 349, 389, 345, -1, 4, 1.8157749899217608, 4.123105625617661
81, 163, 396, 300, 397, 298, -1, 2, 2.0344439357957027, 2.23606797749979
81, 164, 1205, 156, 1205, 155, 0, 1, 1.5707963267948966, 1.0
81, 165, 627, 112, 627, 112, 0, 0, 0.0, 0.0
81, 166, 829, 696, 831, 699, -2, -3, -2.158798930342464, 3.605551275463989
81, 167, 181, 36, 182, 36, -1, 0, 3.141592653589793, 1.0
81, 168, 711, 570, 712, 574, -1, -4, -1.8157749899217608, 4.123105625617661
81, 169, 1171, 197, 1172, 194, -1, 3, 1.892546881191539, 3.1622776601683795
81, 170, 1138, 80, 1137, 79, 1, 1, 0.7853981633974483, 1.4142135623730951
81, 171, 845, 48, 846, 48, -1, 0, 3.141592653589793, 1.0
81, 172, 673, 224, 675, 223, -2, 1, 2.677945044588987, 2.23606797749979
81, 173, 500, 79, 500, 82, 0, -3, -1.5707963267948966, 3.0
81, 174, 692, 539, 694, 544, -2, -5, -1.9513027039072615, 5.385164807134504
81, 175, 1115, 549, 1114, 547, 1, 2, 1.1071487177940904, 2.23606797749979
81, 176, 1205, 262, 1203, 260, 2, 2, 0.7853981633974483, 2.8284271247461903
81, 177, 765, 138, 766, 135, -1, 3, 1.892546881191539, 3.1622776601683795
81, 178, 825, 35, 827, 36, -2, -1, -2.677945044588987, 2.23606797749979
81, 179, 1081, 485, 1079, 483, 2, 2, 0.7853981633974483, 2.8284271247461903
81, 180, 898, 67, 899, 67, -1, 0, 3.141592653589793, 1.0
81, 181, 1149, 83, 1148, 82, 1, 1, 0.7853981633974483, 1.4142135623730951
81, 182, 1222, 315, 1223, 315, -1, 0, 3.141592653589793, 1.0
81, 183, 539, 110, 540, 110, -1, 0, 3.141592653589793, 1.0
81, 184, 1134, 435, 1131, 432, 3, 3, 0.7853981633974483, 4.242640687119285
81, 185, 1175, 78, 1175, 76, 0, 2, 1.5707963267948966, 2.0
81, 186, 742, 134, 742, 132, 0, 2, 1.5707963267948966, 2.0
81, 187, 1158, 156, 1159, 154, -1, 2, 2.0344439357957027, 2.23606797749979
81, 188, 112, 652, 112, 650, 0, 2, 1.5707963267948966, 2.0
81, 189, 693, 203, 694, 202, -1, 1, 2.356194490192345, 1.4142135623730951
81, 190, 97, 570, 101, 568, -4, 2, 2.677945044588987, 4.47213595499958
81, 191, 1174, 100, 1174, 98, 0, 2, 1.5707963267948966, 2.0
81, 192, 648, 272, 649, 269, -1, 3, 1.892546881191539, 3.1622776601683795
81, 193, 736, 612, 740, 610, -4, 2, 2.677945044588987, 4.47213595499958
81, 194, 500, 164, 501, 168, -1, -4, -1.8157749899217608, 4.123105625617661
81, 195, 116, 515, 119, 512, -3, 3, 2.356194490192345, 4.242640687119285
81, 196, 1150, 570, 1148, 566, 2, 4, 1.1071487177940904, 4.47213595499958
81, 197, 830, 19, 832, 20, -2, -1, -2.677945044588987, 2.23606797749979
81, 198, 101, 508, 104, 505, -3, 3, 2.356194490192345, 4.242640687119285
81, 199, 1144, 269, 1149, 272, -5, -3, -2.601173153319209, 5.830951894845301
81, 200, 21, 421, 20, 419, 1, 2, 1.1071487177940904, 2.23606797749979
81, 201, 938, 39, 939, 39, -1, 0, 3.141592653589793, 1.0
81, 202, 379, 316, 380, 314, -1, 2, 2.0344439357957027, 2.23606797749979
81, 203, 714, 417, 715, 421, -1, -4, -1.8157749899217608, 4.123105625617661
82, 0, 780, 16, 783, 19, -3, -3, -2.356194490192345, 4.242640687119285
82, 1, 146, 569, 149, 567, -3, 2, 2.5535900500422257, 3.605551275463989
82, 2, 1128, 338, 1132, 340, -4, -2, -2.677945044588987, 4.47213595499958
82, 3, 785, 54, 786, 56, -1, -2, -2.0344439357957027, 2.23606797749979
82, 4, 808, 633, 808, 637, 0, -4, -1.5707963267948966, 4.0
82, 5, 260, 351, 261, 351, -1, 0, 3.141592653589793, 1.0
82, 6, 815, 694, 815, 699, 0, -5, -1.5707963267948966, 5.0
82, 7, 182, 18, 184, 17, -2, 1, 2.677945044588987, 2.23606797749979
82, 8, 252, 346, 253, 346, -1, 0, 3.141592653589793, 1.0
82, 9, 522, 182, 523, 185, -1, -3, -1.892546881191539, 3.1622776601683795
82, 10, 838, 28, 841, 29, -3, -1, -2.819842099193151, 3.1622776601683795
82, 11, 1149, 284, 1152, 287, -3, -3, -2.356194490192345, 4.242640687119285
82, 12, 1136, 604, 1135, 605, 1, -1, -0.7853981633974483, 1.4142135623730951
82, 13, 266, 346, 267, 346, -1, 0, 3.141592653589793, 1.0
82, 14, 684, 547, 685, 551, -1, -4, -1.8157749899217608, 4.123105625617661
82, 15, 830, 28, 834, 29, -4, -1, -2.896613990462929, 4.123105625617661
82, 16, 1233, 224, 1230, 222, 3, 2, 0.5880026035475675, 3.605551275463989
82, 17, 1255, 157, 1256, 156, -1, 1, 2.356194490192345, 1.4142135623730951
82, 18, 484, 673, 483, 676, 1, -3, -1.2490457723982544, 3.1622776601683795
82, 19, 465, 672, 466, 675, -1, -3, -1.892546881191539, 3.1622776601683795
82, 20, 903, 29, 905, 30, -2, -1, -2.677945044588987, 2.23606797749979
82, 21, 1085, 476, 1085, 478, 0, -2, -1.5707963267948966, 2.0
82, 22, 786, 676, 785, 676, 1, 0, 0.0, 1.0
82, 23, 649, 23, 648, 24, 1, -1, -0.7853981633974483, 1.4142135623730951
82, 24, 741, 555, 744, 554, -3, 1, 2.819842099193151, 3.1622776601683795
82, 25, 701, 545, 704, 549, -3, -4, -2.214297435588181, 5.0
82, 26, 485, 49, 484, 54, 1, -5, -1.373400766945016, 5.0990195135927845
82, 27, 99, 519, 101, 517, -2, 2, 2.356194490192345, 2.8284271247461903
82, 28, 1121, 316, 1125, 318, -4, -2, -2.677945044588987, 4.47213595499958
82, 29, 1106, 347, 1109, 348, -3, -1, -2.819842099193151, 3.1622776601683795
82, 30, 495, 50, 494, 55, 1, -5, -1.373400766945016, 5.0990195135927845
82, 31, 487, 40, 486, 45, 1, -5, -1.373400766945016, 5.0990195135927845
82, 32, 502, 146, 505, 151, -3, -5, -2.1112158270654806, 5.830951894845301
82, 33, 754, 115, 755, 111, -1, 4, 1.8157749899217608, 4.123105625617661
82, 34, 472, 227, 473, 231, -1, -4, -1.8157749899217608, 4.123105625617661
82, 35, 706, 403, 706, 407, 0, -4, -1.5707963267948966, 4.0
82, 36, 851, 33, 853, 33, -2, 0, 3.141592653589793, 2.0
82, 37, 760, 122, 762, 118, -2, 4, 2.0344439357957027, 4.47213595499958
82, 38, 823, 632, 823, 637, 0, -5, -1.5707963267948966, 5.0
82, 39, 908, 39, 910, 40, -2, -1, -2.677945044588987, 2.23606797749979
82, 40, 584, 106, 585, 106, -1, 0, 3.141592653589793, 1.0
82, 41, 431, 340, 432, 336, -1, 4, 1.8157749899217608, 4.123105625617661
82, 42, 745, 424, 747, 427, -2, -3, -2.158798930342464, 3.605551275463989
82, 43, 1175, 73, 1175, 69, 0, 4, 1.5707963267948966, 4.0
82, 44, 103, 92, 103, 92, 0, 0, 0.0, 0.0
82, 45, 1115, 50, 1114, 49, 1, 1, 0.7853981633974483, 1.4142135623730951
82, 46, 808, 22, 810, 24, -2, -2, -2.356194490192345, 2.8284271247461903
82, 47, 819, 22, 823, 22, -4, 0, 3.141592653589793, 4.0
82, 48, 1115, 82, 1112, 81, 3, 1, 0.3217505543966422, 3.1622776601683795
82, 49, 546, 35, 547, 35, -1, 0, 3.141592653589793, 1.0
82, 50, 38, 455, 39, 455, -1, 0, 3.141592653589793, 1.0
82, 51, 939, 26, 940, 26, -1, 0, 3.141592653589793, 1.0
82, 52, 809, 242, 810, 246, -1, -4, -1.8157749899217608, 4.123105625617661
82, 53, 690, 160, 691, 156, -1, 4, 1.8157749899217608, 4.123105625617661
82, 54, 496, 184, 498, 189, -2, -5, -1.9513027039072615, 5.385164807134504
82, 55, 95, 92, 95, 93, 0, -1, -1.5707963267948966, 1.0
82, 56, 1152, 37, 1148, 36, 4, 1, 0.24497866312686414, 4.123105625617661
82, 57, 804, 9, 807, 13, -3, -4, -2.214297435588181, 5.0
82, 58, 723, 483, 725, 489, -2, -6, -1.892546881191539, 6.324555320336759
82, 59, 95, 38, 91, 39, 4, -1, -0.24497866312686414, 4.123105625617661
82, 60, 486, 224, 487, 229, -1, -5, -1.7681918866447774, 5.0990195135927845
82, 61, 318, 399, 319, 399, -1, 0, 3.141592653589793, 1.0
82, 62, 627, 225, 630, 221, -3, 4, 2.214297435588181, 5.0
82, 63, 784, 235, 784, 238, 0, -3, -1.5707963267948966, 3.0
82, 64, 94, 48, 91, 48, 3, 0, 0.0, 3.0
82, 65, 64, 78, 64, 79, 0, -1, -1.5707963267948966, 1.0
82, 66, 697, 175, 698, 171, -1, 4, 1.8157749899217608, 4.123105625617661
82, 67, 1127, 42, 1126, 41, 1, 1, 0.7853981633974483, 1.4142135623730951
82, 68, 500, 158, 502, 162, -2, -4, -2.0344439357957027, 4.47213595499958
82, 69, 486, 125, 488, 129, -2, -4, -2.0344439357957027, 4.47213595499958
82, 70, 673, 226, 675, 223, -2, 3, 2.158798930342464, 3.605551275463989
82, 71, 813, 217, 814, 220, -1, -3, -1.892546881191539, 3.1622776601683795
82, 72, 740, 383, 740, 388, 0, -5, -1.5707963267948966, 5.0
82, 73, 692, 643, 693, 647, -1, -4, -1.8157749899217608, 4.123105625617661
82, 74, 121, 645, 120, 641, 1, 4, 1.3258176636680326, 4.123105625617661
82, 75, 1147, 146, 1148, 146, -1, 0, 3.141592653589793, 1.0
82, 76, 756, 548, 760, 545, -4, 3, 2.498091544796509, 5.0
82, 77, 1102, 498, 1103, 495, -1, 3, 1.892546881191539, 3.1622776601683795
82, 78, 248, 413, 249, 413, -1, 0, 3.141592653589793, 1.0
82, 79, 410, 294, 412, 294, -2, 0, 3.141592653589793, 2.0
82, 80, 1179, 243, 1180, 243, -1, 0, 3.141592653589793, 1.0
82, 81, 937, 108, 938, 108, -1, 0, 3.141592653589793, 1.0
82, 82, 1167, 114, 1167, 110, 0, 4, 1.5707963267948966, 4.0
82, 83, 673, 592, 674, 596, -1, -4, -1.8157749899217608, 4.123105625617661
82, 84, 691, 596, 691, 600, 0, -4, -1.5707963267948966, 4.0
82, 85, 636, 300, 637, 300, -1, 0, 3.141592653589793, 1.0
82, 86, 750, 433, 752, 435, -2, -2, -2.356194490192345, 2.8284271247461903
82, 87, 690, 248, 690, 247, 0, 1, 1.5707963267948966, 1.0
82, 88, 418, 258, 419, 256, -1, 2, 2.0344439357957027, 2.23606797749979
82, 89, 612, 263, 614, 261, -2, 2, 2.356194490192345, 2.8284271247461903
82, 90, 1077, 511, 1077, 511, 0, 0, 0.0, 0.0
82, 91, 1151, 310, 1155, 314, -4, -4, -2.356194490192345, 5.656854249492381
82, 92, 1106, 630, 1107, 628, -1, 2, 2.0344439357957027, 2.23606797749979
82, 93, 1113, 552, 1113, 550, 0, 2, 1.5707963267948966, 2.0
82, 94, 1086, 585, 1085, 581, 1, 4, 1.3258176636680326, 4.123105625617661
82, 95, 512, 156, 514, 161, -2, -5, -1.9513027039072615, 5.385164807134504
82, 96, 1083, 493, 1083, 492, 0, 1, 1.5707963267948966, 1.0
82, 97, 162, 29, 163, 27, -1, 2, 2.0344439357957027, 2.23606797749979
82, 98, 665, 50, 665, 53, 0, -3, -1.5707963267948966, 3.0
82, 99, 1200, 283, 1197, 282, 3, 1, 0.3217505543966422, 3.1622776601683795
82, 100, 480, 213, 481, 218, -1, -5, -1.7681918866447774, 5.0990195135927845
82, 101, 749, 121, 750, 117, -1, 4, 1.8157749899217608, 4.123105625617661
82, 102, 550, 104, 551, 104, -1, 0, 3.141592653589793, 1.0
82, 103, 697, 525, 699, 530, -2, -5, -1.9513027039072615, 5.385164807134504
82, 104, 1240, 266, 1239, 263, 1, 3, 1.2490457723982544, 3.1622776601683795
82, 105, 620, 33, 619, 33, 1, 0, 0.0, 1.0
82, 106, 172, 682, 172, 678, 0, 4, 1.5707963267948966, 4.0
82, 107, 100, 82, 99, 84, 1, -2, -1.1071487177940904, 2.23606797749979
82, 108, 841, 20, 844, 21, -3, -1, -2.819842099193151, 3.1622776601683795
82, 109, 833, 12, 837, 12, -4, 0, 3.141592653589793, 4.0
82, 110, 389, 226, 390, 223, -1, 3, 1.892546881191539, 3.1622776601683795
82, 111, 35, 402, 34, 402, 1, 0, 0.0, 1.0
82, 112, 797, 193, 797, 197, 0, -4, -1.5707963267948966, 4.0
82, 113, 1099, 444, 1098, 441, 1, 3, 1.2490457723982544, 3.1622776601683795
82, 114, 752, 621, 753, 619, -1, 2, 2.0344439357957027, 2.23606797749979
82, 115, 489, 318, 490, 320, -1, -2, -2.0344439357957027, 2.23606797749979
82, 116, 18, 441, 17, 444, 1, -3, -1.2490457723982544, 3.1622776601683795
82, 117, 656, 59, 657, 61, -1, -2, -2.0344439357957027, 2.23606797749979
82, 118, 743, 140, 743, 135, 0, 5, 1.5707963267948966, 5.0
82, 119, 246, 332, 247, 332, -1, 0, 3.141592653589793, 1.0
82, 120, 1133, 370, 1136, 372, -3, -2, -2.5535900500422257, 3.605551275463989
82, 121, 1221, 315, 1222, 315, -1, 0, 3.141592653589793, 1.0
82, 122, 679, 249, 680, 247, -1, 2, 2.0344439357957027, 2.23606797749979
82, 123, 1261, 289, 1273, 288, -12, 1, 3.058451421701352, 12.041594578792296
82, 124, 1206, 195, 1205, 192, 1, 3, 1.2490457723982544, 3.1622776601683795
82, 125, 761, 558, 764, 556, -3, 2, 2.5535900500422257, 3.605551275463989
82, 126, 1261, 182, 1263, 182, -2, 0, 3.141592653589793, 2.0
82, 127, 1214, 256, 1211, 254, 3, 2, 0.5880026035475675, 3.605551275463989
82, 128, 841, 668, 843, 671, -2, -3, -2.158798930342464, 3.605551275463989
82, 129, 409, 379, 409, 379, 0, 0, 0.0, 0.0
82, 130, 147, 592, 151, 591, -4, 1, 2.896613990462929, 4.123105625617661
82, 131, 1138, 380, 1140, 384, -2, -4, -2.0344439357957027, 4.47213595499958
82, 132, 1107, 100, 1107, 100, 0, 0, 0.0, 0.0
82, 133, 933, 101, 934, 101, -1, 0, 3.141592653589793, 1.0
82, 134, 882, 9, 885, 10, -3, -1, -2.819842099193151, 3.1622776601683795
82, 135, 614, 101, 613, 99, 1, 2, 1.1071487177940904, 2.23606797749979
82, 136, 799, 77, 800, 79, -1, -2, -2.0344439357957027, 2.23606797749979
82, 137, 766, 153, 767, 149, -1, 4, 1.8157749899217608, 4.123105625617661
82, 138, 766, 621, 767, 620, -1, 1, 2.356194490192345, 1.4142135623730951
82, 139, 901, 45, 903, 46, -2, -1, -2.677945044588987, 2.23606797749979
82, 140, 417, 387, 417, 387, 0, 0, 0.0, 0.0
82, 141, 1202, 295, 1199, 293, 3, 2, 0.5880026035475675, 3.605551275463989
82, 142, 1261, 195, 1265, 195, -4, 0, 3.141592653589793, 4.0
82, 143, 712, 408, 712, 412, 0, -4, -1.5707963267948966, 4.0
82, 144, 806, 48, 808, 50, -2, -2, -2.356194490192345, 2.8284271247461903
82, 145, 653, 13, 651, 15, 2, -2, -0.7853981633974483, 2.8284271247461903
82, 146, 925, 102, 926, 102, -1, 0, 3.141592653589793, 1.0
82, 147, 1261, 244, 1262, 241, -1, 3, 1.892546881191539, 3.1622776601683795
82, 148, 1137, 269, 1142, 272, -5, -3, -2.601173153319209, 5.830951894845301
82, 149, 241, 321, 242, 321, -1, 0, 3.141592653589793, 1.0
82, 150, 386, 256, 387, 253, -1, 3, 1.892546881191539, 3.1622776601683795
82, 151, 859, 44, 862, 43, -3, 1, 2.819842099193151, 3.1622776601683795
82, 152, 1135, 448, 1132, 446, 3, 2, 0.5880026035475675, 3.605551275463989
82, 153, 697, 555, 698, 559, -1, -4, -1.8157749899217608, 4.123105625617661
82, 154, 748, 186, 748, 185, 0, 1, 1.5707963267948966, 1.0
82, 155, 1134, 287, 1139, 289, -5, -2, -2.761086276477428, 5.385164807134504
82, 156, 757, 173, 757, 173, 0, 0, 0.0, 0.0
82, 157, 627, 67, 626, 66, 1, 1, 0.7853981633974483, 1.4142135623730951
82, 158, 1146, 269, 1150, 272, -4, -3, -2.498091544796509, 5.0
82, 159, 1112, 358, 1114, 359, -2, -1, -2.677945044588987, 2.23606797749979
82, 160, 386, 334, 388, 331, -2, 3, 2.158798930342464, 3.605551275463989
82, 161, 1172, 199, 1172, 195, 0, 4, 1.5707963267948966, 4.0
82, 162, 401, 293, 402, 292, -1, 1, 2.356194490192345, 1.4142135623730951
82, 163, 325, 349, 326, 349, -1, 0, 3.141592653589793, 1.0
82, 164, 708, 577, 710, 582, -2, -5, -1.9513027039072615, 5.385164807134504
82, 165, 590, 114, 591, 114, -1, 0, 3.141592653589793, 1.0
82, 166, 500, 77, 500, 82, 0, -5, -1.5707963267948966, 5.0
82, 167, 1204, 150, 1202, 148, 2, 2, 0.7853981633974483, 2.8284271247461903
82, 168, 1246, 233, 1244, 231, 2, 2, 0.7853981633974483, 2.8284271247461903
82, 169, 647, 274, 648, 270, -1, 4, 1.8157749899217608, 4.123105625617661
82, 170, 626, 112, 627, 112, -1, 0, 3.141592653589793, 1.0
82, 171, 1175, 80, 1175, 76, 0, 4, 1.5707963267948966, 4.0
82, 172, 379, 319, 381, 314, -2, 5, 1.9513027039072615, 5.385164807134504
82, 173, 735, 610, 739, 610, -4, 0, 3.141592653589793, 4.0
82, 174, 1141, 80, 1138, 79, 3, 1, 0.3217505543966422, 3.1622776601683795
82, 175, 737, 152, 738, 147, -1, 5, 1.7681918866447774, 5.0990195135927845
82, 176, 1143, 108, 1143, 107, 0, 1, 1.5707963267948966, 1.0
82, 177, 1206, 261, 1203, 259, 3, 2, 0.5880026035475675, 3.605551275463989
82, 178, 1208, 156, 1206, 154, 2, 2, 0.7853981633974483, 2.8284271247461903
82, 179, 1150, 570, 1148, 566, 2, 4, 1.1071487177940904, 4.47213595499958
82, 180, 1121, 70, 1119, 69, 2, 1, 0.4636476090008061, 2.23606797749979
82, 181, 171, 701, 170, 713, 1, -12, -1.4876550949064553, 12.041594578792296
82, 182, 182, 36, 183, 36, -1, 0, 3.141592653589793, 1.0
82, 183, 397, 301, 398, 298, -1, 3, 1.892546881191539, 3.1622776601683795
82, 184, 899, 67, 900, 67, -1, 0, 3.141592653589793, 1.0
82, 185, 333, 353, 334, 353, -1, 0, 3.141592653589793, 1.0
82, 186, 399, 365, 403, 363, -4, 2, 2.677945044588987, 4.47213595499958
82, 187, 1134, 75, 1132, 74, 2, 1, 0.4636476090008061, 2.23606797749979
82, 188, 626, 322, 627, 320, -1, 2, 2.0344439357957027, 2.23606797749979
82, 189, 693, 539, 694, 545, -1, -6, -1.7359450042095235, 6.082762530298219
82, 190, 1212, 189, 1212, 186, 0, 3, 1.5707963267948966, 3.0
83, 0, 145, 572, 146, 569, -1, 3, 1.892546881191539, 3.1622776601683795
83, 1, 1125, 336, 1128, 338, -3, -2, -2.5535900500422257, 3.605551275463989
83, 2, 808, 628, 808, 633, 0, -5, -1.5707963267948966, 5.0
83, 3, 259, 351, 260, 351, -1, 0, 3.141592653589793, 1.0
83, 4, 815, 690, 815, 694, 0, -4, -1.5707963267948966, 4.0
83, 5, 180, 18, 182, 18, -2, 0, 3.141592653589793, 2.0
83, 6, 251, 346, 252, 346, -1, 0, 3.141592653589793, 1.0
83, 7, 521, 178, 522, 182, -1, -4, -1.8157749899217608, 4.123105625617661
83, 8, 836, 27, 838, 28, -2, -1, -2.677945044588987, 2.23606797749979
83, 9, 1145, 280, 1149, 284, -4, -4, -2.356194490192345, 5.656854249492381
83, 10, 1139, 604, 1136, 604, 3, 0, 0.0, 3.0
83, 11, 265, 346, 266, 346, -1, 0, 3.141592653589793, 1.0
83, 12, 683, 543, 684, 547, -1, -4, -1.8157749899217608, 4.123105625617661
83, 13, 828, 27, 830, 28, -2, -1, -2.677945044588987, 2.23606797749979
83, 14, 1235, 226, 1233, 224, 2, 2, 0.7853981633974483, 2.8284271247461903
83, 15, 1255, 158, 1255, 157, 0, 1, 1.5707963267948966, 1.0
83, 16, 484, 668, 484, 673, 0, -5, -1.5707963267948966, 5.0
83, 17, 463, 668, 465, 672, -2, -4, -2.0344439357957027, 4.47213595499958
83, 18, 1088, 478, 1085, 476, 3, 2, 0.5880026035475675, 3.605551275463989
83, 19, 783, 670, 786, 676, -3, -6, -2.0344439357957027, 6.708203932499369
83, 20, 650, 22, 649, 23, 1, -1, -0.7853981633974483, 1.4142135623730951
83, 21, 736, 558, 741, 555, -5, 3, 2.601173153319209, 5.830951894845301
83, 22, 699, 540, 701, 545, -2, -5, -1.9513027039072615, 5.385164807134504
83, 23, 485, 46, 485, 49, 0, -3, -1.5707963267948966, 3.0
83, 24, 96, 523, 99, 519, -3, 4, 2.214297435588181, 5.0
83, 25, 1117, 313, 1121, 316, -4, -3, -2.498091544796509, 5.0
83, 26, 1104, 347, 1106, 347, -2, 0, 3.141592653589793, 2.0
83, 27, 495, 47, 495, 50, 0, -3, -1.5707963267948966, 3.0
83, 28, 487, 37, 487, 40, 0, -3, -1.5707963267948966, 3.0
83, 29, 501, 143, 502, 146, -1, -3, -1.892546881191539, 3.1622776601683795
83, 30, 753, 117, 754, 115, -1, 2, 2.0344439357957027, 2.23606797749979
83, 31, 471, 225, 472, 227, -1, -2, -2.0344439357957027, 2.23606797749979
83, 32, 706, 401, 706, 403, 0, -2, -1.5707963267948966, 2.0
83, 33, 849, 33, 851, 33, -2, 0, 3.141592653589793, 2.0
83, 34, 759, 123, 760, 122, -1, 1, 2.356194490192345, 1.4142135623730951
83, 35, 823, 626, 823, 632, 0, -6, -1.5707963267948966, 6.0
83, 36, 583, 106, 584, 106, -1, 0, 3.141592653589793, 1.0
83, 37, 429, 344, 431, 340, -2, 4, 2.0344439357957027, 4.47213595499958
83, 38, 744, 420, 745, 424, -1, -4, -1.8157749899217608, 4.123105625617661
83, 39, 1175, 75, 1175, 73, 0, 2, 1.5707963267948966, 2.0
83, 40, 103, 91, 103, 92, 0, -1, -1.5707963267948966, 1.0
83, 41, 1115, 50, 1115, 50, 0, 0, 0.0, 0.0
83, 42, 1116, 83, 1115, 82, 1, 1, 0.7853981633974483, 1.4142135623730951
83, 43, 545, 35, 546, 35, -1, 0, 3.141592653589793, 1.0
83, 44, 38, 456, 38, 455, 0, 1, 1.5707963267948966, 1.0
83, 45, 938, 26, 939, 26, -1, 0, 3.141592653589793, 1.0
83, 46, 808, 240, 809, 242, -1, -2, -2.0344439357957027, 2.23606797749979
83, 47, 689, 163, 690, 160, -1, 3, 1.892546881191539, 3.1622776601683795
83, 48, 495, 182, 496, 184, -1, -2, -2.0344439357957027, 2.23606797749979
83, 49, 96, 93, 95, 92, 1, 1, 0.7853981633974483, 1.4142135623730951
83, 50, 1154, 37, 1152, 37, 2, 0, 0.0, 2.0
83, 51, 721, 478, 723, 483, -2, -5, -1.9513027039072615, 5.385164807134504
83, 52, 98, 38, 95, 38, 3, 0, 0.0, 3.0
83, 53, 485, 222, 486, 224, -1, -2, -2.0344439357957027, 2.23606797749979
83, 54, 317, 399, 318, 399, -1, 0, 3.141592653589793, 1.0
83, 55, 626, 227, 627, 225, -1, 2, 2.0344439357957027, 2.23606797749979
83, 56, 784, 233, 784, 235, 0, -2, -1.5707963267948966, 2.0
83, 57, 97, 47, 94, 48, 3, -1, -0.3217505543966422, 3.1622776601683795
83, 58, 64, 77, 64, 78, 0, -1, -1.5707963267948966, 1.0
83, 59, 696, 178, 697, 175, -1, 3, 1.892546881191539, 3.1622776601683795
83, 60, 1127, 42, 1127, 42, 0, 0, 0.0, 0.0
83, 61, 499, 155, 500, 158, -1, -3, -1.892546881191539, 3.1622776601683795
83, 62, 485, 122, 486, 125, -1, -3, -1.892546881191539, 3.1622776601683795
83, 63, 672, 229, 673, 226, -1, 3, 1.892546881191539, 3.1622776601683795
83, 64, 812, 215, 813, 217, -1, -2, -2.0344439357957027, 2.23606797749979
83, 65, 740, 379, 740, 383, 0, -4, -1.5707963267948966, 4.0
83, 66, 691, 639, 692, 643, -1, -4, -1.8157749899217608, 4.123105625617661
83, 67, 121, 647, 121, 645, 0, 2, 1.5707963267948966, 2.0
83, 68, 1146, 146, 1147, 146, -1, 0, 3.141592653589793, 1.0
83, 69, 752, 551, 756, 548, -4, 3, 2.498091544796509, 5.0
83, 70, 1104, 498, 1102, 498, 2, 0, 0.0, 2.0
83, 71, 409, 296, 410, 294, -1, 2, 2.0344439357957027, 2.23606797749979
83, 72, 1178, 243, 1179, 243, -1, 0, 3.141592653589793, 1.0
83, 73, 936, 108, 937, 108, -1, 0, 3.141592653589793, 1.0
83, 74, 1167, 116, 1167, 114, 0, 2, 1.5707963267948966, 2.0
83, 75, 672, 588, 673, 592, -1, -4, -1.8157749899217608, 4.123105625617661
83, 76, 690, 593, 691, 596, -1, -3, -1.892546881191539, 3.1622776601683795
83, 77, 635, 301, 636, 300, -1, 1, 2.356194490192345, 1.4142135623730951
83, 78, 749, 429, 750, 433, -1, -4, -1.8157749899217608, 4.123105625617661
83, 79, 689, 248, 690, 248, -1, 0, 3.141592653589793, 1.0
83, 80, 417, 260, 418, 258, -1, 2, 2.0344439357957027, 2.23606797749979
83, 81, 611, 266, 612, 263, -1, 3, 1.892546881191539, 3.1622776601683795
83, 82, 1080, 515, 1077, 511, 3, 4, 0.9272952180016122, 5.0
83, 83, 1147, 307, 1151, 310, -4, -3, -2.498091544796509, 5.0
83, 84, 1106, 633, 1106, 630, 0, 3, 1.5707963267948966, 3.0
83, 85, 1113, 553, 1113, 552, 0, 1, 1.5707963267948966, 1.0
83, 86, 1087, 591, 1086, 585, 1, 6, 1.4056476493802699, 6.082762530298219
83, 87, 511, 153, 512, 156, -1, -3, -1.892546881191539, 3.1622776601683795
83, 88, 1086, 496, 1083, 493, 3, 3, 0.7853981633974483, 4.242640687119285
83, 89, 161, 30, 162, 29, -1, 1, 2.356194490192345, 1.4142135623730951
83, 90, 665, 50, 665, 50, 0, 0, 0.0, 0.0
83, 91, 1203, 285, 1200, 283, 3, 2, 0.5880026035475675, 3.605551275463989
83, 92, 479, 211, 480, 213, -1, -2, -2.0344439357957027, 2.23606797749979
83, 93, 748, 123, 749, 121, -1, 2, 2.0344439357957027, 2.23606797749979
83, 94, 549, 104, 550, 104, -1, 0, 3.141592653589793, 1.0
83, 95, 695, 520, 697, 525, -2, -5, -1.9513027039072615, 5.385164807134504
83, 96, 1242, 268, 1240, 266, 2, 2, 0.7853981633974483, 2.8284271247461903
83, 97, 620, 33, 620, 33, 0, 0, 0.0, 0.0
83, 98, 171, 684, 172, 682, -1, 2, 2.0344439357957027, 2.23606797749979
83, 99, 101, 81, 100, 82, 1, -1, -0.7853981633974483, 1.4142135623730951
83, 100, 839, 19, 841, 20, -2, -1, -2.677945044588987, 2.23606797749979
83, 101, 831, 12, 833, 12, -2, 0, 3.141592653589793, 2.0
83, 102, 388, 228, 389, 226, -1, 2, 2.0344439357957027, 2.23606797749979
83, 103, 36, 403, 35, 402, 1, 1, 0.7853981633974483, 1.4142135623730951
83, 104, 797, 191, 797, 193, 0, -2, -1.5707963267948966, 2.0
83, 105, 1100, 447, 1099, 444, 1, 3, 1.2490457723982544, 3.1622776601683795
83, 106, 749, 623, 752, 621, -3, 2, 2.5535900500422257, 3.605551275463989
83, 107, 20, 441, 18, 441, 2, 0, 0.0, 2.0
83, 108, 742, 143, 743, 140, -1, 3, 1.892546881191539, 3.1622776601683795
83, 109, 245, 332, 246, 332, -1, 0, 3.141592653589793, 1.0
83, 110, 1130, 365, 1133, 370, -3, -5, -2.1112158270654806, 5.830951894845301
83, 111, 1220, 315, 1221, 315, -1, 0, 3.141592653589793, 1.0
83, 112, 678, 251, 679, 249, -1, 2, 2.0344439357957027, 2.23606797749979
83, 113, 1261, 289, 1261, 289, 0, 0, 0.0, 0.0
83, 114, 1206, 196, 1206, 195, 0, 1, 1.5707963267948966, 1.0
83, 115, 757, 560, 761, 558, -4, 2, 2.677945044588987, 4.47213595499958
83, 116, 1260, 182, 1261, 182, -1, 0, 3.141592653589793, 1.0
83, 117, 1216, 258, 1214, 256, 2, 2, 0.7853981633974483, 2.8284271247461903
83, 118, 840, 664, 841, 668, -1, -4, -1.8157749899217608, 4.123105625617661
83, 119, 408, 381, 409, 379, -1, 2, 2.0344439357957027, 2.23606797749979
83, 120, 143, 596, 147, 592, -4, 4, 2.356194490192345, 5.656854249492381
83, 121, 1135, 375, 1138, 380, -3, -5, -2.1112158270654806, 5.830951894845301
83, 122, 1107, 100, 1107, 100, 0, 0, 0.0, 0.0
83, 123, 932, 101, 933, 101, -1, 0, 3.141592653589793, 1.0
83, 124, 614, 104, 614, 101, 0, 3, 1.5707963267948966, 3.0
83, 125, 798, 75, 799, 77, -1, -2, -2.0344439357957027, 2.23606797749979
83, 126, 765, 157, 766, 153, -1, 4, 1.8157749899217608, 4.123105625617661
83, 127, 764, 622, 766, 621, -2, 1, 2.677945044588987, 2.23606797749979
83, 128, 899, 44, 901, 45, -2, -1, -2.677945044588987, 2.23606797749979
83, 129, 417, 388, 417, 387, 0, 1, 1.5707963267948966, 1.0
83, 130, 1204, 298, 1202, 295, 2, 3, 0.982793723247329, 3.605551275463989
83, 131, 1260, 195, 1261, 195, -1, 0, 3.141592653589793, 1.0
83, 132, 712, 406, 712, 408, 0, -2, -1.5707963267948966, 2.0
83, 133, 654, 12, 653, 13, 1, -1, -0.7853981633974483, 1.4142135623730951
83, 134, 924, 102, 925, 102, -1, 0, 3.141592653589793, 1.0
83, 135, 1261, 247, 1261, 244, 0, 3, 1.5707963267948966, 3.0
83, 136, 1133, 265, 1137, 269, -4, -4, -2.356194490192345, 5.656854249492381
83, 137, 240, 321, 241, 321, -1, 0, 3.141592653589793, 1.0
83, 138, 385, 258, 386, 256, -1, 2, 2.0344439357957027, 2.23606797749979
83, 139, 856, 44, 859, 44, -3, 0, 3.141592653589793, 3.0
83, 140, 1138, 451, 1135, 448, 3, 3, 0.7853981633974483, 4.242640687119285
83, 141, 695, 549, 697, 555, -2, -6, -1.892546881191539, 6.324555320336759
83, 142, 747, 186, 748, 186, -1, 0, 3.141592653589793, 1.0
83, 143, 1130, 283, 1134, 287, -4, -4, -2.356194490192345, 5.656854249492381
83, 144, 756, 174, 757, 173, -1, 1, 2.356194490192345, 1.4142135623730951
83, 145, 627, 67, 627, 67, 0, 0, 0.0, 0.0
83, 146, 1142, 265, 1146, 269, -4, -4, -2.356194490192345, 5.656854249492381
83, 147, 385, 336, 386, 334, -1, 2, 2.0344439357957027, 2.23606797749979
83, 148, 1171, 202, 1172, 199, -1, 3, 1.892546881191539, 3.1622776601683795
83, 149, 400, 294, 401, 293, -1, 1, 2.356194490192345, 1.4142135623730951
83, 150, 324, 349, 325, 349, -1, 0, 3.141592653589793, 1.0
83, 151, 706, 571, 708, 577, -2, -6, -1.892546881191539, 6.324555320336759
83, 152, 500, 74, 500, 77, 0, -3, -1.5707963267948966, 3.0
83, 153, 1204, 151, 1204, 150, 0, 1, 1.5707963267948966, 1.0
83, 154, 1248, 235, 1246, 233, 2, 2, 0.7853981633974483, 2.8284271247461903
83, 155, 646, 277, 647, 274, -1, 3, 1.892546881191539, 3.1622776601683795
83, 156, 626, 112, 626, 112, 0, 0, 0.0, 0.0
83, 157, 1175, 82, 1175, 80, 0, 2, 1.5707963267948966, 2.0
83, 158, 378, 321, 379, 319, -1, 2, 2.0344439357957027, 2.23606797749979
83, 159, 731, 611, 735, 610, -4, 1, 2.896613990462929, 4.123105625617661
83, 160, 1143, 82, 1141, 80, 2, 2, 0.7853981633974483, 2.8284271247461903
83, 161, 736, 156, 737, 152, -1, 4, 1.8157749899217608, 4.123105625617661
83, 162, 1143, 108, 1143, 108, 0, 0, 0.0, 0.0
83, 163, 1208, 263, 1206, 261, 2, 2, 0.7853981633974483, 2.8284271247461903
83, 164, 1208, 157, 1208, 156, 0, 1, 1.5707963267948966, 1.0
83, 165, 1152, 575, 1150, 570, 2, 5, 1.1902899496825317, 5.385164807134504
83, 166, 1121, 70, 1121, 70, 0, 0, 0.0, 0.0
83, 167, 171, 701, 171, 701, 0, 0, 0.0, 0.0
83, 168, 181, 36, 182, 36, -1, 0, 3.141592653589793, 1.0
83, 169, 396, 303, 397, 301, -1, 2, 2.0344439357957027, 2.23606797749979
83, 170, 898, 67, 899, 67, -1, 0, 3.141592653589793, 1.0
83, 171, 332, 353, 333, 353, -1, 0, 3.141592653589793, 1.0
83, 172, 398, 368, 399, 365, -1, 3, 1.892546881191539, 3.1622776601683795
83, 173, 1136, 76, 1134, 75, 2, 1, 0.4636476090008061, 2.23606797749979
83, 174, 625, 322, 626, 322, -1, 0, 3.141592653589793, 1.0
83, 175, 691, 534, 693, 539, -2, -5, -1.9513027039072615, 5.385164807134504
83, 176, 1212, 190, 1212, 189, 0, 1, 1.5707963267948966, 1.0
84, 0, 1123, 333, 1126, 335, -3, -2, -2.5535900500422257, 3.605551275463989
84, 1, 779, 17, 781, 18, -2, -1, -2.677945044588987, 2.23606797749979
84, 2, 805, 27, 807, 28, -2, -1, -2.677945044588987, 2.23606797749979
84, 3, 1143, 277, 1146, 281, -3, -4, -2.214297435588181, 5.0
84, 4, 835, 28, 837, 29, -2, -1, -2.677945044588987, 2.23606797749979
84, 5, 809, 623, 809, 627, 0, -4, -1.5707963267948966, 4.0
84, 6, 181, 18, 183, 18, -2, 0, 3.141592653589793, 2.0
84, 7, 620, 34, 620, 34, 0, 0, 0.0, 0.0
84, 8, 304, 334, 305, 334, -1, 0, 3.141592653589793, 1.0
84, 9, 1256, 158, 1256, 157, 0, 1, 1.5707963267948966, 1.0
84, 10, 484, 659, 484, 663, 0, -4, -1.5707963267948966, 4.0
84, 11, 1234, 226, 1232, 224, 2, 2, 0.7853981633974483, 2.8284271247461903
84, 12, 1095, 488, 1092, 485, 3, 3, 0.7853981633974483, 4.242640687119285
84, 13, 682, 539, 683, 543, -1, -4, -1.8157749899217608, 4.123105625617661
84, 14, 95, 526, 97, 523, -2, 3, 2.158798930342464, 3.605551275463989
84, 15, 466, 657, 467, 661, -1, -4, -1.8157749899217608, 4.123105625617661
84, 16, 332, 362, 333, 362, -1, 0, 3.141592653589793, 1.0
84, 17, 700, 536, 702, 541, -2, -5, -1.9513027039072615, 5.385164807134504
84, 18, 501, 146, 503, 148, -2, -2, -2.356194490192345, 2.8284271247461903
84, 19, 786, 237, 786, 239, 0, -2, -1.5707963267948966, 2.0
84, 20, 592, 48, 593, 48, -1, 0, 3.141592653589793, 1.0
84, 21, 732, 562, 736, 560, -4, 2, 2.677945044588987, 4.47213595499958
84, 22, 760, 121, 761, 121, -1, 0, 3.141592653589793, 1.0
84, 23, 258, 380, 259, 380, -1, 0, 3.141592653589793, 1.0
84, 24, 141, 589, 142, 586, -1, 3, 1.892546881191539, 3.1622776601683795
84, 25, 484, 49, 485, 52, -1, -3, -1.892546881191539, 3.1622776601683795
84, 26, 626, 321, 627, 321, -1, 0, 3.141592653589793, 1.0
84, 27, 709, 402, 709, 404, 0, -2, -1.5707963267948966, 2.0
84, 28, 493, 49, 494, 52, -1, -3, -1.892546881191539, 3.1622776601683795
84, 29, 673, 231, 674, 228, -1, 3, 1.892546881191539, 3.1622776601683795
84, 30, 748, 553, 752, 550, -4, 3, 2.498091544796509, 5.0
84, 31, 825, 621, 825, 627, 0, -6, -1.5707963267948966, 6.0
84, 32, 595, 77, 596, 77, -1, 0, 3.141592653589793, 1.0
84, 33, 808, 240, 809, 242, -1, -2, -2.0344439357957027, 2.23606797749979
84, 34, 486, 37, 487, 41, -1, -4, -1.8157749899217608, 4.123105625617661
84, 35, 813, 216, 813, 218, 0, -2, -1.5707963267948966, 2.0
84, 36, 753, 116, 754, 115, -1, 1, 2.356194490192345, 1.4142135623730951
84, 37, 495, 114, 496, 116, -1, -2, -2.0344439357957027, 2.23606797749979
84, 38, 584, 106, 585, 106, -1, 0, 3.141592653589793, 1.0
84, 39, 100, 38, 97, 38, 3, 0, 0.0, 3.0
84, 40, 1175, 74, 1175, 72, 0, 2, 1.5707963267948966, 2.0
84, 41, 740, 378, 740, 383, 0, -5, -1.5707963267948966, 5.0
84, 42, 850, 33, 851, 33, -1, 0, 3.141592653589793, 1.0
84, 43, 537, 74, 538, 74, -1, 0, 3.141592653589793, 1.0
84, 44, 1168, 114, 1168, 113, 0, 1, 1.5707963267948966, 1.0
84, 45, 496, 183, 497, 185, -1, -2, -2.0344439357957027, 2.23606797749979
84, 46, 546, 35, 547, 35, -1, 0, 3.141592653589793, 1.0
84, 47, 834, 11, 836, 12, -2, -1, -2.677945044588987, 2.23606797749979
84, 48, 472, 226, 473, 228, -1, -2, -2.0344439357957027, 2.23606797749979
84, 49, 650, 23, 649, 24, 1, -1, -0.7853981633974483, 1.4142135623730951
84, 50, 816, 683, 816, 688, 0, -5, -1.5707963267948966, 5.0
84, 51, 486, 223, 487, 225, -1, -2, -2.0344439357957027, 2.23606797749979
84, 52, 689, 164, 690, 161, -1, 3, 1.892546881191539, 3.1622776601683795
84, 53, 743, 630, 745, 628, -2, 2, 2.356194490192345, 2.8284271247461903
84, 54, 521, 177, 522, 180, -1, -3, -1.892546881191539, 3.1622776601683795
84, 55, 696, 178, 697, 175, -1, 3, 1.892546881191539, 3.1622776601683795
84, 56, 1115, 50, 1115, 50, 0, 0, 0.0, 0.0
84, 57, 938, 26, 939, 26, -1, 0, 3.141592653589793, 1.0
84, 58, 748, 187, 749, 187, -1, 0, 3.141592653589793, 1.0
84, 59, 1106, 550, 1107, 550, -1, 0, 3.141592653589793, 1.0
84, 60, 804, 9, 805, 11, -1, -2, -2.0344439357957027, 2.23606797749979
84, 61, 628, 226, 629, 225, -1, 1, 2.356194490192345, 1.4142135623730951
84, 62, 1115, 84, 1114, 83, 1, 1, 0.7853981633974483, 1.4142135623730951
84, 63, 745, 416, 746, 420, -1, -4, -1.8157749899217608, 4.123105625617661
84, 64, 1217, 260, 1215, 258, 2, 2, 0.7853981633974483, 2.8284271247461903
84, 65, 752, 564, 756, 562, -4, 2, 2.677945044588987, 4.47213595499958
84, 66, 765, 618, 767, 616, -2, 2, 2.356194490192345, 2.8284271247461903
84, 67, 39, 455, 39, 455, 0, 0, 0.0, 0.0
84, 68, 1207, 196, 1206, 195, 1, 1, 0.7853981633974483, 1.4142135623730951
84, 69, 818, 21, 820, 22, -2, -1, -2.677945044588987, 2.23606797749979
84, 70, 676, 262, 677, 259, -1, 3, 1.892546881191539, 3.1622776601683795
84, 71, 389, 228, 390, 226, -1, 2, 2.0344439357957027, 2.23606797749979
84, 72, 94, 586, 98, 584, -4, 2, 2.677945044588987, 4.47213595499958
84, 73, 428, 351, 430, 347, -2, 4, 2.0344439357957027, 4.47213595499958
84, 74, 422, 345, 424, 341, -2, 4, 2.0344439357957027, 4.47213595499958
84, 75, 1127, 42, 1127, 42, 0, 0, 0.0, 0.0
84, 76, 670, 585, 671, 589, -1, -4, -1.8157749899217608, 4.123105625617661
84, 77, 386, 338, 387, 335, -1, 3, 1.892546881191539, 3.1622776601683795
84, 78, 1153, 37, 1151, 37, 2, 0, 0.0, 2.0
84, 79, 121, 646, 121, 644, 0, 2, 1.5707963267948966, 2.0
84, 80, 1180, 244, 1180, 244, 0, 0, 0.0, 0.0
84, 81, 510, 155, 512, 157, -2, -2, -2.356194490192345, 2.8284271247461903
84, 82, 1147, 146, 1148, 146, -1, 0, 3.141592653589793, 1.0
84, 83, 749, 425, 750, 428, -1, -3, -1.892546881191539, 3.1622776601683795
84, 84, 265, 388, 266, 388, -1, 0, 3.141592653589793, 1.0
84, 85, 689, 248, 690, 248, -1, 0, 3.141592653589793, 1.0
84, 86, 1113, 358, 1114, 358, -1, 0, 3.141592653589793, 1.0
84, 87, 937, 108, 938, 108, -1, 0, 3.141592653589793, 1.0
84, 88, 1144, 604, 1141, 604, 3, 0, 0.0, 3.0
84, 89, 691, 171, 692, 168, -1, 3, 1.892546881191539, 3.1622776601683795
84, 90, 497, 256, 498, 258, -1, -2, -2.0344439357957027, 2.23606797749979
84, 91, 815, 236, 815, 238, 0, -2, -1.5707963267948966, 2.0
84, 92, 584, 39, 585, 39, -1, 0, 3.141592653589793, 1.0
84, 93, 749, 122, 750, 121, -1, 1, 2.356194490192345, 1.4142135623730951
84, 94, 770, 13, 769, 16, 1, -3, -1.2490457723982544, 3.1622776601683795
84, 95, 827, 27, 829, 28, -2, -1, -2.677945044588987, 2.23606797749979
84, 96, 1245, 271, 1243, 269, 2, 2, 0.7853981633974483, 2.8284271247461903
84, 97, 666, 51, 666, 51, 0, 0, 0.0, 0.0
84, 98, 853, 43, 854, 43, -1, 0, 3.141592653589793, 1.0
84, 99, 550, 104, 551, 104, -1, 0, 3.141592653589793, 1.0
84, 100, 613, 272, 614, 269, -1, 3, 1.892546881191539, 3.1622776601683795
84, 101, 797, 193, 797, 194, 0, -1, -1.5707963267948966, 1.0
84, 102, 418, 261, 419, 259, -1, 2, 2.0344439357957027, 2.23606797749979
84, 103, 99, 47, 96, 47, 3, 0, 0.0, 3.0
84, 104, 500, 157, 502, 159, -2, -2, -2.356194490192345, 2.8284271247461903
84, 105, 1261, 195, 1265, 195, -4, 0, 3.141592653589793, 4.0
84, 106, 400, 295, 401, 293, -1, 2, 2.0344439357957027, 2.23606797749979
84, 107, 582, 114, 583, 114, -1, 0, 3.141592653589793, 1.0
84, 108, 10, 360, 10, 358, 0, 2, 1.5707963267948966, 2.0
84, 109, 831, 680, 831, 685, 0, -5, -1.5707963267948966, 5.0
84, 110, 161, 29, 162, 29, -1, 0, 3.141592653589793, 1.0
84, 111, 637, 304, 637, 301, 0, 3, 1.5707963267948966, 3.0
84, 112, 1091, 596, 1089, 591, 2, 5, 1.1902899496825317, 5.385164807134504
84, 113, 118, 99, 118, 100, 0, -1, -1.5707963267948966, 1.0
84, 114, 805, 201, 805, 203, 0, -2, -1.5707963267948966, 2.0
84, 115, 881, 10, 883, 10, -2, 0, 3.141592653589793, 2.0
84, 116, 176, 675, 176, 674, 0, 1, 1.5707963267948966, 1.0
84, 117, 1261, 183, 1262, 183, -1, 0, 3.141592653589793, 1.0
84, 118, 86, 151, 87, 151, -1, 0, 3.141592653589793, 1.0
84, 119, 246, 332, 247, 332, -1, 0, 3.141592653589793, 1.0
84, 120, 1105, 450, 1104, 447, 1, 3, 1.2490457723982544, 3.1622776601683795
84, 121, 1133, 263, 1136, 267, -3, -4, -2.214297435588181, 5.0
84, 122, 480, 213, 481, 215, -1, -2, -2.0344439357957027, 2.23606797749979
84, 123, 31, 462, 30, 461, 1, 1, 0.7853981633974483, 1.4142135623730951
84, 124, 403, 383, 404, 381, -1, 2, 2.0344439357957027, 2.23606797749979
84, 125, 933, 101, 934, 101, -1, 0, 3.141592653589793, 1.0
84, 126, 1203, 281, 1201, 280, 2, 1, 0.4636476090008061, 2.23606797749979
84, 127, 694, 637, 694, 642, 0, -5, -1.5707963267948966, 5.0
84, 128, 263, 397, 264, 397, -1, 0, 3.141592653589793, 1.0
84, 129, 416, 387, 417, 387, -1, 0, 3.141592653589793, 1.0
84, 130, 1142, 107, 1142, 107, 0, 0, 0.0, 0.0
84, 131, 1106, 97, 1106, 97, 0, 0, 0.0, 0.0
84, 132, 486, 121, 487, 123, -1, -2, -2.0344439357957027, 2.23606797749979
84, 133, 695, 517, 697, 522, -2, -5, -1.9513027039072615, 5.385164807134504
84, 134, 656, 60, 656, 61, 0, -1, -1.5707963267948966, 1.0
84, 135, 503, 229, 504, 231, -1, -2, -2.0344439357957027, 2.23606797749979
84, 136, 1209, 263, 1207, 261, 2, 2, 0.7853981633974483, 2.8284271247461903
84, 137, 321, 19, 321, 20, 0, -1, -1.5707963267948966, 1.0
84, 138, 99, 77, 97, 77, 2, 0, 0.0, 2.0
84, 139, 790, 650, 790, 653, 0, -3, -1.5707963267948966, 3.0
84, 140, 1192, 226, 1191, 223, 1, 3, 1.2490457723982544, 3.1622776601683795
84, 141, 737, 18, 737, 19, 0, -1, -1.5707963267948966, 1.0
84, 142, 1261, 285, 1262, 285, -1, 0, 3.141592653589793, 1.0
84, 143, 899, 44, 901, 45, -2, -1, -2.677945044588987, 2.23606797749979
84, 144, 103, 81, 102, 82, 1, -1, -0.7853981633974483, 1.4142135623730951
84, 145, 1214, 190, 1213, 189, 1, 1, 0.7853981633974483, 1.4142135623730951
84, 146, 266, 415, 267, 415, -1, 0, 3.141592653589793, 1.0
84, 147, 1116, 309, 1120, 312, -4, -3, -2.498091544796509, 5.0
84, 148, 1094, 513, 1091, 510, 3, 3, 0.7853981633974483, 4.242640687119285
84, 149, 77, 151, 78, 151, -1, 0, 3.141592653589793, 1.0
84, 150, 925, 102, 926, 102, -1, 0, 3.141592653589793, 1.0
84, 151, 1204, 151, 1203, 150, 1, 1, 0.7853981633974483, 1.4142135623730951
84, 152, 843, 656, 844, 661, -1, -5, -1.7681918866447774, 5.0990195135927845
84, 153, 654, 14, 653, 15, 1, -1, -0.7853981633974483, 1.4142135623730951
84, 154, 1131, 372, 1135, 378, -4, -6, -2.158798930342464, 7.211102550927978
84, 155, 324, 349, 325, 349, -1, 0, 3.141592653589793, 1.0
84, 156, 1131, 279, 1134, 283, -3, -4, -2.214297435588181, 5.0
84, 157, 627, 35, 627, 35, 0, 0, 0.0, 0.0
84, 158, 693, 542, 695, 547, -2, -5, -1.9513027039072615, 5.385164807134504
84, 159, 1156, 156, 1157, 155, -1, 1, 2.356194490192345, 1.4142135623730951
84, 160, 687, 605, 687, 605, 0, 0, 0.0, 0.0
84, 161, 590, 114, 591, 114, -1, 0, 3.141592653589793, 1.0
84, 162, 1104, 642, 1104, 640, 0, 2, 1.5707963267948966, 2.0
84, 163, 1141, 458, 1138, 455, 3, 3, 0.7853981633974483, 4.242640687119285
84, 164, 1141, 263, 1144, 267, -3, -4, -2.214297435588181, 5.0
84, 165, 840, 20, 842, 21, -2, -1, -2.677945044588987, 2.23606797749979
84, 166, 1204, 301, 1202, 298, 2, 3, 0.982793723247329, 3.605551275463989
84, 167, 763, 37, 764, 39, -1, -2, -2.0344439357957027, 2.23606797749979
84, 168, 1207, 158, 1206, 157, 1, 1, 0.7853981633974483, 1.4142135623730951
84, 169, 1115, 633, 1115, 629, 0, 4, 1.5707963267948966, 4.0
84, 170, 627, 68, 627, 68, 0, 0, 0.0, 0.0
84, 171, 170, 684, 171, 682, -1, 2, 2.0344439357957027, 2.23606797749979
84, 172, 1249, 230, 1247, 229, 2, 1, 0.4636476090008061, 2.23606797749979
84, 173, 686, 216, 687, 213, -1, 3, 1.892546881191539, 3.1622776601683795
84, 174, 764, 20, 763, 24, 1, -4, -1.3258176636680326, 4.123105625617661
84, 175, 1261, 249, 1263, 246, -2, 3, 2.158798930342464, 3.605551275463989
84, 176, 302, 392, 303, 392, -1, 0, 3.141592653589793, 1.0
84, 177, 1149, 284, 1152, 288, -3, -4, -2.214297435588181, 5.0
84, 178, 738, 552, 742, 549, -4, 3, 2.498091544796509, 5.0
84, 179, 704, 568, 706, 574, -2, -6, -1.892546881191539, 6.324555320336759
84, 180, 1176, 82, 1176, 80, 0, 2, 1.5707963267948966, 2.0
84, 181, 738, 157, 738, 153, 0, 4, 1.5707963267948966, 4.0
84, 182, 754, 640, 757, 637, -3, 3, 2.356194490192345, 4.242640687119285
84, 183, 1113, 109, 1113, 110, 0, -1, -1.5707963267948966, 1.0
84, 184, 627, 112, 627, 112, 0, 0, 0.0, 0.0
84, 185, 1100, 654, 1101, 654, -1, 0, 3.141592653589793, 1.0
84, 186, 333, 354, 334, 354, -1, 0, 3.141592653589793, 1.0
84, 187, 507, 200, 508, 202, -1, -2, -2.0344439357957027, 2.23606797749979
84, 188, 387, 351, 388, 349, -1, 2, 2.0344439357957027, 2.23606797749979
84, 189, 389, 265, 390, 263, -1, 2, 2.0344439357957027, 2.23606797749979
84, 190, 690, 532, 692, 537, -2, -5, -1.9513027039072615, 5.385164807134504
84, 191, 899, 67, 900, 67, -1, 0, 3.141592653589793, 1.0
84, 192, 258, 366, 259, 366, -1, 0, 3.141592653589793, 1.0
84, 193, 681, 520, 682, 525, -1, -5, -1.7681918866447774, 5.0990195135927845
84, 194, 1126, 95, 1125, 94, 1, 1, 0.7853981633974483, 1.4142135623730951
85, 0, 1121, 332, 1123, 333, -2, -1, -2.677945044588987, 2.23606797749979
85, 1, 779, 15, 779, 17, 0, -2, -1.5707963267948966, 2.0
85, 2, 1140, 273, 1143, 277, -3, -4, -2.214297435588181, 5.0
85, 3, 833, 27, 835, 28, -2, -1, -2.677945044588987, 2.23606797749979
85, 4, 810, 619, 809, 623, 1, -4, -1.3258176636680326, 4.123105625617661
85, 5, 179, 19, 181, 18, -2, 1, 2.677945044588987, 2.23606797749979
85, 6, 619, 35, 620, 34, -1, 1, 2.356194490192345, 1.4142135623730951
85, 7, 303, 334, 304, 334, -1, 0, 3.141592653589793, 1.0
85, 8, 1256, 159, 1256, 158, 0, 1, 1.5707963267948966, 1.0
85, 9, 484, 655, 484, 659, 0, -4, -1.5707963267948966, 4.0
85, 10, 1236, 228, 1234, 226, 2, 2, 0.7853981633974483, 2.8284271247461903
85, 11, 1097, 491, 1095, 488, 2, 3, 0.982793723247329, 3.605551275463989
85, 12, 682, 534, 682, 539, 0, -5, -1.5707963267948966, 5.0
85, 13, 94, 529, 95, 526, -1, 3, 1.892546881191539, 3.1622776601683795
85, 14, 465, 653, 466, 657, -1, -4, -1.8157749899217608, 4.123105625617661
85, 15, 331, 362, 332, 362, -1, 0, 3.141592653589793, 1.0
85, 16, 698, 531, 700, 536, -2, -5, -1.9513027039072615, 5.385164807134504
85, 17, 499, 144, 501, 146, -2, -2, -2.356194490192345, 2.8284271247461903
85, 18, 786, 236, 786, 237, 0, -1, -1.5707963267948966, 1.0
85, 19, 591, 48, 592, 48, -1, 0, 3.141592653589793, 1.0
85, 20, 728, 564, 732, 562, -4, 2, 2.677945044588987, 4.47213595499958
85, 21, 760, 121, 760, 121, 0, 0, 0.0, 0.0
85, 22, 257, 380, 258, 380, -1, 0, 3.141592653589793, 1.0
85, 23, 140, 593, 141, 589, -1, 4, 1.8157749899217608, 4.123105625617661
85, 24, 484, 46, 484, 49, 0, -3, -1.5707963267948966, 3.0
85, 25, 625, 321, 626, 321, -1, 0, 3.141592653589793, 1.0
85, 26, 708, 400, 709, 402, -1, -2, -2.0344439357957027, 2.23606797749979
85, 27, 493, 46, 493, 49, 0, -3, -1.5707963267948966, 3.0
85, 28, 672, 235, 673, 231, -1, 4, 1.8157749899217608, 4.123105625617661
85, 29, 744, 556, 748, 553, -4, 3, 2.498091544796509, 5.0
85, 30, 826, 616, 825, 621, 1, -5, -1.373400766945016, 5.0990195135927845
85, 31, 594, 77, 595, 77, -1, 0, 3.141592653589793, 1.0
85, 32, 807, 238, 808, 240, -1, -2, -2.0344439357957027, 2.23606797749979
85, 33, 485, 34, 486, 37, -1, -3, -1.892546881191539, 3.1622776601683795
85, 34, 813, 214, 813, 216, 0, -2, -1.5707963267948966, 2.0
85, 35, 753, 116, 753, 116, 0, 0, 0.0, 0.0
85, 36, 494, 112, 495, 114, -1, -2, -2.0344439357957027, 2.23606797749979
85, 37, 583, 106, 584, 106, -1, 0, 3.141592653589793, 1.0
85, 38, 103, 38, 100, 38, 3, 0, 0.0, 3.0
85, 39, 1175, 75, 1175, 74, 0, 1, 1.5707963267948966, 1.0
85, 40, 739, 373, 740, 378, -1, -5, -1.7681918866447774, 5.0990195135927845
85, 41, 849, 33, 850, 33, -1, 0, 3.141592653589793, 1.0
85, 42, 536, 74, 537, 74, -1, 0, 3.141592653589793, 1.0
85, 43, 1168, 115, 1168, 114, 0, 1, 1.5707963267948966, 1.0
85, 44, 495, 181, 496, 183, -1, -2, -2.0344439357957027, 2.23606797749979
85, 45, 832, 11, 834, 11, -2, 0, 3.141592653589793, 2.0
85, 46, 471, 224, 472, 226, -1, -2, -2.0344439357957027, 2.23606797749979
85, 47, 651, 21, 650, 23, 1, -2, -1.1071487177940904, 2.23606797749979
85, 48, 816, 678, 816, 683, 0, -5, -1.5707963267948966, 5.0
85, 49, 485, 220, 486, 223, -1, -3, -1.892546881191539, 3.1622776601683795
85, 50, 688, 167, 689, 164, -1, 3, 1.892546881191539, 3.1622776601683795
85, 51, 741, 634, 743, 630, -2, 4, 2.0344439357957027, 4.47213595499958
85, 52, 520, 174, 521, 177, -1, -3, -1.892546881191539, 3.1622776601683795
85, 53, 695, 181, 696, 178, -1, 3, 1.892546881191539, 3.1622776601683795
85, 54, 1115, 50, 1115, 50, 0, 0, 0.0, 0.0
85, 55, 937, 26, 938, 26, -1, 0, 3.141592653589793, 1.0
85, 56, 747, 187, 748, 187, -1, 0, 3.141592653589793, 1.0
85, 57, 1106, 552, 1106, 550, 0, 2, 1.5707963267948966, 2.0
85, 58, 627, 227, 628, 226, -1, 1, 2.356194490192345, 1.4142135623730951
85, 59, 1116, 84, 1115, 84, 1, 0, 0.0, 1.0
85, 60, 744, 413, 745, 416, -1, -3, -1.892546881191539, 3.1622776601683795
85, 61, 1219, 262, 1217, 260, 2, 2, 0.7853981633974483, 2.8284271247461903
85, 62, 748, 566, 752, 564, -4, 2, 2.677945044588987, 4.47213595499958
85, 63, 763, 621, 765, 618, -2, 3, 2.158798930342464, 3.605551275463989
85, 64, 39, 454, 39, 455, 0, -1, -1.5707963267948966, 1.0
85, 65, 1208, 198, 1207, 196, 1, 2, 1.1071487177940904, 2.23606797749979
85, 66, 676, 264, 676, 262, 0, 2, 1.5707963267948966, 2.0
85, 67, 388, 231, 389, 228, -1, 3, 1.892546881191539, 3.1622776601683795
85, 68, 90, 588, 94, 586, -4, 2, 2.677945044588987, 4.47213595499958
85, 69, 426, 355, 428, 351, -2, 4, 2.0344439357957027, 4.47213595499958
85, 70, 419, 349, 422, 345, -3, 4, 2.214297435588181, 5.0
85, 71, 1127, 42, 1127, 42, 0, 0, 0.0, 0.0
85, 72, 668, 581, 670, 585, -2, -4, -2.0344439357957027, 4.47213595499958
85, 73, 385, 341, 386, 338, -1, 3, 1.892546881191539, 3.1622776601683795
85, 74, 1155, 37, 1153, 37, 2, 0, 0.0, 2.0
85, 75, 121, 649, 121, 646, 0, 3, 1.5707963267948966, 3.0
85, 76, 1179, 245, 1180, 244, -1, 1, 2.356194490192345, 1.4142135623730951
85, 77, 508, 153, 510, 155, -2, -2, -2.356194490192345, 2.8284271247461903
85, 78, 1146, 146, 1147, 146, -1, 0, 3.141592653589793, 1.0
85, 79, 748, 422, 749, 425, -1, -3, -1.892546881191539, 3.1622776601683795
85, 80, 264, 388, 265, 388, -1, 0, 3.141592653589793, 1.0
85, 81, 688, 248, 689, 248, -1, 0, 3.141592653589793, 1.0
85, 82, 936, 108, 937, 108, -1, 0, 3.141592653589793, 1.0
85, 83, 1147, 606, 1144, 604, 3, 2, 0.5880026035475675, 3.605551275463989
85, 84, 690, 174, 691, 171, -1, 3, 1.892546881191539, 3.1622776601683795
85, 85, 496, 253, 497, 256, -1, -3, -1.892546881191539, 3.1622776601683795
85, 86, 814, 234, 815, 236, -1, -2, -2.0344439357957027, 2.23606797749979
85, 87, 583, 39, 584, 39, -1, 0, 3.141592653589793, 1.0
85, 88, 749, 122, 749, 122, 0, 0, 0.0, 0.0
85, 89, 772, 10, 770, 13, 2, -3, -0.982793723247329, 3.605551275463989
85, 90, 825, 26, 827, 27, -2, -1, -2.677945044588987, 2.23606797749979
85, 91, 1247, 273, 1245, 271, 2, 2, 0.7853981633974483, 2.8284271247461903
85, 92, 666, 51, 666, 51, 0, 0, 0.0, 0.0
85, 93, 549, 104, 550, 104, -1, 0, 3.141592653589793, 1.0
85, 94, 612, 275, 613, 272, -1, 3, 1.892546881191539, 3.1622776601683795
85, 95, 797, 191, 797, 193, 0, -2, -1.5707963267948966, 2.0
85, 96, 417, 264, 418, 261, -1, 3, 1.892546881191539, 3.1622776601683795
85, 97, 102, 47, 99, 47, 3, 0, 0.0, 3.0
85, 98, 498, 155, 500, 157, -2, -2, -2.356194490192345, 2.8284271247461903
85, 99, 1260, 195, 1261, 195, -1, 0, 3.141592653589793, 1.0
85, 100, 399, 297, 400, 295, -1, 2, 2.0344439357957027, 2.23606797749979
85, 101, 581, 114, 582, 114, -1, 0, 3.141592653589793, 1.0
85, 102, 10, 362, 10, 360, 0, 2, 1.5707963267948966, 2.0
85, 103, 828, 676, 831, 680, -3, -4, -2.214297435588181, 5.0
85, 104, 160, 29, 161, 29, -1, 0, 3.141592653589793, 1.0
85, 105, 637, 308, 637, 304, 0, 4, 1.5707963267948966, 4.0
85, 106, 1093, 602, 1091, 596, 2, 6, 1.2490457723982544, 6.324555320336759
85, 107, 118, 98, 118, 99, 0, -1, -1.5707963267948966, 1.0
85, 108, 805, 199, 805, 201, 0, -2, -1.5707963267948966, 2.0
85, 109, 176, 677, 176, 675, 0, 2, 1.5707963267948966, 2.0
85, 110, 1260, 184, 1261, 183, -1, 1, 2.356194490192345, 1.4142135623730951
85, 111, 85, 151, 86, 151, -1, 0, 3.141592653589793, 1.0
85, 112, 245, 332, 246, 332, -1, 0, 3.141592653589793, 1.0
85, 113, 1106, 453, 1105, 450, 1, 3, 1.2490457723982544, 3.1622776601683795
85, 114, 1131, 259, 1133, 263, -2, -4, -2.0344439357957027, 4.47213595499958
85, 115, 479, 211, 480, 213, -1, -2, -2.0344439357957027, 2.23606797749979
85, 116, 32, 462, 31, 462, 1, 0, 0.0, 1.0
85, 117, 401, 384, 403, 383, -2, 1, 2.677945044588987, 2.23606797749979
85, 118, 932, 101, 933, 101, -1, 0, 3.141592653589793, 1.0
85, 119, 1205, 283, 1203, 281, 2, 2, 0.7853981633974483, 2.8284271247461903
85, 120, 694, 631, 694, 637, 0, -6, -1.5707963267948966, 6.0
85, 121, 262, 397, 263, 397, -1, 0, 3.141592653589793, 1.0
85, 122, 416, 387, 416, 387, 0, 0, 0.0, 0.0
85, 123, 1142, 107, 1142, 107, 0, 0, 0.0, 0.0
85, 124, 1106, 97, 1106, 97, 0, 0, 0.0, 0.0
85, 125, 485, 119, 486, 121, -1, -2, -2.0344439357957027, 2.23606797749979
85, 126, 694, 512, 695, 517, -1, -5, -1.7681918866447774, 5.0990195135927845
85, 127, 656, 59, 656, 60, 0, -1, -1.5707963267948966, 1.0
85, 128, 501, 226, 503, 229, -2, -3, -2.158798930342464, 3.605551275463989
85, 129, 1211, 265, 1209, 263, 2, 2, 0.7853981633974483, 2.8284271247461903
85, 130, 321, 19, 321, 19, 0, 0, 0.0, 0.0
85, 131, 101, 77, 99, 77, 2, 0, 0.0, 2.0
85, 132, 790, 647, 790, 650, 0, -3, -1.5707963267948966, 3.0
85, 133, 1193, 229, 1192, 226, 1, 3, 1.2490457723982544, 3.1622776601683795
85, 134, 737, 18, 737, 18, 0, 0, 0.0, 0.0
85, 135, 1261, 285, 1261, 285, 0, 0, 0.0, 0.0
85, 136, 104, 80, 103, 81, 1, -1, -0.7853981633974483, 1.4142135623730951
85, 137, 1215, 191, 1214, 190, 1, 1, 0.7853981633974483, 1.4142135623730951
85, 138, 265, 415, 266, 415, -1, 0, 3.141592653589793, 1.0
85, 139, 1113, 305, 1116, 309, -3, -4, -2.214297435588181, 5.0
85, 140, 1097, 515, 1094, 513, 3, 2, 0.5880026035475675, 3.605551275463989
85, 141, 76, 151, 77, 151, -1, 0, 3.141592653589793, 1.0
85, 142, 924, 102, 925, 102, -1, 0, 3.141592653589793, 1.0
85, 143, 1204, 152, 1204, 151, 0, 1, 1.5707963267948966, 1.0
85, 144, 843, 650, 843, 656, 0, -6, -1.5707963267948966, 6.0
85, 145, 655, 13, 654, 14, 1, -1, -0.7853981633974483, 1.4142135623730951
85, 146, 1127, 367, 1131, 372, -4, -5, -2.2455372690184494, 6.4031242374328485
85, 147, 323, 349, 324, 349, -1, 0, 3.141592653589793, 1.0
85, 148, 1129, 275, 1131, 279, -2, -4, -2.0344439357957027, 4.47213595499958
85, 149, 627, 36, 627, 35, 0, 1, 1.5707963267948966, 1.0
85, 150, 692, 537, 693, 542, -1, -5, -1.7681918866447774, 5.0990195135927845
85, 151, 1155, 157, 1156, 156, -1, 1, 2.356194490192345, 1.4142135623730951
85, 152, 589, 114, 590, 114, -1, 0, 3.141592653589793, 1.0
85, 153, 1104, 644, 1104, 642, 0, 2, 1.5707963267948966, 2.0
85, 154, 1144, 461, 1141, 458, 3, 3, 0.7853981633974483, 4.242640687119285
85, 155, 1138, 259, 1141, 263, -3, -4, -2.214297435588181, 5.0
85, 156, 838, 20, 840, 20, -2, 0, 3.141592653589793, 2.0
85, 157, 1205, 302, 1204, 301, 1, 1, 0.7853981633974483, 1.4142135623730951
85, 158, 762, 35, 763, 37, -1, -2, -2.0344439357957027, 2.23606797749979
85, 159, 1207, 159, 1207, 158, 0, 1, 1.5707963267948966, 1.0
85, 160, 1115, 636, 1115, 633, 0, 3, 1.5707963267948966, 3.0
85, 161, 627, 69, 627, 68, 0, 1, 1.5707963267948966, 1.0
85, 162, 170, 687, 170, 684, 0, 3, 1.5707963267948966, 3.0
85, 163, 1251, 232, 1249, 230, 2, 2, 0.7853981633974483, 2.8284271247461903
85, 164, 685, 219, 686, 216, -1, 3, 1.892546881191539, 3.1622776601683795
85, 165, 765, 16, 764, 20, 1, -4, -1.3258176636680326, 4.123105625617661
85, 166, 1261, 252, 1261, 249, 0, 3, 1.5707963267948966, 3.0
85, 167, 301, 392, 302, 392, -1, 0, 3.141592653589793, 1.0
85, 168, 1146, 280, 1149, 284, -3, -4, -2.214297435588181, 5.0
85, 169, 734, 555, 738, 552, -4, 3, 2.498091544796509, 5.0
85, 170, 703, 565, 704, 568, -1, -3, -1.892546881191539, 3.1622776601683795
85, 171, 1176, 83, 1176, 82, 0, 1, 1.5707963267948966, 1.0
85, 172, 737, 158, 738, 157, -1, 1, 2.356194490192345, 1.4142135623730951
85, 173, 750, 644, 754, 640, -4, 4, 2.356194490192345, 5.656854249492381
85, 174, 1113, 108, 1113, 109, 0, -1, -1.5707963267948966, 1.0
85, 175, 627, 113, 627, 112, 0, 1, 1.5707963267948966, 1.0
85, 176, 1100, 654, 1100, 654, 0, 0, 0.0, 0.0
85, 177, 332, 354, 333, 354, -1, 0, 3.141592653589793, 1.0
85, 178, 386, 354, 387, 351, -1, 3, 1.892546881191539, 3.1622776601683795
85, 179, 388, 267, 389, 265, -1, 2, 2.0344439357957027, 2.23606797749979
85, 180, 689, 527, 690, 532, -1, -5, -1.7681918866447774, 5.0990195135927845
85, 181, 898, 67, 899, 67, -1, 0, 3.141592653589793, 1.0
85, 182, 680, 515, 681, 520, -1, -5, -1.7681918866447774, 5.0990195135927845
85, 183, 1127, 95, 1126, 95, 1, 0, 0.0, 1.0
86, 0, 271, 330, 272, 330, -1, 0, 3.141592653589793, 1.0
86, 1, 1141, 273, 1144, 277, -3, -4, -2.214297435588181, 5.0
86, 2, 252, 346, 253, 346, -1, 0, 3.141592653589793, 1.0
86, 3, 260, 351, 261, 351, -1, 0, 3.141592653589793, 1.0
86, 4, 796, 641, 795, 645, 1, -4, -1.3258176636680326, 4.123105625617661
86, 5, 811, 617, 810, 621, 1, -4, -1.3258176636680326, 4.123105625617661
86, 6, 304, 334, 305, 334, -1, 0, 3.141592653589793, 1.0
86, 7, 833, 29, 835, 29, -2, 0, 3.141592653589793, 2.0
86, 8, 95, 532, 95, 529, 0, 3, 1.5707963267948966, 3.0
86, 9, 266, 346, 267, 346, -1, 0, 3.141592653589793, 1.0
86, 10, 482, 651, 483, 655, -1, -4, -1.8157749899217608, 4.123105625617661
86, 11, 728, 566, 732, 563, -4, 3, 2.498091544796509, 5.0
86, 12, 905, 31, 906, 31, -1, 0, 3.141592653589793, 1.0
86, 13, 466, 648, 467, 653, -1, -5, -1.7681918866447774, 5.0990195135927845
86, 14, 1256, 158, 1256, 157, 0, 1, 1.5707963267948966, 1.0
86, 15, 826, 616, 826, 621, 0, -5, -1.5707963267948966, 5.0
86, 16, 332, 360, 333, 360, -1, 0, 3.141592653589793, 1.0
86, 17, 620, 36, 620, 35, 0, 1, 1.5707963267948966, 1.0
86, 18, 709, 400, 710, 402, -1, -2, -2.0344439357957027, 2.23606797749979
86, 19, 787, 236, 787, 238, 0, -2, -1.5707963267948966, 2.0
86, 20, 1235, 229, 1234, 226, 1, 3, 1.2490457723982544, 3.1622776601683795
86, 21, 181, 20, 182, 19, -1, 1, 2.356194490192345, 1.4142135623730951
86, 22, 142, 590, 142, 586, 0, 4, 1.5707963267948966, 4.0
86, 23, 493, 47, 494, 49, -1, -2, -2.0344439357957027, 2.23606797749979
86, 24, 698, 530, 700, 535, -2, -5, -1.9513027039072615, 5.385164807134504
86, 25, 486, 37, 487, 39, -1, -2, -2.0344439357957027, 2.23606797749979
86, 26, 779, 15, 780, 17, -1, -2, -2.0344439357957027, 2.23606797749979
86, 27, 682, 532, 682, 537, 0, -5, -1.5707963267948966, 5.0
86, 28, 500, 144, 502, 146, -2, -2, -2.356194490192345, 2.8284271247461903
86, 29, 1099, 491, 1097, 489, 2, 2, 0.7853981633974483, 2.8284271247461903
86, 30, 92, 597, 95, 594, -3, 3, 2.356194490192345, 4.242640687119285
86, 31, 1122, 330, 1124, 331, -2, -1, -2.677945044588987, 2.23606797749979
86, 32, 674, 236, 674, 232, 0, 4, 1.5707963267948966, 4.0
86, 33, 813, 215, 813, 217, 0, -2, -1.5707963267948966, 2.0
86, 34, 258, 380, 259, 380, -1, 0, 3.141592653589793, 1.0
86, 35, 253, 396, 254, 396, -1, 0, 3.141592653589793, 1.0
86, 36, 595, 77, 596, 77, -1, 0, 3.141592653589793, 1.0
86, 37, 761, 122, 761, 122, 0, 0, 0.0, 0.0
86, 38, 584, 106, 585, 106, -1, 0, 3.141592653589793, 1.0
86, 39, 626, 322, 627, 322, -1, 0, 3.141592653589793, 1.0
86, 40, 483, 47, 484, 49, -1, -2, -2.0344439357957027, 2.23606797749979
86, 41, 688, 167, 689, 164, -1, 3, 1.892546881191539, 3.1622776601683795
86, 42, 754, 116, 754, 116, 0, 0, 0.0, 0.0
86, 43, 906, 39, 907, 39, -1, 0, 3.141592653589793, 1.0
86, 44, 592, 48, 593, 48, -1, 0, 3.141592653589793, 1.0
86, 45, 1175, 75, 1175, 74, 0, 1, 1.5707963267948966, 1.0
86, 46, 695, 182, 696, 179, -1, 3, 1.892546881191539, 3.1622776601683795
86, 47, 748, 187, 749, 187, -1, 0, 3.141592653589793, 1.0
86, 48, 1207, 198, 1207, 196, 0, 2, 1.5707963267948966, 2.0
86, 49, 627, 228, 628, 227, -1, 1, 2.356194490192345, 1.4142135623730951
86, 50, 833, 12, 835, 12, -2, 0, 3.141592653589793, 2.0
86, 51, 443, 701, 443, 711, 0, -10, -1.5707963267948966, 10.0
86, 52, 105, 38, 101, 38, 4, 0, 0.0, 4.0
86, 53, 1116, 52, 1116, 51, 0, 1, 1.5707963267948966, 1.0
86, 54, 739, 373, 740, 378, -1, -5, -1.7681918866447774, 5.0990195135927845
86, 55, 1171, 116, 1171, 115, 0, 1, 1.5707963267948966, 1.0
86, 56, 537, 74, 538, 74, -1, 0, 3.141592653589793, 1.0
86, 57, 546, 35, 547, 35, -1, 0, 3.141592653589793, 1.0
86, 58, 1218, 261, 1217, 259, 1, 2, 1.1071487177940904, 2.23606797749979
86, 59, 414, 311, 415, 308, -1, 3, 1.892546881191539, 3.1622776601683795
86, 60, 809, 236, 810, 238, -1, -2, -2.0344439357957027, 2.23606797749979
86, 61, 1149, 608, 1146, 605, 3, 3, 0.7853981633974483, 4.242640687119285
86, 62, 293, 361, 294, 361, -1, 0, 3.141592653589793, 1.0
86, 63, 508, 153, 510, 155, -2, -2, -2.356194490192345, 2.8284271247461903
86, 64, 1107, 96, 1107, 96, 0, 0, 0.0, 0.0
86, 65, 472, 224, 473, 227, -1, -3, -1.892546881191539, 3.1622776601683795
86, 66, 1128, 43, 1128, 43, 0, 0, 0.0, 0.0
86, 67, 1154, 38, 1153, 38, 1, 0, 0.0, 1.0
86, 68, 743, 557, 747, 553, -4, 4, 2.356194490192345, 5.656854249492381
86, 69, 939, 26, 940, 26, -1, 0, 3.141592653589793, 1.0
86, 70, 1113, 84, 1113, 83, 0, 1, 1.5707963267948966, 1.0
86, 71, 748, 419, 749, 421, -1, -2, -2.0344439357957027, 2.23606797749979
86, 72, 103, 71, 100, 71, 3, 0, 0.0, 3.0
86, 73, 485, 220, 486, 223, -1, -3, -1.892546881191539, 3.1622776601683795
86, 74, 303, 350, 304, 350, -1, 0, 3.141592653589793, 1.0
86, 75, 1136, 513, 1133, 511, 3, 2, 0.5880026035475675, 3.605551275463989
86, 76, 498, 156, 500, 157, -2, -1, -2.677945044588987, 2.23606797749979
86, 77, 329, 374, 330, 374, -1, 0, 3.141592653589793, 1.0
86, 78, 817, 22, 819, 22, -2, 0, 3.141592653589793, 2.0
86, 79, 317, 399, 318, 399, -1, 0, 3.141592653589793, 1.0
86, 80, 1129, 362, 1133, 366, -4, -4, -2.356194490192345, 5.656854249492381
86, 81, 750, 122, 750, 122, 0, 0, 0.0, 0.0
86, 82, 385, 342, 386, 339, -1, 3, 1.892546881191539, 3.1622776601683795
86, 83, 652, 20, 651, 22, 1, -2, -1.1071487177940904, 2.23606797749979
86, 84, 389, 232, 390, 229, -1, 3, 1.892546881191539, 3.1622776601683795
86, 85, 690, 248, 690, 248, 0, 0, 0.0, 0.0
86, 86, 247, 413, 248, 413, -1, 0, 3.141592653589793, 1.0
86, 87, 848, 29, 850, 29, -2, 0, 3.141592653589793, 2.0
86, 88, 825, 28, 827, 28, -2, 0, 3.141592653589793, 2.0
86, 89, 284, 332, 285, 332, -1, 0, 3.141592653589793, 1.0
86, 90, 583, 39, 584, 39, -1, 0, 3.141592653589793, 1.0
86, 91, 1179, 243, 1180, 243, -1, 0, 3.141592653589793, 1.0
86, 92, 285, 350, 285, 350, 0, 0, 0.0, 0.0
86, 93, 937, 108, 938, 108, -1, 0, 3.141592653589793, 1.0
86, 94, 290, 385, 291, 385, -1, 0, 3.141592653589793, 1.0
86, 95, 1108, 457, 1107, 453, 1, 4, 1.3258176636680326, 4.123105625617661
86, 96, 666, 52, 666, 52, 0, 0, 0.0, 0.0
86, 97, 423, 356, 425, 353, -2, 3, 2.158798930342464, 3.605551275463989
86, 98, 798, 191, 798, 193, 0, -2, -1.5707963267948966, 2.0
86, 99, 479, 210, 480, 213, -1, -3, -1.892546881191539, 3.1622776601683795
86, 100, 797, 674, 797, 679, 0, -5, -1.5707963267948966, 5.0
86, 101, 576, 57, 577, 57, -1, 0, 3.141592653589793, 1.0
86, 102, 104, 47, 100, 47, 4, 0, 0.0, 4.0
86, 103, 388, 267, 388, 264, 0, 3, 1.5707963267948966, 3.0
86, 104, 748, 568, 752, 565, -4, 3, 2.498091544796509, 5.0
86, 105, 549, 104, 550, 104, -1, 0, 3.141592653589793, 1.0
86, 106, 14, 363, 13, 361, 1, 2, 1.1071487177940904, 2.23606797749979
86, 107, 265, 388, 266, 388, -1, 0, 3.141592653589793, 1.0
86, 108, 1148, 146, 1148, 146, 0, 0, 0.0, 0.0
86, 109, 496, 253, 497, 255, -1, -2, -2.0344439357957027, 2.23606797749979
86, 110, 32, 464, 31, 464, 1, 0, 0.0, 1.0
86, 111, 668, 578, 670, 582, -2, -4, -2.0344439357957027, 4.47213595499958
86, 112, 805, 200, 805, 202, 0, -2, -1.5707963267948966, 2.0
86, 113, 816, 679, 817, 682, -1, -3, -1.892546881191539, 3.1622776601683795
86, 114, 331, 414, 332, 414, -1, 0, 3.141592653589793, 1.0
86, 115, 296, 378, 297, 378, -1, 0, 3.141592653589793, 1.0
86, 116, 1220, 315, 1221, 315, -1, 0, 3.141592653589793, 1.0
86, 117, 1108, 551, 1107, 550, 1, 1, 0.7853981633974483, 1.4142135623730951
86, 118, 1261, 195, 1264, 195, -3, 0, 3.141592653589793, 3.0
86, 119, 63, 79, 63, 79, 0, 0, 0.0, 0.0
86, 120, 582, 114, 583, 114, -1, 0, 3.141592653589793, 1.0
86, 121, 1094, 606, 1092, 600, 2, 6, 1.2490457723982544, 6.324555320336759
86, 122, 116, 80, 114, 80, 2, 0, 0.0, 2.0
86, 123, 1249, 276, 1247, 274, 2, 2, 0.7853981633974483, 2.8284271247461903
86, 124, 44, 475, 40, 472, 4, 3, 0.6435011087932844, 5.0
86, 125, 105, 81, 103, 82, 2, -1, -0.4636476090008061, 2.23606797749979
86, 126, 488, 317, 489, 319, -1, -2, -2.0344439357957027, 2.23606797749979
86, 127, 79, 137, 80, 137, -1, 0, 3.141592653589793, 1.0
86, 128, 769, 15, 769, 18, 0, -3, -1.5707963267948966, 3.0
86, 129, 1205, 283, 1203, 281, 2, 2, 0.7853981633974483, 2.8284271247461903
86, 130, 86, 151, 87, 151, -1, 0, 3.141592653589793, 1.0
86, 131, 399, 297, 399, 295, 0, 2, 1.5707963267948966, 2.0
86, 132, 933, 101, 934, 101, -1, 0, 3.141592653589793, 1.0
86, 133, 127, 96, 125, 97, 2, -1, -0.4636476090008061, 2.23606797749979
86, 134, 690, 174, 691, 171, -1, 3, 1.892546881191539, 3.1622776601683795
86, 135, 881, 10, 882, 10, -1, 0, 3.141592653589793, 1.0
86, 136, 1261, 266, 1278, 264, -17, 2, 3.024483909022929, 17.11724276862369
86, 137, 246, 332, 247, 332, -1, 0, 3.141592653589793, 1.0
86, 138, 1132, 259, 1134, 263, -2, -4, -2.0344439357957027, 4.47213595499958
86, 139, 178, 679, 178, 676, 0, 3, 1.5707963267948966, 3.0
86, 140, 1176, 83, 1176, 82, 0, 1, 1.5707963267948966, 1.0
86, 141, 265, 415, 266, 415, -1, 0, 3.141592653589793, 1.0
86, 142, 138, 579, 138, 576, 0, 3, 1.5707963267948966, 3.0
86, 143, 122, 649, 121, 647, 1, 2, 1.1071487177940904, 2.23606797749979
86, 144, 111, 100, 111, 100, 0, 0, 0.0, 0.0
86, 145, 1142, 107, 1142, 107, 0, 0, 0.0, 0.0
86, 146, 1251, 232, 1249, 230, 2, 2, 0.7853981633974483, 2.8284271247461903
86, 147, 418, 264, 418, 261, 0, 3, 1.5707963267948966, 3.0
86, 148, 1093, 499, 1092, 497, 1, 2, 1.1071487177940904, 2.23606797749979
86, 149, 637, 310, 638, 305, -1, 5, 1.7681918866447774, 5.0990195135927845
86, 150, 694, 540, 695, 546, -1, -6, -1.7359450042095235, 6.082762530298219
86, 151, 1129, 94, 1127, 93, 2, 1, 0.4636476090008061, 2.23606797749979
86, 152, 278, 356, 279, 356, -1, 0, 3.141592653589793, 1.0
86, 153, 399, 397, 401, 393, -2, 4, 2.0344439357957027, 4.47213595499958
86, 154, 263, 397, 264, 397, -1, 0, 3.141592653589793, 1.0
86, 155, 1114, 306, 1117, 309, -3, -3, -2.356194490192345, 4.242640687119285
86, 156, 1261, 285, 1262, 285, -1, 0, 3.141592653589793, 1.0
86, 157, 146, 638, 148, 636, -2, 2, 2.356194490192345, 2.8284271247461903
86, 158, 160, 30, 161, 30, -1, 0, 3.141592653589793, 1.0
86, 159, 1101, 562, 1098, 557, 3, 5, 1.0303768265243125, 5.830951894845301
86, 160, 77, 151, 78, 151, -1, 0, 3.141592653589793, 1.0
86, 161, 610, 279, 611, 276, -1, 3, 1.892546881191539, 3.1622776601683795
86, 162, 745, 18, 744, 18, 1, 0, 0.0, 1.0
86, 163, 1261, 186, 1263, 184, -2, 2, 2.356194490192345, 2.8284271247461903
86, 164, 739, 157, 739, 155, 0, 2, 1.5707963267948966, 2.0
86, 165, 1208, 160, 1208, 158, 0, 2, 1.5707963267948966, 2.0
86, 166, 734, 556, 738, 553, -4, 3, 2.498091544796509, 5.0
86, 167, 1128, 275, 1131, 279, -3, -4, -2.214297435588181, 5.0
86, 168, 327, 383, 328, 383, -1, 0, 3.141592653589793, 1.0
86, 169, 704, 565, 705, 568, -1, -3, -1.892546881191539, 3.1622776601683795
86, 170, 1158, 163, 1159, 163, -1, 0, 3.141592653589793, 1.0
86, 171, 748, 646, 751, 644, -3, 2, 2.5535900500422257, 3.605551275463989
86, 172, 774, 82, 775, 84, -1, -2, -2.0344439357957027, 2.23606797749979
86, 173, 241, 321, 242, 321, -1, 0, 3.141592653589793, 1.0
86, 174, 695, 512, 696, 517, -1, -5, -1.7681918866447774, 5.0990195135927845
86, 175, 590, 114, 591, 114, -1, 0, 3.141592653589793, 1.0
86, 176, 805, 242, 806, 244, -1, -2, -2.0344439357957027, 2.23606797749979
86, 177, 880, 22, 882, 22, -2, 0, 3.141592653589793, 2.0
86, 178, 1121, 84, 1121, 83, 0, 1, 1.5707963267948966, 1.0
86, 179, 925, 102, 926, 102, -1, 0, 3.141592653589793, 1.0
86, 180, 265, 339, 266, 339, -1, 0, 3.141592653589793, 1.0
86, 181, 1140, 259, 1142, 263, -2, -4, -2.0344439357957027, 4.47213595499958
86, 182, 324, 349, 325, 349, -1, 0, 3.141592653589793, 1.0
86, 183, 1261, 253, 1264, 250, -3, 3, 2.356194490192345, 4.242640687119285
86, 184, 386, 354, 387, 351, -1, 3, 1.892546881191539, 3.1622776601683795
86, 185, 1144, 463, 1142, 460, 2, 3, 0.982793723247329, 3.605551275463989
86, 186, 898, 45, 900, 45, -2, 0, 3.141592653589793, 2.0
86, 187, 791, 633, 790, 638, 1, -5, -1.373400766945016, 5.0990195135927845
86, 188, 332, 353, 333, 353, -1, 0, 3.141592653589793, 1.0
86, 189, 499, 663, 498, 667, 1, -4, -1.3258176636680326, 4.123105625617661
86, 190, 627, 70, 627, 69, 0, 1, 1.5707963267948966, 1.0
86, 191, 499, 699, 499, 707, 0, -8, -1.5707963267948966, 8.0
86, 192, 301, 393, 302, 393, -1, 0, 3.141592653589793, 1.0
86, 193, 1214, 193, 1214, 191, 0, 2, 1.5707963267948966, 2.0
86, 194, 296, 332, 297, 332, -1, 0, 3.141592653589793, 1.0
86, 195, 656, 59, 656, 60, 0, -1, -1.5707963267948966, 1.0
86, 196, 844, 650, 844, 655, 0, -5, -1.5707963267948966, 5.0
86, 197, 316, 20, 316, 20, 0, 0, 0.0, 0.0
86, 198, 289, 375, 290, 375, -1, 0, 3.141592653589793, 1.0
86, 199, 1212, 265, 1210, 263, 2, 2, 0.7853981633974483, 2.8284271247461903
86, 200, 107, 522, 109, 519, -2, 3, 2.158798930342464, 3.605551275463989
86, 201, 303, 371, 304, 371, -1, 0, 3.141592653589793, 1.0
86, 202, 1126, 350, 1129, 350, -3, 0, 3.141592653589793, 3.0
86, 203, 738, 19, 737, 19, 1, 0, 0.0, 1.0
86, 204, 691, 526, 692, 531, -1, -5, -1.7681918866447774, 5.0990195135927845
86, 205, 97, 522, 98, 519, -1, 3, 1.892546881191539, 3.1622776601683795
86, 206, 417, 386, 417, 387, 0, -1, -1.5707963267948966, 1.0
86, 207, 707, 556, 707, 558, 0, -2, -1.5707963267948966, 2.0
86, 208, 687, 540, 688, 545, -1, -5, -1.7681918866447774, 5.0990195135927845
86, 209, 181, 38, 182, 37, -1, 1, 2.356194490192345, 1.4142135623730951
86, 210, 1147, 280, 1150, 284, -3, -4, -2.214297435588181, 5.0
86, 211, 1205, 153, 1205, 151, 0, 2, 1.5707963267948966, 2.0
86, 212, 324, 358, 325, 358, -1, 0, 3.141592653589793, 1.0
86, 213, 1190, 238, 1190, 237, 0, 1, 1.5707963267948966, 1.0
86, 214, 40, 404, 38, 402, 2, 2, 0.7853981633974483, 2.8284271247461903
86, 215, 1130, 694, 1134, 692, -4, 2, 2.677945044588987, 4.47213595499958
86, 216, 485, 116, 486, 118, -1, -2, -2.0344439357957027, 2.23606797749979
86, 217, 720, 467, 722, 473, -2, -6, -1.892546881191539, 6.324555320336759
86, 218, 627, 113, 627, 112, 0, 1, 1.5707963267948966, 1.0
86, 219, 611, 78, 611, 78, 0, 0, 0.0, 0.0
86, 220, 1174, 207, 1174, 205, 0, 2, 1.5707963267948966, 2.0
86, 221, 258, 365, 259, 365, -1, 0, 3.141592653589793, 1.0
86, 222, 681, 520, 682, 525, -1, -5, -1.7681918866447774, 5.0990195135927845
86, 223, 61, 112, 62, 112, -1, 0, 3.141592653589793, 1.0
86, 224, 1100, 655, 1101, 655, -1, 0, 3.141592653589793, 1.0
86, 225, 1113, 110, 1113, 110, 0, 0, 0.0, 0.0
86, 226, 540, 110, 541, 110, -1, 0, 3.141592653589793, 1.0
87, 0, 270, 330, 271, 330, -1, 0, 3.141592653589793, 1.0
87, 1, 1138, 268, 1141, 273, -3, -5, -2.1112158270654806, 5.830951894845301
87, 2, 251, 346, 252, 346, -1, 0, 3.141592653589793, 1.0
87, 3, 259, 351, 260, 351, -1, 0, 3.141592653589793, 1.0
87, 4, 798, 639, 796, 641, 2, -2, -0.7853981633974483, 2.8284271247461903
87, 5, 811, 614, 811, 617, 0, -3, -1.5707963267948966, 3.0
87, 6, 303, 334, 304, 334, -1, 0, 3.141592653589793, 1.0
87, 7, 830, 29, 833, 29, -3, 0, 3.141592653589793, 3.0
87, 8, 96, 532, 95, 532, 1, 0, 0.0, 1.0
87, 9, 265, 346, 266, 346, -1, 0, 3.141592653589793, 1.0
87, 10, 482, 648, 482, 651, 0, -3, -1.5707963267948966, 3.0
87, 11, 725, 568, 728, 566, -3, 2, 2.5535900500422257, 3.605551275463989
87, 12, 902, 30, 905, 31, -3, -1, -2.819842099193151, 3.1622776601683795
87, 13, 465, 644, 466, 648, -1, -4, -1.8157749899217608, 4.123105625617661
87, 14, 1256, 161, 1256, 158, 0, 3, 1.5707963267948966, 3.0
87, 15, 826, 613, 826, 616, 0, -3, -1.5707963267948966, 3.0
87, 16, 331, 360, 332, 360, -1, 0, 3.141592653589793, 1.0
87, 17, 620, 39, 620, 36, 0, 3, 1.5707963267948966, 3.0
87, 18, 706, 399, 709, 400, -3, -1, -2.819842099193151, 3.1622776601683795
87, 19, 788, 232, 787, 236, 1, -4, -1.3258176636680326, 4.123105625617661
87, 20, 1238, 231, 1235, 229, 3, 2, 0.5880026035475675, 3.605551275463989
87, 21, 179, 21, 181, 20, -2, 1, 2.677945044588987, 2.23606797749979
87, 22, 142, 594, 142, 590, 0, 4, 1.5707963267948966, 4.0
87, 23, 492, 43, 493, 47, -1, -4, -1.8157749899217608, 4.123105625617661
87, 24, 696, 525, 698, 530, -2, -5, -1.9513027039072615, 5.385164807134504
87, 25, 485, 33, 486, 37, -1, -4, -1.8157749899217608, 4.123105625617661
87, 26, 778, 11, 779, 15, -1, -4, -1.8157749899217608, 4.123105625617661
87, 27, 683, 527, 682, 532, 1, -5, -1.373400766945016, 5.0990195135927845
87, 28, 496, 141, 500, 144, -4, -3, -2.498091544796509, 5.0
87, 29, 1100, 490, 1099, 491, 1, -1, -0.7853981633974483, 1.4142135623730951
87, 30, 89, 601, 92, 597, -3, 4, 2.214297435588181, 5.0
87, 31, 1120, 331, 1122, 330, -2, 1, 2.677945044588987, 2.23606797749979
87, 32, 674, 239, 674, 236, 0, 3, 1.5707963267948966, 3.0
87, 33, 813, 210, 813, 215, 0, -5, -1.5707963267948966, 5.0
87, 34, 257, 380, 258, 380, -1, 0, 3.141592653589793, 1.0
87, 35, 252, 396, 253, 396, -1, 0, 3.141592653589793, 1.0
87, 36, 594, 77, 595, 77, -1, 0, 3.141592653589793, 1.0
87, 37, 761, 125, 761, 122, 0, 3, 1.5707963267948966, 3.0
87, 38, 583, 106, 584, 106, -1, 0, 3.141592653589793, 1.0
87, 39, 625, 323, 626, 322, -1, 1, 2.356194490192345, 1.4142135623730951
87, 40, 482, 43, 483, 47, -1, -4, -1.8157749899217608, 4.123105625617661
87, 41, 685, 170, 688, 167, -3, 3, 2.356194490192345, 4.242640687119285
87, 42, 754, 119, 754, 116, 0, 3, 1.5707963267948966, 3.0
87, 43, 903, 38, 906, 39, -3, -1, -2.819842099193151, 3.1622776601683795
87, 44, 591, 48, 592, 48, -1, 0, 3.141592653589793, 1.0
87, 45, 1176, 77, 1175, 75, 1, 2, 1.1071487177940904, 2.23606797749979
87, 46, 693, 185, 695, 182, -2, 3, 2.158798930342464, 3.605551275463989
87, 47, 748, 188, 748, 187, 0, 1, 1.5707963267948966, 1.0
87, 48, 1207, 202, 1207, 198, 0, 4, 1.5707963267948966, 4.0
87, 49, 626, 232, 627, 228, -1, 4, 1.8157749899217608, 4.123105625617661
87, 50, 830, 11, 833, 12, -3, -1, -2.819842099193151, 3.1622776601683795
87, 51, 444, 695, 443, 701, 1, -6, -1.4056476493802699, 6.082762530298219
87, 52, 108, 38, 105, 38, 3, 0, 0.0, 3.0
87, 53, 1118, 53, 1116, 52, 2, 1, 0.4636476090008061, 2.23606797749979
87, 54, 738, 369, 739, 373, -1, -4, -1.8157749899217608, 4.123105625617661
87, 55, 1173, 118, 1171, 116, 2, 2, 0.7853981633974483, 2.8284271247461903
87, 56, 545, 35, 546, 35, -1, 0, 3.141592653589793, 1.0
87, 57, 1220, 264, 1218, 261, 2, 3, 0.982793723247329, 3.605551275463989
87, 58, 413, 314, 414, 311, -1, 3, 1.892546881191539, 3.1622776601683795
87, 59, 808, 232, 809, 236, -1, -4, -1.8157749899217608, 4.123105625617661
87, 60, 1153, 610, 1149, 608, 4, 2, 0.4636476090008061, 4.47213595499958
87, 61, 504, 150, 508, 153, -4, -3, -2.498091544796509, 5.0
87, 62, 1108, 97, 1107, 96, 1, 1, 0.7853981633974483, 1.4142135623730951
87, 63, 470, 219, 472, 224, -2, -5, -1.9513027039072615, 5.385164807134504
87, 64, 1130, 45, 1128, 43, 2, 2, 0.7853981633974483, 2.8284271247461903
87, 65, 1158, 38, 1154, 38, 4, 0, 0.0, 4.0
87, 66, 740, 560, 743, 557, -3, 3, 2.356194490192345, 4.242640687119285
87, 67, 938, 26, 939, 26, -1, 0, 3.141592653589793, 1.0
87, 68, 1114, 86, 1113, 84, 1, 2, 1.1071487177940904, 2.23606797749979
87, 69, 747, 416, 748, 419, -1, -3, -1.892546881191539, 3.1622776601683795
87, 70, 105, 70, 103, 71, 2, -1, -0.4636476090008061, 2.23606797749979
87, 71, 484, 215, 485, 220, -1, -5, -1.7681918866447774, 5.0990195135927845
87, 72, 1136, 517, 1136, 513, 0, 4, 1.5707963267948966, 4.0
87, 73, 494, 153, 498, 156, -4, -3, -2.498091544796509, 5.0
87, 74, 328, 374, 329, 374, -1, 0, 3.141592653589793, 1.0
87, 75, 814, 21, 817, 22, -3, -1, -2.819842099193151, 3.1622776601683795
87, 76, 316, 399, 317, 399, -1, 0, 3.141592653589793, 1.0
87, 77, 1127, 360, 1129, 362, -2, -2, -2.356194490192345, 2.8284271247461903
87, 78, 750, 125, 750, 122, 0, 3, 1.5707963267948966, 3.0
87, 79, 384, 345, 385, 342, -1, 3, 1.892546881191539, 3.1622776601683795
87, 80, 654, 17, 652, 20, 2, -3, -0.982793723247329, 3.605551275463989
87, 81, 389, 236, 389, 232, 0, 4, 1.5707963267948966, 4.0
87, 82, 690, 248, 690, 248, 0, 0, 0.0, 0.0
87, 83, 246, 413, 247, 413, -1, 0, 3.141592653589793, 1.0
87, 84, 846, 28, 848, 29, -2, -1, -2.677945044588987, 2.23606797749979
87, 85, 821, 28, 825, 28, -4, 0, 3.141592653589793, 4.0
87, 86, 283, 332, 284, 332, -1, 0, 3.141592653589793, 1.0
87, 87, 582, 39, 583, 39, -1, 0, 3.141592653589793, 1.0
87, 88, 1178, 244, 1179, 243, -1, 1, 2.356194490192345, 1.4142135623730951
87, 89, 936, 108, 937, 108, -1, 0, 3.141592653589793, 1.0
87, 90, 289, 385, 290, 385, -1, 0, 3.141592653589793, 1.0
87, 91, 1108, 461, 1108, 457, 0, 4, 1.5707963267948966, 4.0
87, 92, 666, 51, 666, 52, 0, -1, -1.5707963267948966, 1.0
87, 93, 420, 357, 423, 356, -3, 1, 2.819842099193151, 3.1622776601683795
87, 94, 799, 187, 798, 191, 1, -4, -1.3258176636680326, 4.123105625617661
87, 95, 477, 204, 479, 210, -2, -6, -1.892546881191539, 6.324555320336759
87, 96, 798, 670, 797, 674, 1, -4, -1.3258176636680326, 4.123105625617661
87, 97, 575, 57, 576, 57, -1, 0, 3.141592653589793, 1.0
87, 98, 107, 46, 104, 47, 3, -1, -0.3217505543966422, 3.1622776601683795
87, 99, 387, 270, 388, 267, -1, 3, 1.892546881191539, 3.1622776601683795
87, 100, 744, 570, 748, 568, -4, 2, 2.677945044588987, 4.47213595499958
87, 101, 548, 104, 549, 104, -1, 0, 3.141592653589793, 1.0
87, 102, 15, 365, 14, 363, 1, 2, 1.1071487177940904, 2.23606797749979
87, 103, 264, 388, 265, 388, -1, 0, 3.141592653589793, 1.0
87, 104, 1148, 146, 1148, 146, 0, 0, 0.0, 0.0
87, 105, 494, 249, 496, 253, -2, -4, -2.0344439357957027, 4.47213595499958
87, 106, 34, 463, 32, 464, 2, -1, -0.4636476090008061, 2.23606797749979
87, 107, 666, 576, 668, 578, -2, -2, -2.356194490192345, 2.8284271247461903
87, 108, 806, 196, 805, 200, 1, -4, -1.3258176636680326, 4.123105625617661
87, 109, 814, 677, 816, 679, -2, -2, -2.356194490192345, 2.8284271247461903
87, 110, 330, 414, 331, 414, -1, 0, 3.141592653589793, 1.0
87, 111, 295, 378, 296, 378, -1, 0, 3.141592653589793, 1.0
87, 112, 1220, 316, 1220, 315, 0, 1, 1.5707963267948966, 1.0
87, 113, 1111, 548, 1108, 551, 3, -3, -0.7853981633974483, 4.242640687119285
87, 114, 1260, 195, 1261, 195, -1, 0, 3.141592653589793, 1.0
87, 115, 62, 79, 63, 79, -1, 0, 3.141592653589793, 1.0
87, 116, 581, 114, 582, 114, -1, 0, 3.141592653589793, 1.0
87, 117, 1095, 608, 1094, 606, 1, 2, 1.1071487177940904, 2.23606797749979
87, 118, 119, 80, 116, 80, 3, 0, 0.0, 3.0
87, 119, 1252, 277, 1249, 276, 3, 1, 0.3217505543966422, 3.1622776601683795
87, 120, 47, 476, 44, 475, 3, 1, 0.3217505543966422, 3.1622776601683795
87, 121, 108, 81, 105, 81, 3, 0, 0.0, 3.0
87, 122, 487, 313, 488, 317, -1, -4, -1.8157749899217608, 4.123105625617661
87, 123, 78, 137, 79, 137, -1, 0, 3.141592653589793, 1.0
87, 124, 769, 11, 769, 15, 0, -4, -1.5707963267948966, 4.0
87, 125, 1207, 282, 1205, 283, 2, -1, -0.4636476090008061, 2.23606797749979
87, 126, 85, 151, 86, 151, -1, 0, 3.141592653589793, 1.0
87, 127, 399, 300, 399, 297, 0, 3, 1.5707963267948966, 3.0
87, 128, 932, 101, 933, 101, -1, 0, 3.141592653589793, 1.0
87, 129, 128, 95, 127, 96, 1, -1, -0.7853981633974483, 1.4142135623730951
87, 130, 688, 177, 690, 174, -2, 3, 2.158798930342464, 3.605551275463989
87, 131, 879, 10, 881, 10, -2, 0, 3.141592653589793, 2.0
87, 132, 1261, 268, 1261, 266, 0, 2, 1.5707963267948966, 2.0
87, 133, 245, 332, 246, 332, -1, 0, 3.141592653589793, 1.0
87, 134, 1130, 255, 1132, 259, -2, -4, -2.0344439357957027, 4.47213595499958
87, 135, 178, 683, 178, 679, 0, 4, 1.5707963267948966, 4.0
87, 136, 1177, 85, 1176, 83, 1, 2, 1.1071487177940904, 2.23606797749979
87, 137, 264, 415, 265, 415, -1, 0, 3.141592653589793, 1.0
87, 138, 137, 581, 138, 579, -1, 2, 2.0344439357957027, 2.23606797749979
87, 139, 123, 651, 122, 649, 1, 2, 1.1071487177940904, 2.23606797749979
87, 140, 112, 100, 111, 100, 1, 0, 0.0, 1.0
87, 141, 1142, 107, 1142, 107, 0, 0, 0.0, 0.0
87, 142, 1253, 235, 1251, 232, 2, 3, 0.982793723247329, 3.605551275463989
87, 143, 417, 268, 418, 264, -1, 4, 1.8157749899217608, 4.123105625617661
87, 144, 1094, 499, 1093, 499, 1, 0, 0.0, 1.0
87, 145, 636, 310, 637, 310, -1, 0, 3.141592653589793, 1.0
87, 146, 693, 534, 694, 540, -1, -6, -1.7359450042095235, 6.082762530298219
87, 147, 1132, 96, 1129, 94, 3, 2, 0.5880026035475675, 3.605551275463989
87, 148, 277, 356, 278, 356, -1, 0, 3.141592653589793, 1.0
87, 149, 398, 402, 399, 397, -1, 5, 1.7681918866447774, 5.0990195135927845
87, 150, 262, 397, 263, 397, -1, 0, 3.141592653589793, 1.0
87, 151, 1111, 304, 1114, 306, -3, -2, -2.5535900500422257, 3.605551275463989
87, 152, 1261, 286, 1261, 285, 0, 1, 1.5707963267948966, 1.0
87, 153, 142, 640, 146, 638, -4, 2, 2.677945044588987, 4.47213595499958
87, 154, 158, 30, 160, 30, -2, 0, 3.141592653589793, 2.0
87, 155, 1107, 562, 1101, 562, 6, 0, 0.0, 6.0
87, 156, 76, 151, 77, 151, -1, 0, 3.141592653589793, 1.0
87, 157, 609, 283, 610, 279, -1, 4, 1.8157749899217608, 4.123105625617661
87, 158, 748, 18, 745, 18, 3, 0, 0.0, 3.0
87, 159, 1260, 188, 1261, 186, -1, 2, 2.0344439357957027, 2.23606797749979
87, 160, 739, 157, 739, 157, 0, 0, 0.0, 0.0
87, 161, 1208, 164, 1208, 160, 0, 4, 1.5707963267948966, 4.0
87, 162, 730, 559, 734, 556, -4, 3, 2.498091544796509, 5.0
87, 163, 1125, 271, 1128, 275, -3, -4, -2.214297435588181, 5.0
87, 164, 326, 383, 327, 383, -1, 0, 3.141592653589793, 1.0
87, 165, 703, 563, 704, 565, -1, -2, -2.0344439357957027, 2.23606797749979
87, 166, 1158, 163, 1158, 163, 0, 0, 0.0, 0.0
87, 167, 746, 644, 748, 646, -2, -2, -2.356194490192345, 2.8284271247461903
87, 168, 773, 80, 774, 82, -1, -2, -2.0344439357957027, 2.23606797749979
87, 169, 240, 321, 241, 321, -1, 0, 3.141592653589793, 1.0
87, 170, 695, 507, 695, 512, 0, -5, -1.5707963267948966, 5.0
87, 171, 589, 114, 590, 114, -1, 0, 3.141592653589793, 1.0
87, 172, 803, 238, 805, 242, -2, -4, -2.0344439357957027, 4.47213595499958
87, 173, 877, 22, 880, 22, -3, 0, 3.141592653589793, 3.0
87, 174, 1122, 86, 1121, 84, 1, 2, 1.1071487177940904, 2.23606797749979
87, 175, 924, 102, 925, 102, -1, 0, 3.141592653589793, 1.0
87, 176, 264, 339, 265, 339, -1, 0, 3.141592653589793, 1.0
87, 177, 1137, 255, 1140, 259, -3, -4, -2.214297435588181, 5.0
87, 178, 323, 349, 324, 349, -1, 0, 3.141592653589793, 1.0
87, 179, 1261, 257, 1261, 253, 0, 4, 1.5707963267948966, 4.0
87, 180, 385, 357, 386, 354, -1, 3, 1.892546881191539, 3.1622776601683795
87, 181, 1146, 466, 1144, 463, 2, 3, 0.982793723247329, 3.605551275463989
87, 182, 896, 45, 898, 45, -2, 0, 3.141592653589793, 2.0
87, 183, 792, 630, 791, 633, 1, -3, -1.2490457723982544, 3.1622776601683795
87, 184, 331, 353, 332, 353, -1, 0, 3.141592653589793, 1.0
87, 185, 502, 659, 499, 663, 3, -4, -0.9272952180016122, 5.0
87, 186, 627, 74, 627, 70, 0, 4, 1.5707963267948966, 4.0
87, 187, 498, 691, 499, 699, -1, -8, -1.695151321341658, 8.06225774829855
87, 188, 300, 393, 301, 393, -1, 0, 3.141592653589793, 1.0
87, 189, 1215, 197, 1214, 193, 1, 4, 1.3258176636680326, 4.123105625617661
87, 190, 656, 57, 656, 59, 0, -2, -1.5707963267948966, 2.0
87, 191, 842, 648, 844, 650, -2, -2, -2.356194490192345, 2.8284271247461903
87, 192, 316, 20, 316, 20, 0, 0, 0.0, 0.0
87, 193, 288, 375, 289, 375, -1, 0, 3.141592653589793, 1.0
87, 194, 1214, 268, 1212, 265, 2, 3, 0.982793723247329, 3.605551275463989
87, 195, 104, 524, 107, 522, -3, 2, 2.5535900500422257, 3.605551275463989
87, 196, 302, 371, 303, 371, -1, 0, 3.141592653589793, 1.0
87, 197, 1124, 350, 1126, 350, -2, 0, 3.141592653589793, 2.0
87, 198, 741, 19, 738, 19, 3, 0, 0.0, 3.0
87, 199, 690, 521, 691, 526, -1, -5, -1.7681918866447774, 5.0990195135927845
87, 200, 97, 524, 97, 522, 0, 2, 1.5707963267948966, 2.0
87, 201, 416, 386, 417, 386, -1, 0, 3.141592653589793, 1.0
87, 202, 707, 554, 707, 556, 0, -2, -1.5707963267948966, 2.0
87, 203, 686, 534, 687, 540, -1, -6, -1.7359450042095235, 6.082762530298219
87, 204, 179, 40, 181, 38, -2, 2, 2.356194490192345, 2.8284271247461903
87, 205, 1144, 275, 1147, 280, -3, -5, -2.1112158270654806, 5.830951894845301
87, 206, 1206, 156, 1205, 153, 1, 3, 1.2490457723982544, 3.1622776601683795
87, 207, 323, 358, 324, 358, -1, 0, 3.141592653589793, 1.0
87, 208, 1191, 239, 1190, 238, 1, 1, 0.7853981633974483, 1.4142135623730951
87, 209, 43, 405, 40, 404, 3, 1, 0.3217505543966422, 3.1622776601683795
87, 210, 1129, 698, 1130, 694, -1, 4, 1.8157749899217608, 4.123105625617661
87, 211, 484, 114, 485, 116, -1, -2, -2.0344439357957027, 2.23606797749979
87, 212, 719, 463, 720, 467, -1, -4, -1.8157749899217608, 4.123105625617661
87, 213, 627, 114, 627, 113, 0, 1, 1.5707963267948966, 1.0
87, 214, 611, 79, 611, 78, 0, 1, 1.5707963267948966, 1.0
87, 215, 1175, 208, 1174, 207, 1, 1, 0.7853981633974483, 1.4142135623730951
87, 216, 257, 365, 258, 365, -1, 0, 3.141592653589793, 1.0
87, 217, 681, 515, 681, 520, 0, -5, -1.5707963267948966, 5.0
87, 218, 60, 112, 61, 112, -1, 0, 3.141592653589793, 1.0
87, 219, 1099, 655, 1100, 655, -1, 0, 3.141592653589793, 1.0
87, 220, 1113, 109, 1113, 110, 0, -1, -1.5707963267948966, 1.0
87, 221, 539, 110, 540, 110, -1, 0, 3.141592653589793, 1.0
88, 0, 277, 327, 278, 327, -1, 0, 3.141592653589793, 1.0
88, 1, 1145, 316, 1145, 318, 0, -2, -1.5707963267948966, 2.0
88, 2, 260, 351, 261, 351, -1, 0, 3.141592653589793, 1.0
88, 3, 86, 608, 89, 605, -3, 3, 2.356194490192345, 4.242640687119285
88, 4, 93, 543, 93, 540, 0, 3, 1.5707963267948966, 3.0
88, 5, 252, 346, 253, 346, -1, 0, 3.141592653589793, 1.0
88, 6, 828, 604, 828, 609, 0, -5, -1.5707963267948966, 5.0
88, 7, 1138, 269, 1140, 272, -2, -3, -2.158798930342464, 3.605551275463989
88, 8, 1111, 296, 1114, 300, -3, -4, -2.214297435588181, 5.0
88, 9, 814, 605, 813, 609, 1, -4, -1.3258176636680326, 4.123105625617661
88, 10, 1261, 165, 1262, 164, -1, 1, 2.356194490192345, 1.4142135623730951
88, 11, 497, 142, 499, 144, -2, -2, -2.356194490192345, 2.8284271247461903
88, 12, 399, 301, 399, 298, 0, 3, 1.5707963267948966, 3.0
88, 13, 799, 630, 797, 633, 2, -3, -0.982793723247329, 3.605551275463989
88, 14, 724, 573, 727, 569, -3, 4, 2.214297435588181, 5.0
88, 15, 782, 50, 783, 52, -1, -2, -2.0344439357957027, 2.23606797749979
88, 16, 709, 401, 710, 403, -1, -2, -2.0344439357957027, 2.23606797749979
88, 17, 743, 574, 747, 571, -4, 3, 2.498091544796509, 5.0
88, 18, 104, 606, 105, 602, -1, 4, 1.8157749899217608, 4.123105625617661
88, 19, 620, 40, 620, 38, 0, 2, 1.5707963267948966, 2.0
88, 20, 1238, 236, 1237, 232, 1, 4, 1.3258176636680326, 4.123105625617661
88, 21, 266, 346, 267, 346, -1, 0, 3.141592653589793, 1.0
88, 22, 269, 330, 270, 330, -1, 0, 3.141592653589793, 1.0
88, 23, 179, 21, 180, 21, -1, 0, 3.141592653589793, 1.0
88, 24, 1102, 502, 1101, 500, 1, 2, 1.1071487177940904, 2.23606797749979
88, 25, 332, 360, 333, 360, -1, 0, 3.141592653589793, 1.0
88, 26, 306, 335, 307, 335, -1, 0, 3.141592653589793, 1.0
88, 27, 484, 641, 484, 645, 0, -4, -1.5707963267948966, 4.0
88, 28, 831, 28, 833, 29, -2, -1, -2.677945044588987, 2.23606797749979
88, 29, 468, 640, 468, 645, 0, -5, -1.5707963267948966, 5.0
88, 30, 1176, 77, 1176, 77, 0, 0, 0.0, 0.0
88, 31, 496, 114, 496, 116, 0, -2, -1.5707963267948966, 2.0
88, 32, 510, 689, 511, 696, -1, -7, -1.7126933813990606, 7.0710678118654755
88, 33, 594, 77, 595, 77, -1, 0, 3.141592653589793, 1.0
88, 34, 762, 126, 762, 124, 0, 2, 1.5707963267948966, 2.0
88, 35, 681, 522, 681, 527, 0, -5, -1.5707963267948966, 5.0
88, 36, 471, 218, 472, 222, -1, -4, -1.8157749899217608, 4.123105625617661
88, 37, 699, 522, 700, 527, -1, -5, -1.7681918866447774, 5.0990195135927845
88, 38, 145, 602, 145, 597, 0, 5, 1.5707963267948966, 5.0
88, 39, 258, 381, 259, 381, -1, 0, 3.141592653589793, 1.0
88, 40, 673, 239, 674, 237, -1, 2, 2.0344439357957027, 2.23606797749979
88, 41, 537, 73, 538, 73, -1, 0, 3.141592653589793, 1.0
88, 42, 253, 396, 254, 396, -1, 0, 3.141592653589793, 1.0
88, 43, 843, 31, 845, 33, -2, -2, -2.356194490192345, 2.8284271247461903
88, 44, 831, 12, 833, 13, -2, -1, -2.677945044588987, 2.23606797749979
88, 45, 110, 82, 107, 83, 3, -1, -0.3217505543966422, 3.1622776601683795
88, 46, 692, 186, 694, 184, -2, 2, 2.356194490192345, 2.8284271247461903
88, 47, 1118, 52, 1118, 52, 0, 0, 0.0, 0.0
88, 48, 591, 48, 592, 48, -1, 0, 3.141592653589793, 1.0
88, 49, 755, 120, 755, 118, 0, 2, 1.5707963267948966, 2.0
88, 50, 506, 151, 508, 153, -2, -2, -2.356194490192345, 2.8284271247461903
88, 51, 445, 694, 445, 699, 0, -5, -1.5707963267948966, 5.0
88, 52, 685, 171, 687, 169, -2, 2, 2.356194490192345, 2.8284271247461903
88, 53, 637, 325, 638, 322, -1, 3, 1.892546881191539, 3.1622776601683795
88, 54, 1157, 39, 1156, 39, 1, 0, 0.0, 1.0
88, 55, 1208, 204, 1208, 201, 0, 3, 1.5707963267948966, 3.0
88, 56, 584, 107, 585, 107, -1, 0, 3.141592653589793, 1.0
88, 57, 111, 38, 107, 38, 4, 0, 0.0, 4.0
88, 58, 654, 18, 653, 21, 1, -3, -1.2490457723982544, 3.1622776601683795
88, 59, 739, 366, 740, 370, -1, -4, -1.8157749899217608, 4.123105625617661
88, 60, 628, 233, 628, 230, 0, 3, 1.5707963267948966, 3.0
88, 61, 492, 309, 492, 315, 0, -6, -1.5707963267948966, 6.0
88, 62, 1111, 467, 1111, 464, 0, 3, 1.5707963267948966, 3.0
88, 63, 1219, 330, 1216, 326, 3, 4, 0.9272952180016122, 5.0
88, 64, 1118, 339, 1121, 340, -3, -1, -2.819842099193151, 3.1622776601683795
88, 65, 144, 91, 141, 91, 3, 0, 0.0, 3.0
88, 66, 938, 26, 939, 26, -1, 0, 3.141592653589793, 1.0
88, 67, 790, 67, 792, 69, -2, -2, -2.356194490192345, 2.8284271247461903
88, 68, 747, 188, 748, 188, -1, 0, 3.141592653589793, 1.0
88, 69, 626, 323, 627, 322, -1, 1, 2.356194490192345, 1.4142135623730951
88, 70, 317, 399, 318, 399, -1, 0, 3.141592653589793, 1.0
88, 71, 677, 269, 678, 268, -1, 1, 2.356194490192345, 1.4142135623730951
88, 72, 247, 413, 248, 413, -1, 0, 3.141592653589793, 1.0
88, 73, 809, 234, 809, 237, 0, -3, -1.5707963267948966, 3.0
88, 74, 284, 350, 285, 350, -1, 0, 3.141592653589793, 1.0
88, 75, 1131, 44, 1130, 44, 1, 0, 0.0, 1.0
88, 76, 484, 215, 485, 219, -1, -4, -1.8157749899217608, 4.123105625617661
88, 77, 284, 331, 285, 331, -1, 0, 3.141592653589793, 1.0
88, 78, 799, 187, 799, 191, 0, -4, -1.5707963267948966, 4.0
88, 79, 750, 126, 750, 124, 0, 2, 1.5707963267948966, 2.0
88, 80, 747, 404, 748, 408, -1, -4, -1.8157749899217608, 4.123105625617661
88, 81, 385, 345, 386, 342, -1, 3, 1.892546881191539, 3.1622776601683795
88, 82, 688, 248, 689, 248, -1, 0, 3.141592653589793, 1.0
88, 83, 806, 195, 806, 199, 0, -4, -1.5707963267948966, 4.0
88, 84, 1171, 118, 1171, 117, 0, 1, 1.5707963267948966, 1.0
88, 85, 1219, 268, 1218, 264, 1, 4, 1.3258176636680326, 4.123105625617661
88, 86, 329, 374, 330, 374, -1, 0, 3.141592653589793, 1.0
88, 87, 122, 81, 119, 82, 3, -1, -0.3217505543966422, 3.1622776601683795
88, 88, 824, 27, 826, 28, -2, -1, -2.677945044588987, 2.23606797749979
88, 89, 937, 109, 938, 109, -1, 0, 3.141592653589793, 1.0
88, 90, 814, 210, 814, 214, 0, -4, -1.5707963267948966, 4.0
88, 91, 665, 50, 665, 52, 0, -2, -1.5707963267948966, 2.0
88, 92, 303, 350, 304, 350, -1, 0, 3.141592653589793, 1.0
88, 93, 475, 204, 476, 208, -1, -4, -1.8157749899217608, 4.123105625617661
88, 94, 110, 47, 106, 48, 4, -1, -0.24497866312686414, 4.123105625617661
88, 95, 290, 385, 291, 385, -1, 0, 3.141592653589793, 1.0
88, 96, 760, 190, 760, 188, 0, 2, 1.5707963267948966, 2.0
88, 97, 498, 680, 499, 686, -1, -6, -1.7359450042095235, 6.082762530298219
88, 98, 831, 660, 831, 665, 0, -5, -1.5707963267948966, 5.0
88, 99, 110, 69, 106, 69, 4, 0, 0.0, 4.0
88, 100, 496, 154, 498, 156, -2, -2, -2.356194490192345, 2.8284271247461903
88, 101, 390, 237, 390, 234, 0, 3, 1.5707963267948966, 3.0
88, 102, 550, 106, 551, 106, -1, 0, 3.141592653589793, 1.0
88, 103, 1177, 84, 1177, 84, 0, 0, 0.0, 0.0
88, 104, 1261, 196, 1264, 195, -3, 1, 2.819842099193151, 3.1622776601683795
88, 105, 739, 564, 743, 560, -4, 4, 2.356194490192345, 5.656854249492381
88, 106, 1180, 244, 1180, 244, 0, 0, 0.0, 0.0
88, 107, 1099, 616, 1097, 612, 2, 4, 1.1071487177940904, 4.47213595499958
88, 108, 79, 137, 80, 137, -1, 0, 3.141592653589793, 1.0
88, 109, 1211, 298, 1210, 296, 1, 2, 1.1071487177940904, 2.23606797749979
88, 110, 179, 687, 178, 683, 1, 4, 1.3258176636680326, 4.123105625617661
88, 111, 245, 332, 246, 332, -1, 0, 3.141592653589793, 1.0
88, 112, 582, 114, 583, 114, -1, 0, 3.141592653589793, 1.0
88, 113, 1126, 85, 1125, 84, 1, 1, 0.7853981633974483, 1.4142135623730951
88, 114, 296, 378, 297, 378, -1, 0, 3.141592653589793, 1.0
88, 115, 1143, 108, 1142, 107, 1, 1, 0.7853981633974483, 1.4142135623730951
88, 116, 1261, 259, 1267, 256, -6, 3, 2.677945044588987, 6.708203932499369
88, 117, 693, 531, 694, 536, -1, -5, -1.7681918866447774, 5.0990195135927845
88, 118, 136, 590, 137, 585, -1, 5, 1.7681918866447774, 5.0990195135927845
88, 119, 493, 181, 495, 183, -2, -2, -2.356194490192345, 2.8284271247461903
88, 120, 1126, 269, 1128, 273, -2, -4, -2.0344439357957027, 4.47213595499958
88, 121, 1130, 253, 1132, 257, -2, -4, -2.0344439357957027, 4.47213595499958
88, 122, 799, 661, 799, 666, 0, -5, -1.5707963267948966, 5.0
88, 123, 331, 414, 332, 414, -1, 0, 3.141592653589793, 1.0
88, 124, 1144, 529, 1141, 528, 3, 1, 0.3217505543966422, 3.1622776601683795
88, 125, 779, 10, 779, 13, 0, -3, -1.5707963267948966, 3.0
88, 126, 264, 389, 265, 389, -1, 0, 3.141592653589793, 1.0
88, 127, 47, 474, 43, 474, 4, 0, 0.0, 4.0
88, 128, 729, 564, 732, 560, -3, 4, 2.214297435588181, 5.0
88, 129, 85, 151, 86, 151, -1, 0, 3.141592653589793, 1.0
88, 130, 112, 100, 111, 100, 1, 0, 0.0, 1.0
88, 131, 933, 102, 934, 102, -1, 0, 3.141592653589793, 1.0
88, 132, 845, 640, 846, 644, -1, -4, -1.8157749899217608, 4.123105625617661
88, 133, 263, 397, 264, 397, -1, 0, 3.141592653589793, 1.0
88, 134, 746, 19, 743, 19, 3, 0, 0.0, 3.0
88, 135, 265, 415, 266, 415, -1, 0, 3.141592653589793, 1.0
88, 136, 126, 64, 123, 66, 3, -2, -0.5880026035475675, 3.605551275463989
88, 137, 397, 309, 397, 306, 0, 3, 1.5707963267948966, 3.0
88, 138, 62, 79, 63, 79, -1, 0, 3.141592653589793, 1.0
88, 139, 787, 232, 787, 235, 0, -3, -1.5707963267948966, 3.0
88, 140, 1209, 165, 1209, 162, 0, 3, 1.5707963267948966, 3.0
88, 141, 879, 22, 880, 22, -1, 0, 3.141592653589793, 1.0
88, 142, 1159, 78, 1158, 78, 1, 0, 0.0, 1.0
88, 143, 278, 357, 279, 357, -1, 0, 3.141592653589793, 1.0
88, 144, 794, 624, 793, 627, 1, -3, -1.2490457723982544, 3.1622776601683795
88, 145, 96, 534, 96, 530, 0, 4, 1.5707963267948966, 4.0
88, 146, 749, 579, 752, 576, -3, 3, 2.356194490192345, 4.242640687119285
88, 147, 1148, 474, 1146, 471, 2, 3, 0.982793723247329, 3.605551275463989
88, 148, 417, 387, 417, 387, 0, 0, 0.0, 0.0
88, 149, 696, 503, 696, 508, 0, -5, -1.5707963267948966, 5.0
88, 150, 18, 372, 17, 369, 1, 3, 1.2490457723982544, 3.1622776601683795
88, 151, 418, 269, 418, 266, 0, 3, 1.5707963267948966, 3.0
88, 152, 728, 454, 729, 456, -1, -2, -2.0344439357957027, 2.23606797749979
88, 153, 76, 152, 77, 152, -1, 0, 3.141592653589793, 1.0
88, 154, 327, 383, 328, 383, -1, 0, 3.141592653589793, 1.0
88, 155, 469, 633, 469, 638, 0, -5, -1.5707963267948966, 5.0
88, 156, 682, 511, 682, 516, 0, -5, -1.5707963267948966, 5.0
88, 157, 514, 230, 515, 233, -1, -3, -1.892546881191539, 3.1622776601683795
88, 158, 1196, 258, 1195, 253, 1, 5, 1.373400766945016, 5.0990195135927845
88, 159, 1117, 580, 1114, 579, 3, 1, 0.3217505543966422, 3.1622776601683795
88, 160, 385, 360, 386, 357, -1, 3, 1.892546881191539, 3.1622776601683795
88, 161, 518, 175, 520, 177, -2, -2, -2.356194490192345, 2.8284271247461903
88, 162, 1148, 147, 1148, 145, 0, 2, 1.5707963267948966, 2.0
88, 163, 160, 31, 161, 31, -1, 0, 3.141592653589793, 1.0
88, 164, 1158, 162, 1159, 162, -1, 0, 3.141592653589793, 1.0
88, 165, 611, 80, 611, 79, 0, 1, 1.5707963267948966, 1.0
88, 166, 105, 533, 107, 530, -2, 3, 2.158798930342464, 3.605551275463989
88, 167, 1129, 701, 1130, 704, -1, -3, -1.892546881191539, 3.1622776601683795
88, 168, 766, 159, 766, 158, 0, 1, 1.5707963267948966, 1.0
88, 169, 691, 517, 691, 522, 0, -5, -1.5707963267948966, 5.0
88, 170, 924, 103, 925, 103, -1, 0, 3.141592653589793, 1.0
88, 171, 1261, 187, 1264, 185, -3, 2, 2.5535900500422257, 3.605551275463989
88, 172, 1096, 510, 1095, 508, 1, 2, 1.1071487177940904, 2.23606797749979
88, 173, 1138, 99, 1137, 97, 1, 2, 1.1071487177940904, 2.23606797749979
88, 174, 301, 392, 302, 392, -1, 0, 3.141592653589793, 1.0
88, 175, 590, 114, 591, 114, -1, 0, 3.141592653589793, 1.0
88, 176, 388, 272, 388, 269, 0, 3, 1.5707963267948966, 3.0
88, 177, 656, 56, 656, 58, 0, -2, -1.5707963267948966, 2.0
88, 178, 617, 74, 617, 73, 0, 1, 1.5707963267948966, 1.0
88, 179, 1253, 239, 1252, 235, 1, 4, 1.3258176636680326, 4.123105625617661
88, 180, 1216, 197, 1216, 194, 0, 3, 1.5707963267948966, 3.0
88, 181, 289, 375, 290, 375, -1, 0, 3.141592653589793, 1.0
88, 182, 240, 321, 241, 321, -1, 0, 3.141592653589793, 1.0
88, 183, 1138, 254, 1140, 258, -2, -4, -2.0344439357957027, 4.47213595499958
88, 184, 1102, 656, 1101, 655, 1, 1, 0.7853981633974483, 1.4142135623730951
88, 185, 1261, 287, 1262, 286, -1, 1, 2.356194490192345, 1.4142135623730951
88, 186, 1206, 158, 1206, 155, 0, 3, 1.5707963267948966, 3.0
88, 187, 496, 247, 497, 251, -1, -4, -1.8157749899217608, 4.123105625617661
88, 188, 1161, 613, 1158, 610, 3, 3, 0.7853981633974483, 4.242640687119285
88, 189, 1208, 288, 1206, 285, 2, 3, 0.982793723247329, 3.605551275463989
88, 190, 489, 109, 489, 111, 0, -2, -1.5707963267948966, 2.0
88, 191, 609, 285, 609, 283, 0, 2, 1.5707963267948966, 2.0
88, 192, 825, 16, 827, 17, -2, -1, -2.677945044588987, 2.23606797749979
88, 193, 1254, 283, 1252, 281, 2, 2, 0.7853981633974483, 2.8284271247461903
88, 194, 628, 74, 628, 72, 0, 2, 1.5707963267948966, 2.0
88, 195, 1207, 277, 1206, 274, 1, 3, 1.2490457723982544, 3.1622776601683795
88, 196, 1178, 108, 1178, 107, 0, 1, 1.5707963267948966, 1.0
88, 197, 452, 650, 452, 655, 0, -5, -1.5707963267948966, 5.0
88, 198, 1112, 110, 1112, 110, 0, 0, 0.0, 0.0
88, 199, 498, 67, 499, 69, -1, -2, -2.0344439357957027, 2.23606797749979
88, 200, 304, 372, 305, 372, -1, 0, 3.141592653589793, 1.0
88, 201, 392, 369, 393, 365, -1, 4, 1.8157749899217608, 4.123105625617661
88, 202, 1133, 582, 1130, 579, 3, 3, 0.7853981633974483, 4.242640687119285
88, 203, 480, 624, 480, 629, 0, -5, -1.5707963267948966, 5.0
88, 204, 696, 610, 696, 612, 0, -2, -1.5707963267948966, 2.0
88, 205, 786, 215, 786, 217, 0, -2, -1.5707963267948966, 2.0
88, 206, 1117, 350, 1119, 352, -2, -2, -2.356194490192345, 2.8284271247461903
88, 207, 324, 349, 325, 349, -1, 0, 3.141592653589793, 1.0
88, 208, 1115, 84, 1115, 84, 0, 0, 0.0, 0.0
88, 209, 324, 358, 325, 358, -1, 0, 3.141592653589793, 1.0
88, 210, 540, 110, 541, 110, -1, 0, 3.141592653589793, 1.0
88, 211, 1261, 281, 1268, 279, -7, 2, 2.8632929945846817, 7.280109889280518
88, 212, 750, 642, 752, 639, -2, 3, 2.158798930342464, 3.605551275463989
88, 213, 889, 55, 890, 55, -1, 0, 3.141592653589793, 1.0
89, 0, 276, 327, 277, 327, -1, 0, 3.141592653589793, 1.0
89, 1, 1145, 314, 1145, 316, 0, -2, -1.5707963267948966, 2.0
89, 2, 259, 351, 260, 351, -1, 0, 3.141592653589793, 1.0
89, 3, 83, 611, 86, 608, -3, 3, 2.356194490192345, 4.242640687119285
89, 4, 93, 546, 93, 543, 0, 3, 1.5707963267948966, 3.0
89, 5, 251, 346, 252, 346, -1, 0, 3.141592653589793, 1.0
89, 6, 828, 599, 828, 604, 0, -5, -1.5707963267948966, 5.0
89, 7, 1135, 266, 1138, 269, -3, -3, -2.356194490192345, 4.242640687119285
89, 8, 1108, 292, 1111, 296, -3, -4, -2.214297435588181, 5.0
89, 9, 815, 601, 814, 605, 1, -4, -1.3258176636680326, 4.123105625617661
89, 10, 1260, 167, 1261, 165, -1, 2, 2.0344439357957027, 2.23606797749979
89, 11, 495, 140, 497, 142, -2, -2, -2.356194490192345, 2.8284271247461903
89, 12, 398, 303, 399, 301, -1, 2, 2.0344439357957027, 2.23606797749979
89, 13, 800, 627, 799, 630, 1, -3, -1.2490457723982544, 3.1622776601683795
89, 14, 721, 577, 724, 573, -3, 4, 2.214297435588181, 5.0
89, 15, 781, 48, 782, 50, -1, -2, -2.0344439357957027, 2.23606797749979
89, 16, 708, 399, 709, 401, -1, -2, -2.0344439357957027, 2.23606797749979
89, 17, 740, 576, 743, 574, -3, 2, 2.5535900500422257, 3.605551275463989
89, 18, 103, 610, 104, 606, -1, 4, 1.8157749899217608, 4.123105625617661
89, 19, 620, 42, 620, 40, 0, 2, 1.5707963267948966, 2.0
89, 20, 1239, 239, 1238, 236, 1, 3, 1.2490457723982544, 3.1622776601683795
89, 21, 265, 346, 266, 346, -1, 0, 3.141592653589793, 1.0
89, 22, 268, 330, 269, 330, -1, 0, 3.141592653589793, 1.0
89, 23, 178, 22, 179, 21, -1, 1, 2.356194490192345, 1.4142135623730951
89, 24, 1104, 504, 1102, 502, 2, 2, 0.7853981633974483, 2.8284271247461903
89, 25, 331, 360, 332, 360, -1, 0, 3.141592653589793, 1.0
89, 26, 305, 335, 306, 335, -1, 0, 3.141592653589793, 1.0
89, 27, 484, 637, 484, 641, 0, -4, -1.5707963267948966, 4.0
89, 28, 829, 28, 831, 28, -2, 0, 3.141592653589793, 2.0
89, 29, 468, 635, 468, 640, 0, -5, -1.5707963267948966, 5.0
89, 30, 1176, 78, 1176, 77, 0, 1, 1.5707963267948966, 1.0
89, 31, 495, 112, 496, 114, -1, -2, -2.0344439357957027, 2.23606797749979
89, 32, 507, 682, 510, 689, -3, -7, -1.97568811307998, 7.615773105863909
89, 33, 593, 77, 594, 77, -1, 0, 3.141592653589793, 1.0
89, 34, 762, 129, 762, 126, 0, 3, 1.5707963267948966, 3.0
89, 35, 681, 517, 681, 522, 0, -5, -1.5707963267948966, 5.0
89, 36, 470, 213, 471, 218, -1, -5, -1.7681918866447774, 5.0990195135927845
89, 37, 698, 517, 699, 522, -1, -5, -1.7681918866447774, 5.0990195135927845
89, 38, 144, 606, 145, 602, -1, 4, 1.8157749899217608, 4.123105625617661
89, 39, 257, 381, 258, 381, -1, 0, 3.141592653589793, 1.0
89, 40, 672, 240, 673, 239, -1, 1, 2.356194490192345, 1.4142135623730951
89, 41, 536, 73, 537, 73, -1, 0, 3.141592653589793, 1.0
89, 42, 252, 396, 253, 396, -1, 0, 3.141592653589793, 1.0
89, 43, 841, 30, 843, 31, -2, -1, -2.677945044588987, 2.23606797749979
89, 44, 829, 12, 831, 12, -2, 0, 3.141592653589793, 2.0
89, 45, 113, 81, 110, 82, 3, -1, -0.3217505543966422, 3.1622776601683795
89, 46, 690, 187, 692, 186, -2, 1, 2.677945044588987, 2.23606797749979
89, 47, 1118, 53, 1118, 52, 0, 1, 1.5707963267948966, 1.0
89, 48, 590, 48, 591, 48, -1, 0, 3.141592653589793, 1.0
89, 49, 755, 123, 755, 120, 0, 3, 1.5707963267948966, 3.0
89, 50, 504, 149, 506, 151, -2, -2, -2.356194490192345, 2.8284271247461903
89, 51, 446, 689, 445, 694, 1, -5, -1.373400766945016, 5.0990195135927845
89, 52, 683, 173, 685, 171, -2, 2, 2.356194490192345, 2.8284271247461903
89, 53, 636, 327, 637, 325, -1, 2, 2.0344439357957027, 2.23606797749979
89, 54, 1158, 39, 1157, 39, 1, 0, 0.0, 1.0
89, 55, 1208, 208, 1208, 204, 0, 4, 1.5707963267948966, 4.0
89, 56, 583, 107, 584, 107, -1, 0, 3.141592653589793, 1.0
89, 57, 115, 38, 111, 38, 4, 0, 0.0, 4.0
89, 58, 654, 16, 654, 18, 0, -2, -1.5707963267948966, 2.0
89, 59, 738, 362, 739, 366, -1, -4, -1.8157749899217608, 4.123105625617661
89, 60, 628, 236, 628, 233, 0, 3, 1.5707963267948966, 3.0
89, 61, 492, 303, 492, 309, 0, -6, -1.5707963267948966, 6.0
89, 62, 1111, 470, 1111, 467, 0, 3, 1.5707963267948966, 3.0
89, 63, 1222, 334, 1219, 330, 3, 4, 0.9272952180016122, 5.0
89, 64, 1116, 337, 1118, 339, -2, -2, -2.356194490192345, 2.8284271247461903
89, 65, 146, 92, 144, 91, 2, 1, 0.4636476090008061, 2.23606797749979
89, 66, 937, 26, 938, 26, -1, 0, 3.141592653589793, 1.0
89, 67, 747, 188, 747, 188, 0, 0, 0.0, 0.0
89, 68, 625, 323, 626, 323, -1, 0, 3.141592653589793, 1.0
89, 69, 316, 399, 317, 399, -1, 0, 3.141592653589793, 1.0
89, 70, 676, 269, 677, 269, -1, 0, 3.141592653589793, 1.0
89, 71, 246, 413, 247, 413, -1, 0, 3.141592653589793, 1.0
89, 72, 809, 231, 809, 234, 0, -3, -1.5707963267948966, 3.0
89, 73, 283, 350, 284, 350, -1, 0, 3.141592653589793, 1.0
89, 74, 1131, 44, 1131, 44, 0, 0, 0.0, 0.0
89, 75, 483, 210, 484, 215, -1, -5, -1.7681918866447774, 5.0990195135927845
89, 76, 799, 184, 799, 187, 0, -3, -1.5707963267948966, 3.0
89, 77, 750, 129, 750, 126, 0, 3, 1.5707963267948966, 3.0
89, 78, 746, 400, 747, 404, -1, -4, -1.8157749899217608, 4.123105625617661
89, 79, 383, 348, 385, 345, -2, 3, 2.158798930342464, 3.605551275463989
89, 80, 687, 248, 688, 248, -1, 0, 3.141592653589793, 1.0
89, 81, 806, 192, 806, 195, 0, -3, -1.5707963267948966, 3.0
89, 82, 1171, 119, 1171, 118, 0, 1, 1.5707963267948966, 1.0
89, 83, 1220, 272, 1219, 268, 1, 4, 1.3258176636680326, 4.123105625617661
89, 84, 328, 374, 329, 374, -1, 0, 3.141592653589793, 1.0
89, 85, 125, 80, 122, 81, 3, -1, -0.3217505543966422, 3.1622776601683795
89, 86, 822, 27, 824, 27, -2, 0, 3.141592653589793, 2.0
89, 87, 936, 109, 937, 109, -1, 0, 3.141592653589793, 1.0
89, 88, 814, 206, 814, 210, 0, -4, -1.5707963267948966, 4.0
89, 89, 665, 48, 665, 50, 0, -2, -1.5707963267948966, 2.0
89, 90, 302, 350, 303, 350, -1, 0, 3.141592653589793, 1.0
89, 91, 474, 199, 475, 204, -1, -5, -1.7681918866447774, 5.0990195135927845
89, 92, 114, 46, 110, 47, 4, -1, -0.24497866312686414, 4.123105625617661
89, 93, 289, 385, 290, 385, -1, 0, 3.141592653589793, 1.0
89, 94, 760, 192, 760, 190, 0, 2, 1.5707963267948966, 2.0
89, 95, 497, 674, 498, 680, -1, -6, -1.7359450042095235, 6.082762530298219
89, 96, 831, 655, 831, 660, 0, -5, -1.5707963267948966, 5.0
89, 97, 113, 68, 110, 69, 3, -1, -0.3217505543966422, 3.1622776601683795
89, 98, 494, 152, 496, 154, -2, -2, -2.356194490192345, 2.8284271247461903
89, 99, 390, 239, 390, 237, 0, 2, 1.5707963267948966, 2.0
89, 100, 549, 106, 550, 106, -1, 0, 3.141592653589793, 1.0
89, 101, 1177, 85, 1177, 84, 0, 1, 1.5707963267948966, 1.0
89, 102, 1261, 198, 1261, 196, 0, 2, 1.5707963267948966, 2.0
89, 103, 736, 568, 739, 564, -3, 4, 2.214297435588181, 5.0
89, 104, 1180, 244, 1180, 244, 0, 0, 0.0, 0.0
89, 105, 1101, 620, 1099, 616, 2, 4, 1.1071487177940904, 4.47213595499958
89, 106, 78, 137, 79, 137, -1, 0, 3.141592653589793, 1.0
89, 107, 1211, 300, 1211, 298, 0, 2, 1.5707963267948966, 2.0
89, 108, 180, 691, 179, 687, 1, 4, 1.3258176636680326, 4.123105625617661
89, 109, 244, 332, 245, 332, -1, 0, 3.141592653589793, 1.0
89, 110, 581, 114, 582, 114, -1, 0, 3.141592653589793, 1.0
89, 111, 1126, 86, 1126, 85, 0, 1, 1.5707963267948966, 1.0
89, 112, 295, 378, 296, 378, -1, 0, 3.141592653589793, 1.0
89, 113, 1144, 109, 1143, 108, 1, 1, 0.7853981633974483, 1.4142135623730951
89, 114, 1261, 261, 1261, 259, 0, 2, 1.5707963267948966, 2.0
89, 115, 692, 525, 693, 531, -1, -6, -1.7359450042095235, 6.082762530298219
89, 116, 135, 594, 136, 590, -1, 4, 1.8157749899217608, 4.123105625617661
89, 117, 492, 178, 493, 181, -1, -3, -1.892546881191539, 3.1622776601683795
89, 118, 1124, 265, 1126, 269, -2, -4, -2.0344439357957027, 4.47213595499958
89, 119, 1128, 250, 1130, 253, -2, -3, -2.158798930342464, 3.605551275463989
89, 120, 799, 658, 799, 661, 0, -3, -1.5707963267948966, 3.0
89, 121, 330, 414, 331, 414, -1, 0, 3.141592653589793, 1.0
89, 122, 1147, 530, 1144, 529, 3, 1, 0.3217505543966422, 3.1622776601683795
89, 123, 779, 9, 779, 10, 0, -1, -1.5707963267948966, 1.0
89, 124, 263, 389, 264, 389, -1, 0, 3.141592653589793, 1.0
89, 125, 50, 472, 47, 474, 3, -2, -0.5880026035475675, 3.605551275463989
89, 126, 726, 568, 729, 564, -3, 4, 2.214297435588181, 5.0
89, 127, 84, 151, 85, 151, -1, 0, 3.141592653589793, 1.0
89, 128, 113, 100, 112, 100, 1, 0, 0.0, 1.0
89, 129, 932, 102, 933, 102, -1, 0, 3.141592653589793, 1.0
89, 130, 844, 636, 845, 640, -1, -4, -1.8157749899217608, 4.123105625617661
89, 131, 262, 397, 263, 397, -1, 0, 3.141592653589793, 1.0
89, 132, 749, 19, 746, 19, 3, 0, 0.0, 3.0
89, 133, 264, 415, 265, 415, -1, 0, 3.141592653589793, 1.0
89, 134, 129, 62, 126, 64, 3, -2, -0.5880026035475675, 3.605551275463989
89, 135, 396, 312, 397, 309, -1, 3, 1.892546881191539, 3.1622776601683795
89, 136, 62, 79, 62, 79, 0, 0, 0.0, 0.0
89, 137, 787, 229, 787, 232, 0, -3, -1.5707963267948966, 3.0
89, 138, 1209, 169, 1209, 165, 0, 4, 1.5707963267948966, 4.0
89, 139, 878, 22, 879, 22, -1, 0, 3.141592653589793, 1.0
89, 140, 1160, 78, 1159, 78, 1, 0, 0.0, 1.0
89, 141, 277, 357, 278, 357, -1, 0, 3.141592653589793, 1.0
89, 142, 795, 620, 794, 624, 1, -4, -1.3258176636680326, 4.123105625617661
89, 143, 95, 538, 96, 534, -1, 4, 1.8157749899217608, 4.123105625617661
89, 144, 746, 582, 749, 579, -3, 3, 2.356194490192345, 4.242640687119285
89, 145, 1149, 477, 1148, 474, 1, 3, 1.2490457723982544, 3.1622776601683795
89, 146, 417, 387, 417, 387, 0, 0, 0.0, 0.0
89, 147, 696, 498, 696, 503, 0, -5, -1.5707963267948966, 5.0
89, 148, 19, 374, 18, 372, 1, 2, 1.1071487177940904, 2.23606797749979
89, 149, 418, 271, 418, 269, 0, 2, 1.5707963267948966, 2.0
89, 150, 728, 452, 728, 454, 0, -2, -1.5707963267948966, 2.0
89, 151, 76, 152, 76, 152, 0, 0, 0.0, 0.0
89, 152, 326, 383, 327, 383, -1, 0, 3.141592653589793, 1.0
89, 153, 469, 628, 469, 633, 0, -5, -1.5707963267948966, 5.0
89, 154, 682, 506, 682, 511, 0, -5, -1.5707963267948966, 5.0
89, 155, 513, 227, 514, 230, -1, -3, -1.892546881191539, 3.1622776601683795
89, 156, 1198, 261, 1196, 258, 2, 3, 0.982793723247329, 3.605551275463989
89, 157, 1120, 582, 1117, 580, 3, 2, 0.5880026035475675, 3.605551275463989
89, 158, 383, 363, 385, 360, -2, 3, 2.158798930342464, 3.605551275463989
89, 159, 516, 174, 518, 175, -2, -1, -2.677945044588987, 2.23606797749979
89, 160, 1148, 150, 1148, 147, 0, 3, 1.5707963267948966, 3.0
89, 161, 159, 31, 160, 31, -1, 0, 3.141592653589793, 1.0
89, 162, 1158, 162, 1158, 162, 0, 0, 0.0, 0.0
89, 163, 611, 81, 611, 80, 0, 1, 1.5707963267948966, 1.0
89, 164, 103, 536, 105, 533, -2, 3, 2.158798930342464, 3.605551275463989
89, 165, 1128, 701, 1129, 701, -1, 0, 3.141592653589793, 1.0
89, 166, 766, 161, 766, 159, 0, 2, 1.5707963267948966, 2.0
89, 167, 691, 512, 691, 517, 0, -5, -1.5707963267948966, 5.0
89, 168, 923, 103, 924, 103, -1, 0, 3.141592653589793, 1.0
89, 169, 1261, 189, 1261, 187, 0, 2, 1.5707963267948966, 2.0
89, 170, 1097, 512, 1096, 510, 1, 2, 1.1071487177940904, 2.23606797749979
89, 171, 1139, 101, 1138, 99, 1, 2, 1.1071487177940904, 2.23606797749979
89, 172, 300, 392, 301, 392, -1, 0, 3.141592653589793, 1.0
89, 173, 589, 114, 590, 114, -1, 0, 3.141592653589793, 1.0
89, 174, 388, 275, 388, 272, 0, 3, 1.5707963267948966, 3.0
89, 175, 656, 54, 656, 56, 0, -2, -1.5707963267948966, 2.0
89, 176, 617, 76, 617, 74, 0, 2, 1.5707963267948966, 2.0
89, 177, 1254, 243, 1253, 239, 1, 4, 1.3258176636680326, 4.123105625617661
89, 178, 1216, 201, 1216, 197, 0, 4, 1.5707963267948966, 4.0
89, 179, 288, 375, 289, 375, -1, 0, 3.141592653589793, 1.0
89, 180, 239, 321, 240, 321, -1, 0, 3.141592653589793, 1.0
89, 181, 1136, 251, 1138, 254, -2, -3, -2.158798930342464, 3.605551275463989
89, 182, 1104, 658, 1102, 656, 2, 2, 0.7853981633974483, 2.8284271247461903
89, 183, 1261, 288, 1261, 287, 0, 1, 1.5707963267948966, 1.0
89, 184, 1206, 162, 1206, 158, 0, 4, 1.5707963267948966, 4.0
89, 185, 494, 243, 496, 247, -2, -4, -2.0344439357957027, 4.47213595499958
89, 186, 1164, 615, 1161, 613, 3, 2, 0.5880026035475675, 3.605551275463989
89, 187, 1209, 290, 1208, 288, 1, 2, 1.1071487177940904, 2.23606797749979
89, 188, 489, 107, 489, 109, 0, -2, -1.5707963267948966, 2.0
89, 189, 609, 287, 609, 285, 0, 2, 1.5707963267948966, 2.0
89, 190, 823, 16, 825, 16, -2, 0, 3.141592653589793, 2.0
89, 191, 1256, 284, 1254, 283, 2, 1, 0.4636476090008061, 2.23606797749979
89, 192, 628, 76, 628, 74, 0, 2, 1.5707963267948966, 2.0
89, 193, 1208, 280, 1207, 277, 1, 3, 1.2490457723982544, 3.1622776601683795
89, 194, 1178, 109, 1178, 108, 0, 1, 1.5707963267948966, 1.0
89, 195, 452, 645, 452, 650, 0, -5, -1.5707963267948966, 5.0
89, 196, 1112, 110, 1112, 110, 0, 0, 0.0, 0.0
89, 197, 497, 65, 498, 67, -1, -2, -2.0344439357957027, 2.23606797749979
89, 198, 303, 372, 304, 372, -1, 0, 3.141592653589793, 1.0
89, 199, 391, 373, 392, 369, -1, 4, 1.8157749899217608, 4.123105625617661
89, 200, 1135, 585, 1133, 582, 2, 3, 0.982793723247329, 3.605551275463989
89, 201, 480, 619, 480, 624, 0, -5, -1.5707963267948966, 5.0
89, 202, 695, 607, 696, 610, -1, -3, -1.892546881191539, 3.1622776601683795
89, 203, 1115, 348, 1117, 350, -2, -2, -2.356194490192345, 2.8284271247461903
89, 204, 323, 349, 324, 349, -1, 0, 3.141592653589793, 1.0
89, 205, 1115, 84, 1115, 84, 0, 0, 0.0, 0.0
89, 206, 323, 358, 324, 358, -1, 0, 3.141592653589793, 1.0
89, 207, 539, 110, 540, 110, -1, 0, 3.141592653589793, 1.0
89, 208, 1261, 283, 1261, 281, 0, 2, 1.5707963267948966, 2.0
89, 209, 748, 643, 750, 642, -2, 1, 2.677945044588987, 2.23606797749979
89, 210, 888, 56, 889, 55, -1, 1, 2.356194490192345, 1.4142135623730951
90, 0, 91, 551, 91, 548, 0, 3, 1.5707963267948966, 3.0
90, 1, 708, 399, 709, 401, -1, -2, -2.0344439357957027, 2.23606797749979
90, 2, 277, 327, 278, 327, -1, 0, 3.141592653589793, 1.0
90, 3, 798, 624, 797, 627, 1, -3, -1.2490457723982544, 3.1622776601683795
90, 4, 1105, 512, 1103, 510, 2, 2, 0.7853981633974483, 2.8284271247461903
90, 5, 260, 351, 261, 351, -1, 0, 3.141592653589793, 1.0
90, 6, 251, 346, 252, 346, -1, 0, 3.141592653589793, 1.0
90, 7, 484, 635, 484, 639, 0, -4, -1.5707963267948966, 4.0
90, 8, 829, 595, 829, 600, 0, -5, -1.5707963267948966, 5.0
90, 9, 741, 579, 744, 576, -3, 3, 2.356194490192345, 4.242640687119285
90, 10, 1108, 292, 1111, 295, -3, -3, -2.356194490192345, 4.242640687119285
90, 11, 805, 29, 807, 30, -2, -1, -2.677945044588987, 2.23606797749979
90, 12, 814, 596, 814, 600, 0, -4, -1.5707963267948966, 4.0
90, 13, 621, 42, 621, 40, 0, 2, 1.5707963267948966, 2.0
90, 14, 829, 29, 831, 29, -2, 0, 3.141592653589793, 2.0
90, 15, 506, 669, 509, 675, -3, -6, -2.0344439357957027, 6.708203932499369
90, 16, 1240, 239, 1239, 236, 1, 3, 1.2490457723982544, 3.1622776601683795
90, 17, 305, 335, 306, 335, -1, 0, 3.141592653589793, 1.0
90, 18, 84, 618, 86, 614, -2, 4, 2.0344439357957027, 4.47213595499958
90, 19, 495, 140, 498, 143, -3, -3, -2.356194490192345, 4.242640687119285
90, 20, 1147, 315, 1147, 317, 0, -2, -1.5707963267948966, 2.0
90, 21, 1261, 168, 1262, 166, -1, 2, 2.0344439357957027, 2.23606797749979
90, 22, 268, 332, 269, 332, -1, 0, 3.141592653589793, 1.0
90, 23, 1135, 268, 1138, 270, -3, -2, -2.5535900500422257, 3.605551275463989
90, 24, 178, 23, 179, 22, -1, 1, 2.356194490192345, 1.4142135623730951
90, 25, 258, 381, 259, 381, -1, 0, 3.141592653589793, 1.0
90, 26, 1115, 475, 1115, 472, 0, 3, 1.5707963267948966, 3.0
90, 27, 698, 516, 699, 521, -1, -5, -1.7681918866447774, 5.0990195135927845
90, 28, 782, 47, 783, 49, -1, -2, -2.0344439357957027, 2.23606797749979
90, 29, 469, 634, 469, 639, 0, -5, -1.5707963267948966, 5.0
90, 30, 594, 77, 595, 77, -1, 0, 3.141592653589793, 1.0
90, 31, 332, 361, 333, 361, -1, 0, 3.141592653589793, 1.0
90, 32, 146, 609, 147, 604, -1, 5, 1.7681918866447774, 5.0990195135927845
90, 33, 1255, 164, 1256, 162, -1, 2, 2.0344439357957027, 2.23606797749979
90, 34, 903, 31, 904, 31, -1, 0, 3.141592653589793, 1.0
90, 35, 537, 73, 538, 73, -1, 0, 3.141592653589793, 1.0
90, 36, 253, 396, 254, 396, -1, 0, 3.141592653589793, 1.0
90, 37, 680, 516, 681, 521, -1, -5, -1.7681918866447774, 5.0990195135927845
90, 38, 829, 14, 831, 14, -2, 0, 3.141592653589793, 2.0
90, 39, 672, 240, 673, 239, -1, 1, 2.356194490192345, 1.4142135623730951
90, 40, 722, 579, 725, 575, -3, 4, 2.214297435588181, 5.0
90, 41, 1177, 79, 1177, 78, 0, 1, 1.5707963267948966, 1.0
90, 42, 116, 37, 112, 38, 4, -1, -0.24497866312686414, 4.123105625617661
90, 43, 504, 148, 507, 151, -3, -3, -2.356194490192345, 4.242640687119285
90, 44, 20, 375, 20, 373, 0, 2, 1.5707963267948966, 2.0
90, 45, 762, 130, 762, 127, 0, 3, 1.5707963267948966, 3.0
90, 46, 492, 701, 493, 708, -1, -7, -1.7126933813990606, 7.0710678118654755
90, 47, 656, 16, 655, 19, 1, -3, -1.2490457723982544, 3.1622776601683795
90, 48, 471, 213, 472, 218, -1, -5, -1.7681918866447774, 5.0990195135927845
90, 49, 1208, 209, 1208, 205, 0, 4, 1.5707963267948966, 4.0
90, 50, 591, 48, 592, 48, -1, 0, 3.141592653589793, 1.0
90, 51, 846, 27, 848, 28, -2, -1, -2.677945044588987, 2.23606797749979
90, 52, 1118, 54, 1118, 53, 0, 1, 1.5707963267948966, 1.0
90, 53, 755, 123, 755, 120, 0, 3, 1.5707963267948966, 3.0
90, 54, 144, 93, 143, 93, 1, 0, 0.0, 1.0
90, 55, 102, 611, 103, 607, -1, 4, 1.8157749899217608, 4.123105625617661
90, 56, 136, 597, 137, 593, -1, 4, 1.8157749899217608, 4.123105625617661
90, 57, 401, 304, 402, 302, -1, 2, 2.0344439357957027, 2.23606797749979
90, 58, 684, 171, 685, 170, -1, 1, 2.356194490192345, 1.4142135623730951
90, 59, 739, 362, 740, 366, -1, -4, -1.8157749899217608, 4.123105625617661
90, 60, 584, 107, 585, 107, -1, 0, 3.141592653589793, 1.0
90, 61, 691, 187, 692, 186, -1, 1, 2.356194490192345, 1.4142135623730951
90, 62, 447, 688, 446, 693, 1, -5, -1.373400766945016, 5.0990195135927845
90, 63, 677, 269, 678, 269, -1, 0, 3.141592653589793, 1.0
90, 64, 284, 350, 285, 350, -1, 0, 3.141592653589793, 1.0
90, 65, 114, 82, 111, 83, 3, -1, -0.3217505543966422, 3.1622776601683795
90, 66, 1223, 273, 1222, 269, 1, 4, 1.3258176636680326, 4.123105625617661
90, 67, 904, 39, 905, 39, -1, 0, 3.141592653589793, 1.0
90, 68, 247, 413, 248, 413, -1, 0, 3.141592653589793, 1.0
90, 69, 938, 26, 939, 26, -1, 0, 3.141592653589793, 1.0
90, 70, 583, 39, 584, 39, -1, 0, 3.141592653589793, 1.0
90, 71, 1131, 46, 1131, 45, 0, 1, 1.5707963267948966, 1.0
90, 72, 546, 35, 547, 35, -1, 0, 3.141592653589793, 1.0
90, 73, 266, 347, 267, 347, -1, 0, 3.141592653589793, 1.0
90, 74, 126, 80, 123, 81, 3, -1, -0.3217505543966422, 3.1622776601683795
90, 75, 1161, 78, 1160, 78, 1, 0, 0.0, 1.0
90, 76, 637, 336, 638, 333, -1, 3, 1.892546881191539, 3.1622776601683795
90, 77, 1159, 40, 1158, 40, 1, 0, 0.0, 1.0
90, 78, 317, 399, 318, 399, -1, 0, 3.141592653589793, 1.0
90, 79, 380, 349, 382, 346, -2, 3, 2.158798930342464, 3.605551275463989
90, 80, 800, 183, 800, 187, 0, -4, -1.5707963267948966, 4.0
90, 81, 749, 188, 749, 188, 0, 0, 0.0, 0.0
90, 82, 628, 237, 628, 233, 0, 4, 1.5707963267948966, 4.0
90, 83, 1212, 305, 1212, 304, 0, 1, 1.5707963267948966, 1.0
90, 84, 497, 665, 498, 671, -1, -6, -1.7359450042095235, 6.082762530298219
90, 85, 1126, 87, 1126, 86, 0, 1, 1.5707963267948966, 1.0
90, 86, 284, 331, 285, 331, -1, 0, 3.141592653589793, 1.0
90, 87, 1172, 120, 1172, 119, 0, 1, 1.5707963267948966, 1.0
90, 88, 484, 210, 485, 215, -1, -5, -1.7681918866447774, 5.0990195135927845
90, 89, 329, 374, 330, 374, -1, 0, 3.141592653589793, 1.0
90, 90, 391, 239, 391, 237, 0, 2, 1.5707963267948966, 2.0
90, 91, 813, 23, 815, 23, -2, 0, 3.141592653589793, 2.0
90, 92, 665, 50, 665, 52, 0, -2, -1.5707963267948966, 2.0
90, 93, 294, 359, 294, 360, 0, -1, -1.5707963267948966, 1.0
90, 94, 937, 109, 938, 109, -1, 0, 3.141592653589793, 1.0
90, 95, 287, 386, 288, 386, -1, 0, 3.141592653589793, 1.0
90, 96, 751, 130, 751, 127, 0, 3, 1.5707963267948966, 3.0
90, 97, 1165, 624, 1162, 623, 3, 1, 0.3217505543966422, 3.1622776601683795
90, 98, 736, 570, 739, 566, -3, 4, 2.214297435588181, 5.0
90, 99, 514, 228, 515, 231, -1, -3, -1.892546881191539, 3.1622776601683795
90, 100, 807, 192, 807, 196, 0, -4, -1.5707963267948966, 4.0
90, 101, 822, 28, 824, 28, -2, 0, 3.141592653589793, 2.0
90, 102, 810, 230, 810, 233, 0, -3, -1.5707963267948966, 3.0
90, 103, 114, 100, 112, 100, 2, 0, 0.0, 2.0
90, 104, 115, 47, 111, 48, 4, -1, -0.24497866312686414, 4.123105625617661
90, 105, 1123, 267, 1126, 270, -3, -3, -2.356194490192345, 4.242640687119285
90, 106, 726, 570, 729, 566, -3, 4, 2.214297435588181, 5.0
90, 107, 1198, 257, 1197, 255, 1, 2, 1.1071487177940904, 2.23606797749979
90, 108, 245, 332, 246, 332, -1, 0, 3.141592653589793, 1.0
90, 109, 729, 455, 729, 456, 0, -1, -1.5707963267948966, 1.0
90, 110, 762, 197, 762, 195, 0, 2, 1.5707963267948966, 2.0
90, 111, 626, 322, 627, 322, -1, 0, 3.141592653589793, 1.0
90, 112, 1108, 542, 1106, 541, 2, 1, 0.4636476090008061, 2.23606797749979
90, 113, 79, 137, 80, 137, -1, 0, 3.141592653589793, 1.0
90, 114, 303, 350, 304, 350, -1, 0, 3.141592653589793, 1.0
90, 115, 494, 151, 496, 154, -2, -3, -2.158798930342464, 3.605551275463989
90, 116, 180, 692, 179, 688, 1, 4, 1.3258176636680326, 4.123105625617661
90, 117, 493, 303, 492, 308, 1, -5, -1.373400766945016, 5.0990195135927845
90, 118, 1152, 481, 1150, 478, 2, 3, 0.982793723247329, 3.605551275463989
90, 119, 159, 32, 160, 32, -1, 0, 3.141592653589793, 1.0
90, 120, 295, 332, 296, 332, -1, 0, 3.141592653589793, 1.0
90, 121, 1179, 244, 1180, 244, -1, 0, 3.141592653589793, 1.0
90, 122, 552, 110, 553, 110, -1, 0, 3.141592653589793, 1.0
90, 123, 692, 525, 693, 530, -1, -5, -1.7681918866447774, 5.0990195135927845
90, 124, 10, 426, 10, 425, 0, 1, 1.5707963267948966, 1.0
90, 125, 1178, 86, 1178, 85, 0, 1, 1.5707963267948966, 1.0
90, 126, 575, 58, 576, 58, -1, 0, 3.141592653589793, 1.0
90, 127, 395, 308, 396, 306, -1, 2, 2.0344439357957027, 2.23606797749979
90, 128, 264, 389, 265, 389, -1, 0, 3.141592653589793, 1.0
90, 129, 582, 114, 583, 114, -1, 0, 3.141592653589793, 1.0
90, 130, 1103, 622, 1101, 617, 2, 5, 1.1902899496825317, 5.385164807134504
90, 131, 114, 71, 111, 72, 3, -1, -0.3217505543966422, 3.1622776601683795
90, 132, 1129, 251, 1131, 254, -2, -3, -2.158798930342464, 3.605551275463989
90, 133, 263, 397, 264, 397, -1, 0, 3.141592653589793, 1.0
90, 134, 767, 160, 767, 158, 0, 2, 1.5707963267948966, 2.0
90, 135, 477, 200, 478, 204, -1, -4, -1.8157749899217608, 4.123105625617661
90, 136, 1261, 261, 1269, 259, -8, 2, 2.896613990462929, 8.246211251235321
90, 137, 130, 65, 127, 66, 3, -1, -0.3217505543966422, 3.1622776601683795
90, 138, 932, 102, 933, 102, -1, 0, 3.141592653589793, 1.0
90, 139, 671, 549, 672, 553, -1, -4, -1.8157749899217608, 4.123105625617661
90, 140, 330, 414, 331, 414, -1, 0, 3.141592653589793, 1.0
90, 141, 403, 318, 404, 315, -1, 3, 1.892546881191539, 3.1622776601683795
90, 142, 384, 365, 386, 362, -2, 3, 2.158798930342464, 3.605551275463989
90, 143, 295, 378, 296, 378, -1, 0, 3.141592653589793, 1.0
90, 144, 85, 151, 86, 151, -1, 0, 3.141592653589793, 1.0
90, 145, 801, 603, 802, 606, -1, -3, -1.892546881191539, 3.1622776601683795
90, 146, 265, 415, 266, 415, -1, 0, 3.141592653589793, 1.0
90, 147, 846, 630, 847, 634, -1, -4, -1.8157749899217608, 4.123105625617661
90, 148, 688, 250, 689, 249, -1, 1, 2.356194490192345, 1.4142135623730951
90, 149, 1098, 518, 1097, 515, 1, 3, 1.2490457723982544, 3.1622776601683795
90, 150, 1128, 588, 1126, 585, 2, 3, 0.982793723247329, 3.605551275463989
90, 151, 1136, 307, 1137, 310, -1, -3, -1.892546881191539, 3.1622776601683795
90, 152, 1208, 170, 1208, 166, 0, 4, 1.5707963267948966, 4.0
90, 153, 713, 620, 716, 618, -3, 2, 2.5535900500422257, 3.605551275463989
90, 154, 713, 602, 716, 598, -3, 4, 2.214297435588181, 5.0
90, 155, 328, 383, 329, 383, -1, 0, 3.141592653589793, 1.0
90, 156, 697, 497, 697, 502, 0, -5, -1.5707963267948966, 5.0
90, 157, 76, 152, 77, 152, -1, 0, 3.141592653589793, 1.0
90, 158, 1159, 162, 1159, 162, 0, 0, 0.0, 0.0
90, 159, 343, 11, 342, 12, 1, -1, -0.7853981633974483, 1.4142135623730951
90, 160, 924, 103, 925, 103, -1, 0, 3.141592653589793, 1.0
90, 161, 878, 22, 879, 22, -1, 0, 3.141592653589793, 1.0
90, 162, 618, 76, 618, 75, 0, 1, 1.5707963267948966, 1.0
90, 163, 690, 511, 691, 516, -1, -5, -1.7681918866447774, 5.0990195135927845
90, 164, 278, 357, 279, 357, -1, 0, 3.141592653589793, 1.0
90, 165, 416, 387, 417, 387, -1, 0, 3.141592653589793, 1.0
90, 166, 418, 271, 418, 269, 0, 2, 1.5707963267948966, 2.0
90, 167, 392, 319, 394, 315, -2, 4, 2.0344439357957027, 4.47213595499958
90, 168, 62, 79, 63, 79, -1, 0, 3.141592653589793, 1.0
90, 169, 301, 392, 302, 392, -1, 0, 3.141592653589793, 1.0
90, 170, 492, 178, 494, 181, -2, -3, -2.158798930342464, 3.605551275463989
90, 171, 801, 652, 800, 655, 1, -3, -1.2490457723982544, 3.1622776601683795
90, 172, 590, 114, 591, 114, -1, 0, 3.141592653589793, 1.0
90, 173, 94, 616, 95, 613, -1, 3, 1.892546881191539, 3.1622776601683795
90, 174, 1129, 701, 1130, 704, -1, -3, -1.892546881191539, 3.1622776601683795
90, 175, 240, 321, 241, 321, -1, 0, 3.141592653589793, 1.0
90, 176, 888, 58, 889, 57, -1, 1, 2.356194490192345, 1.4142135623730951
90, 177, 1138, 287, 1140, 291, -2, -4, -2.0344439357957027, 4.47213595499958
90, 178, 820, 686, 819, 687, 1, -1, -0.7853981633974483, 1.4142135623730951
90, 179, 543, 42, 544, 42, -1, 0, 3.141592653589793, 1.0
90, 180, 1117, 112, 1117, 111, 0, 1, 1.5707963267948966, 1.0
90, 181, 439, 701, 437, 717, 2, -16, -1.446441332248135, 16.1245154965971
90, 182, 495, 243, 496, 247, -1, -4, -1.8157749899217608, 4.123105625617661
90, 183, 1139, 111, 1137, 109, 2, 2, 0.7853981633974483, 2.8284271247461903
90, 184, 939, 40, 940, 40, -1, 0, 3.141592653589793, 1.0
90, 185, 81, 108, 82, 108, -1, 0, 3.141592653589793, 1.0
90, 186, 1128, 313, 1131, 316, -3, -3, -2.356194490192345, 4.242640687119285
90, 187, 319, 17, 317, 18, 2, -1, -0.4636476090008061, 2.23606797749979
90, 188, 1258, 202, 1258, 200, 0, 2, 1.5707963267948966, 2.0
90, 189, 1116, 86, 1116, 86, 0, 0, 0.0, 0.0
90, 190, 290, 325, 291, 325, -1, 0, 3.141592653589793, 1.0
90, 191, 817, 652, 818, 658, -1, -6, -1.7359450042095235, 6.082762530298219
90, 192, 1149, 150, 1149, 148, 0, 2, 1.5707963267948966, 2.0
90, 193, 686, 178, 687, 177, -1, 1, 2.356194490192345, 1.4142135623730951
90, 194, 682, 505, 683, 510, -1, -5, -1.7681918866447774, 5.0990195135927845
90, 195, 757, 647, 757, 644, 0, 3, 1.5707963267948966, 3.0
90, 196, 894, 46, 896, 46, -2, 0, 3.141592653589793, 2.0
90, 197, 815, 206, 815, 210, 0, -4, -1.5707963267948966, 4.0
90, 198, 119, 662, 120, 657, -1, 5, 1.7681918866447774, 5.0990195135927845
90, 199, 799, 39, 801, 39, -2, 0, 3.141592653589793, 2.0
90, 200, 1178, 109, 1178, 108, 0, 1, 1.5707963267948966, 1.0
90, 201, 111, 616, 115, 614, -4, 2, 2.677945044588987, 4.47213595499958
90, 202, 797, 48, 800, 48, -3, 0, 3.141592653589793, 3.0
90, 203, 1255, 243, 1254, 239, 1, 4, 1.3258176636680326, 4.123105625617661
90, 204, 1261, 286, 1268, 284, -7, 2, 2.8632929945846817, 7.280109889280518
90, 205, 612, 81, 612, 80, 0, 1, 1.5707963267948966, 1.0
90, 206, 414, 362, 416, 361, -2, 1, 2.677945044588987, 2.23606797749979
90, 207, 788, 228, 788, 232, 0, -4, -1.5707963267948966, 4.0
90, 208, 1227, 338, 1224, 335, 3, 3, 0.7853981633974483, 4.242640687119285
90, 209, 676, 182, 677, 181, -1, 1, 2.356194490192345, 1.4142135623730951
90, 210, 610, 289, 610, 287, 0, 2, 1.5707963267948966, 2.0
90, 211, 1100, 535, 1098, 534, 2, 1, 0.4636476090008061, 2.23606797749979
90, 212, 324, 358, 325, 358, -1, 0, 3.141592653589793, 1.0
90, 213, 793, 264, 794, 268, -1, -4, -1.8157749899217608, 4.123105625617661
90, 214, 1206, 162, 1206, 159, 0, 3, 1.5707963267948966, 3.0
90, 215, 161, 45, 162, 45, -1, 0, 3.141592653589793, 1.0
90, 216, 304, 372, 305, 372, -1, 0, 3.141592653589793, 1.0
90, 217, 767, 145, 767, 142, 0, 3, 1.5707963267948966, 3.0
90, 218, 1136, 252, 1138, 255, -2, -3, -2.158798930342464, 3.605551275463989
90, 219, 628, 76, 628, 74, 0, 2, 1.5707963267948966, 2.0
90, 220, 1149, 537, 1146, 536, 3, 1, 0.3217505543966422, 3.1622776601683795
90, 221, 715, 629, 717, 627, -2, 2, 2.356194490192345, 2.8284271247461903
90, 222, 1189, 216, 1190, 213, -1, 3, 1.892546881191539, 3.1622776601683795
90, 223, 131, 604, 133, 599, -2, 5, 1.9513027039072615, 5.385164807134504
90, 224, 110, 548, 112, 546, -2, 2, 2.356194490192345, 2.8284271247461903
90, 225, 104, 540, 106, 537, -2, 3, 2.158798930342464, 3.605551275463989
90, 226, 60, 112, 61, 112, -1, 0, 3.141592653589793, 1.0
90, 227, 720, 636, 722, 633, -2, 3, 2.158798930342464, 3.605551275463989
90, 228, 685, 602, 687, 605, -2, -3, -2.158798930342464, 3.605551275463989
90, 229, 1215, 276, 1214, 272, 1, 4, 1.3258176636680326, 4.123105625617661
90, 230, 454, 644, 454, 649, 0, -5, -1.5707963267948966, 5.0
90, 231, 176, 46, 177, 45, -1, 1, 2.356194490192345, 1.4142135623730951
91, 0, 90, 555, 91, 551, -1, 4, 1.8157749899217608, 4.123105625617661
91, 1, 707, 397, 708, 399, -1, -2, -2.0344439357957027, 2.23606797749979
91, 2, 276, 327, 277, 327, -1, 0, 3.141592653589793, 1.0
91, 3, 799, 623, 798, 624, 1, -1, -0.7853981633974483, 1.4142135623730951
91, 4, 1107, 515, 1105, 512, 2, 3, 0.982793723247329, 3.605551275463989
91, 5, 259, 351, 260, 351, -1, 0, 3.141592653589793, 1.0
91, 6, 250, 346, 251, 346, -1, 0, 3.141592653589793, 1.0
91, 7, 484, 631, 484, 635, 0, -4, -1.5707963267948966, 4.0
91, 8, 829, 590, 829, 595, 0, -5, -1.5707963267948966, 5.0
91, 9, 738, 582, 741, 579, -3, 3, 2.356194490192345, 4.242640687119285
91, 10, 1105, 289, 1108, 292, -3, -3, -2.356194490192345, 4.242640687119285
91, 11, 803, 28, 805, 29, -2, -1, -2.677945044588987, 2.23606797749979
91, 12, 814, 592, 814, 596, 0, -4, -1.5707963267948966, 4.0
91, 13, 621, 43, 621, 42, 0, 1, 1.5707963267948966, 1.0
91, 14, 827, 29, 829, 29, -2, 0, 3.141592653589793, 2.0
91, 15, 505, 664, 506, 669, -1, -5, -1.7681918866447774, 5.0990195135927845
91, 16, 1241, 242, 1240, 239, 1, 3, 1.2490457723982544, 3.1622776601683795
91, 17, 304, 335, 305, 335, -1, 0, 3.141592653589793, 1.0
91, 18, 82, 621, 84, 618, -2, 3, 2.158798930342464, 3.605551275463989
91, 19, 493, 137, 495, 140, -2, -3, -2.158798930342464, 3.605551275463989
91, 20, 1146, 313, 1147, 315, -1, -2, -2.0344439357957027, 2.23606797749979
91, 21, 1260, 171, 1261, 168, -1, 3, 1.892546881191539, 3.1622776601683795
91, 22, 267, 332, 268, 332, -1, 0, 3.141592653589793, 1.0
91, 23, 1133, 265, 1135, 268, -2, -3, -2.158798930342464, 3.605551275463989
91, 24, 177, 24, 178, 23, -1, 1, 2.356194490192345, 1.4142135623730951
91, 25, 257, 381, 258, 381, -1, 0, 3.141592653589793, 1.0
91, 26, 1116, 478, 1115, 475, 1, 3, 1.2490457723982544, 3.1622776601683795
91, 27, 697, 511, 698, 516, -1, -5, -1.7681918866447774, 5.0990195135927845
91, 28, 781, 45, 782, 47, -1, -2, -2.0344439357957027, 2.23606797749979
91, 29, 469, 629, 469, 634, 0, -5, -1.5707963267948966, 5.0
91, 30, 593, 77, 594, 77, -1, 0, 3.141592653589793, 1.0
91, 31, 331, 361, 332, 361, -1, 0, 3.141592653589793, 1.0
91, 32, 144, 614, 146, 609, -2, 5, 1.9513027039072615, 5.385164807134504
91, 33, 1254, 166, 1255, 164, -1, 2, 2.0344439357957027, 2.23606797749979
91, 34, 536, 73, 537, 73, -1, 0, 3.141592653589793, 1.0
91, 35, 252, 396, 253, 396, -1, 0, 3.141592653589793, 1.0
91, 36, 679, 511, 680, 516, -1, -5, -1.7681918866447774, 5.0990195135927845
91, 37, 827, 13, 829, 14, -2, -1, -2.677945044588987, 2.23606797749979
91, 38, 671, 241, 672, 240, -1, 1, 2.356194490192345, 1.4142135623730951
91, 39, 719, 583, 722, 579, -3, 4, 2.214297435588181, 5.0
91, 40, 1177, 80, 1177, 79, 0, 1, 1.5707963267948966, 1.0
91, 41, 119, 36, 116, 37, 3, -1, -0.3217505543966422, 3.1622776601683795
91, 42, 502, 145, 504, 148, -2, -3, -2.158798930342464, 3.605551275463989
91, 43, 21, 377, 20, 375, 1, 2, 1.1071487177940904, 2.23606797749979
91, 44, 762, 133, 762, 130, 0, 3, 1.5707963267948966, 3.0
91, 45, 492, 696, 492, 701, 0, -5, -1.5707963267948966, 5.0
91, 46, 657, 13, 656, 16, 1, -3, -1.2490457723982544, 3.1622776601683795
91, 47, 470, 208, 471, 213, -1, -5, -1.7681918866447774, 5.0990195135927845
91, 48, 1209, 212, 1208, 209, 1, 3, 1.2490457723982544, 3.1622776601683795
91, 49, 590, 48, 591, 48, -1, 0, 3.141592653589793, 1.0
91, 50, 844, 26, 846, 27, -2, -1, -2.677945044588987, 2.23606797749979
91, 51, 1119, 55, 1118, 54, 1, 1, 0.7853981633974483, 1.4142135623730951
91, 52, 755, 126, 755, 123, 0, 3, 1.5707963267948966, 3.0
91, 53, 145, 93, 144, 93, 1, 0, 0.0, 1.0
91, 54, 101, 615, 102, 611, -1, 4, 1.8157749899217608, 4.123105625617661
91, 55, 135, 602, 136, 597, -1, 5, 1.7681918866447774, 5.0990195135927845
91, 56, 400, 306, 401, 304, -1, 2, 2.0344439357957027, 2.23606797749979
91, 57, 683, 172, 684, 171, -1, 1, 2.356194490192345, 1.4142135623730951
91, 58, 738, 358, 739, 362, -1, -4, -1.8157749899217608, 4.123105625617661
91, 59, 583, 107, 584, 107, -1, 0, 3.141592653589793, 1.0
91, 60, 690, 188, 691, 187, -1, 1, 2.356194490192345, 1.4142135623730951
91, 61, 448, 683, 447, 688, 1, -5, -1.373400766945016, 5.0990195135927845
91, 62, 677, 269, 677, 269, 0, 0, 0.0, 0.0
91, 63, 118, 82, 114, 82, 4, 0, 0.0, 4.0
91, 64, 1224, 277, 1223, 273, 1, 4, 1.3258176636680326, 4.123105625617661
91, 65, 246, 413, 247, 413, -1, 0, 3.141592653589793, 1.0
91, 66, 582, 39, 583, 39, -1, 0, 3.141592653589793, 1.0
91, 67, 1132, 47, 1131, 46, 1, 1, 0.7853981633974483, 1.4142135623730951
91, 68, 545, 35, 546, 35, -1, 0, 3.141592653589793, 1.0
91, 69, 265, 347, 266, 347, -1, 0, 3.141592653589793, 1.0
91, 70, 130, 80, 126, 80, 4, 0, 0.0, 4.0
91, 71, 1162, 78, 1161, 78, 1, 0, 0.0, 1.0
91, 72, 635, 339, 637, 336, -2, 3, 2.158798930342464, 3.605551275463989
91, 73, 1160, 41, 1159, 40, 1, 1, 0.7853981633974483, 1.4142135623730951
91, 74, 316, 399, 317, 399, -1, 0, 3.141592653589793, 1.0
91, 75, 378, 352, 380, 349, -2, 3, 2.158798930342464, 3.605551275463989
91, 76, 800, 179, 800, 183, 0, -4, -1.5707963267948966, 4.0
91, 77, 748, 188, 749, 188, -1, 0, 3.141592653589793, 1.0
91, 78, 628, 241, 628, 237, 0, 4, 1.5707963267948966, 4.0
91, 79, 1212, 305, 1212, 305, 0, 0, 0.0, 0.0
91, 80, 497, 660, 497, 665, 0, -5, -1.5707963267948966, 5.0
91, 81, 1126, 87, 1126, 87, 0, 0, 0.0, 0.0
91, 82, 283, 331, 284, 331, -1, 0, 3.141592653589793, 1.0
91, 83, 1172, 121, 1172, 120, 0, 1, 1.5707963267948966, 1.0
91, 84, 483, 205, 484, 210, -1, -5, -1.7681918866447774, 5.0990195135927845
91, 85, 328, 374, 329, 374, -1, 0, 3.141592653589793, 1.0
91, 86, 390, 240, 391, 239, -1, 1, 2.356194490192345, 1.4142135623730951
91, 87, 811, 22, 813, 23, -2, -1, -2.677945044588987, 2.23606797749979
91, 88, 666, 48, 665, 50, 1, -2, -1.1071487177940904, 2.23606797749979
91, 89, 936, 109, 937, 109, -1, 0, 3.141592653589793, 1.0
91, 90, 286, 386, 287, 386, -1, 0, 3.141592653589793, 1.0
91, 91, 751, 133, 751, 130, 0, 3, 1.5707963267948966, 3.0
91, 92, 1167, 626, 1165, 624, 2, 2, 0.7853981633974483, 2.8284271247461903
91, 93, 733, 573, 736, 570, -3, 3, 2.356194490192345, 4.242640687119285
91, 94, 513, 225, 514, 228, -1, -3, -1.892546881191539, 3.1622776601683795
91, 95, 807, 188, 807, 192, 0, -4, -1.5707963267948966, 4.0
91, 96, 820, 28, 822, 28, -2, 0, 3.141592653589793, 2.0
91, 97, 810, 227, 810, 230, 0, -3, -1.5707963267948966, 3.0
91, 98, 116, 100, 114, 100, 2, 0, 0.0, 2.0
91, 99, 119, 45, 115, 47, 4, -2, -0.4636476090008061, 4.47213595499958
91, 100, 1121, 264, 1123, 267, -2, -3, -2.158798930342464, 3.605551275463989
91, 101, 723, 573, 726, 570, -3, 3, 2.356194490192345, 4.242640687119285
91, 102, 1197, 260, 1198, 257, -1, 3, 1.892546881191539, 3.1622776601683795
91, 103, 244, 332, 245, 332, -1, 0, 3.141592653589793, 1.0
91, 104, 762, 199, 762, 197, 0, 2, 1.5707963267948966, 2.0
91, 105, 1109, 543, 1108, 542, 1, 1, 0.7853981633974483, 1.4142135623730951
91, 106, 78, 137, 79, 137, -1, 0, 3.141592653589793, 1.0
91, 107, 492, 148, 494, 151, -2, -3, -2.158798930342464, 3.605551275463989
91, 108, 181, 696, 180, 692, 1, 4, 1.3258176636680326, 4.123105625617661
91, 109, 493, 300, 493, 303, 0, -3, -1.5707963267948966, 3.0
91, 110, 1154, 484, 1152, 481, 2, 3, 0.982793723247329, 3.605551275463989
91, 111, 158, 32, 159, 32, -1, 0, 3.141592653589793, 1.0
91, 112, 1179, 244, 1179, 244, 0, 0, 0.0, 0.0
91, 113, 551, 110, 552, 110, -1, 0, 3.141592653589793, 1.0
91, 114, 691, 520, 692, 525, -1, -5, -1.7681918866447774, 5.0990195135927845
91, 115, 10, 427, 10, 426, 0, 1, 1.5707963267948966, 1.0
91, 116, 1178, 87, 1178, 86, 0, 1, 1.5707963267948966, 1.0
91, 117, 574, 58, 575, 58, -1, 0, 3.141592653589793, 1.0
91, 118, 393, 310, 395, 308, -2, 2, 2.356194490192345, 2.8284271247461903
91, 119, 263, 389, 264, 389, -1, 0, 3.141592653589793, 1.0
91, 120, 581, 114, 582, 114, -1, 0, 3.141592653589793, 1.0
91, 121, 1105, 627, 1103, 622, 2, 5, 1.1902899496825317, 5.385164807134504
91, 122, 117, 70, 114, 71, 3, -1, -0.3217505543966422, 3.1622776601683795
91, 123, 1127, 248, 1129, 251, -2, -3, -2.158798930342464, 3.605551275463989
91, 124, 262, 397, 263, 397, -1, 0, 3.141592653589793, 1.0
91, 125, 767, 163, 767, 160, 0, 3, 1.5707963267948966, 3.0
91, 126, 476, 195, 477, 200, -1, -5, -1.7681918866447774, 5.0990195135927845
91, 127, 1261, 262, 1261, 261, 0, 1, 1.5707963267948966, 1.0
91, 128, 133, 65, 130, 65, 3, 0, 0.0, 3.0
91, 129, 931, 102, 932, 102, -1, 0, 3.141592653589793, 1.0
91, 130, 670, 547, 671, 549, -1, -2, -2.0344439357957027, 2.23606797749979
91, 131, 329, 414, 330, 414, -1, 0, 3.141592653589793, 1.0
91, 132, 402, 320, 403, 318, -1, 2, 2.0344439357957027, 2.23606797749979
91, 133, 382, 368, 384, 365, -2, 3, 2.158798930342464, 3.605551275463989
91, 134, 294, 378, 295, 378, -1, 0, 3.141592653589793, 1.0
91, 135, 799, 599, 801, 603, -2, -4, -2.0344439357957027, 4.47213595499958
91, 136, 264, 415, 265, 415, -1, 0, 3.141592653589793, 1.0
91, 137, 845, 626, 846, 630, -1, -4, -1.8157749899217608, 4.123105625617661
91, 138, 687, 253, 688, 250, -1, 3, 1.892546881191539, 3.1622776601683795
91, 139, 1100, 521, 1098, 518, 2, 3, 0.982793723247329, 3.605551275463989
91, 140, 1128, 592, 1128, 588, 0, 4, 1.5707963267948966, 4.0
91, 141, 1134, 304, 1136, 307, -2, -3, -2.158798930342464, 3.605551275463989
91, 142, 1208, 174, 1208, 170, 0, 4, 1.5707963267948966, 4.0
91, 143, 710, 622, 713, 620, -3, 2, 2.5535900500422257, 3.605551275463989
91, 144, 710, 605, 713, 602, -3, 3, 2.356194490192345, 4.242640687119285
91, 145, 328, 383, 328, 383, 0, 0, 0.0, 0.0
91, 146, 697, 493, 697, 497, 0, -4, -1.5707963267948966, 4.0
91, 147, 1159, 162, 1159, 162, 0, 0, 0.0, 0.0
91, 148, 343, 10, 343, 11, 0, -1, -1.5707963267948966, 1.0
91, 149, 923, 103, 924, 103, -1, 0, 3.141592653589793, 1.0
91, 150, 618, 77, 618, 76, 0, 1, 1.5707963267948966, 1.0
91, 151, 690, 506, 690, 511, 0, -5, -1.5707963267948966, 5.0
91, 152, 277, 357, 278, 357, -1, 0, 3.141592653589793, 1.0
91, 153, 415, 387, 416, 387, -1, 0, 3.141592653589793, 1.0
91, 154, 418, 273, 418, 271, 0, 2, 1.5707963267948966, 2.0
91, 155, 390, 322, 392, 319, -2, 3, 2.158798930342464, 3.605551275463989
91, 156, 61, 79, 62, 79, -1, 0, 3.141592653589793, 1.0
91, 157, 300, 392, 301, 392, -1, 0, 3.141592653589793, 1.0
91, 158, 490, 174, 492, 178, -2, -4, -2.0344439357957027, 4.47213595499958
91, 159, 802, 649, 801, 652, 1, -3, -1.2490457723982544, 3.1622776601683795
91, 160, 589, 114, 590, 114, -1, 0, 3.141592653589793, 1.0
91, 161, 94, 619, 94, 616, 0, 3, 1.5707963267948966, 3.0
91, 162, 1128, 701, 1129, 701, -1, 0, 3.141592653589793, 1.0
91, 163, 239, 321, 240, 321, -1, 0, 3.141592653589793, 1.0
91, 164, 887, 58, 888, 58, -1, 0, 3.141592653589793, 1.0
91, 165, 1136, 284, 1138, 287, -2, -3, -2.158798930342464, 3.605551275463989
91, 166, 821, 685, 820, 686, 1, -1, -0.7853981633974483, 1.4142135623730951
91, 167, 542, 42, 543, 42, -1, 0, 3.141592653589793, 1.0
91, 168, 1117, 113, 1117, 112, 0, 1, 1.5707963267948966, 1.0
91, 169, 440, 697, 439, 701, 1, -4, -1.3258176636680326, 4.123105625617661
91, 170, 494, 239, 495, 243, -1, -4, -1.8157749899217608, 4.123105625617661
91, 171, 1142, 113, 1139, 111, 3, 2, 0.5880026035475675, 3.605551275463989
91, 172, 938, 40, 939, 40, -1, 0, 3.141592653589793, 1.0
91, 173, 1125, 310, 1128, 313, -3, -3, -2.356194490192345, 4.242640687119285
91, 174, 321, 16, 319, 17, 2, -1, -0.4636476090008061, 2.23606797749979
91, 175, 1259, 204, 1258, 202, 1, 2, 1.1071487177940904, 2.23606797749979
91, 176, 1116, 86, 1116, 86, 0, 0, 0.0, 0.0
91, 177, 816, 647, 817, 652, -1, -5, -1.7681918866447774, 5.0990195135927845
91, 178, 1150, 151, 1149, 150, 1, 1, 0.7853981633974483, 1.4142135623730951
91, 179, 685, 179, 686, 178, -1, 1, 2.356194490192345, 1.4142135623730951
91, 180, 682, 500, 682, 505, 0, -5, -1.5707963267948966, 5.0
91, 181, 757, 651, 757, 647, 0, 4, 1.5707963267948966, 4.0
91, 182, 892, 46, 894, 46, -2, 0, 3.141592653589793, 2.0
91, 183, 815, 202, 815, 206, 0, -4, -1.5707963267948966, 4.0
91, 184, 119, 666, 119, 662, 0, 4, 1.5707963267948966, 4.0
91, 185, 797, 39, 799, 39, -2, 0, 3.141592653589793, 2.0
91, 186, 1178, 110, 1178, 109, 0, 1, 1.5707963267948966, 1.0
91, 187, 109, 620, 111, 616, -2, 4, 2.0344439357957027, 4.47213595499958
91, 188, 795, 48, 797, 48, -2, 0, 3.141592653589793, 2.0
91, 189, 1256, 246, 1255, 243, 1, 3, 1.2490457723982544, 3.1622776601683795
91, 190, 1261, 290, 1261, 286, 0, 4, 1.5707963267948966, 4.0
91, 191, 612, 81, 612, 81, 0, 0, 0.0, 0.0
91, 192, 412, 364, 414, 362, -2, 2, 2.356194490192345, 2.8284271247461903
91, 193, 788, 226, 788, 228, 0, -2, -1.5707963267948966, 2.0
91, 194, 1228, 341, 1227, 338, 1, 3, 1.2490457723982544, 3.1622776601683795
91, 195, 675, 183, 676, 182, -1, 1, 2.356194490192345, 1.4142135623730951
91, 196, 609, 291, 610, 289, -1, 2, 2.0344439357957027, 2.23606797749979
91, 197, 1102, 536, 1100, 535, 2, 1, 0.4636476090008061, 2.23606797749979
91, 198, 323, 358, 324, 358, -1, 0, 3.141592653589793, 1.0
91, 199, 792, 260, 793, 264, -1, -4, -1.8157749899217608, 4.123105625617661
91, 200, 1206, 166, 1206, 162, 0, 4, 1.5707963267948966, 4.0
91, 201, 160, 45, 161, 45, -1, 0, 3.141592653589793, 1.0
91, 202, 767, 148, 767, 145, 0, 3, 1.5707963267948966, 3.0
91, 203, 1134, 249, 1136, 252, -2, -3, -2.158798930342464, 3.605551275463989
91, 204, 628, 77, 628, 76, 0, 1, 1.5707963267948966, 1.0
91, 205, 1152, 539, 1149, 537, 3, 2, 0.5880026035475675, 3.605551275463989
91, 206, 712, 631, 715, 629, -3, 2, 2.5535900500422257, 3.605551275463989
91, 207, 1189, 219, 1189, 216, 0, 3, 1.5707963267948966, 3.0
91, 208, 130, 608, 131, 604, -1, 4, 1.8157749899217608, 4.123105625617661
91, 209, 108, 551, 110, 548, -2, 3, 2.158798930342464, 3.605551275463989
91, 210, 102, 543, 104, 540, -2, 3, 2.158798930342464, 3.605551275463989
91, 211, 59, 112, 60, 112, -1, 0, 3.141592653589793, 1.0
91, 212, 717, 639, 720, 636, -3, 3, 2.356194490192345, 4.242640687119285
91, 213, 1216, 280, 1215, 276, 1, 4, 1.3258176636680326, 4.123105625617661
91, 214, 454, 639, 454, 644, 0, -5, -1.5707963267948966, 5.0
91, 215, 175, 47, 176, 46, -1, 1, 2.356194490192345, 1.4142135623730951
92, 0, 499, 656, 498, 662, 1, -6, -1.4056476493802699, 6.082762530298219
92, 1, 1107, 519, 1106, 518, 1, 1, 0.7853981633974483, 1.4142135623730951
92, 2, 91, 557, 91, 555, 0, 2, 1.5707963267948966, 2.0
92, 3, 793, 620, 794, 620, -1, 0, 3.141592653589793, 1.0
92, 4, 486, 630, 485, 633, 1, -3, -1.2490457723982544, 3.1622776601683795
92, 5, 491, 700, 493, 702, -2, -2, -2.356194490192345, 2.8284271247461903
92, 6, 830, 587, 830, 591, 0, -4, -1.5707963267948966, 4.0
92, 7, 176, 27, 178, 24, -2, 3, 2.158798930342464, 3.605551275463989
92, 8, 452, 701, 449, 712, 3, -11, -1.3045442776439713, 11.40175425099138
92, 9, 251, 346, 252, 346, -1, 0, 3.141592653589793, 1.0
92, 10, 260, 351, 261, 351, -1, 0, 3.141592653589793, 1.0
92, 11, 707, 397, 708, 400, -1, -3, -1.892546881191539, 3.1622776601683795
92, 12, 1104, 288, 1107, 291, -3, -3, -2.356194490192345, 4.242640687119285
92, 13, 493, 135, 496, 140, -3, -5, -2.1112158270654806, 5.830951894845301
92, 14, 277, 327, 278, 327, -1, 0, 3.141592653589793, 1.0
92, 15, 1242, 242, 1240, 240, 2, 2, 0.7853981633974483, 2.8284271247461903
92, 16, 305, 335, 306, 335, -1, 0, 3.141592653589793, 1.0
92, 17, 803, 28, 806, 28, -3, 0, 3.141592653589793, 3.0
92, 18, 398, 309, 400, 306, -2, 3, 2.158798930342464, 3.605551275463989
92, 19, 1164, 80, 1162, 78, 2, 2, 0.7853981633974483, 2.8284271247461903
92, 20, 738, 586, 741, 583, -3, 3, 2.356194490192345, 4.242640687119285
92, 21, 621, 45, 621, 42, 0, 3, 1.5707963267948966, 3.0
92, 22, 1109, 531, 1107, 529, 2, 2, 0.7853981633974483, 2.8284271247461903
92, 23, 1261, 172, 1262, 169, -1, 3, 1.892546881191539, 3.1622776601683795
92, 24, 1255, 169, 1256, 165, -1, 4, 1.8157749899217608, 4.123105625617661
92, 25, 258, 381, 259, 381, -1, 0, 3.141592653589793, 1.0
92, 26, 449, 682, 449, 686, 0, -4, -1.5707963267948966, 4.0
92, 27, 656, 14, 655, 17, 1, -3, -1.2490457723982544, 3.1622776601683795
92, 28, 827, 29, 830, 29, -3, 0, 3.141592653589793, 3.0
92, 29, 267, 333, 268, 333, -1, 0, 3.141592653589793, 1.0
92, 30, 672, 244, 673, 241, -1, 3, 1.892546881191539, 3.1622776601683795
92, 31, 332, 361, 333, 361, -1, 0, 3.141592653589793, 1.0
92, 32, 482, 30, 485, 34, -3, -4, -2.214297435588181, 5.0
92, 33, 135, 605, 136, 601, -1, 4, 1.8157749899217608, 4.123105625617661
92, 34, 594, 77, 595, 77, -1, 0, 3.141592653589793, 1.0
92, 35, 764, 134, 763, 130, 1, 4, 1.3258176636680326, 4.123105625617661
92, 36, 697, 512, 699, 517, -2, -5, -1.9513027039072615, 5.385164807134504
92, 37, 469, 630, 469, 634, 0, -4, -1.5707963267948966, 4.0
92, 38, 536, 74, 537, 74, -1, 0, 3.141592653589793, 1.0
92, 39, 1177, 82, 1177, 79, 0, 3, 1.5707963267948966, 3.0
92, 40, 1211, 212, 1209, 209, 2, 3, 0.982793723247329, 3.605551275463989
92, 41, 1132, 263, 1136, 267, -4, -4, -2.356194490192345, 5.656854249492381
92, 42, 846, 27, 848, 28, -2, -1, -2.677945044588987, 2.23606797749979
92, 43, 814, 588, 815, 591, -1, -3, -1.892546881191539, 3.1622776601683795
92, 44, 253, 396, 254, 396, -1, 0, 3.141592653589793, 1.0
92, 45, 144, 616, 147, 612, -3, 4, 2.214297435588181, 5.0
92, 46, 683, 174, 684, 172, -1, 2, 2.0344439357957027, 2.23606797749979
92, 47, 490, 40, 493, 44, -3, -4, -2.214297435588181, 5.0
92, 48, 781, 43, 783, 47, -2, -4, -2.0344439357957027, 4.47213595499958
92, 49, 1144, 313, 1147, 315, -3, -2, -2.5535900500422257, 3.605551275463989
92, 50, 900, 31, 903, 31, -3, 0, 3.141592653589793, 3.0
92, 51, 60, 483, 60, 483, 0, 0, 0.0, 0.0
92, 52, 706, 556, 707, 559, -1, -3, -1.892546881191539, 3.1622776601683795
92, 53, 719, 584, 721, 581, -2, 3, 2.158798930342464, 3.605551275463989
92, 54, 100, 619, 100, 615, 0, 4, 1.5707963267948966, 4.0
92, 55, 1116, 88, 1116, 87, 0, 1, 1.5707963267948966, 1.0
92, 56, 807, 189, 807, 193, 0, -4, -1.5707963267948966, 4.0
92, 57, 682, 512, 681, 516, 1, -4, -1.3258176636680326, 4.123105625617661
92, 58, 121, 80, 117, 82, 4, -2, -0.4636476090008061, 4.47213595499958
92, 59, 480, 38, 483, 42, -3, -4, -2.214297435588181, 5.0
92, 60, 812, 228, 812, 232, 0, -4, -1.5707963267948966, 4.0
92, 61, 827, 13, 830, 14, -3, -1, -2.819842099193151, 3.1622776601683795
92, 62, 677, 269, 678, 269, -1, 0, 3.141592653589793, 1.0
92, 63, 119, 36, 116, 37, 3, -1, -0.3217505543966422, 3.1622776601683795
92, 64, 690, 190, 692, 187, -2, 3, 2.158798930342464, 3.605551275463989
92, 65, 484, 207, 484, 211, 0, -4, -1.5707963267948966, 4.0
92, 66, 1222, 276, 1220, 274, 2, 2, 0.7853981633974483, 2.8284271247461903
92, 67, 1133, 288, 1138, 289, -5, -1, -2.9441970937399127, 5.0990195135927845
92, 68, 24, 378, 22, 376, 2, 2, 0.7853981633974483, 2.8284271247461903
92, 69, 1119, 483, 1118, 479, 1, 4, 1.3258176636680326, 4.123105625617661
92, 70, 840, 31, 842, 32, -2, -1, -2.677945044588987, 2.23606797749979
92, 71, 117, 98, 114, 98, 3, 0, 0.0, 3.0
92, 72, 470, 210, 471, 214, -1, -4, -1.8157749899217608, 4.123105625617661
92, 73, 737, 358, 739, 363, -2, -5, -1.9513027039072615, 5.385164807134504
92, 74, 444, 701, 441, 707, 3, -6, -1.1071487177940904, 6.708203932499369
92, 75, 81, 623, 84, 620, -3, 3, 2.356194490192345, 4.242640687119285
92, 76, 1121, 56, 1119, 54, 2, 2, 0.7853981633974483, 2.8284271247461903
92, 77, 46, 445, 43, 443, 3, 2, 0.5880026035475675, 3.605551275463989
92, 78, 584, 107, 585, 107, -1, 0, 3.141592653589793, 1.0
92, 79, 591, 48, 592, 48, -1, 0, 3.141592653589793, 1.0
92, 80, 403, 321, 404, 319, -1, 2, 2.0344439357957027, 2.23606797749979
92, 81, 503, 144, 505, 148, -2, -4, -2.0344439357957027, 4.47213595499958
92, 82, 391, 243, 391, 240, 0, 3, 1.5707963267948966, 3.0
92, 83, 14, 431, 13, 429, 1, 2, 1.1071487177940904, 2.23606797749979
92, 84, 284, 331, 285, 331, -1, 0, 3.141592653589793, 1.0
92, 85, 496, 113, 496, 115, 0, -2, -1.5707963267948966, 2.0
92, 86, 582, 39, 583, 39, -1, 0, 3.141592653589793, 1.0
92, 87, 317, 399, 318, 399, -1, 0, 3.141592653589793, 1.0
92, 88, 801, 17, 804, 18, -3, -1, -2.819842099193151, 3.1622776601683795
92, 89, 1161, 43, 1159, 41, 2, 2, 0.7853981633974483, 2.8284271247461903
92, 90, 663, 50, 663, 51, 0, -1, -1.5707963267948966, 1.0
92, 91, 757, 127, 756, 124, 1, 3, 1.2490457723982544, 3.1622776601683795
92, 92, 1134, 48, 1132, 46, 2, 2, 0.7853981633974483, 2.8284271247461903
92, 93, 118, 47, 115, 47, 3, 0, 0.0, 3.0
92, 94, 938, 26, 939, 26, -1, 0, 3.141592653589793, 1.0
92, 95, 247, 413, 248, 413, -1, 0, 3.141592653589793, 1.0
92, 96, 901, 39, 904, 39, -3, 0, 3.141592653589793, 3.0
92, 97, 328, 374, 329, 374, -1, 0, 3.141592653589793, 1.0
92, 98, 624, 241, 624, 238, 0, 3, 1.5707963267948966, 3.0
92, 99, 710, 608, 712, 605, -2, 3, 2.158798930342464, 3.605551275463989
92, 100, 790, 68, 791, 70, -1, -2, -2.0344439357957027, 2.23606797749979
92, 101, 1172, 124, 1172, 120, 0, 4, 1.5707963267948966, 4.0
92, 102, 1104, 538, 1101, 534, 3, 4, 0.9272952180016122, 5.0
92, 103, 752, 133, 751, 130, 1, 3, 1.2490457723982544, 3.1622776601683795
92, 104, 728, 456, 729, 456, -1, 0, 3.141592653589793, 1.0
92, 105, 1109, 554, 1107, 552, 2, 2, 0.7853981633974483, 2.8284271247461903
92, 106, 546, 35, 547, 35, -1, 0, 3.141592653589793, 1.0
92, 107, 287, 386, 288, 386, -1, 0, 3.141592653589793, 1.0
92, 108, 143, 97, 142, 97, 1, 0, 0.0, 1.0
92, 109, 733, 575, 736, 572, -3, 3, 2.356194490192345, 4.242640687119285
92, 110, 1261, 262, 1272, 261, -11, 1, 3.050932766389048, 11.045361017187261
92, 111, 626, 322, 627, 322, -1, 0, 3.141592653589793, 1.0
92, 112, 817, 647, 817, 650, 0, -3, -1.5707963267948966, 3.0
92, 113, 937, 109, 938, 109, -1, 0, 3.141592653589793, 1.0
92, 114, 130, 80, 128, 81, 2, -1, -0.4636476090008061, 2.23606797749979
92, 115, 379, 352, 382, 350, -3, 2, 2.5535900500422257, 3.605551275463989
92, 116, 811, 23, 814, 23, -3, 0, 3.141592653589793, 3.0
92, 117, 1105, 626, 1104, 622, 1, 4, 1.3258176636680326, 4.123105625617661
92, 118, 504, 654, 505, 659, -1, -5, -1.7681918866447774, 5.0990195135927845
92, 119, 264, 389, 265, 389, -1, 0, 3.141592653589793, 1.0
92, 120, 1194, 259, 1198, 258, -4, 1, 2.896613990462929, 4.123105625617661
92, 121, 182, 696, 180, 693, 2, 3, 0.982793723247329, 3.605551275463989
92, 122, 552, 110, 553, 110, -1, 0, 3.141592653589793, 1.0
92, 123, 1179, 90, 1179, 86, 0, 4, 1.5707963267948966, 4.0
92, 124, 383, 370, 385, 367, -2, 3, 2.158798930342464, 3.605551275463989
92, 125, 711, 626, 713, 624, -2, 2, 2.356194490192345, 2.8284271247461903
92, 126, 79, 137, 80, 137, -1, 0, 3.141592653589793, 1.0
92, 127, 245, 332, 246, 332, -1, 0, 3.141592653589793, 1.0
92, 128, 1128, 88, 1127, 86, 1, 2, 1.1071487177940904, 2.23606797749979
92, 129, 490, 174, 492, 178, -2, -4, -2.0344439357957027, 4.47213595499958
92, 130, 1120, 264, 1124, 267, -4, -3, -2.498091544796509, 5.0
92, 131, 1169, 644, 1167, 641, 2, 3, 0.982793723247329, 3.605551275463989
92, 132, 1161, 632, 1160, 627, 1, 5, 1.373400766945016, 5.0990195135927845
92, 133, 724, 575, 726, 572, -2, 3, 2.158798930342464, 3.605551275463989
92, 134, 1179, 244, 1179, 244, 0, 0, 0.0, 0.0
92, 135, 93, 624, 93, 620, 0, 4, 1.5707963267948966, 4.0
92, 136, 767, 164, 767, 161, 0, 3, 1.5707963267948966, 3.0
92, 137, 1112, 545, 1109, 543, 3, 2, 0.5880026035475675, 3.605551275463989
92, 138, 478, 195, 478, 200, 0, -5, -1.5707963267948966, 5.0
92, 139, 492, 147, 494, 151, -2, -4, -2.0344439357957027, 4.47213595499958
92, 140, 582, 114, 583, 114, -1, 0, 3.141592653589793, 1.0
92, 141, 159, 35, 160, 33, -1, 2, 2.0344439357957027, 2.23606797749979
92, 142, 801, 594, 803, 598, -2, -4, -2.0344439357957027, 4.47213595499958
92, 143, 331, 415, 332, 415, -1, 0, 3.141592653589793, 1.0
92, 144, 691, 521, 692, 526, -1, -5, -1.7681918866447774, 5.0990195135927845
92, 145, 119, 69, 116, 71, 3, -2, -0.5880026035475675, 3.605551275463989
92, 146, 696, 493, 697, 498, -1, -5, -1.7681918866447774, 5.0990195135927845
92, 147, 801, 179, 801, 184, 0, -5, -1.5707963267948966, 5.0
92, 148, 575, 60, 576, 60, -1, 0, 3.141592653589793, 1.0
92, 149, 1101, 525, 1100, 523, 1, 2, 1.1071487177940904, 2.23606797749979
92, 150, 328, 383, 329, 383, -1, 0, 3.141592653589793, 1.0
92, 151, 85, 151, 86, 151, -1, 0, 3.141592653589793, 1.0
92, 152, 1152, 160, 1152, 159, 0, 1, 1.5707963267948966, 1.0
92, 153, 1125, 248, 1129, 252, -4, -4, -2.356194490192345, 5.656854249492381
92, 154, 391, 313, 394, 310, -3, 3, 2.356194490192345, 4.242640687119285
92, 155, 924, 103, 925, 103, -1, 0, 3.141592653589793, 1.0
92, 156, 136, 68, 133, 66, 3, 2, 0.5880026035475675, 3.605551275463989
92, 157, 887, 59, 889, 58, -2, 1, 2.677945044588987, 2.23606797749979
92, 158, 263, 398, 264, 398, -1, 0, 3.141592653589793, 1.0
92, 159, 1156, 487, 1153, 485, 3, 2, 0.5880026035475675, 3.605551275463989
92, 160, 618, 81, 618, 77, 0, 4, 1.5707963267948966, 4.0
92, 161, 76, 152, 77, 152, -1, 0, 3.141592653589793, 1.0
92, 162, 1128, 594, 1128, 592, 0, 2, 1.5707963267948966, 2.0
92, 163, 261, 338, 262, 338, -1, 0, 3.141592653589793, 1.0
92, 164, 1210, 12, 1212, 13, -2, -1, -2.677945044588987, 2.23606797749979
92, 165, 1209, 174, 1209, 170, 0, 4, 1.5707963267948966, 4.0
92, 166, 1124, 310, 1128, 314, -4, -4, -2.356194490192345, 5.656854249492381
92, 167, 932, 102, 933, 102, -1, 0, 3.141592653589793, 1.0
92, 168, 1252, 278, 1250, 274, 2, 4, 1.1071487177940904, 4.47213595499958
92, 169, 265, 415, 266, 415, -1, 0, 3.141592653589793, 1.0
92, 170, 1211, 285, 1209, 283, 2, 2, 0.7853981633974483, 2.8284271247461903
92, 171, 687, 255, 689, 251, -2, 4, 2.0344439357957027, 4.47213595499958
92, 172, 1131, 304, 1135, 307, -4, -3, -2.498091544796509, 5.0
92, 173, 419, 276, 419, 272, 0, 4, 1.5707963267948966, 4.0
92, 174, 690, 506, 691, 512, -1, -6, -1.7359450042095235, 6.082762530298219
92, 175, 292, 379, 293, 379, -1, 0, 3.141592653589793, 1.0
92, 176, 403, 314, 404, 312, -1, 2, 2.0344439357957027, 2.23606797749979
92, 177, 795, 39, 799, 39, -4, 0, 3.141592653589793, 4.0
92, 178, 1113, 111, 1113, 111, 0, 0, 0.0, 0.0
92, 179, 846, 623, 848, 625, -2, -2, -2.356194490192345, 2.8284271247461903
92, 180, 713, 631, 715, 631, -2, 0, 3.141592653589793, 2.0
92, 181, 63, 79, 64, 79, -1, 0, 3.141592653589793, 1.0
92, 182, 278, 357, 279, 357, -1, 0, 3.141592653589793, 1.0
92, 183, 877, 22, 879, 22, -2, 0, 3.141592653589793, 2.0
92, 184, 1179, 112, 1179, 109, 0, 3, 1.5707963267948966, 3.0
92, 185, 1159, 164, 1159, 163, 0, 1, 1.5707963267948966, 1.0
92, 186, 388, 323, 391, 319, -3, 4, 2.214297435588181, 5.0
92, 187, 758, 651, 760, 648, -2, 3, 2.158798930342464, 3.605551275463989
92, 188, 750, 383, 752, 386, -2, -3, -2.158798930342464, 3.605551275463989
93, 0, 499, 650, 499, 656, 0, -6, -1.5707963267948966, 6.0
93, 1, 1110, 522, 1107, 519, 3, 3, 0.7853981633974483, 4.242640687119285
93, 2, 89, 561, 91, 557, -2, 4, 2.0344439357957027, 4.47213595499958
93, 3, 792, 622, 793, 620, -1, 2, 2.0344439357957027, 2.23606797749979
93, 4, 486, 626, 486, 630, 0, -4, -1.5707963267948966, 4.0
93, 5, 491, 695, 491, 700, 0, -5, -1.5707963267948966, 5.0
93, 6, 829, 581, 830, 587, -1, -6, -1.7359450042095235, 6.082762530298219
93, 7, 175, 28, 176, 27, -1, 1, 2.356194490192345, 1.4142135623730951
93, 8, 453, 697, 452, 701, 1, -4, -1.3258176636680326, 4.123105625617661
93, 9, 250, 346, 251, 346, -1, 0, 3.141592653589793, 1.0
93, 10, 259, 351, 260, 351, -1, 0, 3.141592653589793, 1.0
93, 11, 706, 395, 707, 397, -1, -2, -2.0344439357957027, 2.23606797749979
93, 12, 1101, 285, 1104, 288, -3, -3, -2.356194490192345, 4.242640687119285
93, 13, 492, 131, 493, 135, -1, -4, -1.8157749899217608, 4.123105625617661
93, 14, 276, 327, 277, 327, -1, 0, 3.141592653589793, 1.0
93, 15, 1244, 245, 1242, 242, 2, 3, 0.982793723247329, 3.605551275463989
93, 16, 304, 335, 305, 335, -1, 0, 3.141592653589793, 1.0
93, 17, 801, 27, 803, 28, -2, -1, -2.677945044588987, 2.23606797749979
93, 18, 397, 311, 398, 309, -1, 2, 2.0344439357957027, 2.23606797749979
93, 19, 1165, 81, 1164, 80, 1, 1, 0.7853981633974483, 1.4142135623730951
93, 20, 735, 590, 738, 586, -3, 4, 2.214297435588181, 5.0
93, 21, 621, 46, 621, 45, 0, 1, 1.5707963267948966, 1.0
93, 22, 1112, 534, 1109, 531, 3, 3, 0.7853981633974483, 4.242640687119285
93, 23, 1261, 174, 1261, 172, 0, 2, 1.5707963267948966, 2.0
93, 24, 1255, 171, 1255, 169, 0, 2, 1.5707963267948966, 2.0
93, 25, 257, 381, 258, 381, -1, 0, 3.141592653589793, 1.0
93, 26, 449, 677, 449, 682, 0, -5, -1.5707963267948966, 5.0
93, 27, 656, 13, 656, 14, 0, -1, -1.5707963267948966, 1.0
93, 28, 826, 29, 827, 29, -1, 0, 3.141592653589793, 1.0
93, 29, 267, 333, 267, 333, 0, 0, 0.0, 0.0
93, 30, 672, 245, 672, 244, 0, 1, 1.5707963267948966, 1.0
93, 31, 331, 361, 332, 361, -1, 0, 3.141592653589793, 1.0
93, 32, 481, 27, 482, 30, -1, -3, -1.892546881191539, 3.1622776601683795
93, 33, 133, 608, 135, 605, -2, 3, 2.158798930342464, 3.605551275463989
93, 34, 593, 77, 594, 77, -1, 0, 3.141592653589793, 1.0
93, 35, 765, 136, 764, 134, 1, 2, 1.1071487177940904, 2.23606797749979
93, 36, 697, 507, 697, 512, 0, -5, -1.5707963267948966, 5.0
93, 37, 469, 625, 469, 630, 0, -5, -1.5707963267948966, 5.0
93, 38, 535, 74, 536, 74, -1, 0, 3.141592653589793, 1.0
93, 39, 1177, 83, 1177, 82, 0, 1, 1.5707963267948966, 1.0
93, 40, 1211, 215, 1211, 212, 0, 3, 1.5707963267948966, 3.0
93, 41, 1130, 260, 1132, 263, -2, -3, -2.158798930342464, 3.605551275463989
93, 42, 813, 584, 814, 588, -1, -4, -1.8157749899217608, 4.123105625617661
93, 43, 252, 396, 253, 396, -1, 0, 3.141592653589793, 1.0
93, 44, 141, 621, 144, 616, -3, 5, 2.1112158270654806, 5.830951894845301
93, 45, 682, 175, 683, 174, -1, 1, 2.356194490192345, 1.4142135623730951
93, 46, 489, 38, 490, 40, -1, -2, -2.0344439357957027, 2.23606797749979
93, 47, 779, 42, 781, 43, -2, -1, -2.677945044588987, 2.23606797749979
93, 48, 1141, 311, 1144, 313, -3, -2, -2.5535900500422257, 3.605551275463989
93, 49, 899, 31, 900, 31, -1, 0, 3.141592653589793, 1.0
93, 50, 59, 483, 60, 483, -1, 0, 3.141592653589793, 1.0
93, 51, 705, 552, 706, 556, -1, -4, -1.8157749899217608, 4.123105625617661
93, 52, 717, 588, 719, 584, -2, 4, 2.0344439357957027, 4.47213595499958
93, 53, 100, 624, 100, 619, 0, 5, 1.5707963267948966, 5.0
93, 54, 1116, 88, 1116, 88, 0, 0, 0.0, 0.0
93, 55, 806, 186, 807, 189, -1, -3, -1.892546881191539, 3.1622776601683795
93, 56, 682, 507, 682, 512, 0, -5, -1.5707963267948966, 5.0
93, 57, 125, 79, 121, 80, 4, -1, -0.24497866312686414, 4.123105625617661
93, 58, 479, 35, 480, 38, -1, -3, -1.892546881191539, 3.1622776601683795
93, 59, 812, 225, 812, 228, 0, -3, -1.5707963267948966, 3.0
93, 60, 676, 269, 677, 269, -1, 0, 3.141592653589793, 1.0
93, 61, 122, 34, 119, 36, 3, -2, -0.5880026035475675, 3.605551275463989
93, 62, 689, 191, 690, 190, -1, 1, 2.356194490192345, 1.4142135623730951
93, 63, 483, 204, 484, 207, -1, -3, -1.892546881191539, 3.1622776601683795
93, 64, 1224, 279, 1222, 276, 2, 3, 0.982793723247329, 3.605551275463989
93, 65, 1130, 286, 1133, 288, -3, -2, -2.5535900500422257, 3.605551275463989
93, 66, 25, 379, 24, 378, 1, 1, 0.7853981633974483, 1.4142135623730951
93, 67, 1120, 486, 1119, 483, 1, 3, 1.2490457723982544, 3.1622776601683795
93, 68, 839, 31, 840, 31, -1, 0, 3.141592653589793, 1.0
93, 69, 120, 98, 117, 98, 3, 0, 0.0, 3.0
93, 70, 469, 206, 470, 210, -1, -4, -1.8157749899217608, 4.123105625617661
93, 71, 736, 354, 737, 358, -1, -4, -1.8157749899217608, 4.123105625617661
93, 72, 445, 697, 444, 701, 1, -4, -1.3258176636680326, 4.123105625617661
93, 73, 80, 627, 81, 623, -1, 4, 1.8157749899217608, 4.123105625617661
93, 74, 1122, 57, 1121, 56, 1, 1, 0.7853981633974483, 1.4142135623730951
93, 75, 49, 446, 46, 445, 3, 1, 0.3217505543966422, 3.1622776601683795
93, 76, 583, 107, 584, 107, -1, 0, 3.141592653589793, 1.0
93, 77, 590, 48, 591, 48, -1, 0, 3.141592653589793, 1.0
93, 78, 402, 323, 403, 321, -1, 2, 2.0344439357957027, 2.23606797749979
93, 79, 501, 140, 503, 144, -2, -4, -2.0344439357957027, 4.47213595499958
93, 80, 390, 244, 391, 243, -1, 1, 2.356194490192345, 1.4142135623730951
93, 81, 16, 433, 14, 431, 2, 2, 0.7853981633974483, 2.8284271247461903
93, 82, 283, 331, 284, 331, -1, 0, 3.141592653589793, 1.0
93, 83, 496, 111, 496, 113, 0, -2, -1.5707963267948966, 2.0
93, 84, 581, 39, 582, 39, -1, 0, 3.141592653589793, 1.0
93, 85, 316, 399, 317, 399, -1, 0, 3.141592653589793, 1.0
93, 86, 799, 16, 801, 17, -2, -1, -2.677945044588987, 2.23606797749979
93, 87, 1162, 44, 1161, 43, 1, 1, 0.7853981633974483, 1.4142135623730951
93, 88, 664, 49, 663, 50, 1, -1, -0.7853981633974483, 1.4142135623730951
93, 89, 758, 129, 757, 127, 1, 2, 1.1071487177940904, 2.23606797749979
93, 90, 1135, 49, 1134, 48, 1, 1, 0.7853981633974483, 1.4142135623730951
93, 91, 121, 45, 118, 47, 3, -2, -0.5880026035475675, 3.605551275463989
93, 92, 937, 26, 938, 26, -1, 0, 3.141592653589793, 1.0
93, 93, 246, 413, 247, 413, -1, 0, 3.141592653589793, 1.0
93, 94, 900, 39, 901, 39, -1, 0, 3.141592653589793, 1.0
93, 95, 327, 374, 328, 374, -1, 0, 3.141592653589793, 1.0
93, 96, 624, 244, 624, 241, 0, 3, 1.5707963267948966, 3.0
93, 97, 708, 612, 710, 608, -2, 4, 2.0344439357957027, 4.47213595499958
93, 98, 1172, 126, 1172, 124, 0, 2, 1.5707963267948966, 2.0
93, 99, 1107, 541, 1104, 538, 3, 3, 0.7853981633974483, 4.242640687119285
93, 100, 753, 135, 752, 133, 1, 2, 1.1071487177940904, 2.23606797749979
93, 101, 1111, 559, 1109, 554, 2, 5, 1.1902899496825317, 5.385164807134504
93, 102, 286, 386, 287, 386, -1, 0, 3.141592653589793, 1.0
93, 103, 143, 97, 143, 97, 0, 0, 0.0, 0.0
93, 104, 730, 579, 733, 575, -3, 4, 2.214297435588181, 5.0
93, 105, 1261, 264, 1261, 262, 0, 2, 1.5707963267948966, 2.0
93, 106, 625, 322, 626, 322, -1, 0, 3.141592653589793, 1.0
93, 107, 817, 643, 817, 647, 0, -4, -1.5707963267948966, 4.0
93, 108, 936, 109, 937, 109, -1, 0, 3.141592653589793, 1.0
93, 109, 132, 81, 130, 80, 2, 1, 0.4636476090008061, 2.23606797749979
93, 110, 377, 355, 379, 352, -2, 3, 2.158798930342464, 3.605551275463989
93, 111, 809, 22, 811, 23, -2, -1, -2.677945044588987, 2.23606797749979
93, 112, 1107, 631, 1105, 626, 2, 5, 1.1902899496825317, 5.385164807134504
93, 113, 504, 648, 504, 654, 0, -6, -1.5707963267948966, 6.0
93, 114, 263, 389, 264, 389, -1, 0, 3.141592653589793, 1.0
93, 115, 1193, 260, 1194, 259, -1, 1, 2.356194490192345, 1.4142135623730951
93, 116, 183, 700, 182, 696, 1, 4, 1.3258176636680326, 4.123105625617661
93, 117, 551, 110, 552, 110, -1, 0, 3.141592653589793, 1.0
93, 118, 1179, 91, 1179, 90, 0, 1, 1.5707963267948966, 1.0
93, 119, 381, 372, 383, 370, -2, 2, 2.356194490192345, 2.8284271247461903
93, 120, 709, 627, 711, 626, -2, 1, 2.677945044588987, 2.23606797749979
93, 121, 78, 137, 79, 137, -1, 0, 3.141592653589793, 1.0
93, 122, 244, 332, 245, 332, -1, 0, 3.141592653589793, 1.0
93, 123, 1128, 88, 1128, 88, 0, 0, 0.0, 0.0
93, 124, 488, 170, 490, 174, -2, -4, -2.0344439357957027, 4.47213595499958
93, 125, 1118, 261, 1120, 264, -2, -3, -2.158798930342464, 3.605551275463989
93, 126, 1171, 649, 1169, 644, 2, 5, 1.1902899496825317, 5.385164807134504
93, 127, 1163, 637, 1161, 632, 2, 5, 1.1902899496825317, 5.385164807134504
93, 128, 722, 578, 724, 575, -2, 3, 2.158798930342464, 3.605551275463989
93, 129, 1179, 244, 1179, 244, 0, 0, 0.0, 0.0
93, 130, 92, 628, 93, 624, -1, 4, 1.8157749899217608, 4.123105625617661
93, 131, 767, 166, 767, 164, 0, 2, 1.5707963267948966, 2.0
93, 132, 1116, 548, 1112, 545, 4, 3, 0.6435011087932844, 5.0
93, 133, 477, 191, 478, 195, -1, -4, -1.8157749899217608, 4.123105625617661
93, 134, 490, 143, 492, 147, -2, -4, -2.0344439357957027, 4.47213595499958
93, 135, 581, 114, 582, 114, -1, 0, 3.141592653589793, 1.0
93, 136, 158, 36, 159, 35, -1, 1, 2.356194490192345, 1.4142135623730951
93, 137, 801, 589, 801, 594, 0, -5, -1.5707963267948966, 5.0
93, 138, 330, 415, 331, 415, -1, 0, 3.141592653589793, 1.0
93, 139, 690, 516, 691, 521, -1, -5, -1.7681918866447774, 5.0990195135927845
93, 140, 122, 67, 119, 69, 3, -2, -0.5880026035475675, 3.605551275463989
93, 141, 696, 489, 696, 493, 0, -4, -1.5707963267948966, 4.0
93, 142, 800, 176, 801, 179, -1, -3, -1.892546881191539, 3.1622776601683795
93, 143, 574, 60, 575, 60, -1, 0, 3.141592653589793, 1.0
93, 144, 1103, 528, 1101, 525, 2, 3, 0.982793723247329, 3.605551275463989
93, 145, 327, 383, 328, 383, -1, 0, 3.141592653589793, 1.0
93, 146, 84, 151, 85, 151, -1, 0, 3.141592653589793, 1.0
93, 147, 1153, 161, 1152, 160, 1, 1, 0.7853981633974483, 1.4142135623730951
93, 148, 1123, 245, 1125, 248, -2, -3, -2.158798930342464, 3.605551275463989
93, 149, 389, 315, 391, 313, -2, 2, 2.356194490192345, 2.8284271247461903
93, 150, 923, 103, 924, 103, -1, 0, 3.141592653589793, 1.0
93, 151, 138, 69, 136, 68, 2, 1, 0.4636476090008061, 2.23606797749979
93, 152, 886, 59, 887, 59, -1, 0, 3.141592653589793, 1.0
93, 153, 262, 398, 263, 398, -1, 0, 3.141592653589793, 1.0
93, 154, 1158, 490, 1156, 487, 2, 3, 0.982793723247329, 3.605551275463989
93, 155, 617, 82, 618, 81, -1, 1, 2.356194490192345, 1.4142135623730951
93, 156, 75, 152, 76, 152, -1, 0, 3.141592653589793, 1.0
93, 157, 1128, 595, 1128, 594, 0, 1, 1.5707963267948966, 1.0
93, 158, 261, 338, 261, 338, 0, 0, 0.0, 0.0
93, 159, 1210, 177, 1209, 174, 1, 3, 1.2490457723982544, 3.1622776601683795
93, 160, 1121, 307, 1124, 310, -3, -3, -2.356194490192345, 4.242640687119285
93, 161, 931, 102, 932, 102, -1, 0, 3.141592653589793, 1.0
93, 162, 1253, 281, 1252, 278, 1, 3, 1.2490457723982544, 3.1622776601683795
93, 163, 264, 415, 265, 415, -1, 0, 3.141592653589793, 1.0
93, 164, 1212, 288, 1211, 285, 1, 3, 1.2490457723982544, 3.1622776601683795
93, 165, 686, 258, 687, 255, -1, 3, 1.892546881191539, 3.1622776601683795
93, 166, 1128, 301, 1131, 304, -3, -3, -2.356194490192345, 4.242640687119285
93, 167, 419, 277, 419, 276, 0, 1, 1.5707963267948966, 1.0
93, 168, 690, 501, 690, 506, 0, -5, -1.5707963267948966, 5.0
93, 169, 291, 379, 292, 379, -1, 0, 3.141592653589793, 1.0
93, 170, 402, 316, 403, 314, -1, 2, 2.0344439357957027, 2.23606797749979
93, 171, 793, 38, 795, 39, -2, -1, -2.677945044588987, 2.23606797749979
93, 172, 1113, 111, 1113, 111, 0, 0, 0.0, 0.0
93, 173, 846, 618, 846, 623, 0, -5, -1.5707963267948966, 5.0
93, 174, 711, 632, 713, 631, -2, 1, 2.677945044588987, 2.23606797749979
93, 175, 63, 78, 63, 79, 0, -1, -1.5707963267948966, 1.0
93, 176, 277, 357, 278, 357, -1, 0, 3.141592653589793, 1.0
93, 177, 876, 22, 877, 22, -1, 0, 3.141592653589793, 1.0
93, 178, 1179, 114, 1179, 112, 0, 2, 1.5707963267948966, 2.0
93, 179, 1160, 165, 1159, 164, 1, 1, 0.7853981633974483, 1.4142135623730951
93, 180, 386, 325, 388, 323, -2, 2, 2.356194490192345, 2.8284271247461903
93, 181, 755, 654, 758, 651, -3, 3, 2.356194490192345, 4.242640687119285
93, 182, 749, 379, 750, 383, -1, -4, -1.8157749899217608, 4.123105625617661
94, 0, 86, 568, 88, 564, -2, 4, 2.0344439357957027, 4.47213595499958
94, 1, 1166, 81, 1165, 80, 1, 1, 0.7853981633974483, 1.4142135623730951
94, 2, 816, 574, 816, 579, 0, -5, -1.5707963267948966, 5.0
94, 3, 495, 687, 495, 692, 0, -5, -1.5707963267948966, 5.0
94, 4, 456, 698, 454, 702, 2, -4, -1.1071487177940904, 4.47213595499958
94, 5, 671, 244, 672, 242, -1, 2, 2.0344439357957027, 2.23606797749979
94, 6, 484, 620, 485, 625, -1, -5, -1.7681918866447774, 5.0990195135927845
94, 7, 260, 351, 261, 351, -1, 0, 3.141592653589793, 1.0
94, 8, 829, 573, 830, 579, -1, -6, -1.7359450042095235, 6.082762530298219
94, 9, 251, 346, 252, 346, -1, 0, 3.141592653589793, 1.0
94, 10, 176, 28, 177, 27, -1, 1, 2.356194490192345, 1.4142135623730951
94, 11, 1102, 286, 1104, 288, -2, -2, -2.356194490192345, 2.8284271247461903
94, 12, 803, 27, 805, 28, -2, -1, -2.677945044588987, 2.23606797749979
94, 13, 1131, 261, 1133, 264, -2, -3, -2.158798930342464, 3.605551275463989
94, 14, 794, 632, 794, 630, 0, 2, 1.5707963267948966, 2.0
94, 15, 813, 223, 813, 226, 0, -3, -1.5707963267948966, 3.0
94, 16, 1117, 89, 1117, 89, 0, 0, 0.0, 0.0
94, 17, 482, 29, 483, 32, -1, -3, -1.892546881191539, 3.1622776601683795
94, 18, 707, 395, 708, 398, -1, -3, -1.892546881191539, 3.1622776601683795
94, 19, 681, 505, 681, 510, 0, -5, -1.5707963267948966, 5.0
94, 20, 493, 132, 494, 136, -1, -4, -1.8157749899217608, 4.123105625617661
94, 21, 900, 31, 901, 31, -1, 0, 3.141592653589793, 1.0
94, 22, 1254, 170, 1254, 168, 0, 2, 1.5707963267948966, 2.0
94, 23, 449, 674, 450, 678, -1, -4, -1.8157749899217608, 4.123105625617661
94, 24, 621, 45, 621, 45, 0, 0, 0.0, 0.0
94, 25, 499, 620, 500, 626, -1, -6, -1.7359450042095235, 6.082762530298219
94, 26, 1246, 248, 1244, 246, 2, 2, 0.7853981633974483, 2.8284271247461903
94, 27, 257, 381, 258, 381, -1, 0, 3.141592653589793, 1.0
94, 28, 331, 363, 332, 363, -1, 0, 3.141592653589793, 1.0
94, 29, 490, 40, 491, 42, -1, -2, -2.0344439357957027, 2.23606797749979
94, 30, 829, 33, 830, 33, -1, 0, 3.141592653589793, 1.0
94, 31, 132, 617, 134, 613, -2, 4, 2.0344439357957027, 4.47213595499958
94, 32, 277, 327, 278, 327, -1, 0, 3.141592653589793, 1.0
94, 33, 658, 14, 657, 15, 1, -1, -0.7853981633974483, 1.4142135623730951
94, 34, 1112, 529, 1110, 526, 2, 3, 0.982793723247329, 3.605551275463989
94, 35, 593, 77, 594, 77, -1, 0, 3.141592653589793, 1.0
94, 36, 536, 74, 537, 74, -1, 0, 3.141592653589793, 1.0
94, 37, 1225, 281, 1223, 279, 2, 2, 0.7853981633974483, 2.8284271247461903
94, 38, 1177, 84, 1177, 82, 0, 2, 1.5707963267948966, 2.0
94, 39, 468, 621, 469, 626, -1, -5, -1.7681918866447774, 5.0990195135927845
94, 40, 734, 597, 737, 593, -3, 4, 2.214297435588181, 5.0
94, 41, 407, 392, 408, 388, -1, 4, 1.8157749899217608, 4.123105625617661
94, 42, 1261, 176, 1262, 174, -1, 2, 2.0344439357957027, 2.23606797749979
94, 43, 698, 506, 699, 511, -1, -5, -1.7681918866447774, 5.0990195135927845
94, 44, 1141, 312, 1145, 314, -4, -2, -2.677945044588987, 4.47213595499958
94, 45, 59, 483, 60, 483, -1, 0, 3.141592653589793, 1.0
94, 46, 765, 136, 764, 135, 1, 1, 0.7853981633974483, 1.4142135623730951
94, 47, 140, 627, 143, 623, -3, 4, 2.214297435588181, 5.0
94, 48, 1122, 57, 1121, 56, 1, 1, 0.7853981633974483, 1.4142135623730951
94, 49, 677, 270, 678, 269, -1, 1, 2.356194490192345, 1.4142135623730951
94, 50, 143, 97, 143, 97, 0, 0, 0.0, 0.0
94, 51, 125, 35, 122, 36, 3, -1, -0.3217505543966422, 3.1622776601683795
94, 52, 807, 186, 807, 189, 0, -3, -1.5707963267948966, 3.0
94, 53, 253, 396, 254, 396, -1, 0, 3.141592653589793, 1.0
94, 54, 1125, 491, 1123, 488, 2, 3, 0.982793723247329, 3.605551275463989
94, 55, 1210, 216, 1210, 214, 0, 2, 1.5707963267948966, 2.0
94, 56, 445, 695, 445, 699, 0, -4, -1.5707963267948966, 4.0
94, 57, 682, 176, 683, 174, -1, 2, 2.0344439357957027, 2.23606797749979
94, 58, 136, 90, 135, 89, 1, 1, 0.7853981633974483, 1.4142135623730951
94, 59, 690, 191, 691, 189, -1, 2, 2.0344439357957027, 2.23606797749979
94, 60, 471, 206, 471, 209, 0, -3, -1.5707963267948966, 3.0
94, 61, 481, 41, 482, 43, -1, -2, -2.0344439357957027, 2.23606797749979
94, 62, 317, 400, 318, 400, -1, 0, 3.141592653589793, 1.0
94, 63, 284, 331, 285, 331, -1, 0, 3.141592653589793, 1.0
94, 64, 901, 39, 902, 39, -1, 0, 3.141592653589793, 1.0
94, 65, 590, 49, 591, 49, -1, 0, 3.141592653589793, 1.0
94, 66, 737, 355, 738, 359, -1, -4, -1.8157749899217608, 4.123105625617661
94, 67, 819, 633, 819, 638, 0, -5, -1.5707963267948966, 5.0
94, 68, 484, 204, 484, 206, 0, -2, -1.5707963267948966, 2.0
94, 69, 582, 39, 583, 39, -1, 0, 3.141592653589793, 1.0
94, 70, 792, 38, 794, 39, -2, -1, -2.677945044588987, 2.23606797749979
94, 71, 124, 44, 121, 46, 3, -2, -0.5880026035475675, 3.605551275463989
94, 72, 583, 109, 584, 109, -1, 0, 3.141592653589793, 1.0
94, 73, 758, 129, 757, 128, 1, 1, 0.7853981633974483, 1.4142135623730951
94, 74, 1228, 342, 1228, 342, 0, 0, 0.0, 0.0
94, 75, 814, 201, 815, 203, -1, -2, -2.0344439357957027, 2.23606797749979
94, 76, 131, 82, 128, 82, 3, 0, 0.0, 3.0
94, 77, 1162, 44, 1161, 43, 1, 1, 0.7853981633974483, 1.4142135623730951
94, 78, 82, 631, 83, 627, -1, 4, 1.8157749899217608, 4.123105625617661
94, 79, 400, 311, 401, 309, -1, 2, 2.0344439357957027, 2.23606797749979
94, 80, 262, 338, 262, 338, 0, 0, 0.0, 0.0
94, 81, 502, 140, 503, 144, -1, -4, -1.8157749899217608, 4.123105625617661
94, 82, 625, 246, 625, 243, 0, 3, 1.5707963267948966, 3.0
94, 83, 787, 220, 787, 221, 0, -1, -1.5707963267948966, 1.0
94, 84, 247, 413, 248, 413, -1, 0, 3.141592653589793, 1.0
94, 85, 761, 204, 761, 204, 0, 0, 0.0, 0.0
94, 86, 1124, 599, 1124, 598, 0, 1, 1.5707963267948966, 1.0
94, 87, 500, 678, 499, 684, 1, -6, -1.4056476493802699, 6.082762530298219
94, 88, 674, 548, 675, 552, -1, -4, -1.8157749899217608, 4.123105625617661
94, 89, 754, 135, 753, 134, 1, 1, 0.7853981633974483, 1.4142135623730951
94, 90, 123, 94, 121, 93, 2, 1, 0.4636476090008061, 2.23606797749979
94, 91, 1132, 285, 1135, 287, -3, -2, -2.5535900500422257, 3.605551275463989
94, 92, 287, 386, 288, 386, -1, 0, 3.141592653589793, 1.0
94, 93, 686, 603, 687, 605, -1, -2, -2.0344439357957027, 2.23606797749979
94, 94, 665, 52, 665, 52, 0, 0, 0.0, 0.0
94, 95, 183, 701, 182, 701, 1, 0, 0.0, 1.0
94, 96, 490, 102, 490, 103, 0, -1, -1.5707963267948966, 1.0
94, 97, 1134, 49, 1133, 48, 1, 1, 0.7853981633974483, 1.4142135623730951
94, 98, 113, 645, 113, 641, 0, 4, 1.5707963267948966, 4.0
94, 99, 26, 381, 25, 380, 1, 1, 0.7853981633974483, 1.4142135623730951
94, 100, 158, 37, 159, 36, -1, 1, 2.356194490192345, 1.4142135623730951
94, 101, 938, 26, 938, 27, 0, -1, -1.5707963267948966, 1.0
94, 102, 1142, 108, 1142, 108, 0, 0, 0.0, 0.0
94, 103, 294, 330, 295, 330, -1, 0, 3.141592653589793, 1.0
94, 104, 1125, 116, 1124, 115, 1, 1, 0.7853981633974483, 1.4142135623730951
94, 105, 328, 374, 329, 374, -1, 0, 3.141592653589793, 1.0
94, 106, 546, 35, 546, 36, 0, -1, -1.5707963267948966, 1.0
94, 107, 1162, 495, 1159, 492, 3, 3, 0.7853981633974483, 4.242640687119285
94, 108, 53, 454, 49, 453, 4, 1, 0.24497866312686414, 4.123105625617661
94, 109, 498, 645, 498, 651, 0, -6, -1.5707963267948966, 6.0
94, 110, 1111, 636, 1109, 631, 2, 5, 1.1902899496825317, 5.385164807134504
94, 111, 716, 595, 719, 591, -3, 4, 2.214297435588181, 5.0
94, 112, 489, 169, 490, 173, -1, -4, -1.8157749899217608, 4.123105625617661
94, 113, 390, 243, 391, 242, -1, 1, 2.356194490192345, 1.4142135623730951
94, 114, 22, 442, 20, 439, 2, 3, 0.982793723247329, 3.605551275463989
94, 115, 484, 293, 485, 295, -1, -2, -2.0344439357957027, 2.23606797749979
94, 116, 91, 635, 94, 631, -3, 4, 2.214297435588181, 5.0
94, 117, 804, 583, 804, 588, 0, -5, -1.5707963267948966, 5.0
94, 118, 403, 325, 404, 323, -1, 2, 2.0344439357957027, 2.23606797749979
94, 119, 936, 109, 937, 109, -1, 0, 3.141592653589793, 1.0
94, 120, 748, 189, 748, 189, 0, 0, 0.0, 0.0
94, 121, 1261, 265, 1274, 263, -13, 2, 2.988943325194528, 13.152946437965905
94, 122, 691, 514, 691, 519, 0, -5, -1.5707963267948966, 5.0
94, 123, 1214, 290, 1212, 288, 2, 2, 0.7853981633974483, 2.8284271247461903
94, 124, 617, 80, 618, 79, -1, 1, 2.356194490192345, 1.4142135623730951
94, 125, 800, 179, 801, 181, -1, -2, -2.0344439357957027, 2.23606797749979
94, 126, 1158, 163, 1157, 162, 1, 1, 0.7853981633974483, 1.4142135623730951
94, 127, 625, 322, 626, 322, -1, 0, 3.141592653589793, 1.0
94, 128, 706, 637, 708, 634, -2, 3, 2.158798930342464, 3.605551275463989
94, 129, 492, 143, 493, 147, -1, -4, -1.8157749899217608, 4.123105625617661
94, 130, 1179, 245, 1179, 245, 0, 0, 0.0, 0.0
94, 131, 1119, 260, 1121, 264, -2, -4, -2.0344439357957027, 4.47213595499958
94, 132, 705, 619, 707, 615, -2, 4, 2.0344439357957027, 4.47213595499958
94, 133, 768, 169, 768, 166, 0, 3, 1.5707963267948966, 3.0
94, 134, 245, 333, 246, 333, -1, 0, 3.141592653589793, 1.0
94, 135, 730, 585, 732, 581, -2, 4, 2.0344439357957027, 4.47213595499958
94, 136, 720, 586, 722, 582, -2, 4, 2.0344439357957027, 4.47213595499958
94, 137, 706, 552, 707, 557, -1, -5, -1.7681918866447774, 5.0990195135927845
94, 138, 331, 415, 332, 415, -1, 0, 3.141592653589793, 1.0
94, 139, 831, 43, 832, 43, -1, 0, 3.141592653589793, 1.0
94, 140, 376, 359, 378, 357, -2, 2, 2.356194490192345, 2.8284271247461903
94, 141, 1128, 563, 1128, 559, 0, 4, 1.5707963267948966, 4.0
94, 142, 380, 373, 382, 371, -2, 2, 2.356194490192345, 2.8284271247461903
94, 143, 1128, 301, 1131, 304, -3, -3, -2.356194490192345, 4.242640687119285
94, 144, 85, 151, 86, 151, -1, 0, 3.141592653589793, 1.0
94, 145, 1176, 672, 1175, 668, 1, 4, 1.3258176636680326, 4.123105625617661
94, 146, 714, 659, 717, 656, -3, 3, 2.356194490192345, 4.242640687119285
94, 147, 497, 110, 497, 112, 0, -2, -1.5707963267948966, 2.0
94, 148, 552, 110, 553, 110, -1, 0, 3.141592653589793, 1.0
94, 149, 1193, 268, 1194, 268, -1, 0, 3.141592653589793, 1.0
94, 150, 888, 49, 890, 49, -2, 0, 3.141592653589793, 2.0
94, 151, 292, 379, 293, 379, -1, 0, 3.141592653589793, 1.0
94, 152, 478, 193, 478, 196, 0, -3, -1.5707963267948966, 3.0
94, 153, 848, 46, 849, 46, -1, 0, 3.141592653589793, 1.0
94, 154, 648, 287, 648, 284, 0, 3, 1.5707963267948966, 3.0
94, 155, 923, 103, 924, 103, -1, 0, 3.141592653589793, 1.0
94, 156, 1178, 621, 1176, 616, 2, 5, 1.1902899496825317, 5.385164807134504
94, 157, 575, 59, 576, 59, -1, 0, 3.141592653589793, 1.0
94, 158, 418, 277, 419, 275, -1, 2, 2.0344439357957027, 2.23606797749979
94, 159, 887, 60, 888, 60, -1, 0, 3.141592653589793, 1.0
94, 160, 1104, 336, 1106, 338, -2, -2, -2.356194490192345, 2.8284271247461903
94, 161, 1175, 126, 1175, 124, 0, 2, 1.5707963267948966, 2.0
94, 162, 697, 488, 697, 493, 0, -5, -1.5707963267948966, 5.0
94, 163, 327, 383, 328, 383, -1, 0, 3.141592653589793, 1.0
94, 164, 1149, 170, 1148, 168, 1, 2, 1.1071487177940904, 2.23606797749979
94, 165, 389, 316, 391, 314, -2, 2, 2.356194490192345, 2.8284271247461903
94, 166, 415, 285, 416, 284, -1, 1, 2.356194490192345, 1.4142135623730951
94, 167, 1180, 91, 1180, 89, 0, 2, 1.5707963267948966, 2.0
94, 168, 13, 388, 11, 387, 2, 1, 0.4636476090008061, 2.23606797749979
94, 169, 821, 28, 822, 28, -1, 0, 3.141592653589793, 1.0
94, 170, 472, 701, 472, 718, 0, -17, -1.5707963267948966, 17.0
94, 171, 850, 606, 850, 611, 0, -5, -1.5707963267948966, 5.0
94, 172, 470, 614, 471, 619, -1, -5, -1.7681918866447774, 5.0990195135927845
94, 173, 746, 380, 747, 384, -1, -4, -1.8157749899217608, 4.123105625617661
94, 174, 278, 357, 279, 357, -1, 0, 3.141592653589793, 1.0
94, 175, 483, 254, 484, 256, -1, -2, -2.0344439357957027, 2.23606797749979
94, 176, 1126, 245, 1127, 249, -1, -4, -1.8157749899217608, 4.123105625617661
94, 177, 610, 296, 610, 293, 0, 3, 1.5707963267948966, 3.0
94, 178, 265, 415, 266, 415, -1, 0, 3.141592653589793, 1.0
94, 179, 63, 79, 64, 79, -1, 0, 3.141592653589793, 1.0
94, 180, 623, 126, 624, 126, -1, 0, 3.141592653589793, 1.0
94, 181, 398, 414, 399, 414, -1, 0, 3.141592653589793, 1.0
94, 182, 263, 398, 264, 398, -1, 0, 3.141592653589793, 1.0
94, 183, 932, 102, 933, 102, -1, 0, 3.141592653589793, 1.0
94, 184, 685, 266, 686, 265, -1, 1, 2.356194490192345, 1.4142135623730951
94, 185, 300, 393, 301, 393, -1, 0, 3.141592653589793, 1.0
94, 186, 1212, 178, 1211, 176, 1, 2, 1.1071487177940904, 2.23606797749979
94, 187, 691, 501, 691, 506, 0, -5, -1.5707963267948966, 5.0
94, 188, 1112, 111, 1112, 111, 0, 0, 0.0, 0.0
94, 189, 415, 394, 416, 390, -1, 4, 1.8157749899217608, 4.123105625617661
94, 190, 634, 347, 634, 345, 0, 2, 1.5707963267948966, 2.0
94, 191, 741, 632, 744, 629, -3, 3, 2.356194490192345, 4.242640687119285
94, 192, 1193, 226, 1192, 223, 1, 3, 1.2490457723982544, 3.1622776601683795
94, 193, 1155, 552, 1154, 549, 1, 3, 1.2490457723982544, 3.1622776601683795
94, 194, 780, 54, 781, 54, -1, 0, 3.141592653589793, 1.0
94, 195, 1128, 88, 1128, 87, 0, 1, 1.5707963267948966, 1.0
94, 196, 590, 115, 591, 115, -1, 0, 3.141592653589793, 1.0
94, 197, 1147, 82, 1146, 81, 1, 1, 0.7853981633974483, 1.4142135623730951
94, 198, 1180, 115, 1180, 113, 0, 2, 1.5707963267948966, 2.0
94, 199, 502, 215, 503, 217, -1, -2, -2.0344439357957027, 2.23606797749979
94, 200, 143, 71, 141, 70, 2, 1, 0.4636476090008061, 2.23606797749979
94, 201, 333, 10, 332, 10, 1, 0, 0.0, 1.0
94, 202, 611, 85, 612, 84, -1, 1, 2.356194490192345, 1.4142135623730951
94, 203, 1107, 345, 1108, 347, -1, -2, -2.0344439357957027, 2.23606797749979
94, 204, 819, 20, 820, 20, -1, 0, 3.141592653589793, 1.0
94, 205, 1209, 171, 1208, 168, 1, 3, 1.2490457723982544, 3.1622776601683795
94, 206, 803, 233, 803, 235, 0, -2, -1.5707963267948966, 2.0
94, 207, 752, 659, 756, 657, -4, 2, 2.677945044588987, 4.47213595499958
94, 208, 89, 557, 91, 553, -2, 4, 2.0344439357957027, 4.47213595499958
94, 209, 510, 212, 511, 214, -1, -2, -2.0344439357957027, 2.23606797749979
94, 210, 81, 108, 82, 108, -1, 0, 3.141592653589793, 1.0
94, 211, 387, 325, 389, 323, -2, 2, 2.356194490192345, 2.8284271247461903
94, 212, 676, 184, 677, 182, -1, 2, 2.0344439357957027, 2.23606797749979
94, 213, 134, 652, 136, 649, -2, 3, 2.158798930342464, 3.605551275463989
94, 214, 938, 40, 939, 40, -1, 0, 3.141592653589793, 1.0
94, 215, 160, 50, 161, 50, -1, 0, 3.141592653589793, 1.0
94, 216, 683, 495, 683, 500, 0, -5, -1.5707963267948966, 5.0
94, 217, 684, 183, 685, 181, -1, 2, 2.0344439357957027, 2.23606797749979
94, 218, 492, 281, 493, 285, -1, -4, -1.8157749899217608, 4.123105625617661
94, 219, 323, 358, 324, 358, -1, 0, 3.141592653589793, 1.0
94, 220, 61, 113, 61, 113, 0, 0, 0.0, 0.0
94, 221, 1261, 251, 1259, 249, 2, 2, 0.7853981633974483, 2.8284271247461903
94, 222, 240, 322, 241, 322, -1, 0, 3.141592653589793, 1.0
94, 223, 332, 354, 333, 354, -1, 0, 3.141592653589793, 1.0
94, 224, 1221, 316, 1220, 317, 1, -1, -0.7853981633974483, 1.4142135623730951
94, 225, 101, 557, 103, 553, -2, 4, 2.0344439357957027, 4.47213595499958
94, 226, 1261, 210, 1262, 209, -1, 1, 2.356194490192345, 1.4142135623730951
94, 227, 157, 13, 158, 12, -1, 1, 2.356194490192345, 1.4142135623730951
94, 228, 797, 48, 798, 48, -1, 0, 3.141592653589793, 1.0
94, 229, 1255, 280, 1254, 277, 1, 3, 1.2490457723982544, 3.1622776601683795
94, 230, 894, 40, 895, 40, -1, 0, 3.141592653589793, 1.0
94, 231, 706, 646, 709, 644, -3, 2, 2.5535900500422257, 3.605551275463989
94, 232, 629, 81, 629, 80, 0, 1, 1.5707963267948966, 1.0
94, 233, 482, 605, 482, 610, 0, -5, -1.5707963267948966, 5.0
94, 234, 388, 381, 390, 379, -2, 2, 2.356194490192345, 2.8284271247461903
94, 235, 762, 70, 764, 72, -2, -2, -2.356194490192345, 2.8284271247461903
94, 236, 894, 64, 895, 64, -1, 0, 3.141592653589793, 1.0
94, 237, 386, 273, 387, 272, -1, 1, 2.356194490192345, 1.4142135623730951
94, 238, 1133, 245, 1134, 249, -1, -4, -1.8157749899217608, 4.123105625617661
94, 239, 515, 178, 516, 180, -1, -2, -2.0344439357957027, 2.23606797749979
94, 240, 257, 364, 258, 364, -1, 0, 3.141592653589793, 1.0
95, 0, 83, 572, 86, 568, -3, 4, 2.214297435588181, 5.0
95, 1, 1167, 82, 1166, 81, 1, 1, 0.7853981633974483, 1.4142135623730951
95, 2, 815, 569, 816, 574, -1, -5, -1.7681918866447774, 5.0990195135927845
95, 3, 495, 683, 495, 687, 0, -4, -1.5707963267948966, 4.0
95, 4, 458, 693, 456, 698, 2, -5, -1.1902899496825317, 5.385164807134504
95, 5, 670, 246, 671, 244, -1, 2, 2.0344439357957027, 2.23606797749979
95, 6, 484, 616, 484, 620, 0, -4, -1.5707963267948966, 4.0
95, 7, 260, 351, 260, 351, 0, 0, 0.0, 0.0
95, 8, 828, 568, 829, 573, -1, -5, -1.7681918866447774, 5.0990195135927845
95, 9, 251, 346, 251, 346, 0, 0, 0.0, 0.0
95, 10, 175, 29, 176, 28, -1, 1, 2.356194490192345, 1.4142135623730951
95, 11, 1100, 284, 1102, 286, -2, -2, -2.356194490192345, 2.8284271247461903
95, 12, 801, 26, 803, 27, -2, -1, -2.677945044588987, 2.23606797749979
95, 13, 1129, 257, 1131, 261, -2, -4, -2.0344439357957027, 4.47213595499958
95, 14, 794, 632, 794, 632, 0, 0, 0.0, 0.0
95, 15, 812, 220, 813, 223, -1, -3, -1.892546881191539, 3.1622776601683795
95, 16, 1117, 89, 1117, 89, 0, 0, 0.0, 0.0
95, 17, 481, 26, 482, 29, -1, -3, -1.892546881191539, 3.1622776601683795
95, 18, 706, 391, 707, 395, -1, -4, -1.8157749899217608, 4.123105625617661
95, 19, 681, 500, 681, 505, 0, -5, -1.5707963267948966, 5.0
95, 20, 492, 129, 493, 132, -1, -3, -1.892546881191539, 3.1622776601683795
95, 21, 899, 31, 900, 31, -1, 0, 3.141592653589793, 1.0
95, 22, 1253, 171, 1254, 170, -1, 1, 2.356194490192345, 1.4142135623730951
95, 23, 448, 670, 449, 674, -1, -4, -1.8157749899217608, 4.123105625617661
95, 24, 621, 45, 621, 45, 0, 0, 0.0, 0.0
95, 25, 499, 615, 499, 620, 0, -5, -1.5707963267948966, 5.0
95, 26, 1248, 250, 1246, 248, 2, 2, 0.7853981633974483, 2.8284271247461903
95, 27, 256, 381, 257, 381, -1, 0, 3.141592653589793, 1.0
95, 28, 330, 363, 331, 363, -1, 0, 3.141592653589793, 1.0
95, 29, 489, 37, 490, 40, -1, -3, -1.892546881191539, 3.1622776601683795
95, 30, 828, 33, 829, 33, -1, 0, 3.141592653589793, 1.0
95, 31, 130, 621, 132, 617, -2, 4, 2.0344439357957027, 4.47213595499958
95, 32, 276, 327, 277, 327, -1, 0, 3.141592653589793, 1.0
95, 33, 658, 13, 658, 14, 0, -1, -1.5707963267948966, 1.0
95, 34, 1114, 531, 1112, 529, 2, 2, 0.7853981633974483, 2.8284271247461903
95, 35, 592, 77, 593, 77, -1, 0, 3.141592653589793, 1.0
95, 36, 535, 74, 536, 74, -1, 0, 3.141592653589793, 1.0
95, 37, 1227, 283, 1225, 281, 2, 2, 0.7853981633974483, 2.8284271247461903
95, 38, 1177, 86, 1177, 84, 0, 2, 1.5707963267948966, 2.0
95, 39, 467, 616, 468, 621, -1, -5, -1.7681918866447774, 5.0990195135927845
95, 40, 731, 601, 734, 597, -3, 4, 2.214297435588181, 5.0
95, 41, 406, 395, 407, 392, -1, 3, 1.892546881191539, 3.1622776601683795
95, 42, 1260, 177, 1261, 176, -1, 1, 2.356194490192345, 1.4142135623730951
95, 43, 698, 501, 698, 506, 0, -5, -1.5707963267948966, 5.0
95, 44, 1137, 311, 1141, 312, -4, -1, -2.896613990462929, 4.123105625617661
95, 45, 58, 483, 59, 483, -1, 0, 3.141592653589793, 1.0
95, 46, 765, 137, 765, 136, 0, 1, 1.5707963267948966, 1.0
95, 47, 138, 630, 140, 627, -2, 3, 2.158798930342464, 3.605551275463989
95, 48, 1123, 58, 1122, 57, 1, 1, 0.7853981633974483, 1.4142135623730951
95, 49, 676, 271, 677, 270, -1, 1, 2.356194490192345, 1.4142135623730951
95, 50, 143, 97, 143, 97, 0, 0, 0.0, 0.0
95, 51, 128, 34, 125, 35, 3, -1, -0.3217505543966422, 3.1622776601683795
95, 52, 806, 184, 807, 186, -1, -2, -2.0344439357957027, 2.23606797749979
95, 53, 252, 396, 253, 396, -1, 0, 3.141592653589793, 1.0
95, 54, 1126, 494, 1125, 491, 1, 3, 1.2490457723982544, 3.1622776601683795
95, 55, 1211, 217, 1210, 216, 1, 1, 0.7853981633974483, 1.4142135623730951
95, 56, 446, 691, 445, 695, 1, -4, -1.3258176636680326, 4.123105625617661
95, 57, 681, 179, 682, 176, -1, 3, 1.892546881191539, 3.1622776601683795
95, 58, 137, 91, 136, 90, 1, 1, 0.7853981633974483, 1.4142135623730951
95, 59, 689, 193, 690, 191, -1, 2, 2.0344439357957027, 2.23606797749979
95, 60, 470, 203, 471, 206, -1, -3, -1.892546881191539, 3.1622776601683795
95, 61, 480, 38, 481, 41, -1, -3, -1.892546881191539, 3.1622776601683795
95, 62, 316, 400, 317, 400, -1, 0, 3.141592653589793, 1.0
95, 63, 283, 331, 284, 331, -1, 0, 3.141592653589793, 1.0
95, 64, 900, 39, 901, 39, -1, 0, 3.141592653589793, 1.0
95, 65, 589, 49, 590, 49, -1, 0, 3.141592653589793, 1.0
95, 66, 736, 351, 737, 355, -1, -4, -1.8157749899217608, 4.123105625617661
95, 67, 818, 628, 819, 633, -1, -5, -1.7681918866447774, 5.0990195135927845
95, 68, 484, 202, 484, 204, 0, -2, -1.5707963267948966, 2.0
95, 69, 581, 39, 582, 39, -1, 0, 3.141592653589793, 1.0
95, 70, 127, 43, 124, 44, 3, -1, -0.3217505543966422, 3.1622776601683795
95, 71, 582, 109, 583, 109, -1, 0, 3.141592653589793, 1.0
95, 72, 759, 130, 758, 129, 1, 1, 0.7853981633974483, 1.4142135623730951
95, 73, 1227, 342, 1228, 342, -1, 0, 3.141592653589793, 1.0
95, 74, 134, 82, 131, 82, 3, 0, 0.0, 3.0
95, 75, 1163, 45, 1162, 44, 1, 1, 0.7853981633974483, 1.4142135623730951
95, 76, 81, 635, 82, 631, -1, 4, 1.8157749899217608, 4.123105625617661
95, 77, 399, 313, 400, 311, -1, 2, 2.0344439357957027, 2.23606797749979
95, 78, 262, 338, 262, 338, 0, 0, 0.0, 0.0
95, 79, 501, 137, 502, 140, -1, -3, -1.892546881191539, 3.1622776601683795
95, 80, 625, 248, 625, 246, 0, 2, 1.5707963267948966, 2.0
95, 81, 246, 413, 247, 413, -1, 0, 3.141592653589793, 1.0
95, 82, 760, 204, 761, 204, -1, 0, 3.141592653589793, 1.0
95, 83, 1124, 599, 1124, 599, 0, 0, 0.0, 0.0
95, 84, 501, 673, 500, 678, 1, -5, -1.373400766945016, 5.0990195135927845
95, 85, 673, 544, 674, 548, -1, -4, -1.8157749899217608, 4.123105625617661
95, 86, 754, 136, 754, 135, 0, 1, 1.5707963267948966, 1.0
95, 87, 125, 96, 123, 94, 2, 2, 0.7853981633974483, 2.8284271247461903
95, 88, 1129, 282, 1132, 285, -3, -3, -2.356194490192345, 4.242640687119285
95, 89, 286, 386, 287, 386, -1, 0, 3.141592653589793, 1.0
95, 90, 685, 599, 686, 603, -1, -4, -1.8157749899217608, 4.123105625617661
95, 91, 665, 51, 665, 52, 0, -1, -1.5707963267948966, 1.0
95, 92, 184, 701, 183, 701, 1, 0, 0.0, 1.0
95, 93, 490, 100, 490, 102, 0, -2, -1.5707963267948966, 2.0
95, 94, 1135, 50, 1134, 49, 1, 1, 0.7853981633974483, 1.4142135623730951
95, 95, 113, 649, 113, 645, 0, 4, 1.5707963267948966, 4.0
95, 96, 27, 382, 26, 381, 1, 1, 0.7853981633974483, 1.4142135623730951
95, 97, 157, 38, 158, 37, -1, 1, 2.356194490192345, 1.4142135623730951
95, 98, 1142, 108, 1142, 108, 0, 0, 0.0, 0.0
95, 99, 293, 330, 294, 330, -1, 0, 3.141592653589793, 1.0
95, 100, 1126, 117, 1125, 116, 1, 1, 0.7853981633974483, 1.4142135623730951
95, 101, 327, 374, 328, 374, -1, 0, 3.141592653589793, 1.0
95, 102, 546, 34, 546, 35, 0, -1, -1.5707963267948966, 1.0
95, 103, 1165, 498, 1162, 495, 3, 3, 0.7853981633974483, 4.242640687119285
95, 104, 56, 455, 53, 454, 3, 1, 0.3217505543966422, 3.1622776601683795
95, 105, 497, 640, 498, 645, -1, -5, -1.7681918866447774, 5.0990195135927845
95, 106, 1112, 641, 1111, 636, 1, 5, 1.373400766945016, 5.0990195135927845
95, 107, 713, 599, 716, 595, -3, 4, 2.214297435588181, 5.0
95, 108, 488, 165, 489, 169, -1, -4, -1.8157749899217608, 4.123105625617661
95, 109, 389, 245, 390, 243, -1, 2, 2.0344439357957027, 2.23606797749979
95, 110, 24, 445, 22, 442, 2, 3, 0.982793723247329, 3.605551275463989
95, 111, 483, 291, 484, 293, -1, -2, -2.0344439357957027, 2.23606797749979
95, 112, 89, 639, 91, 635, -2, 4, 2.0344439357957027, 4.47213595499958
95, 113, 804, 578, 804, 583, 0, -5, -1.5707963267948966, 5.0
95, 114, 402, 327, 403, 325, -1, 2, 2.0344439357957027, 2.23606797749979
95, 115, 935, 109, 936, 109, -1, 0, 3.141592653589793, 1.0
95, 116, 748, 189, 748, 189, 0, 0, 0.0, 0.0
95, 117, 1261, 266, 1261, 265, 0, 1, 1.5707963267948966, 1.0
95, 118, 691, 509, 691, 514, 0, -5, -1.5707963267948966, 5.0
95, 119, 1215, 292, 1214, 290, 1, 2, 1.1071487177940904, 2.23606797749979
95, 120, 616, 81, 617, 80, -1, 1, 2.356194490192345, 1.4142135623730951
95, 121, 799, 177, 800, 179, -1, -2, -2.0344439357957027, 2.23606797749979
95, 122, 1158, 164, 1158, 163, 0, 1, 1.5707963267948966, 1.0
95, 123, 624, 322, 625, 322, -1, 0, 3.141592653589793, 1.0
95, 124, 704, 640, 706, 637, -2, 3, 2.158798930342464, 3.605551275463989
95, 125, 491, 139, 492, 143, -1, -4, -1.8157749899217608, 4.123105625617661
95, 126, 1179, 245, 1179, 245, 0, 0, 0.0, 0.0
95, 127, 1117, 256, 1119, 260, -2, -4, -2.0344439357957027, 4.47213595499958
95, 128, 703, 623, 705, 619, -2, 4, 2.0344439357957027, 4.47213595499958
95, 129, 768, 172, 768, 169, 0, 3, 1.5707963267948966, 3.0
95, 130, 727, 589, 730, 585, -3, 4, 2.214297435588181, 5.0
95, 131, 717, 590, 720, 586, -3, 4, 2.214297435588181, 5.0
95, 132, 705, 547, 706, 552, -1, -5, -1.7681918866447774, 5.0990195135927845
95, 133, 330, 415, 331, 415, -1, 0, 3.141592653589793, 1.0
95, 134, 830, 43, 831, 43, -1, 0, 3.141592653589793, 1.0
95, 135, 374, 360, 376, 359, -2, 1, 2.677945044588987, 2.23606797749979
95, 136, 1130, 567, 1128, 563, 2, 4, 1.1071487177940904, 4.47213595499958
95, 137, 377, 375, 380, 373, -3, 2, 2.5535900500422257, 3.605551275463989
95, 138, 1125, 297, 1128, 301, -3, -4, -2.214297435588181, 5.0
95, 139, 1177, 674, 1176, 672, 1, 2, 1.1071487177940904, 2.23606797749979
95, 140, 711, 663, 714, 659, -3, 4, 2.214297435588181, 5.0
95, 141, 497, 107, 497, 110, 0, -3, -1.5707963267948966, 3.0
95, 142, 552, 110, 552, 110, 0, 0, 0.0, 0.0
95, 143, 1192, 268, 1193, 268, -1, 0, 3.141592653589793, 1.0
95, 144, 291, 379, 292, 379, -1, 0, 3.141592653589793, 1.0
95, 145, 478, 190, 478, 193, 0, -3, -1.5707963267948966, 3.0
95, 146, 648, 291, 648, 287, 0, 4, 1.5707963267948966, 4.0
95, 147, 922, 103, 923, 103, -1, 0, 3.141592653589793, 1.0
95, 148, 1179, 627, 1178, 621, 1, 6, 1.4056476493802699, 6.082762530298219
95, 149, 574, 59, 575, 59, -1, 0, 3.141592653589793, 1.0
95, 150, 417, 278, 418, 277, -1, 1, 2.356194490192345, 1.4142135623730951
95, 151, 886, 60, 887, 60, -1, 0, 3.141592653589793, 1.0
95, 152, 1174, 128, 1175, 126, -1, 2, 2.0344439357957027, 2.23606797749979
95, 153, 697, 483, 697, 488, 0, -5, -1.5707963267948966, 5.0
95, 154, 326, 383, 327, 383, -1, 0, 3.141592653589793, 1.0
95, 155, 1150, 171, 1149, 170, 1, 1, 0.7853981633974483, 1.4142135623730951
95, 156, 388, 318, 389, 316, -1, 2, 2.0344439357957027, 2.23606797749979
95, 157, 414, 286, 415, 285, -1, 1, 2.356194490192345, 1.4142135623730951
95, 158, 1179, 93, 1180, 91, -1, 2, 2.0344439357957027, 2.23606797749979
95, 159, 15, 389, 13, 388, 2, 1, 0.4636476090008061, 2.23606797749979
95, 160, 820, 28, 821, 28, -1, 0, 3.141592653589793, 1.0
95, 161, 472, 696, 472, 701, 0, -5, -1.5707963267948966, 5.0
95, 162, 850, 600, 850, 606, 0, -6, -1.5707963267948966, 6.0
95, 163, 469, 609, 470, 614, -1, -5, -1.7681918866447774, 5.0990195135927845
95, 164, 745, 375, 746, 380, -1, -5, -1.7681918866447774, 5.0990195135927845
95, 165, 1124, 241, 1126, 245, -2, -4, -2.0344439357957027, 4.47213595499958
95, 166, 609, 300, 610, 296, -1, 4, 1.8157749899217608, 4.123105625617661
95, 167, 264, 415, 265, 415, -1, 0, 3.141592653589793, 1.0
95, 168, 62, 79, 63, 79, -1, 0, 3.141592653589793, 1.0
95, 169, 622, 126, 623, 126, -1, 0, 3.141592653589793, 1.0
95, 170, 262, 398, 263, 398, -1, 0, 3.141592653589793, 1.0
95, 171, 931, 102, 932, 102, -1, 0, 3.141592653589793, 1.0
95, 172, 684, 267, 685, 266, -1, 1, 2.356194490192345, 1.4142135623730951
95, 173, 299, 393, 300, 393, -1, 0, 3.141592653589793, 1.0
95, 174, 1213, 180, 1212, 178, 1, 2, 1.1071487177940904, 2.23606797749979
95, 175, 691, 496, 691, 501, 0, -5, -1.5707963267948966, 5.0
95, 176, 1112, 111, 1112, 111, 0, 0, 0.0, 0.0
95, 177, 414, 398, 415, 394, -1, 4, 1.8157749899217608, 4.123105625617661
95, 178, 633, 348, 634, 347, -1, 1, 2.356194490192345, 1.4142135623730951
95, 179, 738, 635, 741, 632, -3, 3, 2.356194490192345, 4.242640687119285
95, 180, 1194, 229, 1193, 226, 1, 3, 1.2490457723982544, 3.1622776601683795
95, 181, 1157, 554, 1155, 552, 2, 2, 0.7853981633974483, 2.8284271247461903
95, 182, 779, 54, 780, 54, -1, 0, 3.141592653589793, 1.0
95, 183, 1128, 88, 1128, 88, 0, 0, 0.0, 0.0
95, 184, 589, 115, 590, 115, -1, 0, 3.141592653589793, 1.0
95, 185, 1147, 82, 1147, 82, 0, 0, 0.0, 0.0
95, 186, 1179, 117, 1180, 115, -1, 2, 2.0344439357957027, 2.23606797749979
95, 187, 501, 213, 502, 215, -1, -2, -2.0344439357957027, 2.23606797749979
95, 188, 145, 70, 143, 71, 2, -1, -0.4636476090008061, 2.23606797749979
95, 189, 334, 9, 333, 10, 1, -1, -0.7853981633974483, 1.4142135623730951
95, 190, 610, 86, 611, 85, -1, 1, 2.356194490192345, 1.4142135623730951
95, 191, 1210, 173, 1209, 171, 1, 2, 1.1071487177940904, 2.23606797749979
95, 192, 802, 231, 803, 233, -1, -2, -2.0344439357957027, 2.23606797749979
95, 193, 748, 661, 752, 659, -4, 2, 2.677945044588987, 4.47213595499958
95, 194, 86, 561, 89, 557, -3, 4, 2.214297435588181, 5.0
95, 195, 509, 210, 510, 212, -1, -2, -2.0344439357957027, 2.23606797749979
95, 196, 80, 108, 81, 108, -1, 0, 3.141592653589793, 1.0
95, 197, 386, 327, 387, 325, -1, 2, 2.0344439357957027, 2.23606797749979
95, 198, 675, 186, 676, 184, -1, 2, 2.0344439357957027, 2.23606797749979
95, 199, 134, 655, 134, 652, 0, 3, 1.5707963267948966, 3.0
95, 200, 937, 40, 938, 40, -1, 0, 3.141592653589793, 1.0
95, 201, 159, 50, 160, 50, -1, 0, 3.141592653589793, 1.0
95, 202, 683, 490, 683, 495, 0, -5, -1.5707963267948966, 5.0
95, 203, 683, 186, 684, 183, -1, 3, 1.892546881191539, 3.1622776601683795
95, 204, 491, 276, 492, 281, -1, -5, -1.7681918866447774, 5.0990195135927845
95, 205, 322, 358, 323, 358, -1, 0, 3.141592653589793, 1.0
95, 206, 61, 113, 61, 113, 0, 0, 0.0, 0.0
95, 207, 1261, 253, 1261, 251, 0, 2, 1.5707963267948966, 2.0
95, 208, 239, 322, 240, 322, -1, 0, 3.141592653589793, 1.0
95, 209, 331, 354, 332, 354, -1, 0, 3.141592653589793, 1.0
95, 210, 1222, 316, 1221, 316, 1, 0, 0.0, 1.0
95, 211, 98, 561, 101, 557, -3, 4, 2.214297435588181, 5.0
95, 212, 1261, 210, 1261, 210, 0, 0, 0.0, 0.0
95, 213, 156, 14, 157, 13, -1, 1, 2.356194490192345, 1.4142135623730951
95, 214, 796, 48, 797, 48, -1, 0, 3.141592653589793, 1.0
95, 215, 1256, 282, 1255, 280, 1, 2, 1.1071487177940904, 2.23606797749979
95, 216, 892, 40, 894, 40, -2, 0, 3.141592653589793, 2.0
95, 217, 703, 648, 706, 646, -3, 2, 2.5535900500422257, 3.605551275463989
95, 218, 629, 82, 629, 81, 0, 1, 1.5707963267948966, 1.0
95, 219, 482, 600, 482, 605, 0, -5, -1.5707963267948966, 5.0
95, 220, 387, 383, 388, 381, -1, 2, 2.0344439357957027, 2.23606797749979
95, 221, 760, 67, 762, 70, -2, -3, -2.158798930342464, 3.605551275463989
95, 222, 893, 64, 894, 64, -1, 0, 3.141592653589793, 1.0
95, 223, 385, 275, 386, 273, -1, 2, 2.0344439357957027, 2.23606797749979
95, 224, 1132, 241, 1133, 245, -1, -4, -1.8157749899217608, 4.123105625617661
95, 225, 514, 175, 515, 178, -1, -3, -1.892546881191539, 3.1622776601683795
95, 226, 256, 364, 257, 364, -1, 0, 3.141592653589793, 1.0
96, 0, 815, 568, 816, 573, -1, -5, -1.7681918866447774, 5.0990195135927845
96, 1, 491, 614, 492, 619, -1, -5, -1.7681918866447774, 5.0990195135927845
96, 2, 828, 568, 829, 573, -1, -5, -1.7681918866447774, 5.0990195135927845
96, 3, 82, 572, 85, 568, -3, 4, 2.214297435588181, 5.0
96, 4, 1102, 288, 1105, 289, -3, -1, -2.819842099193151, 3.1622776601683795
96, 5, 813, 220, 814, 223, -1, -3, -1.892546881191539, 3.1622776601683795
96, 6, 458, 693, 456, 697, 2, -4, -1.1071487177940904, 4.47213595499958
96, 7, 671, 247, 672, 245, -1, 2, 2.0344439357957027, 2.23606797749979
96, 8, 1167, 83, 1166, 82, 1, 1, 0.7853981633974483, 1.4142135623730951
96, 9, 899, 31, 900, 31, -1, 0, 3.141592653589793, 1.0
96, 10, 712, 671, 714, 667, -2, 4, 2.0344439357957027, 4.47213595499958
96, 11, 483, 615, 484, 619, -1, -4, -1.8157749899217608, 4.123105625617661
96, 12, 492, 130, 493, 133, -1, -3, -1.892546881191539, 3.1622776601683795
96, 13, 407, 395, 409, 392, -2, 3, 2.158798930342464, 3.605551275463989
96, 14, 706, 391, 707, 395, -1, -4, -1.8157749899217608, 4.123105625617661
96, 15, 1127, 495, 1126, 492, 1, 3, 1.2490457723982544, 3.1622776601683795
96, 16, 1248, 250, 1246, 248, 2, 2, 0.7853981633974483, 2.8284271247461903
96, 17, 682, 500, 682, 504, 0, -4, -1.5707963267948966, 4.0
96, 18, 276, 327, 277, 327, -1, 0, 3.141592653589793, 1.0
96, 19, 1253, 171, 1254, 170, -1, 1, 2.356194490192345, 1.4142135623730951
96, 20, 622, 47, 622, 46, 0, 1, 1.5707963267948966, 1.0
96, 21, 489, 36, 490, 40, -1, -4, -1.8157749899217608, 4.123105625617661
96, 22, 481, 26, 482, 29, -1, -3, -1.892546881191539, 3.1622776601683795
96, 23, 1117, 90, 1117, 90, 0, 0, 0.0, 0.0
96, 24, 821, 29, 822, 29, -1, 0, 3.141592653589793, 1.0
96, 25, 176, 30, 177, 29, -1, 1, 2.356194490192345, 1.4142135623730951
96, 26, 699, 502, 700, 507, -1, -5, -1.7681918866447774, 5.0990195135927845
96, 27, 1130, 257, 1132, 261, -2, -4, -2.0344439357957027, 4.47213595499958
96, 28, 658, 13, 658, 14, 0, -1, -1.5707963267948966, 1.0
96, 29, 1260, 177, 1261, 176, -1, 1, 2.356194490192345, 1.4142135623730951
96, 30, 488, 166, 489, 169, -1, -3, -1.892546881191539, 3.1622776601683795
96, 31, 828, 34, 829, 34, -1, 0, 3.141592653589793, 1.0
96, 32, 1177, 86, 1177, 84, 0, 2, 1.5707963267948966, 2.0
96, 33, 469, 615, 470, 620, -1, -5, -1.7681918866447774, 5.0990195135927845
96, 34, 682, 180, 683, 177, -1, 3, 1.892546881191539, 3.1622776601683795
96, 35, 396, 316, 397, 313, -1, 3, 1.892546881191539, 3.1622776601683795
96, 36, 137, 632, 139, 630, -2, 2, 2.356194490192345, 2.8284271247461903
96, 37, 684, 275, 686, 274, -2, 1, 2.677945044588987, 2.23606797749979
96, 38, 131, 94, 130, 93, 1, 1, 0.7853981633974483, 1.4142135623730951
96, 39, 900, 39, 901, 39, -1, 0, 3.141592653589793, 1.0
96, 40, 732, 602, 735, 599, -3, 3, 2.356194490192345, 4.242640687119285
96, 41, 1228, 283, 1226, 281, 2, 2, 0.7853981633974483, 2.8284271247461903
96, 42, 1124, 58, 1123, 57, 1, 1, 0.7853981633974483, 1.4142135623730951
96, 43, 1134, 559, 1132, 558, 2, 1, 0.4636476090008061, 2.23606797749979
96, 44, 1212, 218, 1212, 217, 0, 1, 1.5707963267948966, 1.0
96, 45, 1163, 46, 1162, 45, 1, 1, 0.7853981633974483, 1.4142135623730951
96, 46, 129, 35, 126, 36, 3, -1, -0.3217505543966422, 3.1622776601683795
96, 47, 1138, 312, 1141, 312, -3, 0, 3.141592653589793, 3.0
96, 48, 471, 203, 471, 206, 0, -3, -1.5707963267948966, 3.0
96, 49, 736, 350, 737, 355, -1, -5, -1.7681918866447774, 5.0990195135927845
96, 50, 689, 195, 690, 192, -1, 3, 1.892546881191539, 3.1622776601683795
96, 51, 484, 202, 484, 204, 0, -2, -1.5707963267948966, 2.0
96, 52, 795, 630, 795, 632, 0, -2, -1.5707963267948966, 2.0
96, 53, 408, 333, 409, 331, -1, 2, 2.0344439357957027, 2.23606797749979
96, 54, 1103, 337, 1105, 338, -2, -1, -2.677945044588987, 2.23606797749979
96, 55, 806, 185, 807, 187, -1, -2, -2.0344439357957027, 2.23606797749979
96, 56, 143, 97, 143, 97, 0, 0, 0.0, 0.0
96, 57, 1227, 341, 1228, 341, -1, 0, 3.141592653589793, 1.0
96, 58, 818, 627, 819, 632, -1, -5, -1.7681918866447774, 5.0990195135927845
96, 59, 480, 34, 481, 38, -1, -4, -1.8157749899217608, 4.123105625617661
96, 60, 60, 484, 60, 484, 0, 0, 0.0, 0.0
96, 61, 763, 130, 763, 129, 0, 1, 1.5707963267948966, 1.0
96, 62, 485, 294, 485, 295, 0, -1, -1.5707963267948966, 1.0
96, 63, 626, 324, 627, 323, -1, 1, 2.356194490192345, 1.4142135623730951
96, 64, 677, 269, 678, 269, -1, 0, 3.141592653589793, 1.0
96, 65, 765, 138, 765, 137, 0, 1, 1.5707963267948966, 1.0
96, 66, 29, 383, 27, 381, 2, 2, 0.7853981633974483, 2.8284271247461903
96, 67, 754, 136, 754, 135, 0, 1, 1.5707963267948966, 1.0
96, 68, 760, 204, 761, 204, -1, 0, 3.141592653589793, 1.0
96, 69, 263, 340, 263, 341, 0, -1, -1.5707963267948966, 1.0
96, 70, 625, 248, 625, 246, 0, 2, 1.5707963267948966, 2.0
96, 71, 127, 44, 124, 45, 3, -1, -0.3217505543966422, 3.1622776601683795
96, 72, 1215, 313, 1214, 313, 1, 0, 0.0, 1.0
96, 73, 501, 138, 502, 141, -1, -3, -1.892546881191539, 3.1622776601683795
96, 74, 1124, 599, 1124, 598, 0, 1, 1.5707963267948966, 1.0
96, 75, 634, 347, 634, 347, 0, 0, 0.0, 0.0
96, 76, 1118, 256, 1120, 260, -2, -4, -2.0344439357957027, 4.47213595499958
96, 77, 82, 636, 83, 632, -1, 4, 1.8157749899217608, 4.123105625617661
96, 78, 1142, 107, 1142, 107, 0, 0, 0.0, 0.0
96, 79, 713, 600, 716, 596, -3, 4, 2.214297435588181, 5.0
96, 80, 937, 27, 938, 27, -1, 0, 3.141592653589793, 1.0
96, 81, 1215, 292, 1214, 290, 1, 2, 1.1071487177940904, 2.23606797749979
96, 82, 1129, 281, 1132, 283, -3, -2, -2.5535900500422257, 3.605551275463989
96, 83, 665, 51, 665, 52, 0, -1, -1.5707963267948966, 1.0
96, 84, 128, 623, 130, 620, -2, 3, 2.158798930342464, 3.605551275463989
96, 85, 1192, 269, 1193, 269, -1, 0, 3.141592653589793, 1.0
96, 86, 1126, 118, 1126, 117, 0, 1, 1.5707963267948966, 1.0
96, 87, 1137, 50, 1135, 49, 2, 1, 0.4636476090008061, 2.23606797749979
96, 88, 447, 692, 446, 696, 1, -4, -1.3258176636680326, 4.123105625617661
96, 89, 488, 100, 489, 102, -1, -2, -2.0344439357957027, 2.23606797749979
96, 90, 1156, 554, 1154, 552, 2, 2, 0.7853981633974483, 2.8284271247461903
96, 91, 135, 80, 133, 81, 2, -1, -0.4636476090008061, 2.23606797749979
96, 92, 685, 599, 686, 603, -1, -4, -1.8157749899217608, 4.123105625617661
96, 93, 705, 665, 708, 662, -3, 3, 2.356194490192345, 4.242640687119285
96, 94, 389, 246, 390, 244, -1, 2, 2.0344439357957027, 2.23606797749979
96, 95, 479, 192, 479, 194, 0, -2, -1.5707963267948966, 2.0
96, 96, 674, 543, 674, 547, 0, -4, -1.5707963267948966, 4.0
96, 97, 1112, 643, 1111, 638, 1, 5, 1.373400766945016, 5.0990195135927845
96, 98, 618, 81, 618, 80, 0, 1, 1.5707963267948966, 1.0
96, 99, 158, 39, 159, 39, -1, 0, 3.141592653589793, 1.0
96, 100, 278, 316, 279, 316, -1, 0, 3.141592653589793, 1.0
96, 101, 800, 177, 801, 179, -1, -2, -2.0344439357957027, 2.23606797749979
96, 102, 490, 140, 491, 143, -1, -3, -1.892546881191539, 3.1622776601683795
96, 103, 729, 449, 729, 454, 0, -5, -1.5707963267948966, 5.0
96, 104, 385, 276, 386, 275, -1, 1, 2.356194490192345, 1.4142135623730951
96, 105, 1177, 681, 1177, 679, 0, 2, 1.5707963267948966, 2.0
96, 106, 1165, 501, 1163, 498, 2, 3, 0.982793723247329, 3.605551275463989
96, 107, 727, 591, 730, 587, -3, 4, 2.214297435588181, 5.0
96, 108, 691, 509, 692, 515, -1, -6, -1.7359450042095235, 6.082762530298219
96, 109, 450, 670, 450, 674, 0, -4, -1.5707963267948966, 4.0
96, 110, 769, 171, 769, 169, 0, 2, 1.5707963267948966, 2.0
96, 111, 112, 654, 115, 650, -3, 4, 2.214297435588181, 5.0
96, 112, 1261, 267, 1275, 265, -14, 2, 2.999695598985629, 14.142135623730951
96, 113, 717, 591, 720, 587, -3, 4, 2.214297435588181, 5.0
96, 114, 1147, 604, 1143, 601, 4, 3, 0.6435011087932844, 5.0
96, 115, 1105, 349, 1106, 352, -1, -3, -1.892546881191539, 3.1622776601683795
96, 116, 377, 375, 380, 373, -3, 2, 2.5535900500422257, 3.605551275463989
96, 117, 85, 151, 86, 151, -1, 0, 3.141592653589793, 1.0
96, 118, 1179, 93, 1180, 91, -1, 2, 2.0344439357957027, 2.23606797749979
96, 119, 831, 43, 832, 43, -1, 0, 3.141592653589793, 1.0
96, 120, 470, 608, 471, 613, -1, -5, -1.7681918866447774, 5.0990195135927845
96, 121, 1126, 298, 1129, 301, -3, -3, -2.356194490192345, 4.242640687119285
96, 122, 888, 49, 889, 49, -1, 0, 3.141592653589793, 1.0
96, 123, 707, 548, 708, 553, -1, -5, -1.7681918866447774, 5.0990195135927845
96, 124, 1261, 210, 1262, 210, -1, 0, 3.141592653589793, 1.0
96, 125, 497, 639, 498, 644, -1, -5, -1.7681918866447774, 5.0990195135927845
96, 126, 1158, 162, 1158, 162, 0, 0, 0.0, 0.0
96, 127, 1186, 242, 1185, 240, 1, 2, 1.1071487177940904, 2.23606797749979
96, 128, 850, 600, 850, 605, 0, -5, -1.5707963267948966, 5.0
96, 129, 1130, 91, 1129, 90, 1, 1, 0.7853981633974483, 1.4142135623730951
96, 130, 509, 209, 510, 211, -1, -2, -2.0344439357957027, 2.23606797749979
96, 131, 1180, 247, 1180, 245, 0, 2, 1.5707963267948966, 2.0
96, 132, 1214, 179, 1213, 178, 1, 1, 0.7853981633974483, 1.4142135623730951
96, 133, 698, 483, 698, 488, 0, -5, -1.5707963267948966, 5.0
96, 134, 803, 578, 804, 583, -1, -5, -1.7681918866447774, 5.0990195135927845
96, 135, 691, 497, 691, 502, 0, -5, -1.5707963267948966, 5.0
96, 136, 1133, 575, 1132, 573, 1, 2, 1.1071487177940904, 2.23606797749979
96, 137, 386, 327, 388, 325, -2, 2, 2.356194490192345, 2.8284271247461903
96, 138, 89, 640, 91, 637, -2, 3, 2.158798930342464, 3.605551275463989
96, 139, 788, 66, 790, 67, -2, -1, -2.677945044588987, 2.23606797749979
96, 140, 649, 292, 649, 289, 0, 3, 1.5707963267948966, 3.0
96, 141, 389, 318, 390, 316, -1, 2, 2.0344439357957027, 2.23606797749979
96, 142, 184, 701, 183, 706, 1, -5, -1.373400766945016, 5.0990195135927845
96, 143, 475, 701, 474, 713, 1, -12, -1.4876550949064553, 12.041594578792296
96, 144, 1174, 128, 1175, 126, -1, 2, 2.0344439357957027, 2.23606797749979
96, 145, 501, 672, 501, 677, 0, -5, -1.5707963267948966, 5.0
96, 146, 780, 56, 781, 56, -1, 0, 3.141592653589793, 1.0
96, 147, 887, 61, 888, 61, -1, 0, 3.141592653589793, 1.0
96, 148, 1125, 242, 1126, 246, -1, -4, -1.8157749899217608, 4.123105625617661
96, 149, 1180, 630, 1179, 624, 1, 6, 1.4056476493802699, 6.082762530298219
96, 150, 623, 126, 623, 126, 0, 0, 0.0, 0.0
96, 151, 749, 371, 750, 375, -1, -4, -1.8157749899217608, 4.123105625617661
96, 152, 497, 106, 497, 108, 0, -2, -1.5707963267948966, 2.0
96, 153, 1112, 111, 1112, 111, 0, 0, 0.0, 0.0
96, 154, 398, 415, 399, 415, -1, 0, 3.141592653589793, 1.0
96, 155, 1116, 533, 1114, 531, 2, 2, 0.7853981633974483, 2.8284271247461903
96, 156, 609, 299, 610, 296, -1, 3, 1.892546881191539, 3.1622776601683795
96, 157, 418, 278, 419, 277, -1, 1, 2.356194490192345, 1.4142135623730951
96, 158, 59, 429, 57, 428, 2, 1, 0.4636476090008061, 2.23606797749979
96, 159, 1257, 282, 1256, 280, 1, 2, 1.1071487177940904, 2.23606797749979
96, 160, 58, 460, 56, 459, 2, 1, 0.4636476090008061, 2.23606797749979
96, 161, 495, 681, 496, 685, -1, -4, -1.8157749899217608, 4.123105625617661
96, 162, 1098, 321, 1101, 320, -3, 1, 2.819842099193151, 3.1622776601683795
96, 163, 398, 326, 398, 324, 0, 2, 1.5707963267948966, 2.0
96, 164, 24, 447, 22, 445, 2, 2, 0.7853981633974483, 2.8284271247461903
96, 165, 501, 214, 502, 216, -1, -2, -2.0344439357957027, 2.23606797749979
96, 166, 16, 390, 14, 388, 2, 2, 0.7853981633974483, 2.8284271247461903
96, 167, 1211, 172, 1210, 171, 1, 1, 0.7853981633974483, 1.4142135623730951
96, 168, 673, 193, 674, 190, -1, 3, 1.892546881191539, 3.1622776601683795
96, 169, 415, 403, 416, 400, -1, 3, 1.892546881191539, 3.1622776601683795
96, 170, 777, 44, 779, 44, -2, 0, 3.141592653589793, 2.0
96, 171, 684, 483, 684, 488, 0, -5, -1.5707963267948966, 5.0
96, 172, 157, 15, 158, 14, -1, 1, 2.356194490192345, 1.4142135623730951
96, 173, 1178, 117, 1179, 115, -1, 2, 2.0344439357957027, 2.23606797749979
96, 174, 1141, 612, 1139, 609, 2, 3, 0.982793723247329, 3.605551275463989
96, 175, 938, 40, 939, 40, -1, 0, 3.141592653589793, 1.0
96, 176, 684, 491, 684, 495, 0, -4, -1.5707963267948966, 4.0
96, 177, 375, 359, 377, 358, -2, 1, 2.677945044588987, 2.23606797749979
96, 178, 893, 40, 894, 40, -1, 0, 3.141592653589793, 1.0
96, 179, 488, 277, 489, 281, -1, -4, -1.8157749899217608, 4.123105625617661
96, 180, 272, 332, 272, 332, 0, 0, 0.0, 0.0
96, 181, 748, 190, 748, 189, 0, 1, 1.5707963267948966, 1.0
96, 182, 757, 64, 760, 67, -3, -3, -2.356194490192345, 4.242640687119285
96, 183, 629, 83, 629, 82, 0, 1, 1.5707963267948966, 1.0
96, 184, 1146, 84, 1145, 83, 1, 1, 0.7853981633974483, 1.4142135623730951
96, 185, 796, 48, 797, 48, -1, 0, 3.141592653589793, 1.0
96, 186, 1261, 253, 1261, 251, 0, 2, 1.5707963267948966, 2.0
96, 187, 414, 288, 415, 287, -1, 1, 2.356194490192345, 1.4142135623730951
96, 188, 98, 561, 101, 558, -3, 3, 2.356194490192345, 4.242640687119285
96, 189, 490, 147, 491, 150, -1, -3, -1.892546881191539, 3.1622776601683795
96, 190, 1121, 96, 1121, 96, 0, 0, 0.0, 0.0
97, 0, 814, 564, 815, 568, -1, -4, -1.8157749899217608, 4.123105625617661
97, 1, 491, 611, 491, 614, 0, -3, -1.5707963267948966, 3.0
97, 2, 827, 564, 828, 568, -1, -4, -1.8157749899217608, 4.123105625617661
97, 3, 81, 574, 82, 572, -1, 2, 2.0344439357957027, 2.23606797749979
97, 4, 1099, 287, 1102, 288, -3, -1, -2.819842099193151, 3.1622776601683795
97, 5, 813, 216, 813, 220, 0, -4, -1.5707963267948966, 4.0
97, 6, 459, 688, 458, 693, 1, -5, -1.373400766945016, 5.0990195135927845
97, 7, 670, 250, 671, 247, -1, 3, 1.892546881191539, 3.1622776601683795
97, 8, 1168, 85, 1167, 83, 1, 2, 1.1071487177940904, 2.23606797749979
97, 9, 896, 31, 899, 31, -3, 0, 3.141592653589793, 3.0
97, 10, 708, 676, 712, 671, -4, 5, 2.2455372690184494, 6.4031242374328485
97, 11, 484, 612, 483, 615, 1, -3, -1.2490457723982544, 3.1622776601683795
97, 12, 491, 126, 492, 130, -1, -4, -1.8157749899217608, 4.123105625617661
97, 13, 405, 396, 407, 395, -2, 1, 2.677945044588987, 2.23606797749979
97, 14, 706, 389, 706, 391, 0, -2, -1.5707963267948966, 2.0
97, 15, 1127, 499, 1127, 495, 0, 4, 1.5707963267948966, 4.0
97, 16, 1251, 252, 1248, 250, 3, 2, 0.5880026035475675, 3.605551275463989
97, 17, 683, 496, 682, 500, 1, -4, -1.3258176636680326, 4.123105625617661
97, 18, 1253, 173, 1253, 171, 0, 2, 1.5707963267948966, 2.0
97, 19, 623, 48, 622, 47, 1, 1, 0.7853981633974483, 1.4142135623730951
97, 20, 488, 31, 489, 36, -1, -5, -1.7681918866447774, 5.0990195135927845
97, 21, 480, 21, 481, 26, -1, -5, -1.7681918866447774, 5.0990195135927845
97, 22, 1119, 91, 1117, 90, 2, 1, 0.4636476090008061, 2.23606797749979
97, 23, 819, 29, 821, 29, -2, 0, 3.141592653589793, 2.0
97, 24, 175, 32, 176, 30, -1, 2, 2.0344439357957027, 2.23606797749979
97, 25, 698, 498, 699, 502, -1, -4, -1.8157749899217608, 4.123105625617661
97, 26, 1128, 252, 1130, 257, -2, -5, -1.9513027039072615, 5.385164807134504
97, 27, 660, 10, 658, 13, 2, -3, -0.982793723247329, 3.605551275463989
97, 28, 1261, 179, 1260, 177, 1, 2, 1.1071487177940904, 2.23606797749979
97, 29, 486, 161, 488, 166, -2, -5, -1.9513027039072615, 5.385164807134504
97, 30, 827, 34, 828, 34, -1, 0, 3.141592653589793, 1.0
97, 31, 1177, 89, 1177, 86, 0, 3, 1.5707963267948966, 3.0
97, 32, 468, 612, 469, 615, -1, -3, -1.892546881191539, 3.1622776601683795
97, 33, 681, 183, 682, 180, -1, 3, 1.892546881191539, 3.1622776601683795
97, 34, 395, 319, 396, 316, -1, 3, 1.892546881191539, 3.1622776601683795
97, 35, 135, 630, 137, 632, -2, -2, -2.356194490192345, 2.8284271247461903
97, 36, 680, 276, 684, 275, -4, 1, 2.896613990462929, 4.123105625617661
97, 37, 133, 93, 131, 94, 2, -1, -0.4636476090008061, 2.23606797749979
97, 38, 897, 39, 900, 39, -3, 0, 3.141592653589793, 3.0
97, 39, 729, 604, 732, 602, -3, 2, 2.5535900500422257, 3.605551275463989
97, 40, 1231, 285, 1228, 283, 3, 2, 0.5880026035475675, 3.605551275463989
97, 41, 1128, 59, 1124, 58, 4, 1, 0.24497866312686414, 4.123105625617661
97, 42, 1136, 561, 1134, 559, 2, 2, 0.7853981633974483, 2.8284271247461903
97, 43, 1213, 220, 1212, 218, 1, 2, 1.1071487177940904, 2.23606797749979
97, 44, 1165, 48, 1163, 46, 2, 2, 0.7853981633974483, 2.8284271247461903
97, 45, 132, 35, 129, 35, 3, 0, 0.0, 3.0
97, 46, 1137, 312, 1138, 312, -1, 0, 3.141592653589793, 1.0
97, 47, 471, 198, 471, 203, 0, -5, -1.5707963267948966, 5.0
97, 48, 734, 345, 736, 350, -2, -5, -1.9513027039072615, 5.385164807134504
97, 49, 688, 198, 689, 195, -1, 3, 1.892546881191539, 3.1622776601683795
97, 50, 484, 198, 484, 202, 0, -4, -1.5707963267948966, 4.0
97, 51, 795, 625, 795, 630, 0, -5, -1.5707963267948966, 5.0
97, 52, 407, 334, 408, 333, -1, 1, 2.356194490192345, 1.4142135623730951
97, 53, 1100, 335, 1103, 337, -3, -2, -2.5535900500422257, 3.605551275463989
97, 54, 805, 181, 806, 185, -1, -4, -1.8157749899217608, 4.123105625617661
97, 55, 143, 96, 143, 97, 0, -1, -1.5707963267948966, 1.0
97, 56, 1227, 341, 1227, 341, 0, 0, 0.0, 0.0
97, 57, 818, 623, 818, 627, 0, -4, -1.5707963267948966, 4.0
97, 58, 479, 29, 480, 34, -1, -5, -1.7681918866447774, 5.0990195135927845
97, 59, 60, 485, 60, 484, 0, 1, 1.5707963267948966, 1.0
97, 60, 763, 132, 763, 130, 0, 2, 1.5707963267948966, 2.0
97, 61, 484, 292, 485, 294, -1, -2, -2.0344439357957027, 2.23606797749979
97, 62, 625, 328, 626, 324, -1, 4, 1.8157749899217608, 4.123105625617661
97, 63, 675, 269, 677, 269, -2, 0, 3.141592653589793, 2.0
97, 64, 765, 140, 765, 138, 0, 2, 1.5707963267948966, 2.0
97, 65, 32, 386, 29, 383, 3, 3, 0.7853981633974483, 4.242640687119285
97, 66, 754, 138, 754, 136, 0, 2, 1.5707963267948966, 2.0
97, 67, 759, 204, 760, 204, -1, 0, 3.141592653589793, 1.0
97, 68, 263, 339, 263, 340, 0, -1, -1.5707963267948966, 1.0
97, 69, 625, 251, 625, 248, 0, 3, 1.5707963267948966, 3.0
97, 70, 130, 43, 127, 44, 3, -1, -0.3217505543966422, 3.1622776601683795
97, 71, 1216, 314, 1215, 313, 1, 1, 0.7853981633974483, 1.4142135623730951
97, 72, 500, 134, 501, 138, -1, -4, -1.8157749899217608, 4.123105625617661
97, 73, 633, 347, 634, 347, -1, 0, 3.141592653589793, 1.0
97, 74, 1115, 253, 1118, 256, -3, -3, -2.356194490192345, 4.242640687119285
97, 75, 79, 640, 82, 636, -3, 4, 2.214297435588181, 5.0
97, 76, 1143, 107, 1142, 107, 1, 0, 0.0, 1.0
97, 77, 710, 603, 713, 600, -3, 3, 2.356194490192345, 4.242640687119285
97, 78, 1218, 294, 1215, 292, 3, 2, 0.5880026035475675, 3.605551275463989
97, 79, 1125, 280, 1129, 281, -4, -1, -2.896613990462929, 4.123105625617661
97, 80, 665, 49, 665, 51, 0, -2, -1.5707963267948966, 2.0
97, 81, 124, 624, 128, 623, -4, 1, 2.896613990462929, 4.123105625617661
97, 82, 1191, 269, 1192, 269, -1, 0, 3.141592653589793, 1.0
97, 83, 1126, 119, 1126, 118, 0, 1, 1.5707963267948966, 1.0
97, 84, 1140, 51, 1137, 50, 3, 1, 0.3217505543966422, 3.1622776601683795
97, 85, 449, 687, 447, 692, 2, -5, -1.1902899496825317, 5.385164807134504
97, 86, 487, 98, 488, 100, -1, -2, -2.0344439357957027, 2.23606797749979
97, 87, 1159, 555, 1156, 554, 3, 1, 0.3217505543966422, 3.1622776601683795
97, 88, 135, 76, 135, 80, 0, -4, -1.5707963267948966, 4.0
97, 89, 684, 593, 685, 599, -1, -6, -1.7359450042095235, 6.082762530298219
97, 90, 701, 669, 705, 665, -4, 4, 2.356194490192345, 5.656854249492381
97, 91, 388, 250, 389, 246, -1, 4, 1.8157749899217608, 4.123105625617661
97, 92, 479, 187, 479, 192, 0, -5, -1.5707963267948966, 5.0
97, 93, 674, 539, 674, 543, 0, -4, -1.5707963267948966, 4.0
97, 94, 1112, 645, 1112, 643, 0, 2, 1.5707963267948966, 2.0
97, 95, 618, 83, 618, 81, 0, 2, 1.5707963267948966, 2.0
97, 96, 156, 40, 158, 39, -2, 1, 2.677945044588987, 2.23606797749979
97, 97, 277, 316, 278, 316, -1, 0, 3.141592653589793, 1.0
97, 98, 799, 174, 800, 177, -1, -3, -1.892546881191539, 3.1622776601683795
97, 99, 489, 136, 490, 140, -1, -4, -1.8157749899217608, 4.123105625617661
97, 100, 729, 440, 729, 449, 0, -9, -1.5707963267948966, 9.0
97, 101, 383, 280, 385, 276, -2, 4, 2.0344439357957027, 4.47213595499958
97, 102, 1178, 681, 1177, 681, 1, 0, 0.0, 1.0
97, 103, 1167, 503, 1165, 501, 2, 2, 0.7853981633974483, 2.8284271247461903
97, 104, 724, 594, 727, 591, -3, 3, 2.356194490192345, 4.242640687119285
97, 105, 691, 504, 691, 509, 0, -5, -1.5707963267948966, 5.0
97, 106, 450, 665, 450, 670, 0, -5, -1.5707963267948966, 5.0
97, 107, 770, 174, 769, 171, 1, 3, 1.2490457723982544, 3.1622776601683795
97, 108, 113, 655, 112, 654, 1, 1, 0.7853981633974483, 1.4142135623730951
97, 109, 1261, 270, 1261, 267, 0, 3, 1.5707963267948966, 3.0
97, 110, 713, 594, 717, 591, -4, 3, 2.498091544796509, 5.0
97, 111, 1146, 608, 1147, 604, -1, 4, 1.8157749899217608, 4.123105625617661
97, 112, 1102, 344, 1105, 349, -3, -5, -2.1112158270654806, 5.830951894845301
97, 113, 374, 377, 377, 375, -3, 2, 2.5535900500422257, 3.605551275463989
97, 114, 1178, 97, 1179, 93, -1, 4, 1.8157749899217608, 4.123105625617661
97, 115, 468, 605, 470, 608, -2, -3, -2.158798930342464, 3.605551275463989
97, 116, 1123, 296, 1126, 298, -3, -2, -2.5535900500422257, 3.605551275463989
97, 117, 886, 49, 888, 49, -2, 0, 3.141592653589793, 2.0
97, 118, 707, 545, 707, 548, 0, -3, -1.5707963267948966, 3.0
97, 119, 1260, 210, 1261, 210, -1, 0, 3.141592653589793, 1.0
97, 120, 497, 633, 497, 639, 0, -6, -1.5707963267948966, 6.0
97, 121, 1159, 163, 1158, 162, 1, 1, 0.7853981633974483, 1.4142135623730951
97, 122, 1186, 245, 1186, 242, 0, 3, 1.5707963267948966, 3.0
97, 123, 848, 597, 850, 600, -2, -3, -2.158798930342464, 3.605551275463989
97, 124, 1133, 93, 1130, 91, 3, 2, 0.5880026035475675, 3.605551275463989
97, 125, 508, 206, 509, 209, -1, -3, -1.892546881191539, 3.1622776601683795
97, 126, 1182, 249, 1180, 247, 2, 2, 0.7853981633974483, 2.8284271247461903
97, 127, 1216, 182, 1214, 179, 2, 3, 0.982793723247329, 3.605551275463989
97, 128, 698, 477, 698, 483, 0, -6, -1.5707963267948966, 6.0
97, 129, 800, 574, 803, 578, -3, -4, -2.214297435588181, 5.0
97, 130, 691, 492, 691, 497, 0, -5, -1.5707963267948966, 5.0
97, 131, 1134, 576, 1133, 575, 1, 1, 0.7853981633974483, 1.4142135623730951
97, 132, 385, 331, 386, 327, -1, 4, 1.8157749899217608, 4.123105625617661
97, 133, 86, 644, 89, 640, -3, 4, 2.214297435588181, 5.0
97, 134, 785, 64, 788, 66, -3, -2, -2.5535900500422257, 3.605551275463989
97, 135, 649, 295, 649, 292, 0, 3, 1.5707963267948966, 3.0
97, 136, 388, 321, 389, 318, -1, 3, 1.892546881191539, 3.1622776601683795
97, 137, 187, 701, 184, 701, 3, 0, 0.0, 3.0
97, 138, 477, 696, 475, 701, 2, -5, -1.1902899496825317, 5.385164807134504
97, 139, 1173, 132, 1174, 128, -1, 4, 1.8157749899217608, 4.123105625617661
97, 140, 499, 668, 501, 672, -2, -4, -2.0344439357957027, 4.47213595499958
97, 141, 777, 56, 780, 56, -3, 0, 3.141592653589793, 3.0
97, 142, 885, 62, 887, 61, -2, 1, 2.677945044588987, 2.23606797749979
97, 143, 1123, 237, 1125, 242, -2, -5, -1.9513027039072615, 5.385164807134504
97, 144, 1181, 635, 1180, 630, 1, 5, 1.373400766945016, 5.0990195135927845
97, 145, 623, 126, 623, 126, 0, 0, 0.0, 0.0
97, 146, 748, 368, 749, 371, -1, -3, -1.892546881191539, 3.1622776601683795
97, 147, 497, 103, 497, 106, 0, -3, -1.5707963267948966, 3.0
97, 148, 1112, 111, 1112, 111, 0, 0, 0.0, 0.0
97, 149, 398, 415, 398, 415, 0, 0, 0.0, 0.0
97, 150, 1117, 532, 1116, 533, 1, -1, -0.7853981633974483, 1.4142135623730951
97, 151, 609, 302, 609, 299, 0, 3, 1.5707963267948966, 3.0
97, 152, 417, 280, 418, 278, -1, 2, 2.0344439357957027, 2.23606797749979
97, 153, 62, 429, 59, 429, 3, 0, 0.0, 3.0
97, 154, 1261, 285, 1257, 282, 4, 3, 0.6435011087932844, 5.0
97, 155, 60, 461, 58, 460, 2, 1, 0.4636476090008061, 2.23606797749979
97, 156, 493, 678, 495, 681, -2, -3, -2.158798930342464, 3.605551275463989
97, 157, 1095, 322, 1098, 321, -3, 1, 2.819842099193151, 3.1622776601683795
97, 158, 397, 328, 398, 326, -1, 2, 2.0344439357957027, 2.23606797749979
97, 159, 26, 447, 24, 447, 2, 0, 0.0, 2.0
97, 160, 500, 212, 501, 214, -1, -2, -2.0344439357957027, 2.23606797749979
97, 161, 19, 392, 16, 390, 3, 2, 0.5880026035475675, 3.605551275463989
97, 162, 1213, 175, 1211, 172, 2, 3, 0.982793723247329, 3.605551275463989
97, 163, 672, 196, 673, 193, -1, 3, 1.892546881191539, 3.1622776601683795
97, 164, 413, 405, 415, 403, -2, 2, 2.356194490192345, 2.8284271247461903
97, 165, 774, 44, 777, 44, -3, 0, 3.141592653589793, 3.0
97, 166, 684, 478, 684, 483, 0, -5, -1.5707963267948966, 5.0
97, 167, 156, 17, 157, 15, -1, 2, 2.0344439357957027, 2.23606797749979
97, 168, 1177, 121, 1178, 117, -1, 4, 1.8157749899217608, 4.123105625617661
97, 169, 1138, 613, 1141, 612, -3, 1, 2.819842099193151, 3.1622776601683795
97, 170, 937, 40, 938, 40, -1, 0, 3.141592653589793, 1.0
97, 171, 684, 486, 684, 491, 0, -5, -1.5707963267948966, 5.0
97, 172, 371, 361, 375, 359, -4, 2, 2.677945044588987, 4.47213595499958
97, 173, 890, 40, 893, 40, -3, 0, 3.141592653589793, 3.0
97, 174, 486, 272, 488, 277, -2, -5, -1.9513027039072615, 5.385164807134504
97, 175, 748, 192, 748, 190, 0, 2, 1.5707963267948966, 2.0
97, 176, 755, 60, 757, 64, -2, -4, -2.0344439357957027, 4.47213595499958
97, 177, 629, 84, 629, 83, 0, 1, 1.5707963267948966, 1.0
97, 178, 1149, 86, 1146, 84, 3, 2, 0.5880026035475675, 3.605551275463989
97, 179, 794, 48, 796, 48, -2, 0, 3.141592653589793, 2.0
97, 180, 1261, 255, 1261, 253, 0, 2, 1.5707963267948966, 2.0
97, 181, 413, 290, 414, 288, -1, 2, 2.0344439357957027, 2.23606797749979
97, 182, 95, 563, 98, 561, -3, 2, 2.5535900500422257, 3.605551275463989
97, 183, 488, 142, 490, 147, -2, -5, -1.9513027039072615, 5.385164807134504
97, 184, 1123, 97, 1121, 96, 2, 1, 0.4636476090008061, 2.23606797749979
98, 0, 828, 559, 829, 563, -1, -4, -1.8157749899217608, 4.123105625617661
98, 1, 82, 578, 82, 576, 0, 2, 1.5707963267948966, 2.0
98, 2, 460, 684, 459, 689, 1, -5, -1.373400766945016, 5.0990195135927845
98, 3, 813, 217, 814, 219, -1, -2, -2.0344439357957027, 2.23606797749979
98, 4, 392, 319, 393, 316, -1, 3, 1.892546881191539, 3.1622776601683795
98, 5, 493, 128, 493, 130, 0, -2, -1.5707963267948966, 2.0
98, 6, 486, 603, 486, 607, 0, -4, -1.5707963267948966, 4.0
98, 7, 816, 559, 816, 563, 0, -4, -1.5707963267948966, 4.0
98, 8, 409, 331, 410, 330, -1, 1, 2.356194490192345, 1.4142135623730951
98, 9, 682, 492, 682, 496, 0, -4, -1.5707963267948966, 4.0
98, 10, 797, 15, 798, 18, -1, -3, -1.892546881191539, 3.1622776601683795
98, 11, 384, 281, 385, 278, -1, 3, 1.892546881191539, 3.1622776601683795
98, 12, 1256, 174, 1256, 173, 0, 1, 1.5707963267948966, 1.0
98, 13, 828, 34, 829, 34, -1, 0, 3.141592653589793, 1.0
98, 14, 1138, 563, 1137, 559, 1, 4, 1.3258176636680326, 4.123105625617661
98, 15, 660, 11, 659, 13, 1, -2, -1.1071487177940904, 2.23606797749979
98, 16, 176, 31, 176, 31, 0, 0, 0.0, 0.0
98, 17, 897, 31, 899, 31, -2, 0, 3.141592653589793, 2.0
98, 18, 1252, 255, 1250, 252, 2, 3, 0.982793723247329, 3.605551275463989
98, 19, 1261, 179, 1261, 178, 0, 1, 1.5707963267948966, 1.0
98, 20, 1095, 287, 1099, 288, -4, -1, -2.896613990462929, 4.123105625617661
98, 21, 469, 604, 470, 609, -1, -5, -1.7681918866447774, 5.0990195135927845
98, 22, 1128, 303, 1132, 304, -4, -1, -2.896613990462929, 4.123105625617661
98, 23, 143, 97, 143, 97, 0, 0, 0.0, 0.0
98, 24, 481, 23, 482, 25, -1, -2, -2.0344439357957027, 2.23606797749979
98, 25, 699, 494, 700, 499, -1, -5, -1.7681918866447774, 5.0990195135927845
98, 26, 77, 489, 74, 486, 3, 3, 0.7853981633974483, 4.242640687119285
98, 27, 488, 33, 489, 35, -1, -2, -2.0344439357957027, 2.23606797749979
98, 28, 1122, 92, 1120, 92, 2, 0, 0.0, 2.0
98, 29, 1167, 84, 1167, 83, 0, 1, 1.5707963267948966, 1.0
98, 30, 1128, 252, 1130, 256, -2, -4, -2.0344439357957027, 4.47213595499958
98, 31, 1177, 89, 1177, 88, 0, 1, 1.5707963267948966, 1.0
98, 32, 681, 185, 682, 182, -1, 3, 1.892546881191539, 3.1622776601683795
98, 33, 1123, 598, 1123, 598, 0, 0, 0.0, 0.0
98, 34, 1129, 506, 1130, 502, -1, 4, 1.8157749899217608, 4.123105625617661
98, 35, 623, 49, 623, 48, 0, 1, 1.5707963267948966, 1.0
98, 36, 759, 133, 759, 131, 0, 2, 1.5707963267948966, 2.0
98, 37, 479, 32, 480, 34, -1, -2, -2.0344439357957027, 2.23606797749979
98, 38, 253, 396, 254, 396, -1, 0, 3.141592653589793, 1.0
98, 39, 501, 136, 502, 138, -1, -2, -2.0344439357957027, 2.23606797749979
98, 40, 487, 163, 488, 165, -1, -2, -2.0344439357957027, 2.23606797749979
98, 41, 1143, 107, 1143, 107, 0, 0, 0.0, 0.0
98, 42, 494, 673, 494, 677, 0, -4, -1.5707963267948966, 4.0
98, 43, 35, 388, 32, 385, 3, 3, 0.7853981633974483, 4.242640687119285
98, 44, 707, 606, 711, 603, -4, 3, 2.498091544796509, 5.0
98, 45, 766, 141, 766, 139, 0, 2, 1.5707963267948966, 2.0
98, 46, 450, 685, 449, 689, 1, -4, -1.3258176636680326, 4.123105625617661
98, 47, 134, 44, 130, 44, 4, 0, 0.0, 4.0
98, 48, 737, 348, 738, 353, -1, -5, -1.7681918866447774, 5.0990195135927845
98, 49, 1215, 317, 1214, 314, 1, 3, 1.2490457723982544, 3.1622776601683795
98, 50, 290, 329, 290, 330, 0, -1, -1.5707963267948966, 1.0
98, 51, 897, 39, 899, 39, -2, 0, 3.141592653589793, 2.0
98, 52, 479, 187, 479, 190, 0, -3, -1.5707963267948966, 3.0
98, 53, 1151, 611, 1149, 610, 2, 1, 0.4636476090008061, 2.23606797749979
98, 54, 805, 183, 806, 185, -1, -2, -2.0344439357957027, 2.23606797749979
98, 55, 1128, 59, 1126, 59, 2, 0, 0.0, 2.0
98, 56, 1120, 543, 1119, 541, 1, 2, 1.1071487177940904, 2.23606797749979
98, 57, 135, 35, 131, 35, 4, 0, 0.0, 4.0
98, 58, 488, 101, 488, 102, 0, -1, -1.5707963267948966, 1.0
98, 59, 688, 200, 689, 197, -1, 3, 1.892546881191539, 3.1622776601683795
98, 60, 484, 292, 485, 294, -1, -2, -2.0344439357957027, 2.23606797749979
98, 61, 418, 374, 418, 375, 0, -1, -1.5707963267948966, 1.0
98, 62, 282, 333, 282, 333, 0, 0, 0.0, 0.0
98, 63, 755, 139, 755, 137, 0, 2, 1.5707963267948966, 2.0
98, 64, 63, 433, 61, 431, 2, 2, 0.7853981633974483, 2.8284271247461903
98, 65, 705, 383, 706, 387, -1, -4, -1.8157749899217608, 4.123105625617661
98, 66, 497, 627, 498, 632, -1, -5, -1.7681918866447774, 5.0990195135927845
98, 67, 625, 250, 626, 249, -1, 1, 2.356194490192345, 1.4142135623730951
98, 68, 471, 200, 471, 203, 0, -3, -1.5707963267948966, 3.0
98, 69, 484, 198, 484, 201, 0, -3, -1.5707963267948966, 3.0
98, 70, 760, 204, 760, 204, 0, 0, 0.0, 0.0
98, 71, 633, 347, 634, 347, -1, 0, 3.141592653589793, 1.0
98, 72, 675, 533, 675, 537, 0, -4, -1.5707963267948966, 4.0
98, 73, 418, 284, 419, 282, -1, 2, 2.0344439357957027, 2.23606797749979
98, 74, 693, 679, 697, 675, -4, 4, 2.356194490192345, 5.656854249492381
98, 75, 1192, 269, 1193, 269, -1, 0, 3.141592653589793, 1.0
98, 76, 1164, 47, 1164, 47, 0, 0, 0.0, 0.0
98, 77, 453, 658, 453, 663, 0, -5, -1.5707963267948966, 5.0
98, 78, 73, 476, 70, 475, 3, 1, 0.3217505543966422, 3.1622776601683795
98, 79, 1127, 118, 1127, 118, 0, 0, 0.0, 0.0
98, 80, 490, 138, 491, 140, -1, -2, -2.0344439357957027, 2.23606797749979
98, 81, 1213, 220, 1213, 219, 0, 1, 1.5707963267948966, 1.0
98, 82, 618, 83, 618, 82, 0, 1, 1.5707963267948966, 1.0
98, 83, 671, 252, 671, 249, 0, 3, 1.5707963267948966, 3.0
98, 84, 1116, 250, 1118, 254, -2, -4, -2.0344439357957027, 4.47213595499958
98, 85, 787, 214, 788, 216, -1, -2, -2.0344439357957027, 2.23606797749979
98, 86, 116, 665, 118, 662, -2, 3, 2.158798930342464, 3.605551275463989
98, 87, 1140, 51, 1138, 51, 2, 0, 0.0, 2.0
98, 88, 671, 41, 671, 42, 0, -1, -1.5707963267948966, 1.0
98, 89, 665, 50, 665, 51, 0, -1, -1.5707963267948966, 1.0
98, 90, 1116, 655, 1115, 650, 1, 5, 1.373400766945016, 5.0990195135927845
98, 91, 690, 500, 691, 506, -1, -6, -1.7359450042095235, 6.082762530298219
98, 92, 812, 196, 813, 199, -1, -3, -1.892546881191539, 3.1622776601683795
98, 93, 1219, 297, 1217, 294, 2, 3, 0.982793723247329, 3.605551275463989
98, 94, 726, 609, 730, 606, -4, 3, 2.498091544796509, 5.0
98, 95, 799, 175, 800, 177, -1, -2, -2.0344439357957027, 2.23606797749979
98, 96, 499, 659, 501, 664, -2, -5, -1.9513027039072615, 5.385164807134504
98, 97, 263, 398, 264, 398, -1, 0, 3.141592653589793, 1.0
98, 98, 1132, 92, 1131, 92, 1, 0, 0.0, 1.0
98, 99, 831, 43, 832, 43, -1, 0, 3.141592653589793, 1.0
98, 100, 1173, 132, 1174, 130, -1, 2, 2.0344439357957027, 2.23606797749979
98, 101, 1177, 692, 1176, 690, 1, 2, 1.1071487177940904, 2.23606797749979
98, 102, 1171, 511, 1169, 508, 2, 3, 0.982793723247329, 3.605551275463989
98, 103, 819, 678, 820, 684, -1, -6, -1.7359450042095235, 6.082762530298219
98, 104, 156, 38, 157, 38, -1, 0, 3.141592653589793, 1.0
98, 105, 81, 645, 83, 640, -2, 5, 1.9513027039072615, 5.385164807134504
98, 106, 388, 251, 389, 248, -1, 3, 1.892546881191539, 3.1622776601683795
98, 107, 626, 333, 627, 329, -1, 4, 1.8157749899217608, 4.123105625617661
98, 108, 1261, 269, 1272, 266, -11, 3, 2.875340604438868, 11.40175425099138
98, 109, 501, 214, 501, 216, 0, -2, -1.5707963267948966, 2.0
98, 110, 803, 569, 804, 573, -1, -4, -1.8157749899217608, 4.123105625617661
98, 111, 730, 436, 730, 444, 0, -8, -1.5707963267948966, 8.0
98, 112, 707, 539, 707, 542, 0, -3, -1.5707963267948966, 3.0
98, 113, 803, 599, 804, 607, -1, -8, -1.695151321341658, 8.06225774829855
98, 114, 743, 170, 744, 170, -1, 0, 3.141592653589793, 1.0
98, 115, 721, 596, 725, 593, -4, 3, 2.498091544796509, 5.0
98, 116, 752, 198, 752, 198, 0, 0, 0.0, 0.0
98, 117, 1235, 286, 1233, 283, 2, 3, 0.982793723247329, 3.605551275463989
98, 118, 63, 483, 62, 483, 1, 0, 0.0, 1.0
98, 119, 188, 701, 187, 711, 1, -10, -1.4711276743037347, 10.04987562112089
98, 120, 377, 379, 378, 377, -1, 2, 2.0344439357957027, 2.23606797749979
98, 121, 278, 356, 278, 357, 0, -1, -1.5707963267948966, 1.0
98, 122, 611, 303, 611, 302, 0, 1, 1.5707963267948966, 1.0
98, 123, 1226, 292, 1224, 289, 2, 3, 0.982793723247329, 3.605551275463989
98, 124, 153, 93, 152, 94, 1, -1, -0.7853981633974483, 1.4142135623730951
98, 125, 1236, 338, 1235, 337, 1, 1, 0.7853981633974483, 1.4142135623730951
98, 126, 502, 622, 503, 627, -1, -5, -1.7681918866447774, 5.0990195135927845
98, 127, 414, 421, 415, 417, -1, 4, 1.8157749899217608, 4.123105625617661
98, 128, 49, 448, 48, 445, 1, 3, 1.2490457723982544, 3.1622776601683795
98, 129, 848, 589, 849, 594, -1, -5, -1.7681918866447774, 5.0990195135927845
98, 130, 623, 127, 623, 126, 0, 1, 1.5707963267948966, 1.0
98, 131, 889, 65, 891, 64, -2, 1, 2.677945044588987, 2.23606797749979
98, 132, 888, 46, 889, 46, -1, 0, 3.141592653589793, 1.0
98, 133, 1261, 210, 1262, 211, -1, -1, -2.356194490192345, 1.4142135623730951
98, 134, 1227, 341, 1227, 341, 0, 0, 0.0, 0.0
98, 135, 685, 475, 685, 480, 0, -5, -1.5707963267948966, 5.0
98, 136, 674, 192, 675, 189, -1, 3, 1.892546881191539, 3.1622776601683795
98, 137, 689, 568, 689, 569, 0, -1, -1.5707963267948966, 1.0
98, 138, 809, 20, 809, 22, 0, -2, -1.5707963267948966, 2.0
98, 139, 1119, 551, 1118, 548, 1, 3, 1.2490457723982544, 3.1622776601683795
98, 140, 574, 59, 575, 59, -1, 0, 3.141592653589793, 1.0
98, 141, 21, 395, 18, 392, 3, 3, 0.7853981633974483, 4.242640687119285
98, 142, 1180, 256, 1180, 253, 0, 3, 1.5707963267948966, 3.0
98, 143, 94, 569, 97, 567, -3, 2, 2.5535900500422257, 3.605551275463989
98, 144, 770, 174, 770, 173, 0, 1, 1.5707963267948966, 1.0
98, 145, 1211, 174, 1211, 173, 0, 1, 1.5707963267948966, 1.0
98, 146, 387, 327, 388, 324, -1, 3, 1.892546881191539, 3.1622776601683795
98, 147, 773, 73, 773, 74, 0, -1, -1.5707963267948966, 1.0
98, 148, 1261, 303, 1263, 301, -2, 2, 2.356194490192345, 2.8284271247461903
98, 149, 173, 58, 174, 58, -1, 0, 3.141592653589793, 1.0
98, 150, 84, 570, 85, 567, -1, 3, 1.892546881191539, 3.1622776601683795
98, 151, 1214, 182, 1214, 181, 0, 1, 1.5707963267948966, 1.0
98, 152, 470, 597, 471, 602, -1, -5, -1.7681918866447774, 5.0990195135927845
98, 153, 784, 62, 786, 63, -2, -1, -2.677945044588987, 2.23606797749979
98, 154, 812, 633, 812, 635, 0, -2, -1.5707963267948966, 2.0
98, 155, 401, 259, 402, 256, -1, 3, 1.892546881191539, 3.1622776601683795
98, 156, 711, 597, 715, 594, -4, 3, 2.498091544796509, 5.0
98, 157, 1112, 111, 1112, 111, 0, 0, 0.0, 0.0
98, 158, 1161, 95, 1161, 94, 0, 1, 1.5707963267948966, 1.0
98, 159, 831, 17, 832, 17, -1, 0, 3.141592653589793, 1.0
98, 160, 497, 62, 497, 62, 0, 0, 0.0, 0.0
98, 161, 507, 205, 508, 207, -1, -2, -2.0344439357957027, 2.23606797749979
98, 162, 1102, 344, 1105, 348, -3, -4, -2.214297435588181, 5.0
98, 163, 1184, 645, 1183, 639, 1, 6, 1.4056476493802699, 6.082762530298219
98, 164, 682, 587, 684, 593, -2, -6, -1.892546881191539, 6.324555320336759
98, 165, 818, 619, 819, 623, -1, -4, -1.8157749899217608, 4.123105625617661
98, 166, 1172, 662, 1171, 656, 1, 6, 1.4056476493802699, 6.082762530298219
98, 167, 1182, 235, 1182, 233, 0, 2, 1.5707963267948966, 2.0
98, 168, 375, 364, 377, 361, -2, 3, 2.158798930342464, 3.605551275463989
98, 169, 697, 475, 698, 480, -1, -5, -1.7681918866447774, 5.0990195135927845
98, 170, 629, 83, 629, 82, 0, 1, 1.5707963267948966, 1.0
98, 171, 257, 366, 258, 366, -1, 0, 3.141592653589793, 1.0
98, 172, 1190, 249, 1191, 245, -1, 4, 1.8157749899217608, 4.123105625617661
98, 173, 476, 697, 476, 702, 0, -5, -1.5707963267948966, 5.0
98, 174, 158, 16, 158, 16, 0, 0, 0.0, 0.0
98, 175, 155, 666, 155, 663, 0, 3, 1.5707963267948966, 3.0
98, 176, 1126, 294, 1129, 295, -3, -1, -2.819842099193151, 3.1622776601683795
98, 177, 1178, 121, 1179, 119, -1, 2, 2.0344439357957027, 2.23606797749979
98, 178, 685, 482, 685, 487, 0, -5, -1.5707963267948966, 5.0
98, 179, 691, 489, 692, 494, -1, -5, -1.7681918866447774, 5.0990195135927845
98, 180, 844, 16, 845, 16, -1, 0, 3.141592653589793, 1.0
98, 181, 795, 48, 796, 48, -1, 0, 3.141592653589793, 1.0
98, 182, 81, 108, 82, 108, -1, 0, 3.141592653589793, 1.0
98, 183, 1150, 85, 1149, 84, 1, 1, 0.7853981633974483, 1.4142135623730951
99, 0, 827, 555, 828, 559, -1, -4, -1.8157749899217608, 4.123105625617661
99, 1, 82, 580, 82, 578, 0, 2, 1.5707963267948966, 2.0
99, 2, 461, 679, 460, 684, 1, -5, -1.373400766945016, 5.0990195135927845
99, 3, 812, 214, 813, 217, -1, -3, -1.892546881191539, 3.1622776601683795
99, 4, 391, 322, 392, 319, -1, 3, 1.892546881191539, 3.1622776601683795
99, 5, 493, 126, 493, 128, 0, -2, -1.5707963267948966, 2.0
99, 6, 486, 599, 486, 603, 0, -4, -1.5707963267948966, 4.0
99, 7, 816, 555, 816, 559, 0, -4, -1.5707963267948966, 4.0
99, 8, 407, 331, 409, 331, -2, 0, 3.141592653589793, 2.0
99, 9, 682, 488, 682, 492, 0, -4, -1.5707963267948966, 4.0
99, 10, 796, 12, 797, 15, -1, -3, -1.892546881191539, 3.1622776601683795
99, 11, 383, 284, 384, 281, -1, 3, 1.892546881191539, 3.1622776601683795
99, 12, 1256, 174, 1256, 174, 0, 0, 0.0, 0.0
99, 13, 1139, 566, 1138, 563, 1, 3, 1.2490457723982544, 3.1622776601683795
99, 14, 661, 9, 660, 11, 1, -2, -1.1071487177940904, 2.23606797749979
99, 15, 176, 31, 176, 31, 0, 0, 0.0, 0.0
99, 16, 895, 31, 897, 31, -2, 0, 3.141592653589793, 2.0
99, 17, 1254, 258, 1252, 255, 2, 3, 0.982793723247329, 3.605551275463989
99, 18, 1261, 179, 1261, 179, 0, 0, 0.0, 0.0
99, 19, 1091, 285, 1095, 287, -4, -2, -2.677945044588987, 4.47213595499958
99, 20, 468, 600, 469, 604, -1, -4, -1.8157749899217608, 4.123105625617661
99, 21, 1126, 302, 1128, 303, -2, -1, -2.677945044588987, 2.23606797749979
99, 22, 143, 96, 143, 97, 0, -1, -1.5707963267948966, 1.0
99, 23, 480, 21, 481, 23, -1, -2, -2.0344439357957027, 2.23606797749979
99, 24, 698, 489, 699, 494, -1, -5, -1.7681918866447774, 5.0990195135927845
99, 25, 81, 492, 77, 489, 4, 3, 0.6435011087932844, 5.0
99, 26, 487, 31, 488, 33, -1, -2, -2.0344439357957027, 2.23606797749979
99, 27, 1124, 93, 1122, 92, 2, 1, 0.4636476090008061, 2.23606797749979
99, 28, 1167, 84, 1167, 84, 0, 0, 0.0, 0.0
99, 29, 1126, 247, 1128, 252, -2, -5, -1.9513027039072615, 5.385164807134504
99, 30, 1177, 90, 1177, 89, 0, 1, 1.5707963267948966, 1.0
99, 31, 680, 188, 681, 185, -1, 3, 1.892546881191539, 3.1622776601683795
99, 32, 1122, 598, 1123, 598, -1, 0, 3.141592653589793, 1.0
99, 33, 1129, 510, 1129, 506, 0, 4, 1.5707963267948966, 4.0
99, 34, 623, 50, 623, 49, 0, 1, 1.5707963267948966, 1.0
99, 35, 759, 135, 759, 133, 0, 2, 1.5707963267948966, 2.0
99, 36, 478, 30, 479, 32, -1, -2, -2.0344439357957027, 2.23606797749979
99, 37, 501, 134, 501, 136, 0, -2, -1.5707963267948966, 2.0
99, 38, 486, 161, 487, 163, -1, -2, -2.0344439357957027, 2.23606797749979
99, 39, 1144, 107, 1143, 107, 1, 0, 0.0, 1.0
99, 40, 38, 391, 35, 388, 3, 3, 0.7853981633974483, 4.242640687119285
99, 41, 703, 609, 707, 606, -4, 3, 2.498091544796509, 5.0
99, 42, 766, 143, 766, 141, 0, 2, 1.5707963267948966, 2.0
99, 43, 450, 680, 450, 685, 0, -5, -1.5707963267948966, 5.0
99, 44, 138, 44, 134, 44, 4, 0, 0.0, 4.0
99, 45, 737, 343, 737, 348, 0, -5, -1.5707963267948966, 5.0
99, 46, 1216, 320, 1215, 317, 1, 3, 1.2490457723982544, 3.1622776601683795
99, 47, 895, 39, 897, 39, -2, 0, 3.141592653589793, 2.0
99, 48, 479, 183, 479, 187, 0, -4, -1.5707963267948966, 4.0
99, 49, 1154, 612, 1151, 611, 3, 1, 0.3217505543966422, 3.1622776601683795
99, 50, 804, 181, 805, 183, -1, -2, -2.0344439357957027, 2.23606797749979
99, 51, 1130, 58, 1128, 59, 2, -1, -0.4636476090008061, 2.23606797749979
99, 52, 1121, 545, 1120, 543, 1, 2, 1.1071487177940904, 2.23606797749979
99, 53, 139, 35, 135, 35, 4, 0, 0.0, 4.0
99, 54, 687, 203, 688, 200, -1, 3, 1.892546881191539, 3.1622776601683795
99, 55, 483, 290, 484, 292, -1, -2, -2.0344439357957027, 2.23606797749979
99, 56, 418, 372, 418, 374, 0, -2, -1.5707963267948966, 2.0
99, 57, 755, 141, 755, 139, 0, 2, 1.5707963267948966, 2.0
99, 58, 64, 435, 63, 433, 1, 2, 1.1071487177940904, 2.23606797749979
99, 59, 704, 379, 705, 383, -1, -4, -1.8157749899217608, 4.123105625617661
99, 60, 496, 624, 497, 627, -1, -3, -1.892546881191539, 3.1622776601683795
99, 61, 624, 252, 625, 250, -1, 2, 2.0344439357957027, 2.23606797749979
99, 62, 471, 196, 471, 200, 0, -4, -1.5707963267948966, 4.0
99, 63, 484, 194, 484, 198, 0, -4, -1.5707963267948966, 4.0
99, 64, 760, 204, 760, 204, 0, 0, 0.0, 0.0
99, 65, 632, 347, 633, 347, -1, 0, 3.141592653589793, 1.0
99, 66, 675, 529, 675, 533, 0, -4, -1.5707963267948966, 4.0
99, 67, 417, 286, 418, 284, -1, 2, 2.0344439357957027, 2.23606797749979
99, 68, 689, 682, 693, 679, -4, 3, 2.498091544796509, 5.0
99, 69, 1192, 269, 1192, 269, 0, 0, 0.0, 0.0
99, 70, 1165, 47, 1164, 47, 1, 0, 0.0, 1.0
99, 71, 452, 653, 453, 658, -1, -5, -1.7681918866447774, 5.0990195135927845
99, 72, 77, 477, 73, 476, 4, 1, 0.24497866312686414, 4.123105625617661
99, 73, 1127, 118, 1127, 118, 0, 0, 0.0, 0.0
99, 74, 490, 136, 490, 138, 0, -2, -1.5707963267948966, 2.0
99, 75, 1213, 221, 1213, 220, 0, 1, 1.5707963267948966, 1.0
99, 76, 618, 83, 618, 83, 0, 0, 0.0, 0.0
99, 77, 671, 255, 671, 252, 0, 3, 1.5707963267948966, 3.0
99, 78, 1114, 247, 1116, 250, -2, -3, -2.158798930342464, 3.605551275463989
99, 79, 786, 212, 787, 214, -1, -2, -2.0344439357957027, 2.23606797749979
99, 80, 114, 667, 116, 665, -2, 2, 2.356194490192345, 2.8284271247461903
99, 81, 1142, 51, 1140, 51, 2, 0, 0.0, 2.0
99, 82, 671, 41, 671, 41, 0, 0, 0.0, 0.0
99, 83, 665, 49, 665, 50, 0, -1, -1.5707963267948966, 1.0
99, 84, 1117, 660, 1116, 655, 1, 5, 1.373400766945016, 5.0990195135927845
99, 85, 689, 494, 690, 500, -1, -6, -1.7359450042095235, 6.082762530298219
99, 86, 811, 194, 812, 196, -1, -2, -2.0344439357957027, 2.23606797749979
99, 87, 1221, 300, 1219, 297, 2, 3, 0.982793723247329, 3.605551275463989
99, 88, 722, 612, 726, 609, -4, 3, 2.498091544796509, 5.0
99, 89, 798, 173, 799, 175, -1, -2, -2.0344439357957027, 2.23606797749979
99, 90, 497, 654, 499, 659, -2, -5, -1.9513027039072615, 5.385164807134504
99, 91, 1133, 92, 1132, 92, 1, 0, 0.0, 1.0
99, 92, 1172, 133, 1173, 132, -1, 1, 2.356194490192345, 1.4142135623730951
99, 93, 1178, 694, 1177, 692, 1, 2, 1.1071487177940904, 2.23606797749979
99, 94, 1173, 515, 1171, 511, 2, 4, 1.1071487177940904, 4.47213595499958
99, 95, 819, 670, 819, 678, 0, -8, -1.5707963267948966, 8.0
99, 96, 155, 38, 156, 38, -1, 0, 3.141592653589793, 1.0
99, 97, 79, 649, 81, 645, -2, 4, 2.0344439357957027, 4.47213595499958
99, 98, 387, 254, 388, 251, -1, 3, 1.892546881191539, 3.1622776601683795
99, 99, 625, 337, 626, 333, -1, 4, 1.8157749899217608, 4.123105625617661
99, 100, 1261, 272, 1261, 269, 0, 3, 1.5707963267948966, 3.0
99, 101, 500, 212, 501, 214, -1, -2, -2.0344439357957027, 2.23606797749979
99, 102, 802, 565, 803, 569, -1, -4, -1.8157749899217608, 4.123105625617661
99, 103, 729, 433, 730, 436, -1, -3, -1.892546881191539, 3.1622776601683795
99, 104, 707, 536, 707, 539, 0, -3, -1.5707963267948966, 3.0
99, 105, 802, 591, 803, 599, -1, -8, -1.695151321341658, 8.06225774829855
99, 106, 742, 171, 743, 170, -1, 1, 2.356194490192345, 1.4142135623730951
99, 107, 717, 600, 721, 596, -4, 4, 2.356194490192345, 5.656854249492381
99, 108, 752, 199, 752, 198, 0, 1, 1.5707963267948966, 1.0
99, 109, 1237, 289, 1235, 286, 2, 3, 0.982793723247329, 3.605551275463989
99, 110, 64, 482, 63, 483, 1, -1, -0.7853981633974483, 1.4142135623730951
99, 111, 188, 701, 188, 701, 0, 0, 0.0, 0.0
99, 112, 376, 382, 377, 379, -1, 3, 1.892546881191539, 3.1622776601683795
99, 113, 610, 303, 611, 303, -1, 0, 3.141592653589793, 1.0
99, 114, 1228, 295, 1226, 292, 2, 3, 0.982793723247329, 3.605551275463989
99, 115, 154, 91, 153, 93, 1, -2, -1.1071487177940904, 2.23606797749979
99, 116, 1237, 339, 1236, 338, 1, 1, 0.7853981633974483, 1.4142135623730951
99, 117, 501, 619, 502, 622, -1, -3, -1.892546881191539, 3.1622776601683795
99, 118, 412, 425, 414, 421, -2, 4, 2.0344439357957027, 4.47213595499958
99, 119, 50, 452, 49, 448, 1, 4, 1.3258176636680326, 4.123105625617661
99, 120, 847, 584, 848, 589, -1, -5, -1.7681918866447774, 5.0990195135927845
99, 121, 623, 127, 623, 127, 0, 0, 0.0, 0.0
99, 122, 887, 65, 889, 65, -2, 0, 3.141592653589793, 2.0
99, 123, 1261, 210, 1261, 210, 0, 0, 0.0, 0.0
99, 124, 1226, 341, 1227, 341, -1, 0, 3.141592653589793, 1.0
99, 125, 684, 470, 685, 475, -1, -5, -1.7681918866447774, 5.0990195135927845
99, 126, 673, 195, 674, 192, -1, 3, 1.892546881191539, 3.1622776601683795
99, 127, 689, 567, 689, 568, 0, -1, -1.5707963267948966, 1.0
99, 128, 809, 18, 809, 20, 0, -2, -1.5707963267948966, 2.0
99, 129, 1119, 554, 1119, 551, 0, 3, 1.5707963267948966, 3.0
99, 130, 24, 398, 21, 395, 3, 3, 0.7853981633974483, 4.242640687119285
99, 131, 1181, 259, 1180, 256, 1, 3, 1.2490457723982544, 3.1622776601683795
99, 132, 91, 572, 94, 569, -3, 3, 2.356194490192345, 4.242640687119285
99, 133, 770, 175, 770, 174, 0, 1, 1.5707963267948966, 1.0
99, 134, 1211, 176, 1211, 174, 0, 2, 1.5707963267948966, 2.0
99, 135, 386, 330, 387, 327, -1, 3, 1.892546881191539, 3.1622776601683795
99, 136, 772, 71, 773, 73, -1, -2, -2.0344439357957027, 2.23606797749979
99, 137, 1261, 305, 1261, 303, 0, 2, 1.5707963267948966, 2.0
99, 138, 83, 573, 84, 570, -1, 3, 1.892546881191539, 3.1622776601683795
99, 139, 1214, 183, 1214, 182, 0, 1, 1.5707963267948966, 1.0
99, 140, 469, 592, 470, 597, -1, -5, -1.7681918866447774, 5.0990195135927845
99, 141, 812, 632, 812, 633, 0, -1, -1.5707963267948966, 1.0
99, 142, 400, 262, 401, 259, -1, 3, 1.892546881191539, 3.1622776601683795
99, 143, 706, 601, 711, 597, -5, 4, 2.4668517113662407, 6.4031242374328485
99, 144, 1113, 112, 1112, 111, 1, 1, 0.7853981633974483, 1.4142135623730951
99, 145, 1162, 95, 1161, 95, 1, 0, 0.0, 1.0
99, 146, 830, 17, 831, 17, -1, 0, 3.141592653589793, 1.0
99, 147, 506, 201, 507, 205, -1, -4, -1.8157749899217608, 4.123105625617661
99, 148, 1099, 341, 1102, 344, -3, -3, -2.356194490192345, 4.242640687119285
99, 149, 1185, 650, 1184, 645, 1, 5, 1.373400766945016, 5.0990195135927845
99, 150, 680, 581, 682, 587, -2, -6, -1.892546881191539, 6.324555320336759
99, 151, 817, 614, 818, 619, -1, -5, -1.7681918866447774, 5.0990195135927845
99, 152, 1173, 668, 1172, 662, 1, 6, 1.4056476493802699, 6.082762530298219
99, 153, 1182, 236, 1182, 235, 0, 1, 1.5707963267948966, 1.0
99, 154, 373, 366, 375, 364, -2, 2, 2.356194490192345, 2.8284271247461903
99, 155, 696, 470, 697, 475, -1, -5, -1.7681918866447774, 5.0990195135927845
99, 156, 629, 84, 629, 83, 0, 1, 1.5707963267948966, 1.0
99, 157, 1190, 250, 1190, 249, 0, 1, 1.5707963267948966, 1.0
99, 158, 476, 692, 476, 697, 0, -5, -1.5707963267948966, 5.0
99, 159, 157, 16, 158, 16, -1, 0, 3.141592653589793, 1.0
99, 160, 155, 668, 155, 666, 0, 2, 1.5707963267948966, 2.0
99, 161, 1124, 292, 1126, 294, -2, -2, -2.356194490192345, 2.8284271247461903
99, 162, 1177, 122, 1178, 121, -1, 1, 2.356194490192345, 1.4142135623730951
99, 163, 684, 477, 685, 482, -1, -5, -1.7681918866447774, 5.0990195135927845
99, 164, 690, 484, 691, 489, -1, -5, -1.7681918866447774, 5.0990195135927845
99, 165, 794, 48, 795, 48, -1, 0, 3.141592653589793, 1.0
99, 166, 1151, 86, 1150, 85, 1, 1, 0.7853981633974483, 1.4142135623730951
100, 0, 499, 629, 499, 628, 0, 1, 1.5707963267948966, 1.0
100, 1, 391, 322, 392, 319, -1, 3, 1.892546881191539, 3.1622776601683795
100, 2, 830, 551, 830, 555, 0, -4, -1.5707963267948966, 4.0
100, 3, 493, 126, 493, 128, 0, -2, -1.5707963267948966, 2.0
100, 4, 459, 677, 459, 682, 0, -5, -1.5707963267948966, 5.0
100, 5, 383, 284, 384, 281, -1, 3, 1.892546881191539, 3.1622776601683795
100, 6, 816, 552, 816, 556, 0, -4, -1.5707963267948966, 4.0
100, 7, 486, 596, 486, 600, 0, -4, -1.5707963267948966, 4.0
100, 8, 813, 213, 814, 216, -1, -3, -1.892546881191539, 3.1622776601683795
100, 9, 1257, 175, 1257, 175, 0, 0, 0.0, 0.0
100, 10, 895, 30, 897, 31, -2, -1, -2.677945044588987, 2.23606797749979
100, 11, 80, 586, 80, 584, 0, 2, 1.5707963267948966, 2.0
100, 12, 702, 611, 706, 607, -4, 4, 2.356194490192345, 5.656854249492381
100, 13, 708, 681, 710, 679, -2, 2, 2.356194490192345, 2.8284271247461903
100, 14, 1255, 258, 1252, 255, 3, 3, 0.7853981633974483, 4.242640687119285
100, 15, 176, 32, 176, 32, 0, 0, 0.0, 0.0
100, 16, 795, 13, 796, 16, -1, -3, -1.892546881191539, 3.1622776601683795
100, 17, 409, 329, 410, 329, -1, 0, 3.141592653589793, 1.0
100, 18, 1091, 287, 1095, 289, -4, -2, -2.677945044588987, 4.47213595499958
100, 19, 469, 597, 470, 601, -1, -4, -1.8157749899217608, 4.123105625617661
100, 20, 660, 10, 660, 12, 0, -2, -1.5707963267948966, 2.0
100, 21, 488, 32, 489, 34, -1, -2, -2.0344439357957027, 2.23606797749979
100, 22, 683, 484, 683, 489, 0, -5, -1.5707963267948966, 5.0
100, 23, 481, 22, 482, 24, -1, -2, -2.0344439357957027, 2.23606797749979
100, 24, 1126, 247, 1128, 252, -2, -5, -1.9513027039072615, 5.385164807134504
100, 25, 414, 368, 414, 369, 0, -1, -1.5707963267948966, 1.0
100, 26, 1124, 93, 1122, 92, 2, 1, 0.4636476090008061, 2.23606797749979
100, 27, 1125, 295, 1126, 297, -1, -2, -2.0344439357957027, 2.23606797749979
100, 28, 766, 144, 766, 141, 0, 3, 1.5707963267948966, 3.0
100, 29, 699, 487, 700, 492, -1, -5, -1.7681918866447774, 5.0990195135927845
100, 30, 1132, 514, 1133, 510, -1, 4, 1.8157749899217608, 4.123105625617661
100, 31, 1142, 570, 1140, 567, 2, 3, 0.982793723247329, 3.605551275463989
100, 32, 1122, 598, 1123, 598, -1, 0, 3.141592653589793, 1.0
100, 33, 896, 40, 898, 40, -2, 0, 3.141592653589793, 2.0
100, 34, 1177, 90, 1177, 89, 0, 1, 1.5707963267948966, 1.0
100, 35, 142, 97, 142, 97, 0, 0, 0.0, 0.0
100, 36, 736, 339, 736, 344, 0, -5, -1.5707963267948966, 5.0
100, 37, 681, 187, 682, 185, -1, 2, 2.0344439357957027, 2.23606797749979
100, 38, 1161, 618, 1160, 614, 1, 4, 1.3258176636680326, 4.123105625617661
100, 39, 1145, 105, 1144, 105, 1, 0, 0.0, 1.0
100, 40, 486, 160, 487, 163, -1, -3, -1.892546881191539, 3.1622776601683795
100, 41, 1217, 320, 1216, 317, 1, 3, 1.2490457723982544, 3.1622776601683795
100, 42, 823, 10, 823, 11, 0, -1, -1.5707963267948966, 1.0
100, 43, 149, 79, 148, 81, 1, -2, -1.1071487177940904, 2.23606797749979
100, 44, 624, 50, 624, 49, 0, 1, 1.5707963267948966, 1.0
100, 45, 743, 173, 744, 172, -1, 1, 2.356194490192345, 1.4142135623730951
100, 46, 38, 393, 35, 390, 3, 3, 0.7853981633974483, 4.242640687119285
100, 47, 471, 195, 471, 200, 0, -5, -1.5707963267948966, 5.0
100, 48, 763, 137, 764, 134, -1, 3, 1.892546881191539, 3.1622776601683795
100, 49, 65, 437, 64, 435, 1, 2, 1.1071487177940904, 2.23606797749979
100, 50, 479, 31, 480, 33, -1, -2, -2.0344439357957027, 2.23606797749979
100, 51, 502, 135, 502, 137, 0, -2, -1.5707963267948966, 2.0
100, 52, 139, 35, 136, 35, 3, 0, 0.0, 3.0
100, 53, 633, 348, 634, 347, -1, 1, 2.356194490192345, 1.4142135623730951
100, 54, 1166, 47, 1165, 47, 1, 0, 0.0, 1.0
100, 55, 687, 204, 688, 201, -1, 3, 1.892546881191539, 3.1622776601683795
100, 56, 760, 205, 760, 204, 0, 1, 1.5707963267948966, 1.0
100, 57, 1118, 663, 1117, 658, 1, 5, 1.373400766945016, 5.0990195135927845
100, 58, 754, 142, 755, 139, -1, 3, 1.892546881191539, 3.1622776601683795
100, 59, 1119, 561, 1119, 559, 0, 2, 1.5707963267948966, 2.0
100, 60, 500, 213, 501, 216, -1, -3, -1.892546881191539, 3.1622776601683795
100, 61, 810, 17, 810, 19, 0, -2, -1.5707963267948966, 2.0
100, 62, 83, 487, 79, 484, 4, 3, 0.6435011087932844, 5.0
100, 63, 484, 194, 485, 198, -1, -4, -1.8157749899217608, 4.123105625617661
100, 64, 1261, 273, 1273, 270, -12, 3, 2.896613990462929, 12.36931687685298
100, 65, 138, 45, 134, 45, 4, 0, 0.0, 4.0
100, 66, 1124, 551, 1123, 549, 1, 2, 1.1071487177940904, 2.23606797749979
100, 67, 420, 372, 420, 373, 0, -1, -1.5707963267948966, 1.0
100, 68, 60, 482, 60, 483, 0, -1, -1.5707963267948966, 1.0
100, 69, 629, 251, 630, 250, -1, 1, 2.356194490192345, 1.4142135623730951
100, 70, 688, 687, 692, 683, -4, 4, 2.356194490192345, 5.656854249492381
100, 71, 804, 180, 806, 183, -2, -3, -2.158798930342464, 3.605551275463989
100, 72, 1214, 222, 1214, 220, 0, 2, 1.5707963267948966, 2.0
100, 73, 479, 183, 479, 188, 0, -5, -1.5707963267948966, 5.0
100, 74, 704, 374, 705, 379, -1, -5, -1.7681918866447774, 5.0990195135927845
100, 75, 1193, 270, 1193, 269, 0, 1, 1.5707963267948966, 1.0
100, 76, 417, 293, 418, 290, -1, 3, 1.892546881191539, 3.1622776601683795
100, 77, 448, 678, 449, 682, -1, -4, -1.8157749899217608, 4.123105625617661
100, 78, 498, 651, 500, 655, -2, -4, -2.0344439357957027, 4.47213595499958
100, 79, 1115, 247, 1117, 251, -2, -4, -2.0344439357957027, 4.47213595499958
100, 80, 1143, 51, 1141, 51, 2, 0, 0.0, 2.0
100, 81, 1179, 97, 1179, 96, 0, 1, 1.5707963267948966, 1.0
100, 82, 672, 41, 671, 42, 1, -1, -0.7853981633974483, 1.4142135623730951
100, 83, 750, 208, 750, 206, 0, 2, 1.5707963267948966, 2.0
100, 84, 492, 137, 492, 139, 0, -2, -1.5707963267948966, 2.0
100, 85, 1130, 59, 1128, 59, 2, 0, 0.0, 2.0
100, 86, 156, 38, 157, 38, -1, 0, 3.141592653589793, 1.0
100, 87, 165, 94, 162, 96, 3, -2, -0.5880026035475675, 3.605551275463989
100, 88, 452, 651, 453, 656, -1, -5, -1.7681918866447774, 5.0990195135927845
100, 89, 671, 256, 671, 253, 0, 3, 1.5707963267948966, 3.0
100, 90, 188, 701, 188, 715, 0, -14, -1.5707963267948966, 14.0
100, 91, 480, 287, 481, 290, -1, -3, -1.892546881191539, 3.1622776601683795
100, 92, 786, 212, 787, 215, -1, -3, -1.892546881191539, 3.1622776601683795
100, 93, 813, 633, 813, 634, 0, -1, -1.5707963267948966, 1.0
100, 94, 1127, 117, 1127, 118, 0, -1, -1.5707963267948966, 1.0
100, 95, 723, 613, 727, 610, -4, 3, 2.498091544796509, 5.0
100, 96, 691, 494, 692, 499, -1, -5, -1.7681918866447774, 5.0990195135927845
100, 97, 803, 561, 804, 565, -1, -4, -1.8157749899217608, 4.123105625617661
100, 98, 717, 601, 721, 597, -4, 4, 2.356194490192345, 5.656854249492381
100, 99, 811, 194, 812, 197, -1, -3, -1.892546881191539, 3.1622776601683795
100, 100, 802, 593, 803, 599, -1, -6, -1.7359450042095235, 6.082762530298219
100, 101, 1181, 267, 1181, 265, 0, 2, 1.5707963267948966, 2.0
100, 102, 1168, 84, 1168, 84, 0, 0, 0.0, 0.0
100, 103, 707, 529, 707, 532, 0, -3, -1.5707963267948966, 3.0
100, 104, 684, 468, 685, 473, -1, -5, -1.7681918866447774, 5.0990195135927845
100, 105, 819, 611, 819, 614, 0, -3, -1.5707963267948966, 3.0
100, 106, 1228, 341, 1228, 341, 0, 0, 0.0, 0.0
100, 107, 50, 454, 50, 450, 0, 4, 1.5707963267948966, 4.0
100, 108, 1261, 210, 1261, 210, 0, 0, 0.0, 0.0
100, 109, 387, 254, 388, 251, -1, 3, 1.892546881191539, 3.1622776601683795
100, 110, 688, 567, 689, 569, -1, -2, -2.0344439357957027, 2.23606797749979
100, 111, 675, 527, 675, 531, 0, -4, -1.5707963267948966, 4.0
100, 112, 410, 430, 413, 428, -3, 2, 2.5535900500422257, 3.605551275463989
100, 113, 1172, 132, 1173, 132, -1, 0, 3.141592653589793, 1.0
100, 114, 1149, 177, 1150, 177, -1, 0, 3.141592653589793, 1.0
100, 115, 85, 498, 83, 496, 2, 2, 0.7853981633974483, 2.8284271247461903
100, 116, 1237, 291, 1235, 288, 2, 3, 0.982793723247329, 3.605551275463989
100, 117, 798, 172, 799, 175, -1, -3, -1.892546881191539, 3.1622776601683795
100, 118, 772, 71, 773, 73, -1, -2, -2.0344439357957027, 2.23606797749979
100, 119, 626, 340, 627, 338, -1, 2, 2.0344439357957027, 2.23606797749979
100, 120, 387, 328, 388, 325, -1, 3, 1.892546881191539, 3.1622776601683795
100, 121, 697, 468, 698, 473, -1, -5, -1.7681918866447774, 5.0990195135927845
100, 122, 1215, 184, 1215, 182, 0, 2, 1.5707963267948966, 2.0
100, 123, 1120, 233, 1123, 237, -3, -4, -2.214297435588181, 5.0
100, 124, 848, 582, 849, 586, -1, -4, -1.8157749899217608, 4.123105625617661
100, 125, 623, 125, 623, 125, 0, 0, 0.0, 0.0
100, 126, 1181, 230, 1181, 229, 0, 1, 1.5707963267948966, 1.0
100, 127, 612, 303, 613, 303, -1, 0, 3.141592653589793, 1.0
100, 128, 409, 423, 412, 421, -3, 2, 2.5535900500422257, 3.605551275463989
100, 129, 690, 482, 691, 487, -1, -5, -1.7681918866447774, 5.0990195135927845
100, 130, 1179, 700, 1178, 698, 1, 2, 1.1071487177940904, 2.23606797749979
100, 131, 680, 576, 681, 578, -1, -2, -2.0344439357957027, 2.23606797749979
100, 132, 674, 195, 675, 193, -1, 2, 2.0344439357957027, 2.23606797749979
100, 133, 1113, 113, 1112, 112, 1, 1, 0.7853981633974483, 1.4142135623730951
100, 134, 1261, 306, 1265, 303, -4, 3, 2.498091544796509, 5.0
100, 135, 505, 198, 506, 201, -1, -3, -1.892546881191539, 3.1622776601683795
100, 136, 1133, 94, 1132, 94, 1, 0, 0.0, 1.0
100, 137, 768, 180, 769, 179, -1, 1, 2.356194490192345, 1.4142135623730951
100, 138, 386, 337, 387, 333, -1, 4, 1.8157749899217608, 4.123105625617661
100, 139, 1212, 177, 1212, 175, 0, 2, 1.5707963267948966, 2.0
100, 140, 156, 668, 156, 665, 0, 3, 1.5707963267948966, 3.0
100, 141, 470, 590, 471, 594, -1, -4, -1.8157749899217608, 4.123105625617661
100, 142, 707, 602, 711, 598, -4, 4, 2.356194490192345, 5.656854249492381
100, 143, 1152, 87, 1151, 86, 1, 1, 0.7853981633974483, 1.4142135623730951
100, 144, 618, 85, 618, 84, 0, 1, 1.5707963267948966, 1.0
100, 145, 23, 399, 21, 396, 2, 3, 0.982793723247329, 3.605551275463989
100, 146, 722, 423, 722, 424, 0, -1, -1.5707963267948966, 1.0
100, 147, 137, 75, 136, 76, 1, -1, -0.7853981633974483, 1.4142135623730951
100, 148, 376, 382, 377, 379, -1, 3, 1.892546881191539, 3.1622776601683795
100, 149, 682, 195, 683, 192, -1, 3, 1.892546881191539, 3.1622776601683795
100, 150, 82, 577, 83, 574, -1, 3, 1.892546881191539, 3.1622776601683795
101, 0, 499, 632, 499, 629, 0, 3, 1.5707963267948966, 3.0
101, 1, 390, 325, 391, 322, -1, 3, 1.892546881191539, 3.1622776601683795
101, 2, 830, 547, 830, 551, 0, -4, -1.5707963267948966, 4.0
101, 3, 493, 124, 493, 126, 0, -2, -1.5707963267948966, 2.0
101, 4, 458, 673, 459, 677, -1, -4, -1.8157749899217608, 4.123105625617661
101, 5, 382, 287, 383, 284, -1, 3, 1.892546881191539, 3.1622776601683795
101, 6, 816, 548, 816, 552, 0, -4, -1.5707963267948966, 4.0
101, 7, 486, 592, 486, 596, 0, -4, -1.5707963267948966, 4.0
101, 8, 811, 210, 813, 213, -2, -3, -2.158798930342464, 3.605551275463989
101, 9, 1256, 176, 1257, 175, -1, 1, 2.356194490192345, 1.4142135623730951
101, 10, 893, 30, 895, 30, -2, 0, 3.141592653589793, 2.0
101, 11, 80, 589, 80, 586, 0, 3, 1.5707963267948966, 3.0
101, 12, 698, 615, 702, 611, -4, 4, 2.356194490192345, 5.656854249492381
101, 13, 706, 684, 708, 681, -2, 3, 2.158798930342464, 3.605551275463989
101, 14, 1257, 261, 1255, 258, 2, 3, 0.982793723247329, 3.605551275463989
101, 15, 176, 32, 176, 32, 0, 0, 0.0, 0.0
101, 16, 794, 11, 795, 13, -1, -2, -2.0344439357957027, 2.23606797749979
101, 17, 408, 329, 409, 329, -1, 0, 3.141592653589793, 1.0
101, 18, 1088, 285, 1091, 287, -3, -2, -2.5535900500422257, 3.605551275463989
101, 19, 469, 593, 469, 597, 0, -4, -1.5707963267948966, 4.0
101, 20, 660, 9, 660, 10, 0, -1, -1.5707963267948966, 1.0
101, 21, 683, 479, 683, 484, 0, -5, -1.5707963267948966, 5.0
101, 22, 481, 21, 481, 22, 0, -1, -1.5707963267948966, 1.0
101, 23, 1123, 243, 1126, 247, -3, -4, -2.214297435588181, 5.0
101, 24, 414, 368, 414, 368, 0, 0, 0.0, 0.0
101, 25, 1125, 94, 1124, 93, 1, 1, 0.7853981633974483, 1.4142135623730951
101, 26, 1123, 292, 1125, 295, -2, -3, -2.158798930342464, 3.605551275463989
101, 27, 765, 147, 766, 144, -1, 3, 1.892546881191539, 3.1622776601683795
101, 28, 698, 482, 699, 487, -1, -5, -1.7681918866447774, 5.0990195135927845
101, 29, 1132, 518, 1132, 514, 0, 4, 1.5707963267948966, 4.0
101, 30, 1144, 573, 1142, 570, 2, 3, 0.982793723247329, 3.605551275463989
101, 31, 894, 40, 896, 40, -2, 0, 3.141592653589793, 2.0
101, 32, 1177, 90, 1177, 90, 0, 0, 0.0, 0.0
101, 33, 142, 96, 142, 97, 0, -1, -1.5707963267948966, 1.0
101, 34, 736, 334, 736, 339, 0, -5, -1.5707963267948966, 5.0
101, 35, 680, 189, 681, 187, -1, 2, 2.0344439357957027, 2.23606797749979
101, 36, 1159, 621, 1161, 618, -2, 3, 2.158798930342464, 3.605551275463989
101, 37, 1146, 104, 1145, 105, 1, -1, -0.7853981633974483, 1.4142135623730951
101, 38, 485, 158, 486, 160, -1, -2, -2.0344439357957027, 2.23606797749979
101, 39, 1218, 323, 1217, 320, 1, 3, 1.2490457723982544, 3.1622776601683795
101, 40, 823, 9, 823, 10, 0, -1, -1.5707963267948966, 1.0
101, 41, 151, 78, 149, 79, 2, -1, -0.4636476090008061, 2.23606797749979
101, 42, 624, 51, 624, 50, 0, 1, 1.5707963267948966, 1.0
101, 43, 742, 175, 743, 173, -1, 2, 2.0344439357957027, 2.23606797749979
101, 44, 41, 396, 38, 393, 3, 3, 0.7853981633974483, 4.242640687119285
101, 45, 471, 191, 471, 195, 0, -4, -1.5707963267948966, 4.0
101, 46, 762, 140, 763, 137, -1, 3, 1.892546881191539, 3.1622776601683795
101, 47, 67, 439, 65, 437, 2, 2, 0.7853981633974483, 2.8284271247461903
101, 48, 479, 30, 479, 31, 0, -1, -1.5707963267948966, 1.0
101, 49, 502, 133, 502, 135, 0, -2, -1.5707963267948966, 2.0
101, 50, 143, 35, 139, 35, 4, 0, 0.0, 4.0
101, 51, 632, 349, 633, 348, -1, 1, 2.356194490192345, 1.4142135623730951
101, 52, 1167, 47, 1166, 47, 1, 0, 0.0, 1.0
101, 53, 686, 206, 687, 204, -1, 2, 2.0344439357957027, 2.23606797749979
101, 54, 760, 206, 760, 205, 0, 1, 1.5707963267948966, 1.0
101, 55, 1119, 668, 1118, 663, 1, 5, 1.373400766945016, 5.0990195135927845
101, 56, 753, 145, 754, 142, -1, 3, 1.892546881191539, 3.1622776601683795
101, 57, 1119, 562, 1119, 561, 0, 1, 1.5707963267948966, 1.0
101, 58, 499, 210, 500, 213, -1, -3, -1.892546881191539, 3.1622776601683795
101, 59, 810, 15, 810, 17, 0, -2, -1.5707963267948966, 2.0
101, 60, 84, 490, 83, 487, 1, 3, 1.2490457723982544, 3.1622776601683795
101, 61, 483, 190, 484, 194, -1, -4, -1.8157749899217608, 4.123105625617661
101, 62, 1261, 276, 1261, 273, 0, 3, 1.5707963267948966, 3.0
101, 63, 142, 45, 138, 45, 4, 0, 0.0, 4.0
101, 64, 1125, 552, 1124, 551, 1, 1, 0.7853981633974483, 1.4142135623730951
101, 65, 420, 372, 420, 372, 0, 0, 0.0, 0.0
101, 66, 60, 481, 60, 482, 0, -1, -1.5707963267948966, 1.0
101, 67, 628, 253, 629, 251, -1, 2, 2.0344439357957027, 2.23606797749979
101, 68, 686, 691, 688, 687, -2, 4, 2.0344439357957027, 4.47213595499958
101, 69, 802, 177, 804, 180, -2, -3, -2.158798930342464, 3.605551275463989
101, 70, 1214, 225, 1214, 222, 0, 3, 1.5707963267948966, 3.0
101, 71, 479, 179, 479, 183, 0, -4, -1.5707963267948966, 4.0
101, 72, 704, 369, 704, 374, 0, -5, -1.5707963267948966, 5.0
101, 73, 1193, 271, 1193, 270, 0, 1, 1.5707963267948966, 1.0
101, 74, 416, 296, 417, 293, -1, 3, 1.892546881191539, 3.1622776601683795
101, 75, 447, 674, 448, 678, -1, -4, -1.8157749899217608, 4.123105625617661
101, 76, 497, 647, 498, 651, -1, -4, -1.8157749899217608, 4.123105625617661
101, 77, 1113, 244, 1115, 247, -2, -3, -2.158798930342464, 3.605551275463989
101, 78, 1144, 51, 1143, 51, 1, 0, 0.0, 1.0
101, 79, 1178, 97, 1179, 97, -1, 0, 3.141592653589793, 1.0
101, 80, 673, 40, 672, 41, 1, -1, -0.7853981633974483, 1.4142135623730951
101, 81, 750, 210, 750, 208, 0, 2, 1.5707963267948966, 2.0
101, 82, 492, 135, 492, 137, 0, -2, -1.5707963267948966, 2.0
101, 83, 1131, 59, 1130, 59, 1, 0, 0.0, 1.0
101, 84, 155, 38, 156, 38, -1, 0, 3.141592653589793, 1.0
101, 85, 168, 92, 165, 94, 3, -2, -0.5880026035475675, 3.605551275463989
101, 86, 452, 646, 452, 651, 0, -5, -1.5707963267948966, 5.0
101, 87, 669, 258, 671, 256, -2, 2, 2.356194490192345, 2.8284271247461903
101, 88, 188, 701, 188, 701, 0, 0, 0.0, 0.0
101, 89, 479, 283, 480, 287, -1, -4, -1.8157749899217608, 4.123105625617661
101, 90, 785, 208, 786, 212, -1, -4, -1.8157749899217608, 4.123105625617661
101, 91, 1126, 117, 1127, 117, -1, 0, 3.141592653589793, 1.0
101, 92, 719, 616, 723, 613, -4, 3, 2.498091544796509, 5.0
101, 93, 691, 488, 691, 494, 0, -6, -1.5707963267948966, 6.0
101, 94, 801, 557, 803, 561, -2, -4, -2.0344439357957027, 4.47213595499958
101, 95, 713, 605, 717, 601, -4, 4, 2.356194490192345, 5.656854249492381
101, 96, 809, 190, 811, 194, -2, -4, -2.0344439357957027, 4.47213595499958
101, 97, 801, 586, 802, 593, -1, -7, -1.7126933813990606, 7.0710678118654755
101, 98, 1182, 269, 1181, 267, 1, 2, 1.1071487177940904, 2.23606797749979
101, 99, 1168, 84, 1168, 84, 0, 0, 0.0, 0.0
101, 100, 707, 526, 707, 529, 0, -3, -1.5707963267948966, 3.0
101, 101, 683, 463, 684, 468, -1, -5, -1.7681918866447774, 5.0990195135927845
101, 102, 819, 608, 819, 611, 0, -3, -1.5707963267948966, 3.0
101, 103, 1228, 340, 1228, 341, 0, -1, -1.5707963267948966, 1.0
101, 104, 52, 457, 50, 454, 2, 3, 0.982793723247329, 3.605551275463989
101, 105, 1261, 211, 1261, 210, 0, 1, 1.5707963267948966, 1.0
101, 106, 386, 257, 387, 254, -1, 3, 1.892546881191539, 3.1622776601683795
101, 107, 687, 565, 688, 567, -1, -2, -2.0344439357957027, 2.23606797749979
101, 108, 675, 523, 675, 527, 0, -4, -1.5707963267948966, 4.0
101, 109, 406, 432, 410, 430, -4, 2, 2.677945044588987, 4.47213595499958
101, 110, 1171, 132, 1172, 132, -1, 0, 3.141592653589793, 1.0
101, 111, 1148, 177, 1149, 177, -1, 0, 3.141592653589793, 1.0
101, 112, 87, 501, 85, 498, 2, 3, 0.982793723247329, 3.605551275463989
101, 113, 1238, 295, 1237, 291, 1, 4, 1.3258176636680326, 4.123105625617661
101, 114, 796, 169, 798, 172, -2, -3, -2.158798930342464, 3.605551275463989
101, 115, 771, 69, 772, 71, -1, -2, -2.0344439357957027, 2.23606797749979
101, 116, 625, 342, 626, 340, -1, 2, 2.0344439357957027, 2.23606797749979
101, 117, 386, 331, 387, 328, -1, 3, 1.892546881191539, 3.1622776601683795
101, 118, 696, 463, 697, 468, -1, -5, -1.7681918866447774, 5.0990195135927845
101, 119, 1214, 187, 1215, 184, -1, 3, 1.892546881191539, 3.1622776601683795
101, 120, 1117, 230, 1120, 233, -3, -3, -2.356194490192345, 4.242640687119285
101, 121, 847, 578, 848, 582, -1, -4, -1.8157749899217608, 4.123105625617661
101, 122, 623, 125, 623, 125, 0, 0, 0.0, 0.0
101, 123, 1181, 231, 1181, 230, 0, 1, 1.5707963267948966, 1.0
101, 124, 611, 303, 612, 303, -1, 0, 3.141592653589793, 1.0
101, 125, 405, 424, 409, 423, -4, 1, 2.896613990462929, 4.123105625617661
101, 126, 689, 476, 690, 482, -1, -6, -1.7359450042095235, 6.082762530298219
101, 127, 1180, 701, 1179, 700, 1, 1, 0.7853981633974483, 1.4142135623730951
101, 128, 679, 573, 680, 576, -1, -3, -1.892546881191539, 3.1622776601683795
101, 129, 673, 197, 674, 195, -1, 2, 2.0344439357957027, 2.23606797749979
101, 130, 1114, 113, 1113, 113, 1, 0, 0.0, 1.0
101, 131, 1261, 309, 1261, 306, 0, 3, 1.5707963267948966, 3.0
101, 132, 504, 196, 505, 198, -1, -2, -2.0344439357957027, 2.23606797749979
101, 133, 1133, 94, 1133, 94, 0, 0, 0.0, 0.0
101, 134, 767, 181, 768, 180, -1, 1, 2.356194490192345, 1.4142135623730951
101, 135, 386, 340, 386, 337, 0, 3, 1.5707963267948966, 3.0
101, 136, 1211, 180, 1212, 177, -1, 3, 1.892546881191539, 3.1622776601683795
101, 137, 156, 670, 156, 668, 0, 2, 1.5707963267948966, 2.0
101, 138, 469, 586, 470, 590, -1, -4, -1.8157749899217608, 4.123105625617661
101, 139, 703, 606, 707, 602, -4, 4, 2.356194490192345, 5.656854249492381
101, 140, 1153, 88, 1152, 87, 1, 1, 0.7853981633974483, 1.4142135623730951
101, 141, 618, 86, 618, 85, 0, 1, 1.5707963267948966, 1.0
101, 142, 26, 402, 23, 399, 3, 3, 0.7853981633974483, 4.242640687119285
101, 143, 721, 421, 722, 423, -1, -2, -2.0344439357957027, 2.23606797749979
101, 144, 139, 73, 137, 75, 2, -2, -0.7853981633974483, 2.8284271247461903
101, 145, 375, 385, 376, 382, -1, 3, 1.892546881191539, 3.1622776601683795
101, 146, 681, 197, 682, 195, -1, 2, 2.0344439357957027, 2.23606797749979
101, 147, 81, 580, 82, 577, -1, 3, 1.892546881191539, 3.1622776601683795
102, 0, 389, 326, 391, 323, -2, 3, 2.158798930342464, 3.605551275463989
102, 1, 829, 545, 829, 547, 0, -2, -1.5707963267948966, 2.0
102, 2, 809, 212, 813, 215, -4, -3, -2.498091544796509, 5.0
102, 3, 381, 288, 384, 285, -3, 3, 2.356194490192345, 4.242640687119285
102, 4, 1256, 182, 1257, 179, -1, 3, 1.892546881191539, 3.1622776601683795
102, 5, 502, 635, 501, 630, 1, 5, 1.373400766945016, 5.0990195135927845
102, 6, 493, 121, 493, 126, 0, -5, -1.5707963267948966, 5.0
102, 7, 817, 544, 817, 547, 0, -3, -1.5707963267948966, 3.0
102, 8, 822, 9, 822, 11, 0, -2, -1.5707963267948966, 2.0
102, 9, 700, 614, 702, 612, -2, 2, 2.356194490192345, 2.8284271247461903
102, 10, 889, 28, 893, 29, -4, -1, -2.896613990462929, 4.123105625617661
102, 11, 487, 590, 486, 593, 1, -3, -1.2490457723982544, 3.1622776601683795
102, 12, 455, 671, 456, 675, -1, -4, -1.8157749899217608, 4.123105625617661
102, 13, 1147, 104, 1146, 104, 1, 0, 0.0, 1.0
102, 14, 78, 593, 78, 592, 0, 1, 1.5707963267948966, 1.0
102, 15, 408, 328, 410, 329, -2, -1, -2.677945044588987, 2.23606797749979
102, 16, 470, 590, 471, 593, -1, -3, -1.892546881191539, 3.1622776601683795
102, 17, 842, 24, 844, 25, -2, -1, -2.677945044588987, 2.23606797749979
102, 18, 177, 31, 177, 32, 0, -1, -1.5707963267948966, 1.0
102, 19, 661, 9, 661, 10, 0, -1, -1.5707963267948966, 1.0
102, 20, 698, 482, 700, 486, -2, -4, -2.0344439357957027, 4.47213595499958
102, 21, 791, 33, 793, 34, -2, -1, -2.677945044588987, 2.23606797749979
102, 22, 1121, 566, 1121, 567, 0, -1, -1.5707963267948966, 1.0
102, 23, 1144, 579, 1144, 576, 0, 3, 1.5707963267948966, 3.0
102, 24, 500, 211, 501, 214, -1, -3, -1.892546881191539, 3.1622776601683795
102, 25, 1100, 296, 1104, 299, -4, -3, -2.498091544796509, 5.0
102, 26, 153, 79, 150, 81, 3, -2, -0.5880026035475675, 3.605551275463989
102, 27, 683, 479, 682, 483, 1, -4, -1.3258176636680326, 4.123105625617661
102, 28, 765, 148, 766, 144, -1, 4, 1.8157749899217608, 4.123105625617661
102, 29, 143, 96, 142, 97, 1, -1, -0.7853981633974483, 1.4142135623730951
102, 30, 623, 351, 625, 349, -2, 2, 2.356194490192345, 2.8284271247461903
102, 31, 488, 30, 489, 33, -1, -3, -1.892546881191539, 3.1622776601683795
102, 32, 794, 15, 795, 14, -1, 1, 2.356194490192345, 1.4142135623730951
102, 33, 784, 208, 786, 213, -2, -5, -1.9513027039072615, 5.385164807134504
102, 34, 1127, 94, 1124, 93, 3, 1, 0.3217505543966422, 3.1622776601683795
102, 35, 1259, 262, 1256, 260, 3, 2, 0.5880026035475675, 3.605551275463989
102, 36, 1124, 245, 1127, 249, -3, -4, -2.214297435588181, 5.0
102, 37, 41, 397, 39, 394, 2, 3, 0.982793723247329, 3.605551275463989
102, 38, 480, 20, 481, 23, -1, -3, -1.892546881191539, 3.1622776601683795
102, 39, 1160, 624, 1159, 621, 1, 3, 1.2490457723982544, 3.1622776601683795
102, 40, 502, 131, 502, 135, 0, -4, -1.5707963267948966, 4.0
102, 41, 1177, 91, 1177, 90, 0, 1, 1.5707963267948966, 1.0
102, 42, 421, 375, 422, 373, -1, 2, 2.0344439357957027, 2.23606797749979
102, 43, 479, 28, 480, 31, -1, -3, -1.892546881191539, 3.1622776601683795
102, 44, 478, 281, 481, 287, -3, -6, -2.0344439357957027, 6.708203932499369
102, 45, 1089, 287, 1092, 288, -3, -1, -2.819842099193151, 3.1622776601683795
102, 46, 1137, 522, 1138, 518, -1, 4, 1.8157749899217608, 4.123105625617661
102, 47, 706, 365, 706, 369, 0, -4, -1.5707963267948966, 4.0
102, 48, 675, 289, 676, 289, -1, 0, 3.141592653589793, 1.0
102, 49, 1261, 281, 1274, 277, -13, 4, 2.843093722003614, 13.601470508735444
102, 50, 680, 191, 682, 188, -2, 3, 2.158798930342464, 3.605551275463989
102, 51, 1124, 599, 1123, 598, 1, 1, 0.7853981633974483, 1.4142135623730951
102, 52, 487, 100, 488, 102, -1, -2, -2.0344439357957027, 2.23606797749979
102, 53, 290, 326, 292, 327, -2, -1, -2.677945044588987, 2.23606797749979
102, 54, 737, 338, 738, 343, -1, -5, -1.7681918866447774, 5.0990195135927845
102, 55, 478, 180, 479, 184, -1, -4, -1.8157749899217608, 4.123105625617661
102, 56, 1120, 669, 1120, 666, 0, 3, 1.5707963267948966, 3.0
102, 57, 469, 193, 471, 196, -2, -3, -2.158798930342464, 3.605551275463989
102, 58, 1178, 98, 1179, 97, -1, 1, 2.356194490192345, 1.4142135623730951
102, 59, 893, 39, 897, 40, -4, -1, -2.896613990462929, 4.123105625617661
102, 60, 704, 518, 706, 520, -2, -2, -2.356194490192345, 2.8284271247461903
102, 61, 446, 670, 447, 674, -1, -4, -1.8157749899217608, 4.123105625617661
102, 62, 1127, 556, 1126, 558, 1, -2, -1.1071487177940904, 2.23606797749979
102, 63, 1112, 245, 1115, 247, -3, -2, -2.5535900500422257, 3.605551275463989
102, 64, 82, 490, 85, 491, -3, -1, -2.819842099193151, 3.1622776601683795
102, 65, 1182, 279, 1181, 276, 1, 3, 1.2490457723982544, 3.1622776601683795
102, 66, 758, 141, 759, 137, -1, 4, 1.8157749899217608, 4.123105625617661
102, 67, 581, 36, 582, 38, -1, -2, -2.0344439357957027, 2.23606797749979
102, 68, 486, 157, 487, 161, -1, -4, -1.8157749899217608, 4.123105625617661
102, 69, 754, 148, 755, 143, -1, 5, 1.7681918866447774, 5.0990195135927845
102, 70, 143, 36, 140, 36, 3, 0, 0.0, 3.0
102, 71, 625, 55, 625, 51, 0, 4, 1.5707963267948966, 4.0
102, 72, 1124, 109, 1124, 106, 0, 3, 1.5707963267948966, 3.0
102, 73, 687, 207, 689, 204, -2, 3, 2.158798930342464, 3.605551275463989
102, 74, 804, 176, 805, 180, -1, -4, -1.8157749899217608, 4.123105625617661
102, 75, 1222, 312, 1219, 313, 3, -1, -0.3217505543966422, 3.1622776601683795
102, 76, 1127, 118, 1127, 118, 0, 0, 0.0, 0.0
102, 77, 482, 189, 485, 194, -3, -5, -2.1112158270654806, 5.830951894845301
102, 78, 633, 347, 634, 346, -1, 1, 2.356194490192345, 1.4142135623730951
102, 79, 750, 215, 749, 213, 1, 2, 1.1071487177940904, 2.23606797749979
102, 80, 141, 46, 138, 45, 3, 1, 0.3217505543966422, 3.1622776601683795
102, 81, 175, 92, 171, 93, 4, -1, -0.24497866312686414, 4.123105625617661
102, 82, 796, 28, 798, 29, -2, -1, -2.677945044588987, 2.23606797749979
102, 83, 415, 295, 417, 293, -2, 2, 2.356194490192345, 2.8284271247461903
102, 84, 802, 553, 805, 556, -3, -3, -2.356194490192345, 4.242640687119285
102, 85, 1192, 268, 1193, 268, -1, 0, 3.141592653589793, 1.0
102, 86, 715, 605, 718, 602, -3, 3, 2.356194490192345, 4.242640687119285
102, 87, 1133, 60, 1130, 60, 3, 0, 0.0, 3.0
102, 88, 628, 256, 630, 253, -2, 3, 2.158798930342464, 3.605551275463989
102, 89, 1168, 49, 1166, 48, 2, 1, 0.4636476090008061, 2.23606797749979
102, 90, 1261, 267, 1273, 265, -12, 2, 2.976443976175166, 12.165525060596439
102, 91, 810, 634, 812, 634, -2, 0, 3.141592653589793, 2.0
102, 92, 760, 204, 760, 204, 0, 0, 0.0, 0.0
102, 93, 57, 483, 59, 483, -2, 0, 3.141592653589793, 2.0
102, 94, 491, 132, 492, 137, -1, -5, -1.7681918866447774, 5.0990195135927845
102, 95, 810, 189, 812, 194, -2, -5, -1.9513027039072615, 5.385164807134504
102, 96, 796, 167, 798, 172, -2, -5, -1.9513027039072615, 5.385164807134504
102, 97, 1210, 16, 1211, 16, -1, 0, 3.141592653589793, 1.0
102, 98, 1261, 309, 1268, 306, -7, 3, 2.7367008673047097, 7.615773105863909
102, 99, 619, 89, 619, 86, 0, 3, 1.5707963267948966, 3.0
102, 100, 301, 367, 302, 369, -1, -2, -2.0344439357957027, 2.23606797749979
102, 101, 491, 701, 493, 710, -2, -9, -1.7894652726688385, 9.219544457292887
102, 102, 740, 176, 741, 174, -1, 2, 2.0344439357957027, 2.23606797749979
102, 103, 1223, 319, 1220, 322, 3, -3, -0.7853981633974483, 4.242640687119285
102, 104, 691, 488, 692, 493, -1, -5, -1.7681918866447774, 5.0990195135927845
102, 105, 414, 372, 415, 370, -1, 2, 2.0344439357957027, 2.23606797749979
102, 106, 1146, 53, 1143, 52, 3, 1, 0.3217505543966422, 3.1622776601683795
102, 107, 1149, 177, 1150, 177, -1, 0, 3.141592653589793, 1.0
102, 108, 472, 683, 473, 687, -1, -4, -1.8157749899217608, 4.123105625617661
102, 109, 451, 643, 452, 648, -1, -5, -1.7681918866447774, 5.0990195135927845
102, 110, 782, 57, 783, 59, -1, -2, -2.0344439357957027, 2.23606797749979
102, 111, 498, 650, 498, 646, 0, 4, 1.5707963267948966, 4.0
102, 112, 1181, 701, 1180, 706, 1, -5, -1.373400766945016, 5.0990195135927845
102, 113, 1214, 226, 1214, 223, 0, 3, 1.5707963267948966, 3.0
102, 114, 1189, 659, 1188, 654, 1, 5, 1.373400766945016, 5.0990195135927845
102, 115, 1169, 133, 1170, 132, -1, 1, 2.356194490192345, 1.4142135623730951
102, 116, 669, 258, 672, 256, -3, 2, 2.5535900500422257, 3.605551275463989
102, 117, 84, 149, 86, 151, -2, -2, -2.356194490192345, 2.8284271247461903
102, 118, 243, 331, 245, 332, -2, -1, -2.677945044588987, 2.23606797749979
102, 119, 687, 527, 688, 532, -1, -5, -1.7681918866447774, 5.0990195135927845
102, 120, 683, 463, 684, 467, -1, -4, -1.8157749899217608, 4.123105625617661
102, 121, 887, 44, 889, 45, -2, -1, -2.677945044588987, 2.23606797749979
102, 122, 385, 258, 388, 254, -3, 4, 2.214297435588181, 5.0
102, 123, 695, 462, 697, 467, -2, -5, -1.9513027039072615, 5.385164807134504
102, 124, 402, 339, 404, 338, -2, 1, 2.677945044588987, 2.23606797749979
102, 125, 795, 595, 795, 602, 0, -7, -1.5707963267948966, 7.0
102, 126, 672, 198, 674, 195, -2, 3, 2.158798930342464, 3.605551275463989
102, 127, 846, 43, 848, 44, -2, -1, -2.677945044588987, 2.23606797749979
102, 128, 771, 68, 773, 72, -2, -4, -2.0344439357957027, 4.47213595499958
102, 129, 1213, 188, 1215, 185, -2, 3, 2.158798930342464, 3.605551275463989
102, 130, 612, 302, 613, 302, -1, 0, 3.141592653589793, 1.0
102, 131, 721, 617, 724, 614, -3, 3, 2.356194490192345, 4.242640687119285
102, 132, 1260, 210, 1261, 209, -1, 1, 2.356194490192345, 1.4142135623730951
102, 133, 173, 58, 174, 58, -1, 0, 3.141592653589793, 1.0
102, 134, 77, 135, 79, 136, -2, -1, -2.677945044588987, 2.23606797749979
102, 135, 1153, 92, 1151, 90, 2, 2, 0.7853981633974483, 2.8284271247461903
102, 136, 108, 657, 110, 656, -2, 1, 2.677945044588987, 2.23606797749979
102, 137, 154, 38, 156, 38, -2, 0, 3.141592653589793, 2.0
102, 138, 397, 264, 401, 262, -4, 2, 2.677945044588987, 4.47213595499958
102, 139, 28, 401, 25, 400, 3, 1, 0.3217505543966422, 3.1622776601683795
102, 140, 387, 334, 388, 332, -1, 2, 2.0344439357957027, 2.23606797749979
102, 141, 672, 42, 672, 42, 0, 0, 0.0, 0.0
102, 142, 1104, 331, 1104, 333, 0, -2, -1.5707963267948966, 2.0
102, 143, 745, 165, 745, 162, 0, 3, 1.5707963267948966, 3.0
102, 144, 156, 672, 157, 668, -1, 4, 1.8157749899217608, 4.123105625617661
102, 145, 621, 126, 623, 126, -2, 0, 3.141592653589793, 2.0
102, 146, 690, 476, 691, 481, -1, -5, -1.7681918866447774, 5.0990195135927845
102, 147, 75, 150, 76, 152, -1, -2, -2.0344439357957027, 2.23606797749979
102, 148, 1211, 181, 1212, 178, -1, 3, 1.892546881191539, 3.1622776601683795
102, 149, 1118, 231, 1121, 234, -3, -3, -2.356194490192345, 4.242640687119285
102, 150, 725, 622, 728, 620, -3, 2, 2.5535900500422257, 3.605551275463989
102, 151, 470, 584, 472, 586, -2, -2, -2.356194490192345, 2.8284271247461903
102, 152, 1234, 291, 1232, 290, 2, 1, 0.4636476090008061, 2.23606797749979
102, 153, 67, 434, 65, 432, 2, 2, 0.7853981633974483, 2.8284271247461903
102, 154, 703, 606, 707, 603, -4, 3, 2.498091544796509, 5.0
102, 155, 1116, 114, 1114, 112, 2, 2, 0.7853981633974483, 2.8284271247461903
102, 156, 837, 596, 839, 599, -2, -3, -2.158798930342464, 3.605551275463989
102, 157, 846, 575, 849, 578, -3, -3, -2.356194490192345, 4.242640687119285
102, 158, 801, 583, 802, 589, -1, -6, -1.7359450042095235, 6.082762530298219
102, 159, 723, 695, 725, 695, -2, 0, 3.141592653589793, 2.0
102, 160, 55, 458, 52, 454, 3, 4, 0.9272952180016122, 5.0
102, 161, 61, 77, 63, 78, -2, -1, -2.677945044588987, 2.23606797749979
102, 162, 721, 421, 722, 424, -1, -3, -1.892546881191539, 3.1622776601683795
102, 163, 677, 523, 676, 525, 1, -2, -1.1071487177940904, 2.23606797749979
102, 164, 801, 249, 802, 252, -1, -3, -1.892546881191539, 3.1622776601683795
102, 165, 389, 396, 391, 394, -2, 2, 2.356194490192345, 2.8284271247461903
102, 166, 1177, 123, 1178, 122, -1, 1, 2.356194490192345, 1.4142135623730951
102, 167, 632, 133, 633, 132, -1, 1, 2.356194490192345, 1.4142135623730951
102, 168, 373, 370, 375, 366, -2, 4, 2.0344439357957027, 4.47213595499958
102, 169, 1125, 231, 1128, 235, -3, -4, -2.214297435588181, 5.0
102, 170, 1228, 298, 1226, 296, 2, 2, 0.7853981633974483, 2.8284271247461903
102, 171, 238, 320, 240, 321, -2, -1, -2.677945044588987, 2.23606797749979
102, 172, 708, 686, 709, 684, -1, 2, 2.0344439357957027, 2.23606797749979
102, 173, 770, 181, 771, 178, -1, 3, 1.892546881191539, 3.1622776601683795
102, 174, 81, 584, 81, 582, 0, 2, 1.5707963267948966, 2.0
102, 175, 1136, 94, 1134, 93, 2, 1, 0.4636476090008061, 2.23606797749979
102, 176, 156, 15, 158, 16, -2, -1, -2.677945044588987, 2.23606797749979
102, 177, 485, 273, 487, 275, -2, -2, -2.356194490192345, 2.8284271247461903
102, 178, 769, 167, 770, 162, -1, 5, 1.7681918866447774, 5.0990195135927845
102, 179, 682, 470, 683, 474, -1, -4, -1.8157749899217608, 4.123105625617661
102, 180, 792, 218, 794, 222, -2, -4, -2.0344439357957027, 4.47213595499958
102, 181, 403, 428, 408, 427, -5, 1, 2.9441970937399127, 5.0990195135927845
102, 182, 36, 390, 33, 388, 3, 2, 0.5880026035475675, 3.605551275463989
102, 183, 630, 89, 630, 85, 0, 4, 1.5707963267948966, 4.0
103, 0, 387, 330, 389, 326, -2, 4, 2.0344439357957027, 4.47213595499958
103, 1, 829, 541, 829, 545, 0, -4, -1.5707963267948966, 4.0
103, 2, 807, 209, 809, 212, -2, -3, -2.158798930342464, 3.605551275463989
103, 3, 379, 291, 381, 288, -2, 3, 2.158798930342464, 3.605551275463989
103, 4, 1255, 185, 1256, 182, -1, 3, 1.892546881191539, 3.1622776601683795
103, 5, 502, 637, 502, 635, 0, 2, 1.5707963267948966, 2.0
103, 6, 493, 118, 493, 121, 0, -3, -1.5707963267948966, 3.0
103, 7, 816, 540, 817, 544, -1, -4, -1.8157749899217608, 4.123105625617661
103, 8, 697, 618, 700, 614, -3, 4, 2.214297435588181, 5.0
103, 9, 887, 28, 889, 28, -2, 0, 3.141592653589793, 2.0
103, 10, 487, 585, 487, 590, 0, -5, -1.5707963267948966, 5.0
103, 11, 453, 667, 455, 671, -2, -4, -2.0344439357957027, 4.47213595499958
103, 12, 1147, 105, 1147, 104, 0, 1, 1.5707963267948966, 1.0
103, 13, 76, 597, 78, 593, -2, 4, 2.0344439357957027, 4.47213595499958
103, 14, 407, 328, 408, 328, -1, 0, 3.141592653589793, 1.0
103, 15, 469, 586, 470, 590, -1, -4, -1.8157749899217608, 4.123105625617661
103, 16, 841, 24, 842, 24, -1, 0, 3.141592653589793, 1.0
103, 17, 177, 32, 177, 31, 0, 1, 1.5707963267948966, 1.0
103, 18, 697, 478, 698, 482, -1, -4, -1.8157749899217608, 4.123105625617661
103, 19, 790, 33, 791, 33, -1, 0, 3.141592653589793, 1.0
103, 20, 1122, 567, 1121, 566, 1, 1, 0.7853981633974483, 1.4142135623730951
103, 21, 1145, 581, 1144, 579, 1, 2, 1.1071487177940904, 2.23606797749979
103, 22, 499, 208, 500, 211, -1, -3, -1.892546881191539, 3.1622776601683795
103, 23, 1098, 295, 1100, 296, -2, -1, -2.677945044588987, 2.23606797749979
103, 24, 156, 78, 153, 79, 3, -1, -0.3217505543966422, 3.1622776601683795
103, 25, 682, 475, 683, 479, -1, -4, -1.8157749899217608, 4.123105625617661
103, 26, 764, 151, 765, 148, -1, 3, 1.892546881191539, 3.1622776601683795
103, 27, 145, 96, 143, 96, 2, 0, 0.0, 2.0
103, 28, 622, 353, 623, 351, -1, 2, 2.0344439357957027, 2.23606797749979
103, 29, 488, 29, 488, 30, 0, -1, -1.5707963267948966, 1.0
103, 30, 794, 18, 794, 15, 0, 3, 1.5707963267948966, 3.0
103, 31, 783, 206, 784, 208, -1, -2, -2.0344439357957027, 2.23606797749979
103, 32, 1128, 95, 1127, 94, 1, 1, 0.7853981633974483, 1.4142135623730951
103, 33, 1261, 265, 1259, 262, 2, 3, 0.982793723247329, 3.605551275463989
103, 34, 1121, 242, 1124, 245, -3, -3, -2.356194490192345, 4.242640687119285
103, 35, 44, 400, 41, 397, 3, 3, 0.7853981633974483, 4.242640687119285
103, 36, 480, 19, 480, 20, 0, -1, -1.5707963267948966, 1.0
103, 37, 1160, 628, 1160, 624, 0, 4, 1.5707963267948966, 4.0
103, 38, 502, 128, 502, 131, 0, -3, -1.5707963267948966, 3.0
103, 39, 1177, 92, 1177, 91, 0, 1, 1.5707963267948966, 1.0
103, 40, 420, 378, 421, 375, -1, 3, 1.892546881191539, 3.1622776601683795
103, 41, 479, 27, 479, 28, 0, -1, -1.5707963267948966, 1.0
103, 42, 477, 279, 478, 281, -1, -2, -2.0344439357957027, 2.23606797749979
103, 43, 1087, 286, 1089, 287, -2, -1, -2.677945044588987, 2.23606797749979
103, 44, 1138, 525, 1137, 522, 1, 3, 1.2490457723982544, 3.1622776601683795
103, 45, 706, 361, 706, 365, 0, -4, -1.5707963267948966, 4.0
103, 46, 674, 289, 675, 289, -1, 0, 3.141592653589793, 1.0
103, 47, 1261, 283, 1261, 281, 0, 2, 1.5707963267948966, 2.0
103, 48, 679, 192, 680, 191, -1, 1, 2.356194490192345, 1.4142135623730951
103, 49, 1126, 603, 1124, 599, 2, 4, 1.1071487177940904, 4.47213595499958
103, 50, 289, 326, 290, 326, -1, 0, 3.141592653589793, 1.0
103, 51, 736, 335, 737, 338, -1, -3, -1.892546881191539, 3.1622776601683795
103, 52, 477, 176, 478, 180, -1, -4, -1.8157749899217608, 4.123105625617661
103, 53, 1121, 675, 1120, 669, 1, 6, 1.4056476493802699, 6.082762530298219
103, 54, 468, 189, 469, 193, -1, -4, -1.8157749899217608, 4.123105625617661
103, 55, 1178, 99, 1178, 98, 0, 1, 1.5707963267948966, 1.0
103, 56, 891, 39, 893, 39, -2, 0, 3.141592653589793, 2.0
103, 57, 703, 514, 704, 518, -1, -4, -1.8157749899217608, 4.123105625617661
103, 58, 444, 666, 446, 670, -2, -4, -2.0344439357957027, 4.47213595499958
103, 59, 1130, 558, 1127, 556, 3, 2, 0.5880026035475675, 3.605551275463989
103, 60, 1109, 243, 1112, 245, -3, -2, -2.5535900500422257, 3.605551275463989
103, 61, 80, 490, 82, 490, -2, 0, 3.141592653589793, 2.0
103, 62, 1182, 281, 1182, 279, 0, 2, 1.5707963267948966, 2.0
103, 63, 757, 144, 758, 141, -1, 3, 1.892546881191539, 3.1622776601683795
103, 64, 580, 36, 581, 36, -1, 0, 3.141592653589793, 1.0
103, 65, 485, 154, 486, 157, -1, -3, -1.892546881191539, 3.1622776601683795
103, 66, 753, 151, 754, 148, -1, 3, 1.892546881191539, 3.1622776601683795
103, 67, 144, 36, 143, 36, 1, 0, 0.0, 1.0
103, 68, 625, 57, 625, 55, 0, 2, 1.5707963267948966, 2.0
103, 69, 1124, 111, 1124, 109, 0, 2, 1.5707963267948966, 2.0
103, 70, 686, 209, 687, 207, -1, 2, 2.0344439357957027, 2.23606797749979
103, 71, 803, 173, 804, 176, -1, -3, -1.892546881191539, 3.1622776601683795
103, 72, 1224, 313, 1222, 312, 2, 1, 0.4636476090008061, 2.23606797749979
103, 73, 1127, 118, 1127, 118, 0, 0, 0.0, 0.0
103, 74, 481, 185, 482, 189, -1, -4, -1.8157749899217608, 4.123105625617661
103, 75, 632, 347, 633, 347, -1, 0, 3.141592653589793, 1.0
103, 76, 750, 217, 750, 215, 0, 2, 1.5707963267948966, 2.0
103, 77, 144, 45, 141, 46, 3, -1, -0.3217505543966422, 3.1622776601683795
103, 78, 177, 93, 175, 92, 2, 1, 0.4636476090008061, 2.23606797749979
103, 79, 795, 28, 796, 28, -1, 0, 3.141592653589793, 1.0
103, 80, 413, 298, 415, 295, -2, 3, 2.158798930342464, 3.605551275463989
103, 81, 799, 549, 802, 553, -3, -4, -2.214297435588181, 5.0
103, 82, 1192, 268, 1192, 268, 0, 0, 0.0, 0.0
103, 83, 711, 608, 715, 605, -4, 3, 2.498091544796509, 5.0
103, 84, 1134, 61, 1133, 60, 1, 1, 0.7853981633974483, 1.4142135623730951
103, 85, 627, 260, 628, 256, -1, 4, 1.8157749899217608, 4.123105625617661
103, 86, 1169, 50, 1168, 49, 1, 1, 0.7853981633974483, 1.4142135623730951
103, 87, 1261, 270, 1261, 267, 0, 3, 1.5707963267948966, 3.0
103, 88, 760, 204, 760, 204, 0, 0, 0.0, 0.0
103, 89, 56, 483, 57, 483, -1, 0, 3.141592653589793, 1.0
103, 90, 491, 129, 491, 132, 0, -3, -1.5707963267948966, 3.0
103, 91, 809, 186, 810, 189, -1, -3, -1.892546881191539, 3.1622776601683795
103, 92, 795, 164, 796, 167, -1, -3, -1.892546881191539, 3.1622776601683795
103, 93, 1209, 16, 1210, 16, -1, 0, 3.141592653589793, 1.0
103, 94, 1261, 312, 1261, 309, 0, 3, 1.5707963267948966, 3.0
103, 95, 619, 91, 619, 89, 0, 2, 1.5707963267948966, 2.0
103, 96, 300, 367, 301, 367, -1, 0, 3.141592653589793, 1.0
103, 97, 489, 698, 491, 701, -2, -3, -2.158798930342464, 3.605551275463989
103, 98, 740, 179, 740, 176, 0, 3, 1.5707963267948966, 3.0
103, 99, 1225, 318, 1223, 319, 2, -1, -0.4636476090008061, 2.23606797749979
103, 100, 690, 484, 691, 488, -1, -4, -1.8157749899217608, 4.123105625617661
103, 101, 413, 375, 414, 372, -1, 3, 1.892546881191539, 3.1622776601683795
103, 102, 1147, 54, 1146, 53, 1, 1, 0.7853981633974483, 1.4142135623730951
103, 103, 1148, 177, 1149, 177, -1, 0, 3.141592653589793, 1.0
103, 104, 471, 679, 472, 683, -1, -4, -1.8157749899217608, 4.123105625617661
103, 105, 450, 638, 451, 643, -1, -5, -1.7681918866447774, 5.0990195135927845
103, 106, 498, 652, 498, 650, 0, 2, 1.5707963267948966, 2.0
103, 107, 1182, 701, 1181, 701, 1, 0, 0.0, 1.0
103, 108, 1213, 230, 1214, 226, -1, 4, 1.8157749899217608, 4.123105625617661
103, 109, 1191, 663, 1189, 659, 2, 4, 1.1071487177940904, 4.47213595499958
103, 110, 1168, 134, 1169, 133, -1, 1, 2.356194490192345, 1.4142135623730951
103, 111, 666, 260, 669, 258, -3, 2, 2.5535900500422257, 3.605551275463989
103, 112, 83, 149, 84, 149, -1, 0, 3.141592653589793, 1.0
103, 113, 242, 331, 243, 331, -1, 0, 3.141592653589793, 1.0
103, 114, 687, 523, 687, 527, 0, -4, -1.5707963267948966, 4.0
103, 115, 682, 459, 683, 463, -1, -4, -1.8157749899217608, 4.123105625617661
103, 116, 885, 44, 887, 44, -2, 0, 3.141592653589793, 2.0
103, 117, 383, 261, 385, 258, -2, 3, 2.158798930342464, 3.605551275463989
103, 118, 694, 458, 695, 462, -1, -4, -1.8157749899217608, 4.123105625617661
103, 119, 401, 341, 402, 339, -1, 2, 2.0344439357957027, 2.23606797749979
103, 120, 795, 589, 795, 595, 0, -6, -1.5707963267948966, 6.0
103, 121, 671, 199, 672, 198, -1, 1, 2.356194490192345, 1.4142135623730951
103, 122, 845, 43, 846, 43, -1, 0, 3.141592653589793, 1.0
103, 123, 769, 66, 771, 68, -2, -2, -2.356194490192345, 2.8284271247461903
103, 124, 1212, 192, 1213, 188, -1, 4, 1.8157749899217608, 4.123105625617661
103, 125, 611, 303, 612, 302, -1, 1, 2.356194490192345, 1.4142135623730951
103, 126, 717, 620, 721, 617, -4, 3, 2.498091544796509, 5.0
103, 127, 1259, 211, 1260, 210, -1, 1, 2.356194490192345, 1.4142135623730951
103, 128, 172, 59, 173, 58, -1, 1, 2.356194490192345, 1.4142135623730951
103, 129, 76, 135, 77, 135, -1, 0, 3.141592653589793, 1.0
103, 130, 1154, 93, 1153, 92, 1, 1, 0.7853981633974483, 1.4142135623730951
103, 131, 106, 660, 108, 657, -2, 3, 2.158798930342464, 3.605551275463989
103, 132, 153, 38, 154, 38, -1, 0, 3.141592653589793, 1.0
103, 133, 395, 267, 397, 264, -2, 3, 2.158798930342464, 3.605551275463989
103, 134, 31, 403, 28, 401, 3, 2, 0.5880026035475675, 3.605551275463989
103, 135, 386, 338, 387, 334, -1, 4, 1.8157749899217608, 4.123105625617661
103, 136, 672, 42, 672, 42, 0, 0, 0.0, 0.0
103, 137, 1103, 331, 1104, 331, -1, 0, 3.141592653589793, 1.0
103, 138, 744, 168, 745, 165, -1, 3, 1.892546881191539, 3.1622776601683795
103, 139, 156, 676, 156, 672, 0, 4, 1.5707963267948966, 4.0
103, 140, 620, 127, 621, 126, -1, 1, 2.356194490192345, 1.4142135623730951
103, 141, 689, 472, 690, 476, -1, -4, -1.8157749899217608, 4.123105625617661
103, 142, 74, 150, 75, 150, -1, 0, 3.141592653589793, 1.0
103, 143, 1210, 185, 1211, 181, -1, 4, 1.8157749899217608, 4.123105625617661
103, 144, 1115, 229, 1118, 231, -3, -2, -2.5535900500422257, 3.605551275463989
103, 145, 722, 624, 725, 622, -3, 2, 2.5535900500422257, 3.605551275463989
103, 146, 470, 579, 470, 584, 0, -5, -1.5707963267948966, 5.0
103, 147, 1236, 293, 1234, 291, 2, 2, 0.7853981633974483, 2.8284271247461903
103, 148, 70, 437, 67, 434, 3, 3, 0.7853981633974483, 4.242640687119285
103, 149, 700, 609, 703, 606, -3, 3, 2.356194490192345, 4.242640687119285
103, 150, 1117, 116, 1116, 114, 1, 2, 1.1071487177940904, 2.23606797749979
103, 151, 835, 592, 837, 596, -2, -4, -2.0344439357957027, 4.47213595499958
103, 152, 845, 570, 846, 575, -1, -5, -1.7681918866447774, 5.0990195135927845
103, 153, 800, 578, 801, 583, -1, -5, -1.7681918866447774, 5.0990195135927845
103, 154, 721, 696, 723, 695, -2, 1, 2.677945044588987, 2.23606797749979
103, 155, 57, 461, 55, 458, 2, 3, 0.982793723247329, 3.605551275463989
103, 156, 60, 77, 61, 77, -1, 0, 3.141592653589793, 1.0
103, 157, 720, 421, 721, 421, -1, 0, 3.141592653589793, 1.0
103, 158, 677, 521, 677, 523, 0, -2, -1.5707963267948966, 2.0
103, 159, 800, 246, 801, 249, -1, -3, -1.892546881191539, 3.1622776601683795
103, 160, 386, 399, 389, 396, -3, 3, 2.356194490192345, 4.242640687119285
103, 161, 1176, 124, 1177, 123, -1, 1, 2.356194490192345, 1.4142135623730951
103, 162, 631, 134, 632, 133, -1, 1, 2.356194490192345, 1.4142135623730951
103, 163, 372, 374, 373, 370, -1, 4, 1.8157749899217608, 4.123105625617661
103, 164, 1121, 228, 1125, 231, -4, -3, -2.498091544796509, 5.0
103, 165, 1230, 301, 1228, 298, 2, 3, 0.982793723247329, 3.605551275463989
103, 166, 237, 320, 238, 320, -1, 0, 3.141592653589793, 1.0
103, 167, 706, 688, 708, 686, -2, 2, 2.356194490192345, 2.8284271247461903
103, 168, 770, 184, 770, 181, 0, 3, 1.5707963267948966, 3.0
103, 169, 81, 588, 81, 584, 0, 4, 1.5707963267948966, 4.0
103, 170, 1136, 94, 1136, 94, 0, 0, 0.0, 0.0
103, 171, 155, 15, 156, 15, -1, 0, 3.141592653589793, 1.0
103, 172, 484, 271, 485, 273, -1, -2, -2.0344439357957027, 2.23606797749979
103, 173, 768, 171, 769, 167, -1, 4, 1.8157749899217608, 4.123105625617661
103, 174, 681, 466, 682, 470, -1, -4, -1.8157749899217608, 4.123105625617661
103, 175, 791, 216, 792, 218, -1, -2, -2.0344439357957027, 2.23606797749979
103, 176, 402, 432, 403, 428, -1, 4, 1.8157749899217608, 4.123105625617661
103, 177, 39, 393, 36, 390, 3, 3, 0.7853981633974483, 4.242640687119285
103, 178, 630, 92, 630, 89, 0, 3, 1.5707963267948966, 3.0
104, 0, 831, 531, 831, 535, 0, -4, -1.5707963267948966, 4.0
104, 1, 260, 350, 260, 351, 0, -1, -1.5707963267948966, 1.0
104, 2, 275, 327, 276, 327, -1, 0, 3.141592653589793, 1.0
104, 3, 390, 332, 391, 329, -1, 3, 1.892546881191539, 3.1622776601683795
104, 4, 486, 577, 486, 582, 0, -5, -1.5707963267948966, 5.0
104, 5, 818, 531, 818, 535, 0, -4, -1.5707963267948966, 4.0
104, 6, 73, 608, 74, 605, -1, 3, 1.892546881191539, 3.1622776601683795
104, 7, 492, 119, 493, 122, -1, -3, -1.892546881191539, 3.1622776601683795
104, 8, 1255, 182, 1256, 180, -1, 2, 2.0344439357957027, 2.23606797749979
104, 9, 176, 32, 177, 32, -1, 0, 3.141592653589793, 1.0
104, 10, 503, 641, 503, 640, 0, 1, 1.5707963267948966, 1.0
104, 11, 471, 577, 471, 581, 0, -4, -1.5707963267948966, 4.0
104, 12, 103, 670, 104, 667, -1, 3, 1.892546881191539, 3.1622776601683795
104, 13, 682, 473, 682, 477, 0, -4, -1.5707963267948966, 4.0
104, 14, 251, 344, 251, 345, 0, -1, -1.5707963267948966, 1.0
104, 15, 822, 590, 822, 593, 0, -3, -1.5707963267948966, 3.0
104, 16, 1100, 292, 1102, 295, -2, -3, -2.158798930342464, 3.605551275463989
104, 17, 1147, 532, 1146, 529, 1, 3, 1.2490457723982544, 3.1622776601683795
104, 18, 449, 659, 451, 663, -2, -4, -2.0344439357957027, 4.47213595499958
104, 19, 840, 25, 842, 25, -2, 0, 3.141592653589793, 2.0
104, 20, 379, 291, 381, 289, -2, 2, 2.356194490192345, 2.8284271247461903
104, 21, 698, 473, 699, 478, -1, -5, -1.7681918866447774, 5.0990195135927845
104, 22, 809, 210, 810, 214, -1, -4, -1.8157749899217608, 4.123105625617661
104, 23, 482, 20, 482, 22, 0, -2, -1.5707963267948966, 2.0
104, 24, 1261, 269, 1259, 266, 2, 3, 0.982793723247329, 3.605551275463989
104, 25, 1133, 571, 1132, 570, 1, 1, 0.7853981633974483, 1.4142135623730951
104, 26, 469, 186, 470, 190, -1, -4, -1.8157749899217608, 4.123105625617661
104, 27, 1085, 284, 1088, 286, -3, -2, -2.5535900500422257, 3.605551275463989
104, 28, 409, 329, 410, 329, -1, 0, 3.141592653589793, 1.0
104, 29, 304, 335, 305, 335, -1, 0, 3.141592653589793, 1.0
104, 30, 489, 29, 489, 31, 0, -2, -1.5707963267948966, 2.0
104, 31, 691, 625, 695, 621, -4, 4, 2.356194490192345, 5.656854249492381
104, 32, 159, 79, 155, 80, 4, -1, -0.24497866312686414, 4.123105625617661
104, 33, 1149, 107, 1149, 106, 0, 1, 1.5707963267948966, 1.0
104, 34, 887, 28, 889, 28, -2, 0, 3.141592653589793, 2.0
104, 35, 577, 49, 578, 49, -1, 0, 3.141592653589793, 1.0
104, 36, 796, 573, 795, 576, 1, -3, -1.2490457723982544, 3.1622776601683795
104, 37, 764, 150, 765, 148, -1, 2, 2.0344439357957027, 2.23606797749979
104, 38, 480, 28, 480, 30, 0, -2, -1.5707963267948966, 2.0
104, 39, 1177, 92, 1177, 92, 0, 0, 0.0, 0.0
104, 40, 680, 192, 681, 191, -1, 1, 2.356194490192345, 1.4142135623730951
104, 41, 891, 41, 893, 41, -2, 0, 3.141592653589793, 2.0
104, 42, 1261, 286, 1277, 283, -16, 3, 2.9562447035940984, 16.278820596099706
104, 43, 628, 262, 629, 258, -1, 4, 1.8157749899217608, 4.123105625617661
104, 44, 421, 380, 422, 376, -1, 4, 1.8157749899217608, 4.123105625617661
104, 45, 757, 143, 758, 141, -1, 2, 2.0344439357957027, 2.23606797749979
104, 46, 146, 94, 144, 94, 2, 0, 0.0, 2.0
104, 47, 1152, 591, 1151, 588, 1, 3, 1.2490457723982544, 3.1622776601683795
104, 48, 440, 658, 441, 662, -1, -4, -1.8157749899217608, 4.123105625617661
104, 49, 704, 352, 704, 356, 0, -4, -1.5707963267948966, 4.0
104, 50, 1119, 241, 1123, 244, -4, -3, -2.498091544796509, 5.0
104, 51, 689, 564, 689, 565, 0, -1, -1.5707963267948966, 1.0
104, 52, 736, 332, 736, 335, 0, -3, -1.5707963267948966, 3.0
104, 53, 783, 207, 784, 209, -1, -2, -2.0344439357957027, 2.23606797749979
104, 54, 317, 398, 317, 399, 0, -1, -1.5707963267948966, 1.0
104, 55, 477, 174, 478, 178, -1, -4, -1.8157749899217608, 4.123105625617661
104, 56, 484, 644, 484, 648, 0, -4, -1.5707963267948966, 4.0
104, 57, 692, 481, 692, 486, 0, -5, -1.5707963267948966, 5.0
104, 58, 1126, 118, 1126, 118, 0, 0, 0.0, 0.0
104, 59, 1125, 580, 1125, 577, 0, 3, 1.5707963267948966, 3.0
104, 60, 501, 128, 502, 131, -1, -3, -1.892546881191539, 3.1622776601683795
104, 61, 626, 56, 626, 54, 0, 2, 1.5707963267948966, 2.0
104, 62, 1169, 49, 1168, 49, 1, 0, 0.0, 1.0
104, 63, 545, 35, 546, 35, -1, 0, 3.141592653589793, 1.0
104, 64, 146, 44, 144, 45, 2, -1, -0.4636476090008061, 2.23606797749979
104, 65, 1108, 242, 1111, 244, -3, -2, -2.5535900500422257, 3.605551275463989
104, 66, 470, 674, 471, 678, -1, -4, -1.8157749899217608, 4.123105625617661
104, 67, 145, 35, 145, 35, 0, 0, 0.0, 0.0
104, 68, 837, 583, 839, 587, -2, -4, -2.0344439357957027, 4.47213595499958
104, 69, 246, 413, 247, 413, -1, 0, 3.141592653589793, 1.0
104, 70, 449, 632, 450, 637, -1, -5, -1.7681918866447774, 5.0990195135927845
104, 71, 810, 187, 811, 190, -1, -3, -1.892546881191539, 3.1622776601683795
104, 72, 796, 164, 797, 168, -1, -4, -1.8157749899217608, 4.123105625617661
104, 73, 753, 149, 754, 147, -1, 2, 2.0344439357957027, 2.23606797749979
104, 74, 47, 403, 44, 400, 3, 3, 0.7853981633974483, 4.242640687119285
104, 75, 687, 208, 688, 207, -1, 1, 2.356194490192345, 1.4142135623730951
104, 76, 1181, 701, 1179, 713, 2, -12, -1.4056476493802699, 12.165525060596439
104, 77, 59, 482, 59, 483, 0, -1, -1.5707963267948966, 1.0
104, 78, 707, 615, 711, 611, -4, 4, 2.356194490192345, 5.656854249492381
104, 79, 936, 109, 937, 109, -1, 0, 3.141592653589793, 1.0
104, 80, 329, 373, 329, 374, 0, -1, -1.5707963267948966, 1.0
104, 81, 1213, 231, 1214, 228, -1, 3, 1.892546881191539, 3.1622776601683795
104, 82, 673, 516, 673, 518, 0, -2, -1.5707963267948966, 2.0
104, 83, 1169, 133, 1170, 133, -1, 0, 3.141592653589793, 1.0
104, 84, 482, 184, 484, 188, -2, -4, -2.0344439357957027, 4.47213595499958
104, 85, 611, 303, 612, 302, -1, 1, 2.356194490192345, 1.4142135623730951
104, 86, 1149, 177, 1150, 177, -1, 0, 3.141592653589793, 1.0
104, 87, 1179, 99, 1179, 99, 0, 0, 0.0, 0.0
104, 88, 747, 373, 747, 374, 0, -1, -1.5707963267948966, 1.0
104, 89, 803, 173, 804, 176, -1, -3, -1.892546881191539, 3.1622776601683795
104, 90, 490, 129, 491, 132, -1, -3, -1.892546881191539, 3.1622776601683795
104, 91, 1134, 61, 1133, 61, 1, 0, 0.0, 1.0
104, 92, 173, 94, 172, 94, 1, 0, 0.0, 1.0
104, 93, 34, 408, 31, 406, 3, 2, 0.5880026035475675, 3.605551275463989
104, 94, 1125, 680, 1123, 675, 2, 5, 1.1902899496825317, 5.385164807134504
104, 95, 384, 260, 386, 258, -2, 2, 2.356194490192345, 2.8284271247461903
104, 96, 589, 48, 590, 48, -1, 0, 3.141592653589793, 1.0
104, 97, 410, 373, 411, 369, -1, 4, 1.8157749899217608, 4.123105625617661
104, 98, 173, 57, 174, 57, -1, 0, 3.141592653589793, 1.0
104, 99, 266, 341, 266, 342, 0, -1, -1.5707963267948966, 1.0
104, 100, 1126, 606, 1123, 600, 3, 6, 1.1071487177940904, 6.708203932499369
104, 101, 759, 204, 760, 204, -1, 0, 3.141592653589793, 1.0
104, 102, 1147, 53, 1146, 53, 1, 0, 0.0, 1.0
104, 103, 125, 688, 125, 687, 0, 1, 1.5707963267948966, 1.0
104, 104, 1155, 636, 1156, 634, -1, 2, 2.0344439357957027, 2.23606797749979
104, 105, 745, 170, 746, 167, -1, 3, 1.892546881191539, 3.1622776601683795
104, 106, 1131, 586, 1130, 582, 1, 4, 1.3258176636680326, 4.123105625617661
104, 107, 789, 212, 790, 214, -1, -2, -2.0344439357957027, 2.23606797749979
104, 108, 1227, 342, 1227, 342, 0, 0, 0.0, 0.0
104, 109, 750, 221, 751, 220, -1, 1, 2.356194490192345, 1.4142135623730951
104, 110, 330, 413, 330, 414, 0, -1, -1.5707963267948966, 1.0
104, 111, 672, 199, 673, 198, -1, 1, 2.356194490192345, 1.4142135623730951
104, 112, 689, 469, 690, 474, -1, -5, -1.7681918866447774, 5.0990195135927845
104, 113, 795, 19, 796, 17, -1, 2, 2.0344439357957027, 2.23606797749979
104, 114, 796, 28, 797, 28, -1, 0, 3.141592653589793, 1.0
104, 115, 1087, 316, 1089, 321, -2, -5, -1.9513027039072615, 5.385164807134504
104, 116, 84, 151, 85, 151, -1, 0, 3.141592653589793, 1.0
104, 117, 706, 695, 709, 693, -3, 2, 2.5535900500422257, 3.605551275463989
104, 118, 922, 103, 923, 103, -1, 0, 3.141592653589793, 1.0
104, 119, 275, 316, 276, 316, -1, 0, 3.141592653589793, 1.0
104, 120, 486, 155, 487, 158, -1, -3, -1.892546881191539, 3.1622776601683795
104, 121, 71, 663, 75, 661, -4, 2, 2.677945044588987, 4.47213595499958
104, 122, 404, 440, 405, 439, -1, 1, 2.356194490192345, 1.4142135623730951
104, 123, 497, 210, 498, 215, -1, -5, -1.7681918866447774, 5.0990195135927845
104, 124, 157, 676, 157, 673, 0, 3, 1.5707963267948966, 3.0
104, 125, 61, 78, 62, 78, -1, 0, 3.141592653589793, 1.0
104, 126, 695, 455, 696, 460, -1, -5, -1.7681918866447774, 5.0990195135927845
104, 127, 478, 274, 479, 276, -1, -2, -2.0344439357957027, 2.23606797749979
104, 128, 1214, 195, 1215, 191, -1, 4, 1.8157749899217608, 4.123105625617661
104, 129, 270, 332, 271, 332, -1, 0, 3.141592653589793, 1.0
104, 130, 713, 626, 716, 623, -3, 3, 2.356194490192345, 4.242640687119285
104, 131, 1113, 227, 1116, 230, -3, -3, -2.356194490192345, 4.242640687119285
104, 132, 682, 464, 683, 468, -1, -4, -1.8157749899217608, 4.123105625617661
104, 133, 1260, 210, 1261, 210, -1, 0, 3.141592653589793, 1.0
104, 134, 78, 136, 79, 136, -1, 0, 3.141592653589793, 1.0
104, 135, 931, 102, 932, 102, -1, 0, 3.141592653589793, 1.0
105, 0, 831, 527, 831, 531, 0, -4, -1.5707963267948966, 4.0
105, 1, 260, 349, 260, 350, 0, -1, -1.5707963267948966, 1.0
105, 2, 275, 326, 275, 327, 0, -1, -1.5707963267948966, 1.0
105, 3, 390, 334, 390, 332, 0, 2, 1.5707963267948966, 2.0
105, 4, 487, 573, 486, 577, 1, -4, -1.3258176636680326, 4.123105625617661
105, 5, 818, 527, 818, 531, 0, -4, -1.5707963267948966, 4.0
105, 6, 71, 612, 73, 608, -2, 4, 2.0344439357957027, 4.47213595499958
105, 7, 491, 114, 492, 119, -1, -5, -1.7681918866447774, 5.0990195135927845
105, 8, 1255, 183, 1255, 182, 0, 1, 1.5707963267948966, 1.0
105, 9, 176, 32, 176, 32, 0, 0, 0.0, 0.0
105, 10, 504, 641, 503, 641, 1, 0, 0.0, 1.0
105, 11, 471, 573, 471, 577, 0, -4, -1.5707963267948966, 4.0
105, 12, 101, 672, 103, 670, -2, 2, 2.356194490192345, 2.8284271247461903
105, 13, 682, 468, 682, 473, 0, -5, -1.5707963267948966, 5.0
105, 14, 251, 343, 251, 344, 0, -1, -1.5707963267948966, 1.0
105, 15, 822, 586, 822, 590, 0, -4, -1.5707963267948966, 4.0
105, 16, 1099, 288, 1100, 292, -1, -4, -1.8157749899217608, 4.123105625617661
105, 17, 1149, 535, 1147, 532, 2, 3, 0.982793723247329, 3.605551275463989
105, 18, 448, 655, 449, 659, -1, -4, -1.8157749899217608, 4.123105625617661
105, 19, 377, 292, 379, 291, -2, 1, 2.677945044588987, 2.23606797749979
105, 20, 697, 468, 698, 473, -1, -5, -1.7681918866447774, 5.0990195135927845
105, 21, 808, 206, 809, 210, -1, -4, -1.8157749899217608, 4.123105625617661
105, 22, 482, 16, 482, 20, 0, -4, -1.5707963267948966, 4.0
105, 23, 1261, 271, 1261, 269, 0, 2, 1.5707963267948966, 2.0
105, 24, 1134, 571, 1133, 571, 1, 0, 0.0, 1.0
105, 25, 468, 182, 469, 186, -1, -4, -1.8157749899217608, 4.123105625617661
105, 26, 1083, 281, 1085, 284, -2, -3, -2.158798930342464, 3.605551275463989
105, 27, 409, 328, 409, 329, 0, -1, -1.5707963267948966, 1.0
105, 28, 304, 334, 304, 335, 0, -1, -1.5707963267948966, 1.0
105, 29, 489, 25, 489, 29, 0, -4, -1.5707963267948966, 4.0
105, 30, 687, 628, 691, 625, -4, 3, 2.498091544796509, 5.0
105, 31, 163, 79, 159, 79, 4, 0, 0.0, 4.0
105, 32, 1149, 108, 1149, 107, 0, 1, 1.5707963267948966, 1.0
105, 33, 885, 27, 887, 28, -2, -1, -2.677945044588987, 2.23606797749979
105, 34, 577, 48, 577, 49, 0, -1, -1.5707963267948966, 1.0
105, 35, 796, 569, 796, 573, 0, -4, -1.5707963267948966, 4.0
105, 36, 764, 150, 764, 150, 0, 0, 0.0, 0.0
105, 37, 480, 24, 480, 28, 0, -4, -1.5707963267948966, 4.0
105, 38, 1177, 92, 1177, 92, 0, 0, 0.0, 0.0
105, 39, 679, 192, 680, 192, -1, 0, 3.141592653589793, 1.0
105, 40, 889, 40, 891, 41, -2, -1, -2.677945044588987, 2.23606797749979
105, 41, 1261, 288, 1261, 286, 0, 2, 1.5707963267948966, 2.0
105, 42, 627, 265, 628, 262, -1, 3, 1.892546881191539, 3.1622776601683795
105, 43, 421, 384, 421, 380, 0, 4, 1.5707963267948966, 4.0
105, 44, 756, 143, 757, 143, -1, 0, 3.141592653589793, 1.0
105, 45, 149, 93, 146, 94, 3, -1, -0.3217505543966422, 3.1622776601683795
105, 46, 1152, 595, 1152, 591, 0, 4, 1.5707963267948966, 4.0
105, 47, 439, 654, 440, 658, -1, -4, -1.8157749899217608, 4.123105625617661
105, 48, 704, 348, 704, 352, 0, -4, -1.5707963267948966, 4.0
105, 49, 1116, 238, 1119, 241, -3, -3, -2.356194490192345, 4.242640687119285
105, 50, 689, 563, 689, 564, 0, -1, -1.5707963267948966, 1.0
105, 51, 736, 328, 736, 332, 0, -4, -1.5707963267948966, 4.0
105, 52, 782, 204, 783, 207, -1, -3, -1.892546881191539, 3.1622776601683795
105, 53, 317, 397, 317, 398, 0, -1, -1.5707963267948966, 1.0
105, 54, 476, 169, 477, 174, -1, -5, -1.7681918866447774, 5.0990195135927845
105, 55, 485, 640, 484, 644, 1, -4, -1.3258176636680326, 4.123105625617661
105, 56, 692, 476, 692, 481, 0, -5, -1.5707963267948966, 5.0
105, 57, 1126, 118, 1126, 118, 0, 0, 0.0, 0.0
105, 58, 1127, 583, 1125, 580, 2, 3, 0.982793723247329, 3.605551275463989
105, 59, 500, 123, 501, 128, -1, -5, -1.7681918866447774, 5.0990195135927845
105, 60, 626, 56, 626, 56, 0, 0, 0.0, 0.0
105, 61, 1170, 48, 1169, 49, 1, -1, -0.7853981633974483, 1.4142135623730951
105, 62, 545, 34, 545, 35, 0, -1, -1.5707963267948966, 1.0
105, 63, 148, 43, 146, 44, 2, -1, -0.4636476090008061, 2.23606797749979
105, 64, 1105, 239, 1108, 242, -3, -3, -2.356194490192345, 4.242640687119285
105, 65, 469, 669, 470, 674, -1, -5, -1.7681918866447774, 5.0990195135927845
105, 66, 145, 35, 145, 35, 0, 0, 0.0, 0.0
105, 67, 835, 579, 837, 583, -2, -4, -2.0344439357957027, 4.47213595499958
105, 68, 246, 412, 246, 413, 0, -1, -1.5707963267948966, 1.0
105, 69, 449, 627, 449, 632, 0, -5, -1.5707963267948966, 5.0
105, 70, 810, 183, 810, 187, 0, -4, -1.5707963267948966, 4.0
105, 71, 796, 160, 796, 164, 0, -4, -1.5707963267948966, 4.0
105, 72, 753, 149, 753, 149, 0, 0, 0.0, 0.0
105, 73, 50, 405, 47, 403, 3, 2, 0.5880026035475675, 3.605551275463989
105, 74, 686, 208, 687, 208, -1, 0, 3.141592653589793, 1.0
105, 75, 1183, 700, 1181, 701, 2, -1, -0.4636476090008061, 2.23606797749979
105, 76, 60, 481, 59, 482, 1, -1, -0.7853981633974483, 1.4142135623730951
105, 77, 704, 619, 707, 615, -3, 4, 2.214297435588181, 5.0
105, 78, 936, 108, 936, 109, 0, -1, -1.5707963267948966, 1.0
105, 79, 329, 372, 329, 373, 0, -1, -1.5707963267948966, 1.0
105, 80, 1213, 234, 1213, 231, 0, 3, 1.5707963267948966, 3.0
105, 81, 673, 512, 673, 516, 0, -4, -1.5707963267948966, 4.0
105, 82, 1169, 133, 1169, 133, 0, 0, 0.0, 0.0
105, 83, 481, 179, 482, 184, -1, -5, -1.7681918866447774, 5.0990195135927845
105, 84, 610, 304, 611, 303, -1, 1, 2.356194490192345, 1.4142135623730951
105, 85, 1149, 176, 1149, 177, 0, -1, -1.5707963267948966, 1.0
105, 86, 1179, 99, 1179, 99, 0, 0, 0.0, 0.0
105, 87, 747, 371, 747, 373, 0, -2, -1.5707963267948966, 2.0
105, 88, 803, 169, 803, 173, 0, -4, -1.5707963267948966, 4.0
105, 89, 489, 124, 490, 129, -1, -5, -1.7681918866447774, 5.0990195135927845
105, 90, 1136, 60, 1134, 61, 2, -1, -0.4636476090008061, 2.23606797749979
105, 91, 174, 93, 173, 94, 1, -1, -0.7853981633974483, 1.4142135623730951
105, 92, 37, 409, 34, 408, 3, 1, 0.3217505543966422, 3.1622776601683795
105, 93, 1127, 685, 1125, 680, 2, 5, 1.1902899496825317, 5.385164807134504
105, 94, 383, 260, 384, 260, -1, 0, 3.141592653589793, 1.0
105, 95, 589, 47, 589, 48, 0, -1, -1.5707963267948966, 1.0
105, 96, 411, 378, 410, 373, 1, 5, 1.373400766945016, 5.0990195135927845
105, 97, 173, 57, 173, 57, 0, 0, 0.0, 0.0
105, 98, 266, 340, 266, 341, 0, -1, -1.5707963267948966, 1.0
105, 99, 1129, 611, 1126, 606, 3, 5, 1.0303768265243125, 5.830951894845301
105, 100, 759, 204, 759, 204, 0, 0, 0.0, 0.0
105, 101, 1149, 53, 1147, 53, 2, 0, 0.0, 2.0
105, 102, 125, 688, 125, 688, 0, 0, 0.0, 0.0
105, 103, 1155, 637, 1155, 636, 0, 1, 1.5707963267948966, 1.0
105, 104, 745, 173, 745, 170, 0, 3, 1.5707963267948966, 3.0
105, 105, 1132, 590, 1131, 586, 1, 4, 1.3258176636680326, 4.123105625617661
105, 106, 788, 209, 789, 212, -1, -3, -1.892546881191539, 3.1622776601683795
105, 107, 1228, 342, 1227, 342, 1, 0, 0.0, 1.0
105, 108, 750, 220, 750, 221, 0, -1, -1.5707963267948966, 1.0
105, 109, 330, 412, 330, 413, 0, -1, -1.5707963267948966, 1.0
105, 110, 671, 199, 672, 199, -1, 0, 3.141592653589793, 1.0
105, 111, 689, 464, 689, 469, 0, -5, -1.5707963267948966, 5.0
105, 112, 794, 19, 795, 19, -1, 0, 3.141592653589793, 1.0
105, 113, 1085, 310, 1087, 316, -2, -6, -1.892546881191539, 6.324555320336759
105, 114, 84, 150, 84, 151, 0, -1, -1.5707963267948966, 1.0
105, 115, 704, 697, 706, 695, -2, 2, 2.356194490192345, 2.8284271247461903
105, 116, 922, 102, 922, 103, 0, -1, -1.5707963267948966, 1.0
105, 117, 275, 315, 275, 316, 0, -1, -1.5707963267948966, 1.0
105, 118, 485, 150, 486, 155, -1, -5, -1.7681918866447774, 5.0990195135927845
105, 119, 67, 665, 71, 663, -4, 2, 2.677945044588987, 4.47213595499958
105, 120, 403, 440, 404, 440, -1, 0, 3.141592653589793, 1.0
105, 121, 496, 205, 497, 210, -1, -5, -1.7681918866447774, 5.0990195135927845
105, 122, 158, 679, 157, 676, 1, 3, 1.2490457723982544, 3.1622776601683795
105, 123, 61, 77, 61, 78, 0, -1, -1.5707963267948966, 1.0
105, 124, 695, 450, 695, 455, 0, -5, -1.5707963267948966, 5.0
105, 125, 477, 271, 478, 274, -1, -3, -1.892546881191539, 3.1622776601683795
105, 126, 1213, 197, 1214, 195, -1, 2, 2.0344439357957027, 2.23606797749979
105, 127, 270, 331, 270, 332, 0, -1, -1.5707963267948966, 1.0
105, 128, 709, 629, 713, 626, -4, 3, 2.498091544796509, 5.0
105, 129, 1110, 224, 1113, 227, -3, -3, -2.356194490192345, 4.242640687119285
105, 130, 681, 459, 682, 464, -1, -5, -1.7681918866447774, 5.0990195135927845
105, 131, 1260, 209, 1260, 210, 0, -1, -1.5707963267948966, 1.0
105, 132, 78, 135, 78, 136, 0, -1, -1.5707963267948966, 1.0
105, 133, 931, 101, 931, 102, 0, -1, -1.5707963267948966, 1.0
106, 0, 260, 348, 260, 350, 0, -2, -1.5707963267948966, 2.0
106, 1, 276, 325, 276, 326, 0, -1, -1.5707963267948966, 1.0
106, 2, 301, 349, 301, 350, 0, -1, -1.5707963267948966, 1.0
106, 3, 833, 525, 833, 529, 0, -4, -1.5707963267948966, 4.0
106, 4, 493, 114, 493, 119, 0, -5, -1.5707963267948966, 5.0
106, 5, 391, 334, 391, 332, 0, 2, 1.5707963267948966, 2.0
106, 6, 791, 9, 792, 11, -1, -2, -2.0344439357957027, 2.23606797749979
106, 7, 820, 524, 819, 528, 1, -4, -1.3258176636680326, 4.123105625617661
106, 8, 177, 31, 177, 32, 0, -1, -1.5707963267948966, 1.0
106, 9, 799, 553, 799, 558, 0, -5, -1.5707963267948966, 5.0
106, 10, 1255, 183, 1255, 182, 0, 1, 1.5707963267948966, 1.0
106, 11, 489, 570, 488, 575, 1, -5, -1.373400766945016, 5.0990195135927845
106, 12, 1083, 281, 1085, 284, -2, -3, -2.158798930342464, 3.605551275463989
106, 13, 69, 616, 71, 612, -2, 4, 2.0344439357957027, 4.47213595499958
106, 14, 1261, 271, 1264, 269, -3, 2, 2.5535900500422257, 3.605551275463989
106, 15, 821, 27, 821, 29, 0, -2, -1.5707963267948966, 2.0
106, 16, 1100, 287, 1101, 292, -1, -5, -1.7681918866447774, 5.0990195135927845
106, 17, 251, 343, 251, 345, 0, -2, -1.5707963267948966, 2.0
106, 18, 808, 206, 809, 210, -1, -4, -1.8157749899217608, 4.123105625617661
106, 19, 686, 630, 690, 627, -4, 3, 2.498091544796509, 5.0
106, 20, 1152, 537, 1151, 534, 1, 3, 1.2490457723982544, 3.1622776601683795
106, 21, 698, 469, 699, 474, -1, -5, -1.7681918866447774, 5.0990195135927845
106, 22, 258, 379, 258, 380, 0, -1, -1.5707963267948966, 1.0
106, 23, 682, 468, 682, 473, 0, -5, -1.5707963267948966, 5.0
106, 24, 490, 25, 490, 29, 0, -4, -1.5707963267948966, 4.0
106, 25, 765, 150, 765, 150, 0, 0, 0.0, 0.0
106, 26, 593, 76, 593, 77, 0, -1, -1.5707963267948966, 1.0
106, 27, 1140, 575, 1138, 574, 2, 1, 0.4636476090008061, 2.23606797749979
106, 28, 472, 571, 472, 575, 0, -4, -1.5707963267948966, 4.0
106, 29, 99, 678, 102, 676, -3, 2, 2.5535900500422257, 3.605551275463989
106, 30, 938, 25, 938, 26, 0, -1, -1.5707963267948966, 1.0
106, 31, 253, 394, 253, 395, 0, -1, -1.5707963267948966, 1.0
106, 32, 470, 182, 470, 186, 0, -4, -1.5707963267948966, 4.0
106, 33, 307, 332, 307, 334, 0, -2, -1.5707963267948966, 2.0
106, 34, 583, 107, 583, 108, 0, -1, -1.5707963267948966, 1.0
106, 35, 330, 363, 330, 364, 0, -1, -1.5707963267948966, 1.0
106, 36, 483, 15, 483, 19, 0, -4, -1.5707963267948966, 4.0
106, 37, 506, 644, 504, 644, 2, 0, 0.0, 2.0
106, 38, 439, 651, 440, 655, -1, -4, -1.8157749899217608, 4.123105625617661
106, 39, 150, 28, 150, 29, 0, -1, -1.5707963267948966, 1.0
106, 40, 410, 328, 410, 328, 0, 0, 0.0, 0.0
106, 41, 537, 72, 537, 74, 0, -2, -1.5707963267948966, 2.0
106, 42, 294, 325, 294, 326, 0, -1, -1.5707963267948966, 1.0
106, 43, 480, 23, 480, 27, 0, -4, -1.5707963267948966, 4.0
106, 44, 1118, 238, 1121, 242, -3, -4, -2.214297435588181, 5.0
106, 45, 1103, 330, 1103, 332, 0, -2, -1.5707963267948966, 2.0
106, 46, 446, 654, 448, 658, -2, -4, -2.0344439357957027, 4.47213595499958
106, 47, 758, 143, 758, 143, 0, 0, 0.0, 0.0
106, 48, 828, 30, 828, 32, 0, -2, -1.5707963267948966, 2.0
106, 49, 421, 385, 421, 380, 0, 5, 1.5707963267948966, 5.0
106, 50, 1176, 87, 1175, 87, 1, 0, 0.0, 1.0
106, 51, 450, 625, 450, 630, 0, -5, -1.5707963267948966, 5.0
106, 52, 154, 78, 152, 77, 2, 1, 0.4636476090008061, 2.23606797749979
106, 53, 581, 35, 581, 37, 0, -2, -1.5707963267948966, 2.0
106, 54, 378, 292, 380, 291, -2, 1, 2.677945044588987, 2.23606797749979
106, 55, 627, 264, 628, 261, -1, 3, 1.892546881191539, 3.1622776601683795
106, 56, 1106, 238, 1109, 241, -3, -3, -2.356194490192345, 4.242640687119285
106, 57, 1184, 701, 1181, 709, 3, -8, -1.2120256565243244, 8.54400374531753
106, 58, 811, 183, 811, 187, 0, -4, -1.5707963267948966, 4.0
106, 59, 706, 346, 705, 350, 1, -4, -1.3258176636680326, 4.123105625617661
106, 60, 686, 208, 687, 208, -1, 0, 3.141592653589793, 1.0
106, 61, 317, 398, 317, 399, 0, -1, -1.5707963267948966, 1.0
106, 62, 1170, 134, 1170, 134, 0, 0, 0.0, 0.0
106, 63, 485, 637, 484, 641, 1, -4, -1.3258176636680326, 4.123105625617661
106, 64, 253, 351, 253, 352, 0, -1, -1.5707963267948966, 1.0
106, 65, 302, 365, 302, 367, 0, -2, -1.5707963267948966, 2.0
106, 66, 676, 290, 676, 290, 0, 0, 0.0, 0.0
106, 67, 477, 170, 478, 174, -1, -4, -1.8157749899217608, 4.123105625617661
106, 68, 783, 202, 783, 205, 0, -3, -1.5707963267948966, 3.0
106, 69, 1261, 186, 1262, 185, -1, 1, 2.356194490192345, 1.4142135623730951
106, 70, 578, 48, 578, 49, 0, -1, -1.5707963267948966, 1.0
106, 71, 679, 192, 680, 192, -1, 0, 3.141592653589793, 1.0
106, 72, 247, 411, 247, 412, 0, -1, -1.5707963267948966, 1.0
106, 73, 738, 331, 738, 335, 0, -4, -1.5707963267948966, 4.0
106, 74, 812, 632, 812, 633, 0, -1, -1.5707963267948966, 1.0
106, 75, 546, 33, 546, 35, 0, -2, -1.5707963267948966, 2.0
106, 76, 502, 123, 502, 128, 0, -5, -1.5707963267948966, 5.0
106, 77, 485, 97, 486, 100, -1, -3, -1.892546881191539, 3.1622776601683795
106, 78, 688, 563, 688, 565, 0, -2, -1.5707963267948966, 2.0
106, 79, 1172, 48, 1170, 49, 2, -1, -0.4636476090008061, 2.23606797749979
106, 80, 265, 387, 265, 388, 0, -1, -1.5707963267948966, 1.0
106, 81, 782, 55, 782, 57, 0, -2, -1.5707963267948966, 2.0
106, 82, 702, 620, 706, 616, -4, 4, 2.356194490192345, 5.656854249492381
106, 83, 164, 80, 161, 80, 3, 0, 0.0, 3.0
106, 84, 671, 512, 671, 516, 0, -4, -1.5707963267948966, 4.0
106, 85, 329, 372, 329, 373, 0, -1, -1.5707963267948966, 1.0
106, 86, 60, 483, 59, 483, 1, 0, 0.0, 1.0
106, 87, 797, 161, 797, 165, 0, -4, -1.5707963267948966, 4.0
106, 88, 608, 305, 609, 303, -1, 2, 2.0344439357957027, 2.23606797749979
106, 89, 287, 384, 287, 385, 0, -1, -1.5707963267948966, 1.0
106, 90, 627, 55, 626, 55, 1, 0, 0.0, 1.0
106, 91, 1139, 600, 1136, 595, 3, 5, 1.0303768265243125, 5.830951894845301
106, 92, 753, 149, 753, 149, 0, 0, 0.0, 0.0
106, 93, 937, 107, 937, 108, 0, -1, -1.5707963267948966, 1.0
106, 94, 673, 40, 672, 42, 1, -2, -1.1071487177940904, 2.23606797749979
106, 95, 150, 43, 148, 44, 2, -1, -0.4636476090008061, 2.23606797749979
106, 96, 122, 659, 124, 656, -2, 3, 2.158798930342464, 3.605551275463989
106, 97, 1211, 14, 1211, 15, 0, -1, -1.5707963267948966, 1.0
106, 98, 1149, 176, 1150, 176, -1, 0, 3.141592653589793, 1.0
106, 99, 550, 105, 550, 106, 0, -1, -1.5707963267948966, 1.0
106, 100, 804, 169, 804, 173, 0, -4, -1.5707963267948966, 4.0
106, 101, 1128, 687, 1126, 682, 2, 5, 1.1902899496825317, 5.385164807134504
106, 102, 722, 422, 722, 424, 0, -2, -1.5707963267948966, 2.0
106, 103, 1101, 319, 1101, 321, 0, -2, -1.5707963267948966, 2.0
106, 104, 633, 346, 633, 347, 0, -1, -1.5707963267948966, 1.0
106, 105, 1214, 235, 1214, 232, 0, 3, 1.5707963267948966, 3.0
106, 106, 490, 124, 491, 129, -1, -5, -1.7681918866447774, 5.0990195135927845
106, 107, 52, 403, 49, 402, 3, 1, 0.3217505543966422, 3.1622776601683795
106, 108, 482, 180, 483, 184, -1, -4, -1.8157749899217608, 4.123105625617661
106, 109, 1137, 60, 1135, 61, 2, -1, -0.4636476090008061, 2.23606797749979
106, 110, 38, 409, 35, 408, 3, 1, 0.3217505543966422, 3.1622776601683795
106, 111, 486, 267, 486, 270, 0, -3, -1.5707963267948966, 3.0
106, 112, 693, 476, 693, 482, 0, -6, -1.5707963267948966, 6.0
106, 113, 301, 391, 301, 392, 0, -1, -1.5707963267948966, 1.0
106, 114, 331, 413, 331, 414, 0, -1, -1.5707963267948966, 1.0
106, 115, 709, 631, 712, 628, -3, 3, 2.356194490192345, 4.242640687119285
106, 116, 824, 582, 824, 586, 0, -4, -1.5707963267948966, 4.0
106, 117, 690, 464, 690, 469, 0, -5, -1.5707963267948966, 5.0
106, 118, 149, 91, 146, 91, 3, 0, 0.0, 3.0
106, 119, 1158, 173, 1158, 173, 0, 0, 0.0, 0.0
106, 120, 751, 219, 751, 220, 0, -1, -1.5707963267948966, 1.0
106, 121, 271, 330, 271, 331, 0, -1, -1.5707963267948966, 1.0
106, 122, 173, 57, 173, 57, 0, 0, 0.0, 0.0
106, 123, 282, 331, 282, 332, 0, -1, -1.5707963267948966, 1.0
106, 124, 747, 371, 747, 374, 0, -3, -1.5707963267948966, 3.0
106, 125, 413, 296, 415, 295, -2, 1, 2.677945044588987, 2.23606797749979
106, 126, 1201, 10, 1201, 11, 0, -1, -1.5707963267948966, 1.0
106, 127, 265, 413, 265, 414, 0, -1, -1.5707963267948966, 1.0
106, 128, 245, 330, 245, 332, 0, -2, -1.5707963267948966, 2.0
106, 129, 263, 396, 263, 397, 0, -1, -1.5707963267948966, 1.0
106, 130, 1150, 53, 1148, 53, 2, 0, 0.0, 2.0
106, 131, 487, 150, 487, 155, 0, -5, -1.5707963267948966, 5.0
106, 132, 1130, 92, 1129, 93, 1, -1, -0.7853981633974483, 1.4142135623730951
106, 133, 1111, 223, 1114, 227, -3, -4, -2.214297435588181, 5.0
106, 134, 264, 337, 264, 339, 0, -2, -1.5707963267948966, 2.0
106, 135, 124, 683, 125, 682, -1, 1, 2.356194490192345, 1.4142135623730951
106, 136, 174, 93, 173, 94, 1, -1, -0.7853981633974483, 1.4142135623730951
106, 137, 67, 671, 71, 668, -4, 3, 2.498091544796509, 5.0
106, 138, 843, 41, 844, 43, -1, -2, -2.0344439357957027, 2.23606797749979
106, 139, 384, 260, 385, 260, -1, 0, 3.141592653589793, 1.0
106, 140, 403, 347, 403, 346, 0, 1, 1.5707963267948966, 1.0
106, 141, 624, 125, 624, 126, 0, -1, -1.5707963267948966, 1.0
106, 142, 391, 414, 392, 410, -1, 4, 1.8157749899217608, 4.123105625617661
106, 143, 631, 138, 631, 139, 0, -1, -1.5707963267948966, 1.0
106, 144, 62, 76, 62, 78, 0, -2, -1.5707963267948966, 2.0
106, 145, 703, 698, 705, 695, -2, 3, 2.158798930342464, 3.605551275463989
106, 146, 932, 101, 932, 102, 0, -1, -1.5707963267948966, 1.0
106, 147, 924, 102, 924, 103, 0, -1, -1.5707963267948966, 1.0
106, 148, 278, 355, 278, 356, 0, -1, -1.5707963267948966, 1.0
106, 149, 276, 315, 276, 316, 0, -1, -1.5707963267948966, 1.0
106, 150, 740, 184, 740, 182, 0, 2, 1.5707963267948966, 2.0
106, 151, 457, 667, 459, 671, -2, -4, -2.0344439357957027, 4.47213595499958
106, 152, 1083, 305, 1084, 311, -1, -6, -1.7359450042095235, 6.082762530298219
106, 153, 760, 204, 760, 204, 0, 0, 0.0, 0.0
106, 154, 1229, 340, 1226, 341, 3, -1, -0.3217505543966422, 3.1622776601683795
106, 155, 1118, 224, 1121, 228, -3, -4, -2.214297435588181, 5.0
106, 156, 677, 681, 681, 679, -4, 2, 2.677945044588987, 4.47213595499958
106, 157, 373, 374, 373, 373, 0, 1, 1.5707963267948966, 1.0
106, 158, 405, 437, 405, 438, 0, -1, -1.5707963267948966, 1.0
106, 159, 37, 396, 34, 395, 3, 1, 0.3217505543966422, 3.1622776601683795
106, 160, 670, 204, 671, 204, -1, 0, 3.141592653589793, 1.0
106, 161, 1179, 100, 1179, 100, 0, 0, 0.0, 0.0
106, 162, 1135, 622, 1132, 617, 3, 5, 1.0303768265243125, 5.830951894845301
106, 163, 79, 134, 79, 136, 0, -2, -1.5707963267948966, 2.0
106, 164, 590, 43, 590, 45, 0, -2, -1.5707963267948966, 2.0
106, 165, 1212, 197, 1212, 195, 0, 2, 1.5707963267948966, 2.0
106, 166, 158, 679, 158, 676, 0, 3, 1.5707963267948966, 3.0
106, 167, 85, 148, 85, 150, 0, -2, -1.5707963267948966, 2.0
106, 168, 799, 13, 799, 13, 0, 0, 0.0, 0.0
106, 169, 1244, 304, 1241, 303, 3, 1, 0.3217505543966422, 3.1622776601683795
106, 170, 1131, 602, 1129, 596, 2, 6, 1.2490457723982544, 6.324555320336759
106, 171, 1258, 366, 1258, 367, 0, -1, -1.5707963267948966, 1.0
106, 172, 1140, 616, 1138, 612, 2, 4, 1.1071487177940904, 4.47213595499958
106, 173, 257, 372, 257, 373, 0, -1, -1.5707963267948966, 1.0
106, 174, 76, 149, 76, 151, 0, -2, -1.5707963267948966, 2.0
106, 175, 474, 564, 474, 568, 0, -4, -1.5707963267948966, 4.0
106, 176, 466, 665, 467, 669, -1, -4, -1.8157749899217608, 4.123105625617661
106, 177, 267, 402, 267, 403, 0, -1, -1.5707963267948966, 1.0
106, 178, 1087, 274, 1089, 277, -2, -3, -2.158798930342464, 3.605551275463989
106, 179, 743, 364, 743, 367, 0, -3, -1.5707963267948966, 3.0
106, 180, 63, 464, 60, 463, 3, 1, 0.3217505543966422, 3.1622776601683795
106, 181, 590, 113, 590, 114, 0, -1, -1.5707963267948966, 1.0
106, 182, 619, 92, 619, 92, 0, 0, 0.0, 0.0
106, 183, 850, 555, 850, 560, 0, -5, -1.5707963267948966, 5.0
106, 184, 396, 268, 397, 268, -1, 0, 3.141592653589793, 1.0
106, 185, 790, 210, 790, 213, 0, -3, -1.5707963267948966, 3.0
106, 186, 794, 47, 794, 48, 0, -1, -1.5707963267948966, 1.0
106, 187, 157, 16, 157, 17, 0, -1, -1.5707963267948966, 1.0
106, 188, 86, 510, 86, 511, 0, -1, -1.5707963267948966, 1.0
106, 189, 327, 381, 327, 382, 0, -1, -1.5707963267948966, 1.0
106, 190, 292, 376, 292, 378, 0, -2, -1.5707963267948966, 2.0
106, 191, 714, 636, 717, 633, -3, 3, 2.356194490192345, 4.242640687119285
106, 192, 483, 696, 483, 697, 0, -1, -1.5707963267948966, 1.0
106, 193, 644, 316, 645, 313, -1, 3, 1.892546881191539, 3.1622776601683795
106, 194, 388, 342, 388, 341, 0, 1, 1.5707963267948966, 1.0
106, 195, 1124, 119, 1122, 119, 2, 0, 0.0, 2.0
106, 196, 1136, 581, 1134, 580, 2, 1, 0.4636476090008061, 2.23606797749979
106, 197, 1239, 310, 1236, 309, 3, 1, 0.3217505543966422, 3.1622776601683795
106, 198, 795, 26, 796, 28, -1, -2, -2.0344439357957027, 2.23606797749979
106, 199, 806, 21, 806, 22, 0, -1, -1.5707963267948966, 1.0
106, 200, 476, 266, 477, 269, -1, -3, -1.892546881191539, 3.1622776601683795
106, 201, 240, 320, 240, 321, 0, -1, -1.5707963267948966, 1.0
106, 202, 1079, 296, 1081, 301, -2, -5, -1.9513027039072615, 5.385164807134504
106, 203, 798, 566, 799, 572, -1, -6, -1.7359450042095235, 6.082762530298219
106, 204, 830, 505, 829, 510, 1, -5, -1.373400766945016, 5.0990195135927845
106, 205, 614, 98, 614, 98, 0, 0, 0.0, 0.0
106, 206, 746, 171, 745, 170, 1, 1, 0.7853981633974483, 1.4142135623730951
106, 207, 332, 352, 332, 353, 0, -1, -1.5707963267948966, 1.0
106, 208, 289, 361, 289, 362, 0, -1, -1.5707963267948966, 1.0
106, 209, 459, 579, 458, 584, 1, -5, -1.373400766945016, 5.0990195135927845
106, 210, 413, 379, 412, 373, 1, 6, 1.4056476493802699, 6.082762530298219
106, 211, 1221, 229, 1221, 226, 0, 3, 1.5707963267948966, 3.0
106, 212, 815, 13, 815, 12, 0, 1, 1.5707963267948966, 1.0
106, 213, 1161, 643, 1160, 641, 1, 2, 1.1071487177940904, 2.23606797749979
106, 214, 938, 37, 938, 39, 0, -2, -1.5707963267948966, 2.0
106, 215, 632, 90, 631, 90, 1, 0, 0.0, 1.0
106, 216, 804, 531, 806, 535, -2, -4, -2.0344439357957027, 4.47213595499958
106, 217, 1231, 330, 1228, 330, 3, 0, 0.0, 3.0
106, 218, 594, 51, 594, 53, 0, -2, -1.5707963267948966, 2.0
106, 219, 1231, 323, 1228, 322, 3, 1, 0.3217505543966422, 3.1622776601683795
106, 220, 756, 58, 756, 60, 0, -2, -1.5707963267948966, 2.0
107, 0, 260, 348, 260, 348, 0, 0, 0.0, 0.0
107, 1, 276, 325, 276, 325, 0, 0, 0.0, 0.0
107, 2, 301, 349, 301, 349, 0, 0, 0.0, 0.0
107, 3, 833, 521, 833, 525, 0, -4, -1.5707963267948966, 4.0
107, 4, 492, 109, 493, 114, -1, -5, -1.7681918866447774, 5.0990195135927845
107, 5, 390, 336, 391, 334, -1, 2, 2.0344439357957027, 2.23606797749979
107, 6, 821, 520, 820, 524, 1, -4, -1.3258176636680326, 4.123105625617661
107, 7, 177, 33, 177, 31, 0, 2, 1.5707963267948966, 2.0
107, 8, 798, 550, 799, 553, -1, -3, -1.892546881191539, 3.1622776601683795
107, 9, 1255, 186, 1255, 183, 0, 3, 1.5707963267948966, 3.0
107, 10, 491, 567, 489, 570, 2, -3, -0.982793723247329, 3.605551275463989
107, 11, 1079, 278, 1083, 281, -4, -3, -2.498091544796509, 5.0
107, 12, 68, 618, 69, 616, -1, 2, 2.0344439357957027, 2.23606797749979
107, 13, 1261, 273, 1261, 271, 0, 2, 1.5707963267948966, 2.0
107, 14, 1096, 285, 1100, 287, -4, -2, -2.677945044588987, 4.47213595499958
107, 15, 251, 343, 251, 343, 0, 0, 0.0, 0.0
107, 16, 807, 202, 808, 206, -1, -4, -1.8157749899217608, 4.123105625617661
107, 17, 684, 631, 686, 630, -2, 1, 2.677945044588987, 2.23606797749979
107, 18, 1152, 541, 1152, 537, 0, 4, 1.5707963267948966, 4.0
107, 19, 696, 465, 698, 469, -2, -4, -2.0344439357957027, 4.47213595499958
107, 20, 258, 379, 258, 379, 0, 0, 0.0, 0.0
107, 21, 683, 464, 682, 468, 1, -4, -1.3258176636680326, 4.123105625617661
107, 22, 490, 20, 490, 25, 0, -5, -1.5707963267948966, 5.0
107, 23, 766, 152, 765, 150, 1, 2, 1.1071487177940904, 2.23606797749979
107, 24, 593, 75, 593, 76, 0, -1, -1.5707963267948966, 1.0
107, 25, 1141, 574, 1140, 575, 1, -1, -0.7853981633974483, 1.4142135623730951
107, 26, 472, 567, 472, 571, 0, -4, -1.5707963267948966, 4.0
107, 27, 102, 683, 99, 678, 3, 5, 1.0303768265243125, 5.830951894845301
107, 28, 938, 24, 938, 25, 0, -1, -1.5707963267948966, 1.0
107, 29, 253, 394, 253, 394, 0, 0, 0.0, 0.0
107, 30, 469, 178, 470, 182, -1, -4, -1.8157749899217608, 4.123105625617661
107, 31, 307, 332, 307, 332, 0, 0, 0.0, 0.0
107, 32, 583, 106, 583, 107, 0, -1, -1.5707963267948966, 1.0
107, 33, 330, 363, 330, 363, 0, 0, 0.0, 0.0
107, 34, 483, 10, 483, 15, 0, -5, -1.5707963267948966, 5.0
107, 35, 506, 642, 506, 644, 0, -2, -1.5707963267948966, 2.0
107, 36, 438, 647, 439, 651, -1, -4, -1.8157749899217608, 4.123105625617661
107, 37, 150, 28, 150, 28, 0, 0, 0.0, 0.0
107, 38, 408, 331, 410, 328, -2, 3, 2.158798930342464, 3.605551275463989
107, 39, 537, 71, 537, 72, 0, -1, -1.5707963267948966, 1.0
107, 40, 294, 325, 294, 325, 0, 0, 0.0, 0.0
107, 41, 480, 18, 480, 23, 0, -5, -1.5707963267948966, 5.0
107, 42, 1114, 235, 1118, 238, -4, -3, -2.498091544796509, 5.0
107, 43, 1103, 327, 1103, 330, 0, -3, -1.5707963267948966, 3.0
107, 44, 444, 650, 446, 654, -2, -4, -2.0344439357957027, 4.47213595499958
107, 45, 759, 145, 758, 143, 1, 2, 1.1071487177940904, 2.23606797749979
107, 46, 420, 389, 421, 385, -1, 4, 1.8157749899217608, 4.123105625617661
107, 47, 1178, 90, 1176, 87, 2, 3, 0.982793723247329, 3.605551275463989
107, 48, 450, 620, 450, 625, 0, -5, -1.5707963267948966, 5.0
107, 49, 157, 78, 154, 78, 3, 0, 0.0, 3.0
107, 50, 581, 34, 581, 35, 0, -1, -1.5707963267948966, 1.0
107, 51, 376, 295, 378, 292, -2, 3, 2.158798930342464, 3.605551275463989
107, 52, 625, 268, 627, 264, -2, 4, 2.0344439357957027, 4.47213595499958
107, 53, 1102, 236, 1106, 238, -4, -2, -2.677945044588987, 4.47213595499958
107, 54, 1185, 701, 1184, 701, 1, 0, 0.0, 1.0
107, 55, 810, 180, 811, 183, -1, -3, -1.892546881191539, 3.1622776601683795
107, 56, 707, 342, 706, 346, 1, -4, -1.3258176636680326, 4.123105625617661
107, 57, 685, 212, 686, 208, -1, 4, 1.8157749899217608, 4.123105625617661
107, 58, 317, 398, 317, 398, 0, 0, 0.0, 0.0
107, 59, 1170, 138, 1170, 134, 0, 4, 1.5707963267948966, 4.0
107, 60, 486, 633, 485, 637, 1, -4, -1.3258176636680326, 4.123105625617661
107, 61, 253, 351, 253, 351, 0, 0, 0.0, 0.0
107, 62, 302, 365, 302, 365, 0, 0, 0.0, 0.0
107, 63, 676, 291, 676, 290, 0, 1, 1.5707963267948966, 1.0
107, 64, 476, 166, 477, 170, -1, -4, -1.8157749899217608, 4.123105625617661
107, 65, 783, 198, 783, 202, 0, -4, -1.5707963267948966, 4.0
107, 66, 1261, 189, 1261, 186, 0, 3, 1.5707963267948966, 3.0
107, 67, 578, 48, 578, 48, 0, 0, 0.0, 0.0
107, 68, 677, 196, 679, 192, -2, 4, 2.0344439357957027, 4.47213595499958
107, 69, 246, 411, 247, 411, -1, 0, 3.141592653589793, 1.0
107, 70, 739, 326, 738, 331, 1, -5, -1.373400766945016, 5.0990195135927845
107, 71, 812, 630, 812, 632, 0, -2, -1.5707963267948966, 2.0
107, 72, 546, 32, 546, 33, 0, -1, -1.5707963267948966, 1.0
107, 73, 501, 117, 502, 123, -1, -6, -1.7359450042095235, 6.082762530298219
107, 74, 484, 95, 485, 97, -1, -2, -2.0344439357957027, 2.23606797749979
107, 75, 688, 558, 688, 563, 0, -5, -1.5707963267948966, 5.0
107, 76, 1175, 49, 1172, 48, 3, 1, 0.3217505543966422, 3.1622776601683795
107, 77, 265, 387, 265, 387, 0, 0, 0.0, 0.0
107, 78, 781, 53, 782, 55, -1, -2, -2.0344439357957027, 2.23606797749979
107, 79, 699, 624, 702, 620, -3, 4, 2.214297435588181, 5.0
107, 80, 166, 81, 164, 80, 2, 1, 0.4636476090008061, 2.23606797749979
107, 81, 671, 506, 671, 512, 0, -6, -1.5707963267948966, 6.0
107, 82, 329, 371, 329, 372, 0, -1, -1.5707963267948966, 1.0
107, 83, 62, 485, 60, 483, 2, 2, 0.7853981633974483, 2.8284271247461903
107, 84, 797, 158, 797, 161, 0, -3, -1.5707963267948966, 3.0
107, 85, 607, 307, 608, 305, -1, 2, 2.0344439357957027, 2.23606797749979
107, 86, 287, 384, 287, 384, 0, 0, 0.0, 0.0
107, 87, 628, 57, 627, 55, 1, 2, 1.1071487177940904, 2.23606797749979
107, 88, 1141, 605, 1139, 600, 2, 5, 1.1902899496825317, 5.385164807134504
107, 89, 754, 151, 753, 149, 1, 2, 1.1071487177940904, 2.23606797749979
107, 90, 937, 106, 937, 107, 0, -1, -1.5707963267948966, 1.0
107, 91, 673, 39, 673, 40, 0, -1, -1.5707963267948966, 1.0
107, 92, 152, 43, 150, 43, 2, 0, 0.0, 2.0
107, 93, 118, 661, 122, 659, -4, 2, 2.677945044588987, 4.47213595499958
107, 94, 1211, 14, 1211, 14, 0, 0, 0.0, 0.0
107, 95, 1148, 176, 1149, 176, -1, 0, 3.141592653589793, 1.0
107, 96, 550, 105, 550, 105, 0, 0, 0.0, 0.0
107, 97, 803, 166, 804, 169, -1, -3, -1.892546881191539, 3.1622776601683795
107, 98, 1129, 690, 1128, 687, 1, 3, 1.2490457723982544, 3.1622776601683795
107, 99, 722, 420, 722, 422, 0, -2, -1.5707963267948966, 2.0
107, 100, 1100, 317, 1101, 319, -1, -2, -2.0344439357957027, 2.23606797749979
107, 101, 633, 346, 633, 346, 0, 0, 0.0, 0.0
107, 102, 1216, 238, 1214, 235, 2, 3, 0.982793723247329, 3.605551275463989
107, 103, 489, 119, 490, 124, -1, -5, -1.7681918866447774, 5.0990195135927845
107, 104, 56, 406, 52, 403, 4, 3, 0.6435011087932844, 5.0
107, 105, 481, 176, 482, 180, -1, -4, -1.8157749899217608, 4.123105625617661
107, 106, 1140, 62, 1137, 60, 3, 2, 0.5880026035475675, 3.605551275463989
107, 107, 41, 410, 38, 409, 3, 1, 0.3217505543966422, 3.1622776601683795
107, 108, 486, 266, 486, 267, 0, -1, -1.5707963267948966, 1.0
107, 109, 692, 471, 693, 476, -1, -5, -1.7681918866447774, 5.0990195135927845
107, 110, 301, 391, 301, 391, 0, 0, 0.0, 0.0
107, 111, 331, 413, 331, 413, 0, 0, 0.0, 0.0
107, 112, 706, 634, 709, 631, -3, 3, 2.356194490192345, 4.242640687119285
107, 113, 824, 577, 824, 582, 0, -5, -1.5707963267948966, 5.0
107, 114, 689, 459, 690, 464, -1, -5, -1.7681918866447774, 5.0990195135927845
107, 115, 150, 92, 149, 91, 1, 1, 0.7853981633974483, 1.4142135623730951
107, 116, 1157, 173, 1158, 173, -1, 0, 3.141592653589793, 1.0
107, 117, 750, 219, 751, 219, -1, 0, 3.141592653589793, 1.0
107, 118, 271, 330, 271, 330, 0, 0, 0.0, 0.0
107, 119, 173, 58, 173, 57, 0, 1, 1.5707963267948966, 1.0
107, 120, 282, 331, 282, 331, 0, 0, 0.0, 0.0
107, 121, 747, 366, 747, 371, 0, -5, -1.5707963267948966, 5.0
107, 122, 411, 300, 413, 296, -2, 4, 2.0344439357957027, 4.47213595499958
107, 123, 1201, 10, 1201, 10, 0, 0, 0.0, 0.0
107, 124, 265, 413, 265, 413, 0, 0, 0.0, 0.0
107, 125, 245, 330, 245, 330, 0, 0, 0.0, 0.0
107, 126, 263, 396, 263, 396, 0, 0, 0.0, 0.0
107, 127, 1153, 55, 1150, 53, 3, 2, 0.5880026035475675, 3.605551275463989
107, 128, 486, 146, 487, 150, -1, -4, -1.8157749899217608, 4.123105625617661
107, 129, 1131, 93, 1130, 92, 1, 1, 0.7853981633974483, 1.4142135623730951
107, 130, 1107, 220, 1111, 223, -4, -3, -2.498091544796509, 5.0
107, 131, 264, 337, 264, 337, 0, 0, 0.0, 0.0
107, 132, 122, 686, 124, 683, -2, 3, 2.158798930342464, 3.605551275463989
107, 133, 174, 93, 174, 93, 0, 0, 0.0, 0.0
107, 134, 63, 673, 67, 671, -4, 2, 2.677945044588987, 4.47213595499958
107, 135, 841, 40, 843, 41, -2, -1, -2.677945044588987, 2.23606797749979
107, 136, 382, 264, 384, 260, -2, 4, 2.0344439357957027, 4.47213595499958
107, 137, 402, 349, 403, 347, -1, 2, 2.0344439357957027, 2.23606797749979
107, 138, 624, 125, 624, 125, 0, 0, 0.0, 0.0
107, 139, 388, 416, 391, 414, -3, 2, 2.5535900500422257, 3.605551275463989
107, 140, 631, 138, 631, 138, 0, 0, 0.0, 0.0
107, 141, 62, 76, 62, 76, 0, 0, 0.0, 0.0
107, 142, 703, 700, 703, 698, 0, 2, 1.5707963267948966, 2.0
107, 143, 932, 100, 932, 101, 0, -1, -1.5707963267948966, 1.0
107, 144, 924, 101, 924, 102, 0, -1, -1.5707963267948966, 1.0
107, 145, 278, 355, 278, 355, 0, 0, 0.0, 0.0
107, 146, 276, 315, 276, 315, 0, 0, 0.0, 0.0
107, 147, 740, 186, 740, 184, 0, 2, 1.5707963267948966, 2.0
107, 148, 454, 663, 457, 667, -3, -4, -2.214297435588181, 5.0
107, 149, 761, 207, 760, 204, 1, 3, 1.2490457723982544, 3.1622776601683795
107, 150, 1229, 340, 1229, 340, 0, 0, 0.0, 0.0
107, 151, 1114, 221, 1118, 224, -4, -3, -2.498091544796509, 5.0
107, 152, 673, 681, 677, 681, -4, 0, 3.141592653589793, 4.0
107, 153, 372, 378, 373, 374, -1, 4, 1.8157749899217608, 4.123105625617661
107, 154, 406, 437, 405, 437, 1, 0, 0.0, 1.0
107, 155, 40, 399, 37, 396, 3, 3, 0.7853981633974483, 4.242640687119285
107, 156, 668, 208, 670, 204, -2, 4, 2.0344439357957027, 4.47213595499958
107, 157, 1179, 103, 1179, 100, 0, 3, 1.5707963267948966, 3.0
107, 158, 1135, 617, 1135, 622, 0, -5, -1.5707963267948966, 5.0
107, 159, 79, 134, 79, 134, 0, 0, 0.0, 0.0
107, 160, 590, 42, 590, 43, 0, -1, -1.5707963267948966, 1.0
107, 161, 1212, 201, 1212, 197, 0, 4, 1.5707963267948966, 4.0
107, 162, 156, 683, 158, 679, -2, 4, 2.0344439357957027, 4.47213595499958
107, 163, 85, 148, 85, 148, 0, 0, 0.0, 0.0
107, 164, 1245, 305, 1244, 304, 1, 1, 0.7853981633974483, 1.4142135623730951
107, 165, 1133, 607, 1131, 602, 2, 5, 1.1902899496825317, 5.385164807134504
107, 166, 1258, 366, 1258, 366, 0, 0, 0.0, 0.0
107, 167, 1140, 613, 1140, 616, 0, -3, -1.5707963267948966, 3.0
107, 168, 257, 372, 257, 372, 0, 0, 0.0, 0.0
107, 169, 76, 149, 76, 149, 0, 0, 0.0, 0.0
107, 170, 474, 560, 474, 564, 0, -4, -1.5707963267948966, 4.0
107, 171, 465, 660, 466, 665, -1, -5, -1.7681918866447774, 5.0990195135927845
107, 172, 267, 402, 267, 402, 0, 0, 0.0, 0.0
107, 173, 1084, 271, 1087, 274, -3, -3, -2.356194490192345, 4.242640687119285
107, 174, 744, 359, 743, 364, 1, -5, -1.373400766945016, 5.0990195135927845
107, 175, 65, 466, 63, 464, 2, 2, 0.7853981633974483, 2.8284271247461903
107, 176, 590, 113, 590, 113, 0, 0, 0.0, 0.0
107, 177, 619, 95, 619, 92, 0, 3, 1.5707963267948966, 3.0
107, 178, 849, 550, 850, 555, -1, -5, -1.7681918866447774, 5.0990195135927845
107, 179, 394, 271, 396, 268, -2, 3, 2.158798930342464, 3.605551275463989
107, 180, 790, 206, 790, 210, 0, -4, -1.5707963267948966, 4.0
107, 181, 793, 47, 794, 47, -1, 0, 3.141592653589793, 1.0
107, 182, 157, 18, 157, 16, 0, 2, 1.5707963267948966, 2.0
107, 183, 86, 510, 86, 510, 0, 0, 0.0, 0.0
107, 184, 327, 380, 327, 381, 0, -1, -1.5707963267948966, 1.0
107, 185, 292, 375, 292, 376, 0, -1, -1.5707963267948966, 1.0
107, 186, 711, 638, 714, 636, -3, 2, 2.5535900500422257, 3.605551275463989
107, 187, 483, 695, 483, 696, 0, -1, -1.5707963267948966, 1.0
107, 188, 643, 319, 644, 316, -1, 3, 1.892546881191539, 3.1622776601683795
107, 189, 388, 345, 388, 342, 0, 3, 1.5707963267948966, 3.0
107, 190, 1126, 119, 1124, 119, 2, 0, 0.0, 2.0
107, 191, 1136, 580, 1136, 581, 0, -1, -1.5707963267948966, 1.0
107, 192, 1240, 311, 1239, 310, 1, 1, 0.7853981633974483, 1.4142135623730951
107, 193, 806, 20, 806, 21, 0, -1, -1.5707963267948966, 1.0
107, 194, 476, 264, 476, 266, 0, -2, -1.5707963267948966, 2.0
107, 195, 240, 320, 240, 320, 0, 0, 0.0, 0.0
107, 196, 1077, 296, 1079, 296, -2, 0, 3.141592653589793, 2.0
107, 197, 797, 560, 798, 566, -1, -6, -1.7359450042095235, 6.082762530298219
107, 198, 831, 499, 830, 505, 1, -6, -1.4056476493802699, 6.082762530298219
107, 199, 614, 101, 614, 98, 0, 3, 1.5707963267948966, 3.0
107, 200, 747, 175, 746, 171, 1, 4, 1.3258176636680326, 4.123105625617661
107, 201, 332, 351, 332, 352, 0, -1, -1.5707963267948966, 1.0
107, 202, 289, 360, 289, 361, 0, -1, -1.5707963267948966, 1.0
107, 203, 460, 574, 459, 579, 1, -5, -1.373400766945016, 5.0990195135927845
107, 204, 412, 383, 413, 379, -1, 4, 1.8157749899217608, 4.123105625617661
107, 205, 1222, 232, 1221, 229, 1, 3, 1.2490457723982544, 3.1622776601683795
107, 206, 815, 13, 815, 13, 0, 0, 0.0, 0.0
107, 207, 1161, 645, 1161, 643, 0, 2, 1.5707963267948966, 2.0
107, 208, 938, 36, 938, 37, 0, -1, -1.5707963267948966, 1.0
107, 209, 634, 92, 632, 90, 2, 2, 0.7853981633974483, 2.8284271247461903
107, 210, 801, 527, 804, 531, -3, -4, -2.214297435588181, 5.0
107, 211, 1233, 329, 1231, 330, 2, -1, -0.4636476090008061, 2.23606797749979
107, 212, 594, 50, 594, 51, 0, -1, -1.5707963267948966, 1.0
107, 213, 1234, 323, 1231, 323, 3, 0, 0.0, 3.0
107, 214, 756, 57, 756, 58, 0, -1, -1.5707963267948966, 1.0
108, 0, 834, 517, 834, 521, 0, -4, -1.5707963267948966, 4.0
108, 1, 805, 539, 805, 544, 0, -5, -1.5707963267948966, 5.0
108, 2, 679, 637, 683, 635, -4, 2, 2.677945044588987, 4.47213595499958
108, 3, 490, 563, 490, 568, 0, -5, -1.5707963267948966, 5.0
108, 4, 821, 516, 821, 520, 0, -4, -1.5707963267948966, 4.0
108, 5, 177, 34, 178, 34, -1, 0, 3.141592653589793, 1.0
108, 6, 491, 112, 493, 115, -2, -3, -2.158798930342464, 3.605551275463989
108, 7, 787, 35, 789, 36, -2, -1, -2.677945044588987, 2.23606797749979
108, 8, 804, 565, 804, 570, 0, -5, -1.5707963267948966, 5.0
108, 9, 1261, 273, 1269, 272, -8, 1, 3.017237659043032, 8.06225774829855
108, 10, 1255, 184, 1256, 184, -1, 0, 3.141592653589793, 1.0
108, 11, 886, 39, 889, 40, -3, -1, -2.819842099193151, 3.1622776601683795
108, 12, 65, 624, 68, 621, -3, 3, 2.356194490192345, 4.242640687119285
108, 13, 463, 630, 464, 634, -1, -4, -1.8157749899217608, 4.123105625617661
108, 14, 766, 152, 766, 151, 0, 1, 1.5707963267948966, 1.0
108, 15, 1113, 234, 1117, 238, -4, -4, -2.356194490192345, 5.656854249492381
108, 16, 475, 561, 475, 566, 0, -5, -1.5707963267948966, 5.0
108, 17, 1177, 91, 1177, 89, 0, 2, 1.5707963267948966, 2.0
108, 18, 838, 24, 840, 25, -2, -1, -2.677945044588987, 2.23606797749979
108, 19, 681, 461, 682, 466, -1, -5, -1.7681918866447774, 5.0990195135927845
108, 20, 696, 461, 698, 466, -2, -5, -1.9513027039072615, 5.385164807134504
108, 21, 444, 647, 446, 651, -2, -4, -2.0344439357957027, 4.47213595499958
108, 22, 807, 203, 809, 205, -2, -2, -2.356194490192345, 2.8284271247461903
108, 23, 1146, 585, 1145, 583, 1, 2, 1.1071487177940904, 2.23606797749979
108, 24, 450, 618, 451, 623, -1, -5, -1.7681918866447774, 5.0990195135927845
108, 25, 1080, 279, 1083, 282, -3, -3, -2.356194490192345, 4.242640687119285
108, 26, 469, 181, 470, 183, -1, -2, -2.0344439357957027, 2.23606797749979
108, 27, 785, 202, 786, 204, -1, -2, -2.0344439357957027, 2.23606797749979
108, 28, 390, 338, 391, 336, -1, 2, 2.0344439357957027, 2.23606797749979
108, 29, 1156, 545, 1156, 542, 0, 3, 1.5707963267948966, 3.0
108, 30, 482, 12, 483, 15, -1, -3, -1.892546881191539, 3.1622776601683795
108, 31, 489, 22, 490, 25, -1, -3, -1.892546881191539, 3.1622776601683795
108, 32, 763, 145, 763, 144, 0, 1, 1.5707963267948966, 1.0
108, 33, 331, 359, 332, 359, -1, 0, 3.141592653589793, 1.0
108, 34, 379, 302, 381, 301, -2, 1, 2.677945044588987, 2.23606797749979
108, 35, 870, 9, 872, 10, -2, -1, -2.677945044588987, 2.23606797749979
108, 36, 167, 88, 166, 86, 1, 2, 1.1071487177940904, 2.23606797749979
108, 37, 880, 31, 883, 32, -3, -1, -2.819842099193151, 3.1622776601683795
108, 38, 437, 643, 438, 647, -1, -4, -1.8157749899217608, 4.123105625617661
108, 39, 683, 31, 683, 34, 0, -3, -1.5707963267948966, 3.0
108, 40, 480, 21, 481, 24, -1, -3, -1.892546881191539, 3.1622776601683795
108, 41, 1134, 96, 1134, 96, 0, 0, 0.0, 0.0
108, 42, 159, 89, 157, 87, 2, 2, 0.7853981633974483, 2.8284271247461903
108, 43, 486, 633, 486, 636, 0, -3, -1.5707963267948966, 3.0
108, 44, 1094, 286, 1098, 288, -4, -2, -2.677945044588987, 4.47213595499958
108, 45, 606, 312, 608, 309, -2, 3, 2.158798930342464, 3.605551275463989
108, 46, 1173, 50, 1173, 50, 0, 0, 0.0, 0.0
108, 47, 789, 27, 791, 28, -2, -1, -2.677945044588987, 2.23606797749979
108, 48, 1131, 699, 1130, 694, 1, 5, 1.373400766945016, 5.0990195135927845
108, 49, 707, 342, 707, 345, 0, -3, -1.5707963267948966, 3.0
108, 50, 677, 196, 679, 194, -2, 2, 2.356194490192345, 2.8284271247461903
108, 51, 686, 212, 688, 210, -2, 2, 2.356194490192345, 2.8284271247461903
108, 52, 668, 506, 669, 511, -1, -5, -1.7681918866447774, 5.0990195135927845
108, 53, 400, 351, 402, 350, -2, 1, 2.677945044588987, 2.23606797749979
108, 54, 500, 120, 502, 123, -2, -3, -2.158798930342464, 3.605551275463989
108, 55, 476, 168, 477, 171, -1, -3, -1.892546881191539, 3.1622776601683795
108, 56, 826, 28, 828, 29, -2, -1, -2.677945044588987, 2.23606797749979
108, 57, 411, 391, 414, 387, -3, 4, 2.214297435588181, 5.0
108, 58, 1171, 138, 1172, 136, -1, 2, 2.0344439357957027, 2.23606797749979
108, 59, 416, 398, 419, 393, -3, 5, 2.1112158270654806, 5.830951894845301
108, 60, 1214, 239, 1214, 237, 0, 2, 1.5707963267948966, 2.0
108, 61, 489, 86, 490, 88, -1, -2, -2.0344439357957027, 2.23606797749979
108, 62, 754, 152, 754, 151, 0, 1, 1.5707963267948966, 1.0
108, 63, 691, 470, 693, 475, -2, -5, -1.9513027039072615, 5.385164807134504
108, 64, 624, 369, 625, 369, -1, 0, 3.141592653589793, 1.0
108, 65, 388, 422, 390, 419, -2, 3, 2.158798930342464, 3.605551275463989
108, 66, 155, 39, 155, 41, 0, -2, -1.5707963267948966, 2.0
108, 67, 659, 266, 661, 264, -2, 2, 2.356194490192345, 2.8284271247461903
108, 68, 1189, 608, 1186, 605, 3, 3, 0.7853981633974483, 4.242640687119285
108, 69, 812, 628, 813, 632, -1, -4, -1.8157749899217608, 4.123105625617661
108, 70, 740, 325, 740, 330, 0, -5, -1.5707963267948966, 5.0
108, 71, 1138, 63, 1138, 62, 0, 1, 1.5707963267948966, 1.0
108, 72, 247, 412, 248, 412, -1, 0, 3.141592653589793, 1.0
108, 73, 1101, 236, 1105, 238, -4, -2, -2.677945044588987, 4.47213595499958
108, 74, 173, 94, 174, 94, -1, 0, 3.141592653589793, 1.0
108, 75, 743, 357, 744, 362, -1, -5, -1.7681918866447774, 5.0990195135927845
108, 76, 53, 406, 53, 405, 0, 1, 1.5707963267948966, 1.0
108, 77, 876, 44, 878, 45, -2, -1, -2.677945044588987, 2.23606797749979
108, 78, 627, 57, 628, 57, -1, 0, 3.141592653589793, 1.0
108, 79, 829, 40, 831, 41, -2, -1, -2.677945044588987, 2.23606797749979
108, 80, 936, 108, 937, 108, -1, 0, 3.141592653589793, 1.0
108, 81, 1160, 666, 1158, 664, 2, 2, 0.7853981633974483, 2.8284271247461903
108, 82, 665, 292, 666, 290, -1, 2, 2.0344439357957027, 2.23606797749979
108, 83, 1185, 291, 1186, 291, -1, 0, 3.141592653589793, 1.0
108, 84, 1141, 593, 1140, 591, 1, 2, 1.1071487177940904, 2.23606797749979
108, 85, 485, 147, 487, 150, -2, -3, -2.158798930342464, 3.605551275463989
108, 86, 694, 626, 698, 623, -4, 3, 2.498091544796509, 5.0
108, 87, 1149, 657, 1146, 653, 3, 4, 0.9272952180016122, 5.0
108, 88, 824, 574, 825, 578, -1, -4, -1.8157749899217608, 4.123105625617661
108, 89, 750, 219, 751, 219, -1, 0, 3.141592653589793, 1.0
108, 90, 1261, 187, 1263, 187, -2, 0, 3.141592653589793, 2.0
108, 91, 689, 556, 690, 560, -1, -4, -1.8157749899217608, 4.123105625617661
108, 92, 482, 178, 483, 180, -1, -2, -2.0344439357957027, 2.23606797749979
108, 93, 1157, 649, 1156, 647, 1, 2, 1.1071487177940904, 2.23606797749979
108, 94, 376, 294, 378, 293, -2, 1, 2.677945044588987, 2.23606797749979
108, 95, 673, 290, 674, 289, -1, 1, 2.356194490192345, 1.4142135623730951
108, 96, 722, 418, 723, 422, -1, -4, -1.8157749899217608, 4.123105625617661
108, 97, 1238, 335, 1236, 333, 2, 2, 0.7853981633974483, 2.8284271247461903
108, 98, 842, 41, 844, 42, -2, -1, -2.677945044588987, 2.23606797749979
108, 99, 1132, 125, 1131, 125, 1, 0, 0.0, 1.0
108, 100, 80, 456, 80, 454, 0, 2, 1.5707963267948966, 2.0
108, 101, 1148, 176, 1150, 176, -2, 0, 3.141592653589793, 2.0
108, 102, 1105, 220, 1109, 223, -4, -3, -2.498091544796509, 5.0
108, 103, 625, 268, 627, 266, -2, 2, 2.356194490192345, 2.8284271247461903
108, 104, 1164, 100, 1164, 99, 0, 1, 1.5707963267948966, 1.0
108, 105, 85, 510, 86, 510, -1, 0, 3.141592653589793, 1.0
108, 106, 1252, 307, 1250, 306, 2, 1, 0.4636476090008061, 2.23606797749979
108, 107, 633, 346, 634, 346, -1, 0, 3.141592653589793, 1.0
108, 108, 744, 186, 744, 186, 0, 0, 0.0, 0.0
108, 109, 39, 412, 39, 411, 0, 1, 1.5707963267948966, 1.0
108, 110, 1261, 225, 1267, 225, -6, 0, 3.141592653589793, 6.0
108, 111, 1152, 55, 1151, 54, 1, 1, 0.7853981633974483, 1.4142135623730951
108, 112, 682, 206, 684, 204, -2, 2, 2.356194490192345, 2.8284271247461903
108, 113, 802, 532, 802, 537, 0, -5, -1.5707963267948966, 5.0
108, 114, 796, 160, 797, 162, -1, -2, -2.0344439357957027, 2.23606797749979
108, 115, 489, 122, 491, 125, -2, -3, -2.158798930342464, 3.605551275463989
108, 116, 412, 298, 414, 297, -2, 1, 2.677945044588987, 2.23606797749979
108, 117, 65, 496, 63, 492, 2, 4, 1.1071487177940904, 4.47213595499958
108, 118, 1082, 306, 1084, 307, -2, -1, -2.677945044588987, 2.23606797749979
108, 119, 803, 168, 804, 170, -1, -2, -2.0344439357957027, 2.23606797749979
108, 120, 714, 692, 717, 691, -3, 1, 2.819842099193151, 3.1622776601683795
108, 121, 163, 78, 162, 77, 1, 1, 0.7853981633974483, 1.4142135623730951
108, 122, 156, 686, 158, 683, -2, 3, 2.158798930342464, 3.605551275463989
108, 123, 838, 570, 840, 574, -2, -4, -2.0344439357957027, 4.47213595499958
108, 124, 128, 696, 130, 692, -2, 4, 2.0344439357957027, 4.47213595499958
108, 125, 1197, 555, 1195, 550, 2, 5, 1.1902899496825317, 5.385164807134504
108, 126, 60, 76, 62, 77, -2, -1, -2.677945044588987, 2.23606797749979
108, 127, 504, 573, 503, 578, 1, -5, -1.373400766945016, 5.0990195135927845
108, 128, 400, 328, 401, 325, -1, 3, 1.892546881191539, 3.1622776601683795
108, 129, 39, 399, 38, 398, 1, 1, 0.7853981633974483, 1.4142135623730951
108, 130, 1246, 312, 1243, 310, 3, 2, 0.5880026035475675, 3.605551275463989
108, 131, 1192, 701, 1189, 707, 3, -6, -1.1071487177940904, 6.708203932499369
108, 132, 689, 457, 690, 462, -1, -5, -1.7681918866447774, 5.0990195135927845
108, 133, 932, 101, 933, 101, -1, 0, 3.141592653589793, 1.0
108, 134, 1213, 200, 1214, 199, -1, 1, 2.356194490192345, 1.4142135623730951
108, 135, 408, 337, 409, 333, -1, 4, 1.8157749899217608, 4.123105625617661
108, 136, 923, 102, 924, 102, -1, 0, 3.141592653589793, 1.0
108, 137, 264, 414, 265, 414, -1, 0, 3.141592653589793, 1.0
108, 138, 747, 367, 748, 372, -1, -5, -1.7681918866447774, 5.0990195135927845
108, 139, 78, 135, 79, 135, -1, 0, 3.141592653589793, 1.0
108, 140, 780, 54, 782, 56, -2, -2, -2.356194490192345, 2.8284271247461903
108, 141, 701, 639, 705, 636, -4, 3, 2.498091544796509, 5.0
108, 142, 381, 263, 383, 262, -2, 1, 2.677945044588987, 2.23606797749979
108, 143, 405, 438, 406, 438, -1, 0, 3.141592653589793, 1.0
108, 144, 156, 19, 157, 18, -1, 1, 2.356194490192345, 1.4142135623730951
108, 145, 373, 383, 375, 381, -2, 2, 2.356194490192345, 2.8284271247461903
108, 146, 488, 548, 487, 553, 1, -5, -1.373400766945016, 5.0990195135927845
108, 147, 394, 272, 396, 271, -2, 1, 2.677945044588987, 2.23606797749979
108, 148, 454, 661, 456, 665, -2, -4, -2.0344439357957027, 4.47213595499958
108, 149, 1126, 117, 1126, 118, 0, -1, -1.5707963267948966, 1.0
108, 150, 791, 46, 793, 47, -2, -1, -2.677945044588987, 2.23606797749979
108, 151, 683, 628, 687, 625, -4, 3, 2.498091544796509, 5.0
108, 152, 1099, 316, 1101, 319, -2, -3, -2.158798930342464, 3.605551275463989
108, 153, 1178, 245, 1179, 242, -1, 3, 1.892546881191539, 3.1622776601683795
108, 154, 633, 92, 633, 92, 0, 0, 0.0, 0.0
108, 155, 482, 91, 484, 93, -2, -2, -2.356194490192345, 2.8284271247461903
108, 156, 156, 30, 157, 30, -1, 0, 3.141592653589793, 1.0
108, 157, 385, 347, 387, 345, -2, 2, 2.356194490192345, 2.8284271247461903
108, 158, 1261, 209, 1262, 209, -1, 0, 3.141592653589793, 1.0
108, 159, 1102, 327, 1103, 330, -1, -3, -1.892546881191539, 3.1622776601683795
108, 160, 850, 548, 851, 553, -1, -5, -1.7681918866447774, 5.0990195135927845
108, 161, 494, 189, 496, 191, -2, -2, -2.356194490192345, 2.8284271247461903
108, 162, 772, 186, 772, 186, 0, 0, 0.0, 0.0
108, 163, 671, 204, 673, 202, -2, 2, 2.356194490192345, 2.8284271247461903
108, 164, 1179, 104, 1180, 102, -1, 2, 2.0344439357957027, 2.23606797749979
108, 165, 768, 46, 770, 47, -2, -1, -2.677945044588987, 2.23606797749979
108, 166, 621, 94, 622, 93, -1, 1, 2.356194490192345, 1.4142135623730951
108, 167, 760, 213, 760, 211, 0, 2, 1.5707963267948966, 2.0
108, 168, 174, 55, 174, 57, 0, -2, -1.5707963267948966, 2.0
108, 169, 831, 496, 831, 502, 0, -6, -1.5707963267948966, 6.0
108, 170, 707, 701, 709, 707, -2, -6, -1.892546881191539, 6.324555320336759
108, 171, 1200, 200, 1201, 199, -1, 1, 2.356194490192345, 1.4142135623730951
108, 172, 707, 644, 710, 641, -3, 3, 2.356194490192345, 4.242640687119285
108, 173, 1158, 184, 1160, 183, -2, 1, 2.677945044588987, 2.23606797749979
108, 174, 613, 101, 614, 100, -1, 1, 2.356194490192345, 1.4142135623730951
108, 175, 121, 701, 123, 700, -2, 1, 2.677945044588987, 2.23606797749979
108, 176, 1112, 219, 1116, 223, -4, -4, -2.356194490192345, 5.656854249492381
108, 177, 1235, 352, 1233, 348, 2, 4, 1.1071487177940904, 4.47213595499958
108, 178, 69, 481, 68, 479, 1, 2, 1.1071487177940904, 2.23606797749979
109, 0, 834, 513, 834, 517, 0, -4, -1.5707963267948966, 4.0
109, 1, 805, 535, 805, 539, 0, -4, -1.5707963267948966, 4.0
109, 2, 675, 639, 679, 637, -4, 2, 2.677945044588987, 4.47213595499958
109, 3, 491, 559, 490, 563, 1, -4, -1.3258176636680326, 4.123105625617661
109, 4, 821, 512, 821, 516, 0, -4, -1.5707963267948966, 4.0
109, 5, 176, 34, 177, 34, -1, 0, 3.141592653589793, 1.0
109, 6, 490, 109, 491, 112, -1, -3, -1.892546881191539, 3.1622776601683795
109, 7, 785, 34, 787, 35, -2, -1, -2.677945044588987, 2.23606797749979
109, 8, 805, 561, 804, 565, 1, -4, -1.3258176636680326, 4.123105625617661
109, 9, 1261, 274, 1261, 273, 0, 1, 1.5707963267948966, 1.0
109, 10, 1255, 184, 1255, 184, 0, 0, 0.0, 0.0
109, 11, 883, 38, 886, 39, -3, -1, -2.819842099193151, 3.1622776601683795
109, 12, 62, 628, 65, 624, -3, 4, 2.214297435588181, 5.0
109, 13, 463, 626, 463, 630, 0, -4, -1.5707963267948966, 4.0
109, 14, 766, 153, 766, 152, 0, 1, 1.5707963267948966, 1.0
109, 15, 1110, 229, 1113, 234, -3, -5, -2.1112158270654806, 5.830951894845301
109, 16, 475, 557, 475, 561, 0, -4, -1.5707963267948966, 4.0
109, 17, 1177, 92, 1177, 91, 0, 1, 1.5707963267948966, 1.0
109, 18, 681, 457, 681, 461, 0, -4, -1.5707963267948966, 4.0
109, 19, 694, 456, 696, 461, -2, -5, -1.9513027039072615, 5.385164807134504
109, 20, 443, 643, 444, 647, -1, -4, -1.8157749899217608, 4.123105625617661
109, 21, 806, 201, 807, 203, -1, -2, -2.0344439357957027, 2.23606797749979
109, 22, 1147, 586, 1146, 585, 1, 1, 0.7853981633974483, 1.4142135623730951
109, 23, 450, 613, 450, 618, 0, -5, -1.5707963267948966, 5.0
109, 24, 1077, 275, 1080, 279, -3, -4, -2.214297435588181, 5.0
109, 25, 468, 178, 469, 181, -1, -3, -1.892546881191539, 3.1622776601683795
109, 26, 784, 200, 785, 202, -1, -2, -2.0344439357957027, 2.23606797749979
109, 27, 390, 339, 390, 338, 0, 1, 1.5707963267948966, 1.0
109, 28, 1156, 549, 1156, 545, 0, 4, 1.5707963267948966, 4.0
109, 29, 481, 9, 482, 12, -1, -3, -1.892546881191539, 3.1622776601683795
109, 30, 488, 19, 489, 22, -1, -3, -1.892546881191539, 3.1622776601683795
109, 31, 763, 146, 763, 145, 0, 1, 1.5707963267948966, 1.0
109, 32, 377, 303, 379, 302, -2, 1, 2.677945044588987, 2.23606797749979
109, 33, 168, 88, 167, 88, 1, 0, 0.0, 1.0
109, 34, 877, 30, 880, 31, -3, -1, -2.819842099193151, 3.1622776601683795
109, 35, 437, 639, 437, 643, 0, -4, -1.5707963267948966, 4.0
109, 36, 683, 28, 683, 31, 0, -3, -1.5707963267948966, 3.0
109, 37, 479, 18, 480, 21, -1, -3, -1.892546881191539, 3.1622776601683795
109, 38, 1134, 96, 1134, 96, 0, 0, 0.0, 0.0
109, 39, 160, 90, 159, 89, 1, 1, 0.7853981633974483, 1.4142135623730951
109, 40, 485, 630, 486, 633, -1, -3, -1.892546881191539, 3.1622776601683795
109, 41, 1091, 282, 1094, 286, -3, -4, -2.214297435588181, 5.0
109, 42, 605, 315, 606, 312, -1, 3, 1.892546881191539, 3.1622776601683795
109, 43, 1174, 50, 1173, 50, 1, 0, 0.0, 1.0
109, 44, 787, 26, 789, 27, -2, -1, -2.677945044588987, 2.23606797749979
109, 45, 1133, 701, 1131, 699, 2, 2, 0.7853981633974483, 2.8284271247461903
109, 46, 708, 339, 707, 342, 1, -3, -1.2490457723982544, 3.1622776601683795
109, 47, 675, 198, 677, 196, -2, 2, 2.356194490192345, 2.8284271247461903
109, 48, 685, 214, 686, 212, -1, 2, 2.0344439357957027, 2.23606797749979
109, 49, 667, 502, 668, 506, -1, -4, -1.8157749899217608, 4.123105625617661
109, 50, 399, 352, 400, 351, -1, 1, 2.356194490192345, 1.4142135623730951
109, 51, 499, 117, 500, 120, -1, -3, -1.892546881191539, 3.1622776601683795
109, 52, 475, 165, 476, 168, -1, -3, -1.892546881191539, 3.1622776601683795
109, 53, 408, 396, 411, 391, -3, 5, 2.1112158270654806, 5.830951894845301
109, 54, 1170, 139, 1171, 138, -1, 1, 2.356194490192345, 1.4142135623730951
109, 55, 414, 402, 416, 398, -2, 4, 2.0344439357957027, 4.47213595499958
109, 56, 1214, 240, 1214, 239, 0, 1, 1.5707963267948966, 1.0
109, 57, 488, 84, 489, 86, -1, -2, -2.0344439357957027, 2.23606797749979
109, 58, 754, 153, 754, 152, 0, 1, 1.5707963267948966, 1.0
109, 59, 690, 464, 691, 470, -1, -6, -1.7359450042095235, 6.082762530298219
109, 60, 387, 424, 388, 422, -1, 2, 2.0344439357957027, 2.23606797749979
109, 61, 155, 38, 155, 39, 0, -1, -1.5707963267948966, 1.0
109, 62, 658, 269, 659, 266, -1, 3, 1.892546881191539, 3.1622776601683795
109, 63, 1193, 610, 1189, 608, 4, 2, 0.4636476090008061, 4.47213595499958
109, 64, 811, 623, 812, 628, -1, -5, -1.7681918866447774, 5.0990195135927845
109, 65, 740, 320, 740, 325, 0, -5, -1.5707963267948966, 5.0
109, 66, 1138, 63, 1138, 63, 0, 0, 0.0, 0.0
109, 67, 1098, 233, 1101, 236, -3, -3, -2.356194490192345, 4.242640687119285
109, 68, 743, 352, 743, 357, 0, -5, -1.5707963267948966, 5.0
109, 69, 54, 407, 53, 406, 1, 1, 0.7853981633974483, 1.4142135623730951
109, 70, 874, 43, 876, 44, -2, -1, -2.677945044588987, 2.23606797749979
109, 71, 626, 57, 627, 57, -1, 0, 3.141592653589793, 1.0
109, 72, 1163, 668, 1160, 666, 3, 2, 0.5880026035475675, 3.605551275463989
109, 73, 663, 295, 665, 292, -2, 3, 2.158798930342464, 3.605551275463989
109, 74, 1142, 595, 1141, 593, 1, 2, 1.1071487177940904, 2.23606797749979
109, 75, 484, 144, 485, 147, -1, -3, -1.892546881191539, 3.1622776601683795
109, 76, 690, 629, 694, 626, -4, 3, 2.498091544796509, 5.0
109, 77, 1154, 658, 1149, 657, 5, 1, 0.19739555984988075, 5.0990195135927845
109, 78, 823, 571, 824, 574, -1, -3, -1.892546881191539, 3.1622776601683795
109, 79, 1261, 187, 1261, 187, 0, 0, 0.0, 0.0
109, 80, 689, 551, 689, 556, 0, -5, -1.5707963267948966, 5.0
109, 81, 481, 175, 482, 178, -1, -3, -1.892546881191539, 3.1622776601683795
109, 82, 1161, 650, 1157, 649, 4, 1, 0.24497866312686414, 4.123105625617661
109, 83, 374, 295, 376, 294, -2, 1, 2.677945044588987, 2.23606797749979
109, 84, 672, 291, 673, 290, -1, 1, 2.356194490192345, 1.4142135623730951
109, 85, 720, 412, 722, 418, -2, -6, -1.892546881191539, 6.324555320336759
109, 86, 1241, 336, 1238, 335, 3, 1, 0.3217505543966422, 3.1622776601683795
109, 87, 1134, 124, 1132, 125, 2, -1, -0.4636476090008061, 2.23606797749979
109, 88, 80, 456, 80, 456, 0, 0, 0.0, 0.0
109, 89, 1147, 176, 1148, 176, -1, 0, 3.141592653589793, 1.0
109, 90, 1102, 216, 1105, 220, -3, -4, -2.214297435588181, 5.0
109, 91, 623, 269, 625, 268, -2, 1, 2.677945044588987, 2.23606797749979
109, 92, 1164, 101, 1164, 100, 0, 1, 1.5707963267948966, 1.0
109, 93, 1255, 308, 1252, 307, 3, 1, 0.3217505543966422, 3.1622776601683795
109, 94, 632, 348, 633, 346, -1, 2, 2.0344439357957027, 2.23606797749979
109, 95, 744, 185, 744, 186, 0, -1, -1.5707963267948966, 1.0
109, 96, 40, 413, 39, 412, 1, 1, 0.7853981633974483, 1.4142135623730951
109, 97, 1152, 55, 1152, 55, 0, 0, 0.0, 0.0
109, 98, 680, 208, 682, 206, -2, 2, 2.356194490192345, 2.8284271247461903
109, 99, 802, 528, 802, 532, 0, -4, -1.5707963267948966, 4.0
109, 100, 795, 158, 796, 160, -1, -2, -2.0344439357957027, 2.23606797749979
109, 101, 488, 119, 489, 122, -1, -3, -1.892546881191539, 3.1622776601683795
109, 102, 410, 298, 412, 298, -2, 0, 3.141592653589793, 2.0
109, 103, 67, 498, 65, 496, 2, 2, 0.7853981633974483, 2.8284271247461903
109, 104, 1081, 304, 1082, 306, -1, -2, -2.0344439357957027, 2.23606797749979
109, 105, 802, 166, 803, 168, -1, -2, -2.0344439357957027, 2.23606797749979
109, 106, 712, 693, 714, 692, -2, 1, 2.677945044588987, 2.23606797749979
109, 107, 164, 78, 163, 78, 1, 0, 0.0, 1.0
109, 108, 154, 689, 156, 686, -2, 3, 2.158798930342464, 3.605551275463989
109, 109, 835, 567, 838, 570, -3, -3, -2.356194490192345, 4.242640687119285
109, 110, 125, 701, 128, 696, -3, 5, 2.1112158270654806, 5.830951894845301
109, 111, 1199, 560, 1197, 555, 2, 5, 1.1902899496825317, 5.385164807134504
109, 112, 505, 568, 504, 573, 1, -5, -1.373400766945016, 5.0990195135927845
109, 113, 399, 330, 400, 328, -1, 2, 2.0344439357957027, 2.23606797749979
109, 114, 40, 400, 39, 399, 1, 1, 0.7853981633974483, 1.4142135623730951
109, 115, 1249, 314, 1246, 312, 3, 2, 0.5880026035475675, 3.605551275463989
109, 116, 1195, 701, 1192, 701, 3, 0, 0.0, 3.0
109, 117, 688, 452, 689, 457, -1, -5, -1.7681918866447774, 5.0990195135927845
109, 118, 1213, 201, 1213, 200, 0, 1, 1.5707963267948966, 1.0
109, 119, 407, 340, 408, 337, -1, 3, 1.892546881191539, 3.1622776601683795
109, 120, 747, 362, 747, 367, 0, -5, -1.5707963267948966, 5.0
109, 121, 778, 52, 780, 54, -2, -2, -2.356194490192345, 2.8284271247461903
109, 122, 697, 642, 701, 639, -4, 3, 2.498091544796509, 5.0
109, 123, 380, 264, 381, 263, -1, 1, 2.356194490192345, 1.4142135623730951
109, 124, 155, 19, 156, 19, -1, 0, 3.141592653589793, 1.0
109, 125, 372, 384, 373, 383, -1, 1, 2.356194490192345, 1.4142135623730951
109, 126, 489, 543, 488, 548, 1, -5, -1.373400766945016, 5.0990195135927845
109, 127, 393, 273, 394, 272, -1, 1, 2.356194490192345, 1.4142135623730951
109, 128, 453, 656, 454, 661, -1, -5, -1.7681918866447774, 5.0990195135927845
109, 129, 1126, 115, 1126, 117, 0, -2, -1.5707963267948966, 2.0
109, 130, 789, 45, 791, 46, -2, -1, -2.677945044588987, 2.23606797749979
109, 131, 678, 631, 683, 628, -5, 3, 2.601173153319209, 5.830951894845301
109, 132, 1098, 312, 1099, 316, -1, -4, -1.8157749899217608, 4.123105625617661
109, 133, 1177, 248, 1178, 245, -1, 3, 1.892546881191539, 3.1622776601683795
109, 134, 633, 92, 633, 92, 0, 0, 0.0, 0.0
109, 135, 481, 88, 482, 91, -1, -3, -1.892546881191539, 3.1622776601683795
109, 136, 156, 31, 156, 30, 0, 1, 1.5707963267948966, 1.0
109, 137, 383, 349, 385, 347, -2, 2, 2.356194490192345, 2.8284271247461903
109, 138, 1100, 323, 1102, 327, -2, -4, -2.0344439357957027, 4.47213595499958
109, 139, 850, 543, 850, 548, 0, -5, -1.5707963267948966, 5.0
109, 140, 493, 186, 494, 189, -1, -3, -1.892546881191539, 3.1622776601683795
109, 141, 772, 185, 772, 186, 0, -1, -1.5707963267948966, 1.0
109, 142, 669, 206, 671, 204, -2, 2, 2.356194490192345, 2.8284271247461903
109, 143, 1178, 105, 1179, 104, -1, 1, 2.356194490192345, 1.4142135623730951
109, 144, 620, 94, 621, 94, -1, 0, 3.141592653589793, 1.0
109, 145, 760, 214, 760, 213, 0, 1, 1.5707963267948966, 1.0
109, 146, 174, 52, 174, 55, 0, -3, -1.5707963267948966, 3.0
109, 147, 832, 490, 831, 496, 1, -6, -1.4056476493802699, 6.082762530298219
109, 148, 705, 701, 707, 701, -2, 0, 3.141592653589793, 2.0
109, 149, 1200, 200, 1200, 200, 0, 0, 0.0, 0.0
109, 150, 703, 647, 707, 644, -4, 3, 2.498091544796509, 5.0
109, 151, 1157, 185, 1158, 184, -1, 1, 2.356194490192345, 1.4142135623730951
109, 152, 612, 101, 613, 101, -1, 0, 3.141592653589793, 1.0
109, 153, 119, 701, 121, 701, -2, 0, 3.141592653589793, 2.0
109, 154, 1108, 215, 1112, 219, -4, -4, -2.356194490192345, 5.656854249492381
109, 155, 1238, 355, 1235, 352, 3, 3, 0.7853981633974483, 4.242640687119285
109, 156, 70, 483, 69, 481, 1, 2, 1.1071487177940904, 2.23606797749979
110, 0, 807, 533, 806, 537, 1, -4, -1.3258176636680326, 4.123105625617661
110, 1, 491, 558, 491, 562, 0, -4, -1.5707963267948966, 4.0
110, 2, 836, 510, 836, 514, 0, -4, -1.5707963267948966, 4.0
110, 3, 277, 324, 277, 325, 0, -1, -1.5707963267948966, 1.0
110, 4, 824, 509, 823, 513, 1, -4, -1.3258176636680326, 4.123105625617661
110, 5, 808, 560, 807, 564, 1, -4, -1.3258176636680326, 4.123105625617661
110, 6, 1261, 277, 1272, 274, -11, 3, 2.875340604438868, 11.40175425099138
110, 7, 490, 110, 491, 112, -1, -2, -2.0344439357957027, 2.23606797749979
110, 8, 807, 201, 808, 203, -1, -2, -2.0344439357957027, 2.23606797749979
110, 9, 673, 642, 677, 639, -4, 3, 2.498091544796509, 5.0
110, 10, 177, 34, 177, 34, 0, 0, 0.0, 0.0
110, 11, 445, 643, 445, 647, 0, -4, -1.5707963267948966, 4.0
110, 12, 63, 628, 65, 625, -2, 3, 2.158798930342464, 3.605551275463989
110, 13, 785, 201, 785, 203, 0, -2, -1.5707963267948966, 2.0
110, 14, 464, 625, 464, 629, 0, -4, -1.5707963267948966, 4.0
110, 15, 1093, 282, 1095, 285, -2, -3, -2.158798930342464, 3.605551275463989
110, 16, 451, 613, 451, 617, 0, -4, -1.5707963267948966, 4.0
110, 17, 1256, 185, 1256, 184, 0, 1, 1.5707963267948966, 1.0
110, 18, 868, 9, 870, 10, -2, -1, -2.677945044588987, 2.23606797749979
110, 19, 1111, 229, 1114, 234, -3, -5, -2.1112158270654806, 5.830951894845301
110, 20, 576, 51, 576, 52, 0, -1, -1.5707963267948966, 1.0
110, 21, 489, 23, 490, 26, -1, -3, -1.892546881191539, 3.1622776601683795
110, 22, 476, 556, 476, 560, 0, -4, -1.5707963267948966, 4.0
110, 23, 583, 107, 583, 108, 0, -1, -1.5707963267948966, 1.0
110, 24, 682, 456, 681, 460, 1, -4, -1.3258176636680326, 4.123105625617661
110, 25, 785, 35, 787, 36, -2, -1, -2.677945044588987, 2.23606797749979
110, 26, 696, 455, 698, 460, -2, -5, -1.9513027039072615, 5.385164807134504
110, 27, 1149, 593, 1148, 591, 1, 2, 1.1071487177940904, 2.23606797749979
110, 28, 1170, 141, 1171, 139, -1, 2, 2.0344439357957027, 2.23606797749979
110, 29, 759, 147, 759, 145, 0, 2, 1.5707963267948966, 2.0
110, 30, 481, 9, 482, 12, -1, -3, -1.892546881191539, 3.1622776601683795
110, 31, 581, 35, 581, 36, 0, -1, -1.5707963267948966, 1.0
110, 32, 294, 325, 294, 326, 0, -1, -1.5707963267948966, 1.0
110, 33, 883, 39, 886, 40, -3, -1, -2.819842099193151, 3.1622776601683795
110, 34, 1159, 555, 1160, 551, -1, 4, 1.8157749899217608, 4.123105625617661
110, 35, 330, 362, 330, 363, 0, -1, -1.5707963267948966, 1.0
110, 36, 659, 270, 660, 267, -1, 3, 1.892546881191539, 3.1622776601683795
110, 37, 1215, 240, 1215, 239, 0, 1, 1.5707963267948966, 1.0
110, 38, 767, 155, 767, 153, 0, 2, 1.5707963267948966, 2.0
110, 39, 1079, 274, 1081, 278, -2, -4, -2.0344439357957027, 4.47213595499958
110, 40, 468, 178, 469, 181, -1, -3, -1.892546881191539, 3.1622776601683795
110, 41, 1261, 189, 1262, 188, -1, 1, 2.356194490192345, 1.4142135623730951
110, 42, 1178, 94, 1178, 93, 0, 1, 1.5707963267948966, 1.0
110, 43, 379, 303, 380, 302, -1, 1, 2.356194490192345, 1.4142135623730951
110, 44, 168, 87, 166, 88, 2, -1, -0.4636476090008061, 2.23606797749979
110, 45, 485, 267, 486, 269, -1, -2, -2.0344439357957027, 2.23606797749979
110, 46, 786, 23, 788, 24, -2, -1, -2.677945044588987, 2.23606797749979
110, 47, 685, 216, 686, 213, -1, 3, 1.892546881191539, 3.1622776601683795
110, 48, 667, 501, 668, 505, -1, -4, -1.8157749899217608, 4.123105625617661
110, 49, 755, 154, 755, 152, 0, 2, 1.5707963267948966, 2.0
110, 50, 838, 564, 839, 569, -1, -5, -1.7681918866447774, 5.0990195135927845
110, 51, 438, 638, 437, 642, 1, -4, -1.3258176636680326, 4.123105625617661
110, 52, 480, 18, 481, 21, -1, -3, -1.892546881191539, 3.1622776601683795
110, 53, 489, 86, 490, 88, -1, -2, -2.0344439357957027, 2.23606797749979
110, 54, 878, 31, 881, 32, -3, -1, -2.819842099193151, 3.1622776601683795
110, 55, 475, 166, 476, 168, -1, -2, -2.0344439357957027, 2.23606797749979
110, 56, 115, 693, 116, 690, -1, 3, 1.892546881191539, 3.1622776601683795
110, 57, 398, 352, 399, 351, -1, 1, 2.356194490192345, 1.4142135623730951
110, 58, 709, 339, 709, 342, 0, -3, -1.5707963267948966, 3.0
110, 59, 809, 181, 810, 183, -1, -2, -2.0344439357957027, 2.23606797749979
110, 60, 550, 104, 550, 105, 0, -1, -1.5707963267948966, 1.0
110, 61, 547, 33, 547, 34, 0, -1, -1.5707963267948966, 1.0
110, 62, 413, 403, 415, 400, -2, 3, 2.158798930342464, 3.605551275463989
110, 63, 1133, 96, 1133, 96, 0, 0, 0.0, 0.0
110, 64, 317, 397, 317, 398, 0, -1, -1.5707963267948966, 1.0
110, 65, 406, 342, 407, 341, -1, 1, 2.356194490192345, 1.4142135623730951
110, 66, 1255, 310, 1253, 308, 2, 2, 0.7853981633974483, 2.8284271247461903
110, 67, 874, 43, 876, 44, -2, -1, -2.677945044588987, 2.23606797749979
110, 68, 628, 58, 628, 58, 0, 0, 0.0, 0.0
110, 69, 624, 368, 624, 369, 0, -1, -1.5707963267948966, 1.0
110, 70, 157, 38, 157, 39, 0, -1, -1.5707963267948966, 1.0
110, 71, 676, 200, 678, 197, -2, 3, 2.158798930342464, 3.605551275463989
110, 72, 485, 146, 486, 148, -1, -2, -2.0344439357957027, 2.23606797749979
110, 73, 796, 158, 797, 160, -1, -2, -2.0344439357957027, 2.23606797749979
110, 74, 500, 118, 501, 120, -1, -2, -2.0344439357957027, 2.23606797749979
110, 75, 710, 695, 712, 694, -2, 1, 2.677945044588987, 2.23606797749979
110, 76, 740, 321, 740, 326, 0, -5, -1.5707963267948966, 5.0
110, 77, 1099, 231, 1102, 234, -3, -3, -2.356194490192345, 4.242640687119285
110, 78, 1176, 51, 1175, 51, 1, 0, 0.0, 1.0
110, 79, 489, 120, 490, 122, -1, -2, -2.0344439357957027, 2.23606797749979
110, 80, 84, 456, 83, 454, 1, 2, 1.1071487177940904, 2.23606797749979
110, 81, 329, 371, 329, 372, 0, -1, -1.5707963267948966, 1.0
110, 82, 689, 630, 693, 627, -4, 3, 2.498091544796509, 5.0
110, 83, 384, 346, 385, 344, -1, 2, 2.0344439357957027, 2.23606797749979
110, 84, 1140, 64, 1139, 63, 1, 1, 0.7853981633974483, 1.4142135623730951
110, 85, 1134, 701, 1132, 703, 2, -2, -0.7853981633974483, 2.8284271247461903
110, 86, 452, 654, 453, 659, -1, -5, -1.7681918866447774, 5.0990195135927845
110, 87, 691, 463, 692, 469, -1, -6, -1.7359450042095235, 6.082762530298219
110, 88, 85, 148, 85, 149, 0, -1, -1.5707963267948966, 1.0
110, 89, 86, 510, 86, 510, 0, 0, 0.0, 0.0
110, 90, 619, 270, 620, 269, -1, 1, 2.356194490192345, 1.4142135623730951
110, 91, 55, 409, 54, 407, 1, 2, 1.1071487177940904, 2.23606797749979
110, 92, 41, 415, 39, 413, 2, 2, 0.7853981633974483, 2.8284271247461903
110, 93, 1195, 620, 1192, 619, 3, 1, 0.3217505543966422, 3.1622776601683795
110, 94, 287, 383, 287, 384, 0, -1, -1.5707963267948966, 1.0
110, 95, 672, 40, 672, 41, 0, -1, -1.5707963267948966, 1.0
110, 96, 750, 219, 751, 219, -1, 0, 3.141592653589793, 1.0
110, 97, 1149, 176, 1150, 176, -1, 0, 3.141592653589793, 1.0
110, 98, 1103, 215, 1106, 219, -3, -4, -2.214297435588181, 5.0
110, 99, 388, 439, 389, 437, -1, 2, 2.0344439357957027, 2.23606797749979
110, 100, 485, 179, 486, 181, -1, -2, -2.0344439357957027, 2.23606797749979
110, 101, 678, 207, 680, 204, -2, 3, 2.158798930342464, 3.605551275463989
110, 102, 695, 642, 699, 639, -4, 3, 2.498091544796509, 5.0
110, 103, 301, 390, 301, 391, 0, -1, -1.5707963267948966, 1.0
110, 104, 581, 45, 581, 46, 0, -1, -1.5707963267948966, 1.0
110, 105, 852, 542, 852, 547, 0, -5, -1.5707963267948966, 5.0
110, 106, 1143, 601, 1142, 599, 1, 2, 1.1071487177940904, 2.23606797749979
110, 107, 71, 507, 70, 505, 1, 2, 1.1071487177940904, 2.23606797749979
110, 108, 412, 300, 413, 299, -1, 1, 2.356194490192345, 1.4142135623730951
110, 109, 394, 273, 395, 272, -1, 1, 2.356194490192345, 1.4142135623730951
110, 110, 1153, 56, 1152, 55, 1, 1, 0.7853981633974483, 1.4142135623730951
110, 111, 772, 187, 772, 186, 0, 1, 1.5707963267948966, 1.0
110, 112, 157, 20, 157, 19, 0, 1, 1.5707963267948966, 1.0
110, 113, 686, 701, 687, 711, -1, -10, -1.6704649792860586, 10.04987562112089
110, 114, 272, 330, 272, 331, 0, -1, -1.5707963267948966, 1.0
110, 115, 606, 318, 607, 315, -1, 3, 1.892546881191539, 3.1622776601683795
110, 116, 1127, 116, 1127, 117, 0, -1, -1.5707963267948966, 1.0
110, 117, 287, 366, 287, 367, 0, -1, -1.5707963267948966, 1.0
110, 118, 631, 138, 631, 138, 0, 0, 0.0, 0.0
110, 119, 1164, 102, 1164, 101, 0, 1, 1.5707963267948966, 1.0
110, 120, 670, 207, 671, 204, -1, 3, 1.892546881191539, 3.1622776601683795
110, 121, 688, 453, 689, 458, -1, -5, -1.7681918866447774, 5.0990195135927845
110, 122, 1215, 201, 1215, 200, 0, 1, 1.5707963267948966, 1.0
110, 123, 381, 265, 382, 264, -1, 1, 2.356194490192345, 1.4142135623730951
110, 124, 659, 305, 662, 299, -3, 6, 2.0344439357957027, 6.708203932499369
110, 125, 502, 194, 503, 196, -1, -2, -2.0344439357957027, 2.23606797749979
110, 126, 373, 385, 374, 383, -1, 2, 2.0344439357957027, 2.23606797749979
110, 127, 278, 354, 278, 355, 0, -1, -1.5707963267948966, 1.0
110, 128, 493, 641, 493, 643, 0, -2, -1.5707963267948966, 2.0
110, 129, 104, 701, 105, 708, -1, -7, -1.7126933813990606, 7.0710678118654755
110, 130, 1138, 128, 1137, 128, 1, 0, 0.0, 1.0
110, 131, 481, 86, 482, 88, -1, -2, -2.0344439357957027, 2.23606797749979
110, 132, 803, 166, 803, 168, 0, -2, -1.5707963267948966, 2.0
110, 133, 763, 219, 763, 217, 0, 2, 1.5707963267948966, 2.0
110, 134, 154, 690, 157, 687, -3, 3, 2.356194490192345, 4.242640687119285
110, 135, 811, 621, 812, 627, -1, -6, -1.7359450042095235, 6.082762530298219
110, 136, 405, 436, 405, 437, 0, -1, -1.5707963267948966, 1.0
110, 137, 692, 437, 693, 442, -1, -5, -1.7681918866447774, 5.0990195135927845
110, 138, 743, 352, 744, 357, -1, -5, -1.7681918866447774, 5.0990195135927845
110, 139, 1199, 562, 1198, 557, 1, 5, 1.373400766945016, 5.0990195135927845
110, 140, 1249, 314, 1246, 312, 3, 2, 0.5880026035475675, 3.605551275463989
110, 141, 1099, 322, 1101, 327, -2, -5, -1.9513027039072615, 5.385164807134504
110, 142, 589, 112, 589, 113, 0, -1, -1.5707963267948966, 1.0
110, 143, 76, 149, 76, 150, 0, -1, -1.5707963267948966, 1.0
110, 144, 1242, 362, 1241, 360, 1, 2, 1.1071487177940904, 2.23606797749979
110, 145, 634, 351, 634, 347, 0, 4, 1.5707963267948966, 4.0
110, 146, 483, 691, 484, 695, -1, -4, -1.8157749899217608, 4.123105625617661
110, 147, 495, 45, 496, 49, -1, -4, -1.8157749899217608, 4.123105625617661
110, 148, 391, 339, 391, 338, 0, 1, 1.5707963267948966, 1.0
110, 149, 1257, 366, 1258, 366, -1, 0, 3.141592653589793, 1.0
110, 150, 1177, 248, 1178, 245, -1, 3, 1.892546881191539, 3.1622776601683795
110, 151, 1200, 268, 1199, 265, 1, 3, 1.2490457723982544, 3.1622776601683795
110, 152, 701, 646, 705, 644, -4, 2, 2.677945044588987, 4.47213595499958
110, 153, 41, 401, 39, 399, 2, 2, 0.7853981633974483, 2.8284271247461903
110, 154, 1165, 676, 1162, 673, 3, 3, 0.7853981633974483, 4.242640687119285
110, 155, 378, 409, 379, 407, -1, 2, 2.0344439357957027, 2.23606797749979
110, 156, 684, 31, 684, 31, 0, 0, 0.0, 0.0
110, 157, 486, 628, 486, 632, 0, -4, -1.5707963267948966, 4.0
110, 158, 175, 57, 174, 59, 1, -2, -1.1071487177940904, 2.23606797749979
110, 159, 747, 362, 748, 366, -1, -4, -1.8157749899217608, 4.123105625617661
110, 160, 622, 94, 622, 94, 0, 0, 0.0, 0.0
110, 161, 1159, 89, 1158, 89, 1, 0, 0.0, 1.0
110, 162, 505, 568, 504, 572, 1, -4, -1.3258176636680326, 4.123105625617661
110, 163, 62, 691, 65, 688, -3, 3, 2.356194490192345, 4.242640687119285
110, 164, 790, 46, 792, 47, -2, -1, -2.677945044588987, 2.23606797749979
111, 0, 808, 531, 807, 533, 1, -2, -1.1071487177940904, 2.23606797749979
111, 1, 492, 554, 491, 558, 1, -4, -1.3258176636680326, 4.123105625617661
111, 2, 836, 506, 836, 510, 0, -4, -1.5707963267948966, 4.0
111, 3, 824, 505, 824, 509, 0, -4, -1.5707963267948966, 4.0
111, 4, 808, 554, 808, 560, 0, -6, -1.5707963267948966, 6.0
111, 5, 1261, 280, 1261, 277, 0, 3, 1.5707963267948966, 3.0
111, 6, 489, 108, 490, 110, -1, -2, -2.0344439357957027, 2.23606797749979
111, 7, 805, 198, 807, 201, -2, -3, -2.158798930342464, 3.605551275463989
111, 8, 669, 645, 673, 642, -4, 3, 2.498091544796509, 5.0
111, 9, 176, 34, 177, 34, -1, 0, 3.141592653589793, 1.0
111, 10, 446, 639, 445, 643, 1, -4, -1.3258176636680326, 4.123105625617661
111, 11, 62, 631, 63, 628, -1, 3, 1.892546881191539, 3.1622776601683795
111, 12, 784, 198, 785, 201, -1, -3, -1.892546881191539, 3.1622776601683795
111, 13, 465, 621, 464, 625, 1, -4, -1.3258176636680326, 4.123105625617661
111, 14, 1091, 280, 1093, 282, -2, -2, -2.356194490192345, 2.8284271247461903
111, 15, 451, 608, 451, 613, 0, -5, -1.5707963267948966, 5.0
111, 16, 1256, 186, 1256, 185, 0, 1, 1.5707963267948966, 1.0
111, 17, 1108, 225, 1111, 229, -3, -4, -2.214297435588181, 5.0
111, 18, 488, 20, 489, 23, -1, -3, -1.892546881191539, 3.1622776601683795
111, 19, 476, 552, 476, 556, 0, -4, -1.5707963267948966, 4.0
111, 20, 682, 452, 682, 456, 0, -4, -1.5707963267948966, 4.0
111, 21, 783, 34, 785, 35, -2, -1, -2.677945044588987, 2.23606797749979
111, 22, 695, 450, 696, 455, -1, -5, -1.7681918866447774, 5.0990195135927845
111, 23, 1150, 595, 1149, 593, 1, 2, 1.1071487177940904, 2.23606797749979
111, 24, 1169, 143, 1170, 141, -1, 2, 2.0344439357957027, 2.23606797749979
111, 25, 759, 150, 759, 147, 0, 3, 1.5707963267948966, 3.0
111, 26, 880, 38, 883, 39, -3, -1, -2.819842099193151, 3.1622776601683795
111, 27, 1159, 559, 1159, 555, 0, 4, 1.5707963267948966, 4.0
111, 28, 657, 273, 659, 270, -2, 3, 2.158798930342464, 3.605551275463989
111, 29, 1215, 241, 1215, 240, 0, 1, 1.5707963267948966, 1.0
111, 30, 767, 158, 767, 155, 0, 3, 1.5707963267948966, 3.0
111, 31, 1077, 270, 1079, 274, -2, -4, -2.0344439357957027, 4.47213595499958
111, 32, 467, 175, 468, 178, -1, -3, -1.892546881191539, 3.1622776601683795
111, 33, 1261, 190, 1261, 189, 0, 1, 1.5707963267948966, 1.0
111, 34, 1178, 96, 1178, 94, 0, 2, 1.5707963267948966, 2.0
111, 35, 377, 304, 379, 303, -2, 1, 2.677945044588987, 2.23606797749979
111, 36, 168, 86, 168, 87, 0, -1, -1.5707963267948966, 1.0
111, 37, 484, 264, 485, 267, -1, -3, -1.892546881191539, 3.1622776601683795
111, 38, 784, 22, 786, 23, -2, -1, -2.677945044588987, 2.23606797749979
111, 39, 683, 219, 685, 216, -2, 3, 2.158798930342464, 3.605551275463989
111, 40, 666, 498, 667, 501, -1, -3, -1.892546881191539, 3.1622776601683795
111, 41, 755, 156, 755, 154, 0, 2, 1.5707963267948966, 2.0
111, 42, 838, 558, 838, 564, 0, -6, -1.5707963267948966, 6.0
111, 43, 439, 634, 438, 638, 1, -4, -1.3258176636680326, 4.123105625617661
111, 44, 479, 15, 480, 18, -1, -3, -1.892546881191539, 3.1622776601683795
111, 45, 488, 84, 489, 86, -1, -2, -2.0344439357957027, 2.23606797749979
111, 46, 875, 30, 878, 31, -3, -1, -2.819842099193151, 3.1622776601683795
111, 47, 474, 163, 475, 166, -1, -3, -1.892546881191539, 3.1622776601683795
111, 48, 114, 697, 115, 693, -1, 4, 1.8157749899217608, 4.123105625617661
111, 49, 396, 354, 398, 352, -2, 2, 2.356194490192345, 2.8284271247461903
111, 50, 709, 336, 709, 339, 0, -3, -1.5707963267948966, 3.0
111, 51, 808, 179, 809, 181, -1, -2, -2.0344439357957027, 2.23606797749979
111, 52, 411, 404, 413, 403, -2, 1, 2.677945044588987, 2.23606797749979
111, 53, 1133, 96, 1133, 96, 0, 0, 0.0, 0.0
111, 54, 404, 342, 406, 342, -2, 0, 3.141592653589793, 2.0
111, 55, 1256, 313, 1255, 310, 1, 3, 1.2490457723982544, 3.1622776601683795
111, 56, 872, 42, 874, 43, -2, -1, -2.677945044588987, 2.23606797749979
111, 57, 627, 58, 628, 58, -1, 0, 3.141592653589793, 1.0
111, 58, 156, 38, 157, 38, -1, 0, 3.141592653589793, 1.0
111, 59, 674, 203, 676, 200, -2, 3, 2.158798930342464, 3.605551275463989
111, 60, 484, 144, 485, 146, -1, -2, -2.0344439357957027, 2.23606797749979
111, 61, 795, 155, 796, 158, -1, -3, -1.892546881191539, 3.1622776601683795
111, 62, 499, 116, 500, 118, -1, -2, -2.0344439357957027, 2.23606797749979
111, 63, 709, 696, 710, 695, -1, 1, 2.356194490192345, 1.4142135623730951
111, 64, 740, 316, 740, 321, 0, -5, -1.5707963267948966, 5.0
111, 65, 1096, 228, 1099, 231, -3, -3, -2.356194490192345, 4.242640687119285
111, 66, 1177, 52, 1176, 51, 1, 1, 0.7853981633974483, 1.4142135623730951
111, 67, 488, 118, 489, 120, -1, -2, -2.0344439357957027, 2.23606797749979
111, 68, 85, 458, 84, 456, 1, 2, 1.1071487177940904, 2.23606797749979
111, 69, 685, 633, 689, 630, -4, 3, 2.498091544796509, 5.0
111, 70, 382, 349, 384, 346, -2, 3, 2.158798930342464, 3.605551275463989
111, 71, 1140, 65, 1140, 64, 0, 1, 1.5707963267948966, 1.0
111, 72, 1136, 701, 1134, 701, 2, 0, 0.0, 2.0
111, 73, 452, 649, 452, 654, 0, -5, -1.5707963267948966, 5.0
111, 74, 690, 458, 691, 463, -1, -5, -1.7681918866447774, 5.0990195135927845
111, 75, 86, 511, 86, 510, 0, 1, 1.5707963267948966, 1.0
111, 76, 618, 271, 619, 270, -1, 1, 2.356194490192345, 1.4142135623730951
111, 77, 56, 412, 55, 409, 1, 3, 1.2490457723982544, 3.1622776601683795
111, 78, 42, 418, 41, 415, 1, 3, 1.2490457723982544, 3.1622776601683795
111, 79, 1199, 620, 1195, 620, 4, 0, 0.0, 4.0
111, 80, 671, 38, 672, 40, -1, -2, -2.0344439357957027, 2.23606797749979
111, 81, 750, 219, 750, 219, 0, 0, 0.0, 0.0
111, 82, 1148, 176, 1149, 176, -1, 0, 3.141592653589793, 1.0
111, 83, 1100, 210, 1103, 215, -3, -5, -2.1112158270654806, 5.830951894845301
111, 84, 386, 442, 388, 439, -2, 3, 2.158798930342464, 3.605551275463989
111, 85, 483, 176, 485, 179, -2, -3, -2.158798930342464, 3.605551275463989
111, 86, 676, 210, 678, 207, -2, 3, 2.158798930342464, 3.605551275463989
111, 87, 691, 645, 695, 642, -4, 3, 2.498091544796509, 5.0
111, 88, 580, 43, 581, 45, -1, -2, -2.0344439357957027, 2.23606797749979
111, 89, 852, 537, 852, 542, 0, -5, -1.5707963267948966, 5.0
111, 90, 1144, 604, 1143, 601, 1, 3, 1.2490457723982544, 3.1622776601683795
111, 91, 71, 508, 71, 507, 0, 1, 1.5707963267948966, 1.0
111, 92, 410, 302, 412, 300, -2, 2, 2.356194490192345, 2.8284271247461903
111, 93, 392, 275, 394, 273, -2, 2, 2.356194490192345, 2.8284271247461903
111, 94, 1153, 56, 1153, 56, 0, 0, 0.0, 0.0
111, 95, 771, 188, 772, 187, -1, 1, 2.356194490192345, 1.4142135623730951
111, 96, 156, 20, 157, 20, -1, 0, 3.141592653589793, 1.0
111, 97, 687, 701, 686, 701, 1, 0, 0.0, 1.0
111, 98, 605, 321, 606, 318, -1, 3, 1.892546881191539, 3.1622776601683795
111, 99, 1127, 115, 1127, 116, 0, -1, -1.5707963267948966, 1.0
111, 100, 630, 138, 631, 138, -1, 0, 3.141592653589793, 1.0
111, 101, 1164, 103, 1164, 102, 0, 1, 1.5707963267948966, 1.0
111, 102, 668, 210, 670, 207, -2, 3, 2.158798930342464, 3.605551275463989
111, 103, 687, 448, 688, 453, -1, -5, -1.7681918866447774, 5.0990195135927845
111, 104, 1215, 202, 1215, 201, 0, 1, 1.5707963267948966, 1.0
111, 105, 379, 267, 381, 265, -2, 2, 2.356194490192345, 2.8284271247461903
111, 106, 657, 307, 659, 305, -2, 2, 2.356194490192345, 2.8284271247461903
111, 107, 501, 192, 502, 194, -1, -2, -2.0344439357957027, 2.23606797749979
111, 108, 371, 388, 373, 385, -2, 3, 2.158798930342464, 3.605551275463989
111, 109, 493, 639, 493, 641, 0, -2, -1.5707963267948966, 2.0
111, 110, 101, 701, 104, 701, -3, 0, 3.141592653589793, 3.0
111, 111, 1138, 128, 1138, 128, 0, 0, 0.0, 0.0
111, 112, 480, 84, 481, 86, -1, -2, -2.0344439357957027, 2.23606797749979
111, 113, 802, 164, 803, 166, -1, -2, -2.0344439357957027, 2.23606797749979
111, 114, 763, 221, 763, 219, 0, 2, 1.5707963267948966, 2.0
111, 115, 151, 693, 154, 690, -3, 3, 2.356194490192345, 4.242640687119285
111, 116, 811, 615, 811, 621, 0, -6, -1.5707963267948966, 6.0
111, 117, 404, 436, 405, 436, -1, 0, 3.141592653589793, 1.0
111, 118, 692, 432, 692, 437, 0, -5, -1.5707963267948966, 5.0
111, 119, 742, 348, 743, 352, -1, -4, -1.8157749899217608, 4.123105625617661
111, 120, 1200, 567, 1199, 562, 1, 5, 1.373400766945016, 5.0990195135927845
111, 121, 1250, 317, 1249, 314, 1, 3, 1.2490457723982544, 3.1622776601683795
111, 122, 1096, 317, 1099, 322, -3, -5, -2.1112158270654806, 5.830951894845301
111, 123, 1245, 367, 1242, 362, 3, 5, 1.0303768265243125, 5.830951894845301
111, 124, 633, 355, 634, 351, -1, 4, 1.8157749899217608, 4.123105625617661
111, 125, 482, 686, 483, 691, -1, -5, -1.7681918866447774, 5.0990195135927845
111, 126, 493, 42, 495, 45, -2, -3, -2.158798930342464, 3.605551275463989
111, 127, 390, 340, 391, 339, -1, 1, 2.356194490192345, 1.4142135623730951
111, 128, 1257, 368, 1257, 366, 0, 2, 1.5707963267948966, 2.0
111, 129, 1176, 251, 1177, 248, -1, 3, 1.892546881191539, 3.1622776601683795
111, 130, 1200, 271, 1200, 268, 0, 3, 1.5707963267948966, 3.0
111, 131, 698, 649, 701, 646, -3, 3, 2.356194490192345, 4.242640687119285
111, 132, 42, 404, 41, 401, 1, 3, 1.2490457723982544, 3.1622776601683795
111, 133, 1168, 679, 1165, 676, 3, 3, 0.7853981633974483, 4.242640687119285
111, 134, 377, 413, 378, 409, -1, 4, 1.8157749899217608, 4.123105625617661
111, 135, 487, 623, 486, 628, 1, -5, -1.373400766945016, 5.0990195135927845
111, 136, 176, 55, 175, 57, 1, -2, -1.1071487177940904, 2.23606797749979
111, 137, 746, 359, 747, 362, -1, -3, -1.892546881191539, 3.1622776601683795
111, 138, 621, 94, 622, 94, -1, 0, 3.141592653589793, 1.0
111, 139, 1159, 90, 1159, 89, 0, 1, 1.5707963267948966, 1.0
111, 140, 506, 564, 505, 568, 1, -4, -1.3258176636680326, 4.123105625617661
111, 141, 59, 694, 62, 691, -3, 3, 2.356194490192345, 4.242640687119285
111, 142, 788, 45, 790, 46, -2, -1, -2.677945044588987, 2.23606797749979
112, 0, 811, 529, 808, 531, 3, -2, -0.5880026035475675, 3.605551275463989
112, 1, 837, 504, 837, 507, 0, -3, -1.5707963267948966, 3.0
112, 2, 277, 325, 277, 325, 0, 0, 0.0, 0.0
112, 3, 504, 611, 504, 614, 0, -3, -1.5707963267948966, 3.0
112, 4, 659, 274, 660, 270, -1, 4, 1.8157749899217608, 4.123105625617661
112, 5, 1261, 279, 1274, 277, -13, 2, 2.988943325194528, 13.152946437965905
112, 6, 176, 35, 177, 35, -1, 0, 3.141592653589793, 1.0
112, 7, 301, 347, 301, 348, 0, -1, -1.5707963267948966, 1.0
112, 8, 582, 107, 583, 107, -1, 0, 3.141592653589793, 1.0
112, 9, 489, 108, 491, 111, -2, -3, -2.158798930342464, 3.605551275463989
112, 10, 493, 552, 492, 555, 1, -3, -1.2490457723982544, 3.1622776601683795
112, 11, 448, 635, 445, 639, 3, -4, -0.9272952180016122, 5.0
112, 12, 670, 647, 673, 644, -3, 3, 2.356194490192345, 4.242640687119285
112, 13, 452, 605, 452, 610, 0, -5, -1.5707963267948966, 5.0
112, 14, 824, 502, 824, 506, 0, -4, -1.5707963267948966, 4.0
112, 15, 785, 197, 785, 201, 0, -4, -1.5707963267948966, 4.0
112, 16, 63, 631, 62, 631, 1, 0, 0.0, 1.0
112, 17, 393, 350, 395, 349, -2, 1, 2.677945044588987, 2.23606797749979
112, 18, 1257, 188, 1256, 185, 1, 3, 1.2490457723982544, 3.1622776601683795
112, 19, 376, 306, 378, 303, -2, 3, 2.158798930342464, 3.605551275463989
112, 20, 480, 9, 482, 10, -2, -1, -2.677945044588987, 2.23606797749979
112, 21, 576, 49, 576, 51, 0, -2, -1.5707963267948966, 2.0
112, 22, 1108, 224, 1111, 229, -3, -5, -2.1112158270654806, 5.830951894845301
112, 23, 682, 451, 681, 454, 1, -3, -1.2490457723982544, 3.1622776601683795
112, 24, 1216, 244, 1215, 241, 1, 3, 1.2490457723982544, 3.1622776601683795
112, 25, 477, 550, 478, 553, -1, -3, -1.892546881191539, 3.1622776601683795
112, 26, 761, 151, 760, 148, 1, 3, 1.2490457723982544, 3.1622776601683795
112, 27, 306, 333, 306, 333, 0, 0, 0.0, 0.0
112, 28, 1162, 564, 1162, 560, 0, 4, 1.5707963267948966, 4.0
112, 29, 804, 198, 806, 202, -2, -4, -2.0344439357957027, 4.47213595499958
112, 30, 1090, 280, 1092, 282, -2, -2, -2.356194490192345, 2.8284271247461903
112, 31, 1151, 599, 1150, 600, 1, -1, -0.7853981633974483, 1.4142135623730951
112, 32, 488, 20, 489, 23, -1, -3, -1.892546881191539, 3.1622776601683795
112, 33, 464, 618, 464, 621, 0, -3, -1.5707963267948966, 3.0
112, 34, 1179, 98, 1178, 95, 1, 3, 1.2490457723982544, 3.1622776601683795
112, 35, 769, 158, 768, 155, 1, 3, 1.2490457723982544, 3.1622776601683795
112, 36, 695, 450, 697, 454, -2, -4, -2.0344439357957027, 4.47213595499958
112, 37, 293, 325, 293, 325, 0, 0, 0.0, 0.0
112, 38, 709, 338, 710, 341, -1, -3, -1.892546881191539, 3.1622776601683795
112, 39, 818, 27, 819, 27, -1, 0, 3.141592653589793, 1.0
112, 40, 834, 22, 836, 23, -2, -1, -2.677945044588987, 2.23606797749979
112, 41, 258, 379, 258, 379, 0, 0, 0.0, 0.0
112, 42, 581, 34, 581, 35, 0, -1, -1.5707963267948966, 1.0
112, 43, 440, 631, 438, 634, 2, -3, -0.982793723247329, 3.605551275463989
112, 44, 1261, 192, 1263, 189, -2, 3, 2.158798930342464, 3.605551275463989
112, 45, 879, 40, 883, 40, -4, 0, 3.141592653589793, 4.0
112, 46, 403, 351, 405, 351, -2, 0, 3.141592653589793, 2.0
112, 47, 1171, 144, 1171, 141, 0, 3, 1.5707963267948966, 3.0
112, 48, 490, 85, 491, 87, -1, -2, -2.0344439357957027, 2.23606797749979
112, 49, 705, 482, 705, 482, 0, 0, 0.0, 0.0
112, 50, 673, 203, 676, 200, -3, 3, 2.356194490192345, 4.242640687119285
112, 51, 331, 358, 331, 358, 0, 0, 0.0, 0.0
112, 52, 115, 696, 115, 692, 0, 4, 1.5707963267948966, 4.0
112, 53, 692, 645, 695, 642, -3, 3, 2.356194490192345, 4.242640687119285
112, 54, 266, 343, 266, 344, 0, -1, -1.5707963267948966, 1.0
112, 55, 938, 25, 938, 25, 0, 0, 0.0, 0.0
112, 56, 535, 72, 536, 72, -1, 0, 3.141592653589793, 1.0
112, 57, 247, 411, 247, 411, 0, 0, 0.0, 0.0
112, 58, 478, 16, 480, 19, -2, -3, -2.158798930342464, 3.605551275463989
112, 59, 784, 19, 786, 21, -2, -2, -2.356194490192345, 2.8284271247461903
112, 60, 467, 173, 469, 178, -2, -5, -1.9513027039072615, 5.385164807134504
112, 61, 668, 495, 668, 497, 0, -2, -1.5707963267948966, 2.0
112, 62, 592, 75, 593, 75, -1, 0, 3.141592653589793, 1.0
112, 63, 498, 116, 500, 119, -2, -3, -2.158798930342464, 3.605551275463989
112, 64, 757, 157, 756, 154, 1, 3, 1.2490457723982544, 3.1622776601683795
112, 65, 810, 177, 810, 181, 0, -4, -1.5707963267948966, 4.0
112, 66, 173, 92, 173, 93, 0, -1, -1.5707963267948966, 1.0
112, 67, 623, 369, 624, 369, -1, 0, 3.141592653589793, 1.0
112, 68, 473, 161, 475, 166, -2, -5, -1.9513027039072615, 5.385164807134504
112, 69, 874, 30, 878, 31, -4, -1, -2.896613990462929, 4.123105625617661
112, 70, 547, 32, 547, 33, 0, -1, -1.5707963267948966, 1.0
112, 71, 550, 103, 550, 104, 0, -1, -1.5707963267948966, 1.0
112, 72, 688, 701, 688, 714, 0, -13, -1.5707963267948966, 13.0
112, 73, 484, 175, 485, 179, -1, -4, -1.8157749899217608, 4.123105625617661
112, 74, 1179, 54, 1176, 52, 3, 2, 0.5880026035475675, 3.605551275463989
112, 75, 683, 219, 685, 216, -2, 3, 2.158798930342464, 3.605551275463989
112, 76, 1096, 228, 1099, 231, -3, -3, -2.356194490192345, 4.242640687119285
112, 77, 1255, 313, 1253, 311, 2, 2, 0.7853981633974483, 2.8284271247461903
112, 78, 627, 62, 628, 59, -1, 3, 1.892546881191539, 3.1622776601683795
112, 79, 43, 418, 41, 416, 2, 2, 0.7853981633974483, 2.8284271247461903
112, 80, 1172, 676, 1170, 672, 2, 4, 1.1071487177940904, 4.47213595499958
112, 81, 740, 316, 740, 321, 0, -5, -1.5707963267948966, 5.0
112, 82, 543, 38, 543, 39, 0, -1, -1.5707963267948966, 1.0
112, 83, 691, 458, 692, 463, -1, -5, -1.7681918866447774, 5.0990195135927845
112, 84, 484, 144, 485, 146, -1, -2, -2.0344439357957027, 2.23606797749979
112, 85, 936, 107, 937, 107, -1, 0, 3.141592653589793, 1.0
112, 86, 486, 261, 486, 266, 0, -5, -1.5707963267948966, 5.0
112, 87, 1128, 117, 1127, 117, 1, 0, 0.0, 1.0
112, 88, 1100, 211, 1103, 216, -3, -5, -2.1112158270654806, 5.830951894845301
112, 89, 381, 351, 383, 348, -2, 3, 2.158798930342464, 3.605551275463989
112, 90, 796, 153, 796, 158, 0, -5, -1.5707963267948966, 5.0
112, 91, 487, 117, 489, 120, -2, -3, -2.158798930342464, 3.605551275463989
112, 92, 825, 26, 827, 27, -2, -1, -2.677945044588987, 2.23606797749979
112, 93, 686, 635, 689, 631, -3, 4, 2.214297435588181, 5.0
112, 94, 787, 36, 790, 36, -3, 0, 3.141592653589793, 3.0
112, 95, 328, 372, 329, 372, -1, 0, 3.141592653589793, 1.0
112, 96, 841, 41, 842, 41, -1, 0, 3.141592653589793, 1.0
112, 97, 1186, 292, 1186, 291, 0, 1, 1.5707963267948966, 1.0
112, 98, 693, 534, 693, 541, 0, -7, -1.5707963267948966, 7.0
112, 99, 1138, 99, 1135, 97, 3, 2, 0.5880026035475675, 3.605551275463989
112, 100, 370, 388, 372, 386, -2, 2, 2.356194490192345, 2.8284271247461903
112, 101, 871, 45, 874, 44, -3, 1, 2.819842099193151, 3.1622776601683795
112, 102, 57, 413, 56, 410, 1, 3, 1.2490457723982544, 3.1622776601683795
112, 103, 675, 288, 676, 288, -1, 0, 3.141592653589793, 1.0
112, 104, 1144, 610, 1144, 608, 0, 2, 1.5707963267948966, 2.0
112, 105, 590, 41, 590, 42, 0, -1, -1.5707963267948966, 1.0
112, 106, 672, 39, 672, 40, 0, -1, -1.5707963267948966, 1.0
112, 107, 770, 227, 768, 224, 2, 3, 0.982793723247329, 3.605551275463989
112, 108, 620, 274, 620, 270, 0, 4, 1.5707963267948966, 4.0
112, 109, 330, 412, 330, 412, 0, 0, 0.0, 0.0
112, 110, 84, 149, 85, 149, -1, 0, 3.141592653589793, 1.0
112, 111, 1142, 68, 1140, 65, 2, 3, 0.982793723247329, 3.605551275463989
112, 112, 851, 536, 853, 539, -2, -3, -2.158798930342464, 3.605551275463989
112, 113, 480, 81, 481, 83, -1, -2, -2.0344439357957027, 2.23606797749979
112, 114, 1210, 14, 1211, 14, -1, 0, 3.141592653589793, 1.0
112, 115, 454, 647, 453, 652, 1, -5, -1.373400766945016, 5.0990195135927845
112, 116, 287, 365, 287, 366, 0, -1, -1.5707963267948966, 1.0
112, 117, 161, 41, 161, 40, 0, 1, 1.5707963267948966, 1.0
112, 118, 1261, 223, 1266, 223, -5, 0, 3.141592653589793, 5.0
112, 119, 605, 325, 606, 322, -1, 3, 1.892546881191539, 3.1622776601683795
112, 120, 1098, 314, 1101, 318, -3, -4, -2.214297435588181, 5.0
112, 121, 684, 32, 684, 32, 0, 0, 0.0, 0.0
112, 122, 155, 23, 156, 20, -1, 3, 1.892546881191539, 3.1622776601683795
112, 123, 1149, 175, 1150, 175, -1, 0, 3.141592653589793, 1.0
112, 124, 180, 88, 180, 88, 0, 0, 0.0, 0.0
112, 125, 631, 139, 631, 138, 0, 1, 1.5707963267948966, 1.0
112, 126, 1155, 59, 1153, 57, 2, 2, 0.7853981633974483, 2.8284271247461903
112, 127, 502, 193, 503, 195, -1, -2, -2.0344439357957027, 2.23606797749979
112, 128, 383, 453, 384, 448, -1, 5, 1.7681918866447774, 5.0990195135927845
112, 129, 748, 357, 748, 360, 0, -3, -1.5707963267948966, 3.0
112, 130, 1082, 306, 1083, 306, -1, 0, 3.141592653589793, 1.0
112, 131, 1199, 630, 1198, 631, 1, -1, -0.7853981633974483, 1.4142135623730951
112, 132, 828, 585, 828, 585, 0, 0, 0.0, 0.0
112, 133, 1141, 129, 1140, 127, 1, 2, 1.1071487177940904, 2.23606797749979
112, 134, 257, 372, 257, 372, 0, 0, 0.0, 0.0
112, 135, 751, 219, 751, 219, 0, 0, 0.0, 0.0
112, 136, 589, 113, 590, 113, -1, 0, 3.141592653589793, 1.0
112, 137, 504, 621, 504, 624, 0, -3, -1.5707963267948966, 3.0
112, 138, 1217, 205, 1216, 201, 1, 4, 1.3258176636680326, 4.123105625617661
112, 139, 46, 473, 46, 471, 0, 2, 1.5707963267948966, 2.0
112, 140, 678, 213, 681, 210, -3, 3, 2.356194490192345, 4.242640687119285
112, 141, 380, 270, 381, 266, -1, 4, 1.8157749899217608, 4.123105625617661
112, 142, 623, 134, 623, 133, 0, 1, 1.5707963267948966, 1.0
112, 143, 767, 45, 768, 45, -1, 0, 3.141592653589793, 1.0
112, 144, 391, 276, 394, 274, -3, 2, 2.5535900500422257, 3.605551275463989
112, 145, 281, 346, 281, 347, 0, -1, -1.5707963267948966, 1.0
112, 146, 272, 330, 272, 330, 0, 0, 0.0, 0.0
112, 147, 838, 49, 840, 48, -2, 1, 2.677945044588987, 2.23606797749979
112, 148, 89, 461, 87, 459, 2, 2, 0.7853981633974483, 2.8284271247461903
112, 149, 542, 108, 542, 109, 0, -1, -1.5707963267948966, 1.0
112, 150, 1248, 369, 1250, 372, -2, -3, -2.158798930342464, 3.605551275463989
112, 151, 167, 74, 164, 75, 3, -1, -0.3217505543966422, 3.1622776601683795
112, 152, 1138, 701, 1136, 712, 2, -11, -1.3909428270024184, 11.180339887498949
112, 153, 84, 513, 83, 513, 1, 0, 0.0, 1.0
112, 154, 277, 314, 277, 314, 0, 0, 0.0, 0.0
112, 155, 490, 203, 492, 207, -2, -4, -2.0344439357957027, 4.47213595499958
112, 156, 689, 446, 689, 450, 0, -4, -1.5707963267948966, 4.0
112, 157, 1155, 185, 1156, 184, -1, 1, 2.356194490192345, 1.4142135623730951
112, 158, 278, 354, 278, 355, 0, -1, -1.5707963267948966, 1.0
112, 159, 410, 304, 412, 300, -2, 4, 2.0344439357957027, 4.47213595499958
112, 160, 177, 71, 175, 73, 2, -2, -0.7853981633974483, 2.8284271247461903
112, 161, 1257, 366, 1256, 368, 1, -2, -1.1071487177940904, 2.23606797749979
112, 162, 931, 100, 932, 100, -1, 0, 3.141592653589793, 1.0
112, 163, 1200, 274, 1200, 270, 0, 4, 1.5707963267948966, 4.0
112, 164, 108, 682, 109, 681, -1, 1, 2.356194490192345, 1.4142135623730951
112, 165, 58, 76, 60, 76, -2, 0, 3.141592653589793, 2.0
112, 166, 772, 192, 772, 188, 0, 4, 1.5707963267948966, 4.0
112, 167, 804, 21, 805, 21, -1, 0, 3.141592653589793, 1.0
112, 168, 581, 43, 581, 45, 0, -2, -1.5707963267948966, 2.0
112, 169, 803, 163, 803, 167, 0, -4, -1.5707963267948966, 4.0
112, 170, 493, 641, 492, 642, 1, -1, -0.7853981633974483, 1.4142135623730951
112, 171, 1195, 280, 1195, 277, 0, 3, 1.5707963267948966, 3.0
112, 172, 622, 96, 622, 94, 0, 2, 1.5707963267948966, 2.0
112, 173, 1248, 346, 1247, 345, 1, 1, 0.7853981633974483, 1.4142135623730951
112, 174, 377, 414, 378, 410, -1, 4, 1.8157749899217608, 4.123105625617661
112, 175, 840, 555, 840, 560, 0, -5, -1.5707963267948966, 5.0
112, 176, 43, 405, 41, 402, 2, 3, 0.982793723247329, 3.605551275463989
112, 177, 75, 149, 76, 149, -1, 0, 3.141592653589793, 1.0
112, 178, 77, 519, 77, 518, 0, 1, 1.5707963267948966, 1.0
112, 179, 1203, 569, 1202, 566, 1, 3, 1.2490457723982544, 3.1622776601683795
112, 180, 924, 101, 924, 101, 0, 0, 0.0, 0.0
112, 181, 790, 46, 792, 46, -2, 0, 3.141592653589793, 2.0
112, 182, 77, 135, 78, 135, -1, 0, 3.141592653589793, 1.0
112, 183, 1245, 321, 1242, 321, 3, 0, 0.0, 3.0
112, 184, 667, 210, 669, 207, -2, 3, 2.158798930342464, 3.605551275463989
112, 185, 633, 96, 633, 93, 0, 3, 1.5707963267948966, 3.0
112, 186, 634, 354, 635, 353, -1, 1, 2.356194490192345, 1.4142135623730951
112, 187, 326, 381, 327, 381, -1, 0, 3.141592653589793, 1.0
112, 188, 508, 563, 505, 566, 3, -3, -0.7853981633974483, 4.242640687119285
112, 189, 813, 607, 813, 618, 0, -11, -1.5707963267948966, 11.0
112, 190, 1107, 211, 1110, 216, -3, -5, -2.1112158270654806, 5.830951894845301
112, 191, 1261, 214, 1262, 212, -1, 2, 2.0344439357957027, 2.23606797749979
112, 192, 372, 406, 373, 402, -1, 4, 1.8157749899217608, 4.123105625617661
112, 193, 1184, 560, 1182, 557, 2, 3, 0.982793723247329, 3.605551275463989
112, 194, 153, 695, 155, 692, -2, 3, 2.158798930342464, 3.605551275463989
112, 195, 1200, 10, 1201, 10, -1, 0, 3.141592653589793, 1.0
112, 196, 57, 699, 60, 695, -3, 4, 2.214297435588181, 5.0
112, 197, 462, 558, 464, 562, -2, -4, -2.0344439357957027, 4.47213595499958
112, 198, 155, 60, 155, 58, 0, 2, 1.5707963267948966, 2.0
112, 199, 693, 430, 693, 435, 0, -5, -1.5707963267948966, 5.0
112, 200, 746, 12, 748, 15, -2, -3, -2.158798930342464, 3.605551275463989
112, 201, 1195, 596, 1194, 593, 1, 3, 1.2490457723982544, 3.1622776601683795
112, 202, 1180, 108, 1180, 106, 0, 2, 1.5707963267948966, 2.0
112, 203, 813, 19, 814, 19, -1, 0, 3.141592653589793, 1.0
112, 204, 154, 45, 154, 43, 0, 2, 1.5707963267948966, 2.0
112, 205, 406, 410, 409, 409, -3, 1, 2.819842099193151, 3.1622776601683795
112, 206, 490, 536, 490, 540, 0, -4, -1.5707963267948966, 4.0
113, 0, 812, 528, 811, 529, 1, -1, -0.7853981633974483, 1.4142135623730951
113, 1, 837, 500, 837, 504, 0, -4, -1.5707963267948966, 4.0
113, 2, 505, 603, 504, 611, 1, -8, -1.446441332248135, 8.06225774829855
113, 3, 658, 277, 659, 274, -1, 3, 1.892546881191539, 3.1622776601683795
113, 4, 1261, 282, 1261, 279, 0, 3, 1.5707963267948966, 3.0
113, 5, 176, 34, 176, 35, 0, -1, -1.5707963267948966, 1.0
113, 6, 488, 106, 489, 108, -1, -2, -2.0344439357957027, 2.23606797749979
113, 7, 492, 547, 493, 552, -1, -5, -1.7681918866447774, 5.0990195135927845
113, 8, 450, 631, 448, 635, 2, -4, -1.1071487177940904, 4.47213595499958
113, 9, 667, 651, 670, 647, -3, 4, 2.214297435588181, 5.0
113, 10, 452, 600, 452, 605, 0, -5, -1.5707963267948966, 5.0
113, 11, 824, 498, 824, 502, 0, -4, -1.5707963267948966, 4.0
113, 12, 785, 195, 785, 197, 0, -2, -1.5707963267948966, 2.0
113, 13, 62, 635, 63, 631, -1, 4, 1.8157749899217608, 4.123105625617661
113, 14, 391, 352, 393, 350, -2, 2, 2.356194490192345, 2.8284271247461903
113, 15, 1257, 189, 1257, 188, 0, 1, 1.5707963267948966, 1.0
113, 16, 375, 308, 376, 306, -1, 2, 2.0344439357957027, 2.23606797749979
113, 17, 576, 48, 576, 49, 0, -1, -1.5707963267948966, 1.0
113, 18, 1106, 220, 1108, 224, -2, -4, -2.0344439357957027, 4.47213595499958
113, 19, 682, 446, 682, 451, 0, -5, -1.5707963267948966, 5.0
113, 20, 1216, 246, 1216, 244, 0, 2, 1.5707963267948966, 2.0
113, 21, 476, 546, 477, 550, -1, -4, -1.8157749899217608, 4.123105625617661
113, 22, 762, 154, 761, 151, 1, 3, 1.2490457723982544, 3.1622776601683795
113, 23, 1162, 568, 1162, 564, 0, 4, 1.5707963267948966, 4.0
113, 24, 804, 195, 804, 198, 0, -3, -1.5707963267948966, 3.0
113, 25, 1153, 602, 1151, 599, 2, 3, 0.982793723247329, 3.605551275463989
113, 26, 465, 615, 464, 618, 1, -3, -1.2490457723982544, 3.1622776601683795
113, 27, 1180, 99, 1179, 98, 1, 1, 0.7853981633974483, 1.4142135623730951
113, 28, 770, 161, 769, 158, 1, 3, 1.2490457723982544, 3.1622776601683795
113, 29, 694, 445, 695, 450, -1, -5, -1.7681918866447774, 5.0990195135927845
113, 30, 708, 336, 709, 338, -1, -2, -2.0344439357957027, 2.23606797749979
113, 31, 441, 627, 440, 631, 1, -4, -1.3258176636680326, 4.123105625617661
113, 32, 1261, 193, 1261, 192, 0, 1, 1.5707963267948966, 1.0
113, 33, 877, 39, 879, 40, -2, -1, -2.677945044588987, 2.23606797749979
113, 34, 400, 351, 403, 351, -3, 0, 3.141592653589793, 3.0
113, 35, 1171, 145, 1171, 144, 0, 1, 1.5707963267948966, 1.0
113, 36, 489, 83, 490, 85, -1, -2, -2.0344439357957027, 2.23606797749979
113, 37, 705, 481, 705, 482, 0, -1, -1.5707963267948966, 1.0
113, 38, 671, 205, 673, 203, -2, 2, 2.356194490192345, 2.8284271247461903
113, 39, 115, 701, 115, 696, 0, 5, 1.5707963267948966, 5.0
113, 40, 689, 649, 692, 645, -3, 4, 2.214297435588181, 5.0
113, 41, 535, 72, 535, 72, 0, 0, 0.0, 0.0
113, 42, 783, 16, 784, 19, -1, -3, -1.892546881191539, 3.1622776601683795
113, 43, 466, 169, 467, 173, -1, -4, -1.8157749899217608, 4.123105625617661
113, 44, 667, 492, 668, 495, -1, -3, -1.892546881191539, 3.1622776601683795
113, 45, 497, 114, 498, 116, -1, -2, -2.0344439357957027, 2.23606797749979
113, 46, 758, 160, 757, 157, 1, 3, 1.2490457723982544, 3.1622776601683795
113, 47, 810, 173, 810, 177, 0, -4, -1.5707963267948966, 4.0
113, 48, 173, 92, 173, 92, 0, 0, 0.0, 0.0
113, 49, 622, 369, 623, 369, -1, 0, 3.141592653589793, 1.0
113, 50, 472, 157, 473, 161, -1, -4, -1.8157749899217608, 4.123105625617661
113, 51, 872, 29, 874, 30, -2, -1, -2.677945044588987, 2.23606797749979
113, 52, 550, 102, 550, 103, 0, -1, -1.5707963267948966, 1.0
113, 53, 685, 701, 688, 701, -3, 0, 3.141592653589793, 3.0
113, 54, 484, 172, 484, 175, 0, -3, -1.5707963267948966, 3.0
113, 55, 1180, 55, 1179, 54, 1, 1, 0.7853981633974483, 1.4142135623730951
113, 56, 681, 222, 683, 219, -2, 3, 2.158798930342464, 3.605551275463989
113, 57, 1094, 225, 1096, 228, -2, -3, -2.158798930342464, 3.605551275463989
113, 58, 1257, 316, 1255, 313, 2, 3, 0.982793723247329, 3.605551275463989
113, 59, 627, 64, 627, 62, 0, 2, 1.5707963267948966, 2.0
113, 60, 44, 421, 43, 418, 1, 3, 1.2490457723982544, 3.1622776601683795
113, 61, 1174, 681, 1172, 676, 2, 5, 1.1902899496825317, 5.385164807134504
113, 62, 740, 311, 740, 316, 0, -5, -1.5707963267948966, 5.0
113, 63, 690, 452, 691, 458, -1, -6, -1.7359450042095235, 6.082762530298219
113, 64, 483, 142, 484, 144, -1, -2, -2.0344439357957027, 2.23606797749979
113, 65, 485, 256, 486, 261, -1, -5, -1.7681918866447774, 5.0990195135927845
113, 66, 1129, 117, 1128, 117, 1, 0, 0.0, 1.0
113, 67, 1098, 207, 1100, 211, -2, -4, -2.0344439357957027, 4.47213595499958
113, 68, 379, 354, 381, 351, -2, 3, 2.158798930342464, 3.605551275463989
113, 69, 796, 149, 796, 153, 0, -4, -1.5707963267948966, 4.0
113, 70, 486, 115, 487, 117, -1, -2, -2.0344439357957027, 2.23606797749979
113, 71, 683, 639, 686, 635, -3, 4, 2.214297435588181, 5.0
113, 72, 785, 36, 787, 36, -2, 0, 3.141592653589793, 2.0
113, 73, 1185, 293, 1186, 292, -1, 1, 2.356194490192345, 1.4142135623730951
113, 74, 693, 531, 693, 534, 0, -3, -1.5707963267948966, 3.0
113, 75, 1139, 100, 1138, 99, 1, 1, 0.7853981633974483, 1.4142135623730951
113, 76, 368, 391, 370, 388, -2, 3, 2.158798930342464, 3.605551275463989
113, 77, 870, 45, 871, 45, -1, 0, 3.141592653589793, 1.0
113, 78, 58, 417, 57, 413, 1, 4, 1.3258176636680326, 4.123105625617661
113, 79, 674, 288, 675, 288, -1, 0, 3.141592653589793, 1.0
113, 80, 1146, 614, 1144, 610, 2, 4, 1.1071487177940904, 4.47213595499958
113, 81, 672, 38, 672, 39, 0, -1, -1.5707963267948966, 1.0
113, 82, 770, 230, 770, 227, 0, 3, 1.5707963267948966, 3.0
113, 83, 620, 276, 620, 274, 0, 2, 1.5707963267948966, 2.0
113, 84, 1143, 68, 1142, 68, 1, 0, 0.0, 1.0
113, 85, 851, 530, 851, 536, 0, -6, -1.5707963267948966, 6.0
113, 86, 480, 78, 480, 81, 0, -3, -1.5707963267948966, 3.0
113, 87, 455, 642, 454, 647, 1, -5, -1.373400766945016, 5.0990195135927845
113, 88, 160, 41, 161, 41, -1, 0, 3.141592653589793, 1.0
113, 89, 1260, 223, 1261, 223, -1, 0, 3.141592653589793, 1.0
113, 90, 604, 327, 605, 325, -1, 2, 2.0344439357957027, 2.23606797749979
113, 91, 1093, 311, 1098, 314, -5, -3, -2.601173153319209, 5.830951894845301
113, 92, 684, 31, 684, 32, 0, -1, -1.5707963267948966, 1.0
113, 93, 154, 24, 155, 23, -1, 1, 2.356194490192345, 1.4142135623730951
113, 94, 181, 87, 180, 88, 1, -1, -0.7853981633974483, 1.4142135623730951
113, 95, 630, 140, 631, 139, -1, 1, 2.356194490192345, 1.4142135623730951
113, 96, 1156, 59, 1155, 59, 1, 0, 0.0, 1.0
113, 97, 501, 190, 502, 193, -1, -3, -1.892546881191539, 3.1622776601683795
113, 98, 382, 456, 383, 453, -1, 3, 1.892546881191539, 3.1622776601683795
113, 99, 748, 353, 748, 357, 0, -4, -1.5707963267948966, 4.0
113, 100, 1202, 634, 1199, 630, 3, 4, 0.9272952180016122, 5.0
113, 101, 828, 584, 828, 585, 0, -1, -1.5707963267948966, 1.0
113, 102, 1141, 130, 1141, 129, 0, 1, 1.5707963267948966, 1.0
113, 103, 504, 619, 504, 621, 0, -2, -1.5707963267948966, 2.0
113, 104, 1217, 207, 1217, 205, 0, 2, 1.5707963267948966, 2.0
113, 105, 47, 475, 46, 473, 1, 2, 1.1071487177940904, 2.23606797749979
113, 106, 676, 216, 678, 213, -2, 3, 2.158798930342464, 3.605551275463989
113, 107, 379, 273, 380, 270, -1, 3, 1.892546881191539, 3.1622776601683795
113, 108, 623, 135, 623, 134, 0, 1, 1.5707963267948966, 1.0
113, 109, 389, 279, 391, 276, -2, 3, 2.158798930342464, 3.605551275463989
113, 110, 837, 49, 838, 49, -1, 0, 3.141592653589793, 1.0
113, 111, 90, 464, 89, 461, 1, 3, 1.2490457723982544, 3.1622776601683795
113, 112, 542, 107, 542, 108, 0, -1, -1.5707963267948966, 1.0
113, 113, 1249, 369, 1248, 369, 1, 0, 0.0, 1.0
113, 114, 169, 74, 167, 74, 2, 0, 0.0, 2.0
113, 115, 1140, 701, 1138, 701, 2, 0, 0.0, 2.0
113, 116, 84, 513, 84, 513, 0, 0, 0.0, 0.0
113, 117, 488, 198, 490, 203, -2, -5, -1.9513027039072615, 5.385164807134504
113, 118, 689, 441, 689, 446, 0, -5, -1.5707963267948966, 5.0
113, 119, 1154, 185, 1155, 185, -1, 0, 3.141592653589793, 1.0
113, 120, 409, 307, 410, 304, -1, 3, 1.892546881191539, 3.1622776601683795
113, 121, 179, 71, 177, 71, 2, 0, 0.0, 2.0
113, 122, 1258, 366, 1257, 366, 1, 0, 0.0, 1.0
113, 123, 1200, 278, 1200, 274, 0, 4, 1.5707963267948966, 4.0
113, 124, 107, 685, 108, 682, -1, 3, 1.892546881191539, 3.1622776601683795
113, 125, 772, 195, 772, 192, 0, 3, 1.5707963267948966, 3.0
113, 126, 581, 42, 581, 43, 0, -1, -1.5707963267948966, 1.0
113, 127, 803, 159, 803, 163, 0, -4, -1.5707963267948966, 4.0
113, 128, 1195, 284, 1195, 280, 0, 4, 1.5707963267948966, 4.0
113, 129, 622, 97, 622, 96, 0, 1, 1.5707963267948966, 1.0
113, 130, 1249, 346, 1248, 346, 1, 0, 0.0, 1.0
113, 131, 375, 418, 377, 414, -2, 4, 2.0344439357957027, 4.47213595499958
113, 132, 840, 550, 840, 555, 0, -5, -1.5707963267948966, 5.0
113, 133, 45, 409, 43, 405, 2, 4, 1.1071487177940904, 4.47213595499958
113, 134, 77, 519, 77, 519, 0, 0, 0.0, 0.0
113, 135, 1205, 573, 1203, 569, 2, 4, 1.1071487177940904, 4.47213595499958
113, 136, 789, 46, 790, 46, -1, 0, 3.141592653589793, 1.0
113, 137, 76, 135, 77, 135, -1, 0, 3.141592653589793, 1.0
113, 138, 1247, 325, 1245, 321, 2, 4, 1.1071487177940904, 4.47213595499958
113, 139, 665, 213, 667, 210, -2, 3, 2.158798930342464, 3.605551275463989
113, 140, 632, 98, 633, 96, -1, 2, 2.0344439357957027, 2.23606797749979
113, 141, 633, 355, 634, 354, -1, 1, 2.356194490192345, 1.4142135623730951
113, 142, 509, 559, 508, 563, 1, -4, -1.3258176636680326, 4.123105625617661
113, 143, 814, 599, 813, 607, 1, -8, -1.446441332248135, 8.06225774829855
113, 144, 1105, 207, 1107, 211, -2, -4, -2.0344439357957027, 4.47213595499958
113, 145, 1260, 216, 1261, 214, -1, 2, 2.0344439357957027, 2.23606797749979
113, 146, 370, 410, 372, 406, -2, 4, 2.0344439357957027, 4.47213595499958
113, 147, 1186, 563, 1184, 560, 2, 3, 0.982793723247329, 3.605551275463989
113, 148, 150, 698, 153, 695, -3, 3, 2.356194490192345, 4.242640687119285
113, 149, 54, 701, 57, 699, -3, 2, 2.5535900500422257, 3.605551275463989
113, 150, 461, 554, 462, 558, -1, -4, -1.8157749899217608, 4.123105625617661
113, 151, 155, 61, 155, 60, 0, 1, 1.5707963267948966, 1.0
113, 152, 693, 425, 693, 430, 0, -5, -1.5707963267948966, 5.0
113, 153, 745, 10, 746, 12, -1, -2, -2.0344439357957027, 2.23606797749979
113, 154, 1196, 599, 1195, 596, 1, 3, 1.2490457723982544, 3.1622776601683795
113, 155, 1180, 109, 1180, 108, 0, 1, 1.5707963267948966, 1.0
113, 156, 812, 19, 813, 19, -1, 0, 3.141592653589793, 1.0
113, 157, 153, 46, 154, 45, -1, 1, 2.356194490192345, 1.4142135623730951
113, 158, 403, 411, 406, 410, -3, 1, 2.819842099193151, 3.1622776601683795
113, 159, 489, 531, 490, 536, -1, -5, -1.7681918866447774, 5.0990195135927845
114, 0, 376, 311, 377, 308, -1, 3, 1.892546881191539, 3.1622776601683795
114, 1, 839, 490, 839, 495, 0, -5, -1.5707963267948966, 5.0
114, 2, 806, 520, 806, 521, 0, -1, -1.5707963267948966, 1.0
114, 3, 492, 539, 493, 544, -1, -5, -1.7681918866447774, 5.0990195135927845
114, 4, 688, 652, 691, 649, -3, 3, 2.356194490192345, 4.242640687119285
114, 5, 1157, 626, 1155, 623, 2, 3, 0.982793723247329, 3.605551275463989
114, 6, 1215, 248, 1216, 245, -1, 3, 1.892546881191539, 3.1622776601683795
114, 7, 681, 440, 681, 445, 0, -5, -1.5707963267948966, 5.0
114, 8, 1158, 617, 1156, 614, 2, 3, 0.982793723247329, 3.605551275463989
114, 9, 478, 537, 479, 541, -1, -4, -1.8157749899217608, 4.123105625617661
114, 10, 488, 105, 490, 108, -2, -3, -2.158798930342464, 3.605551275463989
114, 11, 61, 647, 61, 644, 0, 3, 1.5707963267948966, 3.0
114, 12, 1170, 576, 1169, 573, 1, 3, 1.2490457723982544, 3.1622776601683795
114, 13, 550, 101, 550, 102, 0, -1, -1.5707963267948966, 1.0
114, 14, 833, 27, 835, 28, -2, -1, -2.677945044588987, 2.23606797749979
114, 15, 826, 490, 826, 494, 0, -4, -1.5707963267948966, 4.0
114, 16, 665, 654, 668, 650, -3, 4, 2.214297435588181, 5.0
114, 17, 455, 592, 455, 597, 0, -5, -1.5707963267948966, 5.0
114, 18, 292, 326, 293, 326, -1, 0, 3.141592653589793, 1.0
114, 19, 53, 701, 57, 711, -4, -10, -1.9513027039072615, 10.770329614269007
114, 20, 391, 363, 394, 361, -3, 2, 2.5535900500422257, 3.605551275463989
114, 21, 783, 16, 784, 19, -1, -3, -1.892546881191539, 3.1622776601683795
114, 22, 696, 440, 697, 445, -1, -5, -1.7681918866447774, 5.0990195135927845
114, 23, 542, 108, 542, 109, 0, -1, -1.5707963267948966, 1.0
114, 24, 450, 622, 448, 626, 2, -4, -1.1071487177940904, 4.47213595499958
114, 25, 305, 333, 306, 333, -1, 0, 3.141592653589793, 1.0
114, 26, 1106, 220, 1109, 224, -3, -4, -2.214297435588181, 5.0
114, 27, 486, 17, 488, 19, -2, -2, -2.356194490192345, 2.8284271247461903
114, 28, 1257, 189, 1258, 188, -1, 1, 2.356194490192345, 1.4142135623730951
114, 29, 118, 701, 118, 703, 0, -2, -1.5707963267948966, 2.0
114, 30, 468, 605, 467, 607, 1, -2, -1.1071487177940904, 2.23606797749979
114, 31, 762, 156, 761, 153, 1, 3, 1.2490457723982544, 3.1622776601683795
114, 32, 709, 337, 710, 340, -1, -3, -1.892546881191539, 3.1622776601683795
114, 33, 876, 39, 879, 40, -3, -1, -2.819842099193151, 3.1622776601683795
114, 34, 770, 163, 769, 160, 1, 3, 1.2490457723982544, 3.1622776601683795
114, 35, 74, 701, 74, 710, 0, -9, -1.5707963267948966, 9.0
114, 36, 490, 85, 491, 87, -1, -2, -2.0344439357957027, 2.23606797749979
114, 37, 804, 196, 805, 199, -1, -3, -1.892546881191539, 3.1622776601683795
114, 38, 443, 617, 441, 621, 2, -4, -1.1071487177940904, 4.47213595499958
114, 39, 496, 114, 498, 117, -2, -3, -2.158798930342464, 3.605551275463989
114, 40, 316, 397, 317, 397, -1, 0, 3.141592653589793, 1.0
114, 41, 1151, 629, 1149, 627, 2, 2, 0.7853981633974483, 2.8284271247461903
114, 42, 671, 207, 674, 205, -3, 2, 2.5535900500422257, 3.605551275463989
114, 43, 1076, 261, 1077, 265, -1, -4, -1.8157749899217608, 4.123105625617661
114, 44, 658, 279, 659, 276, -1, 3, 1.892546881191539, 3.1622776601683795
114, 45, 1172, 146, 1172, 145, 0, 1, 1.5707963267948966, 1.0
114, 46, 1261, 193, 1264, 192, -3, 1, 2.819842099193151, 3.1622776601683795
114, 47, 368, 395, 370, 392, -2, 3, 2.158798930342464, 3.605551275463989
114, 48, 691, 486, 691, 491, 0, -5, -1.5707963267948966, 5.0
114, 49, 477, 15, 479, 17, -2, -2, -2.356194490192345, 2.8284271247461903
114, 50, 1180, 98, 1179, 97, 1, 1, 0.7853981633974483, 1.4142135623730951
114, 51, 51, 477, 50, 474, 1, 3, 1.2490457723982544, 3.1622776601683795
114, 52, 626, 63, 627, 61, -1, 2, 2.0344439357957027, 2.23606797749979
114, 53, 465, 168, 467, 173, -2, -5, -1.9513027039072615, 5.385164807134504
114, 54, 634, 375, 635, 371, -1, 4, 1.8157749899217608, 4.123105625617661
114, 55, 679, 223, 682, 221, -3, 2, 2.5535900500422257, 3.605551275463989
114, 56, 1257, 321, 1256, 318, 1, 3, 1.2490457723982544, 3.1622776601683795
114, 57, 576, 48, 577, 50, -1, -2, -2.0344439357957027, 2.23606797749979
114, 58, 758, 162, 757, 159, 1, 3, 1.2490457723982544, 3.1622776601683795
114, 59, 1098, 206, 1100, 210, -2, -4, -2.0344439357957027, 4.47213595499958
114, 60, 660, 679, 663, 676, -3, 3, 2.356194490192345, 4.242640687119285
114, 61, 839, 40, 841, 41, -2, -1, -2.677945044588987, 2.23606797749979
114, 62, 535, 69, 536, 69, -1, 0, 3.141592653589793, 1.0
114, 63, 473, 156, 474, 161, -1, -5, -1.7681918866447774, 5.0990195135927845
114, 64, 872, 31, 875, 32, -3, -1, -2.819842099193151, 3.1622776601683795
114, 65, 704, 482, 704, 483, 0, -1, -1.5707963267948966, 1.0
114, 66, 201, 82, 198, 84, 3, -2, -0.5880026035475675, 3.605551275463989
114, 67, 181, 74, 180, 74, 1, 0, 0.0, 1.0
114, 68, 502, 190, 503, 193, -1, -3, -1.892546881191539, 3.1622776601683795
114, 69, 486, 256, 487, 262, -1, -6, -1.7359450042095235, 6.082762530298219
114, 70, 738, 305, 739, 310, -1, -5, -1.7681918866447774, 5.0990195135927845
114, 71, 178, 31, 179, 31, -1, 0, 3.141592653589793, 1.0
114, 72, 1179, 55, 1178, 54, 1, 1, 0.7853981633974483, 1.4142135623730951
114, 73, 690, 449, 691, 454, -1, -5, -1.7681918866447774, 5.0990195135927845
114, 74, 747, 344, 748, 347, -1, -3, -1.892546881191539, 3.1622776601683795
114, 75, 1199, 299, 1199, 294, 0, 5, 1.5707963267948966, 5.0
114, 76, 1142, 67, 1142, 67, 0, 0, 0.0, 0.0
114, 77, 620, 277, 620, 274, 0, 3, 1.5707963267948966, 3.0
114, 78, 169, 74, 168, 75, 1, -1, -0.7853981633974483, 1.4142135623730951
114, 79, 61, 421, 60, 417, 1, 4, 1.3258176636680326, 4.123105625617661
114, 80, 622, 97, 622, 96, 0, 1, 1.5707963267948966, 1.0
114, 81, 1156, 648, 1155, 647, 1, 1, 0.7853981633974483, 1.4142135623730951
114, 82, 81, 527, 80, 526, 1, 1, 0.7853981633974483, 1.4142135623730951
114, 83, 46, 427, 45, 424, 1, 3, 1.2490457723982544, 3.1622776601683795
114, 84, 787, 35, 789, 36, -2, -1, -2.677945044588987, 2.23606797749979
114, 85, 623, 369, 624, 368, -1, 1, 2.356194490192345, 1.4142135623730951
114, 86, 681, 643, 684, 639, -3, 4, 2.214297435588181, 5.0
114, 87, 795, 150, 796, 154, -1, -4, -1.8157749899217608, 4.123105625617661
114, 88, 1095, 221, 1097, 225, -2, -4, -2.0344439357957027, 4.47213595499958
114, 89, 834, 45, 836, 46, -2, -1, -2.677945044588987, 2.23606797749979
114, 90, 173, 92, 173, 93, 0, -1, -1.5707963267948966, 1.0
114, 91, 68, 701, 67, 712, 1, -11, -1.4801364395941514, 11.045361017187261
114, 92, 153, 48, 154, 47, -1, 1, 2.356194490192345, 1.4142135623730951
114, 93, 1138, 99, 1137, 98, 1, 1, 0.7853981633974483, 1.4142135623730951
114, 94, 674, 288, 675, 288, -1, 0, 3.141592653589793, 1.0
114, 95, 769, 43, 771, 45, -2, -2, -2.356194490192345, 2.8284271247461903
114, 96, 391, 448, 391, 449, 0, -1, -1.5707963267948966, 1.0
114, 97, 1216, 207, 1217, 204, -1, 3, 1.892546881191539, 3.1622776601683795
114, 98, 1142, 129, 1142, 129, 0, 0, 0.0, 0.0
114, 99, 1261, 225, 1266, 224, -5, 1, 2.9441970937399127, 5.0990195135927845
114, 100, 482, 141, 484, 144, -2, -3, -2.158798930342464, 3.605551275463989
114, 101, 457, 634, 456, 639, 1, -5, -1.373400766945016, 5.0990195135927845
114, 102, 642, 322, 643, 322, -1, 0, 3.141592653589793, 1.0
114, 103, 1155, 58, 1155, 58, 0, 0, 0.0, 0.0
114, 104, 1088, 293, 1090, 295, -2, -2, -2.356194490192345, 2.8284271247461903
114, 105, 155, 23, 156, 23, -1, 0, 3.141592653589793, 1.0
114, 106, 828, 584, 828, 585, 0, -1, -1.5707963267948966, 1.0
114, 107, 286, 366, 287, 366, -1, 0, 3.141592653589793, 1.0
114, 108, 379, 358, 381, 355, -2, 3, 2.158798930342464, 3.605551275463989
114, 109, 694, 422, 694, 427, 0, -5, -1.5707963267948966, 5.0
114, 110, 485, 170, 486, 173, -1, -3, -1.892546881191539, 3.1622776601683795
114, 111, 673, 214, 676, 212, -3, 2, 2.5535900500422257, 3.605551275463989
114, 112, 378, 274, 380, 271, -2, 3, 2.158798930342464, 3.605551275463989
114, 113, 391, 283, 393, 279, -2, 4, 2.0344439357957027, 4.47213595499958
114, 114, 408, 309, 410, 306, -2, 3, 2.158798930342464, 3.605551275463989
114, 115, 482, 74, 483, 76, -1, -2, -2.0344439357957027, 2.23606797749979
114, 116, 151, 701, 153, 698, -2, 3, 2.158798930342464, 3.605551275463989
114, 117, 855, 522, 855, 527, 0, -5, -1.5707963267948966, 5.0
114, 118, 785, 195, 785, 197, 0, -2, -1.5707963267948966, 2.0
114, 119, 489, 645, 491, 645, -2, 0, 3.141592653589793, 2.0
114, 120, 57, 75, 59, 76, -2, -1, -2.677945044588987, 2.23606797749979
114, 121, 487, 116, 489, 119, -2, -3, -2.158798930342464, 3.605551275463989
114, 122, 1105, 207, 1107, 211, -2, -4, -2.0344439357957027, 4.47213595499958
114, 123, 1129, 116, 1129, 116, 0, 0, 0.0, 0.0
114, 124, 1143, 104, 1142, 103, 1, 1, 0.7853981633974483, 1.4142135623730951
114, 125, 1207, 646, 1205, 643, 2, 3, 0.982793723247329, 3.605551275463989
114, 126, 1247, 333, 1246, 329, 1, 4, 1.3258176636680326, 4.123105625617661
114, 127, 690, 437, 690, 442, 0, -5, -1.5707963267948966, 5.0
114, 128, 814, 542, 813, 544, 1, -2, -1.1071487177940904, 2.23606797749979
114, 129, 1160, 639, 1158, 638, 2, 1, 0.4636476090008061, 2.23606797749979
114, 130, 810, 173, 810, 177, 0, -4, -1.5707963267948966, 4.0
114, 131, 108, 692, 109, 689, -1, 3, 1.892546881191539, 3.1622776601683795
114, 132, 606, 333, 606, 331, 0, 2, 1.5707963267948966, 2.0
114, 133, 1092, 303, 1095, 305, -3, -2, -2.5535900500422257, 3.605551275463989
114, 134, 517, 606, 515, 614, 2, -8, -1.3258176636680326, 8.246211251235321
114, 135, 746, 12, 747, 14, -1, -2, -2.0344439357957027, 2.23606797749979
114, 136, 802, 160, 803, 163, -1, -3, -1.892546881191539, 3.1622776601683795
114, 137, 791, 230, 792, 233, -1, -3, -1.892546881191539, 3.1622776601683795
114, 138, 632, 98, 633, 96, -1, 2, 2.0344439357957027, 2.23606797749979
114, 139, 621, 146, 622, 144, -1, 2, 2.0344439357957027, 2.23606797749979
114, 140, 46, 414, 45, 410, 1, 4, 1.3258176636680326, 4.123105625617661
114, 141, 385, 356, 388, 353, -3, 3, 2.356194490192345, 4.242640687119285
114, 142, 814, 590, 814, 596, 0, -6, -1.5707963267948966, 6.0
114, 143, 404, 437, 405, 437, -1, 0, 3.141592653589793, 1.0
114, 144, 1180, 111, 1180, 110, 0, 1, 1.5707963267948966, 1.0
114, 145, 46, 470, 45, 467, 1, 3, 1.2490457723982544, 3.1622776601683795
114, 146, 1171, 98, 1170, 97, 1, 1, 0.7853981633974483, 1.4142135623730951
114, 147, 784, 185, 784, 185, 0, 0, 0.0, 0.0
114, 148, 672, 36, 672, 38, 0, -2, -1.5707963267948966, 2.0
114, 149, 1212, 200, 1213, 197, -1, 3, 1.892546881191539, 3.1622776601683795
114, 150, 729, 391, 730, 393, -1, -2, -2.0344439357957027, 2.23606797749979
114, 151, 1261, 392, 1264, 388, -3, 4, 2.214297435588181, 5.0
114, 152, 1203, 208, 1204, 205, -1, 3, 1.892546881191539, 3.1622776601683795
114, 153, 369, 412, 371, 409, -2, 3, 2.158798930342464, 3.605551275463989
114, 154, 1261, 20, 1262, 19, -1, 1, 2.356194490192345, 1.4142135623730951
114, 155, 837, 471, 837, 477, 0, -6, -1.5707963267948966, 6.0
114, 156, 1175, 687, 1175, 683, 0, 4, 1.5707963267948966, 4.0
114, 157, 664, 214, 667, 212, -3, 2, 2.5535900500422257, 3.605551275463989
114, 158, 472, 616, 471, 616, 1, 0, 0.0, 1.0
114, 159, 290, 377, 291, 377, -1, 0, 3.141592653589793, 1.0
114, 160, 1224, 242, 1224, 239, 0, 3, 1.5707963267948966, 3.0
114, 161, 630, 139, 631, 138, -1, 1, 2.356194490192345, 1.4142135623730951
114, 162, 507, 551, 506, 555, 1, -4, -1.3258176636680326, 4.123105625617661
114, 163, 463, 546, 464, 550, -1, -4, -1.8157749899217608, 4.123105625617661
114, 164, 238, 320, 239, 320, -1, 0, 3.141592653589793, 1.0
114, 165, 92, 469, 91, 466, 1, 3, 1.2490457723982544, 3.1622776601683795
114, 166, 488, 196, 490, 201, -2, -5, -1.9513027039072615, 5.385164807134504
114, 167, 1183, 255, 1183, 255, 0, 0, 0.0, 0.0
114, 168, 507, 584, 507, 593, 0, -9, -1.5707963267948966, 9.0
114, 169, 490, 524, 491, 529, -1, -5, -1.7681918866447774, 5.0990195135927845
115, 0, 375, 314, 376, 311, -1, 3, 1.892546881191539, 3.1622776601683795
115, 1, 839, 485, 839, 490, 0, -5, -1.5707963267948966, 5.0
115, 2, 806, 520, 806, 520, 0, 0, 0.0, 0.0
115, 3, 492, 534, 492, 539, 0, -5, -1.5707963267948966, 5.0
115, 4, 685, 656, 688, 652, -3, 4, 2.214297435588181, 5.0
115, 5, 1159, 628, 1157, 626, 2, 2, 0.7853981633974483, 2.8284271247461903
115, 6, 1214, 251, 1215, 248, -1, 3, 1.892546881191539, 3.1622776601683795
115, 7, 681, 435, 681, 440, 0, -5, -1.5707963267948966, 5.0
115, 8, 1161, 620, 1158, 617, 3, 3, 0.7853981633974483, 4.242640687119285
115, 9, 477, 533, 478, 537, -1, -4, -1.8157749899217608, 4.123105625617661
115, 10, 486, 102, 488, 105, -2, -3, -2.158798930342464, 3.605551275463989
115, 11, 61, 650, 61, 647, 0, 3, 1.5707963267948966, 3.0
115, 12, 1171, 579, 1170, 576, 1, 3, 1.2490457723982544, 3.1622776601683795
115, 13, 550, 100, 550, 101, 0, -1, -1.5707963267948966, 1.0
115, 14, 826, 486, 826, 490, 0, -4, -1.5707963267948966, 4.0
115, 15, 663, 658, 665, 654, -2, 4, 2.0344439357957027, 4.47213595499958
115, 16, 456, 587, 455, 592, 1, -5, -1.373400766945016, 5.0990195135927845
115, 17, 51, 701, 53, 701, -2, 0, 3.141592653589793, 2.0
115, 18, 388, 366, 391, 363, -3, 3, 2.356194490192345, 4.242640687119285
115, 19, 782, 14, 783, 16, -1, -2, -2.0344439357957027, 2.23606797749979
115, 20, 696, 435, 696, 440, 0, -5, -1.5707963267948966, 5.0
115, 21, 542, 107, 542, 108, 0, -1, -1.5707963267948966, 1.0
115, 22, 453, 619, 450, 622, 3, -3, -0.7853981633974483, 4.242640687119285
115, 23, 305, 332, 305, 333, 0, -1, -1.5707963267948966, 1.0
115, 24, 1105, 216, 1106, 220, -1, -4, -1.8157749899217608, 4.123105625617661
115, 25, 485, 15, 486, 17, -1, -2, -2.0344439357957027, 2.23606797749979
115, 26, 1256, 190, 1257, 189, -1, 1, 2.356194490192345, 1.4142135623730951
115, 27, 118, 701, 118, 701, 0, 0, 0.0, 0.0
115, 28, 470, 604, 468, 605, 2, -1, -0.4636476090008061, 2.23606797749979
115, 29, 764, 158, 762, 156, 2, 2, 0.7853981633974483, 2.8284271247461903
115, 30, 708, 335, 709, 337, -1, -2, -2.0344439357957027, 2.23606797749979
115, 31, 873, 38, 876, 39, -3, -1, -2.819842099193151, 3.1622776601683795
115, 32, 772, 165, 770, 163, 2, 2, 0.7853981633974483, 2.8284271247461903
115, 33, 73, 701, 74, 701, -1, 0, 3.141592653589793, 1.0
115, 34, 490, 83, 490, 85, 0, -2, -1.5707963267948966, 2.0
115, 35, 804, 192, 804, 196, 0, -4, -1.5707963267948966, 4.0
115, 36, 445, 614, 443, 617, 2, -3, -0.982793723247329, 3.605551275463989
115, 37, 494, 111, 496, 114, -2, -3, -2.158798930342464, 3.605551275463989
115, 38, 316, 396, 316, 397, 0, -1, -1.5707963267948966, 1.0
115, 39, 1154, 631, 1151, 629, 3, 2, 0.5880026035475675, 3.605551275463989
115, 40, 669, 208, 671, 207, -2, 1, 2.677945044588987, 2.23606797749979
115, 41, 1075, 257, 1076, 261, -1, -4, -1.8157749899217608, 4.123105625617661
115, 42, 657, 280, 658, 279, -1, 1, 2.356194490192345, 1.4142135623730951
115, 43, 1172, 146, 1172, 146, 0, 0, 0.0, 0.0
115, 44, 1261, 194, 1261, 193, 0, 1, 1.5707963267948966, 1.0
115, 45, 366, 398, 368, 395, -2, 3, 2.158798930342464, 3.605551275463989
115, 46, 691, 482, 691, 486, 0, -4, -1.5707963267948966, 4.0
115, 47, 476, 13, 477, 15, -1, -2, -2.0344439357957027, 2.23606797749979
115, 48, 1181, 99, 1180, 98, 1, 1, 0.7853981633974483, 1.4142135623730951
115, 49, 53, 480, 51, 477, 2, 3, 0.982793723247329, 3.605551275463989
115, 50, 625, 65, 626, 63, -1, 2, 2.0344439357957027, 2.23606797749979
115, 51, 464, 163, 465, 168, -1, -5, -1.7681918866447774, 5.0990195135927845
115, 52, 634, 378, 634, 375, 0, 3, 1.5707963267948966, 3.0
115, 53, 677, 224, 679, 223, -2, 1, 2.677945044588987, 2.23606797749979
115, 54, 1259, 324, 1257, 321, 2, 3, 0.982793723247329, 3.605551275463989
115, 55, 576, 46, 576, 48, 0, -2, -1.5707963267948966, 2.0
115, 56, 760, 164, 758, 162, 2, 2, 0.7853981633974483, 2.8284271247461903
115, 57, 1097, 202, 1098, 206, -1, -4, -1.8157749899217608, 4.123105625617661
115, 58, 657, 683, 660, 679, -3, 4, 2.214297435588181, 5.0
115, 59, 535, 69, 535, 69, 0, 0, 0.0, 0.0
115, 60, 472, 151, 473, 156, -1, -5, -1.7681918866447774, 5.0990195135927845
115, 61, 870, 30, 872, 31, -2, -1, -2.677945044588987, 2.23606797749979
115, 62, 704, 481, 704, 482, 0, -1, -1.5707963267948966, 1.0
115, 63, 205, 81, 201, 82, 4, -1, -0.24497866312686414, 4.123105625617661
115, 64, 184, 72, 181, 74, 3, -2, -0.5880026035475675, 3.605551275463989
115, 65, 502, 187, 502, 190, 0, -3, -1.5707963267948966, 3.0
115, 66, 486, 252, 486, 256, 0, -4, -1.5707963267948966, 4.0
115, 67, 738, 301, 738, 305, 0, -4, -1.5707963267948966, 4.0
115, 68, 177, 31, 178, 31, -1, 0, 3.141592653589793, 1.0
115, 69, 1181, 55, 1179, 55, 2, 0, 0.0, 2.0
115, 70, 690, 444, 690, 449, 0, -5, -1.5707963267948966, 5.0
115, 71, 746, 341, 747, 344, -1, -3, -1.892546881191539, 3.1622776601683795
115, 72, 1200, 304, 1199, 299, 1, 5, 1.373400766945016, 5.0990195135927845
115, 73, 1143, 67, 1142, 67, 1, 0, 0.0, 1.0
115, 74, 620, 280, 620, 277, 0, 3, 1.5707963267948966, 3.0
115, 75, 171, 73, 169, 74, 2, -1, -0.4636476090008061, 2.23606797749979
115, 76, 63, 425, 61, 421, 2, 4, 1.1071487177940904, 4.47213595499958
115, 77, 622, 98, 622, 97, 0, 1, 1.5707963267948966, 1.0
115, 78, 1158, 652, 1156, 648, 2, 4, 1.1071487177940904, 4.47213595499958
115, 79, 84, 528, 81, 527, 3, 1, 0.3217505543966422, 3.1622776601683795
115, 80, 48, 430, 46, 427, 2, 3, 0.982793723247329, 3.605551275463989
115, 81, 622, 369, 623, 369, -1, 0, 3.141592653589793, 1.0
115, 82, 679, 647, 681, 643, -2, 4, 2.0344439357957027, 4.47213595499958
115, 83, 795, 146, 795, 150, 0, -4, -1.5707963267948966, 4.0
115, 84, 1093, 217, 1095, 221, -2, -4, -2.0344439357957027, 4.47213595499958
115, 85, 174, 91, 173, 92, 1, -1, -0.7853981633974483, 1.4142135623730951
115, 86, 67, 701, 68, 701, -1, 0, 3.141592653589793, 1.0
115, 87, 152, 48, 153, 48, -1, 0, 3.141592653589793, 1.0
115, 88, 1140, 100, 1138, 99, 2, 1, 0.4636476090008061, 2.23606797749979
115, 89, 768, 41, 769, 43, -1, -2, -2.0344439357957027, 2.23606797749979
115, 90, 391, 446, 391, 448, 0, -2, -1.5707963267948966, 2.0
115, 91, 1216, 210, 1216, 207, 0, 3, 1.5707963267948966, 3.0
115, 92, 1142, 129, 1142, 129, 0, 0, 0.0, 0.0
115, 93, 1261, 227, 1261, 225, 0, 2, 1.5707963267948966, 2.0
115, 94, 481, 138, 482, 141, -1, -3, -1.892546881191539, 3.1622776601683795
115, 95, 459, 630, 457, 634, 2, -4, -1.1071487177940904, 4.47213595499958
115, 96, 642, 323, 642, 322, 0, 1, 1.5707963267948966, 1.0
115, 97, 1156, 58, 1155, 58, 1, 0, 0.0, 1.0
115, 98, 1087, 291, 1088, 293, -1, -2, -2.0344439357957027, 2.23606797749979
115, 99, 154, 23, 155, 23, -1, 0, 3.141592653589793, 1.0
115, 100, 828, 582, 828, 584, 0, -2, -1.5707963267948966, 2.0
115, 101, 286, 365, 286, 366, 0, -1, -1.5707963267948966, 1.0
115, 102, 377, 361, 379, 358, -2, 3, 2.158798930342464, 3.605551275463989
115, 103, 694, 417, 694, 422, 0, -5, -1.5707963267948966, 5.0
115, 104, 484, 166, 485, 170, -1, -4, -1.8157749899217608, 4.123105625617661
115, 105, 671, 215, 673, 214, -2, 1, 2.677945044588987, 2.23606797749979
115, 106, 377, 277, 378, 274, -1, 3, 1.892546881191539, 3.1622776601683795
115, 107, 390, 286, 391, 283, -1, 3, 1.892546881191539, 3.1622776601683795
115, 108, 407, 312, 408, 309, -1, 3, 1.892546881191539, 3.1622776601683795
115, 109, 482, 73, 482, 74, 0, -1, -1.5707963267948966, 1.0
115, 110, 150, 701, 151, 701, -1, 0, 3.141592653589793, 1.0
115, 111, 855, 517, 855, 522, 0, -5, -1.5707963267948966, 5.0
115, 112, 786, 194, 785, 195, 1, -1, -0.7853981633974483, 1.4142135623730951
115, 113, 485, 113, 487, 116, -2, -3, -2.158798930342464, 3.605551275463989
115, 114, 1104, 203, 1105, 207, -1, -4, -1.8157749899217608, 4.123105625617661
115, 115, 1130, 116, 1129, 116, 1, 0, 0.0, 1.0
115, 116, 1144, 105, 1143, 104, 1, 1, 0.7853981633974483, 1.4142135623730951
115, 117, 1209, 650, 1207, 646, 2, 4, 1.1071487177940904, 4.47213595499958
115, 118, 1249, 336, 1247, 333, 2, 3, 0.982793723247329, 3.605551275463989
115, 119, 690, 432, 690, 437, 0, -5, -1.5707963267948966, 5.0
115, 120, 816, 540, 814, 542, 2, -2, -0.7853981633974483, 2.8284271247461903
115, 121, 1163, 640, 1160, 639, 3, 1, 0.3217505543966422, 3.1622776601683795
115, 122, 810, 168, 810, 173, 0, -5, -1.5707963267948966, 5.0
115, 123, 108, 696, 108, 692, 0, 4, 1.5707963267948966, 4.0
115, 124, 606, 334, 606, 333, 0, 1, 1.5707963267948966, 1.0
115, 125, 1090, 301, 1092, 303, -2, -2, -2.356194490192345, 2.8284271247461903
115, 126, 518, 598, 517, 606, 1, -8, -1.446441332248135, 8.06225774829855
115, 127, 745, 10, 746, 12, -1, -2, -2.0344439357957027, 2.23606797749979
115, 128, 802, 156, 802, 160, 0, -4, -1.5707963267948966, 4.0
115, 129, 790, 226, 791, 230, -1, -4, -1.8157749899217608, 4.123105625617661
115, 130, 632, 100, 632, 98, 0, 2, 1.5707963267948966, 2.0
115, 131, 621, 148, 621, 146, 0, 2, 1.5707963267948966, 2.0
115, 132, 48, 418, 46, 414, 2, 4, 1.1071487177940904, 4.47213595499958
115, 133, 382, 359, 385, 356, -3, 3, 2.356194490192345, 4.242640687119285
115, 134, 815, 583, 814, 590, 1, -7, -1.4288992721907328, 7.0710678118654755
115, 135, 404, 437, 404, 437, 0, 0, 0.0, 0.0
115, 136, 1180, 111, 1180, 111, 0, 0, 0.0, 0.0
115, 137, 48, 473, 46, 470, 2, 3, 0.982793723247329, 3.605551275463989
115, 138, 1172, 99, 1171, 98, 1, 1, 0.7853981633974483, 1.4142135623730951
115, 139, 784, 185, 784, 185, 0, 0, 0.0, 0.0
115, 140, 673, 33, 672, 36, 1, -3, -1.2490457723982544, 3.1622776601683795
115, 141, 1212, 203, 1212, 200, 0, 3, 1.5707963267948966, 3.0
115, 142, 729, 389, 729, 391, 0, -2, -1.5707963267948966, 2.0
115, 143, 1261, 395, 1261, 392, 0, 3, 1.5707963267948966, 3.0
115, 144, 1203, 211, 1203, 208, 0, 3, 1.5707963267948966, 3.0
115, 145, 367, 415, 369, 412, -2, 3, 2.158798930342464, 3.605551275463989
115, 146, 1261, 20, 1261, 20, 0, 0, 0.0, 0.0
115, 147, 837, 465, 837, 471, 0, -6, -1.5707963267948966, 6.0
115, 148, 1176, 690, 1175, 687, 1, 3, 1.2490457723982544, 3.1622776601683795
115, 149, 662, 215, 664, 214, -2, 1, 2.677945044588987, 2.23606797749979
115, 150, 474, 617, 472, 616, 2, 1, 0.4636476090008061, 2.23606797749979
115, 151, 290, 376, 290, 377, 0, -1, -1.5707963267948966, 1.0
115, 152, 1224, 245, 1224, 242, 0, 3, 1.5707963267948966, 3.0
115, 153, 630, 140, 630, 139, 0, 1, 1.5707963267948966, 1.0
115, 154, 509, 548, 507, 551, 2, -3, -0.982793723247329, 3.605551275463989
115, 155, 463, 541, 463, 546, 0, -5, -1.5707963267948966, 5.0
115, 156, 238, 319, 238, 320, 0, -1, -1.5707963267948966, 1.0
115, 157, 94, 471, 92, 469, 2, 2, 0.7853981633974483, 2.8284271247461903
115, 158, 487, 191, 488, 196, -1, -5, -1.7681918866447774, 5.0990195135927845
115, 159, 1183, 255, 1183, 255, 0, 0, 0.0, 0.0
115, 160, 507, 577, 507, 584, 0, -7, -1.5707963267948966, 7.0
115, 161, 490, 518, 490, 524, 0, -6, -1.5707963267948966, 6.0
116, 0, 260, 347, 260, 348, 0, -1, -1.5707963267948966, 1.0
116, 1, 1108, 262, 1108, 264, 0, -2, -1.5707963267948966, 2.0
116, 2, 685, 658, 688, 654, -3, 4, 2.214297435588181, 5.0
116, 3, 301, 346, 301, 347, 0, -1, -1.5707963267948966, 1.0
116, 4, 840, 482, 840, 487, 0, -5, -1.5707963267948966, 5.0
116, 5, 376, 314, 377, 312, -1, 2, 2.0344439357957027, 2.23606797749979
116, 6, 551, 99, 551, 100, 0, -1, -1.5707963267948966, 1.0
116, 7, 1215, 252, 1215, 248, 0, 4, 1.5707963267948966, 4.0
116, 8, 493, 532, 493, 537, 0, -5, -1.5707963267948966, 5.0
116, 9, 827, 482, 827, 486, 0, -4, -1.5707963267948966, 4.0
116, 10, 806, 527, 806, 526, 0, 1, 1.5707963267948966, 1.0
116, 11, 455, 614, 452, 618, 3, -4, -0.9272952180016122, 5.0
116, 12, 682, 435, 682, 439, 0, -4, -1.5707963267948966, 4.0
116, 13, 875, 41, 877, 42, -2, -1, -2.677945044588987, 2.23606797749979
116, 14, 487, 103, 488, 106, -1, -3, -1.892546881191539, 3.1622776601683795
116, 15, 1174, 582, 1173, 579, 1, 3, 1.2490457723982544, 3.1622776601683795
116, 16, 1161, 623, 1159, 621, 2, 2, 0.7853981633974483, 2.8284271247461903
116, 17, 1105, 218, 1107, 221, -2, -3, -2.158798930342464, 3.605551275463989
116, 18, 61, 657, 61, 654, 0, 3, 1.5707963267948966, 3.0
116, 19, 300, 364, 300, 364, 0, 0, 0.0, 0.0
116, 20, 783, 15, 784, 17, -1, -2, -2.0344439357957027, 2.23606797749979
116, 21, 542, 107, 542, 108, 0, -1, -1.5707963267948966, 1.0
116, 22, 692, 481, 692, 485, 0, -4, -1.5707963267948966, 4.0
116, 23, 583, 106, 583, 107, 0, -1, -1.5707963267948966, 1.0
116, 24, 1258, 192, 1258, 190, 0, 2, 1.5707963267948966, 2.0
116, 25, 1075, 255, 1076, 259, -1, -4, -1.8157749899217608, 4.123105625617661
116, 26, 773, 164, 771, 163, 2, 1, 0.4636476090008061, 2.23606797749979
116, 27, 543, 37, 543, 38, 0, -1, -1.5707963267948966, 1.0
116, 28, 479, 531, 479, 536, 0, -5, -1.5707963267948966, 5.0
116, 29, 250, 341, 250, 342, 0, -1, -1.5707963267948966, 1.0
116, 30, 293, 325, 293, 326, 0, -1, -1.5707963267948966, 1.0
116, 31, 257, 378, 257, 379, 0, -1, -1.5707963267948966, 1.0
116, 32, 252, 392, 252, 393, 0, -1, -1.5707963267948966, 1.0
116, 33, 657, 685, 659, 681, -2, 4, 2.0344439357957027, 4.47213595499958
116, 34, 486, 17, 487, 19, -1, -2, -2.0344439357957027, 2.23606797749979
116, 35, 590, 40, 590, 41, 0, -1, -1.5707963267948966, 1.0
116, 36, 306, 331, 306, 332, 0, -1, -1.5707963267948966, 1.0
116, 37, 119, 701, 120, 711, -1, -10, -1.6704649792860586, 10.04987562112089
116, 38, 496, 111, 497, 114, -1, -3, -1.892546881191539, 3.1622776601683795
116, 39, 761, 163, 759, 162, 2, 1, 0.4636476090008061, 2.23606797749979
116, 40, 330, 361, 330, 362, 0, -1, -1.5707963267948966, 1.0
116, 41, 389, 368, 391, 365, -2, 3, 2.158798930342464, 3.605551275463989
116, 42, 447, 610, 445, 613, 2, -3, -0.982793723247329, 3.605551275463989
116, 43, 458, 584, 457, 589, 1, -5, -1.373400766945016, 5.0990195135927845
116, 44, 664, 661, 666, 656, -2, 5, 1.9513027039072615, 5.385164807134504
116, 45, 466, 164, 467, 169, -1, -5, -1.7681918866447774, 5.0990195135927845
116, 46, 657, 279, 658, 278, -1, 1, 2.356194490192345, 1.4142135623730951
116, 47, 266, 343, 266, 344, 0, -1, -1.5707963267948966, 1.0
116, 48, 698, 438, 698, 442, 0, -4, -1.5707963267948966, 4.0
116, 49, 828, 540, 828, 542, 0, -2, -1.5707963267948966, 2.0
116, 50, 765, 157, 763, 156, 2, 1, 0.4636476090008061, 2.23606797749979
116, 51, 1098, 204, 1099, 207, -1, -3, -1.892546881191539, 3.1622776601683795
116, 52, 73, 701, 73, 716, 0, -15, -1.5707963267948966, 15.0
116, 53, 581, 32, 581, 33, 0, -1, -1.5707963267948966, 1.0
116, 54, 938, 24, 938, 25, 0, -1, -1.5707963267948966, 1.0
116, 55, 1143, 102, 1141, 101, 2, 1, 0.4636476090008061, 2.23606797749979
116, 56, 1174, 145, 1174, 145, 0, 0, 0.0, 0.0
116, 57, 206, 85, 203, 84, 3, 1, 0.3217505543966422, 3.1622776601683795
116, 58, 1180, 658, 1179, 653, 1, 5, 1.373400766945016, 5.0990195135927845
116, 59, 317, 396, 317, 397, 0, -1, -1.5707963267948966, 1.0
116, 60, 174, 91, 173, 92, 1, -1, -0.7853981633974483, 1.4142135623730951
116, 61, 626, 66, 627, 64, -1, 2, 2.0344439357957027, 2.23606797749979
116, 62, 686, 525, 686, 526, 0, -1, -1.5707963267948966, 1.0
116, 63, 1180, 100, 1179, 99, 1, 1, 0.7853981633974483, 1.4142135623730951
116, 64, 1261, 326, 1259, 323, 2, 3, 0.982793723247329, 3.605551275463989
116, 65, 691, 445, 691, 449, 0, -4, -1.5707963267948966, 4.0
116, 66, 253, 349, 253, 350, 0, -1, -1.5707963267948966, 1.0
116, 67, 366, 400, 368, 397, -2, 3, 2.158798930342464, 3.605551275463989
116, 68, 477, 13, 478, 15, -1, -2, -2.0344439357957027, 2.23606797749979
116, 69, 473, 600, 471, 601, 2, -1, -0.4636476090008061, 2.23606797749979
116, 70, 670, 208, 672, 207, -2, 1, 2.677945044588987, 2.23606797749979
116, 71, 1131, 113, 1130, 113, 1, 0, 0.0, 1.0
116, 72, 636, 385, 636, 381, 0, 4, 1.5707963267948966, 4.0
116, 73, 709, 337, 709, 339, 0, -2, -1.5707963267948966, 2.0
116, 74, 871, 30, 873, 31, -2, -1, -2.677945044588987, 2.23606797749979
116, 75, 172, 74, 170, 75, 2, -1, -0.4636476090008061, 2.23606797749979
116, 76, 473, 152, 473, 157, 0, -5, -1.5707963267948966, 5.0
116, 77, 678, 224, 680, 223, -2, 1, 2.677945044588987, 2.23606797749979
116, 78, 578, 44, 578, 45, 0, -1, -1.5707963267948966, 1.0
116, 79, 281, 346, 281, 347, 0, -1, -1.5707963267948966, 1.0
116, 80, 816, 489, 816, 494, 0, -5, -1.5707963267948966, 5.0
116, 81, 247, 409, 247, 410, 0, -1, -1.5707963267948966, 1.0
116, 82, 330, 411, 330, 412, 0, -1, -1.5707963267948966, 1.0
116, 83, 257, 371, 257, 372, 0, -1, -1.5707963267948966, 1.0
116, 84, 63, 426, 62, 422, 1, 4, 1.3258176636680326, 4.123105625617661
116, 85, 936, 106, 936, 107, 0, -1, -1.5707963267948966, 1.0
116, 86, 186, 71, 183, 73, 3, -2, -0.5880026035475675, 3.605551275463989
116, 87, 154, 48, 154, 48, 0, 0, 0.0, 0.0
116, 88, 264, 385, 264, 386, 0, -1, -1.5707963267948966, 1.0
116, 89, 263, 394, 263, 395, 0, -1, -1.5707963267948966, 1.0
116, 90, 1144, 67, 1143, 67, 1, 0, 0.0, 1.0
116, 91, 50, 432, 48, 429, 2, 3, 0.982793723247329, 3.605551275463989
116, 92, 1160, 631, 1158, 629, 2, 2, 0.7853981633974483, 2.8284271247461903
116, 93, 806, 193, 806, 196, 0, -3, -1.5707963267948966, 3.0
116, 94, 738, 302, 739, 306, -1, -4, -1.8157749899217608, 4.123105625617661
116, 95, 535, 73, 535, 73, 0, 0, 0.0, 0.0
116, 96, 620, 282, 620, 278, 0, 4, 1.5707963267948966, 4.0
116, 97, 87, 531, 85, 532, 2, -1, -0.4636476090008061, 2.23606797749979
116, 98, 695, 419, 695, 423, 0, -4, -1.5707963267948966, 4.0
116, 99, 622, 99, 622, 98, 0, 1, 1.5707963267948966, 1.0
116, 100, 679, 649, 682, 645, -3, 4, 2.214297435588181, 5.0
116, 101, 1216, 212, 1216, 208, 0, 4, 1.5707963267948966, 4.0
116, 102, 1182, 56, 1180, 55, 2, 1, 0.4636476090008061, 2.23606797749979
116, 103, 730, 391, 730, 393, 0, -2, -1.5707963267948966, 2.0
116, 104, 1261, 229, 1260, 226, 1, 3, 1.2490457723982544, 3.1622776601683795
116, 105, 551, 31, 551, 32, 0, -1, -1.5707963267948966, 1.0
116, 106, 520, 588, 519, 596, 1, -8, -1.446441332248135, 8.06225774829855
116, 107, 404, 437, 405, 437, -1, 0, 3.141592653589793, 1.0
116, 108, 84, 147, 84, 148, 0, -1, -1.5707963267948966, 1.0
116, 109, 1211, 13, 1211, 14, 0, -1, -1.5707963267948966, 1.0
116, 110, 796, 147, 796, 151, 0, -4, -1.5707963267948966, 4.0
116, 111, 624, 368, 624, 368, 0, 0, 0.0, 0.0
116, 112, 49, 481, 47, 478, 2, 3, 0.982793723247329, 3.605551275463989
116, 113, 329, 371, 329, 372, 0, -1, -1.5707963267948966, 1.0
116, 114, 368, 416, 370, 413, -2, 3, 2.158798930342464, 3.605551275463989
116, 115, 300, 389, 300, 390, 0, -1, -1.5707963267948966, 1.0
116, 116, 290, 381, 290, 382, 0, -1, -1.5707963267948966, 1.0
116, 117, 491, 85, 491, 86, 0, -1, -1.5707963267948966, 1.0
116, 118, 1142, 129, 1142, 129, 0, 0, 0.0, 0.0
116, 119, 486, 251, 486, 254, 0, -3, -1.5707963267948966, 3.0
116, 120, 479, 524, 480, 529, -1, -5, -1.7681918866447774, 5.0990195135927845
116, 121, 684, 30, 684, 31, 0, -1, -1.5707963267948966, 1.0
116, 122, 871, 55, 872, 55, -1, 0, 3.141592653589793, 1.0
116, 123, 1185, 291, 1185, 291, 0, 0, 0.0, 0.0
116, 124, 673, 288, 674, 288, -1, 0, 3.141592653589793, 1.0
116, 125, 503, 186, 503, 188, 0, -2, -1.5707963267948966, 2.0
116, 126, 377, 362, 379, 359, -2, 3, 2.158798930342464, 3.605551275463989
116, 127, 606, 336, 606, 334, 0, 2, 1.5707963267948966, 2.0
116, 128, 461, 626, 459, 630, 2, -4, -1.1071487177940904, 4.47213595499958
116, 129, 1093, 217, 1095, 221, -2, -4, -2.0344439357957027, 4.47213595499958
116, 130, 391, 285, 392, 282, -1, 3, 1.892546881191539, 3.1622776601683795
116, 131, 768, 43, 769, 45, -1, -2, -2.0344439357957027, 2.23606797749979
116, 132, 769, 234, 769, 234, 0, 0, 0.0, 0.0
116, 133, 109, 701, 110, 698, -1, 3, 1.892546881191539, 3.1622776601683795
116, 134, 589, 111, 589, 112, 0, -1, -1.5707963267948966, 1.0
116, 135, 1209, 652, 1208, 649, 1, 3, 1.2490457723982544, 3.1622776601683795
116, 136, 644, 323, 644, 322, 0, 1, 1.5707963267948966, 1.0
116, 137, 751, 218, 751, 218, 0, 0, 0.0, 0.0
116, 138, 272, 329, 272, 330, 0, -1, -1.5707963267948966, 1.0
116, 139, 378, 277, 379, 274, -1, 3, 1.892546881191539, 3.1622776601683795
116, 140, 1197, 260, 1198, 257, -1, 3, 1.892546881191539, 3.1622776601683795
116, 141, 1157, 58, 1156, 58, 1, 0, 0.0, 1.0
116, 142, 50, 474, 48, 471, 2, 3, 0.982793723247329, 3.605551275463989
116, 143, 478, 162, 479, 166, -1, -4, -1.8157749899217608, 4.123105625617661
116, 144, 278, 353, 278, 354, 0, -1, -1.5707963267948966, 1.0
116, 145, 151, 701, 152, 701, -1, 0, 3.141592653589793, 1.0
116, 146, 244, 328, 244, 329, 0, -1, -1.5707963267948966, 1.0
116, 147, 932, 99, 932, 100, 0, -1, -1.5707963267948966, 1.0
116, 148, 154, 23, 155, 23, -1, 0, 3.141592653589793, 1.0
116, 149, 1218, 701, 1220, 714, -2, -13, -1.7234456551901618, 13.152946437965905
116, 150, 1213, 204, 1213, 200, 0, 4, 1.5707963267948966, 4.0
116, 151, 690, 434, 690, 438, 0, -4, -1.5707963267948966, 4.0
116, 152, 1203, 308, 1202, 304, 1, 4, 1.3258176636680326, 4.123105625617661
116, 153, 485, 650, 484, 653, 1, -3, -1.2490457723982544, 3.1622776601683795
116, 154, 1104, 205, 1106, 208, -2, -3, -2.158798930342464, 3.605551275463989
116, 155, 1164, 701, 1163, 701, 1, 0, 0.0, 1.0
116, 156, 672, 215, 674, 214, -2, 1, 2.677945044588987, 2.23606797749979
116, 157, 483, 75, 483, 75, 0, 0, 0.0, 0.0
116, 158, 631, 138, 631, 138, 0, 0, 0.0, 0.0
116, 159, 763, 24, 763, 27, 0, -3, -1.5707963267948966, 3.0
116, 160, 1149, 176, 1150, 176, -1, 0, 3.141592653589793, 1.0
116, 161, 264, 411, 264, 412, 0, -1, -1.5707963267948966, 1.0
116, 162, 1158, 191, 1158, 192, 0, -1, -1.5707963267948966, 1.0
116, 163, 924, 100, 924, 101, 0, -1, -1.5707963267948966, 1.0
116, 164, 482, 137, 483, 141, -1, -4, -1.8157749899217608, 4.123105625617661
116, 165, 485, 112, 486, 116, -1, -4, -1.8157749899217608, 4.123105625617661
116, 166, 75, 148, 75, 149, 0, -1, -1.5707963267948966, 1.0
116, 167, 408, 311, 409, 308, -1, 3, 1.892546881191539, 3.1622776601683795
116, 168, 816, 514, 815, 517, 1, -3, -1.2490457723982544, 3.1622776601683795
116, 169, 49, 419, 47, 415, 2, 4, 1.1071487177940904, 4.47213595499958
116, 170, 384, 360, 386, 357, -2, 3, 2.158798930342464, 3.605551275463989
116, 171, 276, 314, 277, 314, -1, 0, 3.141592653589793, 1.0
116, 172, 755, 55, 756, 58, -1, -3, -1.892546881191539, 3.1622776601683795
116, 173, 76, 134, 76, 135, 0, -1, -1.5707963267948966, 1.0
116, 174, 664, 216, 666, 215, -2, 1, 2.677945044588987, 2.23606797749979
116, 175, 290, 360, 290, 361, 0, -1, -1.5707963267948966, 1.0
116, 176, 803, 156, 803, 160, 0, -4, -1.5707963267948966, 4.0
116, 177, 633, 100, 633, 98, 0, 2, 1.5707963267948966, 2.0
116, 178, 1181, 111, 1181, 111, 0, 0, 0.0, 0.0
116, 179, 675, 477, 675, 481, 0, -4, -1.5707963267948966, 4.0
116, 180, 1201, 9, 1201, 10, 0, -1, -1.5707963267948966, 1.0
116, 181, 1177, 701, 1176, 698, 1, 3, 1.2490457723982544, 3.1622776601683795
116, 182, 492, 640, 492, 641, 0, -1, -1.5707963267948966, 1.0
116, 183, 1165, 94, 1163, 93, 2, 1, 0.4636476090008061, 2.23606797749979
116, 184, 694, 507, 694, 513, 0, -6, -1.5707963267948966, 6.0
116, 185, 1151, 118, 1151, 118, 0, 0, 0.0, 0.0
116, 186, 1261, 226, 1267, 223, -6, 3, 2.677945044588987, 6.708203932499369
116, 187, 1225, 246, 1225, 242, 0, 4, 1.5707963267948966, 4.0
116, 188, 131, 701, 131, 715, 0, -14, -1.5707963267948966, 14.0
116, 189, 1203, 212, 1203, 208, 0, 4, 1.5707963267948966, 4.0
117, 0, 1107, 259, 1108, 262, -1, -3, -1.892546881191539, 3.1622776601683795
117, 1, 682, 661, 685, 658, -3, 3, 2.356194490192345, 4.242640687119285
117, 2, 839, 477, 840, 482, -1, -5, -1.7681918866447774, 5.0990195135927845
117, 3, 373, 316, 376, 314, -3, 2, 2.5535900500422257, 3.605551275463989
117, 4, 1216, 255, 1215, 252, 1, 3, 1.2490457723982544, 3.1622776601683795
117, 5, 493, 528, 493, 532, 0, -4, -1.5707963267948966, 4.0
117, 6, 826, 478, 827, 482, -1, -4, -1.8157749899217608, 4.123105625617661
117, 7, 805, 529, 806, 527, -1, 2, 2.0344439357957027, 2.23606797749979
117, 8, 458, 610, 455, 614, 3, -4, -0.9272952180016122, 5.0
117, 9, 683, 431, 682, 435, 1, -4, -1.3258176636680326, 4.123105625617661
117, 10, 871, 40, 875, 41, -4, -1, -2.896613990462929, 4.123105625617661
117, 11, 485, 98, 487, 103, -2, -5, -1.9513027039072615, 5.385164807134504
117, 12, 1174, 586, 1174, 582, 0, 4, 1.5707963267948966, 4.0
117, 13, 1162, 622, 1161, 623, 1, -1, -0.7853981633974483, 1.4142135623730951
117, 14, 1101, 214, 1105, 218, -4, -4, -2.356194490192345, 5.656854249492381
117, 15, 61, 658, 61, 657, 0, 1, 1.5707963267948966, 1.0
117, 16, 299, 364, 300, 364, -1, 0, 3.141592653589793, 1.0
117, 17, 781, 13, 783, 15, -2, -2, -2.356194490192345, 2.8284271247461903
117, 18, 691, 478, 692, 481, -1, -3, -1.892546881191539, 3.1622776601683795
117, 19, 582, 106, 583, 106, -1, 0, 3.141592653589793, 1.0
117, 20, 1257, 196, 1258, 192, -1, 4, 1.8157749899217608, 4.123105625617661
117, 21, 1072, 253, 1075, 255, -3, -2, -2.5535900500422257, 3.605551275463989
117, 22, 774, 166, 773, 164, 1, 2, 1.1071487177940904, 2.23606797749979
117, 23, 542, 35, 543, 37, -1, -2, -2.0344439357957027, 2.23606797749979
117, 24, 478, 527, 479, 531, -1, -4, -1.8157749899217608, 4.123105625617661
117, 25, 248, 340, 250, 341, -2, -1, -2.677945044588987, 2.23606797749979
117, 26, 292, 325, 293, 325, -1, 0, 3.141592653589793, 1.0
117, 27, 655, 689, 657, 685, -2, 4, 2.0344439357957027, 4.47213595499958
117, 28, 483, 12, 486, 17, -3, -5, -2.1112158270654806, 5.830951894845301
117, 29, 117, 701, 119, 701, -2, 0, 3.141592653589793, 2.0
117, 30, 494, 106, 496, 111, -2, -5, -1.9513027039072615, 5.385164807134504
117, 31, 763, 165, 761, 163, 2, 2, 0.7853981633974483, 2.8284271247461903
117, 32, 387, 370, 389, 368, -2, 2, 2.356194490192345, 2.8284271247461903
117, 33, 450, 606, 447, 610, 3, -4, -0.9272952180016122, 5.0
117, 34, 459, 578, 458, 584, 1, -6, -1.4056476493802699, 6.082762530298219
117, 35, 664, 664, 664, 661, 0, 3, 1.5707963267948966, 3.0
117, 36, 464, 160, 466, 164, -2, -4, -2.0344439357957027, 4.47213595499958
117, 37, 654, 282, 657, 279, -3, 3, 2.356194490192345, 4.242640687119285
117, 38, 696, 433, 698, 438, -2, -5, -1.9513027039072615, 5.385164807134504
117, 39, 828, 537, 828, 540, 0, -3, -1.5707963267948966, 3.0
117, 40, 767, 159, 765, 157, 2, 2, 0.7853981633974483, 2.8284271247461903
117, 41, 1094, 200, 1098, 204, -4, -4, -2.356194490192345, 5.656854249492381
117, 42, 71, 701, 73, 701, -2, 0, 3.141592653589793, 2.0
117, 43, 1144, 104, 1143, 102, 1, 2, 1.1071487177940904, 2.23606797749979
117, 44, 1174, 147, 1174, 145, 0, 2, 1.5707963267948966, 2.0
117, 45, 207, 85, 206, 85, 1, 0, 0.0, 1.0
117, 46, 1181, 655, 1180, 658, 1, -3, -1.2490457723982544, 3.1622776601683795
117, 47, 176, 90, 174, 91, 2, -1, -0.4636476090008061, 2.23606797749979
117, 48, 624, 69, 626, 66, -2, 3, 2.158798930342464, 3.605551275463989
117, 49, 1180, 102, 1180, 100, 0, 2, 1.5707963267948966, 2.0
117, 50, 1261, 328, 1261, 326, 0, 2, 1.5707963267948966, 2.0
117, 51, 691, 440, 691, 445, 0, -5, -1.5707963267948966, 5.0
117, 52, 362, 402, 366, 400, -4, 2, 2.677945044588987, 4.47213595499958
117, 53, 474, 8, 477, 13, -3, -5, -2.1112158270654806, 5.830951894845301
117, 54, 473, 600, 473, 600, 0, 0, 0.0, 0.0
117, 55, 666, 210, 670, 208, -4, 2, 2.677945044588987, 4.47213595499958
117, 56, 1131, 115, 1131, 113, 0, 2, 1.5707963267948966, 2.0
117, 57, 632, 389, 636, 385, -4, 4, 2.356194490192345, 5.656854249492381
117, 58, 708, 335, 709, 337, -1, -2, -2.0344439357957027, 2.23606797749979
117, 59, 867, 29, 871, 30, -4, -1, -2.896613990462929, 4.123105625617661
117, 60, 174, 73, 172, 74, 2, -1, -0.4636476090008061, 2.23606797749979
117, 61, 472, 147, 473, 152, -1, -5, -1.7681918866447774, 5.0990195135927845
117, 62, 674, 227, 678, 224, -4, 3, 2.498091544796509, 5.0
117, 63, 577, 42, 578, 44, -1, -2, -2.0344439357957027, 2.23606797749979
117, 64, 815, 485, 816, 489, -1, -4, -1.8157749899217608, 4.123105625617661
117, 65, 63, 429, 63, 426, 0, 3, 1.5707963267948966, 3.0
117, 66, 189, 70, 186, 71, 3, -1, -0.3217505543966422, 3.1622776601683795
117, 67, 152, 49, 154, 48, -2, 1, 2.677945044588987, 2.23606797749979
117, 68, 1146, 68, 1144, 67, 2, 1, 0.4636476090008061, 2.23606797749979
117, 69, 51, 435, 50, 432, 1, 3, 1.2490457723982544, 3.1622776601683795
117, 70, 1160, 631, 1160, 631, 0, 0, 0.0, 0.0
117, 71, 804, 189, 806, 193, -2, -4, -2.0344439357957027, 4.47213595499958
117, 72, 736, 297, 738, 302, -2, -5, -1.9513027039072615, 5.385164807134504
117, 73, 534, 73, 535, 73, -1, 0, 3.141592653589793, 1.0
117, 74, 620, 285, 620, 282, 0, 3, 1.5707963267948966, 3.0
117, 75, 88, 531, 87, 531, 1, 0, 0.0, 1.0
117, 76, 695, 414, 695, 419, 0, -5, -1.5707963267948966, 5.0
117, 77, 621, 102, 622, 99, -1, 3, 1.892546881191539, 3.1622776601683795
117, 78, 677, 654, 679, 649, -2, 5, 1.9513027039072615, 5.385164807134504
117, 79, 1215, 215, 1216, 212, -1, 3, 1.892546881191539, 3.1622776601683795
117, 80, 1186, 56, 1182, 56, 4, 0, 0.0, 4.0
117, 81, 729, 389, 730, 391, -1, -2, -2.0344439357957027, 2.23606797749979
117, 82, 1261, 233, 1261, 229, 0, 4, 1.5707963267948966, 4.0
117, 83, 550, 29, 551, 31, -1, -2, -2.0344439357957027, 2.23606797749979
117, 84, 518, 582, 520, 588, -2, -6, -1.892546881191539, 6.324555320336759
117, 85, 402, 437, 404, 437, -2, 0, 3.141592653589793, 2.0
117, 86, 82, 147, 84, 147, -2, 0, 3.141592653589793, 2.0
117, 87, 794, 142, 796, 147, -2, -5, -1.9513027039072615, 5.385164807134504
117, 88, 622, 367, 624, 368, -2, -1, -2.677945044588987, 2.23606797749979
117, 89, 49, 483, 49, 481, 0, 2, 1.5707963267948966, 2.0
117, 90, 364, 418, 368, 416, -4, 2, 2.677945044588987, 4.47213595499958
117, 91, 491, 83, 491, 85, 0, -2, -1.5707963267948966, 2.0
117, 92, 1141, 129, 1142, 129, -1, 0, 3.141592653589793, 1.0
117, 93, 486, 248, 486, 251, 0, -3, -1.5707963267948966, 3.0
117, 94, 478, 520, 479, 524, -1, -4, -1.8157749899217608, 4.123105625617661
117, 95, 684, 29, 684, 30, 0, -1, -1.5707963267948966, 1.0
117, 96, 868, 56, 871, 55, -3, 1, 2.819842099193151, 3.1622776601683795
117, 97, 671, 291, 673, 288, -2, 3, 2.158798930342464, 3.605551275463989
117, 98, 501, 183, 503, 186, -2, -3, -2.158798930342464, 3.605551275463989
117, 99, 374, 365, 377, 362, -3, 3, 2.356194490192345, 4.242640687119285
117, 100, 605, 340, 606, 336, -1, 4, 1.8157749899217608, 4.123105625617661
117, 101, 463, 621, 461, 626, 2, -5, -1.1902899496825317, 5.385164807134504
117, 102, 1089, 214, 1093, 217, -4, -3, -2.498091544796509, 5.0
117, 103, 388, 288, 391, 285, -3, 3, 2.356194490192345, 4.242640687119285
117, 104, 768, 234, 769, 234, -1, 0, 3.141592653589793, 1.0
117, 105, 108, 701, 109, 701, -1, 0, 3.141592653589793, 1.0
117, 106, 588, 111, 589, 111, -1, 0, 3.141592653589793, 1.0
117, 107, 1210, 654, 1209, 652, 1, 2, 1.1071487177940904, 2.23606797749979
117, 108, 643, 327, 644, 323, -1, 4, 1.8157749899217608, 4.123105625617661
117, 109, 753, 221, 751, 218, 2, 3, 0.982793723247329, 3.605551275463989
117, 110, 376, 281, 378, 277, -2, 4, 2.0344439357957027, 4.47213595499958
117, 111, 1195, 265, 1197, 260, -2, 5, 1.9513027039072615, 5.385164807134504
117, 112, 1158, 59, 1157, 58, 1, 1, 0.7853981633974483, 1.4142135623730951
117, 113, 50, 475, 50, 474, 0, 1, 1.5707963267948966, 1.0
117, 114, 477, 157, 478, 162, -1, -5, -1.7681918866447774, 5.0990195135927845
117, 115, 149, 701, 151, 701, -2, 0, 3.141592653589793, 2.0
117, 116, 152, 23, 154, 23, -2, 0, 3.141592653589793, 2.0
117, 117, 1218, 701, 1218, 701, 0, 0, 0.0, 0.0
117, 118, 1213, 207, 1213, 204, 0, 3, 1.5707963267948966, 3.0
117, 119, 690, 428, 690, 434, 0, -6, -1.5707963267948966, 6.0
117, 120, 1204, 313, 1203, 308, 1, 5, 1.373400766945016, 5.0990195135927845
117, 121, 484, 646, 485, 650, -1, -4, -1.8157749899217608, 4.123105625617661
117, 122, 1100, 201, 1104, 205, -4, -4, -2.356194490192345, 5.656854249492381
117, 123, 1164, 701, 1164, 701, 0, 0, 0.0, 0.0
117, 124, 668, 218, 672, 215, -4, 3, 2.498091544796509, 5.0
117, 125, 632, 136, 631, 138, 1, -2, -1.1071487177940904, 2.23606797749979
117, 126, 763, 19, 763, 24, 0, -5, -1.5707963267948966, 5.0
117, 127, 1148, 179, 1149, 176, -1, 3, 1.892546881191539, 3.1622776601683795
117, 128, 1157, 191, 1158, 191, -1, 0, 3.141592653589793, 1.0
117, 129, 480, 134, 482, 137, -2, -3, -2.158798930342464, 3.605551275463989
117, 130, 483, 107, 485, 112, -2, -5, -1.9513027039072615, 5.385164807134504
117, 131, 74, 148, 75, 148, -1, 0, 3.141592653589793, 1.0
117, 132, 406, 314, 408, 311, -2, 3, 2.158798930342464, 3.605551275463989
117, 133, 816, 511, 816, 514, 0, -3, -1.5707963267948966, 3.0
117, 134, 50, 422, 49, 419, 1, 3, 1.2490457723982544, 3.1622776601683795
117, 135, 381, 363, 384, 360, -3, 3, 2.356194490192345, 4.242640687119285
117, 136, 274, 314, 276, 314, -2, 0, 3.141592653589793, 2.0
117, 137, 752, 52, 755, 55, -3, -3, -2.356194490192345, 4.242640687119285
117, 138, 74, 134, 76, 134, -2, 0, 3.141592653589793, 2.0
117, 139, 660, 219, 664, 216, -4, 3, 2.498091544796509, 5.0
117, 140, 802, 151, 803, 156, -1, -5, -1.7681918866447774, 5.0990195135927845
117, 141, 631, 104, 633, 100, -2, 4, 2.0344439357957027, 4.47213595499958
117, 142, 1181, 112, 1181, 111, 0, 1, 1.5707963267948966, 1.0
117, 143, 674, 472, 675, 477, -1, -5, -1.7681918866447774, 5.0990195135927845
117, 144, 1178, 701, 1177, 701, 1, 0, 0.0, 1.0
117, 145, 491, 638, 492, 640, -1, -2, -2.0344439357957027, 2.23606797749979
117, 146, 1167, 95, 1165, 94, 2, 1, 0.4636476090008061, 2.23606797749979
117, 147, 693, 500, 694, 507, -1, -7, -1.7126933813990606, 7.0710678118654755
117, 148, 1151, 119, 1151, 118, 0, 1, 1.5707963267948966, 1.0
117, 149, 1261, 230, 1261, 226, 0, 4, 1.5707963267948966, 4.0
117, 150, 1224, 250, 1225, 246, -1, 4, 1.8157749899217608, 4.123105625617661
117, 151, 129, 701, 131, 701, -2, 0, 3.141592653589793, 2.0
117, 152, 1204, 215, 1203, 212, 1, 3, 1.2490457723982544, 3.1622776601683795
118, 0, 260, 347, 260, 348, 0, -1, -1.5707963267948966, 1.0
118, 1, 683, 668, 685, 664, -2, 4, 2.0344439357957027, 4.47213595499958
118, 2, 520, 564, 520, 569, 0, -5, -1.5707963267948966, 5.0
118, 3, 827, 473, 827, 478, 0, -5, -1.5707963267948966, 5.0
118, 4, 840, 474, 840, 479, 0, -5, -1.5707963267948966, 5.0
118, 5, 276, 323, 276, 324, 0, -1, -1.5707963267948966, 1.0
118, 6, 782, 15, 782, 16, 0, -1, -1.5707963267948966, 1.0
118, 7, 589, 40, 589, 41, 0, -1, -1.5707963267948966, 1.0
118, 8, 301, 345, 301, 346, 0, -1, -1.5707963267948966, 1.0
118, 9, 495, 525, 494, 529, 1, -4, -1.3258176636680326, 4.123105625617661
118, 10, 807, 188, 807, 191, 0, -3, -1.5707963267948966, 3.0
118, 11, 1216, 259, 1215, 255, 1, 4, 1.3258176636680326, 4.123105625617661
118, 12, 654, 695, 655, 690, -1, 5, 1.7681918866447774, 5.0990195135927845
118, 13, 59, 669, 59, 666, 0, 3, 1.5707963267948966, 3.0
118, 14, 872, 41, 874, 42, -2, -1, -2.677945044588987, 2.23606797749979
118, 15, 486, 98, 487, 102, -1, -4, -1.8157749899217608, 4.123105625617661
118, 16, 684, 428, 683, 433, 1, -5, -1.373400766945016, 5.0990195135927845
118, 17, 542, 107, 542, 108, 0, -1, -1.5707963267948966, 1.0
118, 18, 542, 36, 542, 37, 0, -1, -1.5707963267948966, 1.0
118, 19, 1257, 197, 1257, 194, 0, 3, 1.5707963267948966, 3.0
118, 20, 655, 282, 656, 281, -1, 1, 2.356194490192345, 1.4142135623730951
118, 21, 1109, 262, 1109, 264, 0, -2, -1.5707963267948966, 2.0
118, 22, 300, 363, 300, 364, 0, -1, -1.5707963267948966, 1.0
118, 23, 306, 331, 306, 332, 0, -1, -1.5707963267948966, 1.0
118, 24, 389, 371, 389, 369, 0, 2, 1.5707963267948966, 2.0
118, 25, 479, 524, 479, 529, 0, -5, -1.5707963267948966, 5.0
118, 26, 257, 378, 257, 379, 0, -1, -1.5707963267948966, 1.0
118, 27, 252, 392, 252, 393, 0, -1, -1.5707963267948966, 1.0
118, 28, 764, 21, 764, 23, 0, -2, -1.5707963267948966, 2.0
118, 29, 691, 476, 691, 480, 0, -4, -1.5707963267948966, 4.0
118, 30, 700, 431, 699, 436, 1, -5, -1.373400766945016, 5.0990195135927845
118, 31, 460, 604, 457, 608, 3, -4, -0.9272952180016122, 5.0
118, 32, 772, 159, 771, 158, 1, 1, 0.7853981633974483, 1.4142135623730951
118, 33, 293, 325, 293, 326, 0, -1, -1.5707963267948966, 1.0
118, 34, 677, 227, 678, 226, -1, 1, 2.356194490192345, 1.4142135623730951
118, 35, 485, 13, 486, 16, -1, -3, -1.892546881191539, 3.1622776601683795
118, 36, 1104, 215, 1105, 218, -1, -3, -1.892546881191539, 3.1622776601683795
118, 37, 396, 437, 397, 434, -1, 3, 1.892546881191539, 3.1622776601683795
118, 38, 454, 599, 451, 602, 3, -3, -0.7853981633974483, 4.242640687119285
118, 39, 583, 106, 583, 107, 0, -1, -1.5707963267948966, 1.0
118, 40, 329, 361, 329, 362, 0, -1, -1.5707963267948966, 1.0
118, 41, 249, 340, 249, 341, 0, -1, -1.5707963267948966, 1.0
118, 42, 494, 106, 495, 110, -1, -4, -1.8157749899217608, 4.123105625617661
118, 43, 466, 160, 466, 164, 0, -4, -1.5707963267948966, 4.0
118, 44, 1074, 250, 1075, 253, -1, -3, -1.892546881191539, 3.1622776601683795
118, 45, 762, 164, 761, 164, 1, 0, 0.0, 1.0
118, 46, 773, 166, 772, 166, 1, 0, 0.0, 1.0
118, 47, 1175, 148, 1174, 147, 1, 1, 0.7853981633974483, 1.4142135623730951
118, 48, 1096, 201, 1097, 204, -1, -3, -1.892546881191539, 3.1622776601683795
118, 49, 109, 701, 110, 712, -1, -11, -1.6614562139956417, 11.045361017187261
118, 50, 1261, 201, 1263, 198, -2, 3, 2.158798930342464, 3.605551275463989
118, 51, 1084, 304, 1084, 305, 0, -1, -1.5707963267948966, 1.0
118, 52, 938, 23, 938, 24, 0, -1, -1.5707963267948966, 1.0
118, 53, 581, 32, 581, 33, 0, -1, -1.5707963267948966, 1.0
118, 54, 375, 318, 376, 316, -1, 2, 2.0344439357957027, 2.23606797749979
118, 55, 316, 396, 316, 397, 0, -1, -1.5707963267948966, 1.0
118, 56, 550, 100, 550, 101, 0, -1, -1.5707963267948966, 1.0
118, 57, 1172, 701, 1171, 701, 1, 0, 0.0, 1.0
118, 58, 1178, 592, 1178, 589, 0, 3, 1.5707963267948966, 3.0
118, 59, 124, 701, 125, 715, -1, -14, -1.642103791580187, 14.035668847618199
118, 60, 662, 670, 662, 666, 0, 4, 1.5707963267948966, 4.0
118, 61, 1261, 331, 1262, 329, -1, 2, 2.0344439357957027, 2.23606797749979
118, 62, 697, 413, 696, 418, 1, -5, -1.373400766945016, 5.0990195135927845
118, 63, 266, 343, 266, 344, 0, -1, -1.5707963267948966, 1.0
118, 64, 578, 43, 578, 44, 0, -1, -1.5707963267948966, 1.0
118, 65, 692, 439, 691, 444, 1, -5, -1.373400766945016, 5.0990195135927845
118, 66, 625, 68, 626, 67, -1, 1, 2.356194490192345, 1.4142135623730951
118, 67, 256, 341, 256, 342, 0, -1, -1.5707963267948966, 1.0
118, 68, 1261, 395, 1268, 395, -7, 0, 3.141592653589793, 7.0
118, 69, 782, 183, 782, 184, 0, -1, -1.5707963267948966, 1.0
118, 70, 686, 524, 686, 526, 0, -2, -1.5707963267948966, 2.0
118, 71, 1135, 113, 1134, 113, 1, 0, 0.0, 1.0
118, 72, 476, 10, 477, 13, -1, -3, -1.892546881191539, 3.1622776601683795
118, 73, 675, 470, 675, 474, 0, -4, -1.5707963267948966, 4.0
118, 74, 180, 72, 177, 73, 3, -1, -0.3217505543966422, 3.1622776601683795
118, 75, 708, 336, 708, 338, 0, -2, -1.5707963267948966, 2.0
118, 76, 383, 465, 383, 465, 0, 0, 0.0, 0.0
118, 77, 475, 618, 473, 622, 2, -4, -1.1071487177940904, 4.47213595499958
118, 78, 1187, 660, 1185, 659, 2, 1, 0.4636476090008061, 2.23606797749979
118, 79, 252, 349, 252, 350, 0, -1, -1.5707963267948966, 1.0
118, 80, 730, 392, 730, 393, 0, -1, -1.5707963267948966, 1.0
118, 81, 279, 345, 279, 346, 0, -1, -1.5707963267948966, 1.0
118, 82, 669, 210, 670, 209, -1, 1, 2.356194490192345, 1.4142135623730951
118, 83, 264, 385, 264, 386, 0, -1, -1.5707963267948966, 1.0
118, 84, 535, 67, 535, 68, 0, -1, -1.5707963267948966, 1.0
118, 85, 694, 701, 696, 699, -2, 2, 2.356194490192345, 2.8284271247461903
118, 86, 621, 288, 621, 284, 0, 4, 1.5707963267948966, 4.0
118, 87, 1218, 218, 1217, 214, 1, 4, 1.3258176636680326, 4.123105625617661
118, 88, 1185, 291, 1185, 291, 0, 0, 0.0, 0.0
118, 89, 589, 111, 589, 112, 0, -1, -1.5707963267948966, 1.0
118, 90, 53, 488, 51, 485, 2, 3, 0.982793723247329, 3.605551275463989
118, 91, 827, 584, 827, 585, 0, -1, -1.5707963267948966, 1.0
118, 92, 1143, 130, 1143, 130, 0, 0, 0.0, 0.0
118, 93, 1210, 656, 1208, 656, 2, 0, 0.0, 2.0
118, 94, 551, 30, 551, 31, 0, -1, -1.5707963267948966, 1.0
118, 95, 470, 149, 470, 152, 0, -3, -1.5707963267948966, 3.0
118, 96, 246, 409, 246, 410, 0, -1, -1.5707963267948966, 1.0
118, 97, 1186, 56, 1183, 56, 3, 0, 0.0, 3.0
118, 98, 204, 87, 203, 88, 1, -1, -0.7853981633974483, 1.4142135623730951
118, 99, 478, 158, 478, 161, 0, -3, -1.5707963267948966, 3.0
118, 100, 67, 432, 65, 429, 2, 3, 0.982793723247329, 3.605551275463989
118, 101, 796, 144, 796, 147, 0, -3, -1.5707963267948966, 3.0
118, 102, 808, 531, 807, 532, 1, -1, -0.7853981633974483, 1.4142135623730951
118, 103, 255, 369, 255, 370, 0, -1, -1.5707963267948966, 1.0
118, 104, 461, 576, 459, 580, 2, -4, -1.1071487177940904, 4.47213595499958
118, 105, 52, 439, 50, 436, 2, 3, 0.982793723247329, 3.605551275463989
118, 106, 478, 243, 478, 245, 0, -2, -1.5707963267948966, 2.0
118, 107, 936, 106, 936, 107, 0, -1, -1.5707963267948966, 1.0
118, 108, 1201, 310, 1203, 307, -2, 3, 2.158798930342464, 3.605551275463989
118, 109, 684, 30, 683, 31, 1, -1, -0.7853981633974483, 1.4142135623730951
118, 110, 330, 411, 330, 412, 0, -1, -1.5707963267948966, 1.0
118, 111, 1147, 69, 1145, 69, 2, 0, 0.0, 2.0
118, 112, 858, 20, 858, 21, 0, -1, -1.5707963267948966, 1.0
118, 113, 1143, 104, 1142, 103, 1, 1, 0.7853981633974483, 1.4142135623730951
118, 114, 768, 234, 768, 235, 0, -1, -1.5707963267948966, 1.0
118, 115, 100, 544, 99, 544, 1, 0, 0.0, 1.0
118, 116, 1210, 13, 1210, 13, 0, 0, 0.0, 0.0
118, 117, 490, 80, 490, 82, 0, -2, -1.5707963267948966, 2.0
118, 118, 737, 299, 738, 302, -1, -3, -1.892546881191539, 3.1622776601683795
118, 119, 286, 382, 286, 383, 0, -1, -1.5707963267948966, 1.0
118, 120, 151, 701, 151, 707, 0, -6, -1.5707963267948966, 6.0
118, 121, 154, 49, 154, 49, 0, 0, 0.0, 0.0
118, 122, 300, 389, 300, 390, 0, -1, -1.5707963267948966, 1.0
118, 123, 407, 315, 408, 313, -1, 2, 2.0344439357957027, 2.23606797749979
118, 124, 1181, 676, 1181, 675, 0, 1, 1.5707963267948966, 1.0
118, 125, 661, 311, 661, 311, 0, 0, 0.0, 0.0
118, 126, 84, 147, 84, 148, 0, -1, -1.5707963267948966, 1.0
118, 127, 768, 43, 768, 44, 0, -1, -1.5707963267948966, 1.0
118, 128, 507, 555, 507, 561, 0, -6, -1.5707963267948966, 6.0
118, 129, 178, 88, 175, 89, 3, -1, -0.3217505543966422, 3.1622776601683795
118, 130, 328, 370, 328, 371, 0, -1, -1.5707963267948966, 1.0
118, 131, 1102, 254, 1103, 256, -1, -2, -2.0344439357957027, 2.23606797749979
118, 132, 263, 394, 263, 395, 0, -1, -1.5707963267948966, 1.0
118, 133, 482, 72, 482, 74, 0, -2, -1.5707963267948966, 2.0
118, 134, 645, 327, 645, 324, 0, 3, 1.5707963267948966, 3.0
118, 135, 271, 329, 271, 330, 0, -1, -1.5707963267948966, 1.0
118, 136, 809, 167, 810, 169, -1, -2, -2.0344439357957027, 2.23606797749979
118, 137, 623, 368, 623, 368, 0, 0, 0.0, 0.0
118, 138, 668, 283, 669, 280, -1, 3, 1.892546881191539, 3.1622776601683795
118, 139, 365, 421, 367, 419, -2, 2, 2.356194490192345, 2.8284271247461903
118, 140, 403, 440, 404, 438, -1, 2, 2.0344439357957027, 2.23606797749979
118, 141, 705, 477, 705, 481, 0, -4, -1.5707963267948966, 4.0
118, 142, 779, 171, 779, 172, 0, -1, -1.5707963267948966, 1.0
118, 143, 192, 71, 189, 72, 3, -1, -0.3217505543966422, 3.1622776601683795
118, 144, 363, 407, 365, 404, -2, 3, 2.158798930342464, 3.605551275463989
118, 145, 933, 96, 933, 97, 0, -1, -1.5707963267948966, 1.0
118, 146, 1157, 192, 1157, 192, 0, 0, 0.0, 0.0
118, 147, 692, 427, 691, 432, 1, -5, -1.373400766945016, 5.0990195135927845
118, 148, 374, 366, 375, 364, -1, 2, 2.0344439357957027, 2.23606797749979
118, 149, 678, 660, 679, 656, -1, 4, 1.8157749899217608, 4.123105625617661
118, 150, 501, 594, 501, 597, 0, -3, -1.5707963267948966, 3.0
118, 151, 1091, 215, 1092, 218, -1, -3, -1.892546881191539, 3.1622776601683795
118, 152, 484, 108, 485, 112, -1, -4, -1.8157749899217608, 4.123105625617661
118, 153, 674, 296, 675, 292, -1, 4, 1.8157749899217608, 4.123105625617661
118, 154, 154, 24, 154, 24, 0, 0, 0.0, 0.0
118, 155, 264, 411, 264, 412, 0, -1, -1.5707963267948966, 1.0
118, 156, 1197, 266, 1196, 263, 1, 3, 1.2490457723982544, 3.1622776601683795
118, 157, 1160, 59, 1158, 59, 2, 0, 0.0, 2.0
118, 158, 480, 133, 481, 137, -1, -4, -1.8157749899217608, 4.123105625617661
118, 159, 382, 364, 383, 362, -1, 2, 2.0344439357957027, 2.23606797749979
118, 160, 817, 482, 816, 487, 1, -5, -1.373400766945016, 5.0990195135927845
118, 161, 75, 148, 75, 149, 0, -1, -1.5707963267948966, 1.0
118, 162, 695, 489, 695, 494, 0, -5, -1.5707963267948966, 5.0
118, 163, 372, 310, 373, 309, -1, 1, 2.356194490192345, 1.4142135623730951
118, 164, 923, 100, 923, 101, 0, -1, -1.5707963267948966, 1.0
118, 165, 802, 152, 802, 155, 0, -3, -1.5707963267948966, 3.0
118, 166, 51, 679, 51, 676, 0, 3, 1.5707963267948966, 3.0
118, 167, 1103, 201, 1104, 204, -1, -3, -1.892546881191539, 3.1622776601683795
118, 168, 1163, 639, 1162, 638, 1, 1, 0.7853981633974483, 1.4142135623730951
118, 169, 493, 178, 493, 180, 0, -2, -1.5707963267948966, 2.0
118, 170, 275, 316, 275, 316, 0, 0, 0.0, 0.0
118, 171, 390, 289, 391, 287, -1, 2, 2.0344439357957027, 2.23606797749979
118, 172, 383, 279, 384, 278, -1, 1, 2.356194490192345, 1.4142135623730951
118, 173, 631, 140, 631, 140, 0, 0, 0.0, 0.0
118, 174, 606, 340, 606, 338, 0, 2, 1.5707963267948966, 2.0
118, 175, 1214, 210, 1213, 207, 1, 3, 1.2490457723982544, 3.1622776601683795
118, 176, 180, 25, 180, 26, 0, -1, -1.5707963267948966, 1.0
118, 177, 278, 353, 278, 354, 0, -1, -1.5707963267948966, 1.0
118, 178, 633, 103, 633, 102, 0, 1, 1.5707963267948966, 1.0
118, 179, 1181, 112, 1181, 112, 0, 0, 0.0, 0.0
118, 180, 244, 327, 244, 328, 0, -1, -1.5707963267948966, 1.0
118, 181, 671, 218, 672, 217, -1, 1, 2.356194490192345, 1.4142135623730951
118, 182, 617, 105, 617, 104, 0, 1, 1.5707963267948966, 1.0
118, 183, 1254, 341, 1251, 339, 3, 2, 0.5880026035475675, 3.605551275463989
118, 184, 59, 74, 59, 75, 0, -1, -1.5707963267948966, 1.0
118, 185, 1187, 652, 1184, 652, 3, 0, 0.0, 3.0
118, 186, 467, 533, 466, 538, 1, -5, -1.373400766945016, 5.0990195135927845
118, 187, 467, 615, 465, 620, 2, -5, -1.1902899496825317, 5.385164807134504
118, 188, 487, 240, 487, 242, 0, -2, -1.5707963267948966, 2.0
118, 189, 52, 425, 50, 422, 2, 3, 0.982793723247329, 3.605551275463989
118, 190, 402, 423, 402, 419, 0, 4, 1.5707963267948966, 4.0
118, 191, 860, 500, 859, 505, 1, -5, -1.373400766945016, 5.0990195135927845
118, 192, 870, 57, 871, 56, -1, 1, 2.356194490192345, 1.4142135623730951
118, 193, 1153, 102, 1151, 102, 2, 0, 0.0, 2.0
118, 194, 292, 376, 292, 377, 0, -1, -1.5707963267948966, 1.0
118, 195, 1166, 631, 1165, 630, 1, 1, 0.7853981633974483, 1.4142135623730951
118, 196, 679, 273, 680, 272, -1, 1, 2.356194490192345, 1.4142135623730951
118, 197, 1189, 701, 1187, 701, 2, 0, 0.0, 2.0
118, 198, 176, 60, 175, 60, 1, 0, 0.0, 1.0
118, 199, 625, 153, 625, 152, 0, 1, 1.5707963267948966, 1.0
118, 200, 1201, 10, 1201, 10, 0, 0, 0.0, 0.0
118, 201, 481, 517, 481, 522, 0, -5, -1.5707963267948966, 5.0
118, 202, 1181, 138, 1180, 137, 1, 1, 0.7853981633974483, 1.4142135623730951
118, 203, 660, 224, 661, 223, -1, 1, 2.356194490192345, 1.4142135623730951
118, 204, 778, 203, 776, 202, 2, 1, 0.4636476090008061, 2.23606797749979
118, 205, 685, 416, 684, 421, 1, -5, -1.373400766945016, 5.0990195135927845
118, 206, 1225, 253, 1225, 249, 0, 4, 1.5707963267948966, 4.0
118, 207, 1078, 294, 1078, 295, 0, -1, -1.5707963267948966, 1.0
118, 208, 864, 64, 865, 64, -1, 0, 3.141592653589793, 1.0
119, 0, 260, 346, 260, 347, 0, -1, -1.5707963267948966, 1.0
119, 1, 681, 672, 683, 668, -2, 4, 2.0344439357957027, 4.47213595499958
119, 2, 517, 558, 520, 564, -3, -6, -2.0344439357957027, 6.708203932499369
119, 3, 826, 469, 827, 473, -1, -4, -1.8157749899217608, 4.123105625617661
119, 4, 840, 470, 840, 474, 0, -4, -1.5707963267948966, 4.0
119, 5, 276, 322, 276, 323, 0, -1, -1.5707963267948966, 1.0
119, 6, 782, 14, 782, 15, 0, -1, -1.5707963267948966, 1.0
119, 7, 589, 39, 589, 40, 0, -1, -1.5707963267948966, 1.0
119, 8, 301, 344, 301, 345, 0, -1, -1.5707963267948966, 1.0
119, 9, 495, 521, 495, 525, 0, -4, -1.5707963267948966, 4.0
119, 10, 806, 185, 807, 188, -1, -3, -1.892546881191539, 3.1622776601683795
119, 11, 1217, 262, 1216, 259, 1, 3, 1.2490457723982544, 3.1622776601683795
119, 12, 653, 700, 654, 695, -1, 5, 1.7681918866447774, 5.0990195135927845
119, 13, 58, 672, 59, 669, -1, 3, 1.892546881191539, 3.1622776601683795
119, 14, 870, 40, 872, 41, -2, -1, -2.677945044588987, 2.23606797749979
119, 15, 486, 94, 486, 98, 0, -4, -1.5707963267948966, 4.0
119, 16, 685, 423, 684, 428, 1, -5, -1.373400766945016, 5.0990195135927845
119, 17, 542, 106, 542, 107, 0, -1, -1.5707963267948966, 1.0
119, 18, 542, 35, 542, 36, 0, -1, -1.5707963267948966, 1.0
119, 19, 1257, 199, 1257, 197, 0, 2, 1.5707963267948966, 2.0
119, 20, 655, 283, 655, 282, 0, 1, 1.5707963267948966, 1.0
119, 21, 1108, 260, 1109, 262, -1, -2, -2.0344439357957027, 2.23606797749979
119, 22, 300, 362, 300, 363, 0, -1, -1.5707963267948966, 1.0
119, 23, 306, 330, 306, 331, 0, -1, -1.5707963267948966, 1.0
119, 24, 388, 372, 389, 371, -1, 1, 2.356194490192345, 1.4142135623730951
119, 25, 479, 519, 479, 524, 0, -5, -1.5707963267948966, 5.0
119, 26, 257, 377, 257, 378, 0, -1, -1.5707963267948966, 1.0
119, 27, 764, 19, 764, 21, 0, -2, -1.5707963267948966, 2.0
119, 28, 690, 472, 691, 476, -1, -4, -1.8157749899217608, 4.123105625617661
119, 29, 700, 426, 700, 431, 0, -5, -1.5707963267948966, 5.0
119, 30, 463, 600, 460, 604, 3, -4, -0.9272952180016122, 5.0
119, 31, 773, 160, 772, 159, 1, 1, 0.7853981633974483, 1.4142135623730951
119, 32, 293, 324, 293, 325, 0, -1, -1.5707963267948966, 1.0
119, 33, 676, 228, 677, 227, -1, 1, 2.356194490192345, 1.4142135623730951
119, 34, 484, 9, 485, 13, -1, -4, -1.8157749899217608, 4.123105625617661
119, 35, 1102, 212, 1104, 215, -2, -3, -2.158798930342464, 3.605551275463989
119, 36, 394, 441, 396, 437, -2, 4, 2.0344439357957027, 4.47213595499958
119, 37, 457, 595, 454, 599, 3, -4, -0.9272952180016122, 5.0
119, 38, 493, 102, 494, 106, -1, -4, -1.8157749899217608, 4.123105625617661
119, 39, 466, 157, 466, 160, 0, -3, -1.5707963267948966, 3.0
119, 40, 1072, 247, 1074, 250, -2, -3, -2.158798930342464, 3.605551275463989
119, 41, 763, 165, 762, 164, 1, 1, 0.7853981633974483, 1.4142135623730951
119, 42, 773, 167, 773, 166, 0, 1, 1.5707963267948966, 1.0
119, 43, 1175, 149, 1175, 148, 0, 1, 1.5707963267948966, 1.0
119, 44, 1094, 198, 1096, 201, -2, -3, -2.158798930342464, 3.605551275463989
119, 45, 106, 701, 109, 701, -3, 0, 3.141592653589793, 3.0
119, 46, 1261, 203, 1261, 201, 0, 2, 1.5707963267948966, 2.0
119, 47, 1084, 303, 1084, 304, 0, -1, -1.5707963267948966, 1.0
119, 48, 938, 22, 938, 23, 0, -1, -1.5707963267948966, 1.0
119, 49, 581, 31, 581, 32, 0, -1, -1.5707963267948966, 1.0
119, 50, 374, 320, 375, 318, -1, 2, 2.0344439357957027, 2.23606797749979
119, 51, 316, 395, 316, 396, 0, -1, -1.5707963267948966, 1.0
119, 52, 550, 99, 550, 100, 0, -1, -1.5707963267948966, 1.0
119, 53, 1172, 701, 1172, 701, 0, 0, 0.0, 0.0
119, 54, 1177, 596, 1178, 592, -1, 4, 1.8157749899217608, 4.123105625617661
119, 55, 122, 701, 124, 701, -2, 0, 3.141592653589793, 2.0
119, 56, 662, 674, 662, 670, 0, 4, 1.5707963267948966, 4.0
119, 57, 1261, 333, 1261, 331, 0, 2, 1.5707963267948966, 2.0
119, 58, 698, 408, 697, 413, 1, -5, -1.373400766945016, 5.0990195135927845
119, 59, 578, 41, 578, 43, 0, -2, -1.5707963267948966, 2.0
119, 60, 693, 434, 692, 439, 1, -5, -1.373400766945016, 5.0990195135927845
119, 61, 624, 68, 625, 68, -1, 0, 3.141592653589793, 1.0
119, 62, 1261, 394, 1261, 395, 0, -1, -1.5707963267948966, 1.0
119, 63, 782, 181, 782, 183, 0, -2, -1.5707963267948966, 2.0
119, 64, 685, 521, 686, 524, -1, -3, -1.892546881191539, 3.1622776601683795
119, 65, 1136, 113, 1135, 113, 1, 0, 0.0, 1.0
119, 66, 476, 9, 476, 10, 0, -1, -1.5707963267948966, 1.0
119, 67, 675, 465, 675, 470, 0, -5, -1.5707963267948966, 5.0
119, 68, 183, 71, 180, 72, 3, -1, -0.3217505543966422, 3.1622776601683795
119, 69, 707, 334, 708, 336, -1, -2, -2.0344439357957027, 2.23606797749979
119, 70, 477, 613, 475, 618, 2, -5, -1.1902899496825317, 5.385164807134504
119, 71, 1190, 661, 1187, 660, 3, 1, 0.3217505543966422, 3.1622776601683795
119, 72, 252, 348, 252, 349, 0, -1, -1.5707963267948966, 1.0
119, 73, 279, 344, 279, 345, 0, -1, -1.5707963267948966, 1.0
119, 74, 668, 211, 669, 210, -1, 1, 2.356194490192345, 1.4142135623730951
119, 75, 264, 384, 264, 385, 0, -1, -1.5707963267948966, 1.0
119, 76, 535, 66, 535, 67, 0, -1, -1.5707963267948966, 1.0
119, 77, 691, 701, 694, 701, -3, 0, 3.141592653589793, 3.0
119, 78, 621, 291, 621, 288, 0, 3, 1.5707963267948966, 3.0
119, 79, 1219, 222, 1218, 218, 1, 4, 1.3258176636680326, 4.123105625617661
119, 80, 1185, 290, 1185, 291, 0, -1, -1.5707963267948966, 1.0
119, 81, 54, 491, 53, 488, 1, 3, 1.2490457723982544, 3.1622776601683795
119, 82, 827, 582, 827, 584, 0, -2, -1.5707963267948966, 2.0
119, 83, 1144, 130, 1143, 130, 1, 0, 0.0, 1.0
119, 84, 1212, 656, 1210, 656, 2, 0, 0.0, 2.0
119, 85, 470, 146, 470, 149, 0, -3, -1.5707963267948966, 3.0
119, 86, 1188, 56, 1186, 56, 2, 0, 0.0, 2.0
119, 87, 205, 86, 204, 87, 1, -1, -0.7853981633974483, 1.4142135623730951
119, 88, 478, 155, 478, 158, 0, -3, -1.5707963267948966, 3.0
119, 89, 68, 434, 67, 432, 1, 2, 1.1071487177940904, 2.23606797749979
119, 90, 795, 142, 796, 144, -1, -2, -2.0344439357957027, 2.23606797749979
119, 91, 809, 527, 808, 531, 1, -4, -1.3258176636680326, 4.123105625617661
119, 92, 255, 368, 255, 369, 0, -1, -1.5707963267948966, 1.0
119, 93, 462, 572, 461, 576, 1, -4, -1.3258176636680326, 4.123105625617661
119, 94, 53, 441, 52, 439, 1, 2, 1.1071487177940904, 2.23606797749979
119, 95, 478, 241, 478, 243, 0, -2, -1.5707963267948966, 2.0
119, 96, 936, 105, 936, 106, 0, -1, -1.5707963267948966, 1.0
119, 97, 1198, 312, 1201, 310, -3, 2, 2.5535900500422257, 3.605551275463989
119, 98, 685, 29, 684, 30, 1, -1, -0.7853981633974483, 1.4142135623730951
119, 99, 1148, 69, 1147, 69, 1, 0, 0.0, 1.0
119, 100, 858, 20, 858, 20, 0, 0, 0.0, 0.0
119, 101, 1144, 105, 1143, 104, 1, 1, 0.7853981633974483, 1.4142135623730951
119, 102, 768, 234, 768, 234, 0, 0, 0.0, 0.0
119, 103, 100, 543, 100, 544, 0, -1, -1.5707963267948966, 1.0
119, 104, 1210, 12, 1210, 13, 0, -1, -1.5707963267948966, 1.0
119, 105, 490, 78, 490, 80, 0, -2, -1.5707963267948966, 2.0
119, 106, 736, 295, 737, 299, -1, -4, -1.8157749899217608, 4.123105625617661
119, 107, 286, 381, 286, 382, 0, -1, -1.5707963267948966, 1.0
119, 108, 150, 701, 151, 701, -1, 0, 3.141592653589793, 1.0
119, 109, 154, 49, 154, 49, 0, 0, 0.0, 0.0
119, 110, 300, 388, 300, 389, 0, -1, -1.5707963267948966, 1.0
119, 111, 406, 317, 407, 315, -1, 2, 2.0344439357957027, 2.23606797749979
119, 112, 1181, 682, 1181, 676, 0, 6, 1.5707963267948966, 6.0
119, 113, 661, 310, 661, 311, 0, -1, -1.5707963267948966, 1.0
119, 114, 507, 549, 507, 555, 0, -6, -1.5707963267948966, 6.0
119, 115, 181, 87, 178, 88, 3, -1, -0.3217505543966422, 3.1622776601683795
119, 116, 1101, 251, 1102, 254, -1, -3, -1.892546881191539, 3.1622776601683795
119, 117, 482, 70, 482, 72, 0, -2, -1.5707963267948966, 2.0
119, 118, 645, 330, 645, 327, 0, 3, 1.5707963267948966, 3.0
119, 119, 808, 165, 809, 167, -1, -2, -2.0344439357957027, 2.23606797749979
119, 120, 623, 367, 623, 368, 0, -1, -1.5707963267948966, 1.0
119, 121, 667, 285, 668, 283, -1, 2, 2.0344439357957027, 2.23606797749979
119, 122, 362, 423, 365, 421, -3, 2, 2.5535900500422257, 3.605551275463989
119, 123, 401, 444, 403, 440, -2, 4, 2.0344439357957027, 4.47213595499958
119, 124, 704, 473, 705, 477, -1, -4, -1.8157749899217608, 4.123105625617661
119, 125, 779, 171, 779, 171, 0, 0, 0.0, 0.0
119, 126, 195, 71, 192, 71, 3, 0, 0.0, 3.0
119, 127, 360, 409, 363, 407, -3, 2, 2.5535900500422257, 3.605551275463989
119, 128, 933, 95, 933, 96, 0, -1, -1.5707963267948966, 1.0
119, 129, 1157, 192, 1157, 192, 0, 0, 0.0, 0.0
119, 130, 693, 422, 692, 427, 1, -5, -1.373400766945016, 5.0990195135927845
119, 131, 373, 368, 374, 366, -1, 2, 2.0344439357957027, 2.23606797749979
119, 132, 676, 664, 678, 660, -2, 4, 2.0344439357957027, 4.47213595499958
119, 133, 500, 590, 501, 594, -1, -4, -1.8157749899217608, 4.123105625617661
119, 134, 1090, 212, 1091, 215, -1, -3, -1.892546881191539, 3.1622776601683795
119, 135, 483, 104, 484, 108, -1, -4, -1.8157749899217608, 4.123105625617661
119, 136, 673, 300, 674, 296, -1, 4, 1.8157749899217608, 4.123105625617661
119, 137, 154, 24, 154, 24, 0, 0, 0.0, 0.0
119, 138, 1198, 269, 1197, 266, 1, 3, 1.2490457723982544, 3.1622776601683795
119, 139, 1162, 59, 1160, 59, 2, 0, 0.0, 2.0
119, 140, 479, 129, 480, 133, -1, -4, -1.8157749899217608, 4.123105625617661
119, 141, 381, 366, 382, 364, -1, 2, 2.0344439357957027, 2.23606797749979
119, 142, 817, 478, 817, 482, 0, -4, -1.5707963267948966, 4.0
119, 143, 694, 486, 695, 489, -1, -3, -1.892546881191539, 3.1622776601683795
119, 144, 371, 311, 372, 310, -1, 1, 2.356194490192345, 1.4142135623730951
119, 145, 923, 99, 923, 100, 0, -1, -1.5707963267948966, 1.0
119, 146, 801, 149, 802, 152, -1, -3, -1.892546881191539, 3.1622776601683795
119, 147, 50, 682, 51, 679, -1, 3, 1.892546881191539, 3.1622776601683795
119, 148, 1101, 198, 1103, 201, -2, -3, -2.158798930342464, 3.605551275463989
119, 149, 1164, 641, 1163, 639, 1, 2, 1.1071487177940904, 2.23606797749979
119, 150, 492, 176, 493, 178, -1, -2, -2.0344439357957027, 2.23606797749979
119, 151, 275, 315, 275, 316, 0, -1, -1.5707963267948966, 1.0
119, 152, 389, 290, 390, 289, -1, 1, 2.356194490192345, 1.4142135623730951
119, 153, 382, 280, 383, 279, -1, 1, 2.356194490192345, 1.4142135623730951
119, 154, 630, 140, 631, 140, -1, 0, 3.141592653589793, 1.0
119, 155, 606, 343, 606, 340, 0, 3, 1.5707963267948966, 3.0
119, 156, 1215, 213, 1214, 210, 1, 3, 1.2490457723982544, 3.1622776601683795
119, 157, 180, 24, 180, 25, 0, -1, -1.5707963267948966, 1.0
119, 158, 278, 352, 278, 353, 0, -1, -1.5707963267948966, 1.0
119, 159, 632, 104, 633, 103, -1, 1, 2.356194490192345, 1.4142135623730951
119, 160, 1181, 113, 1181, 112, 0, 1, 1.5707963267948966, 1.0
119, 161, 670, 219, 671, 218, -1, 1, 2.356194490192345, 1.4142135623730951
119, 162, 616, 106, 617, 105, -1, 1, 2.356194490192345, 1.4142135623730951
119, 163, 1256, 343, 1254, 341, 2, 2, 0.7853981633974483, 2.8284271247461903
119, 164, 1189, 654, 1187, 652, 2, 2, 0.7853981633974483, 2.8284271247461903
119, 165, 468, 528, 467, 533, 1, -5, -1.373400766945016, 5.0990195135927845
119, 166, 469, 611, 467, 615, 2, -4, -1.1071487177940904, 4.47213595499958
119, 167, 487, 238, 487, 240, 0, -2, -1.5707963267948966, 2.0
119, 168, 53, 428, 52, 425, 1, 3, 1.2490457723982544, 3.1622776601683795
119, 169, 401, 428, 402, 423, -1, 5, 1.7681918866447774, 5.0990195135927845
119, 170, 859, 495, 860, 500, -1, -5, -1.7681918866447774, 5.0990195135927845
119, 171, 869, 57, 870, 57, -1, 0, 3.141592653589793, 1.0
119, 172, 1155, 102, 1153, 102, 2, 0, 0.0, 2.0
119, 173, 292, 375, 292, 376, 0, -1, -1.5707963267948966, 1.0
119, 174, 1167, 632, 1166, 631, 1, 1, 0.7853981633974483, 1.4142135623730951
119, 175, 677, 274, 679, 273, -2, 1, 2.677945044588987, 2.23606797749979
119, 176, 1192, 701, 1189, 701, 3, 0, 0.0, 3.0
119, 177, 176, 60, 176, 60, 0, 0, 0.0, 0.0
119, 178, 624, 153, 625, 153, -1, 0, 3.141592653589793, 1.0
119, 179, 1201, 9, 1201, 10, 0, -1, -1.5707963267948966, 1.0
119, 180, 481, 512, 481, 517, 0, -5, -1.5707963267948966, 5.0
119, 181, 1181, 139, 1181, 138, 0, 1, 1.5707963267948966, 1.0
119, 182, 659, 224, 660, 224, -1, 0, 3.141592653589793, 1.0
119, 183, 779, 203, 778, 203, 1, 0, 0.0, 1.0
119, 184, 686, 411, 685, 416, 1, -5, -1.373400766945016, 5.0990195135927845
119, 185, 1225, 256, 1225, 253, 0, 3, 1.5707963267948966, 3.0
120, 0, 827, 469, 828, 473, -1, -4, -1.8157749899217608, 4.123105625617661
120, 1, 683, 675, 685, 671, -2, 4, 2.0344439357957027, 4.47213595499958
120, 2, 395, 374, 396, 373, -1, 1, 2.356194490192345, 1.4142135623730951
120, 3, 840, 470, 841, 474, -1, -4, -1.8157749899217608, 4.123105625617661
120, 4, 495, 520, 495, 524, 0, -4, -1.5707963267948966, 4.0
120, 5, 589, 40, 589, 41, 0, -1, -1.5707963267948966, 1.0
120, 6, 276, 324, 277, 324, -1, 0, 3.141592653589793, 1.0
120, 7, 175, 38, 175, 38, 0, 0, 0.0, 0.0
120, 8, 807, 185, 808, 188, -1, -3, -1.892546881191539, 3.1622776601683795
120, 9, 1256, 198, 1257, 196, -1, 2, 2.0344439357957027, 2.23606797749979
120, 10, 486, 95, 487, 99, -1, -4, -1.8157749899217608, 4.123105625617661
120, 11, 516, 546, 518, 551, -2, -5, -1.9513027039072615, 5.385164807134504
120, 12, 655, 284, 656, 282, -1, 2, 2.0344439357957027, 2.23606797749979
120, 13, 686, 424, 685, 429, 1, -5, -1.373400766945016, 5.0990195135927845
120, 14, 506, 545, 507, 551, -1, -6, -1.7359450042095235, 6.082762530298219
120, 15, 1217, 262, 1217, 259, 0, 3, 1.5707963267948966, 3.0
120, 16, 56, 677, 58, 673, -2, 4, 2.0344439357957027, 4.47213595499958
120, 17, 391, 443, 393, 439, -2, 4, 2.0344439357957027, 4.47213595499958
120, 18, 773, 168, 774, 167, -1, 1, 2.356194490192345, 1.4142135623730951
120, 19, 1107, 261, 1109, 263, -2, -2, -2.356194490192345, 2.8284271247461903
120, 20, 464, 597, 462, 601, 2, -4, -1.1071487177940904, 4.47213595499958
120, 21, 479, 519, 480, 524, -1, -5, -1.7681918866447774, 5.0990195135927845
120, 22, 814, 27, 816, 27, -2, 0, 3.141592653589793, 2.0
120, 23, 300, 364, 301, 364, -1, 0, 3.141592653589793, 1.0
120, 24, 763, 19, 764, 21, -1, -2, -2.0344439357957027, 2.23606797749979
120, 25, 484, 10, 485, 13, -1, -3, -1.892546881191539, 3.1622776601683795
120, 26, 465, 159, 466, 161, -1, -2, -2.0344439357957027, 2.23606797749979
120, 27, 1191, 660, 1189, 657, 2, 3, 0.982793723247329, 3.605551275463989
120, 28, 1070, 243, 1073, 246, -3, -3, -2.356194490192345, 4.242640687119285
120, 29, 625, 68, 626, 68, -1, 0, 3.141592653589793, 1.0
120, 30, 654, 701, 655, 697, -1, 4, 1.8157749899217608, 4.123105625617661
120, 31, 827, 26, 829, 27, -2, -1, -2.677945044588987, 2.23606797749979
120, 32, 1101, 212, 1103, 215, -2, -3, -2.158798930342464, 3.605551275463989
120, 33, 767, 161, 767, 159, 0, 2, 1.5707963267948966, 2.0
120, 34, 700, 427, 700, 432, 0, -5, -1.5707963267948966, 5.0
120, 35, 870, 38, 873, 39, -3, -1, -2.819842099193151, 3.1622776601683795
120, 36, 582, 31, 582, 32, 0, -1, -1.5707963267948966, 1.0
120, 37, 501, 588, 502, 592, -1, -4, -1.8157749899217608, 4.123105625617661
120, 38, 387, 347, 389, 344, -2, 3, 2.158798930342464, 3.605551275463989
120, 39, 179, 25, 179, 25, 0, 0, 0.0, 0.0
120, 40, 762, 167, 762, 165, 0, 2, 1.5707963267948966, 2.0
120, 41, 1198, 701, 1195, 704, 3, -3, -0.7853981633974483, 4.242640687119285
120, 42, 778, 172, 779, 172, -1, 0, 3.141592653589793, 1.0
120, 43, 494, 104, 495, 107, -1, -3, -1.892546881191539, 3.1622776601683795
120, 44, 676, 229, 678, 227, -2, 2, 2.356194490192345, 2.8284271247461903
120, 45, 478, 243, 479, 245, -1, -2, -2.0344439357957027, 2.23606797749979
120, 46, 660, 676, 661, 672, -1, 4, 1.8157749899217608, 4.123105625617661
120, 47, 676, 465, 676, 469, 0, -4, -1.5707963267948966, 4.0
120, 48, 1261, 203, 1264, 201, -3, 2, 2.5535900500422257, 3.605551275463989
120, 49, 667, 212, 669, 210, -2, 2, 2.356194490192345, 2.8284271247461903
120, 50, 1094, 198, 1096, 201, -2, -3, -2.158798930342464, 3.605551275463989
120, 51, 316, 396, 317, 396, -1, 0, 3.141592653589793, 1.0
120, 52, 204, 87, 204, 88, 0, -1, -1.5707963267948966, 1.0
120, 53, 456, 590, 455, 595, 1, -5, -1.373400766945016, 5.0990195135927845
120, 54, 385, 373, 386, 371, -1, 2, 2.0344439357957027, 2.23606797749979
120, 55, 795, 143, 796, 145, -1, -2, -2.0344439357957027, 2.23606797749979
120, 56, 578, 41, 578, 43, 0, -2, -1.5707963267948966, 2.0
120, 57, 1143, 130, 1143, 130, 0, 0, 0.0, 0.0
120, 58, 549, 100, 550, 100, -1, 0, 3.141592653589793, 1.0
120, 59, 807, 165, 809, 167, -2, -2, -2.356194490192345, 2.8284271247461903
120, 60, 53, 442, 52, 439, 1, 3, 1.2490457723982544, 3.1622776601683795
120, 61, 692, 434, 692, 439, 0, -5, -1.5707963267948966, 5.0
120, 62, 256, 371, 257, 371, -1, 0, 3.141592653589793, 1.0
120, 63, 707, 334, 708, 337, -1, -3, -1.892546881191539, 3.1622776601683795
120, 64, 827, 581, 827, 584, 0, -3, -1.5707963267948966, 3.0
120, 65, 1173, 150, 1174, 149, -1, 1, 2.356194490192345, 1.4142135623730951
120, 66, 189, 73, 185, 73, 4, 0, 0.0, 4.0
120, 67, 768, 235, 768, 235, 0, 0, 0.0, 0.0
120, 68, 478, 157, 479, 159, -1, -2, -2.0344439357957027, 2.23606797749979
120, 69, 692, 701, 695, 705, -3, -4, -2.214297435588181, 5.0
120, 70, 382, 465, 383, 465, -1, 0, 3.141592653589793, 1.0
120, 71, 180, 86, 178, 86, 2, 0, 0.0, 2.0
120, 72, 373, 319, 375, 317, -2, 2, 2.356194490192345, 2.8284271247461903
120, 73, 1180, 599, 1181, 595, -1, 4, 1.8157749899217608, 4.123105625617661
120, 74, 462, 571, 461, 576, 1, -5, -1.373400766945016, 5.0990195135927845
120, 75, 59, 493, 59, 491, 0, 2, 1.5707963267948966, 2.0
120, 76, 1187, 56, 1186, 56, 1, 0, 0.0, 1.0
120, 77, 472, 147, 473, 149, -1, -2, -2.0344439357957027, 2.23606797749979
120, 78, 1148, 69, 1147, 69, 1, 0, 0.0, 1.0
120, 79, 622, 290, 622, 287, 0, 3, 1.5707963267948966, 3.0
120, 80, 624, 152, 625, 152, -1, 0, 3.141592653589793, 1.0
120, 81, 1218, 222, 1217, 219, 1, 3, 1.2490457723982544, 3.1622776601683795
120, 82, 329, 412, 330, 412, -1, 0, 3.141592653589793, 1.0
120, 83, 83, 148, 84, 148, -1, 0, 3.141592653589793, 1.0
120, 84, 866, 29, 868, 30, -2, -1, -2.677945044588987, 2.23606797749979
120, 85, 406, 316, 407, 315, -1, 1, 2.356194490192345, 1.4142135623730951
120, 86, 195, 77, 194, 76, 1, 1, 0.7853981633974483, 1.4142135623730951
120, 87, 738, 300, 740, 304, -2, -4, -2.0344439357957027, 4.47213595499958
120, 88, 624, 372, 625, 372, -1, 0, 3.141592653589793, 1.0
120, 89, 149, 701, 151, 710, -2, -9, -1.7894652726688385, 9.219544457292887
120, 90, 676, 666, 678, 662, -2, 4, 2.0344439357957027, 4.47213595499958
120, 91, 98, 544, 99, 544, -1, 0, 3.141592653589793, 1.0
120, 92, 1261, 338, 1261, 336, 0, 2, 1.5707963267948966, 2.0
120, 93, 683, 29, 683, 30, 0, -1, -1.5707963267948966, 1.0
120, 94, 1226, 256, 1226, 253, 0, 3, 1.5707963267948966, 3.0
120, 95, 697, 409, 697, 414, 0, -5, -1.5707963267948966, 5.0
120, 96, 816, 477, 817, 482, -1, -5, -1.7681918866447774, 5.0990195135927845
120, 97, 68, 433, 67, 431, 1, 2, 1.1071487177940904, 2.23606797749979
120, 98, 480, 129, 481, 133, -1, -4, -1.8157749899217608, 4.123105625617661
120, 99, 1098, 251, 1101, 254, -3, -3, -2.356194490192345, 4.242640687119285
120, 100, 153, 49, 154, 49, -1, 0, 3.141592653589793, 1.0
120, 101, 92, 505, 90, 503, 2, 2, 0.7853981633974483, 2.8284271247461903
120, 102, 1160, 60, 1160, 60, 0, 0, 0.0, 0.0
120, 103, 661, 311, 662, 310, -1, 1, 2.356194490192345, 1.4142135623730951
120, 104, 836, 40, 838, 41, -2, -1, -2.677945044588987, 2.23606797749979
120, 105, 286, 383, 287, 383, -1, 0, 3.141592653589793, 1.0
120, 106, 931, 100, 932, 100, -1, 0, 3.141592653589793, 1.0
120, 107, 1162, 110, 1160, 109, 2, 1, 0.4636476090008061, 2.23606797749979
120, 108, 857, 10, 856, 10, 1, 0, 0.0, 1.0
120, 109, 1158, 192, 1157, 191, 1, 1, 0.7853981633974483, 1.4142135623730951
120, 110, 646, 332, 646, 328, 0, 4, 1.5707963267948966, 4.0
120, 111, 685, 520, 686, 524, -1, -4, -1.8157749899217608, 4.123105625617661
120, 112, 401, 448, 403, 444, -2, 4, 2.0344439357957027, 4.47213595499958
120, 113, 672, 223, 674, 221, -2, 2, 2.356194490192345, 2.8284271247461903
120, 114, 389, 291, 391, 289, -2, 2, 2.356194490192345, 2.8284271247461903
120, 115, 372, 368, 374, 366, -2, 2, 2.356194490192345, 2.8284271247461903
120, 116, 1216, 213, 1215, 210, 1, 3, 1.2490457723982544, 3.1622776601683795
120, 117, 1144, 103, 1144, 103, 0, 0, 0.0, 0.0
120, 118, 1090, 212, 1092, 215, -2, -3, -2.158798930342464, 3.605551275463989
120, 119, 493, 178, 494, 180, -1, -2, -2.0344439357957027, 2.23606797749979
120, 120, 1184, 290, 1185, 290, -1, 0, 3.141592653589793, 1.0
120, 121, 1261, 333, 1266, 331, -5, 2, 2.761086276477428, 5.385164807134504
120, 122, 858, 21, 859, 21, -1, 0, 3.141592653589793, 1.0
120, 123, 1198, 270, 1198, 267, 0, 3, 1.5707963267948966, 3.0
120, 124, 1255, 364, 1254, 365, 1, -1, -0.7853981633974483, 1.4142135623730951
120, 125, 1156, 101, 1155, 101, 1, 0, 0.0, 1.0
120, 126, 483, 104, 484, 108, -1, -4, -1.8157749899217608, 4.123105625617661
120, 127, 153, 24, 154, 24, -1, 0, 3.141592653589793, 1.0
120, 128, 632, 395, 632, 394, 0, 1, 1.5707963267948966, 1.0
120, 129, 479, 611, 478, 616, 1, -5, -1.373400766945016, 5.0990195135927845
120, 130, 830, 45, 832, 46, -2, -1, -2.677945044588987, 2.23606797749979
120, 131, 1168, 653, 1167, 649, 1, 4, 1.3258176636680326, 4.123105625617661
120, 132, 693, 422, 693, 427, 0, -5, -1.5707963267948966, 5.0
120, 133, 1172, 701, 1172, 701, 0, 0, 0.0, 0.0
120, 134, 243, 328, 244, 328, -1, 0, 3.141592653589793, 1.0
120, 135, 1076, 238, 1079, 241, -3, -3, -2.356194490192345, 4.242640687119285
120, 136, 1181, 114, 1182, 113, -1, 1, 2.356194490192345, 1.4142135623730951
120, 137, 275, 316, 276, 316, -1, 0, 3.141592653589793, 1.0
120, 138, 362, 423, 365, 421, -3, 2, 2.5535900500422257, 3.605551275463989
120, 139, 376, 281, 378, 280, -2, 1, 2.677945044588987, 2.23606797749979
120, 140, 1261, 368, 1260, 369, 1, -1, -0.7853981633974483, 1.4142135623730951
120, 141, 1168, 106, 1167, 105, 1, 1, 0.7853981633974483, 1.4142135623730951
120, 142, 1171, 640, 1170, 638, 1, 2, 1.1071487177940904, 2.23606797749979
120, 143, 1180, 139, 1181, 138, -1, 1, 2.356194490192345, 1.4142135623730951
120, 144, 500, 172, 501, 174, -1, -2, -2.0344439357957027, 2.23606797749979
120, 145, 381, 366, 382, 364, -1, 2, 2.0344439357957027, 2.23606797749979
120, 146, 632, 105, 633, 104, -1, 1, 2.356194490192345, 1.4142135623730951
120, 147, 809, 527, 809, 531, 0, -4, -1.5707963267948966, 4.0
120, 148, 671, 304, 673, 300, -2, 4, 2.0344439357957027, 4.47213595499958
120, 149, 843, 10, 843, 10, 0, 0, 0.0, 0.0
120, 150, 606, 344, 607, 341, -1, 3, 1.892546881191539, 3.1622776601683795
120, 151, 99, 483, 98, 481, 1, 2, 1.1071487177940904, 2.23606797749979
120, 152, 471, 610, 469, 614, 2, -4, -1.1071487177940904, 4.47213595499958
120, 153, 238, 320, 239, 320, -1, 0, 3.141592653589793, 1.0
120, 154, 491, 75, 492, 77, -1, -2, -2.0344439357957027, 2.23606797749979
120, 155, 818, 524, 818, 528, 0, -4, -1.5707963267948966, 4.0
120, 156, 48, 687, 50, 683, -2, 4, 2.0344439357957027, 4.47213595499958
121, 0, 827, 464, 827, 469, 0, -5, -1.5707963267948966, 5.0
121, 1, 681, 679, 683, 675, -2, 4, 2.0344439357957027, 4.47213595499958
121, 2, 394, 376, 395, 374, -1, 2, 2.0344439357957027, 2.23606797749979
121, 3, 840, 465, 840, 470, 0, -5, -1.5707963267948966, 5.0
121, 4, 495, 515, 495, 520, 0, -5, -1.5707963267948966, 5.0
121, 5, 589, 40, 589, 40, 0, 0, 0.0, 0.0
121, 6, 276, 325, 276, 324, 0, 1, 1.5707963267948966, 1.0
121, 7, 175, 39, 175, 38, 0, 1, 1.5707963267948966, 1.0
121, 8, 1256, 200, 1256, 198, 0, 2, 1.5707963267948966, 2.0
121, 9, 485, 93, 486, 95, -1, -2, -2.0344439357957027, 2.23606797749979
121, 10, 515, 541, 516, 546, -1, -5, -1.7681918866447774, 5.0990195135927845
121, 11, 654, 287, 655, 284, -1, 3, 1.892546881191539, 3.1622776601683795
121, 12, 687, 419, 686, 424, 1, -5, -1.373400766945016, 5.0990195135927845
121, 13, 506, 540, 506, 545, 0, -5, -1.5707963267948966, 5.0
121, 14, 1218, 265, 1217, 262, 1, 3, 1.2490457723982544, 3.1622776601683795
121, 15, 55, 681, 56, 677, -1, 4, 1.8157749899217608, 4.123105625617661
121, 16, 390, 446, 391, 443, -1, 3, 1.892546881191539, 3.1622776601683795
121, 17, 772, 171, 773, 168, -1, 3, 1.892546881191539, 3.1622776601683795
121, 18, 1105, 258, 1107, 261, -2, -3, -2.158798930342464, 3.605551275463989
121, 19, 466, 592, 464, 597, 2, -5, -1.1902899496825317, 5.385164807134504
121, 20, 479, 515, 479, 519, 0, -4, -1.5707963267948966, 4.0
121, 21, 813, 27, 814, 27, -1, 0, 3.141592653589793, 1.0
121, 22, 300, 364, 300, 364, 0, 0, 0.0, 0.0
121, 23, 465, 158, 465, 159, 0, -1, -1.5707963267948966, 1.0
121, 24, 1192, 664, 1191, 660, 1, 4, 1.3258176636680326, 4.123105625617661
121, 25, 1068, 241, 1070, 243, -2, -2, -2.356194490192345, 2.8284271247461903
121, 26, 624, 69, 625, 68, -1, 1, 2.356194490192345, 1.4142135623730951
121, 27, 654, 701, 654, 701, 0, 0, 0.0, 0.0
121, 28, 826, 26, 827, 26, -1, 0, 3.141592653589793, 1.0
121, 29, 1099, 210, 1101, 212, -2, -2, -2.356194490192345, 2.8284271247461903
121, 30, 767, 164, 767, 161, 0, 3, 1.5707963267948966, 3.0
121, 31, 700, 422, 700, 427, 0, -5, -1.5707963267948966, 5.0
121, 32, 868, 38, 870, 38, -2, 0, 3.141592653589793, 2.0
121, 33, 582, 31, 582, 31, 0, 0, 0.0, 0.0
121, 34, 501, 585, 501, 588, 0, -3, -1.5707963267948966, 3.0
121, 35, 385, 350, 387, 347, -2, 3, 2.158798930342464, 3.605551275463989
121, 36, 179, 26, 179, 25, 0, 1, 1.5707963267948966, 1.0
121, 37, 762, 171, 762, 167, 0, 4, 1.5707963267948966, 4.0
121, 38, 1203, 700, 1198, 701, 5, -1, -0.19739555984988075, 5.0990195135927845
121, 39, 777, 174, 778, 172, -1, 2, 2.0344439357957027, 2.23606797749979
121, 40, 493, 102, 494, 104, -1, -2, -2.0344439357957027, 2.23606797749979
121, 41, 675, 232, 676, 229, -1, 3, 1.892546881191539, 3.1622776601683795
121, 42, 477, 243, 478, 243, -1, 0, 3.141592653589793, 1.0
121, 43, 660, 680, 660, 676, 0, 4, 1.5707963267948966, 4.0
121, 44, 676, 460, 676, 465, 0, -5, -1.5707963267948966, 5.0
121, 45, 1261, 205, 1261, 203, 0, 2, 1.5707963267948966, 2.0
121, 46, 666, 216, 667, 212, -1, 4, 1.8157749899217608, 4.123105625617661
121, 47, 1093, 195, 1094, 198, -1, -3, -1.892546881191539, 3.1622776601683795
121, 48, 316, 396, 316, 396, 0, 0, 0.0, 0.0
121, 49, 204, 88, 204, 87, 0, 1, 1.5707963267948966, 1.0
121, 50, 457, 585, 456, 590, 1, -5, -1.373400766945016, 5.0990195135927845
121, 51, 384, 376, 385, 373, -1, 3, 1.892546881191539, 3.1622776601683795
121, 52, 578, 41, 578, 41, 0, 0, 0.0, 0.0
121, 53, 1143, 131, 1143, 130, 0, 1, 1.5707963267948966, 1.0
121, 54, 548, 100, 549, 100, -1, 0, 3.141592653589793, 1.0
121, 55, 805, 164, 807, 165, -2, -1, -2.677945044588987, 2.23606797749979
121, 56, 54, 445, 53, 442, 1, 3, 1.2490457723982544, 3.1622776601683795
121, 57, 693, 429, 692, 434, 1, -5, -1.373400766945016, 5.0990195135927845
121, 58, 256, 371, 256, 371, 0, 0, 0.0, 0.0
121, 59, 706, 332, 707, 334, -1, -2, -2.0344439357957027, 2.23606797749979
121, 60, 827, 578, 827, 581, 0, -3, -1.5707963267948966, 3.0
121, 61, 1173, 152, 1173, 150, 0, 2, 1.5707963267948966, 2.0
121, 62, 192, 74, 189, 73, 3, 1, 0.3217505543966422, 3.1622776601683795
121, 63, 768, 237, 768, 235, 0, 2, 1.5707963267948966, 2.0
121, 64, 478, 156, 478, 157, 0, -1, -1.5707963267948966, 1.0
121, 65, 690, 701, 692, 701, -2, 0, 3.141592653589793, 2.0
121, 66, 381, 466, 382, 465, -1, 1, 2.356194490192345, 1.4142135623730951
121, 67, 182, 87, 180, 86, 2, 1, 0.4636476090008061, 2.23606797749979
121, 68, 372, 321, 373, 319, -1, 2, 2.0344439357957027, 2.23606797749979
121, 69, 1179, 603, 1180, 599, -1, 4, 1.8157749899217608, 4.123105625617661
121, 70, 463, 567, 462, 571, 1, -4, -1.3258176636680326, 4.123105625617661
121, 71, 59, 496, 59, 493, 0, 3, 1.5707963267948966, 3.0
121, 72, 1188, 57, 1187, 56, 1, 1, 0.7853981633974483, 1.4142135623730951
121, 73, 472, 146, 472, 147, 0, -1, -1.5707963267948966, 1.0
121, 74, 1149, 70, 1148, 69, 1, 1, 0.7853981633974483, 1.4142135623730951
121, 75, 622, 293, 622, 290, 0, 3, 1.5707963267948966, 3.0
121, 76, 623, 153, 624, 152, -1, 1, 2.356194490192345, 1.4142135623730951
121, 77, 1219, 225, 1218, 222, 1, 3, 1.2490457723982544, 3.1622776601683795
121, 78, 329, 412, 329, 412, 0, 0, 0.0, 0.0
121, 79, 82, 149, 83, 148, -1, 1, 2.356194490192345, 1.4142135623730951
121, 80, 864, 29, 866, 29, -2, 0, 3.141592653589793, 2.0
121, 81, 405, 319, 406, 316, -1, 3, 1.892546881191539, 3.1622776601683795
121, 82, 196, 79, 195, 77, 1, 2, 1.1071487177940904, 2.23606797749979
121, 83, 737, 296, 738, 300, -1, -4, -1.8157749899217608, 4.123105625617661
121, 84, 624, 373, 624, 372, 0, 1, 1.5707963267948966, 1.0
121, 85, 148, 701, 149, 701, -1, 0, 3.141592653589793, 1.0
121, 86, 675, 670, 676, 666, -1, 4, 1.8157749899217608, 4.123105625617661
121, 87, 98, 545, 98, 544, 0, 1, 1.5707963267948966, 1.0
121, 88, 1261, 341, 1261, 338, 0, 3, 1.5707963267948966, 3.0
121, 89, 683, 29, 683, 29, 0, 0, 0.0, 0.0
121, 90, 1226, 259, 1226, 256, 0, 3, 1.5707963267948966, 3.0
121, 91, 698, 404, 697, 409, 1, -5, -1.373400766945016, 5.0990195135927845
121, 92, 816, 472, 816, 477, 0, -5, -1.5707963267948966, 5.0
121, 93, 69, 436, 68, 433, 1, 3, 1.2490457723982544, 3.1622776601683795
121, 94, 479, 127, 480, 129, -1, -2, -2.0344439357957027, 2.23606797749979
121, 95, 1096, 248, 1098, 251, -2, -3, -2.158798930342464, 3.605551275463989
121, 96, 153, 50, 153, 49, 0, 1, 1.5707963267948966, 1.0
121, 97, 95, 507, 92, 505, 3, 2, 0.5880026035475675, 3.605551275463989
121, 98, 1161, 61, 1160, 60, 1, 1, 0.7853981633974483, 1.4142135623730951
121, 99, 660, 312, 661, 311, -1, 1, 2.356194490192345, 1.4142135623730951
121, 100, 834, 40, 836, 40, -2, 0, 3.141592653589793, 2.0
121, 101, 286, 383, 286, 383, 0, 0, 0.0, 0.0
121, 102, 930, 100, 931, 100, -1, 0, 3.141592653589793, 1.0
121, 103, 1163, 112, 1162, 110, 1, 2, 1.1071487177940904, 2.23606797749979
121, 104, 857, 10, 857, 10, 0, 0, 0.0, 0.0
121, 105, 1158, 194, 1158, 192, 0, 2, 1.5707963267948966, 2.0
121, 106, 646, 336, 646, 332, 0, 4, 1.5707963267948966, 4.0
121, 107, 684, 515, 685, 520, -1, -5, -1.7681918866447774, 5.0990195135927845
121, 108, 400, 452, 401, 448, -1, 4, 1.8157749899217608, 4.123105625617661
121, 109, 671, 226, 672, 223, -1, 3, 1.892546881191539, 3.1622776601683795
121, 110, 387, 293, 389, 291, -2, 2, 2.356194490192345, 2.8284271247461903
121, 111, 371, 372, 372, 368, -1, 4, 1.8157749899217608, 4.123105625617661
121, 112, 1217, 216, 1216, 213, 1, 3, 1.2490457723982544, 3.1622776601683795
121, 113, 1144, 104, 1144, 103, 0, 1, 1.5707963267948966, 1.0
121, 114, 1089, 209, 1090, 212, -1, -3, -1.892546881191539, 3.1622776601683795
121, 115, 1184, 290, 1184, 290, 0, 0, 0.0, 0.0
121, 116, 1261, 336, 1261, 333, 0, 3, 1.5707963267948966, 3.0
121, 117, 856, 21, 858, 21, -2, 0, 3.141592653589793, 2.0
121, 118, 1198, 273, 1198, 270, 0, 3, 1.5707963267948966, 3.0
121, 119, 1256, 364, 1255, 364, 1, 0, 0.0, 1.0
121, 120, 1157, 102, 1156, 101, 1, 1, 0.7853981633974483, 1.4142135623730951
121, 121, 482, 102, 483, 104, -1, -2, -2.0344439357957027, 2.23606797749979
121, 122, 152, 25, 153, 24, -1, 1, 2.356194490192345, 1.4142135623730951
121, 123, 632, 396, 632, 395, 0, 1, 1.5707963267948966, 1.0
121, 124, 480, 606, 479, 611, 1, -5, -1.373400766945016, 5.0990195135927845
121, 125, 828, 45, 830, 45, -2, 0, 3.141592653589793, 2.0
121, 126, 1169, 656, 1168, 653, 1, 3, 1.2490457723982544, 3.1622776601683795
121, 127, 694, 417, 693, 422, 1, -5, -1.373400766945016, 5.0990195135927845
121, 128, 1172, 701, 1172, 701, 0, 0, 0.0, 0.0
121, 129, 243, 329, 243, 328, 0, 1, 1.5707963267948966, 1.0
121, 130, 1074, 236, 1076, 238, -2, -2, -2.356194490192345, 2.8284271247461903
121, 131, 1181, 116, 1181, 114, 0, 2, 1.5707963267948966, 2.0
121, 132, 274, 317, 275, 316, -1, 1, 2.356194490192345, 1.4142135623730951
121, 133, 360, 426, 362, 423, -2, 3, 2.158798930342464, 3.605551275463989
121, 134, 374, 283, 376, 281, -2, 2, 2.356194490192345, 2.8284271247461903
121, 135, 1261, 368, 1261, 368, 0, 0, 0.0, 0.0
121, 136, 1169, 107, 1168, 106, 1, 1, 0.7853981633974483, 1.4142135623730951
121, 137, 1172, 641, 1171, 640, 1, 1, 0.7853981633974483, 1.4142135623730951
121, 138, 1180, 141, 1180, 139, 0, 2, 1.5707963267948966, 2.0
121, 139, 380, 370, 381, 366, -1, 4, 1.8157749899217608, 4.123105625617661
121, 140, 631, 107, 632, 105, -1, 2, 2.0344439357957027, 2.23606797749979
121, 141, 809, 523, 809, 527, 0, -4, -1.5707963267948966, 4.0
121, 142, 670, 306, 671, 304, -1, 2, 2.0344439357957027, 2.23606797749979
121, 143, 843, 10, 843, 10, 0, 0, 0.0, 0.0
121, 144, 606, 347, 606, 344, 0, 3, 1.5707963267948966, 3.0
121, 145, 100, 485, 99, 483, 1, 2, 1.1071487177940904, 2.23606797749979
121, 146, 473, 605, 471, 610, 2, -5, -1.1902899496825317, 5.385164807134504
121, 147, 238, 321, 238, 320, 0, 1, 1.5707963267948966, 1.0
121, 148, 819, 520, 818, 524, 1, -4, -1.3258176636680326, 4.123105625617661
121, 149, 47, 691, 48, 687, -1, 4, 1.8157749899217608, 4.123105625617661
122, 0, 508, 540, 507, 545, 1, -5, -1.373400766945016, 5.0990195135927845
122, 1, 261, 346, 261, 348, 0, -2, -1.5707963267948966, 2.0
122, 2, 687, 420, 686, 424, 1, -4, -1.3258176636680326, 4.123105625617661
122, 3, 681, 681, 684, 678, -3, 3, 2.356194490192345, 4.242640687119285
122, 4, 467, 588, 465, 593, 2, -5, -1.1902899496825317, 5.385164807134504
122, 5, 828, 465, 828, 468, 0, -3, -1.5707963267948966, 3.0
122, 6, 300, 345, 301, 347, -1, -2, -2.0344439357957027, 2.23606797749979
122, 7, 394, 374, 395, 373, -1, 1, 2.356194490192345, 1.4142135623730951
122, 8, 776, 174, 778, 172, -2, 2, 2.356194490192345, 2.8284271247461903
122, 9, 655, 287, 656, 284, -1, 3, 1.892546881191539, 3.1622776601683795
122, 10, 496, 515, 496, 519, 0, -4, -1.5707963267948966, 4.0
122, 11, 841, 466, 841, 469, 0, -3, -1.5707963267948966, 3.0
122, 12, 174, 41, 174, 40, 0, 1, 1.5707963267948966, 1.0
122, 13, 806, 181, 807, 186, -1, -5, -1.7681918866447774, 5.0990195135927845
122, 14, 1257, 200, 1257, 198, 0, 2, 1.5707963267948966, 2.0
122, 15, 541, 32, 542, 36, -1, -4, -1.8157749899217608, 4.123105625617661
122, 16, 590, 39, 590, 41, 0, -2, -1.5707963267948966, 2.0
122, 17, 784, 11, 784, 14, 0, -3, -1.5707963267948966, 3.0
122, 18, 487, 91, 487, 96, 0, -5, -1.5707963267948966, 5.0
122, 19, 97, 512, 95, 510, 2, 2, 0.7853981633974483, 2.8284271247461903
122, 20, 368, 316, 371, 314, -3, 2, 2.5535900500422257, 3.605551275463989
122, 21, 700, 424, 701, 427, -1, -3, -1.892546881191539, 3.1622776601683795
122, 22, 276, 322, 277, 324, -1, -2, -2.0344439357957027, 2.23606797749979
122, 23, 391, 448, 394, 447, -3, 1, 2.819842099193151, 3.1622776601683795
122, 24, 542, 106, 542, 108, 0, -2, -1.5707963267948966, 2.0
122, 25, 54, 682, 56, 679, -2, 3, 2.158798930342464, 3.605551275463989
122, 26, 1066, 241, 1070, 244, -4, -3, -2.498091544796509, 5.0
122, 27, 1100, 207, 1102, 213, -2, -6, -1.892546881191539, 6.324555320336759
122, 28, 251, 391, 252, 393, -1, -2, -2.0344439357957027, 2.23606797749979
122, 29, 300, 363, 301, 365, -1, -2, -2.0344439357957027, 2.23606797749979
122, 30, 1103, 259, 1107, 262, -4, -3, -2.498091544796509, 5.0
122, 31, 624, 69, 625, 69, -1, 0, 3.141592653589793, 1.0
122, 32, 386, 353, 388, 350, -2, 3, 2.158798930342464, 3.605551275463989
122, 33, 257, 377, 257, 379, 0, -2, -1.5707963267948966, 2.0
122, 34, 466, 156, 466, 160, 0, -4, -1.5707963267948966, 4.0
122, 35, 1221, 266, 1218, 263, 3, 3, 0.7853981633974483, 4.242640687119285
122, 36, 249, 339, 249, 341, 0, -2, -1.5707963267948966, 2.0
122, 37, 480, 516, 481, 520, -1, -4, -1.8157749899217608, 4.123105625617661
122, 38, 256, 340, 256, 342, 0, -2, -1.5707963267948966, 2.0
122, 39, 194, 72, 192, 73, 2, -1, -0.4636476090008061, 2.23606797749979
122, 40, 813, 25, 815, 27, -2, -2, -2.356194490192345, 2.8284271247461903
122, 41, 763, 16, 764, 20, -1, -4, -1.8157749899217608, 4.123105625617661
122, 42, 292, 323, 293, 325, -1, -2, -2.0344439357957027, 2.23606797749979
122, 43, 330, 360, 330, 362, 0, -2, -1.5707963267948966, 2.0
122, 44, 868, 37, 871, 39, -3, -2, -2.5535900500422257, 3.605551275463989
122, 45, 806, 162, 808, 166, -2, -4, -2.0344439357957027, 4.47213595499958
122, 46, 384, 377, 385, 375, -1, 2, 2.0344439357957027, 2.23606797749979
122, 47, 462, 566, 463, 571, -1, -5, -1.7681918866447774, 5.0990195135927845
122, 48, 257, 370, 257, 372, 0, -2, -1.5707963267948966, 2.0
122, 49, 1261, 205, 1263, 203, -2, 2, 2.356194490192345, 2.8284271247461903
122, 50, 709, 331, 709, 335, 0, -4, -1.5707963267948966, 4.0
122, 51, 1093, 194, 1095, 199, -2, -5, -1.9513027039072615, 5.385164807134504
122, 52, 483, 6, 484, 11, -1, -5, -1.7681918866447774, 5.0990195135927845
122, 53, 401, 427, 402, 427, -1, 0, 3.141592653589793, 1.0
122, 54, 305, 330, 306, 332, -1, -2, -2.0344439357957027, 2.23606797749979
122, 55, 771, 165, 772, 162, -1, 3, 1.892546881191539, 3.1622776601683795
122, 56, 495, 100, 495, 105, 0, -5, -1.5707963267948966, 5.0
122, 57, 582, 29, 582, 32, 0, -3, -1.5707963267948966, 3.0
122, 58, 677, 461, 677, 464, 0, -3, -1.5707963267948966, 3.0
122, 59, 938, 22, 938, 24, 0, -2, -1.5707963267948966, 2.0
122, 60, 503, 579, 504, 582, -1, -3, -1.892546881191539, 3.1622776601683795
122, 61, 187, 28, 186, 28, 1, 0, 0.0, 1.0
122, 62, 316, 395, 316, 397, 0, -2, -1.5707963267948966, 2.0
122, 63, 666, 217, 668, 213, -2, 4, 2.0344439357957027, 4.47213595499958
122, 64, 675, 233, 677, 229, -2, 4, 2.0344439357957027, 4.47213595499958
122, 65, 660, 682, 660, 679, 0, 3, 1.5707963267948966, 3.0
122, 66, 478, 242, 479, 245, -1, -3, -1.892546881191539, 3.1622776601683795
122, 67, 550, 99, 550, 101, 0, -2, -1.5707963267948966, 2.0
122, 68, 763, 171, 762, 168, 1, 3, 1.2490457723982544, 3.1622776601683795
122, 69, 263, 384, 264, 386, -1, -2, -2.0344439357957027, 2.23606797749979
122, 70, 197, 81, 197, 81, 0, 0, 0.0, 0.0
122, 71, 691, 701, 694, 713, -3, -12, -1.8157749899217608, 12.36931687685298
122, 72, 549, 25, 550, 29, -1, -4, -1.8157749899217608, 4.123105625617661
122, 73, 825, 25, 827, 27, -2, -2, -2.356194490192345, 2.8284271247461903
122, 74, 587, 109, 588, 112, -1, -3, -1.892546881191539, 3.1622776601683795
122, 75, 473, 143, 473, 148, 0, -5, -1.5707963267948966, 5.0
122, 76, 632, 395, 632, 396, 0, -1, -1.5707963267948966, 1.0
122, 77, 653, 701, 654, 703, -1, -2, -2.0344439357957027, 2.23606797749979
122, 78, 1261, 395, 1268, 395, -7, 0, 3.141592653589793, 7.0
122, 79, 63, 498, 62, 497, 1, 1, 0.7853981633974483, 1.4142135623730951
122, 80, 694, 432, 693, 435, 1, -3, -1.2490457723982544, 3.1622776601683795
122, 81, 1256, 366, 1254, 365, 2, 1, 0.4636476090008061, 2.23606797749979
122, 82, 458, 585, 457, 590, 1, -5, -1.373400766945016, 5.0990195135927845
122, 83, 1171, 658, 1170, 659, 1, -1, -0.7853981633974483, 1.4142135623730951
122, 84, 536, 66, 536, 68, 0, -2, -1.5707963267948966, 2.0
122, 85, 623, 372, 624, 370, -1, 2, 2.0344439357957027, 2.23606797749979
122, 86, 1154, 106, 1152, 106, 2, 0, 0.0, 2.0
122, 87, 1192, 57, 1188, 57, 4, 0, 0.0, 4.0
122, 88, 1198, 317, 1198, 318, 0, -1, -1.5707963267948966, 1.0
122, 89, 578, 40, 578, 43, 0, -3, -1.5707963267948966, 3.0
122, 90, 1146, 102, 1144, 102, 2, 0, 0.0, 2.0
122, 91, 794, 140, 796, 144, -2, -4, -2.0344439357957027, 4.47213595499958
122, 92, 57, 444, 54, 442, 3, 2, 0.5880026035475675, 3.605551275463989
122, 93, 514, 535, 515, 540, -1, -5, -1.7681918866447774, 5.0990195135927845
122, 94, 253, 348, 253, 350, 0, -2, -1.5707963267948966, 2.0
122, 95, 492, 636, 492, 639, 0, -3, -1.5707963267948966, 3.0
122, 96, 735, 291, 737, 296, -2, -5, -1.9513027039072615, 5.385164807134504
122, 97, 246, 409, 246, 411, 0, -2, -1.5707963267948966, 2.0
122, 98, 300, 388, 300, 390, 0, -2, -1.5707963267948966, 2.0
122, 99, 730, 383, 730, 392, 0, -9, -1.5707963267948966, 9.0
122, 100, 479, 154, 479, 158, 0, -4, -1.5707963267948966, 4.0
122, 101, 863, 29, 866, 31, -3, -2, -2.5535900500422257, 3.605551275463989
122, 102, 936, 106, 936, 107, 0, -1, -1.5707963267948966, 1.0
122, 103, 1143, 131, 1143, 132, 0, -1, -1.5707963267948966, 1.0
122, 104, 185, 84, 185, 84, 0, 0, 0.0, 0.0
122, 105, 186, 37, 185, 37, 1, 0, 0.0, 1.0
122, 106, 1194, 672, 1193, 667, 1, 5, 1.373400766945016, 5.0990195135927845
122, 107, 1221, 225, 1219, 222, 2, 3, 0.982793723247329, 3.605551275463989
122, 108, 622, 294, 622, 291, 0, 3, 1.5707963267948966, 3.0
122, 109, 614, 111, 615, 110, -1, 1, 2.356194490192345, 1.4142135623730951
122, 110, 760, 241, 758, 237, 2, 4, 1.1071487177940904, 4.47213595499958
122, 111, 815, 473, 817, 477, -2, -4, -2.0344439357957027, 4.47213595499958
122, 112, 1183, 608, 1184, 604, -1, 4, 1.8157749899217608, 4.123105625617661
122, 113, 808, 16, 809, 18, -1, -2, -2.0344439357957027, 2.23606797749979
122, 114, 1210, 12, 1210, 13, 0, -1, -1.5707963267948966, 1.0
122, 115, 579, 109, 581, 112, -2, -3, -2.158798930342464, 3.605551275463989
122, 116, 479, 126, 480, 131, -1, -5, -1.7681918866447774, 5.0990195135927845
122, 117, 72, 437, 69, 434, 3, 3, 0.7853981633974483, 4.242640687119285
122, 118, 154, 51, 154, 51, 0, 0, 0.0, 0.0
122, 119, 683, 30, 683, 31, 0, -1, -1.5707963267948966, 1.0
122, 120, 1174, 153, 1174, 151, 0, 2, 1.5707963267948966, 2.0
122, 121, 174, 64, 174, 64, 0, 0, 0.0, 0.0
122, 122, 699, 404, 699, 409, 0, -5, -1.5707963267948966, 5.0
122, 123, 261, 393, 262, 395, -1, -2, -2.0344439357957027, 2.23606797749979
122, 124, 329, 410, 330, 412, -1, -2, -2.0344439357957027, 2.23606797749979
122, 125, 692, 490, 693, 492, -1, -2, -2.0344439357957027, 2.23606797749979
122, 126, 1152, 71, 1149, 70, 3, 1, 0.3217505543966422, 3.1622776601683795
122, 127, 1192, 98, 1190, 98, 2, 0, 0.0, 2.0
122, 128, 1186, 290, 1185, 291, 1, -1, -0.7853981633974483, 1.4142135623730951
122, 129, 82, 147, 83, 149, -1, -2, -2.0344439357957027, 2.23606797749979
122, 130, 1088, 209, 1090, 213, -2, -4, -2.0344439357957027, 4.47213595499958
122, 131, 751, 203, 751, 202, 0, 1, 1.5707963267948966, 1.0
122, 132, 932, 99, 932, 100, 0, -1, -1.5707963267948966, 1.0
122, 133, 500, 170, 500, 173, 0, -3, -1.5707963267948966, 3.0
122, 134, 1158, 193, 1157, 192, 1, 1, 0.7853981633974483, 1.4142135623730951
122, 135, 674, 673, 677, 669, -3, 4, 2.214297435588181, 5.0
122, 136, 98, 543, 99, 545, -1, -2, -2.0344439357957027, 2.23606797749979
122, 137, 264, 411, 264, 413, 0, -2, -1.5707963267948966, 2.0
122, 138, 482, 71, 482, 74, 0, -3, -1.5707963267948966, 3.0
122, 139, 855, 13, 854, 13, 1, 0, 0.0, 1.0
122, 140, 271, 328, 272, 330, -1, -2, -2.0344439357957027, 2.23606797749979
122, 141, 768, 237, 768, 235, 0, 2, 1.5707963267948966, 2.0
122, 142, 829, 570, 829, 580, 0, -10, -1.5707963267948966, 10.0
122, 143, 1261, 370, 1262, 369, -1, 1, 2.356194490192345, 1.4142135623730951
122, 144, 405, 319, 407, 318, -2, 1, 2.677945044588987, 2.23606797749979
122, 145, 661, 312, 662, 311, -1, 1, 2.356194490192345, 1.4142135623730951
122, 146, 1082, 298, 1083, 304, -1, -6, -1.7359450042095235, 6.082762530298219
122, 147, 1096, 248, 1099, 251, -3, -3, -2.356194490192345, 4.242640687119285
122, 148, 480, 224, 482, 229, -2, -5, -1.9513027039072615, 5.385164807134504
122, 149, 647, 337, 647, 335, 0, 2, 1.5707963267948966, 2.0
122, 150, 694, 419, 694, 422, 0, -3, -1.5707963267948966, 3.0
122, 151, 484, 101, 484, 106, 0, -5, -1.5707963267948966, 5.0
122, 152, 289, 381, 289, 383, 0, -2, -1.5707963267948966, 2.0
122, 153, 1074, 236, 1077, 239, -3, -3, -2.356194490192345, 4.242640687119285
122, 154, 387, 293, 390, 291, -3, 2, 2.5535900500422257, 3.605551275463989
122, 155, 924, 100, 924, 101, 0, -1, -1.5707963267948966, 1.0
122, 156, 328, 370, 328, 372, 0, -2, -1.5707963267948966, 2.0
122, 157, 153, 27, 154, 26, -1, 1, 2.356194490192345, 1.4142135623730951
122, 158, 74, 147, 75, 149, -1, -2, -2.0344439357957027, 2.23606797749979
122, 159, 290, 358, 290, 360, 0, -2, -1.5707963267948966, 2.0
122, 160, 1201, 274, 1199, 271, 2, 3, 0.982793723247329, 3.605551275463989
122, 161, 270, 342, 271, 344, -1, -2, -2.0344439357957027, 2.23606797749979
122, 162, 1164, 62, 1161, 61, 3, 1, 0.3217505543966422, 3.1622776601683795
122, 163, 829, 46, 831, 47, -2, -1, -2.677945044588987, 2.23606797749979
122, 164, 669, 312, 671, 311, -2, 1, 2.677945044588987, 2.23606797749979
122, 165, 816, 499, 816, 508, 0, -9, -1.5707963267948966, 9.0
122, 166, 1182, 118, 1182, 115, 0, 3, 1.5707963267948966, 3.0
122, 167, 1170, 98, 1169, 99, 1, -1, -0.7853981633974483, 1.4142135623730951
122, 168, 778, 189, 778, 189, 0, 0, 0.0, 0.0
122, 169, 767, 41, 768, 44, -1, -3, -1.892546881191539, 3.1622776601683795
122, 170, 1261, 341, 1260, 339, 1, 2, 1.1071487177940904, 2.23606797749979
122, 171, 793, 190, 794, 194, -1, -4, -1.8157749899217608, 4.123105625617661
122, 172, 278, 352, 278, 354, 0, -2, -1.5707963267948966, 2.0
122, 173, 399, 458, 401, 457, -2, 1, 2.677945044588987, 2.23606797749979
122, 174, 799, 147, 801, 151, -2, -4, -2.0344439357957027, 4.47213595499958
122, 175, 243, 326, 244, 328, -1, -2, -2.0344439357957027, 2.23606797749979
122, 176, 1074, 284, 1076, 285, -2, -1, -2.677945044588987, 2.23606797749979
122, 177, 515, 528, 516, 533, -1, -5, -1.7681918866447774, 5.0990195135927845
122, 178, 371, 374, 373, 370, -2, 4, 2.0344439357957027, 4.47213595499958
122, 179, 1213, 701, 1210, 713, 3, -12, -1.3258176636680326, 12.36931687685298
122, 180, 1146, 124, 1146, 125, 0, -1, -1.5707963267948966, 1.0
122, 181, 631, 107, 632, 106, -1, 1, 2.356194490192345, 1.4142135623730951
122, 182, 1148, 198, 1146, 196, 2, 2, 0.7853981633974483, 2.8284271247461903
122, 183, 826, 539, 826, 541, 0, -2, -1.5707963267948966, 2.0
122, 184, 374, 284, 377, 282, -3, 2, 2.5535900500422257, 3.605551275463989
122, 185, 56, 431, 53, 428, 3, 3, 0.7853981633974483, 4.242640687119285
122, 186, 820, 519, 821, 523, -1, -4, -1.8157749899217608, 4.123105625617661
122, 187, 491, 177, 491, 180, 0, -3, -1.5707963267948966, 3.0
122, 188, 277, 311, 278, 313, -1, -2, -2.0344439357957027, 2.23606797749979
122, 189, 785, 37, 786, 39, -1, -2, -2.0344439357957027, 2.23606797749979
122, 190, 608, 348, 608, 345, 0, 3, 1.5707963267948966, 3.0
122, 191, 684, 511, 685, 518, -1, -7, -1.7126933813990606, 7.0710678118654755
122, 192, 155, 66, 155, 66, 0, 0, 0.0, 0.0
122, 193, 1181, 142, 1181, 140, 0, 2, 1.5707963267948966, 2.0
122, 194, 686, 408, 687, 412, -1, -4, -1.8157749899217608, 4.123105625617661
122, 195, 1219, 217, 1216, 214, 3, 3, 0.7853981633974483, 4.242640687119285
122, 196, 787, 44, 789, 46, -2, -2, -2.356194490192345, 2.8284271247461903
122, 197, 833, 40, 836, 41, -3, -1, -2.819842099193151, 3.1622776601683795
122, 198, 631, 143, 631, 142, 0, 1, 1.5707963267948966, 1.0
122, 199, 102, 485, 100, 486, 2, -1, -0.4636476090008061, 2.23606797749979
122, 200, 658, 225, 660, 221, -2, 4, 2.0344439357957027, 4.47213595499958
122, 201, 379, 372, 381, 368, -2, 4, 2.0344439357957027, 4.47213595499958
122, 202, 939, 37, 939, 38, 0, -1, -1.5707963267948966, 1.0
123, 0, 508, 535, 508, 540, 0, -5, -1.5707963267948966, 5.0
123, 1, 261, 346, 261, 346, 0, 0, 0.0, 0.0
123, 2, 688, 415, 687, 420, 1, -5, -1.373400766945016, 5.0990195135927845
123, 3, 679, 684, 681, 681, -2, 3, 2.158798930342464, 3.605551275463989
123, 4, 469, 586, 467, 588, 2, -2, -0.7853981633974483, 2.8284271247461903
123, 5, 828, 461, 828, 465, 0, -4, -1.5707963267948966, 4.0
123, 6, 300, 345, 300, 345, 0, 0, 0.0, 0.0
123, 7, 393, 376, 394, 374, -1, 2, 2.0344439357957027, 2.23606797749979
123, 8, 775, 176, 776, 174, -1, 2, 2.0344439357957027, 2.23606797749979
123, 9, 655, 290, 655, 287, 0, 3, 1.5707963267948966, 3.0
123, 10, 496, 510, 496, 515, 0, -5, -1.5707963267948966, 5.0
123, 11, 841, 462, 841, 466, 0, -4, -1.5707963267948966, 4.0
123, 12, 173, 42, 174, 41, -1, 1, 2.356194490192345, 1.4142135623730951
123, 13, 805, 179, 806, 181, -1, -2, -2.0344439357957027, 2.23606797749979
123, 14, 1257, 201, 1257, 200, 0, 1, 1.5707963267948966, 1.0
123, 15, 590, 38, 590, 39, 0, -1, -1.5707963267948966, 1.0
123, 16, 784, 9, 784, 11, 0, -2, -1.5707963267948966, 2.0
123, 17, 487, 90, 487, 91, 0, -1, -1.5707963267948966, 1.0
123, 18, 99, 513, 97, 512, 2, 1, 0.4636476090008061, 2.23606797749979
123, 19, 367, 319, 368, 316, -1, 3, 1.892546881191539, 3.1622776601683795
123, 20, 700, 419, 700, 424, 0, -5, -1.5707963267948966, 5.0
123, 21, 276, 322, 276, 322, 0, 0, 0.0, 0.0
123, 22, 390, 450, 391, 448, -1, 2, 2.0344439357957027, 2.23606797749979
123, 23, 542, 106, 542, 106, 0, 0, 0.0, 0.0
123, 24, 53, 686, 54, 682, -1, 4, 1.8157749899217608, 4.123105625617661
123, 25, 1063, 239, 1066, 241, -3, -2, -2.5535900500422257, 3.605551275463989
123, 26, 1099, 204, 1100, 207, -1, -3, -1.892546881191539, 3.1622776601683795
123, 27, 251, 391, 251, 391, 0, 0, 0.0, 0.0
123, 28, 300, 363, 300, 363, 0, 0, 0.0, 0.0
123, 29, 1100, 257, 1103, 259, -3, -2, -2.5535900500422257, 3.605551275463989
123, 30, 624, 70, 624, 69, 0, 1, 1.5707963267948966, 1.0
123, 31, 385, 356, 386, 353, -1, 3, 1.892546881191539, 3.1622776601683795
123, 32, 257, 377, 257, 377, 0, 0, 0.0, 0.0
123, 33, 466, 154, 466, 156, 0, -2, -1.5707963267948966, 2.0
123, 34, 1222, 267, 1221, 266, 1, 1, 0.7853981633974483, 1.4142135623730951
123, 35, 249, 339, 249, 339, 0, 0, 0.0, 0.0
123, 36, 479, 511, 480, 516, -1, -5, -1.7681918866447774, 5.0990195135927845
123, 37, 256, 340, 256, 340, 0, 0, 0.0, 0.0
123, 38, 195, 71, 194, 72, 1, -1, -0.7853981633974483, 1.4142135623730951
123, 39, 812, 25, 813, 25, -1, 0, 3.141592653589793, 1.0
123, 40, 292, 323, 292, 323, 0, 0, 0.0, 0.0
123, 41, 330, 360, 330, 360, 0, 0, 0.0, 0.0
123, 42, 866, 36, 868, 37, -2, -1, -2.677945044588987, 2.23606797749979
123, 43, 805, 160, 806, 162, -1, -2, -2.0344439357957027, 2.23606797749979
123, 44, 384, 380, 384, 377, 0, 3, 1.5707963267948966, 3.0
123, 45, 461, 564, 462, 566, -1, -2, -2.0344439357957027, 2.23606797749979
123, 46, 257, 370, 257, 370, 0, 0, 0.0, 0.0
123, 47, 1261, 206, 1261, 205, 0, 1, 1.5707963267948966, 1.0
123, 48, 708, 327, 709, 331, -1, -4, -1.8157749899217608, 4.123105625617661
123, 49, 1092, 191, 1093, 194, -1, -3, -1.892546881191539, 3.1622776601683795
123, 50, 401, 426, 401, 427, 0, -1, -1.5707963267948966, 1.0
123, 51, 305, 329, 305, 330, 0, -1, -1.5707963267948966, 1.0
123, 52, 770, 168, 771, 165, -1, 3, 1.892546881191539, 3.1622776601683795
123, 53, 495, 99, 495, 100, 0, -1, -1.5707963267948966, 1.0
123, 54, 582, 28, 582, 29, 0, -1, -1.5707963267948966, 1.0
123, 55, 677, 457, 677, 461, 0, -4, -1.5707963267948966, 4.0
123, 56, 938, 21, 938, 22, 0, -1, -1.5707963267948966, 1.0
123, 57, 503, 575, 503, 579, 0, -4, -1.5707963267948966, 4.0
123, 58, 188, 28, 187, 28, 1, 0, 0.0, 1.0
123, 59, 316, 395, 316, 395, 0, 0, 0.0, 0.0
123, 60, 665, 221, 666, 217, -1, 4, 1.8157749899217608, 4.123105625617661
123, 61, 674, 237, 675, 233, -1, 4, 1.8157749899217608, 4.123105625617661
123, 62, 659, 686, 660, 682, -1, 4, 1.8157749899217608, 4.123105625617661
123, 63, 477, 240, 478, 242, -1, -2, -2.0344439357957027, 2.23606797749979
123, 64, 550, 99, 550, 99, 0, 0, 0.0, 0.0
123, 65, 763, 175, 763, 171, 0, 4, 1.5707963267948966, 4.0
123, 66, 263, 384, 263, 384, 0, 0, 0.0, 0.0
123, 67, 198, 81, 197, 81, 1, 0, 0.0, 1.0
123, 68, 689, 701, 691, 701, -2, 0, 3.141592653589793, 2.0
123, 69, 473, 141, 473, 143, 0, -2, -1.5707963267948966, 2.0
123, 70, 632, 395, 632, 395, 0, 0, 0.0, 0.0
123, 71, 652, 701, 653, 701, -1, 0, 3.141592653589793, 1.0
123, 72, 64, 500, 63, 498, 1, 2, 1.1071487177940904, 2.23606797749979
123, 73, 694, 426, 694, 432, 0, -6, -1.5707963267948966, 6.0
123, 74, 1257, 369, 1256, 366, 1, 3, 1.2490457723982544, 3.1622776601683795
123, 75, 458, 583, 458, 585, 0, -2, -1.5707963267948966, 2.0
123, 76, 1172, 658, 1171, 658, 1, 0, 0.0, 1.0
123, 77, 536, 65, 536, 66, 0, -1, -1.5707963267948966, 1.0
123, 78, 623, 376, 623, 372, 0, 4, 1.5707963267948966, 4.0
123, 79, 1155, 107, 1154, 106, 1, 1, 0.7853981633974483, 1.4142135623730951
123, 80, 1193, 57, 1192, 57, 1, 0, 0.0, 1.0
123, 81, 1198, 317, 1198, 317, 0, 0, 0.0, 0.0
123, 82, 578, 39, 578, 40, 0, -1, -1.5707963267948966, 1.0
123, 83, 1147, 103, 1146, 102, 1, 1, 0.7853981633974483, 1.4142135623730951
123, 84, 793, 138, 794, 140, -1, -2, -2.0344439357957027, 2.23606797749979
123, 85, 59, 447, 57, 444, 2, 3, 0.982793723247329, 3.605551275463989
123, 86, 513, 530, 514, 535, -1, -5, -1.7681918866447774, 5.0990195135927845
123, 87, 253, 348, 253, 348, 0, 0, 0.0, 0.0
123, 88, 492, 635, 492, 636, 0, -1, -1.5707963267948966, 1.0
123, 89, 734, 286, 735, 291, -1, -5, -1.7681918866447774, 5.0990195135927845
123, 90, 245, 409, 246, 409, -1, 0, 3.141592653589793, 1.0
123, 91, 300, 388, 300, 388, 0, 0, 0.0, 0.0
123, 92, 730, 377, 730, 383, 0, -6, -1.5707963267948966, 6.0
123, 93, 479, 151, 479, 154, 0, -3, -1.5707963267948966, 3.0
123, 94, 861, 29, 863, 29, -2, 0, 3.141592653589793, 2.0
123, 95, 936, 105, 936, 106, 0, -1, -1.5707963267948966, 1.0
123, 96, 1143, 131, 1143, 131, 0, 0, 0.0, 0.0
123, 97, 188, 85, 185, 84, 3, 1, 0.3217505543966422, 3.1622776601683795
123, 98, 188, 36, 186, 37, 2, -1, -0.4636476090008061, 2.23606797749979
123, 99, 1196, 676, 1194, 672, 2, 4, 1.1071487177940904, 4.47213595499958
123, 100, 1222, 226, 1221, 225, 1, 1, 0.7853981633974483, 1.4142135623730951
123, 101, 621, 296, 622, 294, -1, 2, 2.0344439357957027, 2.23606797749979
123, 102, 613, 112, 614, 111, -1, 1, 2.356194490192345, 1.4142135623730951
123, 103, 761, 243, 760, 241, 1, 2, 1.1071487177940904, 2.23606797749979
123, 104, 815, 468, 815, 473, 0, -5, -1.5707963267948966, 5.0
123, 105, 1182, 612, 1183, 608, -1, 4, 1.8157749899217608, 4.123105625617661
123, 106, 807, 16, 808, 16, -1, 0, 3.141592653589793, 1.0
123, 107, 1210, 12, 1210, 12, 0, 0, 0.0, 0.0
123, 108, 479, 124, 479, 126, 0, -2, -1.5707963267948966, 2.0
123, 109, 74, 440, 72, 437, 2, 3, 0.982793723247329, 3.605551275463989
123, 110, 154, 52, 154, 51, 0, 1, 1.5707963267948966, 1.0
123, 111, 683, 29, 683, 30, 0, -1, -1.5707963267948966, 1.0
123, 112, 1174, 155, 1174, 153, 0, 2, 1.5707963267948966, 2.0
123, 113, 174, 65, 174, 64, 0, 1, 1.5707963267948966, 1.0
123, 114, 699, 399, 699, 404, 0, -5, -1.5707963267948966, 5.0
123, 115, 261, 393, 261, 393, 0, 0, 0.0, 0.0
123, 116, 329, 409, 329, 410, 0, -1, -1.5707963267948966, 1.0
123, 117, 692, 489, 692, 490, 0, -1, -1.5707963267948966, 1.0
123, 118, 1154, 72, 1152, 71, 2, 1, 0.4636476090008061, 2.23606797749979
123, 119, 1193, 98, 1192, 98, 1, 0, 0.0, 1.0
123, 120, 1187, 294, 1186, 290, 1, 4, 1.3258176636680326, 4.123105625617661
123, 121, 81, 147, 82, 147, -1, 0, 3.141592653589793, 1.0
123, 122, 1087, 205, 1088, 209, -1, -4, -1.8157749899217608, 4.123105625617661
123, 123, 751, 206, 751, 203, 0, 3, 1.5707963267948966, 3.0
123, 124, 500, 168, 500, 170, 0, -2, -1.5707963267948966, 2.0
123, 125, 1159, 194, 1158, 193, 1, 1, 0.7853981633974483, 1.4142135623730951
123, 126, 673, 677, 674, 673, -1, 4, 1.8157749899217608, 4.123105625617661
123, 127, 98, 544, 98, 543, 0, 1, 1.5707963267948966, 1.0
123, 128, 263, 411, 264, 411, -1, 0, 3.141592653589793, 1.0
123, 129, 482, 70, 482, 71, 0, -1, -1.5707963267948966, 1.0
123, 130, 271, 328, 271, 328, 0, 0, 0.0, 0.0
123, 131, 769, 238, 768, 237, 1, 1, 0.7853981633974483, 1.4142135623730951
123, 132, 829, 563, 829, 570, 0, -7, -1.5707963267948966, 7.0
123, 133, 1261, 373, 1261, 370, 0, 3, 1.5707963267948966, 3.0
123, 134, 404, 321, 405, 319, -1, 2, 2.0344439357957027, 2.23606797749979
123, 135, 659, 312, 661, 312, -2, 0, 3.141592653589793, 2.0
123, 136, 1080, 293, 1082, 298, -2, -5, -1.9513027039072615, 5.385164807134504
123, 137, 1094, 246, 1096, 248, -2, -2, -2.356194490192345, 2.8284271247461903
123, 138, 647, 341, 647, 337, 0, 4, 1.5707963267948966, 4.0
123, 139, 694, 413, 694, 419, 0, -6, -1.5707963267948966, 6.0
123, 140, 484, 100, 484, 101, 0, -1, -1.5707963267948966, 1.0
123, 141, 289, 381, 289, 381, 0, 0, 0.0, 0.0
123, 142, 1072, 234, 1074, 236, -2, -2, -2.356194490192345, 2.8284271247461903
123, 143, 385, 295, 387, 293, -2, 2, 2.356194490192345, 2.8284271247461903
123, 144, 328, 370, 328, 370, 0, 0, 0.0, 0.0
123, 145, 153, 28, 153, 27, 0, 1, 1.5707963267948966, 1.0
123, 146, 73, 147, 74, 147, -1, 0, 3.141592653589793, 1.0
123, 147, 290, 358, 290, 358, 0, 0, 0.0, 0.0
123, 148, 1201, 279, 1201, 274, 0, 5, 1.5707963267948966, 5.0
123, 149, 270, 342, 270, 342, 0, 0, 0.0, 0.0
123, 150, 1166, 63, 1164, 62, 2, 1, 0.4636476090008061, 2.23606797749979
123, 151, 667, 312, 669, 312, -2, 0, 3.141592653589793, 2.0
123, 152, 815, 493, 816, 499, -1, -6, -1.7359450042095235, 6.082762530298219
123, 153, 1181, 120, 1182, 118, -1, 2, 2.0344439357957027, 2.23606797749979
123, 154, 1171, 98, 1170, 98, 1, 0, 0.0, 1.0
123, 155, 778, 190, 778, 189, 0, 1, 1.5707963267948966, 1.0
123, 156, 767, 39, 767, 41, 0, -2, -1.5707963267948966, 2.0
123, 157, 1261, 344, 1261, 341, 0, 3, 1.5707963267948966, 3.0
123, 158, 792, 188, 793, 190, -1, -2, -2.0344439357957027, 2.23606797749979
123, 159, 278, 352, 278, 352, 0, 0, 0.0, 0.0
123, 160, 397, 460, 399, 458, -2, 2, 2.356194490192345, 2.8284271247461903
123, 161, 798, 145, 799, 147, -1, -2, -2.0344439357957027, 2.23606797749979
123, 162, 243, 326, 243, 326, 0, 0, 0.0, 0.0
123, 163, 1073, 282, 1074, 284, -1, -2, -2.0344439357957027, 2.23606797749979
123, 164, 514, 523, 515, 528, -1, -5, -1.7681918866447774, 5.0990195135927845
123, 165, 371, 378, 371, 374, 0, 4, 1.5707963267948966, 4.0
123, 166, 1216, 701, 1213, 701, 3, 0, 0.0, 3.0
123, 167, 1147, 124, 1146, 124, 1, 0, 0.0, 1.0
123, 168, 630, 108, 631, 107, -1, 1, 2.356194490192345, 1.4142135623730951
123, 169, 1150, 199, 1148, 198, 2, 1, 0.4636476090008061, 2.23606797749979
123, 170, 826, 539, 826, 539, 0, 0, 0.0, 0.0
123, 171, 373, 286, 374, 284, -1, 2, 2.0344439357957027, 2.23606797749979
123, 172, 58, 434, 56, 431, 2, 3, 0.982793723247329, 3.605551275463989
123, 173, 820, 515, 820, 519, 0, -4, -1.5707963267948966, 4.0
123, 174, 491, 175, 491, 177, 0, -2, -1.5707963267948966, 2.0
123, 175, 276, 311, 277, 311, -1, 0, 3.141592653589793, 1.0
123, 176, 784, 37, 785, 37, -1, 0, 3.141592653589793, 1.0
123, 177, 608, 350, 608, 348, 0, 2, 1.5707963267948966, 2.0
123, 178, 684, 504, 684, 511, 0, -7, -1.5707963267948966, 7.0
123, 179, 155, 67, 155, 66, 0, 1, 1.5707963267948966, 1.0
123, 180, 1181, 144, 1181, 142, 0, 2, 1.5707963267948966, 2.0
123, 181, 686, 403, 686, 408, 0, -5, -1.5707963267948966, 5.0
123, 182, 1220, 218, 1219, 217, 1, 1, 0.7853981633974483, 1.4142135623730951
123, 183, 786, 44, 787, 44, -1, 0, 3.141592653589793, 1.0
123, 184, 831, 39, 833, 40, -2, -1, -2.677945044588987, 2.23606797749979
123, 185, 631, 144, 631, 143, 0, 1, 1.5707963267948966, 1.0
123, 186, 103, 485, 102, 485, 1, 0, 0.0, 1.0
123, 187, 657, 229, 658, 225, -1, 4, 1.8157749899217608, 4.123105625617661
123, 188, 378, 376, 379, 372, -1, 4, 1.8157749899217608, 4.123105625617661
123, 189, 939, 37, 939, 37, 0, 0, 0.0, 0.0
124, 0, 260, 347, 261, 347, -1, 0, 3.141592653589793, 1.0
124, 1, 805, 179, 807, 182, -2, -3, -2.158798930342464, 3.605551275463989
124, 2, 842, 454, 842, 458, 0, -4, -1.5707963267948966, 4.0
124, 3, 172, 44, 173, 42, -1, 2, 2.0344439357957027, 2.23606797749979
124, 4, 681, 690, 683, 686, -2, 4, 2.0344439357957027, 4.47213595499958
124, 5, 494, 507, 495, 512, -1, -5, -1.7681918866447774, 5.0990195135927845
124, 6, 470, 584, 468, 587, 2, -3, -0.982793723247329, 3.605551275463989
124, 7, 300, 346, 301, 346, -1, 0, 3.141592653589793, 1.0
124, 8, 368, 320, 370, 317, -2, 3, 2.158798930342464, 3.605551275463989
124, 9, 830, 454, 830, 458, 0, -4, -1.5707963267948966, 4.0
124, 10, 774, 177, 776, 175, -2, 2, 2.356194490192345, 2.8284271247461903
124, 11, 687, 410, 687, 415, 0, -5, -1.5707963267948966, 5.0
124, 12, 487, 92, 487, 93, 0, -1, -1.5707963267948966, 1.0
124, 13, 395, 372, 396, 372, -1, 0, 3.141592653589793, 1.0
124, 14, 1100, 252, 1103, 255, -3, -3, -2.356194490192345, 4.242640687119285
124, 15, 624, 71, 625, 70, -1, 1, 2.356194490192345, 1.4142135623730951
124, 16, 481, 508, 482, 513, -1, -5, -1.7681918866447774, 5.0990195135927845
124, 17, 330, 359, 331, 359, -1, 0, 3.141592653589793, 1.0
124, 18, 383, 383, 384, 380, -1, 3, 1.892546881191539, 3.1622776601683795
124, 19, 466, 152, 466, 156, 0, -4, -1.5707963267948966, 4.0
124, 20, 701, 413, 702, 418, -1, -5, -1.7681918866447774, 5.0990195135927845
124, 21, 654, 291, 655, 288, -1, 3, 1.892546881191539, 3.1622776601683795
124, 22, 509, 510, 510, 515, -1, -5, -1.7681918866447774, 5.0990195135927845
124, 23, 1146, 105, 1146, 105, 0, 0, 0.0, 0.0
124, 24, 1258, 201, 1258, 201, 0, 0, 0.0, 0.0
124, 25, 506, 531, 507, 536, -1, -5, -1.7681918866447774, 5.0990195135927845
124, 26, 782, 10, 783, 12, -1, -2, -2.0344439357957027, 2.23606797749979
124, 27, 767, 170, 768, 167, -1, 3, 1.892546881191539, 3.1622776601683795
124, 28, 195, 26, 192, 26, 3, 0, 0.0, 3.0
124, 29, 494, 100, 495, 102, -1, -2, -2.0344439357957027, 2.23606797749979
124, 30, 762, 176, 763, 173, -1, 3, 1.892546881191539, 3.1622776601683795
124, 31, 315, 396, 316, 396, -1, 0, 3.141592653589793, 1.0
124, 32, 1098, 204, 1100, 208, -2, -4, -2.0344439357957027, 4.47213595499958
124, 33, 657, 690, 659, 686, -2, 4, 2.0344439357957027, 4.47213595499958
124, 34, 1171, 701, 1171, 701, 0, 0, 0.0, 0.0
124, 35, 1194, 98, 1193, 98, 1, 0, 0.0, 1.0
124, 36, 1064, 239, 1067, 242, -3, -3, -2.356194490192345, 4.242640687119285
124, 37, 1220, 266, 1220, 265, 0, 1, 1.5707963267948966, 1.0
124, 38, 678, 450, 678, 455, 0, -5, -1.5707963267948966, 5.0
124, 39, 53, 692, 53, 688, 0, 4, 1.5707963267948966, 4.0
124, 40, 674, 238, 676, 234, -2, 4, 2.0344439357957027, 4.47213595499958
124, 41, 1261, 206, 1265, 206, -4, 0, 3.141592653589793, 4.0
124, 42, 207, 85, 206, 85, 1, 0, 0.0, 1.0
124, 43, 1202, 685, 1200, 681, 2, 4, 1.1071487177940904, 4.47213595499958
124, 44, 1092, 190, 1094, 194, -2, -4, -2.0344439357957027, 4.47213595499958
124, 45, 694, 421, 694, 426, 0, -5, -1.5707963267948966, 5.0
124, 46, 386, 369, 387, 367, -1, 2, 2.0344439357957027, 2.23606797749979
124, 47, 407, 421, 407, 422, 0, -1, -1.5707963267948966, 1.0
124, 48, 479, 125, 480, 127, -1, -2, -2.0344439357957027, 2.23606797749979
124, 49, 666, 221, 667, 218, -1, 3, 1.892546881191539, 3.1622776601683795
124, 50, 153, 52, 154, 51, -1, 1, 2.356194490192345, 1.4142135623730951
124, 51, 473, 141, 474, 145, -1, -4, -1.8157749899217608, 4.123105625617661
124, 52, 707, 324, 708, 328, -1, -4, -1.8157749899217608, 4.123105625617661
124, 53, 1192, 58, 1191, 58, 1, 0, 0.0, 1.0
124, 54, 737, 289, 738, 294, -1, -5, -1.7681918866447774, 5.0990195135927845
124, 55, 502, 573, 503, 578, -1, -5, -1.7681918866447774, 5.0990195135927845
124, 56, 81, 148, 82, 148, -1, 0, 3.141592653589793, 1.0
124, 57, 818, 462, 819, 466, -1, -4, -1.8157749899217608, 4.123105625617661
124, 58, 792, 138, 794, 141, -2, -3, -2.158798930342464, 3.605551275463989
124, 59, 805, 161, 807, 163, -2, -2, -2.356194490192345, 2.8284271247461903
124, 60, 536, 72, 536, 72, 0, 0, 0.0, 0.0
124, 61, 1186, 297, 1185, 294, 1, 3, 1.2490457723982544, 3.1622776601683795
124, 62, 397, 481, 399, 476, -2, 5, 1.9513027039072615, 5.385164807134504
124, 63, 194, 35, 191, 35, 3, 0, 0.0, 3.0
124, 64, 252, 350, 253, 350, -1, 0, 3.141592653589793, 1.0
124, 65, 1072, 232, 1075, 235, -3, -3, -2.356194490192345, 4.242640687119285
124, 66, 105, 539, 104, 538, 1, 1, 0.7853981633974483, 1.4142135623730951
124, 67, 699, 395, 700, 400, -1, -5, -1.7681918866447774, 5.0990195135927845
124, 68, 693, 490, 693, 491, 0, -1, -1.5707963267948966, 1.0
124, 69, 861, 27, 863, 28, -2, -1, -2.677945044588987, 2.23606797749979
124, 70, 460, 582, 459, 585, 1, -3, -1.2490457723982544, 3.1622776601683795
124, 71, 58, 448, 57, 445, 1, 3, 1.2490457723982544, 3.1622776601683795
124, 72, 101, 486, 101, 486, 0, 0, 0.0, 0.0
124, 73, 1173, 155, 1174, 153, -1, 2, 2.0344439357957027, 2.23606797749979
124, 74, 578, 109, 580, 111, -2, -2, -2.356194490192345, 2.8284271247461903
124, 75, 674, 681, 676, 677, -2, 4, 2.0344439357957027, 4.47213595499958
124, 76, 683, 30, 683, 31, 0, -1, -1.5707963267948966, 1.0
124, 77, 624, 153, 625, 153, -1, 0, 3.141592653589793, 1.0
124, 78, 867, 37, 869, 38, -2, -1, -2.677945044588987, 2.23606797749979
124, 79, 1152, 73, 1151, 72, 1, 1, 0.7853981633974483, 1.4142135623730951
124, 80, 261, 394, 262, 394, -1, 0, 3.141592653589793, 1.0
124, 81, 478, 151, 479, 154, -1, -3, -1.892546881191539, 3.1622776601683795
124, 82, 462, 563, 463, 566, -1, -3, -1.892546881191539, 3.1622776601683795
124, 83, 663, 326, 666, 324, -3, 2, 2.5535900500422257, 3.605551275463989
124, 84, 1143, 133, 1143, 133, 0, 0, 0.0, 0.0
124, 85, 1259, 356, 1257, 353, 2, 3, 0.982793723247329, 3.605551275463989
124, 86, 1087, 203, 1089, 207, -2, -4, -2.0344439357957027, 4.47213595499958
124, 87, 65, 502, 64, 499, 1, 3, 1.2490457723982544, 3.1622776601683795
124, 88, 622, 294, 623, 293, -1, 1, 2.356194490192345, 1.4142135623730951
124, 89, 492, 636, 492, 639, 0, -3, -1.5707963267948966, 3.0
124, 90, 74, 441, 72, 438, 2, 3, 0.982793723247329, 3.605551275463989
124, 91, 1222, 226, 1222, 225, 0, 1, 1.5707963267948966, 1.0
124, 92, 834, 560, 832, 568, 2, -8, -1.3258176636680326, 8.246211251235321
124, 93, 100, 544, 100, 544, 0, 0, 0.0, 0.0
124, 94, 709, 455, 709, 458, 0, -3, -1.5707963267948966, 3.0
124, 95, 1192, 622, 1192, 619, 0, 3, 1.5707963267948966, 3.0
124, 96, 1162, 119, 1161, 118, 1, 1, 0.7853981633974483, 1.4142135623730951
124, 97, 477, 241, 478, 244, -1, -3, -1.892546881191539, 3.1622776601683795
124, 98, 1257, 371, 1257, 368, 0, 3, 1.5707963267948966, 3.0
124, 99, 1167, 679, 1164, 679, 3, 0, 0.0, 3.0
124, 100, 489, 64, 490, 66, -1, -2, -2.0344439357957027, 2.23606797749979
124, 101, 382, 466, 383, 465, -1, 1, 2.356194490192345, 1.4142135623730951
124, 102, 1258, 363, 1256, 361, 2, 2, 0.7853981633974483, 2.8284271247461903
124, 103, 173, 71, 175, 70, -2, 1, 2.677945044588987, 2.23606797749979
124, 104, 1175, 671, 1173, 671, 2, 0, 0.0, 2.0
124, 105, 749, 209, 749, 206, 0, 3, 1.5707963267948966, 3.0
124, 106, 1076, 293, 1079, 298, -3, -5, -2.1112158270654806, 5.830951894845301
124, 107, 624, 380, 625, 377, -1, 3, 1.892546881191539, 3.1622776601683795
124, 108, 881, 17, 882, 19, -1, -2, -2.0344439357957027, 2.23606797749979
124, 109, 510, 562, 511, 567, -1, -5, -1.7681918866447774, 5.0990195135927845
124, 110, 1165, 63, 1164, 62, 1, 1, 0.7853981633974483, 1.4142135623730951
124, 111, 1185, 280, 1185, 277, 0, 3, 1.5707963267948966, 3.0
124, 112, 1157, 191, 1156, 191, 1, 0, 0.0, 1.0
124, 113, 778, 194, 779, 193, -1, 1, 2.356194490192345, 1.4142135623730951
124, 114, 483, 101, 484, 103, -1, -2, -2.0344439357957027, 2.23606797749979
124, 115, 386, 296, 388, 294, -2, 2, 2.356194490192345, 2.8284271247461903
124, 116, 688, 396, 689, 401, -1, -5, -1.7681918866447774, 5.0990195135927845
124, 117, 610, 351, 611, 350, -1, 1, 2.356194490192345, 1.4142135623730951
124, 118, 493, 174, 494, 176, -1, -2, -2.0344439357957027, 2.23606797749979
124, 119, 695, 408, 695, 413, 0, -5, -1.5707963267948966, 5.0
124, 120, 1181, 145, 1182, 143, -1, 2, 2.0344439357957027, 2.23606797749979
124, 121, 1182, 120, 1183, 118, -1, 2, 2.0344439357957027, 2.23606797749979
124, 122, 683, 499, 684, 502, -1, -3, -1.892546881191539, 3.1622776601683795
124, 123, 731, 374, 731, 382, 0, -8, -1.5707963267948966, 8.0
124, 124, 379, 376, 380, 373, -1, 3, 1.892546881191539, 3.1622776601683795
124, 125, 631, 108, 632, 107, -1, 1, 2.356194490192345, 1.4142135623730951
124, 126, 1188, 103, 1188, 103, 0, 0, 0.0, 0.0
124, 127, 485, 595, 485, 601, 0, -6, -1.5707963267948966, 6.0
124, 128, 649, 348, 649, 345, 0, 3, 1.5707963267948966, 3.0
124, 129, 1207, 225, 1207, 224, 0, 1, 1.5707963267948966, 1.0
124, 130, 373, 287, 375, 285, -2, 2, 2.356194490192345, 2.8284271247461903
124, 131, 405, 321, 406, 320, -1, 1, 2.356194490192345, 1.4142135623730951
124, 132, 1219, 218, 1219, 217, 0, 1, 1.5707963267948966, 1.0
124, 133, 152, 28, 153, 27, -1, 1, 2.356194490192345, 1.4142135623730951
124, 134, 824, 46, 826, 47, -2, -1, -2.677945044588987, 2.23606797749979
124, 135, 74, 149, 75, 149, -1, 0, 3.141592653589793, 1.0
124, 136, 396, 468, 399, 466, -3, 2, 2.5535900500422257, 3.605551275463989
124, 137, 613, 114, 614, 114, -1, 0, 3.141592653589793, 1.0
124, 138, 788, 46, 789, 46, -1, 0, 3.141592653589793, 1.0
124, 139, 636, 15, 637, 14, -1, 1, 2.356194490192345, 1.4142135623730951
124, 140, 1192, 294, 1192, 290, 0, 4, 1.5707963267948966, 4.0
124, 141, 1200, 626, 1200, 623, 0, 3, 1.5707963267948966, 3.0
124, 142, 808, 503, 809, 511, -1, -8, -1.695151321341658, 8.06225774829855
124, 143, 512, 524, 514, 529, -2, -5, -1.9513027039072615, 5.385164807134504
124, 144, 619, 107, 620, 107, -1, 0, 3.141592653589793, 1.0
124, 145, 370, 384, 371, 380, -1, 4, 1.8157749899217608, 4.123105625617661
124, 146, 667, 228, 669, 225, -2, 3, 2.158798930342464, 3.605551275463989
124, 147, 815, 489, 816, 496, -1, -7, -1.7126933813990606, 7.0710678118654755
124, 148, 1261, 395, 1269, 395, -8, 0, 3.141592653589793, 8.0
124, 149, 787, 188, 789, 189, -2, -1, -2.677945044588987, 2.23606797749979
124, 150, 499, 164, 500, 167, -1, -3, -1.892546881191539, 3.1622776601683795
124, 151, 775, 170, 777, 168, -2, 2, 2.356194490192345, 2.8284271247461903
124, 152, 105, 522, 103, 521, 2, 1, 0.4636476090008061, 2.23606797749979
124, 153, 238, 320, 239, 320, -1, 0, 3.141592653589793, 1.0
124, 154, 838, 435, 838, 441, 0, -6, -1.5707963267948966, 6.0
124, 155, 798, 146, 800, 149, -2, -3, -2.158798930342464, 3.605551275463989
124, 156, 1261, 346, 1264, 343, -3, 3, 2.356194490192345, 4.242640687119285
124, 157, 1151, 198, 1150, 198, 1, 0, 0.0, 1.0
124, 158, 1158, 104, 1158, 104, 0, 0, 0.0, 0.0
124, 159, 1096, 243, 1099, 246, -3, -3, -2.356194490192345, 4.242640687119285
124, 160, 658, 229, 659, 226, -1, 3, 1.892546881191539, 3.1622776601683795
124, 161, 155, 67, 156, 67, -1, 0, 3.141592653589793, 1.0
124, 162, 753, 195, 753, 193, 0, 2, 1.5707963267948966, 2.0
124, 163, 92, 514, 91, 514, 1, 0, 0.0, 1.0
124, 164, 646, 255, 648, 252, -2, 3, 2.158798930342464, 3.605551275463989
124, 165, 386, 363, 387, 360, -1, 3, 1.892546881191539, 3.1622776601683795
124, 166, 374, 443, 374, 439, 0, 4, 1.5707963267948966, 4.0
124, 167, 701, 402, 701, 407, 0, -5, -1.5707963267948966, 5.0
124, 168, 817, 56, 818, 56, -1, 0, 3.141592653589793, 1.0
124, 169, 1170, 100, 1170, 100, 0, 0, 0.0, 0.0
125, 0, 260, 346, 260, 347, 0, -1, -1.5707963267948966, 1.0
125, 1, 803, 176, 805, 179, -2, -3, -2.158798930342464, 3.605551275463989
125, 2, 843, 451, 842, 454, 1, -3, -1.2490457723982544, 3.1622776601683795
125, 3, 171, 45, 172, 44, -1, 1, 2.356194490192345, 1.4142135623730951
125, 4, 679, 693, 681, 690, -2, 3, 2.158798930342464, 3.605551275463989
125, 5, 494, 503, 494, 507, 0, -4, -1.5707963267948966, 4.0
125, 6, 472, 580, 470, 584, 2, -4, -1.1071487177940904, 4.47213595499958
125, 7, 300, 345, 300, 346, 0, -1, -1.5707963267948966, 1.0
125, 8, 367, 322, 368, 320, -1, 2, 2.0344439357957027, 2.23606797749979
125, 9, 831, 450, 830, 454, 1, -4, -1.3258176636680326, 4.123105625617661
125, 10, 773, 178, 774, 177, -1, 1, 2.356194490192345, 1.4142135623730951
125, 11, 688, 405, 687, 410, 1, -5, -1.373400766945016, 5.0990195135927845
125, 12, 487, 90, 487, 92, 0, -2, -1.5707963267948966, 2.0
125, 13, 395, 372, 395, 372, 0, 0, 0.0, 0.0
125, 14, 1098, 249, 1100, 252, -2, -3, -2.158798930342464, 3.605551275463989
125, 15, 624, 71, 624, 71, 0, 0, 0.0, 0.0
125, 16, 480, 504, 481, 508, -1, -4, -1.8157749899217608, 4.123105625617661
125, 17, 330, 358, 330, 359, 0, -1, -1.5707963267948966, 1.0
125, 18, 384, 386, 383, 383, 1, 3, 1.2490457723982544, 3.1622776601683795
125, 19, 466, 148, 466, 152, 0, -4, -1.5707963267948966, 4.0
125, 20, 701, 408, 701, 413, 0, -5, -1.5707963267948966, 5.0
125, 21, 654, 294, 654, 291, 0, 3, 1.5707963267948966, 3.0
125, 22, 508, 506, 509, 510, -1, -4, -1.8157749899217608, 4.123105625617661
125, 23, 1147, 105, 1146, 105, 1, 0, 0.0, 1.0
125, 24, 1258, 201, 1258, 201, 0, 0, 0.0, 0.0
125, 25, 506, 526, 506, 531, 0, -5, -1.5707963267948966, 5.0
125, 26, 782, 9, 782, 10, 0, -1, -1.5707963267948966, 1.0
125, 27, 766, 172, 767, 170, -1, 2, 2.0344439357957027, 2.23606797749979
125, 28, 199, 26, 195, 26, 4, 0, 0.0, 4.0
125, 29, 494, 98, 494, 100, 0, -2, -1.5707963267948966, 2.0
125, 30, 762, 179, 762, 176, 0, 3, 1.5707963267948966, 3.0
125, 31, 315, 395, 315, 396, 0, -1, -1.5707963267948966, 1.0
125, 32, 1097, 199, 1098, 204, -1, -5, -1.7681918866447774, 5.0990195135927845
125, 33, 655, 694, 657, 690, -2, 4, 2.0344439357957027, 4.47213595499958
125, 34, 1173, 701, 1171, 701, 2, 0, 0.0, 2.0
125, 35, 1195, 98, 1194, 98, 1, 0, 0.0, 1.0
125, 36, 1062, 236, 1064, 239, -2, -3, -2.158798930342464, 3.605551275463989
125, 37, 1220, 267, 1220, 266, 0, 1, 1.5707963267948966, 1.0
125, 38, 679, 445, 678, 450, 1, -5, -1.373400766945016, 5.0990195135927845
125, 39, 53, 695, 53, 692, 0, 3, 1.5707963267948966, 3.0
125, 40, 673, 241, 674, 238, -1, 3, 1.892546881191539, 3.1622776601683795
125, 41, 1261, 206, 1261, 206, 0, 0, 0.0, 0.0
125, 42, 208, 84, 207, 85, 1, -1, -0.7853981633974483, 1.4142135623730951
125, 43, 1204, 688, 1202, 685, 2, 3, 0.982793723247329, 3.605551275463989
125, 44, 1091, 186, 1092, 190, -1, -4, -1.8157749899217608, 4.123105625617661
125, 45, 694, 416, 694, 421, 0, -5, -1.5707963267948966, 5.0
125, 46, 385, 371, 386, 369, -1, 2, 2.0344439357957027, 2.23606797749979
125, 47, 407, 421, 407, 421, 0, 0, 0.0, 0.0
125, 48, 479, 123, 479, 125, 0, -2, -1.5707963267948966, 2.0
125, 49, 665, 225, 666, 221, -1, 4, 1.8157749899217608, 4.123105625617661
125, 50, 153, 53, 153, 52, 0, 1, 1.5707963267948966, 1.0
125, 51, 473, 137, 473, 141, 0, -4, -1.5707963267948966, 4.0
125, 52, 707, 320, 707, 324, 0, -4, -1.5707963267948966, 4.0
125, 53, 1193, 58, 1192, 58, 1, 0, 0.0, 1.0
125, 54, 737, 284, 737, 289, 0, -5, -1.5707963267948966, 5.0
125, 55, 502, 567, 502, 573, 0, -6, -1.5707963267948966, 6.0
125, 56, 80, 148, 81, 148, -1, 0, 3.141592653589793, 1.0
125, 57, 817, 458, 818, 462, -1, -4, -1.8157749899217608, 4.123105625617661
125, 58, 791, 135, 792, 138, -1, -3, -1.892546881191539, 3.1622776601683795
125, 59, 803, 158, 805, 161, -2, -3, -2.158798930342464, 3.605551275463989
125, 60, 536, 71, 536, 72, 0, -1, -1.5707963267948966, 1.0
125, 61, 1187, 299, 1186, 297, 1, 2, 1.1071487177940904, 2.23606797749979
125, 62, 396, 485, 397, 481, -1, 4, 1.8157749899217608, 4.123105625617661
125, 63, 198, 34, 194, 35, 4, -1, -0.24497866312686414, 4.123105625617661
125, 64, 252, 349, 252, 350, 0, -1, -1.5707963267948966, 1.0
125, 65, 1070, 229, 1072, 232, -2, -3, -2.158798930342464, 3.605551275463989
125, 66, 106, 539, 105, 539, 1, 0, 0.0, 1.0
125, 67, 699, 390, 699, 395, 0, -5, -1.5707963267948966, 5.0
125, 68, 693, 488, 693, 490, 0, -2, -1.5707963267948966, 2.0
125, 69, 859, 26, 861, 27, -2, -1, -2.677945044588987, 2.23606797749979
125, 70, 462, 578, 460, 582, 2, -4, -1.1071487177940904, 4.47213595499958
125, 71, 60, 450, 58, 448, 2, 2, 0.7853981633974483, 2.8284271247461903
125, 72, 103, 487, 101, 486, 2, 1, 0.4636476090008061, 2.23606797749979
125, 73, 1172, 156, 1173, 155, -1, 1, 2.356194490192345, 1.4142135623730951
125, 74, 576, 107, 578, 109, -2, -2, -2.356194490192345, 2.8284271247461903
125, 75, 672, 685, 674, 681, -2, 4, 2.0344439357957027, 4.47213595499958
125, 76, 683, 28, 683, 30, 0, -2, -1.5707963267948966, 2.0
125, 77, 624, 153, 624, 153, 0, 0, 0.0, 0.0
125, 78, 865, 36, 867, 37, -2, -1, -2.677945044588987, 2.23606797749979
125, 79, 1154, 73, 1152, 73, 2, 0, 0.0, 2.0
125, 80, 261, 393, 261, 394, 0, -1, -1.5707963267948966, 1.0
125, 81, 478, 147, 478, 151, 0, -4, -1.5707963267948966, 4.0
125, 82, 463, 559, 462, 563, 1, -4, -1.3258176636680326, 4.123105625617661
125, 83, 660, 327, 663, 326, -3, 1, 2.819842099193151, 3.1622776601683795
125, 84, 1143, 133, 1143, 133, 0, 0, 0.0, 0.0
125, 85, 1261, 359, 1259, 356, 2, 3, 0.982793723247329, 3.605551275463989
125, 86, 1086, 199, 1087, 203, -1, -4, -1.8157749899217608, 4.123105625617661
125, 87, 67, 504, 65, 502, 2, 2, 0.7853981633974483, 2.8284271247461903
125, 88, 622, 295, 622, 294, 0, 1, 1.5707963267948966, 1.0
125, 89, 493, 631, 492, 636, 1, -5, -1.373400766945016, 5.0990195135927845
125, 90, 77, 444, 74, 441, 3, 3, 0.7853981633974483, 4.242640687119285
125, 91, 1223, 227, 1222, 226, 1, 1, 0.7853981633974483, 1.4142135623730951
125, 92, 835, 554, 834, 560, 1, -6, -1.4056476493802699, 6.082762530298219
125, 93, 101, 544, 100, 544, 1, 0, 0.0, 1.0
125, 94, 709, 452, 709, 455, 0, -3, -1.5707963267948966, 3.0
125, 95, 1194, 625, 1192, 622, 2, 3, 0.982793723247329, 3.605551275463989
125, 96, 1163, 119, 1162, 119, 1, 0, 0.0, 1.0
125, 97, 477, 238, 477, 241, 0, -3, -1.5707963267948966, 3.0
125, 98, 1258, 373, 1257, 371, 1, 2, 1.1071487177940904, 2.23606797749979
125, 99, 1170, 680, 1167, 679, 3, 1, 0.3217505543966422, 3.1622776601683795
125, 100, 488, 61, 489, 64, -1, -3, -1.892546881191539, 3.1622776601683795
125, 101, 381, 467, 382, 466, -1, 1, 2.356194490192345, 1.4142135623730951
125, 102, 1260, 365, 1258, 363, 2, 2, 0.7853981633974483, 2.8284271247461903
125, 103, 171, 71, 173, 71, -2, 0, 3.141592653589793, 2.0
125, 104, 1177, 671, 1175, 671, 2, 0, 0.0, 2.0
125, 105, 750, 212, 749, 209, 1, 3, 1.2490457723982544, 3.1622776601683795
125, 106, 1073, 289, 1076, 293, -3, -4, -2.214297435588181, 5.0
125, 107, 623, 383, 624, 380, -1, 3, 1.892546881191539, 3.1622776601683795
125, 108, 881, 14, 881, 17, 0, -3, -1.5707963267948966, 3.0
125, 109, 510, 556, 510, 562, 0, -6, -1.5707963267948966, 6.0
125, 110, 1167, 63, 1165, 63, 2, 0, 0.0, 2.0
125, 111, 1186, 282, 1185, 280, 1, 2, 1.1071487177940904, 2.23606797749979
125, 112, 1158, 191, 1157, 191, 1, 0, 0.0, 1.0
125, 113, 778, 195, 778, 194, 0, 1, 1.5707963267948966, 1.0
125, 114, 483, 99, 483, 101, 0, -2, -1.5707963267948966, 2.0
125, 115, 385, 299, 386, 296, -1, 3, 1.892546881191539, 3.1622776601683795
125, 116, 688, 391, 688, 396, 0, -5, -1.5707963267948966, 5.0
125, 117, 610, 351, 610, 351, 0, 0, 0.0, 0.0
125, 118, 492, 171, 493, 174, -1, -3, -1.892546881191539, 3.1622776601683795
125, 119, 695, 403, 695, 408, 0, -5, -1.5707963267948966, 5.0
125, 120, 1181, 146, 1181, 145, 0, 1, 1.5707963267948966, 1.0
125, 121, 1182, 121, 1182, 120, 0, 1, 1.5707963267948966, 1.0
125, 122, 683, 496, 683, 499, 0, -3, -1.5707963267948966, 3.0
125, 123, 731, 370, 731, 374, 0, -4, -1.5707963267948966, 4.0
125, 124, 379, 379, 379, 376, 0, 3, 1.5707963267948966, 3.0
125, 125, 631, 109, 631, 108, 0, 1, 1.5707963267948966, 1.0
125, 126, 1189, 103, 1188, 103, 1, 0, 0.0, 1.0
125, 127, 486, 590, 485, 595, 1, -5, -1.373400766945016, 5.0990195135927845
125, 128, 649, 350, 649, 348, 0, 2, 1.5707963267948966, 2.0
125, 129, 1207, 227, 1207, 225, 0, 2, 1.5707963267948966, 2.0
125, 130, 372, 290, 373, 287, -1, 3, 1.892546881191539, 3.1622776601683795
125, 131, 404, 323, 405, 321, -1, 2, 2.0344439357957027, 2.23606797749979
125, 132, 1219, 219, 1219, 218, 0, 1, 1.5707963267948966, 1.0
125, 133, 152, 29, 152, 28, 0, 1, 1.5707963267948966, 1.0
125, 134, 73, 149, 74, 149, -1, 0, 3.141592653589793, 1.0
125, 135, 393, 470, 396, 468, -3, 2, 2.5535900500422257, 3.605551275463989
125, 136, 613, 115, 613, 114, 0, 1, 1.5707963267948966, 1.0
125, 137, 635, 15, 636, 15, -1, 0, 3.141592653589793, 1.0
125, 138, 1192, 297, 1192, 294, 0, 3, 1.5707963267948966, 3.0
125, 139, 1201, 629, 1200, 626, 1, 3, 1.2490457723982544, 3.1622776601683795
125, 140, 807, 495, 808, 503, -1, -8, -1.695151321341658, 8.06225774829855
125, 141, 511, 519, 512, 524, -1, -5, -1.7681918866447774, 5.0990195135927845
125, 142, 619, 107, 619, 107, 0, 0, 0.0, 0.0
125, 143, 370, 388, 370, 384, 0, 4, 1.5707963267948966, 4.0
125, 144, 666, 232, 667, 228, -1, 4, 1.8157749899217608, 4.123105625617661
125, 145, 814, 483, 815, 489, -1, -6, -1.7359450042095235, 6.082762530298219
125, 146, 1261, 394, 1261, 395, 0, -1, -1.5707963267948966, 1.0
125, 147, 498, 160, 499, 164, -1, -4, -1.8157749899217608, 4.123105625617661
125, 148, 774, 171, 775, 170, -1, 1, 2.356194490192345, 1.4142135623730951
125, 149, 108, 523, 105, 522, 3, 1, 0.3217505543966422, 3.1622776601683795
125, 150, 238, 319, 238, 320, 0, -1, -1.5707963267948966, 1.0
125, 151, 839, 429, 838, 435, 1, -6, -1.4056476493802699, 6.082762530298219
125, 152, 796, 143, 798, 146, -2, -3, -2.158798930342464, 3.605551275463989
125, 153, 1261, 349, 1261, 346, 0, 3, 1.5707963267948966, 3.0
125, 154, 1152, 198, 1151, 198, 1, 0, 0.0, 1.0
125, 155, 1159, 104, 1158, 104, 1, 0, 0.0, 1.0
125, 156, 1094, 240, 1096, 243, -2, -3, -2.158798930342464, 3.605551275463989
125, 157, 657, 232, 658, 229, -1, 3, 1.892546881191539, 3.1622776601683795
125, 158, 155, 67, 155, 67, 0, 0, 0.0, 0.0
125, 159, 754, 198, 753, 195, 1, 3, 1.2490457723982544, 3.1622776601683795
125, 160, 94, 515, 92, 514, 2, 1, 0.4636476090008061, 2.23606797749979
125, 161, 645, 258, 646, 255, -1, 3, 1.892546881191539, 3.1622776601683795
125, 162, 385, 366, 386, 363, -1, 3, 1.892546881191539, 3.1622776601683795
125, 163, 375, 446, 374, 443, 1, 3, 1.2490457723982544, 3.1622776601683795
125, 164, 701, 397, 701, 402, 0, -5, -1.5707963267948966, 5.0
125, 165, 1171, 100, 1170, 100, 1, 0, 0.0, 1.0
126, 0, 261, 346, 261, 347, 0, -1, -1.5707963267948966, 1.0
126, 1, 495, 500, 495, 505, 0, -5, -1.5707963267948966, 5.0
126, 2, 805, 176, 806, 180, -1, -4, -1.8157749899217608, 4.123105625617661
126, 3, 679, 694, 681, 690, -2, 4, 2.0344439357957027, 4.47213595499958
126, 4, 844, 448, 843, 451, 1, -3, -1.2490457723982544, 3.1622776601683795
126, 5, 369, 325, 370, 323, -1, 2, 2.0344439357957027, 2.23606797749979
126, 6, 764, 15, 763, 18, 1, -3, -1.2490457723982544, 3.1622776601683795
126, 7, 301, 345, 301, 346, 0, -1, -1.5707963267948966, 1.0
126, 8, 173, 45, 173, 44, 0, 1, 1.5707963267948966, 1.0
126, 9, 777, 178, 778, 180, -1, -2, -2.0344439357957027, 2.23606797749979
126, 10, 832, 446, 831, 450, 1, -4, -1.3258176636680326, 4.123105625617661
126, 11, 277, 323, 277, 324, 0, -1, -1.5707963267948966, 1.0
126, 12, 472, 578, 471, 583, 1, -5, -1.373400766945016, 5.0990195135927845
126, 13, 541, 31, 541, 33, 0, -2, -1.5707963267948966, 2.0
126, 14, 386, 387, 385, 384, 1, 3, 1.2490457723982544, 3.1622776601683795
126, 15, 626, 71, 625, 71, 1, 0, 0.0, 1.0
126, 16, 688, 404, 687, 409, 1, -5, -1.373400766945016, 5.0990195135927845
126, 17, 200, 25, 196, 26, 4, -1, -0.24497866312686414, 4.123105625617661
126, 18, 489, 89, 488, 92, 1, -3, -1.2490457723982544, 3.1622776601683795
126, 19, 293, 324, 293, 325, 0, -1, -1.5707963267948966, 1.0
126, 20, 1098, 248, 1099, 250, -1, -2, -2.0344439357957027, 2.23606797749979
126, 21, 1154, 107, 1152, 107, 2, 0, 0.0, 2.0
126, 22, 590, 38, 590, 40, 0, -2, -1.5707963267948966, 2.0
126, 23, 395, 372, 395, 372, 0, 0, 0.0, 0.0
126, 24, 632, 396, 632, 395, 0, 1, 1.5707963267948966, 1.0
126, 25, 301, 362, 301, 363, 0, -1, -1.5707963267948966, 1.0
126, 26, 256, 340, 256, 341, 0, -1, -1.5707963267948966, 1.0
126, 27, 767, 171, 768, 170, -1, 1, 2.356194490192345, 1.4142135623730951
126, 28, 506, 524, 507, 529, -1, -5, -1.7681918866447774, 5.0990195135927845
126, 29, 209, 84, 208, 85, 1, -1, -0.7853981633974483, 1.4142135623730951
126, 30, 331, 358, 331, 359, 0, -1, -1.5707963267948966, 1.0
126, 31, 252, 391, 252, 392, 0, -1, -1.5707963267948966, 1.0
126, 32, 1261, 201, 1260, 201, 1, 0, 0.0, 1.0
126, 33, 1092, 186, 1093, 191, -1, -5, -1.7681918866447774, 5.0990195135927845
126, 34, 774, 170, 775, 170, -1, 0, 3.141592653589793, 1.0
126, 35, 1208, 693, 1206, 691, 2, 2, 0.7853981633974483, 2.8284271247461903
126, 36, 481, 502, 482, 506, -1, -4, -1.8157749899217608, 4.123105625617661
126, 37, 702, 407, 702, 412, 0, -5, -1.5707963267948966, 5.0
126, 38, 1197, 99, 1195, 99, 2, 0, 0.0, 2.0
126, 39, 1198, 316, 1198, 317, 0, -1, -1.5707963267948966, 1.0
126, 40, 1183, 683, 1182, 681, 1, 2, 1.1071487177940904, 2.23606797749979
126, 41, 1065, 240, 1066, 244, -1, -4, -1.8157749899217608, 4.123105625617661
126, 42, 1098, 200, 1099, 205, -1, -5, -1.7681918866447774, 5.0990195135927845
126, 43, 467, 149, 467, 153, 0, -4, -1.5707963267948966, 4.0
126, 44, 1203, 630, 1201, 628, 2, 2, 0.7853981633974483, 2.8284271247461903
126, 45, 316, 395, 316, 396, 0, -1, -1.5707963267948966, 1.0
126, 46, 307, 330, 307, 331, 0, -1, -1.5707963267948966, 1.0
126, 47, 53, 700, 52, 697, 1, 3, 1.2490457723982544, 3.1622776601683795
126, 48, 582, 28, 582, 30, 0, -2, -1.5707963267948966, 2.0
126, 49, 1222, 268, 1221, 267, 1, 1, 0.7853981633974483, 1.4142135623730951
126, 50, 578, 37, 578, 39, 0, -2, -1.5707963267948966, 2.0
126, 51, 257, 370, 257, 371, 0, -1, -1.5707963267948966, 1.0
126, 52, 815, 26, 815, 27, 0, -1, -1.5707963267948966, 1.0
126, 53, 1261, 207, 1266, 207, -5, 0, 3.141592653589793, 5.0
126, 54, 938, 21, 938, 23, 0, -2, -1.5707963267948966, 2.0
126, 55, 105, 492, 103, 490, 2, 2, 0.7853981633974483, 2.8284271247461903
126, 56, 482, 71, 482, 73, 0, -2, -1.5707963267948966, 2.0
126, 57, 410, 421, 409, 421, 1, 0, 0.0, 1.0
126, 58, 257, 377, 257, 378, 0, -1, -1.5707963267948966, 1.0
126, 59, 496, 98, 495, 101, 1, -3, -1.2490457723982544, 3.1622776601683795
126, 60, 1083, 275, 1083, 276, 0, -1, -1.5707963267948966, 1.0
126, 61, 763, 177, 763, 176, 0, 1, 1.5707963267948966, 1.0
126, 62, 1165, 119, 1163, 119, 2, 0, 0.0, 2.0
126, 63, 578, 107, 579, 109, -1, -2, -2.0344439357957027, 2.23606797749979
126, 64, 549, 25, 549, 27, 0, -2, -1.5707963267948966, 2.0
126, 65, 474, 236, 475, 240, -1, -4, -1.8157749899217608, 4.123105625617661
126, 66, 1194, 59, 1192, 59, 2, 0, 0.0, 2.0
126, 67, 656, 695, 658, 691, -2, 4, 2.0344439357957027, 4.47213595499958
126, 68, 792, 135, 793, 139, -1, -4, -1.8157749899217608, 4.123105625617661
126, 69, 264, 384, 264, 385, 0, -1, -1.5707963267948966, 1.0
126, 70, 552, 99, 551, 100, 1, -1, -0.7853981633974483, 1.4142135623730951
126, 71, 696, 414, 695, 419, 1, -5, -1.373400766945016, 5.0990195135927845
126, 72, 509, 507, 510, 511, -1, -4, -1.8157749899217608, 4.123105625617661
126, 73, 783, 9, 783, 10, 0, -1, -1.5707963267948966, 1.0
126, 74, 808, 17, 808, 18, 0, -1, -1.5707963267948966, 1.0
126, 75, 815, 484, 816, 490, -1, -6, -1.7359450042095235, 6.082762530298219
126, 76, 480, 122, 480, 125, 0, -3, -1.5707963267948966, 3.0
126, 77, 462, 578, 461, 583, 1, -5, -1.373400766945016, 5.0990195135927845
126, 78, 674, 241, 674, 238, 0, 3, 1.5707963267948966, 3.0
126, 79, 543, 105, 542, 107, 1, -2, -1.1071487177940904, 2.23606797749979
126, 80, 503, 566, 503, 572, 0, -6, -1.5707963267948966, 6.0
126, 81, 474, 137, 474, 142, 0, -5, -1.5707963267948966, 5.0
126, 82, 247, 408, 247, 409, 0, -1, -1.5707963267948966, 1.0
126, 83, 822, 19, 822, 21, 0, -2, -1.5707963267948966, 2.0
126, 84, 154, 55, 154, 55, 0, 0, 0.0, 0.0
126, 85, 1156, 73, 1153, 73, 3, 0, 0.0, 3.0
126, 86, 936, 105, 936, 106, 0, -1, -1.5707963267948966, 1.0
126, 87, 708, 318, 708, 322, 0, -4, -1.5707963267948966, 4.0
126, 88, 199, 34, 195, 35, 4, -1, -0.24497866312686414, 4.123105625617661
126, 89, 685, 27, 684, 29, 1, -2, -1.1071487177940904, 2.23606797749979
126, 90, 826, 537, 826, 539, 0, -2, -1.5707963267948966, 2.0
126, 91, 682, 451, 681, 455, 1, -4, -1.3258176636680326, 4.123105625617661
126, 92, 667, 224, 667, 221, 0, 3, 1.5707963267948966, 3.0
126, 93, 479, 147, 479, 151, 0, -4, -1.5707963267948966, 4.0
126, 94, 819, 455, 820, 459, -1, -4, -1.8157749899217608, 4.123105625617661
126, 95, 1191, 103, 1189, 103, 2, 0, 0.0, 2.0
126, 96, 1175, 701, 1172, 701, 3, 0, 0.0, 3.0
126, 97, 673, 686, 675, 682, -2, 4, 2.0344439357957027, 4.47213595499958
126, 98, 808, 492, 809, 498, -1, -6, -1.7359450042095235, 6.082762530298219
126, 99, 394, 480, 397, 477, -3, 3, 2.356194490192345, 4.242640687119285
126, 100, 738, 286, 738, 290, 0, -4, -1.5707963267948966, 4.0
126, 101, 764, 251, 764, 251, 0, 0, 0.0, 0.0
126, 102, 775, 29, 775, 31, 0, -2, -1.5707963267948966, 2.0
126, 103, 465, 555, 464, 560, 1, -5, -1.373400766945016, 5.0990195135927845
126, 104, 656, 295, 656, 292, 0, 3, 1.5707963267948966, 3.0
126, 105, 512, 518, 513, 523, -1, -5, -1.7681918866447774, 5.0990195135927845
126, 106, 1087, 199, 1088, 204, -1, -5, -1.7681918866447774, 5.0990195135927845
126, 107, 262, 393, 262, 394, 0, -1, -1.5707963267948966, 1.0
126, 108, 860, 26, 861, 28, -1, -2, -2.0344439357957027, 2.23606797749979
126, 109, 480, 227, 480, 228, 0, -1, -1.5707963267948966, 1.0
126, 110, 611, 350, 611, 351, 0, -1, -1.5707963267948966, 1.0
126, 111, 381, 375, 382, 371, -1, 4, 1.8157749899217608, 4.123105625617661
126, 112, 403, 332, 404, 330, -1, 2, 2.0344439357957027, 2.23606797749979
126, 113, 300, 388, 300, 389, 0, -1, -1.5707963267948966, 1.0
126, 114, 1173, 682, 1170, 679, 3, 3, 0.7853981633974483, 4.242640687119285
126, 115, 1211, 11, 1210, 12, 1, -1, -0.7853981633974483, 1.4142135623730951
126, 116, 210, 68, 208, 71, 2, -3, -0.982793723247329, 3.605551275463989
126, 117, 700, 389, 700, 394, 0, -5, -1.5707963267948966, 5.0
126, 118, 330, 410, 330, 411, 0, -1, -1.5707963267948966, 1.0
126, 119, 117, 551, 114, 548, 3, 3, 0.7853981633974483, 4.242640687119285
126, 120, 932, 98, 932, 99, 0, -1, -1.5707963267948966, 1.0
126, 121, 1261, 237, 1265, 238, -4, -1, -2.896613990462929, 4.123105625617661
126, 122, 78, 445, 75, 442, 3, 3, 0.7853981633974483, 4.242640687119285
126, 123, 253, 349, 253, 350, 0, -1, -1.5707963267948966, 1.0
126, 124, 63, 451, 60, 449, 3, 2, 0.5880026035475675, 3.605551275463989
126, 125, 623, 297, 623, 295, 0, 2, 1.5707963267948966, 2.0
126, 126, 804, 157, 805, 161, -1, -4, -1.8157749899217608, 4.123105625617661
126, 127, 288, 382, 288, 383, 0, -1, -1.5707963267948966, 1.0
126, 128, 1174, 156, 1174, 155, 0, 1, 1.5707963267948966, 1.0
126, 129, 1261, 393, 1268, 394, -7, -1, -2.999695598985629, 7.0710678118654755
126, 130, 710, 444, 710, 447, 0, -3, -1.5707963267948966, 3.0
126, 131, 382, 464, 383, 464, -1, 0, 3.141592653589793, 1.0
126, 132, 484, 152, 484, 156, 0, -4, -1.5707963267948966, 4.0
126, 133, 1169, 63, 1166, 63, 3, 0, 0.0, 3.0
126, 134, 537, 70, 537, 71, 0, -1, -1.5707963267948966, 1.0
126, 135, 587, 108, 588, 110, -1, -2, -2.0344439357957027, 2.23606797749979
126, 136, 865, 35, 866, 37, -1, -2, -2.0344439357957027, 2.23606797749979
126, 137, 750, 212, 749, 209, 1, 3, 1.2490457723982544, 3.1622776601683795
126, 138, 219, 82, 217, 84, 2, -2, -0.7853981633974483, 2.8284271247461903
126, 139, 659, 232, 659, 229, 0, 3, 1.5707963267948966, 3.0
126, 140, 70, 505, 68, 503, 2, 2, 0.7853981633974483, 2.8284271247461903
126, 141, 625, 389, 626, 388, -1, 1, 2.356194490192345, 1.4142135623730951
126, 142, 625, 152, 625, 152, 0, 0, 0.0, 0.0
126, 143, 272, 328, 272, 329, 0, -1, -1.5707963267948966, 1.0
126, 144, 494, 626, 493, 631, 1, -5, -1.373400766945016, 5.0990195135927845
126, 145, 329, 370, 329, 371, 0, -1, -1.5707963267948966, 1.0
126, 146, 784, 37, 784, 38, 0, -1, -1.5707963267948966, 1.0
126, 147, 400, 414, 400, 414, 0, 0, 0.0, 0.0
126, 148, 621, 108, 621, 108, 0, 0, 0.0, 0.0
126, 149, 1261, 357, 1259, 355, 2, 2, 0.7853981633974483, 2.8284271247461903
126, 150, 104, 542, 103, 543, 1, -1, -0.7853981633974483, 1.4142135623730951
126, 151, 1181, 146, 1181, 145, 0, 1, 1.5707963267948966, 1.0
126, 152, 1178, 107, 1177, 107, 1, 0, 0.0, 1.0
126, 153, 841, 429, 840, 434, 1, -5, -1.373400766945016, 5.0990195135927845
126, 154, 924, 99, 924, 100, 0, -1, -1.5707963267948966, 1.0
126, 155, 696, 403, 695, 408, 1, -5, -1.373400766945016, 5.0990195135927845
126, 156, 494, 172, 494, 175, 0, -3, -1.5707963267948966, 3.0
126, 157, 694, 454, 694, 456, 0, -2, -1.5707963267948966, 2.0
126, 158, 692, 488, 692, 491, 0, -3, -1.5707963267948966, 3.0
126, 159, 1074, 227, 1075, 231, -1, -4, -1.8157749899217608, 4.123105625617661
126, 160, 1154, 127, 1153, 127, 1, 0, 0.0, 1.0
126, 161, 1182, 121, 1182, 120, 0, 1, 1.5707963267948966, 1.0
126, 162, 290, 358, 290, 359, 0, -1, -1.5707963267948966, 1.0
126, 163, 770, 34, 770, 36, 0, -2, -1.5707963267948966, 2.0
126, 164, 688, 391, 688, 396, 0, -5, -1.5707963267948966, 5.0
126, 165, 632, 108, 632, 108, 0, 0, 0.0, 0.0
126, 166, 1260, 364, 1258, 362, 2, 2, 0.7853981633974483, 2.8284271247461903
126, 167, 1188, 672, 1186, 672, 2, 0, 0.0, 2.0
126, 168, 597, 65, 597, 66, 0, -1, -1.5707963267948966, 1.0
126, 169, 386, 299, 387, 297, -1, 2, 2.0344439357957027, 2.23606797749979
126, 170, 634, 152, 634, 152, 0, 0, 0.0, 0.0
126, 171, 1161, 105, 1159, 105, 2, 0, 0.0, 2.0
126, 172, 373, 290, 374, 288, -1, 2, 2.0344439357957027, 2.23606797749979
126, 173, 239, 319, 239, 320, 0, -1, -1.5707963267948966, 1.0
126, 174, 865, 62, 865, 63, 0, -1, -1.5707963267948966, 1.0
126, 175, 269, 344, 269, 345, 0, -1, -1.5707963267948966, 1.0
126, 176, 780, 196, 780, 196, 0, 0, 0.0, 0.0
126, 177, 488, 591, 486, 596, 2, -5, -1.1902899496825317, 5.385164807134504
126, 178, 486, 99, 485, 102, 1, -3, -1.2490457723982544, 3.1622776601683795
126, 179, 1223, 228, 1222, 227, 1, 1, 0.7853981633974483, 1.4142135623730951
126, 180, 488, 59, 488, 62, 0, -3, -1.5707963267948966, 3.0
126, 181, 153, 29, 153, 28, 0, 1, 1.5707963267948966, 1.0
126, 182, 831, 38, 831, 39, 0, -1, -1.5707963267948966, 1.0
126, 183, 1210, 227, 1209, 226, 1, 1, 0.7853981633974483, 1.4142135623730951
126, 184, 372, 387, 371, 384, 1, 3, 1.2490457723982544, 3.1622776601683795
126, 185, 851, 493, 850, 499, 1, -6, -1.4056476493802699, 6.082762530298219
126, 186, 279, 352, 279, 353, 0, -1, -1.5707963267948966, 1.0
126, 187, 266, 399, 266, 400, 0, -1, -1.5707963267948966, 1.0
126, 188, 376, 446, 375, 443, 1, 3, 1.2490457723982544, 3.1622776601683795
126, 189, 1187, 307, 1186, 305, 1, 2, 1.1071487177940904, 2.23606797749979
126, 190, 275, 315, 275, 316, 0, -1, -1.5707963267948966, 1.0
126, 191, 405, 325, 406, 323, -1, 2, 2.0344439357957027, 2.23606797749979
126, 192, 59, 74, 59, 75, 0, -1, -1.5707963267948966, 1.0
126, 193, 156, 69, 156, 69, 0, 0, 0.0, 0.0
126, 194, 1220, 219, 1219, 218, 1, 1, 0.7853981633974483, 1.4142135623730951
126, 195, 862, 471, 861, 476, 1, -5, -1.373400766945016, 5.0990195135927845
126, 196, 755, 199, 754, 196, 1, 3, 1.2490457723982544, 3.1622776601683795
126, 197, 244, 327, 244, 328, 0, -1, -1.5707963267948966, 1.0
126, 198, 637, 14, 637, 14, 0, 0, 0.0, 0.0
126, 199, 1157, 194, 1156, 193, 1, 1, 0.7853981633974483, 1.4142135623730951
126, 200, 1261, 350, 1267, 348, -6, 2, 2.819842099193151, 6.324555320336759
126, 201, 1142, 127, 1141, 128, 1, -1, -0.7853981633974483, 1.4142135623730951
126, 202, 787, 185, 788, 187, -1, -2, -2.0344439357957027, 2.23606797749979
126, 203, 900, 14, 895, 16, 5, -2, -0.3805063771123649, 5.385164807134504
126, 204, 500, 161, 500, 162, 0, -1, -1.5707963267948966, 1.0
126, 205, 264, 411, 264, 412, 0, -1, -1.5707963267948966, 1.0
126, 206, 1179, 700, 1178, 696, 1, 4, 1.3258176636680326, 4.123105625617661
126, 207, 1261, 376, 1262, 375, -1, 1, 2.356194490192345, 1.4142135623730951
126, 208, 359, 421, 359, 418, 0, 3, 1.5707963267948966, 3.0
126, 209, 1079, 255, 1079, 257, 0, -2, -1.5707963267948966, 2.0
126, 210, 647, 259, 648, 256, -1, 3, 1.892546881191539, 3.1622776601683795
126, 211, 825, 28, 825, 30, 0, -2, -1.5707963267948966, 2.0
126, 212, 492, 28, 492, 30, 0, -2, -1.5707963267948966, 2.0
126, 213, 1096, 240, 1098, 242, -2, -2, -2.356194490192345, 2.8284271247461903
126, 214, 855, 455, 853, 458, 2, -3, -0.982793723247329, 3.605551275463989
126, 215, 798, 142, 799, 146, -1, -4, -1.8157749899217608, 4.123105625617661
126, 216, 1080, 281, 1081, 283, -1, -2, -2.0344439357957027, 2.23606797749979
127, 0, 260, 346, 261, 346, -1, 0, 3.141592653589793, 1.0
127, 1, 495, 496, 495, 500, 0, -4, -1.5707963267948966, 4.0
127, 2, 801, 173, 805, 176, -4, -3, -2.498091544796509, 5.0
127, 3, 676, 697, 679, 694, -3, 3, 2.356194490192345, 4.242640687119285
127, 4, 844, 444, 844, 448, 0, -4, -1.5707963267948966, 4.0
127, 5, 367, 329, 369, 325, -2, 4, 2.0344439357957027, 4.47213595499958
127, 6, 764, 12, 764, 15, 0, -3, -1.5707963267948966, 3.0
127, 7, 300, 345, 301, 345, -1, 0, 3.141592653589793, 1.0
127, 8, 172, 49, 173, 45, -1, 4, 1.8157749899217608, 4.123105625617661
127, 9, 775, 179, 777, 178, -2, 1, 2.677945044588987, 2.23606797749979
127, 10, 833, 442, 832, 446, 1, -4, -1.3258176636680326, 4.123105625617661
127, 11, 276, 323, 277, 323, -1, 0, 3.141592653589793, 1.0
127, 12, 473, 573, 472, 578, 1, -5, -1.373400766945016, 5.0990195135927845
127, 13, 539, 30, 541, 31, -2, -1, -2.677945044588987, 2.23606797749979
127, 14, 385, 389, 386, 387, -1, 2, 2.0344439357957027, 2.23606797749979
127, 15, 626, 74, 626, 71, 0, 3, 1.5707963267948966, 3.0
127, 16, 689, 399, 688, 404, 1, -5, -1.373400766945016, 5.0990195135927845
127, 17, 203, 26, 200, 25, 3, 1, 0.3217505543966422, 3.1622776601683795
127, 18, 489, 84, 489, 89, 0, -5, -1.5707963267948966, 5.0
127, 19, 292, 324, 293, 324, -1, 0, 3.141592653589793, 1.0
127, 20, 1096, 245, 1098, 248, -2, -3, -2.158798930342464, 3.605551275463989
127, 21, 1157, 109, 1154, 107, 3, 2, 0.5880026035475675, 3.605551275463989
127, 22, 589, 38, 590, 38, -1, 0, 3.141592653589793, 1.0
127, 23, 393, 372, 395, 372, -2, 0, 3.141592653589793, 2.0
127, 24, 632, 398, 632, 396, 0, 2, 1.5707963267948966, 2.0
127, 25, 300, 362, 301, 362, -1, 0, 3.141592653589793, 1.0
127, 26, 255, 340, 256, 340, -1, 0, 3.141592653589793, 1.0
127, 27, 766, 174, 767, 171, -1, 3, 1.892546881191539, 3.1622776601683795
127, 28, 505, 519, 506, 524, -1, -5, -1.7681918866447774, 5.0990195135927845
127, 29, 210, 84, 209, 84, 1, 0, 0.0, 1.0
127, 30, 330, 358, 331, 358, -1, 0, 3.141592653589793, 1.0
127, 31, 251, 391, 252, 391, -1, 0, 3.141592653589793, 1.0
127, 32, 1261, 204, 1261, 201, 0, 3, 1.5707963267948966, 3.0
127, 33, 1088, 182, 1092, 186, -4, -4, -2.356194490192345, 5.656854249492381
127, 34, 772, 171, 774, 170, -2, 1, 2.677945044588987, 2.23606797749979
127, 35, 1209, 697, 1208, 693, 1, 4, 1.3258176636680326, 4.123105625617661
127, 36, 479, 499, 481, 502, -2, -3, -2.158798930342464, 3.605551275463989
127, 37, 701, 403, 702, 407, -1, -4, -1.8157749899217608, 4.123105625617661
127, 38, 1199, 102, 1197, 99, 2, 3, 0.982793723247329, 3.605551275463989
127, 39, 1197, 318, 1198, 316, -1, 2, 2.0344439357957027, 2.23606797749979
127, 40, 1183, 684, 1183, 683, 0, 1, 1.5707963267948966, 1.0
127, 41, 1062, 238, 1065, 240, -3, -2, -2.5535900500422257, 3.605551275463989
127, 42, 1095, 195, 1098, 200, -3, -5, -2.1112158270654806, 5.830951894845301
127, 43, 465, 145, 467, 149, -2, -4, -2.0344439357957027, 4.47213595499958
127, 44, 1202, 634, 1203, 630, -1, 4, 1.8157749899217608, 4.123105625617661
127, 45, 315, 395, 316, 395, -1, 0, 3.141592653589793, 1.0
127, 46, 306, 330, 307, 330, -1, 0, 3.141592653589793, 1.0
127, 47, 55, 700, 53, 700, 2, 0, 0.0, 2.0
127, 48, 1223, 272, 1222, 268, 1, 4, 1.3258176636680326, 4.123105625617661
127, 49, 256, 370, 257, 370, -1, 0, 3.141592653589793, 1.0
127, 50, 813, 26, 815, 26, -2, 0, 3.141592653589793, 2.0
127, 51, 1261, 210, 1261, 207, 0, 3, 1.5707963267948966, 3.0
127, 52, 937, 21, 938, 21, -1, 0, 3.141592653589793, 1.0
127, 53, 106, 494, 105, 492, 1, 2, 1.1071487177940904, 2.23606797749979
127, 54, 410, 425, 410, 421, 0, 4, 1.5707963267948966, 4.0
127, 55, 256, 377, 257, 377, -1, 0, 3.141592653589793, 1.0
127, 56, 496, 93, 496, 98, 0, -5, -1.5707963267948966, 5.0
127, 57, 763, 181, 763, 177, 0, 4, 1.5707963267948966, 4.0
127, 58, 1167, 120, 1165, 119, 2, 1, 0.4636476090008061, 2.23606797749979
127, 59, 576, 106, 578, 107, -2, -1, -2.677945044588987, 2.23606797749979
127, 60, 547, 24, 549, 25, -2, -1, -2.677945044588987, 2.23606797749979
127, 61, 472, 233, 474, 236, -2, -3, -2.158798930342464, 3.605551275463989
127, 62, 1196, 62, 1194, 59, 2, 3, 0.982793723247329, 3.605551275463989
127, 63, 655, 699, 656, 695, -1, 4, 1.8157749899217608, 4.123105625617661
127, 64, 789, 130, 792, 135, -3, -5, -2.1112158270654806, 5.830951894845301
127, 65, 263, 384, 264, 384, -1, 0, 3.141592653589793, 1.0
127, 66, 552, 99, 552, 99, 0, 0, 0.0, 0.0
127, 67, 696, 409, 696, 414, 0, -5, -1.5707963267948966, 5.0
127, 68, 508, 503, 509, 507, -1, -4, -1.8157749899217608, 4.123105625617661
127, 69, 806, 17, 808, 17, -2, 0, 3.141592653589793, 2.0
127, 70, 816, 482, 815, 484, 1, -2, -1.1071487177940904, 2.23606797749979
127, 71, 480, 118, 480, 122, 0, -4, -1.5707963267948966, 4.0
127, 72, 462, 574, 462, 578, 0, -4, -1.5707963267948966, 4.0
127, 73, 673, 245, 674, 241, -1, 4, 1.8157749899217608, 4.123105625617661
127, 74, 543, 104, 543, 105, 0, -1, -1.5707963267948966, 1.0
127, 75, 502, 563, 503, 566, -1, -3, -1.892546881191539, 3.1622776601683795
127, 76, 473, 132, 474, 137, -1, -5, -1.7681918866447774, 5.0990195135927845
127, 77, 246, 408, 247, 408, -1, 0, 3.141592653589793, 1.0
127, 78, 820, 19, 822, 19, -2, 0, 3.141592653589793, 2.0
127, 79, 153, 58, 154, 55, -1, 3, 1.892546881191539, 3.1622776601683795
127, 80, 1159, 75, 1156, 73, 3, 2, 0.5880026035475675, 3.605551275463989
127, 81, 935, 105, 936, 105, -1, 0, 3.141592653589793, 1.0
127, 82, 708, 314, 708, 318, 0, -4, -1.5707963267948966, 4.0
127, 83, 202, 34, 199, 34, 3, 0, 0.0, 3.0
127, 84, 686, 26, 685, 27, 1, -1, -0.7853981633974483, 1.4142135623730951
127, 85, 826, 536, 826, 537, 0, -1, -1.5707963267948966, 1.0
127, 86, 684, 449, 682, 451, 2, -2, -0.7853981633974483, 2.8284271247461903
127, 87, 666, 227, 667, 224, -1, 3, 1.892546881191539, 3.1622776601683795
127, 88, 478, 142, 479, 147, -1, -5, -1.7681918866447774, 5.0990195135927845
127, 89, 816, 451, 819, 455, -3, -4, -2.214297435588181, 5.0
127, 90, 1193, 106, 1191, 103, 2, 3, 0.982793723247329, 3.605551275463989
127, 91, 1174, 701, 1175, 701, -1, 0, 3.141592653589793, 1.0
127, 92, 670, 690, 673, 686, -3, 4, 2.214297435588181, 5.0
127, 93, 809, 489, 808, 492, 1, -3, -1.2490457723982544, 3.1622776601683795
127, 94, 389, 481, 394, 480, -5, 1, 2.9441970937399127, 5.0990195135927845
127, 95, 737, 281, 738, 286, -1, -5, -1.7681918866447774, 5.0990195135927845
127, 96, 763, 252, 764, 251, -1, 1, 2.356194490192345, 1.4142135623730951
127, 97, 775, 28, 775, 29, 0, -1, -1.5707963267948966, 1.0
127, 98, 464, 549, 465, 555, -1, -6, -1.7359450042095235, 6.082762530298219
127, 99, 653, 297, 656, 295, -3, 2, 2.5535900500422257, 3.605551275463989
127, 100, 511, 514, 512, 518, -1, -4, -1.8157749899217608, 4.123105625617661
127, 101, 1083, 196, 1087, 199, -4, -3, -2.498091544796509, 5.0
127, 102, 261, 393, 262, 393, -1, 0, 3.141592653589793, 1.0
127, 103, 856, 25, 860, 26, -4, -1, -2.896613990462929, 4.123105625617661
127, 104, 610, 350, 611, 350, -1, 0, 3.141592653589793, 1.0
127, 105, 379, 377, 381, 375, -2, 2, 2.356194490192345, 2.8284271247461903
127, 106, 402, 335, 403, 332, -1, 3, 1.892546881191539, 3.1622776601683795
127, 107, 299, 388, 300, 388, -1, 0, 3.141592653589793, 1.0
127, 108, 1175, 687, 1173, 682, 2, 5, 1.1902899496825317, 5.385164807134504
127, 109, 1210, 11, 1211, 11, -1, 0, 3.141592653589793, 1.0
127, 110, 213, 68, 210, 68, 3, 0, 0.0, 3.0
127, 111, 700, 384, 700, 389, 0, -5, -1.5707963267948966, 5.0
127, 112, 329, 410, 330, 410, -1, 0, 3.141592653589793, 1.0
127, 113, 119, 553, 117, 551, 2, 2, 0.7853981633974483, 2.8284271247461903
127, 114, 931, 98, 932, 98, -1, 0, 3.141592653589793, 1.0
127, 115, 1260, 238, 1261, 237, -1, 1, 2.356194490192345, 1.4142135623730951
127, 116, 79, 448, 78, 445, 1, 3, 1.2490457723982544, 3.1622776601683795
127, 117, 252, 349, 253, 349, -1, 0, 3.141592653589793, 1.0
127, 118, 65, 454, 63, 451, 2, 3, 0.982793723247329, 3.605551275463989
127, 119, 622, 300, 623, 297, -1, 3, 1.892546881191539, 3.1622776601683795
127, 120, 802, 152, 804, 157, -2, -5, -1.9513027039072615, 5.385164807134504
127, 121, 287, 382, 288, 382, -1, 0, 3.141592653589793, 1.0
127, 122, 1173, 160, 1174, 156, -1, 4, 1.8157749899217608, 4.123105625617661
127, 123, 1261, 394, 1261, 393, 0, 1, 1.5707963267948966, 1.0
127, 124, 380, 466, 382, 464, -2, 2, 2.356194490192345, 2.8284271247461903
127, 125, 482, 147, 484, 152, -2, -5, -1.9513027039072615, 5.385164807134504
127, 126, 1172, 65, 1169, 63, 3, 2, 0.5880026035475675, 3.605551275463989
127, 127, 537, 70, 537, 70, 0, 0, 0.0, 0.0
127, 128, 861, 34, 865, 35, -4, -1, -2.896613990462929, 4.123105625617661
127, 129, 750, 216, 750, 212, 0, 4, 1.5707963267948966, 4.0
127, 130, 221, 81, 219, 82, 2, -1, -0.4636476090008061, 2.23606797749979
127, 131, 658, 235, 659, 232, -1, 3, 1.892546881191539, 3.1622776601683795
127, 132, 71, 507, 70, 505, 1, 2, 1.1071487177940904, 2.23606797749979
127, 133, 623, 391, 625, 389, -2, 2, 2.356194490192345, 2.8284271247461903
127, 134, 624, 153, 625, 152, -1, 1, 2.356194490192345, 1.4142135623730951
127, 135, 271, 328, 272, 328, -1, 0, 3.141592653589793, 1.0
127, 136, 495, 618, 494, 626, 1, -8, -1.446441332248135, 8.06225774829855
127, 137, 328, 370, 329, 370, -1, 0, 3.141592653589793, 1.0
127, 138, 783, 37, 784, 37, -1, 0, 3.141592653589793, 1.0
127, 139, 397, 416, 400, 414, -3, 2, 2.5535900500422257, 3.605551275463989
127, 140, 620, 112, 621, 108, -1, 4, 1.8157749899217608, 4.123105625617661
127, 141, 1261, 358, 1261, 357, 0, 1, 1.5707963267948966, 1.0
127, 142, 103, 542, 104, 542, -1, 0, 3.141592653589793, 1.0
127, 143, 1180, 150, 1181, 146, -1, 4, 1.8157749899217608, 4.123105625617661
127, 144, 1179, 109, 1178, 107, 1, 2, 1.1071487177940904, 2.23606797749979
127, 145, 842, 424, 841, 429, 1, -5, -1.373400766945016, 5.0990195135927845
127, 146, 923, 99, 924, 99, -1, 0, 3.141592653589793, 1.0
127, 147, 696, 398, 696, 403, 0, -5, -1.5707963267948966, 5.0
127, 148, 493, 170, 494, 172, -1, -2, -2.0344439357957027, 2.23606797749979
127, 149, 695, 449, 694, 454, 1, -5, -1.373400766945016, 5.0990195135927845
127, 150, 692, 487, 692, 488, 0, -1, -1.5707963267948966, 1.0
127, 151, 1071, 225, 1074, 227, -3, -2, -2.5535900500422257, 3.605551275463989
127, 152, 1155, 128, 1154, 127, 1, 1, 0.7853981633974483, 1.4142135623730951
127, 153, 1182, 124, 1182, 121, 0, 3, 1.5707963267948966, 3.0
127, 154, 289, 358, 290, 358, -1, 0, 3.141592653589793, 1.0
127, 155, 770, 33, 770, 34, 0, -1, -1.5707963267948966, 1.0
127, 156, 688, 386, 688, 391, 0, -5, -1.5707963267948966, 5.0
127, 157, 631, 112, 632, 108, -1, 4, 1.8157749899217608, 4.123105625617661
127, 158, 1261, 364, 1260, 364, 1, 0, 0.0, 1.0
127, 159, 1190, 669, 1188, 672, 2, -3, -0.982793723247329, 3.605551275463989
127, 160, 596, 65, 597, 65, -1, 0, 3.141592653589793, 1.0
127, 161, 382, 301, 386, 299, -4, 2, 2.677945044588987, 4.47213595499958
127, 162, 633, 153, 634, 152, -1, 1, 2.356194490192345, 1.4142135623730951
127, 163, 1164, 107, 1161, 105, 3, 2, 0.5880026035475675, 3.605551275463989
127, 164, 372, 294, 373, 290, -1, 4, 1.8157749899217608, 4.123105625617661
127, 165, 238, 319, 239, 319, -1, 0, 3.141592653589793, 1.0
127, 166, 863, 62, 865, 62, -2, 0, 3.141592653589793, 2.0
127, 167, 268, 344, 269, 344, -1, 0, 3.141592653589793, 1.0
127, 168, 780, 198, 780, 196, 0, 2, 1.5707963267948966, 2.0
127, 169, 489, 587, 488, 591, 1, -4, -1.3258176636680326, 4.123105625617661
127, 170, 486, 95, 486, 99, 0, -4, -1.5707963267948966, 4.0
127, 171, 1222, 231, 1223, 228, -1, 3, 1.892546881191539, 3.1622776601683795
127, 172, 487, 59, 488, 59, -1, 0, 3.141592653589793, 1.0
127, 173, 153, 32, 153, 29, 0, 3, 1.5707963267948966, 3.0
127, 174, 830, 38, 831, 38, -1, 0, 3.141592653589793, 1.0
127, 175, 1210, 231, 1210, 227, 0, 4, 1.5707963267948966, 4.0
127, 176, 373, 389, 372, 387, 1, 2, 1.1071487177940904, 2.23606797749979
127, 177, 850, 489, 851, 493, -1, -4, -1.8157749899217608, 4.123105625617661
127, 178, 278, 352, 279, 352, -1, 0, 3.141592653589793, 1.0
127, 179, 265, 399, 266, 399, -1, 0, 3.141592653589793, 1.0
127, 180, 374, 449, 376, 446, -2, 3, 2.158798930342464, 3.605551275463989
127, 181, 1188, 310, 1187, 307, 1, 3, 1.2490457723982544, 3.1622776601683795
127, 182, 274, 315, 275, 315, -1, 0, 3.141592653589793, 1.0
127, 183, 403, 329, 405, 325, -2, 4, 2.0344439357957027, 4.47213595499958
127, 184, 58, 74, 59, 74, -1, 0, 3.141592653589793, 1.0
127, 185, 155, 70, 156, 69, -1, 1, 2.356194490192345, 1.4142135623730951
127, 186, 1220, 223, 1220, 219, 0, 4, 1.5707963267948966, 4.0
127, 187, 862, 466, 862, 471, 0, -5, -1.5707963267948966, 5.0
127, 188, 756, 204, 755, 199, 1, 5, 1.373400766945016, 5.0990195135927845
127, 189, 243, 327, 244, 327, -1, 0, 3.141592653589793, 1.0
127, 190, 636, 15, 637, 14, -1, 1, 2.356194490192345, 1.4142135623730951
127, 191, 1157, 195, 1157, 194, 0, 1, 1.5707963267948966, 1.0
127, 192, 1261, 352, 1261, 350, 0, 2, 1.5707963267948966, 2.0
127, 193, 1142, 128, 1142, 127, 0, 1, 1.5707963267948966, 1.0
127, 194, 785, 183, 787, 185, -2, -2, -2.356194490192345, 2.8284271247461903
127, 195, 904, 13, 900, 14, 4, -1, -0.24497866312686414, 4.123105625617661
127, 196, 498, 160, 500, 161, -2, -1, -2.677945044588987, 2.23606797749979
127, 197, 263, 411, 264, 411, -1, 0, 3.141592653589793, 1.0
127, 198, 1177, 701, 1179, 700, -2, 1, 2.677945044588987, 2.23606797749979
127, 199, 1261, 374, 1261, 376, 0, -2, -1.5707963267948966, 2.0
127, 200, 357, 423, 359, 421, -2, 2, 2.356194490192345, 2.8284271247461903
127, 201, 1077, 254, 1079, 255, -2, -1, -2.677945044588987, 2.23606797749979
127, 202, 647, 262, 647, 259, 0, 3, 1.5707963267948966, 3.0
127, 203, 824, 28, 825, 28, -1, 0, 3.141592653589793, 1.0
127, 204, 492, 25, 492, 28, 0, -3, -1.5707963267948966, 3.0
127, 205, 1095, 236, 1096, 240, -1, -4, -1.8157749899217608, 4.123105625617661
127, 206, 857, 451, 855, 455, 2, -4, -1.1071487177940904, 4.47213595499958
127, 207, 796, 137, 798, 142, -2, -5, -1.9513027039072615, 5.385164807134504
128, 0, 772, 169, 773, 169, -1, 0, 3.141592653589793, 1.0
128, 1, 506, 524, 507, 523, -1, 1, 2.356194490192345, 1.4142135623730951
128, 2, 1075, 245, 1077, 249, -2, -4, -2.0344439357957027, 4.47213595499958
128, 3, 495, 491, 495, 496, 0, -5, -1.5707963267948966, 5.0
128, 4, 834, 436, 834, 441, 0, -5, -1.5707963267948966, 5.0
128, 5, 846, 438, 846, 442, 0, -4, -1.5707963267948966, 4.0
128, 6, 480, 493, 481, 497, -1, -4, -1.8157749899217608, 4.123105625617661
128, 7, 368, 332, 370, 329, -2, 3, 2.158798930342464, 3.605551275463989
128, 8, 676, 701, 679, 698, -3, 3, 2.356194490192345, 4.242640687119285
128, 9, 626, 75, 626, 74, 0, 1, 1.5707963267948966, 1.0
128, 10, 688, 400, 688, 404, 0, -4, -1.5707963267948966, 4.0
128, 11, 172, 47, 173, 46, -1, 1, 2.356194490192345, 1.4142135623730951
128, 12, 801, 175, 803, 178, -2, -3, -2.158798930342464, 3.605551275463989
128, 13, 205, 26, 202, 26, 3, 0, 0.0, 3.0
128, 14, 489, 85, 489, 88, 0, -3, -1.5707963267948966, 3.0
128, 15, 213, 70, 211, 71, 2, -1, -0.4636476090008061, 2.23606797749979
128, 16, 837, 492, 837, 495, 0, -3, -1.5707963267948966, 3.0
128, 17, 1198, 102, 1197, 101, 1, 1, 0.7853981633974483, 1.4142135623730951
128, 18, 1087, 183, 1090, 186, -3, -3, -2.356194490192345, 4.242640687119285
128, 19, 410, 427, 410, 423, 0, 4, 1.5707963267948966, 4.0
128, 20, 1212, 642, 1211, 639, 1, 3, 1.2490457723982544, 3.1622776601683795
128, 21, 1261, 204, 1261, 203, 0, 1, 1.5707963267948966, 1.0
128, 22, 385, 393, 386, 390, -1, 3, 1.892546881191539, 3.1622776601683795
128, 23, 1188, 327, 1187, 324, 1, 3, 1.2490457723982544, 3.1622776601683795
128, 24, 472, 572, 472, 576, 0, -4, -1.5707963267948966, 4.0
128, 25, 1153, 107, 1151, 106, 2, 1, 0.4636476090008061, 2.23606797749979
128, 26, 704, 402, 704, 406, 0, -4, -1.5707963267948966, 4.0
128, 27, 504, 556, 505, 560, -1, -4, -1.8157749899217608, 4.123105625617661
128, 28, 1064, 235, 1066, 238, -2, -3, -2.158798930342464, 3.605551275463989
128, 29, 765, 12, 765, 15, 0, -3, -1.5707963267948966, 3.0
128, 30, 622, 406, 623, 403, -1, 3, 1.892546881191539, 3.1622776601683795
128, 31, 66, 460, 64, 457, 2, 3, 0.982793723247329, 3.605551275463989
128, 32, 1160, 110, 1158, 109, 2, 1, 0.4636476090008061, 2.23606797749979
128, 33, 1095, 197, 1097, 200, -2, -3, -2.158798930342464, 3.605551275463989
128, 34, 204, 87, 204, 88, 0, -1, -1.5707963267948966, 1.0
128, 35, 50, 701, 50, 712, 0, -11, -1.5707963267948966, 11.0
128, 36, 573, 104, 575, 106, -2, -2, -2.356194490192345, 2.8284271247461903
128, 37, 235, 83, 231, 84, 4, -1, -0.24497866312686414, 4.123105625617661
128, 38, 653, 701, 655, 699, -2, 2, 2.356194490192345, 2.8284271247461903
128, 39, 791, 132, 792, 135, -1, -3, -1.892546881191539, 3.1622776601683795
128, 40, 399, 421, 400, 418, -1, 3, 1.892546881191539, 3.1622776601683795
128, 41, 1195, 62, 1194, 61, 1, 1, 0.7853981633974483, 1.4142135623730951
128, 42, 1261, 209, 1267, 208, -6, 1, 2.976443976175166, 6.082762530298219
128, 43, 465, 143, 466, 147, -1, -4, -1.8157749899217608, 4.123105625617661
128, 44, 938, 22, 938, 23, 0, -1, -1.5707963267948966, 1.0
128, 45, 496, 95, 496, 98, 0, -3, -1.5707963267948966, 3.0
128, 46, 697, 409, 697, 413, 0, -4, -1.5707963267948966, 4.0
128, 47, 783, 9, 783, 10, 0, -1, -1.5707963267948966, 1.0
128, 48, 478, 142, 479, 146, -1, -4, -1.8157749899217608, 4.123105625617661
128, 49, 814, 474, 813, 476, 1, -2, -1.1071487177940904, 2.23606797749979
128, 50, 908, 17, 905, 16, 3, 1, 0.3217505543966422, 3.1622776601683795
128, 51, 1200, 682, 1198, 682, 2, 0, 0.0, 2.0
128, 52, 1167, 120, 1166, 120, 1, 0, 0.0, 1.0
128, 53, 763, 181, 763, 180, 0, 1, 1.5707963267948966, 1.0
128, 54, 204, 35, 201, 35, 3, 0, 0.0, 3.0
128, 55, 673, 245, 674, 243, -1, 2, 2.0344439357957027, 2.23606797749979
128, 56, 375, 383, 377, 379, -2, 4, 2.0344439357957027, 4.47213595499958
128, 57, 473, 132, 474, 136, -1, -4, -1.8157749899217608, 4.123105625617661
128, 58, 708, 304, 708, 309, 0, -5, -1.5707963267948966, 5.0
128, 59, 775, 30, 775, 31, 0, -1, -1.5707963267948966, 1.0
128, 60, 803, 154, 804, 157, -1, -3, -1.892546881191539, 3.1622776601683795
128, 61, 679, 440, 679, 443, 0, -3, -1.5707963267948966, 3.0
128, 62, 1158, 75, 1156, 75, 2, 0, 0.0, 2.0
128, 63, 661, 229, 662, 227, -1, 2, 2.0344439357957027, 2.23606797749979
128, 64, 1084, 196, 1086, 199, -2, -3, -2.158798930342464, 3.605551275463989
128, 65, 1221, 273, 1222, 270, -1, 3, 1.892546881191539, 3.1622776601683795
128, 66, 123, 557, 123, 553, 0, 4, 1.5707963267948966, 4.0
128, 67, 1198, 317, 1198, 317, 0, 0, 0.0, 0.0
128, 68, 79, 150, 80, 150, -1, 0, 3.141592653589793, 1.0
128, 69, 153, 57, 154, 56, -1, 1, 2.356194490192345, 1.4142135623730951
128, 70, 1175, 160, 1176, 159, -1, 1, 2.356194490192345, 1.4142135623730951
128, 71, 936, 106, 937, 106, -1, 0, 3.141592653589793, 1.0
128, 72, 607, 349, 608, 349, -1, 0, 3.141592653589793, 1.0
128, 73, 461, 571, 462, 575, -1, -4, -1.8157749899217608, 4.123105625617661
128, 74, 463, 546, 465, 551, -2, -5, -1.9513027039072615, 5.385164807134504
128, 75, 400, 338, 402, 336, -2, 2, 2.356194490192345, 2.8284271247461903
128, 76, 857, 26, 859, 27, -2, -1, -2.677945044588987, 2.23606797749979
128, 77, 655, 300, 656, 297, -1, 3, 1.892546881191539, 3.1622776601683795
128, 78, 486, 61, 487, 61, -1, 0, 3.141592653589793, 1.0
128, 79, 551, 102, 551, 103, 0, -1, -1.5707963267948966, 1.0
128, 80, 737, 280, 738, 284, -1, -4, -1.8157749899217608, 4.123105625617661
128, 81, 543, 103, 543, 104, 0, -1, -1.5707963267948966, 1.0
128, 82, 1194, 691, 1193, 690, 1, 1, 0.7853981633974483, 1.4142135623730951
128, 83, 1172, 65, 1170, 65, 2, 0, 0.0, 2.0
128, 84, 99, 544, 100, 544, -1, 0, 3.141592653589793, 1.0
128, 85, 473, 229, 474, 231, -1, -2, -2.0344439357957027, 2.23606797749979
128, 86, 669, 693, 672, 689, -3, 4, 2.214297435588181, 5.0
128, 87, 82, 454, 80, 450, 2, 4, 1.1071487177940904, 4.47213595499958
128, 88, 621, 303, 622, 300, -1, 3, 1.892546881191539, 3.1622776601683795
128, 89, 1192, 106, 1191, 105, 1, 1, 0.7853981633974483, 1.4142135623730951
128, 90, 1261, 394, 1269, 394, -8, 0, 3.141592653589793, 8.0
128, 91, 1261, 371, 1262, 370, -1, 1, 2.356194490192345, 1.4142135623730951
128, 92, 490, 174, 491, 176, -1, -2, -2.0344439357957027, 2.23606797749979
128, 93, 659, 332, 660, 332, -1, 0, 3.141592653589793, 1.0
128, 94, 1197, 701, 1195, 704, 2, -3, -0.982793723247329, 3.605551275463989
128, 95, 370, 394, 371, 391, -1, 3, 1.892546881191539, 3.1622776601683795
128, 96, 486, 583, 486, 587, 0, -4, -1.5707963267948966, 4.0
128, 97, 931, 99, 932, 99, -1, 0, 3.141592653589793, 1.0
128, 98, 696, 398, 696, 402, 0, -4, -1.5707963267948966, 4.0
128, 99, 819, 444, 821, 448, -2, -4, -2.0344439357957027, 4.47213595499958
128, 100, 624, 153, 625, 153, -1, 0, 3.141592653589793, 1.0
128, 101, 751, 218, 751, 216, 0, 2, 1.5707963267948966, 2.0
128, 102, 1221, 235, 1222, 231, -1, 4, 1.8157749899217608, 4.123105625617661
128, 103, 393, 494, 394, 492, -1, 2, 2.0344439357957027, 2.23606797749979
128, 104, 634, 163, 635, 162, -1, 1, 2.356194490192345, 1.4142135623730951
128, 105, 619, 113, 620, 111, -1, 2, 2.0344439357957027, 2.23606797749979
128, 106, 701, 385, 701, 389, 0, -4, -1.5707963267948966, 4.0
128, 107, 1152, 203, 1153, 203, -1, 0, 3.141592653589793, 1.0
128, 108, 481, 119, 481, 123, 0, -4, -1.5707963267948966, 4.0
128, 109, 492, 167, 493, 169, -1, -2, -2.0344439357957027, 2.23606797749979
128, 110, 842, 420, 842, 425, 0, -5, -1.5707963267948966, 5.0
128, 111, 863, 35, 865, 36, -2, -1, -2.677945044588987, 2.23606797749979
128, 112, 851, 486, 852, 490, -1, -4, -1.8157749899217608, 4.123105625617661
128, 113, 583, 81, 583, 82, 0, -1, -1.5707963267948966, 1.0
128, 114, 689, 387, 689, 391, 0, -4, -1.5707963267948966, 4.0
128, 115, 1261, 239, 1271, 238, -10, 1, 3.0419240010986313, 10.04987562112089
128, 116, 1185, 701, 1181, 702, 4, -1, -0.24497866312686414, 4.123105625617661
128, 117, 1180, 149, 1181, 148, -1, 1, 2.356194490192345, 1.4142135623730951
128, 118, 923, 100, 924, 100, -1, 0, 3.141592653589793, 1.0
128, 119, 384, 305, 386, 302, -2, 3, 2.158798930342464, 3.605551275463989
128, 120, 657, 236, 658, 234, -1, 2, 2.0344439357957027, 2.23606797749979
128, 121, 1141, 128, 1141, 128, 0, 0, 0.0, 0.0
129, 0, 771, 169, 772, 169, -1, 0, 3.141592653589793, 1.0
129, 1, 506, 527, 506, 524, 0, 3, 1.5707963267948966, 3.0
129, 2, 1073, 242, 1075, 245, -2, -3, -2.158798930342464, 3.605551275463989
129, 3, 495, 487, 495, 491, 0, -4, -1.5707963267948966, 4.0
129, 4, 834, 431, 834, 436, 0, -5, -1.5707963267948966, 5.0
129, 5, 846, 434, 846, 438, 0, -4, -1.5707963267948966, 4.0
129, 6, 479, 489, 480, 493, -1, -4, -1.8157749899217608, 4.123105625617661
129, 7, 366, 335, 368, 332, -2, 3, 2.158798930342464, 3.605551275463989
129, 8, 673, 701, 676, 701, -3, 0, 3.141592653589793, 3.0
129, 9, 626, 77, 626, 75, 0, 2, 1.5707963267948966, 2.0
129, 10, 688, 396, 688, 400, 0, -4, -1.5707963267948966, 4.0
129, 11, 172, 47, 172, 47, 0, 0, 0.0, 0.0
129, 12, 799, 172, 801, 175, -2, -3, -2.158798930342464, 3.605551275463989
129, 13, 208, 26, 205, 26, 3, 0, 0.0, 3.0
129, 14, 489, 81, 489, 85, 0, -4, -1.5707963267948966, 4.0
129, 15, 216, 68, 213, 70, 3, -2, -0.5880026035475675, 3.605551275463989
129, 16, 837, 488, 837, 492, 0, -4, -1.5707963267948966, 4.0
129, 17, 1198, 103, 1198, 102, 0, 1, 1.5707963267948966, 1.0
129, 18, 1084, 180, 1087, 183, -3, -3, -2.356194490192345, 4.242640687119285
129, 19, 410, 432, 410, 427, 0, 5, 1.5707963267948966, 5.0
129, 20, 1212, 646, 1212, 642, 0, 4, 1.5707963267948966, 4.0
129, 21, 1260, 206, 1261, 204, -1, 2, 2.0344439357957027, 2.23606797749979
129, 22, 385, 396, 385, 393, 0, 3, 1.5707963267948966, 3.0
129, 23, 1189, 329, 1188, 327, 1, 2, 1.1071487177940904, 2.23606797749979
129, 24, 471, 568, 472, 572, -1, -4, -1.8157749899217608, 4.123105625617661
129, 25, 1155, 108, 1153, 107, 2, 1, 0.4636476090008061, 2.23606797749979
129, 26, 704, 398, 704, 402, 0, -4, -1.5707963267948966, 4.0
129, 27, 503, 554, 504, 556, -1, -2, -2.0344439357957027, 2.23606797749979
129, 28, 1062, 233, 1064, 235, -2, -2, -2.356194490192345, 2.8284271247461903
129, 29, 765, 9, 765, 12, 0, -3, -1.5707963267948966, 3.0
129, 30, 621, 407, 622, 406, -1, 1, 2.356194490192345, 1.4142135623730951
129, 31, 68, 463, 66, 460, 2, 3, 0.982793723247329, 3.605551275463989
129, 32, 1161, 111, 1160, 110, 1, 1, 0.7853981633974483, 1.4142135623730951
129, 33, 1092, 194, 1095, 197, -3, -3, -2.356194490192345, 4.242640687119285
129, 34, 205, 86, 204, 87, 1, -1, -0.7853981633974483, 1.4142135623730951
129, 35, 50, 701, 50, 701, 0, 0, 0.0, 0.0
129, 36, 571, 102, 573, 104, -2, -2, -2.356194490192345, 2.8284271247461903
129, 37, 237, 83, 235, 83, 2, 0, 0.0, 2.0
129, 38, 651, 701, 653, 701, -2, 0, 3.141592653589793, 2.0
129, 39, 790, 129, 791, 132, -1, -3, -1.892546881191539, 3.1622776601683795
129, 40, 399, 426, 399, 421, 0, 5, 1.5707963267948966, 5.0
129, 41, 1195, 63, 1195, 62, 0, 1, 1.5707963267948966, 1.0
129, 42, 1260, 211, 1261, 209, -1, 2, 2.0344439357957027, 2.23606797749979
129, 43, 464, 139, 465, 143, -1, -4, -1.8157749899217608, 4.123105625617661
129, 44, 496, 91, 496, 95, 0, -4, -1.5707963267948966, 4.0
129, 45, 697, 405, 697, 409, 0, -4, -1.5707963267948966, 4.0
129, 46, 477, 138, 478, 142, -1, -4, -1.8157749899217608, 4.123105625617661
129, 47, 813, 470, 814, 474, -1, -4, -1.8157749899217608, 4.123105625617661
129, 48, 910, 18, 908, 17, 2, 1, 0.4636476090008061, 2.23606797749979
129, 49, 1202, 682, 1200, 682, 2, 0, 0.0, 2.0
129, 50, 1167, 121, 1167, 120, 0, 1, 1.5707963267948966, 1.0
129, 51, 763, 182, 763, 181, 0, 1, 1.5707963267948966, 1.0
129, 52, 207, 34, 204, 35, 3, -1, -0.3217505543966422, 3.1622776601683795
129, 53, 672, 247, 673, 245, -1, 2, 2.0344439357957027, 2.23606797749979
129, 54, 375, 386, 375, 383, 0, 3, 1.5707963267948966, 3.0
129, 55, 472, 128, 473, 132, -1, -4, -1.8157749899217608, 4.123105625617661
129, 56, 708, 300, 708, 304, 0, -4, -1.5707963267948966, 4.0
129, 57, 775, 29, 775, 30, 0, -1, -1.5707963267948966, 1.0
129, 58, 802, 151, 803, 154, -1, -3, -1.892546881191539, 3.1622776601683795
129, 59, 679, 436, 679, 440, 0, -4, -1.5707963267948966, 4.0
129, 60, 1160, 75, 1158, 75, 2, 0, 0.0, 2.0
129, 61, 660, 231, 661, 229, -1, 2, 2.0344439357957027, 2.23606797749979
129, 62, 1081, 194, 1084, 196, -3, -2, -2.5535900500422257, 3.605551275463989
129, 63, 1220, 276, 1221, 273, -1, 3, 1.892546881191539, 3.1622776601683795
129, 64, 122, 561, 123, 557, -1, 4, 1.8157749899217608, 4.123105625617661
129, 65, 1198, 317, 1198, 317, 0, 0, 0.0, 0.0
129, 66, 78, 150, 79, 150, -1, 0, 3.141592653589793, 1.0
129, 67, 152, 57, 153, 57, -1, 0, 3.141592653589793, 1.0
129, 68, 1174, 160, 1175, 160, -1, 0, 3.141592653589793, 1.0
129, 69, 935, 106, 936, 106, -1, 0, 3.141592653589793, 1.0
129, 70, 606, 350, 607, 349, -1, 1, 2.356194490192345, 1.4142135623730951
129, 71, 459, 567, 461, 571, -2, -4, -2.0344439357957027, 4.47213595499958
129, 72, 462, 540, 463, 546, -1, -6, -1.7359450042095235, 6.082762530298219
129, 73, 398, 341, 400, 338, -2, 3, 2.158798930342464, 3.605551275463989
129, 74, 855, 25, 857, 26, -2, -1, -2.677945044588987, 2.23606797749979
129, 75, 653, 303, 655, 300, -2, 3, 2.158798930342464, 3.605551275463989
129, 76, 551, 100, 551, 102, 0, -2, -1.5707963267948966, 2.0
129, 77, 736, 277, 737, 280, -1, -3, -1.892546881191539, 3.1622776601683795
129, 78, 543, 101, 543, 103, 0, -2, -1.5707963267948966, 2.0
129, 79, 1196, 694, 1194, 691, 2, 3, 0.982793723247329, 3.605551275463989
129, 80, 1174, 65, 1172, 65, 2, 0, 0.0, 2.0
129, 81, 98, 544, 99, 544, -1, 0, 3.141592653589793, 1.0
129, 82, 471, 227, 473, 229, -2, -2, -2.356194490192345, 2.8284271247461903
129, 83, 667, 697, 669, 693, -2, 4, 2.0344439357957027, 4.47213595499958
129, 84, 84, 457, 82, 454, 2, 3, 0.982793723247329, 3.605551275463989
129, 85, 620, 307, 621, 303, -1, 4, 1.8157749899217608, 4.123105625617661
129, 86, 1193, 107, 1192, 106, 1, 1, 0.7853981633974483, 1.4142135623730951
129, 87, 1261, 394, 1261, 394, 0, 0, 0.0, 0.0
129, 88, 1261, 372, 1261, 371, 0, 1, 1.5707963267948966, 1.0
129, 89, 489, 171, 490, 174, -1, -3, -1.892546881191539, 3.1622776601683795
129, 90, 658, 332, 659, 332, -1, 0, 3.141592653589793, 1.0
129, 91, 1200, 701, 1197, 701, 3, 0, 0.0, 3.0
129, 92, 370, 397, 370, 394, 0, 3, 1.5707963267948966, 3.0
129, 93, 485, 579, 486, 583, -1, -4, -1.8157749899217608, 4.123105625617661
129, 94, 930, 99, 931, 99, -1, 0, 3.141592653589793, 1.0
129, 95, 696, 394, 696, 398, 0, -4, -1.5707963267948966, 4.0
129, 96, 818, 439, 819, 444, -1, -5, -1.7681918866447774, 5.0990195135927845
129, 97, 623, 153, 624, 153, -1, 0, 3.141592653589793, 1.0
129, 98, 751, 220, 751, 218, 0, 2, 1.5707963267948966, 2.0
129, 99, 1220, 239, 1221, 235, -1, 4, 1.8157749899217608, 4.123105625617661
129, 100, 392, 494, 393, 494, -1, 0, 3.141592653589793, 1.0
129, 101, 632, 164, 634, 163, -2, 1, 2.677945044588987, 2.23606797749979
129, 102, 619, 115, 619, 113, 0, 2, 1.5707963267948966, 2.0
129, 103, 701, 381, 701, 385, 0, -4, -1.5707963267948966, 4.0
129, 104, 1151, 203, 1152, 203, -1, 0, 3.141592653589793, 1.0
129, 105, 481, 115, 481, 119, 0, -4, -1.5707963267948966, 4.0
129, 106, 491, 165, 492, 167, -1, -2, -2.0344439357957027, 2.23606797749979
129, 107, 842, 416, 842, 420, 0, -4, -1.5707963267948966, 4.0
129, 108, 861, 34, 863, 35, -2, -1, -2.677945044588987, 2.23606797749979
129, 109, 850, 483, 851, 486, -1, -3, -1.892546881191539, 3.1622776601683795
129, 110, 583, 80, 583, 81, 0, -1, -1.5707963267948966, 1.0
129, 111, 689, 383, 689, 387, 0, -4, -1.5707963267948966, 4.0
129, 112, 1260, 239, 1261, 239, -1, 0, 3.141592653589793, 1.0
129, 113, 1187, 701, 1185, 701, 2, 0, 0.0, 2.0
129, 114, 1179, 150, 1180, 149, -1, 1, 2.356194490192345, 1.4142135623730951
129, 115, 922, 100, 923, 100, -1, 0, 3.141592653589793, 1.0
129, 116, 382, 308, 384, 305, -2, 3, 2.158798930342464, 3.605551275463989
129, 117, 656, 238, 657, 236, -1, 2, 2.0344439357957027, 2.23606797749979
129, 118, 1142, 128, 1141, 128, 1, 0, 0.0, 1.0
130, 0, 260, 347, 261, 347, -1, 0, 3.141592653589793, 1.0
130, 1, 846, 434, 846, 438, 0, -4, -1.5707963267948966, 4.0
130, 2, 300, 346, 301, 346, -1, 0, 3.141592653589793, 1.0
130, 3, 510, 529, 510, 526, 0, 3, 1.5707963267948966, 3.0
130, 4, 366, 336, 368, 333, -2, 3, 2.158798930342464, 3.605551275463989
130, 5, 626, 79, 626, 77, 0, 2, 1.5707963267948966, 2.0
130, 6, 488, 82, 489, 86, -1, -4, -1.8157749899217608, 4.123105625617661
130, 7, 816, 457, 816, 461, 0, -4, -1.5707963267948966, 4.0
130, 8, 833, 431, 833, 436, 0, -5, -1.5707963267948966, 5.0
130, 9, 396, 372, 396, 372, 0, 0, 0.0, 0.0
130, 10, 70, 465, 68, 462, 2, 3, 0.982793723247329, 3.605551275463989
130, 11, 495, 484, 495, 489, 0, -5, -1.5707963267948966, 5.0
130, 12, 1259, 208, 1260, 205, -1, 3, 1.892546881191539, 3.1622776601683795
130, 13, 217, 70, 214, 71, 3, -1, -0.3217505543966422, 3.1622776601683795
130, 14, 173, 47, 173, 47, 0, 0, 0.0, 0.0
130, 15, 1062, 234, 1064, 236, -2, -2, -2.356194490192345, 2.8284271247461903
130, 16, 1156, 110, 1154, 109, 2, 1, 0.4636476090008061, 2.23606797749979
130, 17, 772, 172, 773, 172, -1, 0, 3.141592653589793, 1.0
130, 18, 1092, 194, 1095, 197, -3, -3, -2.356194490192345, 4.242640687119285
130, 19, 688, 397, 688, 401, 0, -4, -1.5707963267948966, 4.0
130, 20, 300, 361, 300, 361, 0, 0, 0.0, 0.0
130, 21, 800, 172, 801, 175, -1, -3, -1.892546881191539, 3.1622776601683795
130, 22, 465, 141, 466, 144, -1, -3, -1.892546881191539, 3.1622776601683795
130, 23, 330, 361, 331, 361, -1, 0, 3.141592653589793, 1.0
130, 24, 481, 486, 482, 490, -1, -4, -1.8157749899217608, 4.123105625617661
130, 25, 265, 385, 265, 385, 0, 0, 0.0, 0.0
130, 26, 255, 341, 256, 341, -1, 0, 3.141592653589793, 1.0
130, 27, 210, 26, 207, 27, 3, -1, -0.3217505543966422, 3.1622776601683795
130, 28, 704, 400, 704, 404, 0, -4, -1.5707963267948966, 4.0
130, 29, 693, 489, 693, 490, 0, -1, -1.5707963267948966, 1.0
130, 30, 378, 462, 379, 459, -1, 3, 1.892546881191539, 3.1622776601683795
130, 31, 1206, 690, 1204, 689, 2, 1, 0.4636476090008061, 2.23606797749979
130, 32, 1199, 104, 1198, 103, 1, 1, 0.7853981633974483, 1.4142135623730951
130, 33, 674, 701, 677, 703, -3, -2, -2.5535900500422257, 3.605551275463989
130, 34, 257, 371, 257, 371, 0, 0, 0.0, 0.0
130, 35, 236, 81, 234, 81, 2, 0, 0.0, 2.0
130, 36, 1215, 650, 1215, 646, 0, 4, 1.5707963267948966, 4.0
130, 37, 837, 488, 837, 491, 0, -3, -1.5707963267948966, 3.0
130, 38, 632, 395, 632, 395, 0, 0, 0.0, 0.0
130, 39, 387, 397, 387, 394, 0, 3, 1.5707963267948966, 3.0
130, 40, 778, 181, 778, 181, 0, 0, 0.0, 0.0
130, 41, 411, 435, 411, 430, 0, 5, 1.5707963267948966, 5.0
130, 42, 1074, 244, 1076, 246, -2, -2, -2.356194490192345, 2.8284271247461903
130, 43, 764, 252, 764, 251, 0, 1, 1.5707963267948966, 1.0
130, 44, 478, 139, 479, 143, -1, -4, -1.8157749899217608, 4.123105625617661
130, 45, 1081, 195, 1084, 197, -3, -2, -2.5535900500422257, 3.605551275463989
130, 46, 1245, 701, 1245, 709, 0, -8, -1.5707963267948966, 8.0
130, 47, 205, 86, 204, 87, 1, -1, -0.7853981633974483, 1.4142135623730951
130, 48, 707, 296, 707, 300, 0, -4, -1.5707963267948966, 4.0
130, 49, 122, 560, 124, 560, -2, 0, 3.141592653589793, 2.0
130, 50, 802, 152, 803, 154, -1, -2, -2.0344439357957027, 2.23606797749979
130, 51, 496, 91, 497, 94, -1, -3, -1.892546881191539, 3.1622776601683795
130, 52, 252, 392, 252, 392, 0, 0, 0.0, 0.0
130, 53, 1261, 212, 1266, 209, -5, 3, 2.601173153319209, 5.830951894845301
130, 54, 1085, 181, 1088, 184, -3, -3, -2.356194490192345, 4.242640687119285
130, 55, 468, 565, 469, 569, -1, -4, -1.8157749899217608, 4.123105625617661
130, 56, 939, 23, 939, 23, 0, 0, 0.0, 0.0
130, 57, 255, 383, 255, 383, 0, 0, 0.0, 0.0
130, 58, 463, 539, 464, 544, -1, -5, -1.7681918866447774, 5.0990195135927845
130, 59, 577, 103, 578, 105, -1, -2, -2.0344439357957027, 2.23606797749979
130, 60, 855, 25, 857, 26, -2, -1, -2.677945044588987, 2.23606797749979
130, 61, 765, 182, 765, 181, 0, 1, 1.5707963267948966, 1.0
130, 62, 673, 246, 674, 245, -1, 1, 2.356194490192345, 1.4142135623730951
130, 63, 1175, 161, 1175, 160, 0, 1, 1.5707963267948966, 1.0
130, 64, 400, 427, 400, 422, 0, 5, 1.5707963267948966, 5.0
130, 65, 811, 474, 812, 477, -1, -3, -1.892546881191539, 3.1622776601683795
130, 66, 827, 538, 827, 539, 0, -1, -1.5707963267948966, 1.0
130, 67, 606, 351, 607, 349, -1, 2, 2.0344439357957027, 2.23606797749979
130, 68, 330, 410, 330, 411, 0, -1, -1.5707963267948966, 1.0
130, 69, 660, 231, 661, 229, -1, 2, 2.0344439357957027, 2.23606797749979
130, 70, 697, 406, 697, 410, 0, -4, -1.5707963267948966, 4.0
130, 71, 469, 130, 470, 133, -1, -3, -1.892546881191539, 3.1622776601683795
130, 72, 682, 438, 682, 441, 0, -3, -1.5707963267948966, 3.0
130, 73, 287, 383, 288, 383, -1, 0, 3.141592653589793, 1.0
130, 74, 819, 20, 820, 20, -1, 0, 3.141592653589793, 1.0
130, 75, 261, 394, 262, 394, -1, 0, 3.141592653589793, 1.0
130, 76, 658, 333, 659, 333, -1, 0, 3.141592653589793, 1.0
130, 77, 790, 129, 791, 132, -1, -3, -1.892546881191539, 3.1622776601683795
130, 78, 652, 701, 653, 704, -1, -3, -1.892546881191539, 3.1622776601683795
130, 79, 87, 458, 84, 455, 3, 3, 0.7853981633974483, 4.242640687119285
130, 80, 744, 314, 744, 315, 0, -1, -1.5707963267948966, 1.0
130, 81, 1057, 260, 1061, 264, -4, -4, -2.356194490192345, 5.656854249492381
130, 82, 812, 27, 813, 27, -1, 0, 3.141592653589793, 1.0
130, 83, 774, 30, 774, 31, 0, -1, -1.5707963267948966, 1.0
130, 84, 246, 409, 247, 409, -1, 0, 3.141592653589793, 1.0
130, 85, 376, 385, 376, 383, 0, 2, 1.5707963267948966, 2.0
130, 86, 300, 389, 300, 389, 0, 0, 0.0, 0.0
130, 87, 738, 279, 738, 281, 0, -2, -1.5707963267948966, 2.0
130, 88, 667, 699, 670, 695, -3, 4, 2.214297435588181, 5.0
130, 89, 327, 370, 328, 370, -1, 0, 3.141592653589793, 1.0
130, 90, 1209, 12, 1210, 12, -1, 0, 3.141592653589793, 1.0
130, 91, 504, 597, 503, 602, 1, -5, -1.373400766945016, 5.0990195135927845
130, 92, 544, 101, 544, 102, 0, -1, -1.5707963267948966, 1.0
130, 93, 1174, 65, 1172, 65, 2, 0, 0.0, 2.0
130, 94, 701, 381, 701, 385, 0, -4, -1.5707963267948966, 4.0
130, 95, 76, 151, 77, 151, -1, 0, 3.141592653589793, 1.0
130, 96, 209, 35, 206, 36, 3, -1, -0.3217505543966422, 3.1622776601683795
130, 97, 484, 576, 485, 580, -1, -4, -1.8157749899217608, 4.123105625617661
130, 98, 270, 343, 271, 343, -1, 0, 3.141592653589793, 1.0
130, 99, 99, 544, 100, 544, -1, 0, 3.141592653589793, 1.0
130, 100, 153, 56, 154, 56, -1, 0, 3.141592653589793, 1.0
130, 101, 1166, 122, 1166, 121, 0, 1, 1.5707963267948966, 1.0
130, 102, 1161, 75, 1159, 75, 2, 0, 0.0, 2.0
130, 103, 1261, 249, 1273, 247, -12, 2, 2.976443976175166, 12.165525060596439
130, 104, 621, 308, 622, 304, -1, 4, 1.8157749899217608, 4.123105625617661
130, 105, 1221, 278, 1221, 274, 0, 4, 1.5707963267948966, 4.0
130, 106, 552, 105, 552, 106, 0, -1, -1.5707963267948966, 1.0
130, 107, 861, 35, 863, 36, -2, -1, -2.677945044588987, 2.23606797749979
130, 108, 458, 565, 460, 569, -2, -4, -2.0344439357957027, 4.47213595499958
130, 109, 480, 69, 481, 71, -1, -2, -2.0344439357957027, 2.23606797749979
130, 110, 1197, 64, 1196, 63, 1, 1, 0.7853981633974483, 1.4142135623730951
130, 111, 1149, 206, 1150, 206, -1, 0, 3.141592653589793, 1.0
130, 112, 373, 398, 373, 395, 0, 3, 1.5707963267948966, 3.0
130, 113, 1261, 375, 1266, 375, -5, 0, 3.141592653589793, 5.0
130, 114, 908, 19, 907, 19, 1, 0, 0.0, 1.0
130, 115, 238, 320, 239, 320, -1, 0, 3.141592653589793, 1.0
130, 116, 724, 362, 724, 363, 0, -1, -1.5707963267948966, 1.0
130, 117, 291, 359, 291, 359, 0, 0, 0.0, 0.0
130, 118, 499, 160, 499, 161, 0, -1, -1.5707963267948966, 1.0
130, 119, 1223, 239, 1224, 235, -1, 4, 1.8157749899217608, 4.123105625617661
130, 120, 394, 492, 394, 492, 0, 0, 0.0, 0.0
130, 121, 386, 485, 386, 485, 0, 0, 0.0, 0.0
130, 122, 621, 115, 621, 113, 0, 2, 1.5707963267948966, 2.0
130, 123, 69, 452, 67, 449, 2, 3, 0.982793723247329, 3.605551275463989
130, 124, 785, 46, 786, 46, -1, 0, 3.141592653589793, 1.0
130, 125, 1261, 394, 1267, 394, -6, 0, 3.141592653589793, 6.0
130, 126, 485, 92, 485, 95, 0, -3, -1.5707963267948966, 3.0
130, 127, 1143, 129, 1142, 129, 1, 0, 0.0, 1.0
130, 128, 398, 341, 400, 338, -2, 3, 2.158798930342464, 3.605551275463989
130, 129, 1199, 317, 1199, 317, 0, 0, 0.0, 0.0
130, 130, 1200, 700, 1198, 698, 2, 2, 0.7853981633974483, 2.8284271247461903
130, 131, 657, 237, 658, 236, -1, 1, 2.356194490192345, 1.4142135623730951
130, 132, 843, 417, 843, 421, 0, -4, -1.5707963267948966, 4.0
130, 133, 696, 395, 696, 399, 0, -4, -1.5707963267948966, 4.0
130, 134, 172, 75, 172, 75, 0, 0, 0.0, 0.0
130, 135, 1064, 272, 1066, 274, -2, -2, -2.356194490192345, 2.8284271247461903
130, 136, 490, 170, 491, 173, -1, -3, -1.892546881191539, 3.1622776601683795
130, 137, 689, 384, 689, 388, 0, -4, -1.5707963267948966, 4.0
130, 138, 861, 465, 861, 469, 0, -4, -1.5707963267948966, 4.0
130, 139, 403, 335, 405, 332, -2, 3, 2.158798930342464, 3.605551275463989
130, 140, 1155, 122, 1155, 120, 0, 2, 1.5707963267948966, 2.0
130, 141, 1177, 103, 1176, 102, 1, 1, 0.7853981633974483, 1.4142135623730951
130, 142, 732, 343, 733, 350, -1, -7, -1.7126933813990606, 7.0710678118654755
130, 143, 1208, 239, 1209, 235, -1, 4, 1.8157749899217608, 4.123105625617661
130, 144, 253, 355, 254, 355, -1, 0, 3.141592653589793, 1.0
130, 145, 278, 353, 279, 353, -1, 0, 3.141592653589793, 1.0
130, 146, 124, 569, 125, 567, -1, 2, 2.0344439357957027, 2.23606797749979
130, 147, 1166, 107, 1165, 107, 1, 0, 0.0, 1.0
130, 148, 480, 222, 481, 224, -1, -2, -2.0344439357957027, 2.23606797749979
130, 149, 244, 328, 244, 328, 0, 0, 0.0, 0.0
130, 150, 633, 114, 633, 112, 0, 2, 1.5707963267948966, 2.0
130, 151, 326, 379, 326, 380, 0, -1, -1.5707963267948966, 1.0
130, 152, 54, 76, 55, 76, -1, 0, 3.141592653589793, 1.0
130, 153, 1245, 646, 1243, 643, 2, 3, 0.982793723247329, 3.605551275463989
130, 154, 1218, 231, 1219, 227, -1, 4, 1.8157749899217608, 4.123105625617661
130, 155, 796, 137, 797, 140, -1, -3, -1.892546881191539, 3.1622776601683795
130, 156, 842, 507, 842, 516, 0, -9, -1.5707963267948966, 9.0
130, 157, 853, 57, 854, 57, -1, 0, 3.141592653589793, 1.0
130, 158, 263, 412, 264, 412, -1, 0, 3.141592653589793, 1.0
130, 159, 383, 309, 385, 306, -2, 3, 2.158798930342464, 3.605551275463989
130, 160, 482, 118, 482, 121, 0, -3, -1.5707963267948966, 3.0
130, 161, 153, 32, 154, 32, -1, 0, 3.141592653589793, 1.0
130, 162, 1067, 228, 1069, 230, -2, -2, -2.356194490192345, 2.8284271247461903
130, 163, 1261, 244, 1266, 242, -5, 2, 2.761086276477428, 5.385164807134504
130, 164, 384, 352, 386, 349, -2, 3, 2.158798930342464, 3.605551275463989
130, 165, 369, 300, 371, 297, -2, 3, 2.158798930342464, 3.605551275463989
130, 166, 507, 492, 507, 497, 0, -5, -1.5707963267948966, 5.0
130, 167, 1261, 212, 1278, 210, -17, 2, 3.024483909022929, 17.11724276862369
130, 168, 503, 550, 505, 549, -2, 1, 2.677945044588987, 2.23606797749979
130, 169, 1261, 362, 1275, 359, -14, 3, 2.930499320367047, 14.317821063276353
130, 170, 823, 439, 823, 443, 0, -4, -1.5707963267948966, 4.0
130, 171, 785, 215, 785, 216, 0, -1, -1.5707963267948966, 1.0
130, 172, 1181, 150, 1181, 149, 0, 1, 1.5707963267948966, 1.0
130, 173, 332, 350, 332, 350, 0, 0, 0.0, 0.0
130, 174, 1231, 272, 1231, 268, 0, 4, 1.5707963267948966, 4.0
130, 175, 207, 69, 204, 69, 3, 0, 0.0, 3.0
130, 176, 635, 14, 636, 14, -1, 0, 3.141592653589793, 1.0
130, 177, 647, 361, 648, 358, -1, 3, 1.892546881191539, 3.1622776601683795
130, 178, 320, 353, 321, 353, -1, 0, 3.141592653589793, 1.0
131, 0, 260, 346, 260, 347, 0, -1, -1.5707963267948966, 1.0
131, 1, 847, 430, 846, 434, 1, -4, -1.3258176636680326, 4.123105625617661
131, 2, 299, 346, 300, 346, -1, 0, 3.141592653589793, 1.0
131, 3, 510, 532, 510, 529, 0, 3, 1.5707963267948966, 3.0
131, 4, 364, 339, 366, 336, -2, 3, 2.158798930342464, 3.605551275463989
131, 5, 626, 81, 626, 79, 0, 2, 1.5707963267948966, 2.0
131, 6, 487, 79, 488, 82, -1, -3, -1.892546881191539, 3.1622776601683795
131, 7, 817, 453, 816, 457, 1, -4, -1.3258176636680326, 4.123105625617661
131, 8, 834, 426, 833, 431, 1, -5, -1.373400766945016, 5.0990195135927845
131, 9, 73, 467, 70, 465, 3, 2, 0.5880026035475675, 3.605551275463989
131, 10, 495, 479, 495, 484, 0, -5, -1.5707963267948966, 5.0
131, 11, 1258, 211, 1259, 208, -1, 3, 1.892546881191539, 3.1622776601683795
131, 12, 221, 69, 217, 70, 4, -1, -0.24497866312686414, 4.123105625617661
131, 13, 173, 47, 173, 47, 0, 0, 0.0, 0.0
131, 14, 1060, 233, 1062, 234, -2, -1, -2.677945044588987, 2.23606797749979
131, 15, 1157, 111, 1156, 110, 1, 1, 0.7853981633974483, 1.4142135623730951
131, 16, 771, 172, 772, 172, -1, 0, 3.141592653589793, 1.0
131, 17, 1089, 191, 1092, 194, -3, -3, -2.356194490192345, 4.242640687119285
131, 18, 688, 393, 688, 397, 0, -4, -1.5707963267948966, 4.0
131, 19, 300, 361, 300, 361, 0, 0, 0.0, 0.0
131, 20, 799, 169, 800, 172, -1, -3, -1.892546881191539, 3.1622776601683795
131, 21, 464, 139, 465, 141, -1, -2, -2.0344439357957027, 2.23606797749979
131, 22, 330, 360, 330, 361, 0, -1, -1.5707963267948966, 1.0
131, 23, 480, 482, 481, 486, -1, -4, -1.8157749899217608, 4.123105625617661
131, 24, 265, 384, 265, 385, 0, -1, -1.5707963267948966, 1.0
131, 25, 255, 341, 255, 341, 0, 0, 0.0, 0.0
131, 26, 213, 25, 210, 26, 3, -1, -0.3217505543966422, 3.1622776601683795
131, 27, 704, 396, 704, 400, 0, -4, -1.5707963267948966, 4.0
131, 28, 693, 486, 693, 489, 0, -3, -1.5707963267948966, 3.0
131, 29, 376, 464, 378, 462, -2, 2, 2.356194490192345, 2.8284271247461903
131, 30, 1208, 691, 1206, 690, 2, 1, 0.4636476090008061, 2.23606797749979
131, 31, 1199, 104, 1199, 104, 0, 0, 0.0, 0.0
131, 32, 671, 701, 674, 701, -3, 0, 3.141592653589793, 3.0
131, 33, 257, 370, 257, 371, 0, -1, -1.5707963267948966, 1.0
131, 34, 238, 81, 236, 81, 2, 0, 0.0, 2.0
131, 35, 1215, 654, 1215, 650, 0, 4, 1.5707963267948966, 4.0
131, 36, 837, 484, 837, 488, 0, -4, -1.5707963267948966, 4.0
131, 37, 632, 395, 632, 395, 0, 0, 0.0, 0.0
131, 38, 386, 400, 387, 397, -1, 3, 1.892546881191539, 3.1622776601683795
131, 39, 778, 182, 778, 181, 0, 1, 1.5707963267948966, 1.0
131, 40, 411, 440, 411, 435, 0, 5, 1.5707963267948966, 5.0
131, 41, 1072, 242, 1074, 244, -2, -2, -2.356194490192345, 2.8284271247461903
131, 42, 764, 253, 764, 252, 0, 1, 1.5707963267948966, 1.0
131, 43, 477, 136, 478, 139, -1, -3, -1.892546881191539, 3.1622776601683795
131, 44, 1078, 192, 1081, 195, -3, -3, -2.356194490192345, 4.242640687119285
131, 45, 1247, 701, 1245, 701, 2, 0, 0.0, 2.0
131, 46, 207, 85, 205, 86, 2, -1, -0.4636476090008061, 2.23606797749979
131, 47, 707, 291, 707, 296, 0, -5, -1.5707963267948966, 5.0
131, 48, 121, 561, 122, 560, -1, 1, 2.356194490192345, 1.4142135623730951
131, 49, 801, 150, 802, 152, -1, -2, -2.0344439357957027, 2.23606797749979
131, 50, 495, 87, 496, 91, -1, -4, -1.8157749899217608, 4.123105625617661
131, 51, 252, 391, 252, 392, 0, -1, -1.5707963267948966, 1.0
131, 52, 1260, 215, 1261, 212, -1, 3, 1.892546881191539, 3.1622776601683795
131, 53, 1082, 178, 1085, 181, -3, -3, -2.356194490192345, 4.242640687119285
131, 54, 466, 561, 468, 565, -2, -4, -2.0344439357957027, 4.47213595499958
131, 55, 255, 382, 255, 383, 0, -1, -1.5707963267948966, 1.0
131, 56, 462, 534, 463, 539, -1, -5, -1.7681918866447774, 5.0990195135927845
131, 57, 577, 101, 577, 103, 0, -2, -1.5707963267948966, 2.0
131, 58, 853, 24, 855, 25, -2, -1, -2.677945044588987, 2.23606797749979
131, 59, 766, 184, 765, 182, 1, 2, 1.1071487177940904, 2.23606797749979
131, 60, 672, 247, 673, 246, -1, 1, 2.356194490192345, 1.4142135623730951
131, 61, 1175, 162, 1175, 161, 0, 1, 1.5707963267948966, 1.0
131, 62, 400, 432, 400, 427, 0, 5, 1.5707963267948966, 5.0
131, 63, 812, 470, 811, 474, 1, -4, -1.3258176636680326, 4.123105625617661
131, 64, 827, 537, 827, 538, 0, -1, -1.5707963267948966, 1.0
131, 65, 605, 353, 606, 351, -1, 2, 2.0344439357957027, 2.23606797749979
131, 66, 659, 232, 660, 231, -1, 1, 2.356194490192345, 1.4142135623730951
131, 67, 697, 402, 697, 406, 0, -4, -1.5707963267948966, 4.0
131, 68, 468, 127, 469, 130, -1, -3, -1.892546881191539, 3.1622776601683795
131, 69, 682, 433, 682, 438, 0, -5, -1.5707963267948966, 5.0
131, 70, 287, 383, 287, 383, 0, 0, 0.0, 0.0
131, 71, 261, 394, 261, 394, 0, 0, 0.0, 0.0
131, 72, 657, 333, 658, 333, -1, 0, 3.141592653589793, 1.0
131, 73, 789, 126, 790, 129, -1, -3, -1.892546881191539, 3.1622776601683795
131, 74, 649, 701, 652, 701, -3, 0, 3.141592653589793, 3.0
131, 75, 90, 461, 87, 458, 3, 3, 0.7853981633974483, 4.242640687119285
131, 76, 744, 313, 744, 314, 0, -1, -1.5707963267948966, 1.0
131, 77, 1054, 255, 1057, 260, -3, -5, -2.1112158270654806, 5.830951894845301
131, 78, 774, 29, 774, 30, 0, -1, -1.5707963267948966, 1.0
131, 79, 246, 408, 246, 409, 0, -1, -1.5707963267948966, 1.0
131, 80, 375, 388, 376, 385, -1, 3, 1.892546881191539, 3.1622776601683795
131, 81, 300, 389, 300, 389, 0, 0, 0.0, 0.0
131, 82, 738, 276, 738, 279, 0, -3, -1.5707963267948966, 3.0
131, 83, 664, 701, 667, 699, -3, 2, 2.5535900500422257, 3.605551275463989
131, 84, 327, 369, 327, 370, 0, -1, -1.5707963267948966, 1.0
131, 85, 1208, 12, 1209, 12, -1, 0, 3.141592653589793, 1.0
131, 86, 503, 594, 504, 597, -1, -3, -1.892546881191539, 3.1622776601683795
131, 87, 544, 100, 544, 101, 0, -1, -1.5707963267948966, 1.0
131, 88, 1176, 65, 1174, 65, 2, 0, 0.0, 2.0
131, 89, 700, 377, 701, 381, -1, -4, -1.8157749899217608, 4.123105625617661
131, 90, 75, 151, 76, 151, -1, 0, 3.141592653589793, 1.0
131, 91, 213, 34, 209, 35, 4, -1, -0.24497866312686414, 4.123105625617661
131, 92, 483, 573, 484, 576, -1, -3, -1.892546881191539, 3.1622776601683795
131, 93, 99, 543, 99, 544, 0, -1, -1.5707963267948966, 1.0
131, 94, 152, 56, 153, 56, -1, 0, 3.141592653589793, 1.0
131, 95, 1166, 123, 1166, 122, 0, 1, 1.5707963267948966, 1.0
131, 96, 1163, 75, 1161, 75, 2, 0, 0.0, 2.0
131, 97, 1261, 249, 1261, 249, 0, 0, 0.0, 0.0
131, 98, 620, 312, 621, 308, -1, 4, 1.8157749899217608, 4.123105625617661
131, 99, 1221, 282, 1221, 278, 0, 4, 1.5707963267948966, 4.0
131, 100, 552, 104, 552, 105, 0, -1, -1.5707963267948966, 1.0
131, 101, 859, 34, 861, 35, -2, -1, -2.677945044588987, 2.23606797749979
131, 102, 456, 561, 458, 565, -2, -4, -2.0344439357957027, 4.47213595499958
131, 103, 479, 67, 480, 69, -1, -2, -2.0344439357957027, 2.23606797749979
131, 104, 1198, 65, 1197, 64, 1, 1, 0.7853981633974483, 1.4142135623730951
131, 105, 1149, 205, 1149, 206, 0, -1, -1.5707963267948966, 1.0
131, 106, 372, 401, 373, 398, -1, 3, 1.892546881191539, 3.1622776601683795
131, 107, 1261, 376, 1261, 375, 0, 1, 1.5707963267948966, 1.0
131, 108, 909, 19, 908, 19, 1, 0, 0.0, 1.0
131, 109, 238, 320, 238, 320, 0, 0, 0.0, 0.0
131, 110, 724, 361, 724, 362, 0, -1, -1.5707963267948966, 1.0
131, 111, 290, 359, 291, 359, -1, 0, 3.141592653589793, 1.0
131, 112, 499, 158, 499, 160, 0, -2, -1.5707963267948966, 2.0
131, 113, 1222, 243, 1223, 239, -1, 4, 1.8157749899217608, 4.123105625617661
131, 114, 394, 491, 394, 492, 0, -1, -1.5707963267948966, 1.0
131, 115, 386, 485, 386, 485, 0, 0, 0.0, 0.0
131, 116, 621, 117, 621, 115, 0, 2, 1.5707963267948966, 2.0
131, 117, 72, 455, 69, 452, 3, 3, 0.7853981633974483, 4.242640687119285
131, 118, 784, 46, 785, 46, -1, 0, 3.141592653589793, 1.0
131, 119, 1261, 396, 1261, 394, 0, 2, 1.5707963267948966, 2.0
131, 120, 484, 89, 485, 92, -1, -3, -1.892546881191539, 3.1622776601683795
131, 121, 1145, 129, 1143, 129, 2, 0, 0.0, 2.0
131, 122, 396, 344, 398, 341, -2, 3, 2.158798930342464, 3.605551275463989
131, 123, 1199, 317, 1199, 317, 0, 0, 0.0, 0.0
131, 124, 1202, 701, 1200, 700, 2, 1, 0.4636476090008061, 2.23606797749979
131, 125, 656, 238, 657, 237, -1, 1, 2.356194490192345, 1.4142135623730951
131, 126, 844, 413, 843, 417, 1, -4, -1.3258176636680326, 4.123105625617661
131, 127, 696, 391, 696, 395, 0, -4, -1.5707963267948966, 4.0
131, 128, 172, 75, 172, 75, 0, 0, 0.0, 0.0
131, 129, 1062, 268, 1064, 272, -2, -4, -2.0344439357957027, 4.47213595499958
131, 130, 489, 167, 490, 170, -1, -3, -1.892546881191539, 3.1622776601683795
131, 131, 688, 380, 689, 384, -1, -4, -1.8157749899217608, 4.123105625617661
131, 132, 861, 460, 861, 465, 0, -5, -1.5707963267948966, 5.0
131, 133, 401, 338, 403, 335, -2, 3, 2.158798930342464, 3.605551275463989
131, 134, 1155, 123, 1155, 122, 0, 1, 1.5707963267948966, 1.0
131, 135, 1178, 104, 1177, 103, 1, 1, 0.7853981633974483, 1.4142135623730951
131, 136, 731, 338, 732, 343, -1, -5, -1.7681918866447774, 5.0990195135927845
131, 137, 1207, 243, 1208, 239, -1, 4, 1.8157749899217608, 4.123105625617661
131, 138, 277, 353, 278, 353, -1, 0, 3.141592653589793, 1.0
131, 139, 123, 571, 124, 569, -1, 2, 2.0344439357957027, 2.23606797749979
131, 140, 1167, 108, 1166, 107, 1, 1, 0.7853981633974483, 1.4142135623730951
131, 141, 479, 220, 480, 222, -1, -2, -2.0344439357957027, 2.23606797749979
131, 142, 244, 328, 244, 328, 0, 0, 0.0, 0.0
131, 143, 633, 116, 633, 114, 0, 2, 1.5707963267948966, 2.0
131, 144, 326, 379, 326, 379, 0, 0, 0.0, 0.0
131, 145, 54, 76, 54, 76, 0, 0, 0.0, 0.0
131, 146, 1247, 650, 1245, 646, 2, 4, 1.1071487177940904, 4.47213595499958
131, 147, 1217, 235, 1218, 231, -1, 4, 1.8157749899217608, 4.123105625617661
131, 148, 795, 135, 796, 137, -1, -2, -2.0344439357957027, 2.23606797749979
131, 149, 842, 499, 842, 507, 0, -8, -1.5707963267948966, 8.0
131, 150, 852, 57, 853, 57, -1, 0, 3.141592653589793, 1.0
131, 151, 381, 311, 383, 309, -2, 2, 2.356194490192345, 2.8284271247461903
131, 152, 482, 114, 482, 118, 0, -4, -1.5707963267948966, 4.0
131, 153, 153, 32, 153, 32, 0, 0, 0.0, 0.0
131, 154, 1065, 227, 1067, 228, -2, -1, -2.677945044588987, 2.23606797749979
131, 155, 1261, 244, 1261, 244, 0, 0, 0.0, 0.0
131, 156, 382, 354, 384, 352, -2, 2, 2.356194490192345, 2.8284271247461903
131, 157, 367, 302, 369, 300, -2, 2, 2.356194490192345, 2.8284271247461903
131, 158, 507, 488, 507, 492, 0, -4, -1.5707963267948966, 4.0
131, 159, 1260, 215, 1261, 212, -1, 3, 1.892546881191539, 3.1622776601683795
131, 160, 503, 549, 503, 550, 0, -1, -1.5707963267948966, 1.0
131, 161, 1261, 364, 1261, 362, 0, 2, 1.5707963267948966, 2.0
131, 162, 823, 434, 823, 439, 0, -5, -1.5707963267948966, 5.0
131, 163, 785, 215, 785, 215, 0, 0, 0.0, 0.0
131, 164, 1181, 150, 1181, 150, 0, 0, 0.0, 0.0
131, 165, 332, 350, 332, 350, 0, 0, 0.0, 0.0
131, 166, 1231, 276, 1231, 272, 0, 4, 1.5707963267948966, 4.0
131, 167, 210, 70, 207, 69, 3, 1, 0.3217505543966422, 3.1622776601683795
131, 168, 634, 14, 635, 14, -1, 0, 3.141592653589793, 1.0
131, 169, 646, 364, 647, 361, -1, 3, 1.892546881191539, 3.1622776601683795
131, 170, 320, 353, 320, 353, 0, 0, 0.0, 0.0
132, 0, 773, 171, 774, 171, -1, 0, 3.141592653589793, 1.0
132, 1, 821, 453, 820, 455, 1, -2, -1.1071487177940904, 2.23606797749979
132, 2, 261, 346, 261, 347, 0, -1, -1.5707963267948966, 1.0
132, 3, 822, 476, 820, 479, 2, -3, -0.982793723247329, 3.605551275463989
132, 4, 848, 431, 847, 434, 1, -3, -1.2490457723982544, 3.1622776601683795
132, 5, 836, 428, 835, 432, 1, -4, -1.3258176636680326, 4.123105625617661
132, 6, 301, 345, 301, 346, 0, -1, -1.5707963267948966, 1.0
132, 7, 395, 372, 396, 372, -1, 0, 3.141592653589793, 1.0
132, 8, 588, 107, 588, 108, 0, -1, -1.5707963267948966, 1.0
132, 9, 488, 78, 489, 83, -1, -5, -1.7681918866447774, 5.0990195135927845
132, 10, 277, 322, 277, 323, 0, -1, -1.5707963267948966, 1.0
132, 11, 1260, 211, 1260, 208, 0, 3, 1.5707963267948966, 3.0
132, 12, 360, 335, 364, 332, -4, 3, 2.498091544796509, 5.0
132, 13, 293, 323, 293, 324, 0, -1, -1.5707963267948966, 1.0
132, 14, 223, 71, 219, 71, 4, 0, 0.0, 4.0
132, 15, 74, 468, 71, 466, 3, 2, 0.5880026035475675, 3.605551275463989
132, 16, 174, 48, 173, 48, 1, 0, 0.0, 1.0
132, 17, 628, 82, 627, 79, 1, 3, 1.2490457723982544, 3.1622776601683795
132, 18, 280, 344, 280, 345, 0, -1, -1.5707963267948966, 1.0
132, 19, 496, 479, 495, 483, 1, -4, -1.3258176636680326, 4.123105625617661
132, 20, 464, 139, 465, 142, -1, -3, -1.892546881191539, 3.1622776601683795
132, 21, 510, 536, 510, 533, 0, 3, 1.5707963267948966, 3.0
132, 22, 1059, 232, 1063, 235, -4, -3, -2.498091544796509, 5.0
132, 23, 213, 25, 210, 26, 3, -1, -0.3217505543966422, 3.1622776601683795
132, 24, 799, 169, 800, 173, -1, -4, -1.8157749899217608, 4.123105625617661
132, 25, 1089, 191, 1093, 195, -4, -4, -2.356194490192345, 5.656854249492381
132, 26, 672, 701, 675, 709, -3, -8, -1.9295669970654687, 8.54400374531753
132, 27, 1159, 110, 1156, 109, 3, 1, 0.3217505543966422, 3.1622776601683795
132, 28, 307, 330, 307, 331, 0, -1, -1.5707963267948966, 1.0
132, 29, 818, 445, 818, 448, 0, -3, -1.5707963267948966, 3.0
132, 30, 1156, 126, 1155, 123, 1, 3, 1.2490457723982544, 3.1622776601683795
132, 31, 300, 362, 300, 363, 0, -1, -1.5707963267948966, 1.0
132, 32, 331, 360, 331, 361, 0, -1, -1.5707963267948966, 1.0
132, 33, 779, 185, 778, 183, 1, 2, 1.1071487177940904, 2.23606797749979
132, 34, 1201, 105, 1199, 104, 2, 1, 0.4636476090008061, 2.23606797749979
132, 35, 802, 149, 803, 152, -1, -3, -1.892546881191539, 3.1622776601683795
132, 36, 480, 481, 481, 484, -1, -3, -1.892546881191539, 3.1622776601683795
132, 37, 691, 395, 689, 399, 2, -4, -1.1071487177940904, 4.47213595499958
132, 38, 377, 389, 377, 386, 0, 3, 1.5707963267948966, 3.0
132, 39, 250, 341, 250, 341, 0, 0, 0.0, 0.0
132, 40, 1072, 240, 1075, 244, -3, -4, -2.214297435588181, 5.0
132, 41, 257, 370, 257, 371, 0, -1, -1.5707963267948966, 1.0
132, 42, 265, 384, 265, 385, 0, -1, -1.5707963267948966, 1.0
132, 43, 317, 395, 317, 396, 0, -1, -1.5707963267948966, 1.0
132, 44, 859, 34, 861, 35, -2, -1, -2.677945044588987, 2.23606797749979
132, 45, 694, 484, 693, 489, 1, -5, -1.373400766945016, 5.0990195135927845
132, 46, 1220, 659, 1221, 655, -1, 4, 1.8157749899217608, 4.123105625617661
132, 47, 673, 250, 674, 247, -1, 3, 1.892546881191539, 3.1622776601683795
132, 48, 702, 396, 704, 400, -2, -4, -2.0344439357957027, 4.47213595499958
132, 49, 456, 558, 457, 562, -1, -4, -1.8157749899217608, 4.123105625617661
132, 50, 477, 136, 478, 140, -1, -4, -1.8157749899217608, 4.123105625617661
132, 51, 252, 391, 252, 392, 0, -1, -1.5707963267948966, 1.0
132, 52, 410, 444, 411, 439, -1, 5, 1.7681918866447774, 5.0990195135927845
132, 53, 1078, 192, 1082, 195, -4, -3, -2.498091544796509, 5.0
132, 54, 707, 292, 707, 295, 0, -3, -1.5707963267948966, 3.0
132, 55, 257, 340, 257, 341, 0, -1, -1.5707963267948966, 1.0
132, 56, 650, 701, 650, 711, 0, -10, -1.5707963267948966, 10.0
132, 57, 767, 186, 766, 183, 1, 3, 1.2490457723982544, 3.1622776601683795
132, 58, 462, 532, 463, 537, -1, -5, -1.7681918866447774, 5.0990195135927845
132, 59, 826, 532, 827, 538, -1, -6, -1.7359450042095235, 6.082762530298219
132, 60, 210, 85, 207, 85, 3, 0, 0.0, 3.0
132, 61, 1209, 696, 1208, 698, 1, -2, -1.1071487177940904, 2.23606797749979
132, 62, 1081, 179, 1085, 182, -4, -3, -2.498091544796509, 5.0
132, 63, 255, 382, 255, 383, 0, -1, -1.5707963267948966, 1.0
132, 64, 939, 22, 939, 23, 0, -1, -1.5707963267948966, 1.0
132, 65, 464, 559, 465, 563, -1, -4, -1.8157749899217608, 4.123105625617661
132, 66, 1261, 215, 1266, 212, -5, 3, 2.601173153319209, 5.830951894845301
132, 67, 385, 401, 386, 398, -1, 3, 1.892546881191539, 3.1622776601683795
132, 68, 577, 101, 577, 103, 0, -2, -1.5707963267948966, 2.0
132, 69, 330, 410, 330, 411, 0, -1, -1.5707963267948966, 1.0
132, 70, 853, 23, 856, 25, -3, -2, -2.5535900500422257, 3.605551275463989
132, 71, 468, 127, 469, 131, -1, -4, -1.8157749899217608, 4.123105625617661
132, 72, 662, 233, 665, 230, -3, 3, 2.356194490192345, 4.242640687119285
132, 73, 495, 87, 496, 92, -1, -5, -1.7681918866447774, 5.0990195135927845
132, 74, 789, 126, 790, 130, -1, -4, -1.8157749899217608, 4.123105625617661
132, 75, 764, 251, 764, 251, 0, 0, 0.0, 0.0
132, 76, 481, 221, 481, 223, 0, -2, -1.5707963267948966, 2.0
132, 77, 698, 402, 698, 407, 0, -5, -1.5707963267948966, 5.0
132, 78, 482, 571, 483, 575, -1, -4, -1.8157749899217608, 4.123105625617661
132, 79, 802, 15, 804, 16, -2, -1, -2.677945044588987, 2.23606797749979
132, 80, 605, 355, 606, 351, -1, 4, 1.8157749899217608, 4.123105625617661
132, 81, 633, 394, 633, 394, 0, 0, 0.0, 0.0
132, 82, 288, 382, 288, 383, 0, -1, -1.5707963267948966, 1.0
132, 83, 936, 105, 936, 106, 0, -1, -1.5707963267948966, 1.0
132, 84, 684, 432, 683, 437, 1, -5, -1.373400766945016, 5.0990195135927845
132, 85, 724, 362, 724, 363, 0, -1, -1.5707963267948966, 1.0
132, 86, 775, 30, 775, 31, 0, -1, -1.5707963267948966, 1.0
132, 87, 738, 274, 738, 279, 0, -5, -1.5707963267948966, 5.0
132, 88, 1178, 67, 1174, 66, 4, 1, 0.24497866312686414, 4.123105625617661
132, 89, 235, 84, 234, 85, 1, -1, -0.7853981633974483, 1.4142135623730951
132, 90, 74, 152, 75, 152, -1, 0, 3.141592653589793, 1.0
132, 91, 387, 485, 386, 484, 1, 1, 0.7853981633974483, 1.4142135623730951
132, 92, 1172, 162, 1172, 161, 0, 1, 1.5707963267948966, 1.0
132, 93, 1210, 11, 1210, 12, 0, -1, -1.5707963267948966, 1.0
132, 94, 91, 462, 88, 459, 3, 3, 0.7853981633974483, 4.242640687119285
132, 95, 328, 369, 328, 370, 0, -1, -1.5707963267948966, 1.0
132, 96, 300, 388, 300, 389, 0, -1, -1.5707963267948966, 1.0
132, 97, 213, 36, 210, 36, 3, 0, 0.0, 3.0
132, 98, 247, 408, 247, 409, 0, -1, -1.5707963267948966, 1.0
132, 99, 659, 333, 659, 333, 0, 0, 0.0, 0.0
132, 100, 263, 394, 263, 395, 0, -1, -1.5707963267948966, 1.0
132, 101, 101, 531, 99, 530, 2, 1, 0.4636476090008061, 2.23606797749979
132, 102, 1087, 178, 1092, 182, -5, -4, -2.4668517113662407, 6.4031242374328485
132, 103, 1058, 260, 1060, 265, -2, -5, -1.9513027039072615, 5.385164807134504
132, 104, 817, 20, 819, 21, -2, -1, -2.677945044588987, 2.23606797749979
132, 105, 554, 102, 553, 104, 1, -2, -1.1071487177940904, 2.23606797749979
132, 106, 1165, 76, 1161, 75, 4, 1, 0.24497866312686414, 4.123105625617661
132, 107, 665, 701, 668, 701, -3, 0, 3.141592653589793, 3.0
132, 108, 676, 436, 676, 441, 0, -5, -1.5707963267948966, 5.0
132, 109, 932, 98, 932, 99, 0, -1, -1.5707963267948966, 1.0
132, 110, 810, 26, 812, 27, -2, -1, -2.677945044588987, 2.23606797749979
132, 111, 153, 57, 154, 56, -1, 1, 2.356194490192345, 1.4142135623730951
132, 112, 1223, 282, 1221, 279, 2, 3, 0.982793723247329, 3.605551275463989
132, 113, 253, 348, 253, 349, 0, -1, -1.5707963267948966, 1.0
132, 114, 503, 584, 505, 588, -2, -4, -2.0344439357957027, 4.47213595499958
132, 115, 1167, 124, 1167, 122, 0, 2, 1.5707963267948966, 2.0
132, 116, 271, 342, 271, 343, 0, -1, -1.5707963267948966, 1.0
132, 117, 655, 241, 657, 238, -2, 3, 2.158798930342464, 3.605551275463989
132, 118, 102, 544, 100, 544, 2, 0, 0.0, 2.0
132, 119, 838, 485, 838, 488, 0, -3, -1.5707963267948966, 3.0
132, 120, 619, 312, 621, 309, -2, 3, 2.158798930342464, 3.605551275463989
132, 121, 372, 402, 372, 398, 0, 4, 1.5707963267948966, 4.0
132, 122, 1222, 243, 1223, 240, -1, 3, 1.892546881191539, 3.1622776601683795
132, 123, 1199, 65, 1197, 64, 2, 1, 0.4636476090008061, 2.23606797749979
132, 124, 746, 313, 746, 316, 0, -3, -1.5707963267948966, 3.0
132, 125, 924, 99, 924, 100, 0, -1, -1.5707963267948966, 1.0
132, 126, 1203, 701, 1202, 707, 1, -6, -1.4056476493802699, 6.082762530298219
132, 127, 691, 22, 691, 23, 0, -1, -1.5707963267948966, 1.0
132, 128, 239, 319, 239, 320, 0, -1, -1.5707963267948966, 1.0
132, 129, 291, 358, 291, 359, 0, -1, -1.5707963267948966, 1.0
132, 130, 1195, 109, 1193, 108, 2, 1, 0.4636476090008061, 2.23606797749979
132, 131, 1261, 378, 1271, 378, -10, 0, 3.141592653589793, 10.0
132, 132, 1261, 396, 1270, 397, -9, -1, -3.0309354324158977, 9.055385138137417
132, 133, 626, 152, 626, 152, 0, 0, 0.0, 0.0
132, 134, 814, 470, 811, 473, 3, -3, -0.7853981633974483, 4.242640687119285
132, 135, 367, 303, 370, 299, -3, 4, 2.214297435588181, 5.0
132, 136, 1146, 130, 1144, 129, 2, 1, 0.4636476090008061, 2.23606797749979
132, 137, 776, 252, 775, 250, 1, 2, 1.1071487177940904, 2.23606797749979
132, 138, 1261, 257, 1274, 253, -13, 4, 2.843093722003614, 13.601470508735444
132, 139, 847, 412, 845, 417, 2, -5, -1.1902899496825317, 5.385164807134504
132, 140, 783, 46, 785, 46, -2, 0, 3.141592653589793, 2.0
132, 141, 214, 68, 209, 69, 5, -1, -0.19739555984988075, 5.0990195135927845
132, 142, 394, 492, 394, 492, 0, 0, 0.0, 0.0
132, 143, 154, 32, 154, 32, 0, 0, 0.0, 0.0
132, 144, 621, 119, 621, 116, 0, 3, 1.5707963267948966, 3.0
132, 145, 1168, 111, 1166, 111, 2, 0, 0.0, 2.0
133, 0, 772, 171, 773, 171, -1, 0, 3.141592653589793, 1.0
133, 1, 822, 450, 821, 453, 1, -3, -1.2490457723982544, 3.1622776601683795
133, 2, 260, 346, 261, 346, -1, 0, 3.141592653589793, 1.0
133, 3, 823, 473, 822, 476, 1, -3, -1.2490457723982544, 3.1622776601683795
133, 4, 849, 427, 848, 431, 1, -4, -1.3258176636680326, 4.123105625617661
133, 5, 837, 424, 836, 428, 1, -4, -1.3258176636680326, 4.123105625617661
133, 6, 300, 345, 301, 345, -1, 0, 3.141592653589793, 1.0
133, 7, 393, 373, 395, 372, -2, 1, 2.677945044588987, 2.23606797749979
133, 8, 588, 106, 588, 107, 0, -1, -1.5707963267948966, 1.0
133, 9, 487, 75, 488, 78, -1, -3, -1.892546881191539, 3.1622776601683795
133, 10, 277, 321, 277, 322, 0, -1, -1.5707963267948966, 1.0
133, 11, 1260, 213, 1260, 211, 0, 2, 1.5707963267948966, 2.0
133, 12, 358, 337, 360, 335, -2, 2, 2.356194490192345, 2.8284271247461903
133, 13, 225, 73, 223, 71, 2, 2, 0.7853981633974483, 2.8284271247461903
133, 14, 76, 470, 74, 468, 2, 2, 0.7853981633974483, 2.8284271247461903
133, 15, 174, 48, 174, 48, 0, 0, 0.0, 0.0
133, 16, 628, 82, 628, 82, 0, 0, 0.0, 0.0
133, 17, 280, 343, 280, 344, 0, -1, -1.5707963267948966, 1.0
133, 18, 496, 474, 496, 479, 0, -5, -1.5707963267948966, 5.0
133, 19, 463, 137, 464, 139, -1, -2, -2.0344439357957027, 2.23606797749979
133, 20, 510, 537, 510, 536, 0, 1, 1.5707963267948966, 1.0
133, 21, 1056, 230, 1059, 232, -3, -2, -2.5535900500422257, 3.605551275463989
133, 22, 216, 23, 213, 25, 3, -2, -0.5880026035475675, 3.605551275463989
133, 23, 798, 167, 799, 169, -1, -2, -2.0344439357957027, 2.23606797749979
133, 24, 1086, 188, 1089, 191, -3, -3, -2.356194490192345, 4.242640687119285
133, 25, 669, 701, 672, 701, -3, 0, 3.141592653589793, 3.0
133, 26, 1160, 110, 1159, 110, 1, 0, 0.0, 1.0
133, 27, 307, 329, 307, 330, 0, -1, -1.5707963267948966, 1.0
133, 28, 819, 441, 818, 445, 1, -4, -1.3258176636680326, 4.123105625617661
133, 29, 1156, 128, 1156, 126, 0, 2, 1.5707963267948966, 2.0
133, 30, 299, 362, 300, 362, -1, 0, 3.141592653589793, 1.0
133, 31, 331, 359, 331, 360, 0, -1, -1.5707963267948966, 1.0
133, 32, 779, 187, 779, 185, 0, 2, 1.5707963267948966, 2.0
133, 33, 1202, 105, 1201, 105, 1, 0, 0.0, 1.0
133, 34, 479, 477, 480, 481, -1, -4, -1.8157749899217608, 4.123105625617661
133, 35, 691, 390, 691, 395, 0, -5, -1.5707963267948966, 5.0
133, 36, 377, 390, 377, 389, 0, 1, 1.5707963267948966, 1.0
133, 37, 249, 341, 250, 341, -1, 0, 3.141592653589793, 1.0
133, 38, 1069, 237, 1072, 240, -3, -3, -2.356194490192345, 4.242640687119285
133, 39, 257, 369, 257, 370, 0, -1, -1.5707963267948966, 1.0
133, 40, 265, 383, 265, 384, 0, -1, -1.5707963267948966, 1.0
133, 41, 695, 478, 694, 484, 1, -6, -1.4056476493802699, 6.082762530298219
133, 42, 1220, 663, 1220, 659, 0, 4, 1.5707963267948966, 4.0
133, 43, 672, 252, 673, 250, -1, 2, 2.0344439357957027, 2.23606797749979
133, 44, 701, 391, 702, 396, -1, -5, -1.7681918866447774, 5.0990195135927845
133, 45, 454, 554, 456, 558, -2, -4, -2.0344439357957027, 4.47213595499958
133, 46, 476, 134, 477, 136, -1, -2, -2.0344439357957027, 2.23606797749979
133, 47, 407, 449, 410, 444, -3, 5, 2.1112158270654806, 5.830951894845301
133, 48, 1075, 189, 1078, 192, -3, -3, -2.356194490192345, 4.242640687119285
133, 49, 707, 289, 707, 292, 0, -3, -1.5707963267948966, 3.0
133, 50, 256, 340, 257, 340, -1, 0, 3.141592653589793, 1.0
133, 51, 649, 701, 650, 701, -1, 0, 3.141592653589793, 1.0
133, 52, 768, 189, 767, 186, 1, 3, 1.2490457723982544, 3.1622776601683795
133, 53, 461, 527, 462, 532, -1, -5, -1.7681918866447774, 5.0990195135927845
133, 54, 825, 527, 826, 532, -1, -5, -1.7681918866447774, 5.0990195135927845
133, 55, 211, 86, 210, 85, 1, 1, 0.7853981633974483, 1.4142135623730951
133, 56, 1212, 698, 1209, 696, 3, 2, 0.5880026035475675, 3.605551275463989
133, 57, 1078, 176, 1081, 179, -3, -3, -2.356194490192345, 4.242640687119285
133, 58, 255, 381, 255, 382, 0, -1, -1.5707963267948966, 1.0
133, 59, 939, 22, 939, 22, 0, 0, 0.0, 0.0
133, 60, 461, 555, 464, 559, -3, -4, -2.214297435588181, 5.0
133, 61, 1261, 217, 1261, 215, 0, 2, 1.5707963267948966, 2.0
133, 62, 384, 403, 385, 401, -1, 2, 2.0344439357957027, 2.23606797749979
133, 63, 577, 100, 577, 101, 0, -1, -1.5707963267948966, 1.0
133, 64, 330, 409, 330, 410, 0, -1, -1.5707963267948966, 1.0
133, 65, 851, 22, 853, 23, -2, -1, -2.677945044588987, 2.23606797749979
133, 66, 467, 125, 468, 127, -1, -2, -2.0344439357957027, 2.23606797749979
133, 67, 661, 235, 662, 233, -1, 2, 2.0344439357957027, 2.23606797749979
133, 68, 494, 84, 495, 87, -1, -3, -1.892546881191539, 3.1622776601683795
133, 69, 764, 251, 764, 251, 0, 0, 0.0, 0.0
133, 70, 698, 397, 698, 402, 0, -5, -1.5707963267948966, 5.0
133, 71, 480, 567, 482, 571, -2, -4, -2.0344439357957027, 4.47213595499958
133, 72, 801, 15, 802, 15, -1, 0, 3.141592653589793, 1.0
133, 73, 604, 359, 605, 355, -1, 4, 1.8157749899217608, 4.123105625617661
133, 74, 632, 394, 633, 394, -1, 0, 3.141592653589793, 1.0
133, 75, 287, 382, 288, 382, -1, 0, 3.141592653589793, 1.0
133, 76, 936, 104, 936, 105, 0, -1, -1.5707963267948966, 1.0
133, 77, 683, 427, 684, 432, -1, -5, -1.7681918866447774, 5.0990195135927845
133, 78, 724, 361, 724, 362, 0, -1, -1.5707963267948966, 1.0
133, 79, 775, 29, 775, 30, 0, -1, -1.5707963267948966, 1.0
133, 80, 738, 270, 738, 274, 0, -4, -1.5707963267948966, 4.0
133, 81, 1180, 67, 1178, 67, 2, 0, 0.0, 2.0
133, 82, 235, 84, 235, 84, 0, 0, 0.0, 0.0
133, 83, 387, 487, 387, 485, 0, 2, 1.5707963267948966, 2.0
133, 84, 1172, 163, 1172, 162, 0, 1, 1.5707963267948966, 1.0
133, 85, 1210, 11, 1210, 11, 0, 0, 0.0, 0.0
133, 86, 93, 464, 91, 462, 2, 2, 0.7853981633974483, 2.8284271247461903
133, 87, 327, 369, 328, 369, -1, 0, 3.141592653589793, 1.0
133, 88, 300, 388, 300, 388, 0, 0, 0.0, 0.0
133, 89, 216, 34, 213, 36, 3, -2, -0.5880026035475675, 3.605551275463989
133, 90, 247, 408, 247, 408, 0, 0, 0.0, 0.0
133, 91, 658, 334, 659, 333, -1, 1, 2.356194490192345, 1.4142135623730951
133, 92, 263, 393, 263, 394, 0, -1, -1.5707963267948966, 1.0
133, 93, 102, 533, 101, 531, 1, 2, 1.1071487177940904, 2.23606797749979
133, 94, 1084, 175, 1087, 178, -3, -3, -2.356194490192345, 4.242640687119285
133, 95, 554, 101, 554, 102, 0, -1, -1.5707963267948966, 1.0
133, 96, 1166, 76, 1165, 76, 1, 0, 0.0, 1.0
133, 97, 663, 701, 665, 701, -2, 0, 3.141592653589793, 2.0
133, 98, 676, 431, 676, 436, 0, -5, -1.5707963267948966, 5.0
133, 99, 152, 58, 153, 57, -1, 1, 2.356194490192345, 1.4142135623730951
133, 100, 1223, 285, 1223, 282, 0, 3, 1.5707963267948966, 3.0
133, 101, 252, 348, 253, 348, -1, 0, 3.141592653589793, 1.0
133, 102, 501, 582, 503, 584, -2, -2, -2.356194490192345, 2.8284271247461903
133, 103, 1167, 125, 1167, 124, 0, 1, 1.5707963267948966, 1.0
133, 104, 654, 243, 655, 241, -1, 2, 2.0344439357957027, 2.23606797749979
133, 105, 102, 545, 102, 544, 0, 1, 1.5707963267948966, 1.0
133, 106, 838, 481, 838, 485, 0, -4, -1.5707963267948966, 4.0
133, 107, 617, 315, 619, 312, -2, 3, 2.158798930342464, 3.605551275463989
133, 108, 371, 404, 372, 402, -1, 2, 2.0344439357957027, 2.23606797749979
133, 109, 1221, 245, 1222, 243, -1, 2, 2.0344439357957027, 2.23606797749979
133, 110, 1200, 65, 1199, 65, 1, 0, 0.0, 1.0
133, 111, 746, 310, 746, 313, 0, -3, -1.5707963267948966, 3.0
133, 112, 1206, 701, 1203, 701, 3, 0, 0.0, 3.0
133, 113, 691, 21, 691, 22, 0, -1, -1.5707963267948966, 1.0
133, 114, 239, 318, 239, 319, 0, -1, -1.5707963267948966, 1.0
133, 115, 290, 358, 291, 358, -1, 0, 3.141592653589793, 1.0
133, 116, 1196, 109, 1195, 109, 1, 0, 0.0, 1.0
133, 117, 1261, 381, 1261, 378, 0, 3, 1.5707963267948966, 3.0
133, 118, 1261, 398, 1261, 396, 0, 2, 1.5707963267948966, 2.0
133, 119, 625, 152, 626, 152, -1, 0, 3.141592653589793, 1.0
133, 120, 817, 467, 814, 470, 3, -3, -0.7853981633974483, 4.242640687119285
133, 121, 365, 305, 367, 303, -2, 2, 2.356194490192345, 2.8284271247461903
133, 122, 1148, 131, 1146, 130, 2, 1, 0.4636476090008061, 2.23606797749979
133, 123, 776, 253, 776, 252, 0, 1, 1.5707963267948966, 1.0
133, 124, 1260, 257, 1261, 257, -1, 0, 3.141592653589793, 1.0
133, 125, 848, 407, 847, 412, 1, -5, -1.373400766945016, 5.0990195135927845
133, 126, 782, 46, 783, 46, -1, 0, 3.141592653589793, 1.0
133, 127, 216, 69, 214, 68, 2, 1, 0.4636476090008061, 2.23606797749979
133, 128, 394, 492, 394, 492, 0, 0, 0.0, 0.0
133, 129, 153, 32, 154, 32, -1, 0, 3.141592653589793, 1.0
133, 130, 621, 120, 621, 119, 0, 1, 1.5707963267948966, 1.0
133, 131, 1169, 111, 1168, 111, 1, 0, 0.0, 1.0
134, 0, 261, 347, 261, 347, 0, 0, 0.0, 0.0
134, 1, 825, 444, 823, 447, 2, -3, -0.982793723247329, 3.605551275463989
134, 2, 488, 77, 489, 79, -1, -2, -2.0344439357957027, 2.23606797749979
134, 3, 799, 168, 800, 170, -1, -2, -2.0344439357957027, 2.23606797749979
134, 4, 838, 419, 837, 424, 1, -5, -1.373400766945016, 5.0990195135927845
134, 5, 277, 322, 277, 323, 0, -1, -1.5707963267948966, 1.0
134, 6, 482, 470, 482, 475, 0, -5, -1.5707963267948966, 5.0
134, 7, 851, 422, 850, 426, 1, -4, -1.3258176636680326, 4.123105625617661
134, 8, 1261, 212, 1260, 211, 1, 1, 0.7853981633974483, 1.4142135623730951
134, 9, 78, 473, 76, 471, 2, 2, 0.7853981633974483, 2.8284271247461903
134, 10, 301, 346, 301, 346, 0, 0, 0.0, 0.0
134, 11, 588, 107, 588, 108, 0, -1, -1.5707963267948966, 1.0
134, 12, 459, 551, 461, 555, -2, -4, -2.0344439357957027, 4.47213595499958
134, 13, 1058, 231, 1060, 234, -2, -3, -2.158798930342464, 3.605551275463989
134, 14, 174, 49, 174, 49, 0, 0, 0.0, 0.0
134, 15, 628, 83, 628, 82, 0, 1, 1.5707963267948966, 1.0
134, 16, 251, 342, 251, 342, 0, 0, 0.0, 0.0
134, 17, 540, 30, 540, 31, 0, -1, -1.5707963267948966, 1.0
134, 18, 1086, 189, 1089, 192, -3, -3, -2.356194490192345, 4.242640687119285
134, 19, 227, 77, 226, 75, 1, 2, 1.1071487177940904, 2.23606797749979
134, 20, 825, 471, 824, 476, 1, -5, -1.373400766945016, 5.0990195135927845
134, 21, 363, 345, 365, 343, -2, 2, 2.356194490192345, 2.8284271247461903
134, 22, 332, 356, 332, 357, 0, -1, -1.5707963267948966, 1.0
134, 23, 215, 81, 213, 79, 2, 2, 0.7853981633974483, 2.8284271247461903
134, 24, 301, 363, 301, 363, 0, 0, 0.0, 0.0
134, 25, 1216, 701, 1215, 715, 1, -14, -1.4994888620096063, 14.035668847618199
134, 26, 293, 325, 293, 325, 0, 0, 0.0, 0.0
134, 27, 496, 470, 496, 475, 0, -5, -1.5707963267948966, 5.0
134, 28, 464, 138, 465, 140, -1, -2, -2.0344439357957027, 2.23606797749979
134, 29, 510, 540, 510, 540, 0, 0, 0.0, 0.0
134, 30, 1229, 674, 1229, 670, 0, 4, 1.5707963267948966, 4.0
134, 31, 307, 331, 307, 331, 0, 0, 0.0, 0.0
134, 32, 281, 344, 281, 345, 0, -1, -1.5707963267948966, 1.0
134, 33, 1077, 279, 1077, 281, 0, -2, -1.5707963267948966, 2.0
134, 34, 777, 170, 778, 170, -1, 0, 3.141592653589793, 1.0
134, 35, 1071, 237, 1073, 240, -2, -3, -2.158798930342464, 3.605551275463989
134, 36, 219, 22, 216, 24, 3, -2, -0.5880026035475675, 3.605551275463989
134, 37, 782, 192, 781, 189, 1, 3, 1.2490457723982544, 3.1622776601683795
134, 38, 234, 86, 234, 86, 0, 0, 0.0, 0.0
134, 39, 451, 548, 453, 552, -2, -4, -2.0344439357957027, 4.47213595499958
134, 40, 256, 383, 256, 383, 0, 0, 0.0, 0.0
134, 41, 672, 252, 673, 250, -1, 2, 2.0344439357957027, 2.23606797749979
134, 42, 467, 127, 468, 129, -1, -2, -2.0344439357957027, 2.23606797749979
134, 43, 547, 23, 547, 24, 0, -1, -1.5707963267948966, 1.0
134, 44, 461, 524, 462, 529, -1, -5, -1.7681918866447774, 5.0990195135927845
134, 45, 802, 18, 803, 18, -1, 0, 3.141592653589793, 1.0
134, 46, 481, 222, 481, 223, 0, -1, -1.5707963267948966, 1.0
134, 47, 265, 385, 265, 385, 0, 0, 0.0, 0.0
134, 48, 1079, 175, 1082, 179, -3, -4, -2.214297435588181, 5.0
134, 49, 399, 448, 401, 443, -2, 5, 1.9513027039072615, 5.385164807134504
134, 50, 709, 288, 709, 291, 0, -3, -1.5707963267948966, 3.0
134, 51, 1202, 104, 1201, 104, 1, 0, 0.0, 1.0
134, 52, 258, 371, 258, 371, 0, 0, 0.0, 0.0
134, 53, 378, 390, 378, 389, 0, 1, 1.5707963267948966, 1.0
134, 54, 405, 457, 407, 452, -2, 5, 1.9513027039072615, 5.385164807134504
134, 55, 1174, 163, 1174, 162, 0, 1, 1.5707963267948966, 1.0
134, 56, 768, 191, 767, 188, 1, 3, 1.2490457723982544, 3.1622776601683795
134, 57, 690, 387, 689, 392, 1, -5, -1.373400766945016, 5.0990195135927845
134, 58, 317, 395, 317, 396, 0, -1, -1.5707963267948966, 1.0
134, 59, 102, 550, 100, 546, 2, 4, 1.1071487177940904, 4.47213595499958
134, 60, 704, 386, 704, 391, 0, -5, -1.5707963267948966, 5.0
134, 61, 384, 405, 385, 402, -1, 3, 1.892546881191539, 3.1622776601683795
134, 62, 603, 362, 604, 358, -1, 4, 1.8157749899217608, 4.123105625617661
134, 63, 478, 136, 478, 138, 0, -2, -1.5707963267948966, 2.0
134, 64, 252, 391, 252, 392, 0, -1, -1.5707963267948966, 1.0
134, 65, 1261, 217, 1266, 216, -5, 1, 2.9441970937399127, 5.0990195135927845
134, 66, 1151, 135, 1150, 135, 1, 0, 0.0, 1.0
134, 67, 939, 22, 939, 23, 0, -1, -1.5707963267948966, 1.0
134, 68, 1223, 287, 1222, 285, 1, 2, 1.1071487177940904, 2.23606797749979
134, 69, 495, 86, 496, 88, -1, -2, -2.0344439357957027, 2.23606797749979
134, 70, 772, 183, 771, 181, 1, 2, 1.1071487177940904, 2.23606797749979
134, 71, 219, 32, 216, 34, 3, -2, -0.5880026035475675, 3.605551275463989
134, 72, 663, 235, 664, 233, -1, 2, 2.0344439357957027, 2.23606797749979
134, 73, 676, 429, 676, 433, 0, -4, -1.5707963267948966, 4.0
134, 74, 699, 395, 699, 400, 0, -5, -1.5707963267948966, 5.0
134, 75, 723, 359, 724, 362, -1, -3, -1.892546881191539, 3.1622776601683795
134, 76, 624, 421, 624, 421, 0, 0, 0.0, 0.0
134, 77, 764, 251, 764, 251, 0, 0, 0.0, 0.0
134, 78, 221, 68, 219, 67, 2, 1, 0.4636476090008061, 2.23606797749979
134, 79, 288, 382, 288, 382, 0, 0, 0.0, 0.0
134, 80, 936, 104, 936, 105, 0, -1, -1.5707963267948966, 1.0
134, 81, 775, 30, 775, 31, 0, -1, -1.5707963267948966, 1.0
134, 82, 558, 100, 557, 102, 1, -2, -1.1071487177940904, 2.23606797749979
134, 83, 95, 466, 93, 464, 2, 2, 0.7853981633974483, 2.8284271247461903
134, 84, 547, 100, 547, 101, 0, -1, -1.5707963267948966, 1.0
134, 85, 1075, 190, 1078, 193, -3, -3, -2.356194490192345, 4.242640687119285
134, 86, 630, 397, 631, 397, -1, 0, 3.141592653589793, 1.0
134, 87, 153, 56, 154, 56, -1, 0, 3.141592653589793, 1.0
134, 88, 494, 589, 494, 590, 0, -1, -1.5707963267948966, 1.0
134, 89, 247, 408, 247, 409, 0, -1, -1.5707963267948966, 1.0
134, 90, 1211, 11, 1211, 12, 0, -1, -1.5707963267948966, 1.0
134, 91, 328, 370, 328, 370, 0, 0, 0.0, 0.0
134, 92, 301, 387, 301, 388, 0, -1, -1.5707963267948966, 1.0
134, 93, 1165, 76, 1164, 76, 1, 0, 0.0, 1.0
134, 94, 660, 701, 663, 711, -3, -10, -1.8622531212727638, 10.44030650891055
134, 95, 1261, 701, 1262, 715, -1, -14, -1.642103791580187, 14.035668847618199
134, 96, 739, 271, 739, 275, 0, -4, -1.5707963267948966, 4.0
134, 97, 1192, 345, 1193, 345, -1, 0, 3.141592653589793, 1.0
134, 98, 1200, 65, 1199, 65, 1, 0, 0.0, 1.0
134, 99, 643, 307, 645, 305, -2, 2, 2.356194490192345, 2.8284271247461903
134, 100, 684, 426, 684, 430, 0, -4, -1.5707963267948966, 4.0
134, 101, 262, 393, 262, 394, 0, -1, -1.5707963267948966, 1.0
134, 102, 1149, 206, 1150, 206, -1, 0, 3.141592653589793, 1.0
134, 103, 359, 338, 361, 335, -2, 3, 2.158798930342464, 3.605551275463989
134, 104, 659, 333, 660, 332, -1, 1, 2.356194490192345, 1.4142135623730951
134, 105, 386, 487, 386, 485, 0, 2, 1.5707963267948966, 2.0
134, 106, 1179, 67, 1177, 67, 2, 0, 0.0, 2.0
134, 107, 932, 98, 932, 99, 0, -1, -1.5707963267948966, 1.0
134, 108, 1223, 247, 1223, 245, 0, 2, 1.5707963267948966, 2.0
134, 109, 809, 26, 810, 26, -1, 0, 3.141592653589793, 1.0
134, 110, 253, 349, 253, 349, 0, 0, 0.0, 0.0
134, 111, 578, 99, 578, 100, 0, -1, -1.5707963267948966, 1.0
134, 112, 864, 452, 864, 457, 0, -5, -1.5707963267948966, 5.0
134, 113, 651, 330, 652, 329, -1, 1, 2.356194490192345, 1.4142135623730951
134, 114, 482, 112, 482, 114, 0, -2, -1.5707963267948966, 2.0
134, 115, 695, 17, 695, 18, 0, -1, -1.5707963267948966, 1.0
134, 116, 828, 524, 827, 530, 1, -6, -1.4056476493802699, 6.082762530298219
134, 117, 397, 343, 399, 341, -2, 2, 2.356194490192345, 2.8284271247461903
134, 118, 619, 317, 620, 314, -1, 3, 1.892546881191539, 3.1622776601683795
134, 119, 656, 243, 657, 241, -1, 2, 2.0344439357957027, 2.23606797749979
134, 120, 1261, 256, 1277, 256, -16, 0, 3.141592653589793, 16.0
134, 121, 781, 264, 781, 261, 0, 3, 1.5707963267948966, 3.0
134, 122, 370, 405, 371, 402, -1, 3, 1.892546881191539, 3.1622776601683795
134, 123, 901, 20, 902, 19, -1, 1, 2.356194490192345, 1.4142135623730951
134, 124, 245, 329, 245, 329, 0, 0, 0.0, 0.0
134, 125, 842, 501, 843, 501, -1, 0, 3.141592653589793, 1.0
134, 126, 775, 156, 775, 160, 0, -4, -1.5707963267948966, 4.0
134, 127, 1167, 125, 1167, 124, 0, 1, 1.5707963267948966, 1.0
134, 128, 239, 318, 239, 319, 0, -1, -1.5707963267948966, 1.0
134, 129, 499, 157, 500, 159, -1, -2, -2.0344439357957027, 2.23606797749979
134, 130, 784, 47, 785, 47, -1, 0, 3.141592653589793, 1.0
134, 131, 392, 374, 394, 371, -2, 3, 2.158798930342464, 3.605551275463989
134, 132, 487, 164, 488, 166, -1, -2, -2.0344439357957027, 2.23606797749979
134, 133, 744, 302, 744, 306, 0, -4, -1.5707963267948966, 4.0
134, 134, 290, 359, 291, 359, -1, 0, 3.141592653589793, 1.0
134, 135, 888, 15, 887, 13, 1, 2, 1.1071487177940904, 2.23606797749979
134, 136, 367, 464, 367, 461, 0, 3, 1.5707963267948966, 3.0
134, 137, 924, 98, 924, 99, 0, -1, -1.5707963267948966, 1.0
134, 138, 77, 460, 75, 458, 2, 2, 0.7853981633974483, 2.8284271247461903
134, 139, 73, 153, 74, 153, -1, 0, 3.141592653589793, 1.0
134, 140, 272, 329, 272, 329, 0, 0, 0.0, 0.0
134, 141, 376, 480, 376, 477, 0, 3, 1.5707963267948966, 3.0
134, 142, 479, 560, 480, 564, -1, -4, -1.8157749899217608, 4.123105625617661
134, 143, 668, 246, 669, 244, -1, 2, 2.0344439357957027, 2.23606797749979
134, 144, 786, 224, 785, 221, 1, 3, 1.2490457723982544, 3.1622776601683795
134, 145, 698, 476, 696, 481, 2, -5, -1.1902899496825317, 5.385164807134504
134, 146, 622, 119, 622, 118, 0, 1, 1.5707963267948966, 1.0
134, 147, 1168, 113, 1167, 113, 1, 0, 0.0, 1.0
134, 148, 485, 87, 486, 89, -1, -2, -2.0344439357957027, 2.23606797749979
134, 149, 634, 118, 634, 117, 0, 1, 1.5707963267948966, 1.0
134, 150, 697, 383, 697, 388, 0, -5, -1.5707963267948966, 5.0
134, 151, 539, 63, 539, 64, 0, -1, -1.5707963267948966, 1.0
134, 152, 277, 312, 277, 312, 0, 0, 0.0, 0.0
134, 153, 848, 404, 847, 409, 1, -5, -1.373400766945016, 5.0990195135927845
134, 154, 847, 31, 849, 32, -2, -1, -2.677945044588987, 2.23606797749979
134, 155, 1186, 291, 1186, 287, 0, 4, 1.5707963267948966, 4.0
134, 156, 379, 314, 381, 312, -2, 2, 2.356194490192345, 2.8284271247461903
134, 157, 171, 75, 172, 75, -1, 0, 3.141592653589793, 1.0
134, 158, 550, 31, 550, 32, 0, -1, -1.5707963267948966, 1.0
134, 159, 625, 154, 626, 154, -1, 0, 3.141592653589793, 1.0
134, 160, 1182, 112, 1181, 111, 1, 1, 0.7853981633974483, 1.4142135623730951
134, 161, 1209, 248, 1209, 246, 0, 2, 1.5707963267948966, 2.0
134, 162, 155, 71, 156, 70, -1, 1, 2.356194490192345, 1.4142135623730951
134, 163, 366, 304, 368, 302, -2, 2, 2.356194490192345, 2.8284271247461903
134, 164, 1213, 239, 1213, 237, 0, 2, 1.5707963267948966, 2.0
134, 165, 332, 349, 332, 350, 0, -1, -1.5707963267948966, 1.0
134, 166, 470, 562, 472, 566, -2, -4, -2.0344439357957027, 4.47213595499958
134, 167, 1231, 282, 1231, 279, 0, 3, 1.5707963267948966, 3.0
134, 168, 55, 76, 55, 76, 0, 0, 0.0, 0.0
134, 169, 507, 479, 507, 484, 0, -5, -1.5707963267948966, 5.0
134, 170, 153, 33, 154, 33, -1, 0, 3.141592653589793, 1.0
134, 171, 89, 460, 87, 458, 2, 2, 0.7853981633974483, 2.8284271247461903
134, 172, 647, 373, 647, 369, 0, 4, 1.5707963267948966, 4.0
134, 173, 105, 535, 103, 531, 2, 4, 1.1071487177940904, 4.47213595499958
134, 174, 262, 339, 262, 339, 0, 0, 0.0, 0.0
134, 175, 384, 368, 386, 365, -2, 3, 2.158798930342464, 3.605551275463989
134, 176, 1157, 127, 1156, 126, 1, 1, 0.7853981633974483, 1.4142135623730951
134, 177, 636, 89, 636, 88, 0, 1, 1.5707963267948966, 1.0
134, 178, 327, 379, 327, 380, 0, -1, -1.5707963267948966, 1.0
134, 179, 1189, 142, 1189, 142, 0, 0, 0.0, 0.0
134, 180, 1208, 701, 1205, 710, 3, -9, -1.2490457723982544, 9.486832980505138
134, 181, 850, 54, 851, 54, -1, 0, 3.141592653589793, 1.0
134, 182, 1158, 116, 1157, 115, 1, 1, 0.7853981633974483, 1.4142135623730951
134, 183, 122, 579, 122, 579, 0, 0, 0.0, 0.0
134, 184, 1261, 238, 1265, 238, -4, 0, 3.141592653589793, 4.0
134, 185, 59, 113, 59, 114, 0, -1, -1.5707963267948966, 1.0
134, 186, 473, 531, 473, 535, 0, -4, -1.5707963267948966, 4.0
134, 187, 673, 295, 674, 293, -1, 2, 2.0344439357957027, 2.23606797749979
134, 188, 120, 515, 118, 513, 2, 2, 0.7853981633974483, 2.8284271247461903
134, 189, 395, 494, 395, 493, 0, 1, 1.5707963267948966, 1.0
134, 190, 573, 94, 573, 95, 0, -1, -1.5707963267948966, 1.0
134, 191, 1088, 218, 1091, 220, -3, -2, -2.5535900500422257, 3.605551275463989
134, 192, 747, 310, 747, 314, 0, -4, -1.5707963267948966, 4.0
134, 193, 321, 352, 321, 353, 0, -1, -1.5707963267948966, 1.0
134, 194, 77, 525, 76, 523, 1, 2, 1.1071487177940904, 2.23606797749979
134, 195, 643, 269, 644, 267, -1, 2, 2.0344439357957027, 2.23606797749979
134, 196, 360, 446, 360, 443, 0, 3, 1.5707963267948966, 3.0
134, 197, 469, 480, 469, 485, 0, -5, -1.5707963267948966, 5.0
134, 198, 324, 345, 324, 346, 0, -1, -1.5707963267948966, 1.0
134, 199, 1092, 197, 1095, 200, -3, -3, -2.356194490192345, 4.242640687119285
134, 200, 939, 36, 939, 37, 0, -1, -1.5707963267948966, 1.0
135, 0, 261, 346, 261, 347, 0, -1, -1.5707963267948966, 1.0
135, 1, 827, 441, 825, 444, 2, -3, -0.982793723247329, 3.605551275463989
135, 2, 488, 75, 488, 77, 0, -2, -1.5707963267948966, 2.0
135, 3, 839, 414, 838, 419, 1, -5, -1.373400766945016, 5.0990195135927845
135, 4, 277, 321, 277, 322, 0, -1, -1.5707963267948966, 1.0
135, 5, 482, 465, 482, 470, 0, -5, -1.5707963267948966, 5.0
135, 6, 852, 418, 851, 422, 1, -4, -1.3258176636680326, 4.123105625617661
135, 7, 1261, 212, 1261, 212, 0, 0, 0.0, 0.0
135, 8, 80, 475, 78, 473, 2, 2, 0.7853981633974483, 2.8284271247461903
135, 9, 301, 345, 301, 346, 0, -1, -1.5707963267948966, 1.0
135, 10, 588, 106, 588, 107, 0, -1, -1.5707963267948966, 1.0
135, 11, 457, 547, 459, 551, -2, -4, -2.0344439357957027, 4.47213595499958
135, 12, 1055, 228, 1058, 231, -3, -3, -2.356194490192345, 4.242640687119285
135, 13, 174, 49, 174, 49, 0, 0, 0.0, 0.0
135, 14, 628, 83, 628, 83, 0, 0, 0.0, 0.0
135, 15, 251, 341, 251, 342, 0, -1, -1.5707963267948966, 1.0
135, 16, 540, 29, 540, 30, 0, -1, -1.5707963267948966, 1.0
135, 17, 1083, 185, 1086, 189, -3, -4, -2.214297435588181, 5.0
135, 18, 228, 79, 227, 77, 1, 2, 1.1071487177940904, 2.23606797749979
135, 19, 826, 466, 825, 471, 1, -5, -1.373400766945016, 5.0990195135927845
135, 20, 361, 346, 363, 345, -2, 1, 2.677945044588987, 2.23606797749979
135, 21, 332, 355, 332, 356, 0, -1, -1.5707963267948966, 1.0
135, 22, 217, 83, 215, 81, 2, 2, 0.7853981633974483, 2.8284271247461903
135, 23, 301, 362, 301, 363, 0, -1, -1.5707963267948966, 1.0
135, 24, 1220, 701, 1216, 701, 4, 0, 0.0, 4.0
135, 25, 293, 324, 293, 325, 0, -1, -1.5707963267948966, 1.0
135, 26, 497, 465, 496, 470, 1, -5, -1.373400766945016, 5.0990195135927845
135, 27, 463, 136, 464, 138, -1, -2, -2.0344439357957027, 2.23606797749979
135, 28, 510, 538, 510, 540, 0, -2, -1.5707963267948966, 2.0
135, 29, 1230, 678, 1229, 674, 1, 4, 1.3258176636680326, 4.123105625617661
135, 30, 307, 330, 307, 331, 0, -1, -1.5707963267948966, 1.0
135, 31, 281, 343, 281, 344, 0, -1, -1.5707963267948966, 1.0
135, 32, 1076, 276, 1077, 279, -1, -3, -1.892546881191539, 3.1622776601683795
135, 33, 777, 169, 777, 170, 0, -1, -1.5707963267948966, 1.0
135, 34, 1068, 233, 1071, 237, -3, -4, -2.214297435588181, 5.0
135, 35, 222, 21, 219, 22, 3, -1, -0.3217505543966422, 3.1622776601683795
135, 36, 783, 195, 782, 192, 1, 3, 1.2490457723982544, 3.1622776601683795
135, 37, 234, 86, 234, 86, 0, 0, 0.0, 0.0
135, 38, 449, 544, 451, 548, -2, -4, -2.0344439357957027, 4.47213595499958
135, 39, 256, 382, 256, 383, 0, -1, -1.5707963267948966, 1.0
135, 40, 671, 255, 672, 252, -1, 3, 1.892546881191539, 3.1622776601683795
135, 41, 466, 125, 467, 127, -1, -2, -2.0344439357957027, 2.23606797749979
135, 42, 547, 22, 547, 23, 0, -1, -1.5707963267948966, 1.0
135, 43, 460, 519, 461, 524, -1, -5, -1.7681918866447774, 5.0990195135927845
135, 44, 801, 18, 802, 18, -1, 0, 3.141592653589793, 1.0
135, 45, 481, 221, 481, 222, 0, -1, -1.5707963267948966, 1.0
135, 46, 265, 384, 265, 385, 0, -1, -1.5707963267948966, 1.0
135, 47, 1076, 171, 1079, 175, -3, -4, -2.214297435588181, 5.0
135, 48, 397, 452, 399, 448, -2, 4, 2.0344439357957027, 4.47213595499958
135, 49, 709, 285, 709, 288, 0, -3, -1.5707963267948966, 3.0
135, 50, 1203, 104, 1202, 104, 1, 0, 0.0, 1.0
135, 51, 258, 370, 258, 371, 0, -1, -1.5707963267948966, 1.0
135, 52, 378, 391, 378, 390, 0, 1, 1.5707963267948966, 1.0
135, 53, 403, 460, 405, 457, -2, 3, 2.158798930342464, 3.605551275463989
135, 54, 1174, 164, 1174, 163, 0, 1, 1.5707963267948966, 1.0
135, 55, 769, 194, 768, 191, 1, 3, 1.2490457723982544, 3.1622776601683795
135, 56, 691, 382, 690, 387, 1, -5, -1.373400766945016, 5.0990195135927845
135, 57, 317, 394, 317, 395, 0, -1, -1.5707963267948966, 1.0
135, 58, 104, 554, 102, 550, 2, 4, 1.1071487177940904, 4.47213595499958
135, 59, 704, 381, 704, 386, 0, -5, -1.5707963267948966, 5.0
135, 60, 383, 408, 384, 405, -1, 3, 1.892546881191539, 3.1622776601683795
135, 61, 602, 366, 603, 362, -1, 4, 1.8157749899217608, 4.123105625617661
135, 62, 478, 134, 478, 136, 0, -2, -1.5707963267948966, 2.0
135, 63, 252, 390, 252, 391, 0, -1, -1.5707963267948966, 1.0
135, 64, 1261, 217, 1261, 217, 0, 0, 0.0, 0.0
135, 65, 1152, 136, 1151, 135, 1, 1, 0.7853981633974483, 1.4142135623730951
135, 66, 939, 21, 939, 22, 0, -1, -1.5707963267948966, 1.0
135, 67, 1224, 290, 1223, 287, 1, 3, 1.2490457723982544, 3.1622776601683795
135, 68, 495, 84, 495, 86, 0, -2, -1.5707963267948966, 2.0
135, 69, 773, 186, 772, 183, 1, 3, 1.2490457723982544, 3.1622776601683795
135, 70, 222, 30, 219, 32, 3, -2, -0.5880026035475675, 3.605551275463989
135, 71, 662, 238, 663, 235, -1, 3, 1.892546881191539, 3.1622776601683795
135, 72, 676, 425, 676, 429, 0, -4, -1.5707963267948966, 4.0
135, 73, 699, 390, 699, 395, 0, -5, -1.5707963267948966, 5.0
135, 74, 722, 354, 723, 359, -1, -5, -1.7681918866447774, 5.0990195135927845
135, 75, 624, 421, 624, 421, 0, 0, 0.0, 0.0
135, 76, 764, 250, 764, 251, 0, -1, -1.5707963267948966, 1.0
135, 77, 223, 69, 221, 68, 2, 1, 0.4636476090008061, 2.23606797749979
135, 78, 288, 381, 288, 382, 0, -1, -1.5707963267948966, 1.0
135, 79, 936, 103, 936, 104, 0, -1, -1.5707963267948966, 1.0
135, 80, 775, 29, 775, 30, 0, -1, -1.5707963267948966, 1.0
135, 81, 559, 99, 558, 100, 1, -1, -0.7853981633974483, 1.4142135623730951
135, 82, 97, 468, 95, 466, 2, 2, 0.7853981633974483, 2.8284271247461903
135, 83, 547, 99, 547, 100, 0, -1, -1.5707963267948966, 1.0
135, 84, 1072, 187, 1075, 190, -3, -3, -2.356194490192345, 4.242640687119285
135, 85, 630, 400, 630, 397, 0, 3, 1.5707963267948966, 3.0
135, 86, 152, 57, 153, 56, -1, 1, 2.356194490192345, 1.4142135623730951
135, 87, 494, 588, 494, 589, 0, -1, -1.5707963267948966, 1.0
135, 88, 247, 407, 247, 408, 0, -1, -1.5707963267948966, 1.0
135, 89, 1211, 10, 1211, 11, 0, -1, -1.5707963267948966, 1.0
135, 90, 328, 369, 328, 370, 0, -1, -1.5707963267948966, 1.0
135, 91, 301, 386, 301, 387, 0, -1, -1.5707963267948966, 1.0
135, 92, 1166, 76, 1165, 76, 1, 0, 0.0, 1.0
135, 93, 659, 701, 660, 701, -1, 0, 3.141592653589793, 1.0
135, 94, 1261, 701, 1261, 701, 0, 0, 0.0, 0.0
135, 95, 740, 267, 739, 271, 1, -4, -1.3258176636680326, 4.123105625617661
135, 96, 1192, 344, 1192, 345, 0, -1, -1.5707963267948966, 1.0
135, 97, 1201, 65, 1200, 65, 1, 0, 0.0, 1.0
135, 98, 642, 310, 643, 307, -1, 3, 1.892546881191539, 3.1622776601683795
135, 99, 684, 423, 684, 426, 0, -3, -1.5707963267948966, 3.0
135, 100, 262, 392, 262, 393, 0, -1, -1.5707963267948966, 1.0
135, 101, 1149, 206, 1149, 206, 0, 0, 0.0, 0.0
135, 102, 358, 340, 359, 338, -1, 2, 2.0344439357957027, 2.23606797749979
135, 103, 658, 334, 659, 333, -1, 1, 2.356194490192345, 1.4142135623730951
135, 104, 386, 488, 386, 487, 0, 1, 1.5707963267948966, 1.0
135, 105, 1181, 67, 1179, 67, 2, 0, 0.0, 2.0
135, 106, 932, 97, 932, 98, 0, -1, -1.5707963267948966, 1.0
135, 107, 1223, 249, 1223, 247, 0, 2, 1.5707963267948966, 2.0
135, 108, 808, 26, 809, 26, -1, 0, 3.141592653589793, 1.0
135, 109, 253, 348, 253, 349, 0, -1, -1.5707963267948966, 1.0
135, 110, 578, 99, 578, 99, 0, 0, 0.0, 0.0
135, 111, 864, 448, 864, 452, 0, -4, -1.5707963267948966, 4.0
135, 112, 650, 332, 651, 330, -1, 2, 2.0344439357957027, 2.23606797749979
135, 113, 482, 110, 482, 112, 0, -2, -1.5707963267948966, 2.0
135, 114, 695, 15, 695, 17, 0, -2, -1.5707963267948966, 2.0
135, 115, 829, 517, 828, 524, 1, -7, -1.4288992721907328, 7.0710678118654755
135, 116, 396, 344, 397, 343, -1, 1, 2.356194490192345, 1.4142135623730951
135, 117, 618, 319, 619, 317, -1, 2, 2.0344439357957027, 2.23606797749979
135, 118, 655, 246, 656, 243, -1, 3, 1.892546881191539, 3.1622776601683795
135, 119, 1261, 257, 1261, 256, 0, 1, 1.5707963267948966, 1.0
135, 120, 781, 267, 781, 264, 0, 3, 1.5707963267948966, 3.0
135, 121, 369, 408, 370, 405, -1, 3, 1.892546881191539, 3.1622776601683795
135, 122, 903, 21, 901, 20, 2, 1, 0.4636476090008061, 2.23606797749979
135, 123, 245, 328, 245, 329, 0, -1, -1.5707963267948966, 1.0
135, 124, 842, 500, 842, 501, 0, -1, -1.5707963267948966, 1.0
135, 125, 775, 153, 775, 156, 0, -3, -1.5707963267948966, 3.0
135, 126, 1167, 127, 1167, 125, 0, 2, 1.5707963267948966, 2.0
135, 127, 239, 317, 239, 318, 0, -1, -1.5707963267948966, 1.0
135, 128, 783, 47, 784, 47, -1, 0, 3.141592653589793, 1.0
135, 129, 391, 378, 392, 374, -1, 4, 1.8157749899217608, 4.123105625617661
135, 130, 486, 162, 487, 164, -1, -2, -2.0344439357957027, 2.23606797749979
135, 131, 744, 297, 744, 302, 0, -5, -1.5707963267948966, 5.0
135, 132, 893, 16, 888, 15, 5, 1, 0.19739555984988075, 5.0990195135927845
135, 133, 367, 468, 367, 464, 0, 4, 1.5707963267948966, 4.0
135, 134, 924, 97, 924, 98, 0, -1, -1.5707963267948966, 1.0
135, 135, 79, 462, 77, 460, 2, 2, 0.7853981633974483, 2.8284271247461903
135, 136, 272, 328, 272, 329, 0, -1, -1.5707963267948966, 1.0
135, 137, 375, 481, 376, 480, -1, 1, 2.356194490192345, 1.4142135623730951
135, 138, 478, 556, 479, 560, -1, -4, -1.8157749899217608, 4.123105625617661
135, 139, 667, 249, 668, 246, -1, 3, 1.892546881191539, 3.1622776601683795
135, 140, 787, 227, 786, 224, 1, 3, 1.2490457723982544, 3.1622776601683795
135, 141, 700, 472, 698, 476, 2, -4, -1.1071487177940904, 4.47213595499958
135, 142, 622, 120, 622, 119, 0, 1, 1.5707963267948966, 1.0
135, 143, 1169, 113, 1168, 113, 1, 0, 0.0, 1.0
135, 144, 485, 85, 485, 87, 0, -2, -1.5707963267948966, 2.0
135, 145, 634, 119, 634, 118, 0, 1, 1.5707963267948966, 1.0
135, 146, 697, 378, 697, 383, 0, -5, -1.5707963267948966, 5.0
135, 147, 539, 62, 539, 63, 0, -1, -1.5707963267948966, 1.0
135, 148, 277, 311, 277, 312, 0, -1, -1.5707963267948966, 1.0
135, 149, 849, 399, 848, 404, 1, -5, -1.373400766945016, 5.0990195135927845
135, 150, 845, 30, 847, 31, -2, -1, -2.677945044588987, 2.23606797749979
135, 151, 1186, 295, 1186, 291, 0, 4, 1.5707963267948966, 4.0
135, 152, 378, 315, 379, 314, -1, 1, 2.356194490192345, 1.4142135623730951
135, 153, 171, 76, 171, 75, 0, 1, 1.5707963267948966, 1.0
135, 154, 550, 30, 550, 31, 0, -1, -1.5707963267948966, 1.0
135, 155, 624, 155, 625, 154, -1, 1, 2.356194490192345, 1.4142135623730951
135, 156, 1183, 113, 1182, 112, 1, 1, 0.7853981633974483, 1.4142135623730951
135, 157, 1209, 250, 1209, 248, 0, 2, 1.5707963267948966, 2.0
135, 158, 154, 72, 155, 71, -1, 1, 2.356194490192345, 1.4142135623730951
135, 159, 365, 305, 366, 304, -1, 1, 2.356194490192345, 1.4142135623730951
135, 160, 1213, 241, 1213, 239, 0, 2, 1.5707963267948966, 2.0
135, 161, 332, 348, 332, 349, 0, -1, -1.5707963267948966, 1.0
135, 162, 467, 559, 470, 562, -3, -3, -2.356194490192345, 4.242640687119285
135, 163, 1231, 285, 1231, 282, 0, 3, 1.5707963267948966, 3.0
135, 164, 55, 76, 55, 76, 0, 0, 0.0, 0.0
135, 165, 507, 475, 507, 479, 0, -4, -1.5707963267948966, 4.0
135, 166, 152, 33, 153, 33, -1, 0, 3.141592653589793, 1.0
135, 167, 91, 462, 89, 460, 2, 2, 0.7853981633974483, 2.8284271247461903
135, 168, 647, 376, 647, 373, 0, 3, 1.5707963267948966, 3.0
135, 169, 107, 537, 105, 535, 2, 2, 0.7853981633974483, 2.8284271247461903
135, 170, 262, 338, 262, 339, 0, -1, -1.5707963267948966, 1.0
135, 171, 383, 371, 384, 368, -1, 3, 1.892546881191539, 3.1622776601683795
135, 172, 1158, 129, 1157, 127, 1, 2, 1.1071487177940904, 2.23606797749979
135, 173, 636, 90, 636, 89, 0, 1, 1.5707963267948966, 1.0
135, 174, 327, 378, 327, 379, 0, -1, -1.5707963267948966, 1.0
135, 175, 1189, 143, 1189, 142, 0, 1, 1.5707963267948966, 1.0
135, 176, 1212, 701, 1208, 701, 4, 0, 0.0, 4.0
135, 177, 849, 54, 850, 54, -1, 0, 3.141592653589793, 1.0
135, 178, 1159, 117, 1158, 116, 1, 1, 0.7853981633974483, 1.4142135623730951
135, 179, 122, 578, 122, 579, 0, -1, -1.5707963267948966, 1.0
135, 180, 1261, 238, 1261, 238, 0, 0, 0.0, 0.0
135, 181, 59, 113, 59, 113, 0, 0, 0.0, 0.0
135, 182, 473, 528, 473, 531, 0, -3, -1.5707963267948966, 3.0
135, 183, 672, 297, 673, 295, -1, 2, 2.0344439357957027, 2.23606797749979
135, 184, 122, 518, 120, 515, 2, 3, 0.982793723247329, 3.605551275463989
135, 185, 395, 494, 395, 494, 0, 0, 0.0, 0.0
135, 186, 574, 94, 573, 94, 1, 0, 0.0, 1.0
135, 187, 1085, 215, 1088, 218, -3, -3, -2.356194490192345, 4.242640687119285
135, 188, 747, 305, 747, 310, 0, -5, -1.5707963267948966, 5.0
135, 189, 321, 351, 321, 352, 0, -1, -1.5707963267948966, 1.0
135, 190, 79, 526, 77, 525, 2, 1, 0.4636476090008061, 2.23606797749979
135, 191, 642, 272, 643, 269, -1, 3, 1.892546881191539, 3.1622776601683795
135, 192, 360, 449, 360, 446, 0, 3, 1.5707963267948966, 3.0
135, 193, 469, 475, 469, 480, 0, -5, -1.5707963267948966, 5.0
135, 194, 324, 344, 324, 345, 0, -1, -1.5707963267948966, 1.0
135, 195, 1089, 193, 1092, 197, -3, -4, -2.214297435588181, 5.0
135, 196, 939, 35, 939, 36, 0, -1, -1.5707963267948966, 1.0
136, 0, 852, 415, 852, 419, 0, -4, -1.5707963267948966, 4.0
136, 1, 261, 347, 261, 348, 0, -1, -1.5707963267948966, 1.0
136, 2, 827, 439, 825, 442, 2, -3, -0.982793723247329, 3.605551275463989
136, 3, 277, 322, 277, 323, 0, -1, -1.5707963267948966, 1.0
136, 4, 363, 346, 364, 345, -1, 1, 2.356194490192345, 1.4142135623730951
136, 5, 487, 75, 488, 77, -1, -2, -2.0344439357957027, 2.23606797749979
136, 6, 251, 341, 251, 342, 0, -1, -1.5707963267948966, 1.0
136, 7, 457, 547, 459, 551, -2, -4, -2.0344439357957027, 4.47213595499958
136, 8, 484, 466, 484, 471, 0, -5, -1.5707963267948966, 5.0
136, 9, 80, 475, 78, 473, 2, 2, 0.7853981633974483, 2.8284271247461903
136, 10, 797, 166, 799, 168, -2, -2, -2.356194490192345, 2.8284271247461903
136, 11, 175, 49, 175, 49, 0, 0, 0.0, 0.0
136, 12, 226, 69, 225, 69, 1, 0, 0.0, 1.0
136, 13, 1261, 212, 1261, 212, 0, 0, 0.0, 0.0
136, 14, 839, 414, 839, 418, 0, -4, -1.5707963267948966, 4.0
136, 15, 588, 107, 588, 108, 0, -1, -1.5707963267948966, 1.0
136, 16, 1069, 234, 1071, 238, -2, -4, -2.0344439357957027, 4.47213595499958
136, 17, 123, 521, 122, 519, 1, 2, 1.1071487177940904, 2.23606797749979
136, 18, 1085, 185, 1087, 189, -2, -4, -2.0344439357957027, 4.47213595499958
136, 19, 400, 461, 402, 459, -2, 2, 2.356194490192345, 2.8284271247461903
136, 20, 711, 285, 711, 288, 0, -3, -1.5707963267948966, 3.0
136, 21, 540, 30, 540, 31, 0, -1, -1.5707963267948966, 1.0
136, 22, 223, 22, 220, 24, 3, -2, -0.5880026035475675, 3.605551275463989
136, 23, 778, 167, 778, 169, 0, -2, -1.5707963267948966, 2.0
136, 24, 461, 521, 462, 525, -1, -4, -1.8157749899217608, 4.123105625617661
136, 25, 332, 357, 332, 358, 0, -1, -1.5707963267948966, 1.0
136, 26, 307, 330, 307, 331, 0, -1, -1.5707963267948966, 1.0
136, 27, 467, 125, 468, 127, -1, -2, -2.0344439357957027, 2.23606797749979
136, 28, 224, 80, 223, 79, 1, 1, 0.7853981633974483, 1.4142135623730951
136, 29, 464, 135, 465, 138, -1, -3, -1.892546881191539, 3.1622776601683795
136, 30, 293, 323, 293, 324, 0, -1, -1.5707963267948966, 1.0
136, 31, 628, 83, 628, 83, 0, 0, 0.0, 0.0
136, 32, 449, 543, 451, 547, -2, -4, -2.0344439357957027, 4.47213595499958
136, 33, 384, 408, 385, 405, -1, 3, 1.892546881191539, 3.1622776601683795
136, 34, 497, 466, 496, 471, 1, -5, -1.373400766945016, 5.0990195135927845
136, 35, 801, 148, 802, 150, -1, -2, -2.0344439357957027, 2.23606797749979
136, 36, 1056, 227, 1058, 231, -2, -4, -2.0344439357957027, 4.47213595499958
136, 37, 488, 59, 488, 61, 0, -2, -1.5707963267948966, 2.0
136, 38, 1174, 165, 1174, 164, 0, 1, 1.5707963267948966, 1.0
136, 39, 547, 22, 547, 23, 0, -1, -1.5707963267948966, 1.0
136, 40, 1223, 290, 1223, 288, 0, 2, 1.5707963267948966, 2.0
136, 41, 1236, 685, 1236, 681, 0, 4, 1.5707963267948966, 4.0
136, 42, 547, 100, 547, 101, 0, -1, -1.5707963267948966, 1.0
136, 43, 266, 342, 266, 343, 0, -1, -1.5707963267948966, 1.0
136, 44, 691, 381, 690, 385, 1, -4, -1.3258176636680326, 4.123105625617661
136, 45, 258, 370, 258, 371, 0, -1, -1.5707963267948966, 1.0
136, 46, 235, 84, 235, 85, 0, -1, -1.5707963267948966, 1.0
136, 47, 671, 255, 672, 252, -1, 3, 1.892546881191539, 3.1622776601683795
136, 48, 495, 84, 496, 86, -1, -2, -2.0344439357957027, 2.23606797749979
136, 49, 317, 394, 317, 395, 0, -1, -1.5707963267948966, 1.0
136, 50, 713, 413, 712, 415, 1, -2, -1.1071487177940904, 2.23606797749979
136, 51, 704, 382, 705, 387, -1, -5, -1.7681918866447774, 5.0990195135927845
136, 52, 790, 125, 790, 127, 0, -2, -1.5707963267948966, 2.0
136, 53, 560, 97, 559, 99, 1, -2, -1.1071487177940904, 2.23606797749979
136, 54, 771, 195, 769, 192, 2, 3, 0.982793723247329, 3.605551275463989
136, 55, 258, 377, 258, 378, 0, -1, -1.5707963267948966, 1.0
136, 56, 265, 384, 265, 385, 0, -1, -1.5707963267948966, 1.0
136, 57, 658, 701, 660, 717, -2, -16, -1.695151321341658, 16.1245154965971
136, 58, 644, 312, 645, 309, -1, 3, 1.892546881191539, 3.1622776601683795
136, 59, 1261, 217, 1268, 217, -7, 0, 3.141592653589793, 7.0
136, 60, 776, 152, 776, 156, 0, -4, -1.5707963267948966, 4.0
136, 61, 481, 220, 481, 222, 0, -2, -1.5707963267948966, 2.0
136, 62, 939, 22, 939, 23, 0, -1, -1.5707963267948966, 1.0
136, 63, 1076, 172, 1079, 176, -3, -4, -2.214297435588181, 5.0
136, 64, 1193, 345, 1193, 345, 0, 0, 0.0, 0.0
136, 65, 784, 194, 783, 192, 1, 2, 1.1071487177940904, 2.23606797749979
136, 66, 253, 392, 253, 393, 0, -1, -1.5707963267948966, 1.0
136, 67, 477, 134, 477, 136, 0, -2, -1.5707963267948966, 2.0
136, 68, 603, 369, 604, 365, -1, 4, 1.8157749899217608, 4.123105625617661
136, 69, 657, 239, 658, 236, -1, 3, 1.892546881191539, 3.1622776601683795
136, 70, 1059, 259, 1059, 260, 0, -1, -1.5707963267948966, 1.0
136, 71, 740, 267, 740, 272, 0, -5, -1.5707963267948966, 5.0
136, 72, 699, 389, 699, 394, 0, -5, -1.5707963267948966, 5.0
136, 73, 775, 187, 773, 185, 2, 2, 0.7853981633974483, 2.8284271247461903
136, 74, 222, 31, 219, 33, 3, -2, -0.5880026035475675, 3.605551275463989
136, 75, 105, 560, 104, 558, 1, 2, 1.1071487177940904, 2.23606797749979
136, 76, 866, 446, 866, 450, 0, -4, -1.5707963267948966, 4.0
136, 77, 937, 105, 937, 106, 0, -1, -1.5707963267948966, 1.0
136, 78, 98, 469, 96, 467, 2, 2, 0.7853981633974483, 2.8284271247461903
136, 79, 482, 110, 482, 112, 0, -2, -1.5707963267948966, 2.0
136, 80, 1084, 172, 1086, 176, -2, -4, -2.0344439357957027, 4.47213595499958
136, 81, 247, 408, 247, 409, 0, -1, -1.5707963267948966, 1.0
136, 82, 764, 250, 764, 251, 0, -1, -1.5707963267948966, 1.0
136, 83, 910, 19, 908, 20, 2, -1, -0.4636476090008061, 2.23606797749979
136, 84, 776, 30, 776, 31, 0, -1, -1.5707963267948966, 1.0
136, 85, 392, 380, 393, 376, -1, 4, 1.8157749899217608, 4.123105625617661
136, 86, 1167, 77, 1166, 77, 1, 0, 0.0, 1.0
136, 87, 222, 62, 221, 63, 1, -1, -0.7853981633974483, 1.4142135623730951
136, 88, 264, 394, 264, 395, 0, -1, -1.5707963267948966, 1.0
136, 89, 329, 369, 329, 370, 0, -1, -1.5707963267948966, 1.0
136, 90, 331, 410, 331, 411, 0, -1, -1.5707963267948966, 1.0
136, 91, 301, 387, 301, 388, 0, -1, -1.5707963267948966, 1.0
136, 92, 1211, 11, 1211, 12, 0, -1, -1.5707963267948966, 1.0
136, 93, 385, 378, 385, 375, 0, 3, 1.5707963267948966, 3.0
136, 94, 1164, 112, 1163, 112, 1, 0, 0.0, 1.0
136, 95, 397, 343, 398, 342, -1, 1, 2.356194490192345, 1.4142135623730951
136, 96, 625, 420, 625, 421, 0, -1, -1.5707963267948966, 1.0
136, 97, 633, 400, 633, 396, 0, 4, 1.5707963267948966, 4.0
136, 98, 253, 348, 253, 349, 0, -1, -1.5707963267948966, 1.0
136, 99, 245, 329, 245, 329, 0, 0, 0.0, 0.0
136, 100, 370, 408, 371, 405, -1, 3, 1.892546881191539, 3.1622776601683795
136, 101, 1181, 68, 1179, 68, 2, 0, 0.0, 2.0
136, 102, 647, 342, 648, 339, -1, 3, 1.892546881191539, 3.1622776601683795
136, 103, 677, 423, 677, 426, 0, -3, -1.5707963267948966, 3.0
136, 104, 828, 466, 827, 469, 1, -3, -1.2490457723982544, 3.1622776601683795
136, 105, 828, 420, 829, 424, -1, -4, -1.8157749899217608, 4.123105625617661
136, 106, 359, 338, 360, 337, -1, 1, 2.356194490192345, 1.4142135623730951
136, 107, 1224, 248, 1224, 247, 0, 1, 1.5707963267948966, 1.0
136, 108, 1204, 317, 1204, 314, 0, 3, 1.5707963267948966, 3.0
136, 109, 1202, 65, 1201, 65, 1, 0, 0.0, 1.0
136, 110, 633, 167, 633, 167, 0, 0, 0.0, 0.0
136, 111, 743, 298, 744, 302, -1, -4, -1.8157749899217608, 4.123105625617661
136, 112, 1261, 255, 1277, 256, -16, -1, -3.079173843593836, 16.0312195418814
136, 113, 619, 318, 619, 317, 0, 1, 1.5707963267948966, 1.0
136, 114, 579, 99, 579, 100, 0, -1, -1.5707963267948966, 1.0
136, 115, 474, 530, 474, 533, 0, -3, -1.5707963267948966, 3.0
136, 116, 1203, 105, 1202, 105, 1, 0, 0.0, 1.0
136, 117, 654, 247, 655, 244, -1, 3, 1.892546881191539, 3.1622776601683795
136, 118, 1185, 296, 1186, 292, -1, 4, 1.8157749899217608, 4.123105625617661
136, 119, 1150, 206, 1151, 206, -1, 0, 3.141592653589793, 1.0
136, 120, 843, 500, 843, 501, 0, -1, -1.5707963267948966, 1.0
136, 121, 1074, 273, 1075, 277, -1, -4, -1.8157749899217608, 4.123105625617661
136, 122, 485, 85, 486, 87, -1, -2, -2.0344439357957027, 2.23606797749979
136, 123, 924, 98, 924, 99, 0, -1, -1.5707963267948966, 1.0
136, 124, 1162, 212, 1163, 210, -1, 2, 2.0344439357957027, 2.23606797749979
136, 125, 1073, 186, 1076, 190, -3, -4, -2.214297435588181, 5.0
136, 126, 1183, 109, 1182, 108, 1, 1, 0.7853981633974483, 1.4142135623730951
136, 127, 1185, 116, 1184, 115, 1, 1, 0.7853981633974483, 1.4142135623730951
136, 128, 828, 513, 828, 521, 0, -8, -1.5707963267948966, 8.0
136, 129, 153, 34, 154, 34, -1, 0, 3.141592653589793, 1.0
136, 130, 272, 328, 272, 329, 0, -1, -1.5707963267948966, 1.0
136, 131, 379, 315, 380, 314, -1, 1, 2.356194490192345, 1.4142135623730951
136, 132, 500, 550, 501, 558, -1, -8, -1.695151321341658, 8.06225774829855
136, 133, 155, 72, 156, 71, -1, 1, 2.356194490192345, 1.4142135623730951
136, 134, 1220, 241, 1220, 240, 0, 1, 1.5707963267948966, 1.0
136, 135, 1210, 249, 1209, 248, 1, 1, 0.7853981633974483, 1.4142135623730951
136, 136, 240, 318, 240, 319, 0, -1, -1.5707963267948966, 1.0
136, 137, 152, 57, 153, 57, -1, 0, 3.141592653589793, 1.0
136, 138, 508, 476, 508, 481, 0, -5, -1.5707963267948966, 5.0
136, 139, 933, 97, 933, 98, 0, -1, -1.5707963267948966, 1.0
136, 140, 850, 397, 849, 403, 1, -6, -1.4056476493802699, 6.082762530298219
136, 141, 487, 162, 488, 164, -1, -2, -2.0344439357957027, 2.23606797749979
136, 142, 623, 122, 623, 121, 0, 1, 1.5707963267948966, 1.0
136, 143, 509, 536, 509, 539, 0, -3, -1.5707963267948966, 3.0
136, 144, 780, 267, 781, 265, -1, 2, 2.0344439357957027, 2.23606797749979
136, 145, 849, 55, 851, 55, -2, 0, 3.141592653589793, 2.0
136, 146, 633, 119, 634, 119, -1, 0, 3.141592653589793, 1.0
136, 147, 277, 311, 277, 312, 0, -1, -1.5707963267948966, 1.0
136, 148, 55, 75, 55, 76, 0, -1, -1.5707963267948966, 1.0
136, 149, 466, 559, 469, 563, -3, -4, -2.214297435588181, 5.0
136, 150, 702, 468, 700, 472, 2, -4, -1.1071487177940904, 4.47213595499958
136, 151, 172, 76, 172, 75, 0, 1, 1.5707963267948966, 1.0
136, 152, 658, 333, 659, 333, -1, 0, 3.141592653589793, 1.0
136, 153, 481, 54, 481, 56, 0, -2, -1.5707963267948966, 2.0
136, 154, 670, 301, 671, 298, -1, 3, 1.892546881191539, 3.1622776601683795
136, 155, 788, 228, 787, 225, 1, 3, 1.2490457723982544, 3.1622776601683795
136, 156, 1213, 241, 1213, 240, 0, 1, 1.5707963267948966, 1.0
136, 157, 722, 353, 723, 358, -1, -5, -1.7681918866447774, 5.0990195135927845
136, 158, 1231, 284, 1231, 282, 0, 2, 1.5707963267948966, 2.0
136, 159, 265, 411, 265, 412, 0, -1, -1.5707963267948966, 1.0
136, 160, 1261, 238, 1265, 238, -4, 0, 3.141592653589793, 4.0
136, 161, 369, 469, 368, 465, 1, 4, 1.3258176636680326, 4.123105625617661
136, 162, 376, 506, 377, 501, -1, 5, 1.7681918866447774, 5.0990195135927845
136, 163, 470, 475, 470, 480, 0, -5, -1.5707963267948966, 5.0
136, 164, 697, 379, 697, 384, 0, -5, -1.5707963267948966, 5.0
136, 165, 1182, 154, 1182, 153, 0, 1, 1.5707963267948966, 1.0
137, 0, 852, 412, 852, 415, 0, -3, -1.5707963267948966, 3.0
137, 1, 261, 347, 261, 347, 0, 0, 0.0, 0.0
137, 2, 828, 439, 827, 439, 1, 0, 0.0, 1.0
137, 3, 277, 321, 277, 322, 0, -1, -1.5707963267948966, 1.0
137, 4, 361, 349, 363, 346, -2, 3, 2.158798930342464, 3.605551275463989
137, 5, 486, 72, 487, 75, -1, -3, -1.892546881191539, 3.1622776601683795
137, 6, 251, 341, 251, 341, 0, 0, 0.0, 0.0
137, 7, 456, 544, 457, 547, -1, -3, -1.892546881191539, 3.1622776601683795
137, 8, 484, 462, 484, 466, 0, -4, -1.5707963267948966, 4.0
137, 9, 82, 477, 80, 475, 2, 2, 0.7853981633974483, 2.8284271247461903
137, 10, 796, 162, 797, 166, -1, -4, -1.8157749899217608, 4.123105625617661
137, 11, 175, 51, 175, 49, 0, 2, 1.5707963267948966, 2.0
137, 12, 228, 67, 226, 69, 2, -2, -0.7853981633974483, 2.8284271247461903
137, 13, 1261, 213, 1261, 212, 0, 1, 1.5707963267948966, 1.0
137, 14, 839, 410, 839, 414, 0, -4, -1.5707963267948966, 4.0
137, 15, 1067, 232, 1069, 234, -2, -2, -2.356194490192345, 2.8284271247461903
137, 16, 125, 523, 123, 521, 2, 2, 0.7853981633974483, 2.8284271247461903
137, 17, 1082, 180, 1085, 185, -3, -5, -2.1112158270654806, 5.830951894845301
137, 18, 398, 461, 400, 461, -2, 0, 3.141592653589793, 2.0
137, 19, 711, 282, 711, 285, 0, -3, -1.5707963267948966, 3.0
137, 20, 541, 29, 540, 30, 1, -1, -0.7853981633974483, 1.4142135623730951
137, 21, 227, 22, 223, 22, 4, 0, 0.0, 4.0
137, 22, 778, 162, 778, 167, 0, -5, -1.5707963267948966, 5.0
137, 23, 461, 516, 461, 521, 0, -5, -1.5707963267948966, 5.0
137, 24, 332, 356, 332, 357, 0, -1, -1.5707963267948966, 1.0
137, 25, 307, 329, 307, 330, 0, -1, -1.5707963267948966, 1.0
137, 26, 466, 120, 467, 125, -1, -5, -1.7681918866447774, 5.0990195135927845
137, 27, 226, 80, 224, 80, 2, 0, 0.0, 2.0
137, 28, 463, 130, 464, 135, -1, -5, -1.7681918866447774, 5.0990195135927845
137, 29, 293, 322, 293, 323, 0, -1, -1.5707963267948966, 1.0
137, 30, 627, 85, 628, 83, -1, 2, 2.0344439357957027, 2.23606797749979
137, 31, 448, 539, 449, 543, -1, -4, -1.8157749899217608, 4.123105625617661
137, 32, 382, 410, 384, 408, -2, 2, 2.356194490192345, 2.8284271247461903
137, 33, 498, 462, 497, 466, 1, -4, -1.3258176636680326, 4.123105625617661
137, 34, 801, 143, 801, 148, 0, -5, -1.5707963267948966, 5.0
137, 35, 1054, 223, 1056, 227, -2, -4, -2.0344439357957027, 4.47213595499958
137, 36, 488, 57, 488, 59, 0, -2, -1.5707963267948966, 2.0
137, 37, 1174, 169, 1174, 165, 0, 4, 1.5707963267948966, 4.0
137, 38, 548, 21, 547, 22, 1, -1, -0.7853981633974483, 1.4142135623730951
137, 39, 1225, 293, 1223, 290, 2, 3, 0.982793723247329, 3.605551275463989
137, 40, 1236, 690, 1236, 685, 0, 5, 1.5707963267948966, 5.0
137, 41, 547, 99, 547, 100, 0, -1, -1.5707963267948966, 1.0
137, 42, 266, 341, 266, 342, 0, -1, -1.5707963267948966, 1.0
137, 43, 693, 378, 691, 381, 2, -3, -0.982793723247329, 3.605551275463989
137, 44, 258, 369, 258, 370, 0, -1, -1.5707963267948966, 1.0
137, 45, 236, 83, 235, 84, 1, -1, -0.7853981633974483, 1.4142135623730951
137, 46, 670, 258, 671, 255, -1, 3, 1.892546881191539, 3.1622776601683795
137, 47, 494, 81, 495, 84, -1, -3, -1.892546881191539, 3.1622776601683795
137, 48, 317, 393, 317, 394, 0, -1, -1.5707963267948966, 1.0
137, 49, 714, 414, 713, 413, 1, 1, 0.7853981633974483, 1.4142135623730951
137, 50, 703, 378, 704, 382, -1, -4, -1.8157749899217608, 4.123105625617661
137, 51, 790, 120, 790, 125, 0, -5, -1.5707963267948966, 5.0
137, 52, 561, 94, 560, 97, 1, -3, -1.2490457723982544, 3.1622776601683795
137, 53, 773, 197, 771, 195, 2, 2, 0.7853981633974483, 2.8284271247461903
137, 54, 258, 376, 258, 377, 0, -1, -1.5707963267948966, 1.0
137, 55, 265, 383, 265, 384, 0, -1, -1.5707963267948966, 1.0
137, 56, 658, 700, 658, 701, 0, -1, -1.5707963267948966, 1.0
137, 57, 643, 315, 644, 312, -1, 3, 1.892546881191539, 3.1622776601683795
137, 58, 1261, 217, 1261, 217, 0, 0, 0.0, 0.0
137, 59, 776, 149, 776, 152, 0, -3, -1.5707963267948966, 3.0
137, 60, 481, 216, 481, 220, 0, -4, -1.5707963267948966, 4.0
137, 61, 939, 21, 939, 22, 0, -1, -1.5707963267948966, 1.0
137, 62, 1073, 167, 1076, 172, -3, -5, -2.1112158270654806, 5.830951894845301
137, 63, 1193, 344, 1193, 345, 0, -1, -1.5707963267948966, 1.0
137, 64, 785, 196, 784, 194, 1, 2, 1.1071487177940904, 2.23606797749979
137, 65, 253, 391, 253, 392, 0, -1, -1.5707963267948966, 1.0
137, 66, 477, 131, 477, 134, 0, -3, -1.5707963267948966, 3.0
137, 67, 603, 372, 603, 369, 0, 3, 1.5707963267948966, 3.0
137, 68, 655, 243, 657, 239, -2, 4, 2.0344439357957027, 4.47213595499958
137, 69, 1059, 258, 1059, 259, 0, -1, -1.5707963267948966, 1.0
137, 70, 740, 261, 740, 267, 0, -6, -1.5707963267948966, 6.0
137, 71, 699, 385, 699, 389, 0, -4, -1.5707963267948966, 4.0
137, 72, 777, 189, 775, 187, 2, 2, 0.7853981633974483, 2.8284271247461903
137, 73, 225, 31, 222, 31, 3, 0, 0.0, 3.0
137, 74, 107, 561, 105, 560, 2, 1, 0.4636476090008061, 2.23606797749979
137, 75, 864, 444, 866, 446, -2, -2, -2.356194490192345, 2.8284271247461903
137, 76, 937, 104, 937, 105, 0, -1, -1.5707963267948966, 1.0
137, 77, 100, 472, 98, 469, 2, 3, 0.982793723247329, 3.605551275463989
137, 78, 481, 108, 482, 110, -1, -2, -2.0344439357957027, 2.23606797749979
137, 79, 1081, 167, 1084, 172, -3, -5, -2.1112158270654806, 5.830951894845301
137, 80, 247, 407, 247, 408, 0, -1, -1.5707963267948966, 1.0
137, 81, 765, 250, 764, 250, 1, 0, 0.0, 1.0
137, 82, 908, 18, 910, 19, -2, -1, -2.677945044588987, 2.23606797749979
137, 83, 776, 29, 776, 30, 0, -1, -1.5707963267948966, 1.0
137, 84, 390, 381, 392, 380, -2, 1, 2.677945044588987, 2.23606797749979
137, 85, 1170, 79, 1167, 77, 3, 2, 0.5880026035475675, 3.605551275463989
137, 86, 225, 61, 222, 62, 3, -1, -0.3217505543966422, 3.1622776601683795
137, 87, 264, 393, 264, 394, 0, -1, -1.5707963267948966, 1.0
137, 88, 329, 369, 329, 369, 0, 0, 0.0, 0.0
137, 89, 331, 410, 331, 410, 0, 0, 0.0, 0.0
137, 90, 301, 387, 301, 387, 0, 0, 0.0, 0.0
137, 91, 1211, 10, 1211, 11, 0, -1, -1.5707963267948966, 1.0
137, 92, 384, 378, 385, 378, -1, 0, 3.141592653589793, 1.0
137, 93, 1165, 113, 1164, 112, 1, 1, 0.7853981633974483, 1.4142135623730951
137, 94, 395, 347, 397, 343, -2, 4, 2.0344439357957027, 4.47213595499958
137, 95, 625, 420, 625, 420, 0, 0, 0.0, 0.0
137, 96, 633, 402, 633, 400, 0, 2, 1.5707963267948966, 2.0
137, 97, 253, 348, 253, 348, 0, 0, 0.0, 0.0
137, 98, 245, 329, 245, 329, 0, 0, 0.0, 0.0
137, 99, 370, 411, 370, 408, 0, 3, 1.5707963267948966, 3.0
137, 100, 1184, 70, 1181, 68, 3, 2, 0.5880026035475675, 3.605551275463989
137, 101, 646, 347, 647, 342, -1, 5, 1.7681918866447774, 5.0990195135927845
137, 102, 677, 420, 677, 423, 0, -3, -1.5707963267948966, 3.0
137, 103, 831, 464, 828, 466, 3, -2, -0.5880026035475675, 3.605551275463989
137, 104, 827, 416, 828, 420, -1, -4, -1.8157749899217608, 4.123105625617661
137, 105, 357, 341, 359, 338, -2, 3, 2.158798930342464, 3.605551275463989
137, 106, 1226, 252, 1224, 248, 2, 4, 1.1071487177940904, 4.47213595499958
137, 107, 1205, 320, 1204, 317, 1, 3, 1.2490457723982544, 3.1622776601683795
137, 108, 1205, 66, 1202, 65, 3, 1, 0.3217505543966422, 3.1622776601683795
137, 109, 633, 168, 633, 167, 0, 1, 1.5707963267948966, 1.0
137, 110, 743, 295, 743, 298, 0, -3, -1.5707963267948966, 3.0
137, 111, 1261, 256, 1261, 255, 0, 1, 1.5707963267948966, 1.0
137, 112, 620, 322, 619, 318, 1, 4, 1.3258176636680326, 4.123105625617661
137, 113, 474, 526, 474, 530, 0, -4, -1.5707963267948966, 4.0
137, 114, 1205, 107, 1203, 105, 2, 2, 0.7853981633974483, 2.8284271247461903
137, 115, 653, 251, 654, 247, -1, 4, 1.8157749899217608, 4.123105625617661
137, 116, 1185, 300, 1185, 296, 0, 4, 1.5707963267948966, 4.0
137, 117, 1150, 205, 1150, 206, 0, -1, -1.5707963267948966, 1.0
137, 118, 843, 499, 843, 500, 0, -1, -1.5707963267948966, 1.0
137, 119, 1071, 267, 1074, 273, -3, -6, -2.0344439357957027, 6.708203932499369
137, 120, 484, 82, 485, 85, -1, -3, -1.892546881191539, 3.1622776601683795
137, 121, 924, 97, 924, 98, 0, -1, -1.5707963267948966, 1.0
137, 122, 1161, 214, 1162, 212, -1, 2, 2.0344439357957027, 2.23606797749979
137, 123, 1070, 183, 1073, 186, -3, -3, -2.356194490192345, 4.242640687119285
137, 124, 1185, 110, 1183, 109, 2, 1, 0.4636476090008061, 2.23606797749979
137, 125, 1187, 118, 1185, 116, 2, 2, 0.7853981633974483, 2.8284271247461903
137, 126, 829, 504, 828, 513, 1, -9, -1.460139105621001, 9.055385138137417
137, 127, 153, 36, 153, 34, 0, 2, 1.5707963267948966, 2.0
137, 128, 272, 327, 272, 328, 0, -1, -1.5707963267948966, 1.0
137, 129, 377, 318, 379, 315, -2, 3, 2.158798930342464, 3.605551275463989
137, 130, 499, 542, 500, 550, -1, -8, -1.695151321341658, 8.06225774829855
137, 131, 155, 74, 155, 72, 0, 2, 1.5707963267948966, 2.0
137, 132, 1222, 244, 1220, 241, 2, 3, 0.982793723247329, 3.605551275463989
137, 133, 1212, 252, 1210, 249, 2, 3, 0.982793723247329, 3.605551275463989
137, 134, 240, 317, 240, 318, 0, -1, -1.5707963267948966, 1.0
137, 135, 152, 59, 152, 57, 0, 2, 1.5707963267948966, 2.0
137, 136, 510, 472, 508, 476, 2, -4, -1.1071487177940904, 4.47213595499958
137, 137, 933, 96, 933, 97, 0, -1, -1.5707963267948966, 1.0
137, 138, 851, 391, 850, 397, 1, -6, -1.4056476493802699, 6.082762530298219
137, 139, 486, 157, 487, 162, -1, -5, -1.7681918866447774, 5.0990195135927845
137, 140, 623, 124, 623, 122, 0, 2, 1.5707963267948966, 2.0
137, 141, 509, 532, 509, 536, 0, -4, -1.5707963267948966, 4.0
137, 142, 781, 268, 780, 267, 1, 1, 0.7853981633974483, 1.4142135623730951
137, 143, 848, 56, 849, 55, -1, 1, 2.356194490192345, 1.4142135623730951
137, 144, 633, 121, 633, 119, 0, 2, 1.5707963267948966, 2.0
137, 145, 277, 310, 277, 311, 0, -1, -1.5707963267948966, 1.0
137, 146, 55, 75, 55, 75, 0, 0, 0.0, 0.0
137, 147, 463, 555, 466, 559, -3, -4, -2.214297435588181, 5.0
137, 148, 701, 463, 702, 468, -1, -5, -1.7681918866447774, 5.0990195135927845
137, 149, 172, 77, 172, 76, 0, 1, 1.5707963267948966, 1.0
137, 150, 481, 51, 481, 54, 0, -3, -1.5707963267948966, 3.0
137, 151, 669, 303, 670, 301, -1, 2, 2.0344439357957027, 2.23606797749979
137, 152, 791, 230, 788, 228, 3, 2, 0.5880026035475675, 3.605551275463989
137, 153, 1215, 244, 1213, 241, 2, 3, 0.982793723247329, 3.605551275463989
137, 154, 721, 347, 722, 353, -1, -6, -1.7359450042095235, 6.082762530298219
137, 155, 1233, 287, 1231, 284, 2, 3, 0.982793723247329, 3.605551275463989
137, 156, 265, 410, 265, 411, 0, -1, -1.5707963267948966, 1.0
137, 157, 1261, 239, 1261, 238, 0, 1, 1.5707963267948966, 1.0
137, 158, 369, 473, 369, 469, 0, 4, 1.5707963267948966, 4.0
137, 159, 376, 512, 376, 506, 0, 6, 1.5707963267948966, 6.0
137, 160, 471, 470, 470, 475, 1, -5, -1.373400766945016, 5.0990195135927845
137, 161, 697, 374, 697, 379, 0, -5, -1.5707963267948966, 5.0
137, 162, 1182, 157, 1182, 154, 0, 3, 1.5707963267948966, 3.0
138, 0, 261, 346, 261, 347, 0, -1, -1.5707963267948966, 1.0
138, 1, 359, 347, 360, 346, -1, 1, 2.356194490192345, 1.4142135623730951
138, 2, 252, 341, 252, 342, 0, -1, -1.5707963267948966, 1.0
138, 3, 175, 50, 175, 50, 0, 0, 0.0, 0.0
138, 4, 712, 287, 713, 290, -1, -3, -1.892546881191539, 3.1622776601683795
138, 5, 853, 404, 853, 409, 0, -5, -1.5707963267948966, 5.0
138, 6, 84, 481, 82, 478, 2, 3, 0.982793723247329, 3.605551275463989
138, 7, 487, 73, 488, 75, -1, -2, -2.0344439357957027, 2.23606797749979
138, 8, 823, 440, 823, 440, 0, 0, 0.0, 0.0
138, 9, 840, 403, 841, 407, -1, -4, -1.8157749899217608, 4.123105625617661
138, 10, 628, 86, 628, 85, 0, 1, 1.5707963267948966, 1.0
138, 11, 462, 515, 462, 520, 0, -5, -1.5707963267948966, 5.0
138, 12, 484, 460, 484, 465, 0, -5, -1.5707963267948966, 5.0
138, 13, 279, 322, 279, 323, 0, -1, -1.5707963267948966, 1.0
138, 14, 930, 21, 929, 23, 1, -2, -1.1071487177940904, 2.23606797749979
138, 15, 773, 196, 772, 195, 1, 1, 0.7853981633974483, 1.4142135623730951
138, 16, 1226, 293, 1225, 291, 1, 2, 1.1071487177940904, 2.23606797749979
138, 17, 229, 22, 226, 23, 3, -1, -0.3217505543966422, 3.1622776601683795
138, 18, 307, 330, 307, 331, 0, -1, -1.5707963267948966, 1.0
138, 19, 587, 32, 588, 34, -1, -2, -2.0344439357957027, 2.23606797749979
138, 20, 450, 538, 450, 542, 0, -4, -1.5707963267948966, 4.0
138, 21, 643, 318, 644, 315, -1, 3, 1.892546881191539, 3.1622776601683795
138, 22, 457, 543, 457, 547, 0, -4, -1.5707963267948966, 4.0
138, 23, 1261, 215, 1264, 214, -3, 1, 2.819842099193151, 3.1622776601683795
138, 24, 548, 100, 548, 101, 0, -1, -1.5707963267948966, 1.0
138, 25, 691, 372, 691, 377, 0, -5, -1.5707963267948966, 5.0
138, 26, 541, 29, 541, 30, 0, -1, -1.5707963267948966, 1.0
138, 27, 498, 459, 497, 464, 1, -5, -1.373400766945016, 5.0990195135927845
138, 28, 830, 38, 831, 38, -1, 0, 3.141592653589793, 1.0
138, 29, 463, 130, 464, 134, -1, -4, -1.8157749899217608, 4.123105625617661
138, 30, 798, 162, 798, 165, 0, -3, -1.5707963267948966, 3.0
138, 31, 466, 119, 467, 123, -1, -4, -1.8157749899217608, 4.123105625617661
138, 32, 331, 359, 331, 360, 0, -1, -1.5707963267948966, 1.0
138, 33, 1084, 180, 1085, 184, -1, -4, -1.8157749899217608, 4.123105625617661
138, 34, 1165, 113, 1165, 113, 0, 0, 0.0, 0.0
138, 35, 1261, 219, 1272, 218, -11, 1, 3.050932766389048, 11.045361017187261
138, 36, 292, 321, 292, 322, 0, -1, -1.5707963267948966, 1.0
138, 37, 475, 523, 475, 527, 0, -4, -1.5707963267948966, 4.0
138, 38, 388, 394, 390, 393, -2, 1, 2.677945044588987, 2.23606797749979
138, 39, 379, 399, 380, 397, -1, 2, 2.0344439357957027, 2.23606797749979
138, 40, 382, 414, 384, 411, -2, 3, 2.158798930342464, 3.605551275463989
138, 41, 790, 120, 790, 124, 0, -4, -1.5707963267948966, 4.0
138, 42, 776, 150, 777, 152, -1, -2, -2.0344439357957027, 2.23606797749979
138, 43, 636, 416, 636, 413, 0, 3, 1.5707963267948966, 3.0
138, 44, 802, 142, 802, 146, 0, -4, -1.5707963267948966, 4.0
138, 45, 266, 341, 266, 342, 0, -1, -1.5707963267948966, 1.0
138, 46, 318, 394, 318, 395, 0, -1, -1.5707963267948966, 1.0
138, 47, 670, 260, 671, 257, -1, 3, 1.892546881191539, 3.1622776601683795
138, 48, 548, 21, 548, 22, 0, -1, -1.5707963267948966, 1.0
138, 49, 1175, 169, 1175, 167, 0, 2, 1.5707963267948966, 2.0
138, 50, 265, 384, 265, 385, 0, -1, -1.5707963267948966, 1.0
138, 51, 235, 84, 235, 85, 0, -1, -1.5707963267948966, 1.0
138, 52, 1076, 167, 1077, 171, -1, -4, -1.8157749899217608, 4.123105625617661
138, 53, 1247, 699, 1246, 695, 1, 4, 1.3258176636680326, 4.123105625617661
138, 54, 563, 93, 562, 96, 1, -3, -1.2490457723982544, 3.1622776601683795
138, 55, 700, 382, 700, 387, 0, -5, -1.5707963267948966, 5.0
138, 56, 495, 82, 496, 84, -1, -2, -2.0344439357957027, 2.23606797749979
138, 57, 253, 391, 253, 392, 0, -1, -1.5707963267948966, 1.0
138, 58, 258, 369, 258, 370, 0, -1, -1.5707963267948966, 1.0
138, 59, 257, 381, 257, 382, 0, -1, -1.5707963267948966, 1.0
138, 60, 781, 267, 781, 268, 0, -1, -1.5707963267948966, 1.0
138, 61, 86, 537, 85, 536, 1, 1, 0.7853981633974483, 1.4142135623730951
138, 62, 937, 104, 937, 105, 0, -1, -1.5707963267948966, 1.0
138, 63, 706, 375, 706, 380, 0, -5, -1.5707963267948966, 5.0
138, 64, 481, 107, 482, 109, -1, -2, -2.0344439357957027, 2.23606797749979
138, 65, 245, 328, 245, 329, 0, -1, -1.5707963267948966, 1.0
138, 66, 777, 162, 778, 165, -1, -3, -1.892546881191539, 3.1622776601683795
138, 67, 660, 244, 662, 241, -2, 3, 2.158798930342464, 3.605551275463989
138, 68, 939, 21, 939, 23, 0, -2, -1.5707963267948966, 2.0
138, 69, 489, 59, 489, 61, 0, -2, -1.5707963267948966, 2.0
138, 70, 228, 66, 227, 67, 1, -1, -0.7853981633974483, 1.4142135623730951
138, 71, 842, 458, 842, 460, 0, -2, -1.5707963267948966, 2.0
138, 72, 1204, 66, 1203, 66, 1, 0, 0.0, 1.0
138, 73, 713, 414, 713, 415, 0, -1, -1.5707963267948966, 1.0
138, 74, 1261, 255, 1277, 255, -16, 0, 3.141592653589793, 16.0
138, 75, 1059, 258, 1059, 259, 0, -1, -1.5707963267948966, 1.0
138, 76, 1203, 331, 1203, 328, 0, 3, 1.5707963267948966, 3.0
138, 77, 477, 130, 477, 133, 0, -3, -1.5707963267948966, 3.0
138, 78, 248, 408, 248, 409, 0, -1, -1.5707963267948966, 1.0
138, 79, 483, 214, 483, 219, 0, -5, -1.5707963267948966, 5.0
138, 80, 263, 393, 263, 394, 0, -1, -1.5707963267948966, 1.0
138, 81, 778, 189, 777, 188, 1, 1, 0.7853981633974483, 1.4142135623730951
138, 82, 1170, 79, 1169, 78, 1, 1, 0.7853981633974483, 1.4142135623730951
138, 83, 832, 410, 831, 415, 1, -5, -1.373400766945016, 5.0990195135927845
138, 84, 378, 320, 379, 317, -1, 3, 1.892546881191539, 3.1622776601683795
138, 85, 580, 24, 581, 26, -1, -2, -2.0344439357957027, 2.23606797749979
138, 86, 1055, 222, 1056, 226, -1, -4, -1.8157749899217608, 4.123105625617661
138, 87, 1073, 263, 1076, 268, -3, -5, -2.1112158270654806, 5.830951894845301
138, 88, 1211, 11, 1211, 12, 0, -1, -1.5707963267948966, 1.0
138, 89, 102, 475, 100, 471, 2, 4, 1.1071487177940904, 4.47213595499958
138, 90, 625, 420, 625, 420, 0, 0, 0.0, 0.0
138, 91, 228, 32, 225, 33, 3, -1, -0.3217505543966422, 3.1622776601683795
138, 92, 331, 410, 331, 411, 0, -1, -1.5707963267948966, 1.0
138, 93, 1193, 345, 1193, 345, 0, 0, 0.0, 0.0
138, 94, 620, 322, 620, 320, 0, 2, 1.5707963267948966, 2.0
138, 95, 1209, 325, 1208, 322, 1, 3, 1.2490457723982544, 3.1622776601683795
138, 96, 329, 369, 329, 370, 0, -1, -1.5707963267948966, 1.0
138, 97, 509, 517, 508, 520, 1, -3, -1.2490457723982544, 3.1622776601683795
138, 98, 242, 79, 241, 80, 1, -1, -0.7853981633974483, 1.4142135623730951
138, 99, 226, 52, 223, 53, 3, -1, -0.3217505543966422, 3.1622776601683795
138, 100, 396, 347, 397, 345, -1, 2, 2.0344439357957027, 2.23606797749979
138, 101, 741, 261, 741, 266, 0, -5, -1.5707963267948966, 5.0
138, 102, 1227, 251, 1226, 250, 1, 1, 0.7853981633974483, 1.4142135623730951
138, 103, 510, 470, 509, 475, 1, -5, -1.373400766945016, 5.0990195135927845
138, 104, 493, 586, 494, 589, -1, -3, -1.892546881191539, 3.1622776601683795
138, 105, 254, 348, 254, 349, 0, -1, -1.5707963267948966, 1.0
138, 106, 633, 168, 633, 167, 0, 1, 1.5707963267948966, 1.0
138, 107, 282, 347, 282, 348, 0, -1, -1.5707963267948966, 1.0
138, 108, 301, 387, 301, 388, 0, -1, -1.5707963267948966, 1.0
138, 109, 652, 252, 654, 249, -2, 3, 2.158798930342464, 3.605551275463989
138, 110, 1162, 214, 1162, 214, 0, 0, 0.0, 0.0
138, 111, 925, 98, 925, 99, 0, -1, -1.5707963267948966, 1.0
138, 112, 1151, 204, 1151, 205, 0, -1, -1.5707963267948966, 1.0
138, 113, 1186, 120, 1185, 119, 1, 1, 0.7853981633974483, 1.4142135623730951
138, 114, 1186, 304, 1186, 301, 0, 3, 1.5707963267948966, 3.0
138, 115, 240, 65, 238, 66, 2, -1, -0.4636476090008061, 2.23606797749979
138, 116, 660, 331, 660, 332, 0, -1, -1.5707963267948966, 1.0
138, 117, 1183, 70, 1182, 70, 1, 0, 0.0, 1.0
138, 118, 485, 83, 486, 85, -1, -2, -2.0344439357957027, 2.23606797749979
138, 119, 622, 167, 623, 165, -1, 2, 2.0344439357957027, 2.23606797749979
138, 120, 154, 35, 154, 35, 0, 0, 0.0, 0.0
138, 121, 1234, 286, 1233, 285, 1, 1, 0.7853981633974483, 1.4142135623730951
138, 122, 272, 327, 272, 328, 0, -1, -1.5707963267948966, 1.0
138, 123, 121, 581, 120, 580, 1, 1, 0.7853981633974483, 1.4142135623730951
138, 124, 464, 552, 465, 557, -1, -5, -1.7681918866447774, 5.0990195135927845
138, 125, 792, 232, 791, 230, 1, 2, 1.1071487177940904, 2.23606797749979
138, 126, 843, 497, 843, 500, 0, -3, -1.5707963267948966, 3.0
138, 127, 933, 97, 933, 98, 0, -1, -1.5707963267948966, 1.0
138, 128, 623, 123, 623, 122, 0, 1, 1.5707963267948966, 1.0
138, 129, 131, 527, 130, 525, 1, 2, 1.1071487177940904, 2.23606797749979
138, 130, 1211, 252, 1210, 251, 1, 1, 0.7853981633974483, 1.4142135623730951
138, 131, 365, 310, 366, 308, -1, 2, 2.0344439357957027, 2.23606797749979
138, 132, 782, 18, 782, 19, 0, -1, -1.5707963267948966, 1.0
138, 133, 496, 545, 497, 547, -1, -2, -2.0344439357957027, 2.23606797749979
138, 134, 700, 417, 700, 422, 0, -5, -1.5707963267948966, 5.0
138, 135, 501, 157, 501, 159, 0, -2, -1.5707963267948966, 2.0
138, 136, 695, 454, 696, 457, -1, -3, -1.892546881191539, 3.1622776601683795
138, 137, 699, 371, 699, 376, 0, -5, -1.5707963267948966, 5.0
138, 138, 1072, 180, 1074, 184, -2, -4, -2.0344439357957027, 4.47213595499958
138, 139, 156, 78, 157, 76, -1, 2, 2.0344439357957027, 2.23606797749979
138, 140, 1222, 243, 1221, 242, 1, 1, 0.7853981633974483, 1.4142135623730951
138, 141, 646, 374, 646, 375, 0, -1, -1.5707963267948966, 1.0
138, 142, 940, 35, 940, 36, 0, -1, -1.5707963267948966, 1.0
138, 143, 605, 382, 605, 378, 0, 4, 1.5707963267948966, 4.0
138, 144, 901, 19, 901, 20, 0, -1, -1.5707963267948966, 1.0
138, 145, 267, 350, 267, 351, 0, -1, -1.5707963267948966, 1.0
138, 146, 774, 241, 773, 239, 1, 2, 1.1071487177940904, 2.23606797749979
138, 147, 279, 310, 279, 311, 0, -1, -1.5707963267948966, 1.0
138, 148, 721, 345, 722, 348, -1, -3, -1.892546881191539, 3.1622776601683795
138, 149, 488, 447, 488, 452, 0, -5, -1.5707963267948966, 5.0
138, 150, 850, 386, 850, 392, 0, -6, -1.5707963267948966, 6.0
138, 151, 669, 309, 670, 306, -1, 3, 1.892546881191539, 3.1622776601683795
138, 152, 55, 75, 55, 76, 0, -1, -1.5707963267948966, 1.0
138, 153, 744, 292, 744, 296, 0, -4, -1.5707963267948966, 4.0
138, 154, 552, 30, 552, 31, 0, -1, -1.5707963267948966, 1.0
138, 155, 908, 18, 908, 19, 0, -1, -1.5707963267948966, 1.0
138, 156, 172, 76, 173, 75, -1, 1, 2.356194490192345, 1.4142135623730951
138, 157, 265, 411, 265, 412, 0, -1, -1.5707963267948966, 1.0
138, 158, 1183, 158, 1183, 156, 0, 2, 1.5707963267948966, 2.0
138, 159, 776, 30, 776, 31, 0, -1, -1.5707963267948966, 1.0
138, 160, 275, 350, 275, 351, 0, -1, -1.5707963267948966, 1.0
138, 161, 747, 33, 747, 35, 0, -2, -1.5707963267948966, 2.0
138, 162, 368, 476, 369, 472, -1, 4, 1.8157749899217608, 4.123105625617661
138, 163, 766, 252, 765, 251, 1, 1, 0.7853981633974483, 1.4142135623730951
138, 164, 689, 20, 689, 21, 0, -1, -1.5707963267948966, 1.0
138, 165, 83, 468, 81, 465, 2, 3, 0.982793723247329, 3.605551275463989
138, 166, 483, 134, 483, 137, 0, -3, -1.5707963267948966, 3.0
138, 167, 153, 58, 153, 57, 0, 1, 1.5707963267948966, 1.0
138, 168, 694, 358, 694, 363, 0, -5, -1.5707963267948966, 5.0
138, 169, 476, 204, 476, 206, 0, -2, -1.5707963267948966, 2.0
138, 170, 705, 359, 705, 364, 0, -5, -1.5707963267948966, 5.0
138, 171, 370, 416, 371, 412, -1, 4, 1.8157749899217608, 4.123105625617661
139, 0, 358, 349, 359, 347, -1, 2, 2.0344439357957027, 2.23606797749979
139, 1, 175, 50, 175, 50, 0, 0, 0.0, 0.0
139, 2, 711, 285, 712, 287, -1, -2, -2.0344439357957027, 2.23606797749979
139, 3, 853, 399, 853, 404, 0, -5, -1.5707963267948966, 5.0
139, 4, 86, 484, 84, 481, 2, 3, 0.982793723247329, 3.605551275463989
139, 5, 486, 70, 487, 73, -1, -3, -1.892546881191539, 3.1622776601683795
139, 6, 822, 441, 823, 440, -1, 1, 2.356194490192345, 1.4142135623730951
139, 7, 840, 398, 840, 403, 0, -5, -1.5707963267948966, 5.0
139, 8, 627, 87, 628, 86, -1, 1, 2.356194490192345, 1.4142135623730951
139, 9, 462, 511, 462, 515, 0, -4, -1.5707963267948966, 4.0
139, 10, 484, 456, 484, 460, 0, -4, -1.5707963267948966, 4.0
139, 11, 279, 321, 279, 322, 0, -1, -1.5707963267948966, 1.0
139, 12, 931, 16, 930, 21, 1, -5, -1.373400766945016, 5.0990195135927845
139, 13, 774, 196, 773, 196, 1, 0, 0.0, 1.0
139, 14, 1226, 295, 1226, 293, 0, 2, 1.5707963267948966, 2.0
139, 15, 232, 21, 229, 22, 3, -1, -0.3217505543966422, 3.1622776601683795
139, 16, 586, 30, 587, 32, -1, -2, -2.0344439357957027, 2.23606797749979
139, 17, 450, 534, 450, 538, 0, -4, -1.5707963267948966, 4.0
139, 18, 643, 321, 643, 318, 0, 3, 1.5707963267948966, 3.0
139, 19, 457, 540, 457, 543, 0, -3, -1.5707963267948966, 3.0
139, 20, 1261, 216, 1261, 215, 0, 1, 1.5707963267948966, 1.0
139, 21, 548, 99, 548, 100, 0, -1, -1.5707963267948966, 1.0
139, 22, 691, 367, 691, 372, 0, -5, -1.5707963267948966, 5.0
139, 23, 541, 28, 541, 29, 0, -1, -1.5707963267948966, 1.0
139, 24, 498, 454, 498, 459, 0, -5, -1.5707963267948966, 5.0
139, 25, 462, 125, 463, 130, -1, -5, -1.7681918866447774, 5.0990195135927845
139, 26, 798, 159, 798, 162, 0, -3, -1.5707963267948966, 3.0
139, 27, 465, 114, 466, 119, -1, -5, -1.7681918866447774, 5.0990195135927845
139, 28, 331, 358, 331, 359, 0, -1, -1.5707963267948966, 1.0
139, 29, 1082, 176, 1084, 180, -2, -4, -2.0344439357957027, 4.47213595499958
139, 30, 1165, 113, 1165, 113, 0, 0, 0.0, 0.0
139, 31, 1261, 220, 1261, 219, 0, 1, 1.5707963267948966, 1.0
139, 32, 475, 519, 475, 523, 0, -4, -1.5707963267948966, 4.0
139, 33, 386, 394, 388, 394, -2, 0, 3.141592653589793, 2.0
139, 34, 377, 401, 379, 399, -2, 2, 2.356194490192345, 2.8284271247461903
139, 35, 380, 417, 382, 414, -2, 3, 2.158798930342464, 3.605551275463989
139, 36, 790, 116, 790, 120, 0, -4, -1.5707963267948966, 4.0
139, 37, 636, 418, 636, 416, 0, 2, 1.5707963267948966, 2.0
139, 38, 802, 138, 802, 142, 0, -4, -1.5707963267948966, 4.0
139, 39, 318, 393, 318, 394, 0, -1, -1.5707963267948966, 1.0
139, 40, 668, 263, 670, 260, -2, 3, 2.158798930342464, 3.605551275463989
139, 41, 548, 20, 548, 21, 0, -1, -1.5707963267948966, 1.0
139, 42, 1175, 170, 1175, 169, 0, 1, 1.5707963267948966, 1.0
139, 43, 235, 83, 235, 84, 0, -1, -1.5707963267948966, 1.0
139, 44, 1075, 163, 1076, 167, -1, -4, -1.8157749899217608, 4.123105625617661
139, 45, 1248, 701, 1247, 699, 1, 2, 1.1071487177940904, 2.23606797749979
139, 46, 563, 90, 563, 93, 0, -3, -1.5707963267948966, 3.0
139, 47, 700, 378, 700, 382, 0, -4, -1.5707963267948966, 4.0
139, 48, 494, 79, 495, 82, -1, -3, -1.892546881191539, 3.1622776601683795
139, 49, 781, 266, 781, 267, 0, -1, -1.5707963267948966, 1.0
139, 50, 87, 538, 86, 537, 1, 1, 0.7853981633974483, 1.4142135623730951
139, 51, 706, 370, 706, 375, 0, -5, -1.5707963267948966, 5.0
139, 52, 480, 105, 481, 107, -1, -2, -2.0344439357957027, 2.23606797749979
139, 53, 245, 327, 245, 328, 0, -1, -1.5707963267948966, 1.0
139, 54, 776, 160, 777, 162, -1, -2, -2.0344439357957027, 2.23606797749979
139, 55, 658, 246, 660, 244, -2, 2, 2.356194490192345, 2.8284271247461903
139, 56, 939, 17, 939, 21, 0, -4, -1.5707963267948966, 4.0
139, 57, 489, 57, 489, 59, 0, -2, -1.5707963267948966, 2.0
139, 58, 229, 65, 228, 66, 1, -1, -0.7853981633974483, 1.4142135623730951
139, 59, 842, 456, 842, 458, 0, -2, -1.5707963267948966, 2.0
139, 60, 1205, 66, 1204, 66, 1, 0, 0.0, 1.0
139, 61, 713, 413, 713, 414, 0, -1, -1.5707963267948966, 1.0
139, 62, 1261, 260, 1261, 255, 0, 5, 1.5707963267948966, 5.0
139, 63, 1203, 334, 1203, 331, 0, 3, 1.5707963267948966, 3.0
139, 64, 476, 126, 477, 130, -1, -4, -1.8157749899217608, 4.123105625617661
139, 65, 248, 407, 248, 408, 0, -1, -1.5707963267948966, 1.0
139, 66, 483, 211, 483, 214, 0, -3, -1.5707963267948966, 3.0
139, 67, 778, 189, 778, 189, 0, 0, 0.0, 0.0
139, 68, 1171, 80, 1170, 79, 1, 1, 0.7853981633974483, 1.4142135623730951
139, 69, 832, 405, 832, 410, 0, -5, -1.5707963267948966, 5.0
139, 70, 377, 323, 378, 320, -1, 3, 1.892546881191539, 3.1622776601683795
139, 71, 579, 22, 580, 24, -1, -2, -2.0344439357957027, 2.23606797749979
139, 72, 1054, 218, 1055, 222, -1, -4, -1.8157749899217608, 4.123105625617661
139, 73, 1070, 259, 1073, 263, -3, -4, -2.214297435588181, 5.0
139, 74, 104, 479, 102, 475, 2, 4, 1.1071487177940904, 4.47213595499958
139, 75, 624, 420, 625, 420, -1, 0, 3.141592653589793, 1.0
139, 76, 231, 31, 228, 32, 3, -1, -0.3217505543966422, 3.1622776601683795
139, 77, 1192, 345, 1193, 345, -1, 0, 3.141592653589793, 1.0
139, 78, 620, 324, 620, 322, 0, 2, 1.5707963267948966, 2.0
139, 79, 1209, 329, 1209, 325, 0, 4, 1.5707963267948966, 4.0
139, 80, 510, 513, 509, 517, 1, -4, -1.3258176636680326, 4.123105625617661
139, 81, 243, 78, 242, 79, 1, -1, -0.7853981633974483, 1.4142135623730951
139, 82, 229, 51, 226, 52, 3, -1, -0.3217505543966422, 3.1622776601683795
139, 83, 395, 349, 396, 347, -1, 2, 2.0344439357957027, 2.23606797749979
139, 84, 741, 256, 741, 261, 0, -5, -1.5707963267948966, 5.0
139, 85, 1227, 253, 1227, 251, 0, 2, 1.5707963267948966, 2.0
139, 86, 511, 465, 510, 470, 1, -5, -1.373400766945016, 5.0990195135927845
139, 87, 492, 581, 493, 586, -1, -5, -1.7681918866447774, 5.0990195135927845
139, 88, 632, 169, 633, 168, -1, 1, 2.356194490192345, 1.4142135623730951
139, 89, 301, 386, 301, 387, 0, -1, -1.5707963267948966, 1.0
139, 90, 650, 254, 652, 252, -2, 2, 2.356194490192345, 2.8284271247461903
139, 91, 1161, 215, 1162, 214, -1, 1, 2.356194490192345, 1.4142135623730951
139, 92, 1187, 121, 1186, 120, 1, 1, 0.7853981633974483, 1.4142135623730951
139, 93, 1186, 306, 1186, 304, 0, 2, 1.5707963267948966, 2.0
139, 94, 242, 63, 240, 65, 2, -2, -0.7853981633974483, 2.8284271247461903
139, 95, 660, 330, 660, 331, 0, -1, -1.5707963267948966, 1.0
139, 96, 1184, 71, 1183, 70, 1, 1, 0.7853981633974483, 1.4142135623730951
139, 97, 483, 80, 485, 83, -2, -3, -2.158798930342464, 3.605551275463989
139, 98, 621, 169, 622, 167, -1, 2, 2.0344439357957027, 2.23606797749979
139, 99, 153, 35, 154, 35, -1, 0, 3.141592653589793, 1.0
139, 100, 1235, 288, 1234, 286, 1, 2, 1.1071487177940904, 2.23606797749979
139, 101, 272, 326, 272, 327, 0, -1, -1.5707963267948966, 1.0
139, 102, 121, 580, 121, 581, 0, -1, -1.5707963267948966, 1.0
139, 103, 463, 547, 464, 552, -1, -5, -1.7681918866447774, 5.0990195135927845
139, 104, 793, 234, 792, 232, 1, 2, 1.1071487177940904, 2.23606797749979
139, 105, 843, 495, 843, 497, 0, -2, -1.5707963267948966, 2.0
139, 106, 622, 124, 623, 123, -1, 1, 2.356194490192345, 1.4142135623730951
139, 107, 132, 529, 131, 527, 1, 2, 1.1071487177940904, 2.23606797749979
139, 108, 1211, 253, 1211, 252, 0, 1, 1.5707963267948966, 1.0
139, 109, 364, 312, 365, 310, -1, 2, 2.0344439357957027, 2.23606797749979
139, 110, 782, 16, 782, 18, 0, -2, -1.5707963267948966, 2.0
139, 111, 496, 543, 496, 545, 0, -2, -1.5707963267948966, 2.0
139, 112, 700, 413, 700, 417, 0, -4, -1.5707963267948966, 4.0
139, 113, 500, 155, 501, 157, -1, -2, -2.0344439357957027, 2.23606797749979
139, 114, 695, 452, 695, 454, 0, -2, -1.5707963267948966, 2.0
139, 115, 699, 367, 699, 371, 0, -4, -1.5707963267948966, 4.0
139, 116, 1070, 176, 1072, 180, -2, -4, -2.0344439357957027, 4.47213595499958
139, 117, 155, 79, 156, 78, -1, 1, 2.356194490192345, 1.4142135623730951
139, 118, 1222, 245, 1222, 243, 0, 2, 1.5707963267948966, 2.0
139, 119, 645, 374, 646, 374, -1, 0, 3.141592653589793, 1.0
139, 120, 605, 385, 605, 382, 0, 3, 1.5707963267948966, 3.0
139, 121, 901, 18, 901, 19, 0, -1, -1.5707963267948966, 1.0
139, 122, 775, 244, 774, 241, 1, 3, 1.2490457723982544, 3.1622776601683795
139, 123, 279, 309, 279, 310, 0, -1, -1.5707963267948966, 1.0
139, 124, 720, 342, 721, 345, -1, -3, -1.892546881191539, 3.1622776601683795
139, 125, 488, 442, 488, 447, 0, -5, -1.5707963267948966, 5.0
139, 126, 849, 381, 850, 386, -1, -5, -1.7681918866447774, 5.0990195135927845
139, 127, 668, 311, 669, 309, -1, 2, 2.0344439357957027, 2.23606797749979
139, 128, 743, 289, 744, 292, -1, -3, -1.892546881191539, 3.1622776601683795
139, 129, 552, 28, 552, 30, 0, -2, -1.5707963267948966, 2.0
139, 130, 908, 17, 908, 18, 0, -1, -1.5707963267948966, 1.0
139, 131, 171, 77, 172, 76, -1, 1, 2.356194490192345, 1.4142135623730951
139, 132, 1183, 160, 1183, 158, 0, 2, 1.5707963267948966, 2.0
139, 133, 777, 28, 776, 30, 1, -2, -1.1071487177940904, 2.23606797749979
139, 134, 367, 480, 368, 476, -1, 4, 1.8157749899217608, 4.123105625617661
139, 135, 767, 254, 766, 252, 1, 2, 1.1071487177940904, 2.23606797749979
139, 136, 689, 19, 689, 20, 0, -1, -1.5707963267948966, 1.0
139, 137, 85, 471, 83, 468, 2, 3, 0.982793723247329, 3.605551275463989
139, 138, 483, 131, 483, 134, 0, -3, -1.5707963267948966, 3.0
139, 139, 153, 59, 153, 58, 0, 1, 1.5707963267948966, 1.0
139, 140, 694, 354, 694, 358, 0, -4, -1.5707963267948966, 4.0
139, 141, 476, 203, 476, 204, 0, -1, -1.5707963267948966, 1.0
139, 142, 705, 355, 705, 359, 0, -4, -1.5707963267948966, 4.0
139, 143, 368, 420, 370, 416, -2, 4, 2.0344439357957027, 4.47213595499958
140, 0, 358, 350, 359, 348, -1, 2, 2.0344439357957027, 2.23606797749979
140, 1, 853, 398, 854, 403, -1, -5, -1.7681918866447774, 5.0990195135927845
140, 2, 1225, 295, 1225, 293, 0, 2, 1.5707963267948966, 2.0
140, 3, 842, 397, 843, 402, -1, -5, -1.7681918866447774, 5.0990195135927845
140, 4, 511, 514, 510, 518, 1, -4, -1.3258176636680326, 4.123105625617661
140, 5, 85, 486, 84, 483, 1, 3, 1.2490457723982544, 3.1622776601683795
140, 6, 486, 69, 487, 73, -1, -4, -1.8157749899217608, 4.123105625617661
140, 7, 174, 51, 175, 51, -1, 0, 3.141592653589793, 1.0
140, 8, 234, 23, 230, 23, 4, 0, 0.0, 4.0
140, 9, 485, 455, 485, 459, 0, -4, -1.5707963267948966, 4.0
140, 10, 586, 30, 587, 32, -1, -2, -2.0344439357957027, 2.23606797749979
140, 11, 330, 359, 330, 360, 0, -1, -1.5707963267948966, 1.0
140, 12, 821, 445, 822, 445, -1, 0, 3.141592653589793, 1.0
140, 13, 692, 369, 692, 373, 0, -4, -1.5707963267948966, 4.0
140, 14, 627, 87, 628, 86, -1, 1, 2.356194490192345, 1.4142135623730951
140, 15, 458, 538, 457, 541, 1, -3, -1.2490457723982544, 3.1622776601683795
140, 16, 466, 114, 467, 119, -1, -5, -1.7681918866447774, 5.0990195135927845
140, 17, 452, 532, 451, 536, 1, -4, -1.3258176636680326, 4.123105625617661
140, 18, 639, 430, 639, 425, 0, 5, 1.5707963267948966, 5.0
140, 19, 942, 17, 941, 19, 1, -2, -1.1071487177940904, 2.23606797749979
140, 20, 773, 197, 773, 196, 0, 1, 1.5707963267948966, 1.0
140, 21, 1082, 176, 1084, 180, -2, -4, -2.0344439357957027, 4.47213595499958
140, 22, 1053, 220, 1054, 223, -1, -3, -1.892546881191539, 3.1622776601683795
140, 23, 644, 321, 645, 318, -1, 3, 1.892546881191539, 3.1622776601683795
140, 24, 843, 497, 843, 499, 0, -2, -1.5707963267948966, 2.0
140, 25, 790, 116, 790, 120, 0, -4, -1.5707963267948966, 4.0
140, 26, 498, 454, 498, 459, 0, -5, -1.5707963267948966, 5.0
140, 27, 547, 100, 547, 101, 0, -1, -1.5707963267948966, 1.0
140, 28, 494, 79, 495, 82, -1, -3, -1.892546881191539, 3.1622776601683795
140, 29, 542, 29, 542, 30, 0, -1, -1.5707963267948966, 1.0
140, 30, 463, 127, 464, 131, -1, -4, -1.8157749899217608, 4.123105625617661
140, 31, 548, 21, 548, 22, 0, -1, -1.5707963267948966, 1.0
140, 32, 318, 394, 318, 395, 0, -1, -1.5707963267948966, 1.0
140, 33, 463, 510, 463, 514, 0, -4, -1.5707963267948966, 4.0
140, 34, 1261, 216, 1266, 215, -5, 1, 2.9441970937399127, 5.0990195135927845
140, 35, 668, 264, 670, 261, -2, 3, 2.158798930342464, 3.605551275463989
140, 36, 378, 395, 380, 395, -2, 0, 3.141592653589793, 2.0
140, 37, 696, 456, 696, 457, 0, -1, -1.5707963267948966, 1.0
140, 38, 235, 84, 235, 85, 0, -1, -1.5707963267948966, 1.0
140, 39, 384, 405, 386, 404, -2, 1, 2.677945044588987, 2.23606797749979
140, 40, 1176, 170, 1176, 169, 0, 1, 1.5707963267948966, 1.0
140, 41, 230, 66, 229, 67, 1, -1, -0.7853981633974483, 1.4142135623730951
140, 42, 849, 21, 851, 22, -2, -1, -2.677945044588987, 2.23606797749979
140, 43, 707, 371, 707, 375, 0, -4, -1.5707963267948966, 4.0
140, 44, 381, 419, 383, 416, -2, 3, 2.158798930342464, 3.605551275463989
140, 45, 1166, 113, 1166, 113, 0, 0, 0.0, 0.0
140, 46, 711, 284, 712, 287, -1, -3, -1.892546881191539, 3.1622776601683795
140, 47, 1081, 163, 1082, 167, -1, -4, -1.8157749899217608, 4.123105625617661
140, 48, 579, 22, 580, 24, -1, -2, -2.0344439357957027, 2.23606797749979
140, 49, 89, 540, 88, 538, 1, 2, 1.1071487177940904, 2.23606797749979
140, 50, 242, 64, 240, 65, 2, -1, -0.4636476090008061, 2.23606797749979
140, 51, 229, 52, 226, 53, 3, -1, -0.3217505543966422, 3.1622776601683795
140, 52, 799, 161, 799, 164, 0, -3, -1.5707963267948966, 3.0
140, 53, 255, 79, 252, 81, 3, -2, -0.5880026035475675, 3.605551275463989
140, 54, 246, 328, 246, 329, 0, -1, -1.5707963267948966, 1.0
140, 55, 475, 125, 476, 129, -1, -4, -1.8157749899217608, 4.123105625617661
140, 56, 937, 104, 937, 105, 0, -1, -1.5707963267948966, 1.0
140, 57, 700, 379, 700, 383, 0, -4, -1.5707963267948966, 4.0
140, 58, 232, 31, 228, 32, 4, -1, -0.24497866312686414, 4.123105625617661
140, 59, 1261, 222, 1275, 220, -14, 2, 2.999695598985629, 14.142135623730951
140, 60, 475, 518, 474, 521, 1, -3, -1.2490457723982544, 3.1622776601683795
140, 61, 801, 18, 803, 19, -2, -1, -2.677945044588987, 2.23606797749979
140, 62, 1171, 80, 1170, 79, 1, 1, 0.7853981633974483, 1.4142135623730951
140, 63, 1253, 701, 1252, 702, 1, -1, -0.7853981633974483, 1.4142135623730951
140, 64, 659, 246, 661, 244, -2, 2, 2.356194490192345, 2.8284271247461903
140, 65, 330, 369, 330, 370, 0, -1, -1.5707963267948966, 1.0
140, 66, 1206, 66, 1205, 66, 1, 0, 0.0, 1.0
140, 67, 1261, 255, 1277, 255, -16, 0, 3.141592653589793, 16.0
140, 68, 480, 104, 481, 108, -1, -4, -1.8157749899217608, 4.123105625617661
140, 69, 1070, 258, 1072, 260, -2, -2, -2.356194490192345, 2.8284271247461903
140, 70, 624, 420, 625, 420, -1, 0, 3.141592653589793, 1.0
140, 71, 712, 414, 712, 415, 0, -1, -1.5707963267948966, 1.0
140, 72, 778, 190, 778, 189, 0, 1, 1.5707963267948966, 1.0
140, 73, 740, 256, 741, 261, -1, -5, -1.7681918866447774, 5.0990195135927845
140, 74, 832, 405, 832, 410, 0, -5, -1.5707963267948966, 5.0
140, 75, 700, 414, 700, 418, 0, -4, -1.5707963267948966, 4.0
140, 76, 580, 99, 581, 101, -1, -2, -2.0344439357957027, 2.23606797749979
140, 77, 489, 56, 489, 58, 0, -2, -1.5707963267948966, 2.0
140, 78, 331, 409, 331, 410, 0, -1, -1.5707963267948966, 1.0
140, 79, 660, 331, 660, 332, 0, -1, -1.5707963267948966, 1.0
140, 80, 360, 471, 361, 468, -1, 3, 1.892546881191539, 3.1622776601683795
140, 81, 1227, 254, 1227, 252, 0, 2, 1.5707963267948966, 2.0
140, 82, 483, 209, 483, 213, 0, -4, -1.5707963267948966, 4.0
140, 83, 816, 24, 818, 24, -2, 0, 3.141592653589793, 2.0
140, 84, 1192, 345, 1193, 345, -1, 0, 3.141592653589793, 1.0
140, 85, 104, 480, 102, 476, 2, 4, 1.1071487177940904, 4.47213595499958
140, 86, 620, 326, 620, 323, 0, 3, 1.5707963267948966, 3.0
140, 87, 843, 452, 843, 455, 0, -3, -1.5707963267948966, 3.0
140, 88, 395, 356, 396, 353, -1, 3, 1.892546881191539, 3.1622776601683795
140, 89, 607, 386, 606, 383, 1, 3, 1.2490457723982544, 3.1622776601683795
140, 90, 686, 408, 686, 412, 0, -4, -1.5707963267948966, 4.0
140, 91, 651, 255, 653, 252, -2, 3, 2.158798930342464, 3.605551275463989
140, 92, 378, 323, 379, 320, -1, 3, 1.892546881191539, 3.1622776601683795
140, 93, 464, 546, 464, 552, 0, -6, -1.5707963267948966, 6.0
140, 94, 563, 89, 563, 92, 0, -3, -1.5707963267948966, 3.0
140, 95, 632, 168, 633, 167, -1, 1, 2.356194490192345, 1.4142135623730951
140, 96, 621, 125, 622, 123, -1, 2, 2.0344439357957027, 2.23606797749979
140, 97, 703, 440, 703, 445, 0, -5, -1.5707963267948966, 5.0
140, 98, 620, 174, 621, 171, -1, 3, 1.892546881191539, 3.1622776601683795
140, 99, 172, 75, 173, 75, -1, 0, 3.141592653589793, 1.0
140, 100, 805, 24, 807, 25, -2, -1, -2.677945044588987, 2.23606797749979
140, 101, 153, 36, 154, 35, -1, 1, 2.356194490192345, 1.4142135623730951
140, 102, 1070, 177, 1072, 181, -2, -4, -2.0344439357957027, 4.47213595499958
140, 103, 364, 314, 365, 311, -1, 3, 1.892546881191539, 3.1622776601683795
140, 104, 1160, 133, 1160, 133, 0, 0, 0.0, 0.0
140, 105, 645, 371, 646, 371, -1, 0, 3.141592653589793, 1.0
140, 106, 1185, 72, 1184, 71, 1, 1, 0.7853981633974483, 1.4142135623730951
140, 107, 498, 447, 498, 452, 0, -5, -1.5707963267948966, 5.0
140, 108, 277, 312, 277, 313, 0, -1, -1.5707963267948966, 1.0
140, 109, 1187, 306, 1187, 305, 0, 1, 1.5707963267948966, 1.0
140, 110, 1211, 255, 1211, 253, 0, 2, 1.5707963267948966, 2.0
140, 111, 1205, 345, 1206, 342, -1, 3, 1.892546881191539, 3.1622776601683795
140, 112, 794, 234, 793, 233, 1, 1, 0.7853981633974483, 1.4142135623730951
140, 113, 901, 19, 901, 20, 0, -1, -1.5707963267948966, 1.0
140, 114, 908, 18, 908, 19, 0, -1, -1.5707963267948966, 1.0
140, 115, 499, 151, 499, 153, 0, -2, -1.5707963267948966, 2.0
140, 116, 1066, 230, 1067, 232, -1, -2, -2.0344439357957027, 2.23606797749979
140, 117, 125, 581, 125, 582, 0, -1, -1.5707963267948966, 1.0
140, 118, 551, 69, 551, 70, 0, -1, -1.5707963267948966, 1.0
140, 119, 747, 292, 747, 295, 0, -3, -1.5707963267948966, 3.0
140, 120, 727, 304, 727, 308, 0, -4, -1.5707963267948966, 4.0
140, 121, 592, 57, 593, 59, -1, -2, -2.0344439357957027, 2.23606797749979
140, 122, 552, 29, 552, 30, 0, -1, -1.5707963267948966, 1.0
140, 123, 367, 419, 369, 416, -2, 3, 2.158798930342464, 3.605551275463989
140, 124, 849, 381, 850, 386, -1, -5, -1.7681918866447774, 5.0990195135927845
140, 125, 849, 53, 851, 55, -2, -2, -2.356194490192345, 2.8284271247461903
140, 126, 1235, 289, 1235, 287, 0, 2, 1.5707963267948966, 2.0
140, 127, 153, 59, 153, 59, 0, 0, 0.0, 0.0
140, 128, 803, 138, 803, 142, 0, -4, -1.5707963267948966, 4.0
140, 129, 1261, 701, 1259, 705, 2, -4, -1.1071487177940904, 4.47213595499958
140, 130, 497, 545, 497, 547, 0, -2, -1.5707963267948966, 2.0
140, 131, 489, 441, 489, 446, 0, -5, -1.5707963267948966, 5.0
140, 132, 780, 26, 780, 27, 0, -1, -1.5707963267948966, 1.0
140, 133, 940, 34, 940, 35, 0, -1, -1.5707963267948966, 1.0
140, 134, 664, 258, 666, 255, -2, 3, 2.158798930342464, 3.605551275463989
140, 135, 699, 367, 699, 371, 0, -4, -1.5707963267948966, 4.0
140, 136, 513, 526, 513, 529, 0, -3, -1.5707963267948966, 3.0
140, 137, 482, 127, 483, 131, -1, -4, -1.8157749899217608, 4.123105625617661
140, 138, 1222, 246, 1222, 244, 0, 2, 1.5707963267948966, 2.0
140, 139, 669, 311, 670, 309, -1, 2, 2.0344439357957027, 2.23606797749979
140, 140, 786, 192, 786, 191, 0, 1, 1.5707963267948966, 1.0
140, 141, 1161, 216, 1163, 215, -2, 1, 2.677945044588987, 2.23606797749979
140, 142, 633, 125, 634, 123, -1, 2, 2.0344439357957027, 2.23606797749979
140, 143, 327, 378, 327, 379, 0, -1, -1.5707963267948966, 1.0
140, 144, 1065, 243, 1067, 246, -2, -3, -2.158798930342464, 3.605551275463989
140, 145, 160, 81, 161, 80, -1, 1, 2.356194490192345, 1.4142135623730951
140, 146, 368, 479, 369, 476, -1, 3, 1.892546881191539, 3.1622776601683795
140, 147, 484, 80, 485, 83, -1, -3, -1.892546881191539, 3.1622776601683795
140, 148, 240, 317, 240, 318, 0, -1, -1.5707963267948966, 1.0
140, 149, 693, 362, 693, 366, 0, -4, -1.5707963267948966, 4.0
140, 150, 587, 103, 588, 105, -1, -2, -2.0344439357957027, 2.23606797749979
140, 151, 870, 422, 870, 427, 0, -5, -1.5707963267948966, 5.0
140, 152, 133, 533, 132, 530, 1, 3, 1.2490457723982544, 3.1622776601683795
141, 0, 357, 352, 358, 350, -1, 2, 2.0344439357957027, 2.23606797749979
141, 1, 852, 393, 853, 398, -1, -5, -1.7681918866447774, 5.0990195135927845
141, 2, 1225, 298, 1225, 295, 0, 3, 1.5707963267948966, 3.0
141, 3, 841, 393, 842, 397, -1, -4, -1.8157749899217608, 4.123105625617661
141, 4, 512, 508, 511, 514, 1, -6, -1.4056476493802699, 6.082762530298219
141, 5, 86, 490, 85, 486, 1, 4, 1.3258176636680326, 4.123105625617661
141, 6, 484, 65, 486, 69, -2, -4, -2.0344439357957027, 4.47213595499958
141, 7, 173, 51, 174, 51, -1, 0, 3.141592653589793, 1.0
141, 8, 237, 22, 234, 23, 3, -1, -0.3217505543966422, 3.1622776601683795
141, 9, 484, 451, 485, 455, -1, -4, -1.8157749899217608, 4.123105625617661
141, 10, 585, 28, 586, 30, -1, -2, -2.0344439357957027, 2.23606797749979
141, 11, 820, 446, 821, 445, -1, 1, 2.356194490192345, 1.4142135623730951
141, 12, 692, 365, 692, 369, 0, -4, -1.5707963267948966, 4.0
141, 13, 626, 88, 627, 87, -1, 1, 2.356194490192345, 1.4142135623730951
141, 14, 460, 534, 458, 538, 2, -4, -1.1071487177940904, 4.47213595499958
141, 15, 465, 109, 466, 114, -1, -5, -1.7681918866447774, 5.0990195135927845
141, 16, 453, 528, 452, 532, 1, -4, -1.3258176636680326, 4.123105625617661
141, 17, 639, 435, 639, 430, 0, 5, 1.5707963267948966, 5.0
141, 18, 943, 16, 942, 17, 1, -1, -0.7853981633974483, 1.4142135623730951
141, 19, 773, 198, 773, 197, 0, 1, 1.5707963267948966, 1.0
141, 20, 1081, 172, 1082, 176, -1, -4, -1.8157749899217608, 4.123105625617661
141, 21, 1052, 216, 1053, 220, -1, -4, -1.8157749899217608, 4.123105625617661
141, 22, 643, 324, 644, 321, -1, 3, 1.892546881191539, 3.1622776601683795
141, 23, 790, 112, 790, 116, 0, -4, -1.5707963267948966, 4.0
141, 24, 498, 449, 498, 454, 0, -5, -1.5707963267948966, 5.0
141, 25, 492, 75, 494, 79, -2, -4, -2.0344439357957027, 4.47213595499958
141, 26, 542, 28, 542, 29, 0, -1, -1.5707963267948966, 1.0
141, 27, 462, 123, 463, 127, -1, -4, -1.8157749899217608, 4.123105625617661
141, 28, 548, 20, 548, 21, 0, -1, -1.5707963267948966, 1.0
141, 29, 463, 506, 463, 510, 0, -4, -1.5707963267948966, 4.0
141, 30, 1261, 217, 1261, 216, 0, 1, 1.5707963267948966, 1.0
141, 31, 666, 266, 668, 264, -2, 2, 2.356194490192345, 2.8284271247461903
141, 32, 376, 394, 378, 395, -2, -1, -2.677945044588987, 2.23606797749979
141, 33, 235, 83, 235, 84, 0, -1, -1.5707963267948966, 1.0
141, 34, 382, 406, 384, 405, -2, 1, 2.677945044588987, 2.23606797749979
141, 35, 1176, 171, 1176, 170, 0, 1, 1.5707963267948966, 1.0
141, 36, 232, 65, 230, 66, 2, -1, -0.4636476090008061, 2.23606797749979
141, 37, 847, 20, 849, 21, -2, -1, -2.677945044588987, 2.23606797749979
141, 38, 707, 367, 707, 371, 0, -4, -1.5707963267948966, 4.0
141, 39, 379, 422, 381, 419, -2, 3, 2.158798930342464, 3.605551275463989
141, 40, 1167, 113, 1166, 113, 1, 0, 0.0, 1.0
141, 41, 710, 281, 711, 284, -1, -3, -1.892546881191539, 3.1622776601683795
141, 42, 1080, 159, 1081, 163, -1, -4, -1.8157749899217608, 4.123105625617661
141, 43, 578, 20, 579, 22, -1, -2, -2.0344439357957027, 2.23606797749979
141, 44, 90, 543, 89, 540, 1, 3, 1.2490457723982544, 3.1622776601683795
141, 45, 244, 63, 242, 64, 2, -1, -0.4636476090008061, 2.23606797749979
141, 46, 232, 51, 229, 52, 3, -1, -0.3217505543966422, 3.1622776601683795
141, 47, 799, 158, 799, 161, 0, -3, -1.5707963267948966, 3.0
141, 48, 258, 77, 255, 79, 3, -2, -0.5880026035475675, 3.605551275463989
141, 49, 474, 120, 475, 125, -1, -5, -1.7681918866447774, 5.0990195135927845
141, 50, 700, 375, 700, 379, 0, -4, -1.5707963267948966, 4.0
141, 51, 235, 30, 232, 31, 3, -1, -0.3217505543966422, 3.1622776601683795
141, 52, 1261, 223, 1261, 222, 0, 1, 1.5707963267948966, 1.0
141, 53, 476, 515, 475, 518, 1, -3, -1.2490457723982544, 3.1622776601683795
141, 54, 799, 17, 801, 18, -2, -1, -2.677945044588987, 2.23606797749979
141, 55, 1172, 80, 1171, 80, 1, 0, 0.0, 1.0
141, 56, 1255, 701, 1253, 701, 2, 0, 0.0, 2.0
141, 57, 657, 248, 659, 246, -2, 2, 2.356194490192345, 2.8284271247461903
141, 58, 1207, 66, 1206, 66, 1, 0, 0.0, 1.0
141, 59, 1261, 260, 1261, 255, 0, 5, 1.5707963267948966, 5.0
141, 60, 479, 100, 480, 104, -1, -4, -1.8157749899217608, 4.123105625617661
141, 61, 1068, 256, 1070, 258, -2, -2, -2.356194490192345, 2.8284271247461903
141, 62, 712, 412, 712, 414, 0, -2, -1.5707963267948966, 2.0
141, 63, 778, 191, 778, 190, 0, 1, 1.5707963267948966, 1.0
141, 64, 739, 251, 740, 256, -1, -5, -1.7681918866447774, 5.0990195135927845
141, 65, 832, 400, 832, 405, 0, -5, -1.5707963267948966, 5.0
141, 66, 700, 410, 700, 414, 0, -4, -1.5707963267948966, 4.0
141, 67, 579, 97, 580, 99, -1, -2, -2.0344439357957027, 2.23606797749979
141, 68, 489, 53, 489, 56, 0, -3, -1.5707963267948966, 3.0
141, 69, 660, 330, 660, 331, 0, -1, -1.5707963267948966, 1.0
141, 70, 358, 474, 360, 471, -2, 3, 2.158798930342464, 3.605551275463989
141, 71, 1227, 257, 1227, 254, 0, 3, 1.5707963267948966, 3.0
141, 72, 483, 205, 483, 209, 0, -4, -1.5707963267948966, 4.0
141, 73, 814, 23, 816, 24, -2, -1, -2.677945044588987, 2.23606797749979
141, 74, 105, 484, 104, 480, 1, 4, 1.3258176636680326, 4.123105625617661
141, 75, 620, 329, 620, 326, 0, 3, 1.5707963267948966, 3.0
141, 76, 843, 449, 843, 452, 0, -3, -1.5707963267948966, 3.0
141, 77, 394, 359, 395, 356, -1, 3, 1.892546881191539, 3.1622776601683795
141, 78, 607, 388, 607, 386, 0, 2, 1.5707963267948966, 2.0
141, 79, 686, 404, 686, 408, 0, -4, -1.5707963267948966, 4.0
141, 80, 649, 257, 651, 255, -2, 2, 2.356194490192345, 2.8284271247461903
141, 81, 376, 326, 378, 323, -2, 3, 2.158798930342464, 3.605551275463989
141, 82, 465, 541, 464, 546, 1, -5, -1.373400766945016, 5.0990195135927845
141, 83, 563, 86, 563, 89, 0, -3, -1.5707963267948966, 3.0
141, 84, 631, 168, 632, 168, -1, 0, 3.141592653589793, 1.0
141, 85, 621, 126, 621, 125, 0, 1, 1.5707963267948966, 1.0
141, 86, 702, 434, 703, 440, -1, -6, -1.7359450042095235, 6.082762530298219
141, 87, 619, 177, 620, 174, -1, 3, 1.892546881191539, 3.1622776601683795
141, 88, 803, 23, 805, 24, -2, -1, -2.677945044588987, 2.23606797749979
141, 89, 152, 37, 153, 36, -1, 1, 2.356194490192345, 1.4142135623730951
141, 90, 1069, 173, 1070, 177, -1, -4, -1.8157749899217608, 4.123105625617661
141, 91, 363, 317, 364, 314, -1, 3, 1.892546881191539, 3.1622776601683795
141, 92, 1160, 132, 1160, 133, 0, -1, -1.5707963267948966, 1.0
141, 93, 645, 372, 645, 371, 0, 1, 1.5707963267948966, 1.0
141, 94, 1186, 72, 1185, 72, 1, 0, 0.0, 1.0
141, 95, 498, 442, 498, 447, 0, -5, -1.5707963267948966, 5.0
141, 96, 277, 311, 277, 312, 0, -1, -1.5707963267948966, 1.0
141, 97, 1187, 306, 1187, 306, 0, 0, 0.0, 0.0
141, 98, 1211, 258, 1211, 255, 0, 3, 1.5707963267948966, 3.0
141, 99, 1205, 348, 1205, 345, 0, 3, 1.5707963267948966, 3.0
141, 100, 795, 235, 794, 234, 1, 1, 0.7853981633974483, 1.4142135623730951
141, 101, 902, 18, 901, 19, 1, -1, -0.7853981633974483, 1.4142135623730951
141, 102, 909, 17, 908, 18, 1, -1, -0.7853981633974483, 1.4142135623730951
141, 103, 499, 148, 499, 151, 0, -3, -1.5707963267948966, 3.0
141, 104, 125, 579, 125, 581, 0, -2, -1.5707963267948966, 2.0
141, 105, 551, 67, 551, 69, 0, -2, -1.5707963267948966, 2.0
141, 106, 746, 289, 747, 292, -1, -3, -1.892546881191539, 3.1622776601683795
141, 107, 726, 300, 727, 304, -1, -4, -1.8157749899217608, 4.123105625617661
141, 108, 591, 55, 592, 57, -1, -2, -2.0344439357957027, 2.23606797749979
141, 109, 552, 27, 552, 29, 0, -2, -1.5707963267948966, 2.0
141, 110, 365, 422, 367, 419, -2, 3, 2.158798930342464, 3.605551275463989
141, 111, 849, 376, 849, 381, 0, -5, -1.5707963267948966, 5.0
141, 112, 847, 51, 849, 53, -2, -2, -2.356194490192345, 2.8284271247461903
141, 113, 1236, 292, 1235, 289, 1, 3, 1.2490457723982544, 3.1622776601683795
141, 114, 152, 59, 153, 59, -1, 0, 3.141592653589793, 1.0
141, 115, 802, 134, 803, 138, -1, -4, -1.8157749899217608, 4.123105625617661
141, 116, 1261, 701, 1261, 701, 0, 0, 0.0, 0.0
141, 117, 497, 543, 497, 545, 0, -2, -1.5707963267948966, 2.0
141, 118, 488, 436, 489, 441, -1, -5, -1.7681918866447774, 5.0990195135927845
141, 119, 780, 25, 780, 26, 0, -1, -1.5707963267948966, 1.0
141, 120, 940, 33, 940, 34, 0, -1, -1.5707963267948966, 1.0
141, 121, 662, 260, 664, 258, -2, 2, 2.356194490192345, 2.8284271247461903
141, 122, 699, 363, 699, 367, 0, -4, -1.5707963267948966, 4.0
141, 123, 513, 522, 513, 526, 0, -4, -1.5707963267948966, 4.0
141, 124, 481, 123, 482, 127, -1, -4, -1.8157749899217608, 4.123105625617661
141, 125, 1222, 249, 1222, 246, 0, 3, 1.5707963267948966, 3.0
141, 126, 668, 312, 669, 311, -1, 1, 2.356194490192345, 1.4142135623730951
141, 127, 786, 193, 786, 192, 0, 1, 1.5707963267948966, 1.0
141, 128, 1160, 217, 1161, 216, -1, 1, 2.356194490192345, 1.4142135623730951
141, 129, 632, 126, 633, 125, -1, 1, 2.356194490192345, 1.4142135623730951
141, 130, 1064, 241, 1065, 243, -1, -2, -2.0344439357957027, 2.23606797749979
141, 131, 159, 81, 160, 81, -1, 0, 3.141592653589793, 1.0
141, 132, 367, 482, 368, 479, -1, 3, 1.892546881191539, 3.1622776601683795
141, 133, 482, 76, 484, 80, -2, -4, -2.0344439357957027, 4.47213595499958
141, 134, 240, 316, 240, 317, 0, -1, -1.5707963267948966, 1.0
141, 135, 693, 358, 693, 362, 0, -4, -1.5707963267948966, 4.0
141, 136, 586, 100, 587, 103, -1, -3, -1.892546881191539, 3.1622776601683795
141, 137, 870, 418, 870, 422, 0, -4, -1.5707963267948966, 4.0
141, 138, 134, 536, 133, 533, 1, 3, 1.2490457723982544, 3.1622776601683795
142, 0, 853, 394, 854, 398, -1, -4, -1.8157749899217608, 4.123105625617661
142, 1, 252, 341, 252, 342, 0, -1, -1.5707963267948966, 1.0
142, 2, 356, 353, 358, 350, -2, 3, 2.158798930342464, 3.605551275463989
142, 3, 484, 66, 486, 71, -2, -5, -1.9513027039072615, 5.385164807134504
142, 4, 175, 53, 175, 52, 0, 1, 1.5707963267948966, 1.0
142, 5, 302, 361, 302, 361, 0, 0, 0.0, 0.0
142, 6, 586, 29, 587, 31, -1, -2, -2.0344439357957027, 2.23606797749979
142, 7, 841, 394, 842, 397, -1, -3, -1.892546881191539, 3.1622776601683795
142, 8, 483, 449, 485, 452, -2, -3, -2.158798930342464, 3.605551275463989
142, 9, 1226, 299, 1226, 296, 0, 3, 1.5707963267948966, 3.0
142, 10, 267, 76, 262, 76, 5, 0, 0.0, 5.0
142, 11, 88, 491, 87, 489, 1, 2, 1.1071487177940904, 2.23606797749979
142, 12, 237, 23, 234, 23, 3, 0, 0.0, 3.0
142, 13, 551, 19, 549, 21, 2, -2, -0.7853981633974483, 2.8284271247461903
142, 14, 307, 329, 307, 330, 0, -1, -1.5707963267948966, 1.0
142, 15, 626, 92, 628, 89, -2, 3, 2.158798930342464, 3.605551275463989
142, 16, 1051, 211, 1053, 215, -2, -4, -2.0344439357957027, 4.47213595499958
142, 17, 641, 324, 644, 322, -3, 2, 2.5535900500422257, 3.605551275463989
142, 18, 694, 365, 693, 369, 1, -4, -1.3258176636680326, 4.123105625617661
142, 19, 665, 266, 668, 263, -3, 3, 2.356194490192345, 4.242640687119285
142, 20, 800, 157, 800, 161, 0, -4, -1.5707963267948966, 4.0
142, 21, 843, 496, 843, 498, 0, -2, -1.5707963267948966, 2.0
142, 22, 237, 83, 235, 84, 2, -1, -0.4636476090008061, 2.23606797749979
142, 23, 545, 27, 543, 29, 2, -2, -0.7853981633974483, 2.8284271247461903
142, 24, 493, 75, 494, 79, -1, -4, -1.8157749899217608, 4.123105625617661
142, 25, 547, 100, 547, 101, 0, -1, -1.5707963267948966, 1.0
142, 26, 460, 530, 458, 533, 2, -3, -0.982793723247329, 3.605551275463989
142, 27, 775, 201, 774, 198, 1, 3, 1.2490457723982544, 3.1622776601683795
142, 28, 454, 524, 452, 527, 2, -3, -0.982793723247329, 3.605551275463989
142, 29, 462, 122, 463, 126, -1, -4, -1.8157749899217608, 4.123105625617661
142, 30, 789, 112, 790, 117, -1, -5, -1.7681918866447774, 5.0990195135927845
142, 31, 1261, 223, 1272, 220, -11, 3, 2.875340604438868, 11.40175425099138
142, 32, 695, 453, 696, 456, -1, -3, -1.892546881191539, 3.1622776601683795
142, 33, 1080, 172, 1083, 177, -3, -5, -2.1112158270654806, 5.830951894845301
142, 34, 497, 448, 498, 452, -1, -4, -1.8157749899217608, 4.123105625617661
142, 35, 236, 65, 232, 66, 4, -1, -0.24497866312686414, 4.123105625617661
142, 36, 814, 22, 817, 22, -3, 0, 3.141592653589793, 3.0
142, 37, 246, 65, 243, 66, 3, -1, -0.3217505543966422, 3.1622776601683795
142, 38, 379, 421, 381, 419, -2, 2, 2.356194490192345, 2.8284271247461903
142, 39, 784, 192, 784, 189, 0, 3, 1.5707963267948966, 3.0
142, 40, 948, 16, 946, 17, 2, -1, -0.4636476090008061, 2.23606797749979
142, 41, 828, 36, 830, 36, -2, 0, 3.141592653589793, 2.0
142, 42, 467, 110, 467, 115, 0, -5, -1.5707963267948966, 5.0
142, 43, 246, 328, 246, 329, 0, -1, -1.5707963267948966, 1.0
142, 44, 464, 501, 464, 506, 0, -5, -1.5707963267948966, 5.0
142, 45, 578, 20, 579, 22, -1, -2, -2.0344439357957027, 2.23606797749979
142, 46, 367, 484, 369, 482, -2, 2, 2.356194490192345, 2.8284271247461903
142, 47, 701, 374, 701, 379, 0, -5, -1.5707963267948966, 5.0
142, 48, 711, 282, 712, 285, -1, -3, -1.892546881191539, 3.1622776601683795
142, 49, 86, 543, 85, 541, 1, 2, 1.1071487177940904, 2.23606797749979
142, 50, 781, 268, 781, 267, 0, 1, 1.5707963267948966, 1.0
142, 51, 1179, 175, 1177, 172, 2, 3, 0.982793723247329, 3.605551275463989
142, 52, 250, 48, 247, 51, 3, -3, -0.7853981633974483, 4.242640687119285
142, 53, 1080, 159, 1082, 164, -2, -5, -1.9513027039072615, 5.385164807134504
142, 54, 706, 368, 707, 372, -1, -4, -1.8157749899217608, 4.123105625617661
142, 55, 800, 17, 802, 18, -2, -1, -2.677945044588987, 2.23606797749979
142, 56, 1226, 258, 1227, 255, -1, 3, 1.892546881191539, 3.1622776601683795
142, 57, 711, 412, 712, 415, -1, -3, -1.892546881191539, 3.1622776601683795
142, 58, 822, 445, 822, 448, 0, -3, -1.5707963267948966, 3.0
142, 59, 475, 120, 475, 124, 0, -4, -1.5707963267948966, 4.0
142, 60, 847, 21, 850, 22, -3, -1, -2.819842099193151, 3.1622776601683795
142, 61, 937, 15, 936, 17, 1, -2, -1.1071487177940904, 2.23606797749979
142, 62, 235, 32, 232, 32, 3, 0, 0.0, 3.0
142, 63, 1174, 82, 1172, 80, 2, 2, 0.7853981633974483, 2.8284271247461903
142, 64, 232, 53, 230, 54, 2, -1, -0.4636476090008061, 2.23606797749979
142, 65, 746, 282, 747, 286, -1, -4, -1.8157749899217608, 4.123105625617661
142, 66, 580, 99, 581, 101, -1, -2, -2.0344439357957027, 2.23606797749979
142, 67, 1175, 117, 1172, 116, 3, 1, 0.3217505543966422, 3.1622776601683795
142, 68, 479, 101, 480, 105, -1, -4, -1.8157749899217608, 4.123105625617661
142, 69, 1210, 69, 1207, 67, 3, 2, 0.5880026035475675, 3.605551275463989
142, 70, 1256, 701, 1257, 709, -1, -8, -1.695151321341658, 8.06225774829855
142, 71, 1261, 257, 1277, 254, -16, 3, 2.9562447035940984, 16.278820596099706
142, 72, 609, 390, 608, 387, 1, 3, 1.2490457723982544, 3.1622776601683795
142, 73, 1069, 173, 1071, 177, -2, -4, -2.0344439357957027, 4.47213595499958
142, 74, 700, 410, 701, 414, -1, -4, -1.8157749899217608, 4.123105625617661
142, 75, 831, 402, 832, 406, -1, -4, -1.8157749899217608, 4.123105625617661
142, 76, 591, 55, 593, 57, -2, -2, -2.356194490192345, 2.8284271247461903
142, 77, 655, 249, 659, 246, -4, 3, 2.498091544796509, 5.0
142, 78, 911, 18, 908, 18, 3, 0, 0.0, 3.0
142, 79, 686, 403, 686, 408, 0, -5, -1.5707963267948966, 5.0
142, 80, 740, 251, 741, 257, -1, -6, -1.7359450042095235, 6.082762530298219
142, 81, 357, 475, 360, 473, -3, 2, 2.5535900500422257, 3.605551275463989
142, 82, 394, 360, 395, 356, -1, 4, 1.8157749899217608, 4.123105625617661
142, 83, 552, 67, 552, 69, 0, -2, -1.5707963267948966, 2.0
142, 84, 657, 331, 659, 332, -2, -1, -2.677945044588987, 2.23606797749979
142, 85, 483, 45, 483, 47, 0, -2, -1.5707963267948966, 2.0
142, 86, 638, 441, 640, 437, -2, 4, 2.0344439357957027, 4.47213595499958
142, 87, 465, 538, 465, 543, 0, -5, -1.5707963267948966, 5.0
142, 88, 119, 594, 118, 597, 1, -3, -1.2490457723982544, 3.1622776601683795
142, 89, 1161, 132, 1160, 133, 1, -1, -0.7853981633974483, 1.4142135623730951
142, 90, 1210, 359, 1209, 355, 1, 4, 1.3258176636680326, 4.123105625617661
142, 91, 1206, 311, 1207, 306, -1, 5, 1.7681918866447774, 5.0990195135927845
142, 92, 375, 326, 378, 323, -3, 3, 2.356194490192345, 4.242640687119285
142, 93, 775, 40, 777, 41, -2, -1, -2.677945044588987, 2.23606797749979
142, 94, 621, 329, 621, 326, 0, 3, 1.5707963267948966, 3.0
142, 95, 745, 29, 746, 32, -1, -3, -1.892546881191539, 3.1622776601683795
142, 96, 290, 358, 290, 358, 0, 0, 0.0, 0.0
142, 97, 374, 409, 377, 407, -3, 2, 2.5535900500422257, 3.605551275463989
142, 98, 804, 24, 806, 25, -2, -1, -2.677945044588987, 2.23606797749979
142, 99, 363, 318, 364, 314, -1, 4, 1.8157749899217608, 4.123105625617661
142, 100, 648, 258, 651, 255, -3, 3, 2.356194490192345, 4.242640687119285
142, 101, 649, 360, 649, 359, 0, 1, 1.5707963267948966, 1.0
142, 102, 104, 484, 105, 481, -1, 3, 1.892546881191539, 3.1622776601683795
142, 103, 555, 27, 553, 29, 2, -2, -0.7853981633974483, 2.8284271247461903
142, 104, 1151, 204, 1151, 205, 0, -1, -1.5707963267948966, 1.0
142, 105, 940, 34, 940, 35, 0, -1, -1.5707963267948966, 1.0
142, 106, 1193, 136, 1193, 134, 0, 2, 1.5707963267948966, 2.0
142, 107, 153, 40, 154, 37, -1, 3, 1.892546881191539, 3.1622776601683795
142, 108, 152, 64, 153, 61, -1, 3, 1.892546881191539, 3.1622776601683795
142, 109, 646, 374, 646, 371, 0, 3, 1.5707963267948966, 3.0
142, 110, 849, 377, 850, 382, -1, -5, -1.7681918866447774, 5.0990195135927845
142, 111, 498, 441, 498, 445, 0, -4, -1.5707963267948966, 4.0
142, 112, 1193, 342, 1193, 344, 0, -2, -1.5707963267948966, 2.0
142, 113, 172, 74, 172, 74, 0, 0, 0.0, 0.0
142, 114, 1166, 224, 1166, 223, 0, 1, 1.5707963267948966, 1.0
142, 115, 302, 352, 303, 352, -1, 0, 3.141592653589793, 1.0
142, 116, 277, 310, 277, 312, 0, -2, -1.5707963267948966, 2.0
142, 117, 490, 53, 490, 56, 0, -3, -1.5707963267948966, 3.0
142, 118, 802, 133, 803, 139, -1, -6, -1.7359450042095235, 6.082762530298219
142, 119, 1187, 74, 1185, 72, 2, 2, 0.7853981633974483, 2.8284271247461903
142, 120, 837, 468, 836, 475, 1, -7, -1.4288992721907328, 7.0710678118654755
142, 121, 848, 33, 850, 35, -2, -2, -2.356194490192345, 2.8284271247461903
142, 122, 488, 435, 489, 439, -1, -4, -1.8157749899217608, 4.123105625617661
142, 123, 477, 513, 476, 515, 1, -2, -1.1071487177940904, 2.23606797749979
142, 124, 788, 203, 788, 199, 0, 4, 1.5707963267948966, 4.0
142, 125, 483, 202, 483, 206, 0, -4, -1.5707963267948966, 4.0
142, 126, 704, 427, 705, 432, -1, -5, -1.7681918866447774, 5.0990195135927845
142, 127, 378, 523, 378, 523, 0, 0, 0.0, 0.0
142, 128, 621, 130, 622, 127, -1, 3, 1.892546881191539, 3.1622776601683795
142, 129, 1237, 293, 1236, 290, 1, 3, 1.2490457723982544, 3.1622776601683795
142, 130, 780, 45, 782, 46, -2, -1, -2.677945044588987, 2.23606797749979
142, 131, 870, 417, 871, 422, -1, -5, -1.7681918866447774, 5.0990195135927845
142, 132, 799, 41, 801, 42, -2, -1, -2.677945044588987, 2.23606797749979
142, 133, 796, 236, 795, 235, 1, 1, 0.7853981633974483, 1.4142135623730951
142, 134, 849, 52, 851, 54, -2, -2, -2.356194490192345, 2.8284271247461903
142, 135, 490, 142, 491, 145, -1, -3, -1.892546881191539, 3.1622776601683795
142, 136, 781, 20, 781, 21, 0, -1, -1.5707963267948966, 1.0
142, 137, 660, 259, 664, 257, -4, 2, 2.677945044588987, 4.47213595499958
142, 138, 1186, 164, 1184, 161, 2, 3, 0.982793723247329, 3.605551275463989
142, 139, 695, 352, 695, 356, 0, -4, -1.5707963267948966, 4.0
142, 140, 394, 491, 395, 491, -1, 0, 3.141592653589793, 1.0
142, 141, 1261, 701, 1264, 712, -3, -11, -1.837048375945822, 11.40175425099138
142, 142, 1213, 258, 1212, 255, 1, 3, 1.2490457723982544, 3.1622776601683795
142, 143, 517, 513, 517, 519, 0, -6, -1.5707963267948966, 6.0
142, 144, 1186, 129, 1186, 127, 0, 2, 1.5707963267948966, 2.0
142, 145, 1223, 251, 1223, 247, 0, 4, 1.5707963267948966, 4.0
142, 146, 98, 478, 98, 475, 0, 3, 1.5707963267948966, 3.0
142, 147, 731, 331, 731, 334, 0, -3, -1.5707963267948966, 3.0
142, 148, 240, 316, 240, 317, 0, -1, -1.5707963267948966, 1.0
142, 149, 668, 313, 669, 311, -1, 2, 2.0344439357957027, 2.23606797749979
142, 150, 777, 154, 777, 157, 0, -3, -1.5707963267948966, 3.0
142, 151, 89, 479, 86, 476, 3, 3, 0.7853981633974483, 4.242640687119285
142, 152, 155, 80, 156, 78, -1, 2, 2.0344439357957027, 2.23606797749979
142, 153, 621, 179, 621, 177, 0, 2, 1.5707963267948966, 2.0
142, 154, 633, 128, 634, 124, -1, 4, 1.8157749899217608, 4.123105625617661
143, 0, 853, 390, 853, 394, 0, -4, -1.5707963267948966, 4.0
143, 1, 355, 356, 356, 353, -1, 3, 1.892546881191539, 3.1622776601683795
143, 2, 483, 62, 484, 66, -1, -4, -1.8157749899217608, 4.123105625617661
143, 3, 174, 54, 175, 53, -1, 1, 2.356194490192345, 1.4142135623730951
143, 4, 302, 360, 302, 361, 0, -1, -1.5707963267948966, 1.0
143, 5, 585, 27, 586, 29, -1, -2, -2.0344439357957027, 2.23606797749979
143, 6, 840, 389, 841, 394, -1, -5, -1.7681918866447774, 5.0990195135927845
143, 7, 482, 445, 483, 449, -1, -4, -1.8157749899217608, 4.123105625617661
143, 8, 1226, 303, 1226, 299, 0, 4, 1.5707963267948966, 4.0
143, 9, 269, 77, 267, 76, 2, 1, 0.4636476090008061, 2.23606797749979
143, 10, 89, 495, 88, 491, 1, 4, 1.3258176636680326, 4.123105625617661
143, 11, 241, 22, 237, 23, 4, -1, -0.24497866312686414, 4.123105625617661
143, 12, 552, 18, 551, 19, 1, -1, -0.7853981633974483, 1.4142135623730951
143, 13, 625, 94, 626, 92, -1, 2, 2.0344439357957027, 2.23606797749979
143, 14, 1050, 207, 1051, 211, -1, -4, -1.8157749899217608, 4.123105625617661
143, 15, 640, 326, 641, 324, -1, 2, 2.0344439357957027, 2.23606797749979
143, 16, 695, 360, 694, 365, 1, -5, -1.373400766945016, 5.0990195135927845
143, 17, 664, 267, 665, 266, -1, 1, 2.356194490192345, 1.4142135623730951
143, 18, 800, 155, 800, 157, 0, -2, -1.5707963267948966, 2.0
143, 19, 843, 494, 843, 496, 0, -2, -1.5707963267948966, 2.0
143, 20, 238, 82, 237, 83, 1, -1, -0.7853981633974483, 1.4142135623730951
143, 21, 546, 26, 545, 27, 1, -1, -0.7853981633974483, 1.4142135623730951
143, 22, 492, 71, 493, 75, -1, -4, -1.8157749899217608, 4.123105625617661
143, 23, 547, 99, 547, 100, 0, -1, -1.5707963267948966, 1.0
143, 24, 462, 526, 460, 530, 2, -4, -1.1071487177940904, 4.47213595499958
143, 25, 775, 204, 775, 201, 0, 3, 1.5707963267948966, 3.0
143, 26, 456, 521, 454, 524, 2, -3, -0.982793723247329, 3.605551275463989
143, 27, 461, 119, 462, 122, -1, -3, -1.892546881191539, 3.1622776601683795
143, 28, 788, 109, 789, 112, -1, -3, -1.892546881191539, 3.1622776601683795
143, 29, 1261, 226, 1261, 223, 0, 3, 1.5707963267948966, 3.0
143, 30, 694, 450, 695, 453, -1, -3, -1.892546881191539, 3.1622776601683795
143, 31, 1078, 170, 1080, 172, -2, -2, -2.356194490192345, 2.8284271247461903
143, 32, 496, 443, 497, 448, -1, -5, -1.7681918866447774, 5.0990195135927845
143, 33, 239, 64, 236, 65, 3, -1, -0.3217505543966422, 3.1622776601683795
143, 34, 813, 22, 814, 22, -1, 0, 3.141592653589793, 1.0
143, 35, 249, 64, 246, 65, 3, -1, -0.3217505543966422, 3.1622776601683795
143, 36, 378, 424, 379, 421, -1, 3, 1.892546881191539, 3.1622776601683795
143, 37, 784, 194, 784, 192, 0, 2, 1.5707963267948966, 2.0
143, 38, 949, 16, 948, 16, 1, 0, 0.0, 1.0
143, 39, 826, 36, 828, 36, -2, 0, 3.141592653589793, 2.0
143, 40, 467, 107, 467, 110, 0, -3, -1.5707963267948966, 3.0
143, 41, 246, 327, 246, 328, 0, -1, -1.5707963267948966, 1.0
143, 42, 464, 496, 464, 501, 0, -5, -1.5707963267948966, 5.0
143, 43, 577, 18, 578, 20, -1, -2, -2.0344439357957027, 2.23606797749979
143, 44, 365, 487, 367, 484, -2, 3, 2.158798930342464, 3.605551275463989
143, 45, 702, 369, 701, 374, 1, -5, -1.373400766945016, 5.0990195135927845
143, 46, 87, 547, 86, 543, 1, 4, 1.3258176636680326, 4.123105625617661
143, 47, 781, 269, 781, 268, 0, 1, 1.5707963267948966, 1.0
143, 48, 1180, 176, 1179, 175, 1, 1, 0.7853981633974483, 1.4142135623730951
143, 49, 253, 47, 250, 48, 3, -1, -0.3217505543966422, 3.1622776601683795
143, 50, 1079, 156, 1080, 159, -1, -3, -1.892546881191539, 3.1622776601683795
143, 51, 706, 363, 706, 368, 0, -5, -1.5707963267948966, 5.0
143, 52, 1225, 262, 1226, 258, -1, 4, 1.8157749899217608, 4.123105625617661
143, 53, 710, 408, 711, 412, -1, -4, -1.8157749899217608, 4.123105625617661
143, 54, 822, 441, 822, 445, 0, -4, -1.5707963267948966, 4.0
143, 55, 474, 117, 475, 120, -1, -3, -1.892546881191539, 3.1622776601683795
143, 56, 845, 20, 847, 21, -2, -1, -2.677945044588987, 2.23606797749979
143, 57, 938, 14, 937, 15, 1, -1, -0.7853981633974483, 1.4142135623730951
143, 58, 239, 31, 235, 32, 4, -1, -0.24497866312686414, 4.123105625617661
143, 59, 1175, 82, 1174, 82, 1, 0, 0.0, 1.0
143, 60, 235, 52, 232, 53, 3, -1, -0.3217505543966422, 3.1622776601683795
143, 61, 745, 277, 746, 282, -1, -5, -1.7681918866447774, 5.0990195135927845
143, 62, 1176, 118, 1175, 117, 1, 1, 0.7853981633974483, 1.4142135623730951
143, 63, 478, 97, 479, 101, -1, -4, -1.8157749899217608, 4.123105625617661
143, 64, 1211, 70, 1210, 69, 1, 1, 0.7853981633974483, 1.4142135623730951
143, 65, 1256, 700, 1256, 701, 0, -1, -1.5707963267948966, 1.0
143, 66, 1261, 260, 1261, 257, 0, 3, 1.5707963267948966, 3.0
143, 67, 609, 392, 609, 390, 0, 2, 1.5707963267948966, 2.0
143, 68, 1067, 170, 1069, 173, -2, -3, -2.158798930342464, 3.605551275463989
143, 69, 699, 406, 700, 410, -1, -4, -1.8157749899217608, 4.123105625617661
143, 70, 830, 397, 831, 402, -1, -5, -1.7681918866447774, 5.0990195135927845
143, 71, 653, 250, 655, 249, -2, 1, 2.677945044588987, 2.23606797749979
143, 72, 914, 18, 911, 18, 3, 0, 0.0, 3.0
143, 73, 686, 398, 686, 403, 0, -5, -1.5707963267948966, 5.0
143, 74, 739, 248, 740, 251, -1, -3, -1.892546881191539, 3.1622776601683795
143, 75, 355, 478, 357, 475, -2, 3, 2.158798930342464, 3.605551275463989
143, 76, 393, 363, 394, 360, -1, 3, 1.892546881191539, 3.1622776601683795
143, 77, 552, 66, 552, 67, 0, -1, -1.5707963267948966, 1.0
143, 78, 656, 332, 657, 331, -1, 1, 2.356194490192345, 1.4142135623730951
143, 79, 483, 43, 483, 45, 0, -2, -1.5707963267948966, 2.0
143, 80, 636, 444, 638, 441, -2, 3, 2.158798930342464, 3.605551275463989
143, 81, 466, 534, 465, 538, 1, -4, -1.3258176636680326, 4.123105625617661
143, 82, 121, 590, 119, 594, 2, -4, -1.1071487177940904, 4.47213595499958
143, 83, 1162, 132, 1161, 132, 1, 0, 0.0, 1.0
143, 84, 1211, 362, 1210, 359, 1, 3, 1.2490457723982544, 3.1622776601683795
143, 85, 1205, 314, 1206, 311, -1, 3, 1.892546881191539, 3.1622776601683795
143, 86, 374, 330, 375, 326, -1, 4, 1.8157749899217608, 4.123105625617661
143, 87, 621, 333, 621, 329, 0, 4, 1.5707963267948966, 4.0
143, 88, 744, 26, 745, 29, -1, -3, -1.892546881191539, 3.1622776601683795
143, 89, 373, 412, 374, 409, -1, 3, 1.892546881191539, 3.1622776601683795
143, 90, 362, 321, 363, 318, -1, 3, 1.892546881191539, 3.1622776601683795
143, 91, 647, 259, 648, 258, -1, 1, 2.356194490192345, 1.4142135623730951
143, 92, 649, 361, 649, 360, 0, 1, 1.5707963267948966, 1.0
143, 93, 105, 488, 104, 484, 1, 4, 1.3258176636680326, 4.123105625617661
143, 94, 556, 26, 555, 27, 1, -1, -0.7853981633974483, 1.4142135623730951
143, 95, 1151, 203, 1151, 204, 0, -1, -1.5707963267948966, 1.0
143, 96, 940, 34, 940, 34, 0, 0, 0.0, 0.0
143, 97, 1194, 137, 1193, 136, 1, 1, 0.7853981633974483, 1.4142135623730951
143, 98, 152, 41, 153, 40, -1, 1, 2.356194490192345, 1.4142135623730951
143, 99, 151, 65, 152, 64, -1, 1, 2.356194490192345, 1.4142135623730951
143, 100, 646, 377, 646, 374, 0, 3, 1.5707963267948966, 3.0
143, 101, 848, 372, 849, 377, -1, -5, -1.7681918866447774, 5.0990195135927845
143, 102, 497, 436, 498, 441, -1, -5, -1.7681918866447774, 5.0990195135927845
143, 103, 1193, 342, 1193, 342, 0, 0, 0.0, 0.0
143, 104, 172, 73, 172, 74, 0, -1, -1.5707963267948966, 1.0
143, 105, 1166, 223, 1166, 224, 0, -1, -1.5707963267948966, 1.0
143, 106, 490, 51, 490, 53, 0, -2, -1.5707963267948966, 2.0
143, 107, 801, 131, 802, 133, -1, -2, -2.0344439357957027, 2.23606797749979
143, 108, 1188, 74, 1187, 74, 1, 0, 0.0, 1.0
143, 109, 837, 466, 837, 468, 0, -2, -1.5707963267948966, 2.0
143, 110, 846, 32, 848, 33, -2, -1, -2.677945044588987, 2.23606797749979
143, 111, 487, 430, 488, 435, -1, -5, -1.7681918866447774, 5.0990195135927845
143, 112, 478, 510, 477, 513, 1, -3, -1.2490457723982544, 3.1622776601683795
143, 113, 788, 206, 788, 203, 0, 3, 1.5707963267948966, 3.0
143, 114, 483, 200, 483, 202, 0, -2, -1.5707963267948966, 2.0
143, 115, 378, 522, 378, 523, 0, -1, -1.5707963267948966, 1.0
143, 116, 620, 132, 621, 130, -1, 2, 2.0344439357957027, 2.23606797749979
143, 117, 1237, 297, 1237, 293, 0, 4, 1.5707963267948966, 4.0
143, 118, 779, 45, 780, 45, -1, 0, 3.141592653589793, 1.0
143, 119, 869, 412, 870, 417, -1, -5, -1.7681918866447774, 5.0990195135927845
143, 120, 798, 41, 799, 41, -1, 0, 3.141592653589793, 1.0
143, 121, 796, 237, 796, 236, 0, 1, 1.5707963267948966, 1.0
143, 122, 781, 19, 781, 20, 0, -1, -1.5707963267948966, 1.0
143, 123, 658, 260, 660, 259, -2, 1, 2.677945044588987, 2.23606797749979
143, 124, 1187, 165, 1186, 164, 1, 1, 0.7853981633974483, 1.4142135623730951
143, 125, 696, 347, 695, 352, 1, -5, -1.373400766945016, 5.0990195135927845
143, 126, 394, 495, 394, 491, 0, 4, 1.5707963267948966, 4.0
143, 127, 1261, 700, 1261, 701, 0, -1, -1.5707963267948966, 1.0
143, 128, 1213, 262, 1213, 258, 0, 4, 1.5707963267948966, 4.0
143, 129, 517, 507, 517, 513, 0, -6, -1.5707963267948966, 6.0
143, 130, 1186, 130, 1186, 129, 0, 1, 1.5707963267948966, 1.0
143, 131, 1223, 256, 1223, 251, 0, 5, 1.5707963267948966, 5.0
143, 132, 99, 482, 98, 478, 1, 4, 1.3258176636680326, 4.123105625617661
143, 133, 240, 315, 240, 316, 0, -1, -1.5707963267948966, 1.0
143, 134, 667, 314, 668, 313, -1, 1, 2.356194490192345, 1.4142135623730951
143, 135, 777, 152, 777, 154, 0, -2, -1.5707963267948966, 2.0
143, 136, 91, 482, 89, 479, 2, 3, 0.982793723247329, 3.605551275463989
143, 137, 155, 81, 155, 80, 0, 1, 1.5707963267948966, 1.0
143, 138, 621, 180, 621, 179, 0, 1, 1.5707963267948966, 1.0
143, 139, 632, 130, 633, 128, -1, 2, 2.0344439357957027, 2.23606797749979
144, 0, 359, 362, 360, 359, -1, 3, 1.892546881191539, 3.1622776601683795
144, 1, 587, 28, 587, 30, 0, -2, -1.5707963267948966, 2.0
144, 2, 853, 387, 854, 392, -1, -5, -1.7681918866447774, 5.0990195135927845
144, 3, 1083, 215, 1084, 217, -1, -2, -2.0344439357957027, 2.23606797749979
144, 4, 174, 54, 175, 54, -1, 0, 3.141592653589793, 1.0
144, 5, 842, 386, 842, 391, 0, -5, -1.5707963267948966, 5.0
144, 6, 485, 62, 485, 66, 0, -4, -1.5707963267948966, 4.0
144, 7, 91, 502, 90, 498, 1, 4, 1.3258176636680326, 4.123105625617661
144, 8, 800, 152, 801, 155, -1, -3, -1.892546881191539, 3.1622776601683795
144, 9, 243, 20, 239, 22, 4, -2, -0.4636476090008061, 4.47213595499958
144, 10, 1227, 307, 1226, 303, 1, 4, 1.3258176636680326, 4.123105625617661
144, 11, 483, 439, 484, 444, -1, -5, -1.7681918866447774, 5.0990195135927845
144, 12, 626, 92, 627, 92, -1, 0, 3.141592653589793, 1.0
144, 13, 332, 356, 332, 357, 0, -1, -1.5707963267948966, 1.0
144, 14, 308, 328, 308, 329, 0, -1, -1.5707963267948966, 1.0
144, 15, 552, 18, 551, 20, 1, -2, -1.1071487177940904, 2.23606797749979
144, 16, 1261, 225, 1268, 222, -7, 3, 2.7367008673047097, 7.615773105863909
144, 17, 498, 439, 498, 444, 0, -5, -1.5707963267948966, 5.0
144, 18, 464, 516, 462, 519, 2, -3, -0.982793723247329, 3.605551275463989
144, 19, 775, 205, 775, 202, 0, 3, 1.5707963267948966, 3.0
144, 20, 696, 359, 695, 364, 1, -5, -1.373400766945016, 5.0990195135927845
144, 21, 291, 319, 291, 320, 0, -1, -1.5707963267948966, 1.0
144, 22, 579, 18, 579, 20, 0, -2, -1.5707963267948966, 2.0
144, 23, 1060, 256, 1060, 257, 0, -1, -1.5707963267948966, 1.0
144, 24, 239, 81, 237, 82, 2, -1, -0.4636476090008061, 2.23606797749979
144, 25, 665, 267, 666, 266, -1, 1, 2.356194490192345, 1.4142135623730951
144, 26, 545, 26, 544, 28, 1, -2, -1.1071487177940904, 2.23606797749979
144, 27, 265, 78, 264, 79, 1, -1, -0.7853981633974483, 1.4142135623730951
144, 28, 547, 99, 547, 100, 0, -1, -1.5707963267948966, 1.0
144, 29, 642, 326, 643, 325, -1, 1, 2.356194490192345, 1.4142135623730951
144, 30, 253, 64, 249, 65, 4, -1, -0.24497866312686414, 4.123105625617661
144, 31, 241, 63, 237, 65, 4, -2, -0.4636476090008061, 4.47213595499958
144, 32, 802, 132, 803, 135, -1, -3, -1.892546881191539, 3.1622776601683795
144, 33, 824, 34, 826, 34, -2, 0, 3.141592653589793, 2.0
144, 34, 379, 425, 380, 423, -1, 2, 2.0344439357957027, 2.23606797749979
144, 35, 624, 420, 625, 420, -1, 0, 3.141592653589793, 1.0
144, 36, 467, 108, 467, 111, 0, -3, -1.5707963267948966, 3.0
144, 37, 845, 20, 847, 21, -2, -1, -2.677945044588987, 2.23606797749979
144, 38, 456, 511, 455, 514, 1, -3, -1.2490457723982544, 3.1622776601683795
144, 39, 1050, 204, 1051, 208, -1, -4, -1.8157749899217608, 4.123105625617661
144, 40, 702, 368, 702, 373, 0, -5, -1.5707963267948966, 5.0
144, 41, 463, 119, 463, 122, 0, -3, -1.5707963267948966, 3.0
144, 42, 781, 17, 781, 18, 0, -1, -1.5707963267948966, 1.0
144, 43, 710, 282, 711, 284, -1, -2, -2.0344439357957027, 2.23606797749979
144, 44, 938, 15, 937, 16, 1, -1, -0.7853981633974483, 1.4142135623730951
144, 45, 1210, 69, 1209, 69, 1, 0, 0.0, 1.0
144, 46, 1180, 174, 1179, 174, 1, 0, 0.0, 1.0
144, 47, 1079, 171, 1081, 174, -2, -3, -2.158798930342464, 3.605551275463989
144, 48, 708, 360, 708, 365, 0, -5, -1.5707963267948966, 5.0
144, 49, 937, 103, 937, 104, 0, -1, -1.5707963267948966, 1.0
144, 50, 1079, 158, 1080, 161, -1, -3, -1.892546881191539, 3.1622776601683795
144, 51, 492, 71, 493, 75, -1, -4, -1.8157749899217608, 4.123105625617661
144, 52, 256, 48, 253, 49, 3, -1, -0.3217505543966422, 3.1622776601683795
144, 53, 831, 395, 832, 400, -1, -5, -1.7681918866447774, 5.0990195135927845
144, 54, 1261, 230, 1277, 227, -16, 3, 2.9562447035940984, 16.278820596099706
144, 55, 90, 553, 89, 549, 1, 4, 1.3258176636680326, 4.123105625617661
144, 56, 789, 110, 790, 113, -1, -3, -1.892546881191539, 3.1622776601683795
144, 57, 386, 498, 387, 494, -1, 4, 1.8157749899217608, 4.123105625617661
144, 58, 495, 543, 495, 545, 0, -2, -1.5707963267948966, 2.0
144, 59, 240, 52, 237, 54, 3, -2, -0.5880026035475675, 3.605551275463989
144, 60, 478, 97, 479, 100, -1, -3, -1.892546881191539, 3.1622776601683795
144, 61, 1174, 82, 1173, 82, 1, 0, 0.0, 1.0
144, 62, 799, 16, 800, 18, -1, -2, -2.0344439357957027, 2.23606797749979
144, 63, 773, 279, 771, 277, 2, 2, 0.7853981633974483, 2.8284271247461903
144, 64, 507, 503, 507, 507, 0, -4, -1.5707963267948966, 4.0
144, 65, 843, 493, 843, 497, 0, -4, -1.5707963267948966, 4.0
144, 66, 241, 29, 238, 31, 3, -2, -0.5880026035475675, 3.605551275463989
144, 67, 737, 246, 738, 249, -1, -3, -1.892546881191539, 3.1622776601683795
144, 68, 788, 206, 788, 203, 0, 3, 1.5707963267948966, 3.0
144, 69, 1228, 265, 1228, 261, 0, 4, 1.5707963267948966, 4.0
144, 70, 475, 117, 475, 120, 0, -3, -1.5707963267948966, 3.0
144, 71, 1067, 170, 1069, 173, -2, -3, -2.158798930342464, 3.605551275463989
144, 72, 247, 406, 247, 407, 0, -1, -1.5707963267948966, 1.0
144, 73, 780, 199, 780, 196, 0, 3, 1.5707963267948966, 3.0
144, 74, 846, 33, 848, 35, -2, -2, -2.356194490192345, 2.8284271247461903
144, 75, 1080, 208, 1081, 210, -1, -2, -2.0344439357957027, 2.23606797749979
144, 76, 474, 199, 475, 201, -1, -2, -2.0344439357957027, 2.23606797749979
144, 77, 794, 13, 793, 14, 1, -1, -0.7853981633974483, 1.4142135623730951
144, 78, 610, 392, 610, 390, 0, 2, 1.5707963267948966, 2.0
144, 79, 781, 267, 781, 267, 0, 0, 0.0, 0.0
144, 80, 153, 63, 154, 63, -1, 0, 3.141592653589793, 1.0
144, 81, 776, 150, 776, 152, 0, -2, -1.5707963267948966, 2.0
144, 82, 356, 480, 358, 478, -2, 2, 2.356194490192345, 2.8284271247461903
144, 83, 482, 45, 482, 47, 0, -2, -1.5707963267948966, 2.0
144, 84, 1261, 267, 1274, 264, -13, 3, 2.9147938055359073, 13.341664064126334
144, 85, 1171, 115, 1169, 115, 2, 0, 0.0, 2.0
144, 86, 650, 251, 651, 250, -1, 1, 2.356194490192345, 1.4142135623730951
144, 87, 633, 165, 633, 166, 0, -1, -1.5707963267948966, 1.0
144, 88, 561, 90, 561, 91, 0, -1, -1.5707963267948966, 1.0
144, 89, 615, 134, 616, 133, -1, 1, 2.356194490192345, 1.4142135623730951
144, 90, 578, 95, 579, 97, -1, -2, -2.0344439357957027, 2.23606797749979
144, 91, 949, 19, 949, 20, 0, -1, -1.5707963267948966, 1.0
144, 92, 1166, 137, 1166, 137, 0, 0, 0.0, 0.0
144, 93, 330, 408, 330, 409, 0, -1, -1.5707963267948966, 1.0
144, 94, 687, 397, 687, 402, 0, -5, -1.5707963267948966, 5.0
144, 95, 648, 259, 649, 258, -1, 1, 2.356194490192345, 1.4142135623730951
144, 96, 1212, 364, 1213, 361, -1, 3, 1.892546881191539, 3.1622776601683795
144, 97, 574, 29, 575, 31, -1, -2, -2.0344439357957027, 2.23606797749979
144, 98, 374, 414, 375, 412, -1, 2, 2.0344439357957027, 2.23606797749979
144, 99, 925, 97, 925, 98, 0, -1, -1.5707963267948966, 1.0
144, 100, 1212, 9, 1212, 10, 0, -1, -1.5707963267948966, 1.0
144, 101, 376, 332, 377, 329, -1, 3, 1.892546881191539, 3.1622776601683795
144, 102, 471, 524, 469, 529, 2, -5, -1.1902899496825317, 5.385164807134504
144, 103, 492, 551, 492, 554, 0, -3, -1.5707963267948966, 3.0
144, 104, 74, 151, 74, 152, 0, -1, -1.5707963267948966, 1.0
144, 105, 849, 371, 849, 376, 0, -5, -1.5707963267948966, 5.0
144, 106, 934, 93, 934, 94, 0, -1, -1.5707963267948966, 1.0
144, 107, 730, 333, 730, 334, 0, -1, -1.5707963267948966, 1.0
144, 108, 524, 491, 523, 499, 1, -8, -1.446441332248135, 8.06225774829855
144, 109, 650, 377, 649, 374, 1, 3, 1.2490457723982544, 3.1622776601683795
144, 110, 556, 26, 555, 28, 1, -2, -1.1071487177940904, 2.23606797749979
144, 111, 1188, 73, 1187, 73, 1, 0, 0.0, 1.0
144, 112, 1193, 343, 1193, 344, 0, -1, -1.5707963267948966, 1.0
144, 113, 694, 450, 695, 454, -1, -4, -1.8157749899217608, 4.123105625617661
144, 114, 659, 337, 660, 333, -1, 4, 1.8157749899217608, 4.123105625617661
144, 115, 511, 449, 510, 453, 1, -4, -1.3258176636680326, 4.123105625617661
144, 116, 152, 39, 153, 39, -1, 0, 3.141592653589793, 1.0
144, 117, 761, 237, 761, 236, 0, 1, 1.5707963267948966, 1.0
144, 118, 661, 261, 662, 260, -1, 1, 2.356194490192345, 1.4142135623730951
144, 119, 109, 493, 108, 489, 1, 4, 1.3258176636680326, 4.123105625617661
144, 120, 1205, 317, 1205, 313, 0, 4, 1.5707963267948966, 4.0
144, 121, 490, 140, 491, 143, -1, -3, -1.892546881191539, 3.1622776601683795
144, 122, 714, 406, 714, 410, 0, -4, -1.5707963267948966, 4.0
144, 123, 1166, 221, 1166, 222, 0, -1, -1.5707963267948966, 1.0
144, 124, 394, 500, 395, 496, -1, 4, 1.8157749899217608, 4.123105625617661
144, 125, 281, 306, 281, 307, 0, -1, -1.5707963267948966, 1.0
144, 126, 486, 426, 487, 431, -1, -5, -1.7681918866447774, 5.0990195135927845
144, 127, 474, 489, 474, 493, 0, -4, -1.5707963267948966, 4.0
144, 128, 1162, 131, 1161, 131, 1, 0, 0.0, 1.0
144, 129, 55, 75, 55, 76, 0, -1, -1.5707963267948966, 1.0
144, 130, 327, 377, 327, 378, 0, -1, -1.5707963267948966, 1.0
144, 131, 649, 356, 649, 356, 0, 0, 0.0, 0.0
144, 132, 1202, 143, 1200, 143, 2, 0, 0.0, 2.0
144, 133, 1188, 163, 1187, 163, 1, 0, 0.0, 1.0
144, 134, 632, 130, 633, 129, -1, 1, 2.356194490192345, 1.4142135623730951
144, 135, 623, 336, 622, 333, 1, 3, 1.2490457723982544, 3.1622776601683795
144, 136, 363, 322, 364, 320, -1, 2, 2.0344439357957027, 2.23606797749979
144, 137, 940, 34, 940, 35, 0, -1, -1.5707963267948966, 1.0
144, 138, 1152, 205, 1152, 205, 0, 0, 0.0, 0.0
144, 139, 855, 54, 855, 55, 0, -1, -1.5707963267948966, 1.0
144, 140, 590, 55, 591, 57, -1, -2, -2.0344439357957027, 2.23606797749979
144, 141, 241, 315, 241, 316, 0, -1, -1.5707963267948966, 1.0
144, 142, 1224, 258, 1224, 254, 0, 4, 1.5707963267948966, 4.0
144, 143, 913, 17, 909, 18, 4, -1, -0.24497866312686414, 4.123105625617661
144, 144, 791, 162, 792, 165, -1, -3, -1.892546881191539, 3.1622776601683795
144, 145, 484, 193, 484, 195, 0, -2, -1.5707963267948966, 2.0
144, 146, 1237, 300, 1237, 296, 0, 4, 1.5707963267948966, 4.0
144, 147, 137, 543, 135, 541, 2, 2, 0.7853981633974483, 2.8284271247461903
144, 148, 553, 67, 553, 68, 0, -1, -1.5707963267948966, 1.0
144, 149, 1188, 108, 1187, 108, 1, 0, 0.0, 1.0
145, 0, 358, 364, 359, 362, -1, 2, 2.0344439357957027, 2.23606797749979
145, 1, 587, 26, 587, 28, 0, -2, -1.5707963267948966, 2.0
145, 2, 853, 383, 853, 387, 0, -4, -1.5707963267948966, 4.0
145, 3, 1082, 213, 1083, 215, -1, -2, -2.0344439357957027, 2.23606797749979
145, 4, 173, 54, 174, 54, -1, 0, 3.141592653589793, 1.0
145, 5, 842, 382, 842, 386, 0, -4, -1.5707963267948966, 4.0
145, 6, 484, 58, 485, 62, -1, -4, -1.8157749899217608, 4.123105625617661
145, 7, 92, 506, 91, 502, 1, 4, 1.3258176636680326, 4.123105625617661
145, 8, 800, 149, 800, 152, 0, -3, -1.5707963267948966, 3.0
145, 9, 247, 18, 243, 20, 4, -2, -0.4636476090008061, 4.47213595499958
145, 10, 1228, 311, 1227, 307, 1, 4, 1.3258176636680326, 4.123105625617661
145, 11, 483, 435, 483, 439, 0, -4, -1.5707963267948966, 4.0
145, 12, 625, 92, 626, 92, -1, 0, 3.141592653589793, 1.0
145, 13, 332, 355, 332, 356, 0, -1, -1.5707963267948966, 1.0
145, 14, 308, 327, 308, 328, 0, -1, -1.5707963267948966, 1.0
145, 15, 553, 17, 552, 18, 1, -1, -0.7853981633974483, 1.4142135623730951
145, 16, 1261, 227, 1261, 225, 0, 2, 1.5707963267948966, 2.0
145, 17, 498, 434, 498, 439, 0, -5, -1.5707963267948966, 5.0
145, 18, 466, 513, 464, 516, 2, -3, -0.982793723247329, 3.605551275463989
145, 19, 775, 208, 775, 205, 0, 3, 1.5707963267948966, 3.0
145, 20, 697, 354, 696, 359, 1, -5, -1.373400766945016, 5.0990195135927845
145, 21, 291, 318, 291, 319, 0, -1, -1.5707963267948966, 1.0
145, 22, 579, 16, 579, 18, 0, -2, -1.5707963267948966, 2.0
145, 23, 1060, 254, 1060, 256, 0, -2, -1.5707963267948966, 2.0
145, 24, 242, 80, 239, 81, 3, -1, -0.3217505543966422, 3.1622776601683795
145, 25, 664, 268, 665, 267, -1, 1, 2.356194490192345, 1.4142135623730951
145, 26, 546, 25, 545, 26, 1, -1, -0.7853981633974483, 1.4142135623730951
145, 27, 266, 77, 265, 78, 1, -1, -0.7853981633974483, 1.4142135623730951
145, 28, 547, 98, 547, 99, 0, -1, -1.5707963267948966, 1.0
145, 29, 641, 327, 642, 326, -1, 1, 2.356194490192345, 1.4142135623730951
145, 30, 256, 63, 253, 64, 3, -1, -0.3217505543966422, 3.1622776601683795
145, 31, 244, 62, 241, 63, 3, -1, -0.3217505543966422, 3.1622776601683795
145, 32, 802, 130, 802, 132, 0, -2, -1.5707963267948966, 2.0
145, 33, 823, 34, 824, 34, -1, 0, 3.141592653589793, 1.0
145, 34, 379, 427, 379, 425, 0, 2, 1.5707963267948966, 2.0
145, 35, 624, 419, 624, 420, 0, -1, -1.5707963267948966, 1.0
145, 36, 467, 106, 467, 108, 0, -2, -1.5707963267948966, 2.0
145, 37, 843, 19, 845, 20, -2, -1, -2.677945044588987, 2.23606797749979
145, 38, 458, 508, 456, 511, 2, -3, -0.982793723247329, 3.605551275463989
145, 39, 1048, 201, 1050, 204, -2, -3, -2.158798930342464, 3.605551275463989
145, 40, 703, 363, 702, 368, 1, -5, -1.373400766945016, 5.0990195135927845
145, 41, 463, 117, 463, 119, 0, -2, -1.5707963267948966, 2.0
145, 42, 781, 15, 781, 17, 0, -2, -1.5707963267948966, 2.0
145, 43, 709, 280, 710, 282, -1, -2, -2.0344439357957027, 2.23606797749979
145, 44, 939, 14, 938, 15, 1, -1, -0.7853981633974483, 1.4142135623730951
145, 45, 1212, 69, 1210, 69, 2, 0, 0.0, 2.0
145, 46, 1181, 175, 1180, 174, 1, 1, 0.7853981633974483, 1.4142135623730951
145, 47, 1078, 168, 1079, 171, -1, -3, -1.892546881191539, 3.1622776601683795
145, 48, 708, 355, 708, 360, 0, -5, -1.5707963267948966, 5.0
145, 49, 937, 102, 937, 103, 0, -1, -1.5707963267948966, 1.0
145, 50, 1078, 155, 1079, 158, -1, -3, -1.892546881191539, 3.1622776601683795
145, 51, 491, 67, 492, 71, -1, -4, -1.8157749899217608, 4.123105625617661
145, 52, 260, 48, 256, 48, 4, 0, 0.0, 4.0
145, 53, 830, 391, 831, 395, -1, -4, -1.8157749899217608, 4.123105625617661
145, 54, 1261, 232, 1261, 230, 0, 2, 1.5707963267948966, 2.0
145, 55, 92, 557, 90, 553, 2, 4, 1.1071487177940904, 4.47213595499958
145, 56, 789, 108, 789, 110, 0, -2, -1.5707963267948966, 2.0
145, 57, 386, 501, 386, 498, 0, 3, 1.5707963267948966, 3.0
145, 58, 495, 541, 495, 543, 0, -2, -1.5707963267948966, 2.0
145, 59, 243, 50, 240, 52, 3, -2, -0.5880026035475675, 3.605551275463989
145, 60, 478, 94, 478, 97, 0, -3, -1.5707963267948966, 3.0
145, 61, 1175, 82, 1174, 82, 1, 0, 0.0, 1.0
145, 62, 799, 14, 799, 16, 0, -2, -1.5707963267948966, 2.0
145, 63, 774, 280, 773, 279, 1, 1, 0.7853981633974483, 1.4142135623730951
145, 64, 507, 498, 507, 503, 0, -5, -1.5707963267948966, 5.0
145, 65, 843, 488, 843, 493, 0, -5, -1.5707963267948966, 5.0
145, 66, 245, 27, 241, 29, 4, -2, -0.4636476090008061, 4.47213595499958
145, 67, 736, 243, 737, 246, -1, -3, -1.892546881191539, 3.1622776601683795
145, 68, 788, 209, 788, 206, 0, 3, 1.5707963267948966, 3.0
145, 69, 1228, 269, 1228, 265, 0, 4, 1.5707963267948966, 4.0
145, 70, 475, 115, 475, 117, 0, -2, -1.5707963267948966, 2.0
145, 71, 1066, 167, 1067, 170, -1, -3, -1.892546881191539, 3.1622776601683795
145, 72, 247, 405, 247, 406, 0, -1, -1.5707963267948966, 1.0
145, 73, 780, 202, 780, 199, 0, 3, 1.5707963267948966, 3.0
145, 74, 844, 32, 846, 33, -2, -1, -2.677945044588987, 2.23606797749979
145, 75, 1079, 205, 1080, 208, -1, -3, -1.892546881191539, 3.1622776601683795
145, 76, 474, 197, 474, 199, 0, -2, -1.5707963267948966, 2.0
145, 77, 795, 11, 794, 13, 1, -2, -1.1071487177940904, 2.23606797749979
145, 78, 610, 394, 610, 392, 0, 2, 1.5707963267948966, 2.0
145, 79, 782, 266, 781, 267, 1, -1, -0.7853981633974483, 1.4142135623730951
145, 80, 152, 63, 153, 63, -1, 0, 3.141592653589793, 1.0
145, 81, 776, 149, 776, 150, 0, -1, -1.5707963267948966, 1.0
145, 82, 355, 482, 356, 480, -1, 2, 2.0344439357957027, 2.23606797749979
145, 83, 482, 44, 482, 45, 0, -1, -1.5707963267948966, 1.0
145, 84, 1261, 268, 1261, 267, 0, 1, 1.5707963267948966, 1.0
145, 85, 1173, 115, 1171, 115, 2, 0, 0.0, 2.0
145, 86, 649, 252, 650, 251, -1, 1, 2.356194490192345, 1.4142135623730951
145, 87, 561, 89, 561, 90, 0, -1, -1.5707963267948966, 1.0
145, 88, 614, 135, 615, 134, -1, 1, 2.356194490192345, 1.4142135623730951
145, 89, 578, 94, 578, 95, 0, -1, -1.5707963267948966, 1.0
145, 90, 950, 18, 949, 19, 1, -1, -0.7853981633974483, 1.4142135623730951
145, 91, 1167, 137, 1166, 137, 1, 0, 0.0, 1.0
145, 92, 330, 407, 330, 408, 0, -1, -1.5707963267948966, 1.0
145, 93, 687, 392, 687, 397, 0, -5, -1.5707963267948966, 5.0
145, 94, 647, 260, 648, 259, -1, 1, 2.356194490192345, 1.4142135623730951
145, 95, 1209, 367, 1212, 364, -3, 3, 2.356194490192345, 4.242640687119285
145, 96, 574, 27, 574, 29, 0, -2, -1.5707963267948966, 2.0
145, 97, 374, 416, 374, 414, 0, 2, 1.5707963267948966, 2.0
145, 98, 925, 96, 925, 97, 0, -1, -1.5707963267948966, 1.0
145, 99, 376, 334, 376, 332, 0, 2, 1.5707963267948966, 2.0
145, 100, 473, 519, 471, 524, 2, -5, -1.1902899496825317, 5.385164807134504
145, 101, 492, 549, 492, 551, 0, -2, -1.5707963267948966, 2.0
145, 102, 74, 150, 74, 151, 0, -1, -1.5707963267948966, 1.0
145, 103, 849, 365, 849, 371, 0, -6, -1.5707963267948966, 6.0
145, 104, 934, 92, 934, 93, 0, -1, -1.5707963267948966, 1.0
145, 105, 730, 332, 730, 333, 0, -1, -1.5707963267948966, 1.0
145, 106, 524, 484, 524, 491, 0, -7, -1.5707963267948966, 7.0
145, 107, 651, 380, 650, 377, 1, 3, 1.2490457723982544, 3.1622776601683795
145, 108, 557, 24, 556, 26, 1, -2, -1.1071487177940904, 2.23606797749979
145, 109, 1189, 73, 1188, 73, 1, 0, 0.0, 1.0
145, 110, 1193, 342, 1193, 343, 0, -1, -1.5707963267948966, 1.0
145, 111, 694, 445, 694, 450, 0, -5, -1.5707963267948966, 5.0
145, 112, 659, 341, 659, 337, 0, 4, 1.5707963267948966, 4.0
145, 113, 513, 445, 511, 449, 2, -4, -1.1071487177940904, 4.47213595499958
145, 114, 151, 39, 152, 39, -1, 0, 3.141592653589793, 1.0
145, 115, 761, 239, 761, 237, 0, 2, 1.5707963267948966, 2.0
145, 116, 660, 261, 661, 261, -1, 0, 3.141592653589793, 1.0
145, 117, 110, 496, 109, 493, 1, 3, 1.2490457723982544, 3.1622776601683795
145, 118, 1206, 320, 1205, 317, 1, 3, 1.2490457723982544, 3.1622776601683795
145, 119, 490, 138, 490, 140, 0, -2, -1.5707963267948966, 2.0
145, 120, 715, 401, 714, 406, 1, -5, -1.373400766945016, 5.0990195135927845
145, 121, 1166, 220, 1166, 221, 0, -1, -1.5707963267948966, 1.0
145, 122, 394, 504, 394, 500, 0, 4, 1.5707963267948966, 4.0
145, 123, 281, 305, 281, 306, 0, -1, -1.5707963267948966, 1.0
145, 124, 485, 421, 486, 426, -1, -5, -1.7681918866447774, 5.0990195135927845
145, 125, 474, 486, 474, 489, 0, -3, -1.5707963267948966, 3.0
145, 126, 1163, 131, 1162, 131, 1, 0, 0.0, 1.0
145, 127, 55, 74, 55, 75, 0, -1, -1.5707963267948966, 1.0
145, 128, 327, 376, 327, 377, 0, -1, -1.5707963267948966, 1.0
145, 129, 649, 355, 649, 356, 0, -1, -1.5707963267948966, 1.0
145, 130, 1204, 142, 1202, 143, 2, -1, -0.4636476090008061, 2.23606797749979
145, 131, 1189, 164, 1188, 163, 1, 1, 0.7853981633974483, 1.4142135623730951
145, 132, 631, 131, 632, 130, -1, 1, 2.356194490192345, 1.4142135623730951
145, 133, 624, 339, 623, 336, 1, 3, 1.2490457723982544, 3.1622776601683795
145, 134, 362, 324, 363, 322, -1, 2, 2.0344439357957027, 2.23606797749979
145, 135, 940, 33, 940, 34, 0, -1, -1.5707963267948966, 1.0
145, 136, 1153, 207, 1152, 205, 1, 2, 1.1071487177940904, 2.23606797749979
145, 137, 241, 314, 241, 315, 0, -1, -1.5707963267948966, 1.0
145, 138, 1224, 262, 1224, 258, 0, 4, 1.5707963267948966, 4.0
145, 139, 917, 17, 913, 17, 4, 0, 0.0, 4.0
145, 140, 791, 159, 791, 162, 0, -3, -1.5707963267948966, 3.0
145, 141, 484, 190, 484, 193, 0, -3, -1.5707963267948966, 3.0
145, 142, 1237, 304, 1237, 300, 0, 4, 1.5707963267948966, 4.0
145, 143, 140, 545, 137, 543, 3, 2, 0.5880026035475675, 3.605551275463989
145, 144, 553, 65, 553, 67, 0, -2, -1.5707963267948966, 2.0
145, 145, 1189, 108, 1188, 108, 1, 0, 0.0, 1.0
146, 0, 261, 344, 261, 345, 0, -1, -1.5707963267948966, 1.0
146, 1, 252, 340, 252, 341, 0, -1, -1.5707963267948966, 1.0
146, 2, 587, 27, 587, 28, 0, -1, -1.5707963267948966, 1.0
146, 3, 854, 382, 854, 386, 0, -4, -1.5707963267948966, 4.0
146, 4, 174, 54, 175, 54, -1, 0, 3.141592653589793, 1.0
146, 5, 302, 360, 302, 361, 0, -1, -1.5707963267948966, 1.0
146, 6, 1083, 214, 1084, 216, -1, -2, -2.0344439357957027, 2.23606797749979
146, 7, 484, 435, 484, 439, 0, -4, -1.5707963267948966, 4.0
146, 8, 359, 364, 360, 362, -1, 2, 2.0344439357957027, 2.23606797749979
146, 9, 485, 60, 485, 63, 0, -3, -1.5707963267948966, 3.0
146, 10, 842, 381, 842, 385, 0, -4, -1.5707963267948966, 4.0
146, 11, 93, 505, 92, 502, 1, 3, 1.2490457723982544, 3.1622776601683795
146, 12, 247, 65, 243, 65, 4, 0, 0.0, 4.0
146, 13, 801, 149, 801, 151, 0, -2, -1.5707963267948966, 2.0
146, 14, 1261, 227, 1269, 224, -8, 3, 2.782821983319221, 8.54400374531753
146, 15, 1229, 312, 1227, 308, 2, 4, 1.1071487177940904, 4.47213595499958
146, 16, 625, 93, 626, 93, -1, 0, 3.141592653589793, 1.0
146, 17, 247, 19, 243, 20, 4, -1, -0.24497866312686414, 4.123105625617661
146, 18, 498, 433, 498, 438, 0, -5, -1.5707963267948966, 5.0
146, 19, 266, 339, 266, 340, 0, -1, -1.5707963267948966, 1.0
146, 20, 292, 318, 292, 319, 0, -1, -1.5707963267948966, 1.0
146, 21, 266, 79, 265, 80, 1, -1, -0.7853981633974483, 1.4142135623730951
146, 22, 307, 328, 307, 329, 0, -1, -1.5707963267948966, 1.0
146, 23, 554, 16, 552, 18, 2, -2, -0.7853981633974483, 2.8284271247461903
146, 24, 380, 428, 380, 426, 0, 2, 1.5707963267948966, 2.0
146, 25, 333, 355, 333, 356, 0, -1, -1.5707963267948966, 1.0
146, 26, 580, 18, 580, 19, 0, -1, -1.5707963267948966, 1.0
146, 27, 468, 510, 465, 513, 3, -3, -0.7853981633974483, 4.242640687119285
146, 28, 775, 209, 775, 206, 0, 3, 1.5707963267948966, 3.0
146, 29, 278, 320, 278, 321, 0, -1, -1.5707963267948966, 1.0
146, 30, 711, 281, 711, 283, 0, -2, -1.5707963267948966, 2.0
146, 31, 297, 345, 297, 346, 0, -1, -1.5707963267948966, 1.0
146, 32, 1060, 255, 1060, 256, 0, -1, -1.5707963267948966, 1.0
146, 33, 524, 476, 524, 482, 0, -6, -1.5707963267948966, 6.0
146, 34, 697, 354, 696, 359, 1, -5, -1.373400766945016, 5.0990195135927845
146, 35, 470, 106, 470, 108, 0, -2, -1.5707963267948966, 2.0
146, 36, 242, 78, 239, 79, 3, -1, -0.3217505543966422, 3.1622776601683795
146, 37, 547, 25, 546, 27, 1, -2, -1.1071487177940904, 2.23606797749979
146, 38, 246, 327, 246, 328, 0, -1, -1.5707963267948966, 1.0
146, 39, 508, 494, 508, 498, 0, -4, -1.5707963267948966, 4.0
146, 40, 1078, 169, 1079, 171, -1, -2, -2.0344439357957027, 2.23606797749979
146, 41, 1174, 117, 1172, 117, 2, 0, 0.0, 2.0
146, 42, 844, 20, 846, 21, -2, -1, -2.677945044588987, 2.23606797749979
146, 43, 664, 268, 665, 267, -1, 1, 2.356194490192345, 1.4142135623730951
146, 44, 547, 99, 547, 100, 0, -1, -1.5707963267948966, 1.0
146, 45, 253, 389, 253, 390, 0, -1, -1.5707963267948966, 1.0
146, 46, 265, 382, 265, 383, 0, -1, -1.5707963267948966, 1.0
146, 47, 710, 357, 710, 361, 0, -4, -1.5707963267948966, 4.0
146, 48, 475, 116, 475, 118, 0, -2, -1.5707963267948966, 2.0
146, 49, 703, 364, 703, 369, 0, -5, -1.5707963267948966, 5.0
146, 50, 460, 505, 458, 508, 2, -3, -0.982793723247329, 3.605551275463989
146, 51, 257, 367, 257, 368, 0, -1, -1.5707963267948966, 1.0
146, 52, 247, 28, 243, 29, 4, -1, -0.24497866312686414, 4.123105625617661
146, 53, 318, 392, 318, 393, 0, -1, -1.5707963267948966, 1.0
146, 54, 258, 375, 258, 376, 0, -1, -1.5707963267948966, 1.0
146, 55, 643, 327, 643, 326, 0, 1, 1.5707963267948966, 1.0
146, 56, 492, 69, 492, 72, 0, -3, -1.5707963267948966, 3.0
146, 57, 1048, 201, 1049, 204, -1, -3, -1.892546881191539, 3.1622776601683795
146, 58, 1182, 176, 1181, 175, 1, 1, 0.7853981633974483, 1.4142135623730951
146, 59, 463, 117, 463, 119, 0, -2, -1.5707963267948966, 2.0
146, 60, 1213, 69, 1211, 69, 2, 0, 0.0, 2.0
146, 61, 625, 419, 625, 419, 0, 0, 0.0, 0.0
146, 62, 330, 367, 330, 368, 0, -1, -1.5707963267948966, 1.0
146, 63, 1261, 233, 1277, 230, -16, 3, 2.9562447035940984, 16.278820596099706
146, 64, 823, 34, 824, 34, -1, 0, 3.141592653589793, 1.0
146, 65, 476, 199, 476, 200, 0, -1, -1.5707963267948966, 1.0
146, 66, 479, 93, 479, 96, 0, -3, -1.5707963267948966, 3.0
146, 67, 937, 102, 937, 103, 0, -1, -1.5707963267948966, 1.0
146, 68, 388, 502, 388, 500, 0, 2, 1.5707963267948966, 2.0
146, 69, 775, 40, 775, 41, 0, -1, -1.5707963267948966, 1.0
146, 70, 575, 27, 575, 29, 0, -2, -1.5707963267948966, 2.0
146, 71, 737, 242, 738, 246, -1, -4, -1.8157749899217608, 4.123105625617661
146, 72, 1164, 129, 1163, 129, 1, 0, 0.0, 1.0
146, 73, 307, 382, 307, 383, 0, -1, -1.5707963267948966, 1.0
146, 74, 94, 559, 92, 555, 2, 4, 1.1071487177940904, 4.47213595499958
146, 75, 483, 46, 483, 47, 0, -1, -1.5707963267948966, 1.0
146, 76, 1176, 82, 1175, 82, 1, 0, 0.0, 1.0
146, 77, 248, 406, 248, 407, 0, -1, -1.5707963267948966, 1.0
146, 78, 279, 340, 279, 341, 0, -1, -1.5707963267948966, 1.0
146, 79, 1068, 167, 1069, 170, -1, -3, -1.892546881191539, 3.1622776601683795
146, 80, 802, 132, 802, 134, 0, -2, -1.5707963267948966, 2.0
146, 81, 304, 341, 304, 342, 0, -1, -1.5707963267948966, 1.0
146, 82, 780, 202, 780, 199, 0, 3, 1.5707963267948966, 3.0
146, 83, 688, 391, 688, 396, 0, -5, -1.5707963267948966, 5.0
146, 84, 789, 109, 789, 111, 0, -2, -1.5707963267948966, 2.0
146, 85, 845, 33, 847, 34, -2, -1, -2.677945044588987, 2.23606797749979
146, 86, 1230, 270, 1229, 266, 1, 4, 1.3258176636680326, 4.123105625617661
146, 87, 1079, 155, 1080, 158, -1, -3, -1.892546881191539, 3.1622776601683795
146, 88, 153, 64, 153, 64, 0, 0, 0.0, 0.0
146, 89, 289, 379, 289, 380, 0, -1, -1.5707963267948966, 1.0
146, 90, 356, 482, 357, 480, -1, 2, 2.0344439357957027, 2.23606797749979
146, 91, 257, 66, 254, 65, 3, 1, 0.3217505543966422, 3.1622776601683795
146, 92, 949, 19, 949, 20, 0, -1, -1.5707963267948966, 1.0
146, 93, 632, 165, 633, 165, -1, 0, 3.141592653589793, 1.0
146, 94, 260, 50, 257, 49, 3, 1, 0.3217505543966422, 3.1622776601683795
146, 95, 264, 391, 264, 392, 0, -1, -1.5707963267948966, 1.0
146, 96, 789, 210, 789, 207, 0, 3, 1.5707963267948966, 3.0
146, 97, 331, 408, 331, 409, 0, -1, -1.5707963267948966, 1.0
146, 98, 652, 381, 651, 378, 1, 3, 1.2490457723982544, 3.1622776601683795
146, 99, 1079, 205, 1080, 208, -1, -3, -1.892546881191539, 3.1622776601683795
146, 100, 781, 17, 781, 18, 0, -1, -1.5707963267948966, 1.0
146, 101, 933, 95, 933, 96, 0, -1, -1.5707963267948966, 1.0
146, 102, 611, 395, 611, 393, 0, 2, 1.5707963267948966, 2.0
146, 103, 271, 325, 271, 326, 0, -1, -1.5707963267948966, 1.0
146, 104, 558, 25, 557, 27, 1, -2, -1.1071487177940904, 2.23606797749979
146, 105, 656, 251, 656, 250, 0, 1, 1.5707963267948966, 1.0
146, 106, 832, 390, 832, 394, 0, -4, -1.5707963267948966, 4.0
146, 107, 561, 90, 561, 91, 0, -1, -1.5707963267948966, 1.0
146, 108, 245, 50, 243, 52, 2, -2, -0.7853981633974483, 2.8284271247461903
146, 109, 622, 180, 622, 181, 0, -1, -1.5707963267948966, 1.0
146, 110, 614, 136, 615, 135, -1, 1, 2.356194490192345, 1.4142135623730951
146, 111, 761, 242, 760, 239, 1, 3, 1.2490457723982544, 3.1622776601683795
146, 112, 480, 521, 479, 526, 1, -5, -1.373400766945016, 5.0990195135927845
146, 113, 580, 95, 580, 97, 0, -2, -1.5707963267948966, 2.0
146, 114, 925, 96, 925, 97, 0, -1, -1.5707963267948966, 1.0
146, 115, 492, 141, 492, 142, 0, -1, -1.5707963267948966, 1.0
146, 116, 278, 350, 278, 351, 0, -1, -1.5707963267948966, 1.0
146, 117, 74, 152, 74, 153, 0, -1, -1.5707963267948966, 1.0
146, 118, 110, 496, 109, 493, 1, 3, 1.2490457723982544, 3.1622776601683795
146, 119, 650, 356, 650, 356, 0, 0, 0.0, 0.0
146, 120, 795, 9, 794, 11, 1, -2, -1.1071487177940904, 2.23606797749979
146, 121, 303, 350, 303, 351, 0, -1, -1.5707963267948966, 1.0
146, 122, 1212, 9, 1212, 10, 0, -1, -1.5707963267948966, 1.0
146, 123, 939, 15, 938, 15, 1, 0, 0.0, 1.0
146, 124, 394, 360, 394, 358, 0, 2, 1.5707963267948966, 2.0
146, 125, 1208, 368, 1211, 366, -3, 2, 2.5535900500422257, 3.605551275463989
146, 126, 1167, 221, 1167, 222, 0, -1, -1.5707963267948966, 1.0
146, 127, 377, 334, 377, 332, 0, 2, 1.5707963267948966, 2.0
146, 128, 1207, 320, 1206, 317, 1, 3, 1.2490457723982544, 3.1622776601683795
146, 129, 731, 333, 731, 334, 0, -1, -1.5707963267948966, 1.0
146, 130, 474, 518, 472, 522, 2, -4, -1.1071487177940904, 4.47213595499958
146, 131, 696, 443, 696, 449, 0, -6, -1.5707963267948966, 6.0
146, 132, 717, 399, 716, 404, 1, -5, -1.373400766945016, 5.0990195135927845
146, 133, 1167, 137, 1166, 137, 1, 0, 0.0, 1.0
146, 134, 1180, 118, 1179, 117, 1, 1, 0.7853981633974483, 1.4142135623730951
146, 135, 659, 343, 660, 339, -1, 4, 1.8157749899217608, 4.123105625617661
146, 136, 375, 415, 375, 414, 0, 1, 1.5707963267948966, 1.0
146, 137, 1189, 73, 1188, 73, 1, 0, 0.0, 1.0
146, 138, 850, 365, 850, 370, 0, -5, -1.5707963267948966, 5.0
146, 139, 1193, 343, 1193, 343, 0, 0, 0.0, 0.0
146, 140, 265, 332, 265, 333, 0, -1, -1.5707963267948966, 1.0
146, 141, 647, 260, 648, 259, -1, 1, 2.356194490192345, 1.4142135623730951
146, 142, 398, 484, 398, 482, 0, 2, 1.5707963267948966, 2.0
146, 143, 396, 509, 396, 507, 0, 2, 1.5707963267948966, 2.0
146, 144, 800, 13, 800, 15, 0, -2, -1.5707963267948966, 2.0
146, 145, 1227, 261, 1225, 258, 2, 3, 0.982793723247329, 3.605551275463989
146, 146, 487, 537, 487, 540, 0, -3, -1.5707963267948966, 3.0
146, 147, 799, 42, 800, 42, -1, 0, 3.141592653589793, 1.0
146, 148, 496, 538, 495, 540, 1, -2, -1.1071487177940904, 2.23606797749979
146, 149, 839, 459, 839, 460, 0, -1, -1.5707963267948966, 1.0
146, 150, 940, 33, 940, 34, 0, -1, -1.5707963267948966, 1.0
146, 151, 1155, 206, 1154, 202, 1, 4, 1.3258176636680326, 4.123105625617661
146, 152, 636, 448, 636, 447, 0, 1, 1.5707963267948966, 1.0
146, 153, 328, 376, 328, 377, 0, -1, -1.5707963267948966, 1.0
146, 154, 766, 229, 765, 226, 1, 3, 1.2490457723982544, 3.1622776601683795
146, 155, 278, 309, 278, 310, 0, -1, -1.5707963267948966, 1.0
146, 156, 130, 569, 128, 566, 2, 3, 0.982793723247329, 3.605551275463989
146, 157, 830, 418, 831, 422, -1, -4, -1.8157749899217608, 4.123105625617661
146, 158, 511, 463, 511, 469, 0, -6, -1.5707963267948966, 6.0
146, 159, 1208, 145, 1206, 144, 2, 1, 0.4636476090008061, 2.23606797749979
146, 160, 487, 421, 487, 426, 0, -5, -1.5707963267948966, 5.0
146, 161, 1056, 247, 1056, 248, 0, -1, -1.5707963267948966, 1.0
146, 162, 55, 76, 55, 76, 0, 0, 0.0, 0.0
146, 163, 1191, 109, 1189, 109, 2, 0, 0.0, 2.0
146, 164, 378, 522, 378, 522, 0, 0, 0.0, 0.0
146, 165, 152, 41, 153, 40, -1, 1, 2.356194490192345, 1.4142135623730951
146, 166, 783, 266, 782, 266, 1, 0, 0.0, 1.0
146, 167, 624, 339, 623, 336, 1, 3, 1.2490457723982544, 3.1622776601683795
146, 168, 1237, 305, 1237, 301, 0, 4, 1.5707963267948966, 4.0
146, 169, 632, 131, 633, 130, -1, 1, 2.356194490192345, 1.4142135623730951
146, 170, 74, 105, 74, 105, 0, 0, 0.0, 0.0
146, 171, 1216, 269, 1214, 266, 2, 3, 0.982793723247329, 3.605551275463989
146, 172, 703, 424, 703, 424, 0, 0, 0.0, 0.0
146, 173, 499, 135, 499, 137, 0, -2, -1.5707963267948966, 2.0
146, 174, 284, 324, 284, 325, 0, -1, -1.5707963267948966, 1.0
146, 175, 777, 149, 777, 150, 0, -1, -1.5707963267948966, 1.0
146, 176, 1189, 163, 1188, 163, 1, 0, 0.0, 1.0
146, 177, 637, 30, 637, 30, 0, 0, 0.0, 0.0
146, 178, 241, 315, 241, 316, 0, -1, -1.5707963267948966, 1.0
146, 179, 694, 10, 694, 11, 0, -1, -1.5707963267948966, 1.0
146, 180, 363, 324, 363, 322, 0, 2, 1.5707963267948966, 2.0
146, 181, 1189, 131, 1188, 130, 1, 1, 0.7853981633974483, 1.4142135623730951
146, 182, 775, 285, 773, 282, 2, 3, 0.982793723247329, 3.605551275463989
147, 0, 261, 343, 261, 344, 0, -1, -1.5707963267948966, 1.0
147, 1, 252, 339, 252, 340, 0, -1, -1.5707963267948966, 1.0
147, 2, 587, 25, 587, 27, 0, -2, -1.5707963267948966, 2.0
147, 3, 855, 379, 854, 382, 1, -3, -1.2490457723982544, 3.1622776601683795
147, 4, 173, 55, 174, 54, -1, 1, 2.356194490192345, 1.4142135623730951
147, 5, 302, 359, 302, 360, 0, -1, -1.5707963267948966, 1.0
147, 6, 1080, 210, 1083, 214, -3, -4, -2.214297435588181, 5.0
147, 7, 484, 430, 484, 435, 0, -5, -1.5707963267948966, 5.0
147, 8, 357, 367, 359, 364, -2, 3, 2.158798930342464, 3.605551275463989
147, 9, 485, 56, 485, 60, 0, -4, -1.5707963267948966, 4.0
147, 10, 842, 377, 842, 381, 0, -4, -1.5707963267948966, 4.0
147, 11, 95, 508, 93, 505, 2, 3, 0.982793723247329, 3.605551275463989
147, 12, 251, 64, 247, 65, 4, -1, -0.24497866312686414, 4.123105625617661
147, 13, 801, 145, 801, 149, 0, -4, -1.5707963267948966, 4.0
147, 14, 1261, 230, 1261, 227, 0, 3, 1.5707963267948966, 3.0
147, 15, 1232, 315, 1229, 312, 3, 3, 0.7853981633974483, 4.242640687119285
147, 16, 623, 95, 625, 93, -2, 2, 2.356194490192345, 2.8284271247461903
147, 17, 250, 18, 247, 19, 3, -1, -0.3217505543966422, 3.1622776601683795
147, 18, 498, 429, 498, 433, 0, -4, -1.5707963267948966, 4.0
147, 19, 266, 338, 266, 339, 0, -1, -1.5707963267948966, 1.0
147, 20, 292, 317, 292, 318, 0, -1, -1.5707963267948966, 1.0
147, 21, 266, 78, 266, 79, 0, -1, -1.5707963267948966, 1.0
147, 22, 307, 327, 307, 328, 0, -1, -1.5707963267948966, 1.0
147, 23, 557, 13, 554, 16, 3, -3, -0.7853981633974483, 4.242640687119285
147, 24, 379, 430, 380, 428, -1, 2, 2.0344439357957027, 2.23606797749979
147, 25, 333, 354, 333, 355, 0, -1, -1.5707963267948966, 1.0
147, 26, 580, 16, 580, 18, 0, -2, -1.5707963267948966, 2.0
147, 27, 470, 506, 468, 510, 2, -4, -1.1071487177940904, 4.47213595499958
147, 28, 775, 213, 775, 209, 0, 4, 1.5707963267948966, 4.0
147, 29, 278, 319, 278, 320, 0, -1, -1.5707963267948966, 1.0
147, 30, 710, 276, 711, 281, -1, -5, -1.7681918866447774, 5.0990195135927845
147, 31, 297, 344, 297, 345, 0, -1, -1.5707963267948966, 1.0
147, 32, 1060, 252, 1060, 255, 0, -3, -1.5707963267948966, 3.0
147, 33, 521, 470, 524, 476, -3, -6, -2.0344439357957027, 6.708203932499369
147, 34, 698, 350, 697, 354, 1, -4, -1.3258176636680326, 4.123105625617661
147, 35, 471, 102, 470, 106, 1, -4, -1.3258176636680326, 4.123105625617661
147, 36, 244, 79, 242, 78, 2, 1, 0.4636476090008061, 2.23606797749979
147, 37, 550, 22, 547, 25, 3, -3, -0.7853981633974483, 4.242640687119285
147, 38, 246, 326, 246, 327, 0, -1, -1.5707963267948966, 1.0
147, 39, 507, 489, 508, 494, -1, -5, -1.7681918866447774, 5.0990195135927845
147, 40, 1077, 164, 1078, 169, -1, -5, -1.7681918866447774, 5.0990195135927845
147, 41, 1175, 119, 1174, 117, 1, 2, 1.1071487177940904, 2.23606797749979
147, 42, 840, 18, 844, 20, -4, -2, -2.677945044588987, 4.47213595499958
147, 43, 663, 272, 664, 268, -1, 4, 1.8157749899217608, 4.123105625617661
147, 44, 547, 97, 547, 99, 0, -2, -1.5707963267948966, 2.0
147, 45, 253, 388, 253, 389, 0, -1, -1.5707963267948966, 1.0
147, 46, 265, 381, 265, 382, 0, -1, -1.5707963267948966, 1.0
147, 47, 709, 353, 710, 357, -1, -4, -1.8157749899217608, 4.123105625617661
147, 48, 476, 112, 475, 116, 1, -4, -1.3258176636680326, 4.123105625617661
147, 49, 703, 360, 703, 364, 0, -4, -1.5707963267948966, 4.0
147, 50, 463, 501, 460, 505, 3, -4, -0.9272952180016122, 5.0
147, 51, 257, 366, 257, 367, 0, -1, -1.5707963267948966, 1.0
147, 52, 250, 28, 247, 28, 3, 0, 0.0, 3.0
147, 53, 318, 391, 318, 392, 0, -1, -1.5707963267948966, 1.0
147, 54, 258, 374, 258, 375, 0, -1, -1.5707963267948966, 1.0
147, 55, 643, 331, 643, 327, 0, 4, 1.5707963267948966, 4.0
147, 56, 492, 65, 492, 69, 0, -4, -1.5707963267948966, 4.0
147, 57, 1045, 197, 1048, 201, -3, -4, -2.214297435588181, 5.0
147, 58, 1184, 179, 1182, 176, 2, 3, 0.982793723247329, 3.605551275463989
147, 59, 464, 113, 463, 117, 1, -4, -1.3258176636680326, 4.123105625617661
147, 60, 1217, 71, 1213, 69, 4, 2, 0.4636476090008061, 4.47213595499958
147, 61, 625, 420, 625, 419, 0, 1, 1.5707963267948966, 1.0
147, 62, 330, 366, 330, 367, 0, -1, -1.5707963267948966, 1.0
147, 63, 1261, 236, 1261, 233, 0, 3, 1.5707963267948966, 3.0
147, 64, 476, 197, 476, 199, 0, -2, -1.5707963267948966, 2.0
147, 65, 479, 88, 479, 93, 0, -5, -1.5707963267948966, 5.0
147, 66, 937, 101, 937, 102, 0, -1, -1.5707963267948966, 1.0
147, 67, 386, 502, 388, 502, -2, 0, 3.141592653589793, 2.0
147, 68, 576, 24, 575, 27, 1, -3, -1.2490457723982544, 3.1622776601683795
147, 69, 735, 237, 737, 242, -2, -5, -1.9513027039072615, 5.385164807134504
147, 70, 1165, 131, 1164, 129, 1, 2, 1.1071487177940904, 2.23606797749979
147, 71, 307, 381, 307, 382, 0, -1, -1.5707963267948966, 1.0
147, 72, 94, 562, 94, 559, 0, 3, 1.5707963267948966, 3.0
147, 73, 483, 44, 483, 46, 0, -2, -1.5707963267948966, 2.0
147, 74, 1179, 83, 1176, 82, 3, 1, 0.3217505543966422, 3.1622776601683795
147, 75, 248, 405, 248, 406, 0, -1, -1.5707963267948966, 1.0
147, 76, 279, 339, 279, 340, 0, -1, -1.5707963267948966, 1.0
147, 77, 1067, 163, 1068, 167, -1, -4, -1.8157749899217608, 4.123105625617661
147, 78, 801, 129, 802, 132, -1, -3, -1.892546881191539, 3.1622776601683795
147, 79, 304, 340, 304, 341, 0, -1, -1.5707963267948966, 1.0
147, 80, 780, 206, 780, 202, 0, 4, 1.5707963267948966, 4.0
147, 81, 688, 387, 688, 391, 0, -4, -1.5707963267948966, 4.0
147, 82, 788, 106, 789, 109, -1, -3, -1.892546881191539, 3.1622776601683795
147, 83, 842, 31, 845, 33, -3, -2, -2.5535900500422257, 3.605551275463989
147, 84, 1231, 273, 1230, 270, 1, 3, 1.2490457723982544, 3.1622776601683795
147, 85, 1078, 150, 1079, 155, -1, -5, -1.7681918866447774, 5.0990195135927845
147, 86, 152, 64, 153, 64, -1, 0, 3.141592653589793, 1.0
147, 87, 289, 378, 289, 379, 0, -1, -1.5707963267948966, 1.0
147, 88, 354, 484, 356, 482, -2, 2, 2.356194490192345, 2.8284271247461903
147, 89, 259, 67, 257, 66, 2, 1, 0.4636476090008061, 2.23606797749979
147, 90, 950, 18, 949, 19, 1, -1, -0.7853981633974483, 1.4142135623730951
147, 91, 631, 166, 632, 165, -1, 1, 2.356194490192345, 1.4142135623730951
147, 92, 263, 50, 260, 50, 3, 0, 0.0, 3.0
147, 93, 264, 390, 264, 391, 0, -1, -1.5707963267948966, 1.0
147, 94, 789, 214, 789, 210, 0, 4, 1.5707963267948966, 4.0
147, 95, 331, 407, 331, 408, 0, -1, -1.5707963267948966, 1.0
147, 96, 653, 382, 652, 381, 1, 1, 0.7853981633974483, 1.4142135623730951
147, 97, 1077, 200, 1079, 205, -2, -5, -1.9513027039072615, 5.385164807134504
147, 98, 781, 15, 781, 17, 0, -2, -1.5707963267948966, 2.0
147, 99, 933, 94, 933, 95, 0, -1, -1.5707963267948966, 1.0
147, 100, 611, 396, 611, 395, 0, 1, 1.5707963267948966, 1.0
147, 101, 271, 324, 271, 325, 0, -1, -1.5707963267948966, 1.0
147, 102, 561, 22, 558, 25, 3, -3, -0.7853981633974483, 4.242640687119285
147, 103, 655, 255, 656, 251, -1, 4, 1.8157749899217608, 4.123105625617661
147, 104, 831, 386, 832, 390, -1, -4, -1.8157749899217608, 4.123105625617661
147, 105, 561, 89, 561, 90, 0, -1, -1.5707963267948966, 1.0
147, 106, 248, 51, 245, 50, 3, 1, 0.3217505543966422, 3.1622776601683795
147, 107, 622, 180, 622, 180, 0, 0, 0.0, 0.0
147, 108, 612, 139, 614, 136, -2, 3, 2.158798930342464, 3.605551275463989
147, 109, 762, 246, 761, 242, 1, 4, 1.3258176636680326, 4.123105625617661
147, 110, 482, 517, 480, 521, 2, -4, -1.1071487177940904, 4.47213595499958
147, 111, 581, 93, 580, 95, 1, -2, -1.1071487177940904, 2.23606797749979
147, 112, 925, 95, 925, 96, 0, -1, -1.5707963267948966, 1.0
147, 113, 492, 138, 492, 141, 0, -3, -1.5707963267948966, 3.0
147, 114, 278, 349, 278, 350, 0, -1, -1.5707963267948966, 1.0
147, 115, 74, 151, 74, 152, 0, -1, -1.5707963267948966, 1.0
147, 116, 112, 499, 110, 496, 2, 3, 0.982793723247329, 3.605551275463989
147, 117, 650, 358, 650, 356, 0, 2, 1.5707963267948966, 2.0
147, 118, 303, 349, 303, 350, 0, -1, -1.5707963267948966, 1.0
147, 119, 939, 15, 939, 15, 0, 0, 0.0, 0.0
147, 120, 394, 364, 394, 360, 0, 4, 1.5707963267948966, 4.0
147, 121, 1206, 370, 1208, 368, -2, 2, 2.356194490192345, 2.8284271247461903
147, 122, 1168, 221, 1167, 221, 1, 0, 0.0, 1.0
147, 123, 376, 338, 377, 334, -1, 4, 1.8157749899217608, 4.123105625617661
147, 124, 1208, 323, 1207, 320, 1, 3, 1.2490457723982544, 3.1622776601683795
147, 125, 731, 329, 731, 333, 0, -4, -1.5707963267948966, 4.0
147, 126, 476, 514, 474, 518, 2, -4, -1.1071487177940904, 4.47213595499958
147, 127, 695, 435, 696, 443, -1, -8, -1.695151321341658, 8.06225774829855
147, 128, 717, 398, 717, 399, 0, -1, -1.5707963267948966, 1.0
147, 129, 1167, 138, 1167, 137, 0, 1, 1.5707963267948966, 1.0
147, 130, 1182, 120, 1180, 118, 2, 2, 0.7853981633974483, 2.8284271247461903
147, 131, 658, 344, 659, 343, -1, 1, 2.356194490192345, 1.4142135623730951
147, 132, 374, 416, 375, 415, -1, 1, 2.356194490192345, 1.4142135623730951
147, 133, 1192, 74, 1189, 73, 3, 1, 0.3217505543966422, 3.1622776601683795
147, 134, 851, 360, 850, 365, 1, -5, -1.373400766945016, 5.0990195135927845
147, 135, 1194, 343, 1193, 343, 1, 0, 0.0, 1.0
147, 136, 265, 331, 265, 332, 0, -1, -1.5707963267948966, 1.0
147, 137, 646, 264, 647, 260, -1, 4, 1.8157749899217608, 4.123105625617661
147, 138, 397, 484, 398, 484, -1, 0, 3.141592653589793, 1.0
147, 139, 395, 510, 396, 509, -1, 1, 2.356194490192345, 1.4142135623730951
147, 140, 800, 11, 800, 13, 0, -2, -1.5707963267948966, 2.0
147, 141, 1229, 264, 1227, 261, 2, 3, 0.982793723247329, 3.605551275463989
147, 142, 487, 533, 487, 537, 0, -4, -1.5707963267948966, 4.0
147, 143, 496, 535, 496, 538, 0, -3, -1.5707963267948966, 3.0
147, 144, 839, 458, 839, 459, 0, -1, -1.5707963267948966, 1.0
147, 145, 940, 32, 940, 33, 0, -1, -1.5707963267948966, 1.0
147, 146, 1156, 206, 1155, 206, 1, 0, 0.0, 1.0
147, 147, 636, 448, 636, 448, 0, 0, 0.0, 0.0
147, 148, 328, 375, 328, 376, 0, -1, -1.5707963267948966, 1.0
147, 149, 767, 234, 766, 229, 1, 5, 1.373400766945016, 5.0990195135927845
147, 150, 278, 308, 278, 309, 0, -1, -1.5707963267948966, 1.0
147, 151, 134, 570, 130, 569, 4, 1, 0.24497866312686414, 4.123105625617661
147, 152, 829, 410, 830, 418, -1, -8, -1.695151321341658, 8.06225774829855
147, 153, 511, 457, 511, 463, 0, -6, -1.5707963267948966, 6.0
147, 154, 1209, 147, 1208, 145, 1, 2, 1.1071487177940904, 2.23606797749979
147, 155, 487, 416, 487, 421, 0, -5, -1.5707963267948966, 5.0
147, 156, 1055, 245, 1056, 247, -1, -2, -2.0344439357957027, 2.23606797749979
147, 157, 55, 75, 55, 76, 0, -1, -1.5707963267948966, 1.0
147, 158, 1194, 110, 1191, 109, 3, 1, 0.3217505543966422, 3.1622776601683795
147, 159, 378, 522, 378, 522, 0, 0, 0.0, 0.0
147, 160, 151, 42, 152, 41, -1, 1, 2.356194490192345, 1.4142135623730951
147, 161, 784, 267, 783, 266, 1, 1, 0.7853981633974483, 1.4142135623730951
147, 162, 625, 342, 624, 339, 1, 3, 1.2490457723982544, 3.1622776601683795
147, 163, 1238, 308, 1237, 305, 1, 3, 1.2490457723982544, 3.1622776601683795
147, 164, 631, 133, 632, 131, -1, 2, 2.0344439357957027, 2.23606797749979
147, 165, 74, 106, 74, 105, 0, 1, 1.5707963267948966, 1.0
147, 166, 1218, 271, 1216, 269, 2, 2, 0.7853981633974483, 2.8284271247461903
147, 167, 704, 423, 703, 424, 1, -1, -0.7853981633974483, 1.4142135623730951
147, 168, 499, 132, 499, 135, 0, -3, -1.5707963267948966, 3.0
147, 169, 284, 323, 284, 324, 0, -1, -1.5707963267948966, 1.0
147, 170, 777, 146, 777, 149, 0, -3, -1.5707963267948966, 3.0
147, 171, 1191, 165, 1189, 163, 2, 2, 0.7853981633974483, 2.8284271247461903
147, 172, 637, 30, 637, 30, 0, 0, 0.0, 0.0
147, 173, 241, 314, 241, 315, 0, -1, -1.5707963267948966, 1.0
147, 174, 694, 9, 694, 10, 0, -1, -1.5707963267948966, 1.0
147, 175, 362, 328, 363, 324, -1, 4, 1.8157749899217608, 4.123105625617661
147, 176, 1191, 134, 1189, 131, 2, 3, 0.982793723247329, 3.605551275463989
147, 177, 775, 287, 775, 285, 0, 2, 1.5707963267948966, 2.0
148, 0, 261, 344, 261, 345, 0, -1, -1.5707963267948966, 1.0
148, 1, 253, 340, 253, 341, 0, -1, -1.5707963267948966, 1.0
148, 2, 588, 26, 588, 27, 0, -1, -1.5707963267948966, 1.0
148, 3, 519, 452, 520, 457, -1, -5, -1.7681918866447774, 5.0990195135927845
148, 4, 499, 427, 499, 431, 0, -4, -1.5707963267948966, 4.0
148, 5, 1080, 210, 1082, 214, -2, -4, -2.0344439357957027, 4.47213595499958
148, 6, 97, 510, 95, 508, 2, 2, 0.7853981633974483, 2.8284271247461903
148, 7, 303, 359, 303, 360, 0, -1, -1.5707963267948966, 1.0
148, 8, 381, 421, 381, 420, 0, 1, 1.5707963267948966, 1.0
148, 9, 173, 55, 174, 55, -1, 0, 3.141592653589793, 1.0
148, 10, 857, 372, 856, 376, 1, -4, -1.3258176636680326, 4.123105625617661
148, 11, 511, 450, 511, 456, 0, -6, -1.5707963267948966, 6.0
148, 12, 486, 58, 486, 60, 0, -2, -1.5707963267948966, 2.0
148, 13, 845, 372, 844, 376, 1, -4, -1.3258176636680326, 4.123105625617661
148, 14, 1261, 228, 1270, 227, -9, 1, 3.0309354324158977, 9.055385138137417
148, 15, 250, 77, 248, 75, 2, 2, 0.7853981633974483, 2.8284271247461903
148, 16, 801, 146, 802, 149, -1, -3, -1.892546881191539, 3.1622776601683795
148, 17, 402, 475, 402, 477, 0, -2, -1.5707963267948966, 2.0
148, 18, 254, 18, 250, 19, 4, -1, -0.24497866312686414, 4.123105625617661
148, 19, 470, 498, 469, 503, 1, -5, -1.373400766945016, 5.0990195135927845
148, 20, 486, 429, 486, 433, 0, -4, -1.5707963267948966, 4.0
148, 21, 265, 80, 265, 80, 0, 0, 0.0, 0.0
148, 22, 258, 64, 255, 64, 3, 0, 0.0, 3.0
148, 23, 308, 327, 308, 328, 0, -1, -1.5707963267948966, 1.0
148, 24, 580, 17, 580, 18, 0, -1, -1.5707963267948966, 1.0
148, 25, 137, 577, 134, 575, 3, 2, 0.5880026035475675, 3.605551275463989
148, 26, 556, 15, 555, 17, 1, -2, -1.1071487177940904, 2.23606797749979
148, 27, 252, 26, 249, 28, 3, -2, -0.5880026035475675, 3.605551275463989
148, 28, 379, 433, 380, 431, -1, 2, 2.0344439357957027, 2.23606797749979
148, 29, 292, 317, 292, 318, 0, -1, -1.5707963267948966, 1.0
148, 30, 372, 396, 374, 393, -2, 3, 2.158798930342464, 3.605551275463989
148, 31, 254, 389, 254, 390, 0, -1, -1.5707963267948966, 1.0
148, 32, 462, 495, 462, 499, 0, -4, -1.5707963267948966, 4.0
148, 33, 935, 15, 935, 15, 0, 0, 0.0, 0.0
148, 34, 333, 353, 333, 354, 0, -1, -1.5707963267948966, 1.0
148, 35, 471, 103, 471, 106, 0, -3, -1.5707963267948966, 3.0
148, 36, 642, 331, 642, 329, 0, 2, 1.5707963267948966, 2.0
148, 37, 789, 211, 789, 210, 0, 1, 1.5707963267948966, 1.0
148, 38, 279, 320, 279, 321, 0, -1, -1.5707963267948966, 1.0
148, 39, 1046, 197, 1048, 200, -2, -3, -2.158798930342464, 3.605551275463989
148, 40, 1078, 151, 1079, 155, -1, -4, -1.8157749899217608, 4.123105625617661
148, 41, 549, 23, 548, 25, 1, -2, -1.1071487177940904, 2.23606797749979
148, 42, 1207, 375, 1207, 375, 0, 0, 0.0, 0.0
148, 43, 623, 95, 624, 95, -1, 0, 3.141592653589793, 1.0
148, 44, 246, 327, 246, 328, 0, -1, -1.5707963267948966, 1.0
148, 45, 636, 448, 636, 448, 0, 0, 0.0, 0.0
148, 46, 298, 345, 298, 346, 0, -1, -1.5707963267948966, 1.0
148, 47, 318, 392, 318, 393, 0, -1, -1.5707963267948966, 1.0
148, 48, 266, 381, 266, 382, 0, -1, -1.5707963267948966, 1.0
148, 49, 697, 346, 697, 351, 0, -5, -1.5707963267948966, 5.0
148, 50, 1231, 316, 1230, 314, 1, 2, 1.1071487177940904, 2.23606797749979
148, 51, 476, 113, 476, 115, 0, -2, -1.5707963267948966, 2.0
148, 52, 664, 273, 665, 270, -1, 3, 1.892546881191539, 3.1622776601683795
148, 53, 494, 67, 494, 69, 0, -2, -1.5707963267948966, 2.0
148, 54, 1078, 165, 1079, 168, -1, -3, -1.892546881191539, 3.1622776601683795
148, 55, 1175, 119, 1174, 118, 1, 1, 0.7853981633974483, 1.4142135623730951
148, 56, 485, 515, 483, 519, 2, -4, -1.1071487177940904, 4.47213595499958
148, 57, 483, 45, 483, 46, 0, -1, -1.5707963267948966, 1.0
148, 58, 258, 374, 258, 375, 0, -1, -1.5707963267948966, 1.0
148, 59, 626, 425, 626, 422, 0, 3, 1.5707963267948966, 3.0
148, 60, 279, 340, 279, 341, 0, -1, -1.5707963267948966, 1.0
148, 61, 1178, 83, 1177, 83, 1, 0, 0.0, 1.0
148, 62, 1067, 162, 1068, 166, -1, -4, -1.8157749899217608, 4.123105625617661
148, 63, 776, 212, 776, 211, 0, 1, 1.5707963267948966, 1.0
148, 64, 710, 348, 711, 353, -1, -5, -1.7681918866447774, 5.0990195135927845
148, 65, 1217, 71, 1215, 71, 2, 0, 0.0, 2.0
148, 66, 104, 566, 104, 564, 0, 2, 1.5707963267948966, 2.0
148, 67, 577, 26, 577, 27, 0, -1, -1.5707963267948966, 1.0
148, 68, 704, 355, 704, 360, 0, -5, -1.5707963267948966, 5.0
148, 69, 938, 102, 938, 103, 0, -1, -1.5707963267948966, 1.0
148, 70, 841, 19, 844, 20, -3, -1, -2.819842099193151, 3.1622776601683795
148, 71, 475, 197, 476, 199, -1, -2, -2.0344439357957027, 2.23606797749979
148, 72, 658, 357, 659, 355, -1, 2, 2.0344439357957027, 2.23606797749979
148, 73, 1168, 129, 1168, 129, 0, 0, 0.0, 0.0
148, 74, 260, 73, 259, 72, 1, 1, 0.7853981633974483, 1.4142135623730951
148, 75, 330, 367, 330, 368, 0, -1, -1.5707963267948966, 1.0
148, 76, 1211, 328, 1209, 325, 2, 3, 0.982793723247329, 3.605551275463989
148, 77, 258, 367, 258, 368, 0, -1, -1.5707963267948966, 1.0
148, 78, 776, 285, 776, 285, 0, 0, 0.0, 0.0
148, 79, 1232, 274, 1231, 272, 1, 2, 1.1071487177940904, 2.23606797749979
148, 80, 710, 276, 711, 280, -1, -4, -1.8157749899217608, 4.123105625617661
148, 81, 736, 236, 737, 241, -1, -5, -1.7681918866447774, 5.0990195135927845
148, 82, 580, 96, 580, 97, 0, -1, -1.5707963267948966, 1.0
148, 83, 829, 409, 830, 415, -1, -6, -1.7359450042095235, 6.082762530298219
148, 84, 614, 402, 614, 399, 0, 3, 1.5707963267948966, 3.0
148, 85, 1187, 182, 1187, 181, 0, 1, 1.5707963267948966, 1.0
148, 86, 248, 406, 248, 407, 0, -1, -1.5707963267948966, 1.0
148, 87, 801, 129, 802, 132, -1, -3, -1.892546881191539, 3.1622776601683795
148, 88, 788, 107, 789, 109, -1, -2, -2.0344439357957027, 2.23606797749979
148, 89, 489, 140, 490, 142, -1, -2, -2.0344439357957027, 2.23606797749979
148, 90, 549, 96, 549, 97, 0, -1, -1.5707963267948966, 1.0
148, 91, 833, 380, 834, 384, -1, -4, -1.8157749899217608, 4.123105625617661
148, 92, 307, 382, 307, 383, 0, -1, -1.5707963267948966, 1.0
148, 93, 263, 390, 263, 391, 0, -1, -1.5707963267948966, 1.0
148, 94, 289, 379, 289, 380, 0, -1, -1.5707963267948966, 1.0
148, 95, 649, 257, 650, 254, -1, 3, 1.892546881191539, 3.1622776601683795
148, 96, 464, 113, 464, 116, 0, -3, -1.5707963267948966, 3.0
148, 97, 497, 539, 497, 540, 0, -1, -1.5707963267948966, 1.0
148, 98, 1261, 232, 1278, 230, -17, 2, 3.024483909022929, 17.11724276862369
148, 99, 509, 483, 509, 488, 0, -5, -1.5707963267948966, 5.0
148, 100, 689, 383, 689, 388, 0, -5, -1.5707963267948966, 5.0
148, 101, 1076, 201, 1078, 204, -2, -3, -2.158798930342464, 3.605551275463989
148, 102, 1189, 133, 1189, 132, 0, 1, 1.5707963267948966, 1.0
148, 103, 780, 205, 780, 204, 0, 1, 1.5707963267948966, 1.0
148, 104, 398, 469, 397, 471, 1, -2, -1.1071487177940904, 2.23606797749979
148, 105, 255, 57, 251, 58, 4, -1, -0.24497866312686414, 4.123105625617661
148, 106, 850, 470, 849, 477, 1, -7, -1.4288992721907328, 7.0710678118654755
148, 107, 796, 12, 796, 13, 0, -1, -1.5707963267948966, 1.0
148, 108, 623, 180, 623, 181, 0, -1, -1.5707963267948966, 1.0
148, 109, 479, 91, 479, 93, 0, -2, -1.5707963267948966, 2.0
148, 110, 933, 95, 933, 96, 0, -1, -1.5707963267948966, 1.0
148, 111, 560, 24, 559, 26, 1, -2, -1.1071487177940904, 2.23606797749979
148, 112, 562, 89, 562, 90, 0, -1, -1.5707963267948966, 1.0
148, 113, 761, 249, 761, 245, 0, 4, 1.5707963267948966, 4.0
148, 114, 782, 16, 782, 17, 0, -1, -1.5707963267948966, 1.0
148, 115, 113, 500, 112, 498, 1, 2, 1.1071487177940904, 2.23606797749979
148, 116, 376, 336, 377, 335, -1, 1, 2.356194490192345, 1.4142135623730951
148, 117, 613, 142, 614, 140, -1, 2, 2.0344439357957027, 2.23606797749979
148, 118, 394, 363, 394, 362, 0, 1, 1.5707963267948966, 1.0
148, 119, 1186, 118, 1184, 118, 2, 0, 0.0, 2.0
148, 120, 271, 325, 271, 326, 0, -1, -1.5707963267948966, 1.0
148, 121, 331, 407, 331, 408, 0, -1, -1.5707963267948966, 1.0
148, 122, 145, 552, 142, 551, 3, 1, 0.3217505543966422, 3.1622776601683795
148, 123, 645, 265, 646, 262, -1, 3, 1.892546881191539, 3.1622776601683795
148, 124, 74, 152, 74, 153, 0, -1, -1.5707963267948966, 1.0
148, 125, 397, 533, 398, 528, -1, 5, 1.7681918866447774, 5.0990195135927845
148, 126, 654, 392, 654, 389, 0, 3, 1.5707963267948966, 3.0
148, 127, 926, 96, 926, 97, 0, -1, -1.5707963267948966, 1.0
148, 128, 718, 388, 718, 392, 0, -4, -1.5707963267948966, 4.0
148, 129, 852, 355, 851, 360, 1, -5, -1.373400766945016, 5.0990195135927845
148, 130, 1057, 251, 1058, 254, -1, -3, -1.892546881191539, 3.1622776601683795
148, 131, 777, 147, 778, 149, -1, -2, -2.0344439357957027, 2.23606797749979
148, 132, 279, 349, 279, 350, 0, -1, -1.5707963267948966, 1.0
148, 133, 1194, 344, 1194, 343, 0, 1, 1.5707963267948966, 1.0
148, 134, 1162, 218, 1161, 217, 1, 1, 0.7853981633974483, 1.4142135623730951
148, 135, 942, 33, 942, 34, 0, -1, -1.5707963267948966, 1.0
148, 136, 1192, 74, 1191, 74, 1, 0, 0.0, 1.0
148, 137, 305, 341, 305, 342, 0, -1, -1.5707963267948966, 1.0
148, 138, 98, 566, 97, 565, 1, 1, 0.7853981633974483, 1.4142135623730951
148, 139, 1207, 147, 1207, 146, 0, 1, 1.5707963267948966, 1.0
148, 140, 267, 396, 267, 397, 0, -1, -1.5707963267948966, 1.0
148, 141, 1168, 222, 1168, 222, 0, 0, 0.0, 0.0
148, 142, 151, 41, 152, 41, -1, 0, 3.141592653589793, 1.0
148, 143, 1053, 190, 1055, 193, -2, -3, -2.158798930342464, 3.605551275463989
148, 144, 637, 29, 637, 29, 0, 0, 0.0, 0.0
148, 145, 468, 476, 467, 480, 1, -4, -1.3258176636680326, 4.123105625617661
148, 146, 152, 65, 153, 65, -1, 0, 3.141592653589793, 1.0
148, 147, 660, 267, 661, 264, -1, 3, 1.892546881191539, 3.1622776601683795
148, 148, 703, 422, 703, 424, 0, -2, -1.5707963267948966, 2.0
148, 149, 823, 418, 824, 424, -1, -6, -1.7359450042095235, 6.082762530298219
148, 150, 143, 572, 140, 570, 3, 2, 0.5880026035475675, 3.605551275463989
148, 151, 280, 306, 280, 307, 0, -1, -1.5707963267948966, 1.0
148, 152, 498, 131, 499, 134, -1, -3, -1.892546881191539, 3.1622776601683795
148, 153, 780, 46, 781, 46, -1, 0, 3.141592653589793, 1.0
148, 154, 1218, 275, 1216, 272, 2, 3, 0.982793723247329, 3.605551275463989
148, 155, 55, 76, 55, 76, 0, 0, 0.0, 0.0
148, 156, 632, 342, 632, 340, 0, 2, 1.5707963267948966, 2.0
148, 157, 631, 133, 632, 132, -1, 1, 2.356194490192345, 1.4142135623730951
148, 158, 490, 36, 491, 38, -1, -2, -2.0344439357957027, 2.23606797749979
148, 159, 1190, 166, 1190, 165, 0, 1, 1.5707963267948966, 1.0
148, 160, 144, 10, 145, 10, -1, 0, 3.141592653589793, 1.0
148, 161, 487, 415, 487, 420, 0, -5, -1.5707963267948966, 5.0
148, 162, 650, 357, 650, 355, 0, 2, 1.5707963267948966, 2.0
148, 163, 731, 327, 731, 332, 0, -5, -1.5707963267948966, 5.0
148, 164, 326, 342, 326, 343, 0, -1, -1.5707963267948966, 1.0
148, 165, 625, 342, 625, 340, 0, 2, 1.5707963267948966, 2.0
148, 166, 242, 314, 242, 315, 0, -1, -1.5707963267948966, 1.0
148, 167, 818, 37, 818, 38, 0, -1, -1.5707963267948966, 1.0
148, 168, 483, 67, 483, 69, 0, -2, -1.5707963267948966, 2.0
148, 169, 1193, 110, 1192, 110, 1, 0, 0.0, 1.0
148, 170, 872, 394, 872, 400, 0, -6, -1.5707963267948966, 6.0
148, 171, 768, 236, 768, 232, 0, 4, 1.5707963267948966, 4.0
148, 172, 1205, 117, 1203, 116, 2, 1, 0.4636476090008061, 2.23606797749979
148, 173, 378, 522, 379, 522, -1, 0, 3.141592653589793, 1.0
148, 174, 367, 436, 367, 432, 0, 4, 1.5707963267948966, 4.0
149, 0, 261, 343, 261, 344, 0, -1, -1.5707963267948966, 1.0
149, 1, 253, 339, 253, 340, 0, -1, -1.5707963267948966, 1.0
149, 2, 588, 25, 588, 26, 0, -1, -1.5707963267948966, 1.0
149, 3, 518, 447, 519, 452, -1, -5, -1.7681918866447774, 5.0990195135927845
149, 4, 499, 423, 499, 427, 0, -4, -1.5707963267948966, 4.0
149, 5, 1078, 207, 1080, 210, -2, -3, -2.158798930342464, 3.605551275463989
149, 6, 99, 512, 97, 510, 2, 2, 0.7853981633974483, 2.8284271247461903
149, 7, 303, 358, 303, 359, 0, -1, -1.5707963267948966, 1.0
149, 8, 380, 422, 381, 421, -1, 1, 2.356194490192345, 1.4142135623730951
149, 9, 172, 55, 173, 55, -1, 0, 3.141592653589793, 1.0
149, 10, 858, 368, 857, 372, 1, -4, -1.3258176636680326, 4.123105625617661
149, 11, 511, 445, 511, 450, 0, -5, -1.5707963267948966, 5.0
149, 12, 486, 56, 486, 58, 0, -2, -1.5707963267948966, 2.0
149, 13, 846, 367, 845, 372, 1, -5, -1.373400766945016, 5.0990195135927845
149, 14, 1261, 229, 1261, 228, 0, 1, 1.5707963267948966, 1.0
149, 15, 252, 79, 250, 77, 2, 2, 0.7853981633974483, 2.8284271247461903
149, 16, 800, 143, 801, 146, -1, -3, -1.892546881191539, 3.1622776601683795
149, 17, 402, 474, 402, 475, 0, -1, -1.5707963267948966, 1.0
149, 18, 257, 17, 254, 18, 3, -1, -0.3217505543966422, 3.1622776601683795
149, 19, 471, 493, 470, 498, 1, -5, -1.373400766945016, 5.0990195135927845
149, 20, 486, 425, 486, 429, 0, -4, -1.5707963267948966, 4.0
149, 21, 265, 80, 265, 80, 0, 0, 0.0, 0.0
149, 22, 260, 64, 258, 64, 2, 0, 0.0, 2.0
149, 23, 308, 326, 308, 327, 0, -1, -1.5707963267948966, 1.0
149, 24, 580, 16, 580, 17, 0, -1, -1.5707963267948966, 1.0
149, 25, 140, 579, 137, 577, 3, 2, 0.5880026035475675, 3.605551275463989
149, 26, 557, 13, 556, 15, 1, -2, -1.1071487177940904, 2.23606797749979
149, 27, 255, 25, 252, 26, 3, -1, -0.3217505543966422, 3.1622776601683795
149, 28, 379, 436, 379, 433, 0, 3, 1.5707963267948966, 3.0
149, 29, 292, 316, 292, 317, 0, -1, -1.5707963267948966, 1.0
149, 30, 371, 400, 372, 396, -1, 4, 1.8157749899217608, 4.123105625617661
149, 31, 254, 388, 254, 389, 0, -1, -1.5707963267948966, 1.0
149, 32, 462, 490, 462, 495, 0, -5, -1.5707963267948966, 5.0
149, 33, 936, 14, 935, 15, 1, -1, -0.7853981633974483, 1.4142135623730951
149, 34, 333, 352, 333, 353, 0, -1, -1.5707963267948966, 1.0
149, 35, 471, 99, 471, 103, 0, -4, -1.5707963267948966, 4.0
149, 36, 642, 333, 642, 331, 0, 2, 1.5707963267948966, 2.0
149, 37, 789, 212, 789, 211, 0, 1, 1.5707963267948966, 1.0
149, 38, 279, 319, 279, 320, 0, -1, -1.5707963267948966, 1.0
149, 39, 1044, 195, 1046, 197, -2, -2, -2.356194490192345, 2.8284271247461903
149, 40, 1078, 148, 1078, 151, 0, -3, -1.5707963267948966, 3.0
149, 41, 550, 21, 549, 23, 1, -2, -1.1071487177940904, 2.23606797749979
149, 42, 1207, 374, 1207, 375, 0, -1, -1.5707963267948966, 1.0
149, 43, 622, 96, 623, 95, -1, 1, 2.356194490192345, 1.4142135623730951
149, 44, 246, 326, 246, 327, 0, -1, -1.5707963267948966, 1.0
149, 45, 636, 447, 636, 448, 0, -1, -1.5707963267948966, 1.0
149, 46, 298, 344, 298, 345, 0, -1, -1.5707963267948966, 1.0
149, 47, 318, 391, 318, 392, 0, -1, -1.5707963267948966, 1.0
149, 48, 266, 380, 266, 381, 0, -1, -1.5707963267948966, 1.0
149, 49, 697, 341, 697, 346, 0, -5, -1.5707963267948966, 5.0
149, 50, 1232, 318, 1231, 316, 1, 2, 1.1071487177940904, 2.23606797749979
149, 51, 476, 109, 476, 113, 0, -4, -1.5707963267948966, 4.0
149, 52, 663, 276, 664, 273, -1, 3, 1.892546881191539, 3.1622776601683795
149, 53, 494, 65, 494, 67, 0, -2, -1.5707963267948966, 2.0
149, 54, 1077, 162, 1078, 165, -1, -3, -1.892546881191539, 3.1622776601683795
149, 55, 1176, 119, 1175, 119, 1, 0, 0.0, 1.0
149, 56, 487, 510, 485, 515, 2, -5, -1.1902899496825317, 5.385164807134504
149, 57, 482, 43, 483, 45, -1, -2, -2.0344439357957027, 2.23606797749979
149, 58, 258, 373, 258, 374, 0, -1, -1.5707963267948966, 1.0
149, 59, 626, 429, 626, 425, 0, 4, 1.5707963267948966, 4.0
149, 60, 279, 339, 279, 340, 0, -1, -1.5707963267948966, 1.0
149, 61, 1179, 83, 1178, 83, 1, 0, 0.0, 1.0
149, 62, 1067, 158, 1067, 162, 0, -4, -1.5707963267948966, 4.0
149, 63, 776, 213, 776, 212, 0, 1, 1.5707963267948966, 1.0
149, 64, 709, 343, 710, 348, -1, -5, -1.7681918866447774, 5.0990195135927845
149, 65, 1219, 71, 1217, 71, 2, 0, 0.0, 2.0
149, 66, 105, 568, 104, 566, 1, 2, 1.1071487177940904, 2.23606797749979
149, 67, 577, 25, 577, 26, 0, -1, -1.5707963267948966, 1.0
149, 68, 704, 350, 704, 355, 0, -5, -1.5707963267948966, 5.0
149, 69, 938, 101, 938, 102, 0, -1, -1.5707963267948966, 1.0
149, 70, 839, 18, 841, 19, -2, -1, -2.677945044588987, 2.23606797749979
149, 71, 474, 194, 475, 197, -1, -3, -1.892546881191539, 3.1622776601683795
149, 72, 657, 359, 658, 357, -1, 2, 2.0344439357957027, 2.23606797749979
149, 73, 1169, 129, 1168, 129, 1, 0, 0.0, 1.0
149, 74, 261, 74, 260, 73, 1, 1, 0.7853981633974483, 1.4142135623730951
149, 75, 330, 366, 330, 367, 0, -1, -1.5707963267948966, 1.0
149, 76, 1212, 332, 1211, 328, 1, 4, 1.3258176636680326, 4.123105625617661
149, 77, 258, 366, 258, 367, 0, -1, -1.5707963267948966, 1.0
149, 78, 776, 284, 776, 285, 0, -1, -1.5707963267948966, 1.0
149, 79, 1234, 276, 1232, 274, 2, 2, 0.7853981633974483, 2.8284271247461903
149, 80, 709, 273, 710, 276, -1, -3, -1.892546881191539, 3.1622776601683795
149, 81, 735, 231, 736, 236, -1, -5, -1.7681918866447774, 5.0990195135927845
149, 82, 580, 95, 580, 96, 0, -1, -1.5707963267948966, 1.0
149, 83, 828, 403, 829, 409, -1, -6, -1.7359450042095235, 6.082762530298219
149, 84, 614, 404, 614, 402, 0, 2, 1.5707963267948966, 2.0
149, 85, 1187, 183, 1187, 182, 0, 1, 1.5707963267948966, 1.0
149, 86, 248, 405, 248, 406, 0, -1, -1.5707963267948966, 1.0
149, 87, 801, 127, 801, 129, 0, -2, -1.5707963267948966, 2.0
149, 88, 787, 105, 788, 107, -1, -2, -2.0344439357957027, 2.23606797749979
149, 89, 488, 138, 489, 140, -1, -2, -2.0344439357957027, 2.23606797749979
149, 90, 549, 94, 549, 96, 0, -2, -1.5707963267948966, 2.0
149, 91, 832, 376, 833, 380, -1, -4, -1.8157749899217608, 4.123105625617661
149, 92, 307, 381, 307, 382, 0, -1, -1.5707963267948966, 1.0
149, 93, 263, 389, 263, 390, 0, -1, -1.5707963267948966, 1.0
149, 94, 289, 378, 289, 379, 0, -1, -1.5707963267948966, 1.0
149, 95, 648, 260, 649, 257, -1, 3, 1.892546881191539, 3.1622776601683795
149, 96, 464, 109, 464, 113, 0, -4, -1.5707963267948966, 4.0
149, 97, 497, 538, 497, 539, 0, -1, -1.5707963267948966, 1.0
149, 98, 1261, 233, 1261, 232, 0, 1, 1.5707963267948966, 1.0
149, 99, 510, 478, 509, 483, 1, -5, -1.373400766945016, 5.0990195135927845
149, 100, 689, 379, 689, 383, 0, -4, -1.5707963267948966, 4.0
149, 101, 1074, 198, 1076, 201, -2, -3, -2.158798930342464, 3.605551275463989
149, 102, 1189, 134, 1189, 133, 0, 1, 1.5707963267948966, 1.0
149, 103, 780, 206, 780, 205, 0, 1, 1.5707963267948966, 1.0
149, 104, 398, 468, 398, 469, 0, -1, -1.5707963267948966, 1.0
149, 105, 257, 56, 255, 57, 2, -1, -0.4636476090008061, 2.23606797749979
149, 106, 851, 466, 850, 470, 1, -4, -1.3258176636680326, 4.123105625617661
149, 107, 796, 11, 796, 12, 0, -1, -1.5707963267948966, 1.0
149, 108, 623, 179, 623, 180, 0, -1, -1.5707963267948966, 1.0
149, 109, 479, 89, 479, 91, 0, -2, -1.5707963267948966, 2.0
149, 110, 933, 94, 933, 95, 0, -1, -1.5707963267948966, 1.0
149, 111, 561, 22, 560, 24, 1, -2, -1.1071487177940904, 2.23606797749979
149, 112, 562, 88, 562, 89, 0, -1, -1.5707963267948966, 1.0
149, 113, 761, 252, 761, 249, 0, 3, 1.5707963267948966, 3.0
149, 114, 782, 14, 782, 16, 0, -2, -1.5707963267948966, 2.0
149, 115, 115, 502, 113, 500, 2, 2, 0.7853981633974483, 2.8284271247461903
149, 116, 375, 338, 376, 336, -1, 2, 2.0344439357957027, 2.23606797749979
149, 117, 613, 143, 613, 142, 0, 1, 1.5707963267948966, 1.0
149, 118, 394, 364, 394, 363, 0, 1, 1.5707963267948966, 1.0
149, 119, 1188, 118, 1186, 118, 2, 0, 0.0, 2.0
149, 120, 271, 324, 271, 325, 0, -1, -1.5707963267948966, 1.0
149, 121, 331, 406, 331, 407, 0, -1, -1.5707963267948966, 1.0
149, 122, 147, 552, 145, 552, 2, 0, 0.0, 2.0
149, 123, 644, 268, 645, 265, -1, 3, 1.892546881191539, 3.1622776601683795
149, 124, 74, 151, 74, 152, 0, -1, -1.5707963267948966, 1.0
149, 125, 396, 538, 397, 533, -1, 5, 1.7681918866447774, 5.0990195135927845
149, 126, 655, 396, 654, 392, 1, 4, 1.3258176636680326, 4.123105625617661
149, 127, 926, 95, 926, 96, 0, -1, -1.5707963267948966, 1.0
149, 128, 718, 385, 718, 388, 0, -3, -1.5707963267948966, 3.0
149, 129, 853, 350, 852, 355, 1, -5, -1.373400766945016, 5.0990195135927845
149, 130, 1056, 246, 1057, 251, -1, -5, -1.7681918866447774, 5.0990195135927845
149, 131, 776, 144, 777, 147, -1, -3, -1.892546881191539, 3.1622776601683795
149, 132, 279, 348, 279, 349, 0, -1, -1.5707963267948966, 1.0
149, 133, 1194, 345, 1194, 344, 0, 1, 1.5707963267948966, 1.0
149, 134, 1163, 220, 1162, 218, 1, 2, 1.1071487177940904, 2.23606797749979
149, 135, 942, 32, 942, 33, 0, -1, -1.5707963267948966, 1.0
149, 136, 1193, 74, 1192, 74, 1, 0, 0.0, 1.0
149, 137, 305, 340, 305, 341, 0, -1, -1.5707963267948966, 1.0
149, 138, 99, 568, 98, 566, 1, 2, 1.1071487177940904, 2.23606797749979
149, 139, 1207, 147, 1207, 147, 0, 0, 0.0, 0.0
149, 140, 267, 395, 267, 396, 0, -1, -1.5707963267948966, 1.0
149, 141, 1169, 223, 1168, 222, 1, 1, 0.7853981633974483, 1.4142135623730951
149, 142, 150, 41, 151, 41, -1, 0, 3.141592653589793, 1.0
149, 143, 1052, 187, 1053, 190, -1, -3, -1.892546881191539, 3.1622776601683795
149, 144, 637, 29, 637, 29, 0, 0, 0.0, 0.0
149, 145, 470, 472, 468, 476, 2, -4, -1.1071487177940904, 4.47213595499958
149, 146, 151, 65, 152, 65, -1, 0, 3.141592653589793, 1.0
149, 147, 659, 270, 660, 267, -1, 3, 1.892546881191539, 3.1622776601683795
149, 148, 703, 420, 703, 422, 0, -2, -1.5707963267948966, 2.0
149, 149, 822, 412, 823, 418, -1, -6, -1.7359450042095235, 6.082762530298219
149, 150, 146, 574, 143, 572, 3, 2, 0.5880026035475675, 3.605551275463989
149, 151, 280, 305, 280, 306, 0, -1, -1.5707963267948966, 1.0
149, 152, 497, 128, 498, 131, -1, -3, -1.892546881191539, 3.1622776601683795
149, 153, 1220, 277, 1218, 275, 2, 2, 0.7853981633974483, 2.8284271247461903
149, 154, 55, 75, 55, 76, 0, -1, -1.5707963267948966, 1.0
149, 155, 632, 343, 632, 342, 0, 1, 1.5707963267948966, 1.0
149, 156, 630, 134, 631, 133, -1, 1, 2.356194490192345, 1.4142135623730951
149, 157, 489, 33, 490, 36, -1, -3, -1.892546881191539, 3.1622776601683795
149, 158, 1190, 167, 1190, 166, 0, 1, 1.5707963267948966, 1.0
149, 159, 143, 10, 144, 10, -1, 0, 3.141592653589793, 1.0
149, 160, 487, 410, 487, 415, 0, -5, -1.5707963267948966, 5.0
149, 161, 649, 358, 650, 357, -1, 1, 2.356194490192345, 1.4142135623730951
149, 162, 731, 321, 731, 327, 0, -6, -1.5707963267948966, 6.0
149, 163, 326, 341, 326, 342, 0, -1, -1.5707963267948966, 1.0
149, 164, 625, 343, 625, 342, 0, 1, 1.5707963267948966, 1.0
149, 165, 242, 313, 242, 314, 0, -1, -1.5707963267948966, 1.0
149, 166, 817, 37, 818, 37, -1, 0, 3.141592653589793, 1.0
149, 167, 483, 65, 483, 67, 0, -2, -1.5707963267948966, 2.0
149, 168, 1195, 110, 1193, 110, 2, 0, 0.0, 2.0
149, 169, 872, 388, 872, 394, 0, -6, -1.5707963267948966, 6.0
149, 170, 769, 239, 768, 236, 1, 3, 1.2490457723982544, 3.1622776601683795
149, 171, 1207, 118, 1205, 117, 2, 1, 0.4636476090008061, 2.23606797749979
149, 172, 377, 522, 378, 522, -1, 0, 3.141592653589793, 1.0
149, 173, 368, 439, 367, 436, 1, 3, 1.2490457723982544, 3.1622776601683795
150, 0, 858, 366, 857, 370, 1, -4, -1.3258176636680326, 4.123105625617661
150, 1, 261, 343, 261, 344, 0, -1, -1.5707963267948966, 1.0
150, 2, 303, 359, 303, 360, 0, -1, -1.5707963267948966, 1.0
150, 3, 588, 25, 588, 26, 0, -1, -1.5707963267948966, 1.0
150, 4, 252, 339, 252, 340, 0, -1, -1.5707963267948966, 1.0
150, 5, 1078, 206, 1080, 210, -2, -4, -2.0344439357957027, 4.47213595499958
150, 6, 498, 423, 499, 427, -1, -4, -1.8157749899217608, 4.123105625617661
150, 7, 846, 364, 845, 369, 1, -5, -1.373400766945016, 5.0990195135927845
150, 8, 510, 445, 511, 450, -1, -5, -1.7681918866447774, 5.0990195135927845
150, 9, 146, 584, 143, 582, 3, 2, 0.5880026035475675, 3.605551275463989
150, 10, 487, 425, 487, 429, 0, -4, -1.5707963267948966, 4.0
150, 11, 381, 421, 382, 420, -1, 1, 2.356194490192345, 1.4142135623730951
150, 12, 257, 17, 253, 18, 4, -1, -0.24497866312686414, 4.123105625617661
150, 13, 829, 406, 829, 411, 0, -5, -1.5707963267948966, 5.0
150, 14, 354, 363, 355, 361, -1, 2, 2.0344439357957027, 2.23606797749979
150, 15, 99, 514, 97, 511, 2, 3, 0.982793723247329, 3.605551275463989
150, 16, 267, 79, 265, 79, 2, 0, 0.0, 2.0
150, 17, 801, 144, 802, 147, -1, -3, -1.892546881191539, 3.1622776601683795
150, 18, 487, 57, 487, 59, 0, -2, -1.5707963267948966, 2.0
150, 19, 581, 16, 581, 17, 0, -1, -1.5707963267948966, 1.0
150, 20, 173, 56, 174, 56, -1, 0, 3.141592653589793, 1.0
150, 21, 1261, 230, 1271, 229, -10, 1, 3.0419240010986313, 10.04987562112089
150, 22, 404, 475, 404, 475, 0, 0, 0.0, 0.0
150, 23, 557, 14, 556, 16, 1, -2, -1.1071487177940904, 2.23606797749979
150, 24, 307, 327, 307, 328, 0, -1, -1.5707963267948966, 1.0
150, 25, 259, 75, 258, 75, 1, 0, 0.0, 1.0
150, 26, 517, 440, 518, 445, -1, -5, -1.7681918866447774, 5.0990195135927845
150, 27, 292, 316, 292, 317, 0, -1, -1.5707963267948966, 1.0
150, 28, 472, 100, 472, 104, 0, -4, -1.5707963267948966, 4.0
150, 29, 474, 493, 472, 497, 2, -4, -1.1071487177940904, 4.47213595499958
150, 30, 318, 392, 318, 393, 0, -1, -1.5707963267948966, 1.0
150, 31, 333, 354, 333, 355, 0, -1, -1.5707963267948966, 1.0
150, 32, 381, 440, 381, 436, 0, 4, 1.5707963267948966, 4.0
150, 33, 790, 212, 790, 212, 0, 0, 0.0, 0.0
150, 34, 470, 473, 469, 476, 1, -3, -1.2490457723982544, 3.1622776601683795
150, 35, 476, 109, 476, 113, 0, -4, -1.5707963267948966, 4.0
150, 36, 551, 21, 550, 23, 1, -2, -1.1071487177940904, 2.23606797749979
150, 37, 494, 65, 494, 67, 0, -2, -1.5707963267948966, 2.0
150, 38, 266, 381, 266, 382, 0, -1, -1.5707963267948966, 1.0
150, 39, 298, 345, 298, 346, 0, -1, -1.5707963267948966, 1.0
150, 40, 279, 319, 279, 320, 0, -1, -1.5707963267948966, 1.0
150, 41, 280, 339, 280, 340, 0, -1, -1.5707963267948966, 1.0
150, 42, 1077, 161, 1078, 165, -1, -4, -1.8157749899217608, 4.123105625617661
150, 43, 256, 26, 252, 27, 4, -1, -0.24497866312686414, 4.123105625617661
150, 44, 254, 389, 254, 390, 0, -1, -1.5707963267948966, 1.0
150, 45, 637, 447, 637, 448, 0, -1, -1.5707963267948966, 1.0
150, 46, 664, 277, 665, 273, -1, 4, 1.8157749899217608, 4.123105625617661
150, 47, 1207, 374, 1207, 375, 0, -1, -1.5707963267948966, 1.0
150, 48, 1078, 148, 1079, 152, -1, -4, -1.8157749899217608, 4.123105625617661
150, 49, 1067, 159, 1068, 163, -1, -4, -1.8157749899217608, 4.123105625617661
150, 50, 464, 489, 463, 493, 1, -4, -1.3258176636680326, 4.123105625617661
150, 51, 737, 237, 738, 242, -1, -5, -1.7681918866447774, 5.0990195135927845
150, 52, 483, 45, 483, 46, 0, -1, -1.5707963267948966, 1.0
150, 53, 788, 104, 789, 107, -1, -3, -1.892546881191539, 3.1622776601683795
150, 54, 246, 327, 246, 328, 0, -1, -1.5707963267948966, 1.0
150, 55, 656, 367, 657, 365, -1, 2, 2.0344439357957027, 2.23606797749979
150, 56, 642, 334, 642, 331, 0, 3, 1.5707963267948966, 3.0
150, 57, 778, 212, 777, 212, 1, 0, 0.0, 1.0
150, 58, 627, 433, 627, 429, 0, 4, 1.5707963267948966, 4.0
150, 59, 1219, 72, 1217, 72, 2, 0, 0.0, 2.0
150, 60, 705, 350, 705, 355, 0, -5, -1.5707963267948966, 5.0
150, 61, 258, 374, 258, 375, 0, -1, -1.5707963267948966, 1.0
150, 62, 623, 96, 624, 96, -1, 0, 3.141592653589793, 1.0
150, 63, 1233, 318, 1232, 317, 1, 1, 0.7853981633974483, 1.4142135623730951
150, 64, 1179, 84, 1178, 84, 1, 0, 0.0, 1.0
150, 65, 258, 366, 258, 367, 0, -1, -1.5707963267948966, 1.0
150, 66, 578, 25, 578, 26, 0, -1, -1.5707963267948966, 1.0
150, 67, 580, 95, 580, 96, 0, -1, -1.5707963267948966, 1.0
150, 68, 938, 101, 938, 102, 0, -1, -1.5707963267948966, 1.0
150, 69, 330, 366, 330, 367, 0, -1, -1.5707963267948966, 1.0
150, 70, 264, 390, 264, 391, 0, -1, -1.5707963267948966, 1.0
150, 71, 703, 387, 703, 390, 0, -3, -1.5707963267948966, 3.0
150, 72, 840, 20, 842, 21, -2, -1, -2.677945044588987, 2.23606797749979
150, 73, 480, 88, 480, 91, 0, -3, -1.5707963267948966, 3.0
150, 74, 697, 341, 697, 346, 0, -5, -1.5707963267948966, 5.0
150, 75, 802, 126, 802, 129, 0, -3, -1.5707963267948966, 3.0
150, 76, 464, 110, 464, 114, 0, -4, -1.5707963267948966, 4.0
150, 77, 779, 146, 780, 149, -1, -3, -1.892546881191539, 3.1622776601683795
150, 78, 510, 478, 510, 483, 0, -5, -1.5707963267948966, 5.0
150, 79, 655, 260, 656, 257, -1, 3, 1.892546881191539, 3.1622776601683795
150, 80, 289, 378, 289, 379, 0, -1, -1.5707963267948966, 1.0
150, 81, 781, 205, 781, 205, 0, 0, 0.0, 0.0
150, 82, 1045, 195, 1047, 198, -2, -3, -2.158798930342464, 3.605551275463989
150, 83, 711, 343, 711, 348, 0, -5, -1.5707963267948966, 5.0
150, 84, 551, 94, 551, 95, 0, -1, -1.5707963267948966, 1.0
150, 85, 497, 538, 497, 539, 0, -1, -1.5707963267948966, 1.0
150, 86, 248, 405, 248, 406, 0, -1, -1.5707963267948966, 1.0
150, 87, 1234, 277, 1233, 275, 1, 2, 1.1071487177940904, 2.23606797749979
150, 88, 474, 194, 474, 197, 0, -3, -1.5707963267948966, 3.0
150, 89, 776, 283, 776, 284, 0, -1, -1.5707963267948966, 1.0
150, 90, 1195, 348, 1194, 344, 1, 4, 1.3258176636680326, 4.123105625617661
150, 91, 308, 381, 308, 382, 0, -1, -1.5707963267948966, 1.0
150, 92, 491, 138, 492, 141, -1, -3, -1.892546881191539, 3.1622776601683795
150, 93, 1075, 197, 1077, 201, -2, -4, -2.0344439357957027, 4.47213595499958
150, 94, 562, 89, 562, 90, 0, -1, -1.5707963267948966, 1.0
150, 95, 562, 23, 561, 24, 1, -1, -0.7853981633974483, 1.4142135623730951
150, 96, 934, 94, 934, 95, 0, -1, -1.5707963267948966, 1.0
150, 97, 279, 349, 279, 350, 0, -1, -1.5707963267948966, 1.0
150, 98, 623, 181, 623, 181, 0, 0, 0.0, 0.0
150, 99, 1175, 117, 1174, 117, 1, 0, 0.0, 1.0
150, 100, 332, 407, 332, 408, 0, -1, -1.5707963267948966, 1.0
150, 101, 75, 152, 75, 153, 0, -1, -1.5707963267948966, 1.0
150, 102, 718, 379, 718, 382, 0, -3, -1.5707963267948966, 3.0
150, 103, 271, 339, 271, 340, 0, -1, -1.5707963267948966, 1.0
150, 104, 264, 334, 264, 335, 0, -1, -1.5707963267948966, 1.0
150, 105, 710, 273, 711, 276, -1, -3, -1.892546881191539, 3.1622776601683795
150, 106, 116, 504, 114, 501, 2, 3, 0.982793723247329, 3.605551275463989
150, 107, 1187, 120, 1186, 120, 1, 0, 0.0, 1.0
150, 108, 271, 325, 271, 326, 0, -1, -1.5707963267948966, 1.0
150, 109, 141, 596, 139, 594, 2, 2, 0.7853981633974483, 2.8284271247461903
150, 110, 375, 339, 376, 337, -1, 2, 2.0344439357957027, 2.23606797749979
150, 111, 765, 252, 764, 250, 1, 2, 1.1071487177940904, 2.23606797749979
150, 112, 1188, 183, 1188, 182, 0, 1, 1.5707963267948966, 1.0
150, 113, 854, 349, 853, 354, 1, -5, -1.373400766945016, 5.0990195135927845
150, 114, 151, 42, 152, 42, -1, 0, 3.141592653589793, 1.0
150, 115, 951, 20, 950, 20, 1, 0, 0.0, 1.0
150, 116, 850, 417, 849, 421, 1, -4, -1.3258176636680326, 4.123105625617661
150, 117, 796, 11, 796, 12, 0, -1, -1.5707963267948966, 1.0
150, 118, 147, 553, 145, 553, 2, 0, 0.0, 2.0
150, 119, 647, 270, 648, 266, -1, 4, 1.8157749899217608, 4.123105625617661
150, 120, 614, 403, 614, 402, 0, 1, 1.5707963267948966, 1.0
150, 121, 1190, 134, 1190, 132, 0, 2, 1.5707963267948966, 2.0
150, 122, 926, 95, 926, 96, 0, -1, -1.5707963267948966, 1.0
150, 123, 1193, 75, 1192, 75, 1, 0, 0.0, 1.0
150, 124, 152, 66, 153, 66, -1, 0, 3.141592653589793, 1.0
150, 125, 840, 457, 840, 459, 0, -2, -1.5707963267948966, 2.0
150, 126, 1169, 222, 1168, 221, 1, 1, 0.7853981633974483, 1.4142135623730951
150, 127, 702, 422, 702, 424, 0, -2, -1.5707963267948966, 2.0
150, 128, 783, 15, 783, 16, 0, -1, -1.5707963267948966, 1.0
150, 129, 660, 270, 661, 267, -1, 3, 1.892546881191539, 3.1622776601683795
150, 130, 280, 306, 280, 307, 0, -1, -1.5707963267948966, 1.0
150, 131, 638, 29, 638, 29, 0, 0, 0.0, 0.0
150, 132, 486, 412, 487, 416, -1, -4, -1.8157749899217608, 4.123105625617661
150, 133, 936, 19, 936, 20, 0, -1, -1.5707963267948966, 1.0
150, 134, 372, 401, 373, 398, -1, 3, 1.892546881191539, 3.1622776601683795
150, 135, 1207, 146, 1207, 146, 0, 0, 0.0, 0.0
150, 136, 55, 75, 55, 76, 0, -1, -1.5707963267948966, 1.0
150, 137, 1191, 169, 1191, 167, 0, 2, 1.5707963267948966, 2.0
150, 138, 1157, 229, 1155, 225, 2, 4, 1.1071487177940904, 4.47213595499958
150, 139, 614, 144, 614, 143, 0, 1, 1.5707963267948966, 1.0
150, 140, 691, 380, 691, 383, 0, -3, -1.5707963267948966, 3.0
150, 141, 1219, 277, 1218, 275, 1, 2, 1.1071487177940904, 2.23606797749979
150, 142, 107, 569, 105, 567, 2, 2, 0.7853981633974483, 2.8284271247461903
150, 143, 111, 499, 109, 496, 2, 3, 0.982793723247329, 3.605551275463989
150, 144, 489, 34, 490, 34, -1, 0, 3.141592653589793, 1.0
150, 145, 1054, 187, 1055, 190, -1, -3, -1.892546881191539, 3.1622776601683795
150, 146, 1261, 245, 1277, 244, -16, 1, 3.079173843593836, 16.0312195418814
150, 147, 632, 134, 632, 133, 0, 1, 1.5707963267948966, 1.0
150, 148, 260, 61, 258, 62, 2, -1, -0.4636476090008061, 2.23606797749979
150, 149, 396, 468, 396, 468, 0, 0, 0.0, 0.0
150, 150, 394, 365, 394, 364, 0, 1, 1.5707963267948966, 1.0
150, 151, 484, 66, 484, 68, 0, -2, -1.5707963267948966, 2.0
150, 152, 656, 400, 656, 397, 0, 3, 1.5707963267948966, 3.0
150, 153, 834, 372, 835, 377, -1, -5, -1.7681918866447774, 5.0990195135927845
150, 154, 636, 299, 637, 296, -1, 3, 1.892546881191539, 3.1622776601683795
150, 155, 1207, 118, 1205, 117, 2, 1, 0.4636476090008061, 2.23606797749979
150, 156, 626, 344, 626, 342, 0, 2, 1.5707963267948966, 2.0
150, 157, 267, 347, 267, 348, 0, -1, -1.5707963267948966, 1.0
150, 158, 329, 375, 329, 376, 0, -1, -1.5707963267948966, 1.0
150, 159, 368, 441, 367, 437, 1, 4, 1.3258176636680326, 4.123105625617661
150, 160, 511, 428, 511, 433, 0, -5, -1.5707963267948966, 5.0
150, 161, 326, 341, 326, 342, 0, -1, -1.5707963267948966, 1.0
150, 162, 942, 32, 942, 33, 0, -1, -1.5707963267948966, 1.0
150, 163, 394, 535, 397, 532, -3, 3, 2.356194490192345, 4.242640687119285
150, 164, 872, 389, 872, 394, 0, -5, -1.5707963267948966, 5.0
150, 165, 940, 14, 940, 14, 0, 0, 0.0, 0.0
150, 166, 1225, 268, 1224, 266, 1, 2, 1.1071487177940904, 2.23606797749979
150, 167, 732, 321, 732, 327, 0, -6, -1.5707963267948966, 6.0
150, 168, 266, 408, 266, 409, 0, -1, -1.5707963267948966, 1.0
150, 169, 375, 429, 375, 427, 0, 2, 1.5707963267948966, 2.0
150, 170, 650, 361, 651, 360, -1, 1, 2.356194490192345, 1.4142135623730951
150, 171, 1195, 111, 1194, 111, 1, 0, 0.0, 1.0
150, 172, 142, 614, 142, 615, 0, -1, -1.5707963267948966, 1.0
151, 0, 858, 362, 858, 366, 0, -4, -1.5707963267948966, 4.0
151, 1, 261, 342, 261, 343, 0, -1, -1.5707963267948966, 1.0
151, 2, 303, 358, 303, 359, 0, -1, -1.5707963267948966, 1.0
151, 3, 588, 24, 588, 25, 0, -1, -1.5707963267948966, 1.0
151, 4, 252, 338, 252, 339, 0, -1, -1.5707963267948966, 1.0
151, 5, 1076, 203, 1078, 206, -2, -3, -2.158798930342464, 3.605551275463989
151, 6, 497, 419, 498, 423, -1, -4, -1.8157749899217608, 4.123105625617661
151, 7, 847, 359, 846, 364, 1, -5, -1.373400766945016, 5.0990195135927845
151, 8, 509, 440, 510, 445, -1, -5, -1.7681918866447774, 5.0990195135927845
151, 9, 149, 585, 146, 584, 3, 1, 0.3217505543966422, 3.1622776601683795
151, 10, 486, 421, 487, 425, -1, -4, -1.8157749899217608, 4.123105625617661
151, 11, 380, 422, 381, 421, -1, 1, 2.356194490192345, 1.4142135623730951
151, 12, 261, 17, 257, 17, 4, 0, 0.0, 4.0
151, 13, 830, 403, 829, 406, 1, -3, -1.2490457723982544, 3.1622776601683795
151, 14, 353, 365, 354, 363, -1, 2, 2.0344439357957027, 2.23606797749979
151, 15, 101, 517, 99, 514, 2, 3, 0.982793723247329, 3.605551275463989
151, 16, 268, 79, 267, 79, 1, 0, 0.0, 1.0
151, 17, 800, 141, 801, 144, -1, -3, -1.892546881191539, 3.1622776601683795
151, 18, 487, 55, 487, 57, 0, -2, -1.5707963267948966, 2.0
151, 19, 581, 15, 581, 16, 0, -1, -1.5707963267948966, 1.0
151, 20, 172, 56, 173, 56, -1, 0, 3.141592653589793, 1.0
151, 21, 1261, 231, 1261, 230, 0, 1, 1.5707963267948966, 1.0
151, 22, 404, 476, 404, 475, 0, 1, 1.5707963267948966, 1.0
151, 23, 558, 13, 557, 14, 1, -1, -0.7853981633974483, 1.4142135623730951
151, 24, 307, 326, 307, 327, 0, -1, -1.5707963267948966, 1.0
151, 25, 259, 74, 259, 75, 0, -1, -1.5707963267948966, 1.0
151, 26, 516, 435, 517, 440, -1, -5, -1.7681918866447774, 5.0990195135927845
151, 27, 292, 315, 292, 316, 0, -1, -1.5707963267948966, 1.0
151, 28, 472, 97, 472, 100, 0, -3, -1.5707963267948966, 3.0
151, 29, 476, 491, 474, 493, 2, -2, -0.7853981633974483, 2.8284271247461903
151, 30, 318, 391, 318, 392, 0, -1, -1.5707963267948966, 1.0
151, 31, 333, 353, 333, 354, 0, -1, -1.5707963267948966, 1.0
151, 32, 382, 444, 381, 440, 1, 4, 1.3258176636680326, 4.123105625617661
151, 33, 790, 213, 790, 212, 0, 1, 1.5707963267948966, 1.0
151, 34, 470, 471, 470, 473, 0, -2, -1.5707963267948966, 2.0
151, 35, 476, 105, 476, 109, 0, -4, -1.5707963267948966, 4.0
151, 36, 552, 20, 551, 21, 1, -1, -0.7853981633974483, 1.4142135623730951
151, 37, 494, 63, 494, 65, 0, -2, -1.5707963267948966, 2.0
151, 38, 266, 380, 266, 381, 0, -1, -1.5707963267948966, 1.0
151, 39, 298, 344, 298, 345, 0, -1, -1.5707963267948966, 1.0
151, 40, 279, 318, 279, 319, 0, -1, -1.5707963267948966, 1.0
151, 41, 280, 338, 280, 339, 0, -1, -1.5707963267948966, 1.0
151, 42, 1076, 157, 1077, 161, -1, -4, -1.8157749899217608, 4.123105625617661
151, 43, 260, 25, 256, 26, 4, -1, -0.24497866312686414, 4.123105625617661
151, 44, 254, 388, 254, 389, 0, -1, -1.5707963267948966, 1.0
151, 45, 637, 448, 637, 447, 0, 1, 1.5707963267948966, 1.0
151, 46, 664, 281, 664, 277, 0, 4, 1.5707963267948966, 4.0
151, 47, 1207, 373, 1207, 374, 0, -1, -1.5707963267948966, 1.0
151, 48, 1077, 144, 1078, 148, -1, -4, -1.8157749899217608, 4.123105625617661
151, 49, 1066, 156, 1067, 159, -1, -3, -1.892546881191539, 3.1622776601683795
151, 50, 465, 487, 464, 489, 1, -2, -1.1071487177940904, 2.23606797749979
151, 51, 736, 233, 737, 237, -1, -4, -1.8157749899217608, 4.123105625617661
151, 52, 787, 101, 788, 104, -1, -3, -1.892546881191539, 3.1622776601683795
151, 53, 246, 326, 246, 327, 0, -1, -1.5707963267948966, 1.0
151, 54, 654, 368, 656, 367, -2, 1, 2.677945044588987, 2.23606797749979
151, 55, 642, 337, 642, 334, 0, 3, 1.5707963267948966, 3.0
151, 56, 779, 213, 778, 212, 1, 1, 0.7853981633974483, 1.4142135623730951
151, 57, 627, 437, 627, 433, 0, 4, 1.5707963267948966, 4.0
151, 58, 1221, 72, 1219, 72, 2, 0, 0.0, 2.0
151, 59, 705, 346, 705, 350, 0, -4, -1.5707963267948966, 4.0
151, 60, 258, 373, 258, 374, 0, -1, -1.5707963267948966, 1.0
151, 61, 622, 97, 623, 96, -1, 1, 2.356194490192345, 1.4142135623730951
151, 62, 1234, 319, 1233, 318, 1, 1, 0.7853981633974483, 1.4142135623730951
151, 63, 1180, 84, 1179, 84, 1, 0, 0.0, 1.0
151, 64, 258, 365, 258, 366, 0, -1, -1.5707963267948966, 1.0
151, 65, 578, 24, 578, 25, 0, -1, -1.5707963267948966, 1.0
151, 66, 580, 94, 580, 95, 0, -1, -1.5707963267948966, 1.0
151, 67, 938, 100, 938, 101, 0, -1, -1.5707963267948966, 1.0
151, 68, 330, 365, 330, 366, 0, -1, -1.5707963267948966, 1.0
151, 69, 264, 389, 264, 390, 0, -1, -1.5707963267948966, 1.0
151, 70, 703, 383, 703, 387, 0, -4, -1.5707963267948966, 4.0
151, 71, 838, 19, 840, 20, -2, -1, -2.677945044588987, 2.23606797749979
151, 72, 480, 86, 480, 88, 0, -2, -1.5707963267948966, 2.0
151, 73, 697, 337, 697, 341, 0, -4, -1.5707963267948966, 4.0
151, 74, 801, 123, 802, 126, -1, -3, -1.892546881191539, 3.1622776601683795
151, 75, 464, 106, 464, 110, 0, -4, -1.5707963267948966, 4.0
151, 76, 778, 142, 779, 146, -1, -4, -1.8157749899217608, 4.123105625617661
151, 77, 511, 473, 510, 478, 1, -5, -1.373400766945016, 5.0990195135927845
151, 78, 655, 264, 655, 260, 0, 4, 1.5707963267948966, 4.0
151, 79, 289, 377, 289, 378, 0, -1, -1.5707963267948966, 1.0
151, 80, 782, 206, 781, 205, 1, 1, 0.7853981633974483, 1.4142135623730951
151, 81, 1043, 192, 1045, 195, -2, -3, -2.158798930342464, 3.605551275463989
151, 82, 711, 339, 711, 343, 0, -4, -1.5707963267948966, 4.0
151, 83, 551, 92, 551, 94, 0, -2, -1.5707963267948966, 2.0
151, 84, 497, 537, 497, 538, 0, -1, -1.5707963267948966, 1.0
151, 85, 248, 404, 248, 405, 0, -1, -1.5707963267948966, 1.0
151, 86, 1235, 278, 1234, 277, 1, 1, 0.7853981633974483, 1.4142135623730951
151, 87, 473, 191, 474, 194, -1, -3, -1.892546881191539, 3.1622776601683795
151, 88, 776, 283, 776, 283, 0, 0, 0.0, 0.0
151, 89, 1196, 352, 1195, 348, 1, 4, 1.3258176636680326, 4.123105625617661
151, 90, 308, 380, 308, 381, 0, -1, -1.5707963267948966, 1.0
151, 91, 490, 136, 491, 138, -1, -2, -2.0344439357957027, 2.23606797749979
151, 92, 1073, 194, 1075, 197, -2, -3, -2.158798930342464, 3.605551275463989
151, 93, 562, 88, 562, 89, 0, -1, -1.5707963267948966, 1.0
151, 94, 563, 22, 562, 23, 1, -1, -0.7853981633974483, 1.4142135623730951
151, 95, 934, 93, 934, 94, 0, -1, -1.5707963267948966, 1.0
151, 96, 279, 348, 279, 349, 0, -1, -1.5707963267948966, 1.0
151, 97, 622, 181, 623, 181, -1, 0, 3.141592653589793, 1.0
151, 98, 1175, 117, 1175, 117, 0, 0, 0.0, 0.0
151, 99, 332, 406, 332, 407, 0, -1, -1.5707963267948966, 1.0
151, 100, 75, 151, 75, 152, 0, -1, -1.5707963267948966, 1.0
151, 101, 718, 376, 718, 379, 0, -3, -1.5707963267948966, 3.0
151, 102, 271, 338, 271, 339, 0, -1, -1.5707963267948966, 1.0
151, 103, 264, 333, 264, 334, 0, -1, -1.5707963267948966, 1.0
151, 104, 709, 270, 710, 273, -1, -3, -1.892546881191539, 3.1622776601683795
151, 105, 118, 507, 116, 504, 2, 3, 0.982793723247329, 3.605551275463989
151, 106, 1188, 121, 1187, 120, 1, 1, 0.7853981633974483, 1.4142135623730951
151, 107, 271, 324, 271, 325, 0, -1, -1.5707963267948966, 1.0
151, 108, 143, 597, 141, 596, 2, 1, 0.4636476090008061, 2.23606797749979
151, 109, 374, 341, 375, 339, -1, 2, 2.0344439357957027, 2.23606797749979
151, 110, 765, 253, 765, 252, 0, 1, 1.5707963267948966, 1.0
151, 111, 1188, 184, 1188, 183, 0, 1, 1.5707963267948966, 1.0
151, 112, 855, 345, 854, 349, 1, -4, -1.3258176636680326, 4.123105625617661
151, 113, 150, 42, 151, 42, -1, 0, 3.141592653589793, 1.0
151, 114, 850, 414, 850, 417, 0, -3, -1.5707963267948966, 3.0
151, 115, 796, 10, 796, 11, 0, -1, -1.5707963267948966, 1.0
151, 116, 148, 553, 147, 553, 1, 0, 0.0, 1.0
151, 117, 647, 273, 647, 270, 0, 3, 1.5707963267948966, 3.0
151, 118, 614, 403, 614, 403, 0, 0, 0.0, 0.0
151, 119, 1191, 136, 1190, 134, 1, 2, 1.1071487177940904, 2.23606797749979
151, 120, 926, 94, 926, 95, 0, -1, -1.5707963267948966, 1.0
151, 121, 1194, 75, 1193, 75, 1, 0, 0.0, 1.0
151, 122, 152, 65, 152, 66, 0, -1, -1.5707963267948966, 1.0
151, 123, 840, 454, 840, 457, 0, -3, -1.5707963267948966, 3.0
151, 124, 1171, 222, 1169, 222, 2, 0, 0.0, 2.0
151, 125, 702, 420, 702, 422, 0, -2, -1.5707963267948966, 2.0
151, 126, 783, 13, 783, 15, 0, -2, -1.5707963267948966, 2.0
151, 127, 659, 274, 660, 270, -1, 4, 1.8157749899217608, 4.123105625617661
151, 128, 280, 305, 280, 306, 0, -1, -1.5707963267948966, 1.0
151, 129, 638, 29, 638, 29, 0, 0, 0.0, 0.0
151, 130, 485, 408, 486, 412, -1, -4, -1.8157749899217608, 4.123105625617661
151, 131, 936, 18, 936, 19, 0, -1, -1.5707963267948966, 1.0
151, 132, 371, 404, 372, 401, -1, 3, 1.892546881191539, 3.1622776601683795
151, 133, 1207, 146, 1207, 146, 0, 0, 0.0, 0.0
151, 134, 55, 75, 55, 75, 0, 0, 0.0, 0.0
151, 135, 1191, 171, 1191, 169, 0, 2, 1.5707963267948966, 2.0
151, 136, 1159, 231, 1157, 229, 2, 2, 0.7853981633974483, 2.8284271247461903
151, 137, 614, 146, 614, 144, 0, 2, 1.5707963267948966, 2.0
151, 138, 691, 378, 691, 380, 0, -2, -1.5707963267948966, 2.0
151, 139, 1220, 279, 1219, 277, 1, 2, 1.1071487177940904, 2.23606797749979
151, 140, 109, 570, 107, 569, 2, 1, 0.4636476090008061, 2.23606797749979
151, 141, 113, 502, 111, 499, 2, 3, 0.982793723247329, 3.605551275463989
151, 142, 489, 33, 489, 34, 0, -1, -1.5707963267948966, 1.0
151, 143, 1053, 184, 1054, 187, -1, -3, -1.892546881191539, 3.1622776601683795
151, 144, 1261, 246, 1261, 245, 0, 1, 1.5707963267948966, 1.0
151, 145, 632, 135, 632, 134, 0, 1, 1.5707963267948966, 1.0
151, 146, 261, 60, 260, 61, 1, -1, -0.7853981633974483, 1.4142135623730951
151, 147, 396, 469, 396, 468, 0, 1, 1.5707963267948966, 1.0
151, 148, 393, 367, 394, 365, -1, 2, 2.0344439357957027, 2.23606797749979
151, 149, 484, 64, 484, 66, 0, -2, -1.5707963267948966, 2.0
151, 150, 656, 403, 656, 400, 0, 3, 1.5707963267948966, 3.0
151, 151, 834, 367, 834, 372, 0, -5, -1.5707963267948966, 5.0
151, 152, 636, 303, 636, 299, 0, 4, 1.5707963267948966, 4.0
151, 153, 1209, 120, 1207, 118, 2, 2, 0.7853981633974483, 2.8284271247461903
151, 154, 626, 346, 626, 344, 0, 2, 1.5707963267948966, 2.0
151, 155, 267, 346, 267, 347, 0, -1, -1.5707963267948966, 1.0
151, 156, 329, 374, 329, 375, 0, -1, -1.5707963267948966, 1.0
151, 157, 369, 444, 368, 441, 1, 3, 1.2490457723982544, 3.1622776601683795
151, 158, 511, 424, 511, 428, 0, -4, -1.5707963267948966, 4.0
151, 159, 326, 340, 326, 341, 0, -1, -1.5707963267948966, 1.0
151, 160, 942, 31, 942, 32, 0, -1, -1.5707963267948966, 1.0
151, 161, 390, 537, 394, 535, -4, 2, 2.677945044588987, 4.47213595499958
151, 162, 872, 384, 872, 389, 0, -5, -1.5707963267948966, 5.0
151, 163, 940, 13, 940, 14, 0, -1, -1.5707963267948966, 1.0
151, 164, 1226, 270, 1225, 268, 1, 2, 1.1071487177940904, 2.23606797749979
151, 165, 731, 317, 732, 321, -1, -4, -1.8157749899217608, 4.123105625617661
151, 166, 266, 407, 266, 408, 0, -1, -1.5707963267948966, 1.0
151, 167, 375, 431, 375, 429, 0, 2, 1.5707963267948966, 2.0
151, 168, 648, 361, 650, 361, -2, 0, 3.141592653589793, 2.0
151, 169, 1196, 112, 1195, 111, 1, 1, 0.7853981633974483, 1.4142135623730951
151, 170, 142, 614, 142, 614, 0, 0, 0.0, 0.0
152, 0, 498, 419, 499, 423, -1, -4, -1.8157749899217608, 4.123105625617661
152, 1, 858, 361, 858, 365, 0, -4, -1.5707963267948966, 4.0
152, 2, 261, 343, 261, 344, 0, -1, -1.5707963267948966, 1.0
152, 3, 303, 359, 303, 360, 0, -1, -1.5707963267948966, 1.0
152, 4, 253, 339, 253, 340, 0, -1, -1.5707963267948966, 1.0
152, 5, 102, 516, 100, 514, 2, 2, 0.7853981633974483, 2.8284271247461903
152, 6, 590, 23, 589, 25, 1, -2, -1.1071487177940904, 2.23606797749979
152, 7, 485, 422, 486, 426, -1, -4, -1.8157749899217608, 4.123105625617661
152, 8, 847, 360, 846, 364, 1, -4, -1.3258176636680326, 4.123105625617661
152, 9, 405, 480, 405, 475, 0, 5, 1.5707963267948966, 5.0
152, 10, 382, 421, 382, 420, 0, 1, 1.5707963267948966, 1.0
152, 11, 172, 58, 173, 57, -1, 1, 2.356194490192345, 1.4142135623730951
152, 12, 355, 372, 357, 368, -2, 4, 2.0344439357957027, 4.47213595499958
152, 13, 260, 18, 257, 18, 3, 0, 0.0, 3.0
152, 14, 488, 52, 487, 57, 1, -5, -1.373400766945016, 5.0990195135927845
152, 15, 382, 443, 382, 440, 0, 3, 1.5707963267948966, 3.0
152, 16, 584, 14, 582, 16, 2, -2, -0.7853981633974483, 2.8284271247461903
152, 17, 560, 12, 558, 14, 2, -2, -0.7853981633974483, 2.8284271247461903
152, 18, 1261, 233, 1272, 231, -11, 2, 2.961739153797315, 11.180339887498949
152, 19, 308, 327, 308, 328, 0, -1, -1.5707963267948966, 1.0
152, 20, 266, 338, 266, 339, 0, -1, -1.5707963267948966, 1.0
152, 21, 496, 61, 495, 66, 1, -5, -1.373400766945016, 5.0990195135927845
152, 22, 333, 354, 333, 355, 0, -1, -1.5707963267948966, 1.0
152, 23, 468, 491, 466, 491, 2, 0, 0.0, 2.0
152, 24, 1077, 144, 1079, 149, -2, -5, -1.9513027039072615, 5.385164807134504
152, 25, 472, 97, 472, 101, 0, -4, -1.5707963267948966, 4.0
152, 26, 293, 316, 293, 317, 0, -1, -1.5707963267948966, 1.0
152, 27, 259, 26, 256, 27, 3, -1, -0.3217505543966422, 3.1622776601683795
152, 28, 477, 493, 474, 494, 3, -1, -0.3217505543966422, 3.1622776601683795
152, 29, 149, 553, 147, 552, 2, 1, 0.4636476090008061, 2.23606797749979
152, 30, 318, 391, 318, 392, 0, -1, -1.5707963267948966, 1.0
152, 31, 793, 217, 791, 213, 2, 4, 1.1071487177940904, 4.47213595499958
152, 32, 152, 593, 149, 593, 3, 0, 0.0, 3.0
152, 33, 554, 19, 552, 22, 2, -3, -0.982793723247329, 3.605551275463989
152, 34, 470, 474, 471, 474, -1, 0, 3.141592653589793, 1.0
152, 35, 637, 449, 637, 448, 0, 1, 1.5707963267948966, 1.0
152, 36, 622, 101, 623, 98, -1, 3, 1.892546881191539, 3.1622776601683795
152, 37, 1207, 374, 1207, 374, 0, 0, 0.0, 0.0
152, 38, 254, 388, 254, 389, 0, -1, -1.5707963267948966, 1.0
152, 39, 1076, 156, 1078, 162, -2, -6, -1.892546881191539, 6.324555320336759
152, 40, 266, 381, 266, 382, 0, -1, -1.5707963267948966, 1.0
152, 41, 491, 135, 492, 139, -1, -4, -1.8157749899217608, 4.123105625617661
152, 42, 1045, 195, 1047, 199, -2, -4, -2.0344439357957027, 4.47213595499958
152, 43, 476, 106, 476, 110, 0, -4, -1.5707963267948966, 4.0
152, 44, 1199, 338, 1198, 334, 1, 4, 1.3258176636680326, 4.123105625617661
152, 45, 788, 100, 789, 105, -1, -5, -1.7681918866447774, 5.0990195135927845
152, 46, 1066, 156, 1068, 160, -2, -4, -2.0344439357957027, 4.47213595499958
152, 47, 840, 457, 840, 458, 0, -1, -1.5707963267948966, 1.0
152, 48, 665, 281, 665, 277, 0, 4, 1.5707963267948966, 4.0
152, 49, 247, 326, 247, 327, 0, -1, -1.5707963267948966, 1.0
152, 50, 832, 401, 831, 405, 1, -4, -1.3258176636680326, 4.123105625617661
152, 51, 780, 216, 778, 213, 2, 3, 0.982793723247329, 3.605551275463989
152, 52, 1183, 85, 1180, 84, 3, 1, 0.3217505543966422, 3.1622776601683795
152, 53, 706, 346, 706, 351, 0, -5, -1.5707963267948966, 5.0
152, 54, 855, 344, 854, 349, 1, -5, -1.373400766945016, 5.0990195135927845
152, 55, 279, 319, 279, 320, 0, -1, -1.5707963267948966, 1.0
152, 56, 643, 338, 643, 335, 0, 3, 1.5707963267948966, 3.0
152, 57, 802, 122, 802, 126, 0, -4, -1.5707963267948966, 4.0
152, 58, 735, 229, 736, 234, -1, -5, -1.7681918866447774, 5.0990195135927845
152, 59, 580, 94, 580, 95, 0, -1, -1.5707963267948966, 1.0
152, 60, 656, 265, 656, 261, 0, 4, 1.5707963267948966, 4.0
152, 61, 799, 144, 800, 148, -1, -4, -1.8157749899217608, 4.123105625617661
152, 62, 580, 24, 578, 26, 2, -2, -0.7853981633974483, 2.8284271247461903
152, 63, 938, 101, 938, 102, 0, -1, -1.5707963267948966, 1.0
152, 64, 498, 536, 497, 539, 1, -3, -1.2490457723982544, 3.1622776601683795
152, 65, 331, 366, 331, 367, 0, -1, -1.5707963267948966, 1.0
152, 66, 483, 41, 483, 45, 0, -4, -1.5707963267948966, 4.0
152, 67, 481, 86, 480, 90, 1, -4, -1.3258176636680326, 4.123105625617661
152, 68, 510, 439, 511, 444, -1, -5, -1.7681918866447774, 5.0990195135927845
152, 69, 259, 373, 259, 374, 0, -1, -1.5707963267948966, 1.0
152, 70, 1237, 281, 1235, 277, 2, 4, 1.1071487177940904, 4.47213595499958
152, 71, 1224, 73, 1220, 72, 4, 1, 0.24497866312686414, 4.123105625617661
152, 72, 265, 390, 265, 391, 0, -1, -1.5707963267948966, 1.0
152, 73, 514, 434, 516, 439, -2, -5, -1.9513027039072615, 5.385164807134504
152, 74, 289, 378, 289, 379, 0, -1, -1.5707963267948966, 1.0
152, 75, 464, 106, 465, 111, -1, -5, -1.7681918866447774, 5.0990195135927845
152, 76, 828, 395, 827, 396, 1, -1, -0.7853981633974483, 1.4142135623730951
152, 77, 149, 612, 148, 611, 1, 1, 0.7853981633974483, 1.4142135623730951
152, 78, 564, 21, 562, 23, 2, -2, -0.7853981633974483, 2.8284271247461903
152, 79, 1236, 322, 1234, 319, 2, 3, 0.982793723247329, 3.605551275463989
152, 80, 778, 139, 779, 146, -1, -7, -1.7126933813990606, 7.0710678118654755
152, 81, 836, 17, 840, 19, -4, -2, -2.677945044588987, 4.47213595499958
152, 82, 699, 339, 698, 343, 1, -4, -1.3258176636680326, 4.123105625617661
152, 83, 776, 284, 776, 284, 0, 0, 0.0, 0.0
152, 84, 303, 345, 303, 346, 0, -1, -1.5707963267948966, 1.0
152, 85, 711, 340, 712, 344, -1, -4, -1.8157749899217608, 4.123105625617661
152, 86, 118, 507, 117, 504, 1, 3, 1.2490457723982544, 3.1622776601683795
152, 87, 1189, 121, 1188, 120, 1, 1, 0.7853981633974483, 1.4142135623730951
152, 88, 471, 191, 473, 194, -2, -3, -2.158798930342464, 3.605551275463989
152, 89, 1169, 222, 1167, 221, 2, 1, 0.4636476090008061, 2.23606797749979
152, 90, 711, 266, 710, 270, 1, -4, -1.3258176636680326, 4.123105625617661
152, 91, 704, 421, 704, 423, 0, -2, -1.5707963267948966, 2.0
152, 92, 1195, 357, 1194, 355, 1, 2, 1.1071487177940904, 2.23606797749979
152, 93, 614, 403, 614, 403, 0, 0, 0.0, 0.0
152, 94, 627, 442, 628, 441, -1, 1, 2.356194490192345, 1.4142135623730951
152, 95, 850, 414, 850, 417, 0, -3, -1.5707963267948966, 3.0
152, 96, 623, 182, 623, 181, 0, 1, 1.5707963267948966, 1.0
152, 97, 716, 370, 717, 372, -1, -2, -2.0344439357957027, 2.23606797749979
152, 98, 308, 381, 308, 382, 0, -1, -1.5707963267948966, 1.0
152, 99, 258, 366, 258, 367, 0, -1, -1.5707963267948966, 1.0
152, 100, 510, 477, 511, 480, -1, -3, -1.892546881191539, 3.1622776601683795
152, 101, 248, 405, 248, 406, 0, -1, -1.5707963267948966, 1.0
152, 102, 75, 151, 75, 152, 0, -1, -1.5707963267948966, 1.0
152, 103, 264, 78, 265, 80, -1, -2, -2.0344439357957027, 2.23606797749979
152, 104, 490, 33, 490, 34, 0, -1, -1.5707963267948966, 1.0
152, 105, 279, 349, 279, 350, 0, -1, -1.5707963267948966, 1.0
152, 106, 563, 88, 562, 90, 1, -2, -1.1071487177940904, 2.23606797749979
152, 107, 784, 209, 782, 206, 2, 3, 0.982793723247329, 3.605551275463989
152, 108, 1208, 349, 1207, 347, 1, 2, 1.1071487177940904, 2.23606797749979
152, 109, 647, 272, 646, 269, 1, 3, 1.2490457723982544, 3.1622776601683795
152, 110, 372, 413, 373, 413, -1, 0, 3.141592653589793, 1.0
152, 111, 332, 407, 332, 408, 0, -1, -1.5707963267948966, 1.0
152, 112, 952, 18, 951, 19, 1, -1, -0.7853981633974483, 1.4142135623730951
152, 113, 926, 95, 926, 96, 0, -1, -1.5707963267948966, 1.0
152, 114, 934, 94, 934, 95, 0, -1, -1.5707963267948966, 1.0
152, 115, 271, 324, 271, 325, 0, -1, -1.5707963267948966, 1.0
152, 116, 370, 444, 368, 442, 2, 2, 0.7853981633974483, 2.8284271247461903
152, 117, 631, 137, 632, 134, -1, 3, 1.892546881191539, 3.1622776601683795
152, 118, 153, 66, 153, 66, 0, 0, 0.0, 0.0
152, 119, 265, 331, 265, 332, 0, -1, -1.5707963267948966, 1.0
152, 120, 1192, 133, 1191, 132, 1, 1, 0.7853981633974483, 1.4142135623730951
152, 121, 697, 409, 697, 413, 0, -4, -1.5707963267948966, 4.0
152, 122, 280, 306, 280, 307, 0, -1, -1.5707963267948966, 1.0
152, 123, 134, 573, 131, 569, 3, 4, 0.9272952180016122, 5.0
152, 124, 373, 343, 376, 340, -3, 3, 2.356194490192345, 4.242640687119285
152, 125, 144, 12, 144, 11, 0, 1, 1.5707963267948966, 1.0
152, 126, 1196, 76, 1193, 75, 3, 1, 0.3217505543966422, 3.1622776601683795
152, 127, 395, 473, 396, 469, -1, 4, 1.8157749899217608, 4.123105625617661
152, 128, 936, 19, 936, 20, 0, -1, -1.5707963267948966, 1.0
152, 129, 1208, 145, 1208, 146, 0, -1, -1.5707963267948966, 1.0
152, 130, 1074, 197, 1076, 198, -2, -1, -2.677945044588987, 2.23606797749979
152, 131, 486, 409, 487, 413, -1, -4, -1.8157749899217608, 4.123105625617661
152, 132, 151, 43, 152, 42, -1, 1, 2.356194490192345, 1.4142135623730951
152, 133, 1222, 280, 1220, 277, 2, 3, 0.982793723247329, 3.605551275463989
152, 134, 786, 278, 785, 275, 1, 3, 1.2490457723982544, 3.1622776601683795
152, 135, 392, 375, 393, 373, -1, 2, 2.0344439357957027, 2.23606797749979
152, 136, 798, 249, 797, 249, 1, 0, 0.0, 1.0
152, 137, 790, 176, 790, 179, 0, -3, -1.5707963267948966, 3.0
152, 138, 1162, 234, 1158, 232, 4, 2, 0.4636476090008061, 4.47213595499958
152, 139, 55, 76, 55, 76, 0, 0, 0.0, 0.0
152, 140, 637, 303, 637, 300, 0, 3, 1.5707963267948966, 3.0
152, 141, 1184, 184, 1184, 181, 0, 3, 1.5707963267948966, 3.0
152, 142, 731, 315, 732, 319, -1, -4, -1.8157749899217608, 4.123105625617661
152, 143, 619, 139, 619, 136, 0, 3, 1.5707963267948966, 3.0
152, 144, 486, 62, 485, 66, 1, -4, -1.3258176636680326, 4.123105625617661
152, 145, 361, 334, 362, 330, -1, 4, 1.8157749899217608, 4.123105625617661
152, 146, 614, 148, 614, 145, 0, 3, 1.5707963267948966, 3.0
152, 147, 638, 29, 638, 29, 0, 0, 0.0, 0.0
152, 148, 633, 179, 633, 179, 0, 0, 0.0, 0.0
152, 149, 1053, 239, 1055, 242, -2, -3, -2.158798930342464, 3.605551275463989
152, 150, 942, 32, 942, 33, 0, -1, -1.5707963267948966, 1.0
152, 151, 1052, 184, 1054, 188, -2, -4, -2.0344439357957027, 4.47213595499958
152, 152, 692, 382, 691, 384, 1, -2, -1.1071487177940904, 2.23606797749979
152, 153, 1193, 173, 1192, 169, 1, 4, 1.3258176636680326, 4.123105625617661
152, 154, 262, 60, 260, 61, 2, -1, -0.4636476090008061, 2.23606797749979
152, 155, 783, 145, 784, 151, -1, -6, -1.7359450042095235, 6.082762530298219
152, 156, 699, 325, 699, 330, 0, -5, -1.5707963267948966, 5.0
152, 157, 727, 307, 728, 310, -1, -3, -1.892546881191539, 3.1622776601683795
152, 158, 590, 84, 590, 86, 0, -2, -1.5707963267948966, 2.0
152, 159, 868, 368, 866, 372, 2, -4, -1.1071487177940904, 4.47213595499958
152, 160, 1227, 272, 1225, 268, 2, 4, 1.1071487177940904, 4.47213595499958
153, 0, 497, 414, 498, 419, -1, -5, -1.7681918866447774, 5.0990195135927845
153, 1, 858, 357, 858, 361, 0, -4, -1.5707963267948966, 4.0
153, 2, 303, 358, 303, 359, 0, -1, -1.5707963267948966, 1.0
153, 3, 104, 519, 102, 516, 2, 3, 0.982793723247329, 3.605551275463989
153, 4, 590, 22, 590, 23, 0, -1, -1.5707963267948966, 1.0
153, 5, 484, 417, 485, 422, -1, -5, -1.7681918866447774, 5.0990195135927845
153, 6, 847, 356, 847, 360, 0, -4, -1.5707963267948966, 4.0
153, 7, 406, 485, 405, 480, 1, 5, 1.373400766945016, 5.0990195135927845
153, 8, 382, 421, 382, 421, 0, 0, 0.0, 0.0
153, 9, 171, 59, 172, 58, -1, 1, 2.356194490192345, 1.4142135623730951
153, 10, 354, 375, 355, 372, -1, 3, 1.892546881191539, 3.1622776601683795
153, 11, 264, 18, 260, 18, 4, 0, 0.0, 4.0
153, 12, 488, 48, 488, 52, 0, -4, -1.5707963267948966, 4.0
153, 13, 383, 447, 382, 443, 1, 4, 1.3258176636680326, 4.123105625617661
153, 14, 584, 13, 584, 14, 0, -1, -1.5707963267948966, 1.0
153, 15, 560, 11, 560, 12, 0, -1, -1.5707963267948966, 1.0
153, 16, 1261, 232, 1261, 233, 0, -1, -1.5707963267948966, 1.0
153, 17, 308, 326, 308, 327, 0, -1, -1.5707963267948966, 1.0
153, 18, 266, 337, 266, 338, 0, -1, -1.5707963267948966, 1.0
153, 19, 496, 58, 496, 61, 0, -3, -1.5707963267948966, 3.0
153, 20, 333, 353, 333, 354, 0, -1, -1.5707963267948966, 1.0
153, 21, 470, 490, 468, 491, 2, -1, -0.4636476090008061, 2.23606797749979
153, 22, 1076, 141, 1077, 144, -1, -3, -1.892546881191539, 3.1622776601683795
153, 23, 471, 93, 472, 97, -1, -4, -1.8157749899217608, 4.123105625617661
153, 24, 293, 315, 293, 316, 0, -1, -1.5707963267948966, 1.0
153, 25, 263, 26, 259, 26, 4, 0, 0.0, 4.0
153, 26, 480, 491, 477, 493, 3, -2, -0.5880026035475675, 3.605551275463989
153, 27, 151, 555, 149, 553, 2, 2, 0.7853981633974483, 2.8284271247461903
153, 28, 318, 390, 318, 391, 0, -1, -1.5707963267948966, 1.0
153, 29, 794, 220, 793, 217, 1, 3, 1.2490457723982544, 3.1622776601683795
153, 30, 152, 592, 152, 593, 0, -1, -1.5707963267948966, 1.0
153, 31, 554, 18, 554, 19, 0, -1, -1.5707963267948966, 1.0
153, 32, 470, 472, 470, 474, 0, -2, -1.5707963267948966, 2.0
153, 33, 637, 450, 637, 449, 0, 1, 1.5707963267948966, 1.0
153, 34, 621, 103, 622, 101, -1, 2, 2.0344439357957027, 2.23606797749979
153, 35, 1207, 375, 1207, 374, 0, 1, 1.5707963267948966, 1.0
153, 36, 1075, 152, 1076, 156, -1, -4, -1.8157749899217608, 4.123105625617661
153, 37, 490, 133, 491, 135, -1, -2, -2.0344439357957027, 2.23606797749979
153, 38, 1044, 191, 1045, 195, -1, -4, -1.8157749899217608, 4.123105625617661
153, 39, 475, 102, 476, 106, -1, -4, -1.8157749899217608, 4.123105625617661
153, 40, 1200, 341, 1199, 338, 1, 3, 1.2490457723982544, 3.1622776601683795
153, 41, 787, 96, 788, 100, -1, -4, -1.8157749899217608, 4.123105625617661
153, 42, 1065, 153, 1066, 156, -1, -3, -1.892546881191539, 3.1622776601683795
153, 43, 665, 284, 665, 281, 0, 3, 1.5707963267948966, 3.0
153, 44, 247, 325, 247, 326, 0, -1, -1.5707963267948966, 1.0
153, 45, 832, 397, 832, 401, 0, -4, -1.5707963267948966, 4.0
153, 46, 781, 219, 780, 216, 1, 3, 1.2490457723982544, 3.1622776601683795
153, 47, 1184, 86, 1183, 85, 1, 1, 0.7853981633974483, 1.4142135623730951
153, 48, 706, 342, 706, 346, 0, -4, -1.5707963267948966, 4.0
153, 49, 855, 340, 855, 344, 0, -4, -1.5707963267948966, 4.0
153, 50, 279, 318, 279, 319, 0, -1, -1.5707963267948966, 1.0
153, 51, 643, 341, 643, 338, 0, 3, 1.5707963267948966, 3.0
153, 52, 802, 119, 802, 122, 0, -3, -1.5707963267948966, 3.0
153, 53, 735, 225, 735, 229, 0, -4, -1.5707963267948966, 4.0
153, 54, 580, 93, 580, 94, 0, -1, -1.5707963267948966, 1.0
153, 55, 656, 268, 656, 265, 0, 3, 1.5707963267948966, 3.0
153, 56, 798, 141, 799, 144, -1, -3, -1.892546881191539, 3.1622776601683795
153, 57, 580, 23, 580, 24, 0, -1, -1.5707963267948966, 1.0
153, 58, 498, 533, 498, 536, 0, -3, -1.5707963267948966, 3.0
153, 59, 331, 365, 331, 366, 0, -1, -1.5707963267948966, 1.0
153, 60, 482, 39, 483, 41, -1, -2, -2.0344439357957027, 2.23606797749979
153, 61, 481, 82, 481, 86, 0, -4, -1.5707963267948966, 4.0
153, 62, 509, 434, 510, 439, -1, -5, -1.7681918866447774, 5.0990195135927845
153, 63, 1238, 284, 1237, 281, 1, 3, 1.2490457723982544, 3.1622776601683795
153, 64, 1226, 73, 1224, 73, 2, 0, 0.0, 2.0
153, 65, 512, 430, 514, 434, -2, -4, -2.0344439357957027, 4.47213595499958
153, 66, 289, 377, 289, 378, 0, -1, -1.5707963267948966, 1.0
153, 67, 463, 102, 464, 106, -1, -4, -1.8157749899217608, 4.123105625617661
153, 68, 829, 391, 828, 395, 1, -4, -1.3258176636680326, 4.123105625617661
153, 69, 150, 611, 149, 612, 1, -1, -0.7853981633974483, 1.4142135623730951
153, 70, 564, 20, 564, 21, 0, -1, -1.5707963267948966, 1.0
153, 71, 1236, 324, 1236, 322, 0, 2, 1.5707963267948966, 2.0
153, 72, 777, 136, 778, 139, -1, -3, -1.892546881191539, 3.1622776601683795
153, 73, 834, 16, 836, 17, -2, -1, -2.677945044588987, 2.23606797749979
153, 74, 698, 335, 699, 339, -1, -4, -1.8157749899217608, 4.123105625617661
153, 75, 776, 284, 776, 284, 0, 0, 0.0, 0.0
153, 76, 303, 344, 303, 345, 0, -1, -1.5707963267948966, 1.0
153, 77, 711, 336, 711, 340, 0, -4, -1.5707963267948966, 4.0
153, 78, 120, 510, 118, 507, 2, 3, 0.982793723247329, 3.605551275463989
153, 79, 1190, 121, 1189, 121, 1, 0, 0.0, 1.0
153, 80, 470, 188, 471, 191, -1, -3, -1.892546881191539, 3.1622776601683795
153, 81, 1171, 222, 1169, 222, 2, 0, 0.0, 2.0
153, 82, 711, 262, 711, 266, 0, -4, -1.5707963267948966, 4.0
153, 83, 704, 420, 704, 421, 0, -1, -1.5707963267948966, 1.0
153, 84, 1197, 358, 1195, 357, 2, 1, 0.4636476090008061, 2.23606797749979
153, 85, 614, 403, 614, 403, 0, 0, 0.0, 0.0
153, 86, 627, 442, 627, 442, 0, 0, 0.0, 0.0
153, 87, 850, 411, 850, 414, 0, -3, -1.5707963267948966, 3.0
153, 88, 622, 182, 623, 182, -1, 0, 3.141592653589793, 1.0
153, 89, 716, 366, 716, 370, 0, -4, -1.5707963267948966, 4.0
153, 90, 308, 380, 308, 381, 0, -1, -1.5707963267948966, 1.0
153, 91, 509, 472, 510, 477, -1, -5, -1.7681918866447774, 5.0990195135927845
153, 92, 248, 404, 248, 405, 0, -1, -1.5707963267948966, 1.0
153, 93, 75, 150, 75, 151, 0, -1, -1.5707963267948966, 1.0
153, 94, 264, 77, 264, 78, 0, -1, -1.5707963267948966, 1.0
153, 95, 489, 31, 490, 33, -1, -2, -2.0344439357957027, 2.23606797749979
153, 96, 279, 348, 279, 349, 0, -1, -1.5707963267948966, 1.0
153, 97, 563, 87, 563, 88, 0, -1, -1.5707963267948966, 1.0
153, 98, 784, 212, 784, 209, 0, 3, 1.5707963267948966, 3.0
153, 99, 1210, 349, 1208, 349, 2, 0, 0.0, 2.0
153, 100, 647, 275, 647, 272, 0, 3, 1.5707963267948966, 3.0
153, 101, 371, 414, 372, 413, -1, 1, 2.356194490192345, 1.4142135623730951
153, 102, 332, 406, 332, 407, 0, -1, -1.5707963267948966, 1.0
153, 103, 952, 17, 952, 18, 0, -1, -1.5707963267948966, 1.0
153, 104, 926, 94, 926, 95, 0, -1, -1.5707963267948966, 1.0
153, 105, 934, 93, 934, 94, 0, -1, -1.5707963267948966, 1.0
153, 106, 271, 323, 271, 324, 0, -1, -1.5707963267948966, 1.0
153, 107, 371, 447, 370, 444, 1, 3, 1.2490457723982544, 3.1622776601683795
153, 108, 630, 139, 631, 137, -1, 2, 2.0344439357957027, 2.23606797749979
153, 109, 152, 66, 153, 66, -1, 0, 3.141592653589793, 1.0
153, 110, 265, 330, 265, 331, 0, -1, -1.5707963267948966, 1.0
153, 111, 1193, 134, 1192, 133, 1, 1, 0.7853981633974483, 1.4142135623730951
153, 112, 697, 403, 697, 409, 0, -6, -1.5707963267948966, 6.0
153, 113, 280, 305, 280, 306, 0, -1, -1.5707963267948966, 1.0
153, 114, 135, 577, 134, 573, 1, 4, 1.3258176636680326, 4.123105625617661
153, 115, 372, 346, 373, 343, -1, 3, 1.892546881191539, 3.1622776601683795
153, 116, 143, 12, 144, 12, -1, 0, 3.141592653589793, 1.0
153, 117, 1197, 76, 1196, 76, 1, 0, 0.0, 1.0
153, 118, 395, 477, 395, 473, 0, 4, 1.5707963267948966, 4.0
153, 119, 936, 18, 936, 19, 0, -1, -1.5707963267948966, 1.0
153, 120, 1208, 144, 1208, 145, 0, -1, -1.5707963267948966, 1.0
153, 121, 1072, 194, 1074, 197, -2, -3, -2.158798930342464, 3.605551275463989
153, 122, 485, 404, 486, 409, -1, -5, -1.7681918866447774, 5.0990195135927845
153, 123, 150, 43, 151, 43, -1, 0, 3.141592653589793, 1.0
153, 124, 1223, 283, 1222, 280, 1, 3, 1.2490457723982544, 3.1622776601683795
153, 125, 786, 279, 786, 278, 0, 1, 1.5707963267948966, 1.0
153, 126, 391, 377, 392, 375, -1, 2, 2.0344439357957027, 2.23606797749979
153, 127, 798, 250, 798, 249, 0, 1, 1.5707963267948966, 1.0
153, 128, 790, 173, 790, 176, 0, -3, -1.5707963267948966, 3.0
153, 129, 1164, 234, 1162, 234, 2, 0, 0.0, 2.0
153, 130, 55, 76, 55, 76, 0, 0, 0.0, 0.0
153, 131, 637, 306, 637, 303, 0, 3, 1.5707963267948966, 3.0
153, 132, 1184, 186, 1184, 184, 0, 2, 1.5707963267948966, 2.0
153, 133, 730, 313, 731, 315, -1, -2, -2.0344439357957027, 2.23606797749979
153, 134, 619, 141, 619, 139, 0, 2, 1.5707963267948966, 2.0
153, 135, 486, 58, 486, 62, 0, -4, -1.5707963267948966, 4.0
153, 136, 360, 337, 361, 334, -1, 3, 1.892546881191539, 3.1622776601683795
153, 137, 614, 149, 614, 148, 0, 1, 1.5707963267948966, 1.0
153, 138, 637, 29, 638, 29, -1, 0, 3.141592653589793, 1.0
153, 139, 632, 179, 633, 179, -1, 0, 3.141592653589793, 1.0
153, 140, 1052, 237, 1053, 239, -1, -2, -2.0344439357957027, 2.23606797749979
153, 141, 942, 31, 942, 32, 0, -1, -1.5707963267948966, 1.0
153, 142, 1051, 180, 1052, 184, -1, -4, -1.8157749899217608, 4.123105625617661
153, 143, 692, 379, 692, 382, 0, -3, -1.5707963267948966, 3.0
153, 144, 1193, 175, 1193, 173, 0, 2, 1.5707963267948966, 2.0
153, 145, 263, 59, 262, 60, 1, -1, -0.7853981633974483, 1.4142135623730951
153, 146, 782, 142, 783, 145, -1, -3, -1.892546881191539, 3.1622776601683795
153, 147, 699, 321, 699, 325, 0, -4, -1.5707963267948966, 4.0
153, 148, 726, 305, 727, 307, -1, -2, -2.0344439357957027, 2.23606797749979
153, 149, 590, 83, 590, 84, 0, -1, -1.5707963267948966, 1.0
153, 150, 868, 364, 868, 368, 0, -4, -1.5707963267948966, 4.0
153, 151, 1228, 275, 1227, 272, 1, 3, 1.2490457723982544, 3.1622776601683795
154, 0, 498, 412, 499, 416, -1, -4, -1.8157749899217608, 4.123105625617661
154, 1, 861, 356, 860, 360, 1, -4, -1.3258176636680326, 4.123105625617661
154, 2, 253, 339, 253, 340, 0, -1, -1.5707963267948966, 1.0
154, 3, 261, 343, 261, 344, 0, -1, -1.5707963267948966, 1.0
154, 4, 591, 22, 591, 24, 0, -2, -1.5707963267948966, 2.0
154, 5, 489, 51, 489, 54, 0, -3, -1.5707963267948966, 3.0
154, 6, 834, 379, 833, 383, 1, -4, -1.3258176636680326, 4.123105625617661
154, 7, 848, 355, 847, 359, 1, -4, -1.3258176636680326, 4.123105625617661
154, 8, 835, 402, 834, 405, 1, -3, -1.2490457723982544, 3.1622776601683795
154, 9, 172, 60, 173, 59, -1, 1, 2.356194490192345, 1.4142135623730951
154, 10, 485, 415, 486, 419, -1, -4, -1.8157749899217608, 4.123105625617661
154, 11, 107, 524, 105, 521, 2, 3, 0.982793723247329, 3.605551275463989
154, 12, 356, 376, 357, 374, -1, 2, 2.0344439357957027, 2.23606797749979
154, 13, 407, 486, 406, 481, 1, 5, 1.373400766945016, 5.0990195135927845
154, 14, 267, 18, 263, 18, 4, 0, 0.0, 4.0
154, 15, 371, 433, 371, 430, 0, 3, 1.5707963267948966, 3.0
154, 16, 266, 78, 266, 79, 0, -1, -1.5707963267948966, 1.0
154, 17, 583, 13, 583, 15, 0, -2, -1.5707963267948966, 2.0
154, 18, 381, 420, 382, 420, -1, 0, 3.141592653589793, 1.0
154, 19, 293, 316, 293, 317, 0, -1, -1.5707963267948966, 1.0
154, 20, 1046, 190, 1047, 193, -1, -3, -1.892546881191539, 3.1622776601683795
154, 21, 386, 450, 385, 447, 1, 3, 1.2490457723982544, 3.1622776601683795
154, 22, 623, 103, 623, 101, 0, 2, 1.5707963267948966, 2.0
154, 23, 560, 12, 560, 13, 0, -1, -1.5707963267948966, 1.0
154, 24, 259, 372, 259, 373, 0, -1, -1.5707963267948966, 1.0
154, 25, 307, 326, 307, 327, 0, -1, -1.5707963267948966, 1.0
154, 26, 254, 388, 254, 389, 0, -1, -1.5707963267948966, 1.0
154, 27, 481, 489, 479, 492, 2, -3, -0.982793723247329, 3.605551275463989
154, 28, 1261, 234, 1275, 233, -14, 1, 3.070285188804503, 14.035668847618199
154, 29, 1076, 142, 1078, 145, -2, -3, -2.158798930342464, 3.605551275463989
154, 30, 553, 19, 553, 20, 0, -1, -1.5707963267948966, 1.0
154, 31, 795, 220, 794, 217, 1, 3, 1.2490457723982544, 3.1622776601683795
154, 32, 266, 27, 262, 27, 4, 0, 0.0, 4.0
154, 33, 469, 91, 470, 95, -1, -4, -1.8157749899217608, 4.123105625617661
154, 34, 1177, 120, 1177, 120, 0, 0, 0.0, 0.0
154, 35, 509, 433, 511, 437, -2, -4, -2.0344439357957027, 4.47213595499958
154, 36, 581, 94, 581, 95, 0, -1, -1.5707963267948966, 1.0
154, 37, 706, 343, 707, 347, -1, -4, -1.8157749899217608, 4.123105625617661
154, 38, 665, 286, 665, 283, 0, 3, 1.5707963267948966, 3.0
154, 39, 1075, 155, 1077, 158, -2, -3, -2.158798930342464, 3.605551275463989
154, 40, 629, 461, 629, 458, 0, 3, 1.5707963267948966, 3.0
154, 41, 266, 380, 266, 381, 0, -1, -1.5707963267948966, 1.0
154, 42, 496, 58, 496, 62, 0, -4, -1.5707963267948966, 4.0
154, 43, 711, 254, 711, 259, 0, -5, -1.5707963267948966, 5.0
154, 44, 1065, 153, 1067, 156, -2, -3, -2.158798930342464, 3.605551275463989
154, 45, 840, 456, 840, 458, 0, -2, -1.5707963267948966, 2.0
154, 46, 788, 98, 789, 101, -1, -3, -1.892546881191539, 3.1622776601683795
154, 47, 513, 427, 515, 431, -2, -4, -2.0344439357957027, 4.47213595499958
154, 48, 1225, 73, 1223, 73, 2, 0, 0.0, 2.0
154, 49, 475, 101, 476, 105, -1, -4, -1.8157749899217608, 4.123105625617661
154, 50, 1057, 202, 1058, 205, -1, -3, -1.892546881191539, 3.1622776601683795
154, 51, 579, 23, 579, 24, 0, -1, -1.5707963267948966, 1.0
154, 52, 611, 402, 612, 402, -1, 0, 3.141592653589793, 1.0
154, 53, 1236, 285, 1236, 281, 0, 4, 1.5707963267948966, 4.0
154, 54, 464, 103, 465, 106, -1, -3, -1.892546881191539, 3.1622776601683795
154, 55, 651, 270, 651, 267, 0, 3, 1.5707963267948966, 3.0
154, 56, 123, 515, 122, 512, 1, 3, 1.2490457723982544, 3.1622776601683795
154, 57, 738, 228, 738, 232, 0, -4, -1.5707963267948966, 4.0
154, 58, 781, 220, 780, 217, 1, 3, 1.2490457723982544, 3.1622776601683795
154, 59, 273, 61, 272, 63, 1, -2, -1.1071487177940904, 2.23606797749979
154, 60, 703, 422, 703, 423, 0, -1, -1.5707963267948966, 1.0
154, 61, 1207, 374, 1207, 373, 0, 1, 1.5707963267948966, 1.0
154, 62, 1183, 86, 1182, 85, 1, 1, 0.7853981633974483, 1.4142135623730951
154, 63, 835, 17, 837, 18, -2, -1, -2.677945044588987, 2.23606797749979
154, 64, 1236, 325, 1236, 322, 0, 3, 1.5707963267948966, 3.0
154, 65, 631, 191, 632, 190, -1, 1, 2.356194490192345, 1.4142135623730951
154, 66, 939, 101, 939, 102, 0, -1, -1.5707963267948966, 1.0
154, 67, 711, 336, 712, 340, -1, -4, -1.8157749899217608, 4.123105625617661
154, 68, 564, 21, 564, 22, 0, -1, -1.5707963267948966, 1.0
154, 69, 647, 278, 647, 275, 0, 3, 1.5707963267948966, 3.0
154, 70, 697, 334, 698, 338, -1, -4, -1.8157749899217608, 4.123105625617661
154, 71, 803, 119, 803, 122, 0, -3, -1.5707963267948966, 3.0
154, 72, 643, 343, 644, 340, -1, 3, 1.892546881191539, 3.1622776601683795
154, 73, 249, 405, 249, 406, 0, -1, -1.5707963267948966, 1.0
154, 74, 258, 360, 258, 361, 0, -1, -1.5707963267948966, 1.0
154, 75, 168, 613, 165, 611, 3, 2, 0.5880026035475675, 3.605551275463989
154, 76, 308, 381, 308, 382, 0, -1, -1.5707963267948966, 1.0
154, 77, 264, 389, 264, 390, 0, -1, -1.5707963267948966, 1.0
154, 78, 470, 181, 471, 184, -1, -3, -1.892546881191539, 3.1622776601683795
154, 79, 398, 479, 397, 474, 1, 5, 1.373400766945016, 5.0990195135927845
154, 80, 790, 213, 789, 210, 1, 3, 1.2490457723982544, 3.1622776601683795
154, 81, 800, 142, 800, 145, 0, -3, -1.5707963267948966, 3.0
154, 82, 510, 467, 511, 472, -1, -5, -1.7681918866447774, 5.0990195135927845
154, 83, 562, 88, 562, 89, 0, -1, -1.5707963267948966, 1.0
154, 84, 798, 252, 798, 250, 0, 2, 1.5707963267948966, 2.0
154, 85, 951, 18, 951, 18, 0, 0, 0.0, 0.0
154, 86, 795, 296, 793, 291, 2, 5, 1.1902899496825317, 5.385164807134504
154, 87, 289, 77, 286, 79, 3, -2, -0.5880026035475675, 3.605551275463989
154, 88, 744, 261, 744, 262, 0, -1, -1.5707963267948966, 1.0
154, 89, 152, 66, 153, 66, -1, 0, 3.141592653589793, 1.0
154, 90, 843, 29, 845, 30, -2, -1, -2.677945044588987, 2.23606797749979
154, 91, 1222, 285, 1222, 281, 0, 4, 1.5707963267948966, 4.0
154, 92, 1208, 146, 1208, 146, 0, 0, 0.0, 0.0
154, 93, 496, 124, 497, 126, -1, -2, -2.0344439357957027, 2.23606797749979
154, 94, 937, 18, 937, 19, 0, -1, -1.5707963267948966, 1.0
154, 95, 172, 87, 173, 86, -1, 1, 2.356194490192345, 1.4142135623730951
154, 96, 489, 31, 490, 34, -1, -3, -1.892546881191539, 3.1622776601683795
154, 97, 777, 284, 777, 284, 0, 0, 0.0, 0.0
154, 98, 926, 95, 926, 96, 0, -1, -1.5707963267948966, 1.0
154, 99, 1189, 123, 1189, 122, 0, 1, 1.5707963267948966, 1.0
154, 100, 631, 140, 632, 137, -1, 3, 1.892546881191539, 3.1622776601683795
154, 101, 389, 382, 390, 379, -1, 3, 1.892546881191539, 3.1622776601683795
154, 102, 370, 451, 370, 448, 0, 3, 1.5707963267948966, 3.0
154, 103, 637, 446, 637, 447, 0, -1, -1.5707963267948966, 1.0
154, 104, 373, 515, 375, 513, -2, 2, 2.356194490192345, 2.8284271247461903
154, 105, 481, 83, 481, 86, 0, -3, -1.5707963267948966, 3.0
154, 106, 1193, 175, 1193, 173, 0, 2, 1.5707963267948966, 2.0
154, 107, 623, 180, 624, 180, -1, 0, 3.141592653589793, 1.0
154, 108, 857, 340, 856, 344, 1, -4, -1.3258176636680326, 4.123105625617661
154, 109, 1197, 78, 1196, 77, 1, 1, 0.7853981633974483, 1.4142135623730951
154, 110, 936, 91, 936, 92, 0, -1, -1.5707963267948966, 1.0
154, 111, 135, 581, 135, 576, 0, 5, 1.5707963267948966, 5.0
154, 112, 984, 15, 979, 15, 5, 0, 0.0, 5.0
154, 113, 1185, 186, 1186, 185, -1, 1, 2.356194490192345, 1.4142135623730951
154, 114, 472, 489, 470, 492, 2, -3, -0.982793723247329, 3.605551275463989
154, 115, 613, 149, 614, 148, -1, 1, 2.356194490192345, 1.4142135623730951
154, 116, 145, 13, 145, 12, 0, 1, 1.5707963267948966, 1.0
154, 117, 493, 497, 492, 501, 1, -4, -1.3258176636680326, 4.123105625617661
154, 118, 360, 339, 361, 335, -1, 4, 1.8157749899217608, 4.123105625617661
154, 119, 280, 305, 280, 306, 0, -1, -1.5707963267948966, 1.0
154, 120, 394, 549, 394, 550, 0, -1, -1.5707963267948966, 1.0
154, 121, 118, 510, 117, 507, 1, 3, 1.2490457723982544, 3.1622776601683795
154, 122, 375, 347, 376, 344, -1, 3, 1.892546881191539, 3.1622776601683795
154, 123, 143, 613, 143, 614, 0, -1, -1.5707963267948966, 1.0
154, 124, 1056, 233, 1057, 235, -1, -2, -2.0344439357957027, 2.23606797749979
154, 125, 591, 84, 591, 85, 0, -1, -1.5707963267948966, 1.0
154, 126, 1166, 231, 1166, 229, 0, 2, 1.5707963267948966, 2.0
154, 127, 482, 39, 483, 42, -1, -3, -1.892546881191539, 3.1622776601683795
154, 128, 831, 371, 830, 375, 1, -4, -1.3258176636680326, 4.123105625617661
154, 129, 1173, 148, 1173, 147, 0, 1, 1.5707963267948966, 1.0
154, 130, 856, 422, 856, 430, 0, -8, -1.5707963267948966, 8.0
154, 131, 618, 141, 619, 139, -1, 2, 2.0344439357957027, 2.23606797749979
154, 132, 635, 308, 636, 305, -1, 3, 1.892546881191539, 3.1622776601683795
154, 133, 486, 59, 486, 62, 0, -3, -1.5707963267948966, 3.0
154, 134, 266, 408, 266, 409, 0, -1, -1.5707963267948966, 1.0
154, 135, 55, 76, 56, 76, -1, 0, 3.141592653589793, 1.0
154, 136, 73, 106, 74, 106, -1, 0, 3.141592653589793, 1.0
154, 137, 1196, 127, 1195, 126, 1, 1, 0.7853981633974483, 1.4142135623730951
154, 138, 1204, 124, 1203, 123, 1, 1, 0.7853981633974483, 1.4142135623730951
154, 139, 491, 134, 492, 137, -1, -3, -1.892546881191539, 3.1622776601683795
154, 140, 172, 635, 168, 630, 4, 5, 0.8960553845713439, 6.4031242374328485
154, 141, 1227, 276, 1227, 272, 0, 4, 1.5707963267948966, 4.0
154, 142, 154, 81, 155, 81, -1, 0, 3.141592653589793, 1.0
154, 143, 1049, 233, 1050, 235, -1, -2, -2.0344439357957027, 2.23606797749979
154, 144, 508, 417, 510, 421, -2, -4, -2.0344439357957027, 4.47213595499958
154, 145, 798, 236, 798, 233, 0, 3, 1.5707963267948966, 3.0
154, 146, 485, 401, 486, 406, -1, -5, -1.7681918866447774, 5.0990195135927845
154, 147, 874, 380, 874, 384, 0, -4, -1.5707963267948966, 4.0
154, 148, 789, 10, 788, 12, 1, -2, -1.1071487177940904, 2.23606797749979
154, 149, 867, 363, 867, 367, 0, -4, -1.5707963267948966, 4.0
155, 0, 497, 408, 498, 412, -1, -4, -1.8157749899217608, 4.123105625617661
155, 1, 862, 352, 861, 356, 1, -4, -1.3258176636680326, 4.123105625617661
155, 2, 253, 338, 253, 339, 0, -1, -1.5707963267948966, 1.0
155, 3, 261, 342, 261, 343, 0, -1, -1.5707963267948966, 1.0
155, 4, 591, 20, 591, 22, 0, -2, -1.5707963267948966, 2.0
155, 5, 488, 47, 489, 51, -1, -4, -1.8157749899217608, 4.123105625617661
155, 6, 835, 374, 834, 379, 1, -5, -1.373400766945016, 5.0990195135927845
155, 7, 849, 351, 848, 355, 1, -4, -1.3258176636680326, 4.123105625617661
155, 8, 836, 399, 835, 402, 1, -3, -1.2490457723982544, 3.1622776601683795
155, 9, 171, 62, 172, 60, -1, 2, 2.0344439357957027, 2.23606797749979
155, 10, 484, 411, 485, 415, -1, -4, -1.8157749899217608, 4.123105625617661
155, 11, 109, 527, 107, 524, 2, 3, 0.982793723247329, 3.605551275463989
155, 12, 355, 378, 356, 376, -1, 2, 2.0344439357957027, 2.23606797749979
155, 13, 408, 491, 407, 486, 1, 5, 1.373400766945016, 5.0990195135927845
155, 14, 270, 18, 267, 18, 3, 0, 0.0, 3.0
155, 15, 370, 436, 371, 433, -1, 3, 1.892546881191539, 3.1622776601683795
155, 16, 266, 77, 266, 78, 0, -1, -1.5707963267948966, 1.0
155, 17, 583, 11, 583, 13, 0, -2, -1.5707963267948966, 2.0
155, 18, 293, 315, 293, 316, 0, -1, -1.5707963267948966, 1.0
155, 19, 1045, 187, 1046, 190, -1, -3, -1.892546881191539, 3.1622776601683795
155, 20, 386, 453, 386, 450, 0, 3, 1.5707963267948966, 3.0
155, 21, 623, 105, 623, 103, 0, 2, 1.5707963267948966, 2.0
155, 22, 560, 11, 560, 12, 0, -1, -1.5707963267948966, 1.0
155, 23, 259, 371, 259, 372, 0, -1, -1.5707963267948966, 1.0
155, 24, 307, 325, 307, 326, 0, -1, -1.5707963267948966, 1.0
155, 25, 254, 387, 254, 388, 0, -1, -1.5707963267948966, 1.0
155, 26, 481, 485, 481, 489, 0, -4, -1.5707963267948966, 4.0
155, 27, 1261, 233, 1261, 234, 0, -1, -1.5707963267948966, 1.0
155, 28, 1074, 139, 1076, 142, -2, -3, -2.158798930342464, 3.605551275463989
155, 29, 553, 17, 553, 19, 0, -2, -1.5707963267948966, 2.0
155, 30, 796, 224, 795, 220, 1, 4, 1.3258176636680326, 4.123105625617661
155, 31, 269, 27, 266, 27, 3, 0, 0.0, 3.0
155, 32, 468, 87, 469, 91, -1, -4, -1.8157749899217608, 4.123105625617661
155, 33, 1177, 120, 1177, 120, 0, 0, 0.0, 0.0
155, 34, 508, 429, 509, 433, -1, -4, -1.8157749899217608, 4.123105625617661
155, 35, 581, 93, 581, 94, 0, -1, -1.5707963267948966, 1.0
155, 36, 705, 339, 706, 343, -1, -4, -1.8157749899217608, 4.123105625617661
155, 37, 664, 288, 665, 286, -1, 2, 2.0344439357957027, 2.23606797749979
155, 38, 1073, 152, 1075, 155, -2, -3, -2.158798930342464, 3.605551275463989
155, 39, 628, 464, 629, 461, -1, 3, 1.892546881191539, 3.1622776601683795
155, 40, 495, 54, 496, 58, -1, -4, -1.8157749899217608, 4.123105625617661
155, 41, 711, 249, 711, 254, 0, -5, -1.5707963267948966, 5.0
155, 42, 1063, 151, 1065, 153, -2, -2, -2.356194490192345, 2.8284271247461903
155, 43, 840, 453, 840, 456, 0, -3, -1.5707963267948966, 3.0
155, 44, 788, 95, 788, 98, 0, -3, -1.5707963267948966, 3.0
155, 45, 512, 423, 513, 427, -1, -4, -1.8157749899217608, 4.123105625617661
155, 46, 1226, 73, 1225, 73, 1, 0, 0.0, 1.0
155, 47, 474, 97, 475, 101, -1, -4, -1.8157749899217608, 4.123105625617661
155, 48, 1056, 200, 1057, 202, -1, -2, -2.0344439357957027, 2.23606797749979
155, 49, 579, 21, 579, 23, 0, -2, -1.5707963267948966, 2.0
155, 50, 610, 403, 611, 402, -1, 1, 2.356194490192345, 1.4142135623730951
155, 51, 1236, 289, 1236, 285, 0, 4, 1.5707963267948966, 4.0
155, 52, 463, 100, 464, 103, -1, -3, -1.892546881191539, 3.1622776601683795
155, 53, 650, 272, 651, 270, -1, 2, 2.0344439357957027, 2.23606797749979
155, 54, 124, 518, 123, 515, 1, 3, 1.2490457723982544, 3.1622776601683795
155, 55, 737, 225, 738, 228, -1, -3, -1.892546881191539, 3.1622776601683795
155, 56, 782, 224, 781, 220, 1, 4, 1.3258176636680326, 4.123105625617661
155, 57, 275, 59, 273, 61, 2, -2, -0.7853981633974483, 2.8284271247461903
155, 58, 703, 420, 703, 422, 0, -2, -1.5707963267948966, 2.0
155, 59, 1208, 374, 1207, 374, 1, 0, 0.0, 1.0
155, 60, 1184, 87, 1183, 86, 1, 1, 0.7853981633974483, 1.4142135623730951
155, 61, 833, 16, 835, 17, -2, -1, -2.677945044588987, 2.23606797749979
155, 62, 1236, 329, 1236, 325, 0, 4, 1.5707963267948966, 4.0
155, 63, 629, 191, 631, 191, -2, 0, 3.141592653589793, 2.0
155, 64, 939, 100, 939, 101, 0, -1, -1.5707963267948966, 1.0
155, 65, 710, 332, 711, 336, -1, -4, -1.8157749899217608, 4.123105625617661
155, 66, 564, 19, 564, 21, 0, -2, -1.5707963267948966, 2.0
155, 67, 647, 280, 647, 278, 0, 2, 1.5707963267948966, 2.0
155, 68, 696, 330, 697, 334, -1, -4, -1.8157749899217608, 4.123105625617661
155, 69, 803, 117, 803, 119, 0, -2, -1.5707963267948966, 2.0
155, 70, 641, 346, 643, 343, -2, 3, 2.158798930342464, 3.605551275463989
155, 71, 249, 404, 249, 405, 0, -1, -1.5707963267948966, 1.0
155, 72, 258, 359, 258, 360, 0, -1, -1.5707963267948966, 1.0
155, 73, 170, 615, 168, 613, 2, 2, 0.7853981633974483, 2.8284271247461903
155, 74, 308, 380, 308, 381, 0, -1, -1.5707963267948966, 1.0
155, 75, 469, 178, 470, 181, -1, -3, -1.892546881191539, 3.1622776601683795
155, 76, 399, 485, 398, 479, 1, 6, 1.4056476493802699, 6.082762530298219
155, 77, 791, 217, 790, 213, 1, 4, 1.3258176636680326, 4.123105625617661
155, 78, 800, 139, 800, 142, 0, -3, -1.5707963267948966, 3.0
155, 79, 508, 462, 510, 467, -2, -5, -1.9513027039072615, 5.385164807134504
155, 80, 562, 87, 562, 88, 0, -1, -1.5707963267948966, 1.0
155, 81, 798, 255, 798, 252, 0, 3, 1.5707963267948966, 3.0
155, 82, 951, 18, 951, 18, 0, 0, 0.0, 0.0
155, 83, 796, 298, 795, 296, 1, 2, 1.1071487177940904, 2.23606797749979
155, 84, 292, 75, 289, 77, 3, -2, -0.5880026035475675, 3.605551275463989
155, 85, 744, 260, 744, 261, 0, -1, -1.5707963267948966, 1.0
155, 86, 151, 67, 152, 66, -1, 1, 2.356194490192345, 1.4142135623730951
155, 87, 841, 28, 843, 29, -2, -1, -2.677945044588987, 2.23606797749979
155, 88, 1222, 288, 1222, 285, 0, 3, 1.5707963267948966, 3.0
155, 89, 1208, 146, 1208, 146, 0, 0, 0.0, 0.0
155, 90, 496, 122, 496, 124, 0, -2, -1.5707963267948966, 2.0
155, 91, 937, 17, 937, 18, 0, -1, -1.5707963267948966, 1.0
155, 92, 171, 88, 172, 87, -1, 1, 2.356194490192345, 1.4142135623730951
155, 93, 489, 29, 489, 31, 0, -2, -1.5707963267948966, 2.0
155, 94, 777, 283, 777, 284, 0, -1, -1.5707963267948966, 1.0
155, 95, 926, 94, 926, 95, 0, -1, -1.5707963267948966, 1.0
155, 96, 1189, 124, 1189, 123, 0, 1, 1.5707963267948966, 1.0
155, 97, 630, 142, 631, 140, -1, 2, 2.0344439357957027, 2.23606797749979
155, 98, 388, 385, 389, 382, -1, 3, 1.892546881191539, 3.1622776601683795
155, 99, 370, 454, 370, 451, 0, 3, 1.5707963267948966, 3.0
155, 100, 637, 445, 637, 446, 0, -1, -1.5707963267948966, 1.0
155, 101, 371, 517, 373, 515, -2, 2, 2.356194490192345, 2.8284271247461903
155, 102, 481, 80, 481, 83, 0, -3, -1.5707963267948966, 3.0
155, 103, 1193, 177, 1193, 175, 0, 2, 1.5707963267948966, 2.0
155, 104, 622, 180, 623, 180, -1, 0, 3.141592653589793, 1.0
155, 105, 858, 335, 857, 340, 1, -5, -1.373400766945016, 5.0990195135927845
155, 106, 1198, 78, 1197, 78, 1, 0, 0.0, 1.0
155, 107, 936, 90, 936, 91, 0, -1, -1.5707963267948966, 1.0
155, 108, 135, 585, 135, 581, 0, 4, 1.5707963267948966, 4.0
155, 109, 987, 16, 984, 15, 3, 1, 0.3217505543966422, 3.1622776601683795
155, 110, 1184, 187, 1185, 186, -1, 1, 2.356194490192345, 1.4142135623730951
155, 111, 473, 485, 472, 489, 1, -4, -1.3258176636680326, 4.123105625617661
155, 112, 612, 151, 613, 149, -1, 2, 2.0344439357957027, 2.23606797749979
155, 113, 144, 14, 145, 13, -1, 1, 2.356194490192345, 1.4142135623730951
155, 114, 492, 492, 493, 497, -1, -5, -1.7681918866447774, 5.0990195135927845
155, 115, 359, 342, 360, 339, -1, 3, 1.892546881191539, 3.1622776601683795
155, 116, 280, 304, 280, 305, 0, -1, -1.5707963267948966, 1.0
155, 117, 394, 548, 394, 549, 0, -1, -1.5707963267948966, 1.0
155, 118, 119, 513, 118, 510, 1, 3, 1.2490457723982544, 3.1622776601683795
155, 119, 374, 350, 375, 347, -1, 3, 1.892546881191539, 3.1622776601683795
155, 120, 143, 612, 143, 613, 0, -1, -1.5707963267948966, 1.0
155, 121, 591, 83, 591, 84, 0, -1, -1.5707963267948966, 1.0
155, 122, 1166, 233, 1166, 231, 0, 2, 1.5707963267948966, 2.0
155, 123, 481, 36, 482, 39, -1, -3, -1.892546881191539, 3.1622776601683795
155, 124, 831, 366, 831, 371, 0, -5, -1.5707963267948966, 5.0
155, 125, 1173, 149, 1173, 148, 0, 1, 1.5707963267948966, 1.0
155, 126, 855, 419, 856, 422, -1, -3, -1.892546881191539, 3.1622776601683795
155, 127, 617, 143, 618, 141, -1, 2, 2.0344439357957027, 2.23606797749979
155, 128, 635, 310, 635, 308, 0, 2, 1.5707963267948966, 2.0
155, 129, 485, 55, 486, 59, -1, -4, -1.8157749899217608, 4.123105625617661
155, 130, 266, 407, 266, 408, 0, -1, -1.5707963267948966, 1.0
155, 131, 54, 76, 55, 76, -1, 0, 3.141592653589793, 1.0
155, 132, 72, 106, 73, 106, -1, 0, 3.141592653589793, 1.0
155, 133, 1197, 128, 1196, 127, 1, 1, 0.7853981633974483, 1.4142135623730951
155, 134, 1205, 125, 1204, 124, 1, 1, 0.7853981633974483, 1.4142135623730951
155, 135, 490, 132, 491, 134, -1, -2, -2.0344439357957027, 2.23606797749979
155, 136, 173, 638, 172, 635, 1, 3, 1.2490457723982544, 3.1622776601683795
155, 137, 1227, 280, 1227, 276, 0, 4, 1.5707963267948966, 4.0
155, 138, 153, 81, 154, 81, -1, 0, 3.141592653589793, 1.0
155, 139, 1047, 231, 1049, 233, -2, -2, -2.356194490192345, 2.8284271247461903
155, 140, 507, 412, 508, 417, -1, -5, -1.7681918866447774, 5.0990195135927845
155, 141, 798, 239, 798, 236, 0, 3, 1.5707963267948966, 3.0
155, 142, 484, 396, 485, 401, -1, -5, -1.7681918866447774, 5.0990195135927845
155, 143, 875, 375, 874, 380, 1, -5, -1.373400766945016, 5.0990195135927845
155, 144, 789, 9, 789, 10, 0, -1, -1.5707963267948966, 1.0
155, 145, 868, 358, 867, 363, 1, -5, -1.373400766945016, 5.0990195135927845
156, 0, 356, 383, 358, 381, -2, 2, 2.356194490192345, 2.8284271247461903
156, 1, 509, 430, 510, 433, -1, -3, -1.892546881191539, 3.1622776601683795
156, 2, 862, 352, 861, 356, 1, -4, -1.3258176636680326, 4.123105625617661
156, 3, 496, 407, 497, 411, -1, -4, -1.8157749899217608, 4.123105625617661
156, 4, 849, 351, 848, 355, 1, -4, -1.3258176636680326, 4.123105625617661
156, 5, 484, 410, 485, 414, -1, -4, -1.8157749899217608, 4.123105625617661
156, 6, 591, 20, 591, 23, 0, -3, -1.5707963267948966, 3.0
156, 7, 111, 530, 109, 527, 2, 3, 0.982793723247329, 3.605551275463989
156, 8, 838, 372, 837, 377, 1, -5, -1.373400766945016, 5.0990195135927845
156, 9, 833, 366, 833, 371, 0, -5, -1.5707963267948966, 5.0
156, 10, 270, 17, 267, 18, 3, -1, -0.3217505543966422, 3.1622776601683795
156, 11, 488, 47, 489, 51, -1, -4, -1.8157749899217608, 4.123105625617661
156, 12, 171, 61, 172, 60, -1, 1, 2.356194490192345, 1.4142135623730951
156, 13, 407, 493, 407, 489, 0, 4, 1.5707963267948966, 4.0
156, 14, 1045, 189, 1046, 191, -1, -2, -2.0344439357957027, 2.23606797749979
156, 15, 711, 246, 711, 251, 0, -5, -1.5707963267948966, 5.0
156, 16, 267, 77, 266, 78, 1, -1, -0.7853981633974483, 1.4142135623730951
156, 17, 795, 224, 794, 221, 1, 3, 1.2490457723982544, 3.1622776601683795
156, 18, 560, 11, 560, 12, 0, -1, -1.5707963267948966, 1.0
156, 19, 584, 10, 584, 13, 0, -3, -1.5707963267948966, 3.0
156, 20, 170, 629, 171, 625, -1, 4, 1.8157749899217608, 4.123105625617661
156, 21, 623, 105, 624, 103, -1, 2, 2.0344439357957027, 2.23606797749979
156, 22, 385, 454, 385, 451, 0, 3, 1.5707963267948966, 3.0
156, 23, 276, 61, 274, 63, 2, -2, -0.7853981633974483, 2.8284271247461903
156, 24, 1261, 236, 1276, 234, -15, 2, 3.0090411212931194, 15.132745950421556
156, 25, 1055, 232, 1056, 234, -1, -2, -2.0344439357957027, 2.23606797749979
156, 26, 837, 399, 836, 403, 1, -4, -1.3258176636680326, 4.123105625617661
156, 27, 1074, 152, 1076, 155, -2, -3, -2.158798930342464, 3.605551275463989
156, 28, 269, 26, 266, 27, 3, -1, -0.3217505543966422, 3.1622776601683795
156, 29, 1075, 140, 1077, 143, -2, -3, -2.158798930342464, 3.605551275463989
156, 30, 706, 339, 707, 344, -1, -5, -1.7681918866447774, 5.0990195135927845
156, 31, 468, 90, 469, 93, -1, -3, -1.892546881191539, 3.1622776601683795
156, 32, 495, 55, 496, 59, -1, -4, -1.8157749899217608, 4.123105625617661
156, 33, 554, 18, 554, 19, 0, -1, -1.5707963267948966, 1.0
156, 34, 1226, 74, 1225, 74, 1, 0, 0.0, 1.0
156, 35, 1056, 200, 1057, 202, -1, -2, -2.0344439357957027, 2.23606797749979
156, 36, 665, 288, 665, 286, 0, 2, 1.5707963267948966, 2.0
156, 37, 1178, 120, 1178, 120, 0, 0, 0.0, 0.0
156, 38, 1237, 289, 1238, 285, -1, 4, 1.8157749899217608, 4.123105625617661
156, 39, 1184, 124, 1184, 124, 0, 0, 0.0, 0.0
156, 40, 789, 95, 789, 98, 0, -3, -1.5707963267948966, 3.0
156, 41, 127, 521, 126, 518, 1, 3, 1.2490457723982544, 3.1622776601683795
156, 42, 295, 77, 293, 77, 2, 0, 0.0, 2.0
156, 43, 371, 453, 371, 451, 0, 2, 1.5707963267948966, 2.0
156, 44, 377, 439, 377, 436, 0, 3, 1.5707963267948966, 3.0
156, 45, 474, 98, 475, 101, -1, -3, -1.892546881191539, 3.1622776601683795
156, 46, 463, 100, 464, 103, -1, -3, -1.892546881191539, 3.1622776601683795
156, 47, 1193, 140, 1193, 138, 0, 2, 1.5707963267948966, 2.0
156, 48, 697, 330, 698, 335, -1, -5, -1.7681918866447774, 5.0990195135927845
156, 49, 581, 21, 581, 23, 0, -2, -1.5707963267948966, 2.0
156, 50, 581, 92, 581, 94, 0, -2, -1.5707963267948966, 2.0
156, 51, 833, 16, 835, 17, -2, -1, -2.677945044588987, 2.23606797749979
156, 52, 1063, 152, 1065, 154, -2, -2, -2.356194490192345, 2.8284271247461903
156, 53, 651, 272, 651, 270, 0, 2, 1.5707963267948966, 2.0
156, 54, 508, 412, 509, 416, -1, -4, -1.8157749899217608, 4.123105625617661
156, 55, 1185, 87, 1184, 87, 1, 0, 0.0, 1.0
156, 56, 711, 332, 712, 337, -1, -5, -1.7681918866447774, 5.0990195135927845
156, 57, 737, 226, 738, 229, -1, -3, -1.892546881191539, 3.1622776601683795
156, 58, 266, 57, 264, 58, 2, -1, -0.4636476090008061, 2.23606797749979
156, 59, 610, 404, 611, 403, -1, 1, 2.356194490192345, 1.4142135623730951
156, 60, 782, 224, 781, 221, 1, 3, 1.2490457723982544, 3.1622776601683795
156, 61, 704, 419, 704, 422, 0, -3, -1.5707963267948966, 3.0
156, 62, 809, 18, 811, 19, -2, -1, -2.677945044588987, 2.23606797749979
156, 63, 952, 18, 951, 18, 1, 0, 0.0, 1.0
156, 64, 565, 20, 565, 21, 0, -1, -1.5707963267948966, 1.0
156, 65, 384, 541, 384, 541, 0, 0, 0.0, 0.0
156, 66, 802, 118, 803, 120, -1, -2, -2.0344439357957027, 2.23606797749979
156, 67, 491, 31, 491, 33, 0, -2, -1.5707963267948966, 2.0
156, 68, 481, 483, 481, 488, 0, -5, -1.5707963267948966, 5.0
156, 69, 798, 256, 798, 253, 0, 3, 1.5707963267948966, 3.0
156, 70, 1236, 329, 1236, 325, 0, 4, 1.5707963267948966, 4.0
156, 71, 509, 463, 510, 467, -1, -4, -1.8157749899217608, 4.123105625617661
156, 72, 497, 123, 498, 125, -1, -2, -2.0344439357957027, 2.23606797749979
156, 73, 562, 88, 562, 89, 0, -1, -1.5707963267948966, 1.0
156, 74, 840, 452, 841, 457, -1, -5, -1.7681918866447774, 5.0990195135927845
156, 75, 992, 16, 989, 15, 3, 1, 0.3217505543966422, 3.1622776601683795
156, 76, 388, 387, 389, 384, -1, 3, 1.892546881191539, 3.1622776601683795
156, 77, 151, 69, 152, 69, -1, 0, 3.141592653589793, 1.0
156, 78, 792, 217, 791, 214, 1, 3, 1.2490457723982544, 3.1622776601683795
156, 79, 1184, 188, 1185, 187, -1, 1, 2.356194490192345, 1.4142135623730951
156, 80, 937, 18, 937, 19, 0, -1, -1.5707963267948966, 1.0
156, 81, 171, 91, 173, 90, -2, 1, 2.677945044588987, 2.23606797749979
156, 82, 858, 335, 857, 340, 1, -5, -1.373400766945016, 5.0990195135927845
156, 83, 649, 280, 649, 278, 0, 2, 1.5707963267948966, 2.0
156, 84, 1193, 176, 1193, 175, 0, 1, 1.5707963267948966, 1.0
156, 85, 802, 135, 803, 138, -1, -3, -1.892546881191539, 3.1622776601683795
156, 86, 480, 102, 481, 106, -1, -4, -1.8157749899217608, 4.123105625617661
156, 87, 481, 81, 482, 84, -1, -3, -1.892546881191539, 3.1622776601683795
156, 88, 1209, 146, 1208, 146, 1, 0, 0.0, 1.0
156, 89, 926, 94, 926, 95, 0, -1, -1.5707963267948966, 1.0
156, 90, 477, 178, 478, 180, -1, -2, -2.0344439357957027, 2.23606797749979
156, 91, 631, 141, 632, 140, -1, 1, 2.356194490192345, 1.4142135623730951
156, 92, 1228, 115, 1227, 115, 1, 0, 0.0, 1.0
156, 93, 1222, 290, 1222, 286, 0, 4, 1.5707963267948966, 4.0
156, 94, 709, 317, 710, 322, -1, -5, -1.7681918866447774, 5.0990195135927845
156, 95, 638, 446, 638, 447, 0, -1, -1.5707963267948966, 1.0
156, 96, 724, 305, 725, 307, -1, -2, -2.0344439357957027, 2.23606797749979
156, 97, 613, 152, 614, 150, -1, 2, 2.0344439357957027, 2.23606797749979
156, 98, 145, 15, 145, 14, 0, 1, 1.5707963267948966, 1.0
156, 99, 592, 83, 592, 84, 0, -1, -1.5707963267948966, 1.0
156, 100, 618, 144, 619, 142, -1, 2, 2.0344439357957027, 2.23606797749979
156, 101, 373, 351, 375, 348, -2, 3, 2.158798930342464, 3.605551275463989
156, 102, 1198, 78, 1197, 78, 1, 0, 0.0, 1.0
156, 103, 786, 146, 786, 148, 0, -2, -1.5707963267948966, 2.0
156, 104, 471, 484, 472, 489, -1, -5, -1.7681918866447774, 5.0990195135927845
156, 105, 1052, 222, 1054, 224, -2, -2, -2.356194490192345, 2.8284271247461903
156, 106, 484, 396, 485, 401, -1, -5, -1.7681918866447774, 5.0990195135927845
156, 107, 832, 50, 833, 50, -1, 0, 3.141592653589793, 1.0
156, 108, 875, 375, 875, 380, 0, -5, -1.5707963267948966, 5.0
156, 109, 121, 516, 120, 513, 1, 3, 1.2490457723982544, 3.1622776601683795
156, 110, 172, 637, 172, 633, 0, 4, 1.5707963267948966, 4.0
156, 111, 830, 24, 832, 25, -2, -1, -2.677945044588987, 2.23606797749979
156, 112, 1206, 117, 1205, 117, 1, 0, 0.0, 1.0
156, 113, 155, 21, 155, 20, 0, 1, 1.5707963267948966, 1.0
156, 114, 1164, 233, 1165, 233, -1, 0, 3.141592653589793, 1.0
156, 115, 142, 614, 143, 614, -1, 0, 3.141592653589793, 1.0
156, 116, 942, 31, 942, 32, 0, -1, -1.5707963267948966, 1.0
156, 117, 842, 30, 844, 30, -2, 0, 3.141592653589793, 2.0
156, 118, 352, 373, 353, 371, -1, 2, 2.0344439357957027, 2.23606797749979
156, 119, 1044, 225, 1046, 227, -2, -2, -2.356194490192345, 2.8284271247461903
156, 120, 775, 131, 776, 135, -1, -4, -1.8157749899217608, 4.123105625617661
156, 121, 1198, 337, 1198, 335, 0, 2, 1.5707963267948966, 2.0
156, 122, 704, 329, 705, 334, -1, -5, -1.7681918866447774, 5.0990195135927845
156, 123, 1227, 281, 1227, 277, 0, 4, 1.5707963267948966, 4.0
156, 124, 360, 506, 360, 503, 0, 3, 1.5707963267948966, 3.0
156, 125, 482, 33, 482, 35, 0, -2, -1.5707963267948966, 2.0
156, 126, 360, 343, 361, 339, -1, 4, 1.8157749899217608, 4.123105625617661
156, 127, 154, 84, 155, 84, -1, 0, 3.141592653589793, 1.0
156, 128, 635, 310, 636, 308, -1, 2, 2.0344439357957027, 2.23606797749979
156, 129, 869, 359, 868, 363, 1, -4, -1.3258176636680326, 4.123105625617661
156, 130, 639, 147, 640, 147, -1, 0, 3.141592653589793, 1.0
156, 131, 626, 358, 627, 354, -1, 4, 1.8157749899217608, 4.123105625617661
156, 132, 686, 372, 687, 377, -1, -5, -1.7681918866447774, 5.0990195135927845
156, 133, 840, 42, 842, 41, -2, 1, 2.677945044588987, 2.23606797749979
156, 134, 621, 179, 623, 180, -2, -1, -2.677945044588987, 2.23606797749979
156, 135, 469, 176, 470, 179, -1, -3, -1.892546881191539, 3.1622776601683795
156, 136, 633, 357, 634, 354, -1, 3, 1.892546881191539, 3.1622776601683795
156, 137, 799, 239, 799, 236, 0, 3, 1.5707963267948966, 3.0
156, 138, 758, 14, 757, 18, 1, -4, -1.3258176636680326, 4.123105625617661
156, 139, 471, 461, 472, 465, -1, -4, -1.8157749899217608, 4.123105625617661
156, 140, 110, 517, 107, 514, 3, 3, 0.7853981633974483, 4.242640687119285
156, 141, 845, 47, 847, 46, -2, 1, 2.677945044588987, 2.23606797749979
157, 0, 353, 387, 356, 383, -3, 4, 2.214297435588181, 5.0
157, 1, 509, 432, 509, 430, 0, 2, 1.5707963267948966, 2.0
157, 2, 863, 349, 862, 352, 1, -3, -1.2490457723982544, 3.1622776601683795
157, 3, 496, 404, 496, 407, 0, -3, -1.5707963267948966, 3.0
157, 4, 849, 347, 849, 351, 0, -4, -1.5707963267948966, 4.0
157, 5, 484, 406, 484, 410, 0, -4, -1.5707963267948966, 4.0
157, 6, 592, 16, 591, 20, 1, -4, -1.3258176636680326, 4.123105625617661
157, 7, 113, 532, 111, 530, 2, 2, 0.7853981633974483, 2.8284271247461903
157, 8, 839, 368, 838, 372, 1, -4, -1.3258176636680326, 4.123105625617661
157, 9, 834, 361, 833, 366, 1, -5, -1.373400766945016, 5.0990195135927845
157, 10, 274, 16, 270, 17, 4, -1, -0.24497866312686414, 4.123105625617661
157, 11, 487, 42, 488, 47, -1, -5, -1.7681918866447774, 5.0990195135927845
157, 12, 169, 64, 171, 61, -2, 3, 2.158798930342464, 3.605551275463989
157, 13, 406, 498, 407, 493, -1, 5, 1.7681918866447774, 5.0990195135927845
157, 14, 1043, 186, 1045, 189, -2, -3, -2.158798930342464, 3.605551275463989
157, 15, 711, 242, 711, 246, 0, -4, -1.5707963267948966, 4.0
157, 16, 269, 76, 267, 77, 2, -1, -0.4636476090008061, 2.23606797749979
157, 17, 797, 228, 795, 224, 2, 4, 1.1071487177940904, 4.47213595499958
157, 18, 560, 9, 560, 11, 0, -2, -1.5707963267948966, 2.0
157, 19, 584, 9, 584, 10, 0, -1, -1.5707963267948966, 1.0
157, 20, 166, 628, 170, 629, -4, -1, -2.896613990462929, 4.123105625617661
157, 21, 623, 109, 623, 105, 0, 4, 1.5707963267948966, 4.0
157, 22, 384, 458, 385, 454, -1, 4, 1.8157749899217608, 4.123105625617661
157, 23, 279, 60, 276, 61, 3, -1, -0.3217505543966422, 3.1622776601683795
157, 24, 1054, 230, 1055, 232, -1, -2, -2.0344439357957027, 2.23606797749979
157, 25, 838, 397, 837, 399, 1, -2, -1.1071487177940904, 2.23606797749979
157, 26, 1070, 148, 1074, 152, -4, -4, -2.356194490192345, 5.656854249492381
157, 27, 272, 26, 269, 26, 3, 0, 0.0, 3.0
157, 28, 1071, 136, 1075, 140, -4, -4, -2.356194490192345, 5.656854249492381
157, 29, 706, 335, 706, 339, 0, -4, -1.5707963267948966, 4.0
157, 30, 466, 85, 468, 90, -2, -5, -1.9513027039072615, 5.385164807134504
157, 31, 494, 50, 495, 55, -1, -5, -1.7681918866447774, 5.0990195135927845
157, 32, 554, 15, 554, 18, 0, -3, -1.5707963267948966, 3.0
157, 33, 1229, 75, 1226, 74, 3, 1, 0.3217505543966422, 3.1622776601683795
157, 34, 1054, 198, 1056, 200, -2, -2, -2.356194490192345, 2.8284271247461903
157, 35, 664, 291, 665, 288, -1, 3, 1.892546881191539, 3.1622776601683795
157, 36, 1179, 121, 1178, 120, 1, 1, 0.7853981633974483, 1.4142135623730951
157, 37, 1235, 292, 1237, 289, -2, 3, 2.158798930342464, 3.605551275463989
157, 38, 1185, 125, 1184, 124, 1, 1, 0.7853981633974483, 1.4142135623730951
157, 39, 789, 91, 789, 95, 0, -4, -1.5707963267948966, 4.0
157, 40, 128, 524, 127, 521, 1, 3, 1.2490457723982544, 3.1622776601683795
157, 41, 298, 77, 295, 77, 3, 0, 0.0, 3.0
157, 42, 370, 457, 371, 453, -1, 4, 1.8157749899217608, 4.123105625617661
157, 43, 377, 440, 377, 439, 0, 1, 1.5707963267948966, 1.0
157, 44, 473, 93, 474, 98, -1, -5, -1.7681918866447774, 5.0990195135927845
157, 45, 461, 96, 463, 100, -2, -4, -2.0344439357957027, 4.47213595499958
157, 46, 1193, 142, 1193, 140, 0, 2, 1.5707963267948966, 2.0
157, 47, 697, 326, 697, 330, 0, -4, -1.5707963267948966, 4.0
157, 48, 582, 17, 581, 21, 1, -4, -1.3258176636680326, 4.123105625617661
157, 49, 580, 89, 581, 92, -1, -3, -1.892546881191539, 3.1622776601683795
157, 50, 830, 14, 833, 16, -3, -2, -2.5535900500422257, 3.605551275463989
157, 51, 1059, 149, 1063, 152, -4, -3, -2.498091544796509, 5.0
157, 52, 650, 276, 651, 272, -1, 4, 1.8157749899217608, 4.123105625617661
157, 53, 508, 408, 508, 412, 0, -4, -1.5707963267948966, 4.0
157, 54, 1188, 88, 1185, 87, 3, 1, 0.3217505543966422, 3.1622776601683795
157, 55, 709, 328, 711, 332, -2, -4, -2.0344439357957027, 4.47213595499958
157, 56, 736, 221, 737, 226, -1, -5, -1.7681918866447774, 5.0990195135927845
157, 57, 269, 57, 266, 57, 3, 0, 0.0, 3.0
157, 58, 609, 408, 610, 404, -1, 4, 1.8157749899217608, 4.123105625617661
157, 59, 784, 227, 782, 224, 2, 3, 0.982793723247329, 3.605551275463989
157, 60, 704, 411, 704, 419, 0, -8, -1.5707963267948966, 8.0
157, 61, 806, 17, 809, 18, -3, -1, -2.819842099193151, 3.1622776601683795
157, 62, 954, 19, 952, 18, 2, 1, 0.4636476090008061, 2.23606797749979
157, 63, 565, 18, 565, 20, 0, -2, -1.5707963267948966, 2.0
157, 64, 384, 542, 384, 541, 0, 1, 1.5707963267948966, 1.0
157, 65, 801, 115, 802, 118, -1, -3, -1.892546881191539, 3.1622776601683795
157, 66, 490, 29, 491, 31, -1, -2, -2.0344439357957027, 2.23606797749979
157, 67, 482, 479, 481, 483, 1, -4, -1.3258176636680326, 4.123105625617661
157, 68, 800, 260, 798, 256, 2, 4, 1.1071487177940904, 4.47213595499958
157, 69, 1239, 331, 1236, 329, 3, 2, 0.5880026035475675, 3.605551275463989
157, 70, 507, 461, 509, 463, -2, -2, -2.356194490192345, 2.8284271247461903
157, 71, 496, 120, 497, 123, -1, -3, -1.892546881191539, 3.1622776601683795
157, 72, 562, 86, 562, 88, 0, -2, -1.5707963267948966, 2.0
157, 73, 840, 443, 840, 452, 0, -9, -1.5707963267948966, 9.0
157, 74, 994, 16, 992, 16, 2, 0, 0.0, 2.0
157, 75, 387, 389, 388, 387, -1, 2, 2.0344439357957027, 2.23606797749979
157, 76, 150, 71, 151, 69, -1, 2, 2.0344439357957027, 2.23606797749979
157, 77, 794, 220, 792, 217, 2, 3, 0.982793723247329, 3.605551275463989
157, 78, 1184, 190, 1184, 188, 0, 2, 1.5707963267948966, 2.0
157, 79, 168, 92, 171, 91, -3, 1, 2.819842099193151, 3.1622776601683795
157, 80, 859, 330, 858, 335, 1, -5, -1.373400766945016, 5.0990195135927845
157, 81, 648, 284, 649, 280, -1, 4, 1.8157749899217608, 4.123105625617661
157, 82, 1193, 178, 1193, 176, 0, 2, 1.5707963267948966, 2.0
157, 83, 801, 131, 802, 135, -1, -4, -1.8157749899217608, 4.123105625617661
157, 84, 479, 98, 480, 102, -1, -4, -1.8157749899217608, 4.123105625617661
157, 85, 480, 77, 481, 81, -1, -4, -1.8157749899217608, 4.123105625617661
157, 86, 1207, 146, 1209, 146, -2, 0, 3.141592653589793, 2.0
157, 87, 476, 176, 477, 178, -1, -2, -2.0344439357957027, 2.23606797749979
157, 88, 630, 143, 631, 141, -1, 2, 2.0344439357957027, 2.23606797749979
157, 89, 1231, 116, 1228, 115, 3, 1, 0.3217505543966422, 3.1622776601683795
157, 90, 1223, 293, 1222, 290, 1, 3, 1.2490457723982544, 3.1622776601683795
157, 91, 708, 313, 709, 317, -1, -4, -1.8157749899217608, 4.123105625617661
157, 92, 638, 445, 638, 446, 0, -1, -1.5707963267948966, 1.0
157, 93, 723, 303, 724, 305, -1, -2, -2.0344439357957027, 2.23606797749979
157, 94, 612, 156, 613, 152, -1, 4, 1.8157749899217608, 4.123105625617661
157, 95, 146, 18, 145, 15, 1, 3, 1.2490457723982544, 3.1622776601683795
157, 96, 592, 82, 592, 83, 0, -1, -1.5707963267948966, 1.0
157, 97, 617, 148, 618, 144, -1, 4, 1.8157749899217608, 4.123105625617661
157, 98, 370, 353, 373, 351, -3, 2, 2.5535900500422257, 3.605551275463989
157, 99, 1201, 79, 1198, 78, 3, 1, 0.3217505543966422, 3.1622776601683795
157, 100, 786, 142, 786, 146, 0, -4, -1.5707963267948966, 4.0
157, 101, 470, 480, 471, 484, -1, -4, -1.8157749899217608, 4.123105625617661
157, 102, 1050, 219, 1052, 222, -2, -3, -2.158798930342464, 3.605551275463989
157, 103, 484, 391, 484, 396, 0, -5, -1.5707963267948966, 5.0
157, 104, 832, 49, 832, 50, 0, -1, -1.5707963267948966, 1.0
157, 105, 875, 369, 875, 375, 0, -6, -1.5707963267948966, 6.0
157, 106, 122, 519, 121, 516, 1, 3, 1.2490457723982544, 3.1622776601683795
157, 107, 169, 639, 172, 637, -3, 2, 2.5535900500422257, 3.605551275463989
157, 108, 828, 22, 830, 24, -2, -2, -2.356194490192345, 2.8284271247461903
157, 109, 1209, 117, 1206, 117, 3, 0, 0.0, 3.0
157, 110, 155, 24, 155, 21, 0, 3, 1.5707963267948966, 3.0
157, 111, 839, 28, 842, 30, -3, -2, -2.5535900500422257, 3.605551275463989
157, 112, 350, 377, 352, 373, -2, 4, 2.0344439357957027, 4.47213595499958
157, 113, 1042, 221, 1044, 225, -2, -4, -2.0344439357957027, 4.47213595499958
157, 114, 774, 126, 775, 131, -1, -5, -1.7681918866447774, 5.0990195135927845
157, 115, 1198, 340, 1198, 337, 0, 3, 1.5707963267948966, 3.0
157, 116, 703, 325, 704, 329, -1, -4, -1.8157749899217608, 4.123105625617661
157, 117, 1227, 284, 1227, 281, 0, 3, 1.5707963267948966, 3.0
157, 118, 359, 509, 360, 506, -1, 3, 1.892546881191539, 3.1622776601683795
157, 119, 482, 31, 482, 33, 0, -2, -1.5707963267948966, 2.0
157, 120, 359, 346, 360, 343, -1, 3, 1.892546881191539, 3.1622776601683795
157, 121, 153, 85, 154, 84, -1, 1, 2.356194490192345, 1.4142135623730951
157, 122, 634, 313, 635, 310, -1, 3, 1.892546881191539, 3.1622776601683795
157, 123, 871, 356, 869, 359, 2, -3, -0.982793723247329, 3.605551275463989
157, 124, 638, 148, 639, 147, -1, 1, 2.356194490192345, 1.4142135623730951
157, 125, 625, 361, 626, 358, -1, 3, 1.892546881191539, 3.1622776601683795
157, 126, 685, 368, 686, 372, -1, -4, -1.8157749899217608, 4.123105625617661
157, 127, 839, 42, 840, 42, -1, 0, 3.141592653589793, 1.0
157, 128, 619, 178, 621, 179, -2, -1, -2.677945044588987, 2.23606797749979
157, 129, 468, 174, 469, 176, -1, -2, -2.0344439357957027, 2.23606797749979
157, 130, 632, 360, 633, 357, -1, 3, 1.892546881191539, 3.1622776601683795
157, 131, 800, 243, 799, 239, 1, 4, 1.3258176636680326, 4.123105625617661
157, 132, 759, 11, 758, 14, 1, -3, -1.2490457723982544, 3.1622776601683795
157, 133, 469, 457, 471, 461, -2, -4, -2.0344439357957027, 4.47213595499958
157, 134, 113, 519, 110, 517, 3, 2, 0.5880026035475675, 3.605551275463989
158, 0, 496, 398, 497, 402, -1, -4, -1.8157749899217608, 4.123105625617661
158, 1, 839, 366, 838, 370, 1, -4, -1.3258176636680326, 4.123105625617661
158, 2, 863, 344, 863, 348, 0, -4, -1.5707963267948966, 4.0
158, 3, 592, 18, 592, 20, 0, -2, -1.5707963267948966, 2.0
158, 4, 115, 538, 113, 535, 2, 3, 0.982793723247329, 3.605551275463989
158, 5, 511, 436, 511, 433, 0, 3, 1.5707963267948966, 3.0
158, 6, 850, 342, 850, 346, 0, -4, -1.5707963267948966, 4.0
158, 7, 276, 16, 273, 18, 3, -2, -0.5880026035475675, 3.605551275463989
158, 8, 354, 387, 356, 385, -2, 2, 2.356194490192345, 2.8284271247461903
158, 9, 484, 401, 485, 405, -1, -4, -1.8157749899217608, 4.123105625617661
158, 10, 624, 108, 624, 107, 0, 1, 1.5707963267948966, 1.0
158, 11, 283, 62, 280, 62, 3, 0, 0.0, 3.0
158, 12, 799, 228, 797, 226, 2, 2, 0.7853981633974483, 2.8284271247461903
158, 13, 1071, 137, 1074, 140, -3, -3, -2.356194490192345, 4.242640687119285
158, 14, 586, 9, 586, 11, 0, -2, -1.5707963267948966, 2.0
158, 15, 561, 9, 561, 10, 0, -1, -1.5707963267948966, 1.0
158, 16, 487, 44, 488, 46, -1, -2, -2.0344439357957027, 2.23606797749979
158, 17, 1043, 187, 1045, 189, -2, -2, -2.356194490192345, 2.8284271247461903
158, 18, 270, 74, 268, 75, 2, -1, -0.4636476090008061, 2.23606797749979
158, 19, 170, 64, 171, 63, -1, 1, 2.356194490192345, 1.4142135623730951
158, 20, 1261, 242, 1275, 239, -14, 3, 2.930499320367047, 14.317821063276353
158, 21, 467, 87, 468, 89, -1, -2, -2.0344439357957027, 2.23606797749979
158, 22, 476, 178, 477, 180, -1, -2, -2.0344439357957027, 2.23606797749979
158, 23, 1071, 149, 1074, 152, -3, -3, -2.356194490192345, 4.242640687119285
158, 24, 1061, 149, 1063, 151, -2, -2, -2.356194490192345, 2.8284271247461903
158, 25, 789, 94, 789, 95, 0, -1, -1.5707963267948966, 1.0
158, 26, 404, 509, 406, 504, -2, 5, 1.9513027039072615, 5.385164807134504
158, 27, 295, 76, 295, 77, 0, -1, -1.5707963267948966, 1.0
158, 28, 554, 17, 554, 18, 0, -1, -1.5707963267948966, 1.0
158, 29, 1231, 116, 1230, 116, 1, 0, 0.0, 1.0
158, 30, 369, 458, 370, 455, -1, 3, 1.892546881191539, 3.1622776601683795
158, 31, 384, 458, 385, 455, -1, 3, 1.892546881191539, 3.1622776601683795
158, 32, 275, 25, 272, 27, 3, -2, -0.5880026035475675, 3.605551275463989
158, 33, 706, 332, 706, 337, 0, -5, -1.5707963267948966, 5.0
158, 34, 709, 237, 709, 241, 0, -4, -1.5707963267948966, 4.0
158, 35, 1236, 336, 1236, 333, 0, 3, 1.5707963267948966, 3.0
158, 36, 133, 528, 131, 525, 2, 3, 0.982793723247329, 3.605551275463989
158, 37, 562, 87, 562, 88, 0, -1, -1.5707963267948966, 1.0
158, 38, 785, 227, 783, 225, 2, 2, 0.7853981633974483, 2.8284271247461903
158, 39, 474, 96, 475, 98, -1, -2, -2.0344439357957027, 2.23606797749979
158, 40, 490, 31, 490, 33, 0, -2, -1.5707963267948966, 2.0
158, 41, 697, 326, 697, 331, 0, -5, -1.5707963267948966, 5.0
158, 42, 650, 274, 651, 273, -1, 1, 2.356194490192345, 1.4142135623730951
158, 43, 829, 14, 831, 15, -2, -1, -2.677945044588987, 2.23606797749979
158, 44, 376, 442, 377, 441, -1, 1, 2.356194490192345, 1.4142135623730951
158, 45, 664, 290, 665, 289, -1, 1, 2.356194490192345, 1.4142135623730951
158, 46, 793, 303, 793, 303, 0, 0, 0.0, 0.0
158, 47, 1180, 121, 1179, 121, 1, 0, 0.0, 1.0
158, 48, 373, 534, 373, 531, 0, 3, 1.5707963267948966, 3.0
158, 49, 1237, 297, 1238, 293, -1, 4, 1.8157749899217608, 4.123105625617661
158, 50, 628, 197, 628, 197, 0, 0, 0.0, 0.0
158, 51, 797, 138, 798, 140, -1, -2, -2.0344439357957027, 2.23606797749979
158, 52, 854, 423, 854, 424, 0, -1, -1.5707963267948966, 1.0
158, 53, 1193, 178, 1193, 178, 0, 0, 0.0, 0.0
158, 54, 462, 98, 463, 100, -1, -2, -2.0344439357957027, 2.23606797749979
158, 55, 710, 325, 711, 330, -1, -5, -1.7681918866447774, 5.0990195135927845
158, 56, 507, 507, 506, 511, 1, -4, -1.3258176636680326, 4.123105625617661
158, 57, 1187, 126, 1186, 126, 1, 0, 0.0, 1.0
158, 58, 272, 58, 269, 58, 3, 0, 0.0, 3.0
158, 59, 877, 366, 877, 372, 0, -6, -1.5707963267948966, 6.0
158, 60, 469, 452, 471, 456, -2, -4, -2.0344439357957027, 4.47213595499958
158, 61, 1188, 88, 1186, 88, 2, 0, 0.0, 2.0
158, 62, 485, 124, 486, 126, -1, -2, -2.0344439357957027, 2.23606797749979
158, 63, 802, 133, 803, 135, -1, -2, -2.0344439357957027, 2.23606797749979
158, 64, 795, 221, 793, 219, 2, 2, 0.7853981633974483, 2.8284271247461903
158, 65, 399, 502, 401, 497, -2, 5, 1.9513027039072615, 5.385164807134504
158, 66, 637, 147, 638, 146, -1, 1, 2.356194490192345, 1.4142135623730951
158, 67, 494, 52, 495, 55, -1, -3, -1.892546881191539, 3.1622776601683795
158, 68, 492, 119, 493, 121, -1, -2, -2.0344439357957027, 2.23606797749979
158, 69, 738, 223, 738, 226, 0, -3, -1.5707963267948966, 3.0
158, 70, 860, 327, 860, 333, 0, -6, -1.5707963267948966, 6.0
158, 71, 1225, 120, 1224, 120, 1, 0, 0.0, 1.0
158, 72, 609, 409, 610, 406, -1, 3, 1.892546881191539, 3.1622776601683795
158, 73, 481, 76, 482, 79, -1, -3, -1.892546881191539, 3.1622776601683795
158, 74, 1229, 75, 1228, 75, 1, 0, 0.0, 1.0
158, 75, 151, 70, 152, 70, -1, 0, 3.141592653589793, 1.0
158, 76, 942, 17, 942, 18, 0, -1, -1.5707963267948966, 1.0
158, 77, 565, 18, 565, 19, 0, -1, -1.5707963267948966, 1.0
158, 78, 647, 282, 648, 281, -1, 1, 2.356194490192345, 1.4142135623730951
158, 79, 744, 253, 744, 255, 0, -2, -1.5707963267948966, 2.0
158, 80, 1184, 190, 1184, 189, 0, 1, 1.5707963267948966, 1.0
158, 81, 1198, 341, 1198, 338, 0, 3, 1.5707963267948966, 3.0
158, 82, 485, 53, 486, 55, -1, -2, -2.0344439357957027, 2.23606797749979
158, 83, 1043, 215, 1044, 219, -1, -4, -1.8157749899217608, 4.123105625617661
158, 84, 801, 261, 800, 258, 1, 3, 1.2490457723982544, 3.1622776601683795
158, 85, 1221, 297, 1222, 293, -1, 4, 1.8157749899217608, 4.123105625617661
158, 86, 706, 410, 706, 416, 0, -6, -1.5707963267948966, 6.0
158, 87, 508, 405, 509, 409, -1, -4, -1.8157749899217608, 4.123105625617661
158, 88, 392, 385, 394, 382, -2, 3, 2.158798930342464, 3.605551275463989
158, 89, 612, 154, 613, 153, -1, 1, 2.356194490192345, 1.4142135623730951
158, 90, 385, 543, 385, 541, 0, 2, 1.5707963267948966, 2.0
158, 91, 806, 18, 808, 19, -2, -1, -2.677945044588987, 2.23606797749979
158, 92, 985, 19, 985, 19, 0, 0, 0.0, 0.0
158, 93, 360, 511, 360, 509, 0, 2, 1.5707963267948966, 2.0
158, 94, 579, 91, 580, 93, -1, -2, -2.0344439357957027, 2.23606797749979
158, 95, 777, 284, 777, 284, 0, 0, 0.0, 0.0
158, 96, 1202, 79, 1200, 79, 2, 0, 0.0, 2.0
158, 97, 357, 347, 359, 344, -2, 3, 2.158798930342464, 3.605551275463989
158, 98, 582, 18, 582, 20, 0, -2, -1.5707963267948966, 2.0
158, 99, 145, 17, 145, 16, 0, 1, 1.5707963267948966, 1.0
158, 100, 143, 612, 143, 613, 0, -1, -1.5707963267948966, 1.0
158, 101, 481, 100, 481, 102, 0, -2, -1.5707963267948966, 2.0
158, 102, 954, 20, 953, 19, 1, 1, 0.7853981633974483, 1.4142135623730951
158, 103, 1226, 289, 1227, 285, -1, 4, 1.8157749899217608, 4.123105625617661
158, 104, 954, 11, 952, 11, 2, 0, 0.0, 2.0
158, 105, 776, 124, 776, 127, 0, -3, -1.5707963267948966, 3.0
158, 106, 651, 379, 652, 378, -1, 1, 2.356194490192345, 1.4142135623730951
158, 107, 483, 28, 483, 30, 0, -2, -1.5707963267948966, 2.0
158, 108, 1206, 150, 1205, 149, 1, 1, 0.7853981633974483, 1.4142135623730951
158, 109, 1194, 139, 1193, 139, 1, 0, 0.0, 1.0
158, 110, 1055, 196, 1056, 200, -1, -4, -1.8157749899217608, 4.123105625617661
158, 111, 372, 357, 374, 354, -2, 3, 2.158798930342464, 3.605551275463989
158, 112, 506, 453, 507, 458, -1, -5, -1.7681918866447774, 5.0990195135927845
158, 113, 708, 311, 709, 316, -1, -5, -1.7681918866447774, 5.0990195135927845
158, 114, 626, 364, 627, 361, -1, 3, 1.892546881191539, 3.1622776601683795
158, 115, 142, 591, 141, 590, 1, 1, 0.7853981633974483, 1.4142135623730951
158, 116, 550, 49, 550, 50, 0, -1, -1.5707963267948966, 1.0
158, 117, 697, 311, 698, 316, -1, -5, -1.7681918866447774, 5.0990195135927845
158, 118, 1047, 181, 1049, 183, -2, -2, -2.356194490192345, 2.8284271247461903
158, 119, 153, 85, 154, 85, -1, 0, 3.141592653589793, 1.0
158, 120, 386, 391, 387, 388, -1, 3, 1.892546881191539, 3.1622776601683795
158, 121, 992, 18, 992, 18, 0, 0, 0.0, 0.0
158, 122, 827, 23, 829, 24, -2, -1, -2.677945044588987, 2.23606797749979
158, 123, 703, 323, 704, 328, -1, -5, -1.7681918866447774, 5.0990195135927845
158, 124, 685, 366, 686, 370, -1, -4, -1.8157749899217608, 4.123105625617661
158, 125, 1208, 118, 1207, 118, 1, 0, 0.0, 1.0
158, 126, 483, 387, 484, 392, -1, -5, -1.7681918866447774, 5.0990195135927845
158, 127, 618, 145, 619, 144, -1, 1, 2.356194490192345, 1.4142135623730951
158, 128, 155, 24, 155, 23, 0, 1, 1.5707963267948966, 1.0
158, 129, 871, 350, 870, 354, 1, -4, -1.3258176636680326, 4.123105625617661
158, 130, 469, 476, 471, 480, -2, -4, -2.0344439357957027, 4.47213595499958
158, 131, 1075, 157, 1078, 159, -3, -2, -2.5535900500422257, 3.605551275463989
158, 132, 1072, 175, 1074, 178, -2, -3, -2.158798930342464, 3.605551275463989
158, 133, 1195, 151, 1195, 151, 0, 0, 0.0, 0.0
158, 134, 635, 313, 636, 312, -1, 1, 2.356194490192345, 1.4142135623730951
158, 135, 1173, 144, 1173, 144, 0, 0, 0.0, 0.0
158, 136, 490, 486, 490, 489, 0, -3, -1.5707963267948966, 3.0
158, 137, 637, 451, 638, 451, -1, 0, 3.141592653589793, 1.0
159, 0, 496, 394, 496, 398, 0, -4, -1.5707963267948966, 4.0
159, 1, 839, 364, 839, 366, 0, -2, -1.5707963267948966, 2.0
159, 2, 863, 340, 863, 344, 0, -4, -1.5707963267948966, 4.0
159, 3, 592, 16, 592, 18, 0, -2, -1.5707963267948966, 2.0
159, 4, 117, 541, 115, 538, 2, 3, 0.982793723247329, 3.605551275463989
159, 5, 511, 439, 511, 436, 0, 3, 1.5707963267948966, 3.0
159, 6, 850, 338, 850, 342, 0, -4, -1.5707963267948966, 4.0
159, 7, 279, 15, 276, 16, 3, -1, -0.3217505543966422, 3.1622776601683795
159, 8, 352, 390, 354, 387, -2, 3, 2.158798930342464, 3.605551275463989
159, 9, 484, 397, 484, 401, 0, -4, -1.5707963267948966, 4.0
159, 10, 624, 109, 624, 108, 0, 1, 1.5707963267948966, 1.0
159, 11, 285, 63, 283, 62, 2, 1, 0.4636476090008061, 2.23606797749979
159, 12, 800, 230, 799, 228, 1, 2, 1.1071487177940904, 2.23606797749979
159, 13, 1068, 135, 1071, 137, -3, -2, -2.5535900500422257, 3.605551275463989
159, 14, 487, 42, 487, 44, 0, -2, -1.5707963267948966, 2.0
159, 15, 1041, 185, 1043, 187, -2, -2, -2.356194490192345, 2.8284271247461903
159, 16, 273, 74, 270, 74, 3, 0, 0.0, 3.0
159, 17, 169, 65, 170, 64, -1, 1, 2.356194490192345, 1.4142135623730951
159, 18, 466, 85, 467, 87, -1, -2, -2.0344439357957027, 2.23606797749979
159, 19, 1069, 147, 1071, 149, -2, -2, -2.356194490192345, 2.8284271247461903
159, 20, 1059, 147, 1061, 149, -2, -2, -2.356194490192345, 2.8284271247461903
159, 21, 789, 93, 789, 94, 0, -1, -1.5707963267948966, 1.0
159, 22, 402, 514, 404, 509, -2, 5, 1.9513027039072615, 5.385164807134504
159, 23, 295, 75, 295, 76, 0, -1, -1.5707963267948966, 1.0
159, 24, 554, 16, 554, 17, 0, -1, -1.5707963267948966, 1.0
159, 25, 1232, 117, 1231, 116, 1, 1, 0.7853981633974483, 1.4142135623730951
159, 26, 369, 461, 369, 458, 0, 3, 1.5707963267948966, 3.0
159, 27, 383, 461, 384, 458, -1, 3, 1.892546881191539, 3.1622776601683795
159, 28, 278, 23, 275, 25, 3, -2, -0.5880026035475675, 3.605551275463989
159, 29, 706, 327, 706, 332, 0, -5, -1.5707963267948966, 5.0
159, 30, 709, 234, 709, 237, 0, -3, -1.5707963267948966, 3.0
159, 31, 1237, 339, 1236, 336, 1, 3, 1.2490457723982544, 3.1622776601683795
159, 32, 135, 531, 133, 528, 2, 3, 0.982793723247329, 3.605551275463989
159, 33, 562, 86, 562, 87, 0, -1, -1.5707963267948966, 1.0
159, 34, 786, 228, 785, 227, 1, 1, 0.7853981633974483, 1.4142135623730951
159, 35, 473, 94, 474, 96, -1, -2, -2.0344439357957027, 2.23606797749979
159, 36, 490, 29, 490, 31, 0, -2, -1.5707963267948966, 2.0
159, 37, 697, 321, 697, 326, 0, -5, -1.5707963267948966, 5.0
159, 38, 649, 275, 650, 274, -1, 1, 2.356194490192345, 1.4142135623730951
159, 39, 827, 13, 829, 14, -2, -1, -2.677945044588987, 2.23606797749979
159, 40, 375, 444, 376, 442, -1, 2, 2.0344439357957027, 2.23606797749979
159, 41, 663, 291, 664, 290, -1, 1, 2.356194490192345, 1.4142135623730951
159, 42, 1181, 122, 1180, 121, 1, 1, 0.7853981633974483, 1.4142135623730951
159, 43, 373, 537, 373, 534, 0, 3, 1.5707963267948966, 3.0
159, 44, 1237, 300, 1237, 297, 0, 3, 1.5707963267948966, 3.0
159, 45, 628, 196, 628, 197, 0, -1, -1.5707963267948966, 1.0
159, 46, 854, 422, 854, 423, 0, -1, -1.5707963267948966, 1.0
159, 47, 1193, 178, 1193, 178, 0, 0, 0.0, 0.0
159, 48, 461, 96, 462, 98, -1, -2, -2.0344439357957027, 2.23606797749979
159, 49, 709, 320, 710, 325, -1, -5, -1.7681918866447774, 5.0990195135927845
159, 50, 507, 504, 507, 507, 0, -3, -1.5707963267948966, 3.0
159, 51, 1188, 126, 1187, 126, 1, 0, 0.0, 1.0
159, 52, 275, 58, 272, 58, 3, 0, 0.0, 3.0
159, 53, 878, 361, 877, 366, 1, -5, -1.373400766945016, 5.0990195135927845
159, 54, 467, 448, 469, 452, -2, -4, -2.0344439357957027, 4.47213595499958
159, 55, 1190, 88, 1188, 88, 2, 0, 0.0, 2.0
159, 56, 484, 122, 485, 124, -1, -2, -2.0344439357957027, 2.23606797749979
159, 57, 797, 223, 795, 221, 2, 2, 0.7853981633974483, 2.8284271247461903
159, 58, 397, 508, 399, 502, -2, 6, 1.892546881191539, 6.324555320336759
159, 59, 637, 148, 637, 147, 0, 1, 1.5707963267948966, 1.0
159, 60, 494, 50, 494, 52, 0, -2, -1.5707963267948966, 2.0
159, 61, 491, 117, 492, 119, -1, -2, -2.0344439357957027, 2.23606797749979
159, 62, 738, 220, 738, 223, 0, -3, -1.5707963267948966, 3.0
159, 63, 860, 321, 860, 327, 0, -6, -1.5707963267948966, 6.0
159, 64, 1226, 121, 1225, 120, 1, 1, 0.7853981633974483, 1.4142135623730951
159, 65, 608, 413, 609, 409, -1, 4, 1.8157749899217608, 4.123105625617661
159, 66, 481, 74, 481, 76, 0, -2, -1.5707963267948966, 2.0
159, 67, 1230, 76, 1229, 75, 1, 1, 0.7853981633974483, 1.4142135623730951
159, 68, 150, 70, 151, 70, -1, 0, 3.141592653589793, 1.0
159, 69, 942, 16, 942, 17, 0, -1, -1.5707963267948966, 1.0
159, 70, 565, 17, 565, 18, 0, -1, -1.5707963267948966, 1.0
159, 71, 646, 283, 647, 282, -1, 1, 2.356194490192345, 1.4142135623730951
159, 72, 743, 250, 744, 253, -1, -3, -1.892546881191539, 3.1622776601683795
159, 73, 1184, 191, 1184, 190, 0, 1, 1.5707963267948966, 1.0
159, 74, 1198, 344, 1198, 341, 0, 3, 1.5707963267948966, 3.0
159, 75, 485, 51, 485, 53, 0, -2, -1.5707963267948966, 2.0
159, 76, 1043, 213, 1043, 215, 0, -2, -1.5707963267948966, 2.0
159, 77, 802, 264, 801, 261, 1, 3, 1.2490457723982544, 3.1622776601683795
159, 78, 1221, 301, 1221, 297, 0, 4, 1.5707963267948966, 4.0
159, 79, 706, 405, 706, 410, 0, -5, -1.5707963267948966, 5.0
159, 80, 508, 401, 508, 405, 0, -4, -1.5707963267948966, 4.0
159, 81, 390, 388, 392, 385, -2, 3, 2.158798930342464, 3.605551275463989
159, 82, 611, 156, 612, 154, -1, 2, 2.0344439357957027, 2.23606797749979
159, 83, 385, 545, 385, 543, 0, 2, 1.5707963267948966, 2.0
159, 84, 804, 17, 806, 18, -2, -1, -2.677945044588987, 2.23606797749979
159, 85, 985, 19, 985, 19, 0, 0, 0.0, 0.0
159, 86, 360, 514, 360, 511, 0, 3, 1.5707963267948966, 3.0
159, 87, 579, 89, 579, 91, 0, -2, -1.5707963267948966, 2.0
159, 88, 777, 284, 777, 284, 0, 0, 0.0, 0.0
159, 89, 1204, 79, 1202, 79, 2, 0, 0.0, 2.0
159, 90, 355, 349, 357, 347, -2, 2, 2.356194490192345, 2.8284271247461903
159, 91, 582, 16, 582, 18, 0, -2, -1.5707963267948966, 2.0
159, 92, 145, 18, 145, 17, 0, 1, 1.5707963267948966, 1.0
159, 93, 143, 612, 143, 612, 0, 0, 0.0, 0.0
159, 94, 481, 98, 481, 100, 0, -2, -1.5707963267948966, 2.0
159, 95, 954, 21, 954, 20, 0, 1, 1.5707963267948966, 1.0
159, 96, 1226, 293, 1226, 289, 0, 4, 1.5707963267948966, 4.0
159, 97, 955, 13, 954, 11, 1, 2, 1.1071487177940904, 2.23606797749979
159, 98, 776, 121, 776, 124, 0, -3, -1.5707963267948966, 3.0
159, 99, 650, 380, 651, 379, -1, 1, 2.356194490192345, 1.4142135623730951
159, 100, 483, 26, 483, 28, 0, -2, -1.5707963267948966, 2.0
159, 101, 1207, 150, 1206, 150, 1, 0, 0.0, 1.0
159, 102, 1195, 140, 1194, 139, 1, 1, 0.7853981633974483, 1.4142135623730951
159, 103, 1053, 194, 1055, 196, -2, -2, -2.356194490192345, 2.8284271247461903
159, 104, 370, 359, 372, 357, -2, 2, 2.356194490192345, 2.8284271247461903
159, 105, 505, 450, 506, 453, -1, -3, -1.892546881191539, 3.1622776601683795
159, 106, 708, 306, 708, 311, 0, -5, -1.5707963267948966, 5.0
159, 107, 625, 367, 626, 364, -1, 3, 1.892546881191539, 3.1622776601683795
159, 108, 144, 594, 142, 591, 2, 3, 0.982793723247329, 3.605551275463989
159, 109, 550, 48, 550, 49, 0, -1, -1.5707963267948966, 1.0
159, 110, 696, 306, 697, 311, -1, -5, -1.7681918866447774, 5.0990195135927845
159, 111, 1045, 179, 1047, 181, -2, -2, -2.356194490192345, 2.8284271247461903
159, 112, 152, 85, 153, 85, -1, 0, 3.141592653589793, 1.0
159, 113, 385, 394, 386, 391, -1, 3, 1.892546881191539, 3.1622776601683795
159, 114, 992, 18, 992, 18, 0, 0, 0.0, 0.0
159, 115, 825, 22, 827, 23, -2, -1, -2.677945044588987, 2.23606797749979
159, 116, 703, 318, 703, 323, 0, -5, -1.5707963267948966, 5.0
159, 117, 684, 362, 685, 366, -1, -4, -1.8157749899217608, 4.123105625617661
159, 118, 1209, 119, 1208, 118, 1, 1, 0.7853981633974483, 1.4142135623730951
159, 119, 483, 382, 483, 387, 0, -5, -1.5707963267948966, 5.0
159, 120, 617, 146, 618, 145, -1, 1, 2.356194490192345, 1.4142135623730951
159, 121, 155, 25, 155, 24, 0, 1, 1.5707963267948966, 1.0
159, 122, 872, 345, 871, 350, 1, -5, -1.373400766945016, 5.0990195135927845
159, 123, 467, 473, 469, 476, -2, -3, -2.158798930342464, 3.605551275463989
159, 124, 1073, 155, 1075, 157, -2, -2, -2.356194490192345, 2.8284271247461903
159, 125, 1070, 172, 1072, 175, -2, -3, -2.158798930342464, 3.605551275463989
159, 126, 1195, 152, 1195, 151, 0, 1, 1.5707963267948966, 1.0
159, 127, 634, 314, 635, 313, -1, 1, 2.356194490192345, 1.4142135623730951
159, 128, 1173, 144, 1173, 144, 0, 0, 0.0, 0.0
159, 129, 489, 484, 490, 486, -1, -2, -2.0344439357957027, 2.23606797749979
159, 130, 636, 451, 637, 451, -1, 0, 3.141592653589793, 1.0
160, 0, 864, 337, 864, 341, 0, -4, -1.5707963267948966, 4.0
160, 1, 497, 393, 497, 397, 0, -4, -1.5707963267948966, 4.0
160, 2, 593, 17, 593, 18, 0, -1, -1.5707963267948966, 1.0
160, 3, 279, 15, 276, 16, 3, -1, -0.3217505543966422, 3.1622776601683795
160, 4, 512, 439, 512, 438, 0, 1, 1.5707963267948966, 1.0
160, 5, 835, 364, 835, 365, 0, -1, -1.5707963267948966, 1.0
160, 6, 353, 391, 355, 388, -2, 3, 2.158798930342464, 3.605551275463989
160, 7, 119, 542, 117, 539, 2, 3, 0.982793723247329, 3.605551275463989
160, 8, 851, 336, 851, 340, 0, -4, -1.5707963267948966, 4.0
160, 9, 624, 108, 624, 108, 0, 0, 0.0, 0.0
160, 10, 799, 230, 798, 229, 1, 1, 0.7853981633974483, 1.4142135623730951
160, 11, 466, 86, 467, 88, -1, -2, -2.0344439357957027, 2.23606797749979
160, 12, 484, 395, 484, 399, 0, -4, -1.5707963267948966, 4.0
160, 13, 381, 418, 382, 418, -1, 0, 3.141592653589793, 1.0
160, 14, 1261, 243, 1275, 241, -14, 2, 2.999695598985629, 14.142135623730951
160, 15, 298, 346, 298, 346, 0, 0, 0.0, 0.0
160, 16, 274, 72, 271, 72, 3, 0, 0.0, 3.0
160, 17, 287, 66, 285, 64, 2, 2, 0.7853981633974483, 2.8284271247461903
160, 18, 1069, 135, 1072, 138, -3, -3, -2.356194490192345, 4.242640687119285
160, 19, 1055, 232, 1056, 234, -1, -2, -2.0344439357957027, 2.23606797749979
160, 20, 170, 65, 171, 64, -1, 1, 2.356194490192345, 1.4142135623730951
160, 21, 561, 9, 561, 10, 0, -1, -1.5707963267948966, 1.0
160, 22, 278, 24, 275, 26, 3, -2, -0.5880026035475675, 3.605551275463989
160, 23, 1041, 186, 1043, 188, -2, -2, -2.356194490192345, 2.8284271247461903
160, 24, 610, 414, 610, 410, 0, 4, 1.5707963267948966, 4.0
160, 25, 476, 177, 477, 179, -1, -2, -2.0344439357957027, 2.23606797749979
160, 26, 1059, 147, 1061, 149, -2, -2, -2.356194490192345, 2.8284271247461903
160, 27, 790, 92, 790, 94, 0, -2, -1.5707963267948966, 2.0
160, 28, 370, 462, 370, 459, 0, 3, 1.5707963267948966, 3.0
160, 29, 508, 496, 508, 498, 0, -2, -1.5707963267948966, 2.0
160, 30, 1233, 118, 1232, 117, 1, 1, 0.7853981633974483, 1.4142135623730951
160, 31, 706, 327, 706, 332, 0, -5, -1.5707963267948966, 5.0
160, 32, 1070, 147, 1072, 150, -2, -3, -2.158798930342464, 3.605551275463989
160, 33, 295, 76, 295, 77, 0, -1, -1.5707963267948966, 1.0
160, 34, 280, 59, 277, 58, 3, 1, 0.3217505543966422, 3.1622776601683795
160, 35, 786, 228, 785, 227, 1, 1, 0.7853981633974483, 1.4142135623730951
160, 36, 384, 461, 385, 458, -1, 3, 1.892546881191539, 3.1622776601683795
160, 37, 1238, 300, 1238, 297, 0, 3, 1.5707963267948966, 3.0
160, 38, 664, 293, 665, 291, -1, 2, 2.0344439357957027, 2.23606797749979
160, 39, 360, 516, 360, 513, 0, 3, 1.5707963267948966, 3.0
160, 40, 401, 516, 403, 512, -2, 4, 2.0344439357957027, 4.47213595499958
160, 41, 555, 16, 555, 17, 0, -1, -1.5707963267948966, 1.0
160, 42, 710, 235, 710, 238, 0, -3, -1.5707963267948966, 3.0
160, 43, 697, 320, 697, 325, 0, -5, -1.5707963267948966, 5.0
160, 44, 490, 30, 490, 32, 0, -2, -1.5707963267948966, 2.0
160, 45, 462, 96, 463, 98, -1, -2, -2.0344439357957027, 2.23606797749979
160, 46, 1182, 123, 1181, 122, 1, 1, 0.7853981633974483, 1.4142135623730951
160, 47, 1238, 342, 1237, 338, 1, 4, 1.3258176636680326, 4.123105625617661
160, 48, 135, 533, 133, 530, 2, 3, 0.982793723247329, 3.605551275463989
160, 49, 797, 137, 798, 139, -1, -2, -2.0344439357957027, 2.23606797749979
160, 50, 562, 85, 562, 87, 0, -2, -1.5707963267948966, 2.0
160, 51, 770, 40, 771, 40, -1, 0, 3.141592653589793, 1.0
160, 52, 376, 445, 376, 444, 0, 1, 1.5707963267948966, 1.0
160, 53, 494, 51, 495, 53, -1, -2, -2.0344439357957027, 2.23606797749979
160, 54, 1190, 89, 1188, 89, 2, 0, 0.0, 2.0
160, 55, 481, 75, 482, 77, -1, -2, -2.0344439357957027, 2.23606797749979
160, 56, 474, 95, 475, 97, -1, -2, -2.0344439357957027, 2.23606797749979
160, 57, 711, 320, 711, 325, 0, -5, -1.5707963267948966, 5.0
160, 58, 854, 422, 854, 423, 0, -1, -1.5707963267948966, 1.0
160, 59, 54, 76, 55, 76, -1, 0, 3.141592653589793, 1.0
160, 60, 1188, 127, 1187, 126, 1, 1, 0.7853981633974483, 1.4142135623730951
160, 61, 942, 17, 942, 18, 0, -1, -1.5707963267948966, 1.0
160, 62, 938, 100, 938, 101, 0, -1, -1.5707963267948966, 1.0
160, 63, 649, 277, 650, 275, -1, 2, 2.0344439357957027, 2.23606797749979
160, 64, 650, 380, 651, 379, -1, 1, 2.356194490192345, 1.4142135623730951
160, 65, 647, 284, 648, 283, -1, 1, 2.356194490192345, 1.4142135623730951
160, 66, 736, 216, 736, 219, 0, -3, -1.5707963267948966, 3.0
160, 67, 817, 35, 818, 35, -1, 0, 3.141592653589793, 1.0
160, 68, 860, 321, 860, 326, 0, -5, -1.5707963267948966, 5.0
160, 69, 725, 304, 726, 306, -1, -2, -2.0344439357957027, 2.23606797749979
160, 70, 150, 71, 151, 71, -1, 0, 3.141592653589793, 1.0
160, 71, 304, 340, 304, 340, 0, 0, 0.0, 0.0
160, 72, 74, 150, 75, 150, -1, 0, 3.141592653589793, 1.0
160, 73, 797, 222, 796, 221, 1, 1, 0.7853981633974483, 1.4142135623730951
160, 74, 805, 18, 807, 18, -2, 0, 3.141592653589793, 2.0
160, 75, 146, 599, 144, 597, 2, 2, 0.7853981633974483, 2.8284271247461903
160, 76, 332, 405, 332, 406, 0, -1, -1.5707963267948966, 1.0
160, 77, 803, 266, 802, 263, 1, 3, 1.2490457723982544, 3.1622776601683795
160, 78, 992, 15, 992, 15, 0, 0, 0.0, 0.0
160, 79, 583, 17, 583, 18, 0, -1, -1.5707963267948966, 1.0
160, 80, 1204, 80, 1202, 80, 2, 0, 0.0, 2.0
160, 81, 925, 94, 925, 95, 0, -1, -1.5707963267948966, 1.0
160, 82, 827, 13, 829, 14, -2, -1, -2.677945044588987, 2.23606797749979
160, 83, 1044, 214, 1044, 215, 0, -1, -1.5707963267948966, 1.0
160, 84, 170, 94, 170, 94, 0, 0, 0.0, 0.0
160, 85, 1185, 190, 1185, 190, 0, 0, 0.0, 0.0
160, 86, 143, 613, 143, 613, 0, 0, 0.0, 0.0
160, 87, 877, 360, 877, 365, 0, -5, -1.5707963267948966, 5.0
160, 88, 935, 92, 935, 93, 0, -1, -1.5707963267948966, 1.0
160, 89, 468, 446, 469, 450, -1, -4, -1.8157749899217608, 4.123105625617661
160, 90, 1198, 346, 1198, 342, 0, 4, 1.5707963267948966, 4.0
160, 91, 484, 51, 485, 53, -1, -2, -2.0344439357957027, 2.23606797749979
160, 92, 716, 348, 716, 350, 0, -2, -1.5707963267948966, 2.0
160, 93, 1223, 301, 1223, 298, 0, 3, 1.5707963267948966, 3.0
160, 94, 146, 17, 146, 17, 0, 0, 0.0, 0.0
160, 95, 565, 17, 565, 18, 0, -1, -1.5707963267948966, 1.0
160, 96, 632, 148, 632, 147, 0, 1, 1.5707963267948966, 1.0
160, 97, 1194, 141, 1194, 140, 0, 1, 1.5707963267948966, 1.0
160, 98, 777, 118, 777, 121, 0, -3, -1.5707963267948966, 3.0
160, 99, 390, 388, 392, 385, -2, 3, 2.158798930342464, 3.605551275463989
160, 100, 778, 132, 778, 134, 0, -2, -1.5707963267948966, 2.0
160, 101, 592, 82, 592, 83, 0, -1, -1.5707963267948966, 1.0
160, 102, 743, 250, 744, 253, -1, -3, -1.892546881191539, 3.1622776601683795
160, 103, 1193, 178, 1193, 178, 0, 0, 0.0, 0.0
160, 104, 1227, 292, 1227, 289, 0, 3, 1.5707963267948966, 3.0
160, 105, 1226, 122, 1225, 121, 1, 1, 0.7853981633974483, 1.4142135623730951
160, 106, 842, 343, 842, 347, 0, -4, -1.5707963267948966, 4.0
160, 107, 1071, 174, 1073, 176, -2, -2, -2.356194490192345, 2.8284271247461903
160, 108, 803, 116, 803, 117, 0, -1, -1.5707963267948966, 1.0
160, 109, 550, 48, 550, 49, 0, -1, -1.5707963267948966, 1.0
160, 110, 509, 399, 509, 404, 0, -5, -1.5707963267948966, 5.0
160, 111, 357, 349, 358, 347, -1, 2, 2.0344439357957027, 2.23606797749979
160, 112, 985, 19, 985, 19, 0, 0, 0.0, 0.0
160, 113, 497, 121, 498, 123, -1, -2, -2.0344439357957027, 2.23606797749979
160, 114, 1230, 77, 1229, 76, 1, 1, 0.7853981633974483, 1.4142135623730951
160, 115, 707, 402, 707, 405, 0, -3, -1.5707963267948966, 3.0
160, 116, 841, 429, 841, 435, 0, -6, -1.5707963267948966, 6.0
160, 117, 370, 359, 372, 357, -2, 2, 2.356194490192345, 2.8284271247461903
160, 118, 350, 383, 351, 380, -1, 3, 1.892546881191539, 3.1622776601683795
160, 119, 633, 476, 633, 476, 0, 0, 0.0, 0.0
160, 120, 636, 353, 637, 351, -1, 2, 2.0344439357957027, 2.23606797749979
160, 121, 118, 528, 116, 525, 2, 3, 0.982793723247329, 3.605551275463989
160, 122, 1208, 406, 1208, 404, 0, 2, 1.5707963267948966, 2.0
160, 123, 612, 158, 613, 156, -1, 2, 2.0344439357957027, 2.23606797749979
160, 124, 618, 147, 619, 146, -1, 1, 2.356194490192345, 1.4142135623730951
160, 125, 484, 381, 484, 386, 0, -5, -1.5707963267948966, 5.0
160, 126, 778, 45, 779, 45, -1, 0, 3.141592653589793, 1.0
160, 127, 363, 349, 365, 347, -2, 2, 2.356194490192345, 2.8284271247461903
160, 128, 378, 560, 378, 555, 0, 5, 1.5707963267948966, 5.0
160, 129, 709, 306, 709, 311, 0, -5, -1.5707963267948966, 5.0
160, 130, 1211, 325, 1210, 322, 1, 3, 1.2490457723982544, 3.1622776601683795
160, 131, 156, 25, 156, 24, 0, 1, 1.5707963267948966, 1.0
160, 132, 802, 132, 803, 134, -1, -2, -2.0344439357957027, 2.23606797749979
160, 133, 698, 306, 698, 311, 0, -5, -1.5707963267948966, 5.0
160, 134, 465, 471, 467, 474, -2, -3, -2.158798930342464, 3.605551275463989
160, 135, 482, 102, 482, 103, 0, -1, -1.5707963267948966, 1.0
160, 136, 150, 48, 151, 48, -1, 0, 3.141592653589793, 1.0
160, 137, 941, 30, 941, 31, 0, -1, -1.5707963267948966, 1.0
160, 138, 1209, 120, 1208, 119, 1, 1, 0.7853981633974483, 1.4142135623730951
160, 139, 1196, 152, 1196, 152, 0, 0, 0.0, 0.0
160, 140, 1234, 292, 1234, 289, 0, 3, 1.5707963267948966, 3.0
160, 141, 634, 313, 635, 312, -1, 1, 2.356194490192345, 1.4142135623730951
160, 142, 647, 36, 647, 36, 0, 0, 0.0, 0.0
160, 143, 1211, 156, 1210, 155, 1, 1, 0.7853981633974483, 1.4142135623730951
160, 144, 152, 85, 153, 85, -1, 0, 3.141592653589793, 1.0
160, 145, 701, 391, 701, 393, 0, -2, -1.5707963267948966, 2.0
160, 146, 625, 367, 626, 364, -1, 3, 1.892546881191539, 3.1622776601683795
160, 147, 1174, 143, 1173, 143, 1, 0, 0.0, 1.0
160, 148, 782, 34, 783, 34, -1, 0, 3.141592653589793, 1.0
160, 149, 1074, 154, 1076, 157, -2, -3, -2.158798930342464, 3.605551275463989
160, 150, 655, 427, 655, 423, 0, 4, 1.5707963267948966, 4.0
160, 151, 704, 318, 704, 323, 0, -5, -1.5707963267948966, 5.0
160, 152, 484, 122, 485, 125, -1, -3, -1.892546881191539, 3.1622776601683795
160, 153, 637, 451, 638, 451, -1, 0, 3.141592653589793, 1.0
160, 154, 1203, 361, 1202, 362, 1, -1, -0.7853981633974483, 1.4142135623730951
160, 155, 167, 652, 168, 652, -1, 0, 3.141592653589793, 1.0
160, 156, 493, 382, 493, 387, 0, -5, -1.5707963267948966, 5.0
160, 157, 826, 23, 828, 24, -2, -1, -2.677945044588987, 2.23606797749979
161, 0, 864, 332, 864, 337, 0, -5, -1.5707963267948966, 5.0
161, 1, 496, 388, 497, 393, -1, -5, -1.7681918866447774, 5.0990195135927845
161, 2, 593, 16, 593, 17, 0, -1, -1.5707963267948966, 1.0
161, 3, 282, 14, 279, 15, 3, -1, -0.3217505543966422, 3.1622776601683795
161, 4, 512, 441, 512, 439, 0, 2, 1.5707963267948966, 2.0
161, 5, 834, 364, 835, 364, -1, 0, 3.141592653589793, 1.0
161, 6, 352, 394, 353, 391, -1, 3, 1.892546881191539, 3.1622776601683795
161, 7, 121, 545, 119, 542, 2, 3, 0.982793723247329, 3.605551275463989
161, 8, 850, 332, 851, 336, -1, -4, -1.8157749899217608, 4.123105625617661
161, 9, 623, 109, 624, 108, -1, 1, 2.356194490192345, 1.4142135623730951
161, 10, 800, 231, 799, 230, 1, 1, 0.7853981633974483, 1.4142135623730951
161, 11, 465, 84, 466, 86, -1, -2, -2.0344439357957027, 2.23606797749979
161, 12, 484, 391, 484, 395, 0, -4, -1.5707963267948966, 4.0
161, 13, 380, 419, 381, 418, -1, 1, 2.356194490192345, 1.4142135623730951
161, 14, 1261, 243, 1261, 243, 0, 0, 0.0, 0.0
161, 15, 298, 346, 298, 346, 0, 0, 0.0, 0.0
161, 16, 275, 73, 274, 72, 1, 1, 0.7853981633974483, 1.4142135623730951
161, 17, 288, 68, 287, 66, 1, 2, 1.1071487177940904, 2.23606797749979
161, 18, 1066, 132, 1069, 135, -3, -3, -2.356194490192345, 4.242640687119285
161, 19, 1054, 229, 1055, 232, -1, -3, -1.892546881191539, 3.1622776601683795
161, 20, 170, 65, 170, 65, 0, 0, 0.0, 0.0
161, 21, 281, 23, 278, 24, 3, -1, -0.3217505543966422, 3.1622776601683795
161, 22, 1039, 184, 1041, 186, -2, -2, -2.356194490192345, 2.8284271247461903
161, 23, 610, 418, 610, 414, 0, 4, 1.5707963267948966, 4.0
161, 24, 476, 175, 476, 177, 0, -2, -1.5707963267948966, 2.0
161, 25, 1057, 145, 1059, 147, -2, -2, -2.356194490192345, 2.8284271247461903
161, 26, 790, 91, 790, 92, 0, -1, -1.5707963267948966, 1.0
161, 27, 369, 466, 370, 462, -1, 4, 1.8157749899217608, 4.123105625617661
161, 28, 507, 493, 508, 496, -1, -3, -1.892546881191539, 3.1622776601683795
161, 29, 1234, 119, 1233, 118, 1, 1, 0.7853981633974483, 1.4142135623730951
161, 30, 705, 322, 706, 327, -1, -5, -1.7681918866447774, 5.0990195135927845
161, 31, 1068, 144, 1070, 147, -2, -3, -2.158798930342464, 3.605551275463989
161, 32, 295, 76, 295, 76, 0, 0, 0.0, 0.0
161, 33, 282, 60, 280, 59, 2, 1, 0.4636476090008061, 2.23606797749979
161, 34, 787, 229, 786, 228, 1, 1, 0.7853981633974483, 1.4142135623730951
161, 35, 383, 464, 384, 461, -1, 3, 1.892546881191539, 3.1622776601683795
161, 36, 1238, 303, 1238, 300, 0, 3, 1.5707963267948966, 3.0
161, 37, 664, 295, 664, 293, 0, 2, 1.5707963267948966, 2.0
161, 38, 360, 520, 360, 516, 0, 4, 1.5707963267948966, 4.0
161, 39, 399, 520, 401, 516, -2, 4, 2.0344439357957027, 4.47213595499958
161, 40, 710, 233, 710, 235, 0, -2, -1.5707963267948966, 2.0
161, 41, 697, 315, 697, 320, 0, -5, -1.5707963267948966, 5.0
161, 42, 490, 28, 490, 30, 0, -2, -1.5707963267948966, 2.0
161, 43, 461, 94, 462, 96, -1, -2, -2.0344439357957027, 2.23606797749979
161, 44, 1183, 124, 1182, 123, 1, 1, 0.7853981633974483, 1.4142135623730951
161, 45, 1239, 345, 1238, 342, 1, 3, 1.2490457723982544, 3.1622776601683795
161, 46, 137, 536, 135, 533, 2, 3, 0.982793723247329, 3.605551275463989
161, 47, 796, 135, 797, 137, -1, -2, -2.0344439357957027, 2.23606797749979
161, 48, 562, 84, 562, 85, 0, -1, -1.5707963267948966, 1.0
161, 49, 769, 40, 770, 40, -1, 0, 3.141592653589793, 1.0
161, 50, 376, 446, 376, 445, 0, 1, 1.5707963267948966, 1.0
161, 51, 494, 50, 494, 51, 0, -1, -1.5707963267948966, 1.0
161, 52, 1192, 89, 1190, 89, 2, 0, 0.0, 2.0
161, 53, 481, 74, 481, 75, 0, -1, -1.5707963267948966, 1.0
161, 54, 473, 93, 474, 95, -1, -2, -2.0344439357957027, 2.23606797749979
161, 55, 711, 315, 711, 320, 0, -5, -1.5707963267948966, 5.0
161, 56, 854, 420, 854, 422, 0, -2, -1.5707963267948966, 2.0
161, 57, 54, 76, 54, 76, 0, 0, 0.0, 0.0
161, 58, 1188, 128, 1188, 127, 0, 1, 1.5707963267948966, 1.0
161, 59, 941, 17, 942, 17, -1, 0, 3.141592653589793, 1.0
161, 60, 937, 100, 938, 100, -1, 0, 3.141592653589793, 1.0
161, 61, 648, 279, 649, 277, -1, 2, 2.0344439357957027, 2.23606797749979
161, 62, 649, 381, 650, 380, -1, 1, 2.356194490192345, 1.4142135623730951
161, 63, 646, 286, 647, 284, -1, 2, 2.0344439357957027, 2.23606797749979
161, 64, 736, 212, 736, 216, 0, -4, -1.5707963267948966, 4.0
161, 65, 816, 35, 817, 35, -1, 0, 3.141592653589793, 1.0
161, 66, 859, 316, 860, 321, -1, -5, -1.7681918866447774, 5.0990195135927845
161, 67, 724, 301, 725, 304, -1, -3, -1.892546881191539, 3.1622776601683795
161, 68, 149, 72, 150, 71, -1, 1, 2.356194490192345, 1.4142135623730951
161, 69, 304, 340, 304, 340, 0, 0, 0.0, 0.0
161, 70, 73, 150, 74, 150, -1, 0, 3.141592653589793, 1.0
161, 71, 798, 223, 797, 222, 1, 1, 0.7853981633974483, 1.4142135623730951
161, 72, 803, 18, 805, 18, -2, 0, 3.141592653589793, 2.0
161, 73, 148, 603, 146, 599, 2, 4, 1.1071487177940904, 4.47213595499958
161, 74, 331, 405, 332, 405, -1, 0, 3.141592653589793, 1.0
161, 75, 804, 269, 803, 266, 1, 3, 1.2490457723982544, 3.1622776601683795
161, 76, 992, 15, 992, 15, 0, 0, 0.0, 0.0
161, 77, 583, 15, 583, 17, 0, -2, -1.5707963267948966, 2.0
161, 78, 1206, 80, 1204, 80, 2, 0, 0.0, 2.0
161, 79, 925, 94, 925, 94, 0, 0, 0.0, 0.0
161, 80, 825, 12, 827, 13, -2, -1, -2.677945044588987, 2.23606797749979
161, 81, 170, 94, 170, 94, 0, 0, 0.0, 0.0
161, 82, 1185, 191, 1185, 190, 0, 1, 1.5707963267948966, 1.0
161, 83, 144, 616, 143, 613, 1, 3, 1.2490457723982544, 3.1622776601683795
161, 84, 877, 355, 877, 360, 0, -5, -1.5707963267948966, 5.0
161, 85, 935, 92, 935, 92, 0, 0, 0.0, 0.0
161, 86, 467, 442, 468, 446, -1, -4, -1.8157749899217608, 4.123105625617661
161, 87, 1198, 350, 1198, 346, 0, 4, 1.5707963267948966, 4.0
161, 88, 716, 348, 716, 348, 0, 0, 0.0, 0.0
161, 89, 1223, 304, 1223, 301, 0, 3, 1.5707963267948966, 3.0
161, 90, 146, 17, 146, 17, 0, 0, 0.0, 0.0
161, 91, 632, 149, 632, 148, 0, 1, 1.5707963267948966, 1.0
161, 92, 1194, 142, 1194, 141, 0, 1, 1.5707963267948966, 1.0
161, 93, 778, 115, 777, 118, 1, -3, -1.2490457723982544, 3.1622776601683795
161, 94, 388, 391, 390, 388, -2, 3, 2.158798930342464, 3.605551275463989
161, 95, 778, 130, 778, 132, 0, -2, -1.5707963267948966, 2.0
161, 96, 592, 81, 592, 82, 0, -1, -1.5707963267948966, 1.0
161, 97, 743, 246, 743, 250, 0, -4, -1.5707963267948966, 4.0
161, 98, 1193, 178, 1193, 178, 0, 0, 0.0, 0.0
161, 99, 1227, 295, 1227, 292, 0, 3, 1.5707963267948966, 3.0
161, 100, 1226, 123, 1226, 122, 0, 1, 1.5707963267948966, 1.0
161, 101, 842, 338, 842, 343, 0, -5, -1.5707963267948966, 5.0
161, 102, 1069, 171, 1071, 174, -2, -3, -2.158798930342464, 3.605551275463989
161, 103, 803, 115, 803, 116, 0, -1, -1.5707963267948966, 1.0
161, 104, 550, 47, 550, 48, 0, -1, -1.5707963267948966, 1.0
161, 105, 508, 394, 509, 399, -1, -5, -1.7681918866447774, 5.0990195135927845
161, 106, 356, 351, 357, 349, -1, 2, 2.0344439357957027, 2.23606797749979
161, 107, 985, 19, 985, 19, 0, 0, 0.0, 0.0
161, 108, 1231, 78, 1230, 77, 1, 1, 0.7853981633974483, 1.4142135623730951
161, 109, 707, 400, 707, 402, 0, -2, -1.5707963267948966, 2.0
161, 110, 842, 423, 841, 429, 1, -6, -1.4056476493802699, 6.082762530298219
161, 111, 369, 361, 370, 359, -1, 2, 2.0344439357957027, 2.23606797749979
161, 112, 349, 386, 350, 383, -1, 3, 1.892546881191539, 3.1622776601683795
161, 113, 633, 476, 633, 476, 0, 0, 0.0, 0.0
161, 114, 635, 355, 636, 353, -1, 2, 2.0344439357957027, 2.23606797749979
161, 115, 120, 531, 118, 528, 2, 3, 0.982793723247329, 3.605551275463989
161, 116, 1208, 406, 1208, 406, 0, 0, 0.0, 0.0
161, 117, 611, 160, 612, 158, -1, 2, 2.0344439357957027, 2.23606797749979
161, 118, 617, 148, 618, 147, -1, 1, 2.356194490192345, 1.4142135623730951
161, 119, 484, 376, 484, 381, 0, -5, -1.5707963267948966, 5.0
161, 120, 777, 45, 778, 45, -1, 0, 3.141592653589793, 1.0
161, 121, 362, 351, 363, 349, -1, 2, 2.0344439357957027, 2.23606797749979
161, 122, 378, 567, 378, 560, 0, 7, 1.5707963267948966, 7.0
161, 123, 709, 301, 709, 306, 0, -5, -1.5707963267948966, 5.0
161, 124, 1212, 329, 1211, 325, 1, 4, 1.3258176636680326, 4.123105625617661
161, 125, 156, 25, 156, 25, 0, 0, 0.0, 0.0
161, 126, 802, 130, 802, 132, 0, -2, -1.5707963267948966, 2.0
161, 127, 698, 301, 698, 306, 0, -5, -1.5707963267948966, 5.0
161, 128, 463, 468, 465, 471, -2, -3, -2.158798930342464, 3.605551275463989
161, 129, 482, 101, 482, 102, 0, -1, -1.5707963267948966, 1.0
161, 130, 150, 48, 150, 48, 0, 0, 0.0, 0.0
161, 131, 941, 30, 941, 30, 0, 0, 0.0, 0.0
161, 132, 1210, 121, 1209, 120, 1, 1, 0.7853981633974483, 1.4142135623730951
161, 133, 1196, 153, 1196, 152, 0, 1, 1.5707963267948966, 1.0
161, 134, 1234, 295, 1234, 292, 0, 3, 1.5707963267948966, 3.0
161, 135, 633, 315, 634, 313, -1, 2, 2.0344439357957027, 2.23606797749979
161, 136, 647, 36, 647, 36, 0, 0, 0.0, 0.0
161, 137, 1212, 157, 1211, 156, 1, 1, 0.7853981633974483, 1.4142135623730951
161, 138, 151, 85, 152, 85, -1, 0, 3.141592653589793, 1.0
161, 139, 701, 389, 701, 391, 0, -2, -1.5707963267948966, 2.0
161, 140, 624, 370, 625, 367, -1, 3, 1.892546881191539, 3.1622776601683795
161, 141, 1175, 144, 1174, 143, 1, 1, 0.7853981633974483, 1.4142135623730951
161, 142, 781, 34, 782, 34, -1, 0, 3.141592653589793, 1.0
161, 143, 1072, 151, 1074, 154, -2, -3, -2.158798930342464, 3.605551275463989
161, 144, 655, 430, 655, 427, 0, 3, 1.5707963267948966, 3.0
161, 145, 704, 313, 704, 318, 0, -5, -1.5707963267948966, 5.0
161, 146, 483, 119, 484, 122, -1, -3, -1.892546881191539, 3.1622776601683795
161, 147, 637, 454, 637, 451, 0, 3, 1.5707963267948966, 3.0
161, 148, 1205, 360, 1203, 361, 2, -1, -0.4636476090008061, 2.23606797749979
161, 149, 167, 652, 167, 652, 0, 0, 0.0, 0.0
161, 150, 493, 377, 493, 382, 0, -5, -1.5707963267948966, 5.0
161, 151, 824, 22, 826, 23, -2, -1, -2.677945044588987, 2.23606797749979
162, 0, 864, 331, 864, 335, 0, -4, -1.5707963267948966, 4.0
162, 1, 372, 448, 372, 447, 0, 1, 1.5707963267948966, 1.0
162, 2, 283, 15, 280, 16, 3, -1, -0.3217505543966422, 3.1622776601683795
162, 3, 253, 339, 253, 339, 0, 0, 0.0, 0.0
162, 4, 496, 388, 496, 392, 0, -4, -1.5707963267948966, 4.0
162, 5, 595, 15, 594, 17, 1, -2, -1.1071487177940904, 2.23606797749979
162, 6, 259, 371, 259, 372, 0, -1, -1.5707963267948966, 1.0
162, 7, 303, 358, 303, 358, 0, 0, 0.0, 0.0
162, 8, 279, 68, 278, 69, 1, -1, -0.7853981633974483, 1.4142135623730951
162, 9, 260, 342, 260, 342, 0, 0, 0.0, 0.0
162, 10, 299, 346, 299, 346, 0, 0, 0.0, 0.0
162, 11, 850, 330, 851, 334, -1, -4, -1.8157749899217608, 4.123105625617661
162, 12, 623, 112, 624, 109, -1, 3, 1.892546881191539, 3.1622776601683795
162, 13, 487, 41, 488, 43, -1, -2, -2.0344439357957027, 2.23606797749979
162, 14, 800, 235, 799, 231, 1, 4, 1.3258176636680326, 4.123105625617661
162, 15, 513, 445, 513, 443, 0, 2, 1.5707963267948966, 2.0
162, 16, 1261, 246, 1275, 243, -14, 3, 2.930499320367047, 14.317821063276353
162, 17, 483, 390, 483, 394, 0, -4, -1.5707963267948966, 4.0
162, 18, 1067, 132, 1070, 136, -3, -4, -2.214297435588181, 5.0
162, 19, 292, 315, 293, 315, -1, 0, 3.141592653589793, 1.0
162, 20, 287, 67, 287, 68, 0, -1, -1.5707963267948966, 1.0
162, 21, 306, 326, 306, 326, 0, 0, 0.0, 0.0
162, 22, 171, 66, 171, 65, 0, 1, 1.5707963267948966, 1.0
162, 23, 352, 395, 354, 392, -2, 3, 2.158798930342464, 3.605551275463989
162, 24, 278, 338, 279, 338, -1, 0, 3.141592653589793, 1.0
162, 25, 122, 545, 120, 542, 2, 3, 0.982793723247329, 3.605551275463989
162, 26, 699, 314, 698, 318, 1, -4, -1.3258176636680326, 4.123105625617661
162, 27, 370, 466, 370, 463, 0, 3, 1.5707963267948966, 3.0
162, 28, 1039, 183, 1042, 187, -3, -4, -2.214297435588181, 5.0
162, 29, 464, 81, 466, 86, -2, -5, -1.9513027039072615, 5.385164807134504
162, 30, 710, 234, 710, 236, 0, -2, -1.5707963267948966, 2.0
162, 31, 380, 421, 381, 418, -1, 3, 1.892546881191539, 3.1622776601683795
162, 32, 282, 24, 279, 25, 3, -1, -0.3217505543966422, 3.1622776601683795
162, 33, 318, 390, 318, 391, 0, -1, -1.5707963267948966, 1.0
162, 34, 835, 368, 835, 368, 0, 0, 0.0, 0.0
162, 35, 254, 388, 254, 388, 0, 0, 0.0, 0.0
162, 36, 1067, 143, 1070, 148, -3, -5, -2.1112158270654806, 5.830951894845301
162, 37, 791, 89, 790, 93, 1, -4, -1.3258176636680326, 4.123105625617661
162, 38, 636, 358, 636, 354, 0, 4, 1.5707963267948966, 4.0
162, 39, 610, 418, 610, 417, 0, 1, 1.5707963267948966, 1.0
162, 40, 803, 18, 806, 18, -3, 0, 3.141592653589793, 3.0
162, 41, 466, 441, 468, 445, -2, -4, -2.0344439357957027, 4.47213595499958
162, 42, 333, 352, 333, 352, 0, 0, 0.0, 0.0
162, 43, 1235, 122, 1233, 119, 2, 3, 0.982793723247329, 3.605551275463989
162, 44, 562, 87, 562, 88, 0, -1, -1.5707963267948966, 1.0
162, 45, 1056, 144, 1059, 147, -3, -3, -2.356194490192345, 4.242640687119285
162, 46, 1194, 144, 1194, 141, 0, 3, 1.5707963267948966, 3.0
162, 47, 1185, 125, 1183, 123, 2, 2, 0.7853981633974483, 2.8284271247461903
162, 48, 788, 232, 786, 229, 2, 3, 0.982793723247329, 3.605551275463989
162, 49, 484, 479, 485, 481, -1, -2, -2.0344439357957027, 2.23606797749979
162, 50, 1242, 304, 1240, 300, 2, 4, 1.1071487177940904, 4.47213595499958
162, 51, 360, 520, 361, 518, -1, 2, 2.0344439357957027, 2.23606797749979
162, 52, 815, 34, 817, 34, -2, 0, 3.141592653589793, 2.0
162, 53, 1209, 406, 1209, 406, 0, 0, 0.0, 0.0
162, 54, 665, 297, 665, 293, 0, 4, 1.5707963267948966, 4.0
162, 55, 397, 522, 399, 519, -2, 3, 2.158798930342464, 3.605551275463989
162, 56, 555, 15, 555, 16, 0, -1, -1.5707963267948966, 1.0
162, 57, 283, 58, 282, 59, 1, -1, -0.7853981633974483, 1.4142135623730951
162, 58, 585, 15, 584, 17, 1, -2, -1.1071487177940904, 2.23606797749979
162, 59, 1240, 345, 1238, 342, 2, 3, 0.982793723247329, 3.605551275463989
162, 60, 137, 537, 136, 534, 1, 3, 1.2490457723982544, 3.1622776601683795
162, 61, 739, 216, 739, 221, 0, -5, -1.5707963267948966, 5.0
162, 62, 705, 322, 706, 327, -1, -5, -1.7681918866447774, 5.0990195135927845
162, 63, 478, 174, 478, 178, 0, -4, -1.5707963267948966, 4.0
162, 64, 383, 465, 385, 462, -2, 3, 2.158798930342464, 3.605551275463989
162, 65, 266, 379, 266, 380, 0, -1, -1.5707963267948966, 1.0
162, 66, 779, 128, 779, 133, 0, -5, -1.5707963267948966, 5.0
162, 67, 793, 303, 793, 303, 0, 0, 0.0, 0.0
162, 68, 710, 316, 711, 320, -1, -4, -1.8157749899217608, 4.123105625617661
162, 69, 494, 49, 495, 51, -1, -2, -2.0344439357957027, 2.23606797749979
162, 70, 278, 318, 279, 318, -1, 0, 3.141592653589793, 1.0
162, 71, 1054, 227, 1055, 232, -1, -5, -1.7681918866447774, 5.0990195135927845
162, 72, 330, 366, 330, 366, 0, 0, 0.0, 0.0
162, 73, 797, 135, 798, 138, -1, -3, -1.892546881191539, 3.1622776601683795
162, 74, 770, 41, 771, 41, -1, 0, 3.141592653589793, 1.0
162, 75, 491, 30, 491, 32, 0, -2, -1.5707963267948966, 2.0
162, 76, 565, 17, 565, 18, 0, -1, -1.5707963267948966, 1.0
162, 77, 649, 281, 650, 277, -1, 4, 1.8157749899217608, 4.123105625617661
162, 78, 482, 74, 482, 76, 0, -2, -1.5707963267948966, 2.0
162, 79, 940, 18, 941, 18, -1, 0, 3.141592653589793, 1.0
162, 80, 628, 198, 628, 197, 0, 1, 1.5707963267948966, 1.0
162, 81, 1193, 91, 1190, 89, 3, 2, 0.5880026035475675, 3.605551275463989
162, 82, 647, 288, 647, 285, 0, 3, 1.5707963267948966, 3.0
162, 83, 938, 101, 939, 101, -1, 0, 3.141592653589793, 1.0
162, 84, 651, 379, 651, 378, 0, 1, 1.5707963267948966, 1.0
162, 85, 264, 389, 264, 389, 0, 0, 0.0, 0.0
162, 86, 633, 477, 633, 477, 0, 0, 0.0, 0.0
162, 87, 246, 325, 246, 325, 0, 0, 0.0, 0.0
162, 88, 150, 74, 151, 72, -1, 2, 2.0344439357957027, 2.23606797749979
162, 89, 992, 15, 992, 15, 0, 0, 0.0, 0.0
162, 90, 461, 466, 463, 469, -2, -3, -2.158798930342464, 3.605551275463989
162, 91, 55, 77, 55, 77, 0, 0, 0.0, 0.0
162, 92, 170, 94, 170, 94, 0, 0, 0.0, 0.0
162, 93, 249, 404, 249, 404, 0, 0, 0.0, 0.0
162, 94, 271, 338, 271, 338, 0, 0, 0.0, 0.0
162, 95, 288, 376, 288, 377, 0, -1, -1.5707963267948966, 1.0
162, 96, 715, 351, 715, 351, 0, 0, 0.0, 0.0
162, 97, 861, 315, 861, 320, 0, -5, -1.5707963267948966, 5.0
162, 98, 798, 226, 797, 222, 1, 4, 1.3258176636680326, 4.123105625617661
162, 99, 485, 50, 486, 52, -1, -2, -2.0344439357957027, 2.23606797749979
162, 100, 304, 340, 304, 340, 0, 0, 0.0, 0.0
162, 101, 645, 445, 644, 444, 1, 1, 0.7853981633974483, 1.4142135623730951
162, 102, 263, 334, 263, 334, 0, 0, 0.0, 0.0
162, 103, 332, 405, 332, 406, 0, -1, -1.5707963267948966, 1.0
162, 104, 74, 150, 75, 150, -1, 0, 3.141592653589793, 1.0
162, 105, 389, 393, 391, 388, -2, 5, 1.9513027039072615, 5.385164807134504
162, 106, 1185, 140, 1184, 137, 1, 3, 1.2490457723982544, 3.1622776601683795
162, 107, 1187, 193, 1186, 190, 1, 3, 1.2490457723982544, 3.1622776601683795
162, 108, 925, 95, 926, 95, -1, 0, 3.141592653589793, 1.0
162, 109, 472, 91, 474, 95, -2, -4, -2.0344439357957027, 4.47213595499958
162, 110, 743, 245, 744, 250, -1, -5, -1.7681918866447774, 5.0990195135927845
162, 111, 278, 348, 279, 348, -1, 0, 3.141592653589793, 1.0
162, 112, 1230, 296, 1228, 292, 2, 4, 1.1071487177940904, 4.47213595499958
162, 113, 498, 117, 498, 120, 0, -3, -1.5707963267948966, 3.0
162, 114, 972, 10, 971, 10, 1, 0, 0.0, 1.0
162, 115, 461, 90, 463, 95, -2, -5, -1.9513027039072615, 5.385164807134504
162, 116, 842, 338, 843, 342, -1, -4, -1.8157749899217608, 4.123105625617661
162, 117, 855, 421, 855, 423, 0, -2, -1.5707963267948966, 2.0
162, 118, 1209, 145, 1208, 145, 1, 0, 0.0, 1.0
162, 119, 551, 48, 551, 49, 0, -1, -1.5707963267948966, 1.0
162, 120, 934, 93, 935, 93, -1, 0, 3.141592653589793, 1.0
162, 121, 1221, 370, 1220, 367, 1, 3, 1.2490457723982544, 3.1622776601683795
162, 122, 710, 301, 710, 306, 0, -5, -1.5707963267948966, 5.0
162, 123, 1161, 237, 1162, 237, -1, 0, 3.141592653589793, 1.0
162, 124, 825, 13, 828, 14, -3, -1, -2.819842099193151, 3.1622776601683795
162, 125, 1176, 145, 1174, 143, 2, 2, 0.7853981633974483, 2.8284271247461903
162, 126, 1199, 352, 1198, 347, 1, 5, 1.373400766945016, 5.0990195135927845
162, 127, 269, 324, 270, 324, -1, 0, 3.141592653589793, 1.0
162, 128, 639, 450, 638, 448, 1, 2, 1.1071487177940904, 2.23606797749979
162, 129, 1227, 304, 1224, 302, 3, 2, 0.5880026035475675, 3.605551275463989
162, 130, 1195, 181, 1194, 179, 1, 2, 1.1071487177940904, 2.23606797749979
162, 131, 878, 354, 878, 359, 0, -5, -1.5707963267948966, 5.0
162, 132, 699, 302, 699, 306, 0, -4, -1.5707963267948966, 4.0
162, 133, 632, 151, 632, 148, 0, 3, 1.5707963267948966, 3.0
162, 134, 147, 19, 147, 18, 0, 1, 1.5707963267948966, 1.0
162, 135, 369, 363, 371, 359, -2, 4, 2.0344439357957027, 4.47213595499958
162, 136, 592, 82, 592, 83, 0, -1, -1.5707963267948966, 1.0
162, 137, 156, 26, 156, 25, 0, 1, 1.5707963267948966, 1.0
162, 138, 984, 19, 985, 19, -1, 0, 3.141592653589793, 1.0
162, 139, 1067, 171, 1071, 174, -4, -3, -2.498091544796509, 5.0
162, 140, 1196, 128, 1195, 126, 1, 2, 1.1071487177940904, 2.23606797749979
162, 141, 702, 391, 702, 393, 0, -2, -1.5707963267948966, 2.0
162, 142, 789, 12, 791, 12, -2, 0, 3.141592653589793, 2.0
162, 143, 72, 106, 73, 106, -1, 0, 3.141592653589793, 1.0
162, 144, 1233, 81, 1231, 78, 2, 3, 0.982793723247329, 3.605551275463989
162, 145, 508, 395, 508, 399, 0, -4, -1.5707963267948966, 4.0
162, 146, 779, 114, 778, 118, 1, -4, -1.3258176636680326, 4.123105625617661
162, 147, 1207, 83, 1204, 81, 3, 2, 0.5880026035475675, 3.605551275463989
162, 148, 145, 619, 143, 616, 2, 3, 0.982793723247329, 3.605551275463989
162, 149, 1057, 219, 1058, 222, -1, -3, -1.892546881191539, 3.1622776601683795
162, 150, 230, 321, 230, 321, 0, 0, 0.0, 0.0
162, 151, 356, 353, 357, 349, -1, 4, 1.8157749899217608, 4.123105625617661
162, 152, 804, 112, 803, 116, 1, -4, -1.3258176636680326, 4.123105625617661
162, 153, 806, 269, 804, 267, 2, 2, 0.7853981633974483, 2.8284271247461903
162, 154, 639, 153, 639, 150, 0, 3, 1.5707963267948966, 3.0
162, 155, 278, 305, 279, 305, -1, 0, 3.141592653589793, 1.0
162, 156, 302, 384, 302, 384, 0, 0, 0.0, 0.0
162, 157, 333, 345, 333, 345, 0, 0, 0.0, 0.0
162, 158, 1212, 329, 1211, 326, 1, 3, 1.2490457723982544, 3.1622776601683795
162, 159, 724, 297, 726, 305, -2, -8, -1.8157749899217608, 8.246211251235321
162, 160, 1228, 126, 1226, 123, 2, 3, 0.982793723247329, 3.605551275463989
162, 161, 379, 575, 378, 568, 1, 7, 1.4288992721907328, 7.0710678118654755
162, 162, 151, 87, 153, 86, -2, 1, 2.677945044588987, 2.23606797749979
162, 163, 348, 386, 350, 383, -2, 3, 2.158798930342464, 3.605551275463989
162, 164, 374, 440, 374, 440, 0, 0, 0.0, 0.0
162, 165, 150, 50, 151, 49, -1, 1, 2.356194490192345, 1.4142135623730951
163, 0, 864, 327, 864, 331, 0, -4, -1.5707963267948966, 4.0
163, 1, 371, 449, 372, 448, -1, 1, 2.356194490192345, 1.4142135623730951
163, 2, 286, 15, 283, 15, 3, 0, 0.0, 3.0
163, 3, 253, 339, 253, 339, 0, 0, 0.0, 0.0
163, 4, 496, 385, 496, 388, 0, -3, -1.5707963267948966, 3.0
163, 5, 595, 14, 595, 15, 0, -1, -1.5707963267948966, 1.0
163, 6, 259, 371, 259, 371, 0, 0, 0.0, 0.0
163, 7, 303, 359, 303, 358, 0, 1, 1.5707963267948966, 1.0
163, 8, 281, 68, 279, 68, 2, 0, 0.0, 2.0
163, 9, 260, 342, 260, 342, 0, 0, 0.0, 0.0
163, 10, 299, 347, 299, 346, 0, 1, 1.5707963267948966, 1.0
163, 11, 850, 327, 850, 330, 0, -3, -1.5707963267948966, 3.0
163, 12, 622, 114, 623, 112, -1, 2, 2.0344439357957027, 2.23606797749979
163, 13, 800, 238, 800, 235, 0, 3, 1.5707963267948966, 3.0
163, 14, 513, 445, 513, 445, 0, 0, 0.0, 0.0
163, 15, 1261, 246, 1261, 246, 0, 0, 0.0, 0.0
163, 16, 483, 386, 483, 390, 0, -4, -1.5707963267948966, 4.0
163, 17, 1065, 128, 1067, 132, -2, -4, -2.0344439357957027, 4.47213595499958
163, 18, 291, 315, 292, 315, -1, 0, 3.141592653589793, 1.0
163, 19, 288, 67, 287, 67, 1, 0, 0.0, 1.0
163, 20, 306, 326, 306, 326, 0, 0, 0.0, 0.0
163, 21, 172, 67, 171, 66, 1, 1, 0.7853981633974483, 1.4142135623730951
163, 22, 352, 398, 352, 395, 0, 3, 1.5707963267948966, 3.0
163, 23, 278, 338, 278, 338, 0, 0, 0.0, 0.0
163, 24, 123, 548, 122, 545, 1, 3, 1.2490457723982544, 3.1622776601683795
163, 25, 699, 311, 699, 314, 0, -3, -1.5707963267948966, 3.0
163, 26, 369, 470, 370, 466, -1, 4, 1.8157749899217608, 4.123105625617661
163, 27, 1038, 180, 1039, 183, -1, -3, -1.892546881191539, 3.1622776601683795
163, 28, 463, 78, 464, 81, -1, -3, -1.892546881191539, 3.1622776601683795
163, 29, 379, 424, 380, 421, -1, 3, 1.892546881191539, 3.1622776601683795
163, 30, 285, 24, 282, 24, 3, 0, 0.0, 3.0
163, 31, 318, 390, 318, 390, 0, 0, 0.0, 0.0
163, 32, 835, 369, 835, 368, 0, 1, 1.5707963267948966, 1.0
163, 33, 254, 388, 254, 388, 0, 0, 0.0, 0.0
163, 34, 1065, 140, 1067, 143, -2, -3, -2.158798930342464, 3.605551275463989
163, 35, 792, 86, 791, 89, 1, -3, -1.2490457723982544, 3.1622776601683795
163, 36, 636, 362, 636, 358, 0, 4, 1.5707963267948966, 4.0
163, 37, 610, 422, 610, 418, 0, 4, 1.5707963267948966, 4.0
163, 38, 802, 18, 803, 18, -1, 0, 3.141592653589793, 1.0
163, 39, 465, 437, 466, 441, -1, -4, -1.8157749899217608, 4.123105625617661
163, 40, 333, 352, 333, 352, 0, 0, 0.0, 0.0
163, 41, 1236, 123, 1235, 122, 1, 1, 0.7853981633974483, 1.4142135623730951
163, 42, 562, 86, 562, 87, 0, -1, -1.5707963267948966, 1.0
163, 43, 1054, 142, 1056, 144, -2, -2, -2.356194490192345, 2.8284271247461903
163, 44, 1194, 146, 1194, 144, 0, 2, 1.5707963267948966, 2.0
163, 45, 1186, 126, 1185, 125, 1, 1, 0.7853981633974483, 1.4142135623730951
163, 46, 788, 235, 788, 232, 0, 3, 1.5707963267948966, 3.0
163, 47, 482, 478, 484, 479, -2, -1, -2.677945044588987, 2.23606797749979
163, 48, 1243, 306, 1242, 304, 1, 2, 1.1071487177940904, 2.23606797749979
163, 49, 359, 523, 360, 520, -1, 3, 1.892546881191539, 3.1622776601683795
163, 50, 813, 34, 815, 34, -2, 0, 3.141592653589793, 2.0
163, 51, 1209, 406, 1209, 406, 0, 0, 0.0, 0.0
163, 52, 665, 301, 665, 297, 0, 4, 1.5707963267948966, 4.0
163, 53, 396, 525, 397, 522, -1, 3, 1.892546881191539, 3.1622776601683795
163, 54, 555, 14, 555, 15, 0, -1, -1.5707963267948966, 1.0
163, 55, 284, 57, 283, 58, 1, -1, -0.7853981633974483, 1.4142135623730951
163, 56, 585, 14, 585, 15, 0, -1, -1.5707963267948966, 1.0
163, 57, 1242, 348, 1240, 345, 2, 3, 0.982793723247329, 3.605551275463989
163, 58, 138, 541, 137, 537, 1, 4, 1.3258176636680326, 4.123105625617661
163, 59, 739, 212, 739, 216, 0, -4, -1.5707963267948966, 4.0
163, 60, 705, 319, 705, 322, 0, -3, -1.5707963267948966, 3.0
163, 61, 478, 172, 478, 174, 0, -2, -1.5707963267948966, 2.0
163, 62, 381, 468, 383, 465, -2, 3, 2.158798930342464, 3.605551275463989
163, 63, 266, 379, 266, 379, 0, 0, 0.0, 0.0
163, 64, 779, 126, 779, 128, 0, -2, -1.5707963267948966, 2.0
163, 65, 793, 304, 793, 303, 0, 1, 1.5707963267948966, 1.0
163, 66, 710, 313, 710, 316, 0, -3, -1.5707963267948966, 3.0
163, 67, 277, 318, 278, 318, -1, 0, 3.141592653589793, 1.0
163, 68, 1053, 224, 1054, 227, -1, -3, -1.892546881191539, 3.1622776601683795
163, 69, 330, 366, 330, 366, 0, 0, 0.0, 0.0
163, 70, 797, 133, 797, 135, 0, -2, -1.5707963267948966, 2.0
163, 71, 769, 41, 770, 41, -1, 0, 3.141592653589793, 1.0
163, 72, 491, 29, 491, 30, 0, -1, -1.5707963267948966, 1.0
163, 73, 565, 16, 565, 17, 0, -1, -1.5707963267948966, 1.0
163, 74, 648, 285, 649, 281, -1, 4, 1.8157749899217608, 4.123105625617661
163, 75, 482, 73, 482, 74, 0, -1, -1.5707963267948966, 1.0
163, 76, 940, 18, 940, 18, 0, 0, 0.0, 0.0
163, 77, 628, 199, 628, 198, 0, 1, 1.5707963267948966, 1.0
163, 78, 1194, 92, 1193, 91, 1, 1, 0.7853981633974483, 1.4142135623730951
163, 79, 647, 292, 647, 288, 0, 4, 1.5707963267948966, 4.0
163, 80, 937, 101, 938, 101, -1, 0, 3.141592653589793, 1.0
163, 81, 651, 380, 651, 379, 0, 1, 1.5707963267948966, 1.0
163, 82, 263, 389, 264, 389, -1, 0, 3.141592653589793, 1.0
163, 83, 633, 477, 633, 477, 0, 0, 0.0, 0.0
163, 84, 246, 325, 246, 325, 0, 0, 0.0, 0.0
163, 85, 149, 75, 150, 74, -1, 1, 2.356194490192345, 1.4142135623730951
163, 86, 994, 16, 992, 15, 2, 1, 0.4636476090008061, 2.23606797749979
163, 87, 458, 463, 461, 466, -3, -3, -2.356194490192345, 4.242640687119285
163, 88, 55, 77, 55, 77, 0, 0, 0.0, 0.0
163, 89, 170, 94, 170, 94, 0, 0, 0.0, 0.0
163, 90, 249, 404, 249, 404, 0, 0, 0.0, 0.0
163, 91, 271, 338, 271, 338, 0, 0, 0.0, 0.0
163, 92, 288, 376, 288, 376, 0, 0, 0.0, 0.0
163, 93, 715, 350, 715, 351, 0, -1, -1.5707963267948966, 1.0
163, 94, 861, 311, 861, 315, 0, -4, -1.5707963267948966, 4.0
163, 95, 798, 229, 798, 226, 0, 3, 1.5707963267948966, 3.0
163, 96, 304, 340, 304, 340, 0, 0, 0.0, 0.0
163, 97, 645, 447, 645, 445, 0, 2, 1.5707963267948966, 2.0
163, 98, 262, 334, 263, 334, -1, 0, 3.141592653589793, 1.0
163, 99, 331, 405, 332, 405, -1, 0, 3.141592653589793, 1.0
163, 100, 74, 150, 74, 150, 0, 0, 0.0, 0.0
163, 101, 388, 395, 389, 393, -1, 2, 2.0344439357957027, 2.23606797749979
163, 102, 1185, 143, 1185, 140, 0, 3, 1.5707963267948966, 3.0
163, 103, 1187, 195, 1187, 193, 0, 2, 1.5707963267948966, 2.0
163, 104, 925, 95, 925, 95, 0, 0, 0.0, 0.0
163, 105, 471, 88, 472, 91, -1, -3, -1.892546881191539, 3.1622776601683795
163, 106, 742, 242, 743, 245, -1, -3, -1.892546881191539, 3.1622776601683795
163, 107, 278, 348, 278, 348, 0, 0, 0.0, 0.0
163, 108, 1232, 298, 1230, 296, 2, 2, 0.7853981633974483, 2.8284271247461903
163, 109, 498, 116, 498, 117, 0, -1, -1.5707963267948966, 1.0
163, 110, 975, 10, 972, 10, 3, 0, 0.0, 3.0
163, 111, 460, 87, 461, 90, -1, -3, -1.892546881191539, 3.1622776601683795
163, 112, 842, 335, 842, 338, 0, -3, -1.5707963267948966, 3.0
163, 113, 855, 419, 855, 421, 0, -2, -1.5707963267948966, 2.0
163, 114, 1209, 145, 1209, 145, 0, 0, 0.0, 0.0
163, 115, 551, 47, 551, 48, 0, -1, -1.5707963267948966, 1.0
163, 116, 934, 93, 934, 93, 0, 0, 0.0, 0.0
163, 117, 1221, 373, 1221, 370, 0, 3, 1.5707963267948966, 3.0
163, 118, 710, 298, 710, 301, 0, -3, -1.5707963267948966, 3.0
163, 119, 1160, 237, 1161, 237, -1, 0, 3.141592653589793, 1.0
163, 120, 1177, 148, 1176, 145, 1, 3, 1.2490457723982544, 3.1622776601683795
163, 121, 1200, 357, 1199, 352, 1, 5, 1.373400766945016, 5.0990195135927845
163, 122, 268, 324, 269, 324, -1, 0, 3.141592653589793, 1.0
163, 123, 639, 451, 639, 450, 0, 1, 1.5707963267948966, 1.0
163, 124, 1229, 307, 1227, 304, 2, 3, 0.982793723247329, 3.605551275463989
163, 125, 1195, 183, 1195, 181, 0, 2, 1.5707963267948966, 2.0
163, 126, 878, 350, 878, 354, 0, -4, -1.5707963267948966, 4.0
163, 127, 699, 299, 699, 302, 0, -3, -1.5707963267948966, 3.0
163, 128, 632, 153, 632, 151, 0, 2, 1.5707963267948966, 2.0
163, 129, 147, 19, 147, 19, 0, 0, 0.0, 0.0
163, 130, 368, 366, 369, 363, -1, 3, 1.892546881191539, 3.1622776601683795
163, 131, 592, 82, 592, 82, 0, 0, 0.0, 0.0
163, 132, 156, 26, 156, 26, 0, 0, 0.0, 0.0
163, 133, 986, 19, 984, 19, 2, 0, 0.0, 2.0
163, 134, 1065, 170, 1067, 171, -2, -1, -2.677945044588987, 2.23606797749979
163, 135, 1196, 129, 1196, 128, 0, 1, 1.5707963267948966, 1.0
163, 136, 702, 389, 702, 391, 0, -2, -1.5707963267948966, 2.0
163, 137, 788, 12, 789, 12, -1, 0, 3.141592653589793, 1.0
163, 138, 71, 106, 72, 106, -1, 0, 3.141592653589793, 1.0
163, 139, 1234, 83, 1233, 81, 1, 2, 1.1071487177940904, 2.23606797749979
163, 140, 507, 392, 508, 395, -1, -3, -1.892546881191539, 3.1622776601683795
163, 141, 779, 113, 779, 114, 0, -1, -1.5707963267948966, 1.0
163, 142, 1208, 83, 1207, 83, 1, 0, 0.0, 1.0
163, 143, 146, 623, 145, 619, 1, 4, 1.3258176636680326, 4.123105625617661
163, 144, 1056, 215, 1057, 219, -1, -4, -1.8157749899217608, 4.123105625617661
163, 145, 230, 321, 230, 321, 0, 0, 0.0, 0.0
163, 146, 355, 355, 356, 353, -1, 2, 2.0344439357957027, 2.23606797749979
163, 147, 804, 109, 804, 112, 0, -3, -1.5707963267948966, 3.0
163, 148, 807, 271, 806, 269, 1, 2, 1.1071487177940904, 2.23606797749979
163, 149, 639, 155, 639, 153, 0, 2, 1.5707963267948966, 2.0
163, 150, 277, 305, 278, 305, -1, 0, 3.141592653589793, 1.0
163, 151, 302, 384, 302, 384, 0, 0, 0.0, 0.0
163, 152, 333, 345, 333, 345, 0, 0, 0.0, 0.0
163, 153, 1213, 333, 1212, 329, 1, 4, 1.3258176636680326, 4.123105625617661
163, 154, 723, 293, 724, 297, -1, -4, -1.8157749899217608, 4.123105625617661
163, 155, 1229, 127, 1228, 126, 1, 1, 0.7853981633974483, 1.4142135623730951
163, 156, 381, 579, 379, 575, 2, 4, 1.1071487177940904, 4.47213595499958
163, 157, 150, 88, 151, 87, -1, 1, 2.356194490192345, 1.4142135623730951
163, 158, 347, 389, 348, 386, -1, 3, 1.892546881191539, 3.1622776601683795
163, 159, 374, 440, 374, 440, 0, 0, 0.0, 0.0
163, 160, 150, 50, 150, 50, 0, 0, 0.0, 0.0
164, 0, 253, 339, 253, 339, 0, 0, 0.0, 0.0
164, 1, 865, 325, 865, 329, 0, -4, -1.5707963267948966, 4.0
164, 2, 259, 372, 259, 372, 0, 0, 0.0, 0.0
164, 3, 288, 15, 285, 15, 3, 0, 0.0, 3.0
164, 4, 497, 383, 497, 386, 0, -3, -1.5707963267948966, 3.0
164, 5, 595, 14, 595, 15, 0, -1, -1.5707963267948966, 1.0
164, 6, 852, 326, 852, 329, 0, -3, -1.5707963267948966, 3.0
164, 7, 801, 239, 801, 235, 0, 4, 1.5707963267948966, 4.0
164, 8, 372, 447, 372, 447, 0, 0, 0.0, 0.0
164, 9, 169, 591, 168, 589, 1, 2, 1.1071487177940904, 2.23606797749979
164, 10, 172, 67, 172, 67, 0, 0, 0.0, 0.0
164, 11, 1067, 129, 1068, 132, -1, -3, -1.892546881191539, 3.1622776601683795
164, 12, 484, 383, 484, 387, 0, -4, -1.5707963267948966, 4.0
164, 13, 123, 552, 122, 548, 1, 4, 1.3258176636680326, 4.123105625617661
164, 14, 293, 315, 293, 315, 0, 0, 0.0, 0.0
164, 15, 622, 114, 623, 112, -1, 2, 2.0344439357957027, 2.23606797749979
164, 16, 367, 475, 368, 471, -1, 4, 1.8157749899217608, 4.123105625617661
164, 17, 306, 326, 306, 326, 0, 0, 0.0, 0.0
164, 18, 487, 40, 488, 42, -1, -2, -2.0344439357957027, 2.23606797749979
164, 19, 303, 359, 303, 358, 0, 1, 1.5707963267948966, 1.0
164, 20, 465, 79, 466, 83, -1, -4, -1.8157749899217608, 4.123105625617661
164, 21, 1040, 179, 1041, 182, -1, -3, -1.892546881191539, 3.1622776601683795
164, 22, 805, 18, 806, 18, -1, 0, 3.141592653589793, 1.0
164, 23, 254, 388, 254, 388, 0, 0, 0.0, 0.0
164, 24, 318, 391, 318, 391, 0, 0, 0.0, 0.0
164, 25, 279, 319, 280, 319, -1, 0, 3.141592653589793, 1.0
164, 26, 287, 24, 284, 24, 3, 0, 0.0, 3.0
164, 27, 554, 16, 555, 16, -1, 0, 3.141592653589793, 1.0
164, 28, 793, 87, 792, 90, 1, -3, -1.2490457723982544, 3.1622776601683795
164, 29, 1234, 122, 1234, 121, 0, 1, 1.5707963267948966, 1.0
164, 30, 1067, 141, 1068, 144, -1, -3, -1.892546881191539, 3.1622776601683795
164, 31, 352, 396, 352, 393, 0, 3, 1.5707963267948966, 3.0
164, 32, 637, 364, 637, 360, 0, 4, 1.5707963267948966, 4.0
164, 33, 585, 14, 585, 15, 0, -1, -1.5707963267948966, 1.0
164, 34, 787, 237, 787, 233, 0, 4, 1.5707963267948966, 4.0
164, 35, 699, 313, 699, 316, 0, -3, -1.5707963267948966, 3.0
164, 36, 1219, 381, 1218, 378, 1, 3, 1.2490457723982544, 3.1622776601683795
164, 37, 780, 126, 780, 129, 0, -3, -1.5707963267948966, 3.0
164, 38, 361, 530, 362, 527, -1, 3, 1.892546881191539, 3.1622776601683795
164, 39, 562, 88, 562, 88, 0, 0, 0.0, 0.0
164, 40, 645, 382, 645, 381, 0, 1, 1.5707963267948966, 1.0
164, 41, 1242, 351, 1240, 348, 2, 3, 0.982793723247329, 3.605551275463989
164, 42, 664, 303, 665, 299, -1, 4, 1.8157749899217608, 4.123105625617661
164, 43, 332, 352, 333, 352, -1, 0, 3.141592653589793, 1.0
164, 44, 1187, 197, 1187, 194, 0, 3, 1.5707963267948966, 3.0
164, 45, 706, 319, 706, 322, 0, -3, -1.5707963267948966, 3.0
164, 46, 769, 42, 770, 42, -1, 0, 3.141592653589793, 1.0
164, 47, 853, 423, 854, 423, -1, 0, 3.141592653589793, 1.0
164, 48, 1209, 406, 1209, 406, 0, 0, 0.0, 0.0
164, 49, 804, 110, 803, 113, 1, -3, -1.2490457723982544, 3.1622776601683795
164, 50, 54, 77, 55, 77, -1, 0, 3.141592653589793, 1.0
164, 51, 466, 437, 467, 440, -1, -3, -1.892546881191539, 3.1622776601683795
164, 52, 498, 498, 498, 498, 0, 0, 0.0, 0.0
164, 53, 494, 48, 495, 50, -1, -2, -2.0344439357957027, 2.23606797749979
164, 54, 712, 312, 712, 315, 0, -3, -1.5707963267948966, 3.0
164, 55, 1056, 141, 1057, 144, -1, -3, -1.892546881191539, 3.1622776601683795
164, 56, 635, 373, 634, 370, 1, 3, 1.2490457723982544, 3.1622776601683795
164, 57, 281, 343, 281, 343, 0, 0, 0.0, 0.0
164, 58, 14, 434, 12, 432, 2, 2, 0.7853981633974483, 2.8284271247461903
164, 59, 479, 171, 479, 175, 0, -4, -1.5707963267948966, 4.0
164, 60, 140, 544, 139, 540, 1, 4, 1.3258176636680326, 4.123105625617661
164, 61, 266, 381, 266, 381, 0, 0, 0.0, 0.0
164, 62, 331, 366, 331, 366, 0, 0, 0.0, 0.0
164, 63, 293, 72, 292, 72, 1, 0, 0.0, 1.0
164, 64, 613, 433, 613, 430, 0, 3, 1.5707963267948966, 3.0
164, 65, 739, 212, 739, 216, 0, -4, -1.5707963267948966, 4.0
164, 66, 649, 287, 650, 283, -1, 4, 1.8157749899217608, 4.123105625617661
164, 67, 149, 75, 150, 73, -1, 2, 2.0344439357957027, 2.23606797749979
164, 68, 793, 304, 793, 303, 0, 1, 1.5707963267948966, 1.0
164, 69, 513, 447, 514, 449, -1, -2, -2.0344439357957027, 2.23606797749979
164, 70, 1243, 308, 1241, 305, 2, 3, 0.982793723247329, 3.605551275463989
164, 71, 382, 435, 383, 433, -1, 2, 2.0344439357957027, 2.23606797749979
164, 72, 799, 231, 799, 227, 0, 4, 1.5707963267948966, 4.0
164, 73, 263, 330, 264, 330, -1, 0, 3.141592653589793, 1.0
164, 74, 1193, 146, 1194, 144, -1, 2, 2.0344439357957027, 2.23606797749979
164, 75, 263, 338, 263, 338, 0, 0, 0.0, 0.0
164, 76, 381, 473, 383, 470, -2, 3, 2.158798930342464, 3.605551275463989
164, 77, 1194, 91, 1193, 90, 1, 1, 0.7853981633974483, 1.4142135623730951
164, 78, 941, 18, 941, 18, 0, 0, 0.0, 0.0
164, 79, 835, 375, 835, 375, 0, 0, 0.0, 0.0
164, 80, 652, 380, 652, 379, 0, 1, 1.5707963267948966, 1.0
164, 81, 283, 54, 282, 54, 1, 0, 0.0, 1.0
164, 82, 461, 88, 462, 92, -1, -4, -1.8157749899217608, 4.123105625617661
164, 83, 632, 477, 633, 477, -1, 0, 3.141592653589793, 1.0
164, 84, 507, 391, 508, 395, -1, -4, -1.8157749899217608, 4.123105625617661
164, 85, 938, 101, 938, 101, 0, 0, 0.0, 0.0
164, 86, 482, 73, 482, 75, 0, -2, -1.5707963267948966, 2.0
164, 87, 473, 89, 474, 92, -1, -3, -1.892546881191539, 3.1622776601683795
164, 88, 647, 456, 647, 454, 0, 2, 1.5707963267948966, 2.0
164, 89, 629, 198, 629, 197, 0, 1, 1.5707963267948966, 1.0
164, 90, 248, 405, 248, 405, 0, 0, 0.0, 0.0
164, 91, 773, 270, 773, 269, 0, 1, 1.5707963267948966, 1.0
164, 92, 1188, 128, 1187, 127, 1, 1, 0.7853981633974483, 1.4142135623730951
164, 93, 396, 533, 397, 530, -1, 3, 1.892546881191539, 3.1622776601683795
164, 94, 643, 469, 643, 466, 0, 3, 1.5707963267948966, 3.0
164, 95, 701, 392, 701, 393, 0, -1, -1.5707963267948966, 1.0
164, 96, 807, 36, 809, 36, -2, 0, 3.141592653589793, 2.0
164, 97, 304, 340, 304, 340, 0, 0, 0.0, 0.0
164, 98, 246, 326, 246, 326, 0, 0, 0.0, 0.0
164, 99, 1185, 143, 1185, 140, 0, 3, 1.5707963267948966, 3.0
164, 100, 74, 150, 75, 150, -1, 0, 3.141592653589793, 1.0
164, 101, 499, 120, 499, 122, 0, -2, -1.5707963267948966, 2.0
164, 102, 264, 389, 264, 389, 0, 0, 0.0, 0.0
164, 103, 789, 13, 790, 13, -1, 0, 3.141592653589793, 1.0
164, 104, 388, 393, 389, 391, -1, 2, 2.0344439357957027, 2.23606797749979
164, 105, 843, 334, 843, 337, 0, -3, -1.5707963267948966, 3.0
164, 106, 291, 377, 291, 377, 0, 0, 0.0, 0.0
164, 107, 457, 460, 459, 463, -2, -3, -2.158798930342464, 3.605551275463989
164, 108, 717, 352, 717, 353, 0, -1, -1.5707963267948966, 1.0
164, 109, 170, 94, 170, 94, 0, 0, 0.0, 0.0
164, 110, 269, 324, 270, 324, -1, 0, 3.141592653589793, 1.0
164, 111, 154, 644, 152, 640, 2, 4, 1.1071487177940904, 4.47213595499958
164, 112, 647, 295, 648, 291, -1, 4, 1.8157749899217608, 4.123105625617661
164, 113, 376, 428, 377, 426, -1, 2, 2.0344439357957027, 2.23606797749979
164, 114, 935, 93, 935, 93, 0, 0, 0.0, 0.0
164, 115, 860, 311, 860, 314, 0, -3, -1.5707963267948966, 3.0
164, 116, 485, 49, 486, 51, -1, -2, -2.0344439357957027, 2.23606797749979
164, 117, 1200, 361, 1199, 357, 1, 4, 1.3258176636680326, 4.123105625617661
164, 118, 926, 95, 926, 95, 0, 0, 0.0, 0.0
164, 119, 491, 28, 491, 30, 0, -2, -1.5707963267948966, 2.0
164, 120, 332, 406, 332, 406, 0, 0, 0.0, 0.0
164, 121, 302, 348, 302, 348, 0, 0, 0.0, 0.0
164, 122, 632, 150, 632, 149, 0, 1, 1.5707963267948966, 1.0
164, 123, 654, 429, 654, 429, 0, 0, 0.0, 0.0
164, 124, 783, 309, 782, 306, 1, 3, 1.2490457723982544, 3.1622776601683795
164, 125, 1233, 299, 1231, 296, 2, 3, 0.982793723247329, 3.605551275463989
164, 126, 1228, 308, 1226, 306, 2, 2, 0.7853981633974483, 2.8284271247461903
164, 127, 147, 19, 148, 19, -1, 0, 3.141592653589793, 1.0
164, 128, 581, 20, 581, 21, 0, -1, -1.5707963267948966, 1.0
164, 129, 1215, 127, 1214, 126, 1, 1, 0.7853981633974483, 1.4142135623730951
164, 130, 392, 551, 393, 551, -1, 0, 3.141592653589793, 1.0
164, 131, 1209, 145, 1209, 145, 0, 0, 0.0, 0.0
164, 132, 798, 135, 798, 136, 0, -1, -1.5707963267948966, 1.0
164, 133, 552, 48, 552, 48, 0, 0, 0.0, 0.0
164, 134, 1174, 244, 1175, 241, -1, 3, 1.892546881191539, 3.1622776601683795
164, 135, 369, 366, 370, 363, -1, 3, 1.892546881191539, 3.1622776601683795
164, 136, 640, 157, 641, 155, -1, 2, 2.0344439357957027, 2.23606797749979
164, 137, 636, 42, 636, 40, 0, 2, 1.5707963267948966, 2.0
164, 138, 1208, 83, 1207, 82, 1, 1, 0.7853981633974483, 1.4142135623730951
164, 139, 156, 26, 157, 26, -1, 0, 3.141592653589793, 1.0
164, 140, 1162, 239, 1163, 238, -1, 1, 2.356194490192345, 1.4142135623730951
164, 141, 850, 406, 850, 411, 0, -5, -1.5707963267948966, 5.0
164, 142, 711, 298, 711, 301, 0, -3, -1.5707963267948966, 3.0
164, 143, 280, 305, 280, 305, 0, 0, 0.0, 0.0
164, 144, 785, 161, 785, 163, 0, -2, -1.5707963267948966, 2.0
164, 145, 611, 162, 612, 161, -1, 1, 2.356194490192345, 1.4142135623730951
164, 146, 592, 82, 592, 83, 0, -1, -1.5707963267948966, 1.0
164, 147, 479, 471, 481, 473, -2, -2, -2.356194490192345, 2.8284271247461903
164, 148, 242, 311, 242, 311, 0, 0, 0.0, 0.0
164, 149, 1195, 130, 1195, 129, 0, 1, 1.5707963267948966, 1.0
164, 150, 1054, 224, 1055, 227, -1, -3, -1.892546881191539, 3.1622776601683795
164, 151, 617, 151, 618, 149, -1, 2, 2.0344439357957027, 2.23606797749979
164, 152, 1195, 184, 1195, 182, 0, 2, 1.5707963267948966, 2.0
164, 153, 805, 257, 804, 254, 1, 3, 1.2490457723982544, 3.1622776601683795
164, 154, 780, 118, 780, 118, 0, 0, 0.0, 0.0
164, 155, 1229, 126, 1228, 125, 1, 1, 0.7853981633974483, 1.4142135623730951
164, 156, 463, 464, 466, 466, -3, -2, -2.5535900500422257, 3.605551275463989
164, 157, 659, 353, 660, 350, -1, 3, 1.892546881191539, 3.1622776601683795
164, 158, 145, 635, 144, 632, 1, 3, 1.2490457723982544, 3.1622776601683795
164, 159, 150, 50, 151, 50, -1, 0, 3.141592653589793, 1.0
164, 160, 701, 298, 701, 301, 0, -3, -1.5707963267948966, 3.0
164, 161, 1051, 189, 1052, 191, -1, -2, -2.0344439357957027, 2.23606797749979
164, 162, 231, 321, 231, 321, 0, 0, 0.0, 0.0
164, 163, 299, 75, 298, 76, 1, -1, -0.7853981633974483, 1.4142135623730951
164, 164, 151, 89, 152, 88, -1, 1, 2.356194490192345, 1.4142135623730951
164, 165, 302, 384, 302, 384, 0, 0, 0.0, 0.0
164, 166, 328, 375, 328, 375, 0, 0, 0.0, 0.0
164, 167, 268, 395, 268, 395, 0, 0, 0.0, 0.0
164, 168, 835, 51, 836, 51, -1, 0, 3.141592653589793, 1.0
164, 169, 19, 468, 18, 465, 1, 3, 1.2490457723982544, 3.1622776601683795
164, 170, 633, 325, 634, 320, -1, 5, 1.7681918866447774, 5.0990195135927845
164, 171, 355, 357, 356, 354, -1, 3, 1.892546881191539, 3.1622776601683795
164, 172, 854, 377, 854, 379, 0, -2, -1.5707963267948966, 2.0
164, 173, 266, 346, 266, 346, 0, 0, 0.0, 0.0
164, 174, 472, 163, 472, 165, 0, -2, -1.5707963267948966, 2.0
164, 175, 20, 428, 18, 426, 2, 2, 0.7853981633974483, 2.8284271247461903
164, 176, 486, 371, 486, 375, 0, -4, -1.5707963267948966, 4.0
164, 177, 362, 357, 363, 354, -1, 3, 1.892546881191539, 3.1622776601683795
164, 178, 723, 293, 724, 298, -1, -5, -1.7681918866447774, 5.0990195135927845
164, 179, 286, 45, 284, 45, 2, 0, 0.0, 2.0
165, 0, 253, 339, 253, 339, 0, 0, 0.0, 0.0
165, 1, 864, 322, 865, 325, -1, -3, -1.892546881191539, 3.1622776601683795
165, 2, 259, 372, 259, 372, 0, 0, 0.0, 0.0
165, 3, 291, 15, 288, 15, 3, 0, 0.0, 3.0
165, 4, 497, 380, 497, 383, 0, -3, -1.5707963267948966, 3.0
165, 5, 595, 13, 595, 14, 0, -1, -1.5707963267948966, 1.0
165, 6, 852, 323, 852, 326, 0, -3, -1.5707963267948966, 3.0
165, 7, 801, 243, 801, 239, 0, 4, 1.5707963267948966, 4.0
165, 8, 372, 448, 372, 447, 0, 1, 1.5707963267948966, 1.0
165, 9, 170, 594, 169, 591, 1, 3, 1.2490457723982544, 3.1622776601683795
165, 10, 172, 67, 172, 67, 0, 0, 0.0, 0.0
165, 11, 1066, 126, 1067, 129, -1, -3, -1.892546881191539, 3.1622776601683795
165, 12, 484, 379, 484, 383, 0, -4, -1.5707963267948966, 4.0
165, 13, 125, 555, 123, 552, 2, 3, 0.982793723247329, 3.605551275463989
165, 14, 293, 315, 293, 315, 0, 0, 0.0, 0.0
165, 15, 621, 116, 622, 114, -1, 2, 2.0344439357957027, 2.23606797749979
165, 16, 366, 479, 367, 475, -1, 4, 1.8157749899217608, 4.123105625617661
165, 17, 306, 326, 306, 326, 0, 0, 0.0, 0.0
165, 18, 486, 37, 487, 40, -1, -3, -1.892546881191539, 3.1622776601683795
165, 19, 303, 360, 303, 359, 0, 1, 1.5707963267948966, 1.0
165, 20, 464, 75, 465, 79, -1, -4, -1.8157749899217608, 4.123105625617661
165, 21, 1039, 175, 1040, 179, -1, -4, -1.8157749899217608, 4.123105625617661
165, 22, 804, 18, 805, 18, -1, 0, 3.141592653589793, 1.0
165, 23, 254, 388, 254, 388, 0, 0, 0.0, 0.0
165, 24, 318, 391, 318, 391, 0, 0, 0.0, 0.0
165, 25, 278, 319, 279, 319, -1, 0, 3.141592653589793, 1.0
165, 26, 290, 24, 287, 24, 3, 0, 0.0, 3.0
165, 27, 794, 84, 793, 87, 1, -3, -1.2490457723982544, 3.1622776601683795
165, 28, 1234, 123, 1234, 122, 0, 1, 1.5707963267948966, 1.0
165, 29, 1066, 138, 1067, 141, -1, -3, -1.892546881191539, 3.1622776601683795
165, 30, 351, 399, 352, 396, -1, 3, 1.892546881191539, 3.1622776601683795
165, 31, 637, 368, 637, 364, 0, 4, 1.5707963267948966, 4.0
165, 32, 585, 13, 585, 14, 0, -1, -1.5707963267948966, 1.0
165, 33, 787, 241, 787, 237, 0, 4, 1.5707963267948966, 4.0
165, 34, 699, 310, 699, 313, 0, -3, -1.5707963267948966, 3.0
165, 35, 1220, 384, 1219, 381, 1, 3, 1.2490457723982544, 3.1622776601683795
165, 36, 780, 124, 780, 126, 0, -2, -1.5707963267948966, 2.0
165, 37, 360, 533, 361, 530, -1, 3, 1.892546881191539, 3.1622776601683795
165, 38, 562, 88, 562, 88, 0, 0, 0.0, 0.0
165, 39, 645, 384, 645, 382, 0, 2, 1.5707963267948966, 2.0
165, 40, 1244, 354, 1242, 351, 2, 3, 0.982793723247329, 3.605551275463989
165, 41, 663, 307, 664, 303, -1, 4, 1.8157749899217608, 4.123105625617661
165, 42, 332, 352, 332, 352, 0, 0, 0.0, 0.0
165, 43, 1187, 200, 1187, 197, 0, 3, 1.5707963267948966, 3.0
165, 44, 706, 316, 706, 319, 0, -3, -1.5707963267948966, 3.0
165, 45, 768, 42, 769, 42, -1, 0, 3.141592653589793, 1.0
165, 46, 853, 423, 853, 423, 0, 0, 0.0, 0.0
165, 47, 1209, 407, 1209, 406, 0, 1, 1.5707963267948966, 1.0
165, 48, 805, 107, 804, 110, 1, -3, -1.2490457723982544, 3.1622776601683795
165, 49, 53, 77, 54, 77, -1, 0, 3.141592653589793, 1.0
165, 50, 465, 434, 466, 437, -1, -3, -1.892546881191539, 3.1622776601683795
165, 51, 498, 497, 498, 498, 0, -1, -1.5707963267948966, 1.0
165, 52, 493, 46, 494, 48, -1, -2, -2.0344439357957027, 2.23606797749979
165, 53, 712, 309, 712, 312, 0, -3, -1.5707963267948966, 3.0
165, 54, 1055, 138, 1056, 141, -1, -3, -1.892546881191539, 3.1622776601683795
165, 55, 636, 376, 635, 373, 1, 3, 1.2490457723982544, 3.1622776601683795
165, 56, 281, 343, 281, 343, 0, 0, 0.0, 0.0
165, 57, 16, 436, 14, 434, 2, 2, 0.7853981633974483, 2.8284271247461903
165, 58, 479, 168, 479, 171, 0, -3, -1.5707963267948966, 3.0
165, 59, 141, 547, 140, 544, 1, 3, 1.2490457723982544, 3.1622776601683795
165, 60, 266, 381, 266, 381, 0, 0, 0.0, 0.0
165, 61, 331, 366, 331, 366, 0, 0, 0.0, 0.0
165, 62, 293, 72, 293, 72, 0, 0, 0.0, 0.0
165, 63, 614, 436, 613, 433, 1, 3, 1.2490457723982544, 3.1622776601683795
165, 64, 739, 208, 739, 212, 0, -4, -1.5707963267948966, 4.0
165, 65, 648, 291, 649, 287, -1, 4, 1.8157749899217608, 4.123105625617661
165, 66, 148, 76, 149, 75, -1, 1, 2.356194490192345, 1.4142135623730951
165, 67, 793, 305, 793, 304, 0, 1, 1.5707963267948966, 1.0
165, 68, 1244, 310, 1243, 308, 1, 2, 1.1071487177940904, 2.23606797749979
165, 69, 381, 437, 382, 435, -1, 2, 2.0344439357957027, 2.23606797749979
165, 70, 799, 235, 799, 231, 0, 4, 1.5707963267948966, 4.0
165, 71, 262, 330, 263, 330, -1, 0, 3.141592653589793, 1.0
165, 72, 1192, 148, 1193, 146, -1, 2, 2.0344439357957027, 2.23606797749979
165, 73, 263, 338, 263, 338, 0, 0, 0.0, 0.0
165, 74, 379, 476, 381, 473, -2, 3, 2.158798930342464, 3.605551275463989
165, 75, 1195, 92, 1194, 91, 1, 1, 0.7853981633974483, 1.4142135623730951
165, 76, 941, 18, 941, 18, 0, 0, 0.0, 0.0
165, 77, 835, 374, 835, 375, 0, -1, -1.5707963267948966, 1.0
165, 78, 652, 381, 652, 380, 0, 1, 1.5707963267948966, 1.0
165, 79, 285, 54, 283, 54, 2, 0, 0.0, 2.0
165, 80, 460, 84, 461, 88, -1, -4, -1.8157749899217608, 4.123105625617661
165, 81, 631, 478, 632, 477, -1, 1, 2.356194490192345, 1.4142135623730951
165, 82, 507, 388, 507, 391, 0, -3, -1.5707963267948966, 3.0
165, 83, 938, 101, 938, 101, 0, 0, 0.0, 0.0
165, 84, 481, 71, 482, 73, -1, -2, -2.0344439357957027, 2.23606797749979
165, 85, 472, 85, 473, 89, -1, -4, -1.8157749899217608, 4.123105625617661
165, 86, 648, 459, 647, 456, 1, 3, 1.2490457723982544, 3.1622776601683795
165, 87, 629, 199, 629, 198, 0, 1, 1.5707963267948966, 1.0
165, 88, 248, 405, 248, 405, 0, 0, 0.0, 0.0
165, 89, 773, 272, 773, 270, 0, 2, 1.5707963267948966, 2.0
165, 90, 1189, 129, 1188, 128, 1, 1, 0.7853981633974483, 1.4142135623730951
165, 91, 395, 537, 396, 533, -1, 4, 1.8157749899217608, 4.123105625617661
165, 92, 643, 472, 643, 469, 0, 3, 1.5707963267948966, 3.0
165, 93, 701, 392, 701, 392, 0, 0, 0.0, 0.0
165, 94, 805, 36, 807, 36, -2, 0, 3.141592653589793, 2.0
165, 95, 304, 340, 304, 340, 0, 0, 0.0, 0.0
165, 96, 246, 326, 246, 326, 0, 0, 0.0, 0.0
165, 97, 1185, 146, 1185, 143, 0, 3, 1.5707963267948966, 3.0
165, 98, 73, 150, 74, 150, -1, 0, 3.141592653589793, 1.0
165, 99, 499, 119, 499, 120, 0, -1, -1.5707963267948966, 1.0
165, 100, 264, 389, 264, 389, 0, 0, 0.0, 0.0
165, 101, 788, 13, 789, 13, -1, 0, 3.141592653589793, 1.0
165, 102, 387, 396, 388, 393, -1, 3, 1.892546881191539, 3.1622776601683795
165, 103, 843, 331, 843, 334, 0, -3, -1.5707963267948966, 3.0
165, 104, 291, 377, 291, 377, 0, 0, 0.0, 0.0
165, 105, 455, 458, 457, 460, -2, -2, -2.356194490192345, 2.8284271247461903
165, 106, 170, 95, 170, 94, 0, 1, 1.5707963267948966, 1.0
165, 107, 268, 324, 269, 324, -1, 0, 3.141592653589793, 1.0
165, 108, 155, 647, 154, 644, 1, 3, 1.2490457723982544, 3.1622776601683795
165, 109, 647, 299, 647, 295, 0, 4, 1.5707963267948966, 4.0
165, 110, 374, 427, 376, 428, -2, -1, -2.677945044588987, 2.23606797749979
165, 111, 935, 93, 935, 93, 0, 0, 0.0, 0.0
165, 112, 859, 308, 860, 311, -1, -3, -1.892546881191539, 3.1622776601683795
165, 113, 484, 47, 485, 49, -1, -2, -2.0344439357957027, 2.23606797749979
165, 114, 1201, 364, 1200, 361, 1, 3, 1.2490457723982544, 3.1622776601683795
165, 115, 926, 95, 926, 95, 0, 0, 0.0, 0.0
165, 116, 491, 26, 491, 28, 0, -2, -1.5707963267948966, 2.0
165, 117, 332, 406, 332, 406, 0, 0, 0.0, 0.0
165, 118, 302, 348, 302, 348, 0, 0, 0.0, 0.0
165, 119, 632, 152, 632, 150, 0, 2, 1.5707963267948966, 2.0
165, 120, 654, 429, 654, 429, 0, 0, 0.0, 0.0
165, 121, 785, 312, 783, 309, 2, 3, 0.982793723247329, 3.605551275463989
165, 122, 1235, 301, 1233, 299, 2, 2, 0.7853981633974483, 2.8284271247461903
165, 123, 1230, 310, 1228, 308, 2, 2, 0.7853981633974483, 2.8284271247461903
165, 124, 146, 19, 147, 19, -1, 0, 3.141592653589793, 1.0
165, 125, 581, 19, 581, 20, 0, -1, -1.5707963267948966, 1.0
165, 126, 1216, 128, 1215, 127, 1, 1, 0.7853981633974483, 1.4142135623730951
165, 127, 392, 551, 392, 551, 0, 0, 0.0, 0.0
165, 128, 1209, 145, 1209, 145, 0, 0, 0.0, 0.0
165, 129, 798, 133, 798, 135, 0, -2, -1.5707963267948966, 2.0
165, 130, 552, 48, 552, 48, 0, 0, 0.0, 0.0
165, 131, 1173, 247, 1174, 244, -1, 3, 1.892546881191539, 3.1622776601683795
165, 132, 368, 369, 369, 366, -1, 3, 1.892546881191539, 3.1622776601683795
165, 133, 639, 160, 640, 157, -1, 3, 1.892546881191539, 3.1622776601683795
165, 134, 636, 43, 636, 42, 0, 1, 1.5707963267948966, 1.0
165, 135, 1209, 84, 1208, 83, 1, 1, 0.7853981633974483, 1.4142135623730951
165, 136, 155, 26, 156, 26, -1, 0, 3.141592653589793, 1.0
165, 137, 1162, 239, 1162, 239, 0, 0, 0.0, 0.0
165, 138, 850, 401, 850, 406, 0, -5, -1.5707963267948966, 5.0
165, 139, 711, 295, 711, 298, 0, -3, -1.5707963267948966, 3.0
165, 140, 279, 305, 280, 305, -1, 0, 3.141592653589793, 1.0
165, 141, 785, 158, 785, 161, 0, -3, -1.5707963267948966, 3.0
165, 142, 610, 164, 611, 162, -1, 2, 2.0344439357957027, 2.23606797749979
165, 143, 592, 81, 592, 82, 0, -1, -1.5707963267948966, 1.0
165, 144, 477, 469, 479, 471, -2, -2, -2.356194490192345, 2.8284271247461903
165, 145, 242, 311, 242, 311, 0, 0, 0.0, 0.0
165, 146, 1195, 130, 1195, 130, 0, 0, 0.0, 0.0
165, 147, 1053, 222, 1054, 224, -1, -2, -2.0344439357957027, 2.23606797749979
165, 148, 616, 153, 617, 151, -1, 2, 2.0344439357957027, 2.23606797749979
165, 149, 1195, 187, 1195, 184, 0, 3, 1.5707963267948966, 3.0
165, 150, 805, 260, 805, 257, 0, 3, 1.5707963267948966, 3.0
165, 151, 780, 119, 780, 118, 0, 1, 1.5707963267948966, 1.0
165, 152, 1229, 127, 1229, 126, 0, 1, 1.5707963267948966, 1.0
165, 153, 461, 462, 463, 464, -2, -2, -2.356194490192345, 2.8284271247461903
165, 154, 658, 356, 659, 353, -1, 3, 1.892546881191539, 3.1622776601683795
165, 155, 146, 639, 145, 635, 1, 4, 1.3258176636680326, 4.123105625617661
165, 156, 149, 50, 150, 50, -1, 0, 3.141592653589793, 1.0
165, 157, 701, 295, 701, 298, 0, -3, -1.5707963267948966, 3.0
165, 158, 1050, 187, 1051, 189, -1, -2, -2.0344439357957027, 2.23606797749979
165, 159, 231, 321, 231, 321, 0, 0, 0.0, 0.0
165, 160, 299, 75, 299, 75, 0, 0, 0.0, 0.0
165, 161, 150, 90, 151, 89, -1, 1, 2.356194490192345, 1.4142135623730951
165, 162, 302, 384, 302, 384, 0, 0, 0.0, 0.0
165, 163, 328, 375, 328, 375, 0, 0, 0.0, 0.0
165, 164, 268, 395, 268, 395, 0, 0, 0.0, 0.0
165, 165, 834, 51, 835, 51, -1, 0, 3.141592653589793, 1.0
165, 166, 20, 469, 19, 468, 1, 1, 0.7853981633974483, 1.4142135623730951
165, 167, 633, 329, 633, 325, 0, 4, 1.5707963267948966, 4.0
165, 168, 354, 360, 355, 357, -1, 3, 1.892546881191539, 3.1622776601683795
165, 169, 854, 375, 854, 377, 0, -2, -1.5707963267948966, 2.0
165, 170, 266, 346, 266, 346, 0, 0, 0.0, 0.0
165, 171, 472, 161, 472, 163, 0, -2, -1.5707963267948966, 2.0
165, 172, 22, 430, 20, 428, 2, 2, 0.7853981633974483, 2.8284271247461903
165, 173, 486, 367, 486, 371, 0, -4, -1.5707963267948966, 4.0
165, 174, 361, 360, 362, 357, -1, 3, 1.892546881191539, 3.1622776601683795
165, 175, 722, 290, 723, 293, -1, -3, -1.892546881191539, 3.1622776601683795
165, 176, 288, 45, 286, 45, 2, 0, 0.0, 2.0
166, 0, 864, 323, 865, 326, -1, -3, -1.892546881191539, 3.1622776601683795
166, 1, 595, 14, 595, 15, 0, -1, -1.5707963267948966, 1.0
166, 2, 252, 339, 253, 339, -1, 0, 3.141592653589793, 1.0
166, 3, 258, 372, 259, 372, -1, 0, 3.141592653589793, 1.0
166, 4, 292, 16, 289, 16, 3, 0, 0.0, 3.0
166, 5, 258, 343, 259, 343, -1, 0, 3.141592653589793, 1.0
166, 6, 173, 68, 173, 68, 0, 0, 0.0, 0.0
166, 7, 851, 323, 852, 326, -1, -3, -1.892546881191539, 3.1622776601683795
166, 8, 292, 316, 293, 316, -1, 0, 3.141592653589793, 1.0
166, 9, 497, 380, 497, 384, 0, -4, -1.5707963267948966, 4.0
166, 10, 371, 448, 372, 447, -1, 1, 2.356194490192345, 1.4142135623730951
166, 11, 15, 412, 13, 410, 2, 2, 0.7853981633974483, 2.8284271247461903
166, 12, 366, 481, 367, 477, -1, 4, 1.8157749899217608, 4.123105625617661
166, 13, 804, 18, 805, 18, -1, 0, 3.141592653589793, 1.0
166, 14, 1066, 126, 1067, 129, -1, -3, -1.892546881191539, 3.1622776601683795
166, 15, 1244, 354, 1243, 351, 1, 3, 1.2490457723982544, 3.1622776601683795
166, 16, 622, 117, 623, 114, -1, 3, 1.892546881191539, 3.1622776601683795
166, 17, 801, 243, 801, 239, 0, 4, 1.5707963267948966, 4.0
166, 18, 646, 388, 646, 386, 0, 2, 1.5707963267948966, 2.0
166, 19, 306, 327, 307, 327, -1, 0, 3.141592653589793, 1.0
166, 20, 466, 76, 466, 80, 0, -4, -1.5707963267948966, 4.0
166, 21, 125, 556, 124, 553, 1, 3, 1.2490457723982544, 3.1622776601683795
166, 22, 485, 380, 485, 384, 0, -4, -1.5707963267948966, 4.0
166, 23, 507, 435, 508, 437, -1, -2, -2.0344439357957027, 2.23606797749979
166, 24, 487, 39, 488, 41, -1, -2, -2.0344439357957027, 2.23606797749979
166, 25, 1235, 124, 1235, 123, 0, 1, 1.5707963267948966, 1.0
166, 26, 253, 388, 254, 388, -1, 0, 3.141592653589793, 1.0
166, 27, 793, 85, 793, 88, 0, -3, -1.5707963267948966, 3.0
166, 28, 317, 391, 318, 391, -1, 0, 3.141592653589793, 1.0
166, 29, 637, 369, 637, 365, 0, 4, 1.5707963267948966, 4.0
166, 30, 700, 311, 700, 314, 0, -3, -1.5707963267948966, 3.0
166, 31, 361, 537, 362, 533, -1, 4, 1.8157749899217608, 4.123105625617661
166, 32, 1039, 176, 1040, 180, -1, -4, -1.8157749899217608, 4.123105625617661
166, 33, 129, 616, 129, 613, 0, 3, 1.5707963267948966, 3.0
166, 34, 788, 242, 788, 238, 0, 4, 1.5707963267948966, 4.0
166, 35, 381, 447, 383, 445, -2, 2, 2.356194490192345, 2.8284271247461903
166, 36, 1188, 127, 1188, 127, 0, 0, 0.0, 0.0
166, 37, 1067, 138, 1068, 141, -1, -3, -1.892546881191539, 3.1622776601683795
166, 38, 290, 26, 287, 25, 3, 1, 0.3217505543966422, 3.1622776601683795
166, 39, 303, 359, 303, 359, 0, 0, 0.0, 0.0
166, 40, 648, 486, 647, 481, 1, 5, 1.373400766945016, 5.0990195135927845
166, 41, 554, 16, 555, 16, -1, 0, 3.141592653589793, 1.0
166, 42, 707, 317, 707, 320, 0, -3, -1.5707963267948966, 3.0
166, 43, 17, 438, 15, 436, 2, 2, 0.7853981633974483, 2.8284271247461903
166, 44, 54, 78, 55, 78, -1, 0, 3.141592653589793, 1.0
166, 45, 1188, 199, 1188, 196, 0, 3, 1.5707963267948966, 3.0
166, 46, 279, 319, 280, 319, -1, 0, 3.141592653589793, 1.0
166, 47, 465, 434, 466, 437, -1, -3, -1.892546881191539, 3.1622776601683795
166, 48, 854, 422, 854, 423, 0, -1, -1.5707963267948966, 1.0
166, 49, 768, 42, 769, 42, -1, 0, 3.141592653589793, 1.0
166, 50, 586, 14, 586, 15, 0, -1, -1.5707963267948966, 1.0
166, 51, 664, 307, 665, 303, -1, 4, 1.8157749899217608, 4.123105625617661
166, 52, 1055, 137, 1056, 140, -1, -3, -1.892546881191539, 3.1622776601683795
166, 53, 1055, 216, 1056, 219, -1, -3, -1.892546881191539, 3.1622776601683795
166, 54, 141, 548, 141, 545, 0, 3, 1.5707963267948966, 3.0
166, 55, 713, 310, 713, 313, 0, -3, -1.5707963267948966, 3.0
166, 56, 562, 88, 562, 89, 0, -1, -1.5707963267948966, 1.0
166, 57, 288, 47, 285, 47, 3, 0, 0.0, 3.0
166, 58, 301, 57, 299, 58, 2, -1, -0.4636476090008061, 2.23606797749979
166, 59, 330, 357, 331, 357, -1, 0, 3.141592653589793, 1.0
166, 60, 804, 106, 804, 109, 0, -3, -1.5707963267948966, 3.0
166, 61, 637, 378, 636, 374, 1, 4, 1.3258176636680326, 4.123105625617661
166, 62, 1220, 374, 1219, 373, 1, 1, 0.7853981633974483, 1.4142135623730951
166, 63, 304, 75, 303, 75, 1, 0, 0.0, 1.0
166, 64, 497, 498, 498, 498, -1, 0, 3.141592653589793, 1.0
166, 65, 286, 54, 284, 54, 2, 0, 0.0, 2.0
166, 66, 941, 19, 941, 19, 0, 0, 0.0, 0.0
166, 67, 281, 343, 281, 343, 0, 0, 0.0, 0.0
166, 68, 1244, 311, 1243, 308, 1, 3, 1.2490457723982544, 3.1622776601683795
166, 69, 455, 458, 457, 460, -2, -2, -2.356194490192345, 2.8284271247461903
166, 70, 289, 60, 288, 60, 1, 0, 0.0, 1.0
166, 71, 616, 442, 615, 439, 1, 3, 1.2490457723982544, 3.1622776601683795
166, 72, 513, 445, 514, 448, -1, -3, -1.892546881191539, 3.1622776601683795
166, 73, 350, 400, 351, 396, -1, 4, 1.8157749899217608, 4.123105625617661
166, 74, 494, 46, 495, 48, -1, -2, -2.0344439357957027, 2.23606797749979
166, 75, 264, 330, 264, 330, 0, 0, 0.0, 0.0
166, 76, 740, 209, 740, 213, 0, -4, -1.5707963267948966, 4.0
166, 77, 290, 377, 291, 377, -1, 0, 3.141592653589793, 1.0
166, 78, 266, 381, 266, 381, 0, 0, 0.0, 0.0
166, 79, 1208, 408, 1209, 407, -1, 1, 2.356194490192345, 1.4142135623730951
166, 80, 793, 235, 793, 231, 0, 4, 1.5707963267948966, 4.0
166, 81, 248, 405, 249, 405, -1, 0, 3.141592653589793, 1.0
166, 82, 461, 85, 462, 89, -1, -4, -1.8157749899217608, 4.123105625617661
166, 83, 844, 330, 844, 334, 0, -4, -1.5707963267948966, 4.0
166, 84, 508, 388, 508, 392, 0, -4, -1.5707963267948966, 4.0
166, 85, 330, 366, 331, 366, -1, 0, 3.141592653589793, 1.0
166, 86, 480, 72, 481, 74, -1, -2, -2.0344439357957027, 2.23606797749979
166, 87, 938, 102, 939, 102, -1, 0, 3.141592653589793, 1.0
166, 88, 301, 349, 302, 349, -1, 0, 3.141592653589793, 1.0
166, 89, 1224, 391, 1223, 389, 1, 2, 1.1071487177940904, 2.23606797749979
166, 90, 472, 86, 473, 89, -1, -3, -1.892546881191539, 3.1622776601683795
166, 91, 771, 273, 771, 271, 0, 2, 1.5707963267948966, 2.0
166, 92, 1194, 92, 1194, 91, 0, 1, 1.5707963267948966, 1.0
166, 93, 177, 601, 177, 599, 0, 2, 1.5707963267948966, 2.0
166, 94, 825, 13, 826, 13, -1, 0, 3.141592653589793, 1.0
166, 95, 387, 397, 388, 394, -1, 3, 1.892546881191539, 3.1622776601683795
166, 96, 701, 394, 701, 394, 0, 0, 0.0, 0.0
166, 97, 245, 326, 246, 326, -1, 0, 3.141592653589793, 1.0
166, 98, 702, 296, 702, 299, 0, -3, -1.5707963267948966, 3.0
166, 99, 654, 291, 655, 287, -1, 4, 1.8157749899217608, 4.123105625617661
166, 100, 836, 373, 836, 376, 0, -3, -1.5707963267948966, 3.0
166, 101, 74, 150, 75, 150, -1, 0, 3.141592653589793, 1.0
166, 102, 479, 167, 479, 170, 0, -3, -1.5707963267948966, 3.0
166, 103, 706, 350, 706, 352, 0, -2, -1.5707963267948966, 2.0
166, 104, 788, 14, 789, 14, -1, 0, 3.141592653589793, 1.0
166, 105, 647, 300, 648, 296, -1, 4, 1.8157749899217608, 4.123105625617661
166, 106, 1051, 187, 1052, 189, -1, -2, -2.0344439357957027, 2.23606797749979
166, 107, 781, 124, 781, 127, 0, -3, -1.5707963267948966, 3.0
166, 108, 269, 324, 270, 324, -1, 0, 3.141592653589793, 1.0
166, 109, 483, 47, 484, 49, -1, -2, -2.0344439357957027, 2.23606797749979
166, 110, 859, 308, 860, 312, -1, -4, -1.8157749899217608, 4.123105625617661
166, 111, 331, 407, 332, 407, -1, 0, 3.141592653589793, 1.0
166, 112, 785, 318, 783, 315, 2, 3, 0.982793723247329, 3.605551275463989
166, 113, 1216, 129, 1215, 128, 1, 1, 0.7853981633974483, 1.4142135623730951
166, 114, 727, 281, 728, 283, -1, -2, -2.0344439357957027, 2.23606797749979
166, 115, 303, 341, 304, 341, -1, 0, 3.141592653589793, 1.0
166, 116, 168, 657, 167, 656, 1, 1, 0.7853981633974483, 1.4142135623730951
166, 117, 170, 598, 170, 596, 0, 2, 1.5707963267948966, 2.0
166, 118, 491, 25, 491, 26, 0, -1, -1.5707963267948966, 1.0
166, 119, 368, 471, 370, 467, -2, 4, 2.0344439357957027, 4.47213595499958
166, 120, 655, 428, 655, 427, 0, 1, 1.5707963267948966, 1.0
166, 121, 611, 164, 612, 162, -1, 2, 2.0344439357957027, 2.23606797749979
166, 122, 1211, 143, 1211, 143, 0, 0, 0.0, 0.0
166, 123, 1181, 154, 1181, 152, 0, 2, 1.5707963267948966, 2.0
166, 124, 924, 95, 925, 95, -1, 0, 3.141592653589793, 1.0
166, 125, 264, 390, 265, 390, -1, 0, 3.141592653589793, 1.0
166, 126, 1195, 188, 1195, 185, 0, 3, 1.5707963267948966, 3.0
166, 127, 369, 370, 370, 366, -1, 4, 1.8157749899217608, 4.123105625617661
166, 128, 633, 478, 633, 477, 0, 1, 1.5707963267948966, 1.0
166, 129, 171, 96, 171, 95, 0, 1, 1.5707963267948966, 1.0
166, 130, 149, 75, 150, 74, -1, 1, 2.356194490192345, 1.4142135623730951
166, 131, 552, 49, 552, 49, 0, 0, 0.0, 0.0
166, 132, 1203, 367, 1202, 364, 1, 3, 1.2490457723982544, 3.1622776601683795
166, 133, 1234, 302, 1233, 299, 1, 3, 1.2490457723982544, 3.1622776601683795
166, 134, 1163, 238, 1163, 238, 0, 0, 0.0, 0.0
166, 135, 394, 554, 394, 554, 0, 0, 0.0, 0.0
166, 136, 628, 198, 629, 197, -1, 1, 2.356194490192345, 1.4142135623730951
166, 137, 268, 338, 269, 338, -1, 0, 3.141592653589793, 1.0
166, 138, 1229, 312, 1228, 309, 1, 3, 1.2490457723982544, 3.1622776601683795
166, 139, 275, 347, 275, 347, 0, 0, 0.0, 0.0
166, 140, 230, 321, 231, 321, -1, 0, 3.141592653589793, 1.0
166, 141, 1235, 83, 1234, 82, 1, 1, 0.7853981633974483, 1.4142135623730951
166, 142, 617, 155, 618, 153, -1, 2, 2.0344439357957027, 2.23606797749979
166, 143, 630, 153, 631, 151, -1, 2, 2.0344439357957027, 2.23606797749979
166, 144, 498, 115, 498, 117, 0, -2, -1.5707963267948966, 2.0
166, 145, 933, 94, 934, 94, -1, 0, 3.141592653589793, 1.0
166, 146, 717, 352, 717, 354, 0, -2, -1.5707963267948966, 2.0
166, 147, 381, 479, 383, 476, -2, 3, 2.158798930342464, 3.605551275463989
166, 148, 940, 32, 941, 32, -1, 0, 3.141592653589793, 1.0
166, 149, 375, 470, 377, 466, -2, 4, 2.0344439357957027, 4.47213595499958
166, 150, 160, 637, 161, 635, -1, 2, 2.0344439357957027, 2.23606797749979
166, 151, 156, 27, 157, 27, -1, 0, 3.141592653589793, 1.0
166, 152, 278, 306, 279, 306, -1, 0, 3.141592653589793, 1.0
166, 153, 592, 82, 592, 83, 0, -1, -1.5707963267948966, 1.0
166, 154, 295, 77, 295, 77, 0, 0, 0.0, 0.0
166, 155, 1208, 84, 1208, 83, 0, 1, 1.5707963267948966, 1.0
166, 156, 793, 303, 793, 303, 0, 0, 0.0, 0.0
166, 157, 355, 361, 356, 357, -1, 4, 1.8157749899217608, 4.123105625617661
166, 158, 486, 368, 486, 372, 0, -4, -1.5707963267948966, 4.0
166, 159, 146, 19, 147, 19, -1, 0, 3.141592653589793, 1.0
166, 160, 150, 52, 151, 51, -1, 1, 2.356194490192345, 1.4142135623730951
166, 161, 805, 262, 805, 258, 0, 4, 1.5707963267948966, 4.0
166, 162, 640, 163, 641, 160, -1, 3, 1.892546881191539, 3.1622776601683795
166, 163, 581, 19, 581, 20, 0, -1, -1.5707963267948966, 1.0
166, 164, 847, 390, 847, 396, 0, -6, -1.5707963267948966, 6.0
166, 165, 780, 36, 781, 36, -1, 0, 3.141592653589793, 1.0
166, 166, 985, 20, 985, 20, 0, 0, 0.0, 0.0
166, 167, 1179, 254, 1178, 250, 1, 4, 1.3258176636680326, 4.123105625617661
166, 168, 712, 296, 712, 299, 0, -3, -1.5707963267948966, 3.0
166, 169, 151, 91, 152, 89, -1, 2, 2.0344439357957027, 2.23606797749979
166, 170, 660, 356, 660, 353, 0, 3, 1.5707963267948966, 3.0
166, 171, 362, 361, 363, 357, -1, 4, 1.8157749899217608, 4.123105625617661
166, 172, 744, 242, 744, 245, 0, -3, -1.5707963267948966, 3.0
166, 173, 327, 375, 328, 375, -1, 0, 3.141592653589793, 1.0
166, 174, 777, 262, 777, 259, 0, 3, 1.5707963267948966, 3.0
166, 175, 126, 542, 124, 539, 2, 3, 0.982793723247329, 3.605551275463989
166, 176, 1196, 130, 1196, 130, 0, 0, 0.0, 0.0
166, 177, 21, 473, 20, 471, 1, 2, 1.1071487177940904, 2.23606797749979
166, 178, 472, 162, 473, 165, -1, -3, -1.892546881191539, 3.1622776601683795
166, 179, 325, 341, 326, 341, -1, 0, 3.141592653589793, 1.0
166, 180, 381, 586, 382, 585, -1, 1, 2.356194490192345, 1.4142135623730951
166, 181, 301, 385, 302, 385, -1, 0, 3.141592653589793, 1.0
166, 182, 72, 107, 73, 107, -1, 0, 3.141592653589793, 1.0
166, 183, 1222, 163, 1222, 163, 0, 0, 0.0, 0.0
166, 184, 157, 83, 158, 81, -1, 2, 2.0344439357957027, 2.23606797749979
166, 185, 721, 286, 722, 288, -1, -2, -2.0344439357957027, 2.23606797749979
166, 186, 305, 373, 306, 373, -1, 0, 3.141592653589793, 1.0
166, 187, 499, 460, 500, 466, -1, -6, -1.7359450042095235, 6.082762530298219
166, 188, 24, 432, 22, 431, 2, 1, 0.4636476090008061, 2.23606797749979
166, 189, 474, 390, 474, 394, 0, -4, -1.5707963267948966, 4.0
166, 190, 777, 47, 778, 47, -1, 0, 3.141592653589793, 1.0
166, 191, 301, 45, 298, 46, 3, -1, -0.3217505543966422, 3.1622776601683795
166, 192, 1192, 149, 1193, 147, -1, 2, 2.0344439357957027, 2.23606797749979
166, 193, 1055, 202, 1056, 205, -1, -3, -1.892546881191539, 3.1622776601683795
166, 194, 370, 544, 371, 541, -1, 3, 1.892546881191539, 3.1622776601683795
166, 195, 470, 470, 473, 473, -3, -3, -2.356194490192345, 4.242640687119285
166, 196, 633, 328, 633, 324, 0, 4, 1.5707963267948966, 4.0
166, 197, 1241, 302, 1240, 299, 1, 3, 1.2490457723982544, 3.1622776601683795
166, 198, 808, 36, 811, 36, -3, 0, 3.141592653589793, 3.0
166, 199, 845, 373, 845, 376, 0, -3, -1.5707963267948966, 3.0
166, 200, 332, 346, 333, 346, -1, 0, 3.141592653589793, 1.0
166, 201, 265, 346, 266, 346, -1, 0, 3.141592653589793, 1.0
166, 202, 992, 19, 992, 19, 0, 0, 0.0, 0.0
166, 203, 653, 380, 653, 379, 0, 1, 1.5707963267948966, 1.0
166, 204, 871, 330, 872, 333, -1, -3, -1.892546881191539, 3.1622776601683795
167, 0, 863, 319, 864, 323, -1, -4, -1.8157749899217608, 4.123105625617661
167, 1, 595, 13, 595, 14, 0, -1, -1.5707963267948966, 1.0
167, 2, 251, 339, 252, 339, -1, 0, 3.141592653589793, 1.0
167, 3, 257, 372, 258, 372, -1, 0, 3.141592653589793, 1.0
167, 4, 295, 17, 292, 16, 3, 1, 0.3217505543966422, 3.1622776601683795
167, 5, 257, 343, 258, 343, -1, 0, 3.141592653589793, 1.0
167, 6, 173, 69, 173, 68, 0, 1, 1.5707963267948966, 1.0
167, 7, 850, 319, 851, 323, -1, -4, -1.8157749899217608, 4.123105625617661
167, 8, 291, 316, 292, 316, -1, 0, 3.141592653589793, 1.0
167, 9, 497, 376, 497, 380, 0, -4, -1.5707963267948966, 4.0
167, 10, 369, 449, 371, 448, -2, 1, 2.677945044588987, 2.23606797749979
167, 11, 15, 412, 15, 412, 0, 0, 0.0, 0.0
167, 12, 365, 484, 366, 481, -1, 3, 1.892546881191539, 3.1622776601683795
167, 13, 802, 18, 804, 18, -2, 0, 3.141592653589793, 2.0
167, 14, 1065, 121, 1066, 126, -1, -5, -1.7681918866447774, 5.0990195135927845
167, 15, 1246, 357, 1244, 354, 2, 3, 0.982793723247329, 3.605551275463989
167, 16, 620, 121, 622, 117, -2, 4, 2.0344439357957027, 4.47213595499958
167, 17, 800, 247, 801, 243, -1, 4, 1.8157749899217608, 4.123105625617661
167, 18, 647, 390, 646, 388, 1, 2, 1.1071487177940904, 2.23606797749979
167, 19, 306, 327, 306, 327, 0, 0, 0.0, 0.0
167, 20, 465, 71, 466, 76, -1, -5, -1.7681918866447774, 5.0990195135927845
167, 21, 126, 558, 125, 556, 1, 2, 1.1071487177940904, 2.23606797749979
167, 22, 485, 376, 485, 380, 0, -4, -1.5707963267948966, 4.0
167, 23, 507, 430, 507, 435, 0, -5, -1.5707963267948966, 5.0
167, 24, 485, 34, 487, 39, -2, -5, -1.9513027039072615, 5.385164807134504
167, 25, 1236, 126, 1235, 124, 1, 2, 1.1071487177940904, 2.23606797749979
167, 26, 252, 388, 253, 388, -1, 0, 3.141592653589793, 1.0
167, 27, 794, 80, 793, 85, 1, -5, -1.373400766945016, 5.0990195135927845
167, 28, 316, 391, 317, 391, -1, 0, 3.141592653589793, 1.0
167, 29, 638, 372, 637, 369, 1, 3, 1.2490457723982544, 3.1622776601683795
167, 30, 701, 306, 700, 311, 1, -5, -1.373400766945016, 5.0990195135927845
167, 31, 358, 540, 361, 537, -3, 3, 2.356194490192345, 4.242640687119285
167, 32, 1038, 173, 1039, 176, -1, -3, -1.892546881191539, 3.1622776601683795
167, 33, 129, 619, 129, 616, 0, 3, 1.5707963267948966, 3.0
167, 34, 788, 245, 788, 242, 0, 3, 1.5707963267948966, 3.0
167, 35, 378, 448, 381, 447, -3, 1, 2.819842099193151, 3.1622776601683795
167, 36, 1188, 129, 1188, 127, 0, 2, 1.5707963267948966, 2.0
167, 37, 1066, 133, 1067, 138, -1, -5, -1.7681918866447774, 5.0990195135927845
167, 38, 293, 25, 290, 26, 3, -1, -0.3217505543966422, 3.1622776601683795
167, 39, 303, 360, 303, 359, 0, 1, 1.5707963267948966, 1.0
167, 40, 650, 490, 648, 486, 2, 4, 1.1071487177940904, 4.47213595499958
167, 41, 707, 312, 707, 317, 0, -5, -1.5707963267948966, 5.0
167, 42, 20, 439, 17, 438, 3, 1, 0.3217505543966422, 3.1622776601683795
167, 43, 53, 78, 54, 78, -1, 0, 3.141592653589793, 1.0
167, 44, 1189, 203, 1188, 199, 1, 4, 1.3258176636680326, 4.123105625617661
167, 45, 278, 319, 279, 319, -1, 0, 3.141592653589793, 1.0
167, 46, 464, 429, 465, 434, -1, -5, -1.7681918866447774, 5.0990195135927845
167, 47, 854, 418, 854, 422, 0, -4, -1.5707963267948966, 4.0
167, 48, 766, 42, 768, 42, -2, 0, 3.141592653589793, 2.0
167, 49, 586, 13, 586, 14, 0, -1, -1.5707963267948966, 1.0
167, 50, 662, 311, 664, 307, -2, 4, 2.0344439357957027, 4.47213595499958
167, 51, 1053, 133, 1055, 137, -2, -4, -2.0344439357957027, 4.47213595499958
167, 52, 1053, 214, 1055, 216, -2, -2, -2.356194490192345, 2.8284271247461903
167, 53, 140, 551, 141, 548, -1, 3, 1.892546881191539, 3.1622776601683795
167, 54, 713, 306, 713, 310, 0, -4, -1.5707963267948966, 4.0
167, 55, 561, 88, 562, 88, -1, 0, 3.141592653589793, 1.0
167, 56, 290, 47, 288, 47, 2, 0, 0.0, 2.0
167, 57, 304, 57, 301, 57, 3, 0, 0.0, 3.0
167, 58, 329, 357, 330, 357, -1, 0, 3.141592653589793, 1.0
167, 59, 805, 102, 804, 106, 1, -4, -1.3258176636680326, 4.123105625617661
167, 60, 638, 381, 637, 378, 1, 3, 1.2490457723982544, 3.1622776601683795
167, 61, 1222, 375, 1220, 374, 2, 1, 0.4636476090008061, 2.23606797749979
167, 62, 305, 75, 304, 75, 1, 0, 0.0, 1.0
167, 63, 496, 494, 497, 498, -1, -4, -1.8157749899217608, 4.123105625617661
167, 64, 288, 54, 286, 54, 2, 0, 0.0, 2.0
167, 65, 940, 19, 941, 19, -1, 0, 3.141592653589793, 1.0
167, 66, 280, 343, 281, 343, -1, 0, 3.141592653589793, 1.0
167, 67, 1244, 314, 1244, 311, 0, 3, 1.5707963267948966, 3.0
167, 68, 454, 454, 455, 458, -1, -4, -1.8157749899217608, 4.123105625617661
167, 69, 292, 60, 289, 60, 3, 0, 0.0, 3.0
167, 70, 617, 444, 616, 442, 1, 2, 1.1071487177940904, 2.23606797749979
167, 71, 512, 441, 513, 445, -1, -4, -1.8157749899217608, 4.123105625617661
167, 72, 348, 404, 350, 400, -2, 4, 2.0344439357957027, 4.47213595499958
167, 73, 492, 41, 494, 46, -2, -5, -1.9513027039072615, 5.385164807134504
167, 74, 263, 330, 264, 330, -1, 0, 3.141592653589793, 1.0
167, 75, 739, 203, 740, 209, -1, -6, -1.7359450042095235, 6.082762530298219
167, 76, 289, 377, 290, 377, -1, 0, 3.141592653589793, 1.0
167, 77, 265, 381, 266, 381, -1, 0, 3.141592653589793, 1.0
167, 78, 1208, 408, 1208, 408, 0, 0, 0.0, 0.0
167, 79, 793, 239, 793, 235, 0, 4, 1.5707963267948966, 4.0
167, 80, 247, 405, 248, 405, -1, 0, 3.141592653589793, 1.0
167, 81, 460, 80, 461, 85, -1, -5, -1.7681918866447774, 5.0990195135927845
167, 82, 843, 326, 844, 330, -1, -4, -1.8157749899217608, 4.123105625617661
167, 83, 508, 384, 508, 388, 0, -4, -1.5707963267948966, 4.0
167, 84, 329, 366, 330, 366, -1, 0, 3.141592653589793, 1.0
167, 85, 479, 67, 480, 72, -1, -5, -1.7681918866447774, 5.0990195135927845
167, 86, 937, 102, 938, 102, -1, 0, 3.141592653589793, 1.0
167, 87, 301, 350, 301, 349, 0, 1, 1.5707963267948966, 1.0
167, 88, 1226, 393, 1224, 391, 2, 2, 0.7853981633974483, 2.8284271247461903
167, 89, 471, 81, 472, 86, -1, -5, -1.7681918866447774, 5.0990195135927845
167, 90, 772, 276, 771, 273, 1, 3, 1.2490457723982544, 3.1622776601683795
167, 91, 1196, 95, 1194, 92, 2, 3, 0.982793723247329, 3.605551275463989
167, 92, 178, 604, 177, 601, 1, 3, 1.2490457723982544, 3.1622776601683795
167, 93, 823, 12, 825, 13, -2, -1, -2.677945044588987, 2.23606797749979
167, 94, 385, 401, 387, 397, -2, 4, 2.0344439357957027, 4.47213595499958
167, 95, 700, 391, 701, 394, -1, -3, -1.892546881191539, 3.1622776601683795
167, 96, 244, 326, 245, 326, -1, 0, 3.141592653589793, 1.0
167, 97, 703, 291, 702, 296, 1, -5, -1.373400766945016, 5.0990195135927845
167, 98, 652, 294, 654, 291, -2, 3, 2.158798930342464, 3.605551275463989
167, 99, 836, 369, 836, 373, 0, -4, -1.5707963267948966, 4.0
167, 100, 73, 150, 74, 150, -1, 0, 3.141592653589793, 1.0
167, 101, 479, 164, 479, 167, 0, -3, -1.5707963267948966, 3.0
167, 102, 706, 346, 706, 350, 0, -4, -1.5707963267948966, 4.0
167, 103, 786, 14, 788, 14, -2, 0, 3.141592653589793, 2.0
167, 104, 646, 303, 647, 300, -1, 3, 1.892546881191539, 3.1622776601683795
167, 105, 781, 121, 781, 124, 0, -3, -1.5707963267948966, 3.0
167, 106, 268, 324, 269, 324, -1, 0, 3.141592653589793, 1.0
167, 107, 481, 42, 483, 47, -2, -5, -1.9513027039072615, 5.385164807134504
167, 108, 858, 303, 859, 308, -1, -5, -1.7681918866447774, 5.0990195135927845
167, 109, 330, 407, 331, 407, -1, 0, 3.141592653589793, 1.0
167, 110, 788, 322, 785, 318, 3, 4, 0.9272952180016122, 5.0
167, 111, 1219, 131, 1216, 129, 3, 2, 0.5880026035475675, 3.605551275463989
167, 112, 726, 279, 727, 281, -1, -2, -2.0344439357957027, 2.23606797749979
167, 113, 302, 341, 303, 341, -1, 0, 3.141592653589793, 1.0
167, 114, 169, 656, 168, 657, 1, -1, -0.7853981633974483, 1.4142135623730951
167, 115, 170, 602, 170, 598, 0, 4, 1.5707963267948966, 4.0
167, 116, 491, 24, 491, 25, 0, -1, -1.5707963267948966, 1.0
167, 117, 366, 474, 368, 471, -2, 3, 2.158798930342464, 3.605551275463989
167, 118, 655, 430, 655, 428, 0, 2, 1.5707963267948966, 2.0
167, 119, 610, 167, 611, 164, -1, 3, 1.892546881191539, 3.1622776601683795
167, 120, 1212, 143, 1211, 143, 1, 0, 0.0, 1.0
167, 121, 1182, 154, 1181, 154, 1, 0, 0.0, 1.0
167, 122, 923, 95, 924, 95, -1, 0, 3.141592653589793, 1.0
167, 123, 263, 390, 264, 390, -1, 0, 3.141592653589793, 1.0
167, 124, 1196, 192, 1195, 188, 1, 4, 1.3258176636680326, 4.123105625617661
167, 125, 366, 372, 369, 370, -3, 2, 2.5535900500422257, 3.605551275463989
167, 126, 633, 478, 633, 478, 0, 0, 0.0, 0.0
167, 127, 171, 97, 171, 96, 0, 1, 1.5707963267948966, 1.0
167, 128, 148, 78, 149, 75, -1, 3, 1.892546881191539, 3.1622776601683795
167, 129, 552, 48, 552, 49, 0, -1, -1.5707963267948966, 1.0
167, 130, 1204, 366, 1203, 367, 1, -1, -0.7853981633974483, 1.4142135623730951
167, 131, 1235, 306, 1234, 302, 1, 4, 1.3258176636680326, 4.123105625617661
167, 132, 1163, 238, 1163, 238, 0, 0, 0.0, 0.0
167, 133, 393, 556, 394, 554, -1, 2, 2.0344439357957027, 2.23606797749979
167, 134, 627, 198, 628, 198, -1, 0, 3.141592653589793, 1.0
167, 135, 267, 338, 268, 338, -1, 0, 3.141592653589793, 1.0
167, 136, 1231, 315, 1229, 312, 2, 3, 0.982793723247329, 3.605551275463989
167, 137, 274, 347, 275, 347, -1, 0, 3.141592653589793, 1.0
167, 138, 229, 321, 230, 321, -1, 0, 3.141592653589793, 1.0
167, 139, 1237, 85, 1235, 83, 2, 2, 0.7853981633974483, 2.8284271247461903
167, 140, 616, 159, 617, 155, -1, 4, 1.8157749899217608, 4.123105625617661
167, 141, 629, 157, 630, 153, -1, 4, 1.8157749899217608, 4.123105625617661
167, 142, 497, 113, 498, 115, -1, -2, -2.0344439357957027, 2.23606797749979
167, 143, 932, 94, 933, 94, -1, 0, 3.141592653589793, 1.0
167, 144, 716, 348, 717, 352, -1, -4, -1.8157749899217608, 4.123105625617661
167, 145, 379, 482, 381, 479, -2, 3, 2.158798930342464, 3.605551275463989
167, 146, 939, 32, 940, 32, -1, 0, 3.141592653589793, 1.0
167, 147, 374, 473, 375, 470, -1, 3, 1.892546881191539, 3.1622776601683795
167, 148, 159, 634, 160, 637, -1, -3, -1.892546881191539, 3.1622776601683795
167, 149, 155, 28, 156, 27, -1, 1, 2.356194490192345, 1.4142135623730951
167, 150, 277, 306, 278, 306, -1, 0, 3.141592653589793, 1.0
167, 151, 592, 81, 592, 82, 0, -1, -1.5707963267948966, 1.0
167, 152, 296, 77, 295, 77, 1, 0, 0.0, 1.0
167, 153, 1210, 87, 1208, 84, 2, 3, 0.982793723247329, 3.605551275463989
167, 154, 794, 303, 793, 303, 1, 0, 0.0, 1.0
167, 155, 355, 364, 355, 361, 0, 3, 1.5707963267948966, 3.0
167, 156, 486, 364, 486, 368, 0, -4, -1.5707963267948966, 4.0
167, 157, 144, 20, 146, 19, -2, 1, 2.677945044588987, 2.23606797749979
167, 158, 149, 53, 150, 52, -1, 1, 2.356194490192345, 1.4142135623730951
167, 159, 805, 269, 805, 262, 0, 7, 1.5707963267948966, 7.0
167, 160, 638, 166, 640, 163, -2, 3, 2.158798930342464, 3.605551275463989
167, 161, 580, 19, 581, 19, -1, 0, 3.141592653589793, 1.0
167, 162, 847, 388, 847, 390, 0, -2, -1.5707963267948966, 2.0
167, 163, 778, 37, 780, 36, -2, 1, 2.677945044588987, 2.23606797749979
167, 164, 985, 20, 985, 20, 0, 0, 0.0, 0.0
167, 165, 1179, 258, 1179, 254, 0, 4, 1.5707963267948966, 4.0
167, 166, 713, 291, 712, 296, 1, -5, -1.373400766945016, 5.0990195135927845
167, 167, 150, 93, 151, 91, -1, 2, 2.0344439357957027, 2.23606797749979
167, 168, 660, 359, 660, 356, 0, 3, 1.5707963267948966, 3.0
167, 169, 361, 365, 362, 361, -1, 4, 1.8157749899217608, 4.123105625617661
167, 170, 743, 238, 744, 242, -1, -4, -1.8157749899217608, 4.123105625617661
167, 171, 326, 375, 327, 375, -1, 0, 3.141592653589793, 1.0
167, 172, 779, 265, 777, 262, 2, 3, 0.982793723247329, 3.605551275463989
167, 173, 129, 544, 126, 542, 3, 2, 0.5880026035475675, 3.605551275463989
167, 174, 1197, 132, 1196, 130, 1, 2, 1.1071487177940904, 2.23606797749979
167, 175, 24, 475, 21, 473, 3, 2, 0.5880026035475675, 3.605551275463989
167, 176, 471, 160, 472, 162, -1, -2, -2.0344439357957027, 2.23606797749979
167, 177, 325, 341, 325, 341, 0, 0, 0.0, 0.0
167, 178, 380, 587, 381, 586, -1, 1, 2.356194490192345, 1.4142135623730951
167, 179, 300, 385, 301, 385, -1, 0, 3.141592653589793, 1.0
167, 180, 71, 107, 72, 107, -1, 0, 3.141592653589793, 1.0
167, 181, 1221, 163, 1222, 163, -1, 0, 3.141592653589793, 1.0
167, 182, 156, 85, 157, 83, -1, 2, 2.0344439357957027, 2.23606797749979
167, 183, 721, 283, 721, 286, 0, -3, -1.5707963267948966, 3.0
167, 184, 304, 373, 305, 373, -1, 0, 3.141592653589793, 1.0
167, 185, 498, 460, 499, 460, -1, 0, 3.141592653589793, 1.0
167, 186, 27, 432, 24, 432, 3, 0, 0.0, 3.0
167, 187, 473, 386, 474, 390, -1, -4, -1.8157749899217608, 4.123105625617661
167, 188, 775, 47, 777, 47, -2, 0, 3.141592653589793, 2.0
167, 189, 303, 44, 301, 45, 2, -1, -0.4636476090008061, 2.23606797749979
167, 190, 1192, 151, 1192, 149, 0, 2, 1.5707963267948966, 2.0
167, 191, 1053, 200, 1055, 202, -2, -2, -2.356194490192345, 2.8284271247461903
167, 192, 367, 547, 370, 544, -3, 3, 2.356194490192345, 4.242640687119285
167, 193, 468, 466, 470, 470, -2, -4, -2.0344439357957027, 4.47213595499958
167, 194, 633, 330, 633, 328, 0, 2, 1.5707963267948966, 2.0
167, 195, 1242, 306, 1241, 302, 1, 4, 1.3258176636680326, 4.123105625617661
167, 196, 805, 36, 808, 36, -3, 0, 3.141592653589793, 3.0
167, 197, 845, 369, 845, 373, 0, -4, -1.5707963267948966, 4.0
167, 198, 331, 346, 332, 346, -1, 0, 3.141592653589793, 1.0
167, 199, 264, 346, 265, 346, -1, 0, 3.141592653589793, 1.0
167, 200, 992, 19, 992, 19, 0, 0, 0.0, 0.0
167, 201, 653, 380, 653, 380, 0, 0, 0.0, 0.0
167, 202, 871, 326, 871, 330, 0, -4, -1.5707963267948966, 4.0
168, 0, 509, 428, 509, 433, 0, -5, -1.5707963267948966, 5.0
168, 1, 252, 340, 253, 340, -1, 0, 3.141592653589793, 1.0
168, 2, 863, 316, 864, 321, -1, -5, -1.7681918866447774, 5.0990195135927845
168, 3, 173, 70, 173, 69, 0, 1, 1.5707963267948966, 1.0
168, 4, 258, 373, 259, 373, -1, 0, 3.141592653589793, 1.0
168, 5, 1245, 361, 1245, 357, 0, 4, 1.5707963267948966, 4.0
168, 6, 302, 358, 303, 358, -1, 0, 3.141592653589793, 1.0
168, 7, 851, 317, 852, 321, -1, -4, -1.8157749899217608, 4.123105625617661
168, 8, 293, 316, 293, 316, 0, 0, 0.0, 0.0
168, 9, 1066, 177, 1067, 177, -1, 0, 3.141592653589793, 1.0
168, 10, 297, 17, 294, 17, 3, 0, 0.0, 3.0
168, 11, 596, 13, 596, 14, 0, -1, -1.5707963267948966, 1.0
168, 12, 364, 487, 365, 484, -1, 3, 1.892546881191539, 3.1622776601683795
168, 13, 802, 249, 802, 246, 0, 3, 1.5707963267948966, 3.0
168, 14, 1066, 124, 1067, 126, -1, -2, -2.0344439357957027, 2.23606797749979
168, 15, 1223, 372, 1224, 369, -1, 3, 1.892546881191539, 3.1622776601683795
168, 16, 621, 122, 622, 119, -1, 3, 1.892546881191539, 3.1622776601683795
168, 17, 24, 443, 21, 442, 3, 1, 0.3217505543966422, 3.1622776601683795
168, 18, 131, 619, 130, 615, 1, 4, 1.3258176636680326, 4.123105625617661
168, 19, 267, 341, 268, 341, -1, 0, 3.141592653589793, 1.0
168, 20, 485, 374, 485, 379, 0, -5, -1.5707963267948966, 5.0
168, 21, 129, 567, 128, 564, 1, 3, 1.2490457723982544, 3.1622776601683795
168, 22, 293, 48, 290, 48, 3, 0, 0.0, 3.0
168, 23, 486, 35, 487, 38, -1, -3, -1.892546881191539, 3.1622776601683795
168, 24, 324, 71, 321, 72, 3, -1, -0.3217505543966422, 3.1622776601683795
168, 25, 498, 373, 498, 378, 0, -5, -1.5707963267948966, 5.0
168, 26, 803, 19, 804, 19, -1, 0, 3.141592653589793, 1.0
168, 27, 296, 26, 293, 26, 3, 0, 0.0, 3.0
168, 28, 278, 339, 279, 339, -1, 0, 3.141592653589793, 1.0
168, 29, 307, 327, 308, 327, -1, 0, 3.141592653589793, 1.0
168, 30, 638, 375, 639, 372, -1, 3, 1.892546881191539, 3.1622776601683795
168, 31, 1039, 169, 1040, 173, -1, -4, -1.8157749899217608, 4.123105625617661
168, 32, 253, 389, 254, 389, -1, 0, 3.141592653589793, 1.0
168, 33, 647, 397, 648, 394, -1, 3, 1.892546881191539, 3.1622776601683795
168, 34, 317, 392, 318, 392, -1, 0, 3.141592653589793, 1.0
168, 35, 1191, 131, 1191, 130, 0, 1, 1.5707963267948966, 1.0
168, 36, 466, 428, 466, 433, 0, -5, -1.5707963267948966, 5.0
168, 37, 468, 74, 468, 76, 0, -2, -1.5707963267948966, 2.0
168, 38, 277, 319, 278, 319, -1, 0, 3.141592653589793, 1.0
168, 39, 376, 470, 378, 466, -2, 4, 2.0344439357957027, 4.47213595499958
168, 40, 145, 558, 145, 555, 0, 3, 1.5707963267948966, 3.0
168, 41, 302, 345, 303, 345, -1, 0, 3.141592653589793, 1.0
168, 42, 305, 58, 303, 59, 2, -1, -0.4636476090008061, 2.23606797749979
168, 43, 370, 447, 372, 447, -2, 0, 3.141592653589793, 2.0
168, 44, 794, 83, 794, 85, 0, -2, -1.5707963267948966, 2.0
168, 45, 1189, 203, 1189, 201, 0, 2, 1.5707963267948966, 2.0
168, 46, 787, 248, 788, 245, -1, 3, 1.892546881191539, 3.1622776601683795
168, 47, 707, 312, 707, 316, 0, -4, -1.5707963267948966, 4.0
168, 48, 1212, 143, 1211, 143, 1, 0, 0.0, 1.0
168, 49, 331, 357, 332, 357, -1, 0, 3.141592653589793, 1.0
168, 50, 562, 88, 562, 89, 0, -1, -1.5707963267948966, 1.0
168, 51, 292, 55, 289, 55, 3, 0, 0.0, 3.0
168, 52, 1065, 135, 1066, 137, -1, -2, -2.0344439357957027, 2.23606797749979
168, 53, 1246, 318, 1246, 314, 0, 4, 1.5707963267948966, 4.0
168, 54, 663, 313, 664, 310, -1, 3, 1.892546881191539, 3.1622776601683795
168, 55, 54, 78, 55, 78, -1, 0, 3.141592653589793, 1.0
168, 56, 1055, 133, 1056, 136, -1, -3, -1.892546881191539, 3.1622776601683795
168, 57, 787, 326, 787, 324, 0, 2, 1.5707963267948966, 2.0
168, 58, 700, 302, 700, 306, 0, -4, -1.5707963267948966, 4.0
168, 59, 941, 18, 941, 19, 0, -1, -1.5707963267948966, 1.0
168, 60, 582, 16, 583, 16, -1, 0, 3.141592653589793, 1.0
168, 61, 778, 269, 778, 265, 0, 4, 1.5707963267948966, 4.0
168, 62, 480, 67, 481, 70, -1, -3, -1.892546881191539, 3.1622776601683795
168, 63, 714, 305, 714, 309, 0, -4, -1.5707963267948966, 4.0
168, 64, 618, 452, 618, 448, 0, 4, 1.5707963267948966, 4.0
168, 65, 645, 305, 646, 302, -1, 3, 1.892546881191539, 3.1622776601683795
168, 66, 787, 14, 788, 14, -1, 0, 3.141592653589793, 1.0
168, 67, 489, 21, 489, 22, 0, -1, -1.5707963267948966, 1.0
168, 68, 462, 82, 462, 84, 0, -2, -1.5707963267948966, 2.0
168, 69, 738, 205, 739, 208, -1, -3, -1.892546881191539, 3.1622776601683795
168, 70, 792, 241, 793, 238, -1, 3, 1.892546881191539, 3.1622776601683795
168, 71, 350, 407, 351, 404, -1, 3, 1.892546881191539, 3.1622776601683795
168, 72, 842, 324, 843, 329, -1, -5, -1.7681918866447774, 5.0990195135927845
168, 73, 170, 656, 170, 657, 0, -1, -1.5707963267948966, 1.0
168, 74, 483, 43, 484, 46, -1, -3, -1.892546881191539, 3.1622776601683795
168, 75, 938, 102, 939, 102, -1, 0, 3.141592653589793, 1.0
168, 76, 767, 43, 768, 43, -1, 0, 3.141592653589793, 1.0
168, 77, 1196, 94, 1196, 93, 0, 1, 1.5707963267948966, 1.0
168, 78, 633, 478, 634, 478, -1, 0, 3.141592653589793, 1.0
168, 79, 493, 42, 494, 45, -1, -3, -1.892546881191539, 3.1622776601683795
168, 80, 508, 382, 508, 387, 0, -5, -1.5707963267948966, 5.0
168, 81, 456, 451, 456, 455, 0, -4, -1.5707963267948966, 4.0
168, 82, 265, 381, 266, 381, -1, 0, 3.141592653589793, 1.0
168, 83, 637, 384, 638, 381, -1, 3, 1.892546881191539, 3.1622776601683795
168, 84, 262, 331, 263, 331, -1, 0, 3.141592653589793, 1.0
168, 85, 1185, 163, 1184, 161, 1, 2, 1.1071487177940904, 2.23606797749979
168, 86, 729, 282, 729, 283, 0, -1, -1.5707963267948966, 1.0
168, 87, 359, 543, 361, 540, -2, 3, 2.158798930342464, 3.605551275463989
168, 88, 658, 431, 658, 428, 0, 3, 1.5707963267948966, 3.0
168, 89, 248, 405, 249, 405, -1, 0, 3.141592653589793, 1.0
168, 90, 332, 406, 332, 407, 0, -1, -1.5707963267948966, 1.0
168, 91, 308, 44, 306, 46, 2, -2, -0.7853981633974483, 2.8284271247461903
168, 92, 1210, 407, 1210, 407, 0, 0, 0.0, 0.0
168, 93, 473, 83, 473, 85, 0, -2, -1.5707963267948966, 2.0
168, 94, 74, 151, 75, 151, -1, 0, 3.141592653589793, 1.0
168, 95, 1235, 309, 1235, 305, 0, 4, 1.5707963267948966, 4.0
168, 96, 245, 326, 246, 326, -1, 0, 3.141592653589793, 1.0
168, 97, 295, 78, 295, 78, 0, 0, 0.0, 0.0
168, 98, 330, 366, 331, 366, -1, 0, 3.141592653589793, 1.0
168, 99, 592, 82, 592, 83, 0, -1, -1.5707963267948966, 1.0
168, 100, 30, 437, 27, 436, 3, 1, 0.3217505543966422, 3.1622776601683795
168, 101, 858, 302, 859, 307, -1, -5, -1.7681918866447774, 5.0990195135927845
168, 102, 1174, 251, 1176, 249, -2, 2, 2.356194490192345, 2.8284271247461903
168, 103, 290, 377, 291, 377, -1, 0, 3.141592653589793, 1.0
168, 104, 1237, 126, 1236, 125, 1, 1, 0.7853981633974483, 1.4142135623730951
168, 105, 369, 377, 370, 373, -1, 4, 1.8157749899217608, 4.123105625617661
168, 106, 1237, 84, 1236, 84, 1, 0, 0.0, 1.0
168, 107, 170, 96, 170, 95, 0, 1, 1.5707963267948966, 1.0
168, 108, 366, 478, 367, 475, -1, 3, 1.892546881191539, 3.1622776601683795
168, 109, 148, 77, 149, 76, -1, 1, 2.356194490192345, 1.4142135623730951
168, 110, 278, 306, 279, 306, -1, 0, 3.141592653589793, 1.0
168, 111, 771, 282, 770, 278, 1, 4, 1.3258176636680326, 4.123105625617661
168, 112, 263, 390, 264, 390, -1, 0, 3.141592653589793, 1.0
168, 113, 278, 349, 279, 349, -1, 0, 3.141592653589793, 1.0
168, 114, 471, 160, 471, 162, 0, -2, -1.5707963267948966, 2.0
168, 115, 387, 404, 388, 400, -1, 4, 1.8157749899217608, 4.123105625617661
168, 116, 394, 558, 394, 553, 0, 5, 1.5707963267948966, 5.0
168, 117, 1196, 193, 1196, 190, 0, 3, 1.5707963267948966, 3.0
168, 118, 487, 361, 487, 366, 0, -5, -1.5707963267948966, 5.0
168, 119, 627, 198, 628, 198, -1, 0, 3.141592653589793, 1.0
168, 120, 1231, 426, 1229, 420, 2, 6, 1.2490457723982544, 6.324555320336759
168, 121, 1161, 238, 1162, 238, -1, 0, 3.141592653589793, 1.0
168, 122, 1191, 155, 1190, 153, 1, 2, 1.1071487177940904, 2.23606797749979
168, 123, 1231, 317, 1230, 314, 1, 3, 1.2490457723982544, 3.1622776601683795
168, 124, 146, 22, 147, 21, -1, 1, 2.356194490192345, 1.4142135623730951
168, 125, 1052, 196, 1053, 199, -1, -3, -1.892546881191539, 3.1622776601683795
168, 126, 477, 430, 477, 434, 0, -4, -1.5707963267948966, 4.0
168, 127, 801, 128, 801, 130, 0, -2, -1.5707963267948966, 2.0
168, 128, 925, 95, 926, 95, -1, 0, 3.141592653589793, 1.0
168, 129, 495, 493, 497, 496, -2, -3, -2.158798930342464, 3.605551275463989
168, 130, 637, 166, 638, 165, -1, 1, 2.356194490192345, 1.4142135623730951
168, 131, 647, 297, 648, 294, -1, 3, 1.892546881191539, 3.1622776601683795
168, 132, 714, 291, 713, 295, 1, -4, -1.3258176636680326, 4.123105625617661
168, 133, 1210, 86, 1210, 85, 0, 1, 1.5707963267948966, 1.0
168, 134, 704, 291, 704, 295, 0, -4, -1.5707963267948966, 4.0
168, 135, 615, 160, 616, 157, -1, 3, 1.892546881191539, 3.1622776601683795
168, 136, 992, 19, 992, 19, 0, 0, 0.0, 0.0
168, 137, 150, 53, 151, 52, -1, 1, 2.356194490192345, 1.4142135623730951
168, 138, 1199, 159, 1198, 157, 1, 2, 1.1071487177940904, 2.23606797749979
168, 139, 462, 457, 462, 461, 0, -4, -1.5707963267948966, 4.0
168, 140, 806, 269, 806, 265, 0, 4, 1.5707963267948966, 4.0
168, 141, 15, 436, 12, 435, 3, 1, 0.3217505543966422, 3.1622776601683795
168, 142, 14, 420, 12, 418, 2, 2, 0.7853981633974483, 2.8284271247461903
168, 143, 1243, 309, 1243, 305, 0, 4, 1.5707963267948966, 4.0
168, 144, 354, 368, 355, 364, -1, 4, 1.8157749899217608, 4.123105625617661
168, 145, 514, 438, 514, 442, 0, -4, -1.5707963267948966, 4.0
168, 146, 155, 30, 156, 29, -1, 1, 2.356194490192345, 1.4142135623730951
168, 147, 268, 324, 269, 324, -1, 0, 3.141592653589793, 1.0
168, 148, 933, 95, 934, 95, -1, 0, 3.141592653589793, 1.0
168, 149, 150, 93, 151, 91, -1, 2, 2.0344439357957027, 2.23606797749979
168, 150, 699, 390, 700, 393, -1, -3, -1.892546881191539, 3.1622776601683795
168, 151, 856, 417, 856, 421, 0, -4, -1.5707963267948966, 4.0
168, 152, 811, 287, 811, 283, 0, 4, 1.5707963267948966, 4.0
168, 153, 629, 349, 629, 346, 0, 3, 1.5707963267948966, 3.0
168, 154, 710, 235, 711, 237, -1, -2, -2.0344439357957027, 2.23606797749979
168, 155, 381, 586, 382, 586, -1, 0, 3.141592653589793, 1.0
168, 156, 72, 108, 73, 108, -1, 0, 3.141592653589793, 1.0
168, 157, 230, 321, 231, 321, -1, 0, 3.141592653589793, 1.0
168, 158, 779, 37, 780, 37, -1, 0, 3.141592653589793, 1.0
168, 159, 940, 32, 941, 32, -1, 0, 3.141592653589793, 1.0
168, 160, 795, 133, 795, 135, 0, -2, -1.5707963267948966, 2.0
168, 161, 332, 346, 333, 346, -1, 0, 3.141592653589793, 1.0
168, 162, 659, 307, 660, 304, -1, 3, 1.892546881191539, 3.1622776601683795
168, 163, 324, 342, 325, 342, -1, 0, 3.141592653589793, 1.0
168, 164, 651, 502, 651, 497, 0, 5, 1.5707963267948966, 5.0
169, 0, 509, 423, 509, 428, 0, -5, -1.5707963267948966, 5.0
169, 1, 863, 312, 863, 316, 0, -4, -1.5707963267948966, 4.0
169, 2, 172, 70, 173, 70, -1, 0, 3.141592653589793, 1.0
169, 3, 1245, 365, 1245, 361, 0, 4, 1.5707963267948966, 4.0
169, 4, 301, 358, 302, 358, -1, 0, 3.141592653589793, 1.0
169, 5, 850, 313, 851, 317, -1, -4, -1.8157749899217608, 4.123105625617661
169, 6, 292, 316, 293, 316, -1, 0, 3.141592653589793, 1.0
169, 7, 300, 17, 297, 17, 3, 0, 0.0, 3.0
169, 8, 363, 490, 364, 487, -1, 3, 1.892546881191539, 3.1622776601683795
169, 9, 801, 251, 802, 249, -1, 2, 2.0344439357957027, 2.23606797749979
169, 10, 1065, 122, 1066, 124, -1, -2, -2.0344439357957027, 2.23606797749979
169, 11, 1223, 375, 1223, 372, 0, 3, 1.5707963267948966, 3.0
169, 12, 620, 124, 621, 122, -1, 2, 2.0344439357957027, 2.23606797749979
169, 13, 25, 444, 24, 443, 1, 1, 0.7853981633974483, 1.4142135623730951
169, 14, 132, 623, 131, 619, 1, 4, 1.3258176636680326, 4.123105625617661
169, 15, 484, 370, 485, 374, -1, -4, -1.8157749899217608, 4.123105625617661
169, 16, 130, 570, 129, 567, 1, 3, 1.2490457723982544, 3.1622776601683795
169, 17, 296, 48, 293, 48, 3, 0, 0.0, 3.0
169, 18, 485, 32, 486, 35, -1, -3, -1.892546881191539, 3.1622776601683795
169, 19, 327, 71, 324, 71, 3, 0, 0.0, 3.0
169, 20, 497, 368, 498, 373, -1, -5, -1.7681918866447774, 5.0990195135927845
169, 21, 802, 19, 803, 19, -1, 0, 3.141592653589793, 1.0
169, 22, 300, 26, 296, 26, 4, 0, 0.0, 4.0
169, 23, 277, 339, 278, 339, -1, 0, 3.141592653589793, 1.0
169, 24, 637, 378, 638, 375, -1, 3, 1.892546881191539, 3.1622776601683795
169, 25, 1038, 165, 1039, 169, -1, -4, -1.8157749899217608, 4.123105625617661
169, 26, 252, 389, 253, 389, -1, 0, 3.141592653589793, 1.0
169, 27, 646, 399, 647, 397, -1, 2, 2.0344439357957027, 2.23606797749979
169, 28, 316, 392, 317, 392, -1, 0, 3.141592653589793, 1.0
169, 29, 1191, 132, 1191, 131, 0, 1, 1.5707963267948966, 1.0
169, 30, 466, 423, 466, 428, 0, -5, -1.5707963267948966, 5.0
169, 31, 468, 72, 468, 74, 0, -2, -1.5707963267948966, 2.0
169, 32, 375, 473, 376, 470, -1, 3, 1.892546881191539, 3.1622776601683795
169, 33, 144, 561, 145, 558, -1, 3, 1.892546881191539, 3.1622776601683795
169, 34, 308, 57, 305, 58, 3, -1, -0.3217505543966422, 3.1622776601683795
169, 35, 368, 447, 370, 447, -2, 0, 3.141592653589793, 2.0
169, 36, 794, 81, 794, 83, 0, -2, -1.5707963267948966, 2.0
169, 37, 1189, 205, 1189, 203, 0, 2, 1.5707963267948966, 2.0
169, 38, 786, 251, 787, 248, -1, 3, 1.892546881191539, 3.1622776601683795
169, 39, 707, 307, 707, 312, 0, -5, -1.5707963267948966, 5.0
169, 40, 1213, 143, 1212, 143, 1, 0, 0.0, 1.0
169, 41, 562, 87, 562, 88, 0, -1, -1.5707963267948966, 1.0
169, 42, 295, 55, 292, 55, 3, 0, 0.0, 3.0
169, 43, 1064, 133, 1065, 135, -1, -2, -2.0344439357957027, 2.23606797749979
169, 44, 1246, 322, 1246, 318, 0, 4, 1.5707963267948966, 4.0
169, 45, 662, 315, 663, 313, -1, 2, 2.0344439357957027, 2.23606797749979
169, 46, 53, 78, 54, 78, -1, 0, 3.141592653589793, 1.0
169, 47, 1054, 131, 1055, 133, -1, -2, -2.0344439357957027, 2.23606797749979
169, 48, 786, 326, 787, 326, -1, 0, 3.141592653589793, 1.0
169, 49, 700, 297, 700, 302, 0, -5, -1.5707963267948966, 5.0
169, 50, 940, 18, 941, 18, -1, 0, 3.141592653589793, 1.0
169, 51, 778, 274, 778, 269, 0, 5, 1.5707963267948966, 5.0
169, 52, 479, 64, 480, 67, -1, -3, -1.892546881191539, 3.1622776601683795
169, 53, 714, 300, 714, 305, 0, -5, -1.5707963267948966, 5.0
169, 54, 618, 456, 618, 452, 0, 4, 1.5707963267948966, 4.0
169, 55, 644, 307, 645, 305, -1, 2, 2.0344439357957027, 2.23606797749979
169, 56, 786, 14, 787, 14, -1, 0, 3.141592653589793, 1.0
169, 57, 489, 20, 489, 21, 0, -1, -1.5707963267948966, 1.0
169, 58, 462, 80, 462, 82, 0, -2, -1.5707963267948966, 2.0
169, 59, 737, 203, 738, 205, -1, -2, -2.0344439357957027, 2.23606797749979
169, 60, 791, 244, 792, 241, -1, 3, 1.892546881191539, 3.1622776601683795
169, 61, 348, 410, 350, 407, -2, 3, 2.158798930342464, 3.605551275463989
169, 62, 841, 319, 842, 324, -1, -5, -1.7681918866447774, 5.0990195135927845
169, 63, 170, 655, 170, 656, 0, -1, -1.5707963267948966, 1.0
169, 64, 482, 40, 483, 43, -1, -3, -1.892546881191539, 3.1622776601683795
169, 65, 766, 43, 767, 43, -1, 0, 3.141592653589793, 1.0
169, 66, 1196, 95, 1196, 94, 0, 1, 1.5707963267948966, 1.0
169, 67, 632, 478, 633, 478, -1, 0, 3.141592653589793, 1.0
169, 68, 492, 39, 493, 42, -1, -3, -1.892546881191539, 3.1622776601683795
169, 69, 507, 377, 508, 382, -1, -5, -1.7681918866447774, 5.0990195135927845
169, 70, 456, 448, 456, 451, 0, -3, -1.5707963267948966, 3.0
169, 71, 637, 387, 637, 384, 0, 3, 1.5707963267948966, 3.0
169, 72, 1186, 165, 1185, 163, 1, 2, 1.1071487177940904, 2.23606797749979
169, 73, 728, 280, 729, 282, -1, -2, -2.0344439357957027, 2.23606797749979
169, 74, 357, 546, 359, 543, -2, 3, 2.158798930342464, 3.605551275463989
169, 75, 658, 434, 658, 431, 0, 3, 1.5707963267948966, 3.0
169, 76, 331, 406, 332, 406, -1, 0, 3.141592653589793, 1.0
169, 77, 311, 43, 308, 44, 3, -1, -0.3217505543966422, 3.1622776601683795
169, 78, 473, 81, 473, 83, 0, -2, -1.5707963267948966, 2.0
169, 79, 73, 151, 74, 151, -1, 0, 3.141592653589793, 1.0
169, 80, 1235, 313, 1235, 309, 0, 4, 1.5707963267948966, 4.0
169, 81, 295, 78, 295, 78, 0, 0, 0.0, 0.0
169, 82, 592, 81, 592, 82, 0, -1, -1.5707963267948966, 1.0
169, 83, 32, 438, 30, 437, 2, 1, 0.4636476090008061, 2.23606797749979
169, 84, 858, 297, 858, 302, 0, -5, -1.5707963267948966, 5.0
169, 85, 1173, 252, 1174, 251, -1, 1, 2.356194490192345, 1.4142135623730951
169, 86, 1238, 127, 1237, 126, 1, 1, 0.7853981633974483, 1.4142135623730951
169, 87, 367, 380, 369, 377, -2, 3, 2.158798930342464, 3.605551275463989
169, 88, 1237, 84, 1237, 84, 0, 0, 0.0, 0.0
169, 89, 169, 97, 170, 96, -1, 1, 2.356194490192345, 1.4142135623730951
169, 90, 365, 481, 366, 478, -1, 3, 1.892546881191539, 3.1622776601683795
169, 91, 147, 78, 148, 77, -1, 1, 2.356194490192345, 1.4142135623730951
169, 92, 277, 306, 278, 306, -1, 0, 3.141592653589793, 1.0
169, 93, 771, 287, 771, 282, 0, 5, 1.5707963267948966, 5.0
169, 94, 471, 158, 471, 160, 0, -2, -1.5707963267948966, 2.0
169, 95, 386, 408, 387, 404, -1, 4, 1.8157749899217608, 4.123105625617661
169, 96, 394, 563, 394, 558, 0, 5, 1.5707963267948966, 5.0
169, 97, 1196, 196, 1196, 193, 0, 3, 1.5707963267948966, 3.0
169, 98, 486, 356, 487, 361, -1, -5, -1.7681918866447774, 5.0990195135927845
169, 99, 1233, 429, 1231, 426, 2, 3, 0.982793723247329, 3.605551275463989
169, 100, 1160, 238, 1161, 238, -1, 0, 3.141592653589793, 1.0
169, 101, 1191, 156, 1191, 155, 0, 1, 1.5707963267948966, 1.0
169, 102, 1232, 320, 1231, 317, 1, 3, 1.2490457723982544, 3.1622776601683795
169, 103, 145, 22, 146, 22, -1, 0, 3.141592653589793, 1.0
169, 104, 1051, 193, 1052, 196, -1, -3, -1.892546881191539, 3.1622776601683795
169, 105, 477, 426, 477, 430, 0, -4, -1.5707963267948966, 4.0
169, 106, 800, 126, 801, 128, -1, -2, -2.0344439357957027, 2.23606797749979
169, 107, 924, 95, 925, 95, -1, 0, 3.141592653589793, 1.0
169, 108, 494, 488, 495, 493, -1, -5, -1.7681918866447774, 5.0990195135927845
169, 109, 636, 167, 637, 166, -1, 1, 2.356194490192345, 1.4142135623730951
169, 110, 646, 299, 647, 297, -1, 2, 2.0344439357957027, 2.23606797749979
169, 111, 715, 286, 714, 291, 1, -5, -1.373400766945016, 5.0990195135927845
169, 112, 1210, 87, 1210, 86, 0, 1, 1.5707963267948966, 1.0
169, 113, 704, 286, 704, 291, 0, -5, -1.5707963267948966, 5.0
169, 114, 614, 162, 615, 160, -1, 2, 2.0344439357957027, 2.23606797749979
169, 115, 993, 19, 992, 19, 1, 0, 0.0, 1.0
169, 116, 149, 54, 150, 53, -1, 1, 2.356194490192345, 1.4142135623730951
169, 117, 1200, 161, 1199, 159, 1, 2, 1.1071487177940904, 2.23606797749979
169, 118, 463, 454, 462, 457, 1, -3, -1.2490457723982544, 3.1622776601683795
169, 119, 805, 272, 806, 269, -1, 3, 1.892546881191539, 3.1622776601683795
169, 120, 17, 437, 15, 436, 2, 1, 0.4636476090008061, 2.23606797749979
169, 121, 16, 422, 14, 420, 2, 2, 0.7853981633974483, 2.8284271247461903
169, 122, 1243, 313, 1243, 309, 0, 4, 1.5707963267948966, 4.0
169, 123, 353, 372, 354, 368, -1, 4, 1.8157749899217608, 4.123105625617661
169, 124, 514, 433, 514, 438, 0, -5, -1.5707963267948966, 5.0
169, 125, 154, 31, 155, 30, -1, 1, 2.356194490192345, 1.4142135623730951
169, 126, 932, 95, 933, 95, -1, 0, 3.141592653589793, 1.0
169, 127, 149, 95, 150, 93, -1, 2, 2.0344439357957027, 2.23606797749979
169, 128, 698, 386, 699, 390, -1, -4, -1.8157749899217608, 4.123105625617661
169, 129, 856, 411, 856, 417, 0, -6, -1.5707963267948966, 6.0
169, 130, 811, 291, 811, 287, 0, 4, 1.5707963267948966, 4.0
169, 131, 628, 351, 629, 349, -1, 2, 2.0344439357957027, 2.23606797749979
169, 132, 71, 108, 72, 108, -1, 0, 3.141592653589793, 1.0
169, 133, 229, 321, 230, 321, -1, 0, 3.141592653589793, 1.0
169, 134, 778, 37, 779, 37, -1, 0, 3.141592653589793, 1.0
169, 135, 939, 32, 940, 32, -1, 0, 3.141592653589793, 1.0
169, 136, 795, 131, 795, 133, 0, -2, -1.5707963267948966, 2.0
169, 137, 658, 309, 659, 307, -1, 2, 2.0344439357957027, 2.23606797749979
169, 138, 323, 342, 324, 342, -1, 0, 3.141592653589793, 1.0
169, 139, 649, 506, 651, 502, -2, 4, 2.0344439357957027, 4.47213595499958
170, 0, 864, 312, 864, 316, 0, -4, -1.5707963267948966, 4.0
170, 1, 326, 72, 325, 71, 1, 1, 0.7853981633974483, 1.4142135623730951
170, 2, 173, 71, 173, 70, 0, 1, 1.5707963267948966, 1.0
170, 3, 1224, 376, 1224, 373, 0, 3, 1.5707963267948966, 3.0
170, 4, 302, 360, 303, 360, -1, 0, 3.141592653589793, 1.0
170, 5, 366, 491, 366, 488, 0, 3, 1.5707963267948966, 3.0
170, 6, 132, 624, 131, 620, 1, 4, 1.3258176636680326, 4.123105625617661
170, 7, 850, 312, 851, 316, -1, -4, -1.8157749899217608, 4.123105625617661
170, 8, 292, 317, 293, 317, -1, 0, 3.141592653589793, 1.0
170, 9, 301, 17, 298, 18, 3, -1, -0.3217505543966422, 3.1622776601683795
170, 10, 130, 575, 129, 571, 1, 4, 1.3258176636680326, 4.123105625617661
170, 11, 801, 250, 802, 249, -1, 1, 2.356194490192345, 1.4142135623730951
170, 12, 497, 368, 498, 373, -1, -5, -1.7681918866447774, 5.0990195135927845
170, 13, 1066, 122, 1067, 124, -1, -2, -2.0344439357957027, 2.23606797749979
170, 14, 620, 124, 621, 122, -1, 2, 2.0344439357957027, 2.23606797749979
170, 15, 484, 369, 485, 373, -1, -4, -1.8157749899217608, 4.123105625617661
170, 16, 1247, 367, 1246, 363, 1, 4, 1.3258176636680326, 4.123105625617661
170, 17, 278, 339, 279, 339, -1, 0, 3.141592653589793, 1.0
170, 18, 1038, 165, 1039, 169, -1, -4, -1.8157749899217608, 4.123105625617661
170, 19, 468, 72, 468, 74, 0, -2, -1.5707963267948966, 2.0
170, 20, 172, 656, 171, 657, 1, -1, -0.7853981633974483, 1.4142135623730951
170, 21, 296, 60, 294, 61, 2, -1, -0.4636476090008061, 2.23606797749979
170, 22, 646, 401, 647, 398, -1, 3, 1.892546881191539, 3.1622776601683795
170, 23, 467, 422, 467, 427, 0, -5, -1.5707963267948966, 5.0
170, 24, 309, 58, 306, 59, 3, -1, -0.3217505543966422, 3.1622776601683795
170, 25, 317, 392, 318, 392, -1, 0, 3.141592653589793, 1.0
170, 26, 801, 20, 802, 20, -1, 0, 3.141592653589793, 1.0
170, 27, 638, 377, 638, 375, 0, 2, 1.5707963267948966, 2.0
170, 28, 25, 445, 24, 444, 1, 1, 0.7853981633974483, 1.4142135623730951
170, 29, 1191, 132, 1191, 131, 0, 1, 1.5707963267948966, 1.0
170, 30, 637, 387, 637, 384, 0, 3, 1.5707963267948966, 3.0
170, 31, 708, 307, 708, 312, 0, -5, -1.5707963267948966, 5.0
170, 32, 297, 48, 294, 49, 3, -1, -0.3217505543966422, 3.1622776601683795
170, 33, 794, 82, 794, 83, 0, -1, -1.5707963267948966, 1.0
170, 34, 146, 566, 147, 563, -1, 3, 1.892546881191539, 3.1622776601683795
170, 35, 300, 26, 296, 27, 4, -1, -0.24497866312686414, 4.123105625617661
170, 36, 485, 33, 486, 35, -1, -2, -2.0344439357957027, 2.23606797749979
170, 37, 701, 297, 701, 302, 0, -5, -1.5707963267948966, 5.0
170, 38, 456, 445, 456, 448, 0, -3, -1.5707963267948966, 3.0
170, 39, 53, 79, 54, 79, -1, 0, 3.141592653589793, 1.0
170, 40, 1192, 206, 1191, 205, 1, 1, 0.7853981633974483, 1.4142135623730951
170, 41, 786, 325, 787, 325, -1, 0, 3.141592653589793, 1.0
170, 42, 350, 413, 351, 410, -1, 3, 1.892546881191539, 3.1622776601683795
170, 43, 663, 315, 664, 313, -1, 2, 2.0344439357957027, 2.23606797749979
170, 44, 471, 160, 472, 162, -1, -2, -2.0344439357957027, 2.23606797749979
170, 45, 1054, 132, 1055, 134, -1, -2, -2.0344439357957027, 2.23606797749979
170, 46, 126, 629, 125, 624, 1, 5, 1.373400766945016, 5.0990195135927845
170, 47, 1247, 323, 1247, 319, 0, 4, 1.5707963267948966, 4.0
170, 48, 940, 19, 941, 19, -1, 0, 3.141592653589793, 1.0
170, 49, 1214, 143, 1213, 142, 1, 1, 0.7853981633974483, 1.4142135623730951
170, 50, 786, 250, 787, 248, -1, 2, 2.0344439357957027, 2.23606797749979
170, 51, 480, 63, 481, 66, -1, -3, -1.892546881191539, 3.1622776601683795
170, 52, 563, 14, 564, 16, -1, -2, -2.0344439357957027, 2.23606797749979
170, 53, 510, 419, 510, 425, 0, -6, -1.5707963267948966, 6.0
170, 54, 842, 320, 843, 324, -1, -4, -1.8157749899217608, 4.123105625617661
170, 55, 371, 475, 372, 471, -1, 4, 1.8157749899217608, 4.123105625617661
170, 56, 786, 15, 787, 15, -1, 0, 3.141592653589793, 1.0
170, 57, 492, 40, 493, 43, -1, -3, -1.892546881191539, 3.1622776601683795
170, 58, 619, 457, 619, 453, 0, 4, 1.5707963267948966, 4.0
170, 59, 715, 300, 715, 305, 0, -5, -1.5707963267948966, 5.0
170, 60, 462, 81, 462, 83, 0, -2, -1.5707963267948966, 2.0
170, 61, 297, 77, 296, 77, 1, 0, 0.0, 1.0
170, 62, 562, 87, 562, 89, 0, -2, -1.5707963267948966, 2.0
170, 63, 937, 102, 938, 102, -1, 0, 3.141592653589793, 1.0
170, 64, 488, 21, 488, 22, 0, -1, -1.5707963267948966, 1.0
170, 65, 766, 43, 767, 43, -1, 0, 3.141592653589793, 1.0
170, 66, 644, 307, 645, 305, -1, 2, 2.0344439357957027, 2.23606797749979
170, 67, 738, 204, 739, 206, -1, -2, -2.0344439357957027, 2.23606797749979
170, 68, 473, 81, 473, 83, 0, -2, -1.5707963267948966, 2.0
170, 69, 483, 41, 484, 44, -1, -3, -1.892546881191539, 3.1622776601683795
170, 70, 1197, 96, 1197, 95, 0, 1, 1.5707963267948966, 1.0
170, 71, 504, 428, 504, 433, 0, -5, -1.5707963267948966, 5.0
170, 72, 791, 243, 792, 241, -1, 2, 2.0344439357957027, 2.23606797749979
170, 73, 798, 243, 799, 241, -1, 2, 2.0344439357957027, 2.23606797749979
170, 74, 805, 105, 805, 106, 0, -1, -1.5707963267948966, 1.0
170, 75, 166, 686, 165, 686, 1, 0, 0.0, 1.0
170, 76, 507, 377, 508, 382, -1, -5, -1.7681918866447774, 5.0990195135927845
170, 77, 331, 407, 332, 407, -1, 0, 3.141592653589793, 1.0
170, 78, 1238, 429, 1236, 426, 2, 3, 0.982793723247329, 3.605551275463989
170, 79, 368, 381, 369, 377, -1, 4, 1.8157749899217608, 4.123105625617661
170, 80, 632, 478, 633, 478, -1, 0, 3.141592653589793, 1.0
170, 81, 74, 151, 75, 151, -1, 0, 3.141592653589793, 1.0
170, 82, 772, 287, 772, 283, 0, 4, 1.5707963267948966, 4.0
170, 83, 994, 19, 992, 19, 2, 0, 0.0, 2.0
170, 84, 660, 435, 659, 431, 1, 4, 1.3258176636680326, 4.123105625617661
170, 85, 365, 483, 366, 479, -1, 4, 1.8157749899217608, 4.123105625617661
170, 86, 264, 381, 265, 381, -1, 0, 3.141592653589793, 1.0
170, 87, 462, 451, 461, 454, 1, -3, -1.2490457723982544, 3.1622776601683795
170, 88, 633, 166, 635, 166, -2, 0, 3.141592653589793, 2.0
170, 89, 1208, 407, 1209, 407, -1, 0, 3.141592653589793, 1.0
170, 90, 391, 564, 391, 560, 0, 4, 1.5707963267948966, 4.0
170, 91, 247, 405, 248, 405, -1, 0, 3.141592653589793, 1.0
170, 92, 148, 80, 149, 78, -1, 2, 2.0344439357957027, 2.23606797749979
170, 93, 1034, 21, 1032, 20, 2, 1, 0.4636476090008061, 2.23606797749979
170, 94, 613, 163, 615, 161, -2, 2, 2.356194490192345, 2.8284271247461903
170, 95, 487, 356, 488, 361, -1, -5, -1.7681918866447774, 5.0990195135927845
170, 96, 591, 83, 591, 84, 0, -1, -1.5707963267948966, 1.0
170, 97, 313, 45, 310, 46, 3, -1, -0.3217505543966422, 3.1622776601683795
170, 98, 857, 408, 857, 415, 0, -7, -1.5707963267948966, 7.0
170, 99, 858, 297, 858, 302, 0, -5, -1.5707963267948966, 5.0
170, 100, 10, 463, 10, 462, 0, 1, 1.5707963267948966, 1.0
170, 101, 1237, 314, 1236, 310, 1, 4, 1.3258176636680326, 4.123105625617661
170, 102, 1161, 238, 1162, 238, -1, 0, 3.141592653589793, 1.0
170, 103, 719, 342, 719, 346, 0, -4, -1.5707963267948966, 4.0
170, 104, 517, 430, 516, 436, 1, -6, -1.4056476493802699, 6.082762530298219
170, 105, 21, 414, 20, 412, 1, 2, 1.1071487177940904, 2.23606797749979
170, 106, 925, 95, 926, 95, -1, 0, 3.141592653589793, 1.0
170, 107, 170, 96, 171, 95, -1, 1, 2.356194490192345, 1.4142135623730951
170, 108, 386, 408, 387, 404, -1, 4, 1.8157749899217608, 4.123105625617661
170, 109, 145, 23, 146, 22, -1, 1, 2.356194490192345, 1.4142135623730951
170, 110, 370, 447, 371, 447, -1, 0, 3.141592653589793, 1.0
170, 111, 1196, 155, 1195, 154, 1, 1, 0.7853981633974483, 1.4142135623730951
170, 112, 1179, 258, 1180, 258, -1, 0, 3.141592653589793, 1.0
170, 113, 32, 439, 30, 438, 2, 1, 0.4636476090008061, 2.23606797749979
170, 114, 478, 430, 478, 433, 0, -3, -1.5707963267948966, 3.0
170, 115, 278, 306, 279, 306, -1, 0, 3.141592653589793, 1.0
170, 116, 871, 318, 871, 322, 0, -4, -1.5707963267948966, 4.0
170, 117, 933, 95, 934, 95, -1, 0, 3.141592653589793, 1.0
170, 118, 1211, 88, 1211, 87, 0, 1, 1.5707963267948966, 1.0
170, 119, 150, 55, 151, 54, -1, 1, 2.356194490192345, 1.4142135623730951
170, 120, 1238, 85, 1237, 85, 1, 0, 0.0, 1.0
170, 121, 1221, 163, 1222, 163, -1, 0, 3.141592653589793, 1.0
170, 122, 1200, 162, 1199, 160, 1, 2, 1.1071487177940904, 2.23606797749979
170, 123, 782, 120, 782, 122, 0, -2, -1.5707963267948966, 2.0
170, 124, 375, 470, 377, 466, -2, 4, 2.0344439357957027, 4.47213595499958
170, 125, 1233, 323, 1232, 320, 1, 3, 1.2490457723982544, 3.1622776601683795
170, 126, 468, 456, 468, 461, 0, -5, -1.5707963267948966, 5.0
170, 127, 646, 299, 647, 297, -1, 2, 2.0344439357957027, 2.23606797749979
170, 128, 479, 150, 479, 153, 0, -3, -1.5707963267948966, 3.0
170, 129, 811, 291, 811, 287, 0, 4, 1.5707963267948966, 4.0
170, 130, 155, 31, 156, 30, -1, 1, 2.356194490192345, 1.4142135623730951
170, 131, 401, 546, 401, 543, 0, 3, 1.5707963267948966, 3.0
170, 132, 380, 586, 381, 586, -1, 0, 3.141592653589793, 1.0
170, 133, 150, 95, 151, 93, -1, 2, 2.0344439357957027, 2.23606797749979
170, 134, 1219, 138, 1218, 137, 1, 1, 0.7853981633974483, 1.4142135623730951
170, 135, 71, 108, 72, 108, -1, 0, 3.141592653589793, 1.0
170, 136, 184, 621, 183, 617, 1, 4, 1.3258176636680326, 4.123105625617661
170, 137, 1199, 195, 1198, 193, 1, 2, 1.1071487177940904, 2.23606797749979
170, 138, 693, 333, 693, 338, 0, -5, -1.5707963267948966, 5.0
170, 139, 649, 506, 651, 502, -2, 4, 2.0344439357957027, 4.47213595499958
170, 140, 775, 48, 776, 48, -1, 0, 3.141592653589793, 1.0
170, 141, 704, 286, 704, 291, 0, -5, -1.5707963267948966, 5.0
170, 142, 940, 32, 941, 32, -1, 0, 3.141592653589793, 1.0
170, 143, 397, 569, 397, 565, 0, 4, 1.5707963267948966, 4.0
170, 144, 1245, 314, 1244, 310, 1, 4, 1.3258176636680326, 4.123105625617661
170, 145, 354, 372, 355, 368, -1, 4, 1.8157749899217608, 4.123105625617661
170, 146, 802, 125, 803, 127, -1, -2, -2.0344439357957027, 2.23606797749979
170, 147, 805, 271, 806, 269, -1, 2, 2.0344439357957027, 2.23606797749979
170, 148, 1201, 170, 1200, 168, 1, 2, 1.1071487177940904, 2.23606797749979
170, 149, 637, 47, 638, 47, -1, 0, 3.141592653589793, 1.0
170, 150, 229, 321, 230, 321, -1, 0, 3.141592653589793, 1.0
170, 151, 156, 569, 157, 566, -1, 3, 1.892546881191539, 3.1622776601683795
170, 152, 658, 309, 659, 307, -1, 2, 2.0344439357957027, 2.23606797749979
170, 153, 361, 372, 362, 368, -1, 4, 1.8157749899217608, 4.123105625617661
170, 154, 631, 337, 632, 335, -1, 2, 2.0344439357957027, 2.23606797749979
170, 155, 715, 287, 715, 292, 0, -5, -1.5707963267948966, 5.0
170, 156, 18, 439, 16, 438, 2, 1, 0.4636476090008061, 2.23606797749979
170, 157, 708, 298, 708, 303, 0, -5, -1.5707963267948966, 5.0
170, 158, 301, 386, 302, 386, -1, 0, 3.141592653589793, 1.0
170, 159, 472, 378, 474, 382, -2, -4, -2.0344439357957027, 4.47213595499958
171, 0, 864, 308, 864, 312, 0, -4, -1.5707963267948966, 4.0
171, 1, 327, 72, 326, 72, 1, 0, 0.0, 1.0
171, 2, 173, 72, 173, 71, 0, 1, 1.5707963267948966, 1.0
171, 3, 1225, 379, 1224, 376, 1, 3, 1.2490457723982544, 3.1622776601683795
171, 4, 301, 360, 302, 360, -1, 0, 3.141592653589793, 1.0
171, 5, 365, 494, 366, 491, -1, 3, 1.892546881191539, 3.1622776601683795
171, 6, 133, 628, 132, 624, 1, 4, 1.3258176636680326, 4.123105625617661
171, 7, 850, 308, 850, 312, 0, -4, -1.5707963267948966, 4.0
171, 8, 304, 16, 301, 17, 3, -1, -0.3217505543966422, 3.1622776601683795
171, 9, 130, 579, 130, 575, 0, 4, 1.5707963267948966, 4.0
171, 10, 801, 251, 801, 250, 0, 1, 1.5707963267948966, 1.0
171, 11, 496, 363, 497, 368, -1, -5, -1.7681918866447774, 5.0990195135927845
171, 12, 1065, 120, 1066, 122, -1, -2, -2.0344439357957027, 2.23606797749979
171, 13, 618, 125, 620, 124, -2, 1, 2.677945044588987, 2.23606797749979
171, 14, 483, 365, 484, 369, -1, -4, -1.8157749899217608, 4.123105625617661
171, 15, 1249, 370, 1247, 367, 2, 3, 0.982793723247329, 3.605551275463989
171, 16, 1037, 162, 1038, 165, -1, -3, -1.892546881191539, 3.1622776601683795
171, 17, 468, 70, 468, 72, 0, -2, -1.5707963267948966, 2.0
171, 18, 172, 655, 172, 656, 0, -1, -1.5707963267948966, 1.0
171, 19, 300, 59, 296, 60, 4, -1, -0.24497866312686414, 4.123105625617661
171, 20, 646, 404, 646, 401, 0, 3, 1.5707963267948966, 3.0
171, 21, 466, 418, 467, 422, -1, -4, -1.8157749899217608, 4.123105625617661
171, 22, 312, 58, 309, 58, 3, 0, 0.0, 3.0
171, 23, 800, 20, 801, 20, -1, 0, 3.141592653589793, 1.0
171, 24, 637, 379, 638, 377, -1, 2, 2.0344439357957027, 2.23606797749979
171, 25, 26, 447, 25, 445, 1, 2, 1.1071487177940904, 2.23606797749979
171, 26, 1191, 133, 1191, 132, 0, 1, 1.5707963267948966, 1.0
171, 27, 637, 391, 637, 387, 0, 4, 1.5707963267948966, 4.0
171, 28, 707, 302, 708, 307, -1, -5, -1.7681918866447774, 5.0990195135927845
171, 29, 300, 47, 297, 48, 3, -1, -0.3217505543966422, 3.1622776601683795
171, 30, 794, 81, 794, 82, 0, -1, -1.5707963267948966, 1.0
171, 31, 145, 570, 146, 566, -1, 4, 1.8157749899217608, 4.123105625617661
171, 32, 304, 25, 300, 26, 4, -1, -0.24497866312686414, 4.123105625617661
171, 33, 485, 31, 485, 33, 0, -2, -1.5707963267948966, 2.0
171, 34, 701, 292, 701, 297, 0, -5, -1.5707963267948966, 5.0
171, 35, 456, 442, 456, 445, 0, -3, -1.5707963267948966, 3.0
171, 36, 52, 79, 53, 79, -1, 0, 3.141592653589793, 1.0
171, 37, 1193, 207, 1192, 206, 1, 1, 0.7853981633974483, 1.4142135623730951
171, 38, 786, 325, 786, 325, 0, 0, 0.0, 0.0
171, 39, 348, 416, 350, 413, -2, 3, 2.158798930342464, 3.605551275463989
171, 40, 662, 316, 663, 315, -1, 1, 2.356194490192345, 1.4142135623730951
171, 41, 470, 158, 471, 160, -1, -2, -2.0344439357957027, 2.23606797749979
171, 42, 1053, 130, 1054, 132, -1, -2, -2.0344439357957027, 2.23606797749979
171, 43, 127, 633, 126, 629, 1, 4, 1.3258176636680326, 4.123105625617661
171, 44, 1248, 327, 1247, 323, 1, 4, 1.3258176636680326, 4.123105625617661
171, 45, 939, 19, 940, 19, -1, 0, 3.141592653589793, 1.0
171, 46, 1214, 144, 1214, 143, 0, 1, 1.5707963267948966, 1.0
171, 47, 786, 251, 786, 250, 0, 1, 1.5707963267948966, 1.0
171, 48, 479, 60, 480, 63, -1, -3, -1.892546881191539, 3.1622776601683795
171, 49, 562, 12, 563, 14, -1, -2, -2.0344439357957027, 2.23606797749979
171, 50, 510, 413, 510, 419, 0, -6, -1.5707963267948966, 6.0
171, 51, 841, 316, 842, 320, -1, -4, -1.8157749899217608, 4.123105625617661
171, 52, 370, 478, 371, 475, -1, 3, 1.892546881191539, 3.1622776601683795
171, 53, 785, 15, 786, 15, -1, 0, 3.141592653589793, 1.0
171, 54, 491, 37, 492, 40, -1, -3, -1.892546881191539, 3.1622776601683795
171, 55, 619, 460, 619, 457, 0, 3, 1.5707963267948966, 3.0
171, 56, 714, 295, 715, 300, -1, -5, -1.7681918866447774, 5.0990195135927845
171, 57, 462, 79, 462, 81, 0, -2, -1.5707963267948966, 2.0
171, 58, 299, 77, 297, 77, 2, 0, 0.0, 2.0
171, 59, 562, 85, 562, 87, 0, -2, -1.5707963267948966, 2.0
171, 60, 488, 19, 488, 21, 0, -2, -1.5707963267948966, 2.0
171, 61, 765, 43, 766, 43, -1, 0, 3.141592653589793, 1.0
171, 62, 643, 308, 644, 307, -1, 1, 2.356194490192345, 1.4142135623730951
171, 63, 737, 202, 738, 204, -1, -2, -2.0344439357957027, 2.23606797749979
171, 64, 473, 80, 473, 81, 0, -1, -1.5707963267948966, 1.0
171, 65, 482, 38, 483, 41, -1, -3, -1.892546881191539, 3.1622776601683795
171, 66, 1197, 97, 1197, 96, 0, 1, 1.5707963267948966, 1.0
171, 67, 503, 424, 504, 428, -1, -4, -1.8157749899217608, 4.123105625617661
171, 68, 790, 244, 791, 243, -1, 1, 2.356194490192345, 1.4142135623730951
171, 69, 797, 244, 798, 243, -1, 1, 2.356194490192345, 1.4142135623730951
171, 70, 167, 684, 166, 686, 1, -2, -1.1071487177940904, 2.23606797749979
171, 71, 506, 372, 507, 377, -1, -5, -1.7681918866447774, 5.0990195135927845
171, 72, 1239, 432, 1238, 429, 1, 3, 1.2490457723982544, 3.1622776601683795
171, 73, 366, 384, 368, 381, -2, 3, 2.158798930342464, 3.605551275463989
171, 74, 632, 478, 632, 478, 0, 0, 0.0, 0.0
171, 75, 73, 151, 74, 151, -1, 0, 3.141592653589793, 1.0
171, 76, 772, 290, 772, 287, 0, 3, 1.5707963267948966, 3.0
171, 77, 996, 19, 994, 19, 2, 0, 0.0, 2.0
171, 78, 661, 439, 660, 435, 1, 4, 1.3258176636680326, 4.123105625617661
171, 79, 364, 487, 365, 483, -1, 4, 1.8157749899217608, 4.123105625617661
171, 80, 463, 448, 462, 451, 1, -3, -1.2490457723982544, 3.1622776601683795
171, 81, 631, 166, 633, 166, -2, 0, 3.141592653589793, 2.0
171, 82, 1208, 407, 1208, 407, 0, 0, 0.0, 0.0
171, 83, 391, 567, 391, 564, 0, 3, 1.5707963267948966, 3.0
171, 84, 148, 81, 148, 80, 0, 1, 1.5707963267948966, 1.0
171, 85, 1035, 21, 1034, 21, 1, 0, 0.0, 1.0
171, 86, 611, 165, 613, 163, -2, 2, 2.356194490192345, 2.8284271247461903
171, 87, 486, 351, 487, 356, -1, -5, -1.7681918866447774, 5.0990195135927845
171, 88, 316, 45, 313, 45, 3, 0, 0.0, 3.0
171, 89, 857, 402, 857, 408, 0, -6, -1.5707963267948966, 6.0
171, 90, 858, 292, 858, 297, 0, -5, -1.5707963267948966, 5.0
171, 91, 10, 462, 10, 463, 0, -1, -1.5707963267948966, 1.0
171, 92, 1238, 318, 1237, 314, 1, 4, 1.3258176636680326, 4.123105625617661
171, 93, 1161, 238, 1161, 238, 0, 0, 0.0, 0.0
171, 94, 719, 337, 719, 342, 0, -5, -1.5707963267948966, 5.0
171, 95, 517, 425, 517, 430, 0, -5, -1.5707963267948966, 5.0
171, 96, 22, 416, 21, 414, 1, 2, 1.1071487177940904, 2.23606797749979
171, 97, 169, 97, 170, 96, -1, 1, 2.356194490192345, 1.4142135623730951
171, 98, 385, 412, 386, 408, -1, 4, 1.8157749899217608, 4.123105625617661
171, 99, 144, 24, 145, 23, -1, 1, 2.356194490192345, 1.4142135623730951
171, 100, 368, 447, 370, 447, -2, 0, 3.141592653589793, 2.0
171, 101, 1196, 156, 1196, 155, 0, 1, 1.5707963267948966, 1.0
171, 102, 1178, 258, 1179, 258, -1, 0, 3.141592653589793, 1.0
171, 103, 33, 441, 32, 439, 1, 2, 1.1071487177940904, 2.23606797749979
171, 104, 478, 426, 478, 430, 0, -4, -1.5707963267948966, 4.0
171, 105, 871, 314, 871, 318, 0, -4, -1.5707963267948966, 4.0
171, 106, 1211, 89, 1211, 88, 0, 1, 1.5707963267948966, 1.0
171, 107, 149, 56, 150, 55, -1, 1, 2.356194490192345, 1.4142135623730951
171, 108, 1238, 85, 1238, 85, 0, 0, 0.0, 0.0
171, 109, 1220, 163, 1221, 163, -1, 0, 3.141592653589793, 1.0
171, 110, 1201, 163, 1200, 162, 1, 1, 0.7853981633974483, 1.4142135623730951
171, 111, 374, 473, 375, 470, -1, 3, 1.892546881191539, 3.1622776601683795
171, 112, 1234, 326, 1233, 323, 1, 3, 1.2490457723982544, 3.1622776601683795
171, 113, 468, 451, 468, 456, 0, -5, -1.5707963267948966, 5.0
171, 114, 645, 301, 646, 299, -1, 2, 2.0344439357957027, 2.23606797749979
171, 115, 479, 146, 479, 150, 0, -4, -1.5707963267948966, 4.0
171, 116, 811, 293, 811, 291, 0, 2, 1.5707963267948966, 2.0
171, 117, 154, 32, 155, 31, -1, 1, 2.356194490192345, 1.4142135623730951
171, 118, 400, 547, 401, 546, -1, 1, 2.356194490192345, 1.4142135623730951
171, 119, 379, 586, 380, 586, -1, 0, 3.141592653589793, 1.0
171, 120, 149, 96, 150, 95, -1, 1, 2.356194490192345, 1.4142135623730951
171, 121, 1219, 139, 1219, 138, 0, 1, 1.5707963267948966, 1.0
171, 122, 70, 108, 71, 108, -1, 0, 3.141592653589793, 1.0
171, 123, 185, 625, 184, 621, 1, 4, 1.3258176636680326, 4.123105625617661
171, 124, 1199, 196, 1199, 195, 0, 1, 1.5707963267948966, 1.0
171, 125, 693, 328, 693, 333, 0, -5, -1.5707963267948966, 5.0
171, 126, 649, 508, 649, 506, 0, 2, 1.5707963267948966, 2.0
171, 127, 774, 48, 775, 48, -1, 0, 3.141592653589793, 1.0
171, 128, 704, 281, 704, 286, 0, -5, -1.5707963267948966, 5.0
171, 129, 939, 32, 940, 32, -1, 0, 3.141592653589793, 1.0
171, 130, 397, 572, 397, 569, 0, 3, 1.5707963267948966, 3.0
171, 131, 1246, 318, 1245, 314, 1, 4, 1.3258176636680326, 4.123105625617661
171, 132, 353, 376, 354, 372, -1, 4, 1.8157749899217608, 4.123105625617661
171, 133, 801, 123, 802, 125, -1, -2, -2.0344439357957027, 2.23606797749979
171, 134, 805, 272, 805, 271, 0, 1, 1.5707963267948966, 1.0
171, 135, 1201, 171, 1201, 170, 0, 1, 1.5707963267948966, 1.0
171, 136, 155, 572, 156, 569, -1, 3, 1.892546881191539, 3.1622776601683795
171, 137, 657, 310, 658, 309, -1, 1, 2.356194490192345, 1.4142135623730951
171, 138, 360, 376, 361, 372, -1, 4, 1.8157749899217608, 4.123105625617661
171, 139, 630, 339, 631, 337, -1, 2, 2.0344439357957027, 2.23606797749979
171, 140, 714, 282, 715, 287, -1, -5, -1.7681918866447774, 5.0990195135927845
171, 141, 18, 440, 18, 439, 0, 1, 1.5707963267948966, 1.0
171, 142, 707, 293, 708, 298, -1, -5, -1.7681918866447774, 5.0990195135927845
171, 143, 470, 374, 472, 378, -2, -4, -2.0344439357957027, 4.47213595499958
172, 0, 1227, 381, 1225, 378, 2, 3, 0.982793723247329, 3.605551275463989
172, 1, 864, 306, 864, 310, 0, -4, -1.5707963267948966, 4.0
172, 2, 132, 626, 133, 626, -1, 0, 3.141592653589793, 1.0
172, 3, 595, 11, 596, 13, -1, -2, -2.0344439357957027, 2.23606797749979
172, 4, 852, 307, 852, 310, 0, -3, -1.5707963267948966, 3.0
172, 5, 172, 74, 173, 72, -1, 2, 2.0344439357957027, 2.23606797749979
172, 6, 365, 493, 365, 491, 0, 2, 1.5707963267948966, 2.0
172, 7, 293, 317, 293, 317, 0, 0, 0.0, 0.0
172, 8, 617, 126, 620, 124, -3, 2, 2.5535900500422257, 3.605551275463989
172, 9, 482, 365, 484, 368, -2, -3, -2.158798930342464, 3.605551275463989
172, 10, 496, 363, 497, 368, -1, -5, -1.7681918866447774, 5.0990195135927845
172, 11, 302, 360, 303, 360, -1, 0, 3.141592653589793, 1.0
172, 12, 1067, 175, 1069, 178, -2, -3, -2.158798930342464, 3.605551275463989
172, 13, 304, 16, 301, 17, 3, -1, -0.3217505543966422, 3.1622776601683795
172, 14, 803, 255, 802, 251, 1, 4, 1.3258176636680326, 4.123105625617661
172, 15, 466, 418, 467, 422, -1, -4, -1.8157749899217608, 4.123105625617661
172, 16, 303, 60, 299, 60, 4, 0, 0.0, 4.0
172, 17, 804, 102, 805, 105, -1, -3, -1.892546881191539, 3.1622776601683795
172, 18, 1250, 371, 1247, 369, 3, 2, 0.5880026035475675, 3.605551275463989
172, 19, 1065, 119, 1066, 123, -1, -4, -1.8157749899217608, 4.123105625617661
172, 20, 637, 392, 638, 389, -1, 3, 1.892546881191539, 3.1622776601683795
172, 21, 636, 381, 638, 378, -2, 3, 2.158798930342464, 3.605551275463989
172, 22, 371, 476, 372, 475, -1, 1, 2.356194490192345, 1.4142135623730951
172, 23, 300, 76, 297, 76, 3, 0, 0.0, 3.0
172, 24, 1035, 162, 1037, 166, -2, -4, -2.0344439357957027, 4.47213595499958
172, 25, 403, 536, 403, 539, 0, -3, -1.5707963267948966, 3.0
172, 26, 838, 347, 839, 351, -1, -4, -1.8157749899217608, 4.123105625617661
172, 27, 52, 79, 54, 79, -2, 0, 3.141592653589793, 2.0
172, 28, 708, 303, 708, 307, 0, -4, -1.5707963267948966, 4.0
172, 29, 469, 69, 469, 73, 0, -4, -1.5707963267948966, 4.0
172, 30, 130, 583, 130, 579, 0, 4, 1.5707963267948966, 4.0
172, 31, 486, 30, 486, 33, 0, -3, -1.5707963267948966, 3.0
172, 32, 326, 75, 324, 76, 2, -1, -0.4636476090008061, 2.23606797749979
172, 33, 147, 574, 148, 570, -1, 4, 1.8157749899217608, 4.123105625617661
172, 34, 457, 438, 456, 441, 1, -3, -1.2490457723982544, 3.1622776601683795
172, 35, 794, 79, 794, 82, 0, -3, -1.5707963267948966, 3.0
172, 36, 313, 59, 310, 59, 3, 0, 0.0, 3.0
172, 37, 1064, 131, 1065, 135, -1, -4, -1.8157749899217608, 4.123105625617661
172, 38, 702, 294, 702, 298, 0, -4, -1.5707963267948966, 4.0
172, 39, 1193, 136, 1192, 134, 1, 2, 1.1071487177940904, 2.23606797749979
172, 40, 304, 26, 301, 26, 3, 0, 0.0, 3.0
172, 41, 1196, 208, 1194, 205, 2, 3, 0.982793723247329, 3.605551275463989
172, 42, 1053, 129, 1054, 133, -1, -4, -1.8157749899217608, 4.123105625617661
172, 43, 714, 298, 715, 301, -1, -3, -1.892546881191539, 3.1622776601683795
172, 44, 786, 325, 787, 325, -1, 0, 3.141592653589793, 1.0
172, 45, 301, 48, 299, 49, 2, -1, -0.4636476090008061, 2.23606797749979
172, 46, 348, 416, 350, 413, -2, 3, 2.158798930342464, 3.605551275463989
172, 47, 1043, 213, 1044, 215, -1, -2, -2.0344439357957027, 2.23606797749979
172, 48, 581, 13, 582, 15, -1, -2, -2.0344439357957027, 2.23606797749979
172, 49, 561, 10, 563, 14, -2, -4, -2.0344439357957027, 4.47213595499958
172, 50, 1217, 145, 1216, 145, 1, 0, 0.0, 1.0
172, 51, 126, 630, 127, 630, -1, 0, 3.141592653589793, 1.0
172, 52, 464, 444, 462, 447, 2, -3, -0.982793723247329, 3.605551275463989
172, 53, 663, 319, 663, 315, 0, 4, 1.5707963267948966, 4.0
172, 54, 462, 78, 462, 82, 0, -4, -1.5707963267948966, 4.0
172, 55, 734, 195, 736, 200, -2, -5, -1.9513027039072615, 5.385164807134504
172, 56, 471, 160, 472, 162, -1, -2, -2.0344439357957027, 2.23606797749979
172, 57, 798, 247, 798, 243, 0, 4, 1.5707963267948966, 4.0
172, 58, 606, 171, 609, 169, -3, 2, 2.5535900500422257, 3.605551275463989
172, 59, 365, 383, 368, 381, -3, 2, 2.5535900500422257, 3.605551275463989
172, 60, 840, 315, 843, 318, -3, -3, -2.356194490192345, 4.242640687119285
172, 61, 551, 12, 553, 15, -2, -3, -2.158798930342464, 3.605551275463989
172, 62, 765, 43, 767, 43, -2, 0, 3.141592653589793, 2.0
172, 63, 787, 254, 787, 250, 0, 4, 1.5707963267948966, 4.0
172, 64, 505, 423, 506, 427, -1, -4, -1.8157749899217608, 4.123105625617661
172, 65, 784, 15, 786, 15, -2, 0, 3.141592653589793, 2.0
172, 66, 472, 79, 472, 82, 0, -3, -1.5707963267948966, 3.0
172, 67, 620, 460, 620, 458, 0, 2, 1.5707963267948966, 2.0
172, 68, 493, 37, 493, 41, 0, -4, -1.5707963267948966, 4.0
172, 69, 799, 19, 801, 20, -2, -1, -2.677945044588987, 2.23606797749979
172, 70, 775, 289, 775, 289, 0, 0, 0.0, 0.0
172, 71, 479, 60, 480, 65, -1, -5, -1.7681918866447774, 5.0990195135927845
172, 72, 1248, 328, 1248, 325, 0, 3, 1.5707963267948966, 3.0
172, 73, 613, 165, 615, 163, -2, 2, 2.356194490192345, 2.8284271247461903
172, 74, 821, 10, 823, 11, -2, -1, -2.677945044588987, 2.23606797749979
172, 75, 318, 47, 315, 46, 3, 1, 0.3217505543966422, 3.1622776601683795
172, 76, 647, 405, 647, 402, 0, 3, 1.5707963267948966, 3.0
172, 77, 1198, 157, 1196, 156, 2, 1, 0.4636476090008061, 2.23606797749979
172, 78, 366, 484, 366, 483, 0, 1, 1.5707963267948966, 1.0
172, 79, 487, 20, 488, 23, -1, -3, -1.892546881191539, 3.1622776601683795
172, 80, 1198, 99, 1197, 96, 1, 3, 1.2490457723982544, 3.1622776601683795
172, 81, 483, 37, 483, 41, 0, -4, -1.5707963267948966, 4.0
172, 82, 73, 150, 75, 151, -2, -1, -2.677945044588987, 2.23606797749979
172, 83, 26, 447, 25, 445, 1, 2, 1.1071487177940904, 2.23606797749979
172, 84, 709, 233, 710, 236, -1, -3, -1.892546881191539, 3.1622776601683795
172, 85, 859, 292, 859, 296, 0, -4, -1.5707963267948966, 4.0
172, 86, 1235, 430, 1238, 431, -3, -1, -2.819842099193151, 3.1622776601683795
172, 87, 148, 83, 149, 80, -1, 3, 1.892546881191539, 3.1622776601683795
172, 88, 169, 658, 172, 657, -3, 1, 2.819842099193151, 3.1622776601683795
172, 89, 1209, 407, 1209, 407, 0, 0, 0.0, 0.0
172, 90, 645, 311, 645, 308, 0, 3, 1.5707963267948966, 3.0
172, 91, 848, 389, 849, 391, -1, -2, -2.0344439357957027, 2.23606797749979
172, 92, 661, 438, 661, 436, 0, 2, 1.5707963267948966, 2.0
172, 93, 626, 198, 628, 198, -2, 0, 3.141592653589793, 2.0
172, 94, 485, 352, 487, 356, -2, -4, -2.0344439357957027, 4.47213595499958
172, 95, 517, 421, 518, 427, -1, -6, -1.7359450042095235, 6.082762530298219
172, 96, 633, 480, 633, 479, 0, 1, 1.5707963267948966, 1.0
172, 97, 279, 305, 279, 306, 0, -1, -1.5707963267948966, 1.0
172, 98, 353, 376, 354, 373, -1, 3, 1.892546881191539, 3.1622776601683795
172, 99, 782, 121, 783, 123, -1, -2, -2.0344439357957027, 2.23606797749979
172, 100, 509, 372, 508, 376, 1, -4, -1.3258176636680326, 4.123105625617661
172, 101, 169, 95, 170, 95, -1, 0, 3.141592653589793, 1.0
172, 102, 1162, 239, 1162, 239, 0, 0, 0.0, 0.0
172, 103, 744, 214, 746, 218, -2, -4, -2.0344439357957027, 4.47213595499958
172, 104, 992, 15, 990, 14, 2, 1, 0.4636476090008061, 2.23606797749979
172, 105, 472, 373, 474, 376, -2, -3, -2.158798930342464, 3.605551275463989
172, 106, 34, 441, 33, 440, 1, 1, 0.7853981633974483, 1.4142135623730951
172, 107, 803, 122, 803, 125, 0, -3, -1.5707963267948966, 3.0
172, 108, 1040, 205, 1041, 207, -1, -2, -2.0344439357957027, 2.23606797749979
172, 109, 149, 59, 151, 56, -2, 3, 2.158798930342464, 3.605551275463989
172, 110, 1212, 90, 1211, 88, 1, 2, 1.1071487177940904, 2.23606797749979
172, 111, 714, 283, 715, 287, -1, -4, -1.8157749899217608, 4.123105625617661
172, 112, 1239, 319, 1238, 316, 1, 3, 1.2490457723982544, 3.1622776601683795
172, 113, 704, 282, 705, 286, -1, -4, -1.8157749899217608, 4.123105625617661
172, 114, 1241, 87, 1238, 86, 3, 1, 0.3217505543966422, 3.1622776601683795
172, 115, 385, 412, 387, 408, -2, 4, 2.0344439357957027, 4.47213595499958
172, 116, 1026, 23, 1025, 23, 1, 0, 0.0, 1.0
172, 117, 648, 511, 649, 509, -1, 2, 2.0344439357957027, 2.23606797749979
172, 118, 647, 303, 647, 299, 0, 4, 1.5707963267948966, 4.0
172, 119, 70, 107, 72, 108, -2, -1, -2.677945044588987, 2.23606797749979
172, 120, 143, 27, 146, 24, -3, 3, 2.356194490192345, 4.242640687119285
172, 121, 496, 11, 497, 14, -1, -3, -1.892546881191539, 3.1622776601683795
172, 122, 709, 292, 709, 296, 0, -4, -1.5707963267948966, 4.0
172, 123, 1202, 197, 1199, 195, 3, 2, 0.5880026035475675, 3.605551275463989
172, 124, 153, 34, 156, 31, -3, 3, 2.356194490192345, 4.242640687119285
172, 125, 1202, 164, 1200, 162, 2, 2, 0.7853981633974483, 2.8284271247461903
172, 126, 1034, 23, 1033, 23, 1, 0, 0.0, 1.0
172, 127, 1221, 162, 1221, 163, 0, -1, -1.5707963267948966, 1.0
172, 128, 707, 364, 707, 366, 0, -2, -1.5707963267948966, 2.0
172, 129, 636, 48, 637, 48, -1, 0, 3.141592653589793, 1.0
172, 130, 492, 472, 494, 480, -2, -8, -1.8157749899217608, 8.246211251235321
172, 131, 149, 97, 150, 95, -1, 2, 2.0344439357957027, 2.23606797749979
172, 132, 475, 145, 476, 149, -1, -4, -1.8157749899217608, 4.123105625617661
172, 133, 858, 399, 858, 406, 0, -7, -1.5707963267948966, 7.0
172, 134, 491, 108, 492, 110, -1, -2, -2.0344439357957027, 2.23606797749979
172, 135, 694, 329, 694, 333, 0, -4, -1.5707963267948966, 4.0
172, 136, 873, 314, 871, 317, 2, -3, -0.982793723247329, 3.605551275463989
172, 137, 562, 84, 562, 87, 0, -3, -1.5707963267948966, 3.0
172, 138, 1040, 157, 1042, 161, -2, -4, -2.0344439357957027, 4.47213595499958
172, 139, 1234, 327, 1232, 325, 2, 2, 0.7853981633974483, 2.8284271247461903
172, 140, 380, 586, 381, 586, -1, 0, 3.141592653589793, 1.0
172, 141, 360, 376, 361, 372, -1, 4, 1.8157749899217608, 4.123105625617661
172, 142, 651, 391, 651, 387, 0, 4, 1.5707963267948966, 4.0
172, 143, 810, 289, 810, 289, 0, 0, 0.0, 0.0
172, 144, 876, 326, 877, 333, -1, -7, -1.7126933813990606, 7.0710678118654755
172, 145, 659, 312, 659, 309, 0, 3, 1.5707963267948966, 3.0
172, 146, 186, 625, 185, 623, 1, 2, 1.1071487177940904, 2.23606797749979
172, 147, 478, 422, 478, 426, 0, -4, -1.5707963267948966, 4.0
172, 148, 380, 492, 381, 490, -1, 2, 2.0344439357957027, 2.23606797749979
172, 149, 806, 273, 806, 271, 0, 2, 1.5707963267948966, 2.0
172, 150, 773, 48, 775, 48, -2, 0, 3.141592653589793, 2.0
172, 151, 355, 551, 358, 548, -3, 3, 2.356194490192345, 4.242640687119285
172, 152, 285, 323, 286, 323, -1, 0, 3.141592653589793, 1.0
172, 153, 704, 336, 705, 340, -1, -4, -1.8157749899217608, 4.123105625617661
173, 0, 1228, 384, 1227, 381, 1, 3, 1.2490457723982544, 3.1622776601683795
173, 1, 864, 301, 864, 306, 0, -5, -1.5707963267948966, 5.0
173, 2, 132, 628, 132, 626, 0, 2, 1.5707963267948966, 2.0
173, 3, 852, 302, 852, 307, 0, -5, -1.5707963267948966, 5.0
173, 4, 171, 75, 172, 74, -1, 1, 2.356194490192345, 1.4142135623730951
173, 5, 365, 497, 365, 493, 0, 4, 1.5707963267948966, 4.0
173, 6, 293, 317, 293, 317, 0, 0, 0.0, 0.0
173, 7, 616, 127, 617, 126, -1, 1, 2.356194490192345, 1.4142135623730951
173, 8, 481, 361, 482, 365, -1, -4, -1.8157749899217608, 4.123105625617661
173, 9, 495, 358, 496, 363, -1, -5, -1.7681918866447774, 5.0990195135927845
173, 10, 301, 360, 302, 360, -1, 0, 3.141592653589793, 1.0
173, 11, 1066, 173, 1067, 175, -1, -2, -2.0344439357957027, 2.23606797749979
173, 12, 307, 15, 304, 16, 3, -1, -0.3217505543966422, 3.1622776601683795
173, 13, 803, 257, 803, 255, 0, 2, 1.5707963267948966, 2.0
173, 14, 466, 414, 466, 418, 0, -4, -1.5707963267948966, 4.0
173, 15, 306, 60, 303, 60, 3, 0, 0.0, 3.0
173, 16, 804, 100, 804, 102, 0, -2, -1.5707963267948966, 2.0
173, 17, 1252, 374, 1250, 371, 2, 3, 0.982793723247329, 3.605551275463989
173, 18, 1065, 117, 1065, 119, 0, -2, -1.5707963267948966, 2.0
173, 19, 637, 395, 637, 392, 0, 3, 1.5707963267948966, 3.0
173, 20, 636, 383, 636, 381, 0, 2, 1.5707963267948966, 2.0
173, 21, 371, 478, 371, 476, 0, 2, 1.5707963267948966, 2.0
173, 22, 303, 75, 300, 76, 3, -1, -0.3217505543966422, 3.1622776601683795
173, 23, 1034, 160, 1035, 162, -1, -2, -2.0344439357957027, 2.23606797749979
173, 24, 403, 535, 403, 536, 0, -1, -1.5707963267948966, 1.0
173, 25, 837, 343, 838, 347, -1, -4, -1.8157749899217608, 4.123105625617661
173, 26, 51, 79, 52, 79, -1, 0, 3.141592653589793, 1.0
173, 27, 708, 298, 708, 303, 0, -5, -1.5707963267948966, 5.0
173, 28, 469, 67, 469, 69, 0, -2, -1.5707963267948966, 2.0
173, 29, 130, 588, 130, 583, 0, 5, 1.5707963267948966, 5.0
173, 30, 486, 29, 486, 30, 0, -1, -1.5707963267948966, 1.0
173, 31, 326, 74, 326, 75, 0, -1, -1.5707963267948966, 1.0
173, 32, 147, 578, 147, 574, 0, 4, 1.5707963267948966, 4.0
173, 33, 458, 434, 457, 438, 1, -4, -1.3258176636680326, 4.123105625617661
173, 34, 794, 77, 794, 79, 0, -2, -1.5707963267948966, 2.0
173, 35, 315, 60, 313, 59, 2, 1, 0.4636476090008061, 2.23606797749979
173, 36, 1063, 129, 1064, 131, -1, -2, -2.0344439357957027, 2.23606797749979
173, 37, 702, 289, 702, 294, 0, -5, -1.5707963267948966, 5.0
173, 38, 1193, 137, 1193, 136, 0, 1, 1.5707963267948966, 1.0
173, 39, 307, 25, 304, 26, 3, -1, -0.3217505543966422, 3.1622776601683795
173, 40, 1197, 209, 1196, 208, 1, 1, 0.7853981633974483, 1.4142135623730951
173, 41, 1053, 127, 1053, 129, 0, -2, -1.5707963267948966, 2.0
173, 42, 714, 293, 714, 298, 0, -5, -1.5707963267948966, 5.0
173, 43, 786, 325, 786, 325, 0, 0, 0.0, 0.0
173, 44, 303, 47, 301, 48, 2, -1, -0.4636476090008061, 2.23606797749979
173, 45, 347, 419, 348, 416, -1, 3, 1.892546881191539, 3.1622776601683795
173, 46, 1042, 211, 1043, 213, -1, -2, -2.0344439357957027, 2.23606797749979
173, 47, 1217, 145, 1217, 145, 0, 0, 0.0, 0.0
173, 48, 127, 633, 126, 630, 1, 3, 1.2490457723982544, 3.1622776601683795
173, 49, 466, 440, 464, 444, 2, -4, -1.1071487177940904, 4.47213595499958
173, 50, 663, 322, 663, 319, 0, 3, 1.5707963267948966, 3.0
173, 51, 462, 76, 462, 78, 0, -2, -1.5707963267948966, 2.0
173, 52, 733, 192, 734, 195, -1, -3, -1.892546881191539, 3.1622776601683795
173, 53, 470, 158, 471, 160, -1, -2, -2.0344439357957027, 2.23606797749979
173, 54, 798, 250, 798, 247, 0, 3, 1.5707963267948966, 3.0
173, 55, 605, 173, 606, 171, -1, 2, 2.0344439357957027, 2.23606797749979
173, 56, 364, 385, 365, 383, -1, 2, 2.0344439357957027, 2.23606797749979
173, 57, 838, 311, 840, 315, -2, -4, -2.0344439357957027, 4.47213595499958
173, 58, 764, 43, 765, 43, -1, 0, 3.141592653589793, 1.0
173, 59, 787, 257, 787, 254, 0, 3, 1.5707963267948966, 3.0
173, 60, 504, 420, 505, 423, -1, -3, -1.892546881191539, 3.1622776601683795
173, 61, 783, 15, 784, 15, -1, 0, 3.141592653589793, 1.0
173, 62, 472, 77, 472, 79, 0, -2, -1.5707963267948966, 2.0
173, 63, 620, 463, 620, 460, 0, 3, 1.5707963267948966, 3.0
173, 64, 493, 36, 493, 37, 0, -1, -1.5707963267948966, 1.0
173, 65, 798, 19, 799, 19, -1, 0, 3.141592653589793, 1.0
173, 66, 776, 289, 775, 289, 1, 0, 0.0, 1.0
173, 67, 479, 58, 479, 60, 0, -2, -1.5707963267948966, 2.0
173, 68, 1250, 332, 1248, 328, 2, 4, 1.1071487177940904, 4.47213595499958
173, 69, 612, 167, 613, 165, -1, 2, 2.0344439357957027, 2.23606797749979
173, 70, 820, 10, 821, 10, -1, 0, 3.141592653589793, 1.0
173, 71, 320, 48, 318, 47, 2, 1, 0.4636476090008061, 2.23606797749979
173, 72, 647, 408, 647, 405, 0, 3, 1.5707963267948966, 3.0
173, 73, 1198, 157, 1198, 157, 0, 0, 0.0, 0.0
173, 74, 366, 486, 366, 484, 0, 2, 1.5707963267948966, 2.0
173, 75, 1198, 100, 1198, 99, 0, 1, 1.5707963267948966, 1.0
173, 76, 483, 36, 483, 37, 0, -1, -1.5707963267948966, 1.0
173, 77, 72, 150, 73, 150, -1, 0, 3.141592653589793, 1.0
173, 78, 27, 449, 26, 447, 1, 2, 1.1071487177940904, 2.23606797749979
173, 79, 708, 230, 709, 233, -1, -3, -1.892546881191539, 3.1622776601683795
173, 80, 859, 287, 859, 292, 0, -5, -1.5707963267948966, 5.0
173, 81, 1234, 433, 1235, 430, -1, 3, 1.892546881191539, 3.1622776601683795
173, 82, 147, 85, 148, 83, -1, 2, 2.0344439357957027, 2.23606797749979
173, 83, 168, 659, 169, 658, -1, 1, 2.356194490192345, 1.4142135623730951
173, 84, 1209, 407, 1209, 407, 0, 0, 0.0, 0.0
173, 85, 645, 313, 645, 311, 0, 2, 1.5707963267948966, 2.0
173, 86, 847, 387, 848, 389, -1, -2, -2.0344439357957027, 2.23606797749979
173, 87, 662, 441, 661, 438, 1, 3, 1.2490457723982544, 3.1622776601683795
173, 88, 625, 199, 626, 198, -1, 1, 2.356194490192345, 1.4142135623730951
173, 89, 484, 348, 485, 352, -1, -4, -1.8157749899217608, 4.123105625617661
173, 90, 517, 415, 517, 421, 0, -6, -1.5707963267948966, 6.0
173, 91, 633, 482, 633, 480, 0, 2, 1.5707963267948966, 2.0
173, 92, 352, 378, 353, 376, -1, 2, 2.0344439357957027, 2.23606797749979
173, 93, 782, 119, 782, 121, 0, -2, -1.5707963267948966, 2.0
173, 94, 509, 367, 509, 372, 0, -5, -1.5707963267948966, 5.0
173, 95, 168, 95, 169, 95, -1, 0, 3.141592653589793, 1.0
173, 96, 1163, 242, 1162, 239, 1, 3, 1.2490457723982544, 3.1622776601683795
173, 97, 743, 211, 744, 214, -1, -3, -1.892546881191539, 3.1622776601683795
173, 98, 994, 15, 992, 15, 2, 0, 0.0, 2.0
173, 99, 472, 369, 472, 373, 0, -4, -1.5707963267948966, 4.0
173, 100, 35, 443, 34, 441, 1, 2, 1.1071487177940904, 2.23606797749979
173, 101, 803, 120, 803, 122, 0, -2, -1.5707963267948966, 2.0
173, 102, 1039, 203, 1040, 205, -1, -2, -2.0344439357957027, 2.23606797749979
173, 103, 148, 61, 149, 59, -1, 2, 2.0344439357957027, 2.23606797749979
173, 104, 1212, 91, 1212, 90, 0, 1, 1.5707963267948966, 1.0
173, 105, 713, 278, 714, 283, -1, -5, -1.7681918866447774, 5.0990195135927845
173, 106, 1241, 323, 1239, 319, 2, 4, 1.1071487177940904, 4.47213595499958
173, 107, 703, 277, 704, 282, -1, -5, -1.7681918866447774, 5.0990195135927845
173, 108, 1241, 88, 1241, 87, 0, 1, 1.5707963267948966, 1.0
173, 109, 385, 415, 385, 412, 0, 3, 1.5707963267948966, 3.0
173, 110, 1026, 23, 1026, 23, 0, 0, 0.0, 0.0
173, 111, 647, 511, 648, 511, -1, 0, 3.141592653589793, 1.0
173, 112, 647, 306, 647, 303, 0, 3, 1.5707963267948966, 3.0
173, 113, 69, 107, 70, 107, -1, 0, 3.141592653589793, 1.0
173, 114, 141, 29, 143, 27, -2, 2, 2.356194490192345, 2.8284271247461903
173, 115, 495, 11, 496, 11, -1, 0, 3.141592653589793, 1.0
173, 116, 708, 287, 709, 292, -1, -5, -1.7681918866447774, 5.0990195135927845
173, 117, 1203, 198, 1202, 197, 1, 1, 0.7853981633974483, 1.4142135623730951
173, 118, 152, 36, 153, 34, -1, 2, 2.0344439357957027, 2.23606797749979
173, 119, 1202, 165, 1202, 164, 0, 1, 1.5707963267948966, 1.0
173, 120, 1034, 23, 1034, 23, 0, 0, 0.0, 0.0
173, 121, 1222, 162, 1221, 162, 1, 0, 0.0, 1.0
173, 122, 707, 362, 707, 364, 0, -2, -1.5707963267948966, 2.0
173, 123, 635, 48, 636, 48, -1, 0, 3.141592653589793, 1.0
173, 124, 491, 470, 492, 472, -1, -2, -2.0344439357957027, 2.23606797749979
173, 125, 148, 98, 149, 97, -1, 1, 2.356194490192345, 1.4142135623730951
173, 126, 858, 396, 858, 399, 0, -3, -1.5707963267948966, 3.0
173, 127, 490, 106, 491, 108, -1, -2, -2.0344439357957027, 2.23606797749979
173, 128, 694, 326, 694, 329, 0, -3, -1.5707963267948966, 3.0
173, 129, 873, 309, 873, 314, 0, -5, -1.5707963267948966, 5.0
173, 130, 562, 82, 562, 84, 0, -2, -1.5707963267948966, 2.0
173, 131, 1039, 155, 1040, 157, -1, -2, -2.0344439357957027, 2.23606797749979
173, 132, 1236, 330, 1234, 327, 2, 3, 0.982793723247329, 3.605551275463989
173, 133, 380, 586, 380, 586, 0, 0, 0.0, 0.0
173, 134, 359, 378, 360, 376, -1, 2, 2.0344439357957027, 2.23606797749979
173, 135, 651, 395, 651, 391, 0, 4, 1.5707963267948966, 4.0
173, 136, 810, 289, 810, 289, 0, 0, 0.0, 0.0
173, 137, 876, 321, 876, 326, 0, -5, -1.5707963267948966, 5.0
173, 138, 659, 314, 659, 312, 0, 2, 1.5707963267948966, 2.0
173, 139, 186, 628, 186, 625, 0, 3, 1.5707963267948966, 3.0
173, 140, 478, 417, 478, 422, 0, -5, -1.5707963267948966, 5.0
173, 141, 380, 495, 380, 492, 0, 3, 1.5707963267948966, 3.0
173, 142, 806, 275, 806, 273, 0, 2, 1.5707963267948966, 2.0
173, 143, 772, 48, 773, 48, -1, 0, 3.141592653589793, 1.0
173, 144, 353, 553, 355, 551, -2, 2, 2.356194490192345, 2.8284271247461903
173, 145, 284, 323, 285, 323, -1, 0, 3.141592653589793, 1.0
173, 146, 703, 332, 704, 336, -1, -4, -1.8157749899217608, 4.123105625617661
174, 0, 863, 299, 864, 303, -1, -4, -1.8157749899217608, 4.123105625617661
174, 1, 251, 340, 252, 340, -1, 0, 3.141592653589793, 1.0
174, 2, 1230, 390, 1228, 387, 2, 3, 0.982793723247329, 3.605551275463989
174, 3, 172, 75, 173, 74, -1, 1, 2.356194490192345, 1.4142135623730951
174, 4, 258, 343, 259, 343, -1, 0, 3.141592653589793, 1.0
174, 5, 594, 10, 595, 12, -1, -2, -2.0344439357957027, 2.23606797749979
174, 6, 324, 76, 324, 76, 0, 0, 0.0, 0.0
174, 7, 803, 257, 803, 254, 0, 3, 1.5707963267948966, 3.0
174, 8, 349, 423, 350, 420, -1, 3, 1.892546881191539, 3.1622776601683795
174, 9, 364, 446, 366, 443, -2, 3, 2.158798930342464, 3.605551275463989
174, 10, 851, 297, 852, 302, -1, -5, -1.7681918866447774, 5.0990195135927845
174, 11, 638, 397, 638, 394, 0, 3, 1.5707963267948966, 3.0
174, 12, 373, 480, 374, 479, -1, 1, 2.356194490192345, 1.4142135623730951
174, 13, 483, 358, 484, 362, -1, -4, -1.8157749899217608, 4.123105625617661
174, 14, 1065, 117, 1066, 120, -1, -3, -1.892546881191539, 3.1622776601683795
174, 15, 617, 127, 618, 126, -1, 1, 2.356194490192345, 1.4142135623730951
174, 16, 367, 501, 366, 498, 1, 3, 1.2490457723982544, 3.1622776601683795
174, 17, 292, 317, 293, 317, -1, 0, 3.141592653589793, 1.0
174, 18, 310, 15, 307, 16, 3, -1, -0.3217505543966422, 3.1622776601683795
174, 19, 495, 357, 496, 361, -1, -4, -1.8157749899217608, 4.123105625617661
174, 20, 406, 535, 406, 535, 0, 0, 0.0, 0.0
174, 21, 487, 30, 487, 31, 0, -1, -1.5707963267948966, 1.0
174, 22, 132, 591, 132, 587, 0, 4, 1.5707963267948966, 4.0
174, 23, 1067, 174, 1068, 176, -1, -2, -2.0344439357957027, 2.23606797749979
174, 24, 1252, 380, 1250, 377, 2, 3, 0.982793723247329, 3.605551275463989
174, 25, 805, 101, 805, 103, 0, -2, -1.5707963267948966, 2.0
174, 26, 1194, 135, 1193, 135, 1, 0, 0.0, 1.0
174, 27, 304, 73, 301, 72, 3, 1, 0.3217505543966422, 3.1622776601683795
174, 28, 266, 341, 267, 341, -1, 0, 3.141592653589793, 1.0
174, 29, 469, 69, 469, 71, 0, -2, -1.5707963267948966, 2.0
174, 30, 278, 320, 279, 320, -1, 0, 3.141592653589793, 1.0
174, 31, 309, 24, 306, 25, 3, -1, -0.3217505543966422, 3.1622776601683795
174, 32, 311, 60, 308, 60, 3, 0, 0.0, 3.0
174, 33, 459, 429, 458, 433, 1, -4, -1.3258176636680326, 4.123105625617661
174, 34, 835, 339, 835, 343, 0, -4, -1.5707963267948966, 4.0
174, 35, 465, 434, 464, 438, 1, -4, -1.3258176636680326, 4.123105625617661
174, 36, 1053, 127, 1054, 130, -1, -3, -1.892546881191539, 3.1622776601683795
174, 37, 703, 291, 703, 295, 0, -4, -1.5707963267948966, 4.0
174, 38, 52, 79, 53, 79, -1, 0, 3.141592653589793, 1.0
174, 39, 260, 333, 261, 333, -1, 0, 3.141592653589793, 1.0
174, 40, 709, 296, 709, 300, 0, -4, -1.5707963267948966, 4.0
174, 41, 637, 383, 637, 381, 0, 2, 1.5707963267948966, 2.0
174, 42, 711, 226, 712, 229, -1, -3, -1.892546881191539, 3.1622776601683795
174, 43, 1063, 129, 1064, 132, -1, -3, -1.892546881191539, 3.1622776601683795
174, 44, 466, 409, 466, 413, 0, -4, -1.5707963267948966, 4.0
174, 45, 170, 658, 170, 655, 0, 3, 1.5707963267948966, 3.0
174, 46, 794, 78, 794, 80, 0, -2, -1.5707963267948966, 2.0
174, 47, 136, 643, 136, 640, 0, 3, 1.5707963267948966, 3.0
174, 48, 664, 321, 664, 318, 0, 3, 1.5707963267948966, 3.0
174, 49, 519, 401, 519, 408, 0, -7, -1.5707963267948966, 7.0
174, 50, 149, 582, 149, 578, 0, 4, 1.5707963267948966, 4.0
174, 51, 939, 19, 940, 19, -1, 0, 3.141592653589793, 1.0
174, 52, 789, 256, 789, 253, 0, 3, 1.5707963267948966, 3.0
174, 53, 1195, 210, 1194, 209, 1, 1, 0.7853981633974483, 1.4142135623730951
174, 54, 713, 290, 714, 294, -1, -4, -1.8157749899217608, 4.123105625617661
174, 55, 317, 65, 316, 64, 1, 1, 0.7853981633974483, 1.4142135623730951
174, 56, 483, 38, 483, 39, 0, -1, -1.5707963267948966, 1.0
174, 57, 473, 77, 473, 80, 0, -3, -1.5707963267948966, 3.0
174, 58, 247, 405, 248, 405, -1, 0, 3.141592653589793, 1.0
174, 59, 799, 250, 799, 247, 0, 3, 1.5707963267948966, 3.0
174, 60, 487, 21, 487, 22, 0, -1, -1.5707963267948966, 1.0
174, 61, 367, 492, 367, 490, 0, 2, 1.5707963267948966, 2.0
174, 62, 764, 44, 765, 44, -1, 0, 3.141592653589793, 1.0
174, 63, 607, 175, 607, 173, 0, 2, 1.5707963267948966, 2.0
174, 64, 1043, 212, 1043, 214, 0, -2, -1.5707963267948966, 2.0
174, 65, 735, 197, 737, 201, -2, -4, -2.0344439357957027, 4.47213595499958
174, 66, 582, 12, 582, 13, 0, -1, -1.5707963267948966, 1.0
174, 67, 1034, 160, 1035, 162, -1, -2, -2.0344439357957027, 2.23606797749979
174, 68, 803, 34, 804, 34, -1, 0, 3.141592653589793, 1.0
174, 69, 494, 37, 494, 38, 0, -1, -1.5707963267948966, 1.0
174, 70, 633, 485, 633, 481, 0, 4, 1.5707963267948966, 4.0
174, 71, 646, 314, 646, 311, 0, 3, 1.5707963267948966, 3.0
174, 72, 73, 150, 74, 150, -1, 0, 3.141592653589793, 1.0
174, 73, 784, 15, 785, 15, -1, 0, 3.141592653589793, 1.0
174, 74, 300, 359, 301, 359, -1, 0, 3.141592653589793, 1.0
174, 75, 804, 120, 804, 122, 0, -2, -1.5707963267948966, 2.0
174, 76, 728, 280, 728, 283, 0, -3, -1.5707963267948966, 3.0
174, 77, 799, 327, 799, 324, 0, 3, 1.5707963267948966, 3.0
174, 78, 783, 118, 784, 121, -1, -3, -1.892546881191539, 3.1622776601683795
174, 79, 462, 76, 462, 79, 0, -3, -1.5707963267948966, 3.0
174, 80, 822, 12, 823, 12, -1, 0, 3.141592653589793, 1.0
174, 81, 468, 158, 469, 160, -1, -2, -2.0344439357957027, 2.23606797749979
174, 82, 480, 60, 480, 62, 0, -2, -1.5707963267948966, 2.0
174, 83, 622, 466, 622, 464, 0, 2, 1.5707963267948966, 2.0
174, 84, 937, 102, 938, 102, -1, 0, 3.141592653589793, 1.0
174, 85, 132, 633, 132, 632, 0, 1, 1.5707963267948966, 1.0
174, 86, 1166, 241, 1165, 236, 1, 5, 1.373400766945016, 5.0990195135927845
174, 87, 1232, 445, 1232, 445, 0, 0, 0.0, 0.0
174, 88, 1254, 337, 1251, 334, 3, 3, 0.7853981633974483, 4.242640687119285
174, 89, 147, 86, 148, 84, -1, 2, 2.0344439357957027, 2.23606797749979
174, 90, 1198, 99, 1198, 99, 0, 0, 0.0, 0.0
174, 91, 860, 284, 860, 288, 0, -4, -1.5707963267948966, 4.0
174, 92, 664, 452, 663, 448, 1, 4, 1.3258176636680326, 4.123105625617661
174, 93, 490, 107, 491, 109, -1, -2, -2.0344439357957027, 2.23606797749979
174, 94, 654, 305, 654, 302, 0, 3, 1.5707963267948966, 3.0
174, 95, 648, 410, 648, 407, 0, 3, 1.5707963267948966, 3.0
174, 96, 1198, 159, 1198, 158, 0, 1, 1.5707963267948966, 1.0
174, 97, 636, 475, 636, 472, 0, 3, 1.5707963267948966, 3.0
174, 98, 1033, 23, 1033, 23, 0, 0, 0.0, 0.0
174, 99, 504, 414, 505, 418, -1, -4, -1.8157749899217608, 4.123105625617661
174, 100, 615, 216, 616, 216, -1, 0, 3.141592653589793, 1.0
174, 101, 848, 388, 849, 390, -1, -2, -2.0344439357957027, 2.23606797749979
174, 102, 1239, 336, 1236, 333, 3, 3, 0.7853981633974483, 4.242640687119285
174, 103, 485, 346, 486, 350, -1, -4, -1.8157749899217608, 4.123105625617661
174, 104, 924, 96, 925, 96, -1, 0, 3.141592653589793, 1.0
174, 105, 1209, 407, 1209, 407, 0, 0, 0.0, 0.0
174, 106, 703, 276, 704, 280, -1, -4, -1.8157749899217608, 4.123105625617661
174, 107, 367, 389, 368, 386, -1, 3, 1.892546881191539, 3.1622776601683795
174, 108, 839, 347, 840, 350, -1, -3, -1.892546881191539, 3.1622776601683795
174, 109, 507, 365, 507, 369, 0, -4, -1.5707963267948966, 4.0
174, 110, 488, 459, 488, 461, 0, -2, -1.5707963267948966, 2.0
174, 111, 472, 441, 471, 445, 1, -4, -1.3258176636680326, 4.123105625617661
174, 112, 785, 325, 786, 325, -1, 0, 3.141592653589793, 1.0
174, 113, 1202, 198, 1201, 197, 1, 1, 0.7853981633974483, 1.4142135623730951
174, 114, 400, 594, 402, 592, -2, 2, 2.356194490192345, 2.8284271247461903
174, 115, 612, 166, 613, 164, -1, 2, 2.0344439357957027, 2.23606797749979
174, 116, 385, 415, 386, 413, -1, 2, 2.0344439357957027, 2.23606797749979
174, 117, 842, 306, 843, 310, -1, -4, -1.8157749899217608, 4.123105625617661
174, 118, 142, 27, 144, 26, -2, 1, 2.677945044588987, 2.23606797749979
174, 119, 496, 12, 496, 12, 0, 0, 0.0, 0.0
174, 120, 810, 291, 810, 290, 0, 1, 1.5707963267948966, 1.0
174, 121, 476, 411, 477, 416, -1, -5, -1.7681918866447774, 5.0990195135927845
174, 122, 807, 276, 807, 274, 0, 2, 1.5707963267948966, 2.0
174, 123, 744, 211, 745, 214, -1, -3, -1.892546881191539, 3.1622776601683795
174, 124, 153, 35, 154, 34, -1, 1, 2.356194490192345, 1.4142135623730951
174, 125, 713, 276, 714, 280, -1, -4, -1.8157749899217608, 4.123105625617661
174, 126, 933, 94, 934, 94, -1, 0, 3.141592653589793, 1.0
174, 127, 1211, 91, 1211, 91, 0, 0, 0.0, 0.0
174, 128, 149, 59, 150, 58, -1, 1, 2.356194490192345, 1.4142135623730951
174, 129, 1025, 23, 1025, 23, 0, 0, 0.0, 0.0
174, 130, 279, 306, 279, 306, 0, 0, 0.0, 0.0
174, 131, 383, 498, 383, 495, 0, 3, 1.5707963267948966, 3.0
174, 132, 150, 103, 150, 101, 0, 2, 1.5707963267948966, 2.0
174, 133, 799, 20, 800, 20, -1, 0, 3.141592653589793, 1.0
174, 134, 71, 108, 72, 108, -1, 0, 3.141592653589793, 1.0
174, 135, 636, 47, 637, 47, -1, 0, 3.141592653589793, 1.0
174, 136, 1223, 392, 1221, 390, 2, 2, 0.7853981633974483, 2.8284271247461903
174, 137, 870, 305, 871, 309, -1, -4, -1.8157749899217608, 4.123105625617661
174, 138, 187, 635, 186, 631, 1, 4, 1.3258176636680326, 4.123105625617661
174, 139, 631, 344, 632, 341, -1, 3, 1.892546881191539, 3.1622776601683795
174, 140, 325, 51, 323, 50, 2, 1, 0.4636476090008061, 2.23606797749979
174, 141, 627, 202, 628, 199, -1, 3, 1.892546881191539, 3.1622776601683795
174, 142, 170, 95, 170, 95, 0, 0, 0.0, 0.0
174, 143, 563, 83, 563, 85, 0, -2, -1.5707963267948966, 2.0
174, 144, 508, 386, 509, 394, -1, -8, -1.695151321341658, 8.06225774829855
174, 145, 1241, 88, 1240, 87, 1, 1, 0.7853981633974483, 1.4142135623730951
174, 146, 353, 380, 354, 377, -1, 3, 1.892546881191539, 3.1622776601683795
174, 147, 266, 324, 267, 324, -1, 0, 3.141592653589793, 1.0
174, 148, 659, 316, 659, 313, 0, 3, 1.5707963267948966, 3.0
174, 149, 856, 347, 857, 351, -1, -4, -1.8157749899217608, 4.123105625617661
174, 150, 707, 364, 707, 366, 0, -2, -1.5707963267948966, 2.0
174, 151, 1203, 173, 1203, 172, 0, 1, 1.5707963267948966, 1.0
174, 152, 499, 97, 500, 100, -1, -3, -1.892546881191539, 3.1622776601683795
175, 0, 862, 295, 863, 299, -1, -4, -1.8157749899217608, 4.123105625617661
175, 1, 250, 340, 251, 340, -1, 0, 3.141592653589793, 1.0
175, 2, 1232, 393, 1230, 390, 2, 3, 0.982793723247329, 3.605551275463989
175, 3, 171, 76, 172, 75, -1, 1, 2.356194490192345, 1.4142135623730951
175, 4, 257, 343, 258, 343, -1, 0, 3.141592653589793, 1.0
175, 5, 324, 76, 324, 76, 0, 0, 0.0, 0.0
175, 6, 803, 261, 803, 257, 0, 4, 1.5707963267948966, 4.0
175, 7, 348, 426, 349, 423, -1, 3, 1.892546881191539, 3.1622776601683795
175, 8, 362, 449, 364, 446, -2, 3, 2.158798930342464, 3.605551275463989
175, 9, 850, 293, 851, 297, -1, -4, -1.8157749899217608, 4.123105625617661
175, 10, 638, 399, 638, 397, 0, 2, 1.5707963267948966, 2.0
175, 11, 373, 481, 373, 480, 0, 1, 1.5707963267948966, 1.0
175, 12, 482, 354, 483, 358, -1, -4, -1.8157749899217608, 4.123105625617661
175, 13, 1065, 114, 1065, 117, 0, -3, -1.5707963267948966, 3.0
175, 14, 616, 128, 617, 127, -1, 1, 2.356194490192345, 1.4142135623730951
175, 15, 368, 504, 367, 501, 1, 3, 1.2490457723982544, 3.1622776601683795
175, 16, 291, 317, 292, 317, -1, 0, 3.141592653589793, 1.0
175, 17, 314, 14, 310, 15, 4, -1, -0.24497866312686414, 4.123105625617661
175, 18, 494, 353, 495, 357, -1, -4, -1.8157749899217608, 4.123105625617661
175, 19, 406, 535, 406, 535, 0, 0, 0.0, 0.0
175, 20, 487, 29, 487, 30, 0, -1, -1.5707963267948966, 1.0
175, 21, 133, 595, 132, 591, 1, 4, 1.3258176636680326, 4.123105625617661
175, 22, 1066, 172, 1067, 174, -1, -2, -2.0344439357957027, 2.23606797749979
175, 23, 1254, 383, 1252, 380, 2, 3, 0.982793723247329, 3.605551275463989
175, 24, 805, 98, 805, 101, 0, -3, -1.5707963267948966, 3.0
175, 25, 1195, 136, 1194, 135, 1, 1, 0.7853981633974483, 1.4142135623730951
175, 26, 306, 75, 304, 73, 2, 2, 0.7853981633974483, 2.8284271247461903
175, 27, 265, 341, 266, 341, -1, 0, 3.141592653589793, 1.0
175, 28, 469, 66, 469, 69, 0, -3, -1.5707963267948966, 3.0
175, 29, 277, 320, 278, 320, -1, 0, 3.141592653589793, 1.0
175, 30, 313, 23, 309, 24, 4, -1, -0.24497866312686414, 4.123105625617661
175, 31, 314, 61, 311, 60, 3, 1, 0.3217505543966422, 3.1622776601683795
175, 32, 461, 425, 459, 429, 2, -4, -1.1071487177940904, 4.47213595499958
175, 33, 834, 334, 835, 339, -1, -5, -1.7681918866447774, 5.0990195135927845
175, 34, 467, 430, 465, 434, 2, -4, -1.1071487177940904, 4.47213595499958
175, 35, 1053, 123, 1053, 127, 0, -4, -1.5707963267948966, 4.0
175, 36, 703, 287, 703, 291, 0, -4, -1.5707963267948966, 4.0
175, 37, 51, 79, 52, 79, -1, 0, 3.141592653589793, 1.0
175, 38, 259, 333, 260, 333, -1, 0, 3.141592653589793, 1.0
175, 39, 709, 292, 709, 296, 0, -4, -1.5707963267948966, 4.0
175, 40, 637, 386, 637, 383, 0, 3, 1.5707963267948966, 3.0
175, 41, 710, 222, 711, 226, -1, -4, -1.8157749899217608, 4.123105625617661
175, 42, 1063, 126, 1063, 129, 0, -3, -1.5707963267948966, 3.0
175, 43, 466, 406, 466, 409, 0, -3, -1.5707963267948966, 3.0
175, 44, 170, 662, 170, 658, 0, 4, 1.5707963267948966, 4.0
175, 45, 794, 76, 794, 78, 0, -2, -1.5707963267948966, 2.0
175, 46, 136, 646, 136, 643, 0, 3, 1.5707963267948966, 3.0
175, 47, 664, 324, 664, 321, 0, 3, 1.5707963267948966, 3.0
175, 48, 518, 393, 519, 401, -1, -8, -1.695151321341658, 8.06225774829855
175, 49, 150, 586, 149, 582, 1, 4, 1.3258176636680326, 4.123105625617661
175, 50, 938, 19, 939, 19, -1, 0, 3.141592653589793, 1.0
175, 51, 789, 260, 789, 256, 0, 4, 1.5707963267948966, 4.0
175, 52, 1196, 211, 1195, 210, 1, 1, 0.7853981633974483, 1.4142135623730951
175, 53, 712, 286, 713, 290, -1, -4, -1.8157749899217608, 4.123105625617661
175, 54, 318, 66, 317, 65, 1, 1, 0.7853981633974483, 1.4142135623730951
175, 55, 483, 37, 483, 38, 0, -1, -1.5707963267948966, 1.0
175, 56, 473, 74, 473, 77, 0, -3, -1.5707963267948966, 3.0
175, 57, 246, 405, 247, 405, -1, 0, 3.141592653589793, 1.0
175, 58, 799, 254, 799, 250, 0, 4, 1.5707963267948966, 4.0
175, 59, 367, 495, 367, 492, 0, 3, 1.5707963267948966, 3.0
175, 60, 763, 44, 764, 44, -1, 0, 3.141592653589793, 1.0
175, 61, 607, 177, 607, 175, 0, 2, 1.5707963267948966, 2.0
175, 62, 1042, 209, 1043, 212, -1, -3, -1.892546881191539, 3.1622776601683795
175, 63, 734, 193, 735, 197, -1, -4, -1.8157749899217608, 4.123105625617661
175, 64, 582, 11, 582, 12, 0, -1, -1.5707963267948966, 1.0
175, 65, 802, 34, 803, 34, -1, 0, 3.141592653589793, 1.0
175, 66, 494, 36, 494, 37, 0, -1, -1.5707963267948966, 1.0
175, 67, 633, 490, 633, 485, 0, 5, 1.5707963267948966, 5.0
175, 68, 646, 317, 646, 314, 0, 3, 1.5707963267948966, 3.0
175, 69, 72, 150, 73, 150, -1, 0, 3.141592653589793, 1.0
175, 70, 783, 15, 784, 15, -1, 0, 3.141592653589793, 1.0
175, 71, 299, 359, 300, 359, -1, 0, 3.141592653589793, 1.0
175, 72, 804, 118, 804, 120, 0, -2, -1.5707963267948966, 2.0
175, 73, 728, 275, 728, 280, 0, -5, -1.5707963267948966, 5.0
175, 74, 799, 330, 799, 327, 0, 3, 1.5707963267948966, 3.0
175, 75, 782, 115, 783, 118, -1, -3, -1.892546881191539, 3.1622776601683795
175, 76, 462, 73, 462, 76, 0, -3, -1.5707963267948966, 3.0
175, 77, 821, 12, 822, 12, -1, 0, 3.141592653589793, 1.0
175, 78, 467, 156, 468, 158, -1, -2, -2.0344439357957027, 2.23606797749979
175, 79, 480, 58, 480, 60, 0, -2, -1.5707963267948966, 2.0
175, 80, 622, 468, 622, 466, 0, 2, 1.5707963267948966, 2.0
175, 81, 936, 102, 937, 102, -1, 0, 3.141592653589793, 1.0
175, 82, 132, 635, 132, 633, 0, 2, 1.5707963267948966, 2.0
175, 83, 1167, 245, 1166, 241, 1, 4, 1.3258176636680326, 4.123105625617661
175, 84, 1231, 445, 1232, 445, -1, 0, 3.141592653589793, 1.0
175, 85, 1256, 341, 1254, 337, 2, 4, 1.1071487177940904, 4.47213595499958
175, 86, 147, 88, 147, 86, 0, 2, 1.5707963267948966, 2.0
175, 87, 1198, 100, 1198, 99, 0, 1, 1.5707963267948966, 1.0
175, 88, 860, 280, 860, 284, 0, -4, -1.5707963267948966, 4.0
175, 89, 664, 456, 664, 452, 0, 4, 1.5707963267948966, 4.0
175, 90, 489, 105, 490, 107, -1, -2, -2.0344439357957027, 2.23606797749979
175, 91, 654, 308, 654, 305, 0, 3, 1.5707963267948966, 3.0
175, 92, 647, 412, 648, 410, -1, 2, 2.0344439357957027, 2.23606797749979
175, 93, 1198, 160, 1198, 159, 0, 1, 1.5707963267948966, 1.0
175, 94, 636, 478, 636, 475, 0, 3, 1.5707963267948966, 3.0
175, 95, 1033, 23, 1033, 23, 0, 0, 0.0, 0.0
175, 96, 503, 410, 504, 414, -1, -4, -1.8157749899217608, 4.123105625617661
175, 97, 614, 216, 615, 216, -1, 0, 3.141592653589793, 1.0
175, 98, 847, 386, 848, 388, -1, -2, -2.0344439357957027, 2.23606797749979
175, 99, 1242, 339, 1239, 336, 3, 3, 0.7853981633974483, 4.242640687119285
175, 100, 484, 342, 485, 346, -1, -4, -1.8157749899217608, 4.123105625617661
175, 101, 923, 96, 924, 96, -1, 0, 3.141592653589793, 1.0
175, 102, 1210, 408, 1209, 407, 1, 1, 0.7853981633974483, 1.4142135623730951
175, 103, 702, 272, 703, 276, -1, -4, -1.8157749899217608, 4.123105625617661
175, 104, 366, 391, 367, 389, -1, 2, 2.0344439357957027, 2.23606797749979
175, 105, 838, 343, 839, 347, -1, -4, -1.8157749899217608, 4.123105625617661
175, 106, 507, 361, 507, 365, 0, -4, -1.5707963267948966, 4.0
175, 107, 488, 457, 488, 459, 0, -2, -1.5707963267948966, 2.0
175, 108, 473, 437, 472, 441, 1, -4, -1.3258176636680326, 4.123105625617661
175, 109, 785, 325, 785, 325, 0, 0, 0.0, 0.0
175, 110, 1203, 199, 1202, 198, 1, 1, 0.7853981633974483, 1.4142135623730951
175, 111, 397, 596, 400, 594, -3, 2, 2.5535900500422257, 3.605551275463989
175, 112, 611, 167, 612, 166, -1, 1, 2.356194490192345, 1.4142135623730951
175, 113, 385, 417, 385, 415, 0, 2, 1.5707963267948966, 2.0
175, 114, 840, 303, 842, 306, -2, -3, -2.158798930342464, 3.605551275463989
175, 115, 140, 29, 142, 27, -2, 2, 2.356194490192345, 2.8284271247461903
175, 116, 496, 12, 496, 12, 0, 0, 0.0, 0.0
175, 117, 810, 293, 810, 291, 0, 2, 1.5707963267948966, 2.0
175, 118, 476, 408, 476, 411, 0, -3, -1.5707963267948966, 3.0
175, 119, 807, 279, 807, 276, 0, 3, 1.5707963267948966, 3.0
175, 120, 743, 209, 744, 211, -1, -2, -2.0344439357957027, 2.23606797749979
175, 121, 152, 36, 153, 35, -1, 1, 2.356194490192345, 1.4142135623730951
175, 122, 712, 272, 713, 276, -1, -4, -1.8157749899217608, 4.123105625617661
175, 123, 932, 94, 933, 94, -1, 0, 3.141592653589793, 1.0
175, 124, 1211, 91, 1211, 91, 0, 0, 0.0, 0.0
175, 125, 148, 60, 149, 59, -1, 1, 2.356194490192345, 1.4142135623730951
175, 126, 1025, 23, 1025, 23, 0, 0, 0.0, 0.0
175, 127, 279, 306, 279, 306, 0, 0, 0.0, 0.0
175, 128, 383, 501, 383, 498, 0, 3, 1.5707963267948966, 3.0
175, 129, 150, 105, 150, 103, 0, 2, 1.5707963267948966, 2.0
175, 130, 798, 20, 799, 20, -1, 0, 3.141592653589793, 1.0
175, 131, 70, 108, 71, 108, -1, 0, 3.141592653589793, 1.0
175, 132, 635, 47, 636, 47, -1, 0, 3.141592653589793, 1.0
175, 133, 1225, 395, 1223, 392, 2, 3, 0.982793723247329, 3.605551275463989
175, 134, 869, 301, 870, 305, -1, -4, -1.8157749899217608, 4.123105625617661
175, 135, 187, 638, 187, 635, 0, 3, 1.5707963267948966, 3.0
175, 136, 631, 348, 631, 344, 0, 4, 1.5707963267948966, 4.0
175, 137, 326, 51, 325, 51, 1, 0, 0.0, 1.0
175, 138, 626, 205, 627, 202, -1, 3, 1.892546881191539, 3.1622776601683795
175, 139, 170, 95, 170, 95, 0, 0, 0.0, 0.0
175, 140, 563, 81, 563, 83, 0, -2, -1.5707963267948966, 2.0
175, 141, 507, 379, 508, 386, -1, -7, -1.7126933813990606, 7.0710678118654755
175, 142, 1242, 89, 1241, 88, 1, 1, 0.7853981633974483, 1.4142135623730951
175, 143, 352, 382, 353, 380, -1, 2, 2.0344439357957027, 2.23606797749979
175, 144, 265, 324, 266, 324, -1, 0, 3.141592653589793, 1.0
175, 145, 659, 319, 659, 316, 0, 3, 1.5707963267948966, 3.0
175, 146, 855, 344, 856, 347, -1, -3, -1.892546881191539, 3.1622776601683795
175, 147, 707, 362, 707, 364, 0, -2, -1.5707963267948966, 2.0
175, 148, 1203, 174, 1203, 173, 0, 1, 1.5707963267948966, 1.0
175, 149, 498, 94, 499, 97, -1, -3, -1.892546881191539, 3.1622776601683795
176, 0, 251, 340, 252, 340, -1, 0, 3.141592653589793, 1.0
176, 1, 863, 296, 864, 299, -1, -3, -1.892546881191539, 3.1622776601683795
176, 2, 171, 76, 172, 75, -1, 1, 2.356194490192345, 1.4142135623730951
176, 3, 257, 372, 258, 372, -1, 0, 3.141592653589793, 1.0
176, 4, 276, 338, 277, 338, -1, 0, 3.141592653589793, 1.0
176, 5, 324, 76, 324, 76, 0, 0, 0.0, 0.0
176, 6, 804, 261, 804, 258, 0, 3, 1.5707963267948966, 3.0
176, 7, 347, 423, 348, 420, -1, 3, 1.892546881191539, 3.1622776601683795
176, 8, 483, 356, 484, 359, -1, -3, -1.892546881191539, 3.1622776601683795
176, 9, 617, 128, 618, 127, -1, 1, 2.356194490192345, 1.4142135623730951
176, 10, 851, 295, 852, 298, -1, -3, -1.892546881191539, 3.1622776601683795
176, 11, 496, 354, 496, 358, 0, -4, -1.5707963267948966, 4.0
176, 12, 134, 595, 133, 591, 1, 4, 1.3258176636680326, 4.123105625617661
176, 13, 839, 339, 839, 344, 0, -5, -1.5707963267948966, 5.0
176, 14, 1067, 115, 1067, 118, 0, -3, -1.5707963267948966, 3.0
176, 15, 315, 14, 311, 15, 4, -1, -0.24497866312686414, 4.123105625617661
176, 16, 369, 506, 368, 503, 1, 3, 1.2490457723982544, 3.1622776601683795
176, 17, 373, 478, 374, 478, -1, 0, 3.141592653589793, 1.0
176, 18, 594, 9, 595, 11, -1, -2, -2.0344439357957027, 2.23606797749979
176, 19, 407, 537, 407, 535, 0, 2, 1.5707963267948966, 2.0
176, 20, 1215, 391, 1214, 388, 1, 3, 1.2490457723982544, 3.1622776601683795
176, 21, 1255, 384, 1253, 381, 2, 3, 0.982793723247329, 3.605551275463989
176, 22, 141, 652, 141, 650, 0, 2, 1.5707963267948966, 2.0
176, 23, 1066, 171, 1067, 174, -1, -3, -1.892546881191539, 3.1622776601683795
176, 24, 307, 326, 307, 327, 0, -1, -1.5707963267948966, 1.0
176, 25, 293, 317, 293, 317, 0, 0, 0.0, 0.0
176, 26, 488, 28, 488, 30, 0, -2, -1.5707963267948966, 2.0
176, 27, 639, 399, 639, 397, 0, 2, 1.5707963267948966, 2.0
176, 28, 806, 99, 806, 102, 0, -3, -1.5707963267948966, 3.0
176, 29, 835, 321, 835, 326, 0, -5, -1.5707963267948966, 5.0
176, 30, 470, 65, 470, 68, 0, -3, -1.5707963267948966, 3.0
176, 31, 310, 73, 308, 71, 2, 2, 0.7853981633974483, 2.8284271247461903
176, 32, 317, 61, 315, 60, 2, 1, 0.4636476090008061, 2.23606797749979
176, 33, 638, 387, 638, 384, 0, 3, 1.5707963267948966, 3.0
176, 34, 332, 354, 332, 354, 0, 0, 0.0, 0.0
176, 35, 468, 429, 466, 433, 2, -4, -1.1071487177940904, 4.47213595499958
176, 36, 709, 294, 709, 297, 0, -3, -1.5707963267948966, 3.0
176, 37, 312, 23, 309, 24, 3, -1, -0.3217505543966422, 3.1622776601683795
176, 38, 1232, 397, 1231, 393, 1, 4, 1.3258176636680326, 4.123105625617661
176, 39, 317, 391, 317, 391, 0, 0, 0.0, 0.0
176, 40, 1195, 138, 1194, 137, 1, 1, 0.7853981633974483, 1.4142135623730951
176, 41, 318, 71, 318, 70, 0, 1, 1.5707963267948966, 1.0
176, 42, 849, 389, 849, 390, 0, -1, -1.5707963267948966, 1.0
176, 43, 794, 76, 794, 79, 0, -3, -1.5707963267948966, 3.0
176, 44, 463, 425, 461, 428, 2, -3, -0.982793723247329, 3.605551275463989
176, 45, 263, 341, 264, 341, -1, 0, 3.141592653589793, 1.0
176, 46, 51, 79, 52, 79, -1, 0, 3.141592653589793, 1.0
176, 47, 1053, 124, 1054, 127, -1, -3, -1.892546881191539, 3.1622776601683795
176, 48, 274, 319, 275, 319, -1, 0, 3.141592653589793, 1.0
176, 49, 648, 510, 649, 510, -1, 0, 3.141592653589793, 1.0
176, 50, 151, 585, 150, 582, 1, 3, 1.2490457723982544, 3.1622776601683795
176, 51, 516, 388, 517, 395, -1, -7, -1.7126933813990606, 7.0710678118654755
176, 52, 259, 331, 260, 331, -1, 0, 3.141592653589793, 1.0
176, 53, 702, 288, 702, 291, 0, -3, -1.5707963267948966, 3.0
176, 54, 1064, 127, 1064, 130, 0, -3, -1.5707963267948966, 3.0
176, 55, 484, 36, 484, 38, 0, -2, -1.5707963267948966, 2.0
176, 56, 252, 388, 253, 388, -1, 0, 3.141592653589793, 1.0
176, 57, 365, 453, 366, 450, -1, 3, 1.892546881191539, 3.1622776601683795
176, 58, 1216, 406, 1213, 404, 3, 2, 0.5880026035475675, 3.605551275463989
176, 59, 490, 106, 491, 108, -1, -2, -2.0344439357957027, 2.23606797749979
176, 60, 1257, 341, 1255, 338, 2, 3, 0.982793723247329, 3.605551275463989
176, 61, 248, 404, 248, 405, 0, -1, -1.5707963267948966, 1.0
176, 62, 790, 260, 789, 257, 1, 3, 1.2490457723982544, 3.1622776601683795
176, 63, 622, 470, 622, 469, 0, 1, 1.5707963267948966, 1.0
176, 64, 714, 287, 714, 290, 0, -3, -1.5707963267948966, 3.0
176, 65, 803, 341, 803, 336, 0, 5, 1.5707963267948966, 5.0
176, 66, 505, 408, 506, 413, -1, -5, -1.7681918866447774, 5.0990195135927845
176, 67, 562, 10, 562, 11, 0, -1, -1.5707963267948966, 1.0
176, 68, 783, 15, 784, 15, -1, 0, 3.141592653589793, 1.0
176, 69, 661, 416, 660, 413, 1, 3, 1.2490457723982544, 3.1622776601683795
176, 70, 764, 44, 765, 44, -1, 0, 3.141592653589793, 1.0
176, 71, 467, 155, 468, 159, -1, -4, -1.8157749899217608, 4.123105625617661
176, 72, 939, 19, 940, 19, -1, 0, 3.141592653589793, 1.0
176, 73, 1196, 212, 1195, 210, 1, 2, 1.1071487177940904, 2.23606797749979
176, 74, 804, 34, 805, 34, -1, 0, 3.141592653589793, 1.0
176, 75, 369, 499, 368, 496, 1, 3, 1.2490457723982544, 3.1622776601683795
176, 76, 800, 254, 800, 251, 0, 3, 1.5707963267948966, 3.0
176, 77, 664, 325, 664, 321, 0, 4, 1.5707963267948966, 4.0
176, 78, 134, 652, 134, 650, 0, 2, 1.5707963267948966, 2.0
176, 79, 473, 74, 473, 77, 0, -3, -1.5707963267948966, 3.0
176, 80, 735, 194, 736, 198, -1, -4, -1.8157749899217608, 4.123105625617661
176, 81, 787, 325, 787, 325, 0, 0, 0.0, 0.0
176, 82, 1232, 446, 1232, 446, 0, 0, 0.0, 0.0
176, 83, 330, 366, 330, 366, 0, 0, 0.0, 0.0
176, 84, 1033, 159, 1034, 161, -1, -2, -2.0344439357957027, 2.23606797749979
176, 85, 822, 12, 823, 12, -1, 0, 3.141592653589793, 1.0
176, 86, 399, 603, 403, 602, -4, 1, 2.896613990462929, 4.123105625617661
176, 87, 330, 407, 331, 407, -1, 0, 3.141592653589793, 1.0
176, 88, 480, 440, 480, 444, 0, -4, -1.5707963267948966, 4.0
176, 89, 480, 59, 480, 61, 0, -2, -1.5707963267948966, 2.0
176, 90, 937, 102, 938, 102, -1, 0, 3.141592653589793, 1.0
176, 91, 804, 119, 804, 121, 0, -2, -1.5707963267948966, 2.0
176, 92, 793, 254, 793, 251, 0, 3, 1.5707963267948966, 3.0
176, 93, 494, 36, 494, 38, 0, -2, -1.5707963267948966, 2.0
176, 94, 860, 282, 861, 285, -1, -3, -1.892546881191539, 3.1622776601683795
176, 95, 288, 377, 288, 378, 0, -1, -1.5707963267948966, 1.0
176, 96, 799, 21, 800, 21, -1, 0, 3.141592653589793, 1.0
176, 97, 583, 10, 583, 12, 0, -2, -1.5707963267948966, 2.0
176, 98, 265, 381, 265, 381, 0, 0, 0.0, 0.0
176, 99, 607, 177, 607, 176, 0, 1, 1.5707963267948966, 1.0
176, 100, 396, 530, 397, 529, -1, 1, 2.356194490192345, 1.4142135623730951
176, 101, 366, 392, 367, 389, -1, 3, 1.892546881191539, 3.1622776601683795
176, 102, 462, 73, 462, 77, 0, -4, -1.5707963267948966, 4.0
176, 103, 649, 310, 649, 306, 0, 4, 1.5707963267948966, 4.0
176, 104, 1210, 409, 1207, 408, 3, 1, 0.3217505543966422, 3.1622776601683795
176, 105, 634, 495, 635, 491, -1, 4, 1.8157749899217608, 4.123105625617661
176, 106, 187, 638, 187, 636, 0, 2, 1.5707963267948966, 2.0
176, 107, 636, 481, 637, 479, -1, 2, 2.0344439357957027, 2.23606797749979
176, 108, 784, 116, 784, 119, 0, -3, -1.5707963267948966, 3.0
176, 109, 147, 87, 148, 86, -1, 1, 2.356194490192345, 1.4142135623730951
176, 110, 474, 437, 473, 441, 1, -4, -1.3258176636680326, 4.123105625617661
176, 111, 647, 319, 647, 315, 0, 4, 1.5707963267948966, 4.0
176, 112, 507, 377, 508, 384, -1, -7, -1.7126933813990606, 7.0710678118654755
176, 113, 174, 665, 173, 662, 1, 3, 1.2490457723982544, 3.1622776601683795
176, 114, 552, 11, 552, 12, 0, -1, -1.5707963267948966, 1.0
176, 115, 707, 364, 707, 366, 0, -2, -1.5707963267948966, 2.0
176, 116, 487, 19, 487, 21, 0, -2, -1.5707963267948966, 2.0
176, 117, 1203, 201, 1202, 199, 1, 2, 1.1071487177940904, 2.23606797749979
176, 118, 1243, 340, 1240, 337, 3, 3, 0.7853981633974483, 4.242640687119285
176, 119, 72, 150, 73, 150, -1, 0, 3.141592653589793, 1.0
176, 120, 710, 222, 711, 226, -1, -4, -1.8157749899217608, 4.123105625617661
176, 121, 719, 314, 719, 318, 0, -4, -1.5707963267948966, 4.0
176, 122, 1041, 208, 1041, 212, 0, -4, -1.5707963267948966, 4.0
176, 123, 615, 216, 616, 216, -1, 0, 3.141592653589793, 1.0
176, 124, 149, 61, 150, 60, -1, 1, 2.356194490192345, 1.4142135623730951
176, 125, 789, 121, 789, 124, 0, -3, -1.5707963267948966, 3.0
176, 126, 467, 404, 467, 407, 0, -3, -1.5707963267948966, 3.0
176, 127, 808, 295, 808, 292, 0, 3, 1.5707963267948966, 3.0
176, 128, 1198, 100, 1198, 100, 0, 0, 0.0, 0.0
176, 129, 1033, 23, 1033, 23, 0, 0, 0.0, 0.0
176, 130, 924, 96, 925, 96, -1, 0, 3.141592653589793, 1.0
176, 131, 932, 95, 933, 95, -1, 0, 3.141592653589793, 1.0
176, 132, 1180, 258, 1180, 258, 0, 0, 0.0, 0.0
176, 133, 1243, 90, 1242, 89, 1, 1, 0.7853981633974483, 1.4142135623730951
176, 134, 1212, 91, 1212, 91, 0, 0, 0.0, 0.0
176, 135, 277, 349, 278, 349, -1, 0, 3.141592653589793, 1.0
176, 136, 282, 323, 283, 323, -1, 0, 3.141592653589793, 1.0
176, 137, 666, 461, 666, 458, 0, 3, 1.5707963267948966, 3.0
176, 138, 856, 373, 856, 379, 0, -6, -1.5707963267948966, 6.0
176, 139, 712, 274, 713, 277, -1, -3, -1.892546881191539, 3.1622776601683795
176, 140, 611, 167, 612, 166, -1, 1, 2.356194490192345, 1.4142135623730951
176, 141, 141, 29, 143, 28, -2, 1, 2.677945044588987, 2.23606797749979
176, 142, 1203, 166, 1203, 165, 0, 1, 1.5707963267948966, 1.0
176, 143, 263, 390, 263, 390, 0, 0, 0.0, 0.0
176, 144, 386, 418, 386, 416, 0, 2, 1.5707963267948966, 2.0
176, 145, 295, 370, 295, 371, 0, -1, -1.5707963267948966, 1.0
176, 146, 637, 47, 637, 47, 0, 0, 0.0, 0.0
176, 147, 486, 342, 486, 346, 0, -4, -1.5707963267948966, 4.0
176, 148, 632, 349, 632, 345, 0, 4, 1.5707963267948966, 4.0
176, 149, 243, 325, 244, 325, -1, 0, 3.141592653589793, 1.0
176, 150, 1204, 174, 1204, 173, 0, 1, 1.5707963267948966, 1.0
176, 151, 646, 47, 646, 46, 0, 1, 1.5707963267948966, 1.0
176, 152, 695, 327, 695, 329, 0, -2, -1.5707963267948966, 2.0
176, 153, 294, 383, 294, 384, 0, -1, -1.5707963267948966, 1.0
176, 154, 265, 324, 266, 324, -1, 0, 3.141592653589793, 1.0
176, 155, 743, 210, 744, 212, -1, -2, -2.0344439357957027, 2.23606797749979
176, 156, 280, 305, 280, 305, 0, 0, 0.0, 0.0
176, 157, 379, 496, 379, 493, 0, 3, 1.5707963267948966, 3.0
176, 158, 267, 396, 267, 396, 0, 0, 0.0, 0.0
176, 159, 1224, 163, 1223, 162, 1, 1, 0.7853981633974483, 1.4142135623730951
176, 160, 563, 80, 563, 81, 0, -1, -1.5707963267948966, 1.0
176, 161, 14, 479, 11, 476, 3, 3, 0.7853981633974483, 4.242640687119285
176, 162, 818, 21, 819, 21, -1, 0, 3.141592653589793, 1.0
176, 163, 285, 360, 286, 360, -1, 0, 3.141592653589793, 1.0
177, 0, 250, 340, 251, 340, -1, 0, 3.141592653589793, 1.0
177, 1, 863, 291, 863, 296, 0, -5, -1.5707963267948966, 5.0
177, 2, 170, 77, 171, 76, -1, 1, 2.356194490192345, 1.4142135623730951
177, 3, 256, 372, 257, 372, -1, 0, 3.141592653589793, 1.0
177, 4, 324, 76, 324, 76, 0, 0, 0.0, 0.0
177, 5, 804, 264, 804, 261, 0, 3, 1.5707963267948966, 3.0
177, 6, 345, 426, 347, 423, -2, 3, 2.158798930342464, 3.605551275463989
177, 7, 483, 351, 483, 356, 0, -5, -1.5707963267948966, 5.0
177, 8, 616, 132, 617, 128, -1, 4, 1.8157749899217608, 4.123105625617661
177, 9, 850, 291, 851, 295, -1, -4, -1.8157749899217608, 4.123105625617661
177, 10, 496, 350, 496, 354, 0, -4, -1.5707963267948966, 4.0
177, 11, 135, 598, 134, 595, 1, 3, 1.2490457723982544, 3.1622776601683795
177, 12, 839, 336, 839, 339, 0, -3, -1.5707963267948966, 3.0
177, 13, 1065, 110, 1067, 115, -2, -5, -1.9513027039072615, 5.385164807134504
177, 14, 318, 13, 315, 14, 3, -1, -0.3217505543966422, 3.1622776601683795
177, 15, 371, 508, 369, 506, 2, 2, 0.7853981633974483, 2.8284271247461903
177, 16, 372, 478, 373, 478, -1, 0, 3.141592653589793, 1.0
177, 17, 407, 542, 407, 537, 0, 5, 1.5707963267948966, 5.0
177, 18, 1215, 393, 1215, 391, 0, 2, 1.5707963267948966, 2.0
177, 19, 1258, 387, 1255, 384, 3, 3, 0.7853981633974483, 4.242640687119285
177, 20, 141, 653, 141, 652, 0, 1, 1.5707963267948966, 1.0
177, 21, 1064, 169, 1066, 171, -2, -2, -2.356194490192345, 2.8284271247461903
177, 22, 307, 325, 307, 326, 0, -1, -1.5707963267948966, 1.0
177, 23, 293, 317, 293, 317, 0, 0, 0.0, 0.0
177, 24, 489, 24, 488, 28, 1, -4, -1.3258176636680326, 4.123105625617661
177, 25, 639, 401, 639, 399, 0, 2, 1.5707963267948966, 2.0
177, 26, 807, 95, 806, 99, 1, -4, -1.3258176636680326, 4.123105625617661
177, 27, 835, 316, 835, 321, 0, -5, -1.5707963267948966, 5.0
177, 28, 469, 60, 470, 65, -1, -5, -1.7681918866447774, 5.0990195135927845
177, 29, 311, 72, 310, 73, 1, -1, -0.7853981633974483, 1.4142135623730951
177, 30, 320, 59, 317, 61, 3, -2, -0.5880026035475675, 3.605551275463989
177, 31, 638, 389, 638, 387, 0, 2, 1.5707963267948966, 2.0
177, 32, 332, 353, 332, 354, 0, -1, -1.5707963267948966, 1.0
177, 33, 470, 425, 468, 429, 2, -4, -1.1071487177940904, 4.47213595499958
177, 34, 708, 289, 709, 294, -1, -5, -1.7681918866447774, 5.0990195135927845
177, 35, 315, 22, 312, 23, 3, -1, -0.3217505543966422, 3.1622776601683795
177, 36, 1230, 402, 1232, 397, -2, 5, 1.9513027039072615, 5.385164807134504
177, 37, 317, 391, 317, 391, 0, 0, 0.0, 0.0
177, 38, 1196, 140, 1195, 138, 1, 2, 1.1071487177940904, 2.23606797749979
177, 39, 319, 71, 318, 71, 1, 0, 0.0, 1.0
177, 40, 794, 71, 794, 76, 0, -5, -1.5707963267948966, 5.0
177, 41, 465, 420, 463, 425, 2, -5, -1.1902899496825317, 5.385164807134504
177, 42, 262, 341, 263, 341, -1, 0, 3.141592653589793, 1.0
177, 43, 49, 79, 51, 79, -2, 0, 3.141592653589793, 2.0
177, 44, 1052, 119, 1053, 124, -1, -5, -1.7681918866447774, 5.0990195135927845
177, 45, 273, 319, 274, 319, -1, 0, 3.141592653589793, 1.0
177, 46, 648, 511, 648, 510, 0, 1, 1.5707963267948966, 1.0
177, 47, 151, 588, 151, 585, 0, 3, 1.5707963267948966, 3.0
177, 48, 515, 382, 516, 388, -1, -6, -1.7359450042095235, 6.082762530298219
177, 49, 258, 331, 259, 331, -1, 0, 3.141592653589793, 1.0
177, 50, 701, 283, 702, 288, -1, -5, -1.7681918866447774, 5.0990195135927845
177, 51, 1063, 121, 1064, 127, -1, -6, -1.7359450042095235, 6.082762530298219
177, 52, 485, 32, 484, 36, 1, -4, -1.3258176636680326, 4.123105625617661
177, 53, 251, 388, 252, 388, -1, 0, 3.141592653589793, 1.0
177, 54, 363, 456, 365, 453, -2, 3, 2.158798930342464, 3.605551275463989
177, 55, 1219, 407, 1216, 406, 3, 1, 0.3217505543966422, 3.1622776601683795
177, 56, 489, 103, 490, 106, -1, -3, -1.892546881191539, 3.1622776601683795
177, 57, 1259, 344, 1257, 341, 2, 3, 0.982793723247329, 3.605551275463989
177, 58, 248, 403, 248, 404, 0, -1, -1.5707963267948966, 1.0
177, 59, 791, 263, 790, 260, 1, 3, 1.2490457723982544, 3.1622776601683795
177, 60, 622, 471, 622, 470, 0, 1, 1.5707963267948966, 1.0
177, 61, 713, 282, 714, 287, -1, -5, -1.7681918866447774, 5.0990195135927845
177, 62, 802, 344, 803, 341, -1, 3, 1.892546881191539, 3.1622776601683795
177, 63, 505, 403, 505, 408, 0, -5, -1.5707963267948966, 5.0
177, 64, 562, 9, 562, 10, 0, -1, -1.5707963267948966, 1.0
177, 65, 781, 15, 783, 15, -2, 0, 3.141592653589793, 2.0
177, 66, 663, 419, 661, 416, 2, 3, 0.982793723247329, 3.605551275463989
177, 67, 762, 44, 764, 44, -2, 0, 3.141592653589793, 2.0
177, 68, 466, 152, 467, 155, -1, -3, -1.892546881191539, 3.1622776601683795
177, 69, 938, 19, 939, 19, -1, 0, 3.141592653589793, 1.0
177, 70, 1197, 216, 1196, 212, 1, 4, 1.3258176636680326, 4.123105625617661
177, 71, 803, 34, 804, 34, -1, 0, 3.141592653589793, 1.0
177, 72, 370, 502, 369, 499, 1, 3, 1.2490457723982544, 3.1622776601683795
177, 73, 801, 257, 800, 254, 1, 3, 1.2490457723982544, 3.1622776601683795
177, 74, 665, 328, 664, 325, 1, 3, 1.2490457723982544, 3.1622776601683795
177, 75, 134, 653, 134, 652, 0, 1, 1.5707963267948966, 1.0
177, 76, 473, 69, 473, 74, 0, -5, -1.5707963267948966, 5.0
177, 77, 734, 189, 735, 194, -1, -5, -1.7681918866447774, 5.0990195135927845
177, 78, 1232, 445, 1232, 446, 0, -1, -1.5707963267948966, 1.0
177, 79, 330, 366, 330, 366, 0, 0, 0.0, 0.0
177, 80, 1031, 155, 1033, 159, -2, -4, -2.0344439357957027, 4.47213595499958
177, 81, 820, 12, 822, 12, -2, 0, 3.141592653589793, 2.0
177, 82, 395, 606, 399, 603, -4, 3, 2.498091544796509, 5.0
177, 83, 482, 436, 480, 440, 2, -4, -1.1071487177940904, 4.47213595499958
177, 84, 481, 55, 480, 59, 1, -4, -1.3258176636680326, 4.123105625617661
177, 85, 936, 102, 937, 102, -1, 0, 3.141592653589793, 1.0
177, 86, 804, 115, 804, 119, 0, -4, -1.5707963267948966, 4.0
177, 87, 793, 257, 793, 254, 0, 3, 1.5707963267948966, 3.0
177, 88, 495, 32, 494, 36, 1, -4, -1.3258176636680326, 4.123105625617661
177, 89, 860, 276, 860, 282, 0, -6, -1.5707963267948966, 6.0
177, 90, 288, 376, 288, 377, 0, -1, -1.5707963267948966, 1.0
177, 91, 798, 21, 799, 21, -1, 0, 3.141592653589793, 1.0
177, 92, 265, 381, 265, 381, 0, 0, 0.0, 0.0
177, 93, 607, 178, 607, 177, 0, 1, 1.5707963267948966, 1.0
177, 94, 394, 533, 396, 530, -2, 3, 2.158798930342464, 3.605551275463989
177, 95, 363, 395, 366, 392, -3, 3, 2.356194490192345, 4.242640687119285
177, 96, 461, 68, 462, 73, -1, -5, -1.7681918866447774, 5.0990195135927845
177, 97, 650, 313, 649, 310, 1, 3, 1.2490457723982544, 3.1622776601683795
177, 98, 1212, 410, 1210, 409, 2, 1, 0.4636476090008061, 2.23606797749979
177, 99, 634, 497, 634, 495, 0, 2, 1.5707963267948966, 2.0
177, 100, 187, 639, 187, 638, 0, 1, 1.5707963267948966, 1.0
177, 101, 636, 484, 636, 481, 0, 3, 1.5707963267948966, 3.0
177, 102, 783, 111, 784, 116, -1, -5, -1.7681918866447774, 5.0990195135927845
177, 103, 146, 90, 147, 87, -1, 3, 1.892546881191539, 3.1622776601683795
177, 104, 476, 434, 474, 437, 2, -3, -0.982793723247329, 3.605551275463989
177, 105, 649, 321, 647, 319, 2, 2, 0.7853981633974483, 2.8284271247461903
177, 106, 505, 370, 507, 377, -2, -7, -1.849095985800008, 7.280109889280518
177, 107, 175, 666, 174, 665, 1, 1, 0.7853981633974483, 1.4142135623730951
177, 108, 552, 9, 552, 11, 0, -2, -1.5707963267948966, 2.0
177, 109, 706, 362, 707, 364, -1, -2, -2.0344439357957027, 2.23606797749979
177, 110, 487, 16, 487, 19, 0, -3, -1.5707963267948966, 3.0
177, 111, 1205, 205, 1203, 201, 2, 4, 1.1071487177940904, 4.47213595499958
177, 112, 1246, 342, 1243, 340, 3, 2, 0.5880026035475675, 3.605551275463989
177, 113, 71, 151, 72, 150, -1, 1, 2.356194490192345, 1.4142135623730951
177, 114, 709, 218, 710, 222, -1, -4, -1.8157749899217608, 4.123105625617661
177, 115, 719, 310, 719, 314, 0, -4, -1.5707963267948966, 4.0
177, 116, 1039, 204, 1041, 208, -2, -4, -2.0344439357957027, 4.47213595499958
177, 117, 615, 217, 615, 216, 0, 1, 1.5707963267948966, 1.0
177, 118, 147, 63, 149, 61, -2, 2, 2.356194490192345, 2.8284271247461903
177, 119, 789, 116, 789, 121, 0, -5, -1.5707963267948966, 5.0
177, 120, 469, 399, 467, 404, 2, -5, -1.1902899496825317, 5.385164807134504
177, 121, 809, 299, 808, 295, 1, 4, 1.3258176636680326, 4.123105625617661
177, 122, 1199, 102, 1198, 100, 1, 2, 1.1071487177940904, 2.23606797749979
177, 123, 1034, 23, 1033, 23, 1, 0, 0.0, 1.0
177, 124, 923, 96, 924, 96, -1, 0, 3.141592653589793, 1.0
177, 125, 931, 95, 932, 95, -1, 0, 3.141592653589793, 1.0
177, 126, 1180, 259, 1180, 258, 0, 1, 1.5707963267948966, 1.0
177, 127, 1245, 92, 1243, 90, 2, 2, 0.7853981633974483, 2.8284271247461903
177, 128, 1213, 93, 1212, 91, 1, 2, 1.1071487177940904, 2.23606797749979
177, 129, 281, 323, 282, 323, -1, 0, 3.141592653589793, 1.0
177, 130, 666, 465, 666, 461, 0, 4, 1.5707963267948966, 4.0
177, 131, 855, 366, 856, 373, -1, -7, -1.7126933813990606, 7.0710678118654755
177, 132, 710, 270, 712, 274, -2, -4, -2.0344439357957027, 4.47213595499958
177, 133, 610, 169, 611, 167, -1, 2, 2.0344439357957027, 2.23606797749979
177, 134, 138, 31, 141, 29, -3, 2, 2.5535900500422257, 3.605551275463989
177, 135, 1203, 168, 1203, 166, 0, 2, 1.5707963267948966, 2.0
177, 136, 263, 390, 263, 390, 0, 0, 0.0, 0.0
177, 137, 385, 421, 386, 418, -1, 3, 1.892546881191539, 3.1622776601683795
177, 138, 295, 369, 295, 370, 0, -1, -1.5707963267948966, 1.0
177, 139, 636, 47, 637, 47, -1, 0, 3.141592653589793, 1.0
177, 140, 485, 337, 486, 342, -1, -5, -1.7681918866447774, 5.0990195135927845
177, 141, 633, 351, 632, 349, 1, 2, 1.1071487177940904, 2.23606797749979
177, 142, 242, 325, 243, 325, -1, 0, 3.141592653589793, 1.0
177, 143, 1205, 177, 1204, 174, 1, 3, 1.2490457723982544, 3.1622776601683795
177, 144, 646, 48, 646, 47, 0, 1, 1.5707963267948966, 1.0
177, 145, 695, 324, 695, 327, 0, -3, -1.5707963267948966, 3.0
177, 146, 294, 382, 294, 383, 0, -1, -1.5707963267948966, 1.0
177, 147, 264, 324, 265, 324, -1, 0, 3.141592653589793, 1.0
177, 148, 280, 305, 280, 305, 0, 0, 0.0, 0.0
177, 149, 379, 499, 379, 496, 0, 3, 1.5707963267948966, 3.0
177, 150, 267, 396, 267, 396, 0, 0, 0.0, 0.0
177, 151, 1224, 164, 1224, 163, 0, 1, 1.5707963267948966, 1.0
177, 152, 563, 79, 563, 80, 0, -1, -1.5707963267948966, 1.0
177, 153, 16, 480, 14, 479, 2, 1, 0.4636476090008061, 2.23606797749979
177, 154, 817, 21, 818, 21, -1, 0, 3.141592653589793, 1.0
178, 0, 251, 340, 252, 340, -1, 0, 3.141592653589793, 1.0
178, 1, 864, 291, 864, 295, 0, -4, -1.5707963267948966, 4.0
178, 2, 171, 77, 172, 77, -1, 0, 3.141592653589793, 1.0
178, 3, 343, 422, 344, 420, -1, 2, 2.0344439357957027, 2.23606797749979
178, 4, 469, 421, 468, 425, 1, -4, -1.3258176636680326, 4.123105625617661
178, 5, 257, 373, 258, 373, -1, 0, 3.141592653589793, 1.0
178, 6, 836, 309, 836, 313, 0, -4, -1.5707963267948966, 4.0
178, 7, 303, 341, 303, 342, 0, -1, -1.5707963267948966, 1.0
178, 8, 618, 133, 618, 130, 0, 3, 1.5707963267948966, 3.0
178, 9, 257, 344, 258, 344, -1, 0, 3.141592653589793, 1.0
178, 10, 511, 371, 512, 376, -1, -5, -1.7681918866447774, 5.0990195135927845
178, 11, 489, 24, 489, 27, 0, -3, -1.5707963267948966, 3.0
178, 12, 277, 337, 277, 338, 0, -1, -1.5707963267948966, 1.0
178, 13, 496, 348, 497, 352, -1, -4, -1.8157749899217608, 4.123105625617661
178, 14, 807, 269, 806, 265, 1, 4, 1.3258176636680326, 4.123105625617661
178, 15, 470, 60, 470, 64, 0, -4, -1.5707963267948966, 4.0
178, 16, 840, 336, 839, 337, 1, -1, -0.7853981633974483, 1.4142135623730951
178, 17, 852, 290, 852, 294, 0, -4, -1.5707963267948966, 4.0
178, 18, 136, 601, 135, 598, 1, 3, 1.2490457723982544, 3.1622776601683795
178, 19, 374, 479, 374, 478, 0, 1, 1.5707963267948966, 1.0
178, 20, 319, 15, 316, 15, 3, 0, 0.0, 3.0
178, 21, 483, 352, 484, 355, -1, -3, -1.892546881191539, 3.1622776601683795
178, 22, 307, 326, 307, 327, 0, -1, -1.5707963267948966, 1.0
178, 23, 1063, 165, 1064, 168, -1, -3, -1.892546881191539, 3.1622776601683795
178, 24, 1065, 110, 1066, 114, -1, -4, -1.8157749899217608, 4.123105625617661
178, 25, 410, 544, 409, 539, 1, 5, 1.373400766945016, 5.0990195135927845
178, 26, 506, 401, 506, 406, 0, -5, -1.5707963267948966, 5.0
178, 27, 796, 21, 797, 21, -1, 0, 3.141592653589793, 1.0
178, 28, 274, 320, 275, 320, -1, 0, 3.141592653589793, 1.0
178, 29, 371, 514, 370, 511, 1, 3, 1.2490457723982544, 3.1622776601683795
178, 30, 332, 353, 332, 354, 0, -1, -1.5707963267948966, 1.0
178, 31, 294, 317, 294, 317, 0, 0, 0.0, 0.0
178, 32, 1034, 158, 1035, 161, -1, -3, -1.892546881191539, 3.1622776601683795
178, 33, 318, 23, 315, 24, 3, -1, -0.3217505543966422, 3.1622776601683795
178, 34, 638, 393, 638, 390, 0, 3, 1.5707963267948966, 3.0
178, 35, 708, 291, 709, 294, -1, -3, -1.892546881191539, 3.1622776601683795
178, 36, 318, 392, 318, 392, 0, 0, 0.0, 0.0
178, 37, 397, 539, 397, 535, 0, 4, 1.5707963267948966, 4.0
178, 38, 474, 69, 474, 73, 0, -4, -1.5707963267948966, 4.0
178, 39, 622, 468, 623, 467, -1, 1, 2.356194490192345, 1.4142135623730951
178, 40, 804, 34, 805, 34, -1, 0, 3.141592653589793, 1.0
178, 41, 37, 463, 35, 461, 2, 2, 0.7853981633974483, 2.8284271247461903
178, 42, 361, 464, 362, 460, -1, 4, 1.8157749899217608, 4.123105625617661
178, 43, 1258, 387, 1256, 385, 2, 2, 0.7853981633974483, 2.8284271247461903
178, 44, 259, 332, 260, 332, -1, 0, 3.141592653589793, 1.0
178, 45, 1196, 139, 1195, 138, 1, 1, 0.7853981633974483, 1.4142135623730951
178, 46, 795, 73, 795, 76, 0, -3, -1.5707963267948966, 3.0
178, 47, 252, 389, 253, 389, -1, 0, 3.141592653589793, 1.0
178, 48, 640, 403, 640, 401, 0, 2, 1.5707963267948966, 2.0
178, 49, 153, 591, 152, 588, 1, 3, 1.2490457723982544, 3.1622776601683795
178, 50, 848, 388, 849, 390, -1, -2, -2.0344439357957027, 2.23606797749979
178, 51, 1261, 345, 1260, 342, 1, 3, 1.2490457723982544, 3.1622776601683795
178, 52, 791, 267, 790, 264, 1, 3, 1.2490457723982544, 3.1622776601683795
178, 53, 495, 458, 495, 459, 0, -1, -1.5707963267948966, 1.0
178, 54, 327, 73, 326, 74, 1, -1, -0.7853981633974483, 1.4142135623730951
178, 55, 50, 80, 51, 80, -1, 0, 3.141592653589793, 1.0
178, 56, 701, 285, 702, 288, -1, -3, -1.892546881191539, 3.1622776601683795
178, 57, 1221, 418, 1219, 415, 2, 3, 0.982793723247329, 3.605551275463989
178, 58, 375, 581, 376, 578, -1, 3, 1.892546881191539, 3.1622776601683795
178, 59, 1063, 122, 1064, 126, -1, -4, -1.8157749899217608, 4.123105625617661
178, 60, 795, 261, 794, 258, 1, 3, 1.2490457723982544, 3.1622776601683795
178, 61, 1053, 120, 1054, 123, -1, -3, -1.892546881191539, 3.1622776601683795
178, 62, 371, 507, 370, 504, 1, 3, 1.2490457723982544, 3.1622776601683795
178, 63, 186, 641, 186, 640, 0, 1, 1.5707963267948966, 1.0
178, 64, 463, 415, 463, 419, 0, -4, -1.5707963267948966, 4.0
178, 65, 733, 185, 733, 189, 0, -4, -1.5707963267948966, 4.0
178, 66, 302, 358, 302, 359, 0, -1, -1.5707963267948966, 1.0
178, 67, 1193, 171, 1193, 170, 0, 1, 1.5707963267948966, 1.0
178, 68, 365, 471, 365, 468, 0, 3, 1.5707963267948966, 3.0
178, 69, 782, 15, 783, 15, -1, 0, 3.141592653589793, 1.0
178, 70, 486, 33, 486, 36, 0, -3, -1.5707963267948966, 3.0
178, 71, 667, 332, 666, 328, 1, 4, 1.3258176636680326, 4.123105625617661
178, 72, 466, 148, 467, 151, -1, -3, -1.892546881191539, 3.1622776601683795
178, 73, 649, 511, 649, 510, 0, 1, 1.5707963267948966, 1.0
178, 74, 1215, 425, 1213, 420, 2, 5, 1.1902899496825317, 5.385164807134504
178, 75, 937, 102, 938, 102, -1, 0, 3.141592653589793, 1.0
178, 76, 330, 366, 330, 366, 0, 0, 0.0, 0.0
178, 77, 763, 45, 764, 45, -1, 0, 3.141592653589793, 1.0
178, 78, 496, 9, 496, 11, 0, -2, -1.5707963267948966, 2.0
178, 79, 707, 365, 707, 366, 0, -1, -1.5707963267948966, 1.0
178, 80, 1231, 446, 1232, 446, -1, 0, 3.141592653589793, 1.0
178, 81, 786, 325, 787, 325, -1, 0, 3.141592653589793, 1.0
178, 82, 806, 95, 806, 98, 0, -3, -1.5707963267948966, 3.0
178, 83, 820, 13, 821, 13, -1, 0, 3.141592653589793, 1.0
178, 84, 265, 381, 265, 381, 0, 0, 0.0, 0.0
178, 85, 19, 486, 18, 484, 1, 2, 1.1071487177940904, 2.23606797749979
178, 86, 713, 284, 714, 287, -1, -3, -1.892546881191539, 3.1622776601683795
178, 87, 482, 56, 482, 59, 0, -3, -1.5707963267948966, 3.0
178, 88, 1218, 402, 1218, 399, 0, 3, 1.5707963267948966, 3.0
178, 89, 288, 377, 288, 378, 0, -1, -1.5707963267948966, 1.0
178, 90, 463, 69, 463, 72, 0, -3, -1.5707963267948966, 3.0
178, 91, 662, 327, 661, 323, 1, 4, 1.3258176636680326, 4.123105625617661
178, 92, 147, 89, 148, 89, -1, 0, 3.141592653589793, 1.0
178, 93, 469, 398, 469, 402, 0, -4, -1.5707963267948966, 4.0
178, 94, 496, 33, 496, 35, 0, -2, -1.5707963267948966, 2.0
178, 95, 860, 277, 860, 281, 0, -4, -1.5707963267948966, 4.0
178, 96, 636, 518, 636, 512, 0, 6, 1.5707963267948966, 6.0
178, 97, 651, 317, 650, 313, 1, 4, 1.3258176636680326, 4.123105625617661
178, 98, 658, 317, 657, 313, 1, 4, 1.3258176636680326, 4.123105625617661
178, 99, 478, 430, 476, 435, 2, -5, -1.1902899496825317, 5.385164807134504
178, 100, 1244, 344, 1243, 341, 1, 3, 1.2490457723982544, 3.1622776601683795
178, 101, 649, 324, 648, 321, 1, 3, 1.2490457723982544, 3.1622776601683795
178, 102, 1204, 204, 1204, 202, 0, 2, 1.5707963267948966, 2.0
178, 103, 147, 63, 148, 62, -1, 1, 2.356194490192345, 1.4142135623730951
178, 104, 805, 115, 805, 118, 0, -3, -1.5707963267948966, 3.0
178, 105, 474, 143, 474, 145, 0, -2, -1.5707963267948966, 2.0
178, 106, 140, 30, 141, 30, -1, 0, 3.141592653589793, 1.0
178, 107, 1206, 140, 1205, 139, 1, 1, 0.7853981633974483, 1.4142135623730951
178, 108, 561, 77, 561, 78, 0, -1, -1.5707963267948966, 1.0
178, 109, 613, 171, 613, 170, 0, 1, 1.5707963267948966, 1.0
178, 110, 615, 216, 616, 216, -1, 0, 3.141592653589793, 1.0
178, 111, 811, 301, 810, 298, 1, 3, 1.2490457723982544, 3.1622776601683795
178, 112, 1180, 261, 1179, 259, 1, 2, 1.1071487177940904, 2.23606797749979
178, 113, 932, 95, 933, 95, -1, 0, 3.141592653589793, 1.0
178, 114, 1199, 101, 1199, 101, 0, 0, 0.0, 0.0
178, 115, 924, 96, 925, 96, -1, 0, 3.141592653589793, 1.0
178, 116, 802, 262, 801, 258, 1, 4, 1.3258176636680326, 4.123105625617661
178, 117, 730, 267, 730, 269, 0, -2, -1.5707963267948966, 2.0
178, 118, 1213, 92, 1213, 92, 0, 0, 0.0, 0.0
178, 119, 356, 567, 356, 563, 0, 4, 1.5707963267948966, 4.0
178, 120, 1204, 170, 1204, 168, 0, 2, 1.5707963267948966, 2.0
178, 121, 263, 390, 263, 390, 0, 0, 0.0, 0.0
178, 122, 817, 21, 818, 21, -1, 0, 3.141592653589793, 1.0
178, 123, 72, 150, 73, 150, -1, 0, 3.141592653589793, 1.0
178, 124, 1169, 266, 1167, 262, 2, 4, 1.1071487177940904, 4.47213595499958
178, 125, 485, 339, 486, 342, -1, -3, -1.892546881191539, 3.1622776601683795
178, 126, 280, 306, 280, 306, 0, 0, 0.0, 0.0
178, 127, 365, 397, 366, 394, -1, 3, 1.892546881191539, 3.1622776601683795
178, 128, 142, 667, 141, 664, 1, 3, 1.2490457723982544, 3.1622776601683795
178, 129, 277, 348, 277, 349, 0, -1, -1.5707963267948966, 1.0
178, 130, 243, 325, 244, 325, -1, 0, 3.141592653589793, 1.0
178, 131, 384, 429, 385, 427, -1, 2, 2.0344439357957027, 2.23606797749979
178, 132, 637, 47, 638, 47, -1, 0, 3.141592653589793, 1.0
178, 133, 185, 697, 184, 695, 1, 2, 1.1071487177940904, 2.23606797749979
178, 134, 151, 37, 152, 37, -1, 0, 3.141592653589793, 1.0
178, 135, 294, 383, 294, 384, 0, -1, -1.5707963267948966, 1.0
178, 136, 267, 396, 267, 396, 0, 0, 0.0, 0.0
178, 137, 652, 389, 652, 386, 0, 3, 1.5707963267948966, 3.0
178, 138, 36, 440, 34, 437, 2, 3, 0.982793723247329, 3.605551275463989
178, 139, 1228, 419, 1228, 416, 0, 3, 1.5707963267948966, 3.0
178, 140, 712, 271, 713, 273, -1, -2, -2.0344439357957027, 2.23606797749979
178, 141, 635, 356, 634, 352, 1, 4, 1.3258176636680326, 4.123105625617661
178, 142, 383, 505, 382, 502, 1, 3, 1.2490457723982544, 3.1622776601683795
179, 0, 864, 286, 864, 291, 0, -5, -1.5707963267948966, 5.0
179, 1, 170, 78, 171, 77, -1, 1, 2.356194490192345, 1.4142135623730951
179, 2, 342, 424, 343, 422, -1, 2, 2.0344439357957027, 2.23606797749979
179, 3, 470, 417, 469, 421, 1, -4, -1.3258176636680326, 4.123105625617661
179, 4, 257, 372, 257, 373, 0, -1, -1.5707963267948966, 1.0
179, 5, 836, 305, 836, 309, 0, -4, -1.5707963267948966, 4.0
179, 6, 303, 340, 303, 341, 0, -1, -1.5707963267948966, 1.0
179, 7, 618, 135, 618, 133, 0, 2, 1.5707963267948966, 2.0
179, 8, 510, 366, 511, 371, -1, -5, -1.7681918866447774, 5.0990195135927845
179, 9, 489, 21, 489, 24, 0, -3, -1.5707963267948966, 3.0
179, 10, 277, 336, 277, 337, 0, -1, -1.5707963267948966, 1.0
179, 11, 495, 345, 496, 348, -1, -3, -1.892546881191539, 3.1622776601683795
179, 12, 808, 272, 807, 269, 1, 3, 1.2490457723982544, 3.1622776601683795
179, 13, 469, 57, 470, 60, -1, -3, -1.892546881191539, 3.1622776601683795
179, 14, 841, 334, 840, 336, 1, -2, -1.1071487177940904, 2.23606797749979
179, 15, 852, 286, 852, 290, 0, -4, -1.5707963267948966, 4.0
179, 16, 137, 604, 136, 601, 1, 3, 1.2490457723982544, 3.1622776601683795
179, 17, 374, 480, 374, 479, 0, 1, 1.5707963267948966, 1.0
179, 18, 323, 15, 319, 15, 4, 0, 0.0, 4.0
179, 19, 482, 349, 483, 352, -1, -3, -1.892546881191539, 3.1622776601683795
179, 20, 1062, 162, 1063, 165, -1, -3, -1.892546881191539, 3.1622776601683795
179, 21, 1063, 107, 1065, 110, -2, -3, -2.158798930342464, 3.605551275463989
179, 22, 411, 549, 410, 544, 1, 5, 1.373400766945016, 5.0990195135927845
179, 23, 506, 397, 506, 401, 0, -4, -1.5707963267948966, 4.0
179, 24, 795, 21, 796, 21, -1, 0, 3.141592653589793, 1.0
179, 25, 371, 517, 371, 514, 0, 3, 1.5707963267948966, 3.0
179, 26, 332, 352, 332, 353, 0, -1, -1.5707963267948966, 1.0
179, 27, 293, 317, 294, 317, -1, 0, 3.141592653589793, 1.0
179, 28, 1033, 155, 1034, 158, -1, -3, -1.892546881191539, 3.1622776601683795
179, 29, 322, 23, 318, 23, 4, 0, 0.0, 4.0
179, 30, 638, 396, 638, 393, 0, 3, 1.5707963267948966, 3.0
179, 31, 707, 288, 708, 291, -1, -3, -1.892546881191539, 3.1622776601683795
179, 32, 318, 391, 318, 392, 0, -1, -1.5707963267948966, 1.0
179, 33, 398, 543, 397, 539, 1, 4, 1.3258176636680326, 4.123105625617661
179, 34, 473, 65, 474, 69, -1, -4, -1.8157749899217608, 4.123105625617661
179, 35, 621, 469, 622, 468, -1, 1, 2.356194490192345, 1.4142135623730951
179, 36, 803, 34, 804, 34, -1, 0, 3.141592653589793, 1.0
179, 37, 39, 465, 37, 463, 2, 2, 0.7853981633974483, 2.8284271247461903
179, 38, 360, 468, 361, 464, -1, 4, 1.8157749899217608, 4.123105625617661
179, 39, 1259, 390, 1258, 387, 1, 3, 1.2490457723982544, 3.1622776601683795
179, 40, 1197, 140, 1196, 139, 1, 1, 0.7853981633974483, 1.4142135623730951
179, 41, 795, 70, 795, 73, 0, -3, -1.5707963267948966, 3.0
179, 42, 640, 404, 640, 403, 0, 1, 1.5707963267948966, 1.0
179, 43, 153, 594, 153, 591, 0, 3, 1.5707963267948966, 3.0
179, 44, 847, 385, 848, 388, -1, -3, -1.892546881191539, 3.1622776601683795
179, 45, 1261, 348, 1261, 345, 0, 3, 1.5707963267948966, 3.0
179, 46, 792, 270, 791, 267, 1, 3, 1.2490457723982544, 3.1622776601683795
179, 47, 495, 457, 495, 458, 0, -1, -1.5707963267948966, 1.0
179, 48, 328, 72, 327, 73, 1, -1, -0.7853981633974483, 1.4142135623730951
179, 49, 49, 80, 50, 80, -1, 0, 3.141592653589793, 1.0
179, 50, 700, 282, 701, 285, -1, -3, -1.892546881191539, 3.1622776601683795
179, 51, 1223, 420, 1221, 418, 2, 2, 0.7853981633974483, 2.8284271247461903
179, 52, 373, 583, 375, 581, -2, 2, 2.356194490192345, 2.8284271247461903
179, 53, 1062, 119, 1063, 122, -1, -3, -1.892546881191539, 3.1622776601683795
179, 54, 796, 264, 795, 261, 1, 3, 1.2490457723982544, 3.1622776601683795
179, 55, 1052, 117, 1053, 120, -1, -3, -1.892546881191539, 3.1622776601683795
179, 56, 371, 511, 371, 507, 0, 4, 1.5707963267948966, 4.0
179, 57, 186, 642, 186, 641, 0, 1, 1.5707963267948966, 1.0
179, 58, 463, 411, 463, 415, 0, -4, -1.5707963267948966, 4.0
179, 59, 733, 181, 733, 185, 0, -4, -1.5707963267948966, 4.0
179, 60, 302, 357, 302, 358, 0, -1, -1.5707963267948966, 1.0
179, 61, 1193, 173, 1193, 171, 0, 2, 1.5707963267948966, 2.0
179, 62, 364, 472, 365, 471, -1, 1, 2.356194490192345, 1.4142135623730951
179, 63, 781, 15, 782, 15, -1, 0, 3.141592653589793, 1.0
179, 64, 486, 30, 486, 33, 0, -3, -1.5707963267948966, 3.0
179, 65, 668, 336, 667, 332, 1, 4, 1.3258176636680326, 4.123105625617661
179, 66, 466, 145, 466, 148, 0, -3, -1.5707963267948966, 3.0
179, 67, 649, 511, 649, 511, 0, 0, 0.0, 0.0
179, 68, 1217, 427, 1215, 425, 2, 2, 0.7853981633974483, 2.8284271247461903
179, 69, 937, 101, 937, 102, 0, -1, -1.5707963267948966, 1.0
179, 70, 330, 365, 330, 366, 0, -1, -1.5707963267948966, 1.0
179, 71, 762, 45, 763, 45, -1, 0, 3.141592653589793, 1.0
179, 72, 707, 364, 707, 365, 0, -1, -1.5707963267948966, 1.0
179, 73, 1230, 446, 1231, 446, -1, 0, 3.141592653589793, 1.0
179, 74, 786, 325, 786, 325, 0, 0, 0.0, 0.0
179, 75, 806, 93, 806, 95, 0, -2, -1.5707963267948966, 2.0
179, 76, 819, 13, 820, 13, -1, 0, 3.141592653589793, 1.0
179, 77, 265, 380, 265, 381, 0, -1, -1.5707963267948966, 1.0
179, 78, 19, 488, 19, 486, 0, 2, 1.5707963267948966, 2.0
179, 79, 712, 281, 713, 284, -1, -3, -1.892546881191539, 3.1622776601683795
179, 80, 482, 53, 482, 56, 0, -3, -1.5707963267948966, 3.0
179, 81, 1219, 405, 1218, 402, 1, 3, 1.2490457723982544, 3.1622776601683795
179, 82, 288, 376, 288, 377, 0, -1, -1.5707963267948966, 1.0
179, 83, 462, 65, 463, 69, -1, -4, -1.8157749899217608, 4.123105625617661
179, 84, 663, 331, 662, 327, 1, 4, 1.3258176636680326, 4.123105625617661
179, 85, 146, 89, 147, 89, -1, 0, 3.141592653589793, 1.0
179, 86, 468, 394, 469, 398, -1, -4, -1.8157749899217608, 4.123105625617661
179, 87, 496, 30, 496, 33, 0, -3, -1.5707963267948966, 3.0
179, 88, 860, 272, 860, 277, 0, -5, -1.5707963267948966, 5.0
179, 89, 636, 524, 636, 518, 0, 6, 1.5707963267948966, 6.0
179, 90, 652, 320, 651, 317, 1, 3, 1.2490457723982544, 3.1622776601683795
179, 91, 659, 321, 658, 317, 1, 4, 1.3258176636680326, 4.123105625617661
179, 92, 479, 425, 478, 430, 1, -5, -1.373400766945016, 5.0990195135927845
179, 93, 1246, 347, 1244, 344, 2, 3, 0.982793723247329, 3.605551275463989
179, 94, 650, 328, 649, 324, 1, 4, 1.3258176636680326, 4.123105625617661
179, 95, 1204, 206, 1204, 204, 0, 2, 1.5707963267948966, 2.0
179, 96, 146, 63, 147, 63, -1, 0, 3.141592653589793, 1.0
179, 97, 805, 112, 805, 115, 0, -3, -1.5707963267948966, 3.0
179, 98, 474, 141, 474, 143, 0, -2, -1.5707963267948966, 2.0
179, 99, 139, 30, 140, 30, -1, 0, 3.141592653589793, 1.0
179, 100, 1207, 141, 1206, 140, 1, 1, 0.7853981633974483, 1.4142135623730951
179, 101, 561, 76, 561, 77, 0, -1, -1.5707963267948966, 1.0
179, 102, 613, 172, 613, 171, 0, 1, 1.5707963267948966, 1.0
179, 103, 614, 216, 615, 216, -1, 0, 3.141592653589793, 1.0
179, 104, 812, 305, 811, 301, 1, 4, 1.3258176636680326, 4.123105625617661
179, 105, 1182, 263, 1180, 261, 2, 2, 0.7853981633974483, 2.8284271247461903
179, 106, 932, 94, 932, 95, 0, -1, -1.5707963267948966, 1.0
179, 107, 1200, 102, 1199, 101, 1, 1, 0.7853981633974483, 1.4142135623730951
179, 108, 924, 95, 924, 96, 0, -1, -1.5707963267948966, 1.0
179, 109, 803, 265, 802, 262, 1, 3, 1.2490457723982544, 3.1622776601683795
179, 110, 730, 265, 730, 267, 0, -2, -1.5707963267948966, 2.0
179, 111, 1214, 92, 1213, 92, 1, 0, 0.0, 1.0
179, 112, 356, 571, 356, 567, 0, 4, 1.5707963267948966, 4.0
179, 113, 1204, 172, 1204, 170, 0, 2, 1.5707963267948966, 2.0
179, 114, 816, 21, 817, 21, -1, 0, 3.141592653589793, 1.0
179, 115, 71, 150, 72, 150, -1, 0, 3.141592653589793, 1.0
179, 116, 1172, 269, 1169, 266, 3, 3, 0.7853981633974483, 4.242640687119285
179, 117, 484, 336, 485, 339, -1, -3, -1.892546881191539, 3.1622776601683795
179, 118, 279, 306, 280, 306, -1, 0, 3.141592653589793, 1.0
179, 119, 364, 400, 365, 397, -1, 3, 1.892546881191539, 3.1622776601683795
179, 120, 144, 672, 142, 667, 2, 5, 1.1902899496825317, 5.385164807134504
179, 121, 383, 432, 384, 429, -1, 3, 1.892546881191539, 3.1622776601683795
179, 122, 637, 47, 637, 47, 0, 0, 0.0, 0.0
179, 123, 185, 698, 185, 697, 0, 1, 1.5707963267948966, 1.0
179, 124, 150, 37, 151, 37, -1, 0, 3.141592653589793, 1.0
179, 125, 294, 382, 294, 383, 0, -1, -1.5707963267948966, 1.0
179, 126, 652, 391, 652, 389, 0, 2, 1.5707963267948966, 2.0
179, 127, 38, 443, 36, 440, 2, 3, 0.982793723247329, 3.605551275463989
179, 128, 1228, 422, 1228, 419, 0, 3, 1.5707963267948966, 3.0
179, 129, 711, 268, 712, 271, -1, -3, -1.892546881191539, 3.1622776601683795
179, 130, 636, 360, 635, 356, 1, 4, 1.3258176636680326, 4.123105625617661
179, 131, 384, 509, 383, 505, 1, 4, 1.3258176636680326, 4.123105625617661
180, 0, 495, 345, 496, 349, -1, -4, -1.8157749899217608, 4.123105625617661
180, 1, 864, 287, 864, 292, 0, -5, -1.5707963267948966, 5.0
180, 2, 837, 304, 837, 308, 0, -4, -1.5707963267948966, 4.0
180, 3, 258, 372, 258, 373, 0, -1, -1.5707963267948966, 1.0
180, 4, 341, 427, 342, 424, -1, 3, 1.892546881191539, 3.1622776601683795
180, 5, 170, 79, 171, 78, -1, 1, 2.356194490192345, 1.4142135623730951
180, 6, 808, 272, 807, 270, 1, 2, 1.1071487177940904, 2.23606797749979
180, 7, 506, 367, 507, 372, -1, -5, -1.7681918866447774, 5.0990195135927845
180, 8, 853, 286, 853, 291, 0, -5, -1.5707963267948966, 5.0
180, 9, 470, 416, 470, 419, 0, -3, -1.5707963267948966, 3.0
180, 10, 303, 340, 303, 341, 0, -1, -1.5707963267948966, 1.0
180, 11, 324, 75, 324, 76, 0, -1, -1.5707963267948966, 1.0
180, 12, 323, 15, 320, 15, 3, 0, 0.0, 3.0
180, 13, 617, 136, 618, 133, -1, 3, 1.892546881191539, 3.1622776601683795
180, 14, 489, 22, 489, 25, 0, -3, -1.5707963267948966, 3.0
180, 15, 412, 553, 411, 547, 1, 6, 1.4056476493802699, 6.082762530298219
180, 16, 139, 607, 138, 604, 1, 3, 1.2490457723982544, 3.1622776601683795
180, 17, 363, 484, 363, 481, 0, 3, 1.5707963267948966, 3.0
180, 18, 469, 58, 470, 61, -1, -3, -1.892546881191539, 3.1622776601683795
180, 19, 796, 21, 797, 21, -1, 0, 3.141592653589793, 1.0
180, 20, 483, 348, 484, 352, -1, -4, -1.8157749899217608, 4.123105625617661
180, 21, 334, 75, 333, 76, 1, -1, -0.7853981633974483, 1.4142135623730951
180, 22, 333, 353, 333, 354, 0, -1, -1.5707963267948966, 1.0
180, 23, 370, 518, 370, 515, 0, 3, 1.5707963267948966, 3.0
180, 24, 318, 390, 318, 391, 0, -1, -1.5707963267948966, 1.0
180, 25, 795, 70, 795, 73, 0, -3, -1.5707963267948966, 3.0
180, 26, 155, 597, 155, 594, 0, 3, 1.5707963267948966, 3.0
180, 27, 50, 80, 51, 80, -1, 0, 3.141592653589793, 1.0
180, 28, 619, 468, 620, 467, -1, 1, 2.356194490192345, 1.4142135623730951
180, 29, 282, 339, 282, 340, 0, -1, -1.5707963267948966, 1.0
180, 30, 1062, 108, 1064, 111, -2, -3, -2.158798930342464, 3.605551275463989
180, 31, 1035, 155, 1035, 158, 0, -3, -1.5707963267948966, 3.0
180, 32, 639, 397, 639, 394, 0, 3, 1.5707963267948966, 3.0
180, 33, 708, 287, 709, 291, -1, -4, -1.8157749899217608, 4.123105625617661
180, 34, 1053, 118, 1054, 121, -1, -3, -1.892546881191539, 3.1622776601683795
180, 35, 293, 317, 294, 317, -1, 0, 3.141592653589793, 1.0
180, 36, 36, 484, 34, 482, 2, 2, 0.7853981633974483, 2.8284271247461903
180, 37, 374, 479, 374, 478, 0, 1, 1.5707963267948966, 1.0
180, 38, 793, 269, 792, 267, 1, 2, 1.1071487177940904, 2.23606797749979
180, 39, 1196, 139, 1195, 139, 1, 0, 0.0, 1.0
180, 40, 322, 23, 319, 24, 3, -1, -0.3217505543966422, 3.1622776601683795
180, 41, 1259, 391, 1258, 388, 1, 3, 1.2490457723982544, 3.1622776601683795
180, 42, 940, 18, 940, 19, 0, -1, -1.5707963267948966, 1.0
180, 43, 1063, 158, 1064, 162, -1, -4, -1.8157749899217608, 4.123105625617661
180, 44, 495, 458, 495, 459, 0, -1, -1.5707963267948966, 1.0
180, 45, 1045, 167, 1046, 170, -1, -3, -1.892546881191539, 3.1622776601683795
180, 46, 668, 337, 667, 333, 1, 4, 1.3258176636680326, 4.123105625617661
180, 47, 1261, 349, 1260, 346, 1, 3, 1.2490457723982544, 3.1622776601683795
180, 48, 357, 573, 357, 570, 0, 3, 1.5707963267948966, 3.0
180, 49, 1063, 120, 1064, 123, -1, -3, -1.892546881191539, 3.1622776601683795
180, 50, 473, 66, 474, 70, -1, -4, -1.8157749899217608, 4.123105625617661
180, 51, 735, 186, 735, 189, 0, -3, -1.5707963267948966, 3.0
180, 52, 701, 282, 702, 286, -1, -4, -1.8157749899217608, 4.123105625617661
180, 53, 713, 279, 714, 283, -1, -4, -1.8157749899217608, 4.123105625617661
180, 54, 485, 30, 485, 33, 0, -3, -1.5707963267948966, 3.0
180, 55, 331, 406, 331, 407, 0, -1, -1.5707963267948966, 1.0
180, 56, 302, 358, 302, 359, 0, -1, -1.5707963267948966, 1.0
180, 57, 507, 398, 507, 402, 0, -4, -1.5707963267948966, 4.0
180, 58, 636, 533, 637, 526, -1, 7, 1.7126933813990606, 7.0710678118654755
180, 59, 496, 10, 496, 11, 0, -1, -1.5707963267948966, 1.0
180, 60, 787, 326, 787, 326, 0, 0, 0.0, 0.0
180, 61, 708, 362, 708, 365, 0, -3, -1.5707963267948966, 3.0
180, 62, 801, 348, 801, 348, 0, 0, 0.0, 0.0
180, 63, 762, 45, 763, 45, -1, 0, 3.141592653589793, 1.0
180, 64, 938, 101, 938, 102, 0, -1, -1.5707963267948966, 1.0
180, 65, 467, 396, 469, 399, -2, -3, -2.158798930342464, 3.605551275463989
180, 66, 1232, 445, 1232, 445, 0, 0, 0.0, 0.0
180, 67, 781, 15, 782, 15, -1, 0, 3.141592653589793, 1.0
180, 68, 265, 380, 265, 381, 0, -1, -1.5707963267948966, 1.0
180, 69, 664, 331, 663, 327, 1, 4, 1.3258176636680326, 4.123105625617661
180, 70, 861, 273, 861, 278, 0, -5, -1.5707963267948966, 5.0
180, 71, 653, 394, 653, 392, 0, 2, 1.5707963267948966, 2.0
180, 72, 1221, 401, 1220, 400, 1, 1, 0.7853981633974483, 1.4142135623730951
180, 73, 43, 464, 40, 463, 3, 1, 0.3217505543966422, 3.1622776601683795
180, 74, 401, 546, 400, 541, 1, 5, 1.373400766945016, 5.0990195135927845
180, 75, 561, 77, 561, 78, 0, -1, -1.5707963267948966, 1.0
180, 76, 1193, 171, 1193, 170, 0, 1, 1.5707963267948966, 1.0
180, 77, 372, 510, 372, 507, 0, 3, 1.5707963267948966, 3.0
180, 78, 496, 30, 496, 33, 0, -3, -1.5707963267948966, 3.0
180, 79, 649, 510, 649, 511, 0, -1, -1.5707963267948966, 1.0
180, 80, 461, 67, 462, 70, -1, -3, -1.892546881191539, 3.1622776601683795
180, 81, 482, 53, 482, 56, 0, -3, -1.5707963267948966, 3.0
180, 82, 660, 320, 659, 317, 1, 3, 1.2490457723982544, 3.1622776601683795
180, 83, 653, 321, 652, 318, 1, 3, 1.2490457723982544, 3.1622776601683795
180, 84, 288, 377, 288, 378, 0, -1, -1.5707963267948966, 1.0
180, 85, 651, 330, 649, 326, 2, 4, 1.1071487177940904, 4.47213595499958
180, 86, 279, 306, 280, 306, -1, 0, 3.141592653589793, 1.0
180, 87, 804, 263, 803, 261, 1, 2, 1.1071487177940904, 2.23606797749979
180, 88, 147, 63, 148, 63, -1, 0, 3.141592653589793, 1.0
180, 89, 65, 135, 66, 135, -1, 0, 3.141592653589793, 1.0
180, 90, 383, 435, 384, 432, -1, 3, 1.892546881191539, 3.1622776601683795
180, 91, 505, 351, 506, 355, -1, -4, -1.8157749899217608, 4.123105625617661
180, 92, 812, 307, 811, 303, 1, 4, 1.3258176636680326, 4.123105625617661
180, 93, 640, 407, 640, 406, 0, 1, 1.5707963267948966, 1.0
180, 94, 925, 95, 925, 96, 0, -1, -1.5707963267948966, 1.0
180, 95, 1246, 349, 1245, 345, 1, 4, 1.3258176636680326, 4.123105625617661
180, 96, 1205, 208, 1205, 205, 0, 3, 1.5707963267948966, 3.0
180, 97, 147, 89, 148, 89, -1, 0, 3.141592653589793, 1.0
180, 98, 1201, 103, 1200, 103, 1, 0, 0.0, 1.0
180, 99, 195, 692, 194, 691, 1, 1, 0.7853981633974483, 1.4142135623730951
180, 100, 615, 216, 616, 216, -1, 0, 3.141592653589793, 1.0
180, 101, 1033, 22, 1033, 23, 0, -1, -1.5707963267948966, 1.0
180, 102, 933, 94, 933, 95, 0, -1, -1.5707963267948966, 1.0
180, 103, 636, 48, 637, 48, -1, 0, 3.141592653589793, 1.0
180, 104, 848, 382, 849, 386, -1, -4, -1.8157749899217608, 4.123105625617661
180, 105, 637, 362, 636, 358, 1, 4, 1.3258176636680326, 4.123105625617661
180, 106, 711, 267, 712, 271, -1, -4, -1.8157749899217608, 4.123105625617661
180, 107, 365, 401, 366, 397, -1, 4, 1.8157749899217608, 4.123105625617661
180, 108, 244, 324, 244, 325, 0, -1, -1.5707963267948966, 1.0
180, 109, 1205, 173, 1205, 171, 0, 2, 1.5707963267948966, 2.0
180, 110, 479, 427, 478, 431, 1, -4, -1.3258176636680326, 4.123105625617661
180, 111, 807, 93, 807, 96, 0, -3, -1.5707963267948966, 3.0
180, 112, 788, 12, 789, 12, -1, 0, 3.141592653589793, 1.0
180, 113, 289, 362, 289, 363, 0, -1, -1.5707963267948966, 1.0
180, 114, 139, 31, 140, 31, -1, 0, 3.141592653589793, 1.0
180, 115, 73, 150, 74, 150, -1, 0, 3.141592653589793, 1.0
180, 116, 294, 383, 294, 384, 0, -1, -1.5707963267948966, 1.0
180, 117, 467, 144, 467, 147, 0, -3, -1.5707963267948966, 3.0
180, 118, 871, 293, 871, 298, 0, -5, -1.5707963267948966, 5.0
180, 119, 1215, 93, 1214, 93, 1, 0, 0.0, 1.0
180, 120, 20, 489, 19, 487, 1, 2, 1.1071487177940904, 2.23606797749979
180, 121, 195, 701, 195, 713, 0, -12, -1.5707963267948966, 12.0
180, 122, 1196, 219, 1196, 217, 0, 2, 1.5707963267948966, 2.0
180, 123, 69, 108, 70, 108, -1, 0, 3.141592653589793, 1.0
180, 124, 330, 58, 329, 60, 1, -2, -1.1071487177940904, 2.23606797749979
180, 125, 626, 228, 627, 226, -1, 2, 2.0344439357957027, 2.23606797749979
181, 0, 494, 341, 495, 345, -1, -4, -1.8157749899217608, 4.123105625617661
181, 1, 864, 282, 864, 287, 0, -5, -1.5707963267948966, 5.0
181, 2, 837, 300, 837, 304, 0, -4, -1.5707963267948966, 4.0
181, 3, 340, 430, 341, 427, -1, 3, 1.892546881191539, 3.1622776601683795
181, 4, 169, 79, 170, 79, -1, 0, 3.141592653589793, 1.0
181, 5, 809, 274, 808, 272, 1, 2, 1.1071487177940904, 2.23606797749979
181, 6, 505, 362, 506, 367, -1, -5, -1.7681918866447774, 5.0990195135927845
181, 7, 853, 281, 853, 286, 0, -5, -1.5707963267948966, 5.0
181, 8, 470, 414, 470, 416, 0, -2, -1.5707963267948966, 2.0
181, 9, 324, 74, 324, 75, 0, -1, -1.5707963267948966, 1.0
181, 10, 327, 15, 323, 15, 4, 0, 0.0, 4.0
181, 11, 617, 139, 617, 136, 0, 3, 1.5707963267948966, 3.0
181, 12, 489, 19, 489, 22, 0, -3, -1.5707963267948966, 3.0
181, 13, 412, 557, 412, 553, 0, 4, 1.5707963267948966, 4.0
181, 14, 140, 610, 139, 607, 1, 3, 1.2490457723982544, 3.1622776601683795
181, 15, 362, 487, 363, 484, -1, 3, 1.892546881191539, 3.1622776601683795
181, 16, 468, 56, 469, 58, -1, -2, -2.0344439357957027, 2.23606797749979
181, 17, 795, 21, 796, 21, -1, 0, 3.141592653589793, 1.0
181, 18, 482, 344, 483, 348, -1, -4, -1.8157749899217608, 4.123105625617661
181, 19, 336, 74, 334, 75, 2, -1, -0.4636476090008061, 2.23606797749979
181, 20, 333, 352, 333, 353, 0, -1, -1.5707963267948966, 1.0
181, 21, 370, 521, 370, 518, 0, 3, 1.5707963267948966, 3.0
181, 22, 318, 389, 318, 390, 0, -1, -1.5707963267948966, 1.0
181, 23, 795, 67, 795, 70, 0, -3, -1.5707963267948966, 3.0
181, 24, 155, 600, 155, 597, 0, 3, 1.5707963267948966, 3.0
181, 25, 49, 80, 50, 80, -1, 0, 3.141592653589793, 1.0
181, 26, 618, 469, 619, 468, -1, 1, 2.356194490192345, 1.4142135623730951
181, 27, 282, 338, 282, 339, 0, -1, -1.5707963267948966, 1.0
181, 28, 1060, 106, 1062, 108, -2, -2, -2.356194490192345, 2.8284271247461903
181, 29, 1034, 153, 1035, 155, -1, -2, -2.0344439357957027, 2.23606797749979
181, 30, 638, 400, 639, 397, -1, 3, 1.892546881191539, 3.1622776601683795
181, 31, 707, 283, 708, 287, -1, -4, -1.8157749899217608, 4.123105625617661
181, 32, 1051, 116, 1053, 118, -2, -2, -2.356194490192345, 2.8284271247461903
181, 33, 293, 317, 293, 317, 0, 0, 0.0, 0.0
181, 34, 39, 486, 36, 484, 3, 2, 0.5880026035475675, 3.605551275463989
181, 35, 373, 479, 374, 479, -1, 0, 3.141592653589793, 1.0
181, 36, 794, 271, 793, 269, 1, 2, 1.1071487177940904, 2.23606797749979
181, 37, 1197, 139, 1196, 139, 1, 0, 0.0, 1.0
181, 38, 326, 23, 322, 23, 4, 0, 0.0, 4.0
181, 39, 1260, 394, 1259, 391, 1, 3, 1.2490457723982544, 3.1622776601683795
181, 40, 940, 17, 940, 18, 0, -1, -1.5707963267948966, 1.0
181, 41, 1062, 154, 1063, 158, -1, -4, -1.8157749899217608, 4.123105625617661
181, 42, 495, 456, 495, 458, 0, -2, -1.5707963267948966, 2.0
181, 43, 1044, 164, 1045, 167, -1, -3, -1.892546881191539, 3.1622776601683795
181, 44, 670, 340, 668, 337, 2, 3, 0.982793723247329, 3.605551275463989
181, 45, 1261, 353, 1261, 349, 0, 4, 1.5707963267948966, 4.0
181, 46, 357, 576, 357, 573, 0, 3, 1.5707963267948966, 3.0
181, 47, 1061, 117, 1063, 120, -2, -3, -2.158798930342464, 3.605551275463989
181, 48, 472, 63, 473, 66, -1, -3, -1.892546881191539, 3.1622776601683795
181, 49, 735, 183, 735, 186, 0, -3, -1.5707963267948966, 3.0
181, 50, 700, 278, 701, 282, -1, -4, -1.8157749899217608, 4.123105625617661
181, 51, 712, 275, 713, 279, -1, -4, -1.8157749899217608, 4.123105625617661
181, 52, 485, 27, 485, 30, 0, -3, -1.5707963267948966, 3.0
181, 53, 331, 405, 331, 406, 0, -1, -1.5707963267948966, 1.0
181, 54, 302, 357, 302, 358, 0, -1, -1.5707963267948966, 1.0
181, 55, 507, 394, 507, 398, 0, -4, -1.5707963267948966, 4.0
181, 56, 635, 538, 636, 533, -1, 5, 1.7681918866447774, 5.0990195135927845
181, 57, 496, 9, 496, 10, 0, -1, -1.5707963267948966, 1.0
181, 58, 787, 327, 787, 326, 0, 1, 1.5707963267948966, 1.0
181, 59, 708, 359, 708, 362, 0, -3, -1.5707963267948966, 3.0
181, 60, 761, 45, 762, 45, -1, 0, 3.141592653589793, 1.0
181, 61, 938, 100, 938, 101, 0, -1, -1.5707963267948966, 1.0
181, 62, 465, 394, 467, 396, -2, -2, -2.356194490192345, 2.8284271247461903
181, 63, 1232, 446, 1232, 445, 0, 1, 1.5707963267948966, 1.0
181, 64, 780, 15, 781, 15, -1, 0, 3.141592653589793, 1.0
181, 65, 666, 334, 664, 331, 2, 3, 0.982793723247329, 3.605551275463989
181, 66, 861, 268, 861, 273, 0, -5, -1.5707963267948966, 5.0
181, 67, 653, 396, 653, 394, 0, 2, 1.5707963267948966, 2.0
181, 68, 1222, 403, 1221, 401, 1, 2, 1.1071487177940904, 2.23606797749979
181, 69, 46, 466, 43, 464, 3, 2, 0.5880026035475675, 3.605551275463989
181, 70, 403, 552, 401, 546, 2, 6, 1.2490457723982544, 6.324555320336759
181, 71, 561, 76, 561, 77, 0, -1, -1.5707963267948966, 1.0
181, 72, 1194, 172, 1193, 171, 1, 1, 0.7853981633974483, 1.4142135623730951
181, 73, 371, 513, 372, 510, -1, 3, 1.892546881191539, 3.1622776601683795
181, 74, 495, 27, 496, 30, -1, -3, -1.892546881191539, 3.1622776601683795
181, 75, 649, 510, 649, 510, 0, 0, 0.0, 0.0
181, 76, 460, 65, 461, 67, -1, -2, -2.0344439357957027, 2.23606797749979
181, 77, 482, 50, 482, 53, 0, -3, -1.5707963267948966, 3.0
181, 78, 662, 323, 660, 320, 2, 3, 0.982793723247329, 3.605551275463989
181, 79, 655, 324, 653, 321, 2, 3, 0.982793723247329, 3.605551275463989
181, 80, 288, 376, 288, 377, 0, -1, -1.5707963267948966, 1.0
181, 81, 653, 333, 651, 330, 2, 3, 0.982793723247329, 3.605551275463989
181, 82, 279, 306, 279, 306, 0, 0, 0.0, 0.0
181, 83, 805, 265, 804, 263, 1, 2, 1.1071487177940904, 2.23606797749979
181, 84, 146, 63, 147, 63, -1, 0, 3.141592653589793, 1.0
181, 85, 64, 135, 65, 135, -1, 0, 3.141592653589793, 1.0
181, 86, 382, 438, 383, 435, -1, 3, 1.892546881191539, 3.1622776601683795
181, 87, 504, 347, 505, 351, -1, -4, -1.8157749899217608, 4.123105625617661
181, 88, 813, 310, 812, 307, 1, 3, 1.2490457723982544, 3.1622776601683795
181, 89, 640, 408, 640, 407, 0, 1, 1.5707963267948966, 1.0
181, 90, 925, 94, 925, 95, 0, -1, -1.5707963267948966, 1.0
181, 91, 1247, 352, 1246, 349, 1, 3, 1.2490457723982544, 3.1622776601683795
181, 92, 1205, 211, 1205, 208, 0, 3, 1.5707963267948966, 3.0
181, 93, 146, 89, 147, 89, -1, 0, 3.141592653589793, 1.0
181, 94, 1201, 104, 1201, 103, 0, 1, 1.5707963267948966, 1.0
181, 95, 196, 693, 195, 692, 1, 1, 0.7853981633974483, 1.4142135623730951
181, 96, 614, 216, 615, 216, -1, 0, 3.141592653589793, 1.0
181, 97, 1033, 22, 1033, 22, 0, 0, 0.0, 0.0
181, 98, 635, 48, 636, 48, -1, 0, 3.141592653589793, 1.0
181, 99, 848, 376, 848, 382, 0, -6, -1.5707963267948966, 6.0
181, 100, 638, 366, 637, 362, 1, 4, 1.3258176636680326, 4.123105625617661
181, 101, 710, 263, 711, 267, -1, -4, -1.8157749899217608, 4.123105625617661
181, 102, 364, 405, 365, 401, -1, 4, 1.8157749899217608, 4.123105625617661
181, 103, 1205, 175, 1205, 173, 0, 2, 1.5707963267948966, 2.0
181, 104, 480, 424, 479, 427, 1, -3, -1.2490457723982544, 3.1622776601683795
181, 105, 807, 91, 807, 93, 0, -2, -1.5707963267948966, 2.0
181, 106, 787, 12, 788, 12, -1, 0, 3.141592653589793, 1.0
181, 107, 139, 31, 139, 31, 0, 0, 0.0, 0.0
181, 108, 72, 150, 73, 150, -1, 0, 3.141592653589793, 1.0
181, 109, 294, 382, 294, 383, 0, -1, -1.5707963267948966, 1.0
181, 110, 467, 142, 467, 144, 0, -2, -1.5707963267948966, 2.0
181, 111, 871, 288, 871, 293, 0, -5, -1.5707963267948966, 5.0
181, 112, 1215, 93, 1215, 93, 0, 0, 0.0, 0.0
181, 113, 20, 491, 20, 489, 0, 2, 1.5707963267948966, 2.0
181, 114, 197, 701, 195, 701, 2, 0, 0.0, 2.0
181, 115, 1196, 221, 1196, 219, 0, 2, 1.5707963267948966, 2.0
181, 116, 68, 108, 69, 108, -1, 0, 3.141592653589793, 1.0
181, 117, 332, 57, 330, 58, 2, -1, -0.4636476090008061, 2.23606797749979
181, 118, 625, 229, 626, 228, -1, 1, 2.356194490192345, 1.4142135623730951
182, 0, 495, 342, 496, 346, -1, -4, -1.8157749899217608, 4.123105625617661
182, 1, 865, 282, 865, 286, 0, -4, -1.5707963267948966, 4.0
182, 2, 838, 304, 838, 306, 0, -2, -1.5707963267948966, 2.0
182, 3, 339, 433, 341, 428, -2, 5, 1.9513027039072615, 5.385164807134504
182, 4, 169, 80, 170, 79, -1, 1, 2.356194490192345, 1.4142135623730951
182, 5, 257, 344, 258, 344, -1, 0, 3.141592653589793, 1.0
182, 6, 326, 75, 324, 76, 2, -1, -0.4636476090008061, 2.23606797749979
182, 7, 473, 414, 471, 417, 2, -3, -0.982793723247329, 3.605551275463989
182, 8, 852, 283, 853, 286, -1, -3, -1.892546881191539, 3.1622776601683795
182, 9, 327, 16, 324, 16, 3, 0, 0.0, 3.0
182, 10, 359, 494, 361, 494, -2, 0, 3.141592653589793, 2.0
182, 11, 618, 141, 618, 136, 0, 5, 1.5707963267948966, 5.0
182, 12, 810, 276, 809, 272, 1, 4, 1.3258176636680326, 4.123105625617661
182, 13, 469, 55, 470, 59, -1, -4, -1.8157749899217608, 4.123105625617661
182, 14, 507, 357, 509, 362, -2, -5, -1.9513027039072615, 5.385164807134504
182, 15, 489, 18, 490, 22, -1, -4, -1.8157749899217608, 4.123105625617661
182, 16, 710, 206, 710, 209, 0, -3, -1.5707963267948966, 3.0
182, 17, 143, 613, 140, 611, 3, 2, 0.5880026035475675, 3.605551275463989
182, 18, 318, 390, 318, 391, 0, -1, -1.5707963267948966, 1.0
182, 19, 481, 345, 483, 349, -2, -4, -2.0344439357957027, 4.47213595499958
182, 20, 369, 521, 370, 518, -1, 3, 1.892546881191539, 3.1622776601683795
182, 21, 48, 80, 50, 80, -2, 0, 3.141592653589793, 2.0
182, 22, 797, 68, 796, 71, 1, -3, -1.2490457723982544, 3.1622776601683795
182, 23, 413, 563, 413, 559, 0, 4, 1.5707963267948966, 4.0
182, 24, 333, 352, 333, 353, 0, -1, -1.5707963267948966, 1.0
182, 25, 157, 605, 158, 602, -1, 3, 1.892546881191539, 3.1622776601683795
182, 26, 1045, 195, 1046, 197, -1, -2, -2.0344439357957027, 2.23606797749979
182, 27, 274, 320, 275, 320, -1, 0, 3.141592653589793, 1.0
182, 28, 1050, 115, 1053, 119, -3, -4, -2.214297435588181, 5.0
182, 29, 796, 22, 797, 22, -1, 0, 3.141592653589793, 1.0
182, 30, 1034, 153, 1035, 156, -1, -3, -1.892546881191539, 3.1622776601683795
182, 31, 334, 59, 331, 61, 3, -2, -0.5880026035475675, 3.605551275463989
182, 32, 278, 333, 278, 334, 0, -1, -1.5707963267948966, 1.0
182, 33, 372, 478, 374, 478, -2, 0, 3.141592653589793, 2.0
182, 34, 253, 387, 253, 388, 0, -1, -1.5707963267948966, 1.0
182, 35, 325, 25, 322, 25, 3, 0, 0.0, 3.0
182, 36, 761, 45, 763, 45, -2, 0, 3.141592653589793, 2.0
182, 37, 304, 340, 304, 341, 0, -1, -1.5707963267948966, 1.0
182, 38, 860, 267, 861, 272, -1, -5, -1.7681918866447774, 5.0990195135927845
182, 39, 248, 404, 248, 405, 0, -1, -1.5707963267948966, 1.0
182, 40, 1054, 105, 1057, 108, -3, -3, -2.356194490192345, 4.242640687119285
182, 41, 784, 106, 783, 109, 1, -3, -1.2490457723982544, 3.1622776601683795
182, 42, 465, 412, 464, 415, 1, -3, -1.2490457723982544, 3.1622776601683795
182, 43, 294, 317, 294, 317, 0, 0, 0.0, 0.0
182, 44, 801, 348, 801, 348, 0, 0, 0.0, 0.0
182, 45, 64, 135, 65, 135, -1, 0, 3.141592653589793, 1.0
182, 46, 708, 284, 709, 288, -1, -4, -1.8157749899217608, 4.123105625617661
182, 47, 618, 472, 619, 469, -1, 3, 1.892546881191539, 3.1622776601683795
182, 48, 485, 26, 486, 31, -1, -5, -1.7681918866447774, 5.0990195135927845
182, 49, 496, 454, 496, 458, 0, -4, -1.5707963267948966, 4.0
182, 50, 649, 511, 649, 511, 0, 0, 0.0, 0.0
182, 51, 371, 515, 372, 511, -1, 4, 1.8157749899217608, 4.123105625617661
182, 52, 779, 16, 781, 16, -2, 0, 3.141592653589793, 2.0
182, 53, 201, 701, 202, 708, -1, -7, -1.7126933813990606, 7.0710678118654755
182, 54, 710, 356, 709, 362, 1, -6, -1.4056476493802699, 6.082762530298219
182, 55, 653, 399, 653, 397, 0, 2, 1.5707963267948966, 2.0
182, 56, 671, 341, 669, 337, 2, 4, 1.1071487177940904, 4.47213595499958
182, 57, 496, 8, 496, 11, 0, -3, -1.5707963267948966, 3.0
182, 58, 639, 402, 640, 399, -1, 3, 1.892546881191539, 3.1622776601683795
182, 59, 701, 279, 701, 283, 0, -4, -1.5707963267948966, 4.0
182, 60, 796, 273, 794, 270, 2, 3, 0.982793723247329, 3.605551275463989
182, 61, 353, 574, 354, 569, -1, 5, 1.7681918866447774, 5.0990195135927845
182, 62, 734, 177, 734, 182, 0, -5, -1.5707963267948966, 5.0
182, 63, 181, 701, 182, 703, -1, -2, -2.0344439357957027, 2.23606797749979
182, 64, 815, 311, 813, 308, 2, 3, 0.982793723247329, 3.605551275463989
182, 65, 711, 275, 713, 279, -2, -4, -2.0344439357957027, 4.47213595499958
182, 66, 1060, 116, 1063, 121, -3, -5, -2.1112158270654806, 5.830951894845301
182, 67, 938, 101, 938, 102, 0, -1, -1.5707963267948966, 1.0
182, 68, 475, 142, 475, 144, 0, -2, -1.5707963267948966, 2.0
182, 69, 1261, 353, 1262, 350, -1, 3, 1.892546881191539, 3.1622776601683795
182, 70, 473, 63, 474, 68, -1, -5, -1.7681918866447774, 5.0990195135927845
182, 71, 47, 471, 45, 470, 2, 1, 0.4636476090008061, 2.23606797749979
182, 72, 331, 406, 331, 407, 0, -1, -1.5707963267948966, 1.0
182, 73, 1249, 351, 1247, 349, 2, 2, 0.7853981633974483, 2.8284271247461903
182, 74, 495, 25, 496, 30, -1, -5, -1.7681918866447774, 5.0990195135927845
182, 75, 1221, 406, 1219, 402, 2, 4, 1.1071487177940904, 4.47213595499958
182, 76, 667, 335, 665, 331, 2, 4, 1.1071487177940904, 4.47213595499958
182, 77, 303, 357, 303, 358, 0, -1, -1.5707963267948966, 1.0
182, 78, 818, 12, 820, 13, -2, -1, -2.677945044588987, 2.23606797749979
182, 79, 1034, 23, 1033, 23, 1, 0, 0.0, 1.0
182, 80, 561, 76, 562, 78, -1, -2, -2.0344439357957027, 2.23606797749979
182, 81, 1261, 395, 1260, 392, 1, 3, 1.2490457723982544, 3.1622776601683795
182, 82, 330, 365, 330, 366, 0, -1, -1.5707963267948966, 1.0
182, 83, 505, 393, 507, 398, -2, -5, -1.9513027039072615, 5.385164807134504
182, 84, 290, 376, 290, 377, 0, -1, -1.5707963267948966, 1.0
182, 85, 382, 439, 382, 437, 0, 2, 1.5707963267948966, 2.0
182, 86, 848, 375, 849, 381, -1, -6, -1.7359450042095235, 6.082762530298219
182, 87, 647, 412, 647, 410, 0, 2, 1.5707963267948966, 2.0
182, 88, 349, 75, 346, 76, 3, -1, -0.3217505543966422, 3.1622776601683795
182, 89, 806, 267, 805, 264, 1, 3, 1.2490457723982544, 3.1622776601683795
182, 90, 1045, 164, 1046, 166, -1, -2, -2.0344439357957027, 2.23606797749979
182, 91, 147, 90, 148, 90, -1, 0, 3.141592653589793, 1.0
182, 92, 503, 348, 505, 352, -2, -4, -2.0344439357957027, 4.47213595499958
182, 93, 1206, 177, 1205, 174, 1, 3, 1.2490457723982544, 3.1622776601683795
182, 94, 653, 333, 651, 330, 2, 3, 0.982793723247329, 3.605551275463989
182, 95, 467, 392, 469, 395, -2, -3, -2.158798930342464, 3.605551275463989
182, 96, 73, 150, 74, 150, -1, 0, 3.141592653589793, 1.0
182, 97, 924, 94, 924, 95, 0, -1, -1.5707963267948966, 1.0
182, 98, 263, 388, 263, 389, 0, -1, -1.5707963267948966, 1.0
182, 99, 483, 50, 483, 54, 0, -4, -1.5707963267948966, 4.0
182, 100, 462, 63, 463, 67, -1, -4, -1.8157749899217608, 4.123105625617661
182, 101, 855, 359, 855, 361, 0, -2, -1.5707963267948966, 2.0
182, 102, 787, 330, 787, 327, 0, 3, 1.5707963267948966, 3.0
182, 103, 1197, 141, 1196, 140, 1, 1, 0.7853981633974483, 1.4142135623730951
182, 104, 710, 263, 711, 268, -1, -5, -1.7681918866447774, 5.0990195135927845
182, 105, 1206, 212, 1205, 208, 1, 4, 1.3258176636680326, 4.123105625617661
182, 106, 280, 306, 280, 306, 0, 0, 0.0, 0.0
182, 107, 68, 108, 70, 108, -2, 0, 3.141592653589793, 2.0
182, 108, 742, 216, 742, 217, 0, -1, -1.5707963267948966, 1.0
182, 109, 639, 364, 637, 362, 2, 2, 0.7853981633974483, 2.8284271247461903
182, 110, 656, 325, 654, 322, 2, 3, 0.982793723247329, 3.605551275463989
182, 111, 663, 324, 661, 321, 2, 3, 0.982793723247329, 3.605551275463989
182, 112, 1203, 104, 1201, 103, 2, 1, 0.4636476090008061, 2.23606797749979
182, 113, 934, 93, 934, 94, 0, -1, -1.5707963267948966, 1.0
182, 114, 1217, 96, 1215, 94, 2, 2, 0.7853981633974483, 2.8284271247461903
182, 115, 1037, 181, 1039, 182, -2, -1, -2.677945044588987, 2.23606797749979
182, 116, 1177, 270, 1175, 267, 2, 3, 0.982793723247329, 3.605551275463989
182, 117, 146, 64, 147, 64, -1, 0, 3.141592653589793, 1.0
182, 118, 792, 116, 792, 120, 0, -4, -1.5707963267948966, 4.0
182, 119, 294, 383, 294, 384, 0, -1, -1.5707963267948966, 1.0
182, 120, 138, 31, 139, 31, -1, 0, 3.141592653589793, 1.0
182, 121, 484, 333, 485, 337, -1, -4, -1.8157749899217608, 4.123105625617661
182, 122, 267, 394, 267, 395, 0, -1, -1.5707963267948966, 1.0
182, 123, 1200, 224, 1200, 221, 0, 3, 1.5707963267948966, 3.0
182, 124, 323, 54, 320, 56, 3, -2, -0.5880026035475675, 3.605551275463989
182, 125, 290, 364, 290, 365, 0, -1, -1.5707963267948966, 1.0
182, 126, 488, 426, 488, 430, 0, -4, -1.5707963267948966, 4.0
182, 127, 808, 91, 808, 94, 0, -3, -1.5707963267948966, 3.0
182, 128, 52, 465, 51, 464, 1, 1, 0.7853981633974483, 1.4142135623730951
182, 129, 721, 257, 721, 260, 0, -3, -1.5707963267948966, 3.0
182, 130, 380, 599, 380, 595, 0, 4, 1.5707963267948966, 4.0
182, 131, 816, 21, 817, 21, -1, 0, 3.141592653589793, 1.0
182, 132, 689, 316, 690, 320, -1, -4, -1.8157749899217608, 4.123105625617661
182, 133, 1210, 142, 1209, 141, 1, 1, 0.7853981633974483, 1.4142135623730951
182, 134, 1250, 96, 1247, 95, 3, 1, 0.3217505543966422, 3.1622776601683795
182, 135, 663, 438, 664, 437, -1, 1, 2.356194490192345, 1.4142135623730951
182, 136, 389, 612, 388, 609, 1, 3, 1.2490457723982544, 3.1622776601683795
182, 137, 1064, 20, 1060, 21, 4, -1, -0.24497866312686414, 4.123105625617661
182, 138, 363, 403, 366, 401, -3, 2, 2.5535900500422257, 3.605551275463989
182, 139, 498, 94, 499, 96, -1, -2, -2.0344439357957027, 2.23606797749979
182, 140, 228, 321, 229, 321, -1, 0, 3.141592653589793, 1.0
182, 141, 701, 263, 702, 268, -1, -5, -1.7681918866447774, 5.0990195135927845
182, 142, 55, 154, 59, 153, -4, 1, 2.896613990462929, 4.123105625617661
182, 143, 150, 38, 151, 38, -1, 0, 3.141592653589793, 1.0
183, 0, 494, 337, 495, 342, -1, -5, -1.7681918866447774, 5.0990195135927845
183, 1, 864, 277, 865, 282, -1, -5, -1.7681918866447774, 5.0990195135927845
183, 2, 837, 304, 838, 304, -1, 0, 3.141592653589793, 1.0
183, 3, 338, 437, 339, 433, -1, 4, 1.8157749899217608, 4.123105625617661
183, 4, 168, 80, 169, 80, -1, 0, 3.141592653589793, 1.0
183, 5, 256, 344, 257, 344, -1, 0, 3.141592653589793, 1.0
183, 6, 327, 74, 326, 75, 1, -1, -0.7853981633974483, 1.4142135623730951
183, 7, 474, 411, 473, 414, 1, -3, -1.2490457723982544, 3.1622776601683795
183, 8, 851, 279, 852, 283, -1, -4, -1.8157749899217608, 4.123105625617661
183, 9, 330, 16, 327, 16, 3, 0, 0.0, 3.0
183, 10, 358, 498, 359, 494, -1, 4, 1.8157749899217608, 4.123105625617661
183, 11, 618, 143, 618, 141, 0, 2, 1.5707963267948966, 2.0
183, 12, 810, 278, 810, 276, 0, 2, 1.5707963267948966, 2.0
183, 13, 505, 354, 507, 357, -2, -3, -2.158798930342464, 3.605551275463989
183, 14, 488, 16, 489, 18, -1, -2, -2.0344439357957027, 2.23606797749979
183, 15, 710, 203, 710, 206, 0, -3, -1.5707963267948966, 3.0
183, 16, 145, 616, 143, 613, 2, 3, 0.982793723247329, 3.605551275463989
183, 17, 318, 390, 318, 390, 0, 0, 0.0, 0.0
183, 18, 480, 340, 481, 345, -1, -5, -1.7681918866447774, 5.0990195135927845
183, 19, 368, 525, 369, 521, -1, 4, 1.8157749899217608, 4.123105625617661
183, 20, 47, 80, 48, 80, -1, 0, 3.141592653589793, 1.0
183, 21, 797, 67, 797, 68, 0, -1, -1.5707963267948966, 1.0
183, 22, 411, 569, 413, 563, -2, 6, 1.892546881191539, 6.324555320336759
183, 23, 333, 351, 333, 352, 0, -1, -1.5707963267948966, 1.0
183, 24, 157, 608, 157, 605, 0, 3, 1.5707963267948966, 3.0
183, 25, 1044, 193, 1045, 195, -1, -2, -2.0344439357957027, 2.23606797749979
183, 26, 1048, 114, 1050, 115, -2, -1, -2.677945044588987, 2.23606797749979
183, 27, 795, 22, 796, 22, -1, 0, 3.141592653589793, 1.0
183, 28, 337, 57, 334, 59, 3, -2, -0.5880026035475675, 3.605551275463989
183, 29, 371, 478, 372, 478, -1, 0, 3.141592653589793, 1.0
183, 30, 253, 386, 253, 387, 0, -1, -1.5707963267948966, 1.0
183, 31, 328, 24, 325, 25, 3, -1, -0.3217505543966422, 3.1622776601683795
183, 32, 760, 45, 761, 45, -1, 0, 3.141592653589793, 1.0
183, 33, 859, 262, 860, 267, -1, -5, -1.7681918866447774, 5.0990195135927845
183, 34, 248, 403, 248, 404, 0, -1, -1.5707963267948966, 1.0
183, 35, 1052, 103, 1054, 105, -2, -2, -2.356194490192345, 2.8284271247461903
183, 36, 784, 104, 784, 106, 0, -2, -1.5707963267948966, 2.0
183, 37, 465, 409, 465, 412, 0, -3, -1.5707963267948966, 3.0
183, 38, 294, 317, 294, 317, 0, 0, 0.0, 0.0
183, 39, 800, 348, 801, 348, -1, 0, 3.141592653589793, 1.0
183, 40, 63, 135, 64, 135, -1, 0, 3.141592653589793, 1.0
183, 41, 707, 279, 708, 284, -1, -5, -1.7681918866447774, 5.0990195135927845
183, 42, 617, 475, 618, 472, -1, 3, 1.892546881191539, 3.1622776601683795
183, 43, 484, 24, 485, 26, -1, -2, -2.0344439357957027, 2.23606797749979
183, 44, 495, 451, 496, 454, -1, -3, -1.892546881191539, 3.1622776601683795
183, 45, 649, 511, 649, 511, 0, 0, 0.0, 0.0
183, 46, 370, 519, 371, 515, -1, 4, 1.8157749899217608, 4.123105625617661
183, 47, 777, 16, 779, 16, -2, 0, 3.141592653589793, 2.0
183, 48, 199, 701, 201, 701, -2, 0, 3.141592653589793, 2.0
183, 49, 710, 350, 710, 356, 0, -6, -1.5707963267948966, 6.0
183, 50, 653, 402, 653, 399, 0, 3, 1.5707963267948966, 3.0
183, 51, 672, 343, 671, 341, 1, 2, 1.1071487177940904, 2.23606797749979
183, 52, 639, 404, 639, 402, 0, 2, 1.5707963267948966, 2.0
183, 53, 700, 274, 701, 279, -1, -5, -1.7681918866447774, 5.0990195135927845
183, 54, 796, 275, 796, 273, 0, 2, 1.5707963267948966, 2.0
183, 55, 352, 578, 353, 574, -1, 4, 1.8157749899217608, 4.123105625617661
183, 56, 734, 175, 734, 177, 0, -2, -1.5707963267948966, 2.0
183, 57, 180, 701, 181, 701, -1, 0, 3.141592653589793, 1.0
183, 58, 815, 314, 815, 311, 0, 3, 1.5707963267948966, 3.0
183, 59, 710, 270, 711, 275, -1, -5, -1.7681918866447774, 5.0990195135927845
183, 60, 1058, 114, 1060, 116, -2, -2, -2.356194490192345, 2.8284271247461903
183, 61, 938, 100, 938, 101, 0, -1, -1.5707963267948966, 1.0
183, 62, 475, 140, 475, 142, 0, -2, -1.5707963267948966, 2.0
183, 63, 1261, 357, 1261, 353, 0, 4, 1.5707963267948966, 4.0
183, 64, 48, 473, 47, 471, 1, 2, 1.1071487177940904, 2.23606797749979
183, 65, 331, 405, 331, 406, 0, -1, -1.5707963267948966, 1.0
183, 66, 1249, 354, 1249, 351, 0, 3, 1.5707963267948966, 3.0
183, 67, 494, 23, 495, 25, -1, -2, -2.0344439357957027, 2.23606797749979
183, 68, 1221, 408, 1221, 406, 0, 2, 1.5707963267948966, 2.0
183, 69, 668, 337, 667, 335, 1, 2, 1.1071487177940904, 2.23606797749979
183, 70, 817, 12, 818, 12, -1, 0, 3.141592653589793, 1.0
183, 71, 1035, 23, 1034, 23, 1, 0, 0.0, 1.0
183, 72, 560, 74, 561, 76, -1, -2, -2.0344439357957027, 2.23606797749979
183, 73, 1261, 398, 1261, 395, 0, 3, 1.5707963267948966, 3.0
183, 74, 330, 364, 330, 365, 0, -1, -1.5707963267948966, 1.0
183, 75, 503, 388, 505, 393, -2, -5, -1.9513027039072615, 5.385164807134504
183, 76, 381, 443, 382, 439, -1, 4, 1.8157749899217608, 4.123105625617661
183, 77, 846, 370, 848, 375, -2, -5, -1.9513027039072615, 5.385164807134504
183, 78, 647, 414, 647, 412, 0, 2, 1.5707963267948966, 2.0
183, 79, 351, 75, 349, 75, 2, 0, 0.0, 2.0
183, 80, 806, 269, 806, 267, 0, 2, 1.5707963267948966, 2.0
183, 81, 146, 90, 147, 90, -1, 0, 3.141592653589793, 1.0
183, 82, 501, 344, 503, 348, -2, -4, -2.0344439357957027, 4.47213595499958
183, 83, 1206, 179, 1206, 177, 0, 2, 1.5707963267948966, 2.0
183, 84, 654, 335, 653, 333, 1, 2, 1.1071487177940904, 2.23606797749979
183, 85, 467, 389, 467, 392, 0, -3, -1.5707963267948966, 3.0
183, 86, 72, 150, 73, 150, -1, 0, 3.141592653589793, 1.0
183, 87, 924, 93, 924, 94, 0, -1, -1.5707963267948966, 1.0
183, 88, 263, 387, 263, 388, 0, -1, -1.5707963267948966, 1.0
183, 89, 482, 48, 483, 50, -1, -2, -2.0344439357957027, 2.23606797749979
183, 90, 855, 357, 855, 359, 0, -2, -1.5707963267948966, 2.0
183, 91, 787, 332, 787, 330, 0, 2, 1.5707963267948966, 2.0
183, 92, 1197, 142, 1197, 141, 0, 1, 1.5707963267948966, 1.0
183, 93, 709, 258, 710, 263, -1, -5, -1.7681918866447774, 5.0990195135927845
183, 94, 1205, 214, 1206, 212, -1, 2, 2.0344439357957027, 2.23606797749979
183, 95, 280, 306, 280, 306, 0, 0, 0.0, 0.0
183, 96, 67, 108, 68, 108, -1, 0, 3.141592653589793, 1.0
183, 97, 640, 367, 639, 364, 1, 3, 1.2490457723982544, 3.1622776601683795
183, 98, 657, 327, 656, 325, 1, 2, 1.1071487177940904, 2.23606797749979
183, 99, 664, 326, 663, 324, 1, 2, 1.1071487177940904, 2.23606797749979
183, 100, 1203, 105, 1203, 104, 0, 1, 1.5707963267948966, 1.0
183, 101, 934, 92, 934, 93, 0, -1, -1.5707963267948966, 1.0
183, 102, 1217, 97, 1217, 96, 0, 1, 1.5707963267948966, 1.0
183, 103, 1035, 178, 1037, 181, -2, -3, -2.158798930342464, 3.605551275463989
183, 104, 1177, 272, 1177, 270, 0, 2, 1.5707963267948966, 2.0
183, 105, 145, 64, 146, 64, -1, 0, 3.141592653589793, 1.0
183, 106, 792, 115, 792, 116, 0, -1, -1.5707963267948966, 1.0
183, 107, 294, 382, 294, 383, 0, -1, -1.5707963267948966, 1.0
183, 108, 137, 31, 138, 31, -1, 0, 3.141592653589793, 1.0
183, 109, 483, 328, 484, 333, -1, -5, -1.7681918866447774, 5.0990195135927845
183, 110, 267, 393, 267, 394, 0, -1, -1.5707963267948966, 1.0
183, 111, 1200, 226, 1200, 224, 0, 2, 1.5707963267948966, 2.0
183, 112, 326, 53, 323, 54, 3, -1, -0.3217505543966422, 3.1622776601683795
183, 113, 487, 422, 488, 426, -1, -4, -1.8157749899217608, 4.123105625617661
183, 114, 808, 90, 808, 91, 0, -1, -1.5707963267948966, 1.0
183, 115, 53, 468, 52, 465, 1, 3, 1.2490457723982544, 3.1622776601683795
183, 116, 721, 255, 721, 257, 0, -2, -1.5707963267948966, 2.0
183, 117, 380, 601, 380, 599, 0, 2, 1.5707963267948966, 2.0
183, 118, 815, 21, 816, 21, -1, 0, 3.141592653589793, 1.0
183, 119, 688, 312, 689, 316, -1, -4, -1.8157749899217608, 4.123105625617661
183, 120, 1210, 143, 1210, 142, 0, 1, 1.5707963267948966, 1.0
183, 121, 1252, 96, 1250, 96, 2, 0, 0.0, 2.0
183, 122, 662, 438, 663, 438, -1, 0, 3.141592653589793, 1.0
183, 123, 390, 614, 389, 612, 1, 2, 1.1071487177940904, 2.23606797749979
183, 124, 1067, 21, 1064, 20, 3, 1, 0.3217505543966422, 3.1622776601683795
183, 125, 361, 406, 363, 403, -2, 3, 2.158798930342464, 3.605551275463989
183, 126, 497, 92, 498, 94, -1, -2, -2.0344439357957027, 2.23606797749979
183, 127, 700, 258, 701, 263, -1, -5, -1.7681918866447774, 5.0990195135927845
183, 128, 54, 154, 55, 154, -1, 0, 3.141592653589793, 1.0
183, 129, 149, 38, 150, 38, -1, 0, 3.141592653589793, 1.0
184, 0, 863, 273, 864, 278, -1, -5, -1.7681918866447774, 5.0990195135927845
184, 1, 338, 440, 339, 435, -1, 5, 1.7681918866447774, 5.0990195135927845
184, 2, 493, 335, 494, 340, -1, -5, -1.7681918866447774, 5.0990195135927845
184, 3, 332, 16, 329, 16, 3, 0, 0.0, 3.0
184, 4, 261, 340, 262, 340, -1, 0, 3.141592653589793, 1.0
184, 5, 810, 279, 810, 276, 0, 3, 1.5707963267948966, 3.0
184, 6, 1052, 104, 1054, 106, -2, -2, -2.356194490192345, 2.8284271247461903
184, 7, 338, 60, 335, 61, 3, -1, -0.3217505543966422, 3.1622776601683795
184, 8, 168, 81, 169, 80, -1, 1, 2.356194490192345, 1.4142135623730951
184, 9, 619, 141, 619, 140, 0, 1, 1.5707963267948966, 1.0
184, 10, 333, 352, 333, 353, 0, -1, -1.5707963267948966, 1.0
184, 11, 836, 308, 837, 308, -1, 0, 3.141592653589793, 1.0
184, 12, 852, 274, 853, 278, -1, -4, -1.8157749899217608, 4.123105625617661
184, 13, 318, 391, 318, 391, 0, 0, 0.0, 0.0
184, 14, 53, 502, 50, 501, 3, 1, 0.3217505543966422, 3.1622776601683795
184, 15, 326, 74, 325, 75, 1, -1, -0.7853981633974483, 1.4142135623730951
184, 16, 489, 18, 489, 19, 0, -1, -1.5707963267948966, 1.0
184, 17, 368, 528, 369, 524, -1, 4, 1.8157749899217608, 4.123105625617661
184, 18, 616, 475, 617, 472, -1, 3, 1.892546881191539, 3.1622776601683795
184, 19, 147, 625, 145, 622, 2, 3, 0.982793723247329, 3.605551275463989
184, 20, 794, 22, 795, 22, -1, 0, 3.141592653589793, 1.0
184, 21, 798, 69, 798, 70, 0, -1, -1.5707963267948966, 1.0
184, 22, 481, 338, 482, 343, -1, -5, -1.7681918866447774, 5.0990195135927845
184, 23, 165, 616, 164, 613, 1, 3, 1.2490457723982544, 3.1622776601683795
184, 24, 275, 320, 275, 320, 0, 0, 0.0, 0.0
184, 25, 1049, 115, 1051, 117, -2, -2, -2.356194490192345, 2.8284271247461903
184, 26, 473, 410, 473, 414, 0, -4, -1.5707963267948966, 4.0
184, 27, 331, 25, 328, 25, 3, 0, 0.0, 3.0
184, 28, 63, 136, 64, 136, -1, 0, 3.141592653589793, 1.0
184, 29, 52, 478, 50, 476, 2, 2, 0.7853981633974483, 2.8284271247461903
184, 30, 496, 10, 496, 11, 0, -1, -1.5707963267948966, 1.0
184, 31, 761, 46, 762, 46, -1, 0, 3.141592653589793, 1.0
184, 32, 503, 342, 504, 346, -1, -4, -1.8157749899217608, 4.123105625617661
184, 33, 804, 34, 805, 34, -1, 0, 3.141592653589793, 1.0
184, 34, 403, 573, 405, 567, -2, 6, 1.892546881191539, 6.324555320336759
184, 35, 506, 355, 507, 357, -1, -2, -2.0344439357957027, 2.23606797749979
184, 36, 1035, 182, 1036, 185, -1, -3, -1.892546881191539, 3.1622776601683795
184, 37, 294, 317, 294, 317, 0, 0, 0.0, 0.0
184, 38, 663, 437, 664, 437, -1, 0, 3.141592653589793, 1.0
184, 39, 46, 80, 48, 80, -2, 0, 3.141592653589793, 2.0
184, 40, 707, 277, 708, 282, -1, -5, -1.7681918866447774, 5.0990195135927845
184, 41, 247, 405, 248, 405, -1, 0, 3.141592653589793, 1.0
184, 42, 410, 583, 412, 576, -2, 7, 1.849095985800008, 7.280109889280518
184, 43, 361, 502, 361, 499, 0, 3, 1.5707963267948966, 3.0
184, 44, 327, 57, 324, 57, 3, 0, 0.0, 3.0
184, 45, 379, 448, 380, 444, -1, 4, 1.8157749899217608, 4.123105625617661
184, 46, 711, 268, 712, 273, -1, -5, -1.7681918866447774, 5.0990195135927845
184, 47, 860, 259, 861, 264, -1, -5, -1.7681918866447774, 5.0990195135927845
184, 48, 304, 340, 304, 340, 0, 0, 0.0, 0.0
184, 49, 795, 276, 795, 273, 0, 3, 1.5707963267948966, 3.0
184, 50, 468, 388, 469, 391, -1, -3, -1.892546881191539, 3.1622776601683795
184, 51, 1205, 146, 1205, 145, 0, 1, 1.5707963267948966, 1.0
184, 52, 700, 271, 701, 276, -1, -5, -1.7681918866447774, 5.0990195135927845
184, 53, 777, 16, 779, 16, -2, 0, 3.141592653589793, 2.0
184, 54, 485, 26, 485, 27, 0, -1, -1.5707963267948966, 1.0
184, 55, 483, 48, 483, 50, 0, -2, -1.5707963267948966, 2.0
184, 56, 843, 281, 844, 285, -1, -4, -1.8157749899217608, 4.123105625617661
184, 57, 466, 409, 466, 413, 0, -4, -1.5707963267948966, 4.0
184, 58, 179, 701, 181, 705, -2, -4, -2.0344439357957027, 4.47213595499958
184, 59, 354, 73, 352, 73, 2, 0, 0.0, 2.0
184, 60, 708, 193, 708, 197, 0, -4, -1.5707963267948966, 4.0
184, 61, 330, 365, 330, 366, 0, -1, -1.5707963267948966, 1.0
184, 62, 1261, 362, 1264, 358, -3, 4, 2.214297435588181, 5.0
184, 63, 650, 510, 650, 511, 0, -1, -1.5707963267948966, 1.0
184, 64, 371, 521, 372, 517, -1, 4, 1.8157749899217608, 4.123105625617661
184, 65, 22, 495, 22, 494, 0, 1, 1.5707963267948966, 1.0
184, 66, 937, 101, 938, 101, -1, 0, 3.141592653589793, 1.0
184, 67, 801, 348, 801, 348, 0, 0, 0.0, 0.0
184, 68, 673, 343, 672, 341, 1, 2, 1.1071487177940904, 2.23606797749979
184, 69, 1035, 23, 1033, 23, 2, 0, 0.0, 2.0
184, 70, 1261, 403, 1261, 400, 0, 3, 1.5707963267948966, 3.0
184, 71, 1200, 226, 1200, 224, 0, 2, 1.5707963267948966, 2.0
184, 72, 721, 258, 722, 260, -1, -2, -2.0344439357957027, 2.23606797749979
184, 73, 734, 177, 734, 179, 0, -2, -1.5707963267948966, 2.0
184, 74, 289, 377, 290, 377, -1, 0, 3.141592653589793, 1.0
184, 75, 1197, 140, 1197, 140, 0, 0, 0.0, 0.0
184, 76, 818, 13, 819, 13, -1, 0, 3.141592653589793, 1.0
184, 77, 1060, 116, 1062, 118, -2, -2, -2.356194490192345, 2.8284271247461903
184, 78, 787, 106, 787, 108, 0, -2, -1.5707963267948966, 2.0
184, 79, 41, 454, 39, 452, 2, 2, 0.7853981633974483, 2.8284271247461903
184, 80, 332, 407, 332, 407, 0, 0, 0.0, 0.0
184, 81, 668, 337, 667, 335, 1, 2, 1.1071487177940904, 2.23606797749979
184, 82, 1220, 408, 1220, 405, 0, 3, 1.5707963267948966, 3.0
184, 83, 147, 90, 148, 90, -1, 0, 3.141592653589793, 1.0
184, 84, 846, 362, 847, 365, -1, -3, -1.892546881191539, 3.1622776601683795
184, 85, 640, 406, 640, 403, 0, 3, 1.5707963267948966, 3.0
184, 86, 1251, 140, 1249, 140, 2, 0, 0.0, 2.0
184, 87, 655, 406, 655, 403, 0, 3, 1.5707963267948966, 3.0
184, 88, 55, 154, 56, 154, -1, 0, 3.141592653589793, 1.0
184, 89, 293, 346, 293, 347, 0, -1, -1.5707963267948966, 1.0
184, 90, 1249, 361, 1248, 358, 1, 3, 1.2490457723982544, 3.1622776601683795
184, 91, 656, 336, 655, 334, 1, 2, 1.1071487177940904, 2.23606797749979
184, 92, 923, 95, 924, 95, -1, 0, 3.141592653589793, 1.0
184, 93, 1206, 179, 1206, 177, 0, 2, 1.5707963267948966, 2.0
184, 94, 588, 72, 588, 73, 0, -1, -1.5707963267948966, 1.0
184, 95, 652, 342, 651, 340, 1, 2, 1.1071487177940904, 2.23606797749979
184, 96, 73, 150, 74, 150, -1, 0, 3.141592653589793, 1.0
184, 97, 353, 580, 354, 576, -1, 4, 1.8157749899217608, 4.123105625617661
184, 98, 617, 216, 618, 216, -1, 0, 3.141592653589793, 1.0
184, 99, 806, 270, 806, 267, 0, 3, 1.5707963267948966, 3.0
184, 100, 854, 356, 854, 359, 0, -3, -1.5707963267948966, 3.0
184, 101, 625, 234, 625, 234, 0, 0, 0.0, 0.0
184, 102, 502, 392, 503, 397, -1, -5, -1.7681918866447774, 5.0990195135927845
184, 103, 68, 109, 69, 109, -1, 0, 3.141592653589793, 1.0
184, 104, 496, 26, 496, 27, 0, -1, -1.5707963267948966, 1.0
184, 105, 1218, 97, 1217, 96, 1, 1, 0.7853981633974483, 1.4142135623730951
184, 106, 658, 327, 657, 325, 1, 2, 1.1071487177940904, 2.23606797749979
184, 107, 665, 327, 664, 325, 1, 2, 1.1071487177940904, 2.23606797749979
184, 108, 280, 307, 280, 307, 0, 0, 0.0, 0.0
184, 109, 781, 311, 782, 311, -1, 0, 3.141592653589793, 1.0
184, 110, 641, 368, 640, 366, 1, 2, 1.1071487177940904, 2.23606797749979
184, 111, 815, 21, 816, 21, -1, 0, 3.141592653589793, 1.0
184, 112, 482, 326, 483, 331, -1, -5, -1.7681918866447774, 5.0990195135927845
184, 113, 647, 414, 647, 411, 0, 3, 1.5707963267948966, 3.0
184, 114, 1176, 273, 1177, 272, -1, 1, 2.356194490192345, 1.4142135623730951
184, 115, 730, 239, 731, 244, -1, -5, -1.7681918866447774, 5.0990195135927845
184, 116, 827, 45, 828, 45, -1, 0, 3.141592653589793, 1.0
184, 117, 815, 318, 815, 316, 0, 2, 1.5707963267948966, 2.0
184, 118, 369, 593, 368, 589, 1, 4, 1.3258176636680326, 4.123105625617661
184, 119, 1075, 22, 1073, 21, 2, 1, 0.4636476090008061, 2.23606797749979
184, 120, 805, 113, 805, 114, 0, -1, -1.5707963267948966, 1.0
184, 121, 57, 472, 55, 470, 2, 2, 0.7853981633974483, 2.8284271247461903
184, 122, 148, 106, 149, 106, -1, 0, 3.141592653589793, 1.0
184, 123, 933, 94, 934, 94, -1, 0, 3.141592653589793, 1.0
184, 124, 1204, 106, 1203, 105, 1, 1, 0.7853981633974483, 1.4142135623730951
184, 125, 1206, 214, 1206, 212, 0, 2, 1.5707963267948966, 2.0
184, 126, 45, 113, 47, 113, -2, 0, 3.141592653589793, 2.0
184, 127, 710, 350, 710, 353, 0, -3, -1.5707963267948966, 3.0
184, 128, 805, 123, 805, 127, 0, -4, -1.5707963267948966, 4.0
184, 129, 658, 18, 658, 16, 0, 2, 1.5707963267948966, 2.0
184, 130, 789, 342, 789, 341, 0, 1, 1.5707963267948966, 1.0
184, 131, 808, 91, 808, 92, 0, -1, -1.5707963267948966, 1.0
184, 132, 710, 257, 711, 262, -1, -5, -1.7681918866447774, 5.0990195135927845
184, 133, 328, 373, 328, 374, 0, -1, -1.5707963267948966, 1.0
184, 134, 289, 362, 289, 363, 0, -1, -1.5707963267948966, 1.0
184, 135, 718, 298, 718, 300, 0, -2, -1.5707963267948966, 2.0
184, 136, 304, 357, 304, 358, 0, -1, -1.5707963267948966, 1.0
184, 137, 362, 412, 365, 409, -3, 3, 2.356194490192345, 4.242640687119285
184, 138, 700, 256, 701, 261, -1, -5, -1.7681918866447774, 5.0990195135927845
184, 139, 146, 66, 147, 65, -1, 1, 2.356194490192345, 1.4142135623730951
184, 140, 168, 106, 168, 105, 0, 1, 1.5707963267948966, 1.0
184, 141, 1261, 396, 1271, 392, -10, 4, 2.761086276477428, 10.770329614269007
184, 142, 535, 701, 536, 709, -1, -8, -1.695151321341658, 8.06225774829855
184, 143, 876, 295, 877, 300, -1, -5, -1.7681918866447774, 5.0990195135927845
185, 0, 861, 268, 863, 273, -2, -5, -1.9513027039072615, 5.385164807134504
185, 1, 336, 444, 338, 440, -2, 4, 2.0344439357957027, 4.47213595499958
185, 2, 492, 330, 493, 335, -1, -5, -1.7681918866447774, 5.0990195135927845
185, 3, 335, 15, 332, 16, 3, -1, -0.3217505543966422, 3.1622776601683795
185, 4, 260, 340, 261, 340, -1, 0, 3.141592653589793, 1.0
185, 5, 810, 282, 810, 279, 0, 3, 1.5707963267948966, 3.0
185, 6, 1050, 102, 1052, 104, -2, -2, -2.356194490192345, 2.8284271247461903
185, 7, 341, 60, 338, 60, 3, 0, 0.0, 3.0
185, 8, 167, 82, 168, 81, -1, 1, 2.356194490192345, 1.4142135623730951
185, 9, 619, 142, 619, 141, 0, 1, 1.5707963267948966, 1.0
185, 10, 333, 351, 333, 352, 0, -1, -1.5707963267948966, 1.0
185, 11, 835, 309, 836, 308, -1, 1, 2.356194490192345, 1.4142135623730951
185, 12, 851, 270, 852, 274, -1, -4, -1.8157749899217608, 4.123105625617661
185, 13, 318, 391, 318, 391, 0, 0, 0.0, 0.0
185, 14, 55, 504, 53, 502, 2, 2, 0.7853981633974483, 2.8284271247461903
185, 15, 328, 74, 326, 74, 2, 0, 0.0, 2.0
185, 16, 489, 17, 489, 18, 0, -1, -1.5707963267948966, 1.0
185, 17, 367, 532, 368, 528, -1, 4, 1.8157749899217608, 4.123105625617661
185, 18, 615, 478, 616, 475, -1, 3, 1.892546881191539, 3.1622776601683795
185, 19, 149, 628, 147, 625, 2, 3, 0.982793723247329, 3.605551275463989
185, 20, 793, 22, 794, 22, -1, 0, 3.141592653589793, 1.0
185, 21, 799, 68, 798, 69, 1, -1, -0.7853981633974483, 1.4142135623730951
185, 22, 480, 333, 481, 338, -1, -5, -1.7681918866447774, 5.0990195135927845
185, 23, 166, 619, 165, 616, 1, 3, 1.2490457723982544, 3.1622776601683795
185, 24, 275, 320, 275, 320, 0, 0, 0.0, 0.0
185, 25, 1047, 113, 1049, 115, -2, -2, -2.356194490192345, 2.8284271247461903
185, 26, 473, 406, 473, 410, 0, -4, -1.5707963267948966, 4.0
185, 27, 334, 24, 331, 25, 3, -1, -0.3217505543966422, 3.1622776601683795
185, 28, 62, 136, 63, 136, -1, 0, 3.141592653589793, 1.0
185, 29, 53, 479, 52, 478, 1, 1, 0.7853981633974483, 1.4142135623730951
185, 30, 496, 9, 496, 10, 0, -1, -1.5707963267948966, 1.0
185, 31, 760, 46, 761, 46, -1, 0, 3.141592653589793, 1.0
185, 32, 502, 337, 503, 342, -1, -5, -1.7681918866447774, 5.0990195135927845
185, 33, 803, 34, 804, 34, -1, 0, 3.141592653589793, 1.0
185, 34, 401, 580, 403, 573, -2, 7, 1.849095985800008, 7.280109889280518
185, 35, 505, 355, 506, 355, -1, 0, 3.141592653589793, 1.0
185, 36, 1034, 178, 1035, 182, -1, -4, -1.8157749899217608, 4.123105625617661
185, 37, 294, 317, 294, 317, 0, 0, 0.0, 0.0
185, 38, 663, 437, 663, 437, 0, 0, 0.0, 0.0
185, 39, 44, 80, 46, 80, -2, 0, 3.141592653589793, 2.0
185, 40, 706, 272, 707, 277, -1, -5, -1.7681918866447774, 5.0990195135927845
185, 41, 246, 405, 247, 405, -1, 0, 3.141592653589793, 1.0
185, 42, 409, 589, 410, 583, -1, 6, 1.7359450042095235, 6.082762530298219
185, 43, 361, 504, 361, 502, 0, 2, 1.5707963267948966, 2.0
185, 44, 330, 57, 327, 57, 3, 0, 0.0, 3.0
185, 45, 378, 452, 379, 448, -1, 4, 1.8157749899217608, 4.123105625617661
185, 46, 710, 264, 711, 268, -1, -4, -1.8157749899217608, 4.123105625617661
185, 47, 858, 254, 860, 259, -2, -5, -1.9513027039072615, 5.385164807134504
185, 48, 304, 340, 304, 340, 0, 0, 0.0, 0.0
185, 49, 795, 279, 795, 276, 0, 3, 1.5707963267948966, 3.0
185, 50, 467, 384, 468, 388, -1, -4, -1.8157749899217608, 4.123105625617661
185, 51, 1205, 146, 1205, 146, 0, 0, 0.0, 0.0
185, 52, 700, 266, 700, 271, 0, -5, -1.5707963267948966, 5.0
185, 53, 775, 16, 777, 16, -2, 0, 3.141592653589793, 2.0
185, 54, 485, 25, 485, 26, 0, -1, -1.5707963267948966, 1.0
185, 55, 483, 47, 483, 48, 0, -1, -1.5707963267948966, 1.0
185, 56, 842, 277, 843, 281, -1, -4, -1.8157749899217608, 4.123105625617661
185, 57, 465, 405, 466, 409, -1, -4, -1.8157749899217608, 4.123105625617661
185, 58, 178, 701, 179, 701, -1, 0, 3.141592653589793, 1.0
185, 59, 355, 73, 354, 73, 1, 0, 0.0, 1.0
185, 60, 708, 190, 708, 193, 0, -3, -1.5707963267948966, 3.0
185, 61, 330, 364, 330, 365, 0, -1, -1.5707963267948966, 1.0
185, 62, 1261, 366, 1261, 362, 0, 4, 1.5707963267948966, 4.0
185, 63, 649, 510, 650, 510, -1, 0, 3.141592653589793, 1.0
185, 64, 370, 525, 371, 521, -1, 4, 1.8157749899217608, 4.123105625617661
185, 65, 22, 495, 22, 495, 0, 0, 0.0, 0.0
185, 66, 936, 101, 937, 101, -1, 0, 3.141592653589793, 1.0
185, 67, 801, 349, 801, 348, 0, 1, 1.5707963267948966, 1.0
185, 68, 674, 344, 673, 343, 1, 1, 0.7853981633974483, 1.4142135623730951
185, 69, 1038, 23, 1035, 23, 3, 0, 0.0, 3.0
185, 70, 1261, 406, 1261, 403, 0, 3, 1.5707963267948966, 3.0
185, 71, 1200, 227, 1200, 226, 0, 1, 1.5707963267948966, 1.0
185, 72, 721, 256, 721, 258, 0, -2, -1.5707963267948966, 2.0
185, 73, 734, 175, 734, 177, 0, -2, -1.5707963267948966, 2.0
185, 74, 288, 377, 289, 377, -1, 0, 3.141592653589793, 1.0
185, 75, 1197, 140, 1197, 140, 0, 0, 0.0, 0.0
185, 76, 817, 13, 818, 13, -1, 0, 3.141592653589793, 1.0
185, 77, 1058, 114, 1060, 116, -2, -2, -2.356194490192345, 2.8284271247461903
185, 78, 787, 105, 787, 106, 0, -1, -1.5707963267948966, 1.0
185, 79, 43, 456, 41, 454, 2, 2, 0.7853981633974483, 2.8284271247461903
185, 80, 331, 407, 332, 407, -1, 0, 3.141592653589793, 1.0
185, 81, 669, 338, 668, 337, 1, 1, 0.7853981633974483, 1.4142135623730951
185, 82, 1220, 411, 1220, 408, 0, 3, 1.5707963267948966, 3.0
185, 83, 146, 91, 147, 90, -1, 1, 2.356194490192345, 1.4142135623730951
185, 84, 845, 359, 846, 362, -1, -3, -1.892546881191539, 3.1622776601683795
185, 85, 641, 409, 640, 406, 1, 3, 1.2490457723982544, 3.1622776601683795
185, 86, 1252, 141, 1251, 140, 1, 1, 0.7853981633974483, 1.4142135623730951
185, 87, 655, 410, 655, 406, 0, 4, 1.5707963267948966, 4.0
185, 88, 54, 154, 55, 154, -1, 0, 3.141592653589793, 1.0
185, 89, 293, 345, 293, 346, 0, -1, -1.5707963267948966, 1.0
185, 90, 1250, 364, 1249, 361, 1, 3, 1.2490457723982544, 3.1622776601683795
185, 91, 656, 338, 656, 336, 0, 2, 1.5707963267948966, 2.0
185, 92, 922, 95, 923, 95, -1, 0, 3.141592653589793, 1.0
185, 93, 1206, 180, 1206, 179, 0, 1, 1.5707963267948966, 1.0
185, 94, 588, 71, 588, 72, 0, -1, -1.5707963267948966, 1.0
185, 95, 652, 344, 652, 342, 0, 2, 1.5707963267948966, 2.0
185, 96, 72, 150, 73, 150, -1, 0, 3.141592653589793, 1.0
185, 97, 352, 584, 353, 580, -1, 4, 1.8157749899217608, 4.123105625617661
185, 98, 616, 216, 617, 216, -1, 0, 3.141592653589793, 1.0
185, 99, 806, 274, 806, 270, 0, 4, 1.5707963267948966, 4.0
185, 100, 853, 354, 854, 356, -1, -2, -2.0344439357957027, 2.23606797749979
185, 101, 625, 234, 625, 234, 0, 0, 0.0, 0.0
185, 102, 501, 387, 502, 392, -1, -5, -1.7681918866447774, 5.0990195135927845
185, 103, 66, 109, 68, 109, -2, 0, 3.141592653589793, 2.0
185, 104, 496, 25, 496, 26, 0, -1, -1.5707963267948966, 1.0
185, 105, 1219, 98, 1218, 97, 1, 1, 0.7853981633974483, 1.4142135623730951
185, 106, 658, 329, 658, 327, 0, 2, 1.5707963267948966, 2.0
185, 107, 665, 329, 665, 327, 0, 2, 1.5707963267948966, 2.0
185, 108, 280, 307, 280, 307, 0, 0, 0.0, 0.0
185, 109, 780, 312, 781, 311, -1, 1, 2.356194490192345, 1.4142135623730951
185, 110, 642, 370, 641, 368, 1, 2, 1.1071487177940904, 2.23606797749979
185, 111, 814, 21, 815, 21, -1, 0, 3.141592653589793, 1.0
185, 112, 481, 321, 482, 326, -1, -5, -1.7681918866447774, 5.0990195135927845
185, 113, 647, 417, 647, 414, 0, 3, 1.5707963267948966, 3.0
185, 114, 1176, 273, 1176, 273, 0, 0, 0.0, 0.0
185, 115, 729, 236, 730, 239, -1, -3, -1.892546881191539, 3.1622776601683795
185, 116, 826, 45, 827, 45, -1, 0, 3.141592653589793, 1.0
185, 117, 815, 320, 815, 318, 0, 2, 1.5707963267948966, 2.0
185, 118, 370, 598, 369, 593, 1, 5, 1.373400766945016, 5.0990195135927845
185, 119, 1076, 22, 1075, 22, 1, 0, 0.0, 1.0
185, 120, 805, 112, 805, 113, 0, -1, -1.5707963267948966, 1.0
185, 121, 59, 474, 57, 472, 2, 2, 0.7853981633974483, 2.8284271247461903
185, 122, 147, 106, 148, 106, -1, 0, 3.141592653589793, 1.0
185, 123, 932, 94, 933, 94, -1, 0, 3.141592653589793, 1.0
185, 124, 1205, 107, 1204, 106, 1, 1, 0.7853981633974483, 1.4142135623730951
185, 125, 1206, 215, 1206, 214, 0, 1, 1.5707963267948966, 1.0
185, 126, 43, 113, 45, 113, -2, 0, 3.141592653589793, 2.0
185, 127, 710, 348, 710, 350, 0, -2, -1.5707963267948966, 2.0
185, 128, 805, 121, 805, 123, 0, -2, -1.5707963267948966, 2.0
185, 129, 658, 20, 658, 18, 0, 2, 1.5707963267948966, 2.0
185, 130, 789, 344, 789, 342, 0, 2, 1.5707963267948966, 2.0
185, 131, 808, 90, 808, 91, 0, -1, -1.5707963267948966, 1.0
185, 132, 710, 252, 710, 257, 0, -5, -1.5707963267948966, 5.0
185, 133, 328, 372, 328, 373, 0, -1, -1.5707963267948966, 1.0
185, 134, 289, 361, 289, 362, 0, -1, -1.5707963267948966, 1.0
185, 135, 718, 297, 718, 298, 0, -1, -1.5707963267948966, 1.0
185, 136, 359, 415, 362, 412, -3, 3, 2.356194490192345, 4.242640687119285
185, 137, 700, 251, 700, 256, 0, -5, -1.5707963267948966, 5.0
185, 138, 145, 67, 146, 66, -1, 1, 2.356194490192345, 1.4142135623730951
185, 139, 168, 107, 168, 106, 0, 1, 1.5707963267948966, 1.0
185, 140, 1261, 399, 1261, 396, 0, 3, 1.5707963267948966, 3.0
185, 141, 534, 694, 535, 701, -1, -7, -1.7126933813990606, 7.0710678118654755
185, 142, 875, 290, 876, 295, -1, -5, -1.7681918866447774, 5.0990195135927845
186, 0, 862, 268, 864, 273, -2, -5, -1.9513027039072615, 5.385164807134504
186, 1, 493, 330, 494, 335, -1, -5, -1.7681918866447774, 5.0990195135927845
186, 2, 257, 373, 258, 373, -1, 0, 3.141592653589793, 1.0
186, 3, 336, 443, 338, 439, -2, 4, 2.0344439357957027, 4.47213595499958
186, 4, 341, 62, 339, 61, 2, 1, 0.4636476090008061, 2.23606797749979
186, 5, 851, 269, 852, 273, -1, -4, -1.8157749899217608, 4.123105625617661
186, 6, 336, 15, 333, 16, 3, -1, -0.3217505543966422, 3.1622776601683795
186, 7, 333, 352, 333, 353, 0, -1, -1.5707963267948966, 1.0
186, 8, 1049, 103, 1052, 105, -3, -2, -2.5535900500422257, 3.605551275463989
186, 9, 330, 73, 327, 73, 3, 0, 0.0, 3.0
186, 10, 168, 83, 169, 82, -1, 1, 2.356194490192345, 1.4142135623730951
186, 11, 810, 284, 810, 280, 0, 4, 1.5707963267948966, 4.0
186, 12, 468, 54, 469, 56, -1, -2, -2.0344439357957027, 2.23606797749979
186, 13, 368, 533, 369, 529, -1, 4, 1.8157749899217608, 4.123105625617661
186, 14, 151, 632, 149, 629, 2, 3, 0.982793723247329, 3.605551275463989
186, 15, 318, 390, 318, 391, 0, -1, -1.5707963267948966, 1.0
186, 16, 352, 76, 352, 76, 0, 0, 0.0, 0.0
186, 17, 481, 333, 482, 338, -1, -5, -1.7681918866447774, 5.0990195135927845
186, 18, 1032, 153, 1034, 154, -2, -1, -2.677945044588987, 2.23606797749979
186, 19, 619, 143, 619, 142, 0, 1, 1.5707963267948966, 1.0
186, 20, 489, 17, 489, 18, 0, -1, -1.5707963267948966, 1.0
186, 21, 799, 67, 799, 69, 0, -2, -1.5707963267948966, 2.0
186, 22, 258, 332, 259, 332, -1, 0, 3.141592653589793, 1.0
186, 23, 168, 624, 167, 620, 1, 4, 1.3258176636680326, 4.123105625617661
186, 24, 835, 313, 836, 312, -1, 1, 2.356194490192345, 1.4142135623730951
186, 25, 51, 455, 49, 453, 2, 2, 0.7853981633974483, 2.8284271247461903
186, 26, 54, 480, 52, 479, 2, 1, 0.4636476090008061, 2.23606797749979
186, 27, 474, 141, 475, 143, -1, -2, -2.0344439357957027, 2.23606797749979
186, 28, 407, 591, 409, 586, -2, 5, 1.9513027039072615, 5.385164807134504
186, 29, 373, 478, 374, 478, -1, 0, 3.141592653589793, 1.0
186, 30, 335, 24, 332, 25, 3, -1, -0.3217505543966422, 3.1622776601683795
186, 31, 360, 512, 361, 511, -1, 1, 2.356194490192345, 1.4142135623730951
186, 32, 616, 481, 617, 478, -1, 3, 1.892546881191539, 3.1622776601683795
186, 33, 706, 272, 707, 277, -1, -5, -1.7681918866447774, 5.0990195135927845
186, 34, 760, 46, 761, 46, -1, 0, 3.141592653589793, 1.0
186, 35, 356, 586, 357, 582, -1, 4, 1.8157749899217608, 4.123105625617661
186, 36, 331, 59, 329, 58, 2, 1, 0.4636476090008061, 2.23606797749979
186, 37, 45, 81, 47, 81, -2, 0, 3.141592653589793, 2.0
186, 38, 663, 437, 664, 437, -1, 0, 3.141592653589793, 1.0
186, 39, 804, 34, 805, 34, -1, 0, 3.141592653589793, 1.0
186, 40, 776, 16, 778, 16, -2, 0, 3.141592653589793, 2.0
186, 41, 648, 512, 649, 511, -1, 1, 2.356194490192345, 1.4142135623730951
186, 42, 644, 411, 642, 407, 2, 4, 1.1071487177940904, 4.47213595499958
186, 43, 1046, 114, 1049, 116, -3, -2, -2.5535900500422257, 3.605551275463989
186, 44, 674, 344, 673, 343, 1, 1, 0.7853981633974483, 1.4142135623730951
186, 45, 700, 267, 701, 272, -1, -5, -1.7681918866447774, 5.0990195135927845
186, 46, 705, 262, 706, 267, -1, -5, -1.7681918866447774, 5.0990195135927845
186, 47, 275, 320, 275, 320, 0, 0, 0.0, 0.0
186, 48, 247, 405, 248, 405, -1, 0, 3.141592653589793, 1.0
186, 49, 25, 500, 24, 498, 1, 2, 1.1071487177940904, 2.23606797749979
186, 50, 294, 316, 294, 317, 0, -1, -1.5707963267948966, 1.0
186, 51, 502, 337, 503, 342, -1, -5, -1.7681918866447774, 5.0990195135927845
186, 52, 330, 365, 330, 366, 0, -1, -1.5707963267948966, 1.0
186, 53, 304, 339, 304, 340, 0, -1, -1.5707963267948966, 1.0
186, 54, 1057, 114, 1060, 116, -3, -2, -2.5535900500422257, 3.605551275463989
186, 55, 843, 277, 844, 281, -1, -4, -1.8157749899217608, 4.123105625617661
186, 56, 485, 25, 485, 26, 0, -1, -1.5707963267948966, 1.0
186, 57, 371, 525, 372, 521, -1, 4, 1.8157749899217608, 4.123105625617661
186, 58, 1261, 368, 1265, 364, -4, 4, 2.356194490192345, 5.656854249492381
186, 59, 1203, 146, 1203, 145, 0, 1, 1.5707963267948966, 1.0
186, 60, 342, 447, 344, 443, -2, 4, 2.0344439357957027, 4.47213595499958
186, 61, 62, 136, 63, 136, -1, 0, 3.141592653589793, 1.0
186, 62, 497, 10, 497, 11, 0, -1, -1.5707963267948966, 1.0
186, 63, 1261, 408, 1262, 405, -1, 3, 1.892546881191539, 3.1622776601683795
186, 64, 709, 192, 709, 195, 0, -3, -1.5707963267948966, 3.0
186, 65, 778, 314, 779, 313, -1, 1, 2.356194490192345, 1.4142135623730951
186, 66, 939, 18, 940, 18, -1, 0, 3.141592653589793, 1.0
186, 67, 818, 13, 819, 13, -1, 0, 3.141592653589793, 1.0
186, 68, 1201, 226, 1201, 225, 0, 1, 1.5707963267948966, 1.0
186, 69, 1197, 141, 1197, 141, 0, 0, 0.0, 0.0
186, 70, 796, 281, 796, 277, 0, 4, 1.5707963267948966, 4.0
186, 71, 1252, 141, 1251, 141, 1, 0, 0.0, 1.0
186, 72, 790, 22, 791, 22, -1, 0, 3.141592653589793, 1.0
186, 73, 466, 383, 468, 387, -2, -4, -2.0344439357957027, 4.47213595499958
186, 74, 858, 256, 860, 260, -2, -4, -2.0344439357957027, 4.47213595499958
186, 75, 734, 175, 734, 178, 0, -3, -1.5707963267948966, 3.0
186, 76, 147, 95, 147, 94, 0, 1, 1.5707963267948966, 1.0
186, 77, 721, 257, 722, 260, -1, -3, -1.892546881191539, 3.1622776601683795
186, 78, 264, 381, 265, 381, -1, 0, 3.141592653589793, 1.0
186, 79, 289, 377, 290, 377, -1, 0, 3.141592653589793, 1.0
186, 80, 854, 357, 855, 359, -1, -2, -2.0344439357957027, 2.23606797749979
186, 81, 1038, 23, 1035, 23, 3, 0, 0.0, 3.0
186, 82, 657, 338, 656, 336, 1, 2, 1.1071487177940904, 2.23606797749979
186, 83, 330, 407, 331, 407, -1, 0, 3.141592653589793, 1.0
186, 84, 473, 407, 474, 411, -1, -4, -1.8157749899217608, 4.123105625617661
186, 85, 653, 344, 652, 342, 1, 2, 1.1071487177940904, 2.23606797749979
186, 86, 1248, 367, 1248, 364, 0, 3, 1.5707963267948966, 3.0
186, 87, 243, 325, 244, 325, -1, 0, 3.141592653589793, 1.0
186, 88, 55, 155, 55, 155, 0, 0, 0.0, 0.0
186, 89, 1221, 413, 1221, 409, 0, 4, 1.5707963267948966, 4.0
186, 90, 169, 113, 169, 111, 0, 2, 1.5707963267948966, 2.0
186, 91, 814, 22, 815, 22, -1, 0, 3.141592653589793, 1.0
186, 92, 806, 275, 806, 271, 0, 4, 1.5707963267948966, 4.0
186, 93, 816, 322, 816, 320, 0, 2, 1.5707963267948966, 2.0
186, 94, 787, 105, 787, 107, 0, -2, -1.5707963267948966, 2.0
186, 95, 668, 339, 668, 338, 0, 1, 1.5707963267948966, 1.0
186, 96, 658, 330, 658, 328, 0, 2, 1.5707963267948966, 2.0
186, 97, 503, 366, 503, 364, 0, 2, 1.5707963267948966, 2.0
186, 98, 588, 72, 588, 73, 0, -1, -1.5707963267948966, 1.0
186, 99, 472, 62, 473, 64, -1, -2, -2.0344439357957027, 2.23606797749979
186, 100, 481, 321, 482, 326, -1, -5, -1.7681918866447774, 5.0990195135927845
186, 101, 640, 545, 640, 545, 0, 0, 0.0, 0.0
186, 102, 181, 701, 180, 706, 1, -5, -1.373400766945016, 5.0990195135927845
186, 103, 461, 63, 462, 65, -1, -2, -2.0344439357957027, 2.23606797749979
186, 104, 624, 234, 625, 234, -1, 0, 3.141592653589793, 1.0
186, 105, 656, 412, 656, 409, 0, 3, 1.5707963267948966, 3.0
186, 106, 67, 110, 68, 110, -1, 0, 3.141592653589793, 1.0
186, 107, 501, 388, 502, 392, -1, -4, -1.8157749899217608, 4.123105625617661
186, 108, 1174, 278, 1175, 278, -1, 0, 3.141592653589793, 1.0
186, 109, 617, 216, 618, 216, -1, 0, 3.141592653589793, 1.0
186, 110, 496, 25, 496, 26, 0, -1, -1.5707963267948966, 1.0
186, 111, 1206, 180, 1206, 179, 0, 1, 1.5707963267948966, 1.0
186, 112, 364, 463, 366, 460, -2, 3, 2.158798930342464, 3.605551275463989
186, 113, 14, 487, 12, 484, 2, 3, 0.982793723247329, 3.605551275463989
186, 114, 465, 405, 466, 409, -1, -4, -1.8157749899217608, 4.123105625617661
186, 115, 280, 307, 280, 307, 0, 0, 0.0, 0.0
186, 116, 740, 208, 740, 210, 0, -2, -1.5707963267948966, 2.0
186, 117, 852, 317, 853, 321, -1, -4, -1.8157749899217608, 4.123105625617661
186, 118, 378, 451, 380, 447, -2, 4, 2.0344439357957027, 4.47213595499958
186, 119, 58, 512, 56, 510, 2, 2, 0.7853981633974483, 2.8284271247461903
186, 120, 293, 346, 293, 347, 0, -1, -1.5707963267948966, 1.0
186, 121, 1205, 107, 1204, 106, 1, 1, 0.7853981633974483, 1.4142135623730951
186, 122, 293, 384, 294, 384, -1, 0, 3.141592653589793, 1.0
186, 123, 827, 45, 828, 45, -1, 0, 3.141592653589793, 1.0
186, 124, 665, 329, 665, 327, 0, 2, 1.5707963267948966, 2.0
186, 125, 648, 423, 648, 419, 0, 4, 1.5707963267948966, 4.0
186, 126, 710, 253, 711, 257, -1, -4, -1.8157749899217608, 4.123105625617661
186, 127, 643, 371, 642, 369, 1, 2, 1.1071487177940904, 2.23606797749979
186, 128, 148, 107, 149, 107, -1, 0, 3.141592653589793, 1.0
186, 129, 401, 581, 403, 574, -2, 7, 1.849095985800008, 7.280109889280518
186, 130, 61, 476, 59, 475, 2, 1, 0.4636476090008061, 2.23606797749979
186, 131, 781, 21, 783, 21, -2, 0, 3.141592653589793, 2.0
186, 132, 654, 505, 654, 503, 0, 2, 1.5707963267948966, 2.0
186, 133, 277, 347, 277, 348, 0, -1, -1.5707963267948966, 1.0
186, 134, 500, 436, 500, 445, 0, -9, -1.5707963267948966, 9.0
186, 135, 1211, 145, 1211, 144, 0, 1, 1.5707963267948966, 1.0
186, 136, 668, 494, 668, 491, 0, 3, 1.5707963267948966, 3.0
186, 137, 1206, 215, 1206, 214, 0, 1, 1.5707963267948966, 1.0
186, 138, 1234, 393, 1233, 389, 1, 4, 1.3258176636680326, 4.123105625617661
186, 139, 362, 417, 364, 414, -2, 3, 2.158798930342464, 3.605551275463989
186, 140, 263, 324, 264, 324, -1, 0, 3.141592653589793, 1.0
186, 141, 68, 140, 69, 140, -1, 0, 3.141592653589793, 1.0
186, 142, 1254, 359, 1254, 355, 0, 4, 1.5707963267948966, 4.0
186, 143, 535, 695, 536, 702, -1, -7, -1.7126933813990606, 7.0710678118654755
186, 144, 801, 349, 801, 348, 0, 1, 1.5707963267948966, 1.0
186, 145, 784, 299, 785, 297, -1, 2, 2.0344439357957027, 2.23606797749979
186, 146, 1075, 22, 1074, 22, 1, 0, 0.0, 1.0
186, 147, 789, 357, 789, 353, 0, 4, 1.5707963267948966, 4.0
186, 148, 1219, 98, 1218, 97, 1, 1, 0.7853981633974483, 1.4142135623730951
186, 149, 809, 91, 809, 92, 0, -1, -1.5707963267948966, 1.0
186, 150, 43, 114, 45, 114, -2, 0, 3.141592653589793, 2.0
186, 151, 700, 253, 701, 257, -1, -4, -1.8157749899217608, 4.123105625617661
186, 152, 302, 384, 302, 385, 0, -1, -1.5707963267948966, 1.0
186, 153, 150, 42, 150, 41, 0, 1, 1.5707963267948966, 1.0
186, 154, 1207, 173, 1206, 172, 1, 1, 0.7853981633974483, 1.4142135623730951
186, 155, 598, 68, 598, 69, 0, -1, -1.5707963267948966, 1.0
186, 156, 288, 363, 289, 363, -1, 0, 3.141592653589793, 1.0
186, 157, 499, 91, 499, 92, 0, -1, -1.5707963267948966, 1.0
186, 158, 228, 321, 229, 321, -1, 0, 3.141592653589793, 1.0
186, 159, 139, 35, 139, 34, 0, 1, 1.5707963267948966, 1.0
186, 160, 328, 374, 328, 375, 0, -1, -1.5707963267948966, 1.0
186, 161, 240, 311, 241, 311, -1, 0, 3.141592653589793, 1.0
186, 162, 1261, 34, 1275, 34, -14, 0, 3.141592653589793, 14.0
187, 0, 860, 263, 862, 268, -2, -5, -1.9513027039072615, 5.385164807134504
187, 1, 493, 327, 493, 330, 0, -3, -1.5707963267948966, 3.0
187, 2, 256, 373, 257, 373, -1, 0, 3.141592653589793, 1.0
187, 3, 334, 447, 336, 443, -2, 4, 2.0344439357957027, 4.47213595499958
187, 4, 344, 63, 341, 62, 3, 1, 0.3217505543966422, 3.1622776601683795
187, 5, 848, 265, 851, 269, -3, -4, -2.214297435588181, 5.0
187, 6, 339, 14, 336, 15, 3, -1, -0.3217505543966422, 3.1622776601683795
187, 7, 333, 351, 333, 352, 0, -1, -1.5707963267948966, 1.0
187, 8, 1045, 99, 1049, 103, -4, -4, -2.356194490192345, 5.656854249492381
187, 9, 332, 75, 330, 73, 2, 2, 0.7853981633974483, 2.8284271247461903
187, 10, 166, 87, 168, 83, -2, 4, 2.0344439357957027, 4.47213595499958
187, 11, 808, 286, 810, 284, -2, 2, 2.356194490192345, 2.8284271247461903
187, 12, 467, 49, 468, 54, -1, -5, -1.7681918866447774, 5.0990195135927845
187, 13, 367, 536, 368, 533, -1, 3, 1.892546881191539, 3.1622776601683795
187, 14, 153, 635, 151, 632, 2, 3, 0.982793723247329, 3.605551275463989
187, 15, 318, 389, 318, 390, 0, -1, -1.5707963267948966, 1.0
187, 16, 352, 76, 352, 76, 0, 0, 0.0, 0.0
187, 17, 480, 329, 481, 333, -1, -4, -1.8157749899217608, 4.123105625617661
187, 18, 1029, 151, 1032, 153, -3, -2, -2.5535900500422257, 3.605551275463989
187, 19, 618, 146, 619, 143, -1, 3, 1.892546881191539, 3.1622776601683795
187, 20, 488, 14, 489, 17, -1, -3, -1.892546881191539, 3.1622776601683795
187, 21, 801, 64, 799, 67, 2, -3, -0.982793723247329, 3.605551275463989
187, 22, 169, 628, 168, 624, 1, 4, 1.3258176636680326, 4.123105625617661
187, 23, 834, 313, 835, 313, -1, 0, 3.141592653589793, 1.0
187, 24, 51, 455, 51, 455, 0, 0, 0.0, 0.0
187, 25, 56, 482, 54, 480, 2, 2, 0.7853981633974483, 2.8284271247461903
187, 26, 474, 137, 474, 141, 0, -4, -1.5707963267948966, 4.0
187, 27, 405, 594, 407, 591, -2, 3, 2.158798930342464, 3.605551275463989
187, 28, 371, 478, 373, 478, -2, 0, 3.141592653589793, 2.0
187, 29, 338, 24, 335, 24, 3, 0, 0.0, 3.0
187, 30, 359, 512, 360, 512, -1, 0, 3.141592653589793, 1.0
187, 31, 616, 482, 616, 481, 0, 1, 1.5707963267948966, 1.0
187, 32, 705, 267, 706, 272, -1, -5, -1.7681918866447774, 5.0990195135927845
187, 33, 758, 46, 760, 46, -2, 0, 3.141592653589793, 2.0
187, 34, 355, 590, 356, 586, -1, 4, 1.8157749899217608, 4.123105625617661
187, 35, 335, 59, 331, 59, 4, 0, 0.0, 4.0
187, 36, 41, 81, 45, 81, -4, 0, 3.141592653589793, 4.0
187, 37, 663, 438, 663, 437, 0, 1, 1.5707963267948966, 1.0
187, 38, 802, 34, 804, 34, -2, 0, 3.141592653589793, 2.0
187, 39, 774, 16, 776, 16, -2, 0, 3.141592653589793, 2.0
187, 40, 648, 516, 648, 512, 0, 4, 1.5707963267948966, 4.0
187, 41, 646, 415, 644, 411, 2, 4, 1.1071487177940904, 4.47213595499958
187, 42, 1042, 111, 1046, 114, -4, -3, -2.498091544796509, 5.0
187, 43, 675, 348, 674, 344, 1, 4, 1.3258176636680326, 4.123105625617661
187, 44, 699, 262, 700, 267, -1, -5, -1.7681918866447774, 5.0990195135927845
187, 45, 704, 257, 705, 262, -1, -5, -1.7681918866447774, 5.0990195135927845
187, 46, 275, 320, 275, 320, 0, 0, 0.0, 0.0
187, 47, 246, 405, 247, 405, -1, 0, 3.141592653589793, 1.0
187, 48, 25, 501, 25, 500, 0, 1, 1.5707963267948966, 1.0
187, 49, 293, 316, 294, 316, -1, 0, 3.141592653589793, 1.0
187, 50, 502, 333, 502, 337, 0, -4, -1.5707963267948966, 4.0
187, 51, 330, 364, 330, 365, 0, -1, -1.5707963267948966, 1.0
187, 52, 1053, 110, 1057, 114, -4, -4, -2.356194490192345, 5.656854249492381
187, 53, 841, 273, 843, 277, -2, -4, -2.0344439357957027, 4.47213595499958
187, 54, 484, 23, 485, 25, -1, -2, -2.0344439357957027, 2.23606797749979
187, 55, 369, 528, 371, 525, -2, 3, 2.158798930342464, 3.605551275463989
187, 56, 1261, 371, 1261, 368, 0, 3, 1.5707963267948966, 3.0
187, 57, 1204, 148, 1203, 146, 1, 2, 1.1071487177940904, 2.23606797749979
187, 58, 340, 451, 342, 447, -2, 4, 2.0344439357957027, 4.47213595499958
187, 59, 60, 137, 62, 136, -2, 1, 2.677945044588987, 2.23606797749979
187, 60, 497, 9, 497, 10, 0, -1, -1.5707963267948966, 1.0
187, 61, 1261, 411, 1261, 408, 0, 3, 1.5707963267948966, 3.0
187, 62, 710, 189, 709, 192, 1, -3, -1.2490457723982544, 3.1622776601683795
187, 63, 778, 315, 778, 314, 0, 1, 1.5707963267948966, 1.0
187, 64, 938, 18, 939, 18, -1, 0, 3.141592653589793, 1.0
187, 65, 816, 13, 818, 13, -2, 0, 3.141592653589793, 2.0
187, 66, 1202, 229, 1201, 226, 1, 3, 1.2490457723982544, 3.1622776601683795
187, 67, 1198, 143, 1197, 141, 1, 2, 1.1071487177940904, 2.23606797749979
187, 68, 796, 284, 796, 281, 0, 3, 1.5707963267948966, 3.0
187, 69, 1254, 142, 1252, 141, 2, 1, 0.4636476090008061, 2.23606797749979
187, 70, 788, 22, 790, 22, -2, 0, 3.141592653589793, 2.0
187, 71, 464, 379, 466, 383, -2, -4, -2.0344439357957027, 4.47213595499958
187, 72, 855, 252, 858, 256, -3, -4, -2.214297435588181, 5.0
187, 73, 735, 170, 734, 175, 1, -5, -1.373400766945016, 5.0990195135927845
187, 74, 146, 97, 147, 95, -1, 2, 2.0344439357957027, 2.23606797749979
187, 75, 720, 252, 721, 257, -1, -5, -1.7681918866447774, 5.0990195135927845
187, 76, 263, 381, 264, 381, -1, 0, 3.141592653589793, 1.0
187, 77, 288, 377, 289, 377, -1, 0, 3.141592653589793, 1.0
187, 78, 1039, 23, 1038, 23, 1, 0, 0.0, 1.0
187, 79, 658, 341, 657, 338, 1, 3, 1.2490457723982544, 3.1622776601683795
187, 80, 329, 407, 330, 407, -1, 0, 3.141592653589793, 1.0
187, 81, 474, 403, 473, 407, 1, -4, -1.3258176636680326, 4.123105625617661
187, 82, 655, 347, 653, 344, 2, 3, 0.982793723247329, 3.605551275463989
187, 83, 1250, 370, 1248, 367, 2, 3, 0.982793723247329, 3.605551275463989
187, 84, 242, 325, 243, 325, -1, 0, 3.141592653589793, 1.0
187, 85, 54, 155, 55, 155, -1, 0, 3.141592653589793, 1.0
187, 86, 1222, 418, 1221, 413, 1, 5, 1.373400766945016, 5.0990195135927845
187, 87, 168, 116, 169, 113, -1, 3, 1.892546881191539, 3.1622776601683795
187, 88, 812, 22, 814, 22, -2, 0, 3.141592653589793, 2.0
187, 89, 805, 278, 806, 275, -1, 3, 1.892546881191539, 3.1622776601683795
187, 90, 816, 323, 816, 322, 0, 1, 1.5707963267948966, 1.0
187, 91, 789, 101, 787, 105, 2, -4, -1.1071487177940904, 4.47213595499958
187, 92, 669, 343, 668, 339, 1, 4, 1.3258176636680326, 4.123105625617661
187, 93, 658, 333, 658, 330, 0, 3, 1.5707963267948966, 3.0
187, 94, 504, 369, 503, 366, 1, 3, 1.2490457723982544, 3.1622776601683795
187, 95, 588, 71, 588, 72, 0, -1, -1.5707963267948966, 1.0
187, 96, 471, 57, 472, 62, -1, -5, -1.7681918866447774, 5.0990195135927845
187, 97, 480, 317, 481, 321, -1, -4, -1.8157749899217608, 4.123105625617661
187, 98, 640, 545, 640, 545, 0, 0, 0.0, 0.0
187, 99, 181, 701, 181, 701, 0, 0, 0.0, 0.0
187, 100, 460, 58, 461, 63, -1, -5, -1.7681918866447774, 5.0990195135927845
187, 101, 624, 234, 624, 234, 0, 0, 0.0, 0.0
187, 102, 656, 413, 656, 412, 0, 1, 1.5707963267948966, 1.0
187, 103, 63, 111, 67, 110, -4, 1, 2.896613990462929, 4.123105625617661
187, 104, 500, 383, 501, 388, -1, -5, -1.7681918866447774, 5.0990195135927845
187, 105, 1173, 278, 1174, 278, -1, 0, 3.141592653589793, 1.0
187, 106, 616, 221, 617, 216, -1, 5, 1.7681918866447774, 5.0990195135927845
187, 107, 495, 23, 496, 25, -1, -2, -2.0344439357957027, 2.23606797749979
187, 108, 1206, 183, 1206, 180, 0, 3, 1.5707963267948966, 3.0
187, 109, 362, 466, 364, 463, -2, 3, 2.158798930342464, 3.605551275463989
187, 110, 16, 487, 14, 487, 2, 0, 0.0, 2.0
187, 111, 463, 401, 465, 405, -2, -4, -2.0344439357957027, 4.47213595499958
187, 112, 280, 307, 280, 307, 0, 0, 0.0, 0.0
187, 113, 740, 203, 740, 208, 0, -5, -1.5707963267948966, 5.0
187, 114, 851, 313, 852, 317, -1, -4, -1.8157749899217608, 4.123105625617661
187, 115, 377, 454, 378, 451, -1, 3, 1.892546881191539, 3.1622776601683795
187, 116, 59, 516, 58, 512, 1, 4, 1.3258176636680326, 4.123105625617661
187, 117, 293, 346, 293, 346, 0, 0, 0.0, 0.0
187, 118, 1207, 110, 1205, 107, 2, 3, 0.982793723247329, 3.605551275463989
187, 119, 292, 384, 293, 384, -1, 0, 3.141592653589793, 1.0
187, 120, 826, 45, 827, 45, -1, 0, 3.141592653589793, 1.0
187, 121, 665, 333, 665, 329, 0, 4, 1.5707963267948966, 4.0
187, 122, 649, 425, 648, 423, 1, 2, 1.1071487177940904, 2.23606797749979
187, 123, 709, 248, 710, 253, -1, -5, -1.7681918866447774, 5.0990195135927845
187, 124, 645, 374, 643, 371, 2, 3, 0.982793723247329, 3.605551275463989
187, 125, 147, 109, 148, 107, -1, 2, 2.0344439357957027, 2.23606797749979
187, 126, 399, 586, 401, 581, -2, 5, 1.9513027039072615, 5.385164807134504
187, 127, 63, 477, 61, 476, 2, 1, 0.4636476090008061, 2.23606797749979
187, 128, 779, 21, 781, 21, -2, 0, 3.141592653589793, 2.0
187, 129, 655, 508, 654, 505, 1, 3, 1.2490457723982544, 3.1622776601683795
187, 130, 500, 432, 500, 436, 0, -4, -1.5707963267948966, 4.0
187, 131, 1212, 147, 1211, 145, 1, 2, 1.1071487177940904, 2.23606797749979
187, 132, 667, 495, 668, 494, -1, 1, 2.356194490192345, 1.4142135623730951
187, 133, 1207, 218, 1206, 215, 1, 3, 1.2490457723982544, 3.1622776601683795
187, 134, 1235, 396, 1234, 393, 1, 3, 1.2490457723982544, 3.1622776601683795
187, 135, 359, 419, 362, 417, -3, 2, 2.5535900500422257, 3.605551275463989
187, 136, 66, 140, 68, 140, -2, 0, 3.141592653589793, 2.0
187, 137, 1255, 363, 1254, 359, 1, 4, 1.3258176636680326, 4.123105625617661
187, 138, 533, 685, 535, 695, -2, -10, -1.7681918866447774, 10.198039027185569
187, 139, 801, 349, 801, 349, 0, 0, 0.0, 0.0
187, 140, 785, 302, 784, 299, 1, 3, 1.2490457723982544, 3.1622776601683795
187, 141, 1075, 22, 1075, 22, 0, 0, 0.0, 0.0
187, 142, 790, 362, 789, 357, 1, 5, 1.373400766945016, 5.0990195135927845
187, 143, 1222, 101, 1219, 98, 3, 3, 0.7853981633974483, 4.242640687119285
187, 144, 811, 88, 809, 91, 2, -3, -0.982793723247329, 3.605551275463989
187, 145, 39, 114, 43, 114, -4, 0, 3.141592653589793, 4.0
187, 146, 700, 249, 700, 253, 0, -4, -1.5707963267948966, 4.0
187, 147, 302, 383, 302, 384, 0, -1, -1.5707963267948966, 1.0
187, 148, 150, 46, 150, 42, 0, 4, 1.5707963267948966, 4.0
187, 149, 1207, 176, 1207, 173, 0, 3, 1.5707963267948966, 3.0
187, 150, 598, 67, 598, 68, 0, -1, -1.5707963267948966, 1.0
187, 151, 287, 363, 288, 363, -1, 0, 3.141592653589793, 1.0
187, 152, 499, 89, 499, 91, 0, -2, -1.5707963267948966, 2.0
187, 153, 227, 321, 228, 321, -1, 0, 3.141592653589793, 1.0
187, 154, 139, 38, 139, 35, 0, 3, 1.5707963267948966, 3.0
187, 155, 328, 373, 328, 374, 0, -1, -1.5707963267948966, 1.0
187, 156, 1258, 33, 1261, 34, -3, -1, -2.819842099193151, 3.1622776601683795
188, 0, 860, 265, 862, 268, -2, -3, -2.158798930342464, 3.605551275463989
188, 1, 359, 511, 360, 511, -1, 0, 3.141592653589793, 1.0
188, 2, 256, 373, 257, 373, -1, 0, 3.141592653589793, 1.0
188, 3, 492, 324, 493, 328, -1, -4, -1.8157749899217608, 4.123105625617661
188, 4, 338, 448, 339, 445, -1, 3, 1.892546881191539, 3.1622776601683795
188, 5, 57, 463, 55, 461, 2, 2, 0.7853981633974483, 2.8284271247461903
188, 6, 340, 14, 337, 15, 3, -1, -0.3217505543966422, 3.1622776601683795
188, 7, 849, 266, 851, 269, -2, -3, -2.158798930342464, 3.605551275463989
188, 8, 809, 290, 810, 286, -1, 4, 1.8157749899217608, 4.123105625617661
188, 9, 1046, 99, 1049, 102, -3, -3, -2.356194490192345, 4.242640687119285
188, 10, 333, 351, 333, 352, 0, -1, -1.5707963267948966, 1.0
188, 11, 618, 145, 619, 144, -1, 1, 2.356194490192345, 1.4142135623730951
188, 12, 803, 32, 804, 32, -1, 0, 3.141592653589793, 1.0
188, 13, 488, 15, 489, 17, -1, -2, -2.0344439357957027, 2.23606797749979
188, 14, 480, 326, 481, 330, -1, -4, -1.8157749899217608, 4.123105625617661
188, 15, 345, 67, 344, 66, 1, 1, 0.7853981633974483, 1.4142135623730951
188, 16, 318, 390, 318, 391, 0, -1, -1.5707963267948966, 1.0
188, 17, 167, 88, 168, 86, -1, 2, 2.0344439357957027, 2.23606797749979
188, 18, 801, 64, 800, 67, 1, -3, -1.2490457723982544, 3.1622776601683795
188, 19, 468, 49, 469, 53, -1, -4, -1.8157749899217608, 4.123105625617661
188, 20, 352, 76, 352, 76, 0, 0, 0.0, 0.0
188, 21, 352, 595, 353, 591, -1, 4, 1.8157749899217608, 4.123105625617661
188, 22, 306, 326, 306, 326, 0, 0, 0.0, 0.0
188, 23, 172, 633, 171, 629, 1, 4, 1.3258176636680326, 4.123105625617661
188, 24, 1232, 426, 1231, 425, 1, 1, 0.7853981633974483, 1.4142135623730951
188, 25, 649, 418, 647, 414, 2, 4, 1.1071487177940904, 4.47213595499958
188, 26, 366, 542, 367, 538, -1, 4, 1.8157749899217608, 4.123105625617661
188, 27, 153, 641, 152, 637, 1, 4, 1.3258176636680326, 4.123105625617661
188, 28, 26, 503, 25, 502, 1, 1, 0.7853981633974483, 1.4142135623730951
188, 29, 340, 23, 337, 24, 3, -1, -0.3217505543966422, 3.1622776601683795
188, 30, 402, 600, 403, 597, -1, 3, 1.892546881191539, 3.1622776601683795
188, 31, 789, 24, 790, 24, -1, 0, 3.141592653589793, 1.0
188, 32, 336, 71, 334, 69, 2, 2, 0.7853981633974483, 2.8284271247461903
188, 33, 1056, 109, 1058, 113, -2, -4, -2.0344439357957027, 4.47213595499958
188, 34, 465, 374, 466, 379, -1, -5, -1.7681918866447774, 5.0990195135927845
188, 35, 619, 493, 619, 490, 0, 3, 1.5707963267948966, 3.0
188, 36, 252, 388, 253, 388, -1, 0, 3.141592653589793, 1.0
188, 37, 699, 264, 700, 267, -1, -3, -1.892546881191539, 3.1622776601683795
188, 38, 1261, 417, 1264, 413, -3, 4, 2.214297435588181, 5.0
188, 39, 340, 58, 338, 57, 2, 1, 0.4636476090008061, 2.23606797749979
188, 40, 331, 364, 331, 365, 0, -1, -1.5707963267948966, 1.0
188, 41, 43, 81, 45, 81, -2, 0, 3.141592653589793, 2.0
188, 42, 795, 288, 795, 284, 0, 4, 1.5707963267948966, 4.0
188, 43, 759, 46, 760, 46, -1, 0, 3.141592653589793, 1.0
188, 44, 706, 269, 707, 272, -1, -3, -1.892546881191539, 3.1622776601683795
188, 45, 1204, 148, 1204, 147, 0, 1, 1.5707963267948966, 1.0
188, 46, 295, 316, 295, 317, 0, -1, -1.5707963267948966, 1.0
188, 47, 372, 482, 374, 479, -2, 3, 2.158798930342464, 3.605551275463989
188, 48, 711, 192, 711, 193, 0, -1, -1.5707963267948966, 1.0
188, 49, 476, 138, 476, 142, 0, -4, -1.5707963267948966, 4.0
188, 50, 360, 599, 361, 595, -1, 4, 1.8157749899217608, 4.123105625617661
188, 51, 461, 57, 462, 61, -1, -4, -1.8157749899217608, 4.123105625617661
188, 52, 247, 405, 248, 405, -1, 0, 3.141592653589793, 1.0
188, 53, 1031, 149, 1033, 151, -2, -2, -2.356194490192345, 2.8284271247461903
188, 54, 64, 111, 66, 111, -2, 0, 3.141592653589793, 2.0
188, 55, 786, 307, 786, 304, 0, 3, 1.5707963267948966, 3.0
188, 56, 676, 350, 675, 347, 1, 3, 1.2490457723982544, 3.1622776601683795
188, 57, 1235, 483, 1235, 483, 0, 0, 0.0, 0.0
188, 58, 711, 263, 712, 266, -1, -3, -1.892546881191539, 3.1622776601683795
188, 59, 304, 339, 304, 340, 0, -1, -1.5707963267948966, 1.0
188, 60, 1044, 110, 1046, 113, -2, -3, -2.158798930342464, 3.605551275463989
188, 61, 656, 344, 655, 340, 1, 4, 1.3258176636680326, 4.123105625617661
188, 62, 703, 338, 704, 340, -1, -2, -2.0344439357957027, 2.23606797749979
188, 63, 146, 96, 147, 95, -1, 1, 2.356194490192345, 1.4142135623730951
188, 64, 664, 438, 664, 437, 0, 1, 1.5707963267948966, 1.0
188, 65, 274, 324, 274, 324, 0, 0, 0.0, 0.0
188, 66, 368, 534, 370, 530, -2, 4, 2.0344439357957027, 4.47213595499958
188, 67, 1261, 374, 1267, 371, -6, 3, 2.677945044588987, 6.708203932499369
188, 68, 1222, 422, 1222, 417, 0, 5, 1.5707963267948966, 5.0
188, 69, 502, 424, 501, 427, 1, -3, -1.2490457723982544, 3.1622776601683795
188, 70, 264, 381, 265, 381, -1, 0, 3.141592653589793, 1.0
188, 71, 735, 170, 735, 174, 0, -4, -1.5707963267948966, 4.0
188, 72, 936, 101, 937, 101, -1, 0, 3.141592653589793, 1.0
188, 73, 1251, 374, 1249, 371, 2, 3, 0.982793723247329, 3.605551275463989
188, 74, 61, 138, 62, 138, -1, 0, 3.141592653589793, 1.0
188, 75, 789, 102, 788, 105, 1, -3, -1.2490457723982544, 3.1622776601683795
188, 76, 1045, 192, 1046, 195, -1, -3, -1.892546881191539, 3.1622776601683795
188, 77, 58, 488, 57, 486, 1, 2, 1.1071487177940904, 2.23606797749979
188, 78, 289, 377, 290, 377, -1, 0, 3.141592653589793, 1.0
188, 79, 482, 47, 483, 49, -1, -2, -2.0344439357957027, 2.23606797749979
188, 80, 330, 407, 331, 407, -1, 0, 3.141592653589793, 1.0
188, 81, 461, 398, 463, 402, -2, -4, -2.0344439357957027, 4.47213595499958
188, 82, 1198, 229, 1198, 228, 0, 1, 1.5707963267948966, 1.0
188, 83, 842, 274, 843, 277, -1, -3, -1.892546881191539, 3.1622776601683795
188, 84, 817, 13, 818, 13, -1, 0, 3.141592653589793, 1.0
188, 85, 854, 252, 856, 255, -2, -3, -2.158798930342464, 3.605551275463989
188, 86, 243, 325, 244, 325, -1, 0, 3.141592653589793, 1.0
188, 87, 805, 282, 806, 278, -1, 4, 1.8157749899217608, 4.123105625617661
188, 88, 1174, 278, 1175, 278, -1, 0, 3.141592653589793, 1.0
188, 89, 1206, 176, 1206, 175, 0, 1, 1.5707963267948966, 1.0
188, 90, 587, 72, 587, 73, 0, -1, -1.5707963267948966, 1.0
188, 91, 816, 329, 816, 326, 0, 3, 1.5707963267948966, 3.0
188, 92, 262, 389, 263, 389, -1, 0, 3.141592653589793, 1.0
188, 93, 67, 484, 65, 482, 2, 2, 0.7853981633974483, 2.8284271247461903
188, 94, 501, 330, 502, 335, -1, -5, -1.7681918866447774, 5.0990195135927845
188, 95, 812, 86, 811, 89, 1, -3, -1.2490457723982544, 3.1622776601683795
188, 96, 1255, 143, 1254, 143, 1, 0, 0.0, 1.0
188, 97, 293, 346, 293, 347, 0, -1, -1.5707963267948966, 1.0
188, 98, 1200, 142, 1199, 141, 1, 1, 0.7853981633974483, 1.4142135623730951
188, 99, 777, 320, 777, 317, 0, 3, 1.5707963267948966, 3.0
188, 100, 499, 91, 499, 93, 0, -2, -1.5707963267948966, 2.0
188, 101, 781, 12, 782, 12, -1, 0, 3.141592653589793, 1.0
188, 102, 1074, 21, 1074, 21, 0, 0, 0.0, 0.0
188, 103, 720, 255, 721, 258, -1, -3, -1.892546881191539, 3.1622776601683795
188, 104, 843, 337, 844, 342, -1, -5, -1.7681918866447774, 5.0990195135927845
188, 105, 1248, 147, 1248, 147, 0, 0, 0.0, 0.0
188, 106, 624, 234, 624, 234, 0, 0, 0.0, 0.0
188, 107, 481, 313, 482, 318, -1, -5, -1.7681918866447774, 5.0990195135927845
188, 108, 1207, 217, 1207, 216, 0, 1, 1.5707963267948966, 1.0
188, 109, 494, 424, 494, 426, 0, -2, -1.5707963267948966, 2.0
188, 110, 650, 526, 651, 521, -1, 5, 1.7681918866447774, 5.0990195135927845
188, 111, 1247, 440, 1246, 436, 1, 4, 1.3258176636680326, 4.123105625617661
188, 112, 1236, 401, 1235, 397, 1, 4, 1.3258176636680326, 4.123105625617661
188, 113, 472, 57, 473, 61, -1, -4, -1.8157749899217608, 4.123105625617661
188, 114, 531, 683, 533, 691, -2, -8, -1.8157749899217608, 8.246211251235321
188, 115, 40, 105, 42, 106, -2, -1, -2.677945044588987, 2.23606797749979
188, 116, 644, 376, 643, 373, 1, 3, 1.2490457723982544, 3.1622776601683795
188, 117, 381, 451, 383, 448, -2, 3, 2.158798930342464, 3.605551275463989
188, 118, 55, 155, 56, 155, -1, 0, 3.141592653589793, 1.0
188, 119, 73, 150, 74, 150, -1, 0, 3.141592653589793, 1.0
188, 120, 280, 307, 280, 307, 0, 0, 0.0, 0.0
188, 121, 1048, 17, 1047, 15, 1, 2, 1.1071487177940904, 2.23606797749979
188, 122, 360, 421, 362, 418, -2, 3, 2.158798930342464, 3.605551275463989
188, 123, 293, 384, 294, 384, -1, 0, 3.141592653589793, 1.0
188, 124, 827, 45, 827, 45, 0, 0, 0.0, 0.0
188, 125, 639, 545, 640, 545, -1, 0, 3.141592653589793, 1.0
188, 126, 852, 314, 853, 316, -1, -2, -2.0344439357957027, 2.23606797749979
188, 127, 1208, 110, 1206, 109, 2, 1, 0.4636476090008061, 2.23606797749979
188, 128, 62, 526, 62, 524, 0, 2, 1.5707963267948966, 2.0
188, 129, 867, 271, 869, 274, -2, -3, -2.158798930342464, 3.605551275463989
188, 130, 482, 411, 483, 413, -1, -2, -2.0344439357957027, 2.23606797749979
188, 131, 657, 520, 657, 516, 0, 4, 1.5707963267948966, 4.0
188, 132, 666, 334, 666, 331, 0, 3, 1.5707963267948966, 3.0
188, 133, 1065, 16, 1065, 14, 0, 2, 1.5707963267948966, 2.0
188, 134, 140, 38, 140, 36, 0, 2, 1.5707963267948966, 2.0
188, 135, 813, 311, 814, 307, -1, 4, 1.8157749899217608, 4.123105625617661
188, 136, 659, 335, 659, 332, 0, 3, 1.5707963267948966, 3.0
188, 137, 265, 396, 266, 396, -1, 0, 3.141592653589793, 1.0
188, 138, 835, 314, 836, 316, -1, -2, -2.0344439357957027, 2.23606797749979
188, 139, 653, 442, 652, 439, 1, 3, 1.2490457723982544, 3.1622776601683795
188, 140, 302, 384, 302, 385, 0, -1, -1.5707963267948966, 1.0
188, 141, 743, 202, 743, 206, 0, -4, -1.5707963267948966, 4.0
188, 142, 869, 305, 870, 308, -1, -3, -1.892546881191539, 3.1622776601683795
188, 143, 1066, 25, 1066, 25, 0, 0, 0.0, 0.0
188, 144, 1213, 147, 1212, 146, 1, 1, 0.7853981633974483, 1.4142135623730951
188, 145, 263, 324, 264, 324, -1, 0, 3.141592653589793, 1.0
188, 146, 1047, 181, 1048, 185, -1, -4, -1.8157749899217608, 4.123105625617661
188, 147, 1192, 167, 1192, 167, 0, 0, 0.0, 0.0
188, 148, 1257, 365, 1255, 362, 2, 3, 0.982793723247329, 3.605551275463989
188, 149, 711, 250, 712, 253, -1, -3, -1.892546881191539, 3.1622776601683795
188, 150, 327, 376, 328, 376, -1, 0, 3.141592653589793, 1.0
189, 0, 858, 262, 860, 265, -2, -3, -2.158798930342464, 3.605551275463989
189, 1, 255, 373, 256, 373, -1, 0, 3.141592653589793, 1.0
189, 2, 491, 319, 492, 324, -1, -5, -1.7681918866447774, 5.0990195135927845
189, 3, 337, 451, 338, 448, -1, 3, 1.892546881191539, 3.1622776601683795
189, 4, 59, 465, 57, 463, 2, 2, 0.7853981633974483, 2.8284271247461903
189, 5, 343, 13, 340, 14, 3, -1, -0.3217505543966422, 3.1622776601683795
189, 6, 847, 263, 849, 266, -2, -3, -2.158798930342464, 3.605551275463989
189, 7, 808, 294, 809, 290, -1, 4, 1.8157749899217608, 4.123105625617661
189, 8, 1044, 96, 1046, 99, -2, -3, -2.158798930342464, 3.605551275463989
189, 9, 333, 350, 333, 351, 0, -1, -1.5707963267948966, 1.0
189, 10, 617, 147, 618, 145, -1, 2, 2.0344439357957027, 2.23606797749979
189, 11, 802, 32, 803, 32, -1, 0, 3.141592653589793, 1.0
189, 12, 487, 13, 488, 15, -1, -2, -2.0344439357957027, 2.23606797749979
189, 13, 479, 322, 480, 326, -1, -4, -1.8157749899217608, 4.123105625617661
189, 14, 346, 68, 345, 67, 1, 1, 0.7853981633974483, 1.4142135623730951
189, 15, 318, 389, 318, 390, 0, -1, -1.5707963267948966, 1.0
189, 16, 166, 90, 167, 88, -1, 2, 2.0344439357957027, 2.23606797749979
189, 17, 802, 61, 801, 64, 1, -3, -1.2490457723982544, 3.1622776601683795
189, 18, 468, 45, 468, 49, 0, -4, -1.5707963267948966, 4.0
189, 19, 352, 76, 352, 76, 0, 0, 0.0, 0.0
189, 20, 351, 599, 352, 595, -1, 4, 1.8157749899217608, 4.123105625617661
189, 21, 306, 325, 306, 326, 0, -1, -1.5707963267948966, 1.0
189, 22, 173, 637, 172, 633, 1, 4, 1.3258176636680326, 4.123105625617661
189, 23, 1233, 429, 1232, 426, 1, 3, 1.2490457723982544, 3.1622776601683795
189, 24, 651, 422, 649, 418, 2, 4, 1.1071487177940904, 4.47213595499958
189, 25, 365, 546, 366, 542, -1, 4, 1.8157749899217608, 4.123105625617661
189, 26, 154, 645, 153, 641, 1, 4, 1.3258176636680326, 4.123105625617661
189, 27, 27, 504, 26, 503, 1, 1, 0.7853981633974483, 1.4142135623730951
189, 28, 343, 22, 340, 23, 3, -1, -0.3217505543966422, 3.1622776601683795
189, 29, 401, 602, 402, 600, -1, 2, 2.0344439357957027, 2.23606797749979
189, 30, 788, 24, 789, 24, -1, 0, 3.141592653589793, 1.0
189, 31, 338, 73, 336, 71, 2, 2, 0.7853981633974483, 2.8284271247461903
189, 32, 1054, 106, 1056, 109, -2, -3, -2.158798930342464, 3.605551275463989
189, 33, 464, 369, 465, 374, -1, -5, -1.7681918866447774, 5.0990195135927845
189, 34, 619, 497, 619, 493, 0, 4, 1.5707963267948966, 4.0
189, 35, 252, 388, 252, 388, 0, 0, 0.0, 0.0
189, 36, 698, 262, 699, 264, -1, -2, -2.0344439357957027, 2.23606797749979
189, 37, 1261, 420, 1261, 417, 0, 3, 1.5707963267948966, 3.0
189, 38, 342, 59, 340, 58, 2, 1, 0.4636476090008061, 2.23606797749979
189, 39, 331, 363, 331, 364, 0, -1, -1.5707963267948966, 1.0
189, 40, 41, 81, 43, 81, -2, 0, 3.141592653589793, 2.0
189, 41, 794, 292, 795, 288, -1, 4, 1.8157749899217608, 4.123105625617661
189, 42, 758, 46, 759, 46, -1, 0, 3.141592653589793, 1.0
189, 43, 705, 267, 706, 269, -1, -2, -2.0344439357957027, 2.23606797749979
189, 44, 1205, 149, 1204, 148, 1, 1, 0.7853981633974483, 1.4142135623730951
189, 45, 295, 315, 295, 316, 0, -1, -1.5707963267948966, 1.0
189, 46, 371, 486, 372, 482, -1, 4, 1.8157749899217608, 4.123105625617661
189, 47, 711, 191, 711, 192, 0, -1, -1.5707963267948966, 1.0
189, 48, 476, 134, 476, 138, 0, -4, -1.5707963267948966, 4.0
189, 49, 359, 603, 360, 599, -1, 4, 1.8157749899217608, 4.123105625617661
189, 50, 461, 53, 461, 57, 0, -4, -1.5707963267948966, 4.0
189, 51, 247, 405, 247, 405, 0, 0, 0.0, 0.0
189, 52, 1029, 146, 1031, 149, -2, -3, -2.158798930342464, 3.605551275463989
189, 53, 62, 111, 64, 111, -2, 0, 3.141592653589793, 2.0
189, 54, 786, 311, 786, 307, 0, 4, 1.5707963267948966, 4.0
189, 55, 676, 354, 676, 350, 0, 4, 1.5707963267948966, 4.0
189, 56, 710, 261, 711, 263, -1, -2, -2.0344439357957027, 2.23606797749979
189, 57, 304, 339, 304, 339, 0, 0, 0.0, 0.0
189, 58, 1042, 107, 1044, 110, -2, -3, -2.158798930342464, 3.605551275463989
189, 59, 657, 347, 656, 344, 1, 3, 1.2490457723982544, 3.1622776601683795
189, 60, 702, 336, 703, 338, -1, -2, -2.0344439357957027, 2.23606797749979
189, 61, 146, 97, 146, 96, 0, 1, 1.5707963267948966, 1.0
189, 62, 664, 438, 664, 438, 0, 0, 0.0, 0.0
189, 63, 274, 324, 274, 324, 0, 0, 0.0, 0.0
189, 64, 366, 538, 368, 534, -2, 4, 2.0344439357957027, 4.47213595499958
189, 65, 1261, 377, 1261, 374, 0, 3, 1.5707963267948966, 3.0
189, 66, 1223, 427, 1222, 422, 1, 5, 1.373400766945016, 5.0990195135927845
189, 67, 502, 421, 502, 424, 0, -3, -1.5707963267948966, 3.0
189, 68, 263, 381, 264, 381, -1, 0, 3.141592653589793, 1.0
189, 69, 735, 166, 735, 170, 0, -4, -1.5707963267948966, 4.0
189, 70, 935, 101, 936, 101, -1, 0, 3.141592653589793, 1.0
189, 71, 1253, 377, 1251, 374, 2, 3, 0.982793723247329, 3.605551275463989
189, 72, 60, 138, 61, 138, -1, 0, 3.141592653589793, 1.0
189, 73, 790, 99, 789, 102, 1, -3, -1.2490457723982544, 3.1622776601683795
189, 74, 1044, 189, 1045, 192, -1, -3, -1.892546881191539, 3.1622776601683795
189, 75, 60, 490, 58, 488, 2, 2, 0.7853981633974483, 2.8284271247461903
189, 76, 481, 45, 482, 47, -1, -2, -2.0344439357957027, 2.23606797749979
189, 77, 459, 394, 461, 398, -2, -4, -2.0344439357957027, 4.47213595499958
189, 78, 1198, 230, 1198, 229, 0, 1, 1.5707963267948966, 1.0
189, 79, 841, 271, 842, 274, -1, -3, -1.892546881191539, 3.1622776601683795
189, 80, 816, 13, 817, 13, -1, 0, 3.141592653589793, 1.0
189, 81, 852, 249, 854, 252, -2, -3, -2.158798930342464, 3.605551275463989
189, 82, 242, 325, 243, 325, -1, 0, 3.141592653589793, 1.0
189, 83, 804, 286, 805, 282, -1, 4, 1.8157749899217608, 4.123105625617661
189, 84, 1173, 278, 1174, 278, -1, 0, 3.141592653589793, 1.0
189, 85, 1206, 177, 1206, 176, 0, 1, 1.5707963267948966, 1.0
189, 86, 587, 71, 587, 72, 0, -1, -1.5707963267948966, 1.0
189, 87, 816, 332, 816, 329, 0, 3, 1.5707963267948966, 3.0
189, 88, 261, 389, 262, 389, -1, 0, 3.141592653589793, 1.0
189, 89, 69, 485, 67, 484, 2, 1, 0.4636476090008061, 2.23606797749979
189, 90, 500, 325, 501, 330, -1, -5, -1.7681918866447774, 5.0990195135927845
189, 91, 813, 83, 812, 86, 1, -3, -1.2490457723982544, 3.1622776601683795
189, 92, 1255, 144, 1255, 143, 0, 1, 1.5707963267948966, 1.0
189, 93, 293, 346, 293, 346, 0, 0, 0.0, 0.0
189, 94, 1201, 143, 1200, 142, 1, 1, 0.7853981633974483, 1.4142135623730951
189, 95, 777, 324, 777, 320, 0, 4, 1.5707963267948966, 4.0
189, 96, 499, 89, 499, 91, 0, -2, -1.5707963267948966, 2.0
189, 97, 780, 12, 781, 12, -1, 0, 3.141592653589793, 1.0
189, 98, 1074, 21, 1074, 21, 0, 0, 0.0, 0.0
189, 99, 719, 252, 720, 255, -1, -3, -1.892546881191539, 3.1622776601683795
189, 100, 842, 330, 843, 337, -1, -7, -1.7126933813990606, 7.0710678118654755
189, 101, 1248, 148, 1248, 147, 0, 1, 1.5707963267948966, 1.0
189, 102, 624, 235, 624, 234, 0, 1, 1.5707963267948966, 1.0
189, 103, 480, 308, 481, 313, -1, -5, -1.7681918866447774, 5.0990195135927845
189, 104, 1207, 218, 1207, 217, 0, 1, 1.5707963267948966, 1.0
189, 105, 494, 421, 494, 424, 0, -3, -1.5707963267948966, 3.0
189, 106, 649, 529, 650, 526, -1, 3, 1.892546881191539, 3.1622776601683795
189, 107, 1247, 444, 1247, 440, 0, 4, 1.5707963267948966, 4.0
189, 108, 1237, 405, 1236, 401, 1, 4, 1.3258176636680326, 4.123105625617661
189, 109, 471, 53, 472, 57, -1, -4, -1.8157749899217608, 4.123105625617661
189, 110, 530, 675, 531, 683, -1, -8, -1.695151321341658, 8.06225774829855
189, 111, 38, 105, 40, 105, -2, 0, 3.141592653589793, 2.0
189, 112, 645, 380, 644, 376, 1, 4, 1.3258176636680326, 4.123105625617661
189, 113, 380, 453, 381, 451, -1, 2, 2.0344439357957027, 2.23606797749979
189, 114, 55, 155, 55, 155, 0, 0, 0.0, 0.0
189, 115, 72, 150, 73, 150, -1, 0, 3.141592653589793, 1.0
189, 116, 280, 307, 280, 307, 0, 0, 0.0, 0.0
189, 117, 1049, 18, 1048, 17, 1, 1, 0.7853981633974483, 1.4142135623730951
189, 118, 358, 423, 360, 421, -2, 2, 2.356194490192345, 2.8284271247461903
189, 119, 639, 545, 639, 545, 0, 0, 0.0, 0.0
189, 120, 851, 311, 852, 314, -1, -3, -1.892546881191539, 3.1622776601683795
189, 121, 1210, 111, 1208, 110, 2, 1, 0.4636476090008061, 2.23606797749979
189, 122, 63, 528, 62, 526, 1, 2, 1.1071487177940904, 2.23606797749979
189, 123, 865, 268, 867, 271, -2, -3, -2.158798930342464, 3.605551275463989
189, 124, 481, 408, 482, 411, -1, -3, -1.892546881191539, 3.1622776601683795
189, 125, 656, 523, 657, 520, -1, 3, 1.892546881191539, 3.1622776601683795
189, 126, 666, 338, 666, 334, 0, 4, 1.5707963267948966, 4.0
189, 127, 1065, 18, 1065, 16, 0, 2, 1.5707963267948966, 2.0
189, 128, 141, 40, 140, 38, 1, 2, 1.1071487177940904, 2.23606797749979
189, 129, 812, 315, 813, 311, -1, 4, 1.8157749899217608, 4.123105625617661
189, 130, 659, 339, 659, 335, 0, 4, 1.5707963267948966, 4.0
189, 131, 264, 396, 265, 396, -1, 0, 3.141592653589793, 1.0
189, 132, 834, 310, 835, 314, -1, -4, -1.8157749899217608, 4.123105625617661
189, 133, 654, 444, 653, 442, 1, 2, 1.1071487177940904, 2.23606797749979
189, 134, 302, 383, 302, 384, 0, -1, -1.5707963267948966, 1.0
189, 135, 743, 199, 743, 202, 0, -3, -1.5707963267948966, 3.0
189, 136, 868, 301, 869, 305, -1, -4, -1.8157749899217608, 4.123105625617661
189, 137, 1066, 26, 1066, 25, 0, 1, 1.5707963267948966, 1.0
189, 138, 1214, 148, 1213, 147, 1, 1, 0.7853981633974483, 1.4142135623730951
189, 139, 262, 324, 263, 324, -1, 0, 3.141592653589793, 1.0
189, 140, 1046, 178, 1047, 181, -1, -3, -1.892546881191539, 3.1622776601683795
189, 141, 1191, 167, 1192, 167, -1, 0, 3.141592653589793, 1.0
189, 142, 1259, 368, 1257, 365, 2, 3, 0.982793723247329, 3.605551275463989
189, 143, 710, 247, 711, 250, -1, -3, -1.892546881191539, 3.1622776601683795
190, 0, 251, 340, 252, 340, -1, 0, 3.141592653589793, 1.0
190, 1, 274, 338, 275, 338, -1, 0, 3.141592653589793, 1.0
190, 2, 859, 262, 861, 266, -2, -4, -2.0344439357957027, 4.47213595499958
190, 3, 256, 373, 257, 373, -1, 0, 3.141592653589793, 1.0
190, 4, 491, 320, 492, 324, -1, -4, -1.8157749899217608, 4.123105625617661
190, 5, 617, 148, 618, 146, -1, 2, 2.0344439357957027, 2.23606797749979
190, 6, 167, 89, 168, 88, -1, 1, 2.356194490192345, 1.4142135623730951
190, 7, 344, 14, 341, 15, 3, -1, -0.3217505543966422, 3.1622776601683795
190, 8, 847, 262, 849, 266, -2, -4, -2.0344439357957027, 4.47213595499958
190, 9, 31, 510, 31, 509, 0, 1, 1.5707963267948966, 1.0
190, 10, 343, 70, 343, 69, 0, 1, 1.5707963267948966, 1.0
190, 11, 61, 467, 59, 465, 2, 2, 0.7853981633974483, 2.8284271247461903
190, 12, 801, 32, 802, 32, -1, 0, 3.141592653589793, 1.0
190, 13, 260, 342, 261, 342, -1, 0, 3.141592653589793, 1.0
190, 14, 337, 453, 338, 450, -1, 3, 1.892546881191539, 3.1622776601683795
190, 15, 467, 46, 468, 50, -1, -4, -1.8157749899217608, 4.123105625617661
190, 16, 809, 294, 810, 291, -1, 3, 1.892546881191539, 3.1622776601683795
190, 17, 257, 331, 258, 331, -1, 0, 3.141592653589793, 1.0
190, 18, 1045, 96, 1047, 99, -2, -3, -2.158798930342464, 3.605551275463989
190, 19, 503, 376, 503, 377, 0, -1, -1.5707963267948966, 1.0
190, 20, 803, 61, 802, 64, 1, -3, -1.2490457723982544, 3.1622776601683795
190, 21, 345, 59, 344, 59, 1, 0, 0.0, 1.0
190, 22, 333, 351, 333, 352, 0, -1, -1.5707963267948966, 1.0
190, 23, 364, 548, 366, 544, -2, 4, 2.0344439357957027, 4.47213595499958
190, 24, 352, 76, 352, 76, 0, 0, 0.0, 0.0
190, 25, 489, 14, 490, 16, -1, -2, -2.0344439357957027, 2.23606797749979
190, 26, 343, 23, 340, 24, 3, -1, -0.3217505543966422, 3.1622776601683795
190, 27, 318, 390, 318, 391, 0, -1, -1.5707963267948966, 1.0
190, 28, 153, 645, 153, 641, 0, 4, 1.5707963267948966, 4.0
190, 29, 789, 24, 790, 24, -1, 0, 3.141592653589793, 1.0
190, 30, 479, 320, 480, 325, -1, -5, -1.7681918866447774, 5.0990195135927845
190, 31, 306, 325, 306, 326, 0, -1, -1.5707963267948966, 1.0
190, 32, 173, 637, 173, 633, 0, 4, 1.5707963267948966, 4.0
190, 33, 1054, 107, 1056, 110, -2, -3, -2.158798930342464, 3.605551275463989
190, 34, 855, 357, 855, 359, 0, -2, -1.5707963267948966, 2.0
190, 35, 252, 388, 253, 388, -1, 0, 3.141592653589793, 1.0
190, 36, 372, 489, 373, 485, -1, 4, 1.8157749899217608, 4.123105625617661
190, 37, 350, 601, 351, 597, -1, 4, 1.8157749899217608, 4.123105625617661
190, 38, 61, 139, 62, 139, -1, 0, 3.141592653589793, 1.0
190, 39, 331, 364, 331, 365, 0, -1, -1.5707963267948966, 1.0
190, 40, 651, 422, 650, 418, 1, 4, 1.3258176636680326, 4.123105625617661
190, 41, 1201, 145, 1200, 145, 1, 0, 0.0, 1.0
190, 42, 1261, 421, 1266, 418, -5, 3, 2.601173153319209, 5.830951894845301
190, 43, 46, 508, 44, 506, 2, 2, 0.7853981633974483, 2.8284271247461903
190, 44, 401, 607, 402, 606, -1, 1, 2.356194490192345, 1.4142135623730951
190, 45, 246, 405, 247, 405, -1, 0, 3.141592653589793, 1.0
190, 46, 736, 167, 736, 171, 0, -4, -1.5707963267948966, 4.0
190, 47, 295, 316, 295, 317, 0, -1, -1.5707963267948966, 1.0
190, 48, 658, 349, 657, 345, 1, 4, 1.3258176636680326, 4.123105625617661
190, 49, 1030, 146, 1031, 149, -1, -3, -1.892546881191539, 3.1622776601683795
190, 50, 699, 262, 700, 265, -1, -3, -1.892546881191539, 3.1622776601683795
190, 51, 1261, 376, 1268, 374, -7, 2, 2.8632929945846817, 7.280109889280518
190, 52, 705, 267, 706, 270, -1, -3, -1.892546881191539, 3.1622776601683795
190, 53, 304, 339, 304, 340, 0, -1, -1.5707963267948966, 1.0
190, 54, 759, 47, 760, 47, -1, 0, 3.141592653589793, 1.0
190, 55, 207, 688, 206, 685, 1, 3, 1.2490457723982544, 3.1622776601683795
190, 56, 483, 21, 484, 24, -1, -3, -1.892546881191539, 3.1622776601683795
190, 57, 463, 371, 465, 375, -2, -4, -2.0344439357957027, 4.47213595499958
190, 58, 480, 405, 481, 408, -1, -3, -1.892546881191539, 3.1622776601683795
190, 59, 42, 81, 44, 81, -2, 0, 3.141592653589793, 2.0
190, 60, 1246, 449, 1246, 446, 0, 3, 1.5707963267948966, 3.0
190, 61, 273, 324, 273, 324, 0, 0, 0.0, 0.0
190, 62, 1234, 484, 1235, 484, -1, 0, 3.141592653589793, 1.0
190, 63, 1043, 108, 1045, 111, -2, -3, -2.158798930342464, 3.605551275463989
190, 64, 62, 111, 64, 111, -2, 0, 3.141592653589793, 2.0
190, 65, 793, 292, 794, 289, -1, 3, 1.892546881191539, 3.1622776601683795
190, 66, 936, 101, 937, 101, -1, 0, 3.141592653589793, 1.0
190, 67, 786, 313, 786, 309, 0, 4, 1.5707963267948966, 4.0
190, 68, 263, 381, 264, 381, -1, 0, 3.141592653589793, 1.0
190, 69, 711, 261, 712, 264, -1, -3, -1.892546881191539, 3.1622776601683795
190, 70, 618, 505, 618, 500, 0, 5, 1.5707963267948966, 5.0
190, 71, 146, 100, 147, 99, -1, 1, 2.356194490192345, 1.4142135623730951
190, 72, 460, 55, 461, 59, -1, -4, -1.8157749899217608, 4.123105625617661
190, 73, 676, 355, 676, 351, 0, 4, 1.5707963267948966, 4.0
190, 74, 813, 82, 812, 85, 1, -3, -1.2490457723982544, 3.1622776601683795
190, 75, 490, 421, 491, 423, -1, -2, -2.0344439357957027, 2.23606797749979
190, 76, 791, 371, 792, 371, -1, 0, 3.141592653589793, 1.0
190, 77, 805, 286, 806, 283, -1, 3, 1.892546881191539, 3.1622776601683795
190, 78, 840, 270, 842, 274, -2, -4, -2.0344439357957027, 4.47213595499958
190, 79, 340, 52, 340, 53, 0, -1, -1.5707963267948966, 1.0
190, 80, 494, 21, 495, 23, -1, -2, -2.0344439357957027, 2.23606797749979
190, 81, 1253, 377, 1251, 374, 2, 3, 0.982793723247329, 3.605551275463989
190, 82, 63, 494, 61, 492, 2, 2, 0.7853981633974483, 2.8284271247461903
190, 83, 482, 44, 483, 47, -1, -3, -1.892546881191539, 3.1622776601683795
190, 84, 1223, 429, 1222, 424, 1, 5, 1.373400766945016, 5.0990195135927845
190, 85, 853, 250, 855, 253, -2, -3, -2.158798930342464, 3.605551275463989
190, 86, 1198, 231, 1198, 230, 0, 1, 1.5707963267948966, 1.0
190, 87, 364, 486, 365, 483, -1, 3, 1.892546881191539, 3.1622776601683795
190, 88, 294, 346, 294, 346, 0, 0, 0.0, 0.0
190, 89, 651, 542, 652, 538, -1, 4, 1.8157749899217608, 4.123105625617661
190, 90, 1175, 278, 1175, 278, 0, 0, 0.0, 0.0
190, 91, 304, 359, 304, 359, 0, 0, 0.0, 0.0
190, 92, 715, 300, 716, 302, -1, -2, -2.0344439357957027, 2.23606797749979
190, 93, 1075, 22, 1075, 21, 0, 1, 1.5707963267948966, 1.0
190, 94, 476, 134, 476, 138, 0, -4, -1.5707963267948966, 4.0
190, 95, 813, 22, 814, 22, -1, 0, 3.141592653589793, 1.0
190, 96, 663, 442, 662, 442, 1, 0, 0.0, 1.0
190, 97, 281, 307, 281, 307, 0, 0, 0.0, 0.0
190, 98, 39, 106, 41, 106, -2, 0, 3.141592653589793, 2.0
190, 99, 816, 13, 817, 13, -1, 0, 3.141592653589793, 1.0
190, 100, 531, 676, 532, 684, -1, -8, -1.695151321341658, 8.06225774829855
190, 101, 777, 326, 777, 322, 0, 4, 1.5707963267948966, 4.0
190, 102, 587, 72, 587, 73, 0, -1, -1.5707963267948966, 1.0
190, 103, 242, 325, 243, 325, -1, 0, 3.141592653589793, 1.0
190, 104, 1249, 148, 1249, 148, 0, 0, 0.0, 0.0
190, 105, 837, 311, 838, 314, -1, -3, -1.892546881191539, 3.1622776601683795
190, 106, 262, 390, 263, 390, -1, 0, 3.141592653589793, 1.0
190, 107, 924, 95, 925, 95, -1, 0, 3.141592653589793, 1.0
190, 108, 481, 309, 482, 314, -1, -5, -1.7681918866447774, 5.0990195135927845
190, 109, 501, 327, 502, 331, -1, -4, -1.8157749899217608, 4.123105625617661
190, 110, 458, 392, 460, 396, -2, -4, -2.0344439357957027, 4.47213595499958
190, 111, 1210, 110, 1208, 110, 2, 0, 0.0, 2.0
190, 112, 932, 94, 933, 94, -1, 0, 3.141592653589793, 1.0
190, 113, 359, 606, 360, 602, -1, 4, 1.8157749899217608, 4.123105625617661
190, 114, 380, 453, 381, 451, -1, 2, 2.0344439357957027, 2.23606797749979
190, 115, 472, 54, 473, 58, -1, -4, -1.8157749899217608, 4.123105625617661
190, 116, 366, 540, 368, 536, -2, 4, 2.0344439357957027, 4.47213595499958
190, 117, 660, 340, 660, 336, 0, 4, 1.5707963267948966, 4.0
190, 118, 672, 349, 672, 345, 0, 4, 1.5707963267948966, 4.0
190, 119, 54, 155, 55, 155, -1, 0, 3.141592653589793, 1.0
190, 120, 645, 511, 645, 507, 0, 4, 1.5707963267948966, 4.0
190, 121, 625, 235, 625, 234, 0, 1, 1.5707963267948966, 1.0
190, 122, 817, 333, 817, 330, 0, 3, 1.5707963267948966, 3.0
190, 123, 1256, 145, 1256, 145, 0, 0, 0.0, 0.0
190, 124, 275, 348, 276, 348, -1, 0, 3.141592653589793, 1.0
190, 125, 868, 301, 869, 305, -1, -4, -1.8157749899217608, 4.123105625617661
190, 126, 360, 424, 361, 421, -1, 3, 1.892546881191539, 3.1622776601683795
190, 127, 655, 528, 655, 525, 0, 3, 1.5707963267948966, 3.0
190, 128, 851, 311, 852, 314, -1, -3, -1.892546881191539, 3.1622776601683795
190, 129, 73, 150, 74, 150, -1, 0, 3.141592653589793, 1.0
190, 130, 1058, 19, 1057, 17, 1, 2, 1.1071487177940904, 2.23606797749979
190, 131, 71, 489, 69, 487, 2, 2, 0.7853981633974483, 2.8284271247461903
190, 132, 1207, 218, 1207, 217, 0, 1, 1.5707963267948966, 1.0
190, 133, 1259, 367, 1257, 365, 2, 2, 0.7853981633974483, 2.8284271247461903
190, 134, 667, 339, 667, 335, 0, 4, 1.5707963267948966, 4.0
190, 135, 790, 99, 789, 102, 1, -3, -1.2490457723982544, 3.1622776601683795
190, 136, 645, 381, 644, 377, 1, 4, 1.3258176636680326, 4.123105625617661
190, 137, 148, 112, 149, 112, -1, 0, 3.141592653589793, 1.0
190, 138, 826, 45, 827, 45, -1, 0, 3.141592653589793, 1.0
190, 139, 791, 131, 791, 135, 0, -4, -1.5707963267948966, 4.0
190, 140, 639, 546, 640, 545, -1, 1, 2.356194490192345, 1.4142135623730951
190, 141, 779, 14, 780, 14, -1, 0, 3.141592653589793, 1.0
190, 142, 239, 311, 240, 311, -1, 0, 3.141592653589793, 1.0
191, 0, 250, 340, 251, 340, -1, 0, 3.141592653589793, 1.0
191, 1, 274, 338, 274, 338, 0, 0, 0.0, 0.0
191, 2, 857, 258, 859, 262, -2, -4, -2.0344439357957027, 4.47213595499958
191, 3, 255, 373, 256, 373, -1, 0, 3.141592653589793, 1.0
191, 4, 490, 316, 491, 320, -1, -4, -1.8157749899217608, 4.123105625617661
191, 5, 616, 151, 617, 148, -1, 3, 1.892546881191539, 3.1622776601683795
191, 6, 166, 90, 167, 89, -1, 1, 2.356194490192345, 1.4142135623730951
191, 7, 347, 13, 344, 14, 3, -1, -0.3217505543966422, 3.1622776601683795
191, 8, 845, 258, 847, 262, -2, -4, -2.0344439357957027, 4.47213595499958
191, 9, 31, 511, 31, 510, 0, 1, 1.5707963267948966, 1.0
191, 10, 344, 70, 343, 70, 1, 0, 0.0, 1.0
191, 11, 63, 470, 61, 467, 2, 3, 0.982793723247329, 3.605551275463989
191, 12, 799, 32, 801, 32, -2, 0, 3.141592653589793, 2.0
191, 13, 259, 342, 260, 342, -1, 0, 3.141592653589793, 1.0
191, 14, 336, 455, 337, 453, -1, 2, 2.0344439357957027, 2.23606797749979
191, 15, 467, 42, 467, 46, 0, -4, -1.5707963267948966, 4.0
191, 16, 808, 296, 809, 294, -1, 2, 2.0344439357957027, 2.23606797749979
191, 17, 256, 331, 257, 331, -1, 0, 3.141592653589793, 1.0
191, 18, 1043, 93, 1045, 96, -2, -3, -2.158798930342464, 3.605551275463989
191, 19, 503, 375, 503, 376, 0, -1, -1.5707963267948966, 1.0
191, 20, 804, 58, 803, 61, 1, -3, -1.2490457723982544, 3.1622776601683795
191, 21, 346, 59, 345, 59, 1, 0, 0.0, 1.0
191, 22, 362, 552, 364, 548, -2, 4, 2.0344439357957027, 4.47213595499958
191, 23, 354, 75, 352, 76, 2, -1, -0.4636476090008061, 2.23606797749979
191, 24, 488, 12, 489, 14, -1, -2, -2.0344439357957027, 2.23606797749979
191, 25, 346, 23, 343, 23, 3, 0, 0.0, 3.0
191, 26, 318, 389, 318, 390, 0, -1, -1.5707963267948966, 1.0
191, 27, 153, 649, 153, 645, 0, 4, 1.5707963267948966, 4.0
191, 28, 788, 24, 789, 24, -1, 0, 3.141592653589793, 1.0
191, 29, 478, 316, 479, 320, -1, -4, -1.8157749899217608, 4.123105625617661
191, 30, 173, 641, 173, 637, 0, 4, 1.5707963267948966, 4.0
191, 31, 1052, 104, 1054, 107, -2, -3, -2.158798930342464, 3.605551275463989
191, 32, 855, 354, 855, 357, 0, -3, -1.5707963267948966, 3.0
191, 33, 251, 388, 252, 388, -1, 0, 3.141592653589793, 1.0
191, 34, 371, 492, 372, 489, -1, 3, 1.892546881191539, 3.1622776601683795
191, 35, 349, 605, 350, 601, -1, 4, 1.8157749899217608, 4.123105625617661
191, 36, 60, 139, 61, 139, -1, 0, 3.141592653589793, 1.0
191, 37, 653, 426, 651, 422, 2, 4, 1.1071487177940904, 4.47213595499958
191, 38, 1202, 146, 1201, 145, 1, 1, 0.7853981633974483, 1.4142135623730951
191, 39, 1261, 424, 1261, 421, 0, 3, 1.5707963267948966, 3.0
191, 40, 48, 509, 46, 508, 2, 1, 0.4636476090008061, 2.23606797749979
191, 41, 400, 608, 401, 607, -1, 1, 2.356194490192345, 1.4142135623730951
191, 42, 245, 405, 246, 405, -1, 0, 3.141592653589793, 1.0
191, 43, 736, 163, 736, 167, 0, -4, -1.5707963267948966, 4.0
191, 44, 294, 316, 295, 316, -1, 0, 3.141592653589793, 1.0
191, 45, 659, 352, 658, 349, 1, 3, 1.2490457723982544, 3.1622776601683795
191, 46, 1028, 142, 1030, 146, -2, -4, -2.0344439357957027, 4.47213595499958
191, 47, 698, 259, 699, 262, -1, -3, -1.892546881191539, 3.1622776601683795
191, 48, 1261, 379, 1261, 376, 0, 3, 1.5707963267948966, 3.0
191, 49, 704, 264, 705, 267, -1, -3, -1.892546881191539, 3.1622776601683795
191, 50, 758, 47, 759, 47, -1, 0, 3.141592653589793, 1.0
191, 51, 207, 692, 207, 688, 0, 4, 1.5707963267948966, 4.0
191, 52, 482, 18, 483, 21, -1, -3, -1.892546881191539, 3.1622776601683795
191, 53, 462, 366, 463, 371, -1, -5, -1.7681918866447774, 5.0990195135927845
191, 54, 478, 402, 480, 405, -2, -3, -2.158798930342464, 3.605551275463989
191, 55, 40, 81, 42, 81, -2, 0, 3.141592653589793, 2.0
191, 56, 1247, 451, 1246, 449, 1, 2, 1.1071487177940904, 2.23606797749979
191, 57, 273, 324, 273, 324, 0, 0, 0.0, 0.0
191, 58, 1233, 484, 1234, 484, -1, 0, 3.141592653589793, 1.0
191, 59, 1041, 104, 1043, 108, -2, -4, -2.0344439357957027, 4.47213595499958
191, 60, 60, 111, 62, 111, -2, 0, 3.141592653589793, 2.0
191, 61, 792, 295, 793, 292, -1, 3, 1.892546881191539, 3.1622776601683795
191, 62, 935, 101, 936, 101, -1, 0, 3.141592653589793, 1.0
191, 63, 786, 317, 786, 313, 0, 4, 1.5707963267948966, 4.0
191, 64, 262, 381, 263, 381, -1, 0, 3.141592653589793, 1.0
191, 65, 711, 258, 711, 261, 0, -3, -1.5707963267948966, 3.0
191, 66, 618, 509, 618, 505, 0, 4, 1.5707963267948966, 4.0
191, 67, 145, 101, 146, 100, -1, 1, 2.356194490192345, 1.4142135623730951
191, 68, 460, 51, 460, 55, 0, -4, -1.5707963267948966, 4.0
191, 69, 676, 359, 676, 355, 0, 4, 1.5707963267948966, 4.0
191, 70, 814, 79, 813, 82, 1, -3, -1.2490457723982544, 3.1622776601683795
191, 71, 790, 371, 791, 371, -1, 0, 3.141592653589793, 1.0
191, 72, 804, 289, 805, 286, -1, 3, 1.892546881191539, 3.1622776601683795
191, 73, 838, 266, 840, 270, -2, -4, -2.0344439357957027, 4.47213595499958
191, 74, 341, 51, 340, 52, 1, -1, -0.7853981633974483, 1.4142135623730951
191, 75, 493, 19, 494, 21, -1, -2, -2.0344439357957027, 2.23606797749979
191, 76, 1255, 379, 1253, 377, 2, 2, 0.7853981633974483, 2.8284271247461903
191, 77, 66, 496, 63, 494, 3, 2, 0.5880026035475675, 3.605551275463989
191, 78, 481, 42, 482, 44, -1, -2, -2.0344439357957027, 2.23606797749979
191, 79, 1225, 434, 1223, 429, 2, 5, 1.1902899496825317, 5.385164807134504
191, 80, 851, 246, 853, 250, -2, -4, -2.0344439357957027, 4.47213595499958
191, 81, 1198, 233, 1198, 231, 0, 2, 1.5707963267948966, 2.0
191, 82, 363, 488, 364, 486, -1, 2, 2.0344439357957027, 2.23606797749979
191, 83, 294, 345, 294, 346, 0, -1, -1.5707963267948966, 1.0
191, 84, 651, 545, 651, 542, 0, 3, 1.5707963267948966, 3.0
191, 85, 1174, 278, 1175, 278, -1, 0, 3.141592653589793, 1.0
191, 86, 304, 359, 304, 359, 0, 0, 0.0, 0.0
191, 87, 714, 298, 715, 300, -1, -2, -2.0344439357957027, 2.23606797749979
191, 88, 1077, 23, 1075, 22, 2, 1, 0.4636476090008061, 2.23606797749979
191, 89, 476, 131, 476, 134, 0, -3, -1.5707963267948966, 3.0
191, 90, 812, 22, 813, 22, -1, 0, 3.141592653589793, 1.0
191, 91, 664, 441, 663, 442, 1, -1, -0.7853981633974483, 1.4142135623730951
191, 92, 280, 307, 281, 307, -1, 0, 3.141592653589793, 1.0
191, 93, 37, 106, 39, 106, -2, 0, 3.141592653589793, 2.0
191, 94, 815, 13, 816, 13, -1, 0, 3.141592653589793, 1.0
191, 95, 530, 668, 531, 676, -1, -8, -1.695151321341658, 8.06225774829855
191, 96, 777, 331, 777, 326, 0, 5, 1.5707963267948966, 5.0
191, 97, 241, 325, 242, 325, -1, 0, 3.141592653589793, 1.0
191, 98, 1249, 149, 1249, 148, 0, 1, 1.5707963267948966, 1.0
191, 99, 836, 309, 837, 311, -1, -2, -2.0344439357957027, 2.23606797749979
191, 100, 261, 390, 262, 390, -1, 0, 3.141592653589793, 1.0
191, 101, 923, 95, 924, 95, -1, 0, 3.141592653589793, 1.0
191, 102, 481, 305, 481, 309, 0, -4, -1.5707963267948966, 4.0
191, 103, 500, 323, 501, 327, -1, -4, -1.8157749899217608, 4.123105625617661
191, 104, 456, 388, 458, 392, -2, -4, -2.0344439357957027, 4.47213595499958
191, 105, 1211, 110, 1210, 110, 1, 0, 0.0, 1.0
191, 106, 931, 94, 932, 94, -1, 0, 3.141592653589793, 1.0
191, 107, 358, 610, 359, 606, -1, 4, 1.8157749899217608, 4.123105625617661
191, 108, 379, 455, 380, 453, -1, 2, 2.0344439357957027, 2.23606797749979
191, 109, 472, 50, 472, 54, 0, -4, -1.5707963267948966, 4.0
191, 110, 364, 544, 366, 540, -2, 4, 2.0344439357957027, 4.47213595499958
191, 111, 660, 344, 660, 340, 0, 4, 1.5707963267948966, 4.0
191, 112, 672, 353, 672, 349, 0, 4, 1.5707963267948966, 4.0
191, 113, 53, 155, 54, 155, -1, 0, 3.141592653589793, 1.0
191, 114, 645, 516, 645, 511, 0, 5, 1.5707963267948966, 5.0
191, 115, 625, 236, 625, 235, 0, 1, 1.5707963267948966, 1.0
191, 116, 817, 337, 817, 333, 0, 4, 1.5707963267948966, 4.0
191, 117, 1256, 146, 1256, 145, 0, 1, 1.5707963267948966, 1.0
191, 118, 274, 348, 275, 348, -1, 0, 3.141592653589793, 1.0
191, 119, 866, 297, 868, 301, -2, -4, -2.0344439357957027, 4.47213595499958
191, 120, 359, 427, 360, 424, -1, 3, 1.892546881191539, 3.1622776601683795
191, 121, 656, 532, 655, 528, 1, 4, 1.3258176636680326, 4.123105625617661
191, 122, 850, 308, 851, 311, -1, -3, -1.892546881191539, 3.1622776601683795
191, 123, 72, 150, 73, 150, -1, 0, 3.141592653589793, 1.0
191, 124, 1060, 20, 1058, 19, 2, 1, 0.4636476090008061, 2.23606797749979
191, 125, 73, 491, 71, 489, 2, 2, 0.7853981633974483, 2.8284271247461903
191, 126, 1207, 219, 1207, 218, 0, 1, 1.5707963267948966, 1.0
191, 127, 1261, 370, 1259, 367, 2, 3, 0.982793723247329, 3.605551275463989
191, 128, 667, 343, 667, 339, 0, 4, 1.5707963267948966, 4.0
191, 129, 791, 97, 790, 99, 1, -2, -1.1071487177940904, 2.23606797749979
191, 130, 646, 384, 645, 381, 1, 3, 1.2490457723982544, 3.1622776601683795
191, 131, 147, 112, 148, 112, -1, 0, 3.141592653589793, 1.0
191, 132, 825, 45, 826, 45, -1, 0, 3.141592653589793, 1.0
191, 133, 791, 128, 791, 131, 0, -3, -1.5707963267948966, 3.0
191, 134, 638, 547, 639, 546, -1, 1, 2.356194490192345, 1.4142135623730951
191, 135, 778, 14, 779, 14, -1, 0, 3.141592653589793, 1.0
192, 0, 251, 340, 252, 340, -1, 0, 3.141592653589793, 1.0
192, 1, 859, 258, 860, 262, -1, -4, -1.8157749899217608, 4.123105625617661
192, 2, 360, 511, 360, 511, 0, 0, 0.0, 0.0
192, 3, 492, 316, 492, 320, 0, -4, -1.5707963267948966, 4.0
192, 4, 338, 458, 340, 455, -2, 3, 2.158798930342464, 3.605551275463989
192, 5, 256, 373, 257, 373, -1, 0, 3.141592653589793, 1.0
192, 6, 275, 337, 275, 338, 0, -1, -1.5707963267948966, 1.0
192, 7, 1043, 92, 1045, 97, -2, -5, -1.9513027039072615, 5.385164807134504
192, 8, 347, 15, 344, 15, 3, 0, 0.0, 3.0
192, 9, 616, 152, 618, 148, -2, 4, 2.0344439357957027, 4.47213595499958
192, 10, 487, 9, 488, 14, -1, -5, -1.7681918866447774, 5.0990195135927845
192, 11, 846, 260, 848, 263, -2, -3, -2.158798930342464, 3.605551275463989
192, 12, 468, 42, 468, 47, 0, -5, -1.5707963267948966, 5.0
192, 13, 788, 24, 790, 24, -2, 0, 3.141592653589793, 2.0
192, 14, 60, 142, 61, 140, -1, 2, 2.0344439357957027, 2.23606797749979
192, 15, 257, 332, 258, 332, -1, 0, 3.141592653589793, 1.0
192, 16, 810, 298, 810, 294, 0, 4, 1.5707963267948966, 4.0
192, 17, 480, 317, 480, 321, 0, -4, -1.5707963267948966, 4.0
192, 18, 804, 57, 803, 62, 1, -5, -1.373400766945016, 5.0990195135927845
192, 19, 168, 92, 168, 90, 0, 2, 1.5707963267948966, 2.0
192, 20, 346, 23, 343, 24, 3, -1, -0.3217505543966422, 3.1622776601683795
192, 21, 155, 648, 154, 646, 1, 2, 1.1071487177940904, 2.23606797749979
192, 22, 363, 553, 364, 550, -1, 3, 1.892546881191539, 3.1622776601683795
192, 23, 259, 342, 260, 342, -1, 0, 3.141592653589793, 1.0
192, 24, 1245, 455, 1245, 453, 0, 2, 1.5707963267948966, 2.0
192, 25, 1053, 103, 1055, 108, -2, -5, -1.9513027039072615, 5.385164807134504
192, 26, 348, 609, 349, 603, -1, 6, 1.7359450042095235, 6.082762530298219
192, 27, 658, 352, 657, 349, 1, 3, 1.2490457723982544, 3.1622776601683795
192, 28, 173, 641, 174, 638, -1, 3, 1.892546881191539, 3.1622776601683795
192, 29, 1261, 424, 1268, 422, -7, 2, 2.8632929945846817, 7.280109889280518
192, 30, 56, 474, 56, 472, 0, 2, 1.5707963267948966, 2.0
192, 31, 67, 497, 64, 496, 3, 1, 0.3217505543966422, 3.1622776601683795
192, 32, 657, 558, 656, 556, 1, 2, 1.1071487177940904, 2.23606797749979
192, 33, 246, 405, 247, 405, -1, 0, 3.141592653589793, 1.0
192, 34, 318, 390, 318, 391, 0, -1, -1.5707963267948966, 1.0
192, 35, 620, 510, 619, 509, 1, 1, 0.7853981633974483, 1.4142135623730951
192, 36, 479, 401, 480, 404, -1, -3, -1.892546881191539, 3.1622776601683795
192, 37, 1042, 104, 1044, 108, -2, -4, -2.0344439357957027, 4.47213595499958
192, 38, 938, 19, 939, 19, -1, 0, 3.141592653589793, 1.0
192, 39, 156, 701, 158, 709, -2, -8, -1.8157749899217608, 8.246211251235321
192, 40, 502, 370, 502, 372, 0, -2, -1.5707963267948966, 2.0
192, 41, 757, 47, 759, 47, -2, 0, 3.141592653589793, 2.0
192, 42, 653, 427, 652, 424, 1, 3, 1.2490457723982544, 3.1622776601683795
192, 43, 483, 17, 484, 22, -1, -5, -1.7681918866447774, 5.0990195135927845
192, 44, 798, 32, 800, 32, -2, 0, 3.141592653589793, 2.0
192, 45, 705, 263, 706, 268, -1, -5, -1.7681918866447774, 5.0990195135927845
192, 46, 344, 53, 341, 53, 3, 0, 0.0, 3.0
192, 47, 700, 258, 700, 263, 0, -5, -1.5707963267948966, 5.0
192, 48, 462, 367, 464, 371, -2, -4, -2.0344439357957027, 4.47213595499958
192, 49, 350, 76, 352, 76, -2, 0, 3.141592653589793, 2.0
192, 50, 736, 163, 736, 168, 0, -5, -1.5707963267948966, 5.0
192, 51, 1028, 143, 1030, 146, -2, -3, -2.158798930342464, 3.605551275463989
192, 52, 1234, 484, 1235, 484, -1, 0, 3.141592653589793, 1.0
192, 53, 677, 359, 677, 356, 0, 3, 1.5707963267948966, 3.0
192, 54, 936, 101, 937, 101, -1, 0, 3.141592653589793, 1.0
192, 55, 711, 257, 712, 262, -1, -5, -1.7681918866447774, 5.0990195135927845
192, 56, 145, 99, 146, 98, -1, 1, 2.356194490192345, 1.4142135623730951
192, 57, 1204, 148, 1202, 146, 2, 2, 0.7853981633974483, 2.8284271247461903
192, 58, 1261, 379, 1271, 377, -10, 2, 2.9441970937399127, 10.198039027185569
192, 59, 263, 381, 264, 381, -1, 0, 3.141592653589793, 1.0
192, 60, 1250, 150, 1250, 148, 0, 2, 1.5707963267948966, 2.0
192, 61, 455, 389, 457, 392, -2, -3, -2.158798930342464, 3.605551275463989
192, 62, 837, 268, 841, 271, -4, -3, -2.498091544796509, 5.0
192, 63, 815, 79, 813, 82, 2, -3, -0.982793723247329, 3.605551275463989
192, 64, 39, 82, 42, 82, -3, 0, 3.141592653589793, 3.0
192, 65, 1261, 29, 1269, 29, -8, 0, 3.141592653589793, 8.0
192, 66, 1200, 235, 1199, 231, 1, 4, 1.3258176636680326, 4.123105625617661
192, 67, 60, 113, 63, 112, -3, 1, 2.819842099193151, 3.1622776601683795
192, 68, 702, 336, 704, 339, -2, -3, -2.158798930342464, 3.605551275463989
192, 69, 1044, 181, 1046, 184, -2, -3, -2.158798930342464, 3.605551275463989
192, 70, 494, 16, 495, 21, -1, -5, -1.7681918866447774, 5.0990195135927845
192, 71, 49, 511, 48, 510, 1, 1, 0.7853981633974483, 1.4142135623730951
192, 72, 663, 496, 663, 494, 0, 2, 1.5707963267948966, 2.0
192, 73, 209, 699, 209, 696, 0, 3, 1.5707963267948966, 3.0
192, 74, 273, 324, 273, 324, 0, 0, 0.0, 0.0
192, 75, 372, 501, 373, 500, -1, 1, 2.356194490192345, 1.4142135623730951
192, 76, 794, 296, 794, 292, 0, 4, 1.5707963267948966, 4.0
192, 77, 852, 246, 854, 250, -2, -4, -2.0344439357957027, 4.47213595499958
192, 78, 286, 378, 287, 378, -1, 0, 3.141592653589793, 1.0
192, 79, 806, 290, 806, 286, 0, 4, 1.5707963267948966, 4.0
192, 80, 481, 41, 482, 45, -1, -4, -1.8157749899217608, 4.123105625617661
192, 81, 501, 323, 502, 328, -1, -5, -1.7681918866447774, 5.0990195135927845
192, 82, 1066, 22, 1067, 24, -1, -2, -2.0344439357957027, 2.23606797749979
192, 83, 203, 696, 203, 692, 0, 4, 1.5707963267948966, 4.0
192, 84, 1257, 379, 1255, 377, 2, 2, 0.7853981633974483, 2.8284271247461903
192, 85, 36, 106, 39, 106, -3, 0, 3.141592653589793, 3.0
192, 86, 304, 358, 304, 358, 0, 0, 0.0, 0.0
192, 87, 461, 51, 461, 56, 0, -5, -1.5707963267948966, 5.0
192, 88, 531, 666, 532, 675, -1, -9, -1.6814535479687922, 9.055385138137417
192, 89, 168, 120, 168, 120, 0, 0, 0.0, 0.0
192, 90, 672, 353, 673, 350, -1, 3, 1.892546881191539, 3.1622776601683795
192, 91, 812, 22, 813, 22, -1, 0, 3.141592653589793, 1.0
192, 92, 477, 128, 477, 131, 0, -3, -1.5707963267948966, 3.0
192, 93, 280, 307, 281, 307, -1, 0, 3.141592653589793, 1.0
192, 94, 294, 345, 294, 346, 0, -1, -1.5707963267948966, 1.0
192, 95, 814, 13, 815, 13, -1, 0, 3.141592653589793, 1.0
192, 96, 1227, 434, 1225, 432, 2, 2, 0.7853981633974483, 2.8284271247461903
192, 97, 400, 612, 401, 609, -1, 3, 1.892546881191539, 3.1622776601683795
192, 98, 855, 350, 856, 357, -1, -7, -1.7126933813990606, 7.0710678118654755
192, 99, 358, 613, 359, 609, -1, 4, 1.8157749899217608, 4.123105625617661
192, 100, 1184, 278, 1185, 277, -1, 1, 2.356194490192345, 1.4142135623730951
192, 101, 714, 294, 715, 300, -1, -6, -1.7359450042095235, 6.082762530298219
192, 102, 849, 307, 851, 311, -2, -4, -2.0344439357957027, 4.47213595499958
192, 103, 610, 240, 611, 239, -1, 1, 2.356194490192345, 1.4142135623730951
192, 104, 778, 330, 778, 327, 0, 3, 1.5707963267948966, 3.0
192, 105, 1210, 186, 1209, 184, 1, 2, 1.1071487177940904, 2.23606797749979
192, 106, 668, 344, 668, 340, 0, 4, 1.5707963267948966, 4.0
192, 107, 262, 390, 263, 390, -1, 0, 3.141592653589793, 1.0
192, 108, 54, 155, 55, 155, -1, 0, 3.141592653589793, 1.0
192, 109, 924, 95, 925, 95, -1, 0, 3.141592653589793, 1.0
192, 110, 661, 345, 661, 341, 0, 4, 1.5707963267948966, 4.0
192, 111, 787, 319, 786, 314, 1, 5, 1.373400766945016, 5.0990195135927845
192, 112, 364, 490, 366, 491, -2, -1, -2.677945044588987, 2.23606797749979
192, 113, 932, 94, 933, 94, -1, 0, 3.141592653589793, 1.0
192, 114, 74, 492, 71, 491, 3, 1, 0.3217505543966422, 3.1622776601683795
192, 115, 1257, 148, 1257, 146, 0, 2, 1.5707963267948966, 2.0
192, 116, 519, 698, 519, 704, 0, -6, -1.5707963267948966, 6.0
192, 117, 380, 458, 382, 453, -2, 5, 1.9513027039072615, 5.385164807134504
192, 118, 719, 242, 720, 246, -1, -4, -1.8157749899217608, 4.123105625617661
192, 119, 647, 383, 645, 382, 2, 1, 0.4636476090008061, 2.23606797749979
192, 120, 1212, 112, 1209, 111, 3, 1, 0.3217505543966422, 3.1622776601683795
192, 121, 473, 51, 473, 55, 0, -4, -1.5707963267948966, 4.0
192, 122, 364, 546, 366, 542, -2, 4, 2.0344439357957027, 4.47213595499958
192, 123, 153, 49, 152, 48, 1, 1, 0.7853981633974483, 1.4142135623730951
192, 124, 242, 325, 243, 325, -1, 0, 3.141592653589793, 1.0
192, 125, 148, 113, 149, 113, -1, 0, 3.141592653589793, 1.0
192, 126, 565, 65, 566, 67, -1, -2, -2.0344439357957027, 2.23606797749979
192, 127, 711, 243, 711, 248, 0, -5, -1.5707963267948966, 5.0
192, 128, 380, 552, 383, 549, -3, 3, 2.356194490192345, 4.242640687119285
192, 129, 275, 348, 276, 348, -1, 0, 3.141592653589793, 1.0
192, 130, 867, 264, 867, 268, 0, -4, -1.5707963267948966, 4.0
192, 131, 357, 426, 360, 424, -3, 2, 2.5535900500422257, 3.605551275463989
192, 132, 1174, 278, 1175, 278, -1, 0, 3.141592653589793, 1.0
192, 133, 356, 595, 358, 588, -2, 7, 1.849095985800008, 7.280109889280518
192, 134, 326, 376, 327, 376, -1, 0, 3.141592653589793, 1.0
192, 135, 1209, 222, 1208, 219, 1, 3, 1.2490457723982544, 3.1622776601683795
192, 136, 728, 237, 729, 239, -1, -2, -2.0344439357957027, 2.23606797749979
193, 0, 250, 340, 251, 340, -1, 0, 3.141592653589793, 1.0
193, 1, 858, 253, 859, 258, -1, -5, -1.7681918866447774, 5.0990195135927845
193, 2, 359, 511, 360, 511, -1, 0, 3.141592653589793, 1.0
193, 3, 492, 313, 492, 316, 0, -3, -1.5707963267948966, 3.0
193, 4, 337, 461, 338, 458, -1, 3, 1.892546881191539, 3.1622776601683795
193, 5, 255, 373, 256, 373, -1, 0, 3.141592653589793, 1.0
193, 6, 275, 337, 275, 337, 0, 0, 0.0, 0.0
193, 7, 1042, 89, 1043, 92, -1, -3, -1.892546881191539, 3.1622776601683795
193, 8, 350, 15, 347, 15, 3, 0, 0.0, 3.0
193, 9, 615, 155, 616, 152, -1, 3, 1.892546881191539, 3.1622776601683795
193, 10, 845, 255, 846, 260, -1, -5, -1.7681918866447774, 5.0990195135927845
193, 11, 468, 40, 468, 42, 0, -2, -1.5707963267948966, 2.0
193, 12, 786, 24, 788, 24, -2, 0, 3.141592653589793, 2.0
193, 13, 59, 142, 60, 142, -1, 0, 3.141592653589793, 1.0
193, 14, 256, 332, 257, 332, -1, 0, 3.141592653589793, 1.0
193, 15, 810, 300, 810, 298, 0, 2, 1.5707963267948966, 2.0
193, 16, 480, 314, 480, 317, 0, -3, -1.5707963267948966, 3.0
193, 17, 804, 55, 804, 57, 0, -2, -1.5707963267948966, 2.0
193, 18, 168, 92, 168, 92, 0, 0, 0.0, 0.0
193, 19, 349, 23, 346, 23, 3, 0, 0.0, 3.0
193, 20, 156, 652, 155, 648, 1, 4, 1.3258176636680326, 4.123105625617661
193, 21, 362, 556, 363, 553, -1, 3, 1.892546881191539, 3.1622776601683795
193, 22, 258, 342, 259, 342, -1, 0, 3.141592653589793, 1.0
193, 23, 1245, 458, 1245, 455, 0, 3, 1.5707963267948966, 3.0
193, 24, 1052, 100, 1053, 103, -1, -3, -1.892546881191539, 3.1622776601683795
193, 25, 347, 613, 348, 609, -1, 4, 1.8157749899217608, 4.123105625617661
193, 26, 658, 356, 658, 352, 0, 4, 1.5707963267948966, 4.0
193, 27, 173, 644, 173, 641, 0, 3, 1.5707963267948966, 3.0
193, 28, 1261, 427, 1261, 424, 0, 3, 1.5707963267948966, 3.0
193, 29, 57, 475, 56, 474, 1, 1, 0.7853981633974483, 1.4142135623730951
193, 30, 69, 498, 67, 497, 2, 1, 0.4636476090008061, 2.23606797749979
193, 31, 657, 563, 657, 558, 0, 5, 1.5707963267948966, 5.0
193, 32, 245, 405, 246, 405, -1, 0, 3.141592653589793, 1.0
193, 33, 318, 389, 318, 390, 0, -1, -1.5707963267948966, 1.0
193, 34, 620, 514, 620, 510, 0, 4, 1.5707963267948966, 4.0
193, 35, 478, 399, 479, 401, -1, -2, -2.0344439357957027, 2.23606797749979
193, 36, 1041, 100, 1042, 104, -1, -4, -1.8157749899217608, 4.123105625617661
193, 37, 937, 19, 938, 19, -1, 0, 3.141592653589793, 1.0
193, 38, 156, 701, 156, 701, 0, 0, 0.0, 0.0
193, 39, 502, 368, 502, 370, 0, -2, -1.5707963267948966, 2.0
193, 40, 756, 47, 757, 47, -1, 0, 3.141592653589793, 1.0
193, 41, 654, 431, 653, 427, 1, 4, 1.3258176636680326, 4.123105625617661
193, 42, 482, 14, 483, 17, -1, -3, -1.892546881191539, 3.1622776601683795
193, 43, 796, 32, 798, 32, -2, 0, 3.141592653589793, 2.0
193, 44, 704, 259, 705, 263, -1, -4, -1.8157749899217608, 4.123105625617661
193, 45, 346, 53, 344, 53, 2, 0, 0.0, 2.0
193, 46, 700, 254, 700, 258, 0, -4, -1.5707963267948966, 4.0
193, 47, 461, 364, 462, 367, -1, -3, -1.892546881191539, 3.1622776601683795
193, 48, 350, 76, 350, 76, 0, 0, 0.0, 0.0
193, 49, 736, 159, 736, 163, 0, -4, -1.5707963267948966, 4.0
193, 50, 1027, 139, 1028, 143, -1, -4, -1.8157749899217608, 4.123105625617661
193, 51, 1234, 484, 1234, 484, 0, 0, 0.0, 0.0
193, 52, 677, 363, 677, 359, 0, 4, 1.5707963267948966, 4.0
193, 53, 935, 101, 936, 101, -1, 0, 3.141592653589793, 1.0
193, 54, 711, 253, 711, 257, 0, -4, -1.5707963267948966, 4.0
193, 55, 144, 100, 145, 99, -1, 1, 2.356194490192345, 1.4142135623730951
193, 56, 1204, 149, 1204, 148, 0, 1, 1.5707963267948966, 1.0
193, 57, 1261, 382, 1261, 379, 0, 3, 1.5707963267948966, 3.0
193, 58, 262, 381, 263, 381, -1, 0, 3.141592653589793, 1.0
193, 59, 1250, 151, 1250, 150, 0, 1, 1.5707963267948966, 1.0
193, 60, 453, 387, 455, 389, -2, -2, -2.356194490192345, 2.8284271247461903
193, 61, 835, 264, 837, 268, -2, -4, -2.0344439357957027, 4.47213595499958
193, 62, 815, 77, 815, 79, 0, -2, -1.5707963267948966, 2.0
193, 63, 38, 82, 39, 82, -1, 0, 3.141592653589793, 1.0
193, 64, 1260, 30, 1261, 29, -1, 1, 2.356194490192345, 1.4142135623730951
193, 65, 1200, 238, 1200, 235, 0, 3, 1.5707963267948966, 3.0
193, 66, 59, 113, 60, 113, -1, 0, 3.141592653589793, 1.0
193, 67, 701, 333, 702, 336, -1, -3, -1.892546881191539, 3.1622776601683795
193, 68, 1042, 180, 1044, 181, -2, -1, -2.677945044588987, 2.23606797749979
193, 69, 493, 13, 494, 16, -1, -3, -1.892546881191539, 3.1622776601683795
193, 70, 51, 513, 49, 511, 2, 2, 0.7853981633974483, 2.8284271247461903
193, 71, 663, 499, 663, 496, 0, 3, 1.5707963267948966, 3.0
193, 72, 209, 701, 209, 699, 0, 2, 1.5707963267948966, 2.0
193, 73, 273, 324, 273, 324, 0, 0, 0.0, 0.0
193, 74, 370, 502, 372, 501, -2, 1, 2.677945044588987, 2.23606797749979
193, 75, 794, 298, 794, 296, 0, 2, 1.5707963267948966, 2.0
193, 76, 851, 241, 852, 246, -1, -5, -1.7681918866447774, 5.0990195135927845
193, 77, 806, 292, 806, 290, 0, 2, 1.5707963267948966, 2.0
193, 78, 481, 38, 481, 41, 0, -3, -1.5707963267948966, 3.0
193, 79, 501, 320, 501, 323, 0, -3, -1.5707963267948966, 3.0
193, 80, 1066, 22, 1066, 22, 0, 0, 0.0, 0.0
193, 81, 203, 699, 203, 696, 0, 3, 1.5707963267948966, 3.0
193, 82, 1259, 382, 1257, 379, 2, 3, 0.982793723247329, 3.605551275463989
193, 83, 35, 106, 36, 106, -1, 0, 3.141592653589793, 1.0
193, 84, 304, 358, 304, 358, 0, 0, 0.0, 0.0
193, 85, 461, 49, 461, 51, 0, -2, -1.5707963267948966, 2.0
193, 86, 530, 658, 531, 666, -1, -8, -1.695151321341658, 8.06225774829855
193, 87, 168, 119, 168, 120, 0, -1, -1.5707963267948966, 1.0
193, 88, 672, 357, 672, 353, 0, 4, 1.5707963267948966, 4.0
193, 89, 811, 22, 812, 22, -1, 0, 3.141592653589793, 1.0
193, 90, 477, 126, 477, 128, 0, -2, -1.5707963267948966, 2.0
193, 91, 279, 307, 280, 307, -1, 0, 3.141592653589793, 1.0
193, 92, 294, 344, 294, 345, 0, -1, -1.5707963267948966, 1.0
193, 93, 1228, 435, 1227, 434, 1, 1, 0.7853981633974483, 1.4142135623730951
193, 94, 400, 615, 400, 612, 0, 3, 1.5707963267948966, 3.0
193, 95, 854, 344, 855, 350, -1, -6, -1.7359450042095235, 6.082762530298219
193, 96, 357, 617, 358, 613, -1, 4, 1.8157749899217608, 4.123105625617661
193, 97, 1183, 279, 1184, 278, -1, 1, 2.356194490192345, 1.4142135623730951
193, 98, 714, 290, 714, 294, 0, -4, -1.5707963267948966, 4.0
193, 99, 848, 305, 849, 307, -1, -2, -2.0344439357957027, 2.23606797749979
193, 100, 609, 241, 610, 240, -1, 1, 2.356194490192345, 1.4142135623730951
193, 101, 778, 332, 778, 330, 0, 2, 1.5707963267948966, 2.0
193, 102, 1210, 187, 1210, 186, 0, 1, 1.5707963267948966, 1.0
193, 103, 668, 348, 668, 344, 0, 4, 1.5707963267948966, 4.0
193, 104, 261, 390, 262, 390, -1, 0, 3.141592653589793, 1.0
193, 105, 923, 95, 924, 95, -1, 0, 3.141592653589793, 1.0
193, 106, 661, 349, 661, 345, 0, 4, 1.5707963267948966, 4.0
193, 107, 788, 320, 787, 319, 1, 1, 0.7853981633974483, 1.4142135623730951
193, 108, 363, 490, 364, 490, -1, 0, 3.141592653589793, 1.0
193, 109, 931, 94, 932, 94, -1, 0, 3.141592653589793, 1.0
193, 110, 76, 493, 74, 492, 2, 1, 0.4636476090008061, 2.23606797749979
193, 111, 1257, 149, 1257, 148, 0, 1, 1.5707963267948966, 1.0
193, 112, 518, 692, 519, 698, -1, -6, -1.7359450042095235, 6.082762530298219
193, 113, 379, 462, 380, 458, -1, 4, 1.8157749899217608, 4.123105625617661
193, 114, 719, 239, 719, 242, 0, -3, -1.5707963267948966, 3.0
193, 115, 648, 387, 647, 383, 1, 4, 1.3258176636680326, 4.123105625617661
193, 116, 1213, 113, 1212, 112, 1, 1, 0.7853981633974483, 1.4142135623730951
193, 117, 473, 49, 473, 51, 0, -2, -1.5707963267948966, 2.0
193, 118, 363, 550, 364, 546, -1, 4, 1.8157749899217608, 4.123105625617661
193, 119, 153, 49, 153, 49, 0, 0, 0.0, 0.0
193, 120, 241, 325, 242, 325, -1, 0, 3.141592653589793, 1.0
193, 121, 147, 113, 148, 113, -1, 0, 3.141592653589793, 1.0
193, 122, 564, 63, 565, 65, -1, -2, -2.0344439357957027, 2.23606797749979
193, 123, 711, 239, 711, 243, 0, -4, -1.5707963267948966, 4.0
193, 124, 379, 556, 380, 552, -1, 4, 1.8157749899217608, 4.123105625617661
193, 125, 274, 348, 275, 348, -1, 0, 3.141592653589793, 1.0
193, 126, 866, 259, 867, 264, -1, -5, -1.7681918866447774, 5.0990195135927845
193, 127, 355, 429, 357, 426, -2, 3, 2.158798930342464, 3.605551275463989
193, 128, 1173, 278, 1174, 278, -1, 0, 3.141592653589793, 1.0
193, 129, 354, 601, 356, 595, -2, 6, 1.892546881191539, 6.324555320336759
193, 130, 1208, 225, 1209, 222, -1, 3, 1.892546881191539, 3.1622776601683795
193, 131, 727, 235, 728, 237, -1, -2, -2.0344439357957027, 2.23606797749979
194, 0, 251, 340, 252, 340, -1, 0, 3.141592653589793, 1.0
194, 1, 858, 251, 858, 255, 0, -4, -1.5707963267948966, 4.0
194, 2, 256, 373, 257, 373, -1, 0, 3.141592653589793, 1.0
194, 3, 1043, 90, 1044, 93, -1, -3, -1.892546881191539, 3.1622776601683795
194, 4, 352, 15, 349, 15, 3, 0, 0.0, 3.0
194, 5, 338, 465, 339, 462, -1, 3, 1.892546881191539, 3.1622776601683795
194, 6, 846, 251, 847, 256, -1, -5, -1.7681918866447774, 5.0990195135927845
194, 7, 1261, 431, 1272, 427, -11, 4, 2.7928216500058864, 11.704699910719626
194, 8, 157, 660, 156, 657, 1, 3, 1.2490457723982544, 3.1622776601683795
194, 9, 487, 9, 487, 10, 0, -1, -1.5707963267948966, 1.0
194, 10, 492, 313, 492, 316, 0, -3, -1.5707963267948966, 3.0
194, 11, 469, 41, 469, 43, 0, -2, -1.5707963267948966, 2.0
194, 12, 276, 338, 276, 338, 0, 0, 0.0, 0.0
194, 13, 362, 560, 363, 557, -1, 3, 1.892546881191539, 3.1622776601683795
194, 14, 359, 511, 361, 511, -2, 0, 3.141592653589793, 2.0
194, 15, 616, 155, 617, 153, -1, 2, 2.0344439357957027, 2.23606797749979
194, 16, 157, 701, 158, 713, -1, -12, -1.6539375586833378, 12.041594578792296
194, 17, 811, 299, 810, 297, 1, 2, 1.1071487177940904, 2.23606797749979
194, 18, 786, 27, 787, 27, -1, 0, 3.141592653589793, 1.0
194, 19, 1054, 140, 1055, 140, -1, 0, 3.141592653589793, 1.0
194, 20, 168, 91, 168, 91, 0, 0, 0.0, 0.0
194, 21, 257, 332, 258, 332, -1, 0, 3.141592653589793, 1.0
194, 22, 367, 522, 369, 521, -2, 1, 2.677945044588987, 2.23606797749979
194, 23, 804, 57, 804, 59, 0, -2, -1.5707963267948966, 2.0
194, 24, 176, 653, 177, 649, -1, 4, 1.8157749899217608, 4.123105625617661
194, 25, 1053, 102, 1054, 104, -1, -2, -2.0344439357957027, 2.23606797749979
194, 26, 60, 143, 61, 142, -1, 1, 2.356194490192345, 1.4142135623730951
194, 27, 350, 24, 347, 24, 3, 0, 0.0, 3.0
194, 28, 502, 364, 502, 366, 0, -2, -1.5707963267948966, 2.0
194, 29, 1204, 165, 1204, 162, 0, 3, 1.5707963267948966, 3.0
194, 30, 1041, 101, 1042, 104, -1, -3, -1.892546881191539, 3.1622776601683795
194, 31, 479, 314, 479, 317, 0, -3, -1.5707963267948966, 3.0
194, 32, 69, 499, 68, 498, 1, 1, 0.7853981633974483, 1.4142135623730951
194, 33, 1251, 149, 1251, 148, 0, 1, 1.5707963267948966, 1.0
194, 34, 347, 615, 348, 611, -1, 4, 1.8157749899217608, 4.123105625617661
194, 35, 659, 360, 659, 357, 0, 3, 1.5707963267948966, 3.0
194, 36, 705, 259, 706, 263, -1, -4, -1.8157749899217608, 4.123105625617661
194, 37, 252, 388, 253, 388, -1, 0, 3.141592653589793, 1.0
194, 38, 332, 352, 333, 352, -1, 0, 3.141592653589793, 1.0
194, 39, 1027, 136, 1028, 140, -1, -4, -1.8157749899217608, 4.123105625617661
194, 40, 461, 364, 462, 367, -1, -3, -1.892546881191539, 3.1622776601683795
194, 41, 351, 76, 351, 76, 0, 0, 0.0, 0.0
194, 42, 246, 405, 247, 405, -1, 0, 3.141592653589793, 1.0
194, 43, 938, 19, 939, 19, -1, 0, 3.141592653589793, 1.0
194, 44, 59, 113, 61, 113, -2, 0, 3.141592653589793, 2.0
194, 45, 757, 48, 758, 48, -1, 0, 3.141592653589793, 1.0
194, 46, 329, 365, 330, 365, -1, 0, 3.141592653589793, 1.0
194, 47, 348, 47, 345, 47, 3, 0, 0.0, 3.0
194, 48, 37, 107, 38, 107, -1, 0, 3.141592653589793, 1.0
194, 49, 655, 434, 655, 431, 0, 3, 1.5707963267948966, 3.0
194, 50, 737, 160, 737, 163, 0, -3, -1.5707963267948966, 3.0
194, 51, 1200, 238, 1200, 235, 0, 3, 1.5707963267948966, 3.0
194, 52, 712, 253, 712, 257, 0, -4, -1.5707963267948966, 4.0
194, 53, 371, 73, 368, 74, 3, -1, -0.3217505543966422, 3.1622776601683795
194, 54, 358, 57, 357, 57, 1, 0, 0.0, 1.0
194, 55, 347, 58, 346, 58, 1, 0, 0.0, 1.0
194, 56, 678, 367, 678, 363, 0, 4, 1.5707963267948966, 4.0
194, 57, 700, 254, 700, 258, 0, -4, -1.5707963267948966, 4.0
194, 58, 852, 237, 853, 242, -1, -5, -1.7681918866447774, 5.0990195135927845
194, 59, 155, 701, 155, 703, 0, -2, -1.5707963267948966, 2.0
194, 60, 795, 298, 795, 296, 0, 2, 1.5707963267948966, 2.0
194, 61, 38, 82, 40, 82, -2, 0, 3.141592653589793, 2.0
194, 62, 392, 634, 391, 629, 1, 5, 1.373400766945016, 5.0990195135927845
194, 63, 1261, 385, 1274, 382, -13, 3, 2.9147938055359073, 13.341664064126334
194, 64, 145, 99, 146, 98, -1, 1, 2.356194490192345, 1.4142135623730951
194, 65, 666, 500, 666, 496, 0, 4, 1.5707963267948966, 4.0
194, 66, 294, 317, 295, 317, -1, 0, 3.141592653589793, 1.0
194, 67, 483, 16, 484, 19, -1, -3, -1.892546881191539, 3.1622776601683795
194, 68, 471, 125, 471, 127, 0, -2, -1.5707963267948966, 2.0
194, 69, 937, 100, 937, 101, 0, -1, -1.5707963267948966, 1.0
194, 70, 263, 381, 264, 381, -1, 0, 3.141592653589793, 1.0
194, 71, 839, 260, 840, 264, -1, -4, -1.8157749899217608, 4.123105625617661
194, 72, 461, 51, 461, 53, 0, -2, -1.5707963267948966, 2.0
194, 73, 781, 21, 783, 21, -2, 0, 3.141592653589793, 2.0
194, 74, 482, 38, 482, 41, 0, -3, -1.5707963267948966, 3.0
194, 75, 706, 248, 706, 252, 0, -4, -1.5707963267948966, 4.0
194, 76, 304, 339, 304, 340, 0, -1, -1.5707963267948966, 1.0
194, 77, 807, 291, 806, 289, 1, 2, 1.1071487177940904, 2.23606797749979
194, 78, 1035, 176, 1036, 178, -1, -2, -2.0344439357957027, 2.23606797749979
194, 79, 454, 386, 455, 388, -1, -2, -2.0344439357957027, 2.23606797749979
194, 80, 212, 701, 212, 712, 0, -11, -1.5707963267948966, 11.0
194, 81, 477, 395, 478, 397, -1, -2, -2.0344439357957027, 2.23606797749979
194, 82, 501, 322, 502, 325, -1, -3, -1.892546881191539, 3.1622776601683795
194, 83, 272, 324, 273, 324, -1, 0, 3.141592653589793, 1.0
194, 84, 1251, 440, 1249, 439, 2, 1, 0.4636476090008061, 2.23606797749979
194, 85, 42, 521, 39, 519, 3, 2, 0.5880026035475675, 3.605551275463989
194, 86, 791, 372, 792, 372, -1, 0, 3.141592653589793, 1.0
194, 87, 621, 524, 621, 520, 0, 4, 1.5707963267948966, 4.0
194, 88, 1259, 385, 1257, 382, 2, 3, 0.982793723247329, 3.605551275463989
194, 89, 509, 374, 509, 376, 0, -2, -1.5707963267948966, 2.0
194, 90, 713, 193, 713, 195, 0, -2, -1.5707963267948966, 2.0
194, 91, 674, 360, 674, 357, 0, 3, 1.5707963267948966, 3.0
194, 92, 331, 407, 331, 407, 0, 0, 0.0, 0.0
194, 93, 168, 121, 168, 121, 0, 0, 0.0, 0.0
194, 94, 77, 494, 76, 493, 1, 1, 0.7853981633974483, 1.4142135623730951
194, 95, 1210, 191, 1210, 189, 0, 2, 1.5707963267948966, 2.0
194, 96, 563, 65, 564, 67, -1, -2, -2.0344439357957027, 2.23606797749979
194, 97, 605, 18, 605, 18, 0, 0, 0.0, 0.0
194, 98, 1215, 153, 1215, 152, 0, 1, 1.5707963267948966, 1.0
194, 99, 319, 390, 319, 391, 0, -1, -1.5707963267948966, 1.0
194, 100, 1190, 294, 1190, 289, 0, 5, 1.5707963267948966, 5.0
194, 101, 379, 558, 380, 555, -1, 3, 1.892546881191539, 3.1622776601683795
194, 102, 295, 344, 295, 345, 0, -1, -1.5707963267948966, 1.0
194, 103, 1258, 150, 1258, 149, 0, 1, 1.5707963267948966, 1.0
194, 104, 493, 393, 494, 398, -1, -5, -1.7681918866447774, 5.0990195135927845
194, 105, 639, 546, 640, 546, -1, 0, 3.141592653589793, 1.0
194, 106, 1254, 472, 1252, 471, 2, 1, 0.4636476090008061, 2.23606797749979
194, 107, 815, 80, 815, 82, 0, -2, -1.5707963267948966, 2.0
194, 108, 493, 14, 494, 17, -1, -3, -1.892546881191539, 3.1622776601683795
194, 109, 62, 494, 61, 493, 1, 1, 0.7853981633974483, 1.4142135623730951
194, 110, 812, 22, 813, 22, -1, 0, 3.141592653589793, 1.0
194, 111, 669, 351, 669, 347, 0, 4, 1.5707963267948966, 4.0
194, 112, 532, 657, 532, 664, 0, -7, -1.5707963267948966, 7.0
194, 113, 261, 389, 262, 389, -1, 0, 3.141592653589793, 1.0
194, 114, 648, 394, 647, 390, 1, 4, 1.3258176636680326, 4.123105625617661
194, 115, 835, 288, 837, 294, -2, -6, -1.892546881191539, 6.324555320336759
194, 116, 792, 94, 792, 96, 0, -2, -1.5707963267948966, 2.0
194, 117, 1050, 91, 1051, 94, -1, -3, -1.892546881191539, 3.1622776601683795
194, 118, 54, 155, 55, 155, -1, 0, 3.141592653589793, 1.0
194, 119, 280, 307, 281, 307, -1, 0, 3.141592653589793, 1.0
194, 120, 379, 463, 380, 459, -1, 4, 1.8157749899217608, 4.123105625617661
194, 121, 813, 13, 814, 13, -1, 0, 3.141592653589793, 1.0
194, 122, 399, 632, 399, 627, 0, 5, 1.5707963267948966, 5.0
194, 123, 812, 100, 812, 101, 0, -1, -1.5707963267948966, 1.0
194, 124, 356, 619, 357, 615, -1, 4, 1.8157749899217608, 4.123105625617661
194, 125, 623, 235, 623, 235, 0, 0, 0.0, 0.0
194, 126, 1074, 23, 1074, 23, 0, 0, 0.0, 0.0
194, 127, 517, 688, 518, 693, -1, -5, -1.7681918866447774, 5.0990195135927845
194, 128, 1174, 279, 1175, 279, -1, 0, 3.141592653589793, 1.0
194, 129, 483, 302, 483, 305, 0, -3, -1.5707963267948966, 3.0
194, 130, 1240, 472, 1240, 471, 0, 1, 1.5707963267948966, 1.0
194, 131, 854, 342, 855, 350, -1, -8, -1.695151321341658, 8.06225774829855
194, 132, 472, 49, 472, 51, 0, -2, -1.5707963267948966, 2.0
194, 133, 701, 331, 702, 336, -1, -5, -1.7681918866447774, 5.0990195135927845
194, 134, 1213, 112, 1212, 112, 1, 0, 0.0, 1.0
194, 135, 1231, 447, 1230, 447, 1, 0, 0.0, 1.0
194, 136, 1208, 226, 1208, 223, 0, 3, 1.5707963267948966, 3.0
194, 137, 730, 237, 730, 239, 0, -2, -1.5707963267948966, 2.0
194, 138, 716, 291, 716, 295, 0, -4, -1.5707963267948966, 4.0
194, 139, 933, 93, 933, 94, 0, -1, -1.5707963267948966, 1.0
194, 140, 380, 661, 381, 661, -1, 0, 3.141592653589793, 1.0
194, 141, 1041, 163, 1042, 165, -1, -2, -2.0344439357957027, 2.23606797749979
194, 142, 1067, 25, 1067, 25, 0, 0, 0.0, 0.0
194, 143, 662, 352, 662, 348, 0, 4, 1.5707963267948966, 4.0
194, 144, 865, 255, 865, 260, 0, -5, -1.5707963267948966, 5.0
194, 145, 307, 378, 307, 379, 0, -1, -1.5707963267948966, 1.0
194, 146, 148, 114, 149, 114, -1, 0, 3.141592653589793, 1.0
194, 147, 318, 408, 318, 408, 0, 0, 0.0, 0.0
194, 148, 1227, 115, 1226, 115, 1, 0, 0.0, 1.0
194, 149, 46, 135, 47, 135, -1, 0, 3.141592653589793, 1.0
194, 150, 153, 49, 153, 49, 0, 0, 0.0, 0.0
194, 151, 147, 74, 147, 74, 0, 0, 0.0, 0.0
194, 152, 70, 150, 72, 150, -2, 0, 3.141592653589793, 2.0
194, 153, 1250, 483, 1249, 481, 1, 2, 1.1071487177940904, 2.23606797749979
194, 154, 656, 576, 658, 571, -2, 5, 1.9513027039072615, 5.385164807134504
194, 155, 711, 240, 711, 244, 0, -4, -1.5707963267948966, 4.0
194, 156, 263, 324, 264, 324, -1, 0, 3.141592653589793, 1.0
194, 157, 1228, 104, 1227, 103, 1, 1, 0.7853981633974483, 1.4142135623730951
194, 158, 205, 701, 205, 701, 0, 0, 0.0, 0.0
194, 159, 275, 348, 276, 348, -1, 0, 3.141592653589793, 1.0
194, 160, 357, 434, 359, 430, -2, 4, 2.0344439357957027, 4.47213595499958
194, 161, 326, 376, 327, 376, -1, 0, 3.141592653589793, 1.0
194, 162, 1261, 377, 1262, 373, -1, 4, 1.8157749899217608, 4.123105625617661
195, 0, 250, 340, 251, 340, -1, 0, 3.141592653589793, 1.0
195, 1, 858, 246, 858, 251, 0, -5, -1.5707963267948966, 5.0
195, 2, 256, 373, 256, 373, 0, 0, 0.0, 0.0
195, 3, 1042, 88, 1043, 90, -1, -2, -2.0344439357957027, 2.23606797749979
195, 4, 356, 15, 352, 15, 4, 0, 0.0, 4.0
195, 5, 337, 469, 338, 465, -1, 4, 1.8157749899217608, 4.123105625617661
195, 6, 845, 246, 846, 251, -1, -5, -1.7681918866447774, 5.0990195135927845
195, 7, 1261, 435, 1261, 431, 0, 4, 1.5707963267948966, 4.0
195, 8, 158, 664, 157, 660, 1, 4, 1.3258176636680326, 4.123105625617661
195, 9, 492, 310, 492, 313, 0, -3, -1.5707963267948966, 3.0
195, 10, 469, 40, 469, 41, 0, -1, -1.5707963267948966, 1.0
195, 11, 276, 338, 276, 338, 0, 0, 0.0, 0.0
195, 12, 361, 563, 362, 560, -1, 3, 1.892546881191539, 3.1622776601683795
195, 13, 358, 511, 359, 511, -1, 0, 3.141592653589793, 1.0
195, 14, 615, 157, 616, 155, -1, 2, 2.0344439357957027, 2.23606797749979
195, 15, 158, 701, 157, 701, 1, 0, 0.0, 1.0
195, 16, 812, 302, 811, 299, 1, 3, 1.2490457723982544, 3.1622776601683795
195, 17, 784, 27, 786, 27, -2, 0, 3.141592653589793, 2.0
195, 18, 168, 91, 168, 91, 0, 0, 0.0, 0.0
195, 19, 256, 332, 257, 332, -1, 0, 3.141592653589793, 1.0
195, 20, 365, 523, 367, 522, -2, 1, 2.677945044588987, 2.23606797749979
195, 21, 804, 56, 804, 57, 0, -1, -1.5707963267948966, 1.0
195, 22, 175, 657, 176, 653, -1, 4, 1.8157749899217608, 4.123105625617661
195, 23, 1052, 100, 1053, 102, -1, -2, -2.0344439357957027, 2.23606797749979
195, 24, 59, 144, 60, 143, -1, 1, 2.356194490192345, 1.4142135623730951
195, 25, 353, 24, 350, 24, 3, 0, 0.0, 3.0
195, 26, 502, 362, 502, 364, 0, -2, -1.5707963267948966, 2.0
195, 27, 1203, 168, 1204, 165, -1, 3, 1.892546881191539, 3.1622776601683795
195, 28, 1040, 98, 1041, 101, -1, -3, -1.892546881191539, 3.1622776601683795
195, 29, 479, 310, 479, 314, 0, -4, -1.5707963267948966, 4.0
195, 30, 70, 501, 69, 499, 1, 2, 1.1071487177940904, 2.23606797749979
195, 31, 1251, 150, 1251, 149, 0, 1, 1.5707963267948966, 1.0
195, 32, 346, 620, 347, 615, -1, 5, 1.7681918866447774, 5.0990195135927845
195, 33, 659, 363, 659, 360, 0, 3, 1.5707963267948966, 3.0
195, 34, 704, 254, 705, 259, -1, -5, -1.7681918866447774, 5.0990195135927845
195, 35, 252, 388, 252, 388, 0, 0, 0.0, 0.0
195, 36, 331, 352, 332, 352, -1, 0, 3.141592653589793, 1.0
195, 37, 1026, 132, 1027, 136, -1, -4, -1.8157749899217608, 4.123105625617661
195, 38, 460, 361, 461, 364, -1, -3, -1.892546881191539, 3.1622776601683795
195, 39, 351, 76, 351, 76, 0, 0, 0.0, 0.0
195, 40, 245, 405, 246, 405, -1, 0, 3.141592653589793, 1.0
195, 41, 58, 113, 59, 113, -1, 0, 3.141592653589793, 1.0
195, 42, 756, 48, 757, 48, -1, 0, 3.141592653589793, 1.0
195, 43, 328, 365, 329, 365, -1, 0, 3.141592653589793, 1.0
195, 44, 351, 47, 348, 47, 3, 0, 0.0, 3.0
195, 45, 36, 107, 37, 107, -1, 0, 3.141592653589793, 1.0
195, 46, 655, 437, 655, 434, 0, 3, 1.5707963267948966, 3.0
195, 47, 736, 158, 737, 160, -1, -2, -2.0344439357957027, 2.23606797749979
195, 48, 1200, 241, 1200, 238, 0, 3, 1.5707963267948966, 3.0
195, 49, 711, 248, 712, 253, -1, -5, -1.7681918866447774, 5.0990195135927845
195, 50, 374, 72, 371, 73, 3, -1, -0.3217505543966422, 3.1622776601683795
195, 51, 360, 57, 358, 57, 2, 0, 0.0, 2.0
195, 52, 349, 58, 347, 58, 2, 0, 0.0, 2.0
195, 53, 678, 370, 678, 367, 0, 3, 1.5707963267948966, 3.0
195, 54, 699, 249, 700, 254, -1, -5, -1.7681918866447774, 5.0990195135927845
195, 55, 852, 232, 852, 237, 0, -5, -1.5707963267948966, 5.0
195, 56, 156, 701, 155, 701, 1, 0, 0.0, 1.0
195, 57, 796, 301, 795, 298, 1, 3, 1.2490457723982544, 3.1622776601683795
195, 58, 37, 82, 38, 82, -1, 0, 3.141592653589793, 1.0
195, 59, 392, 639, 392, 634, 0, 5, 1.5707963267948966, 5.0
195, 60, 1261, 388, 1261, 385, 0, 3, 1.5707963267948966, 3.0
195, 61, 144, 100, 145, 99, -1, 1, 2.356194490192345, 1.4142135623730951
195, 62, 667, 504, 666, 500, 1, 4, 1.3258176636680326, 4.123105625617661
195, 63, 293, 317, 294, 317, -1, 0, 3.141592653589793, 1.0
195, 64, 483, 13, 483, 16, 0, -3, -1.5707963267948966, 3.0
195, 65, 471, 123, 471, 125, 0, -2, -1.5707963267948966, 2.0
195, 66, 937, 99, 937, 100, 0, -1, -1.5707963267948966, 1.0
195, 67, 263, 381, 263, 381, 0, 0, 0.0, 0.0
195, 68, 838, 255, 839, 260, -1, -5, -1.7681918866447774, 5.0990195135927845
195, 69, 461, 50, 461, 51, 0, -1, -1.5707963267948966, 1.0
195, 70, 779, 21, 781, 21, -2, 0, 3.141592653589793, 2.0
195, 71, 482, 35, 482, 38, 0, -3, -1.5707963267948966, 3.0
195, 72, 705, 243, 706, 248, -1, -5, -1.7681918866447774, 5.0990195135927845
195, 73, 304, 338, 304, 339, 0, -1, -1.5707963267948966, 1.0
195, 74, 808, 294, 807, 291, 1, 3, 1.2490457723982544, 3.1622776601683795
195, 75, 1033, 175, 1035, 176, -2, -1, -2.677945044588987, 2.23606797749979
195, 76, 453, 383, 454, 386, -1, -3, -1.892546881191539, 3.1622776601683795
195, 77, 213, 701, 212, 701, 1, 0, 0.0, 1.0
195, 78, 476, 393, 477, 395, -1, -2, -2.0344439357957027, 2.23606797749979
195, 79, 501, 319, 501, 322, 0, -3, -1.5707963267948966, 3.0
195, 80, 271, 324, 272, 324, -1, 0, 3.141592653589793, 1.0
195, 81, 1251, 443, 1251, 440, 0, 3, 1.5707963267948966, 3.0
195, 82, 46, 523, 42, 521, 4, 2, 0.4636476090008061, 4.47213595499958
195, 83, 790, 372, 791, 372, -1, 0, 3.141592653589793, 1.0
195, 84, 621, 528, 621, 524, 0, 4, 1.5707963267948966, 4.0
195, 85, 1260, 388, 1259, 385, 1, 3, 1.2490457723982544, 3.1622776601683795
195, 86, 508, 372, 509, 374, -1, -2, -2.0344439357957027, 2.23606797749979
195, 87, 674, 363, 674, 360, 0, 3, 1.5707963267948966, 3.0
195, 88, 331, 407, 331, 407, 0, 0, 0.0, 0.0
195, 89, 168, 121, 168, 121, 0, 0, 0.0, 0.0
195, 90, 79, 496, 77, 494, 2, 2, 0.7853981633974483, 2.8284271247461903
195, 91, 1210, 193, 1210, 191, 0, 2, 1.5707963267948966, 2.0
195, 92, 605, 18, 605, 18, 0, 0, 0.0, 0.0
195, 93, 1215, 153, 1215, 153, 0, 0, 0.0, 0.0
195, 94, 319, 389, 319, 390, 0, -1, -1.5707963267948966, 1.0
195, 95, 1190, 296, 1190, 294, 0, 2, 1.5707963267948966, 2.0
195, 96, 378, 561, 379, 558, -1, 3, 1.892546881191539, 3.1622776601683795
195, 97, 295, 343, 295, 344, 0, -1, -1.5707963267948966, 1.0
195, 98, 1258, 151, 1258, 150, 0, 1, 1.5707963267948966, 1.0
195, 99, 492, 391, 493, 393, -1, -2, -2.0344439357957027, 2.23606797749979
195, 100, 638, 546, 639, 546, -1, 0, 3.141592653589793, 1.0
195, 101, 1256, 475, 1254, 472, 2, 3, 0.982793723247329, 3.605551275463989
195, 102, 815, 79, 815, 80, 0, -1, -1.5707963267948966, 1.0
195, 103, 493, 11, 493, 14, 0, -3, -1.5707963267948966, 3.0
195, 104, 63, 495, 62, 494, 1, 1, 0.7853981633974483, 1.4142135623730951
195, 105, 811, 22, 812, 22, -1, 0, 3.141592653589793, 1.0
195, 106, 669, 354, 669, 351, 0, 3, 1.5707963267948966, 3.0
195, 107, 532, 650, 532, 657, 0, -7, -1.5707963267948966, 7.0
195, 108, 261, 389, 261, 389, 0, 0, 0.0, 0.0
195, 109, 648, 398, 648, 394, 0, 4, 1.5707963267948966, 4.0
195, 110, 833, 281, 835, 288, -2, -7, -1.849095985800008, 7.280109889280518
195, 111, 792, 92, 792, 94, 0, -2, -1.5707963267948966, 2.0
195, 112, 1049, 89, 1050, 91, -1, -2, -2.0344439357957027, 2.23606797749979
195, 113, 54, 155, 54, 155, 0, 0, 0.0, 0.0
195, 114, 279, 307, 280, 307, -1, 0, 3.141592653589793, 1.0
195, 115, 378, 467, 379, 463, -1, 4, 1.8157749899217608, 4.123105625617661
195, 116, 812, 13, 813, 13, -1, 0, 3.141592653589793, 1.0
195, 117, 398, 638, 399, 632, -1, 6, 1.7359450042095235, 6.082762530298219
195, 118, 812, 99, 812, 100, 0, -1, -1.5707963267948966, 1.0
195, 119, 355, 623, 356, 619, -1, 4, 1.8157749899217608, 4.123105625617661
195, 120, 623, 234, 623, 235, 0, -1, -1.5707963267948966, 1.0
195, 121, 1074, 22, 1074, 23, 0, -1, -1.5707963267948966, 1.0
195, 122, 517, 683, 517, 688, 0, -5, -1.5707963267948966, 5.0
195, 123, 1174, 279, 1174, 279, 0, 0, 0.0, 0.0
195, 124, 483, 299, 483, 302, 0, -3, -1.5707963267948966, 3.0
195, 125, 1240, 475, 1240, 472, 0, 3, 1.5707963267948966, 3.0
195, 126, 852, 338, 854, 342, -2, -4, -2.0344439357957027, 4.47213595499958
195, 127, 472, 48, 472, 49, 0, -1, -1.5707963267948966, 1.0
195, 128, 700, 325, 701, 331, -1, -6, -1.7359450042095235, 6.082762530298219
195, 129, 1213, 113, 1213, 112, 0, 1, 1.5707963267948966, 1.0
195, 130, 1232, 446, 1231, 447, 1, -1, -0.7853981633974483, 1.4142135623730951
195, 131, 1208, 229, 1208, 226, 0, 3, 1.5707963267948966, 3.0
195, 132, 730, 236, 730, 237, 0, -1, -1.5707963267948966, 1.0
195, 133, 716, 287, 716, 291, 0, -4, -1.5707963267948966, 4.0
195, 134, 933, 92, 933, 93, 0, -1, -1.5707963267948966, 1.0
195, 135, 1040, 160, 1041, 163, -1, -3, -1.892546881191539, 3.1622776601683795
195, 136, 1067, 24, 1067, 25, 0, -1, -1.5707963267948966, 1.0
195, 137, 662, 355, 662, 352, 0, 3, 1.5707963267948966, 3.0
195, 138, 865, 250, 865, 255, 0, -5, -1.5707963267948966, 5.0
195, 139, 307, 377, 307, 378, 0, -1, -1.5707963267948966, 1.0
195, 140, 147, 114, 148, 114, -1, 0, 3.141592653589793, 1.0
195, 141, 318, 408, 318, 408, 0, 0, 0.0, 0.0
195, 142, 1228, 116, 1227, 115, 1, 1, 0.7853981633974483, 1.4142135623730951
195, 143, 45, 135, 46, 135, -1, 0, 3.141592653589793, 1.0
195, 144, 153, 49, 153, 49, 0, 0, 0.0, 0.0
195, 145, 147, 74, 147, 74, 0, 0, 0.0, 0.0
195, 146, 68, 151, 70, 150, -2, 1, 2.677945044588987, 2.23606797749979
195, 147, 1251, 487, 1250, 483, 1, 4, 1.3258176636680326, 4.123105625617661
195, 148, 654, 580, 656, 576, -2, 4, 2.0344439357957027, 4.47213595499958
195, 149, 710, 235, 711, 240, -1, -5, -1.7681918866447774, 5.0990195135927845
195, 150, 262, 324, 263, 324, -1, 0, 3.141592653589793, 1.0
195, 151, 1229, 105, 1228, 104, 1, 1, 0.7853981633974483, 1.4142135623730951
195, 152, 206, 701, 205, 701, 1, 0, 0.0, 1.0
195, 153, 274, 348, 275, 348, -1, 0, 3.141592653589793, 1.0
195, 154, 355, 437, 357, 434, -2, 3, 2.158798930342464, 3.605551275463989
195, 155, 325, 376, 326, 376, -1, 0, 3.141592653589793, 1.0
195, 156, 1261, 381, 1261, 377, 0, 4, 1.5707963267948966, 4.0
196, 0, 251, 340, 252, 340, -1, 0, 3.141592653589793, 1.0
196, 1, 256, 373, 257, 373, -1, 0, 3.141592653589793, 1.0
196, 2, 1042, 89, 1043, 91, -1, -2, -2.0344439357957027, 2.23606797749979
196, 3, 857, 245, 858, 250, -1, -5, -1.7681918866447774, 5.0990195135927845
196, 4, 338, 471, 339, 467, -1, 4, 1.8157749899217608, 4.123105625617661
196, 5, 355, 16, 352, 16, 3, 0, 0.0, 3.0
196, 6, 160, 669, 159, 666, 1, 3, 1.2490457723982544, 3.1622776601683795
196, 7, 469, 41, 469, 42, 0, -1, -1.5707963267948966, 1.0
196, 8, 492, 310, 492, 314, 0, -4, -1.5707963267948966, 4.0
196, 9, 1261, 435, 1273, 431, -12, 4, 2.819842099193151, 12.649110640673518
196, 10, 381, 71, 378, 71, 3, 0, 0.0, 3.0
196, 11, 259, 342, 260, 342, -1, 0, 3.141592653589793, 1.0
196, 12, 178, 662, 179, 658, -1, 4, 1.8157749899217608, 4.123105625617661
196, 13, 845, 246, 846, 251, -1, -5, -1.7681918866447774, 5.0990195135927845
196, 14, 275, 338, 276, 338, -1, 0, 3.141592653589793, 1.0
196, 15, 361, 565, 362, 561, -1, 4, 1.8157749899217608, 4.123105625617661
196, 16, 1251, 446, 1251, 443, 0, 3, 1.5707963267948966, 3.0
196, 17, 169, 92, 169, 92, 0, 0, 0.0, 0.0
196, 18, 500, 362, 501, 365, -1, -3, -1.892546881191539, 3.1622776601683795
196, 19, 812, 304, 812, 300, 0, 4, 1.5707963267948966, 4.0
196, 20, 352, 622, 352, 618, 0, 4, 1.5707963267948966, 4.0
196, 21, 461, 360, 462, 364, -1, -4, -1.8157749899217608, 4.123105625617661
196, 22, 258, 333, 259, 333, -1, 0, 3.141592653589793, 1.0
196, 23, 480, 310, 480, 314, 0, -4, -1.5707963267948966, 4.0
196, 24, 1041, 100, 1042, 102, -1, -2, -2.0344439357957027, 2.23606797749979
196, 25, 659, 364, 659, 361, 0, 3, 1.5707963267948966, 3.0
196, 26, 354, 25, 351, 25, 3, 0, 0.0, 3.0
196, 27, 615, 157, 616, 155, -1, 2, 2.0344439357957027, 2.23606797749979
196, 28, 352, 76, 352, 76, 0, 0, 0.0, 0.0
196, 29, 489, 421, 490, 423, -1, -2, -2.0344439357957027, 2.23606797749979
196, 30, 1251, 151, 1251, 150, 0, 1, 1.5707963267948966, 1.0
196, 31, 332, 351, 333, 351, -1, 0, 3.141592653589793, 1.0
196, 32, 59, 113, 60, 113, -1, 0, 3.141592653589793, 1.0
196, 33, 704, 254, 705, 259, -1, -5, -1.7681918866447774, 5.0990195135927845
196, 34, 1261, 390, 1275, 387, -14, 3, 2.930499320367047, 14.317821063276353
196, 35, 805, 57, 805, 58, 0, -1, -1.5707963267948966, 1.0
196, 36, 515, 701, 514, 715, 1, -14, -1.4994888620096063, 14.035668847618199
196, 37, 757, 48, 758, 48, -1, 0, 3.141592653589793, 1.0
196, 38, 36, 105, 37, 105, -1, 0, 3.141592653589793, 1.0
196, 39, 781, 26, 783, 26, -2, 0, 3.141592653589793, 2.0
196, 40, 351, 58, 349, 59, 2, -1, -0.4636476090008061, 2.23606797749979
196, 41, 351, 48, 348, 48, 3, 0, 0.0, 3.0
196, 42, 1026, 132, 1027, 136, -1, -4, -1.8157749899217608, 4.123105625617661
196, 43, 1200, 242, 1200, 239, 0, 3, 1.5707963267948966, 3.0
196, 44, 362, 57, 360, 58, 2, -1, -0.4636476090008061, 2.23606797749979
196, 45, 815, 80, 815, 81, 0, -1, -1.5707963267948966, 1.0
196, 46, 853, 232, 853, 237, 0, -5, -1.5707963267948966, 5.0
196, 47, 711, 248, 712, 253, -1, -5, -1.7681918866447774, 5.0990195135927845
196, 48, 358, 511, 360, 511, -2, 0, 3.141592653589793, 2.0
196, 49, 329, 365, 330, 365, -1, 0, 3.141592653589793, 1.0
196, 50, 699, 249, 700, 254, -1, -5, -1.7681918866447774, 5.0990195135927845
196, 51, 736, 159, 737, 161, -1, -2, -2.0344439357957027, 2.23606797749979
196, 52, 37, 82, 39, 82, -2, 0, 3.141592653589793, 2.0
196, 53, 158, 701, 158, 718, 0, -17, -1.5707963267948966, 17.0
196, 54, 145, 100, 146, 99, -1, 1, 2.356194490192345, 1.4142135623730951
196, 55, 263, 381, 264, 381, -1, 0, 3.141592653589793, 1.0
196, 56, 483, 14, 483, 16, 0, -2, -1.5707963267948966, 2.0
196, 57, 294, 317, 295, 317, -1, 0, 3.141592653589793, 1.0
196, 58, 367, 42, 365, 44, 2, -2, -0.7853981633974483, 2.8284271247461903
196, 59, 1073, 22, 1073, 22, 0, 0, 0.0, 0.0
196, 60, 502, 318, 502, 322, 0, -4, -1.5707963267948966, 4.0
196, 61, 1258, 152, 1258, 151, 0, 1, 1.5707963267948966, 1.0
196, 62, 656, 438, 656, 435, 0, 3, 1.5707963267948966, 3.0
196, 63, 605, 20, 606, 20, -1, 0, 3.141592653589793, 1.0
196, 64, 797, 302, 796, 298, 1, 4, 1.3258176636680326, 4.123105625617661
196, 65, 304, 339, 304, 340, 0, -1, -1.5707963267948966, 1.0
196, 66, 668, 503, 667, 500, 1, 3, 1.2490457723982544, 3.1622776601683795
196, 67, 807, 378, 807, 374, 0, 4, 1.5707963267948966, 4.0
196, 68, 71, 502, 70, 500, 1, 2, 1.1071487177940904, 2.23606797749979
196, 69, 679, 370, 679, 367, 0, 3, 1.5707963267948966, 3.0
196, 70, 461, 49, 461, 51, 0, -2, -1.5707963267948966, 2.0
196, 71, 482, 37, 482, 39, 0, -2, -1.5707963267948966, 2.0
196, 72, 271, 324, 272, 324, -1, 0, 3.141592653589793, 1.0
196, 73, 296, 344, 296, 345, 0, -1, -1.5707963267948966, 1.0
196, 74, 58, 145, 59, 143, -1, 2, 2.0344439357957027, 2.23606797749979
196, 75, 640, 546, 640, 546, 0, 0, 0.0, 0.0
196, 76, 392, 639, 393, 636, -1, 3, 1.892546881191539, 3.1622776601683795
196, 77, 43, 520, 40, 517, 3, 3, 0.7853981633974483, 4.242640687119285
196, 78, 1206, 153, 1205, 152, 1, 1, 0.7853981633974483, 1.4142135623730951
196, 79, 730, 238, 730, 239, 0, -1, -1.5707963267948966, 1.0
196, 80, 668, 471, 668, 471, 0, 0, 0.0, 0.0
196, 81, 1260, 390, 1259, 387, 1, 3, 1.2490457723982544, 3.1622776601683795
196, 82, 1050, 90, 1051, 92, -1, -2, -2.0344439357957027, 2.23606797749979
196, 83, 168, 121, 168, 121, 0, 0, 0.0, 0.0
196, 84, 648, 398, 648, 395, 0, 3, 1.5707963267948966, 3.0
196, 85, 837, 255, 839, 259, -2, -4, -2.0344439357957027, 4.47213595499958
196, 86, 1215, 114, 1214, 113, 1, 1, 0.7853981633974483, 1.4142135623730951
196, 87, 471, 392, 473, 395, -2, -3, -2.158798930342464, 3.605551275463989
196, 88, 365, 539, 367, 534, -2, 5, 1.9513027039072615, 5.385164807134504
196, 89, 623, 530, 623, 526, 0, 4, 1.5707963267948966, 4.0
196, 90, 1204, 166, 1204, 164, 0, 2, 1.5707963267948966, 2.0
196, 91, 829, 287, 831, 293, -2, -6, -1.892546881191539, 6.324555320336759
196, 92, 453, 382, 454, 385, -1, -3, -1.892546881191539, 3.1622776601683795
196, 93, 518, 681, 519, 686, -1, -5, -1.7681918866447774, 5.0990195135927845
196, 94, 1235, 483, 1235, 484, 0, -1, -1.5707963267948966, 1.0
196, 95, 808, 296, 807, 292, 1, 4, 1.3258176636680326, 4.123105625617661
196, 96, 674, 364, 674, 361, 0, 3, 1.5707963267948966, 3.0
196, 97, 494, 13, 494, 15, 0, -2, -1.5707963267948966, 2.0
196, 98, 533, 651, 533, 657, 0, -6, -1.5707963267948966, 6.0
196, 99, 478, 115, 478, 118, 0, -3, -1.5707963267948966, 3.0
196, 100, 379, 563, 380, 559, -1, 4, 1.8157749899217608, 4.123105625617661
196, 101, 1215, 153, 1215, 153, 0, 0, 0.0, 0.0
196, 102, 80, 499, 78, 496, 2, 3, 0.982793723247329, 3.605551275463989
196, 103, 793, 96, 793, 97, 0, -1, -1.5707963267948966, 1.0
196, 104, 662, 354, 662, 351, 0, 3, 1.5707963267948966, 3.0
196, 105, 401, 621, 402, 619, -1, 2, 2.0344439357957027, 2.23606797749979
196, 106, 624, 234, 624, 235, 0, -1, -1.5707963267948966, 1.0
196, 107, 813, 13, 814, 13, -1, 0, 3.141592653589793, 1.0
196, 108, 472, 49, 472, 50, 0, -1, -1.5707963267948966, 1.0
196, 109, 508, 371, 509, 374, -1, -3, -1.892546881191539, 3.1622776601683795
196, 110, 54, 155, 55, 155, -1, 0, 3.141592653589793, 1.0
196, 111, 152, 50, 153, 50, -1, 0, 3.141592653589793, 1.0
196, 112, 811, 22, 812, 22, -1, 0, 3.141592653589793, 1.0
196, 113, 1174, 278, 1174, 278, 0, 0, 0.0, 0.0
196, 114, 378, 468, 379, 464, -1, 4, 1.8157749899217608, 4.123105625617661
196, 115, 1211, 195, 1211, 192, 0, 3, 1.5707963267948966, 3.0
196, 116, 279, 308, 280, 308, -1, 0, 3.141592653589793, 1.0
196, 117, 669, 354, 669, 351, 0, 3, 1.5707963267948966, 3.0
196, 118, 1186, 290, 1187, 288, -1, 2, 2.0344439357957027, 2.23606797749979
196, 119, 146, 75, 147, 75, -1, 0, 3.141592653589793, 1.0
196, 120, 717, 286, 717, 290, 0, -4, -1.5707963267948966, 4.0
196, 121, 1259, 506, 1257, 498, 2, 8, 1.3258176636680326, 8.246211251235321
196, 122, 239, 311, 240, 311, -1, 0, 3.141592653589793, 1.0
196, 123, 1208, 229, 1208, 226, 0, 3, 1.5707963267948966, 3.0
196, 124, 792, 371, 792, 371, 0, 0, 0.0, 0.0
196, 125, 147, 115, 148, 114, -1, 1, 2.356194490192345, 1.4142135623730951
196, 126, 484, 299, 484, 303, 0, -4, -1.5707963267948966, 4.0
196, 127, 776, 31, 778, 31, -2, 0, 3.141592653589793, 2.0
196, 128, 21, 509, 20, 512, 1, -3, -1.2490457723982544, 3.1622776601683795
196, 129, 854, 336, 855, 340, -1, -4, -1.8157749899217608, 4.123105625617661
196, 130, 812, 98, 812, 100, 0, -2, -1.5707963267948966, 2.0
196, 131, 274, 348, 275, 348, -1, 0, 3.141592653589793, 1.0
196, 132, 864, 250, 865, 255, -1, -5, -1.7681918866447774, 5.0990195135927845
196, 133, 381, 661, 381, 661, 0, 0, 0.0, 0.0
196, 134, 687, 33, 688, 32, -1, 1, 2.356194490192345, 1.4142135623730951
196, 135, 1229, 106, 1228, 105, 1, 1, 0.7853981633974483, 1.4142135623730951
196, 136, 1228, 117, 1227, 116, 1, 1, 0.7853981633974483, 1.4142135623730951
196, 137, 68, 152, 70, 151, -2, 1, 2.677945044588987, 2.23606797749979
196, 138, 712, 194, 712, 195, 0, -1, -1.5707963267948966, 1.0
197, 0, 250, 340, 251, 340, -1, 0, 3.141592653589793, 1.0
197, 1, 256, 372, 256, 373, 0, -1, -1.5707963267948966, 1.0
197, 2, 1040, 86, 1042, 89, -2, -3, -2.158798930342464, 3.605551275463989
197, 3, 857, 241, 857, 245, 0, -4, -1.5707963267948966, 4.0
197, 4, 336, 474, 338, 471, -2, 3, 2.158798930342464, 3.605551275463989
197, 5, 358, 16, 355, 16, 3, 0, 0.0, 3.0
197, 6, 161, 671, 160, 669, 1, 2, 1.1071487177940904, 2.23606797749979
197, 7, 470, 38, 469, 41, 1, -3, -1.2490457723982544, 3.1622776601683795
197, 8, 492, 307, 492, 310, 0, -3, -1.5707963267948966, 3.0
197, 9, 1261, 439, 1261, 435, 0, 4, 1.5707963267948966, 4.0
197, 10, 383, 72, 381, 71, 2, 1, 0.4636476090008061, 2.23606797749979
197, 11, 177, 666, 178, 662, -1, 4, 1.8157749899217608, 4.123105625617661
197, 12, 844, 242, 845, 246, -1, -4, -1.8157749899217608, 4.123105625617661
197, 13, 361, 568, 361, 565, 0, 3, 1.5707963267948966, 3.0
197, 14, 1251, 449, 1251, 446, 0, 3, 1.5707963267948966, 3.0
197, 15, 169, 92, 169, 92, 0, 0, 0.0, 0.0
197, 16, 500, 357, 500, 362, 0, -5, -1.5707963267948966, 5.0
197, 17, 812, 307, 812, 304, 0, 3, 1.5707963267948966, 3.0
197, 18, 353, 627, 352, 622, 1, 5, 1.373400766945016, 5.0990195135927845
197, 19, 462, 355, 461, 360, 1, -5, -1.373400766945016, 5.0990195135927845
197, 20, 257, 333, 258, 333, -1, 0, 3.141592653589793, 1.0
197, 21, 479, 306, 480, 310, -1, -4, -1.8157749899217608, 4.123105625617661
197, 22, 1039, 96, 1041, 100, -2, -4, -2.0344439357957027, 4.47213595499958
197, 23, 660, 368, 659, 364, 1, 4, 1.3258176636680326, 4.123105625617661
197, 24, 357, 25, 354, 25, 3, 0, 0.0, 3.0
197, 25, 613, 160, 615, 157, -2, 3, 2.158798930342464, 3.605551275463989
197, 26, 354, 76, 352, 76, 2, 0, 0.0, 2.0
197, 27, 487, 415, 489, 421, -2, -6, -1.892546881191539, 6.324555320336759
197, 28, 1251, 153, 1251, 151, 0, 2, 1.5707963267948966, 2.0
197, 29, 331, 351, 332, 351, -1, 0, 3.141592653589793, 1.0
197, 30, 57, 113, 59, 113, -2, 0, 3.141592653589793, 2.0
197, 31, 703, 250, 704, 254, -1, -4, -1.8157749899217608, 4.123105625617661
197, 32, 1261, 392, 1261, 390, 0, 2, 1.5707963267948966, 2.0
197, 33, 806, 55, 805, 57, 1, -2, -1.1071487177940904, 2.23606797749979
197, 34, 517, 698, 515, 701, 2, -3, -0.982793723247329, 3.605551275463989
197, 35, 755, 48, 757, 48, -2, 0, 3.141592653589793, 2.0
197, 36, 34, 105, 36, 105, -2, 0, 3.141592653589793, 2.0
197, 37, 778, 26, 781, 26, -3, 0, 3.141592653589793, 3.0
197, 38, 354, 58, 351, 58, 3, 0, 0.0, 3.0
197, 39, 353, 47, 351, 48, 2, -1, -0.4636476090008061, 2.23606797749979
197, 40, 1023, 128, 1026, 132, -3, -4, -2.214297435588181, 5.0
197, 41, 1202, 245, 1200, 242, 2, 3, 0.982793723247329, 3.605551275463989
197, 42, 365, 56, 362, 57, 3, -1, -0.3217505543966422, 3.1622776601683795
197, 43, 816, 78, 815, 80, 1, -2, -1.1071487177940904, 2.23606797749979
197, 44, 853, 227, 853, 232, 0, -5, -1.5707963267948966, 5.0
197, 45, 710, 244, 711, 248, -1, -4, -1.8157749899217608, 4.123105625617661
197, 46, 356, 511, 358, 511, -2, 0, 3.141592653589793, 2.0
197, 47, 328, 365, 329, 365, -1, 0, 3.141592653589793, 1.0
197, 48, 699, 245, 699, 249, 0, -4, -1.5707963267948966, 4.0
197, 49, 735, 155, 736, 159, -1, -4, -1.8157749899217608, 4.123105625617661
197, 50, 35, 82, 37, 82, -2, 0, 3.141592653589793, 2.0
197, 51, 160, 701, 158, 701, 2, 0, 0.0, 2.0
197, 52, 144, 101, 145, 100, -1, 1, 2.356194490192345, 1.4142135623730951
197, 53, 263, 380, 263, 381, 0, -1, -1.5707963267948966, 1.0
197, 54, 484, 11, 483, 14, 1, -3, -1.2490457723982544, 3.1622776601683795
197, 55, 293, 317, 294, 317, -1, 0, 3.141592653589793, 1.0
197, 56, 370, 40, 367, 42, 3, -2, -0.5880026035475675, 3.605551275463989
197, 57, 1075, 22, 1073, 22, 2, 0, 0.0, 2.0
197, 58, 502, 314, 502, 318, 0, -4, -1.5707963267948966, 4.0
197, 59, 1258, 154, 1258, 152, 0, 2, 1.5707963267948966, 2.0
197, 60, 656, 441, 656, 438, 0, 3, 1.5707963267948966, 3.0
197, 61, 605, 19, 605, 20, 0, -1, -1.5707963267948966, 1.0
197, 62, 798, 305, 797, 302, 1, 3, 1.2490457723982544, 3.1622776601683795
197, 63, 305, 338, 304, 339, 1, -1, -0.7853981633974483, 1.4142135623730951
197, 64, 668, 504, 668, 503, 0, 1, 1.5707963267948966, 1.0
197, 65, 808, 382, 807, 378, 1, 4, 1.3258176636680326, 4.123105625617661
197, 66, 72, 504, 71, 502, 1, 2, 1.1071487177940904, 2.23606797749979
197, 67, 680, 374, 679, 370, 1, 4, 1.3258176636680326, 4.123105625617661
197, 68, 462, 46, 461, 49, 1, -3, -1.2490457723982544, 3.1622776601683795
197, 69, 482, 33, 482, 37, 0, -4, -1.5707963267948966, 4.0
197, 70, 270, 324, 271, 324, -1, 0, 3.141592653589793, 1.0
197, 71, 297, 343, 296, 344, 1, -1, -0.7853981633974483, 1.4142135623730951
197, 72, 57, 147, 58, 145, -1, 2, 2.0344439357957027, 2.23606797749979
197, 73, 640, 548, 640, 546, 0, 2, 1.5707963267948966, 2.0
197, 74, 389, 640, 392, 639, -3, 1, 2.819842099193151, 3.1622776601683795
197, 75, 43, 519, 43, 520, 0, -1, -1.5707963267948966, 1.0
197, 76, 1207, 154, 1206, 153, 1, 1, 0.7853981633974483, 1.4142135623730951
197, 77, 667, 471, 668, 471, -1, 0, 3.141592653589793, 1.0
197, 78, 1261, 392, 1260, 390, 1, 2, 1.1071487177940904, 2.23606797749979
197, 79, 1048, 87, 1050, 90, -2, -3, -2.158798930342464, 3.605551275463989
197, 80, 168, 121, 168, 121, 0, 0, 0.0, 0.0
197, 81, 650, 401, 648, 398, 2, 3, 0.982793723247329, 3.605551275463989
197, 82, 834, 252, 837, 255, -3, -3, -2.356194490192345, 4.242640687119285
197, 83, 1217, 116, 1215, 114, 2, 2, 0.7853981633974483, 2.8284271247461903
197, 84, 469, 387, 471, 392, -2, -5, -1.9513027039072615, 5.385164807134504
197, 85, 364, 543, 365, 539, -1, 4, 1.8157749899217608, 4.123105625617661
197, 86, 623, 533, 623, 530, 0, 3, 1.5707963267948966, 3.0
197, 87, 1204, 168, 1204, 166, 0, 2, 1.5707963267948966, 2.0
197, 88, 829, 285, 829, 287, 0, -2, -1.5707963267948966, 2.0
197, 89, 453, 378, 453, 382, 0, -4, -1.5707963267948966, 4.0
197, 90, 519, 675, 518, 681, 1, -6, -1.4056476493802699, 6.082762530298219
197, 91, 809, 299, 808, 296, 1, 3, 1.2490457723982544, 3.1622776601683795
197, 92, 675, 368, 674, 364, 1, 4, 1.3258176636680326, 4.123105625617661
197, 93, 495, 10, 494, 13, 1, -3, -1.2490457723982544, 3.1622776601683795
197, 94, 532, 642, 533, 651, -1, -9, -1.6814535479687922, 9.055385138137417
197, 95, 477, 111, 478, 115, -1, -4, -1.8157749899217608, 4.123105625617661
197, 96, 377, 566, 379, 563, -2, 3, 2.158798930342464, 3.605551275463989
197, 97, 1216, 154, 1215, 153, 1, 1, 0.7853981633974483, 1.4142135623730951
197, 98, 81, 501, 80, 499, 1, 2, 1.1071487177940904, 2.23606797749979
197, 99, 793, 93, 793, 96, 0, -3, -1.5707963267948966, 3.0
197, 100, 662, 358, 662, 354, 0, 4, 1.5707963267948966, 4.0
197, 101, 399, 621, 401, 621, -2, 0, 3.141592653589793, 2.0
197, 102, 623, 234, 624, 234, -1, 0, 3.141592653589793, 1.0
197, 103, 473, 46, 472, 49, 1, -3, -1.2490457723982544, 3.1622776601683795
197, 104, 508, 366, 508, 371, 0, -5, -1.5707963267948966, 5.0
197, 105, 53, 155, 54, 155, -1, 0, 3.141592653589793, 1.0
197, 106, 151, 50, 152, 50, -1, 0, 3.141592653589793, 1.0
197, 107, 377, 472, 378, 468, -1, 4, 1.8157749899217608, 4.123105625617661
197, 108, 1212, 199, 1211, 195, 1, 4, 1.3258176636680326, 4.123105625617661
197, 109, 277, 309, 279, 308, -2, 1, 2.677945044588987, 2.23606797749979
197, 110, 670, 358, 669, 354, 1, 4, 1.3258176636680326, 4.123105625617661
197, 111, 1184, 292, 1186, 290, -2, 2, 2.356194490192345, 2.8284271247461903
197, 112, 145, 76, 146, 75, -1, 1, 2.356194490192345, 1.4142135623730951
197, 113, 716, 283, 717, 286, -1, -3, -1.892546881191539, 3.1622776601683795
197, 114, 1261, 510, 1259, 506, 2, 4, 1.1071487177940904, 4.47213595499958
197, 115, 238, 311, 239, 311, -1, 0, 3.141592653589793, 1.0
197, 116, 1209, 232, 1208, 229, 1, 3, 1.2490457723982544, 3.1622776601683795
197, 117, 792, 370, 792, 371, 0, -1, -1.5707963267948966, 1.0
197, 118, 146, 116, 147, 115, -1, 1, 2.356194490192345, 1.4142135623730951
197, 119, 484, 295, 484, 299, 0, -4, -1.5707963267948966, 4.0
197, 120, 774, 31, 776, 31, -2, 0, 3.141592653589793, 2.0
197, 121, 24, 507, 21, 509, 3, -2, -0.5880026035475675, 3.605551275463989
197, 122, 853, 332, 854, 336, -1, -4, -1.8157749899217608, 4.123105625617661
197, 123, 813, 95, 812, 98, 1, -3, -1.2490457723982544, 3.1622776601683795
197, 124, 864, 246, 864, 250, 0, -4, -1.5707963267948966, 4.0
197, 125, 380, 661, 381, 661, -1, 0, 3.141592653589793, 1.0
197, 126, 686, 35, 687, 33, -1, 2, 2.0344439357957027, 2.23606797749979
197, 127, 1231, 108, 1229, 106, 2, 2, 0.7853981633974483, 2.8284271247461903
197, 128, 1230, 119, 1228, 117, 2, 2, 0.7853981633974483, 2.8284271247461903
197, 129, 66, 154, 68, 152, -2, 2, 2.356194490192345, 2.8284271247461903
197, 130, 712, 192, 712, 194, 0, -2, -1.5707963267948966, 2.0
198, 0, 857, 241, 858, 244, -1, -3, -1.892546881191539, 3.1622776601683795
198, 1, 1252, 454, 1251, 451, 1, 3, 1.2490457723982544, 3.1622776601683795
198, 2, 256, 373, 257, 373, -1, 0, 3.141592653589793, 1.0
198, 3, 361, 15, 358, 16, 3, -1, -0.3217505543966422, 3.1622776601683795
198, 4, 170, 92, 170, 92, 0, 0, 0.0, 0.0
198, 5, 1042, 87, 1043, 89, -1, -2, -2.0344439357957027, 2.23606797749979
198, 6, 470, 39, 470, 41, 0, -2, -1.5707963267948966, 2.0
198, 7, 845, 240, 846, 244, -1, -4, -1.8157749899217608, 4.123105625617661
198, 8, 275, 338, 276, 338, -1, 0, 3.141592653589793, 1.0
198, 9, 180, 676, 181, 672, -1, 4, 1.8157749899217608, 4.123105625617661
198, 10, 362, 571, 362, 567, 0, 4, 1.5707963267948966, 4.0
198, 11, 493, 303, 493, 308, 0, -5, -1.5707963267948966, 5.0
198, 12, 814, 311, 813, 307, 1, 4, 1.3258176636680326, 4.123105625617661
198, 13, 675, 441, 672, 438, 3, 3, 0.7853981633974483, 4.242640687119285
198, 14, 358, 58, 354, 59, 4, -1, -0.24497866312686414, 4.123105625617661
198, 15, 162, 684, 162, 680, 0, 4, 1.5707963267948966, 4.0
198, 16, 1050, 98, 1051, 100, -1, -2, -2.0344439357957027, 2.23606797749979
198, 17, 405, 611, 405, 614, 0, -3, -1.5707963267948966, 3.0
198, 18, 463, 353, 463, 358, 0, -5, -1.5707963267948966, 5.0
198, 19, 614, 159, 615, 158, -1, 1, 2.356194490192345, 1.4142135623730951
198, 20, 359, 24, 356, 25, 3, -1, -0.3217505543966422, 3.1622776601683795
198, 21, 1261, 445, 1275, 441, -14, 4, 2.8632929945846817, 14.560219778561036
198, 22, 842, 328, 843, 330, -1, -2, -2.0344439357957027, 2.23606797749979
198, 23, 58, 114, 59, 114, -1, 0, 3.141592653589793, 1.0
198, 24, 480, 302, 481, 307, -1, -5, -1.7681918866447774, 5.0990195135927845
198, 25, 806, 55, 806, 56, 0, -1, -1.5707963267948966, 1.0
198, 26, 35, 106, 36, 106, -1, 0, 3.141592653589793, 1.0
198, 27, 704, 249, 705, 253, -1, -4, -1.8157749899217608, 4.123105625617661
198, 28, 816, 77, 816, 79, 0, -2, -1.5707963267948966, 2.0
198, 29, 379, 75, 378, 75, 1, 0, 0.0, 1.0
198, 30, 1039, 98, 1040, 100, -1, -2, -2.0344439357957027, 2.23606797749979
198, 31, 799, 308, 798, 305, 1, 3, 1.2490457723982544, 3.1622776601683795
198, 32, 1053, 143, 1055, 144, -2, -1, -2.677945044588987, 2.23606797749979
198, 33, 298, 344, 298, 345, 0, -1, -1.5707963267948966, 1.0
198, 34, 662, 368, 661, 366, 1, 2, 1.1071487177940904, 2.23606797749979
198, 35, 37, 83, 38, 83, -1, 0, 3.141592653589793, 1.0
198, 36, 357, 48, 354, 49, 3, -1, -0.3217505543966422, 3.1622776601683795
198, 37, 332, 351, 333, 351, -1, 0, 3.141592653589793, 1.0
198, 38, 1208, 152, 1208, 152, 0, 0, 0.0, 0.0
198, 39, 1023, 129, 1025, 131, -2, -2, -2.356194490192345, 2.8284271247461903
198, 40, 1202, 246, 1202, 244, 0, 2, 1.5707963267948966, 2.0
198, 41, 293, 317, 294, 317, -1, 0, 3.141592653589793, 1.0
198, 42, 681, 373, 680, 371, 1, 2, 1.1071487177940904, 2.23606797749979
198, 43, 469, 124, 470, 126, -1, -2, -2.0344439357957027, 2.23606797749979
198, 44, 354, 75, 352, 75, 2, 0, 0.0, 2.0
198, 45, 756, 49, 757, 49, -1, 0, 3.141592653589793, 1.0
198, 46, 373, 44, 370, 44, 3, 0, 0.0, 3.0
198, 47, 484, 13, 484, 14, 0, -1, -1.5707963267948966, 1.0
198, 48, 654, 585, 655, 585, -1, 0, 3.141592653589793, 1.0
198, 49, 368, 57, 365, 58, 3, -1, -0.3217505543966422, 3.1622776601683795
198, 50, 290, 377, 290, 377, 0, 0, 0.0, 0.0
198, 51, 328, 365, 329, 365, -1, 0, 3.141592653589793, 1.0
198, 52, 533, 642, 533, 649, 0, -7, -1.5707963267948966, 7.0
198, 53, 699, 243, 700, 247, -1, -4, -1.8157749899217608, 4.123105625617661
198, 54, 852, 228, 853, 231, -1, -3, -1.892546881191539, 3.1622776601683795
198, 55, 735, 157, 736, 159, -1, -2, -2.0344439357957027, 2.23606797749979
198, 56, 829, 275, 830, 278, -1, -3, -1.892546881191539, 3.1622776601683795
198, 57, 263, 381, 264, 381, -1, 0, 3.141592653589793, 1.0
198, 58, 1257, 154, 1257, 153, 0, 1, 1.5707963267948966, 1.0
198, 59, 605, 19, 605, 20, 0, -1, -1.5707963267948966, 1.0
198, 60, 54, 532, 51, 530, 3, 2, 0.5880026035475675, 3.605551275463989
198, 61, 671, 515, 670, 512, 1, 3, 1.2490457723982544, 3.1622776601683795
198, 62, 668, 471, 668, 471, 0, 0, 0.0, 0.0
198, 63, 482, 34, 482, 36, 0, -2, -1.5707963267948966, 2.0
198, 64, 498, 359, 499, 364, -1, -5, -1.7681918866447774, 5.0990195135927845
198, 65, 1212, 198, 1212, 196, 0, 2, 1.5707963267948966, 2.0
198, 66, 613, 254, 614, 254, -1, 0, 3.141592653589793, 1.0
198, 67, 453, 374, 453, 378, 0, -4, -1.5707963267948966, 4.0
198, 68, 1256, 108, 1256, 108, 0, 0, 0.0, 0.0
198, 69, 373, 642, 372, 638, 1, 4, 1.3258176636680326, 4.123105625617661
198, 70, 502, 311, 502, 316, 0, -5, -1.5707963267948966, 5.0
198, 71, 564, 65, 565, 67, -1, -2, -2.0344439357957027, 2.23606797749979
198, 72, 25, 505, 22, 507, 3, -2, -0.5880026035475675, 3.605551275463989
198, 73, 1235, 484, 1235, 484, 0, 0, 0.0, 0.0
198, 74, 1216, 116, 1216, 115, 0, 1, 1.5707963267948966, 1.0
198, 75, 147, 117, 148, 115, -1, 2, 2.0344439357957027, 2.23606797749979
198, 76, 656, 442, 657, 440, -1, 2, 2.0344439357957027, 2.23606797749979
198, 77, 168, 120, 168, 120, 0, 0, 0.0, 0.0
198, 78, 470, 385, 471, 389, -1, -4, -1.8157749899217608, 4.123105625617661
198, 79, 462, 47, 462, 49, 0, -2, -1.5707963267948966, 2.0
198, 80, 494, 12, 494, 13, 0, -1, -1.5707963267948966, 1.0
198, 81, 556, 62, 557, 64, -1, -2, -2.0344439357957027, 2.23606797749979
198, 82, 519, 672, 519, 677, 0, -5, -1.5707963267948966, 5.0
198, 83, 640, 549, 640, 547, 0, 2, 1.5707963267948966, 2.0
198, 84, 303, 339, 303, 340, 0, -1, -1.5707963267948966, 1.0
198, 85, 789, 26, 790, 26, -1, 0, 3.141592653589793, 1.0
198, 86, 710, 241, 711, 245, -1, -4, -1.8157749899217608, 4.123105625617661
198, 87, 810, 303, 809, 299, 1, 4, 1.3258176636680326, 4.123105625617661
198, 88, 338, 478, 339, 475, -1, 3, 1.892546881191539, 3.1622776601683795
198, 89, 504, 352, 504, 357, 0, -5, -1.5707963267948966, 5.0
198, 90, 792, 371, 792, 371, 0, 0, 0.0, 0.0
198, 91, 146, 76, 147, 76, -1, 0, 3.141592653589793, 1.0
198, 92, 1216, 154, 1216, 154, 0, 0, 0.0, 0.0
198, 93, 271, 324, 272, 324, -1, 0, 3.141592653589793, 1.0
198, 94, 813, 13, 814, 13, -1, 0, 3.141592653589793, 1.0
198, 95, 1210, 233, 1210, 231, 0, 2, 1.5707963267948966, 2.0
198, 96, 83, 504, 82, 502, 1, 2, 1.1071487177940904, 2.23606797749979
198, 97, 1261, 398, 1261, 395, 0, 3, 1.5707963267948966, 3.0
198, 98, 1049, 88, 1050, 90, -1, -2, -2.0344439357957027, 2.23606797749979
198, 99, 676, 367, 675, 365, 1, 2, 1.1071487177940904, 2.23606797749979
198, 100, 487, 413, 489, 418, -2, -5, -1.9513027039072615, 5.385164807134504
198, 101, 66, 554, 63, 553, 3, 1, 0.3217505543966422, 3.1622776601683795
198, 102, 350, 437, 351, 434, -1, 3, 1.892546881191539, 3.1622776601683795
198, 103, 278, 308, 279, 308, -1, 0, 3.141592653589793, 1.0
198, 104, 64, 154, 65, 154, -1, 0, 3.141592653589793, 1.0
198, 105, 152, 50, 153, 50, -1, 0, 3.141592653589793, 1.0
198, 106, 778, 21, 780, 21, -2, 0, 3.141592653589793, 2.0
198, 107, 515, 697, 515, 702, 0, -5, -1.5707963267948966, 5.0
198, 108, 649, 401, 648, 399, 1, 2, 1.1071487177940904, 2.23606797749979
198, 109, 811, 22, 812, 22, -1, 0, 3.141592653589793, 1.0
198, 110, 1049, 131, 1051, 133, -2, -2, -2.356194490192345, 2.8284271247461903
198, 111, 1261, 389, 1266, 386, -5, 3, 2.601173153319209, 5.830951894845301
198, 112, 473, 47, 473, 49, 0, -2, -1.5707963267948966, 2.0
198, 113, 54, 155, 55, 155, -1, 0, 3.141592653589793, 1.0
198, 114, 745, 173, 746, 176, -1, -3, -1.892546881191539, 3.1622776601683795
198, 115, 365, 546, 366, 543, -1, 3, 1.892546881191539, 3.1622776601683795
198, 116, 664, 358, 663, 356, 1, 2, 1.1071487177940904, 2.23606797749979
198, 117, 378, 570, 379, 566, -1, 4, 1.8157749899217608, 4.123105625617661
198, 118, 1234, 190, 1235, 190, -1, 0, 3.141592653589793, 1.0
198, 119, 274, 348, 275, 348, -1, 0, 3.141592653589793, 1.0
198, 120, 483, 292, 484, 297, -1, -5, -1.7681918866447774, 5.0990195135927845
198, 121, 1190, 301, 1190, 300, 0, 1, 1.5707963267948966, 1.0
198, 122, 379, 475, 380, 471, -1, 4, 1.8157749899217608, 4.123105625617661
198, 123, 145, 101, 145, 100, 0, 1, 1.5707963267948966, 1.0
198, 124, 1200, 182, 1199, 180, 1, 2, 1.1071487177940904, 2.23606797749979
198, 125, 819, 346, 818, 343, 1, 3, 1.2490457723982544, 3.1622776601683795
198, 126, 813, 97, 813, 99, 0, -2, -1.5707963267948966, 2.0
198, 127, 671, 357, 670, 355, 1, 2, 1.1071487177940904, 2.23606797749979
198, 128, 863, 247, 864, 250, -1, -3, -1.892546881191539, 3.1622776601683795
198, 129, 511, 362, 511, 367, 0, -5, -1.5707963267948966, 5.0
198, 130, 709, 229, 710, 233, -1, -4, -1.8157749899217608, 4.123105625617661
198, 131, 492, 79, 493, 81, -1, -2, -2.0344439357957027, 2.23606797749979
198, 132, 400, 604, 400, 607, 0, -3, -1.5707963267948966, 3.0
198, 133, 264, 324, 264, 324, 0, 0, 0.0, 0.0
198, 134, 783, 39, 785, 39, -2, 0, 3.141592653589793, 2.0
198, 135, 623, 236, 624, 236, -1, 0, 3.141592653589793, 1.0
198, 136, 625, 25, 626, 25, -1, 0, 3.141592653589793, 1.0
198, 137, 334, 472, 335, 469, -1, 3, 1.892546881191539, 3.1622776601683795
198, 138, 1071, 21, 1069, 21, 2, 0, 0.0, 2.0
198, 139, 317, 406, 317, 407, 0, -1, -1.5707963267948966, 1.0
199, 0, 856, 238, 857, 241, -1, -3, -1.892546881191539, 3.1622776601683795
199, 1, 1254, 457, 1252, 454, 2, 3, 0.982793723247329, 3.605551275463989
199, 2, 364, 14, 361, 15, 3, -1, -0.3217505543966422, 3.1622776601683795
199, 3, 170, 92, 170, 92, 0, 0, 0.0, 0.0
199, 4, 1041, 85, 1042, 87, -1, -2, -2.0344439357957027, 2.23606797749979
199, 5, 470, 37, 470, 39, 0, -2, -1.5707963267948966, 2.0
199, 6, 844, 237, 845, 240, -1, -3, -1.892546881191539, 3.1622776601683795
199, 7, 179, 679, 180, 676, -1, 3, 1.892546881191539, 3.1622776601683795
199, 8, 362, 574, 362, 571, 0, 3, 1.5707963267948966, 3.0
199, 9, 492, 298, 493, 303, -1, -5, -1.7681918866447774, 5.0990195135927845
199, 10, 815, 315, 814, 311, 1, 4, 1.3258176636680326, 4.123105625617661
199, 11, 677, 444, 675, 441, 2, 3, 0.982793723247329, 3.605551275463989
199, 12, 362, 58, 358, 58, 4, 0, 0.0, 4.0
199, 13, 162, 688, 162, 684, 0, 4, 1.5707963267948966, 4.0
199, 14, 1049, 96, 1050, 98, -1, -2, -2.0344439357957027, 2.23606797749979
199, 15, 405, 610, 405, 611, 0, -1, -1.5707963267948966, 1.0
199, 16, 463, 349, 463, 353, 0, -4, -1.5707963267948966, 4.0
199, 17, 613, 160, 614, 159, -1, 1, 2.356194490192345, 1.4142135623730951
199, 18, 363, 23, 359, 24, 4, -1, -0.24497866312686414, 4.123105625617661
199, 19, 1260, 448, 1261, 445, -1, 3, 1.892546881191539, 3.1622776601683795
199, 20, 57, 114, 58, 114, -1, 0, 3.141592653589793, 1.0
199, 21, 479, 297, 480, 302, -1, -5, -1.7681918866447774, 5.0990195135927845
199, 22, 806, 53, 806, 55, 0, -2, -1.5707963267948966, 2.0
199, 23, 34, 106, 35, 106, -1, 0, 3.141592653589793, 1.0
199, 24, 703, 246, 704, 249, -1, -3, -1.892546881191539, 3.1622776601683795
199, 25, 816, 74, 816, 77, 0, -3, -1.5707963267948966, 3.0
199, 26, 379, 74, 379, 75, 0, -1, -1.5707963267948966, 1.0
199, 27, 1038, 95, 1039, 98, -1, -3, -1.892546881191539, 3.1622776601683795
199, 28, 800, 311, 799, 308, 1, 3, 1.2490457723982544, 3.1622776601683795
199, 29, 1051, 142, 1053, 143, -2, -1, -2.677945044588987, 2.23606797749979
199, 30, 298, 343, 298, 344, 0, -1, -1.5707963267948966, 1.0
199, 31, 663, 370, 662, 368, 1, 2, 1.1071487177940904, 2.23606797749979
199, 32, 36, 83, 37, 83, -1, 0, 3.141592653589793, 1.0
199, 33, 360, 47, 357, 48, 3, -1, -0.3217505543966422, 3.1622776601683795
199, 34, 331, 351, 332, 351, -1, 0, 3.141592653589793, 1.0
199, 35, 1208, 152, 1208, 152, 0, 0, 0.0, 0.0
199, 36, 1022, 127, 1023, 129, -1, -2, -2.0344439357957027, 2.23606797749979
199, 37, 1203, 247, 1202, 246, 1, 1, 0.7853981633974483, 1.4142135623730951
199, 38, 293, 317, 293, 317, 0, 0, 0.0, 0.0
199, 39, 681, 375, 681, 373, 0, 2, 1.5707963267948966, 2.0
199, 40, 468, 122, 469, 124, -1, -2, -2.0344439357957027, 2.23606797749979
199, 41, 357, 75, 354, 75, 3, 0, 0.0, 3.0
199, 42, 755, 49, 756, 49, -1, 0, 3.141592653589793, 1.0
199, 43, 376, 45, 373, 44, 3, 1, 0.3217505543966422, 3.1622776601683795
199, 44, 484, 12, 484, 13, 0, -1, -1.5707963267948966, 1.0
199, 45, 371, 57, 368, 57, 3, 0, 0.0, 3.0
199, 46, 290, 376, 290, 377, 0, -1, -1.5707963267948966, 1.0
199, 47, 327, 365, 328, 365, -1, 0, 3.141592653589793, 1.0
199, 48, 533, 635, 533, 642, 0, -7, -1.5707963267948966, 7.0
199, 49, 698, 240, 699, 243, -1, -3, -1.892546881191539, 3.1622776601683795
199, 50, 851, 225, 852, 228, -1, -3, -1.892546881191539, 3.1622776601683795
199, 51, 734, 154, 735, 157, -1, -3, -1.892546881191539, 3.1622776601683795
199, 52, 827, 272, 829, 275, -2, -3, -2.158798930342464, 3.605551275463989
199, 53, 1257, 154, 1257, 154, 0, 0, 0.0, 0.0
199, 54, 57, 535, 54, 532, 3, 3, 0.7853981633974483, 4.242640687119285
199, 55, 671, 519, 671, 515, 0, 4, 1.5707963267948966, 4.0
199, 56, 482, 32, 482, 34, 0, -2, -1.5707963267948966, 2.0
199, 57, 497, 354, 498, 359, -1, -5, -1.7681918866447774, 5.0990195135927845
199, 58, 1212, 200, 1212, 198, 0, 2, 1.5707963267948966, 2.0
199, 59, 454, 370, 453, 374, 1, -4, -1.3258176636680326, 4.123105625617661
199, 60, 1256, 108, 1256, 108, 0, 0, 0.0, 0.0
199, 61, 374, 646, 373, 642, 1, 4, 1.3258176636680326, 4.123105625617661
199, 62, 501, 306, 502, 311, -1, -5, -1.7681918866447774, 5.0990195135927845
199, 63, 563, 63, 564, 65, -1, -2, -2.0344439357957027, 2.23606797749979
199, 64, 28, 504, 25, 505, 3, -1, -0.3217505543966422, 3.1622776601683795
199, 65, 1235, 484, 1235, 484, 0, 0, 0.0, 0.0
199, 66, 1216, 117, 1216, 116, 0, 1, 1.5707963267948966, 1.0
199, 67, 147, 119, 147, 117, 0, 2, 1.5707963267948966, 2.0
199, 68, 656, 444, 656, 442, 0, 2, 1.5707963267948966, 2.0
199, 69, 168, 121, 168, 120, 0, 1, 1.5707963267948966, 1.0
199, 70, 469, 380, 470, 385, -1, -5, -1.7681918866447774, 5.0990195135927845
199, 71, 462, 45, 462, 47, 0, -2, -1.5707963267948966, 2.0
199, 72, 494, 11, 494, 12, 0, -1, -1.5707963267948966, 1.0
199, 73, 555, 60, 556, 62, -1, -2, -2.0344439357957027, 2.23606797749979
199, 74, 519, 667, 519, 672, 0, -5, -1.5707963267948966, 5.0
199, 75, 640, 554, 640, 549, 0, 5, 1.5707963267948966, 5.0
199, 76, 303, 339, 303, 339, 0, 0, 0.0, 0.0
199, 77, 788, 26, 789, 26, -1, 0, 3.141592653589793, 1.0
199, 78, 709, 237, 710, 241, -1, -4, -1.8157749899217608, 4.123105625617661
199, 79, 811, 306, 810, 303, 1, 3, 1.2490457723982544, 3.1622776601683795
199, 80, 337, 481, 338, 478, -1, 3, 1.892546881191539, 3.1622776601683795
199, 81, 504, 346, 504, 352, 0, -6, -1.5707963267948966, 6.0
199, 82, 145, 76, 146, 76, -1, 0, 3.141592653589793, 1.0
199, 83, 1216, 154, 1216, 154, 0, 0, 0.0, 0.0
199, 84, 1211, 234, 1210, 233, 1, 1, 0.7853981633974483, 1.4142135623730951
199, 85, 84, 506, 83, 504, 1, 2, 1.1071487177940904, 2.23606797749979
199, 86, 1261, 401, 1261, 398, 0, 3, 1.5707963267948966, 3.0
199, 87, 1048, 86, 1049, 88, -1, -2, -2.0344439357957027, 2.23606797749979
199, 88, 677, 369, 676, 367, 1, 2, 1.1071487177940904, 2.23606797749979
199, 89, 485, 406, 487, 413, -2, -7, -1.849095985800008, 7.280109889280518
199, 90, 69, 555, 66, 554, 3, 1, 0.3217505543966422, 3.1622776601683795
199, 91, 349, 441, 350, 437, -1, 4, 1.8157749899217608, 4.123105625617661
199, 92, 277, 308, 278, 308, -1, 0, 3.141592653589793, 1.0
199, 93, 63, 154, 64, 154, -1, 0, 3.141592653589793, 1.0
199, 94, 151, 50, 152, 50, -1, 0, 3.141592653589793, 1.0
199, 95, 777, 21, 778, 21, -1, 0, 3.141592653589793, 1.0
199, 96, 515, 692, 515, 697, 0, -5, -1.5707963267948966, 5.0
199, 97, 649, 403, 649, 401, 0, 2, 1.5707963267948966, 2.0
199, 98, 1048, 129, 1049, 131, -1, -2, -2.0344439357957027, 2.23606797749979
199, 99, 1261, 391, 1261, 389, 0, 2, 1.5707963267948966, 2.0
199, 100, 473, 44, 473, 47, 0, -3, -1.5707963267948966, 3.0
199, 101, 53, 155, 54, 155, -1, 0, 3.141592653589793, 1.0
199, 102, 744, 170, 745, 173, -1, -3, -1.892546881191539, 3.1622776601683795
199, 103, 364, 547, 365, 546, -1, 1, 2.356194490192345, 1.4142135623730951
199, 104, 665, 360, 664, 358, 1, 2, 1.1071487177940904, 2.23606797749979
199, 105, 378, 573, 378, 570, 0, 3, 1.5707963267948966, 3.0
199, 106, 1234, 189, 1234, 190, 0, -1, -1.5707963267948966, 1.0
199, 107, 482, 287, 483, 292, -1, -5, -1.7681918866447774, 5.0990195135927845
199, 108, 1189, 301, 1190, 301, -1, 0, 3.141592653589793, 1.0
199, 109, 378, 478, 379, 475, -1, 3, 1.892546881191539, 3.1622776601683795
199, 110, 145, 102, 145, 101, 0, 1, 1.5707963267948966, 1.0
199, 111, 1201, 183, 1200, 182, 1, 1, 0.7853981633974483, 1.4142135623730951
199, 112, 819, 349, 819, 346, 0, 3, 1.5707963267948966, 3.0
199, 113, 813, 95, 813, 97, 0, -2, -1.5707963267948966, 2.0
199, 114, 672, 359, 671, 357, 1, 2, 1.1071487177940904, 2.23606797749979
199, 115, 862, 244, 863, 247, -1, -3, -1.892546881191539, 3.1622776601683795
199, 116, 511, 356, 511, 362, 0, -6, -1.5707963267948966, 6.0
199, 117, 708, 225, 709, 229, -1, -4, -1.8157749899217608, 4.123105625617661
199, 118, 491, 77, 492, 79, -1, -2, -2.0344439357957027, 2.23606797749979
199, 119, 400, 603, 400, 604, 0, -1, -1.5707963267948966, 1.0
199, 120, 264, 324, 264, 324, 0, 0, 0.0, 0.0
199, 121, 782, 39, 783, 39, -1, 0, 3.141592653589793, 1.0
199, 122, 622, 236, 623, 236, -1, 0, 3.141592653589793, 1.0
199, 123, 625, 25, 625, 25, 0, 0, 0.0, 0.0
199, 124, 333, 475, 334, 472, -1, 3, 1.892546881191539, 3.1622776601683795
199, 125, 1073, 21, 1071, 21, 2, 0, 0.0, 2.0
200, 0, 250, 339, 251, 339, -1, 0, 3.141592653589793, 1.0
200, 1, 857, 238, 858, 241, -1, -3, -1.892546881191539, 3.1622776601683795
200, 2, 829, 263, 830, 267, -1, -4, -1.8157749899217608, 4.123105625617661
200, 3, 492, 298, 493, 303, -1, -5, -1.7681918866447774, 5.0990195135927845
200, 4, 365, 14, 362, 15, 3, -1, -0.3217505543966422, 3.1622776601683795
200, 5, 1041, 84, 1042, 87, -1, -3, -1.892546881191539, 3.1622776601683795
200, 6, 181, 682, 182, 679, -1, 3, 1.892546881191539, 3.1622776601683795
200, 7, 162, 691, 162, 687, 0, 4, 1.5707963267948966, 4.0
200, 8, 170, 93, 170, 93, 0, 0, 0.0, 0.0
200, 9, 362, 576, 362, 573, 0, 3, 1.5707963267948966, 3.0
200, 10, 363, 59, 359, 59, 4, 0, 0.0, 4.0
200, 11, 1256, 461, 1254, 458, 2, 3, 0.982793723247329, 3.605551275463989
200, 12, 364, 546, 365, 546, -1, 0, 3.141592653589793, 1.0
200, 13, 379, 76, 379, 76, 0, 0, 0.0, 0.0
200, 14, 818, 74, 817, 77, 1, -3, -1.2490457723982544, 3.1622776601683795
200, 15, 471, 35, 471, 38, 0, -3, -1.5707963267948966, 3.0
200, 16, 464, 350, 464, 354, 0, -4, -1.5707963267948966, 4.0
200, 17, 305, 324, 305, 325, 0, -1, -1.5707963267948966, 1.0
200, 18, 1261, 452, 1278, 447, -17, 5, 2.8555412118724752, 17.72004514666935
200, 19, 816, 315, 815, 312, 1, 3, 1.2490457723982544, 3.1622776601683795
200, 20, 844, 239, 845, 242, -1, -3, -1.892546881191539, 3.1622776601683795
200, 21, 406, 612, 406, 611, 0, 1, 1.5707963267948966, 1.0
200, 22, 615, 161, 615, 160, 0, 1, 1.5707963267948966, 1.0
200, 23, 663, 371, 662, 368, 1, 3, 1.2490457723982544, 3.1622776601683795
200, 24, 363, 22, 360, 24, 3, -2, -0.5880026035475675, 3.605551275463989
200, 25, 1049, 95, 1050, 98, -1, -3, -1.892546881191539, 3.1622776601683795
200, 26, 479, 298, 480, 302, -1, -4, -1.8157749899217608, 4.123105625617661
200, 27, 843, 329, 843, 330, 0, -1, -1.5707963267948966, 1.0
200, 28, 35, 107, 36, 107, -1, 0, 3.141592653589793, 1.0
200, 29, 358, 73, 355, 73, 3, 0, 0.0, 3.0
200, 30, 57, 114, 58, 114, -1, 0, 3.141592653589793, 1.0
200, 31, 332, 351, 333, 351, -1, 0, 3.141592653589793, 1.0
200, 32, 852, 226, 853, 229, -1, -3, -1.892546881191539, 3.1622776601683795
200, 33, 485, 11, 485, 13, 0, -2, -1.5707963267948966, 2.0
200, 34, 679, 447, 677, 444, 2, 3, 0.982793723247329, 3.605551275463989
200, 35, 704, 247, 705, 250, -1, -3, -1.892546881191539, 3.1622776601683795
200, 36, 627, 538, 627, 536, 0, 2, 1.5707963267948966, 2.0
200, 37, 682, 376, 681, 373, 1, 3, 1.2490457723982544, 3.1622776601683795
200, 38, 1038, 95, 1039, 98, -1, -3, -1.892546881191539, 3.1622776601683795
200, 39, 1033, 176, 1034, 178, -1, -2, -2.0344439357957027, 2.23606797749979
200, 40, 36, 83, 37, 83, -1, 0, 3.141592653589793, 1.0
200, 41, 806, 53, 806, 55, 0, -2, -1.5707963267948966, 2.0
200, 42, 755, 49, 756, 49, -1, 0, 3.141592653589793, 1.0
200, 43, 299, 344, 299, 345, 0, -1, -1.5707963267948966, 1.0
200, 44, 328, 365, 329, 365, -1, 0, 3.141592653589793, 1.0
200, 45, 354, 506, 355, 502, -1, 4, 1.8157749899217608, 4.123105625617661
200, 46, 534, 636, 534, 643, 0, -7, -1.5707963267948966, 7.0
200, 47, 657, 444, 657, 442, 0, 2, 1.5707963267948966, 2.0
200, 48, 294, 317, 294, 317, 0, 0, 0.0, 0.0
200, 49, 375, 646, 374, 642, 1, 4, 1.3258176636680326, 4.123105625617661
200, 50, 455, 367, 454, 372, 1, -5, -1.373400766945016, 5.0990195135927845
200, 51, 1022, 127, 1023, 129, -1, -2, -2.0344439357957027, 2.23606797749979
200, 52, 371, 60, 369, 59, 2, 1, 0.4636476090008061, 2.23606797749979
200, 53, 829, 277, 831, 279, -2, -2, -2.356194490192345, 2.8284271247461903
200, 54, 737, 158, 738, 161, -1, -3, -1.892546881191539, 3.1622776601683795
200, 55, 1257, 153, 1257, 153, 0, 0, 0.0, 0.0
200, 56, 1208, 154, 1208, 153, 0, 1, 1.5707963267948966, 1.0
200, 57, 801, 313, 799, 310, 2, 3, 0.982793723247329, 3.605551275463989
200, 58, 1206, 247, 1205, 246, 1, 1, 0.7853981633974483, 1.4142135623730951
200, 59, 564, 65, 565, 67, -1, -2, -2.0344439357957027, 2.23606797749979
200, 60, 789, 27, 790, 27, -1, 0, 3.141592653589793, 1.0
200, 61, 379, 47, 377, 46, 2, 1, 0.4636476090008061, 2.23606797749979
200, 62, 1051, 140, 1053, 142, -2, -2, -2.356194490192345, 2.8284271247461903
200, 63, 702, 314, 703, 316, -1, -2, -2.0344439357957027, 2.23606797749979
200, 64, 397, 603, 398, 603, -1, 0, 3.141592653589793, 1.0
200, 65, 699, 242, 700, 245, -1, -3, -1.892546881191539, 3.1622776601683795
200, 66, 468, 123, 469, 125, -1, -2, -2.0344439357957027, 2.23606797749979
200, 67, 713, 265, 714, 269, -1, -4, -1.8157749899217608, 4.123105625617661
200, 68, 1214, 199, 1213, 198, 1, 1, 0.7853981633974483, 1.4142135623730951
200, 69, 257, 333, 258, 333, -1, 0, 3.141592653589793, 1.0
200, 70, 59, 538, 56, 536, 3, 2, 0.5880026035475675, 3.605551275463989
200, 71, 1247, 466, 1246, 463, 1, 3, 1.2490457723982544, 3.1622776601683795
200, 72, 641, 559, 641, 554, 0, 5, 1.5707963267948966, 5.0
200, 73, 491, 78, 492, 80, -1, -2, -2.0344439357957027, 2.23606797749979
200, 74, 500, 306, 501, 311, -1, -5, -1.7681918866447774, 5.0990195135927845
200, 75, 482, 33, 482, 35, 0, -2, -1.5707963267948966, 2.0
200, 76, 778, 21, 779, 21, -1, 0, 3.141592653589793, 1.0
200, 77, 668, 472, 668, 471, 0, 1, 1.5707963267948966, 1.0
200, 78, 471, 378, 471, 383, 0, -5, -1.5707963267948966, 5.0
200, 79, 499, 352, 499, 356, 0, -4, -1.5707963267948966, 4.0
200, 80, 30, 504, 26, 504, 4, 0, 0.0, 4.0
200, 81, 1235, 484, 1235, 484, 0, 0, 0.0, 0.0
200, 82, 709, 238, 710, 241, -1, -3, -1.892546881191539, 3.1622776601683795
200, 83, 1261, 404, 1264, 402, -3, 2, 2.5535900500422257, 3.605551275463989
200, 84, 1256, 109, 1256, 109, 0, 0, 0.0, 0.0
200, 85, 1216, 117, 1216, 116, 0, 1, 1.5707963267948966, 1.0
200, 86, 463, 44, 463, 47, 0, -3, -1.5707963267948966, 3.0
200, 87, 495, 11, 495, 12, 0, -1, -1.5707963267948966, 1.0
200, 88, 147, 118, 148, 116, -1, 2, 2.0344439357957027, 2.23606797749979
200, 89, 800, 358, 800, 356, 0, 2, 1.5707963267948966, 2.0
200, 90, 678, 370, 677, 367, 1, 3, 1.2490457723982544, 3.1622776601683795
200, 91, 729, 237, 729, 239, 0, -2, -1.5707963267948966, 2.0
200, 92, 1233, 167, 1233, 168, 0, -1, -1.5707963267948966, 1.0
200, 93, 520, 665, 520, 670, 0, -5, -1.5707963267948966, 5.0
200, 94, 144, 102, 145, 101, -1, 1, 2.356194490192345, 1.4142135623730951
200, 95, 146, 77, 147, 77, -1, 0, 3.141592653589793, 1.0
200, 96, 1212, 235, 1211, 234, 1, 1, 0.7853981633974483, 1.4142135623730951
200, 97, 1175, 279, 1175, 279, 0, 0, 0.0, 0.0
200, 98, 813, 307, 811, 304, 2, 3, 0.982793723247329, 3.605551275463989
200, 99, 806, 307, 804, 304, 2, 3, 0.982793723247329, 3.605551275463989
200, 100, 1204, 186, 1203, 185, 1, 1, 0.7853981633974483, 1.4142135623730951
200, 101, 474, 44, 474, 47, 0, -3, -1.5707963267948966, 3.0
200, 102, 665, 361, 664, 358, 1, 3, 1.2490457723982544, 3.1622776601683795
200, 103, 1049, 128, 1050, 131, -1, -3, -1.892546881191539, 3.1622776601683795
200, 104, 48, 140, 49, 140, -1, 0, 3.141592653589793, 1.0
200, 105, 152, 51, 153, 51, -1, 0, 3.141592653589793, 1.0
200, 106, 672, 361, 671, 358, 1, 3, 1.2490457723982544, 3.1622776601683795
200, 107, 649, 404, 649, 401, 0, 3, 1.5707963267948966, 3.0
200, 108, 792, 371, 792, 371, 0, 0, 0.0, 0.0
200, 109, 300, 385, 300, 385, 0, 0, 0.0, 0.0
200, 110, 483, 287, 484, 292, -1, -5, -1.7681918866447774, 5.0990195135927845
200, 111, 821, 351, 820, 347, 1, 4, 1.3258176636680326, 4.123105625617661
200, 112, 674, 527, 673, 523, 1, 4, 1.3258176636680326, 4.123105625617661
200, 113, 278, 308, 279, 308, -1, 0, 3.141592653589793, 1.0
200, 114, 647, 542, 647, 539, 0, 3, 1.5707963267948966, 3.0
200, 115, 863, 244, 864, 247, -1, -3, -1.892546881191539, 3.1622776601683795
200, 116, 556, 59, 557, 61, -1, -2, -2.0344439357957027, 2.23606797749979
200, 117, 477, 111, 477, 112, 0, -1, -1.5707963267948966, 1.0
200, 118, 814, 95, 814, 97, 0, -2, -1.5707963267948966, 2.0
200, 119, 362, 44, 359, 45, 3, -1, -0.3217505543966422, 3.1622776601683795
200, 120, 487, 404, 488, 411, -1, -7, -1.7126933813990606, 7.0710678118654755
200, 121, 379, 574, 380, 571, -1, 3, 1.892546881191539, 3.1622776601683795
200, 122, 78, 562, 75, 561, 3, 1, 0.3217505543966422, 3.1622776601683795
200, 123, 1235, 190, 1235, 190, 0, 0, 0.0, 0.0
200, 124, 798, 91, 798, 94, 0, -3, -1.5707963267948966, 3.0
200, 125, 1216, 156, 1216, 155, 0, 1, 1.5707963267948966, 1.0
200, 126, 167, 122, 167, 121, 0, 1, 1.5707963267948966, 1.0
200, 127, 516, 689, 516, 694, 0, -5, -1.5707963267948966, 5.0
200, 128, 238, 311, 239, 311, -1, 0, 3.141592653589793, 1.0
200, 129, 511, 355, 511, 360, 0, -5, -1.5707963267948966, 5.0
200, 130, 377, 478, 378, 475, -1, 3, 1.892546881191539, 3.1622776601683795
200, 131, 264, 324, 264, 324, 0, 0, 0.0, 0.0
200, 132, 469, 306, 470, 310, -1, -4, -1.8157749899217608, 4.123105625617661
200, 133, 699, 227, 700, 230, -1, -3, -1.892546881191539, 3.1622776601683795
200, 134, 1049, 85, 1050, 88, -1, -3, -1.892546881191539, 3.1622776601683795
200, 135, 744, 171, 745, 174, -1, -3, -1.892546881191539, 3.1622776601683795
200, 136, 1215, 209, 1214, 208, 1, 1, 0.7853981633974483, 1.4142135623730951
200, 137, 324, 340, 325, 340, -1, 0, 3.141592653589793, 1.0
200, 138, 524, 659, 524, 664, 0, -5, -1.5707963267948966, 5.0
200, 139, 695, 308, 696, 310, -1, -2, -2.0344439357957027, 2.23606797749979
200, 140, 847, 314, 848, 318, -1, -4, -1.8157749899217608, 4.123105625617661
200, 141, 1210, 178, 1209, 178, 1, 0, 0.0, 1.0
200, 142, 635, 67, 636, 67, -1, 0, 3.141592653589793, 1.0
200, 143, 708, 227, 709, 230, -1, -3, -1.892546881191539, 3.1622776601683795
200, 144, 76, 514, 75, 511, 1, 3, 1.2490457723982544, 3.1622776601683795
200, 145, 297, 355, 297, 356, 0, -1, -1.5707963267948966, 1.0
200, 146, 54, 155, 55, 155, -1, 0, 3.141592653589793, 1.0
200, 147, 460, 373, 459, 377, 1, -4, -1.3258176636680326, 4.123105625617661
200, 148, 712, 188, 713, 191, -1, -3, -1.892546881191539, 3.1622776601683795
200, 149, 82, 489, 81, 486, 1, 3, 1.2490457723982544, 3.1622776601683795
200, 150, 857, 284, 858, 287, -1, -3, -1.892546881191539, 3.1622776601683795
200, 151, 1261, 395, 1269, 392, -8, 3, 2.782821983319221, 8.54400374531753
201, 0, 249, 339, 250, 339, -1, 0, 3.141592653589793, 1.0
201, 1, 856, 235, 857, 238, -1, -3, -1.892546881191539, 3.1622776601683795
201, 2, 828, 258, 829, 263, -1, -5, -1.7681918866447774, 5.0990195135927845
201, 3, 491, 293, 492, 298, -1, -5, -1.7681918866447774, 5.0990195135927845
201, 4, 368, 13, 365, 14, 3, -1, -0.3217505543966422, 3.1622776601683795
201, 5, 1040, 81, 1041, 84, -1, -3, -1.892546881191539, 3.1622776601683795
201, 6, 181, 686, 181, 682, 0, 4, 1.5707963267948966, 4.0
201, 7, 162, 695, 162, 691, 0, 4, 1.5707963267948966, 4.0
201, 8, 170, 94, 170, 93, 0, 1, 1.5707963267948966, 1.0
201, 9, 362, 579, 362, 576, 0, 3, 1.5707963267948966, 3.0
201, 10, 366, 59, 363, 59, 3, 0, 0.0, 3.0
201, 11, 1258, 464, 1256, 461, 2, 3, 0.982793723247329, 3.605551275463989
201, 12, 363, 546, 364, 546, -1, 0, 3.141592653589793, 1.0
201, 13, 379, 76, 379, 76, 0, 0, 0.0, 0.0
201, 14, 818, 71, 818, 74, 0, -3, -1.5707963267948966, 3.0
201, 15, 471, 32, 471, 35, 0, -3, -1.5707963267948966, 3.0
201, 16, 464, 345, 464, 350, 0, -5, -1.5707963267948966, 5.0
201, 17, 305, 323, 305, 324, 0, -1, -1.5707963267948966, 1.0
201, 18, 1260, 454, 1261, 452, -1, 2, 2.0344439357957027, 2.23606797749979
201, 19, 818, 318, 816, 315, 2, 3, 0.982793723247329, 3.605551275463989
201, 20, 843, 236, 844, 239, -1, -3, -1.892546881191539, 3.1622776601683795
201, 21, 406, 614, 406, 612, 0, 2, 1.5707963267948966, 2.0
201, 22, 614, 162, 615, 161, -1, 1, 2.356194490192345, 1.4142135623730951
201, 23, 664, 374, 663, 371, 1, 3, 1.2490457723982544, 3.1622776601683795
201, 24, 366, 21, 363, 22, 3, -1, -0.3217505543966422, 3.1622776601683795
201, 25, 1048, 92, 1049, 95, -1, -3, -1.892546881191539, 3.1622776601683795
201, 26, 478, 294, 479, 298, -1, -4, -1.8157749899217608, 4.123105625617661
201, 27, 362, 72, 358, 73, 4, -1, -0.24497866312686414, 4.123105625617661
201, 28, 56, 114, 57, 114, -1, 0, 3.141592653589793, 1.0
201, 29, 331, 351, 332, 351, -1, 0, 3.141592653589793, 1.0
201, 30, 851, 223, 852, 226, -1, -3, -1.892546881191539, 3.1622776601683795
201, 31, 485, 9, 485, 11, 0, -2, -1.5707963267948966, 2.0
201, 32, 680, 451, 679, 447, 1, 4, 1.3258176636680326, 4.123105625617661
201, 33, 703, 245, 704, 247, -1, -2, -2.0344439357957027, 2.23606797749979
201, 34, 627, 539, 627, 538, 0, 1, 1.5707963267948966, 1.0
201, 35, 683, 379, 682, 376, 1, 3, 1.2490457723982544, 3.1622776601683795
201, 36, 1037, 91, 1038, 95, -1, -4, -1.8157749899217608, 4.123105625617661
201, 37, 1032, 174, 1033, 176, -1, -2, -2.0344439357957027, 2.23606797749979
201, 38, 35, 83, 36, 83, -1, 0, 3.141592653589793, 1.0
201, 39, 806, 50, 806, 53, 0, -3, -1.5707963267948966, 3.0
201, 40, 754, 49, 755, 49, -1, 0, 3.141592653589793, 1.0
201, 41, 299, 344, 299, 344, 0, 0, 0.0, 0.0
201, 42, 327, 365, 328, 365, -1, 0, 3.141592653589793, 1.0
201, 43, 353, 509, 354, 506, -1, 3, 1.892546881191539, 3.1622776601683795
201, 44, 534, 629, 534, 636, 0, -7, -1.5707963267948966, 7.0
201, 45, 657, 446, 657, 444, 0, 2, 1.5707963267948966, 2.0
201, 46, 294, 316, 294, 317, 0, -1, -1.5707963267948966, 1.0
201, 47, 374, 649, 375, 646, -1, 3, 1.892546881191539, 3.1622776601683795
201, 48, 456, 362, 455, 367, 1, -5, -1.373400766945016, 5.0990195135927845
201, 49, 1020, 125, 1022, 127, -2, -2, -2.356194490192345, 2.8284271247461903
201, 50, 372, 62, 371, 60, 1, 2, 1.1071487177940904, 2.23606797749979
201, 51, 827, 274, 829, 277, -2, -3, -2.158798930342464, 3.605551275463989
201, 52, 736, 154, 737, 158, -1, -4, -1.8157749899217608, 4.123105625617661
201, 53, 1257, 153, 1257, 153, 0, 0, 0.0, 0.0
201, 54, 1208, 155, 1208, 154, 0, 1, 1.5707963267948966, 1.0
201, 55, 803, 316, 801, 313, 2, 3, 0.982793723247329, 3.605551275463989
201, 56, 1207, 248, 1206, 247, 1, 1, 0.7853981633974483, 1.4142135623730951
201, 57, 564, 63, 564, 65, 0, -2, -1.5707963267948966, 2.0
201, 58, 788, 27, 789, 27, -1, 0, 3.141592653589793, 1.0
201, 59, 381, 48, 379, 47, 2, 1, 0.4636476090008061, 2.23606797749979
201, 60, 1049, 138, 1051, 140, -2, -2, -2.356194490192345, 2.8284271247461903
201, 61, 702, 312, 702, 314, 0, -2, -1.5707963267948966, 2.0
201, 62, 397, 605, 397, 603, 0, 2, 1.5707963267948966, 2.0
201, 63, 698, 239, 699, 242, -1, -3, -1.892546881191539, 3.1622776601683795
201, 64, 467, 121, 468, 123, -1, -2, -2.0344439357957027, 2.23606797749979
201, 65, 712, 262, 713, 265, -1, -3, -1.892546881191539, 3.1622776601683795
201, 66, 1214, 200, 1214, 199, 0, 1, 1.5707963267948966, 1.0
201, 67, 256, 333, 257, 333, -1, 0, 3.141592653589793, 1.0
201, 68, 61, 541, 59, 538, 2, 3, 0.982793723247329, 3.605551275463989
201, 69, 1248, 468, 1247, 466, 1, 2, 1.1071487177940904, 2.23606797749979
201, 70, 640, 564, 641, 559, -1, 5, 1.7681918866447774, 5.0990195135927845
201, 71, 490, 76, 491, 78, -1, -2, -2.0344439357957027, 2.23606797749979
201, 72, 499, 301, 500, 306, -1, -5, -1.7681918866447774, 5.0990195135927845
201, 73, 482, 31, 482, 33, 0, -2, -1.5707963267948966, 2.0
201, 74, 777, 21, 778, 21, -1, 0, 3.141592653589793, 1.0
201, 75, 668, 473, 668, 472, 0, 1, 1.5707963267948966, 1.0
201, 76, 471, 373, 471, 378, 0, -5, -1.5707963267948966, 5.0
201, 77, 499, 347, 499, 352, 0, -5, -1.5707963267948966, 5.0
201, 78, 32, 506, 30, 504, 2, 2, 0.7853981633974483, 2.8284271247461903
201, 79, 1235, 484, 1235, 484, 0, 0, 0.0, 0.0
201, 80, 708, 236, 709, 238, -1, -2, -2.0344439357957027, 2.23606797749979
201, 81, 1261, 406, 1261, 404, 0, 2, 1.5707963267948966, 2.0
201, 82, 1256, 109, 1256, 109, 0, 0, 0.0, 0.0
201, 83, 1216, 118, 1216, 117, 0, 1, 1.5707963267948966, 1.0
201, 84, 463, 41, 463, 44, 0, -3, -1.5707963267948966, 3.0
201, 85, 495, 9, 495, 11, 0, -2, -1.5707963267948966, 2.0
201, 86, 147, 120, 147, 118, 0, 2, 1.5707963267948966, 2.0
201, 87, 800, 360, 800, 358, 0, 2, 1.5707963267948966, 2.0
201, 88, 679, 373, 678, 370, 1, 3, 1.2490457723982544, 3.1622776601683795
201, 89, 729, 233, 729, 237, 0, -4, -1.5707963267948966, 4.0
201, 90, 1233, 167, 1233, 167, 0, 0, 0.0, 0.0
201, 91, 520, 660, 520, 665, 0, -5, -1.5707963267948966, 5.0
201, 92, 144, 103, 144, 102, 0, 1, 1.5707963267948966, 1.0
201, 93, 146, 78, 146, 77, 0, 1, 1.5707963267948966, 1.0
201, 94, 1213, 236, 1212, 235, 1, 1, 0.7853981633974483, 1.4142135623730951
201, 95, 1175, 279, 1175, 279, 0, 0, 0.0, 0.0
201, 96, 815, 310, 813, 307, 2, 3, 0.982793723247329, 3.605551275463989
201, 97, 808, 310, 806, 307, 2, 3, 0.982793723247329, 3.605551275463989
201, 98, 1205, 187, 1204, 186, 1, 1, 0.7853981633974483, 1.4142135623730951
201, 99, 474, 41, 474, 44, 0, -3, -1.5707963267948966, 3.0
201, 100, 666, 364, 665, 361, 1, 3, 1.2490457723982544, 3.1622776601683795
201, 101, 1047, 125, 1049, 128, -2, -3, -2.158798930342464, 3.605551275463989
201, 102, 151, 52, 152, 51, -1, 1, 2.356194490192345, 1.4142135623730951
201, 103, 673, 364, 672, 361, 1, 3, 1.2490457723982544, 3.1622776601683795
201, 104, 650, 407, 649, 404, 1, 3, 1.2490457723982544, 3.1622776601683795
201, 105, 792, 371, 792, 371, 0, 0, 0.0, 0.0
201, 106, 300, 384, 300, 385, 0, -1, -1.5707963267948966, 1.0
201, 107, 482, 282, 483, 287, -1, -5, -1.7681918866447774, 5.0990195135927845
201, 108, 822, 355, 821, 351, 1, 4, 1.3258176636680326, 4.123105625617661
201, 109, 674, 531, 674, 527, 0, 4, 1.5707963267948966, 4.0
201, 110, 278, 308, 278, 308, 0, 0, 0.0, 0.0
201, 111, 647, 545, 647, 542, 0, 3, 1.5707963267948966, 3.0
201, 112, 862, 241, 863, 244, -1, -3, -1.892546881191539, 3.1622776601683795
201, 113, 555, 57, 556, 59, -1, -2, -2.0344439357957027, 2.23606797749979
201, 114, 815, 92, 814, 95, 1, -3, -1.2490457723982544, 3.1622776601683795
201, 115, 365, 43, 362, 44, 3, -1, -0.3217505543966422, 3.1622776601683795
201, 116, 486, 398, 487, 404, -1, -6, -1.7359450042095235, 6.082762530298219
201, 117, 379, 577, 379, 574, 0, 3, 1.5707963267948966, 3.0
201, 118, 80, 563, 78, 562, 2, 1, 0.4636476090008061, 2.23606797749979
201, 119, 1234, 190, 1235, 190, -1, 0, 3.141592653589793, 1.0
201, 120, 798, 88, 798, 91, 0, -3, -1.5707963267948966, 3.0
201, 121, 1216, 157, 1216, 156, 0, 1, 1.5707963267948966, 1.0
201, 122, 167, 123, 167, 122, 0, 1, 1.5707963267948966, 1.0
201, 123, 516, 685, 516, 689, 0, -4, -1.5707963267948966, 4.0
201, 124, 237, 311, 238, 311, -1, 0, 3.141592653589793, 1.0
201, 125, 511, 349, 511, 355, 0, -6, -1.5707963267948966, 6.0
201, 126, 377, 481, 377, 478, 0, 3, 1.5707963267948966, 3.0
201, 127, 468, 302, 469, 306, -1, -4, -1.8157749899217608, 4.123105625617661
201, 128, 698, 225, 699, 227, -1, -2, -2.0344439357957027, 2.23606797749979
201, 129, 1048, 82, 1049, 85, -1, -3, -1.892546881191539, 3.1622776601683795
201, 130, 743, 168, 744, 171, -1, -3, -1.892546881191539, 3.1622776601683795
201, 131, 1216, 210, 1215, 209, 1, 1, 0.7853981633974483, 1.4142135623730951
201, 132, 323, 340, 324, 340, -1, 0, 3.141592653589793, 1.0
201, 133, 525, 654, 524, 659, 1, -5, -1.373400766945016, 5.0990195135927845
201, 134, 694, 305, 695, 308, -1, -3, -1.892546881191539, 3.1622776601683795
201, 135, 846, 310, 847, 314, -1, -4, -1.8157749899217608, 4.123105625617661
201, 136, 1211, 179, 1210, 178, 1, 1, 0.7853981633974483, 1.4142135623730951
201, 137, 634, 67, 635, 67, -1, 0, 3.141592653589793, 1.0
201, 138, 707, 225, 708, 227, -1, -2, -2.0344439357957027, 2.23606797749979
201, 139, 77, 516, 76, 514, 1, 2, 1.1071487177940904, 2.23606797749979
201, 140, 297, 355, 297, 355, 0, 0, 0.0, 0.0
201, 141, 53, 155, 54, 155, -1, 0, 3.141592653589793, 1.0
201, 142, 461, 369, 460, 373, 1, -4, -1.3258176636680326, 4.123105625617661
201, 143, 711, 184, 712, 188, -1, -4, -1.8157749899217608, 4.123105625617661
201, 144, 83, 492, 82, 489, 1, 3, 1.2490457723982544, 3.1622776601683795
201, 145, 856, 281, 857, 284, -1, -3, -1.892546881191539, 3.1622776601683795
201, 146, 1261, 397, 1261, 395, 0, 2, 1.5707963267948966, 2.0
202, 0, 857, 235, 857, 239, 0, -4, -1.5707963267948966, 4.0
202, 1, 250, 339, 251, 339, -1, 0, 3.141592653589793, 1.0
202, 2, 829, 253, 830, 257, -1, -4, -1.8157749899217608, 4.123105625617661
202, 3, 1041, 79, 1042, 84, -1, -5, -1.7681918866447774, 5.0990195135927845
202, 4, 844, 234, 845, 239, -1, -5, -1.7681918866447774, 5.0990195135927845
202, 5, 365, 581, 363, 579, 2, 2, 0.7853981633974483, 2.8284271247461903
202, 6, 275, 337, 275, 338, 0, -1, -1.5707963267948966, 1.0
202, 7, 491, 295, 492, 299, -1, -4, -1.8157749899217608, 4.123105625617661
202, 8, 353, 513, 355, 510, -2, 3, 2.158798930342464, 3.605551275463989
202, 9, 170, 97, 170, 94, 0, 3, 1.5707963267948966, 3.0
202, 10, 471, 31, 471, 36, 0, -5, -1.5707963267948966, 5.0
202, 11, 368, 14, 365, 15, 3, -1, -0.3217505543966422, 3.1622776601683795
202, 12, 305, 325, 305, 325, 0, 0, 0.0, 0.0
202, 13, 369, 60, 366, 59, 3, 1, 0.3217505543966422, 3.1622776601683795
202, 14, 182, 688, 183, 685, -1, 3, 1.892546881191539, 3.1622776601683795
202, 15, 408, 616, 408, 611, 0, 5, 1.5707963267948966, 5.0
202, 16, 464, 343, 464, 348, 0, -5, -1.5707963267948966, 5.0
202, 17, 615, 165, 615, 161, 0, 4, 1.5707963267948966, 4.0
202, 18, 820, 72, 818, 75, 2, -3, -0.982793723247329, 3.605551275463989
202, 19, 379, 76, 379, 76, 0, 0, 0.0, 0.0
202, 20, 1049, 138, 1052, 140, -3, -2, -2.5535900500422257, 3.605551275463989
202, 21, 164, 696, 163, 693, 1, 3, 1.2490457723982544, 3.1622776601683795
202, 22, 834, 279, 835, 284, -1, -5, -1.7681918866447774, 5.0990195135927845
202, 23, 841, 326, 843, 329, -2, -3, -2.158798930342464, 3.605551275463989
202, 24, 259, 340, 260, 340, -1, 0, 3.141592653589793, 1.0
202, 25, 665, 374, 663, 371, 2, 3, 0.982793723247329, 3.605551275463989
202, 26, 361, 72, 359, 70, 2, 2, 0.7853981633974483, 2.8284271247461903
202, 27, 329, 356, 330, 356, -1, 0, 3.141592653589793, 1.0
202, 28, 1047, 91, 1049, 96, -2, -5, -1.9513027039072615, 5.385164807134504
202, 29, 477, 295, 479, 299, -2, -4, -2.0344439357957027, 4.47213595499958
202, 30, 57, 115, 58, 115, -1, 0, 3.141592653589793, 1.0
202, 31, 34, 107, 35, 107, -1, 0, 3.141592653589793, 1.0
202, 32, 657, 448, 657, 445, 0, 3, 1.5707963267948966, 3.0
202, 33, 818, 320, 817, 317, 1, 3, 1.2490457723982544, 3.1622776601683795
202, 34, 457, 362, 455, 366, 2, -4, -1.1071487177940904, 4.47213595499958
202, 35, 853, 221, 853, 226, 0, -5, -1.5707963267948966, 5.0
202, 36, 1038, 90, 1039, 95, -1, -5, -1.7681918866447774, 5.0990195135927845
202, 37, 703, 243, 705, 247, -2, -4, -2.0344439357957027, 4.47213595499958
202, 38, 734, 150, 735, 155, -1, -5, -1.7681918866447774, 5.0990195135927845
202, 39, 1257, 466, 1257, 464, 0, 2, 1.5707963267948966, 2.0
202, 40, 367, 24, 364, 24, 3, 0, 0.0, 3.0
202, 41, 273, 319, 273, 319, 0, 0, 0.0, 0.0
202, 42, 35, 83, 37, 83, -2, 0, 3.141592653589793, 2.0
202, 43, 788, 27, 789, 27, -1, 0, 3.141592653589793, 1.0
202, 44, 490, 392, 490, 394, 0, -2, -1.5707963267948966, 2.0
202, 45, 1019, 125, 1022, 128, -3, -3, -2.356194490192345, 4.242640687119285
202, 46, 328, 365, 329, 365, -1, 0, 3.141592653589793, 1.0
202, 47, 679, 374, 678, 371, 1, 3, 1.2490457723982544, 3.1622776601683795
202, 48, 374, 651, 376, 648, -2, 3, 2.158798930342464, 3.605551275463989
202, 49, 804, 315, 802, 313, 2, 2, 0.7853981633974483, 2.8284271247461903
202, 50, 30, 506, 29, 505, 1, 1, 0.7853981633974483, 1.4142135623730951
202, 51, 697, 238, 699, 242, -2, -4, -2.0344439357957027, 4.47213595499958
202, 52, 754, 47, 756, 48, -2, -1, -2.677945044588987, 2.23606797749979
202, 53, 487, 8, 486, 12, 1, -4, -1.3258176636680326, 4.123105625617661
202, 54, 463, 369, 461, 372, 2, -3, -0.982793723247329, 3.605551275463989
202, 55, 533, 628, 534, 636, -1, -8, -1.695151321341658, 8.06225774829855
202, 56, 1209, 157, 1209, 155, 0, 2, 1.5707963267948966, 2.0
202, 57, 564, 65, 565, 67, -1, -2, -2.0344439357957027, 2.23606797749979
202, 58, 396, 608, 398, 605, -2, 3, 2.158798930342464, 3.605551275463989
202, 59, 258, 333, 259, 333, -1, 0, 3.141592653589793, 1.0
202, 60, 295, 316, 294, 317, 1, -1, -0.7853981633974483, 1.4142135623730951
202, 61, 680, 470, 679, 469, 1, 1, 0.7853981633974483, 1.4142135623730951
202, 62, 1216, 203, 1214, 200, 2, 3, 0.982793723247329, 3.605551275463989
202, 63, 626, 539, 626, 538, 0, 1, 1.5707963267948966, 1.0
202, 64, 373, 65, 372, 64, 1, 1, 0.7853981633974483, 1.4142135623730951
202, 65, 793, 374, 792, 372, 1, 2, 1.1071487177940904, 2.23606797749979
202, 66, 808, 397, 809, 397, -1, 0, 3.141592653589793, 1.0
202, 67, 655, 585, 655, 585, 0, 0, 0.0, 0.0
202, 68, 684, 381, 683, 377, 1, 4, 1.3258176636680326, 4.123105625617661
202, 69, 807, 49, 807, 53, 0, -4, -1.5707963267948966, 4.0
202, 70, 642, 570, 643, 568, -1, 2, 2.0344439357957027, 2.23606797749979
202, 71, 1209, 251, 1207, 247, 2, 4, 1.1071487177940904, 4.47213595499958
202, 72, 1176, 279, 1176, 275, 0, 4, 1.5707963267948966, 4.0
202, 73, 1257, 111, 1256, 110, 1, 1, 0.7853981633974483, 1.4142135623730951
202, 74, 79, 517, 78, 516, 1, 1, 0.7853981633974483, 1.4142135623730951
202, 75, 145, 106, 145, 103, 0, 3, 1.5707963267948966, 3.0
202, 76, 378, 579, 380, 576, -2, 3, 2.158798930342464, 3.605551275463989
202, 77, 1215, 238, 1213, 235, 2, 3, 0.982793723247329, 3.605551275463989
202, 78, 503, 304, 501, 307, 2, -3, -0.982793723247329, 3.605551275463989
202, 79, 708, 236, 710, 240, -2, -4, -2.0344439357957027, 4.47213595499958
202, 80, 521, 656, 521, 662, 0, -6, -1.5707963267948966, 6.0
202, 81, 1030, 170, 1032, 176, -2, -6, -1.892546881191539, 6.324555320336759
202, 82, 463, 40, 464, 44, -1, -4, -1.8157749899217608, 4.123105625617661
202, 83, 1237, 485, 1235, 484, 2, 1, 0.4636476090008061, 2.23606797749979
202, 84, 1217, 121, 1217, 117, 0, 4, 1.5707963267948966, 4.0
202, 85, 62, 543, 61, 542, 1, 1, 0.7853981633974483, 1.4142135623730951
202, 86, 1046, 125, 1049, 129, -3, -4, -2.214297435588181, 5.0
202, 87, 148, 121, 148, 118, 0, 3, 1.5707963267948966, 3.0
202, 88, 491, 76, 492, 79, -1, -3, -1.892546881191539, 3.1622776601683795
202, 89, 301, 345, 300, 345, 1, 0, 0.0, 1.0
202, 90, 811, 22, 812, 22, -1, 0, 3.141592653589793, 1.0
202, 91, 614, 255, 614, 254, 0, 1, 1.5707963267948966, 1.0
202, 92, 468, 373, 467, 377, 1, -4, -1.3258176636680326, 4.123105625617661
202, 93, 1209, 192, 1206, 189, 3, 3, 0.7853981633974483, 4.242640687119285
202, 94, 813, 13, 814, 13, -1, 0, 3.141592653589793, 1.0
202, 95, 497, 7, 496, 11, 1, -4, -1.3258176636680326, 4.123105625617661
202, 96, 483, 30, 483, 34, 0, -4, -1.5707963267948966, 4.0
202, 97, 331, 479, 333, 477, -2, 2, 2.356194490192345, 2.8284271247461903
202, 98, 603, 19, 604, 19, -1, 0, 3.141592653589793, 1.0
202, 99, 516, 688, 516, 690, 0, -2, -1.5707963267948966, 2.0
202, 100, 1261, 410, 1267, 408, -6, 2, 2.819842099193151, 6.324555320336759
202, 101, 863, 241, 863, 245, 0, -4, -1.5707963267948966, 4.0
202, 102, 817, 310, 814, 308, 3, 2, 0.5880026035475675, 3.605551275463989
202, 103, 775, 22, 778, 21, -3, 1, 2.819842099193151, 3.1622776601683795
202, 104, 651, 407, 650, 404, 1, 3, 1.2490457723982544, 3.1622776601683795
202, 105, 798, 87, 798, 92, 0, -5, -1.5707963267948966, 5.0
202, 106, 146, 81, 147, 78, -1, 3, 1.892546881191539, 3.1622776601683795
202, 107, 556, 701, 558, 718, -2, -17, -1.687905071361761, 17.11724276862369
202, 108, 558, 701, 560, 710, -2, -9, -1.7894652726688385, 9.219544457292887
202, 109, 512, 345, 512, 352, 0, -7, -1.5707963267948966, 7.0
202, 110, 667, 366, 666, 362, 1, 4, 1.3258176636680326, 4.123105625617661
202, 111, 823, 356, 821, 352, 2, 4, 1.1071487177940904, 4.47213595499958
202, 112, 1234, 190, 1235, 190, -1, 0, 3.141592653589793, 1.0
202, 113, 324, 340, 325, 340, -1, 0, 3.141592653589793, 1.0
202, 114, 1217, 211, 1215, 209, 2, 2, 0.7853981633974483, 2.8284271247461903
202, 115, 468, 119, 469, 122, -1, -3, -1.892546881191539, 3.1622776601683795
202, 116, 47, 140, 48, 140, -1, 0, 3.141592653589793, 1.0
202, 117, 1261, 15, 1278, 17, -17, -2, -3.024483909022929, 17.11724276862369
202, 118, 168, 121, 168, 120, 0, 1, 1.5707963267948966, 1.0
202, 119, 195, 691, 195, 687, 0, 4, 1.5707963267948966, 4.0
202, 120, 60, 159, 62, 158, -2, 1, 2.677945044588987, 2.23606797749979
202, 121, 476, 359, 475, 360, 1, -1, -0.7853981633974483, 1.4142135623730951
202, 122, 36, 115, 37, 115, -1, 0, 3.141592653589793, 1.0
202, 123, 828, 272, 829, 277, -1, -5, -1.7681918866447774, 5.0990195135927845
202, 124, 675, 365, 673, 361, 2, 4, 1.1071487177940904, 4.47213595499958
202, 125, 1261, 527, 1262, 526, -1, 1, 2.356194490192345, 1.4142135623730951
202, 126, 676, 538, 676, 534, 0, 4, 1.5707963267948966, 4.0
202, 127, 1259, 155, 1258, 154, 1, 1, 0.7853981633974483, 1.4142135623730951
202, 128, 857, 276, 860, 279, -3, -3, -2.356194490192345, 4.242640687119285
202, 129, 1233, 155, 1233, 153, 0, 2, 1.5707963267948966, 2.0
202, 130, 802, 363, 801, 360, 1, 3, 1.2490457723982544, 3.1622776601683795
202, 131, 474, 39, 474, 44, 0, -5, -1.5707963267948966, 5.0
202, 132, 635, 67, 636, 67, -1, 0, 3.141592653589793, 1.0
202, 133, 482, 284, 483, 288, -1, -4, -1.8157749899217608, 4.123105625617661
202, 134, 697, 224, 699, 228, -2, -4, -2.0344439357957027, 4.47213595499958
202, 135, 53, 156, 55, 155, -2, 1, 2.677945044588987, 2.23606797749979
202, 136, 1049, 81, 1050, 86, -1, -5, -1.7681918866447774, 5.0990195135927845
202, 137, 152, 56, 153, 53, -1, 3, 1.892546881191539, 3.1622776601683795
202, 138, 1218, 159, 1217, 157, 1, 2, 1.1071487177940904, 2.23606797749979
202, 139, 83, 493, 84, 490, -1, 3, 1.892546881191539, 3.1622776601683795
202, 140, 712, 182, 713, 185, -1, -3, -1.892546881191539, 3.1622776601683795
202, 141, 475, 110, 475, 113, 0, -3, -1.5707963267948966, 3.0
202, 142, 314, 407, 316, 407, -2, 0, 3.141592653589793, 2.0
202, 143, 1261, 401, 1272, 398, -11, 3, 2.875340604438868, 11.40175425099138
202, 144, 1258, 474, 1256, 474, 2, 0, 0.0, 2.0
202, 145, 297, 358, 297, 359, 0, -1, -1.5707963267948966, 1.0
202, 146, 1231, 114, 1231, 110, 0, 4, 1.5707963267948966, 4.0
202, 147, 1025, 119, 1028, 122, -3, -3, -2.356194490192345, 4.242640687119285
202, 148, 88, 513, 87, 512, 1, 1, 0.7853981633974483, 1.4142135623730951
202, 149, 744, 169, 745, 172, -1, -3, -1.892546881191539, 3.1622776601683795
202, 150, 483, 396, 483, 399, 0, -3, -1.5707963267948966, 3.0
202, 151, 155, 128, 155, 125, 0, 3, 1.5707963267948966, 3.0
202, 152, 587, 59, 588, 61, -1, -2, -2.0344439357957027, 2.23606797749979
203, 0, 857, 230, 857, 235, 0, -5, -1.5707963267948966, 5.0
203, 1, 249, 339, 250, 339, -1, 0, 3.141592653589793, 1.0
203, 2, 829, 250, 829, 253, 0, -3, -1.5707963267948966, 3.0
203, 3, 1040, 76, 1041, 79, -1, -3, -1.892546881191539, 3.1622776601683795
203, 4, 844, 229, 844, 234, 0, -5, -1.5707963267948966, 5.0
203, 5, 365, 585, 365, 581, 0, 4, 1.5707963267948966, 4.0
203, 6, 275, 336, 275, 337, 0, -1, -1.5707963267948966, 1.0
203, 7, 490, 291, 491, 295, -1, -4, -1.8157749899217608, 4.123105625617661
203, 8, 352, 516, 353, 513, -1, 3, 1.892546881191539, 3.1622776601683795
203, 9, 170, 98, 170, 97, 0, 1, 1.5707963267948966, 1.0
203, 10, 470, 27, 471, 31, -1, -4, -1.8157749899217608, 4.123105625617661
203, 11, 371, 13, 368, 14, 3, -1, -0.3217505543966422, 3.1622776601683795
203, 12, 305, 325, 305, 325, 0, 0, 0.0, 0.0
203, 13, 372, 61, 369, 60, 3, 1, 0.3217505543966422, 3.1622776601683795
203, 14, 183, 692, 182, 688, 1, 4, 1.3258176636680326, 4.123105625617661
203, 15, 408, 621, 408, 616, 0, 5, 1.5707963267948966, 5.0
203, 16, 464, 339, 464, 343, 0, -4, -1.5707963267948966, 4.0
203, 17, 614, 167, 615, 165, -1, 2, 2.0344439357957027, 2.23606797749979
203, 18, 820, 69, 820, 72, 0, -3, -1.5707963267948966, 3.0
203, 19, 379, 77, 379, 76, 0, 1, 1.5707963267948966, 1.0
203, 20, 1047, 136, 1049, 138, -2, -2, -2.356194490192345, 2.8284271247461903
203, 21, 165, 700, 164, 696, 1, 4, 1.3258176636680326, 4.123105625617661
203, 22, 834, 275, 834, 279, 0, -4, -1.5707963267948966, 4.0
203, 23, 840, 323, 841, 326, -1, -3, -1.892546881191539, 3.1622776601683795
203, 24, 258, 340, 259, 340, -1, 0, 3.141592653589793, 1.0
203, 25, 666, 378, 665, 374, 1, 4, 1.3258176636680326, 4.123105625617661
203, 26, 363, 73, 361, 72, 2, 1, 0.4636476090008061, 2.23606797749979
203, 27, 328, 356, 329, 356, -1, 0, 3.141592653589793, 1.0
203, 28, 1046, 88, 1047, 91, -1, -3, -1.892546881191539, 3.1622776601683795
203, 29, 477, 292, 477, 295, 0, -3, -1.5707963267948966, 3.0
203, 30, 56, 115, 57, 115, -1, 0, 3.141592653589793, 1.0
203, 31, 33, 107, 34, 107, -1, 0, 3.141592653589793, 1.0
203, 32, 657, 451, 657, 448, 0, 3, 1.5707963267948966, 3.0
203, 33, 819, 322, 818, 320, 1, 2, 1.1071487177940904, 2.23606797749979
203, 34, 458, 358, 457, 362, 1, -4, -1.3258176636680326, 4.123105625617661
203, 35, 853, 216, 853, 221, 0, -5, -1.5707963267948966, 5.0
203, 36, 1037, 87, 1038, 90, -1, -3, -1.892546881191539, 3.1622776601683795
203, 37, 702, 240, 703, 243, -1, -3, -1.892546881191539, 3.1622776601683795
203, 38, 733, 146, 734, 150, -1, -4, -1.8157749899217608, 4.123105625617661
203, 39, 1258, 467, 1257, 466, 1, 1, 0.7853981633974483, 1.4142135623730951
203, 40, 370, 23, 367, 24, 3, -1, -0.3217505543966422, 3.1622776601683795
203, 41, 273, 318, 273, 319, 0, -1, -1.5707963267948966, 1.0
203, 42, 34, 83, 35, 83, -1, 0, 3.141592653589793, 1.0
203, 43, 787, 27, 788, 27, -1, 0, 3.141592653589793, 1.0
203, 44, 489, 390, 490, 392, -1, -2, -2.0344439357957027, 2.23606797749979
203, 45, 1017, 123, 1019, 125, -2, -2, -2.356194490192345, 2.8284271247461903
203, 46, 327, 365, 328, 365, -1, 0, 3.141592653589793, 1.0
203, 47, 680, 378, 679, 374, 1, 4, 1.3258176636680326, 4.123105625617661
203, 48, 372, 654, 374, 651, -2, 3, 2.158798930342464, 3.605551275463989
203, 49, 805, 317, 804, 315, 1, 2, 1.1071487177940904, 2.23606797749979
203, 50, 33, 507, 30, 506, 3, 1, 0.3217505543966422, 3.1622776601683795
203, 51, 696, 235, 697, 238, -1, -3, -1.892546881191539, 3.1622776601683795
203, 52, 753, 47, 754, 47, -1, 0, 3.141592653589793, 1.0
203, 53, 464, 365, 463, 369, 1, -4, -1.3258176636680326, 4.123105625617661
203, 54, 532, 621, 533, 628, -1, -7, -1.7126933813990606, 7.0710678118654755
203, 55, 1209, 158, 1209, 157, 0, 1, 1.5707963267948966, 1.0
203, 56, 394, 611, 396, 608, -2, 3, 2.158798930342464, 3.605551275463989
203, 57, 257, 333, 258, 333, -1, 0, 3.141592653589793, 1.0
203, 58, 295, 315, 295, 316, 0, -1, -1.5707963267948966, 1.0
203, 59, 681, 470, 680, 470, 1, 0, 0.0, 1.0
203, 60, 1216, 204, 1216, 203, 0, 1, 1.5707963267948966, 1.0
203, 61, 625, 540, 626, 539, -1, 1, 2.356194490192345, 1.4142135623730951
203, 62, 374, 66, 373, 65, 1, 1, 0.7853981633974483, 1.4142135623730951
203, 63, 794, 378, 793, 374, 1, 4, 1.3258176636680326, 4.123105625617661
203, 64, 808, 397, 808, 397, 0, 0, 0.0, 0.0
203, 65, 655, 586, 655, 585, 0, 1, 1.5707963267948966, 1.0
203, 66, 685, 385, 684, 381, 1, 4, 1.3258176636680326, 4.123105625617661
203, 67, 807, 47, 807, 49, 0, -2, -1.5707963267948966, 2.0
203, 68, 642, 572, 642, 570, 0, 2, 1.5707963267948966, 2.0
203, 69, 1210, 252, 1209, 251, 1, 1, 0.7853981633974483, 1.4142135623730951
203, 70, 1177, 283, 1176, 279, 1, 4, 1.3258176636680326, 4.123105625617661
203, 71, 1257, 112, 1257, 111, 0, 1, 1.5707963267948966, 1.0
203, 72, 81, 519, 79, 517, 2, 2, 0.7853981633974483, 2.8284271247461903
203, 73, 145, 108, 145, 106, 0, 2, 1.5707963267948966, 2.0
203, 74, 378, 583, 378, 579, 0, 4, 1.5707963267948966, 4.0
203, 75, 1215, 239, 1215, 238, 0, 1, 1.5707963267948966, 1.0
203, 76, 503, 300, 503, 304, 0, -4, -1.5707963267948966, 4.0
203, 77, 707, 233, 708, 236, -1, -3, -1.892546881191539, 3.1622776601683795
203, 78, 521, 651, 521, 656, 0, -5, -1.5707963267948966, 5.0
203, 79, 1028, 166, 1030, 170, -2, -4, -2.0344439357957027, 4.47213595499958
203, 80, 462, 37, 463, 40, -1, -3, -1.892546881191539, 3.1622776601683795
203, 81, 1239, 487, 1237, 485, 2, 2, 0.7853981633974483, 2.8284271247461903
203, 82, 1216, 122, 1217, 121, -1, 1, 2.356194490192345, 1.4142135623730951
203, 83, 63, 546, 62, 543, 1, 3, 1.2490457723982544, 3.1622776601683795
203, 84, 1044, 122, 1046, 125, -2, -3, -2.158798930342464, 3.605551275463989
203, 85, 148, 122, 148, 121, 0, 1, 1.5707963267948966, 1.0
203, 86, 490, 74, 491, 76, -1, -2, -2.0344439357957027, 2.23606797749979
203, 87, 301, 345, 301, 345, 0, 0, 0.0, 0.0
203, 88, 810, 22, 811, 22, -1, 0, 3.141592653589793, 1.0
203, 89, 613, 256, 614, 255, -1, 1, 2.356194490192345, 1.4142135623730951
203, 90, 468, 369, 468, 373, 0, -4, -1.5707963267948966, 4.0
203, 91, 1209, 193, 1209, 192, 0, 1, 1.5707963267948966, 1.0
203, 92, 812, 13, 813, 13, -1, 0, 3.141592653589793, 1.0
203, 93, 483, 27, 483, 30, 0, -3, -1.5707963267948966, 3.0
203, 94, 330, 481, 331, 479, -1, 2, 2.0344439357957027, 2.23606797749979
203, 95, 603, 19, 603, 19, 0, 0, 0.0, 0.0
203, 96, 516, 687, 516, 688, 0, -1, -1.5707963267948966, 1.0
203, 97, 1261, 412, 1261, 410, 0, 2, 1.5707963267948966, 2.0
203, 98, 863, 236, 863, 241, 0, -5, -1.5707963267948966, 5.0
203, 99, 818, 312, 817, 310, 1, 2, 1.1071487177940904, 2.23606797749979
203, 100, 774, 22, 775, 22, -1, 0, 3.141592653589793, 1.0
203, 101, 652, 411, 651, 407, 1, 4, 1.3258176636680326, 4.123105625617661
203, 102, 798, 85, 798, 87, 0, -2, -1.5707963267948966, 2.0
203, 103, 146, 83, 146, 81, 0, 2, 1.5707963267948966, 2.0
203, 104, 556, 696, 556, 701, 0, -5, -1.5707963267948966, 5.0
203, 105, 558, 696, 558, 701, 0, -5, -1.5707963267948966, 5.0
203, 106, 511, 338, 512, 345, -1, -7, -1.7126933813990606, 7.0710678118654755
203, 107, 668, 370, 667, 366, 1, 4, 1.3258176636680326, 4.123105625617661
203, 108, 824, 360, 823, 356, 1, 4, 1.3258176636680326, 4.123105625617661
203, 109, 1234, 191, 1234, 190, 0, 1, 1.5707963267948966, 1.0
203, 110, 324, 339, 324, 340, 0, -1, -1.5707963267948966, 1.0
203, 111, 1217, 212, 1217, 211, 0, 1, 1.5707963267948966, 1.0
203, 112, 468, 116, 468, 119, 0, -3, -1.5707963267948966, 3.0
203, 113, 47, 140, 47, 140, 0, 0, 0.0, 0.0
203, 114, 1260, 15, 1261, 15, -1, 0, 3.141592653589793, 1.0
203, 115, 168, 121, 168, 121, 0, 0, 0.0, 0.0
203, 116, 196, 695, 195, 691, 1, 4, 1.3258176636680326, 4.123105625617661
203, 117, 59, 159, 60, 159, -1, 0, 3.141592653589793, 1.0
203, 118, 476, 354, 476, 359, 0, -5, -1.5707963267948966, 5.0
203, 119, 35, 115, 36, 115, -1, 0, 3.141592653589793, 1.0
203, 120, 829, 268, 828, 272, 1, -4, -1.3258176636680326, 4.123105625617661
203, 121, 676, 369, 675, 365, 1, 4, 1.3258176636680326, 4.123105625617661
203, 122, 1260, 527, 1261, 527, -1, 0, 3.141592653589793, 1.0
203, 123, 675, 541, 676, 538, -1, 3, 1.892546881191539, 3.1622776601683795
203, 124, 1259, 156, 1259, 155, 0, 1, 1.5707963267948966, 1.0
203, 125, 856, 272, 857, 276, -1, -4, -1.8157749899217608, 4.123105625617661
203, 126, 1233, 156, 1233, 155, 0, 1, 1.5707963267948966, 1.0
203, 127, 802, 367, 802, 363, 0, 4, 1.5707963267948966, 4.0
203, 128, 473, 35, 474, 39, -1, -4, -1.8157749899217608, 4.123105625617661
203, 129, 634, 67, 635, 67, -1, 0, 3.141592653589793, 1.0
203, 130, 481, 280, 482, 284, -1, -4, -1.8157749899217608, 4.123105625617661
203, 131, 696, 221, 697, 224, -1, -3, -1.892546881191539, 3.1622776601683795
203, 132, 52, 156, 53, 156, -1, 0, 3.141592653589793, 1.0
203, 133, 1048, 78, 1049, 81, -1, -3, -1.892546881191539, 3.1622776601683795
203, 134, 151, 58, 152, 56, -1, 2, 2.0344439357957027, 2.23606797749979
203, 135, 1218, 160, 1218, 159, 0, 1, 1.5707963267948966, 1.0
203, 136, 84, 496, 83, 493, 1, 3, 1.2490457723982544, 3.1622776601683795
203, 137, 711, 178, 712, 182, -1, -4, -1.8157749899217608, 4.123105625617661
203, 138, 475, 108, 475, 110, 0, -2, -1.5707963267948966, 2.0
203, 139, 313, 407, 314, 407, -1, 0, 3.141592653589793, 1.0
203, 140, 1261, 400, 1261, 401, 0, -1, -1.5707963267948966, 1.0
203, 141, 1260, 476, 1258, 474, 2, 2, 0.7853981633974483, 2.8284271247461903
203, 142, 297, 358, 297, 358, 0, 0, 0.0, 0.0
203, 143, 1230, 115, 1231, 114, -1, 1, 2.356194490192345, 1.4142135623730951
203, 144, 1024, 117, 1025, 119, -1, -2, -2.0344439357957027, 2.23606797749979
203, 145, 90, 515, 88, 513, 2, 2, 0.7853981633974483, 2.8284271247461903
203, 146, 744, 168, 744, 169, 0, -1, -1.5707963267948966, 1.0
203, 147, 483, 394, 483, 396, 0, -2, -1.5707963267948966, 2.0
203, 148, 155, 129, 155, 128, 0, 1, 1.5707963267948966, 1.0
203, 149, 586, 57, 587, 59, -1, -2, -2.0344439357957027, 2.23606797749979
204, 0, 857, 228, 857, 233, 0, -5, -1.5707963267948966, 5.0
204, 1, 252, 340, 252, 340, 0, 0, 0.0, 0.0
204, 2, 831, 249, 831, 251, 0, -2, -1.5707963267948966, 2.0
204, 3, 1039, 78, 1041, 81, -2, -3, -2.158798930342464, 3.605551275463989
204, 4, 171, 98, 171, 97, 0, 1, 1.5707963267948966, 1.0
204, 5, 845, 229, 845, 234, 0, -5, -1.5707963267948966, 5.0
204, 6, 276, 336, 276, 337, 0, -1, -1.5707963267948966, 1.0
204, 7, 373, 14, 370, 14, 3, 0, 0.0, 3.0
204, 8, 365, 590, 364, 587, 1, 3, 1.2490457723982544, 3.1622776601683795
204, 9, 257, 373, 257, 373, 0, 0, 0.0, 0.0
204, 10, 470, 28, 471, 31, -1, -3, -1.892546881191539, 3.1622776601683795
204, 11, 459, 356, 458, 360, 1, -4, -1.3258176636680326, 4.123105625617661
204, 12, 379, 76, 379, 76, 0, 0, 0.0, 0.0
204, 13, 410, 624, 410, 619, 0, 5, 1.5707963267948966, 5.0
204, 14, 354, 526, 355, 522, -1, 4, 1.8157749899217608, 4.123105625617661
204, 15, 492, 290, 492, 294, 0, -4, -1.5707963267948966, 4.0
204, 16, 820, 323, 819, 321, 1, 2, 1.1071487177940904, 2.23606797749979
204, 17, 306, 325, 306, 325, 0, 0, 0.0, 0.0
204, 18, 476, 372, 476, 375, 0, -3, -1.5707963267948966, 3.0
204, 19, 187, 696, 186, 692, 1, 4, 1.3258176636680326, 4.123105625617661
204, 20, 363, 546, 364, 546, -1, 0, 3.141592653589793, 1.0
204, 21, 371, 23, 368, 23, 3, 0, 0.0, 3.0
204, 22, 615, 168, 615, 165, 0, 3, 1.5707963267948966, 3.0
204, 23, 464, 339, 464, 342, 0, -3, -1.5707963267948966, 3.0
204, 24, 330, 355, 331, 355, -1, 0, 3.141592653589793, 1.0
204, 25, 464, 361, 463, 365, 1, -4, -1.3258176636680326, 4.123105625617661
204, 26, 658, 453, 658, 450, 0, 3, 1.5707963267948966, 3.0
204, 27, 259, 339, 259, 339, 0, 0, 0.0, 0.0
204, 28, 480, 291, 480, 294, 0, -3, -1.5707963267948966, 3.0
204, 29, 167, 701, 166, 701, 1, 0, 0.0, 1.0
204, 30, 1047, 130, 1049, 133, -2, -3, -2.158798930342464, 3.605551275463989
204, 31, 666, 381, 665, 378, 1, 3, 1.2490457723982544, 3.1622776601683795
204, 32, 252, 388, 252, 388, 0, 0, 0.0, 0.0
204, 33, 1047, 89, 1049, 92, -2, -3, -2.158798930342464, 3.605551275463989
204, 34, 771, 20, 772, 20, -1, 0, 3.141592653589793, 1.0
204, 35, 375, 661, 375, 658, 0, 3, 1.5707963267948966, 3.0
204, 36, 335, 490, 336, 488, -1, 2, 2.0344439357957027, 2.23606797749979
204, 37, 517, 686, 517, 689, 0, -3, -1.5707963267948966, 3.0
204, 38, 1036, 88, 1038, 91, -2, -3, -2.158798930342464, 3.605551275463989
204, 39, 703, 241, 704, 244, -1, -3, -1.892546881191539, 3.1622776601683795
204, 40, 853, 216, 853, 221, 0, -5, -1.5707963267948966, 5.0
204, 41, 1261, 527, 1262, 527, -1, 0, 3.141592653589793, 1.0
204, 42, 1208, 252, 1207, 250, 1, 2, 1.1071487177940904, 2.23606797749979
204, 43, 396, 616, 398, 613, -2, 3, 2.158798930342464, 3.605551275463989
204, 44, 56, 115, 57, 115, -1, 0, 3.141592653589793, 1.0
204, 45, 371, 72, 370, 71, 1, 1, 0.7853981633974483, 1.4142135623730951
204, 46, 686, 388, 685, 384, 1, 4, 1.3258176636680326, 4.123105625617661
204, 47, 938, 18, 939, 18, -1, 0, 3.141592653589793, 1.0
204, 48, 1020, 124, 1022, 127, -2, -3, -2.158798930342464, 3.605551275463989
204, 49, 787, 27, 788, 27, -1, 0, 3.141592653589793, 1.0
204, 50, 806, 319, 805, 317, 1, 2, 1.1071487177940904, 2.23606797749979
204, 51, 261, 389, 261, 389, 0, 0, 0.0, 0.0
204, 52, 328, 365, 329, 365, -1, 0, 3.141592653589793, 1.0
204, 53, 681, 382, 680, 378, 1, 4, 1.3258176636680326, 4.123105625617661
204, 54, 35, 84, 36, 84, -1, 0, 3.141592653589793, 1.0
204, 55, 509, 328, 510, 334, -1, -6, -1.7359450042095235, 6.082762530298219
204, 56, 34, 107, 35, 107, -1, 0, 3.141592653589793, 1.0
204, 57, 734, 145, 735, 149, -1, -4, -1.8157749899217608, 4.123105625617661
204, 58, 1215, 240, 1214, 238, 1, 2, 1.1071487177940904, 2.23606797749979
204, 59, 375, 59, 373, 59, 2, 0, 0.0, 2.0
204, 60, 274, 320, 274, 320, 0, 0, 0.0, 0.0
204, 61, 704, 313, 704, 315, 0, -2, -1.5707963267948966, 2.0
204, 62, 246, 405, 247, 405, -1, 0, 3.141592653589793, 1.0
204, 63, 89, 524, 87, 522, 2, 2, 0.7853981633974483, 2.8284271247461903
204, 64, 1216, 203, 1216, 202, 0, 1, 1.5707963267948966, 1.0
204, 65, 697, 236, 698, 239, -1, -3, -1.892546881191539, 3.1622776601683795
204, 66, 1211, 159, 1211, 158, 0, 1, 1.5707963267948966, 1.0
204, 67, 625, 540, 625, 539, 0, 1, 1.5707963267948966, 1.0
204, 68, 936, 101, 937, 101, -1, 0, 3.141592653589793, 1.0
204, 69, 175, 92, 175, 91, 0, 1, 1.5707963267948966, 1.0
204, 70, 566, 65, 566, 66, 0, -1, -1.5707963267948966, 1.0
204, 71, 33, 520, 32, 518, 1, 2, 1.1071487177940904, 2.23606797749979
204, 72, 534, 616, 535, 624, -1, -8, -1.695151321341658, 8.06225774829855
204, 73, 601, 22, 602, 22, -1, 0, 3.141592653589793, 1.0
204, 74, 145, 107, 145, 106, 0, 1, 1.5707963267948966, 1.0
204, 75, 560, 694, 560, 698, 0, -4, -1.5707963267948966, 4.0
204, 76, 374, 493, 375, 490, -1, 3, 1.892546881191539, 3.1622776601683795
204, 77, 653, 415, 652, 411, 1, 4, 1.3258176636680326, 4.123105625617661
204, 78, 1240, 471, 1240, 469, 0, 2, 1.5707963267948966, 2.0
204, 79, 754, 48, 755, 48, -1, 0, 3.141592653589793, 1.0
204, 80, 54, 159, 55, 159, -1, 0, 3.141592653589793, 1.0
204, 81, 706, 233, 708, 236, -2, -3, -2.158798930342464, 3.605551275463989
204, 82, 1217, 121, 1217, 120, 0, 1, 1.5707963267948966, 1.0
204, 83, 1257, 112, 1257, 111, 0, 1, 1.5707963267948966, 1.0
204, 84, 1237, 490, 1235, 485, 2, 5, 1.1902899496825317, 5.385164807134504
204, 85, 808, 48, 808, 50, 0, -2, -1.5707963267948966, 2.0
204, 86, 316, 391, 317, 391, -1, 0, 3.141592653589793, 1.0
204, 87, 835, 274, 836, 279, -1, -5, -1.7681918866447774, 5.0990195135927845
204, 88, 473, 344, 473, 346, 0, -2, -1.5707963267948966, 2.0
204, 89, 263, 381, 263, 381, 0, 0, 0.0, 0.0
204, 90, 1190, 300, 1190, 300, 0, 0, 0.0, 0.0
204, 91, 296, 318, 296, 318, 0, 0, 0.0, 0.0
204, 92, 520, 647, 521, 651, -1, -4, -1.8157749899217608, 4.123105625617661
204, 93, 329, 406, 330, 406, -1, 0, 3.141592653589793, 1.0
204, 94, 812, 23, 812, 23, 0, 0, 0.0, 0.0
204, 95, 148, 82, 148, 81, 0, 1, 1.5707963267948966, 1.0
204, 96, 382, 589, 382, 585, 0, 4, 1.5707963267948966, 4.0
204, 97, 819, 69, 819, 71, 0, -2, -1.5707963267948966, 2.0
204, 98, 462, 37, 463, 40, -1, -3, -1.892546881191539, 3.1622776601683795
204, 99, 613, 254, 614, 254, -1, 0, 3.141592653589793, 1.0
204, 100, 470, 367, 469, 371, 1, -4, -1.3258176636680326, 4.123105625617661
204, 101, 1261, 417, 1273, 414, -12, 3, 2.896613990462929, 12.36931687685298
204, 102, 808, 398, 809, 398, -1, 0, 3.141592653589793, 1.0
204, 103, 669, 471, 669, 471, 0, 0, 0.0, 0.0
204, 104, 608, 209, 608, 205, 0, 4, 1.5707963267948966, 4.0
204, 105, 501, 298, 502, 302, -1, -4, -1.8157749899217608, 4.123105625617661
204, 106, 818, 314, 817, 312, 1, 2, 1.1071487177940904, 2.23606797749979
204, 107, 840, 320, 841, 326, -1, -6, -1.7359450042095235, 6.082762530298219
204, 108, 285, 357, 285, 358, 0, -1, -1.5707963267948966, 1.0
204, 109, 1178, 285, 1177, 282, 1, 3, 1.2490457723982544, 3.1622776601683795
204, 110, 815, 14, 815, 14, 0, 0, 0.0, 0.0
204, 111, 642, 598, 642, 593, 0, 5, 1.5707963267948966, 5.0
204, 112, 705, 222, 707, 225, -2, -3, -2.158798930342464, 3.605551275463989
204, 113, 148, 122, 148, 121, 0, 1, 1.5707963267948966, 1.0
204, 114, 1235, 191, 1235, 190, 0, 1, 1.5707963267948966, 1.0
204, 115, 96, 519, 94, 517, 2, 2, 0.7853981633974483, 2.8284271247461903
204, 116, 823, 363, 823, 360, 0, 3, 1.5707963267948966, 3.0
204, 117, 482, 280, 483, 283, -1, -3, -1.892546881191539, 3.1622776601683795
204, 118, 1208, 192, 1208, 191, 0, 1, 1.5707963267948966, 1.0
204, 119, 484, 28, 484, 31, 0, -3, -1.5707963267948966, 3.0
204, 120, 863, 234, 863, 239, 0, -5, -1.5707963267948966, 5.0
204, 121, 670, 373, 669, 369, 1, 4, 1.3258176636680326, 4.123105625617661
204, 122, 469, 111, 469, 113, 0, -2, -1.5707963267948966, 2.0
204, 123, 300, 356, 300, 356, 0, 0, 0.0, 0.0
204, 124, 655, 585, 655, 585, 0, 0, 0.0, 0.0
204, 125, 36, 116, 37, 116, -1, 0, 3.141592653589793, 1.0
204, 126, 282, 309, 281, 309, 1, 0, 0.0, 1.0
204, 127, 263, 324, 263, 324, 0, 0, 0.0, 0.0
204, 128, 1046, 79, 1048, 82, -2, -3, -2.158798930342464, 3.605551275463989
204, 129, 686, 495, 685, 490, 1, 5, 1.373400766945016, 5.0990195135927845
204, 130, 473, 37, 474, 40, -1, -3, -1.892546881191539, 3.1622776601683795
204, 131, 482, 383, 482, 385, 0, -2, -1.5707963267948966, 2.0
204, 132, 1217, 213, 1217, 212, 0, 1, 1.5707963267948966, 1.0
204, 133, 677, 548, 678, 545, -1, 3, 1.892546881191539, 3.1622776601683795
204, 134, 1234, 470, 1233, 468, 1, 2, 1.1071487177940904, 2.23606797749979
204, 135, 325, 340, 325, 340, 0, 0, 0.0, 0.0
204, 136, 832, 268, 831, 272, 1, -4, -1.3258176636680326, 4.123105625617661
204, 137, 326, 374, 327, 374, -1, 0, 3.141592653589793, 1.0
204, 138, 938, 32, 939, 32, -1, 0, 3.141592653589793, 1.0
204, 139, 710, 179, 711, 182, -1, -3, -1.892546881191539, 3.1622776601683795
204, 140, 477, 109, 477, 111, 0, -2, -1.5707963267948966, 2.0
204, 141, 803, 372, 803, 368, 0, 4, 1.5707963267948966, 4.0
204, 142, 386, 692, 387, 690, -1, 2, 2.0344439357957027, 2.23606797749979
204, 143, 270, 346, 270, 346, 0, 0, 0.0, 0.0
204, 144, 377, 484, 378, 482, -1, 2, 2.0344439357957027, 2.23606797749979
204, 145, 152, 56, 153, 55, -1, 1, 2.356194490192345, 1.4142135623730951
204, 146, 302, 346, 302, 346, 0, 0, 0.0, 0.0
204, 147, 635, 67, 636, 67, -1, 0, 3.141592653589793, 1.0
204, 148, 696, 222, 698, 225, -2, -3, -2.158798930342464, 3.605551275463989
204, 149, 1258, 156, 1258, 155, 0, 1, 1.5707963267948966, 1.0
204, 150, 1114, 25, 1115, 25, -1, 0, 3.141592653589793, 1.0
204, 151, 673, 450, 673, 447, 0, 3, 1.5707963267948966, 3.0
204, 152, 168, 120, 168, 120, 0, 0, 0.0, 0.0
204, 153, 491, 74, 492, 77, -1, -3, -1.892546881191539, 3.1622776601683795
204, 154, 1244, 177, 1244, 175, 0, 2, 1.5707963267948966, 2.0
204, 155, 238, 312, 239, 312, -1, 0, 3.141592653589793, 1.0
204, 156, 825, 45, 826, 45, -1, 0, 3.141592653589793, 1.0
204, 157, 500, 66, 500, 67, 0, -1, -1.5707963267948966, 1.0
204, 158, 677, 372, 676, 368, 1, 4, 1.3258176636680326, 4.123105625617661
205, 0, 857, 223, 857, 228, 0, -5, -1.5707963267948966, 5.0
205, 1, 252, 340, 252, 340, 0, 0, 0.0, 0.0
205, 2, 1037, 75, 1039, 78, -2, -3, -2.158798930342464, 3.605551275463989
205, 3, 171, 99, 171, 98, 0, 1, 1.5707963267948966, 1.0
205, 4, 844, 224, 845, 229, -1, -5, -1.7681918866447774, 5.0990195135927845
205, 5, 276, 335, 276, 336, 0, -1, -1.5707963267948966, 1.0
205, 6, 376, 14, 373, 14, 3, 0, 0.0, 3.0
205, 7, 365, 594, 365, 590, 0, 4, 1.5707963267948966, 4.0
205, 8, 257, 373, 257, 373, 0, 0, 0.0, 0.0
205, 9, 469, 25, 470, 28, -1, -3, -1.892546881191539, 3.1622776601683795
205, 10, 460, 352, 459, 356, 1, -4, -1.3258176636680326, 4.123105625617661
205, 11, 381, 76, 379, 76, 2, 0, 0.0, 2.0
205, 12, 410, 630, 410, 624, 0, 6, 1.5707963267948966, 6.0
205, 13, 353, 529, 354, 526, -1, 3, 1.892546881191539, 3.1622776601683795
205, 14, 492, 286, 492, 290, 0, -4, -1.5707963267948966, 4.0
205, 15, 821, 326, 820, 323, 1, 3, 1.2490457723982544, 3.1622776601683795
205, 16, 306, 325, 306, 325, 0, 0, 0.0, 0.0
205, 17, 476, 368, 476, 372, 0, -4, -1.5707963267948966, 4.0
205, 18, 188, 700, 187, 696, 1, 4, 1.3258176636680326, 4.123105625617661
205, 19, 363, 546, 363, 546, 0, 0, 0.0, 0.0
205, 20, 374, 23, 371, 23, 3, 0, 0.0, 3.0
205, 21, 615, 171, 615, 168, 0, 3, 1.5707963267948966, 3.0
205, 22, 464, 336, 464, 339, 0, -3, -1.5707963267948966, 3.0
205, 23, 329, 355, 330, 355, -1, 0, 3.141592653589793, 1.0
205, 24, 465, 357, 464, 361, 1, -4, -1.3258176636680326, 4.123105625617661
205, 25, 658, 456, 658, 453, 0, 3, 1.5707963267948966, 3.0
205, 26, 259, 339, 259, 339, 0, 0, 0.0, 0.0
205, 27, 480, 288, 480, 291, 0, -3, -1.5707963267948966, 3.0
205, 28, 168, 701, 167, 701, 1, 0, 0.0, 1.0
205, 29, 1046, 128, 1047, 130, -1, -2, -2.0344439357957027, 2.23606797749979
205, 30, 668, 384, 666, 381, 2, 3, 0.982793723247329, 3.605551275463989
205, 31, 252, 388, 252, 388, 0, 0, 0.0, 0.0
205, 32, 1045, 86, 1047, 89, -2, -3, -2.158798930342464, 3.605551275463989
205, 33, 770, 20, 771, 20, -1, 0, 3.141592653589793, 1.0
205, 34, 375, 666, 375, 661, 0, 5, 1.5707963267948966, 5.0
205, 35, 334, 493, 335, 490, -1, 3, 1.892546881191539, 3.1622776601683795
205, 36, 517, 682, 517, 686, 0, -4, -1.5707963267948966, 4.0
205, 37, 1034, 85, 1036, 88, -2, -3, -2.158798930342464, 3.605551275463989
205, 38, 702, 237, 703, 241, -1, -4, -1.8157749899217608, 4.123105625617661
205, 39, 853, 211, 853, 216, 0, -5, -1.5707963267948966, 5.0
205, 40, 1260, 527, 1261, 527, -1, 0, 3.141592653589793, 1.0
205, 41, 1208, 254, 1208, 252, 0, 2, 1.5707963267948966, 2.0
205, 42, 395, 619, 396, 616, -1, 3, 1.892546881191539, 3.1622776601683795
205, 43, 55, 115, 56, 115, -1, 0, 3.141592653589793, 1.0
205, 44, 372, 71, 371, 72, 1, -1, -0.7853981633974483, 1.4142135623730951
205, 45, 687, 392, 686, 388, 1, 4, 1.3258176636680326, 4.123105625617661
205, 46, 937, 18, 938, 18, -1, 0, 3.141592653589793, 1.0
205, 47, 1019, 121, 1020, 124, -1, -3, -1.892546881191539, 3.1622776601683795
205, 48, 786, 27, 787, 27, -1, 0, 3.141592653589793, 1.0
205, 49, 807, 322, 806, 319, 1, 3, 1.2490457723982544, 3.1622776601683795
205, 50, 261, 389, 261, 389, 0, 0, 0.0, 0.0
205, 51, 327, 365, 328, 365, -1, 0, 3.141592653589793, 1.0
205, 52, 682, 385, 681, 382, 1, 3, 1.2490457723982544, 3.1622776601683795
205, 53, 34, 84, 35, 84, -1, 0, 3.141592653589793, 1.0
205, 54, 508, 321, 509, 328, -1, -7, -1.7126933813990606, 7.0710678118654755
205, 55, 33, 107, 34, 107, -1, 0, 3.141592653589793, 1.0
205, 56, 734, 141, 734, 145, 0, -4, -1.5707963267948966, 4.0
205, 57, 1215, 242, 1215, 240, 0, 2, 1.5707963267948966, 2.0
205, 58, 376, 59, 375, 59, 1, 0, 0.0, 1.0
205, 59, 274, 320, 274, 320, 0, 0, 0.0, 0.0
205, 60, 704, 310, 704, 313, 0, -3, -1.5707963267948966, 3.0
205, 61, 245, 405, 246, 405, -1, 0, 3.141592653589793, 1.0
205, 62, 91, 526, 89, 524, 2, 2, 0.7853981633974483, 2.8284271247461903
205, 63, 1216, 204, 1216, 203, 0, 1, 1.5707963267948966, 1.0
205, 64, 695, 232, 697, 236, -2, -4, -2.0344439357957027, 4.47213595499958
205, 65, 1212, 160, 1211, 159, 1, 1, 0.7853981633974483, 1.4142135623730951
205, 66, 624, 541, 625, 540, -1, 1, 2.356194490192345, 1.4142135623730951
205, 67, 935, 101, 936, 101, -1, 0, 3.141592653589793, 1.0
205, 68, 174, 93, 175, 92, -1, 1, 2.356194490192345, 1.4142135623730951
205, 69, 566, 64, 566, 65, 0, -1, -1.5707963267948966, 1.0
205, 70, 36, 520, 33, 520, 3, 0, 0.0, 3.0
205, 71, 533, 608, 534, 616, -1, -8, -1.695151321341658, 8.06225774829855
205, 72, 145, 109, 145, 107, 0, 2, 1.5707963267948966, 2.0
205, 73, 560, 690, 560, 694, 0, -4, -1.5707963267948966, 4.0
205, 74, 373, 496, 374, 493, -1, 3, 1.892546881191539, 3.1622776601683795
205, 75, 654, 418, 653, 415, 1, 3, 1.2490457723982544, 3.1622776601683795
205, 76, 1240, 473, 1240, 471, 0, 2, 1.5707963267948966, 2.0
205, 77, 753, 48, 754, 48, -1, 0, 3.141592653589793, 1.0
205, 78, 53, 159, 54, 159, -1, 0, 3.141592653589793, 1.0
205, 79, 704, 229, 706, 233, -2, -4, -2.0344439357957027, 4.47213595499958
205, 80, 1217, 122, 1217, 121, 0, 1, 1.5707963267948966, 1.0
205, 81, 1257, 113, 1257, 112, 0, 1, 1.5707963267948966, 1.0
205, 82, 1239, 494, 1237, 490, 2, 4, 1.1071487177940904, 4.47213595499958
205, 83, 808, 46, 808, 48, 0, -2, -1.5707963267948966, 2.0
205, 84, 315, 391, 316, 391, -1, 0, 3.141592653589793, 1.0
205, 85, 835, 270, 835, 274, 0, -4, -1.5707963267948966, 4.0
205, 86, 473, 341, 473, 344, 0, -3, -1.5707963267948966, 3.0
205, 87, 263, 381, 263, 381, 0, 0, 0.0, 0.0
205, 88, 1190, 300, 1190, 300, 0, 0, 0.0, 0.0
205, 89, 296, 318, 296, 318, 0, 0, 0.0, 0.0
205, 90, 519, 643, 520, 647, -1, -4, -1.8157749899217608, 4.123105625617661
205, 91, 328, 406, 329, 406, -1, 0, 3.141592653589793, 1.0
205, 92, 812, 23, 812, 23, 0, 0, 0.0, 0.0
205, 93, 148, 84, 148, 82, 0, 2, 1.5707963267948966, 2.0
205, 94, 381, 593, 382, 589, -1, 4, 1.8157749899217608, 4.123105625617661
205, 95, 819, 67, 819, 69, 0, -2, -1.5707963267948966, 2.0
205, 96, 461, 35, 462, 37, -1, -2, -2.0344439357957027, 2.23606797749979
205, 97, 612, 254, 613, 254, -1, 0, 3.141592653589793, 1.0
205, 98, 471, 363, 470, 367, 1, -4, -1.3258176636680326, 4.123105625617661
205, 99, 1261, 420, 1261, 417, 0, 3, 1.5707963267948966, 3.0
205, 100, 808, 398, 808, 398, 0, 0, 0.0, 0.0
205, 101, 669, 471, 669, 471, 0, 0, 0.0, 0.0
205, 102, 608, 212, 608, 209, 0, 3, 1.5707963267948966, 3.0
205, 103, 500, 294, 501, 298, -1, -4, -1.8157749899217608, 4.123105625617661
205, 104, 819, 317, 818, 314, 1, 3, 1.2490457723982544, 3.1622776601683795
205, 105, 840, 315, 840, 320, 0, -5, -1.5707963267948966, 5.0
205, 106, 1180, 286, 1178, 285, 2, 1, 0.4636476090008061, 2.23606797749979
205, 107, 815, 14, 815, 14, 0, 0, 0.0, 0.0
205, 108, 641, 605, 642, 598, -1, 7, 1.7126933813990606, 7.0710678118654755
205, 109, 703, 218, 705, 222, -2, -4, -2.0344439357957027, 4.47213595499958
205, 110, 148, 124, 148, 122, 0, 2, 1.5707963267948966, 2.0
205, 111, 1235, 192, 1235, 191, 0, 1, 1.5707963267948966, 1.0
205, 112, 98, 522, 96, 519, 2, 3, 0.982793723247329, 3.605551275463989
205, 113, 823, 366, 823, 363, 0, 3, 1.5707963267948966, 3.0
205, 114, 481, 277, 482, 280, -1, -3, -1.892546881191539, 3.1622776601683795
205, 115, 1208, 193, 1208, 192, 0, 1, 1.5707963267948966, 1.0
205, 116, 484, 25, 484, 28, 0, -3, -1.5707963267948966, 3.0
205, 117, 863, 229, 863, 234, 0, -5, -1.5707963267948966, 5.0
205, 118, 672, 377, 670, 373, 2, 4, 1.1071487177940904, 4.47213595499958
205, 119, 469, 109, 469, 111, 0, -2, -1.5707963267948966, 2.0
205, 120, 300, 356, 300, 356, 0, 0, 0.0, 0.0
205, 121, 655, 585, 655, 585, 0, 0, 0.0, 0.0
205, 122, 35, 116, 36, 116, -1, 0, 3.141592653589793, 1.0
205, 123, 283, 309, 282, 309, 1, 0, 0.0, 1.0
205, 124, 263, 324, 263, 324, 0, 0, 0.0, 0.0
205, 125, 1044, 76, 1046, 79, -2, -3, -2.158798930342464, 3.605551275463989
205, 126, 686, 498, 686, 495, 0, 3, 1.5707963267948966, 3.0
205, 127, 472, 34, 473, 37, -1, -3, -1.892546881191539, 3.1622776601683795
205, 128, 482, 381, 482, 383, 0, -2, -1.5707963267948966, 2.0
205, 129, 1217, 215, 1217, 213, 0, 2, 1.5707963267948966, 2.0
205, 130, 676, 551, 677, 548, -1, 3, 1.892546881191539, 3.1622776601683795
205, 131, 1235, 471, 1234, 470, 1, 1, 0.7853981633974483, 1.4142135623730951
205, 132, 325, 340, 325, 340, 0, 0, 0.0, 0.0
205, 133, 833, 264, 832, 268, 1, -4, -1.3258176636680326, 4.123105625617661
205, 134, 325, 374, 326, 374, -1, 0, 3.141592653589793, 1.0
205, 135, 937, 32, 938, 32, -1, 0, 3.141592653589793, 1.0
205, 136, 709, 175, 710, 179, -1, -4, -1.8157749899217608, 4.123105625617661
205, 137, 477, 107, 477, 109, 0, -2, -1.5707963267948966, 2.0
205, 138, 803, 374, 803, 372, 0, 2, 1.5707963267948966, 2.0
205, 139, 385, 692, 386, 692, -1, 0, 3.141592653589793, 1.0
205, 140, 270, 346, 270, 346, 0, 0, 0.0, 0.0
205, 141, 376, 487, 377, 484, -1, 3, 1.892546881191539, 3.1622776601683795
205, 142, 151, 58, 152, 56, -1, 2, 2.0344439357957027, 2.23606797749979
205, 143, 302, 345, 302, 346, 0, -1, -1.5707963267948966, 1.0
205, 144, 634, 67, 635, 67, -1, 0, 3.141592653589793, 1.0
205, 145, 694, 218, 696, 222, -2, -4, -2.0344439357957027, 4.47213595499958
205, 146, 1258, 157, 1258, 156, 0, 1, 1.5707963267948966, 1.0
205, 147, 1115, 24, 1114, 25, 1, -1, -0.7853981633974483, 1.4142135623730951
205, 148, 673, 453, 673, 450, 0, 3, 1.5707963267948966, 3.0
205, 149, 168, 119, 168, 120, 0, -1, -1.5707963267948966, 1.0
205, 150, 490, 71, 491, 74, -1, -3, -1.892546881191539, 3.1622776601683795
205, 151, 1244, 180, 1244, 177, 0, 3, 1.5707963267948966, 3.0
205, 152, 237, 312, 238, 312, -1, 0, 3.141592653589793, 1.0
205, 153, 500, 64, 500, 66, 0, -2, -1.5707963267948966, 2.0
205, 154, 679, 376, 677, 372, 2, 4, 1.1071487177940904, 4.47213595499958
206, 0, 856, 224, 857, 229, -1, -5, -1.7681918866447774, 5.0990195135927845
206, 1, 251, 341, 252, 341, -1, 0, 3.141592653589793, 1.0
206, 2, 830, 253, 831, 253, -1, 0, 3.141592653589793, 1.0
206, 3, 844, 225, 845, 229, -1, -4, -1.8157749899217608, 4.123105625617661
206, 4, 1038, 75, 1040, 78, -2, -3, -2.158798930342464, 3.605551275463989
206, 5, 363, 596, 364, 592, -1, 4, 1.8157749899217608, 4.123105625617661
206, 6, 513, 680, 514, 683, -1, -3, -1.892546881191539, 3.1622776601683795
206, 7, 256, 373, 257, 373, -1, 0, 3.141592653589793, 1.0
206, 8, 377, 14, 374, 14, 3, 0, 0.0, 3.0
206, 9, 169, 99, 170, 98, -1, 1, 2.356194490192345, 1.4142135623730951
206, 10, 469, 27, 470, 29, -1, -2, -2.0344439357957027, 2.23606797749979
206, 11, 774, 21, 775, 21, -1, 0, 3.141592653589793, 1.0
206, 12, 409, 634, 410, 629, -1, 5, 1.7681918866447774, 5.0990195135927845
206, 13, 465, 357, 464, 361, 1, -4, -1.3258176636680326, 4.123105625617661
206, 14, 564, 701, 563, 717, 1, -16, -1.5083775167989393, 16.0312195418814
206, 15, 491, 287, 492, 291, -1, -4, -1.8157749899217608, 4.123105625617661
206, 16, 189, 701, 189, 697, 0, 4, 1.5707963267948966, 4.0
206, 17, 821, 327, 821, 324, 0, 3, 1.5707963267948966, 3.0
206, 18, 334, 495, 336, 492, -2, 3, 2.158798930342464, 3.605551275463989
206, 19, 279, 339, 279, 340, 0, -1, -1.5707963267948966, 1.0
206, 20, 364, 547, 364, 546, 0, 1, 1.5707963267948966, 1.0
206, 21, 375, 23, 372, 23, 3, 0, 0.0, 3.0
206, 22, 461, 351, 460, 355, 1, -4, -1.3258176636680326, 4.123105625617661
206, 23, 615, 171, 615, 168, 0, 3, 1.5707963267948966, 3.0
206, 24, 331, 352, 332, 352, -1, 0, 3.141592653589793, 1.0
206, 25, 1045, 124, 1047, 127, -2, -3, -2.158798930342464, 3.605551275463989
206, 26, 169, 701, 168, 707, 1, -6, -1.4056476493802699, 6.082762530298219
206, 27, 1020, 122, 1021, 125, -1, -3, -1.892546881191539, 3.1622776601683795
206, 28, 316, 391, 317, 391, -1, 0, 3.141592653589793, 1.0
206, 29, 659, 458, 659, 455, 0, 3, 1.5707963267948966, 3.0
206, 30, 258, 340, 259, 340, -1, 0, 3.141592653589793, 1.0
206, 31, 251, 388, 252, 388, -1, 0, 3.141592653589793, 1.0
206, 32, 1035, 86, 1037, 89, -2, -3, -2.158798930342464, 3.605551275463989
206, 33, 703, 238, 704, 242, -1, -4, -1.8157749899217608, 4.123105625617661
206, 34, 479, 289, 480, 292, -1, -3, -1.892546881191539, 3.1622776601683795
206, 35, 304, 325, 304, 325, 0, 0, 0.0, 0.0
206, 36, 505, 316, 506, 322, -1, -6, -1.7359450042095235, 6.082762530298219
206, 37, 1261, 527, 1262, 527, -1, 0, 3.141592653589793, 1.0
206, 38, 1045, 86, 1047, 90, -2, -4, -2.0344439357957027, 4.47213595499958
206, 39, 33, 108, 34, 108, -1, 0, 3.141592653589793, 1.0
206, 40, 56, 116, 57, 116, -1, 0, 3.141592653589793, 1.0
206, 41, 623, 542, 624, 540, -1, 2, 2.0344439357957027, 2.23606797749979
206, 42, 64, 552, 65, 552, -1, 0, 3.141592653589793, 1.0
206, 43, 787, 28, 788, 28, -1, 0, 3.141592653589793, 1.0
206, 44, 34, 84, 35, 84, -1, 0, 3.141592653589793, 1.0
206, 45, 853, 211, 853, 216, 0, -5, -1.5707963267948966, 5.0
206, 46, 938, 18, 939, 18, -1, 0, 3.141592653589793, 1.0
206, 47, 260, 389, 261, 389, -1, 0, 3.141592653589793, 1.0
206, 48, 669, 386, 667, 383, 2, 3, 0.982793723247329, 3.605551275463989
206, 49, 688, 393, 687, 389, 1, 4, 1.3258176636680326, 4.123105625617661
206, 50, 1261, 421, 1278, 418, -17, 3, 2.9669204545815537, 17.26267650163207
206, 51, 93, 529, 91, 527, 2, 2, 0.7853981633974483, 2.8284271247461903
206, 52, 328, 365, 329, 365, -1, 0, 3.141592653589793, 1.0
206, 53, 684, 387, 683, 383, 1, 4, 1.3258176636680326, 4.123105625617661
206, 54, 557, 693, 556, 698, 1, -5, -1.373400766945016, 5.0990195135927845
206, 55, 354, 541, 355, 538, -1, 3, 1.892546881191539, 3.1622776601683795
206, 56, 285, 378, 286, 378, -1, 0, 3.141592653589793, 1.0
206, 57, 490, 388, 490, 389, 0, -1, -1.5707963267948966, 1.0
206, 58, 300, 355, 300, 356, 0, -1, -1.5707963267948966, 1.0
206, 59, 519, 673, 519, 677, 0, -4, -1.5707963267948966, 4.0
206, 60, 1215, 242, 1215, 240, 0, 2, 1.5707963267948966, 2.0
206, 61, 696, 233, 697, 237, -1, -4, -1.8157749899217608, 4.123105625617661
206, 62, 1216, 207, 1216, 205, 0, 2, 1.5707963267948966, 2.0
206, 63, 936, 101, 937, 101, -1, 0, 3.141592653589793, 1.0
206, 64, 478, 369, 477, 373, 1, -4, -1.3258176636680326, 4.123105625617661
206, 65, 673, 455, 673, 453, 0, 2, 1.5707963267948966, 2.0
206, 66, 734, 143, 734, 146, 0, -3, -1.5707963267948966, 3.0
206, 67, 1207, 254, 1207, 252, 0, 2, 1.5707963267948966, 2.0
206, 68, 466, 334, 465, 338, 1, -4, -1.3258176636680326, 4.123105625617661
206, 69, 476, 109, 477, 111, -1, -2, -2.0344439357957027, 2.23606797749979
206, 70, 246, 405, 247, 405, -1, 0, 3.141592653589793, 1.0
206, 71, 806, 324, 806, 320, 0, 4, 1.5707963267948966, 4.0
206, 72, 146, 109, 146, 107, 0, 2, 1.5707963267948966, 2.0
206, 73, 297, 318, 297, 318, 0, 0, 0.0, 0.0
206, 74, 174, 94, 175, 93, -1, 1, 2.356194490192345, 1.4142135623730951
206, 75, 1258, 113, 1258, 112, 0, 1, 1.5707963267948966, 1.0
206, 76, 1190, 301, 1190, 300, 0, 1, 1.5707963267948966, 1.0
206, 77, 1213, 160, 1212, 159, 1, 1, 0.7853981633974483, 1.4142135623730951
206, 78, 325, 340, 325, 340, 0, 0, 0.0, 0.0
206, 79, 384, 72, 384, 73, 0, -1, -1.5707963267948966, 1.0
206, 80, 472, 364, 471, 368, 1, -4, -1.3258176636680326, 4.123105625617661
206, 81, 654, 420, 653, 416, 1, 4, 1.3258176636680326, 4.123105625617661
206, 82, 276, 320, 275, 320, 1, 0, 0.0, 1.0
206, 83, 704, 309, 704, 313, 0, -4, -1.5707963267948966, 4.0
206, 84, 835, 268, 835, 273, 0, -5, -1.5707963267948966, 5.0
206, 85, 1217, 122, 1217, 122, 0, 0, 0.0, 0.0
206, 86, 262, 381, 263, 381, -1, 0, 3.141592653589793, 1.0
206, 87, 520, 639, 521, 644, -1, -5, -1.7681918866447774, 5.0990195135927845
206, 88, 381, 594, 382, 591, -1, 3, 1.892546881191539, 3.1622776601683795
206, 89, 1240, 502, 1238, 498, 2, 4, 1.1071487177940904, 4.47213595499958
206, 90, 329, 406, 330, 406, -1, 0, 3.141592653589793, 1.0
206, 91, 655, 585, 655, 585, 0, 0, 0.0, 0.0
206, 92, 812, 23, 812, 23, 0, 0, 0.0, 0.0
206, 93, 1209, 190, 1209, 191, 0, -1, -1.5707963267948966, 1.0
206, 94, 613, 254, 614, 254, -1, 0, 3.141592653589793, 1.0
206, 95, 462, 36, 463, 38, -1, -2, -2.0344439357957027, 2.23606797749979
206, 96, 373, 498, 374, 495, -1, 3, 1.892546881191539, 3.1622776601683795
206, 97, 712, 170, 712, 175, 0, -5, -1.5707963267948966, 5.0
206, 98, 54, 160, 55, 160, -1, 0, 3.141592653589793, 1.0
206, 99, 1179, 302, 1177, 298, 2, 4, 1.1071487177940904, 4.47213595499958
206, 100, 672, 378, 671, 374, 1, 4, 1.3258176636680326, 4.123105625617661
206, 101, 609, 212, 609, 209, 0, 3, 1.5707963267948966, 3.0
206, 102, 147, 85, 148, 83, -1, 2, 2.0344439357957027, 2.23606797749979
206, 103, 482, 277, 483, 280, -1, -3, -1.892546881191539, 3.1622776601683795
206, 104, 752, 49, 754, 49, -2, 0, 3.141592653589793, 2.0
206, 105, 705, 229, 707, 233, -2, -4, -2.0344439357957027, 4.47213595499958
206, 106, 815, 48, 815, 49, 0, -1, -1.5707963267948966, 1.0
206, 107, 815, 14, 815, 14, 0, 0, 0.0, 0.0
206, 108, 532, 611, 534, 618, -2, -7, -1.849095985800008, 7.280109889280518
206, 109, 1247, 497, 1245, 494, 2, 3, 0.982793723247329, 3.605551275463989
206, 110, 473, 35, 474, 37, -1, -2, -2.0344439357957027, 2.23606797749979
206, 111, 384, 691, 384, 692, 0, -1, -1.5707963267948966, 1.0
206, 112, 99, 525, 97, 522, 2, 3, 0.982793723247329, 3.605551275463989
206, 113, 808, 399, 809, 398, -1, 1, 2.356194490192345, 1.4142135623730951
206, 114, 805, 94, 805, 95, 0, -1, -1.5707963267948966, 1.0
206, 115, 350, 532, 351, 529, -1, 3, 1.892546881191539, 3.1622776601683795
206, 116, 818, 319, 818, 315, 0, 4, 1.5707963267948966, 4.0
206, 117, 485, 27, 485, 29, 0, -2, -1.5707963267948966, 2.0
206, 118, 846, 303, 846, 305, 0, -2, -1.5707963267948966, 2.0
206, 119, 501, 294, 502, 298, -1, -4, -1.8157749899217608, 4.123105625617661
206, 120, 1045, 77, 1047, 80, -2, -3, -2.158798930342464, 3.605551275463989
206, 121, 1218, 216, 1218, 214, 0, 2, 1.5707963267948966, 2.0
206, 122, 741, 176, 741, 177, 0, -1, -1.5707963267948966, 1.0
206, 123, 862, 230, 863, 235, -1, -5, -1.7681918866447774, 5.0990195135927845
206, 124, 1029, 133, 1031, 136, -2, -3, -2.158798930342464, 3.605551275463989
206, 125, 822, 368, 822, 366, 0, 2, 1.5707963267948966, 2.0
206, 126, 931, 94, 932, 94, -1, 0, 3.141592653589793, 1.0
206, 127, 35, 116, 36, 116, -1, 0, 3.141592653589793, 1.0
206, 128, 838, 313, 840, 319, -2, -6, -1.892546881191539, 6.324555320336759
206, 129, 687, 496, 688, 492, -1, 4, 1.8157749899217608, 4.123105625617661
206, 130, 923, 95, 924, 95, -1, 0, 3.141592653589793, 1.0
206, 131, 704, 218, 706, 222, -2, -4, -2.0344439357957027, 4.47213595499958
206, 132, 283, 309, 282, 309, 1, 0, 0.0, 1.0
206, 133, 676, 553, 677, 550, -1, 3, 1.892546881191539, 3.1622776601683795
206, 134, 149, 126, 149, 125, 0, 1, 1.5707963267948966, 1.0
206, 135, 500, 337, 500, 342, 0, -5, -1.5707963267948966, 5.0
206, 136, 1212, 142, 1212, 142, 0, 0, 0.0, 0.0
206, 137, 685, 269, 686, 273, -1, -4, -1.8157749899217608, 4.123105625617661
206, 138, 1030, 160, 1032, 161, -2, -1, -2.677945044588987, 2.23606797749979
206, 139, 470, 107, 470, 109, 0, -2, -1.5707963267948966, 2.0
206, 140, 938, 32, 939, 32, -1, 0, 3.141592653589793, 1.0
206, 141, 680, 378, 678, 374, 2, 4, 1.1071487177940904, 4.47213595499958
206, 142, 304, 382, 305, 382, -1, 0, 3.141592653589793, 1.0
206, 143, 327, 374, 328, 374, -1, 0, 3.141592653589793, 1.0
206, 144, 635, 68, 636, 68, -1, 0, 3.141592653589793, 1.0
206, 145, 269, 346, 270, 346, -1, 0, 3.141592653589793, 1.0
206, 146, 566, 64, 566, 65, 0, -1, -1.5707963267948966, 1.0
206, 147, 151, 59, 152, 57, -1, 2, 2.0344439357957027, 2.23606797749979
206, 148, 398, 624, 399, 620, -1, 4, 1.8157749899217608, 4.123105625617661
206, 149, 500, 65, 500, 67, 0, -2, -1.5707963267948966, 2.0
206, 150, 167, 124, 167, 124, 0, 0, 0.0, 0.0
206, 151, 820, 69, 820, 70, 0, -1, -1.5707963267948966, 1.0
206, 152, 263, 325, 263, 325, 0, 0, 0.0, 0.0
206, 153, 1244, 458, 1243, 458, 1, 0, 0.0, 1.0
206, 154, 825, 45, 826, 45, -1, 0, 3.141592653589793, 1.0
206, 155, 826, 77, 826, 78, 0, -1, -1.5707963267948966, 1.0
206, 156, 695, 218, 697, 222, -2, -4, -2.0344439357957027, 4.47213595499958
206, 157, 357, 524, 358, 522, -1, 2, 2.0344439357957027, 2.23606797749979
206, 158, 140, 50, 141, 49, -1, 1, 2.356194490192345, 1.4142135623730951
206, 159, 471, 297, 471, 300, 0, -3, -1.5707963267948966, 3.0
206, 160, 694, 437, 693, 434, 1, 3, 1.2490457723982544, 3.1622776601683795
206, 161, 796, 394, 796, 392, 0, 2, 1.5707963267948966, 2.0
206, 162, 1232, 113, 1232, 113, 0, 0, 0.0, 0.0
206, 163, 87, 553, 84, 551, 3, 2, 0.5880026035475675, 3.605551275463989
206, 164, 36, 534, 34, 533, 2, 1, 0.4636476090008061, 2.23606797749979
206, 165, 1235, 192, 1235, 191, 0, 1, 1.5707963267948966, 1.0
206, 166, 262, 406, 263, 406, -1, 0, 3.141592653589793, 1.0
206, 167, 792, 38, 793, 38, -1, 0, 3.141592653589793, 1.0
206, 168, 367, 471, 368, 468, -1, 3, 1.892546881191539, 3.1622776601683795
206, 169, 238, 313, 239, 313, -1, 0, 3.141592653589793, 1.0
207, 0, 855, 220, 856, 224, -1, -4, -1.8157749899217608, 4.123105625617661
207, 1, 250, 341, 251, 341, -1, 0, 3.141592653589793, 1.0
207, 2, 830, 253, 830, 253, 0, 0, 0.0, 0.0
207, 3, 842, 221, 844, 225, -2, -4, -2.0344439357957027, 4.47213595499958
207, 4, 1034, 71, 1038, 75, -4, -4, -2.356194490192345, 5.656854249492381
207, 5, 362, 599, 363, 596, -1, 3, 1.892546881191539, 3.1622776601683795
207, 6, 513, 676, 513, 680, 0, -4, -1.5707963267948966, 4.0
207, 7, 256, 373, 256, 373, 0, 0, 0.0, 0.0
207, 8, 380, 15, 377, 14, 3, 1, 0.3217505543966422, 3.1622776601683795
207, 9, 168, 101, 169, 99, -1, 2, 2.0344439357957027, 2.23606797749979
207, 10, 468, 24, 469, 27, -1, -3, -1.892546881191539, 3.1622776601683795
207, 11, 772, 21, 774, 21, -2, 0, 3.141592653589793, 2.0
207, 12, 408, 637, 409, 634, -1, 3, 1.892546881191539, 3.1622776601683795
207, 13, 467, 353, 465, 357, 2, -4, -1.1071487177940904, 4.47213595499958
207, 14, 563, 698, 564, 701, -1, -3, -1.892546881191539, 3.1622776601683795
207, 15, 490, 283, 491, 287, -1, -4, -1.8157749899217608, 4.123105625617661
207, 16, 188, 701, 189, 701, -1, 0, 3.141592653589793, 1.0
207, 17, 821, 330, 821, 327, 0, 3, 1.5707963267948966, 3.0
207, 18, 332, 498, 334, 495, -2, 3, 2.158798930342464, 3.605551275463989
207, 19, 279, 338, 279, 339, 0, -1, -1.5707963267948966, 1.0
207, 20, 364, 548, 364, 547, 0, 1, 1.5707963267948966, 1.0
207, 21, 378, 23, 375, 23, 3, 0, 0.0, 3.0
207, 22, 462, 347, 461, 351, 1, -4, -1.3258176636680326, 4.123105625617661
207, 23, 615, 175, 615, 171, 0, 4, 1.5707963267948966, 4.0
207, 24, 330, 352, 331, 352, -1, 0, 3.141592653589793, 1.0
207, 25, 1043, 120, 1045, 124, -2, -4, -2.0344439357957027, 4.47213595499958
207, 26, 171, 701, 169, 701, 2, 0, 0.0, 2.0
207, 27, 1018, 119, 1020, 122, -2, -3, -2.158798930342464, 3.605551275463989
207, 28, 314, 391, 316, 391, -2, 0, 3.141592653589793, 2.0
207, 29, 658, 460, 659, 458, -1, 2, 2.0344439357957027, 2.23606797749979
207, 30, 257, 340, 258, 340, -1, 0, 3.141592653589793, 1.0
207, 31, 251, 388, 251, 388, 0, 0, 0.0, 0.0
207, 32, 1031, 83, 1035, 86, -4, -3, -2.498091544796509, 5.0
207, 33, 702, 234, 703, 238, -1, -4, -1.8157749899217608, 4.123105625617661
207, 34, 478, 285, 479, 289, -1, -4, -1.8157749899217608, 4.123105625617661
207, 35, 305, 325, 304, 325, 1, 0, 0.0, 1.0
207, 36, 504, 310, 505, 316, -1, -6, -1.7359450042095235, 6.082762530298219
207, 37, 1261, 528, 1261, 527, 0, 1, 1.5707963267948966, 1.0
207, 38, 1041, 82, 1045, 86, -4, -4, -2.356194490192345, 5.656854249492381
207, 39, 32, 108, 33, 108, -1, 0, 3.141592653589793, 1.0
207, 40, 55, 116, 56, 116, -1, 0, 3.141592653589793, 1.0
207, 41, 622, 546, 623, 542, -1, 4, 1.8157749899217608, 4.123105625617661
207, 42, 65, 554, 64, 552, 1, 2, 1.1071487177940904, 2.23606797749979
207, 43, 786, 28, 787, 28, -1, 0, 3.141592653589793, 1.0
207, 44, 33, 84, 34, 84, -1, 0, 3.141592653589793, 1.0
207, 45, 852, 207, 853, 211, -1, -4, -1.8157749899217608, 4.123105625617661
207, 46, 937, 18, 938, 18, -1, 0, 3.141592653589793, 1.0
207, 47, 260, 389, 260, 389, 0, 0, 0.0, 0.0
207, 48, 671, 389, 669, 386, 2, 3, 0.982793723247329, 3.605551275463989
207, 49, 689, 396, 688, 393, 1, 3, 1.2490457723982544, 3.1622776601683795
207, 50, 1261, 423, 1261, 421, 0, 2, 1.5707963267948966, 2.0
207, 51, 95, 530, 93, 529, 2, 1, 0.4636476090008061, 2.23606797749979
207, 52, 327, 365, 328, 365, -1, 0, 3.141592653589793, 1.0
207, 53, 685, 390, 684, 387, 1, 3, 1.2490457723982544, 3.1622776601683795
207, 54, 557, 690, 557, 693, 0, -3, -1.5707963267948966, 3.0
207, 55, 352, 543, 354, 541, -2, 2, 2.356194490192345, 2.8284271247461903
207, 56, 284, 378, 285, 378, -1, 0, 3.141592653589793, 1.0
207, 57, 490, 387, 490, 388, 0, -1, -1.5707963267948966, 1.0
207, 58, 300, 354, 300, 355, 0, -1, -1.5707963267948966, 1.0
207, 59, 519, 668, 519, 673, 0, -5, -1.5707963267948966, 5.0
207, 60, 1216, 245, 1215, 242, 1, 3, 1.2490457723982544, 3.1622776601683795
207, 61, 695, 229, 696, 233, -1, -4, -1.8157749899217608, 4.123105625617661
207, 62, 1217, 211, 1216, 207, 1, 4, 1.3258176636680326, 4.123105625617661
207, 63, 935, 101, 936, 101, -1, 0, 3.141592653589793, 1.0
207, 64, 480, 366, 478, 369, 2, -3, -0.982793723247329, 3.605551275463989
207, 65, 673, 458, 673, 455, 0, 3, 1.5707963267948966, 3.0
207, 66, 734, 138, 734, 143, 0, -5, -1.5707963267948966, 5.0
207, 67, 1207, 258, 1207, 254, 0, 4, 1.5707963267948966, 4.0
207, 68, 466, 329, 466, 334, 0, -5, -1.5707963267948966, 5.0
207, 69, 476, 107, 476, 109, 0, -2, -1.5707963267948966, 2.0
207, 70, 245, 405, 246, 405, -1, 0, 3.141592653589793, 1.0
207, 71, 807, 327, 806, 324, 1, 3, 1.2490457723982544, 3.1622776601683795
207, 72, 146, 112, 146, 109, 0, 3, 1.5707963267948966, 3.0
207, 73, 298, 318, 297, 318, 1, 0, 0.0, 1.0
207, 74, 173, 96, 174, 94, -1, 2, 2.0344439357957027, 2.23606797749979
207, 75, 1259, 116, 1258, 113, 1, 3, 1.2490457723982544, 3.1622776601683795
207, 76, 1191, 301, 1190, 301, 1, 0, 0.0, 1.0
207, 77, 1213, 162, 1213, 160, 0, 2, 1.5707963267948966, 2.0
207, 78, 325, 340, 325, 340, 0, 0, 0.0, 0.0
207, 79, 384, 72, 384, 72, 0, 0, 0.0, 0.0
207, 80, 474, 361, 472, 364, 2, -3, -0.982793723247329, 3.605551275463989
207, 81, 655, 422, 654, 420, 1, 2, 1.1071487177940904, 2.23606797749979
207, 82, 277, 320, 276, 320, 1, 0, 0.0, 1.0
207, 83, 704, 304, 704, 309, 0, -5, -1.5707963267948966, 5.0
207, 84, 835, 267, 835, 268, 0, -1, -1.5707963267948966, 1.0
207, 85, 1217, 124, 1217, 122, 0, 2, 1.5707963267948966, 2.0
207, 86, 262, 381, 262, 381, 0, 0, 0.0, 0.0
207, 87, 520, 634, 520, 639, 0, -5, -1.5707963267948966, 5.0
207, 88, 379, 597, 381, 594, -2, 3, 2.158798930342464, 3.605551275463989
207, 89, 1242, 496, 1240, 502, 2, -6, -1.2490457723982544, 6.324555320336759
207, 90, 328, 406, 329, 406, -1, 0, 3.141592653589793, 1.0
207, 91, 655, 585, 655, 585, 0, 0, 0.0, 0.0
207, 92, 812, 23, 812, 23, 0, 0, 0.0, 0.0
207, 93, 1209, 190, 1209, 190, 0, 0, 0.0, 0.0
207, 94, 611, 254, 613, 254, -2, 0, 3.141592653589793, 2.0
207, 95, 461, 34, 462, 36, -1, -2, -2.0344439357957027, 2.23606797749979
207, 96, 372, 500, 373, 498, -1, 2, 2.0344439357957027, 2.23606797749979
207, 97, 712, 165, 712, 170, 0, -5, -1.5707963267948966, 5.0
207, 98, 53, 160, 54, 160, -1, 0, 3.141592653589793, 1.0
207, 99, 1181, 302, 1179, 302, 2, 0, 0.0, 2.0
207, 100, 673, 381, 672, 378, 1, 3, 1.2490457723982544, 3.1622776601683795
207, 101, 609, 214, 609, 212, 0, 2, 1.5707963267948966, 2.0
207, 102, 146, 88, 147, 85, -1, 3, 1.892546881191539, 3.1622776601683795
207, 103, 481, 272, 482, 277, -1, -5, -1.7681918866447774, 5.0990195135927845
207, 104, 749, 48, 752, 49, -3, -1, -2.819842099193151, 3.1622776601683795
207, 105, 704, 225, 705, 229, -1, -4, -1.8157749899217608, 4.123105625617661
207, 106, 815, 46, 815, 48, 0, -2, -1.5707963267948966, 2.0
207, 107, 815, 14, 815, 14, 0, 0, 0.0, 0.0
207, 108, 529, 603, 532, 611, -3, -8, -1.9295669970654687, 8.54400374531753
207, 109, 1248, 497, 1247, 497, 1, 0, 0.0, 1.0
207, 110, 472, 32, 473, 35, -1, -3, -1.892546881191539, 3.1622776601683795
207, 111, 385, 691, 384, 691, 1, 0, 0.0, 1.0
207, 112, 101, 527, 99, 525, 2, 2, 0.7853981633974483, 2.8284271247461903
207, 113, 808, 402, 808, 399, 0, 3, 1.5707963267948966, 3.0
207, 114, 806, 91, 805, 94, 1, -3, -1.2490457723982544, 3.1622776601683795
207, 115, 347, 534, 350, 532, -3, 2, 2.5535900500422257, 3.605551275463989
207, 116, 818, 322, 818, 319, 0, 3, 1.5707963267948966, 3.0
207, 117, 485, 22, 485, 27, 0, -5, -1.5707963267948966, 5.0
207, 118, 846, 301, 846, 303, 0, -2, -1.5707963267948966, 2.0
207, 119, 501, 290, 501, 294, 0, -4, -1.5707963267948966, 4.0
207, 120, 1041, 73, 1045, 77, -4, -4, -2.356194490192345, 5.656854249492381
207, 121, 1219, 220, 1218, 216, 1, 4, 1.3258176636680326, 4.123105625617661
207, 122, 741, 175, 741, 176, 0, -1, -1.5707963267948966, 1.0
207, 123, 863, 226, 862, 230, 1, -4, -1.3258176636680326, 4.123105625617661
207, 124, 1026, 130, 1029, 133, -3, -3, -2.356194490192345, 4.242640687119285
207, 125, 823, 370, 822, 368, 1, 2, 1.1071487177940904, 2.23606797749979
207, 126, 930, 94, 931, 94, -1, 0, 3.141592653589793, 1.0
207, 127, 33, 116, 35, 116, -2, 0, 3.141592653589793, 2.0
207, 128, 837, 310, 838, 313, -1, -3, -1.892546881191539, 3.1622776601683795
207, 129, 685, 501, 687, 496, -2, 5, 1.9513027039072615, 5.385164807134504
207, 130, 922, 95, 923, 95, -1, 0, 3.141592653589793, 1.0
207, 131, 703, 213, 704, 218, -1, -5, -1.7681918866447774, 5.0990195135927845
207, 132, 285, 309, 283, 309, 2, 0, 0.0, 2.0
207, 133, 675, 556, 676, 553, -1, 3, 1.892546881191539, 3.1622776601683795
207, 134, 149, 130, 149, 126, 0, 4, 1.5707963267948966, 4.0
207, 135, 500, 331, 500, 337, 0, -6, -1.5707963267948966, 6.0
207, 136, 1213, 144, 1212, 142, 1, 2, 1.1071487177940904, 2.23606797749979
207, 137, 683, 265, 685, 269, -2, -4, -2.0344439357957027, 4.47213595499958
207, 138, 470, 105, 470, 107, 0, -2, -1.5707963267948966, 2.0
207, 139, 937, 32, 938, 32, -1, 0, 3.141592653589793, 1.0
207, 140, 682, 382, 680, 378, 2, 4, 1.1071487177940904, 4.47213595499958
207, 141, 303, 382, 304, 382, -1, 0, 3.141592653589793, 1.0
207, 142, 326, 374, 327, 374, -1, 0, 3.141592653589793, 1.0
207, 143, 634, 68, 635, 68, -1, 0, 3.141592653589793, 1.0
207, 144, 269, 346, 269, 346, 0, 0, 0.0, 0.0
207, 145, 566, 62, 566, 64, 0, -2, -1.5707963267948966, 2.0
207, 146, 148, 62, 151, 59, -3, 3, 2.356194490192345, 4.242640687119285
207, 147, 398, 629, 398, 624, 0, 5, 1.5707963267948966, 5.0
207, 148, 500, 63, 500, 65, 0, -2, -1.5707963267948966, 2.0
207, 149, 167, 125, 167, 124, 0, 1, 1.5707963267948966, 1.0
207, 150, 821, 67, 820, 69, 1, -2, -1.1071487177940904, 2.23606797749979
207, 151, 263, 325, 263, 325, 0, 0, 0.0, 0.0
207, 152, 1246, 458, 1244, 458, 2, 0, 0.0, 2.0
207, 153, 825, 44, 825, 45, 0, -1, -1.5707963267948966, 1.0
207, 154, 827, 75, 826, 77, 1, -2, -1.1071487177940904, 2.23606797749979
207, 155, 694, 214, 695, 218, -1, -4, -1.8157749899217608, 4.123105625617661
207, 156, 355, 527, 357, 524, -2, 3, 2.158798930342464, 3.605551275463989
207, 157, 137, 53, 140, 50, -3, 3, 2.356194490192345, 4.242640687119285
207, 158, 471, 292, 471, 297, 0, -5, -1.5707963267948966, 5.0
207, 159, 696, 438, 694, 437, 2, 1, 0.4636476090008061, 2.23606797749979
207, 160, 798, 400, 796, 394, 2, 6, 1.2490457723982544, 6.324555320336759
207, 161, 1232, 115, 1232, 113, 0, 2, 1.5707963267948966, 2.0
207, 162, 88, 551, 87, 553, 1, -2, -1.1071487177940904, 2.23606797749979
207, 163, 37, 531, 36, 534, 1, -3, -1.2490457723982544, 3.1622776601683795
207, 164, 1234, 193, 1235, 192, -1, 1, 2.356194490192345, 1.4142135623730951
207, 165, 261, 406, 262, 406, -1, 0, 3.141592653589793, 1.0
207, 166, 791, 38, 792, 38, -1, 0, 3.141592653589793, 1.0
207, 167, 364, 473, 367, 471, -3, 2, 2.5535900500422257, 3.605551275463989
207, 168, 237, 313, 238, 313, -1, 0, 3.141592653589793, 1.0
208, 0, 856, 216, 857, 221, -1, -5, -1.7681918866447774, 5.0990195135927845
208, 1, 491, 283, 492, 286, -1, -3, -1.892546881191539, 3.1622776601683795
208, 2, 334, 501, 335, 498, -1, 3, 1.892546881191539, 3.1622776601683795
208, 3, 467, 350, 466, 353, 1, -3, -1.2490457723982544, 3.1622776601683795
208, 4, 251, 341, 252, 341, -1, 0, 3.141592653589793, 1.0
208, 5, 170, 102, 171, 101, -1, 1, 2.356194490192345, 1.4142135623730951
208, 6, 500, 306, 501, 310, -1, -4, -1.8157749899217608, 4.123105625617661
208, 7, 1034, 74, 1037, 75, -3, -1, -2.819842099193151, 3.1622776601683795
208, 8, 193, 701, 194, 710, -1, -9, -1.6814535479687922, 9.055385138137417
208, 9, 99, 536, 97, 534, 2, 2, 0.7853981633974483, 2.8284271247461903
208, 10, 771, 19, 772, 19, -1, 0, 3.141592653589793, 1.0
208, 11, 362, 602, 363, 598, -1, 4, 1.8157749899217608, 4.123105625617661
208, 12, 256, 374, 256, 374, 0, 0, 0.0, 0.0
208, 13, 514, 676, 514, 679, 0, -3, -1.5707963267948966, 3.0
208, 14, 382, 15, 379, 15, 3, 0, 0.0, 3.0
208, 15, 68, 559, 67, 557, 1, 2, 1.1071487177940904, 2.23606797749979
208, 16, 362, 547, 364, 547, -2, 0, 3.141592653589793, 2.0
208, 17, 711, 160, 711, 164, 0, -4, -1.5707963267948966, 4.0
208, 18, 379, 74, 379, 75, 0, -1, -1.5707963267948966, 1.0
208, 19, 822, 334, 822, 330, 0, 4, 1.5707963267948966, 4.0
208, 20, 329, 356, 330, 356, -1, 0, 3.141592653589793, 1.0
208, 21, 844, 218, 845, 222, -1, -4, -1.8157749899217608, 4.123105625617661
208, 22, 280, 340, 280, 340, 0, 0, 0.0, 0.0
208, 23, 616, 176, 616, 173, 0, 3, 1.5707963267948966, 3.0
208, 24, 380, 24, 377, 24, 3, 0, 0.0, 3.0
208, 25, 566, 684, 566, 689, 0, -5, -1.5707963267948966, 5.0
208, 26, 101, 568, 98, 566, 3, 2, 0.5880026035475675, 3.605551275463989
208, 27, 622, 547, 623, 543, -1, 4, 1.8157749899217608, 4.123105625617661
208, 28, 261, 334, 261, 334, 0, 0, 0.0, 0.0
208, 29, 351, 565, 352, 561, -1, 4, 1.8157749899217608, 4.123105625617661
208, 30, 252, 388, 252, 388, 0, 0, 0.0, 0.0
208, 31, 479, 285, 480, 288, -1, -3, -1.892546881191539, 3.1622776601683795
208, 32, 768, 11, 769, 11, -1, 0, 3.141592653589793, 1.0
208, 33, 1033, 85, 1035, 86, -2, -1, -2.677945044588987, 2.23606797749979
208, 34, 315, 391, 316, 391, -1, 0, 3.141592653589793, 1.0
208, 35, 786, 29, 787, 29, -1, 0, 3.141592653589793, 1.0
208, 36, 57, 117, 57, 117, 0, 0, 0.0, 0.0
208, 37, 1042, 84, 1045, 86, -3, -2, -2.5535900500422257, 3.605551275463989
208, 38, 702, 231, 703, 236, -1, -5, -1.7681918866447774, 5.0990195135927845
208, 39, 303, 324, 303, 324, 0, 0, 0.0, 0.0
208, 40, 851, 205, 853, 209, -2, -4, -2.0344439357957027, 4.47213595499958
208, 41, 34, 85, 35, 85, -1, 0, 3.141592653589793, 1.0
208, 42, 675, 463, 674, 461, 1, 2, 1.1071487177940904, 2.23606797749979
208, 43, 688, 395, 686, 391, 2, 4, 1.1071487177940904, 4.47213595499958
208, 44, 32, 109, 33, 109, -1, 0, 3.141592653589793, 1.0
208, 45, 401, 648, 403, 642, -2, 6, 1.892546881191539, 6.324555320336759
208, 46, 692, 401, 690, 397, 2, 4, 1.1071487177940904, 4.47213595499958
208, 47, 476, 110, 476, 111, 0, -1, -1.5707963267948966, 1.0
208, 48, 407, 658, 409, 651, -2, 7, 1.849095985800008, 7.280109889280518
208, 49, 465, 331, 466, 333, -1, -2, -2.0344439357957027, 2.23606797749979
208, 50, 300, 357, 300, 357, 0, 0, 0.0, 0.0
208, 51, 260, 389, 261, 389, -1, 0, 3.141592653589793, 1.0
208, 52, 830, 255, 830, 255, 0, 0, 0.0, 0.0
208, 53, 1212, 162, 1212, 161, 0, 1, 1.5707963267948966, 1.0
208, 54, 145, 112, 146, 111, -1, 1, 2.356194490192345, 1.4142135623730951
208, 55, 1217, 212, 1217, 209, 0, 3, 1.5707963267948966, 3.0
208, 56, 938, 18, 939, 18, -1, 0, 3.141592653589793, 1.0
208, 57, 812, 92, 811, 93, 1, -1, -0.7853981633974483, 1.4142135623730951
208, 58, 661, 466, 661, 463, 0, 3, 1.5707963267948966, 3.0
208, 59, 284, 378, 285, 378, -1, 0, 3.141592653589793, 1.0
208, 60, 328, 366, 329, 366, -1, 0, 3.141592653589793, 1.0
208, 61, 695, 226, 696, 231, -1, -5, -1.7681918866447774, 5.0990195135927845
208, 62, 325, 339, 325, 339, 0, 0, 0.0, 0.0
208, 63, 735, 140, 735, 142, 0, -2, -1.5707963267948966, 2.0
208, 64, 672, 393, 670, 390, 2, 3, 0.982793723247329, 3.605551275463989
208, 65, 246, 405, 247, 405, -1, 0, 3.141592653589793, 1.0
208, 66, 519, 631, 520, 636, -1, -5, -1.7681918866447774, 5.0990195135927845
208, 67, 262, 381, 263, 381, -1, 0, 3.141592653589793, 1.0
208, 68, 937, 101, 937, 101, 0, 0, 0.0, 0.0
208, 69, 685, 503, 686, 503, -1, 0, 3.141592653589793, 1.0
208, 70, 750, 47, 752, 48, -2, -1, -2.677945044588987, 2.23606797749979
208, 71, 500, 290, 501, 293, -1, -3, -1.892546881191539, 3.1622776601683795
208, 72, 655, 585, 655, 585, 0, 0, 0.0, 0.0
208, 73, 812, 23, 812, 23, 0, 0, 0.0, 0.0
208, 74, 800, 81, 799, 82, 1, -1, -0.7853981633974483, 1.4142135623730951
208, 75, 1217, 247, 1217, 244, 0, 3, 1.5707963267948966, 3.0
208, 76, 1190, 301, 1189, 300, 1, 1, 0.7853981633974483, 1.4142135623730951
208, 77, 329, 406, 330, 406, -1, 0, 3.141592653589793, 1.0
208, 78, 501, 333, 501, 336, 0, -3, -1.5707963267948966, 3.0
208, 79, 819, 325, 819, 321, 0, 4, 1.5707963267948966, 4.0
208, 80, 658, 427, 656, 424, 2, 3, 0.982793723247329, 3.605551275463989
208, 81, 84, 554, 83, 553, 1, 1, 0.7853981633974483, 1.4142135623730951
208, 82, 800, 415, 798, 410, 2, 5, 1.1902899496825317, 5.385164807134504
208, 83, 1261, 529, 1262, 527, -1, 2, 2.0344439357957027, 2.23606797749979
208, 84, 1259, 117, 1259, 115, 0, 2, 1.5707963267948966, 2.0
208, 85, 1041, 75, 1044, 76, -3, -1, -2.819842099193151, 3.1622776601683795
208, 86, 55, 161, 55, 161, 0, 0, 0.0, 0.0
208, 87, 807, 329, 806, 326, 1, 3, 1.2490457723982544, 3.1622776601683795
208, 88, 1261, 33, 1263, 33, -2, 0, 3.141592653589793, 2.0
208, 89, 1028, 129, 1030, 130, -2, -1, -2.677945044588987, 2.23606797749979
208, 90, 1182, 314, 1180, 312, 2, 2, 0.7853981633974483, 2.8284271247461903
208, 91, 1261, 31, 1274, 32, -13, -1, -3.064820762320015, 13.038404810405298
208, 92, 705, 223, 706, 228, -1, -5, -1.7681918866447774, 5.0990195135927845
208, 93, 1218, 124, 1218, 123, 0, 1, 1.5707963267948966, 1.0
208, 94, 675, 562, 676, 559, -1, 3, 1.892546881191539, 3.1622776601683795
208, 95, 862, 223, 863, 228, -1, -5, -1.7681918866447774, 5.0990195135927845
208, 96, 846, 301, 847, 303, -1, -2, -2.0344439357957027, 2.23606797749979
208, 97, 371, 506, 371, 503, 0, 3, 1.5707963267948966, 3.0
208, 98, 668, 473, 668, 471, 0, 2, 1.5707963267948966, 2.0
208, 99, 287, 357, 287, 357, 0, 0, 0.0, 0.0
208, 100, 932, 94, 932, 94, 0, 0, 0.0, 0.0
208, 101, 787, 365, 787, 363, 0, 2, 1.5707963267948966, 2.0
208, 102, 1208, 258, 1208, 256, 0, 2, 1.5707963267948966, 2.0
208, 103, 823, 374, 823, 372, 0, 2, 1.5707963267948966, 2.0
208, 104, 475, 359, 474, 363, 1, -4, -1.3258176636680326, 4.123105625617661
208, 105, 1017, 153, 1020, 155, -3, -2, -2.5535900500422257, 3.605551275463989
208, 106, 485, 24, 485, 26, 0, -2, -1.5707963267948966, 2.0
208, 107, 614, 254, 614, 254, 0, 0, 0.0, 0.0
208, 108, 838, 225, 838, 229, 0, -4, -1.5707963267948966, 4.0
208, 109, 481, 275, 482, 277, -1, -2, -2.0344439357957027, 2.23606797749979
208, 110, 146, 87, 147, 86, -1, 1, 2.356194490192345, 1.4142135623730951
208, 111, 1208, 191, 1209, 191, -1, 0, 3.141592653589793, 1.0
208, 112, 816, 14, 816, 14, 0, 0, 0.0, 0.0
208, 113, 285, 310, 284, 310, 1, 0, 0.0, 1.0
208, 114, 1232, 115, 1232, 115, 0, 0, 0.0, 0.0
208, 115, 274, 348, 274, 348, 0, 0, 0.0, 0.0
208, 116, 818, 49, 818, 50, 0, -1, -1.5707963267948966, 1.0
208, 117, 104, 531, 102, 529, 2, 2, 0.7853981633974483, 2.8284271247461903
208, 118, 386, 61, 385, 63, 1, -2, -1.1071487177940904, 2.23606797749979
208, 119, 385, 691, 384, 689, 1, 2, 1.1071487177940904, 2.23606797749979
208, 120, 704, 212, 705, 217, -1, -5, -1.7681918866447774, 5.0990195135927845
208, 121, 264, 324, 264, 324, 0, 0, 0.0, 0.0
208, 122, 560, 663, 559, 666, 1, -3, -1.2490457723982544, 3.1622776601683795
208, 123, 711, 251, 711, 253, 0, -2, -1.5707963267948966, 2.0
208, 124, 91, 507, 91, 505, 0, 2, 1.5707963267948966, 2.0
208, 125, 374, 53, 373, 54, 1, -1, -0.7853981633974483, 1.4142135623730951
208, 126, 655, 36, 654, 34, 1, 2, 1.1071487177940904, 2.23606797749979
208, 127, 924, 95, 924, 95, 0, 0, 0.0, 0.0
208, 128, 530, 603, 532, 609, -2, -6, -1.892546881191539, 6.324555320336759
208, 129, 382, 601, 383, 597, -1, 4, 1.8157749899217608, 4.123105625617661
208, 130, 326, 375, 327, 375, -1, 0, 3.141592653589793, 1.0
208, 131, 695, 212, 696, 217, -1, -5, -1.7681918866447774, 5.0990195135927845
208, 132, 684, 384, 682, 381, 2, 3, 0.982793723247329, 3.605551275463989
208, 133, 1251, 479, 1250, 478, 1, 1, 0.7853981633974483, 1.4142135623730951
208, 134, 938, 32, 939, 32, -1, 0, 3.141592653589793, 1.0
208, 135, 677, 384, 675, 381, 2, 3, 0.982793723247329, 3.605551275463989
208, 136, 697, 448, 696, 444, 1, 4, 1.3258176636680326, 4.123105625617661
208, 137, 1108, 24, 1108, 24, 0, 0, 0.0, 0.0
208, 138, 273, 324, 273, 324, 0, 0, 0.0, 0.0
208, 139, 150, 61, 151, 60, -1, 1, 2.356194490192345, 1.4142135623730951
208, 140, 1219, 221, 1219, 218, 0, 3, 1.5707963267948966, 3.0
208, 141, 500, 66, 500, 67, 0, -1, -1.5707963267948966, 1.0
208, 142, 34, 118, 35, 118, -1, 0, 3.141592653589793, 1.0
208, 143, 697, 291, 698, 293, -1, -2, -2.0344439357957027, 2.23606797749979
208, 144, 680, 443, 678, 440, 2, 3, 0.982793723247329, 3.605551275463989
208, 145, 635, 68, 636, 68, -1, 0, 3.141592653589793, 1.0
208, 146, 382, 679, 382, 678, 0, 1, 1.5707963267948966, 1.0
208, 147, 1115, 23, 1115, 23, 0, 0, 0.0, 0.0
208, 148, 1214, 145, 1213, 144, 1, 1, 0.7853981633974483, 1.4142135623730951
208, 149, 1235, 192, 1235, 191, 0, 1, 1.5707963267948966, 1.0
208, 150, 826, 45, 826, 45, 0, 0, 0.0, 0.0
208, 151, 792, 38, 793, 38, -1, 0, 3.141592653589793, 1.0
208, 152, 339, 461, 339, 458, 0, 3, 1.5707963267948966, 3.0
208, 153, 404, 77, 400, 79, 4, -2, -0.4636476090008061, 4.47213595499958
208, 154, 262, 406, 263, 406, -1, 0, 3.141592653589793, 1.0
208, 155, 1180, 233, 1180, 230, 0, 3, 1.5707963267948966, 3.0
208, 156, 1026, 152, 1028, 153, -2, -1, -2.677945044588987, 2.23606797749979
208, 157, 156, 133, 157, 133, -1, 0, 3.141592653589793, 1.0
208, 158, 684, 262, 685, 266, -1, -4, -1.8157749899217608, 4.123105625617661
208, 159, 362, 672, 363, 668, -1, 4, 1.8157749899217608, 4.123105625617661
208, 160, 628, 215, 628, 212, 0, 3, 1.5707963267948966, 3.0
208, 161, 599, 79, 600, 79, -1, 0, 3.141592653589793, 1.0
208, 162, 827, 77, 827, 78, 0, -1, -1.5707963267948966, 1.0
208, 163, 1222, 146, 1221, 145, 1, 1, 0.7853981633974483, 1.4142135623730951
208, 164, 148, 128, 149, 127, -1, 1, 2.356194490192345, 1.4142135623730951
209, 0, 855, 212, 856, 216, -1, -4, -1.8157749899217608, 4.123105625617661
209, 1, 490, 280, 491, 283, -1, -3, -1.892546881191539, 3.1622776601683795
209, 2, 333, 504, 334, 501, -1, 3, 1.892546881191539, 3.1622776601683795
209, 3, 467, 348, 467, 350, 0, -2, -1.5707963267948966, 2.0
209, 4, 250, 341, 251, 341, -1, 0, 3.141592653589793, 1.0
209, 5, 169, 102, 170, 102, -1, 0, 3.141592653589793, 1.0
209, 6, 499, 302, 500, 306, -1, -4, -1.8157749899217608, 4.123105625617661
209, 7, 1032, 72, 1034, 74, -2, -2, -2.356194490192345, 2.8284271247461903
209, 8, 192, 701, 193, 701, -1, 0, 3.141592653589793, 1.0
209, 9, 101, 538, 99, 536, 2, 2, 0.7853981633974483, 2.8284271247461903
209, 10, 770, 19, 771, 19, -1, 0, 3.141592653589793, 1.0
209, 11, 361, 606, 362, 602, -1, 4, 1.8157749899217608, 4.123105625617661
209, 12, 255, 374, 256, 374, -1, 0, 3.141592653589793, 1.0
209, 13, 514, 673, 514, 676, 0, -3, -1.5707963267948966, 3.0
209, 14, 385, 15, 382, 15, 3, 0, 0.0, 3.0
209, 15, 70, 562, 68, 559, 2, 3, 0.982793723247329, 3.605551275463989
209, 16, 360, 547, 362, 547, -2, 0, 3.141592653589793, 2.0
209, 17, 711, 156, 711, 160, 0, -4, -1.5707963267948966, 4.0
209, 18, 379, 73, 379, 74, 0, -1, -1.5707963267948966, 1.0
209, 19, 821, 338, 822, 334, -1, 4, 1.8157749899217608, 4.123105625617661
209, 20, 328, 356, 329, 356, -1, 0, 3.141592653589793, 1.0
209, 21, 843, 214, 844, 218, -1, -4, -1.8157749899217608, 4.123105625617661
209, 22, 280, 339, 280, 340, 0, -1, -1.5707963267948966, 1.0
209, 23, 616, 179, 616, 176, 0, 3, 1.5707963267948966, 3.0
209, 24, 383, 24, 380, 24, 3, 0, 0.0, 3.0
209, 25, 565, 679, 566, 684, -1, -5, -1.7681918866447774, 5.0990195135927845
209, 26, 104, 570, 101, 568, 3, 2, 0.5880026035475675, 3.605551275463989
209, 27, 621, 552, 622, 547, -1, 5, 1.7681918866447774, 5.0990195135927845
209, 28, 261, 334, 261, 334, 0, 0, 0.0, 0.0
209, 29, 349, 572, 351, 565, -2, 7, 1.849095985800008, 7.280109889280518
209, 30, 251, 388, 252, 388, -1, 0, 3.141592653589793, 1.0
209, 31, 478, 282, 479, 285, -1, -3, -1.892546881191539, 3.1622776601683795
209, 32, 767, 11, 768, 11, -1, 0, 3.141592653589793, 1.0
209, 33, 1031, 83, 1033, 85, -2, -2, -2.356194490192345, 2.8284271247461903
209, 34, 314, 391, 315, 391, -1, 0, 3.141592653589793, 1.0
209, 35, 785, 29, 786, 29, -1, 0, 3.141592653589793, 1.0
209, 36, 56, 117, 57, 117, -1, 0, 3.141592653589793, 1.0
209, 37, 1040, 82, 1042, 84, -2, -2, -2.356194490192345, 2.8284271247461903
209, 38, 701, 226, 702, 231, -1, -5, -1.7681918866447774, 5.0990195135927845
209, 39, 303, 324, 303, 324, 0, 0, 0.0, 0.0
209, 40, 850, 201, 851, 205, -1, -4, -1.8157749899217608, 4.123105625617661
209, 41, 33, 85, 34, 85, -1, 0, 3.141592653589793, 1.0
209, 42, 675, 465, 675, 463, 0, 2, 1.5707963267948966, 2.0
209, 43, 689, 398, 688, 395, 1, 3, 1.2490457723982544, 3.1622776601683795
209, 44, 31, 109, 32, 109, -1, 0, 3.141592653589793, 1.0
209, 45, 399, 655, 401, 648, -2, 7, 1.849095985800008, 7.280109889280518
209, 46, 694, 404, 692, 401, 2, 3, 0.982793723247329, 3.605551275463989
209, 47, 476, 109, 476, 110, 0, -1, -1.5707963267948966, 1.0
209, 48, 405, 663, 407, 658, -2, 5, 1.9513027039072615, 5.385164807134504
209, 49, 464, 329, 465, 331, -1, -2, -2.0344439357957027, 2.23606797749979
209, 50, 300, 357, 300, 357, 0, 0, 0.0, 0.0
209, 51, 259, 389, 260, 389, -1, 0, 3.141592653589793, 1.0
209, 52, 829, 255, 830, 255, -1, 0, 3.141592653589793, 1.0
209, 53, 1212, 163, 1212, 162, 0, 1, 1.5707963267948966, 1.0
209, 54, 144, 113, 145, 112, -1, 1, 2.356194490192345, 1.4142135623730951
209, 55, 1217, 215, 1217, 212, 0, 3, 1.5707963267948966, 3.0
209, 56, 938, 18, 938, 18, 0, 0, 0.0, 0.0
209, 57, 812, 91, 812, 92, 0, -1, -1.5707963267948966, 1.0
209, 58, 660, 468, 661, 466, -1, 2, 2.0344439357957027, 2.23606797749979
209, 59, 283, 378, 284, 378, -1, 0, 3.141592653589793, 1.0
209, 60, 328, 366, 328, 366, 0, 0, 0.0, 0.0
209, 61, 694, 221, 695, 226, -1, -5, -1.7681918866447774, 5.0990195135927845
209, 62, 325, 339, 325, 339, 0, 0, 0.0, 0.0
209, 63, 735, 138, 735, 140, 0, -2, -1.5707963267948966, 2.0
209, 64, 674, 396, 672, 393, 2, 3, 0.982793723247329, 3.605551275463989
209, 65, 245, 405, 246, 405, -1, 0, 3.141592653589793, 1.0
209, 66, 518, 626, 519, 631, -1, -5, -1.7681918866447774, 5.0990195135927845
209, 67, 261, 381, 262, 381, -1, 0, 3.141592653589793, 1.0
209, 68, 937, 101, 937, 101, 0, 0, 0.0, 0.0
209, 69, 685, 503, 685, 503, 0, 0, 0.0, 0.0
209, 70, 748, 46, 750, 47, -2, -1, -2.677945044588987, 2.23606797749979
209, 71, 499, 287, 500, 290, -1, -3, -1.892546881191539, 3.1622776601683795
209, 72, 655, 585, 655, 585, 0, 0, 0.0, 0.0
209, 73, 812, 23, 812, 23, 0, 0, 0.0, 0.0
209, 74, 801, 80, 800, 81, 1, -1, -0.7853981633974483, 1.4142135623730951
209, 75, 1217, 250, 1217, 247, 0, 3, 1.5707963267948966, 3.0
209, 76, 1191, 302, 1190, 301, 1, 1, 0.7853981633974483, 1.4142135623730951
209, 77, 328, 406, 329, 406, -1, 0, 3.141592653589793, 1.0
209, 78, 501, 330, 501, 333, 0, -3, -1.5707963267948966, 3.0
209, 79, 819, 329, 819, 325, 0, 4, 1.5707963267948966, 4.0
209, 80, 660, 430, 658, 427, 2, 3, 0.982793723247329, 3.605551275463989
209, 81, 85, 556, 84, 554, 1, 2, 1.1071487177940904, 2.23606797749979
209, 82, 802, 418, 800, 415, 2, 3, 0.982793723247329, 3.605551275463989
209, 83, 1261, 531, 1261, 529, 0, 2, 1.5707963267948966, 2.0
209, 84, 1259, 119, 1259, 117, 0, 2, 1.5707963267948966, 2.0
209, 85, 1039, 73, 1041, 75, -2, -2, -2.356194490192345, 2.8284271247461903
209, 86, 807, 333, 807, 329, 0, 4, 1.5707963267948966, 4.0
209, 87, 1027, 127, 1028, 129, -1, -2, -2.0344439357957027, 2.23606797749979
209, 88, 1184, 316, 1182, 314, 2, 2, 0.7853981633974483, 2.8284271247461903
209, 89, 704, 218, 705, 223, -1, -5, -1.7681918866447774, 5.0990195135927845
209, 90, 1218, 125, 1218, 124, 0, 1, 1.5707963267948966, 1.0
209, 91, 675, 566, 675, 562, 0, 4, 1.5707963267948966, 4.0
209, 92, 861, 219, 862, 223, -1, -4, -1.8157749899217608, 4.123105625617661
209, 93, 845, 299, 846, 301, -1, -2, -2.0344439357957027, 2.23606797749979
209, 94, 370, 509, 371, 506, -1, 3, 1.892546881191539, 3.1622776601683795
209, 95, 668, 475, 668, 473, 0, 2, 1.5707963267948966, 2.0
209, 96, 287, 357, 287, 357, 0, 0, 0.0, 0.0
209, 97, 932, 94, 932, 94, 0, 0, 0.0, 0.0
209, 98, 787, 368, 787, 365, 0, 3, 1.5707963267948966, 3.0
209, 99, 1208, 260, 1208, 258, 0, 2, 1.5707963267948966, 2.0
209, 100, 823, 376, 823, 374, 0, 2, 1.5707963267948966, 2.0
209, 101, 476, 356, 475, 359, 1, -3, -1.2490457723982544, 3.1622776601683795
209, 102, 1013, 149, 1017, 153, -4, -4, -2.356194490192345, 5.656854249492381
209, 103, 485, 23, 485, 24, 0, -1, -1.5707963267948966, 1.0
209, 104, 613, 254, 614, 254, -1, 0, 3.141592653589793, 1.0
209, 105, 837, 221, 838, 225, -1, -4, -1.8157749899217608, 4.123105625617661
209, 106, 480, 272, 481, 275, -1, -3, -1.892546881191539, 3.1622776601683795
209, 107, 145, 88, 146, 87, -1, 1, 2.356194490192345, 1.4142135623730951
209, 108, 1208, 191, 1208, 191, 0, 0, 0.0, 0.0
209, 109, 816, 14, 816, 14, 0, 0, 0.0, 0.0
209, 110, 285, 310, 285, 310, 0, 0, 0.0, 0.0
209, 111, 1232, 116, 1232, 115, 0, 1, 1.5707963267948966, 1.0
209, 112, 274, 348, 274, 348, 0, 0, 0.0, 0.0
209, 113, 818, 48, 818, 49, 0, -1, -1.5707963267948966, 1.0
209, 114, 106, 533, 104, 531, 2, 2, 0.7853981633974483, 2.8284271247461903
209, 115, 387, 59, 386, 61, 1, -2, -1.1071487177940904, 2.23606797749979
209, 116, 386, 693, 385, 691, 1, 2, 1.1071487177940904, 2.23606797749979
209, 117, 704, 207, 704, 212, 0, -5, -1.5707963267948966, 5.0
209, 118, 264, 324, 264, 324, 0, 0, 0.0, 0.0
209, 119, 562, 660, 560, 663, 2, -3, -0.982793723247329, 3.605551275463989
209, 120, 91, 509, 91, 507, 0, 2, 1.5707963267948966, 2.0
209, 121, 375, 52, 374, 53, 1, -1, -0.7853981633974483, 1.4142135623730951
209, 122, 655, 38, 655, 36, 0, 2, 1.5707963267948966, 2.0
209, 123, 923, 95, 924, 95, -1, 0, 3.141592653589793, 1.0
209, 124, 528, 597, 530, 603, -2, -6, -1.892546881191539, 6.324555320336759
209, 125, 381, 604, 382, 601, -1, 3, 1.892546881191539, 3.1622776601683795
209, 126, 325, 375, 326, 375, -1, 0, 3.141592653589793, 1.0
209, 127, 695, 207, 695, 212, 0, -5, -1.5707963267948966, 5.0
209, 128, 686, 387, 684, 384, 2, 3, 0.982793723247329, 3.605551275463989
209, 129, 1252, 480, 1251, 479, 1, 1, 0.7853981633974483, 1.4142135623730951
209, 130, 937, 32, 938, 32, -1, 0, 3.141592653589793, 1.0
209, 131, 679, 387, 677, 384, 2, 3, 0.982793723247329, 3.605551275463989
209, 132, 698, 451, 697, 448, 1, 3, 1.2490457723982544, 3.1622776601683795
209, 133, 1108, 23, 1108, 24, 0, -1, -1.5707963267948966, 1.0
209, 134, 273, 324, 273, 324, 0, 0, 0.0, 0.0
209, 135, 149, 61, 150, 61, -1, 0, 3.141592653589793, 1.0
209, 136, 1219, 224, 1219, 221, 0, 3, 1.5707963267948966, 3.0
209, 137, 500, 65, 500, 66, 0, -1, -1.5707963267948966, 1.0
209, 138, 33, 118, 34, 118, -1, 0, 3.141592653589793, 1.0
209, 139, 696, 289, 697, 291, -1, -2, -2.0344439357957027, 2.23606797749979
209, 140, 681, 446, 680, 443, 1, 3, 1.2490457723982544, 3.1622776601683795
209, 141, 634, 68, 635, 68, -1, 0, 3.141592653589793, 1.0
209, 142, 382, 680, 382, 679, 0, 1, 1.5707963267948966, 1.0
209, 143, 1115, 23, 1115, 23, 0, 0, 0.0, 0.0
209, 144, 1215, 146, 1214, 145, 1, 1, 0.7853981633974483, 1.4142135623730951
209, 145, 1235, 192, 1235, 192, 0, 0, 0.0, 0.0
209, 146, 826, 44, 826, 45, 0, -1, -1.5707963267948966, 1.0
209, 147, 791, 38, 792, 38, -1, 0, 3.141592653589793, 1.0
209, 148, 338, 465, 339, 461, -1, 4, 1.8157749899217608, 4.123105625617661
209, 149, 407, 76, 404, 77, 3, -1, -0.3217505543966422, 3.1622776601683795
209, 150, 261, 406, 262, 406, -1, 0, 3.141592653589793, 1.0
209, 151, 1180, 236, 1180, 233, 0, 3, 1.5707963267948966, 3.0
209, 152, 1025, 150, 1026, 152, -1, -2, -2.0344439357957027, 2.23606797749979
209, 153, 155, 133, 156, 133, -1, 0, 3.141592653589793, 1.0
209, 154, 683, 257, 684, 262, -1, -5, -1.7681918866447774, 5.0990195135927845
209, 155, 362, 677, 362, 672, 0, 5, 1.5707963267948966, 5.0
209, 156, 628, 218, 628, 215, 0, 3, 1.5707963267948966, 3.0
209, 157, 598, 79, 599, 79, -1, 0, 3.141592653589793, 1.0
209, 158, 828, 76, 827, 77, 1, -1, -0.7853981633974483, 1.4142135623730951
209, 159, 1222, 147, 1222, 146, 0, 1, 1.5707963267948966, 1.0
209, 160, 147, 128, 148, 128, -1, 0, 3.141592653589793, 1.0
210, 0, 854, 215, 855, 218, -1, -3, -1.892546881191539, 3.1622776601683795
210, 1, 491, 281, 492, 284, -1, -3, -1.892546881191539, 3.1622776601683795
210, 2, 334, 506, 335, 503, -1, 3, 1.892546881191539, 3.1622776601683795
210, 3, 252, 342, 252, 342, 0, 0, 0.0, 0.0
210, 4, 362, 607, 363, 603, -1, 4, 1.8157749899217608, 4.123105625617661
210, 5, 1032, 73, 1035, 74, -3, -1, -2.819842099193151, 3.1622776601683795
210, 6, 566, 665, 566, 669, 0, -4, -1.5707963267948966, 4.0
210, 7, 169, 102, 170, 102, -1, 0, 3.141592653589793, 1.0
210, 8, 843, 215, 844, 218, -1, -3, -1.892546881191539, 3.1622776601683795
210, 9, 468, 349, 467, 351, 1, -2, -1.1071487177940904, 2.23606797749979
210, 10, 768, 11, 769, 11, -1, 0, 3.141592653589793, 1.0
210, 11, 513, 675, 513, 677, 0, -2, -1.5707963267948966, 2.0
210, 12, 66, 562, 64, 560, 2, 2, 0.7853981633974483, 2.8284271247461903
210, 13, 332, 352, 332, 352, 0, 0, 0.0, 0.0
210, 14, 386, 17, 383, 16, 3, 1, 0.3217505543966422, 3.1622776601683795
210, 15, 380, 75, 379, 75, 1, 0, 0.0, 1.0
210, 16, 821, 340, 822, 336, -1, 4, 1.8157749899217608, 4.123105625617661
210, 17, 255, 374, 256, 374, -1, 0, 3.141592653589793, 1.0
210, 18, 383, 25, 380, 25, 3, 0, 0.0, 3.0
210, 19, 56, 117, 56, 117, 0, 0, 0.0, 0.0
210, 20, 1030, 162, 1031, 162, -1, 0, 3.141592653589793, 1.0
210, 21, 617, 178, 617, 176, 0, 2, 1.5707963267948966, 2.0
210, 22, 622, 554, 623, 549, -1, 5, 1.7681918866447774, 5.0990195135927845
210, 23, 770, 20, 771, 20, -1, 0, 3.141592653589793, 1.0
210, 24, 301, 358, 301, 358, 0, 0, 0.0, 0.0
210, 25, 31, 109, 32, 109, -1, 0, 3.141592653589793, 1.0
210, 26, 786, 30, 787, 30, -1, 0, 3.141592653589793, 1.0
210, 27, 251, 388, 252, 388, -1, 0, 3.141592653589793, 1.0
210, 28, 1041, 84, 1044, 85, -3, -1, -2.819842099193151, 3.1622776601683795
210, 29, 261, 333, 261, 334, 0, -1, -1.5707963267948966, 1.0
210, 30, 103, 542, 101, 540, 2, 2, 0.7853981633974483, 2.8284271247461903
210, 31, 275, 337, 275, 338, 0, -1, -1.5707963267948966, 1.0
210, 32, 701, 228, 702, 232, -1, -4, -1.8157749899217608, 4.123105625617661
210, 33, 851, 203, 852, 206, -1, -3, -1.892546881191539, 3.1622776601683795
210, 34, 846, 300, 847, 303, -1, -3, -1.892546881191539, 3.1622776601683795
210, 35, 389, 61, 387, 63, 2, -2, -0.7853981633974483, 2.8284271247461903
210, 36, 1030, 84, 1033, 85, -3, -1, -2.819842099193151, 3.1622776601683795
210, 37, 479, 283, 480, 286, -1, -3, -1.892546881191539, 3.1622776601683795
210, 38, 303, 324, 303, 324, 0, 0, 0.0, 0.0
210, 39, 500, 302, 501, 306, -1, -4, -1.8157749899217608, 4.123105625617661
210, 40, 33, 85, 34, 85, -1, 0, 3.141592653589793, 1.0
210, 41, 673, 397, 672, 394, 1, 3, 1.2490457723982544, 3.1622776601683795
210, 42, 145, 114, 146, 113, -1, 1, 2.356194490192345, 1.4142135623730951
210, 43, 490, 388, 490, 389, 0, -1, -1.5707963267948966, 1.0
210, 44, 477, 109, 477, 111, 0, -2, -1.5707963267948966, 2.0
210, 45, 315, 391, 316, 391, -1, 0, 3.141592653589793, 1.0
210, 46, 794, 357, 794, 353, 0, 4, 1.5707963267948966, 4.0
210, 47, 695, 223, 696, 227, -1, -4, -1.8157749899217608, 4.123105625617661
210, 48, 403, 667, 405, 662, -2, 5, 1.9513027039072615, 5.385164807134504
210, 49, 325, 339, 325, 339, 0, 0, 0.0, 0.0
210, 50, 1212, 163, 1212, 162, 0, 1, 1.5707963267948966, 1.0
210, 51, 693, 404, 692, 401, 1, 3, 1.2490457723982544, 3.1622776601683795
210, 52, 285, 378, 285, 378, 0, 0, 0.0, 0.0
210, 53, 652, 589, 653, 589, -1, 0, 3.141592653589793, 1.0
210, 54, 812, 91, 812, 92, 0, -1, -1.5707963267948966, 1.0
210, 55, 710, 156, 710, 159, 0, -3, -1.5707963267948966, 3.0
210, 56, 845, 261, 846, 264, -1, -3, -1.892546881191539, 3.1622776601683795
210, 57, 329, 366, 329, 366, 0, 0, 0.0, 0.0
210, 58, 1218, 215, 1218, 212, 0, 3, 1.5707963267948966, 3.0
210, 59, 245, 405, 246, 405, -1, 0, 3.141592653589793, 1.0
210, 60, 261, 390, 262, 390, -1, 0, 3.141592653589793, 1.0
210, 61, 689, 398, 688, 395, 1, 3, 1.2490457723982544, 3.1622776601683795
210, 62, 1017, 120, 1019, 121, -2, -1, -2.677945044588987, 2.23606797749979
210, 63, 735, 139, 735, 141, 0, -2, -1.5707963267948966, 2.0
210, 64, 936, 101, 937, 101, -1, 0, 3.141592653589793, 1.0
210, 65, 676, 465, 676, 463, 0, 2, 1.5707963267948966, 2.0
210, 66, 87, 558, 86, 556, 1, 2, 1.1071487177940904, 2.23606797749979
210, 67, 829, 260, 830, 260, -1, 0, 3.141592653589793, 1.0
210, 68, 262, 381, 263, 381, -1, 0, 3.141592653589793, 1.0
210, 69, 686, 504, 686, 504, 0, 0, 0.0, 0.0
210, 70, 373, 509, 374, 506, -1, 3, 1.892546881191539, 3.1622776601683795
210, 71, 837, 223, 838, 226, -1, -3, -1.892546881191539, 3.1622776601683795
210, 72, 786, 371, 786, 367, 0, 4, 1.5707963267948966, 4.0
210, 73, 518, 626, 519, 631, -1, -5, -1.7681918866447774, 5.0990195135927845
210, 74, 1027, 128, 1029, 129, -2, -1, -2.677945044588987, 2.23606797749979
210, 75, 1039, 74, 1042, 75, -3, -1, -2.819842099193151, 3.1622776601683795
210, 76, 349, 577, 350, 572, -1, 5, 1.7681918866447774, 5.0990195135927845
210, 77, 749, 47, 751, 48, -2, -1, -2.677945044588987, 2.23606797749979
210, 78, 1260, 119, 1260, 117, 0, 2, 1.5707963267948966, 2.0
210, 79, 668, 474, 668, 472, 0, 2, 1.5707963267948966, 2.0
210, 80, 705, 220, 706, 224, -1, -4, -1.8157749899217608, 4.123105625617661
210, 81, 1208, 192, 1208, 192, 0, 0, 0.0, 0.0
210, 82, 801, 81, 800, 82, 1, -1, -0.7853981633974483, 1.4142135623730951
210, 83, 819, 331, 820, 327, -1, 4, 1.8157749899217608, 4.123105625617661
210, 84, 481, 272, 482, 275, -1, -3, -1.892546881191539, 3.1622776601683795
210, 85, 1261, 33, 1263, 33, -2, 0, 3.141592653589793, 2.0
210, 86, 286, 310, 285, 310, 1, 0, 0.0, 1.0
210, 87, 529, 598, 531, 603, -2, -5, -1.9513027039072615, 5.385164807134504
210, 88, 812, 23, 812, 23, 0, 0, 0.0, 0.0
210, 89, 655, 38, 655, 36, 0, 2, 1.5707963267948966, 2.0
210, 90, 1208, 261, 1209, 259, -1, 2, 2.0344439357957027, 2.23606797749979
210, 91, 931, 94, 932, 94, -1, 0, 3.141592653589793, 1.0
210, 92, 807, 336, 807, 332, 0, 4, 1.5707963267948966, 4.0
210, 93, 1261, 30, 1275, 31, -14, -1, -3.070285188804503, 14.035668847618199
210, 94, 659, 430, 658, 427, 1, 3, 1.2490457723982544, 3.1622776601683795
210, 95, 149, 62, 150, 61, -1, 1, 2.356194490192345, 1.4142135623730951
210, 96, 275, 347, 275, 348, 0, -1, -1.5707963267948966, 1.0
210, 97, 97, 512, 96, 510, 1, 2, 1.1071487177940904, 2.23606797749979
210, 98, 675, 567, 675, 565, 0, 2, 1.5707963267948966, 2.0
210, 99, 498, 336, 498, 339, 0, -3, -1.5707963267948966, 3.0
210, 100, 405, 77, 402, 77, 3, 0, 0.0, 3.0
210, 101, 500, 288, 501, 291, -1, -3, -1.892546881191539, 3.1622776601683795
210, 102, 486, 23, 486, 24, 0, -1, -1.5707963267948966, 1.0
210, 103, 55, 161, 55, 161, 0, 0, 0.0, 0.0
210, 104, 1187, 311, 1185, 310, 2, 1, 0.4636476090008061, 2.23606797749979
210, 105, 1218, 125, 1218, 125, 0, 0, 0.0, 0.0
210, 106, 815, 15, 815, 15, 0, 0, 0.0, 0.0
210, 107, 1217, 250, 1217, 247, 0, 3, 1.5707963267948966, 3.0
210, 108, 301, 376, 301, 376, 0, 0, 0.0, 0.0
210, 109, 146, 88, 147, 87, -1, 1, 2.356194490192345, 1.4142135623730951
210, 110, 724, 217, 724, 218, 0, -1, -1.5707963267948966, 1.0
210, 111, 1233, 116, 1233, 116, 0, 0, 0.0, 0.0
210, 112, 1015, 147, 1018, 151, -3, -4, -2.214297435588181, 5.0
210, 113, 705, 209, 705, 213, 0, -4, -1.5707963267948966, 4.0
210, 114, 613, 255, 614, 255, -1, 0, 3.141592653589793, 1.0
210, 115, 923, 95, 924, 95, -1, 0, 3.141592653589793, 1.0
210, 116, 679, 388, 677, 385, 2, 3, 0.982793723247329, 3.605551275463989
210, 117, 477, 357, 476, 360, 1, -3, -1.2490457723982544, 3.1622776601683795
210, 118, 483, 357, 483, 361, 0, -4, -1.5707963267948966, 4.0
210, 119, 829, 76, 828, 77, 1, -1, -0.7853981633974483, 1.4142135623730951
210, 120, 263, 324, 264, 324, -1, 0, 3.141592653589793, 1.0
210, 121, 819, 49, 819, 50, 0, -1, -1.5707963267948966, 1.0
210, 122, 501, 66, 501, 67, 0, -1, -1.5707963267948966, 1.0
210, 123, 109, 537, 107, 535, 2, 2, 0.7853981633974483, 2.8284271247461903
210, 124, 861, 221, 862, 224, -1, -3, -1.892546881191539, 3.1622776601683795
210, 125, 502, 330, 502, 333, 0, -3, -1.5707963267948966, 3.0
210, 126, 286, 356, 287, 356, -1, 0, 3.141592653589793, 1.0
210, 127, 826, 379, 825, 376, 1, 3, 1.2490457723982544, 3.1622776601683795
210, 128, 711, 253, 711, 254, 0, -1, -1.5707963267948966, 1.0
210, 129, 1116, 23, 1115, 23, 1, 0, 0.0, 1.0
210, 130, 696, 209, 696, 213, 0, -4, -1.5707963267948966, 4.0
210, 131, 72, 564, 71, 562, 1, 2, 1.1071487177940904, 2.23606797749979
210, 132, 1251, 481, 1250, 480, 1, 1, 0.7853981633974483, 1.4142135623730951
210, 133, 328, 375, 328, 375, 0, 0, 0.0, 0.0
210, 134, 379, 42, 376, 42, 3, 0, 0.0, 3.0
210, 135, 397, 657, 400, 651, -3, 6, 2.0344439357957027, 6.708203932499369
210, 136, 330, 500, 331, 497, -1, 3, 1.892546881191539, 3.1622776601683795
210, 137, 812, 330, 812, 326, 0, 4, 1.5707963267948966, 4.0
210, 138, 1225, 165, 1224, 164, 1, 1, 0.7853981633974483, 1.4142135623730951
210, 139, 741, 176, 741, 177, 0, -1, -1.5707963267948966, 1.0
210, 140, 686, 388, 684, 385, 2, 3, 0.982793723247329, 3.605551275463989
210, 141, 353, 667, 354, 663, -1, 4, 1.8157749899217608, 4.123105625617661
210, 142, 1220, 224, 1220, 221, 0, 3, 1.5707963267948966, 3.0
210, 143, 938, 32, 939, 32, -1, 0, 3.141592653589793, 1.0
210, 144, 107, 582, 105, 580, 2, 2, 0.7853981633974483, 2.8284271247461903
210, 145, 137, 53, 138, 53, -1, 0, 3.141592653589793, 1.0
210, 146, 661, 471, 661, 468, 0, 3, 1.5707963267948966, 3.0
210, 147, 812, 45, 812, 46, 0, -1, -1.5707963267948966, 1.0
210, 148, 635, 68, 636, 68, -1, 0, 3.141592653589793, 1.0
210, 149, 380, 604, 382, 601, -2, 3, 2.158798930342464, 3.605551275463989
210, 150, 779, 40, 780, 40, -1, 0, 3.141592653589793, 1.0
210, 151, 837, 289, 838, 294, -1, -5, -1.7681918866447774, 5.0990195135927845
210, 152, 791, 38, 792, 38, -1, 0, 3.141592653589793, 1.0
210, 153, 338, 466, 338, 463, 0, 3, 1.5707963267948966, 3.0
210, 154, 56, 560, 53, 559, 3, 1, 0.3217505543966422, 3.1622776601683795
210, 155, 34, 118, 35, 118, -1, 0, 3.141592653589793, 1.0
210, 156, 1181, 236, 1181, 233, 0, 3, 1.5707963267948966, 3.0
210, 157, 826, 44, 826, 45, 0, -1, -1.5707963267948966, 1.0
210, 158, 699, 453, 698, 450, 1, 3, 1.2490457723982544, 3.1622776601683795
210, 159, 646, 78, 647, 78, -1, 0, 3.141592653589793, 1.0
210, 160, 318, 401, 319, 401, -1, 0, 3.141592653589793, 1.0
210, 161, 157, 134, 158, 134, -1, 0, 3.141592653589793, 1.0
210, 162, 824, 359, 824, 355, 0, 4, 1.5707963267948966, 4.0
210, 163, 149, 130, 150, 130, -1, 0, 3.141592653589793, 1.0
210, 164, 494, 61, 494, 63, 0, -2, -1.5707963267948966, 2.0
210, 165, 625, 274, 625, 274, 0, 0, 0.0, 0.0
210, 166, 362, 678, 362, 673, 0, 5, 1.5707963267948966, 5.0
210, 167, 273, 324, 273, 324, 0, 0, 0.0, 0.0
210, 168, 1235, 191, 1235, 191, 0, 0, 0.0, 0.0
210, 169, 598, 79, 599, 79, -1, 0, 3.141592653589793, 1.0
210, 170, 1215, 146, 1214, 145, 1, 1, 0.7853981633974483, 1.4142135623730951
210, 171, 731, 199, 732, 205, -1, -6, -1.7359450042095235, 6.082762530298219
211, 0, 853, 212, 854, 215, -1, -3, -1.892546881191539, 3.1622776601683795
211, 1, 490, 277, 491, 281, -1, -4, -1.8157749899217608, 4.123105625617661
211, 2, 333, 510, 334, 506, -1, 4, 1.8157749899217608, 4.123105625617661
211, 3, 252, 341, 252, 342, 0, -1, -1.5707963267948966, 1.0
211, 4, 362, 610, 362, 607, 0, 3, 1.5707963267948966, 3.0
211, 5, 1029, 71, 1032, 73, -3, -2, -2.5535900500422257, 3.605551275463989
211, 6, 565, 661, 566, 665, -1, -4, -1.8157749899217608, 4.123105625617661
211, 7, 168, 103, 169, 102, -1, 1, 2.356194490192345, 1.4142135623730951
211, 8, 842, 213, 843, 215, -1, -2, -2.0344439357957027, 2.23606797749979
211, 9, 469, 347, 468, 349, 1, -2, -1.1071487177940904, 2.23606797749979
211, 10, 767, 11, 768, 11, -1, 0, 3.141592653589793, 1.0
211, 11, 512, 672, 513, 675, -1, -3, -1.892546881191539, 3.1622776601683795
211, 12, 67, 563, 66, 562, 1, 1, 0.7853981633974483, 1.4142135623730951
211, 13, 332, 352, 332, 352, 0, 0, 0.0, 0.0
211, 14, 389, 17, 386, 17, 3, 0, 0.0, 3.0
211, 15, 381, 75, 380, 75, 1, 0, 0.0, 1.0
211, 16, 820, 344, 821, 340, -1, 4, 1.8157749899217608, 4.123105625617661
211, 17, 254, 374, 255, 374, -1, 0, 3.141592653589793, 1.0
211, 18, 386, 25, 383, 25, 3, 0, 0.0, 3.0
211, 19, 56, 117, 56, 117, 0, 0, 0.0, 0.0
211, 20, 617, 180, 617, 178, 0, 2, 1.5707963267948966, 2.0
211, 21, 621, 559, 622, 554, -1, 5, 1.7681918866447774, 5.0990195135927845
211, 22, 769, 20, 770, 20, -1, 0, 3.141592653589793, 1.0
211, 23, 301, 358, 301, 358, 0, 0, 0.0, 0.0
211, 24, 30, 109, 31, 109, -1, 0, 3.141592653589793, 1.0
211, 25, 785, 30, 786, 30, -1, 0, 3.141592653589793, 1.0
211, 26, 250, 388, 251, 388, -1, 0, 3.141592653589793, 1.0
211, 27, 1038, 82, 1041, 84, -3, -2, -2.5535900500422257, 3.605551275463989
211, 28, 261, 332, 261, 333, 0, -1, -1.5707963267948966, 1.0
211, 29, 105, 544, 103, 542, 2, 2, 0.7853981633974483, 2.8284271247461903
211, 30, 275, 336, 275, 337, 0, -1, -1.5707963267948966, 1.0
211, 31, 700, 224, 701, 228, -1, -4, -1.8157749899217608, 4.123105625617661
211, 32, 850, 200, 851, 203, -1, -3, -1.892546881191539, 3.1622776601683795
211, 33, 846, 298, 846, 300, 0, -2, -1.5707963267948966, 2.0
211, 34, 392, 60, 389, 61, 3, -1, -0.3217505543966422, 3.1622776601683795
211, 35, 1028, 83, 1030, 84, -2, -1, -2.677945044588987, 2.23606797749979
211, 36, 478, 279, 479, 283, -1, -4, -1.8157749899217608, 4.123105625617661
211, 37, 303, 324, 303, 324, 0, 0, 0.0, 0.0
211, 38, 499, 299, 500, 302, -1, -3, -1.892546881191539, 3.1622776601683795
211, 39, 32, 85, 33, 85, -1, 0, 3.141592653589793, 1.0
211, 40, 674, 400, 673, 397, 1, 3, 1.2490457723982544, 3.1622776601683795
211, 41, 144, 115, 145, 114, -1, 1, 2.356194490192345, 1.4142135623730951
211, 42, 490, 386, 490, 388, 0, -2, -1.5707963267948966, 2.0
211, 43, 477, 107, 477, 109, 0, -2, -1.5707963267948966, 2.0
211, 44, 314, 391, 315, 391, -1, 0, 3.141592653589793, 1.0
211, 45, 794, 361, 794, 357, 0, 4, 1.5707963267948966, 4.0
211, 46, 694, 219, 695, 223, -1, -4, -1.8157749899217608, 4.123105625617661
211, 47, 401, 671, 403, 667, -2, 4, 2.0344439357957027, 4.47213595499958
211, 48, 325, 339, 325, 339, 0, 0, 0.0, 0.0
211, 49, 1212, 164, 1212, 163, 0, 1, 1.5707963267948966, 1.0
211, 50, 694, 407, 693, 404, 1, 3, 1.2490457723982544, 3.1622776601683795
211, 51, 285, 378, 285, 378, 0, 0, 0.0, 0.0
211, 52, 652, 590, 652, 589, 0, 1, 1.5707963267948966, 1.0
211, 53, 813, 89, 812, 91, 1, -2, -1.1071487177940904, 2.23606797749979
211, 54, 710, 153, 710, 156, 0, -3, -1.5707963267948966, 3.0
211, 55, 845, 260, 845, 261, 0, -1, -1.5707963267948966, 1.0
211, 56, 329, 366, 329, 366, 0, 0, 0.0, 0.0
211, 57, 1218, 218, 1218, 215, 0, 3, 1.5707963267948966, 3.0
211, 58, 245, 405, 245, 405, 0, 0, 0.0, 0.0
211, 59, 260, 390, 261, 390, -1, 0, 3.141592653589793, 1.0
211, 60, 690, 401, 689, 398, 1, 3, 1.2490457723982544, 3.1622776601683795
211, 61, 1015, 119, 1017, 120, -2, -1, -2.677945044588987, 2.23606797749979
211, 62, 735, 137, 735, 139, 0, -2, -1.5707963267948966, 2.0
211, 63, 935, 101, 936, 101, -1, 0, 3.141592653589793, 1.0
211, 64, 677, 469, 676, 465, 1, 4, 1.3258176636680326, 4.123105625617661
211, 65, 88, 560, 87, 558, 1, 2, 1.1071487177940904, 2.23606797749979
211, 66, 829, 260, 829, 260, 0, 0, 0.0, 0.0
211, 67, 261, 381, 262, 381, -1, 0, 3.141592653589793, 1.0
211, 68, 686, 504, 686, 504, 0, 0, 0.0, 0.0
211, 69, 372, 512, 373, 509, -1, 3, 1.892546881191539, 3.1622776601683795
211, 70, 836, 221, 837, 223, -1, -2, -2.0344439357957027, 2.23606797749979
211, 71, 786, 376, 786, 371, 0, 5, 1.5707963267948966, 5.0
211, 72, 517, 621, 518, 626, -1, -5, -1.7681918866447774, 5.0990195135927845
211, 73, 1025, 126, 1027, 128, -2, -2, -2.356194490192345, 2.8284271247461903
211, 74, 1036, 72, 1039, 74, -3, -2, -2.5535900500422257, 3.605551275463989
211, 75, 349, 581, 349, 577, 0, 4, 1.5707963267948966, 4.0
211, 76, 748, 47, 749, 47, -1, 0, 3.141592653589793, 1.0
211, 77, 1261, 121, 1260, 119, 1, 2, 1.1071487177940904, 2.23606797749979
211, 78, 669, 478, 668, 474, 1, 4, 1.3258176636680326, 4.123105625617661
211, 79, 704, 216, 705, 220, -1, -4, -1.8157749899217608, 4.123105625617661
211, 80, 1208, 192, 1208, 192, 0, 0, 0.0, 0.0
211, 81, 802, 80, 801, 81, 1, -1, -0.7853981633974483, 1.4142135623730951
211, 82, 818, 335, 819, 331, -1, 4, 1.8157749899217608, 4.123105625617661
211, 83, 480, 268, 481, 272, -1, -4, -1.8157749899217608, 4.123105625617661
211, 84, 1260, 33, 1261, 33, -1, 0, 3.141592653589793, 1.0
211, 85, 286, 310, 286, 310, 0, 0, 0.0, 0.0
211, 86, 527, 592, 529, 598, -2, -6, -1.892546881191539, 6.324555320336759
211, 87, 812, 23, 812, 23, 0, 0, 0.0, 0.0
211, 88, 655, 40, 655, 38, 0, 2, 1.5707963267948966, 2.0
211, 89, 1207, 264, 1208, 261, -1, 3, 1.892546881191539, 3.1622776601683795
211, 90, 930, 94, 931, 94, -1, 0, 3.141592653589793, 1.0
211, 91, 807, 340, 807, 336, 0, 4, 1.5707963267948966, 4.0
211, 92, 1260, 30, 1261, 30, -1, 0, 3.141592653589793, 1.0
211, 93, 660, 433, 659, 430, 1, 3, 1.2490457723982544, 3.1622776601683795
211, 94, 148, 62, 149, 62, -1, 0, 3.141592653589793, 1.0
211, 95, 275, 346, 275, 347, 0, -1, -1.5707963267948966, 1.0
211, 96, 98, 514, 97, 512, 1, 2, 1.1071487177940904, 2.23606797749979
211, 97, 675, 569, 675, 567, 0, 2, 1.5707963267948966, 2.0
211, 98, 497, 332, 498, 336, -1, -4, -1.8157749899217608, 4.123105625617661
211, 99, 407, 78, 405, 77, 2, 1, 0.4636476090008061, 2.23606797749979
211, 100, 499, 284, 500, 288, -1, -4, -1.8157749899217608, 4.123105625617661
211, 101, 486, 22, 486, 23, 0, -1, -1.5707963267948966, 1.0
211, 102, 55, 161, 55, 161, 0, 0, 0.0, 0.0
211, 103, 1187, 314, 1187, 311, 0, 3, 1.5707963267948966, 3.0
211, 104, 1218, 126, 1218, 125, 0, 1, 1.5707963267948966, 1.0
211, 105, 815, 15, 815, 15, 0, 0, 0.0, 0.0
211, 106, 1216, 253, 1217, 250, -1, 3, 1.892546881191539, 3.1622776601683795
211, 107, 300, 376, 301, 376, -1, 0, 3.141592653589793, 1.0
211, 108, 145, 89, 146, 88, -1, 1, 2.356194490192345, 1.4142135623730951
211, 109, 724, 216, 724, 217, 0, -1, -1.5707963267948966, 1.0
211, 110, 1233, 117, 1233, 116, 0, 1, 1.5707963267948966, 1.0
211, 111, 1013, 142, 1015, 147, -2, -5, -1.9513027039072615, 5.385164807134504
211, 112, 705, 206, 705, 209, 0, -3, -1.5707963267948966, 3.0
211, 113, 612, 255, 613, 255, -1, 0, 3.141592653589793, 1.0
211, 114, 922, 95, 923, 95, -1, 0, 3.141592653589793, 1.0
211, 115, 680, 391, 679, 388, 1, 3, 1.2490457723982544, 3.1622776601683795
211, 116, 478, 354, 477, 357, 1, -3, -1.2490457723982544, 3.1622776601683795
211, 117, 483, 353, 483, 357, 0, -4, -1.5707963267948966, 4.0
211, 118, 830, 74, 829, 76, 1, -2, -1.1071487177940904, 2.23606797749979
211, 119, 262, 324, 263, 324, -1, 0, 3.141592653589793, 1.0
211, 120, 819, 48, 819, 49, 0, -1, -1.5707963267948966, 1.0
211, 121, 501, 65, 501, 66, 0, -1, -1.5707963267948966, 1.0
211, 122, 111, 539, 109, 537, 2, 2, 0.7853981633974483, 2.8284271247461903
211, 123, 860, 218, 861, 221, -1, -3, -1.892546881191539, 3.1622776601683795
211, 124, 501, 326, 502, 330, -1, -4, -1.8157749899217608, 4.123105625617661
211, 125, 285, 356, 286, 356, -1, 0, 3.141592653589793, 1.0
211, 126, 827, 382, 826, 379, 1, 3, 1.2490457723982544, 3.1622776601683795
211, 127, 711, 252, 711, 253, 0, -1, -1.5707963267948966, 1.0
211, 128, 1117, 23, 1116, 23, 1, 0, 0.0, 1.0
211, 129, 696, 206, 696, 209, 0, -3, -1.5707963267948966, 3.0
211, 130, 73, 565, 72, 564, 1, 1, 0.7853981633974483, 1.4142135623730951
211, 131, 1252, 482, 1251, 481, 1, 1, 0.7853981633974483, 1.4142135623730951
211, 132, 328, 375, 328, 375, 0, 0, 0.0, 0.0
211, 133, 382, 42, 379, 42, 3, 0, 0.0, 3.0
211, 134, 395, 662, 397, 657, -2, 5, 1.9513027039072615, 5.385164807134504
211, 135, 329, 504, 330, 500, -1, 4, 1.8157749899217608, 4.123105625617661
211, 136, 812, 334, 812, 330, 0, 4, 1.5707963267948966, 4.0
211, 137, 1226, 166, 1225, 165, 1, 1, 0.7853981633974483, 1.4142135623730951
211, 138, 741, 175, 741, 176, 0, -1, -1.5707963267948966, 1.0
211, 139, 687, 391, 686, 388, 1, 3, 1.2490457723982544, 3.1622776601683795
211, 140, 352, 671, 353, 667, -1, 4, 1.8157749899217608, 4.123105625617661
211, 141, 1220, 227, 1220, 224, 0, 3, 1.5707963267948966, 3.0
211, 142, 937, 32, 938, 32, -1, 0, 3.141592653589793, 1.0
211, 143, 109, 585, 107, 582, 2, 3, 0.982793723247329, 3.605551275463989
211, 144, 136, 53, 137, 53, -1, 0, 3.141592653589793, 1.0
211, 145, 662, 475, 661, 471, 1, 4, 1.3258176636680326, 4.123105625617661
211, 146, 812, 44, 812, 45, 0, -1, -1.5707963267948966, 1.0
211, 147, 634, 68, 635, 68, -1, 0, 3.141592653589793, 1.0
211, 148, 378, 607, 380, 604, -2, 3, 2.158798930342464, 3.605551275463989
211, 149, 778, 40, 779, 40, -1, 0, 3.141592653589793, 1.0
211, 150, 836, 283, 837, 289, -1, -6, -1.7359450042095235, 6.082762530298219
211, 151, 790, 38, 791, 38, -1, 0, 3.141592653589793, 1.0
211, 152, 337, 469, 338, 466, -1, 3, 1.892546881191539, 3.1622776601683795
211, 153, 58, 560, 56, 560, 2, 0, 0.0, 2.0
211, 154, 33, 118, 34, 118, -1, 0, 3.141592653589793, 1.0
211, 155, 1180, 239, 1181, 236, -1, 3, 1.892546881191539, 3.1622776601683795
211, 156, 826, 43, 826, 44, 0, -1, -1.5707963267948966, 1.0
211, 157, 700, 456, 699, 453, 1, 3, 1.2490457723982544, 3.1622776601683795
211, 158, 645, 78, 646, 78, -1, 0, 3.141592653589793, 1.0
211, 159, 317, 401, 318, 401, -1, 0, 3.141592653589793, 1.0
211, 160, 157, 134, 157, 134, 0, 0, 0.0, 0.0
211, 161, 824, 363, 824, 359, 0, 4, 1.5707963267948966, 4.0
211, 162, 149, 130, 149, 130, 0, 0, 0.0, 0.0
211, 163, 494, 59, 494, 61, 0, -2, -1.5707963267948966, 2.0
211, 164, 625, 274, 625, 274, 0, 0, 0.0, 0.0
211, 165, 362, 683, 362, 678, 0, 5, 1.5707963267948966, 5.0
211, 166, 273, 324, 273, 324, 0, 0, 0.0, 0.0
211, 167, 1235, 191, 1235, 191, 0, 0, 0.0, 0.0
211, 168, 597, 79, 598, 79, -1, 0, 3.141592653589793, 1.0
211, 169, 1216, 147, 1215, 146, 1, 1, 0.7853981633974483, 1.4142135623730951
211, 170, 729, 195, 731, 199, -2, -4, -2.0344439357957027, 4.47213595499958
212, 0, 853, 210, 855, 215, -2, -5, -1.9513027039072615, 5.385164807134504
212, 1, 490, 278, 491, 281, -1, -3, -1.892546881191539, 3.1622776601683795
212, 2, 363, 611, 363, 609, 0, 2, 1.5707963267948966, 2.0
212, 3, 1028, 70, 1033, 73, -5, -3, -2.601173153319209, 5.830951894845301
212, 4, 388, 17, 386, 17, 2, 0, 0.0, 2.0
212, 5, 331, 512, 334, 509, -3, 3, 2.356194490192345, 4.242640687119285
212, 6, 767, 11, 768, 11, -1, 0, 3.141592653589793, 1.0
212, 7, 842, 212, 844, 216, -2, -4, -2.0344439357957027, 4.47213595499958
212, 8, 301, 362, 301, 362, 0, 0, 0.0, 0.0
212, 9, 383, 75, 380, 75, 3, 0, 0.0, 3.0
212, 10, 468, 20, 469, 25, -1, -5, -1.7681918866447774, 5.0990195135927845
212, 11, 821, 344, 822, 340, -1, 4, 1.8157749899217608, 4.123105625617661
212, 12, 169, 105, 170, 103, -1, 2, 2.0344439357957027, 2.23606797749979
212, 13, 512, 671, 512, 674, 0, -3, -1.5707963267948966, 3.0
212, 14, 330, 356, 330, 356, 0, 0, 0.0, 0.0
212, 15, 1038, 81, 1042, 84, -4, -3, -2.498091544796509, 5.0
212, 16, 363, 547, 364, 547, -1, 0, 3.141592653589793, 1.0
212, 17, 619, 182, 618, 178, 1, 4, 1.3258176636680326, 4.123105625617661
212, 18, 275, 337, 275, 338, 0, -1, -1.5707963267948966, 1.0
212, 19, 1031, 159, 1031, 162, 0, -3, -1.5707963267948966, 3.0
212, 20, 470, 346, 469, 350, 1, -4, -1.3258176636680326, 4.123105625617661
212, 21, 848, 200, 850, 204, -2, -4, -2.0344439357957027, 4.47213595499958
212, 22, 56, 119, 56, 118, 0, 1, 1.5707963267948966, 1.0
212, 23, 386, 26, 384, 26, 2, 0, 0.0, 2.0
212, 24, 700, 224, 701, 229, -1, -5, -1.7681918866447774, 5.0990195135927845
212, 25, 785, 31, 786, 30, -1, 1, 2.356194490192345, 1.4142135623730951
212, 26, 70, 562, 70, 563, 0, -1, -1.5707963267948966, 1.0
212, 27, 107, 547, 105, 545, 2, 2, 0.7853981633974483, 2.8284271247461903
212, 28, 90, 563, 88, 562, 2, 1, 0.4636476090008061, 2.23606797749979
212, 29, 565, 647, 565, 649, 0, -2, -1.5707963267948966, 2.0
212, 30, 251, 388, 252, 388, -1, 0, 3.141592653589793, 1.0
212, 31, 623, 559, 623, 557, 0, 2, 1.5707963267948966, 2.0
212, 32, 479, 280, 480, 283, -1, -3, -1.892546881191539, 3.1622776601683795
212, 33, 392, 63, 389, 63, 3, 0, 0.0, 3.0
212, 34, 255, 375, 256, 375, -1, 0, 3.141592653589793, 1.0
212, 35, 101, 519, 102, 518, -1, 1, 2.356194490192345, 1.4142135623730951
212, 36, 695, 219, 696, 224, -1, -5, -1.7681918866447774, 5.0990195135927845
212, 37, 462, 343, 462, 347, 0, -4, -1.5707963267948966, 4.0
212, 38, 677, 400, 675, 397, 2, 3, 0.982793723247329, 3.605551275463989
212, 39, 33, 87, 34, 86, -1, 1, 2.356194490192345, 1.4142135623730951
212, 40, 796, 362, 795, 358, 1, 4, 1.3258176636680326, 4.123105625617661
212, 41, 304, 325, 303, 325, 1, 0, 0.0, 1.0
212, 42, 711, 153, 710, 156, 1, -3, -1.2490457723982544, 3.1622776601683795
212, 43, 769, 19, 770, 19, -1, 0, 3.141592653589793, 1.0
212, 44, 501, 292, 503, 297, -2, -5, -1.9513027039072615, 5.385164807134504
212, 45, 938, 19, 939, 19, -1, 0, 3.141592653589793, 1.0
212, 46, 146, 115, 146, 114, 0, 1, 1.5707963267948966, 1.0
212, 47, 696, 408, 694, 404, 2, 4, 1.1071487177940904, 4.47213595499958
212, 48, 815, 89, 813, 91, 2, -2, -0.7853981633974483, 2.8284271247461903
212, 49, 787, 375, 785, 371, 2, 4, 1.1071487177940904, 4.47213595499958
212, 50, 285, 377, 285, 378, 0, -1, -1.5707963267948966, 1.0
212, 51, 315, 391, 316, 391, -1, 0, 3.141592653589793, 1.0
212, 52, 1212, 164, 1212, 162, 0, 2, 1.5707963267948966, 2.0
212, 53, 30, 109, 31, 109, -1, 0, 3.141592653589793, 1.0
212, 54, 1014, 121, 1017, 123, -3, -2, -2.5535900500422257, 3.605551275463989
212, 55, 736, 136, 735, 140, 1, -4, -1.3258176636680326, 4.123105625617661
212, 56, 246, 405, 246, 405, 0, 0, 0.0, 0.0
212, 57, 329, 366, 329, 366, 0, 0, 0.0, 0.0
212, 58, 263, 381, 263, 381, 0, 0, 0.0, 0.0
212, 59, 324, 338, 324, 338, 0, 0, 0.0, 0.0
212, 60, 1218, 219, 1218, 215, 0, 4, 1.5707963267948966, 4.0
212, 61, 937, 101, 937, 101, 0, 0, 0.0, 0.0
212, 62, 497, 331, 498, 336, -1, -5, -1.7681918866447774, 5.0990195135927845
212, 63, 1210, 266, 1211, 263, -1, 3, 1.892546881191539, 3.1622776601683795
212, 64, 804, 78, 801, 81, 3, -3, -0.7853981633974483, 4.242640687119285
212, 65, 1027, 82, 1031, 85, -4, -3, -2.498091544796509, 5.0
212, 66, 499, 284, 500, 288, -1, -4, -1.8157749899217608, 4.123105625617661
212, 67, 655, 589, 655, 587, 0, 2, 1.5707963267948966, 2.0
212, 68, 835, 220, 837, 224, -2, -4, -2.0344439357957027, 4.47213595499958
212, 69, 686, 504, 686, 504, 0, 0, 0.0, 0.0
212, 70, 691, 402, 690, 398, 1, 4, 1.3258176636680326, 4.123105625617661
212, 71, 369, 515, 370, 512, -1, 3, 1.892546881191539, 3.1622776601683795
212, 72, 815, 40, 815, 41, 0, -1, -1.5707963267948966, 1.0
212, 73, 330, 407, 330, 407, 0, 0, 0.0, 0.0
212, 74, 518, 622, 519, 627, -1, -5, -1.7681918866447774, 5.0990195135927845
212, 75, 1261, 29, 1277, 30, -16, -1, -3.079173843593836, 16.0312195418814
212, 76, 528, 591, 530, 599, -2, -8, -1.8157749899217608, 8.246211251235321
212, 77, 806, 340, 806, 337, 0, 3, 1.5707963267948966, 3.0
212, 78, 96, 523, 96, 522, 0, 1, 1.5707963267948966, 1.0
212, 79, 466, 324, 466, 328, 0, -4, -1.5707963267948966, 4.0
212, 80, 662, 586, 661, 583, 1, 3, 1.2490457723982544, 3.1622776601683795
212, 81, 704, 216, 705, 221, -1, -5, -1.7681918866447774, 5.0990195135927845
212, 82, 725, 218, 725, 219, 0, -1, -1.5707963267948966, 1.0
212, 83, 832, 74, 829, 77, 3, -3, -0.7853981633974483, 4.242640687119285
212, 84, 397, 678, 399, 675, -2, 3, 2.158798930342464, 3.605551275463989
212, 85, 262, 392, 263, 392, -1, 0, 3.141592653589793, 1.0
212, 86, 480, 268, 481, 272, -1, -4, -1.8157749899217608, 4.123105625617661
212, 87, 490, 381, 490, 387, 0, -6, -1.5707963267948966, 6.0
212, 88, 1217, 255, 1217, 251, 0, 4, 1.5707963267948966, 4.0
212, 89, 1025, 127, 1028, 128, -3, -1, -2.819842099193151, 3.1622776601683795
212, 90, 1035, 71, 1040, 74, -5, -3, -2.601173153319209, 5.830951894845301
212, 91, 613, 257, 614, 255, -1, 2, 2.0344439357957027, 2.23606797749979
212, 92, 477, 105, 477, 109, 0, -4, -1.5707963267948966, 4.0
212, 93, 75, 567, 75, 568, 0, -1, -1.5707963267948966, 1.0
212, 94, 662, 432, 660, 430, 2, 2, 0.7853981633974483, 2.8284271247461903
212, 95, 804, 425, 804, 424, 0, 1, 1.5707963267948966, 1.0
212, 96, 350, 579, 349, 577, 1, 2, 1.1071487177940904, 2.23606797749979
212, 97, 1118, 24, 1115, 24, 3, 0, 0.0, 3.0
212, 98, 705, 205, 705, 210, 0, -5, -1.5707963267948966, 5.0
212, 99, 407, 78, 404, 78, 3, 0, 0.0, 3.0
212, 100, 287, 310, 286, 310, 1, 0, 0.0, 1.0
212, 101, 1261, 465, 1263, 464, -2, 1, 2.677945044588987, 2.23606797749979
212, 102, 379, 42, 379, 43, 0, -1, -1.5707963267948966, 1.0
212, 103, 1261, 122, 1262, 119, -1, 3, 1.892546881191539, 3.1622776601683795
212, 104, 1261, 557, 1267, 554, -6, 3, 2.677945044588987, 6.708203932499369
212, 105, 1015, 144, 1015, 145, 0, -1, -1.5707963267948966, 1.0
212, 106, 747, 47, 750, 48, -3, -1, -2.819842099193151, 3.1622776601683795
212, 107, 932, 94, 932, 94, 0, 0, 0.0, 0.0
212, 108, 54, 161, 55, 161, -1, 0, 3.141592653589793, 1.0
212, 109, 812, 24, 812, 24, 0, 0, 0.0, 0.0
212, 110, 287, 356, 287, 356, 0, 0, 0.0, 0.0
212, 111, 1220, 127, 1219, 125, 1, 2, 1.1071487177940904, 2.23606797749979
212, 112, 814, 14, 814, 14, 0, 0, 0.0, 0.0
212, 113, 838, 281, 838, 287, 0, -6, -1.5707963267948966, 6.0
212, 114, 148, 63, 149, 62, -1, 1, 2.356194490192345, 1.4142135623730951
212, 115, 677, 472, 677, 470, 0, 2, 1.5707963267948966, 2.0
212, 116, 275, 348, 275, 348, 0, 0, 0.0, 0.0
212, 117, 264, 323, 264, 324, 0, -1, -1.5707963267948966, 1.0
212, 118, 327, 506, 330, 503, -3, 3, 2.356194490192345, 4.242640687119285
212, 119, 262, 407, 262, 407, 0, 0, 0.0, 0.0
212, 120, 1208, 191, 1208, 191, 0, 0, 0.0, 0.0
212, 121, 818, 335, 819, 331, -1, 4, 1.8157749899217608, 4.123105625617661
212, 122, 830, 257, 831, 261, -1, -4, -1.8157749899217608, 4.123105625617661
212, 123, 1156, 20, 1153, 20, 3, 0, 0.0, 3.0
212, 124, 1261, 32, 1263, 33, -2, -1, -2.677945044588987, 2.23606797749979
212, 125, 380, 610, 382, 607, -2, 3, 2.158798930342464, 3.605551275463989
212, 126, 924, 95, 924, 95, 0, 0, 0.0, 0.0
212, 127, 463, 29, 464, 34, -1, -5, -1.7681918866447774, 5.0990195135927845
212, 128, 486, 22, 486, 24, 0, -2, -1.5707963267948966, 2.0
212, 129, 763, 24, 765, 24, -2, 0, 3.141592653589793, 2.0
212, 130, 32, 116, 33, 116, -1, 0, 3.141592653589793, 1.0
212, 131, 301, 376, 301, 376, 0, 0, 0.0, 0.0
212, 132, 1011, 137, 1012, 137, -1, 0, 3.141592653589793, 1.0
212, 133, 673, 574, 674, 571, -1, 3, 1.892546881191539, 3.1622776601683795
212, 134, 647, 626, 647, 626, 0, 0, 0.0, 0.0
212, 135, 114, 541, 112, 540, 2, 1, 0.4636476090008061, 2.23606797749979
212, 136, 1187, 314, 1187, 312, 0, 2, 1.5707963267948966, 2.0
212, 137, 145, 89, 146, 88, -1, 1, 2.356194490192345, 1.4142135623730951
212, 138, 273, 323, 273, 324, 0, -1, -1.5707963267948966, 1.0
212, 139, 669, 480, 668, 478, 1, 2, 1.1071487177940904, 2.23606797749979
212, 140, 696, 205, 696, 210, 0, -5, -1.5707963267948966, 5.0
212, 141, 696, 290, 697, 292, -1, -2, -2.0344439357957027, 2.23606797749979
212, 142, 826, 64, 824, 67, 2, -3, -0.982793723247329, 3.605551275463989
212, 143, 679, 392, 678, 388, 1, 4, 1.3258176636680326, 4.123105625617661
212, 144, 663, 475, 662, 472, 1, 3, 1.2490457723982544, 3.1622776601683795
213, 0, 851, 207, 853, 210, -2, -3, -2.158798930342464, 3.605551275463989
213, 1, 489, 274, 490, 278, -1, -4, -1.8157749899217608, 4.123105625617661
213, 2, 362, 614, 363, 611, -1, 3, 1.892546881191539, 3.1622776601683795
213, 3, 1026, 67, 1028, 70, -2, -3, -2.158798930342464, 3.605551275463989
213, 4, 391, 16, 388, 17, 3, -1, -0.3217505543966422, 3.1622776601683795
213, 5, 329, 515, 331, 512, -2, 3, 2.158798930342464, 3.605551275463989
213, 6, 766, 11, 767, 11, -1, 0, 3.141592653589793, 1.0
213, 7, 840, 209, 842, 212, -2, -3, -2.158798930342464, 3.605551275463989
213, 8, 301, 362, 301, 362, 0, 0, 0.0, 0.0
213, 9, 385, 74, 383, 75, 2, -1, -0.4636476090008061, 2.23606797749979
213, 10, 467, 16, 468, 20, -1, -4, -1.8157749899217608, 4.123105625617661
213, 11, 821, 346, 821, 344, 0, 2, 1.5707963267948966, 2.0
213, 12, 168, 105, 169, 105, -1, 0, 3.141592653589793, 1.0
213, 13, 512, 668, 512, 671, 0, -3, -1.5707963267948966, 3.0
213, 14, 330, 356, 330, 356, 0, 0, 0.0, 0.0
213, 15, 1035, 78, 1038, 81, -3, -3, -2.356194490192345, 4.242640687119285
213, 16, 362, 547, 363, 547, -1, 0, 3.141592653589793, 1.0
213, 17, 619, 183, 619, 182, 0, 1, 1.5707963267948966, 1.0
213, 18, 275, 336, 275, 337, 0, -1, -1.5707963267948966, 1.0
213, 19, 1030, 157, 1031, 159, -1, -2, -2.0344439357957027, 2.23606797749979
213, 20, 470, 342, 470, 346, 0, -4, -1.5707963267948966, 4.0
213, 21, 847, 197, 848, 200, -1, -3, -1.892546881191539, 3.1622776601683795
213, 22, 56, 119, 56, 119, 0, 0, 0.0, 0.0
213, 23, 389, 25, 386, 26, 3, -1, -0.3217505543966422, 3.1622776601683795
213, 24, 699, 222, 700, 224, -1, -2, -2.0344439357957027, 2.23606797749979
213, 25, 784, 31, 785, 31, -1, 0, 3.141592653589793, 1.0
213, 26, 71, 564, 70, 562, 1, 2, 1.1071487177940904, 2.23606797749979
213, 27, 109, 548, 107, 547, 2, 1, 0.4636476090008061, 2.23606797749979
213, 28, 92, 565, 90, 563, 2, 2, 0.7853981633974483, 2.8284271247461903
213, 29, 565, 642, 565, 647, 0, -5, -1.5707963267948966, 5.0
213, 30, 623, 563, 623, 559, 0, 4, 1.5707963267948966, 4.0
213, 31, 478, 275, 479, 280, -1, -5, -1.7681918866447774, 5.0990195135927845
213, 32, 395, 64, 392, 63, 3, 1, 0.3217505543966422, 3.1622776601683795
213, 33, 102, 521, 101, 519, 1, 2, 1.1071487177940904, 2.23606797749979
213, 34, 694, 216, 695, 219, -1, -3, -1.892546881191539, 3.1622776601683795
213, 35, 462, 339, 462, 343, 0, -4, -1.5707963267948966, 4.0
213, 36, 678, 403, 677, 400, 1, 3, 1.2490457723982544, 3.1622776601683795
213, 37, 32, 87, 33, 87, -1, 0, 3.141592653589793, 1.0
213, 38, 797, 366, 796, 362, 1, 4, 1.3258176636680326, 4.123105625617661
213, 39, 304, 325, 304, 325, 0, 0, 0.0, 0.0
213, 40, 711, 152, 711, 153, 0, -1, -1.5707963267948966, 1.0
213, 41, 501, 290, 501, 292, 0, -2, -1.5707963267948966, 2.0
213, 42, 938, 18, 938, 19, 0, -1, -1.5707963267948966, 1.0
213, 43, 146, 115, 146, 115, 0, 0, 0.0, 0.0
213, 44, 697, 411, 696, 408, 1, 3, 1.2490457723982544, 3.1622776601683795
213, 45, 816, 87, 815, 89, 1, -2, -1.1071487177940904, 2.23606797749979
213, 46, 788, 380, 787, 375, 1, 5, 1.373400766945016, 5.0990195135927845
213, 47, 285, 376, 285, 377, 0, -1, -1.5707963267948966, 1.0
213, 48, 315, 390, 315, 391, 0, -1, -1.5707963267948966, 1.0
213, 49, 1212, 165, 1212, 164, 0, 1, 1.5707963267948966, 1.0
213, 50, 29, 109, 30, 109, -1, 0, 3.141592653589793, 1.0
213, 51, 1012, 120, 1014, 121, -2, -1, -2.677945044588987, 2.23606797749979
213, 52, 736, 133, 736, 136, 0, -3, -1.5707963267948966, 3.0
213, 53, 246, 404, 246, 405, 0, -1, -1.5707963267948966, 1.0
213, 54, 329, 366, 329, 366, 0, 0, 0.0, 0.0
213, 55, 324, 338, 324, 338, 0, 0, 0.0, 0.0
213, 56, 1218, 220, 1218, 219, 0, 1, 1.5707963267948966, 1.0
213, 57, 937, 101, 937, 101, 0, 0, 0.0, 0.0
213, 58, 496, 326, 497, 331, -1, -5, -1.7681918866447774, 5.0990195135927845
213, 59, 1210, 267, 1210, 266, 0, 1, 1.5707963267948966, 1.0
213, 60, 806, 75, 804, 78, 2, -3, -0.982793723247329, 3.605551275463989
213, 61, 1025, 79, 1027, 82, -2, -3, -2.158798930342464, 3.605551275463989
213, 62, 498, 280, 499, 284, -1, -4, -1.8157749899217608, 4.123105625617661
213, 63, 654, 591, 655, 589, -1, 2, 2.0344439357957027, 2.23606797749979
213, 64, 834, 217, 835, 220, -1, -3, -1.892546881191539, 3.1622776601683795
213, 65, 686, 504, 686, 504, 0, 0, 0.0, 0.0
213, 66, 692, 405, 691, 402, 1, 3, 1.2490457723982544, 3.1622776601683795
213, 67, 367, 519, 369, 515, -2, 4, 2.0344439357957027, 4.47213595499958
213, 68, 815, 39, 815, 40, 0, -1, -1.5707963267948966, 1.0
213, 69, 330, 407, 330, 407, 0, 0, 0.0, 0.0
213, 70, 517, 618, 518, 622, -1, -4, -1.8157749899217608, 4.123105625617661
213, 71, 1261, 29, 1261, 29, 0, 0, 0.0, 0.0
213, 72, 526, 584, 528, 591, -2, -7, -1.849095985800008, 7.280109889280518
213, 73, 806, 342, 806, 340, 0, 2, 1.5707963267948966, 2.0
213, 74, 97, 524, 96, 523, 1, 1, 0.7853981633974483, 1.4142135623730951
213, 75, 465, 320, 466, 324, -1, -4, -1.8157749899217608, 4.123105625617661
213, 76, 662, 588, 662, 586, 0, 2, 1.5707963267948966, 2.0
213, 77, 704, 214, 704, 216, 0, -2, -1.5707963267948966, 2.0
213, 78, 724, 214, 725, 218, -1, -4, -1.8157749899217608, 4.123105625617661
213, 79, 834, 71, 832, 74, 2, -3, -0.982793723247329, 3.605551275463989
213, 80, 395, 680, 397, 678, -2, 2, 2.356194490192345, 2.8284271247461903
213, 81, 479, 263, 480, 268, -1, -5, -1.7681918866447774, 5.0990195135927845
213, 82, 490, 376, 490, 381, 0, -5, -1.5707963267948966, 5.0
213, 83, 1217, 257, 1217, 255, 0, 2, 1.5707963267948966, 2.0
213, 84, 1023, 125, 1025, 127, -2, -2, -2.356194490192345, 2.8284271247461903
213, 85, 1032, 68, 1035, 71, -3, -3, -2.356194490192345, 4.242640687119285
213, 86, 613, 260, 613, 257, 0, 3, 1.5707963267948966, 3.0
213, 87, 477, 102, 477, 105, 0, -3, -1.5707963267948966, 3.0
213, 88, 75, 567, 75, 567, 0, 0, 0.0, 0.0
213, 89, 663, 435, 662, 432, 1, 3, 1.2490457723982544, 3.1622776601683795
213, 90, 804, 425, 804, 425, 0, 0, 0.0, 0.0
213, 91, 349, 580, 350, 579, -1, 1, 2.356194490192345, 1.4142135623730951
213, 92, 1121, 24, 1118, 24, 3, 0, 0.0, 3.0
213, 93, 705, 203, 705, 205, 0, -2, -1.5707963267948966, 2.0
213, 94, 407, 77, 407, 78, 0, -1, -1.5707963267948966, 1.0
213, 95, 287, 309, 287, 310, 0, -1, -1.5707963267948966, 1.0
213, 96, 1261, 467, 1261, 465, 0, 2, 1.5707963267948966, 2.0
213, 97, 382, 43, 379, 42, 3, 1, 0.3217505543966422, 3.1622776601683795
213, 98, 1261, 123, 1261, 122, 0, 1, 1.5707963267948966, 1.0
213, 99, 1261, 560, 1261, 557, 0, 3, 1.5707963267948966, 3.0
213, 100, 932, 94, 932, 94, 0, 0, 0.0, 0.0
213, 101, 53, 161, 54, 161, -1, 0, 3.141592653589793, 1.0
213, 102, 812, 24, 812, 24, 0, 0, 0.0, 0.0
213, 103, 286, 356, 287, 356, -1, 0, 3.141592653589793, 1.0
213, 104, 1220, 128, 1220, 127, 0, 1, 1.5707963267948966, 1.0
213, 105, 814, 14, 814, 14, 0, 0, 0.0, 0.0
213, 106, 838, 279, 838, 281, 0, -2, -1.5707963267948966, 2.0
213, 107, 147, 63, 148, 63, -1, 0, 3.141592653589793, 1.0
213, 108, 678, 473, 677, 472, 1, 1, 0.7853981633974483, 1.4142135623730951
213, 109, 264, 322, 264, 323, 0, -1, -1.5707963267948966, 1.0
213, 110, 325, 509, 327, 506, -2, 3, 2.158798930342464, 3.605551275463989
213, 111, 1208, 192, 1208, 191, 0, 1, 1.5707963267948966, 1.0
213, 112, 818, 337, 818, 335, 0, 2, 1.5707963267948966, 2.0
213, 113, 829, 254, 830, 257, -1, -3, -1.892546881191539, 3.1622776601683795
213, 114, 1157, 20, 1156, 20, 1, 0, 0.0, 1.0
213, 115, 1261, 32, 1261, 32, 0, 0, 0.0, 0.0
213, 116, 378, 613, 380, 610, -2, 3, 2.158798930342464, 3.605551275463989
213, 117, 924, 95, 924, 95, 0, 0, 0.0, 0.0
213, 118, 462, 25, 463, 29, -1, -4, -1.8157749899217608, 4.123105625617661
213, 119, 486, 20, 486, 22, 0, -2, -1.5707963267948966, 2.0
213, 120, 31, 116, 32, 116, -1, 0, 3.141592653589793, 1.0
213, 121, 301, 376, 301, 376, 0, 0, 0.0, 0.0
213, 122, 647, 626, 647, 626, 0, 0, 0.0, 0.0
213, 123, 116, 542, 114, 541, 2, 1, 0.4636476090008061, 2.23606797749979
213, 124, 1187, 314, 1187, 314, 0, 0, 0.0, 0.0
213, 125, 144, 89, 145, 89, -1, 0, 3.141592653589793, 1.0
213, 126, 273, 322, 273, 323, 0, -1, -1.5707963267948966, 1.0
213, 127, 670, 483, 669, 480, 1, 3, 1.2490457723982544, 3.1622776601683795
213, 128, 696, 203, 696, 205, 0, -2, -1.5707963267948966, 2.0
213, 129, 696, 288, 696, 290, 0, -2, -1.5707963267948966, 2.0
213, 130, 828, 61, 826, 64, 2, -3, -0.982793723247329, 3.605551275463989
213, 131, 679, 395, 679, 392, 0, 3, 1.5707963267948966, 3.0
213, 132, 665, 479, 663, 475, 2, 4, 1.1071487177940904, 4.47213595499958
214, 0, 852, 208, 853, 212, -1, -4, -1.8157749899217608, 4.123105625617661
214, 1, 767, 11, 768, 11, -1, 0, 3.141592653589793, 1.0
214, 2, 360, 622, 361, 619, -1, 3, 1.892546881191539, 3.1622776601683795
214, 3, 1027, 67, 1030, 70, -3, -3, -2.356194490192345, 4.242640687119285
214, 4, 490, 271, 491, 275, -1, -4, -1.8157749899217608, 4.123105625617661
214, 5, 394, 16, 391, 17, 3, -1, -0.3217505543966422, 3.1622776601683795
214, 6, 560, 622, 561, 628, -1, -6, -1.7359450042095235, 6.082762530298219
214, 7, 841, 209, 842, 213, -1, -4, -1.8157749899217608, 4.123105625617661
214, 8, 168, 106, 169, 105, -1, 1, 2.356194490192345, 1.4142135623730951
214, 9, 300, 361, 300, 361, 0, 0, 0.0, 0.0
214, 10, 468, 17, 469, 21, -1, -4, -1.8157749899217608, 4.123105625617661
214, 11, 363, 548, 364, 547, -1, 1, 2.356194490192345, 1.4142135623730951
214, 12, 114, 553, 111, 552, 3, 1, 0.3217505543966422, 3.1622776601683795
214, 13, 1036, 78, 1039, 81, -3, -3, -2.356194490192345, 4.242640687119285
214, 14, 829, 59, 827, 62, 2, -3, -0.982793723247329, 3.605551275463989
214, 15, 350, 584, 350, 584, 0, 0, 0.0, 0.0
214, 16, 332, 353, 332, 354, 0, -1, -1.5707963267948966, 1.0
214, 17, 677, 405, 676, 401, 1, 4, 1.3258176636680326, 4.123105625617661
214, 18, 275, 337, 275, 338, 0, -1, -1.5707963267948966, 1.0
214, 19, 619, 183, 619, 181, 0, 2, 1.5707963267948966, 2.0
214, 20, 513, 665, 512, 667, 1, -2, -1.1071487177940904, 2.23606797749979
214, 21, 696, 219, 696, 221, 0, -2, -1.5707963267948966, 2.0
214, 22, 397, 68, 395, 66, 2, 2, 0.7853981633974483, 2.8284271247461903
214, 23, 823, 346, 823, 344, 0, 2, 1.5707963267948966, 2.0
214, 24, 387, 71, 383, 71, 4, 0, 0.0, 4.0
214, 25, 105, 532, 103, 530, 2, 2, 0.7853981633974483, 2.8284271247461903
214, 26, 712, 152, 712, 154, 0, -2, -1.5707963267948966, 2.0
214, 27, 701, 224, 701, 226, 0, -2, -1.5707963267948966, 2.0
214, 28, 392, 25, 389, 26, 3, -1, -0.3217505543966422, 3.1622776601683795
214, 29, 57, 118, 57, 118, 0, 0, 0.0, 0.0
214, 30, 477, 273, 478, 278, -1, -5, -1.7681918866447774, 5.0990195135927845
214, 31, 98, 569, 95, 568, 3, 1, 0.3217505543966422, 3.1622776601683795
214, 32, 303, 320, 303, 320, 0, 0, 0.0, 0.0
214, 33, 768, 19, 769, 19, -1, 0, 3.141592653589793, 1.0
214, 34, 377, 620, 380, 617, -3, 3, 2.356194490192345, 4.242640687119285
214, 35, 848, 196, 849, 200, -1, -4, -1.8157749899217608, 4.123105625617661
214, 36, 835, 217, 836, 221, -1, -4, -1.8157749899217608, 4.123105625617661
214, 37, 623, 577, 623, 573, 0, 4, 1.5707963267948966, 4.0
214, 38, 30, 110, 31, 110, -1, 0, 3.141592653589793, 1.0
214, 39, 499, 302, 499, 301, 0, 1, 1.5707963267948966, 1.0
214, 40, 939, 19, 939, 19, 0, 0, 0.0, 0.0
214, 41, 146, 115, 146, 115, 0, 0, 0.0, 0.0
214, 42, 806, 344, 806, 342, 0, 2, 1.5707963267948966, 2.0
214, 43, 736, 134, 736, 137, 0, -3, -1.5707963267948966, 3.0
214, 44, 498, 278, 499, 282, -1, -4, -1.8157749899217608, 4.123105625617661
214, 45, 33, 86, 34, 86, -1, 0, 3.141592653589793, 1.0
214, 46, 329, 365, 329, 366, 0, -1, -1.5707963267948966, 1.0
214, 47, 316, 391, 316, 391, 0, 0, 0.0, 0.0
214, 48, 404, 79, 404, 79, 0, 0, 0.0, 0.0
214, 49, 285, 377, 285, 378, 0, -1, -1.5707963267948966, 1.0
214, 50, 324, 337, 324, 338, 0, -1, -1.5707963267948966, 1.0
214, 51, 1220, 169, 1220, 168, 0, 1, 1.5707963267948966, 1.0
214, 52, 834, 72, 832, 75, 2, -3, -0.982793723247329, 3.605551275463989
214, 53, 806, 75, 804, 78, 2, -3, -0.982793723247329, 3.605551275463989
214, 54, 686, 505, 686, 504, 0, 1, 1.5707963267948966, 1.0
214, 55, 936, 101, 937, 101, -1, 0, 3.141592653589793, 1.0
214, 56, 390, 61, 388, 60, 2, 1, 0.4636476090008061, 2.23606797749979
214, 57, 1213, 165, 1213, 164, 0, 1, 1.5707963267948966, 1.0
214, 58, 245, 405, 246, 405, -1, 0, 3.141592653589793, 1.0
214, 59, 1211, 269, 1212, 267, -1, 2, 2.0344439357957027, 2.23606797749979
214, 60, 500, 63, 500, 65, 0, -2, -1.5707963267948966, 2.0
214, 61, 1037, 145, 1038, 147, -1, -2, -2.0344439357957027, 2.23606797749979
214, 62, 515, 614, 516, 618, -1, -4, -1.8157749899217608, 4.123105625617661
214, 63, 352, 537, 354, 533, -2, 4, 2.0344439357957027, 4.47213595499958
214, 64, 465, 320, 466, 324, -1, -4, -1.8157749899217608, 4.123105625617661
214, 65, 1261, 476, 1267, 473, -6, 3, 2.677945044588987, 6.708203932499369
214, 66, 1183, 321, 1184, 321, -1, 0, 3.141592653589793, 1.0
214, 67, 1254, 498, 1253, 493, 1, 5, 1.373400766945016, 5.0990195135927845
214, 68, 788, 385, 788, 382, 0, 3, 1.5707963267948966, 3.0
214, 69, 1219, 219, 1219, 218, 0, 1, 1.5707963267948966, 1.0
214, 70, 664, 600, 664, 597, 0, 3, 1.5707963267948966, 3.0
214, 71, 462, 340, 463, 344, -1, -4, -1.8157749899217608, 4.123105625617661
214, 72, 1029, 158, 1030, 161, -1, -3, -1.892546881191539, 3.1622776601683795
214, 73, 697, 411, 696, 408, 1, 3, 1.2490457723982544, 3.1622776601683795
214, 74, 667, 482, 666, 478, 1, 4, 1.3258176636680326, 4.123105625617661
214, 75, 706, 216, 706, 218, 0, -2, -1.5707963267948966, 2.0
214, 76, 693, 405, 692, 402, 1, 3, 1.2490457723982544, 3.1622776601683795
214, 77, 1023, 122, 1025, 125, -2, -3, -2.158798930342464, 3.605551275463989
214, 78, 526, 583, 528, 590, -2, -7, -1.849095985800008, 7.280109889280518
214, 79, 497, 325, 498, 330, -1, -5, -1.7681918866447774, 5.0990195135927845
214, 80, 804, 424, 804, 424, 0, 0, 0.0, 0.0
214, 81, 705, 205, 705, 207, 0, -2, -1.5707963267948966, 2.0
214, 82, 470, 342, 471, 346, -1, -4, -1.8157749899217608, 4.123105625617661
214, 83, 1025, 79, 1028, 82, -3, -3, -2.356194490192345, 4.242640687119285
214, 84, 697, 291, 697, 292, 0, -1, -1.5707963267948966, 1.0
214, 85, 819, 85, 818, 87, 1, -2, -1.1071487177940904, 2.23606797749979
214, 86, 479, 262, 480, 267, -1, -5, -1.7681918866447774, 5.0990195135927845
214, 87, 847, 299, 847, 302, 0, -3, -1.5707963267948966, 3.0
214, 88, 607, 240, 607, 240, 0, 0, 0.0, 0.0
214, 89, 663, 438, 662, 435, 1, 3, 1.2490457723982544, 3.1622776601683795
214, 90, 1220, 129, 1220, 128, 0, 1, 1.5707963267948966, 1.0
214, 91, 275, 347, 275, 348, 0, -1, -1.5707963267948966, 1.0
214, 92, 1261, 122, 1264, 121, -3, 1, 2.819842099193151, 3.1622776601683795
214, 93, 55, 160, 55, 161, 0, -1, -1.5707963267948966, 1.0
214, 94, 463, 26, 464, 30, -1, -4, -1.8157749899217608, 4.123105625617661
214, 95, 288, 310, 288, 310, 0, 0, 0.0, 0.0
214, 96, 657, 609, 658, 606, -1, 3, 1.892546881191539, 3.1622776601683795
214, 97, 816, 15, 816, 15, 0, 0, 0.0, 0.0
214, 98, 1218, 256, 1218, 254, 0, 2, 1.5707963267948966, 2.0
214, 99, 1013, 117, 1015, 119, -2, -2, -2.356194490192345, 2.8284271247461903
214, 100, 1208, 191, 1208, 191, 0, 0, 0.0, 0.0
214, 101, 680, 395, 680, 392, 0, 3, 1.5707963267948966, 3.0
214, 102, 701, 273, 702, 277, -1, -4, -1.8157749899217608, 4.123105625617661
214, 103, 477, 102, 477, 106, 0, -4, -1.5707963267948966, 4.0
215, 0, 851, 203, 852, 208, -1, -5, -1.7681918866447774, 5.0990195135927845
215, 1, 766, 11, 767, 11, -1, 0, 3.141592653589793, 1.0
215, 2, 358, 625, 360, 622, -2, 3, 2.158798930342464, 3.605551275463989
215, 3, 1025, 64, 1027, 67, -2, -3, -2.158798930342464, 3.605551275463989
215, 4, 490, 266, 490, 271, 0, -5, -1.5707963267948966, 5.0
215, 5, 397, 15, 394, 16, 3, -1, -0.3217505543966422, 3.1622776601683795
215, 6, 559, 619, 560, 622, -1, -3, -1.892546881191539, 3.1622776601683795
215, 7, 840, 205, 841, 209, -1, -4, -1.8157749899217608, 4.123105625617661
215, 8, 167, 107, 168, 106, -1, 1, 2.356194490192345, 1.4142135623730951
215, 9, 300, 361, 300, 361, 0, 0, 0.0, 0.0
215, 10, 468, 13, 468, 17, 0, -4, -1.5707963267948966, 4.0
215, 11, 362, 549, 363, 548, -1, 1, 2.356194490192345, 1.4142135623730951
215, 12, 116, 555, 114, 553, 2, 2, 0.7853981633974483, 2.8284271247461903
215, 13, 1033, 75, 1036, 78, -3, -3, -2.356194490192345, 4.242640687119285
215, 14, 830, 56, 829, 59, 1, -3, -1.2490457723982544, 3.1622776601683795
215, 15, 350, 584, 350, 584, 0, 0, 0.0, 0.0
215, 16, 332, 352, 332, 353, 0, -1, -1.5707963267948966, 1.0
215, 17, 678, 408, 677, 405, 1, 3, 1.2490457723982544, 3.1622776601683795
215, 18, 275, 336, 275, 337, 0, -1, -1.5707963267948966, 1.0
215, 19, 619, 185, 619, 183, 0, 2, 1.5707963267948966, 2.0
215, 20, 513, 663, 513, 665, 0, -2, -1.5707963267948966, 2.0
215, 21, 696, 216, 696, 219, 0, -3, -1.5707963267948966, 3.0
215, 22, 398, 70, 397, 68, 1, 2, 1.1071487177940904, 2.23606797749979
215, 23, 824, 348, 823, 346, 1, 2, 1.1071487177940904, 2.23606797749979
215, 24, 389, 72, 387, 71, 2, 1, 0.4636476090008061, 2.23606797749979
215, 25, 107, 534, 105, 532, 2, 2, 0.7853981633974483, 2.8284271247461903
215, 26, 712, 151, 712, 152, 0, -1, -1.5707963267948966, 1.0
215, 27, 701, 221, 701, 224, 0, -3, -1.5707963267948966, 3.0
215, 28, 395, 24, 392, 25, 3, -1, -0.3217505543966422, 3.1622776601683795
215, 29, 57, 118, 57, 118, 0, 0, 0.0, 0.0
215, 30, 476, 268, 477, 273, -1, -5, -1.7681918866447774, 5.0990195135927845
215, 31, 100, 571, 98, 569, 2, 2, 0.7853981633974483, 2.8284271247461903
215, 32, 303, 320, 303, 320, 0, 0, 0.0, 0.0
215, 33, 767, 19, 768, 19, -1, 0, 3.141592653589793, 1.0
215, 34, 374, 624, 377, 620, -3, 4, 2.214297435588181, 5.0
215, 35, 847, 192, 848, 196, -1, -4, -1.8157749899217608, 4.123105625617661
215, 36, 834, 212, 835, 217, -1, -5, -1.7681918866447774, 5.0990195135927845
215, 37, 623, 581, 623, 577, 0, 4, 1.5707963267948966, 4.0
215, 38, 29, 110, 30, 110, -1, 0, 3.141592653589793, 1.0
215, 39, 499, 306, 499, 302, 0, 4, 1.5707963267948966, 4.0
215, 40, 939, 19, 939, 19, 0, 0, 0.0, 0.0
215, 41, 146, 116, 146, 115, 0, 1, 1.5707963267948966, 1.0
215, 42, 806, 346, 806, 344, 0, 2, 1.5707963267948966, 2.0
215, 43, 736, 130, 736, 134, 0, -4, -1.5707963267948966, 4.0
215, 44, 497, 274, 498, 278, -1, -4, -1.8157749899217608, 4.123105625617661
215, 45, 32, 86, 33, 86, -1, 0, 3.141592653589793, 1.0
215, 46, 329, 364, 329, 365, 0, -1, -1.5707963267948966, 1.0
215, 47, 316, 391, 316, 391, 0, 0, 0.0, 0.0
215, 48, 404, 79, 404, 79, 0, 0, 0.0, 0.0
215, 49, 285, 376, 285, 377, 0, -1, -1.5707963267948966, 1.0
215, 50, 324, 336, 324, 337, 0, -1, -1.5707963267948966, 1.0
215, 51, 1220, 170, 1220, 169, 0, 1, 1.5707963267948966, 1.0
215, 52, 835, 69, 834, 72, 1, -3, -1.2490457723982544, 3.1622776601683795
215, 53, 808, 74, 806, 75, 2, -1, -0.4636476090008061, 2.23606797749979
215, 54, 687, 506, 686, 505, 1, 1, 0.7853981633974483, 1.4142135623730951
215, 55, 935, 101, 936, 101, -1, 0, 3.141592653589793, 1.0
215, 56, 391, 62, 390, 61, 1, 1, 0.7853981633974483, 1.4142135623730951
215, 57, 1213, 166, 1213, 165, 0, 1, 1.5707963267948966, 1.0
215, 58, 244, 405, 245, 405, -1, 0, 3.141592653589793, 1.0
215, 59, 1211, 270, 1211, 269, 0, 1, 1.5707963267948966, 1.0
215, 60, 500, 61, 500, 63, 0, -2, -1.5707963267948966, 2.0
215, 61, 1035, 144, 1037, 145, -2, -1, -2.677945044588987, 2.23606797749979
215, 62, 514, 609, 515, 614, -1, -5, -1.7681918866447774, 5.0990195135927845
215, 63, 351, 541, 352, 537, -1, 4, 1.8157749899217608, 4.123105625617661
215, 64, 464, 315, 465, 320, -1, -5, -1.7681918866447774, 5.0990195135927845
215, 65, 1261, 478, 1261, 476, 0, 2, 1.5707963267948966, 2.0
215, 66, 1182, 321, 1183, 321, -1, 0, 3.141592653589793, 1.0
215, 67, 1255, 501, 1254, 498, 1, 3, 1.2490457723982544, 3.1622776601683795
215, 68, 788, 388, 788, 385, 0, 3, 1.5707963267948966, 3.0
215, 69, 1219, 220, 1219, 219, 0, 1, 1.5707963267948966, 1.0
215, 70, 664, 603, 664, 600, 0, 3, 1.5707963267948966, 3.0
215, 71, 461, 336, 462, 340, -1, -4, -1.8157749899217608, 4.123105625617661
215, 72, 1027, 155, 1029, 158, -2, -3, -2.158798930342464, 3.605551275463989
215, 73, 698, 415, 697, 411, 1, 4, 1.3258176636680326, 4.123105625617661
215, 74, 669, 486, 667, 482, 2, 4, 1.1071487177940904, 4.47213595499958
215, 75, 706, 213, 706, 216, 0, -3, -1.5707963267948966, 3.0
215, 76, 694, 409, 693, 405, 1, 4, 1.3258176636680326, 4.123105625617661
215, 77, 1021, 119, 1023, 122, -2, -3, -2.158798930342464, 3.605551275463989
215, 78, 524, 576, 526, 583, -2, -7, -1.849095985800008, 7.280109889280518
215, 79, 495, 321, 497, 325, -2, -4, -2.0344439357957027, 4.47213595499958
215, 80, 804, 424, 804, 424, 0, 0, 0.0, 0.0
215, 81, 705, 202, 705, 205, 0, -3, -1.5707963267948966, 3.0
215, 82, 469, 337, 470, 342, -1, -5, -1.7681918866447774, 5.0990195135927845
215, 83, 1023, 76, 1025, 79, -2, -3, -2.158798930342464, 3.605551275463989
215, 84, 697, 290, 697, 291, 0, -1, -1.5707963267948966, 1.0
215, 85, 820, 83, 819, 85, 1, -2, -1.1071487177940904, 2.23606797749979
215, 86, 479, 257, 479, 262, 0, -5, -1.5707963267948966, 5.0
215, 87, 847, 296, 847, 299, 0, -3, -1.5707963267948966, 3.0
215, 88, 664, 442, 663, 438, 1, 4, 1.3258176636680326, 4.123105625617661
215, 89, 1220, 130, 1220, 129, 0, 1, 1.5707963267948966, 1.0
215, 90, 275, 346, 275, 347, 0, -1, -1.5707963267948966, 1.0
215, 91, 1261, 123, 1261, 122, 0, 1, 1.5707963267948966, 1.0
215, 92, 55, 159, 55, 160, 0, -1, -1.5707963267948966, 1.0
215, 93, 463, 22, 463, 26, 0, -4, -1.5707963267948966, 4.0
215, 94, 288, 309, 288, 310, 0, -1, -1.5707963267948966, 1.0
215, 95, 657, 612, 657, 609, 0, 3, 1.5707963267948966, 3.0
215, 96, 816, 15, 816, 15, 0, 0, 0.0, 0.0
215, 97, 1218, 257, 1218, 256, 0, 1, 1.5707963267948966, 1.0
215, 98, 1011, 114, 1013, 117, -2, -3, -2.158798930342464, 3.605551275463989
215, 99, 1208, 191, 1208, 191, 0, 0, 0.0, 0.0
215, 100, 680, 399, 680, 395, 0, 4, 1.5707963267948966, 4.0
215, 101, 700, 268, 701, 273, -1, -5, -1.7681918866447774, 5.0990195135927845
215, 102, 477, 99, 477, 102, 0, -3, -1.5707963267948966, 3.0
216, 0, 852, 203, 853, 208, -1, -5, -1.7681918866447774, 5.0990195135927845
216, 1, 561, 624, 561, 624, 0, 0, 0.0, 0.0
216, 2, 357, 630, 359, 626, -2, 4, 2.0344439357957027, 4.47213595499958
216, 3, 841, 204, 842, 209, -1, -5, -1.7681918866447774, 5.0990195135927845
216, 4, 1261, 506, 1266, 505, -5, 1, 2.9441970937399127, 5.0990195135927845
216, 5, 1026, 64, 1028, 68, -2, -4, -2.0344439357957027, 4.47213595499958
216, 6, 767, 12, 768, 12, -1, 0, 3.141592653589793, 1.0
216, 7, 258, 329, 259, 331, -1, -2, -2.0344439357957027, 2.23606797749979
216, 8, 349, 584, 350, 584, -1, 0, 3.141592653589793, 1.0
216, 9, 490, 267, 490, 271, 0, -4, -1.5707963267948966, 4.0
216, 10, 167, 107, 168, 106, -1, 1, 2.356194490192345, 1.4142135623730951
216, 11, 397, 15, 394, 16, 3, -1, -0.3217505543966422, 3.1622776601683795
216, 12, 391, 71, 389, 70, 2, 1, 0.4636476090008061, 2.23606797749979
216, 13, 396, 61, 394, 60, 2, 1, 0.4636476090008061, 2.23606797749979
216, 14, 398, 70, 397, 69, 1, 1, 0.7853981633974483, 1.4142135623730951
216, 15, 469, 14, 469, 18, 0, -4, -1.5707963267948966, 4.0
216, 16, 1035, 74, 1037, 78, -2, -4, -2.0344439357957027, 4.47213595499958
216, 17, 262, 381, 263, 381, -1, 0, 3.141592653589793, 1.0
216, 18, 303, 320, 303, 320, 0, 0, 0.0, 0.0
216, 19, 830, 57, 829, 60, 1, -3, -1.2490457723982544, 3.1622776601683795
216, 20, 332, 352, 332, 353, 0, -1, -1.5707963267948966, 1.0
216, 21, 375, 626, 378, 623, -3, 3, 2.356194490192345, 4.242640687119285
216, 22, 696, 216, 696, 219, 0, -3, -1.5707963267948966, 3.0
216, 23, 618, 185, 619, 183, -1, 2, 2.0344439357957027, 2.23606797749979
216, 24, 825, 350, 824, 347, 1, 3, 1.2490457723982544, 3.1622776601683795
216, 25, 395, 25, 392, 26, 3, -1, -0.3217505543966422, 3.1622776601683795
216, 26, 363, 550, 364, 546, -1, 4, 1.8157749899217608, 4.123105625617661
216, 27, 701, 221, 701, 224, 0, -3, -1.5707963267948966, 3.0
216, 28, 808, 348, 807, 345, 1, 3, 1.2490457723982544, 3.1622776601683795
216, 29, 300, 358, 300, 359, 0, -1, -1.5707963267948966, 1.0
216, 30, 512, 657, 512, 658, 0, -1, -1.5707963267948966, 1.0
216, 31, 275, 337, 275, 338, 0, -1, -1.5707963267948966, 1.0
216, 32, 478, 268, 479, 273, -1, -5, -1.7681918866447774, 5.0990195135927845
216, 33, 316, 390, 316, 391, 0, -1, -1.5707963267948966, 1.0
216, 34, 677, 409, 677, 405, 0, 4, 1.5707963267948966, 4.0
216, 35, 671, 487, 669, 483, 2, 4, 1.1071487177940904, 4.47213595499958
216, 36, 834, 212, 835, 217, -1, -5, -1.7681918866447774, 5.0990195135927845
216, 37, 1220, 171, 1220, 170, 0, 1, 1.5707963267948966, 1.0
216, 38, 117, 556, 115, 554, 2, 2, 0.7853981633974483, 2.8284271247461903
216, 39, 329, 365, 329, 366, 0, -1, -1.5707963267948966, 1.0
216, 40, 463, 314, 465, 319, -2, -5, -1.9513027039072615, 5.385164807134504
216, 41, 680, 10, 681, 10, -1, 0, 3.141592653589793, 1.0
216, 42, 847, 192, 848, 197, -1, -5, -1.7681918866447774, 5.0990195135927845
216, 43, 101, 578, 100, 575, 1, 3, 1.2490457723982544, 3.1622776601683795
216, 44, 33, 87, 34, 87, -1, 0, 3.141592653589793, 1.0
216, 45, 479, 346, 480, 350, -1, -4, -1.8157749899217608, 4.123105625617661
216, 46, 624, 587, 624, 583, 0, 4, 1.5707963267948966, 4.0
216, 47, 1214, 167, 1214, 166, 0, 1, 1.5707963267948966, 1.0
216, 48, 1219, 221, 1219, 220, 0, 1, 1.5707963267948966, 1.0
216, 49, 835, 69, 834, 72, 1, -3, -1.2490457723982544, 3.1622776601683795
216, 50, 698, 416, 698, 412, 0, 4, 1.5707963267948966, 4.0
216, 51, 737, 130, 737, 134, 0, -4, -1.5707963267948966, 4.0
216, 52, 56, 119, 57, 119, -1, 0, 3.141592653589793, 1.0
216, 53, 146, 118, 146, 117, 0, 1, 1.5707963267948966, 1.0
216, 54, 1218, 257, 1218, 256, 0, 1, 1.5707963267948966, 1.0
216, 55, 1261, 482, 1269, 480, -8, 2, 2.896613990462929, 8.246211251235321
216, 56, 29, 109, 30, 109, -1, 0, 3.141592653589793, 1.0
216, 57, 495, 366, 495, 370, 0, -4, -1.5707963267948966, 4.0
216, 58, 1184, 321, 1184, 321, 0, 0, 0.0, 0.0
216, 59, 514, 606, 515, 611, -1, -5, -1.7681918866447774, 5.0990195135927845
216, 60, 1259, 512, 1258, 511, 1, 1, 0.7853981633974483, 1.4142135623730951
216, 61, 404, 79, 404, 79, 0, 0, 0.0, 0.0
216, 62, 498, 274, 499, 278, -1, -4, -1.8157749899217608, 4.123105625617661
216, 63, 169, 134, 169, 133, 0, 1, 1.5707963267948966, 1.0
216, 64, 693, 410, 693, 406, 0, 4, 1.5707963267948966, 4.0
216, 65, 775, 12, 776, 12, -1, 0, 3.141592653589793, 1.0
216, 66, 1255, 501, 1254, 499, 1, 2, 1.1071487177940904, 2.23606797749979
216, 67, 830, 389, 829, 389, 1, 0, 0.0, 1.0
216, 68, 706, 213, 706, 216, 0, -3, -1.5707963267948966, 3.0
216, 69, 1014, 145, 1015, 145, -1, 0, 3.141592653589793, 1.0
216, 70, 461, 336, 463, 340, -2, -4, -2.0344439357957027, 4.47213595499958
216, 71, 813, 24, 813, 24, 0, 0, 0.0, 0.0
216, 72, 1221, 130, 1221, 129, 0, 1, 1.5707963267948966, 1.0
216, 73, 846, 294, 847, 299, -1, -5, -1.7681918866447774, 5.0990195135927845
216, 74, 696, 290, 697, 292, -1, -2, -2.0344439357957027, 2.23606797749979
216, 75, 1261, 529, 1262, 528, -1, 1, 2.356194490192345, 1.4142135623730951
216, 76, 816, 16, 816, 16, 0, 0, 0.0, 0.0
216, 77, 661, 631, 661, 625, 0, 6, 1.5707963267948966, 6.0
216, 78, 525, 577, 527, 584, -2, -7, -1.849095985800008, 7.280109889280518
216, 79, 1209, 269, 1209, 268, 0, 1, 1.5707963267948966, 1.0
216, 80, 302, 338, 302, 339, 0, -1, -1.5707963267948966, 1.0
216, 81, 1261, 521, 1266, 520, -5, 1, 2.9441970937399127, 5.0990195135927845
216, 82, 1261, 32, 1264, 33, -3, -1, -2.819842099193151, 3.1622776601683795
216, 83, 480, 257, 480, 262, 0, -5, -1.5707963267948966, 5.0
216, 84, 42, 136, 43, 136, -1, 0, 3.141592653589793, 1.0
216, 85, 274, 347, 274, 348, 0, -1, -1.5707963267948966, 1.0
216, 86, 1261, 572, 1273, 572, -12, 0, 3.141592653589793, 12.0
216, 87, 558, 53, 559, 55, -1, -2, -2.0344439357957027, 2.23606797749979
216, 88, 478, 98, 478, 100, 0, -2, -1.5707963267948966, 2.0
216, 89, 1208, 191, 1208, 191, 0, 0, 0.0, 0.0
216, 90, 464, 23, 464, 27, 0, -4, -1.5707963267948966, 4.0
216, 91, 681, 400, 681, 396, 0, 4, 1.5707963267948966, 4.0
216, 92, 804, 424, 804, 424, 0, 0, 0.0, 0.0
216, 93, 779, 40, 780, 40, -1, 0, 3.141592653589793, 1.0
216, 94, 255, 369, 256, 369, -1, 0, 3.141592653589793, 1.0
216, 95, 706, 202, 706, 205, 0, -3, -1.5707963267948966, 3.0
216, 96, 678, 519, 677, 516, 1, 3, 1.2490457723982544, 3.1622776601683795
216, 97, 1028, 152, 1030, 157, -2, -5, -1.9513027039072615, 5.385164807134504
216, 98, 1237, 123, 1236, 122, 1, 1, 0.7853981633974483, 1.4142135623730951
216, 99, 1024, 75, 1026, 79, -2, -4, -2.0344439357957027, 4.47213595499958
216, 100, 126, 553, 123, 551, 3, 2, 0.5880026035475675, 3.605551275463989
216, 101, 665, 444, 664, 440, 1, 4, 1.3258176636680326, 4.123105625617661
216, 102, 351, 691, 352, 687, -1, 4, 1.8157749899217608, 4.123105625617661
216, 103, 474, 23, 474, 26, 0, -3, -1.5707963267948966, 3.0
216, 104, 858, 209, 859, 214, -1, -5, -1.7681918866447774, 5.0990195135927845
216, 105, 487, 18, 487, 21, 0, -3, -1.5707963267948966, 3.0
217, 0, 852, 199, 852, 203, 0, -4, -1.5707963267948966, 4.0
217, 1, 562, 626, 561, 624, 1, 2, 1.1071487177940904, 2.23606797749979
217, 2, 355, 633, 357, 630, -2, 3, 2.158798930342464, 3.605551275463989
217, 3, 840, 201, 841, 204, -1, -3, -1.892546881191539, 3.1622776601683795
217, 4, 1261, 508, 1261, 506, 0, 2, 1.5707963267948966, 2.0
217, 5, 1024, 59, 1026, 64, -2, -5, -1.9513027039072615, 5.385164807134504
217, 6, 766, 12, 767, 12, -1, 0, 3.141592653589793, 1.0
217, 7, 257, 326, 258, 329, -1, -3, -1.892546881191539, 3.1622776601683795
217, 8, 490, 263, 490, 267, 0, -4, -1.5707963267948966, 4.0
217, 9, 166, 110, 167, 107, -1, 3, 1.892546881191539, 3.1622776601683795
217, 10, 400, 15, 397, 15, 3, 0, 0.0, 3.0
217, 11, 391, 71, 391, 71, 0, 0, 0.0, 0.0
217, 12, 397, 60, 396, 61, 1, -1, -0.7853981633974483, 1.4142135623730951
217, 13, 398, 70, 398, 70, 0, 0, 0.0, 0.0
217, 14, 470, 10, 469, 14, 1, -4, -1.3258176636680326, 4.123105625617661
217, 15, 1033, 69, 1035, 74, -2, -5, -1.9513027039072615, 5.385164807134504
217, 16, 303, 320, 303, 320, 0, 0, 0.0, 0.0
217, 17, 832, 54, 830, 57, 2, -3, -0.982793723247329, 3.605551275463989
217, 18, 332, 351, 332, 352, 0, -1, -1.5707963267948966, 1.0
217, 19, 373, 629, 375, 626, -2, 3, 2.158798930342464, 3.605551275463989
217, 20, 696, 211, 696, 216, 0, -5, -1.5707963267948966, 5.0
217, 21, 617, 189, 618, 185, -1, 4, 1.8157749899217608, 4.123105625617661
217, 22, 825, 353, 825, 350, 0, 3, 1.5707963267948966, 3.0
217, 23, 398, 25, 395, 25, 3, 0, 0.0, 3.0
217, 24, 361, 553, 363, 550, -2, 3, 2.158798930342464, 3.605551275463989
217, 25, 701, 216, 701, 221, 0, -5, -1.5707963267948966, 5.0
217, 26, 810, 351, 808, 348, 2, 3, 0.982793723247329, 3.605551275463989
217, 27, 300, 357, 300, 358, 0, -1, -1.5707963267948966, 1.0
217, 28, 512, 655, 512, 657, 0, -2, -1.5707963267948966, 2.0
217, 29, 275, 336, 275, 337, 0, -1, -1.5707963267948966, 1.0
217, 30, 477, 264, 478, 268, -1, -4, -1.8157749899217608, 4.123105625617661
217, 31, 316, 389, 316, 390, 0, -1, -1.5707963267948966, 1.0
217, 32, 679, 412, 677, 409, 2, 3, 0.982793723247329, 3.605551275463989
217, 33, 672, 489, 671, 487, 1, 2, 1.1071487177940904, 2.23606797749979
217, 34, 832, 209, 834, 212, -2, -3, -2.158798930342464, 3.605551275463989
217, 35, 1221, 173, 1220, 171, 1, 2, 1.1071487177940904, 2.23606797749979
217, 36, 119, 558, 117, 556, 2, 2, 0.7853981633974483, 2.8284271247461903
217, 37, 329, 364, 329, 365, 0, -1, -1.5707963267948966, 1.0
217, 38, 462, 309, 463, 314, -1, -5, -1.7681918866447774, 5.0990195135927845
217, 39, 679, 10, 680, 10, -1, 0, 3.141592653589793, 1.0
217, 40, 847, 187, 847, 192, 0, -5, -1.5707963267948966, 5.0
217, 41, 101, 578, 101, 578, 0, 0, 0.0, 0.0
217, 42, 32, 87, 33, 87, -1, 0, 3.141592653589793, 1.0
217, 43, 478, 343, 479, 346, -1, -3, -1.892546881191539, 3.1622776601683795
217, 44, 625, 590, 624, 587, 1, 3, 1.2490457723982544, 3.1622776601683795
217, 45, 1215, 169, 1214, 167, 1, 2, 1.1071487177940904, 2.23606797749979
217, 46, 1220, 224, 1219, 221, 1, 3, 1.2490457723982544, 3.1622776601683795
217, 47, 837, 65, 835, 69, 2, -4, -1.1071487177940904, 4.47213595499958
217, 48, 699, 420, 698, 416, 1, 4, 1.3258176636680326, 4.123105625617661
217, 49, 736, 125, 737, 130, -1, -5, -1.7681918866447774, 5.0990195135927845
217, 50, 56, 120, 56, 119, 0, 1, 1.5707963267948966, 1.0
217, 51, 146, 120, 146, 118, 0, 2, 1.5707963267948966, 2.0
217, 52, 1218, 259, 1218, 257, 0, 2, 1.5707963267948966, 2.0
217, 53, 1261, 482, 1261, 482, 0, 0, 0.0, 0.0
217, 54, 28, 109, 29, 109, -1, 0, 3.141592653589793, 1.0
217, 55, 494, 363, 495, 366, -1, -3, -1.892546881191539, 3.1622776601683795
217, 56, 1184, 320, 1184, 321, 0, -1, -1.5707963267948966, 1.0
217, 57, 514, 600, 514, 606, 0, -6, -1.5707963267948966, 6.0
217, 58, 1259, 514, 1259, 512, 0, 2, 1.5707963267948966, 2.0
217, 59, 498, 271, 498, 274, 0, -3, -1.5707963267948966, 3.0
217, 60, 169, 136, 169, 134, 0, 2, 1.5707963267948966, 2.0
217, 61, 693, 414, 693, 410, 0, 4, 1.5707963267948966, 4.0
217, 62, 774, 12, 775, 12, -1, 0, 3.141592653589793, 1.0
217, 63, 1256, 503, 1255, 501, 1, 2, 1.1071487177940904, 2.23606797749979
217, 64, 832, 390, 830, 389, 2, 1, 0.4636476090008061, 2.23606797749979
217, 65, 706, 208, 706, 213, 0, -5, -1.5707963267948966, 5.0
217, 66, 459, 332, 461, 336, -2, -4, -2.0344439357957027, 4.47213595499958
217, 67, 813, 24, 813, 24, 0, 0, 0.0, 0.0
217, 68, 1223, 133, 1221, 130, 2, 3, 0.982793723247329, 3.605551275463989
217, 69, 845, 286, 846, 294, -1, -8, -1.695151321341658, 8.06225774829855
217, 70, 694, 286, 696, 290, -2, -4, -2.0344439357957027, 4.47213595499958
217, 71, 1261, 529, 1261, 529, 0, 0, 0.0, 0.0
217, 72, 816, 16, 816, 16, 0, 0, 0.0, 0.0
217, 73, 662, 634, 661, 631, 1, 3, 1.2490457723982544, 3.1622776601683795
217, 74, 522, 569, 525, 577, -3, -8, -1.9295669970654687, 8.54400374531753
217, 75, 1210, 272, 1209, 269, 1, 3, 1.2490457723982544, 3.1622776601683795
217, 76, 302, 337, 302, 338, 0, -1, -1.5707963267948966, 1.0
217, 77, 1261, 522, 1261, 521, 0, 1, 1.5707963267948966, 1.0
217, 78, 1261, 31, 1261, 32, 0, -1, -1.5707963267948966, 1.0
217, 79, 479, 253, 480, 257, -1, -4, -1.8157749899217608, 4.123105625617661
217, 80, 274, 346, 274, 347, 0, -1, -1.5707963267948966, 1.0
217, 81, 1260, 572, 1261, 572, -1, 0, 3.141592653589793, 1.0
217, 82, 557, 51, 558, 53, -1, -2, -2.0344439357957027, 2.23606797749979
217, 83, 478, 96, 478, 98, 0, -2, -1.5707963267948966, 2.0
217, 84, 1208, 190, 1208, 191, 0, -1, -1.5707963267948966, 1.0
217, 85, 464, 18, 464, 23, 0, -5, -1.5707963267948966, 5.0
217, 86, 682, 404, 681, 400, 1, 4, 1.3258176636680326, 4.123105625617661
217, 87, 804, 425, 804, 424, 0, 1, 1.5707963267948966, 1.0
217, 88, 777, 40, 779, 40, -2, 0, 3.141592653589793, 2.0
217, 89, 254, 369, 255, 369, -1, 0, 3.141592653589793, 1.0
217, 90, 706, 197, 706, 202, 0, -5, -1.5707963267948966, 5.0
217, 91, 681, 521, 678, 519, 3, 2, 0.5880026035475675, 3.605551275463989
217, 92, 1026, 150, 1028, 152, -2, -2, -2.356194490192345, 2.8284271247461903
217, 93, 1239, 126, 1237, 123, 2, 3, 0.982793723247329, 3.605551275463989
217, 94, 1022, 72, 1024, 75, -2, -3, -2.158798930342464, 3.605551275463989
217, 95, 128, 555, 126, 553, 2, 2, 0.7853981633974483, 2.8284271247461903
217, 96, 666, 446, 665, 444, 1, 2, 1.1071487177940904, 2.23606797749979
217, 97, 348, 694, 351, 691, -3, 3, 2.356194490192345, 4.242640687119285
217, 98, 474, 19, 474, 23, 0, -4, -1.5707963267948966, 4.0
217, 99, 859, 205, 858, 209, 1, -4, -1.3258176636680326, 4.123105625617661
217, 100, 487, 14, 487, 18, 0, -4, -1.5707963267948966, 4.0
218, 0, 852, 197, 852, 202, 0, -5, -1.5707963267948966, 5.0
218, 1, 840, 197, 841, 202, -1, -5, -1.7681918866447774, 5.0990195135927845
218, 2, 402, 16, 399, 16, 3, 0, 0.0, 3.0
218, 3, 167, 111, 168, 109, -1, 2, 2.0344439357957027, 2.23606797749979
218, 4, 767, 11, 768, 11, -1, 0, 3.141592653589793, 1.0
218, 5, 1025, 59, 1026, 63, -1, -4, -1.8157749899217608, 4.123105625617661
218, 6, 254, 369, 255, 369, -1, 0, 3.141592653589793, 1.0
218, 7, 354, 639, 356, 635, -2, 4, 2.0344439357957027, 4.47213595499958
218, 8, 258, 326, 259, 328, -1, -2, -2.0344439357957027, 2.23606797749979
218, 9, 558, 635, 560, 633, -2, 2, 2.356194490192345, 2.8284271247461903
218, 10, 470, 13, 470, 15, 0, -2, -1.5707963267948966, 2.0
218, 11, 490, 261, 490, 265, 0, -4, -1.5707963267948966, 4.0
218, 12, 304, 320, 304, 320, 0, 0, 0.0, 0.0
218, 13, 501, 309, 501, 309, 0, 0, 0.0, 0.0
218, 14, 332, 352, 332, 353, 0, -1, -1.5707963267948966, 1.0
218, 15, 399, 24, 396, 25, 3, -1, -0.3217505543966422, 3.1622776601683795
218, 16, 372, 636, 374, 632, -2, 4, 2.0344439357957027, 4.47213595499958
218, 17, 1034, 70, 1035, 74, -1, -4, -1.8157749899217608, 4.123105625617661
218, 18, 355, 563, 355, 561, 0, 2, 1.5707963267948966, 2.0
218, 19, 618, 191, 619, 188, -1, 3, 1.892546881191539, 3.1622776601683795
218, 20, 243, 326, 244, 328, -1, -2, -2.0344439357957027, 2.23606797749979
218, 21, 827, 356, 826, 352, 1, 4, 1.3258176636680326, 4.123105625617661
218, 22, 1261, 515, 1269, 511, -8, 4, 2.677945044588987, 8.94427190999916
218, 23, 679, 418, 679, 414, 0, 4, 1.5707963267948966, 4.0
218, 24, 510, 639, 511, 642, -1, -3, -1.892546881191539, 3.1622776601683795
218, 25, 478, 261, 478, 266, 0, -5, -1.5707963267948966, 5.0
218, 26, 673, 574, 673, 571, 0, 3, 1.5707963267948966, 3.0
218, 27, 275, 337, 275, 338, 0, -1, -1.5707963267948966, 1.0
218, 28, 120, 562, 119, 560, 1, 2, 1.1071487177940904, 2.23606797749979
218, 29, 383, 701, 384, 705, -1, -4, -1.8157749899217608, 4.123105625617661
218, 30, 696, 210, 696, 214, 0, -4, -1.5707963267948966, 4.0
218, 31, 170, 143, 171, 141, -1, 2, 2.0344439357957027, 2.23606797749979
218, 32, 680, 15, 681, 13, -1, 2, 2.0344439357957027, 2.23606797749979
218, 33, 1216, 169, 1215, 168, 1, 1, 0.7853981633974483, 1.4142135623730951
218, 34, 701, 215, 701, 219, 0, -4, -1.5707963267948966, 4.0
218, 35, 317, 390, 317, 391, 0, -1, -1.5707963267948966, 1.0
218, 36, 829, 376, 828, 372, 1, 4, 1.3258176636680326, 4.123105625617661
218, 37, 846, 185, 847, 190, -1, -5, -1.7681918866447774, 5.0990195135927845
218, 38, 673, 495, 672, 492, 1, 3, 1.2490457723982544, 3.1622776601683795
218, 39, 399, 72, 398, 71, 1, 1, 0.7853981633974483, 1.4142135623730951
218, 40, 1261, 573, 1274, 573, -13, 0, 3.141592653589793, 13.0
218, 41, 329, 364, 329, 365, 0, -1, -1.5707963267948966, 1.0
218, 42, 738, 125, 738, 129, 0, -4, -1.5707963267948966, 4.0
218, 43, 824, 438, 822, 432, 2, 6, 1.2490457723982544, 6.324555320336759
218, 44, 33, 87, 34, 87, -1, 0, 3.141592653589793, 1.0
218, 45, 476, 341, 477, 344, -1, -3, -1.892546881191539, 3.1622776601683795
218, 46, 700, 424, 700, 420, 0, 4, 1.5707963267948966, 4.0
218, 47, 300, 358, 300, 359, 0, -1, -1.5707963267948966, 1.0
218, 48, 833, 392, 832, 389, 1, 3, 1.2490457723982544, 3.1622776601683795
218, 49, 810, 353, 809, 350, 1, 3, 1.2490457723982544, 3.1622776601683795
218, 50, 146, 121, 146, 120, 0, 1, 1.5707963267948966, 1.0
218, 51, 714, 154, 715, 156, -1, -2, -2.0344439357957027, 2.23606797749979
218, 52, 359, 548, 361, 544, -2, 4, 2.0344439357957027, 4.47213595499958
218, 53, 1210, 272, 1210, 270, 0, 2, 1.5707963267948966, 2.0
218, 54, 473, 94, 473, 96, 0, -2, -1.5707963267948966, 2.0
218, 55, 524, 566, 525, 573, -1, -7, -1.7126933813990606, 7.0710678118654755
218, 56, 513, 597, 514, 601, -1, -4, -1.8157749899217608, 4.123105625617661
218, 57, 498, 268, 499, 272, -1, -4, -1.8157749899217608, 4.123105625617661
218, 58, 817, 16, 817, 16, 0, 0, 0.0, 0.0
218, 59, 833, 206, 835, 210, -2, -4, -2.0344439357957027, 4.47213595499958
218, 60, 695, 418, 695, 414, 0, 4, 1.5707963267948966, 4.0
218, 61, 775, 30, 776, 30, -1, 0, 3.141592653589793, 1.0
218, 62, 1023, 71, 1024, 75, -1, -4, -1.8157749899217608, 4.123105625617661
218, 63, 302, 338, 302, 339, 0, -1, -1.5707963267948966, 1.0
218, 64, 463, 307, 464, 312, -1, -5, -1.7681918866447774, 5.0990195135927845
218, 65, 1183, 321, 1184, 321, -1, 0, 3.141592653589793, 1.0
218, 66, 1261, 167, 1274, 167, -13, 0, 3.141592653589793, 13.0
218, 67, 586, 50, 587, 52, -1, -2, -2.0344439357957027, 2.23606797749979
218, 68, 836, 68, 836, 69, 0, -1, -1.5707963267948966, 1.0
218, 69, 57, 115, 58, 115, -1, 0, 3.141592653589793, 1.0
218, 70, 813, 24, 813, 24, 0, 0, 0.0, 0.0
218, 71, 696, 284, 697, 289, -1, -5, -1.7681918866447774, 5.0990195135927845
218, 72, 1222, 134, 1221, 133, 1, 1, 0.7853981633974483, 1.4142135623730951
218, 73, 363, 567, 364, 564, -1, 3, 1.892546881191539, 3.1622776601683795
218, 74, 457, 329, 459, 333, -2, -4, -2.0344439357957027, 4.47213595499958
218, 75, 405, 79, 404, 79, 1, 0, 0.0, 1.0
218, 76, 365, 533, 366, 530, -1, 3, 1.892546881191539, 3.1622776601683795
218, 77, 486, 15, 487, 18, -1, -3, -1.892546881191539, 3.1622776601683795
218, 78, 486, 357, 487, 359, -1, -2, -2.0344439357957027, 2.23606797749979
218, 79, 1208, 191, 1208, 191, 0, 0, 0.0, 0.0
218, 80, 1221, 201, 1221, 200, 0, 1, 1.5707963267948966, 1.0
218, 81, 829, 234, 831, 239, -2, -5, -1.9513027039072615, 5.385164807134504
218, 82, 1221, 174, 1221, 173, 0, 1, 1.5707963267948966, 1.0
218, 83, 706, 209, 706, 213, 0, -4, -1.5707963267948966, 4.0
218, 84, 29, 109, 30, 109, -1, 0, 3.141592653589793, 1.0
218, 85, 666, 452, 665, 448, 1, 4, 1.3258176636680326, 4.123105625617661
218, 86, 42, 136, 43, 136, -1, 0, 3.141592653589793, 1.0
218, 87, 615, 28, 615, 28, 0, 0, 0.0, 0.0
218, 88, 274, 347, 274, 348, 0, -1, -1.5707963267948966, 1.0
218, 89, 1220, 225, 1220, 223, 0, 2, 1.5707963267948966, 2.0
218, 90, 464, 22, 464, 24, 0, -2, -1.5707963267948966, 2.0
218, 91, 497, 353, 497, 355, 0, -2, -1.5707963267948966, 2.0
218, 92, 1261, 145, 1277, 148, -16, -3, -2.9562447035940984, 16.278820596099706
218, 93, 480, 250, 480, 255, 0, -5, -1.5707963267948966, 5.0
218, 94, 832, 57, 831, 59, 1, -2, -1.1071487177940904, 2.23606797749979
218, 95, 289, 309, 289, 310, 0, -1, -1.5707963267948966, 1.0
218, 96, 1218, 259, 1218, 258, 0, 1, 1.5707963267948966, 1.0
218, 97, 287, 355, 287, 356, 0, -1, -1.5707963267948966, 1.0
218, 98, 130, 558, 128, 556, 2, 2, 0.7853981633974483, 2.8284271247461903
218, 99, 1261, 493, 1272, 490, -11, 3, 2.875340604438868, 11.40175425099138
218, 100, 1025, 145, 1027, 146, -2, -1, -2.677945044588987, 2.23606797749979
218, 101, 612, 230, 612, 228, 0, 2, 1.5707963267948966, 2.0
218, 102, 474, 20, 474, 22, 0, -2, -1.5707963267948966, 2.0
218, 103, 55, 160, 55, 161, 0, -1, -1.5707963267948966, 1.0
218, 104, 481, 90, 481, 92, 0, -2, -1.5707963267948966, 2.0
218, 105, 857, 202, 858, 207, -1, -5, -1.7681918866447774, 5.0990195135927845
218, 106, 395, 701, 395, 702, 0, -1, -1.5707963267948966, 1.0
218, 107, 626, 601, 626, 596, 0, 5, 1.5707963267948966, 5.0
218, 108, 70, 576, 69, 577, 1, -1, -0.7853981633974483, 1.4142135623730951
218, 109, 397, 60, 397, 60, 0, 0, 0.0, 0.0
218, 110, 698, 197, 698, 201, 0, -4, -1.5707963267948966, 4.0
218, 111, 92, 582, 88, 580, 4, 2, 0.4636476090008061, 4.47213595499958
218, 112, 613, 290, 613, 286, 0, 4, 1.5707963267948966, 4.0
218, 113, 823, 348, 822, 344, 1, 4, 1.3258176636680326, 4.123105625617661
218, 114, 682, 408, 682, 404, 0, 4, 1.5707963267948966, 4.0
218, 115, 1154, 23, 1154, 22, 0, 1, 1.5707963267948966, 1.0
218, 116, 689, 408, 689, 404, 0, 4, 1.5707963267948966, 4.0
218, 117, 837, 277, 838, 279, -1, -2, -2.0344439357957027, 2.23606797749979
218, 118, 1239, 125, 1238, 124, 1, 1, 0.7853981633974483, 1.4142135623730951
218, 119, 706, 197, 706, 201, 0, -4, -1.5707963267948966, 4.0
218, 120, 1176, 259, 1176, 258, 0, 1, 1.5707963267948966, 1.0
218, 121, 1261, 32, 1264, 33, -3, -1, -2.819842099193151, 3.1622776601683795
218, 122, 728, 198, 729, 200, -1, -2, -2.0344439357957027, 2.23606797749979
218, 123, 1025, 134, 1027, 135, -2, -1, -2.677945044588987, 2.23606797749979
218, 124, 170, 92, 171, 91, -1, 1, 2.356194490192345, 1.4142135623730951
218, 125, 816, 348, 815, 344, 1, 4, 1.3258176636680326, 4.123105625617661
218, 126, 939, 31, 939, 32, 0, -1, -1.5707963267948966, 1.0
218, 127, 623, 281, 623, 280, 0, 1, 1.5707963267948966, 1.0
218, 128, 138, 60, 138, 58, 0, 2, 1.5707963267948966, 2.0
218, 129, 301, 375, 301, 376, 0, -1, -1.5707963267948966, 1.0
218, 130, 637, 12, 638, 11, -1, 1, 2.356194490192345, 1.4142135623730951
218, 131, 781, 44, 783, 44, -2, 0, 3.141592653589793, 2.0
218, 132, 150, 68, 150, 67, 0, 1, 1.5707963267948966, 1.0
218, 133, 17, 19, 16, 18, 1, 1, 0.7853981633974483, 1.4142135623730951
218, 134, 804, 424, 804, 424, 0, 0, 0.0, 0.0
218, 135, 521, 589, 522, 593, -1, -4, -1.8157749899217608, 4.123105625617661
219, 0, 852, 192, 852, 197, 0, -5, -1.5707963267948966, 5.0
219, 1, 839, 193, 840, 197, -1, -4, -1.8157749899217608, 4.123105625617661
219, 2, 405, 16, 402, 16, 3, 0, 0.0, 3.0
219, 3, 166, 113, 167, 111, -1, 2, 2.0344439357957027, 2.23606797749979
219, 4, 766, 11, 767, 11, -1, 0, 3.141592653589793, 1.0
219, 5, 1024, 56, 1025, 59, -1, -3, -1.892546881191539, 3.1622776601683795
219, 6, 253, 369, 254, 369, -1, 0, 3.141592653589793, 1.0
219, 7, 352, 643, 354, 639, -2, 4, 2.0344439357957027, 4.47213595499958
219, 8, 257, 324, 258, 326, -1, -2, -2.0344439357957027, 2.23606797749979
219, 9, 555, 637, 558, 635, -3, 2, 2.5535900500422257, 3.605551275463989
219, 10, 470, 12, 470, 13, 0, -1, -1.5707963267948966, 1.0
219, 11, 490, 257, 490, 261, 0, -4, -1.5707963267948966, 4.0
219, 12, 304, 320, 304, 320, 0, 0, 0.0, 0.0
219, 13, 501, 309, 501, 309, 0, 0, 0.0, 0.0
219, 14, 401, 24, 399, 24, 2, 0, 0.0, 2.0
219, 15, 370, 640, 372, 636, -2, 4, 2.0344439357957027, 4.47213595499958
219, 16, 1033, 67, 1034, 70, -1, -3, -1.892546881191539, 3.1622776601683795
219, 17, 354, 564, 355, 563, -1, 1, 2.356194490192345, 1.4142135623730951
219, 18, 617, 194, 618, 191, -1, 3, 1.892546881191539, 3.1622776601683795
219, 19, 827, 360, 827, 356, 0, 4, 1.5707963267948966, 4.0
219, 20, 1261, 519, 1261, 515, 0, 4, 1.5707963267948966, 4.0
219, 21, 679, 421, 679, 418, 0, 3, 1.5707963267948966, 3.0
219, 22, 509, 635, 510, 639, -1, -4, -1.8157749899217608, 4.123105625617661
219, 23, 477, 257, 478, 261, -1, -4, -1.8157749899217608, 4.123105625617661
219, 24, 673, 578, 673, 574, 0, 4, 1.5707963267948966, 4.0
219, 25, 275, 336, 275, 337, 0, -1, -1.5707963267948966, 1.0
219, 26, 121, 564, 120, 562, 1, 2, 1.1071487177940904, 2.23606797749979
219, 27, 384, 701, 383, 701, 1, 0, 0.0, 1.0
219, 28, 696, 206, 696, 210, 0, -4, -1.5707963267948966, 4.0
219, 29, 168, 143, 170, 143, -2, 0, 3.141592653589793, 2.0
219, 30, 679, 16, 680, 15, -1, 1, 2.356194490192345, 1.4142135623730951
219, 31, 1217, 170, 1216, 169, 1, 1, 0.7853981633974483, 1.4142135623730951
219, 32, 700, 211, 701, 215, -1, -4, -1.8157749899217608, 4.123105625617661
219, 33, 317, 389, 317, 390, 0, -1, -1.5707963267948966, 1.0
219, 34, 830, 380, 829, 376, 1, 4, 1.3258176636680326, 4.123105625617661
219, 35, 846, 180, 846, 185, 0, -5, -1.5707963267948966, 5.0
219, 36, 675, 499, 673, 495, 2, 4, 1.1071487177940904, 4.47213595499958
219, 37, 399, 71, 399, 72, 0, -1, -1.5707963267948966, 1.0
219, 38, 1261, 573, 1261, 573, 0, 0, 0.0, 0.0
219, 39, 738, 122, 738, 125, 0, -3, -1.5707963267948966, 3.0
219, 40, 825, 442, 824, 438, 1, 4, 1.3258176636680326, 4.123105625617661
219, 41, 32, 87, 33, 87, -1, 0, 3.141592653589793, 1.0
219, 42, 475, 339, 476, 341, -1, -2, -2.0344439357957027, 2.23606797749979
219, 43, 700, 428, 700, 424, 0, 4, 1.5707963267948966, 4.0
219, 44, 834, 395, 833, 392, 1, 3, 1.2490457723982544, 3.1622776601683795
219, 45, 812, 356, 810, 353, 2, 3, 0.982793723247329, 3.605551275463989
219, 46, 146, 122, 146, 121, 0, 1, 1.5707963267948966, 1.0
219, 47, 713, 152, 714, 154, -1, -2, -2.0344439357957027, 2.23606797749979
219, 48, 357, 552, 359, 548, -2, 4, 2.0344439357957027, 4.47213595499958
219, 49, 1210, 274, 1210, 272, 0, 2, 1.5707963267948966, 2.0
219, 50, 473, 93, 473, 94, 0, -1, -1.5707963267948966, 1.0
219, 51, 523, 559, 524, 566, -1, -7, -1.7126933813990606, 7.0710678118654755
219, 52, 512, 592, 513, 597, -1, -5, -1.7681918866447774, 5.0990195135927845
219, 53, 497, 264, 498, 268, -1, -4, -1.8157749899217608, 4.123105625617661
219, 54, 817, 16, 817, 16, 0, 0, 0.0, 0.0
219, 55, 832, 202, 833, 206, -1, -4, -1.8157749899217608, 4.123105625617661
219, 56, 695, 422, 695, 418, 0, 4, 1.5707963267948966, 4.0
219, 57, 774, 30, 775, 30, -1, 0, 3.141592653589793, 1.0
219, 58, 1022, 67, 1023, 71, -1, -4, -1.8157749899217608, 4.123105625617661
219, 59, 462, 302, 463, 307, -1, -5, -1.7681918866447774, 5.0990195135927845
219, 60, 1183, 321, 1183, 321, 0, 0, 0.0, 0.0
219, 61, 1261, 167, 1261, 167, 0, 0, 0.0, 0.0
219, 62, 836, 67, 836, 68, 0, -1, -1.5707963267948966, 1.0
219, 63, 56, 115, 57, 115, -1, 0, 3.141592653589793, 1.0
219, 64, 813, 24, 813, 24, 0, 0, 0.0, 0.0
219, 65, 695, 280, 696, 284, -1, -4, -1.8157749899217608, 4.123105625617661
219, 66, 1223, 135, 1222, 134, 1, 1, 0.7853981633974483, 1.4142135623730951
219, 67, 362, 571, 363, 567, -1, 4, 1.8157749899217608, 4.123105625617661
219, 68, 455, 325, 457, 329, -2, -4, -2.0344439357957027, 4.47213595499958
219, 69, 405, 78, 405, 79, 0, -1, -1.5707963267948966, 1.0
219, 70, 364, 536, 365, 533, -1, 3, 1.892546881191539, 3.1622776601683795
219, 71, 486, 13, 486, 15, 0, -2, -1.5707963267948966, 2.0
219, 72, 1208, 191, 1208, 191, 0, 0, 0.0, 0.0
219, 73, 1221, 201, 1221, 201, 0, 0, 0.0, 0.0
219, 74, 827, 229, 829, 234, -2, -5, -1.9513027039072615, 5.385164807134504
219, 75, 1222, 175, 1221, 174, 1, 1, 0.7853981633974483, 1.4142135623730951
219, 76, 706, 205, 706, 209, 0, -4, -1.5707963267948966, 4.0
219, 77, 28, 109, 29, 109, -1, 0, 3.141592653589793, 1.0
219, 78, 667, 456, 666, 452, 1, 4, 1.3258176636680326, 4.123105625617661
219, 79, 41, 136, 42, 136, -1, 0, 3.141592653589793, 1.0
219, 80, 615, 27, 615, 28, 0, -1, -1.5707963267948966, 1.0
219, 81, 1221, 227, 1220, 225, 1, 2, 1.1071487177940904, 2.23606797749979
219, 82, 464, 20, 464, 22, 0, -2, -1.5707963267948966, 2.0
219, 83, 497, 351, 497, 353, 0, -2, -1.5707963267948966, 2.0
219, 84, 1261, 146, 1261, 145, 0, 1, 1.5707963267948966, 1.0
219, 85, 480, 246, 480, 250, 0, -4, -1.5707963267948966, 4.0
219, 86, 833, 56, 832, 57, 1, -1, -0.7853981633974483, 1.4142135623730951
219, 87, 289, 308, 289, 309, 0, -1, -1.5707963267948966, 1.0
219, 88, 1218, 260, 1218, 259, 0, 1, 1.5707963267948966, 1.0
219, 89, 131, 560, 130, 558, 1, 2, 1.1071487177940904, 2.23606797749979
219, 90, 1261, 497, 1261, 493, 0, 4, 1.5707963267948966, 4.0
219, 91, 1023, 143, 1025, 145, -2, -2, -2.356194490192345, 2.8284271247461903
219, 92, 611, 233, 612, 230, -1, 3, 1.892546881191539, 3.1622776601683795
219, 93, 474, 19, 474, 20, 0, -1, -1.5707963267948966, 1.0
219, 94, 55, 159, 55, 160, 0, -1, -1.5707963267948966, 1.0
219, 95, 481, 88, 481, 90, 0, -2, -1.5707963267948966, 2.0
219, 96, 856, 197, 857, 202, -1, -5, -1.7681918866447774, 5.0990195135927845
219, 97, 395, 701, 395, 701, 0, 0, 0.0, 0.0
219, 98, 626, 606, 626, 601, 0, 5, 1.5707963267948966, 5.0
219, 99, 71, 574, 70, 576, 1, -2, -1.1071487177940904, 2.23606797749979
219, 100, 397, 59, 397, 60, 0, -1, -1.5707963267948966, 1.0
219, 101, 698, 193, 698, 197, 0, -4, -1.5707963267948966, 4.0
219, 102, 95, 585, 92, 582, 3, 3, 0.7853981633974483, 4.242640687119285
219, 103, 613, 293, 613, 290, 0, 3, 1.5707963267948966, 3.0
219, 104, 824, 352, 823, 348, 1, 4, 1.3258176636680326, 4.123105625617661
219, 105, 682, 412, 682, 408, 0, 4, 1.5707963267948966, 4.0
219, 106, 1156, 24, 1154, 23, 2, 1, 0.4636476090008061, 2.23606797749979
219, 107, 689, 412, 689, 408, 0, 4, 1.5707963267948966, 4.0
219, 108, 836, 275, 837, 277, -1, -2, -2.0344439357957027, 2.23606797749979
219, 109, 1241, 126, 1239, 125, 2, 1, 0.4636476090008061, 2.23606797749979
219, 110, 706, 193, 706, 197, 0, -4, -1.5707963267948966, 4.0
219, 111, 1176, 260, 1176, 259, 0, 1, 1.5707963267948966, 1.0
219, 112, 1261, 31, 1261, 32, 0, -1, -1.5707963267948966, 1.0
219, 113, 728, 196, 728, 198, 0, -2, -1.5707963267948966, 2.0
219, 114, 1023, 132, 1025, 134, -2, -2, -2.356194490192345, 2.8284271247461903
219, 115, 169, 94, 170, 92, -1, 2, 2.0344439357957027, 2.23606797749979
219, 116, 817, 352, 816, 348, 1, 4, 1.3258176636680326, 4.123105625617661
219, 117, 623, 282, 623, 281, 0, 1, 1.5707963267948966, 1.0
219, 118, 138, 61, 138, 60, 0, 1, 1.5707963267948966, 1.0
219, 119, 300, 375, 301, 375, -1, 0, 3.141592653589793, 1.0
219, 120, 636, 13, 637, 12, -1, 1, 2.356194490192345, 1.4142135623730951
219, 121, 780, 44, 781, 44, -1, 0, 3.141592653589793, 1.0
219, 122, 150, 70, 150, 68, 0, 2, 1.5707963267948966, 2.0
219, 123, 18, 20, 17, 19, 1, 1, 0.7853981633974483, 1.4142135623730951
219, 124, 804, 424, 804, 424, 0, 0, 0.0, 0.0
219, 125, 520, 584, 521, 589, -1, -5, -1.7681918866447774, 5.0990195135927845
220, 0, 852, 193, 853, 197, -1, -4, -1.8157749899217608, 4.123105625617661
220, 1, 405, 16, 402, 16, 3, 0, 0.0, 3.0
220, 2, 767, 12, 768, 12, -1, 0, 3.141592653589793, 1.0
220, 3, 840, 194, 841, 198, -1, -4, -1.8157749899217608, 4.123105625617661
220, 4, 304, 320, 304, 320, 0, 0, 0.0, 0.0
220, 5, 556, 644, 559, 642, -3, 2, 2.5535900500422257, 3.605551275463989
220, 6, 1025, 57, 1026, 60, -1, -3, -1.892546881191539, 3.1622776601683795
220, 7, 168, 113, 168, 111, 0, 2, 1.5707963267948966, 2.0
220, 8, 1033, 69, 1034, 71, -1, -2, -2.0344439357957027, 2.23606797749979
220, 9, 349, 585, 350, 584, -1, 1, 2.356194490192345, 1.4142135623730951
220, 10, 470, 13, 470, 14, 0, -1, -1.5707963267948966, 1.0
220, 11, 402, 25, 399, 25, 3, 0, 0.0, 3.0
220, 12, 372, 640, 373, 636, -1, 4, 1.8157749899217608, 4.123105625617661
220, 13, 829, 361, 828, 357, 1, 4, 1.3258176636680326, 4.123105625617661
220, 14, 353, 644, 354, 640, -1, 4, 1.8157749899217608, 4.123105625617661
220, 15, 490, 258, 490, 261, 0, -3, -1.5707963267948966, 3.0
220, 16, 245, 335, 246, 337, -1, -2, -2.0344439357957027, 2.23606797749979
220, 17, 509, 626, 510, 630, -1, -4, -1.8157749899217608, 4.123105625617661
220, 18, 827, 231, 828, 234, -1, -3, -1.892546881191539, 3.1622776601683795
220, 19, 477, 258, 477, 262, 0, -4, -1.5707963267948966, 4.0
220, 20, 254, 388, 254, 389, 0, -1, -1.5707963267948966, 1.0
220, 21, 258, 325, 259, 327, -1, -2, -2.0344439357957027, 2.23606797749979
220, 22, 256, 372, 256, 372, 0, 0, 0.0, 0.0
220, 23, 618, 194, 619, 191, -1, 3, 1.892546881191539, 3.1622776601683795
220, 24, 1032, 107, 1034, 108, -2, -1, -2.677945044588987, 2.23606797749979
220, 25, 276, 336, 276, 337, 0, -1, -1.5707963267948966, 1.0
220, 26, 1217, 171, 1216, 170, 1, 1, 0.7853981633974483, 1.4142135623730951
220, 27, 695, 206, 696, 211, -1, -5, -1.7681918866447774, 5.0990195135927845
220, 28, 476, 338, 477, 340, -1, -2, -2.0344439357957027, 2.23606797749979
220, 29, 700, 211, 701, 216, -1, -5, -1.7681918866447774, 5.0990195135927845
220, 30, 317, 390, 317, 391, 0, -1, -1.5707963267948966, 1.0
220, 31, 244, 325, 245, 327, -1, -2, -2.0344439357957027, 2.23606797749979
220, 32, 412, 74, 411, 74, 1, 0, 0.0, 1.0
220, 33, 679, 423, 679, 419, 0, 4, 1.5707963267948966, 4.0
220, 34, 829, 381, 829, 377, 0, 4, 1.5707963267948966, 4.0
220, 35, 676, 576, 675, 573, 1, 3, 1.2490457723982544, 3.1622776601683795
220, 36, 847, 182, 848, 186, -1, -4, -1.8157749899217608, 4.123105625617661
220, 37, 701, 429, 701, 425, 0, 4, 1.5707963267948966, 4.0
220, 38, 383, 701, 384, 715, -1, -14, -1.642103791580187, 14.035668847618199
220, 39, 739, 128, 740, 131, -1, -3, -1.892546881191539, 3.1622776601683795
220, 40, 1261, 573, 1274, 573, -13, 0, 3.141592653589793, 13.0
220, 41, 679, 16, 680, 15, -1, 1, 2.356194490192345, 1.4142135623730951
220, 42, 767, 20, 768, 20, -1, 0, 3.141592653589793, 1.0
220, 43, 646, 14, 647, 13, -1, 1, 2.356194490192345, 1.4142135623730951
220, 44, 473, 94, 473, 96, 0, -2, -1.5707963267948966, 2.0
220, 45, 462, 306, 463, 310, -1, -4, -1.8157749899217608, 4.123105625617661
220, 46, 817, 16, 817, 16, 0, 0, 0.0, 0.0
220, 47, 676, 500, 675, 497, 1, 3, 1.2490457723982544, 3.1622776601683795
220, 48, 1021, 69, 1023, 72, -2, -3, -2.158798930342464, 3.605551275463989
220, 49, 1015, 142, 1017, 144, -2, -2, -2.356194490192345, 2.8284271247461903
220, 50, 498, 266, 499, 269, -1, -3, -1.892546881191539, 3.1622776601683795
220, 51, 1211, 274, 1211, 272, 0, 2, 1.5707963267948966, 2.0
220, 52, 33, 87, 34, 87, -1, 0, 3.141592653589793, 1.0
220, 53, 330, 406, 330, 407, 0, -1, -1.5707963267948966, 1.0
220, 54, 811, 71, 811, 72, 0, -1, -1.5707963267948966, 1.0
220, 55, 696, 423, 696, 419, 0, 4, 1.5707963267948966, 4.0
220, 56, 361, 583, 363, 579, -2, 4, 2.0344439357957027, 4.47213595499958
220, 57, 834, 397, 833, 393, 1, 4, 1.3258176636680326, 4.123105625617661
220, 58, 812, 405, 812, 402, 0, 3, 1.5707963267948966, 3.0
220, 59, 524, 561, 525, 567, -1, -6, -1.7359450042095235, 6.082762530298219
220, 60, 1224, 135, 1223, 134, 1, 1, 0.7853981633974483, 1.4142135623730951
220, 61, 503, 312, 503, 312, 0, 0, 0.0, 0.0
220, 62, 775, 31, 776, 31, -1, 0, 3.141592653589793, 1.0
220, 63, 813, 358, 811, 355, 2, 3, 0.982793723247329, 3.605551275463989
220, 64, 481, 249, 481, 252, 0, -3, -1.5707963267948966, 3.0
220, 65, 99, 591, 96, 589, 3, 2, 0.5880026035475675, 3.605551275463989
220, 66, 813, 24, 813, 24, 0, 0, 0.0, 0.0
220, 67, 512, 589, 513, 594, -1, -5, -1.7681918866447774, 5.0990195135927845
220, 68, 42, 137, 43, 137, -1, 0, 3.141592653589793, 1.0
220, 69, 1194, 320, 1195, 318, -1, 2, 2.0344439357957027, 2.23606797749979
220, 70, 832, 57, 832, 58, 0, -1, -1.5707963267948966, 1.0
220, 71, 1219, 262, 1219, 260, 0, 2, 1.5707963267948966, 2.0
220, 72, 1221, 227, 1221, 225, 0, 2, 1.5707963267948966, 2.0
220, 73, 71, 571, 69, 574, 2, -3, -0.982793723247329, 3.605551275463989
220, 74, 695, 280, 696, 284, -1, -4, -1.8157749899217608, 4.123105625617661
220, 75, 1261, 526, 1262, 523, -1, 3, 1.892546881191539, 3.1622776601683795
220, 76, 147, 122, 147, 121, 0, 1, 1.5707963267948966, 1.0
220, 77, 833, 201, 834, 205, -1, -4, -1.8157749899217608, 4.123105625617661
220, 78, 455, 326, 457, 329, -2, -3, -2.158798930342464, 3.605551275463989
220, 79, 667, 457, 666, 453, 1, 4, 1.3258176636680326, 4.123105625617661
220, 80, 705, 205, 706, 210, -1, -5, -1.7681918866447774, 5.0990195135927845
220, 81, 847, 277, 848, 280, -1, -3, -1.892546881191539, 3.1622776601683795
220, 82, 287, 355, 287, 356, 0, -1, -1.5707963267948966, 1.0
220, 83, 1261, 169, 1276, 169, -15, 0, 3.141592653589793, 15.0
220, 84, 837, 67, 837, 68, 0, -1, -1.5707963267948966, 1.0
220, 85, 683, 414, 683, 410, 0, 4, 1.5707963267948966, 4.0
220, 86, 613, 235, 613, 233, 0, 2, 1.5707963267948966, 2.0
220, 87, 1021, 128, 1023, 130, -2, -2, -2.356194490192345, 2.8284271247461903
220, 88, 399, 60, 398, 60, 1, 0, 0.0, 1.0
220, 89, 1209, 191, 1209, 191, 0, 0, 0.0, 0.0
220, 90, 730, 198, 730, 200, 0, -2, -1.5707963267948966, 2.0
220, 91, 474, 20, 474, 21, 0, -1, -1.5707963267948966, 1.0
220, 92, 1223, 175, 1222, 174, 1, 1, 0.7853981633974483, 1.4142135623730951
220, 93, 289, 309, 289, 310, 0, -1, -1.5707963267948966, 1.0
220, 94, 690, 413, 690, 409, 0, 4, 1.5707963267948966, 4.0
220, 95, 857, 199, 858, 203, -1, -4, -1.8157749899217608, 4.123105625617661
220, 96, 924, 94, 924, 95, 0, -1, -1.5707963267948966, 1.0
220, 97, 1183, 321, 1184, 321, -1, 0, 3.141592653589793, 1.0
220, 98, 713, 153, 714, 155, -1, -2, -2.0344439357957027, 2.23606797749979
220, 99, 55, 160, 55, 161, 0, -1, -1.5707963267948966, 1.0
220, 100, 817, 353, 816, 349, 1, 4, 1.3258176636680326, 4.123105625617661
220, 101, 464, 21, 464, 22, 0, -1, -1.5707963267948966, 1.0
220, 102, 1240, 126, 1239, 126, 1, 0, 0.0, 1.0
220, 103, 57, 116, 58, 116, -1, 0, 3.141592653589793, 1.0
220, 104, 150, 71, 150, 69, 0, 2, 1.5707963267948966, 2.0
220, 105, 122, 566, 121, 563, 1, 3, 1.2490457723982544, 3.1622776601683795
220, 106, 486, 12, 487, 15, -1, -3, -1.892546881191539, 3.1622776601683795
220, 107, 410, 58, 408, 58, 2, 0, 0.0, 2.0
220, 108, 804, 424, 804, 424, 0, 0, 0.0, 0.0
220, 109, 1221, 201, 1221, 201, 0, 0, 0.0, 0.0
220, 110, 706, 194, 707, 198, -1, -4, -1.8157749899217608, 4.123105625617661
220, 111, 29, 110, 30, 110, -1, 0, 3.141592653589793, 1.0
220, 112, 140, 62, 139, 60, 1, 2, 1.1071487177940904, 2.23606797749979
220, 113, 404, 79, 404, 79, 0, 0, 0.0, 0.0
220, 114, 838, 275, 839, 277, -1, -2, -2.0344439357957027, 2.23606797749979
220, 115, 744, 154, 745, 157, -1, -3, -1.892546881191539, 3.1622776601683795
220, 116, 1157, 23, 1156, 23, 1, 0, 0.0, 1.0
221, 0, 851, 190, 852, 193, -1, -3, -1.892546881191539, 3.1622776601683795
221, 1, 408, 16, 405, 16, 3, 0, 0.0, 3.0
221, 2, 767, 12, 767, 12, 0, 0, 0.0, 0.0
221, 3, 839, 190, 840, 194, -1, -4, -1.8157749899217608, 4.123105625617661
221, 4, 304, 319, 304, 320, 0, -1, -1.5707963267948966, 1.0
221, 5, 553, 646, 556, 644, -3, 2, 2.5535900500422257, 3.605551275463989
221, 6, 1024, 55, 1025, 57, -1, -2, -2.0344439357957027, 2.23606797749979
221, 7, 167, 115, 168, 113, -1, 2, 2.0344439357957027, 2.23606797749979
221, 8, 1032, 67, 1033, 69, -1, -2, -2.0344439357957027, 2.23606797749979
221, 9, 347, 585, 349, 585, -2, 0, 3.141592653589793, 2.0
221, 10, 470, 12, 470, 13, 0, -1, -1.5707963267948966, 1.0
221, 11, 405, 25, 402, 25, 3, 0, 0.0, 3.0
221, 12, 371, 644, 372, 640, -1, 4, 1.8157749899217608, 4.123105625617661
221, 13, 830, 365, 829, 361, 1, 4, 1.3258176636680326, 4.123105625617661
221, 14, 352, 648, 353, 644, -1, 4, 1.8157749899217608, 4.123105625617661
221, 15, 490, 255, 490, 258, 0, -3, -1.5707963267948966, 3.0
221, 16, 509, 622, 509, 626, 0, -4, -1.5707963267948966, 4.0
221, 17, 826, 228, 827, 231, -1, -3, -1.892546881191539, 3.1622776601683795
221, 18, 477, 255, 477, 258, 0, -3, -1.5707963267948966, 3.0
221, 19, 617, 197, 618, 194, -1, 3, 1.892546881191539, 3.1622776601683795
221, 20, 276, 336, 276, 336, 0, 0, 0.0, 0.0
221, 21, 1218, 172, 1217, 171, 1, 1, 0.7853981633974483, 1.4142135623730951
221, 22, 694, 201, 695, 206, -1, -5, -1.7681918866447774, 5.0990195135927845
221, 23, 475, 336, 476, 338, -1, -2, -2.0344439357957027, 2.23606797749979
221, 24, 699, 206, 700, 211, -1, -5, -1.7681918866447774, 5.0990195135927845
221, 25, 317, 389, 317, 390, 0, -1, -1.5707963267948966, 1.0
221, 26, 413, 74, 412, 74, 1, 0, 0.0, 1.0
221, 27, 679, 427, 679, 423, 0, 4, 1.5707963267948966, 4.0
221, 28, 830, 385, 829, 381, 1, 4, 1.3258176636680326, 4.123105625617661
221, 29, 676, 579, 676, 576, 0, 3, 1.5707963267948966, 3.0
221, 30, 846, 179, 847, 182, -1, -3, -1.892546881191539, 3.1622776601683795
221, 31, 701, 433, 701, 429, 0, 4, 1.5707963267948966, 4.0
221, 32, 382, 701, 383, 701, -1, 0, 3.141592653589793, 1.0
221, 33, 738, 126, 739, 128, -1, -2, -2.0344439357957027, 2.23606797749979
221, 34, 1261, 573, 1261, 573, 0, 0, 0.0, 0.0
221, 35, 678, 17, 679, 16, -1, 1, 2.356194490192345, 1.4142135623730951
221, 36, 766, 20, 767, 20, -1, 0, 3.141592653589793, 1.0
221, 37, 645, 15, 646, 14, -1, 1, 2.356194490192345, 1.4142135623730951
221, 38, 461, 303, 462, 306, -1, -3, -1.892546881191539, 3.1622776601683795
221, 39, 817, 15, 817, 16, 0, -1, -1.5707963267948966, 1.0
221, 40, 676, 503, 676, 500, 0, 3, 1.5707963267948966, 3.0
221, 41, 1020, 67, 1021, 69, -1, -2, -2.0344439357957027, 2.23606797749979
221, 42, 1013, 141, 1015, 142, -2, -1, -2.677945044588987, 2.23606797749979
221, 43, 498, 263, 498, 266, 0, -3, -1.5707963267948966, 3.0
221, 44, 1211, 276, 1211, 274, 0, 2, 1.5707963267948966, 2.0
221, 45, 32, 87, 33, 87, -1, 0, 3.141592653589793, 1.0
221, 46, 811, 70, 811, 71, 0, -1, -1.5707963267948966, 1.0
221, 47, 696, 427, 696, 423, 0, 4, 1.5707963267948966, 4.0
221, 48, 358, 584, 361, 583, -3, 1, 2.819842099193151, 3.1622776601683795
221, 49, 835, 401, 834, 397, 1, 4, 1.3258176636680326, 4.123105625617661
221, 50, 812, 407, 812, 405, 0, 2, 1.5707963267948966, 2.0
221, 51, 523, 555, 524, 561, -1, -6, -1.7359450042095235, 6.082762530298219
221, 52, 1225, 136, 1224, 135, 1, 1, 0.7853981633974483, 1.4142135623730951
221, 53, 503, 311, 503, 312, 0, -1, -1.5707963267948966, 1.0
221, 54, 774, 31, 775, 31, -1, 0, 3.141592653589793, 1.0
221, 55, 815, 361, 813, 358, 2, 3, 0.982793723247329, 3.605551275463989
221, 56, 481, 246, 481, 249, 0, -3, -1.5707963267948966, 3.0
221, 57, 102, 594, 99, 591, 3, 3, 0.7853981633974483, 4.242640687119285
221, 58, 813, 24, 813, 24, 0, 0, 0.0, 0.0
221, 59, 511, 584, 512, 589, -1, -5, -1.7681918866447774, 5.0990195135927845
221, 60, 41, 137, 42, 137, -1, 0, 3.141592653589793, 1.0
221, 61, 1193, 322, 1194, 320, -1, 2, 2.0344439357957027, 2.23606797749979
221, 62, 832, 56, 832, 57, 0, -1, -1.5707963267948966, 1.0
221, 63, 1219, 264, 1219, 262, 0, 2, 1.5707963267948966, 2.0
221, 64, 1221, 230, 1221, 227, 0, 3, 1.5707963267948966, 3.0
221, 65, 74, 569, 71, 571, 3, -2, -0.5880026035475675, 3.605551275463989
221, 66, 694, 278, 695, 280, -1, -2, -2.0344439357957027, 2.23606797749979
221, 67, 1261, 528, 1261, 526, 0, 2, 1.5707963267948966, 2.0
221, 68, 147, 123, 147, 122, 0, 1, 1.5707963267948966, 1.0
221, 69, 832, 197, 833, 201, -1, -4, -1.8157749899217608, 4.123105625617661
221, 70, 453, 323, 455, 326, -2, -3, -2.158798930342464, 3.605551275463989
221, 71, 667, 461, 667, 457, 0, 4, 1.5707963267948966, 4.0
221, 72, 704, 200, 705, 205, -1, -5, -1.7681918866447774, 5.0990195135927845
221, 73, 846, 274, 847, 277, -1, -3, -1.892546881191539, 3.1622776601683795
221, 74, 287, 354, 287, 355, 0, -1, -1.5707963267948966, 1.0
221, 75, 1261, 169, 1261, 169, 0, 0, 0.0, 0.0
221, 76, 837, 66, 837, 67, 0, -1, -1.5707963267948966, 1.0
221, 77, 683, 418, 683, 414, 0, 4, 1.5707963267948966, 4.0
221, 78, 612, 237, 613, 235, -1, 2, 2.0344439357957027, 2.23606797749979
221, 79, 1019, 125, 1021, 128, -2, -3, -2.158798930342464, 3.605551275463989
221, 80, 400, 60, 399, 60, 1, 0, 0.0, 1.0
221, 81, 1209, 192, 1209, 191, 0, 1, 1.5707963267948966, 1.0
221, 82, 474, 19, 474, 20, 0, -1, -1.5707963267948966, 1.0
221, 83, 1223, 176, 1223, 175, 0, 1, 1.5707963267948966, 1.0
221, 84, 289, 308, 289, 309, 0, -1, -1.5707963267948966, 1.0
221, 85, 690, 417, 690, 413, 0, 4, 1.5707963267948966, 4.0
221, 86, 856, 196, 857, 199, -1, -3, -1.892546881191539, 3.1622776601683795
221, 87, 1182, 321, 1183, 321, -1, 0, 3.141592653589793, 1.0
221, 88, 54, 160, 55, 160, -1, 0, 3.141592653589793, 1.0
221, 89, 818, 357, 817, 353, 1, 4, 1.3258176636680326, 4.123105625617661
221, 90, 464, 20, 464, 21, 0, -1, -1.5707963267948966, 1.0
221, 91, 1241, 127, 1240, 126, 1, 1, 0.7853981633974483, 1.4142135623730951
221, 92, 56, 116, 57, 116, -1, 0, 3.141592653589793, 1.0
221, 93, 150, 72, 150, 71, 0, 1, 1.5707963267948966, 1.0
221, 94, 123, 569, 122, 566, 1, 3, 1.2490457723982544, 3.1622776601683795
221, 95, 485, 10, 486, 12, -1, -2, -2.0344439357957027, 2.23606797749979
221, 96, 412, 57, 410, 58, 2, -1, -0.4636476090008061, 2.23606797749979
221, 97, 804, 424, 804, 424, 0, 0, 0.0, 0.0
221, 98, 1220, 201, 1221, 201, -1, 0, 3.141592653589793, 1.0
221, 99, 705, 189, 706, 194, -1, -5, -1.7681918866447774, 5.0990195135927845
221, 100, 28, 110, 29, 110, -1, 0, 3.141592653589793, 1.0
221, 101, 141, 64, 140, 62, 1, 2, 1.1071487177940904, 2.23606797749979
221, 102, 404, 79, 404, 79, 0, 0, 0.0, 0.0
221, 103, 837, 273, 838, 275, -1, -2, -2.0344439357957027, 2.23606797749979
221, 104, 743, 151, 744, 154, -1, -3, -1.892546881191539, 3.1622776601683795
221, 105, 1158, 22, 1157, 23, 1, -1, -0.7853981633974483, 1.4142135623730951
222, 0, 851, 189, 852, 194, -1, -5, -1.7681918866447774, 5.0990195135927845
222, 1, 1024, 56, 1026, 59, -2, -3, -2.158798930342464, 3.605551275463989
222, 2, 259, 325, 260, 327, -1, -2, -2.0344439357957027, 2.23606797749979
222, 3, 840, 190, 841, 194, -1, -4, -1.8157749899217608, 4.123105625617661
222, 4, 769, 11, 769, 11, 0, 0, 0.0, 0.0
222, 5, 406, 17, 404, 17, 2, 0, 0.0, 2.0
222, 6, 168, 117, 168, 114, 0, 3, 1.5707963267948966, 3.0
222, 7, 551, 651, 555, 650, -4, 1, 2.896613990462929, 4.123105625617661
222, 8, 369, 644, 372, 641, -3, 3, 2.356194490192345, 4.242640687119285
222, 9, 491, 255, 490, 259, 1, -4, -1.3258176636680326, 4.123105625617661
222, 10, 304, 319, 304, 320, 0, -1, -1.5707963267948966, 1.0
222, 11, 256, 332, 257, 334, -1, -2, -2.0344439357957027, 2.23606797749979
222, 12, 830, 366, 829, 363, 1, 3, 1.2490457723982544, 3.1622776601683795
222, 13, 472, 10, 471, 13, 1, -3, -1.2490457723982544, 3.1622776601683795
222, 14, 1029, 68, 1032, 70, -3, -2, -2.5535900500422257, 3.605551275463989
222, 15, 243, 332, 245, 335, -2, -3, -2.158798930342464, 3.605551275463989
222, 16, 828, 229, 828, 231, 0, -2, -1.5707963267948966, 2.0
222, 17, 405, 25, 402, 26, 3, -1, -0.3217505543966422, 3.1622776601683795
222, 18, 638, 10, 639, 10, -1, 0, 3.141592653589793, 1.0
222, 19, 1032, 105, 1034, 107, -2, -2, -2.356194490192345, 2.8284271247461903
222, 20, 347, 585, 350, 584, -3, 1, 2.819842099193151, 3.1622776601683795
222, 21, 276, 336, 276, 337, 0, -1, -1.5707963267948966, 1.0
222, 22, 510, 615, 510, 619, 0, -4, -1.5707963267948966, 4.0
222, 23, 701, 208, 701, 212, 0, -4, -1.5707963267948966, 4.0
222, 24, 487, 357, 487, 358, 0, -1, -1.5707963267948966, 1.0
222, 25, 617, 199, 618, 195, -1, 4, 1.8157749899217608, 4.123105625617661
222, 26, 478, 255, 477, 260, 1, -5, -1.373400766945016, 5.0990195135927845
222, 27, 353, 646, 353, 644, 0, 2, 1.5707963267948966, 2.0
222, 28, 826, 222, 826, 223, 0, -1, -1.5707963267948966, 1.0
222, 29, 696, 202, 696, 207, 0, -5, -1.5707963267948966, 5.0
222, 30, 674, 575, 675, 575, -1, 0, 3.141592653589793, 1.0
222, 31, 461, 302, 463, 306, -2, -4, -2.0344439357957027, 4.47213595499958
222, 32, 1219, 174, 1217, 171, 2, 3, 0.982793723247329, 3.605551275463989
222, 33, 679, 17, 680, 16, -1, 1, 2.356194490192345, 1.4142135623730951
222, 34, 354, 596, 358, 596, -4, 0, 3.141592653589793, 4.0
222, 35, 1211, 279, 1211, 275, 0, 4, 1.5707963267948966, 4.0
222, 36, 546, 636, 549, 637, -3, -1, -2.819842099193151, 3.1622776601683795
222, 37, 701, 434, 701, 430, 0, 4, 1.5707963267948966, 4.0
222, 38, 246, 323, 247, 325, -1, -2, -2.0344439357957027, 2.23606797749979
222, 39, 938, 19, 939, 19, -1, 0, 3.141592653589793, 1.0
222, 40, 835, 56, 833, 58, 2, -2, -0.7853981633974483, 2.8284271247461903
222, 41, 679, 427, 679, 424, 0, 3, 1.5707963267948966, 3.0
222, 42, 395, 700, 396, 702, -1, -2, -2.0344439357957027, 2.23606797749979
222, 43, 420, 78, 419, 78, 1, 0, 0.0, 1.0
222, 44, 317, 390, 317, 391, 0, -1, -1.5707963267948966, 1.0
222, 45, 412, 59, 410, 59, 2, 0, 0.0, 2.0
222, 46, 847, 178, 848, 183, -1, -5, -1.7681918866447774, 5.0990195135927845
222, 47, 814, 409, 813, 407, 1, 2, 1.1071487177940904, 2.23606797749979
222, 48, 474, 333, 476, 335, -2, -2, -2.356194490192345, 2.8284271247461903
222, 49, 1019, 66, 1022, 69, -3, -3, -2.356194490192345, 4.242640687119285
222, 50, 736, 122, 737, 125, -1, -3, -1.892546881191539, 3.1622776601683795
222, 51, 472, 93, 473, 96, -1, -3, -1.892546881191539, 3.1622776601683795
222, 52, 499, 262, 499, 267, 0, -5, -1.5707963267948966, 5.0
222, 53, 147, 125, 147, 123, 0, 2, 1.5707963267948966, 2.0
222, 54, 644, 16, 646, 14, -2, 2, 2.356194490192345, 2.8284271247461903
222, 55, 400, 55, 397, 55, 3, 0, 0.0, 3.0
222, 56, 768, 21, 768, 21, 0, 0, 0.0, 0.0
222, 57, 937, 100, 937, 101, 0, -1, -1.5707963267948966, 1.0
222, 58, 1197, 331, 1198, 328, -1, 3, 1.892546881191539, 3.1622776601683795
222, 59, 817, 16, 817, 16, 0, 0, 0.0, 0.0
222, 60, 730, 198, 730, 199, 0, -1, -1.5707963267948966, 1.0
222, 61, 1261, 134, 1277, 137, -16, -3, -2.9562447035940984, 16.278820596099706
222, 62, 695, 427, 696, 424, -1, 3, 1.892546881191539, 3.1622776601683795
222, 63, 33, 87, 34, 87, -1, 0, 3.141592653589793, 1.0
222, 64, 838, 275, 838, 277, 0, -2, -1.5707963267948966, 2.0
222, 65, 103, 596, 102, 595, 1, 1, 0.7853981633974483, 1.4142135623730951
222, 66, 602, 242, 603, 240, -1, 2, 2.0344439357957027, 2.23606797749979
222, 67, 500, 306, 499, 308, 1, -2, -1.1071487177940904, 2.23606797749979
222, 68, 405, 78, 404, 78, 1, 0, 0.0, 1.0
222, 69, 813, 364, 812, 361, 1, 3, 1.2490457723982544, 3.1622776601683795
222, 70, 301, 339, 302, 339, -1, 0, 3.141592653589793, 1.0
222, 71, 1228, 137, 1225, 135, 3, 2, 0.5880026035475675, 3.605551275463989
222, 72, 511, 584, 512, 589, -1, -5, -1.7681918866447774, 5.0990195135927845
222, 73, 1261, 573, 1273, 573, -12, 0, 3.141592653589793, 12.0
222, 74, 833, 386, 831, 383, 2, 3, 0.982793723247329, 3.605551275463989
222, 75, 482, 245, 481, 249, 1, -4, -1.3258176636680326, 4.123105625617661
222, 76, 1220, 266, 1219, 263, 1, 3, 1.2490457723982544, 3.1622776601683795
222, 77, 612, 241, 613, 237, -1, 4, 1.8157749899217608, 4.123105625617661
222, 78, 1006, 100, 1009, 104, -3, -4, -2.214297435588181, 5.0
222, 79, 75, 569, 71, 571, 4, -2, -0.4636476090008061, 4.47213595499958
222, 80, 814, 25, 814, 25, 0, 0, 0.0, 0.0
222, 81, 1223, 230, 1222, 227, 1, 3, 1.2490457723982544, 3.1622776601683795
222, 82, 668, 462, 667, 459, 1, 3, 1.2490457723982544, 3.1622776601683795
222, 83, 301, 359, 301, 359, 0, 0, 0.0, 0.0
222, 84, 287, 355, 287, 356, 0, -1, -1.5707963267948966, 1.0
222, 85, 152, 73, 151, 71, 1, 2, 1.1071487177940904, 2.23606797749979
222, 86, 505, 312, 505, 314, 0, -2, -1.5707963267948966, 2.0
222, 87, 476, 18, 475, 21, 1, -3, -1.2490457723982544, 3.1622776601683795
222, 88, 744, 148, 745, 151, -1, -3, -1.892546881191539, 3.1622776601683795
222, 89, 55, 161, 55, 161, 0, 0, 0.0, 0.0
222, 90, 689, 542, 689, 541, 0, 1, 1.5707963267948966, 1.0
222, 91, 624, 281, 625, 281, -1, 0, 3.141592653589793, 1.0
222, 92, 41, 137, 42, 137, -1, 0, 3.141592653589793, 1.0
222, 93, 690, 417, 690, 413, 0, 4, 1.5707963267948966, 4.0
222, 94, 837, 402, 835, 398, 2, 4, 1.1071487177940904, 4.47213595499958
222, 95, 705, 202, 706, 206, -1, -4, -1.8157749899217608, 4.123105625617661
222, 96, 831, 198, 833, 202, -2, -4, -2.0344439357957027, 4.47213595499958
222, 97, 523, 553, 524, 561, -1, -8, -1.695151321341658, 8.06225774829855
222, 98, 1244, 129, 1241, 127, 3, 2, 0.5880026035475675, 3.605551275463989
222, 99, 630, 242, 630, 238, 0, 4, 1.5707963267948966, 4.0
222, 100, 453, 322, 455, 325, -2, -3, -2.158798930342464, 3.605551275463989
222, 101, 697, 188, 698, 193, -1, -5, -1.7681918866447774, 5.0990195135927845
222, 102, 1221, 201, 1221, 201, 0, 0, 0.0, 0.0
222, 103, 466, 17, 465, 21, 1, -4, -1.3258176636680326, 4.123105625617661
222, 104, 146, 100, 146, 97, 0, 3, 1.5707963267948966, 3.0
222, 105, 675, 505, 676, 503, -1, 2, 2.0344439357957027, 2.23606797749979
222, 106, 499, 54, 499, 55, 0, -1, -1.5707963267948966, 1.0
222, 107, 290, 309, 290, 310, 0, -1, -1.5707963267948966, 1.0
222, 108, 556, 52, 557, 55, -1, -3, -1.892546881191539, 3.1622776601683795
222, 109, 804, 424, 804, 424, 0, 0, 0.0, 0.0
222, 110, 1154, 22, 1154, 23, 0, -1, -1.5707963267948966, 1.0
222, 111, 683, 418, 683, 414, 0, 4, 1.5707963267948966, 4.0
222, 112, 856, 195, 858, 200, -2, -5, -1.9513027039072615, 5.385164807134504
222, 113, 819, 359, 818, 355, 1, 4, 1.3258176636680326, 4.123105625617661
222, 114, 401, 46, 399, 46, 2, 0, 0.0, 2.0
222, 115, 274, 323, 274, 324, 0, -1, -1.5707963267948966, 1.0
222, 116, 123, 569, 123, 567, 0, 2, 1.5707963267948966, 2.0
222, 117, 344, 701, 345, 704, -1, -3, -1.892546881191539, 3.1622776601683795
222, 118, 364, 540, 365, 537, -1, 3, 1.892546881191539, 3.1622776601683795
222, 119, 705, 189, 706, 194, -1, -5, -1.7681918866447774, 5.0990195135927845
222, 120, 648, 627, 647, 626, 1, 1, 0.7853981633974483, 1.4142135623730951
222, 121, 1210, 194, 1209, 192, 1, 2, 1.1071487177940904, 2.23606797749979
222, 122, 938, 32, 939, 32, -1, 0, 3.141592653589793, 1.0
222, 123, 823, 78, 821, 80, 2, -2, -0.7853981633974483, 2.8284271247461903
222, 124, 714, 153, 714, 155, 0, -2, -1.5707963267948966, 2.0
222, 125, 123, 621, 120, 621, 3, 0, 0.0, 3.0
222, 126, 779, 45, 780, 45, -1, 0, 3.141592653589793, 1.0
222, 127, 1230, 177, 1230, 175, 0, 2, 1.5707963267948966, 2.0
222, 128, 840, 66, 838, 68, 2, -2, -0.7853981633974483, 2.8284271247461903
222, 129, 552, 623, 554, 625, -2, -2, -2.356194490192345, 2.8284271247461903
223, 0, 850, 187, 851, 189, -1, -2, -2.0344439357957027, 2.23606797749979
223, 1, 1023, 54, 1024, 56, -1, -2, -2.0344439357957027, 2.23606797749979
223, 2, 839, 188, 840, 190, -1, -2, -2.0344439357957027, 2.23606797749979
223, 3, 769, 11, 769, 11, 0, 0, 0.0, 0.0
223, 4, 409, 17, 406, 17, 3, 0, 0.0, 3.0
223, 5, 168, 117, 168, 117, 0, 0, 0.0, 0.0
223, 6, 547, 648, 551, 651, -4, -3, -2.498091544796509, 5.0
223, 7, 368, 647, 369, 644, -1, 3, 1.892546881191539, 3.1622776601683795
223, 8, 491, 252, 491, 255, 0, -3, -1.5707963267948966, 3.0
223, 9, 304, 319, 304, 319, 0, 0, 0.0, 0.0
223, 10, 831, 369, 830, 366, 1, 3, 1.2490457723982544, 3.1622776601683795
223, 11, 472, 9, 472, 10, 0, -1, -1.5707963267948966, 1.0
223, 12, 1028, 66, 1029, 68, -1, -2, -2.0344439357957027, 2.23606797749979
223, 13, 827, 226, 828, 229, -1, -3, -1.892546881191539, 3.1622776601683795
223, 14, 408, 25, 405, 25, 3, 0, 0.0, 3.0
223, 15, 637, 10, 638, 10, -1, 0, 3.141592653589793, 1.0
223, 16, 345, 586, 347, 585, -2, 1, 2.677945044588987, 2.23606797749979
223, 17, 276, 335, 276, 336, 0, -1, -1.5707963267948966, 1.0
223, 18, 509, 611, 510, 615, -1, -4, -1.8157749899217608, 4.123105625617661
223, 19, 700, 205, 701, 208, -1, -3, -1.892546881191539, 3.1622776601683795
223, 20, 487, 356, 487, 357, 0, -1, -1.5707963267948966, 1.0
223, 21, 616, 200, 617, 199, -1, 1, 2.356194490192345, 1.4142135623730951
223, 22, 478, 252, 478, 255, 0, -3, -1.5707963267948966, 3.0
223, 23, 353, 649, 353, 646, 0, 3, 1.5707963267948966, 3.0
223, 24, 825, 218, 826, 222, -1, -4, -1.8157749899217608, 4.123105625617661
223, 25, 695, 199, 696, 202, -1, -3, -1.892546881191539, 3.1622776601683795
223, 26, 674, 578, 674, 575, 0, 3, 1.5707963267948966, 3.0
223, 27, 460, 300, 461, 302, -1, -2, -2.0344439357957027, 2.23606797749979
223, 28, 1220, 175, 1219, 174, 1, 1, 0.7853981633974483, 1.4142135623730951
223, 29, 678, 17, 679, 17, -1, 0, 3.141592653589793, 1.0
223, 30, 352, 597, 354, 596, -2, 1, 2.677945044588987, 2.23606797749979
223, 31, 1211, 282, 1211, 279, 0, 3, 1.5707963267948966, 3.0
223, 32, 544, 632, 546, 636, -2, -4, -2.0344439357957027, 4.47213595499958
223, 33, 701, 437, 701, 434, 0, 3, 1.5707963267948966, 3.0
223, 34, 836, 54, 835, 56, 1, -2, -1.1071487177940904, 2.23606797749979
223, 35, 679, 430, 679, 427, 0, 3, 1.5707963267948966, 3.0
223, 36, 395, 697, 395, 700, 0, -3, -1.5707963267948966, 3.0
223, 37, 423, 78, 420, 78, 3, 0, 0.0, 3.0
223, 38, 317, 389, 317, 390, 0, -1, -1.5707963267948966, 1.0
223, 39, 414, 58, 412, 59, 2, -1, -0.4636476090008061, 2.23606797749979
223, 40, 846, 176, 847, 178, -1, -2, -2.0344439357957027, 2.23606797749979
223, 41, 814, 413, 814, 409, 0, 4, 1.5707963267948966, 4.0
223, 42, 473, 331, 474, 333, -1, -2, -2.0344439357957027, 2.23606797749979
223, 43, 1018, 64, 1019, 66, -1, -2, -2.0344439357957027, 2.23606797749979
223, 44, 735, 120, 736, 122, -1, -2, -2.0344439357957027, 2.23606797749979
223, 45, 499, 259, 499, 262, 0, -3, -1.5707963267948966, 3.0
223, 46, 146, 125, 147, 125, -1, 0, 3.141592653589793, 1.0
223, 47, 643, 16, 644, 16, -1, 0, 3.141592653589793, 1.0
223, 48, 402, 55, 400, 55, 2, 0, 0.0, 2.0
223, 49, 768, 21, 768, 21, 0, 0, 0.0, 0.0
223, 50, 937, 99, 937, 100, 0, -1, -1.5707963267948966, 1.0
223, 51, 1196, 333, 1197, 331, -1, 2, 2.0344439357957027, 2.23606797749979
223, 52, 817, 15, 817, 16, 0, -1, -1.5707963267948966, 1.0
223, 53, 730, 197, 730, 198, 0, -1, -1.5707963267948966, 1.0
223, 54, 1261, 135, 1261, 134, 0, 1, 1.5707963267948966, 1.0
223, 55, 695, 430, 695, 427, 0, 3, 1.5707963267948966, 3.0
223, 56, 32, 87, 33, 87, -1, 0, 3.141592653589793, 1.0
223, 57, 105, 598, 103, 596, 2, 2, 0.7853981633974483, 2.8284271247461903
223, 58, 601, 243, 602, 242, -1, 1, 2.356194490192345, 1.4142135623730951
223, 59, 500, 304, 500, 306, 0, -2, -1.5707963267948966, 2.0
223, 60, 405, 78, 405, 78, 0, 0, 0.0, 0.0
223, 61, 815, 366, 813, 364, 2, 2, 0.7853981633974483, 2.8284271247461903
223, 62, 1229, 138, 1228, 137, 1, 1, 0.7853981633974483, 1.4142135623730951
223, 63, 510, 579, 511, 584, -1, -5, -1.7681918866447774, 5.0990195135927845
223, 64, 834, 390, 833, 386, 1, 4, 1.3258176636680326, 4.123105625617661
223, 65, 482, 242, 482, 245, 0, -3, -1.5707963267948966, 3.0
223, 66, 1220, 269, 1220, 266, 0, 3, 1.5707963267948966, 3.0
223, 67, 611, 243, 612, 241, -1, 2, 2.0344439357957027, 2.23606797749979
223, 68, 1004, 97, 1006, 100, -2, -3, -2.158798930342464, 3.605551275463989
223, 69, 79, 569, 75, 569, 4, 0, 0.0, 4.0
223, 70, 814, 24, 814, 25, 0, -1, -1.5707963267948966, 1.0
223, 71, 1223, 233, 1223, 230, 0, 3, 1.5707963267948966, 3.0
223, 72, 668, 465, 668, 462, 0, 3, 1.5707963267948966, 3.0
223, 73, 152, 73, 152, 73, 0, 0, 0.0, 0.0
223, 74, 505, 310, 505, 312, 0, -2, -1.5707963267948966, 2.0
223, 75, 476, 16, 476, 18, 0, -2, -1.5707963267948966, 2.0
223, 76, 743, 144, 744, 148, -1, -4, -1.8157749899217608, 4.123105625617661
223, 77, 54, 161, 55, 161, -1, 0, 3.141592653589793, 1.0
223, 78, 623, 281, 624, 281, -1, 0, 3.141592653589793, 1.0
223, 79, 40, 137, 41, 137, -1, 0, 3.141592653589793, 1.0
223, 80, 690, 420, 690, 417, 0, 3, 1.5707963267948966, 3.0
223, 81, 838, 406, 837, 402, 1, 4, 1.3258176636680326, 4.123105625617661
223, 82, 704, 199, 705, 202, -1, -3, -1.892546881191539, 3.1622776601683795
223, 83, 830, 195, 831, 198, -1, -3, -1.892546881191539, 3.1622776601683795
223, 84, 523, 548, 523, 553, 0, -5, -1.5707963267948966, 5.0
223, 85, 1245, 129, 1244, 129, 1, 0, 0.0, 1.0
223, 86, 629, 243, 630, 242, -1, 1, 2.356194490192345, 1.4142135623730951
223, 87, 452, 320, 453, 322, -1, -2, -2.0344439357957027, 2.23606797749979
223, 88, 696, 185, 697, 188, -1, -3, -1.892546881191539, 3.1622776601683795
223, 89, 1221, 201, 1221, 201, 0, 0, 0.0, 0.0
223, 90, 466, 14, 466, 17, 0, -3, -1.5707963267948966, 3.0
223, 91, 146, 100, 146, 100, 0, 0, 0.0, 0.0
223, 92, 675, 508, 675, 505, 0, 3, 1.5707963267948966, 3.0
223, 93, 498, 52, 499, 54, -1, -2, -2.0344439357957027, 2.23606797749979
223, 94, 290, 308, 290, 309, 0, -1, -1.5707963267948966, 1.0
223, 95, 555, 50, 556, 52, -1, -2, -2.0344439357957027, 2.23606797749979
223, 96, 805, 425, 804, 424, 1, 1, 0.7853981633974483, 1.4142135623730951
223, 97, 1154, 21, 1154, 22, 0, -1, -1.5707963267948966, 1.0
223, 98, 683, 421, 683, 418, 0, 3, 1.5707963267948966, 3.0
223, 99, 855, 193, 856, 195, -1, -2, -2.0344439357957027, 2.23606797749979
223, 100, 821, 362, 819, 359, 2, 3, 0.982793723247329, 3.605551275463989
223, 101, 404, 46, 401, 46, 3, 0, 0.0, 3.0
223, 102, 274, 322, 274, 323, 0, -1, -1.5707963267948966, 1.0
223, 103, 124, 571, 123, 569, 1, 2, 1.1071487177940904, 2.23606797749979
223, 104, 344, 701, 344, 701, 0, 0, 0.0, 0.0
223, 105, 363, 544, 364, 540, -1, 4, 1.8157749899217608, 4.123105625617661
223, 106, 704, 186, 705, 189, -1, -3, -1.892546881191539, 3.1622776601683795
223, 107, 648, 628, 648, 627, 0, 1, 1.5707963267948966, 1.0
223, 108, 1210, 196, 1210, 194, 0, 2, 1.5707963267948966, 2.0
223, 109, 937, 32, 938, 32, -1, 0, 3.141592653589793, 1.0
223, 110, 824, 76, 823, 78, 1, -2, -1.1071487177940904, 2.23606797749979
223, 111, 127, 623, 123, 621, 4, 2, 0.4636476090008061, 4.47213595499958
223, 112, 779, 45, 779, 45, 0, 0, 0.0, 0.0
223, 113, 1230, 177, 1230, 177, 0, 0, 0.0, 0.0
223, 114, 841, 64, 840, 66, 1, -2, -1.1071487177940904, 2.23606797749979
223, 115, 551, 620, 552, 623, -1, -3, -1.892546881191539, 3.1622776601683795
224, 0, 851, 189, 852, 191, -1, -2, -2.0344439357957027, 2.23606797749979
224, 1, 1024, 55, 1025, 57, -1, -2, -2.0344439357957027, 2.23606797749979
224, 2, 412, 18, 409, 18, 3, 0, 0.0, 3.0
224, 3, 370, 653, 372, 650, -2, 3, 2.158798930342464, 3.605551275463989
224, 4, 839, 188, 840, 191, -1, -3, -1.892546881191539, 3.1622776601683795
224, 5, 169, 116, 169, 116, 0, 0, 0.0, 0.0
224, 6, 491, 253, 491, 256, 0, -3, -1.5707963267948966, 3.0
224, 7, 828, 205, 828, 209, 0, -4, -1.5707963267948966, 4.0
224, 8, 770, 13, 770, 13, 0, 0, 0.0, 0.0
224, 9, 472, 8, 472, 11, 0, -3, -1.5707963267948966, 3.0
224, 10, 829, 227, 830, 230, -1, -3, -1.892546881191539, 3.1622776601683795
224, 11, 547, 646, 550, 650, -3, -4, -2.214297435588181, 5.0
224, 12, 304, 320, 304, 320, 0, 0, 0.0, 0.0
224, 13, 834, 373, 833, 370, 1, 3, 1.2490457723982544, 3.1622776601683795
224, 14, 410, 27, 407, 27, 3, 0, 0.0, 3.0
224, 15, 696, 507, 693, 504, 3, 3, 0.7853981633974483, 4.242640687119285
224, 16, 401, 693, 401, 694, 0, -1, -1.5707963267948966, 1.0
224, 17, 700, 204, 701, 207, -1, -3, -1.892546881191539, 3.1622776601683795
224, 18, 276, 336, 276, 337, 0, -1, -1.5707963267948966, 1.0
224, 19, 255, 388, 255, 389, 0, -1, -1.5707963267948966, 1.0
224, 20, 478, 253, 478, 256, 0, -3, -1.5707963267948966, 3.0
224, 21, 679, 18, 680, 18, -1, 0, 3.141592653589793, 1.0
224, 22, 353, 655, 353, 652, 0, 3, 1.5707963267948966, 3.0
224, 23, 433, 75, 431, 74, 2, 1, 0.4636476090008061, 2.23606797749979
224, 24, 461, 300, 462, 303, -1, -3, -1.892546881191539, 3.1622776601683795
224, 25, 80, 570, 78, 567, 2, 3, 0.982793723247329, 3.605551275463989
224, 26, 680, 433, 680, 430, 0, 3, 1.5707963267948966, 3.0
224, 27, 695, 199, 696, 202, -1, -3, -1.892546881191539, 3.1622776601683795
224, 28, 1220, 175, 1219, 174, 1, 1, 0.7853981633974483, 1.4142135623730951
224, 29, 835, 55, 834, 57, 1, -2, -1.1071487177940904, 2.23606797749979
224, 30, 846, 178, 847, 180, -1, -2, -2.0344439357957027, 2.23606797749979
224, 31, 616, 199, 617, 198, -1, 1, 2.356194490192345, 1.4142135623730951
224, 32, 640, 11, 641, 11, -1, 0, 3.141592653589793, 1.0
224, 33, 818, 369, 816, 366, 2, 3, 0.982793723247329, 3.605551275463989
224, 34, 817, 418, 816, 415, 1, 3, 1.2490457723982544, 3.1622776601683795
224, 35, 683, 597, 683, 594, 0, 3, 1.5707963267948966, 3.0
224, 36, 1004, 98, 1006, 100, -2, -2, -2.356194490192345, 2.8284271247461903
224, 37, 736, 120, 737, 122, -1, -2, -2.0344439357957027, 2.23606797749979
224, 38, 1212, 283, 1212, 280, 0, 3, 1.5707963267948966, 3.0
224, 39, 1033, 106, 1034, 108, -1, -2, -2.0344439357957027, 2.23606797749979
224, 40, 405, 61, 403, 61, 2, 0, 0.0, 2.0
224, 41, 146, 125, 147, 125, -1, 0, 3.141592653589793, 1.0
224, 42, 823, 452, 824, 452, -1, 0, 3.141592653589793, 1.0
224, 43, 511, 576, 512, 581, -1, -5, -1.7681918866447774, 5.0990195135927845
224, 44, 415, 59, 413, 60, 2, -1, -0.4636476090008061, 2.23606797749979
224, 45, 1019, 65, 1020, 67, -1, -2, -2.0344439357957027, 2.23606797749979
224, 46, 500, 301, 500, 303, 0, -2, -1.5707963267948966, 2.0
224, 47, 1261, 573, 1273, 573, -12, 0, 3.141592653589793, 12.0
224, 48, 837, 410, 836, 406, 1, 4, 1.3258176636680326, 4.123105625617661
224, 49, 818, 17, 818, 18, 0, -1, -1.5707963267948966, 1.0
224, 50, 112, 608, 110, 606, 2, 2, 0.7853981633974483, 2.8284271247461903
224, 51, 601, 247, 602, 245, -1, 2, 2.0344439357957027, 2.23606797749979
224, 52, 729, 198, 729, 199, 0, -1, -1.5707963267948966, 1.0
224, 53, 262, 378, 263, 378, -1, 0, 3.141592653589793, 1.0
224, 54, 1261, 129, 1276, 129, -15, 0, 3.141592653589793, 15.0
224, 55, 499, 261, 499, 264, 0, -3, -1.5707963267948966, 3.0
224, 56, 52, 151, 53, 151, -1, 0, 3.141592653589793, 1.0
224, 57, 768, 21, 768, 21, 0, 0, 0.0, 0.0
224, 58, 937, 100, 937, 101, 0, -1, -1.5707963267948966, 1.0
224, 59, 702, 438, 702, 435, 0, 3, 1.5707963267948966, 3.0
224, 60, 33, 88, 34, 88, -1, 0, 3.141592653589793, 1.0
224, 61, 131, 577, 130, 575, 1, 2, 1.1071487177940904, 2.23606797749979
224, 62, 317, 390, 317, 391, 0, -1, -1.5707963267948966, 1.0
224, 63, 246, 404, 246, 405, 0, -1, -1.5707963267948966, 1.0
224, 64, 364, 549, 365, 545, -1, 4, 1.8157749899217608, 4.123105625617661
224, 65, 817, 69, 817, 72, 0, -3, -1.5707963267948966, 3.0
224, 66, 699, 269, 700, 271, -1, -2, -2.0344439357957027, 2.23606797749979
224, 67, 483, 243, 483, 246, 0, -3, -1.5707963267948966, 3.0
224, 68, 423, 46, 420, 47, 3, -1, -0.3217505543966422, 3.1622776601683795
224, 69, 329, 407, 330, 407, -1, 0, 3.141592653589793, 1.0
224, 70, 856, 195, 857, 197, -1, -2, -2.0344439357957027, 2.23606797749979
224, 71, 654, 619, 654, 617, 0, 2, 1.5707963267948966, 2.0
224, 72, 1223, 235, 1223, 232, 0, 3, 1.5707963267948966, 3.0
224, 73, 616, 297, 617, 297, -1, 0, 3.141592653589793, 1.0
224, 74, 471, 92, 472, 94, -1, -2, -2.0344439357957027, 2.23606797749979
224, 75, 1227, 137, 1226, 137, 1, 0, 0.0, 1.0
224, 76, 1220, 270, 1220, 267, 0, 3, 1.5707963267948966, 3.0
224, 77, 505, 310, 506, 312, -1, -2, -2.0344439357957027, 2.23606797749979
224, 78, 1219, 191, 1219, 188, 0, 3, 1.5707963267948966, 3.0
224, 79, 1184, 321, 1184, 321, 0, 0, 0.0, 0.0
224, 80, 688, 542, 689, 542, -1, 0, 3.141592653589793, 1.0
224, 81, 696, 433, 696, 430, 0, 3, 1.5707963267948966, 3.0
224, 82, 290, 309, 290, 310, 0, -1, -1.5707963267948966, 1.0
224, 83, 170, 147, 170, 147, 0, 0, 0.0, 0.0
224, 84, 647, 632, 647, 628, 0, 4, 1.5707963267948966, 4.0
224, 85, 498, 53, 499, 55, -1, -2, -2.0344439357957027, 2.23606797749979
224, 86, 544, 629, 546, 633, -2, -4, -2.0344439357957027, 4.47213595499958
224, 87, 453, 319, 454, 322, -1, -3, -1.892546881191539, 3.1622776601683795
224, 88, 667, 467, 667, 464, 0, 3, 1.5707963267948966, 3.0
224, 89, 476, 16, 476, 19, 0, -3, -1.5707963267948966, 3.0
224, 90, 814, 24, 814, 25, 0, -1, -1.5707963267948966, 1.0
224, 91, 508, 602, 509, 607, -1, -5, -1.7681918866447774, 5.0990195135927845
224, 92, 406, 78, 405, 78, 1, 0, 0.0, 1.0
224, 93, 704, 187, 705, 189, -1, -2, -2.0344439357957027, 2.23606797749979
224, 94, 631, 619, 631, 616, 0, 3, 1.5707963267948966, 3.0
224, 95, 1030, 97, 1031, 99, -1, -2, -2.0344439357957027, 2.23606797749979
224, 96, 352, 617, 354, 613, -2, 4, 2.0344439357957027, 4.47213595499958
224, 97, 551, 620, 552, 623, -1, -3, -1.892546881191539, 3.1622776601683795
224, 98, 1231, 177, 1231, 177, 0, 0, 0.0, 0.0
224, 99, 1247, 213, 1245, 211, 2, 2, 0.7853981633974483, 2.8284271247461903
224, 100, 470, 329, 471, 332, -1, -3, -1.892546881191539, 3.1622776601683795
224, 101, 924, 94, 924, 95, 0, -1, -1.5707963267948966, 1.0
224, 102, 523, 549, 524, 554, -1, -5, -1.7681918866447774, 5.0990195135927845
224, 103, 1244, 129, 1243, 129, 1, 0, 0.0, 1.0
224, 104, 695, 187, 696, 189, -1, -2, -2.0344439357957027, 2.23606797749979
224, 105, 713, 153, 714, 155, -1, -2, -2.0344439357957027, 2.23606797749979
224, 106, 688, 234, 689, 236, -1, -2, -2.0344439357957027, 2.23606797749979
224, 107, 676, 511, 677, 508, -1, 3, 1.892546881191539, 3.1622776601683795
224, 108, 300, 359, 301, 359, -1, 0, 3.141592653589793, 1.0
224, 109, 633, 89, 634, 89, -1, 0, 3.141592653589793, 1.0
224, 110, 153, 73, 153, 73, 0, 0, 0.0, 0.0
224, 111, 662, 671, 663, 671, -1, 0, 3.141592653589793, 1.0
224, 112, 136, 554, 135, 551, 1, 3, 1.2490457723982544, 3.1622776601683795
224, 113, 54, 161, 55, 161, -1, 0, 3.141592653589793, 1.0
224, 114, 635, 16, 635, 16, 0, 0, 0.0, 0.0
224, 115, 775, 35, 775, 35, 0, 0, 0.0, 0.0
224, 116, 470, 261, 470, 264, 0, -3, -1.5707963267948966, 3.0
224, 117, 823, 364, 821, 361, 2, 3, 0.982793723247329, 3.605551275463989
224, 118, 807, 428, 805, 426, 2, 2, 0.7853981633974483, 2.8284271247461903
224, 119, 274, 323, 274, 324, 0, -1, -1.5707963267948966, 1.0
224, 120, 690, 422, 690, 419, 0, 3, 1.5707963267948966, 3.0
224, 121, 466, 16, 466, 19, 0, -3, -1.5707963267948966, 3.0
224, 122, 768, 56, 769, 56, -1, 0, 3.141592653589793, 1.0
224, 123, 1154, 23, 1154, 23, 0, 0, 0.0, 0.0
224, 124, 841, 64, 840, 66, 1, -2, -1.1071487177940904, 2.23606797749979
224, 125, 139, 576, 137, 574, 2, 2, 0.7853981633974483, 2.8284271247461903
225, 0, 851, 186, 851, 189, 0, -3, -1.5707963267948966, 3.0
225, 1, 1023, 53, 1024, 55, -1, -2, -2.0344439357957027, 2.23606797749979
225, 2, 415, 18, 412, 18, 3, 0, 0.0, 3.0
225, 3, 369, 656, 370, 653, -1, 3, 1.892546881191539, 3.1622776601683795
225, 4, 839, 184, 839, 188, 0, -4, -1.5707963267948966, 4.0
225, 5, 169, 116, 169, 116, 0, 0, 0.0, 0.0
225, 6, 491, 249, 491, 253, 0, -4, -1.5707963267948966, 4.0
225, 7, 827, 201, 828, 205, -1, -4, -1.8157749899217608, 4.123105625617661
225, 8, 770, 13, 770, 13, 0, 0, 0.0, 0.0
225, 9, 829, 224, 829, 227, 0, -3, -1.5707963267948966, 3.0
225, 10, 544, 641, 547, 646, -3, -5, -2.1112158270654806, 5.830951894845301
225, 11, 304, 320, 304, 320, 0, 0, 0.0, 0.0
225, 12, 835, 375, 834, 373, 1, 2, 1.1071487177940904, 2.23606797749979
225, 13, 413, 26, 410, 27, 3, -1, -0.3217505543966422, 3.1622776601683795
225, 14, 698, 510, 696, 507, 2, 3, 0.982793723247329, 3.605551275463989
225, 15, 401, 693, 401, 693, 0, 0, 0.0, 0.0
225, 16, 699, 202, 700, 204, -1, -2, -2.0344439357957027, 2.23606797749979
225, 17, 276, 335, 276, 336, 0, -1, -1.5707963267948966, 1.0
225, 18, 255, 387, 255, 388, 0, -1, -1.5707963267948966, 1.0
225, 19, 478, 249, 478, 253, 0, -4, -1.5707963267948966, 4.0
225, 20, 678, 18, 679, 18, -1, 0, 3.141592653589793, 1.0
225, 21, 354, 658, 353, 655, 1, 3, 1.2490457723982544, 3.1622776601683795
225, 22, 434, 76, 433, 75, 1, 1, 0.7853981633974483, 1.4142135623730951
225, 23, 461, 297, 461, 300, 0, -3, -1.5707963267948966, 3.0
225, 24, 81, 573, 80, 570, 1, 3, 1.2490457723982544, 3.1622776601683795
225, 25, 680, 436, 680, 433, 0, 3, 1.5707963267948966, 3.0
225, 26, 694, 197, 695, 199, -1, -2, -2.0344439357957027, 2.23606797749979
225, 27, 1221, 176, 1220, 175, 1, 1, 0.7853981633974483, 1.4142135623730951
225, 28, 836, 52, 835, 55, 1, -3, -1.2490457723982544, 3.1622776601683795
225, 29, 846, 175, 846, 178, 0, -3, -1.5707963267948966, 3.0
225, 30, 615, 200, 616, 199, -1, 1, 2.356194490192345, 1.4142135623730951
225, 31, 639, 11, 640, 11, -1, 0, 3.141592653589793, 1.0
225, 32, 819, 371, 818, 369, 1, 2, 1.1071487177940904, 2.23606797749979
225, 33, 817, 421, 817, 418, 0, 3, 1.5707963267948966, 3.0
225, 34, 683, 600, 683, 597, 0, 3, 1.5707963267948966, 3.0
225, 35, 1002, 96, 1004, 98, -2, -2, -2.356194490192345, 2.8284271247461903
225, 36, 735, 118, 736, 120, -1, -2, -2.0344439357957027, 2.23606797749979
225, 37, 1212, 285, 1212, 283, 0, 2, 1.5707963267948966, 2.0
225, 38, 1031, 103, 1033, 106, -2, -3, -2.158798930342464, 3.605551275463989
225, 39, 407, 60, 405, 61, 2, -1, -0.4636476090008061, 2.23606797749979
225, 40, 145, 126, 146, 125, -1, 1, 2.356194490192345, 1.4142135623730951
225, 41, 511, 571, 511, 576, 0, -5, -1.5707963267948966, 5.0
225, 42, 418, 58, 415, 59, 3, -1, -0.3217505543966422, 3.1622776601683795
225, 43, 1018, 63, 1019, 65, -1, -2, -2.0344439357957027, 2.23606797749979
225, 44, 500, 298, 500, 301, 0, -3, -1.5707963267948966, 3.0
225, 45, 1261, 573, 1261, 573, 0, 0, 0.0, 0.0
225, 46, 838, 414, 837, 410, 1, 4, 1.3258176636680326, 4.123105625617661
225, 47, 818, 17, 818, 17, 0, 0, 0.0, 0.0
225, 48, 112, 610, 112, 608, 0, 2, 1.5707963267948966, 2.0
225, 49, 601, 249, 601, 247, 0, 2, 1.5707963267948966, 2.0
225, 50, 262, 378, 262, 378, 0, 0, 0.0, 0.0
225, 51, 1261, 130, 1261, 129, 0, 1, 1.5707963267948966, 1.0
225, 52, 499, 257, 499, 261, 0, -4, -1.5707963267948966, 4.0
225, 53, 51, 151, 52, 151, -1, 0, 3.141592653589793, 1.0
225, 54, 768, 21, 768, 21, 0, 0, 0.0, 0.0
225, 55, 702, 441, 702, 438, 0, 3, 1.5707963267948966, 3.0
225, 56, 32, 88, 33, 88, -1, 0, 3.141592653589793, 1.0
225, 57, 132, 579, 131, 577, 1, 2, 1.1071487177940904, 2.23606797749979
225, 58, 317, 389, 317, 390, 0, -1, -1.5707963267948966, 1.0
225, 59, 363, 552, 364, 549, -1, 3, 1.892546881191539, 3.1622776601683795
225, 60, 818, 66, 817, 69, 1, -3, -1.2490457723982544, 3.1622776601683795
225, 61, 698, 267, 699, 269, -1, -2, -2.0344439357957027, 2.23606797749979
225, 62, 483, 239, 483, 243, 0, -4, -1.5707963267948966, 4.0
225, 63, 426, 45, 423, 46, 3, -1, -0.3217505543966422, 3.1622776601683795
225, 64, 855, 192, 856, 195, -1, -3, -1.892546881191539, 3.1622776601683795
225, 65, 654, 621, 654, 619, 0, 2, 1.5707963267948966, 2.0
225, 66, 1223, 238, 1223, 235, 0, 3, 1.5707963267948966, 3.0
225, 67, 616, 297, 616, 297, 0, 0, 0.0, 0.0
225, 68, 470, 90, 471, 92, -1, -2, -2.0344439357957027, 2.23606797749979
225, 69, 1228, 138, 1227, 137, 1, 1, 0.7853981633974483, 1.4142135623730951
225, 70, 1220, 273, 1220, 270, 0, 3, 1.5707963267948966, 3.0
225, 71, 505, 308, 505, 310, 0, -2, -1.5707963267948966, 2.0
225, 72, 1219, 193, 1219, 191, 0, 2, 1.5707963267948966, 2.0
225, 73, 1184, 321, 1184, 321, 0, 0, 0.0, 0.0
225, 74, 688, 542, 688, 542, 0, 0, 0.0, 0.0
225, 75, 697, 436, 696, 433, 1, 3, 1.2490457723982544, 3.1622776601683795
225, 76, 290, 308, 290, 309, 0, -1, -1.5707963267948966, 1.0
225, 77, 169, 147, 170, 147, -1, 0, 3.141592653589793, 1.0
225, 78, 647, 637, 647, 632, 0, 5, 1.5707963267948966, 5.0
225, 79, 497, 51, 498, 53, -1, -2, -2.0344439357957027, 2.23606797749979
225, 80, 542, 625, 544, 629, -2, -4, -2.0344439357957027, 4.47213595499958
225, 81, 452, 315, 453, 319, -1, -4, -1.8157749899217608, 4.123105625617661
225, 82, 667, 469, 667, 467, 0, 2, 1.5707963267948966, 2.0
225, 83, 476, 13, 476, 16, 0, -3, -1.5707963267948966, 3.0
225, 84, 814, 23, 814, 24, 0, -1, -1.5707963267948966, 1.0
225, 85, 507, 597, 508, 602, -1, -5, -1.7681918866447774, 5.0990195135927845
225, 86, 407, 78, 406, 78, 1, 0, 0.0, 1.0
225, 87, 703, 185, 704, 187, -1, -2, -2.0344439357957027, 2.23606797749979
225, 88, 631, 621, 631, 619, 0, 2, 1.5707963267948966, 2.0
225, 89, 1028, 94, 1030, 97, -2, -3, -2.158798930342464, 3.605551275463989
225, 90, 351, 621, 352, 617, -1, 4, 1.8157749899217608, 4.123105625617661
225, 91, 549, 616, 551, 620, -2, -4, -2.0344439357957027, 4.47213595499958
225, 92, 1231, 177, 1231, 177, 0, 0, 0.0, 0.0
225, 93, 1249, 215, 1247, 213, 2, 2, 0.7853981633974483, 2.8284271247461903
225, 94, 469, 326, 470, 329, -1, -3, -1.892546881191539, 3.1622776601683795
225, 95, 523, 543, 523, 549, 0, -6, -1.5707963267948966, 6.0
225, 96, 1245, 130, 1244, 129, 1, 1, 0.7853981633974483, 1.4142135623730951
225, 97, 694, 185, 695, 187, -1, -2, -2.0344439357957027, 2.23606797749979
225, 98, 712, 151, 713, 153, -1, -2, -2.0344439357957027, 2.23606797749979
225, 99, 688, 233, 688, 234, 0, -1, -1.5707963267948966, 1.0
225, 100, 676, 514, 676, 511, 0, 3, 1.5707963267948966, 3.0
225, 101, 300, 358, 300, 359, 0, -1, -1.5707963267948966, 1.0
225, 102, 153, 73, 153, 73, 0, 0, 0.0, 0.0
225, 103, 137, 557, 136, 554, 1, 3, 1.2490457723982544, 3.1622776601683795
225, 104, 53, 161, 54, 161, -1, 0, 3.141592653589793, 1.0
225, 105, 635, 16, 635, 16, 0, 0, 0.0, 0.0
225, 106, 775, 35, 775, 35, 0, 0, 0.0, 0.0
225, 107, 470, 257, 470, 261, 0, -4, -1.5707963267948966, 4.0
225, 108, 824, 366, 823, 364, 1, 2, 1.1071487177940904, 2.23606797749979
225, 109, 808, 430, 807, 428, 1, 2, 1.1071487177940904, 2.23606797749979
225, 110, 274, 322, 274, 323, 0, -1, -1.5707963267948966, 1.0
225, 111, 691, 425, 690, 422, 1, 3, 1.2490457723982544, 3.1622776601683795
225, 112, 466, 13, 466, 16, 0, -3, -1.5707963267948966, 3.0
225, 113, 768, 56, 768, 56, 0, 0, 0.0, 0.0
225, 114, 1155, 22, 1154, 23, 1, -1, -0.7853981633974483, 1.4142135623730951
225, 115, 842, 61, 841, 64, 1, -3, -1.2490457723982544, 3.1622776601683795
225, 116, 141, 578, 139, 576, 2, 2, 0.7853981633974483, 2.8284271247461903
226, 0, 829, 205, 829, 209, 0, -4, -1.5707963267948966, 4.0
226, 1, 851, 185, 851, 189, 0, -4, -1.5707963267948966, 4.0
226, 2, 371, 659, 372, 656, -1, 3, 1.892546881191539, 3.1622776601683795
226, 3, 840, 185, 840, 189, 0, -4, -1.5707963267948966, 4.0
226, 4, 546, 641, 548, 646, -2, -5, -1.9513027039072615, 5.385164807134504
226, 5, 415, 18, 412, 18, 3, 0, 0.0, 3.0
226, 6, 402, 694, 402, 693, 0, 1, 1.5707963267948966, 1.0
226, 7, 830, 224, 830, 227, 0, -3, -1.5707963267948966, 3.0
226, 8, 1023, 54, 1024, 56, -1, -2, -2.0344439357957027, 2.23606797749979
226, 9, 492, 249, 492, 253, 0, -4, -1.5707963267948966, 4.0
226, 10, 304, 320, 304, 320, 0, 0, 0.0, 0.0
226, 11, 170, 117, 170, 117, 0, 0, 0.0, 0.0
226, 12, 255, 388, 255, 389, 0, -1, -1.5707963267948966, 1.0
226, 13, 463, 297, 463, 301, 0, -4, -1.5707963267948966, 4.0
226, 14, 1029, 64, 1030, 66, -1, -2, -2.0344439357957027, 2.23606797749979
226, 15, 431, 78, 430, 78, 1, 0, 0.0, 1.0
226, 16, 413, 27, 410, 27, 3, 0, 0.0, 3.0
226, 17, 834, 374, 834, 372, 0, 2, 1.5707963267948966, 2.0
226, 18, 700, 203, 701, 205, -1, -2, -2.0344439357957027, 2.23606797749979
226, 19, 770, 13, 770, 13, 0, 0, 0.0, 0.0
226, 20, 276, 336, 276, 337, 0, -1, -1.5707963267948966, 1.0
226, 21, 699, 513, 698, 510, 1, 3, 1.2490457723982544, 3.1622776601683795
226, 22, 353, 662, 352, 659, 1, 3, 1.2490457723982544, 3.1622776601683795
226, 23, 682, 436, 681, 433, 1, 3, 1.2490457723982544, 3.1622776601683795
226, 24, 501, 297, 501, 301, 0, -4, -1.5707963267948966, 4.0
226, 25, 409, 61, 406, 61, 3, 0, 0.0, 3.0
226, 26, 679, 19, 680, 18, -1, 1, 2.356194490192345, 1.4142135623730951
226, 27, 761, 24, 761, 25, 0, -1, -1.5707963267948966, 1.0
226, 28, 617, 201, 617, 200, 0, 1, 1.5707963267948966, 1.0
226, 29, 1031, 105, 1033, 107, -2, -2, -2.356194490192345, 2.8284271247461903
226, 30, 774, 20, 774, 20, 0, 0, 0.0, 0.0
226, 31, 695, 198, 696, 200, -1, -2, -2.0344439357957027, 2.23606797749979
226, 32, 479, 248, 479, 253, 0, -5, -1.5707963267948966, 5.0
226, 33, 639, 12, 640, 12, -1, 0, 3.141592653589793, 1.0
226, 34, 1213, 286, 1213, 284, 0, 2, 1.5707963267948966, 2.0
226, 35, 51, 151, 52, 151, -1, 0, 3.141592653589793, 1.0
226, 36, 1222, 176, 1221, 175, 1, 1, 0.7853981633974483, 1.4142135623730951
226, 37, 82, 574, 81, 572, 1, 2, 1.1071487177940904, 2.23606797749979
226, 38, 135, 581, 134, 579, 1, 2, 1.1071487177940904, 2.23606797749979
226, 39, 419, 60, 416, 60, 3, 0, 0.0, 3.0
226, 40, 703, 442, 703, 438, 0, 4, 1.5707963267948966, 4.0
226, 41, 1002, 93, 1004, 96, -2, -3, -2.158798930342464, 3.605551275463989
226, 42, 1014, 141, 1015, 143, -1, -2, -2.0344439357957027, 2.23606797749979
226, 43, 847, 173, 847, 177, 0, -4, -1.5707963267948966, 4.0
226, 44, 837, 51, 836, 54, 1, -3, -1.2490457723982544, 3.1622776601683795
226, 45, 512, 572, 512, 576, 0, -4, -1.5707963267948966, 4.0
226, 46, 823, 452, 824, 452, -1, 0, 3.141592653589793, 1.0
226, 47, 735, 118, 736, 121, -1, -3, -1.892546881191539, 3.1622776601683795
226, 48, 496, 303, 496, 307, 0, -4, -1.5707963267948966, 4.0
226, 49, 1261, 573, 1273, 573, -12, 0, 3.141592653589793, 12.0
226, 50, 426, 47, 423, 47, 3, 0, 0.0, 3.0
226, 51, 677, 514, 677, 511, 0, 3, 1.5707963267948966, 3.0
226, 52, 1018, 64, 1019, 66, -1, -2, -2.0344439357957027, 2.23606797749979
226, 53, 500, 257, 500, 261, 0, -4, -1.5707963267948966, 4.0
226, 54, 549, 616, 551, 620, -2, -4, -2.0344439357957027, 4.47213595499958
226, 55, 817, 372, 817, 369, 0, 3, 1.5707963267948966, 3.0
226, 56, 818, 18, 818, 18, 0, 0, 0.0, 0.0
226, 57, 1228, 139, 1228, 138, 0, 1, 1.5707963267948966, 1.0
226, 58, 263, 379, 263, 379, 0, 0, 0.0, 0.0
226, 59, 146, 126, 147, 125, -1, 1, 2.356194490192345, 1.4142135623730951
226, 60, 728, 198, 729, 200, -1, -2, -2.0344439357957027, 2.23606797749979
226, 61, 169, 147, 169, 147, 0, 0, 0.0, 0.0
226, 62, 470, 89, 471, 92, -1, -3, -1.892546881191539, 3.1622776601683795
226, 63, 392, 688, 392, 687, 0, 1, 1.5707963267948966, 1.0
226, 64, 716, 146, 717, 149, -1, -3, -1.892546881191539, 3.1622776601683795
226, 65, 128, 566, 126, 563, 2, 3, 0.982793723247329, 3.605551275463989
226, 66, 838, 416, 838, 412, 0, 4, 1.5707963267948966, 4.0
226, 67, 497, 52, 498, 54, -1, -2, -2.0344439357957027, 2.23606797749979
226, 68, 486, 353, 487, 357, -1, -4, -1.8157749899217608, 4.123105625617661
226, 69, 819, 67, 818, 70, 1, -3, -1.2490457723982544, 3.1622776601683795
226, 70, 632, 621, 632, 620, 0, 1, 1.5707963267948966, 1.0
226, 71, 290, 309, 290, 310, 0, -1, -1.5707963267948966, 1.0
226, 72, 604, 253, 604, 251, 0, 2, 1.5707963267948966, 2.0
226, 73, 698, 437, 697, 433, 1, 4, 1.3258176636680326, 4.123105625617661
226, 74, 1027, 95, 1029, 98, -2, -3, -2.158798930342464, 3.605551275463989
226, 75, 700, 268, 700, 270, 0, -2, -1.5707963267948966, 2.0
226, 76, 265, 323, 265, 324, 0, -1, -1.5707963267948966, 1.0
226, 77, 774, 35, 774, 35, 0, 0, 0.0, 0.0
226, 78, 1221, 274, 1221, 271, 0, 3, 1.5707963267948966, 3.0
226, 79, 454, 316, 454, 320, 0, -4, -1.5707963267948966, 4.0
226, 80, 330, 407, 330, 407, 0, 0, 0.0, 0.0
226, 81, 617, 297, 617, 297, 0, 0, 0.0, 0.0
226, 82, 856, 191, 857, 195, -1, -4, -1.8157749899217608, 4.123105625617661
226, 83, 406, 78, 405, 78, 1, 0, 0.0, 1.0
226, 84, 484, 238, 484, 243, 0, -5, -1.5707963267948966, 5.0
226, 85, 33, 88, 34, 88, -1, 0, 3.141592653589793, 1.0
226, 86, 634, 17, 634, 17, 0, 0, 0.0, 0.0
226, 87, 245, 405, 246, 405, -1, 0, 3.141592653589793, 1.0
226, 88, 836, 394, 835, 392, 1, 2, 1.1071487177940904, 2.23606797749979
226, 89, 814, 25, 814, 25, 0, 0, 0.0, 0.0
226, 90, 1231, 178, 1232, 178, -1, 0, 3.141592653589793, 1.0
226, 91, 668, 470, 668, 467, 0, 3, 1.5707963267948966, 3.0
226, 92, 1223, 238, 1223, 235, 0, 3, 1.5707963267948966, 3.0
226, 93, 689, 542, 689, 542, 0, 0, 0.0, 0.0
226, 94, 524, 544, 524, 550, 0, -6, -1.5707963267948966, 6.0
226, 95, 649, 642, 649, 637, 0, 5, 1.5707963267948966, 5.0
226, 96, 477, 14, 477, 17, 0, -3, -1.5707963267948966, 3.0
226, 97, 287, 355, 287, 356, 0, -1, -1.5707963267948966, 1.0
226, 98, 317, 390, 317, 391, 0, -1, -1.5707963267948966, 1.0
226, 99, 705, 196, 706, 198, -1, -2, -2.0344439357957027, 2.23606797749979
226, 100, 837, 273, 838, 276, -1, -3, -1.892546881191539, 3.1622776601683795
226, 101, 1194, 336, 1196, 334, -2, 2, 2.356194490192345, 2.8284271247461903
226, 102, 153, 74, 153, 74, 0, 0, 0.0, 0.0
226, 103, 685, 614, 685, 609, 0, 5, 1.5707963267948966, 5.0
226, 104, 364, 555, 364, 551, 0, 4, 1.5707963267948966, 4.0
226, 105, 1245, 131, 1245, 130, 0, 1, 1.5707963267948966, 1.0
227, 0, 829, 201, 829, 205, 0, -4, -1.5707963267948966, 4.0
227, 1, 851, 181, 851, 185, 0, -4, -1.5707963267948966, 4.0
227, 2, 368, 662, 371, 659, -3, 3, 2.356194490192345, 4.242640687119285
227, 3, 839, 181, 840, 185, -1, -4, -1.8157749899217608, 4.123105625617661
227, 4, 543, 638, 546, 641, -3, -3, -2.356194490192345, 4.242640687119285
227, 5, 418, 17, 415, 18, 3, -1, -0.3217505543966422, 3.1622776601683795
227, 6, 402, 698, 402, 694, 0, 4, 1.5707963267948966, 4.0
227, 7, 830, 220, 830, 224, 0, -4, -1.5707963267948966, 4.0
227, 8, 1021, 49, 1023, 54, -2, -5, -1.9513027039072615, 5.385164807134504
227, 9, 492, 245, 492, 249, 0, -4, -1.5707963267948966, 4.0
227, 10, 304, 320, 304, 320, 0, 0, 0.0, 0.0
227, 11, 171, 118, 170, 117, 1, 1, 0.7853981633974483, 1.4142135623730951
227, 12, 463, 292, 463, 297, 0, -5, -1.5707963267948966, 5.0
227, 13, 1027, 59, 1029, 64, -2, -5, -1.9513027039072615, 5.385164807134504
227, 14, 432, 78, 431, 78, 1, 0, 0.0, 1.0
227, 15, 416, 27, 413, 27, 3, 0, 0.0, 3.0
227, 16, 834, 378, 834, 374, 0, 4, 1.5707963267948966, 4.0
227, 17, 698, 199, 700, 203, -2, -4, -2.0344439357957027, 4.47213595499958
227, 18, 770, 13, 770, 13, 0, 0, 0.0, 0.0
227, 19, 276, 335, 276, 336, 0, -1, -1.5707963267948966, 1.0
227, 20, 700, 516, 699, 513, 1, 3, 1.2490457723982544, 3.1622776601683795
227, 21, 356, 663, 353, 662, 3, 1, 0.3217505543966422, 3.1622776601683795
227, 22, 684, 439, 682, 436, 2, 3, 0.982793723247329, 3.605551275463989
227, 23, 501, 292, 501, 297, 0, -5, -1.5707963267948966, 5.0
227, 24, 413, 61, 409, 61, 4, 0, 0.0, 4.0
227, 25, 678, 22, 679, 19, -1, 3, 1.892546881191539, 3.1622776601683795
227, 26, 761, 23, 761, 24, 0, -1, -1.5707963267948966, 1.0
227, 27, 617, 205, 617, 201, 0, 4, 1.5707963267948966, 4.0
227, 28, 1027, 102, 1031, 105, -4, -3, -2.498091544796509, 5.0
227, 29, 774, 20, 774, 20, 0, 0, 0.0, 0.0
227, 30, 693, 194, 695, 198, -2, -4, -2.0344439357957027, 4.47213595499958
227, 31, 478, 244, 479, 248, -1, -4, -1.8157749899217608, 4.123105625617661
227, 32, 639, 13, 639, 12, 0, 1, 1.5707963267948966, 1.0
227, 33, 1214, 289, 1213, 286, 1, 3, 1.2490457723982544, 3.1622776601683795
227, 34, 49, 151, 51, 151, -2, 0, 3.141592653589793, 2.0
227, 35, 1223, 178, 1222, 176, 1, 2, 1.1071487177940904, 2.23606797749979
227, 36, 84, 573, 82, 574, 2, -1, -0.4636476090008061, 2.23606797749979
227, 37, 135, 583, 135, 581, 0, 2, 1.5707963267948966, 2.0
227, 38, 422, 61, 419, 60, 3, 1, 0.3217505543966422, 3.1622776601683795
227, 39, 704, 446, 703, 442, 1, 4, 1.3258176636680326, 4.123105625617661
227, 40, 999, 89, 1002, 93, -3, -4, -2.214297435588181, 5.0
227, 41, 1012, 137, 1014, 141, -2, -4, -2.0344439357957027, 4.47213595499958
227, 42, 847, 168, 847, 173, 0, -5, -1.5707963267948966, 5.0
227, 43, 839, 48, 837, 51, 2, -3, -0.982793723247329, 3.605551275463989
227, 44, 512, 566, 512, 572, 0, -6, -1.5707963267948966, 6.0
227, 45, 822, 453, 823, 452, -1, 1, 2.356194490192345, 1.4142135623730951
227, 46, 733, 112, 735, 118, -2, -6, -1.892546881191539, 6.324555320336759
227, 47, 496, 298, 496, 303, 0, -5, -1.5707963267948966, 5.0
227, 48, 1261, 573, 1261, 573, 0, 0, 0.0, 0.0
227, 49, 429, 50, 426, 47, 3, 3, 0.7853981633974483, 4.242640687119285
227, 50, 677, 517, 677, 514, 0, 3, 1.5707963267948966, 3.0
227, 51, 1016, 59, 1018, 64, -2, -5, -1.9513027039072615, 5.385164807134504
227, 52, 500, 253, 500, 257, 0, -4, -1.5707963267948966, 4.0
227, 53, 547, 615, 549, 616, -2, -1, -2.677945044588987, 2.23606797749979
227, 54, 818, 375, 817, 372, 1, 3, 1.2490457723982544, 3.1622776601683795
227, 55, 818, 18, 818, 18, 0, 0, 0.0, 0.0
227, 56, 1230, 142, 1228, 139, 2, 3, 0.982793723247329, 3.605551275463989
227, 57, 145, 128, 146, 126, -1, 2, 2.0344439357957027, 2.23606797749979
227, 58, 729, 193, 728, 198, 1, -5, -1.373400766945016, 5.0990195135927845
227, 59, 169, 147, 169, 147, 0, 0, 0.0, 0.0
227, 60, 470, 86, 470, 89, 0, -3, -1.5707963267948966, 3.0
227, 61, 390, 691, 392, 688, -2, 3, 2.158798930342464, 3.605551275463989
227, 62, 715, 141, 716, 146, -1, -5, -1.7681918866447774, 5.0990195135927845
227, 63, 128, 567, 128, 566, 0, 1, 1.5707963267948966, 1.0
227, 64, 839, 418, 838, 416, 1, 2, 1.1071487177940904, 2.23606797749979
227, 65, 496, 50, 497, 52, -1, -2, -2.0344439357957027, 2.23606797749979
227, 66, 484, 345, 486, 353, -2, -8, -1.8157749899217608, 8.246211251235321
227, 67, 821, 64, 819, 67, 2, -3, -0.982793723247329, 3.605551275463989
227, 68, 632, 621, 632, 621, 0, 0, 0.0, 0.0
227, 69, 290, 308, 290, 309, 0, -1, -1.5707963267948966, 1.0
227, 70, 604, 255, 604, 253, 0, 2, 1.5707963267948966, 2.0
227, 71, 699, 441, 698, 437, 1, 4, 1.3258176636680326, 4.123105625617661
227, 72, 1024, 92, 1027, 95, -3, -3, -2.356194490192345, 4.242640687119285
227, 73, 700, 266, 700, 268, 0, -2, -1.5707963267948966, 2.0
227, 74, 774, 35, 774, 35, 0, 0, 0.0, 0.0
227, 75, 1223, 277, 1221, 274, 2, 3, 0.982793723247329, 3.605551275463989
227, 76, 455, 312, 454, 316, 1, -4, -1.3258176636680326, 4.123105625617661
227, 77, 330, 407, 330, 407, 0, 0, 0.0, 0.0
227, 78, 616, 297, 617, 297, -1, 0, 3.141592653589793, 1.0
227, 79, 857, 187, 856, 191, 1, -4, -1.3258176636680326, 4.123105625617661
227, 80, 409, 78, 406, 78, 3, 0, 0.0, 3.0
227, 81, 484, 233, 484, 238, 0, -5, -1.5707963267948966, 5.0
227, 82, 32, 88, 33, 88, -1, 0, 3.141592653589793, 1.0
227, 83, 634, 18, 634, 17, 0, 1, 1.5707963267948966, 1.0
227, 84, 838, 398, 836, 394, 2, 4, 1.1071487177940904, 4.47213595499958
227, 85, 814, 25, 814, 25, 0, 0, 0.0, 0.0
227, 86, 1232, 180, 1231, 178, 1, 2, 1.1071487177940904, 2.23606797749979
227, 87, 668, 472, 668, 470, 0, 2, 1.5707963267948966, 2.0
227, 88, 1224, 242, 1223, 238, 1, 4, 1.3258176636680326, 4.123105625617661
227, 89, 689, 544, 689, 542, 0, 2, 1.5707963267948966, 2.0
227, 90, 522, 536, 524, 544, -2, -8, -1.8157749899217608, 8.246211251235321
227, 91, 649, 644, 649, 642, 0, 2, 1.5707963267948966, 2.0
227, 92, 476, 8, 477, 14, -1, -6, -1.7359450042095235, 6.082762530298219
227, 93, 287, 354, 287, 355, 0, -1, -1.5707963267948966, 1.0
227, 94, 703, 192, 705, 196, -2, -4, -2.0344439357957027, 4.47213595499958
227, 95, 836, 265, 837, 273, -1, -8, -1.695151321341658, 8.06225774829855
227, 96, 1193, 338, 1194, 336, -1, 2, 2.0344439357957027, 2.23606797749979
227, 97, 152, 74, 153, 74, -1, 0, 3.141592653589793, 1.0
227, 98, 685, 617, 685, 614, 0, 3, 1.5707963267948966, 3.0
227, 99, 364, 558, 364, 555, 0, 3, 1.5707963267948966, 3.0
227, 100, 1247, 134, 1245, 131, 2, 3, 0.982793723247329, 3.605551275463989
228, 0, 852, 179, 852, 183, 0, -4, -1.5707963267948966, 4.0
228, 1, 372, 670, 373, 666, -1, 4, 1.8157749899217608, 4.123105625617661
228, 2, 404, 701, 404, 697, 0, 4, 1.5707963267948966, 4.0
228, 3, 840, 179, 840, 183, 0, -4, -1.5707963267948966, 4.0
228, 4, 171, 117, 171, 117, 0, 0, 0.0, 0.0
228, 5, 417, 62, 413, 62, 4, 0, 0.0, 4.0
228, 6, 1020, 49, 1022, 52, -2, -3, -2.158798930342464, 3.605551275463989
228, 7, 340, 585, 342, 581, -2, 4, 2.0344439357957027, 4.47213595499958
228, 8, 464, 289, 464, 294, 0, -5, -1.5707963267948966, 5.0
228, 9, 479, 241, 480, 246, -1, -5, -1.7681918866447774, 5.0990195135927845
228, 10, 420, 16, 417, 17, 3, -1, -0.3217505543966422, 3.1622776601683795
228, 11, 492, 243, 493, 247, -1, -4, -1.8157749899217608, 4.123105625617661
228, 12, 802, 416, 803, 414, -1, 2, 2.0344439357957027, 2.23606797749979
228, 13, 431, 79, 431, 79, 0, 0, 0.0, 0.0
228, 14, 763, 19, 763, 20, 0, -1, -1.5707963267948966, 1.0
228, 15, 277, 336, 277, 337, 0, -1, -1.5707963267948966, 1.0
228, 16, 304, 320, 304, 320, 0, 0, 0.0, 0.0
228, 17, 545, 632, 546, 637, -1, -5, -1.7681918866447774, 5.0990195135927845
228, 18, 1027, 60, 1028, 63, -1, -3, -1.892546881191539, 3.1622776601683795
228, 19, 329, 356, 330, 356, -1, 0, 3.141592653589793, 1.0
228, 20, 700, 199, 701, 202, -1, -3, -1.892546881191539, 3.1622776601683795
228, 21, 354, 673, 353, 670, 1, 3, 1.2490457723982544, 3.1622776601683795
228, 22, 504, 591, 505, 593, -1, -2, -2.0344439357957027, 2.23606797749979
228, 23, 350, 624, 351, 624, -1, 0, 3.141592653589793, 1.0
228, 24, 419, 26, 416, 27, 3, -1, -0.3217505543966422, 3.1622776601683795
228, 25, 678, 22, 679, 21, -1, 1, 2.356194490192345, 1.4142135623730951
228, 26, 618, 205, 618, 203, 0, 2, 1.5707963267948966, 2.0
228, 27, 770, 12, 770, 12, 0, 0, 0.0, 0.0
228, 28, 640, 14, 640, 13, 0, 1, 1.5707963267948966, 1.0
228, 29, 1029, 101, 1031, 104, -2, -3, -2.158798930342464, 3.605551275463989
228, 30, 835, 382, 835, 377, 0, 5, 1.5707963267948966, 5.0
228, 31, 839, 47, 838, 50, 1, -3, -1.2490457723982544, 3.1622776601683795
228, 32, 848, 167, 848, 172, 0, -5, -1.5707963267948966, 5.0
228, 33, 705, 449, 704, 445, 1, 4, 1.3258176636680326, 4.123105625617661
228, 34, 683, 442, 682, 438, 1, 4, 1.3258176636680326, 4.123105625617661
228, 35, 677, 519, 677, 516, 0, 3, 1.5707963267948966, 3.0
228, 36, 133, 570, 131, 568, 2, 2, 0.7853981633974483, 2.8284271247461903
228, 37, 939, 17, 939, 18, 0, -1, -1.5707963267948966, 1.0
228, 38, 735, 114, 736, 117, -1, -3, -1.892546881191539, 3.1622776601683795
228, 39, 286, 377, 286, 378, 0, -1, -1.5707963267948966, 1.0
228, 40, 143, 595, 142, 593, 1, 2, 1.1071487177940904, 2.23606797749979
228, 41, 1016, 59, 1018, 62, -2, -3, -2.158798930342464, 3.605551275463989
228, 42, 497, 298, 497, 302, 0, -4, -1.5707963267948966, 4.0
228, 43, 1002, 87, 1003, 91, -1, -4, -1.8157749899217608, 4.123105625617661
228, 44, 633, 618, 633, 619, 0, -1, -1.5707963267948966, 1.0
228, 45, 50, 152, 51, 152, -1, 0, 3.141592653589793, 1.0
228, 46, 694, 195, 695, 198, -1, -3, -1.892546881191539, 3.1622776601683795
228, 47, 774, 22, 774, 22, 0, 0, 0.0, 0.0
228, 48, 391, 697, 393, 694, -2, 3, 2.158798930342464, 3.605551275463989
228, 49, 1184, 321, 1184, 321, 0, 0, 0.0, 0.0
228, 50, 1261, 573, 1273, 573, -12, 0, 3.141592653589793, 12.0
228, 51, 830, 220, 831, 226, -1, -6, -1.7359450042095235, 6.082762530298219
228, 52, 838, 401, 837, 398, 1, 3, 1.2490457723982544, 3.1622776601683795
228, 53, 700, 268, 701, 270, -1, -2, -2.0344439357957027, 2.23606797749979
228, 54, 824, 453, 824, 452, 0, 1, 1.5707963267948966, 1.0
228, 55, 1230, 141, 1230, 140, 0, 1, 1.5707963267948966, 1.0
228, 56, 699, 443, 699, 439, 0, 4, 1.5707963267948966, 4.0
228, 57, 412, 76, 409, 76, 3, 0, 0.0, 3.0
228, 58, 818, 379, 818, 375, 0, 4, 1.5707963267948966, 4.0
228, 59, 935, 101, 936, 101, -1, 0, 3.141592653589793, 1.0
228, 60, 546, 607, 548, 611, -2, -4, -2.0344439357957027, 4.47213595499958
228, 61, 842, 256, 842, 257, 0, -1, -1.5707963267948966, 1.0
228, 62, 1217, 290, 1216, 288, 1, 2, 1.1071487177940904, 2.23606797749979
228, 63, 150, 589, 149, 587, 1, 2, 1.1071487177940904, 2.23606797749979
228, 64, 632, 20, 632, 19, 0, 1, 1.5707963267948966, 1.0
228, 65, 169, 147, 169, 147, 0, 0, 0.0, 0.0
228, 66, 145, 128, 146, 127, -1, 1, 2.356194490192345, 1.4142135623730951
228, 67, 712, 146, 713, 150, -1, -4, -1.8157749899217608, 4.123105625617661
228, 68, 511, 562, 512, 566, -1, -4, -1.8157749899217608, 4.123105625617661
228, 69, 828, 24, 828, 25, 0, -1, -1.5707963267948966, 1.0
228, 70, 456, 308, 455, 312, 1, -4, -1.3258176636680326, 4.123105625617661
228, 71, 499, 251, 500, 255, -1, -4, -1.8157749899217608, 4.123105625617661
228, 72, 329, 407, 330, 407, -1, 0, 3.141592653589793, 1.0
228, 73, 1025, 91, 1027, 94, -2, -3, -2.158798930342464, 3.605551275463989
228, 74, 1226, 240, 1225, 239, 1, 1, 0.7853981633974483, 1.4142135623730951
228, 75, 616, 297, 617, 297, -1, 0, 3.141592653589793, 1.0
228, 76, 467, 318, 466, 323, 1, -5, -1.373400766945016, 5.0990195135927845
228, 77, 433, 53, 431, 51, 2, 2, 0.7853981633974483, 2.8284271247461903
228, 78, 818, 17, 818, 18, 0, -1, -1.5707963267948966, 1.0
228, 79, 1223, 278, 1222, 276, 1, 2, 1.1071487177940904, 2.23606797749979
228, 80, 669, 477, 669, 473, 0, 4, 1.5707963267948966, 4.0
228, 81, 856, 184, 857, 189, -1, -5, -1.7681918866447774, 5.0990195135927845
228, 82, 701, 548, 701, 544, 0, 4, 1.5707963267948966, 4.0
228, 83, 290, 309, 290, 310, 0, -1, -1.5707963267948966, 1.0
228, 84, 774, 35, 774, 35, 0, 0, 0.0, 0.0
228, 85, 814, 25, 814, 25, 0, 0, 0.0, 0.0
228, 86, 285, 356, 285, 357, 0, -1, -1.5707963267948966, 1.0
228, 87, 470, 249, 471, 254, -1, -5, -1.7681918866447774, 5.0990195135927845
228, 88, 523, 534, 524, 541, -1, -7, -1.7126933813990606, 7.0710678118654755
228, 89, 484, 232, 485, 236, -1, -4, -1.8157749899217608, 4.123105625617661
228, 90, 694, 432, 693, 428, 1, 4, 1.3258176636680326, 4.123105625617661
228, 91, 686, 432, 686, 428, 0, 4, 1.5707963267948966, 4.0
228, 92, 461, 313, 460, 317, 1, -4, -1.3258176636680326, 4.123105625617661
228, 93, 1007, 82, 1008, 85, -1, -3, -1.892546881191539, 3.1622776601683795
228, 94, 484, 344, 486, 350, -2, -6, -1.892546881191539, 6.324555320336759
228, 95, 632, 89, 633, 89, -1, 0, 3.141592653589793, 1.0
228, 96, 424, 64, 422, 63, 2, 1, 0.4636476090008061, 2.23606797749979
228, 97, 810, 456, 809, 452, 1, 4, 1.3258176636680326, 4.123105625617661
228, 98, 1216, 210, 1215, 209, 1, 1, 0.7853981633974483, 1.4142135623730951
228, 99, 28, 21, 25, 23, 3, -2, -0.5880026035475675, 3.605551275463989
228, 100, 607, 262, 606, 259, 1, 3, 1.2490457723982544, 3.1622776601683795
228, 101, 316, 391, 317, 391, -1, 0, 3.141592653589793, 1.0
228, 102, 610, 248, 610, 246, 0, 2, 1.5707963267948966, 2.0
228, 103, 862, 198, 863, 203, -1, -5, -1.7681918866447774, 5.0990195135927845
228, 104, 1201, 345, 1201, 345, 0, 0, 0.0, 0.0
228, 105, 63, 22, 63, 23, 0, -1, -1.5707963267948966, 1.0
228, 106, 116, 620, 116, 618, 0, 2, 1.5707963267948966, 2.0
228, 107, 845, 57, 844, 60, 1, -3, -1.2490457723982544, 3.1622776601683795
228, 108, 1247, 133, 1246, 132, 1, 1, 0.7853981633974483, 1.4142135623730951
228, 109, 478, 79, 479, 81, -1, -2, -2.0344439357957027, 2.23606797749979
228, 110, 148, 143, 149, 142, -1, 1, 2.356194490192345, 1.4142135623730951
228, 111, 465, 9, 466, 12, -1, -3, -1.892546881191539, 3.1622776601683795
228, 112, 664, 671, 664, 671, 0, 0, 0.0, 0.0
228, 113, 824, 372, 824, 368, 0, 4, 1.5707963267948966, 4.0
228, 114, 146, 101, 147, 101, -1, 0, 3.141592653589793, 1.0
228, 115, 472, 294, 472, 298, 0, -4, -1.5707963267948966, 4.0
228, 116, 839, 423, 839, 421, 0, 2, 1.5707963267948966, 2.0
228, 117, 818, 435, 818, 435, 0, 0, 0.0, 0.0
228, 118, 476, 10, 477, 13, -1, -3, -1.892546881191539, 3.1622776601683795
228, 119, 152, 75, 153, 75, -1, 0, 3.141592653589793, 1.0
228, 120, 172, 99, 172, 99, 0, 0, 0.0, 0.0
228, 121, 416, 47, 413, 48, 3, -1, -0.3217505543966422, 3.1622776601683795
228, 122, 1009, 136, 1012, 141, -3, -5, -2.1112158270654806, 5.830951894845301
229, 0, 852, 174, 852, 179, 0, -5, -1.5707963267948966, 5.0
229, 1, 372, 674, 372, 670, 0, 4, 1.5707963267948966, 4.0
229, 2, 403, 701, 404, 701, -1, 0, 3.141592653589793, 1.0
229, 3, 839, 175, 840, 179, -1, -4, -1.8157749899217608, 4.123105625617661
229, 4, 171, 117, 171, 117, 0, 0, 0.0, 0.0
229, 5, 419, 63, 417, 62, 2, 1, 0.4636476090008061, 2.23606797749979
229, 6, 1018, 46, 1020, 49, -2, -3, -2.158798930342464, 3.605551275463989
229, 7, 338, 589, 340, 585, -2, 4, 2.0344439357957027, 4.47213595499958
229, 8, 464, 285, 464, 289, 0, -4, -1.5707963267948966, 4.0
229, 9, 479, 237, 479, 241, 0, -4, -1.5707963267948966, 4.0
229, 10, 423, 15, 420, 16, 3, -1, -0.3217505543966422, 3.1622776601683795
229, 11, 491, 239, 492, 243, -1, -4, -1.8157749899217608, 4.123105625617661
229, 12, 801, 417, 802, 416, -1, 1, 2.356194490192345, 1.4142135623730951
229, 13, 431, 79, 431, 79, 0, 0, 0.0, 0.0
229, 14, 763, 19, 763, 19, 0, 0, 0.0, 0.0
229, 15, 277, 335, 277, 336, 0, -1, -1.5707963267948966, 1.0
229, 16, 304, 320, 304, 320, 0, 0, 0.0, 0.0
229, 17, 544, 628, 545, 632, -1, -4, -1.8157749899217608, 4.123105625617661
229, 18, 1025, 57, 1027, 60, -2, -3, -2.158798930342464, 3.605551275463989
229, 19, 328, 356, 329, 356, -1, 0, 3.141592653589793, 1.0
229, 20, 699, 196, 700, 199, -1, -3, -1.892546881191539, 3.1622776601683795
229, 21, 355, 676, 354, 673, 1, 3, 1.2490457723982544, 3.1622776601683795
229, 22, 422, 25, 419, 26, 3, -1, -0.3217505543966422, 3.1622776601683795
229, 23, 678, 23, 678, 22, 0, 1, 1.5707963267948966, 1.0
229, 24, 618, 208, 618, 205, 0, 3, 1.5707963267948966, 3.0
229, 25, 770, 12, 770, 12, 0, 0, 0.0, 0.0
229, 26, 639, 15, 640, 14, -1, 1, 2.356194490192345, 1.4142135623730951
229, 27, 1027, 98, 1029, 101, -2, -3, -2.158798930342464, 3.605551275463989
229, 28, 834, 385, 835, 382, -1, 3, 1.892546881191539, 3.1622776601683795
229, 29, 840, 45, 839, 47, 1, -2, -1.1071487177940904, 2.23606797749979
229, 30, 848, 162, 848, 167, 0, -5, -1.5707963267948966, 5.0
229, 31, 705, 453, 705, 449, 0, 4, 1.5707963267948966, 4.0
229, 32, 684, 445, 683, 442, 1, 3, 1.2490457723982544, 3.1622776601683795
229, 33, 677, 522, 677, 519, 0, 3, 1.5707963267948966, 3.0
229, 34, 135, 572, 133, 570, 2, 2, 0.7853981633974483, 2.8284271247461903
229, 35, 734, 111, 735, 114, -1, -3, -1.892546881191539, 3.1622776601683795
229, 36, 144, 597, 143, 595, 1, 2, 1.1071487177940904, 2.23606797749979
229, 37, 1014, 56, 1016, 59, -2, -3, -2.158798930342464, 3.605551275463989
229, 38, 497, 294, 497, 298, 0, -4, -1.5707963267948966, 4.0
229, 39, 1000, 84, 1002, 87, -2, -3, -2.158798930342464, 3.605551275463989
229, 40, 633, 618, 633, 618, 0, 0, 0.0, 0.0
229, 41, 49, 152, 50, 152, -1, 0, 3.141592653589793, 1.0
229, 42, 693, 192, 694, 195, -1, -3, -1.892546881191539, 3.1622776601683795
229, 43, 774, 22, 774, 22, 0, 0, 0.0, 0.0
229, 44, 389, 700, 391, 697, -2, 3, 2.158798930342464, 3.605551275463989
229, 45, 1184, 321, 1184, 321, 0, 0, 0.0, 0.0
229, 46, 1261, 574, 1261, 573, 0, 1, 1.5707963267948966, 1.0
229, 47, 830, 214, 830, 220, 0, -6, -1.5707963267948966, 6.0
229, 48, 839, 405, 838, 401, 1, 4, 1.3258176636680326, 4.123105625617661
229, 49, 700, 266, 700, 268, 0, -2, -1.5707963267948966, 2.0
229, 50, 824, 453, 824, 453, 0, 0, 0.0, 0.0
229, 51, 1230, 142, 1230, 141, 0, 1, 1.5707963267948966, 1.0
229, 52, 699, 447, 699, 443, 0, 4, 1.5707963267948966, 4.0
229, 53, 415, 76, 412, 76, 3, 0, 0.0, 3.0
229, 54, 818, 383, 818, 379, 0, 4, 1.5707963267948966, 4.0
229, 55, 545, 603, 546, 607, -1, -4, -1.8157749899217608, 4.123105625617661
229, 56, 842, 254, 842, 256, 0, -2, -1.5707963267948966, 2.0
229, 57, 1218, 292, 1217, 290, 1, 2, 1.1071487177940904, 2.23606797749979
229, 58, 151, 591, 150, 589, 1, 2, 1.1071487177940904, 2.23606797749979
229, 59, 631, 21, 632, 20, -1, 1, 2.356194490192345, 1.4142135623730951
229, 60, 169, 147, 169, 147, 0, 0, 0.0, 0.0
229, 61, 145, 129, 145, 128, 0, 1, 1.5707963267948966, 1.0
229, 62, 711, 142, 712, 146, -1, -4, -1.8157749899217608, 4.123105625617661
229, 63, 510, 558, 511, 562, -1, -4, -1.8157749899217608, 4.123105625617661
229, 64, 828, 23, 828, 24, 0, -1, -1.5707963267948966, 1.0
229, 65, 457, 303, 456, 308, 1, -5, -1.373400766945016, 5.0990195135927845
229, 66, 499, 247, 499, 251, 0, -4, -1.5707963267948966, 4.0
229, 67, 1023, 88, 1025, 91, -2, -3, -2.158798930342464, 3.605551275463989
229, 68, 1226, 241, 1226, 240, 0, 1, 1.5707963267948966, 1.0
229, 69, 615, 297, 616, 297, -1, 0, 3.141592653589793, 1.0
229, 70, 468, 314, 467, 318, 1, -4, -1.3258176636680326, 4.123105625617661
229, 71, 434, 54, 433, 53, 1, 1, 0.7853981633974483, 1.4142135623730951
229, 72, 1224, 279, 1223, 278, 1, 1, 0.7853981633974483, 1.4142135623730951
229, 73, 669, 480, 669, 477, 0, 3, 1.5707963267948966, 3.0
229, 74, 856, 179, 856, 184, 0, -5, -1.5707963267948966, 5.0
229, 75, 701, 551, 701, 548, 0, 3, 1.5707963267948966, 3.0
229, 76, 290, 309, 290, 309, 0, 0, 0.0, 0.0
229, 77, 774, 35, 774, 35, 0, 0, 0.0, 0.0
229, 78, 285, 355, 285, 356, 0, -1, -1.5707963267948966, 1.0
229, 79, 469, 245, 470, 249, -1, -4, -1.8157749899217608, 4.123105625617661
229, 80, 522, 527, 523, 534, -1, -7, -1.7126933813990606, 7.0710678118654755
229, 81, 483, 228, 484, 232, -1, -4, -1.8157749899217608, 4.123105625617661
229, 82, 695, 436, 694, 432, 1, 4, 1.3258176636680326, 4.123105625617661
229, 83, 687, 436, 686, 432, 1, 4, 1.3258176636680326, 4.123105625617661
229, 84, 462, 309, 461, 313, 1, -4, -1.3258176636680326, 4.123105625617661
229, 85, 1006, 79, 1007, 82, -1, -3, -1.892546881191539, 3.1622776601683795
229, 86, 483, 337, 484, 344, -1, -7, -1.7126933813990606, 7.0710678118654755
229, 87, 631, 89, 632, 89, -1, 0, 3.141592653589793, 1.0
229, 88, 425, 65, 424, 64, 1, 1, 0.7853981633974483, 1.4142135623730951
229, 89, 811, 460, 810, 456, 1, 4, 1.3258176636680326, 4.123105625617661
229, 90, 1217, 211, 1216, 210, 1, 1, 0.7853981633974483, 1.4142135623730951
229, 91, 32, 20, 28, 21, 4, -1, -0.24497866312686414, 4.123105625617661
229, 92, 607, 265, 607, 262, 0, 3, 1.5707963267948966, 3.0
229, 93, 610, 250, 610, 248, 0, 2, 1.5707963267948966, 2.0
229, 94, 861, 193, 862, 198, -1, -5, -1.7681918866447774, 5.0990195135927845
229, 95, 1201, 344, 1201, 345, 0, -1, -1.5707963267948966, 1.0
229, 96, 63, 22, 63, 22, 0, 0, 0.0, 0.0
229, 97, 115, 620, 116, 620, -1, 0, 3.141592653589793, 1.0
229, 98, 845, 55, 845, 57, 0, -2, -1.5707963267948966, 2.0
229, 99, 1247, 134, 1247, 133, 0, 1, 1.5707963267948966, 1.0
229, 100, 478, 77, 478, 79, 0, -2, -1.5707963267948966, 2.0
229, 101, 148, 145, 148, 143, 0, 2, 1.5707963267948966, 2.0
229, 102, 664, 672, 664, 671, 0, 1, 1.5707963267948966, 1.0
229, 103, 824, 376, 824, 372, 0, 4, 1.5707963267948966, 4.0
229, 104, 145, 101, 146, 101, -1, 0, 3.141592653589793, 1.0
229, 105, 472, 289, 472, 294, 0, -5, -1.5707963267948966, 5.0
229, 106, 839, 425, 839, 423, 0, 2, 1.5707963267948966, 2.0
229, 107, 818, 434, 818, 435, 0, -1, -1.5707963267948966, 1.0
229, 108, 152, 75, 152, 75, 0, 0, 0.0, 0.0
229, 109, 172, 99, 172, 99, 0, 0, 0.0, 0.0
229, 110, 419, 47, 416, 47, 3, 0, 0.0, 3.0
229, 111, 1006, 132, 1009, 136, -3, -4, -2.214297435588181, 5.0
230, 0, 851, 174, 852, 179, -1, -5, -1.7681918866447774, 5.0990195135927845
230, 1, 171, 118, 171, 118, 0, 0, 0.0, 0.0
230, 2, 1019, 48, 1021, 51, -2, -3, -2.158798930342464, 3.605551275463989
230, 3, 373, 677, 374, 673, -1, 4, 1.8157749899217608, 4.123105625617661
230, 4, 404, 701, 405, 705, -1, -4, -1.8157749899217608, 4.123105625617661
230, 5, 827, 202, 827, 202, 0, 0, 0.0, 0.0
230, 6, 503, 591, 504, 593, -1, -2, -2.0344439357957027, 2.23606797749979
230, 7, 423, 16, 420, 17, 3, -1, -0.3217505543966422, 3.1622776601683795
230, 8, 764, 23, 764, 24, 0, -1, -1.5707963267948966, 1.0
230, 9, 465, 285, 465, 289, 0, -4, -1.5707963267948966, 4.0
230, 10, 304, 319, 304, 320, 0, -1, -1.5707963267948966, 1.0
230, 11, 839, 175, 840, 179, -1, -4, -1.8157749899217608, 4.123105625617661
230, 12, 421, 63, 419, 62, 2, 1, 0.4636476090008061, 2.23606797749979
230, 13, 146, 599, 145, 598, 1, 1, 0.7853981633974483, 1.4142135623730951
230, 14, 342, 594, 343, 590, -1, 4, 1.8157749899217608, 4.123105625617661
230, 15, 353, 680, 353, 676, 0, 4, 1.5707963267948966, 4.0
230, 16, 491, 239, 492, 243, -1, -4, -1.8157749899217608, 4.123105625617661
230, 17, 431, 79, 431, 79, 0, 0, 0.0, 0.0
230, 18, 835, 386, 836, 382, -1, 4, 1.8157749899217608, 4.123105625617661
230, 19, 277, 336, 277, 337, 0, -1, -1.5707963267948966, 1.0
230, 20, 478, 238, 479, 242, -1, -4, -1.8157749899217608, 4.123105625617661
230, 21, 117, 623, 117, 623, 0, 0, 0.0, 0.0
230, 22, 415, 74, 412, 73, 3, 1, 0.3217505543966422, 3.1622776601683795
230, 23, 1015, 57, 1017, 60, -2, -3, -2.158798930342464, 3.605551275463989
230, 24, 544, 628, 545, 631, -1, -3, -1.892546881191539, 3.1622776601683795
230, 25, 1026, 96, 1028, 99, -2, -3, -2.158798930342464, 3.605551275463989
230, 26, 799, 420, 799, 418, 0, 2, 1.5707963267948966, 2.0
230, 27, 426, 71, 425, 70, 1, 1, 0.7853981633974483, 1.4142135623730951
230, 28, 847, 163, 848, 168, -1, -5, -1.7681918866447774, 5.0990195135927845
230, 29, 349, 624, 350, 624, -1, 0, 3.141592653589793, 1.0
230, 30, 422, 26, 419, 27, 3, -1, -0.3217505543966422, 3.1622776601683795
230, 31, 243, 333, 243, 334, 0, -1, -1.5707963267948966, 1.0
230, 32, 1024, 56, 1026, 60, -2, -4, -2.0344439357957027, 4.47213595499958
230, 33, 254, 387, 254, 388, 0, -1, -1.5707963267948966, 1.0
230, 34, 489, 331, 489, 333, 0, -2, -1.5707963267948966, 2.0
230, 35, 699, 196, 700, 200, -1, -4, -1.8157749899217608, 4.123105625617661
230, 36, 619, 208, 619, 206, 0, 2, 1.5707963267948966, 2.0
230, 37, 463, 308, 461, 312, 2, -4, -1.1071487177940904, 4.47213595499958
230, 38, 840, 47, 839, 49, 1, -2, -1.1071487177940904, 2.23606797749979
230, 39, 679, 23, 679, 22, 0, 1, 1.5707963267948966, 1.0
230, 40, 685, 447, 684, 444, 1, 3, 1.2490457723982544, 3.1622776601683795
230, 41, 637, 16, 637, 15, 0, 1, 1.5707963267948966, 1.0
230, 42, 1261, 136, 1264, 138, -3, -2, -2.5535900500422257, 3.605551275463989
230, 43, 694, 191, 695, 195, -1, -4, -1.8157749899217608, 4.123105625617661
230, 44, 632, 619, 632, 619, 0, 0, 0.0, 0.0
230, 45, 50, 152, 51, 152, -1, 0, 3.141592653589793, 1.0
230, 46, 818, 383, 818, 380, 0, 3, 1.5707963267948966, 3.0
230, 47, 939, 17, 939, 18, 0, -1, -1.5707963267948966, 1.0
230, 48, 391, 701, 393, 701, -2, 0, 3.141592653589793, 2.0
230, 49, 829, 22, 829, 23, 0, -1, -1.5707963267948966, 1.0
230, 50, 468, 313, 467, 317, 1, -4, -1.3258176636680326, 4.123105625617661
230, 51, 770, 11, 770, 12, 0, -1, -1.5707963267948966, 1.0
230, 52, 1217, 292, 1216, 290, 1, 2, 1.1071487177940904, 2.23606797749979
230, 53, 328, 365, 329, 365, -1, 0, 3.141592653589793, 1.0
230, 54, 774, 20, 774, 21, 0, -1, -1.5707963267948966, 1.0
230, 55, 736, 110, 736, 114, 0, -4, -1.5707963267948966, 4.0
230, 56, 1230, 143, 1230, 142, 0, 1, 1.5707963267948966, 1.0
230, 57, 1225, 280, 1224, 278, 1, 2, 1.1071487177940904, 2.23606797749979
230, 58, 1001, 82, 1003, 86, -2, -4, -2.0344439357957027, 4.47213595499958
230, 59, 700, 448, 700, 444, 0, 4, 1.5707963267948966, 4.0
230, 60, 136, 576, 134, 573, 2, 3, 0.982793723247329, 3.605551275463989
230, 61, 838, 409, 838, 404, 0, 5, 1.5707963267948966, 5.0
230, 62, 831, 72, 831, 73, 0, -1, -1.5707963267948966, 1.0
230, 63, 1186, 319, 1186, 317, 0, 2, 1.5707963267948966, 2.0
230, 64, 701, 264, 701, 268, 0, -4, -1.5707963267948966, 4.0
230, 65, 936, 100, 936, 101, 0, -1, -1.5707963267948966, 1.0
230, 66, 856, 180, 857, 185, -1, -5, -1.7681918866447774, 5.0990195135927845
230, 67, 679, 524, 678, 520, 1, 4, 1.3258176636680326, 4.123105625617661
230, 68, 707, 454, 706, 450, 1, 4, 1.3258176636680326, 4.123105625617661
230, 69, 510, 556, 511, 560, -1, -4, -1.8157749899217608, 4.123105625617661
230, 70, 544, 604, 545, 607, -1, -3, -1.892546881191539, 3.1622776601683795
230, 71, 478, 78, 479, 80, -1, -2, -2.0344439357957027, 2.23606797749979
230, 72, 704, 189, 705, 193, -1, -4, -1.8157749899217608, 4.123105625617661
230, 73, 632, 21, 632, 20, 0, 1, 1.5707963267948966, 1.0
230, 74, 814, 23, 814, 24, 0, -1, -1.5707963267948966, 1.0
230, 75, 330, 406, 330, 407, 0, -1, -1.5707963267948966, 1.0
230, 76, 817, 16, 817, 17, 0, -1, -1.5707963267948966, 1.0
230, 77, 1261, 568, 1277, 567, -16, 1, 3.079173843593836, 16.0312195418814
230, 78, 287, 355, 287, 356, 0, -1, -1.5707963267948966, 1.0
230, 79, 1226, 242, 1226, 241, 0, 1, 1.5707963267948966, 1.0
230, 80, 671, 482, 670, 478, 1, 4, 1.3258176636680326, 4.123105625617661
230, 81, 616, 297, 617, 297, -1, 0, 3.141592653589793, 1.0
230, 82, 607, 264, 607, 262, 0, 2, 1.5707963267948966, 2.0
230, 83, 484, 229, 485, 233, -1, -4, -1.8157749899217608, 4.123105625617661
230, 84, 696, 437, 695, 433, 1, 4, 1.3258176636680326, 4.123105625617661
230, 85, 704, 568, 704, 560, 0, 8, 1.5707963267948966, 8.0
230, 86, 688, 438, 687, 434, 1, 4, 1.3258176636680326, 4.123105625617661
230, 87, 169, 147, 169, 147, 0, 0, 0.0, 0.0
230, 88, 841, 254, 841, 256, 0, -2, -1.5707963267948966, 2.0
230, 89, 713, 140, 714, 144, -1, -4, -1.8157749899217608, 4.123105625617661
230, 90, 633, 89, 634, 89, -1, 0, 3.141592653589793, 1.0
230, 91, 644, 20, 644, 19, 0, 1, 1.5707963267948966, 1.0
230, 92, 146, 624, 144, 625, 2, -1, -0.4636476090008061, 2.23606797749979
230, 93, 845, 57, 844, 59, 1, -2, -1.1071487177940904, 2.23606797749979
230, 94, 810, 471, 809, 466, 1, 5, 1.373400766945016, 5.0990195135927845
230, 95, 932, 93, 932, 94, 0, -1, -1.5707963267948966, 1.0
230, 96, 316, 390, 317, 390, -1, 0, 3.141592653589793, 1.0
230, 97, 290, 309, 290, 310, 0, -1, -1.5707963267948966, 1.0
230, 98, 471, 246, 471, 250, 0, -4, -1.5707963267948966, 4.0
230, 99, 840, 428, 840, 425, 0, 3, 1.5707963267948966, 3.0
230, 100, 924, 94, 924, 95, 0, -1, -1.5707963267948966, 1.0
230, 101, 824, 378, 824, 374, 0, 4, 1.5707963267948966, 4.0
230, 102, 523, 528, 524, 535, -1, -7, -1.7126933813990606, 7.0710678118654755
230, 103, 106, 611, 104, 607, 2, 4, 1.1071487177940904, 4.47213595499958
230, 104, 824, 452, 824, 452, 0, 0, 0.0, 0.0
230, 105, 148, 145, 149, 143, -1, 2, 2.0344439357957027, 2.23606797749979
230, 106, 153, 595, 152, 593, 1, 2, 1.1071487177940904, 2.23606797749979
230, 107, 1201, 344, 1201, 345, 0, -1, -1.5707963267948966, 1.0
230, 108, 611, 250, 611, 248, 0, 2, 1.5707963267948966, 2.0
230, 109, 1261, 573, 1273, 573, -12, 0, 3.141592653589793, 12.0
230, 110, 774, 34, 774, 34, 0, 0, 0.0, 0.0
230, 111, 56, 159, 56, 160, 0, -1, -1.5707963267948966, 1.0
231, 0, 850, 169, 851, 174, -1, -5, -1.7681918866447774, 5.0990195135927845
231, 1, 171, 119, 171, 118, 0, 1, 1.5707963267948966, 1.0
231, 2, 1017, 45, 1019, 48, -2, -3, -2.158798930342464, 3.605551275463989
231, 3, 372, 681, 373, 677, -1, 4, 1.8157749899217608, 4.123105625617661
231, 4, 402, 701, 404, 701, -2, 0, 3.141592653589793, 2.0
231, 5, 827, 202, 827, 202, 0, 0, 0.0, 0.0
231, 6, 502, 588, 503, 591, -1, -3, -1.892546881191539, 3.1622776601683795
231, 7, 426, 15, 423, 16, 3, -1, -0.3217505543966422, 3.1622776601683795
231, 8, 764, 22, 764, 23, 0, -1, -1.5707963267948966, 1.0
231, 9, 465, 281, 465, 285, 0, -4, -1.5707963267948966, 4.0
231, 10, 304, 318, 304, 319, 0, -1, -1.5707963267948966, 1.0
231, 11, 838, 170, 839, 175, -1, -5, -1.7681918866447774, 5.0990195135927845
231, 12, 424, 64, 421, 63, 3, 1, 0.3217505543966422, 3.1622776601683795
231, 13, 147, 600, 146, 599, 1, 1, 0.7853981633974483, 1.4142135623730951
231, 14, 340, 598, 342, 594, -2, 4, 2.0344439357957027, 4.47213595499958
231, 15, 353, 684, 353, 680, 0, 4, 1.5707963267948966, 4.0
231, 16, 491, 235, 491, 239, 0, -4, -1.5707963267948966, 4.0
231, 17, 431, 79, 431, 79, 0, 0, 0.0, 0.0
231, 18, 834, 390, 835, 386, -1, 4, 1.8157749899217608, 4.123105625617661
231, 19, 277, 335, 277, 336, 0, -1, -1.5707963267948966, 1.0
231, 20, 478, 235, 478, 238, 0, -3, -1.5707963267948966, 3.0
231, 21, 117, 624, 117, 623, 0, 1, 1.5707963267948966, 1.0
231, 22, 417, 76, 415, 74, 2, 2, 0.7853981633974483, 2.8284271247461903
231, 23, 1013, 55, 1015, 57, -2, -2, -2.356194490192345, 2.8284271247461903
231, 24, 544, 625, 544, 628, 0, -3, -1.5707963267948966, 3.0
231, 25, 1025, 94, 1026, 96, -1, -2, -2.0344439357957027, 2.23606797749979
231, 26, 799, 423, 799, 420, 0, 3, 1.5707963267948966, 3.0
231, 27, 426, 72, 426, 71, 0, 1, 1.5707963267948966, 1.0
231, 28, 846, 158, 847, 163, -1, -5, -1.7681918866447774, 5.0990195135927845
231, 29, 348, 624, 349, 624, -1, 0, 3.141592653589793, 1.0
231, 30, 425, 25, 422, 26, 3, -1, -0.3217505543966422, 3.1622776601683795
231, 31, 243, 333, 243, 333, 0, 0, 0.0, 0.0
231, 32, 1022, 53, 1024, 56, -2, -3, -2.158798930342464, 3.605551275463989
231, 33, 254, 386, 254, 387, 0, -1, -1.5707963267948966, 1.0
231, 34, 489, 329, 489, 331, 0, -2, -1.5707963267948966, 2.0
231, 35, 698, 192, 699, 196, -1, -4, -1.8157749899217608, 4.123105625617661
231, 36, 619, 211, 619, 208, 0, 3, 1.5707963267948966, 3.0
231, 37, 465, 304, 463, 308, 2, -4, -1.1071487177940904, 4.47213595499958
231, 38, 841, 46, 840, 47, 1, -1, -0.7853981633974483, 1.4142135623730951
231, 39, 678, 24, 679, 23, -1, 1, 2.356194490192345, 1.4142135623730951
231, 40, 686, 450, 685, 447, 1, 3, 1.2490457723982544, 3.1622776601683795
231, 41, 637, 17, 637, 16, 0, 1, 1.5707963267948966, 1.0
231, 42, 1259, 133, 1261, 136, -2, -3, -2.158798930342464, 3.605551275463989
231, 43, 693, 187, 694, 191, -1, -4, -1.8157749899217608, 4.123105625617661
231, 44, 631, 620, 632, 619, -1, 1, 2.356194490192345, 1.4142135623730951
231, 45, 818, 386, 818, 383, 0, 3, 1.5707963267948966, 3.0
231, 46, 389, 701, 391, 701, -2, 0, 3.141592653589793, 2.0
231, 47, 829, 21, 829, 22, 0, -1, -1.5707963267948966, 1.0
231, 48, 469, 309, 468, 313, 1, -4, -1.3258176636680326, 4.123105625617661
231, 49, 770, 10, 770, 11, 0, -1, -1.5707963267948966, 1.0
231, 50, 1218, 294, 1217, 292, 1, 2, 1.1071487177940904, 2.23606797749979
231, 51, 328, 364, 328, 365, 0, -1, -1.5707963267948966, 1.0
231, 52, 774, 19, 774, 20, 0, -1, -1.5707963267948966, 1.0
231, 53, 736, 106, 736, 110, 0, -4, -1.5707963267948966, 4.0
231, 54, 1230, 144, 1230, 143, 0, 1, 1.5707963267948966, 1.0
231, 55, 1226, 282, 1225, 280, 1, 2, 1.1071487177940904, 2.23606797749979
231, 56, 1000, 78, 1001, 82, -1, -4, -1.8157749899217608, 4.123105625617661
231, 57, 701, 452, 700, 448, 1, 4, 1.3258176636680326, 4.123105625617661
231, 58, 138, 579, 136, 576, 2, 3, 0.982793723247329, 3.605551275463989
231, 59, 838, 414, 838, 409, 0, 5, 1.5707963267948966, 5.0
231, 60, 832, 71, 831, 72, 1, -1, -0.7853981633974483, 1.4142135623730951
231, 61, 1186, 323, 1186, 319, 0, 4, 1.5707963267948966, 4.0
231, 62, 701, 259, 701, 264, 0, -5, -1.5707963267948966, 5.0
231, 63, 936, 99, 936, 100, 0, -1, -1.5707963267948966, 1.0
231, 64, 855, 175, 856, 180, -1, -5, -1.7681918866447774, 5.0990195135927845
231, 65, 679, 527, 679, 524, 0, 3, 1.5707963267948966, 3.0
231, 66, 708, 459, 707, 454, 1, 5, 1.373400766945016, 5.0990195135927845
231, 67, 509, 552, 510, 556, -1, -4, -1.8157749899217608, 4.123105625617661
231, 68, 543, 601, 544, 604, -1, -3, -1.892546881191539, 3.1622776601683795
231, 69, 703, 185, 704, 189, -1, -4, -1.8157749899217608, 4.123105625617661
231, 70, 632, 22, 632, 21, 0, 1, 1.5707963267948966, 1.0
231, 71, 814, 22, 814, 23, 0, -1, -1.5707963267948966, 1.0
231, 72, 330, 405, 330, 406, 0, -1, -1.5707963267948966, 1.0
231, 73, 817, 15, 817, 16, 0, -1, -1.5707963267948966, 1.0
231, 74, 1261, 571, 1261, 568, 0, 3, 1.5707963267948966, 3.0
231, 75, 287, 354, 287, 355, 0, -1, -1.5707963267948966, 1.0
231, 76, 1226, 243, 1226, 242, 0, 1, 1.5707963267948966, 1.0
231, 77, 672, 485, 671, 482, 1, 3, 1.2490457723982544, 3.1622776601683795
231, 78, 616, 296, 616, 297, 0, -1, -1.5707963267948966, 1.0
231, 79, 607, 267, 607, 264, 0, 3, 1.5707963267948966, 3.0
231, 80, 484, 225, 484, 229, 0, -4, -1.5707963267948966, 4.0
231, 81, 697, 441, 696, 437, 1, 4, 1.3258176636680326, 4.123105625617661
231, 82, 703, 572, 704, 568, -1, 4, 1.8157749899217608, 4.123105625617661
231, 83, 689, 442, 688, 438, 1, 4, 1.3258176636680326, 4.123105625617661
231, 84, 169, 148, 169, 147, 0, 1, 1.5707963267948966, 1.0
231, 85, 841, 252, 841, 254, 0, -2, -1.5707963267948966, 2.0
231, 86, 712, 136, 713, 140, -1, -4, -1.8157749899217608, 4.123105625617661
231, 87, 632, 89, 633, 89, -1, 0, 3.141592653589793, 1.0
231, 88, 644, 21, 644, 20, 0, 1, 1.5707963267948966, 1.0
231, 89, 148, 625, 146, 624, 2, 1, 0.4636476090008061, 2.23606797749979
231, 90, 846, 56, 845, 57, 1, -1, -0.7853981633974483, 1.4142135623730951
231, 91, 812, 474, 810, 471, 2, 3, 0.982793723247329, 3.605551275463989
231, 92, 932, 92, 932, 93, 0, -1, -1.5707963267948966, 1.0
231, 93, 315, 390, 316, 390, -1, 0, 3.141592653589793, 1.0
231, 94, 290, 308, 290, 309, 0, -1, -1.5707963267948966, 1.0
231, 95, 471, 243, 471, 246, 0, -3, -1.5707963267948966, 3.0
231, 96, 840, 430, 840, 428, 0, 2, 1.5707963267948966, 2.0
231, 97, 924, 93, 924, 94, 0, -1, -1.5707963267948966, 1.0
231, 98, 824, 382, 824, 378, 0, 4, 1.5707963267948966, 4.0
231, 99, 522, 521, 523, 528, -1, -7, -1.7126933813990606, 7.0710678118654755
231, 100, 107, 615, 106, 611, 1, 4, 1.3258176636680326, 4.123105625617661
231, 101, 824, 452, 824, 452, 0, 0, 0.0, 0.0
231, 102, 147, 147, 148, 145, -1, 2, 2.0344439357957027, 2.23606797749979
231, 103, 155, 597, 153, 595, 2, 2, 0.7853981633974483, 2.8284271247461903
231, 104, 1201, 343, 1201, 344, 0, -1, -1.5707963267948966, 1.0
231, 105, 611, 253, 611, 250, 0, 3, 1.5707963267948966, 3.0
231, 106, 1261, 577, 1261, 573, 0, 4, 1.5707963267948966, 4.0
231, 107, 774, 34, 774, 34, 0, 0, 0.0, 0.0
231, 108, 56, 158, 56, 159, 0, -1, -1.5707963267948966, 1.0
232, 0, 251, 325, 252, 325, -1, 0, 3.141592653589793, 1.0
232, 1, 171, 120, 171, 119, 0, 1, 1.5707963267948966, 1.0
232, 2, 850, 171, 851, 175, -1, -4, -1.8157749899217608, 4.123105625617661
232, 3, 1016, 47, 1018, 49, -2, -2, -2.356194490192345, 2.8284271247461903
232, 4, 373, 683, 374, 679, -1, 4, 1.8157749899217608, 4.123105625617661
232, 5, 765, 23, 765, 24, 0, -1, -1.5707963267948966, 1.0
232, 6, 253, 388, 253, 388, 0, 0, 0.0, 0.0
232, 7, 426, 16, 423, 17, 3, -1, -0.3217505543966422, 3.1622776601683795
232, 8, 830, 20, 830, 21, 0, -1, -1.5707963267948966, 1.0
232, 9, 1024, 90, 1026, 93, -2, -3, -2.158798930342464, 3.605551275463989
232, 10, 431, 79, 431, 79, 0, 0, 0.0, 0.0
232, 11, 503, 588, 504, 592, -1, -4, -1.8157749899217608, 4.123105625617661
232, 12, 121, 629, 120, 627, 1, 2, 1.1071487177940904, 2.23606797749979
232, 13, 258, 339, 259, 339, -1, 0, 3.141592653589793, 1.0
232, 14, 426, 63, 424, 63, 2, 0, 0.0, 2.0
232, 15, 461, 299, 459, 303, 2, -4, -1.1071487177940904, 4.47213595499958
232, 16, 839, 171, 840, 175, -1, -4, -1.8157749899217608, 4.123105625617661
232, 17, 480, 236, 480, 239, 0, -3, -1.5707963267948966, 3.0
232, 18, 304, 320, 304, 320, 0, 0, 0.0, 0.0
232, 19, 835, 392, 836, 388, -1, 4, 1.8157749899217608, 4.123105625617661
232, 20, 351, 685, 352, 681, -1, 4, 1.8157749899217608, 4.123105625617661
232, 21, 492, 236, 492, 240, 0, -4, -1.5707963267948966, 4.0
232, 22, 277, 337, 277, 337, 0, 0, 0.0, 0.0
232, 23, 699, 193, 700, 197, -1, -4, -1.8157749899217608, 4.123105625617661
232, 24, 465, 283, 465, 286, 0, -3, -1.5707963267948966, 3.0
232, 25, 1014, 56, 1016, 58, -2, -2, -2.356194490192345, 2.8284271247461903
232, 26, 330, 355, 330, 356, 0, -1, -1.5707963267948966, 1.0
232, 27, 149, 605, 148, 603, 1, 2, 1.1071487177940904, 2.23606797749979
232, 28, 828, 206, 828, 206, 0, 0, 0.0, 0.0
232, 29, 687, 452, 685, 449, 2, 3, 0.982793723247329, 3.605551275463989
232, 30, 542, 601, 542, 604, 0, -3, -1.5707963267948966, 3.0
232, 31, 349, 624, 350, 624, -1, 0, 3.141592653589793, 1.0
232, 32, 426, 75, 425, 74, 1, 1, 0.7853981633974483, 1.4142135623730951
232, 33, 546, 617, 546, 621, 0, -4, -1.5707963267948966, 4.0
232, 34, 425, 25, 422, 26, 3, -1, -0.3217505543966422, 3.1622776601683795
232, 35, 808, 411, 807, 408, 1, 3, 1.2490457723982544, 3.1622776601683795
232, 36, 678, 25, 679, 24, -1, 1, 2.356194490192345, 1.4142135623730951
232, 37, 818, 389, 818, 386, 0, 3, 1.5707963267948966, 3.0
232, 38, 140, 579, 139, 577, 1, 2, 1.1071487177940904, 2.23606797749979
232, 39, 28, 113, 29, 113, -1, 0, 3.141592653589793, 1.0
232, 40, 243, 334, 243, 334, 0, 0, 0.0, 0.0
232, 41, 838, 414, 838, 409, 0, 5, 1.5707963267948966, 5.0
232, 42, 1218, 294, 1217, 293, 1, 1, 0.7853981633974483, 1.4142135623730951
232, 43, 938, 18, 939, 18, -1, 0, 3.141592653589793, 1.0
232, 44, 619, 212, 619, 209, 0, 3, 1.5707963267948966, 3.0
232, 45, 488, 329, 488, 330, 0, -1, -1.5707963267948966, 1.0
232, 46, 632, 621, 632, 619, 0, 2, 1.5707963267948966, 2.0
232, 47, 694, 188, 695, 192, -1, -4, -1.8157749899217608, 4.123105625617661
232, 48, 479, 78, 479, 80, 0, -2, -1.5707963267948966, 2.0
232, 49, 1187, 324, 1186, 320, 1, 4, 1.3258176636680326, 4.123105625617661
232, 50, 329, 364, 329, 365, 0, -1, -1.5707963267948966, 1.0
232, 51, 847, 159, 848, 163, -1, -4, -1.8157749899217608, 4.123105625617661
232, 52, 796, 429, 797, 424, -1, 5, 1.7681918866447774, 5.0990195135927845
232, 53, 1226, 282, 1225, 280, 1, 2, 1.1071487177940904, 2.23606797749979
232, 54, 775, 20, 775, 21, 0, -1, -1.5707963267948966, 1.0
232, 55, 637, 17, 637, 16, 0, 1, 1.5707963267948966, 1.0
232, 56, 786, 44, 786, 44, 0, 0, 0.0, 0.0
232, 57, 286, 377, 286, 378, 0, -1, -1.5707963267948966, 1.0
232, 58, 832, 71, 831, 72, 1, -1, -0.7853981633974483, 1.4142135623730951
232, 59, 1231, 145, 1231, 143, 0, 2, 1.5707963267948966, 2.0
232, 60, 714, 135, 714, 139, 0, -4, -1.5707963267948966, 4.0
232, 61, 567, 9, 567, 11, 0, -2, -1.5707963267948966, 2.0
232, 62, 470, 308, 469, 312, 1, -4, -1.3258176636680326, 4.123105625617661
232, 63, 1000, 76, 1001, 80, -1, -4, -1.8157749899217608, 4.123105625617661
232, 64, 1024, 55, 1026, 58, -2, -3, -2.158798930342464, 3.605551275463989
232, 65, 736, 108, 736, 111, 0, -3, -1.5707963267948966, 3.0
232, 66, 50, 151, 51, 151, -1, 0, 3.141592653589793, 1.0
232, 67, 936, 100, 936, 101, 0, -1, -1.5707963267948966, 1.0
232, 68, 474, 313, 474, 317, 0, -4, -1.5707963267948966, 4.0
232, 69, 708, 460, 707, 456, 1, 4, 1.3258176636680326, 4.123105625617661
232, 70, 401, 701, 405, 715, -4, -14, -1.849095985800008, 14.560219778561036
232, 71, 841, 251, 842, 253, -1, -2, -2.0344439357957027, 2.23606797749979
232, 72, 153, 639, 151, 638, 2, 1, 0.4636476090008061, 2.23606797749979
232, 73, 643, 22, 643, 21, 0, 1, 1.5707963267948966, 1.0
232, 74, 703, 455, 702, 451, 1, 4, 1.3258176636680326, 4.123105625617661
232, 75, 1261, 579, 1273, 574, -12, 5, 2.746801533890032, 13.0
232, 76, 769, 12, 770, 12, -1, 0, 3.141592653589793, 1.0
232, 77, 842, 432, 841, 430, 1, 2, 1.1071487177940904, 2.23606797749979
232, 78, 169, 148, 169, 147, 0, 1, 1.5707963267948966, 1.0
232, 79, 814, 23, 814, 24, 0, -1, -1.5707963267948966, 1.0
232, 80, 1227, 244, 1227, 243, 0, 1, 1.5707963267948966, 1.0
232, 81, 823, 456, 822, 456, 1, 0, 0.0, 1.0
232, 82, 107, 614, 106, 612, 1, 2, 1.1071487177940904, 2.23606797749979
232, 83, 672, 487, 671, 484, 1, 3, 1.2490457723982544, 3.1622776601683795
232, 84, 840, 47, 840, 48, 0, -1, -1.5707963267948966, 1.0
232, 85, 833, 177, 834, 181, -1, -4, -1.8157749899217608, 4.123105625617661
232, 86, 697, 442, 696, 439, 1, 3, 1.2490457723982544, 3.1622776601683795
232, 87, 846, 57, 846, 58, 0, -1, -1.5707963267948966, 1.0
232, 88, 510, 581, 511, 585, -1, -4, -1.8157749899217608, 4.123105625617661
232, 89, 343, 605, 344, 601, -1, 4, 1.8157749899217608, 4.123105625617661
232, 90, 153, 146, 153, 144, 0, 2, 1.5707963267948966, 2.0
232, 91, 690, 443, 689, 440, 1, 3, 1.2490457723982544, 3.1622776601683795
232, 92, 1009, 99, 1010, 102, -1, -3, -1.892546881191539, 3.1622776601683795
232, 93, 1225, 182, 1225, 181, 0, 1, 1.5707963267948966, 1.0
232, 94, 616, 298, 616, 298, 0, 0, 0.0, 0.0
232, 95, 291, 310, 291, 310, 0, 0, 0.0, 0.0
232, 96, 703, 185, 704, 189, -1, -4, -1.8157749899217608, 4.123105625617661
232, 97, 266, 337, 267, 337, -1, 0, 3.141592653589793, 1.0
232, 98, 679, 527, 679, 524, 0, 3, 1.5707963267948966, 3.0
232, 99, 633, 89, 634, 89, -1, 0, 3.141592653589793, 1.0
232, 100, 856, 176, 857, 180, -1, -4, -1.8157749899217608, 4.123105625617661
232, 101, 1259, 132, 1261, 135, -2, -3, -2.158798930342464, 3.605551275463989
232, 102, 510, 277, 511, 284, -1, -7, -1.7126933813990606, 7.0710678118654755
232, 103, 55, 159, 55, 160, 0, -1, -1.5707963267948966, 1.0
232, 104, 815, 47, 815, 49, 0, -2, -1.5707963267948966, 2.0
232, 105, 558, 43, 558, 45, 0, -2, -1.5707963267948966, 2.0
232, 106, 158, 600, 156, 598, 2, 2, 0.7853981633974483, 2.8284271247461903
232, 107, 632, 23, 632, 22, 0, 1, 1.5707963267948966, 1.0
232, 108, 1005, 127, 1007, 128, -2, -1, -2.677945044588987, 2.23606797749979
232, 109, 521, 523, 523, 529, -2, -6, -1.892546881191539, 6.324555320336759
232, 110, 484, 226, 485, 229, -1, -3, -1.892546881191539, 3.1622776601683795
232, 111, 146, 104, 147, 103, -1, 1, 2.356194490192345, 1.4142135623730951
232, 112, 510, 549, 511, 553, -1, -4, -1.8157749899217608, 4.123105625617661
232, 113, 262, 377, 262, 378, 0, -1, -1.5707963267948966, 1.0
232, 114, 664, 671, 664, 671, 0, 0, 0.0, 0.0
232, 115, 64, 23, 64, 23, 0, 0, 0.0, 0.0
233, 0, 249, 324, 251, 325, -2, -1, -2.677945044588987, 2.23606797749979
233, 1, 171, 122, 171, 120, 0, 2, 1.5707963267948966, 2.0
233, 2, 848, 166, 850, 171, -2, -5, -1.9513027039072615, 5.385164807134504
233, 3, 1012, 44, 1016, 47, -4, -3, -2.498091544796509, 5.0
233, 4, 370, 687, 373, 683, -3, 4, 2.214297435588181, 5.0
233, 5, 765, 22, 765, 23, 0, -1, -1.5707963267948966, 1.0
233, 6, 429, 16, 426, 16, 3, 0, 0.0, 3.0
233, 7, 831, 18, 830, 20, 1, -2, -1.1071487177940904, 2.23606797749979
233, 8, 1022, 86, 1024, 90, -2, -4, -2.0344439357957027, 4.47213595499958
233, 9, 432, 79, 431, 79, 1, 0, 0.0, 1.0
233, 10, 502, 583, 503, 588, -1, -5, -1.7681918866447774, 5.0990195135927845
233, 11, 120, 630, 121, 629, -1, 1, 2.356194490192345, 1.4142135623730951
233, 12, 428, 62, 426, 63, 2, -1, -0.4636476090008061, 2.23606797749979
233, 13, 464, 296, 461, 299, 3, -3, -0.7853981633974483, 4.242640687119285
233, 14, 837, 167, 839, 171, -2, -4, -2.0344439357957027, 4.47213595499958
233, 15, 480, 231, 480, 236, 0, -5, -1.5707963267948966, 5.0
233, 16, 304, 319, 304, 320, 0, -1, -1.5707963267948966, 1.0
233, 17, 833, 395, 835, 392, -2, 3, 2.158798930342464, 3.605551275463989
233, 18, 351, 688, 351, 685, 0, 3, 1.5707963267948966, 3.0
233, 19, 492, 232, 492, 236, 0, -4, -1.5707963267948966, 4.0
233, 20, 277, 336, 277, 337, 0, -1, -1.5707963267948966, 1.0
233, 21, 698, 189, 699, 193, -1, -4, -1.8157749899217608, 4.123105625617661
233, 22, 466, 280, 465, 283, 1, -3, -1.2490457723982544, 3.1622776601683795
233, 23, 1010, 54, 1014, 56, -4, -2, -2.677945044588987, 4.47213595499958
233, 24, 150, 607, 149, 605, 1, 2, 1.1071487177940904, 2.23606797749979
233, 25, 827, 207, 828, 206, -1, 1, 2.356194490192345, 1.4142135623730951
233, 26, 689, 454, 687, 452, 2, 2, 0.7853981633974483, 2.8284271247461903
233, 27, 542, 597, 542, 601, 0, -4, -1.5707963267948966, 4.0
233, 28, 348, 625, 349, 624, -1, 1, 2.356194490192345, 1.4142135623730951
233, 29, 427, 75, 426, 75, 1, 0, 0.0, 1.0
233, 30, 545, 614, 546, 617, -1, -3, -1.892546881191539, 3.1622776601683795
233, 31, 428, 24, 425, 25, 3, -1, -0.3217505543966422, 3.1622776601683795
233, 32, 809, 415, 808, 411, 1, 4, 1.3258176636680326, 4.123105625617661
233, 33, 678, 26, 678, 25, 0, 1, 1.5707963267948966, 1.0
233, 34, 818, 392, 818, 389, 0, 3, 1.5707963267948966, 3.0
233, 35, 139, 580, 140, 579, -1, 1, 2.356194490192345, 1.4142135623730951
233, 36, 242, 334, 243, 334, -1, 0, 3.141592653589793, 1.0
233, 37, 837, 420, 838, 414, -1, 6, 1.7359450042095235, 6.082762530298219
233, 38, 1220, 298, 1218, 294, 2, 4, 1.1071487177940904, 4.47213595499958
233, 39, 938, 17, 938, 18, 0, -1, -1.5707963267948966, 1.0
233, 40, 620, 216, 619, 212, 1, 4, 1.3258176636680326, 4.123105625617661
233, 41, 488, 327, 488, 329, 0, -2, -1.5707963267948966, 2.0
233, 42, 631, 624, 632, 621, -1, 3, 1.892546881191539, 3.1622776601683795
233, 43, 694, 184, 694, 188, 0, -4, -1.5707963267948966, 4.0
233, 44, 478, 76, 479, 78, -1, -2, -2.0344439357957027, 2.23606797749979
233, 45, 1188, 324, 1187, 324, 1, 0, 0.0, 1.0
233, 46, 845, 154, 847, 159, -2, -5, -1.9513027039072615, 5.385164807134504
233, 47, 797, 433, 796, 429, 1, 4, 1.3258176636680326, 4.123105625617661
233, 48, 1227, 285, 1226, 282, 1, 3, 1.2490457723982544, 3.1622776601683795
233, 49, 775, 19, 775, 20, 0, -1, -1.5707963267948966, 1.0
233, 50, 637, 19, 637, 17, 0, 2, 1.5707963267948966, 2.0
233, 51, 785, 44, 786, 44, -1, 0, 3.141592653589793, 1.0
233, 52, 834, 69, 832, 71, 2, -2, -0.7853981633974483, 2.8284271247461903
233, 53, 1231, 147, 1231, 145, 0, 2, 1.5707963267948966, 2.0
233, 54, 714, 130, 714, 135, 0, -5, -1.5707963267948966, 5.0
233, 55, 471, 305, 470, 308, 1, -3, -1.2490457723982544, 3.1622776601683795
233, 56, 997, 73, 1000, 76, -3, -3, -2.356194490192345, 4.242640687119285
233, 57, 1020, 52, 1024, 55, -4, -3, -2.498091544796509, 5.0
233, 58, 736, 103, 736, 108, 0, -5, -1.5707963267948966, 5.0
233, 59, 475, 310, 474, 313, 1, -3, -1.2490457723982544, 3.1622776601683795
233, 60, 709, 464, 708, 460, 1, 4, 1.3258176636680326, 4.123105625617661
233, 61, 399, 701, 401, 701, -2, 0, 3.141592653589793, 2.0
233, 62, 840, 249, 841, 251, -1, -2, -2.0344439357957027, 2.23606797749979
233, 63, 155, 643, 153, 639, 2, 4, 1.1071487177940904, 4.47213595499958
233, 64, 643, 25, 643, 22, 0, 3, 1.5707963267948966, 3.0
233, 65, 704, 458, 703, 455, 1, 3, 1.2490457723982544, 3.1622776601683795
233, 66, 1261, 588, 1261, 579, 0, 9, 1.5707963267948966, 9.0
233, 67, 769, 11, 769, 12, 0, -1, -1.5707963267948966, 1.0
233, 68, 843, 434, 842, 432, 1, 2, 1.1071487177940904, 2.23606797749979
233, 69, 168, 149, 169, 148, -1, 1, 2.356194490192345, 1.4142135623730951
233, 70, 1228, 248, 1227, 244, 1, 4, 1.3258176636680326, 4.123105625617661
233, 71, 824, 456, 823, 456, 1, 0, 0.0, 1.0
233, 72, 108, 613, 107, 614, 1, -1, -0.7853981633974483, 1.4142135623730951
233, 73, 673, 489, 672, 487, 1, 2, 1.1071487177940904, 2.23606797749979
233, 74, 842, 45, 840, 47, 2, -2, -0.7853981633974483, 2.8284271247461903
233, 75, 832, 173, 833, 177, -1, -4, -1.8157749899217608, 4.123105625617661
233, 76, 698, 445, 697, 442, 1, 3, 1.2490457723982544, 3.1622776601683795
233, 77, 848, 56, 846, 57, 2, -1, -0.4636476090008061, 2.23606797749979
233, 78, 509, 577, 510, 581, -1, -4, -1.8157749899217608, 4.123105625617661
233, 79, 342, 607, 343, 605, -1, 2, 2.0344439357957027, 2.23606797749979
233, 80, 152, 150, 153, 146, -1, 4, 1.8157749899217608, 4.123105625617661
233, 81, 691, 446, 690, 443, 1, 3, 1.2490457723982544, 3.1622776601683795
233, 82, 1006, 96, 1009, 99, -3, -3, -2.356194490192345, 4.242640687119285
233, 83, 1226, 185, 1225, 182, 1, 3, 1.2490457723982544, 3.1622776601683795
233, 84, 615, 298, 616, 298, -1, 0, 3.141592653589793, 1.0
233, 85, 291, 309, 291, 310, 0, -1, -1.5707963267948966, 1.0
233, 86, 703, 181, 703, 185, 0, -4, -1.5707963267948966, 4.0
233, 87, 677, 529, 679, 527, -2, 2, 2.356194490192345, 2.8284271247461903
233, 88, 633, 89, 633, 89, 0, 0, 0.0, 0.0
233, 89, 855, 171, 856, 176, -1, -5, -1.7681918866447774, 5.0990195135927845
233, 90, 1256, 129, 1259, 132, -3, -3, -2.356194490192345, 4.242640687119285
233, 91, 510, 272, 510, 277, 0, -5, -1.5707963267948966, 5.0
233, 92, 815, 45, 815, 47, 0, -2, -1.5707963267948966, 2.0
233, 93, 557, 41, 558, 43, -1, -2, -2.0344439357957027, 2.23606797749979
233, 94, 160, 601, 158, 600, 2, 1, 0.4636476090008061, 2.23606797749979
233, 95, 632, 26, 632, 23, 0, 3, 1.5707963267948966, 3.0
233, 96, 519, 515, 521, 523, -2, -8, -1.8157749899217608, 8.246211251235321
233, 97, 484, 221, 484, 226, 0, -5, -1.5707963267948966, 5.0
233, 98, 145, 107, 146, 104, -1, 3, 1.892546881191539, 3.1622776601683795
233, 99, 509, 544, 510, 549, -1, -5, -1.7681918866447774, 5.0990195135927845
233, 100, 262, 376, 262, 377, 0, -1, -1.5707963267948966, 1.0
233, 101, 664, 671, 664, 671, 0, 0, 0.0, 0.0
233, 102, 65, 24, 64, 23, 1, 1, 0.7853981633974483, 1.4142135623730951
234, 0, 850, 168, 851, 170, -1, -2, -2.0344439357957027, 2.23606797749979
234, 1, 171, 122, 171, 121, 0, 1, 1.5707963267948966, 1.0
234, 2, 117, 638, 115, 637, 2, 1, 0.4636476090008061, 2.23606797749979
234, 3, 152, 584, 151, 582, 1, 2, 1.1071487177940904, 2.23606797749979
234, 4, 764, 23, 764, 24, 0, -1, -1.5707963267948966, 1.0
234, 5, 1010, 47, 1013, 48, -3, -1, -2.819842099193151, 3.1622776601683795
234, 6, 247, 328, 248, 328, -1, 0, 3.141592653589793, 1.0
234, 7, 431, 17, 428, 17, 3, 0, 0.0, 3.0
234, 8, 254, 387, 254, 388, 0, -1, -1.5707963267948966, 1.0
234, 9, 839, 169, 840, 171, -1, -2, -2.0344439357957027, 2.23606797749979
234, 10, 1010, 54, 1013, 55, -3, -1, -2.819842099193151, 3.1622776601683795
234, 11, 833, 24, 833, 25, 0, -1, -1.5707963267948966, 1.0
234, 12, 502, 585, 503, 588, -1, -3, -1.892546881191539, 3.1622776601683795
234, 13, 713, 126, 713, 130, 0, -4, -1.5707963267948966, 4.0
234, 14, 548, 595, 548, 600, 0, -5, -1.5707963267948966, 5.0
234, 15, 371, 690, 373, 686, -2, 4, 2.0344439357957027, 4.47213595499958
234, 16, 1018, 44, 1021, 46, -3, -2, -2.5535900500422257, 3.605551275463989
234, 17, 463, 294, 462, 298, 1, -4, -1.3258176636680326, 4.123105625617661
234, 18, 351, 693, 352, 689, -1, 4, 1.8157749899217608, 4.123105625617661
234, 19, 833, 70, 832, 71, 1, -1, -0.7853981633974483, 1.4142135623730951
234, 20, 480, 234, 480, 236, 0, -2, -1.5707963267948966, 2.0
234, 21, 492, 232, 492, 235, 0, -3, -1.5707963267948966, 3.0
234, 22, 999, 72, 1001, 74, -2, -2, -2.356194490192345, 2.8284271247461903
234, 23, 304, 319, 304, 320, 0, -1, -1.5707963267948966, 1.0
234, 24, 277, 337, 277, 338, 0, -1, -1.5707963267948966, 1.0
234, 25, 330, 354, 330, 355, 0, -1, -1.5707963267948966, 1.0
234, 26, 429, 26, 426, 26, 3, 0, 0.0, 3.0
234, 27, 435, 76, 435, 77, 0, -1, -1.5707963267948966, 1.0
234, 28, 835, 399, 836, 396, -1, 3, 1.892546881191539, 3.1622776601683795
234, 29, 841, 251, 842, 253, -1, -2, -2.0344439357957027, 2.23606797749979
234, 30, 338, 629, 338, 626, 0, 3, 1.5707963267948966, 3.0
234, 31, 807, 422, 807, 417, 0, 5, 1.5707963267948966, 5.0
234, 32, 243, 335, 243, 335, 0, 0, 0.0, 0.0
234, 33, 699, 187, 700, 191, -1, -4, -1.8157749899217608, 4.123105625617661
234, 34, 621, 217, 621, 214, 0, 3, 1.5707963267948966, 3.0
234, 35, 845, 157, 846, 159, -1, -2, -2.0344439357957027, 2.23606797749979
234, 36, 678, 25, 679, 25, -1, 0, 3.141592653589793, 1.0
234, 37, 690, 460, 688, 457, 2, 3, 0.982793723247329, 3.605551275463989
234, 38, 817, 398, 818, 394, -1, 4, 1.8157749899217608, 4.123105625617661
234, 39, 629, 627, 630, 623, -1, 4, 1.8157749899217608, 4.123105625617661
234, 40, 693, 182, 694, 186, -1, -4, -1.8157749899217608, 4.123105625617661
234, 41, 638, 20, 638, 19, 0, 1, 1.5707963267948966, 1.0
234, 42, 479, 311, 478, 314, 1, -3, -1.2490457723982544, 3.1622776601683795
234, 43, 798, 437, 797, 433, 1, 4, 1.3258176636680326, 4.123105625617661
234, 44, 479, 79, 479, 80, 0, -1, -1.5707963267948966, 1.0
234, 45, 706, 463, 705, 459, 1, 4, 1.3258176636680326, 4.123105625617661
234, 46, 506, 262, 507, 268, -1, -6, -1.7359450042095235, 6.082762530298219
234, 47, 499, 37, 499, 39, 0, -2, -1.5707963267948966, 2.0
234, 48, 775, 21, 775, 21, 0, 0, 0.0, 0.0
234, 49, 711, 469, 710, 465, 1, 4, 1.3258176636680326, 4.123105625617661
234, 50, 1227, 183, 1226, 183, 1, 0, 0.0, 1.0
234, 51, 169, 147, 169, 147, 0, 0, 0.0, 0.0
234, 52, 998, 119, 1000, 121, -2, -2, -2.356194490192345, 2.8284271247461903
234, 53, 786, 47, 787, 47, -1, 0, 3.141592653589793, 1.0
234, 54, 149, 133, 149, 131, 0, 2, 1.5707963267948966, 2.0
234, 55, 508, 542, 509, 546, -1, -4, -1.8157749899217608, 4.123105625617661
234, 56, 662, 675, 662, 675, 0, 0, 0.0, 0.0
234, 57, 485, 222, 485, 225, 0, -3, -1.5707963267948966, 3.0
234, 58, 468, 277, 467, 280, 1, -3, -1.2490457723982544, 3.1622776601683795
234, 59, 474, 305, 473, 309, 1, -4, -1.3258176636680326, 4.123105625617661
234, 60, 156, 616, 154, 614, 2, 2, 0.7853981633974483, 2.8284271247461903
234, 61, 490, 327, 490, 328, 0, -1, -1.5707963267948966, 1.0
234, 62, 832, 176, 833, 178, -1, -2, -2.0344439357957027, 2.23606797749979
234, 63, 1219, 297, 1219, 295, 0, 2, 1.5707963267948966, 2.0
234, 64, 1227, 285, 1227, 283, 0, 2, 1.5707963267948966, 2.0
234, 65, 726, 178, 726, 180, 0, -2, -1.5707963267948966, 2.0
234, 66, 838, 420, 839, 417, -1, 3, 1.892546881191539, 3.1622776601683795
234, 67, 246, 403, 246, 404, 0, -1, -1.5707963267948966, 1.0
234, 68, 769, 12, 770, 12, -1, 0, 3.141592653589793, 1.0
234, 69, 1255, 129, 1257, 131, -2, -2, -2.356194490192345, 2.8284271247461903
234, 70, 1021, 53, 1024, 55, -3, -2, -2.5535900500422257, 3.605551275463989
234, 71, 1231, 146, 1231, 146, 0, 0, 0.0, 0.0
234, 72, 701, 452, 700, 448, 1, 4, 1.3258176636680326, 4.123105625617661
234, 73, 813, 23, 813, 24, 0, -1, -1.5707963267948966, 1.0
234, 74, 262, 378, 262, 379, 0, -1, -1.5707963267948966, 1.0
234, 75, 674, 496, 673, 492, 1, 4, 1.3258176636680326, 4.123105625617661
234, 76, 164, 608, 163, 607, 1, 1, 0.7853981633974483, 1.4142135623730951
234, 77, 350, 625, 350, 624, 0, 1, 1.5707963267948966, 1.0
234, 78, 843, 46, 842, 47, 1, -1, -0.7853981633974483, 1.4142135623730951
234, 79, 694, 452, 692, 448, 2, 4, 1.1071487177940904, 4.47213595499958
234, 80, 145, 588, 144, 586, 1, 2, 1.1071487177940904, 2.23606797749979
234, 81, 558, 43, 558, 44, 0, -1, -1.5707963267948966, 1.0
234, 82, 291, 309, 291, 310, 0, -1, -1.5707963267948966, 1.0
234, 83, 734, 106, 735, 108, -1, -2, -2.0344439357957027, 2.23606797749979
234, 84, 681, 536, 681, 533, 0, 3, 1.5707963267948966, 3.0
234, 85, 779, 45, 780, 45, -1, 0, 3.141592653589793, 1.0
234, 86, 644, 24, 644, 23, 0, 1, 1.5707963267948966, 1.0
234, 87, 849, 56, 848, 57, 1, -1, -0.7853981633974483, 1.4142135623730951
234, 88, 834, 239, 835, 243, -1, -4, -1.8157749899217608, 4.123105625617661
234, 89, 616, 297, 616, 298, 0, -1, -1.5707963267948966, 1.0
234, 90, 689, 543, 689, 542, 0, 1, 1.5707963267948966, 1.0
234, 91, 159, 660, 159, 657, 0, 3, 1.5707963267948966, 3.0
234, 92, 1228, 248, 1228, 246, 0, 2, 1.5707963267948966, 2.0
234, 93, 932, 93, 932, 94, 0, -1, -1.5707963267948966, 1.0
234, 94, 717, 516, 716, 513, 1, 3, 1.2490457723982544, 3.1622776601683795
234, 95, 843, 442, 843, 439, 0, 3, 1.5707963267948966, 3.0
234, 96, 501, 240, 501, 243, 0, -3, -1.5707963267948966, 3.0
234, 97, 55, 160, 56, 160, -1, 0, 3.141592653589793, 1.0
234, 98, 1256, 154, 1257, 153, -1, 1, 2.356194490192345, 1.4142135623730951
234, 99, 149, 149, 149, 148, 0, 1, 1.5707963267948966, 1.0
234, 100, 519, 515, 521, 520, -2, -5, -1.9513027039072615, 5.385164807134504
234, 101, 530, 629, 530, 631, 0, -2, -1.5707963267948966, 2.0
234, 102, 855, 174, 856, 176, -1, -2, -2.0344439357957027, 2.23606797749979
234, 103, 924, 94, 924, 95, 0, -1, -1.5707963267948966, 1.0
234, 104, 822, 391, 823, 387, -1, 4, 1.8157749899217608, 4.123105625617661
234, 105, 358, 577, 359, 573, -1, 4, 1.8157749899217608, 4.123105625617661
234, 106, 1200, 345, 1201, 345, -1, 0, 3.141592653589793, 1.0
234, 107, 684, 653, 684, 650, 0, 3, 1.5707963267948966, 3.0
234, 108, 826, 212, 826, 212, 0, 0, 0.0, 0.0
234, 109, 702, 169, 702, 173, 0, -4, -1.5707963267948966, 4.0
234, 110, 704, 180, 704, 184, 0, -4, -1.5707963267948966, 4.0
234, 111, 632, 89, 633, 89, -1, 0, 3.141592653589793, 1.0
234, 112, 844, 74, 843, 76, 1, -2, -1.1071487177940904, 2.23606797749979
234, 113, 147, 106, 147, 105, 0, 1, 1.5707963267948966, 1.0
234, 114, 267, 324, 267, 324, 0, 0, 0.0, 0.0
234, 115, 701, 253, 701, 255, 0, -2, -1.5707963267948966, 2.0
234, 116, 263, 390, 263, 391, 0, -1, -1.5707963267948966, 1.0
234, 117, 814, 482, 814, 482, 0, 0, 0.0, 0.0
234, 118, 825, 455, 825, 453, 0, 2, 1.5707963267948966, 2.0
234, 119, 51, 150, 51, 151, 0, -1, -1.5707963267948966, 1.0
234, 120, 138, 634, 137, 632, 1, 2, 1.1071487177940904, 2.23606797749979
234, 121, 742, 139, 742, 140, 0, -1, -1.5707963267948966, 1.0
235, 0, 849, 165, 850, 168, -1, -3, -1.892546881191539, 3.1622776601683795
235, 1, 171, 123, 171, 122, 0, 1, 1.5707963267948966, 1.0
235, 2, 119, 639, 117, 638, 2, 1, 0.4636476090008061, 2.23606797749979
235, 3, 153, 586, 152, 584, 1, 2, 1.1071487177940904, 2.23606797749979
235, 4, 1007, 46, 1010, 47, -3, -1, -2.819842099193151, 3.1622776601683795
235, 5, 434, 17, 431, 17, 3, 0, 0.0, 3.0
235, 6, 254, 386, 254, 387, 0, -1, -1.5707963267948966, 1.0
235, 7, 838, 166, 839, 169, -1, -3, -1.892546881191539, 3.1622776601683795
235, 8, 1007, 53, 1010, 54, -3, -1, -2.819842099193151, 3.1622776601683795
235, 9, 834, 22, 833, 24, 1, -2, -1.1071487177940904, 2.23606797749979
235, 10, 501, 582, 502, 585, -1, -3, -1.892546881191539, 3.1622776601683795
235, 11, 713, 123, 713, 126, 0, -3, -1.5707963267948966, 3.0
235, 12, 547, 590, 548, 595, -1, -5, -1.7681918866447774, 5.0990195135927845
235, 13, 369, 694, 371, 690, -2, 4, 2.0344439357957027, 4.47213595499958
235, 14, 1015, 43, 1018, 44, -3, -1, -2.819842099193151, 3.1622776601683795
235, 15, 464, 290, 463, 294, 1, -4, -1.3258176636680326, 4.123105625617661
235, 16, 350, 697, 351, 693, -1, 4, 1.8157749899217608, 4.123105625617661
235, 17, 834, 68, 833, 70, 1, -2, -1.1071487177940904, 2.23606797749979
235, 18, 480, 231, 480, 234, 0, -3, -1.5707963267948966, 3.0
235, 19, 492, 229, 492, 232, 0, -3, -1.5707963267948966, 3.0
235, 20, 997, 70, 999, 72, -2, -2, -2.356194490192345, 2.8284271247461903
235, 21, 330, 353, 330, 354, 0, -1, -1.5707963267948966, 1.0
235, 22, 432, 26, 429, 26, 3, 0, 0.0, 3.0
235, 23, 436, 75, 435, 76, 1, -1, -0.7853981633974483, 1.4142135623730951
235, 24, 835, 401, 835, 399, 0, 2, 1.5707963267948966, 2.0
235, 25, 841, 250, 841, 251, 0, -1, -1.5707963267948966, 1.0
235, 26, 337, 632, 338, 629, -1, 3, 1.892546881191539, 3.1622776601683795
235, 27, 808, 426, 807, 422, 1, 4, 1.3258176636680326, 4.123105625617661
235, 28, 242, 335, 243, 335, -1, 0, 3.141592653589793, 1.0
235, 29, 698, 183, 699, 187, -1, -4, -1.8157749899217608, 4.123105625617661
235, 30, 622, 219, 621, 217, 1, 2, 1.1071487177940904, 2.23606797749979
235, 31, 844, 154, 845, 157, -1, -3, -1.892546881191539, 3.1622776601683795
235, 32, 677, 25, 678, 25, -1, 0, 3.141592653589793, 1.0
235, 33, 691, 463, 690, 460, 1, 3, 1.2490457723982544, 3.1622776601683795
235, 34, 817, 401, 817, 398, 0, 3, 1.5707963267948966, 3.0
235, 35, 628, 630, 629, 627, -1, 3, 1.892546881191539, 3.1622776601683795
235, 36, 693, 178, 693, 182, 0, -4, -1.5707963267948966, 4.0
235, 37, 638, 20, 638, 20, 0, 0, 0.0, 0.0
235, 38, 481, 308, 479, 311, 2, -3, -0.982793723247329, 3.605551275463989
235, 39, 799, 441, 798, 437, 1, 4, 1.3258176636680326, 4.123105625617661
235, 40, 479, 78, 479, 79, 0, -1, -1.5707963267948966, 1.0
235, 41, 707, 467, 706, 463, 1, 4, 1.3258176636680326, 4.123105625617661
235, 42, 505, 257, 506, 262, -1, -5, -1.7681918866447774, 5.0990195135927845
235, 43, 499, 35, 499, 37, 0, -2, -1.5707963267948966, 2.0
235, 44, 774, 21, 775, 21, -1, 0, 3.141592653589793, 1.0
235, 45, 712, 472, 711, 469, 1, 3, 1.2490457723982544, 3.1622776601683795
235, 46, 1228, 184, 1227, 183, 1, 1, 0.7853981633974483, 1.4142135623730951
235, 47, 995, 114, 998, 119, -3, -5, -2.1112158270654806, 5.830951894845301
235, 48, 785, 47, 786, 47, -1, 0, 3.141592653589793, 1.0
235, 49, 149, 135, 149, 133, 0, 2, 1.5707963267948966, 2.0
235, 50, 507, 538, 508, 542, -1, -4, -1.8157749899217608, 4.123105625617661
235, 51, 485, 219, 485, 222, 0, -3, -1.5707963267948966, 3.0
235, 52, 469, 273, 468, 277, 1, -4, -1.3258176636680326, 4.123105625617661
235, 53, 476, 301, 474, 305, 2, -4, -1.1071487177940904, 4.47213595499958
235, 54, 157, 618, 156, 616, 1, 2, 1.1071487177940904, 2.23606797749979
235, 55, 490, 326, 490, 327, 0, -1, -1.5707963267948966, 1.0
235, 56, 831, 173, 832, 176, -1, -3, -1.892546881191539, 3.1622776601683795
235, 57, 1219, 299, 1219, 297, 0, 2, 1.5707963267948966, 2.0
235, 58, 1227, 287, 1227, 285, 0, 2, 1.5707963267948966, 2.0
235, 59, 726, 176, 726, 178, 0, -2, -1.5707963267948966, 2.0
235, 60, 838, 422, 838, 420, 0, 2, 1.5707963267948966, 2.0
235, 61, 246, 402, 246, 403, 0, -1, -1.5707963267948966, 1.0
235, 62, 769, 11, 769, 12, 0, -1, -1.5707963267948966, 1.0
235, 63, 1252, 128, 1255, 129, -3, -1, -2.819842099193151, 3.1622776601683795
235, 64, 1018, 51, 1021, 53, -3, -2, -2.5535900500422257, 3.605551275463989
235, 65, 1231, 146, 1231, 146, 0, 0, 0.0, 0.0
235, 66, 702, 456, 701, 452, 1, 4, 1.3258176636680326, 4.123105625617661
235, 67, 262, 377, 262, 378, 0, -1, -1.5707963267948966, 1.0
235, 68, 675, 500, 674, 496, 1, 4, 1.3258176636680326, 4.123105625617661
235, 69, 165, 609, 164, 608, 1, 1, 0.7853981633974483, 1.4142135623730951
235, 70, 349, 625, 350, 625, -1, 0, 3.141592653589793, 1.0
235, 71, 845, 45, 843, 46, 2, -1, -0.4636476090008061, 2.23606797749979
235, 72, 695, 455, 694, 452, 1, 3, 1.2490457723982544, 3.1622776601683795
235, 73, 146, 590, 145, 588, 1, 2, 1.1071487177940904, 2.23606797749979
235, 74, 558, 43, 558, 43, 0, 0, 0.0, 0.0
235, 75, 734, 104, 734, 106, 0, -2, -1.5707963267948966, 2.0
235, 76, 681, 538, 681, 536, 0, 2, 1.5707963267948966, 2.0
235, 77, 778, 45, 779, 45, -1, 0, 3.141592653589793, 1.0
235, 78, 644, 24, 644, 24, 0, 0, 0.0, 0.0
235, 79, 850, 55, 849, 56, 1, -1, -0.7853981633974483, 1.4142135623730951
235, 80, 834, 235, 834, 239, 0, -4, -1.5707963267948966, 4.0
235, 81, 690, 544, 689, 543, 1, 1, 0.7853981633974483, 1.4142135623730951
235, 82, 159, 662, 159, 660, 0, 2, 1.5707963267948966, 2.0
235, 83, 1228, 250, 1228, 248, 0, 2, 1.5707963267948966, 2.0
235, 84, 718, 520, 717, 516, 1, 4, 1.3258176636680326, 4.123105625617661
235, 85, 844, 445, 843, 442, 1, 3, 1.2490457723982544, 3.1622776601683795
235, 86, 501, 237, 501, 240, 0, -3, -1.5707963267948966, 3.0
235, 87, 1254, 154, 1256, 154, -2, 0, 3.141592653589793, 2.0
235, 88, 149, 150, 149, 149, 0, 1, 1.5707963267948966, 1.0
235, 89, 517, 510, 519, 515, -2, -5, -1.9513027039072615, 5.385164807134504
235, 90, 854, 172, 855, 174, -1, -2, -2.0344439357957027, 2.23606797749979
235, 91, 822, 394, 822, 391, 0, 3, 1.5707963267948966, 3.0
235, 92, 357, 580, 358, 577, -1, 3, 1.892546881191539, 3.1622776601683795
235, 93, 1201, 346, 1200, 345, 1, 1, 0.7853981633974483, 1.4142135623730951
235, 94, 684, 656, 684, 653, 0, 3, 1.5707963267948966, 3.0
235, 95, 826, 211, 826, 212, 0, -1, -1.5707963267948966, 1.0
235, 96, 702, 166, 702, 169, 0, -3, -1.5707963267948966, 3.0
235, 97, 704, 177, 704, 180, 0, -3, -1.5707963267948966, 3.0
235, 98, 844, 73, 844, 74, 0, -1, -1.5707963267948966, 1.0
235, 99, 147, 108, 147, 106, 0, 2, 1.5707963267948966, 2.0
235, 100, 267, 323, 267, 324, 0, -1, -1.5707963267948966, 1.0
235, 101, 701, 251, 701, 253, 0, -2, -1.5707963267948966, 2.0
235, 102, 263, 389, 263, 390, 0, -1, -1.5707963267948966, 1.0
235, 103, 813, 482, 814, 482, -1, 0, 3.141592653589793, 1.0
235, 104, 825, 458, 825, 455, 0, 3, 1.5707963267948966, 3.0
235, 105, 51, 150, 51, 150, 0, 0, 0.0, 0.0
235, 106, 138, 636, 138, 634, 0, 2, 1.5707963267948966, 2.0
235, 107, 742, 138, 742, 139, 0, -1, -1.5707963267948966, 1.0
236, 0, 849, 165, 850, 168, -1, -3, -1.892546881191539, 3.1622776601683795
236, 1, 171, 124, 171, 123, 0, 1, 1.5707963267948966, 1.0
236, 2, 1008, 45, 1011, 47, -3, -2, -2.5535900500422257, 3.605551275463989
236, 3, 469, 295, 468, 299, 1, -4, -1.3258176636680326, 4.123105625617661
236, 4, 156, 590, 155, 588, 1, 2, 1.1071487177940904, 2.23606797749979
236, 5, 838, 166, 839, 169, -1, -3, -1.892546881191539, 3.1622776601683795
236, 6, 254, 387, 254, 388, 0, -1, -1.5707963267948966, 1.0
236, 7, 503, 252, 504, 257, -1, -5, -1.7681918866447774, 5.0990195135927845
236, 8, 836, 22, 835, 24, 1, -2, -1.1071487177940904, 2.23606797749979
236, 9, 465, 288, 464, 293, 1, -5, -1.373400766945016, 5.0990195135927845
236, 10, 434, 17, 431, 17, 3, 0, 0.0, 3.0
236, 11, 493, 230, 493, 233, 0, -3, -1.5707963267948966, 3.0
236, 12, 547, 578, 548, 582, -1, -4, -1.8157749899217608, 4.123105625617661
236, 13, 349, 698, 350, 694, -1, 4, 1.8157749899217608, 4.123105625617661
236, 14, 817, 399, 817, 397, 0, 2, 1.5707963267948966, 2.0
236, 15, 1008, 52, 1011, 54, -3, -2, -2.5535900500422257, 3.605551275463989
236, 16, 370, 696, 372, 692, -2, 4, 2.0344439357957027, 4.47213595499958
236, 17, 332, 350, 332, 351, 0, -1, -1.5707963267948966, 1.0
236, 18, 124, 639, 123, 638, 1, 1, 0.7853981633974483, 1.4142135623730951
236, 19, 698, 186, 699, 188, -1, -2, -2.0344439357957027, 2.23606797749979
236, 20, 432, 26, 429, 26, 3, 0, 0.0, 3.0
236, 21, 1016, 43, 1019, 45, -3, -2, -2.5535900500422257, 3.605551275463989
236, 22, 480, 231, 480, 234, 0, -3, -1.5707963267948966, 3.0
236, 23, 628, 632, 628, 629, 0, 3, 1.5707963267948966, 3.0
236, 24, 500, 583, 501, 585, -1, -2, -2.0344439357957027, 2.23606797749979
236, 25, 431, 78, 431, 79, 0, -1, -1.5707963267948966, 1.0
236, 26, 691, 465, 690, 462, 1, 3, 1.2490457723982544, 3.1622776601683795
236, 27, 997, 69, 999, 71, -2, -2, -2.356194490192345, 2.8284271247461903
236, 28, 842, 252, 842, 253, 0, -1, -1.5707963267948966, 1.0
236, 29, 693, 181, 694, 183, -1, -2, -2.0344439357957027, 2.23606797749979
236, 30, 348, 624, 350, 624, -2, 0, 3.141592653589793, 2.0
236, 31, 1252, 127, 1255, 128, -3, -1, -2.819842099193151, 3.1622776601683795
236, 32, 836, 400, 836, 398, 0, 2, 1.5707963267948966, 2.0
236, 33, 335, 648, 336, 643, -1, 5, 1.7681918866447774, 5.0990195135927845
236, 34, 622, 219, 622, 217, 0, 2, 1.5707963267948966, 2.0
236, 35, 440, 78, 439, 79, 1, -1, -0.7853981633974483, 1.4142135623730951
236, 36, 800, 442, 800, 440, 0, 2, 1.5707963267948966, 2.0
236, 37, 834, 68, 833, 70, 1, -2, -1.1071487177940904, 2.23606797749979
236, 38, 490, 327, 490, 328, 0, -1, -1.5707963267948966, 1.0
236, 39, 844, 154, 845, 157, -1, -3, -1.892546881191539, 3.1622776601683795
236, 40, 712, 122, 712, 125, 0, -3, -1.5707963267948966, 3.0
236, 41, 639, 20, 639, 20, 0, 0, 0.0, 0.0
236, 42, 939, 17, 939, 18, 0, -1, -1.5707963267948966, 1.0
236, 43, 159, 618, 158, 617, 1, 1, 0.7853981633974483, 1.4142135623730951
236, 44, 286, 377, 286, 378, 0, -1, -1.5707963267948966, 1.0
236, 45, 774, 21, 775, 21, -1, 0, 3.141592653589793, 1.0
236, 46, 678, 26, 679, 26, -1, 0, 3.141592653589793, 1.0
236, 47, 329, 364, 329, 365, 0, -1, -1.5707963267948966, 1.0
236, 48, 589, 40, 589, 41, 0, -1, -1.5707963267948966, 1.0
236, 49, 708, 467, 707, 464, 1, 3, 1.2490457723982544, 3.1622776601683795
236, 50, 1228, 251, 1228, 248, 0, 3, 1.5707963267948966, 3.0
236, 51, 174, 118, 175, 117, -1, 1, 2.356194490192345, 1.4142135623730951
236, 52, 851, 55, 849, 57, 2, -2, -0.7853981633974483, 2.8284271247461903
236, 53, 936, 100, 936, 101, 0, -1, -1.5707963267948966, 1.0
236, 54, 726, 180, 726, 181, 0, -1, -1.5707963267948966, 1.0
236, 55, 530, 630, 530, 631, 0, -1, -1.5707963267948966, 1.0
236, 56, 1227, 185, 1227, 184, 0, 1, 1.5707963267948966, 1.0
236, 57, 149, 135, 149, 133, 0, 2, 1.5707963267948966, 2.0
236, 58, 1019, 51, 1022, 53, -3, -2, -2.5535900500422257, 3.605551275463989
236, 59, 500, 276, 500, 280, 0, -4, -1.5707963267948966, 4.0
236, 60, 1232, 147, 1232, 147, 0, 0, 0.0, 0.0
236, 61, 477, 302, 475, 306, 2, -4, -1.1071487177940904, 4.47213595499958
236, 62, 61, 159, 61, 160, 0, -1, -1.5707963267948966, 1.0
236, 63, 995, 111, 997, 116, -2, -5, -1.9513027039072615, 5.385164807134504
236, 64, 246, 403, 246, 404, 0, -1, -1.5707963267948966, 1.0
236, 65, 1223, 304, 1223, 302, 0, 2, 1.5707963267948966, 2.0
236, 66, 507, 538, 508, 542, -1, -4, -1.8157749899217608, 4.123105625617661
236, 67, 713, 473, 712, 470, 1, 3, 1.2490457723982544, 3.1622776601683795
236, 68, 169, 146, 169, 147, 0, -1, -1.5707963267948966, 1.0
236, 69, 832, 173, 833, 176, -1, -3, -1.892546881191539, 3.1622776601683795
236, 70, 703, 168, 703, 170, 0, -2, -1.5707963267948966, 2.0
236, 71, 661, 675, 662, 675, -1, 0, 3.141592653589793, 1.0
236, 72, 854, 171, 855, 174, -1, -3, -1.892546881191539, 3.1622776601683795
236, 73, 839, 422, 839, 420, 0, 2, 1.5707963267948966, 2.0
236, 74, 485, 220, 485, 223, 0, -3, -1.5707963267948966, 3.0
236, 75, 262, 376, 262, 377, 0, -1, -1.5707963267948966, 1.0
236, 76, 1186, 354, 1185, 349, 1, 5, 1.373400766945016, 5.0990195135927845
236, 77, 140, 73, 141, 72, -1, 1, 2.356194490192345, 1.4142135623730951
236, 78, 1227, 288, 1227, 285, 0, 3, 1.5707963267948966, 3.0
236, 79, 167, 614, 166, 613, 1, 1, 0.7853981633974483, 1.4142135623730951
236, 80, 695, 168, 695, 170, 0, -2, -1.5707963267948966, 2.0
236, 81, 479, 78, 479, 80, 0, -2, -1.5707963267948966, 2.0
236, 82, 149, 594, 148, 592, 1, 2, 1.1071487177940904, 2.23606797749979
236, 83, 784, 48, 785, 48, -1, 0, 3.141592653589793, 1.0
236, 84, 676, 499, 675, 496, 1, 3, 1.2490457723982544, 3.1622776601683795
236, 85, 502, 237, 502, 241, 0, -4, -1.5707963267948966, 4.0
236, 86, 357, 583, 358, 579, -1, 4, 1.8157749899217608, 4.123105625617661
236, 87, 558, 43, 558, 45, 0, -2, -1.5707963267948966, 2.0
236, 88, 735, 105, 735, 107, 0, -2, -1.5707963267948966, 2.0
236, 89, 470, 274, 469, 277, 1, -3, -1.2490457723982544, 3.1622776601683795
236, 90, 617, 297, 617, 298, 0, -1, -1.5707963267948966, 1.0
236, 91, 147, 109, 148, 108, -1, 1, 2.356194490192345, 1.4142135623730951
236, 92, 1007, 95, 1008, 97, -1, -2, -2.0344439357957027, 2.23606797749979
236, 93, 847, 45, 845, 47, 2, -2, -0.7853981633974483, 2.8284271247461903
236, 94, 688, 543, 688, 542, 0, 1, 1.5707963267948966, 1.0
236, 95, 631, 320, 631, 320, 0, 0, 0.0, 0.0
236, 96, 703, 455, 702, 452, 1, 3, 1.2490457723982544, 3.1622776601683795
236, 97, 518, 512, 520, 516, -2, -4, -2.0344439357957027, 4.47213595499958
236, 98, 814, 481, 814, 481, 0, 0, 0.0, 0.0
236, 99, 646, 25, 646, 25, 0, 0, 0.0, 0.0
236, 100, 808, 425, 807, 422, 1, 3, 1.2490457723982544, 3.1622776601683795
236, 101, 1201, 346, 1200, 345, 1, 1, 0.7853981633974483, 1.4142135623730951
236, 102, 694, 247, 695, 250, -1, -3, -1.892546881191539, 3.1622776601683795
236, 103, 68, 22, 67, 23, 1, -1, -0.7853981633974483, 1.4142135623730951
236, 104, 57, 22, 57, 23, 0, -1, -1.5707963267948966, 1.0
236, 105, 844, 444, 844, 443, 0, 1, 1.5707963267948966, 1.0
236, 106, 675, 93, 676, 93, -1, 0, 3.141592653589793, 1.0
236, 107, 161, 665, 160, 663, 1, 2, 1.1071487177940904, 2.23606797749979
236, 108, 695, 455, 694, 452, 1, 3, 1.2490457723982544, 3.1622776601683795
236, 109, 263, 390, 263, 391, 0, -1, -1.5707963267948966, 1.0
236, 110, 823, 393, 823, 391, 0, 2, 1.5707963267948966, 2.0
236, 111, 1247, 135, 1248, 135, -1, 0, 3.141592653589793, 1.0
236, 112, 43, 93, 43, 94, 0, -1, -1.5707963267948966, 1.0
236, 113, 999, 81, 1000, 83, -1, -2, -2.0344439357957027, 2.23606797749979
236, 114, 151, 82, 152, 81, -1, 1, 2.356194490192345, 1.4142135623730951
236, 115, 267, 323, 267, 324, 0, -1, -1.5707963267948966, 1.0
236, 116, 774, 34, 775, 34, -1, 0, 3.141592653589793, 1.0
236, 117, 702, 579, 703, 579, -1, 0, 3.141592653589793, 1.0
236, 118, 149, 153, 149, 152, 0, 1, 1.5707963267948966, 1.0
236, 119, 254, 366, 254, 367, 0, -1, -1.5707963267948966, 1.0
236, 120, 1254, 154, 1255, 153, -1, 1, 2.356194490192345, 1.4142135623730951
236, 121, 473, 239, 473, 242, 0, -3, -1.5707963267948966, 3.0
237, 0, 847, 162, 849, 165, -2, -3, -2.158798930342464, 3.605551275463989
237, 1, 170, 125, 171, 124, -1, 1, 2.356194490192345, 1.4142135623730951
237, 2, 1005, 43, 1008, 45, -3, -2, -2.5535900500422257, 3.605551275463989
237, 3, 470, 291, 469, 295, 1, -4, -1.3258176636680326, 4.123105625617661
237, 4, 157, 591, 156, 590, 1, 1, 0.7853981633974483, 1.4142135623730951
237, 5, 837, 163, 838, 166, -1, -3, -1.892546881191539, 3.1622776601683795
237, 6, 254, 386, 254, 387, 0, -1, -1.5707963267948966, 1.0
237, 7, 502, 247, 503, 252, -1, -5, -1.7681918866447774, 5.0990195135927845
237, 8, 837, 20, 836, 22, 1, -2, -1.1071487177940904, 2.23606797749979
237, 9, 465, 284, 465, 288, 0, -4, -1.5707963267948966, 4.0
237, 10, 437, 17, 434, 17, 3, 0, 0.0, 3.0
237, 11, 492, 227, 493, 230, -1, -3, -1.892546881191539, 3.1622776601683795
237, 12, 546, 573, 547, 578, -1, -5, -1.7681918866447774, 5.0990195135927845
237, 13, 349, 701, 349, 698, 0, 3, 1.5707963267948966, 3.0
237, 14, 817, 401, 817, 399, 0, 2, 1.5707963267948966, 2.0
237, 15, 1005, 50, 1008, 52, -3, -2, -2.5535900500422257, 3.605551275463989
237, 16, 368, 700, 370, 696, -2, 4, 2.0344439357957027, 4.47213595499958
237, 17, 332, 349, 332, 350, 0, -1, -1.5707963267948966, 1.0
237, 18, 124, 640, 124, 639, 0, 1, 1.5707963267948966, 1.0
237, 19, 698, 184, 698, 186, 0, -2, -1.5707963267948966, 2.0
237, 20, 435, 26, 432, 26, 3, 0, 0.0, 3.0
237, 21, 1013, 41, 1016, 43, -3, -2, -2.5535900500422257, 3.605551275463989
237, 22, 479, 229, 480, 231, -1, -2, -2.0344439357957027, 2.23606797749979
237, 23, 628, 635, 628, 632, 0, 3, 1.5707963267948966, 3.0
237, 24, 499, 580, 500, 583, -1, -3, -1.892546881191539, 3.1622776601683795
237, 25, 431, 77, 431, 78, 0, -1, -1.5707963267948966, 1.0
237, 26, 691, 468, 691, 465, 0, 3, 1.5707963267948966, 3.0
237, 27, 995, 67, 997, 69, -2, -2, -2.356194490192345, 2.8284271247461903
237, 28, 842, 250, 842, 252, 0, -2, -1.5707963267948966, 2.0
237, 29, 693, 179, 693, 181, 0, -2, -1.5707963267948966, 2.0
237, 30, 346, 623, 348, 624, -2, -1, -2.677945044588987, 2.23606797749979
237, 31, 1249, 126, 1252, 127, -3, -1, -2.819842099193151, 3.1622776601683795
237, 32, 836, 402, 836, 400, 0, 2, 1.5707963267948966, 2.0
237, 33, 334, 654, 335, 648, -1, 6, 1.7359450042095235, 6.082762530298219
237, 34, 623, 221, 622, 219, 1, 2, 1.1071487177940904, 2.23606797749979
237, 35, 441, 77, 440, 78, 1, -1, -0.7853981633974483, 1.4142135623730951
237, 36, 800, 444, 800, 442, 0, 2, 1.5707963267948966, 2.0
237, 37, 835, 66, 834, 68, 1, -2, -1.1071487177940904, 2.23606797749979
237, 38, 490, 326, 490, 327, 0, -1, -1.5707963267948966, 1.0
237, 39, 843, 151, 844, 154, -1, -3, -1.892546881191539, 3.1622776601683795
237, 40, 712, 119, 712, 122, 0, -3, -1.5707963267948966, 3.0
237, 41, 639, 20, 639, 20, 0, 0, 0.0, 0.0
237, 42, 939, 16, 939, 17, 0, -1, -1.5707963267948966, 1.0
237, 43, 160, 620, 159, 618, 1, 2, 1.1071487177940904, 2.23606797749979
237, 44, 286, 376, 286, 377, 0, -1, -1.5707963267948966, 1.0
237, 45, 774, 21, 774, 21, 0, 0, 0.0, 0.0
237, 46, 677, 26, 678, 26, -1, 0, 3.141592653589793, 1.0
237, 47, 329, 363, 329, 364, 0, -1, -1.5707963267948966, 1.0
237, 48, 589, 39, 589, 40, 0, -1, -1.5707963267948966, 1.0
237, 49, 709, 470, 708, 467, 1, 3, 1.2490457723982544, 3.1622776601683795
237, 50, 1228, 254, 1228, 251, 0, 3, 1.5707963267948966, 3.0
237, 51, 173, 119, 174, 118, -1, 1, 2.356194490192345, 1.4142135623730951
237, 52, 853, 52, 851, 55, 2, -3, -0.982793723247329, 3.605551275463989
237, 53, 936, 99, 936, 100, 0, -1, -1.5707963267948966, 1.0
237, 54, 726, 179, 726, 180, 0, -1, -1.5707963267948966, 1.0
237, 55, 1227, 185, 1227, 185, 0, 0, 0.0, 0.0
237, 56, 149, 137, 149, 135, 0, 2, 1.5707963267948966, 2.0
237, 57, 1016, 49, 1019, 51, -3, -2, -2.5535900500422257, 3.605551275463989
237, 58, 500, 272, 500, 276, 0, -4, -1.5707963267948966, 4.0
237, 59, 1232, 147, 1232, 147, 0, 0, 0.0, 0.0
237, 60, 478, 298, 477, 302, 1, -4, -1.3258176636680326, 4.123105625617661
237, 61, 61, 158, 61, 159, 0, -1, -1.5707963267948966, 1.0
237, 62, 994, 107, 995, 111, -1, -4, -1.8157749899217608, 4.123105625617661
237, 63, 246, 402, 246, 403, 0, -1, -1.5707963267948966, 1.0
237, 64, 1223, 306, 1223, 304, 0, 2, 1.5707963267948966, 2.0
237, 65, 506, 534, 507, 538, -1, -4, -1.8157749899217608, 4.123105625617661
237, 66, 714, 476, 713, 473, 1, 3, 1.2490457723982544, 3.1622776601683795
237, 67, 169, 146, 169, 146, 0, 0, 0.0, 0.0
237, 68, 831, 170, 832, 173, -1, -3, -1.892546881191539, 3.1622776601683795
237, 69, 703, 166, 703, 168, 0, -2, -1.5707963267948966, 2.0
237, 70, 661, 677, 661, 675, 0, 2, 1.5707963267948966, 2.0
237, 71, 853, 168, 854, 171, -1, -3, -1.892546881191539, 3.1622776601683795
237, 72, 839, 423, 839, 422, 0, 1, 1.5707963267948966, 1.0
237, 73, 484, 217, 485, 220, -1, -3, -1.892546881191539, 3.1622776601683795
237, 74, 262, 375, 262, 376, 0, -1, -1.5707963267948966, 1.0
237, 75, 1187, 358, 1186, 354, 1, 4, 1.3258176636680326, 4.123105625617661
237, 76, 138, 75, 140, 73, -2, 2, 2.356194490192345, 2.8284271247461903
237, 77, 1227, 291, 1227, 288, 0, 3, 1.5707963267948966, 3.0
237, 78, 168, 616, 167, 614, 1, 2, 1.1071487177940904, 2.23606797749979
237, 79, 695, 166, 695, 168, 0, -2, -1.5707963267948966, 2.0
237, 80, 479, 76, 479, 78, 0, -2, -1.5707963267948966, 2.0
237, 81, 150, 595, 149, 594, 1, 1, 0.7853981633974483, 1.4142135623730951
237, 82, 677, 502, 676, 499, 1, 3, 1.2490457723982544, 3.1622776601683795
237, 83, 502, 234, 502, 237, 0, -3, -1.5707963267948966, 3.0
237, 84, 356, 587, 357, 583, -1, 4, 1.8157749899217608, 4.123105625617661
237, 85, 558, 42, 558, 43, 0, -1, -1.5707963267948966, 1.0
237, 86, 735, 103, 735, 105, 0, -2, -1.5707963267948966, 2.0
237, 87, 470, 271, 470, 274, 0, -3, -1.5707963267948966, 3.0
237, 88, 617, 296, 617, 297, 0, -1, -1.5707963267948966, 1.0
237, 89, 146, 111, 147, 109, -1, 2, 2.0344439357957027, 2.23606797749979
237, 90, 1005, 92, 1007, 95, -2, -3, -2.158798930342464, 3.605551275463989
237, 91, 849, 42, 847, 45, 2, -3, -0.982793723247329, 3.605551275463989
237, 92, 688, 547, 688, 543, 0, 4, 1.5707963267948966, 4.0
237, 93, 631, 319, 631, 320, 0, -1, -1.5707963267948966, 1.0
237, 94, 704, 458, 703, 455, 1, 3, 1.2490457723982544, 3.1622776601683795
237, 95, 516, 507, 518, 512, -2, -5, -1.9513027039072615, 5.385164807134504
237, 96, 814, 481, 814, 481, 0, 0, 0.0, 0.0
237, 97, 646, 25, 646, 25, 0, 0, 0.0, 0.0
237, 98, 809, 428, 808, 425, 1, 3, 1.2490457723982544, 3.1622776601683795
237, 99, 1202, 347, 1201, 346, 1, 1, 0.7853981633974483, 1.4142135623730951
237, 100, 694, 245, 694, 247, 0, -2, -1.5707963267948966, 2.0
237, 101, 69, 21, 68, 22, 1, -1, -0.7853981633974483, 1.4142135623730951
237, 102, 57, 21, 57, 22, 0, -1, -1.5707963267948966, 1.0
237, 103, 844, 443, 844, 444, 0, -1, -1.5707963267948966, 1.0
237, 104, 674, 93, 675, 93, -1, 0, 3.141592653589793, 1.0
237, 105, 162, 667, 161, 665, 1, 2, 1.1071487177940904, 2.23606797749979
237, 106, 696, 458, 695, 455, 1, 3, 1.2490457723982544, 3.1622776601683795
237, 107, 263, 389, 263, 390, 0, -1, -1.5707963267948966, 1.0
237, 108, 824, 395, 823, 393, 1, 2, 1.1071487177940904, 2.23606797749979
237, 109, 1246, 135, 1247, 135, -1, 0, 3.141592653589793, 1.0
237, 110, 43, 92, 43, 93, 0, -1, -1.5707963267948966, 1.0
237, 111, 997, 79, 999, 81, -2, -2, -2.356194490192345, 2.8284271247461903
237, 112, 150, 84, 151, 82, -1, 2, 2.0344439357957027, 2.23606797749979
237, 113, 267, 322, 267, 323, 0, -1, -1.5707963267948966, 1.0
237, 114, 702, 579, 702, 579, 0, 0, 0.0, 0.0
237, 115, 149, 154, 149, 153, 0, 1, 1.5707963267948966, 1.0
237, 116, 254, 365, 254, 366, 0, -1, -1.5707963267948966, 1.0
237, 117, 1253, 156, 1254, 154, -1, 2, 2.0344439357957027, 2.23606797749979
237, 118, 473, 237, 473, 239, 0, -2, -1.5707963267948966, 2.0
238, 0, 847, 162, 848, 166, -1, -4, -1.8157749899217608, 4.123105625617661
238, 1, 1005, 43, 1009, 46, -4, -3, -2.498091544796509, 5.0
238, 2, 170, 126, 171, 124, -1, 2, 2.0344439357957027, 2.23606797749979
238, 3, 471, 290, 470, 294, 1, -4, -1.3258176636680326, 4.123105625617661
238, 4, 501, 248, 502, 253, -1, -5, -1.7681918866447774, 5.0990195135927845
238, 5, 492, 225, 493, 230, -1, -5, -1.7681918866447774, 5.0990195135927845
238, 6, 837, 163, 838, 167, -1, -4, -1.8157749899217608, 4.123105625617661
238, 7, 255, 387, 254, 388, 1, -1, -0.7853981633974483, 1.4142135623730951
238, 8, 277, 337, 277, 338, 0, -1, -1.5707963267948966, 1.0
238, 9, 248, 328, 248, 329, 0, -1, -1.5707963267948966, 1.0
238, 10, 838, 19, 837, 22, 1, -3, -1.2490457723982544, 3.1622776601683795
238, 11, 438, 19, 435, 18, 3, 1, 0.3217505543966422, 3.1622776601683795
238, 12, 350, 701, 350, 701, 0, 0, 0.0, 0.0
238, 13, 256, 339, 256, 340, 0, -1, -1.5707963267948966, 1.0
238, 14, 1005, 50, 1009, 53, -4, -3, -2.498091544796509, 5.0
238, 15, 692, 468, 691, 465, 1, 3, 1.2490457723982544, 3.1622776601683795
238, 16, 548, 563, 548, 565, 0, -2, -1.5707963267948966, 2.0
238, 17, 1012, 41, 1016, 44, -4, -3, -2.498091544796509, 5.0
238, 18, 436, 27, 433, 27, 3, 0, 0.0, 3.0
238, 19, 490, 327, 490, 328, 0, -1, -1.5707963267948966, 1.0
238, 20, 820, 402, 818, 400, 2, 2, 0.7853981633974483, 2.8284271247461903
238, 21, 332, 352, 332, 353, 0, -1, -1.5707963267948966, 1.0
238, 22, 699, 182, 699, 186, 0, -4, -1.5707963267948966, 4.0
238, 23, 368, 701, 371, 699, -3, 2, 2.5535900500422257, 3.605551275463989
238, 24, 837, 67, 835, 69, 2, -2, -0.7853981633974483, 2.8284271247461903
238, 25, 303, 320, 304, 320, -1, 0, 3.141592653589793, 1.0
238, 26, 993, 66, 996, 69, -3, -3, -2.356194490192345, 4.242640687119285
238, 27, 314, 390, 316, 390, -2, 0, 3.141592653589793, 2.0
238, 28, 1009, 123, 1010, 127, -1, -4, -1.8157749899217608, 4.123105625617661
238, 29, 479, 228, 480, 232, -1, -4, -1.8157749899217608, 4.123105625617661
238, 30, 432, 77, 431, 78, 1, -1, -0.7853981633974483, 1.4142135623730951
238, 31, 1248, 125, 1252, 127, -4, -2, -2.677945044588987, 4.47213595499958
238, 32, 694, 177, 694, 181, 0, -4, -1.5707963267948966, 4.0
238, 33, 678, 29, 679, 27, -1, 2, 2.0344439357957027, 2.23606797749979
238, 34, 152, 598, 153, 597, -1, 1, 2.356194490192345, 1.4142135623730951
238, 35, 714, 120, 713, 123, 1, -3, -1.2490457723982544, 3.1622776601683795
238, 36, 629, 640, 628, 638, 1, 2, 1.1071487177940904, 2.23606797749979
238, 37, 500, 580, 500, 583, 0, -3, -1.5707963267948966, 3.0
238, 38, 263, 337, 263, 338, 0, -1, -1.5707963267948966, 1.0
238, 39, 838, 405, 837, 401, 1, 4, 1.3258176636680326, 4.123105625617661
238, 40, 164, 627, 161, 625, 3, 2, 0.5880026035475675, 3.605551275463989
238, 41, 530, 626, 530, 630, 0, -4, -1.5707963267948966, 4.0
238, 42, 29, 111, 29, 112, 0, -1, -1.5707963267948966, 1.0
238, 43, 844, 151, 845, 155, -1, -4, -1.8157749899217608, 4.123105625617661
238, 44, 285, 376, 285, 377, 0, -1, -1.5707963267948966, 1.0
238, 45, 853, 52, 851, 55, 2, -3, -0.982793723247329, 3.605551275463989
238, 46, 939, 17, 939, 18, 0, -1, -1.5707963267948966, 1.0
238, 47, 331, 658, 333, 655, -2, 3, 2.158798930342464, 3.605551275463989
238, 48, 849, 40, 847, 43, 2, -3, -0.982793723247329, 3.605551275463989
238, 49, 640, 22, 639, 21, 1, 1, 0.7853981633974483, 1.4142135623730951
238, 50, 624, 222, 623, 219, 1, 3, 1.2490457723982544, 3.1622776601683795
238, 51, 664, 674, 663, 672, 1, 2, 1.1071487177940904, 2.23606797749979
238, 52, 774, 21, 775, 21, -1, 0, 3.141592653589793, 1.0
238, 53, 148, 138, 149, 135, -1, 3, 1.892546881191539, 3.1622776601683795
238, 54, 589, 40, 589, 41, 0, -1, -1.5707963267948966, 1.0
238, 55, 936, 99, 936, 100, 0, -1, -1.5707963267948966, 1.0
238, 56, 146, 646, 143, 643, 3, 3, 0.7853981633974483, 4.242640687119285
238, 57, 442, 62, 439, 64, 3, -2, -0.5880026035475675, 3.605551275463989
238, 58, 158, 595, 160, 594, -2, 1, 2.677945044588987, 2.23606797749979
238, 59, 484, 216, 485, 221, -1, -5, -1.7681918866447774, 5.0990195135927845
238, 60, 505, 534, 507, 538, -2, -4, -2.0344439357957027, 4.47213595499958
238, 61, 329, 364, 329, 365, 0, -1, -1.5707963267948966, 1.0
238, 62, 843, 246, 843, 251, 0, -5, -1.5707963267948966, 5.0
238, 63, 128, 647, 128, 645, 0, 2, 1.5707963267948966, 2.0
238, 64, 1232, 149, 1232, 148, 0, 1, 1.5707963267948966, 1.0
238, 65, 502, 272, 501, 277, 1, -5, -1.373400766945016, 5.0990195135927845
238, 66, 246, 403, 246, 404, 0, -1, -1.5707963267948966, 1.0
238, 67, 829, 171, 832, 174, -3, -3, -2.356194490192345, 4.242640687119285
238, 68, 256, 375, 256, 376, 0, -1, -1.5707963267948966, 1.0
238, 69, 330, 405, 330, 406, 0, -1, -1.5707963267948966, 1.0
238, 70, 61, 159, 61, 160, 0, -1, -1.5707963267948966, 1.0
238, 71, 1189, 362, 1187, 358, 2, 4, 1.1071487177940904, 4.47213595499958
238, 72, 736, 101, 736, 105, 0, -4, -1.5707963267948966, 4.0
238, 73, 171, 621, 169, 619, 2, 2, 0.7853981633974483, 2.8284271247461903
238, 74, 287, 355, 287, 355, 0, 0, 0.0, 0.0
238, 75, 1016, 49, 1020, 52, -4, -3, -2.498091544796509, 5.0
238, 76, 676, 502, 675, 499, 1, 3, 1.2490457723982544, 3.1622776601683795
238, 77, 1218, 305, 1219, 301, -1, 4, 1.8157749899217608, 4.123105625617661
238, 78, 1228, 255, 1228, 251, 0, 4, 1.5707963267948966, 4.0
238, 79, 1000, 66, 1003, 69, -3, -3, -2.356194490192345, 4.242640687119285
238, 80, 169, 146, 169, 147, 0, -1, -1.5707963267948966, 1.0
238, 81, 827, 57, 824, 58, 3, -1, -0.3217505543966422, 3.1622776601683795
238, 82, 704, 459, 703, 455, 1, 4, 1.3258176636680326, 4.123105625617661
238, 83, 804, 444, 803, 445, 1, -1, -0.7853981633974483, 1.4142135623730951
238, 84, 695, 247, 695, 249, 0, -2, -1.5707963267948966, 2.0
238, 85, 726, 180, 726, 181, 0, -1, -1.5707963267948966, 1.0
238, 86, 842, 426, 840, 422, 2, 4, 1.1071487177940904, 4.47213595499958
238, 87, 455, 80, 452, 81, 3, -1, -0.3217505543966422, 3.1622776601683795
238, 88, 480, 300, 478, 303, 2, -3, -0.982793723247329, 3.605551275463989
238, 89, 137, 77, 140, 74, -3, 3, 2.356194490192345, 4.242640687119285
238, 90, 1228, 292, 1228, 289, 0, 3, 1.5707963267948966, 3.0
238, 91, 714, 476, 713, 473, 1, 3, 1.2490457723982544, 3.1622776601683795
238, 92, 516, 504, 518, 512, -2, -8, -1.8157749899217608, 8.246211251235321
238, 93, 617, 301, 617, 298, 0, 3, 1.5707963267948966, 3.0
238, 94, 703, 164, 703, 168, 0, -4, -1.5707963267948966, 4.0
238, 95, 817, 14, 817, 15, 0, -1, -1.5707963267948966, 1.0
238, 96, 688, 549, 688, 546, 0, 3, 1.5707963267948966, 3.0
238, 97, 500, 232, 501, 237, -1, -5, -1.7681918866447774, 5.0990195135927845
238, 98, 356, 587, 357, 584, -1, 3, 1.892546881191539, 3.1622776601683795
238, 99, 708, 470, 708, 467, 0, 3, 1.5707963267948966, 3.0
238, 100, 853, 167, 854, 171, -1, -4, -1.8157749899217608, 4.123105625617661
238, 101, 845, 444, 844, 443, 1, 1, 0.7853981633974483, 1.4142135623730951
238, 102, 813, 23, 813, 24, 0, -1, -1.5707963267948966, 1.0
238, 103, 432, 61, 429, 61, 3, 0, 0.0, 3.0
238, 104, 932, 92, 932, 93, 0, -1, -1.5707963267948966, 1.0
238, 105, 58, 22, 57, 23, 1, -1, -0.7853981633974483, 1.4142135623730951
238, 106, 646, 26, 645, 25, 1, 1, 0.7853981633974483, 1.4142135623730951
238, 107, 480, 75, 480, 78, 0, -3, -1.5707963267948966, 3.0
238, 108, 924, 93, 924, 94, 0, -1, -1.5707963267948966, 1.0
238, 109, 631, 319, 631, 320, 0, -1, -1.5707963267948966, 1.0
238, 110, 1229, 189, 1228, 187, 1, 2, 1.1071487177940904, 2.23606797749979
238, 111, 695, 164, 695, 168, 0, -4, -1.5707963267948966, 4.0
238, 112, 1201, 346, 1200, 345, 1, 1, 0.7853981633974483, 1.4142135623730951
238, 113, 468, 271, 469, 275, -1, -4, -1.8157749899217608, 4.123105625617661
238, 114, 66, 21, 64, 22, 2, -1, -0.4636476090008061, 2.23606797749979
238, 115, 824, 397, 823, 393, 1, 4, 1.3258176636680326, 4.123105625617661
238, 116, 782, 49, 783, 49, -1, 0, 3.141592653589793, 1.0
238, 117, 1241, 189, 1239, 186, 2, 3, 0.982793723247329, 3.605551275463989
238, 118, 1003, 93, 1007, 95, -4, -2, -2.677945044588987, 4.47213595499958
238, 119, 339, 600, 341, 596, -2, 4, 2.0344439357957027, 4.47213595499958
238, 120, 146, 112, 147, 109, -1, 3, 1.892546881191539, 3.1622776601683795
238, 121, 672, 94, 673, 93, -1, 1, 2.356194490192345, 1.4142135623730951
238, 122, 154, 622, 152, 621, 2, 1, 0.4636476090008061, 2.23606797749979
238, 123, 265, 390, 264, 391, 1, -1, -0.7853981633974483, 1.4142135623730951
238, 124, 696, 460, 695, 456, 1, 4, 1.3258176636680326, 4.123105625617661
238, 125, 274, 346, 274, 347, 0, -1, -1.5707963267948966, 1.0
238, 126, 645, 99, 645, 99, 0, 0, 0.0, 0.0
238, 127, 149, 86, 152, 83, -3, 3, 2.356194490192345, 4.242640687119285
238, 128, 719, 526, 718, 524, 1, 2, 1.1071487177940904, 2.23606797749979
238, 129, 51, 150, 51, 151, 0, -1, -1.5707963267948966, 1.0
238, 130, 254, 366, 254, 367, 0, -1, -1.5707963267948966, 1.0
239, 0, 846, 157, 847, 162, -1, -5, -1.7681918866447774, 5.0990195135927845
239, 1, 1002, 40, 1005, 43, -3, -3, -2.356194490192345, 4.242640687119285
239, 2, 169, 126, 170, 126, -1, 0, 3.141592653589793, 1.0
239, 3, 471, 288, 471, 290, 0, -2, -1.5707963267948966, 2.0
239, 4, 500, 245, 501, 248, -1, -3, -1.892546881191539, 3.1622776601683795
239, 5, 491, 222, 492, 225, -1, -3, -1.892546881191539, 3.1622776601683795
239, 6, 836, 159, 837, 163, -1, -4, -1.8157749899217608, 4.123105625617661
239, 7, 255, 386, 255, 387, 0, -1, -1.5707963267948966, 1.0
239, 8, 277, 336, 277, 337, 0, -1, -1.5707963267948966, 1.0
239, 9, 248, 327, 248, 328, 0, -1, -1.5707963267948966, 1.0
239, 10, 839, 16, 838, 19, 1, -3, -1.2490457723982544, 3.1622776601683795
239, 11, 441, 18, 438, 19, 3, -1, -0.3217505543966422, 3.1622776601683795
239, 12, 349, 701, 350, 701, -1, 0, 3.141592653589793, 1.0
239, 13, 256, 338, 256, 339, 0, -1, -1.5707963267948966, 1.0
239, 14, 1003, 47, 1005, 50, -2, -3, -2.158798930342464, 3.605551275463989
239, 15, 692, 471, 692, 468, 0, 3, 1.5707963267948966, 3.0
239, 16, 547, 558, 548, 563, -1, -5, -1.7681918866447774, 5.0990195135927845
239, 17, 1009, 38, 1012, 41, -3, -3, -2.356194490192345, 4.242640687119285
239, 18, 439, 27, 436, 27, 3, 0, 0.0, 3.0
239, 19, 490, 326, 490, 327, 0, -1, -1.5707963267948966, 1.0
239, 20, 821, 405, 820, 402, 1, 3, 1.2490457723982544, 3.1622776601683795
239, 21, 332, 351, 332, 352, 0, -1, -1.5707963267948966, 1.0
239, 22, 699, 179, 699, 182, 0, -3, -1.5707963267948966, 3.0
239, 23, 366, 701, 368, 701, -2, 0, 3.141592653589793, 2.0
239, 24, 838, 65, 837, 67, 1, -2, -1.1071487177940904, 2.23606797749979
239, 25, 302, 320, 303, 320, -1, 0, 3.141592653589793, 1.0
239, 26, 991, 64, 993, 66, -2, -2, -2.356194490192345, 2.8284271247461903
239, 27, 312, 390, 314, 390, -2, 0, 3.141592653589793, 2.0
239, 28, 1008, 120, 1009, 123, -1, -3, -1.892546881191539, 3.1622776601683795
239, 29, 478, 225, 479, 228, -1, -3, -1.892546881191539, 3.1622776601683795
239, 30, 433, 76, 432, 77, 1, -1, -0.7853981633974483, 1.4142135623730951
239, 31, 1245, 123, 1248, 125, -3, -2, -2.5535900500422257, 3.605551275463989
239, 32, 694, 174, 694, 177, 0, -3, -1.5707963267948966, 3.0
239, 33, 677, 30, 678, 29, -1, 1, 2.356194490192345, 1.4142135623730951
239, 34, 154, 601, 152, 598, 2, 3, 0.982793723247329, 3.605551275463989
239, 35, 714, 118, 714, 120, 0, -2, -1.5707963267948966, 2.0
239, 36, 630, 643, 629, 640, 1, 3, 1.2490457723982544, 3.1622776601683795
239, 37, 500, 577, 500, 580, 0, -3, -1.5707963267948966, 3.0
239, 38, 263, 336, 263, 337, 0, -1, -1.5707963267948966, 1.0
239, 39, 838, 409, 838, 405, 0, 4, 1.5707963267948966, 4.0
239, 40, 166, 629, 164, 627, 2, 2, 0.7853981633974483, 2.8284271247461903
239, 41, 530, 622, 530, 626, 0, -4, -1.5707963267948966, 4.0
239, 42, 29, 110, 29, 111, 0, -1, -1.5707963267948966, 1.0
239, 43, 843, 146, 844, 151, -1, -5, -1.7681918866447774, 5.0990195135927845
239, 44, 855, 49, 853, 52, 2, -3, -0.982793723247329, 3.605551275463989
239, 45, 939, 16, 939, 17, 0, -1, -1.5707963267948966, 1.0
239, 46, 332, 661, 331, 658, 1, 3, 1.2490457723982544, 3.1622776601683795
239, 47, 851, 36, 849, 40, 2, -4, -1.1071487177940904, 4.47213595499958
239, 48, 640, 22, 640, 22, 0, 0, 0.0, 0.0
239, 49, 624, 223, 624, 222, 0, 1, 1.5707963267948966, 1.0
239, 50, 664, 676, 664, 674, 0, 2, 1.5707963267948966, 2.0
239, 51, 147, 139, 148, 138, -1, 1, 2.356194490192345, 1.4142135623730951
239, 52, 589, 39, 589, 40, 0, -1, -1.5707963267948966, 1.0
239, 53, 936, 98, 936, 99, 0, -1, -1.5707963267948966, 1.0
239, 54, 148, 649, 146, 646, 2, 3, 0.982793723247329, 3.605551275463989
239, 55, 444, 61, 442, 62, 2, -1, -0.4636476090008061, 2.23606797749979
239, 56, 159, 598, 158, 595, 1, 3, 1.2490457723982544, 3.1622776601683795
239, 57, 483, 213, 484, 216, -1, -3, -1.892546881191539, 3.1622776601683795
239, 58, 503, 530, 505, 534, -2, -4, -2.0344439357957027, 4.47213595499958
239, 59, 329, 363, 329, 364, 0, -1, -1.5707963267948966, 1.0
239, 60, 843, 241, 843, 246, 0, -5, -1.5707963267948966, 5.0
239, 61, 129, 648, 128, 647, 1, 1, 0.7853981633974483, 1.4142135623730951
239, 62, 1232, 150, 1232, 149, 0, 1, 1.5707963267948966, 1.0
239, 63, 502, 269, 502, 272, 0, -3, -1.5707963267948966, 3.0
239, 64, 246, 402, 246, 403, 0, -1, -1.5707963267948966, 1.0
239, 65, 828, 167, 829, 171, -1, -4, -1.8157749899217608, 4.123105625617661
239, 66, 330, 404, 330, 405, 0, -1, -1.5707963267948966, 1.0
239, 67, 61, 158, 61, 159, 0, -1, -1.5707963267948966, 1.0
239, 68, 1190, 364, 1189, 362, 1, 2, 1.1071487177940904, 2.23606797749979
239, 69, 736, 98, 736, 101, 0, -3, -1.5707963267948966, 3.0
239, 70, 173, 623, 171, 621, 2, 2, 0.7853981633974483, 2.8284271247461903
239, 71, 287, 355, 287, 355, 0, 0, 0.0, 0.0
239, 72, 1013, 46, 1016, 49, -3, -3, -2.356194490192345, 4.242640687119285
239, 73, 676, 505, 676, 502, 0, 3, 1.5707963267948966, 3.0
239, 74, 1217, 307, 1218, 305, -1, 2, 2.0344439357957027, 2.23606797749979
239, 75, 1228, 258, 1228, 255, 0, 3, 1.5707963267948966, 3.0
239, 76, 998, 64, 1000, 66, -2, -2, -2.356194490192345, 2.8284271247461903
239, 77, 168, 146, 169, 146, -1, 0, 3.141592653589793, 1.0
239, 78, 829, 55, 827, 57, 2, -2, -0.7853981633974483, 2.8284271247461903
239, 79, 704, 462, 704, 459, 0, 3, 1.5707963267948966, 3.0
239, 80, 805, 445, 804, 444, 1, 1, 0.7853981633974483, 1.4142135623730951
239, 81, 725, 178, 726, 180, -1, -2, -2.0344439357957027, 2.23606797749979
239, 82, 843, 429, 842, 426, 1, 3, 1.2490457723982544, 3.1622776601683795
239, 83, 457, 80, 455, 80, 2, 0, 0.0, 2.0
239, 84, 481, 297, 480, 300, 1, -3, -1.2490457723982544, 3.1622776601683795
239, 85, 135, 78, 137, 77, -2, 1, 2.677945044588987, 2.23606797749979
239, 86, 1228, 295, 1228, 292, 0, 3, 1.5707963267948966, 3.0
239, 87, 714, 479, 714, 476, 0, 3, 1.5707963267948966, 3.0
239, 88, 514, 499, 516, 504, -2, -5, -1.9513027039072615, 5.385164807134504
239, 89, 617, 305, 617, 301, 0, 4, 1.5707963267948966, 4.0
239, 90, 703, 162, 703, 164, 0, -2, -1.5707963267948966, 2.0
239, 91, 817, 13, 817, 14, 0, -1, -1.5707963267948966, 1.0
239, 92, 688, 552, 688, 549, 0, 3, 1.5707963267948966, 3.0
239, 93, 499, 229, 500, 232, -1, -3, -1.892546881191539, 3.1622776601683795
239, 94, 355, 591, 356, 587, -1, 4, 1.8157749899217608, 4.123105625617661
239, 95, 708, 473, 708, 470, 0, 3, 1.5707963267948966, 3.0
239, 96, 852, 162, 853, 167, -1, -5, -1.7681918866447774, 5.0990195135927845
239, 97, 845, 446, 845, 444, 0, 2, 1.5707963267948966, 2.0
239, 98, 813, 22, 813, 23, 0, -1, -1.5707963267948966, 1.0
239, 99, 434, 60, 432, 61, 2, -1, -0.4636476090008061, 2.23606797749979
239, 100, 932, 91, 932, 92, 0, -1, -1.5707963267948966, 1.0
239, 101, 60, 21, 58, 22, 2, -1, -0.4636476090008061, 2.23606797749979
239, 102, 646, 26, 646, 26, 0, 0, 0.0, 0.0
239, 103, 480, 72, 480, 75, 0, -3, -1.5707963267948966, 3.0
239, 104, 924, 92, 924, 93, 0, -1, -1.5707963267948966, 1.0
239, 105, 1229, 190, 1229, 189, 0, 1, 1.5707963267948966, 1.0
239, 106, 695, 162, 695, 164, 0, -2, -1.5707963267948966, 2.0
239, 107, 1202, 347, 1201, 346, 1, 1, 0.7853981633974483, 1.4142135623730951
239, 108, 68, 20, 66, 21, 2, -1, -0.4636476090008061, 2.23606797749979
239, 109, 825, 401, 824, 397, 1, 4, 1.3258176636680326, 4.123105625617661
239, 110, 1243, 190, 1241, 189, 2, 1, 0.4636476090008061, 2.23606797749979
239, 111, 1001, 90, 1003, 93, -2, -3, -2.158798930342464, 3.605551275463989
239, 112, 338, 603, 339, 600, -1, 3, 1.892546881191539, 3.1622776601683795
239, 113, 145, 113, 146, 112, -1, 1, 2.356194490192345, 1.4142135623730951
239, 114, 671, 94, 672, 94, -1, 0, 3.141592653589793, 1.0
239, 115, 156, 624, 154, 622, 2, 2, 0.7853981633974483, 2.8284271247461903
239, 116, 265, 390, 265, 390, 0, 0, 0.0, 0.0
239, 117, 696, 463, 696, 460, 0, 3, 1.5707963267948966, 3.0
239, 118, 274, 345, 274, 346, 0, -1, -1.5707963267948966, 1.0
239, 119, 645, 99, 645, 99, 0, 0, 0.0, 0.0
239, 120, 147, 87, 149, 86, -2, 1, 2.677945044588987, 2.23606797749979
239, 121, 719, 528, 719, 526, 0, 2, 1.5707963267948966, 2.0
239, 122, 51, 149, 51, 150, 0, -1, -1.5707963267948966, 1.0
240, 0, 256, 339, 256, 340, 0, -1, -1.5707963267948966, 1.0
240, 1, 1002, 40, 1005, 43, -3, -3, -2.356194490192345, 4.242640687119285
240, 2, 848, 156, 848, 161, 0, -5, -1.5707963267948966, 5.0
240, 3, 170, 126, 171, 126, -1, 0, 3.141592653589793, 1.0
240, 4, 838, 156, 838, 161, 0, -5, -1.5707963267948966, 5.0
240, 5, 443, 19, 440, 19, 3, 0, 0.0, 3.0
240, 6, 277, 337, 277, 338, 0, -1, -1.5707963267948966, 1.0
240, 7, 492, 223, 493, 227, -1, -4, -1.8157749899217608, 4.123105625617661
240, 8, 1010, 38, 1013, 41, -3, -3, -2.356194490192345, 4.242640687119285
240, 9, 253, 386, 253, 387, 0, -1, -1.5707963267948966, 1.0
240, 10, 248, 328, 248, 329, 0, -1, -1.5707963267948966, 1.0
240, 11, 445, 63, 442, 64, 3, -1, -0.3217505543966422, 3.1622776601683795
240, 12, 692, 473, 692, 470, 0, 3, 1.5707963267948966, 3.0
240, 13, 332, 354, 332, 355, 0, -1, -1.5707963267948966, 1.0
240, 14, 852, 36, 851, 39, 1, -3, -1.2490457723982544, 3.1622776601683795
240, 15, 473, 289, 472, 291, 1, -2, -1.1071487177940904, 2.23606797749979
240, 16, 842, 16, 841, 19, 1, -3, -1.2490457723982544, 3.1622776601683795
240, 17, 716, 122, 716, 124, 0, -2, -1.5707963267948966, 2.0
240, 18, 347, 701, 348, 713, -1, -12, -1.6539375586833378, 12.041594578792296
240, 19, 1245, 122, 1248, 124, -3, -2, -2.5535900500422257, 3.605551275463989
240, 20, 167, 632, 166, 630, 1, 2, 1.1071487177940904, 2.23606797749979
240, 21, 365, 701, 369, 710, -4, -9, -1.9890206563741257, 9.848857801796104
240, 22, 699, 181, 699, 184, 0, -3, -1.5707963267948966, 3.0
240, 23, 500, 245, 501, 248, -1, -3, -1.892546881191539, 3.1622776601683795
240, 24, 351, 623, 351, 624, 0, -1, -1.5707963267948966, 1.0
240, 25, 1003, 48, 1006, 51, -3, -3, -2.356194490192345, 4.242640687119285
240, 26, 338, 608, 340, 605, -2, 3, 2.158798930342464, 3.605551275463989
240, 27, 631, 661, 631, 657, 0, 4, 1.5707963267948966, 4.0
240, 28, 840, 412, 839, 407, 1, 5, 1.373400766945016, 5.0990195135927845
240, 29, 695, 175, 695, 178, 0, -3, -1.5707963267948966, 3.0
240, 30, 441, 28, 438, 28, 3, 0, 0.0, 3.0
240, 31, 434, 76, 432, 77, 2, -1, -0.4636476090008061, 2.23606797749979
240, 32, 624, 223, 624, 222, 0, 1, 1.5707963267948966, 1.0
240, 33, 742, 44, 742, 45, 0, -1, -1.5707963267948966, 1.0
240, 34, 843, 432, 842, 428, 1, 4, 1.3258176636680326, 4.123105625617661
240, 35, 1221, 308, 1222, 306, -1, 2, 2.0344439357957027, 2.23606797749979
240, 36, 991, 65, 994, 67, -3, -2, -2.5535900500422257, 3.605551275463989
240, 37, 480, 225, 481, 228, -1, -3, -1.892546881191539, 3.1622776601683795
240, 38, 746, 34, 746, 35, 0, -1, -1.5707963267948966, 1.0
240, 39, 136, 659, 135, 657, 1, 2, 1.1071487177940904, 2.23606797749979
240, 40, 460, 79, 458, 79, 2, 0, 0.0, 2.0
240, 41, 678, 30, 679, 29, -1, 1, 2.356194490192345, 1.4142135623730951
240, 42, 311, 389, 313, 390, -2, -1, -2.677945044588987, 2.23606797749979
240, 43, 263, 336, 263, 337, 0, -1, -1.5707963267948966, 1.0
240, 44, 29, 111, 29, 112, 0, -1, -1.5707963267948966, 1.0
240, 45, 821, 409, 820, 406, 1, 3, 1.2490457723982544, 3.1622776601683795
240, 46, 303, 320, 304, 320, -1, 0, 3.141592653589793, 1.0
240, 47, 844, 145, 844, 150, 0, -5, -1.5707963267948966, 5.0
240, 48, 286, 376, 286, 377, 0, -1, -1.5707963267948966, 1.0
240, 49, 640, 22, 640, 22, 0, 0, 0.0, 0.0
240, 50, 939, 16, 939, 17, 0, -1, -1.5707963267948966, 1.0
240, 51, 499, 574, 499, 576, 0, -2, -1.5707963267948966, 2.0
240, 52, 834, 497, 833, 491, 1, 6, 1.4056476493802699, 6.082762530298219
240, 53, 830, 164, 831, 169, -1, -5, -1.7681918866447774, 5.0990195135927845
240, 54, 936, 99, 936, 100, 0, -1, -1.5707963267948966, 1.0
240, 55, 1227, 297, 1228, 294, -1, 3, 1.892546881191539, 3.1622776601683795
240, 56, 589, 40, 589, 41, 0, -1, -1.5707963267948966, 1.0
240, 57, 1014, 46, 1017, 49, -3, -3, -2.356194490192345, 4.242640687119285
240, 58, 483, 214, 484, 218, -1, -4, -1.8157749899217608, 4.123105625617661
240, 59, 856, 48, 855, 51, 1, -3, -1.2490457723982544, 3.1622776601683795
240, 60, 541, 546, 542, 550, -1, -4, -1.8157749899217608, 4.123105625617661
240, 61, 246, 403, 246, 404, 0, -1, -1.5707963267948966, 1.0
240, 62, 254, 366, 254, 367, 0, -1, -1.5707963267948966, 1.0
240, 63, 334, 667, 334, 665, 0, 2, 1.5707963267948966, 2.0
240, 64, 737, 98, 737, 102, 0, -4, -1.5707963267948966, 4.0
240, 65, 329, 364, 329, 365, 0, -1, -1.5707963267948966, 1.0
240, 66, 491, 324, 491, 326, 0, -2, -1.5707963267948966, 2.0
240, 67, 61, 159, 61, 160, 0, -1, -1.5707963267948966, 1.0
240, 68, 707, 473, 707, 470, 0, 3, 1.5707963267948966, 3.0
240, 69, 704, 464, 704, 460, 0, 4, 1.5707963267948966, 4.0
240, 70, 1003, 89, 1005, 92, -2, -3, -2.158798930342464, 3.605551275463989
240, 71, 846, 448, 845, 445, 1, 3, 1.2490457723982544, 3.1622776601683795
240, 72, 504, 527, 505, 531, -1, -4, -1.8157749899217608, 4.123105625617661
240, 73, 501, 270, 502, 273, -1, -3, -1.892546881191539, 3.1622776601683795
240, 74, 52, 150, 52, 151, 0, -1, -1.5707963267948966, 1.0
240, 75, 683, 661, 683, 663, 0, -2, -1.5707963267948966, 2.0
240, 76, 146, 139, 147, 139, -1, 0, 3.141592653589793, 1.0
240, 77, 696, 163, 696, 166, 0, -3, -1.5707963267948966, 3.0
240, 78, 814, 22, 814, 23, 0, -1, -1.5707963267948966, 1.0
240, 79, 176, 627, 174, 625, 2, 2, 0.7853981633974483, 2.8284271247461903
240, 80, 1233, 149, 1234, 149, -1, 0, 3.141592653589793, 1.0
240, 81, 817, 13, 817, 14, 0, -1, -1.5707963267948966, 1.0
240, 82, 291, 309, 291, 310, 0, -1, -1.5707963267948966, 1.0
240, 83, 854, 161, 854, 166, 0, -5, -1.5707963267948966, 5.0
240, 84, 694, 247, 695, 249, -1, -2, -2.0344439357957027, 2.23606797749979
240, 85, 842, 240, 843, 246, -1, -6, -1.7359450042095235, 6.082762530298219
240, 86, 998, 64, 1001, 66, -3, -2, -2.5535900500422257, 3.605551275463989
240, 87, 843, 63, 842, 65, 1, -2, -1.1071487177940904, 2.23606797749979
240, 88, 257, 374, 257, 375, 0, -1, -1.5707963267948966, 1.0
240, 89, 325, 338, 325, 339, 0, -1, -1.5707963267948966, 1.0
240, 90, 500, 230, 501, 234, -1, -4, -1.8157749899217608, 4.123105625617661
240, 91, 263, 378, 263, 379, 0, -1, -1.5707963267948966, 1.0
240, 92, 676, 507, 676, 503, 0, 4, 1.5707963267948966, 4.0
240, 93, 287, 354, 287, 355, 0, -1, -1.5707963267948966, 1.0
240, 94, 1194, 359, 1194, 357, 0, 2, 1.5707963267948966, 2.0
240, 95, 1228, 259, 1228, 256, 0, 3, 1.5707963267948966, 3.0
240, 96, 647, 26, 647, 26, 0, 0, 0.0, 0.0
240, 97, 168, 147, 169, 147, -1, 0, 3.141592653589793, 1.0
240, 98, 715, 481, 715, 478, 0, 3, 1.5707963267948966, 3.0
240, 99, 354, 596, 356, 592, -2, 4, 2.0344439357957027, 4.47213595499958
240, 100, 979, 701, 984, 708, -5, -7, -2.191045812777718, 8.602325267042627
240, 101, 932, 92, 932, 93, 0, -1, -1.5707963267948966, 1.0
240, 102, 479, 68, 479, 70, 0, -2, -1.5707963267948966, 2.0
240, 103, 924, 93, 924, 94, 0, -1, -1.5707963267948966, 1.0
240, 104, 703, 163, 703, 166, 0, -3, -1.5707963267948966, 3.0
240, 105, 674, 689, 674, 686, 0, 3, 1.5707963267948966, 3.0
240, 106, 68, 21, 65, 22, 3, -1, -0.3217505543966422, 3.1622776601683795
240, 107, 274, 346, 274, 347, 0, -1, -1.5707963267948966, 1.0
240, 108, 1236, 142, 1238, 142, -2, 0, 3.141592653589793, 2.0
240, 109, 146, 113, 147, 112, -1, 1, 2.356194490192345, 1.4142135623730951
240, 110, 669, 698, 669, 694, 0, 4, 1.5707963267948966, 4.0
240, 111, 160, 630, 159, 628, 1, 2, 1.1071487177940904, 2.23606797749979
240, 112, 149, 86, 150, 85, -1, 1, 2.356194490192345, 1.4142135623730951
240, 113, 824, 456, 824, 454, 0, 2, 1.5707963267948966, 2.0
240, 114, 631, 319, 631, 320, 0, -1, -1.5707963267948966, 1.0
240, 115, 696, 464, 696, 460, 0, 4, 1.5707963267948966, 4.0
240, 116, 1009, 121, 1010, 125, -1, -4, -1.8157749899217608, 4.123105625617661
240, 117, 513, 499, 515, 505, -2, -6, -1.892546881191539, 6.324555320336759
240, 118, 136, 76, 138, 76, -2, 0, 3.141592653589793, 2.0
240, 119, 708, 210, 709, 213, -1, -3, -1.892546881191539, 3.1622776601683795
240, 120, 717, 537, 718, 535, -1, 2, 2.0344439357957027, 2.23606797749979
240, 121, 613, 284, 613, 284, 0, 0, 0.0, 0.0
240, 122, 468, 270, 468, 272, 0, -2, -1.5707963267948966, 2.0
240, 123, 646, 99, 646, 99, 0, 0, 0.0, 0.0
240, 124, 617, 309, 617, 305, 0, 4, 1.5707963267948966, 4.0
240, 125, 826, 44, 826, 45, 0, -1, -1.5707963267948966, 1.0
240, 126, 725, 175, 726, 179, -1, -4, -1.8157749899217608, 4.123105625617661
240, 127, 1243, 188, 1242, 188, 1, 0, 0.0, 1.0
240, 128, 939, 30, 939, 31, 0, -1, -1.5707963267948966, 1.0
240, 129, 830, 31, 830, 31, 0, 0, 0.0, 0.0
240, 130, 264, 390, 264, 391, 0, -1, -1.5707963267948966, 1.0
240, 131, 783, 48, 783, 49, 0, -1, -1.5707963267948966, 1.0
240, 132, 826, 403, 825, 399, 1, 4, 1.3258176636680326, 4.123105625617661
240, 133, 530, 622, 530, 627, 0, -5, -1.5707963267948966, 5.0
240, 134, 233, 323, 233, 324, 0, -1, -1.5707963267948966, 1.0
240, 135, 435, 60, 432, 61, 3, -1, -0.3217505543966422, 3.1622776601683795
241, 0, 256, 338, 256, 339, 0, -1, -1.5707963267948966, 1.0
241, 1, 1000, 36, 1002, 40, -2, -4, -2.0344439357957027, 4.47213595499958
241, 2, 848, 151, 848, 156, 0, -5, -1.5707963267948966, 5.0
241, 3, 169, 126, 170, 126, -1, 0, 3.141592653589793, 1.0
241, 4, 838, 151, 838, 156, 0, -5, -1.5707963267948966, 5.0
241, 5, 446, 18, 443, 19, 3, -1, -0.3217505543966422, 3.1622776601683795
241, 6, 277, 336, 277, 337, 0, -1, -1.5707963267948966, 1.0
241, 7, 491, 219, 492, 223, -1, -4, -1.8157749899217608, 4.123105625617661
241, 8, 1008, 34, 1010, 38, -2, -4, -2.0344439357957027, 4.47213595499958
241, 9, 253, 385, 253, 386, 0, -1, -1.5707963267948966, 1.0
241, 10, 248, 327, 248, 328, 0, -1, -1.5707963267948966, 1.0
241, 11, 448, 63, 445, 63, 3, 0, 0.0, 3.0
241, 12, 692, 476, 692, 473, 0, 3, 1.5707963267948966, 3.0
241, 13, 332, 353, 332, 354, 0, -1, -1.5707963267948966, 1.0
241, 14, 853, 33, 852, 36, 1, -3, -1.2490457723982544, 3.1622776601683795
241, 15, 473, 286, 473, 289, 0, -3, -1.5707963267948966, 3.0
241, 16, 843, 14, 842, 16, 1, -2, -1.1071487177940904, 2.23606797749979
241, 17, 716, 121, 716, 122, 0, -1, -1.5707963267948966, 1.0
241, 18, 346, 701, 347, 701, -1, 0, 3.141592653589793, 1.0
241, 19, 1242, 119, 1245, 122, -3, -3, -2.356194490192345, 4.242640687119285
241, 20, 167, 634, 167, 632, 0, 2, 1.5707963267948966, 2.0
241, 21, 362, 701, 365, 701, -3, 0, 3.141592653589793, 3.0
241, 22, 699, 178, 699, 181, 0, -3, -1.5707963267948966, 3.0
241, 23, 499, 242, 500, 245, -1, -3, -1.892546881191539, 3.1622776601683795
241, 24, 350, 623, 351, 623, -1, 0, 3.141592653589793, 1.0
241, 25, 1001, 44, 1003, 48, -2, -4, -2.0344439357957027, 4.47213595499958
241, 26, 336, 612, 338, 608, -2, 4, 2.0344439357957027, 4.47213595499958
241, 27, 632, 666, 631, 661, 1, 5, 1.373400766945016, 5.0990195135927845
241, 28, 840, 416, 840, 412, 0, 4, 1.5707963267948966, 4.0
241, 29, 695, 172, 695, 175, 0, -3, -1.5707963267948966, 3.0
241, 30, 444, 27, 441, 28, 3, -1, -0.3217505543966422, 3.1622776601683795
241, 31, 436, 76, 434, 76, 2, 0, 0.0, 2.0
241, 32, 624, 225, 624, 223, 0, 2, 1.5707963267948966, 2.0
241, 33, 742, 43, 742, 44, 0, -1, -1.5707963267948966, 1.0
241, 34, 844, 436, 843, 432, 1, 4, 1.3258176636680326, 4.123105625617661
241, 35, 1220, 310, 1221, 308, -1, 2, 2.0344439357957027, 2.23606797749979
241, 36, 989, 63, 991, 65, -2, -2, -2.356194490192345, 2.8284271247461903
241, 37, 479, 221, 480, 225, -1, -4, -1.8157749899217608, 4.123105625617661
241, 38, 746, 33, 746, 34, 0, -1, -1.5707963267948966, 1.0
241, 39, 138, 661, 136, 659, 2, 2, 0.7853981633974483, 2.8284271247461903
241, 40, 461, 79, 460, 79, 1, 0, 0.0, 1.0
241, 41, 677, 31, 678, 30, -1, 1, 2.356194490192345, 1.4142135623730951
241, 42, 309, 388, 311, 389, -2, -1, -2.677945044588987, 2.23606797749979
241, 43, 263, 335, 263, 336, 0, -1, -1.5707963267948966, 1.0
241, 44, 29, 110, 29, 111, 0, -1, -1.5707963267948966, 1.0
241, 45, 823, 412, 821, 409, 2, 3, 0.982793723247329, 3.605551275463989
241, 46, 302, 320, 303, 320, -1, 0, 3.141592653589793, 1.0
241, 47, 844, 140, 844, 145, 0, -5, -1.5707963267948966, 5.0
241, 48, 286, 375, 286, 376, 0, -1, -1.5707963267948966, 1.0
241, 49, 640, 22, 640, 22, 0, 0, 0.0, 0.0
241, 50, 939, 15, 939, 16, 0, -1, -1.5707963267948966, 1.0
241, 51, 498, 572, 499, 574, -1, -2, -2.0344439357957027, 2.23606797749979
241, 52, 835, 502, 834, 497, 1, 5, 1.373400766945016, 5.0990195135927845
241, 53, 830, 159, 830, 164, 0, -5, -1.5707963267948966, 5.0
241, 54, 936, 98, 936, 99, 0, -1, -1.5707963267948966, 1.0
241, 55, 1226, 300, 1227, 297, -1, 3, 1.892546881191539, 3.1622776601683795
241, 56, 589, 39, 589, 40, 0, -1, -1.5707963267948966, 1.0
241, 57, 1012, 42, 1014, 46, -2, -4, -2.0344439357957027, 4.47213595499958
241, 58, 482, 210, 483, 214, -1, -4, -1.8157749899217608, 4.123105625617661
241, 59, 857, 45, 856, 48, 1, -3, -1.2490457723982544, 3.1622776601683795
241, 60, 540, 541, 541, 546, -1, -5, -1.7681918866447774, 5.0990195135927845
241, 61, 246, 402, 246, 403, 0, -1, -1.5707963267948966, 1.0
241, 62, 254, 365, 254, 366, 0, -1, -1.5707963267948966, 1.0
241, 63, 334, 667, 334, 667, 0, 0, 0.0, 0.0
241, 64, 737, 94, 737, 98, 0, -4, -1.5707963267948966, 4.0
241, 65, 329, 363, 329, 364, 0, -1, -1.5707963267948966, 1.0
241, 66, 491, 321, 491, 324, 0, -3, -1.5707963267948966, 3.0
241, 67, 61, 158, 61, 159, 0, -1, -1.5707963267948966, 1.0
241, 68, 707, 476, 707, 473, 0, 3, 1.5707963267948966, 3.0
241, 69, 704, 468, 704, 464, 0, 4, 1.5707963267948966, 4.0
241, 70, 1001, 87, 1003, 89, -2, -2, -2.356194490192345, 2.8284271247461903
241, 71, 847, 452, 846, 448, 1, 4, 1.3258176636680326, 4.123105625617661
241, 72, 503, 523, 504, 527, -1, -4, -1.8157749899217608, 4.123105625617661
241, 73, 500, 266, 501, 270, -1, -4, -1.8157749899217608, 4.123105625617661
241, 74, 52, 149, 52, 150, 0, -1, -1.5707963267948966, 1.0
241, 75, 683, 660, 683, 661, 0, -1, -1.5707963267948966, 1.0
241, 76, 145, 139, 146, 139, -1, 0, 3.141592653589793, 1.0
241, 77, 696, 160, 696, 163, 0, -3, -1.5707963267948966, 3.0
241, 78, 178, 629, 176, 627, 2, 2, 0.7853981633974483, 2.8284271247461903
241, 79, 1232, 149, 1233, 149, -1, 0, 3.141592653589793, 1.0
241, 80, 817, 12, 817, 13, 0, -1, -1.5707963267948966, 1.0
241, 81, 291, 308, 291, 309, 0, -1, -1.5707963267948966, 1.0
241, 82, 854, 156, 854, 161, 0, -5, -1.5707963267948966, 5.0
241, 83, 693, 245, 694, 247, -1, -2, -2.0344439357957027, 2.23606797749979
241, 84, 841, 237, 842, 240, -1, -3, -1.892546881191539, 3.1622776601683795
241, 85, 996, 62, 998, 64, -2, -2, -2.356194490192345, 2.8284271247461903
241, 86, 844, 60, 843, 63, 1, -3, -1.2490457723982544, 3.1622776601683795
241, 87, 257, 373, 257, 374, 0, -1, -1.5707963267948966, 1.0
241, 88, 325, 337, 325, 338, 0, -1, -1.5707963267948966, 1.0
241, 89, 499, 226, 500, 230, -1, -4, -1.8157749899217608, 4.123105625617661
241, 90, 263, 377, 263, 378, 0, -1, -1.5707963267948966, 1.0
241, 91, 676, 511, 676, 507, 0, 4, 1.5707963267948966, 4.0
241, 92, 287, 353, 287, 354, 0, -1, -1.5707963267948966, 1.0
241, 93, 1193, 362, 1194, 359, -1, 3, 1.892546881191539, 3.1622776601683795
241, 94, 1228, 261, 1228, 259, 0, 2, 1.5707963267948966, 2.0
241, 95, 647, 26, 647, 26, 0, 0, 0.0, 0.0
241, 96, 167, 147, 168, 147, -1, 0, 3.141592653589793, 1.0
241, 97, 715, 485, 715, 481, 0, 4, 1.5707963267948966, 4.0
241, 98, 353, 600, 354, 596, -1, 4, 1.8157749899217608, 4.123105625617661
241, 99, 974, 696, 979, 701, -5, -5, -2.356194490192345, 7.0710678118654755
241, 100, 932, 91, 932, 92, 0, -1, -1.5707963267948966, 1.0
241, 101, 479, 66, 479, 68, 0, -2, -1.5707963267948966, 2.0
241, 102, 924, 92, 924, 93, 0, -1, -1.5707963267948966, 1.0
241, 103, 703, 160, 703, 163, 0, -3, -1.5707963267948966, 3.0
241, 104, 674, 692, 674, 689, 0, 3, 1.5707963267948966, 3.0
241, 105, 71, 19, 68, 21, 3, -2, -0.5880026035475675, 3.605551275463989
241, 106, 274, 345, 274, 346, 0, -1, -1.5707963267948966, 1.0
241, 107, 1234, 141, 1236, 142, -2, -1, -2.677945044588987, 2.23606797749979
241, 108, 145, 113, 146, 113, -1, 0, 3.141592653589793, 1.0
241, 109, 669, 701, 669, 698, 0, 3, 1.5707963267948966, 3.0
241, 110, 160, 632, 160, 630, 0, 2, 1.5707963267948966, 2.0
241, 111, 148, 86, 149, 86, -1, 0, 3.141592653589793, 1.0
241, 112, 824, 459, 824, 456, 0, 3, 1.5707963267948966, 3.0
241, 113, 631, 319, 631, 319, 0, 0, 0.0, 0.0
241, 114, 696, 468, 696, 464, 0, 4, 1.5707963267948966, 4.0
241, 115, 1007, 117, 1009, 121, -2, -4, -2.0344439357957027, 4.47213595499958
241, 116, 511, 493, 513, 499, -2, -6, -1.892546881191539, 6.324555320336759
241, 117, 135, 76, 136, 76, -1, 0, 3.141592653589793, 1.0
241, 118, 707, 206, 708, 210, -1, -4, -1.8157749899217608, 4.123105625617661
241, 119, 716, 540, 717, 537, -1, 3, 1.892546881191539, 3.1622776601683795
241, 120, 613, 284, 613, 284, 0, 0, 0.0, 0.0
241, 121, 468, 267, 468, 270, 0, -3, -1.5707963267948966, 3.0
241, 122, 646, 100, 646, 99, 0, 1, 1.5707963267948966, 1.0
241, 123, 617, 312, 617, 309, 0, 3, 1.5707963267948966, 3.0
241, 124, 826, 43, 826, 44, 0, -1, -1.5707963267948966, 1.0
241, 125, 724, 173, 725, 175, -1, -2, -2.0344439357957027, 2.23606797749979
241, 126, 1244, 188, 1243, 188, 1, 0, 0.0, 1.0
241, 127, 939, 29, 939, 30, 0, -1, -1.5707963267948966, 1.0
241, 128, 830, 30, 830, 31, 0, -1, -1.5707963267948966, 1.0
241, 129, 264, 389, 264, 390, 0, -1, -1.5707963267948966, 1.0
241, 130, 783, 47, 783, 48, 0, -1, -1.5707963267948966, 1.0
241, 131, 827, 407, 826, 403, 1, 4, 1.3258176636680326, 4.123105625617661
241, 132, 529, 616, 530, 622, -1, -6, -1.7359450042095235, 6.082762530298219
241, 133, 233, 322, 233, 323, 0, -1, -1.5707963267948966, 1.0
241, 134, 438, 60, 435, 60, 3, 0, 0.0, 3.0
242, 0, 848, 151, 848, 156, 0, -5, -1.5707963267948966, 5.0
242, 1, 1002, 36, 1004, 40, -2, -4, -2.0344439357957027, 4.47213595499958
242, 2, 169, 128, 170, 127, -1, 1, 2.356194490192345, 1.4142135623730951
242, 3, 838, 152, 838, 157, 0, -5, -1.5707963267948966, 5.0
242, 4, 247, 330, 248, 330, -1, 0, 3.141592653589793, 1.0
242, 5, 446, 17, 443, 18, 3, -1, -0.3217505543966422, 3.1622776601683795
242, 6, 492, 219, 493, 223, -1, -4, -1.8157749899217608, 4.123105625617661
242, 7, 1004, 44, 1005, 48, -1, -4, -1.8157749899217608, 4.123105625617661
242, 8, 699, 177, 699, 181, 0, -4, -1.5707963267948966, 4.0
242, 9, 277, 338, 277, 339, 0, -1, -1.5707963267948966, 1.0
242, 10, 331, 354, 331, 355, 0, -1, -1.5707963267948966, 1.0
242, 11, 350, 624, 351, 623, -1, 1, 2.356194490192345, 1.4142135623730951
242, 12, 449, 65, 446, 64, 3, 1, 0.3217505543966422, 3.1622776601683795
242, 13, 841, 417, 840, 413, 1, 4, 1.3258176636680326, 4.123105625617661
242, 14, 257, 374, 257, 375, 0, -1, -1.5707963267948966, 1.0
242, 15, 335, 667, 335, 667, 0, 0, 0.0, 0.0
242, 16, 1243, 119, 1246, 122, -3, -3, -2.356194490192345, 4.242640687119285
242, 17, 436, 76, 434, 76, 2, 0, 0.0, 2.0
242, 18, 29, 110, 29, 111, 0, -1, -1.5707963267948966, 1.0
242, 19, 1009, 34, 1011, 38, -2, -4, -2.0344439357957027, 4.47213595499958
242, 20, 746, 33, 746, 34, 0, -1, -1.5707963267948966, 1.0
242, 21, 844, 15, 843, 17, 1, -2, -1.1071487177940904, 2.23606797749979
242, 22, 853, 35, 852, 37, 1, -2, -1.1071487177940904, 2.23606797749979
242, 23, 823, 414, 821, 411, 2, 3, 0.982793723247329, 3.605551275463989
242, 24, 742, 43, 742, 44, 0, -1, -1.5707963267948966, 1.0
242, 25, 498, 566, 499, 568, -1, -2, -2.0344439357957027, 2.23606797749979
242, 26, 445, 27, 442, 28, 3, -1, -0.3217505543966422, 3.1622776601683795
242, 27, 302, 361, 303, 363, -1, -2, -2.0344439357957027, 2.23606797749979
242, 28, 692, 478, 692, 474, 0, 4, 1.5707963267948966, 4.0
242, 29, 480, 221, 481, 225, -1, -4, -1.8157749899217608, 4.123105625617661
242, 30, 624, 227, 624, 224, 0, 3, 1.5707963267948966, 3.0
242, 31, 823, 463, 824, 460, -1, 3, 1.892546881191539, 3.1622776601683795
242, 32, 117, 644, 117, 646, 0, -2, -1.5707963267948966, 2.0
242, 33, 336, 614, 338, 611, -2, 3, 2.158798930342464, 3.605551275463989
242, 34, 1222, 311, 1223, 309, -1, 2, 2.0344439357957027, 2.23606797749979
242, 35, 682, 560, 682, 556, 0, 4, 1.5707963267948966, 4.0
242, 36, 458, 79, 458, 80, 0, -1, -1.5707963267948966, 1.0
242, 37, 992, 65, 994, 66, -2, -1, -2.677945044588987, 2.23606797749979
242, 38, 825, 190, 827, 194, -2, -4, -2.0344439357957027, 4.47213595499958
242, 39, 499, 226, 500, 230, -1, -4, -1.8157749899217608, 4.123105625617661
242, 40, 677, 32, 678, 31, -1, 1, 2.356194490192345, 1.4142135623730951
242, 41, 844, 141, 844, 146, 0, -5, -1.5707963267948966, 5.0
242, 42, 844, 437, 843, 433, 1, 4, 1.3258176636680326, 4.123105625617661
242, 43, 939, 16, 939, 17, 0, -1, -1.5707963267948966, 1.0
242, 44, 683, 661, 683, 661, 0, 0, 0.0, 0.0
242, 45, 310, 394, 312, 395, -2, -1, -2.677945044588987, 2.23606797749979
242, 46, 1227, 299, 1228, 297, -1, 2, 2.0344439357957027, 2.23606797749979
242, 47, 52, 150, 52, 151, 0, -1, -1.5707963267948966, 1.0
242, 48, 644, 23, 644, 22, 0, 1, 1.5707963267948966, 1.0
242, 49, 700, 170, 700, 174, 0, -4, -1.5707963267948966, 4.0
242, 50, 467, 284, 467, 287, 0, -3, -1.5707963267948966, 3.0
242, 51, 469, 265, 469, 269, 0, -4, -1.5707963267948966, 4.0
242, 52, 329, 363, 329, 364, 0, -1, -1.5707963267948966, 1.0
242, 53, 304, 320, 304, 320, 0, 0, 0.0, 0.0
242, 54, 1234, 150, 1236, 150, -2, 0, 3.141592653589793, 2.0
242, 55, 540, 543, 541, 547, -1, -4, -1.8157749899217608, 4.123105625617661
242, 56, 631, 676, 630, 671, 1, 5, 1.373400766945016, 5.0990195135927845
242, 57, 992, 701, 995, 710, -3, -9, -1.892546881191539, 9.486832980505138
242, 58, 474, 287, 474, 290, 0, -3, -1.5707963267948966, 3.0
242, 59, 1229, 188, 1229, 188, 0, 0, 0.0, 0.0
242, 60, 672, 701, 672, 718, 0, -17, -1.5707963267948966, 17.0
242, 61, 847, 453, 846, 450, 1, 3, 1.2490457723982544, 3.1622776601683795
242, 62, 440, 61, 437, 60, 3, 1, 0.3217505543966422, 3.1622776601683795
242, 63, 325, 338, 325, 339, 0, -1, -1.5707963267948966, 1.0
242, 64, 833, 227, 834, 229, -1, -2, -2.0344439357957027, 2.23606797749979
242, 65, 738, 95, 738, 99, 0, -4, -1.5707963267948966, 4.0
242, 66, 937, 100, 937, 100, 0, 0, 0.0, 0.0
242, 67, 146, 140, 147, 140, -1, 0, 3.141592653589793, 1.0
242, 68, 1229, 261, 1229, 259, 0, 2, 1.5707963267948966, 2.0
242, 69, 503, 520, 504, 525, -1, -5, -1.7681918866447774, 5.0990195135927845
242, 70, 254, 362, 254, 363, 0, -1, -1.5707963267948966, 1.0
242, 71, 330, 404, 330, 405, 0, -1, -1.5707963267948966, 1.0
242, 72, 858, 47, 857, 49, 1, -2, -1.1071487177940904, 2.23606797749979
242, 73, 618, 320, 618, 317, 0, 3, 1.5707963267948966, 3.0
242, 74, 501, 266, 502, 270, -1, -4, -1.8157749899217608, 4.123105625617661
242, 75, 854, 157, 854, 162, 0, -5, -1.5707963267948966, 5.0
242, 76, 694, 244, 695, 247, -1, -3, -1.892546881191539, 3.1622776601683795
242, 77, 482, 211, 483, 215, -1, -4, -1.8157749899217608, 4.123105625617661
242, 78, 677, 511, 677, 507, 0, 4, 1.5707963267948966, 4.0
242, 79, 932, 93, 932, 93, 0, 0, 0.0, 0.0
242, 80, 611, 280, 612, 280, -1, 0, 3.141592653589793, 1.0
242, 81, 167, 635, 167, 633, 0, 2, 1.5707963267948966, 2.0
242, 82, 844, 237, 844, 240, 0, -3, -1.5707963267948966, 3.0
242, 83, 816, 13, 816, 14, 0, -1, -1.5707963267948966, 1.0
242, 84, 167, 151, 168, 151, -1, 0, 3.141592653589793, 1.0
242, 85, 136, 658, 134, 656, 2, 2, 0.7853981633974483, 2.8284271247461903
242, 86, 704, 468, 704, 464, 0, 4, 1.5707963267948966, 4.0
242, 87, 813, 22, 813, 23, 0, -1, -1.5707963267948966, 1.0
242, 88, 512, 493, 514, 499, -2, -6, -1.892546881191539, 6.324555320336759
242, 89, 716, 487, 716, 483, 0, 4, 1.5707963267948966, 4.0
242, 90, 246, 403, 246, 404, 0, -1, -1.5707963267948966, 1.0
242, 91, 61, 159, 61, 160, 0, -1, -1.5707963267948966, 1.0
242, 92, 710, 478, 710, 474, 0, 4, 1.5707963267948966, 4.0
242, 93, 645, 100, 645, 99, 0, 1, 1.5707963267948966, 1.0
242, 94, 1013, 42, 1015, 46, -2, -4, -2.0344439357957027, 4.47213595499958
242, 95, 1194, 362, 1194, 361, 0, 1, 1.5707963267948966, 1.0
242, 96, 1191, 369, 1191, 368, 0, 1, 1.5707963267948966, 1.0
242, 97, 178, 630, 177, 628, 1, 2, 1.1071487177940904, 2.23606797749979
242, 98, 830, 159, 831, 164, -1, -5, -1.7681918866447774, 5.0990195135927845
243, 0, 848, 147, 848, 151, 0, -4, -1.5707963267948966, 4.0
243, 1, 1001, 33, 1002, 36, -1, -3, -1.892546881191539, 3.1622776601683795
243, 2, 168, 129, 169, 128, -1, 1, 2.356194490192345, 1.4142135623730951
243, 3, 838, 148, 838, 152, 0, -4, -1.5707963267948966, 4.0
243, 4, 450, 16, 446, 17, 4, -1, -0.24497866312686414, 4.123105625617661
243, 5, 492, 215, 492, 219, 0, -4, -1.5707963267948966, 4.0
243, 6, 1002, 40, 1004, 44, -2, -4, -2.0344439357957027, 4.47213595499958
243, 7, 699, 173, 699, 177, 0, -4, -1.5707963267948966, 4.0
243, 8, 277, 337, 277, 338, 0, -1, -1.5707963267948966, 1.0
243, 9, 331, 352, 331, 354, 0, -2, -1.5707963267948966, 2.0
243, 10, 348, 629, 350, 624, -2, 5, 1.9513027039072615, 5.385164807134504
243, 11, 452, 66, 449, 65, 3, 1, 0.3217505543966422, 3.1622776601683795
243, 12, 841, 420, 841, 417, 0, 3, 1.5707963267948966, 3.0
243, 13, 257, 373, 257, 374, 0, -1, -1.5707963267948966, 1.0
243, 14, 335, 666, 335, 667, 0, -1, -1.5707963267948966, 1.0
243, 15, 1240, 115, 1243, 119, -3, -4, -2.214297435588181, 5.0
243, 16, 438, 78, 436, 76, 2, 2, 0.7853981633974483, 2.8284271247461903
243, 17, 29, 108, 29, 110, 0, -2, -1.5707963267948966, 2.0
243, 18, 1008, 30, 1009, 34, -1, -4, -1.8157749899217608, 4.123105625617661
243, 19, 746, 31, 746, 33, 0, -2, -1.5707963267948966, 2.0
243, 20, 847, 12, 844, 15, 3, -3, -0.7853981633974483, 4.242640687119285
243, 21, 855, 32, 853, 35, 2, -3, -0.982793723247329, 3.605551275463989
243, 22, 825, 417, 823, 414, 2, 3, 0.982793723247329, 3.605551275463989
243, 23, 742, 41, 742, 43, 0, -2, -1.5707963267948966, 2.0
243, 24, 498, 565, 498, 566, 0, -1, -1.5707963267948966, 1.0
243, 25, 448, 28, 445, 27, 3, 1, 0.3217505543966422, 3.1622776601683795
243, 26, 301, 359, 302, 361, -1, -2, -2.0344439357957027, 2.23606797749979
243, 27, 694, 481, 692, 478, 2, 3, 0.982793723247329, 3.605551275463989
243, 28, 479, 217, 480, 221, -1, -4, -1.8157749899217608, 4.123105625617661
243, 29, 624, 231, 624, 227, 0, 4, 1.5707963267948966, 4.0
243, 30, 824, 465, 823, 463, 1, 2, 1.1071487177940904, 2.23606797749979
243, 31, 119, 641, 117, 644, 2, -3, -0.982793723247329, 3.605551275463989
243, 32, 336, 618, 336, 614, 0, 4, 1.5707963267948966, 4.0
243, 33, 1221, 314, 1222, 311, -1, 3, 1.892546881191539, 3.1622776601683795
243, 34, 683, 563, 682, 560, 1, 3, 1.2490457723982544, 3.1622776601683795
243, 35, 459, 78, 458, 79, 1, -1, -0.7853981633974483, 1.4142135623730951
243, 36, 990, 63, 992, 65, -2, -2, -2.356194490192345, 2.8284271247461903
243, 37, 825, 187, 825, 190, 0, -3, -1.5707963267948966, 3.0
243, 38, 499, 223, 499, 226, 0, -3, -1.5707963267948966, 3.0
243, 39, 676, 34, 677, 32, -1, 2, 2.0344439357957027, 2.23606797749979
243, 40, 844, 136, 844, 141, 0, -5, -1.5707963267948966, 5.0
243, 41, 845, 441, 844, 437, 1, 4, 1.3258176636680326, 4.123105625617661
243, 42, 939, 15, 939, 16, 0, -1, -1.5707963267948966, 1.0
243, 43, 684, 663, 683, 661, 1, 2, 1.1071487177940904, 2.23606797749979
243, 44, 1226, 303, 1227, 299, -1, 4, 1.8157749899217608, 4.123105625617661
243, 45, 52, 149, 52, 150, 0, -1, -1.5707963267948966, 1.0
243, 46, 644, 26, 644, 23, 0, 3, 1.5707963267948966, 3.0
243, 47, 700, 166, 700, 170, 0, -4, -1.5707963267948966, 4.0
243, 48, 467, 279, 467, 284, 0, -5, -1.5707963267948966, 5.0
243, 49, 468, 261, 469, 265, -1, -4, -1.8157749899217608, 4.123105625617661
243, 50, 329, 361, 329, 363, 0, -2, -1.5707963267948966, 2.0
243, 51, 304, 319, 304, 320, 0, -1, -1.5707963267948966, 1.0
243, 52, 1232, 150, 1234, 150, -2, 0, 3.141592653589793, 2.0
243, 53, 540, 540, 540, 543, 0, -3, -1.5707963267948966, 3.0
243, 54, 632, 677, 631, 676, 1, 1, 0.7853981633974483, 1.4142135623730951
243, 55, 991, 701, 992, 701, -1, 0, 3.141592653589793, 1.0
243, 56, 474, 282, 474, 287, 0, -5, -1.5707963267948966, 5.0
243, 57, 1230, 189, 1229, 188, 1, 1, 0.7853981633974483, 1.4142135623730951
243, 58, 673, 701, 672, 701, 1, 0, 0.0, 1.0
243, 59, 849, 455, 847, 453, 2, 2, 0.7853981633974483, 2.8284271247461903
243, 60, 444, 62, 440, 61, 4, 1, 0.24497866312686414, 4.123105625617661
243, 61, 325, 337, 325, 338, 0, -1, -1.5707963267948966, 1.0
243, 62, 832, 225, 833, 227, -1, -2, -2.0344439357957027, 2.23606797749979
243, 63, 738, 90, 738, 95, 0, -5, -1.5707963267948966, 5.0
243, 64, 937, 99, 937, 100, 0, -1, -1.5707963267948966, 1.0
243, 65, 145, 140, 146, 140, -1, 0, 3.141592653589793, 1.0
243, 66, 1229, 265, 1229, 261, 0, 4, 1.5707963267948966, 4.0
243, 67, 503, 514, 503, 520, 0, -6, -1.5707963267948966, 6.0
243, 68, 254, 360, 254, 362, 0, -2, -1.5707963267948966, 2.0
243, 69, 330, 403, 330, 404, 0, -1, -1.5707963267948966, 1.0
243, 70, 859, 44, 858, 47, 1, -3, -1.2490457723982544, 3.1622776601683795
243, 71, 619, 322, 618, 320, 1, 2, 1.1071487177940904, 2.23606797749979
243, 72, 499, 262, 501, 266, -2, -4, -2.0344439357957027, 4.47213595499958
243, 73, 855, 153, 854, 157, 1, -4, -1.3258176636680326, 4.123105625617661
243, 74, 693, 239, 694, 244, -1, -5, -1.7681918866447774, 5.0990195135927845
243, 75, 482, 206, 482, 211, 0, -5, -1.5707963267948966, 5.0
243, 76, 678, 512, 677, 511, 1, 1, 0.7853981633974483, 1.4142135623730951
243, 77, 932, 92, 932, 93, 0, -1, -1.5707963267948966, 1.0
243, 78, 611, 281, 611, 280, 0, 1, 1.5707963267948966, 1.0
243, 79, 168, 638, 167, 635, 1, 3, 1.2490457723982544, 3.1622776601683795
243, 80, 844, 234, 844, 237, 0, -3, -1.5707963267948966, 3.0
243, 81, 816, 12, 816, 13, 0, -1, -1.5707963267948966, 1.0
243, 82, 166, 152, 167, 151, -1, 1, 2.356194490192345, 1.4142135623730951
243, 83, 136, 659, 136, 658, 0, 1, 1.5707963267948966, 1.0
243, 84, 704, 472, 704, 468, 0, 4, 1.5707963267948966, 4.0
243, 85, 813, 21, 813, 22, 0, -1, -1.5707963267948966, 1.0
243, 86, 510, 486, 512, 493, -2, -7, -1.849095985800008, 7.280109889280518
243, 87, 716, 491, 716, 487, 0, 4, 1.5707963267948966, 4.0
243, 88, 246, 402, 246, 403, 0, -1, -1.5707963267948966, 1.0
243, 89, 61, 158, 61, 159, 0, -1, -1.5707963267948966, 1.0
243, 90, 709, 481, 710, 478, -1, 3, 1.892546881191539, 3.1622776601683795
243, 91, 645, 101, 645, 100, 0, 1, 1.5707963267948966, 1.0
243, 92, 1012, 38, 1013, 42, -1, -4, -1.8157749899217608, 4.123105625617661
243, 93, 1193, 362, 1194, 362, -1, 0, 3.141592653589793, 1.0
243, 94, 1190, 369, 1191, 369, -1, 0, 3.141592653589793, 1.0
243, 95, 179, 632, 178, 630, 1, 2, 1.1071487177940904, 2.23606797749979
243, 96, 828, 155, 830, 159, -2, -4, -2.0344439357957027, 4.47213595499958
244, 0, 849, 147, 849, 150, 0, -3, -1.5707963267948966, 3.0
244, 1, 257, 373, 257, 374, 0, -1, -1.5707963267948966, 1.0
244, 2, 825, 184, 826, 187, -1, -3, -1.892546881191539, 3.1622776601683795
244, 3, 169, 129, 170, 129, -1, 0, 3.141592653589793, 1.0
244, 4, 449, 17, 448, 17, 1, 0, 0.0, 1.0
244, 5, 542, 540, 542, 540, 0, 0, 0.0, 0.0
244, 6, 1009, 29, 1010, 33, -1, -4, -1.8157749899217608, 4.123105625617661
244, 7, 845, 425, 843, 421, 2, 4, 1.1071487177940904, 4.47213595499958
244, 8, 846, 14, 845, 15, 1, -1, -0.7853981633974483, 1.4142135623730951
244, 9, 492, 213, 492, 218, 0, -5, -1.5707963267948966, 5.0
244, 10, 333, 350, 333, 351, 0, -1, -1.5707963267948966, 1.0
244, 11, 498, 551, 499, 554, -1, -3, -1.892546881191539, 3.1622776601683795
244, 12, 747, 32, 747, 33, 0, -1, -1.5707963267948966, 1.0
244, 13, 443, 74, 441, 72, 2, 2, 0.7853981633974483, 2.8284271247461903
244, 14, 452, 70, 451, 69, 1, 1, 0.7853981633974483, 1.4142135623730951
244, 15, 278, 336, 278, 337, 0, -1, -1.5707963267948966, 1.0
244, 16, 1002, 39, 1003, 43, -1, -4, -1.8157749899217608, 4.123105625617661
244, 17, 118, 638, 116, 640, 2, -2, -0.7853981633974483, 2.8284271247461903
244, 18, 838, 147, 838, 151, 0, -4, -1.5707963267948966, 4.0
244, 19, 450, 26, 447, 27, 3, -1, -0.3217505543966422, 3.1622776601683795
244, 20, 687, 663, 687, 660, 0, 3, 1.5707963267948966, 3.0
244, 21, 483, 289, 484, 293, -1, -4, -1.8157749899217608, 4.123105625617661
244, 22, 992, 66, 994, 67, -2, -1, -2.677945044588987, 2.23606797749979
244, 23, 695, 166, 696, 171, -1, -5, -1.7681918866447774, 5.0990195135927845
244, 24, 827, 470, 826, 468, 1, 2, 1.1071487177940904, 2.23606797749979
244, 25, 157, 596, 156, 593, 1, 3, 1.2490457723982544, 3.1622776601683795
244, 26, 685, 569, 684, 565, 1, 4, 1.3258176636680326, 4.123105625617661
244, 27, 828, 422, 825, 419, 3, 3, 0.7853981633974483, 4.242640687119285
244, 28, 459, 80, 459, 80, 0, 0, 0.0, 0.0
244, 29, 32, 114, 32, 115, 0, -1, -1.5707963267948966, 1.0
244, 30, 479, 214, 480, 219, -1, -5, -1.7681918866447774, 5.0990195135927845
244, 31, 1241, 114, 1243, 118, -2, -4, -2.0344439357957027, 4.47213595499958
244, 32, 146, 673, 144, 670, 2, 3, 0.982793723247329, 3.605551275463989
244, 33, 694, 486, 694, 483, 0, 3, 1.5707963267948966, 3.0
244, 34, 499, 220, 500, 225, -1, -5, -1.7681918866447774, 5.0990195135927845
244, 35, 1230, 189, 1230, 189, 0, 0, 0.0, 0.0
244, 36, 468, 259, 469, 264, -1, -5, -1.7681918866447774, 5.0990195135927845
244, 37, 298, 388, 300, 391, -2, -3, -2.158798930342464, 3.605551275463989
244, 38, 702, 581, 701, 582, 1, -1, -0.7853981633974483, 1.4142135623730951
244, 39, 856, 36, 855, 37, 1, -1, -0.7853981633974483, 1.4142135623730951
244, 40, 473, 63, 474, 65, -1, -2, -2.0344439357957027, 2.23606797749979
244, 41, 305, 319, 305, 320, 0, -1, -1.5707963267948966, 1.0
244, 42, 846, 446, 845, 442, 1, 4, 1.3258176636680326, 4.123105625617661
244, 43, 609, 281, 610, 280, -1, 1, 2.356194490192345, 1.4142135623730951
244, 44, 845, 137, 845, 140, 0, -3, -1.5707963267948966, 3.0
244, 45, 623, 232, 624, 229, -1, 3, 1.892546881191539, 3.1622776601683795
244, 46, 635, 691, 635, 688, 0, 3, 1.5707963267948966, 3.0
244, 47, 844, 223, 844, 226, 0, -3, -1.5707963267948966, 3.0
244, 48, 835, 226, 835, 228, 0, -2, -1.5707963267948966, 2.0
244, 49, 255, 364, 255, 365, 0, -1, -1.5707963267948966, 1.0
244, 50, 497, 309, 496, 315, 1, -6, -1.4056476493802699, 6.082762530298219
244, 51, 743, 39, 743, 40, 0, -1, -1.5707963267948966, 1.0
244, 52, 52, 149, 52, 150, 0, -1, -1.5707963267948966, 1.0
244, 53, 836, 513, 836, 512, 0, 1, 1.5707963267948966, 1.0
244, 54, 717, 122, 718, 124, -1, -2, -2.0344439357957027, 2.23606797749979
244, 55, 449, 61, 447, 60, 2, 1, 0.4636476090008061, 2.23606797749979
244, 56, 630, 233, 631, 230, -1, 3, 1.892546881191539, 3.1622776601683795
244, 57, 677, 33, 678, 33, -1, 0, 3.141592653589793, 1.0
244, 58, 325, 338, 325, 339, 0, -1, -1.5707963267948966, 1.0
244, 59, 848, 462, 847, 459, 1, 3, 1.2490457723982544, 3.1622776601683795
244, 60, 483, 204, 483, 209, 0, -5, -1.5707963267948966, 5.0
244, 61, 647, 30, 647, 29, 0, 1, 1.5707963267948966, 1.0
245, 0, 849, 144, 849, 147, 0, -3, -1.5707963267948966, 3.0
245, 1, 257, 372, 257, 373, 0, -1, -1.5707963267948966, 1.0
245, 2, 825, 180, 825, 184, 0, -4, -1.5707963267948966, 4.0
245, 3, 168, 129, 169, 129, -1, 0, 3.141592653589793, 1.0
245, 4, 450, 16, 449, 17, 1, -1, -0.7853981633974483, 1.4142135623730951
245, 5, 541, 540, 542, 540, -1, 0, 3.141592653589793, 1.0
245, 6, 1008, 25, 1009, 29, -1, -4, -1.8157749899217608, 4.123105625617661
245, 7, 847, 429, 845, 425, 2, 4, 1.1071487177940904, 4.47213595499958
245, 8, 847, 12, 846, 14, 1, -2, -1.1071487177940904, 2.23606797749979
245, 9, 492, 208, 492, 213, 0, -5, -1.5707963267948966, 5.0
245, 10, 333, 349, 333, 350, 0, -1, -1.5707963267948966, 1.0
245, 11, 498, 548, 498, 551, 0, -3, -1.5707963267948966, 3.0
245, 12, 747, 30, 747, 32, 0, -2, -1.5707963267948966, 2.0
245, 13, 445, 76, 443, 74, 2, 2, 0.7853981633974483, 2.8284271247461903
245, 14, 453, 71, 452, 70, 1, 1, 0.7853981633974483, 1.4142135623730951
245, 15, 278, 335, 278, 336, 0, -1, -1.5707963267948966, 1.0
245, 16, 1001, 35, 1002, 39, -1, -4, -1.8157749899217608, 4.123105625617661
245, 17, 121, 637, 118, 638, 3, -1, -0.3217505543966422, 3.1622776601683795
245, 18, 838, 144, 838, 147, 0, -3, -1.5707963267948966, 3.0
245, 19, 452, 24, 450, 26, 2, -2, -0.7853981633974483, 2.8284271247461903
245, 20, 688, 667, 687, 663, 1, 4, 1.3258176636680326, 4.123105625617661
245, 21, 482, 285, 483, 289, -1, -4, -1.8157749899217608, 4.123105625617661
245, 22, 990, 66, 992, 66, -2, 0, 3.141592653589793, 2.0
245, 23, 695, 161, 695, 166, 0, -5, -1.5707963267948966, 5.0
245, 24, 828, 473, 827, 470, 1, 3, 1.2490457723982544, 3.1622776601683795
245, 25, 157, 600, 157, 596, 0, 4, 1.5707963267948966, 4.0
245, 26, 686, 573, 685, 569, 1, 4, 1.3258176636680326, 4.123105625617661
245, 27, 830, 425, 828, 422, 2, 3, 0.982793723247329, 3.605551275463989
245, 28, 459, 79, 459, 80, 0, -1, -1.5707963267948966, 1.0
245, 29, 32, 113, 32, 114, 0, -1, -1.5707963267948966, 1.0
245, 30, 478, 209, 479, 214, -1, -5, -1.7681918866447774, 5.0990195135927845
245, 31, 1240, 110, 1241, 114, -1, -4, -1.8157749899217608, 4.123105625617661
245, 32, 147, 676, 146, 673, 1, 3, 1.2490457723982544, 3.1622776601683795
245, 33, 694, 490, 694, 486, 0, 4, 1.5707963267948966, 4.0
245, 34, 499, 215, 499, 220, 0, -5, -1.5707963267948966, 5.0
245, 35, 1231, 189, 1230, 189, 1, 0, 0.0, 1.0
245, 36, 467, 253, 468, 259, -1, -6, -1.7359450042095235, 6.082762530298219
245, 37, 296, 386, 298, 388, -2, -2, -2.356194490192345, 2.8284271247461903
245, 38, 702, 580, 702, 581, 0, -1, -1.5707963267948966, 1.0
245, 39, 857, 34, 856, 36, 1, -2, -1.1071487177940904, 2.23606797749979
245, 40, 473, 61, 473, 63, 0, -2, -1.5707963267948966, 2.0
245, 41, 305, 318, 305, 319, 0, -1, -1.5707963267948966, 1.0
245, 42, 847, 450, 846, 446, 1, 4, 1.3258176636680326, 4.123105625617661
245, 43, 608, 282, 609, 281, -1, 1, 2.356194490192345, 1.4142135623730951
245, 44, 845, 134, 845, 137, 0, -3, -1.5707963267948966, 3.0
245, 45, 623, 235, 623, 232, 0, 3, 1.5707963267948966, 3.0
245, 46, 635, 694, 635, 691, 0, 3, 1.5707963267948966, 3.0
245, 47, 844, 220, 844, 223, 0, -3, -1.5707963267948966, 3.0
245, 48, 835, 224, 835, 226, 0, -2, -1.5707963267948966, 2.0
245, 49, 255, 363, 255, 364, 0, -1, -1.5707963267948966, 1.0
245, 50, 498, 305, 497, 309, 1, -4, -1.3258176636680326, 4.123105625617661
245, 51, 743, 37, 743, 39, 0, -2, -1.5707963267948966, 2.0
245, 52, 52, 148, 52, 149, 0, -1, -1.5707963267948966, 1.0
245, 53, 836, 513, 836, 513, 0, 0, 0.0, 0.0
245, 54, 716, 120, 717, 122, -1, -2, -2.0344439357957027, 2.23606797749979
245, 55, 450, 62, 449, 61, 1, 1, 0.7853981633974483, 1.4142135623730951
245, 56, 630, 236, 630, 233, 0, 3, 1.5707963267948966, 3.0
245, 57, 676, 33, 677, 33, -1, 0, 3.141592653589793, 1.0
245, 58, 325, 337, 325, 338, 0, -1, -1.5707963267948966, 1.0
245, 59, 849, 466, 848, 462, 1, 4, 1.3258176636680326, 4.123105625617661
245, 60, 482, 199, 483, 204, -1, -5, -1.7681918866447774, 5.0990195135927845
245, 61, 646, 31, 647, 30, -1, 1, 2.356194490192345, 1.4142135623730951
246, 0, 848, 146, 848, 148, 0, -2, -1.5707963267948966, 2.0
246, 1, 257, 372, 257, 373, 0, -1, -1.5707963267948966, 1.0
246, 2, 539, 544, 541, 544, -2, 0, 3.141592653589793, 2.0
246, 3, 168, 131, 169, 130, -1, 1, 2.356194490192345, 1.4142135623730951
246, 4, 1004, 28, 1005, 31, -1, -3, -1.892546881191539, 3.1622776601683795
246, 5, 450, 73, 449, 71, 1, 2, 1.1071487177940904, 2.23606797749979
246, 6, 452, 17, 452, 17, 0, 0, 0.0, 0.0
246, 7, 252, 386, 253, 386, -1, 0, 3.141592653589793, 1.0
246, 8, 497, 541, 498, 544, -1, -3, -1.892546881191539, 3.1622776601683795
246, 9, 332, 352, 332, 353, 0, -1, -1.5707963267948966, 1.0
246, 10, 492, 209, 492, 213, 0, -4, -1.5707963267948966, 4.0
246, 11, 342, 644, 343, 641, -1, 3, 1.892546881191539, 3.1622776601683795
246, 12, 837, 146, 838, 148, -1, -2, -2.0344439357957027, 2.23606797749979
246, 13, 335, 666, 335, 666, 0, 0, 0.0, 0.0
246, 14, 159, 604, 159, 600, 0, 4, 1.5707963267948966, 4.0
246, 15, 848, 428, 846, 425, 2, 3, 0.982793723247329, 3.605551275463989
246, 16, 345, 630, 347, 625, -2, 5, 1.9513027039072615, 5.385164807134504
246, 17, 479, 210, 480, 215, -1, -5, -1.7681918866447774, 5.0990195135927845
246, 18, 828, 187, 828, 189, 0, -2, -1.5707963267948966, 2.0
246, 19, 829, 477, 828, 474, 1, 3, 1.2490457723982544, 3.1622776601683795
246, 20, 700, 168, 700, 172, 0, -4, -1.5707963267948966, 4.0
246, 21, 452, 25, 450, 26, 2, -1, -0.4636476090008061, 2.23606797749979
246, 22, 829, 425, 827, 422, 2, 3, 0.982793723247329, 3.605551275463989
246, 23, 848, 12, 847, 13, 1, -1, -0.7853981633974483, 1.4142135623730951
246, 24, 857, 35, 856, 36, 1, -1, -0.7853981633974483, 1.4142135623730951
246, 25, 834, 227, 834, 228, 0, -1, -1.5707963267948966, 1.0
246, 26, 689, 665, 688, 662, 1, 3, 1.2490457723982544, 3.1622776601683795
246, 27, 278, 337, 278, 337, 0, 0, 0.0, 0.0
246, 28, 693, 492, 693, 488, 0, 4, 1.5707963267948966, 4.0
246, 29, 687, 574, 686, 571, 1, 3, 1.2490457723982544, 3.1622776601683795
246, 30, 748, 31, 748, 32, 0, -1, -1.5707963267948966, 1.0
246, 31, 1001, 36, 1002, 39, -1, -3, -1.892546881191539, 3.1622776601683795
246, 32, 467, 254, 468, 259, -1, -5, -1.7681918866447774, 5.0990195135927845
246, 33, 264, 336, 264, 336, 0, 0, 0.0, 0.0
246, 34, 452, 63, 451, 62, 1, 1, 0.7853981633974483, 1.4142135623730951
246, 35, 624, 235, 624, 232, 0, 3, 1.5707963267948966, 3.0
246, 36, 845, 135, 845, 137, 0, -2, -1.5707963267948966, 2.0
246, 37, 459, 80, 459, 80, 0, 0, 0.0, 0.0
246, 38, 1221, 164, 1222, 164, -1, 0, 3.141592653589793, 1.0
246, 39, 121, 635, 117, 635, 4, 0, 0.0, 4.0
246, 40, 32, 113, 32, 114, 0, -1, -1.5707963267948966, 1.0
246, 41, 500, 216, 500, 220, 0, -4, -1.5707963267948966, 4.0
246, 42, 744, 38, 744, 39, 0, -1, -1.5707963267948966, 1.0
246, 43, 826, 167, 826, 172, 0, -5, -1.5707963267948966, 5.0
246, 44, 1242, 112, 1243, 115, -1, -3, -1.892546881191539, 3.1622776601683795
246, 45, 255, 361, 255, 362, 0, -1, -1.5707963267948966, 1.0
246, 46, 502, 254, 502, 252, 0, 2, 1.5707963267948966, 2.0
246, 47, 610, 281, 610, 280, 0, 1, 1.5707963267948966, 1.0
246, 48, 643, 27, 644, 26, -1, 1, 2.356194490192345, 1.4142135623730951
246, 49, 305, 319, 305, 320, 0, -1, -1.5707963267948966, 1.0
246, 50, 848, 451, 847, 447, 1, 4, 1.3258176636680326, 4.123105625617661
246, 51, 331, 363, 331, 363, 0, 0, 0.0, 0.0
246, 52, 149, 680, 148, 678, 1, 2, 1.1071487177940904, 2.23606797749979
246, 53, 52, 149, 52, 150, 0, -1, -1.5707963267948966, 1.0
246, 54, 145, 141, 146, 141, -1, 0, 3.141592653589793, 1.0
246, 55, 295, 385, 297, 387, -2, -2, -2.356194490192345, 2.8284271247461903
246, 56, 701, 160, 701, 164, 0, -4, -1.5707963267948966, 4.0
246, 57, 841, 216, 841, 219, 0, -3, -1.5707963267948966, 3.0
246, 58, 697, 231, 697, 233, 0, -2, -1.5707963267948966, 2.0
246, 59, 631, 237, 631, 234, 0, 3, 1.5707963267948966, 3.0
246, 60, 677, 33, 677, 33, 0, 0, 0.0, 0.0
246, 61, 349, 650, 350, 646, -1, 4, 1.8157749899217608, 4.123105625617661
246, 62, 835, 513, 836, 513, -1, 0, 3.141592653589793, 1.0
246, 63, 246, 403, 247, 403, -1, 0, 3.141592653589793, 1.0
246, 64, 1012, 37, 1013, 39, -1, -2, -2.0344439357957027, 2.23606797749979
246, 65, 483, 199, 483, 204, 0, -5, -1.5707963267948966, 5.0
246, 66, 851, 469, 850, 466, 1, 3, 1.2490457723982544, 3.1622776601683795
246, 67, 325, 337, 325, 338, 0, -1, -1.5707963267948966, 1.0
246, 68, 330, 403, 330, 404, 0, -1, -1.5707963267948966, 1.0
246, 69, 511, 477, 512, 483, -1, -6, -1.7359450042095235, 6.082762530298219
246, 70, 1236, 193, 1236, 192, 0, 1, 1.5707963267948966, 1.0
246, 71, 993, 107, 995, 108, -2, -1, -2.677945044588987, 2.23606797749979
246, 72, 482, 286, 483, 289, -1, -3, -1.892546881191539, 3.1622776601683795
246, 73, 618, 277, 618, 275, 0, 2, 1.5707963267948966, 2.0
246, 74, 474, 63, 474, 64, 0, -1, -1.5707963267948966, 1.0
246, 75, 637, 699, 637, 696, 0, 3, 1.5707963267948966, 3.0
246, 76, 937, 98, 937, 99, 0, -1, -1.5707963267948966, 1.0
246, 77, 470, 276, 472, 280, -2, -4, -2.0344439357957027, 4.47213595499958
246, 78, 498, 301, 498, 304, 0, -3, -1.5707963267948966, 3.0
246, 79, 1228, 302, 1228, 301, 0, 1, 1.5707963267948966, 1.0
246, 80, 501, 505, 502, 510, -1, -5, -1.7681918866447774, 5.0990195135927845
246, 81, 1191, 366, 1191, 367, 0, -1, -1.5707963267948966, 1.0
246, 82, 1230, 264, 1230, 263, 0, 1, 1.5707963267948966, 1.0
246, 83, 738, 88, 739, 91, -1, -3, -1.892546881191539, 3.1622776601683795
246, 84, 932, 91, 932, 92, 0, -1, -1.5707963267948966, 1.0
246, 85, 716, 119, 717, 121, -1, -2, -2.0344439357957027, 2.23606797749979
246, 86, 1261, 77, 1274, 80, -13, -3, -2.9147938055359073, 13.341664064126334
246, 87, 704, 150, 705, 154, -1, -4, -1.8157749899217608, 4.123105625617661
246, 88, 632, 321, 631, 322, 1, -1, -0.7853981633974483, 1.4142135623730951
247, 0, 847, 144, 848, 146, -1, -2, -2.0344439357957027, 2.23606797749979
247, 1, 537, 544, 539, 544, -2, 0, 3.141592653589793, 2.0
247, 2, 167, 132, 168, 131, -1, 1, 2.356194490192345, 1.4142135623730951
247, 3, 1003, 26, 1004, 28, -1, -2, -2.0344439357957027, 2.23606797749979
247, 4, 451, 73, 450, 73, 1, 0, 0.0, 1.0
247, 5, 453, 17, 452, 17, 1, 0, 0.0, 1.0
247, 6, 496, 538, 497, 541, -1, -3, -1.892546881191539, 3.1622776601683795
247, 7, 332, 351, 332, 352, 0, -1, -1.5707963267948966, 1.0
247, 8, 491, 205, 492, 209, -1, -4, -1.8157749899217608, 4.123105625617661
247, 9, 339, 644, 342, 644, -3, 0, 3.141592653589793, 3.0
247, 10, 836, 144, 837, 146, -1, -2, -2.0344439357957027, 2.23606797749979
247, 11, 334, 667, 335, 666, -1, 1, 2.356194490192345, 1.4142135623730951
247, 12, 158, 609, 159, 604, -1, 5, 1.7681918866447774, 5.0990195135927845
247, 13, 849, 431, 848, 428, 1, 3, 1.2490457723982544, 3.1622776601683795
247, 14, 343, 634, 345, 630, -2, 4, 2.0344439357957027, 4.47213595499958
247, 15, 478, 205, 479, 210, -1, -5, -1.7681918866447774, 5.0990195135927845
247, 16, 828, 185, 828, 187, 0, -2, -1.5707963267948966, 2.0
247, 17, 830, 480, 829, 477, 1, 3, 1.2490457723982544, 3.1622776601683795
247, 18, 700, 164, 700, 168, 0, -4, -1.5707963267948966, 4.0
247, 19, 454, 25, 452, 25, 2, 0, 0.0, 2.0
247, 20, 830, 428, 829, 425, 1, 3, 1.2490457723982544, 3.1622776601683795
247, 21, 848, 11, 848, 12, 0, -1, -1.5707963267948966, 1.0
247, 22, 857, 34, 857, 35, 0, -1, -1.5707963267948966, 1.0
247, 23, 690, 668, 689, 665, 1, 3, 1.2490457723982544, 3.1622776601683795
247, 24, 278, 336, 278, 337, 0, -1, -1.5707963267948966, 1.0
247, 25, 692, 496, 693, 492, -1, 4, 1.8157749899217608, 4.123105625617661
247, 26, 687, 577, 687, 574, 0, 3, 1.5707963267948966, 3.0
247, 27, 748, 30, 748, 31, 0, -1, -1.5707963267948966, 1.0
247, 28, 1000, 34, 1001, 36, -1, -2, -2.0344439357957027, 2.23606797749979
247, 29, 466, 249, 467, 254, -1, -5, -1.7681918866447774, 5.0990195135927845
247, 30, 453, 63, 452, 63, 1, 0, 0.0, 1.0
247, 31, 623, 238, 624, 235, -1, 3, 1.892546881191539, 3.1622776601683795
247, 32, 844, 133, 845, 135, -1, -2, -2.0344439357957027, 2.23606797749979
247, 33, 461, 80, 459, 80, 2, 0, 0.0, 2.0
247, 34, 123, 638, 121, 635, 2, 3, 0.982793723247329, 3.605551275463989
247, 35, 500, 212, 500, 216, 0, -4, -1.5707963267948966, 4.0
247, 36, 744, 37, 744, 38, 0, -1, -1.5707963267948966, 1.0
247, 37, 826, 163, 826, 167, 0, -4, -1.5707963267948966, 4.0
247, 38, 1240, 109, 1242, 112, -2, -3, -2.158798930342464, 3.605551275463989
247, 39, 255, 360, 255, 361, 0, -1, -1.5707963267948966, 1.0
247, 40, 502, 254, 502, 254, 0, 0, 0.0, 0.0
247, 41, 609, 283, 610, 281, -1, 2, 2.0344439357957027, 2.23606797749979
247, 42, 642, 28, 643, 27, -1, 1, 2.356194490192345, 1.4142135623730951
247, 43, 849, 454, 848, 451, 1, 3, 1.2490457723982544, 3.1622776601683795
247, 44, 331, 362, 331, 363, 0, -1, -1.5707963267948966, 1.0
247, 45, 150, 682, 149, 680, 1, 2, 1.1071487177940904, 2.23606797749979
247, 46, 52, 149, 52, 149, 0, 0, 0.0, 0.0
247, 47, 144, 142, 145, 141, -1, 1, 2.356194490192345, 1.4142135623730951
247, 48, 293, 384, 295, 385, -2, -1, -2.677945044588987, 2.23606797749979
247, 49, 700, 156, 701, 160, -1, -4, -1.8157749899217608, 4.123105625617661
247, 50, 841, 212, 841, 216, 0, -4, -1.5707963267948966, 4.0
247, 51, 696, 229, 697, 231, -1, -2, -2.0344439357957027, 2.23606797749979
247, 52, 630, 240, 631, 237, -1, 3, 1.892546881191539, 3.1622776601683795
247, 53, 676, 33, 677, 33, -1, 0, 3.141592653589793, 1.0
247, 54, 347, 654, 349, 650, -2, 4, 2.0344439357957027, 4.47213595499958
247, 55, 835, 513, 835, 513, 0, 0, 0.0, 0.0
247, 56, 246, 402, 246, 403, 0, -1, -1.5707963267948966, 1.0
247, 57, 1011, 35, 1012, 37, -1, -2, -2.0344439357957027, 2.23606797749979
247, 58, 483, 195, 483, 199, 0, -4, -1.5707963267948966, 4.0
247, 59, 852, 472, 851, 469, 1, 3, 1.2490457723982544, 3.1622776601683795
247, 60, 330, 402, 330, 403, 0, -1, -1.5707963267948966, 1.0
247, 61, 510, 472, 511, 477, -1, -5, -1.7681918866447774, 5.0990195135927845
247, 62, 1237, 194, 1236, 193, 1, 1, 0.7853981633974483, 1.4142135623730951
247, 63, 991, 106, 993, 107, -2, -1, -2.677945044588987, 2.23606797749979
247, 64, 481, 284, 482, 286, -1, -2, -2.0344439357957027, 2.23606797749979
247, 65, 617, 279, 618, 277, -1, 2, 2.0344439357957027, 2.23606797749979
247, 66, 474, 63, 474, 63, 0, 0, 0.0, 0.0
247, 67, 637, 701, 637, 699, 0, 2, 1.5707963267948966, 2.0
247, 68, 467, 272, 470, 276, -3, -4, -2.214297435588181, 5.0
247, 69, 498, 299, 498, 301, 0, -2, -1.5707963267948966, 2.0
247, 70, 1227, 303, 1228, 302, -1, 1, 2.356194490192345, 1.4142135623730951
247, 71, 500, 500, 501, 505, -1, -5, -1.7681918866447774, 5.0990195135927845
247, 72, 1191, 365, 1191, 366, 0, -1, -1.5707963267948966, 1.0
247, 73, 1230, 266, 1230, 264, 0, 2, 1.5707963267948966, 2.0
247, 74, 737, 86, 738, 88, -1, -2, -2.0344439357957027, 2.23606797749979
247, 75, 1258, 75, 1261, 77, -3, -2, -2.5535900500422257, 3.605551275463989
247, 76, 703, 146, 704, 150, -1, -4, -1.8157749899217608, 4.123105625617661
247, 77, 632, 320, 632, 321, 0, -1, -1.5707963267948966, 1.0
248, 0, 255, 339, 255, 340, 0, -1, -1.5707963267948966, 1.0
248, 1, 848, 142, 848, 147, 0, -5, -1.5707963267948966, 5.0
248, 2, 257, 372, 257, 373, 0, -1, -1.5707963267948966, 1.0
248, 3, 828, 180, 827, 183, 1, -3, -1.2490457723982544, 3.1622776601683795
248, 4, 827, 161, 827, 166, 0, -5, -1.5707963267948966, 5.0
248, 5, 167, 135, 168, 132, -1, 3, 1.892546881191539, 3.1622776601683795
248, 6, 498, 530, 498, 534, 0, -4, -1.5707963267948966, 4.0
248, 7, 537, 552, 539, 552, -2, 0, 3.141592653589793, 2.0
248, 8, 479, 207, 480, 211, -1, -4, -1.8157749899217608, 4.123105625617661
248, 9, 1003, 25, 1005, 29, -2, -4, -2.0344439357957027, 4.47213595499958
248, 10, 480, 282, 481, 285, -1, -3, -1.892546881191539, 3.1622776601683795
248, 11, 696, 158, 696, 163, 0, -5, -1.5707963267948966, 5.0
248, 12, 492, 206, 492, 210, 0, -4, -1.5707963267948966, 4.0
248, 13, 456, 26, 453, 26, 3, 0, 0.0, 3.0
248, 14, 335, 667, 336, 666, -1, 1, 2.356194490192345, 1.4142135623730951
248, 15, 333, 351, 333, 353, 0, -2, -1.5707963267948966, 2.0
248, 16, 859, 31, 857, 35, 2, -4, -1.1071487177940904, 4.47213595499958
248, 17, 122, 635, 122, 636, 0, -1, -1.5707963267948966, 1.0
248, 18, 849, 9, 848, 13, 1, -4, -1.3258176636680326, 4.123105625617661
248, 19, 1009, 35, 1011, 38, -2, -3, -2.158798930342464, 3.605551275463989
248, 20, 995, 107, 996, 109, -1, -2, -2.0344439357957027, 2.23606797749979
248, 21, 609, 286, 610, 282, -1, 4, 1.8157749899217608, 4.123105625617661
248, 22, 838, 142, 838, 147, 0, -5, -1.5707963267948966, 5.0
248, 23, 691, 669, 691, 669, 0, 0, 0.0, 0.0
248, 24, 849, 433, 847, 429, 2, 4, 1.1071487177940904, 4.47213595499958
248, 25, 832, 428, 829, 425, 3, 3, 0.7853981633974483, 4.242640687119285
248, 26, 278, 337, 278, 338, 0, -1, -1.5707963267948966, 1.0
248, 27, 467, 249, 468, 254, -1, -5, -1.7681918866447774, 5.0990195135927845
248, 28, 264, 335, 264, 336, 0, -1, -1.5707963267948966, 1.0
248, 29, 692, 498, 693, 494, -1, 4, 1.8157749899217608, 4.123105625617661
248, 30, 744, 38, 743, 41, 1, -3, -1.2490457723982544, 3.1622776601683795
248, 31, 502, 254, 502, 254, 0, 0, 0.0, 0.0
248, 32, 630, 241, 631, 237, -1, 4, 1.8157749899217608, 4.123105625617661
248, 33, 845, 131, 845, 136, 0, -5, -1.5707963267948966, 5.0
248, 34, 834, 224, 834, 228, 0, -4, -1.5707963267948966, 4.0
248, 35, 623, 240, 624, 236, -1, 4, 1.8157749899217608, 4.123105625617661
248, 36, 1235, 192, 1232, 191, 3, 1, 0.3217505543966422, 3.1622776601683795
248, 37, 939, 15, 939, 16, 0, -1, -1.5707963267948966, 1.0
248, 38, 750, 29, 749, 31, 1, -2, -1.1071487177940904, 2.23606797749979
248, 39, 255, 361, 255, 362, 0, -1, -1.5707963267948966, 1.0
248, 40, 500, 213, 500, 217, 0, -4, -1.5707963267948966, 4.0
248, 41, 153, 689, 153, 686, 0, 3, 1.5707963267948966, 3.0
248, 42, 32, 112, 32, 114, 0, -2, -1.5707963267948966, 2.0
248, 43, 473, 62, 474, 64, -1, -2, -2.0344439357957027, 2.23606797749979
248, 44, 1221, 162, 1222, 164, -1, -2, -2.0344439357957027, 2.23606797749979
248, 45, 305, 319, 305, 320, 0, -1, -1.5707963267948966, 1.0
248, 46, 686, 579, 687, 577, -1, 2, 2.0344439357957027, 2.23606797749979
248, 47, 510, 471, 511, 478, -1, -7, -1.7126933813990606, 7.0710678118654755
248, 48, 618, 282, 618, 279, 0, 3, 1.5707963267948966, 3.0
248, 49, 331, 360, 331, 362, 0, -2, -1.5707963267948966, 2.0
248, 50, 483, 197, 483, 201, 0, -4, -1.5707963267948966, 4.0
248, 51, 677, 35, 677, 34, 0, 1, 1.5707963267948966, 1.0
248, 52, 854, 476, 852, 473, 2, 3, 0.982793723247329, 3.605551275463989
248, 53, 247, 402, 247, 403, 0, -1, -1.5707963267948966, 1.0
248, 54, 1000, 34, 1002, 38, -2, -4, -2.0344439357957027, 4.47213595499958
248, 55, 461, 269, 463, 273, -2, -4, -2.0344439357957027, 4.47213595499958
248, 56, 52, 148, 52, 150, 0, -2, -1.5707963267948966, 2.0
248, 57, 989, 64, 992, 65, -3, -1, -2.819842099193151, 3.1622776601683795
248, 58, 642, 29, 643, 28, -1, 1, 2.356194490192345, 1.4142135623730951
248, 59, 330, 403, 330, 404, 0, -1, -1.5707963267948966, 1.0
248, 60, 1228, 306, 1228, 303, 0, 3, 1.5707963267948966, 3.0
248, 61, 501, 499, 501, 505, 0, -6, -1.5707963267948966, 6.0
248, 62, 703, 159, 703, 164, 0, -5, -1.5707963267948966, 5.0
248, 63, 696, 146, 697, 151, -1, -5, -1.7681918866447774, 5.0990195135927845
248, 64, 703, 146, 704, 151, -1, -5, -1.7681918866447774, 5.0990195135927845
248, 65, 852, 455, 849, 451, 3, 4, 0.9272952180016122, 5.0
248, 66, 937, 98, 937, 99, 0, -1, -1.5707963267948966, 1.0
248, 67, 624, 68, 625, 66, -1, 2, 2.0344439357957027, 2.23606797749979
248, 68, 1261, 75, 1271, 78, -10, -3, -2.8501358591119264, 10.44030650891055
248, 69, 489, 297, 490, 300, -1, -3, -1.892546881191539, 3.1622776601683795
248, 70, 1013, 73, 1015, 76, -2, -3, -2.158798930342464, 3.605551275463989
248, 71, 145, 143, 146, 142, -1, 1, 2.356194490192345, 1.4142135623730951
248, 72, 732, 160, 732, 162, 0, -2, -1.5707963267948966, 2.0
248, 73, 704, 487, 705, 484, -1, 3, 1.892546881191539, 3.1622776601683795
248, 74, 325, 337, 325, 338, 0, -1, -1.5707963267948966, 1.0
248, 75, 1191, 366, 1191, 367, 0, -1, -1.5707963267948966, 1.0
248, 76, 924, 92, 924, 93, 0, -1, -1.5707963267948966, 1.0
248, 77, 454, 59, 452, 61, 2, -2, -0.7853981633974483, 2.8284271247461903
248, 78, 181, 630, 182, 626, -1, 4, 1.8157749899217608, 4.123105625617661
248, 79, 169, 162, 169, 160, 0, 2, 1.5707963267948966, 2.0
248, 80, 62, 158, 62, 159, 0, -1, -1.5707963267948966, 1.0
248, 81, 776, 45, 777, 45, -1, 0, 3.141592653589793, 1.0
248, 82, 932, 91, 932, 92, 0, -1, -1.5707963267948966, 1.0
248, 83, 736, 86, 737, 90, -1, -4, -1.8157749899217608, 4.123105625617661
248, 84, 814, 21, 814, 22, 0, -1, -1.5707963267948966, 1.0
248, 85, 969, 682, 970, 685, -1, -3, -1.892546881191539, 3.1622776601683795
248, 86, 716, 117, 716, 120, 0, -3, -1.5707963267948966, 3.0
248, 87, 1231, 269, 1230, 265, 1, 4, 1.3258176636680326, 4.123105625617661
248, 88, 288, 353, 288, 354, 0, -1, -1.5707963267948966, 1.0
248, 89, 89, 20, 89, 21, 0, -1, -1.5707963267948966, 1.0
248, 90, 234, 321, 234, 322, 0, -1, -1.5707963267948966, 1.0
248, 91, 553, 31, 554, 33, -1, -2, -2.0344439357957027, 2.23606797749979
248, 92, 291, 308, 291, 309, 0, -1, -1.5707963267948966, 1.0
248, 93, 678, 530, 678, 528, 0, 2, 1.5707963267948966, 2.0
248, 94, 176, 658, 175, 656, 1, 2, 1.1071487177940904, 2.23606797749979
248, 95, 854, 147, 853, 152, 1, -5, -1.373400766945016, 5.0990195135927845
248, 96, 1218, 318, 1218, 315, 0, 3, 1.5707963267948966, 3.0
248, 97, 639, 701, 639, 703, 0, -2, -1.5707963267948966, 2.0
249, 0, 255, 339, 255, 339, 0, 0, 0.0, 0.0
249, 1, 849, 139, 848, 142, 1, -3, -1.2490457723982544, 3.1622776601683795
249, 2, 257, 372, 257, 372, 0, 0, 0.0, 0.0
249, 3, 829, 178, 828, 180, 1, -2, -1.1071487177940904, 2.23606797749979
249, 4, 828, 158, 827, 161, 1, -3, -1.2490457723982544, 3.1622776601683795
249, 5, 166, 138, 167, 135, -1, 3, 1.892546881191539, 3.1622776601683795
249, 6, 498, 526, 498, 530, 0, -4, -1.5707963267948966, 4.0
249, 7, 536, 552, 537, 552, -1, 0, 3.141592653589793, 1.0
249, 8, 479, 204, 479, 207, 0, -3, -1.5707963267948966, 3.0
249, 9, 1002, 23, 1003, 25, -1, -2, -2.0344439357957027, 2.23606797749979
249, 10, 479, 280, 480, 282, -1, -2, -2.0344439357957027, 2.23606797749979
249, 11, 696, 156, 696, 158, 0, -2, -1.5707963267948966, 2.0
249, 12, 492, 203, 492, 206, 0, -3, -1.5707963267948966, 3.0
249, 13, 459, 26, 456, 26, 3, 0, 0.0, 3.0
249, 14, 333, 668, 335, 667, -2, 1, 2.677945044588987, 2.23606797749979
249, 15, 333, 350, 333, 351, 0, -1, -1.5707963267948966, 1.0
249, 16, 860, 29, 859, 31, 1, -2, -1.1071487177940904, 2.23606797749979
249, 17, 123, 639, 122, 635, 1, 4, 1.3258176636680326, 4.123105625617661
249, 18, 1008, 33, 1009, 35, -1, -2, -2.0344439357957027, 2.23606797749979
249, 19, 995, 106, 995, 107, 0, -1, -1.5707963267948966, 1.0
249, 20, 609, 288, 609, 286, 0, 2, 1.5707963267948966, 2.0
249, 21, 839, 139, 838, 142, 1, -3, -1.2490457723982544, 3.1622776601683795
249, 22, 691, 672, 691, 669, 0, 3, 1.5707963267948966, 3.0
249, 23, 850, 437, 849, 433, 1, 4, 1.3258176636680326, 4.123105625617661
249, 24, 833, 431, 832, 428, 1, 3, 1.2490457723982544, 3.1622776601683795
249, 25, 278, 337, 278, 337, 0, 0, 0.0, 0.0
249, 26, 467, 246, 467, 249, 0, -3, -1.5707963267948966, 3.0
249, 27, 264, 335, 264, 335, 0, 0, 0.0, 0.0
249, 28, 692, 502, 692, 498, 0, 4, 1.5707963267948966, 4.0
249, 29, 745, 37, 744, 38, 1, -1, -0.7853981633974483, 1.4142135623730951
249, 30, 502, 253, 502, 254, 0, -1, -1.5707963267948966, 1.0
249, 31, 630, 243, 630, 241, 0, 2, 1.5707963267948966, 2.0
249, 32, 846, 127, 845, 131, 1, -4, -1.3258176636680326, 4.123105625617661
249, 33, 833, 221, 834, 224, -1, -3, -1.892546881191539, 3.1622776601683795
249, 34, 623, 242, 623, 240, 0, 2, 1.5707963267948966, 2.0
249, 35, 1238, 193, 1235, 192, 3, 1, 0.3217505543966422, 3.1622776601683795
249, 36, 939, 14, 939, 15, 0, -1, -1.5707963267948966, 1.0
249, 37, 751, 28, 750, 29, 1, -1, -0.7853981633974483, 1.4142135623730951
249, 38, 255, 360, 255, 361, 0, -1, -1.5707963267948966, 1.0
249, 39, 500, 210, 500, 213, 0, -3, -1.5707963267948966, 3.0
249, 40, 154, 692, 153, 689, 1, 3, 1.2490457723982544, 3.1622776601683795
249, 41, 32, 111, 32, 112, 0, -1, -1.5707963267948966, 1.0
249, 42, 475, 61, 473, 62, 2, -1, -0.4636476090008061, 2.23606797749979
249, 43, 1221, 161, 1221, 162, 0, -1, -1.5707963267948966, 1.0
249, 44, 305, 319, 305, 319, 0, 0, 0.0, 0.0
249, 45, 686, 583, 686, 579, 0, 4, 1.5707963267948966, 4.0
249, 46, 510, 467, 510, 471, 0, -4, -1.5707963267948966, 4.0
249, 47, 618, 284, 618, 282, 0, 2, 1.5707963267948966, 2.0
249, 48, 331, 359, 331, 360, 0, -1, -1.5707963267948966, 1.0
249, 49, 483, 194, 483, 197, 0, -3, -1.5707963267948966, 3.0
249, 50, 677, 36, 677, 35, 0, 1, 1.5707963267948966, 1.0
249, 51, 855, 478, 854, 476, 1, 2, 1.1071487177940904, 2.23606797749979
249, 52, 247, 402, 247, 402, 0, 0, 0.0, 0.0
249, 53, 999, 32, 1000, 34, -1, -2, -2.0344439357957027, 2.23606797749979
249, 54, 460, 266, 461, 269, -1, -3, -1.892546881191539, 3.1622776601683795
249, 55, 52, 148, 52, 148, 0, 0, 0.0, 0.0
249, 56, 987, 64, 989, 64, -2, 0, 3.141592653589793, 2.0
249, 57, 642, 29, 642, 29, 0, 0, 0.0, 0.0
249, 58, 330, 402, 330, 403, 0, -1, -1.5707963267948966, 1.0
249, 59, 1228, 308, 1228, 306, 0, 2, 1.5707963267948966, 2.0
249, 60, 501, 495, 501, 499, 0, -4, -1.5707963267948966, 4.0
249, 61, 703, 157, 703, 159, 0, -2, -1.5707963267948966, 2.0
249, 62, 696, 144, 696, 146, 0, -2, -1.5707963267948966, 2.0
249, 63, 703, 144, 703, 146, 0, -2, -1.5707963267948966, 2.0
249, 64, 854, 458, 852, 455, 2, 3, 0.982793723247329, 3.605551275463989
249, 65, 937, 97, 937, 98, 0, -1, -1.5707963267948966, 1.0
249, 66, 624, 68, 624, 68, 0, 0, 0.0, 0.0
249, 67, 1259, 73, 1261, 75, -2, -2, -2.356194490192345, 2.8284271247461903
249, 68, 489, 296, 489, 297, 0, -1, -1.5707963267948966, 1.0
249, 69, 1012, 71, 1013, 73, -1, -2, -2.0344439357957027, 2.23606797749979
249, 70, 145, 144, 145, 143, 0, 1, 1.5707963267948966, 1.0
249, 71, 732, 159, 732, 160, 0, -1, -1.5707963267948966, 1.0
249, 72, 704, 491, 704, 487, 0, 4, 1.5707963267948966, 4.0
249, 73, 325, 337, 325, 337, 0, 0, 0.0, 0.0
249, 74, 1191, 366, 1191, 366, 0, 0, 0.0, 0.0
249, 75, 924, 91, 924, 92, 0, -1, -1.5707963267948966, 1.0
249, 76, 456, 59, 454, 59, 2, 0, 0.0, 2.0
249, 77, 182, 634, 181, 630, 1, 4, 1.3258176636680326, 4.123105625617661
249, 78, 169, 165, 169, 162, 0, 3, 1.5707963267948966, 3.0
249, 79, 62, 158, 62, 158, 0, 0, 0.0, 0.0
249, 80, 776, 45, 776, 45, 0, 0, 0.0, 0.0
249, 81, 932, 90, 932, 91, 0, -1, -1.5707963267948966, 1.0
249, 82, 736, 85, 736, 86, 0, -1, -1.5707963267948966, 1.0
249, 83, 814, 20, 814, 21, 0, -1, -1.5707963267948966, 1.0
249, 84, 966, 678, 969, 682, -3, -4, -2.214297435588181, 5.0
249, 85, 716, 116, 716, 117, 0, -1, -1.5707963267948966, 1.0
249, 86, 1231, 271, 1231, 269, 0, 2, 1.5707963267948966, 2.0
249, 87, 288, 352, 288, 353, 0, -1, -1.5707963267948966, 1.0
249, 88, 90, 20, 89, 20, 1, 0, 0.0, 1.0
249, 89, 234, 321, 234, 321, 0, 0, 0.0, 0.0
249, 90, 553, 30, 553, 31, 0, -1, -1.5707963267948966, 1.0
249, 91, 291, 308, 291, 308, 0, 0, 0.0, 0.0
249, 92, 678, 534, 678, 530, 0, 4, 1.5707963267948966, 4.0
249, 93, 176, 660, 176, 658, 0, 2, 1.5707963267948966, 2.0
249, 94, 855, 143, 854, 147, 1, -4, -1.3258176636680326, 4.123105625617661
249, 95, 1218, 321, 1218, 318, 0, 3, 1.5707963267948966, 3.0
249, 96, 640, 701, 639, 701, 1, 0, 0.0, 1.0
250, 0, 829, 160, 828, 163, 1, -3, -1.2490457723982544, 3.1622776601683795
250, 1, 850, 139, 849, 143, 1, -4, -1.3258176636680326, 4.123105625617661
250, 2, 258, 372, 258, 373, 0, -1, -1.5707963267948966, 1.0
250, 3, 167, 137, 168, 135, -1, 2, 2.0344439357957027, 2.23606797749979
250, 4, 1004, 24, 1005, 26, -1, -2, -2.0344439357957027, 2.23606797749979
250, 5, 840, 139, 839, 143, 1, -4, -1.3258176636680326, 4.123105625617661
250, 6, 481, 203, 481, 206, 0, -3, -1.5707963267948966, 3.0
250, 7, 255, 385, 255, 386, 0, -1, -1.5707963267948966, 1.0
250, 8, 334, 349, 334, 350, 0, -1, -1.5707963267948966, 1.0
250, 9, 491, 298, 491, 299, 0, -1, -1.5707963267948966, 1.0
250, 10, 832, 434, 831, 431, 1, 3, 1.2490457723982544, 3.1622776601683795
250, 11, 849, 9, 849, 10, 0, -1, -1.5707963267948966, 1.0
250, 12, 497, 517, 497, 521, 0, -4, -1.5707963267948966, 4.0
250, 13, 184, 664, 183, 663, 1, 1, 0.7853981633974483, 1.4142135623730951
250, 14, 697, 158, 697, 160, 0, -2, -1.5707963267948966, 2.0
250, 15, 1009, 34, 1010, 36, -1, -2, -2.0344439357957027, 2.23606797749979
250, 16, 686, 588, 687, 584, -1, 4, 1.8157749899217608, 4.123105625617661
250, 17, 278, 335, 278, 336, 0, -1, -1.5707963267948966, 1.0
250, 18, 745, 39, 744, 40, 1, -1, -0.7853981633974483, 1.4142135623730951
250, 19, 850, 438, 850, 434, 0, 4, 1.5707963267948966, 4.0
250, 20, 860, 28, 859, 32, 1, -4, -1.3258176636680326, 4.123105625617661
250, 21, 996, 106, 996, 108, 0, -2, -1.5707963267948966, 2.0
250, 22, 697, 689, 696, 686, 1, 3, 1.2490457723982544, 3.1622776601683795
250, 23, 1238, 194, 1237, 193, 1, 1, 0.7853981633974483, 1.4142135623730951
250, 24, 493, 202, 493, 205, 0, -3, -1.5707963267948966, 3.0
250, 25, 466, 247, 467, 250, -1, -3, -1.892546881191539, 3.1622776601683795
250, 26, 987, 67, 989, 68, -2, -1, -2.677945044588987, 2.23606797749979
250, 27, 812, 474, 813, 472, -1, 2, 2.0344439357957027, 2.23606797749979
250, 28, 623, 241, 624, 239, -1, 2, 2.0344439357957027, 2.23606797749979
250, 29, 609, 291, 610, 288, -1, 3, 1.892546881191539, 3.1622776601683795
250, 30, 537, 561, 538, 561, -1, 0, 3.141592653589793, 1.0
250, 31, 461, 26, 458, 26, 3, 0, 0.0, 3.0
250, 32, 693, 504, 693, 501, 0, 3, 1.5707963267948966, 3.0
250, 33, 847, 128, 846, 132, 1, -4, -1.3258176636680326, 4.123105625617661
250, 34, 533, 544, 534, 546, -1, -2, -2.0344439357957027, 2.23606797749979
250, 35, 286, 375, 286, 376, 0, -1, -1.5707963267948966, 1.0
250, 36, 126, 655, 124, 654, 2, 1, 0.4636476090008061, 2.23606797749979
250, 37, 264, 335, 264, 336, 0, -1, -1.5707963267948966, 1.0
250, 38, 459, 78, 459, 79, 0, -1, -1.5707963267948966, 1.0
250, 39, 940, 15, 940, 16, 0, -1, -1.5707963267948966, 1.0
250, 40, 478, 275, 479, 277, -1, -2, -2.0344439357957027, 2.23606797749979
250, 41, 478, 76, 475, 77, 3, -1, -0.3217505543966422, 3.1622776601683795
250, 42, 332, 361, 332, 362, 0, -1, -1.5707963267948966, 1.0
250, 43, 1203, 373, 1204, 370, -1, 3, 1.892546881191539, 3.1622776601683795
250, 44, 619, 285, 619, 283, 0, 2, 1.5707963267948966, 2.0
250, 45, 749, 32, 748, 33, 1, -1, -0.7853981633974483, 1.4142135623730951
250, 46, 500, 249, 500, 251, 0, -2, -1.5707963267948966, 2.0
250, 47, 512, 467, 512, 472, 0, -5, -1.5707963267948966, 5.0
250, 48, 336, 699, 340, 692, -4, 7, 2.0899424410414196, 8.06225774829855
250, 49, 169, 169, 170, 168, -1, 1, 2.356194490192345, 1.4142135623730951
250, 50, 247, 401, 247, 402, 0, -1, -1.5707963267948966, 1.0
250, 51, 502, 493, 502, 498, 0, -5, -1.5707963267948966, 5.0
250, 52, 643, 30, 643, 30, 0, 0, 0.0, 0.0
250, 53, 457, 60, 455, 61, 2, -1, -0.4636476090008061, 2.23606797749979
250, 54, 501, 210, 501, 213, 0, -3, -1.5707963267948966, 3.0
250, 55, 255, 361, 255, 362, 0, -1, -1.5707963267948966, 1.0
250, 56, 701, 226, 701, 228, 0, -2, -1.5707963267948966, 2.0
250, 57, 264, 376, 264, 377, 0, -1, -1.5707963267948966, 1.0
250, 58, 1223, 163, 1223, 164, 0, -1, -1.5707963267948966, 1.0
250, 59, 1009, 63, 1010, 66, -1, -3, -1.892546881191539, 3.1622776601683795
250, 60, 836, 514, 836, 513, 0, 1, 1.5707963267948966, 1.0
250, 61, 1219, 321, 1219, 318, 0, 3, 1.5707963267948966, 3.0
250, 62, 306, 318, 306, 319, 0, -1, -1.5707963267948966, 1.0
250, 63, 704, 159, 704, 161, 0, -2, -1.5707963267948966, 2.0
250, 64, 678, 36, 678, 35, 0, 1, 1.5707963267948966, 1.0
250, 65, 483, 193, 483, 196, 0, -3, -1.5707963267948966, 3.0
250, 66, 1261, 74, 1268, 76, -7, -2, -2.8632929945846817, 7.280109889280518
250, 67, 1014, 76, 1015, 78, -1, -2, -2.0344439357957027, 2.23606797749979
250, 68, 1229, 308, 1229, 306, 0, 2, 1.5707963267948966, 2.0
250, 69, 710, 502, 710, 499, 0, 3, 1.5707963267948966, 3.0
250, 70, 732, 161, 732, 162, 0, -1, -1.5707963267948966, 1.0
250, 71, 146, 146, 146, 145, 0, 1, 1.5707963267948966, 1.0
250, 72, 959, 668, 962, 672, -3, -4, -2.214297435588181, 5.0
250, 73, 715, 117, 716, 119, -1, -2, -2.0344439357957027, 2.23606797749979
250, 74, 156, 699, 156, 696, 0, 3, 1.5707963267948966, 3.0
250, 75, 331, 403, 331, 404, 0, -1, -1.5707963267948966, 1.0
250, 76, 937, 97, 937, 98, 0, -1, -1.5707963267948966, 1.0
250, 77, 467, 59, 466, 60, 1, -1, -0.7853981633974483, 1.4142135623730951
250, 78, 940, 659, 944, 664, -4, -5, -2.2455372690184494, 6.4031242374328485
250, 79, 235, 321, 235, 322, 0, -1, -1.5707963267948966, 1.0
250, 80, 33, 112, 33, 113, 0, -1, -1.5707963267948966, 1.0
250, 81, 830, 180, 830, 185, 0, -5, -1.5707963267948966, 5.0
250, 82, 327, 374, 327, 375, 0, -1, -1.5707963267948966, 1.0
250, 83, 933, 91, 933, 92, 0, -1, -1.5707963267948966, 1.0
250, 84, 62, 158, 62, 159, 0, -1, -1.5707963267948966, 1.0
250, 85, 52, 148, 52, 149, 0, -1, -1.5707963267948966, 1.0
250, 86, 833, 222, 834, 225, -1, -3, -1.892546881191539, 3.1622776601683795
250, 87, 853, 459, 852, 456, 1, 3, 1.2490457723982544, 3.1622776601683795
250, 88, 703, 586, 703, 583, 0, 3, 1.5707963267948966, 3.0
250, 89, 624, 342, 624, 343, 0, -1, -1.5707963267948966, 1.0
250, 90, 458, 47, 455, 47, 3, 0, 0.0, 3.0
250, 91, 816, 11, 816, 12, 0, -1, -1.5707963267948966, 1.0
250, 92, 288, 353, 288, 354, 0, -1, -1.5707963267948966, 1.0
250, 93, 814, 20, 814, 21, 0, -1, -1.5707963267948966, 1.0
250, 94, 678, 538, 678, 535, 0, 3, 1.5707963267948966, 3.0
250, 95, 697, 146, 697, 148, 0, -2, -1.5707963267948966, 2.0
250, 96, 636, 109, 636, 110, 0, -1, -1.5707963267948966, 1.0
250, 97, 458, 264, 460, 267, -2, -3, -2.158798930342464, 3.605551275463989
251, 0, 829, 157, 829, 160, 0, -3, -1.5707963267948966, 3.0
251, 1, 850, 134, 850, 139, 0, -5, -1.5707963267948966, 5.0
251, 2, 166, 138, 167, 137, -1, 1, 2.356194490192345, 1.4142135623730951
251, 3, 1003, 21, 1004, 24, -1, -3, -1.892546881191539, 3.1622776601683795
251, 4, 840, 134, 840, 139, 0, -5, -1.5707963267948966, 5.0
251, 5, 481, 200, 481, 203, 0, -3, -1.5707963267948966, 3.0
251, 6, 255, 384, 255, 385, 0, -1, -1.5707963267948966, 1.0
251, 7, 832, 437, 832, 434, 0, 3, 1.5707963267948966, 3.0
251, 8, 496, 512, 497, 517, -1, -5, -1.7681918866447774, 5.0990195135927845
251, 9, 185, 666, 184, 664, 1, 2, 1.1071487177940904, 2.23606797749979
251, 10, 696, 155, 697, 158, -1, -3, -1.892546881191539, 3.1622776601683795
251, 11, 1008, 31, 1009, 34, -1, -3, -1.892546881191539, 3.1622776601683795
251, 12, 685, 591, 686, 588, -1, 3, 1.892546881191539, 3.1622776601683795
251, 13, 278, 334, 278, 335, 0, -1, -1.5707963267948966, 1.0
251, 14, 745, 38, 745, 39, 0, -1, -1.5707963267948966, 1.0
251, 15, 850, 442, 850, 438, 0, 4, 1.5707963267948966, 4.0
251, 16, 861, 24, 860, 28, 1, -4, -1.3258176636680326, 4.123105625617661
251, 17, 995, 104, 996, 106, -1, -2, -2.0344439357957027, 2.23606797749979
251, 18, 697, 692, 697, 689, 0, 3, 1.5707963267948966, 3.0
251, 19, 1239, 195, 1238, 194, 1, 1, 0.7853981633974483, 1.4142135623730951
251, 20, 493, 199, 493, 202, 0, -3, -1.5707963267948966, 3.0
251, 21, 465, 244, 466, 247, -1, -3, -1.892546881191539, 3.1622776601683795
251, 22, 985, 65, 987, 67, -2, -2, -2.356194490192345, 2.8284271247461903
251, 23, 811, 475, 812, 474, -1, 1, 2.356194490192345, 1.4142135623730951
251, 24, 622, 242, 623, 241, -1, 1, 2.356194490192345, 1.4142135623730951
251, 25, 608, 293, 609, 291, -1, 2, 2.0344439357957027, 2.23606797749979
251, 26, 536, 559, 537, 561, -1, -2, -2.0344439357957027, 2.23606797749979
251, 27, 464, 25, 461, 26, 3, -1, -0.3217505543966422, 3.1622776601683795
251, 28, 693, 506, 693, 504, 0, 2, 1.5707963267948966, 2.0
251, 29, 847, 123, 847, 128, 0, -5, -1.5707963267948966, 5.0
251, 30, 532, 540, 533, 544, -1, -4, -1.8157749899217608, 4.123105625617661
251, 31, 286, 374, 286, 375, 0, -1, -1.5707963267948966, 1.0
251, 32, 129, 657, 126, 655, 3, 2, 0.5880026035475675, 3.605551275463989
251, 33, 459, 77, 459, 78, 0, -1, -1.5707963267948966, 1.0
251, 34, 940, 14, 940, 15, 0, -1, -1.5707963267948966, 1.0
251, 35, 477, 273, 478, 275, -1, -2, -2.0344439357957027, 2.23606797749979
251, 36, 481, 74, 478, 76, 3, -2, -0.5880026035475675, 3.605551275463989
251, 37, 1201, 376, 1203, 373, -2, 3, 2.158798930342464, 3.605551275463989
251, 38, 619, 287, 619, 285, 0, 2, 1.5707963267948966, 2.0
251, 39, 749, 31, 749, 32, 0, -1, -1.5707963267948966, 1.0
251, 40, 499, 247, 500, 249, -1, -2, -2.0344439357957027, 2.23606797749979
251, 41, 512, 461, 512, 467, 0, -6, -1.5707963267948966, 6.0
251, 42, 333, 701, 336, 699, -3, 2, 2.5535900500422257, 3.605551275463989
251, 43, 167, 169, 169, 169, -2, 0, 3.141592653589793, 2.0
251, 44, 502, 488, 502, 493, 0, -5, -1.5707963267948966, 5.0
251, 45, 643, 30, 643, 30, 0, 0, 0.0, 0.0
251, 46, 459, 59, 457, 60, 2, -1, -0.4636476090008061, 2.23606797749979
251, 47, 501, 207, 501, 210, 0, -3, -1.5707963267948966, 3.0
251, 48, 255, 360, 255, 361, 0, -1, -1.5707963267948966, 1.0
251, 49, 700, 224, 701, 226, -1, -2, -2.0344439357957027, 2.23606797749979
251, 50, 1007, 59, 1009, 63, -2, -4, -2.0344439357957027, 4.47213595499958
251, 51, 836, 515, 836, 514, 0, 1, 1.5707963267948966, 1.0
251, 52, 1219, 323, 1219, 321, 0, 2, 1.5707963267948966, 2.0
251, 53, 306, 317, 306, 318, 0, -1, -1.5707963267948966, 1.0
251, 54, 703, 156, 704, 159, -1, -3, -1.892546881191539, 3.1622776601683795
251, 55, 678, 36, 678, 36, 0, 0, 0.0, 0.0
251, 56, 483, 190, 483, 193, 0, -3, -1.5707963267948966, 3.0
251, 57, 1258, 72, 1261, 74, -3, -2, -2.5535900500422257, 3.605551275463989
251, 58, 1012, 73, 1014, 76, -2, -3, -2.158798930342464, 3.605551275463989
251, 59, 1229, 310, 1229, 308, 0, 2, 1.5707963267948966, 2.0
251, 60, 710, 505, 710, 502, 0, 3, 1.5707963267948966, 3.0
251, 61, 145, 146, 146, 146, -1, 0, 3.141592653589793, 1.0
251, 62, 955, 664, 959, 668, -4, -4, -2.356194490192345, 5.656854249492381
251, 63, 714, 115, 715, 117, -1, -2, -2.0344439357957027, 2.23606797749979
251, 64, 156, 701, 156, 699, 0, 2, 1.5707963267948966, 2.0
251, 65, 937, 96, 937, 97, 0, -1, -1.5707963267948966, 1.0
251, 66, 469, 58, 467, 59, 2, -1, -0.4636476090008061, 2.23606797749979
251, 67, 936, 654, 940, 659, -4, -5, -2.2455372690184494, 6.4031242374328485
251, 68, 32, 110, 33, 112, -1, -2, -2.0344439357957027, 2.23606797749979
251, 69, 830, 175, 830, 180, 0, -5, -1.5707963267948966, 5.0
251, 70, 933, 90, 933, 91, 0, -1, -1.5707963267948966, 1.0
251, 71, 52, 147, 52, 148, 0, -1, -1.5707963267948966, 1.0
251, 72, 833, 216, 833, 222, 0, -6, -1.5707963267948966, 6.0
251, 73, 854, 462, 853, 459, 1, 3, 1.2490457723982544, 3.1622776601683795
251, 74, 703, 590, 703, 586, 0, 4, 1.5707963267948966, 4.0
251, 75, 624, 341, 624, 342, 0, -1, -1.5707963267948966, 1.0
251, 76, 461, 46, 458, 47, 3, -1, -0.3217505543966422, 3.1622776601683795
251, 77, 816, 10, 816, 11, 0, -1, -1.5707963267948966, 1.0
251, 78, 814, 19, 814, 20, 0, -1, -1.5707963267948966, 1.0
251, 79, 677, 541, 678, 538, -1, 3, 1.892546881191539, 3.1622776601683795
251, 80, 696, 143, 697, 146, -1, -3, -1.892546881191539, 3.1622776601683795
251, 81, 636, 108, 636, 109, 0, -1, -1.5707963267948966, 1.0
251, 82, 456, 261, 458, 264, -2, -3, -2.158798930342464, 3.605551275463989
252, 0, 258, 339, 258, 340, 0, -1, -1.5707963267948966, 1.0
252, 1, 829, 155, 829, 157, 0, -2, -1.5707963267948966, 2.0
252, 2, 258, 371, 258, 372, 0, -1, -1.5707963267948966, 1.0
252, 3, 850, 134, 850, 139, 0, -5, -1.5707963267948966, 5.0
252, 4, 247, 329, 247, 330, 0, -1, -1.5707963267948966, 1.0
252, 5, 500, 247, 500, 249, 0, -2, -1.5707963267948966, 2.0
252, 6, 840, 134, 840, 138, 0, -4, -1.5707963267948966, 4.0
252, 7, 1004, 21, 1005, 24, -1, -3, -1.892546881191539, 3.1622776601683795
252, 8, 481, 201, 481, 203, 0, -2, -1.5707963267948966, 2.0
252, 9, 167, 137, 168, 136, -1, 1, 2.356194490192345, 1.4142135623730951
252, 10, 536, 555, 537, 559, -1, -4, -1.8157749899217608, 4.123105625617661
252, 11, 819, 462, 819, 459, 0, 3, 1.5707963267948966, 3.0
252, 12, 745, 38, 745, 39, 0, -1, -1.5707963267948966, 1.0
252, 13, 491, 297, 491, 298, 0, -1, -1.5707963267948966, 1.0
252, 14, 493, 200, 493, 203, 0, -3, -1.5707963267948966, 3.0
252, 15, 255, 385, 255, 386, 0, -1, -1.5707963267948966, 1.0
252, 16, 1009, 32, 1010, 35, -1, -3, -1.892546881191539, 3.1622776601683795
252, 17, 489, 72, 486, 73, 3, -1, -0.3217505543966422, 3.1622776601683795
252, 18, 466, 245, 467, 247, -1, -2, -2.0344439357957027, 2.23606797749979
252, 19, 700, 161, 701, 163, -1, -2, -2.0344439357957027, 2.23606797749979
252, 20, 335, 348, 335, 349, 0, -1, -1.5707963267948966, 1.0
252, 21, 833, 439, 832, 436, 1, 3, 1.2490457723982544, 3.1622776601683795
252, 22, 299, 386, 298, 386, 1, 0, 0.0, 1.0
252, 23, 464, 25, 462, 26, 2, -1, -0.4636476090008061, 2.23606797749979
252, 24, 851, 443, 851, 439, 0, 4, 1.5707963267948966, 4.0
252, 25, 278, 334, 278, 335, 0, -1, -1.5707963267948966, 1.0
252, 26, 264, 334, 264, 335, 0, -1, -1.5707963267948966, 1.0
252, 27, 984, 66, 986, 68, -2, -2, -2.356194490192345, 2.8284271247461903
252, 28, 693, 507, 693, 504, 0, 3, 1.5707963267948966, 3.0
252, 29, 687, 590, 687, 587, 0, 3, 1.5707963267948966, 3.0
252, 30, 519, 584, 520, 587, -1, -3, -1.892546881191539, 3.1622776601683795
252, 31, 711, 505, 711, 502, 0, 3, 1.5707963267948966, 3.0
252, 32, 642, 25, 642, 25, 0, 0, 0.0, 0.0
252, 33, 611, 296, 611, 293, 0, 3, 1.5707963267948966, 3.0
252, 34, 460, 78, 459, 79, 1, -1, -0.7853981633974483, 1.4142135623730951
252, 35, 678, 38, 678, 37, 0, 1, 1.5707963267948966, 1.0
252, 36, 861, 26, 860, 30, 1, -4, -1.3258176636680326, 4.123105625617661
252, 37, 809, 478, 810, 475, -1, 3, 1.892546881191539, 3.1622776601683795
252, 38, 994, 105, 995, 107, -1, -2, -2.0344439357957027, 2.23606797749979
252, 39, 188, 677, 187, 675, 1, 2, 1.1071487177940904, 2.23606797749979
252, 40, 624, 243, 624, 241, 0, 2, 1.5707963267948966, 2.0
252, 41, 847, 123, 847, 128, 0, -5, -1.5707963267948966, 5.0
252, 42, 934, 651, 938, 656, -4, -5, -2.2455372690184494, 6.4031242374328485
252, 43, 286, 374, 286, 375, 0, -1, -1.5707963267948966, 1.0
252, 44, 1240, 210, 1240, 208, 0, 2, 1.5707963267948966, 2.0
252, 45, 699, 701, 699, 701, 0, 0, 0.0, 0.0
252, 46, 1261, 73, 1269, 74, -8, -1, -3.017237659043032, 8.06225774829855
252, 47, 750, 31, 750, 32, 0, -1, -1.5707963267948966, 1.0
252, 48, 940, 14, 940, 15, 0, -1, -1.5707963267948966, 1.0
252, 49, 1007, 61, 1009, 64, -2, -3, -2.158798930342464, 3.605551275463989
252, 50, 1204, 386, 1205, 380, -1, 6, 1.7359450042095235, 6.082762530298219
252, 51, 1220, 324, 1220, 321, 0, 3, 1.5707963267948966, 3.0
252, 52, 586, 29, 586, 30, 0, -1, -1.5707963267948966, 1.0
252, 53, 332, 360, 332, 361, 0, -1, -1.5707963267948966, 1.0
252, 54, 1240, 194, 1239, 193, 1, 1, 0.7853981633974483, 1.4142135623730951
252, 55, 460, 60, 458, 60, 2, 0, 0.0, 2.0
252, 56, 470, 273, 472, 275, -2, -2, -2.356194490192345, 2.8284271247461903
252, 57, 495, 510, 496, 515, -1, -5, -1.7681918866447774, 5.0990195135927845
252, 58, 501, 207, 501, 210, 0, -3, -1.5707963267948966, 3.0
252, 59, 702, 226, 702, 227, 0, -1, -1.5707963267948966, 1.0
252, 60, 855, 487, 855, 485, 0, 2, 1.5707963267948966, 2.0
252, 61, 841, 205, 841, 206, 0, -1, -1.5707963267948966, 1.0
252, 62, 618, 287, 618, 285, 0, 2, 1.5707963267948966, 2.0
252, 63, 502, 488, 502, 493, 0, -5, -1.5707963267948966, 5.0
252, 64, 1229, 312, 1229, 309, 0, 3, 1.5707963267948966, 3.0
252, 65, 247, 401, 247, 402, 0, -1, -1.5707963267948966, 1.0
252, 66, 513, 463, 513, 468, 0, -5, -1.5707963267948966, 5.0
252, 67, 235, 320, 235, 321, 0, -1, -1.5707963267948966, 1.0
252, 68, 814, 20, 814, 21, 0, -1, -1.5707963267948966, 1.0
252, 69, 1012, 74, 1014, 76, -2, -2, -2.356194490192345, 2.8284271247461903
252, 70, 264, 375, 264, 376, 0, -1, -1.5707963267948966, 1.0
252, 71, 471, 59, 469, 61, 2, -2, -0.7853981633974483, 2.8284271247461903
252, 72, 306, 318, 306, 319, 0, -1, -1.5707963267948966, 1.0
252, 73, 696, 144, 697, 146, -1, -2, -2.0344439357957027, 2.23606797749979
252, 74, 839, 31, 839, 32, 0, -1, -1.5707963267948966, 1.0
252, 75, 853, 464, 853, 460, 0, 4, 1.5707963267948966, 4.0
252, 76, 484, 190, 484, 193, 0, -3, -1.5707963267948966, 3.0
252, 77, 330, 402, 330, 403, 0, -1, -1.5707963267948966, 1.0
252, 78, 732, 160, 732, 162, 0, -2, -1.5707963267948966, 2.0
252, 79, 715, 116, 716, 118, -1, -2, -2.0344439357957027, 2.23606797749979
252, 80, 144, 149, 145, 148, -1, 1, 2.356194490192345, 1.4142135623730951
252, 81, 705, 593, 705, 588, 0, 5, 1.5707963267948966, 5.0
252, 82, 62, 157, 62, 158, 0, -1, -1.5707963267948966, 1.0
252, 83, 157, 701, 157, 701, 0, 0, 0.0, 0.0
252, 84, 458, 263, 460, 265, -2, -2, -2.356194490192345, 2.8284271247461903
252, 85, 52, 147, 52, 148, 0, -1, -1.5707963267948966, 1.0
252, 86, 288, 352, 288, 353, 0, -1, -1.5707963267948966, 1.0
252, 87, 624, 342, 624, 343, 0, -1, -1.5707963267948966, 1.0
252, 88, 255, 361, 255, 362, 0, -1, -1.5707963267948966, 1.0
252, 89, 677, 542, 678, 539, -1, 3, 1.892546881191539, 3.1622776601683795
252, 90, 999, 30, 1000, 33, -1, -3, -1.892546881191539, 3.1622776601683795
252, 91, 1223, 162, 1223, 163, 0, -1, -1.5707963267948966, 1.0
252, 92, 703, 144, 704, 146, -1, -2, -2.0344439357957027, 2.23606797749979
252, 93, 461, 47, 459, 47, 2, 0, 0.0, 2.0
252, 94, 326, 335, 326, 336, 0, -1, -1.5707963267948966, 1.0
252, 95, 149, 94, 149, 93, 0, 1, 1.5707963267948966, 1.0
252, 96, 624, 67, 624, 67, 0, 0, 0.0, 0.0
252, 97, 635, 110, 636, 110, -1, 0, 3.141592653589793, 1.0
252, 98, 816, 10, 816, 11, 0, -1, -1.5707963267948966, 1.0
252, 99, 644, 701, 644, 714, 0, -13, -1.5707963267948966, 13.0
252, 100, 736, 83, 737, 86, -1, -3, -1.892546881191539, 3.1622776601683795
252, 101, 1192, 366, 1192, 366, 0, 0, 0.0, 0.0
252, 102, 554, 29, 554, 30, 0, -1, -1.5707963267948966, 1.0
252, 103, 532, 539, 533, 543, -1, -4, -1.8157749899217608, 4.123105625617661
252, 104, 180, 652, 179, 649, 1, 3, 1.2490457723982544, 3.1622776601683795
252, 105, 170, 118, 171, 117, -1, 1, 2.356194490192345, 1.4142135623730951
252, 106, 773, 50, 774, 50, -1, 0, 3.141592653589793, 1.0
252, 107, 836, 512, 836, 512, 0, 0, 0.0, 0.0
252, 108, 1261, 97, 1274, 99, -13, -2, -2.988943325194528, 13.152946437965905
252, 109, 861, 153, 861, 158, 0, -5, -1.5707963267948966, 5.0
252, 110, 925, 91, 925, 92, 0, -1, -1.5707963267948966, 1.0
252, 111, 128, 13, 125, 13, 3, 0, 0.0, 3.0
252, 112, 1232, 274, 1232, 271, 0, 3, 1.5707963267948966, 3.0
252, 113, 1244, 91, 1247, 94, -3, -3, -2.356194490192345, 4.242640687119285
252, 114, 834, 216, 834, 222, 0, -6, -1.5707963267948966, 6.0
252, 115, 646, 35, 646, 35, 0, 0, 0.0, 0.0
252, 116, 856, 140, 856, 145, 0, -5, -1.5707963267948966, 5.0
252, 117, 127, 677, 125, 675, 2, 2, 0.7853981633974483, 2.8284271247461903
252, 118, 1242, 158, 1243, 157, -1, 1, 2.356194490192345, 1.4142135623730951
252, 119, 318, 386, 318, 387, 0, -1, -1.5707963267948966, 1.0
253, 0, 258, 337, 258, 339, 0, -2, -1.5707963267948966, 2.0
253, 1, 829, 155, 829, 155, 0, 0, 0.0, 0.0
253, 2, 258, 369, 258, 371, 0, -2, -1.5707963267948966, 2.0
253, 3, 850, 130, 850, 134, 0, -4, -1.5707963267948966, 4.0
253, 4, 247, 327, 247, 329, 0, -2, -1.5707963267948966, 2.0
253, 5, 500, 244, 500, 247, 0, -3, -1.5707963267948966, 3.0
253, 6, 839, 130, 840, 134, -1, -4, -1.8157749899217608, 4.123105625617661
253, 7, 1002, 16, 1004, 21, -2, -5, -1.9513027039072615, 5.385164807134504
253, 8, 482, 196, 481, 201, 1, -5, -1.373400766945016, 5.0990195135927845
253, 9, 166, 140, 167, 137, -1, 3, 1.892546881191539, 3.1622776601683795
253, 10, 535, 551, 536, 555, -1, -4, -1.8157749899217608, 4.123105625617661
253, 11, 821, 464, 819, 462, 2, 2, 0.7853981633974483, 2.8284271247461903
253, 12, 746, 35, 745, 38, 1, -3, -1.2490457723982544, 3.1622776601683795
253, 13, 491, 294, 491, 297, 0, -3, -1.5707963267948966, 3.0
253, 14, 494, 196, 493, 200, 1, -4, -1.3258176636680326, 4.123105625617661
253, 15, 255, 383, 255, 385, 0, -2, -1.5707963267948966, 2.0
253, 16, 1007, 27, 1009, 32, -2, -5, -1.9513027039072615, 5.385164807134504
253, 17, 492, 72, 489, 72, 3, 0, 0.0, 3.0
253, 18, 466, 240, 466, 245, 0, -5, -1.5707963267948966, 5.0
253, 19, 699, 157, 700, 161, -1, -4, -1.8157749899217608, 4.123105625617661
253, 20, 335, 346, 335, 348, 0, -2, -1.5707963267948966, 2.0
253, 21, 835, 442, 833, 439, 2, 3, 0.982793723247329, 3.605551275463989
253, 22, 300, 385, 299, 386, 1, -1, -0.7853981633974483, 1.4142135623730951
253, 23, 465, 25, 464, 25, 1, 0, 0.0, 1.0
253, 24, 850, 446, 851, 443, -1, 3, 1.892546881191539, 3.1622776601683795
253, 25, 278, 332, 278, 334, 0, -2, -1.5707963267948966, 2.0
253, 26, 264, 332, 264, 334, 0, -2, -1.5707963267948966, 2.0
253, 27, 981, 61, 984, 66, -3, -5, -2.1112158270654806, 5.830951894845301
253, 28, 694, 510, 693, 507, 1, 3, 1.2490457723982544, 3.1622776601683795
253, 29, 687, 593, 687, 590, 0, 3, 1.5707963267948966, 3.0
253, 30, 517, 576, 519, 584, -2, -8, -1.8157749899217608, 8.246211251235321
253, 31, 710, 508, 711, 505, -1, 3, 1.892546881191539, 3.1622776601683795
253, 32, 643, 26, 642, 25, 1, 1, 0.7853981633974483, 1.4142135623730951
253, 33, 612, 299, 611, 296, 1, 3, 1.2490457723982544, 3.1622776601683795
253, 34, 462, 76, 460, 78, 2, -2, -0.7853981633974483, 2.8284271247461903
253, 35, 678, 39, 678, 38, 0, 1, 1.5707963267948966, 1.0
253, 36, 863, 23, 861, 26, 2, -3, -0.982793723247329, 3.605551275463989
253, 37, 809, 482, 809, 478, 0, 4, 1.5707963267948966, 4.0
253, 38, 992, 101, 994, 105, -2, -4, -2.0344439357957027, 4.47213595499958
253, 39, 189, 679, 188, 677, 1, 2, 1.1071487177940904, 2.23606797749979
253, 40, 625, 246, 624, 243, 1, 3, 1.2490457723982544, 3.1622776601683795
253, 41, 847, 119, 847, 123, 0, -4, -1.5707963267948966, 4.0
253, 42, 930, 646, 934, 651, -4, -5, -2.2455372690184494, 6.4031242374328485
253, 43, 286, 372, 286, 374, 0, -2, -1.5707963267948966, 2.0
253, 44, 1240, 213, 1240, 210, 0, 3, 1.5707963267948966, 3.0
253, 45, 699, 701, 699, 701, 0, 0, 0.0, 0.0
253, 46, 1257, 70, 1261, 73, -4, -3, -2.498091544796509, 5.0
253, 47, 751, 29, 750, 31, 1, -2, -1.1071487177940904, 2.23606797749979
253, 48, 940, 12, 940, 14, 0, -2, -1.5707963267948966, 2.0
253, 49, 1004, 57, 1007, 61, -3, -4, -2.214297435588181, 5.0
253, 50, 1203, 391, 1204, 386, -1, 5, 1.7681918866447774, 5.0990195135927845
253, 51, 1220, 329, 1220, 324, 0, 5, 1.5707963267948966, 5.0
253, 52, 586, 26, 586, 29, 0, -3, -1.5707963267948966, 3.0
253, 53, 332, 358, 332, 360, 0, -2, -1.5707963267948966, 2.0
253, 54, 1241, 195, 1240, 194, 1, 1, 0.7853981633974483, 1.4142135623730951
253, 55, 464, 59, 460, 60, 4, -1, -0.24497866312686414, 4.123105625617661
253, 56, 468, 268, 470, 273, -2, -5, -1.9513027039072615, 5.385164807134504
253, 57, 494, 506, 495, 510, -1, -4, -1.8157749899217608, 4.123105625617661
253, 58, 502, 203, 501, 207, 1, -4, -1.3258176636680326, 4.123105625617661
253, 59, 702, 222, 702, 226, 0, -4, -1.5707963267948966, 4.0
253, 60, 857, 490, 855, 487, 2, 3, 0.982793723247329, 3.605551275463989
253, 61, 842, 202, 841, 205, 1, -3, -1.2490457723982544, 3.1622776601683795
253, 62, 619, 290, 618, 287, 1, 3, 1.2490457723982544, 3.1622776601683795
253, 63, 503, 482, 502, 488, 1, -6, -1.4056476493802699, 6.082762530298219
253, 64, 1229, 316, 1229, 312, 0, 4, 1.5707963267948966, 4.0
253, 65, 247, 399, 247, 401, 0, -2, -1.5707963267948966, 2.0
253, 66, 512, 456, 513, 463, -1, -7, -1.7126933813990606, 7.0710678118654755
253, 67, 235, 318, 235, 320, 0, -2, -1.5707963267948966, 2.0
253, 68, 814, 18, 814, 20, 0, -2, -1.5707963267948966, 2.0
253, 69, 1009, 72, 1012, 74, -3, -2, -2.5535900500422257, 3.605551275463989
253, 70, 264, 373, 264, 375, 0, -2, -1.5707963267948966, 2.0
253, 71, 474, 58, 471, 59, 3, -1, -0.3217505543966422, 3.1622776601683795
253, 72, 306, 316, 306, 318, 0, -2, -1.5707963267948966, 2.0
253, 73, 695, 139, 696, 144, -1, -5, -1.7681918866447774, 5.0990195135927845
253, 74, 840, 31, 839, 31, 1, 0, 0.0, 1.0
253, 75, 853, 471, 853, 464, 0, 7, 1.5707963267948966, 7.0
253, 76, 485, 185, 484, 190, 1, -5, -1.373400766945016, 5.0990195135927845
253, 77, 330, 400, 330, 402, 0, -2, -1.5707963267948966, 2.0
253, 78, 732, 154, 732, 160, 0, -6, -1.5707963267948966, 6.0
253, 79, 714, 111, 715, 116, -1, -5, -1.7681918866447774, 5.0990195135927845
253, 80, 143, 150, 144, 149, -1, 1, 2.356194490192345, 1.4142135623730951
253, 81, 706, 597, 705, 593, 1, 4, 1.3258176636680326, 4.123105625617661
253, 82, 62, 155, 62, 157, 0, -2, -1.5707963267948966, 2.0
253, 83, 155, 700, 157, 701, -2, -1, -2.677945044588987, 2.23606797749979
253, 84, 457, 259, 458, 263, -1, -4, -1.8157749899217608, 4.123105625617661
253, 85, 52, 145, 52, 147, 0, -2, -1.5707963267948966, 2.0
253, 86, 288, 351, 288, 352, 0, -1, -1.5707963267948966, 1.0
253, 87, 624, 341, 624, 342, 0, -1, -1.5707963267948966, 1.0
253, 88, 255, 359, 255, 361, 0, -2, -1.5707963267948966, 2.0
253, 89, 677, 545, 677, 542, 0, 3, 1.5707963267948966, 3.0
253, 90, 997, 26, 999, 30, -2, -4, -2.0344439357957027, 4.47213595499958
253, 91, 1222, 160, 1223, 162, -1, -2, -2.0344439357957027, 2.23606797749979
253, 92, 702, 139, 703, 144, -1, -5, -1.7681918866447774, 5.0990195135927845
253, 93, 463, 46, 461, 47, 2, -1, -0.4636476090008061, 2.23606797749979
253, 94, 326, 333, 326, 335, 0, -2, -1.5707963267948966, 2.0
253, 95, 150, 96, 149, 94, 1, 2, 1.1071487177940904, 2.23606797749979
253, 96, 624, 67, 624, 67, 0, 0, 0.0, 0.0
253, 97, 816, 9, 816, 10, 0, -1, -1.5707963267948966, 1.0
253, 98, 645, 701, 644, 701, 1, 0, 0.0, 1.0
253, 99, 734, 77, 736, 83, -2, -6, -1.892546881191539, 6.324555320336759
253, 100, 1192, 365, 1192, 366, 0, -1, -1.5707963267948966, 1.0
253, 101, 553, 26, 554, 29, -1, -3, -1.892546881191539, 3.1622776601683795
253, 102, 531, 537, 532, 539, -1, -2, -2.0344439357957027, 2.23606797749979
253, 103, 181, 655, 180, 652, 1, 3, 1.2490457723982544, 3.1622776601683795
253, 104, 169, 120, 170, 118, -1, 2, 2.0344439357957027, 2.23606797749979
253, 105, 772, 48, 773, 50, -1, -2, -2.0344439357957027, 2.23606797749979
253, 106, 838, 511, 836, 512, 2, -1, -0.4636476090008061, 2.23606797749979
253, 107, 1258, 94, 1261, 97, -3, -3, -2.356194490192345, 4.242640687119285
253, 108, 862, 146, 861, 153, 1, -7, -1.4288992721907328, 7.0710678118654755
253, 109, 925, 89, 925, 91, 0, -2, -1.5707963267948966, 2.0
253, 110, 130, 11, 128, 13, 2, -2, -0.7853981633974483, 2.8284271247461903
253, 111, 1232, 278, 1232, 274, 0, 4, 1.5707963267948966, 4.0
253, 112, 1240, 89, 1244, 91, -4, -2, -2.677945044588987, 4.47213595499958
253, 113, 834, 212, 834, 216, 0, -4, -1.5707963267948966, 4.0
253, 114, 646, 35, 646, 35, 0, 0, 0.0, 0.0
253, 115, 857, 136, 856, 140, 1, -4, -1.3258176636680326, 4.123105625617661
253, 116, 130, 675, 127, 677, 3, -2, -0.5880026035475675, 3.605551275463989
253, 117, 1243, 158, 1242, 158, 1, 0, 0.0, 1.0
253, 118, 318, 385, 318, 386, 0, -1, -1.5707963267948966, 1.0
254, 0, 259, 338, 259, 339, 0, -1, -1.5707963267948966, 1.0
254, 1, 258, 370, 258, 371, 0, -1, -1.5707963267948966, 1.0
254, 2, 252, 339, 252, 340, 0, -1, -1.5707963267948966, 1.0
254, 3, 850, 127, 850, 132, 0, -5, -1.5707963267948966, 5.0
254, 4, 822, 471, 821, 467, 1, 4, 1.3258176636680326, 4.123105625617661
254, 5, 901, 701, 905, 718, -4, -17, -1.8018869939907938, 17.46424919657298
254, 6, 247, 328, 247, 329, 0, -1, -1.5707963267948966, 1.0
254, 7, 1021, 701, 1022, 715, -1, -14, -1.642103791580187, 14.035668847618199
254, 8, 501, 243, 501, 246, 0, -3, -1.5707963267948966, 3.0
254, 9, 168, 139, 168, 139, 0, 0, 0.0, 0.0
254, 10, 537, 547, 537, 551, 0, -4, -1.5707963267948966, 4.0
254, 11, 747, 35, 746, 37, 1, -2, -1.1071487177940904, 2.23606797749979
254, 12, 1004, 16, 1005, 20, -1, -4, -1.8157749899217608, 4.123105625617661
254, 13, 490, 294, 491, 297, -1, -3, -1.892546881191539, 3.1622776601683795
254, 14, 482, 195, 482, 199, 0, -4, -1.5707963267948966, 4.0
254, 15, 489, 76, 487, 76, 2, 0, 0.0, 2.0
254, 16, 255, 384, 255, 385, 0, -1, -1.5707963267948966, 1.0
254, 17, 841, 127, 841, 132, 0, -5, -1.5707963267948966, 5.0
254, 18, 161, 701, 161, 707, 0, -6, -1.5707963267948966, 6.0
254, 19, 279, 334, 279, 335, 0, -1, -1.5707963267948966, 1.0
254, 20, 192, 687, 191, 685, 1, 2, 1.1071487177940904, 2.23606797749979
254, 21, 643, 701, 643, 713, 0, -12, -1.5707963267948966, 12.0
254, 22, 494, 195, 494, 199, 0, -4, -1.5707963267948966, 4.0
254, 23, 467, 240, 467, 244, 0, -4, -1.5707963267948966, 4.0
254, 24, 699, 155, 700, 159, -1, -4, -1.8157749899217608, 4.123105625617661
254, 25, 11, 195, 10, 195, 1, 0, 0.0, 1.0
254, 26, 695, 513, 694, 510, 1, 3, 1.2490457723982544, 3.1622776601683795
254, 27, 1008, 27, 1009, 31, -1, -4, -1.8157749899217608, 4.123105625617661
254, 28, 851, 451, 851, 447, 0, 4, 1.5707963267948966, 4.0
254, 29, 467, 58, 463, 60, 4, -2, -0.4636476090008061, 4.47213595499958
254, 30, 761, 18, 761, 19, 0, -1, -1.5707963267948966, 1.0
254, 31, 463, 76, 461, 77, 2, -1, -0.4636476090008061, 2.23606797749979
254, 32, 535, 523, 536, 527, -1, -4, -1.8157749899217608, 4.123105625617661
254, 33, 335, 345, 335, 346, 0, -1, -1.5707963267948966, 1.0
254, 34, 191, 650, 190, 647, 1, 3, 1.2490457723982544, 3.1622776601683795
254, 35, 495, 508, 495, 510, 0, -2, -1.5707963267948966, 2.0
254, 36, 833, 447, 833, 444, 0, 3, 1.5707963267948966, 3.0
254, 37, 810, 487, 809, 483, 1, 4, 1.3258176636680326, 4.123105625617661
254, 38, 1261, 79, 1273, 81, -12, -2, -2.976443976175166, 12.165525060596439
254, 39, 641, 27, 641, 26, 0, 1, 1.5707963267948966, 1.0
254, 40, 842, 202, 842, 205, 0, -3, -1.5707963267948966, 3.0
254, 41, 830, 159, 830, 159, 0, 0, 0.0, 0.0
254, 42, 469, 24, 468, 26, 1, -2, -1.1071487177940904, 2.23606797749979
254, 43, 710, 513, 710, 508, 0, 5, 1.5707963267948966, 5.0
254, 44, 514, 454, 514, 460, 0, -6, -1.5707963267948966, 6.0
254, 45, 625, 246, 625, 244, 0, 2, 1.5707963267948966, 2.0
254, 46, 854, 473, 854, 469, 0, 4, 1.5707963267948966, 4.0
254, 47, 1259, 69, 1262, 72, -3, -3, -2.356194490192345, 4.242640687119285
254, 48, 848, 116, 848, 121, 0, -5, -1.5707963267948966, 5.0
254, 49, 267, 334, 267, 335, 0, -1, -1.5707963267948966, 1.0
254, 50, 998, 25, 999, 29, -1, -4, -1.8157749899217608, 4.123105625617661
254, 51, 286, 373, 286, 374, 0, -1, -1.5707963267948966, 1.0
254, 52, 473, 267, 473, 271, 0, -4, -1.5707963267948966, 4.0
254, 53, 586, 28, 586, 29, 0, -1, -1.5707963267948966, 1.0
254, 54, 501, 202, 501, 206, 0, -4, -1.5707963267948966, 4.0
254, 55, 459, 257, 459, 261, 0, -4, -1.5707963267948966, 4.0
254, 56, 863, 23, 862, 26, 1, -3, -1.2490457723982544, 3.1622776601683795
254, 57, 940, 13, 940, 14, 0, -1, -1.5707963267948966, 1.0
254, 58, 678, 39, 678, 39, 0, 0, 0.0, 0.0
254, 59, 687, 595, 687, 592, 0, 3, 1.5707963267948966, 3.0
254, 60, 247, 400, 247, 401, 0, -1, -1.5707963267948966, 1.0
254, 61, 477, 58, 474, 59, 3, -1, -0.3217505543966422, 3.1622776601683795
254, 62, 307, 317, 307, 318, 0, -1, -1.5707963267948966, 1.0
254, 63, 1220, 329, 1220, 327, 0, 2, 1.5707963267948966, 2.0
254, 64, 918, 701, 921, 711, -3, -10, -1.8622531212727638, 10.44030650891055
254, 65, 858, 496, 857, 493, 1, 3, 1.2490457723982544, 3.1622776601683795
254, 66, 503, 479, 503, 484, 0, -5, -1.5707963267948966, 5.0
254, 67, 1229, 316, 1229, 313, 0, 3, 1.5707963267948966, 3.0
254, 68, 614, 305, 613, 301, 1, 4, 1.3258176636680326, 4.123105625617661
254, 69, 235, 319, 235, 320, 0, -1, -1.5707963267948966, 1.0
254, 70, 332, 358, 332, 360, 0, -2, -1.5707963267948966, 2.0
254, 71, 1010, 67, 1011, 69, -1, -2, -2.0344439357957027, 2.23606797749979
254, 72, 923, 643, 928, 647, -5, -4, -2.4668517113662407, 6.4031242374328485
254, 73, 815, 19, 815, 20, 0, -1, -1.5707963267948966, 1.0
254, 74, 1241, 89, 1244, 91, -3, -2, -2.5535900500422257, 3.605551275463989
254, 75, 891, 690, 892, 695, -1, -5, -1.7681918866447774, 5.0990195135927845
254, 76, 560, 18, 560, 20, 0, -2, -1.5707963267948966, 2.0
254, 77, 335, 701, 335, 710, 0, -9, -1.5707963267948966, 9.0
254, 78, 706, 503, 706, 499, 0, 4, 1.5707963267948966, 4.0
254, 79, 752, 30, 752, 31, 0, -1, -1.5707963267948966, 1.0
254, 80, 695, 138, 696, 142, -1, -4, -1.8157749899217608, 4.123105625617661
254, 81, 702, 220, 702, 224, 0, -4, -1.5707963267948966, 4.0
254, 82, 147, 695, 145, 691, 2, 4, 1.1071487177940904, 4.47213595499958
254, 83, 256, 361, 256, 362, 0, -1, -1.5707963267948966, 1.0
254, 84, 331, 401, 331, 402, 0, -1, -1.5707963267948966, 1.0
254, 85, 326, 335, 326, 336, 0, -1, -1.5707963267948966, 1.0
254, 86, 1006, 58, 1008, 60, -2, -2, -2.356194490192345, 2.8284271247461903
254, 87, 144, 148, 145, 148, -1, 0, 3.141592653589793, 1.0
254, 88, 129, 12, 129, 13, 0, -1, -1.5707963267948966, 1.0
254, 89, 774, 45, 774, 46, 0, -1, -1.5707963267948966, 1.0
254, 90, 137, 701, 134, 701, 3, 0, 0.0, 3.0
254, 91, 122, 14, 122, 15, 0, -1, -1.5707963267948966, 1.0
254, 92, 637, 109, 637, 109, 0, 0, 0.0, 0.0
254, 93, 983, 61, 985, 65, -2, -4, -2.0344439357957027, 4.47213595499958
254, 94, 938, 96, 938, 97, 0, -1, -1.5707963267948966, 1.0
254, 95, 816, 9, 816, 10, 0, -1, -1.5707963267948966, 1.0
254, 96, 62, 156, 62, 157, 0, -1, -1.5707963267948966, 1.0
254, 97, 325, 657, 326, 654, -1, 3, 1.892546881191539, 3.1622776601683795
254, 98, 288, 352, 288, 353, 0, -1, -1.5707963267948966, 1.0
254, 99, 1192, 364, 1192, 365, 0, -1, -1.5707963267948966, 1.0
254, 100, 486, 185, 486, 189, 0, -4, -1.5707963267948966, 4.0
254, 101, 264, 374, 264, 375, 0, -1, -1.5707963267948966, 1.0
254, 102, 624, 342, 624, 342, 0, 0, 0.0, 0.0
254, 103, 1232, 279, 1232, 276, 0, 3, 1.5707963267948966, 3.0
254, 104, 735, 77, 736, 81, -1, -4, -1.8157749899217608, 4.123105625617661
254, 105, 150, 95, 150, 95, 0, 0, 0.0, 0.0
254, 106, 678, 548, 678, 544, 0, 4, 1.5707963267948966, 4.0
254, 107, 1261, 93, 1269, 96, -8, -3, -2.782821983319221, 8.54400374531753
254, 108, 933, 89, 933, 90, 0, -1, -1.5707963267948966, 1.0
254, 109, 925, 90, 925, 91, 0, -1, -1.5707963267948966, 1.0
254, 110, 772, 38, 772, 39, 0, -1, -1.5707963267948966, 1.0
254, 111, 1199, 379, 1201, 378, -2, 1, 2.677945044588987, 2.23606797749979
254, 112, 702, 138, 703, 142, -1, -4, -1.8157749899217608, 4.123105625617661
254, 113, 856, 133, 856, 138, 0, -5, -1.5707963267948966, 5.0
254, 114, 834, 134, 834, 138, 0, -4, -1.5707963267948966, 4.0
254, 115, 1244, 195, 1243, 195, 1, 0, 0.0, 1.0
254, 116, 306, 385, 305, 386, 1, -1, -0.7853981633974483, 1.4142135623730951
254, 117, 733, 153, 733, 158, 0, -5, -1.5707963267948966, 5.0
254, 118, 200, 682, 199, 680, 1, 2, 1.1071487177940904, 2.23606797749979
254, 119, 340, 610, 342, 606, -2, 4, 2.0344439357957027, 4.47213595499958
254, 120, 100, 16, 97, 18, 3, -2, -0.5880026035475675, 3.605551275463989
254, 121, 168, 172, 168, 173, 0, -1, -1.5707963267948966, 1.0
254, 122, 849, 47, 849, 49, 0, -2, -1.5707963267948966, 2.0
254, 123, 483, 44, 481, 45, 2, -1, -0.4636476090008061, 2.23606797749979
254, 124, 33, 110, 33, 111, 0, -1, -1.5707963267948966, 1.0
254, 125, 303, 338, 303, 339, 0, -1, -1.5707963267948966, 1.0
254, 126, 506, 249, 506, 252, 0, -3, -1.5707963267948966, 3.0
254, 127, 676, 110, 676, 110, 0, 0, 0.0, 0.0
254, 128, 1240, 213, 1240, 211, 0, 2, 1.5707963267948966, 2.0
254, 129, 636, 290, 636, 288, 0, 2, 1.5707963267948966, 2.0
254, 130, 53, 146, 53, 147, 0, -1, -1.5707963267948966, 1.0
254, 131, 275, 343, 275, 344, 0, -1, -1.5707963267948966, 1.0
254, 132, 1243, 221, 1243, 221, 0, 0, 0.0, 0.0
254, 133, 714, 110, 715, 114, -1, -4, -1.8157749899217608, 4.123105625617661
254, 134, 318, 385, 318, 386, 0, -1, -1.5707963267948966, 1.0
254, 135, 784, 46, 784, 47, 0, -1, -1.5707963267948966, 1.0
254, 136, 270, 319, 270, 320, 0, -1, -1.5707963267948966, 1.0
254, 137, 144, 121, 144, 121, 0, 0, 0.0, 0.0
254, 138, 721, 575, 721, 572, 0, 3, 1.5707963267948966, 3.0
254, 139, 939, 26, 939, 27, 0, -1, -1.5707963267948966, 1.0
254, 140, 504, 13, 504, 15, 0, -2, -1.5707963267948966, 2.0
254, 141, 718, 521, 718, 517, 0, 4, 1.5707963267948966, 4.0
254, 142, 293, 306, 293, 307, 0, -1, -1.5707963267948966, 1.0
254, 143, 1255, 197, 1254, 198, 1, -1, -0.7853981633974483, 1.4142135623730951
254, 144, 554, 26, 554, 28, 0, -2, -1.5707963267948966, 2.0
254, 145, 698, 504, 698, 500, 0, 4, 1.5707963267948966, 4.0
255, 0, 259, 337, 259, 338, 0, -1, -1.5707963267948966, 1.0
255, 1, 258, 369, 258, 370, 0, -1, -1.5707963267948966, 1.0
255, 2, 252, 338, 252, 339, 0, -1, -1.5707963267948966, 1.0
255, 3, 850, 123, 850, 127, 0, -4, -1.5707963267948966, 4.0
255, 4, 823, 476, 822, 471, 1, 5, 1.373400766945016, 5.0990195135927845
255, 5, 897, 698, 901, 701, -4, -3, -2.498091544796509, 5.0
255, 6, 247, 327, 247, 328, 0, -1, -1.5707963267948966, 1.0
255, 7, 1020, 695, 1021, 701, -1, -6, -1.7359450042095235, 6.082762530298219
255, 8, 502, 239, 501, 243, 1, -4, -1.3258176636680326, 4.123105625617661
255, 9, 169, 139, 168, 139, 1, 0, 0.0, 1.0
255, 10, 537, 543, 537, 547, 0, -4, -1.5707963267948966, 4.0
255, 11, 747, 34, 747, 35, 0, -1, -1.5707963267948966, 1.0
255, 12, 1003, 12, 1004, 16, -1, -4, -1.8157749899217608, 4.123105625617661
255, 13, 490, 291, 490, 294, 0, -3, -1.5707963267948966, 3.0
255, 14, 483, 190, 482, 195, 1, -5, -1.373400766945016, 5.0990195135927845
255, 15, 490, 75, 489, 76, 1, -1, -0.7853981633974483, 1.4142135623730951
255, 16, 255, 383, 255, 384, 0, -1, -1.5707963267948966, 1.0
255, 17, 841, 123, 841, 127, 0, -4, -1.5707963267948966, 4.0
255, 18, 162, 701, 161, 701, 1, 0, 0.0, 1.0
255, 19, 279, 333, 279, 334, 0, -1, -1.5707963267948966, 1.0
255, 20, 193, 689, 192, 687, 1, 2, 1.1071487177940904, 2.23606797749979
255, 21, 643, 701, 643, 701, 0, 0, 0.0, 0.0
255, 22, 495, 190, 494, 195, 1, -5, -1.373400766945016, 5.0990195135927845
255, 23, 468, 236, 467, 240, 1, -4, -1.3258176636680326, 4.123105625617661
255, 24, 699, 151, 699, 155, 0, -4, -1.5707963267948966, 4.0
255, 25, 14, 196, 11, 195, 3, 1, 0.3217505543966422, 3.1622776601683795
255, 26, 696, 516, 695, 513, 1, 3, 1.2490457723982544, 3.1622776601683795
255, 27, 1007, 23, 1008, 27, -1, -4, -1.8157749899217608, 4.123105625617661
255, 28, 851, 455, 851, 451, 0, 4, 1.5707963267948966, 4.0
255, 29, 471, 58, 467, 58, 4, 0, 0.0, 4.0
255, 30, 761, 17, 761, 18, 0, -1, -1.5707963267948966, 1.0
255, 31, 466, 76, 463, 76, 3, 0, 0.0, 3.0
255, 32, 535, 519, 535, 523, 0, -4, -1.5707963267948966, 4.0
255, 33, 335, 344, 335, 345, 0, -1, -1.5707963267948966, 1.0
255, 34, 192, 653, 191, 650, 1, 3, 1.2490457723982544, 3.1622776601683795
255, 35, 495, 507, 495, 508, 0, -1, -1.5707963267948966, 1.0
255, 36, 833, 450, 833, 447, 0, 3, 1.5707963267948966, 3.0
255, 37, 811, 491, 810, 487, 1, 4, 1.3258176636680326, 4.123105625617661
255, 38, 1258, 76, 1261, 79, -3, -3, -2.356194490192345, 4.242640687119285
255, 39, 641, 28, 641, 27, 0, 1, 1.5707963267948966, 1.0
255, 40, 842, 200, 842, 202, 0, -2, -1.5707963267948966, 2.0
255, 41, 830, 159, 830, 159, 0, 0, 0.0, 0.0
255, 42, 469, 22, 469, 24, 0, -2, -1.5707963267948966, 2.0
255, 43, 710, 517, 710, 513, 0, 4, 1.5707963267948966, 4.0
255, 44, 514, 448, 514, 454, 0, -6, -1.5707963267948966, 6.0
255, 45, 626, 249, 625, 246, 1, 3, 1.2490457723982544, 3.1622776601683795
255, 46, 854, 477, 854, 473, 0, 4, 1.5707963267948966, 4.0
255, 47, 1256, 66, 1259, 69, -3, -3, -2.356194490192345, 4.242640687119285
255, 48, 848, 112, 848, 116, 0, -4, -1.5707963267948966, 4.0
255, 49, 267, 333, 267, 334, 0, -1, -1.5707963267948966, 1.0
255, 50, 997, 21, 998, 25, -1, -4, -1.8157749899217608, 4.123105625617661
255, 51, 286, 372, 286, 373, 0, -1, -1.5707963267948966, 1.0
255, 52, 473, 262, 473, 267, 0, -5, -1.5707963267948966, 5.0
255, 53, 586, 26, 586, 28, 0, -2, -1.5707963267948966, 2.0
255, 54, 501, 198, 501, 202, 0, -4, -1.5707963267948966, 4.0
255, 55, 460, 253, 459, 257, 1, -4, -1.3258176636680326, 4.123105625617661
255, 56, 864, 21, 863, 23, 1, -2, -1.1071487177940904, 2.23606797749979
255, 57, 940, 12, 940, 13, 0, -1, -1.5707963267948966, 1.0
255, 58, 678, 39, 678, 39, 0, 0, 0.0, 0.0
255, 59, 688, 598, 687, 595, 1, 3, 1.2490457723982544, 3.1622776601683795
255, 60, 247, 399, 247, 400, 0, -1, -1.5707963267948966, 1.0
255, 61, 480, 58, 477, 58, 3, 0, 0.0, 3.0
255, 62, 307, 316, 307, 317, 0, -1, -1.5707963267948966, 1.0
255, 63, 1220, 331, 1220, 329, 0, 2, 1.5707963267948966, 2.0
255, 64, 915, 697, 918, 701, -3, -4, -2.214297435588181, 5.0
255, 65, 859, 499, 858, 496, 1, 3, 1.2490457723982544, 3.1622776601683795
255, 66, 503, 474, 503, 479, 0, -5, -1.5707963267948966, 5.0
255, 67, 1229, 319, 1229, 316, 0, 3, 1.5707963267948966, 3.0
255, 68, 615, 309, 614, 305, 1, 4, 1.3258176636680326, 4.123105625617661
255, 69, 235, 318, 235, 319, 0, -1, -1.5707963267948966, 1.0
255, 70, 332, 357, 332, 358, 0, -1, -1.5707963267948966, 1.0
255, 71, 1009, 65, 1010, 67, -1, -2, -2.0344439357957027, 2.23606797749979
255, 72, 918, 639, 923, 643, -5, -4, -2.4668517113662407, 6.4031242374328485
255, 73, 815, 18, 815, 19, 0, -1, -1.5707963267948966, 1.0
255, 74, 1237, 87, 1241, 89, -4, -2, -2.677945044588987, 4.47213595499958
255, 75, 889, 684, 891, 690, -2, -6, -1.892546881191539, 6.324555320336759
255, 76, 560, 16, 560, 18, 0, -2, -1.5707963267948966, 2.0
255, 77, 335, 701, 335, 701, 0, 0, 0.0, 0.0
255, 78, 707, 507, 706, 503, 1, 4, 1.3258176636680326, 4.123105625617661
255, 79, 752, 29, 752, 30, 0, -1, -1.5707963267948966, 1.0
255, 80, 695, 134, 695, 138, 0, -4, -1.5707963267948966, 4.0
255, 81, 703, 216, 702, 220, 1, -4, -1.3258176636680326, 4.123105625617661
255, 82, 149, 698, 147, 695, 2, 3, 0.982793723247329, 3.605551275463989
255, 83, 256, 360, 256, 361, 0, -1, -1.5707963267948966, 1.0
255, 84, 331, 400, 331, 401, 0, -1, -1.5707963267948966, 1.0
255, 85, 326, 334, 326, 335, 0, -1, -1.5707963267948966, 1.0
255, 86, 1005, 56, 1006, 58, -1, -2, -2.0344439357957027, 2.23606797749979
255, 87, 144, 148, 144, 148, 0, 0, 0.0, 0.0
255, 88, 130, 11, 129, 12, 1, -1, -0.7853981633974483, 1.4142135623730951
255, 89, 774, 44, 774, 45, 0, -1, -1.5707963267948966, 1.0
255, 90, 140, 701, 137, 701, 3, 0, 0.0, 3.0
255, 91, 123, 13, 122, 14, 1, -1, -0.7853981633974483, 1.4142135623730951
255, 92, 637, 109, 637, 109, 0, 0, 0.0, 0.0
255, 93, 981, 58, 983, 61, -2, -3, -2.158798930342464, 3.605551275463989
255, 94, 938, 95, 938, 96, 0, -1, -1.5707963267948966, 1.0
255, 95, 62, 155, 62, 156, 0, -1, -1.5707963267948966, 1.0
255, 96, 323, 660, 325, 657, -2, 3, 2.158798930342464, 3.605551275463989
255, 97, 288, 351, 288, 352, 0, -1, -1.5707963267948966, 1.0
255, 98, 1192, 363, 1192, 364, 0, -1, -1.5707963267948966, 1.0
255, 99, 487, 180, 486, 185, 1, -5, -1.373400766945016, 5.0990195135927845
255, 100, 264, 373, 264, 374, 0, -1, -1.5707963267948966, 1.0
255, 101, 624, 342, 624, 342, 0, 0, 0.0, 0.0
255, 102, 1232, 282, 1232, 279, 0, 3, 1.5707963267948966, 3.0
255, 103, 734, 74, 735, 77, -1, -3, -1.892546881191539, 3.1622776601683795
255, 104, 150, 95, 150, 95, 0, 0, 0.0, 0.0
255, 105, 678, 552, 678, 548, 0, 4, 1.5707963267948966, 4.0
255, 106, 1258, 91, 1261, 93, -3, -2, -2.5535900500422257, 3.605551275463989
255, 107, 933, 88, 933, 89, 0, -1, -1.5707963267948966, 1.0
255, 108, 925, 89, 925, 90, 0, -1, -1.5707963267948966, 1.0
255, 109, 772, 37, 772, 38, 0, -1, -1.5707963267948966, 1.0
255, 110, 1197, 381, 1199, 379, -2, 2, 2.356194490192345, 2.8284271247461903
255, 111, 702, 134, 702, 138, 0, -4, -1.5707963267948966, 4.0
255, 112, 856, 129, 856, 133, 0, -4, -1.5707963267948966, 4.0
255, 113, 834, 130, 834, 134, 0, -4, -1.5707963267948966, 4.0
255, 114, 1245, 195, 1244, 195, 1, 0, 0.0, 1.0
255, 115, 308, 384, 306, 385, 2, -1, -0.4636476090008061, 2.23606797749979
255, 116, 733, 150, 733, 153, 0, -3, -1.5707963267948966, 3.0
255, 117, 202, 684, 200, 682, 2, 2, 0.7853981633974483, 2.8284271247461903
255, 118, 339, 614, 340, 610, -1, 4, 1.8157749899217608, 4.123105625617661
255, 119, 102, 16, 100, 16, 2, 0, 0.0, 2.0
255, 120, 168, 171, 168, 172, 0, -1, -1.5707963267948966, 1.0
255, 121, 850, 46, 849, 47, 1, -1, -0.7853981633974483, 1.4142135623730951
255, 122, 487, 45, 483, 44, 4, 1, 0.24497866312686414, 4.123105625617661
255, 123, 33, 109, 33, 110, 0, -1, -1.5707963267948966, 1.0
255, 124, 303, 337, 303, 338, 0, -1, -1.5707963267948966, 1.0
255, 125, 507, 245, 506, 249, 1, -4, -1.3258176636680326, 4.123105625617661
255, 126, 676, 109, 676, 110, 0, -1, -1.5707963267948966, 1.0
255, 127, 1241, 214, 1240, 213, 1, 1, 0.7853981633974483, 1.4142135623730951
255, 128, 637, 292, 636, 290, 1, 2, 1.1071487177940904, 2.23606797749979
255, 129, 53, 145, 53, 146, 0, -1, -1.5707963267948966, 1.0
255, 130, 275, 342, 275, 343, 0, -1, -1.5707963267948966, 1.0
255, 131, 1243, 222, 1243, 221, 0, 1, 1.5707963267948966, 1.0
255, 132, 713, 106, 714, 110, -1, -4, -1.8157749899217608, 4.123105625617661
255, 133, 319, 384, 318, 385, 1, -1, -0.7853981633974483, 1.4142135623730951
255, 134, 784, 45, 784, 46, 0, -1, -1.5707963267948966, 1.0
255, 135, 270, 318, 270, 319, 0, -1, -1.5707963267948966, 1.0
255, 136, 144, 121, 144, 121, 0, 0, 0.0, 0.0
255, 137, 721, 577, 721, 575, 0, 2, 1.5707963267948966, 2.0
255, 138, 939, 25, 939, 26, 0, -1, -1.5707963267948966, 1.0
255, 139, 504, 11, 504, 13, 0, -2, -1.5707963267948966, 2.0
255, 140, 718, 526, 718, 521, 0, 5, 1.5707963267948966, 5.0
255, 141, 293, 305, 293, 306, 0, -1, -1.5707963267948966, 1.0
255, 142, 1256, 197, 1255, 197, 1, 0, 0.0, 1.0
255, 143, 554, 24, 554, 26, 0, -2, -1.5707963267948966, 2.0
255, 144, 699, 508, 698, 504, 1, 4, 1.3258176636680326, 4.123105625617661
256, 0, 259, 337, 259, 338, 0, -1, -1.5707963267948966, 1.0
256, 1, 259, 369, 259, 370, 0, -1, -1.5707963267948966, 1.0
256, 2, 849, 125, 850, 128, -1, -3, -1.892546881191539, 3.1622776601683795
256, 3, 1040, 701, 1042, 712, -2, -11, -1.750649826587375, 11.180339887498949
256, 4, 1021, 701, 1022, 708, -1, -7, -1.7126933813990606, 7.0710678118654755
256, 5, 248, 327, 248, 328, 0, -1, -1.5707963267948966, 1.0
256, 6, 255, 383, 255, 384, 0, -1, -1.5707963267948966, 1.0
256, 7, 488, 75, 488, 76, 0, -1, -1.5707963267948966, 1.0
256, 8, 538, 541, 538, 544, 0, -3, -1.5707963267948966, 3.0
256, 9, 747, 35, 747, 36, 0, -1, -1.5707963267948966, 1.0
256, 10, 644, 701, 644, 712, 0, -11, -1.5707963267948966, 11.0
256, 11, 891, 701, 895, 710, -4, -9, -1.9890206563741257, 9.848857801796104
256, 12, 195, 657, 194, 654, 1, 3, 1.2490457723982544, 3.1622776601683795
256, 13, 1002, 14, 1004, 17, -2, -3, -2.158798930342464, 3.605551275463989
256, 14, 841, 125, 841, 128, 0, -3, -1.5707963267948966, 3.0
256, 15, 473, 59, 469, 59, 4, 0, 0.0, 4.0
256, 16, 496, 508, 496, 510, 0, -2, -1.5707963267948966, 2.0
256, 17, 168, 140, 168, 140, 0, 0, 0.0, 0.0
256, 18, 821, 478, 821, 473, 0, 5, 1.5707963267948966, 5.0
256, 19, 483, 191, 483, 196, 0, -5, -1.5707963267948966, 5.0
256, 20, 467, 73, 464, 74, 3, -1, -0.3217505543966422, 3.1622776601683795
256, 21, 325, 669, 327, 666, -2, 3, 2.158798930342464, 3.605551275463989
256, 22, 701, 152, 701, 156, 0, -4, -1.5707963267948966, 4.0
256, 23, 468, 237, 468, 241, 0, -4, -1.5707963267948966, 4.0
256, 24, 196, 692, 195, 690, 1, 2, 1.1071487177940904, 2.23606797749979
256, 25, 695, 519, 694, 515, 1, 4, 1.3258176636680326, 4.123105625617661
256, 26, 535, 517, 536, 521, -1, -4, -1.8157749899217608, 4.123105625617661
256, 27, 696, 147, 696, 151, 0, -4, -1.5707963267948966, 4.0
256, 28, 15, 196, 13, 195, 2, 1, 0.4636476090008061, 2.23606797749979
256, 29, 495, 192, 495, 196, 0, -4, -1.5707963267948966, 4.0
256, 30, 156, 701, 156, 710, 0, -9, -1.5707963267948966, 9.0
256, 31, 265, 332, 265, 333, 0, -1, -1.5707963267948966, 1.0
256, 32, 335, 344, 335, 345, 0, -1, -1.5707963267948966, 1.0
256, 33, 833, 452, 833, 449, 0, 3, 1.5707963267948966, 3.0
256, 34, 843, 202, 843, 204, 0, -2, -1.5707963267948966, 2.0
256, 35, 851, 455, 852, 452, -1, 3, 1.892546881191539, 3.1622776601683795
256, 36, 1008, 63, 1010, 65, -2, -2, -2.356194490192345, 2.8284271247461903
256, 37, 502, 238, 502, 242, 0, -4, -1.5707963267948966, 4.0
256, 38, 1006, 24, 1008, 28, -2, -4, -2.0344439357957027, 4.47213595499958
256, 39, 287, 373, 287, 374, 0, -1, -1.5707963267948966, 1.0
256, 40, 642, 28, 642, 27, 0, 1, 1.5707963267948966, 1.0
256, 41, 1259, 67, 1262, 70, -3, -3, -2.356194490192345, 4.242640687119285
256, 42, 813, 495, 811, 491, 2, 4, 1.1071487177940904, 4.47213595499958
256, 43, 1261, 76, 1270, 78, -9, -2, -2.922923707715851, 9.219544457292887
256, 44, 900, 701, 903, 713, -3, -12, -1.8157749899217608, 12.36931687685298
256, 45, 248, 399, 248, 400, 0, -1, -1.5707963267948966, 1.0
256, 46, 502, 199, 502, 203, 0, -4, -1.5707963267948966, 4.0
256, 47, 626, 249, 626, 247, 0, 2, 1.5707963267948966, 2.0
256, 48, 997, 23, 999, 26, -2, -3, -2.158798930342464, 3.605551275463989
256, 49, 847, 115, 848, 118, -1, -3, -1.892546881191539, 3.1622776601683795
256, 50, 587, 26, 587, 28, 0, -2, -1.5707963267948966, 2.0
256, 51, 865, 22, 864, 24, 1, -2, -1.1071487177940904, 2.23606797749979
256, 52, 1225, 332, 1225, 331, 0, 1, 1.5707963267948966, 1.0
256, 53, 1230, 320, 1230, 317, 0, 3, 1.5707963267948966, 3.0
256, 54, 679, 39, 679, 39, 0, 0, 0.0, 0.0
256, 55, 460, 253, 460, 257, 0, -4, -1.5707963267948966, 4.0
256, 56, 101, 10, 99, 10, 2, 0, 0.0, 2.0
256, 57, 1237, 88, 1241, 90, -4, -2, -2.677945044588987, 4.47213595499958
256, 58, 940, 12, 940, 13, 0, -1, -1.5707963267948966, 1.0
256, 59, 149, 698, 147, 696, 2, 2, 0.7853981633974483, 2.8284271247461903
256, 60, 855, 477, 855, 474, 0, 3, 1.5707963267948966, 3.0
256, 61, 264, 374, 264, 375, 0, -1, -1.5707963267948966, 1.0
256, 62, 307, 317, 307, 318, 0, -1, -1.5707963267948966, 1.0
256, 63, 912, 700, 915, 705, -3, -5, -2.1112158270654806, 5.830951894845301
256, 64, 1211, 147, 1215, 150, -4, -3, -2.498091544796509, 5.0
256, 65, 481, 62, 478, 61, 3, 1, 0.3217505543966422, 3.1622776601683795
256, 66, 830, 164, 830, 164, 0, 0, 0.0, 0.0
256, 67, 235, 318, 235, 319, 0, -1, -1.5707963267948966, 1.0
256, 68, 473, 263, 473, 267, 0, -4, -1.5707963267948966, 4.0
256, 69, 815, 18, 815, 19, 0, -1, -1.5707963267948966, 1.0
256, 70, 130, 12, 130, 13, 0, -1, -1.5707963267948966, 1.0
256, 71, 860, 501, 859, 498, 1, 3, 1.2490457723982544, 3.1622776601683795
256, 72, 560, 17, 560, 19, 0, -2, -1.5707963267948966, 2.0
256, 73, 515, 447, 515, 454, 0, -7, -1.5707963267948966, 7.0
256, 74, 311, 384, 310, 385, 1, -1, -0.7853981633974483, 1.4142135623730951
256, 75, 982, 58, 984, 62, -2, -4, -2.0344439357957027, 4.47213595499958
256, 76, 332, 357, 332, 358, 0, -1, -1.5707963267948966, 1.0
256, 77, 770, 38, 770, 39, 0, -1, -1.5707963267948966, 1.0
256, 78, 256, 360, 256, 361, 0, -1, -1.5707963267948966, 1.0
256, 79, 633, 250, 633, 248, 0, 2, 1.5707963267948966, 2.0
256, 80, 752, 29, 752, 30, 0, -1, -1.5707963267948966, 1.0
256, 81, 775, 45, 775, 46, 0, -1, -1.5707963267948966, 1.0
256, 82, 696, 135, 696, 139, 0, -4, -1.5707963267948966, 4.0
256, 83, 144, 148, 145, 148, -1, 0, 3.141592653589793, 1.0
256, 84, 885, 677, 887, 682, -2, -5, -1.9513027039072615, 5.385164807134504
256, 85, 711, 518, 711, 513, 0, 5, 1.5707963267948966, 5.0
256, 86, 331, 401, 331, 402, 0, -1, -1.5707963267948966, 1.0
256, 87, 835, 132, 835, 135, 0, -3, -1.5707963267948966, 3.0
256, 88, 123, 14, 123, 14, 0, 0, 0.0, 0.0
256, 89, 637, 108, 637, 108, 0, 0, 0.0, 0.0
256, 90, 1246, 196, 1246, 196, 0, 0, 0.0, 0.0
256, 91, 487, 181, 487, 186, 0, -5, -1.5707963267948966, 5.0
256, 92, 1214, 119, 1217, 122, -3, -3, -2.356194490192345, 4.242640687119285
256, 93, 616, 310, 615, 307, 1, 3, 1.2490457723982544, 3.1622776601683795
256, 94, 934, 89, 934, 90, 0, -1, -1.5707963267948966, 1.0
256, 95, 503, 473, 503, 478, 0, -5, -1.5707963267948966, 5.0
256, 96, 938, 96, 938, 97, 0, -1, -1.5707963267948966, 1.0
256, 97, 1233, 281, 1233, 279, 0, 2, 1.5707963267948966, 2.0
256, 98, 63, 155, 63, 156, 0, -1, -1.5707963267948966, 1.0
256, 99, 857, 129, 857, 133, 0, -4, -1.5707963267948966, 4.0
256, 100, 289, 351, 289, 352, 0, -1, -1.5707963267948966, 1.0
256, 101, 152, 95, 152, 95, 0, 0, 0.0, 0.0
256, 102, 817, 9, 817, 10, 0, -1, -1.5707963267948966, 1.0
256, 103, 918, 637, 922, 641, -4, -4, -2.356194490192345, 5.656854249492381
256, 104, 708, 509, 708, 505, 0, 4, 1.5707963267948966, 4.0
256, 105, 926, 89, 926, 90, 0, -1, -1.5707963267948966, 1.0
256, 106, 1261, 89, 1267, 91, -6, -2, -2.819842099193151, 6.324555320336759
256, 107, 679, 553, 679, 549, 0, 4, 1.5707963267948966, 4.0
256, 108, 1192, 364, 1192, 365, 0, -1, -1.5707963267948966, 1.0
256, 109, 189, 667, 187, 664, 2, 3, 0.982793723247329, 3.605551275463989
256, 110, 647, 301, 646, 299, 1, 2, 1.1071487177940904, 2.23606797749979
256, 111, 735, 74, 736, 78, -1, -4, -1.8157749899217608, 4.123105625617661
256, 112, 293, 306, 293, 307, 0, -1, -1.5707963267948966, 1.0
256, 113, 1198, 384, 1199, 382, -1, 2, 2.0344439357957027, 2.23606797749979
256, 114, 143, 701, 142, 712, 1, -11, -1.4801364395941514, 11.045361017187261
256, 115, 304, 337, 304, 338, 0, -1, -1.5707963267948966, 1.0
256, 116, 507, 244, 507, 248, 0, -4, -1.5707963267948966, 4.0
256, 117, 712, 640, 712, 633, 0, 7, 1.5707963267948966, 7.0
256, 118, 835, 201, 836, 203, -1, -2, -2.0344439357957027, 2.23606797749979
256, 119, 637, 292, 637, 290, 0, 2, 1.5707963267948966, 2.0
256, 120, 703, 134, 703, 138, 0, -4, -1.5707963267948966, 4.0
256, 121, 489, 290, 490, 294, -1, -4, -1.8157749899217608, 4.123105625617661
256, 122, 1203, 392, 1203, 390, 0, 2, 1.5707963267948966, 2.0
256, 123, 703, 215, 703, 221, 0, -6, -1.5707963267948966, 6.0
256, 124, 1237, 226, 1235, 224, 2, 2, 0.7853981633974483, 2.8284271247461903
256, 125, 732, 149, 733, 152, -1, -3, -1.892546881191539, 3.1622776601683795
256, 126, 276, 342, 276, 343, 0, -1, -1.5707963267948966, 1.0
256, 127, 505, 505, 505, 507, 0, -2, -1.5707963267948966, 2.0
256, 128, 843, 508, 842, 505, 1, 3, 1.2490457723982544, 3.1622776601683795
256, 129, 941, 26, 941, 27, 0, -1, -1.5707963267948966, 1.0
256, 130, 851, 45, 850, 47, 1, -2, -1.1071487177940904, 2.23606797749979
256, 131, 832, 541, 832, 542, 0, -1, -1.5707963267948966, 1.0
256, 132, 168, 171, 168, 172, 0, -1, -1.5707963267948966, 1.0
256, 133, 53, 145, 53, 146, 0, -1, -1.5707963267948966, 1.0
256, 134, 341, 614, 342, 610, -1, 4, 1.8157749899217608, 4.123105625617661
256, 135, 723, 577, 723, 575, 0, 2, 1.5707963267948966, 2.0
256, 136, 700, 509, 699, 505, 1, 4, 1.3258176636680326, 4.123105625617661
256, 137, 328, 371, 328, 372, 0, -1, -1.5707963267948966, 1.0
257, 0, 259, 336, 259, 337, 0, -1, -1.5707963267948966, 1.0
257, 1, 259, 368, 259, 369, 0, -1, -1.5707963267948966, 1.0
257, 2, 849, 122, 849, 125, 0, -3, -1.5707963267948966, 3.0
257, 3, 1038, 695, 1040, 701, -2, -6, -1.892546881191539, 6.324555320336759
257, 4, 1020, 696, 1021, 701, -1, -5, -1.7681918866447774, 5.0990195135927845
257, 5, 248, 326, 248, 327, 0, -1, -1.5707963267948966, 1.0
257, 6, 255, 382, 255, 383, 0, -1, -1.5707963267948966, 1.0
257, 7, 488, 74, 488, 75, 0, -1, -1.5707963267948966, 1.0
257, 8, 538, 537, 538, 541, 0, -4, -1.5707963267948966, 4.0
257, 9, 747, 34, 747, 35, 0, -1, -1.5707963267948966, 1.0
257, 10, 644, 701, 644, 701, 0, 0, 0.0, 0.0
257, 11, 886, 701, 891, 701, -5, 0, 3.141592653589793, 5.0
257, 12, 196, 660, 195, 657, 1, 3, 1.2490457723982544, 3.1622776601683795
257, 13, 1000, 11, 1002, 14, -2, -3, -2.158798930342464, 3.605551275463989
257, 14, 841, 122, 841, 125, 0, -3, -1.5707963267948966, 3.0
257, 15, 476, 59, 473, 59, 3, 0, 0.0, 3.0
257, 16, 496, 506, 496, 508, 0, -2, -1.5707963267948966, 2.0
257, 17, 168, 140, 168, 140, 0, 0, 0.0, 0.0
257, 18, 821, 483, 821, 478, 0, 5, 1.5707963267948966, 5.0
257, 19, 483, 186, 483, 191, 0, -5, -1.5707963267948966, 5.0
257, 20, 470, 73, 467, 73, 3, 0, 0.0, 3.0
257, 21, 324, 673, 325, 669, -1, 4, 1.8157749899217608, 4.123105625617661
257, 22, 701, 148, 701, 152, 0, -4, -1.5707963267948966, 4.0
257, 23, 468, 233, 468, 237, 0, -4, -1.5707963267948966, 4.0
257, 24, 197, 694, 196, 692, 1, 2, 1.1071487177940904, 2.23606797749979
257, 25, 696, 523, 695, 519, 1, 4, 1.3258176636680326, 4.123105625617661
257, 26, 535, 513, 535, 517, 0, -4, -1.5707963267948966, 4.0
257, 27, 696, 143, 696, 147, 0, -4, -1.5707963267948966, 4.0
257, 28, 17, 197, 15, 196, 2, 1, 0.4636476090008061, 2.23606797749979
257, 29, 495, 188, 495, 192, 0, -4, -1.5707963267948966, 4.0
257, 30, 158, 701, 156, 701, 2, 0, 0.0, 2.0
257, 31, 265, 331, 265, 332, 0, -1, -1.5707963267948966, 1.0
257, 32, 335, 343, 335, 344, 0, -1, -1.5707963267948966, 1.0
257, 33, 833, 455, 833, 452, 0, 3, 1.5707963267948966, 3.0
257, 34, 843, 200, 843, 202, 0, -2, -1.5707963267948966, 2.0
257, 35, 851, 458, 851, 455, 0, 3, 1.5707963267948966, 3.0
257, 36, 1007, 61, 1008, 63, -1, -2, -2.0344439357957027, 2.23606797749979
257, 37, 502, 233, 502, 238, 0, -5, -1.5707963267948966, 5.0
257, 38, 1004, 20, 1006, 24, -2, -4, -2.0344439357957027, 4.47213595499958
257, 39, 287, 372, 287, 373, 0, -1, -1.5707963267948966, 1.0
257, 40, 642, 28, 642, 28, 0, 0, 0.0, 0.0
257, 41, 1256, 63, 1259, 67, -3, -4, -2.214297435588181, 5.0
257, 42, 814, 498, 813, 495, 1, 3, 1.2490457723982544, 3.1622776601683795
257, 43, 1258, 73, 1261, 76, -3, -3, -2.356194490192345, 4.242640687119285
257, 44, 896, 699, 900, 701, -4, -2, -2.677945044588987, 4.47213595499958
257, 45, 248, 398, 248, 399, 0, -1, -1.5707963267948966, 1.0
257, 46, 502, 195, 502, 199, 0, -4, -1.5707963267948966, 4.0
257, 47, 627, 252, 626, 249, 1, 3, 1.2490457723982544, 3.1622776601683795
257, 48, 995, 19, 997, 23, -2, -4, -2.0344439357957027, 4.47213595499958
257, 49, 846, 112, 847, 115, -1, -3, -1.892546881191539, 3.1622776601683795
257, 50, 586, 24, 587, 26, -1, -2, -2.0344439357957027, 2.23606797749979
257, 51, 866, 21, 865, 22, 1, -1, -0.7853981633974483, 1.4142135623730951
257, 52, 1225, 333, 1225, 332, 0, 1, 1.5707963267948966, 1.0
257, 53, 1231, 322, 1230, 320, 1, 2, 1.1071487177940904, 2.23606797749979
257, 54, 679, 39, 679, 39, 0, 0, 0.0, 0.0
257, 55, 461, 249, 460, 253, 1, -4, -1.3258176636680326, 4.123105625617661
257, 56, 103, 10, 101, 10, 2, 0, 0.0, 2.0
257, 57, 1233, 86, 1237, 88, -4, -2, -2.677945044588987, 4.47213595499958
257, 58, 940, 11, 940, 12, 0, -1, -1.5707963267948966, 1.0
257, 59, 151, 700, 149, 698, 2, 2, 0.7853981633974483, 2.8284271247461903
257, 60, 855, 479, 855, 477, 0, 2, 1.5707963267948966, 2.0
257, 61, 264, 373, 264, 374, 0, -1, -1.5707963267948966, 1.0
257, 62, 307, 316, 307, 317, 0, -1, -1.5707963267948966, 1.0
257, 63, 910, 695, 912, 700, -2, -5, -1.9513027039072615, 5.385164807134504
257, 64, 1207, 144, 1211, 147, -4, -3, -2.498091544796509, 5.0
257, 65, 482, 63, 481, 62, 1, 1, 0.7853981633974483, 1.4142135623730951
257, 66, 830, 163, 830, 164, 0, -1, -1.5707963267948966, 1.0
257, 67, 235, 317, 235, 318, 0, -1, -1.5707963267948966, 1.0
257, 68, 473, 260, 473, 263, 0, -3, -1.5707963267948966, 3.0
257, 69, 815, 17, 815, 18, 0, -1, -1.5707963267948966, 1.0
257, 70, 130, 11, 130, 12, 0, -1, -1.5707963267948966, 1.0
257, 71, 861, 504, 860, 501, 1, 3, 1.2490457723982544, 3.1622776601683795
257, 72, 560, 15, 560, 17, 0, -2, -1.5707963267948966, 2.0
257, 73, 515, 440, 515, 447, 0, -7, -1.5707963267948966, 7.0
257, 74, 312, 383, 311, 384, 1, -1, -0.7853981633974483, 1.4142135623730951
257, 75, 980, 54, 982, 58, -2, -4, -2.0344439357957027, 4.47213595499958
257, 76, 332, 356, 332, 357, 0, -1, -1.5707963267948966, 1.0
257, 77, 256, 359, 256, 360, 0, -1, -1.5707963267948966, 1.0
257, 78, 634, 253, 633, 250, 1, 3, 1.2490457723982544, 3.1622776601683795
257, 79, 752, 28, 752, 29, 0, -1, -1.5707963267948966, 1.0
257, 80, 696, 131, 696, 135, 0, -4, -1.5707963267948966, 4.0
257, 81, 143, 148, 144, 148, -1, 0, 3.141592653589793, 1.0
257, 82, 882, 673, 885, 677, -3, -4, -2.214297435588181, 5.0
257, 83, 711, 522, 711, 518, 0, 4, 1.5707963267948966, 4.0
257, 84, 331, 400, 331, 401, 0, -1, -1.5707963267948966, 1.0
257, 85, 835, 129, 835, 132, 0, -3, -1.5707963267948966, 3.0
257, 86, 123, 14, 123, 14, 0, 0, 0.0, 0.0
257, 87, 636, 108, 637, 108, -1, 0, 3.141592653589793, 1.0
257, 88, 1246, 196, 1246, 196, 0, 0, 0.0, 0.0
257, 89, 487, 176, 487, 181, 0, -5, -1.5707963267948966, 5.0
257, 90, 1211, 115, 1214, 119, -3, -4, -2.214297435588181, 5.0
257, 91, 617, 313, 616, 310, 1, 3, 1.2490457723982544, 3.1622776601683795
257, 92, 934, 88, 934, 89, 0, -1, -1.5707963267948966, 1.0
257, 93, 503, 468, 503, 473, 0, -5, -1.5707963267948966, 5.0
257, 94, 938, 95, 938, 96, 0, -1, -1.5707963267948966, 1.0
257, 95, 1234, 283, 1233, 281, 1, 2, 1.1071487177940904, 2.23606797749979
257, 96, 857, 126, 857, 129, 0, -3, -1.5707963267948966, 3.0
257, 97, 289, 350, 289, 351, 0, -1, -1.5707963267948966, 1.0
257, 98, 152, 95, 152, 95, 0, 0, 0.0, 0.0
257, 99, 914, 632, 918, 637, -4, -5, -2.2455372690184494, 6.4031242374328485
257, 100, 708, 513, 708, 509, 0, 4, 1.5707963267948966, 4.0
257, 101, 926, 88, 926, 89, 0, -1, -1.5707963267948966, 1.0
257, 102, 1257, 87, 1261, 89, -4, -2, -2.677945044588987, 4.47213595499958
257, 103, 679, 557, 679, 553, 0, 4, 1.5707963267948966, 4.0
257, 104, 1192, 363, 1192, 364, 0, -1, -1.5707963267948966, 1.0
257, 105, 191, 670, 189, 667, 2, 3, 0.982793723247329, 3.605551275463989
257, 106, 647, 302, 647, 301, 0, 1, 1.5707963267948966, 1.0
257, 107, 735, 70, 735, 74, 0, -4, -1.5707963267948966, 4.0
257, 108, 293, 305, 293, 306, 0, -1, -1.5707963267948966, 1.0
257, 109, 1198, 384, 1198, 384, 0, 0, 0.0, 0.0
257, 110, 145, 701, 143, 701, 2, 0, 0.0, 2.0
257, 111, 304, 336, 304, 337, 0, -1, -1.5707963267948966, 1.0
257, 112, 507, 240, 507, 244, 0, -4, -1.5707963267948966, 4.0
257, 113, 712, 648, 712, 640, 0, 8, 1.5707963267948966, 8.0
257, 114, 834, 199, 835, 201, -1, -2, -2.0344439357957027, 2.23606797749979
257, 115, 637, 295, 637, 292, 0, 3, 1.5707963267948966, 3.0
257, 116, 703, 130, 703, 134, 0, -4, -1.5707963267948966, 4.0
257, 117, 488, 285, 489, 290, -1, -5, -1.7681918866447774, 5.0990195135927845
257, 118, 1203, 392, 1203, 392, 0, 0, 0.0, 0.0
257, 119, 703, 212, 703, 215, 0, -3, -1.5707963267948966, 3.0
257, 120, 1239, 227, 1237, 226, 2, 1, 0.4636476090008061, 2.23606797749979
257, 121, 731, 146, 732, 149, -1, -3, -1.892546881191539, 3.1622776601683795
257, 122, 276, 341, 276, 342, 0, -1, -1.5707963267948966, 1.0
257, 123, 505, 502, 505, 505, 0, -3, -1.5707963267948966, 3.0
257, 124, 844, 511, 843, 508, 1, 3, 1.2490457723982544, 3.1622776601683795
257, 125, 941, 25, 941, 26, 0, -1, -1.5707963267948966, 1.0
257, 126, 852, 43, 851, 45, 1, -2, -1.1071487177940904, 2.23606797749979
257, 127, 832, 540, 832, 541, 0, -1, -1.5707963267948966, 1.0
257, 128, 168, 170, 168, 171, 0, -1, -1.5707963267948966, 1.0
257, 129, 340, 617, 341, 614, -1, 3, 1.892546881191539, 3.1622776601683795
257, 130, 723, 580, 723, 577, 0, 3, 1.5707963267948966, 3.0
257, 131, 701, 513, 700, 509, 1, 4, 1.3258176636680326, 4.123105625617661
257, 132, 328, 370, 328, 371, 0, -1, -1.5707963267948966, 1.0
258, 0, 259, 337, 259, 338, 0, -1, -1.5707963267948966, 1.0
258, 1, 1041, 699, 1042, 704, -1, -5, -1.7681918866447774, 5.0990195135927845
258, 2, 248, 326, 248, 327, 0, -1, -1.5707963267948966, 1.0
258, 3, 850, 121, 851, 125, -1, -4, -1.8157749899217608, 4.123105625617661
258, 4, 1021, 697, 1022, 701, -1, -4, -1.8157749899217608, 4.123105625617661
258, 5, 886, 701, 889, 713, -3, -12, -1.8157749899217608, 12.36931687685298
258, 6, 170, 140, 169, 140, 1, 0, 0.0, 1.0
258, 7, 470, 231, 469, 236, 1, -5, -1.373400766945016, 5.0990195135927845
258, 8, 747, 34, 747, 35, 0, -1, -1.5707963267948966, 1.0
258, 9, 644, 701, 644, 712, 0, -11, -1.5707963267948966, 11.0
258, 10, 488, 76, 488, 76, 0, 0, 0.0, 0.0
258, 11, 469, 73, 468, 71, 1, 2, 1.1071487177940904, 2.23606797749979
258, 12, 482, 188, 483, 191, -1, -3, -1.892546881191539, 3.1622776601683795
258, 13, 278, 332, 278, 333, 0, -1, -1.5707963267948966, 1.0
258, 14, 494, 187, 495, 191, -1, -4, -1.8157749899217608, 4.123105625617661
258, 15, 1004, 20, 1007, 24, -3, -4, -2.214297435588181, 5.0
258, 16, 1000, 10, 1003, 14, -3, -4, -2.214297435588181, 5.0
258, 17, 480, 60, 477, 59, 3, 1, 0.3217505543966422, 3.1622776601683795
258, 18, 841, 121, 842, 125, -1, -4, -1.8157749899217608, 4.123105625617661
258, 19, 161, 701, 159, 715, 2, -14, -1.4288992721907328, 14.142135623730951
258, 20, 335, 343, 335, 344, 0, -1, -1.5707963267948966, 1.0
258, 21, 324, 678, 327, 674, -3, 4, 2.214297435588181, 5.0
258, 22, 18, 197, 15, 196, 3, 1, 0.3217505543966422, 3.1622776601683795
258, 23, 927, 701, 931, 713, -4, -12, -1.892546881191539, 12.649110640673518
258, 24, 905, 693, 908, 698, -3, -5, -2.1112158270654806, 5.830951894845301
258, 25, 1006, 55, 1007, 60, -1, -5, -1.7681918866447774, 5.0990195135927845
258, 26, 496, 506, 496, 509, 0, -3, -1.5707963267948966, 3.0
258, 27, 700, 148, 701, 152, -1, -4, -1.8157749899217608, 4.123105625617661
258, 28, 834, 456, 833, 453, 1, 3, 1.2490457723982544, 3.1622776601683795
258, 29, 265, 332, 265, 333, 0, -1, -1.5707963267948966, 1.0
258, 30, 853, 460, 852, 455, 1, 5, 1.373400766945016, 5.0990195135927845
258, 31, 483, 67, 482, 66, 1, 1, 0.7853981633974483, 1.4142135623730951
258, 32, 678, 40, 679, 40, -1, 0, 3.141592653589793, 1.0
258, 33, 941, 12, 941, 13, 0, -1, -1.5707963267948966, 1.0
258, 34, 533, 517, 533, 520, 0, -3, -1.5707963267948966, 3.0
258, 35, 538, 533, 538, 537, 0, -4, -1.5707963267948966, 4.0
258, 36, 696, 142, 696, 147, 0, -5, -1.5707963267948966, 5.0
258, 37, 335, 701, 335, 710, 0, -9, -1.5707963267948966, 9.0
258, 38, 847, 111, 848, 115, -1, -4, -1.8157749899217608, 4.123105625617661
258, 39, 462, 249, 461, 253, 1, -4, -1.3258176636680326, 4.123105625617661
258, 40, 697, 524, 695, 521, 2, 3, 0.982793723247329, 3.605551275463989
258, 41, 1261, 74, 1268, 76, -7, -2, -2.8632929945846817, 7.280109889280518
258, 42, 130, 12, 130, 12, 0, 0, 0.0, 0.0
258, 43, 1257, 64, 1260, 67, -3, -3, -2.356194490192345, 4.242640687119285
258, 44, 843, 201, 843, 204, 0, -3, -1.5707963267948966, 3.0
258, 45, 587, 26, 587, 27, 0, -1, -1.5707963267948966, 1.0
258, 46, 1233, 323, 1231, 320, 2, 3, 0.982793723247329, 3.605551275463989
258, 47, 198, 698, 198, 696, 0, 2, 1.5707963267948966, 2.0
258, 48, 815, 498, 815, 497, 0, 1, 1.5707963267948966, 1.0
258, 49, 514, 439, 515, 447, -1, -8, -1.695151321341658, 8.06225774829855
258, 50, 1235, 284, 1234, 281, 1, 3, 1.2490457723982544, 3.1622776601683795
258, 51, 896, 697, 899, 702, -3, -5, -2.1112158270654806, 5.830951894845301
258, 52, 1227, 336, 1225, 332, 2, 4, 1.1071487177940904, 4.47213595499958
258, 53, 995, 19, 998, 23, -3, -4, -2.214297435588181, 5.0
258, 54, 857, 43, 856, 45, 1, -2, -1.1071487177940904, 2.23606797749979
258, 55, 332, 357, 332, 358, 0, -1, -1.5707963267948966, 1.0
258, 56, 939, 95, 939, 96, 0, -1, -1.5707963267948966, 1.0
258, 57, 1206, 139, 1209, 141, -3, -2, -2.5535900500422257, 3.605551275463989
258, 58, 10, 230, 10, 231, 0, -1, -1.5707963267948966, 1.0
258, 59, 196, 661, 196, 658, 0, 3, 1.5707963267948966, 3.0
258, 60, 857, 481, 856, 478, 1, 3, 1.2490457723982544, 3.1622776601683795
258, 61, 1192, 366, 1193, 365, -1, 1, 2.356194490192345, 1.4142135623730951
258, 62, 473, 259, 471, 263, 2, -4, -1.1071487177940904, 4.47213595499958
258, 63, 629, 254, 628, 250, 1, 4, 1.3258176636680326, 4.123105625617661
258, 64, 862, 504, 860, 503, 2, 1, 0.4636476090008061, 2.23606797749979
258, 65, 331, 400, 331, 401, 0, -1, -1.5707963267948966, 1.0
258, 66, 503, 466, 503, 472, 0, -6, -1.5707963267948966, 6.0
258, 67, 504, 196, 503, 199, 1, -3, -1.2490457723982544, 3.1622776601683795
258, 68, 642, 29, 643, 28, -1, 1, 2.356194490192345, 1.4142135623730951
258, 69, 560, 17, 560, 19, 0, -2, -1.5707963267948966, 2.0
258, 70, 1234, 86, 1238, 88, -4, -2, -2.677945044588987, 4.47213595499958
258, 71, 168, 172, 168, 172, 0, 0, 0.0, 0.0
258, 72, 319, 385, 319, 386, 0, -1, -1.5707963267948966, 1.0
258, 73, 63, 154, 63, 155, 0, -1, -1.5707963267948966, 1.0
258, 74, 486, 178, 487, 182, -1, -4, -1.8157749899217608, 4.123105625617661
258, 75, 143, 149, 145, 148, -2, 1, 2.677945044588987, 2.23606797749979
258, 76, 867, 21, 865, 23, 2, -2, -0.7853981633974483, 2.8284271247461903
258, 77, 649, 304, 648, 301, 1, 3, 1.2490457723982544, 3.1622776601683795
258, 78, 856, 127, 857, 131, -1, -4, -1.8157749899217608, 4.123105625617661
258, 79, 158, 160, 159, 158, -1, 2, 2.0344439357957027, 2.23606797749979
258, 80, 838, 190, 838, 194, 0, -4, -1.5707963267948966, 4.0
258, 81, 310, 316, 310, 317, 0, -1, -1.5707963267948966, 1.0
258, 82, 1210, 120, 1214, 121, -4, -1, -2.896613990462929, 4.123105625617661
258, 83, 1247, 199, 1247, 197, 0, 2, 1.5707963267948966, 2.0
258, 84, 34, 109, 34, 110, 0, -1, -1.5707963267948966, 1.0
258, 85, 815, 18, 815, 19, 0, -1, -1.5707963267948966, 1.0
258, 86, 235, 318, 235, 319, 0, -1, -1.5707963267948966, 1.0
258, 87, 637, 108, 637, 108, 0, 0, 0.0, 0.0
258, 88, 926, 89, 926, 90, 0, -1, -1.5707963267948966, 1.0
258, 89, 831, 163, 831, 165, 0, -2, -1.5707963267948966, 2.0
258, 90, 775, 44, 775, 45, 0, -1, -1.5707963267948966, 1.0
258, 91, 878, 670, 881, 673, -3, -3, -2.356194490192345, 4.242640687119285
258, 92, 337, 616, 341, 614, -4, 2, 2.677945044588987, 4.47213595499958
258, 93, 704, 130, 704, 135, 0, -5, -1.5707963267948966, 5.0
258, 94, 827, 40, 827, 41, 0, -1, -1.5707963267948966, 1.0
258, 95, 504, 499, 504, 502, 0, -3, -1.5707963267948966, 3.0
258, 96, 294, 305, 294, 306, 0, -1, -1.5707963267948966, 1.0
258, 97, 657, 69, 656, 68, 1, 1, 0.7853981633974483, 1.4142135623730951
258, 98, 151, 96, 152, 96, -1, 0, 3.141592653589793, 1.0
258, 99, 981, 53, 983, 58, -2, -5, -1.9513027039072615, 5.385164807134504
258, 100, 641, 359, 641, 354, 0, 5, 1.5707963267948966, 5.0
258, 101, 697, 130, 697, 135, 0, -5, -1.5707963267948966, 5.0
258, 102, 500, 240, 499, 244, 1, -4, -1.3258176636680326, 4.123105625617661
258, 103, 209, 696, 208, 694, 1, 2, 1.1071487177940904, 2.23606797749979
258, 104, 1258, 91, 1264, 92, -6, -1, -2.976443976175166, 6.082762530298219
258, 105, 1193, 306, 1191, 303, 2, 3, 0.982793723247329, 3.605551275463989
258, 106, 64, 111, 64, 113, 0, -2, -1.5707963267948966, 2.0
258, 107, 681, 558, 680, 556, 1, 2, 1.1071487177940904, 2.23606797749979
258, 108, 990, 63, 992, 66, -2, -3, -2.158798930342464, 3.605551275463989
258, 109, 715, 98, 715, 104, 0, -6, -1.5707963267948966, 6.0
258, 110, 1260, 11, 1258, 11, 2, 0, 0.0, 2.0
258, 111, 823, 483, 822, 478, 1, 5, 1.373400766945016, 5.0990195135927845
258, 112, 934, 88, 934, 89, 0, -1, -1.5707963267948966, 1.0
258, 113, 836, 128, 836, 132, 0, -4, -1.5707963267948966, 4.0
258, 114, 482, 23, 480, 23, 2, 0, 0.0, 2.0
258, 115, 753, 28, 753, 29, 0, -1, -1.5707963267948966, 1.0
258, 116, 537, 510, 538, 512, -1, -2, -2.0344439357957027, 2.23606797749979
258, 117, 709, 514, 709, 511, 0, 3, 1.5707963267948966, 3.0
258, 118, 193, 673, 193, 671, 0, 2, 1.5707963267948966, 2.0
258, 119, 474, 195, 476, 198, -2, -3, -2.158798930342464, 3.605551275463989
258, 120, 139, 87, 140, 87, -1, 0, 3.141592653589793, 1.0
258, 121, 735, 70, 736, 75, -1, -5, -1.7681918866447774, 5.0990195135927845
258, 122, 726, 582, 725, 580, 1, 2, 1.1071487177940904, 2.23606797749979
258, 123, 831, 542, 831, 542, 0, 0, 0.0, 0.0
258, 124, 988, 91, 989, 93, -1, -2, -2.0344439357957027, 2.23606797749979
258, 125, 872, 29, 870, 31, 2, -2, -0.7853981633974483, 2.8284271247461903
258, 126, 144, 123, 145, 123, -1, 0, 3.141592653589793, 1.0
258, 127, 711, 522, 712, 519, -1, 3, 1.892546881191539, 3.1622776601683795
258, 128, 639, 297, 638, 294, 1, 3, 1.2490457723982544, 3.1622776601683795
258, 129, 1253, 56, 1257, 59, -4, -3, -2.498091544796509, 5.0
258, 130, 697, 204, 698, 207, -1, -3, -1.892546881191539, 3.1622776601683795
258, 131, 839, 449, 838, 445, 1, 4, 1.3258176636680326, 4.123105625617661
258, 132, 515, 553, 514, 558, 1, -5, -1.373400766945016, 5.0990195135927845
258, 133, 620, 318, 619, 314, 1, 4, 1.3258176636680326, 4.123105625617661
258, 134, 145, 165, 147, 165, -2, 0, 3.141592653589793, 2.0
258, 135, 281, 321, 281, 322, 0, -1, -1.5707963267948966, 1.0
258, 136, 842, 167, 842, 168, 0, -1, -1.5707963267948966, 1.0
258, 137, 702, 514, 700, 511, 2, 3, 0.982793723247329, 3.605551275463989
258, 138, 911, 629, 916, 634, -5, -5, -2.356194490192345, 7.0710678118654755
258, 139, 703, 213, 703, 216, 0, -3, -1.5707963267948966, 3.0
259, 0, 259, 337, 259, 337, 0, 0, 0.0, 0.0
259, 1, 1040, 693, 1041, 699, -1, -6, -1.7359450042095235, 6.082762530298219
259, 2, 248, 326, 248, 326, 0, 0, 0.0, 0.0
259, 3, 849, 119, 850, 121, -1, -2, -2.0344439357957027, 2.23606797749979
259, 4, 1021, 692, 1021, 697, 0, -5, -1.5707963267948966, 5.0
259, 5, 882, 701, 886, 701, -4, 0, 3.141592653589793, 4.0
259, 6, 170, 140, 170, 140, 0, 0, 0.0, 0.0
259, 7, 470, 228, 470, 231, 0, -3, -1.5707963267948966, 3.0
259, 8, 747, 33, 747, 34, 0, -1, -1.5707963267948966, 1.0
259, 9, 644, 701, 644, 701, 0, 0, 0.0, 0.0
259, 10, 488, 76, 488, 76, 0, 0, 0.0, 0.0
259, 11, 471, 74, 469, 73, 2, 1, 0.4636476090008061, 2.23606797749979
259, 12, 482, 185, 482, 188, 0, -3, -1.5707963267948966, 3.0
259, 13, 494, 183, 494, 187, 0, -4, -1.5707963267948966, 4.0
259, 14, 1002, 18, 1004, 20, -2, -2, -2.356194490192345, 2.8284271247461903
259, 15, 998, 9, 1000, 10, -2, -1, -2.677945044588987, 2.23606797749979
259, 16, 481, 61, 480, 60, 1, 1, 0.7853981633974483, 1.4142135623730951
259, 17, 840, 119, 841, 121, -1, -2, -2.0344439357957027, 2.23606797749979
259, 18, 163, 701, 161, 701, 2, 0, 0.0, 2.0
259, 19, 322, 681, 324, 678, -2, 3, 2.158798930342464, 3.605551275463989
259, 20, 19, 197, 18, 197, 1, 0, 0.0, 1.0
259, 21, 922, 696, 927, 701, -5, -5, -2.356194490192345, 7.0710678118654755
259, 22, 902, 690, 905, 693, -3, -3, -2.356194490192345, 4.242640687119285
259, 23, 1004, 52, 1006, 55, -2, -3, -2.158798930342464, 3.605551275463989
259, 24, 496, 503, 496, 506, 0, -3, -1.5707963267948966, 3.0
259, 25, 699, 145, 700, 148, -1, -3, -1.892546881191539, 3.1622776601683795
259, 26, 835, 459, 834, 456, 1, 3, 1.2490457723982544, 3.1622776601683795
259, 27, 265, 332, 265, 332, 0, 0, 0.0, 0.0
259, 28, 854, 463, 853, 460, 1, 3, 1.2490457723982544, 3.1622776601683795
259, 29, 484, 68, 483, 67, 1, 1, 0.7853981633974483, 1.4142135623730951
259, 30, 678, 40, 678, 40, 0, 0, 0.0, 0.0
259, 31, 941, 11, 941, 12, 0, -1, -1.5707963267948966, 1.0
259, 32, 533, 513, 533, 517, 0, -4, -1.5707963267948966, 4.0
259, 33, 537, 529, 538, 533, -1, -4, -1.8157749899217608, 4.123105625617661
259, 34, 696, 139, 696, 142, 0, -3, -1.5707963267948966, 3.0
259, 35, 334, 701, 335, 701, -1, 0, 3.141592653589793, 1.0
259, 36, 846, 109, 847, 111, -1, -2, -2.0344439357957027, 2.23606797749979
259, 37, 463, 245, 462, 249, 1, -4, -1.3258176636680326, 4.123105625617661
259, 38, 699, 527, 697, 524, 2, 3, 0.982793723247329, 3.605551275463989
259, 39, 1258, 72, 1261, 74, -3, -2, -2.5535900500422257, 3.605551275463989
259, 40, 132, 12, 130, 12, 2, 0, 0.0, 2.0
259, 41, 1254, 61, 1257, 64, -3, -3, -2.356194490192345, 4.242640687119285
259, 42, 587, 25, 587, 26, 0, -1, -1.5707963267948966, 1.0
259, 43, 1233, 325, 1233, 323, 0, 2, 1.5707963267948966, 2.0
259, 44, 198, 701, 198, 698, 0, 3, 1.5707963267948966, 3.0
259, 45, 816, 499, 815, 498, 1, 1, 0.7853981633974483, 1.4142135623730951
259, 46, 513, 434, 514, 439, -1, -5, -1.7681918866447774, 5.0990195135927845
259, 47, 1235, 286, 1235, 284, 0, 2, 1.5707963267948966, 2.0
259, 48, 893, 697, 896, 697, -3, 0, 3.141592653589793, 3.0
259, 49, 1227, 338, 1227, 336, 0, 2, 1.5707963267948966, 2.0
259, 50, 993, 18, 995, 19, -2, -1, -2.677945044588987, 2.23606797749979
259, 51, 857, 42, 857, 43, 0, -1, -1.5707963267948966, 1.0
259, 52, 332, 356, 332, 357, 0, -1, -1.5707963267948966, 1.0
259, 53, 1202, 140, 1206, 139, -4, 1, 2.896613990462929, 4.123105625617661
259, 54, 10, 229, 10, 230, 0, -1, -1.5707963267948966, 1.0
259, 55, 196, 663, 196, 661, 0, 2, 1.5707963267948966, 2.0
259, 56, 857, 483, 857, 481, 0, 2, 1.5707963267948966, 2.0
259, 57, 1190, 369, 1192, 366, -2, 3, 2.158798930342464, 3.605551275463989
259, 58, 473, 255, 473, 259, 0, -4, -1.5707963267948966, 4.0
259, 59, 629, 258, 629, 254, 0, 4, 1.5707963267948966, 4.0
259, 60, 862, 504, 862, 504, 0, 0, 0.0, 0.0
259, 61, 331, 399, 331, 400, 0, -1, -1.5707963267948966, 1.0
259, 62, 502, 462, 503, 466, -1, -4, -1.8157749899217608, 4.123105625617661
259, 63, 504, 192, 504, 196, 0, -4, -1.5707963267948966, 4.0
259, 64, 642, 30, 642, 29, 0, 1, 1.5707963267948966, 1.0
259, 65, 560, 16, 560, 17, 0, -1, -1.5707963267948966, 1.0
259, 66, 1230, 85, 1234, 86, -4, -1, -2.896613990462929, 4.123105625617661
259, 67, 168, 172, 168, 172, 0, 0, 0.0, 0.0
259, 68, 318, 385, 319, 385, -1, 0, 3.141592653589793, 1.0
259, 69, 486, 174, 486, 178, 0, -4, -1.5707963267948966, 4.0
259, 70, 142, 150, 143, 149, -1, 1, 2.356194490192345, 1.4142135623730951
259, 71, 868, 20, 867, 21, 1, -1, -0.7853981633974483, 1.4142135623730951
259, 72, 649, 307, 649, 304, 0, 3, 1.5707963267948966, 3.0
259, 73, 855, 125, 856, 127, -1, -2, -2.0344439357957027, 2.23606797749979
259, 74, 157, 161, 158, 160, -1, 1, 2.356194490192345, 1.4142135623730951
259, 75, 838, 186, 838, 190, 0, -4, -1.5707963267948966, 4.0
259, 76, 309, 316, 310, 316, -1, 0, 3.141592653589793, 1.0
259, 77, 1207, 119, 1210, 120, -3, -1, -2.819842099193151, 3.1622776601683795
259, 78, 1247, 200, 1247, 199, 0, 1, 1.5707963267948966, 1.0
259, 79, 33, 109, 34, 109, -1, 0, 3.141592653589793, 1.0
259, 80, 815, 17, 815, 18, 0, -1, -1.5707963267948966, 1.0
259, 81, 636, 108, 637, 108, -1, 0, 3.141592653589793, 1.0
259, 82, 831, 161, 831, 163, 0, -2, -1.5707963267948966, 2.0
259, 83, 874, 669, 878, 670, -4, -1, -2.896613990462929, 4.123105625617661
259, 84, 335, 619, 337, 616, -2, 3, 2.158798930342464, 3.605551275463989
259, 85, 704, 127, 704, 130, 0, -3, -1.5707963267948966, 3.0
259, 86, 827, 39, 827, 40, 0, -1, -1.5707963267948966, 1.0
259, 87, 504, 496, 504, 499, 0, -3, -1.5707963267948966, 3.0
259, 88, 293, 305, 294, 305, -1, 0, 3.141592653589793, 1.0
259, 89, 657, 70, 657, 69, 0, 1, 1.5707963267948966, 1.0
259, 90, 150, 96, 151, 96, -1, 0, 3.141592653589793, 1.0
259, 91, 980, 51, 981, 53, -1, -2, -2.0344439357957027, 2.23606797749979
259, 92, 640, 362, 641, 359, -1, 3, 1.892546881191539, 3.1622776601683795
259, 93, 697, 127, 697, 130, 0, -3, -1.5707963267948966, 3.0
259, 94, 500, 236, 500, 240, 0, -4, -1.5707963267948966, 4.0
259, 95, 210, 698, 209, 696, 1, 2, 1.1071487177940904, 2.23606797749979
259, 96, 1254, 89, 1258, 91, -4, -2, -2.677945044588987, 4.47213595499958
259, 97, 1193, 308, 1193, 306, 0, 2, 1.5707963267948966, 2.0
259, 98, 681, 561, 681, 558, 0, 3, 1.5707963267948966, 3.0
259, 99, 988, 61, 990, 63, -2, -2, -2.356194490192345, 2.8284271247461903
259, 100, 715, 94, 715, 98, 0, -4, -1.5707963267948966, 4.0
259, 101, 1261, 11, 1260, 11, 1, 0, 0.0, 1.0
259, 102, 824, 485, 823, 483, 1, 2, 1.1071487177940904, 2.23606797749979
259, 103, 934, 87, 934, 88, 0, -1, -1.5707963267948966, 1.0
259, 104, 835, 126, 836, 128, -1, -2, -2.0344439357957027, 2.23606797749979
259, 105, 484, 22, 482, 23, 2, -1, -0.4636476090008061, 2.23606797749979
259, 106, 753, 28, 753, 28, 0, 0, 0.0, 0.0
259, 107, 537, 506, 537, 510, 0, -4, -1.5707963267948966, 4.0
259, 108, 710, 518, 709, 514, 1, 4, 1.3258176636680326, 4.123105625617661
259, 109, 194, 675, 193, 673, 1, 2, 1.1071487177940904, 2.23606797749979
259, 110, 474, 192, 474, 195, 0, -3, -1.5707963267948966, 3.0
259, 111, 138, 87, 139, 87, -1, 0, 3.141592653589793, 1.0
259, 112, 734, 68, 735, 70, -1, -2, -2.0344439357957027, 2.23606797749979
259, 113, 726, 585, 726, 582, 0, 3, 1.5707963267948966, 3.0
259, 114, 831, 542, 831, 542, 0, 0, 0.0, 0.0
259, 115, 873, 28, 872, 29, 1, -1, -0.7853981633974483, 1.4142135623730951
259, 116, 143, 123, 144, 123, -1, 0, 3.141592653589793, 1.0
259, 117, 711, 526, 711, 522, 0, 4, 1.5707963267948966, 4.0
259, 118, 639, 300, 639, 297, 0, 3, 1.5707963267948966, 3.0
259, 119, 1250, 53, 1253, 56, -3, -3, -2.356194490192345, 4.242640687119285
259, 120, 696, 202, 697, 204, -1, -2, -2.0344439357957027, 2.23606797749979
259, 121, 840, 452, 839, 449, 1, 3, 1.2490457723982544, 3.1622776601683795
259, 122, 515, 550, 515, 553, 0, -3, -1.5707963267948966, 3.0
259, 123, 620, 320, 620, 318, 0, 2, 1.5707963267948966, 2.0
259, 124, 144, 165, 145, 165, -1, 0, 3.141592653589793, 1.0
259, 125, 703, 518, 702, 514, 1, 4, 1.3258176636680326, 4.123105625617661
259, 126, 907, 624, 911, 629, -4, -5, -2.2455372690184494, 6.4031242374328485
259, 127, 703, 211, 703, 213, 0, -2, -1.5707963267948966, 2.0
260, 0, 259, 336, 259, 337, 0, -1, -1.5707963267948966, 1.0
260, 1, 885, 701, 887, 703, -2, -2, -2.356194490192345, 2.8284271247461903
260, 2, 851, 120, 852, 122, -1, -2, -2.0344439357957027, 2.23606797749979
260, 3, 1040, 686, 1041, 692, -1, -6, -1.7359450042095235, 6.082762530298219
260, 4, 258, 368, 258, 369, 0, -1, -1.5707963267948966, 1.0
260, 5, 171, 141, 171, 141, 0, 0, 0.0, 0.0
260, 6, 1021, 685, 1021, 690, 0, -5, -1.5707963267948966, 5.0
260, 7, 250, 326, 250, 327, 0, -1, -1.5707963267948966, 1.0
260, 8, 490, 75, 489, 75, 1, 0, 0.0, 1.0
260, 9, 495, 182, 495, 186, 0, -4, -1.5707963267948966, 4.0
260, 10, 748, 34, 748, 35, 0, -1, -1.5707963267948966, 1.0
260, 11, 840, 120, 841, 123, -1, -3, -1.892546881191539, 3.1622776601683795
260, 12, 335, 342, 335, 343, 0, -1, -1.5707963267948966, 1.0
260, 13, 497, 501, 497, 504, 0, -3, -1.5707963267948966, 3.0
260, 14, 256, 382, 256, 383, 0, -1, -1.5707963267948966, 1.0
260, 15, 701, 144, 701, 147, 0, -3, -1.5707963267948966, 3.0
260, 16, 854, 463, 853, 460, 1, 3, 1.2490457723982544, 3.1622776601683795
260, 17, 470, 227, 470, 230, 0, -3, -1.5707963267948966, 3.0
260, 18, 482, 71, 481, 71, 1, 0, 0.0, 1.0
260, 19, 19, 197, 18, 197, 1, 0, 0.0, 1.0
260, 20, 539, 516, 539, 521, 0, -5, -1.5707963267948966, 5.0
260, 21, 265, 331, 265, 332, 0, -1, -1.5707963267948966, 1.0
260, 22, 483, 183, 483, 186, 0, -3, -1.5707963267948966, 3.0
260, 23, 1003, 20, 1005, 22, -2, -2, -2.356194490192345, 2.8284271247461903
260, 24, 679, 41, 679, 41, 0, 0, 0.0, 0.0
260, 25, 847, 111, 848, 113, -1, -2, -2.0344439357957027, 2.23606797749979
260, 26, 320, 692, 321, 689, -1, 3, 1.892546881191539, 3.1622776601683795
260, 27, 334, 701, 335, 710, -1, -9, -1.6814535479687922, 9.055385138137417
260, 28, 998, 10, 1000, 12, -2, -2, -2.356194490192345, 2.8284271247461903
260, 29, 891, 696, 894, 696, -3, 0, 3.141592653589793, 3.0
260, 30, 464, 242, 463, 246, 1, -4, -1.3258176636680326, 4.123105625617661
260, 31, 198, 683, 197, 681, 1, 2, 1.1071487177940904, 2.23606797749979
260, 32, 287, 372, 287, 373, 0, -1, -1.5707963267948966, 1.0
260, 33, 835, 461, 834, 458, 1, 3, 1.2490457723982544, 3.1622776601683795
260, 34, 265, 374, 265, 375, 0, -1, -1.5707963267948966, 1.0
260, 35, 533, 509, 533, 513, 0, -4, -1.5707963267948966, 4.0
260, 36, 205, 701, 203, 709, 2, -8, -1.3258176636680326, 8.246211251235321
260, 37, 1225, 338, 1225, 336, 0, 2, 1.5707963267948966, 2.0
260, 38, 911, 695, 915, 699, -4, -4, -2.356194490192345, 5.656854249492381
260, 39, 1254, 60, 1256, 63, -2, -3, -2.158798930342464, 3.605551275463989
260, 40, 896, 682, 900, 688, -4, -6, -2.158798930342464, 7.211102550927978
260, 41, 858, 484, 857, 482, 1, 2, 1.1071487177940904, 2.23606797749979
260, 42, 941, 12, 941, 13, 0, -1, -1.5707963267948966, 1.0
260, 43, 1233, 326, 1233, 324, 0, 2, 1.5707963267948966, 2.0
260, 44, 843, 202, 843, 204, 0, -2, -1.5707963267948966, 2.0
260, 45, 699, 534, 697, 531, 2, 3, 0.982793723247329, 3.605551275463989
260, 46, 1192, 366, 1193, 362, -1, 4, 1.8157749899217608, 4.123105625617661
260, 47, 488, 13, 487, 13, 1, 0, 0.0, 1.0
260, 48, 587, 25, 587, 26, 0, -1, -1.5707963267948966, 1.0
260, 49, 1203, 390, 1203, 391, 0, -1, -1.5707963267948966, 1.0
260, 50, 861, 504, 861, 503, 0, 1, 1.5707963267948966, 1.0
260, 51, 980, 83, 982, 85, -2, -2, -2.356194490192345, 2.8284271247461903
260, 52, 470, 248, 468, 252, 2, -4, -1.1071487177940904, 4.47213595499958
260, 53, 501, 10, 501, 11, 0, -1, -1.5707963267948966, 1.0
260, 54, 1249, 202, 1249, 201, 0, 1, 1.5707963267948966, 1.0
260, 55, 872, 671, 875, 671, -3, 0, 3.141592653589793, 3.0
260, 56, 642, 31, 642, 30, 0, 1, 1.5707963267948966, 1.0
260, 57, 560, 17, 560, 18, 0, -1, -1.5707963267948966, 1.0
260, 58, 477, 251, 477, 255, 0, -4, -1.5707963267948966, 4.0
260, 59, 1230, 84, 1233, 87, -3, -3, -2.356194490192345, 4.242640687119285
260, 60, 705, 127, 705, 130, 0, -3, -1.5707963267948966, 3.0
260, 61, 939, 95, 939, 96, 0, -1, -1.5707963267948966, 1.0
260, 62, 300, 370, 301, 370, -1, 0, 3.141592653589793, 1.0
260, 63, 772, 38, 772, 39, 0, -1, -1.5707963267948966, 1.0
260, 64, 1245, 60, 1248, 63, -3, -3, -2.356194490192345, 4.242640687119285
260, 65, 1199, 146, 1201, 146, -2, 0, 3.141592653589793, 2.0
260, 66, 631, 258, 630, 255, 1, 3, 1.2490457723982544, 3.1622776601683795
260, 67, 10, 229, 10, 230, 0, -1, -1.5707963267948966, 1.0
260, 68, 502, 460, 503, 464, -1, -4, -1.8157749899217608, 4.123105625617661
260, 69, 143, 149, 144, 148, -1, 1, 2.356194490192345, 1.4142135623730951
260, 70, 332, 356, 332, 357, 0, -1, -1.5707963267948966, 1.0
260, 71, 487, 173, 487, 176, 0, -3, -1.5707963267948966, 3.0
260, 72, 1255, 90, 1259, 92, -4, -2, -2.677945044588987, 4.47213595499958
260, 73, 345, 655, 346, 652, -1, 3, 1.892546881191539, 3.1622776601683795
260, 74, 834, 127, 835, 130, -1, -3, -1.892546881191539, 3.1622776601683795
260, 75, 858, 41, 858, 43, 0, -2, -1.5707963267948966, 2.0
260, 76, 993, 21, 995, 22, -2, -1, -2.677945044588987, 2.23606797749979
260, 77, 513, 435, 514, 440, -1, -5, -1.7681918866447774, 5.0990195135927845
260, 78, 487, 272, 487, 275, 0, -3, -1.5707963267948966, 3.0
260, 79, 325, 699, 326, 696, -1, 3, 1.892546881191539, 3.1622776601683795
260, 80, 1235, 287, 1235, 285, 0, 2, 1.5707963267948966, 2.0
260, 81, 847, 33, 846, 35, 1, -2, -1.1071487177940904, 2.23606797749979
260, 82, 980, 53, 981, 55, -1, -2, -2.0344439357957027, 2.23606797749979
260, 83, 312, 383, 313, 383, -1, 0, 3.141592653589793, 1.0
260, 84, 168, 172, 168, 172, 0, 0, 0.0, 0.0
260, 85, 483, 57, 482, 58, 1, -1, -0.7853981633974483, 1.4142135623730951
260, 86, 53, 144, 53, 145, 0, -1, -1.5707963267948966, 1.0
260, 87, 816, 17, 816, 18, 0, -1, -1.5707963267948966, 1.0
260, 88, 753, 28, 753, 29, 0, -1, -1.5707963267948966, 1.0
260, 89, 153, 159, 154, 157, -1, 2, 2.0344439357957027, 2.23606797749979
260, 90, 257, 360, 257, 361, 0, -1, -1.5707963267948966, 1.0
260, 91, 868, 20, 867, 22, 1, -2, -1.1071487177940904, 2.23606797749979
260, 92, 698, 127, 698, 130, 0, -3, -1.5707963267948966, 3.0
260, 93, 639, 302, 639, 299, 0, 3, 1.5707963267948966, 3.0
260, 94, 308, 316, 308, 317, 0, -1, -1.5707963267948966, 1.0
260, 95, 503, 190, 503, 194, 0, -4, -1.5707963267948966, 4.0
260, 96, 235, 317, 235, 318, 0, -1, -1.5707963267948966, 1.0
260, 97, 64, 111, 64, 112, 0, -1, -1.5707963267948966, 1.0
260, 98, 934, 87, 934, 88, 0, -1, -1.5707963267948966, 1.0
260, 99, 204, 672, 204, 670, 0, 2, 1.5707963267948966, 2.0
260, 100, 294, 305, 294, 306, 0, -1, -1.5707963267948966, 1.0
260, 101, 650, 307, 650, 304, 0, 3, 1.5707963267948966, 3.0
260, 102, 625, 340, 625, 341, 0, -1, -1.5707963267948966, 1.0
260, 103, 275, 342, 275, 343, 0, -1, -1.5707963267948966, 1.0
260, 104, 697, 205, 697, 207, 0, -2, -1.5707963267948966, 2.0
260, 105, 1249, 238, 1247, 236, 2, 2, 0.7853981633974483, 2.8284271247461903
260, 106, 214, 701, 212, 705, 2, -4, -1.1071487177940904, 4.47213595499958
260, 107, 926, 88, 926, 89, 0, -1, -1.5707963267948966, 1.0
260, 108, 501, 229, 501, 233, 0, -4, -1.5707963267948966, 4.0
260, 109, 936, 660, 939, 664, -3, -4, -2.214297435588181, 5.0
260, 110, 855, 126, 856, 128, -1, -2, -2.0344439357957027, 2.23606797749979
260, 111, 636, 108, 637, 108, -1, 0, 3.141592653589793, 1.0
260, 112, 725, 140, 726, 142, -1, -2, -2.0344439357957027, 2.23606797749979
260, 113, 187, 656, 184, 654, 3, 2, 0.5880026035475675, 3.605551275463989
260, 114, 1258, 67, 1261, 69, -3, -2, -2.5535900500422257, 3.605551275463989
260, 115, 690, 612, 691, 610, -1, 2, 2.0344439357957027, 2.23606797749979
260, 116, 150, 97, 151, 97, -1, 0, 3.141592653589793, 1.0
260, 117, 712, 526, 711, 522, 1, 4, 1.3258176636680326, 4.123105625617661
260, 118, 714, 92, 714, 96, 0, -4, -1.5707963267948966, 4.0
260, 119, 1237, 297, 1237, 295, 0, 2, 1.5707963267948966, 2.0
260, 120, 872, 28, 871, 30, 1, -2, -1.1071487177940904, 2.23606797749979
260, 121, 64, 129, 64, 130, 0, -1, -1.5707963267948966, 1.0
260, 122, 647, 41, 647, 40, 0, 1, 1.5707963267948966, 1.0
260, 123, 144, 124, 145, 124, -1, 0, 3.141592653589793, 1.0
260, 124, 476, 190, 476, 193, 0, -3, -1.5707963267948966, 3.0
260, 125, 681, 570, 681, 566, 0, 4, 1.5707963267948966, 4.0
260, 126, 656, 72, 656, 71, 0, 1, 1.5707963267948966, 1.0
260, 127, 836, 182, 836, 184, 0, -2, -1.5707963267948966, 2.0
260, 128, 488, 22, 486, 23, 2, -1, -0.4636476090008061, 2.23606797749979
260, 129, 139, 87, 140, 87, -1, 0, 3.141592653589793, 1.0
260, 130, 334, 335, 334, 336, 0, -1, -1.5707963267948966, 1.0
260, 131, 734, 69, 735, 71, -1, -2, -2.0344439357957027, 2.23606797749979
260, 132, 1192, 308, 1192, 306, 0, 2, 1.5707963267948966, 2.0
260, 133, 903, 618, 907, 623, -4, -5, -2.2455372690184494, 6.4031242374328485
260, 134, 920, 639, 924, 644, -4, -5, -2.2455372690184494, 6.4031242374328485
260, 135, 676, 108, 676, 108, 0, 0, 0.0, 0.0
260, 136, 38, 81, 38, 82, 0, -1, -1.5707963267948966, 1.0
260, 137, 322, 616, 325, 613, -3, 3, 2.356194490192345, 4.242640687119285
260, 138, 727, 594, 727, 591, 0, 3, 1.5707963267948966, 3.0
260, 139, 512, 227, 512, 232, 0, -5, -1.5707963267948966, 5.0
260, 140, 703, 526, 702, 522, 1, 4, 1.3258176636680326, 4.123105625617661
260, 141, 937, 684, 942, 688, -5, -4, -2.4668517113662407, 6.4031242374328485
260, 142, 297, 357, 297, 358, 0, -1, -1.5707963267948966, 1.0
260, 143, 291, 363, 291, 364, 0, -1, -1.5707963267948966, 1.0
260, 144, 122, 11, 123, 13, -1, -2, -2.0344439357957027, 2.23606797749979
260, 145, 263, 400, 263, 401, 0, -1, -1.5707963267948966, 1.0
260, 146, 144, 167, 145, 166, -1, 1, 2.356194490192345, 1.4142135623730951
260, 147, 704, 204, 704, 206, 0, -2, -1.5707963267948966, 2.0
260, 148, 941, 25, 941, 26, 0, -1, -1.5707963267948966, 1.0
260, 149, 133, 14, 134, 16, -1, -2, -2.0344439357957027, 2.23606797749979
260, 150, 714, 533, 714, 529, 0, 4, 1.5707963267948966, 4.0
260, 151, 646, 701, 646, 713, 0, -12, -1.5707963267948966, 12.0
260, 152, 707, 139, 707, 142, 0, -3, -1.5707963267948966, 3.0
260, 153, 281, 321, 281, 322, 0, -1, -1.5707963267948966, 1.0
260, 154, 329, 370, 329, 371, 0, -1, -1.5707963267948966, 1.0
260, 155, 591, 18, 591, 19, 0, -1, -1.5707963267948966, 1.0
260, 156, 699, 621, 700, 621, -1, 0, 3.141592653589793, 1.0
260, 157, 270, 318, 270, 319, 0, -1, -1.5707963267948966, 1.0
260, 158, 1198, 383, 1198, 384, 0, -1, -1.5707963267948966, 1.0
260, 159, 267, 388, 267, 389, 0, -1, -1.5707963267948966, 1.0
260, 160, 816, 42, 817, 42, -1, 0, 3.141592653589793, 1.0
260, 161, 172, 122, 172, 122, 0, 0, 0.0, 0.0
261, 0, 259, 335, 259, 336, 0, -1, -1.5707963267948966, 1.0
261, 1, 882, 701, 885, 701, -3, 0, 3.141592653589793, 3.0
261, 2, 850, 116, 851, 120, -1, -4, -1.8157749899217608, 4.123105625617661
261, 3, 1039, 680, 1040, 686, -1, -6, -1.7359450042095235, 6.082762530298219
261, 4, 258, 367, 258, 368, 0, -1, -1.5707963267948966, 1.0
261, 5, 171, 141, 171, 141, 0, 0, 0.0, 0.0
261, 6, 1022, 680, 1021, 685, 1, -5, -1.373400766945016, 5.0990195135927845
261, 7, 250, 325, 250, 326, 0, -1, -1.5707963267948966, 1.0
261, 8, 491, 75, 490, 75, 1, 0, 0.0, 1.0
261, 9, 495, 178, 495, 182, 0, -4, -1.5707963267948966, 4.0
261, 10, 748, 33, 748, 34, 0, -1, -1.5707963267948966, 1.0
261, 11, 840, 116, 840, 120, 0, -4, -1.5707963267948966, 4.0
261, 12, 335, 341, 335, 342, 0, -1, -1.5707963267948966, 1.0
261, 13, 497, 498, 497, 501, 0, -3, -1.5707963267948966, 3.0
261, 14, 256, 381, 256, 382, 0, -1, -1.5707963267948966, 1.0
261, 15, 701, 141, 701, 144, 0, -3, -1.5707963267948966, 3.0
261, 16, 854, 467, 854, 463, 0, 4, 1.5707963267948966, 4.0
261, 17, 470, 224, 470, 227, 0, -3, -1.5707963267948966, 3.0
261, 18, 482, 69, 482, 71, 0, -2, -1.5707963267948966, 2.0
261, 19, 19, 197, 19, 197, 0, 0, 0.0, 0.0
261, 20, 539, 511, 539, 516, 0, -5, -1.5707963267948966, 5.0
261, 21, 265, 330, 265, 331, 0, -1, -1.5707963267948966, 1.0
261, 22, 483, 180, 483, 183, 0, -3, -1.5707963267948966, 3.0
261, 23, 1001, 18, 1003, 20, -2, -2, -2.356194490192345, 2.8284271247461903
261, 24, 679, 41, 679, 41, 0, 0, 0.0, 0.0
261, 25, 846, 107, 847, 111, -1, -4, -1.8157749899217608, 4.123105625617661
261, 26, 317, 694, 320, 692, -3, 2, 2.5535900500422257, 3.605551275463989
261, 27, 333, 701, 334, 701, -1, 0, 3.141592653589793, 1.0
261, 28, 995, 9, 998, 10, -3, -1, -2.819842099193151, 3.1622776601683795
261, 29, 887, 697, 891, 696, -4, 1, 2.896613990462929, 4.123105625617661
261, 30, 466, 238, 464, 242, 2, -4, -1.1071487177940904, 4.47213595499958
261, 31, 199, 686, 198, 683, 1, 3, 1.2490457723982544, 3.1622776601683795
261, 32, 287, 371, 287, 372, 0, -1, -1.5707963267948966, 1.0
261, 33, 836, 464, 835, 461, 1, 3, 1.2490457723982544, 3.1622776601683795
261, 34, 265, 373, 265, 374, 0, -1, -1.5707963267948966, 1.0
261, 35, 533, 505, 533, 509, 0, -4, -1.5707963267948966, 4.0
261, 36, 206, 701, 205, 701, 1, 0, 0.0, 1.0
261, 37, 1226, 340, 1225, 338, 1, 2, 1.1071487177940904, 2.23606797749979
261, 38, 909, 690, 911, 695, -2, -5, -1.9513027039072615, 5.385164807134504
261, 39, 1251, 57, 1254, 60, -3, -3, -2.356194490192345, 4.242640687119285
261, 40, 893, 676, 896, 682, -3, -6, -2.0344439357957027, 6.708203932499369
261, 41, 859, 487, 858, 484, 1, 3, 1.2490457723982544, 3.1622776601683795
261, 42, 941, 11, 941, 12, 0, -1, -1.5707963267948966, 1.0
261, 43, 1233, 328, 1233, 326, 0, 2, 1.5707963267948966, 2.0
261, 44, 843, 199, 843, 202, 0, -3, -1.5707963267948966, 3.0
261, 45, 701, 537, 699, 534, 2, 3, 0.982793723247329, 3.605551275463989
261, 46, 1191, 371, 1192, 366, -1, 5, 1.7681918866447774, 5.0990195135927845
261, 47, 489, 13, 488, 13, 1, 0, 0.0, 1.0
261, 48, 587, 23, 587, 25, 0, -2, -1.5707963267948966, 2.0
261, 49, 861, 505, 861, 504, 0, 1, 1.5707963267948966, 1.0
261, 50, 977, 78, 980, 83, -3, -5, -2.1112158270654806, 5.830951894845301
261, 51, 472, 244, 470, 248, 2, -4, -1.1071487177940904, 4.47213595499958
261, 52, 501, 9, 501, 10, 0, -1, -1.5707963267948966, 1.0
261, 53, 1249, 202, 1249, 202, 0, 0, 0.0, 0.0
261, 54, 870, 672, 872, 671, -2, 1, 2.677945044588987, 2.23606797749979
261, 55, 642, 31, 642, 31, 0, 0, 0.0, 0.0
261, 56, 560, 16, 560, 17, 0, -1, -1.5707963267948966, 1.0
261, 57, 478, 247, 477, 251, 1, -4, -1.3258176636680326, 4.123105625617661
261, 58, 1227, 81, 1230, 84, -3, -3, -2.356194490192345, 4.242640687119285
261, 59, 705, 124, 705, 127, 0, -3, -1.5707963267948966, 3.0
261, 60, 939, 94, 939, 95, 0, -1, -1.5707963267948966, 1.0
261, 61, 299, 370, 300, 370, -1, 0, 3.141592653589793, 1.0
261, 62, 772, 37, 772, 38, 0, -1, -1.5707963267948966, 1.0
261, 63, 1242, 57, 1245, 60, -3, -3, -2.356194490192345, 4.242640687119285
261, 64, 632, 261, 631, 258, 1, 3, 1.2490457723982544, 3.1622776601683795
261, 65, 10, 228, 10, 229, 0, -1, -1.5707963267948966, 1.0
261, 66, 502, 456, 502, 460, 0, -4, -1.5707963267948966, 4.0
261, 67, 142, 150, 143, 149, -1, 1, 2.356194490192345, 1.4142135623730951
261, 68, 332, 355, 332, 356, 0, -1, -1.5707963267948966, 1.0
261, 69, 487, 170, 487, 173, 0, -3, -1.5707963267948966, 3.0
261, 70, 1251, 88, 1255, 90, -4, -2, -2.677945044588987, 4.47213595499958
261, 71, 344, 658, 345, 655, -1, 3, 1.892546881191539, 3.1622776601683795
261, 72, 833, 123, 834, 127, -1, -4, -1.8157749899217608, 4.123105625617661
261, 73, 859, 39, 858, 41, 1, -2, -1.1071487177940904, 2.23606797749979
261, 74, 991, 20, 993, 21, -2, -1, -2.677945044588987, 2.23606797749979
261, 75, 512, 430, 513, 435, -1, -5, -1.7681918866447774, 5.0990195135927845
261, 76, 487, 270, 487, 272, 0, -2, -1.5707963267948966, 2.0
261, 77, 324, 701, 325, 699, -1, 2, 2.0344439357957027, 2.23606797749979
261, 78, 1235, 288, 1235, 287, 0, 1, 1.5707963267948966, 1.0
261, 79, 848, 30, 847, 33, 1, -3, -1.2490457723982544, 3.1622776601683795
261, 80, 978, 51, 980, 53, -2, -2, -2.356194490192345, 2.8284271247461903
261, 81, 168, 172, 168, 172, 0, 0, 0.0, 0.0
261, 82, 484, 55, 483, 57, 1, -2, -1.1071487177940904, 2.23606797749979
261, 83, 53, 143, 53, 144, 0, -1, -1.5707963267948966, 1.0
261, 84, 816, 16, 816, 17, 0, -1, -1.5707963267948966, 1.0
261, 85, 753, 27, 753, 28, 0, -1, -1.5707963267948966, 1.0
261, 86, 152, 160, 153, 159, -1, 1, 2.356194490192345, 1.4142135623730951
261, 87, 257, 359, 257, 360, 0, -1, -1.5707963267948966, 1.0
261, 88, 870, 17, 868, 20, 2, -3, -0.982793723247329, 3.605551275463989
261, 89, 698, 124, 698, 127, 0, -3, -1.5707963267948966, 3.0
261, 90, 640, 305, 639, 302, 1, 3, 1.2490457723982544, 3.1622776601683795
261, 91, 308, 315, 308, 316, 0, -1, -1.5707963267948966, 1.0
261, 92, 503, 186, 503, 190, 0, -4, -1.5707963267948966, 4.0
261, 93, 235, 316, 235, 317, 0, -1, -1.5707963267948966, 1.0
261, 94, 64, 110, 64, 111, 0, -1, -1.5707963267948966, 1.0
261, 95, 934, 86, 934, 87, 0, -1, -1.5707963267948966, 1.0
261, 96, 205, 674, 204, 672, 1, 2, 1.1071487177940904, 2.23606797749979
261, 97, 294, 304, 294, 305, 0, -1, -1.5707963267948966, 1.0
261, 98, 651, 310, 650, 307, 1, 3, 1.2490457723982544, 3.1622776601683795
261, 99, 625, 339, 625, 340, 0, -1, -1.5707963267948966, 1.0
261, 100, 697, 203, 697, 205, 0, -2, -1.5707963267948966, 2.0
261, 101, 1250, 239, 1249, 238, 1, 1, 0.7853981633974483, 1.4142135623730951
261, 102, 216, 701, 214, 701, 2, 0, 0.0, 2.0
261, 103, 926, 87, 926, 88, 0, -1, -1.5707963267948966, 1.0
261, 104, 501, 224, 501, 229, 0, -5, -1.5707963267948966, 5.0
261, 105, 932, 656, 936, 660, -4, -4, -2.356194490192345, 5.656854249492381
261, 106, 854, 122, 855, 126, -1, -4, -1.8157749899217608, 4.123105625617661
261, 107, 725, 138, 725, 140, 0, -2, -1.5707963267948966, 2.0
261, 108, 190, 659, 187, 656, 3, 3, 0.7853981633974483, 4.242640687119285
261, 109, 1255, 64, 1258, 67, -3, -3, -2.356194490192345, 4.242640687119285
261, 110, 690, 614, 690, 612, 0, 2, 1.5707963267948966, 2.0
261, 111, 149, 97, 150, 97, -1, 0, 3.141592653589793, 1.0
261, 112, 713, 530, 712, 526, 1, 4, 1.3258176636680326, 4.123105625617661
261, 113, 714, 88, 714, 92, 0, -4, -1.5707963267948966, 4.0
261, 114, 1237, 298, 1237, 297, 0, 1, 1.5707963267948966, 1.0
261, 115, 873, 25, 872, 28, 1, -3, -1.2490457723982544, 3.1622776601683795
261, 116, 64, 128, 64, 129, 0, -1, -1.5707963267948966, 1.0
261, 117, 647, 41, 647, 41, 0, 0, 0.0, 0.0
261, 118, 143, 124, 144, 124, -1, 0, 3.141592653589793, 1.0
261, 119, 476, 187, 476, 190, 0, -3, -1.5707963267948966, 3.0
261, 120, 682, 574, 681, 570, 1, 4, 1.3258176636680326, 4.123105625617661
261, 121, 656, 73, 656, 72, 0, 1, 1.5707963267948966, 1.0
261, 122, 836, 181, 836, 182, 0, -1, -1.5707963267948966, 1.0
261, 123, 490, 21, 488, 22, 2, -1, -0.4636476090008061, 2.23606797749979
261, 124, 138, 87, 139, 87, -1, 0, 3.141592653589793, 1.0
261, 125, 334, 334, 334, 335, 0, -1, -1.5707963267948966, 1.0
261, 126, 733, 67, 734, 69, -1, -2, -2.0344439357957027, 2.23606797749979
261, 127, 1192, 309, 1192, 308, 0, 1, 1.5707963267948966, 1.0
261, 128, 899, 613, 903, 618, -4, -5, -2.2455372690184494, 6.4031242374328485
261, 129, 916, 634, 920, 639, -4, -5, -2.2455372690184494, 6.4031242374328485
261, 130, 676, 108, 676, 108, 0, 0, 0.0, 0.0
261, 131, 38, 80, 38, 81, 0, -1, -1.5707963267948966, 1.0
261, 132, 319, 619, 322, 616, -3, 3, 2.356194490192345, 4.242640687119285
261, 133, 728, 597, 727, 594, 1, 3, 1.2490457723982544, 3.1622776601683795
261, 134, 512, 221, 512, 227, 0, -6, -1.5707963267948966, 6.0
261, 135, 704, 530, 703, 526, 1, 4, 1.3258176636680326, 4.123105625617661
261, 136, 932, 680, 937, 684, -5, -4, -2.4668517113662407, 6.4031242374328485
261, 137, 297, 356, 297, 357, 0, -1, -1.5707963267948966, 1.0
261, 138, 291, 362, 291, 363, 0, -1, -1.5707963267948966, 1.0
261, 139, 122, 10, 122, 11, 0, -1, -1.5707963267948966, 1.0
261, 140, 263, 399, 263, 400, 0, -1, -1.5707963267948966, 1.0
261, 141, 143, 168, 144, 167, -1, 1, 2.356194490192345, 1.4142135623730951
261, 142, 704, 202, 704, 204, 0, -2, -1.5707963267948966, 2.0
261, 143, 941, 24, 941, 25, 0, -1, -1.5707963267948966, 1.0
261, 144, 133, 12, 133, 14, 0, -2, -1.5707963267948966, 2.0
261, 145, 715, 538, 714, 533, 1, 5, 1.373400766945016, 5.0990195135927845
261, 146, 646, 701, 646, 701, 0, 0, 0.0, 0.0
261, 147, 707, 136, 707, 139, 0, -3, -1.5707963267948966, 3.0
261, 148, 281, 320, 281, 321, 0, -1, -1.5707963267948966, 1.0
261, 149, 329, 369, 329, 370, 0, -1, -1.5707963267948966, 1.0
261, 150, 591, 16, 591, 18, 0, -2, -1.5707963267948966, 2.0
261, 151, 699, 621, 699, 621, 0, 0, 0.0, 0.0
261, 152, 270, 317, 270, 318, 0, -1, -1.5707963267948966, 1.0
261, 153, 1198, 383, 1198, 383, 0, 0, 0.0, 0.0
261, 154, 267, 387, 267, 388, 0, -1, -1.5707963267948966, 1.0
261, 155, 816, 41, 816, 42, 0, -1, -1.5707963267948966, 1.0
261, 156, 172, 122, 172, 122, 0, 0, 0.0, 0.0
262, 0, 171, 141, 171, 141, 0, 0, 0.0, 0.0
262, 1, 261, 336, 261, 337, 0, -1, -1.5707963267948966, 1.0
262, 2, 849, 116, 850, 120, -1, -4, -1.8157749899217608, 4.123105625617661
262, 3, 538, 502, 538, 507, 0, -5, -1.5707963267948966, 5.0
262, 4, 855, 468, 855, 464, 0, 4, 1.5707963267948966, 4.0
262, 5, 840, 116, 841, 120, -1, -4, -1.8157749899217608, 4.123105625617661
262, 6, 1039, 678, 1040, 683, -1, -5, -1.7681918866447774, 5.0990195135927845
262, 7, 277, 332, 277, 333, 0, -1, -1.5707963267948966, 1.0
262, 8, 496, 179, 496, 183, 0, -4, -1.5707963267948966, 4.0
262, 9, 1050, 701, 1050, 712, 0, -11, -1.5707963267948966, 11.0
262, 10, 19, 197, 19, 197, 0, 0, 0.0, 0.0
262, 11, 259, 367, 259, 368, 0, -1, -1.5707963267948966, 1.0
262, 12, 256, 382, 256, 383, 0, -1, -1.5707963267948966, 1.0
262, 13, 701, 143, 701, 145, 0, -2, -1.5707963267948966, 2.0
262, 14, 749, 34, 749, 35, 0, -1, -1.5707963267948966, 1.0
262, 15, 246, 326, 246, 327, 0, -1, -1.5707963267948966, 1.0
262, 16, 679, 43, 679, 42, 0, 1, 1.5707963267948966, 1.0
262, 17, 1002, 19, 1004, 21, -2, -2, -2.356194490192345, 2.8284271247461903
262, 18, 848, 106, 848, 110, 0, -4, -1.5707963267948966, 4.0
262, 19, 1022, 676, 1021, 681, 1, -5, -1.373400766945016, 5.0990195135927845
262, 20, 335, 341, 335, 342, 0, -1, -1.5707963267948966, 1.0
262, 21, 472, 245, 470, 249, 2, -4, -1.1071487177940904, 4.47213595499958
262, 22, 497, 499, 497, 502, 0, -3, -1.5707963267948966, 3.0
262, 23, 467, 240, 465, 244, 2, -4, -1.1071487177940904, 4.47213595499958
262, 24, 858, 489, 858, 485, 0, 4, 1.5707963267948966, 4.0
262, 25, 471, 224, 471, 226, 0, -2, -1.5707963267948966, 2.0
262, 26, 883, 701, 885, 707, -2, -6, -1.892546881191539, 6.324555320336759
262, 27, 891, 672, 893, 677, -2, -5, -1.9513027039072615, 5.385164807134504
262, 28, 996, 9, 998, 11, -2, -2, -2.356194490192345, 2.8284271247461903
262, 29, 836, 465, 835, 462, 1, 3, 1.2490457723982544, 3.1622776601683795
262, 30, 484, 180, 484, 183, 0, -3, -1.5707963267948966, 3.0
262, 31, 1235, 328, 1234, 326, 1, 2, 1.1071487177940904, 2.23606797749979
262, 32, 560, 16, 560, 18, 0, -2, -1.5707963267948966, 2.0
262, 33, 714, 88, 714, 91, 0, -3, -1.5707963267948966, 3.0
262, 34, 489, 13, 488, 13, 1, 0, 0.0, 1.0
262, 35, 701, 136, 701, 138, 0, -2, -1.5707963267948966, 2.0
262, 36, 872, 677, 875, 676, -3, 1, 2.819842099193151, 3.1622776601683795
262, 37, 632, 260, 631, 258, 1, 2, 1.1071487177940904, 2.23606797749979
262, 38, 1250, 58, 1252, 61, -2, -3, -2.158798930342464, 3.605551275463989
262, 39, 287, 372, 287, 373, 0, -1, -1.5707963267948966, 1.0
262, 40, 521, 544, 521, 545, 0, -1, -1.5707963267948966, 1.0
262, 41, 1226, 340, 1225, 338, 1, 2, 1.1071487177940904, 2.23606797749979
262, 42, 1251, 202, 1250, 201, 1, 1, 0.7853981633974483, 1.4142135623730951
262, 43, 849, 556, 849, 549, 0, 7, 1.5707963267948966, 7.0
262, 44, 849, 30, 848, 33, 1, -3, -1.2490457723982544, 3.1622776601683795
262, 45, 488, 171, 488, 174, 0, -3, -1.5707963267948966, 3.0
262, 46, 701, 540, 699, 537, 2, 3, 0.982793723247329, 3.605551275463989
262, 47, 705, 126, 705, 128, 0, -2, -1.5707963267948966, 2.0
262, 48, 479, 229, 479, 232, 0, -3, -1.5707963267948966, 3.0
262, 49, 488, 21, 486, 22, 2, -1, -0.4636476090008061, 2.23606797749979
262, 50, 992, 90, 992, 91, 0, -1, -1.5707963267948966, 1.0
262, 51, 941, 11, 941, 12, 0, -1, -1.5707963267948966, 1.0
262, 52, 253, 339, 253, 340, 0, -1, -1.5707963267948966, 1.0
262, 53, 480, 253, 480, 257, 0, -4, -1.5707963267948966, 4.0
262, 54, 912, 688, 914, 692, -2, -4, -2.0344439357957027, 4.47213595499958
262, 55, 861, 508, 861, 505, 0, 3, 1.5707963267948966, 3.0
262, 56, 644, 31, 643, 31, 1, 0, 0.0, 1.0
262, 57, 834, 124, 835, 128, -1, -4, -1.8157749899217608, 4.123105625617661
262, 58, 248, 398, 248, 399, 0, -1, -1.5707963267948966, 1.0
262, 59, 210, 701, 208, 711, 2, -10, -1.373400766945016, 10.198039027185569
262, 60, 939, 94, 939, 95, 0, -1, -1.5707963267948966, 1.0
262, 61, 209, 679, 209, 677, 0, 2, 1.5707963267948966, 2.0
262, 62, 270, 331, 270, 332, 0, -1, -1.5707963267948966, 1.0
262, 63, 1251, 89, 1255, 91, -4, -2, -2.677945044588987, 4.47213595499958
262, 64, 265, 373, 265, 374, 0, -1, -1.5707963267948966, 1.0
262, 65, 513, 431, 514, 435, -1, -4, -1.8157749899217608, 4.123105625617661
262, 66, 501, 456, 502, 460, -1, -4, -1.8157749899217608, 4.123105625617661
262, 67, 488, 74, 488, 75, 0, -1, -1.5707963267948966, 1.0
262, 68, 131, 10, 130, 11, 1, -1, -0.7853981633974483, 1.4142135623730951
262, 69, 332, 400, 332, 401, 0, -1, -1.5707963267948966, 1.0
262, 70, 697, 204, 698, 207, -1, -3, -1.892546881191539, 3.1622776601683795
262, 71, 1203, 390, 1203, 391, 0, -1, -1.5707963267948966, 1.0
262, 72, 1236, 288, 1236, 287, 0, 1, 1.5707963267948966, 1.0
262, 73, 1195, 374, 1195, 369, 0, 5, 1.5707963267948966, 5.0
262, 74, 34, 109, 34, 110, 0, -1, -1.5707963267948966, 1.0
262, 75, 63, 154, 63, 155, 0, -1, -1.5707963267948966, 1.0
262, 76, 1227, 82, 1230, 85, -3, -3, -2.356194490192345, 4.242640687119285
262, 77, 642, 304, 641, 302, 1, 2, 1.1071487177940904, 2.23606797749979
262, 78, 772, 37, 772, 38, 0, -1, -1.5707963267948966, 1.0
262, 79, 307, 383, 309, 384, -2, -1, -2.677945044588987, 2.23606797749979
262, 80, 775, 44, 775, 45, 0, -1, -1.5707963267948966, 1.0
262, 81, 870, 17, 869, 20, 1, -3, -1.2490457723982544, 3.1622776601683795
262, 82, 346, 662, 347, 658, -1, 4, 1.8157749899217608, 4.123105625617661
262, 83, 289, 350, 289, 351, 0, -1, -1.5707963267948966, 1.0
262, 84, 978, 52, 980, 54, -2, -2, -2.356194490192345, 2.8284271247461903
262, 85, 142, 151, 143, 150, -1, 1, 2.356194490192345, 1.4142135623730951
262, 86, 332, 355, 332, 356, 0, -1, -1.5707963267948966, 1.0
262, 87, 11, 230, 11, 230, 0, 0, 0.0, 0.0
262, 88, 486, 264, 486, 267, 0, -3, -1.5707963267948966, 3.0
262, 89, 642, 366, 642, 366, 0, 0, 0.0, 0.0
262, 90, 193, 661, 190, 658, 3, 3, 0.7853981633974483, 4.242640687119285
262, 91, 726, 139, 727, 141, -1, -2, -2.0344439357957027, 2.23606797749979
262, 92, 992, 18, 994, 20, -2, -2, -2.356194490192345, 2.8284271247461903
262, 93, 53, 144, 53, 145, 0, -1, -1.5707963267948966, 1.0
262, 94, 652, 310, 651, 307, 1, 3, 1.2490457723982544, 3.1622776601683795
262, 95, 123, 12, 123, 13, 0, -1, -1.5707963267948966, 1.0
262, 96, 734, 68, 735, 70, -1, -2, -2.0344439357957027, 2.23606797749979
262, 97, 861, 39, 860, 41, 1, -2, -1.1071487177940904, 2.23606797749979
262, 98, 897, 610, 901, 615, -4, -5, -2.2455372690184494, 6.4031242374328485
262, 99, 816, 17, 816, 18, 0, -1, -1.5707963267948966, 1.0
262, 100, 299, 369, 300, 369, -1, 0, 3.141592653589793, 1.0
262, 101, 295, 357, 295, 358, 0, -1, -1.5707963267948966, 1.0
262, 102, 926, 88, 926, 89, 0, -1, -1.5707963267948966, 1.0
262, 103, 64, 128, 64, 129, 0, -1, -1.5707963267948966, 1.0
262, 104, 827, 39, 827, 40, 0, -1, -1.5707963267948966, 1.0
262, 105, 204, 691, 203, 688, 1, 3, 1.2490457723982544, 3.1622776601683795
262, 106, 658, 74, 658, 72, 0, 2, 1.5707963267948966, 2.0
262, 107, 934, 87, 934, 88, 0, -1, -1.5707963267948966, 1.0
262, 108, 698, 126, 698, 128, 0, -2, -1.5707963267948966, 2.0
262, 109, 512, 216, 512, 222, 0, -6, -1.5707963267948966, 6.0
262, 110, 308, 316, 308, 317, 0, -1, -1.5707963267948966, 1.0
262, 111, 275, 341, 275, 342, 0, -1, -1.5707963267948966, 1.0
262, 112, 150, 97, 151, 97, -1, 0, 3.141592653589793, 1.0
262, 113, 168, 171, 168, 171, 0, 0, 0.0, 0.0
262, 114, 235, 317, 235, 318, 0, -1, -1.5707963267948966, 1.0
262, 115, 1238, 298, 1238, 297, 0, 1, 1.5707963267948966, 1.0
262, 116, 144, 124, 145, 124, -1, 0, 3.141592653589793, 1.0
262, 117, 322, 701, 322, 715, 0, -14, -1.5707963267948966, 14.0
262, 118, 294, 305, 294, 306, 0, -1, -1.5707963267948966, 1.0
262, 119, 255, 356, 255, 357, 0, -1, -1.5707963267948966, 1.0
262, 120, 989, 59, 990, 63, -1, -4, -1.8157749899217608, 4.123105625617661
262, 121, 481, 45, 480, 46, 1, -1, -0.7853981633974483, 1.4142135623730951
262, 122, 713, 531, 712, 527, 1, 4, 1.3258176636680326, 4.123105625617661
262, 123, 625, 340, 625, 341, 0, -1, -1.5707963267948966, 1.0
262, 124, 977, 76, 979, 81, -2, -5, -1.9513027039072615, 5.385164807134504
262, 125, 855, 122, 856, 126, -1, -4, -1.8157749899217608, 4.123105625617661
262, 126, 503, 186, 503, 190, 0, -4, -1.5707963267948966, 4.0
262, 127, 219, 701, 217, 709, 2, -8, -1.3258176636680326, 8.246211251235321
262, 128, 502, 225, 502, 230, 0, -5, -1.5707963267948966, 5.0
262, 129, 506, 11, 506, 13, 0, -2, -1.5707963267948966, 2.0
262, 130, 683, 575, 682, 571, 1, 4, 1.3258176636680326, 4.123105625617661
262, 131, 1249, 237, 1249, 237, 0, 0, 0.0, 0.0
262, 132, 876, 25, 874, 28, 2, -3, -0.982793723247329, 3.605551275463989
262, 133, 494, 57, 492, 59, 2, -2, -0.7853981633974483, 2.8284271247461903
262, 134, 585, 24, 586, 26, -1, -2, -2.0344439357957027, 2.23606797749979
262, 135, 843, 200, 843, 203, 0, -3, -1.5707963267948966, 3.0
262, 136, 930, 652, 933, 656, -3, -4, -2.214297435588181, 5.0
262, 137, 1257, 65, 1259, 67, -2, -2, -2.356194490192345, 2.8284271247461903
262, 138, 705, 531, 704, 527, 1, 4, 1.3258176636680326, 4.123105625617661
262, 139, 143, 168, 144, 167, -1, 1, 2.356194490192345, 1.4142135623730951
262, 140, 932, 676, 937, 680, -5, -4, -2.4668517113662407, 6.4031242374328485
262, 141, 850, 62, 850, 64, 0, -2, -1.5707963267948966, 2.0
262, 142, 497, 75, 496, 76, 1, -1, -0.7853981633974483, 1.4142135623730951
262, 143, 152, 162, 153, 161, -1, 1, 2.356194490192345, 1.4142135623730951
262, 144, 637, 106, 637, 107, 0, -1, -1.5707963267948966, 1.0
262, 145, 326, 332, 326, 333, 0, -1, -1.5707963267948966, 1.0
262, 146, 334, 701, 334, 709, 0, -8, -1.5707963267948966, 8.0
262, 147, 728, 601, 728, 598, 0, 3, 1.5707963267948966, 3.0
262, 148, 690, 567, 689, 563, 1, 4, 1.3258176636680326, 4.123105625617661
262, 149, 837, 183, 837, 184, 0, -1, -1.5707963267948966, 1.0
262, 150, 38, 81, 38, 82, 0, -1, -1.5707963267948966, 1.0
262, 151, 173, 122, 173, 122, 0, 0, 0.0, 0.0
262, 152, 143, 12, 141, 14, 2, -2, -0.7853981633974483, 2.8284271247461903
262, 153, 281, 320, 281, 321, 0, -1, -1.5707963267948966, 1.0
262, 154, 138, 88, 139, 88, -1, 0, 3.141592653589793, 1.0
262, 155, 325, 676, 326, 674, -1, 2, 2.0344439357957027, 2.23606797749979
262, 156, 741, 101, 741, 102, 0, -1, -1.5707963267948966, 1.0
262, 157, 1193, 310, 1193, 308, 0, 2, 1.5707963267948966, 2.0
262, 158, 705, 195, 705, 198, 0, -3, -1.5707963267948966, 3.0
262, 159, 1257, 126, 1260, 128, -3, -2, -2.5535900500422257, 3.605551275463989
263, 0, 170, 143, 171, 141, -1, 2, 2.0344439357957027, 2.23606797749979
263, 1, 261, 336, 261, 336, 0, 0, 0.0, 0.0
263, 2, 849, 112, 849, 116, 0, -4, -1.5707963267948966, 4.0
263, 3, 535, 499, 538, 502, -3, -3, -2.356194490192345, 4.242640687119285
263, 4, 854, 471, 855, 468, -1, 3, 1.892546881191539, 3.1622776601683795
263, 5, 840, 112, 840, 116, 0, -4, -1.5707963267948966, 4.0
263, 6, 1039, 674, 1039, 678, 0, -4, -1.5707963267948966, 4.0
263, 7, 277, 331, 277, 332, 0, -1, -1.5707963267948966, 1.0
263, 8, 496, 175, 496, 179, 0, -4, -1.5707963267948966, 4.0
263, 9, 1050, 693, 1050, 701, 0, -8, -1.5707963267948966, 8.0
263, 10, 19, 200, 19, 197, 0, 3, 1.5707963267948966, 3.0
263, 11, 259, 366, 259, 367, 0, -1, -1.5707963267948966, 1.0
263, 12, 256, 382, 256, 382, 0, 0, 0.0, 0.0
263, 13, 701, 139, 701, 143, 0, -4, -1.5707963267948966, 4.0
263, 14, 245, 326, 246, 326, -1, 0, 3.141592653589793, 1.0
263, 15, 679, 47, 679, 43, 0, 4, 1.5707963267948966, 4.0
263, 16, 998, 16, 1002, 19, -4, -3, -2.498091544796509, 5.0
263, 17, 848, 101, 848, 106, 0, -5, -1.5707963267948966, 5.0
263, 18, 1021, 672, 1022, 676, -1, -4, -1.8157749899217608, 4.123105625617661
263, 19, 335, 340, 335, 341, 0, -1, -1.5707963267948966, 1.0
263, 20, 474, 242, 472, 245, 2, -3, -0.982793723247329, 3.605551275463989
263, 21, 497, 495, 497, 499, 0, -4, -1.5707963267948966, 4.0
263, 22, 469, 237, 467, 240, 2, -3, -0.982793723247329, 3.605551275463989
263, 23, 858, 495, 858, 489, 0, 6, 1.5707963267948966, 6.0
263, 24, 473, 221, 471, 224, 2, -3, -0.982793723247329, 3.605551275463989
263, 25, 879, 701, 883, 701, -4, 0, 3.141592653589793, 4.0
263, 26, 889, 668, 891, 672, -2, -4, -2.0344439357957027, 4.47213595499958
263, 27, 838, 468, 836, 465, 2, 3, 0.982793723247329, 3.605551275463989
263, 28, 484, 176, 484, 180, 0, -4, -1.5707963267948966, 4.0
263, 29, 1236, 332, 1235, 328, 1, 4, 1.3258176636680326, 4.123105625617661
263, 30, 560, 15, 560, 16, 0, -1, -1.5707963267948966, 1.0
263, 31, 714, 84, 714, 88, 0, -4, -1.5707963267948966, 4.0
263, 32, 490, 14, 489, 13, 1, 1, 0.7853981633974483, 1.4142135623730951
263, 33, 702, 132, 701, 136, 1, -4, -1.3258176636680326, 4.123105625617661
263, 34, 870, 677, 872, 677, -2, 0, 3.141592653589793, 2.0
263, 35, 634, 264, 632, 260, 2, 4, 1.1071487177940904, 4.47213595499958
263, 36, 1246, 55, 1250, 58, -4, -3, -2.498091544796509, 5.0
263, 37, 287, 372, 287, 372, 0, 0, 0.0, 0.0
263, 38, 1227, 344, 1226, 340, 1, 4, 1.3258176636680326, 4.123105625617661
263, 39, 1254, 204, 1251, 202, 3, 2, 0.5880026035475675, 3.605551275463989
263, 40, 848, 562, 849, 556, -1, 6, 1.7359450042095235, 6.082762530298219
263, 41, 851, 28, 849, 30, 2, -2, -0.7853981633974483, 2.8284271247461903
263, 42, 488, 167, 488, 171, 0, -4, -1.5707963267948966, 4.0
263, 43, 703, 543, 701, 540, 2, 3, 0.982793723247329, 3.605551275463989
263, 44, 706, 123, 705, 126, 1, -3, -1.2490457723982544, 3.1622776601683795
263, 45, 480, 227, 479, 229, 1, -2, -1.1071487177940904, 2.23606797749979
263, 46, 489, 21, 488, 21, 1, 0, 0.0, 1.0
263, 47, 991, 88, 992, 90, -1, -2, -2.0344439357957027, 2.23606797749979
263, 48, 941, 10, 941, 11, 0, -1, -1.5707963267948966, 1.0
263, 49, 253, 339, 253, 339, 0, 0, 0.0, 0.0
263, 50, 482, 249, 480, 253, 2, -4, -1.1071487177940904, 4.47213595499958
263, 51, 908, 684, 912, 688, -4, -4, -2.356194490192345, 5.656854249492381
263, 52, 863, 510, 861, 508, 2, 2, 0.7853981633974483, 2.8284271247461903
263, 53, 645, 32, 644, 31, 1, 1, 0.7853981633974483, 1.4142135623730951
263, 54, 833, 120, 834, 124, -1, -4, -1.8157749899217608, 4.123105625617661
263, 55, 247, 398, 248, 398, -1, 0, 3.141592653589793, 1.0
263, 56, 210, 701, 210, 701, 0, 0, 0.0, 0.0
263, 57, 939, 93, 939, 94, 0, -1, -1.5707963267948966, 1.0
263, 58, 208, 681, 209, 679, -1, 2, 2.0344439357957027, 2.23606797749979
263, 59, 270, 330, 270, 331, 0, -1, -1.5707963267948966, 1.0
263, 60, 1246, 87, 1251, 89, -5, -2, -2.761086276477428, 5.385164807134504
263, 61, 265, 372, 265, 373, 0, -1, -1.5707963267948966, 1.0
263, 62, 511, 424, 513, 431, -2, -7, -1.849095985800008, 7.280109889280518
263, 63, 500, 451, 501, 456, -1, -5, -1.7681918866447774, 5.0990195135927845
263, 64, 489, 73, 488, 74, 1, -1, -0.7853981633974483, 1.4142135623730951
263, 65, 132, 9, 131, 10, 1, -1, -0.7853981633974483, 1.4142135623730951
263, 66, 332, 400, 332, 400, 0, 0, 0.0, 0.0
263, 67, 697, 202, 697, 204, 0, -2, -1.5707963267948966, 2.0
263, 68, 1203, 390, 1203, 390, 0, 0, 0.0, 0.0
263, 69, 1236, 292, 1236, 288, 0, 4, 1.5707963267948966, 4.0
263, 70, 1196, 374, 1195, 374, 1, 0, 0.0, 1.0
263, 71, 1222, 80, 1227, 82, -5, -2, -2.761086276477428, 5.385164807134504
263, 72, 643, 307, 642, 304, 1, 3, 1.2490457723982544, 3.1622776601683795
263, 73, 872, 14, 870, 17, 2, -3, -0.982793723247329, 3.605551275463989
263, 74, 346, 664, 346, 662, 0, 2, 1.5707963267948966, 2.0
263, 75, 289, 350, 289, 350, 0, 0, 0.0, 0.0
263, 76, 974, 50, 978, 52, -4, -2, -2.677945044588987, 4.47213595499958
263, 77, 141, 153, 142, 151, -1, 2, 2.0344439357957027, 2.23606797749979
263, 78, 332, 354, 332, 355, 0, -1, -1.5707963267948966, 1.0
263, 79, 486, 262, 486, 264, 0, -2, -1.5707963267948966, 2.0
263, 80, 641, 366, 642, 366, -1, 0, 3.141592653589793, 1.0
263, 81, 196, 664, 193, 661, 3, 3, 0.7853981633974483, 4.242640687119285
263, 82, 726, 137, 726, 139, 0, -2, -1.5707963267948966, 2.0
263, 83, 988, 15, 992, 18, -4, -3, -2.498091544796509, 5.0
263, 84, 653, 313, 652, 310, 1, 3, 1.2490457723982544, 3.1622776601683795
263, 85, 124, 11, 123, 12, 1, -1, -0.7853981633974483, 1.4142135623730951
263, 86, 733, 65, 734, 68, -1, -3, -1.892546881191539, 3.1622776601683795
263, 87, 863, 36, 861, 39, 2, -3, -0.982793723247329, 3.605551275463989
263, 88, 892, 605, 897, 610, -5, -5, -2.356194490192345, 7.0710678118654755
263, 89, 816, 17, 816, 17, 0, 0, 0.0, 0.0
263, 90, 299, 371, 299, 369, 0, 2, 1.5707963267948966, 2.0
263, 91, 295, 357, 295, 357, 0, 0, 0.0, 0.0
263, 92, 926, 87, 926, 88, 0, -1, -1.5707963267948966, 1.0
263, 93, 64, 126, 64, 128, 0, -2, -1.5707963267948966, 2.0
263, 94, 827, 39, 827, 39, 0, 0, 0.0, 0.0
263, 95, 204, 694, 204, 691, 0, 3, 1.5707963267948966, 3.0
263, 96, 658, 77, 658, 74, 0, 3, 1.5707963267948966, 3.0
263, 97, 934, 86, 934, 87, 0, -1, -1.5707963267948966, 1.0
263, 98, 699, 123, 698, 126, 1, -3, -1.2490457723982544, 3.1622776601683795
263, 99, 512, 210, 512, 216, 0, -6, -1.5707963267948966, 6.0
263, 100, 275, 341, 275, 341, 0, 0, 0.0, 0.0
263, 101, 148, 100, 150, 97, -2, 3, 2.158798930342464, 3.605551275463989
263, 102, 168, 171, 168, 171, 0, 0, 0.0, 0.0
263, 103, 1238, 301, 1238, 298, 0, 3, 1.5707963267948966, 3.0
263, 104, 143, 127, 144, 124, -1, 3, 1.892546881191539, 3.1622776601683795
263, 105, 320, 701, 322, 701, -2, 0, 3.141592653589793, 2.0
263, 106, 294, 305, 294, 305, 0, 0, 0.0, 0.0
263, 107, 986, 56, 989, 59, -3, -3, -2.356194490192345, 4.242640687119285
263, 108, 483, 43, 481, 45, 2, -2, -0.7853981633974483, 2.8284271247461903
263, 109, 713, 535, 713, 531, 0, 4, 1.5707963267948966, 4.0
263, 110, 625, 340, 625, 340, 0, 0, 0.0, 0.0
263, 111, 975, 74, 977, 76, -2, -2, -2.356194490192345, 2.8284271247461903
263, 112, 856, 118, 855, 122, 1, -4, -1.3258176636680326, 4.123105625617661
263, 113, 504, 182, 503, 186, 1, -4, -1.3258176636680326, 4.123105625617661
263, 114, 220, 701, 219, 701, 1, 0, 0.0, 1.0
263, 115, 502, 219, 502, 225, 0, -6, -1.5707963267948966, 6.0
263, 116, 506, 9, 506, 11, 0, -2, -1.5707963267948966, 2.0
263, 117, 683, 578, 683, 575, 0, 3, 1.5707963267948966, 3.0
263, 118, 1249, 237, 1249, 237, 0, 0, 0.0, 0.0
263, 119, 877, 21, 876, 25, 1, -4, -1.3258176636680326, 4.123105625617661
263, 120, 497, 56, 494, 57, 3, -1, -0.3217505543966422, 3.1622776601683795
263, 121, 585, 22, 585, 24, 0, -2, -1.5707963267948966, 2.0
263, 122, 843, 194, 843, 200, 0, -6, -1.5707963267948966, 6.0
263, 123, 927, 651, 930, 652, -3, -1, -2.819842099193151, 3.1622776601683795
263, 124, 1253, 62, 1257, 65, -4, -3, -2.498091544796509, 5.0
263, 125, 707, 534, 705, 531, 2, 3, 0.982793723247329, 3.605551275463989
263, 126, 142, 171, 143, 168, -1, 3, 1.892546881191539, 3.1622776601683795
263, 127, 927, 671, 932, 676, -5, -5, -2.356194490192345, 7.0710678118654755
263, 128, 851, 58, 850, 62, 1, -4, -1.3258176636680326, 4.123105625617661
263, 129, 497, 74, 497, 75, 0, -1, -1.5707963267948966, 1.0
263, 130, 151, 165, 152, 162, -1, 3, 1.892546881191539, 3.1622776601683795
263, 131, 636, 107, 637, 106, -1, 1, 2.356194490192345, 1.4142135623730951
263, 132, 333, 701, 334, 701, -1, 0, 3.141592653589793, 1.0
263, 133, 729, 603, 728, 601, 1, 2, 1.1071487177940904, 2.23606797749979
263, 134, 691, 569, 690, 567, 1, 2, 1.1071487177940904, 2.23606797749979
263, 135, 38, 80, 38, 81, 0, -1, -1.5707963267948966, 1.0
263, 136, 172, 123, 173, 122, -1, 1, 2.356194490192345, 1.4142135623730951
263, 137, 143, 11, 143, 12, 0, -1, -1.5707963267948966, 1.0
263, 138, 136, 91, 138, 88, -2, 3, 2.158798930342464, 3.605551275463989
263, 139, 324, 680, 325, 676, -1, 4, 1.8157749899217608, 4.123105625617661
263, 140, 741, 99, 741, 101, 0, -2, -1.5707963267948966, 2.0
263, 141, 1195, 313, 1193, 310, 2, 3, 0.982793723247329, 3.605551275463989
263, 142, 705, 189, 705, 195, 0, -6, -1.5707963267948966, 6.0
263, 143, 1255, 122, 1257, 126, -2, -4, -2.0344439357957027, 4.47213595499958
264, 0, 259, 335, 259, 336, 0, -1, -1.5707963267948966, 1.0
264, 1, 170, 144, 171, 143, -1, 1, 2.356194490192345, 1.4142135623730951
264, 2, 849, 111, 849, 115, 0, -4, -1.5707963267948966, 4.0
264, 3, 246, 326, 246, 326, 0, 0, 0.0, 0.0
264, 4, 496, 177, 496, 179, 0, -2, -1.5707963267948966, 2.0
264, 5, 278, 332, 278, 333, 0, -1, -1.5707963267948966, 1.0
264, 6, 474, 240, 473, 243, 1, -3, -1.2490457723982544, 3.1622776601683795
264, 7, 335, 341, 335, 342, 0, -1, -1.5707963267948966, 1.0
264, 8, 857, 476, 857, 472, 0, 4, 1.5707963267948966, 4.0
264, 9, 499, 58, 497, 59, 2, -1, -0.4636476090008061, 2.23606797749979
264, 10, 259, 366, 259, 367, 0, -1, -1.5707963267948966, 1.0
264, 11, 841, 111, 841, 115, 0, -4, -1.5707963267948966, 4.0
264, 12, 484, 178, 484, 180, 0, -2, -1.5707963267948966, 2.0
264, 13, 1050, 694, 1050, 700, 0, -6, -1.5707963267948966, 6.0
264, 14, 489, 75, 489, 75, 0, 0, 0.0, 0.0
264, 15, 20, 203, 20, 200, 0, 3, 1.5707963267948966, 3.0
264, 16, 861, 515, 861, 511, 0, 4, 1.5707963267948966, 4.0
264, 17, 265, 331, 265, 332, 0, -1, -1.5707963267948966, 1.0
264, 18, 1042, 664, 1042, 670, 0, -6, -1.5707963267948966, 6.0
264, 19, 701, 140, 701, 142, 0, -2, -1.5707963267948966, 2.0
264, 20, 1025, 661, 1024, 666, 1, -5, -1.373400766945016, 5.0990195135927845
264, 21, 998, 16, 1001, 18, -3, -2, -2.5535900500422257, 3.605551275463989
264, 22, 256, 382, 256, 383, 0, -1, -1.5707963267948966, 1.0
264, 23, 839, 473, 837, 470, 2, 3, 0.982793723247329, 3.605551275463989
264, 24, 847, 101, 847, 105, 0, -4, -1.5707963267948966, 4.0
264, 25, 680, 46, 680, 44, 0, 2, 1.5707963267948966, 2.0
264, 26, 493, 268, 493, 269, 0, -1, -1.5707963267948966, 1.0
264, 27, 890, 680, 892, 684, -2, -4, -2.0344439357957027, 4.47213595499958
264, 28, 560, 17, 560, 18, 0, -1, -1.5707963267948966, 1.0
264, 29, 726, 140, 726, 141, 0, -1, -1.5707963267948966, 1.0
264, 30, 538, 483, 538, 487, 0, -4, -1.5707963267948966, 4.0
264, 31, 1248, 57, 1251, 58, -3, -1, -2.819842099193151, 3.1622776601683795
264, 32, 34, 109, 34, 109, 0, 0, 0.0, 0.0
264, 33, 287, 372, 287, 372, 0, 0, 0.0, 0.0
264, 34, 889, 701, 891, 698, -2, 3, 2.158798930342464, 3.605551275463989
264, 35, 343, 669, 344, 666, -1, 3, 1.892546881191539, 3.1622776601683795
264, 36, 334, 701, 335, 710, -1, -9, -1.6814535479687922, 9.055385138137417
264, 37, 1235, 333, 1235, 330, 0, 3, 1.5707963267948966, 3.0
264, 38, 492, 22, 491, 22, 1, 0, 0.0, 1.0
264, 39, 702, 133, 702, 135, 0, -2, -1.5707963267948966, 2.0
264, 40, 700, 547, 700, 543, 0, 4, 1.5707963267948966, 4.0
264, 41, 1230, 350, 1230, 347, 0, 3, 1.5707963267948966, 3.0
264, 42, 860, 496, 860, 492, 0, 4, 1.5707963267948966, 4.0
264, 43, 643, 308, 643, 305, 0, 3, 1.5707963267948966, 3.0
264, 44, 991, 88, 992, 90, -1, -2, -2.0344439357957027, 2.23606797749979
264, 45, 876, 701, 879, 710, -3, -9, -1.892546881191539, 9.486832980505138
264, 46, 1236, 293, 1236, 290, 0, 3, 1.5707963267948966, 3.0
264, 47, 496, 15, 494, 14, 2, 1, 0.4636476090008061, 2.23606797749979
264, 48, 521, 543, 521, 545, 0, -2, -1.5707963267948966, 2.0
264, 49, 632, 264, 632, 262, 0, 2, 1.5707963267948966, 2.0
264, 50, 844, 192, 844, 196, 0, -4, -1.5707963267948966, 4.0
264, 51, 1253, 204, 1252, 203, 1, 1, 0.7853981633974483, 1.4142135623730951
264, 52, 474, 219, 473, 222, 1, -3, -1.2490457723982544, 3.1622776601683795
264, 53, 196, 669, 195, 666, 1, 3, 1.2490457723982544, 3.1622776601683795
264, 54, 301, 673, 303, 669, -2, 4, 2.0344439357957027, 4.47213595499958
264, 55, 1204, 391, 1203, 390, 1, 1, 0.7853981633974483, 1.4142135623730951
264, 56, 489, 167, 489, 170, 0, -3, -1.5707963267948966, 3.0
264, 57, 1190, 396, 1189, 392, 1, 4, 1.3258176636680326, 4.123105625617661
264, 58, 772, 38, 773, 38, -1, 0, 3.141592653589793, 1.0
264, 59, 508, 201, 509, 207, -1, -6, -1.7359450042095235, 6.082762530298219
264, 60, 873, 13, 872, 16, 1, -3, -1.2490457723982544, 3.1622776601683795
264, 61, 976, 51, 978, 52, -2, -1, -2.677945044588987, 2.23606797749979
264, 62, 144, 152, 145, 151, -1, 1, 2.356194490192345, 1.4142135623730951
264, 63, 1261, 107, 1264, 110, -3, -3, -2.356194490192345, 4.242640687119285
264, 64, 248, 398, 248, 399, 0, -1, -1.5707963267948966, 1.0
264, 65, 1241, 57, 1244, 58, -3, -1, -2.819842099193151, 3.1622776601683795
264, 66, 234, 316, 234, 317, 0, -1, -1.5707963267948966, 1.0
264, 67, 62, 154, 63, 154, -1, 0, 3.141592653589793, 1.0
264, 68, 887, 601, 892, 605, -5, -4, -2.4668517113662407, 6.4031242374328485
264, 69, 299, 381, 301, 382, -2, -1, -2.677945044588987, 2.23606797749979
264, 70, 497, 495, 497, 498, 0, -3, -1.5707963267948966, 3.0
264, 71, 1246, 84, 1250, 87, -4, -3, -2.498091544796509, 5.0
264, 72, 325, 684, 326, 680, -1, 4, 1.8157749899217608, 4.123105625617661
264, 73, 706, 124, 706, 126, 0, -2, -1.5707963267948966, 2.0
264, 74, 332, 400, 332, 400, 0, 0, 0.0, 0.0
264, 75, 684, 582, 684, 578, 0, 4, 1.5707963267948966, 4.0
264, 76, 910, 675, 912, 680, -2, -5, -1.9513027039072615, 5.385164807134504
264, 77, 168, 171, 169, 171, -1, 0, 3.141592653589793, 1.0
264, 78, 333, 355, 333, 356, 0, -1, -1.5707963267948966, 1.0
264, 79, 1194, 314, 1194, 311, 0, 3, 1.5707963267948966, 3.0
264, 80, 501, 451, 502, 455, -1, -4, -1.8157749899217608, 4.123105625617661
264, 81, 827, 503, 826, 498, 1, 5, 1.373400766945016, 5.0990195135927845
264, 82, 1199, 145, 1200, 145, -1, 0, 3.141592653589793, 1.0
264, 83, 835, 118, 835, 122, 0, -4, -1.5707963267948966, 4.0
264, 84, 143, 128, 144, 126, -1, 2, 2.0344439357957027, 2.23606797749979
264, 85, 697, 205, 697, 206, 0, -1, -1.5707963267948966, 1.0
264, 86, 289, 351, 289, 351, 0, 0, 0.0, 0.0
264, 87, 1257, 165, 1257, 165, 0, 0, 0.0, 0.0
264, 88, 734, 66, 734, 68, 0, -2, -1.5707963267948966, 2.0
264, 89, 503, 220, 503, 224, 0, -4, -1.5707963267948966, 4.0
264, 90, 512, 74, 509, 76, 3, -2, -0.5880026035475675, 3.605551275463989
264, 91, 1221, 78, 1225, 81, -4, -3, -2.498091544796509, 5.0
264, 92, 927, 88, 927, 89, 0, -1, -1.5707963267948966, 1.0
264, 93, 124, 11, 123, 12, 1, -1, -0.7853981633974483, 1.4142135623730951
264, 94, 642, 366, 642, 366, 0, 0, 0.0, 0.0
264, 95, 143, 172, 144, 170, -1, 2, 2.0344439357957027, 2.23606797749979
264, 96, 266, 388, 266, 389, 0, -1, -1.5707963267948966, 1.0
264, 97, 986, 58, 988, 59, -2, -1, -2.677945044588987, 2.23606797749979
264, 98, 934, 87, 934, 88, 0, -1, -1.5707963267948966, 1.0
264, 99, 10, 230, 11, 230, -1, 0, 3.141592653589793, 1.0
264, 100, 868, 701, 873, 714, -5, -13, -1.9379701606131159, 13.92838827718412
264, 101, 511, 426, 512, 430, -1, -4, -1.8157749899217608, 4.123105625617661
264, 102, 646, 39, 646, 38, 0, 1, 1.5707963267948966, 1.0
264, 103, 1239, 303, 1239, 300, 0, 3, 1.5707963267948966, 3.0
264, 104, 1225, 345, 1225, 342, 0, 3, 1.5707963267948966, 3.0
264, 105, 330, 369, 330, 370, 0, -1, -1.5707963267948966, 1.0
264, 106, 690, 573, 690, 569, 0, 4, 1.5707963267948966, 4.0
264, 107, 275, 342, 275, 342, 0, 0, 0.0, 0.0
264, 108, 921, 641, 925, 644, -4, -3, -2.498091544796509, 5.0
264, 109, 651, 316, 651, 313, 0, 3, 1.5707963267948966, 3.0
264, 110, 284, 320, 284, 321, 0, -1, -1.5707963267948966, 1.0
264, 111, 639, 266, 639, 264, 0, 2, 1.5707963267948966, 2.0
264, 112, 877, 21, 876, 24, 1, -3, -1.2490457723982544, 3.1622776601683795
264, 113, 849, 569, 851, 565, -2, 4, 2.0344439357957027, 4.47213595499958
264, 114, 706, 538, 706, 534, 0, 4, 1.5707963267948966, 4.0
264, 115, 132, 10, 131, 11, 1, -1, -0.7853981633974483, 1.4142135623730951
264, 116, 294, 306, 294, 306, 0, 0, 0.0, 0.0
264, 117, 923, 665, 928, 669, -5, -4, -2.4668517113662407, 6.4031242374328485
264, 118, 477, 37, 477, 39, 0, -2, -1.5707963267948966, 2.0
264, 119, 718, 544, 718, 541, 0, 3, 1.5707963267948966, 3.0
264, 120, 64, 128, 64, 129, 0, -1, -1.5707963267948966, 1.0
264, 121, 265, 373, 265, 374, 0, -1, -1.5707963267948966, 1.0
264, 122, 622, 330, 622, 327, 0, 3, 1.5707963267948966, 3.0
264, 123, 699, 123, 699, 125, 0, -2, -1.5707963267948966, 2.0
264, 124, 224, 701, 223, 715, 1, -14, -1.4994888620096063, 14.035668847618199
264, 125, 149, 101, 150, 99, -1, 2, 2.0344439357957027, 2.23606797749979
264, 126, 988, 17, 991, 19, -3, -2, -2.5535900500422257, 3.605551275463989
264, 127, 504, 184, 504, 186, 0, -2, -1.5707963267948966, 2.0
264, 128, 856, 115, 856, 120, 0, -5, -1.5707963267948966, 5.0
264, 129, 714, 538, 714, 534, 0, 4, 1.5707963267948966, 4.0
264, 130, 533, 495, 534, 500, -1, -5, -1.7681918866447774, 5.0990195135927845
264, 131, 483, 251, 482, 254, 1, -3, -1.2490457723982544, 3.1622776601683795
264, 132, 1258, 12, 1259, 12, -1, 0, 3.141592653589793, 1.0
264, 133, 136, 91, 138, 89, -2, 2, 2.356194490192345, 2.8284271247461903
264, 134, 334, 334, 334, 335, 0, -1, -1.5707963267948966, 1.0
264, 135, 883, 664, 885, 668, -2, -4, -2.0344439357957027, 4.47213595499958
264, 136, 1253, 64, 1256, 65, -3, -1, -2.819842099193151, 3.1622776601683795
264, 137, 1245, 216, 1244, 216, 1, 0, 0.0, 1.0
264, 138, 728, 612, 728, 609, 0, 3, 1.5707963267948966, 3.0
264, 139, 661, 78, 661, 76, 0, 2, 1.5707963267948966, 2.0
264, 140, 271, 318, 271, 318, 0, 0, 0.0, 0.0
264, 141, 161, 10, 158, 10, 3, 0, 0.0, 3.0
264, 142, 1261, 124, 1264, 126, -3, -2, -2.5535900500422257, 3.605551275463989
264, 143, 320, 383, 320, 384, 0, -1, -1.5707963267948966, 1.0
264, 144, 1007, 688, 1007, 693, 0, -5, -1.5707963267948966, 5.0
264, 145, 172, 124, 173, 123, -1, 1, 2.356194490192345, 1.4142135623730951
264, 146, 64, 109, 64, 110, 0, -1, -1.5707963267948966, 1.0
264, 147, 1252, 121, 1255, 124, -3, -3, -2.356194490192345, 4.242640687119285
264, 148, 691, 162, 691, 164, 0, -2, -1.5707963267948966, 2.0
264, 149, 817, 41, 818, 41, -1, 0, 3.141592653589793, 1.0
264, 150, 649, 119, 649, 119, 0, 0, 0.0, 0.0
264, 151, 626, 347, 626, 343, 0, 4, 1.5707963267948966, 4.0
264, 152, 702, 189, 703, 191, -1, -2, -2.0344439357957027, 2.23606797749979
265, 0, 258, 335, 259, 335, -1, 0, 3.141592653589793, 1.0
265, 1, 169, 146, 170, 144, -1, 2, 2.0344439357957027, 2.23606797749979
265, 2, 849, 107, 849, 111, 0, -4, -1.5707963267948966, 4.0
265, 3, 245, 326, 246, 326, -1, 0, 3.141592653589793, 1.0
265, 4, 496, 175, 496, 177, 0, -2, -1.5707963267948966, 2.0
265, 5, 277, 332, 278, 332, -1, 0, 3.141592653589793, 1.0
265, 6, 475, 237, 474, 240, 1, -3, -1.2490457723982544, 3.1622776601683795
265, 7, 334, 341, 335, 341, -1, 0, 3.141592653589793, 1.0
265, 8, 857, 480, 857, 476, 0, 4, 1.5707963267948966, 4.0
265, 9, 501, 57, 499, 58, 2, -1, -0.4636476090008061, 2.23606797749979
265, 10, 258, 366, 259, 366, -1, 0, 3.141592653589793, 1.0
265, 11, 841, 107, 841, 111, 0, -4, -1.5707963267948966, 4.0
265, 12, 484, 177, 484, 178, 0, -1, -1.5707963267948966, 1.0
265, 13, 1050, 688, 1050, 694, 0, -6, -1.5707963267948966, 6.0
265, 14, 490, 75, 489, 75, 1, 0, 0.0, 1.0
265, 15, 19, 207, 20, 203, -1, 4, 1.8157749899217608, 4.123105625617661
265, 16, 861, 519, 861, 515, 0, 4, 1.5707963267948966, 4.0
265, 17, 264, 331, 265, 331, -1, 0, 3.141592653589793, 1.0
265, 18, 1042, 659, 1042, 664, 0, -5, -1.5707963267948966, 5.0
265, 19, 701, 138, 701, 140, 0, -2, -1.5707963267948966, 2.0
265, 20, 1026, 656, 1025, 661, 1, -5, -1.373400766945016, 5.0990195135927845
265, 21, 995, 14, 998, 16, -3, -2, -2.5535900500422257, 3.605551275463989
265, 22, 256, 382, 256, 382, 0, 0, 0.0, 0.0
265, 23, 841, 476, 839, 473, 2, 3, 0.982793723247329, 3.605551275463989
265, 24, 847, 97, 847, 101, 0, -4, -1.5707963267948966, 4.0
265, 25, 679, 48, 680, 46, -1, 2, 2.0344439357957027, 2.23606797749979
265, 26, 493, 267, 493, 268, 0, -1, -1.5707963267948966, 1.0
265, 27, 887, 676, 890, 680, -3, -4, -2.214297435588181, 5.0
265, 28, 560, 17, 560, 17, 0, 0, 0.0, 0.0
265, 29, 538, 478, 538, 483, 0, -5, -1.5707963267948966, 5.0
265, 30, 1245, 56, 1248, 57, -3, -1, -2.819842099193151, 3.1622776601683795
265, 31, 34, 109, 34, 109, 0, 0, 0.0, 0.0
265, 32, 286, 372, 287, 372, -1, 0, 3.141592653589793, 1.0
265, 33, 887, 701, 889, 701, -2, 0, 3.141592653589793, 2.0
265, 34, 342, 673, 343, 669, -1, 4, 1.8157749899217608, 4.123105625617661
265, 35, 333, 701, 334, 701, -1, 0, 3.141592653589793, 1.0
265, 36, 1235, 337, 1235, 333, 0, 4, 1.5707963267948966, 4.0
265, 37, 494, 22, 492, 22, 2, 0, 0.0, 2.0
265, 38, 702, 131, 702, 133, 0, -2, -1.5707963267948966, 2.0
265, 39, 700, 551, 700, 547, 0, 4, 1.5707963267948966, 4.0
265, 40, 1229, 353, 1230, 350, -1, 3, 1.892546881191539, 3.1622776601683795
265, 41, 860, 500, 860, 496, 0, 4, 1.5707963267948966, 4.0
265, 42, 643, 311, 643, 308, 0, 3, 1.5707963267948966, 3.0
265, 43, 990, 86, 991, 88, -1, -2, -2.0344439357957027, 2.23606797749979
265, 44, 871, 697, 876, 701, -5, -4, -2.4668517113662407, 6.4031242374328485
265, 45, 1236, 297, 1236, 293, 0, 4, 1.5707963267948966, 4.0
265, 46, 499, 16, 496, 15, 3, 1, 0.3217505543966422, 3.1622776601683795
265, 47, 520, 541, 521, 543, -1, -2, -2.0344439357957027, 2.23606797749979
265, 48, 632, 267, 632, 264, 0, 3, 1.5707963267948966, 3.0
265, 49, 844, 190, 844, 192, 0, -2, -1.5707963267948966, 2.0
265, 50, 1253, 205, 1253, 204, 0, 1, 1.5707963267948966, 1.0
265, 51, 474, 218, 474, 219, 0, -1, -1.5707963267948966, 1.0
265, 52, 197, 673, 196, 669, 1, 4, 1.3258176636680326, 4.123105625617661
265, 53, 298, 676, 301, 673, -3, 3, 2.356194490192345, 4.242640687119285
265, 54, 1204, 392, 1204, 391, 0, 1, 1.5707963267948966, 1.0
265, 55, 489, 166, 489, 167, 0, -1, -1.5707963267948966, 1.0
265, 56, 1191, 400, 1190, 396, 1, 4, 1.3258176636680326, 4.123105625617661
265, 57, 771, 38, 772, 38, -1, 0, 3.141592653589793, 1.0
265, 58, 507, 196, 508, 201, -1, -5, -1.7681918866447774, 5.0990195135927845
265, 59, 874, 11, 873, 13, 1, -2, -1.1071487177940904, 2.23606797749979
265, 60, 973, 50, 976, 51, -3, -1, -2.819842099193151, 3.1622776601683795
265, 61, 143, 154, 144, 152, -1, 2, 2.0344439357957027, 2.23606797749979
265, 62, 1259, 104, 1261, 107, -2, -3, -2.158798930342464, 3.605551275463989
265, 63, 248, 398, 248, 398, 0, 0, 0.0, 0.0
265, 64, 1238, 56, 1241, 57, -3, -1, -2.819842099193151, 3.1622776601683795
265, 65, 233, 316, 234, 316, -1, 0, 3.141592653589793, 1.0
265, 66, 61, 154, 62, 154, -1, 0, 3.141592653589793, 1.0
265, 67, 882, 597, 887, 601, -5, -4, -2.4668517113662407, 6.4031242374328485
265, 68, 497, 491, 497, 495, 0, -4, -1.5707963267948966, 4.0
265, 69, 1242, 81, 1246, 84, -4, -3, -2.498091544796509, 5.0
265, 70, 324, 688, 325, 684, -1, 4, 1.8157749899217608, 4.123105625617661
265, 71, 706, 122, 706, 124, 0, -2, -1.5707963267948966, 2.0
265, 72, 331, 400, 332, 400, -1, 0, 3.141592653589793, 1.0
265, 73, 684, 586, 684, 582, 0, 4, 1.5707963267948966, 4.0
265, 74, 906, 671, 910, 675, -4, -4, -2.356194490192345, 5.656854249492381
265, 75, 167, 172, 168, 171, -1, 1, 2.356194490192345, 1.4142135623730951
265, 76, 1194, 317, 1194, 314, 0, 3, 1.5707963267948966, 3.0
265, 77, 500, 447, 501, 451, -1, -4, -1.8157749899217608, 4.123105625617661
265, 78, 828, 509, 827, 503, 1, 6, 1.4056476493802699, 6.082762530298219
265, 79, 1196, 145, 1199, 145, -3, 0, 3.141592653589793, 3.0
265, 80, 835, 114, 835, 118, 0, -4, -1.5707963267948966, 4.0
265, 81, 142, 130, 143, 128, -1, 2, 2.0344439357957027, 2.23606797749979
265, 82, 696, 203, 697, 205, -1, -2, -2.0344439357957027, 2.23606797749979
265, 83, 288, 351, 289, 351, -1, 0, 3.141592653589793, 1.0
265, 84, 1257, 166, 1257, 165, 0, 1, 1.5707963267948966, 1.0
265, 85, 734, 64, 734, 66, 0, -2, -1.5707963267948966, 2.0
265, 86, 503, 217, 503, 220, 0, -3, -1.5707963267948966, 3.0
265, 87, 515, 73, 512, 74, 3, -1, -0.3217505543966422, 3.1622776601683795
265, 88, 1217, 76, 1221, 78, -4, -2, -2.677945044588987, 4.47213595499958
265, 89, 926, 88, 927, 88, -1, 0, 3.141592653589793, 1.0
265, 90, 126, 11, 124, 11, 2, 0, 0.0, 2.0
265, 91, 641, 366, 642, 366, -1, 0, 3.141592653589793, 1.0
265, 92, 142, 174, 143, 172, -1, 2, 2.0344439357957027, 2.23606797749979
265, 93, 266, 388, 266, 388, 0, 0, 0.0, 0.0
265, 94, 984, 57, 986, 58, -2, -1, -2.677945044588987, 2.23606797749979
265, 95, 933, 87, 934, 87, -1, 0, 3.141592653589793, 1.0
265, 96, 10, 230, 10, 230, 0, 0, 0.0, 0.0
265, 97, 862, 694, 868, 701, -6, -7, -2.279422598922567, 9.219544457292887
265, 98, 509, 422, 511, 426, -2, -4, -2.0344439357957027, 4.47213595499958
265, 99, 646, 40, 646, 39, 0, 1, 1.5707963267948966, 1.0
265, 100, 1238, 306, 1239, 303, -1, 3, 1.892546881191539, 3.1622776601683795
265, 101, 1224, 348, 1225, 345, -1, 3, 1.892546881191539, 3.1622776601683795
265, 102, 330, 369, 330, 369, 0, 0, 0.0, 0.0
265, 103, 690, 577, 690, 573, 0, 4, 1.5707963267948966, 4.0
265, 104, 274, 342, 275, 342, -1, 0, 3.141592653589793, 1.0
265, 105, 918, 639, 921, 641, -3, -2, -2.5535900500422257, 3.605551275463989
265, 106, 651, 319, 651, 316, 0, 3, 1.5707963267948966, 3.0
265, 107, 284, 320, 284, 320, 0, 0, 0.0, 0.0
265, 108, 639, 269, 639, 266, 0, 3, 1.5707963267948966, 3.0
265, 109, 878, 19, 877, 21, 1, -2, -1.1071487177940904, 2.23606797749979
265, 110, 847, 573, 849, 569, -2, 4, 2.0344439357957027, 4.47213595499958
265, 111, 705, 542, 706, 538, -1, 4, 1.8157749899217608, 4.123105625617661
265, 112, 134, 10, 132, 10, 2, 0, 0.0, 2.0
265, 113, 293, 306, 294, 306, -1, 0, 3.141592653589793, 1.0
265, 114, 918, 661, 923, 665, -5, -4, -2.4668517113662407, 6.4031242374328485
265, 115, 477, 36, 477, 37, 0, -1, -1.5707963267948966, 1.0
265, 116, 718, 548, 718, 544, 0, 4, 1.5707963267948966, 4.0
265, 117, 264, 373, 265, 373, -1, 0, 3.141592653589793, 1.0
265, 118, 622, 332, 622, 330, 0, 2, 1.5707963267948966, 2.0
265, 119, 699, 121, 699, 123, 0, -2, -1.5707963267948966, 2.0
265, 120, 225, 701, 224, 701, 1, 0, 0.0, 1.0
265, 121, 148, 103, 149, 101, -1, 2, 2.0344439357957027, 2.23606797749979
265, 122, 985, 15, 988, 17, -3, -2, -2.5535900500422257, 3.605551275463989
265, 123, 504, 182, 504, 184, 0, -2, -1.5707963267948966, 2.0
265, 124, 856, 111, 856, 115, 0, -4, -1.5707963267948966, 4.0
265, 125, 713, 542, 714, 538, -1, 4, 1.8157749899217608, 4.123105625617661
265, 126, 532, 490, 533, 495, -1, -5, -1.7681918866447774, 5.0990195135927845
265, 127, 485, 248, 483, 251, 2, -3, -0.982793723247329, 3.605551275463989
265, 128, 1258, 12, 1258, 12, 0, 0, 0.0, 0.0
265, 129, 134, 93, 136, 91, -2, 2, 2.356194490192345, 2.8284271247461903
265, 130, 333, 334, 334, 334, -1, 0, 3.141592653589793, 1.0
265, 131, 880, 661, 883, 664, -3, -3, -2.356194490192345, 4.242640687119285
265, 132, 1250, 63, 1253, 64, -3, -1, -2.819842099193151, 3.1622776601683795
265, 133, 1246, 216, 1245, 216, 1, 0, 0.0, 1.0
265, 134, 727, 615, 728, 612, -1, 3, 1.892546881191539, 3.1622776601683795
265, 135, 661, 80, 661, 78, 0, 2, 1.5707963267948966, 2.0
265, 136, 271, 318, 271, 318, 0, 0, 0.0, 0.0
265, 137, 162, 10, 161, 10, 1, 0, 0.0, 1.0
265, 138, 1259, 122, 1261, 124, -2, -2, -2.356194490192345, 2.8284271247461903
265, 139, 319, 383, 320, 383, -1, 0, 3.141592653589793, 1.0
265, 140, 1007, 682, 1007, 688, 0, -6, -1.5707963267948966, 6.0
265, 141, 171, 126, 172, 124, -1, 2, 2.0344439357957027, 2.23606797749979
265, 142, 64, 109, 64, 109, 0, 0, 0.0, 0.0
265, 143, 1249, 118, 1252, 121, -3, -3, -2.356194490192345, 4.242640687119285
265, 144, 691, 160, 691, 162, 0, -2, -1.5707963267948966, 2.0
265, 145, 817, 41, 817, 41, 0, 0, 0.0, 0.0
265, 146, 649, 119, 649, 119, 0, 0, 0.0, 0.0
265, 147, 626, 352, 626, 347, 0, 5, 1.5707963267948966, 5.0
265, 148, 701, 189, 702, 189, -1, 0, 3.141592653589793, 1.0
266, 0, 852, 108, 852, 111, 0, -3, -1.5707963267948966, 3.0
266, 1, 258, 337, 259, 337, -1, 0, 3.141592653589793, 1.0
266, 2, 169, 147, 170, 145, -1, 2, 2.0344439357957027, 2.23606797749979
266, 3, 258, 367, 259, 367, -1, 0, 3.141592653589793, 1.0
266, 4, 245, 326, 246, 326, -1, 0, 3.141592653589793, 1.0
266, 5, 859, 483, 858, 479, 1, 4, 1.3258176636680326, 4.123105625617661
266, 6, 501, 59, 499, 60, 2, -1, -0.4636476090008061, 2.23606797749979
266, 7, 537, 475, 538, 479, -1, -4, -1.8157749899217608, 4.123105625617661
266, 8, 1043, 657, 1043, 662, 0, -5, -1.5707963267948966, 5.0
266, 9, 334, 342, 335, 342, -1, 0, 3.141592653589793, 1.0
266, 10, 842, 107, 842, 111, 0, -4, -1.5707963267948966, 4.0
266, 11, 505, 194, 506, 198, -1, -4, -1.8157749899217608, 4.123105625617661
266, 12, 277, 333, 278, 333, -1, 0, 3.141592653589793, 1.0
266, 13, 476, 239, 475, 241, 1, -2, -1.1071487177940904, 2.23606797749979
266, 14, 748, 34, 749, 34, -1, 0, 3.141592653589793, 1.0
266, 15, 701, 137, 701, 139, 0, -2, -1.5707963267948966, 2.0
266, 16, 885, 675, 889, 678, -4, -3, -2.498091544796509, 5.0
266, 17, 19, 207, 20, 203, -1, 4, 1.8157749899217608, 4.123105625617661
266, 18, 264, 332, 265, 332, -1, 0, 3.141592653589793, 1.0
266, 19, 995, 15, 998, 17, -3, -2, -2.5535900500422257, 3.605551275463989
266, 20, 679, 48, 680, 46, -1, 2, 2.0344439357957027, 2.23606797749979
266, 21, 490, 75, 489, 75, 1, 0, 0.0, 1.0
266, 22, 323, 690, 325, 687, -2, 3, 2.158798930342464, 3.605551275463989
266, 23, 1049, 687, 1050, 693, -1, -6, -1.7359450042095235, 6.082762530298219
266, 24, 256, 383, 256, 383, 0, 0, 0.0, 0.0
266, 25, 848, 98, 848, 101, 0, -3, -1.5707963267948966, 3.0
266, 26, 840, 479, 838, 477, 2, 2, 0.7853981633974483, 2.8284271247461903
266, 27, 492, 270, 493, 270, -1, 0, 3.141592653589793, 1.0
266, 28, 1026, 653, 1025, 658, 1, -5, -1.373400766945016, 5.0990195135927845
266, 29, 1203, 391, 1203, 390, 0, 1, 1.5707963267948966, 1.0
266, 30, 32, 111, 33, 110, -1, 1, 2.356194490192345, 1.4142135623730951
266, 31, 862, 522, 862, 518, 0, 4, 1.5707963267948966, 4.0
266, 32, 503, 15, 501, 14, 2, 1, 0.4636476090008061, 2.23606797749979
266, 33, 560, 18, 560, 18, 0, 0, 0.0, 0.0
266, 34, 1244, 57, 1247, 58, -3, -1, -2.819842099193151, 3.1622776601683795
266, 35, 1191, 408, 1190, 403, 1, 5, 1.373400766945016, 5.0990195135927845
266, 36, 857, 681, 860, 688, -3, -7, -1.97568811307998, 7.615773105863909
266, 37, 632, 268, 633, 265, -1, 3, 1.892546881191539, 3.1622776601683795
266, 38, 700, 552, 700, 548, 0, 4, 1.5707963267948966, 4.0
266, 39, 498, 24, 495, 23, 3, 1, 0.3217505543966422, 3.1622776601683795
266, 40, 976, 77, 977, 77, -1, 0, 3.141592653589793, 1.0
266, 41, 518, 75, 516, 74, 2, 1, 0.4636476090008061, 2.23606797749979
266, 42, 847, 683, 853, 691, -6, -8, -2.214297435588181, 10.0
266, 43, 334, 701, 335, 710, -1, -9, -1.6814535479687922, 9.055385138137417
266, 44, 644, 312, 644, 309, 0, 3, 1.5707963267948966, 3.0
266, 45, 504, 219, 504, 221, 0, -2, -1.5707963267948966, 2.0
266, 46, 1246, 216, 1246, 215, 0, 1, 1.5707963267948966, 1.0
266, 47, 344, 676, 345, 672, -1, 4, 1.8157749899217608, 4.123105625617661
266, 48, 940, 12, 941, 12, -1, 0, 3.141592653589793, 1.0
266, 49, 285, 373, 287, 373, -2, 0, 3.141592653589793, 2.0
266, 50, 1235, 338, 1235, 334, 0, 4, 1.5707963267948966, 4.0
266, 51, 719, 549, 720, 545, -1, 4, 1.8157749899217608, 4.123105625617661
266, 52, 1229, 353, 1230, 350, -1, 3, 1.892546881191539, 3.1622776601683795
266, 53, 861, 503, 861, 499, 0, 4, 1.5707963267948966, 4.0
266, 54, 873, 13, 873, 14, 0, -1, -1.5707963267948966, 1.0
266, 55, 761, 18, 762, 18, -1, 0, 3.141592653589793, 1.0
266, 56, 233, 317, 234, 317, -1, 0, 3.141592653589793, 1.0
266, 57, 298, 680, 301, 676, -3, 4, 2.214297435588181, 5.0
266, 58, 144, 156, 145, 154, -1, 2, 2.0344439357957027, 2.23606797749979
266, 59, 247, 399, 248, 399, -1, 0, 3.141592653589793, 1.0
266, 60, 1242, 83, 1246, 85, -4, -2, -2.677945044588987, 4.47213595499958
266, 61, 707, 122, 707, 124, 0, -2, -1.5707963267948966, 2.0
266, 62, 499, 447, 501, 451, -2, -4, -2.0344439357957027, 4.47213595499958
266, 63, 772, 38, 773, 38, -1, 0, 3.141592653589793, 1.0
266, 64, 938, 95, 939, 95, -1, 0, 3.141592653589793, 1.0
266, 65, 1235, 298, 1236, 294, -1, 4, 1.8157749899217608, 4.123105625617661
266, 66, 725, 138, 726, 141, -1, -3, -1.892546881191539, 3.1622776601683795
266, 67, 1253, 207, 1253, 205, 0, 2, 1.5707963267948966, 2.0
266, 68, 173, 141, 174, 139, -1, 2, 2.0344439357957027, 2.23606797749979
266, 69, 644, 35, 644, 34, 0, 1, 1.5707963267948966, 1.0
266, 70, 496, 492, 497, 495, -1, -3, -1.892546881191539, 3.1622776601683795
266, 71, 331, 401, 332, 401, -1, 0, 3.141592653589793, 1.0
266, 72, 880, 596, 885, 600, -5, -4, -2.4668517113662407, 6.4031242374328485
266, 73, 53, 145, 54, 145, -1, 0, 3.141592653589793, 1.0
266, 74, 639, 270, 640, 267, -1, 3, 1.892546881191539, 3.1622776601683795
266, 75, 332, 356, 333, 356, -1, 0, 3.141592653589793, 1.0
266, 76, 155, 12, 155, 12, 0, 0, 0.0, 0.0
266, 77, 1257, 104, 1259, 107, -2, -3, -2.158798930342464, 3.605551275463989
266, 78, 734, 64, 735, 66, -1, -2, -2.0344439357957027, 2.23606797749979
266, 79, 830, 142, 831, 146, -1, -4, -1.8157749899217608, 4.123105625617661
266, 80, 62, 155, 63, 155, -1, 0, 3.141592653589793, 1.0
266, 81, 143, 131, 144, 128, -1, 3, 1.892546881191539, 3.1622776601683795
266, 82, 167, 171, 169, 171, -2, 0, 3.141592653589793, 2.0
266, 83, 509, 421, 511, 426, -2, -5, -1.9513027039072615, 5.385164807134504
266, 84, 1218, 77, 1223, 79, -5, -2, -2.761086276477428, 5.385164807134504
266, 85, 775, 45, 776, 45, -1, 0, 3.141592653589793, 1.0
266, 86, 1238, 307, 1239, 304, -1, 3, 1.892546881191539, 3.1622776601683795
266, 87, 198, 676, 197, 672, 1, 4, 1.3258176636680326, 4.123105625617661
266, 88, 838, 180, 839, 183, -1, -3, -1.892546881191539, 3.1622776601683795
266, 89, 876, 701, 880, 704, -4, -3, -2.498091544796509, 5.0
266, 90, 875, 684, 879, 687, -4, -3, -2.498091544796509, 5.0
266, 91, 267, 389, 267, 389, 0, 0, 0.0, 0.0
266, 92, 846, 188, 846, 190, 0, -2, -1.5707963267948966, 2.0
266, 93, 1258, 167, 1258, 166, 0, 1, 1.5707963267948966, 1.0
266, 94, 254, 357, 255, 357, -1, 0, 3.141592653589793, 1.0
266, 95, 816, 18, 817, 18, -1, 0, 3.141592653589793, 1.0
266, 96, 917, 659, 922, 663, -5, -4, -2.4668517113662407, 6.4031242374328485
266, 97, 984, 56, 987, 58, -3, -2, -2.5535900500422257, 3.605551275463989
266, 98, 925, 89, 926, 89, -1, 0, 3.141592653589793, 1.0
266, 99, 820, 10, 820, 10, 0, 0, 0.0, 0.0
266, 100, 1195, 318, 1195, 314, 0, 4, 1.5707963267948966, 4.0
266, 101, 148, 104, 150, 101, -2, 3, 2.158798930342464, 3.605551275463989
266, 102, 828, 510, 827, 504, 1, 6, 1.4056476493802699, 6.082762530298219
266, 103, 10, 231, 10, 231, 0, 0, 0.0, 0.0
266, 104, 826, 40, 827, 40, -1, 0, 3.141592653589793, 1.0
266, 105, 762, 29, 763, 29, -1, 0, 3.141592653589793, 1.0
266, 106, 288, 352, 289, 351, -1, 1, 2.356194490192345, 1.4142135623730951
266, 107, 973, 49, 976, 51, -3, -2, -2.5535900500422257, 3.605551275463989
266, 108, 641, 366, 642, 366, -1, 0, 3.141592653589793, 1.0
266, 109, 330, 370, 331, 370, -1, 0, 3.141592653589793, 1.0
266, 110, 691, 160, 691, 162, 0, -2, -1.5707963267948966, 2.0
266, 111, 504, 183, 504, 184, 0, -1, -1.5707963267948966, 1.0
266, 112, 877, 21, 877, 22, 0, -1, -1.5707963267948966, 1.0
266, 113, 986, 15, 989, 17, -3, -2, -2.5535900500422257, 3.605551275463989
266, 114, 294, 306, 295, 306, -1, 0, 3.141592653589793, 1.0
266, 115, 133, 12, 131, 12, 2, 0, 0.0, 2.0
266, 116, 652, 322, 652, 319, 0, 3, 1.5707963267948966, 3.0
266, 117, 309, 317, 310, 317, -1, 0, 3.141592653589793, 1.0
266, 118, 621, 331, 622, 330, -1, 1, 2.356194490192345, 1.4142135623730951
266, 119, 933, 88, 934, 88, -1, 0, 3.141592653589793, 1.0
266, 120, 684, 586, 684, 582, 0, 4, 1.5707963267948966, 4.0
266, 121, 866, 664, 870, 667, -4, -3, -2.498091544796509, 5.0
266, 122, 520, 540, 521, 543, -1, -3, -1.892546881191539, 3.1622776601683795
266, 123, 1197, 147, 1200, 147, -3, 0, 3.141592653589793, 3.0
266, 124, 700, 122, 700, 124, 0, -2, -1.5707963267948966, 2.0
266, 125, 248, 312, 249, 312, -1, 0, 3.141592653589793, 1.0
266, 126, 294, 358, 295, 358, -1, 0, 3.141592653589793, 1.0
266, 127, 275, 342, 276, 342, -1, 0, 3.141592653589793, 1.0
266, 128, 879, 663, 882, 666, -3, -3, -2.356194490192345, 4.242640687119285
266, 129, 857, 114, 857, 117, 0, -3, -1.5707963267948966, 3.0
266, 130, 63, 129, 64, 129, -1, 0, 3.141592653589793, 1.0
266, 131, 914, 638, 918, 639, -4, -1, -2.896613990462929, 4.123105625617661
266, 132, 1251, 63, 1254, 64, -3, -1, -2.819842099193151, 3.1622776601683795
266, 133, 333, 335, 334, 335, -1, 0, 3.141592653589793, 1.0
266, 134, 533, 491, 534, 495, -1, -4, -1.8157749899217608, 4.123105625617661
266, 135, 142, 174, 143, 172, -1, 2, 2.0344439357957027, 2.23606797749979
266, 136, 990, 86, 992, 89, -2, -3, -2.158798930342464, 3.605551275463989
266, 137, 63, 110, 64, 110, -1, 0, 3.141592653589793, 1.0
266, 138, 135, 95, 137, 92, -2, 3, 2.158798930342464, 3.605551275463989
266, 139, 626, 354, 626, 349, 0, 5, 1.5707963267948966, 5.0
266, 140, 705, 542, 706, 538, -1, 4, 1.8157749899217608, 4.123105625617661
266, 141, 479, 35, 479, 36, 0, -1, -1.5707963267948966, 1.0
266, 142, 660, 82, 661, 80, -1, 2, 2.0344439357957027, 2.23606797749979
266, 143, 835, 114, 836, 118, -1, -4, -1.8157749899217608, 4.123105625617661
266, 144, 649, 45, 649, 44, 0, 1, 1.5707963267948966, 1.0
266, 145, 263, 374, 264, 374, -1, 0, 3.141592653589793, 1.0
266, 146, 311, 380, 311, 380, 0, 0, 0.0, 0.0
266, 147, 714, 542, 715, 538, -1, 4, 1.8157749899217608, 4.123105625617661
266, 148, 126, 10, 124, 10, 2, 0, 0.0, 2.0
266, 149, 319, 384, 320, 384, -1, 0, 3.141592653589793, 1.0
266, 150, 283, 321, 284, 321, -1, 0, 3.141592653589793, 1.0
266, 151, 905, 669, 909, 673, -4, -4, -2.356194490192345, 5.656854249492381
266, 152, 32, 82, 33, 82, -1, 0, 3.141592653589793, 1.0
266, 153, 687, 636, 688, 632, -1, 4, 1.8157749899217608, 4.123105625617661
266, 154, 1261, 224, 1271, 223, -10, 1, 3.0419240010986313, 10.04987562112089
266, 155, 869, 32, 869, 33, 0, -1, -1.5707963267948966, 1.0
266, 156, 626, 312, 626, 310, 0, 2, 1.5707963267948966, 2.0
266, 157, 336, 350, 337, 350, -1, 0, 3.141592653589793, 1.0
266, 158, 754, 26, 755, 26, -1, 0, 3.141592653589793, 1.0
266, 159, 1249, 119, 1252, 122, -3, -3, -2.356194490192345, 4.242640687119285
266, 160, 325, 333, 326, 333, -1, 0, 3.141592653589793, 1.0
266, 161, 845, 473, 844, 469, 1, 4, 1.3258176636680326, 4.123105625617661
266, 162, 940, 26, 941, 26, -1, 0, 3.141592653589793, 1.0
266, 163, 264, 401, 264, 401, 0, 0, 0.0, 0.0
266, 164, 648, 121, 649, 120, -1, 1, 2.356194490192345, 1.4142135623730951
266, 165, 692, 576, 692, 572, 0, 4, 1.5707963267948966, 4.0
267, 0, 852, 106, 852, 108, 0, -2, -1.5707963267948966, 2.0
267, 1, 257, 337, 258, 337, -1, 0, 3.141592653589793, 1.0
267, 2, 168, 149, 169, 147, -1, 2, 2.0344439357957027, 2.23606797749979
267, 3, 257, 367, 258, 367, -1, 0, 3.141592653589793, 1.0
267, 4, 244, 326, 245, 326, -1, 0, 3.141592653589793, 1.0
267, 5, 859, 487, 859, 483, 0, 4, 1.5707963267948966, 4.0
267, 6, 504, 59, 501, 59, 3, 0, 0.0, 3.0
267, 7, 537, 473, 537, 475, 0, -2, -1.5707963267948966, 2.0
267, 8, 1043, 652, 1043, 657, 0, -5, -1.5707963267948966, 5.0
267, 9, 333, 342, 334, 342, -1, 0, 3.141592653589793, 1.0
267, 10, 842, 104, 842, 107, 0, -3, -1.5707963267948966, 3.0
267, 11, 504, 191, 505, 194, -1, -3, -1.892546881191539, 3.1622776601683795
267, 12, 276, 333, 277, 333, -1, 0, 3.141592653589793, 1.0
267, 13, 476, 238, 476, 239, 0, -1, -1.5707963267948966, 1.0
267, 14, 747, 34, 748, 34, -1, 0, 3.141592653589793, 1.0
267, 15, 701, 135, 701, 137, 0, -2, -1.5707963267948966, 2.0
267, 16, 881, 672, 885, 675, -4, -3, -2.498091544796509, 5.0
267, 17, 18, 211, 19, 207, -1, 4, 1.8157749899217608, 4.123105625617661
267, 18, 263, 332, 264, 332, -1, 0, 3.141592653589793, 1.0
267, 19, 992, 13, 995, 15, -3, -2, -2.5535900500422257, 3.605551275463989
267, 20, 678, 50, 679, 48, -1, 2, 2.0344439357957027, 2.23606797749979
267, 21, 491, 75, 490, 75, 1, 0, 0.0, 1.0
267, 22, 321, 693, 323, 690, -2, 3, 2.158798930342464, 3.605551275463989
267, 23, 1048, 682, 1049, 687, -1, -5, -1.7681918866447774, 5.0990195135927845
267, 24, 255, 383, 256, 383, -1, 0, 3.141592653589793, 1.0
267, 25, 848, 95, 848, 98, 0, -3, -1.5707963267948966, 3.0
267, 26, 842, 482, 840, 479, 2, 3, 0.982793723247329, 3.605551275463989
267, 27, 491, 270, 492, 270, -1, 0, 3.141592653589793, 1.0
267, 28, 1026, 648, 1026, 653, 0, -5, -1.5707963267948966, 5.0
267, 29, 1203, 392, 1203, 391, 0, 1, 1.5707963267948966, 1.0
267, 30, 31, 112, 32, 111, -1, 1, 2.356194490192345, 1.4142135623730951
267, 31, 863, 526, 862, 522, 1, 4, 1.3258176636680326, 4.123105625617661
267, 32, 505, 15, 503, 15, 2, 0, 0.0, 2.0
267, 33, 559, 18, 560, 18, -1, 0, 3.141592653589793, 1.0
267, 34, 1241, 57, 1244, 57, -3, 0, 3.141592653589793, 3.0
267, 35, 1192, 412, 1191, 408, 1, 4, 1.3258176636680326, 4.123105625617661
267, 36, 854, 675, 857, 681, -3, -6, -2.0344439357957027, 6.708203932499369
267, 37, 631, 271, 632, 268, -1, 3, 1.892546881191539, 3.1622776601683795
267, 38, 700, 555, 700, 552, 0, 3, 1.5707963267948966, 3.0
267, 39, 501, 24, 498, 24, 3, 0, 0.0, 3.0
267, 40, 975, 77, 976, 77, -1, 0, 3.141592653589793, 1.0
267, 41, 519, 76, 518, 75, 1, 1, 0.7853981633974483, 1.4142135623730951
267, 42, 843, 677, 847, 683, -4, -6, -2.158798930342464, 7.211102550927978
267, 43, 333, 701, 334, 701, -1, 0, 3.141592653589793, 1.0
267, 44, 644, 315, 644, 312, 0, 3, 1.5707963267948966, 3.0
267, 45, 504, 217, 504, 219, 0, -2, -1.5707963267948966, 2.0
267, 46, 1246, 217, 1246, 216, 0, 1, 1.5707963267948966, 1.0
267, 47, 343, 680, 344, 676, -1, 4, 1.8157749899217608, 4.123105625617661
267, 48, 939, 13, 940, 12, -1, 1, 2.356194490192345, 1.4142135623730951
267, 49, 284, 373, 285, 373, -1, 0, 3.141592653589793, 1.0
267, 50, 1234, 342, 1235, 338, -1, 4, 1.8157749899217608, 4.123105625617661
267, 51, 718, 553, 719, 549, -1, 4, 1.8157749899217608, 4.123105625617661
267, 52, 1228, 356, 1229, 353, -1, 3, 1.892546881191539, 3.1622776601683795
267, 53, 861, 507, 861, 503, 0, 4, 1.5707963267948966, 4.0
267, 54, 873, 12, 873, 13, 0, -1, -1.5707963267948966, 1.0
267, 55, 760, 18, 761, 18, -1, 0, 3.141592653589793, 1.0
267, 56, 232, 317, 233, 317, -1, 0, 3.141592653589793, 1.0
267, 57, 295, 684, 298, 680, -3, 4, 2.214297435588181, 5.0
267, 58, 143, 159, 144, 156, -1, 3, 1.892546881191539, 3.1622776601683795
267, 59, 246, 399, 247, 399, -1, 0, 3.141592653589793, 1.0
267, 60, 1237, 81, 1242, 83, -5, -2, -2.761086276477428, 5.385164807134504
267, 61, 707, 120, 707, 122, 0, -2, -1.5707963267948966, 2.0
267, 62, 497, 443, 499, 447, -2, -4, -2.0344439357957027, 4.47213595499958
267, 63, 771, 38, 772, 38, -1, 0, 3.141592653589793, 1.0
267, 64, 937, 95, 938, 95, -1, 0, 3.141592653589793, 1.0
267, 65, 1234, 302, 1235, 298, -1, 4, 1.8157749899217608, 4.123105625617661
267, 66, 723, 136, 725, 138, -2, -2, -2.356194490192345, 2.8284271247461903
267, 67, 1253, 209, 1253, 207, 0, 2, 1.5707963267948966, 2.0
267, 68, 171, 143, 173, 141, -2, 2, 2.356194490192345, 2.8284271247461903
267, 69, 644, 37, 644, 35, 0, 2, 1.5707963267948966, 2.0
267, 70, 495, 490, 496, 492, -1, -2, -2.0344439357957027, 2.23606797749979
267, 71, 330, 401, 331, 401, -1, 0, 3.141592653589793, 1.0
267, 72, 875, 593, 880, 596, -5, -3, -2.601173153319209, 5.830951894845301
267, 73, 52, 145, 53, 145, -1, 0, 3.141592653589793, 1.0
267, 74, 638, 273, 639, 270, -1, 3, 1.892546881191539, 3.1622776601683795
267, 75, 331, 356, 332, 356, -1, 0, 3.141592653589793, 1.0
267, 76, 155, 12, 155, 12, 0, 0, 0.0, 0.0
267, 77, 1254, 101, 1257, 104, -3, -3, -2.356194490192345, 4.242640687119285
267, 78, 733, 62, 734, 64, -1, -2, -2.0344439357957027, 2.23606797749979
267, 79, 829, 139, 830, 142, -1, -3, -1.892546881191539, 3.1622776601683795
267, 80, 61, 155, 62, 155, -1, 0, 3.141592653589793, 1.0
267, 81, 141, 134, 143, 131, -2, 3, 2.158798930342464, 3.605551275463989
267, 82, 165, 171, 167, 171, -2, 0, 3.141592653589793, 2.0
267, 83, 507, 416, 509, 421, -2, -5, -1.9513027039072615, 5.385164807134504
267, 84, 1213, 76, 1218, 77, -5, -1, -2.9441970937399127, 5.0990195135927845
267, 85, 774, 45, 775, 45, -1, 0, 3.141592653589793, 1.0
267, 86, 1237, 310, 1238, 307, -1, 3, 1.892546881191539, 3.1622776601683795
267, 87, 198, 681, 198, 676, 0, 5, 1.5707963267948966, 5.0
267, 88, 837, 178, 838, 180, -1, -2, -2.0344439357957027, 2.23606797749979
267, 89, 871, 694, 876, 701, -5, -7, -2.191045812777718, 8.602325267042627
267, 90, 871, 682, 875, 684, -4, -2, -2.677945044588987, 4.47213595499958
267, 91, 266, 389, 267, 389, -1, 0, 3.141592653589793, 1.0
267, 92, 846, 186, 846, 188, 0, -2, -1.5707963267948966, 2.0
267, 93, 1258, 169, 1258, 167, 0, 2, 1.5707963267948966, 2.0
267, 94, 253, 357, 254, 357, -1, 0, 3.141592653589793, 1.0
267, 95, 815, 18, 816, 18, -1, 0, 3.141592653589793, 1.0
267, 96, 912, 655, 917, 659, -5, -4, -2.4668517113662407, 6.4031242374328485
267, 97, 982, 55, 984, 56, -2, -1, -2.677945044588987, 2.23606797749979
267, 98, 924, 89, 925, 89, -1, 0, 3.141592653589793, 1.0
267, 99, 819, 10, 820, 10, -1, 0, 3.141592653589793, 1.0
267, 100, 1194, 322, 1195, 318, -1, 4, 1.8157749899217608, 4.123105625617661
267, 101, 146, 107, 148, 104, -2, 3, 2.158798930342464, 3.605551275463989
267, 102, 828, 515, 828, 510, 0, 5, 1.5707963267948966, 5.0
267, 103, 9, 231, 10, 231, -1, 0, 3.141592653589793, 1.0
267, 104, 825, 40, 826, 40, -1, 0, 3.141592653589793, 1.0
267, 105, 761, 29, 762, 29, -1, 0, 3.141592653589793, 1.0
267, 106, 287, 352, 288, 352, -1, 0, 3.141592653589793, 1.0
267, 107, 970, 47, 973, 49, -3, -2, -2.5535900500422257, 3.605551275463989
267, 108, 640, 366, 641, 366, -1, 0, 3.141592653589793, 1.0
267, 109, 329, 370, 330, 370, -1, 0, 3.141592653589793, 1.0
267, 110, 691, 157, 691, 160, 0, -3, -1.5707963267948966, 3.0
267, 111, 983, 13, 986, 15, -3, -2, -2.5535900500422257, 3.605551275463989
267, 112, 293, 306, 294, 306, -1, 0, 3.141592653589793, 1.0
267, 113, 136, 11, 133, 12, 3, -1, -0.3217505543966422, 3.1622776601683795
267, 114, 651, 325, 652, 322, -1, 3, 1.892546881191539, 3.1622776601683795
267, 115, 308, 318, 309, 317, -1, 1, 2.356194490192345, 1.4142135623730951
267, 116, 620, 332, 621, 331, -1, 1, 2.356194490192345, 1.4142135623730951
267, 117, 932, 88, 933, 88, -1, 0, 3.141592653589793, 1.0
267, 118, 684, 590, 684, 586, 0, 4, 1.5707963267948966, 4.0
267, 119, 863, 662, 866, 664, -3, -2, -2.5535900500422257, 3.605551275463989
267, 120, 519, 535, 520, 540, -1, -5, -1.7681918866447774, 5.0990195135927845
267, 121, 1194, 146, 1197, 147, -3, -1, -2.819842099193151, 3.1622776601683795
267, 122, 700, 120, 700, 122, 0, -2, -1.5707963267948966, 2.0
267, 123, 247, 312, 248, 312, -1, 0, 3.141592653589793, 1.0
267, 124, 293, 358, 294, 358, -1, 0, 3.141592653589793, 1.0
267, 125, 274, 342, 275, 342, -1, 0, 3.141592653589793, 1.0
267, 126, 877, 660, 879, 663, -2, -3, -2.158798930342464, 3.605551275463989
267, 127, 857, 112, 857, 114, 0, -2, -1.5707963267948966, 2.0
267, 128, 62, 129, 63, 129, -1, 0, 3.141592653589793, 1.0
267, 129, 911, 638, 914, 638, -3, 0, 3.141592653589793, 3.0
267, 130, 1247, 63, 1251, 63, -4, 0, 3.141592653589793, 4.0
267, 131, 332, 335, 333, 335, -1, 0, 3.141592653589793, 1.0
267, 132, 532, 486, 533, 491, -1, -5, -1.7681918866447774, 5.0990195135927845
267, 133, 141, 177, 142, 174, -1, 3, 1.892546881191539, 3.1622776601683795
267, 134, 988, 84, 990, 86, -2, -2, -2.356194490192345, 2.8284271247461903
267, 135, 62, 110, 63, 110, -1, 0, 3.141592653589793, 1.0
267, 136, 132, 98, 135, 95, -3, 3, 2.356194490192345, 4.242640687119285
267, 137, 626, 358, 626, 354, 0, 4, 1.5707963267948966, 4.0
267, 138, 704, 546, 705, 542, -1, 4, 1.8157749899217608, 4.123105625617661
267, 139, 659, 84, 660, 82, -1, 2, 2.0344439357957027, 2.23606797749979
267, 140, 834, 111, 835, 114, -1, -3, -1.892546881191539, 3.1622776601683795
267, 141, 648, 47, 649, 45, -1, 2, 2.0344439357957027, 2.23606797749979
267, 142, 262, 374, 263, 374, -1, 0, 3.141592653589793, 1.0
267, 143, 310, 381, 311, 380, -1, 1, 2.356194490192345, 1.4142135623730951
267, 144, 713, 546, 714, 542, -1, 4, 1.8157749899217608, 4.123105625617661
267, 145, 129, 9, 126, 10, 3, -1, -0.3217505543966422, 3.1622776601683795
267, 146, 318, 384, 319, 384, -1, 0, 3.141592653589793, 1.0
267, 147, 282, 321, 283, 321, -1, 0, 3.141592653589793, 1.0
267, 148, 900, 665, 905, 669, -5, -4, -2.4668517113662407, 6.4031242374328485
267, 149, 31, 83, 32, 82, -1, 1, 2.356194490192345, 1.4142135623730951
267, 150, 687, 639, 687, 636, 0, 3, 1.5707963267948966, 3.0
267, 151, 1260, 226, 1261, 224, -1, 2, 2.0344439357957027, 2.23606797749979
267, 152, 625, 314, 626, 312, -1, 2, 2.0344439357957027, 2.23606797749979
267, 153, 335, 350, 336, 350, -1, 0, 3.141592653589793, 1.0
267, 154, 753, 26, 754, 26, -1, 0, 3.141592653589793, 1.0
267, 155, 1245, 116, 1249, 119, -4, -3, -2.498091544796509, 5.0
267, 156, 324, 333, 325, 333, -1, 0, 3.141592653589793, 1.0
267, 157, 846, 477, 845, 473, 1, 4, 1.3258176636680326, 4.123105625617661
267, 158, 939, 26, 940, 26, -1, 0, 3.141592653589793, 1.0
267, 159, 263, 401, 264, 401, -1, 0, 3.141592653589793, 1.0
267, 160, 648, 123, 648, 121, 0, 2, 1.5707963267948966, 2.0
267, 161, 692, 580, 692, 576, 0, 4, 1.5707963267948966, 4.0
268, 0, 258, 337, 259, 337, -1, 0, 3.141592653589793, 1.0
268, 1, 166, 151, 169, 147, -3, 4, 2.214297435588181, 5.0
268, 2, 852, 106, 852, 109, 0, -3, -1.5707963267948966, 3.0
268, 3, 260, 372, 261, 372, -1, 0, 3.141592653589793, 1.0
268, 4, 506, 61, 502, 60, 4, 1, 0.24497866312686414, 4.123105625617661
268, 5, 244, 326, 246, 326, -2, 0, 3.141592653589793, 2.0
268, 6, 502, 193, 504, 197, -2, -4, -2.0344439357957027, 4.47213595499958
268, 7, 1043, 651, 1044, 656, -1, -5, -1.7681918866447774, 5.0990195135927845
268, 8, 538, 476, 538, 476, 0, 0, 0.0, 0.0
268, 9, 831, 142, 830, 143, 1, -1, -0.7853981633974483, 1.4142135623730951
268, 10, 746, 35, 748, 35, -2, 0, 3.141592653589793, 2.0
268, 11, 853, 669, 855, 675, -2, -6, -1.892546881191539, 6.324555320336759
268, 12, 255, 362, 256, 362, -1, 0, 3.141592653589793, 1.0
268, 13, 842, 105, 842, 109, 0, -4, -1.5707963267948966, 4.0
268, 14, 277, 334, 278, 334, -1, 0, 3.141592653589793, 1.0
268, 15, 838, 669, 842, 674, -4, -5, -2.2455372690184494, 6.4031242374328485
268, 16, 334, 342, 335, 342, -1, 0, 3.141592653589793, 1.0
268, 17, 496, 173, 497, 176, -1, -3, -1.892546881191539, 3.1622776601683795
268, 18, 993, 11, 997, 15, -4, -4, -2.356194490192345, 5.656854249492381
268, 19, 322, 697, 323, 696, -1, 1, 2.356194490192345, 1.4142135623730951
268, 20, 882, 670, 884, 672, -2, -2, -2.356194490192345, 2.8284271247461903
268, 21, 484, 175, 485, 178, -1, -3, -1.892546881191539, 3.1622776601683795
268, 22, 860, 489, 860, 485, 0, 4, 1.5707963267948966, 4.0
268, 23, 866, 528, 864, 527, 2, 1, 0.4636476090008061, 2.23606797749979
268, 24, 519, 76, 517, 75, 2, 1, 0.4636476090008061, 2.23606797749979
268, 25, 678, 52, 679, 49, -1, 3, 1.892546881191539, 3.1622776601683795
268, 26, 701, 133, 702, 138, -1, -5, -1.7681918866447774, 5.0990195135927845
268, 27, 495, 75, 492, 74, 3, 1, 0.3217505543966422, 3.1622776601683795
268, 28, 1047, 681, 1049, 687, -2, -6, -1.892546881191539, 6.324555320336759
268, 29, 32, 112, 33, 111, -1, 1, 2.356194490192345, 1.4142135623730951
268, 30, 17, 212, 19, 209, -2, 3, 2.158798930342464, 3.605551275463989
268, 31, 974, 77, 976, 77, -2, 0, 3.141592653589793, 2.0
268, 32, 264, 333, 265, 333, -1, 0, 3.141592653589793, 1.0
268, 33, 701, 556, 700, 553, 1, 3, 1.2490457723982544, 3.1622776601683795
268, 34, 632, 272, 633, 268, -1, 4, 1.8157749899217608, 4.123105625617661
268, 35, 1027, 646, 1026, 651, 1, -5, -1.373400766945016, 5.0990195135927845
268, 36, 843, 486, 840, 483, 3, 3, 0.7853981633974483, 4.242640687119285
268, 37, 849, 96, 849, 99, 0, -3, -1.5707963267948966, 3.0
268, 38, 254, 385, 255, 384, -1, 1, 2.356194490192345, 1.4142135623730951
268, 39, 713, 88, 715, 89, -2, -1, -2.677945044588987, 2.23606797749979
268, 40, 836, 182, 837, 184, -1, -2, -2.0344439357957027, 2.23606797749979
268, 41, 231, 317, 233, 318, -2, -1, -2.677945044588987, 2.23606797749979
268, 42, 717, 552, 720, 550, -3, 2, 2.5535900500422257, 3.605551275463989
268, 43, 940, 13, 941, 13, -1, 0, 3.141592653589793, 1.0
268, 44, 284, 373, 286, 373, -2, 0, 3.141592653589793, 2.0
268, 45, 478, 239, 477, 240, 1, -1, -0.7853981633974483, 1.4142135623730951
268, 46, 332, 701, 335, 711, -3, -10, -1.8622531212727638, 10.44030650891055
268, 47, 702, 189, 703, 189, -1, 0, 3.141592653589793, 1.0
268, 48, 1234, 342, 1235, 338, -1, 4, 1.8157749899217608, 4.123105625617661
268, 49, 1239, 56, 1244, 57, -5, -1, -2.9441970937399127, 5.0990195135927845
268, 50, 503, 16, 501, 15, 2, 1, 0.4636476090008061, 2.23606797749979
268, 51, 508, 415, 510, 422, -2, -7, -1.849095985800008, 7.280109889280518
268, 52, 759, 18, 761, 18, -2, 0, 3.141592653589793, 2.0
268, 53, 502, 26, 499, 25, 3, 1, 0.3217505543966422, 3.1622776601683795
268, 54, 1227, 359, 1229, 354, -2, 5, 1.9513027039072615, 5.385164807134504
268, 55, 154, 14, 154, 13, 0, 1, 1.5707963267948966, 1.0
268, 56, 1253, 209, 1253, 207, 0, 2, 1.5707963267948966, 2.0
268, 57, 1235, 303, 1236, 299, -1, 4, 1.8157749899217608, 4.123105625617661
268, 58, 644, 315, 644, 312, 0, 3, 1.5707963267948966, 3.0
268, 59, 505, 217, 505, 220, 0, -3, -1.5707963267948966, 3.0
268, 60, 619, 329, 620, 327, -1, 2, 2.0344439357957027, 2.23606797749979
268, 61, 295, 687, 299, 684, -4, 3, 2.498091544796509, 5.0
268, 62, 488, 165, 489, 168, -1, -3, -1.892546881191539, 3.1622776601683795
268, 63, 1252, 103, 1255, 105, -3, -2, -2.5535900500422257, 3.605551275463989
268, 64, 332, 356, 333, 356, -1, 0, 3.141592653589793, 1.0
268, 65, 167, 173, 168, 172, -1, 1, 2.356194490192345, 1.4142135623730951
268, 66, 62, 157, 63, 156, -1, 1, 2.356194490192345, 1.4142135623730951
268, 67, 875, 658, 876, 662, -1, -4, -1.8157749899217608, 4.123105625617661
268, 68, 722, 136, 725, 139, -3, -3, -2.356194490192345, 4.242640687119285
268, 69, 339, 684, 340, 681, -1, 3, 1.892546881191539, 3.1622776601683795
268, 70, 771, 39, 772, 39, -1, 0, 3.141592653589793, 1.0
268, 71, 846, 182, 846, 183, 0, -1, -1.5707963267948966, 1.0
268, 72, 247, 400, 248, 400, -1, 0, 3.141592653589793, 1.0
268, 73, 330, 402, 331, 401, -1, 1, 2.356194490192345, 1.4142135623730951
268, 74, 140, 160, 143, 157, -3, 3, 2.356194490192345, 4.242640687119285
268, 75, 864, 659, 865, 664, -1, -5, -1.7681918866447774, 5.0990195135927845
268, 76, 9, 232, 10, 231, -1, 1, 2.356194490192345, 1.4142135623730951
268, 77, 938, 96, 939, 96, -1, 0, 3.141592653589793, 1.0
268, 78, 1236, 81, 1242, 83, -6, -2, -2.819842099193151, 6.324555320336759
268, 79, 873, 12, 873, 13, 0, -1, -1.5707963267948966, 1.0
268, 80, 499, 441, 500, 447, -1, -6, -1.7359450042095235, 6.082762530298219
268, 81, 873, 593, 878, 596, -5, -3, -2.601173153319209, 5.830951894845301
268, 82, 815, 19, 816, 19, -1, 0, 3.141592653589793, 1.0
268, 83, 53, 146, 54, 146, -1, 0, 3.141592653589793, 1.0
268, 84, 886, 701, 889, 710, -3, -9, -1.892546881191539, 9.486832980505138
268, 85, 862, 511, 862, 507, 0, 4, 1.5707963267948966, 4.0
268, 86, 972, 48, 974, 50, -2, -2, -2.356194490192345, 2.8284271247461903
268, 87, 981, 56, 984, 57, -3, -1, -2.819842099193151, 3.1622776601683795
268, 88, 767, 32, 768, 32, -1, 0, 3.141592653589793, 1.0
268, 89, 816, 10, 817, 10, -1, 0, 3.141592653589793, 1.0
268, 90, 1259, 171, 1258, 168, 1, 3, 1.2490457723982544, 3.1622776601683795
268, 91, 146, 106, 148, 104, -2, 2, 2.356194490192345, 2.8284271247461903
268, 92, 502, 179, 504, 183, -2, -4, -2.0344439357957027, 4.47213595499958
268, 93, 733, 61, 734, 65, -1, -4, -1.8157749899217608, 4.123105625617661
268, 94, 639, 274, 640, 270, -1, 4, 1.8157749899217608, 4.123105625617661
268, 95, 706, 117, 707, 122, -1, -5, -1.7681918866447774, 5.0990195135927845
268, 96, 473, 35, 473, 36, 0, -1, -1.5707963267948966, 1.0
268, 97, 826, 42, 827, 41, -1, 1, 2.356194490192345, 1.4142135623730951
268, 98, 925, 90, 926, 90, -1, 0, 3.141592653589793, 1.0
268, 99, 140, 136, 143, 132, -3, 4, 2.214297435588181, 5.0
268, 100, 869, 682, 872, 684, -3, -2, -2.5535900500422257, 3.605551275463989
268, 101, 695, 198, 697, 203, -2, -5, -1.9513027039072615, 5.385164807134504
268, 102, 1213, 77, 1218, 78, -5, -1, -2.9441970937399127, 5.0990195135927845
268, 103, 291, 339, 291, 340, 0, -1, -1.5707963267948966, 1.0
268, 104, 933, 89, 934, 89, -1, 0, 3.141592653589793, 1.0
268, 105, 899, 665, 904, 669, -5, -4, -2.4668517113662407, 6.4031242374328485
268, 106, 141, 182, 143, 179, -2, 3, 2.158798930342464, 3.605551275463989
268, 107, 652, 327, 652, 324, 0, 3, 1.5707963267948966, 3.0
268, 108, 846, 580, 847, 579, -1, 1, 2.356194490192345, 1.4142135623730951
268, 109, 774, 46, 775, 46, -1, 0, 3.141592653589793, 1.0
268, 110, 684, 588, 684, 587, 0, 1, 1.5707963267948966, 1.0
268, 111, 648, 49, 649, 46, -1, 3, 1.892546881191539, 3.1622776601683795
268, 112, 912, 655, 916, 659, -4, -4, -2.356194490192345, 5.656854249492381
268, 113, 982, 13, 986, 16, -4, -3, -2.498091544796509, 5.0
268, 114, 1246, 63, 1251, 64, -5, -1, -2.9441970937399127, 5.0990195135927845
268, 115, 332, 335, 333, 335, -1, 0, 3.141592653589793, 1.0
268, 116, 266, 390, 267, 389, -1, 1, 2.356194490192345, 1.4142135623730951
268, 117, 283, 323, 284, 322, -1, 1, 2.356194490192345, 1.4142135623730951
268, 118, 62, 128, 63, 128, -1, 0, 3.141592653589793, 1.0
268, 119, 293, 308, 294, 307, -1, 1, 2.356194490192345, 1.4142135623730951
268, 120, 887, 658, 890, 661, -3, -3, -2.356194490192345, 4.242640687119285
268, 121, 220, 701, 221, 702, -1, -1, -2.356194490192345, 1.4142135623730951
268, 122, 1261, 226, 1272, 223, -11, 3, 2.875340604438868, 11.40175425099138
268, 123, 857, 112, 857, 114, 0, -2, -1.5707963267948966, 2.0
268, 124, 1204, 390, 1203, 391, 1, -1, -0.7853981633974483, 1.4142135623730951
268, 125, 275, 343, 276, 343, -1, 0, 3.141592653589793, 1.0
268, 126, 640, 370, 642, 367, -2, 3, 2.158798930342464, 3.605551275463989
268, 127, 841, 539, 840, 536, 1, 3, 1.2490457723982544, 3.1622776601683795
268, 128, 246, 311, 248, 312, -2, -1, -2.677945044588987, 2.23606797749979
268, 129, 330, 371, 331, 370, -1, 1, 2.356194490192345, 1.4142135623730951
268, 130, 712, 547, 714, 543, -2, 4, 2.0344439357957027, 4.47213595499958
268, 131, 31, 84, 33, 83, -2, 1, 2.677945044588987, 2.23606797749979
268, 132, 488, 245, 488, 250, 0, -5, -1.5707963267948966, 5.0
268, 133, 1054, 682, 1056, 688, -2, -6, -1.892546881191539, 6.324555320336759
268, 134, 306, 318, 308, 318, -2, 0, 3.141592653589793, 2.0
268, 135, 133, 96, 135, 95, -2, 1, 2.677945044588987, 2.23606797749979
268, 136, 524, 527, 524, 537, 0, -10, -1.5707963267948966, 10.0
268, 137, 699, 117, 700, 122, -1, -5, -1.7681918866447774, 5.0990195135927845
268, 138, 909, 636, 912, 635, -3, 1, 2.819842099193151, 3.1622776601683795
268, 139, 1237, 312, 1239, 309, -2, 3, 2.158798930342464, 3.605551275463989
268, 140, 627, 366, 627, 363, 0, 3, 1.5707963267948966, 3.0
268, 141, 269, 320, 271, 319, -2, 1, 2.677945044588987, 2.23606797749979
268, 142, 850, 26, 851, 28, -1, -2, -2.0344439357957027, 2.23606797749979
268, 143, 833, 112, 835, 116, -2, -4, -2.0344439357957027, 4.47213595499958
268, 144, 251, 339, 252, 339, -1, 0, 3.141592653589793, 1.0
268, 145, 1197, 407, 1195, 404, 2, 3, 0.982793723247329, 3.605551275463989
268, 146, 831, 547, 832, 543, -1, 4, 1.8157749899217608, 4.123105625617661
268, 147, 1196, 321, 1195, 318, 1, 3, 1.2490457723982544, 3.1622776601683795
269, 0, 258, 337, 258, 337, 0, 0, 0.0, 0.0
269, 1, 165, 153, 166, 151, -1, 2, 2.0344439357957027, 2.23606797749979
269, 2, 852, 105, 852, 106, 0, -1, -1.5707963267948966, 1.0
269, 3, 260, 371, 260, 372, 0, -1, -1.5707963267948966, 1.0
269, 4, 508, 63, 506, 61, 2, 2, 0.7853981633974483, 2.8284271247461903
269, 5, 501, 191, 502, 193, -1, -2, -2.0344439357957027, 2.23606797749979
269, 6, 1043, 646, 1043, 651, 0, -5, -1.5707963267948966, 5.0
269, 7, 537, 476, 538, 476, -1, 0, 3.141592653589793, 1.0
269, 8, 830, 140, 831, 142, -1, -2, -2.0344439357957027, 2.23606797749979
269, 9, 745, 35, 746, 35, -1, 0, 3.141592653589793, 1.0
269, 10, 850, 665, 853, 669, -3, -4, -2.214297435588181, 5.0
269, 11, 842, 104, 842, 105, 0, -1, -1.5707963267948966, 1.0
269, 12, 276, 334, 277, 334, -1, 0, 3.141592653589793, 1.0
269, 13, 836, 666, 838, 669, -2, -3, -2.158798930342464, 3.605551275463989
269, 14, 333, 342, 334, 342, -1, 0, 3.141592653589793, 1.0
269, 15, 495, 170, 496, 173, -1, -3, -1.892546881191539, 3.1622776601683795
269, 16, 991, 8, 993, 11, -2, -3, -2.158798930342464, 3.605551275463989
269, 17, 321, 701, 322, 697, -1, 4, 1.8157749899217608, 4.123105625617661
269, 18, 878, 668, 882, 670, -4, -2, -2.677945044588987, 4.47213595499958
269, 19, 483, 172, 484, 175, -1, -3, -1.892546881191539, 3.1622776601683795
269, 20, 861, 493, 860, 489, 1, 4, 1.3258176636680326, 4.123105625617661
269, 21, 867, 532, 866, 528, 1, 4, 1.3258176636680326, 4.123105625617661
269, 22, 519, 76, 519, 76, 0, 0, 0.0, 0.0
269, 23, 678, 53, 678, 52, 0, 1, 1.5707963267948966, 1.0
269, 24, 701, 129, 701, 133, 0, -4, -1.5707963267948966, 4.0
269, 25, 498, 75, 495, 75, 3, 0, 0.0, 3.0
269, 26, 1047, 676, 1047, 681, 0, -5, -1.5707963267948966, 5.0
269, 27, 32, 112, 32, 112, 0, 0, 0.0, 0.0
269, 28, 15, 216, 17, 212, -2, 4, 2.0344439357957027, 4.47213595499958
269, 29, 973, 77, 974, 77, -1, 0, 3.141592653589793, 1.0
269, 30, 263, 333, 264, 333, -1, 0, 3.141592653589793, 1.0
269, 31, 701, 559, 701, 556, 0, 3, 1.5707963267948966, 3.0
269, 32, 631, 276, 632, 272, -1, 4, 1.8157749899217608, 4.123105625617661
269, 33, 1028, 641, 1027, 646, 1, -5, -1.373400766945016, 5.0990195135927845
269, 34, 844, 489, 843, 486, 1, 3, 1.2490457723982544, 3.1622776601683795
269, 35, 849, 95, 849, 96, 0, -1, -1.5707963267948966, 1.0
269, 36, 254, 385, 254, 385, 0, 0, 0.0, 0.0
269, 37, 836, 181, 836, 182, 0, -1, -1.5707963267948966, 1.0
269, 38, 230, 317, 231, 317, -1, 0, 3.141592653589793, 1.0
269, 39, 715, 555, 717, 552, -2, 3, 2.158798930342464, 3.605551275463989
269, 40, 940, 13, 940, 13, 0, 0, 0.0, 0.0
269, 41, 479, 237, 478, 239, 1, -2, -1.1071487177940904, 2.23606797749979
269, 42, 330, 701, 332, 701, -2, 0, 3.141592653589793, 2.0
269, 43, 702, 188, 702, 189, 0, -1, -1.5707963267948966, 1.0
269, 44, 1233, 346, 1234, 342, -1, 4, 1.8157749899217608, 4.123105625617661
269, 45, 1236, 55, 1239, 56, -3, -1, -2.819842099193151, 3.1622776601683795
269, 46, 506, 15, 503, 16, 3, -1, -0.3217505543966422, 3.1622776601683795
269, 47, 507, 409, 508, 415, -1, -6, -1.7359450042095235, 6.082762530298219
269, 48, 758, 18, 759, 18, -1, 0, 3.141592653589793, 1.0
269, 49, 505, 25, 502, 26, 3, -1, -0.3217505543966422, 3.1622776601683795
269, 50, 1226, 362, 1227, 359, -1, 3, 1.892546881191539, 3.1622776601683795
269, 51, 154, 14, 154, 14, 0, 0, 0.0, 0.0
269, 52, 1253, 210, 1253, 209, 0, 1, 1.5707963267948966, 1.0
269, 53, 1234, 307, 1235, 303, -1, 4, 1.8157749899217608, 4.123105625617661
269, 54, 644, 318, 644, 315, 0, 3, 1.5707963267948966, 3.0
269, 55, 504, 214, 505, 217, -1, -3, -1.892546881191539, 3.1622776601683795
269, 56, 618, 330, 619, 329, -1, 1, 2.356194490192345, 1.4142135623730951
269, 57, 292, 690, 295, 687, -3, 3, 2.356194490192345, 4.242640687119285
269, 58, 487, 162, 488, 165, -1, -3, -1.892546881191539, 3.1622776601683795
269, 59, 1248, 100, 1252, 103, -4, -3, -2.498091544796509, 5.0
269, 60, 332, 356, 332, 356, 0, 0, 0.0, 0.0
269, 61, 167, 173, 167, 173, 0, 0, 0.0, 0.0
269, 62, 61, 157, 62, 157, -1, 0, 3.141592653589793, 1.0
269, 63, 871, 654, 875, 658, -4, -4, -2.356194490192345, 5.656854249492381
269, 64, 720, 134, 722, 136, -2, -2, -2.356194490192345, 2.8284271247461903
269, 65, 337, 688, 339, 684, -2, 4, 2.0344439357957027, 4.47213595499958
269, 66, 770, 39, 771, 39, -1, 0, 3.141592653589793, 1.0
269, 67, 846, 180, 846, 182, 0, -2, -1.5707963267948966, 2.0
269, 68, 246, 400, 247, 400, -1, 0, 3.141592653589793, 1.0
269, 69, 329, 402, 330, 402, -1, 0, 3.141592653589793, 1.0
269, 70, 139, 163, 140, 160, -1, 3, 1.892546881191539, 3.1622776601683795
269, 71, 862, 655, 864, 659, -2, -4, -2.0344439357957027, 4.47213595499958
269, 72, 938, 96, 938, 96, 0, 0, 0.0, 0.0
269, 73, 1231, 80, 1236, 81, -5, -1, -2.9441970937399127, 5.0990195135927845
269, 74, 498, 436, 499, 441, -1, -5, -1.7681918866447774, 5.0990195135927845
269, 75, 868, 590, 873, 593, -5, -3, -2.601173153319209, 5.830951894845301
269, 76, 814, 19, 815, 19, -1, 0, 3.141592653589793, 1.0
269, 77, 52, 146, 53, 146, -1, 0, 3.141592653589793, 1.0
269, 78, 882, 701, 886, 701, -4, 0, 3.141592653589793, 4.0
269, 79, 863, 514, 862, 511, 1, 3, 1.2490457723982544, 3.1622776601683795
269, 80, 971, 45, 972, 48, -1, -3, -1.892546881191539, 3.1622776601683795
269, 81, 766, 32, 767, 32, -1, 0, 3.141592653589793, 1.0
269, 82, 816, 10, 816, 10, 0, 0, 0.0, 0.0
269, 83, 1259, 172, 1259, 171, 0, 1, 1.5707963267948966, 1.0
269, 84, 144, 108, 146, 106, -2, 2, 2.356194490192345, 2.8284271247461903
269, 85, 501, 177, 502, 179, -1, -2, -2.0344439357957027, 2.23606797749979
269, 86, 732, 58, 733, 61, -1, -3, -1.892546881191539, 3.1622776601683795
269, 87, 638, 278, 639, 274, -1, 4, 1.8157749899217608, 4.123105625617661
269, 88, 705, 114, 706, 117, -1, -3, -1.892546881191539, 3.1622776601683795
269, 89, 473, 34, 473, 35, 0, -1, -1.5707963267948966, 1.0
269, 90, 826, 42, 826, 42, 0, 0, 0.0, 0.0
269, 91, 924, 90, 925, 90, -1, 0, 3.141592653589793, 1.0
269, 92, 139, 139, 140, 136, -1, 3, 1.892546881191539, 3.1622776601683795
269, 93, 865, 681, 869, 682, -4, -1, -2.896613990462929, 4.123105625617661
269, 94, 695, 196, 695, 198, 0, -2, -1.5707963267948966, 2.0
269, 95, 1209, 76, 1213, 77, -4, -1, -2.896613990462929, 4.123105625617661
269, 96, 291, 338, 291, 339, 0, -1, -1.5707963267948966, 1.0
269, 97, 933, 89, 933, 89, 0, 0, 0.0, 0.0
269, 98, 895, 661, 899, 665, -4, -4, -2.356194490192345, 5.656854249492381
269, 99, 140, 185, 141, 182, -1, 3, 1.892546881191539, 3.1622776601683795
269, 100, 652, 330, 652, 327, 0, 3, 1.5707963267948966, 3.0
269, 101, 845, 580, 846, 580, -1, 0, 3.141592653589793, 1.0
269, 102, 773, 46, 774, 46, -1, 0, 3.141592653589793, 1.0
269, 103, 684, 592, 684, 588, 0, 4, 1.5707963267948966, 4.0
269, 104, 648, 51, 648, 49, 0, 2, 1.5707963267948966, 2.0
269, 105, 908, 651, 912, 655, -4, -4, -2.356194490192345, 5.656854249492381
269, 106, 980, 10, 982, 13, -2, -3, -2.158798930342464, 3.605551275463989
269, 107, 1243, 62, 1246, 63, -3, -1, -2.819842099193151, 3.1622776601683795
269, 108, 331, 335, 332, 335, -1, 0, 3.141592653589793, 1.0
269, 109, 265, 390, 266, 390, -1, 0, 3.141592653589793, 1.0
269, 110, 282, 323, 283, 323, -1, 0, 3.141592653589793, 1.0
269, 111, 292, 308, 293, 308, -1, 0, 3.141592653589793, 1.0
269, 112, 882, 655, 887, 658, -5, -3, -2.601173153319209, 5.830951894845301
269, 113, 218, 701, 220, 701, -2, 0, 3.141592653589793, 2.0
269, 114, 1261, 228, 1261, 226, 0, 2, 1.5707963267948966, 2.0
269, 115, 1204, 391, 1204, 390, 0, 1, 1.5707963267948966, 1.0
269, 116, 274, 343, 275, 343, -1, 0, 3.141592653589793, 1.0
269, 117, 640, 371, 640, 370, 0, 1, 1.5707963267948966, 1.0
269, 118, 842, 542, 841, 539, 1, 3, 1.2490457723982544, 3.1622776601683795
269, 119, 330, 371, 330, 371, 0, 0, 0.0, 0.0
269, 120, 711, 551, 712, 547, -1, 4, 1.8157749899217608, 4.123105625617661
269, 121, 30, 84, 31, 84, -1, 0, 3.141592653589793, 1.0
269, 122, 488, 242, 488, 245, 0, -3, -1.5707963267948966, 3.0
269, 123, 1054, 677, 1054, 682, 0, -5, -1.5707963267948966, 5.0
269, 124, 305, 318, 306, 318, -1, 0, 3.141592653589793, 1.0
269, 125, 130, 99, 133, 96, -3, 3, 2.356194490192345, 4.242640687119285
269, 126, 524, 519, 524, 527, 0, -8, -1.5707963267948966, 8.0
269, 127, 698, 114, 699, 117, -1, -3, -1.892546881191539, 3.1622776601683795
269, 128, 904, 634, 909, 636, -5, -2, -2.761086276477428, 5.385164807134504
269, 129, 1236, 316, 1237, 312, -1, 4, 1.8157749899217608, 4.123105625617661
269, 130, 627, 369, 627, 366, 0, 3, 1.5707963267948966, 3.0
269, 131, 268, 320, 269, 320, -1, 0, 3.141592653589793, 1.0
269, 132, 850, 25, 850, 26, 0, -1, -1.5707963267948966, 1.0
269, 133, 833, 111, 833, 112, 0, -1, -1.5707963267948966, 1.0
269, 134, 251, 339, 251, 339, 0, 0, 0.0, 0.0
269, 135, 1196, 410, 1197, 407, -1, 3, 1.892546881191539, 3.1622776601683795
269, 136, 831, 551, 831, 547, 0, 4, 1.5707963267948966, 4.0
269, 137, 1195, 325, 1196, 321, -1, 4, 1.8157749899217608, 4.123105625617661
270, 0, 255, 361, 256, 361, -1, 0, 3.141592653589793, 1.0
270, 1, 258, 339, 259, 339, -1, 0, 3.141592653589793, 1.0
270, 2, 166, 153, 168, 151, -2, 2, 2.356194490192345, 2.8284271247461903
270, 3, 244, 326, 245, 326, -1, 0, 3.141592653589793, 1.0
270, 4, 759, 10, 760, 10, -1, 0, 3.141592653589793, 1.0
270, 5, 852, 106, 852, 107, 0, -1, -1.5707963267948966, 1.0
270, 6, 747, 36, 748, 36, -1, 0, 3.141592653589793, 1.0
270, 7, 830, 139, 830, 140, 0, -1, -1.5707963267948966, 1.0
270, 8, 254, 384, 255, 384, -1, 0, 3.141592653589793, 1.0
270, 9, 842, 106, 842, 107, 0, -1, -1.5707963267948966, 1.0
270, 10, 495, 171, 496, 174, -1, -3, -1.892546881191539, 3.1622776601683795
270, 11, 679, 52, 679, 51, 0, 1, 1.5707963267948966, 1.0
270, 12, 702, 132, 702, 135, 0, -3, -1.5707963267948966, 3.0
270, 13, 276, 334, 277, 334, -1, 0, 3.141592653589793, 1.0
270, 14, 517, 77, 517, 77, 0, 0, 0.0, 0.0
270, 15, 333, 342, 334, 342, -1, 0, 3.141592653589793, 1.0
270, 16, 538, 480, 539, 480, -1, 0, 3.141592653589793, 1.0
270, 17, 861, 497, 861, 493, 0, 4, 1.5707963267948966, 4.0
270, 18, 869, 660, 873, 663, -4, -3, -2.498091544796509, 5.0
270, 19, 510, 67, 509, 64, 1, 3, 1.2490457723982544, 3.1622776601683795
270, 20, 849, 96, 849, 97, 0, -1, -1.5707963267948966, 1.0
270, 21, 14, 220, 16, 216, -2, 4, 2.0344439357957027, 4.47213595499958
270, 22, 1049, 673, 1049, 679, 0, -6, -1.5707963267948966, 6.0
270, 23, 505, 187, 506, 189, -1, -2, -2.0344439357957027, 2.23606797749979
270, 24, 497, 72, 494, 71, 3, 1, 0.3217505543966422, 3.1622776601683795
270, 25, 494, 476, 495, 478, -1, -2, -2.0344439357957027, 2.23606797749979
270, 26, 837, 664, 837, 667, 0, -3, -1.5707963267948966, 3.0
270, 27, 844, 492, 843, 489, 1, 3, 1.2490457723982544, 3.1622776601683795
270, 28, 832, 125, 831, 129, 1, -4, -1.3258176636680326, 4.123105625617661
270, 29, 1045, 644, 1045, 649, 0, -5, -1.5707963267948966, 5.0
270, 30, 484, 172, 485, 175, -1, -3, -1.892546881191539, 3.1622776601683795
270, 31, 992, 10, 994, 12, -2, -2, -2.356194490192345, 2.8284271247461903
270, 32, 30, 108, 30, 108, 0, 0, 0.0, 0.0
270, 33, 700, 567, 700, 563, 0, 4, 1.5707963267948966, 4.0
270, 34, 263, 334, 264, 334, -1, 0, 3.141592653589793, 1.0
270, 35, 873, 13, 873, 13, 0, 0, 0.0, 0.0
270, 36, 259, 373, 260, 373, -1, 0, 3.141592653589793, 1.0
270, 37, 508, 14, 506, 15, 2, -1, -0.4636476090008061, 2.23606797749979
270, 38, 1227, 362, 1228, 359, -1, 3, 1.892546881191539, 3.1622776601683795
270, 39, 231, 318, 232, 318, -1, 0, 3.141592653589793, 1.0
270, 40, 251, 326, 252, 326, -1, 0, 3.141592653589793, 1.0
270, 41, 1216, 69, 1220, 70, -4, -1, -2.896613990462929, 4.123105625617661
270, 42, 618, 331, 619, 329, -1, 2, 2.0344439357957027, 2.23606797749979
270, 43, 850, 657, 852, 661, -2, -4, -2.0344439357957027, 4.47213595499958
270, 44, 1233, 348, 1234, 345, -1, 3, 1.892546881191539, 3.1622776601683795
270, 45, 1028, 637, 1028, 642, 0, -5, -1.5707963267948966, 5.0
270, 46, 223, 701, 226, 715, -3, -14, -1.7818896600176433, 14.317821063276353
270, 47, 631, 278, 632, 274, -1, 4, 1.8157749899217608, 4.123105625617661
270, 48, 759, 19, 760, 19, -1, 0, 3.141592653589793, 1.0
270, 49, 689, 654, 688, 650, 1, 4, 1.3258176636680326, 4.123105625617661
270, 50, 718, 563, 720, 560, -2, 3, 2.158798930342464, 3.605551275463989
270, 51, 1238, 55, 1241, 57, -3, -2, -2.5535900500422257, 3.605551275463989
270, 52, 940, 14, 941, 14, -1, 0, 3.141592653589793, 1.0
270, 53, 508, 409, 509, 415, -1, -6, -1.7359450042095235, 6.082762530298219
270, 54, 167, 173, 168, 173, -1, 0, 3.141592653589793, 1.0
270, 55, 975, 78, 976, 78, -1, 0, 3.141592653589793, 1.0
270, 56, 504, 214, 505, 217, -1, -3, -1.892546881191539, 3.1622776601683795
270, 57, 332, 357, 333, 357, -1, 0, 3.141592653589793, 1.0
270, 58, 766, 33, 767, 33, -1, 0, 3.141592653589793, 1.0
270, 59, 502, 177, 503, 180, -1, -3, -1.892546881191539, 3.1622776601683795
270, 60, 330, 402, 331, 402, -1, 0, 3.141592653589793, 1.0
270, 61, 639, 280, 640, 276, -1, 4, 1.8157749899217608, 4.123105625617661
270, 62, 1245, 99, 1248, 101, -3, -2, -2.5535900500422257, 3.605551275463989
270, 63, 285, 374, 286, 374, -1, 0, 3.141592653589793, 1.0
270, 64, 625, 321, 626, 318, -1, 3, 1.892546881191539, 3.1622776601683795
270, 65, 52, 147, 53, 147, -1, 0, 3.141592653589793, 1.0
270, 66, 862, 650, 865, 654, -3, -4, -2.214297435588181, 5.0
270, 67, 507, 23, 504, 24, 3, -1, -0.3217505543966422, 3.1622776601683795
270, 68, 937, 97, 938, 97, -1, 0, 3.141592653589793, 1.0
270, 69, 472, 235, 472, 237, 0, -2, -1.5707963267948966, 2.0
270, 70, 527, 462, 528, 465, -1, -3, -1.892546881191539, 3.1622776601683795
270, 71, 489, 162, 490, 165, -1, -3, -1.892546881191539, 3.1622776601683795
270, 72, 154, 14, 154, 14, 0, 0, 0.0, 0.0
270, 73, 703, 188, 703, 190, 0, -2, -1.5707963267948966, 2.0
270, 74, 251, 340, 252, 340, -1, 0, 3.141592653589793, 1.0
270, 75, 627, 386, 627, 381, 0, 5, 1.5707963267948966, 5.0
270, 76, 474, 216, 474, 219, 0, -3, -1.5707963267948966, 3.0
270, 77, 1235, 308, 1235, 305, 0, 3, 1.5707963267948966, 3.0
270, 78, 733, 59, 734, 62, -1, -3, -1.892546881191539, 3.1622776601683795
270, 79, 815, 20, 816, 20, -1, 0, 3.141592653589793, 1.0
270, 80, 246, 400, 247, 400, -1, 0, 3.141592653589793, 1.0
270, 81, 971, 43, 972, 46, -1, -3, -1.892546881191539, 3.1622776601683795
270, 82, 891, 656, 896, 660, -5, -4, -2.4668517113662407, 6.4031242374328485
270, 83, 142, 110, 145, 108, -3, 2, 2.5535900500422257, 3.605551275463989
270, 84, 1208, 77, 1212, 77, -4, 0, 3.141592653589793, 4.0
270, 85, 638, 372, 638, 371, 0, 1, 1.5707963267948966, 1.0
270, 86, 61, 156, 62, 156, -1, 0, 3.141592653589793, 1.0
270, 87, 498, 435, 499, 440, -1, -5, -1.7681918866447774, 5.0990195135927845
270, 88, 771, 40, 772, 40, -1, 0, 3.141592653589793, 1.0
270, 89, 866, 544, 865, 540, 1, 4, 1.3258176636680326, 4.123105625617661
270, 90, 141, 164, 142, 162, -1, 2, 2.0344439357957027, 2.23606797749979
270, 91, 645, 323, 645, 320, 0, 3, 1.5707963267948966, 3.0
270, 92, 1259, 172, 1259, 171, 0, 1, 1.5707963267948966, 1.0
270, 93, 205, 695, 203, 690, 2, 5, 1.1902899496825317, 5.385164807134504
270, 94, 139, 138, 141, 136, -2, 2, 2.356194490192345, 2.8284271247461903
270, 95, 862, 586, 867, 590, -5, -4, -2.4668517113662407, 6.4031242374328485
270, 96, 845, 580, 846, 580, -1, 0, 3.141592653589793, 1.0
270, 97, 652, 335, 652, 332, 0, 3, 1.5707963267948966, 3.0
270, 98, 1196, 412, 1197, 410, -1, 2, 2.0344439357957027, 2.23606797749979
270, 99, 647, 51, 648, 49, -1, 2, 2.0344439357957027, 2.23606797749979
270, 100, 727, 126, 728, 128, -1, -2, -2.0344439357957027, 2.23606797749979
270, 101, 982, 9, 984, 12, -2, -3, -2.158798930342464, 3.605551275463989
270, 102, 1231, 81, 1236, 82, -5, -1, -2.9441970937399127, 5.0990195135927845
270, 103, 699, 115, 700, 118, -1, -3, -1.892546881191539, 3.1622776601683795
270, 104, 706, 115, 707, 118, -1, -3, -1.892546881191539, 3.1622776601683795
270, 105, 846, 168, 846, 173, 0, -5, -1.5707963267948966, 5.0
270, 106, 924, 91, 925, 91, -1, 0, 3.141592653589793, 1.0
270, 107, 831, 558, 832, 555, -1, 3, 1.892546881191539, 3.1622776601683795
270, 108, 334, 697, 336, 693, -2, 4, 2.0344439357957027, 4.47213595499958
270, 109, 265, 390, 266, 390, -1, 0, 3.141592653589793, 1.0
270, 110, 1249, 107, 1252, 109, -3, -2, -2.5535900500422257, 3.605551275463989
270, 111, 819, 12, 820, 12, -1, 0, 3.141592653589793, 1.0
270, 112, 329, 371, 330, 371, -1, 0, 3.141592653589793, 1.0
270, 113, 684, 601, 684, 597, 0, 4, 1.5707963267948966, 4.0
270, 114, 1167, 133, 1170, 137, -3, -4, -2.214297435588181, 5.0
270, 115, 826, 42, 827, 42, -1, 0, 3.141592653589793, 1.0
270, 116, 625, 84, 626, 83, -1, 1, 2.356194490192345, 1.4142135623730951
270, 117, 848, 486, 848, 482, 0, 4, 1.5707963267948966, 4.0
270, 118, 863, 521, 863, 517, 0, 4, 1.5707963267948966, 4.0
270, 119, 706, 666, 705, 666, 1, 0, 0.0, 1.0
270, 120, 857, 112, 857, 113, 0, -1, -1.5707963267948966, 1.0
270, 121, 870, 30, 870, 31, 0, -1, -1.5707963267948966, 1.0
270, 122, 246, 312, 247, 312, -1, 0, 3.141592653589793, 1.0
270, 123, 933, 90, 934, 90, -1, 0, 3.141592653589793, 1.0
270, 124, 902, 648, 906, 652, -4, -4, -2.356194490192345, 5.656854249492381
270, 125, 275, 344, 276, 344, -1, 0, 3.141592653589793, 1.0
270, 126, 691, 153, 691, 157, 0, -4, -1.5707963267948966, 4.0
270, 127, 293, 308, 294, 308, -1, 0, 3.141592653589793, 1.0
270, 128, 713, 557, 714, 553, -1, 4, 1.8157749899217608, 4.123105625617661
270, 129, 1261, 211, 1268, 210, -7, 1, 2.999695598985629, 7.0710678118654755
270, 130, 705, 558, 705, 554, 0, 4, 1.5707963267948966, 4.0
270, 131, 626, 76, 627, 75, -1, 1, 2.356194490192345, 1.4142135623730951
270, 132, 897, 626, 901, 628, -4, -2, -2.677945044588987, 4.47213595499958
270, 133, 1244, 61, 1247, 63, -3, -2, -2.5535900500422257, 3.605551275463989
270, 134, 1261, 231, 1277, 228, -16, 3, 2.9562447035940984, 16.278820596099706
270, 135, 298, 387, 298, 386, 0, 1, 1.5707963267948966, 1.0
270, 136, 852, 684, 854, 684, -2, 0, 3.141592653589793, 2.0
270, 137, 480, 238, 480, 240, 0, -2, -1.5707963267948966, 2.0
270, 138, 836, 112, 836, 113, 0, -1, -1.5707963267948966, 1.0
270, 139, 335, 701, 336, 712, -1, -11, -1.6614562139956417, 11.045361017187261
270, 140, 129, 102, 132, 100, -3, 2, 2.5535900500422257, 3.605551275463989
270, 141, 635, 130, 636, 128, -1, 2, 2.0344439357957027, 2.23606797749979
270, 142, 1199, 121, 1202, 123, -3, -2, -2.5535900500422257, 3.605551275463989
270, 143, 307, 318, 308, 318, -1, 0, 3.141592653589793, 1.0
270, 144, 492, 267, 493, 269, -1, -2, -2.0344439357957027, 2.23606797749979
270, 145, 318, 385, 319, 385, -1, 0, 3.141592653589793, 1.0
270, 146, 724, 640, 724, 637, 0, 3, 1.5707963267948966, 3.0
270, 147, 522, 520, 523, 523, -1, -3, -1.892546881191539, 3.1622776601683795
270, 148, 1237, 318, 1238, 315, -1, 3, 1.892546881191539, 3.1622776601683795
270, 149, 500, 220, 501, 223, -1, -3, -1.892546881191539, 3.1622776601683795
270, 150, 31, 84, 32, 84, -1, 0, 3.141592653589793, 1.0
271, 0, 254, 361, 255, 361, -1, 0, 3.141592653589793, 1.0
271, 1, 257, 339, 258, 339, -1, 0, 3.141592653589793, 1.0
271, 2, 164, 155, 166, 153, -2, 2, 2.356194490192345, 2.8284271247461903
271, 3, 243, 326, 244, 326, -1, 0, 3.141592653589793, 1.0
271, 4, 758, 10, 759, 10, -1, 0, 3.141592653589793, 1.0
271, 5, 852, 105, 852, 106, 0, -1, -1.5707963267948966, 1.0
271, 6, 746, 36, 747, 36, -1, 0, 3.141592653589793, 1.0
271, 7, 830, 137, 830, 139, 0, -2, -1.5707963267948966, 2.0
271, 8, 253, 384, 254, 384, -1, 0, 3.141592653589793, 1.0
271, 9, 842, 105, 842, 106, 0, -1, -1.5707963267948966, 1.0
271, 10, 494, 168, 495, 171, -1, -3, -1.892546881191539, 3.1622776601683795
271, 11, 679, 53, 679, 52, 0, 1, 1.5707963267948966, 1.0
271, 12, 702, 129, 702, 132, 0, -3, -1.5707963267948966, 3.0
271, 13, 275, 334, 276, 334, -1, 0, 3.141592653589793, 1.0
271, 14, 516, 77, 517, 77, -1, 0, 3.141592653589793, 1.0
271, 15, 332, 342, 333, 342, -1, 0, 3.141592653589793, 1.0
271, 16, 537, 481, 538, 480, -1, 1, 2.356194490192345, 1.4142135623730951
271, 17, 861, 501, 861, 497, 0, 4, 1.5707963267948966, 4.0
271, 18, 865, 657, 869, 660, -4, -3, -2.498091544796509, 5.0
271, 19, 510, 69, 510, 67, 0, 2, 1.5707963267948966, 2.0
271, 20, 849, 95, 849, 96, 0, -1, -1.5707963267948966, 1.0
271, 21, 12, 223, 14, 220, -2, 3, 2.158798930342464, 3.605551275463989
271, 22, 1049, 667, 1049, 673, 0, -6, -1.5707963267948966, 6.0
271, 23, 505, 186, 505, 187, 0, -1, -1.5707963267948966, 1.0
271, 24, 499, 74, 497, 72, 2, 2, 0.7853981633974483, 2.8284271247461903
271, 25, 493, 473, 494, 476, -1, -3, -1.892546881191539, 3.1622776601683795
271, 26, 837, 662, 837, 664, 0, -2, -1.5707963267948966, 2.0
271, 27, 844, 496, 844, 492, 0, 4, 1.5707963267948966, 4.0
271, 28, 833, 121, 832, 125, 1, -4, -1.3258176636680326, 4.123105625617661
271, 29, 1045, 639, 1045, 644, 0, -5, -1.5707963267948966, 5.0
271, 30, 483, 169, 484, 172, -1, -3, -1.892546881191539, 3.1622776601683795
271, 31, 990, 9, 992, 10, -2, -1, -2.677945044588987, 2.23606797749979
271, 32, 29, 108, 30, 108, -1, 0, 3.141592653589793, 1.0
271, 33, 700, 571, 700, 567, 0, 4, 1.5707963267948966, 4.0
271, 34, 262, 334, 263, 334, -1, 0, 3.141592653589793, 1.0
271, 35, 873, 13, 873, 13, 0, 0, 0.0, 0.0
271, 36, 258, 373, 259, 373, -1, 0, 3.141592653589793, 1.0
271, 37, 510, 14, 508, 14, 2, 0, 0.0, 2.0
271, 38, 1226, 364, 1227, 362, -1, 2, 2.0344439357957027, 2.23606797749979
271, 39, 230, 318, 231, 318, -1, 0, 3.141592653589793, 1.0
271, 40, 250, 326, 251, 326, -1, 0, 3.141592653589793, 1.0
271, 41, 1212, 69, 1216, 69, -4, 0, 3.141592653589793, 4.0
271, 42, 617, 333, 618, 331, -1, 2, 2.0344439357957027, 2.23606797749979
271, 43, 846, 654, 850, 657, -4, -3, -2.498091544796509, 5.0
271, 44, 1232, 351, 1233, 348, -1, 3, 1.892546881191539, 3.1622776601683795
271, 45, 1029, 632, 1028, 637, 1, -5, -1.373400766945016, 5.0990195135927845
271, 46, 221, 701, 223, 701, -2, 0, 3.141592653589793, 2.0
271, 47, 630, 282, 631, 278, -1, 4, 1.8157749899217608, 4.123105625617661
271, 48, 758, 19, 759, 19, -1, 0, 3.141592653589793, 1.0
271, 49, 690, 658, 689, 654, 1, 4, 1.3258176636680326, 4.123105625617661
271, 50, 716, 566, 718, 563, -2, 3, 2.158798930342464, 3.605551275463989
271, 51, 1236, 53, 1238, 55, -2, -2, -2.356194490192345, 2.8284271247461903
271, 52, 939, 14, 940, 14, -1, 0, 3.141592653589793, 1.0
271, 53, 507, 404, 508, 409, -1, -5, -1.7681918866447774, 5.0990195135927845
271, 54, 166, 174, 167, 173, -1, 1, 2.356194490192345, 1.4142135623730951
271, 55, 503, 211, 504, 214, -1, -3, -1.892546881191539, 3.1622776601683795
271, 56, 331, 357, 332, 357, -1, 0, 3.141592653589793, 1.0
271, 57, 765, 33, 766, 33, -1, 0, 3.141592653589793, 1.0
271, 58, 501, 174, 502, 177, -1, -3, -1.892546881191539, 3.1622776601683795
271, 59, 329, 402, 330, 402, -1, 0, 3.141592653589793, 1.0
271, 60, 638, 284, 639, 280, -1, 4, 1.8157749899217608, 4.123105625617661
271, 61, 1242, 98, 1245, 99, -3, -1, -2.819842099193151, 3.1622776601683795
271, 62, 284, 374, 285, 374, -1, 0, 3.141592653589793, 1.0
271, 63, 624, 324, 625, 321, -1, 3, 1.892546881191539, 3.1622776601683795
271, 64, 51, 147, 52, 147, -1, 0, 3.141592653589793, 1.0
271, 65, 859, 646, 862, 650, -3, -4, -2.214297435588181, 5.0
271, 66, 510, 22, 507, 23, 3, -1, -0.3217505543966422, 3.1622776601683795
271, 67, 936, 97, 937, 97, -1, 0, 3.141592653589793, 1.0
271, 68, 472, 232, 472, 235, 0, -3, -1.5707963267948966, 3.0
271, 69, 526, 459, 527, 462, -1, -3, -1.892546881191539, 3.1622776601683795
271, 70, 488, 159, 489, 162, -1, -3, -1.892546881191539, 3.1622776601683795
271, 71, 154, 14, 154, 14, 0, 0, 0.0, 0.0
271, 72, 703, 187, 703, 188, 0, -1, -1.5707963267948966, 1.0
271, 73, 250, 340, 251, 340, -1, 0, 3.141592653589793, 1.0
271, 74, 628, 390, 627, 386, 1, 4, 1.3258176636680326, 4.123105625617661
271, 75, 473, 213, 474, 216, -1, -3, -1.892546881191539, 3.1622776601683795
271, 76, 1234, 311, 1235, 308, -1, 3, 1.892546881191539, 3.1622776601683795
271, 77, 732, 57, 733, 59, -1, -2, -2.0344439357957027, 2.23606797749979
271, 78, 814, 20, 815, 20, -1, 0, 3.141592653589793, 1.0
271, 79, 245, 400, 246, 400, -1, 0, 3.141592653589793, 1.0
271, 80, 970, 40, 971, 43, -1, -3, -1.892546881191539, 3.1622776601683795
271, 81, 886, 652, 891, 656, -5, -4, -2.4668517113662407, 6.4031242374328485
271, 82, 139, 112, 142, 110, -3, 2, 2.5535900500422257, 3.605551275463989
271, 83, 1203, 77, 1208, 77, -5, 0, 3.141592653589793, 5.0
271, 84, 638, 373, 638, 372, 0, 1, 1.5707963267948966, 1.0
271, 85, 60, 156, 61, 156, -1, 0, 3.141592653589793, 1.0
271, 86, 497, 430, 498, 435, -1, -5, -1.7681918866447774, 5.0990195135927845
271, 87, 770, 40, 771, 40, -1, 0, 3.141592653589793, 1.0
271, 88, 866, 546, 866, 544, 0, 2, 1.5707963267948966, 2.0
271, 89, 139, 166, 141, 164, -2, 2, 2.356194490192345, 2.8284271247461903
271, 90, 645, 327, 645, 323, 0, 4, 1.5707963267948966, 4.0
271, 91, 1259, 174, 1259, 172, 0, 2, 1.5707963267948966, 2.0
271, 92, 206, 701, 205, 695, 1, 6, 1.4056476493802699, 6.082762530298219
271, 93, 137, 140, 139, 138, -2, 2, 2.356194490192345, 2.8284271247461903
271, 94, 858, 582, 862, 586, -4, -4, -2.356194490192345, 5.656854249492381
271, 95, 844, 581, 845, 580, -1, 1, 2.356194490192345, 1.4142135623730951
271, 96, 652, 339, 652, 335, 0, 4, 1.5707963267948966, 4.0
271, 97, 1195, 413, 1196, 412, -1, 1, 2.356194490192345, 1.4142135623730951
271, 98, 647, 54, 647, 51, 0, 3, 1.5707963267948966, 3.0
271, 99, 1226, 81, 1231, 81, -5, 0, 3.141592653589793, 5.0
271, 100, 698, 112, 699, 115, -1, -3, -1.892546881191539, 3.1622776601683795
271, 101, 705, 112, 706, 115, -1, -3, -1.892546881191539, 3.1622776601683795
271, 102, 846, 163, 846, 168, 0, -5, -1.5707963267948966, 5.0
271, 103, 923, 91, 924, 91, -1, 0, 3.141592653589793, 1.0
271, 104, 831, 559, 831, 558, 0, 1, 1.5707963267948966, 1.0
271, 105, 332, 701, 334, 697, -2, 4, 2.0344439357957027, 4.47213595499958
271, 106, 264, 390, 265, 390, -1, 0, 3.141592653589793, 1.0
271, 107, 1245, 105, 1249, 107, -4, -2, -2.677945044588987, 4.47213595499958
271, 108, 818, 12, 819, 12, -1, 0, 3.141592653589793, 1.0
271, 109, 328, 371, 329, 371, -1, 0, 3.141592653589793, 1.0
271, 110, 684, 605, 684, 601, 0, 4, 1.5707963267948966, 4.0
271, 111, 1163, 132, 1167, 133, -4, -1, -2.896613990462929, 4.123105625617661
271, 112, 825, 42, 826, 42, -1, 0, 3.141592653589793, 1.0
271, 113, 624, 86, 625, 84, -1, 2, 2.0344439357957027, 2.23606797749979
271, 114, 848, 490, 848, 486, 0, 4, 1.5707963267948966, 4.0
271, 115, 863, 525, 863, 521, 0, 4, 1.5707963267948966, 4.0
271, 116, 706, 666, 706, 666, 0, 0, 0.0, 0.0
271, 117, 857, 111, 857, 112, 0, -1, -1.5707963267948966, 1.0
271, 118, 870, 29, 870, 30, 0, -1, -1.5707963267948966, 1.0
271, 119, 245, 312, 246, 312, -1, 0, 3.141592653589793, 1.0
271, 120, 932, 90, 933, 90, -1, 0, 3.141592653589793, 1.0
271, 121, 898, 644, 902, 648, -4, -4, -2.356194490192345, 5.656854249492381
271, 122, 274, 344, 275, 344, -1, 0, 3.141592653589793, 1.0
271, 123, 691, 150, 691, 153, 0, -3, -1.5707963267948966, 3.0
271, 124, 292, 308, 293, 308, -1, 0, 3.141592653589793, 1.0
271, 125, 712, 561, 713, 557, -1, 4, 1.8157749899217608, 4.123105625617661
271, 126, 1261, 212, 1261, 211, 0, 1, 1.5707963267948966, 1.0
271, 127, 705, 562, 705, 558, 0, 4, 1.5707963267948966, 4.0
271, 128, 625, 78, 626, 76, -1, 2, 2.0344439357957027, 2.23606797749979
271, 129, 893, 624, 897, 626, -4, -2, -2.677945044588987, 4.47213595499958
271, 130, 1241, 59, 1244, 61, -3, -2, -2.5535900500422257, 3.605551275463989
271, 131, 1261, 233, 1261, 231, 0, 2, 1.5707963267948966, 2.0
271, 132, 298, 388, 298, 387, 0, 1, 1.5707963267948966, 1.0
271, 133, 851, 684, 852, 684, -1, 0, 3.141592653589793, 1.0
271, 134, 480, 235, 480, 238, 0, -3, -1.5707963267948966, 3.0
271, 135, 836, 111, 836, 112, 0, -1, -1.5707963267948966, 1.0
271, 136, 333, 701, 335, 701, -2, 0, 3.141592653589793, 2.0
271, 137, 126, 104, 129, 102, -3, 2, 2.5535900500422257, 3.605551275463989
271, 138, 634, 131, 635, 130, -1, 1, 2.356194490192345, 1.4142135623730951
271, 139, 1195, 119, 1199, 121, -4, -2, -2.677945044588987, 4.47213595499958
271, 140, 306, 318, 307, 318, -1, 0, 3.141592653589793, 1.0
271, 141, 492, 263, 492, 267, 0, -4, -1.5707963267948966, 4.0
271, 142, 317, 385, 318, 385, -1, 0, 3.141592653589793, 1.0
271, 143, 724, 643, 724, 640, 0, 3, 1.5707963267948966, 3.0
271, 144, 521, 518, 522, 520, -1, -2, -2.0344439357957027, 2.23606797749979
271, 145, 1236, 321, 1237, 318, -1, 3, 1.892546881191539, 3.1622776601683795
271, 146, 499, 217, 500, 220, -1, -3, -1.892546881191539, 3.1622776601683795
271, 147, 30, 84, 31, 84, -1, 0, 3.141592653589793, 1.0
272, 0, 257, 339, 258, 339, -1, 0, 3.141592653589793, 1.0
272, 1, 830, 139, 830, 140, 0, -1, -1.5707963267948966, 1.0
272, 2, 758, 10, 759, 10, -1, 0, 3.141592653589793, 1.0
272, 3, 165, 154, 167, 153, -2, 1, 2.677945044588987, 2.23606797749979
272, 4, 832, 123, 832, 125, 0, -2, -1.5707963267948966, 2.0
272, 5, 244, 326, 245, 326, -1, 0, 3.141592653589793, 1.0
272, 6, 852, 106, 852, 107, 0, -1, -1.5707963267948966, 1.0
272, 7, 1227, 364, 1228, 361, -1, 3, 1.892546881191539, 3.1622776601683795
272, 8, 747, 37, 748, 37, -1, 0, 3.141592653589793, 1.0
272, 9, 333, 343, 334, 343, -1, 0, 3.141592653589793, 1.0
272, 10, 258, 373, 259, 373, -1, 0, 3.141592653589793, 1.0
272, 11, 495, 168, 496, 171, -1, -3, -1.892546881191539, 3.1622776601683795
272, 12, 861, 653, 865, 656, -4, -3, -2.498091544796509, 5.0
272, 13, 842, 105, 842, 106, 0, -1, -1.5707963267948966, 1.0
272, 14, 701, 130, 702, 132, -1, -2, -2.0344439357957027, 2.23606797749979
272, 15, 276, 335, 277, 335, -1, 0, 3.141592653589793, 1.0
272, 16, 503, 72, 501, 70, 2, 2, 0.7853981633974483, 2.8284271247461903
272, 17, 679, 54, 679, 53, 0, 1, 1.5707963267948966, 1.0
272, 18, 862, 502, 862, 498, 0, 4, 1.5707963267948966, 4.0
272, 19, 1049, 668, 1049, 673, 0, -5, -1.5707963267948966, 5.0
272, 20, 517, 79, 517, 78, 0, 1, 1.5707963267948966, 1.0
272, 21, 537, 485, 539, 484, -2, 1, 2.677945044588987, 2.23606797749979
272, 22, 823, 539, 823, 537, 0, 2, 1.5707963267948966, 2.0
272, 23, 493, 466, 494, 469, -1, -3, -1.892546881191539, 3.1622776601683795
272, 24, 254, 385, 255, 385, -1, 0, 3.141592653589793, 1.0
272, 25, 843, 498, 843, 494, 0, 4, 1.5707963267948966, 4.0
272, 26, 263, 334, 264, 334, -1, 0, 3.141592653589793, 1.0
272, 27, 700, 575, 700, 571, 0, 4, 1.5707963267948966, 4.0
272, 28, 849, 96, 849, 97, 0, -1, -1.5707963267948966, 1.0
272, 29, 483, 170, 484, 173, -1, -3, -1.892546881191539, 3.1622776601683795
272, 30, 1044, 637, 1044, 642, 0, -5, -1.5707963267948966, 5.0
272, 31, 11, 224, 13, 220, -2, 4, 2.0344439357957027, 4.47213595499958
272, 32, 510, 70, 510, 68, 0, 2, 1.5707963267948966, 2.0
272, 33, 617, 333, 618, 331, -1, 2, 2.0344439357957027, 2.23606797749979
272, 34, 841, 655, 843, 658, -2, -3, -2.158798930342464, 3.605551275463989
272, 35, 991, 10, 993, 11, -2, -1, -2.677945044588987, 2.23606797749979
272, 36, 973, 77, 975, 78, -2, -1, -2.677945044588987, 2.23606797749979
272, 37, 30, 109, 30, 109, 0, 0, 0.0, 0.0
272, 38, 690, 662, 689, 658, 1, 4, 1.3258176636680326, 4.123105625617661
272, 39, 509, 59, 507, 58, 2, 1, 0.4636476090008061, 2.23606797749979
272, 40, 1030, 631, 1029, 636, 1, -5, -1.373400766945016, 5.0990195135927845
272, 41, 882, 651, 888, 654, -6, -3, -2.677945044588987, 6.708203932499369
272, 42, 991, 44, 993, 43, -2, 1, 2.677945044588987, 2.23606797749979
272, 43, 511, 15, 509, 15, 2, 0, 0.0, 2.0
272, 44, 631, 283, 632, 279, -1, 4, 1.8157749899217608, 4.123105625617661
272, 45, 503, 196, 503, 195, 0, 1, 1.5707963267948966, 1.0
272, 46, 251, 326, 252, 326, -1, 0, 3.141592653589793, 1.0
272, 47, 502, 175, 503, 178, -1, -3, -1.892546881191539, 3.1622776601683795
272, 48, 939, 15, 940, 15, -1, 0, 3.141592653589793, 1.0
272, 49, 1238, 53, 1241, 55, -3, -2, -2.5535900500422257, 3.605551275463989
272, 50, 285, 375, 286, 375, -1, 0, 3.141592653589793, 1.0
272, 51, 473, 214, 474, 217, -1, -3, -1.892546881191539, 3.1622776601683795
272, 52, 332, 358, 333, 358, -1, 0, 3.141592653589793, 1.0
272, 53, 766, 33, 767, 33, -1, 0, 3.141592653589793, 1.0
272, 54, 1209, 70, 1213, 70, -4, 0, 3.141592653589793, 4.0
272, 55, 167, 174, 168, 174, -1, 0, 3.141592653589793, 1.0
272, 56, 1239, 100, 1243, 100, -4, 0, 3.141592653589793, 4.0
272, 57, 231, 319, 232, 319, -1, 0, 3.141592653589793, 1.0
272, 58, 509, 406, 509, 411, 0, -5, -1.5707963267948966, 5.0
272, 59, 1232, 352, 1233, 349, -1, 3, 1.892546881191539, 3.1622776601683795
272, 60, 330, 403, 331, 403, -1, 0, 3.141592653589793, 1.0
272, 61, 52, 148, 53, 148, -1, 0, 3.141592653589793, 1.0
272, 62, 510, 24, 507, 24, 3, 0, 0.0, 3.0
272, 63, 970, 40, 971, 43, -1, -3, -1.892546881191539, 3.1622776601683795
272, 64, 937, 98, 938, 98, -1, 0, 3.141592653589793, 1.0
272, 65, 31, 84, 32, 84, -1, 0, 3.141592653589793, 1.0
272, 66, 844, 581, 846, 580, -2, 1, 2.677945044588987, 2.23606797749979
272, 67, 61, 157, 62, 157, -1, 0, 3.141592653589793, 1.0
272, 68, 1253, 211, 1253, 210, 0, 1, 1.5707963267948966, 1.0
272, 69, 758, 18, 759, 18, -1, 0, 3.141592653589793, 1.0
272, 70, 489, 160, 490, 163, -1, -3, -1.892546881191539, 3.1622776601683795
272, 71, 1235, 312, 1235, 309, 0, 3, 1.5707963267948966, 3.0
272, 72, 1210, 80, 1214, 80, -4, 0, 3.141592653589793, 4.0
272, 73, 853, 643, 856, 647, -3, -4, -2.214297435588181, 5.0
272, 74, 705, 114, 706, 116, -1, -2, -2.0344439357957027, 2.23606797749979
272, 75, 138, 167, 139, 166, -1, 1, 2.356194490192345, 1.4142135623730951
272, 76, 652, 341, 652, 338, 0, 3, 1.5707963267948966, 3.0
272, 77, 871, 30, 871, 31, 0, -1, -1.5707963267948966, 1.0
272, 78, 857, 580, 861, 584, -4, -4, -2.356194490192345, 5.656854249492381
272, 79, 497, 430, 498, 435, -1, -5, -1.7681918866447774, 5.0990195135927845
272, 80, 981, 10, 983, 11, -2, -1, -2.677945044588987, 2.23606797749979
272, 81, 625, 326, 626, 324, -1, 2, 2.0344439357957027, 2.23606797749979
272, 82, 246, 401, 247, 401, -1, 0, 3.141592653589793, 1.0
272, 83, 1044, 688, 1044, 694, 0, -6, -1.5707963267948966, 6.0
272, 84, 732, 58, 733, 60, -1, -2, -2.0344439357957027, 2.23606797749979
272, 85, 771, 41, 772, 41, -1, 0, 3.141592653589793, 1.0
272, 86, 1259, 174, 1260, 173, -1, 1, 2.356194490192345, 1.4142135623730951
272, 87, 1202, 78, 1207, 78, -5, 0, 3.141592653589793, 5.0
272, 88, 815, 21, 816, 21, -1, 0, 3.141592653589793, 1.0
272, 89, 647, 55, 648, 52, -1, 3, 1.892546881191539, 3.1622776601683795
272, 90, 140, 112, 143, 110, -3, 2, 2.5535900500422257, 3.605551275463989
272, 91, 638, 285, 639, 281, -1, 4, 1.8157749899217608, 4.123105625617661
272, 92, 498, 261, 497, 266, 1, -5, -1.373400766945016, 5.0990195135927845
272, 93, 645, 328, 645, 324, 0, 4, 1.5707963267948966, 4.0
272, 94, 1226, 82, 1232, 82, -6, 0, 3.141592653589793, 6.0
272, 95, 838, 668, 838, 669, 0, -1, -1.5707963267948966, 1.0
272, 96, 819, 14, 820, 14, -1, 0, 3.141592653589793, 1.0
272, 97, 717, 570, 719, 567, -2, 3, 2.158798930342464, 3.605551275463989
272, 98, 924, 91, 925, 91, -1, 0, 3.141592653589793, 1.0
272, 99, 867, 551, 867, 548, 0, 3, 1.5707963267948966, 3.0
272, 100, 292, 309, 293, 309, -1, 0, 3.141592653589793, 1.0
272, 101, 137, 140, 139, 138, -2, 2, 2.356194490192345, 2.8284271247461903
272, 102, 1261, 216, 1262, 215, -1, 1, 2.356194490192345, 1.4142135623730951
272, 103, 684, 609, 684, 605, 0, 4, 1.5707963267948966, 4.0
272, 104, 865, 525, 864, 521, 1, 4, 1.3258176636680326, 4.123105625617661
272, 105, 531, 477, 532, 477, -1, 0, 3.141592653589793, 1.0
272, 106, 853, 684, 854, 684, -1, 0, 3.141592653589793, 1.0
272, 107, 500, 460, 501, 463, -1, -3, -1.892546881191539, 3.1622776601683795
272, 108, 503, 212, 504, 215, -1, -3, -1.892546881191539, 3.1622776601683795
272, 109, 1192, 413, 1193, 413, -1, 0, 3.141592653589793, 1.0
272, 110, 933, 90, 934, 90, -1, 0, 3.141592653589793, 1.0
272, 111, 1242, 60, 1245, 62, -3, -2, -2.5535900500422257, 3.605551275463989
272, 112, 1163, 136, 1167, 135, -4, 1, 2.896613990462929, 4.123105625617661
272, 113, 857, 111, 857, 112, 0, -1, -1.5707963267948966, 1.0
272, 114, 268, 321, 269, 321, -1, 0, 3.141592653589793, 1.0
272, 115, 893, 642, 897, 646, -4, -4, -2.356194490192345, 5.656854249492381
272, 116, 890, 619, 894, 622, -4, -3, -2.498091544796509, 5.0
272, 117, 270, 343, 271, 343, -1, 0, 3.141592653589793, 1.0
272, 118, 825, 42, 826, 42, -1, 0, 3.141592653589793, 1.0
272, 119, 162, 14, 161, 14, 1, 0, 0.0, 1.0
272, 120, 527, 460, 528, 462, -1, -2, -2.0344439357957027, 2.23606797749979
272, 121, 712, 565, 714, 561, -2, 4, 2.0344439357957027, 4.47213595499958
272, 122, 708, 670, 707, 670, 1, 0, 0.0, 1.0
272, 123, 625, 86, 626, 84, -1, 2, 2.0344439357957027, 2.23606797749979
273, 0, 256, 339, 257, 339, -1, 0, 3.141592653589793, 1.0
273, 1, 831, 137, 830, 139, 1, -2, -1.1071487177940904, 2.23606797749979
273, 2, 757, 10, 758, 10, -1, 0, 3.141592653589793, 1.0
273, 3, 162, 156, 165, 154, -3, 2, 2.5535900500422257, 3.605551275463989
273, 4, 833, 119, 832, 123, 1, -4, -1.3258176636680326, 4.123105625617661
273, 5, 853, 101, 852, 106, 1, -5, -1.373400766945016, 5.0990195135927845
273, 6, 1226, 367, 1227, 364, -1, 3, 1.892546881191539, 3.1622776601683795
273, 7, 746, 37, 747, 37, -1, 0, 3.141592653589793, 1.0
273, 8, 332, 343, 333, 343, -1, 0, 3.141592653589793, 1.0
273, 9, 495, 163, 495, 168, 0, -5, -1.5707963267948966, 5.0
273, 10, 858, 652, 861, 653, -3, -1, -2.819842099193151, 3.1622776601683795
273, 11, 843, 101, 842, 105, 1, -4, -1.3258176636680326, 4.123105625617661
273, 12, 701, 127, 701, 130, 0, -3, -1.5707963267948966, 3.0
273, 13, 274, 335, 276, 335, -2, 0, 3.141592653589793, 2.0
273, 14, 503, 71, 503, 72, 0, -1, -1.5707963267948966, 1.0
273, 15, 679, 58, 679, 54, 0, 4, 1.5707963267948966, 4.0
273, 16, 860, 505, 862, 502, -2, 3, 2.158798930342464, 3.605551275463989
273, 17, 1049, 660, 1049, 668, 0, -8, -1.5707963267948966, 8.0
273, 18, 515, 79, 517, 79, -2, 0, 3.141592653589793, 2.0
273, 19, 535, 487, 537, 485, -2, 2, 2.356194490192345, 2.8284271247461903
273, 20, 824, 542, 823, 539, 1, 3, 1.2490457723982544, 3.1622776601683795
273, 21, 493, 464, 493, 466, 0, -2, -1.5707963267948966, 2.0
273, 22, 253, 385, 254, 385, -1, 0, 3.141592653589793, 1.0
273, 23, 844, 502, 843, 498, 1, 4, 1.3258176636680326, 4.123105625617661
273, 24, 262, 334, 263, 334, -1, 0, 3.141592653589793, 1.0
273, 25, 700, 578, 700, 575, 0, 3, 1.5707963267948966, 3.0
273, 26, 850, 92, 849, 96, 1, -4, -1.3258176636680326, 4.123105625617661
273, 27, 482, 166, 483, 170, -1, -4, -1.8157749899217608, 4.123105625617661
273, 28, 1043, 633, 1044, 637, -1, -4, -1.8157749899217608, 4.123105625617661
273, 29, 10, 228, 11, 224, -1, 4, 1.8157749899217608, 4.123105625617661
273, 30, 510, 70, 510, 70, 0, 0, 0.0, 0.0
273, 31, 616, 338, 617, 333, -1, 5, 1.7681918866447774, 5.0990195135927845
273, 32, 840, 651, 841, 655, -1, -4, -1.8157749899217608, 4.123105625617661
273, 33, 987, 9, 991, 10, -4, -1, -2.896613990462929, 4.123105625617661
273, 34, 971, 77, 973, 77, -2, 0, 3.141592653589793, 2.0
273, 35, 30, 110, 30, 109, 0, 1, 1.5707963267948966, 1.0
273, 36, 690, 665, 690, 662, 0, 3, 1.5707963267948966, 3.0
273, 37, 511, 59, 509, 59, 2, 0, 0.0, 2.0
273, 38, 1031, 627, 1030, 631, 1, -4, -1.3258176636680326, 4.123105625617661
273, 39, 875, 647, 882, 651, -7, -4, -2.62244653934327, 8.06225774829855
273, 40, 989, 44, 991, 44, -2, 0, 3.141592653589793, 2.0
273, 41, 515, 15, 511, 15, 4, 0, 0.0, 4.0
273, 42, 630, 287, 631, 283, -1, 4, 1.8157749899217608, 4.123105625617661
273, 43, 503, 201, 503, 196, 0, 5, 1.5707963267948966, 5.0
273, 44, 502, 171, 502, 175, 0, -4, -1.5707963267948966, 4.0
273, 45, 938, 15, 939, 15, -1, 0, 3.141592653589793, 1.0
273, 46, 1234, 50, 1238, 53, -4, -3, -2.498091544796509, 5.0
273, 47, 285, 376, 285, 375, 0, 1, 1.5707963267948966, 1.0
273, 48, 471, 209, 473, 214, -2, -5, -1.9513027039072615, 5.385164807134504
273, 49, 331, 358, 332, 358, -1, 0, 3.141592653589793, 1.0
273, 50, 765, 33, 766, 33, -1, 0, 3.141592653589793, 1.0
273, 51, 1204, 69, 1209, 70, -5, -1, -2.9441970937399127, 5.0990195135927845
273, 52, 164, 175, 167, 174, -3, 1, 2.819842099193151, 3.1622776601683795
273, 53, 1236, 99, 1239, 100, -3, -1, -2.819842099193151, 3.1622776601683795
273, 54, 229, 318, 231, 319, -2, -1, -2.677945044588987, 2.23606797749979
273, 55, 509, 399, 509, 406, 0, -7, -1.5707963267948966, 7.0
273, 56, 1231, 356, 1232, 352, -1, 4, 1.8157749899217608, 4.123105625617661
273, 57, 329, 403, 330, 403, -1, 0, 3.141592653589793, 1.0
273, 58, 51, 148, 52, 148, -1, 0, 3.141592653589793, 1.0
273, 59, 514, 24, 510, 24, 4, 0, 0.0, 4.0
273, 60, 967, 36, 970, 40, -3, -4, -2.214297435588181, 5.0
273, 61, 936, 98, 937, 98, -1, 0, 3.141592653589793, 1.0
273, 62, 30, 84, 31, 84, -1, 0, 3.141592653589793, 1.0
273, 63, 843, 584, 844, 581, -1, 3, 1.892546881191539, 3.1622776601683795
273, 64, 60, 157, 61, 157, -1, 0, 3.141592653589793, 1.0
273, 65, 1253, 214, 1253, 211, 0, 3, 1.5707963267948966, 3.0
273, 66, 757, 18, 758, 18, -1, 0, 3.141592653589793, 1.0
273, 67, 489, 155, 489, 160, 0, -5, -1.5707963267948966, 5.0
273, 68, 1236, 316, 1235, 312, 1, 4, 1.3258176636680326, 4.123105625617661
273, 69, 1205, 79, 1210, 80, -5, -1, -2.9441970937399127, 5.0990195135927845
273, 70, 848, 638, 853, 643, -5, -5, -2.356194490192345, 7.0710678118654755
273, 71, 704, 111, 705, 114, -1, -3, -1.892546881191539, 3.1622776601683795
273, 72, 135, 169, 138, 167, -3, 2, 2.5535900500422257, 3.605551275463989
273, 73, 653, 343, 652, 341, 1, 2, 1.1071487177940904, 2.23606797749979
273, 74, 871, 28, 871, 30, 0, -2, -1.5707963267948966, 2.0
273, 75, 855, 578, 857, 580, -2, -2, -2.356194490192345, 2.8284271247461903
273, 76, 497, 425, 497, 430, 0, -5, -1.5707963267948966, 5.0
273, 77, 977, 9, 981, 10, -4, -1, -2.896613990462929, 4.123105625617661
273, 78, 625, 330, 625, 326, 0, 4, 1.5707963267948966, 4.0
273, 79, 245, 401, 246, 401, -1, 0, 3.141592653589793, 1.0
273, 80, 1044, 683, 1044, 688, 0, -5, -1.5707963267948966, 5.0
273, 81, 730, 56, 732, 58, -2, -2, -2.356194490192345, 2.8284271247461903
273, 82, 770, 41, 771, 41, -1, 0, 3.141592653589793, 1.0
273, 83, 1257, 175, 1259, 174, -2, 1, 2.677945044588987, 2.23606797749979
273, 84, 1197, 77, 1202, 78, -5, -1, -2.9441970937399127, 5.0990195135927845
273, 85, 814, 21, 815, 21, -1, 0, 3.141592653589793, 1.0
273, 86, 646, 58, 647, 55, -1, 3, 1.892546881191539, 3.1622776601683795
273, 87, 136, 113, 140, 112, -4, 1, 2.896613990462929, 4.123105625617661
273, 88, 637, 289, 638, 285, -1, 4, 1.8157749899217608, 4.123105625617661
273, 89, 499, 255, 498, 261, 1, -6, -1.4056476493802699, 6.082762530298219
273, 90, 645, 333, 645, 328, 0, 5, 1.5707963267948966, 5.0
273, 91, 1221, 81, 1226, 82, -5, -1, -2.9441970937399127, 5.0990195135927845
273, 92, 838, 668, 838, 668, 0, 0, 0.0, 0.0
273, 93, 818, 14, 819, 14, -1, 0, 3.141592653589793, 1.0
273, 94, 715, 573, 717, 570, -2, 3, 2.158798930342464, 3.605551275463989
273, 95, 923, 91, 924, 91, -1, 0, 3.141592653589793, 1.0
273, 96, 868, 552, 867, 551, 1, 1, 0.7853981633974483, 1.4142135623730951
273, 97, 290, 309, 292, 309, -2, 0, 3.141592653589793, 2.0
273, 98, 133, 143, 137, 140, -4, 3, 2.498091544796509, 5.0
273, 99, 1261, 218, 1261, 216, 0, 2, 1.5707963267948966, 2.0
273, 100, 684, 609, 684, 609, 0, 0, 0.0, 0.0
273, 101, 866, 531, 865, 525, 1, 6, 1.4056476493802699, 6.082762530298219
273, 102, 529, 476, 531, 477, -2, -1, -2.677945044588987, 2.23606797749979
273, 103, 852, 684, 853, 684, -1, 0, 3.141592653589793, 1.0
273, 104, 500, 457, 500, 460, 0, -3, -1.5707963267948966, 3.0
273, 105, 500, 209, 503, 212, -3, -3, -2.356194490192345, 4.242640687119285
273, 106, 1191, 413, 1192, 413, -1, 0, 3.141592653589793, 1.0
273, 107, 932, 90, 933, 90, -1, 0, 3.141592653589793, 1.0
273, 108, 1238, 57, 1242, 60, -4, -3, -2.498091544796509, 5.0
273, 109, 1160, 137, 1163, 136, -3, 1, 2.819842099193151, 3.1622776601683795
273, 110, 858, 107, 857, 111, 1, -4, -1.3258176636680326, 4.123105625617661
273, 111, 266, 321, 268, 321, -2, 0, 3.141592653589793, 2.0
273, 112, 889, 638, 893, 642, -4, -4, -2.356194490192345, 5.656854249492381
273, 113, 887, 618, 890, 619, -3, -1, -2.819842099193151, 3.1622776601683795
273, 114, 268, 343, 270, 343, -2, 0, 3.141592653589793, 2.0
273, 115, 824, 42, 825, 42, -1, 0, 3.141592653589793, 1.0
273, 116, 160, 14, 162, 14, -2, 0, 3.141592653589793, 2.0
273, 117, 527, 458, 527, 460, 0, -2, -1.5707963267948966, 2.0
273, 118, 711, 569, 712, 565, -1, 4, 1.8157749899217608, 4.123105625617661
273, 119, 708, 669, 708, 670, 0, -1, -1.5707963267948966, 1.0
273, 120, 623, 90, 625, 86, -2, 4, 2.0344439357957027, 4.47213595499958
274, 0, 256, 340, 257, 340, -1, 0, 3.141592653589793, 1.0
274, 1, 757, 10, 758, 10, -1, 0, 3.141592653589793, 1.0
274, 2, 834, 120, 833, 122, 1, -2, -1.1071487177940904, 2.23606797749979
274, 3, 244, 327, 244, 327, 0, 0, 0.0, 0.0
274, 4, 257, 374, 257, 375, 0, -1, -1.5707963267948966, 1.0
274, 5, 162, 158, 165, 156, -3, 2, 2.5535900500422257, 3.605551275463989
274, 6, 854, 101, 854, 104, 0, -3, -1.5707963267948966, 3.0
274, 7, 844, 99, 843, 103, 1, -4, -1.3258176636680326, 4.123105625617661
274, 8, 334, 344, 334, 344, 0, 0, 0.0, 0.0
274, 9, 535, 489, 536, 488, -1, 1, 2.356194490192345, 1.4142135623730951
274, 10, 831, 530, 830, 527, 1, 3, 1.2490457723982544, 3.1622776601683795
274, 11, 262, 335, 263, 335, -1, 0, 3.141592653589793, 1.0
274, 12, 493, 452, 493, 455, 0, -3, -1.5707963267948966, 3.0
274, 13, 252, 324, 252, 325, 0, -1, -1.5707963267948966, 1.0
274, 14, 1051, 656, 1051, 661, 0, -5, -1.5707963267948966, 5.0
274, 15, 1031, 620, 1031, 625, 0, -5, -1.5707963267948966, 5.0
274, 16, 861, 510, 862, 506, -1, 4, 1.8157749899217608, 4.123105625617661
274, 17, 851, 91, 851, 94, 0, -3, -1.5707963267948966, 3.0
274, 18, 255, 385, 255, 385, 0, 0, 0.0, 0.0
274, 19, 275, 335, 276, 335, -1, 0, 3.141592653589793, 1.0
274, 20, 679, 58, 680, 56, -1, 2, 2.0344439357957027, 2.23606797749979
274, 21, 496, 163, 496, 167, 0, -4, -1.5707963267948966, 4.0
274, 22, 517, 15, 514, 15, 3, 0, 0.0, 3.0
274, 23, 513, 73, 512, 73, 1, 0, 0.0, 1.0
274, 24, 843, 507, 843, 504, 0, 3, 1.5707963267948966, 3.0
274, 25, 698, 586, 699, 582, -1, 4, 1.8157749899217608, 4.123105625617661
274, 26, 821, 548, 821, 543, 0, 5, 1.5707963267948966, 5.0
274, 27, 510, 60, 510, 60, 0, 0, 0.0, 0.0
274, 28, 616, 338, 617, 334, -1, 4, 1.8157749899217608, 4.123105625617661
274, 29, 484, 164, 484, 168, 0, -4, -1.5707963267948966, 4.0
274, 30, 1046, 625, 1047, 631, -1, -6, -1.7359450042095235, 6.082762530298219
274, 31, 31, 85, 32, 85, -1, 0, 3.141592653589793, 1.0
274, 32, 1253, 214, 1253, 213, 0, 1, 1.5707963267948966, 1.0
274, 33, 836, 670, 838, 670, -2, 0, 3.141592653589793, 2.0
274, 34, 10, 227, 11, 225, -1, 2, 2.0344439357957027, 2.23606797749979
274, 35, 702, 190, 702, 191, 0, -1, -1.5707963267948966, 1.0
274, 36, 30, 110, 30, 110, 0, 0, 0.0, 0.0
274, 37, 939, 15, 940, 15, -1, 0, 3.141592653589793, 1.0
274, 38, 873, 9, 873, 11, 0, -2, -1.5707963267948966, 2.0
274, 39, 490, 154, 490, 158, 0, -4, -1.5707963267948966, 4.0
274, 40, 631, 288, 632, 285, -1, 3, 1.892546881191539, 3.1622776601683795
274, 41, 509, 402, 509, 405, 0, -3, -1.5707963267948966, 3.0
274, 42, 1204, 76, 1208, 78, -4, -2, -2.677945044588987, 4.47213595499958
274, 43, 834, 140, 834, 143, 0, -3, -1.5707963267948966, 3.0
274, 44, 286, 376, 286, 376, 0, 0, 0.0, 0.0
274, 45, 1235, 51, 1238, 53, -3, -2, -2.5535900500422257, 3.605551275463989
274, 46, 1165, 137, 1166, 137, -1, 0, 3.141592653589793, 1.0
274, 47, 690, 672, 691, 669, -1, 3, 1.892546881191539, 3.1622776601683795
274, 48, 1231, 95, 1235, 97, -4, -2, -2.677945044588987, 4.47213595499958
274, 49, 846, 587, 846, 585, 0, 2, 1.5707963267948966, 2.0
274, 50, 1194, 75, 1199, 77, -5, -2, -2.761086276477428, 5.385164807134504
274, 51, 988, 9, 990, 10, -2, -1, -2.677945044588987, 2.23606797749979
274, 52, 882, 634, 887, 637, -5, -3, -2.601173153319209, 5.830951894845301
274, 53, 1233, 354, 1233, 352, 0, 2, 1.5707963267948966, 2.0
274, 54, 472, 207, 473, 212, -1, -5, -1.7681918866447774, 5.0990195135927845
274, 55, 518, 79, 516, 79, 2, 0, 0.0, 2.0
274, 56, 498, 425, 498, 429, 0, -4, -1.5707963267948966, 4.0
274, 57, 331, 358, 332, 358, -1, 0, 3.141592653589793, 1.0
274, 58, 866, 533, 866, 529, 0, 4, 1.5707963267948966, 4.0
274, 59, 1202, 67, 1206, 69, -4, -2, -2.677945044588987, 4.47213595499958
274, 60, 936, 98, 937, 98, -1, 0, 3.141592653589793, 1.0
274, 61, 627, 75, 628, 74, -1, 1, 2.356194490192345, 1.4142135623730951
274, 62, 766, 34, 767, 34, -1, 0, 3.141592653589793, 1.0
274, 63, 866, 559, 866, 557, 0, 2, 1.5707963267948966, 2.0
274, 64, 247, 402, 247, 402, 0, 0, 0.0, 0.0
274, 65, 331, 404, 331, 404, 0, 0, 0.0, 0.0
274, 66, 692, 154, 692, 155, 0, -1, -1.5707963267948966, 1.0
274, 67, 654, 347, 654, 344, 0, 3, 1.5707963267948966, 3.0
274, 68, 471, 33, 472, 35, -1, -2, -2.0344439357957027, 2.23606797749979
274, 69, 836, 179, 836, 183, 0, -4, -1.5707963267948966, 4.0
274, 70, 1228, 370, 1228, 367, 0, 3, 1.5707963267948966, 3.0
274, 71, 968, 38, 970, 40, -2, -2, -2.356194490192345, 2.8284271247461903
274, 72, 1221, 80, 1225, 81, -4, -1, -2.896613990462929, 4.123105625617661
274, 73, 854, 567, 853, 569, 1, -2, -1.1071487177940904, 2.23606797749979
274, 74, 626, 334, 626, 330, 0, 4, 1.5707963267948966, 4.0
274, 75, 497, 255, 497, 257, 0, -2, -1.5707963267948966, 2.0
274, 76, 13, 254, 13, 251, 0, 3, 1.5707963267948966, 3.0
274, 77, 759, 18, 760, 18, -1, 0, 3.141592653589793, 1.0
274, 78, 1261, 51, 1275, 53, -14, -2, -2.999695598985629, 14.142135623730951
274, 79, 923, 92, 924, 92, -1, 0, 3.141592653589793, 1.0
274, 80, 53, 153, 54, 153, -1, 0, 3.141592653589793, 1.0
274, 81, 61, 157, 62, 157, -1, 0, 3.141592653589793, 1.0
274, 82, 502, 170, 503, 174, -1, -4, -1.8157749899217608, 4.123105625617661
274, 83, 1236, 315, 1236, 313, 0, 2, 1.5707963267948966, 2.0
274, 84, 818, 13, 819, 13, -1, 0, 3.141592653589793, 1.0
274, 85, 501, 453, 501, 456, 0, -3, -1.5707963267948966, 3.0
274, 86, 639, 375, 640, 375, -1, 0, 3.141592653589793, 1.0
274, 87, 683, 621, 683, 617, 0, 4, 1.5707963267948966, 4.0
274, 88, 135, 142, 137, 141, -2, 1, 2.677945044588987, 2.23606797749979
274, 89, 153, 15, 153, 15, 0, 0, 0.0, 0.0
274, 90, 291, 310, 292, 310, -1, 0, 3.141592653589793, 1.0
274, 91, 710, 575, 712, 571, -2, 4, 2.0344439357957027, 4.47213595499958
274, 92, 165, 177, 167, 175, -2, 2, 2.356194490192345, 2.8284271247461903
274, 93, 138, 113, 140, 112, -2, 1, 2.677945044588987, 2.23606797749979
274, 94, 1261, 219, 1269, 217, -8, 2, 2.896613990462929, 8.246211251235321
274, 95, 815, 21, 816, 21, -1, 0, 3.141592653589793, 1.0
274, 96, 770, 41, 771, 41, -1, 0, 3.141592653589793, 1.0
274, 97, 773, 48, 774, 48, -1, 0, 3.141592653589793, 1.0
274, 98, 1239, 113, 1242, 113, -3, 0, 3.141592653589793, 3.0
274, 99, 881, 612, 885, 615, -4, -3, -2.498091544796509, 5.0
274, 100, 137, 169, 138, 168, -1, 1, 2.356194490192345, 1.4142135623730951
274, 101, 638, 290, 639, 287, -1, 3, 1.892546881191539, 3.1622776601683795
274, 102, 469, 227, 471, 230, -2, -3, -2.158798930342464, 3.605551275463989
274, 103, 932, 91, 933, 91, -1, 0, 3.141592653589793, 1.0
274, 104, 842, 633, 845, 637, -3, -4, -2.214297435588181, 5.0
274, 105, 1195, 415, 1196, 415, -1, 0, 3.141592653589793, 1.0
274, 106, 872, 27, 872, 29, 0, -2, -1.5707963267948966, 2.0
274, 107, 1260, 218, 1260, 217, 0, 1, 1.5707963267948966, 1.0
274, 108, 852, 685, 854, 685, -2, 0, 3.141592653589793, 2.0
274, 109, 846, 167, 847, 167, -1, 0, 3.141592653589793, 1.0
274, 110, 333, 337, 333, 337, 0, 0, 0.0, 0.0
274, 111, 325, 336, 325, 336, 0, 0, 0.0, 0.0
274, 112, 267, 321, 268, 321, -1, 0, 3.141592653589793, 1.0
274, 113, 989, 39, 990, 39, -1, 0, 3.141592653589793, 1.0
274, 114, 855, 26, 856, 28, -1, -2, -2.0344439357957027, 2.23606797749979
274, 115, 716, 580, 718, 577, -2, 3, 2.158798930342464, 3.605551275463989
274, 116, 838, 106, 837, 109, 1, -3, -1.2490457723982544, 3.1622776601683795
274, 117, 515, 24, 512, 24, 3, 0, 0.0, 3.0
274, 118, 862, 119, 862, 123, 0, -4, -1.5707963267948966, 4.0
274, 119, 646, 336, 646, 332, 0, 4, 1.5707963267948966, 4.0
274, 120, 266, 391, 266, 391, 0, 0, 0.0, 0.0
274, 121, 710, 148, 711, 150, -1, -2, -2.0344439357957027, 2.23606797749979
274, 122, 274, 345, 275, 345, -1, 0, 3.141592653589793, 1.0
274, 123, 1042, 684, 1043, 687, -1, -3, -1.892546881191539, 3.1622776601683795
274, 124, 849, 500, 849, 496, 0, 4, 1.5707963267948966, 4.0
274, 125, 634, 57, 635, 56, -1, 1, 2.356194490192345, 1.4142135623730951
274, 126, 329, 373, 330, 373, -1, 0, 3.141592653589793, 1.0
274, 127, 1261, 42, 1272, 44, -11, -2, -2.961739153797315, 11.180339887498949
274, 128, 173, 11, 170, 12, 3, -1, -0.3217505543966422, 3.1622776601683795
274, 129, 534, 462, 534, 464, 0, -2, -1.5707963267948966, 2.0
274, 130, 1233, 44, 1236, 46, -3, -2, -2.5535900500422257, 3.605551275463989
274, 131, 707, 671, 708, 671, -1, 0, 3.141592653589793, 1.0
274, 132, 634, 135, 635, 135, -1, 0, 3.141592653589793, 1.0
274, 133, 1238, 324, 1238, 322, 0, 2, 1.5707963267948966, 2.0
274, 134, 504, 204, 504, 203, 0, 1, 1.5707963267948966, 1.0
274, 135, 866, 591, 870, 594, -4, -3, -2.498091544796509, 5.0
274, 136, 558, 12, 558, 12, 0, 0, 0.0, 0.0
274, 137, 702, 576, 703, 572, -1, 4, 1.8157749899217608, 4.123105625617661
274, 138, 828, 656, 829, 656, -1, 0, 3.141592653589793, 1.0
274, 139, 868, 642, 873, 645, -5, -3, -2.601173153319209, 5.830951894845301
274, 140, 160, 15, 160, 15, 0, 0, 0.0, 0.0
274, 141, 834, 601, 833, 600, 1, 1, 0.7853981633974483, 1.4142135623730951
274, 142, 1256, 15, 1256, 15, 0, 0, 0.0, 0.0
274, 143, 335, 701, 336, 703, -1, -2, -2.0344439357957027, 2.23606797749979
274, 144, 760, 44, 761, 44, -1, 0, 3.141592653589793, 1.0
274, 145, 851, 17, 852, 19, -1, -2, -2.0344439357957027, 2.23606797749979
274, 146, 511, 48, 509, 48, 2, 0, 0.0, 2.0
274, 147, 1191, 334, 1192, 332, -1, 2, 2.0344439357957027, 2.23606797749979
274, 148, 1256, 171, 1257, 171, -1, 0, 3.141592653589793, 1.0
274, 149, 1261, 93, 1268, 95, -7, -2, -2.8632929945846817, 7.280109889280518
274, 150, 876, 680, 883, 685, -7, -5, -2.5213431676069717, 8.602325267042627
274, 151, 316, 404, 317, 404, -1, 0, 3.141592653589793, 1.0
274, 152, 1247, 240, 1248, 240, -1, 0, 3.141592653589793, 1.0
274, 153, 939, 29, 940, 29, -1, 0, 3.141592653589793, 1.0
274, 154, 305, 319, 306, 319, -1, 0, 3.141592653589793, 1.0
274, 155, 1252, 110, 1256, 108, -4, 2, 2.677945044588987, 4.47213595499958
274, 156, 654, 73, 655, 72, -1, 1, 2.356194490192345, 1.4142135623730951
274, 157, 324, 343, 324, 343, 0, 0, 0.0, 0.0
275, 0, 255, 340, 256, 340, -1, 0, 3.141592653589793, 1.0
275, 1, 756, 10, 757, 10, -1, 0, 3.141592653589793, 1.0
275, 2, 834, 119, 834, 120, 0, -1, -1.5707963267948966, 1.0
275, 3, 244, 326, 244, 327, 0, -1, -1.5707963267948966, 1.0
275, 4, 257, 373, 257, 374, 0, -1, -1.5707963267948966, 1.0
275, 5, 159, 160, 162, 158, -3, 2, 2.5535900500422257, 3.605551275463989
275, 6, 855, 97, 854, 101, 1, -4, -1.3258176636680326, 4.123105625617661
275, 7, 845, 95, 844, 99, 1, -4, -1.3258176636680326, 4.123105625617661
275, 8, 333, 344, 334, 344, -1, 0, 3.141592653589793, 1.0
275, 9, 832, 533, 831, 530, 1, 3, 1.2490457723982544, 3.1622776601683795
275, 10, 261, 335, 262, 335, -1, 0, 3.141592653589793, 1.0
275, 11, 493, 448, 493, 452, 0, -4, -1.5707963267948966, 4.0
275, 12, 252, 323, 252, 324, 0, -1, -1.5707963267948966, 1.0
275, 13, 1052, 651, 1051, 656, 1, -5, -1.373400766945016, 5.0990195135927845
275, 14, 1030, 616, 1031, 620, -1, -4, -1.8157749899217608, 4.123105625617661
275, 15, 860, 513, 861, 510, -1, 3, 1.892546881191539, 3.1622776601683795
275, 16, 852, 87, 851, 91, 1, -4, -1.3258176636680326, 4.123105625617661
275, 17, 255, 385, 255, 385, 0, 0, 0.0, 0.0
275, 18, 274, 335, 275, 335, -1, 0, 3.141592653589793, 1.0
275, 19, 679, 60, 679, 58, 0, 2, 1.5707963267948966, 2.0
275, 20, 496, 159, 496, 163, 0, -4, -1.5707963267948966, 4.0
275, 21, 520, 15, 517, 15, 3, 0, 0.0, 3.0
275, 22, 513, 72, 513, 73, 0, -1, -1.5707963267948966, 1.0
275, 23, 843, 510, 843, 507, 0, 3, 1.5707963267948966, 3.0
275, 24, 697, 590, 698, 586, -1, 4, 1.8157749899217608, 4.123105625617661
275, 25, 821, 552, 821, 548, 0, 4, 1.5707963267948966, 4.0
275, 26, 511, 59, 510, 60, 1, -1, -0.7853981633974483, 1.4142135623730951
275, 27, 615, 341, 616, 338, -1, 3, 1.892546881191539, 3.1622776601683795
275, 28, 484, 160, 484, 164, 0, -4, -1.5707963267948966, 4.0
275, 29, 1045, 620, 1046, 625, -1, -5, -1.7681918866447774, 5.0990195135927845
275, 30, 31, 85, 31, 85, 0, 0, 0.0, 0.0
275, 31, 1253, 215, 1253, 214, 0, 1, 1.5707963267948966, 1.0
275, 32, 835, 670, 836, 670, -1, 0, 3.141592653589793, 1.0
275, 33, 9, 229, 10, 227, -1, 2, 2.0344439357957027, 2.23606797749979
275, 34, 702, 189, 702, 190, 0, -1, -1.5707963267948966, 1.0
275, 35, 30, 110, 30, 110, 0, 0, 0.0, 0.0
275, 36, 938, 15, 939, 15, -1, 0, 3.141592653589793, 1.0
275, 37, 490, 150, 490, 154, 0, -4, -1.5707963267948966, 4.0
275, 38, 630, 291, 631, 288, -1, 3, 1.892546881191539, 3.1622776601683795
275, 39, 509, 399, 509, 402, 0, -3, -1.5707963267948966, 3.0
275, 40, 1200, 74, 1204, 76, -4, -2, -2.677945044588987, 4.47213595499958
275, 41, 835, 136, 834, 140, 1, -4, -1.3258176636680326, 4.123105625617661
275, 42, 286, 376, 286, 376, 0, 0, 0.0, 0.0
275, 43, 1233, 49, 1235, 51, -2, -2, -2.356194490192345, 2.8284271247461903
275, 44, 1164, 137, 1165, 137, -1, 0, 3.141592653589793, 1.0
275, 45, 689, 675, 690, 672, -1, 3, 1.892546881191539, 3.1622776601683795
275, 46, 1228, 93, 1231, 95, -3, -2, -2.5535900500422257, 3.605551275463989
275, 47, 843, 584, 846, 587, -3, -3, -2.356194490192345, 4.242640687119285
275, 48, 1190, 73, 1194, 75, -4, -2, -2.677945044588987, 4.47213595499958
275, 49, 877, 630, 882, 634, -5, -4, -2.4668517113662407, 6.4031242374328485
275, 50, 1233, 355, 1233, 354, 0, 1, 1.5707963267948966, 1.0
275, 51, 471, 202, 472, 207, -1, -5, -1.7681918866447774, 5.0990195135927845
275, 52, 518, 78, 518, 79, 0, -1, -1.5707963267948966, 1.0
275, 53, 498, 421, 498, 425, 0, -4, -1.5707963267948966, 4.0
275, 54, 330, 358, 331, 358, -1, 0, 3.141592653589793, 1.0
275, 55, 866, 538, 866, 533, 0, 5, 1.5707963267948966, 5.0
275, 56, 1198, 65, 1202, 67, -4, -2, -2.677945044588987, 4.47213595499958
275, 57, 935, 98, 936, 98, -1, 0, 3.141592653589793, 1.0
275, 58, 626, 76, 627, 75, -1, 1, 2.356194490192345, 1.4142135623730951
275, 59, 765, 34, 766, 34, -1, 0, 3.141592653589793, 1.0
275, 60, 867, 561, 866, 559, 1, 2, 1.1071487177940904, 2.23606797749979
275, 61, 246, 402, 247, 402, -1, 0, 3.141592653589793, 1.0
275, 62, 330, 404, 331, 404, -1, 0, 3.141592653589793, 1.0
275, 63, 692, 152, 692, 154, 0, -2, -1.5707963267948966, 2.0
275, 64, 654, 350, 654, 347, 0, 3, 1.5707963267948966, 3.0
275, 65, 470, 30, 471, 33, -1, -3, -1.892546881191539, 3.1622776601683795
275, 66, 836, 176, 836, 179, 0, -3, -1.5707963267948966, 3.0
275, 67, 1228, 373, 1228, 370, 0, 3, 1.5707963267948966, 3.0
275, 68, 966, 37, 968, 38, -2, -1, -2.677945044588987, 2.23606797749979
275, 69, 1217, 78, 1221, 80, -4, -2, -2.677945044588987, 4.47213595499958
275, 70, 855, 568, 854, 567, 1, 1, 0.7853981633974483, 1.4142135623730951
275, 71, 625, 337, 626, 334, -1, 3, 1.892546881191539, 3.1622776601683795
275, 72, 497, 253, 497, 255, 0, -2, -1.5707963267948966, 2.0
275, 73, 14, 257, 13, 254, 1, 3, 1.2490457723982544, 3.1622776601683795
275, 74, 758, 18, 759, 18, -1, 0, 3.141592653589793, 1.0
275, 75, 1258, 49, 1261, 51, -3, -2, -2.5535900500422257, 3.605551275463989
275, 76, 922, 92, 923, 92, -1, 0, 3.141592653589793, 1.0
275, 77, 52, 153, 53, 153, -1, 0, 3.141592653589793, 1.0
275, 78, 60, 157, 61, 157, -1, 0, 3.141592653589793, 1.0
275, 79, 502, 166, 502, 170, 0, -4, -1.5707963267948966, 4.0
275, 80, 1236, 317, 1236, 315, 0, 2, 1.5707963267948966, 2.0
275, 81, 817, 13, 818, 13, -1, 0, 3.141592653589793, 1.0
275, 82, 501, 449, 501, 453, 0, -4, -1.5707963267948966, 4.0
275, 83, 638, 376, 639, 375, -1, 1, 2.356194490192345, 1.4142135623730951
275, 84, 682, 625, 683, 621, -1, 4, 1.8157749899217608, 4.123105625617661
275, 85, 133, 143, 135, 142, -2, 1, 2.677945044588987, 2.23606797749979
275, 86, 153, 15, 153, 15, 0, 0, 0.0, 0.0
275, 87, 290, 310, 291, 310, -1, 0, 3.141592653589793, 1.0
275, 88, 708, 579, 710, 575, -2, 4, 2.0344439357957027, 4.47213595499958
275, 89, 163, 180, 165, 177, -2, 3, 2.158798930342464, 3.605551275463989
275, 90, 136, 114, 138, 113, -2, 1, 2.677945044588987, 2.23606797749979
275, 91, 1261, 220, 1261, 219, 0, 1, 1.5707963267948966, 1.0
275, 92, 814, 21, 815, 21, -1, 0, 3.141592653589793, 1.0
275, 93, 769, 41, 770, 41, -1, 0, 3.141592653589793, 1.0
275, 94, 772, 48, 773, 48, -1, 0, 3.141592653589793, 1.0
275, 95, 1236, 113, 1239, 113, -3, 0, 3.141592653589793, 3.0
275, 96, 878, 610, 881, 612, -3, -2, -2.5535900500422257, 3.605551275463989
275, 97, 136, 170, 137, 169, -1, 1, 2.356194490192345, 1.4142135623730951
275, 98, 637, 293, 638, 290, -1, 3, 1.892546881191539, 3.1622776601683795
275, 99, 467, 223, 469, 227, -2, -4, -2.0344439357957027, 4.47213595499958
275, 100, 931, 91, 932, 91, -1, 0, 3.141592653589793, 1.0
275, 101, 839, 628, 842, 633, -3, -5, -2.1112158270654806, 5.830951894845301
275, 102, 1195, 415, 1195, 415, 0, 0, 0.0, 0.0
275, 103, 872, 25, 872, 27, 0, -2, -1.5707963267948966, 2.0
275, 104, 1260, 219, 1260, 218, 0, 1, 1.5707963267948966, 1.0
275, 105, 853, 685, 852, 685, 1, 0, 0.0, 1.0
275, 106, 846, 167, 846, 167, 0, 0, 0.0, 0.0
275, 107, 332, 337, 333, 337, -1, 0, 3.141592653589793, 1.0
275, 108, 325, 336, 325, 336, 0, 0, 0.0, 0.0
275, 109, 266, 321, 267, 321, -1, 0, 3.141592653589793, 1.0
275, 110, 988, 37, 989, 39, -1, -2, -2.0344439357957027, 2.23606797749979
275, 111, 855, 24, 855, 26, 0, -2, -1.5707963267948966, 2.0
275, 112, 714, 583, 716, 580, -2, 3, 2.158798930342464, 3.605551275463989
275, 113, 839, 102, 838, 106, 1, -4, -1.3258176636680326, 4.123105625617661
275, 114, 518, 24, 515, 24, 3, 0, 0.0, 3.0
275, 115, 862, 115, 862, 119, 0, -4, -1.5707963267948966, 4.0
275, 116, 646, 339, 646, 336, 0, 3, 1.5707963267948966, 3.0
275, 117, 266, 391, 266, 391, 0, 0, 0.0, 0.0
275, 118, 710, 147, 710, 148, 0, -1, -1.5707963267948966, 1.0
275, 119, 273, 345, 274, 345, -1, 0, 3.141592653589793, 1.0
275, 120, 1041, 681, 1042, 684, -1, -3, -1.892546881191539, 3.1622776601683795
275, 121, 849, 504, 849, 500, 0, 4, 1.5707963267948966, 4.0
275, 122, 633, 58, 634, 57, -1, 1, 2.356194490192345, 1.4142135623730951
275, 123, 328, 373, 329, 373, -1, 0, 3.141592653589793, 1.0
275, 124, 1258, 40, 1261, 42, -3, -2, -2.5535900500422257, 3.605551275463989
275, 125, 176, 9, 173, 11, 3, -2, -0.5880026035475675, 3.605551275463989
275, 126, 534, 460, 534, 462, 0, -2, -1.5707963267948966, 2.0
275, 127, 1231, 42, 1233, 44, -2, -2, -2.356194490192345, 2.8284271247461903
275, 128, 706, 672, 707, 671, -1, 1, 2.356194490192345, 1.4142135623730951
275, 129, 634, 135, 634, 135, 0, 0, 0.0, 0.0
275, 130, 1238, 326, 1238, 324, 0, 2, 1.5707963267948966, 2.0
275, 131, 504, 205, 504, 204, 0, 1, 1.5707963267948966, 1.0
275, 132, 862, 587, 866, 591, -4, -4, -2.356194490192345, 5.656854249492381
275, 133, 558, 12, 558, 12, 0, 0, 0.0, 0.0
275, 134, 701, 580, 702, 576, -1, 4, 1.8157749899217608, 4.123105625617661
275, 135, 827, 653, 828, 656, -1, -3, -1.892546881191539, 3.1622776601683795
275, 136, 862, 639, 868, 642, -6, -3, -2.677945044588987, 6.708203932499369
275, 137, 160, 15, 160, 15, 0, 0, 0.0, 0.0
275, 138, 835, 594, 834, 601, 1, -7, -1.4288992721907328, 7.0710678118654755
275, 139, 1257, 15, 1256, 15, 1, 0, 0.0, 1.0
275, 140, 334, 701, 335, 701, -1, 0, 3.141592653589793, 1.0
275, 141, 759, 44, 760, 44, -1, 0, 3.141592653589793, 1.0
275, 142, 851, 15, 851, 17, 0, -2, -1.5707963267948966, 2.0
275, 143, 513, 48, 511, 48, 2, 0, 0.0, 2.0
275, 144, 1191, 336, 1191, 334, 0, 2, 1.5707963267948966, 2.0
275, 145, 1255, 171, 1256, 171, -1, 0, 3.141592653589793, 1.0
275, 146, 1258, 91, 1261, 93, -3, -2, -2.5535900500422257, 3.605551275463989
275, 147, 869, 675, 876, 680, -7, -5, -2.5213431676069717, 8.602325267042627
275, 148, 315, 404, 316, 404, -1, 0, 3.141592653589793, 1.0
275, 149, 1247, 240, 1247, 240, 0, 0, 0.0, 0.0
275, 150, 938, 29, 939, 29, -1, 0, 3.141592653589793, 1.0
275, 151, 304, 319, 305, 319, -1, 0, 3.141592653589793, 1.0
275, 152, 1249, 111, 1252, 110, -3, 1, 2.819842099193151, 3.1622776601683795
275, 153, 653, 73, 654, 73, -1, 0, 3.141592653589793, 1.0
275, 154, 323, 343, 324, 343, -1, 0, 3.141592653589793, 1.0
276, 0, 834, 120, 834, 120, 0, 0, 0.0, 0.0
276, 1, 757, 10, 758, 10, -1, 0, 3.141592653589793, 1.0
276, 2, 854, 639, 860, 642, -6, -3, -2.677945044588987, 6.708203932499369
276, 3, 245, 326, 245, 327, 0, -1, -1.5707963267948966, 1.0
276, 4, 159, 160, 162, 158, -3, 2, 2.5535900500422257, 3.605551275463989
276, 5, 832, 537, 831, 534, 1, 3, 1.2490457723982544, 3.1622776601683795
276, 6, 855, 97, 855, 101, 0, -4, -1.5707963267948966, 4.0
276, 7, 701, 127, 702, 129, -1, -2, -2.0344439357957027, 2.23606797749979
276, 8, 255, 338, 256, 338, -1, 0, 3.141592653589793, 1.0
276, 9, 845, 96, 844, 100, 1, -4, -1.3258176636680326, 4.123105625617661
276, 10, 334, 345, 334, 345, 0, 0, 0.0, 0.0
276, 11, 257, 369, 257, 370, 0, -1, -1.5707963267948966, 1.0
276, 12, 843, 514, 843, 511, 0, 3, 1.5707963267948966, 3.0
276, 13, 680, 60, 680, 58, 0, 2, 1.5707963267948966, 2.0
276, 14, 494, 443, 494, 447, 0, -4, -1.5707963267948966, 4.0
276, 15, 619, 341, 619, 338, 0, 3, 1.5707963267948966, 3.0
276, 16, 252, 324, 252, 325, 0, -1, -1.5707963267948966, 1.0
276, 17, 274, 335, 275, 335, -1, 0, 3.141592653589793, 1.0
276, 18, 516, 79, 516, 79, 0, 0, 0.0, 0.0
276, 19, 496, 161, 496, 164, 0, -3, -1.5707963267948966, 3.0
276, 20, 852, 87, 852, 91, 0, -4, -1.5707963267948966, 4.0
276, 21, 861, 517, 862, 513, -1, 4, 1.8157749899217608, 4.123105625617661
276, 22, 1047, 617, 1048, 622, -1, -5, -1.7681918866447774, 5.0990195135927845
276, 23, 1053, 647, 1052, 652, 1, -5, -1.373400766945016, 5.0990195135927845
276, 24, 525, 75, 524, 75, 1, 0, 0.0, 1.0
276, 25, 485, 160, 485, 164, 0, -4, -1.5707963267948966, 4.0
276, 26, 264, 337, 265, 337, -1, 0, 3.141592653589793, 1.0
276, 27, 746, 38, 747, 38, -1, 0, 3.141592653589793, 1.0
276, 28, 702, 190, 702, 191, 0, -1, -1.5707963267948966, 1.0
276, 29, 822, 553, 821, 549, 1, 4, 1.3258176636680326, 4.123105625617661
276, 30, 254, 385, 254, 385, 0, 0, 0.0, 0.0
276, 31, 512, 55, 510, 55, 2, 0, 0.0, 2.0
276, 32, 520, 16, 517, 16, 3, 0, 0.0, 3.0
276, 33, 31, 110, 31, 110, 0, 0, 0.0, 0.0
276, 34, 697, 593, 698, 589, -1, 4, 1.8157749899217608, 4.123105625617661
276, 35, 32, 85, 32, 85, 0, 0, 0.0, 0.0
276, 36, 1032, 613, 1033, 617, -1, -4, -1.8157749899217608, 4.123105625617661
276, 37, 491, 152, 491, 155, 0, -3, -1.5707963267948966, 3.0
276, 38, 1190, 74, 1194, 76, -4, -2, -2.677945044588987, 4.47213595499958
276, 39, 991, 45, 993, 47, -2, -2, -2.356194490192345, 2.8284271247461903
276, 40, 285, 376, 285, 376, 0, 0, 0.0, 0.0
276, 41, 845, 582, 845, 587, 0, -5, -1.5707963267948966, 5.0
276, 42, 1254, 216, 1254, 215, 0, 1, 1.5707963267948966, 1.0
276, 43, 1261, 221, 1261, 220, 0, 1, 1.5707963267948966, 1.0
276, 44, 510, 399, 510, 402, 0, -3, -1.5707963267948966, 3.0
276, 45, 965, 36, 967, 37, -2, -1, -2.677945044588987, 2.23606797749979
276, 46, 1197, 66, 1201, 68, -4, -2, -2.677945044588987, 4.47213595499958
276, 47, 1233, 49, 1236, 51, -3, -2, -2.5535900500422257, 3.605551275463989
276, 48, 837, 626, 840, 631, -3, -5, -2.1112158270654806, 5.830951894845301
276, 49, 1233, 356, 1233, 354, 0, 2, 1.5707963267948966, 2.0
276, 50, 498, 422, 498, 426, 0, -4, -1.5707963267948966, 4.0
276, 51, 1204, 76, 1208, 78, -4, -2, -2.677945044588987, 4.47213595499958
276, 52, 1261, 49, 1274, 51, -13, -2, -2.988943325194528, 13.152946437965905
276, 53, 939, 16, 939, 16, 0, 0, 0.0, 0.0
276, 54, 61, 158, 62, 158, -1, 0, 3.141592653589793, 1.0
276, 55, 331, 359, 332, 359, -1, 0, 3.141592653589793, 1.0
276, 56, 757, 20, 758, 20, -1, 0, 3.141592653589793, 1.0
276, 57, 136, 171, 137, 170, -1, 1, 2.356194490192345, 1.4142135623730951
276, 58, 10, 234, 10, 232, 0, 2, 1.5707963267948966, 2.0
276, 59, 716, 588, 717, 584, -1, 4, 1.8157749899217608, 4.123105625617661
276, 60, 987, 36, 989, 38, -2, -2, -2.356194490192345, 2.8284271247461903
276, 61, 770, 42, 771, 42, -1, 0, 3.141592653589793, 1.0
276, 62, 136, 115, 138, 114, -2, 1, 2.677945044588987, 2.23606797749979
276, 63, 247, 402, 247, 402, 0, 0, 0.0, 0.0
276, 64, 766, 34, 767, 34, -1, 0, 3.141592653589793, 1.0
276, 65, 691, 680, 691, 676, 0, 4, 1.5707963267948966, 4.0
276, 66, 1020, 685, 1020, 689, 0, -4, -1.5707963267948966, 4.0
276, 67, 868, 567, 867, 564, 1, 3, 1.2490457723982544, 3.1622776601683795
276, 68, 17, 259, 16, 257, 1, 2, 1.1071487177940904, 2.23606797749979
276, 69, 1228, 374, 1228, 372, 0, 2, 1.5707963267948966, 2.0
276, 70, 877, 628, 882, 632, -5, -4, -2.4668517113662407, 6.4031242374328485
276, 71, 937, 99, 937, 99, 0, 0, 0.0, 0.0
276, 72, 867, 542, 867, 536, 0, 6, 1.5707963267948966, 6.0
276, 73, 330, 404, 331, 404, -1, 0, 3.141592653589793, 1.0
276, 74, 630, 292, 631, 289, -1, 3, 1.892546881191539, 3.1622776601683795
276, 75, 626, 337, 626, 334, 0, 3, 1.5707963267948966, 3.0
276, 76, 255, 362, 255, 363, 0, -1, -1.5707963267948966, 1.0
276, 77, 501, 247, 500, 249, 1, -2, -1.1071487177940904, 2.23606797749979
276, 78, 1003, 682, 1001, 684, 2, -2, -0.7853981633974483, 2.8284271247461903
276, 79, 727, 128, 727, 129, 0, -1, -1.5707963267948966, 1.0
276, 80, 860, 674, 863, 677, -3, -3, -2.356194490192345, 4.242640687119285
276, 81, 818, 13, 819, 13, -1, 0, 3.141592653589793, 1.0
276, 82, 530, 472, 530, 474, 0, -2, -1.5707963267948966, 2.0
276, 83, 1237, 317, 1237, 315, 0, 2, 1.5707963267948966, 2.0
276, 84, 1227, 94, 1230, 96, -3, -2, -2.5535900500422257, 3.605551275463989
276, 85, 535, 461, 535, 463, 0, -2, -1.5707963267948966, 2.0
276, 86, 471, 30, 471, 32, 0, -2, -1.5707963267948966, 2.0
276, 87, 682, 629, 683, 625, -1, 4, 1.8157749899217608, 4.123105625617661
276, 88, 471, 202, 472, 207, -1, -5, -1.7681918866447774, 5.0990195135927845
276, 89, 654, 351, 654, 348, 0, 3, 1.5707963267948966, 3.0
276, 90, 53, 153, 54, 153, -1, 0, 3.141592653589793, 1.0
276, 91, 815, 640, 816, 639, -1, 1, 2.356194490192345, 1.4142135623730951
276, 92, 503, 168, 503, 171, 0, -3, -1.5707963267948966, 3.0
276, 93, 1216, 78, 1220, 80, -4, -2, -2.677945044588987, 4.47213595499958
276, 94, 847, 166, 847, 167, 0, -1, -1.5707963267948966, 1.0
276, 95, 925, 92, 925, 92, 0, 0, 0.0, 0.0
276, 96, 836, 136, 835, 140, 1, -4, -1.3258176636680326, 4.123105625617661
276, 97, 558, 12, 558, 13, 0, -1, -1.5707963267948966, 1.0
276, 98, 325, 336, 325, 336, 0, 0, 0.0, 0.0
276, 99, 837, 587, 837, 592, 0, -5, -1.5707963267948966, 5.0
276, 100, 933, 91, 933, 91, 0, 0, 0.0, 0.0
276, 101, 290, 311, 291, 311, -1, 0, 3.141592653589793, 1.0
276, 102, 1223, 368, 1223, 366, 0, 2, 1.5707963267948966, 2.0
276, 103, 263, 376, 263, 377, 0, -1, -1.5707963267948966, 1.0
276, 104, 815, 22, 815, 22, 0, 0, 0.0, 0.0
276, 105, 467, 223, 469, 226, -2, -3, -2.158798930342464, 3.605551275463989
276, 106, 502, 450, 502, 454, 0, -4, -1.5707963267948966, 4.0
276, 107, 633, 59, 634, 58, -1, 1, 2.356194490192345, 1.4142135623730951
276, 108, 633, 398, 633, 398, 0, 0, 0.0, 0.0
276, 109, 1252, 157, 1254, 161, -2, -4, -2.0344439357957027, 4.47213595499958
276, 110, 875, 606, 879, 609, -4, -3, -2.498091544796509, 5.0
276, 111, 826, 43, 826, 43, 0, 0, 0.0, 0.0
276, 112, 333, 338, 333, 338, 0, 0, 0.0, 0.0
276, 113, 133, 143, 135, 142, -2, 1, 2.677945044588987, 2.23606797749979
276, 114, 864, 116, 864, 120, 0, -4, -1.5707963267948966, 4.0
276, 115, 637, 293, 638, 290, -1, 3, 1.892546881191539, 3.1622776601683795
276, 116, 1193, 420, 1193, 420, 0, 0, 0.0, 0.0
276, 117, 627, 77, 627, 77, 0, 0, 0.0, 0.0
276, 118, 710, 581, 711, 577, -1, 4, 1.8157749899217608, 4.123105625617661
276, 119, 160, 15, 160, 15, 0, 0, 0.0, 0.0
276, 120, 518, 25, 515, 25, 3, 0, 0.0, 3.0
276, 121, 266, 322, 267, 322, -1, 0, 3.141592653589793, 1.0
276, 122, 186, 10, 181, 11, 5, -1, -0.19739555984988075, 5.0990195135927845
276, 123, 839, 102, 838, 106, 1, -4, -1.3258176636680326, 4.123105625617661
276, 124, 707, 675, 707, 672, 0, 3, 1.5707963267948966, 3.0
276, 125, 759, 45, 760, 45, -1, 0, 3.141592653589793, 1.0
276, 126, 1261, 250, 1265, 248, -4, 2, 2.677945044588987, 4.47213595499958
276, 127, 1181, 119, 1184, 119, -3, 0, 3.141592653589793, 3.0
276, 128, 710, 88, 711, 88, -1, 0, 3.141592653589793, 1.0
276, 129, 836, 176, 836, 179, 0, -3, -1.5707963267948966, 3.0
276, 130, 310, 674, 313, 671, -3, 3, 2.356194490192345, 4.242640687119285
276, 131, 856, 569, 855, 566, 1, 3, 1.2490457723982544, 3.1622776601683795
276, 132, 269, 344, 270, 344, -1, 0, 3.141592653589793, 1.0
276, 133, 872, 25, 872, 28, 0, -3, -1.5707963267948966, 3.0
276, 134, 153, 16, 153, 16, 0, 0, 0.0, 0.0
276, 135, 1261, 40, 1275, 43, -14, -3, -2.930499320367047, 14.317821063276353
276, 136, 266, 392, 266, 392, 0, 0, 0.0, 0.0
276, 137, 939, 29, 940, 29, -1, 0, 3.141592653589793, 1.0
276, 138, 329, 373, 330, 373, -1, 0, 3.141592653589793, 1.0
276, 139, 163, 181, 165, 178, -2, 3, 2.158798930342464, 3.605551275463989
276, 140, 645, 339, 645, 336, 0, 3, 1.5707963267948966, 3.0
276, 141, 855, 24, 855, 26, 0, -2, -1.5707963267948966, 2.0
276, 142, 621, 85, 622, 84, -1, 1, 2.356194490192345, 1.4142135623730951
276, 143, 690, 154, 691, 156, -1, -2, -2.0344439357957027, 2.23606797749979
276, 144, 701, 582, 702, 578, -1, 4, 1.8157749899217608, 4.123105625617661
276, 145, 1035, 691, 1036, 694, -1, -3, -1.892546881191539, 3.1622776601683795
276, 146, 1261, 221, 1270, 219, -9, 2, 2.922923707715851, 9.219544457292887
276, 147, 1250, 112, 1253, 111, -3, 1, 2.819842099193151, 3.1622776601683795
276, 148, 640, 375, 641, 375, -1, 0, 3.141592653589793, 1.0
276, 149, 334, 701, 335, 709, -1, -8, -1.695151321341658, 8.06225774829855
276, 150, 1205, 402, 1205, 399, 0, 3, 1.5707963267948966, 3.0
276, 151, 848, 507, 848, 503, 0, 4, 1.5707963267948966, 4.0
276, 152, 1258, 16, 1257, 16, 1, 0, 0.0, 1.0
276, 153, 492, 247, 492, 249, 0, -2, -1.5707963267948966, 2.0
276, 154, 681, 132, 682, 131, -1, 1, 2.356194490192345, 1.4142135623730951
276, 155, 302, 392, 302, 392, 0, 0, 0.0, 0.0
276, 156, 317, 404, 317, 404, 0, 0, 0.0, 0.0
276, 157, 1231, 42, 1234, 44, -3, -2, -2.5535900500422257, 3.605551275463989
276, 158, 275, 321, 276, 321, -1, 0, 3.141592653589793, 1.0
276, 159, 319, 387, 319, 387, 0, 0, 0.0, 0.0
276, 160, 521, 481, 522, 489, -1, -8, -1.695151321341658, 8.06225774829855
277, 0, 834, 121, 834, 120, 0, 1, 1.5707963267948966, 1.0
277, 1, 756, 10, 757, 10, -1, 0, 3.141592653589793, 1.0
277, 2, 849, 635, 854, 639, -5, -4, -2.4668517113662407, 6.4031242374328485
277, 3, 245, 325, 245, 326, 0, -1, -1.5707963267948966, 1.0
277, 4, 157, 162, 159, 160, -2, 2, 2.356194490192345, 2.8284271247461903
277, 5, 833, 540, 832, 537, 1, 3, 1.2490457723982544, 3.1622776601683795
277, 6, 855, 93, 855, 97, 0, -4, -1.5707963267948966, 4.0
277, 7, 700, 125, 701, 127, -1, -2, -2.0344439357957027, 2.23606797749979
277, 8, 255, 338, 255, 338, 0, 0, 0.0, 0.0
277, 9, 845, 92, 845, 96, 0, -4, -1.5707963267948966, 4.0
277, 10, 334, 345, 334, 345, 0, 0, 0.0, 0.0
277, 11, 257, 368, 257, 369, 0, -1, -1.5707963267948966, 1.0
277, 12, 843, 518, 843, 514, 0, 4, 1.5707963267948966, 4.0
277, 13, 680, 62, 680, 60, 0, 2, 1.5707963267948966, 2.0
277, 14, 494, 439, 494, 443, 0, -4, -1.5707963267948966, 4.0
277, 15, 619, 344, 619, 341, 0, 3, 1.5707963267948966, 3.0
277, 16, 252, 323, 252, 324, 0, -1, -1.5707963267948966, 1.0
277, 17, 273, 335, 274, 335, -1, 0, 3.141592653589793, 1.0
277, 18, 516, 79, 516, 79, 0, 0, 0.0, 0.0
277, 19, 496, 158, 496, 161, 0, -3, -1.5707963267948966, 3.0
277, 20, 852, 83, 852, 87, 0, -4, -1.5707963267948966, 4.0
277, 21, 860, 521, 861, 517, -1, 4, 1.8157749899217608, 4.123105625617661
277, 22, 1046, 611, 1047, 617, -1, -6, -1.7359450042095235, 6.082762530298219
277, 23, 1053, 642, 1053, 647, 0, -5, -1.5707963267948966, 5.0
277, 24, 526, 74, 525, 75, 1, -1, -0.7853981633974483, 1.4142135623730951
277, 25, 485, 157, 485, 160, 0, -3, -1.5707963267948966, 3.0
277, 26, 263, 337, 264, 337, -1, 0, 3.141592653589793, 1.0
277, 27, 745, 38, 746, 38, -1, 0, 3.141592653589793, 1.0
277, 28, 702, 189, 702, 190, 0, -1, -1.5707963267948966, 1.0
277, 29, 824, 557, 822, 553, 2, 4, 1.1071487177940904, 4.47213595499958
277, 30, 254, 385, 254, 385, 0, 0, 0.0, 0.0
277, 31, 514, 55, 512, 55, 2, 0, 0.0, 2.0
277, 32, 523, 16, 520, 16, 3, 0, 0.0, 3.0
277, 33, 31, 110, 31, 110, 0, 0, 0.0, 0.0
277, 34, 696, 597, 697, 593, -1, 4, 1.8157749899217608, 4.123105625617661
277, 35, 32, 85, 32, 85, 0, 0, 0.0, 0.0
277, 36, 1031, 609, 1032, 613, -1, -4, -1.8157749899217608, 4.123105625617661
277, 37, 491, 149, 491, 152, 0, -3, -1.5707963267948966, 3.0
277, 38, 1186, 72, 1190, 74, -4, -2, -2.677945044588987, 4.47213595499958
277, 39, 989, 43, 991, 45, -2, -2, -2.356194490192345, 2.8284271247461903
277, 40, 285, 376, 285, 376, 0, 0, 0.0, 0.0
277, 41, 843, 578, 845, 582, -2, -4, -2.0344439357957027, 4.47213595499958
277, 42, 1255, 217, 1254, 216, 1, 1, 0.7853981633974483, 1.4142135623730951
277, 43, 1261, 222, 1261, 221, 0, 1, 1.5707963267948966, 1.0
277, 44, 510, 396, 510, 399, 0, -3, -1.5707963267948966, 3.0
277, 45, 963, 35, 965, 36, -2, -1, -2.677945044588987, 2.23606797749979
277, 46, 1193, 64, 1197, 66, -4, -2, -2.677945044588987, 4.47213595499958
277, 47, 1231, 47, 1233, 49, -2, -2, -2.356194490192345, 2.8284271247461903
277, 48, 833, 622, 837, 626, -4, -4, -2.356194490192345, 5.656854249492381
277, 49, 1233, 358, 1233, 356, 0, 2, 1.5707963267948966, 2.0
277, 50, 498, 418, 498, 422, 0, -4, -1.5707963267948966, 4.0
277, 51, 1200, 74, 1204, 76, -4, -2, -2.677945044588987, 4.47213595499958
277, 52, 1258, 47, 1261, 49, -3, -2, -2.5535900500422257, 3.605551275463989
277, 53, 939, 16, 939, 16, 0, 0, 0.0, 0.0
277, 54, 61, 158, 61, 158, 0, 0, 0.0, 0.0
277, 55, 331, 359, 331, 359, 0, 0, 0.0, 0.0
277, 56, 756, 20, 757, 20, -1, 0, 3.141592653589793, 1.0
277, 57, 135, 172, 136, 171, -1, 1, 2.356194490192345, 1.4142135623730951
277, 58, 10, 235, 10, 234, 0, 1, 1.5707963267948966, 1.0
277, 59, 715, 592, 716, 588, -1, 4, 1.8157749899217608, 4.123105625617661
277, 60, 985, 33, 987, 36, -2, -3, -2.158798930342464, 3.605551275463989
277, 61, 770, 42, 770, 42, 0, 0, 0.0, 0.0
277, 62, 134, 116, 136, 115, -2, 1, 2.677945044588987, 2.23606797749979
277, 63, 246, 402, 247, 402, -1, 0, 3.141592653589793, 1.0
277, 64, 765, 34, 766, 34, -1, 0, 3.141592653589793, 1.0
277, 65, 690, 684, 691, 680, -1, 4, 1.8157749899217608, 4.123105625617661
277, 66, 1020, 682, 1020, 685, 0, -3, -1.5707963267948966, 3.0
277, 67, 869, 569, 868, 567, 1, 2, 1.1071487177940904, 2.23606797749979
277, 68, 17, 261, 17, 259, 0, 2, 1.5707963267948966, 2.0
277, 69, 1228, 376, 1228, 374, 0, 2, 1.5707963267948966, 2.0
277, 70, 872, 624, 877, 628, -5, -4, -2.4668517113662407, 6.4031242374328485
277, 71, 937, 99, 937, 99, 0, 0, 0.0, 0.0
277, 72, 867, 548, 867, 542, 0, 6, 1.5707963267948966, 6.0
277, 73, 330, 404, 330, 404, 0, 0, 0.0, 0.0
277, 74, 630, 295, 630, 292, 0, 3, 1.5707963267948966, 3.0
277, 75, 626, 340, 626, 337, 0, 3, 1.5707963267948966, 3.0
277, 76, 255, 361, 255, 362, 0, -1, -1.5707963267948966, 1.0
277, 77, 502, 245, 501, 247, 1, -2, -1.1071487177940904, 2.23606797749979
277, 78, 1005, 679, 1003, 682, 2, -3, -0.982793723247329, 3.605551275463989
277, 79, 858, 670, 860, 674, -2, -4, -2.0344439357957027, 4.47213595499958
277, 80, 817, 13, 818, 13, -1, 0, 3.141592653589793, 1.0
277, 81, 529, 469, 530, 472, -1, -3, -1.892546881191539, 3.1622776601683795
277, 82, 1237, 320, 1237, 317, 0, 3, 1.5707963267948966, 3.0
277, 83, 1224, 92, 1227, 94, -3, -2, -2.5535900500422257, 3.605551275463989
277, 84, 535, 458, 535, 461, 0, -3, -1.5707963267948966, 3.0
277, 85, 471, 28, 471, 30, 0, -2, -1.5707963267948966, 2.0
277, 86, 681, 633, 682, 629, -1, 4, 1.8157749899217608, 4.123105625617661
277, 87, 470, 198, 471, 202, -1, -4, -1.8157749899217608, 4.123105625617661
277, 88, 654, 353, 654, 351, 0, 2, 1.5707963267948966, 2.0
277, 89, 53, 153, 53, 153, 0, 0, 0.0, 0.0
277, 90, 814, 635, 815, 640, -1, -5, -1.7681918866447774, 5.0990195135927845
277, 91, 503, 165, 503, 168, 0, -3, -1.5707963267948966, 3.0
277, 92, 1212, 76, 1216, 78, -4, -2, -2.677945044588987, 4.47213595499958
277, 93, 847, 164, 847, 166, 0, -2, -1.5707963267948966, 2.0
277, 94, 925, 92, 925, 92, 0, 0, 0.0, 0.0
277, 95, 837, 132, 836, 136, 1, -4, -1.3258176636680326, 4.123105625617661
277, 96, 558, 12, 558, 12, 0, 0, 0.0, 0.0
277, 97, 325, 336, 325, 336, 0, 0, 0.0, 0.0
277, 98, 835, 583, 837, 587, -2, -4, -2.0344439357957027, 4.47213595499958
277, 99, 933, 91, 933, 91, 0, 0, 0.0, 0.0
277, 100, 289, 311, 290, 311, -1, 0, 3.141592653589793, 1.0
277, 101, 1223, 371, 1223, 368, 0, 3, 1.5707963267948966, 3.0
277, 102, 263, 375, 263, 376, 0, -1, -1.5707963267948966, 1.0
277, 103, 814, 22, 815, 22, -1, 0, 3.141592653589793, 1.0
277, 104, 465, 220, 467, 223, -2, -3, -2.158798930342464, 3.605551275463989
277, 105, 502, 446, 502, 450, 0, -4, -1.5707963267948966, 4.0
277, 106, 632, 60, 633, 59, -1, 1, 2.356194490192345, 1.4142135623730951
277, 107, 633, 398, 633, 398, 0, 0, 0.0, 0.0
277, 108, 1251, 158, 1252, 157, -1, 1, 2.356194490192345, 1.4142135623730951
277, 109, 872, 604, 875, 606, -3, -2, -2.5535900500422257, 3.605551275463989
277, 110, 825, 43, 826, 43, -1, 0, 3.141592653589793, 1.0
277, 111, 333, 338, 333, 338, 0, 0, 0.0, 0.0
277, 112, 131, 144, 133, 143, -2, 1, 2.677945044588987, 2.23606797749979
277, 113, 864, 112, 864, 116, 0, -4, -1.5707963267948966, 4.0
277, 114, 637, 296, 637, 293, 0, 3, 1.5707963267948966, 3.0
277, 115, 1193, 420, 1193, 420, 0, 0, 0.0, 0.0
277, 116, 627, 78, 627, 77, 0, 1, 1.5707963267948966, 1.0
277, 117, 709, 585, 710, 581, -1, 4, 1.8157749899217608, 4.123105625617661
277, 118, 161, 15, 160, 15, 1, 0, 0.0, 1.0
277, 119, 521, 25, 518, 25, 3, 0, 0.0, 3.0
277, 120, 265, 322, 266, 322, -1, 0, 3.141592653589793, 1.0
277, 121, 189, 10, 186, 10, 3, 0, 0.0, 3.0
277, 122, 839, 98, 839, 102, 0, -4, -1.5707963267948966, 4.0
277, 123, 707, 680, 707, 675, 0, 5, 1.5707963267948966, 5.0
277, 124, 758, 45, 759, 45, -1, 0, 3.141592653589793, 1.0
277, 125, 1260, 251, 1261, 250, -1, 1, 2.356194490192345, 1.4142135623730951
277, 126, 1179, 119, 1181, 119, -2, 0, 3.141592653589793, 2.0
277, 127, 836, 174, 836, 176, 0, -2, -1.5707963267948966, 2.0
277, 128, 307, 677, 310, 674, -3, 3, 2.356194490192345, 4.242640687119285
277, 129, 857, 572, 856, 569, 1, 3, 1.2490457723982544, 3.1622776601683795
277, 130, 268, 344, 269, 344, -1, 0, 3.141592653589793, 1.0
277, 131, 872, 23, 872, 25, 0, -2, -1.5707963267948966, 2.0
277, 132, 154, 16, 153, 16, 1, 0, 0.0, 1.0
277, 133, 1258, 38, 1261, 40, -3, -2, -2.5535900500422257, 3.605551275463989
277, 134, 266, 392, 266, 392, 0, 0, 0.0, 0.0
277, 135, 939, 29, 939, 29, 0, 0, 0.0, 0.0
277, 136, 328, 373, 329, 373, -1, 0, 3.141592653589793, 1.0
277, 137, 161, 183, 163, 181, -2, 2, 2.356194490192345, 2.8284271247461903
277, 138, 645, 342, 645, 339, 0, 3, 1.5707963267948966, 3.0
277, 139, 855, 23, 855, 24, 0, -1, -1.5707963267948966, 1.0
277, 140, 620, 86, 621, 85, -1, 1, 2.356194490192345, 1.4142135623730951
277, 141, 690, 151, 690, 154, 0, -3, -1.5707963267948966, 3.0
277, 142, 700, 586, 701, 582, -1, 4, 1.8157749899217608, 4.123105625617661
277, 143, 1034, 687, 1035, 691, -1, -4, -1.8157749899217608, 4.123105625617661
277, 144, 1261, 222, 1261, 221, 0, 1, 1.5707963267948966, 1.0
277, 145, 1248, 112, 1250, 112, -2, 0, 3.141592653589793, 2.0
277, 146, 640, 377, 640, 375, 0, 2, 1.5707963267948966, 2.0
277, 147, 333, 701, 334, 701, -1, 0, 3.141592653589793, 1.0
277, 148, 1204, 404, 1205, 402, -1, 2, 2.0344439357957027, 2.23606797749979
277, 149, 848, 511, 848, 507, 0, 4, 1.5707963267948966, 4.0
277, 150, 1260, 15, 1258, 16, 2, -1, -0.4636476090008061, 2.23606797749979
277, 151, 492, 246, 492, 247, 0, -1, -1.5707963267948966, 1.0
277, 152, 680, 133, 681, 132, -1, 1, 2.356194490192345, 1.4142135623730951
277, 153, 302, 392, 302, 392, 0, 0, 0.0, 0.0
277, 154, 317, 404, 317, 404, 0, 0, 0.0, 0.0
277, 155, 1228, 40, 1231, 42, -3, -2, -2.5535900500422257, 3.605551275463989
277, 156, 274, 321, 275, 321, -1, 0, 3.141592653589793, 1.0
277, 157, 318, 387, 319, 387, -1, 0, 3.141592653589793, 1.0
277, 158, 520, 477, 521, 481, -1, -4, -1.8157749899217608, 4.123105625617661
278, 0, 848, 633, 853, 637, -5, -4, -2.4668517113662407, 6.4031242374328485
278, 1, 757, 10, 758, 10, -1, 0, 3.141592653589793, 1.0
278, 2, 252, 324, 252, 325, 0, -1, -1.5707963267948966, 1.0
278, 3, 245, 326, 245, 327, 0, -1, -1.5707963267948966, 1.0
278, 4, 702, 123, 702, 128, 0, -5, -1.5707963267948966, 5.0
278, 5, 856, 93, 856, 97, 0, -4, -1.5707963267948966, 4.0
278, 6, 334, 345, 334, 345, 0, 0, 0.0, 0.0
278, 7, 1006, 668, 1004, 670, 2, -2, -0.7853981633974483, 2.8284271247461903
278, 8, 619, 348, 619, 345, 0, 3, 1.5707963267948966, 3.0
278, 9, 534, 484, 534, 488, 0, -4, -1.5707963267948966, 4.0
278, 10, 482, 231, 483, 233, -1, -2, -2.0344439357957027, 2.23606797749979
278, 11, 156, 163, 159, 160, -3, 3, 2.356194490192345, 4.242640687119285
278, 12, 844, 521, 843, 517, 1, 4, 1.3258176636680326, 4.123105625617661
278, 13, 1047, 609, 1048, 614, -1, -5, -1.7681918866447774, 5.0990195135927845
278, 14, 273, 335, 275, 335, -2, 0, 3.141592653589793, 2.0
278, 15, 261, 336, 262, 336, -1, 0, 3.141592653589793, 1.0
278, 16, 680, 64, 680, 61, 0, 3, 1.5707963267948966, 3.0
278, 17, 845, 93, 845, 97, 0, -4, -1.5707963267948966, 4.0
278, 18, 697, 598, 697, 594, 0, 4, 1.5707963267948966, 4.0
278, 19, 536, 75, 534, 76, 2, -1, -0.4636476090008061, 2.23606797749979
278, 20, 517, 79, 516, 79, 1, 0, 0.0, 1.0
278, 21, 486, 156, 485, 161, 1, -5, -1.373400766945016, 5.0990195135927845
278, 22, 1054, 638, 1054, 644, 0, -6, -1.5707963267948966, 6.0
278, 23, 834, 544, 833, 540, 1, 4, 1.3258176636680326, 4.123105625617661
278, 24, 506, 207, 505, 207, 1, 0, 0.0, 1.0
278, 25, 746, 38, 747, 38, -1, 0, 3.141592653589793, 1.0
278, 26, 517, 60, 514, 60, 3, 0, 0.0, 3.0
278, 27, 825, 557, 824, 555, 1, 2, 1.1071487177940904, 2.23606797749979
278, 28, 533, 45, 530, 46, 3, -1, -0.3217505543966422, 3.1622776601683795
278, 29, 853, 83, 853, 87, 0, -4, -1.5707963267948966, 4.0
278, 30, 256, 380, 255, 381, 1, -1, -0.7853981633974483, 1.4142135623730951
278, 31, 862, 523, 863, 520, -1, 3, 1.892546881191539, 3.1622776601683795
278, 32, 257, 341, 257, 341, 0, 0, 0.0, 0.0
278, 33, 988, 43, 992, 46, -4, -3, -2.498091544796509, 5.0
278, 34, 1188, 72, 1192, 74, -4, -2, -2.677945044588987, 4.47213595499958
278, 35, 512, 393, 511, 399, 1, -6, -1.4056476493802699, 6.082762530298219
278, 36, 853, 683, 853, 684, 0, -1, -1.5707963267948966, 1.0
278, 37, 691, 684, 692, 681, -1, 3, 1.892546881191539, 3.1622776601683795
278, 38, 497, 158, 496, 162, 1, -4, -1.3258176636680326, 4.123105625617661
278, 39, 32, 86, 32, 86, 0, 0, 0.0, 0.0
278, 40, 1193, 64, 1197, 66, -4, -2, -2.677945044588987, 4.47213595499958
278, 41, 702, 187, 702, 191, 0, -4, -1.5707963267948966, 4.0
278, 42, 872, 624, 876, 628, -4, -4, -2.356194490192345, 5.656854249492381
278, 43, 287, 376, 286, 376, 1, 0, 0.0, 1.0
278, 44, 972, 77, 974, 79, -2, -2, -2.356194490192345, 2.8284271247461903
278, 45, 501, 417, 499, 423, 2, -6, -1.2490457723982544, 6.324555320336759
278, 46, 1257, 219, 1255, 217, 2, 2, 0.7853981633974483, 2.8284271247461903
278, 47, 471, 200, 472, 205, -1, -5, -1.7681918866447774, 5.0990195135927845
278, 48, 1021, 670, 1021, 674, 0, -4, -1.5707963267948966, 4.0
278, 49, 526, 18, 523, 17, 3, 1, 0.3217505543966422, 3.1622776601683795
278, 50, 715, 592, 717, 589, -2, 3, 2.158798930342464, 3.605551275463989
278, 51, 493, 148, 492, 152, 1, -4, -1.3258176636680326, 4.123105625617661
278, 52, 837, 579, 838, 582, -1, -3, -1.892546881191539, 3.1622776601683795
278, 53, 491, 247, 492, 249, -1, -2, -2.0344439357957027, 2.23606797749979
278, 54, 497, 436, 496, 441, 1, -5, -1.373400766945016, 5.0990195135927845
278, 55, 1035, 685, 1035, 690, 0, -5, -1.5707963267948966, 5.0
278, 56, 514, 509, 515, 513, -1, -4, -1.8157749899217608, 4.123105625617661
278, 57, 985, 33, 988, 37, -3, -4, -2.214297435588181, 5.0
278, 58, 757, 19, 758, 19, -1, 0, 3.141592653589793, 1.0
278, 59, 528, 60, 525, 60, 3, 0, 0.0, 3.0
278, 60, 31, 111, 31, 111, 0, 0, 0.0, 0.0
278, 61, 1261, 46, 1271, 49, -10, -3, -2.8501358591119264, 10.44030650891055
278, 62, 134, 118, 137, 115, -3, 3, 2.356194490192345, 4.242640687119285
278, 63, 940, 16, 940, 16, 0, 0, 0.0, 0.0
278, 64, 937, 99, 937, 99, 0, 0, 0.0, 0.0
278, 65, 631, 296, 631, 292, 0, 4, 1.5707963267948966, 4.0
278, 66, 1236, 360, 1234, 357, 2, 3, 0.982793723247329, 3.605551275463989
278, 67, 332, 359, 332, 359, 0, 0, 0.0, 0.0
278, 68, 258, 368, 257, 369, 1, -1, -0.7853981633974483, 1.4142135623730951
278, 69, 247, 402, 247, 402, 0, 0, 0.0, 0.0
278, 70, 771, 42, 771, 42, 0, 0, 0.0, 0.0
278, 71, 1225, 373, 1224, 369, 1, 4, 1.3258176636680326, 4.123105625617661
278, 72, 766, 35, 767, 35, -1, 0, 3.141592653589793, 1.0
278, 73, 1212, 77, 1216, 78, -4, -1, -2.896613990462929, 4.123105625617661
278, 74, 870, 572, 868, 571, 2, 1, 0.4636476090008061, 2.23606797749979
278, 75, 516, 48, 514, 49, 2, -1, -0.4636476090008061, 2.23606797749979
278, 76, 1261, 223, 1262, 221, -1, 2, 2.0344439357957027, 2.23606797749979
278, 77, 806, 618, 806, 619, 0, -1, -1.5707963267948966, 1.0
278, 78, 464, 218, 466, 221, -2, -3, -2.158798930342464, 3.605551275463989
278, 79, 1227, 48, 1232, 50, -5, -2, -2.761086276477428, 5.385164807134504
278, 80, 134, 174, 136, 172, -2, 2, 2.356194490192345, 2.8284271247461903
278, 81, 62, 158, 62, 158, 0, 0, 0.0, 0.0
278, 82, 962, 35, 966, 36, -4, -1, -2.896613990462929, 4.123105625617661
278, 83, 831, 621, 835, 626, -4, -5, -2.2455372690184494, 6.4031242374328485
278, 84, 836, 121, 835, 121, 1, 0, 0.0, 1.0
278, 85, 1032, 606, 1034, 610, -2, -4, -2.0344439357957027, 4.47213595499958
278, 86, 704, 107, 705, 112, -1, -5, -1.7681918866447774, 5.0990195135927845
278, 87, 627, 339, 626, 336, 1, 3, 1.2490457723982544, 3.1622776601683795
278, 88, 162, 158, 164, 155, -2, 3, 2.158798930342464, 3.605551275463989
278, 89, 848, 165, 847, 167, 1, -2, -1.1071487177940904, 2.23606797749979
278, 90, 728, 53, 731, 57, -3, -4, -2.214297435588181, 5.0
278, 91, 814, 22, 815, 22, -1, 0, 3.141592653589793, 1.0
278, 92, 163, 15, 160, 15, 3, 0, 0.0, 3.0
278, 93, 727, 126, 727, 129, 0, -3, -1.5707963267948966, 3.0
278, 94, 682, 633, 682, 630, 0, 3, 1.5707963267948966, 3.0
278, 95, 330, 404, 330, 404, 0, 0, 0.0, 0.0
278, 96, 860, 568, 857, 570, 3, -2, -0.5880026035475675, 3.605551275463989
278, 97, 1202, 74, 1206, 77, -4, -3, -2.498091544796509, 5.0
278, 98, 818, 13, 819, 13, -1, 0, 3.141592653589793, 1.0
278, 99, 242, 309, 243, 311, -1, -2, -2.0344439357957027, 2.23606797749979
278, 100, 655, 355, 654, 351, 1, 4, 1.3258176636680326, 4.123105625617661
278, 101, 623, 91, 623, 89, 0, 2, 1.5707963267948966, 2.0
278, 102, 638, 297, 638, 293, 0, 4, 1.5707963267948966, 4.0
278, 103, 861, 99, 860, 103, 1, -4, -1.3258176636680326, 4.123105625617661
278, 104, 265, 322, 266, 322, -1, 0, 3.141592653589793, 1.0
278, 105, 925, 93, 925, 93, 0, 0, 0.0, 0.0
278, 106, 1015, 701, 1015, 705, 0, -4, -1.5707963267948966, 4.0
278, 107, 832, 652, 834, 651, -2, 1, 2.677945044588987, 2.23606797749979
278, 108, 503, 165, 503, 169, 0, -4, -1.5707963267948966, 4.0
278, 109, 557, 12, 557, 13, 0, -1, -1.5707963267948966, 1.0
278, 110, 1261, 38, 1272, 41, -11, -3, -2.875340604438868, 11.40175425099138
278, 111, 15, 263, 16, 259, -1, 4, 1.8157749899217608, 4.123105625617661
278, 112, 634, 61, 634, 59, 0, 2, 1.5707963267948966, 2.0
278, 113, 933, 92, 933, 92, 0, 0, 0.0, 0.0
278, 114, 709, 586, 710, 582, -1, 4, 1.8157749899217608, 4.123105625617661
278, 115, 759, 45, 760, 45, -1, 0, 3.141592653589793, 1.0
278, 116, 680, 134, 681, 134, -1, 0, 3.141592653589793, 1.0
278, 117, 633, 399, 633, 399, 0, 0, 0.0, 0.0
278, 118, 264, 376, 263, 377, 1, -1, -0.7853981633974483, 1.4142135623730951
278, 119, 867, 552, 867, 545, 0, 7, 1.5707963267948966, 7.0
278, 120, 526, 25, 523, 25, 3, 0, 0.0, 3.0
278, 121, 840, 98, 839, 103, 1, -5, -1.373400766945016, 5.0990195135927845
278, 122, 709, 683, 709, 678, 0, 5, 1.5707963267948966, 5.0
278, 123, 290, 311, 291, 311, -1, 0, 3.141592653589793, 1.0
278, 124, 870, 605, 873, 605, -3, 0, 3.141592653589793, 3.0
278, 125, 1238, 321, 1237, 318, 1, 3, 1.2490457723982544, 3.1622776601683795
278, 126, 838, 170, 837, 172, 1, -2, -1.1071487177940904, 2.23606797749979
278, 127, 503, 448, 502, 452, 1, -4, -1.3258176636680326, 4.123105625617661
278, 128, 302, 323, 303, 323, -1, 0, 3.141592653589793, 1.0
278, 129, 826, 43, 826, 43, 0, 0, 0.0, 0.0
278, 130, 536, 462, 536, 466, 0, -4, -1.5707963267948966, 4.0
278, 131, 866, 111, 865, 117, 1, -6, -1.4056476493802699, 6.082762530298219
278, 132, 940, 29, 940, 29, 0, 0, 0.0, 0.0
278, 133, 54, 157, 54, 157, 0, 0, 0.0, 0.0
278, 134, 269, 344, 270, 344, -1, 0, 3.141592653589793, 1.0
278, 135, 1233, 54, 1238, 56, -5, -2, -2.761086276477428, 5.385164807134504
278, 136, 52, 149, 52, 149, 0, 0, 0.0, 0.0
278, 137, 325, 336, 325, 336, 0, 0, 0.0, 0.0
278, 138, 266, 392, 266, 392, 0, 0, 0.0, 0.0
278, 139, 273, 322, 275, 322, -2, 0, 3.141592653589793, 2.0
278, 140, 640, 377, 639, 374, 1, 3, 1.2490457723982544, 3.1622776601683795
278, 141, 1253, 161, 1254, 161, -1, 0, 3.141592653589793, 1.0
278, 142, 310, 681, 313, 678, -3, 3, 2.356194490192345, 4.242640687119285
278, 143, 234, 309, 235, 311, -1, -2, -2.0344439357957027, 2.23606797749979
278, 144, 1230, 380, 1229, 376, 1, 4, 1.3258176636680326, 4.123105625617661
278, 145, 1191, 420, 1192, 420, -1, 0, 3.141592653589793, 1.0
278, 146, 634, 136, 635, 136, -1, 0, 3.141592653589793, 1.0
278, 147, 1248, 241, 1248, 241, 0, 0, 0.0, 0.0
278, 148, 162, 144, 164, 141, -2, 3, 2.158798930342464, 3.605551275463989
278, 149, 592, 16, 592, 18, 0, -2, -1.5707963267948966, 2.0
278, 150, 1227, 40, 1232, 42, -5, -2, -2.761086276477428, 5.385164807134504
278, 151, 328, 374, 329, 374, -1, 0, 3.141592653589793, 1.0
278, 152, 132, 147, 134, 144, -2, 3, 2.158798930342464, 3.605551275463989
278, 153, 1008, 658, 1007, 659, 1, -1, -0.7853981633974483, 1.4142135623730951
278, 154, 121, 110, 123, 107, -2, 3, 2.158798930342464, 3.605551275463989
278, 155, 709, 85, 711, 88, -2, -3, -2.158798930342464, 3.605551275463989
278, 156, 477, 164, 477, 169, 0, -5, -1.5707963267948966, 5.0
279, 0, 844, 629, 848, 633, -4, -4, -2.356194490192345, 5.656854249492381
279, 1, 252, 323, 252, 324, 0, -1, -1.5707963267948966, 1.0
279, 2, 245, 325, 245, 326, 0, -1, -1.5707963267948966, 1.0
279, 3, 702, 120, 702, 123, 0, -3, -1.5707963267948966, 3.0
279, 4, 856, 90, 856, 93, 0, -3, -1.5707963267948966, 3.0
279, 5, 334, 345, 334, 345, 0, 0, 0.0, 0.0
279, 6, 1005, 665, 1006, 668, -1, -3, -1.892546881191539, 3.1622776601683795
279, 7, 619, 351, 619, 348, 0, 3, 1.5707963267948966, 3.0
279, 8, 534, 480, 534, 484, 0, -4, -1.5707963267948966, 4.0
279, 9, 154, 165, 156, 163, -2, 2, 2.356194490192345, 2.8284271247461903
279, 10, 844, 525, 844, 521, 0, 4, 1.5707963267948966, 4.0
279, 11, 1046, 604, 1047, 609, -1, -5, -1.7681918866447774, 5.0990195135927845
279, 12, 272, 335, 273, 335, -1, 0, 3.141592653589793, 1.0
279, 13, 261, 336, 261, 336, 0, 0, 0.0, 0.0
279, 14, 680, 65, 680, 64, 0, 1, 1.5707963267948966, 1.0
279, 15, 845, 91, 845, 93, 0, -2, -1.5707963267948966, 2.0
279, 16, 697, 602, 697, 598, 0, 4, 1.5707963267948966, 4.0
279, 17, 539, 76, 536, 75, 3, 1, 0.3217505543966422, 3.1622776601683795
279, 18, 518, 79, 517, 79, 1, 0, 0.0, 1.0
279, 19, 486, 154, 486, 156, 0, -2, -1.5707963267948966, 2.0
279, 20, 1054, 633, 1054, 638, 0, -5, -1.5707963267948966, 5.0
279, 21, 835, 547, 834, 544, 1, 3, 1.2490457723982544, 3.1622776601683795
279, 22, 506, 206, 506, 207, 0, -1, -1.5707963267948966, 1.0
279, 23, 520, 59, 517, 60, 3, -1, -0.3217505543966422, 3.1622776601683795
279, 24, 825, 558, 825, 557, 0, 1, 1.5707963267948966, 1.0
279, 25, 536, 44, 533, 45, 3, -1, -0.3217505543966422, 3.1622776601683795
279, 26, 853, 81, 853, 83, 0, -2, -1.5707963267948966, 2.0
279, 27, 256, 379, 256, 380, 0, -1, -1.5707963267948966, 1.0
279, 28, 862, 527, 862, 523, 0, 4, 1.5707963267948966, 4.0
279, 29, 257, 341, 257, 341, 0, 0, 0.0, 0.0
279, 30, 987, 41, 988, 43, -1, -2, -2.0344439357957027, 2.23606797749979
279, 31, 1184, 70, 1188, 72, -4, -2, -2.677945044588987, 4.47213595499958
279, 32, 513, 388, 512, 393, 1, -5, -1.373400766945016, 5.0990195135927845
279, 33, 691, 688, 691, 684, 0, 4, 1.5707963267948966, 4.0
279, 34, 497, 156, 497, 158, 0, -2, -1.5707963267948966, 2.0
279, 35, 32, 86, 32, 86, 0, 0, 0.0, 0.0
279, 36, 1189, 62, 1193, 64, -4, -2, -2.677945044588987, 4.47213595499958
279, 37, 702, 184, 702, 187, 0, -3, -1.5707963267948966, 3.0
279, 38, 868, 620, 872, 624, -4, -4, -2.356194490192345, 5.656854249492381
279, 39, 287, 375, 287, 376, 0, -1, -1.5707963267948966, 1.0
279, 40, 970, 74, 972, 77, -2, -3, -2.158798930342464, 3.605551275463989
279, 41, 502, 412, 501, 417, 1, -5, -1.373400766945016, 5.0990195135927845
279, 42, 1258, 220, 1257, 219, 1, 1, 0.7853981633974483, 1.4142135623730951
279, 43, 471, 198, 471, 200, 0, -2, -1.5707963267948966, 2.0
279, 44, 1020, 665, 1021, 670, -1, -5, -1.7681918866447774, 5.0990195135927845
279, 45, 529, 17, 526, 18, 3, -1, -0.3217505543966422, 3.1622776601683795
279, 46, 714, 596, 715, 592, -1, 4, 1.8157749899217608, 4.123105625617661
279, 47, 493, 146, 493, 148, 0, -2, -1.5707963267948966, 2.0
279, 48, 832, 576, 837, 579, -5, -3, -2.601173153319209, 5.830951894845301
279, 49, 491, 246, 491, 247, 0, -1, -1.5707963267948966, 1.0
279, 50, 498, 433, 497, 436, 1, -3, -1.2490457723982544, 3.1622776601683795
279, 51, 1035, 680, 1035, 685, 0, -5, -1.5707963267948966, 5.0
279, 52, 513, 505, 514, 509, -1, -4, -1.8157749899217608, 4.123105625617661
279, 53, 984, 31, 985, 33, -1, -2, -2.0344439357957027, 2.23606797749979
279, 54, 531, 59, 528, 60, 3, -1, -0.3217505543966422, 3.1622776601683795
279, 55, 31, 111, 31, 111, 0, 0, 0.0, 0.0
279, 56, 1259, 43, 1261, 46, -2, -3, -2.158798930342464, 3.605551275463989
279, 57, 133, 120, 134, 118, -1, 2, 2.0344439357957027, 2.23606797749979
279, 58, 940, 15, 940, 16, 0, -1, -1.5707963267948966, 1.0
279, 59, 936, 99, 937, 99, -1, 0, 3.141592653589793, 1.0
279, 60, 631, 299, 631, 296, 0, 3, 1.5707963267948966, 3.0
279, 61, 1236, 364, 1236, 360, 0, 4, 1.5707963267948966, 4.0
279, 62, 332, 359, 332, 359, 0, 0, 0.0, 0.0
279, 63, 258, 367, 258, 368, 0, -1, -1.5707963267948966, 1.0
279, 64, 247, 402, 247, 402, 0, 0, 0.0, 0.0
279, 65, 771, 42, 771, 42, 0, 0, 0.0, 0.0
279, 66, 1225, 377, 1225, 373, 0, 4, 1.5707963267948966, 4.0
279, 67, 766, 34, 766, 35, 0, -1, -1.5707963267948966, 1.0
279, 68, 1208, 75, 1212, 77, -4, -2, -2.677945044588987, 4.47213595499958
279, 69, 871, 575, 870, 572, 1, 3, 1.2490457723982544, 3.1622776601683795
279, 70, 519, 48, 516, 48, 3, 0, 0.0, 3.0
279, 71, 1261, 224, 1261, 223, 0, 1, 1.5707963267948966, 1.0
279, 72, 804, 612, 806, 618, -2, -6, -1.892546881191539, 6.324555320336759
279, 73, 462, 216, 464, 218, -2, -2, -2.356194490192345, 2.8284271247461903
279, 74, 1224, 47, 1227, 48, -3, -1, -2.819842099193151, 3.1622776601683795
279, 75, 133, 175, 134, 174, -1, 1, 2.356194490192345, 1.4142135623730951
279, 76, 62, 158, 62, 158, 0, 0, 0.0, 0.0
279, 77, 960, 34, 962, 35, -2, -1, -2.677945044588987, 2.23606797749979
279, 78, 827, 617, 831, 621, -4, -4, -2.356194490192345, 5.656854249492381
279, 79, 836, 121, 836, 121, 0, 0, 0.0, 0.0
279, 80, 1031, 601, 1032, 606, -1, -5, -1.7681918866447774, 5.0990195135927845
279, 81, 704, 104, 704, 107, 0, -3, -1.5707963267948966, 3.0
279, 82, 627, 342, 627, 339, 0, 3, 1.5707963267948966, 3.0
279, 83, 161, 160, 162, 158, -1, 2, 2.0344439357957027, 2.23606797749979
279, 84, 848, 163, 848, 165, 0, -2, -1.5707963267948966, 2.0
279, 85, 727, 50, 728, 53, -1, -3, -1.892546881191539, 3.1622776601683795
279, 86, 166, 14, 163, 15, 3, -1, -0.3217505543966422, 3.1622776601683795
279, 87, 727, 124, 727, 126, 0, -2, -1.5707963267948966, 2.0
279, 88, 681, 637, 682, 633, -1, 4, 1.8157749899217608, 4.123105625617661
279, 89, 330, 404, 330, 404, 0, 0, 0.0, 0.0
279, 90, 861, 570, 860, 568, 1, 2, 1.1071487177940904, 2.23606797749979
279, 91, 1198, 72, 1202, 74, -4, -2, -2.677945044588987, 4.47213595499958
279, 92, 655, 356, 655, 355, 0, 1, 1.5707963267948966, 1.0
279, 93, 624, 92, 623, 91, 1, 1, 0.7853981633974483, 1.4142135623730951
279, 94, 638, 300, 638, 297, 0, 3, 1.5707963267948966, 3.0
279, 95, 861, 96, 861, 99, 0, -3, -1.5707963267948966, 3.0
279, 96, 924, 93, 925, 93, -1, 0, 3.141592653589793, 1.0
279, 97, 1015, 698, 1015, 701, 0, -3, -1.5707963267948966, 3.0
279, 98, 829, 644, 832, 652, -3, -8, -1.9295669970654687, 8.54400374531753
279, 99, 503, 163, 503, 165, 0, -2, -1.5707963267948966, 2.0
279, 100, 557, 11, 557, 12, 0, -1, -1.5707963267948966, 1.0
279, 101, 1258, 35, 1261, 38, -3, -3, -2.356194490192345, 4.242640687119285
279, 102, 15, 265, 15, 263, 0, 2, 1.5707963267948966, 2.0
279, 103, 634, 61, 634, 61, 0, 0, 0.0, 0.0
279, 104, 932, 92, 933, 92, -1, 0, 3.141592653589793, 1.0
279, 105, 709, 590, 709, 586, 0, 4, 1.5707963267948966, 4.0
279, 106, 679, 134, 680, 134, -1, 0, 3.141592653589793, 1.0
279, 107, 633, 399, 633, 399, 0, 0, 0.0, 0.0
279, 108, 264, 375, 264, 376, 0, -1, -1.5707963267948966, 1.0
279, 109, 868, 555, 867, 552, 1, 3, 1.2490457723982544, 3.1622776601683795
279, 110, 529, 24, 526, 25, 3, -1, -0.3217505543966422, 3.1622776601683795
279, 111, 840, 96, 840, 98, 0, -2, -1.5707963267948966, 2.0
279, 112, 709, 685, 709, 683, 0, 2, 1.5707963267948966, 2.0
279, 113, 289, 311, 290, 311, -1, 0, 3.141592653589793, 1.0
279, 114, 866, 603, 870, 605, -4, -2, -2.677945044588987, 4.47213595499958
279, 115, 1238, 324, 1238, 321, 0, 3, 1.5707963267948966, 3.0
279, 116, 838, 168, 838, 170, 0, -2, -1.5707963267948966, 2.0
279, 117, 503, 445, 503, 448, 0, -3, -1.5707963267948966, 3.0
279, 118, 301, 323, 302, 323, -1, 0, 3.141592653589793, 1.0
279, 119, 535, 458, 536, 462, -1, -4, -1.8157749899217608, 4.123105625617661
279, 120, 866, 108, 866, 111, 0, -3, -1.5707963267948966, 3.0
279, 121, 940, 29, 940, 29, 0, 0, 0.0, 0.0
279, 122, 54, 157, 54, 157, 0, 0, 0.0, 0.0
279, 123, 268, 344, 269, 344, -1, 0, 3.141592653589793, 1.0
279, 124, 1230, 53, 1233, 54, -3, -1, -2.819842099193151, 3.1622776601683795
279, 125, 52, 149, 52, 149, 0, 0, 0.0, 0.0
279, 126, 325, 336, 325, 336, 0, 0, 0.0, 0.0
279, 127, 266, 392, 266, 392, 0, 0, 0.0, 0.0
279, 128, 640, 379, 640, 377, 0, 2, 1.5707963267948966, 2.0
279, 129, 307, 684, 310, 681, -3, 3, 2.356194490192345, 4.242640687119285
279, 130, 1230, 383, 1230, 380, 0, 3, 1.5707963267948966, 3.0
279, 131, 1191, 419, 1191, 420, 0, -1, -1.5707963267948966, 1.0
279, 132, 634, 136, 634, 136, 0, 0, 0.0, 0.0
279, 133, 1248, 242, 1248, 241, 0, 1, 1.5707963267948966, 1.0
279, 134, 161, 146, 162, 144, -1, 2, 2.0344439357957027, 2.23606797749979
279, 135, 592, 14, 592, 16, 0, -2, -1.5707963267948966, 2.0
279, 136, 1224, 38, 1227, 40, -3, -2, -2.5535900500422257, 3.605551275463989
279, 137, 327, 374, 328, 374, -1, 0, 3.141592653589793, 1.0
279, 138, 131, 148, 132, 147, -1, 1, 2.356194490192345, 1.4142135623730951
279, 139, 1008, 654, 1008, 658, 0, -4, -1.5707963267948966, 4.0
279, 140, 120, 112, 121, 110, -1, 2, 2.0344439357957027, 2.23606797749979
279, 141, 708, 82, 709, 85, -1, -3, -1.892546881191539, 3.1622776601683795
279, 142, 477, 162, 477, 164, 0, -2, -1.5707963267948966, 2.0
280, 0, 842, 627, 847, 630, -5, -3, -2.601173153319209, 5.830951894845301
280, 1, 547, 72, 545, 72, 2, 0, 0.0, 2.0
280, 2, 538, 44, 535, 45, 3, -1, -0.3217505543966422, 3.1622776601683795
280, 3, 155, 166, 157, 164, -2, 2, 2.356194490192345, 2.8284271247461903
280, 4, 856, 91, 856, 93, 0, -2, -1.5707963267948966, 2.0
280, 5, 1019, 658, 1021, 662, -2, -4, -2.0344439357957027, 4.47213595499958
280, 6, 702, 120, 702, 124, 0, -4, -1.5707963267948966, 4.0
280, 7, 245, 327, 245, 328, 0, -1, -1.5707963267948966, 1.0
280, 8, 256, 380, 256, 381, 0, -1, -1.5707963267948966, 1.0
280, 9, 845, 529, 844, 525, 1, 4, 1.3258176636680326, 4.123105625617661
280, 10, 535, 479, 535, 483, 0, -4, -1.5707963267948966, 4.0
280, 11, 260, 338, 261, 338, -1, 0, 3.141592653589793, 1.0
280, 12, 1047, 597, 1048, 603, -1, -6, -1.7359450042095235, 6.082762530298219
280, 13, 273, 335, 274, 335, -1, 0, 3.141592653589793, 1.0
280, 14, 1004, 654, 1005, 657, -1, -3, -1.892546881191539, 3.1622776601683795
280, 15, 486, 156, 486, 158, 0, -2, -1.5707963267948966, 2.0
280, 16, 680, 63, 681, 63, -1, 0, 3.141592653589793, 1.0
280, 17, 1056, 629, 1056, 634, 0, -5, -1.5707963267948966, 5.0
280, 18, 846, 91, 846, 93, 0, -2, -1.5707963267948966, 2.0
280, 19, 522, 60, 519, 61, 3, -1, -0.3217505543966422, 3.1622776601683795
280, 20, 518, 79, 517, 79, 1, 0, 0.0, 1.0
280, 21, 853, 82, 853, 84, 0, -2, -1.5707963267948966, 2.0
280, 22, 532, 62, 529, 63, 3, -1, -0.3217505543966422, 3.1622776601683795
280, 23, 834, 551, 833, 552, 1, -1, -0.7853981633974483, 1.4142135623730951
280, 24, 479, 225, 480, 227, -1, -2, -2.0344439357957027, 2.23606797749979
280, 25, 529, 16, 526, 17, 3, -1, -0.3217505543966422, 3.1622776601683795
280, 26, 865, 531, 864, 527, 1, 4, 1.3258176636680326, 4.123105625617661
280, 27, 806, 624, 810, 627, -4, -3, -2.498091544796509, 5.0
280, 28, 622, 359, 621, 355, 1, 4, 1.3258176636680326, 4.123105625617661
280, 29, 513, 388, 513, 393, 0, -5, -1.5707963267948966, 5.0
280, 30, 697, 605, 697, 601, 0, 4, 1.5707963267948966, 4.0
280, 31, 716, 600, 717, 596, -1, 4, 1.8157749899217608, 4.123105625617661
280, 32, 497, 157, 497, 159, 0, -2, -1.5707963267948966, 2.0
280, 33, 495, 436, 495, 438, 0, -2, -1.5707963267948966, 2.0
280, 34, 286, 375, 286, 376, 0, -1, -1.5707963267948966, 1.0
280, 35, 494, 148, 493, 150, 1, -2, -1.1071487177940904, 2.23606797749979
280, 36, 862, 619, 866, 623, -4, -4, -2.356194490192345, 5.656854249492381
280, 37, 470, 199, 471, 201, -1, -2, -2.0344439357957027, 2.23606797749979
280, 38, 822, 616, 826, 620, -4, -4, -2.356194490192345, 5.656854249492381
280, 39, 134, 120, 136, 118, -2, 2, 2.356194490192345, 2.8284271247461903
280, 40, 32, 85, 32, 86, 0, -1, -1.5707963267948966, 1.0
280, 41, 1182, 69, 1186, 71, -4, -2, -2.677945044588987, 4.47213595499958
280, 42, 1259, 221, 1258, 220, 1, 1, 0.7853981633974483, 1.4142135623730951
280, 43, 500, 411, 500, 416, 0, -5, -1.5707963267948966, 5.0
280, 44, 264, 376, 264, 377, 0, -1, -1.5707963267948966, 1.0
280, 45, 1261, 43, 1269, 46, -8, -3, -2.782821983319221, 8.54400374531753
280, 46, 873, 580, 871, 579, 2, 1, 0.4636476090008061, 2.23606797749979
280, 47, 523, 50, 519, 50, 4, 0, 0.0, 4.0
280, 48, 1228, 47, 1231, 48, -3, -1, -2.819842099193151, 3.1622776601683795
280, 49, 813, 628, 817, 631, -4, -3, -2.498091544796509, 5.0
280, 50, 1225, 378, 1225, 374, 0, 4, 1.5707963267948966, 4.0
280, 51, 134, 177, 135, 176, -1, 1, 2.356194490192345, 1.4142135623730951
280, 52, 1165, 135, 1165, 136, 0, -1, -1.5707963267948966, 1.0
280, 53, 847, 166, 847, 167, 0, -1, -1.5707963267948966, 1.0
280, 54, 632, 299, 632, 296, 0, 3, 1.5707963267948966, 3.0
280, 55, 504, 204, 504, 205, 0, -1, -1.5707963267948966, 1.0
280, 56, 332, 359, 332, 360, 0, -1, -1.5707963267948966, 1.0
280, 57, 937, 98, 937, 99, 0, -1, -1.5707963267948966, 1.0
280, 58, 160, 160, 162, 158, -2, 2, 2.356194490192345, 2.8284271247461903
280, 59, 1188, 61, 1192, 63, -4, -2, -2.677945044588987, 4.47213595499958
280, 60, 1235, 366, 1235, 362, 0, 4, 1.5707963267948966, 4.0
280, 61, 161, 9, 158, 10, 3, -1, -0.3217505543966422, 3.1622776601683795
280, 62, 247, 401, 247, 402, 0, -1, -1.5707963267948966, 1.0
280, 63, 771, 42, 771, 42, 0, 0, 0.0, 0.0
280, 64, 861, 586, 861, 583, 0, 3, 1.5707963267948966, 3.0
280, 65, 692, 692, 692, 688, 0, 4, 1.5707963267948966, 4.0
280, 66, 654, 355, 654, 354, 0, 1, 1.5707963267948966, 1.0
280, 67, 462, 215, 464, 217, -2, -2, -2.356194490192345, 2.8284271247461903
280, 68, 818, 13, 819, 13, -1, 0, 3.141592653589793, 1.0
280, 69, 1210, 443, 1209, 436, 1, 7, 1.4288992721907328, 7.0710678118654755
280, 70, 840, 97, 840, 99, 0, -2, -1.5707963267948966, 2.0
280, 71, 728, 51, 730, 54, -2, -3, -2.158798930342464, 3.605551275463989
280, 72, 1164, 105, 1166, 109, -2, -4, -2.0344439357957027, 4.47213595499958
280, 73, 1020, 667, 1021, 672, -1, -5, -1.7681918866447774, 5.0990195135927845
280, 74, 331, 403, 331, 404, 0, -1, -1.5707963267948966, 1.0
280, 75, 639, 301, 639, 298, 0, 3, 1.5707963267948966, 3.0
280, 76, 1207, 72, 1211, 75, -4, -3, -2.498091544796509, 5.0
280, 77, 61, 158, 62, 158, -1, 0, 3.141592653589793, 1.0
280, 78, 796, 590, 798, 595, -2, -5, -1.9513027039072615, 5.385164807134504
280, 79, 10, 237, 10, 237, 0, 0, 0.0, 0.0
280, 80, 987, 42, 989, 43, -2, -1, -2.677945044588987, 2.23606797749979
280, 81, 187, 11, 187, 12, 0, -1, -1.5707963267948966, 1.0
280, 82, 503, 442, 503, 444, 0, -2, -1.5707963267948966, 2.0
280, 83, 526, 461, 527, 465, -1, -4, -1.8157749899217608, 4.123105625617661
280, 84, 726, 674, 726, 671, 0, 3, 1.5707963267948966, 3.0
280, 85, 925, 92, 925, 93, 0, -1, -1.5707963267948966, 1.0
280, 86, 961, 34, 963, 36, -2, -2, -2.356194490192345, 2.8284271247461903
280, 87, 665, 10, 665, 10, 0, 0, 0.0, 0.0
280, 88, 705, 105, 705, 109, 0, -4, -1.5707963267948966, 4.0
280, 89, 531, 25, 528, 26, 3, -1, -0.3217505543966422, 3.1622776601683795
280, 90, 17, 264, 17, 264, 0, 0, 0.0, 0.0
280, 91, 984, 33, 986, 35, -2, -2, -2.356194490192345, 2.8284271247461903
280, 92, 774, 48, 774, 49, 0, -1, -1.5707963267948966, 1.0
280, 93, 682, 643, 683, 638, -1, 5, 1.7681918866447774, 5.0990195135927845
280, 94, 633, 399, 633, 399, 0, 0, 0.0, 0.0
280, 95, 536, 457, 537, 461, -1, -4, -1.8157749899217608, 4.123105625617661
280, 96, 519, 482, 519, 482, 0, 0, 0.0, 0.0
280, 97, 861, 97, 861, 99, 0, -2, -1.5707963267948966, 2.0
280, 98, 933, 91, 933, 92, 0, -1, -1.5707963267948966, 1.0
280, 99, 504, 165, 504, 167, 0, -2, -1.5707963267948966, 2.0
280, 100, 51, 149, 52, 149, -1, 0, 3.141592653589793, 1.0
280, 101, 289, 312, 290, 312, -1, 0, 3.141592653589793, 1.0
280, 102, 1015, 628, 1015, 633, 0, -5, -1.5707963267948966, 5.0
280, 103, 703, 184, 703, 189, 0, -5, -1.5707963267948966, 5.0
280, 104, 633, 61, 633, 61, 0, 0, 0.0, 0.0
280, 105, 1027, 597, 1028, 602, -1, -5, -1.7681918866447774, 5.0990195135927845
280, 106, 53, 158, 54, 158, -1, 0, 3.141592653589793, 1.0
280, 107, 711, 594, 711, 590, 0, 4, 1.5707963267948966, 4.0
280, 108, 623, 92, 622, 91, 1, 1, 0.7853981633974483, 1.4142135623730951
280, 109, 121, 113, 122, 111, -1, 2, 2.0344439357957027, 2.23606797749979
280, 110, 680, 134, 681, 134, -1, 0, 3.141592653589793, 1.0
280, 111, 727, 124, 728, 127, -1, -3, -1.892546881191539, 3.1622776601683795
280, 112, 157, 196, 159, 194, -2, 2, 2.356194490192345, 2.8284271247461903
280, 113, 325, 336, 325, 337, 0, -1, -1.5707963267948966, 1.0
280, 114, 861, 28, 861, 30, 0, -2, -1.5707963267948966, 2.0
280, 115, 835, 129, 835, 129, 0, 0, 0.0, 0.0
280, 116, 1249, 242, 1248, 241, 1, 1, 0.7853981633974483, 1.4142135623730951
280, 117, 969, 68, 971, 71, -2, -3, -2.158798930342464, 3.605551275463989
280, 118, 852, 19, 852, 20, 0, -1, -1.5707963267948966, 1.0
280, 119, 128, 147, 130, 146, -2, 1, 2.677945044588987, 2.23606797749979
280, 120, 1261, 35, 1269, 38, -8, -3, -2.782821983319221, 8.54400374531753
280, 121, 500, 230, 501, 236, -1, -6, -1.7359450042095235, 6.082762530298219
280, 122, 645, 380, 645, 377, 0, 3, 1.5707963267948966, 3.0
280, 123, 1239, 326, 1239, 323, 0, 3, 1.5707963267948966, 3.0
280, 124, 826, 44, 826, 44, 0, 0, 0.0, 0.0
280, 125, 1261, 226, 1274, 225, -13, 1, 3.064820762320015, 13.038404810405298
280, 126, 1192, 420, 1192, 420, 0, 0, 0.0, 0.0
280, 127, 866, 110, 866, 112, 0, -2, -1.5707963267948966, 2.0
280, 128, 478, 164, 478, 166, 0, -2, -1.5707963267948966, 2.0
280, 129, 708, 83, 710, 86, -2, -3, -2.158798930342464, 3.605551275463989
280, 130, 645, 343, 645, 341, 0, 2, 1.5707963267948966, 2.0
280, 131, 309, 691, 312, 688, -3, 3, 2.356194490192345, 4.242640687119285
280, 132, 1182, 110, 1186, 113, -4, -3, -2.498091544796509, 5.0
280, 133, 702, 594, 702, 590, 0, 4, 1.5707963267948966, 4.0
280, 134, 634, 136, 635, 136, -1, 0, 3.141592653589793, 1.0
280, 135, 513, 502, 514, 508, -1, -6, -1.7359450042095235, 6.082762530298219
280, 136, 538, 37, 535, 38, 3, -1, -0.3217505543966422, 3.1622776601683795
280, 137, 318, 387, 319, 387, -1, 0, 3.141592653589793, 1.0
280, 138, 870, 555, 869, 552, 1, 3, 1.2490457723982544, 3.1622776601683795
280, 139, 1261, 252, 1263, 252, -2, 0, 3.141592653589793, 2.0
280, 140, 589, 12, 590, 14, -1, -2, -2.0344439357957027, 2.23606797749979
280, 141, 254, 359, 254, 360, 0, -1, -1.5707963267948966, 1.0
280, 142, 850, 520, 849, 516, 1, 4, 1.3258176636680326, 4.123105625617661
280, 143, 841, 162, 841, 163, 0, -1, -1.5707963267948966, 1.0
281, 0, 837, 624, 842, 627, -5, -3, -2.601173153319209, 5.830951894845301
281, 1, 549, 72, 547, 72, 2, 0, 0.0, 2.0
281, 2, 541, 44, 538, 44, 3, 0, 0.0, 3.0
281, 3, 153, 168, 155, 166, -2, 2, 2.356194490192345, 2.8284271247461903
281, 4, 856, 89, 856, 91, 0, -2, -1.5707963267948966, 2.0
281, 5, 1018, 654, 1019, 658, -1, -4, -1.8157749899217608, 4.123105625617661
281, 6, 702, 116, 702, 120, 0, -4, -1.5707963267948966, 4.0
281, 7, 256, 379, 256, 380, 0, -1, -1.5707963267948966, 1.0
281, 8, 846, 532, 845, 529, 1, 3, 1.2490457723982544, 3.1622776601683795
281, 9, 535, 475, 535, 479, 0, -4, -1.5707963267948966, 4.0
281, 10, 259, 338, 260, 338, -1, 0, 3.141592653589793, 1.0
281, 11, 1046, 591, 1047, 597, -1, -6, -1.7359450042095235, 6.082762530298219
281, 12, 272, 335, 273, 335, -1, 0, 3.141592653589793, 1.0
281, 13, 1003, 651, 1004, 654, -1, -3, -1.892546881191539, 3.1622776601683795
281, 14, 486, 154, 486, 156, 0, -2, -1.5707963267948966, 2.0
281, 15, 679, 63, 680, 63, -1, 0, 3.141592653589793, 1.0
281, 16, 1055, 624, 1056, 629, -1, -5, -1.7681918866447774, 5.0990195135927845
281, 17, 846, 90, 846, 91, 0, -1, -1.5707963267948966, 1.0
281, 18, 525, 60, 522, 60, 3, 0, 0.0, 3.0
281, 19, 520, 78, 518, 79, 2, -1, -0.4636476090008061, 2.23606797749979
281, 20, 853, 80, 853, 82, 0, -2, -1.5707963267948966, 2.0
281, 21, 535, 62, 532, 62, 3, 0, 0.0, 3.0
281, 22, 833, 551, 834, 551, -1, 0, 3.141592653589793, 1.0
281, 23, 478, 223, 479, 225, -1, -2, -2.0344439357957027, 2.23606797749979
281, 24, 532, 15, 529, 16, 3, -1, -0.3217505543966422, 3.1622776601683795
281, 25, 866, 535, 865, 531, 1, 4, 1.3258176636680326, 4.123105625617661
281, 26, 802, 622, 806, 624, -4, -2, -2.677945044588987, 4.47213595499958
281, 27, 623, 363, 622, 359, 1, 4, 1.3258176636680326, 4.123105625617661
281, 28, 513, 383, 513, 388, 0, -5, -1.5707963267948966, 5.0
281, 29, 697, 609, 697, 605, 0, 4, 1.5707963267948966, 4.0
281, 30, 715, 604, 716, 600, -1, 4, 1.8157749899217608, 4.123105625617661
281, 31, 497, 155, 497, 157, 0, -2, -1.5707963267948966, 2.0
281, 32, 495, 435, 495, 436, 0, -1, -1.5707963267948966, 1.0
281, 33, 494, 146, 494, 148, 0, -2, -1.5707963267948966, 2.0
281, 34, 859, 615, 862, 619, -3, -4, -2.214297435588181, 5.0
281, 35, 469, 197, 470, 199, -1, -2, -2.0344439357957027, 2.23606797749979
281, 36, 818, 612, 822, 616, -4, -4, -2.356194490192345, 5.656854249492381
281, 37, 133, 122, 134, 120, -1, 2, 2.0344439357957027, 2.23606797749979
281, 38, 32, 84, 32, 85, 0, -1, -1.5707963267948966, 1.0
281, 39, 1178, 67, 1182, 69, -4, -2, -2.677945044588987, 4.47213595499958
281, 40, 1260, 222, 1259, 221, 1, 1, 0.7853981633974483, 1.4142135623730951
281, 41, 500, 406, 500, 411, 0, -5, -1.5707963267948966, 5.0
281, 42, 264, 375, 264, 376, 0, -1, -1.5707963267948966, 1.0
281, 43, 1258, 41, 1261, 43, -3, -2, -2.5535900500422257, 3.605551275463989
281, 44, 874, 582, 873, 580, 1, 2, 1.1071487177940904, 2.23606797749979
281, 45, 526, 49, 523, 50, 3, -1, -0.3217505543966422, 3.1622776601683795
281, 46, 1225, 46, 1228, 47, -3, -1, -2.819842099193151, 3.1622776601683795
281, 47, 810, 625, 813, 628, -3, -3, -2.356194490192345, 4.242640687119285
281, 48, 1225, 382, 1225, 378, 0, 4, 1.5707963267948966, 4.0
281, 49, 133, 178, 134, 177, -1, 1, 2.356194490192345, 1.4142135623730951
281, 50, 847, 164, 847, 166, 0, -2, -1.5707963267948966, 2.0
281, 51, 632, 302, 632, 299, 0, 3, 1.5707963267948966, 3.0
281, 52, 504, 203, 504, 204, 0, -1, -1.5707963267948966, 1.0
281, 53, 332, 358, 332, 359, 0, -1, -1.5707963267948966, 1.0
281, 54, 937, 97, 937, 98, 0, -1, -1.5707963267948966, 1.0
281, 55, 158, 162, 160, 160, -2, 2, 2.356194490192345, 2.8284271247461903
281, 56, 1184, 59, 1188, 61, -4, -2, -2.677945044588987, 4.47213595499958
281, 57, 1235, 370, 1235, 366, 0, 4, 1.5707963267948966, 4.0
281, 58, 247, 400, 247, 401, 0, -1, -1.5707963267948966, 1.0
281, 59, 771, 42, 771, 42, 0, 0, 0.0, 0.0
281, 60, 861, 589, 861, 586, 0, 3, 1.5707963267948966, 3.0
281, 61, 692, 695, 692, 692, 0, 3, 1.5707963267948966, 3.0
281, 62, 654, 356, 654, 355, 0, 1, 1.5707963267948966, 1.0
281, 63, 461, 213, 462, 215, -1, -2, -2.0344439357957027, 2.23606797749979
281, 64, 1211, 448, 1210, 443, 1, 5, 1.373400766945016, 5.0990195135927845
281, 65, 840, 96, 840, 97, 0, -1, -1.5707963267948966, 1.0
281, 66, 727, 48, 728, 51, -1, -3, -1.892546881191539, 3.1622776601683795
281, 67, 1161, 102, 1164, 105, -3, -3, -2.356194490192345, 4.242640687119285
281, 68, 1019, 662, 1020, 667, -1, -5, -1.7681918866447774, 5.0990195135927845
281, 69, 331, 402, 331, 403, 0, -1, -1.5707963267948966, 1.0
281, 70, 639, 304, 639, 301, 0, 3, 1.5707963267948966, 3.0
281, 71, 1203, 70, 1207, 72, -4, -2, -2.677945044588987, 4.47213595499958
281, 72, 60, 158, 61, 158, -1, 0, 3.141592653589793, 1.0
281, 73, 794, 585, 796, 590, -2, -5, -1.9513027039072615, 5.385164807134504
281, 74, 10, 237, 10, 237, 0, 0, 0.0, 0.0
281, 75, 985, 40, 987, 42, -2, -2, -2.356194490192345, 2.8284271247461903
281, 76, 187, 11, 187, 11, 0, 0, 0.0, 0.0
281, 77, 503, 440, 503, 442, 0, -2, -1.5707963267948966, 2.0
281, 78, 525, 457, 526, 461, -1, -4, -1.8157749899217608, 4.123105625617661
281, 79, 726, 677, 726, 674, 0, 3, 1.5707963267948966, 3.0
281, 80, 925, 91, 925, 92, 0, -1, -1.5707963267948966, 1.0
281, 81, 959, 31, 961, 34, -2, -3, -2.158798930342464, 3.605551275463989
281, 82, 665, 10, 665, 10, 0, 0, 0.0, 0.0
281, 83, 705, 101, 705, 105, 0, -4, -1.5707963267948966, 4.0
281, 84, 534, 24, 531, 25, 3, -1, -0.3217505543966422, 3.1622776601683795
281, 85, 16, 264, 17, 264, -1, 0, 3.141592653589793, 1.0
281, 86, 982, 31, 984, 33, -2, -2, -2.356194490192345, 2.8284271247461903
281, 87, 773, 48, 774, 48, -1, 0, 3.141592653589793, 1.0
281, 88, 682, 647, 682, 643, 0, 4, 1.5707963267948966, 4.0
281, 89, 632, 400, 633, 399, -1, 1, 2.356194490192345, 1.4142135623730951
281, 90, 536, 453, 536, 457, 0, -4, -1.5707963267948966, 4.0
281, 91, 519, 481, 519, 482, 0, -1, -1.5707963267948966, 1.0
281, 92, 861, 95, 861, 97, 0, -2, -1.5707963267948966, 2.0
281, 93, 933, 90, 933, 91, 0, -1, -1.5707963267948966, 1.0
281, 94, 504, 163, 504, 165, 0, -2, -1.5707963267948966, 2.0
281, 95, 50, 149, 51, 149, -1, 0, 3.141592653589793, 1.0
281, 96, 288, 312, 289, 312, -1, 0, 3.141592653589793, 1.0
281, 97, 1015, 622, 1015, 628, 0, -6, -1.5707963267948966, 6.0
281, 98, 703, 181, 703, 184, 0, -3, -1.5707963267948966, 3.0
281, 99, 633, 62, 633, 61, 0, 1, 1.5707963267948966, 1.0
281, 100, 1026, 592, 1027, 597, -1, -5, -1.7681918866447774, 5.0990195135927845
281, 101, 52, 158, 53, 158, -1, 0, 3.141592653589793, 1.0
281, 102, 710, 599, 711, 594, -1, 5, 1.7681918866447774, 5.0990195135927845
281, 103, 624, 93, 623, 92, 1, 1, 0.7853981633974483, 1.4142135623730951
281, 104, 120, 115, 121, 113, -1, 2, 2.0344439357957027, 2.23606797749979
281, 105, 679, 134, 680, 134, -1, 0, 3.141592653589793, 1.0
281, 106, 726, 122, 727, 124, -1, -2, -2.0344439357957027, 2.23606797749979
281, 107, 155, 198, 157, 196, -2, 2, 2.356194490192345, 2.8284271247461903
281, 108, 325, 335, 325, 336, 0, -1, -1.5707963267948966, 1.0
281, 109, 861, 26, 861, 28, 0, -2, -1.5707963267948966, 2.0
281, 110, 835, 129, 835, 129, 0, 0, 0.0, 0.0
281, 111, 1250, 243, 1249, 242, 1, 1, 0.7853981633974483, 1.4142135623730951
281, 112, 967, 67, 969, 68, -2, -1, -2.677945044588987, 2.23606797749979
281, 113, 852, 18, 852, 19, 0, -1, -1.5707963267948966, 1.0
281, 114, 127, 149, 128, 147, -1, 2, 2.0344439357957027, 2.23606797749979
281, 115, 1258, 33, 1261, 35, -3, -2, -2.5535900500422257, 3.605551275463989
281, 116, 499, 225, 500, 230, -1, -5, -1.7681918866447774, 5.0990195135927845
281, 117, 645, 382, 645, 380, 0, 2, 1.5707963267948966, 2.0
281, 118, 1239, 330, 1239, 326, 0, 4, 1.5707963267948966, 4.0
281, 119, 826, 44, 826, 44, 0, 0, 0.0, 0.0
281, 120, 1261, 228, 1261, 226, 0, 2, 1.5707963267948966, 2.0
281, 121, 1191, 420, 1192, 420, -1, 0, 3.141592653589793, 1.0
281, 122, 866, 109, 866, 110, 0, -1, -1.5707963267948966, 1.0
281, 123, 478, 162, 478, 164, 0, -2, -1.5707963267948966, 2.0
281, 124, 706, 80, 708, 83, -2, -3, -2.158798930342464, 3.605551275463989
281, 125, 645, 345, 645, 343, 0, 2, 1.5707963267948966, 2.0
281, 126, 306, 694, 309, 691, -3, 3, 2.356194490192345, 4.242640687119285
281, 127, 1178, 108, 1182, 110, -4, -2, -2.677945044588987, 4.47213595499958
281, 128, 702, 598, 702, 594, 0, 4, 1.5707963267948966, 4.0
281, 129, 633, 136, 634, 136, -1, 0, 3.141592653589793, 1.0
281, 130, 512, 495, 513, 502, -1, -7, -1.7126933813990606, 7.0710678118654755
281, 131, 541, 37, 538, 37, 3, 0, 0.0, 3.0
281, 132, 317, 387, 318, 387, -1, 0, 3.141592653589793, 1.0
281, 133, 871, 558, 870, 555, 1, 3, 1.2490457723982544, 3.1622776601683795
281, 134, 1261, 252, 1261, 252, 0, 0, 0.0, 0.0
281, 135, 588, 10, 589, 12, -1, -2, -2.0344439357957027, 2.23606797749979
281, 136, 254, 358, 254, 359, 0, -1, -1.5707963267948966, 1.0
281, 137, 851, 524, 850, 520, 1, 4, 1.3258176636680326, 4.123105625617661
281, 138, 841, 160, 841, 162, 0, -2, -1.5707963267948966, 2.0
282, 0, 253, 325, 254, 325, -1, 0, 3.141592653589793, 1.0
282, 1, 153, 168, 155, 166, -2, 2, 2.356194490192345, 2.8284271247461903
282, 2, 756, 10, 757, 10, -1, 0, 3.141592653589793, 1.0
282, 3, 846, 532, 845, 529, 1, 3, 1.2490457723982544, 3.1622776601683795
282, 4, 798, 623, 801, 626, -3, -3, -2.356194490192345, 4.242640687119285
282, 5, 855, 91, 855, 92, 0, -1, -1.5707963267948966, 1.0
282, 6, 542, 46, 539, 45, 3, 1, 0.3217505543966422, 3.1622776601683795
282, 7, 274, 335, 275, 335, -1, 0, 3.141592653589793, 1.0
282, 8, 543, 77, 542, 77, 1, 0, 0.0, 1.0
282, 9, 526, 61, 523, 61, 3, 0, 0.0, 3.0
282, 10, 256, 380, 256, 380, 0, 0, 0.0, 0.0
282, 11, 260, 338, 261, 338, -1, 0, 3.141592653589793, 1.0
282, 12, 245, 328, 246, 328, -1, 0, 3.141592653589793, 1.0
282, 13, 1045, 592, 1047, 598, -2, -6, -1.892546881191539, 6.324555320336759
282, 14, 680, 65, 681, 64, -1, 1, 2.356194490192345, 1.4142135623730951
282, 15, 487, 155, 487, 157, 0, -2, -1.5707963267948966, 2.0
282, 16, 1055, 622, 1056, 627, -1, -5, -1.7681918866447774, 5.0990195135927845
282, 17, 536, 473, 536, 477, 0, -4, -1.5707963267948966, 4.0
282, 18, 702, 117, 702, 121, 0, -4, -1.5707963267948966, 4.0
282, 19, 866, 535, 865, 531, 1, 4, 1.3258176636680326, 4.123105625617661
282, 20, 535, 64, 532, 63, 3, 1, 0.3217505543966422, 3.1622776601683795
282, 21, 521, 77, 519, 77, 2, 0, 0.0, 2.0
282, 22, 697, 611, 697, 607, 0, 4, 1.5707963267948966, 4.0
282, 23, 847, 90, 847, 91, 0, -1, -1.5707963267948966, 1.0
282, 24, 302, 322, 303, 322, -1, 0, 3.141592653589793, 1.0
282, 25, 532, 16, 529, 17, 3, -1, -0.3217505543966422, 3.1622776601683795
282, 26, 837, 622, 841, 624, -4, -2, -2.677945044588987, 4.47213595499958
282, 27, 1179, 67, 1183, 69, -4, -2, -2.677945044588987, 4.47213595499958
282, 28, 499, 156, 499, 158, 0, -2, -1.5707963267948966, 2.0
282, 29, 477, 223, 478, 225, -1, -2, -2.0344439357957027, 2.23606797749979
282, 30, 252, 341, 253, 341, -1, 0, 3.141592653589793, 1.0
282, 31, 479, 25, 479, 26, 0, -1, -1.5707963267948966, 1.0
282, 32, 816, 611, 820, 615, -4, -4, -2.356194490192345, 5.656854249492381
282, 33, 495, 436, 495, 438, 0, -2, -1.5707963267948966, 2.0
282, 34, 504, 201, 504, 203, 0, -2, -1.5707963267948966, 2.0
282, 35, 715, 606, 717, 602, -2, 4, 2.0344439357957027, 4.47213595499958
282, 36, 766, 35, 767, 35, -1, 0, 3.141592653589793, 1.0
282, 37, 872, 583, 871, 580, 1, 3, 1.2490457723982544, 3.1622776601683795
282, 38, 15, 265, 16, 265, -1, 0, 3.141592653589793, 1.0
282, 39, 494, 146, 494, 148, 0, -2, -1.5707963267948966, 2.0
282, 40, 514, 384, 514, 389, 0, -5, -1.5707963267948966, 5.0
282, 41, 623, 365, 623, 361, 0, 4, 1.5707963267948966, 4.0
282, 42, 471, 197, 471, 199, 0, -2, -1.5707963267948966, 2.0
282, 43, 527, 49, 524, 50, 3, -1, -0.3217505543966422, 3.1622776601683795
282, 44, 1235, 370, 1235, 366, 0, 4, 1.5707963267948966, 4.0
282, 45, 1020, 655, 1020, 658, 0, -3, -1.5707963267948966, 3.0
282, 46, 1222, 47, 1226, 48, -4, -1, -2.896613990462929, 4.123105625617661
282, 47, 134, 122, 135, 120, -1, 2, 2.0344439357957027, 2.23606797749979
282, 48, 1202, 68, 1206, 70, -4, -2, -2.677945044588987, 4.47213595499958
282, 49, 501, 406, 501, 411, 0, -5, -1.5707963267948966, 5.0
282, 50, 1226, 383, 1226, 379, 0, 4, 1.5707963267948966, 4.0
282, 51, 132, 177, 134, 176, -2, 1, 2.677945044588987, 2.23606797749979
282, 52, 693, 696, 693, 693, 0, 3, 1.5707963267948966, 3.0
282, 53, 652, 357, 653, 356, -1, 1, 2.356194490192345, 1.4142135623730951
282, 54, 859, 614, 859, 619, 0, -5, -1.5707963267948966, 5.0
282, 55, 939, 16, 940, 16, -1, 0, 3.141592653589793, 1.0
282, 56, 1184, 60, 1188, 62, -4, -2, -2.677945044588987, 4.47213595499958
282, 57, 757, 19, 758, 19, -1, 0, 3.141592653589793, 1.0
282, 58, 264, 378, 264, 378, 0, 0, 0.0, 0.0
282, 59, 633, 303, 633, 299, 0, 4, 1.5707963267948966, 4.0
282, 60, 1261, 42, 1266, 44, -5, -2, -2.761086276477428, 5.385164807134504
282, 61, 847, 166, 847, 167, 0, -1, -1.5707963267948966, 1.0
282, 62, 936, 99, 937, 99, -1, 0, 3.141592653589793, 1.0
282, 63, 246, 402, 247, 402, -1, 0, 3.141592653589793, 1.0
282, 64, 192, 11, 193, 11, -1, 0, 3.141592653589793, 1.0
282, 65, 727, 675, 727, 673, 0, 2, 1.5707963267948966, 2.0
282, 66, 770, 42, 771, 42, -1, 0, 3.141592653589793, 1.0
282, 67, 159, 162, 161, 160, -2, 2, 2.356194490192345, 2.8284271247461903
282, 68, 1261, 240, 1261, 237, 0, 3, 1.5707963267948966, 3.0
282, 69, 1020, 663, 1020, 667, 0, -4, -1.5707963267948966, 4.0
282, 70, 817, 13, 818, 13, -1, 0, 3.141592653589793, 1.0
282, 71, 814, 22, 815, 22, -1, 0, 3.141592653589793, 1.0
282, 72, 705, 101, 705, 105, 0, -4, -1.5707963267948966, 4.0
282, 73, 61, 159, 62, 159, -1, 0, 3.141592653589793, 1.0
282, 74, 245, 319, 246, 319, -1, 0, 3.141592653589793, 1.0
282, 75, 841, 97, 841, 98, 0, -1, -1.5707963267948966, 1.0
282, 76, 330, 404, 331, 404, -1, 0, 3.141592653589793, 1.0
282, 77, 295, 381, 296, 383, -1, -2, -2.0344439357957027, 2.23606797749979
282, 78, 499, 224, 500, 228, -1, -4, -1.8157749899217608, 4.123105625617661
282, 79, 1228, 53, 1232, 54, -4, -1, -2.896613990462929, 4.123105625617661
282, 80, 535, 25, 532, 26, 3, -1, -0.3217505543966422, 3.1622776601683795
282, 81, 871, 560, 870, 556, 1, 4, 1.3258176636680326, 4.123105625617661
282, 82, 728, 48, 729, 51, -1, -3, -1.892546881191539, 3.1622776601683795
282, 83, 924, 93, 925, 93, -1, 0, 3.141592653589793, 1.0
282, 84, 968, 68, 970, 69, -2, -1, -2.677945044588987, 2.23606797749979
282, 85, 256, 358, 256, 359, 0, -1, -1.5707963267948966, 1.0
282, 86, 1026, 593, 1027, 597, -1, -4, -1.8157749899217608, 4.123105625617661
282, 87, 640, 305, 640, 301, 0, 4, 1.5707963267948966, 4.0
282, 88, 832, 677, 834, 677, -2, 0, 3.141592653589793, 2.0
282, 89, 810, 615, 813, 620, -3, -5, -2.1112158270654806, 5.830951894845301
282, 90, 530, 450, 531, 454, -1, -4, -1.8157749899217608, 4.123105625617661
282, 91, 791, 579, 794, 584, -3, -5, -2.1112158270654806, 5.830951894845301
282, 92, 504, 438, 504, 440, 0, -2, -1.5707963267948966, 2.0
282, 93, 151, 202, 154, 200, -3, 2, 2.5535900500422257, 3.605551275463989
282, 94, 844, 570, 848, 571, -4, -1, -2.896613990462929, 4.123105625617661
282, 95, 758, 45, 759, 45, -1, 0, 3.141592653589793, 1.0
282, 96, 773, 49, 774, 49, -1, 0, 3.141592653589793, 1.0
282, 97, 851, 679, 853, 683, -2, -4, -2.0344439357957027, 4.47213595499958
282, 98, 505, 163, 505, 165, 0, -2, -1.5707963267948966, 2.0
282, 99, 681, 647, 681, 643, 0, 4, 1.5707963267948966, 4.0
282, 100, 51, 148, 52, 148, -1, 0, 3.141592653589793, 1.0
282, 101, 710, 600, 711, 596, -1, 4, 1.8157749899217608, 4.123105625617661
282, 102, 507, 210, 507, 212, 0, -2, -1.5707963267948966, 2.0
282, 103, 703, 178, 703, 180, 0, -2, -1.5707963267948966, 2.0
282, 104, 985, 40, 987, 41, -2, -1, -2.677945044588987, 2.23606797749979
282, 105, 53, 155, 54, 155, -1, 0, 3.141592653589793, 1.0
282, 106, 932, 91, 933, 91, -1, 0, 3.141592653589793, 1.0
282, 107, 121, 115, 122, 113, -1, 2, 2.0344439357957027, 2.23606797749979
282, 108, 632, 399, 633, 399, -1, 0, 3.141592653589793, 1.0
282, 109, 1261, 228, 1274, 227, -13, 1, 3.064820762320015, 13.038404810405298
282, 110, 817, 632, 821, 634, -4, -2, -2.677945044588987, 4.47213595499958
282, 111, 961, 32, 963, 35, -2, -3, -2.158798930342464, 3.605551275463989
282, 112, 680, 134, 681, 134, -1, 0, 3.141592653589793, 1.0
282, 113, 707, 79, 709, 82, -2, -3, -2.158798930342464, 3.605551275463989
282, 114, 463, 214, 464, 216, -1, -2, -2.0344439357957027, 2.23606797749979
282, 115, 1155, 102, 1158, 105, -3, -3, -2.356194490192345, 4.242640687119285
282, 116, 288, 313, 289, 313, -1, 0, 3.141592653589793, 1.0
282, 117, 1171, 140, 1173, 141, -2, -1, -2.677945044588987, 2.23606797749979
282, 118, 1239, 331, 1239, 327, 0, 4, 1.5707963267948966, 4.0
282, 119, 665, 12, 665, 12, 0, 0, 0.0, 0.0
282, 120, 843, 154, 843, 157, 0, -3, -1.5707963267948966, 3.0
282, 121, 633, 63, 633, 62, 0, 1, 1.5707963267948966, 1.0
282, 122, 127, 150, 129, 148, -2, 2, 2.356194490192345, 2.8284271247461903
282, 123, 10, 240, 10, 239, 0, 1, 1.5707963267948966, 1.0
282, 124, 1206, 438, 1206, 435, 0, 3, 1.5707963267948966, 3.0
282, 125, 851, 526, 850, 522, 1, 4, 1.3258176636680326, 4.123105625617661
282, 126, 1192, 420, 1193, 420, -1, 0, 3.141592653589793, 1.0
282, 127, 646, 402, 647, 399, -1, 3, 1.892546881191539, 3.1622776601683795
282, 128, 265, 393, 266, 393, -1, 0, 3.141592653589793, 1.0
282, 129, 1259, 34, 1262, 35, -3, -1, -2.819842099193151, 3.1622776601683795
282, 130, 939, 29, 940, 29, -1, 0, 3.141592653589793, 1.0
282, 131, 479, 199, 479, 201, 0, -2, -1.5707963267948966, 2.0
282, 132, 512, 493, 513, 502, -1, -9, -1.6814535479687922, 9.055385138137417
282, 133, 727, 120, 728, 123, -1, -3, -1.892546881191539, 3.1622776601683795
282, 134, 645, 347, 646, 344, -1, 3, 1.892546881191539, 3.1622776601683795
282, 135, 825, 44, 826, 44, -1, 0, 3.141592653589793, 1.0
282, 136, 1250, 244, 1249, 242, 1, 2, 1.1071487177940904, 2.23606797749979
282, 137, 718, 112, 719, 114, -1, -2, -2.0344439357957027, 2.23606797749979
282, 138, 634, 136, 635, 136, -1, 0, 3.141592653589793, 1.0
282, 139, 480, 162, 480, 164, 0, -2, -1.5707963267948966, 2.0
282, 140, 1161, 136, 1164, 137, -3, -1, -2.819842099193151, 3.1622776601683795
282, 141, 835, 129, 835, 130, 0, -1, -1.5707963267948966, 1.0
282, 142, 308, 698, 311, 695, -3, 3, 2.356194490192345, 4.242640687119285
282, 143, 171, 14, 169, 13, 2, 1, 0.4636476090008061, 2.23606797749979
283, 0, 150, 172, 153, 168, -3, 4, 2.214297435588181, 5.0
283, 1, 755, 10, 756, 10, -1, 0, 3.141592653589793, 1.0
283, 2, 848, 535, 846, 532, 2, 3, 0.982793723247329, 3.605551275463989
283, 3, 795, 619, 798, 623, -3, -4, -2.214297435588181, 5.0
283, 4, 854, 88, 855, 91, -1, -3, -1.892546881191539, 3.1622776601683795
283, 5, 545, 48, 542, 46, 3, 2, 0.5880026035475675, 3.605551275463989
283, 6, 272, 335, 274, 335, -2, 0, 3.141592653589793, 2.0
283, 7, 543, 77, 543, 77, 0, 0, 0.0, 0.0
283, 8, 529, 62, 526, 61, 3, 1, 0.3217505543966422, 3.1622776601683795
283, 9, 256, 380, 256, 380, 0, 0, 0.0, 0.0
283, 10, 259, 338, 260, 338, -1, 0, 3.141592653589793, 1.0
283, 11, 1044, 587, 1045, 592, -1, -5, -1.7681918866447774, 5.0990195135927845
283, 12, 679, 67, 680, 65, -1, 2, 2.0344439357957027, 2.23606797749979
283, 13, 488, 150, 487, 155, 1, -5, -1.373400766945016, 5.0990195135927845
283, 14, 1053, 614, 1055, 622, -2, -8, -1.8157749899217608, 8.246211251235321
283, 15, 536, 471, 536, 473, 0, -2, -1.5707963267948966, 2.0
283, 16, 701, 112, 702, 117, -1, -5, -1.7681918866447774, 5.0990195135927845
283, 17, 865, 538, 866, 535, -1, 3, 1.892546881191539, 3.1622776601683795
283, 18, 537, 66, 535, 64, 2, 2, 0.7853981633974483, 2.8284271247461903
283, 19, 524, 78, 521, 77, 3, 1, 0.3217505543966422, 3.1622776601683795
283, 20, 699, 614, 697, 611, 2, 3, 0.982793723247329, 3.605551275463989
283, 21, 846, 87, 847, 90, -1, -3, -1.892546881191539, 3.1622776601683795
283, 22, 301, 322, 302, 322, -1, 0, 3.141592653589793, 1.0
283, 23, 536, 15, 532, 16, 4, -1, -0.24497866312686414, 4.123105625617661
283, 24, 835, 619, 837, 622, -2, -3, -2.158798930342464, 3.605551275463989
283, 25, 1174, 65, 1179, 67, -5, -2, -2.761086276477428, 5.385164807134504
283, 26, 501, 152, 499, 156, 2, -4, -1.1071487177940904, 4.47213595499958
283, 27, 476, 218, 477, 223, -1, -5, -1.7681918866447774, 5.0990195135927845
283, 28, 251, 341, 252, 341, -1, 0, 3.141592653589793, 1.0
283, 29, 479, 23, 479, 25, 0, -2, -1.5707963267948966, 2.0
283, 30, 812, 607, 816, 611, -4, -4, -2.356194490192345, 5.656854249492381
283, 31, 495, 433, 495, 436, 0, -3, -1.5707963267948966, 3.0
283, 32, 505, 198, 504, 201, 1, -3, -1.2490457723982544, 3.1622776601683795
283, 33, 713, 609, 715, 606, -2, 3, 2.158798930342464, 3.605551275463989
283, 34, 765, 35, 766, 35, -1, 0, 3.141592653589793, 1.0
283, 35, 875, 584, 872, 583, 3, 1, 0.3217505543966422, 3.1622776601683795
283, 36, 14, 265, 15, 265, -1, 0, 3.141592653589793, 1.0
283, 37, 495, 142, 494, 146, 1, -4, -1.3258176636680326, 4.123105625617661
283, 38, 513, 376, 514, 384, -1, -8, -1.695151321341658, 8.06225774829855
283, 39, 623, 368, 623, 365, 0, 3, 1.5707963267948966, 3.0
283, 40, 471, 192, 471, 197, 0, -5, -1.5707963267948966, 5.0
283, 41, 529, 48, 527, 49, 2, -1, -0.4636476090008061, 2.23606797749979
283, 42, 1237, 373, 1235, 370, 2, 3, 0.982793723247329, 3.605551275463989
283, 43, 1020, 654, 1020, 655, 0, -1, -1.5707963267948966, 1.0
283, 44, 1217, 45, 1222, 47, -5, -2, -2.761086276477428, 5.385164807134504
283, 45, 132, 127, 134, 122, -2, 5, 1.9513027039072615, 5.385164807134504
283, 46, 1197, 67, 1202, 68, -5, -1, -2.9441970937399127, 5.0990195135927845
283, 47, 501, 401, 501, 406, 0, -5, -1.5707963267948966, 5.0
283, 48, 1227, 388, 1226, 383, 1, 5, 1.373400766945016, 5.0990195135927845
283, 49, 129, 179, 132, 177, -3, 2, 2.5535900500422257, 3.605551275463989
283, 50, 691, 699, 693, 696, -2, 3, 2.158798930342464, 3.605551275463989
283, 51, 652, 360, 652, 357, 0, 3, 1.5707963267948966, 3.0
283, 52, 862, 615, 859, 614, 3, 1, 0.3217505543966422, 3.1622776601683795
283, 53, 938, 16, 939, 16, -1, 0, 3.141592653589793, 1.0
283, 54, 1180, 59, 1184, 60, -4, -1, -2.896613990462929, 4.123105625617661
283, 55, 756, 19, 757, 19, -1, 0, 3.141592653589793, 1.0
283, 56, 264, 378, 264, 378, 0, 0, 0.0, 0.0
283, 57, 633, 307, 633, 303, 0, 4, 1.5707963267948966, 4.0
283, 58, 1256, 40, 1261, 42, -5, -2, -2.761086276477428, 5.385164807134504
283, 59, 847, 165, 847, 166, 0, -1, -1.5707963267948966, 1.0
283, 60, 935, 99, 936, 99, -1, 0, 3.141592653589793, 1.0
283, 61, 245, 402, 246, 402, -1, 0, 3.141592653589793, 1.0
283, 62, 191, 11, 192, 11, -1, 0, 3.141592653589793, 1.0
283, 63, 727, 678, 727, 675, 0, 3, 1.5707963267948966, 3.0
283, 64, 769, 42, 770, 42, -1, 0, 3.141592653589793, 1.0
283, 65, 157, 166, 159, 162, -2, 4, 2.0344439357957027, 4.47213595499958
283, 66, 1260, 243, 1261, 240, -1, 3, 1.892546881191539, 3.1622776601683795
283, 67, 1021, 661, 1020, 663, 1, -2, -1.1071487177940904, 2.23606797749979
283, 68, 816, 13, 817, 13, -1, 0, 3.141592653589793, 1.0
283, 69, 813, 22, 814, 22, -1, 0, 3.141592653589793, 1.0
283, 70, 704, 96, 705, 101, -1, -5, -1.7681918866447774, 5.0990195135927845
283, 71, 60, 159, 61, 159, -1, 0, 3.141592653589793, 1.0
283, 72, 244, 319, 245, 319, -1, 0, 3.141592653589793, 1.0
283, 73, 840, 94, 841, 97, -1, -3, -1.892546881191539, 3.1622776601683795
283, 74, 329, 404, 330, 404, -1, 0, 3.141592653589793, 1.0
283, 75, 294, 379, 295, 381, -1, -2, -2.0344439357957027, 2.23606797749979
283, 76, 499, 225, 499, 224, 0, 1, 1.5707963267948966, 1.0
283, 77, 1224, 51, 1228, 53, -4, -2, -2.677945044588987, 4.47213595499958
283, 78, 538, 24, 535, 25, 3, -1, -0.3217505543966422, 3.1622776601683795
283, 79, 872, 566, 871, 560, 1, 6, 1.4056476493802699, 6.082762530298219
283, 80, 726, 43, 728, 48, -2, -5, -1.9513027039072615, 5.385164807134504
283, 81, 923, 93, 924, 93, -1, 0, 3.141592653589793, 1.0
283, 82, 966, 68, 968, 68, -2, 0, 3.141592653589793, 2.0
283, 83, 256, 358, 256, 358, 0, 0, 0.0, 0.0
283, 84, 1025, 588, 1026, 593, -1, -5, -1.7681918866447774, 5.0990195135927845
283, 85, 640, 309, 640, 305, 0, 4, 1.5707963267948966, 4.0
283, 86, 828, 672, 832, 677, -4, -5, -2.2455372690184494, 6.4031242374328485
283, 87, 807, 610, 810, 615, -3, -5, -2.1112158270654806, 5.830951894845301
283, 88, 530, 448, 530, 450, 0, -2, -1.5707963267948966, 2.0
283, 89, 787, 576, 791, 579, -4, -3, -2.498091544796509, 5.0
283, 90, 505, 436, 504, 438, 1, -2, -1.1071487177940904, 2.23606797749979
283, 91, 148, 205, 151, 202, -3, 3, 2.356194490192345, 4.242640687119285
283, 92, 843, 570, 844, 570, -1, 0, 3.141592653589793, 1.0
283, 93, 757, 45, 758, 45, -1, 0, 3.141592653589793, 1.0
283, 94, 772, 49, 773, 49, -1, 0, 3.141592653589793, 1.0
283, 95, 845, 672, 851, 679, -6, -7, -2.279422598922567, 9.219544457292887
283, 96, 507, 158, 505, 163, 2, -5, -1.1902899496825317, 5.385164807134504
283, 97, 681, 648, 681, 647, 0, 1, 1.5707963267948966, 1.0
283, 98, 50, 148, 51, 148, -1, 0, 3.141592653589793, 1.0
283, 99, 709, 604, 710, 600, -1, 4, 1.8157749899217608, 4.123105625617661
283, 100, 507, 208, 507, 210, 0, -2, -1.5707963267948966, 2.0
283, 101, 703, 177, 703, 178, 0, -1, -1.5707963267948966, 1.0
283, 102, 984, 37, 985, 40, -1, -3, -1.892546881191539, 3.1622776601683795
283, 103, 52, 155, 53, 155, -1, 0, 3.141592653589793, 1.0
283, 104, 931, 91, 932, 91, -1, 0, 3.141592653589793, 1.0
283, 105, 120, 119, 121, 115, -1, 4, 1.8157749899217608, 4.123105625617661
283, 106, 632, 398, 632, 399, 0, -1, -1.5707963267948966, 1.0
283, 107, 1261, 230, 1261, 228, 0, 2, 1.5707963267948966, 2.0
283, 108, 814, 633, 817, 632, -3, 1, 2.819842099193151, 3.1622776601683795
283, 109, 958, 28, 961, 32, -3, -4, -2.214297435588181, 5.0
283, 110, 679, 135, 680, 134, -1, 1, 2.356194490192345, 1.4142135623730951
283, 111, 706, 76, 707, 79, -1, -3, -1.892546881191539, 3.1622776601683795
283, 112, 463, 210, 463, 214, 0, -4, -1.5707963267948966, 4.0
283, 113, 1152, 102, 1155, 102, -3, 0, 3.141592653589793, 3.0
283, 114, 286, 313, 288, 313, -2, 0, 3.141592653589793, 2.0
283, 115, 1170, 140, 1171, 140, -1, 0, 3.141592653589793, 1.0
283, 116, 1240, 335, 1239, 331, 1, 4, 1.3258176636680326, 4.123105625617661
283, 117, 666, 13, 665, 12, 1, 1, 0.7853981633974483, 1.4142135623730951
283, 118, 843, 151, 843, 154, 0, -3, -1.5707963267948966, 3.0
283, 119, 633, 66, 633, 63, 0, 3, 1.5707963267948966, 3.0
283, 120, 124, 154, 127, 150, -3, 4, 2.214297435588181, 5.0
283, 121, 11, 242, 10, 240, 1, 2, 1.1071487177940904, 2.23606797749979
283, 122, 1204, 441, 1206, 438, -2, 3, 2.158798930342464, 3.605551275463989
283, 123, 853, 530, 851, 526, 2, 4, 1.1071487177940904, 4.47213595499958
283, 124, 1191, 420, 1192, 420, -1, 0, 3.141592653589793, 1.0
283, 125, 647, 401, 646, 402, 1, -1, -0.7853981633974483, 1.4142135623730951
283, 126, 264, 393, 265, 393, -1, 0, 3.141592653589793, 1.0
283, 127, 1254, 33, 1259, 34, -5, -1, -2.9441970937399127, 5.0990195135927845
283, 128, 938, 29, 939, 29, -1, 0, 3.141592653589793, 1.0
283, 129, 479, 194, 479, 199, 0, -5, -1.5707963267948966, 5.0
283, 130, 511, 483, 512, 493, -1, -10, -1.6704649792860586, 10.04987562112089
283, 131, 725, 118, 727, 120, -2, -2, -2.356194490192345, 2.8284271247461903
283, 132, 645, 351, 645, 347, 0, 4, 1.5707963267948966, 4.0
283, 133, 824, 44, 825, 44, -1, 0, 3.141592653589793, 1.0
283, 134, 1251, 246, 1250, 244, 1, 2, 1.1071487177940904, 2.23606797749979
283, 135, 717, 110, 718, 112, -1, -2, -2.0344439357957027, 2.23606797749979
283, 136, 633, 137, 634, 136, -1, 1, 2.356194490192345, 1.4142135623730951
283, 137, 481, 157, 480, 162, 1, -5, -1.373400766945016, 5.0990195135927845
283, 138, 1161, 137, 1161, 136, 0, 1, 1.5707963267948966, 1.0
283, 139, 835, 125, 835, 129, 0, -4, -1.5707963267948966, 4.0
283, 140, 305, 701, 308, 698, -3, 3, 2.356194490192345, 4.242640687119285
283, 141, 171, 13, 171, 14, 0, -1, -1.5707963267948966, 1.0
284, 0, 852, 593, 852, 590, 0, 3, 1.5707963267948966, 3.0
284, 1, 152, 172, 154, 170, -2, 2, 2.356194490192345, 2.8284271247461903
284, 2, 535, 61, 533, 61, 2, 0, 0.0, 2.0
284, 3, 538, 463, 538, 466, 0, -3, -1.5707963267948966, 3.0
284, 4, 543, 77, 543, 77, 0, 0, 0.0, 0.0
284, 5, 854, 87, 855, 90, -1, -3, -1.892546881191539, 3.1622776601683795
284, 6, 261, 338, 262, 338, -1, 0, 3.141592653589793, 1.0
284, 7, 273, 335, 274, 335, -1, 0, 3.141592653589793, 1.0
284, 8, 796, 620, 799, 619, -3, 1, 2.819842099193151, 3.1622776601683795
284, 9, 527, 75, 525, 74, 2, 1, 0.4636476090008061, 2.23606797749979
284, 10, 488, 150, 488, 154, 0, -4, -1.5707963267948966, 4.0
284, 11, 833, 548, 832, 547, 1, 1, 0.7853981633974483, 1.4142135623730951
284, 12, 496, 435, 496, 438, 0, -3, -1.5707963267948966, 3.0
284, 13, 302, 322, 303, 322, -1, 0, 3.141592653589793, 1.0
284, 14, 702, 115, 702, 117, 0, -2, -1.5707963267948966, 2.0
284, 15, 852, 79, 853, 81, -1, -2, -2.0344439357957027, 2.23606797749979
284, 16, 868, 545, 868, 541, 0, 4, 1.5707963267948966, 4.0
284, 17, 807, 603, 811, 606, -4, -3, -2.498091544796509, 5.0
284, 18, 1045, 583, 1046, 588, -1, -5, -1.7681918866447774, 5.0990195135927845
284, 19, 1054, 612, 1055, 617, -1, -5, -1.7681918866447774, 5.0990195135927845
284, 20, 849, 541, 847, 538, 2, 3, 0.982793723247329, 3.605551275463989
284, 21, 845, 87, 846, 90, -1, -3, -1.892546881191539, 3.1622776601683795
284, 22, 680, 67, 681, 66, -1, 1, 2.356194490192345, 1.4142135623730951
284, 23, 513, 375, 514, 381, -1, -6, -1.7359450042095235, 6.082762530298219
284, 24, 253, 341, 254, 341, -1, 0, 3.141592653589793, 1.0
284, 25, 968, 67, 970, 68, -2, -1, -2.677945044588987, 2.23606797749979
284, 26, 496, 141, 496, 145, 0, -4, -1.5707963267948966, 4.0
284, 27, 502, 430, 502, 433, 0, -3, -1.5707963267948966, 3.0
284, 28, 537, 70, 537, 69, 0, 1, 1.5707963267948966, 1.0
284, 29, 801, 613, 804, 613, -3, 0, 3.141592653589793, 3.0
284, 30, 1173, 67, 1177, 68, -4, -1, -2.896613990462929, 4.123105625617661
284, 31, 1204, 87, 1207, 89, -3, -2, -2.5535900500422257, 3.605551275463989
284, 32, 535, 15, 533, 16, 2, -1, -0.4636476090008061, 2.23606797749979
284, 33, 15, 265, 16, 265, -1, 0, 3.141592653589793, 1.0
284, 34, 878, 588, 876, 586, 2, 2, 0.7853981633974483, 2.8284271247461903
284, 35, 824, 612, 827, 615, -3, -3, -2.356194490192345, 4.242640687119285
284, 36, 134, 126, 135, 124, -1, 2, 2.0344439357957027, 2.23606797749979
284, 37, 1221, 44, 1224, 46, -3, -2, -2.5535900500422257, 3.605551275463989
284, 38, 478, 24, 479, 26, -1, -2, -2.0344439357957027, 2.23606797749979
284, 39, 472, 192, 472, 196, 0, -4, -1.5707963267948966, 4.0
284, 40, 500, 151, 500, 155, 0, -4, -1.5707963267948966, 4.0
284, 41, 227, 318, 228, 318, -1, 0, 3.141592653589793, 1.0
284, 42, 1149, 120, 1153, 123, -4, -3, -2.498091544796509, 5.0
284, 43, 831, 559, 835, 562, -4, -3, -2.498091544796509, 5.0
284, 44, 1178, 60, 1182, 61, -4, -1, -2.896613990462929, 4.123105625617661
284, 45, 756, 19, 757, 19, -1, 0, 3.141592653589793, 1.0
284, 46, 1229, 389, 1228, 387, 1, 2, 1.1071487177940904, 2.23606797749979
284, 47, 1237, 377, 1236, 373, 1, 4, 1.3258176636680326, 4.123105625617661
284, 48, 130, 181, 132, 180, -2, 1, 2.677945044588987, 2.23606797749979
284, 49, 699, 623, 698, 619, 1, 4, 1.3258176636680326, 4.123105625617661
284, 50, 475, 218, 476, 222, -1, -4, -1.8157749899217608, 4.123105625617661
284, 51, 246, 403, 247, 403, -1, 0, 3.141592653589793, 1.0
284, 52, 840, 93, 841, 96, -1, -3, -1.892546881191539, 3.1622776601683795
284, 53, 502, 398, 502, 403, 0, -5, -1.5707963267948966, 5.0
284, 54, 157, 166, 159, 164, -2, 2, 2.356194490192345, 2.8284271247461903
284, 55, 1031, 582, 1031, 586, 0, -4, -1.5707963267948966, 4.0
284, 56, 240, 309, 241, 309, -1, 0, 3.141592653589793, 1.0
284, 57, 499, 227, 499, 227, 0, 0, 0.0, 0.0
284, 58, 847, 165, 847, 167, 0, -2, -1.5707963267948966, 2.0
284, 59, 694, 701, 695, 703, -1, -2, -2.0344439357957027, 2.23606797749979
284, 60, 539, 24, 536, 25, 3, -1, -0.3217505543966422, 3.1622776601683795
284, 61, 634, 310, 634, 306, 0, 4, 1.5707963267948966, 4.0
284, 62, 706, 100, 706, 102, 0, -2, -1.5707963267948966, 2.0
284, 63, 936, 99, 937, 99, -1, 0, 3.141592653589793, 1.0
284, 64, 517, 479, 517, 482, 0, -3, -1.5707963267948966, 3.0
284, 65, 1261, 225, 1263, 225, -2, 0, 3.141592653589793, 2.0
284, 66, 1260, 42, 1263, 43, -3, -1, -2.819842099193151, 3.1622776601683795
284, 67, 13, 241, 13, 240, 0, 1, 1.5707963267948966, 1.0
284, 68, 506, 195, 506, 198, 0, -3, -1.5707963267948966, 3.0
284, 69, 653, 361, 653, 359, 0, 2, 1.5707963267948966, 2.0
284, 70, 531, 448, 531, 452, 0, -4, -1.5707963267948966, 4.0
284, 71, 194, 11, 193, 11, 1, 0, 0.0, 1.0
284, 72, 873, 571, 872, 566, 1, 5, 1.373400766945016, 5.0990195135927845
284, 73, 813, 540, 817, 544, -4, -4, -2.356194490192345, 5.656854249492381
284, 74, 329, 404, 330, 404, -1, 0, 3.141592653589793, 1.0
284, 75, 463, 208, 463, 212, 0, -4, -1.5707963267948966, 4.0
284, 76, 646, 353, 646, 351, 0, 2, 1.5707963267948966, 2.0
284, 77, 506, 159, 506, 163, 0, -4, -1.5707963267948966, 4.0
284, 78, 854, 17, 854, 19, 0, -2, -1.5707963267948966, 2.0
284, 79, 546, 50, 545, 48, 1, 2, 1.1071487177940904, 2.23606797749979
284, 80, 481, 156, 481, 161, 0, -5, -1.5707963267948966, 5.0
284, 81, 699, 173, 699, 175, 0, -2, -1.5707963267948966, 2.0
284, 82, 308, 701, 310, 704, -2, -3, -2.158798930342464, 3.605551275463989
284, 83, 1045, 646, 1045, 652, 0, -6, -1.5707963267948966, 6.0
284, 84, 1224, 51, 1227, 53, -3, -2, -2.5535900500422257, 3.605551275463989
284, 85, 860, 94, 861, 96, -1, -2, -2.0344439357957027, 2.23606797749979
284, 86, 931, 92, 932, 92, -1, 0, 3.141592653589793, 1.0
284, 87, 786, 579, 790, 579, -4, 0, 3.141592653589793, 4.0
284, 88, 480, 195, 480, 199, 0, -4, -1.5707963267948966, 4.0
284, 89, 727, 45, 728, 47, -1, -2, -2.0344439357957027, 2.23606797749979
284, 90, 1261, 230, 1274, 230, -13, 0, 3.141592653589793, 13.0
284, 91, 1204, 443, 1204, 441, 0, 2, 1.5707963267948966, 2.0
284, 92, 924, 93, 925, 93, -1, 0, 3.141592653589793, 1.0
284, 93, 842, 662, 848, 668, -6, -6, -2.356194490192345, 8.48528137423857
284, 94, 681, 658, 681, 655, 0, 3, 1.5707963267948966, 3.0
284, 95, 1259, 34, 1262, 35, -3, -1, -2.819842099193151, 3.1622776601683795
284, 96, 1245, 86, 1247, 86, -2, 0, 3.141592653589793, 2.0
284, 97, 1178, 109, 1182, 111, -4, -2, -2.677945044588987, 4.47213595499958
284, 98, 632, 399, 633, 399, -1, 0, 3.141592653589793, 1.0
284, 99, 641, 312, 641, 308, 0, 4, 1.5707963267948966, 4.0
284, 100, 1193, 420, 1193, 420, 0, 0, 0.0, 0.0
284, 101, 533, 440, 534, 444, -1, -4, -1.8157749899217608, 4.123105625617661
284, 102, 729, 687, 729, 684, 0, 3, 1.5707963267948966, 3.0
284, 103, 715, 616, 717, 613, -2, 3, 2.158798930342464, 3.605551275463989
284, 104, 1189, 73, 1193, 74, -4, -1, -2.896613990462929, 4.123105625617661
284, 105, 760, 44, 760, 45, 0, -1, -1.5707963267948966, 1.0
284, 106, 287, 313, 288, 313, -1, 0, 3.141592653589793, 1.0
284, 107, 232, 308, 233, 308, -1, 0, 3.141592653589793, 1.0
284, 108, 120, 118, 121, 116, -1, 2, 2.0344439357957027, 2.23606797749979
284, 109, 556, 10, 557, 12, -1, -2, -2.0344439357957027, 2.23606797749979
284, 110, 1212, 452, 1212, 450, 0, 2, 1.5707963267948966, 2.0
284, 111, 10, 423, 10, 422, 0, 1, 1.5707963267948966, 1.0
284, 112, 1238, 70, 1240, 71, -2, -1, -2.677945044588987, 2.23606797749979
284, 113, 656, 96, 656, 95, 0, 1, 1.5707963267948966, 1.0
284, 114, 854, 535, 853, 531, 1, 4, 1.3258176636680326, 4.123105625617661
284, 115, 960, 31, 961, 33, -1, -2, -2.0344439357957027, 2.23606797749979
284, 116, 749, 25, 750, 25, -1, 0, 3.141592653589793, 1.0
284, 117, 491, 245, 492, 249, -1, -4, -1.8157749899217608, 4.123105625617661
284, 118, 707, 71, 708, 75, -1, -4, -1.8157749899217608, 4.123105625617661
284, 119, 1242, 337, 1241, 334, 1, 3, 1.2490457723982544, 3.1622776601683795
285, 0, 852, 596, 852, 593, 0, 3, 1.5707963267948966, 3.0
285, 1, 151, 173, 152, 172, -1, 1, 2.356194490192345, 1.4142135623730951
285, 2, 536, 62, 535, 61, 1, 1, 0.7853981633974483, 1.4142135623730951
285, 3, 539, 460, 538, 463, 1, -3, -1.2490457723982544, 3.1622776601683795
285, 4, 543, 77, 543, 77, 0, 0, 0.0, 0.0
285, 5, 854, 84, 854, 87, 0, -3, -1.5707963267948966, 3.0
285, 6, 261, 338, 261, 338, 0, 0, 0.0, 0.0
285, 7, 272, 335, 273, 335, -1, 0, 3.141592653589793, 1.0
285, 8, 793, 621, 796, 620, -3, 1, 2.819842099193151, 3.1622776601683795
285, 9, 529, 77, 527, 75, 2, 2, 0.7853981633974483, 2.8284271247461903
285, 10, 488, 145, 488, 150, 0, -5, -1.5707963267948966, 5.0
285, 11, 833, 549, 833, 548, 0, 1, 1.5707963267948966, 1.0
285, 12, 496, 432, 496, 435, 0, -3, -1.5707963267948966, 3.0
285, 13, 301, 322, 302, 322, -1, 0, 3.141592653589793, 1.0
285, 14, 852, 76, 852, 79, 0, -3, -1.5707963267948966, 3.0
285, 15, 869, 549, 868, 545, 1, 4, 1.3258176636680326, 4.123105625617661
285, 16, 803, 598, 807, 603, -4, -5, -2.2455372690184494, 6.4031242374328485
285, 17, 1044, 578, 1045, 583, -1, -5, -1.7681918866447774, 5.0990195135927845
285, 18, 1054, 607, 1054, 612, 0, -5, -1.5707963267948966, 5.0
285, 19, 851, 544, 849, 541, 2, 3, 0.982793723247329, 3.605551275463989
285, 20, 845, 84, 845, 87, 0, -3, -1.5707963267948966, 3.0
285, 21, 679, 69, 680, 67, -1, 2, 2.0344439357957027, 2.23606797749979
285, 22, 512, 370, 513, 375, -1, -5, -1.7681918866447774, 5.0990195135927845
285, 23, 253, 341, 253, 341, 0, 0, 0.0, 0.0
285, 24, 497, 137, 496, 141, 1, -4, -1.3258176636680326, 4.123105625617661
285, 25, 502, 427, 502, 430, 0, -3, -1.5707963267948966, 3.0
285, 26, 537, 71, 537, 70, 0, 1, 1.5707963267948966, 1.0
285, 27, 798, 614, 801, 613, -3, 1, 2.819842099193151, 3.1622776601683795
285, 28, 1168, 66, 1173, 67, -5, -1, -2.9441970937399127, 5.0990195135927845
285, 29, 1200, 85, 1204, 87, -4, -2, -2.677945044588987, 4.47213595499958
285, 30, 538, 14, 535, 15, 3, -1, -0.3217505543966422, 3.1622776601683795
285, 31, 15, 265, 15, 265, 0, 0, 0.0, 0.0
285, 32, 880, 590, 878, 588, 2, 2, 0.7853981633974483, 2.8284271247461903
285, 33, 821, 608, 824, 612, -3, -4, -2.214297435588181, 5.0
285, 34, 134, 128, 134, 126, 0, 2, 1.5707963267948966, 2.0
285, 35, 1217, 41, 1221, 44, -4, -3, -2.498091544796509, 5.0
285, 36, 478, 23, 478, 24, 0, -1, -1.5707963267948966, 1.0
285, 37, 473, 188, 472, 192, 1, -4, -1.3258176636680326, 4.123105625617661
285, 38, 501, 147, 500, 151, 1, -4, -1.3258176636680326, 4.123105625617661
285, 39, 226, 318, 227, 318, -1, 0, 3.141592653589793, 1.0
285, 40, 1144, 120, 1149, 120, -5, 0, 3.141592653589793, 5.0
285, 41, 829, 559, 831, 559, -2, 0, 3.141592653589793, 2.0
285, 42, 1174, 59, 1178, 60, -4, -1, -2.896613990462929, 4.123105625617661
285, 43, 755, 19, 756, 19, -1, 0, 3.141592653589793, 1.0
285, 44, 1231, 392, 1229, 389, 2, 3, 0.982793723247329, 3.605551275463989
285, 45, 1239, 380, 1237, 377, 2, 3, 0.982793723247329, 3.605551275463989
285, 46, 128, 182, 130, 181, -2, 1, 2.677945044588987, 2.23606797749979
285, 47, 700, 627, 699, 623, 1, 4, 1.3258176636680326, 4.123105625617661
285, 48, 475, 213, 475, 218, 0, -5, -1.5707963267948966, 5.0
285, 49, 246, 402, 246, 403, 0, -1, -1.5707963267948966, 1.0
285, 50, 840, 90, 840, 93, 0, -3, -1.5707963267948966, 3.0
285, 51, 502, 394, 502, 398, 0, -4, -1.5707963267948966, 4.0
285, 52, 155, 168, 157, 166, -2, 2, 2.356194490192345, 2.8284271247461903
285, 53, 1032, 578, 1031, 582, 1, -4, -1.3258176636680326, 4.123105625617661
285, 54, 499, 227, 499, 227, 0, 0, 0.0, 0.0
285, 55, 847, 163, 847, 165, 0, -2, -1.5707963267948966, 2.0
285, 56, 692, 701, 694, 701, -2, 0, 3.141592653589793, 2.0
285, 57, 542, 23, 539, 24, 3, -1, -0.3217505543966422, 3.1622776601683795
285, 58, 634, 314, 634, 310, 0, 4, 1.5707963267948966, 4.0
285, 59, 706, 99, 706, 100, 0, -1, -1.5707963267948966, 1.0
285, 60, 935, 99, 936, 99, -1, 0, 3.141592653589793, 1.0
285, 61, 517, 476, 517, 479, 0, -3, -1.5707963267948966, 3.0
285, 62, 1261, 226, 1261, 225, 0, 1, 1.5707963267948966, 1.0
285, 63, 1256, 41, 1260, 42, -4, -1, -2.896613990462929, 4.123105625617661
285, 64, 13, 242, 13, 241, 0, 1, 1.5707963267948966, 1.0
285, 65, 507, 190, 506, 195, 1, -5, -1.373400766945016, 5.0990195135927845
285, 66, 653, 363, 653, 361, 0, 2, 1.5707963267948966, 2.0
285, 67, 531, 444, 531, 448, 0, -4, -1.5707963267948966, 4.0
285, 68, 195, 10, 194, 11, 1, -1, -0.7853981633974483, 1.4142135623730951
285, 69, 874, 575, 873, 571, 1, 4, 1.3258176636680326, 4.123105625617661
285, 70, 809, 536, 813, 540, -4, -4, -2.356194490192345, 5.656854249492381
285, 71, 464, 204, 463, 208, 1, -4, -1.3258176636680326, 4.123105625617661
285, 72, 646, 355, 646, 353, 0, 2, 1.5707963267948966, 2.0
285, 73, 506, 155, 506, 159, 0, -4, -1.5707963267948966, 4.0
285, 74, 854, 15, 854, 17, 0, -2, -1.5707963267948966, 2.0
285, 75, 547, 51, 546, 50, 1, 1, 0.7853981633974483, 1.4142135623730951
285, 76, 481, 151, 481, 156, 0, -5, -1.5707963267948966, 5.0
285, 77, 699, 171, 699, 173, 0, -2, -1.5707963267948966, 2.0
285, 78, 305, 701, 308, 701, -3, 0, 3.141592653589793, 3.0
285, 79, 1046, 640, 1045, 646, 1, -6, -1.4056476493802699, 6.082762530298219
285, 80, 1220, 48, 1224, 51, -4, -3, -2.498091544796509, 5.0
285, 81, 860, 91, 860, 94, 0, -3, -1.5707963267948966, 3.0
285, 82, 930, 92, 931, 92, -1, 0, 3.141592653589793, 1.0
285, 83, 782, 581, 786, 579, -4, 2, 2.677945044588987, 4.47213595499958
285, 84, 481, 191, 480, 195, 1, -4, -1.3258176636680326, 4.123105625617661
285, 85, 726, 43, 727, 45, -1, -2, -2.0344439357957027, 2.23606797749979
285, 86, 1261, 231, 1261, 230, 0, 1, 1.5707963267948966, 1.0
285, 87, 1204, 444, 1204, 443, 0, 1, 1.5707963267948966, 1.0
285, 88, 923, 93, 924, 93, -1, 0, 3.141592653589793, 1.0
285, 89, 836, 655, 842, 662, -6, -7, -2.279422598922567, 9.219544457292887
285, 90, 681, 661, 681, 658, 0, 3, 1.5707963267948966, 3.0
285, 91, 1255, 33, 1259, 34, -4, -1, -2.896613990462929, 4.123105625617661
285, 92, 1243, 86, 1245, 86, -2, 0, 3.141592653589793, 2.0
285, 93, 1174, 108, 1178, 109, -4, -1, -2.896613990462929, 4.123105625617661
285, 94, 631, 399, 632, 399, -1, 0, 3.141592653589793, 1.0
285, 95, 641, 316, 641, 312, 0, 4, 1.5707963267948966, 4.0
285, 96, 1193, 420, 1193, 420, 0, 0, 0.0, 0.0
285, 97, 533, 436, 533, 440, 0, -4, -1.5707963267948966, 4.0
285, 98, 729, 690, 729, 687, 0, 3, 1.5707963267948966, 3.0
285, 99, 713, 620, 715, 616, -2, 4, 2.0344439357957027, 4.47213595499958
285, 100, 1184, 72, 1189, 73, -5, -1, -2.9441970937399127, 5.0990195135927845
285, 101, 759, 44, 760, 44, -1, 0, 3.141592653589793, 1.0
285, 102, 286, 313, 287, 313, -1, 0, 3.141592653589793, 1.0
285, 103, 120, 120, 120, 118, 0, 2, 1.5707963267948966, 2.0
285, 104, 556, 9, 556, 10, 0, -1, -1.5707963267948966, 1.0
285, 105, 1211, 453, 1212, 452, -1, 1, 2.356194490192345, 1.4142135623730951
285, 106, 10, 424, 10, 423, 0, 1, 1.5707963267948966, 1.0
285, 107, 1235, 69, 1238, 70, -3, -1, -2.819842099193151, 3.1622776601683795
285, 108, 656, 98, 656, 96, 0, 2, 1.5707963267948966, 2.0
285, 109, 856, 538, 854, 535, 2, 3, 0.982793723247329, 3.605551275463989
285, 110, 748, 25, 749, 25, -1, 0, 3.141592653589793, 1.0
285, 111, 491, 241, 491, 245, 0, -4, -1.5707963267948966, 4.0
285, 112, 706, 68, 707, 71, -1, -3, -1.892546881191539, 3.1622776601683795
285, 113, 1243, 340, 1242, 337, 1, 3, 1.2490457723982544, 3.1622776601683795
286, 0, 852, 599, 852, 597, 0, 2, 1.5707963267948966, 2.0
286, 1, 254, 326, 254, 326, 0, 0, 0.0, 0.0
286, 2, 755, 10, 756, 10, -1, 0, 3.141592653589793, 1.0
286, 3, 151, 173, 152, 172, -1, 1, 2.356194490192345, 1.4142135623730951
286, 4, 260, 339, 261, 339, -1, 0, 3.141592653589793, 1.0
286, 5, 543, 78, 543, 77, 0, 1, 1.5707963267948966, 1.0
286, 6, 302, 323, 303, 323, -1, 0, 3.141592653589793, 1.0
286, 7, 533, 75, 532, 73, 1, 2, 1.1071487177940904, 2.23606797749979
286, 8, 334, 343, 334, 344, 0, -1, -1.5707963267948966, 1.0
286, 9, 855, 84, 855, 88, 0, -4, -1.5707963267948966, 4.0
286, 10, 702, 114, 702, 116, 0, -2, -1.5707963267948966, 2.0
286, 11, 272, 335, 273, 335, -1, 0, 3.141592653589793, 1.0
286, 12, 497, 432, 497, 435, 0, -3, -1.5707963267948966, 3.0
286, 13, 245, 329, 245, 329, 0, 0, 0.0, 0.0
286, 14, 539, 453, 538, 457, 1, -4, -1.3258176636680326, 4.123105625617661
286, 15, 254, 341, 254, 341, 0, 0, 0.0, 0.0
286, 16, 853, 74, 853, 78, 0, -4, -1.5707963267948966, 4.0
286, 17, 846, 84, 846, 88, 0, -4, -1.5707963267948966, 4.0
286, 18, 871, 554, 870, 550, 1, 4, 1.3258176636680326, 4.123105625617661
286, 19, 852, 549, 850, 546, 2, 3, 0.982793723247329, 3.605551275463989
286, 20, 513, 373, 514, 377, -1, -4, -1.8157749899217608, 4.123105625617661
286, 21, 489, 146, 489, 150, 0, -4, -1.5707963267948966, 4.0
286, 22, 497, 138, 497, 142, 0, -4, -1.5707963267948966, 4.0
286, 23, 1055, 605, 1055, 610, 0, -5, -1.5707963267948966, 5.0
286, 24, 679, 69, 680, 67, -1, 2, 2.0344439357957027, 2.23606797749979
286, 25, 542, 15, 539, 16, 3, -1, -0.3217505543966422, 3.1622776601683795
286, 26, 256, 386, 256, 387, 0, -1, -1.5707963267948966, 1.0
286, 27, 133, 128, 134, 126, -1, 2, 2.0344439357957027, 2.23606797749979
286, 28, 793, 626, 794, 624, -1, 2, 2.0344439357957027, 2.23606797749979
286, 29, 800, 593, 804, 598, -4, -5, -2.2455372690184494, 6.4031242374328485
286, 30, 16, 265, 16, 265, 0, 0, 0.0, 0.0
286, 31, 1032, 574, 1031, 579, 1, -5, -1.373400766945016, 5.0990195135927845
286, 32, 32, 86, 32, 86, 0, 0, 0.0, 0.0
286, 33, 958, 59, 960, 61, -2, -2, -2.356194490192345, 2.8284271247461903
286, 34, 1170, 66, 1174, 67, -4, -1, -2.896613990462929, 4.123105625617661
286, 35, 501, 148, 501, 152, 0, -4, -1.5707963267948966, 4.0
286, 36, 474, 188, 473, 192, 1, -4, -1.3258176636680326, 4.123105625617661
286, 37, 653, 362, 653, 360, 0, 2, 1.5707963267948966, 2.0
286, 38, 766, 35, 767, 35, -1, 0, 3.141592653589793, 1.0
286, 39, 537, 60, 536, 60, 1, 0, 0.0, 1.0
286, 40, 1216, 41, 1219, 44, -3, -3, -2.356194490192345, 4.242640687119285
286, 41, 1046, 577, 1046, 581, 0, -4, -1.5707963267948966, 4.0
286, 42, 482, 153, 482, 157, 0, -4, -1.5707963267948966, 4.0
286, 43, 289, 376, 290, 376, -1, 0, 3.141592653589793, 1.0
286, 44, 1240, 380, 1238, 377, 2, 3, 0.982793723247329, 3.605551275463989
286, 45, 882, 595, 880, 592, 2, 3, 0.982793723247329, 3.605551275463989
286, 46, 1200, 85, 1204, 87, -4, -2, -2.677945044588987, 4.47213595499958
286, 47, 226, 318, 227, 318, -1, 0, 3.141592653589793, 1.0
286, 48, 855, 16, 855, 18, 0, -2, -1.5707963267948966, 2.0
286, 49, 247, 401, 247, 402, 0, -1, -1.5707963267948966, 1.0
286, 50, 1142, 122, 1147, 122, -5, 0, 3.141592653589793, 5.0
286, 51, 1175, 59, 1179, 60, -4, -1, -2.896613990462929, 4.123105625617661
286, 52, 938, 16, 939, 16, -1, 0, 3.141592653589793, 1.0
286, 53, 1178, 68, 1182, 69, -4, -1, -2.896613990462929, 4.123105625617661
286, 54, 501, 395, 501, 399, 0, -4, -1.5707963267948966, 4.0
286, 55, 542, 24, 539, 25, 3, -1, -0.3217505543966422, 3.1622776601683795
286, 56, 635, 314, 635, 310, 0, 4, 1.5707963267948966, 4.0
286, 57, 128, 183, 130, 182, -2, 1, 2.677945044588987, 2.23606797749979
286, 58, 1261, 228, 1265, 227, -4, 1, 2.896613990462929, 4.123105625617661
286, 59, 755, 18, 756, 18, -1, 0, 3.141592653589793, 1.0
286, 60, 1221, 48, 1224, 51, -3, -3, -2.356194490192345, 4.242640687119285
286, 61, 1257, 41, 1260, 42, -3, -1, -2.819842099193151, 3.1622776601683795
286, 62, 186, 12, 186, 13, 0, -1, -1.5707963267948966, 1.0
286, 63, 332, 358, 332, 359, 0, -1, -1.5707963267948966, 1.0
286, 64, 1021, 648, 1021, 651, 0, -3, -1.5707963267948966, 3.0
286, 65, 498, 228, 498, 229, 0, -1, -1.5707963267948966, 1.0
286, 66, 841, 90, 841, 94, 0, -4, -1.5707963267948966, 4.0
286, 67, 14, 242, 14, 241, 0, 1, 1.5707963267948966, 1.0
286, 68, 157, 169, 158, 167, -1, 2, 2.0344439357957027, 2.23606797749979
286, 69, 936, 99, 937, 99, -1, 0, 3.141592653589793, 1.0
286, 70, 823, 603, 824, 608, -1, -5, -1.7681918866447774, 5.0990195135927845
286, 71, 847, 163, 847, 166, 0, -3, -1.5707963267948966, 3.0
286, 72, 1252, 33, 1255, 34, -3, -1, -2.819842099193151, 3.1622776601683795
286, 73, 307, 701, 310, 710, -3, -9, -1.892546881191539, 9.486832980505138
286, 74, 60, 158, 61, 158, -1, 0, 3.141592653589793, 1.0
286, 75, 507, 155, 507, 159, 0, -4, -1.5707963267948966, 4.0
286, 76, 1234, 392, 1232, 390, 2, 2, 0.7853981633974483, 2.8284271247461903
286, 77, 254, 360, 255, 360, -1, 0, 3.141592653589793, 1.0
286, 78, 770, 42, 771, 42, -1, 0, 3.141592653589793, 1.0
286, 79, 875, 578, 874, 573, 1, 5, 1.373400766945016, 5.0990195135927845
286, 80, 531, 440, 531, 444, 0, -4, -1.5707963267948966, 4.0
286, 81, 637, 65, 637, 63, 0, 2, 1.5707963267948966, 2.0
286, 82, 1235, 71, 1238, 71, -3, 0, 3.141592653589793, 3.0
286, 83, 1194, 415, 1194, 415, 0, 0, 0.0, 0.0
286, 84, 706, 99, 706, 100, 0, -1, -1.5707963267948966, 1.0
286, 85, 813, 22, 814, 22, -1, 0, 3.141592653589793, 1.0
286, 86, 479, 24, 479, 25, 0, -1, -1.5707963267948966, 1.0
286, 87, 816, 14, 817, 14, -1, 0, 3.141592653589793, 1.0
286, 88, 699, 174, 699, 176, 0, -2, -1.5707963267948966, 2.0
286, 89, 490, 240, 491, 245, -1, -5, -1.7681918866447774, 5.0990195135927845
286, 90, 1261, 231, 1275, 230, -14, 1, 3.070285188804503, 14.035668847618199
286, 91, 783, 584, 786, 582, -3, 2, 2.5535900500422257, 3.605551275463989
286, 92, 465, 204, 464, 208, 1, -4, -1.3258176636680326, 4.123105625617661
286, 93, 773, 49, 774, 49, -1, 0, 3.141592653589793, 1.0
286, 94, 923, 93, 924, 93, -1, 0, 3.141592653589793, 1.0
286, 95, 931, 92, 932, 92, -1, 0, 3.141592653589793, 1.0
286, 96, 808, 534, 812, 538, -4, -4, -2.356194490192345, 5.656854249492381
286, 97, 477, 214, 477, 218, 0, -4, -1.5707963267948966, 4.0
286, 98, 1171, 108, 1175, 110, -4, -2, -2.677945044588987, 4.47213595499958
286, 99, 707, 166, 707, 168, 0, -2, -1.5707963267948966, 2.0
286, 100, 52, 148, 52, 149, 0, -1, -1.5707963267948966, 1.0
286, 101, 725, 44, 726, 46, -1, -2, -2.0344439357957027, 2.23606797749979
286, 102, 52, 156, 53, 156, -1, 0, 3.141592653589793, 1.0
286, 103, 681, 666, 681, 663, 0, 3, 1.5707963267948966, 3.0
286, 104, 1048, 633, 1047, 640, 1, -7, -1.4288992721907328, 7.0710678118654755
286, 105, 120, 120, 121, 119, -1, 1, 2.356194490192345, 1.4142135623730951
286, 106, 1243, 339, 1242, 337, 1, 2, 1.1071487177940904, 2.23606797749979
286, 107, 647, 358, 647, 355, 0, 3, 1.5707963267948966, 3.0
286, 108, 861, 90, 861, 94, 0, -4, -1.5707963267948966, 4.0
286, 109, 666, 17, 666, 17, 0, 0, 0.0, 0.0
286, 110, 699, 631, 698, 627, 1, 4, 1.3258176636680326, 4.123105625617661
286, 111, 287, 313, 288, 313, -1, 0, 3.141592653589793, 1.0
286, 112, 1256, 257, 1255, 255, 1, 2, 1.1071487177940904, 2.23606797749979
286, 113, 758, 45, 759, 45, -1, 0, 3.141592653589793, 1.0
286, 114, 844, 153, 844, 154, 0, -1, -1.5707963267948966, 1.0
286, 115, 1224, 94, 1226, 99, -2, -5, -1.9513027039072615, 5.385164807134504
286, 116, 1216, 34, 1219, 37, -3, -3, -2.356194490192345, 4.242640687119285
286, 117, 586, 9, 586, 10, 0, -1, -1.5707963267948966, 1.0
286, 118, 1047, 556, 1046, 562, 1, -6, -1.4056476493802699, 6.082762530298219
286, 119, 730, 696, 730, 692, 0, 4, 1.5707963267948966, 4.0
286, 120, 832, 557, 834, 555, -2, 2, 2.356194490192345, 2.8284271247461903
286, 121, 268, 344, 269, 344, -1, 0, 3.141592653589793, 1.0
286, 122, 148, 209, 148, 208, 0, 1, 1.5707963267948966, 1.0
286, 123, 857, 542, 855, 539, 2, 3, 0.982793723247329, 3.605551275463989
286, 124, 646, 149, 647, 148, -1, 1, 2.356194490192345, 1.4142135623730951
286, 125, 1054, 624, 1054, 631, 0, -7, -1.5707963267948966, 7.0
286, 126, 1194, 56, 1198, 58, -4, -2, -2.677945044588987, 4.47213595499958
286, 127, 689, 108, 689, 108, 0, 0, 0.0, 0.0
286, 128, 749, 25, 750, 25, -1, 0, 3.141592653589793, 1.0
286, 129, 1024, 683, 1025, 685, -1, -2, -2.0344439357957027, 2.23606797749979
286, 130, 657, 99, 657, 97, 0, 2, 1.5707963267948966, 2.0
286, 131, 317, 404, 317, 405, 0, -1, -1.5707963267948966, 1.0
286, 132, 633, 137, 634, 137, -1, 0, 3.141592653589793, 1.0
286, 133, 133, 199, 134, 198, -1, 1, 2.356194490192345, 1.4142135623730951
286, 134, 125, 154, 126, 153, -1, 1, 2.356194490192345, 1.4142135623730951
286, 135, 1157, 120, 1161, 122, -4, -2, -2.677945044588987, 4.47213595499958
286, 136, 679, 134, 680, 134, -1, 0, 3.141592653589793, 1.0
286, 137, 871, 21, 871, 23, 0, -2, -1.5707963267948966, 2.0
286, 138, 712, 620, 713, 616, -1, 4, 1.8157749899217608, 4.123105625617661
286, 139, 318, 701, 324, 717, -6, -16, -1.9295669970654687, 17.08800749063506
286, 140, 834, 575, 835, 577, -1, -2, -2.0344439357957027, 2.23606797749979
286, 141, 1203, 391, 1202, 388, 1, 3, 1.2490457723982544, 3.1622776601683795
287, 0, 852, 601, 852, 599, 0, 2, 1.5707963267948966, 2.0
287, 1, 254, 326, 254, 326, 0, 0, 0.0, 0.0
287, 2, 754, 10, 755, 10, -1, 0, 3.141592653589793, 1.0
287, 3, 150, 174, 151, 173, -1, 1, 2.356194490192345, 1.4142135623730951
287, 4, 260, 339, 260, 339, 0, 0, 0.0, 0.0
287, 5, 544, 78, 543, 78, 1, 0, 0.0, 1.0
287, 6, 301, 323, 302, 323, -1, 0, 3.141592653589793, 1.0
287, 7, 534, 75, 533, 75, 1, 0, 0.0, 1.0
287, 8, 334, 342, 334, 343, 0, -1, -1.5707963267948966, 1.0
287, 9, 855, 80, 855, 84, 0, -4, -1.5707963267948966, 4.0
287, 10, 702, 113, 702, 114, 0, -1, -1.5707963267948966, 1.0
287, 11, 271, 335, 272, 335, -1, 0, 3.141592653589793, 1.0
287, 12, 497, 430, 497, 432, 0, -2, -1.5707963267948966, 2.0
287, 13, 245, 329, 245, 329, 0, 0, 0.0, 0.0
287, 14, 540, 449, 539, 453, 1, -4, -1.3258176636680326, 4.123105625617661
287, 15, 254, 341, 254, 341, 0, 0, 0.0, 0.0
287, 16, 853, 70, 853, 74, 0, -4, -1.5707963267948966, 4.0
287, 17, 846, 80, 846, 84, 0, -4, -1.5707963267948966, 4.0
287, 18, 872, 558, 871, 554, 1, 4, 1.3258176636680326, 4.123105625617661
287, 19, 855, 552, 852, 549, 3, 3, 0.7853981633974483, 4.242640687119285
287, 20, 512, 369, 513, 373, -1, -4, -1.8157749899217608, 4.123105625617661
287, 21, 489, 142, 489, 146, 0, -4, -1.5707963267948966, 4.0
287, 22, 497, 134, 497, 138, 0, -4, -1.5707963267948966, 4.0
287, 23, 1055, 600, 1055, 605, 0, -5, -1.5707963267948966, 5.0
287, 24, 678, 72, 679, 69, -1, 3, 1.892546881191539, 3.1622776601683795
287, 25, 545, 14, 542, 15, 3, -1, -0.3217505543966422, 3.1622776601683795
287, 26, 256, 386, 256, 386, 0, 0, 0.0, 0.0
287, 27, 132, 129, 133, 128, -1, 1, 2.356194490192345, 1.4142135623730951
287, 28, 792, 628, 793, 626, -1, 2, 2.0344439357957027, 2.23606797749979
287, 29, 797, 588, 800, 593, -3, -5, -2.1112158270654806, 5.830951894845301
287, 30, 16, 265, 16, 265, 0, 0, 0.0, 0.0
287, 31, 1034, 569, 1032, 574, 2, -5, -1.1902899496825317, 5.385164807134504
287, 32, 956, 55, 958, 59, -2, -4, -2.0344439357957027, 4.47213595499958
287, 33, 1166, 65, 1170, 66, -4, -1, -2.896613990462929, 4.123105625617661
287, 34, 501, 144, 501, 148, 0, -4, -1.5707963267948966, 4.0
287, 35, 475, 184, 474, 188, 1, -4, -1.3258176636680326, 4.123105625617661
287, 36, 653, 365, 653, 362, 0, 3, 1.5707963267948966, 3.0
287, 37, 765, 35, 766, 35, -1, 0, 3.141592653589793, 1.0
287, 38, 538, 60, 537, 60, 1, 0, 0.0, 1.0
287, 39, 1213, 39, 1216, 41, -3, -2, -2.5535900500422257, 3.605551275463989
287, 40, 1046, 573, 1046, 577, 0, -4, -1.5707963267948966, 4.0
287, 41, 482, 149, 482, 153, 0, -4, -1.5707963267948966, 4.0
287, 42, 1242, 383, 1240, 380, 2, 3, 0.982793723247329, 3.605551275463989
287, 43, 883, 598, 882, 595, 1, 3, 1.2490457723982544, 3.1622776601683795
287, 44, 1196, 82, 1200, 85, -4, -3, -2.498091544796509, 5.0
287, 45, 855, 15, 855, 16, 0, -1, -1.5707963267948966, 1.0
287, 46, 246, 401, 247, 401, -1, 0, 3.141592653589793, 1.0
287, 47, 1139, 123, 1142, 122, -3, 1, 2.819842099193151, 3.1622776601683795
287, 48, 1171, 57, 1175, 59, -4, -2, -2.677945044588987, 4.47213595499958
287, 49, 937, 16, 938, 16, -1, 0, 3.141592653589793, 1.0
287, 50, 1174, 66, 1178, 68, -4, -2, -2.677945044588987, 4.47213595499958
287, 51, 501, 391, 501, 395, 0, -4, -1.5707963267948966, 4.0
287, 52, 545, 23, 542, 24, 3, -1, -0.3217505543966422, 3.1622776601683795
287, 53, 636, 318, 635, 314, 1, 4, 1.3258176636680326, 4.123105625617661
287, 54, 126, 184, 128, 183, -2, 1, 2.677945044588987, 2.23606797749979
287, 55, 1261, 229, 1261, 228, 0, 1, 1.5707963267948966, 1.0
287, 56, 754, 18, 755, 18, -1, 0, 3.141592653589793, 1.0
287, 57, 1218, 46, 1221, 48, -3, -2, -2.5535900500422257, 3.605551275463989
287, 58, 1253, 40, 1257, 41, -4, -1, -2.896613990462929, 4.123105625617661
287, 59, 186, 11, 186, 12, 0, -1, -1.5707963267948966, 1.0
287, 60, 332, 357, 332, 358, 0, -1, -1.5707963267948966, 1.0
287, 61, 1021, 645, 1021, 648, 0, -3, -1.5707963267948966, 3.0
287, 62, 498, 227, 498, 228, 0, -1, -1.5707963267948966, 1.0
287, 63, 841, 86, 841, 90, 0, -4, -1.5707963267948966, 4.0
287, 64, 14, 243, 14, 242, 0, 1, 1.5707963267948966, 1.0
287, 65, 156, 170, 157, 169, -1, 1, 2.356194490192345, 1.4142135623730951
287, 66, 936, 99, 936, 99, 0, 0, 0.0, 0.0
287, 67, 821, 598, 823, 603, -2, -5, -1.9513027039072615, 5.385164807134504
287, 68, 847, 159, 847, 163, 0, -4, -1.5707963267948966, 4.0
287, 69, 1248, 32, 1252, 33, -4, -1, -2.896613990462929, 4.123105625617661
287, 70, 304, 701, 307, 701, -3, 0, 3.141592653589793, 3.0
287, 71, 60, 158, 60, 158, 0, 0, 0.0, 0.0
287, 72, 507, 151, 507, 155, 0, -4, -1.5707963267948966, 4.0
287, 73, 1236, 395, 1234, 392, 2, 3, 0.982793723247329, 3.605551275463989
287, 74, 254, 360, 254, 360, 0, 0, 0.0, 0.0
287, 75, 770, 41, 770, 42, 0, -1, -1.5707963267948966, 1.0
287, 76, 876, 583, 875, 578, 1, 5, 1.373400766945016, 5.0990195135927845
287, 77, 532, 436, 531, 440, 1, -4, -1.3258176636680326, 4.123105625617661
287, 78, 637, 66, 637, 65, 0, 1, 1.5707963267948966, 1.0
287, 79, 1232, 71, 1235, 71, -3, 0, 3.141592653589793, 3.0
287, 80, 1194, 416, 1194, 415, 0, 1, 1.5707963267948966, 1.0
287, 81, 706, 98, 706, 99, 0, -1, -1.5707963267948966, 1.0
287, 82, 812, 22, 813, 22, -1, 0, 3.141592653589793, 1.0
287, 83, 479, 22, 479, 24, 0, -2, -1.5707963267948966, 2.0
287, 84, 815, 14, 816, 14, -1, 0, 3.141592653589793, 1.0
287, 85, 698, 172, 699, 174, -1, -2, -2.0344439357957027, 2.23606797749979
287, 86, 490, 235, 490, 240, 0, -5, -1.5707963267948966, 5.0
287, 87, 1261, 232, 1261, 231, 0, 1, 1.5707963267948966, 1.0
287, 88, 781, 586, 783, 584, -2, 2, 2.356194490192345, 2.8284271247461903
287, 89, 466, 200, 465, 204, 1, -4, -1.3258176636680326, 4.123105625617661
287, 90, 773, 49, 773, 49, 0, 0, 0.0, 0.0
287, 91, 923, 93, 923, 93, 0, 0, 0.0, 0.0
287, 92, 931, 92, 931, 92, 0, 0, 0.0, 0.0
287, 93, 804, 530, 808, 534, -4, -4, -2.356194490192345, 5.656854249492381
287, 94, 478, 210, 477, 214, 1, -4, -1.3258176636680326, 4.123105625617661
287, 95, 1167, 107, 1171, 108, -4, -1, -2.896613990462929, 4.123105625617661
287, 96, 707, 161, 707, 166, 0, -5, -1.5707963267948966, 5.0
287, 97, 52, 147, 52, 148, 0, -1, -1.5707963267948966, 1.0
287, 98, 52, 156, 52, 156, 0, 0, 0.0, 0.0
287, 99, 681, 669, 681, 666, 0, 3, 1.5707963267948966, 3.0
287, 100, 1048, 627, 1048, 633, 0, -6, -1.5707963267948966, 6.0
287, 101, 120, 122, 120, 120, 0, 2, 1.5707963267948966, 2.0
287, 102, 1244, 341, 1243, 339, 1, 2, 1.1071487177940904, 2.23606797749979
287, 103, 647, 361, 647, 358, 0, 3, 1.5707963267948966, 3.0
287, 104, 861, 86, 861, 90, 0, -4, -1.5707963267948966, 4.0
287, 105, 666, 17, 666, 17, 0, 0, 0.0, 0.0
287, 106, 700, 635, 699, 631, 1, 4, 1.3258176636680326, 4.123105625617661
287, 107, 286, 313, 287, 313, -1, 0, 3.141592653589793, 1.0
287, 108, 1257, 259, 1256, 257, 1, 2, 1.1071487177940904, 2.23606797749979
287, 109, 758, 45, 758, 45, 0, 0, 0.0, 0.0
287, 110, 1221, 93, 1224, 94, -3, -1, -2.819842099193151, 3.1622776601683795
287, 111, 1212, 31, 1216, 34, -4, -3, -2.498091544796509, 5.0
287, 112, 1048, 551, 1047, 556, 1, -5, -1.373400766945016, 5.0990195135927845
287, 113, 730, 700, 730, 696, 0, 4, 1.5707963267948966, 4.0
287, 114, 830, 561, 832, 557, -2, 4, 2.0344439357957027, 4.47213595499958
287, 115, 267, 344, 268, 344, -1, 0, 3.141592653589793, 1.0
287, 116, 148, 209, 148, 209, 0, 0, 0.0, 0.0
287, 117, 859, 545, 857, 542, 2, 3, 0.982793723247329, 3.605551275463989
287, 118, 645, 149, 646, 149, -1, 0, 3.141592653589793, 1.0
287, 119, 1054, 618, 1054, 624, 0, -6, -1.5707963267948966, 6.0
287, 120, 1190, 54, 1194, 56, -4, -2, -2.677945044588987, 4.47213595499958
287, 121, 689, 108, 689, 108, 0, 0, 0.0, 0.0
287, 122, 1023, 680, 1024, 683, -1, -3, -1.892546881191539, 3.1622776601683795
287, 123, 657, 102, 657, 99, 0, 3, 1.5707963267948966, 3.0
287, 124, 632, 137, 633, 137, -1, 0, 3.141592653589793, 1.0
287, 125, 131, 200, 133, 199, -2, 1, 2.677945044588987, 2.23606797749979
287, 126, 124, 155, 125, 154, -1, 1, 2.356194490192345, 1.4142135623730951
287, 127, 1154, 119, 1157, 120, -3, -1, -2.819842099193151, 3.1622776601683795
287, 128, 679, 134, 679, 134, 0, 0, 0.0, 0.0
287, 129, 871, 19, 871, 21, 0, -2, -1.5707963267948966, 2.0
287, 130, 712, 624, 712, 620, 0, 4, 1.5707963267948966, 4.0
287, 131, 317, 701, 318, 701, -1, 0, 3.141592653589793, 1.0
287, 132, 1205, 394, 1203, 391, 2, 3, 0.982793723247329, 3.605551275463989
288, 0, 256, 324, 256, 325, 0, -1, -1.5707963267948966, 1.0
288, 1, 150, 176, 151, 174, -1, 2, 2.0344439357957027, 2.23606797749979
288, 2, 262, 339, 262, 339, 0, 0, 0.0, 0.0
288, 3, 302, 324, 303, 324, -1, 0, 3.141592653589793, 1.0
288, 4, 539, 443, 539, 446, 0, -3, -1.5707963267948966, 3.0
288, 5, 848, 80, 848, 84, 0, -4, -1.5707963267948966, 4.0
288, 6, 1022, 636, 1023, 639, -1, -3, -1.892546881191539, 3.1622776601683795
288, 7, 245, 329, 245, 329, 0, 0, 0.0, 0.0
288, 8, 857, 81, 856, 85, 1, -4, -1.3258176636680326, 4.123105625617661
288, 9, 258, 379, 258, 380, 0, -1, -1.5707963267948966, 1.0
288, 10, 334, 343, 334, 344, 0, -1, -1.5707963267948966, 1.0
288, 11, 855, 556, 853, 553, 2, 3, 0.982793723247329, 3.605551275463989
288, 12, 499, 431, 498, 434, 1, -3, -1.2490457723982544, 3.1622776601683795
288, 13, 272, 335, 273, 335, -1, 0, 3.141592653589793, 1.0
288, 14, 497, 134, 497, 139, 0, -5, -1.5707963267948966, 5.0
288, 15, 836, 599, 834, 603, 2, -4, -1.1071487177940904, 4.47213595499958
288, 16, 795, 586, 797, 590, -2, -4, -2.0344439357957027, 4.47213595499958
288, 17, 490, 143, 490, 147, 0, -4, -1.5707963267948966, 4.0
288, 18, 680, 74, 680, 70, 0, 4, 1.5707963267948966, 4.0
288, 19, 853, 72, 853, 75, 0, -3, -1.5707963267948966, 3.0
288, 20, 254, 342, 254, 342, 0, 0, 0.0, 0.0
288, 21, 654, 365, 653, 362, 1, 3, 1.2490457723982544, 3.1622776601683795
288, 22, 547, 73, 547, 74, 0, -1, -1.5707963267948966, 1.0
288, 23, 543, 15, 539, 15, 4, 0, 0.0, 4.0
288, 24, 704, 111, 703, 115, 1, -4, -1.3258176636680326, 4.123105625617661
288, 25, 874, 561, 873, 558, 1, 3, 1.2490457723982544, 3.1622776601683795
288, 26, 970, 65, 970, 67, 0, -2, -1.5707963267948966, 2.0
288, 27, 1165, 65, 1169, 67, -4, -2, -2.677945044588987, 4.47213595499958
288, 28, 1034, 567, 1033, 571, 1, -4, -1.3258176636680326, 4.123105625617661
288, 29, 256, 386, 256, 387, 0, -1, -1.5707963267948966, 1.0
288, 30, 513, 367, 514, 373, -1, -6, -1.7359450042095235, 6.082762530298219
288, 31, 1196, 101, 1198, 103, -2, -2, -2.356194490192345, 2.8284271247461903
288, 32, 1055, 597, 1055, 603, 0, -6, -1.5707963267948966, 6.0
288, 33, 501, 144, 501, 148, 0, -4, -1.5707963267948966, 4.0
288, 34, 1173, 66, 1177, 68, -4, -2, -2.677945044588987, 4.47213595499958
288, 35, 819, 597, 822, 602, -3, -5, -2.1112158270654806, 5.830951894845301
288, 36, 767, 34, 767, 35, 0, -1, -1.5707963267948966, 1.0
288, 37, 518, 477, 518, 478, 0, -1, -1.5707963267948966, 1.0
288, 38, 133, 130, 134, 128, -1, 2, 2.0344439357957027, 2.23606797749979
288, 39, 16, 242, 15, 241, 1, 1, 0.7853981633974483, 1.4142135623730951
288, 40, 1171, 57, 1175, 59, -4, -2, -2.677945044588987, 4.47213595499958
288, 41, 854, 606, 853, 604, 1, 2, 1.1071487177940904, 2.23606797749979
288, 42, 1140, 123, 1142, 124, -2, -1, -2.677945044588987, 2.23606797749979
288, 43, 476, 185, 474, 188, 2, -3, -0.982793723247329, 3.605551275463989
288, 44, 15, 266, 16, 266, -1, 0, 3.141592653589793, 1.0
288, 45, 305, 701, 309, 715, -4, -14, -1.849095985800008, 14.560219778561036
288, 46, 481, 210, 479, 213, 2, -3, -0.982793723247329, 3.605551275463989
288, 47, 1243, 383, 1240, 380, 3, 3, 0.7853981633974483, 4.242640687119285
288, 48, 1214, 39, 1217, 42, -3, -3, -2.356194490192345, 4.242640687119285
288, 49, 781, 588, 784, 589, -3, -1, -2.819842099193151, 3.1622776601683795
288, 50, 546, 24, 542, 24, 4, 0, 0.0, 4.0
288, 51, 246, 402, 247, 402, -1, 0, 3.141592653589793, 1.0
288, 52, 705, 62, 706, 66, -1, -4, -1.8157749899217608, 4.123105625617661
288, 53, 226, 318, 227, 318, -1, 0, 3.141592653589793, 1.0
288, 54, 502, 391, 502, 396, 0, -5, -1.5707963267948966, 5.0
288, 55, 126, 184, 129, 183, -3, 1, 2.819842099193151, 3.1622776601683795
288, 56, 885, 601, 882, 600, 3, 1, 0.3217505543966422, 3.1622776601683795
288, 57, 1048, 570, 1048, 574, 0, -4, -1.5707963267948966, 4.0
288, 58, 637, 318, 636, 314, 1, 4, 1.3258176636680326, 4.123105625617661
288, 59, 1253, 40, 1257, 42, -4, -2, -2.677945044588987, 4.47213595499958
288, 60, 939, 16, 939, 16, 0, 0, 0.0, 0.0
288, 61, 186, 12, 186, 13, 0, -1, -1.5707963267948966, 1.0
288, 62, 639, 67, 638, 65, 1, 2, 1.1071487177940904, 2.23606797749979
288, 63, 1261, 232, 1267, 229, -6, 3, 2.677945044588987, 6.708203932499369
288, 64, 819, 535, 821, 537, -2, -2, -2.356194490192345, 2.8284271247461903
288, 65, 147, 208, 147, 209, 0, -1, -1.5707963267948966, 1.0
288, 66, 332, 358, 332, 359, 0, -1, -1.5707963267948966, 1.0
288, 67, 539, 73, 539, 75, 0, -2, -1.5707963267948966, 2.0
288, 68, 1195, 418, 1194, 414, 1, 4, 1.3258176636680326, 4.123105625617661
288, 69, 1234, 398, 1232, 393, 2, 5, 1.1902899496825317, 5.385164807134504
288, 70, 156, 171, 157, 169, -1, 2, 2.0344439357957027, 2.23606797749979
288, 71, 482, 148, 482, 153, 0, -5, -1.5707963267948966, 5.0
288, 72, 957, 53, 958, 57, -1, -4, -1.8157749899217608, 4.123105625617661
288, 73, 937, 100, 937, 100, 0, 0, 0.0, 0.0
288, 74, 708, 96, 707, 99, 1, -3, -1.2490457723982544, 3.1622776601683795
288, 75, 840, 87, 841, 91, -1, -4, -1.8157749899217608, 4.123105625617661
288, 76, 256, 360, 256, 360, 0, 0, 0.0, 0.0
288, 77, 879, 586, 877, 581, 2, 5, 1.1902899496825317, 5.385164807134504
288, 78, 771, 42, 771, 43, 0, -1, -1.5707963267948966, 1.0
288, 79, 704, 101, 703, 105, 1, -4, -1.3258176636680326, 4.123105625617661
288, 80, 194, 10, 193, 11, 1, -1, -0.7853981633974483, 1.4142135623730951
288, 81, 61, 158, 61, 158, 0, 0, 0.0, 0.0
288, 82, 1211, 451, 1211, 452, 0, -1, -1.5707963267948966, 1.0
288, 83, 330, 404, 330, 404, 0, 0, 0.0, 0.0
288, 84, 839, 583, 840, 583, -1, 0, 3.141592653589793, 1.0
288, 85, 1045, 627, 1047, 631, -2, -4, -2.0344439357957027, 4.47213595499958
288, 86, 1168, 108, 1171, 110, -3, -2, -2.5535900500422257, 3.605551275463989
288, 87, 1219, 45, 1222, 49, -3, -4, -2.214297435588181, 5.0
288, 88, 1248, 32, 1252, 34, -4, -2, -2.677945044588987, 4.47213595499958
288, 89, 802, 527, 806, 531, -4, -4, -2.356194490192345, 5.656854249492381
288, 90, 644, 320, 643, 316, 1, 4, 1.3258176636680326, 4.123105625617661
288, 91, 468, 202, 466, 204, 2, -2, -0.7853981633974483, 2.8284271247461903
288, 92, 659, 102, 658, 99, 1, 3, 1.2490457723982544, 3.1622776601683795
288, 93, 1221, 95, 1224, 95, -3, 0, 3.141592653589793, 3.0
288, 94, 924, 93, 924, 93, 0, 0, 0.0, 0.0
288, 95, 1261, 235, 1275, 232, -14, 3, 2.930499320367047, 14.317821063276353
288, 96, 480, 20, 480, 24, 0, -4, -1.5707963267948966, 4.0
288, 97, 932, 92, 932, 92, 0, 0, 0.0, 0.0
288, 98, 204, 12, 204, 13, 0, -1, -1.5707963267948966, 1.0
288, 99, 1193, 427, 1193, 422, 0, 5, 1.5707963267948966, 5.0
288, 100, 535, 423, 533, 426, 2, -3, -0.982793723247329, 3.605551275463989
288, 101, 666, 18, 666, 17, 0, 1, 1.5707963267948966, 1.0
288, 102, 536, 430, 535, 433, 1, -3, -1.2490457723982544, 3.1622776601683795
288, 103, 862, 87, 861, 90, 1, -3, -1.2490457723982544, 3.1622776601683795
288, 104, 509, 153, 507, 156, 2, -3, -0.982793723247329, 3.605551275463989
288, 105, 52, 148, 52, 149, 0, -1, -1.5707963267948966, 1.0
288, 106, 1260, 262, 1258, 261, 2, 1, 0.4636476090008061, 2.23606797749979
288, 107, 29, 109, 29, 109, 0, 0, 0.0, 0.0
288, 108, 1179, 70, 1183, 72, -4, -2, -2.677945044588987, 4.47213595499958
288, 109, 956, 31, 959, 33, -3, -2, -2.5535900500422257, 3.605551275463989
288, 110, 855, 14, 855, 16, 0, -2, -1.5707963267948966, 2.0
288, 111, 239, 308, 240, 308, -1, 0, 3.141592653589793, 1.0
288, 112, 682, 671, 681, 670, 1, 1, 0.7853981633974483, 1.4142135623730951
288, 113, 1200, 364, 1198, 361, 2, 3, 0.982793723247329, 3.605551275463989
288, 114, 53, 156, 53, 156, 0, 0, 0.0, 0.0
288, 115, 496, 229, 496, 231, 0, -2, -1.5707963267948966, 2.0
288, 116, 868, 96, 867, 103, 1, -7, -1.4288992721907328, 7.0710678118654755
288, 117, 724, 43, 725, 45, -1, -2, -2.0344439357957027, 2.23606797749979
288, 118, 239, 322, 240, 322, -1, 0, 3.141592653589793, 1.0
288, 119, 532, 437, 532, 441, 0, -4, -1.5707963267948966, 4.0
288, 120, 732, 701, 731, 700, 1, 1, 0.7853981633974483, 1.4142135623730951
288, 121, 491, 234, 491, 237, 0, -3, -1.5707963267948966, 3.0
288, 122, 120, 123, 121, 121, -1, 2, 2.0344439357957027, 2.23606797749979
288, 123, 1170, 139, 1172, 141, -2, -2, -2.356194490192345, 2.8284271247461903
288, 124, 15, 473, 13, 471, 2, 2, 0.7853981633974483, 2.8284271247461903
288, 125, 286, 314, 287, 314, -1, 0, 3.141592653589793, 1.0
288, 126, 759, 46, 759, 46, 0, 0, 0.0, 0.0
288, 127, 1246, 344, 1244, 340, 2, 4, 1.1071487177940904, 4.47213595499958
288, 128, 699, 173, 699, 175, 0, -2, -1.5707963267948966, 2.0
288, 129, 649, 428, 649, 427, 0, 1, 1.5707963267948966, 1.0
288, 130, 42, 136, 42, 137, 0, -1, -1.5707963267948966, 1.0
288, 131, 647, 148, 647, 149, 0, -1, -1.5707963267948966, 1.0
288, 132, 849, 159, 847, 163, 2, -4, -1.1071487177940904, 4.47213595499958
288, 133, 706, 158, 707, 163, -1, -5, -1.7681918866447774, 5.0990195135927845
288, 134, 1138, 93, 1142, 95, -4, -2, -2.677945044588987, 4.47213595499958
288, 135, 860, 551, 858, 547, 2, 4, 1.1071487177940904, 4.47213595499958
288, 136, 231, 308, 232, 308, -1, 0, 3.141592653589793, 1.0
288, 137, 1196, 82, 1200, 84, -4, -2, -2.677945044588987, 4.47213595499958
288, 138, 1261, 192, 1275, 188, -14, 4, 2.8632929945846817, 14.560219778561036
288, 139, 633, 400, 633, 400, 0, 0, 0.0, 0.0
288, 140, 1149, 91, 1153, 93, -4, -2, -2.677945044588987, 4.47213595499958
288, 141, 124, 155, 126, 153, -2, 2, 2.356194490192345, 2.8284271247461903
288, 142, 689, 110, 689, 110, 0, 0, 0.0, 0.0
288, 143, 643, 60, 642, 59, 1, 1, 0.7853981633974483, 1.4142135623730951
288, 144, 966, 37, 968, 39, -2, -2, -2.356194490192345, 2.8284271247461903
288, 145, 586, 9, 586, 11, 0, -2, -1.5707963267948966, 2.0
288, 146, 267, 344, 268, 344, -1, 0, 3.141592653589793, 1.0
288, 147, 1195, 50, 1199, 53, -4, -3, -2.498091544796509, 5.0
288, 148, 318, 386, 318, 387, 0, -1, -1.5707963267948966, 1.0
288, 149, 265, 391, 265, 392, 0, -1, -1.5707963267948966, 1.0
288, 150, 317, 404, 317, 405, 0, -1, -1.5707963267948966, 1.0
288, 151, 509, 184, 508, 190, 1, -6, -1.4056476493802699, 6.082762530298219
288, 152, 269, 322, 270, 322, -1, 0, 3.141592653589793, 1.0
288, 153, 315, 395, 315, 395, 0, 0, 0.0, 0.0
288, 154, 1204, 441, 1204, 442, 0, -1, -1.5707963267948966, 1.0
288, 155, 300, 392, 301, 392, -1, 0, 3.141592653589793, 1.0
288, 156, 1213, 32, 1216, 35, -3, -3, -2.356194490192345, 4.242640687119285
288, 157, 680, 134, 680, 135, 0, -1, -1.5707963267948966, 1.0
288, 158, 1014, 664, 1014, 664, 0, 0, 0.0, 0.0
288, 159, 1161, 135, 1164, 137, -3, -2, -2.5535900500422257, 3.605551275463989
288, 160, 825, 44, 825, 44, 0, 0, 0.0, 0.0
288, 161, 1154, 121, 1158, 121, -4, 0, 3.141592653589793, 4.0
289, 0, 256, 323, 256, 324, 0, -1, -1.5707963267948966, 1.0
289, 1, 149, 177, 150, 176, -1, 1, 2.356194490192345, 1.4142135623730951
289, 2, 262, 339, 262, 339, 0, 0, 0.0, 0.0
289, 3, 301, 324, 302, 324, -1, 0, 3.141592653589793, 1.0
289, 4, 539, 439, 539, 443, 0, -4, -1.5707963267948966, 4.0
289, 5, 848, 76, 848, 80, 0, -4, -1.5707963267948966, 4.0
289, 6, 1022, 633, 1022, 636, 0, -3, -1.5707963267948966, 3.0
289, 7, 245, 329, 245, 329, 0, 0, 0.0, 0.0
289, 8, 857, 77, 857, 81, 0, -4, -1.5707963267948966, 4.0
289, 9, 258, 378, 258, 379, 0, -1, -1.5707963267948966, 1.0
289, 10, 334, 342, 334, 343, 0, -1, -1.5707963267948966, 1.0
289, 11, 857, 559, 855, 556, 2, 3, 0.982793723247329, 3.605551275463989
289, 12, 499, 429, 499, 431, 0, -2, -1.5707963267948966, 2.0
289, 13, 271, 335, 272, 335, -1, 0, 3.141592653589793, 1.0
289, 14, 497, 131, 497, 134, 0, -3, -1.5707963267948966, 3.0
289, 15, 837, 599, 836, 599, 1, 0, 0.0, 1.0
289, 16, 792, 583, 795, 586, -3, -3, -2.356194490192345, 4.242640687119285
289, 17, 490, 141, 490, 143, 0, -2, -1.5707963267948966, 2.0
289, 18, 679, 75, 680, 74, -1, 1, 2.356194490192345, 1.4142135623730951
289, 19, 853, 68, 853, 72, 0, -4, -1.5707963267948966, 4.0
289, 20, 254, 342, 254, 342, 0, 0, 0.0, 0.0
289, 21, 655, 368, 654, 365, 1, 3, 1.2490457723982544, 3.1622776601683795
289, 22, 548, 72, 547, 73, 1, -1, -0.7853981633974483, 1.4142135623730951
289, 23, 546, 14, 543, 15, 3, -1, -0.3217505543966422, 3.1622776601683795
289, 24, 704, 108, 704, 111, 0, -3, -1.5707963267948966, 3.0
289, 25, 876, 566, 874, 561, 2, 5, 1.1902899496825317, 5.385164807134504
289, 26, 969, 63, 970, 65, -1, -2, -2.0344439357957027, 2.23606797749979
289, 27, 1161, 62, 1165, 65, -4, -3, -2.498091544796509, 5.0
289, 28, 1035, 562, 1034, 567, 1, -5, -1.373400766945016, 5.0990195135927845
289, 29, 256, 385, 256, 386, 0, -1, -1.5707963267948966, 1.0
289, 30, 512, 363, 513, 367, -1, -4, -1.8157749899217608, 4.123105625617661
289, 31, 1194, 99, 1196, 101, -2, -2, -2.356194490192345, 2.8284271247461903
289, 32, 1055, 592, 1055, 597, 0, -5, -1.5707963267948966, 5.0
289, 33, 501, 141, 501, 144, 0, -3, -1.5707963267948966, 3.0
289, 34, 1169, 63, 1173, 66, -4, -3, -2.498091544796509, 5.0
289, 35, 816, 593, 819, 597, -3, -4, -2.214297435588181, 5.0
289, 36, 132, 131, 133, 130, -1, 1, 2.356194490192345, 1.4142135623730951
289, 37, 17, 243, 16, 242, 1, 1, 0.7853981633974483, 1.4142135623730951
289, 38, 1167, 54, 1171, 57, -4, -3, -2.498091544796509, 5.0
289, 39, 855, 609, 854, 606, 1, 3, 1.2490457723982544, 3.1622776601683795
289, 40, 477, 183, 476, 185, 1, -2, -1.1071487177940904, 2.23606797749979
289, 41, 14, 266, 15, 266, -1, 0, 3.141592653589793, 1.0
289, 42, 304, 701, 305, 701, -1, 0, 3.141592653589793, 1.0
289, 43, 482, 207, 481, 210, 1, -3, -1.2490457723982544, 3.1622776601683795
289, 44, 1244, 386, 1243, 383, 1, 3, 1.2490457723982544, 3.1622776601683795
289, 45, 1212, 36, 1214, 39, -2, -3, -2.158798930342464, 3.605551275463989
289, 46, 778, 586, 781, 588, -3, -2, -2.5535900500422257, 3.605551275463989
289, 47, 549, 23, 546, 24, 3, -1, -0.3217505543966422, 3.1622776601683795
289, 48, 245, 402, 246, 402, -1, 0, 3.141592653589793, 1.0
289, 49, 501, 387, 502, 391, -1, -4, -1.8157749899217608, 4.123105625617661
289, 50, 124, 185, 126, 184, -2, 1, 2.677945044588987, 2.23606797749979
289, 51, 886, 604, 885, 601, 1, 3, 1.2490457723982544, 3.1622776601683795
289, 52, 1049, 565, 1048, 570, 1, -5, -1.373400766945016, 5.0990195135927845
289, 53, 637, 321, 637, 318, 0, 3, 1.5707963267948966, 3.0
289, 54, 1250, 37, 1253, 40, -3, -3, -2.356194490192345, 4.242640687119285
289, 55, 186, 11, 186, 12, 0, -1, -1.5707963267948966, 1.0
289, 56, 639, 67, 639, 67, 0, 0, 0.0, 0.0
289, 57, 1261, 233, 1261, 232, 0, 1, 1.5707963267948966, 1.0
289, 58, 815, 532, 819, 535, -4, -3, -2.498091544796509, 5.0
289, 59, 147, 208, 147, 208, 0, 0, 0.0, 0.0
289, 60, 332, 357, 332, 358, 0, -1, -1.5707963267948966, 1.0
289, 61, 539, 73, 539, 73, 0, 0, 0.0, 0.0
289, 62, 1196, 423, 1195, 418, 1, 5, 1.373400766945016, 5.0990195135927845
289, 63, 1235, 401, 1234, 398, 1, 3, 1.2490457723982544, 3.1622776601683795
289, 64, 156, 171, 156, 171, 0, 0, 0.0, 0.0
289, 65, 482, 146, 482, 148, 0, -2, -1.5707963267948966, 2.0
289, 66, 957, 53, 957, 53, 0, 0, 0.0, 0.0
289, 67, 937, 100, 937, 100, 0, 0, 0.0, 0.0
289, 68, 708, 94, 708, 96, 0, -2, -1.5707963267948966, 2.0
289, 69, 840, 83, 840, 87, 0, -4, -1.5707963267948966, 4.0
289, 70, 256, 359, 256, 360, 0, -1, -1.5707963267948966, 1.0
289, 71, 880, 590, 879, 586, 1, 4, 1.3258176636680326, 4.123105625617661
289, 72, 704, 99, 704, 101, 0, -2, -1.5707963267948966, 2.0
289, 73, 195, 9, 194, 10, 1, -1, -0.7853981633974483, 1.4142135623730951
289, 74, 61, 158, 61, 158, 0, 0, 0.0, 0.0
289, 75, 330, 404, 330, 404, 0, 0, 0.0, 0.0
289, 76, 839, 586, 839, 583, 0, 3, 1.5707963267948966, 3.0
289, 77, 1043, 623, 1045, 627, -2, -4, -2.0344439357957027, 4.47213595499958
289, 78, 1165, 106, 1168, 108, -3, -2, -2.5535900500422257, 3.605551275463989
289, 79, 1217, 42, 1219, 45, -2, -3, -2.158798930342464, 3.605551275463989
289, 80, 1245, 29, 1248, 32, -3, -3, -2.356194490192345, 4.242640687119285
289, 81, 798, 524, 802, 527, -4, -3, -2.498091544796509, 5.0
289, 82, 644, 322, 644, 320, 0, 2, 1.5707963267948966, 2.0
289, 83, 470, 199, 468, 202, 2, -3, -0.982793723247329, 3.605551275463989
289, 84, 659, 104, 659, 102, 0, 2, 1.5707963267948966, 2.0
289, 85, 1218, 95, 1221, 95, -3, 0, 3.141592653589793, 3.0
289, 86, 924, 92, 924, 93, 0, -1, -1.5707963267948966, 1.0
289, 87, 1261, 236, 1261, 235, 0, 1, 1.5707963267948966, 1.0
289, 88, 480, 18, 480, 20, 0, -2, -1.5707963267948966, 2.0
289, 89, 932, 91, 932, 92, 0, -1, -1.5707963267948966, 1.0
289, 90, 207, 10, 204, 12, 3, -2, -0.5880026035475675, 3.605551275463989
289, 91, 1194, 432, 1193, 427, 1, 5, 1.373400766945016, 5.0990195135927845
289, 92, 535, 419, 535, 423, 0, -4, -1.5707963267948966, 4.0
289, 93, 666, 19, 666, 18, 0, 1, 1.5707963267948966, 1.0
289, 94, 536, 426, 536, 430, 0, -4, -1.5707963267948966, 4.0
289, 95, 862, 83, 862, 87, 0, -4, -1.5707963267948966, 4.0
289, 96, 510, 150, 509, 153, 1, -3, -1.2490457723982544, 3.1622776601683795
289, 97, 52, 148, 52, 148, 0, 0, 0.0, 0.0
289, 98, 1261, 263, 1260, 262, 1, 1, 0.7853981633974483, 1.4142135623730951
289, 99, 28, 109, 29, 109, -1, 0, 3.141592653589793, 1.0
289, 100, 1176, 67, 1179, 70, -3, -3, -2.356194490192345, 4.242640687119285
289, 101, 954, 29, 956, 31, -2, -2, -2.356194490192345, 2.8284271247461903
289, 102, 855, 12, 855, 14, 0, -2, -1.5707963267948966, 2.0
289, 103, 682, 676, 682, 671, 0, 5, 1.5707963267948966, 5.0
289, 104, 1201, 366, 1200, 364, 1, 2, 1.1071487177940904, 2.23606797749979
289, 105, 53, 156, 53, 156, 0, 0, 0.0, 0.0
289, 106, 496, 227, 496, 229, 0, -2, -1.5707963267948966, 2.0
289, 107, 868, 93, 868, 96, 0, -3, -1.5707963267948966, 3.0
289, 108, 239, 322, 239, 322, 0, 0, 0.0, 0.0
289, 109, 532, 433, 532, 437, 0, -4, -1.5707963267948966, 4.0
289, 110, 732, 701, 732, 701, 0, 0, 0.0, 0.0
289, 111, 491, 231, 491, 234, 0, -3, -1.5707963267948966, 3.0
289, 112, 119, 124, 120, 123, -1, 1, 2.356194490192345, 1.4142135623730951
289, 113, 1167, 136, 1170, 139, -3, -3, -2.356194490192345, 4.242640687119285
289, 114, 16, 472, 15, 473, 1, -1, -0.7853981633974483, 1.4142135623730951
289, 115, 285, 314, 286, 314, -1, 0, 3.141592653589793, 1.0
289, 116, 759, 46, 759, 46, 0, 0, 0.0, 0.0
289, 117, 1247, 346, 1246, 344, 1, 2, 1.1071487177940904, 2.23606797749979
289, 118, 698, 171, 699, 173, -1, -2, -2.0344439357957027, 2.23606797749979
289, 119, 649, 428, 649, 428, 0, 0, 0.0, 0.0
289, 120, 42, 135, 42, 136, 0, -1, -1.5707963267948966, 1.0
289, 121, 647, 148, 647, 148, 0, 0, 0.0, 0.0
289, 122, 850, 157, 849, 159, 1, -2, -1.1071487177940904, 2.23606797749979
289, 123, 1135, 93, 1138, 93, -3, 0, 3.141592653589793, 3.0
289, 124, 862, 554, 860, 551, 2, 3, 0.982793723247329, 3.605551275463989
289, 125, 1193, 79, 1196, 82, -3, -3, -2.356194490192345, 4.242640687119285
289, 126, 1259, 194, 1261, 192, -2, 2, 2.356194490192345, 2.8284271247461903
289, 127, 633, 400, 633, 400, 0, 0, 0.0, 0.0
289, 128, 1145, 91, 1149, 91, -4, 0, 3.141592653589793, 4.0
289, 129, 123, 156, 124, 155, -1, 1, 2.356194490192345, 1.4142135623730951
289, 130, 689, 110, 689, 110, 0, 0, 0.0, 0.0
289, 131, 643, 60, 643, 60, 0, 0, 0.0, 0.0
289, 132, 266, 344, 267, 344, -1, 0, 3.141592653589793, 1.0
289, 133, 1191, 48, 1195, 50, -4, -2, -2.677945044588987, 4.47213595499958
289, 134, 318, 386, 318, 386, 0, 0, 0.0, 0.0
289, 135, 510, 179, 509, 184, 1, -5, -1.373400766945016, 5.0990195135927845
289, 136, 268, 322, 269, 322, -1, 0, 3.141592653589793, 1.0
289, 137, 315, 395, 315, 395, 0, 0, 0.0, 0.0
289, 138, 1205, 442, 1204, 441, 1, 1, 0.7853981633974483, 1.4142135623730951
289, 139, 299, 392, 300, 392, -1, 0, 3.141592653589793, 1.0
289, 140, 1210, 29, 1213, 32, -3, -3, -2.356194490192345, 4.242640687119285
289, 141, 680, 134, 680, 134, 0, 0, 0.0, 0.0
289, 142, 1013, 662, 1014, 664, -1, -2, -2.0344439357957027, 2.23606797749979
289, 143, 1159, 133, 1161, 135, -2, -2, -2.356194490192345, 2.8284271247461903
289, 144, 1152, 122, 1154, 121, -2, 1, 2.677945044588987, 2.23606797749979
290, 0, 815, 590, 819, 594, -4, -4, -2.356194490192345, 5.656854249492381
290, 1, 151, 177, 152, 176, -1, 1, 2.356194490192345, 1.4142135623730951
290, 2, 536, 424, 536, 428, 0, -4, -1.5707963267948966, 4.0
290, 3, 543, 77, 543, 77, 0, 0, 0.0, 0.0
290, 4, 262, 339, 262, 339, 0, 0, 0.0, 0.0
290, 5, 259, 379, 259, 380, 0, -1, -1.5707963267948966, 1.0
290, 6, 273, 335, 273, 335, 0, 0, 0.0, 0.0
290, 7, 334, 344, 334, 344, 0, 0, 0.0, 0.0
290, 8, 849, 76, 849, 79, 0, -3, -1.5707963267948966, 3.0
290, 9, 302, 325, 303, 325, -1, 0, 3.141592653589793, 1.0
290, 10, 245, 329, 245, 329, 0, 0, 0.0, 0.0
290, 11, 253, 328, 253, 328, 0, 0, 0.0, 0.0
290, 12, 857, 77, 857, 80, 0, -3, -1.5707963267948966, 3.0
290, 13, 18, 245, 17, 243, 1, 2, 1.1071487177940904, 2.23606797749979
290, 14, 855, 67, 855, 70, 0, -3, -1.5707963267948966, 3.0
290, 15, 252, 340, 252, 340, 0, 0, 0.0, 0.0
290, 16, 825, 585, 827, 589, -2, -4, -2.0344439357957027, 4.47213595499958
290, 17, 498, 133, 498, 135, 0, -2, -1.5707963267948966, 2.0
290, 18, 490, 141, 490, 143, 0, -2, -1.5707963267948966, 2.0
290, 19, 704, 110, 704, 112, 0, -2, -1.5707963267948966, 2.0
290, 20, 547, 15, 544, 15, 3, 0, 0.0, 3.0
290, 21, 1011, 701, 1013, 717, -2, -16, -1.695151321341658, 16.1245154965971
290, 22, 549, 59, 548, 60, 1, -1, -0.7853981633974483, 1.4142135623730951
290, 23, 859, 564, 857, 561, 2, 3, 0.982793723247329, 3.605551275463989
290, 24, 512, 365, 513, 369, -1, -4, -1.8157749899217608, 4.123105625617661
290, 25, 498, 429, 498, 432, 0, -3, -1.5707963267948966, 3.0
290, 26, 797, 592, 799, 596, -2, -4, -2.0344439357957027, 4.47213595499958
290, 27, 1054, 589, 1055, 594, -1, -5, -1.7681918866447774, 5.0990195135927845
290, 28, 837, 110, 837, 113, 0, -3, -1.5707963267948966, 3.0
290, 29, 1034, 556, 1033, 560, 1, -4, -1.3258176636680326, 4.123105625617661
290, 30, 794, 580, 797, 583, -3, -3, -2.356194490192345, 4.242640687119285
290, 31, 679, 73, 680, 72, -1, 1, 2.356194490192345, 1.4142135623730951
290, 32, 1170, 63, 1174, 66, -4, -3, -2.498091544796509, 5.0
290, 33, 879, 572, 878, 567, 1, 5, 1.373400766945016, 5.0990195135927845
290, 34, 767, 35, 767, 35, 0, 0, 0.0, 0.0
290, 35, 1160, 61, 1164, 64, -4, -3, -2.498091544796509, 5.0
290, 36, 1166, 54, 1170, 57, -4, -3, -2.498091544796509, 5.0
290, 37, 1210, 37, 1213, 39, -3, -2, -2.5535900500422257, 3.605551275463989
290, 38, 133, 130, 134, 130, -1, 0, 3.141592653589793, 1.0
290, 39, 518, 477, 518, 478, 0, -1, -1.5707963267948966, 1.0
290, 40, 32, 86, 32, 86, 0, 0, 0.0, 0.0
290, 41, 1006, 617, 1007, 622, -1, -5, -1.7681918866447774, 5.0990195135927845
290, 42, 968, 64, 969, 66, -1, -2, -2.0344439357957027, 2.23606797749979
290, 43, 552, 76, 551, 77, 1, -1, -0.7853981633974483, 1.4142135623730951
290, 44, 472, 196, 470, 199, 2, -3, -0.982793723247329, 3.605551275463989
290, 45, 478, 182, 477, 184, 1, -2, -1.1071487177940904, 2.23606797749979
290, 46, 257, 387, 257, 387, 0, 0, 0.0, 0.0
290, 47, 16, 266, 16, 266, 0, 0, 0.0, 0.0
290, 48, 1198, 431, 1197, 427, 1, 4, 1.3258176636680326, 4.123105625617661
290, 49, 860, 619, 858, 616, 2, 3, 0.982793723247329, 3.605551275463989
290, 50, 771, 612, 777, 618, -6, -6, -2.356194490192345, 8.48528137423857
290, 51, 718, 113, 718, 114, 0, -1, -1.5707963267948966, 1.0
290, 52, 501, 141, 501, 144, 0, -3, -1.5707963267948966, 3.0
290, 53, 1030, 622, 1030, 625, 0, -3, -1.5707963267948966, 3.0
290, 54, 247, 402, 247, 402, 0, 0, 0.0, 0.0
290, 55, 498, 226, 498, 227, 0, -1, -1.5707963267948966, 1.0
290, 56, 1250, 37, 1253, 39, -3, -2, -2.5535900500422257, 3.605551275463989
290, 57, 639, 66, 639, 66, 0, 0, 0.0, 0.0
290, 58, 638, 321, 638, 318, 0, 3, 1.5707963267948966, 3.0
290, 59, 656, 372, 656, 369, 0, 3, 1.5707963267948966, 3.0
290, 60, 126, 183, 128, 182, -2, 1, 2.677945044588987, 2.23606797749979
290, 61, 808, 642, 808, 643, 0, -1, -1.5707963267948966, 1.0
290, 62, 1141, 125, 1142, 125, -1, 0, 3.141592653589793, 1.0
290, 63, 885, 618, 884, 614, 1, 4, 1.3258176636680326, 4.123105625617661
290, 64, 286, 376, 286, 376, 0, 0, 0.0, 0.0
290, 65, 194, 11, 193, 11, 1, 0, 0.0, 1.0
290, 66, 793, 521, 797, 524, -4, -3, -2.498091544796509, 5.0
290, 67, 1051, 559, 1050, 564, 1, -5, -1.373400766945016, 5.0990195135927845
290, 68, 227, 318, 227, 318, 0, 0, 0.0, 0.0
290, 69, 754, 19, 755, 19, -1, 0, 3.141592653589793, 1.0
290, 70, 1261, 232, 1268, 231, -7, 1, 2.999695598985629, 7.0710678118654755
290, 71, 34, 490, 30, 486, 4, 4, 0.7853981633974483, 5.656854249492381
290, 72, 187, 12, 186, 12, 1, 0, 0.0, 1.0
290, 73, 501, 388, 502, 392, -1, -4, -1.8157749899217608, 4.123105625617661
290, 74, 1244, 387, 1243, 384, 1, 3, 1.2490457723982544, 3.1622776601683795
290, 75, 549, 24, 546, 24, 3, 0, 0.0, 3.0
290, 76, 810, 527, 813, 529, -3, -2, -2.5535900500422257, 3.605551275463989
290, 77, 939, 16, 940, 16, -1, 0, 3.141592653589793, 1.0
290, 78, 477, 203, 474, 205, 3, -2, -0.5880026035475675, 3.605551275463989
290, 79, 1245, 29, 1248, 31, -3, -2, -2.5535900500422257, 3.605551275463989
290, 80, 29, 109, 29, 109, 0, 0, 0.0, 0.0
290, 81, 708, 95, 708, 97, 0, -2, -1.5707963267948966, 2.0
290, 82, 147, 209, 147, 209, 0, 0, 0.0, 0.0
290, 83, 936, 99, 937, 99, -1, 0, 3.141592653589793, 1.0
290, 84, 484, 206, 482, 208, 2, -2, -0.7853981633974483, 2.8284271247461903
290, 85, 332, 358, 332, 359, 0, -1, -1.5707963267948966, 1.0
290, 86, 123, 156, 124, 155, -1, 1, 2.356194490192345, 1.4142135623730951
290, 87, 816, 13, 817, 13, -1, 0, 3.141592653589793, 1.0
290, 88, 1261, 236, 1275, 234, -14, 2, 2.999695598985629, 14.142135623730951
290, 89, 845, 149, 845, 150, 0, -1, -1.5707963267948966, 1.0
290, 90, 978, 701, 980, 712, -2, -11, -1.750649826587375, 11.180339887498949
290, 91, 771, 43, 771, 43, 0, 0, 0.0, 0.0
290, 92, 61, 159, 61, 159, 0, 0, 0.0, 0.0
290, 93, 255, 361, 255, 361, 0, 0, 0.0, 0.0
290, 94, 924, 93, 925, 93, -1, 0, 3.141592653589793, 1.0
290, 95, 330, 404, 330, 404, 0, 0, 0.0, 0.0
290, 96, 55, 117, 55, 118, 0, -1, -1.5707963267948966, 1.0
290, 97, 1220, 100, 1222, 100, -2, 0, 3.141592653589793, 2.0
290, 98, 1023, 651, 1024, 654, -1, -3, -1.892546881191539, 3.1622776601683795
290, 99, 813, 22, 814, 22, -1, 0, 3.141592653589793, 1.0
290, 100, 862, 82, 862, 85, 0, -3, -1.5707963267948966, 3.0
290, 101, 650, 367, 650, 364, 0, 3, 1.5707963267948966, 3.0
290, 102, 1210, 452, 1211, 452, -1, 0, 3.141592653589793, 1.0
290, 103, 660, 107, 660, 105, 0, 2, 1.5707963267948966, 2.0
290, 104, 561, 73, 558, 74, 3, -1, -0.3217505543966422, 3.1622776601683795
290, 105, 1247, 346, 1246, 343, 1, 3, 1.2490457723982544, 3.1622776601683795
290, 106, 986, 701, 987, 712, -1, -11, -1.6614562139956417, 11.045361017187261
290, 107, 667, 18, 667, 17, 0, 1, 1.5707963267948966, 1.0
290, 108, 842, 606, 841, 601, 1, 5, 1.373400766945016, 5.0990195135927845
290, 109, 932, 92, 933, 92, -1, 0, 3.141592653589793, 1.0
290, 110, 682, 685, 682, 680, 0, 5, 1.5707963267948966, 5.0
290, 111, 881, 595, 880, 591, 1, 4, 1.3258176636680326, 4.123105625617661
290, 112, 632, 404, 633, 400, -1, 4, 1.8157749899217608, 4.123105625617661
290, 113, 330, 370, 330, 370, 0, 0, 0.0, 0.0
290, 114, 698, 172, 699, 174, -1, -2, -2.0344439357957027, 2.23606797749979
290, 115, 42, 137, 42, 137, 0, 0, 0.0, 0.0
290, 116, 844, 595, 843, 591, 1, 4, 1.3258176636680326, 4.123105625617661
290, 117, 1235, 400, 1234, 397, 1, 3, 1.2490457723982544, 3.1622776601683795
290, 118, 706, 159, 707, 159, -1, 0, 3.141592653589793, 1.0
290, 119, 240, 321, 240, 321, 0, 0, 0.0, 0.0
290, 120, 240, 308, 240, 308, 0, 0, 0.0, 0.0
290, 121, 639, 52, 639, 52, 0, 0, 0.0, 0.0
290, 122, 52, 149, 52, 149, 0, 0, 0.0, 0.0
290, 123, 627, 390, 628, 387, -1, 3, 1.892546881191539, 3.1622776601683795
290, 124, 120, 123, 121, 123, -1, 0, 3.141592653589793, 1.0
290, 125, 795, 624, 797, 619, -2, 5, 1.9513027039072615, 5.385164807134504
290, 126, 784, 577, 787, 580, -3, -3, -2.356194490192345, 4.242640687119285
290, 127, 532, 432, 532, 436, 0, -4, -1.5707963267948966, 4.0
290, 128, 643, 60, 643, 60, 0, 0, 0.0, 0.0
290, 129, 810, 533, 814, 536, -4, -3, -2.498091544796509, 5.0
290, 130, 649, 428, 649, 428, 0, 0, 0.0, 0.0
290, 131, 645, 324, 645, 321, 0, 3, 1.5707963267948966, 3.0
290, 132, 484, 148, 484, 150, 0, -2, -1.5707963267948966, 2.0
290, 133, 509, 149, 508, 152, 1, -3, -1.2490457723982544, 3.1622776601683795
290, 134, 53, 156, 53, 156, 0, 0, 0.0, 0.0
290, 135, 550, 45, 548, 45, 2, 0, 0.0, 2.0
290, 136, 761, 12, 762, 12, -1, 0, 3.141592653589793, 1.0
290, 137, 1192, 49, 1195, 51, -3, -2, -2.5535900500422257, 3.605551275463989
290, 138, 868, 95, 868, 98, 0, -3, -1.5707963267948966, 3.0
290, 139, 479, 14, 479, 16, 0, -2, -1.5707963267948966, 2.0
290, 140, 647, 149, 647, 149, 0, 0, 0.0, 0.0
290, 141, 635, 72, 635, 72, 0, 0, 0.0, 0.0
290, 142, 759, 46, 759, 46, 0, 0, 0.0, 0.0
290, 143, 690, 675, 690, 670, 0, 5, 1.5707963267948966, 5.0
290, 144, 1217, 43, 1219, 45, -2, -2, -2.356194490192345, 2.8284271247461903
290, 145, 842, 83, 842, 86, 0, -3, -1.5707963267948966, 3.0
290, 146, 868, 658, 869, 658, -1, 0, 3.141592653589793, 1.0
290, 147, 1200, 369, 1199, 366, 1, 3, 1.2490457723982544, 3.1622776601683795
290, 148, 872, 16, 873, 18, -1, -2, -2.0344439357957027, 2.23606797749979
290, 149, 731, 701, 731, 713, 0, -12, -1.5707963267948966, 12.0
290, 150, 955, 30, 957, 31, -2, -1, -2.677945044588987, 2.23606797749979
290, 151, 747, 38, 747, 38, 0, 0, 0.0, 0.0
290, 152, 1136, 95, 1139, 95, -3, 0, 3.141592653589793, 3.0
290, 153, 1049, 611, 1051, 615, -2, -4, -2.0344439357957027, 4.47213595499958
290, 154, 319, 387, 319, 387, 0, 0, 0.0, 0.0
290, 155, 1237, 80, 1240, 82, -3, -2, -2.5535900500422257, 3.605551275463989
290, 156, 231, 308, 231, 308, 0, 0, 0.0, 0.0
290, 157, 1261, 191, 1271, 190, -10, 1, 3.0419240010986313, 10.04987562112089
290, 158, 285, 314, 286, 314, -1, 0, 3.141592653589793, 1.0
290, 159, 297, 701, 300, 717, -3, -16, -1.7561442767905915, 16.278820596099706
290, 160, 268, 344, 268, 344, 0, 0, 0.0, 0.0
290, 161, 823, 564, 827, 567, -4, -3, -2.498091544796509, 5.0
290, 162, 1016, 579, 1016, 584, 0, -5, -1.5707963267948966, 5.0
290, 163, 1026, 631, 1026, 635, 0, -4, -1.5707963267948966, 4.0
290, 164, 270, 322, 270, 322, 0, 0, 0.0, 0.0
290, 165, 867, 21, 867, 23, 0, -2, -1.5707963267948966, 2.0
290, 166, 1195, 439, 1194, 436, 1, 3, 1.2490457723982544, 3.1622776601683795
290, 167, 1229, 65, 1232, 68, -3, -3, -2.356194490192345, 4.242640687119285
290, 168, 265, 391, 265, 392, 0, -1, -1.5707963267948966, 1.0
290, 169, 317, 405, 317, 405, 0, 0, 0.0, 0.0
291, 0, 811, 586, 815, 590, -4, -4, -2.356194490192345, 5.656854249492381
291, 1, 151, 177, 151, 177, 0, 0, 0.0, 0.0
291, 2, 536, 419, 536, 424, 0, -5, -1.5707963267948966, 5.0
291, 3, 543, 77, 543, 77, 0, 0, 0.0, 0.0
291, 4, 262, 339, 262, 339, 0, 0, 0.0, 0.0
291, 5, 259, 378, 259, 379, 0, -1, -1.5707963267948966, 1.0
291, 6, 272, 335, 273, 335, -1, 0, 3.141592653589793, 1.0
291, 7, 334, 344, 334, 344, 0, 0, 0.0, 0.0
291, 8, 849, 74, 849, 76, 0, -2, -1.5707963267948966, 2.0
291, 9, 301, 325, 302, 325, -1, 0, 3.141592653589793, 1.0
291, 10, 245, 329, 245, 329, 0, 0, 0.0, 0.0
291, 11, 253, 328, 253, 328, 0, 0, 0.0, 0.0
291, 12, 857, 75, 857, 77, 0, -2, -1.5707963267948966, 2.0
291, 13, 18, 247, 18, 245, 0, 2, 1.5707963267948966, 2.0
291, 14, 855, 65, 855, 67, 0, -2, -1.5707963267948966, 2.0
291, 15, 252, 340, 252, 340, 0, 0, 0.0, 0.0
291, 16, 821, 581, 825, 585, -4, -4, -2.356194490192345, 5.656854249492381
291, 17, 498, 131, 498, 133, 0, -2, -1.5707963267948966, 2.0
291, 18, 490, 139, 490, 141, 0, -2, -1.5707963267948966, 2.0
291, 19, 705, 107, 704, 110, 1, -3, -1.2490457723982544, 3.1622776601683795
291, 20, 550, 15, 547, 15, 3, 0, 0.0, 3.0
291, 21, 1010, 695, 1011, 701, -1, -6, -1.7359450042095235, 6.082762530298219
291, 22, 550, 59, 549, 59, 1, 0, 0.0, 1.0
291, 23, 860, 568, 859, 564, 1, 4, 1.3258176636680326, 4.123105625617661
291, 24, 511, 361, 512, 365, -1, -4, -1.8157749899217608, 4.123105625617661
291, 25, 498, 425, 498, 429, 0, -4, -1.5707963267948966, 4.0
291, 26, 794, 588, 797, 592, -3, -4, -2.214297435588181, 5.0
291, 27, 1054, 584, 1054, 589, 0, -5, -1.5707963267948966, 5.0
291, 28, 837, 108, 837, 110, 0, -2, -1.5707963267948966, 2.0
291, 29, 1035, 551, 1034, 556, 1, -5, -1.373400766945016, 5.0990195135927845
291, 30, 790, 577, 794, 580, -4, -3, -2.498091544796509, 5.0
291, 31, 679, 74, 679, 73, 0, 1, 1.5707963267948966, 1.0
291, 32, 1166, 60, 1170, 63, -4, -3, -2.498091544796509, 5.0
291, 33, 880, 577, 879, 572, 1, 5, 1.373400766945016, 5.0990195135927845
291, 34, 767, 35, 767, 35, 0, 0, 0.0, 0.0
291, 35, 1156, 58, 1160, 61, -4, -3, -2.498091544796509, 5.0
291, 36, 1162, 51, 1166, 54, -4, -3, -2.498091544796509, 5.0
291, 37, 1207, 35, 1210, 37, -3, -2, -2.5535900500422257, 3.605551275463989
291, 38, 132, 130, 133, 130, -1, 0, 3.141592653589793, 1.0
291, 39, 518, 475, 518, 477, 0, -2, -1.5707963267948966, 2.0
291, 40, 32, 86, 32, 86, 0, 0, 0.0, 0.0
291, 41, 1006, 616, 1006, 617, 0, -1, -1.5707963267948966, 1.0
291, 42, 967, 62, 968, 64, -1, -2, -2.0344439357957027, 2.23606797749979
291, 43, 553, 75, 552, 76, 1, -1, -0.7853981633974483, 1.4142135623730951
291, 44, 475, 193, 472, 196, 3, -3, -0.7853981633974483, 4.242640687119285
291, 45, 479, 181, 478, 182, 1, -1, -0.7853981633974483, 1.4142135623730951
291, 46, 257, 387, 257, 387, 0, 0, 0.0, 0.0
291, 47, 16, 266, 16, 266, 0, 0, 0.0, 0.0
291, 48, 1199, 434, 1198, 431, 1, 3, 1.2490457723982544, 3.1622776601683795
291, 49, 861, 623, 860, 619, 1, 4, 1.3258176636680326, 4.123105625617661
291, 50, 767, 605, 771, 612, -4, -7, -2.0899424410414196, 8.06225774829855
291, 51, 718, 111, 718, 113, 0, -2, -1.5707963267948966, 2.0
291, 52, 501, 139, 501, 141, 0, -2, -1.5707963267948966, 2.0
291, 53, 1030, 619, 1030, 622, 0, -3, -1.5707963267948966, 3.0
291, 54, 247, 402, 247, 402, 0, 0, 0.0, 0.0
291, 55, 498, 225, 498, 226, 0, -1, -1.5707963267948966, 1.0
291, 56, 1248, 35, 1250, 37, -2, -2, -2.356194490192345, 2.8284271247461903
291, 57, 639, 67, 639, 66, 0, 1, 1.5707963267948966, 1.0
291, 58, 638, 324, 638, 321, 0, 3, 1.5707963267948966, 3.0
291, 59, 656, 375, 656, 372, 0, 3, 1.5707963267948966, 3.0
291, 60, 124, 184, 126, 183, -2, 1, 2.677945044588987, 2.23606797749979
291, 61, 1140, 125, 1141, 125, -1, 0, 3.141592653589793, 1.0
291, 62, 886, 621, 885, 618, 1, 3, 1.2490457723982544, 3.1622776601683795
291, 63, 286, 376, 286, 376, 0, 0, 0.0, 0.0
291, 64, 196, 10, 194, 11, 2, -1, -0.4636476090008061, 2.23606797749979
291, 65, 789, 518, 793, 521, -4, -3, -2.498091544796509, 5.0
291, 66, 1052, 555, 1051, 559, 1, -4, -1.3258176636680326, 4.123105625617661
291, 67, 227, 317, 227, 318, 0, -1, -1.5707963267948966, 1.0
291, 68, 753, 19, 754, 19, -1, 0, 3.141592653589793, 1.0
291, 69, 1261, 233, 1261, 232, 0, 1, 1.5707963267948966, 1.0
291, 70, 37, 493, 34, 490, 3, 3, 0.7853981633974483, 4.242640687119285
291, 71, 189, 11, 187, 12, 2, -1, -0.4636476090008061, 2.23606797749979
291, 72, 500, 384, 501, 388, -1, -4, -1.8157749899217608, 4.123105625617661
291, 73, 1246, 390, 1244, 387, 2, 3, 0.982793723247329, 3.605551275463989
291, 74, 552, 24, 549, 24, 3, 0, 0.0, 3.0
291, 75, 806, 525, 810, 527, -4, -2, -2.677945044588987, 4.47213595499958
291, 76, 939, 16, 939, 16, 0, 0, 0.0, 0.0
291, 77, 480, 201, 477, 203, 3, -2, -0.5880026035475675, 3.605551275463989
291, 78, 1243, 27, 1245, 29, -2, -2, -2.356194490192345, 2.8284271247461903
291, 79, 29, 109, 29, 109, 0, 0, 0.0, 0.0
291, 80, 708, 92, 708, 95, 0, -3, -1.5707963267948966, 3.0
291, 81, 146, 209, 147, 209, -1, 0, 3.141592653589793, 1.0
291, 82, 936, 99, 936, 99, 0, 0, 0.0, 0.0
291, 83, 486, 204, 484, 206, 2, -2, -0.7853981633974483, 2.8284271247461903
291, 84, 332, 358, 332, 358, 0, 0, 0.0, 0.0
291, 85, 121, 157, 123, 156, -2, 1, 2.677945044588987, 2.23606797749979
291, 86, 816, 13, 816, 13, 0, 0, 0.0, 0.0
291, 87, 1261, 237, 1261, 236, 0, 1, 1.5707963267948966, 1.0
291, 88, 845, 147, 845, 149, 0, -2, -1.5707963267948966, 2.0
291, 89, 978, 696, 978, 701, 0, -5, -1.5707963267948966, 5.0
291, 90, 771, 43, 771, 43, 0, 0, 0.0, 0.0
291, 91, 61, 159, 61, 159, 0, 0, 0.0, 0.0
291, 92, 255, 361, 255, 361, 0, 0, 0.0, 0.0
291, 93, 924, 93, 924, 93, 0, 0, 0.0, 0.0
291, 94, 330, 404, 330, 404, 0, 0, 0.0, 0.0
291, 95, 1219, 100, 1220, 100, -1, 0, 3.141592653589793, 1.0
291, 96, 1023, 647, 1023, 651, 0, -4, -1.5707963267948966, 4.0
291, 97, 813, 22, 813, 22, 0, 0, 0.0, 0.0
291, 98, 862, 80, 862, 82, 0, -2, -1.5707963267948966, 2.0
291, 99, 650, 370, 650, 367, 0, 3, 1.5707963267948966, 3.0
291, 100, 1210, 452, 1210, 452, 0, 0, 0.0, 0.0
291, 101, 660, 109, 660, 107, 0, 2, 1.5707963267948966, 2.0
291, 102, 563, 71, 561, 73, 2, -2, -0.7853981633974483, 2.8284271247461903
291, 103, 1248, 349, 1247, 346, 1, 3, 1.2490457723982544, 3.1622776601683795
291, 104, 985, 696, 986, 701, -1, -5, -1.7681918866447774, 5.0990195135927845
291, 105, 667, 19, 667, 18, 0, 1, 1.5707963267948966, 1.0
291, 106, 843, 611, 842, 606, 1, 5, 1.373400766945016, 5.0990195135927845
291, 107, 932, 92, 932, 92, 0, 0, 0.0, 0.0
291, 108, 682, 689, 682, 685, 0, 4, 1.5707963267948966, 4.0
291, 109, 882, 599, 881, 595, 1, 4, 1.3258176636680326, 4.123105625617661
291, 110, 632, 410, 632, 404, 0, 6, 1.5707963267948966, 6.0
291, 111, 330, 370, 330, 370, 0, 0, 0.0, 0.0
291, 112, 698, 170, 698, 172, 0, -2, -1.5707963267948966, 2.0
291, 113, 42, 137, 42, 137, 0, 0, 0.0, 0.0
291, 114, 845, 600, 844, 595, 1, 5, 1.373400766945016, 5.0990195135927845
291, 115, 1237, 403, 1235, 400, 2, 3, 0.982793723247329, 3.605551275463989
291, 116, 706, 159, 706, 159, 0, 0, 0.0, 0.0
291, 117, 240, 321, 240, 321, 0, 0, 0.0, 0.0
291, 118, 240, 308, 240, 308, 0, 0, 0.0, 0.0
291, 119, 639, 53, 639, 52, 0, 1, 1.5707963267948966, 1.0
291, 120, 52, 149, 52, 149, 0, 0, 0.0, 0.0
291, 121, 626, 392, 627, 390, -1, 2, 2.0344439357957027, 2.23606797749979
291, 122, 119, 123, 120, 123, -1, 0, 3.141592653589793, 1.0
291, 123, 794, 624, 795, 624, -1, 0, 3.141592653589793, 1.0
291, 124, 781, 575, 784, 577, -3, -2, -2.5535900500422257, 3.605551275463989
291, 125, 532, 427, 532, 432, 0, -5, -1.5707963267948966, 5.0
291, 126, 643, 60, 643, 60, 0, 0, 0.0, 0.0
291, 127, 805, 531, 810, 533, -5, -2, -2.761086276477428, 5.385164807134504
291, 128, 649, 427, 649, 428, 0, -1, -1.5707963267948966, 1.0
291, 129, 645, 327, 645, 324, 0, 3, 1.5707963267948966, 3.0
291, 130, 484, 146, 484, 148, 0, -2, -1.5707963267948966, 2.0
291, 131, 509, 146, 509, 149, 0, -3, -1.5707963267948966, 3.0
291, 132, 53, 156, 53, 156, 0, 0, 0.0, 0.0
291, 133, 552, 45, 550, 45, 2, 0, 0.0, 2.0
291, 134, 760, 12, 761, 12, -1, 0, 3.141592653589793, 1.0
291, 135, 1189, 47, 1192, 49, -3, -2, -2.5535900500422257, 3.605551275463989
291, 136, 868, 93, 868, 95, 0, -2, -1.5707963267948966, 2.0
291, 137, 479, 13, 479, 14, 0, -1, -1.5707963267948966, 1.0
291, 138, 647, 149, 647, 149, 0, 0, 0.0, 0.0
291, 139, 635, 72, 635, 72, 0, 0, 0.0, 0.0
291, 140, 759, 46, 759, 46, 0, 0, 0.0, 0.0
291, 141, 690, 679, 690, 675, 0, 4, 1.5707963267948966, 4.0
291, 142, 1215, 41, 1217, 43, -2, -2, -2.356194490192345, 2.8284271247461903
291, 143, 842, 80, 842, 83, 0, -3, -1.5707963267948966, 3.0
291, 144, 868, 658, 868, 658, 0, 0, 0.0, 0.0
291, 145, 1202, 372, 1200, 369, 2, 3, 0.982793723247329, 3.605551275463989
291, 146, 872, 14, 872, 16, 0, -2, -1.5707963267948966, 2.0
291, 147, 730, 701, 731, 701, -1, 0, 3.141592653589793, 1.0
291, 148, 953, 28, 955, 30, -2, -2, -2.356194490192345, 2.8284271247461903
291, 149, 747, 37, 747, 38, 0, -1, -1.5707963267948966, 1.0
291, 150, 1133, 95, 1136, 95, -3, 0, 3.141592653589793, 3.0
291, 151, 1047, 608, 1049, 611, -2, -3, -2.158798930342464, 3.605551275463989
291, 152, 319, 387, 319, 387, 0, 0, 0.0, 0.0
291, 153, 1234, 79, 1237, 80, -3, -1, -2.819842099193151, 3.1622776601683795
291, 154, 231, 308, 231, 308, 0, 0, 0.0, 0.0
291, 155, 1260, 192, 1261, 191, -1, 1, 2.356194490192345, 1.4142135623730951
291, 156, 284, 314, 285, 314, -1, 0, 3.141592653589793, 1.0
291, 157, 297, 701, 297, 701, 0, 0, 0.0, 0.0
291, 158, 268, 344, 268, 344, 0, 0, 0.0, 0.0
291, 159, 819, 561, 823, 564, -4, -3, -2.498091544796509, 5.0
291, 160, 1016, 574, 1016, 579, 0, -5, -1.5707963267948966, 5.0
291, 161, 1026, 628, 1026, 631, 0, -3, -1.5707963267948966, 3.0
291, 162, 269, 322, 270, 322, -1, 0, 3.141592653589793, 1.0
291, 163, 867, 19, 867, 21, 0, -2, -1.5707963267948966, 2.0
291, 164, 1196, 442, 1195, 439, 1, 3, 1.2490457723982544, 3.1622776601683795
291, 165, 1227, 62, 1229, 65, -2, -3, -2.158798930342464, 3.605551275463989
291, 166, 264, 391, 265, 391, -1, 0, 3.141592653589793, 1.0
291, 167, 317, 405, 317, 405, 0, 0, 0.0, 0.0
292, 0, 812, 585, 816, 589, -4, -4, -2.356194490192345, 5.656854249492381
292, 1, 152, 178, 152, 178, 0, 0, 0.0, 0.0
292, 2, 754, 10, 755, 10, -1, 0, 3.141592653589793, 1.0
292, 3, 1054, 584, 1054, 589, 0, -5, -1.5707963267948966, 5.0
292, 4, 492, 139, 492, 141, 0, -2, -1.5707963267948966, 2.0
292, 5, 272, 335, 273, 335, -1, 0, 3.141592653589793, 1.0
292, 6, 334, 344, 334, 344, 0, 0, 0.0, 0.0
292, 7, 790, 577, 793, 580, -3, -3, -2.356194490192345, 4.242640687119285
292, 8, 849, 75, 849, 77, 0, -2, -1.5707963267948966, 2.0
292, 9, 259, 378, 259, 379, 0, -1, -1.5707963267948966, 1.0
292, 10, 302, 325, 303, 325, -1, 0, 3.141592653589793, 1.0
292, 11, 858, 76, 858, 78, 0, -2, -1.5707963267948966, 2.0
292, 12, 20, 247, 19, 245, 1, 2, 1.1071487177940904, 2.23606797749979
292, 13, 252, 338, 252, 338, 0, 0, 0.0, 0.0
292, 14, 246, 329, 246, 329, 0, 0, 0.0, 0.0
292, 15, 792, 588, 796, 591, -4, -3, -2.498091544796509, 5.0
292, 16, 512, 361, 513, 366, -1, -5, -1.7681918866447774, 5.0990195135927845
292, 17, 1052, 555, 1051, 559, 1, -4, -1.3258176636680326, 4.123105625617661
292, 18, 553, 15, 550, 15, 3, 0, 0.0, 3.0
292, 19, 856, 66, 856, 68, 0, -2, -1.5707963267948966, 2.0
292, 20, 679, 74, 680, 74, -1, 0, 3.141592653589793, 1.0
292, 21, 543, 77, 543, 77, 0, 0, 0.0, 0.0
292, 22, 498, 424, 498, 429, 0, -5, -1.5707963267948966, 5.0
292, 23, 534, 413, 534, 418, 0, -5, -1.5707963267948966, 5.0
292, 24, 860, 570, 859, 566, 1, 4, 1.3258176636680326, 4.123105625617661
292, 25, 705, 106, 705, 109, 0, -3, -1.5707963267948966, 3.0
292, 26, 488, 210, 486, 212, 2, -2, -0.7853981633974483, 2.8284271247461903
292, 27, 818, 580, 822, 584, -4, -4, -2.356194490192345, 5.656854249492381
292, 28, 1166, 60, 1170, 63, -4, -3, -2.498091544796509, 5.0
292, 29, 760, 596, 763, 602, -3, -6, -2.0344439357957027, 6.708203932499369
292, 30, 479, 182, 478, 183, 1, -1, -0.7853981633974483, 1.4142135623730951
292, 31, 566, 74, 564, 76, 2, -2, -0.7853981633974483, 2.8284271247461903
292, 32, 551, 61, 550, 61, 1, 0, 0.0, 1.0
292, 33, 499, 131, 499, 133, 0, -2, -1.5707963267948966, 2.0
292, 34, 262, 338, 262, 338, 0, 0, 0.0, 0.0
292, 35, 480, 201, 477, 203, 3, -2, -0.5880026035475675, 3.605551275463989
292, 36, 1012, 701, 1013, 712, -1, -11, -1.6614562139956417, 11.045361017187261
292, 37, 1157, 59, 1161, 62, -4, -3, -2.498091544796509, 5.0
292, 38, 1036, 549, 1035, 554, 1, -5, -1.373400766945016, 5.0990195135927845
292, 39, 767, 35, 767, 35, 0, 0, 0.0, 0.0
292, 40, 503, 140, 503, 143, 0, -3, -1.5707963267948966, 3.0
292, 41, 1163, 51, 1167, 54, -4, -3, -2.498091544796509, 5.0
292, 42, 253, 328, 253, 328, 0, 0, 0.0, 0.0
292, 43, 247, 403, 247, 403, 0, 0, 0.0, 0.0
292, 44, 133, 131, 134, 131, -1, 0, 3.141592653589793, 1.0
292, 45, 626, 391, 627, 390, -1, 1, 2.356194490192345, 1.4142135623730951
292, 46, 32, 86, 32, 86, 0, 0, 0.0, 0.0
292, 47, 845, 148, 845, 150, 0, -2, -1.5707963267948966, 2.0
292, 48, 16, 266, 16, 266, 0, 0, 0.0, 0.0
292, 49, 880, 576, 880, 572, 0, 4, 1.5707963267948966, 4.0
292, 50, 1246, 390, 1245, 387, 1, 3, 1.2490457723982544, 3.1622776601683795
292, 51, 1208, 36, 1211, 37, -3, -1, -2.819842099193151, 3.1622776601683795
292, 52, 227, 317, 227, 318, 0, -1, -1.5707963267948966, 1.0
292, 53, 988, 699, 988, 704, 0, -5, -1.5707963267948966, 5.0
292, 54, 257, 386, 257, 387, 0, -1, -1.5707963267948966, 1.0
292, 55, 1141, 125, 1142, 125, -1, 0, 3.141592653589793, 1.0
292, 56, 957, 54, 958, 54, -1, 0, 3.141592653589793, 1.0
292, 57, 1008, 621, 1007, 620, 1, 1, 0.7853981633974483, 1.4142135623730951
292, 58, 939, 17, 939, 17, 0, 0, 0.0, 0.0
292, 59, 803, 524, 807, 525, -4, -1, -2.896613990462929, 4.123105625617661
292, 60, 786, 517, 791, 520, -5, -3, -2.601173153319209, 5.830951894845301
292, 61, 254, 346, 254, 346, 0, 0, 0.0, 0.0
292, 62, 839, 107, 839, 110, 0, -3, -1.5707963267948966, 3.0
292, 63, 488, 186, 487, 188, 1, -2, -1.1071487177940904, 2.23606797749979
292, 64, 122, 157, 123, 156, -1, 1, 2.356194490192345, 1.4142135623730951
292, 65, 640, 68, 640, 67, 0, 1, 1.5707963267948966, 1.0
292, 66, 1061, 584, 1061, 589, 0, -5, -1.5707963267948966, 5.0
292, 67, 658, 379, 658, 376, 0, 3, 1.5707963267948966, 3.0
292, 68, 287, 376, 287, 376, 0, 0, 0.0, 0.0
292, 69, 842, 612, 842, 607, 0, 5, 1.5707963267948966, 5.0
292, 70, 1249, 35, 1251, 37, -2, -2, -2.356194490192345, 2.8284271247461903
292, 71, 638, 325, 638, 322, 0, 3, 1.5707963267948966, 3.0
292, 72, 38, 494, 37, 490, 1, 4, 1.3258176636680326, 4.123105625617661
292, 73, 29, 109, 29, 109, 0, 0, 0.0, 0.0
292, 74, 333, 359, 333, 359, 0, 0, 0.0, 0.0
292, 75, 501, 384, 502, 389, -1, -5, -1.7681918866447774, 5.0990195135927845
292, 76, 156, 172, 156, 172, 0, 0, 0.0, 0.0
292, 77, 553, 24, 550, 24, 3, 0, 0.0, 3.0
292, 78, 855, 145, 854, 147, 1, -2, -1.1071487177940904, 2.23606797749979
292, 79, 937, 100, 937, 100, 0, 0, 0.0, 0.0
292, 80, 197, 10, 194, 11, 3, -1, -0.3217505543966422, 3.1622776601683795
292, 81, 146, 209, 147, 209, -1, 0, 3.141592653589793, 1.0
292, 82, 331, 370, 331, 370, 0, 0, 0.0, 0.0
292, 83, 1244, 28, 1246, 30, -2, -2, -2.356194490192345, 2.8284271247461903
292, 84, 719, 111, 719, 114, 0, -3, -1.5707963267948966, 3.0
292, 85, 62, 159, 62, 159, 0, 0, 0.0, 0.0
292, 86, 817, 14, 817, 14, 0, 0, 0.0, 0.0
292, 87, 331, 405, 331, 405, 0, 0, 0.0, 0.0
292, 88, 1161, 103, 1163, 104, -2, -1, -2.677945044588987, 2.23606797749979
292, 89, 706, 98, 706, 101, 0, -3, -1.5707963267948966, 3.0
292, 90, 1261, 236, 1270, 234, -9, 2, 2.922923707715851, 9.219544457292887
292, 91, 701, 652, 701, 648, 0, 4, 1.5707963267948966, 4.0
292, 92, 885, 627, 885, 624, 0, 3, 1.5707963267948966, 3.0
292, 93, 875, 13, 875, 15, 0, -2, -1.5707963267948966, 2.0
292, 94, 216, 12, 216, 12, 0, 0, 0.0, 0.0
292, 95, 771, 43, 771, 43, 0, 0, 0.0, 0.0
292, 96, 651, 370, 651, 367, 0, 3, 1.5707963267948966, 3.0
292, 97, 124, 185, 126, 184, -2, 1, 2.677945044588987, 2.23606797749979
292, 98, 137, 194, 139, 192, -2, 2, 2.356194490192345, 2.8284271247461903
292, 99, 42, 137, 42, 137, 0, 0, 0.0, 0.0
292, 100, 1189, 50, 1192, 51, -3, -1, -2.819842099193151, 3.1622776601683795
292, 101, 707, 159, 707, 160, 0, -1, -1.5707963267948966, 1.0
292, 102, 240, 321, 240, 321, 0, 0, 0.0, 0.0
292, 103, 925, 93, 925, 93, 0, 0, 0.0, 0.0
292, 104, 699, 170, 699, 172, 0, -2, -1.5707963267948966, 2.0
292, 105, 779, 576, 783, 579, -4, -3, -2.498091544796509, 5.0
292, 106, 1052, 601, 1053, 605, -1, -4, -1.8157749899217608, 4.123105625617661
292, 107, 475, 13, 475, 15, 0, -2, -1.5707963267948966, 2.0
292, 108, 240, 307, 240, 308, 0, -1, -1.5707963267948966, 1.0
292, 109, 968, 63, 969, 65, -1, -2, -2.0344439357957027, 2.23606797749979
292, 110, 863, 81, 863, 83, 0, -2, -1.5707963267948966, 2.0
292, 111, 1202, 372, 1201, 369, 1, 3, 1.2490457723982544, 3.1622776601683795
292, 112, 813, 22, 814, 22, -1, 0, 3.141592653589793, 1.0
292, 113, 519, 473, 519, 476, 0, -3, -1.5707963267948966, 3.0
292, 114, 255, 361, 255, 361, 0, 0, 0.0, 0.0
292, 115, 845, 601, 845, 597, 0, 4, 1.5707963267948966, 4.0
292, 116, 932, 92, 932, 92, 0, 0, 0.0, 0.0
292, 117, 1221, 100, 1222, 100, -1, 0, 3.141592653589793, 1.0
292, 118, 485, 146, 485, 148, 0, -2, -1.5707963267948966, 2.0
292, 119, 724, 40, 725, 42, -1, -2, -2.0344439357957027, 2.23606797749979
292, 120, 1216, 43, 1218, 44, -2, -1, -2.677945044588987, 2.23606797749979
292, 121, 640, 54, 640, 53, 0, 1, 1.5707963267948966, 1.0
292, 122, 52, 149, 52, 149, 0, 0, 0.0, 0.0
292, 123, 682, 689, 683, 685, -1, 4, 1.8157749899217608, 4.123105625617661
292, 124, 1213, 454, 1212, 452, 1, 2, 1.1071487177940904, 2.23606797749979
292, 125, 1031, 613, 1031, 616, 0, -3, -1.5707963267948966, 3.0
292, 126, 531, 427, 531, 432, 0, -5, -1.5707963267948966, 5.0
292, 127, 623, 104, 625, 104, -2, 0, 3.141592653589793, 2.0
292, 128, 774, 613, 779, 617, -5, -4, -2.4668517113662407, 6.4031242374328485
292, 129, 667, 19, 667, 18, 0, 1, 1.5707963267948966, 1.0
292, 130, 645, 327, 645, 324, 0, 3, 1.5707963267948966, 3.0
292, 131, 708, 86, 709, 89, -1, -3, -1.892546881191539, 3.1622776601683795
292, 132, 860, 625, 860, 622, 0, 3, 1.5707963267948966, 3.0
292, 133, 649, 428, 649, 428, 0, 0, 0.0, 0.0
292, 134, 53, 158, 53, 158, 0, 0, 0.0, 0.0
292, 135, 691, 680, 691, 675, 0, 5, 1.5707963267948966, 5.0
292, 136, 1261, 194, 1268, 193, -7, 1, 2.999695598985629, 7.0710678118654755
292, 137, 190, 9, 187, 10, 3, -1, -0.3217505543966422, 3.1622776601683795
292, 138, 636, 74, 636, 73, 0, 1, 1.5707963267948966, 1.0
292, 139, 647, 149, 647, 149, 0, 0, 0.0, 0.0
292, 140, 119, 124, 120, 124, -1, 0, 3.141592653589793, 1.0
292, 141, 516, 172, 516, 178, 0, -6, -1.5707963267948966, 6.0
292, 142, 868, 94, 868, 96, 0, -2, -1.5707963267948966, 2.0
292, 143, 1236, 404, 1235, 401, 1, 3, 1.2490457723982544, 3.1622776601683795
292, 144, 1249, 350, 1248, 347, 1, 3, 1.2490457723982544, 3.1622776601683795
292, 145, 954, 26, 956, 29, -2, -3, -2.158798930342464, 3.605551275463989
292, 146, 285, 314, 286, 314, -1, 0, 3.141592653589793, 1.0
292, 147, 695, 128, 695, 131, 0, -3, -1.5707963267948966, 3.0
292, 148, 979, 701, 980, 706, -1, -5, -1.7681918866447774, 5.0990195135927845
292, 149, 1017, 572, 1017, 577, 0, -5, -1.5707963267948966, 5.0
292, 150, 939, 30, 939, 30, 0, 0, 0.0, 0.0
292, 151, 266, 379, 266, 380, 0, -1, -1.5707963267948966, 1.0
292, 152, 843, 81, 843, 83, 0, -2, -1.5707963267948966, 2.0
292, 153, 759, 46, 759, 46, 0, 0, 0.0, 0.0
292, 154, 869, 658, 870, 658, -1, 0, 3.141592653589793, 1.0
292, 155, 1201, 78, 1205, 79, -4, -1, -2.896613990462929, 4.123105625617661
292, 156, 574, 74, 572, 76, 2, -2, -0.7853981633974483, 2.8284271247461903
292, 157, 881, 600, 881, 596, 0, 4, 1.5707963267948966, 4.0
292, 158, 125, 203, 127, 202, -2, 1, 2.677945044588987, 2.23606797749979
292, 159, 269, 322, 270, 322, -1, 0, 3.141592653589793, 1.0
292, 160, 232, 308, 232, 308, 0, 0, 0.0, 0.0
292, 161, 510, 147, 510, 150, 0, -3, -1.5707963267948966, 3.0
292, 162, 1251, 160, 1253, 164, -2, -4, -2.0344439357957027, 4.47213595499958
292, 163, 499, 225, 499, 226, 0, -1, -1.5707963267948966, 1.0
292, 164, 308, 361, 308, 361, 0, 0, 0.0, 0.0
292, 165, 1197, 388, 1196, 384, 1, 4, 1.3258176636680326, 4.123105625617661
292, 166, 301, 392, 301, 392, 0, 0, 0.0, 0.0
292, 167, 1136, 100, 1139, 99, -3, 1, 2.819842099193151, 3.1622776601683795
292, 168, 319, 388, 319, 388, 0, 0, 0.0, 0.0
292, 169, 1207, 71, 1210, 73, -3, -2, -2.5535900500422257, 3.605551275463989
292, 170, 1227, 64, 1230, 66, -3, -2, -2.5535900500422257, 3.605551275463989
292, 171, 660, 112, 661, 110, -1, 2, 2.0344439357957027, 2.23606797749979
292, 172, 268, 344, 268, 344, 0, 0, 0.0, 0.0
292, 173, 855, 9, 855, 10, 0, -1, -1.5707963267948966, 1.0
292, 174, 317, 405, 317, 405, 0, 0, 0.0, 0.0
292, 175, 720, 646, 721, 643, -1, 3, 1.892546881191539, 3.1622776601683795
292, 176, 763, 13, 764, 13, -1, 0, 3.141592653589793, 1.0
292, 177, 818, 560, 822, 562, -4, -2, -2.677945044588987, 4.47213595499958
292, 178, 33, 118, 33, 118, 0, 0, 0.0, 0.0
292, 179, 284, 349, 285, 349, -1, 0, 3.141592653589793, 1.0
292, 180, 847, 590, 847, 586, 0, 4, 1.5707963267948966, 4.0
292, 181, 706, 642, 706, 638, 0, 4, 1.5707963267948966, 4.0
292, 182, 715, 642, 716, 638, -1, 4, 1.8157749899217608, 4.123105625617661
292, 183, 1016, 662, 1016, 663, 0, -1, -1.5707963267948966, 1.0
292, 184, 824, 44, 825, 44, -1, 0, 3.141592653589793, 1.0
292, 185, 296, 409, 296, 409, 0, 0, 0.0, 0.0
292, 186, 262, 405, 262, 405, 0, 0, 0.0, 0.0
293, 0, 808, 581, 812, 585, -4, -4, -2.356194490192345, 5.656854249492381
293, 1, 151, 180, 152, 178, -1, 2, 2.0344439357957027, 2.23606797749979
293, 2, 752, 9, 754, 10, -2, -1, -2.677945044588987, 2.23606797749979
293, 3, 1054, 580, 1054, 584, 0, -4, -1.5707963267948966, 4.0
293, 4, 493, 135, 492, 139, 1, -4, -1.3258176636680326, 4.123105625617661
293, 5, 271, 335, 272, 335, -1, 0, 3.141592653589793, 1.0
293, 6, 334, 344, 334, 344, 0, 0, 0.0, 0.0
293, 7, 788, 574, 790, 577, -2, -3, -2.158798930342464, 3.605551275463989
293, 8, 850, 72, 849, 75, 1, -3, -1.2490457723982544, 3.1622776601683795
293, 9, 301, 325, 302, 325, -1, 0, 3.141592653589793, 1.0
293, 10, 859, 73, 858, 76, 1, -3, -1.2490457723982544, 3.1622776601683795
293, 11, 21, 250, 20, 247, 1, 3, 1.2490457723982544, 3.1622776601683795
293, 12, 252, 338, 252, 338, 0, 0, 0.0, 0.0
293, 13, 246, 329, 246, 329, 0, 0, 0.0, 0.0
293, 14, 790, 585, 792, 588, -2, -3, -2.158798930342464, 3.605551275463989
293, 15, 511, 353, 512, 361, -1, -8, -1.695151321341658, 8.06225774829855
293, 16, 1052, 551, 1052, 555, 0, -4, -1.5707963267948966, 4.0
293, 17, 557, 16, 553, 15, 4, 1, 0.24497866312686414, 4.123105625617661
293, 18, 857, 63, 856, 66, 1, -3, -1.2490457723982544, 3.1622776601683795
293, 19, 679, 75, 679, 74, 0, 1, 1.5707963267948966, 1.0
293, 20, 545, 76, 543, 77, 2, -1, -0.4636476090008061, 2.23606797749979
293, 21, 499, 421, 498, 424, 1, -3, -1.2490457723982544, 3.1622776601683795
293, 22, 534, 410, 534, 413, 0, -3, -1.5707963267948966, 3.0
293, 23, 862, 573, 860, 570, 2, 3, 0.982793723247329, 3.605551275463989
293, 24, 705, 102, 705, 106, 0, -4, -1.5707963267948966, 4.0
293, 25, 490, 207, 488, 210, 2, -3, -0.982793723247329, 3.605551275463989
293, 26, 813, 576, 818, 580, -5, -4, -2.4668517113662407, 6.4031242374328485
293, 27, 1162, 58, 1166, 60, -4, -2, -2.677945044588987, 4.47213595499958
293, 28, 756, 592, 760, 596, -4, -4, -2.356194490192345, 5.656854249492381
293, 29, 482, 181, 479, 182, 3, -1, -0.3217505543966422, 3.1622776601683795
293, 30, 569, 74, 566, 74, 3, 0, 0.0, 3.0
293, 31, 554, 60, 551, 61, 3, -1, -0.3217505543966422, 3.1622776601683795
293, 32, 500, 127, 499, 131, 1, -4, -1.3258176636680326, 4.123105625617661
293, 33, 262, 338, 262, 338, 0, 0, 0.0, 0.0
293, 34, 483, 198, 480, 201, 3, -3, -0.7853981633974483, 4.242640687119285
293, 35, 1012, 697, 1012, 701, 0, -4, -1.5707963267948966, 4.0
293, 36, 1153, 57, 1157, 59, -4, -2, -2.677945044588987, 4.47213595499958
293, 37, 1038, 545, 1036, 549, 2, -4, -1.1071487177940904, 4.47213595499958
293, 38, 767, 34, 767, 35, 0, -1, -1.5707963267948966, 1.0
293, 39, 504, 136, 503, 140, 1, -4, -1.3258176636680326, 4.123105625617661
293, 40, 1159, 49, 1163, 51, -4, -2, -2.677945044588987, 4.47213595499958
293, 41, 253, 328, 253, 328, 0, 0, 0.0, 0.0
293, 42, 247, 403, 247, 403, 0, 0, 0.0, 0.0
293, 43, 131, 133, 133, 131, -2, 2, 2.356194490192345, 2.8284271247461903
293, 44, 625, 392, 626, 391, -1, 1, 2.356194490192345, 1.4142135623730951
293, 45, 845, 146, 845, 148, 0, -2, -1.5707963267948966, 2.0
293, 46, 15, 266, 16, 266, -1, 0, 3.141592653589793, 1.0
293, 47, 879, 579, 880, 576, -1, 3, 1.892546881191539, 3.1622776601683795
293, 48, 1249, 392, 1246, 390, 3, 2, 0.5880026035475675, 3.605551275463989
293, 49, 1204, 33, 1208, 36, -4, -3, -2.498091544796509, 5.0
293, 50, 227, 316, 227, 317, 0, -1, -1.5707963267948966, 1.0
293, 51, 986, 695, 988, 699, -2, -4, -2.0344439357957027, 4.47213595499958
293, 52, 1138, 125, 1141, 125, -3, 0, 3.141592653589793, 3.0
293, 53, 956, 54, 957, 54, -1, 0, 3.141592653589793, 1.0
293, 54, 1011, 619, 1008, 621, 3, -2, -0.5880026035475675, 3.605551275463989
293, 55, 939, 17, 939, 17, 0, 0, 0.0, 0.0
293, 56, 800, 525, 803, 524, -3, 1, 2.819842099193151, 3.1622776601683795
293, 57, 782, 514, 786, 517, -4, -3, -2.498091544796509, 5.0
293, 58, 254, 345, 254, 346, 0, -1, -1.5707963267948966, 1.0
293, 59, 839, 104, 839, 107, 0, -3, -1.5707963267948966, 3.0
293, 60, 490, 185, 488, 186, 2, -1, -0.4636476090008061, 2.23606797749979
293, 61, 119, 160, 122, 157, -3, 3, 2.356194490192345, 4.242640687119285
293, 62, 640, 71, 640, 68, 0, 3, 1.5707963267948966, 3.0
293, 63, 1061, 580, 1061, 584, 0, -4, -1.5707963267948966, 4.0
293, 64, 658, 382, 658, 379, 0, 3, 1.5707963267948966, 3.0
293, 65, 287, 376, 287, 376, 0, 0, 0.0, 0.0
293, 66, 842, 614, 842, 612, 0, 2, 1.5707963267948966, 2.0
293, 67, 1246, 31, 1249, 35, -3, -4, -2.214297435588181, 5.0
293, 68, 638, 330, 638, 325, 0, 5, 1.5707963267948966, 5.0
293, 69, 37, 498, 38, 494, -1, 4, 1.8157749899217608, 4.123105625617661
293, 70, 29, 108, 29, 109, 0, -1, -1.5707963267948966, 1.0
293, 71, 333, 359, 333, 359, 0, 0, 0.0, 0.0
293, 72, 501, 379, 501, 384, 0, -5, -1.5707963267948966, 5.0
293, 73, 155, 174, 156, 172, -1, 2, 2.0344439357957027, 2.23606797749979
293, 74, 557, 24, 553, 24, 4, 0, 0.0, 4.0
293, 75, 856, 143, 855, 145, 1, -2, -1.1071487177940904, 2.23606797749979
293, 76, 936, 100, 937, 100, -1, 0, 3.141592653589793, 1.0
293, 77, 200, 10, 197, 10, 3, 0, 0.0, 3.0
293, 78, 145, 210, 146, 209, -1, 1, 2.356194490192345, 1.4142135623730951
293, 79, 331, 370, 331, 370, 0, 0, 0.0, 0.0
293, 80, 1241, 24, 1244, 28, -3, -4, -2.214297435588181, 5.0
293, 81, 718, 108, 719, 111, -1, -3, -1.892546881191539, 3.1622776601683795
293, 82, 62, 158, 62, 159, 0, -1, -1.5707963267948966, 1.0
293, 83, 816, 14, 817, 14, -1, 0, 3.141592653589793, 1.0
293, 84, 331, 405, 331, 405, 0, 0, 0.0, 0.0
293, 85, 706, 94, 706, 98, 0, -4, -1.5707963267948966, 4.0
293, 86, 1261, 238, 1261, 236, 0, 2, 1.5707963267948966, 2.0
293, 87, 702, 656, 701, 652, 1, 4, 1.3258176636680326, 4.123105625617661
293, 88, 886, 627, 885, 627, 1, 0, 0.0, 1.0
293, 89, 874, 11, 875, 13, -1, -2, -2.0344439357957027, 2.23606797749979
293, 90, 217, 12, 216, 12, 1, 0, 0.0, 1.0
293, 91, 771, 42, 771, 43, 0, -1, -1.5707963267948966, 1.0
293, 92, 651, 373, 651, 370, 0, 3, 1.5707963267948966, 3.0
293, 93, 121, 187, 124, 185, -3, 2, 2.5535900500422257, 3.605551275463989
293, 94, 136, 194, 137, 194, -1, 0, 3.141592653589793, 1.0
293, 95, 41, 137, 42, 137, -1, 0, 3.141592653589793, 1.0
293, 96, 1184, 49, 1189, 50, -5, -1, -2.9441970937399127, 5.0990195135927845
293, 97, 707, 158, 707, 159, 0, -1, -1.5707963267948966, 1.0
293, 98, 240, 321, 240, 321, 0, 0, 0.0, 0.0
293, 99, 699, 168, 699, 170, 0, -2, -1.5707963267948966, 2.0
293, 100, 776, 572, 779, 576, -3, -4, -2.214297435588181, 5.0
293, 101, 1051, 596, 1052, 601, -1, -5, -1.7681918866447774, 5.0990195135927845
293, 102, 476, 11, 475, 13, 1, -2, -1.1071487177940904, 2.23606797749979
293, 103, 240, 306, 240, 307, 0, -1, -1.5707963267948966, 1.0
293, 104, 966, 61, 968, 63, -2, -2, -2.356194490192345, 2.8284271247461903
293, 105, 864, 78, 863, 81, 1, -3, -1.2490457723982544, 3.1622776601683795
293, 106, 1204, 374, 1202, 372, 2, 2, 0.7853981633974483, 2.8284271247461903
293, 107, 813, 21, 813, 22, 0, -1, -1.5707963267948966, 1.0
293, 108, 519, 466, 519, 473, 0, -7, -1.5707963267948966, 7.0
293, 109, 255, 360, 255, 361, 0, -1, -1.5707963267948966, 1.0
293, 110, 846, 606, 845, 601, 1, 5, 1.373400766945016, 5.0990195135927845
293, 111, 932, 92, 932, 92, 0, 0, 0.0, 0.0
293, 112, 486, 143, 485, 146, 1, -3, -1.2490457723982544, 3.1622776601683795
293, 113, 723, 35, 724, 40, -1, -5, -1.7681918866447774, 5.0990195135927845
293, 114, 1212, 40, 1216, 43, -4, -3, -2.498091544796509, 5.0
293, 115, 640, 55, 640, 54, 0, 1, 1.5707963267948966, 1.0
293, 116, 51, 149, 52, 149, -1, 0, 3.141592653589793, 1.0
293, 117, 682, 691, 682, 689, 0, 2, 1.5707963267948966, 2.0
293, 118, 1213, 453, 1213, 454, 0, -1, -1.5707963267948966, 1.0
293, 119, 1029, 612, 1031, 613, -2, -1, -2.677945044588987, 2.23606797749979
293, 120, 621, 104, 623, 104, -2, 0, 3.141592653589793, 2.0
293, 121, 771, 606, 774, 613, -3, -7, -1.97568811307998, 7.615773105863909
293, 122, 666, 19, 667, 19, -1, 0, 3.141592653589793, 1.0
293, 123, 645, 331, 645, 327, 0, 4, 1.5707963267948966, 4.0
293, 124, 706, 82, 708, 86, -2, -4, -2.0344439357957027, 4.47213595499958
293, 125, 859, 628, 860, 625, -1, 3, 1.892546881191539, 3.1622776601683795
293, 126, 648, 428, 649, 428, -1, 0, 3.141592653589793, 1.0
293, 127, 692, 681, 691, 680, 1, 1, 0.7853981633974483, 1.4142135623730951
293, 128, 1261, 193, 1261, 194, 0, -1, -1.5707963267948966, 1.0
293, 129, 636, 77, 636, 74, 0, 3, 1.5707963267948966, 3.0
293, 130, 647, 150, 647, 149, 0, 1, 1.5707963267948966, 1.0
293, 131, 116, 126, 119, 124, -3, 2, 2.5535900500422257, 3.605551275463989
293, 132, 516, 165, 516, 172, 0, -7, -1.5707963267948966, 7.0
293, 133, 868, 91, 868, 94, 0, -3, -1.5707963267948966, 3.0
293, 134, 1238, 408, 1236, 404, 2, 4, 1.1071487177940904, 4.47213595499958
293, 135, 1251, 353, 1249, 350, 2, 3, 0.982793723247329, 3.605551275463989
293, 136, 952, 23, 954, 26, -2, -3, -2.158798930342464, 3.605551275463989
293, 137, 284, 314, 285, 314, -1, 0, 3.141592653589793, 1.0
293, 138, 696, 126, 695, 128, 1, -2, -1.1071487177940904, 2.23606797749979
293, 139, 977, 697, 979, 701, -2, -4, -2.0344439357957027, 4.47213595499958
293, 140, 1018, 567, 1017, 572, 1, -5, -1.373400766945016, 5.0990195135927845
293, 141, 939, 30, 939, 30, 0, 0, 0.0, 0.0
293, 142, 266, 378, 266, 379, 0, -1, -1.5707963267948966, 1.0
293, 143, 843, 78, 843, 81, 0, -3, -1.5707963267948966, 3.0
293, 144, 869, 660, 869, 658, 0, 2, 1.5707963267948966, 2.0
293, 145, 1197, 76, 1201, 78, -4, -2, -2.677945044588987, 4.47213595499958
293, 146, 576, 74, 574, 74, 2, 0, 0.0, 2.0
293, 147, 881, 604, 881, 600, 0, 4, 1.5707963267948966, 4.0
293, 148, 122, 205, 125, 203, -3, 2, 2.5535900500422257, 3.605551275463989
293, 149, 268, 322, 269, 322, -1, 0, 3.141592653589793, 1.0
293, 150, 511, 143, 510, 147, 1, -4, -1.3258176636680326, 4.123105625617661
293, 151, 1248, 158, 1251, 160, -3, -2, -2.5535900500422257, 3.605551275463989
293, 152, 499, 224, 499, 225, 0, -1, -1.5707963267948966, 1.0
293, 153, 307, 361, 308, 361, -1, 0, 3.141592653589793, 1.0
293, 154, 1199, 394, 1197, 388, 2, 6, 1.2490457723982544, 6.324555320336759
293, 155, 301, 392, 301, 392, 0, 0, 0.0, 0.0
293, 156, 1132, 101, 1136, 100, -4, 1, 2.896613990462929, 4.123105625617661
293, 157, 319, 388, 319, 388, 0, 0, 0.0, 0.0
293, 158, 1203, 69, 1207, 71, -4, -2, -2.677945044588987, 4.47213595499958
293, 159, 1223, 61, 1227, 64, -4, -3, -2.498091544796509, 5.0
293, 160, 659, 114, 660, 112, -1, 2, 2.0344439357957027, 2.23606797749979
293, 161, 268, 343, 268, 344, 0, -1, -1.5707963267948966, 1.0
293, 162, 317, 405, 317, 405, 0, 0, 0.0, 0.0
293, 163, 717, 649, 720, 646, -3, 3, 2.356194490192345, 4.242640687119285
293, 164, 815, 560, 818, 560, -3, 0, 3.141592653589793, 3.0
293, 165, 33, 118, 33, 118, 0, 0, 0.0, 0.0
293, 166, 848, 593, 847, 590, 1, 3, 1.2490457723982544, 3.1622776601683795
293, 167, 706, 646, 706, 642, 0, 4, 1.5707963267948966, 4.0
293, 168, 714, 646, 715, 642, -1, 4, 1.8157749899217608, 4.123105625617661
293, 169, 1016, 659, 1016, 662, 0, -3, -1.5707963267948966, 3.0
293, 170, 823, 44, 824, 44, -1, 0, 3.141592653589793, 1.0
293, 171, 296, 408, 296, 409, 0, -1, -1.5707963267948966, 1.0
293, 172, 262, 404, 262, 405, 0, -1, -1.5707963267948966, 1.0
294, 0, 784, 581, 788, 584, -4, -3, -2.498091544796509, 5.0
294, 1, 838, 106, 838, 107, 0, -1, -1.5707963267948966, 1.0
294, 2, 571, 71, 571, 71, 0, 0, 0.0, 0.0
294, 3, 989, 692, 990, 695, -1, -3, -1.892546881191539, 3.1622776601683795
294, 4, 150, 180, 151, 179, -1, 1, 2.356194490192345, 1.4142135623730951
294, 5, 272, 335, 273, 335, -1, 0, 3.141592653589793, 1.0
294, 6, 334, 344, 334, 344, 0, 0, 0.0, 0.0
294, 7, 859, 74, 859, 76, 0, -2, -1.5707963267948966, 2.0
294, 8, 246, 330, 246, 330, 0, 0, 0.0, 0.0
294, 9, 805, 579, 809, 583, -4, -4, -2.356194490192345, 5.656854249492381
294, 10, 259, 378, 259, 379, 0, -1, -1.5707963267948966, 1.0
294, 11, 1057, 578, 1056, 583, 1, -5, -1.373400766945016, 5.0990195135927845
294, 12, 555, 60, 553, 60, 2, 0, 0.0, 2.0
294, 13, 841, 91, 840, 95, 1, -4, -1.3258176636680326, 4.123105625617661
294, 14, 850, 73, 850, 75, 0, -2, -1.5707963267948966, 2.0
294, 15, 301, 324, 302, 324, -1, 0, 3.141592653589793, 1.0
294, 16, 857, 64, 857, 66, 0, -2, -1.5707963267948966, 2.0
294, 17, 493, 137, 493, 139, 0, -2, -1.5707963267948966, 2.0
294, 18, 545, 76, 544, 77, 1, -1, -0.7853981633974483, 1.4142135623730951
294, 19, 680, 76, 680, 76, 0, 0, 0.0, 0.0
294, 20, 497, 416, 498, 421, -1, -5, -1.7681918866447774, 5.0990195135927845
294, 21, 254, 328, 254, 328, 0, 0, 0.0, 0.0
294, 22, 22, 249, 22, 248, 0, 1, 1.5707963267948966, 1.0
294, 23, 1161, 58, 1165, 60, -4, -2, -2.677945044588987, 4.47213595499958
294, 24, 705, 102, 705, 106, 0, -4, -1.5707963267948966, 4.0
294, 25, 558, 15, 555, 16, 3, -1, -0.3217505543966422, 3.1622776601683795
294, 26, 479, 191, 478, 194, 1, -3, -1.2490457723982544, 3.1622776601683795
294, 27, 751, 597, 752, 597, -1, 0, 3.141592653589793, 1.0
294, 28, 754, 590, 757, 590, -3, 0, 3.141592653589793, 3.0
294, 29, 1052, 547, 1051, 552, 1, -5, -1.373400766945016, 5.0990195135927845
294, 30, 782, 570, 785, 573, -3, -3, -2.356194490192345, 4.242640687119285
294, 31, 253, 338, 253, 338, 0, 0, 0.0, 0.0
294, 32, 504, 137, 504, 139, 0, -2, -1.5707963267948966, 2.0
294, 33, 624, 388, 625, 388, -1, 0, 3.141592653589793, 1.0
294, 34, 1040, 543, 1038, 547, 2, -4, -1.1071487177940904, 4.47213595499958
294, 35, 861, 578, 860, 575, 1, 3, 1.2490457723982544, 3.1622776601683795
294, 36, 1013, 698, 1013, 704, 0, -6, -1.5707963267948966, 6.0
294, 37, 500, 128, 500, 130, 0, -2, -1.5707963267948966, 2.0
294, 38, 512, 354, 513, 359, -1, -5, -1.7681918866447774, 5.0990195135927845
294, 39, 247, 403, 247, 403, 0, 0, 0.0, 0.0
294, 40, 130, 134, 132, 133, -2, 1, 2.677945044588987, 2.23606797749979
294, 41, 1248, 397, 1247, 393, 1, 4, 1.3258176636680326, 4.123105625617661
294, 42, 32, 85, 32, 86, 0, -1, -1.5707963267948966, 1.0
294, 43, 845, 622, 845, 618, 0, 4, 1.5707963267948966, 4.0
294, 44, 810, 574, 815, 578, -5, -4, -2.4668517113662407, 6.4031242374328485
294, 45, 767, 35, 767, 36, 0, -1, -1.5707963267948966, 1.0
294, 46, 713, 101, 713, 104, 0, -3, -1.5707963267948966, 3.0
294, 47, 1206, 34, 1208, 36, -2, -2, -2.356194490192345, 2.8284271247461903
294, 48, 499, 225, 499, 226, 0, -1, -1.5707963267948966, 1.0
294, 49, 805, 638, 807, 641, -2, -3, -2.158798930342464, 3.605551275463989
294, 50, 257, 386, 257, 387, 0, -1, -1.5707963267948966, 1.0
294, 51, 640, 70, 640, 69, 0, 1, 1.5707963267948966, 1.0
294, 52, 286, 376, 286, 376, 0, 0, 0.0, 0.0
294, 53, 42, 137, 42, 137, 0, 0, 0.0, 0.0
294, 54, 331, 359, 332, 359, -1, 0, 3.141592653589793, 1.0
294, 55, 1261, 237, 1272, 236, -11, 1, 3.050932766389048, 11.045361017187261
294, 56, 254, 346, 254, 346, 0, 0, 0.0, 0.0
294, 57, 16, 267, 16, 266, 0, 1, 1.5707963267948966, 1.0
294, 58, 16, 256, 16, 255, 0, 1, 1.5707963267948966, 1.0
294, 59, 660, 388, 660, 385, 0, 3, 1.5707963267948966, 3.0
294, 60, 773, 592, 776, 595, -3, -3, -2.356194490192345, 4.242640687119285
294, 61, 1166, 100, 1169, 102, -3, -2, -2.5535900500422257, 3.605551275463989
294, 62, 491, 205, 489, 208, 2, -3, -0.982793723247329, 3.605551275463989
294, 63, 845, 149, 845, 150, 0, -1, -1.5707963267948966, 1.0
294, 64, 778, 510, 783, 514, -5, -4, -2.4668517113662407, 6.4031242374328485
294, 65, 940, 17, 940, 17, 0, 0, 0.0, 0.0
294, 66, 558, 24, 555, 25, 3, -1, -0.3217505543966422, 3.1622776601683795
294, 67, 1261, 196, 1276, 196, -15, 0, 3.141592653589793, 15.0
294, 68, 227, 317, 227, 318, 0, -1, -1.5707963267948966, 1.0
294, 69, 880, 585, 881, 582, -1, 3, 1.892546881191539, 3.1622776601683795
294, 70, 624, 107, 625, 107, -1, 0, 3.141592653589793, 1.0
294, 71, 155, 175, 156, 174, -1, 1, 2.356194490192345, 1.4142135623730951
294, 72, 1246, 32, 1248, 35, -2, -3, -2.158798930342464, 3.605551275463989
294, 73, 502, 377, 502, 382, 0, -5, -1.5707963267948966, 5.0
294, 74, 514, 160, 514, 165, 0, -5, -1.5707963267948966, 5.0
294, 75, 62, 158, 62, 159, 0, -1, -1.5707963267948966, 1.0
294, 76, 481, 178, 481, 180, 0, -2, -1.5707963267948966, 2.0
294, 77, 330, 370, 331, 370, -1, 0, 3.141592653589793, 1.0
294, 78, 256, 361, 256, 361, 0, 0, 0.0, 0.0
294, 79, 884, 640, 884, 638, 0, 2, 1.5707963267948966, 2.0
294, 80, 331, 405, 331, 405, 0, 0, 0.0, 0.0
294, 81, 937, 100, 937, 100, 0, 0, 0.0, 0.0
294, 82, 638, 331, 639, 327, -1, 4, 1.8157749899217608, 4.123105625617661
294, 83, 123, 162, 125, 161, -2, 1, 2.677945044588987, 2.23606797749979
294, 84, 29, 109, 29, 109, 0, 0, 0.0, 0.0
294, 85, 1157, 49, 1162, 51, -5, -2, -2.761086276477428, 5.385164807134504
294, 86, 707, 158, 707, 160, 0, -2, -1.5707963267948966, 2.0
294, 87, 240, 321, 240, 321, 0, 0, 0.0, 0.0
294, 88, 217, 12, 217, 12, 0, 0, 0.0, 0.0
294, 89, 816, 14, 817, 14, -1, 0, 3.141592653589793, 1.0
294, 90, 1222, 99, 1222, 100, 0, -1, -1.5707963267948966, 1.0
294, 91, 771, 42, 771, 43, 0, -1, -1.5707963267948966, 1.0
294, 92, 1151, 57, 1156, 59, -5, -2, -2.761086276477428, 5.385164807134504
294, 93, 475, 13, 475, 15, 0, -2, -1.5707963267948966, 2.0
294, 94, 1051, 595, 1052, 600, -1, -5, -1.7681918866447774, 5.0990195135927845
294, 95, 651, 375, 651, 372, 0, 3, 1.5707963267948966, 3.0
294, 96, 1242, 24, 1243, 27, -1, -3, -1.892546881191539, 3.1622776601683795
294, 97, 641, 54, 641, 53, 0, 1, 1.5707963267948966, 1.0
294, 98, 772, 570, 776, 574, -4, -4, -2.356194490192345, 5.656854249492381
294, 99, 510, 178, 509, 182, 1, -4, -1.3258176636680326, 4.123105625617661
294, 100, 117, 127, 119, 126, -2, 1, 2.677945044588987, 2.23606797749979
294, 101, 845, 79, 844, 81, 1, -2, -1.1071487177940904, 2.23606797749979
294, 102, 966, 56, 968, 58, -2, -2, -2.356194490192345, 2.8284271247461903
294, 103, 925, 93, 925, 93, 0, 0, 0.0, 0.0
294, 104, 285, 315, 286, 315, -1, 0, 3.141592653589793, 1.0
294, 105, 1143, 101, 1146, 103, -3, -2, -2.5535900500422257, 3.605551275463989
294, 106, 240, 307, 240, 308, 0, -1, -1.5707963267948966, 1.0
294, 107, 932, 90, 932, 90, 0, 0, 0.0, 0.0
294, 108, 262, 338, 262, 339, 0, -1, -1.5707963267948966, 1.0
294, 109, 856, 132, 856, 137, 0, -5, -1.5707963267948966, 5.0
294, 110, 631, 376, 632, 373, -1, 3, 1.892546881191539, 3.1622776601683795
294, 111, 845, 611, 845, 607, 0, 4, 1.5707963267948966, 4.0
294, 112, 813, 22, 814, 22, -1, 0, 3.141592653589793, 1.0
294, 113, 1237, 409, 1237, 406, 0, 3, 1.5707963267948966, 3.0
294, 114, 523, 464, 522, 470, 1, -6, -1.4056476493802699, 6.082762530298219
294, 115, 634, 158, 634, 154, 0, 4, 1.5707963267948966, 4.0
294, 116, 793, 518, 797, 520, -4, -2, -2.677945044588987, 4.47213595499958
294, 117, 132, 200, 134, 198, -2, 2, 2.356194490192345, 2.8284271247461903
294, 118, 121, 189, 123, 187, -2, 2, 2.356194490192345, 2.8284271247461903
294, 119, 682, 697, 682, 693, 0, 4, 1.5707963267948966, 4.0
294, 120, 1251, 357, 1250, 353, 1, 4, 1.3258176636680326, 4.123105625617661
294, 121, 1204, 378, 1203, 375, 1, 3, 1.2490457723982544, 3.1622776601683795
294, 122, 145, 210, 146, 209, -1, 1, 2.356194490192345, 1.4142135623730951
294, 123, 52, 148, 52, 149, 0, -1, -1.5707963267948966, 1.0
294, 124, 746, 38, 746, 39, 0, -1, -1.5707963267948966, 1.0
294, 125, 696, 125, 696, 127, 0, -2, -1.5707963267948966, 2.0
294, 126, 486, 144, 486, 146, 0, -2, -1.5707963267948966, 2.0
294, 127, 981, 693, 982, 697, -1, -4, -1.8157749899217608, 4.123105625617661
294, 128, 1213, 40, 1215, 42, -2, -2, -2.356194490192345, 2.8284271247461903
294, 129, 724, 36, 725, 39, -1, -3, -1.892546881191539, 3.1622776601683795
294, 130, 701, 661, 701, 657, 0, 4, 1.5707963267948966, 4.0
294, 131, 864, 80, 864, 82, 0, -2, -1.5707963267948966, 2.0
294, 132, 1016, 658, 1016, 660, 0, -2, -1.5707963267948966, 2.0
294, 133, 266, 379, 266, 380, 0, -1, -1.5707963267948966, 1.0
294, 134, 645, 333, 646, 329, -1, 4, 1.8157749899217608, 4.123105625617661
294, 135, 53, 157, 53, 158, 0, -1, -1.5707963267948966, 1.0
294, 136, 1028, 620, 1029, 623, -1, -3, -1.892546881191539, 3.1622776601683795
294, 137, 123, 206, 125, 204, -2, 2, 2.356194490192345, 2.8284271247461903
294, 138, 699, 162, 699, 164, 0, -2, -1.5707963267948966, 2.0
294, 139, 295, 381, 295, 381, 0, 0, 0.0, 0.0
294, 140, 635, 76, 636, 75, -1, 1, 2.356194490192345, 1.4142135623730951
294, 141, 1014, 621, 1014, 626, 0, -5, -1.5707963267948966, 5.0
294, 142, 1174, 58, 1178, 59, -4, -1, -2.896613990462929, 4.123105625617661
294, 143, 649, 430, 649, 429, 0, 1, 1.5707963267948966, 1.0
294, 144, 33, 118, 33, 118, 0, 0, 0.0, 0.0
294, 145, 1184, 73, 1187, 75, -3, -2, -2.5535900500422257, 3.605551275463989
294, 146, 1186, 52, 1189, 53, -3, -1, -2.819842099193151, 3.1622776601683795
294, 147, 1199, 76, 1201, 77, -2, -1, -2.677945044588987, 2.23606797749979
294, 148, 532, 423, 532, 424, 0, -1, -1.5707963267948966, 1.0
294, 149, 306, 360, 307, 360, -1, 0, 3.141592653589793, 1.0
294, 150, 532, 406, 532, 408, 0, -2, -1.5707963267948966, 2.0
294, 151, 1133, 127, 1137, 129, -4, -2, -2.677945044588987, 4.47213595499958
294, 152, 760, 45, 760, 46, 0, -1, -1.5707963267948966, 1.0
294, 153, 1011, 614, 1010, 618, 1, -4, -1.3258176636680326, 4.123105625617661
294, 154, 703, 89, 703, 93, 0, -4, -1.5707963267948966, 4.0
294, 155, 1200, 394, 1199, 390, 1, 4, 1.3258176636680326, 4.123105625617661
294, 156, 268, 322, 269, 322, -1, 0, 3.141592653589793, 1.0
294, 157, 953, 23, 954, 26, -1, -3, -1.892546881191539, 3.1622776601683795
294, 158, 940, 30, 940, 30, 0, 0, 0.0, 0.0
294, 159, 1261, 271, 1270, 271, -9, 0, 3.141592653589793, 9.0
294, 160, 319, 388, 319, 388, 0, 0, 0.0, 0.0
294, 161, 301, 392, 301, 392, 0, 0, 0.0, 0.0
294, 162, 715, 650, 716, 646, -1, 4, 1.8157749899217608, 4.123105625617661
294, 163, 810, 553, 814, 556, -4, -3, -2.498091544796509, 5.0
294, 164, 510, 143, 510, 146, 0, -3, -1.5707963267948966, 3.0
294, 165, 39, 500, 39, 497, 0, 3, 1.5707963267948966, 3.0
294, 166, 317, 405, 317, 405, 0, 0, 0.0, 0.0
294, 167, 553, 47, 550, 47, 3, 0, 0.0, 3.0
294, 168, 269, 343, 269, 344, 0, -1, -1.5707963267948966, 1.0
294, 169, 136, 209, 138, 207, -2, 2, 2.356194490192345, 2.8284271247461903
294, 170, 156, 161, 157, 160, -1, 1, 2.356194490192345, 1.4142135623730951
294, 171, 647, 150, 647, 150, 0, 0, 0.0, 0.0
294, 172, 232, 306, 232, 307, 0, -1, -1.5707963267948966, 1.0
294, 173, 763, 13, 764, 13, -1, 0, 3.141592653589793, 1.0
294, 174, 314, 394, 314, 395, 0, -1, -1.5707963267948966, 1.0
294, 175, 963, 32, 964, 34, -1, -2, -2.0344439357957027, 2.23606797749979
294, 176, 1148, 128, 1149, 130, -1, -2, -2.0344439357957027, 2.23606797749979
294, 177, 252, 355, 252, 355, 0, 0, 0.0, 0.0
294, 178, 1019, 577, 1018, 581, 1, -4, -1.3258176636680326, 4.123105625617661
294, 179, 883, 612, 883, 606, 0, 6, 1.5707963267948966, 6.0
294, 180, 869, 93, 869, 95, 0, -2, -1.5707963267948966, 2.0
294, 181, 825, 43, 825, 44, 0, -1, -1.5707963267948966, 1.0
294, 182, 509, 370, 510, 375, -1, -5, -1.7681918866447774, 5.0990195135927845
294, 183, 850, 674, 850, 667, 0, 7, 1.5707963267948966, 7.0
294, 184, 678, 142, 679, 141, -1, 1, 2.356194490192345, 1.4142135623730951
294, 185, 708, 83, 709, 86, -1, -3, -1.892546881191539, 3.1622776601683795
294, 186, 289, 369, 289, 369, 0, 0, 0.0, 0.0
294, 187, 266, 392, 266, 393, 0, -1, -1.5707963267948966, 1.0
294, 188, 296, 409, 296, 409, 0, 0, 0.0, 0.0
294, 189, 1261, 250, 1263, 250, -2, 0, 3.141592653589793, 2.0
295, 0, 780, 578, 784, 581, -4, -3, -2.498091544796509, 5.0
295, 1, 838, 104, 838, 106, 0, -2, -1.5707963267948966, 2.0
295, 2, 572, 71, 571, 71, 1, 0, 0.0, 1.0
295, 3, 988, 689, 989, 692, -1, -3, -1.892546881191539, 3.1622776601683795
295, 4, 150, 181, 150, 180, 0, 1, 1.5707963267948966, 1.0
295, 5, 271, 335, 272, 335, -1, 0, 3.141592653589793, 1.0
295, 6, 334, 344, 334, 344, 0, 0, 0.0, 0.0
295, 7, 860, 73, 859, 74, 1, -1, -0.7853981633974483, 1.4142135623730951
295, 8, 246, 330, 246, 330, 0, 0, 0.0, 0.0
295, 9, 800, 575, 805, 579, -5, -4, -2.4668517113662407, 6.4031242374328485
295, 10, 259, 377, 259, 378, 0, -1, -1.5707963267948966, 1.0
295, 11, 1058, 574, 1057, 578, 1, -4, -1.3258176636680326, 4.123105625617661
295, 12, 557, 60, 555, 60, 2, 0, 0.0, 2.0
295, 13, 842, 88, 841, 91, 1, -3, -1.2490457723982544, 3.1622776601683795
295, 14, 851, 71, 850, 73, 1, -2, -1.1071487177940904, 2.23606797749979
295, 15, 300, 324, 301, 324, -1, 0, 3.141592653589793, 1.0
295, 16, 858, 62, 857, 64, 1, -2, -1.1071487177940904, 2.23606797749979
295, 17, 493, 136, 493, 137, 0, -1, -1.5707963267948966, 1.0
295, 18, 546, 75, 545, 76, 1, -1, -0.7853981633974483, 1.4142135623730951
295, 19, 680, 77, 680, 76, 0, 1, 1.5707963267948966, 1.0
295, 20, 496, 411, 497, 416, -1, -5, -1.7681918866447774, 5.0990195135927845
295, 21, 254, 328, 254, 328, 0, 0, 0.0, 0.0
295, 22, 22, 250, 22, 249, 0, 1, 1.5707963267948966, 1.0
295, 23, 1156, 57, 1161, 58, -5, -1, -2.9441970937399127, 5.0990195135927845
295, 24, 705, 99, 705, 102, 0, -3, -1.5707963267948966, 3.0
295, 25, 560, 14, 558, 15, 2, -1, -0.4636476090008061, 2.23606797749979
295, 26, 479, 189, 479, 191, 0, -2, -1.5707963267948966, 2.0
295, 27, 750, 594, 751, 597, -1, -3, -1.892546881191539, 3.1622776601683795
295, 28, 752, 586, 754, 590, -2, -4, -2.0344439357957027, 4.47213595499958
295, 29, 1053, 543, 1052, 547, 1, -4, -1.3258176636680326, 4.123105625617661
295, 30, 779, 566, 782, 570, -3, -4, -2.214297435588181, 5.0
295, 31, 253, 338, 253, 338, 0, 0, 0.0, 0.0
295, 32, 504, 135, 504, 137, 0, -2, -1.5707963267948966, 2.0
295, 33, 623, 389, 624, 388, -1, 1, 2.356194490192345, 1.4142135623730951
295, 34, 1042, 539, 1040, 543, 2, -4, -1.1071487177940904, 4.47213595499958
295, 35, 862, 581, 861, 578, 1, 3, 1.2490457723982544, 3.1622776601683795
295, 36, 1013, 692, 1013, 698, 0, -6, -1.5707963267948966, 6.0
295, 37, 500, 126, 500, 128, 0, -2, -1.5707963267948966, 2.0
295, 38, 512, 348, 512, 354, 0, -6, -1.5707963267948966, 6.0
295, 39, 247, 403, 247, 403, 0, 0, 0.0, 0.0
295, 40, 128, 136, 130, 134, -2, 2, 2.356194490192345, 2.8284271247461903
295, 41, 1248, 401, 1248, 397, 0, 4, 1.5707963267948966, 4.0
295, 42, 32, 84, 32, 85, 0, -1, -1.5707963267948966, 1.0
295, 43, 845, 626, 845, 622, 0, 4, 1.5707963267948966, 4.0
295, 44, 806, 570, 810, 574, -4, -4, -2.356194490192345, 5.656854249492381
295, 45, 767, 34, 767, 35, 0, -1, -1.5707963267948966, 1.0
295, 46, 713, 98, 713, 101, 0, -3, -1.5707963267948966, 3.0
295, 47, 1203, 33, 1206, 34, -3, -1, -2.819842099193151, 3.1622776601683795
295, 48, 803, 634, 805, 638, -2, -4, -2.0344439357957027, 4.47213595499958
295, 49, 257, 385, 257, 386, 0, -1, -1.5707963267948966, 1.0
295, 50, 640, 71, 640, 70, 0, 1, 1.5707963267948966, 1.0
295, 51, 286, 376, 286, 376, 0, 0, 0.0, 0.0
295, 52, 42, 137, 42, 137, 0, 0, 0.0, 0.0
295, 53, 330, 359, 331, 359, -1, 0, 3.141592653589793, 1.0
295, 54, 1261, 238, 1261, 237, 0, 1, 1.5707963267948966, 1.0
295, 55, 254, 346, 254, 346, 0, 0, 0.0, 0.0
295, 56, 16, 269, 16, 267, 0, 2, 1.5707963267948966, 2.0
295, 57, 16, 258, 16, 256, 0, 2, 1.5707963267948966, 2.0
295, 58, 660, 391, 660, 388, 0, 3, 1.5707963267948966, 3.0
295, 59, 770, 589, 773, 592, -3, -3, -2.356194490192345, 4.242640687119285
295, 60, 1162, 99, 1166, 100, -4, -1, -2.896613990462929, 4.123105625617661
295, 61, 493, 203, 491, 205, 2, -2, -0.7853981633974483, 2.8284271247461903
295, 62, 845, 147, 845, 149, 0, -2, -1.5707963267948966, 2.0
295, 63, 774, 506, 778, 510, -4, -4, -2.356194490192345, 5.656854249492381
295, 64, 940, 17, 940, 17, 0, 0, 0.0, 0.0
295, 65, 561, 23, 558, 24, 3, -1, -0.3217505543966422, 3.1622776601683795
295, 66, 1259, 196, 1261, 196, -2, 0, 3.141592653589793, 2.0
295, 67, 227, 316, 227, 317, 0, -1, -1.5707963267948966, 1.0
295, 68, 879, 588, 880, 585, -1, 3, 1.892546881191539, 3.1622776601683795
295, 69, 623, 108, 624, 107, -1, 1, 2.356194490192345, 1.4142135623730951
295, 70, 154, 176, 155, 175, -1, 1, 2.356194490192345, 1.4142135623730951
295, 71, 1244, 30, 1246, 32, -2, -2, -2.356194490192345, 2.8284271247461903
295, 72, 502, 372, 502, 377, 0, -5, -1.5707963267948966, 5.0
295, 73, 514, 156, 514, 160, 0, -4, -1.5707963267948966, 4.0
295, 74, 62, 157, 62, 158, 0, -1, -1.5707963267948966, 1.0
295, 75, 481, 176, 481, 178, 0, -2, -1.5707963267948966, 2.0
295, 76, 329, 370, 330, 370, -1, 0, 3.141592653589793, 1.0
295, 77, 256, 361, 256, 361, 0, 0, 0.0, 0.0
295, 78, 884, 642, 884, 640, 0, 2, 1.5707963267948966, 2.0
295, 79, 331, 405, 331, 405, 0, 0, 0.0, 0.0
295, 80, 937, 100, 937, 100, 0, 0, 0.0, 0.0
295, 81, 637, 335, 638, 331, -1, 4, 1.8157749899217608, 4.123105625617661
295, 82, 122, 163, 123, 162, -1, 1, 2.356194490192345, 1.4142135623730951
295, 83, 29, 109, 29, 109, 0, 0, 0.0, 0.0
295, 84, 1152, 48, 1157, 49, -5, -1, -2.9441970937399127, 5.0990195135927845
295, 85, 707, 157, 707, 158, 0, -1, -1.5707963267948966, 1.0
295, 86, 240, 321, 240, 321, 0, 0, 0.0, 0.0
295, 87, 217, 12, 217, 12, 0, 0, 0.0, 0.0
295, 88, 815, 14, 816, 14, -1, 0, 3.141592653589793, 1.0
295, 89, 771, 41, 771, 42, 0, -1, -1.5707963267948966, 1.0
295, 90, 1146, 56, 1151, 57, -5, -1, -2.9441970937399127, 5.0990195135927845
295, 91, 475, 12, 475, 13, 0, -1, -1.5707963267948966, 1.0
295, 92, 1051, 590, 1051, 595, 0, -5, -1.5707963267948966, 5.0
295, 93, 651, 378, 651, 375, 0, 3, 1.5707963267948966, 3.0
295, 94, 1240, 21, 1242, 24, -2, -3, -2.158798930342464, 3.605551275463989
295, 95, 641, 54, 641, 54, 0, 0, 0.0, 0.0
295, 96, 768, 565, 772, 570, -4, -5, -2.2455372690184494, 6.4031242374328485
295, 97, 511, 176, 510, 178, 1, -2, -1.1071487177940904, 2.23606797749979
295, 98, 116, 129, 117, 127, -1, 2, 2.0344439357957027, 2.23606797749979
295, 99, 845, 77, 845, 79, 0, -2, -1.5707963267948966, 2.0
295, 100, 964, 55, 966, 56, -2, -1, -2.677945044588987, 2.23606797749979
295, 101, 925, 93, 925, 93, 0, 0, 0.0, 0.0
295, 102, 284, 315, 285, 315, -1, 0, 3.141592653589793, 1.0
295, 103, 1140, 99, 1143, 101, -3, -2, -2.5535900500422257, 3.605551275463989
295, 104, 240, 306, 240, 307, 0, -1, -1.5707963267948966, 1.0
295, 105, 932, 90, 932, 90, 0, 0, 0.0, 0.0
295, 106, 262, 338, 262, 338, 0, 0, 0.0, 0.0
295, 107, 856, 130, 856, 132, 0, -2, -1.5707963267948966, 2.0
295, 108, 630, 379, 631, 376, -1, 3, 1.892546881191539, 3.1622776601683795
295, 109, 845, 615, 845, 611, 0, 4, 1.5707963267948966, 4.0
295, 110, 812, 22, 813, 22, -1, 0, 3.141592653589793, 1.0
295, 111, 1237, 412, 1237, 409, 0, 3, 1.5707963267948966, 3.0
295, 112, 524, 456, 523, 464, 1, -8, -1.446441332248135, 8.06225774829855
295, 113, 633, 162, 634, 158, -1, 4, 1.8157749899217608, 4.123105625617661
295, 114, 789, 515, 793, 518, -4, -3, -2.498091544796509, 5.0
295, 115, 130, 203, 132, 200, -2, 3, 2.158798930342464, 3.605551275463989
295, 116, 120, 191, 121, 189, -1, 2, 2.0344439357957027, 2.23606797749979
295, 117, 682, 701, 682, 697, 0, 4, 1.5707963267948966, 4.0
295, 118, 1252, 361, 1251, 357, 1, 4, 1.3258176636680326, 4.123105625617661
295, 119, 1205, 381, 1204, 378, 1, 3, 1.2490457723982544, 3.1622776601683795
295, 120, 145, 211, 145, 210, 0, 1, 1.5707963267948966, 1.0
295, 121, 52, 147, 52, 148, 0, -1, -1.5707963267948966, 1.0
295, 122, 746, 37, 746, 38, 0, -1, -1.5707963267948966, 1.0
295, 123, 696, 123, 696, 125, 0, -2, -1.5707963267948966, 2.0
295, 124, 486, 143, 486, 144, 0, -1, -1.5707963267948966, 1.0
295, 125, 979, 690, 981, 693, -2, -3, -2.158798930342464, 3.605551275463989
295, 126, 1210, 39, 1213, 40, -3, -1, -2.819842099193151, 3.1622776601683795
295, 127, 723, 33, 724, 36, -1, -3, -1.892546881191539, 3.1622776601683795
295, 128, 701, 665, 701, 661, 0, 4, 1.5707963267948966, 4.0
295, 129, 865, 78, 864, 80, 1, -2, -1.1071487177940904, 2.23606797749979
295, 130, 1015, 656, 1016, 658, -1, -2, -2.0344439357957027, 2.23606797749979
295, 131, 266, 378, 266, 379, 0, -1, -1.5707963267948966, 1.0
295, 132, 644, 337, 645, 333, -1, 4, 1.8157749899217608, 4.123105625617661
295, 133, 53, 156, 53, 157, 0, -1, -1.5707963267948966, 1.0
295, 134, 1027, 618, 1028, 620, -1, -2, -2.0344439357957027, 2.23606797749979
295, 135, 121, 208, 123, 206, -2, 2, 2.356194490192345, 2.8284271247461903
295, 136, 699, 161, 699, 162, 0, -1, -1.5707963267948966, 1.0
295, 137, 295, 381, 295, 381, 0, 0, 0.0, 0.0
295, 138, 635, 77, 635, 76, 0, 1, 1.5707963267948966, 1.0
295, 139, 1014, 618, 1014, 621, 0, -3, -1.5707963267948966, 3.0
295, 140, 1170, 57, 1174, 58, -4, -1, -2.896613990462929, 4.123105625617661
295, 141, 649, 430, 649, 430, 0, 0, 0.0, 0.0
295, 142, 33, 118, 33, 118, 0, 0, 0.0, 0.0
295, 143, 1181, 72, 1184, 73, -3, -1, -2.819842099193151, 3.1622776601683795
295, 144, 1182, 52, 1186, 52, -4, 0, 3.141592653589793, 4.0
295, 145, 1197, 75, 1199, 76, -2, -1, -2.677945044588987, 2.23606797749979
295, 146, 532, 422, 532, 423, 0, -1, -1.5707963267948966, 1.0
295, 147, 305, 360, 306, 360, -1, 0, 3.141592653589793, 1.0
295, 148, 532, 402, 532, 406, 0, -4, -1.5707963267948966, 4.0
295, 149, 1128, 125, 1133, 127, -5, -2, -2.761086276477428, 5.385164807134504
295, 150, 760, 44, 760, 45, 0, -1, -1.5707963267948966, 1.0
295, 151, 1012, 611, 1011, 614, 1, -3, -1.2490457723982544, 3.1622776601683795
295, 152, 702, 86, 703, 89, -1, -3, -1.892546881191539, 3.1622776601683795
295, 153, 1200, 398, 1200, 394, 0, 4, 1.5707963267948966, 4.0
295, 154, 267, 322, 268, 322, -1, 0, 3.141592653589793, 1.0
295, 155, 952, 20, 953, 23, -1, -3, -1.892546881191539, 3.1622776601683795
295, 156, 940, 30, 940, 30, 0, 0, 0.0, 0.0
295, 157, 1260, 271, 1261, 271, -1, 0, 3.141592653589793, 1.0
295, 158, 318, 388, 319, 388, -1, 0, 3.141592653589793, 1.0
295, 159, 301, 392, 301, 392, 0, 0, 0.0, 0.0
295, 160, 714, 654, 715, 650, -1, 4, 1.8157749899217608, 4.123105625617661
295, 161, 806, 550, 810, 553, -4, -3, -2.498091544796509, 5.0
295, 162, 510, 141, 510, 143, 0, -2, -1.5707963267948966, 2.0
295, 163, 39, 500, 39, 500, 0, 0, 0.0, 0.0
295, 164, 317, 405, 317, 405, 0, 0, 0.0, 0.0
295, 165, 557, 46, 553, 47, 4, -1, -0.24497866312686414, 4.123105625617661
295, 166, 269, 342, 269, 343, 0, -1, -1.5707963267948966, 1.0
295, 167, 135, 212, 136, 209, -1, 3, 1.892546881191539, 3.1622776601683795
295, 168, 155, 162, 156, 161, -1, 1, 2.356194490192345, 1.4142135623730951
295, 169, 647, 150, 647, 150, 0, 0, 0.0, 0.0
295, 170, 232, 305, 232, 306, 0, -1, -1.5707963267948966, 1.0
295, 171, 314, 394, 314, 394, 0, 0, 0.0, 0.0
295, 172, 962, 30, 963, 32, -1, -2, -2.0344439357957027, 2.23606797749979
295, 173, 252, 355, 252, 355, 0, 0, 0.0, 0.0
295, 174, 1020, 573, 1019, 577, 1, -4, -1.3258176636680326, 4.123105625617661
295, 175, 883, 619, 883, 612, 0, 7, 1.5707963267948966, 7.0
295, 176, 869, 91, 869, 93, 0, -2, -1.5707963267948966, 2.0
295, 177, 825, 43, 825, 43, 0, 0, 0.0, 0.0
295, 178, 509, 365, 509, 370, 0, -5, -1.5707963267948966, 5.0
295, 179, 851, 680, 850, 674, 1, 6, 1.4056476493802699, 6.082762530298219
295, 180, 678, 142, 678, 142, 0, 0, 0.0, 0.0
295, 181, 707, 80, 708, 83, -1, -3, -1.892546881191539, 3.1622776601683795
295, 182, 289, 369, 289, 369, 0, 0, 0.0, 0.0
295, 183, 266, 391, 266, 392, 0, -1, -1.5707963267948966, 1.0
295, 184, 296, 409, 296, 409, 0, 0, 0.0, 0.0
295, 185, 1261, 250, 1261, 250, 0, 0, 0.0, 0.0
296, 0, 841, 105, 840, 107, 1, -2, -1.1071487177940904, 2.23606797749979
296, 1, 843, 90, 842, 92, 1, -2, -1.1071487177940904, 2.23606797749979
296, 2, 514, 154, 514, 158, 0, -4, -1.5707963267948966, 4.0
296, 3, 1051, 592, 1050, 597, 1, -5, -1.373400766945016, 5.0990195135927845
296, 4, 150, 182, 151, 181, -1, 1, 2.356194490192345, 1.4142135623730951
296, 5, 333, 344, 334, 344, -1, 0, 3.141592653589793, 1.0
296, 6, 301, 324, 302, 324, -1, 0, 3.141592653589793, 1.0
296, 7, 990, 685, 991, 688, -1, -3, -1.892546881191539, 3.1622776601683795
296, 8, 1042, 537, 1040, 541, 2, -4, -1.1071487177940904, 4.47213595499958
296, 9, 246, 330, 247, 330, -1, 0, 3.141592653589793, 1.0
296, 10, 680, 78, 680, 77, 0, 1, 1.5707963267948966, 1.0
296, 11, 778, 575, 782, 578, -4, -3, -2.498091544796509, 5.0
296, 12, 861, 72, 860, 75, 1, -3, -1.2490457723982544, 3.1622776601683795
296, 13, 558, 61, 556, 60, 2, 1, 0.4636476090008061, 2.23606797749979
296, 14, 706, 100, 706, 103, 0, -3, -1.5707963267948966, 3.0
296, 15, 560, 14, 558, 15, 2, -1, -0.4636476090008061, 2.23606797749979
296, 16, 505, 136, 505, 138, 0, -2, -1.5707963267948966, 2.0
296, 17, 852, 71, 851, 74, 1, -3, -1.2490457723982544, 3.1622776601683795
296, 18, 1059, 574, 1058, 578, 1, -4, -1.3258176636680326, 4.123105625617661
296, 19, 859, 63, 858, 65, 1, -2, -1.1071487177940904, 2.23606797749979
296, 20, 500, 127, 500, 129, 0, -2, -1.5707963267948966, 2.0
296, 21, 498, 410, 499, 414, -1, -4, -1.8157749899217608, 4.123105625617661
296, 22, 494, 135, 494, 137, 0, -2, -1.5707963267948966, 2.0
296, 23, 861, 586, 860, 583, 1, 3, 1.2490457723982544, 3.1622776601683795
296, 24, 479, 191, 479, 193, 0, -2, -1.5707963267948966, 2.0
296, 25, 253, 338, 253, 338, 0, 0, 0.0, 0.0
296, 26, 1014, 691, 1014, 697, 0, -6, -1.5707963267948966, 6.0
296, 27, 568, 76, 568, 76, 0, 0, 0.0, 0.0
296, 28, 547, 74, 545, 75, 2, -1, -0.4636476090008061, 2.23606797749979
296, 29, 23, 251, 23, 250, 0, 1, 1.5707963267948966, 1.0
296, 30, 484, 196, 484, 198, 0, -2, -1.5707963267948966, 2.0
296, 31, 623, 390, 624, 389, -1, 1, 2.356194490192345, 1.4142135623730951
296, 32, 777, 565, 780, 569, -3, -4, -2.214297435588181, 5.0
296, 33, 756, 586, 756, 590, 0, -4, -1.5707963267948966, 4.0
296, 34, 1054, 542, 1053, 546, 1, -4, -1.3258176636680326, 4.123105625617661
296, 35, 1156, 58, 1160, 59, -4, -1, -2.896613990462929, 4.123105625617661
296, 36, 1141, 100, 1144, 102, -3, -2, -2.5535900500422257, 3.605551275463989
296, 37, 1016, 652, 1016, 653, 0, -1, -1.5707963267948966, 1.0
296, 38, 767, 35, 767, 36, 0, -1, -1.5707963267948966, 1.0
296, 39, 499, 225, 499, 226, 0, -1, -1.5707963267948966, 1.0
296, 40, 844, 631, 845, 627, -1, 4, 1.8157749899217608, 4.123105625617661
296, 41, 1261, 239, 1273, 239, -12, 0, 3.141592653589793, 12.0
296, 42, 1249, 401, 1249, 397, 0, 4, 1.5707963267948966, 4.0
296, 43, 129, 137, 131, 135, -2, 2, 2.356194490192345, 2.8284271247461903
296, 44, 660, 396, 661, 392, -1, 4, 1.8157749899217608, 4.123105625617661
296, 45, 804, 568, 809, 572, -5, -4, -2.4668517113662407, 6.4031242374328485
296, 46, 940, 17, 940, 17, 0, 0, 0.0, 0.0
296, 47, 1261, 248, 1265, 249, -4, -1, -2.896613990462929, 4.123105625617661
296, 48, 254, 345, 254, 346, 0, -1, -1.5707963267948966, 1.0
296, 49, 511, 177, 510, 180, 1, -3, -1.2490457723982544, 3.1622776601683795
296, 50, 639, 73, 640, 71, -1, 2, 2.0344439357957027, 2.23606797749979
296, 51, 513, 348, 513, 354, 0, -6, -1.5707963267948966, 6.0
296, 52, 535, 419, 535, 418, 0, 1, 1.5707963267948966, 1.0
296, 53, 772, 505, 776, 509, -4, -4, -2.356194490192345, 5.656854249492381
296, 54, 715, 98, 715, 100, 0, -2, -1.5707963267948966, 2.0
296, 55, 1163, 100, 1167, 101, -4, -1, -2.896613990462929, 4.123105625617661
296, 56, 1182, 73, 1185, 75, -3, -2, -2.5535900500422257, 3.605551275463989
296, 57, 285, 376, 286, 376, -1, 0, 3.141592653589793, 1.0
296, 58, 845, 147, 845, 149, 0, -2, -1.5707963267948966, 2.0
296, 59, 1205, 34, 1207, 35, -2, -1, -2.677945044588987, 2.23606797749979
296, 60, 1152, 50, 1157, 51, -5, -1, -2.9441970937399127, 5.0990195135927845
296, 61, 494, 204, 494, 207, 0, -3, -1.5707963267948966, 3.0
296, 62, 800, 574, 804, 578, -4, -4, -2.356194490192345, 5.656854249492381
296, 63, 222, 11, 223, 11, -1, 0, 3.141592653589793, 1.0
296, 64, 561, 24, 558, 25, 3, -1, -0.3217505543966422, 3.1622776601683795
296, 65, 1245, 31, 1247, 33, -2, -2, -2.356194490192345, 2.8284271247461903
296, 66, 155, 177, 156, 176, -1, 1, 2.356194490192345, 1.4142135623730951
296, 67, 502, 373, 502, 378, 0, -5, -1.5707963267948966, 5.0
296, 68, 122, 164, 124, 162, -2, 2, 2.356194490192345, 2.8284271247461903
296, 69, 880, 593, 881, 590, -1, 3, 1.892546881191539, 3.1622776601683795
296, 70, 937, 100, 937, 100, 0, 0, 0.0, 0.0
296, 71, 255, 361, 256, 361, -1, 0, 3.141592653589793, 1.0
296, 72, 637, 336, 638, 332, -1, 4, 1.8157749899217608, 4.123105625617661
296, 73, 120, 190, 122, 188, -2, 2, 2.356194490192345, 2.8284271247461903
296, 74, 980, 687, 982, 690, -2, -3, -2.158798930342464, 3.605551275463989
296, 75, 707, 158, 707, 160, 0, -2, -1.5707963267948966, 2.0
296, 76, 16, 258, 17, 257, -1, 1, 2.356194490192345, 1.4142135623730951
296, 77, 1030, 619, 1031, 621, -1, -2, -2.0344439357957027, 2.23606797749979
296, 78, 1014, 610, 1013, 613, 1, -3, -1.2490457723982544, 3.1622776601683795
296, 79, 633, 446, 633, 441, 0, 5, 1.5707963267948966, 5.0
296, 80, 771, 42, 771, 43, 0, -1, -1.5707963267948966, 1.0
296, 81, 641, 57, 640, 56, 1, 1, 0.7853981633974483, 1.4142135623730951
296, 82, 15, 271, 16, 268, -1, 3, 1.892546881191539, 3.1622776601683795
296, 83, 1246, 23, 1247, 25, -1, -2, -2.0344439357957027, 2.23606797749979
296, 84, 649, 429, 649, 429, 0, 0, 0.0, 0.0
296, 85, 1222, 100, 1222, 100, 0, 0, 0.0, 0.0
296, 86, 146, 210, 147, 209, -1, 1, 2.356194490192345, 1.4142135623730951
296, 87, 1184, 54, 1187, 54, -3, 0, 3.141592653589793, 3.0
296, 88, 1240, 414, 1240, 411, 0, 3, 1.5707963267948966, 3.0
296, 89, 1211, 40, 1213, 41, -2, -1, -2.677945044588987, 2.23606797749979
296, 90, 635, 79, 636, 77, -1, 2, 2.0344439357957027, 2.23606797749979
296, 91, 1215, 470, 1212, 468, 3, 2, 0.5880026035475675, 3.605551275463989
296, 92, 925, 92, 925, 93, 0, -1, -1.5707963267948966, 1.0
296, 93, 116, 129, 118, 127, -2, 2, 2.356194490192345, 2.8284271247461903
296, 94, 846, 77, 845, 80, 1, -3, -1.2490457723982544, 3.1622776601683795
296, 95, 813, 22, 814, 22, -1, 0, 3.141592653589793, 1.0
296, 96, 932, 91, 932, 92, 0, -1, -1.5707963267948966, 1.0
296, 97, 284, 316, 285, 316, -1, 0, 3.141592653589793, 1.0
296, 98, 846, 620, 846, 616, 0, 4, 1.5707963267948966, 4.0
296, 99, 1146, 57, 1151, 58, -5, -1, -2.9441970937399127, 5.0990195135927845
296, 100, 644, 338, 645, 334, -1, 4, 1.8157749899217608, 4.123105625617661
296, 101, 652, 383, 652, 379, 0, 4, 1.5707963267948966, 4.0
296, 102, 723, 34, 724, 37, -1, -3, -1.892546881191539, 3.1622776601683795
296, 103, 631, 379, 632, 376, -1, 3, 1.892546881191539, 3.1622776601683795
296, 104, 1121, 117, 1126, 120, -5, -3, -2.601173153319209, 5.830951894845301
296, 105, 645, 68, 645, 66, 0, 2, 1.5707963267948966, 2.0
296, 106, 129, 216, 131, 213, -2, 3, 2.158798930342464, 3.605551275463989
296, 107, 848, 607, 848, 604, 0, 3, 1.5707963267948966, 3.0
296, 108, 682, 701, 682, 701, 0, 0, 0.0, 0.0
296, 109, 1206, 383, 1205, 379, 1, 4, 1.3258176636680326, 4.123105625617661
296, 110, 38, 502, 39, 502, -1, 0, 3.141592653589793, 1.0
296, 111, 679, 146, 680, 146, -1, 0, 3.141592653589793, 1.0
296, 112, 882, 649, 882, 646, 0, 3, 1.5707963267948966, 3.0
296, 113, 531, 401, 531, 404, 0, -3, -1.5707963267948966, 3.0
296, 114, 622, 108, 623, 107, -1, 1, 2.356194490192345, 1.4142135623730951
296, 115, 866, 77, 865, 80, 1, -3, -1.2490457723982544, 3.1622776601683795
296, 116, 1170, 57, 1174, 58, -4, -1, -2.896613990462929, 4.123105625617661
296, 117, 1252, 361, 1251, 357, 1, 4, 1.3258176636680326, 4.123105625617661
296, 118, 1178, 48, 1181, 49, -3, -1, -2.819842099193151, 3.1622776601683795
296, 119, 703, 85, 704, 88, -1, -3, -1.892546881191539, 3.1622776601683795
296, 120, 870, 90, 870, 93, 0, -3, -1.5707963267948966, 3.0
296, 121, 766, 563, 770, 568, -4, -5, -2.2455372690184494, 6.4031242374328485
296, 122, 121, 208, 123, 206, -2, 2, 2.356194490192345, 2.8284271247461903
296, 123, 511, 142, 511, 145, 0, -3, -1.5707963267948966, 3.0
296, 124, 652, 82, 652, 80, 0, 2, 1.5707963267948966, 2.0
296, 125, 522, 455, 522, 460, 0, -5, -1.5707963267948966, 5.0
296, 126, 128, 206, 130, 204, -2, 2, 2.356194490192345, 2.8284271247461903
296, 127, 952, 23, 953, 26, -1, -3, -1.892546881191539, 3.1622776601683795
296, 128, 482, 176, 482, 178, 0, -2, -1.5707963267948966, 2.0
296, 129, 789, 515, 792, 517, -3, -2, -2.5535900500422257, 3.605551275463989
296, 130, 1136, 125, 1138, 127, -2, -2, -2.356194490192345, 2.8284271247461903
296, 131, 634, 161, 634, 159, 0, 2, 1.5707963267948966, 2.0
296, 132, 1261, 98, 1277, 102, -16, -4, -2.896613990462929, 16.492422502470642
296, 133, 965, 42, 967, 44, -2, -2, -2.356194490192345, 2.8284271247461903
296, 134, 316, 405, 317, 405, -1, 0, 3.141592653589793, 1.0
296, 135, 663, 43, 663, 44, 0, -1, -1.5707963267948966, 1.0
296, 136, 486, 143, 486, 145, 0, -2, -1.5707963267948966, 2.0
296, 137, 939, 30, 939, 30, 0, 0, 0.0, 0.0
296, 138, 1261, 272, 1270, 272, -9, 0, 3.141592653589793, 9.0
297, 0, 842, 103, 841, 105, 1, -2, -1.1071487177940904, 2.23606797749979
297, 1, 844, 88, 843, 90, 1, -2, -1.1071487177940904, 2.23606797749979
297, 2, 514, 151, 514, 154, 0, -3, -1.5707963267948966, 3.0
297, 3, 1051, 590, 1051, 592, 0, -2, -1.5707963267948966, 2.0
297, 4, 150, 183, 150, 182, 0, 1, 1.5707963267948966, 1.0
297, 5, 332, 344, 333, 344, -1, 0, 3.141592653589793, 1.0
297, 6, 300, 324, 301, 324, -1, 0, 3.141592653589793, 1.0
297, 7, 989, 682, 990, 685, -1, -3, -1.892546881191539, 3.1622776601683795
297, 8, 1043, 533, 1042, 537, 1, -4, -1.3258176636680326, 4.123105625617661
297, 9, 246, 330, 246, 330, 0, 0, 0.0, 0.0
297, 10, 680, 80, 680, 78, 0, 2, 1.5707963267948966, 2.0
297, 11, 774, 572, 778, 575, -4, -3, -2.498091544796509, 5.0
297, 12, 861, 69, 861, 72, 0, -3, -1.5707963267948966, 3.0
297, 13, 560, 63, 558, 61, 2, 2, 0.7853981633974483, 2.8284271247461903
297, 14, 706, 98, 706, 100, 0, -2, -1.5707963267948966, 2.0
297, 15, 562, 13, 560, 14, 2, -1, -0.4636476090008061, 2.23606797749979
297, 16, 505, 134, 505, 136, 0, -2, -1.5707963267948966, 2.0
297, 17, 853, 68, 852, 71, 1, -3, -1.2490457723982544, 3.1622776601683795
297, 18, 1059, 570, 1059, 574, 0, -4, -1.5707963267948966, 4.0
297, 19, 859, 60, 859, 63, 0, -3, -1.5707963267948966, 3.0
297, 20, 500, 125, 500, 127, 0, -2, -1.5707963267948966, 2.0
297, 21, 498, 406, 498, 410, 0, -4, -1.5707963267948966, 4.0
297, 22, 494, 133, 494, 135, 0, -2, -1.5707963267948966, 2.0
297, 23, 861, 589, 861, 586, 0, 3, 1.5707963267948966, 3.0
297, 24, 479, 190, 479, 191, 0, -1, -1.5707963267948966, 1.0
297, 25, 253, 338, 253, 338, 0, 0, 0.0, 0.0
297, 26, 1013, 684, 1014, 691, -1, -7, -1.7126933813990606, 7.0710678118654755
297, 27, 568, 75, 568, 76, 0, -1, -1.5707963267948966, 1.0
297, 28, 550, 74, 547, 74, 3, 0, 0.0, 3.0
297, 29, 23, 252, 23, 251, 0, 1, 1.5707963267948966, 1.0
297, 30, 485, 195, 484, 196, 1, -1, -0.7853981633974483, 1.4142135623730951
297, 31, 622, 392, 623, 390, -1, 2, 2.0344439357957027, 2.23606797749979
297, 32, 773, 561, 777, 565, -4, -4, -2.356194490192345, 5.656854249492381
297, 33, 756, 584, 756, 586, 0, -2, -1.5707963267948966, 2.0
297, 34, 1054, 537, 1054, 542, 0, -5, -1.5707963267948966, 5.0
297, 35, 1151, 57, 1156, 58, -5, -1, -2.9441970937399127, 5.0990195135927845
297, 36, 1138, 100, 1141, 100, -3, 0, 3.141592653589793, 3.0
297, 37, 1016, 648, 1016, 652, 0, -4, -1.5707963267948966, 4.0
297, 38, 766, 35, 767, 35, -1, 0, 3.141592653589793, 1.0
297, 39, 499, 224, 499, 225, 0, -1, -1.5707963267948966, 1.0
297, 40, 843, 635, 844, 631, -1, 4, 1.8157749899217608, 4.123105625617661
297, 41, 1261, 240, 1261, 239, 0, 1, 1.5707963267948966, 1.0
297, 42, 1249, 405, 1249, 401, 0, 4, 1.5707963267948966, 4.0
297, 43, 127, 139, 129, 137, -2, 2, 2.356194490192345, 2.8284271247461903
297, 44, 660, 400, 660, 396, 0, 4, 1.5707963267948966, 4.0
297, 45, 799, 564, 804, 568, -5, -4, -2.4668517113662407, 6.4031242374328485
297, 46, 1261, 249, 1261, 248, 0, 1, 1.5707963267948966, 1.0
297, 47, 254, 345, 254, 345, 0, 0, 0.0, 0.0
297, 48, 511, 175, 511, 177, 0, -2, -1.5707963267948966, 2.0
297, 49, 638, 75, 639, 73, -1, 2, 2.0344439357957027, 2.23606797749979
297, 50, 513, 343, 513, 348, 0, -5, -1.5707963267948966, 5.0
297, 51, 535, 420, 535, 419, 0, 1, 1.5707963267948966, 1.0
297, 52, 768, 500, 772, 505, -4, -5, -2.2455372690184494, 6.4031242374328485
297, 53, 1159, 99, 1163, 100, -4, -1, -2.896613990462929, 4.123105625617661
297, 54, 1179, 72, 1182, 73, -3, -1, -2.819842099193151, 3.1622776601683795
297, 55, 285, 376, 285, 376, 0, 0, 0.0, 0.0
297, 56, 844, 145, 845, 147, -1, -2, -2.0344439357957027, 2.23606797749979
297, 57, 1202, 33, 1205, 34, -3, -1, -2.819842099193151, 3.1622776601683795
297, 58, 1147, 49, 1152, 50, -5, -1, -2.9441970937399127, 5.0990195135927845
297, 59, 495, 202, 494, 204, 1, -2, -1.1071487177940904, 2.23606797749979
297, 60, 795, 570, 800, 574, -5, -4, -2.4668517113662407, 6.4031242374328485
297, 61, 222, 10, 222, 11, 0, -1, -1.5707963267948966, 1.0
297, 62, 564, 22, 561, 24, 3, -2, -0.5880026035475675, 3.605551275463989
297, 63, 1243, 29, 1245, 31, -2, -2, -2.356194490192345, 2.8284271247461903
297, 64, 154, 178, 155, 177, -1, 1, 2.356194490192345, 1.4142135623730951
297, 65, 502, 368, 502, 373, 0, -5, -1.5707963267948966, 5.0
297, 66, 121, 166, 122, 164, -1, 2, 2.0344439357957027, 2.23606797749979
297, 67, 878, 597, 880, 593, -2, 4, 2.0344439357957027, 4.47213595499958
297, 68, 936, 100, 937, 100, -1, 0, 3.141592653589793, 1.0
297, 69, 255, 360, 255, 361, 0, -1, -1.5707963267948966, 1.0
297, 70, 636, 340, 637, 336, -1, 4, 1.8157749899217608, 4.123105625617661
297, 71, 119, 192, 120, 190, -1, 2, 2.0344439357957027, 2.23606797749979
297, 72, 978, 683, 980, 687, -2, -4, -2.0344439357957027, 4.47213595499958
297, 73, 707, 157, 707, 158, 0, -1, -1.5707963267948966, 1.0
297, 74, 15, 260, 16, 258, -1, 2, 2.0344439357957027, 2.23606797749979
297, 75, 1015, 608, 1014, 610, 1, -2, -1.1071487177940904, 2.23606797749979
297, 76, 633, 452, 633, 446, 0, 6, 1.5707963267948966, 6.0
297, 77, 642, 58, 641, 57, 1, 1, 0.7853981633974483, 1.4142135623730951
297, 78, 15, 274, 15, 271, 0, 3, 1.5707963267948966, 3.0
297, 79, 1244, 21, 1246, 23, -2, -2, -2.356194490192345, 2.8284271247461903
297, 80, 649, 429, 649, 429, 0, 0, 0.0, 0.0
297, 81, 145, 211, 146, 210, -1, 1, 2.356194490192345, 1.4142135623730951
297, 82, 1180, 54, 1184, 54, -4, 0, 3.141592653589793, 4.0
297, 83, 1240, 417, 1240, 414, 0, 3, 1.5707963267948966, 3.0
297, 84, 1208, 39, 1211, 40, -3, -1, -2.819842099193151, 3.1622776601683795
297, 85, 634, 80, 635, 79, -1, 1, 2.356194490192345, 1.4142135623730951
297, 86, 1216, 473, 1215, 470, 1, 3, 1.2490457723982544, 3.1622776601683795
297, 87, 924, 92, 925, 92, -1, 0, 3.141592653589793, 1.0
297, 88, 114, 131, 116, 129, -2, 2, 2.356194490192345, 2.8284271247461903
297, 89, 847, 74, 846, 77, 1, -3, -1.2490457723982544, 3.1622776601683795
297, 90, 812, 22, 813, 22, -1, 0, 3.141592653589793, 1.0
297, 91, 931, 91, 932, 91, -1, 0, 3.141592653589793, 1.0
297, 92, 283, 316, 284, 316, -1, 0, 3.141592653589793, 1.0
297, 93, 846, 624, 846, 620, 0, 4, 1.5707963267948966, 4.0
297, 94, 1141, 56, 1146, 57, -5, -1, -2.9441970937399127, 5.0990195135927845
297, 95, 643, 342, 644, 338, -1, 4, 1.8157749899217608, 4.123105625617661
297, 96, 652, 386, 652, 383, 0, 3, 1.5707963267948966, 3.0
297, 97, 722, 31, 723, 34, -1, -3, -1.892546881191539, 3.1622776601683795
297, 98, 630, 382, 631, 379, -1, 3, 1.892546881191539, 3.1622776601683795
297, 99, 1117, 113, 1121, 117, -4, -4, -2.356194490192345, 5.656854249492381
297, 100, 645, 69, 645, 68, 0, 1, 1.5707963267948966, 1.0
297, 101, 127, 219, 129, 216, -2, 3, 2.158798930342464, 3.605551275463989
297, 102, 848, 610, 848, 607, 0, 3, 1.5707963267948966, 3.0
297, 103, 682, 701, 682, 701, 0, 0, 0.0, 0.0
297, 104, 1206, 387, 1206, 383, 0, 4, 1.5707963267948966, 4.0
297, 105, 38, 502, 38, 502, 0, 0, 0.0, 0.0
297, 106, 678, 146, 679, 146, -1, 0, 3.141592653589793, 1.0
297, 107, 882, 652, 882, 649, 0, 3, 1.5707963267948966, 3.0
297, 108, 531, 398, 531, 401, 0, -3, -1.5707963267948966, 3.0
297, 109, 621, 110, 622, 108, -1, 2, 2.0344439357957027, 2.23606797749979
297, 110, 866, 74, 866, 77, 0, -3, -1.5707963267948966, 3.0
297, 111, 1166, 56, 1170, 57, -4, -1, -2.896613990462929, 4.123105625617661
297, 112, 1252, 365, 1252, 361, 0, 4, 1.5707963267948966, 4.0
297, 113, 1174, 47, 1178, 48, -4, -1, -2.896613990462929, 4.123105625617661
297, 114, 702, 83, 703, 85, -1, -2, -2.0344439357957027, 2.23606797749979
297, 115, 870, 87, 870, 90, 0, -3, -1.5707963267948966, 3.0
297, 116, 764, 559, 766, 563, -2, -4, -2.0344439357957027, 4.47213595499958
297, 117, 119, 210, 121, 208, -2, 2, 2.356194490192345, 2.8284271247461903
297, 118, 511, 140, 511, 142, 0, -2, -1.5707963267948966, 2.0
297, 119, 652, 84, 652, 82, 0, 2, 1.5707963267948966, 2.0
297, 120, 522, 453, 522, 455, 0, -2, -1.5707963267948966, 2.0
297, 121, 126, 208, 128, 206, -2, 2, 2.356194490192345, 2.8284271247461903
297, 122, 951, 21, 952, 23, -1, -2, -2.0344439357957027, 2.23606797749979
297, 123, 786, 512, 789, 515, -3, -3, -2.356194490192345, 4.242640687119285
297, 124, 1134, 124, 1136, 125, -2, -1, -2.677945044588987, 2.23606797749979
297, 125, 634, 162, 634, 161, 0, 1, 1.5707963267948966, 1.0
297, 126, 1258, 96, 1261, 98, -3, -2, -2.5535900500422257, 3.605551275463989
297, 127, 964, 40, 965, 42, -1, -2, -2.0344439357957027, 2.23606797749979
297, 128, 315, 405, 316, 405, -1, 0, 3.141592653589793, 1.0
297, 129, 663, 43, 663, 43, 0, 0, 0.0, 0.0
297, 130, 486, 141, 486, 143, 0, -2, -1.5707963267948966, 2.0
297, 131, 939, 30, 939, 30, 0, 0, 0.0, 0.0
297, 132, 1260, 272, 1261, 272, -1, 0, 3.141592653589793, 1.0
298, 0, 514, 150, 514, 153, 0, -3, -1.5707963267948966, 3.0
298, 1, 864, 68, 862, 72, 2, -4, -1.1071487177940904, 4.47213595499958
298, 2, 774, 570, 777, 571, -3, -1, -2.819842099193151, 3.1622776601683795
298, 3, 150, 186, 151, 183, -1, 3, 1.892546881191539, 3.1622776601683795
298, 4, 272, 335, 273, 335, -1, 0, 3.141592653589793, 1.0
298, 5, 845, 88, 843, 90, 2, -2, -0.7853981633974483, 2.8284271247461903
298, 6, 258, 379, 259, 379, -1, 0, 3.141592653589793, 1.0
298, 7, 23, 254, 23, 251, 0, 3, 1.5707963267948966, 3.0
298, 8, 247, 330, 247, 330, 0, 0, 0.0, 0.0
298, 9, 334, 345, 334, 345, 0, 0, 0.0, 0.0
298, 10, 536, 422, 535, 421, 1, 1, 0.7853981633974483, 1.4142135623730951
298, 11, 1056, 536, 1056, 540, 0, -4, -1.5707963267948966, 4.0
298, 12, 1042, 530, 1042, 534, 0, -4, -1.5707963267948966, 4.0
298, 13, 853, 68, 852, 72, 1, -4, -1.3258176636680326, 4.123105625617661
298, 14, 860, 58, 859, 63, 1, -5, -1.373400766945016, 5.0990195135927845
298, 15, 860, 596, 859, 592, 1, 4, 1.3258176636680326, 4.123105625617661
298, 16, 708, 95, 708, 97, 0, -2, -1.5707963267948966, 2.0
298, 17, 621, 394, 623, 390, -2, 4, 2.0344439357957027, 4.47213595499958
298, 18, 301, 325, 302, 325, -1, 0, 3.141592653589793, 1.0
298, 19, 505, 132, 505, 136, 0, -4, -1.5707963267948966, 4.0
298, 20, 482, 190, 480, 193, 2, -3, -0.982793723247329, 3.605551275463989
298, 21, 549, 76, 547, 74, 2, 2, 0.7853981633974483, 2.8284271247461903
298, 22, 562, 14, 558, 15, 4, -1, -0.24497866312686414, 4.123105625617661
298, 23, 682, 83, 681, 79, 1, 4, 1.3258176636680326, 4.123105625617661
298, 24, 989, 676, 992, 680, -3, -4, -2.214297435588181, 5.0
298, 25, 1061, 566, 1060, 571, 1, -5, -1.373400766945016, 5.0990195135927845
298, 26, 500, 403, 499, 405, 1, -2, -1.1071487177940904, 2.23606797749979
298, 27, 493, 131, 493, 136, 0, -5, -1.5707963267948966, 5.0
298, 28, 500, 122, 500, 127, 0, -5, -1.5707963267948966, 5.0
298, 29, 956, 53, 958, 54, -2, -1, -2.677945044588987, 2.23606797749979
298, 30, 1013, 683, 1014, 689, -1, -6, -1.7359450042095235, 6.082762530298219
298, 31, 971, 701, 971, 713, 0, -12, -1.5707963267948966, 12.0
298, 32, 844, 102, 842, 105, 2, -3, -0.982793723247329, 3.605551275463989
298, 33, 253, 341, 253, 341, 0, 0, 0.0, 0.0
298, 34, 511, 173, 511, 178, 0, -5, -1.5707963267948966, 5.0
298, 35, 1252, 404, 1249, 402, 3, 2, 0.5880026035475675, 3.605551275463989
298, 36, 766, 35, 767, 35, -1, 0, 3.141592653589793, 1.0
298, 37, 240, 321, 240, 321, 0, 0, 0.0, 0.0
298, 38, 256, 325, 256, 325, 0, 0, 0.0, 0.0
298, 39, 500, 223, 500, 225, 0, -2, -1.5707963267948966, 2.0
298, 40, 771, 559, 773, 561, -2, -2, -2.356194490192345, 2.8284271247461903
298, 41, 562, 65, 560, 62, 2, 3, 0.982793723247329, 3.605551275463989
298, 42, 127, 141, 130, 137, -3, 4, 2.214297435588181, 5.0
298, 43, 118, 194, 121, 191, -3, 3, 2.356194490192345, 4.242640687119285
298, 44, 514, 342, 513, 349, 1, -7, -1.4288992721907328, 7.0710678118654755
298, 45, 568, 76, 568, 76, 0, 0, 0.0, 0.0
298, 46, 661, 401, 661, 398, 0, 3, 1.5707963267948966, 3.0
298, 47, 257, 387, 257, 387, 0, 0, 0.0, 0.0
298, 48, 639, 77, 640, 73, -1, 4, 1.8157749899217608, 4.123105625617661
298, 49, 1152, 58, 1156, 58, -4, 0, 3.141592653589793, 4.0
298, 50, 801, 613, 807, 618, -6, -5, -2.44685437739309, 7.810249675906654
298, 51, 793, 569, 797, 573, -4, -4, -2.356194490192345, 5.656854249492381
298, 52, 857, 133, 857, 133, 0, 0, 0.0, 0.0
298, 53, 767, 500, 771, 504, -4, -4, -2.356194490192345, 5.656854249492381
298, 54, 1242, 29, 1246, 31, -4, -2, -2.677945044588987, 4.47213595499958
298, 55, 227, 316, 227, 317, 0, -1, -1.5707963267948966, 1.0
298, 56, 1149, 50, 1153, 50, -4, 0, 3.141592653589793, 4.0
298, 57, 32, 114, 32, 115, 0, -1, -1.5707963267948966, 1.0
298, 58, 565, 24, 561, 24, 4, 0, 0.0, 4.0
298, 59, 154, 180, 156, 177, -2, 3, 2.158798930342464, 3.605551275463989
298, 60, 707, 158, 707, 159, 0, -1, -1.5707963267948966, 1.0
298, 61, 503, 368, 502, 373, 1, -5, -1.373400766945016, 5.0990195135927845
298, 62, 124, 221, 127, 218, -3, 3, 2.356194490192345, 4.242640687119285
298, 63, 1261, 240, 1273, 239, -12, 1, 3.058451421701352, 12.041594578792296
298, 64, 331, 360, 332, 360, -1, 0, 3.141592653589793, 1.0
298, 65, 330, 405, 331, 405, -1, 0, 3.141592653589793, 1.0
298, 66, 287, 376, 287, 376, 0, 0, 0.0, 0.0
298, 67, 799, 560, 803, 565, -4, -5, -2.2455372690184494, 6.4031242374328485
298, 68, 121, 168, 123, 165, -2, 3, 2.158798930342464, 3.605551275463989
298, 69, 1242, 419, 1240, 415, 2, 4, 1.1071487177940904, 4.47213595499958
298, 70, 936, 100, 937, 100, -1, 0, 3.141592653589793, 1.0
298, 71, 1107, 115, 1112, 117, -5, -2, -2.761086276477428, 5.385164807134504
298, 72, 645, 432, 646, 432, -1, 0, 3.141592653589793, 1.0
298, 73, 766, 604, 767, 604, -1, 0, 3.141592653589793, 1.0
298, 74, 474, 12, 475, 14, -1, -2, -2.0344439357957027, 2.23606797749979
298, 75, 753, 588, 753, 589, 0, -1, -1.5707963267948966, 1.0
298, 76, 1137, 102, 1141, 102, -4, 0, 3.141592653589793, 4.0
298, 77, 798, 617, 802, 625, -4, -8, -2.0344439357957027, 8.94427190999916
298, 78, 1261, 251, 1267, 249, -6, 2, 2.819842099193151, 6.324555320336759
298, 79, 41, 137, 42, 137, -1, 0, 3.141592653589793, 1.0
298, 80, 637, 340, 638, 336, -1, 4, 1.8157749899217608, 4.123105625617661
298, 81, 1049, 594, 1051, 593, -2, 1, 2.677945044588987, 2.23606797749979
298, 82, 846, 141, 845, 148, 1, -7, -1.4288992721907328, 7.0710678118654755
298, 83, 1201, 31, 1205, 34, -4, -3, -2.498091544796509, 5.0
298, 84, 770, 43, 771, 43, -1, 0, 3.141592653589793, 1.0
298, 85, 1180, 74, 1183, 75, -3, -1, -2.819842099193151, 3.1622776601683795
298, 86, 1164, 59, 1168, 59, -4, 0, 3.141592653589793, 4.0
298, 87, 1027, 607, 1027, 610, 0, -3, -1.5707963267948966, 3.0
298, 88, 525, 445, 525, 448, 0, -3, -1.5707963267948966, 3.0
298, 89, 16, 276, 17, 274, -1, 2, 2.0344439357957027, 2.23606797749979
298, 90, 1238, 20, 1241, 23, -3, -3, -2.356194490192345, 4.242640687119285
298, 91, 496, 201, 495, 205, 1, -4, -1.3258176636680326, 4.123105625617661
298, 92, 816, 14, 817, 14, -1, 0, 3.141592653589793, 1.0
298, 93, 877, 600, 880, 597, -3, 3, 2.356194490192345, 4.242640687119285
298, 94, 974, 21, 975, 23, -1, -2, -2.0344439357957027, 2.23606797749979
298, 95, 846, 628, 846, 624, 0, 4, 1.5707963267948966, 4.0
298, 96, 62, 158, 62, 159, 0, -1, -1.5707963267948966, 1.0
298, 97, 1141, 58, 1146, 58, -5, 0, 3.141592653589793, 5.0
298, 98, 723, 30, 725, 34, -2, -4, -2.0344439357957027, 4.47213595499958
298, 99, 240, 306, 240, 307, 0, -1, -1.5707963267948966, 1.0
298, 100, 848, 616, 848, 613, 0, 3, 1.5707963267948966, 3.0
298, 101, 868, 74, 866, 78, 2, -4, -1.1071487177940904, 4.47213595499958
298, 102, 924, 93, 925, 93, -1, 0, 3.141592653589793, 1.0
298, 103, 1215, 473, 1215, 471, 0, 2, 1.5707963267948966, 2.0
298, 104, 146, 209, 148, 209, -2, 0, 3.141592653589793, 2.0
298, 105, 257, 364, 257, 364, 0, 0, 0.0, 0.0
298, 106, 931, 92, 932, 92, -1, 0, 3.141592653589793, 1.0
298, 107, 951, 14, 953, 18, -2, -4, -2.0344439357957027, 4.47213595499958
298, 108, 483, 174, 482, 177, 1, -3, -1.2490457723982544, 3.1622776601683795
298, 109, 784, 509, 786, 511, -2, -2, -2.356194490192345, 2.8284271247461903
298, 110, 224, 11, 224, 11, 0, 0, 0.0, 0.0
298, 111, 813, 23, 814, 23, -1, 0, 3.141592653589793, 1.0
298, 112, 635, 83, 636, 80, -1, 3, 1.892546881191539, 3.1622776601683795
298, 113, 257, 332, 257, 332, 0, 0, 0.0, 0.0
298, 114, 1031, 620, 1031, 620, 0, 0, 0.0, 0.0
298, 115, 847, 74, 846, 78, 1, -4, -1.3258176636680326, 4.123105625617661
298, 116, 706, 77, 707, 80, -1, -3, -1.892546881191539, 3.1622776601683795
298, 117, 113, 133, 116, 130, -3, 3, 2.356194490192345, 4.242640687119285
298, 118, 981, 678, 983, 682, -2, -4, -2.0344439357957027, 4.47213595499958
298, 119, 52, 148, 52, 148, 0, 0, 0.0, 0.0
298, 120, 631, 385, 632, 381, -1, 4, 1.8157749899217608, 4.123105625617661
298, 121, 644, 342, 645, 338, -1, 4, 1.8157749899217608, 4.123105625617661
298, 122, 119, 212, 122, 208, -3, 4, 2.214297435588181, 5.0
298, 123, 265, 379, 266, 379, -1, 0, 3.141592653589793, 1.0
298, 124, 682, 701, 681, 709, 1, -8, -1.446441332248135, 8.06225774829855
298, 125, 333, 338, 333, 338, 0, 0, 0.0, 0.0
298, 126, 866, 663, 867, 662, -1, 1, 2.356194490192345, 1.4142135623730951
298, 127, 884, 655, 882, 654, 2, 1, 0.4636476090008061, 2.23606797749979
298, 128, 1207, 38, 1211, 41, -4, -3, -2.498091544796509, 5.0
298, 129, 762, 555, 763, 559, -1, -4, -1.8157749899217608, 4.123105625617661
298, 130, 215, 12, 216, 12, -1, 0, 3.141592653589793, 1.0
298, 131, 285, 349, 285, 349, 0, 0, 0.0, 0.0
298, 132, 284, 316, 285, 316, -1, 0, 3.141592653589793, 1.0
298, 133, 1212, 447, 1209, 446, 3, 1, 0.3217505543966422, 3.1622776601683795
298, 134, 703, 86, 703, 89, 0, -3, -1.5707963267948966, 3.0
298, 135, 1230, 138, 1234, 143, -4, -5, -2.2455372690184494, 6.4031242374328485
298, 136, 872, 84, 871, 91, 1, -7, -1.4288992721907328, 7.0710678118654755
298, 137, 269, 321, 269, 322, 0, -1, -1.5707963267948966, 1.0
298, 138, 511, 139, 511, 143, 0, -4, -1.5707963267948966, 4.0
298, 139, 717, 98, 717, 100, 0, -2, -1.5707963267948966, 2.0
298, 140, 1254, 364, 1252, 361, 2, 3, 0.982793723247329, 3.605551275463989
298, 141, 1168, 47, 1173, 48, -5, -1, -2.9441970937399127, 5.0990195135927845
298, 142, 534, 398, 534, 401, 0, -3, -1.5707963267948966, 3.0
298, 143, 1018, 634, 1018, 635, 0, -1, -1.5707963267948966, 1.0
298, 144, 1261, 195, 1272, 196, -11, -1, -3.050932766389048, 11.045361017187261
298, 145, 38, 502, 38, 502, 0, 0, 0.0, 0.0
298, 146, 799, 542, 802, 544, -3, -2, -2.5535900500422257, 3.605551275463989
298, 147, 716, 119, 716, 122, 0, -3, -1.5707963267948966, 3.0
298, 148, 1159, 100, 1164, 101, -5, -1, -2.9441970937399127, 5.0990195135927845
298, 149, 703, 60, 705, 62, -2, -2, -2.356194490192345, 2.8284271247461903
298, 150, 1207, 387, 1205, 384, 2, 3, 0.982793723247329, 3.605551275463989
298, 151, 511, 360, 510, 365, 1, -5, -1.373400766945016, 5.0990195135927845
298, 152, 940, 29, 940, 30, 0, -1, -1.5707963267948966, 1.0
298, 153, 316, 405, 317, 405, -1, 0, 3.141592653589793, 1.0
298, 154, 507, 396, 506, 399, 1, -3, -1.2490457723982544, 3.1622776601683795
298, 155, 668, 28, 668, 28, 0, 0, 0.0, 0.0
298, 156, 1190, 105, 1192, 106, -2, -1, -2.677945044588987, 2.23606797749979
298, 157, 1220, 99, 1222, 100, -2, -1, -2.677945044588987, 2.23606797749979
298, 158, 487, 138, 487, 143, 0, -5, -1.5707963267948966, 5.0
298, 159, 329, 370, 330, 370, -1, 0, 3.141592653589793, 1.0
298, 160, 651, 388, 652, 383, -1, 5, 1.7681918866447774, 5.0990195135927845
298, 161, 318, 388, 319, 388, -1, 0, 3.141592653589793, 1.0
298, 162, 269, 344, 269, 344, 0, 0, 0.0, 0.0
298, 163, 232, 306, 232, 307, 0, -1, -1.5707963267948966, 1.0
298, 164, 261, 405, 262, 405, -1, 0, 3.141592653589793, 1.0
298, 165, 313, 395, 314, 395, -1, 0, 3.141592653589793, 1.0
298, 166, 295, 409, 296, 409, -1, 0, 3.141592653589793, 1.0
298, 167, 1261, 161, 1272, 166, -11, -5, -2.714965160462917, 12.083045973594572
298, 168, 17, 261, 17, 258, 0, 3, 1.5707963267948966, 3.0
298, 169, 1261, 189, 1264, 190, -3, -1, -2.819842099193151, 3.1622776601683795
298, 170, 12, 237, 12, 234, 0, 3, 1.5707963267948966, 3.0
299, 0, 514, 149, 514, 150, 0, -1, -1.5707963267948966, 1.0
299, 1, 864, 64, 864, 68, 0, -4, -1.5707963267948966, 4.0
299, 2, 772, 571, 774, 570, -2, 1, 2.677945044588987, 2.23606797749979
299, 3, 149, 188, 150, 186, -1, 2, 2.0344439357957027, 2.23606797749979
299, 4, 271, 335, 272, 335, -1, 0, 3.141592653589793, 1.0
299, 5, 845, 89, 845, 88, 0, 1, 1.5707963267948966, 1.0
299, 6, 257, 379, 258, 379, -1, 0, 3.141592653589793, 1.0
299, 7, 22, 255, 23, 254, -1, 1, 2.356194490192345, 1.4142135623730951
299, 8, 246, 330, 247, 330, -1, 0, 3.141592653589793, 1.0
299, 9, 333, 345, 334, 345, -1, 0, 3.141592653589793, 1.0
299, 10, 536, 423, 536, 422, 0, 1, 1.5707963267948966, 1.0
299, 11, 1055, 531, 1056, 536, -1, -5, -1.7681918866447774, 5.0990195135927845
299, 12, 1042, 526, 1042, 530, 0, -4, -1.5707963267948966, 4.0
299, 13, 853, 64, 853, 68, 0, -4, -1.5707963267948966, 4.0
299, 14, 860, 54, 860, 58, 0, -4, -1.5707963267948966, 4.0
299, 15, 859, 600, 860, 596, -1, 4, 1.8157749899217608, 4.123105625617661
299, 16, 620, 397, 621, 394, -1, 3, 1.892546881191539, 3.1622776601683795
299, 17, 300, 325, 301, 325, -1, 0, 3.141592653589793, 1.0
299, 18, 504, 129, 505, 132, -1, -3, -1.892546881191539, 3.1622776601683795
299, 19, 482, 188, 482, 190, 0, -2, -1.5707963267948966, 2.0
299, 20, 552, 76, 549, 76, 3, 0, 0.0, 3.0
299, 21, 564, 13, 562, 14, 2, -1, -0.4636476090008061, 2.23606797749979
299, 22, 682, 85, 682, 83, 0, 2, 1.5707963267948966, 2.0
299, 23, 988, 673, 989, 676, -1, -3, -1.892546881191539, 3.1622776601683795
299, 24, 1062, 562, 1061, 566, 1, -4, -1.3258176636680326, 4.123105625617661
299, 25, 500, 399, 500, 403, 0, -4, -1.5707963267948966, 4.0
299, 26, 492, 128, 493, 131, -1, -3, -1.892546881191539, 3.1622776601683795
299, 27, 499, 119, 500, 122, -1, -3, -1.892546881191539, 3.1622776601683795
299, 28, 1012, 676, 1013, 683, -1, -7, -1.7126933813990606, 7.0710678118654755
299, 29, 970, 695, 971, 701, -1, -6, -1.7359450042095235, 6.082762530298219
299, 30, 845, 99, 844, 102, 1, -3, -1.2490457723982544, 3.1622776601683795
299, 31, 252, 341, 253, 341, -1, 0, 3.141592653589793, 1.0
299, 32, 511, 170, 511, 173, 0, -3, -1.5707963267948966, 3.0
299, 33, 1253, 407, 1252, 404, 1, 3, 1.2490457723982544, 3.1622776601683795
299, 34, 765, 35, 766, 35, -1, 0, 3.141592653589793, 1.0
299, 35, 239, 321, 240, 321, -1, 0, 3.141592653589793, 1.0
299, 36, 255, 325, 256, 325, -1, 0, 3.141592653589793, 1.0
299, 37, 500, 221, 500, 223, 0, -2, -1.5707963267948966, 2.0
299, 38, 768, 556, 771, 559, -3, -3, -2.356194490192345, 4.242640687119285
299, 39, 563, 66, 562, 65, 1, 1, 0.7853981633974483, 1.4142135623730951
299, 40, 124, 143, 127, 141, -3, 2, 2.5535900500422257, 3.605551275463989
299, 41, 116, 197, 118, 194, -2, 3, 2.158798930342464, 3.605551275463989
299, 42, 514, 338, 514, 342, 0, -4, -1.5707963267948966, 4.0
299, 43, 568, 76, 568, 76, 0, 0, 0.0, 0.0
299, 44, 660, 405, 661, 401, -1, 4, 1.8157749899217608, 4.123105625617661
299, 45, 256, 387, 257, 387, -1, 0, 3.141592653589793, 1.0
299, 46, 638, 78, 639, 77, -1, 1, 2.356194490192345, 1.4142135623730951
299, 47, 1148, 57, 1152, 58, -4, -1, -2.896613990462929, 4.123105625617661
299, 48, 795, 610, 801, 613, -6, -3, -2.677945044588987, 6.708203932499369
299, 49, 789, 565, 793, 569, -4, -4, -2.356194490192345, 5.656854249492381
299, 50, 857, 132, 857, 133, 0, -1, -1.5707963267948966, 1.0
299, 51, 763, 495, 767, 500, -4, -5, -2.2455372690184494, 6.4031242374328485
299, 52, 1240, 28, 1242, 29, -2, -1, -2.677945044588987, 2.23606797749979
299, 53, 226, 316, 227, 316, -1, 0, 3.141592653589793, 1.0
299, 54, 1144, 49, 1149, 50, -5, -1, -2.9441970937399127, 5.0990195135927845
299, 55, 31, 114, 32, 114, -1, 0, 3.141592653589793, 1.0
299, 56, 567, 23, 565, 24, 2, -1, -0.4636476090008061, 2.23606797749979
299, 57, 153, 182, 154, 180, -1, 2, 2.0344439357957027, 2.23606797749979
299, 58, 707, 157, 707, 158, 0, -1, -1.5707963267948966, 1.0
299, 59, 503, 364, 503, 368, 0, -4, -1.5707963267948966, 4.0
299, 60, 123, 223, 124, 221, -1, 2, 2.0344439357957027, 2.23606797749979
299, 61, 1261, 238, 1261, 240, 0, -2, -1.5707963267948966, 2.0
299, 62, 330, 360, 331, 360, -1, 0, 3.141592653589793, 1.0
299, 63, 329, 405, 330, 405, -1, 0, 3.141592653589793, 1.0
299, 64, 287, 376, 287, 376, 0, 0, 0.0, 0.0
299, 65, 795, 556, 799, 560, -4, -4, -2.356194490192345, 5.656854249492381
299, 66, 119, 171, 121, 168, -2, 3, 2.158798930342464, 3.605551275463989
299, 67, 1243, 422, 1242, 419, 1, 3, 1.2490457723982544, 3.1622776601683795
299, 68, 935, 100, 936, 100, -1, 0, 3.141592653589793, 1.0
299, 69, 1104, 116, 1107, 115, -3, 1, 2.819842099193151, 3.1622776601683795
299, 70, 473, 10, 474, 12, -1, -2, -2.0344439357957027, 2.23606797749979
299, 71, 753, 588, 753, 588, 0, 0, 0.0, 0.0
299, 72, 1133, 101, 1137, 102, -4, -1, -2.896613990462929, 4.123105625617661
299, 73, 794, 612, 798, 617, -4, -5, -2.2455372690184494, 6.4031242374328485
299, 74, 1261, 250, 1261, 251, 0, -1, -1.5707963267948966, 1.0
299, 75, 40, 137, 41, 137, -1, 0, 3.141592653589793, 1.0
299, 76, 636, 344, 637, 340, -1, 4, 1.8157749899217608, 4.123105625617661
299, 77, 846, 139, 846, 141, 0, -2, -1.5707963267948966, 2.0
299, 78, 1198, 28, 1201, 31, -3, -3, -2.356194490192345, 4.242640687119285
299, 79, 769, 43, 770, 43, -1, 0, 3.141592653589793, 1.0
299, 80, 1177, 72, 1180, 74, -3, -2, -2.5535900500422257, 3.605551275463989
299, 81, 1160, 57, 1164, 59, -4, -2, -2.677945044588987, 4.47213595499958
299, 82, 1028, 604, 1027, 607, 1, -3, -1.2490457723982544, 3.1622776601683795
299, 83, 16, 278, 16, 276, 0, 2, 1.5707963267948966, 2.0
299, 84, 1236, 19, 1238, 20, -2, -1, -2.677945044588987, 2.23606797749979
299, 85, 496, 198, 496, 201, 0, -3, -1.5707963267948966, 3.0
299, 86, 815, 14, 816, 14, -1, 0, 3.141592653589793, 1.0
299, 87, 876, 604, 877, 600, -1, 4, 1.8157749899217608, 4.123105625617661
299, 88, 845, 632, 846, 628, -1, 4, 1.8157749899217608, 4.123105625617661
299, 89, 61, 158, 62, 158, -1, 0, 3.141592653589793, 1.0
299, 90, 1136, 57, 1141, 58, -5, -1, -2.9441970937399127, 5.0990195135927845
299, 91, 239, 306, 240, 306, -1, 0, 3.141592653589793, 1.0
299, 92, 848, 620, 848, 616, 0, 4, 1.5707963267948966, 4.0
299, 93, 868, 70, 868, 74, 0, -4, -1.5707963267948966, 4.0
299, 94, 923, 93, 924, 93, -1, 0, 3.141592653589793, 1.0
299, 95, 1215, 474, 1215, 473, 0, 1, 1.5707963267948966, 1.0
299, 96, 145, 209, 146, 209, -1, 0, 3.141592653589793, 1.0
299, 97, 256, 364, 257, 364, -1, 0, 3.141592653589793, 1.0
299, 98, 930, 92, 931, 92, -1, 0, 3.141592653589793, 1.0
299, 99, 950, 12, 951, 14, -1, -2, -2.0344439357957027, 2.23606797749979
299, 100, 483, 171, 483, 174, 0, -3, -1.5707963267948966, 3.0
299, 101, 781, 505, 784, 509, -3, -4, -2.214297435588181, 5.0
299, 102, 224, 10, 224, 11, 0, -1, -1.5707963267948966, 1.0
299, 103, 812, 23, 813, 23, -1, 0, 3.141592653589793, 1.0
299, 104, 634, 84, 635, 83, -1, 1, 2.356194490192345, 1.4142135623730951
299, 105, 256, 332, 257, 332, -1, 0, 3.141592653589793, 1.0
299, 106, 1031, 619, 1031, 620, 0, -1, -1.5707963267948966, 1.0
299, 107, 847, 71, 847, 74, 0, -3, -1.5707963267948966, 3.0
299, 108, 110, 136, 113, 133, -3, 3, 2.356194490192345, 4.242640687119285
299, 109, 980, 674, 981, 678, -1, -4, -1.8157749899217608, 4.123105625617661
299, 110, 51, 148, 52, 148, -1, 0, 3.141592653589793, 1.0
299, 111, 630, 388, 631, 385, -1, 3, 1.892546881191539, 3.1622776601683795
299, 112, 643, 346, 644, 342, -1, 4, 1.8157749899217608, 4.123105625617661
299, 113, 117, 214, 119, 212, -2, 2, 2.356194490192345, 2.8284271247461903
299, 114, 264, 379, 265, 379, -1, 0, 3.141592653589793, 1.0
299, 115, 682, 701, 682, 701, 0, 0, 0.0, 0.0
299, 116, 332, 338, 333, 338, -1, 0, 3.141592653589793, 1.0
299, 117, 866, 666, 866, 663, 0, 3, 1.5707963267948966, 3.0
299, 118, 885, 659, 884, 655, 1, 4, 1.3258176636680326, 4.123105625617661
299, 119, 1204, 35, 1207, 38, -3, -3, -2.356194490192345, 4.242640687119285
299, 120, 758, 550, 762, 555, -4, -5, -2.2455372690184494, 6.4031242374328485
299, 121, 215, 12, 215, 12, 0, 0, 0.0, 0.0
299, 122, 285, 349, 285, 349, 0, 0, 0.0, 0.0
299, 123, 283, 316, 284, 316, -1, 0, 3.141592653589793, 1.0
299, 124, 1212, 447, 1212, 447, 0, 0, 0.0, 0.0
299, 125, 1227, 134, 1230, 138, -3, -4, -2.214297435588181, 5.0
299, 126, 872, 80, 872, 84, 0, -4, -1.5707963267948966, 4.0
299, 127, 269, 321, 269, 321, 0, 0, 0.0, 0.0
299, 128, 510, 136, 511, 139, -1, -3, -1.892546881191539, 3.1622776601683795
299, 129, 1255, 367, 1254, 364, 1, 3, 1.2490457723982544, 3.1622776601683795
299, 130, 1164, 45, 1168, 47, -4, -2, -2.677945044588987, 4.47213595499958
299, 131, 534, 396, 534, 398, 0, -2, -1.5707963267948966, 2.0
299, 132, 1017, 632, 1018, 634, -1, -2, -2.0344439357957027, 2.23606797749979
299, 133, 37, 502, 38, 502, -1, 0, 3.141592653589793, 1.0
299, 134, 795, 538, 799, 542, -4, -4, -2.356194490192345, 5.656854249492381
299, 135, 716, 117, 716, 119, 0, -2, -1.5707963267948966, 2.0
299, 136, 1155, 99, 1159, 100, -4, -1, -2.896613990462929, 4.123105625617661
299, 137, 1208, 390, 1207, 387, 1, 3, 1.2490457723982544, 3.1622776601683795
299, 138, 511, 356, 511, 360, 0, -4, -1.5707963267948966, 4.0
299, 139, 940, 29, 940, 29, 0, 0, 0.0, 0.0
299, 140, 315, 405, 316, 405, -1, 0, 3.141592653589793, 1.0
299, 141, 507, 392, 507, 396, 0, -4, -1.5707963267948966, 4.0
299, 142, 667, 28, 668, 28, -1, 0, 3.141592653589793, 1.0
299, 143, 1188, 104, 1190, 105, -2, -1, -2.677945044588987, 2.23606797749979
299, 144, 1218, 98, 1220, 99, -2, -1, -2.677945044588987, 2.23606797749979
299, 145, 486, 135, 487, 138, -1, -3, -1.892546881191539, 3.1622776601683795
299, 146, 328, 370, 329, 370, -1, 0, 3.141592653589793, 1.0
299, 147, 650, 392, 651, 388, -1, 4, 1.8157749899217608, 4.123105625617661
299, 148, 317, 388, 318, 388, -1, 0, 3.141592653589793, 1.0
299, 149, 269, 344, 269, 344, 0, 0, 0.0, 0.0
299, 150, 231, 306, 232, 306, -1, 0, 3.141592653589793, 1.0
299, 151, 260, 405, 261, 405, -1, 0, 3.141592653589793, 1.0
299, 152, 312, 395, 313, 395, -1, 0, 3.141592653589793, 1.0
299, 153, 294, 409, 295, 409, -1, 0, 3.141592653589793, 1.0
299, 154, 1257, 159, 1261, 161, -4, -2, -2.677945044588987, 4.47213595499958
299, 155, 17, 262, 17, 261, 0, 1, 1.5707963267948966, 1.0
299, 156, 1259, 187, 1261, 189, -2, -2, -2.356194490192345, 2.8284271247461903
299, 157, 12, 238, 12, 237, 0, 1, 1.5707963267948966, 1.0
300, 0, 538, 424, 537, 424, 1, 0, 0.0, 1.0
300, 1, 863, 64, 863, 68, 0, -4, -1.5707963267948966, 4.0
300, 2, 272, 335, 273, 335, -1, 0, 3.141592653589793, 1.0
300, 3, 1057, 524, 1058, 529, -1, -5, -1.7681918866447774, 5.0990195135927845
300, 4, 561, 58, 560, 57, 1, 1, 0.7853981633974483, 1.4142135623730951
300, 5, 150, 187, 151, 186, -1, 1, 2.356194490192345, 1.4142135623730951
300, 6, 1032, 588, 1032, 591, 0, -3, -1.5707963267948966, 3.0
300, 7, 1042, 520, 1043, 524, -1, -4, -1.8157749899217608, 4.123105625617661
300, 8, 246, 330, 247, 330, -1, 0, 3.141592653589793, 1.0
300, 9, 569, 77, 569, 77, 0, 0, 0.0, 0.0
300, 10, 853, 64, 853, 67, 0, -3, -1.5707963267948966, 3.0
300, 11, 258, 379, 259, 379, -1, 0, 3.141592653589793, 1.0
300, 12, 513, 154, 513, 154, 0, 0, 0.0, 0.0
300, 13, 1062, 556, 1062, 560, 0, -4, -1.5707963267948966, 4.0
300, 14, 333, 345, 334, 345, -1, 0, 3.141592653589793, 1.0
300, 15, 557, 71, 554, 70, 3, 1, 0.3217505543966422, 3.1622776601683795
300, 16, 22, 256, 23, 254, -1, 2, 2.0344439357957027, 2.23606797749979
300, 17, 858, 607, 858, 603, 0, 4, 1.5707963267948966, 4.0
300, 18, 619, 396, 621, 393, -2, 3, 2.158798930342464, 3.605551275463989
300, 19, 791, 554, 795, 558, -4, -4, -2.356194490192345, 5.656854249492381
300, 20, 845, 93, 845, 91, 0, 2, 1.5707963267948966, 2.0
300, 21, 505, 130, 505, 133, 0, -3, -1.5707963267948966, 3.0
300, 22, 500, 120, 500, 124, 0, -4, -1.5707963267948966, 4.0
300, 23, 861, 54, 861, 58, 0, -4, -1.5707963267948966, 4.0
300, 24, 682, 84, 682, 82, 0, 2, 1.5707963267948966, 2.0
300, 25, 563, 69, 562, 67, 1, 2, 1.1071487177940904, 2.23606797749979
300, 26, 565, 13, 563, 14, 2, -1, -0.4636476090008061, 2.23606797749979
300, 27, 1013, 670, 1014, 677, -1, -7, -1.7126933813990606, 7.0710678118654755
300, 28, 500, 388, 500, 392, 0, -4, -1.5707963267948966, 4.0
300, 29, 120, 195, 122, 193, -2, 2, 2.356194490192345, 2.8284271247461903
300, 30, 239, 321, 240, 321, -1, 0, 3.141592653589793, 1.0
300, 31, 17, 263, 17, 261, 0, 2, 1.5707963267948966, 2.0
300, 32, 970, 698, 971, 703, -1, -5, -1.7681918866447774, 5.0990195135927845
300, 33, 252, 341, 253, 341, -1, 0, 3.141592653589793, 1.0
300, 34, 301, 326, 302, 326, -1, 0, 3.141592653589793, 1.0
300, 35, 494, 128, 494, 132, 0, -4, -1.5707963267948966, 4.0
300, 36, 512, 171, 512, 174, 0, -3, -1.5707963267948966, 3.0
300, 37, 246, 403, 247, 403, -1, 0, 3.141592653589793, 1.0
300, 38, 23, 290, 22, 286, 1, 4, 1.3258176636680326, 4.123105625617661
300, 39, 1169, 64, 1172, 66, -3, -2, -2.5535900500422257, 3.605551275463989
300, 40, 514, 341, 514, 344, 0, -3, -1.5707963267948966, 3.0
300, 41, 255, 325, 256, 325, -1, 0, 3.141592653589793, 1.0
300, 42, 761, 548, 765, 553, -4, -5, -2.2455372690184494, 6.4031242374328485
300, 43, 990, 665, 992, 669, -2, -4, -2.0344439357957027, 4.47213595499958
300, 44, 750, 17, 751, 17, -1, 0, 3.141592653589793, 1.0
300, 45, 845, 642, 845, 638, 0, 4, 1.5707963267948966, 4.0
300, 46, 1144, 57, 1148, 58, -4, -1, -2.896613990462929, 4.123105625617661
300, 47, 1141, 49, 1146, 50, -5, -1, -2.9441970937399127, 5.0990195135927845
300, 48, 766, 36, 767, 36, -1, 0, 3.141592653589793, 1.0
300, 49, 662, 409, 663, 406, -1, 3, 1.892546881191539, 3.1622776601683795
300, 50, 878, 610, 879, 606, -1, 4, 1.8157749899217608, 4.123105625617661
300, 51, 125, 144, 127, 141, -2, 3, 2.158798930342464, 3.605551275463989
300, 52, 30, 110, 30, 110, 0, 0, 0.0, 0.0
300, 53, 566, 22, 564, 23, 2, -1, -0.4636476090008061, 2.23606797749979
300, 54, 30, 86, 31, 86, -1, 0, 3.141592653589793, 1.0
300, 55, 1252, 410, 1251, 408, 1, 2, 1.1071487177940904, 2.23606797749979
300, 56, 638, 78, 639, 77, -1, 1, 2.356194490192345, 1.4142135623730951
300, 57, 1151, 101, 1154, 101, -3, 0, 3.141592653589793, 3.0
300, 58, 1105, 117, 1107, 117, -2, 0, 3.141592653589793, 2.0
300, 59, 1241, 29, 1243, 30, -2, -1, -2.677945044588987, 2.23606797749979
300, 60, 857, 132, 857, 133, 0, -1, -1.5707963267948966, 1.0
300, 61, 482, 189, 482, 191, 0, -2, -1.5707963267948966, 2.0
300, 62, 848, 70, 848, 73, 0, -3, -1.5707963267948966, 3.0
300, 63, 226, 318, 227, 318, -1, 0, 3.141592653589793, 1.0
300, 64, 503, 363, 503, 367, 0, -4, -1.5707963267948966, 4.0
300, 65, 783, 559, 788, 563, -5, -4, -2.4668517113662407, 6.4031242374328485
300, 66, 844, 652, 845, 648, -1, 4, 1.8157749899217608, 4.123105625617661
300, 67, 518, 444, 519, 446, -1, -2, -2.0344439357957027, 2.23606797749979
300, 68, 707, 158, 707, 159, 0, -1, -1.5707963267948966, 1.0
300, 69, 939, 17, 940, 17, -1, 0, 3.141592653589793, 1.0
300, 70, 759, 490, 763, 495, -4, -5, -2.2455372690184494, 6.4031242374328485
300, 71, 484, 171, 484, 174, 0, -3, -1.5707963267948966, 3.0
300, 72, 754, 548, 758, 553, -4, -5, -2.2455372690184494, 6.4031242374328485
300, 73, 635, 346, 637, 343, -2, 3, 2.158798930342464, 3.605551275463989
300, 74, 331, 360, 332, 360, -1, 0, 3.141592653589793, 1.0
300, 75, 217, 12, 217, 12, 0, 0, 0.0, 0.0
300, 76, 329, 405, 330, 405, -1, 0, 3.141592653589793, 1.0
300, 77, 256, 387, 257, 387, -1, 0, 3.141592653589793, 1.0
300, 78, 936, 100, 937, 100, -1, 0, 3.141592653589793, 1.0
300, 79, 1199, 30, 1201, 32, -2, -2, -2.356194490192345, 2.8284271247461903
300, 80, 766, 604, 767, 604, -1, 0, 3.141592653589793, 1.0
300, 81, 645, 432, 646, 432, -1, 0, 3.141592653589793, 1.0
300, 82, 120, 172, 122, 169, -2, 3, 2.158798930342464, 3.605551275463989
300, 83, 16, 498, 14, 495, 2, 3, 0.982793723247329, 3.605551275463989
300, 84, 1245, 422, 1244, 419, 1, 3, 1.2490457723982544, 3.1622776601683795
300, 85, 770, 43, 771, 43, -1, 0, 3.141592653589793, 1.0
300, 86, 506, 219, 505, 223, 1, -4, -1.3258176636680326, 4.123105625617661
300, 87, 1242, 21, 1244, 22, -2, -1, -2.677945044588987, 2.23606797749979
300, 88, 1147, 128, 1149, 129, -2, -1, -2.677945044588987, 2.23606797749979
300, 89, 511, 136, 511, 139, 0, -3, -1.5707963267948966, 3.0
300, 90, 630, 392, 631, 389, -1, 3, 1.892546881191539, 3.1622776601683795
300, 91, 493, 177, 493, 180, 0, -3, -1.5707963267948966, 3.0
300, 92, 634, 84, 635, 83, -1, 1, 2.356194490192345, 1.4142135623730951
300, 93, 239, 307, 240, 307, -1, 0, 3.141592653589793, 1.0
300, 94, 667, 29, 668, 29, -1, 0, 3.141592653589793, 1.0
300, 95, 1134, 57, 1139, 58, -5, -1, -2.9441970937399127, 5.0990195135927845
300, 96, 759, 17, 760, 17, -1, 0, 3.141592653589793, 1.0
300, 97, 1261, 160, 1270, 163, -9, -3, -2.819842099193151, 9.486832980505138
300, 98, 1130, 100, 1134, 100, -4, 0, 3.141592653589793, 4.0
300, 99, 474, 9, 474, 11, 0, -2, -1.5707963267948966, 2.0
300, 100, 123, 223, 124, 220, -1, 3, 1.892546881191539, 3.1622776601683795
300, 101, 1226, 126, 1228, 129, -2, -3, -2.158798930342464, 3.605551275463989
300, 102, 634, 17, 634, 15, 0, 2, 1.5707963267948966, 2.0
300, 103, 741, 565, 742, 565, -1, 0, 3.141592653589793, 1.0
300, 104, 814, 14, 815, 14, -1, 0, 3.141592653589793, 1.0
300, 105, 1215, 485, 1216, 485, -1, 0, 3.141592653589793, 1.0
300, 106, 255, 332, 256, 332, -1, 0, 3.141592653589793, 1.0
300, 107, 147, 209, 148, 209, -1, 0, 3.141592653589793, 1.0
300, 108, 41, 138, 42, 138, -1, 0, 3.141592653589793, 1.0
300, 109, 885, 666, 884, 663, 1, 3, 1.2490457723982544, 3.1622776601683795
300, 110, 847, 103, 846, 106, 1, -3, -1.2490457723982544, 3.1622776601683795
300, 111, 846, 140, 846, 141, 0, -1, -1.5707963267948966, 1.0
300, 112, 61, 159, 62, 159, -1, 0, 3.141592653589793, 1.0
300, 113, 1156, 57, 1160, 58, -4, -1, -2.896613990462929, 4.123105625617661
300, 114, 777, 501, 780, 505, -3, -4, -2.214297435588181, 5.0
300, 115, 791, 533, 795, 537, -4, -4, -2.356194490192345, 5.656854249492381
300, 116, 110, 136, 113, 134, -3, 2, 2.5535900500422257, 3.605551275463989
300, 117, 813, 23, 814, 23, -1, 0, 3.141592653589793, 1.0
300, 118, 497, 198, 496, 201, 1, -3, -1.2490457723982544, 3.1622776601683795
300, 119, 256, 364, 257, 364, -1, 0, 3.141592653589793, 1.0
300, 120, 32, 119, 33, 119, -1, 0, 3.141592653589793, 1.0
300, 121, 52, 156, 53, 156, -1, 0, 3.141592653589793, 1.0
300, 122, 931, 92, 932, 92, -1, 0, 3.141592653589793, 1.0
300, 123, 650, 394, 651, 390, -1, 4, 1.8157749899217608, 4.123105625617661
300, 124, 923, 94, 924, 94, -1, 0, 3.141592653589793, 1.0
300, 125, 1208, 392, 1207, 389, 1, 3, 1.2490457723982544, 3.1622776601683795
300, 126, 1139, 124, 1141, 125, -2, -1, -2.677945044588987, 2.23606797749979
300, 127, 872, 83, 872, 86, 0, -3, -1.5707963267948966, 3.0
300, 128, 983, 668, 984, 672, -1, -4, -1.8157749899217608, 4.123105625617661
300, 129, 1023, 701, 1024, 709, -1, -8, -1.695151321341658, 8.06225774829855
300, 130, 697, 126, 697, 126, 0, 0, 0.0, 0.0
300, 131, 1204, 36, 1207, 38, -3, -2, -2.5535900500422257, 3.605551275463989
300, 132, 265, 379, 266, 379, -1, 0, 3.141592653589793, 1.0
300, 133, 51, 148, 52, 148, -1, 0, 3.141592653589793, 1.0
300, 134, 269, 322, 269, 322, 0, 0, 0.0, 0.0
300, 135, 745, 39, 746, 39, -1, 0, 3.141592653589793, 1.0
300, 136, 1217, 87, 1219, 90, -2, -3, -2.158798930342464, 3.605551275463989
300, 137, 136, 188, 138, 186, -2, 2, 2.356194490192345, 2.8284271247461903
300, 138, 1167, 45, 1171, 47, -4, -2, -2.677945044588987, 4.47213595499958
300, 139, 30, 450, 30, 450, 0, 0, 0.0, 0.0
300, 140, 758, 46, 759, 46, -1, 0, 3.141592653589793, 1.0
300, 141, 283, 317, 284, 317, -1, 0, 3.141592653589793, 1.0
300, 142, 636, 164, 636, 164, 0, 0, 0.0, 0.0
300, 143, 753, 28, 754, 28, -1, 0, 3.141592653589793, 1.0
300, 144, 626, 104, 627, 102, -1, 2, 2.0344439357957027, 2.23606797749979
300, 145, 642, 348, 644, 345, -2, 3, 2.158798930342464, 3.605551275463989
300, 146, 971, 14, 972, 14, -1, 0, 3.141592653589793, 1.0
300, 147, 511, 356, 511, 359, 0, -3, -1.5707963267948966, 3.0
300, 148, 948, 12, 950, 13, -2, -1, -2.677945044588987, 2.23606797749979
300, 149, 316, 405, 317, 405, -1, 0, 3.141592653589793, 1.0
300, 150, 650, 87, 651, 86, -1, 1, 2.356194490192345, 1.4142135623730951
300, 151, 119, 215, 120, 212, -1, 3, 1.892546881191539, 3.1622776601683795
300, 152, 966, 692, 967, 697, -1, -5, -1.7681918866447774, 5.0990195135927845
300, 153, 1114, 120, 1116, 120, -2, 0, 3.141592653589793, 2.0
300, 154, 328, 375, 329, 375, -1, 0, 3.141592653589793, 1.0
300, 155, 621, 112, 622, 110, -1, 2, 2.0344439357957027, 2.23606797749979
300, 156, 1212, 477, 1213, 477, -1, 0, 3.141592653589793, 1.0
300, 157, 536, 409, 536, 410, 0, -1, -1.5707963267948966, 1.0
300, 158, 1210, 453, 1210, 453, 0, 0, 0.0, 0.0
300, 159, 1046, 596, 1046, 598, 0, -2, -1.5707963267948966, 2.0
300, 160, 1198, 66, 1200, 69, -2, -3, -2.158798930342464, 3.605551275463989
300, 161, 785, 597, 790, 601, -5, -4, -2.4668517113662407, 6.4031242374328485
300, 162, 847, 632, 847, 627, 0, 5, 1.5707963267948966, 5.0
300, 163, 12, 237, 12, 236, 0, 1, 1.5707963267948966, 1.0
300, 164, 318, 388, 319, 388, -1, 0, 3.141592653589793, 1.0
300, 165, 1256, 370, 1255, 367, 1, 3, 1.2490457723982544, 3.1622776601683795
300, 166, 939, 30, 940, 30, -1, 0, 3.141592653589793, 1.0
300, 167, 1203, 408, 1202, 405, 1, 3, 1.2490457723982544, 3.1622776601683795
300, 168, 269, 344, 269, 344, 0, 0, 0.0, 0.0
300, 169, 487, 136, 487, 140, 0, -4, -1.5707963267948966, 4.0
300, 170, 231, 307, 232, 307, -1, 0, 3.141592653589793, 1.0
300, 171, 284, 348, 285, 348, -1, 0, 3.141592653589793, 1.0
300, 172, 1248, 176, 1250, 181, -2, -5, -1.9513027039072615, 5.385164807134504
300, 173, 314, 395, 314, 395, 0, 0, 0.0, 0.0
300, 174, 509, 346, 509, 349, 0, -3, -1.5707963267948966, 3.0
300, 175, 261, 405, 262, 405, -1, 0, 3.141592653589793, 1.0
300, 176, 38, 502, 38, 502, 0, 0, 0.0, 0.0
300, 177, 1017, 573, 1017, 575, 0, -2, -1.5707963267948966, 2.0
300, 178, 295, 409, 296, 409, -1, 0, 3.141592653589793, 1.0
300, 179, 1209, 445, 1209, 445, 0, 0, 0.0, 0.0
301, 0, 538, 423, 538, 424, 0, -1, -1.5707963267948966, 1.0
301, 1, 863, 60, 863, 64, 0, -4, -1.5707963267948966, 4.0
301, 2, 271, 335, 272, 335, -1, 0, 3.141592653589793, 1.0
301, 3, 1056, 519, 1057, 524, -1, -5, -1.7681918866447774, 5.0990195135927845
301, 4, 562, 59, 561, 58, 1, 1, 0.7853981633974483, 1.4142135623730951
301, 5, 149, 188, 150, 187, -1, 1, 2.356194490192345, 1.4142135623730951
301, 6, 1032, 585, 1032, 588, 0, -3, -1.5707963267948966, 3.0
301, 7, 1041, 515, 1042, 520, -1, -5, -1.7681918866447774, 5.0990195135927845
301, 8, 245, 330, 246, 330, -1, 0, 3.141592653589793, 1.0
301, 9, 569, 77, 569, 77, 0, 0, 0.0, 0.0
301, 10, 853, 60, 853, 64, 0, -4, -1.5707963267948966, 4.0
301, 11, 257, 379, 258, 379, -1, 0, 3.141592653589793, 1.0
301, 12, 513, 155, 513, 154, 0, 1, 1.5707963267948966, 1.0
301, 13, 1062, 552, 1062, 556, 0, -4, -1.5707963267948966, 4.0
301, 14, 332, 345, 333, 345, -1, 0, 3.141592653589793, 1.0
301, 15, 558, 73, 557, 71, 1, 2, 1.1071487177940904, 2.23606797749979
301, 16, 21, 258, 22, 256, -1, 2, 2.0344439357957027, 2.23606797749979
301, 17, 858, 611, 858, 607, 0, 4, 1.5707963267948966, 4.0
301, 18, 618, 400, 619, 396, -1, 4, 1.8157749899217608, 4.123105625617661
301, 19, 787, 550, 791, 554, -4, -4, -2.356194490192345, 5.656854249492381
301, 20, 845, 94, 845, 93, 0, 1, 1.5707963267948966, 1.0
301, 21, 504, 126, 505, 130, -1, -4, -1.8157749899217608, 4.123105625617661
301, 22, 499, 116, 500, 120, -1, -4, -1.8157749899217608, 4.123105625617661
301, 23, 861, 50, 861, 54, 0, -4, -1.5707963267948966, 4.0
301, 24, 682, 85, 682, 84, 0, 1, 1.5707963267948966, 1.0
301, 25, 564, 70, 563, 69, 1, 1, 0.7853981633974483, 1.4142135623730951
301, 26, 567, 12, 565, 13, 2, -1, -0.4636476090008061, 2.23606797749979
301, 27, 1012, 664, 1013, 670, -1, -6, -1.7359450042095235, 6.082762530298219
301, 28, 500, 384, 500, 388, 0, -4, -1.5707963267948966, 4.0
301, 29, 118, 198, 120, 195, -2, 3, 2.158798930342464, 3.605551275463989
301, 30, 238, 321, 239, 321, -1, 0, 3.141592653589793, 1.0
301, 31, 16, 265, 17, 263, -1, 2, 2.0344439357957027, 2.23606797749979
301, 32, 969, 693, 970, 698, -1, -5, -1.7681918866447774, 5.0990195135927845
301, 33, 251, 341, 252, 341, -1, 0, 3.141592653589793, 1.0
301, 34, 300, 326, 301, 326, -1, 0, 3.141592653589793, 1.0
301, 35, 494, 124, 494, 128, 0, -4, -1.5707963267948966, 4.0
301, 36, 511, 168, 512, 171, -1, -3, -1.892546881191539, 3.1622776601683795
301, 37, 245, 403, 246, 403, -1, 0, 3.141592653589793, 1.0
301, 38, 24, 293, 23, 290, 1, 3, 1.2490457723982544, 3.1622776601683795
301, 39, 1165, 62, 1169, 64, -4, -2, -2.677945044588987, 4.47213595499958
301, 40, 514, 338, 514, 341, 0, -3, -1.5707963267948966, 3.0
301, 41, 254, 325, 255, 325, -1, 0, 3.141592653589793, 1.0
301, 42, 757, 544, 761, 548, -4, -4, -2.356194490192345, 5.656854249492381
301, 43, 988, 661, 990, 665, -2, -4, -2.0344439357957027, 4.47213595499958
301, 44, 845, 647, 845, 642, 0, 5, 1.5707963267948966, 5.0
301, 45, 1140, 55, 1144, 57, -4, -2, -2.677945044588987, 4.47213595499958
301, 46, 1136, 48, 1141, 49, -5, -1, -2.9441970937399127, 5.0990195135927845
301, 47, 766, 36, 766, 36, 0, 0, 0.0, 0.0
301, 48, 661, 412, 662, 409, -1, 3, 1.892546881191539, 3.1622776601683795
301, 49, 878, 614, 878, 610, 0, 4, 1.5707963267948966, 4.0
301, 50, 122, 146, 125, 144, -3, 2, 2.5535900500422257, 3.605551275463989
301, 51, 29, 110, 30, 110, -1, 0, 3.141592653589793, 1.0
301, 52, 568, 21, 566, 22, 2, -1, -0.4636476090008061, 2.23606797749979
301, 53, 29, 86, 30, 86, -1, 0, 3.141592653589793, 1.0
301, 54, 1253, 413, 1252, 410, 1, 3, 1.2490457723982544, 3.1622776601683795
301, 55, 637, 79, 638, 78, -1, 1, 2.356194490192345, 1.4142135623730951
301, 56, 1149, 102, 1151, 101, -2, 1, 2.677945044588987, 2.23606797749979
301, 57, 1103, 117, 1105, 117, -2, 0, 3.141592653589793, 2.0
301, 58, 1238, 28, 1241, 29, -3, -1, -2.819842099193151, 3.1622776601683795
301, 59, 857, 130, 857, 132, 0, -2, -1.5707963267948966, 2.0
301, 60, 481, 186, 482, 189, -1, -3, -1.892546881191539, 3.1622776601683795
301, 61, 848, 66, 848, 70, 0, -4, -1.5707963267948966, 4.0
301, 62, 226, 318, 226, 318, 0, 0, 0.0, 0.0
301, 63, 503, 359, 503, 363, 0, -4, -1.5707963267948966, 4.0
301, 64, 779, 555, 783, 559, -4, -4, -2.356194490192345, 5.656854249492381
301, 65, 843, 656, 844, 652, -1, 4, 1.8157749899217608, 4.123105625617661
301, 66, 707, 157, 707, 158, 0, -1, -1.5707963267948966, 1.0
301, 67, 938, 17, 939, 17, -1, 0, 3.141592653589793, 1.0
301, 68, 755, 486, 759, 490, -4, -4, -2.356194490192345, 5.656854249492381
301, 69, 483, 168, 484, 171, -1, -3, -1.892546881191539, 3.1622776601683795
301, 70, 750, 544, 754, 548, -4, -4, -2.356194490192345, 5.656854249492381
301, 71, 633, 349, 635, 346, -2, 3, 2.158798930342464, 3.605551275463989
301, 72, 330, 360, 331, 360, -1, 0, 3.141592653589793, 1.0
301, 73, 217, 12, 217, 12, 0, 0, 0.0, 0.0
301, 74, 328, 405, 329, 405, -1, 0, 3.141592653589793, 1.0
301, 75, 255, 387, 256, 387, -1, 0, 3.141592653589793, 1.0
301, 76, 1196, 27, 1199, 30, -3, -3, -2.356194490192345, 4.242640687119285
301, 77, 764, 602, 766, 604, -2, -2, -2.356194490192345, 2.8284271247461903
301, 78, 644, 432, 645, 432, -1, 0, 3.141592653589793, 1.0
301, 79, 118, 175, 120, 172, -2, 3, 2.158798930342464, 3.605551275463989
301, 80, 18, 501, 16, 498, 2, 3, 0.982793723247329, 3.605551275463989
301, 81, 1246, 425, 1245, 422, 1, 3, 1.2490457723982544, 3.1622776601683795
301, 82, 769, 43, 770, 43, -1, 0, 3.141592653589793, 1.0
301, 83, 507, 214, 506, 219, 1, -5, -1.373400766945016, 5.0990195135927845
301, 84, 1239, 20, 1242, 21, -3, -1, -2.819842099193151, 3.1622776601683795
301, 85, 1145, 126, 1147, 128, -2, -2, -2.356194490192345, 2.8284271247461903
301, 86, 510, 133, 511, 136, -1, -3, -1.892546881191539, 3.1622776601683795
301, 87, 629, 395, 630, 392, -1, 3, 1.892546881191539, 3.1622776601683795
301, 88, 492, 174, 493, 177, -1, -3, -1.892546881191539, 3.1622776601683795
301, 89, 633, 85, 634, 84, -1, 1, 2.356194490192345, 1.4142135623730951
301, 90, 238, 307, 239, 307, -1, 0, 3.141592653589793, 1.0
301, 91, 667, 29, 667, 29, 0, 0, 0.0, 0.0
301, 92, 1129, 56, 1134, 57, -5, -1, -2.9441970937399127, 5.0990195135927845
301, 93, 1258, 159, 1261, 160, -3, -1, -2.819842099193151, 3.1622776601683795
301, 94, 1126, 99, 1130, 100, -4, -1, -2.896613990462929, 4.123105625617661
301, 95, 122, 226, 123, 223, -1, 3, 1.892546881191539, 3.1622776601683795
301, 96, 1224, 127, 1226, 126, -2, 1, 2.677945044588987, 2.23606797749979
301, 97, 634, 18, 634, 17, 0, 1, 1.5707963267948966, 1.0
301, 98, 741, 561, 741, 565, 0, -4, -1.5707963267948966, 4.0
301, 99, 813, 14, 814, 14, -1, 0, 3.141592653589793, 1.0
301, 100, 1214, 485, 1215, 485, -1, 0, 3.141592653589793, 1.0
301, 101, 254, 332, 255, 332, -1, 0, 3.141592653589793, 1.0
301, 102, 146, 209, 147, 209, -1, 0, 3.141592653589793, 1.0
301, 103, 40, 138, 41, 138, -1, 0, 3.141592653589793, 1.0
301, 104, 886, 668, 885, 666, 1, 2, 1.1071487177940904, 2.23606797749979
301, 105, 847, 102, 847, 103, 0, -1, -1.5707963267948966, 1.0
301, 106, 846, 138, 846, 140, 0, -2, -1.5707963267948966, 2.0
301, 107, 60, 159, 61, 159, -1, 0, 3.141592653589793, 1.0
301, 108, 1152, 55, 1156, 57, -4, -2, -2.677945044588987, 4.47213595499958
301, 109, 774, 497, 777, 501, -3, -4, -2.214297435588181, 5.0
301, 110, 787, 529, 791, 533, -4, -4, -2.356194490192345, 5.656854249492381
301, 111, 107, 138, 110, 136, -3, 2, 2.5535900500422257, 3.605551275463989
301, 112, 812, 23, 813, 23, -1, 0, 3.141592653589793, 1.0
301, 113, 497, 195, 497, 198, 0, -3, -1.5707963267948966, 3.0
301, 114, 255, 364, 256, 364, -1, 0, 3.141592653589793, 1.0
301, 115, 31, 119, 32, 119, -1, 0, 3.141592653589793, 1.0
301, 116, 51, 156, 52, 156, -1, 0, 3.141592653589793, 1.0
301, 117, 649, 398, 650, 394, -1, 4, 1.8157749899217608, 4.123105625617661
301, 118, 922, 94, 923, 94, -1, 0, 3.141592653589793, 1.0
301, 119, 1209, 394, 1208, 392, 1, 2, 1.1071487177940904, 2.23606797749979
301, 120, 1137, 123, 1139, 124, -2, -1, -2.677945044588987, 2.23606797749979
301, 121, 872, 80, 872, 83, 0, -3, -1.5707963267948966, 3.0
301, 122, 981, 664, 983, 668, -2, -4, -2.0344439357957027, 4.47213595499958
301, 123, 1022, 696, 1023, 701, -1, -5, -1.7681918866447774, 5.0990195135927845
301, 124, 697, 126, 697, 126, 0, 0, 0.0, 0.0
301, 125, 1201, 33, 1204, 36, -3, -3, -2.356194490192345, 4.242640687119285
301, 126, 264, 379, 265, 379, -1, 0, 3.141592653589793, 1.0
301, 127, 50, 148, 51, 148, -1, 0, 3.141592653589793, 1.0
301, 128, 269, 322, 269, 322, 0, 0, 0.0, 0.0
301, 129, 745, 39, 745, 39, 0, 0, 0.0, 0.0
301, 130, 1215, 84, 1217, 87, -2, -3, -2.158798930342464, 3.605551275463989
301, 131, 134, 191, 136, 188, -2, 3, 2.158798930342464, 3.605551275463989
301, 132, 1162, 43, 1167, 45, -5, -2, -2.761086276477428, 5.385164807134504
301, 133, 30, 450, 30, 450, 0, 0, 0.0, 0.0
301, 134, 758, 46, 758, 46, 0, 0, 0.0, 0.0
301, 135, 282, 317, 283, 317, -1, 0, 3.141592653589793, 1.0
301, 136, 635, 164, 636, 164, -1, 0, 3.141592653589793, 1.0
301, 137, 752, 28, 753, 28, -1, 0, 3.141592653589793, 1.0
301, 138, 625, 105, 626, 104, -1, 1, 2.356194490192345, 1.4142135623730951
301, 139, 641, 351, 642, 348, -1, 3, 1.892546881191539, 3.1622776601683795
301, 140, 512, 353, 511, 356, 1, -3, -1.2490457723982544, 3.1622776601683795
301, 141, 946, 11, 948, 12, -2, -1, -2.677945044588987, 2.23606797749979
301, 142, 315, 405, 316, 405, -1, 0, 3.141592653589793, 1.0
301, 143, 649, 88, 650, 87, -1, 1, 2.356194490192345, 1.4142135623730951
301, 144, 118, 217, 119, 215, -1, 2, 2.0344439357957027, 2.23606797749979
301, 145, 965, 687, 966, 692, -1, -5, -1.7681918866447774, 5.0990195135927845
301, 146, 1113, 120, 1114, 120, -1, 0, 3.141592653589793, 1.0
301, 147, 327, 375, 328, 375, -1, 0, 3.141592653589793, 1.0
301, 148, 620, 113, 621, 112, -1, 1, 2.356194490192345, 1.4142135623730951
301, 149, 1211, 477, 1212, 477, -1, 0, 3.141592653589793, 1.0
301, 150, 536, 408, 536, 409, 0, -1, -1.5707963267948966, 1.0
301, 151, 1210, 454, 1210, 453, 0, 1, 1.5707963267948966, 1.0
301, 152, 1046, 593, 1046, 596, 0, -3, -1.5707963267948966, 3.0
301, 153, 1196, 63, 1198, 66, -2, -3, -2.158798930342464, 3.605551275463989
301, 154, 780, 592, 785, 597, -5, -5, -2.356194490192345, 7.0710678118654755
301, 155, 847, 636, 847, 632, 0, 4, 1.5707963267948966, 4.0
301, 156, 12, 239, 12, 237, 0, 2, 1.5707963267948966, 2.0
301, 157, 317, 388, 318, 388, -1, 0, 3.141592653589793, 1.0
301, 158, 1258, 373, 1256, 370, 2, 3, 0.982793723247329, 3.605551275463989
301, 159, 938, 30, 939, 30, -1, 0, 3.141592653589793, 1.0
301, 160, 1204, 410, 1203, 408, 1, 2, 1.1071487177940904, 2.23606797749979
301, 161, 269, 344, 269, 344, 0, 0, 0.0, 0.0
301, 162, 487, 132, 487, 136, 0, -4, -1.5707963267948966, 4.0
301, 163, 230, 307, 231, 307, -1, 0, 3.141592653589793, 1.0
301, 164, 283, 348, 284, 348, -1, 0, 3.141592653589793, 1.0
301, 165, 1247, 174, 1248, 176, -1, -2, -2.0344439357957027, 2.23606797749979
301, 166, 313, 395, 314, 395, -1, 0, 3.141592653589793, 1.0
301, 167, 510, 343, 509, 346, 1, -3, -1.2490457723982544, 3.1622776601683795
301, 168, 260, 405, 261, 405, -1, 0, 3.141592653589793, 1.0
301, 169, 37, 502, 38, 502, -1, 0, 3.141592653589793, 1.0
301, 170, 1018, 570, 1017, 573, 1, -3, -1.2490457723982544, 3.1622776601683795
301, 171, 294, 409, 295, 409, -1, 0, 3.141592653589793, 1.0
301, 172, 1209, 447, 1209, 445, 0, 2, 1.5707963267948966, 2.0
302, 0, 562, 71, 561, 71, 1, 0, 0.0, 1.0
302, 1, 1042, 514, 1043, 519, -1, -5, -1.7681918866447774, 5.0990195135927845
302, 2, 148, 189, 150, 188, -2, 1, 2.677945044588987, 2.23606797749979
302, 3, 1058, 517, 1059, 522, -1, -5, -1.7681918866447774, 5.0990195135927845
302, 4, 258, 379, 259, 379, -1, 0, 3.141592653589793, 1.0
302, 5, 248, 331, 248, 331, 0, 0, 0.0, 0.0
302, 6, 786, 550, 791, 554, -5, -4, -2.4668517113662407, 6.4031242374328485
302, 7, 273, 336, 273, 336, 0, 0, 0.0, 0.0
302, 8, 569, 77, 569, 77, 0, 0, 0.0, 0.0
302, 9, 1015, 697, 1016, 703, -1, -6, -1.7359450042095235, 6.082762530298219
302, 10, 619, 400, 620, 397, -1, 3, 1.892546881191539, 3.1622776601683795
302, 11, 863, 61, 863, 65, 0, -4, -1.5707963267948966, 4.0
302, 12, 706, 97, 707, 99, -1, -2, -2.0344439357957027, 2.23606797749979
302, 13, 15, 265, 15, 263, 0, 2, 1.5707963267948966, 2.0
302, 14, 23, 258, 23, 256, 0, 2, 1.5707963267948966, 2.0
302, 15, 1064, 549, 1064, 553, 0, -4, -1.5707963267948966, 4.0
302, 16, 859, 612, 858, 608, 1, 4, 1.3258176636680326, 4.123105625617661
302, 17, 333, 346, 334, 346, -1, 0, 3.141592653589793, 1.0
302, 18, 505, 126, 505, 130, 0, -4, -1.5707963267948966, 4.0
302, 19, 1012, 664, 1013, 670, -1, -6, -1.7359450042095235, 6.082762530298219
302, 20, 563, 58, 562, 58, 1, 0, 0.0, 1.0
302, 21, 777, 554, 781, 558, -4, -4, -2.356194490192345, 5.656854249492381
302, 22, 682, 85, 682, 84, 0, 1, 1.5707963267948966, 1.0
302, 23, 500, 117, 500, 121, 0, -4, -1.5707963267948966, 4.0
302, 24, 571, 13, 569, 14, 2, -1, -0.4636476090008061, 2.23606797749979
302, 25, 1021, 561, 1020, 563, 1, -2, -1.1071487177940904, 2.23606797749979
302, 26, 1164, 85, 1167, 87, -3, -2, -2.5535900500422257, 3.605551275463989
302, 27, 301, 326, 302, 326, -1, 0, 3.141592653589793, 1.0
302, 28, 758, 544, 761, 548, -3, -4, -2.214297435588181, 5.0
302, 29, 1140, 55, 1144, 57, -4, -2, -2.677945044588987, 4.47213595499958
302, 30, 493, 126, 493, 130, 0, -4, -1.5707963267948966, 4.0
302, 31, 240, 322, 240, 322, 0, 0, 0.0, 0.0
302, 32, 844, 95, 845, 94, -1, 1, 2.356194490192345, 1.4142135623730951
302, 33, 854, 61, 854, 64, 0, -3, -1.5707963267948966, 3.0
302, 34, 30, 111, 31, 111, -1, 0, 3.141592653589793, 1.0
302, 35, 1238, 29, 1241, 30, -3, -1, -2.819842099193151, 3.1622776601683795
302, 36, 253, 342, 253, 342, 0, 0, 0.0, 0.0
302, 37, 245, 403, 246, 403, -1, 0, 3.141592653589793, 1.0
302, 38, 861, 52, 861, 55, 0, -3, -1.5707963267948966, 3.0
302, 39, 256, 326, 256, 326, 0, 0, 0.0, 0.0
302, 40, 707, 158, 707, 159, 0, -1, -1.5707963267948966, 1.0
302, 41, 502, 383, 502, 387, 0, -4, -1.5707963267948966, 4.0
302, 42, 538, 422, 538, 425, 0, -3, -1.5707963267948966, 3.0
302, 43, 122, 145, 125, 143, -3, 2, 2.5535900500422257, 3.605551275463989
302, 44, 971, 692, 972, 697, -1, -5, -1.7681918866447774, 5.0990195135927845
302, 45, 990, 658, 992, 662, -2, -4, -2.0344439357957027, 4.47213595499958
302, 46, 766, 36, 767, 36, -1, 0, 3.141592653589793, 1.0
302, 47, 1254, 414, 1253, 411, 1, 3, 1.2490457723982544, 3.1622776601683795
302, 48, 329, 405, 330, 405, -1, 0, 3.141592653589793, 1.0
302, 49, 227, 318, 227, 318, 0, 0, 0.0, 0.0
302, 50, 30, 87, 31, 87, -1, 0, 3.141592653589793, 1.0
302, 51, 331, 360, 332, 360, -1, 0, 3.141592653589793, 1.0
302, 52, 1051, 589, 1050, 593, 1, -4, -1.3258176636680326, 4.123105625617661
302, 53, 510, 169, 511, 171, -1, -2, -2.0344439357957027, 2.23606797749979
302, 54, 217, 12, 217, 12, 0, 0, 0.0, 0.0
302, 55, 538, 403, 537, 404, 1, -1, -0.7853981633974483, 1.4142135623730951
302, 56, 119, 198, 120, 196, -1, 2, 2.0344439357957027, 2.23606797749979
302, 57, 1151, 54, 1155, 56, -4, -2, -2.677945044588987, 4.47213595499958
302, 58, 637, 79, 638, 78, -1, 1, 2.356194490192345, 1.4142135623730951
302, 59, 1171, 64, 1175, 66, -4, -2, -2.677945044588987, 4.47213595499958
302, 60, 1161, 76, 1164, 79, -3, -3, -2.356194490192345, 4.242640687119285
302, 61, 755, 486, 759, 490, -4, -4, -2.356194490192345, 5.656854249492381
302, 62, 505, 360, 504, 364, 1, -4, -1.3258176636680326, 4.123105625617661
302, 63, 1261, 160, 1266, 161, -5, -1, -2.9441970937399127, 5.0990195135927845
302, 64, 516, 339, 515, 342, 1, -3, -1.2490457723982544, 3.1622776601683795
302, 65, 1136, 48, 1141, 50, -5, -2, -2.761086276477428, 5.385164807134504
302, 66, 856, 132, 856, 133, 0, -1, -1.5707963267948966, 1.0
302, 67, 661, 413, 662, 410, -1, 3, 1.892546881191539, 3.1622776601683795
302, 68, 513, 160, 513, 158, 0, 2, 1.5707963267948966, 2.0
302, 69, 1214, 79, 1217, 82, -3, -3, -2.356194490192345, 4.242640687119285
302, 70, 1198, 28, 1201, 30, -3, -2, -2.5535900500422257, 3.605551275463989
302, 71, 880, 615, 880, 611, 0, 4, 1.5707963267948966, 4.0
302, 72, 946, 11, 948, 12, -2, -1, -2.677945044588987, 2.23606797749979
302, 73, 841, 660, 842, 657, -1, 3, 1.892546881191539, 3.1622776601683795
302, 74, 483, 168, 484, 172, -1, -4, -1.8157749899217608, 4.123105625617661
302, 75, 629, 396, 630, 393, -1, 3, 1.892546881191539, 3.1622776601683795
302, 76, 1235, 20, 1238, 21, -3, -1, -2.819842099193151, 3.1622776601683795
302, 77, 770, 43, 771, 43, -1, 0, 3.141592653589793, 1.0
302, 78, 255, 388, 256, 388, -1, 0, 3.141592653589793, 1.0
302, 79, 936, 100, 937, 100, -1, 0, 3.141592653589793, 1.0
302, 80, 1023, 695, 1024, 701, -1, -6, -1.7359450042095235, 6.082762530298219
302, 81, 572, 22, 570, 23, 2, -1, -0.4636476090008061, 2.23606797749979
302, 82, 647, 84, 648, 84, -1, 0, 3.141592653589793, 1.0
302, 83, 506, 214, 505, 219, 1, -5, -1.373400766945016, 5.0990195135927845
302, 84, 635, 349, 636, 346, -1, 3, 1.892546881191539, 3.1622776601683795
302, 85, 481, 184, 482, 188, -1, -4, -1.8157749899217608, 4.123105625617661
302, 86, 669, 30, 669, 30, 0, 0, 0.0, 0.0
302, 87, 1261, 241, 1275, 240, -14, 1, 3.070285188804503, 14.035668847618199
302, 88, 969, 12, 971, 14, -2, -2, -2.356194490192345, 2.8284271247461903
302, 89, 1246, 427, 1245, 424, 1, 3, 1.2490457723982544, 3.1622776601683795
302, 90, 333, 339, 333, 339, 0, 0, 0.0, 0.0
302, 91, 119, 174, 121, 172, -2, 2, 2.356194490192345, 2.8284271247461903
302, 92, 1215, 485, 1216, 485, -1, 0, 3.141592653589793, 1.0
302, 93, 136, 193, 137, 190, -1, 3, 1.892546881191539, 3.1622776601683795
302, 94, 732, 550, 733, 550, -1, 0, 3.141592653589793, 1.0
302, 95, 773, 496, 776, 500, -3, -4, -2.214297435588181, 5.0
302, 96, 240, 307, 240, 307, 0, 0, 0.0, 0.0
302, 97, 1243, 172, 1244, 172, -1, 0, 3.141592653589793, 1.0
302, 98, 849, 67, 849, 70, 0, -3, -1.5707963267948966, 3.0
302, 99, 813, 23, 814, 23, -1, 0, 3.141592653589793, 1.0
302, 100, 887, 666, 886, 665, 1, 1, 0.7853981633974483, 1.4142135623730951
302, 101, 1028, 545, 1028, 550, 0, -5, -1.5707963267948966, 5.0
302, 102, 565, 22, 563, 23, 2, -1, -0.4636476090008061, 2.23606797749979
302, 103, 980, 660, 982, 665, -2, -5, -1.9513027039072615, 5.385164807134504
302, 104, 38, 135, 39, 135, -1, 0, 3.141592653589793, 1.0
302, 105, 931, 93, 932, 93, -1, 0, 3.141592653589793, 1.0
302, 106, 634, 86, 635, 85, -1, 1, 2.356194490192345, 1.4142135623730951
302, 107, 634, 165, 635, 165, -1, 0, 3.141592653589793, 1.0
302, 108, 497, 195, 497, 198, 0, -3, -1.5707963267948966, 3.0
302, 109, 814, 13, 815, 13, -1, 0, 3.141592653589793, 1.0
302, 110, 1129, 56, 1134, 58, -5, -2, -2.761086276477428, 5.385164807134504
302, 111, 147, 210, 147, 210, 0, 0, 0.0, 0.0
302, 112, 773, 50, 774, 50, -1, 0, 3.141592653589793, 1.0
302, 113, 633, 460, 634, 460, -1, 0, 3.141592653589793, 1.0
302, 114, 258, 335, 258, 335, 0, 0, 0.0, 0.0
302, 115, 12, 241, 12, 239, 0, 2, 1.5707963267948966, 2.0
302, 116, 1023, 571, 1022, 574, 1, -3, -1.2490457723982544, 3.1622776601683795
302, 117, 622, 113, 622, 112, 0, 1, 1.5707963267948966, 1.0
302, 118, 511, 133, 511, 136, 0, -3, -1.5707963267948966, 3.0
302, 119, 720, 31, 722, 32, -2, -1, -2.677945044588987, 2.23606797749979
302, 120, 32, 120, 33, 120, -1, 0, 3.141592653589793, 1.0
302, 121, 1163, 43, 1167, 45, -4, -2, -2.677945044588987, 4.47213595499958
302, 122, 1261, 193, 1271, 195, -10, -2, -2.9441970937399127, 10.198039027185569
302, 123, 760, 16, 760, 17, 0, -1, -1.5707963267948966, 1.0
302, 124, 773, 589, 777, 592, -4, -3, -2.498091544796509, 5.0
302, 125, 923, 94, 924, 94, -1, 0, 3.141592653589793, 1.0
302, 126, 125, 226, 126, 224, -1, 2, 2.0344439357957027, 2.23606797749979
302, 127, 746, 40, 746, 40, 0, 0, 0.0, 0.0
302, 128, 1202, 34, 1205, 36, -3, -2, -2.5535900500422257, 3.605551275463989
302, 129, 697, 125, 697, 125, 0, 0, 0.0, 0.0
302, 130, 1261, 74, 1267, 76, -6, -2, -2.819842099193151, 6.324555320336759
302, 131, 508, 387, 508, 391, 0, -4, -1.5707963267948966, 4.0
302, 132, 848, 135, 848, 136, 0, -1, -1.5707963267948966, 1.0
302, 133, 1259, 372, 1257, 370, 2, 2, 0.7853981633974483, 2.8284271247461903
302, 134, 1034, 577, 1034, 581, 0, -4, -1.5707963267948966, 4.0
302, 135, 1209, 395, 1208, 392, 1, 3, 1.2490457723982544, 3.1622776601683795
302, 136, 635, 18, 635, 17, 0, 1, 1.5707963267948966, 1.0
302, 137, 940, 31, 940, 31, 0, 0, 0.0, 0.0
302, 138, 528, 423, 528, 428, 0, -5, -1.5707963267948966, 5.0
302, 139, 294, 382, 295, 384, -1, -2, -2.0344439357957027, 2.23606797749979
302, 140, 663, 90, 663, 89, 0, 1, 1.5707963267948966, 1.0
302, 141, 787, 529, 791, 533, -4, -4, -2.356194490192345, 5.656854249492381
302, 142, 318, 388, 319, 388, -1, 0, 3.141592653589793, 1.0
302, 143, 309, 385, 310, 385, -1, 0, 3.141592653589793, 1.0
302, 144, 647, 430, 648, 429, -1, 1, 2.356194490192345, 1.4142135623730951
302, 145, 642, 352, 643, 349, -1, 3, 1.892546881191539, 3.1622776601683795
302, 146, 269, 321, 269, 322, 0, -1, -1.5707963267948966, 1.0
302, 147, 1235, 64, 1238, 65, -3, -1, -2.819842099193151, 3.1622776601683795
302, 148, 972, 20, 974, 22, -2, -2, -2.356194490192345, 2.8284271247461903
302, 149, 702, 85, 703, 87, -1, -2, -2.0344439357957027, 2.23606797749979
302, 150, 872, 80, 872, 83, 0, -3, -1.5707963267948966, 3.0
302, 151, 753, 28, 754, 28, -1, 0, 3.141592653589793, 1.0
302, 152, 757, 46, 758, 46, -1, 0, 3.141592653589793, 1.0
302, 153, 884, 640, 884, 637, 0, 3, 1.5707963267948966, 3.0
302, 154, 1247, 179, 1248, 179, -1, 0, 3.141592653589793, 1.0
302, 155, 649, 396, 650, 393, -1, 3, 1.892546881191539, 3.1622776601683795
302, 156, 328, 376, 329, 376, -1, 0, 3.141592653589793, 1.0
302, 157, 844, 650, 845, 647, -1, 3, 1.892546881191539, 3.1622776601683795
302, 158, 1031, 619, 1031, 620, 0, -1, -1.5707963267948966, 1.0
302, 159, 108, 139, 111, 137, -3, 2, 2.5535900500422257, 3.605551275463989
302, 160, 118, 218, 119, 216, -1, 2, 2.0344439357957027, 2.23606797749979
302, 161, 1204, 410, 1203, 408, 1, 2, 1.1071487177940904, 2.23606797749979
302, 162, 283, 317, 284, 317, -1, 0, 3.141592653589793, 1.0
302, 163, 860, 11, 861, 13, -1, -2, -2.0344439357957027, 2.23606797749979
302, 164, 38, 503, 38, 503, 0, 0, 0.0, 0.0
302, 165, 316, 406, 317, 406, -1, 0, 3.141592653589793, 1.0
302, 166, 1212, 478, 1213, 478, -1, 0, 3.141592653589793, 1.0
302, 167, 563, 45, 561, 45, 2, 0, 0.0, 2.0
302, 168, 38, 453, 37, 453, 1, 0, 0.0, 1.0
302, 169, 1124, 100, 1127, 100, -3, 0, 3.141592653589793, 3.0
302, 170, 24, 295, 24, 292, 0, 3, 1.5707963267948966, 3.0
302, 171, 1027, 538, 1027, 543, 0, -5, -1.5707963267948966, 5.0
302, 172, 538, 411, 537, 413, 1, -2, -1.1071487177940904, 2.23606797749979
302, 173, 674, 92, 674, 91, 0, 1, 1.5707963267948966, 1.0
302, 174, 514, 354, 513, 357, 1, -3, -1.2490457723982544, 3.1622776601683795
302, 175, 1025, 605, 1025, 607, 0, -2, -1.5707963267948966, 2.0
302, 176, 824, 45, 825, 45, -1, 0, 3.141592653589793, 1.0
302, 177, 1225, 130, 1226, 130, -1, 0, 3.141592653589793, 1.0
302, 178, 269, 344, 269, 344, 0, 0, 0.0, 0.0
302, 179, 1261, 265, 1275, 265, -14, 0, 3.141592653589793, 14.0
302, 180, 868, 66, 868, 70, 0, -4, -1.5707963267948966, 4.0
302, 181, 1146, 123, 1149, 125, -3, -2, -2.5535900500422257, 3.605551275463989
302, 182, 1003, 701, 1005, 711, -2, -10, -1.7681918866447774, 10.198039027185569
302, 183, 1195, 64, 1197, 67, -2, -3, -2.158798930342464, 3.605551275463989
302, 184, 232, 307, 232, 307, 0, 0, 0.0, 0.0
302, 185, 765, 603, 767, 604, -2, -1, -2.677945044588987, 2.23606797749979
302, 186, 25, 511, 22, 507, 3, 4, 0.9272952180016122, 5.0
302, 187, 1017, 604, 1018, 607, -1, -3, -1.892546881191539, 3.1622776601683795
302, 188, 1261, 95, 1269, 96, -8, -1, -3.017237659043032, 8.06225774829855
302, 189, 1154, 100, 1157, 101, -3, -1, -2.819842099193151, 3.1622776601683795
302, 190, 847, 638, 847, 634, 0, 4, 1.5707963267948966, 4.0
302, 191, 1249, 147, 1251, 150, -2, -3, -2.158798930342464, 3.605551275463989
302, 192, 879, 673, 878, 671, 1, 2, 1.1071487177940904, 2.23606797749979
302, 193, 783, 50, 784, 50, -1, 0, 3.141592653589793, 1.0
302, 194, 295, 409, 296, 409, -1, 0, 3.141592653589793, 1.0
302, 195, 1260, 63, 1264, 65, -4, -2, -2.677945044588987, 4.47213595499958
302, 196, 261, 405, 262, 405, -1, 0, 3.141592653589793, 1.0
302, 197, 313, 395, 314, 395, -1, 0, 3.141592653589793, 1.0
302, 198, 1108, 229, 1109, 229, -1, 0, 3.141592653589793, 1.0
303, 0, 564, 71, 562, 71, 2, 0, 0.0, 2.0
303, 1, 1041, 510, 1042, 514, -1, -4, -1.8157749899217608, 4.123105625617661
303, 2, 144, 191, 148, 189, -4, 2, 2.677945044588987, 4.47213595499958
303, 3, 1056, 512, 1058, 517, -2, -5, -1.9513027039072615, 5.385164807134504
303, 4, 257, 379, 258, 379, -1, 0, 3.141592653589793, 1.0
303, 5, 248, 331, 248, 331, 0, 0, 0.0, 0.0
303, 6, 782, 546, 786, 550, -4, -4, -2.356194490192345, 5.656854249492381
303, 7, 273, 336, 273, 336, 0, 0, 0.0, 0.0
303, 8, 570, 77, 569, 77, 1, 0, 0.0, 1.0
303, 9, 1013, 692, 1015, 697, -2, -5, -1.9513027039072615, 5.385164807134504
303, 10, 619, 404, 619, 400, 0, 4, 1.5707963267948966, 4.0
303, 11, 863, 57, 863, 61, 0, -4, -1.5707963267948966, 4.0
303, 12, 706, 92, 706, 97, 0, -5, -1.5707963267948966, 5.0
303, 13, 15, 269, 15, 265, 0, 4, 1.5707963267948966, 4.0
303, 14, 22, 262, 23, 258, -1, 4, 1.8157749899217608, 4.123105625617661
303, 15, 1064, 544, 1064, 549, 0, -5, -1.5707963267948966, 5.0
303, 16, 861, 615, 859, 612, 2, 3, 0.982793723247329, 3.605551275463989
303, 17, 332, 346, 333, 346, -1, 0, 3.141592653589793, 1.0
303, 18, 506, 122, 505, 126, 1, -4, -1.3258176636680326, 4.123105625617661
303, 19, 1010, 658, 1012, 664, -2, -6, -1.892546881191539, 6.324555320336759
303, 20, 566, 57, 563, 58, 3, -1, -0.3217505543966422, 3.1622776601683795
303, 21, 773, 550, 777, 554, -4, -4, -2.356194490192345, 5.656854249492381
303, 22, 682, 87, 682, 85, 0, 2, 1.5707963267948966, 2.0
303, 23, 501, 112, 500, 117, 1, -5, -1.373400766945016, 5.0990195135927845
303, 24, 575, 12, 571, 13, 4, -1, -0.24497866312686414, 4.123105625617661
303, 25, 1023, 560, 1021, 561, 2, -1, -0.4636476090008061, 2.23606797749979
303, 26, 1162, 82, 1164, 85, -2, -3, -2.158798930342464, 3.605551275463989
303, 27, 300, 326, 301, 326, -1, 0, 3.141592653589793, 1.0
303, 28, 754, 540, 758, 544, -4, -4, -2.356194490192345, 5.656854249492381
303, 29, 1136, 53, 1140, 55, -4, -2, -2.677945044588987, 4.47213595499958
303, 30, 493, 122, 493, 126, 0, -4, -1.5707963267948966, 4.0
303, 31, 240, 322, 240, 322, 0, 0, 0.0, 0.0
303, 32, 844, 95, 844, 95, 0, 0, 0.0, 0.0
303, 33, 854, 57, 854, 61, 0, -4, -1.5707963267948966, 4.0
303, 34, 29, 111, 30, 111, -1, 0, 3.141592653589793, 1.0
303, 35, 1233, 26, 1238, 29, -5, -3, -2.601173153319209, 5.830951894845301
303, 36, 253, 342, 253, 342, 0, 0, 0.0, 0.0
303, 37, 244, 403, 245, 403, -1, 0, 3.141592653589793, 1.0
303, 38, 861, 48, 861, 52, 0, -4, -1.5707963267948966, 4.0
303, 39, 256, 326, 256, 326, 0, 0, 0.0, 0.0
303, 40, 707, 154, 707, 158, 0, -4, -1.5707963267948966, 4.0
303, 41, 503, 379, 502, 383, 1, -4, -1.3258176636680326, 4.123105625617661
303, 42, 539, 417, 538, 422, 1, -5, -1.373400766945016, 5.0990195135927845
303, 43, 120, 148, 122, 145, -2, 3, 2.158798930342464, 3.605551275463989
303, 44, 970, 688, 971, 692, -1, -4, -1.8157749899217608, 4.123105625617661
303, 45, 987, 655, 990, 658, -3, -3, -2.356194490192345, 4.242640687119285
303, 46, 765, 36, 766, 36, -1, 0, 3.141592653589793, 1.0
303, 47, 1257, 417, 1254, 414, 3, 3, 0.7853981633974483, 4.242640687119285
303, 48, 328, 405, 329, 405, -1, 0, 3.141592653589793, 1.0
303, 49, 227, 318, 227, 318, 0, 0, 0.0, 0.0
303, 50, 29, 87, 30, 87, -1, 0, 3.141592653589793, 1.0
303, 51, 330, 360, 331, 360, -1, 0, 3.141592653589793, 1.0
303, 52, 1051, 584, 1051, 589, 0, -5, -1.5707963267948966, 5.0
303, 53, 510, 171, 510, 169, 0, 2, 1.5707963267948966, 2.0
303, 54, 219, 12, 217, 12, 2, 0, 0.0, 2.0
303, 55, 539, 399, 538, 403, 1, -4, -1.3258176636680326, 4.123105625617661
303, 56, 116, 201, 119, 198, -3, 3, 2.356194490192345, 4.242640687119285
303, 57, 1146, 53, 1151, 54, -5, -1, -2.9441970937399127, 5.0990195135927845
303, 58, 636, 81, 637, 79, -1, 2, 2.0344439357957027, 2.23606797749979
303, 59, 1168, 61, 1171, 64, -3, -3, -2.356194490192345, 4.242640687119285
303, 60, 1158, 72, 1161, 76, -3, -4, -2.214297435588181, 5.0
303, 61, 751, 482, 755, 486, -4, -4, -2.356194490192345, 5.656854249492381
303, 62, 507, 355, 505, 360, 2, -5, -1.1902899496825317, 5.385164807134504
303, 63, 1258, 157, 1261, 160, -3, -3, -2.356194490192345, 4.242640687119285
303, 64, 518, 334, 516, 339, 2, -5, -1.1902899496825317, 5.385164807134504
303, 65, 1132, 46, 1136, 48, -4, -2, -2.677945044588987, 4.47213595499958
303, 66, 856, 130, 856, 132, 0, -2, -1.5707963267948966, 2.0
303, 67, 661, 415, 661, 413, 0, 2, 1.5707963267948966, 2.0
303, 68, 513, 164, 513, 160, 0, 4, 1.5707963267948966, 4.0
303, 69, 1210, 78, 1214, 79, -4, -1, -2.896613990462929, 4.123105625617661
303, 70, 1194, 25, 1198, 28, -4, -3, -2.498091544796509, 5.0
303, 71, 879, 618, 880, 615, -1, 3, 1.892546881191539, 3.1622776601683795
303, 72, 943, 10, 946, 11, -3, -1, -2.819842099193151, 3.1622776601683795
303, 73, 840, 661, 841, 660, -1, 1, 2.356194490192345, 1.4142135623730951
303, 74, 482, 161, 483, 168, -1, -7, -1.7126933813990606, 7.0710678118654755
303, 75, 629, 399, 629, 396, 0, 3, 1.5707963267948966, 3.0
303, 76, 1231, 17, 1235, 20, -4, -3, -2.498091544796509, 5.0
303, 77, 769, 43, 770, 43, -1, 0, 3.141592653589793, 1.0
303, 78, 254, 388, 255, 388, -1, 0, 3.141592653589793, 1.0
303, 79, 935, 100, 936, 100, -1, 0, 3.141592653589793, 1.0
303, 80, 1022, 689, 1023, 695, -1, -6, -1.7359450042095235, 6.082762530298219
303, 81, 576, 21, 572, 22, 4, -1, -0.24497866312686414, 4.123105625617661
303, 82, 646, 85, 647, 84, -1, 1, 2.356194490192345, 1.4142135623730951
303, 83, 506, 211, 506, 214, 0, -3, -1.5707963267948966, 3.0
303, 84, 635, 353, 635, 349, 0, 4, 1.5707963267948966, 4.0
303, 85, 479, 179, 481, 184, -2, -5, -1.9513027039072615, 5.385164807134504
303, 86, 668, 30, 669, 30, -1, 0, 3.141592653589793, 1.0
303, 87, 1261, 241, 1261, 241, 0, 0, 0.0, 0.0
303, 88, 966, 9, 969, 12, -3, -3, -2.356194490192345, 4.242640687119285
303, 89, 1248, 430, 1246, 427, 2, 3, 0.982793723247329, 3.605551275463989
303, 90, 333, 339, 333, 339, 0, 0, 0.0, 0.0
303, 91, 116, 177, 119, 174, -3, 3, 2.356194490192345, 4.242640687119285
303, 92, 133, 194, 136, 193, -3, 1, 2.819842099193151, 3.1622776601683795
303, 93, 732, 547, 732, 550, 0, -3, -1.5707963267948966, 3.0
303, 94, 771, 495, 773, 496, -2, -1, -2.677945044588987, 2.23606797749979
303, 95, 240, 307, 240, 307, 0, 0, 0.0, 0.0
303, 96, 1240, 171, 1243, 172, -3, -1, -2.819842099193151, 3.1622776601683795
303, 97, 849, 64, 849, 67, 0, -3, -1.5707963267948966, 3.0
303, 98, 812, 23, 813, 23, -1, 0, 3.141592653589793, 1.0
303, 99, 888, 668, 887, 666, 1, 2, 1.1071487177940904, 2.23606797749979
303, 100, 1029, 539, 1028, 545, 1, -6, -1.4056476493802699, 6.082762530298219
303, 101, 569, 21, 565, 22, 4, -1, -0.24497866312686414, 4.123105625617661
303, 102, 978, 656, 980, 660, -2, -4, -2.0344439357957027, 4.47213595499958
303, 103, 37, 135, 38, 135, -1, 0, 3.141592653589793, 1.0
303, 104, 930, 93, 931, 93, -1, 0, 3.141592653589793, 1.0
303, 105, 633, 87, 634, 86, -1, 1, 2.356194490192345, 1.4142135623730951
303, 106, 633, 165, 634, 165, -1, 0, 3.141592653589793, 1.0
303, 107, 496, 192, 497, 195, -1, -3, -1.892546881191539, 3.1622776601683795
303, 108, 813, 13, 814, 13, -1, 0, 3.141592653589793, 1.0
303, 109, 1124, 55, 1129, 56, -5, -1, -2.9441970937399127, 5.0990195135927845
303, 110, 145, 210, 147, 210, -2, 0, 3.141592653589793, 2.0
303, 111, 772, 50, 773, 50, -1, 0, 3.141592653589793, 1.0
303, 112, 632, 460, 633, 460, -1, 0, 3.141592653589793, 1.0
303, 113, 258, 335, 258, 335, 0, 0, 0.0, 0.0
303, 114, 12, 245, 12, 241, 0, 4, 1.5707963267948966, 4.0
303, 115, 1024, 570, 1023, 571, 1, -1, -0.7853981633974483, 1.4142135623730951
303, 116, 622, 115, 622, 113, 0, 2, 1.5707963267948966, 2.0
303, 117, 512, 130, 511, 133, 1, -3, -1.2490457723982544, 3.1622776601683795
303, 118, 716, 28, 720, 31, -4, -3, -2.498091544796509, 5.0
303, 119, 31, 120, 32, 120, -1, 0, 3.141592653589793, 1.0
303, 120, 1158, 41, 1163, 43, -5, -2, -2.761086276477428, 5.385164807134504
303, 121, 1259, 190, 1261, 193, -2, -3, -2.158798930342464, 3.605551275463989
303, 122, 760, 15, 760, 16, 0, -1, -1.5707963267948966, 1.0
303, 123, 771, 584, 773, 589, -2, -5, -1.9513027039072615, 5.385164807134504
303, 124, 922, 94, 923, 94, -1, 0, 3.141592653589793, 1.0
303, 125, 123, 228, 125, 226, -2, 2, 2.356194490192345, 2.8284271247461903
303, 126, 746, 40, 746, 40, 0, 0, 0.0, 0.0
303, 127, 1198, 31, 1202, 34, -4, -3, -2.498091544796509, 5.0
303, 128, 1257, 71, 1261, 74, -4, -3, -2.498091544796509, 5.0
303, 129, 509, 383, 508, 387, 1, -4, -1.3258176636680326, 4.123105625617661
303, 130, 848, 133, 848, 135, 0, -2, -1.5707963267948966, 2.0
303, 131, 1261, 375, 1259, 372, 2, 3, 0.982793723247329, 3.605551275463989
303, 132, 1034, 573, 1034, 577, 0, -4, -1.5707963267948966, 4.0
303, 133, 1211, 397, 1209, 395, 2, 2, 0.7853981633974483, 2.8284271247461903
303, 134, 635, 19, 635, 18, 0, 1, 1.5707963267948966, 1.0
303, 135, 940, 31, 940, 31, 0, 0, 0.0, 0.0
303, 136, 528, 417, 528, 423, 0, -6, -1.5707963267948966, 6.0
303, 137, 663, 92, 663, 90, 0, 2, 1.5707963267948966, 2.0
303, 138, 784, 528, 787, 529, -3, -1, -2.819842099193151, 3.1622776601683795
303, 139, 317, 388, 318, 388, -1, 0, 3.141592653589793, 1.0
303, 140, 308, 385, 309, 385, -1, 0, 3.141592653589793, 1.0
303, 141, 647, 435, 647, 430, 0, 5, 1.5707963267948966, 5.0
303, 142, 641, 356, 642, 352, -1, 4, 1.8157749899217608, 4.123105625617661
303, 143, 269, 320, 269, 321, 0, -1, -1.5707963267948966, 1.0
303, 144, 1232, 60, 1235, 64, -3, -4, -2.214297435588181, 5.0
303, 145, 969, 18, 972, 20, -3, -2, -2.5535900500422257, 3.605551275463989
303, 146, 702, 81, 702, 85, 0, -4, -1.5707963267948966, 4.0
303, 147, 873, 76, 872, 80, 1, -4, -1.3258176636680326, 4.123105625617661
303, 148, 756, 46, 757, 46, -1, 0, 3.141592653589793, 1.0
303, 149, 885, 646, 884, 640, 1, 6, 1.4056476493802699, 6.082762530298219
303, 150, 1245, 178, 1247, 179, -2, -1, -2.677945044588987, 2.23606797749979
303, 151, 648, 401, 649, 396, -1, 5, 1.7681918866447774, 5.0990195135927845
303, 152, 327, 376, 328, 376, -1, 0, 3.141592653589793, 1.0
303, 153, 844, 654, 844, 650, 0, 4, 1.5707963267948966, 4.0
303, 154, 1031, 618, 1031, 619, 0, -1, -1.5707963267948966, 1.0
303, 155, 105, 141, 108, 139, -3, 2, 2.5535900500422257, 3.605551275463989
303, 156, 116, 222, 118, 218, -2, 4, 2.0344439357957027, 4.47213595499958
303, 157, 1207, 414, 1204, 410, 3, 4, 0.9272952180016122, 5.0
303, 158, 282, 317, 283, 317, -1, 0, 3.141592653589793, 1.0
303, 159, 859, 9, 860, 11, -1, -2, -2.0344439357957027, 2.23606797749979
303, 160, 38, 503, 38, 503, 0, 0, 0.0, 0.0
303, 161, 315, 406, 316, 406, -1, 0, 3.141592653589793, 1.0
303, 162, 566, 44, 563, 45, 3, -1, -0.3217505543966422, 3.1622776601683795
303, 163, 40, 453, 38, 453, 2, 0, 0.0, 2.0
303, 164, 1121, 101, 1124, 100, -3, 1, 2.819842099193151, 3.1622776601683795
303, 165, 24, 300, 24, 295, 0, 5, 1.5707963267948966, 5.0
303, 166, 1028, 532, 1027, 538, 1, -6, -1.4056476493802699, 6.082762530298219
303, 167, 539, 406, 538, 411, 1, -5, -1.373400766945016, 5.0990195135927845
303, 168, 674, 95, 674, 92, 0, 3, 1.5707963267948966, 3.0
303, 169, 516, 349, 514, 354, 2, -5, -1.1902899496825317, 5.385164807134504
303, 170, 1026, 603, 1025, 605, 1, -2, -1.1071487177940904, 2.23606797749979
303, 171, 823, 45, 824, 45, -1, 0, 3.141592653589793, 1.0
303, 172, 1223, 130, 1225, 130, -2, 0, 3.141592653589793, 2.0
303, 173, 269, 344, 269, 344, 0, 0, 0.0, 0.0
303, 174, 1261, 265, 1261, 265, 0, 0, 0.0, 0.0
303, 175, 868, 61, 868, 66, 0, -5, -1.5707963267948966, 5.0
303, 176, 1144, 122, 1146, 123, -2, -1, -2.677945044588987, 2.23606797749979
303, 177, 1000, 700, 1003, 701, -3, -1, -2.819842099193151, 3.1622776601683795
303, 178, 1192, 60, 1195, 64, -3, -4, -2.214297435588181, 5.0
303, 179, 232, 307, 232, 307, 0, 0, 0.0, 0.0
303, 180, 764, 603, 765, 603, -1, 0, 3.141592653589793, 1.0
303, 181, 29, 512, 25, 511, 4, 1, 0.24497866312686414, 4.123105625617661
303, 182, 1023, 600, 1017, 604, 6, -4, -0.5880026035475675, 7.211102550927978
303, 183, 1257, 91, 1261, 95, -4, -4, -2.356194490192345, 5.656854249492381
303, 184, 1152, 96, 1154, 100, -2, -4, -2.0344439357957027, 4.47213595499958
303, 185, 848, 643, 847, 638, 1, 5, 1.373400766945016, 5.0990195135927845
303, 186, 1247, 142, 1249, 147, -2, -5, -1.9513027039072615, 5.385164807134504
303, 187, 879, 674, 879, 673, 0, 1, 1.5707963267948966, 1.0
303, 188, 782, 50, 783, 50, -1, 0, 3.141592653589793, 1.0
303, 189, 294, 409, 295, 409, -1, 0, 3.141592653589793, 1.0
303, 190, 1257, 60, 1260, 63, -3, -3, -2.356194490192345, 4.242640687119285
303, 191, 260, 405, 261, 405, -1, 0, 3.141592653589793, 1.0
303, 192, 312, 395, 313, 395, -1, 0, 3.141592653589793, 1.0
303, 193, 1107, 229, 1108, 229, -1, 0, 3.141592653589793, 1.0
304, 0, 1042, 507, 1043, 512, -1, -5, -1.7681918866447774, 5.0990195135927845
304, 1, 1065, 540, 1065, 545, 0, -5, -1.5707963267948966, 5.0
304, 2, 1022, 554, 1022, 558, 0, -4, -1.5707963267948966, 4.0
304, 3, 145, 192, 148, 191, -3, 1, 2.819842099193151, 3.1622776601683795
304, 4, 247, 331, 247, 331, 0, 0, 0.0, 0.0
304, 5, 569, 76, 569, 77, 0, -1, -1.5707963267948966, 1.0
304, 6, 17, 269, 17, 267, 0, 2, 1.5707963267948966, 2.0
304, 7, 979, 701, 981, 715, -2, -14, -1.7126933813990606, 14.142135623730951
304, 8, 258, 379, 259, 379, -1, 0, 3.141592653589793, 1.0
304, 9, 865, 59, 865, 61, 0, -2, -1.5707963267948966, 2.0
304, 10, 780, 544, 784, 548, -4, -4, -2.356194490192345, 5.656854249492381
304, 11, 23, 263, 23, 260, 0, 3, 1.5707963267948966, 3.0
304, 12, 1059, 510, 1060, 515, -1, -5, -1.7681918866447774, 5.0990195135927845
304, 13, 707, 93, 707, 96, 0, -3, -1.5707963267948966, 3.0
304, 14, 580, 42, 578, 44, 2, -2, -0.7853981633974483, 2.8284271247461903
304, 15, 767, 604, 767, 604, 0, 0, 0.0, 0.0
304, 16, 273, 336, 273, 336, 0, 0, 0.0, 0.0
304, 17, 333, 346, 334, 346, -1, 0, 3.141592653589793, 1.0
304, 18, 566, 57, 565, 58, 1, -1, -0.7853981633974483, 1.4142135623730951
304, 19, 1162, 76, 1163, 78, -1, -2, -2.0344439357957027, 2.23606797749979
304, 20, 967, 686, 968, 690, -1, -4, -1.8157749899217608, 4.123105625617661
304, 21, 506, 121, 506, 125, 0, -4, -1.5707963267948966, 4.0
304, 22, 541, 419, 540, 422, 1, -3, -1.2490457723982544, 3.1622776601683795
304, 23, 988, 649, 990, 653, -2, -4, -2.0344439357957027, 4.47213595499958
304, 24, 751, 538, 755, 542, -4, -4, -2.356194490192345, 5.656854249492381
304, 25, 253, 342, 253, 342, 0, 0, 0.0, 0.0
304, 26, 1133, 91, 1137, 93, -4, -2, -2.677945044588987, 4.47213595499958
304, 27, 1134, 53, 1138, 55, -4, -2, -2.677945044588987, 4.47213595499958
304, 28, 1257, 417, 1255, 415, 2, 2, 0.7853981633974483, 2.8284271247461903
304, 29, 861, 51, 861, 52, 0, -1, -1.5707963267948966, 1.0
304, 30, 501, 112, 501, 116, 0, -4, -1.5707963267948966, 4.0
304, 31, 724, 525, 726, 529, -2, -4, -2.0344439357957027, 4.47213595499958
304, 32, 240, 322, 240, 322, 0, 0, 0.0, 0.0
304, 33, 494, 121, 494, 125, 0, -4, -1.5707963267948966, 4.0
304, 34, 982, 655, 984, 659, -2, -4, -2.0344439357957027, 4.47213595499958
304, 35, 571, 13, 569, 14, 2, -1, -0.4636476090008061, 2.23606797749979
304, 36, 304, 326, 305, 326, -1, 0, 3.141592653589793, 1.0
304, 37, 939, 11, 941, 12, -2, -1, -2.677945044588987, 2.23606797749979
304, 38, 622, 411, 622, 408, 0, 3, 1.5707963267948966, 3.0
304, 39, 29, 111, 30, 111, -1, 0, 3.141592653589793, 1.0
304, 40, 1012, 686, 1014, 692, -2, -6, -1.892546881191539, 6.324555320336759
304, 41, 855, 61, 855, 62, 0, -1, -1.5707963267948966, 1.0
304, 42, 856, 133, 856, 134, 0, -1, -1.5707963267948966, 1.0
304, 43, 965, 701, 965, 711, 0, -10, -1.5707963267948966, 10.0
304, 44, 1236, 27, 1238, 29, -2, -2, -2.356194490192345, 2.8284271247461903
304, 45, 765, 36, 766, 36, -1, 0, 3.141592653589793, 1.0
304, 46, 29, 87, 30, 87, -1, 0, 3.141592653589793, 1.0
304, 47, 751, 15, 751, 16, 0, -1, -1.5707963267948966, 1.0
304, 48, 889, 669, 888, 666, 1, 3, 1.2490457723982544, 3.1622776601683795
304, 49, 246, 403, 247, 403, -1, 0, 3.141592653589793, 1.0
304, 50, 1009, 656, 1011, 661, -2, -5, -1.9513027039072615, 5.385164807134504
304, 51, 256, 326, 256, 326, 0, 0, 0.0, 0.0
304, 52, 637, 81, 638, 80, -1, 1, 2.356194490192345, 1.4142135623730951
304, 53, 886, 649, 886, 644, 0, 5, 1.5707963267948966, 5.0
304, 54, 44, 452, 43, 451, 1, 1, 0.7853981633974483, 1.4142135623730951
304, 55, 748, 480, 753, 484, -5, -4, -2.4668517113662407, 6.4031242374328485
304, 56, 1147, 51, 1151, 53, -4, -2, -2.677945044588987, 4.47213595499958
304, 57, 329, 405, 330, 405, -1, 0, 3.141592653589793, 1.0
304, 58, 227, 318, 227, 318, 0, 0, 0.0, 0.0
304, 59, 118, 147, 121, 146, -3, 1, 2.819842099193151, 3.1622776601683795
304, 60, 225, 11, 223, 11, 2, 0, 0.0, 2.0
304, 61, 1261, 244, 1276, 243, -15, 1, 3.0750244898139694, 15.033296378372908
304, 62, 1132, 44, 1136, 47, -4, -3, -2.498091544796509, 5.0
304, 63, 331, 361, 332, 361, -1, 0, 3.141592653589793, 1.0
304, 64, 519, 333, 518, 337, 1, -4, -1.3258176636680326, 4.123105625617661
304, 65, 683, 87, 683, 87, 0, 0, 0.0, 0.0
304, 66, 1193, 26, 1196, 28, -3, -2, -2.5535900500422257, 3.605551275463989
304, 67, 860, 619, 859, 616, 1, 3, 1.2490457723982544, 3.1622776601683795
304, 68, 882, 624, 882, 620, 0, 4, 1.5707963267948966, 4.0
304, 69, 255, 388, 256, 388, -1, 0, 3.141592653589793, 1.0
304, 70, 517, 444, 518, 446, -1, -2, -2.0344439357957027, 2.23606797749979
304, 71, 116, 203, 118, 201, -2, 2, 2.356194490192345, 2.8284271247461903
304, 72, 636, 354, 636, 351, 0, 3, 1.5707963267948966, 3.0
304, 73, 1021, 685, 1023, 691, -2, -6, -1.892546881191539, 6.324555320336759
304, 74, 13, 244, 13, 242, 0, 2, 1.5707963267948966, 2.0
304, 75, 934, 18, 935, 18, -1, 0, 3.141592653589793, 1.0
304, 76, 507, 354, 506, 359, 1, -5, -1.373400766945016, 5.0990195135927845
304, 77, 1168, 60, 1171, 62, -3, -2, -2.5535900500422257, 3.605551275463989
304, 78, 936, 100, 937, 100, -1, 0, 3.141592653589793, 1.0
304, 79, 843, 673, 843, 669, 0, 4, 1.5707963267948966, 4.0
304, 80, 975, 655, 977, 659, -2, -4, -2.0344439357957027, 4.47213595499958
304, 81, 37, 507, 36, 508, 1, -1, -0.7853981633974483, 1.4142135623730951
304, 82, 955, 50, 957, 52, -2, -2, -2.356194490192345, 2.8284271247461903
304, 83, 658, 415, 659, 414, -1, 1, 2.356194490192345, 1.4142135623730951
304, 84, 629, 400, 629, 397, 0, 3, 1.5707963267948966, 3.0
304, 85, 513, 166, 513, 165, 0, 1, 1.5707963267948966, 1.0
304, 86, 770, 43, 771, 43, -1, 0, 3.141592653589793, 1.0
304, 87, 258, 335, 258, 335, 0, 0, 0.0, 0.0
304, 88, 760, 16, 760, 17, 0, -1, -1.5707963267948966, 1.0
304, 89, 572, 21, 570, 22, 2, -1, -0.4636476090008061, 2.23606797749979
304, 90, 1157, 84, 1159, 87, -2, -3, -2.158798930342464, 3.605551275463989
304, 91, 656, 18, 656, 17, 0, 1, 1.5707963267948966, 1.0
304, 92, 478, 178, 480, 182, -2, -4, -2.0344439357957027, 4.47213595499958
304, 93, 633, 86, 634, 86, -1, 0, 3.141592653589793, 1.0
304, 94, 240, 307, 240, 307, 0, 0, 0.0, 0.0
304, 95, 539, 398, 539, 402, 0, -4, -1.5707963267948966, 4.0
304, 96, 482, 162, 483, 167, -1, -5, -1.7681918866447774, 5.0990195135927845
304, 97, 116, 176, 118, 175, -2, 1, 2.677945044588987, 2.23606797749979
304, 98, 1157, 41, 1161, 43, -4, -2, -2.677945044588987, 4.47213595499958
304, 99, 146, 210, 148, 210, -2, 0, 3.141592653589793, 2.0
304, 100, 523, 406, 523, 408, 0, -2, -1.5707963267948966, 2.0
304, 101, 622, 119, 622, 118, 0, 1, 1.5707963267948966, 1.0
304, 102, 1125, 52, 1129, 55, -4, -3, -2.498091544796509, 5.0
304, 103, 1247, 429, 1245, 427, 2, 2, 0.7853981633974483, 2.8284271247461903
304, 104, 575, 70, 574, 71, 1, -1, -0.7853981633974483, 1.4142135623730951
304, 105, 666, 28, 667, 28, -1, 0, 3.141592653589793, 1.0
304, 106, 510, 383, 509, 386, 1, -3, -1.2490457723982544, 3.1622776601683795
304, 107, 1033, 577, 1033, 580, 0, -3, -1.5707963267948966, 3.0
304, 108, 1216, 485, 1216, 485, 0, 0, 0.0, 0.0
304, 109, 719, 28, 721, 30, -2, -2, -2.356194490192345, 2.8284271247461903
304, 110, 864, 675, 864, 672, 0, 3, 1.5707963267948966, 3.0
304, 111, 1242, 175, 1244, 176, -2, -1, -2.677945044588987, 2.23606797749979
304, 112, 1208, 85, 1210, 85, -2, 0, 3.141592653589793, 2.0
304, 113, 744, 40, 745, 40, -1, 0, 3.141592653589793, 1.0
304, 114, 1233, 18, 1235, 20, -2, -2, -2.356194490192345, 2.8284271247461903
304, 115, 508, 205, 508, 207, 0, -2, -1.5707963267948966, 2.0
304, 116, 634, 165, 635, 165, -1, 0, 3.141592653589793, 1.0
304, 117, 931, 93, 932, 93, -1, 0, 3.141592653589793, 1.0
304, 118, 635, 460, 635, 460, 0, 0, 0.0, 0.0
304, 119, 31, 121, 32, 121, -1, 0, 3.141592653589793, 1.0
304, 120, 773, 50, 774, 50, -1, 0, 3.141592653589793, 1.0
304, 121, 124, 228, 125, 228, -1, 0, 3.141592653589793, 1.0
304, 122, 1261, 377, 1260, 374, 1, 3, 1.2490457723982544, 3.1622776601683795
304, 123, 850, 67, 850, 68, 0, -1, -1.5707963267948966, 1.0
304, 124, 766, 490, 770, 493, -4, -3, -2.498091544796509, 5.0
304, 125, 813, 14, 814, 14, -1, 0, 3.141592653589793, 1.0
304, 126, 52, 157, 53, 157, -1, 0, 3.141592653589793, 1.0
304, 127, 506, 374, 505, 377, 1, -3, -1.2490457723982544, 3.1622776601683795
304, 128, 133, 196, 135, 194, -2, 2, 2.356194490192345, 2.8284271247461903
304, 129, 648, 442, 648, 437, 0, 5, 1.5707963267948966, 5.0
304, 130, 812, 23, 813, 23, -1, 0, 3.141592653589793, 1.0
304, 131, 924, 94, 925, 94, -1, 0, 3.141592653589793, 1.0
304, 132, 647, 87, 647, 86, 0, 1, 1.5707963267948966, 1.0
304, 133, 665, 92, 665, 91, 0, 1, 1.5707963267948966, 1.0
304, 134, 1199, 31, 1202, 33, -3, -2, -2.5535900500422257, 3.605551275463989
304, 135, 39, 136, 40, 136, -1, 0, 3.141592653589793, 1.0
304, 136, 1206, 415, 1205, 412, 1, 3, 1.2490457723982544, 3.1622776601683795
304, 137, 643, 357, 643, 354, 0, 3, 1.5707963267948966, 3.0
304, 138, 33, 529, 30, 525, 3, 4, 0.9272952180016122, 5.0
304, 139, 529, 418, 529, 419, 0, -1, -1.5707963267948966, 1.0
304, 140, 708, 153, 708, 157, 0, -4, -1.5707963267948966, 4.0
304, 141, 699, 59, 701, 61, -2, -2, -2.356194490192345, 2.8284271247461903
304, 142, 566, 46, 564, 46, 2, 0, 0.0, 2.0
304, 143, 847, 647, 847, 643, 0, 4, 1.5707963267948966, 4.0
304, 144, 516, 349, 515, 353, 1, -4, -1.3258176636680326, 4.123105625617661
304, 145, 283, 318, 284, 318, -1, 0, 3.141592653589793, 1.0
304, 146, 824, 45, 825, 45, -1, 0, 3.141592653589793, 1.0
304, 147, 1261, 90, 1264, 93, -3, -3, -2.356194490192345, 4.242640687119285
304, 148, 104, 141, 107, 140, -3, 1, 2.819842099193151, 3.1622776601683795
304, 149, 967, 10, 969, 12, -2, -2, -2.356194490192345, 2.8284271247461903
304, 150, 767, 548, 770, 552, -3, -4, -2.214297435588181, 5.0
304, 151, 1260, 70, 1263, 73, -3, -3, -2.356194490192345, 4.242640687119285
304, 152, 327, 376, 328, 376, -1, 0, 3.141592653589793, 1.0
304, 153, 1211, 400, 1210, 397, 1, 3, 1.2490457723982544, 3.1622776601683795
304, 154, 970, 19, 972, 21, -2, -2, -2.356194490192345, 2.8284271247461903
304, 155, 488, 128, 488, 132, 0, -4, -1.5707963267948966, 4.0
304, 156, 317, 388, 318, 388, -1, 0, 3.141592653589793, 1.0
304, 157, 1231, 61, 1234, 63, -3, -2, -2.5535900500422257, 3.605551275463989
304, 158, 1003, 696, 1005, 701, -2, -5, -1.9513027039072615, 5.385164807134504
304, 159, 270, 322, 270, 323, 0, -1, -1.5707963267948966, 1.0
304, 160, 25, 299, 25, 297, 0, 2, 1.5707963267948966, 2.0
304, 161, 873, 701, 873, 708, 0, -7, -1.5707963267948966, 7.0
304, 162, 1248, 381, 1246, 378, 2, 3, 0.982793723247329, 3.605551275463989
304, 163, 1028, 532, 1028, 536, 0, -4, -1.5707963267948966, 4.0
304, 164, 1257, 165, 1260, 165, -3, 0, 3.141592653589793, 3.0
304, 165, 939, 31, 940, 31, -1, 0, 3.141592653589793, 1.0
304, 166, 1261, 116, 1269, 119, -8, -3, -2.782821983319221, 8.54400374531753
304, 167, 1257, 59, 1260, 63, -3, -4, -2.214297435588181, 5.0
304, 168, 780, 524, 784, 527, -4, -3, -2.498091544796509, 5.0
304, 169, 1135, 82, 1139, 84, -4, -2, -2.677945044588987, 4.47213595499958
304, 170, 845, 97, 845, 97, 0, 0, 0.0, 0.0
304, 171, 61, 159, 62, 159, -1, 0, 3.141592653589793, 1.0
304, 172, 1026, 540, 1026, 544, 0, -4, -1.5707963267948966, 4.0
304, 173, 316, 406, 317, 406, -1, 0, 3.141592653589793, 1.0
304, 174, 689, 128, 689, 128, 0, 0, 0.0, 0.0
304, 175, 635, 18, 635, 18, 0, 0, 0.0, 0.0
304, 176, 257, 349, 257, 349, 0, 0, 0.0, 0.0
304, 177, 678, 160, 679, 160, -1, 0, 3.141592653589793, 1.0
304, 178, 269, 344, 269, 344, 0, 0, 0.0, 0.0
304, 179, 648, 401, 649, 398, -1, 3, 1.892546881191539, 3.1622776601683795
304, 180, 1249, 144, 1251, 148, -2, -4, -2.0344439357957027, 4.47213595499958
304, 181, 747, 28, 747, 28, 0, 0, 0.0, 0.0
304, 182, 232, 307, 232, 307, 0, 0, 0.0, 0.0
304, 183, 300, 393, 301, 393, -1, 0, 3.141592653589793, 1.0
304, 184, 754, 27, 754, 27, 0, 0, 0.0, 0.0
304, 185, 47, 143, 48, 143, -1, 0, 3.141592653589793, 1.0
304, 186, 758, 45, 758, 46, 0, -1, -1.5707963267948966, 1.0
304, 187, 261, 406, 262, 406, -1, 0, 3.141592653589793, 1.0
304, 188, 783, 50, 784, 50, -1, 0, 3.141592653589793, 1.0
304, 189, 1216, 84, 1218, 83, -2, 1, 2.677945044588987, 2.23606797749979
304, 190, 313, 395, 314, 395, -1, 0, 3.141592653589793, 1.0
304, 191, 295, 409, 296, 409, -1, 0, 3.141592653589793, 1.0
304, 192, 115, 221, 117, 220, -2, 1, 2.677945044588987, 2.23606797749979
304, 193, 1119, 103, 1122, 102, -3, 1, 2.819842099193151, 3.1622776601683795
304, 194, 307, 360, 308, 360, -1, 0, 3.141592653589793, 1.0
304, 195, 512, 128, 512, 132, 0, -4, -1.5707963267948966, 4.0
304, 196, 945, 39, 946, 39, -1, 0, 3.141592653589793, 1.0
304, 197, 707, 84, 708, 87, -1, -3, -1.892546881191539, 3.1622776601683795
304, 198, 700, 80, 701, 83, -1, -3, -1.892546881191539, 3.1622776601683795
304, 199, 678, 93, 678, 92, 0, 1, 1.5707963267948966, 1.0
304, 200, 873, 78, 873, 79, 0, -1, -1.5707963267948966, 1.0
304, 201, 1261, 104, 1271, 107, -10, -3, -2.8501358591119264, 10.44030650891055
305, 0, 1041, 502, 1042, 507, -1, -5, -1.7681918866447774, 5.0990195135927845
305, 1, 1065, 535, 1065, 540, 0, -5, -1.5707963267948966, 5.0
305, 2, 1023, 551, 1022, 554, 1, -3, -1.2490457723982544, 3.1622776601683795
305, 3, 142, 193, 145, 192, -3, 1, 2.819842099193151, 3.1622776601683795
305, 4, 569, 75, 569, 76, 0, -1, -1.5707963267948966, 1.0
305, 5, 18, 271, 17, 269, 1, 2, 1.1071487177940904, 2.23606797749979
305, 6, 978, 697, 979, 701, -1, -4, -1.8157749899217608, 4.123105625617661
305, 7, 865, 57, 865, 59, 0, -2, -1.5707963267948966, 2.0
305, 8, 776, 540, 780, 544, -4, -4, -2.356194490192345, 5.656854249492381
305, 9, 23, 266, 23, 263, 0, 3, 1.5707963267948966, 3.0
305, 10, 1058, 505, 1059, 510, -1, -5, -1.7681918866447774, 5.0990195135927845
305, 11, 707, 89, 707, 93, 0, -4, -1.5707963267948966, 4.0
305, 12, 582, 40, 580, 42, 2, -2, -0.7853981633974483, 2.8284271247461903
305, 13, 273, 336, 273, 336, 0, 0, 0.0, 0.0
305, 14, 332, 346, 333, 346, -1, 0, 3.141592653589793, 1.0
305, 15, 567, 56, 566, 57, 1, -1, -0.7853981633974483, 1.4142135623730951
305, 16, 1161, 74, 1162, 76, -1, -2, -2.0344439357957027, 2.23606797749979
305, 17, 966, 682, 967, 686, -1, -4, -1.8157749899217608, 4.123105625617661
305, 18, 506, 118, 506, 121, 0, -3, -1.5707963267948966, 3.0
305, 19, 542, 415, 541, 419, 1, -4, -1.3258176636680326, 4.123105625617661
305, 20, 986, 645, 988, 649, -2, -4, -2.0344439357957027, 4.47213595499958
305, 21, 746, 534, 751, 538, -5, -4, -2.4668517113662407, 6.4031242374328485
305, 22, 253, 341, 253, 342, 0, -1, -1.5707963267948966, 1.0
305, 23, 1129, 89, 1133, 91, -4, -2, -2.677945044588987, 4.47213595499958
305, 24, 1130, 50, 1134, 53, -4, -3, -2.498091544796509, 5.0
305, 25, 1258, 420, 1257, 417, 1, 3, 1.2490457723982544, 3.1622776601683795
305, 26, 861, 50, 861, 51, 0, -1, -1.5707963267948966, 1.0
305, 27, 501, 109, 501, 112, 0, -3, -1.5707963267948966, 3.0
305, 28, 722, 521, 724, 525, -2, -4, -2.0344439357957027, 4.47213595499958
305, 29, 240, 321, 240, 322, 0, -1, -1.5707963267948966, 1.0
305, 30, 494, 117, 494, 121, 0, -4, -1.5707963267948966, 4.0
305, 31, 980, 651, 982, 655, -2, -4, -2.0344439357957027, 4.47213595499958
305, 32, 573, 12, 571, 13, 2, -1, -0.4636476090008061, 2.23606797749979
305, 33, 304, 326, 304, 326, 0, 0, 0.0, 0.0
305, 34, 622, 414, 622, 411, 0, 3, 1.5707963267948966, 3.0
305, 35, 28, 111, 29, 111, -1, 0, 3.141592653589793, 1.0
305, 36, 1011, 681, 1012, 686, -1, -5, -1.7681918866447774, 5.0990195135927845
305, 37, 855, 60, 855, 61, 0, -1, -1.5707963267948966, 1.0
305, 38, 856, 132, 856, 133, 0, -1, -1.5707963267948966, 1.0
305, 39, 965, 697, 965, 701, 0, -4, -1.5707963267948966, 4.0
305, 40, 1234, 24, 1236, 27, -2, -3, -2.158798930342464, 3.605551275463989
305, 41, 751, 14, 751, 15, 0, -1, -1.5707963267948966, 1.0
305, 42, 890, 671, 889, 669, 1, 2, 1.1071487177940904, 2.23606797749979
305, 43, 246, 403, 246, 403, 0, 0, 0.0, 0.0
305, 44, 1007, 651, 1009, 656, -2, -5, -1.9513027039072615, 5.385164807134504
305, 45, 256, 326, 256, 326, 0, 0, 0.0, 0.0
305, 46, 636, 82, 637, 81, -1, 1, 2.356194490192345, 1.4142135623730951
305, 47, 886, 654, 886, 649, 0, 5, 1.5707963267948966, 5.0
305, 48, 46, 454, 44, 452, 2, 2, 0.7853981633974483, 2.8284271247461903
305, 49, 743, 476, 748, 480, -5, -4, -2.4668517113662407, 6.4031242374328485
305, 50, 1143, 49, 1147, 51, -4, -2, -2.677945044588987, 4.47213595499958
305, 51, 227, 317, 227, 318, 0, -1, -1.5707963267948966, 1.0
305, 52, 115, 148, 118, 147, -3, 1, 2.819842099193151, 3.1622776601683795
305, 53, 227, 10, 225, 11, 2, -1, -0.4636476090008061, 2.23606797749979
305, 54, 1261, 245, 1261, 244, 0, 1, 1.5707963267948966, 1.0
305, 55, 1128, 41, 1132, 44, -4, -3, -2.498091544796509, 5.0
305, 56, 330, 361, 331, 361, -1, 0, 3.141592653589793, 1.0
305, 57, 520, 328, 519, 333, 1, -5, -1.373400766945016, 5.0990195135927845
305, 58, 683, 87, 683, 87, 0, 0, 0.0, 0.0
305, 59, 1191, 24, 1193, 26, -2, -2, -2.356194490192345, 2.8284271247461903
305, 60, 862, 622, 860, 619, 2, 3, 0.982793723247329, 3.605551275463989
305, 61, 881, 628, 882, 624, -1, 4, 1.8157749899217608, 4.123105625617661
305, 62, 255, 388, 255, 388, 0, 0, 0.0, 0.0
305, 63, 516, 440, 517, 444, -1, -4, -1.8157749899217608, 4.123105625617661
305, 64, 114, 204, 116, 203, -2, 1, 2.677945044588987, 2.23606797749979
305, 65, 636, 357, 636, 354, 0, 3, 1.5707963267948966, 3.0
305, 66, 1019, 680, 1021, 685, -2, -5, -1.9513027039072615, 5.385164807134504
305, 67, 13, 247, 13, 244, 0, 3, 1.5707963267948966, 3.0
305, 68, 508, 349, 507, 354, 1, -5, -1.373400766945016, 5.0990195135927845
305, 69, 1165, 58, 1168, 60, -3, -2, -2.5535900500422257, 3.605551275463989
305, 70, 843, 677, 843, 673, 0, 4, 1.5707963267948966, 4.0
305, 71, 973, 651, 975, 655, -2, -4, -2.0344439357957027, 4.47213595499958
305, 72, 38, 506, 37, 507, 1, -1, -0.7853981633974483, 1.4142135623730951
305, 73, 954, 48, 955, 50, -1, -2, -2.0344439357957027, 2.23606797749979
305, 74, 657, 417, 658, 415, -1, 2, 2.0344439357957027, 2.23606797749979
305, 75, 629, 403, 629, 400, 0, 3, 1.5707963267948966, 3.0
305, 76, 513, 166, 513, 166, 0, 0, 0.0, 0.0
305, 77, 258, 335, 258, 335, 0, 0, 0.0, 0.0
305, 78, 760, 15, 760, 16, 0, -1, -1.5707963267948966, 1.0
305, 79, 574, 20, 572, 21, 2, -1, -0.4636476090008061, 2.23606797749979
305, 80, 1155, 82, 1157, 84, -2, -2, -2.356194490192345, 2.8284271247461903
305, 81, 656, 19, 656, 18, 0, 1, 1.5707963267948966, 1.0
305, 82, 476, 174, 478, 178, -2, -4, -2.0344439357957027, 4.47213595499958
305, 83, 632, 86, 633, 86, -1, 0, 3.141592653589793, 1.0
305, 84, 240, 306, 240, 307, 0, -1, -1.5707963267948966, 1.0
305, 85, 539, 394, 539, 398, 0, -4, -1.5707963267948966, 4.0
305, 86, 481, 157, 482, 162, -1, -5, -1.7681918866447774, 5.0990195135927845
305, 87, 114, 177, 116, 176, -2, 1, 2.677945044588987, 2.23606797749979
305, 88, 1153, 39, 1157, 41, -4, -2, -2.677945044588987, 4.47213595499958
305, 89, 144, 211, 146, 210, -2, 1, 2.677945044588987, 2.23606797749979
305, 90, 523, 404, 523, 406, 0, -2, -1.5707963267948966, 2.0
305, 91, 623, 120, 622, 119, 1, 1, 0.7853981633974483, 1.4142135623730951
305, 92, 1121, 49, 1125, 52, -4, -3, -2.498091544796509, 5.0
305, 93, 1249, 432, 1247, 429, 2, 3, 0.982793723247329, 3.605551275463989
305, 94, 576, 69, 575, 70, 1, -1, -0.7853981633974483, 1.4142135623730951
305, 95, 665, 28, 666, 28, -1, 0, 3.141592653589793, 1.0
305, 96, 511, 381, 510, 383, 1, -2, -1.1071487177940904, 2.23606797749979
305, 97, 1034, 574, 1033, 577, 1, -3, -1.2490457723982544, 3.1622776601683795
305, 98, 1216, 485, 1216, 485, 0, 0, 0.0, 0.0
305, 99, 717, 25, 719, 28, -2, -3, -2.158798930342464, 3.605551275463989
305, 100, 864, 680, 864, 675, 0, 5, 1.5707963267948966, 5.0
305, 101, 1207, 85, 1208, 85, -1, 0, 3.141592653589793, 1.0
305, 102, 744, 39, 744, 40, 0, -1, -1.5707963267948966, 1.0
305, 103, 1231, 16, 1233, 18, -2, -2, -2.356194490192345, 2.8284271247461903
305, 104, 508, 203, 508, 205, 0, -2, -1.5707963267948966, 2.0
305, 105, 634, 165, 634, 165, 0, 0, 0.0, 0.0
305, 106, 635, 460, 635, 460, 0, 0, 0.0, 0.0
305, 107, 30, 121, 31, 121, -1, 0, 3.141592653589793, 1.0
305, 108, 772, 50, 773, 50, -1, 0, 3.141592653589793, 1.0
305, 109, 123, 228, 124, 228, -1, 0, 3.141592653589793, 1.0
305, 110, 1261, 380, 1261, 377, 0, 3, 1.5707963267948966, 3.0
305, 111, 850, 66, 850, 67, 0, -1, -1.5707963267948966, 1.0
305, 112, 762, 487, 766, 490, -4, -3, -2.498091544796509, 5.0
305, 113, 51, 157, 52, 157, -1, 0, 3.141592653589793, 1.0
305, 114, 507, 372, 506, 374, 1, -2, -1.1071487177940904, 2.23606797749979
305, 115, 131, 198, 133, 196, -2, 2, 2.356194490192345, 2.8284271247461903
305, 116, 647, 446, 648, 442, -1, 4, 1.8157749899217608, 4.123105625617661
305, 117, 646, 87, 647, 87, -1, 0, 3.141592653589793, 1.0
305, 118, 665, 93, 665, 92, 0, 1, 1.5707963267948966, 1.0
305, 119, 1197, 29, 1199, 31, -2, -2, -2.356194490192345, 2.8284271247461903
305, 120, 38, 136, 39, 136, -1, 0, 3.141592653589793, 1.0
305, 121, 1207, 418, 1206, 415, 1, 3, 1.2490457723982544, 3.1622776601683795
305, 122, 643, 360, 643, 357, 0, 3, 1.5707963267948966, 3.0
305, 123, 36, 530, 33, 529, 3, 1, 0.3217505543966422, 3.1622776601683795
305, 124, 529, 417, 529, 418, 0, -1, -1.5707963267948966, 1.0
305, 125, 708, 150, 708, 153, 0, -3, -1.5707963267948966, 3.0
305, 126, 697, 56, 699, 59, -2, -3, -2.158798930342464, 3.605551275463989
305, 127, 568, 45, 566, 46, 2, -1, -0.4636476090008061, 2.23606797749979
305, 128, 847, 651, 847, 647, 0, 4, 1.5707963267948966, 4.0
305, 129, 517, 344, 516, 349, 1, -5, -1.373400766945016, 5.0990195135927845
305, 130, 283, 318, 283, 318, 0, 0, 0.0, 0.0
305, 131, 823, 45, 824, 45, -1, 0, 3.141592653589793, 1.0
305, 132, 1259, 86, 1261, 90, -2, -4, -2.0344439357957027, 4.47213595499958
305, 133, 101, 142, 104, 141, -3, 1, 2.819842099193151, 3.1622776601683795
305, 134, 965, 9, 967, 10, -2, -1, -2.677945044588987, 2.23606797749979
305, 135, 763, 544, 767, 548, -4, -4, -2.356194490192345, 5.656854249492381
305, 136, 1258, 66, 1260, 70, -2, -4, -2.0344439357957027, 4.47213595499958
305, 137, 326, 376, 327, 376, -1, 0, 3.141592653589793, 1.0
305, 138, 1212, 403, 1211, 400, 1, 3, 1.2490457723982544, 3.1622776601683795
305, 139, 968, 17, 970, 19, -2, -2, -2.356194490192345, 2.8284271247461903
305, 140, 488, 124, 488, 128, 0, -4, -1.5707963267948966, 4.0
305, 141, 316, 388, 317, 388, -1, 0, 3.141592653589793, 1.0
305, 142, 1228, 58, 1231, 61, -3, -3, -2.356194490192345, 4.242640687119285
305, 143, 1001, 691, 1003, 696, -2, -5, -1.9513027039072615, 5.385164807134504
305, 144, 270, 322, 270, 322, 0, 0, 0.0, 0.0
305, 145, 25, 299, 25, 299, 0, 0, 0.0, 0.0
305, 146, 873, 701, 873, 701, 0, 0, 0.0, 0.0
305, 147, 1250, 384, 1248, 381, 2, 3, 0.982793723247329, 3.605551275463989
305, 148, 1028, 527, 1028, 532, 0, -5, -1.5707963267948966, 5.0
305, 149, 1255, 165, 1257, 165, -2, 0, 3.141592653589793, 2.0
305, 150, 938, 31, 939, 31, -1, 0, 3.141592653589793, 1.0
305, 151, 1258, 112, 1261, 116, -3, -4, -2.214297435588181, 5.0
305, 152, 1255, 55, 1257, 59, -2, -4, -2.0344439357957027, 4.47213595499958
305, 153, 776, 521, 780, 524, -4, -3, -2.498091544796509, 5.0
305, 154, 1131, 79, 1135, 82, -4, -3, -2.498091544796509, 5.0
305, 155, 845, 96, 845, 97, 0, -1, -1.5707963267948966, 1.0
305, 156, 1026, 535, 1026, 540, 0, -5, -1.5707963267948966, 5.0
305, 157, 315, 406, 316, 406, -1, 0, 3.141592653589793, 1.0
305, 158, 689, 128, 689, 128, 0, 0, 0.0, 0.0
305, 159, 635, 18, 635, 18, 0, 0, 0.0, 0.0
305, 160, 257, 348, 257, 349, 0, -1, -1.5707963267948966, 1.0
305, 161, 677, 160, 678, 160, -1, 0, 3.141592653589793, 1.0
305, 162, 269, 344, 269, 344, 0, 0, 0.0, 0.0
305, 163, 647, 403, 648, 401, -1, 2, 2.0344439357957027, 2.23606797749979
305, 164, 1246, 140, 1249, 144, -3, -4, -2.214297435588181, 5.0
305, 165, 232, 306, 232, 307, 0, -1, -1.5707963267948966, 1.0
305, 166, 300, 393, 300, 393, 0, 0, 0.0, 0.0
305, 167, 46, 143, 47, 143, -1, 0, 3.141592653589793, 1.0
305, 168, 261, 406, 261, 406, 0, 0, 0.0, 0.0
305, 169, 1214, 85, 1216, 84, -2, 1, 2.677945044588987, 2.23606797749979
305, 170, 313, 395, 313, 395, 0, 0, 0.0, 0.0
305, 171, 294, 409, 295, 409, -1, 0, 3.141592653589793, 1.0
305, 172, 113, 222, 115, 221, -2, 1, 2.677945044588987, 2.23606797749979
305, 173, 1117, 105, 1119, 103, -2, 2, 2.356194490192345, 2.8284271247461903
305, 174, 512, 125, 512, 128, 0, -3, -1.5707963267948966, 3.0
305, 175, 944, 39, 945, 39, -1, 0, 3.141592653589793, 1.0
305, 176, 707, 80, 707, 84, 0, -4, -1.5707963267948966, 4.0
305, 177, 700, 76, 700, 80, 0, -4, -1.5707963267948966, 4.0
305, 178, 678, 93, 678, 93, 0, 0, 0.0, 0.0
305, 179, 873, 77, 873, 78, 0, -1, -1.5707963267948966, 1.0
305, 180, 1258, 100, 1261, 104, -3, -4, -2.214297435588181, 5.0
306, 0, 1025, 553, 1023, 556, 2, -3, -0.982793723247329, 3.605551275463989
306, 1, 1041, 503, 1042, 508, -1, -5, -1.7681918866447774, 5.0990195135927845
306, 2, 247, 331, 247, 331, 0, 0, 0.0, 0.0
306, 3, 1065, 536, 1066, 541, -1, -5, -1.7681918866447774, 5.0990195135927845
306, 4, 19, 271, 19, 269, 0, 2, 1.5707963267948966, 2.0
306, 5, 582, 41, 580, 42, 2, -1, -0.4636476090008061, 2.23606797749979
306, 6, 1059, 505, 1060, 510, -1, -5, -1.7681918866447774, 5.0990195135927845
306, 7, 569, 77, 569, 77, 0, 0, 0.0, 0.0
306, 8, 259, 378, 259, 379, 0, -1, -1.5707963267948966, 1.0
306, 9, 980, 701, 981, 709, -1, -8, -1.695151321341658, 8.06225774829855
306, 10, 23, 266, 23, 263, 0, 3, 1.5707963267948966, 3.0
306, 11, 986, 644, 988, 649, -2, -5, -1.9513027039072615, 5.385164807134504
306, 12, 495, 118, 495, 121, 0, -3, -1.5707963267948966, 3.0
306, 13, 52, 116, 53, 116, -1, 0, 3.141592653589793, 1.0
306, 14, 274, 340, 274, 340, 0, 0, 0.0, 0.0
306, 15, 142, 195, 145, 193, -3, 2, 2.5535900500422257, 3.605551275463989
306, 16, 967, 682, 968, 686, -1, -4, -1.8157749899217608, 4.123105625617661
306, 17, 334, 346, 334, 346, 0, 0, 0.0, 0.0
306, 18, 707, 89, 707, 93, 0, -4, -1.5707963267948966, 4.0
306, 19, 253, 341, 253, 342, 0, -1, -1.5707963267948966, 1.0
306, 20, 1258, 421, 1257, 418, 1, 3, 1.2490457723982544, 3.1622776601683795
306, 21, 775, 541, 779, 545, -4, -4, -2.356194490192345, 5.656854249492381
306, 22, 507, 120, 507, 123, 0, -3, -1.5707963267948966, 3.0
306, 23, 738, 545, 742, 548, -4, -3, -2.498091544796509, 5.0
306, 24, 887, 656, 887, 651, 0, 5, 1.5707963267948966, 5.0
306, 25, 940, 11, 942, 12, -2, -1, -2.677945044588987, 2.23606797749979
306, 26, 502, 110, 502, 113, 0, -3, -1.5707963267948966, 3.0
306, 27, 10, 426, 10, 424, 0, 2, 1.5707963267948966, 2.0
306, 28, 542, 415, 541, 419, 1, -4, -1.3258176636680326, 4.123105625617661
306, 29, 575, 13, 572, 14, 3, -1, -0.3217505543966422, 3.1622776601683795
306, 30, 1011, 681, 1013, 686, -2, -5, -1.9513027039072615, 5.385164807134504
306, 31, 520, 328, 519, 333, 1, -5, -1.373400766945016, 5.0990195135927845
306, 32, 240, 322, 240, 322, 0, 0, 0.0, 0.0
306, 33, 567, 56, 566, 57, 1, -1, -0.7853981633974483, 1.4142135623730951
306, 34, 305, 325, 305, 326, 0, -1, -1.5707963267948966, 1.0
306, 35, 30, 112, 30, 112, 0, 0, 0.0, 0.0
306, 36, 1131, 50, 1135, 52, -4, -2, -2.677945044588987, 4.47213595499958
306, 37, 855, 59, 855, 60, 0, -1, -1.5707963267948966, 1.0
306, 38, 1144, 51, 1148, 52, -4, -1, -2.896613990462929, 4.123105625617661
306, 39, 856, 133, 856, 134, 0, -1, -1.5707963267948966, 1.0
306, 40, 583, 71, 581, 72, 2, -1, -0.4636476090008061, 2.23606797749979
306, 41, 638, 82, 638, 81, 0, 1, 1.5707963267948966, 1.0
306, 42, 623, 419, 623, 415, 0, 4, 1.5707963267948966, 4.0
306, 43, 1234, 24, 1236, 27, -2, -3, -2.158798930342464, 3.605551275463989
306, 44, 720, 515, 722, 519, -2, -4, -2.0344439357957027, 4.47213595499958
306, 45, 746, 535, 750, 538, -4, -3, -2.498091544796509, 5.0
306, 46, 117, 149, 119, 148, -2, 1, 2.677945044588987, 2.23606797749979
306, 47, 49, 458, 47, 455, 2, 3, 0.982793723247329, 3.605551275463989
306, 48, 765, 36, 766, 36, -1, 0, 3.141592653589793, 1.0
306, 49, 1006, 650, 1009, 656, -3, -6, -2.0344439357957027, 6.708203932499369
306, 50, 891, 673, 890, 670, 1, 3, 1.2490457723982544, 3.1622776601683795
306, 51, 964, 695, 964, 694, 0, 1, 1.5707963267948966, 1.0
306, 52, 228, 9, 225, 11, 3, -2, -0.5880026035475675, 3.605551275463989
306, 53, 760, 546, 764, 550, -4, -4, -2.356194490192345, 5.656854249492381
306, 54, 10, 415, 10, 413, 0, 2, 1.5707963267948966, 2.0
306, 55, 502, 203, 502, 205, 0, -2, -1.5707963267948966, 2.0
306, 56, 1129, 43, 1133, 45, -4, -2, -2.677945044588987, 4.47213595499958
306, 57, 260, 338, 260, 339, 0, -1, -1.5707963267948966, 1.0
306, 58, 227, 317, 227, 318, 0, -1, -1.5707963267948966, 1.0
306, 59, 482, 159, 483, 163, -1, -4, -1.8157749899217608, 4.123105625617661
306, 60, 257, 326, 257, 326, 0, 0, 0.0, 0.0
306, 61, 882, 631, 883, 628, -1, 3, 1.892546881191539, 3.1622776601683795
306, 62, 861, 627, 860, 623, 1, 4, 1.3258176636680326, 4.123105625617661
306, 63, 256, 387, 256, 388, 0, -1, -1.5707963267948966, 1.0
306, 64, 848, 655, 847, 650, 1, 5, 1.373400766945016, 5.0990195135927845
306, 65, 1192, 24, 1195, 26, -3, -2, -2.5535900500422257, 3.605551275463989
306, 66, 1134, 80, 1138, 82, -4, -2, -2.677945044588987, 4.47213595499958
306, 67, 683, 89, 683, 88, 0, 1, 1.5707963267948966, 1.0
306, 68, 744, 476, 749, 480, -5, -4, -2.4668517113662407, 6.4031242374328485
306, 69, 656, 20, 656, 19, 0, 1, 1.5707963267948966, 1.0
306, 70, 657, 418, 658, 417, -1, 1, 2.356194490192345, 1.4142135623730951
306, 71, 980, 650, 982, 654, -2, -4, -2.0344439357957027, 4.47213595499958
306, 72, 751, 15, 751, 16, 0, -1, -1.5707963267948966, 1.0
306, 73, 575, 22, 573, 22, 2, 0, 0.0, 2.0
306, 74, 637, 358, 637, 354, 0, 4, 1.5707963267948966, 4.0
306, 75, 1106, 115, 1107, 115, -1, 0, 3.141592653589793, 1.0
306, 76, 514, 165, 514, 165, 0, 0, 0.0, 0.0
306, 77, 668, 30, 668, 30, 0, 0, 0.0, 0.0
306, 78, 505, 375, 504, 377, 1, -2, -1.1071487177940904, 2.23606797749979
306, 79, 332, 361, 332, 361, 0, 0, 0.0, 0.0
306, 80, 1261, 245, 1277, 244, -16, 1, 3.079173843593836, 16.0312195418814
306, 81, 1121, 92, 1126, 94, -5, -2, -2.761086276477428, 5.385164807134504
306, 82, 1035, 577, 1033, 580, 2, -3, -0.982793723247329, 3.605551275463989
306, 83, 936, 100, 937, 100, -1, 0, 3.141592653589793, 1.0
306, 84, 1130, 89, 1134, 91, -4, -2, -2.677945044588987, 4.47213595499958
306, 85, 1018, 679, 1021, 684, -3, -5, -2.1112158270654806, 5.830951894845301
306, 86, 115, 204, 116, 203, -1, 1, 2.356194490192345, 1.4142135623730951
306, 87, 24, 299, 24, 299, 0, 0, 0.0, 0.0
306, 88, 934, 18, 935, 18, -1, 0, 3.141592653589793, 1.0
306, 89, 508, 350, 507, 355, 1, -5, -1.373400766945016, 5.0990195135927845
306, 90, 476, 175, 478, 178, -2, -3, -2.158798930342464, 3.605551275463989
306, 91, 14, 248, 14, 245, 0, 3, 1.5707963267948966, 3.0
306, 92, 850, 66, 850, 67, 0, -1, -1.5707963267948966, 1.0
306, 93, 634, 88, 634, 87, 0, 1, 1.5707963267948966, 1.0
306, 94, 634, 165, 635, 165, -1, 0, 3.141592653589793, 1.0
306, 95, 45, 142, 46, 142, -1, 0, 3.141592653589793, 1.0
306, 96, 1121, 51, 1125, 53, -4, -2, -2.677945044588987, 4.47213595499958
306, 97, 114, 178, 116, 177, -2, 1, 2.677945044588987, 2.23606797749979
306, 98, 1232, 15, 1234, 18, -2, -3, -2.158798930342464, 3.605551275463989
306, 99, 770, 44, 771, 44, -1, 0, 3.141592653589793, 1.0
306, 100, 931, 93, 932, 93, -1, 0, 3.141592653589793, 1.0
306, 101, 760, 16, 760, 17, 0, -1, -1.5707963267948966, 1.0
306, 102, 511, 380, 510, 382, 1, -2, -1.1071487177940904, 2.23606797749979
306, 103, 862, 681, 864, 677, -2, 4, 2.0344439357957027, 4.47213595499958
306, 104, 492, 188, 493, 190, -1, -2, -2.0344439357957027, 2.23606797749979
306, 105, 1248, 433, 1247, 430, 1, 3, 1.2490457723982544, 3.1622776601683795
306, 106, 240, 306, 240, 307, 0, -1, -1.5707963267948966, 1.0
306, 107, 813, 14, 814, 14, -1, 0, 3.141592653589793, 1.0
306, 108, 842, 683, 842, 679, 0, 4, 1.5707963267948966, 4.0
306, 109, 627, 403, 628, 400, -1, 3, 1.892546881191539, 3.1622776601683795
306, 110, 924, 94, 925, 94, -1, 0, 3.141592653589793, 1.0
306, 111, 644, 361, 644, 357, 0, 4, 1.5707963267948966, 4.0
306, 112, 869, 65, 869, 66, 0, -1, -1.5707963267948966, 1.0
306, 113, 517, 438, 517, 443, 0, -5, -1.5707963267948966, 5.0
306, 114, 1246, 179, 1247, 179, -1, 0, 3.141592653589793, 1.0
306, 115, 1207, 418, 1206, 415, 1, 3, 1.2490457723982544, 3.1622776601683795
306, 116, 145, 215, 147, 212, -2, 3, 2.158798930342464, 3.605551275463989
306, 117, 529, 416, 529, 417, 0, -1, -1.5707963267948966, 1.0
306, 118, 698, 56, 700, 59, -2, -3, -2.158798930342464, 3.605551275463989
306, 119, 1115, 121, 1116, 121, -1, 0, 3.141592653589793, 1.0
306, 120, 717, 25, 719, 28, -2, -3, -2.158798930342464, 3.605551275463989
306, 121, 31, 120, 32, 120, -1, 0, 3.141592653589793, 1.0
306, 122, 1197, 30, 1200, 32, -3, -2, -2.5535900500422257, 3.605551275463989
306, 123, 635, 460, 635, 460, 0, 0, 0.0, 0.0
306, 124, 1152, 40, 1157, 41, -5, -1, -2.9441970937399127, 5.0990195135927845
306, 125, 284, 318, 284, 318, 0, 0, 0.0, 0.0
306, 126, 539, 394, 539, 398, 0, -4, -1.5707963267948966, 4.0
306, 127, 569, 46, 567, 46, 2, 0, 0.0, 2.0
306, 128, 52, 157, 53, 157, -1, 0, 3.141592653589793, 1.0
306, 129, 1230, 58, 1232, 61, -2, -3, -2.158798930342464, 3.605551275463989
306, 130, 271, 322, 271, 323, 0, -1, -1.5707963267948966, 1.0
306, 131, 973, 651, 975, 655, -2, -4, -2.0344439357957027, 4.47213595499958
306, 132, 623, 121, 622, 120, 1, 1, 0.7853981633974483, 1.4142135623730951
306, 133, 708, 148, 708, 150, 0, -2, -1.5707963267948966, 2.0
306, 134, 1031, 616, 1031, 618, 0, -2, -1.5707963267948966, 2.0
306, 135, 647, 88, 647, 87, 0, 1, 1.5707963267948966, 1.0
306, 136, 103, 142, 105, 141, -2, 1, 2.677945044588987, 2.23606797749979
306, 137, 1207, 87, 1209, 87, -2, 0, 3.141592653589793, 2.0
306, 138, 774, 520, 779, 524, -5, -4, -2.4668517113662407, 6.4031242374328485
306, 139, 1260, 87, 1262, 91, -2, -4, -2.0344439357957027, 4.47213595499958
306, 140, 648, 404, 649, 401, -1, 3, 1.892546881191539, 3.1622776601683795
306, 141, 124, 228, 125, 228, -1, 0, 3.141592653589793, 1.0
306, 142, 679, 160, 679, 160, 0, 0, 0.0, 0.0
306, 143, 635, 19, 635, 19, 0, 0, 0.0, 0.0
306, 144, 512, 126, 512, 129, 0, -3, -1.5707963267948966, 3.0
306, 145, 1259, 67, 1261, 70, -2, -3, -2.158798930342464, 3.605551275463989
306, 146, 1213, 402, 1212, 399, 1, 3, 1.2490457723982544, 3.1622776601683795
306, 147, 709, 81, 709, 84, 0, -3, -1.5707963267948966, 3.0
306, 148, 313, 389, 314, 389, -1, 0, 3.141592653589793, 1.0
306, 149, 328, 376, 328, 376, 0, 0, 0.0, 0.0
306, 150, 1167, 58, 1170, 60, -3, -2, -2.5535900500422257, 3.605551275463989
306, 151, 488, 125, 488, 128, 0, -3, -1.5707963267948966, 3.0
306, 152, 968, 18, 970, 19, -2, -1, -2.677945044588987, 2.23606797749979
306, 153, 232, 306, 232, 307, 0, -1, -1.5707963267948966, 1.0
306, 154, 667, 97, 667, 97, 0, 0, 0.0, 0.0
306, 155, 523, 403, 523, 405, 0, -2, -1.5707963267948966, 2.0
306, 156, 1002, 690, 1004, 695, -2, -5, -1.9513027039072615, 5.385164807134504
306, 157, 1261, 381, 1263, 378, -2, 3, 2.158798930342464, 3.605551275463989
306, 158, 523, 344, 522, 349, 1, -5, -1.373400766945016, 5.0990195135927845
306, 159, 689, 129, 689, 129, 0, 0, 0.0, 0.0
306, 160, 1250, 384, 1248, 381, 2, 3, 0.982793723247329, 3.605551275463989
306, 161, 256, 359, 256, 360, 0, -1, -1.5707963267948966, 1.0
306, 162, 1256, 57, 1258, 60, -2, -3, -2.158798930342464, 3.605551275463989
306, 163, 257, 348, 257, 349, 0, -1, -1.5707963267948966, 1.0
306, 164, 939, 31, 940, 31, -1, 0, 3.141592653589793, 1.0
306, 165, 947, 37, 948, 37, -1, 0, 3.141592653589793, 1.0
306, 166, 1169, 85, 1171, 86, -2, -1, -2.677945044588987, 2.23606797749979
306, 167, 317, 406, 317, 406, 0, 0, 0.0, 0.0
306, 168, 1217, 485, 1217, 485, 0, 0, 0.0, 0.0
306, 169, 852, 119, 852, 122, 0, -3, -1.5707963267948966, 3.0
306, 170, 115, 223, 116, 222, -1, 1, 2.356194490192345, 1.4142135623730951
306, 171, 1261, 100, 1268, 104, -7, -4, -2.62244653934327, 8.06225774829855
306, 172, 262, 405, 262, 406, 0, -1, -1.5707963267948966, 1.0
306, 173, 1212, 478, 1212, 478, 0, 0, 0.0, 0.0
306, 174, 762, 487, 766, 490, -4, -3, -2.498091544796509, 5.0
306, 175, 758, 46, 759, 46, -1, 0, 3.141592653589793, 1.0
306, 176, 1029, 528, 1029, 533, 0, -5, -1.5707963267948966, 5.0
307, 0, 1026, 551, 1025, 553, 1, -2, -1.1071487177940904, 2.23606797749979
307, 1, 1040, 499, 1041, 503, -1, -4, -1.8157749899217608, 4.123105625617661
307, 2, 246, 331, 247, 331, -1, 0, 3.141592653589793, 1.0
307, 3, 1065, 531, 1065, 536, 0, -5, -1.5707963267948966, 5.0
307, 4, 19, 273, 19, 271, 0, 2, 1.5707963267948966, 2.0
307, 5, 584, 40, 582, 41, 2, -1, -0.4636476090008061, 2.23606797749979
307, 6, 1058, 500, 1059, 505, -1, -5, -1.7681918866447774, 5.0990195135927845
307, 7, 569, 77, 569, 77, 0, 0, 0.0, 0.0
307, 8, 259, 377, 259, 378, 0, -1, -1.5707963267948966, 1.0
307, 9, 979, 699, 980, 701, -1, -2, -2.0344439357957027, 2.23606797749979
307, 10, 23, 269, 23, 266, 0, 3, 1.5707963267948966, 3.0
307, 11, 984, 640, 986, 644, -2, -4, -2.0344439357957027, 4.47213595499958
307, 12, 495, 115, 495, 118, 0, -3, -1.5707963267948966, 3.0
307, 13, 274, 340, 274, 340, 0, 0, 0.0, 0.0
307, 14, 139, 197, 142, 195, -3, 2, 2.5535900500422257, 3.605551275463989
307, 15, 965, 676, 967, 682, -2, -6, -1.892546881191539, 6.324555320336759
307, 16, 334, 346, 334, 346, 0, 0, 0.0, 0.0
307, 17, 707, 86, 707, 89, 0, -3, -1.5707963267948966, 3.0
307, 18, 253, 340, 253, 341, 0, -1, -1.5707963267948966, 1.0
307, 19, 1259, 424, 1258, 421, 1, 3, 1.2490457723982544, 3.1622776601683795
307, 20, 771, 537, 775, 541, -4, -4, -2.356194490192345, 5.656854249492381
307, 21, 507, 118, 507, 120, 0, -2, -1.5707963267948966, 2.0
307, 22, 734, 543, 738, 545, -4, -2, -2.677945044588987, 4.47213595499958
307, 23, 887, 661, 887, 656, 0, 5, 1.5707963267948966, 5.0
307, 24, 502, 108, 502, 110, 0, -2, -1.5707963267948966, 2.0
307, 25, 10, 429, 10, 426, 0, 3, 1.5707963267948966, 3.0
307, 26, 543, 412, 542, 415, 1, -3, -1.2490457723982544, 3.1622776601683795
307, 27, 577, 12, 575, 13, 2, -1, -0.4636476090008061, 2.23606797749979
307, 28, 1009, 676, 1011, 681, -2, -5, -1.9513027039072615, 5.385164807134504
307, 29, 521, 323, 520, 328, 1, -5, -1.373400766945016, 5.0990195135927845
307, 30, 239, 322, 240, 322, -1, 0, 3.141592653589793, 1.0
307, 31, 568, 55, 567, 56, 1, -1, -0.7853981633974483, 1.4142135623730951
307, 32, 305, 324, 305, 325, 0, -1, -1.5707963267948966, 1.0
307, 33, 29, 112, 30, 112, -1, 0, 3.141592653589793, 1.0
307, 34, 1127, 48, 1131, 50, -4, -2, -2.677945044588987, 4.47213595499958
307, 35, 854, 57, 855, 59, -1, -2, -2.0344439357957027, 2.23606797749979
307, 36, 1140, 49, 1144, 51, -4, -2, -2.677945044588987, 4.47213595499958
307, 37, 856, 132, 856, 133, 0, -1, -1.5707963267948966, 1.0
307, 38, 585, 69, 583, 71, 2, -2, -0.7853981633974483, 2.8284271247461903
307, 39, 638, 83, 638, 82, 0, 1, 1.5707963267948966, 1.0
307, 40, 623, 422, 623, 419, 0, 3, 1.5707963267948966, 3.0
307, 41, 1232, 21, 1234, 24, -2, -3, -2.158798930342464, 3.605551275463989
307, 42, 718, 510, 720, 515, -2, -5, -1.9513027039072615, 5.385164807134504
307, 43, 741, 530, 746, 535, -5, -5, -2.356194490192345, 7.0710678118654755
307, 44, 115, 150, 117, 149, -2, 1, 2.677945044588987, 2.23606797749979
307, 45, 50, 460, 49, 458, 1, 2, 1.1071487177940904, 2.23606797749979
307, 46, 1004, 644, 1006, 650, -2, -6, -1.892546881191539, 6.324555320336759
307, 47, 892, 676, 891, 673, 1, 3, 1.2490457723982544, 3.1622776601683795
307, 48, 963, 695, 964, 695, -1, 0, 3.141592653589793, 1.0
307, 49, 756, 542, 760, 546, -4, -4, -2.356194490192345, 5.656854249492381
307, 50, 10, 418, 10, 415, 0, 3, 1.5707963267948966, 3.0
307, 51, 502, 202, 502, 203, 0, -1, -1.5707963267948966, 1.0
307, 52, 1125, 41, 1129, 43, -4, -2, -2.677945044588987, 4.47213595499958
307, 53, 260, 337, 260, 338, 0, -1, -1.5707963267948966, 1.0
307, 54, 482, 156, 482, 159, 0, -3, -1.5707963267948966, 3.0
307, 55, 257, 326, 257, 326, 0, 0, 0.0, 0.0
307, 56, 882, 635, 882, 631, 0, 4, 1.5707963267948966, 4.0
307, 57, 863, 631, 861, 627, 2, 4, 1.1071487177940904, 4.47213595499958
307, 58, 256, 386, 256, 387, 0, -1, -1.5707963267948966, 1.0
307, 59, 849, 660, 848, 655, 1, 5, 1.373400766945016, 5.0990195135927845
307, 60, 1189, 22, 1192, 24, -3, -2, -2.5535900500422257, 3.605551275463989
307, 61, 1130, 78, 1134, 80, -4, -2, -2.677945044588987, 4.47213595499958
307, 62, 683, 89, 683, 89, 0, 0, 0.0, 0.0
307, 63, 740, 472, 744, 476, -4, -4, -2.356194490192345, 5.656854249492381
307, 64, 656, 20, 656, 20, 0, 0, 0.0, 0.0
307, 65, 656, 419, 657, 418, -1, 1, 2.356194490192345, 1.4142135623730951
307, 66, 978, 646, 980, 650, -2, -4, -2.0344439357957027, 4.47213595499958
307, 67, 751, 14, 751, 15, 0, -1, -1.5707963267948966, 1.0
307, 68, 577, 21, 575, 22, 2, -1, -0.4636476090008061, 2.23606797749979
307, 69, 637, 362, 637, 358, 0, 4, 1.5707963267948966, 4.0
307, 70, 514, 164, 514, 165, 0, -1, -1.5707963267948966, 1.0
307, 71, 668, 29, 668, 30, 0, -1, -1.5707963267948966, 1.0
307, 72, 506, 374, 505, 375, 1, -1, -0.7853981633974483, 1.4142135623730951
307, 73, 331, 361, 332, 361, -1, 0, 3.141592653589793, 1.0
307, 74, 1261, 246, 1261, 245, 0, 1, 1.5707963267948966, 1.0
307, 75, 1117, 91, 1121, 92, -4, -1, -2.896613990462929, 4.123105625617661
307, 76, 1036, 575, 1035, 577, 1, -2, -1.1071487177940904, 2.23606797749979
307, 77, 1126, 87, 1130, 89, -4, -2, -2.677945044588987, 4.47213595499958
307, 78, 1015, 674, 1018, 679, -3, -5, -2.1112158270654806, 5.830951894845301
307, 79, 114, 205, 115, 204, -1, 1, 2.356194490192345, 1.4142135623730951
307, 80, 24, 299, 24, 299, 0, 0, 0.0, 0.0
307, 81, 934, 17, 934, 18, 0, -1, -1.5707963267948966, 1.0
307, 82, 509, 345, 508, 350, 1, -5, -1.373400766945016, 5.0990195135927845
307, 83, 474, 172, 476, 175, -2, -3, -2.158798930342464, 3.605551275463989
307, 84, 14, 250, 14, 248, 0, 2, 1.5707963267948966, 2.0
307, 85, 850, 64, 850, 66, 0, -2, -1.5707963267948966, 2.0
307, 86, 634, 89, 634, 88, 0, 1, 1.5707963267948966, 1.0
307, 87, 634, 165, 634, 165, 0, 0, 0.0, 0.0
307, 88, 44, 142, 45, 142, -1, 0, 3.141592653589793, 1.0
307, 89, 1117, 49, 1121, 51, -4, -2, -2.677945044588987, 4.47213595499958
307, 90, 112, 179, 114, 178, -2, 1, 2.677945044588987, 2.23606797749979
307, 91, 1230, 12, 1232, 15, -2, -3, -2.158798930342464, 3.605551275463989
307, 92, 760, 15, 760, 16, 0, -1, -1.5707963267948966, 1.0
307, 93, 512, 379, 511, 380, 1, -1, -0.7853981633974483, 1.4142135623730951
307, 94, 861, 683, 862, 681, -1, 2, 2.0344439357957027, 2.23606797749979
307, 95, 491, 186, 492, 188, -1, -2, -2.0344439357957027, 2.23606797749979
307, 96, 1249, 437, 1248, 433, 1, 4, 1.3258176636680326, 4.123105625617661
307, 97, 240, 305, 240, 306, 0, -1, -1.5707963267948966, 1.0
307, 98, 813, 13, 813, 14, 0, -1, -1.5707963267948966, 1.0
307, 99, 842, 686, 842, 683, 0, 3, 1.5707963267948966, 3.0
307, 100, 626, 406, 627, 403, -1, 3, 1.892546881191539, 3.1622776601683795
307, 101, 644, 365, 644, 361, 0, 4, 1.5707963267948966, 4.0
307, 102, 869, 63, 869, 65, 0, -2, -1.5707963267948966, 2.0
307, 103, 517, 432, 517, 438, 0, -6, -1.5707963267948966, 6.0
307, 104, 1208, 421, 1207, 418, 1, 3, 1.2490457723982544, 3.1622776601683795
307, 105, 143, 217, 145, 215, -2, 2, 2.356194490192345, 2.8284271247461903
307, 106, 529, 416, 529, 416, 0, 0, 0.0, 0.0
307, 107, 696, 52, 698, 56, -2, -4, -2.0344439357957027, 4.47213595499958
307, 108, 716, 22, 717, 25, -1, -3, -1.892546881191539, 3.1622776601683795
307, 109, 30, 120, 31, 120, -1, 0, 3.141592653589793, 1.0
307, 110, 1194, 28, 1197, 30, -3, -2, -2.5535900500422257, 3.605551275463989
307, 111, 634, 460, 635, 460, -1, 0, 3.141592653589793, 1.0
307, 112, 1148, 39, 1152, 40, -4, -1, -2.896613990462929, 4.123105625617661
307, 113, 284, 318, 284, 318, 0, 0, 0.0, 0.0
307, 114, 539, 389, 539, 394, 0, -5, -1.5707963267948966, 5.0
307, 115, 571, 45, 569, 46, 2, -1, -0.4636476090008061, 2.23606797749979
307, 116, 51, 157, 52, 157, -1, 0, 3.141592653589793, 1.0
307, 117, 1228, 55, 1230, 58, -2, -3, -2.158798930342464, 3.605551275463989
307, 118, 271, 322, 271, 322, 0, 0, 0.0, 0.0
307, 119, 971, 647, 973, 651, -2, -4, -2.0344439357957027, 4.47213595499958
307, 120, 624, 122, 623, 121, 1, 1, 0.7853981633974483, 1.4142135623730951
307, 121, 708, 145, 708, 148, 0, -3, -1.5707963267948966, 3.0
307, 122, 1031, 613, 1031, 616, 0, -3, -1.5707963267948966, 3.0
307, 123, 647, 89, 647, 88, 0, 1, 1.5707963267948966, 1.0
307, 124, 101, 143, 103, 142, -2, 1, 2.677945044588987, 2.23606797749979
307, 125, 1206, 87, 1207, 87, -1, 0, 3.141592653589793, 1.0
307, 126, 770, 515, 774, 520, -4, -5, -2.2455372690184494, 6.4031242374328485
307, 127, 1258, 84, 1260, 87, -2, -3, -2.158798930342464, 3.605551275463989
307, 128, 647, 407, 648, 404, -1, 3, 1.892546881191539, 3.1622776601683795
307, 129, 123, 228, 124, 228, -1, 0, 3.141592653589793, 1.0
307, 130, 679, 160, 679, 160, 0, 0, 0.0, 0.0
307, 131, 634, 19, 635, 19, -1, 0, 3.141592653589793, 1.0
307, 132, 512, 123, 512, 126, 0, -3, -1.5707963267948966, 3.0
307, 133, 1257, 64, 1259, 67, -2, -3, -2.158798930342464, 3.605551275463989
307, 134, 1214, 405, 1213, 402, 1, 3, 1.2490457723982544, 3.1622776601683795
307, 135, 709, 78, 709, 81, 0, -3, -1.5707963267948966, 3.0
307, 136, 312, 389, 313, 389, -1, 0, 3.141592653589793, 1.0
307, 137, 1164, 57, 1167, 58, -3, -1, -2.819842099193151, 3.1622776601683795
307, 138, 488, 122, 488, 125, 0, -3, -1.5707963267948966, 3.0
307, 139, 667, 97, 667, 97, 0, 0, 0.0, 0.0
307, 140, 524, 404, 523, 403, 1, 1, 0.7853981633974483, 1.4142135623730951
307, 141, 1000, 685, 1002, 690, -2, -5, -1.9513027039072615, 5.385164807134504
307, 142, 1261, 384, 1261, 381, 0, 3, 1.5707963267948966, 3.0
307, 143, 524, 339, 523, 344, 1, -5, -1.373400766945016, 5.0990195135927845
307, 144, 689, 130, 689, 129, 0, 1, 1.5707963267948966, 1.0
307, 145, 1252, 387, 1250, 384, 2, 3, 0.982793723247329, 3.605551275463989
307, 146, 256, 358, 256, 359, 0, -1, -1.5707963267948966, 1.0
307, 147, 1254, 54, 1256, 57, -2, -3, -2.158798930342464, 3.605551275463989
307, 148, 257, 347, 257, 348, 0, -1, -1.5707963267948966, 1.0
307, 149, 938, 31, 939, 31, -1, 0, 3.141592653589793, 1.0
307, 150, 946, 37, 947, 37, -1, 0, 3.141592653589793, 1.0
307, 151, 1167, 85, 1169, 85, -2, 0, 3.141592653589793, 2.0
307, 152, 317, 405, 317, 406, 0, -1, -1.5707963267948966, 1.0
307, 153, 1216, 485, 1217, 485, -1, 0, 3.141592653589793, 1.0
307, 154, 852, 115, 852, 119, 0, -4, -1.5707963267948966, 4.0
307, 155, 113, 223, 115, 223, -2, 0, 3.141592653589793, 2.0
307, 156, 1258, 97, 1261, 100, -3, -3, -2.356194490192345, 4.242640687119285
307, 157, 262, 404, 262, 405, 0, -1, -1.5707963267948966, 1.0
307, 158, 1211, 478, 1212, 478, -1, 0, 3.141592653589793, 1.0
307, 159, 758, 483, 762, 487, -4, -4, -2.356194490192345, 5.656854249492381
307, 160, 758, 45, 758, 46, 0, -1, -1.5707963267948966, 1.0
307, 161, 1029, 522, 1029, 528, 0, -6, -1.5707963267948966, 6.0
308, 0, 1042, 498, 1042, 502, 0, -4, -1.5707963267948966, 4.0
308, 1, 1008, 677, 1012, 682, -4, -5, -2.2455372690184494, 6.4031242374328485
308, 2, 1059, 501, 1060, 505, -1, -4, -1.8157749899217608, 4.123105625617661
308, 3, 734, 540, 738, 545, -4, -5, -2.2455372690184494, 6.4031242374328485
308, 4, 586, 41, 583, 42, 3, -1, -0.3217505543966422, 3.1622776601683795
308, 5, 865, 54, 865, 59, 0, -5, -1.5707963267948966, 5.0
308, 6, 1066, 530, 1066, 535, 0, -5, -1.5707963267948966, 5.0
308, 7, 20, 275, 19, 272, 1, 3, 1.2490457723982544, 3.1622776601683795
308, 8, 275, 336, 274, 336, 1, 0, 0.0, 1.0
308, 9, 497, 115, 495, 119, 2, -4, -1.1071487177940904, 4.47213595499958
308, 10, 259, 378, 259, 379, 0, -1, -1.5707963267948966, 1.0
308, 11, 253, 341, 253, 342, 0, -1, -1.5707963267948966, 1.0
308, 12, 247, 330, 247, 331, 0, -1, -1.5707963267948966, 1.0
308, 13, 1025, 551, 1025, 552, 0, -1, -1.5707963267948966, 1.0
308, 14, 23, 269, 23, 266, 0, 3, 1.5707963267948966, 3.0
308, 15, 139, 197, 142, 195, -3, 2, 2.5535900500422257, 3.605551275463989
308, 16, 544, 410, 543, 413, 1, -3, -1.2490457723982544, 3.1622776601683795
308, 17, 982, 641, 986, 644, -4, -3, -2.498091544796509, 5.0
308, 18, 492, 186, 493, 188, -1, -2, -2.0344439357957027, 2.23606797749979
308, 19, 592, 70, 588, 70, 4, 0, 0.0, 4.0
308, 20, 570, 76, 569, 77, 1, -1, -0.7853981633974483, 1.4142135623730951
308, 21, 707, 86, 707, 90, 0, -4, -1.5707963267948966, 4.0
308, 22, 756, 541, 760, 545, -4, -4, -2.356194490192345, 5.656854249492381
308, 23, 505, 108, 503, 111, 2, -3, -0.982793723247329, 3.605551275463989
308, 24, 334, 347, 334, 347, 0, 0, 0.0, 0.0
308, 25, 1261, 423, 1259, 422, 2, 1, 0.4636476090008061, 2.23606797749979
308, 26, 579, 13, 575, 14, 4, -1, -0.24497866312686414, 4.123105625617661
308, 27, 966, 679, 966, 681, 0, -2, -1.5707963267948966, 2.0
308, 28, 770, 536, 774, 540, -4, -4, -2.356194490192345, 5.656854249492381
308, 29, 716, 508, 719, 512, -3, -4, -2.214297435588181, 5.0
308, 30, 966, 696, 966, 697, 0, -1, -1.5707963267948966, 1.0
308, 31, 855, 54, 855, 59, 0, -5, -1.5707963267948966, 5.0
308, 32, 860, 45, 861, 50, -1, -5, -1.7681918866447774, 5.0990195135927845
308, 33, 1127, 50, 1131, 51, -4, -1, -2.896613990462929, 4.123105625617661
308, 34, 306, 325, 306, 326, 0, -1, -1.5707963267948966, 1.0
308, 35, 857, 129, 856, 133, 1, -4, -1.3258176636680326, 4.123105625617661
308, 36, 506, 376, 504, 377, 2, -1, -0.4636476090008061, 2.23606797749979
308, 37, 115, 151, 118, 149, -3, 2, 2.5535900500422257, 3.605551275463989
308, 38, 509, 117, 507, 120, 2, -3, -0.982793723247329, 3.605551275463989
308, 39, 1124, 42, 1129, 44, -5, -2, -2.761086276477428, 5.385164807134504
308, 40, 940, 11, 942, 12, -2, -1, -2.677945044588987, 2.23606797749979
308, 41, 13, 429, 13, 428, 0, 1, 1.5707963267948966, 1.0
308, 42, 240, 321, 240, 322, 0, -1, -1.5707963267948966, 1.0
308, 43, 1140, 51, 1145, 51, -5, 0, 3.141592653589793, 5.0
308, 44, 888, 665, 888, 659, 0, 6, 1.5707963267948966, 6.0
308, 45, 50, 459, 49, 458, 1, 1, 0.7853981633974483, 1.4142135623730951
308, 46, 1160, 75, 1162, 76, -2, -1, -2.677945044588987, 2.23606797749979
308, 47, 893, 679, 891, 677, 2, 2, 0.7853981633974483, 2.8284271247461903
308, 48, 572, 55, 568, 57, 4, -2, -0.4636476090008061, 4.47213595499958
308, 49, 1232, 20, 1235, 24, -3, -4, -2.214297435588181, 5.0
308, 50, 247, 402, 247, 403, 0, -1, -1.5707963267948966, 1.0
308, 51, 849, 660, 848, 659, 1, 1, 0.7853981633974483, 1.4142135623730951
308, 52, 227, 317, 227, 318, 0, -1, -1.5707963267948966, 1.0
308, 53, 624, 425, 625, 422, -1, 3, 1.892546881191539, 3.1622776601683795
308, 54, 482, 156, 483, 160, -1, -4, -1.8157749899217608, 4.123105625617661
308, 55, 766, 35, 766, 36, 0, -1, -1.5707963267948966, 1.0
308, 56, 28, 87, 29, 87, -1, 0, 3.141592653589793, 1.0
308, 57, 683, 92, 683, 89, 0, 3, 1.5707963267948966, 3.0
308, 58, 655, 422, 656, 419, -1, 3, 1.892546881191539, 3.1622776601683795
308, 59, 638, 87, 638, 83, 0, 4, 1.5707963267948966, 4.0
308, 60, 884, 639, 884, 636, 0, 3, 1.5707963267948966, 3.0
308, 61, 502, 205, 502, 206, 0, -1, -1.5707963267948966, 1.0
308, 62, 260, 338, 260, 339, 0, -1, -1.5707963267948966, 1.0
308, 63, 29, 112, 30, 112, -1, 0, 3.141592653589793, 1.0
308, 64, 256, 387, 256, 388, 0, -1, -1.5707963267948966, 1.0
308, 65, 1007, 645, 1008, 650, -1, -5, -1.7681918866447774, 5.0990195135927845
308, 66, 864, 636, 862, 632, 2, 4, 1.1071487177940904, 4.47213595499958
308, 67, 522, 323, 521, 330, 1, -7, -1.4288992721907328, 7.0710678118654755
308, 68, 14, 420, 13, 417, 1, 3, 1.2490457723982544, 3.1622776601683795
308, 69, 1188, 23, 1193, 25, -5, -2, -2.761086276477428, 5.385164807134504
308, 70, 948, 37, 949, 37, -1, 0, 3.141592653589793, 1.0
308, 71, 741, 529, 746, 534, -5, -5, -2.356194490192345, 7.0710678118654755
308, 72, 1132, 79, 1134, 80, -2, -1, -2.677945044588987, 2.23606797749979
308, 73, 257, 326, 257, 326, 0, 0, 0.0, 0.0
308, 74, 752, 15, 752, 16, 0, -1, -1.5707963267948966, 1.0
308, 75, 1036, 608, 1036, 613, 0, -5, -1.5707963267948966, 5.0
308, 76, 331, 361, 332, 361, -1, 0, 3.141592653589793, 1.0
308, 77, 741, 471, 745, 476, -4, -5, -2.2455372690184494, 6.4031242374328485
308, 78, 668, 30, 668, 31, 0, -1, -1.5707963267948966, 1.0
308, 79, 1173, 89, 1175, 90, -2, -1, -2.677945044588987, 2.23606797749979
308, 80, 581, 59, 578, 61, 3, -2, -0.5880026035475675, 3.605551275463989
308, 81, 144, 191, 147, 189, -3, 2, 2.5535900500422257, 3.605551275463989
308, 82, 638, 362, 638, 358, 0, 4, 1.5707963267948966, 4.0
308, 83, 25, 298, 25, 299, 0, -1, -1.5707963267948966, 1.0
308, 84, 850, 61, 850, 66, 0, -5, -1.5707963267948966, 5.0
308, 85, 580, 21, 576, 22, 4, -1, -0.24497866312686414, 4.123105625617661
308, 86, 474, 171, 476, 175, -2, -4, -2.0344439357957027, 4.47213595499958
308, 87, 746, 39, 746, 40, 0, -1, -1.5707963267948966, 1.0
308, 88, 112, 206, 115, 205, -3, 1, 2.819842099193151, 3.1622776601683795
308, 89, 540, 391, 539, 393, 1, -2, -1.1071487177940904, 2.23606797749979
308, 90, 1209, 423, 1208, 418, 1, 5, 1.373400766945016, 5.0990195135927845
308, 91, 709, 77, 709, 81, 0, -4, -1.5707963267948966, 4.0
308, 92, 44, 143, 45, 143, -1, 0, 3.141592653589793, 1.0
308, 93, 1117, 49, 1122, 51, -5, -2, -2.761086276477428, 5.385164807134504
308, 94, 977, 646, 980, 649, -3, -3, -2.356194490192345, 4.242640687119285
308, 95, 633, 92, 633, 89, 0, 3, 1.5707963267948966, 3.0
308, 96, 935, 17, 935, 18, 0, -1, -1.5707963267948966, 1.0
308, 97, 1127, 88, 1130, 90, -3, -2, -2.5535900500422257, 3.605551275463989
308, 98, 814, 13, 814, 14, 0, -1, -1.5707963267948966, 1.0
308, 99, 760, 16, 760, 17, 0, -1, -1.5707963267948966, 1.0
308, 100, 979, 701, 980, 705, -1, -4, -1.8157749899217608, 4.123105625617661
308, 101, 970, 645, 973, 649, -3, -4, -2.214297435588181, 5.0
308, 102, 1229, 12, 1232, 16, -3, -4, -2.214297435588181, 5.0
308, 103, 869, 60, 869, 65, 0, -5, -1.5707963267948966, 5.0
308, 104, 1104, 116, 1106, 117, -2, -1, -2.677945044588987, 2.23606797749979
308, 105, 333, 340, 333, 340, 0, 0, 0.0, 0.0
308, 106, 1149, 40, 1154, 41, -5, -1, -2.9441970937399127, 5.0990195135927845
308, 107, 510, 345, 509, 350, 1, -5, -1.373400766945016, 5.0990195135927845
308, 108, 133, 207, 134, 205, -1, 2, 2.0344439357957027, 2.23606797749979
308, 109, 635, 165, 635, 165, 0, 0, 0.0, 0.0
308, 110, 763, 598, 766, 603, -3, -5, -2.1112158270654806, 5.830951894845301
308, 111, 51, 156, 53, 157, -2, -1, -2.677945044588987, 2.23606797749979
308, 112, 1236, 498, 1235, 495, 1, 3, 1.2490457723982544, 3.1622776601683795
308, 113, 1135, 94, 1139, 96, -4, -2, -2.677945044588987, 4.47213595499958
308, 114, 709, 144, 709, 146, 0, -2, -1.5707963267948966, 2.0
308, 115, 1032, 576, 1032, 577, 0, -1, -1.5707963267948966, 1.0
308, 116, 1252, 438, 1249, 434, 3, 4, 0.9272952180016122, 5.0
308, 117, 517, 428, 517, 438, 0, -10, -1.5707963267948966, 10.0
308, 118, 1162, 85, 1164, 86, -2, -1, -2.677945044588987, 2.23606797749979
308, 119, 240, 306, 240, 307, 0, -1, -1.5707963267948966, 1.0
308, 120, 587, 34, 584, 35, 3, -1, -0.3217505543966422, 3.1622776601683795
308, 121, 1261, 110, 1273, 112, -12, -2, -2.976443976175166, 12.165525060596439
308, 122, 272, 321, 271, 322, 1, -1, -0.7853981633974483, 1.4142135623730951
308, 123, 100, 144, 103, 142, -3, 2, 2.5535900500422257, 3.605551275463989
308, 124, 1192, 29, 1197, 31, -5, -2, -2.761086276477428, 5.385164807134504
308, 125, 111, 179, 114, 178, -3, 1, 2.819842099193151, 3.1622776601683795
308, 126, 813, 22, 813, 23, 0, -1, -1.5707963267948966, 1.0
308, 127, 842, 689, 843, 688, -1, 1, 2.356194490192345, 1.4142135623730951
308, 128, 143, 217, 145, 215, -2, 2, 2.356194490192345, 2.8284271247461903
308, 129, 1164, 56, 1168, 58, -4, -2, -2.677945044588987, 4.47213595499958
308, 130, 715, 20, 717, 26, -2, -6, -1.892546881191539, 6.324555320336759
308, 131, 747, 27, 747, 28, 0, -1, -1.5707963267948966, 1.0
308, 132, 1103, 89, 1106, 89, -3, 0, 3.141592653589793, 3.0
308, 133, 1254, 53, 1257, 57, -3, -4, -2.214297435588181, 5.0
308, 134, 317, 388, 318, 388, -1, 0, 3.141592653589793, 1.0
308, 135, 1243, 176, 1243, 176, 0, 0, 0.0, 0.0
308, 136, 714, 84, 715, 88, -1, -4, -1.8157749899217608, 4.123105625617661
308, 137, 285, 318, 284, 319, 1, -1, -0.7853981633974483, 1.4142135623730951
308, 138, 572, 44, 569, 46, 3, -2, -0.5880026035475675, 3.605551275463989
308, 139, 513, 124, 512, 127, 1, -3, -1.2490457723982544, 3.1622776601683795
308, 140, 513, 376, 512, 377, 1, -1, -0.7853981633974483, 1.4142135623730951
308, 141, 598, 69, 596, 69, 2, 0, 0.0, 2.0
308, 142, 513, 191, 512, 195, 1, -4, -1.3258176636680326, 4.123105625617661
308, 143, 232, 306, 232, 307, 0, -1, -1.5707963267948966, 1.0
308, 144, 254, 358, 254, 359, 0, -1, -1.5707963267948966, 1.0
308, 145, 648, 409, 649, 405, -1, 4, 1.8157749899217608, 4.123105625617661
308, 146, 1261, 384, 1264, 381, -3, 3, 2.356194490192345, 4.242640687119285
308, 147, 31, 121, 32, 121, -1, 0, 3.141592653589793, 1.0
308, 148, 942, 27, 944, 27, -2, 0, 3.141592653589793, 2.0
308, 149, 660, 68, 659, 66, 1, 2, 1.1071487177940904, 2.23606797749979
308, 150, 825, 44, 825, 45, 0, -1, -1.5707963267948966, 1.0
308, 151, 272, 344, 271, 345, 1, -1, -0.7853981633974483, 1.4142135623730951
308, 152, 15, 251, 15, 248, 0, 3, 1.5707963267948966, 3.0
308, 153, 125, 228, 126, 228, -1, 0, 3.141592653589793, 1.0
308, 154, 1257, 83, 1260, 88, -3, -5, -2.1112158270654806, 5.830951894845301
308, 155, 698, 53, 699, 56, -1, -3, -1.892546881191539, 3.1622776601683795
308, 156, 668, 99, 668, 98, 0, 1, 1.5707963267948966, 1.0
308, 157, 515, 166, 515, 167, 0, -1, -1.5707963267948966, 1.0
308, 158, 634, 460, 635, 460, -1, 0, 3.141592653589793, 1.0
308, 159, 1215, 406, 1213, 403, 2, 3, 0.982793723247329, 3.605551275463989
308, 160, 689, 133, 689, 131, 0, 2, 1.5707963267948966, 2.0
308, 161, 656, 21, 656, 20, 0, 1, 1.5707963267948966, 1.0
308, 162, 1256, 63, 1259, 67, -3, -4, -2.214297435588181, 5.0
308, 163, 1207, 87, 1209, 87, -2, 0, 3.141592653589793, 2.0
308, 164, 772, 516, 775, 519, -3, -3, -2.356194490192345, 4.242640687119285
308, 165, 490, 122, 489, 126, 1, -4, -1.3258176636680326, 4.123105625617661
308, 166, 675, 160, 675, 159, 0, 1, 1.5707963267948966, 1.0
308, 167, 10, 487, 10, 486, 0, 1, 1.5707963267948966, 1.0
308, 168, 647, 92, 647, 89, 0, 3, 1.5707963267948966, 3.0
308, 169, 635, 21, 635, 19, 0, 2, 1.5707963267948966, 2.0
308, 170, 317, 406, 317, 406, 0, 0, 0.0, 0.0
308, 171, 966, 12, 967, 15, -1, -3, -1.892546881191539, 3.1622776601683795
308, 172, 758, 45, 758, 46, 0, -1, -1.5707963267948966, 1.0
308, 173, 1146, 76, 1149, 77, -3, -1, -2.819842099193151, 3.1622776601683795
308, 174, 262, 405, 262, 406, 0, -1, -1.5707963267948966, 1.0
308, 175, 524, 340, 523, 345, 1, -5, -1.373400766945016, 5.0990195135927845
308, 176, 870, 630, 868, 625, 2, 5, 1.1902899496825317, 5.385164807134504
309, 0, 1042, 494, 1042, 498, 0, -4, -1.5707963267948966, 4.0
309, 1, 1005, 672, 1008, 677, -3, -5, -2.1112158270654806, 5.830951894845301
309, 2, 1058, 497, 1059, 501, -1, -4, -1.8157749899217608, 4.123105625617661
309, 3, 732, 537, 734, 540, -2, -3, -2.158798930342464, 3.605551275463989
309, 4, 588, 41, 586, 41, 2, 0, 0.0, 2.0
309, 5, 865, 51, 865, 54, 0, -3, -1.5707963267948966, 3.0
309, 6, 1066, 528, 1066, 530, 0, -2, -1.5707963267948966, 2.0
309, 7, 20, 276, 20, 275, 0, 1, 1.5707963267948966, 1.0
309, 8, 275, 336, 275, 336, 0, 0, 0.0, 0.0
309, 9, 497, 113, 497, 115, 0, -2, -1.5707963267948966, 2.0
309, 10, 259, 377, 259, 378, 0, -1, -1.5707963267948966, 1.0
309, 11, 253, 340, 253, 341, 0, -1, -1.5707963267948966, 1.0
309, 12, 247, 329, 247, 330, 0, -1, -1.5707963267948966, 1.0
309, 13, 1024, 552, 1025, 551, -1, 1, 2.356194490192345, 1.4142135623730951
309, 14, 22, 270, 23, 269, -1, 1, 2.356194490192345, 1.4142135623730951
309, 15, 137, 199, 139, 197, -2, 2, 2.356194490192345, 2.8284271247461903
309, 16, 544, 407, 544, 410, 0, -3, -1.5707963267948966, 3.0
309, 17, 981, 638, 982, 641, -1, -3, -1.892546881191539, 3.1622776601683795
309, 18, 593, 70, 592, 70, 1, 0, 0.0, 1.0
309, 19, 571, 75, 570, 76, 1, -1, -0.7853981633974483, 1.4142135623730951
309, 20, 707, 84, 707, 86, 0, -2, -1.5707963267948966, 2.0
309, 21, 752, 537, 756, 541, -4, -4, -2.356194490192345, 5.656854249492381
309, 22, 505, 106, 505, 108, 0, -2, -1.5707963267948966, 2.0
309, 23, 334, 347, 334, 347, 0, 0, 0.0, 0.0
309, 24, 1261, 426, 1261, 423, 0, 3, 1.5707963267948966, 3.0
309, 25, 582, 12, 579, 13, 3, -1, -0.3217505543966422, 3.1622776601683795
309, 26, 965, 675, 966, 679, -1, -4, -1.8157749899217608, 4.123105625617661
309, 27, 767, 532, 770, 536, -3, -4, -2.214297435588181, 5.0
309, 28, 713, 506, 716, 508, -3, -2, -2.5535900500422257, 3.605551275463989
309, 29, 965, 694, 966, 696, -1, -2, -2.0344439357957027, 2.23606797749979
309, 30, 855, 51, 855, 54, 0, -3, -1.5707963267948966, 3.0
309, 31, 860, 42, 860, 45, 0, -3, -1.5707963267948966, 3.0
309, 32, 1123, 49, 1127, 50, -4, -1, -2.896613990462929, 4.123105625617661
309, 33, 306, 324, 306, 325, 0, -1, -1.5707963267948966, 1.0
309, 34, 857, 127, 857, 129, 0, -2, -1.5707963267948966, 2.0
309, 35, 506, 373, 506, 376, 0, -3, -1.5707963267948966, 3.0
309, 36, 113, 152, 115, 151, -2, 1, 2.677945044588987, 2.23606797749979
309, 37, 509, 115, 509, 117, 0, -2, -1.5707963267948966, 2.0
309, 38, 1120, 41, 1124, 42, -4, -1, -2.896613990462929, 4.123105625617661
309, 39, 15, 432, 13, 429, 2, 3, 0.982793723247329, 3.605551275463989
309, 40, 240, 320, 240, 321, 0, -1, -1.5707963267948966, 1.0
309, 41, 1136, 50, 1140, 51, -4, -1, -2.896613990462929, 4.123105625617661
309, 42, 888, 670, 888, 665, 0, 5, 1.5707963267948966, 5.0
309, 43, 52, 462, 50, 459, 2, 3, 0.982793723247329, 3.605551275463989
309, 44, 1158, 73, 1160, 75, -2, -2, -2.356194490192345, 2.8284271247461903
309, 45, 893, 682, 893, 679, 0, 3, 1.5707963267948966, 3.0
309, 46, 574, 54, 572, 55, 2, -1, -0.4636476090008061, 2.23606797749979
309, 47, 1230, 17, 1232, 20, -2, -3, -2.158798930342464, 3.605551275463989
309, 48, 247, 401, 247, 402, 0, -1, -1.5707963267948966, 1.0
309, 49, 850, 664, 849, 660, 1, 4, 1.3258176636680326, 4.123105625617661
309, 50, 227, 316, 227, 317, 0, -1, -1.5707963267948966, 1.0
309, 51, 624, 429, 624, 425, 0, 4, 1.5707963267948966, 4.0
309, 52, 482, 154, 482, 156, 0, -2, -1.5707963267948966, 2.0
309, 53, 766, 34, 766, 35, 0, -1, -1.5707963267948966, 1.0
309, 54, 683, 94, 683, 92, 0, 2, 1.5707963267948966, 2.0
309, 55, 654, 424, 655, 422, -1, 2, 2.0344439357957027, 2.23606797749979
309, 56, 638, 89, 638, 87, 0, 2, 1.5707963267948966, 2.0
309, 57, 886, 644, 884, 639, 2, 5, 1.1902899496825317, 5.385164807134504
309, 58, 502, 204, 502, 205, 0, -1, -1.5707963267948966, 1.0
309, 59, 260, 337, 260, 338, 0, -1, -1.5707963267948966, 1.0
309, 60, 28, 112, 29, 112, -1, 0, 3.141592653589793, 1.0
309, 61, 256, 386, 256, 387, 0, -1, -1.5707963267948966, 1.0
309, 62, 1005, 638, 1007, 645, -2, -7, -1.849095985800008, 7.280109889280518
309, 63, 866, 640, 864, 636, 2, 4, 1.1071487177940904, 4.47213595499958
309, 64, 522, 317, 522, 323, 0, -6, -1.5707963267948966, 6.0
309, 65, 16, 423, 14, 420, 2, 3, 0.982793723247329, 3.605551275463989
309, 66, 1185, 22, 1188, 23, -3, -1, -2.819842099193151, 3.1622776601683795
309, 67, 946, 37, 948, 37, -2, 0, 3.141592653589793, 2.0
309, 68, 737, 525, 741, 529, -4, -4, -2.356194490192345, 5.656854249492381
309, 69, 1128, 78, 1132, 79, -4, -1, -2.896613990462929, 4.123105625617661
309, 70, 257, 326, 257, 326, 0, 0, 0.0, 0.0
309, 71, 752, 14, 752, 15, 0, -1, -1.5707963267948966, 1.0
309, 72, 1036, 604, 1036, 608, 0, -4, -1.5707963267948966, 4.0
309, 73, 330, 361, 331, 361, -1, 0, 3.141592653589793, 1.0
309, 74, 738, 466, 741, 471, -3, -5, -2.1112158270654806, 5.830951894845301
309, 75, 668, 30, 668, 30, 0, 0, 0.0, 0.0
309, 76, 583, 58, 581, 59, 2, -1, -0.4636476090008061, 2.23606797749979
309, 77, 142, 193, 144, 191, -2, 2, 2.356194490192345, 2.8284271247461903
309, 78, 638, 366, 638, 362, 0, 4, 1.5707963267948966, 4.0
309, 79, 25, 298, 25, 298, 0, 0, 0.0, 0.0
309, 80, 850, 58, 850, 61, 0, -3, -1.5707963267948966, 3.0
309, 81, 583, 20, 580, 21, 3, -1, -0.3217505543966422, 3.1622776601683795
309, 82, 746, 38, 746, 39, 0, -1, -1.5707963267948966, 1.0
309, 83, 111, 207, 112, 206, -1, 1, 2.356194490192345, 1.4142135623730951
309, 84, 540, 387, 540, 391, 0, -4, -1.5707963267948966, 4.0
309, 85, 1211, 427, 1209, 423, 2, 4, 1.1071487177940904, 4.47213595499958
309, 86, 709, 75, 709, 77, 0, -2, -1.5707963267948966, 2.0
309, 87, 43, 143, 44, 143, -1, 0, 3.141592653589793, 1.0
309, 88, 1113, 48, 1117, 49, -4, -1, -2.896613990462929, 4.123105625617661
309, 89, 976, 644, 977, 646, -1, -2, -2.0344439357957027, 2.23606797749979
309, 90, 633, 94, 633, 92, 0, 2, 1.5707963267948966, 2.0
309, 91, 1123, 87, 1127, 88, -4, -1, -2.896613990462929, 4.123105625617661
309, 92, 814, 12, 814, 13, 0, -1, -1.5707963267948966, 1.0
309, 93, 760, 15, 760, 16, 0, -1, -1.5707963267948966, 1.0
309, 94, 979, 698, 979, 701, 0, -3, -1.5707963267948966, 3.0
309, 95, 967, 642, 970, 645, -3, -3, -2.356194490192345, 4.242640687119285
309, 96, 1227, 9, 1229, 12, -2, -3, -2.158798930342464, 3.605551275463989
309, 97, 869, 56, 869, 60, 0, -4, -1.5707963267948966, 4.0
309, 98, 1102, 115, 1104, 116, -2, -1, -2.677945044588987, 2.23606797749979
309, 99, 333, 340, 333, 340, 0, 0, 0.0, 0.0
309, 100, 1145, 39, 1149, 40, -4, -1, -2.896613990462929, 4.123105625617661
309, 101, 510, 340, 510, 345, 0, -5, -1.5707963267948966, 5.0
309, 102, 132, 209, 133, 207, -1, 2, 2.0344439357957027, 2.23606797749979
309, 103, 634, 165, 635, 165, -1, 0, 3.141592653589793, 1.0
309, 104, 760, 593, 763, 598, -3, -5, -2.1112158270654806, 5.830951894845301
309, 105, 49, 155, 51, 156, -2, -1, -2.677945044588987, 2.23606797749979
309, 106, 1238, 500, 1236, 498, 2, 2, 0.7853981633974483, 2.8284271247461903
309, 107, 1131, 93, 1135, 94, -4, -1, -2.896613990462929, 4.123105625617661
309, 108, 709, 142, 709, 144, 0, -2, -1.5707963267948966, 2.0
309, 109, 1032, 575, 1032, 576, 0, -1, -1.5707963267948966, 1.0
309, 110, 1253, 441, 1252, 438, 1, 3, 1.2490457723982544, 3.1622776601683795
309, 111, 517, 422, 517, 428, 0, -6, -1.5707963267948966, 6.0
309, 112, 240, 305, 240, 306, 0, -1, -1.5707963267948966, 1.0
309, 113, 589, 34, 587, 34, 2, 0, 0.0, 2.0
309, 114, 1257, 107, 1261, 110, -4, -3, -2.498091544796509, 5.0
309, 115, 272, 320, 272, 321, 0, -1, -1.5707963267948966, 1.0
309, 116, 99, 144, 100, 144, -1, 0, 3.141592653589793, 1.0
309, 117, 1189, 28, 1192, 29, -3, -1, -2.819842099193151, 3.1622776601683795
309, 118, 109, 180, 111, 179, -2, 1, 2.677945044588987, 2.23606797749979
309, 119, 813, 21, 813, 22, 0, -1, -1.5707963267948966, 1.0
309, 120, 842, 694, 842, 689, 0, 5, 1.5707963267948966, 5.0
309, 121, 141, 219, 143, 217, -2, 2, 2.356194490192345, 2.8284271247461903
309, 122, 1161, 56, 1164, 56, -3, 0, 3.141592653589793, 3.0
309, 123, 714, 17, 715, 20, -1, -3, -1.892546881191539, 3.1622776601683795
309, 124, 747, 26, 747, 27, 0, -1, -1.5707963267948966, 1.0
309, 125, 1099, 87, 1103, 89, -4, -2, -2.677945044588987, 4.47213595499958
309, 126, 1252, 51, 1254, 53, -2, -2, -2.356194490192345, 2.8284271247461903
309, 127, 316, 388, 317, 388, -1, 0, 3.141592653589793, 1.0
309, 128, 1241, 175, 1243, 176, -2, -1, -2.677945044588987, 2.23606797749979
309, 129, 713, 82, 714, 84, -1, -2, -2.0344439357957027, 2.23606797749979
309, 130, 285, 318, 285, 318, 0, 0, 0.0, 0.0
309, 131, 575, 43, 572, 44, 3, -1, -0.3217505543966422, 3.1622776601683795
309, 132, 513, 122, 513, 124, 0, -2, -1.5707963267948966, 2.0
309, 133, 514, 373, 513, 376, 1, -3, -1.2490457723982544, 3.1622776601683795
309, 134, 599, 69, 598, 69, 1, 0, 0.0, 1.0
309, 135, 512, 186, 513, 191, -1, -5, -1.7681918866447774, 5.0990195135927845
309, 136, 232, 305, 232, 306, 0, -1, -1.5707963267948966, 1.0
309, 137, 254, 357, 254, 358, 0, -1, -1.5707963267948966, 1.0
309, 138, 647, 413, 648, 409, -1, 4, 1.8157749899217608, 4.123105625617661
309, 139, 1261, 387, 1261, 384, 0, 3, 1.5707963267948966, 3.0
309, 140, 30, 121, 31, 121, -1, 0, 3.141592653589793, 1.0
309, 141, 941, 27, 942, 27, -1, 0, 3.141592653589793, 1.0
309, 142, 660, 69, 660, 68, 0, 1, 1.5707963267948966, 1.0
309, 143, 272, 344, 272, 344, 0, 0, 0.0, 0.0
309, 144, 15, 252, 15, 251, 0, 1, 1.5707963267948966, 1.0
309, 145, 124, 228, 125, 228, -1, 0, 3.141592653589793, 1.0
309, 146, 1255, 81, 1257, 83, -2, -2, -2.356194490192345, 2.8284271247461903
309, 147, 697, 49, 698, 53, -1, -4, -1.8157749899217608, 4.123105625617661
309, 148, 668, 99, 668, 99, 0, 0, 0.0, 0.0
309, 149, 515, 164, 515, 166, 0, -2, -1.5707963267948966, 2.0
309, 150, 633, 460, 634, 460, -1, 0, 3.141592653589793, 1.0
309, 151, 1217, 409, 1215, 406, 2, 3, 0.982793723247329, 3.605551275463989
309, 152, 689, 135, 689, 133, 0, 2, 1.5707963267948966, 2.0
309, 153, 656, 22, 656, 21, 0, 1, 1.5707963267948966, 1.0
309, 154, 1254, 61, 1256, 63, -2, -2, -2.356194490192345, 2.8284271247461903
309, 155, 1206, 87, 1207, 87, -1, 0, 3.141592653589793, 1.0
309, 156, 768, 510, 772, 516, -4, -6, -2.158798930342464, 7.211102550927978
309, 157, 491, 120, 490, 122, 1, -2, -1.1071487177940904, 2.23606797749979
309, 158, 675, 161, 675, 160, 0, 1, 1.5707963267948966, 1.0
309, 159, 10, 488, 10, 487, 0, 1, 1.5707963267948966, 1.0
309, 160, 647, 94, 647, 92, 0, 2, 1.5707963267948966, 2.0
309, 161, 634, 22, 635, 21, -1, 1, 2.356194490192345, 1.4142135623730951
309, 162, 317, 406, 317, 406, 0, 0, 0.0, 0.0
309, 163, 964, 8, 966, 12, -2, -4, -2.0344439357957027, 4.47213595499958
309, 164, 758, 44, 758, 45, 0, -1, -1.5707963267948966, 1.0
309, 165, 1142, 74, 1146, 76, -4, -2, -2.677945044588987, 4.47213595499958
309, 166, 262, 404, 262, 405, 0, -1, -1.5707963267948966, 1.0
309, 167, 524, 335, 524, 340, 0, -5, -1.5707963267948966, 5.0
309, 168, 872, 634, 870, 630, 2, 4, 1.1071487177940904, 4.47213595499958
310, 0, 277, 337, 277, 337, 0, 0, 0.0, 0.0
310, 1, 1044, 488, 1043, 492, 1, -4, -1.3258176636680326, 4.123105625617661
310, 2, 253, 340, 253, 341, 0, -1, -1.5707963267948966, 1.0
310, 3, 1007, 665, 1009, 670, -2, -5, -1.9513027039072615, 5.385164807134504
310, 4, 1061, 490, 1061, 494, 0, -4, -1.5707963267948966, 4.0
310, 5, 507, 374, 507, 377, 0, -3, -1.5707963267948966, 3.0
310, 6, 136, 200, 138, 198, -2, 2, 2.356194490192345, 2.8284271247461903
310, 7, 247, 330, 247, 331, 0, -1, -1.5707963267948966, 1.0
310, 8, 259, 378, 259, 379, 0, -1, -1.5707963267948966, 1.0
310, 9, 590, 43, 588, 42, 2, 1, 0.4636476090008061, 2.23606797749979
310, 10, 982, 628, 984, 632, -2, -4, -2.0344439357957027, 4.47213595499958
310, 11, 22, 276, 22, 275, 0, 1, 1.5707963267948966, 1.0
310, 12, 863, 52, 863, 56, 0, -4, -1.5707963267948966, 4.0
310, 13, 261, 338, 261, 339, 0, -1, -1.5707963267948966, 1.0
310, 14, 1261, 431, 1262, 428, -1, 3, 1.892546881191539, 3.1622776601683795
310, 15, 708, 87, 708, 88, 0, -1, -1.5707963267948966, 1.0
310, 16, 593, 67, 592, 67, 1, 0, 0.0, 1.0
310, 17, 334, 347, 334, 347, 0, 0, 0.0, 0.0
310, 18, 498, 115, 497, 117, 1, -2, -1.1071487177940904, 2.23606797749979
310, 19, 544, 401, 544, 404, 0, -3, -1.5707963267948966, 3.0
310, 20, 1040, 558, 1040, 562, 0, -4, -1.5707963267948966, 4.0
310, 21, 964, 665, 965, 669, -1, -4, -1.8157749899217608, 4.123105625617661
310, 22, 505, 107, 504, 109, 1, -2, -1.1071487177940904, 2.23606797749979
310, 23, 18, 436, 16, 433, 2, 3, 0.982793723247329, 3.605551275463989
310, 24, 52, 464, 51, 462, 1, 2, 1.1071487177940904, 2.23606797749979
310, 25, 306, 325, 306, 326, 0, -1, -1.5707963267948966, 1.0
310, 26, 241, 321, 241, 322, 0, -1, -1.5707963267948966, 1.0
310, 27, 572, 74, 571, 75, 1, -1, -0.7853981633974483, 1.4142135623730951
310, 28, 583, 11, 580, 13, 3, -2, -0.5880026035475675, 3.605551275463989
310, 29, 889, 653, 888, 649, 1, 4, 1.3258176636680326, 4.123105625617661
310, 30, 575, 55, 572, 56, 3, -1, -0.3217505543966422, 3.1622776601683795
310, 31, 628, 438, 628, 434, 0, 4, 1.5707963267948966, 4.0
310, 32, 861, 43, 861, 47, 0, -4, -1.5707963267948966, 4.0
310, 33, 855, 52, 855, 56, 0, -4, -1.5707963267948966, 4.0
310, 34, 894, 694, 893, 691, 1, 3, 1.2490457723982544, 3.1622776601683795
310, 35, 488, 180, 489, 182, -1, -2, -2.0344439357957027, 2.23606797749979
310, 36, 1120, 41, 1124, 42, -4, -1, -2.896613990462929, 4.123105625617661
310, 37, 1004, 632, 1005, 639, -1, -7, -1.7126933813990606, 7.0710678118654755
310, 38, 28, 112, 29, 112, -1, 0, 3.141592653589793, 1.0
310, 39, 1133, 49, 1137, 51, -4, -2, -2.677945044588987, 4.47213595499958
310, 40, 1231, 18, 1233, 21, -2, -3, -2.158798930342464, 3.605551275463989
310, 41, 483, 156, 483, 158, 0, -2, -1.5707963267948966, 2.0
310, 42, 867, 647, 865, 644, 2, 3, 0.982793723247329, 3.605551275463989
310, 43, 864, 701, 863, 698, 1, 3, 1.2490457723982544, 3.1622776601683795
310, 44, 286, 376, 287, 376, -1, 0, 3.141592653589793, 1.0
310, 45, 1154, 75, 1156, 78, -2, -3, -2.158798930342464, 3.605551275463989
310, 46, 730, 521, 735, 527, -5, -6, -2.2655346029916, 7.810249675906654
310, 47, 509, 116, 508, 118, 1, -2, -1.1071487177940904, 2.23606797749979
310, 48, 953, 42, 954, 42, -1, 0, 3.141592653589793, 1.0
310, 49, 1068, 532, 1068, 533, 0, -1, -1.5707963267948966, 1.0
310, 50, 890, 678, 890, 673, 0, 5, 1.5707963267948966, 5.0
310, 51, 655, 426, 655, 424, 0, 2, 1.5707963267948966, 2.0
310, 52, 1122, 48, 1126, 49, -4, -1, -2.896613990462929, 4.123105625617661
310, 53, 247, 402, 247, 403, 0, -1, -1.5707963267948966, 1.0
310, 54, 766, 35, 766, 36, 0, -1, -1.5707963267948966, 1.0
310, 55, 712, 137, 712, 139, 0, -2, -1.5707963267948966, 2.0
310, 56, 305, 363, 306, 363, -1, 0, 3.141592653589793, 1.0
310, 57, 115, 151, 116, 150, -1, 1, 2.356194490192345, 1.4142135623730951
310, 58, 759, 531, 762, 535, -3, -4, -2.214297435588181, 5.0
310, 59, 228, 317, 228, 318, 0, -1, -1.5707963267948966, 1.0
310, 60, 714, 508, 716, 508, -2, 0, 3.141592653589793, 2.0
310, 61, 522, 317, 522, 322, 0, -5, -1.5707963267948966, 5.0
310, 62, 941, 29, 943, 30, -2, -1, -2.677945044588987, 2.23606797749979
310, 63, 638, 88, 638, 86, 0, 2, 1.5707963267948966, 2.0
310, 64, 330, 404, 330, 405, 0, -1, -1.5707963267948966, 1.0
310, 65, 256, 387, 256, 388, 0, -1, -1.5707963267948966, 1.0
310, 66, 1187, 23, 1190, 24, -3, -1, -2.819842099193151, 3.1622776601683795
310, 67, 683, 94, 683, 92, 0, 2, 1.5707963267948966, 2.0
310, 68, 747, 38, 747, 39, 0, -1, -1.5707963267948966, 1.0
310, 69, 17, 424, 16, 422, 1, 2, 1.1071487177940904, 2.23606797749979
310, 70, 1091, 104, 1095, 107, -4, -3, -2.498091544796509, 5.0
310, 71, 112, 208, 113, 207, -1, 1, 2.356194490192345, 1.4142135623730951
310, 72, 753, 14, 753, 15, 0, -1, -1.5707963267948966, 1.0
310, 73, 729, 538, 732, 538, -3, 0, 3.141592653589793, 3.0
310, 74, 256, 358, 256, 359, 0, -1, -1.5707963267948966, 1.0
310, 75, 331, 361, 332, 361, -1, 0, 3.141592653589793, 1.0
310, 76, 1144, 37, 1148, 39, -4, -2, -2.677945044588987, 4.47213595499958
310, 77, 25, 298, 25, 299, 0, -1, -1.5707963267948966, 1.0
310, 78, 583, 20, 580, 21, 3, -1, -0.3217505543966422, 3.1622776601683795
310, 79, 968, 634, 970, 637, -2, -3, -2.158798930342464, 3.605551275463989
310, 80, 1164, 57, 1166, 58, -2, -1, -2.677945044588987, 2.23606797749979
310, 81, 857, 127, 857, 131, 0, -4, -1.5707963267948966, 4.0
310, 82, 141, 194, 143, 192, -2, 2, 2.356194490192345, 2.8284271247461903
310, 83, 43, 144, 44, 144, -1, 0, 3.141592653589793, 1.0
310, 84, 1115, 119, 1115, 120, 0, -1, -1.5707963267948966, 1.0
310, 85, 937, 99, 937, 100, 0, -1, -1.5707963267948966, 1.0
310, 86, 327, 376, 328, 376, -1, 0, 3.141592653589793, 1.0
310, 87, 850, 58, 850, 62, 0, -4, -1.5707963267948966, 4.0
310, 88, 656, 122, 656, 121, 0, 1, 1.5707963267948966, 1.0
310, 89, 51, 160, 53, 161, -2, -1, -2.677945044588987, 2.23606797749979
310, 90, 634, 94, 634, 92, 0, 2, 1.5707963267948966, 2.0
310, 91, 737, 463, 740, 468, -3, -5, -2.1112158270654806, 5.830951894845301
310, 92, 771, 42, 771, 43, 0, -1, -1.5707963267948966, 1.0
310, 93, 852, 675, 850, 671, 2, 4, 1.1071487177940904, 4.47213595499958
310, 94, 257, 326, 257, 326, 0, 0, 0.0, 0.0
310, 95, 761, 15, 761, 16, 0, -1, -1.5707963267948966, 1.0
310, 96, 510, 338, 510, 343, 0, -5, -1.5707963267948966, 5.0
310, 97, 765, 527, 768, 531, -3, -4, -2.214297435588181, 5.0
310, 98, 1239, 504, 1237, 501, 2, 3, 0.982793723247329, 3.605551275463989
310, 99, 1213, 428, 1211, 424, 2, 4, 1.1071487177940904, 4.47213595499958
310, 100, 509, 181, 510, 186, -1, -5, -1.7681918866447774, 5.0990195135927845
310, 101, 241, 306, 241, 307, 0, -1, -1.5707963267948966, 1.0
310, 102, 1191, 29, 1194, 30, -3, -1, -2.819842099193151, 3.1622776601683795
310, 103, 583, 60, 581, 60, 2, 0, 0.0, 2.0
310, 104, 1254, 444, 1252, 441, 2, 3, 0.982793723247329, 3.605551275463989
310, 105, 1113, 48, 1117, 49, -4, -1, -2.896613990462929, 4.123105625617661
310, 106, 932, 92, 932, 93, 0, -1, -1.5707963267948966, 1.0
310, 107, 637, 462, 639, 462, -2, 0, 3.141592653589793, 2.0
310, 108, 333, 340, 333, 340, 0, 0, 0.0, 0.0
310, 109, 528, 415, 528, 417, 0, -2, -1.5707963267948966, 2.0
310, 110, 923, 93, 923, 94, 0, -1, -1.5707963267948966, 1.0
310, 111, 520, 420, 519, 423, 1, -3, -1.2490457723982544, 3.1622776601683795
310, 112, 1130, 95, 1134, 96, -4, -1, -2.896613990462929, 4.123105625617661
310, 113, 869, 57, 869, 61, 0, -4, -1.5707963267948966, 4.0
310, 114, 434, 11, 435, 11, -1, 0, 3.141592653589793, 1.0
310, 115, 1216, 485, 1216, 486, 0, -1, -1.5707963267948966, 1.0
310, 116, 1228, 9, 1230, 12, -2, -3, -2.158798930342464, 3.605551275463989
310, 117, 41, 496, 39, 494, 2, 2, 0.7853981633974483, 2.8284271247461903
310, 118, 748, 26, 748, 27, 0, -1, -1.5707963267948966, 1.0
310, 119, 1094, 80, 1098, 82, -4, -2, -2.677945044588987, 4.47213595499958
310, 120, 1261, 105, 1269, 108, -8, -3, -2.782821983319221, 8.54400374531753
310, 121, 273, 321, 273, 322, 0, -1, -1.5707963267948966, 1.0
310, 122, 638, 370, 638, 366, 0, 4, 1.5707963267948966, 4.0
310, 123, 284, 318, 284, 319, 0, -1, -1.5707963267948966, 1.0
310, 124, 318, 387, 318, 388, 0, -1, -1.5707963267948966, 1.0
310, 125, 1165, 80, 1166, 82, -1, -2, -2.0344439357957027, 2.23606797749979
310, 126, 751, 481, 754, 486, -3, -5, -2.1112158270654806, 5.830951894845301
310, 127, 1247, 177, 1247, 178, 0, -1, -1.5707963267948966, 1.0
310, 128, 541, 381, 541, 384, 0, -3, -1.5707963267948966, 3.0
310, 129, 515, 164, 515, 166, 0, -2, -1.5707963267948966, 2.0
310, 130, 1036, 591, 1036, 592, 0, -1, -1.5707963267948966, 1.0
310, 131, 576, 44, 573, 45, 3, -1, -0.3217505543966422, 3.1622776601683795
310, 132, 514, 123, 513, 125, 1, -2, -1.1071487177940904, 2.23606797749979
310, 133, 813, 22, 813, 23, 0, -1, -1.5707963267948966, 1.0
310, 134, 107, 178, 109, 177, -2, 1, 2.677945044588987, 2.23606797749979
310, 135, 715, 19, 716, 22, -1, -3, -1.892546881191539, 3.1622776601683795
310, 136, 112, 228, 113, 226, -1, 2, 2.0344439357957027, 2.23606797749979
310, 137, 1253, 52, 1255, 54, -2, -2, -2.356194490192345, 2.8284271247461903
310, 138, 635, 165, 636, 165, -1, 0, 3.141592653589793, 1.0
310, 139, 765, 505, 768, 511, -3, -6, -2.0344439357957027, 6.708203932499369
310, 140, 276, 346, 276, 346, 0, 0, 0.0, 0.0
310, 141, 648, 416, 649, 413, -1, 3, 1.892546881191539, 3.1622776601683795
310, 142, 1068, 519, 1068, 521, 0, -2, -1.5707963267948966, 2.0
310, 143, 143, 179, 144, 178, -1, 1, 2.356194490192345, 1.4142135623730951
310, 144, 100, 145, 101, 144, -1, 1, 2.356194490192345, 1.4142135623730951
311, 0, 277, 337, 277, 337, 0, 0, 0.0, 0.0
311, 1, 1045, 484, 1044, 488, 1, -4, -1.3258176636680326, 4.123105625617661
311, 2, 253, 339, 253, 340, 0, -1, -1.5707963267948966, 1.0
311, 3, 1006, 660, 1007, 665, -1, -5, -1.7681918866447774, 5.0990195135927845
311, 4, 1062, 486, 1061, 490, 1, -4, -1.3258176636680326, 4.123105625617661
311, 5, 507, 371, 507, 374, 0, -3, -1.5707963267948966, 3.0
311, 6, 134, 202, 136, 200, -2, 2, 2.356194490192345, 2.8284271247461903
311, 7, 247, 329, 247, 330, 0, -1, -1.5707963267948966, 1.0
311, 8, 259, 377, 259, 378, 0, -1, -1.5707963267948966, 1.0
311, 9, 592, 44, 590, 43, 2, 1, 0.4636476090008061, 2.23606797749979
311, 10, 980, 625, 982, 628, -2, -3, -2.158798930342464, 3.605551275463989
311, 11, 22, 278, 22, 276, 0, 2, 1.5707963267948966, 2.0
311, 12, 863, 48, 863, 52, 0, -4, -1.5707963267948966, 4.0
311, 13, 261, 337, 261, 338, 0, -1, -1.5707963267948966, 1.0
311, 14, 1261, 434, 1261, 431, 0, 3, 1.5707963267948966, 3.0
311, 15, 708, 85, 708, 87, 0, -2, -1.5707963267948966, 2.0
311, 16, 594, 67, 593, 67, 1, 0, 0.0, 1.0
311, 17, 334, 347, 334, 347, 0, 0, 0.0, 0.0
311, 18, 499, 113, 498, 115, 1, -2, -1.1071487177940904, 2.23606797749979
311, 19, 544, 397, 544, 401, 0, -4, -1.5707963267948966, 4.0
311, 20, 1040, 554, 1040, 558, 0, -4, -1.5707963267948966, 4.0
311, 21, 963, 661, 964, 665, -1, -4, -1.8157749899217608, 4.123105625617661
311, 22, 506, 105, 505, 107, 1, -2, -1.1071487177940904, 2.23606797749979
311, 23, 20, 438, 18, 436, 2, 2, 0.7853981633974483, 2.8284271247461903
311, 24, 53, 466, 52, 464, 1, 2, 1.1071487177940904, 2.23606797749979
311, 25, 306, 324, 306, 325, 0, -1, -1.5707963267948966, 1.0
311, 26, 241, 320, 241, 321, 0, -1, -1.5707963267948966, 1.0
311, 27, 573, 73, 572, 74, 1, -1, -0.7853981633974483, 1.4142135623730951
311, 28, 586, 9, 583, 11, 3, -2, -0.5880026035475675, 3.605551275463989
311, 29, 890, 657, 889, 653, 1, 4, 1.3258176636680326, 4.123105625617661
311, 30, 578, 54, 575, 55, 3, -1, -0.3217505543966422, 3.1622776601683795
311, 31, 628, 442, 628, 438, 0, 4, 1.5707963267948966, 4.0
311, 32, 861, 39, 861, 43, 0, -4, -1.5707963267948966, 4.0
311, 33, 855, 48, 855, 52, 0, -4, -1.5707963267948966, 4.0
311, 34, 895, 698, 894, 694, 1, 4, 1.3258176636680326, 4.123105625617661
311, 35, 487, 178, 488, 180, -1, -2, -2.0344439357957027, 2.23606797749979
311, 36, 1116, 40, 1120, 41, -4, -1, -2.896613990462929, 4.123105625617661
311, 37, 1002, 625, 1004, 632, -2, -7, -1.849095985800008, 7.280109889280518
311, 38, 27, 112, 28, 112, -1, 0, 3.141592653589793, 1.0
311, 39, 1129, 48, 1133, 49, -4, -1, -2.896613990462929, 4.123105625617661
311, 40, 1229, 15, 1231, 18, -2, -3, -2.158798930342464, 3.605551275463989
311, 41, 483, 154, 483, 156, 0, -2, -1.5707963267948966, 2.0
311, 42, 869, 650, 867, 647, 2, 3, 0.982793723247329, 3.605551275463989
311, 43, 865, 701, 864, 701, 1, 0, 0.0, 1.0
311, 44, 285, 376, 286, 376, -1, 0, 3.141592653589793, 1.0
311, 45, 1151, 72, 1154, 75, -3, -3, -2.356194490192345, 4.242640687119285
311, 46, 726, 515, 730, 521, -4, -6, -2.158798930342464, 7.211102550927978
311, 47, 510, 114, 509, 116, 1, -2, -1.1071487177940904, 2.23606797749979
311, 48, 1068, 531, 1068, 532, 0, -1, -1.5707963267948966, 1.0
311, 49, 890, 683, 890, 678, 0, 5, 1.5707963267948966, 5.0
311, 50, 654, 428, 655, 426, -1, 2, 2.0344439357957027, 2.23606797749979
311, 51, 1118, 47, 1122, 48, -4, -1, -2.896613990462929, 4.123105625617661
311, 52, 247, 401, 247, 402, 0, -1, -1.5707963267948966, 1.0
311, 53, 766, 34, 766, 35, 0, -1, -1.5707963267948966, 1.0
311, 54, 712, 135, 712, 137, 0, -2, -1.5707963267948966, 2.0
311, 55, 305, 363, 305, 363, 0, 0, 0.0, 0.0
311, 56, 114, 153, 115, 151, -1, 2, 2.0344439357957027, 2.23606797749979
311, 57, 756, 527, 759, 531, -3, -4, -2.214297435588181, 5.0
311, 58, 228, 316, 228, 317, 0, -1, -1.5707963267948966, 1.0
311, 59, 713, 509, 714, 508, -1, 1, 2.356194490192345, 1.4142135623730951
311, 60, 522, 312, 522, 317, 0, -5, -1.5707963267948966, 5.0
311, 61, 939, 27, 941, 29, -2, -2, -2.356194490192345, 2.8284271247461903
311, 62, 638, 90, 638, 88, 0, 2, 1.5707963267948966, 2.0
311, 63, 330, 403, 330, 404, 0, -1, -1.5707963267948966, 1.0
311, 64, 256, 386, 256, 387, 0, -1, -1.5707963267948966, 1.0
311, 65, 1184, 22, 1187, 23, -3, -1, -2.819842099193151, 3.1622776601683795
311, 66, 682, 96, 683, 94, -1, 2, 2.0344439357957027, 2.23606797749979
311, 67, 747, 37, 747, 38, 0, -1, -1.5707963267948966, 1.0
311, 68, 18, 426, 17, 424, 1, 2, 1.1071487177940904, 2.23606797749979
311, 69, 1086, 102, 1091, 104, -5, -2, -2.761086276477428, 5.385164807134504
311, 70, 110, 209, 112, 208, -2, 1, 2.677945044588987, 2.23606797749979
311, 71, 753, 13, 753, 14, 0, -1, -1.5707963267948966, 1.0
311, 72, 726, 538, 729, 538, -3, 0, 3.141592653589793, 3.0
311, 73, 256, 357, 256, 358, 0, -1, -1.5707963267948966, 1.0
311, 74, 330, 361, 331, 361, -1, 0, 3.141592653589793, 1.0
311, 75, 1140, 35, 1144, 37, -4, -2, -2.677945044588987, 4.47213595499958
311, 76, 25, 298, 25, 298, 0, 0, 0.0, 0.0
311, 77, 586, 18, 583, 20, 3, -2, -0.5880026035475675, 3.605551275463989
311, 78, 966, 631, 968, 634, -2, -3, -2.158798930342464, 3.605551275463989
311, 79, 1161, 56, 1164, 57, -3, -1, -2.819842099193151, 3.1622776601683795
311, 80, 857, 124, 857, 127, 0, -3, -1.5707963267948966, 3.0
311, 81, 139, 195, 141, 194, -2, 1, 2.677945044588987, 2.23606797749979
311, 82, 42, 144, 43, 144, -1, 0, 3.141592653589793, 1.0
311, 83, 937, 98, 937, 99, 0, -1, -1.5707963267948966, 1.0
311, 84, 327, 376, 327, 376, 0, 0, 0.0, 0.0
311, 85, 850, 54, 850, 58, 0, -4, -1.5707963267948966, 4.0
311, 86, 656, 123, 656, 122, 0, 1, 1.5707963267948966, 1.0
311, 87, 48, 159, 51, 160, -3, -1, -2.819842099193151, 3.1622776601683795
311, 88, 634, 95, 634, 94, 0, 1, 1.5707963267948966, 1.0
311, 89, 733, 458, 737, 463, -4, -5, -2.2455372690184494, 6.4031242374328485
311, 90, 771, 41, 771, 42, 0, -1, -1.5707963267948966, 1.0
311, 91, 854, 679, 852, 675, 2, 4, 1.1071487177940904, 4.47213595499958
311, 92, 257, 326, 257, 326, 0, 0, 0.0, 0.0
311, 93, 761, 14, 761, 15, 0, -1, -1.5707963267948966, 1.0
311, 94, 510, 333, 510, 338, 0, -5, -1.5707963267948966, 5.0
311, 95, 762, 523, 765, 527, -3, -4, -2.214297435588181, 5.0
311, 96, 1238, 508, 1239, 504, -1, 4, 1.8157749899217608, 4.123105625617661
311, 97, 1215, 432, 1213, 428, 2, 4, 1.1071487177940904, 4.47213595499958
311, 98, 509, 181, 509, 181, 0, 0, 0.0, 0.0
311, 99, 241, 305, 241, 306, 0, -1, -1.5707963267948966, 1.0
311, 100, 1188, 28, 1191, 29, -3, -1, -2.819842099193151, 3.1622776601683795
311, 101, 585, 60, 583, 60, 2, 0, 0.0, 2.0
311, 102, 1256, 447, 1254, 444, 2, 3, 0.982793723247329, 3.605551275463989
311, 103, 1109, 47, 1113, 48, -4, -1, -2.896613990462929, 4.123105625617661
311, 104, 932, 91, 932, 92, 0, -1, -1.5707963267948966, 1.0
311, 105, 636, 462, 637, 462, -1, 0, 3.141592653589793, 1.0
311, 106, 333, 340, 333, 340, 0, 0, 0.0, 0.0
311, 107, 528, 413, 528, 415, 0, -2, -1.5707963267948966, 2.0
311, 108, 923, 92, 923, 93, 0, -1, -1.5707963267948966, 1.0
311, 109, 520, 417, 520, 420, 0, -3, -1.5707963267948966, 3.0
311, 110, 1127, 95, 1130, 95, -3, 0, 3.141592653589793, 3.0
311, 111, 869, 53, 869, 57, 0, -4, -1.5707963267948966, 4.0
311, 112, 433, 12, 434, 11, -1, 1, 2.356194490192345, 1.4142135623730951
311, 113, 1216, 484, 1216, 485, 0, -1, -1.5707963267948966, 1.0
311, 114, 45, 497, 41, 496, 4, 1, 0.24497866312686414, 4.123105625617661
311, 115, 748, 25, 748, 26, 0, -1, -1.5707963267948966, 1.0
311, 116, 1090, 78, 1094, 80, -4, -2, -2.677945044588987, 4.47213595499958
311, 117, 1258, 103, 1261, 105, -3, -2, -2.5535900500422257, 3.605551275463989
311, 118, 273, 320, 273, 321, 0, -1, -1.5707963267948966, 1.0
311, 119, 638, 374, 638, 370, 0, 4, 1.5707963267948966, 4.0
311, 120, 284, 317, 284, 318, 0, -1, -1.5707963267948966, 1.0
311, 121, 318, 386, 318, 387, 0, -1, -1.5707963267948966, 1.0
311, 122, 1164, 78, 1165, 80, -1, -2, -2.0344439357957027, 2.23606797749979
311, 123, 748, 476, 751, 481, -3, -5, -2.1112158270654806, 5.830951894845301
311, 124, 541, 377, 541, 381, 0, -4, -1.5707963267948966, 4.0
311, 125, 515, 163, 515, 164, 0, -1, -1.5707963267948966, 1.0
311, 126, 1036, 589, 1036, 591, 0, -2, -1.5707963267948966, 2.0
311, 127, 579, 42, 576, 44, 3, -2, -0.5880026035475675, 3.605551275463989
311, 128, 514, 121, 514, 123, 0, -2, -1.5707963267948966, 2.0
311, 129, 813, 21, 813, 22, 0, -1, -1.5707963267948966, 1.0
311, 130, 105, 179, 107, 178, -2, 1, 2.677945044588987, 2.23606797749979
311, 131, 714, 17, 715, 19, -1, -2, -2.0344439357957027, 2.23606797749979
311, 132, 110, 229, 112, 228, -2, 1, 2.677945044588987, 2.23606797749979
311, 133, 1251, 51, 1253, 52, -2, -1, -2.677945044588987, 2.23606797749979
311, 134, 634, 165, 635, 165, -1, 0, 3.141592653589793, 1.0
311, 135, 762, 499, 765, 505, -3, -6, -2.0344439357957027, 6.708203932499369
311, 136, 276, 346, 276, 346, 0, 0, 0.0, 0.0
311, 137, 647, 418, 648, 416, -1, 2, 2.0344439357957027, 2.23606797749979
311, 138, 1069, 517, 1068, 519, 1, -2, -1.1071487177940904, 2.23606797749979
311, 139, 142, 181, 143, 179, -1, 2, 2.0344439357957027, 2.23606797749979
311, 140, 99, 147, 100, 145, -1, 2, 2.0344439357957027, 2.23606797749979
312, 0, 277, 336, 277, 336, 0, 0, 0.0, 0.0
312, 1, 1046, 481, 1045, 485, 1, -4, -1.3258176636680326, 4.123105625617661
312, 2, 1045, 548, 1045, 552, 0, -4, -1.5707963267948966, 4.0
312, 3, 870, 653, 869, 650, 1, 3, 1.2490457723982544, 3.1622776601683795
312, 4, 252, 339, 252, 340, 0, -1, -1.5707963267948966, 1.0
312, 5, 865, 48, 865, 52, 0, -4, -1.5707963267948966, 4.0
312, 6, 248, 330, 248, 331, 0, -1, -1.5707963267948966, 1.0
312, 7, 136, 202, 137, 200, -1, 2, 2.0344439357957027, 2.23606797749979
312, 8, 590, 71, 590, 71, 0, 0, 0.0, 0.0
312, 9, 1062, 484, 1062, 488, 0, -4, -1.5707963267948966, 4.0
312, 10, 259, 378, 259, 379, 0, -1, -1.5707963267948966, 1.0
312, 11, 963, 656, 964, 660, -1, -4, -1.8157749899217608, 4.123105625617661
312, 12, 708, 84, 708, 85, 0, -1, -1.5707963267948966, 1.0
312, 13, 753, 525, 755, 529, -2, -4, -2.0344439357957027, 4.47213595499958
312, 14, 265, 338, 265, 339, 0, -1, -1.5707963267948966, 1.0
312, 15, 579, 56, 576, 56, 3, 0, 0.0, 3.0
312, 16, 499, 112, 498, 115, 1, -3, -1.2490457723982544, 3.1622776601683795
312, 17, 545, 390, 545, 395, 0, -5, -1.5707963267948966, 5.0
312, 18, 981, 619, 983, 623, -2, -4, -2.0344439357957027, 4.47213595499958
312, 19, 21, 438, 18, 436, 3, 2, 0.5880026035475675, 3.605551275463989
312, 20, 334, 346, 334, 347, 0, -1, -1.5707963267948966, 1.0
312, 21, 507, 372, 507, 375, 0, -3, -1.5707963267948966, 3.0
312, 22, 727, 515, 731, 521, -4, -6, -2.158798930342464, 7.211102550927978
312, 23, 1129, 48, 1133, 50, -4, -2, -2.677945044588987, 4.47213595499958
312, 24, 715, 512, 716, 511, -1, 1, 2.356194490192345, 1.4142135623730951
312, 25, 501, 203, 502, 205, -1, -2, -2.0344439357957027, 2.23606797749979
312, 26, 54, 468, 53, 466, 1, 2, 1.1071487177940904, 2.23606797749979
312, 27, 1261, 436, 1264, 433, -3, 3, 2.356194490192345, 4.242640687119285
312, 28, 23, 275, 23, 273, 0, 2, 1.5707963267948966, 2.0
312, 29, 862, 39, 862, 43, 0, -4, -1.5707963267948966, 4.0
312, 30, 586, 10, 583, 12, 3, -2, -0.5880026035475675, 3.605551275463989
312, 31, 1006, 655, 1007, 660, -1, -5, -1.7681918866447774, 5.0990195135927845
312, 32, 511, 114, 510, 117, 1, -3, -1.2490457723982544, 3.1622776601683795
312, 33, 629, 439, 629, 436, 0, 3, 1.5707963267948966, 3.0
312, 34, 241, 321, 241, 322, 0, -1, -1.5707963267948966, 1.0
312, 35, 506, 105, 505, 108, 1, -3, -1.2490457723982544, 3.1622776601683795
312, 36, 247, 402, 247, 403, 0, -1, -1.5707963267948966, 1.0
312, 37, 307, 325, 307, 326, 0, -1, -1.5707963267948966, 1.0
312, 38, 306, 363, 306, 363, 0, 0, 0.0, 0.0
312, 39, 1183, 21, 1187, 23, -4, -2, -2.677945044588987, 4.47213595499958
312, 40, 483, 153, 483, 156, 0, -3, -1.5707963267948966, 3.0
312, 41, 436, 12, 436, 11, 0, 1, 1.5707963267948966, 1.0
312, 42, 1151, 73, 1153, 75, -2, -2, -2.356194490192345, 2.8284271247461903
312, 43, 747, 38, 747, 39, 0, -1, -1.5707963267948966, 1.0
312, 44, 856, 49, 856, 53, 0, -4, -1.5707963267948966, 4.0
312, 45, 683, 96, 683, 94, 0, 2, 1.5707963267948966, 2.0
312, 46, 1083, 100, 1088, 101, -5, -1, -2.9441970937399127, 5.0990195135927845
312, 47, 1116, 41, 1120, 42, -4, -1, -2.896613990462929, 4.123105625617661
312, 48, 488, 177, 488, 180, 0, -3, -1.5707963267948966, 3.0
312, 49, 1229, 17, 1231, 19, -2, -2, -2.356194490192345, 2.8284271247461903
312, 50, 892, 659, 891, 655, 1, 4, 1.3258176636680326, 4.123105625617661
312, 51, 287, 376, 287, 376, 0, 0, 0.0, 0.0
312, 52, 228, 317, 228, 318, 0, -1, -1.5707963267948966, 1.0
312, 53, 28, 112, 29, 112, -1, 0, 3.141592653589793, 1.0
312, 54, 260, 325, 260, 326, 0, -1, -1.5707963267948966, 1.0
312, 55, 1118, 48, 1122, 49, -4, -1, -2.896613990462929, 4.123105625617661
312, 56, 257, 358, 257, 359, 0, -1, -1.5707963267948966, 1.0
312, 57, 767, 35, 767, 36, 0, -1, -1.5707963267948966, 1.0
312, 58, 522, 314, 522, 318, 0, -4, -1.5707963267948966, 4.0
312, 59, 20, 427, 18, 425, 2, 2, 0.7853981633974483, 2.8284271247461903
312, 60, 1027, 545, 1028, 549, -1, -4, -1.8157749899217608, 4.123105625617661
312, 61, 574, 73, 572, 74, 2, -1, -0.4636476090008061, 2.23606797749979
312, 62, 515, 160, 515, 162, 0, -2, -1.5707963267948966, 2.0
312, 63, 1004, 624, 1005, 631, -1, -7, -1.7126933813990606, 7.0710678118654755
312, 64, 639, 90, 639, 88, 0, 2, 1.5707963267948966, 2.0
312, 65, 27, 87, 28, 87, -1, 0, 3.141592653589793, 1.0
312, 66, 1167, 79, 1168, 81, -1, -2, -2.0344439357957027, 2.23606797749979
312, 67, 13, 305, 12, 302, 1, 3, 1.2490457723982544, 3.1622776601683795
312, 68, 1039, 577, 1039, 578, 0, -1, -1.5707963267948966, 1.0
312, 69, 727, 548, 729, 545, -2, 3, 2.158798930342464, 3.605551275463989
312, 70, 754, 14, 754, 15, 0, -1, -1.5707963267948966, 1.0
312, 71, 476, 168, 476, 171, 0, -3, -1.5707963267948966, 3.0
312, 72, 115, 154, 116, 152, -1, 2, 2.0344439357957027, 2.23606797749979
312, 73, 330, 404, 330, 405, 0, -1, -1.5707963267948966, 1.0
312, 74, 895, 701, 894, 703, 1, -2, -1.1071487177940904, 2.23606797749979
312, 75, 25, 300, 25, 299, 0, 1, 1.5707963267948966, 1.0
312, 76, 1069, 531, 1068, 533, 1, -2, -1.1071487177940904, 2.23606797749979
312, 77, 1014, 653, 1015, 658, -1, -5, -1.7681918866447774, 5.0990195135927845
312, 78, 331, 361, 332, 361, -1, 0, 3.141592653589793, 1.0
312, 79, 111, 211, 112, 209, -1, 2, 2.0344439357957027, 2.23606797749979
312, 80, 953, 42, 954, 42, -1, 0, 3.141592653589793, 1.0
312, 81, 592, 44, 591, 43, 1, 1, 0.7853981633974483, 1.4142135623730951
312, 82, 256, 387, 256, 388, 0, -1, -1.5707963267948966, 1.0
312, 83, 968, 626, 970, 629, -2, -3, -2.158798930342464, 3.605551275463989
312, 84, 733, 457, 736, 462, -3, -5, -2.1112158270654806, 5.830951894845301
312, 85, 865, 701, 865, 708, 0, -7, -1.5707963267948966, 7.0
312, 86, 1069, 519, 1068, 521, 1, -2, -1.1071487177940904, 2.23606797749979
312, 87, 259, 332, 259, 333, 0, -1, -1.5707963267948966, 1.0
312, 88, 1253, 144, 1256, 146, -3, -2, -2.5535900500422257, 3.605551275463989
312, 89, 327, 376, 328, 376, -1, 0, 3.141592653589793, 1.0
312, 90, 586, 18, 583, 20, 3, -2, -0.5880026035475675, 3.605551275463989
312, 91, 754, 571, 757, 575, -3, -4, -2.214297435588181, 5.0
312, 92, 1088, 78, 1092, 80, -4, -2, -2.677945044588987, 4.47213595499958
312, 93, 1109, 48, 1113, 49, -4, -1, -2.896613990462929, 4.123105625617661
312, 94, 1188, 27, 1192, 29, -4, -2, -2.677945044588987, 4.47213595499958
312, 95, 654, 431, 654, 428, 0, 3, 1.5707963267948966, 3.0
312, 96, 892, 685, 891, 680, 1, 5, 1.373400766945016, 5.0990195135927845
312, 97, 1141, 34, 1145, 37, -4, -3, -2.498091544796509, 5.0
312, 98, 285, 318, 285, 319, 0, -1, -1.5707963267948966, 1.0
312, 99, 584, 61, 583, 61, 1, 0, 0.0, 1.0
312, 100, 761, 498, 765, 504, -4, -6, -2.158798930342464, 7.211102550927978
312, 101, 141, 196, 142, 194, -1, 2, 2.0344439357957027, 2.23606797749979
312, 102, 762, 521, 765, 525, -3, -4, -2.214297435588181, 5.0
312, 103, 527, 413, 527, 415, 0, -2, -1.5707963267948966, 2.0
312, 104, 637, 464, 637, 465, 0, -1, -1.5707963267948966, 1.0
312, 105, 580, 42, 577, 44, 3, -2, -0.5880026035475675, 3.605551275463989
312, 106, 937, 99, 937, 100, 0, -1, -1.5707963267948966, 1.0
312, 107, 511, 364, 511, 367, 0, -3, -1.5707963267948966, 3.0
312, 108, 1160, 56, 1163, 57, -3, -1, -2.819842099193151, 3.1622776601683795
312, 109, 771, 42, 771, 43, 0, -1, -1.5707963267948966, 1.0
312, 110, 241, 306, 241, 307, 0, -1, -1.5707963267948966, 1.0
312, 111, 510, 335, 510, 339, 0, -4, -1.5707963267948966, 4.0
312, 112, 814, 13, 814, 14, 0, -1, -1.5707963267948966, 1.0
312, 113, 765, 13, 765, 14, 0, -1, -1.5707963267948966, 1.0
312, 114, 851, 55, 851, 59, 0, -4, -1.5707963267948966, 4.0
312, 115, 635, 96, 635, 94, 0, 2, 1.5707963267948966, 2.0
312, 116, 1261, 265, 1271, 263, -10, 2, 2.9441970937399127, 10.198039027185569
312, 117, 704, 142, 705, 144, -1, -2, -2.0344439357957027, 2.23606797749979
312, 118, 107, 181, 108, 179, -1, 2, 2.0344439357957027, 2.23606797749979
312, 119, 1134, 91, 1138, 92, -4, -1, -2.896613990462929, 4.123105625617661
312, 120, 639, 375, 639, 371, 0, 4, 1.5707963267948966, 4.0
312, 121, 1215, 433, 1213, 429, 2, 4, 1.1071487177940904, 4.47213595499958
312, 122, 745, 475, 749, 479, -4, -4, -2.356194490192345, 5.656854249492381
312, 123, 333, 339, 333, 340, 0, -1, -1.5707963267948966, 1.0
312, 124, 57, 477, 55, 475, 2, 2, 0.7853981633974483, 2.8284271247461903
312, 125, 696, 39, 697, 43, -1, -4, -1.8157749899217608, 4.123105625617661
312, 126, 1257, 448, 1255, 446, 2, 2, 0.7853981633974483, 2.8284271247461903
312, 127, 516, 121, 515, 124, 1, -3, -1.2490457723982544, 3.1622776601683795
312, 128, 1261, 104, 1266, 106, -5, -2, -2.761086276477428, 5.385164807134504
312, 129, 508, 184, 508, 185, 0, -1, -1.5707963267948966, 1.0
312, 130, 1094, 85, 1099, 87, -5, -2, -2.761086276477428, 5.385164807134504
312, 131, 1226, 9, 1228, 10, -2, -1, -2.677945044588987, 2.23606797749979
312, 132, 657, 124, 656, 123, 1, 1, 0.7853981633974483, 1.4142135623730951
312, 133, 46, 162, 49, 162, -3, 0, 3.141592653589793, 3.0
312, 134, 869, 54, 869, 58, 0, -4, -1.5707963267948966, 4.0
312, 135, 1261, 273, 1270, 272, -9, 1, 3.0309354324158977, 9.055385138137417
312, 136, 48, 500, 45, 499, 3, 1, 0.3217505543966422, 3.1622776601683795
313, 0, 278, 336, 277, 336, 1, 0, 0.0, 1.0
313, 1, 1047, 477, 1046, 481, 1, -4, -1.3258176636680326, 4.123105625617661
313, 2, 1045, 547, 1045, 548, 0, -1, -1.5707963267948966, 1.0
313, 3, 872, 656, 870, 653, 2, 3, 0.982793723247329, 3.605551275463989
313, 4, 252, 338, 252, 339, 0, -1, -1.5707963267948966, 1.0
313, 5, 866, 44, 865, 48, 1, -4, -1.3258176636680326, 4.123105625617661
313, 6, 248, 329, 248, 330, 0, -1, -1.5707963267948966, 1.0
313, 7, 134, 206, 136, 202, -2, 4, 2.0344439357957027, 4.47213595499958
313, 8, 590, 71, 590, 71, 0, 0, 0.0, 0.0
313, 9, 1063, 480, 1062, 484, 1, -4, -1.3258176636680326, 4.123105625617661
313, 10, 259, 377, 259, 378, 0, -1, -1.5707963267948966, 1.0
313, 11, 962, 652, 963, 656, -1, -4, -1.8157749899217608, 4.123105625617661
313, 12, 709, 80, 708, 84, 1, -4, -1.3258176636680326, 4.123105625617661
313, 13, 751, 519, 753, 525, -2, -6, -1.892546881191539, 6.324555320336759
313, 14, 266, 337, 265, 338, 1, -1, -0.7853981633974483, 1.4142135623730951
313, 15, 582, 57, 579, 56, 3, 1, 0.3217505543966422, 3.1622776601683795
313, 16, 500, 107, 499, 112, 1, -5, -1.373400766945016, 5.0990195135927845
313, 17, 545, 387, 545, 390, 0, -3, -1.5707963267948966, 3.0
313, 18, 977, 616, 981, 619, -4, -3, -2.498091544796509, 5.0
313, 19, 22, 439, 21, 438, 1, 1, 0.7853981633974483, 1.4142135623730951
313, 20, 334, 345, 334, 346, 0, -1, -1.5707963267948966, 1.0
313, 21, 508, 368, 507, 372, 1, -4, -1.3258176636680326, 4.123105625617661
313, 22, 724, 511, 727, 515, -3, -4, -2.214297435588181, 5.0
313, 23, 1125, 47, 1129, 48, -4, -1, -2.896613990462929, 4.123105625617661
313, 24, 712, 512, 715, 512, -3, 0, 3.141592653589793, 3.0
313, 25, 500, 198, 501, 203, -1, -5, -1.7681918866447774, 5.0990195135927845
313, 26, 54, 468, 54, 468, 0, 0, 0.0, 0.0
313, 27, 1261, 437, 1261, 436, 0, 1, 1.5707963267948966, 1.0
313, 28, 23, 277, 23, 275, 0, 2, 1.5707963267948966, 2.0
313, 29, 863, 35, 862, 39, 1, -4, -1.3258176636680326, 4.123105625617661
313, 30, 589, 9, 586, 10, 3, -1, -0.3217505543966422, 3.1622776601683795
313, 31, 1004, 650, 1006, 655, -2, -5, -1.9513027039072615, 5.385164807134504
313, 32, 512, 110, 511, 114, 1, -4, -1.3258176636680326, 4.123105625617661
313, 33, 627, 441, 629, 439, -2, 2, 2.356194490192345, 2.8284271247461903
313, 34, 241, 320, 241, 321, 0, -1, -1.5707963267948966, 1.0
313, 35, 507, 101, 506, 105, 1, -4, -1.3258176636680326, 4.123105625617661
313, 36, 247, 401, 247, 402, 0, -1, -1.5707963267948966, 1.0
313, 37, 307, 324, 307, 325, 0, -1, -1.5707963267948966, 1.0
313, 38, 306, 362, 306, 363, 0, -1, -1.5707963267948966, 1.0
313, 39, 1179, 19, 1183, 21, -4, -2, -2.677945044588987, 4.47213595499958
313, 40, 485, 149, 483, 153, 2, -4, -1.1071487177940904, 4.47213595499958
313, 41, 435, 13, 436, 12, -1, 1, 2.356194490192345, 1.4142135623730951
313, 42, 1148, 72, 1151, 73, -3, -1, -2.819842099193151, 3.1622776601683795
313, 43, 747, 37, 747, 38, 0, -1, -1.5707963267948966, 1.0
313, 44, 856, 45, 856, 49, 0, -4, -1.5707963267948966, 4.0
313, 45, 683, 99, 683, 96, 0, 3, 1.5707963267948966, 3.0
313, 46, 1080, 99, 1083, 100, -3, -1, -2.819842099193151, 3.1622776601683795
313, 47, 1111, 39, 1116, 41, -5, -2, -2.761086276477428, 5.385164807134504
313, 48, 488, 173, 488, 177, 0, -4, -1.5707963267948966, 4.0
313, 49, 1225, 14, 1229, 17, -4, -3, -2.498091544796509, 5.0
313, 50, 892, 663, 892, 659, 0, 4, 1.5707963267948966, 4.0
313, 51, 228, 316, 228, 317, 0, -1, -1.5707963267948966, 1.0
313, 52, 26, 112, 28, 112, -2, 0, 3.141592653589793, 2.0
313, 53, 261, 324, 260, 325, 1, -1, -0.7853981633974483, 1.4142135623730951
313, 54, 1114, 47, 1118, 48, -4, -1, -2.896613990462929, 4.123105625617661
313, 55, 257, 357, 257, 358, 0, -1, -1.5707963267948966, 1.0
313, 56, 767, 34, 767, 35, 0, -1, -1.5707963267948966, 1.0
313, 57, 522, 307, 522, 314, 0, -7, -1.5707963267948966, 7.0
313, 58, 23, 429, 20, 427, 3, 2, 0.5880026035475675, 3.605551275463989
313, 59, 1027, 542, 1027, 545, 0, -3, -1.5707963267948966, 3.0
313, 60, 575, 75, 574, 73, 1, 2, 1.1071487177940904, 2.23606797749979
313, 61, 516, 156, 515, 160, 1, -4, -1.3258176636680326, 4.123105625617661
313, 62, 1002, 618, 1004, 624, -2, -6, -1.892546881191539, 6.324555320336759
313, 63, 641, 92, 639, 90, 2, 2, 0.7853981633974483, 2.8284271247461903
313, 64, 25, 87, 27, 87, -2, 0, 3.141592653589793, 2.0
313, 65, 1165, 76, 1167, 79, -2, -3, -2.158798930342464, 3.605551275463989
313, 66, 13, 308, 13, 305, 0, 3, 1.5707963267948966, 3.0
313, 67, 1038, 575, 1039, 577, -1, -2, -2.0344439357957027, 2.23606797749979
313, 68, 723, 549, 727, 548, -4, 1, 2.896613990462929, 4.123105625617661
313, 69, 754, 13, 754, 14, 0, -1, -1.5707963267948966, 1.0
313, 70, 477, 164, 476, 168, 1, -4, -1.3258176636680326, 4.123105625617661
313, 71, 113, 159, 115, 154, -2, 5, 1.9513027039072615, 5.385164807134504
313, 72, 330, 403, 330, 404, 0, -1, -1.5707963267948966, 1.0
313, 73, 897, 701, 895, 701, 2, 0, 0.0, 2.0
313, 74, 1069, 529, 1069, 531, 0, -2, -1.5707963267948966, 2.0
313, 75, 1012, 648, 1014, 653, -2, -5, -1.9513027039072615, 5.385164807134504
313, 76, 330, 361, 331, 361, -1, 0, 3.141592653589793, 1.0
313, 77, 109, 214, 111, 211, -2, 3, 2.158798930342464, 3.605551275463989
313, 78, 952, 42, 953, 42, -1, 0, 3.141592653589793, 1.0
313, 79, 594, 44, 592, 44, 2, 0, 0.0, 2.0
313, 80, 256, 386, 256, 387, 0, -1, -1.5707963267948966, 1.0
313, 81, 966, 622, 968, 626, -2, -4, -2.0344439357957027, 4.47213595499958
313, 82, 729, 452, 733, 457, -4, -5, -2.2455372690184494, 6.4031242374328485
313, 83, 865, 701, 865, 701, 0, 0, 0.0, 0.0
313, 84, 1070, 517, 1069, 519, 1, -2, -1.1071487177940904, 2.23606797749979
313, 85, 260, 331, 259, 332, 1, -1, -0.7853981633974483, 1.4142135623730951
313, 86, 1249, 140, 1253, 144, -4, -4, -2.356194490192345, 5.656854249492381
313, 87, 326, 376, 327, 376, -1, 0, 3.141592653589793, 1.0
313, 88, 590, 17, 586, 18, 4, -1, -0.24497866312686414, 4.123105625617661
313, 89, 747, 568, 754, 571, -7, -3, -2.7367008673047097, 7.615773105863909
313, 90, 1084, 76, 1088, 78, -4, -2, -2.677945044588987, 4.47213595499958
313, 91, 1104, 46, 1109, 48, -5, -2, -2.761086276477428, 5.385164807134504
313, 92, 1184, 24, 1188, 27, -4, -3, -2.498091544796509, 5.0
313, 93, 656, 434, 654, 431, 2, 3, 0.982793723247329, 3.605551275463989
313, 94, 894, 690, 892, 685, 2, 5, 1.1902899496825317, 5.385164807134504
313, 95, 1136, 31, 1141, 34, -5, -3, -2.601173153319209, 5.830951894845301
313, 96, 286, 317, 285, 318, 1, -1, -0.7853981633974483, 1.4142135623730951
313, 97, 585, 62, 584, 61, 1, 1, 0.7853981633974483, 1.4142135623730951
313, 98, 759, 494, 761, 498, -2, -4, -2.0344439357957027, 4.47213595499958
313, 99, 139, 199, 141, 196, -2, 3, 2.158798930342464, 3.605551275463989
313, 100, 759, 515, 762, 521, -3, -6, -2.0344439357957027, 6.708203932499369
313, 101, 527, 411, 527, 413, 0, -2, -1.5707963267948966, 2.0
313, 102, 636, 464, 637, 464, -1, 0, 3.141592653589793, 1.0
313, 103, 583, 42, 580, 42, 3, 0, 0.0, 3.0
313, 104, 937, 98, 937, 99, 0, -1, -1.5707963267948966, 1.0
313, 105, 512, 360, 511, 364, 1, -4, -1.3258176636680326, 4.123105625617661
313, 106, 1156, 53, 1160, 56, -4, -3, -2.498091544796509, 5.0
313, 107, 771, 41, 771, 42, 0, -1, -1.5707963267948966, 1.0
313, 108, 241, 305, 241, 306, 0, -1, -1.5707963267948966, 1.0
313, 109, 511, 330, 510, 335, 1, -5, -1.373400766945016, 5.0990195135927845
313, 110, 814, 12, 814, 13, 0, -1, -1.5707963267948966, 1.0
313, 111, 765, 12, 765, 13, 0, -1, -1.5707963267948966, 1.0
313, 112, 851, 51, 851, 55, 0, -4, -1.5707963267948966, 4.0
313, 113, 636, 98, 635, 96, 1, 2, 1.1071487177940904, 2.23606797749979
313, 114, 1261, 265, 1261, 265, 0, 0, 0.0, 0.0
313, 115, 703, 139, 704, 142, -1, -3, -1.892546881191539, 3.1622776601683795
313, 116, 104, 185, 107, 181, -3, 4, 2.214297435588181, 5.0
313, 117, 1130, 89, 1134, 91, -4, -2, -2.677945044588987, 4.47213595499958
313, 118, 640, 379, 639, 375, 1, 4, 1.3258176636680326, 4.123105625617661
313, 119, 1217, 436, 1215, 433, 2, 3, 0.982793723247329, 3.605551275463989
313, 120, 742, 471, 745, 475, -3, -4, -2.214297435588181, 5.0
313, 121, 333, 338, 333, 339, 0, -1, -1.5707963267948966, 1.0
313, 122, 57, 477, 57, 477, 0, 0, 0.0, 0.0
313, 123, 695, 35, 696, 39, -1, -4, -1.8157749899217608, 4.123105625617661
313, 124, 1258, 451, 1257, 448, 1, 3, 1.2490457723982544, 3.1622776601683795
313, 125, 518, 118, 516, 121, 2, -3, -0.982793723247329, 3.605551275463989
313, 126, 1257, 101, 1261, 104, -4, -3, -2.498091544796509, 5.0
313, 127, 508, 184, 508, 184, 0, 0, 0.0, 0.0
313, 128, 1090, 83, 1094, 85, -4, -2, -2.677945044588987, 4.47213595499958
313, 129, 659, 126, 657, 124, 2, 2, 0.7853981633974483, 2.8284271247461903
313, 130, 43, 162, 46, 162, -3, 0, 3.141592653589793, 3.0
313, 131, 870, 50, 869, 54, 1, -4, -1.3258176636680326, 4.123105625617661
313, 132, 1261, 273, 1261, 273, 0, 0, 0.0, 0.0
313, 133, 50, 501, 48, 500, 2, 1, 0.4636476090008061, 2.23606797749979
314, 0, 279, 336, 279, 336, 0, 0, 0.0, 0.0
314, 1, 1048, 471, 1047, 475, 1, -4, -1.3258176636680326, 4.123105625617661
314, 2, 1066, 475, 1065, 479, 1, -4, -1.3258176636680326, 4.123105625617661
314, 3, 133, 207, 135, 204, -2, 3, 2.158798930342464, 3.605551275463989
314, 4, 261, 337, 261, 338, 0, -1, -1.5707963267948966, 1.0
314, 5, 872, 661, 871, 658, 1, 3, 1.2490457723982544, 3.1622776601683795
314, 6, 585, 56, 584, 55, 1, 1, 0.7853981633974483, 1.4142135623730951
314, 7, 252, 339, 252, 340, 0, -1, -1.5707963267948966, 1.0
314, 8, 249, 330, 249, 331, 0, -1, -1.5707963267948966, 1.0
314, 9, 866, 45, 866, 48, 0, -3, -1.5707963267948966, 3.0
314, 10, 500, 107, 500, 111, 0, -4, -1.5707963267948966, 4.0
314, 11, 259, 379, 259, 379, 0, 0, 0.0, 0.0
314, 12, 709, 81, 709, 83, 0, -2, -1.5707963267948966, 2.0
314, 13, 528, 414, 528, 415, 0, -1, -1.5707963267948966, 1.0
314, 14, 24, 441, 22, 439, 2, 2, 0.7853981633974483, 2.8284271247461903
314, 15, 1124, 44, 1128, 46, -4, -2, -2.677945044588987, 4.47213595499958
314, 16, 729, 507, 732, 511, -3, -4, -2.214297435588181, 5.0
314, 17, 863, 36, 863, 39, 0, -3, -1.5707963267948966, 3.0
314, 18, 722, 507, 725, 510, -3, -3, -2.356194490192345, 4.242640687119285
314, 19, 1072, 520, 1072, 523, 0, -3, -1.5707963267948966, 3.0
314, 20, 42, 501, 41, 500, 1, 1, 0.7853981633974483, 1.4142135623730951
314, 21, 590, 9, 587, 10, 3, -1, -0.3217505543966422, 3.1622776601683795
314, 22, 307, 324, 307, 325, 0, -1, -1.5707963267948966, 1.0
314, 23, 857, 45, 857, 48, 0, -3, -1.5707963267948966, 3.0
314, 24, 114, 159, 115, 156, -1, 3, 1.892546881191539, 3.1622776601683795
314, 25, 980, 609, 982, 613, -2, -4, -2.0344439357957027, 4.47213595499958
314, 26, 507, 100, 507, 104, 0, -4, -1.5707963267948966, 4.0
314, 27, 241, 320, 241, 321, 0, -1, -1.5707963267948966, 1.0
314, 28, 1113, 46, 1117, 48, -4, -2, -2.677945044588987, 4.47213595499958
314, 29, 1004, 647, 1006, 652, -2, -5, -1.9513027039072615, 5.385164807134504
314, 30, 49, 115, 50, 115, -1, 0, 3.141592653589793, 1.0
314, 31, 1111, 38, 1115, 40, -4, -2, -2.677945044588987, 4.47213595499958
314, 32, 1261, 442, 1269, 439, -8, 3, 2.782821983319221, 8.54400374531753
314, 33, 546, 376, 546, 380, 0, -4, -1.5707963267948966, 4.0
314, 34, 591, 70, 591, 70, 0, 0, 0.0, 0.0
314, 35, 757, 511, 760, 515, -3, -4, -2.214297435588181, 5.0
314, 36, 961, 645, 962, 649, -1, -4, -1.8157749899217608, 4.123105625617661
314, 37, 747, 39, 747, 39, 0, 0, 0.0, 0.0
314, 38, 1166, 77, 1168, 79, -2, -2, -2.356194490192345, 2.8284271247461903
314, 39, 24, 431, 22, 429, 2, 2, 0.7853981633974483, 2.8284271247461903
314, 40, 1001, 616, 1002, 621, -1, -5, -1.7681918866447774, 5.0990195135927845
314, 41, 507, 370, 507, 372, 0, -2, -1.5707963267948966, 2.0
314, 42, 511, 109, 511, 113, 0, -4, -1.5707963267948966, 4.0
314, 43, 578, 69, 577, 68, 1, 1, 0.7853981633974483, 1.4142135623730951
314, 44, 521, 310, 522, 313, -1, -3, -1.892546881191539, 3.1622776601683795
314, 45, 247, 402, 247, 403, 0, -1, -1.5707963267948966, 1.0
314, 46, 711, 514, 714, 515, -3, -1, -2.819842099193151, 3.1622776601683795
314, 47, 975, 615, 976, 619, -1, -4, -1.8157749899217608, 4.123105625617661
314, 48, 1225, 16, 1228, 17, -3, -1, -2.819842099193151, 3.1622776601683795
314, 49, 683, 98, 683, 97, 0, 1, 1.5707963267948966, 1.0
314, 50, 486, 148, 485, 152, 1, -4, -1.3258176636680326, 4.123105625617661
314, 51, 759, 15, 759, 16, 0, -1, -1.5707963267948966, 1.0
314, 52, 750, 516, 753, 520, -3, -4, -2.214297435588181, 5.0
314, 53, 1058, 533, 1059, 537, -1, -4, -1.8157749899217608, 4.123105625617661
314, 54, 27, 113, 28, 113, -1, 0, 3.141592653589793, 1.0
314, 55, 1181, 17, 1184, 20, -3, -3, -2.356194490192345, 4.242640687119285
314, 56, 628, 447, 629, 443, -1, 4, 1.8157749899217608, 4.123105625617661
314, 57, 257, 357, 257, 358, 0, -1, -1.5707963267948966, 1.0
314, 58, 228, 316, 228, 317, 0, -1, -1.5707963267948966, 1.0
314, 59, 726, 450, 730, 454, -4, -4, -2.356194490192345, 5.656854249492381
314, 60, 139, 201, 141, 198, -2, 3, 2.158798930342464, 3.605551275463989
314, 61, 847, 77, 847, 79, 0, -2, -1.5707963267948966, 2.0
314, 62, 1082, 76, 1086, 78, -4, -2, -2.677945044588987, 4.47213595499958
314, 63, 331, 361, 332, 361, -1, 0, 3.141592653589793, 1.0
314, 64, 279, 321, 279, 322, 0, -1, -1.5707963267948966, 1.0
314, 65, 489, 171, 488, 175, 1, -4, -1.3258176636680326, 4.123105625617661
314, 66, 478, 162, 477, 166, 1, -4, -1.3258176636680326, 4.123105625617661
314, 67, 330, 404, 330, 405, 0, -1, -1.5707963267948966, 1.0
314, 68, 501, 196, 502, 201, -1, -5, -1.7681918866447774, 5.0990195135927845
314, 69, 24, 279, 24, 277, 0, 2, 1.5707963267948966, 2.0
314, 70, 640, 90, 640, 90, 0, 0, 0.0, 0.0
314, 71, 511, 332, 511, 335, 0, -3, -1.5707963267948966, 3.0
314, 72, 637, 465, 637, 465, 0, 0, 0.0, 0.0
314, 73, 261, 325, 261, 325, 0, 0, 0.0, 0.0
314, 74, 1011, 644, 1013, 649, -2, -5, -1.9513027039072615, 5.385164807134504
314, 75, 667, 99, 666, 98, 1, 1, 0.7853981633974483, 1.4142135623730951
314, 76, 327, 376, 328, 376, -1, 0, 3.141592653589793, 1.0
314, 77, 26, 87, 27, 87, -1, 0, 3.141592653589793, 1.0
314, 78, 109, 216, 110, 214, -1, 2, 2.0344439357957027, 2.23606797749979
314, 79, 15, 446, 13, 444, 2, 2, 0.7853981633974483, 2.8284271247461903
314, 80, 1248, 517, 1248, 518, 0, -1, -1.5707963267948966, 1.0
314, 81, 25, 298, 26, 298, -1, 0, 3.141592653589793, 1.0
314, 82, 1185, 23, 1188, 26, -3, -3, -2.356194490192345, 4.242640687119285
314, 83, 696, 39, 697, 41, -1, -2, -2.0344439357957027, 2.23606797749979
314, 84, 893, 668, 893, 664, 0, 4, 1.5707963267948966, 4.0
314, 85, 1228, 155, 1230, 156, -2, -1, -2.677945044588987, 2.23606797749979
314, 86, 1138, 63, 1141, 66, -3, -3, -2.356194490192345, 4.242640687119285
314, 87, 1047, 533, 1047, 537, 0, -4, -1.5707963267948966, 4.0
314, 88, 1217, 476, 1216, 476, 1, 0, 0.0, 1.0
314, 89, 1261, 454, 1261, 452, 0, 2, 1.5707963267948966, 2.0
314, 90, 588, 19, 585, 20, 3, -1, -0.3217505543966422, 3.1622776601683795
314, 91, 1247, 140, 1251, 143, -4, -3, -2.498091544796509, 5.0
314, 92, 1104, 45, 1108, 47, -4, -2, -2.677945044588987, 4.47213595499958
314, 93, 855, 115, 855, 117, 0, -2, -1.5707963267948966, 2.0
314, 94, 52, 477, 53, 479, -1, -2, -2.0344439357957027, 2.23606797749979
314, 95, 57, 510, 54, 510, 3, 0, 0.0, 3.0
314, 96, 509, 183, 509, 184, 0, -1, -1.5707963267948966, 1.0
314, 97, 256, 387, 256, 388, 0, -1, -1.5707963267948966, 1.0
314, 98, 636, 97, 636, 97, 0, 0, 0.0, 0.0
314, 99, 894, 694, 893, 690, 1, 4, 1.3258176636680326, 4.123105625617661
314, 100, 641, 379, 641, 376, 0, 3, 1.5707963267948966, 3.0
314, 101, 1026, 535, 1026, 536, 0, -1, -1.5707963267948966, 1.0
314, 102, 1069, 502, 1069, 506, 0, -4, -1.5707963267948966, 4.0
314, 103, 494, 114, 494, 118, 0, -4, -1.5707963267948966, 4.0
314, 104, 306, 361, 306, 362, 0, -1, -1.5707963267948966, 1.0
314, 105, 1127, 87, 1129, 90, -2, -3, -2.158798930342464, 3.605551275463989
314, 106, 1261, 93, 1263, 97, -2, -4, -2.0344439357957027, 4.47213595499958
314, 107, 935, 18, 936, 18, -1, 0, 3.141592653589793, 1.0
314, 108, 937, 99, 937, 100, 0, -1, -1.5707963267948966, 1.0
314, 109, 40, 164, 43, 164, -3, 0, 3.141592653589793, 3.0
314, 110, 661, 129, 660, 127, 1, 2, 1.1071487177940904, 2.23606797749979
314, 111, 1078, 526, 1077, 528, 1, -2, -1.1071487177940904, 2.23606797749979
314, 112, 1136, 31, 1140, 34, -4, -3, -2.498091544796509, 5.0
314, 113, 286, 317, 286, 318, 0, -1, -1.5707963267948966, 1.0
314, 114, 516, 179, 516, 180, 0, -1, -1.5707963267948966, 1.0
314, 115, 1104, 116, 1106, 117, -2, -1, -2.677945044588987, 2.23606797749979
314, 116, 241, 306, 241, 307, 0, -1, -1.5707963267948966, 1.0
314, 117, 1113, 84, 1117, 86, -4, -2, -2.677945044588987, 4.47213595499958
314, 118, 704, 142, 705, 144, -1, -2, -2.0344439357957027, 2.23606797749979
314, 119, 318, 387, 318, 388, 0, -1, -1.5707963267948966, 1.0
314, 120, 748, 20, 748, 21, 0, -1, -1.5707963267948966, 1.0
314, 121, 517, 157, 516, 160, 1, -3, -1.2490457723982544, 3.1622776601683795
314, 122, 1088, 82, 1092, 84, -4, -2, -2.677945044588987, 4.47213595499958
314, 123, 925, 92, 925, 93, 0, -1, -1.5707963267948966, 1.0
314, 124, 586, 66, 585, 65, 1, 1, 0.7853981633974483, 1.4142135623730951
314, 125, 731, 524, 733, 526, -2, -2, -2.356194490192345, 2.8284271247461903
314, 126, 1167, 60, 1170, 62, -3, -2, -2.5535900500422257, 3.605551275463989
314, 127, 957, 638, 958, 643, -1, -5, -1.7681918866447774, 5.0990195135927845
314, 128, 13, 316, 13, 313, 0, 3, 1.5707963267948966, 3.0
314, 129, 1120, 68, 1123, 70, -3, -2, -2.5535900500422257, 3.605551275463989
314, 130, 871, 50, 871, 53, 0, -3, -1.5707963267948966, 3.0
314, 131, 1217, 485, 1216, 485, 1, 0, 0.0, 1.0
314, 132, 756, 488, 760, 494, -4, -6, -2.158798930342464, 7.211102550927978
314, 133, 517, 116, 517, 120, 0, -4, -1.5707963267948966, 4.0
314, 134, 1066, 524, 1066, 527, 0, -3, -1.5707963267948966, 3.0
314, 135, 850, 701, 849, 709, 1, -8, -1.446441332248135, 8.06225774829855
314, 136, 109, 234, 110, 232, -1, 2, 2.0344439357957027, 2.23606797749979
314, 137, 1261, 278, 1277, 276, -16, 2, 3.017237659043032, 16.1245154965971
314, 138, 1043, 541, 1043, 546, 0, -5, -1.5707963267948966, 5.0
314, 139, 1205, 44, 1207, 45, -2, -1, -2.677945044588987, 2.23606797749979
314, 140, 932, 89, 932, 90, 0, -1, -1.5707963267948966, 1.0
315, 0, 279, 336, 279, 336, 0, 0, 0.0, 0.0
315, 1, 1049, 467, 1048, 471, 1, -4, -1.3258176636680326, 4.123105625617661
315, 2, 1067, 471, 1066, 475, 1, -4, -1.3258176636680326, 4.123105625617661
315, 3, 132, 209, 133, 207, -1, 2, 2.0344439357957027, 2.23606797749979
315, 4, 261, 336, 261, 337, 0, -1, -1.5707963267948966, 1.0
315, 5, 873, 663, 872, 661, 1, 2, 1.1071487177940904, 2.23606797749979
315, 6, 586, 57, 585, 56, 1, 1, 0.7853981633974483, 1.4142135623730951
315, 7, 252, 339, 252, 339, 0, 0, 0.0, 0.0
315, 8, 249, 330, 249, 330, 0, 0, 0.0, 0.0
315, 9, 866, 43, 866, 45, 0, -2, -1.5707963267948966, 2.0
315, 10, 500, 103, 500, 107, 0, -4, -1.5707963267948966, 4.0
315, 11, 259, 379, 259, 379, 0, 0, 0.0, 0.0
315, 12, 709, 78, 709, 81, 0, -3, -1.5707963267948966, 3.0
315, 13, 528, 413, 528, 414, 0, -1, -1.5707963267948966, 1.0
315, 14, 26, 443, 24, 441, 2, 2, 0.7853981633974483, 2.8284271247461903
315, 15, 1120, 42, 1124, 44, -4, -2, -2.677945044588987, 4.47213595499958
315, 16, 726, 503, 729, 507, -3, -4, -2.214297435588181, 5.0
315, 17, 863, 34, 863, 36, 0, -2, -1.5707963267948966, 2.0
315, 18, 720, 504, 722, 507, -2, -3, -2.158798930342464, 3.605551275463989
315, 19, 1073, 517, 1072, 520, 1, -3, -1.2490457723982544, 3.1622776601683795
315, 20, 44, 502, 42, 501, 2, 1, 0.4636476090008061, 2.23606797749979
315, 21, 307, 324, 307, 324, 0, 0, 0.0, 0.0
315, 22, 857, 43, 857, 45, 0, -2, -1.5707963267948966, 2.0
315, 23, 113, 161, 114, 159, -1, 2, 2.0344439357957027, 2.23606797749979
315, 24, 979, 605, 980, 609, -1, -4, -1.8157749899217608, 4.123105625617661
315, 25, 507, 96, 507, 100, 0, -4, -1.5707963267948966, 4.0
315, 26, 241, 320, 241, 320, 0, 0, 0.0, 0.0
315, 27, 1109, 44, 1113, 46, -4, -2, -2.677945044588987, 4.47213595499958
315, 28, 1003, 643, 1004, 647, -1, -4, -1.8157749899217608, 4.123105625617661
315, 29, 48, 115, 49, 115, -1, 0, 3.141592653589793, 1.0
315, 30, 1108, 36, 1111, 38, -3, -2, -2.5535900500422257, 3.605551275463989
315, 31, 1261, 445, 1261, 442, 0, 3, 1.5707963267948966, 3.0
315, 32, 546, 371, 546, 376, 0, -5, -1.5707963267948966, 5.0
315, 33, 591, 70, 591, 70, 0, 0, 0.0, 0.0
315, 34, 753, 507, 757, 511, -4, -4, -2.356194490192345, 5.656854249492381
315, 35, 960, 640, 961, 645, -1, -5, -1.7681918866447774, 5.0990195135927845
315, 36, 747, 38, 747, 39, 0, -1, -1.5707963267948966, 1.0
315, 37, 1164, 75, 1166, 77, -2, -2, -2.356194490192345, 2.8284271247461903
315, 38, 27, 433, 24, 431, 3, 2, 0.5880026035475675, 3.605551275463989
315, 39, 999, 611, 1001, 616, -2, -5, -1.9513027039072615, 5.385164807134504
315, 40, 507, 368, 507, 370, 0, -2, -1.5707963267948966, 2.0
315, 41, 511, 105, 511, 109, 0, -4, -1.5707963267948966, 4.0
315, 42, 579, 70, 578, 69, 1, 1, 0.7853981633974483, 1.4142135623730951
315, 43, 520, 307, 521, 310, -1, -3, -1.892546881191539, 3.1622776601683795
315, 44, 247, 401, 247, 402, 0, -1, -1.5707963267948966, 1.0
315, 45, 708, 514, 711, 514, -3, 0, 3.141592653589793, 3.0
315, 46, 974, 611, 975, 615, -1, -4, -1.8157749899217608, 4.123105625617661
315, 47, 1222, 15, 1225, 16, -3, -1, -2.819842099193151, 3.1622776601683795
315, 48, 683, 99, 683, 98, 0, 1, 1.5707963267948966, 1.0
315, 49, 487, 145, 486, 148, 1, -3, -1.2490457723982544, 3.1622776601683795
315, 50, 759, 14, 759, 15, 0, -1, -1.5707963267948966, 1.0
315, 51, 747, 512, 750, 516, -3, -4, -2.214297435588181, 5.0
315, 52, 1057, 529, 1058, 533, -1, -4, -1.8157749899217608, 4.123105625617661
315, 53, 26, 113, 27, 113, -1, 0, 3.141592653589793, 1.0
315, 54, 1178, 14, 1181, 17, -3, -3, -2.356194490192345, 4.242640687119285
315, 55, 627, 450, 628, 447, -1, 3, 1.892546881191539, 3.1622776601683795
315, 56, 257, 357, 257, 357, 0, 0, 0.0, 0.0
315, 57, 228, 315, 228, 316, 0, -1, -1.5707963267948966, 1.0
315, 58, 722, 446, 726, 450, -4, -4, -2.356194490192345, 5.656854249492381
315, 59, 137, 203, 139, 201, -2, 2, 2.356194490192345, 2.8284271247461903
315, 60, 848, 76, 847, 77, 1, -1, -0.7853981633974483, 1.4142135623730951
315, 61, 1079, 75, 1082, 76, -3, -1, -2.819842099193151, 3.1622776601683795
315, 62, 279, 320, 279, 321, 0, -1, -1.5707963267948966, 1.0
315, 63, 490, 167, 489, 171, 1, -4, -1.3258176636680326, 4.123105625617661
315, 64, 480, 158, 478, 162, 2, -4, -1.1071487177940904, 4.47213595499958
315, 65, 330, 403, 330, 404, 0, -1, -1.5707963267948966, 1.0
315, 66, 501, 193, 501, 196, 0, -3, -1.5707963267948966, 3.0
315, 67, 24, 281, 24, 279, 0, 2, 1.5707963267948966, 2.0
315, 68, 640, 90, 640, 90, 0, 0, 0.0, 0.0
315, 69, 511, 329, 511, 332, 0, -3, -1.5707963267948966, 3.0
315, 70, 637, 465, 637, 465, 0, 0, 0.0, 0.0
315, 71, 261, 325, 261, 325, 0, 0, 0.0, 0.0
315, 72, 1010, 639, 1011, 644, -1, -5, -1.7681918866447774, 5.0990195135927845
315, 73, 668, 100, 667, 99, 1, 1, 0.7853981633974483, 1.4142135623730951
315, 74, 326, 376, 327, 376, -1, 0, 3.141592653589793, 1.0
315, 75, 25, 87, 26, 87, -1, 0, 3.141592653589793, 1.0
315, 76, 108, 218, 109, 216, -1, 2, 2.0344439357957027, 2.23606797749979
315, 77, 17, 448, 15, 446, 2, 2, 0.7853981633974483, 2.8284271247461903
315, 78, 1248, 516, 1248, 517, 0, -1, -1.5707963267948966, 1.0
315, 79, 25, 298, 25, 298, 0, 0, 0.0, 0.0
315, 80, 1182, 20, 1185, 23, -3, -3, -2.356194490192345, 4.242640687119285
315, 81, 893, 672, 893, 668, 0, 4, 1.5707963267948966, 4.0
315, 82, 1135, 61, 1138, 63, -3, -2, -2.5535900500422257, 3.605551275463989
315, 83, 1047, 529, 1047, 533, 0, -4, -1.5707963267948966, 4.0
315, 84, 1219, 476, 1217, 476, 2, 0, 0.0, 2.0
315, 85, 1261, 456, 1261, 454, 0, 2, 1.5707963267948966, 2.0
315, 86, 591, 18, 588, 19, 3, -1, -0.3217505543966422, 3.1622776601683795
315, 87, 1243, 137, 1247, 140, -4, -3, -2.498091544796509, 5.0
315, 88, 1100, 42, 1104, 45, -4, -3, -2.498091544796509, 5.0
315, 89, 855, 113, 855, 115, 0, -2, -1.5707963267948966, 2.0
315, 90, 59, 510, 57, 510, 2, 0, 0.0, 2.0
315, 91, 509, 182, 509, 183, 0, -1, -1.5707963267948966, 1.0
315, 92, 256, 387, 256, 387, 0, 0, 0.0, 0.0
315, 93, 636, 97, 636, 97, 0, 0, 0.0, 0.0
315, 94, 895, 699, 894, 694, 1, 5, 1.373400766945016, 5.0990195135927845
315, 95, 641, 382, 641, 379, 0, 3, 1.5707963267948966, 3.0
315, 96, 1026, 534, 1026, 535, 0, -1, -1.5707963267948966, 1.0
315, 97, 1069, 497, 1069, 502, 0, -5, -1.5707963267948966, 5.0
315, 98, 494, 110, 494, 114, 0, -4, -1.5707963267948966, 4.0
315, 99, 306, 361, 306, 361, 0, 0, 0.0, 0.0
315, 100, 1125, 84, 1127, 87, -2, -3, -2.158798930342464, 3.605551275463989
315, 101, 1259, 89, 1261, 93, -2, -4, -2.0344439357957027, 4.47213595499958
315, 102, 934, 18, 935, 18, -1, 0, 3.141592653589793, 1.0
315, 103, 937, 99, 937, 99, 0, 0, 0.0, 0.0
315, 104, 38, 164, 40, 164, -2, 0, 3.141592653589793, 2.0
315, 105, 662, 131, 661, 129, 1, 2, 1.1071487177940904, 2.23606797749979
315, 106, 1080, 524, 1078, 526, 2, -2, -0.7853981633974483, 2.8284271247461903
315, 107, 1132, 29, 1136, 31, -4, -2, -2.677945044588987, 4.47213595499958
315, 108, 286, 316, 286, 317, 0, -1, -1.5707963267948966, 1.0
315, 109, 516, 178, 516, 179, 0, -1, -1.5707963267948966, 1.0
315, 110, 1101, 115, 1104, 116, -3, -1, -2.819842099193151, 3.1622776601683795
315, 111, 241, 305, 241, 306, 0, -1, -1.5707963267948966, 1.0
315, 112, 1110, 82, 1113, 84, -3, -2, -2.5535900500422257, 3.605551275463989
315, 113, 704, 141, 704, 142, 0, -1, -1.5707963267948966, 1.0
315, 114, 318, 386, 318, 387, 0, -1, -1.5707963267948966, 1.0
315, 115, 748, 19, 748, 20, 0, -1, -1.5707963267948966, 1.0
315, 116, 518, 152, 517, 157, 1, -5, -1.373400766945016, 5.0990195135927845
315, 117, 1085, 81, 1088, 82, -3, -1, -2.819842099193151, 3.1622776601683795
315, 118, 925, 92, 925, 92, 0, 0, 0.0, 0.0
315, 119, 587, 67, 586, 66, 1, 1, 0.7853981633974483, 1.4142135623730951
315, 120, 729, 521, 731, 524, -2, -3, -2.158798930342464, 3.605551275463989
315, 121, 1164, 58, 1167, 60, -3, -2, -2.5535900500422257, 3.605551275463989
315, 122, 956, 633, 957, 638, -1, -5, -1.7681918866447774, 5.0990195135927845
315, 123, 14, 319, 13, 316, 1, 3, 1.2490457723982544, 3.1622776601683795
315, 124, 1117, 66, 1120, 68, -3, -2, -2.5535900500422257, 3.605551275463989
315, 125, 871, 48, 871, 50, 0, -2, -1.5707963267948966, 2.0
315, 126, 1219, 486, 1217, 485, 2, 1, 0.4636476090008061, 2.23606797749979
315, 127, 752, 483, 756, 488, -4, -5, -2.2455372690184494, 6.4031242374328485
315, 128, 517, 112, 517, 116, 0, -4, -1.5707963267948966, 4.0
315, 129, 1066, 521, 1066, 524, 0, -3, -1.5707963267948966, 3.0
315, 130, 850, 701, 850, 701, 0, 0, 0.0, 0.0
315, 131, 108, 235, 109, 234, -1, 1, 2.356194490192345, 1.4142135623730951
315, 132, 1261, 278, 1261, 278, 0, 0, 0.0, 0.0
315, 133, 1043, 537, 1043, 541, 0, -4, -1.5707963267948966, 4.0
315, 134, 1203, 43, 1205, 44, -2, -1, -2.677945044588987, 2.23606797749979
315, 135, 932, 89, 932, 89, 0, 0, 0.0, 0.0
316, 0, 280, 336, 280, 336, 0, 0, 0.0, 0.0
316, 1, 260, 338, 260, 339, 0, -1, -1.5707963267948966, 1.0
316, 2, 1067, 471, 1066, 475, 1, -4, -1.3258176636680326, 4.123105625617661
316, 3, 1049, 467, 1048, 471, 1, -4, -1.3258176636680326, 4.123105625617661
316, 4, 132, 208, 133, 206, -1, 2, 2.0344439357957027, 2.23606797749979
316, 5, 868, 45, 868, 46, 0, -1, -1.5707963267948966, 1.0
316, 6, 249, 331, 249, 331, 0, 0, 0.0, 0.0
316, 7, 253, 339, 253, 339, 0, 0, 0.0, 0.0
316, 8, 501, 105, 501, 108, 0, -3, -1.5707963267948966, 3.0
316, 9, 710, 78, 710, 81, 0, -3, -1.5707963267948966, 3.0
316, 10, 1164, 74, 1166, 76, -2, -2, -2.356194490192345, 2.8284271247461903
316, 11, 259, 379, 259, 379, 0, 0, 0.0, 0.0
316, 12, 726, 502, 729, 506, -3, -4, -2.214297435588181, 5.0
316, 13, 753, 506, 757, 510, -4, -4, -2.356194490192345, 5.656854249492381
316, 14, 874, 667, 872, 665, 2, 2, 0.7853981633974483, 2.8284271247461903
316, 15, 1075, 518, 1074, 521, 1, -3, -1.2490457723982544, 3.1622776601683795
316, 16, 488, 145, 487, 148, 1, -3, -1.2490457723982544, 3.1622776601683795
316, 17, 1003, 643, 1005, 648, -2, -5, -1.9513027039072615, 5.385164807134504
316, 18, 546, 366, 546, 370, 0, -4, -1.5707963267948966, 4.0
316, 19, 115, 161, 115, 159, 0, 2, 1.5707963267948966, 2.0
316, 20, 1121, 42, 1125, 44, -4, -2, -2.677945044588987, 4.47213595499958
316, 21, 333, 347, 334, 347, -1, 0, 3.141592653589793, 1.0
316, 22, 49, 116, 50, 116, -1, 0, 3.141592653589793, 1.0
316, 23, 594, 9, 591, 10, 3, -1, -0.3217505543966422, 3.1622776601683795
316, 24, 864, 36, 864, 37, 0, -1, -1.5707963267948966, 1.0
316, 25, 508, 96, 508, 100, 0, -4, -1.5707963267948966, 4.0
316, 26, 592, 70, 591, 70, 1, 0, 0.0, 1.0
316, 27, 27, 445, 25, 443, 2, 2, 0.7853981633974483, 2.8284271247461903
316, 28, 241, 321, 241, 322, 0, -1, -1.5707963267948966, 1.0
316, 29, 739, 563, 739, 564, 0, -1, -1.5707963267948966, 1.0
316, 30, 512, 106, 512, 110, 0, -4, -1.5707963267948966, 4.0
316, 31, 528, 414, 528, 415, 0, -1, -1.5707963267948966, 1.0
316, 32, 960, 638, 961, 643, -1, -5, -1.7681918866447774, 5.0990195135927845
316, 33, 1110, 44, 1114, 47, -4, -3, -2.498091544796509, 5.0
316, 34, 975, 609, 976, 613, -1, -4, -1.8157749899217608, 4.123105625617661
316, 35, 767, 35, 767, 36, 0, -1, -1.5707963267948966, 1.0
316, 36, 981, 603, 982, 608, -1, -5, -1.7681918866447774, 5.0990195135927845
316, 37, 307, 325, 307, 325, 0, 0, 0.0, 0.0
316, 38, 710, 540, 714, 545, -4, -5, -2.2455372690184494, 6.4031242374328485
316, 39, 583, 68, 583, 67, 0, 1, 1.5707963267948966, 1.0
316, 40, 280, 321, 280, 322, 0, -1, -1.5707963267948966, 1.0
316, 41, 747, 38, 747, 39, 0, -1, -1.5707963267948966, 1.0
316, 42, 1223, 15, 1226, 16, -3, -1, -2.819842099193151, 3.1622776601683795
316, 43, 521, 306, 522, 310, -1, -4, -1.8157749899217608, 4.123105625617661
316, 44, 1179, 15, 1182, 18, -3, -3, -2.356194490192345, 4.242640687119285
316, 45, 848, 76, 848, 77, 0, -1, -1.5707963267948966, 1.0
316, 46, 507, 368, 507, 371, 0, -3, -1.5707963267948966, 3.0
316, 47, 1086, 82, 1088, 83, -2, -1, -2.677945044588987, 2.23606797749979
316, 48, 247, 402, 247, 403, 0, -1, -1.5707963267948966, 1.0
316, 49, 1261, 445, 1274, 442, -13, 3, 2.9147938055359073, 13.341664064126334
316, 50, 257, 357, 257, 357, 0, 0, 0.0, 0.0
316, 51, 896, 701, 895, 697, 1, 4, 1.3258176636680326, 4.123105625617661
316, 52, 684, 97, 684, 97, 0, 0, 0.0, 0.0
316, 53, 24, 282, 24, 280, 0, 2, 1.5707963267948966, 2.0
316, 54, 1000, 611, 1001, 616, -1, -5, -1.7681918866447774, 5.0990195135927845
316, 55, 858, 44, 858, 46, 0, -2, -1.5707963267948966, 2.0
316, 56, 705, 140, 705, 142, 0, -2, -1.5707963267948966, 2.0
316, 57, 491, 168, 490, 172, 1, -4, -1.3258176636680326, 4.123105625617661
316, 58, 854, 115, 854, 117, 0, -2, -1.5707963267948966, 2.0
316, 59, 10, 445, 10, 444, 0, 1, 1.5707963267948966, 1.0
316, 60, 759, 15, 759, 16, 0, -1, -1.5707963267948966, 1.0
316, 61, 1108, 35, 1112, 38, -4, -3, -2.498091544796509, 5.0
316, 62, 1104, 114, 1107, 116, -3, -2, -2.5535900500422257, 3.605551275463989
316, 63, 1011, 640, 1012, 645, -1, -5, -1.7681918866447774, 5.0990195135927845
316, 64, 228, 316, 228, 317, 0, -1, -1.5707963267948966, 1.0
316, 65, 481, 158, 479, 162, 2, -4, -1.1071487177940904, 4.47213595499958
316, 66, 747, 511, 751, 515, -4, -4, -2.356194490192345, 5.656854249492381
316, 67, 26, 434, 24, 432, 2, 2, 0.7853981633974483, 2.8284271247461903
316, 68, 591, 18, 588, 19, 3, -1, -0.3217505543966422, 3.1622776601683795
316, 69, 641, 91, 641, 91, 0, 0, 0.0, 0.0
316, 70, 331, 361, 332, 361, -1, 0, 3.141592653589793, 1.0
316, 71, 1136, 61, 1139, 64, -3, -3, -2.356194490192345, 4.242640687119285
316, 72, 494, 111, 494, 114, 0, -3, -1.5707963267948966, 3.0
316, 73, 1069, 498, 1069, 502, 0, -4, -1.5707963267948966, 4.0
316, 74, 108, 219, 109, 217, -1, 2, 2.0344439357957027, 2.23606797749979
316, 75, 1080, 523, 1079, 526, 1, -3, -1.2490457723982544, 3.1622776601683795
316, 76, 1118, 66, 1120, 68, -2, -2, -2.356194490192345, 2.8284271247461903
316, 77, 26, 88, 27, 88, -1, 0, 3.141592653589793, 1.0
316, 78, 327, 376, 328, 376, -1, 0, 3.141592653589793, 1.0
316, 79, 1261, 458, 1265, 455, -4, 3, 2.498091544796509, 5.0
316, 80, 864, 110, 863, 112, 1, -2, -1.1071487177940904, 2.23606797749979
316, 81, 1028, 536, 1027, 537, 1, -1, -0.7853981633974483, 1.4142135623730951
316, 82, 25, 299, 25, 299, 0, 0, 0.0, 0.0
316, 83, 26, 113, 27, 113, -1, 0, 3.141592653589793, 1.0
316, 84, 331, 404, 331, 405, 0, -1, -1.5707963267948966, 1.0
316, 85, 1249, 517, 1249, 518, 0, -1, -1.5707963267948966, 1.0
316, 86, 1131, 76, 1133, 80, -2, -4, -2.0344439357957027, 4.47213595499958
316, 87, 18, 450, 16, 448, 2, 2, 0.7853981633974483, 2.8284271247461903
316, 88, 270, 336, 270, 337, 0, -1, -1.5707963267948966, 1.0
316, 89, 894, 676, 895, 672, -1, 4, 1.8157749899217608, 4.123105625617661
316, 90, 641, 383, 641, 380, 0, 3, 1.5707963267948966, 3.0
316, 91, 1102, 42, 1106, 45, -4, -3, -2.498091544796509, 5.0
316, 92, 851, 701, 851, 713, 0, -12, -1.5707963267948966, 12.0
316, 93, 729, 513, 731, 518, -2, -5, -1.9513027039072615, 5.385164807134504
316, 94, 987, 666, 991, 670, -4, -4, -2.356194490192345, 5.656854249492381
316, 95, 937, 12, 939, 13, -2, -1, -2.677945044588987, 2.23606797749979
316, 96, 937, 99, 937, 99, 0, 0, 0.0, 0.0
316, 97, 627, 453, 628, 450, -1, 3, 1.892546881191539, 3.1622776601683795
316, 98, 771, 42, 771, 43, 0, -1, -1.5707963267948966, 1.0
316, 99, 1080, 77, 1083, 78, -3, -1, -2.819842099193151, 3.1622776601683795
316, 100, 68, 535, 65, 532, 3, 3, 0.7853981633974483, 4.242640687119285
316, 101, 1231, 160, 1232, 160, -1, 0, 3.141592653589793, 1.0
316, 102, 256, 388, 256, 388, 0, 0, 0.0, 0.0
316, 103, 1203, 43, 1205, 44, -2, -1, -2.677945044588987, 2.23606797749979
316, 104, 1058, 529, 1059, 532, -1, -3, -1.892546881191539, 3.1622776601683795
316, 105, 638, 98, 638, 98, 0, 0, 0.0, 0.0
316, 106, 511, 330, 511, 333, 0, -3, -1.5707963267948966, 3.0
316, 107, 139, 203, 140, 201, -1, 2, 2.0344439357957027, 2.23606797749979
316, 108, 956, 632, 957, 637, -1, -5, -1.7681918866447774, 5.0990195135927845
316, 109, 814, 12, 814, 13, 0, -1, -1.5707963267948966, 1.0
316, 110, 925, 93, 925, 93, 0, 0, 0.0, 0.0
316, 111, 242, 306, 242, 307, 0, -1, -1.5707963267948966, 1.0
316, 112, 318, 387, 318, 388, 0, -1, -1.5707963267948966, 1.0
316, 113, 502, 193, 502, 196, 0, -3, -1.5707963267948966, 3.0
316, 114, 265, 329, 265, 330, 0, -1, -1.5707963267948966, 1.0
316, 115, 258, 326, 258, 326, 0, 0, 0.0, 0.0
316, 116, 748, 21, 748, 22, 0, -1, -1.5707963267948966, 1.0
316, 117, 286, 317, 286, 318, 0, -1, -1.5707963267948966, 1.0
316, 118, 1133, 30, 1137, 32, -4, -2, -2.677945044588987, 4.47213595499958
316, 119, 40, 164, 41, 164, -1, 0, 3.141592653589793, 1.0
316, 120, 333, 340, 333, 340, 0, 0, 0.0, 0.0
316, 121, 1243, 137, 1247, 140, -4, -3, -2.498091544796509, 5.0
316, 122, 710, 521, 713, 521, -3, 0, 3.141592653589793, 3.0
316, 123, 1048, 530, 1048, 533, 0, -3, -1.5707963267948966, 3.0
316, 124, 1258, 90, 1261, 94, -3, -4, -2.214297435588181, 5.0
316, 125, 1045, 540, 1045, 543, 0, -3, -1.5707963267948966, 3.0
316, 126, 21, 502, 19, 500, 2, 2, 0.7853981633974483, 2.8284271247461903
316, 127, 636, 14, 637, 14, -1, 0, 3.141592653589793, 1.0
316, 128, 1112, 110, 1115, 112, -3, -2, -2.5535900500422257, 3.605551275463989
316, 129, 269, 322, 269, 322, 0, 0, 0.0, 0.0
316, 130, 717, 502, 720, 505, -3, -3, -2.356194490192345, 4.242640687119285
316, 131, 306, 362, 306, 362, 0, 0, 0.0, 0.0
316, 132, 1032, 574, 1032, 575, 0, -1, -1.5707963267948966, 1.0
316, 133, 752, 484, 756, 489, -4, -5, -2.2455372690184494, 6.4031242374328485
316, 134, 1087, 108, 1088, 108, -1, 0, 3.141592653589793, 1.0
316, 135, 1250, 44, 1251, 48, -1, -4, -1.8157749899217608, 4.123105625617661
316, 136, 696, 37, 697, 39, -1, -2, -2.0344439357957027, 2.23606797749979
316, 137, 107, 235, 109, 234, -2, 1, 2.677945044588987, 2.23606797749979
316, 138, 1192, 70, 1194, 75, -2, -5, -1.9513027039072615, 5.385164807134504
316, 139, 1229, 427, 1227, 424, 2, 3, 0.982793723247329, 3.605551275463989
316, 140, 720, 446, 725, 450, -5, -4, -2.4668517113662407, 6.4031242374328485
316, 141, 932, 90, 932, 90, 0, 0, 0.0, 0.0
316, 142, 944, 46, 945, 45, -1, 1, 2.356194490192345, 1.4142135623730951
316, 143, 30, 122, 31, 122, -1, 0, 3.141592653589793, 1.0
316, 144, 666, 103, 665, 103, 1, 0, 0.0, 1.0
316, 145, 105, 187, 106, 185, -1, 2, 2.0344439357957027, 2.23606797749979
316, 146, 15, 319, 14, 317, 1, 2, 1.1071487177940904, 2.23606797749979
316, 147, 855, 697, 854, 693, 1, 4, 1.3258176636680326, 4.123105625617661
316, 148, 1224, 443, 1222, 440, 2, 3, 0.982793723247329, 3.605551275463989
317, 0, 280, 335, 280, 336, 0, -1, -1.5707963267948966, 1.0
317, 1, 260, 337, 260, 338, 0, -1, -1.5707963267948966, 1.0
317, 2, 1068, 467, 1067, 471, 1, -4, -1.3258176636680326, 4.123105625617661
317, 3, 1050, 463, 1049, 467, 1, -4, -1.3258176636680326, 4.123105625617661
317, 4, 131, 209, 132, 208, -1, 1, 2.356194490192345, 1.4142135623730951
317, 5, 868, 44, 868, 45, 0, -1, -1.5707963267948966, 1.0
317, 6, 249, 330, 249, 331, 0, -1, -1.5707963267948966, 1.0
317, 7, 253, 339, 253, 339, 0, 0, 0.0, 0.0
317, 8, 501, 102, 501, 105, 0, -3, -1.5707963267948966, 3.0
317, 9, 710, 75, 710, 78, 0, -3, -1.5707963267948966, 3.0
317, 10, 1162, 72, 1164, 74, -2, -2, -2.356194490192345, 2.8284271247461903
317, 11, 259, 378, 259, 379, 0, -1, -1.5707963267948966, 1.0
317, 12, 723, 498, 726, 502, -3, -4, -2.214297435588181, 5.0
317, 13, 749, 502, 753, 506, -4, -4, -2.356194490192345, 5.656854249492381
317, 14, 876, 669, 874, 667, 2, 2, 0.7853981633974483, 2.8284271247461903
317, 15, 1076, 514, 1075, 518, 1, -4, -1.3258176636680326, 4.123105625617661
317, 16, 489, 141, 488, 145, 1, -4, -1.3258176636680326, 4.123105625617661
317, 17, 1002, 638, 1003, 643, -1, -5, -1.7681918866447774, 5.0990195135927845
317, 18, 546, 361, 546, 366, 0, -5, -1.5707963267948966, 5.0
317, 19, 114, 163, 115, 161, -1, 2, 2.0344439357957027, 2.23606797749979
317, 20, 1117, 40, 1121, 42, -4, -2, -2.677945044588987, 4.47213595499958
317, 21, 48, 116, 49, 116, -1, 0, 3.141592653589793, 1.0
317, 22, 864, 35, 864, 36, 0, -1, -1.5707963267948966, 1.0
317, 23, 508, 93, 508, 96, 0, -3, -1.5707963267948966, 3.0
317, 24, 593, 70, 592, 70, 1, 0, 0.0, 1.0
317, 25, 29, 447, 27, 445, 2, 2, 0.7853981633974483, 2.8284271247461903
317, 26, 241, 320, 241, 321, 0, -1, -1.5707963267948966, 1.0
317, 27, 512, 103, 512, 106, 0, -3, -1.5707963267948966, 3.0
317, 28, 528, 412, 528, 414, 0, -2, -1.5707963267948966, 2.0
317, 29, 959, 633, 960, 638, -1, -5, -1.7681918866447774, 5.0990195135927845
317, 30, 1106, 41, 1110, 44, -4, -3, -2.498091544796509, 5.0
317, 31, 974, 604, 975, 609, -1, -5, -1.7681918866447774, 5.0990195135927845
317, 32, 767, 34, 767, 35, 0, -1, -1.5707963267948966, 1.0
317, 33, 980, 598, 981, 603, -1, -5, -1.7681918866447774, 5.0990195135927845
317, 34, 307, 324, 307, 325, 0, -1, -1.5707963267948966, 1.0
317, 35, 707, 534, 710, 540, -3, -6, -2.0344439357957027, 6.708203932499369
317, 36, 583, 67, 583, 68, 0, -1, -1.5707963267948966, 1.0
317, 37, 280, 320, 280, 321, 0, -1, -1.5707963267948966, 1.0
317, 38, 747, 37, 747, 38, 0, -1, -1.5707963267948966, 1.0
317, 39, 1220, 14, 1223, 15, -3, -1, -2.819842099193151, 3.1622776601683795
317, 40, 520, 302, 521, 306, -1, -4, -1.8157749899217608, 4.123105625617661
317, 41, 1176, 12, 1179, 15, -3, -3, -2.356194490192345, 4.242640687119285
317, 42, 848, 74, 848, 76, 0, -2, -1.5707963267948966, 2.0
317, 43, 507, 364, 507, 368, 0, -4, -1.5707963267948966, 4.0
317, 44, 1084, 81, 1086, 82, -2, -1, -2.677945044588987, 2.23606797749979
317, 45, 247, 401, 247, 402, 0, -1, -1.5707963267948966, 1.0
317, 46, 1261, 448, 1261, 445, 0, 3, 1.5707963267948966, 3.0
317, 47, 257, 357, 257, 357, 0, 0, 0.0, 0.0
317, 48, 897, 701, 896, 701, 1, 0, 0.0, 1.0
317, 49, 684, 97, 684, 97, 0, 0, 0.0, 0.0
317, 50, 24, 283, 24, 282, 0, 1, 1.5707963267948966, 1.0
317, 51, 999, 606, 1000, 611, -1, -5, -1.7681918866447774, 5.0990195135927845
317, 52, 858, 43, 858, 44, 0, -1, -1.5707963267948966, 1.0
317, 53, 705, 138, 705, 140, 0, -2, -1.5707963267948966, 2.0
317, 54, 492, 164, 491, 168, 1, -4, -1.3258176636680326, 4.123105625617661
317, 55, 854, 113, 854, 115, 0, -2, -1.5707963267948966, 2.0
317, 56, 10, 446, 10, 445, 0, 1, 1.5707963267948966, 1.0
317, 57, 759, 14, 759, 15, 0, -1, -1.5707963267948966, 1.0
317, 58, 1104, 32, 1108, 35, -4, -3, -2.498091544796509, 5.0
317, 59, 1101, 112, 1104, 114, -3, -2, -2.5535900500422257, 3.605551275463989
317, 60, 1010, 635, 1011, 640, -1, -5, -1.7681918866447774, 5.0990195135927845
317, 61, 228, 315, 228, 316, 0, -1, -1.5707963267948966, 1.0
317, 62, 483, 154, 481, 158, 2, -4, -1.1071487177940904, 4.47213595499958
317, 63, 744, 506, 747, 511, -3, -5, -2.1112158270654806, 5.830951894845301
317, 64, 28, 436, 26, 434, 2, 2, 0.7853981633974483, 2.8284271247461903
317, 65, 594, 18, 591, 18, 3, 0, 0.0, 3.0
317, 66, 641, 91, 641, 91, 0, 0, 0.0, 0.0
317, 67, 1133, 59, 1136, 61, -3, -2, -2.5535900500422257, 3.605551275463989
317, 68, 494, 108, 494, 111, 0, -3, -1.5707963267948966, 3.0
317, 69, 1070, 494, 1069, 498, 1, -4, -1.3258176636680326, 4.123105625617661
317, 70, 107, 220, 108, 219, -1, 1, 2.356194490192345, 1.4142135623730951
317, 71, 1081, 520, 1080, 523, 1, -3, -1.2490457723982544, 3.1622776601683795
317, 72, 1115, 64, 1118, 66, -3, -2, -2.5535900500422257, 3.605551275463989
317, 73, 25, 88, 26, 88, -1, 0, 3.141592653589793, 1.0
317, 74, 1261, 460, 1261, 458, 0, 2, 1.5707963267948966, 2.0
317, 75, 864, 107, 864, 110, 0, -3, -1.5707963267948966, 3.0
317, 76, 1029, 533, 1028, 536, 1, -3, -1.2490457723982544, 3.1622776601683795
317, 77, 25, 298, 25, 299, 0, -1, -1.5707963267948966, 1.0
317, 78, 25, 113, 26, 113, -1, 0, 3.141592653589793, 1.0
317, 79, 331, 403, 331, 404, 0, -1, -1.5707963267948966, 1.0
317, 80, 1249, 516, 1249, 517, 0, -1, -1.5707963267948966, 1.0
317, 81, 1129, 74, 1131, 76, -2, -2, -2.356194490192345, 2.8284271247461903
317, 82, 20, 452, 18, 450, 2, 2, 0.7853981633974483, 2.8284271247461903
317, 83, 270, 335, 270, 336, 0, -1, -1.5707963267948966, 1.0
317, 84, 893, 680, 894, 676, -1, 4, 1.8157749899217608, 4.123105625617661
317, 85, 640, 386, 641, 383, -1, 3, 1.892546881191539, 3.1622776601683795
317, 86, 1098, 39, 1102, 42, -4, -3, -2.498091544796509, 5.0
317, 87, 852, 701, 851, 701, 1, 0, 0.0, 1.0
317, 88, 726, 510, 729, 513, -3, -3, -2.356194490192345, 4.242640687119285
317, 89, 984, 662, 987, 666, -3, -4, -2.214297435588181, 5.0
317, 90, 937, 98, 937, 99, 0, -1, -1.5707963267948966, 1.0
317, 91, 626, 455, 627, 453, -1, 2, 2.0344439357957027, 2.23606797749979
317, 92, 771, 41, 771, 42, 0, -1, -1.5707963267948966, 1.0
317, 93, 1077, 76, 1080, 77, -3, -1, -2.819842099193151, 3.1622776601683795
317, 94, 72, 538, 68, 535, 4, 3, 0.6435011087932844, 5.0
317, 95, 1230, 160, 1231, 160, -1, 0, 3.141592653589793, 1.0
317, 96, 256, 387, 256, 388, 0, -1, -1.5707963267948966, 1.0
317, 97, 1200, 43, 1203, 43, -3, 0, 3.141592653589793, 3.0
317, 98, 1056, 527, 1058, 529, -2, -2, -2.356194490192345, 2.8284271247461903
317, 99, 638, 98, 638, 98, 0, 0, 0.0, 0.0
317, 100, 510, 326, 511, 330, -1, -4, -1.8157749899217608, 4.123105625617661
317, 101, 137, 205, 139, 203, -2, 2, 2.356194490192345, 2.8284271247461903
317, 102, 955, 627, 956, 632, -1, -5, -1.7681918866447774, 5.0990195135927845
317, 103, 814, 11, 814, 12, 0, -1, -1.5707963267948966, 1.0
317, 104, 925, 92, 925, 93, 0, -1, -1.5707963267948966, 1.0
317, 105, 242, 305, 242, 306, 0, -1, -1.5707963267948966, 1.0
317, 106, 318, 386, 318, 387, 0, -1, -1.5707963267948966, 1.0
317, 107, 502, 190, 502, 193, 0, -3, -1.5707963267948966, 3.0
317, 108, 265, 328, 265, 329, 0, -1, -1.5707963267948966, 1.0
317, 109, 258, 325, 258, 326, 0, -1, -1.5707963267948966, 1.0
317, 110, 748, 20, 748, 21, 0, -1, -1.5707963267948966, 1.0
317, 111, 286, 316, 286, 317, 0, -1, -1.5707963267948966, 1.0
317, 112, 1129, 28, 1133, 30, -4, -2, -2.677945044588987, 4.47213595499958
317, 113, 39, 164, 40, 164, -1, 0, 3.141592653589793, 1.0
317, 114, 1241, 134, 1243, 137, -2, -3, -2.158798930342464, 3.605551275463989
317, 115, 707, 518, 710, 521, -3, -3, -2.356194490192345, 4.242640687119285
317, 116, 1047, 527, 1048, 530, -1, -3, -1.892546881191539, 3.1622776601683795
317, 117, 1256, 86, 1258, 90, -2, -4, -2.0344439357957027, 4.47213595499958
317, 118, 1044, 536, 1045, 540, -1, -4, -1.8157749899217608, 4.123105625617661
317, 119, 22, 504, 21, 502, 1, 2, 1.1071487177940904, 2.23606797749979
317, 120, 635, 14, 636, 14, -1, 0, 3.141592653589793, 1.0
317, 121, 1109, 107, 1112, 110, -3, -3, -2.356194490192345, 4.242640687119285
317, 122, 269, 321, 269, 322, 0, -1, -1.5707963267948966, 1.0
317, 123, 714, 499, 717, 502, -3, -3, -2.356194490192345, 4.242640687119285
317, 124, 306, 362, 306, 362, 0, 0, 0.0, 0.0
317, 125, 1032, 572, 1032, 574, 0, -2, -1.5707963267948966, 2.0
317, 126, 748, 480, 752, 484, -4, -4, -2.356194490192345, 5.656854249492381
317, 127, 1086, 108, 1087, 108, -1, 0, 3.141592653589793, 1.0
317, 128, 1248, 40, 1250, 44, -2, -4, -2.0344439357957027, 4.47213595499958
317, 129, 695, 35, 696, 37, -1, -2, -2.0344439357957027, 2.23606797749979
317, 130, 106, 236, 107, 235, -1, 1, 2.356194490192345, 1.4142135623730951
317, 131, 1191, 66, 1192, 70, -1, -4, -1.8157749899217608, 4.123105625617661
317, 132, 1231, 430, 1229, 427, 2, 3, 0.982793723247329, 3.605551275463989
317, 133, 715, 442, 720, 446, -5, -4, -2.4668517113662407, 6.4031242374328485
317, 134, 932, 89, 932, 90, 0, -1, -1.5707963267948966, 1.0
317, 135, 944, 47, 944, 46, 0, 1, 1.5707963267948966, 1.0
317, 136, 29, 122, 30, 122, -1, 0, 3.141592653589793, 1.0
317, 137, 667, 103, 666, 103, 1, 0, 0.0, 1.0
317, 138, 104, 189, 105, 187, -1, 2, 2.0344439357957027, 2.23606797749979
317, 139, 16, 321, 15, 319, 1, 2, 1.1071487177940904, 2.23606797749979
317, 140, 856, 701, 855, 697, 1, 4, 1.3258176636680326, 4.123105625617661
317, 141, 1226, 445, 1224, 443, 2, 2, 0.7853981633974483, 2.8284271247461903
318, 0, 260, 338, 260, 339, 0, -1, -1.5707963267948966, 1.0
318, 1, 280, 336, 280, 337, 0, -1, -1.5707963267948966, 1.0
318, 2, 131, 211, 133, 209, -2, 2, 2.356194490192345, 2.8284271247461903
318, 3, 1069, 466, 1068, 471, 1, -5, -1.373400766945016, 5.0990195135927845
318, 4, 1051, 463, 1049, 467, 2, -4, -1.1071487177940904, 4.47213595499958
318, 5, 869, 42, 868, 45, 1, -3, -1.2490457723982544, 3.1622776601683795
318, 6, 1002, 638, 1004, 643, -2, -5, -1.9513027039072615, 5.385164807134504
318, 7, 249, 330, 249, 331, 0, -1, -1.5707963267948966, 1.0
318, 8, 1261, 448, 1278, 446, -17, 2, 3.024483909022929, 17.11724276862369
318, 9, 848, 73, 847, 76, 1, -3, -1.2490457723982544, 3.1622776601683795
318, 10, 710, 75, 710, 79, 0, -4, -1.5707963267948966, 4.0
318, 11, 875, 677, 873, 674, 2, 3, 0.982793723247329, 3.605551275463989
318, 12, 253, 339, 253, 340, 0, -1, -1.5707963267948966, 1.0
318, 13, 705, 518, 708, 523, -3, -5, -2.1112158270654806, 5.830951894845301
318, 14, 259, 378, 259, 379, 0, -1, -1.5707963267948966, 1.0
318, 15, 490, 142, 488, 145, 2, -3, -0.982793723247329, 3.605551275463989
318, 16, 257, 357, 257, 357, 0, 0, 0.0, 0.0
318, 17, 1076, 515, 1076, 519, 0, -4, -1.5707963267948966, 4.0
318, 18, 744, 506, 748, 510, -4, -4, -2.356194490192345, 5.656854249492381
318, 19, 724, 498, 726, 502, -2, -4, -2.0344439357957027, 4.47213595499958
318, 20, 334, 346, 334, 347, 0, -1, -1.5707963267948966, 1.0
318, 21, 50, 148, 51, 148, -1, 0, 3.141592653589793, 1.0
318, 22, 545, 359, 544, 364, 1, -5, -1.373400766945016, 5.0990195135927845
318, 23, 866, 33, 865, 36, 1, -3, -1.2490457723982544, 3.1622776601683795
318, 24, 979, 600, 981, 603, -2, -3, -2.158798930342464, 3.605551275463989
318, 25, 749, 501, 753, 505, -4, -4, -2.356194490192345, 5.656854249492381
318, 26, 502, 101, 501, 105, 1, -4, -1.3258176636680326, 4.123105625617661
318, 27, 975, 605, 976, 608, -1, -3, -1.892546881191539, 3.1622776601683795
318, 28, 281, 320, 281, 321, 0, -1, -1.5707963267948966, 1.0
318, 29, 29, 447, 29, 447, 0, 0, 0.0, 0.0
318, 30, 598, 10, 594, 10, 4, 0, 0.0, 4.0
318, 31, 1081, 82, 1084, 81, -3, 1, 2.819842099193151, 3.1622776601683795
318, 32, 514, 103, 513, 107, 1, -4, -1.3258176636680326, 4.123105625617661
318, 33, 1118, 43, 1122, 43, -4, 0, 3.141592653589793, 4.0
318, 34, 896, 701, 896, 706, 0, -5, -1.5707963267948966, 5.0
318, 35, 767, 34, 767, 35, 0, -1, -1.5707963267948966, 1.0
318, 36, 307, 324, 307, 325, 0, -1, -1.5707963267948966, 1.0
318, 37, 241, 320, 241, 321, 0, -1, -1.5707963267948966, 1.0
318, 38, 860, 41, 859, 44, 1, -3, -1.2490457723982544, 3.1622776601683795
318, 39, 1176, 13, 1180, 16, -4, -3, -2.498091544796509, 5.0
318, 40, 1108, 42, 1111, 44, -3, -2, -2.5535900500422257, 3.605551275463989
318, 41, 493, 165, 492, 168, 1, -3, -1.2490457723982544, 3.1622776601683795
318, 42, 114, 164, 115, 161, -1, 3, 1.892546881191539, 3.1622776601683795
318, 43, 1127, 77, 1131, 78, -4, -1, -2.896613990462929, 4.123105625617661
318, 44, 626, 455, 627, 454, -1, 1, 2.356194490192345, 1.4142135623730951
318, 45, 16, 320, 16, 320, 0, 0, 0.0, 0.0
318, 46, 747, 38, 747, 39, 0, -1, -1.5707963267948966, 1.0
318, 47, 528, 409, 529, 414, -1, -5, -1.7681918866447774, 5.0990195135927845
318, 48, 46, 118, 49, 117, -3, 1, 2.819842099193151, 3.1622776601683795
318, 49, 508, 94, 508, 98, 0, -4, -1.5707963267948966, 4.0
318, 50, 1218, 14, 1223, 16, -5, -2, -2.761086276477428, 5.385164807134504
318, 51, 509, 363, 508, 369, 1, -6, -1.4056476493802699, 6.082762530298219
318, 52, 962, 634, 962, 637, 0, -3, -1.5707963267948966, 3.0
318, 53, 521, 300, 522, 307, -1, -7, -1.7126933813990606, 7.0710678118654755
318, 54, 1105, 34, 1109, 36, -4, -2, -2.677945044588987, 4.47213595499958
318, 55, 643, 94, 642, 92, 1, 2, 1.1071487177940904, 2.23606797749979
318, 56, 858, 701, 856, 701, 2, 0, 0.0, 2.0
318, 57, 1000, 606, 1001, 611, -1, -5, -1.7681918866447774, 5.0990195135927845
318, 58, 510, 183, 510, 184, 0, -1, -1.5707963267948966, 1.0
318, 59, 247, 402, 247, 403, 0, -1, -1.5707963267948966, 1.0
318, 60, 1080, 104, 1081, 104, -1, 0, 3.141592653589793, 1.0
318, 61, 684, 100, 684, 98, 0, 2, 1.5707963267948966, 2.0
318, 62, 1072, 492, 1070, 498, 2, -6, -1.2490457723982544, 6.324555320336759
318, 63, 286, 375, 286, 376, 0, -1, -1.5707963267948966, 1.0
318, 64, 15, 443, 13, 443, 2, 0, 0.0, 2.0
318, 65, 712, 127, 712, 129, 0, -2, -1.5707963267948966, 2.0
318, 66, 24, 115, 26, 114, -2, 1, 2.677945044588987, 2.23606797749979
318, 67, 26, 285, 25, 282, 1, 3, 1.2490457723982544, 3.1622776601683795
318, 68, 1098, 41, 1102, 43, -4, -2, -2.677945044588987, 4.47213595499958
318, 69, 228, 316, 228, 317, 0, -1, -1.5707963267948966, 1.0
318, 70, 594, 19, 591, 19, 3, 0, 0.0, 3.0
318, 71, 894, 684, 896, 681, -2, 3, 2.158798930342464, 3.605551275463989
318, 72, 1261, 461, 1268, 458, -7, 3, 2.7367008673047097, 7.615773105863909
318, 73, 25, 299, 25, 299, 0, 0, 0.0, 0.0
318, 74, 1009, 635, 1011, 641, -2, -6, -1.892546881191539, 6.324555320336759
318, 75, 641, 387, 642, 383, -1, 4, 1.8157749899217608, 4.123105625617661
318, 76, 511, 324, 511, 330, 0, -6, -1.5707963267948966, 6.0
318, 77, 1132, 59, 1136, 61, -4, -2, -2.677945044588987, 4.47213595499958
318, 78, 854, 115, 854, 116, 0, -1, -1.5707963267948966, 1.0
318, 79, 30, 438, 28, 436, 2, 2, 0.7853981633974483, 2.8284271247461903
318, 80, 271, 336, 271, 337, 0, -1, -1.5707963267948966, 1.0
318, 81, 595, 70, 595, 71, 0, -1, -1.5707963267948966, 1.0
318, 82, 1249, 517, 1249, 518, 0, -1, -1.5707963267948966, 1.0
318, 83, 484, 156, 481, 158, 3, -2, -0.5880026035475675, 3.605551275463989
318, 84, 331, 404, 331, 405, 0, -1, -1.5707963267948966, 1.0
318, 85, 106, 222, 108, 219, -2, 3, 2.158798930342464, 3.605551275463989
318, 86, 757, 15, 757, 16, 0, -1, -1.5707963267948966, 1.0
318, 87, 657, 445, 657, 443, 0, 2, 1.5707963267948966, 2.0
318, 88, 257, 386, 257, 387, 0, -1, -1.5707963267948966, 1.0
318, 89, 1030, 532, 1028, 535, 2, -3, -0.982793723247329, 3.605551275463989
318, 90, 1249, 131, 1250, 135, -1, -4, -1.8157749899217608, 4.123105625617661
318, 91, 937, 98, 937, 99, 0, -1, -1.5707963267948966, 1.0
318, 92, 639, 100, 638, 98, 1, 2, 1.1071487177940904, 2.23606797749979
318, 93, 715, 60, 715, 65, 0, -5, -1.5707963267948966, 5.0
318, 94, 726, 512, 729, 514, -3, -2, -2.5535900500422257, 3.605551275463989
318, 95, 1117, 79, 1119, 81, -2, -2, -2.356194490192345, 2.8284271247461903
318, 96, 649, 13, 650, 13, -1, 0, 3.141592653589793, 1.0
318, 97, 27, 505, 25, 503, 2, 2, 0.7853981633974483, 2.8284271247461903
318, 98, 714, 498, 717, 503, -3, -5, -2.1112158270654806, 5.830951894845301
318, 99, 771, 42, 771, 43, 0, -1, -1.5707963267948966, 1.0
318, 100, 24, 89, 26, 89, -2, 0, 3.141592653589793, 2.0
318, 101, 1180, 19, 1184, 22, -4, -3, -2.498091544796509, 5.0
318, 102, 984, 663, 988, 665, -4, -2, -2.677945044588987, 4.47213595499958
318, 103, 21, 451, 19, 451, 2, 0, 0.0, 2.0
318, 104, 1190, 67, 1193, 68, -3, -1, -2.819842099193151, 3.1622776601683795
318, 105, 1128, 30, 1133, 31, -5, -1, -2.9441970937399127, 5.0990195135927845
318, 106, 497, 107, 495, 112, 2, -5, -1.1902899496825317, 5.385164807134504
318, 107, 242, 306, 242, 307, 0, -1, -1.5707963267948966, 1.0
318, 108, 1045, 536, 1045, 540, 0, -4, -1.5707963267948966, 4.0
318, 109, 1255, 94, 1258, 97, -3, -3, -2.356194490192345, 4.242640687119285
318, 110, 749, 483, 752, 485, -3, -2, -2.5535900500422257, 3.605551275463989
318, 111, 1230, 160, 1232, 160, -2, 0, 3.141592653589793, 2.0
318, 112, 639, 10, 640, 10, -1, 0, 3.141592653589793, 1.0
318, 113, 1089, 108, 1089, 108, 0, 0, 0.0, 0.0
318, 114, 137, 206, 139, 203, -2, 3, 2.158798930342464, 3.605551275463989
318, 115, 765, 12, 765, 13, 0, -1, -1.5707963267948966, 1.0
318, 116, 318, 387, 318, 388, 0, -1, -1.5707963267948966, 1.0
318, 117, 653, 433, 653, 431, 0, 2, 1.5707963267948966, 2.0
318, 118, 39, 165, 40, 165, -1, 0, 3.141592653589793, 1.0
318, 119, 817, 13, 817, 14, 0, -1, -1.5707963267948966, 1.0
318, 120, 1223, 486, 1224, 485, -1, 1, 2.356194490192345, 1.4142135623730951
318, 121, 925, 92, 925, 93, 0, -1, -1.5707963267948966, 1.0
318, 122, 105, 239, 108, 237, -3, 2, 2.5535900500422257, 3.605551275463989
318, 123, 127, 247, 127, 247, 0, 0, 0.0, 0.0
318, 124, 1034, 571, 1035, 574, -1, -3, -1.892546881191539, 3.1622776601683795
318, 125, 1106, 79, 1107, 83, -1, -4, -1.8157749899217608, 4.123105625617661
318, 126, 1117, 65, 1117, 66, 0, -1, -1.5707963267948966, 1.0
318, 127, 28, 124, 30, 123, -2, 1, 2.677945044588987, 2.23606797749979
318, 128, 1247, 41, 1250, 45, -3, -4, -2.214297435588181, 5.0
318, 129, 956, 627, 956, 631, 0, -4, -1.5707963267948966, 4.0
318, 130, 1232, 429, 1230, 427, 2, 2, 0.7853981633974483, 2.8284271247461903
318, 131, 705, 136, 705, 138, 0, -2, -1.5707963267948966, 2.0
318, 132, 1037, 484, 1035, 489, 2, -5, -1.1902899496825317, 5.385164807134504
318, 133, 713, 12, 714, 17, -1, -5, -1.7681918866447774, 5.0990195135927845
318, 134, 873, 48, 872, 51, 1, -3, -1.2490457723982544, 3.1622776601683795
318, 135, 258, 325, 258, 326, 0, -1, -1.5707963267948966, 1.0
318, 136, 1068, 450, 1067, 455, 1, -5, -1.373400766945016, 5.0990195135927845
318, 137, 520, 110, 518, 114, 2, -4, -1.1071487177940904, 4.47213595499958
318, 138, 266, 343, 266, 344, 0, -1, -1.5707963267948966, 1.0
318, 139, 652, 399, 653, 395, -1, 4, 1.8157749899217608, 4.123105625617661
318, 140, 16, 432, 13, 430, 3, 2, 0.5880026035475675, 3.605551275463989
318, 141, 52, 156, 53, 156, -1, 0, 3.141592653589793, 1.0
318, 142, 1238, 161, 1240, 162, -2, -1, -2.677945044588987, 2.23606797749979
318, 143, 650, 178, 650, 178, 0, 0, 0.0, 0.0
318, 144, 503, 186, 502, 188, 1, -2, -1.1071487177940904, 2.23606797749979
318, 145, 1199, 42, 1203, 44, -4, -2, -2.677945044588987, 4.47213595499958
318, 146, 50, 535, 50, 536, 0, -1, -1.5707963267948966, 1.0
318, 147, 877, 60, 877, 63, 0, -3, -1.5707963267948966, 3.0
318, 148, 104, 192, 105, 188, -1, 4, 1.8157749899217608, 4.123105625617661
318, 149, 1261, 410, 1266, 408, -5, 2, 2.761086276477428, 5.385164807134504
318, 150, 82, 545, 77, 542, 5, 3, 0.5404195002705842, 5.830951894845301
318, 151, 539, 369, 539, 372, 0, -3, -1.5707963267948966, 3.0
318, 152, 1227, 446, 1225, 443, 2, 3, 0.982793723247329, 3.605551275463989
318, 153, 16, 291, 16, 288, 0, 3, 1.5707963267948966, 3.0
318, 154, 631, 435, 631, 431, 0, 4, 1.5707963267948966, 4.0
319, 0, 260, 337, 260, 338, 0, -1, -1.5707963267948966, 1.0
319, 1, 280, 335, 280, 336, 0, -1, -1.5707963267948966, 1.0
319, 2, 130, 211, 131, 211, -1, 0, 3.141592653589793, 1.0
319, 3, 1070, 462, 1069, 466, 1, -4, -1.3258176636680326, 4.123105625617661
319, 4, 1052, 459, 1051, 463, 1, -4, -1.3258176636680326, 4.123105625617661
319, 5, 869, 40, 869, 42, 0, -2, -1.5707963267948966, 2.0
319, 6, 1001, 633, 1002, 638, -1, -5, -1.7681918866447774, 5.0990195135927845
319, 7, 249, 329, 249, 330, 0, -1, -1.5707963267948966, 1.0
319, 8, 1261, 451, 1261, 448, 0, 3, 1.5707963267948966, 3.0
319, 9, 849, 71, 848, 73, 1, -2, -1.1071487177940904, 2.23606797749979
319, 10, 710, 71, 710, 75, 0, -4, -1.5707963267948966, 4.0
319, 11, 877, 679, 875, 677, 2, 2, 0.7853981633974483, 2.8284271247461903
319, 12, 253, 338, 253, 339, 0, -1, -1.5707963267948966, 1.0
319, 13, 703, 516, 705, 518, -2, -2, -2.356194490192345, 2.8284271247461903
319, 14, 259, 377, 259, 378, 0, -1, -1.5707963267948966, 1.0
319, 15, 491, 141, 490, 142, 1, -1, -0.7853981633974483, 1.4142135623730951
319, 16, 1076, 511, 1076, 515, 0, -4, -1.5707963267948966, 4.0
319, 17, 740, 502, 744, 506, -4, -4, -2.356194490192345, 5.656854249492381
319, 18, 721, 494, 724, 498, -3, -4, -2.214297435588181, 5.0
319, 19, 49, 148, 50, 148, -1, 0, 3.141592653589793, 1.0
319, 20, 545, 356, 545, 359, 0, -3, -1.5707963267948966, 3.0
319, 21, 866, 31, 866, 33, 0, -2, -1.5707963267948966, 2.0
319, 22, 979, 596, 979, 600, 0, -4, -1.5707963267948966, 4.0
319, 23, 745, 497, 749, 501, -4, -4, -2.356194490192345, 5.656854249492381
319, 24, 502, 99, 502, 101, 0, -2, -1.5707963267948966, 2.0
319, 25, 975, 601, 975, 605, 0, -4, -1.5707963267948966, 4.0
319, 26, 281, 319, 281, 320, 0, -1, -1.5707963267948966, 1.0
319, 27, 31, 448, 29, 447, 2, 1, 0.4636476090008061, 2.23606797749979
319, 28, 601, 10, 598, 10, 3, 0, 0.0, 3.0
319, 29, 1078, 83, 1081, 82, -3, 1, 2.819842099193151, 3.1622776601683795
319, 30, 514, 100, 514, 103, 0, -3, -1.5707963267948966, 3.0
319, 31, 1114, 41, 1118, 43, -4, -2, -2.677945044588987, 4.47213595499958
319, 32, 895, 701, 896, 701, -1, 0, 3.141592653589793, 1.0
319, 33, 767, 33, 767, 34, 0, -1, -1.5707963267948966, 1.0
319, 34, 307, 323, 307, 324, 0, -1, -1.5707963267948966, 1.0
319, 35, 241, 319, 241, 320, 0, -1, -1.5707963267948966, 1.0
319, 36, 860, 39, 860, 41, 0, -2, -1.5707963267948966, 2.0
319, 37, 1174, 11, 1176, 13, -2, -2, -2.356194490192345, 2.8284271247461903
319, 38, 1104, 40, 1108, 42, -4, -2, -2.677945044588987, 4.47213595499958
319, 39, 494, 162, 493, 165, 1, -3, -1.2490457723982544, 3.1622776601683795
319, 40, 113, 165, 114, 164, -1, 1, 2.356194490192345, 1.4142135623730951
319, 41, 1124, 76, 1127, 77, -3, -1, -2.819842099193151, 3.1622776601683795
319, 42, 625, 456, 626, 455, -1, 1, 2.356194490192345, 1.4142135623730951
319, 43, 16, 319, 16, 320, 0, -1, -1.5707963267948966, 1.0
319, 44, 747, 37, 747, 38, 0, -1, -1.5707963267948966, 1.0
319, 45, 528, 404, 528, 409, 0, -5, -1.5707963267948966, 5.0
319, 46, 44, 118, 46, 118, -2, 0, 3.141592653589793, 2.0
319, 47, 508, 91, 508, 94, 0, -3, -1.5707963267948966, 3.0
319, 48, 1215, 12, 1218, 14, -3, -2, -2.5535900500422257, 3.605551275463989
319, 49, 509, 358, 509, 363, 0, -5, -1.5707963267948966, 5.0
319, 50, 962, 629, 962, 634, 0, -5, -1.5707963267948966, 5.0
319, 51, 520, 295, 521, 300, -1, -5, -1.7681918866447774, 5.0990195135927845
319, 52, 1101, 31, 1105, 34, -4, -3, -2.498091544796509, 5.0
319, 53, 643, 95, 643, 94, 0, 1, 1.5707963267948966, 1.0
319, 54, 859, 701, 858, 701, 1, 0, 0.0, 1.0
319, 55, 1000, 601, 1000, 606, 0, -5, -1.5707963267948966, 5.0
319, 56, 510, 181, 510, 183, 0, -2, -1.5707963267948966, 2.0
319, 57, 247, 401, 247, 402, 0, -1, -1.5707963267948966, 1.0
319, 58, 1078, 104, 1080, 104, -2, 0, 3.141592653589793, 2.0
319, 59, 684, 101, 684, 100, 0, 1, 1.5707963267948966, 1.0
319, 60, 1073, 487, 1072, 492, 1, -5, -1.373400766945016, 5.0990195135927845
319, 61, 286, 374, 286, 375, 0, -1, -1.5707963267948966, 1.0
319, 62, 18, 445, 15, 443, 3, 2, 0.5880026035475675, 3.605551275463989
319, 63, 712, 125, 712, 127, 0, -2, -1.5707963267948966, 2.0
319, 64, 22, 115, 24, 115, -2, 0, 3.141592653589793, 2.0
319, 65, 26, 286, 26, 285, 0, 1, 1.5707963267948966, 1.0
319, 66, 1094, 38, 1098, 41, -4, -3, -2.498091544796509, 5.0
319, 67, 228, 315, 228, 316, 0, -1, -1.5707963267948966, 1.0
319, 68, 597, 19, 594, 19, 3, 0, 0.0, 3.0
319, 69, 893, 688, 894, 684, -1, 4, 1.8157749899217608, 4.123105625617661
319, 70, 1261, 463, 1261, 461, 0, 2, 1.5707963267948966, 2.0
319, 71, 25, 299, 25, 299, 0, 0, 0.0, 0.0
319, 72, 1008, 630, 1009, 635, -1, -5, -1.7681918866447774, 5.0990195135927845
319, 73, 640, 391, 641, 387, -1, 4, 1.8157749899217608, 4.123105625617661
319, 74, 510, 319, 511, 324, -1, -5, -1.7681918866447774, 5.0990195135927845
319, 75, 1128, 58, 1132, 59, -4, -1, -2.896613990462929, 4.123105625617661
319, 76, 853, 113, 854, 115, -1, -2, -2.0344439357957027, 2.23606797749979
319, 77, 33, 440, 30, 438, 3, 2, 0.5880026035475675, 3.605551275463989
319, 78, 271, 335, 271, 336, 0, -1, -1.5707963267948966, 1.0
319, 79, 595, 69, 595, 70, 0, -1, -1.5707963267948966, 1.0
319, 80, 1249, 517, 1249, 517, 0, 0, 0.0, 0.0
319, 81, 486, 153, 484, 156, 2, -3, -0.982793723247329, 3.605551275463989
319, 82, 331, 403, 331, 404, 0, -1, -1.5707963267948966, 1.0
319, 83, 104, 222, 106, 222, -2, 0, 3.141592653589793, 2.0
319, 84, 757, 14, 757, 15, 0, -1, -1.5707963267948966, 1.0
319, 85, 657, 448, 657, 445, 0, 3, 1.5707963267948966, 3.0
319, 86, 257, 385, 257, 386, 0, -1, -1.5707963267948966, 1.0
319, 87, 1031, 528, 1030, 532, 1, -4, -1.3258176636680326, 4.123105625617661
319, 88, 1248, 129, 1249, 131, -1, -2, -2.0344439357957027, 2.23606797749979
319, 89, 937, 97, 937, 98, 0, -1, -1.5707963267948966, 1.0
319, 90, 639, 101, 639, 100, 0, 1, 1.5707963267948966, 1.0
319, 91, 715, 57, 715, 60, 0, -3, -1.5707963267948966, 3.0
319, 92, 723, 510, 726, 512, -3, -2, -2.5535900500422257, 3.605551275463989
319, 93, 1114, 77, 1117, 79, -3, -2, -2.5535900500422257, 3.605551275463989
319, 94, 649, 13, 649, 13, 0, 0, 0.0, 0.0
319, 95, 28, 507, 27, 505, 1, 2, 1.1071487177940904, 2.23606797749979
319, 96, 711, 494, 714, 498, -3, -4, -2.214297435588181, 5.0
319, 97, 771, 41, 771, 42, 0, -1, -1.5707963267948966, 1.0
319, 98, 23, 89, 24, 89, -1, 0, 3.141592653589793, 1.0
319, 99, 1178, 17, 1180, 19, -2, -2, -2.356194490192345, 2.8284271247461903
319, 100, 981, 660, 984, 663, -3, -3, -2.356194490192345, 4.242640687119285
319, 101, 24, 452, 21, 451, 3, 1, 0.3217505543966422, 3.1622776601683795
319, 102, 1188, 67, 1190, 67, -2, 0, 3.141592653589793, 2.0
319, 103, 1124, 28, 1128, 30, -4, -2, -2.677945044588987, 4.47213595499958
319, 104, 497, 105, 497, 107, 0, -2, -1.5707963267948966, 2.0
319, 105, 242, 305, 242, 306, 0, -1, -1.5707963267948966, 1.0
319, 106, 1045, 534, 1045, 536, 0, -2, -1.5707963267948966, 2.0
319, 107, 1252, 90, 1255, 94, -3, -4, -2.214297435588181, 5.0
319, 108, 745, 479, 749, 483, -4, -4, -2.356194490192345, 5.656854249492381
319, 109, 1228, 159, 1230, 160, -2, -1, -2.677945044588987, 2.23606797749979
319, 110, 639, 10, 639, 10, 0, 0, 0.0, 0.0
319, 111, 1087, 107, 1089, 108, -2, -1, -2.677945044588987, 2.23606797749979
319, 112, 136, 207, 137, 206, -1, 1, 2.356194490192345, 1.4142135623730951
319, 113, 765, 11, 765, 12, 0, -1, -1.5707963267948966, 1.0
319, 114, 318, 386, 318, 387, 0, -1, -1.5707963267948966, 1.0
319, 115, 653, 436, 653, 433, 0, 3, 1.5707963267948966, 3.0
319, 116, 817, 12, 817, 13, 0, -1, -1.5707963267948966, 1.0
319, 117, 1224, 489, 1223, 486, 1, 3, 1.2490457723982544, 3.1622776601683795
319, 118, 925, 91, 925, 92, 0, -1, -1.5707963267948966, 1.0
319, 119, 103, 239, 105, 239, -2, 0, 3.141592653589793, 2.0
319, 120, 127, 246, 127, 247, 0, -1, -1.5707963267948966, 1.0
319, 121, 1104, 77, 1106, 79, -2, -2, -2.356194490192345, 2.8284271247461903
319, 122, 1113, 64, 1117, 65, -4, -1, -2.896613990462929, 4.123105625617661
319, 123, 26, 124, 28, 124, -2, 0, 3.141592653589793, 2.0
319, 124, 1245, 38, 1247, 41, -2, -3, -2.158798930342464, 3.605551275463989
319, 125, 956, 622, 956, 627, 0, -5, -1.5707963267948966, 5.0
319, 126, 1234, 432, 1232, 429, 2, 3, 0.982793723247329, 3.605551275463989
319, 127, 705, 135, 705, 136, 0, -1, -1.5707963267948966, 1.0
319, 128, 1038, 480, 1037, 484, 1, -4, -1.3258176636680326, 4.123105625617661
319, 129, 713, 9, 713, 12, 0, -3, -1.5707963267948966, 3.0
319, 130, 873, 46, 873, 48, 0, -2, -1.5707963267948966, 2.0
319, 131, 258, 324, 258, 325, 0, -1, -1.5707963267948966, 1.0
319, 132, 1069, 445, 1068, 450, 1, -5, -1.373400766945016, 5.0990195135927845
319, 133, 520, 107, 520, 110, 0, -3, -1.5707963267948966, 3.0
319, 134, 266, 342, 266, 343, 0, -1, -1.5707963267948966, 1.0
319, 135, 651, 402, 652, 399, -1, 3, 1.892546881191539, 3.1622776601683795
319, 136, 20, 435, 16, 432, 4, 3, 0.6435011087932844, 5.0
319, 137, 650, 179, 650, 178, 0, 1, 1.5707963267948966, 1.0
319, 138, 503, 184, 503, 186, 0, -2, -1.5707963267948966, 2.0
319, 139, 1196, 39, 1199, 42, -3, -3, -2.356194490192345, 4.242640687119285
319, 140, 50, 534, 50, 535, 0, -1, -1.5707963267948966, 1.0
319, 141, 877, 58, 877, 60, 0, -2, -1.5707963267948966, 2.0
319, 142, 103, 193, 104, 192, -1, 1, 2.356194490192345, 1.4142135623730951
319, 143, 1261, 413, 1261, 410, 0, 3, 1.5707963267948966, 3.0
319, 144, 83, 549, 82, 545, 1, 4, 1.3258176636680326, 4.123105625617661
319, 145, 539, 364, 539, 369, 0, -5, -1.5707963267948966, 5.0
319, 146, 1229, 448, 1227, 446, 2, 2, 0.7853981633974483, 2.8284271247461903
319, 147, 16, 292, 16, 291, 0, 1, 1.5707963267948966, 1.0
319, 148, 630, 438, 631, 435, -1, 3, 1.892546881191539, 3.1622776601683795
320, 0, 266, 334, 266, 335, 0, -1, -1.5707963267948966, 1.0
320, 1, 1053, 455, 1052, 459, 1, -4, -1.3258176636680326, 4.123105625617661
320, 2, 280, 335, 280, 336, 0, -1, -1.5707963267948966, 1.0
320, 3, 258, 355, 258, 356, 0, -1, -1.5707963267948966, 1.0
320, 4, 1071, 460, 1070, 464, 1, -4, -1.3258176636680326, 4.123105625617661
320, 5, 870, 40, 869, 43, 1, -3, -1.2490457723982544, 3.1622776601683795
320, 6, 130, 211, 131, 211, -1, 0, 3.141592653589793, 1.0
320, 7, 259, 377, 259, 378, 0, -1, -1.5707963267948966, 1.0
320, 8, 1002, 629, 1003, 635, -1, -6, -1.7359450042095235, 6.082762530298219
320, 9, 711, 71, 711, 74, 0, -3, -1.5707963267948966, 3.0
320, 10, 282, 319, 282, 320, 0, -1, -1.5707963267948966, 1.0
320, 11, 700, 510, 702, 512, -2, -2, -2.356194490192345, 2.8284271247461903
320, 12, 739, 500, 743, 504, -4, -4, -2.356194490192345, 5.656854249492381
320, 13, 249, 329, 249, 330, 0, -1, -1.5707963267948966, 1.0
320, 14, 866, 31, 866, 34, 0, -3, -1.5707963267948966, 3.0
320, 15, 591, 69, 591, 70, 0, -1, -1.5707963267948966, 1.0
320, 16, 502, 100, 502, 102, 0, -2, -1.5707963267948966, 2.0
320, 17, 46, 117, 48, 117, -2, 0, 3.141592653589793, 2.0
320, 18, 1113, 78, 1116, 79, -3, -1, -2.819842099193151, 3.1622776601683795
320, 19, 500, 167, 498, 170, 2, -3, -0.982793723247329, 3.605551275463989
320, 20, 545, 355, 545, 357, 0, -2, -1.5707963267948966, 2.0
320, 21, 253, 339, 253, 340, 0, -1, -1.5707963267948966, 1.0
320, 22, 850, 72, 849, 75, 1, -3, -1.2490457723982544, 3.1622776601683795
320, 23, 500, 145, 499, 147, 1, -2, -1.1071487177940904, 2.23606797749979
320, 24, 26, 286, 26, 285, 0, 1, 1.5707963267948966, 1.0
320, 25, 307, 324, 307, 325, 0, -1, -1.5707963267948966, 1.0
320, 26, 488, 153, 486, 156, 2, -3, -0.982793723247329, 3.605551275463989
320, 27, 602, 10, 599, 10, 3, 0, 0.0, 3.0
320, 28, 719, 493, 722, 497, -3, -4, -2.214297435588181, 5.0
320, 29, 851, 60, 850, 62, 1, -2, -1.1071487177940904, 2.23606797749979
320, 30, 976, 596, 976, 600, 0, -4, -1.5707963267948966, 4.0
320, 31, 959, 624, 959, 629, 0, -5, -1.5707963267948966, 5.0
320, 32, 1100, 31, 1104, 33, -4, -2, -2.677945044588987, 4.47213595499958
320, 33, 1077, 511, 1078, 516, -1, -5, -1.7681918866447774, 5.0990195135927845
320, 34, 241, 320, 241, 321, 0, -1, -1.5707963267948966, 1.0
320, 35, 334, 346, 334, 347, 0, -1, -1.5707963267948966, 1.0
320, 36, 859, 701, 857, 716, 2, -15, -1.4382447944982226, 15.132745950421556
320, 37, 767, 34, 767, 35, 0, -1, -1.5707963267948966, 1.0
320, 38, 744, 495, 748, 499, -4, -4, -2.356194490192345, 5.656854249492381
320, 39, 38, 455, 35, 453, 3, 2, 0.5880026035475675, 3.605551275463989
320, 40, 514, 100, 514, 103, 0, -3, -1.5707963267948966, 3.0
320, 41, 1066, 508, 1066, 512, 0, -4, -1.5707963267948966, 4.0
320, 42, 875, 690, 874, 687, 1, 3, 1.2490457723982544, 3.1622776601683795
320, 43, 599, 54, 598, 55, 1, -1, -0.7853981633974483, 1.4142135623730951
320, 44, 17, 319, 17, 320, 0, -1, -1.5707963267948966, 1.0
320, 45, 861, 39, 860, 42, 1, -3, -1.2490457723982544, 3.1622776601683795
320, 46, 1102, 39, 1106, 41, -4, -2, -2.677945044588987, 4.47213595499958
320, 47, 747, 37, 747, 38, 0, -1, -1.5707963267948966, 1.0
320, 48, 1114, 39, 1118, 41, -4, -2, -2.677945044588987, 4.47213595499958
320, 49, 1217, 12, 1220, 14, -3, -2, -2.5535900500422257, 3.605551275463989
320, 50, 625, 453, 626, 452, -1, 1, 2.356194490192345, 1.4142135623730951
320, 51, 660, 453, 660, 450, 0, 3, 1.5707963267948966, 3.0
320, 52, 520, 295, 521, 301, -1, -6, -1.7359450042095235, 6.082762530298219
320, 53, 738, 559, 739, 562, -1, -3, -1.892546881191539, 3.1622776601683795
320, 54, 50, 149, 51, 149, -1, 0, 3.141592653589793, 1.0
320, 55, 113, 164, 114, 164, -1, 0, 3.141592653589793, 1.0
320, 56, 981, 592, 982, 596, -1, -4, -1.8157749899217608, 4.123105625617661
320, 57, 655, 43, 655, 43, 0, 0, 0.0, 0.0
320, 58, 1174, 11, 1176, 13, -2, -2, -2.356194490192345, 2.8284271247461903
320, 59, 509, 92, 509, 94, 0, -2, -1.5707963267948966, 2.0
320, 60, 1009, 627, 1010, 633, -1, -6, -1.7359450042095235, 6.082762530298219
320, 61, 999, 599, 1000, 604, -1, -5, -1.7681918866447774, 5.0990195135927845
320, 62, 643, 95, 643, 94, 0, 1, 1.5707963267948966, 1.0
320, 63, 639, 101, 639, 100, 0, 1, 1.5707963267948966, 1.0
320, 64, 1035, 565, 1035, 567, 0, -2, -1.5707963267948966, 2.0
320, 65, 685, 101, 685, 100, 0, 1, 1.5707963267948966, 1.0
320, 66, 132, 218, 133, 218, -1, 0, 3.141592653589793, 1.0
320, 67, 22, 450, 19, 449, 3, 1, 0.3217505543966422, 3.1622776601683795
320, 68, 534, 402, 533, 408, 1, -6, -1.4056476493802699, 6.082762530298219
320, 69, 1127, 59, 1131, 60, -4, -1, -2.896613990462929, 4.123105625617661
320, 70, 983, 653, 985, 656, -2, -3, -2.158798930342464, 3.605551275463989
320, 71, 247, 402, 247, 403, 0, -1, -1.5707963267948966, 1.0
320, 72, 287, 375, 287, 376, 0, -1, -1.5707963267948966, 1.0
320, 73, 720, 505, 723, 508, -3, -3, -2.356194490192345, 4.242640687119285
320, 74, 507, 357, 508, 362, -1, -5, -1.7681918866447774, 5.0990195135927845
320, 75, 1125, 76, 1128, 77, -3, -1, -2.819842099193151, 3.1622776601683795
320, 76, 491, 141, 490, 142, 1, -1, -0.7853981633974483, 1.4142135623730951
320, 77, 756, 14, 756, 15, 0, -1, -1.5707963267948966, 1.0
320, 78, 640, 10, 640, 10, 0, 0, 0.0, 0.0
320, 79, 228, 316, 228, 317, 0, -1, -1.5707963267948966, 1.0
320, 80, 86, 551, 86, 547, 0, 4, 1.5707963267948966, 4.0
320, 81, 332, 360, 332, 361, 0, -1, -1.5707963267948966, 1.0
320, 82, 23, 114, 25, 115, -2, -1, -2.677945044588987, 2.23606797749979
320, 83, 510, 319, 511, 324, -1, -5, -1.7681918866447774, 5.0990195135927845
320, 84, 765, 12, 765, 13, 0, -1, -1.5707963267948966, 1.0
320, 85, 599, 19, 596, 19, 3, 0, 0.0, 3.0
320, 86, 1078, 102, 1081, 103, -3, -1, -2.819842099193151, 3.1622776601683795
320, 87, 1094, 38, 1098, 40, -4, -2, -2.677945044588987, 4.47213595499958
320, 88, 105, 222, 106, 221, -1, 1, 2.356194490192345, 1.4142135623730951
320, 89, 24, 89, 25, 89, -1, 0, 3.141592653589793, 1.0
320, 90, 938, 99, 938, 100, 0, -1, -1.5707963267948966, 1.0
320, 91, 38, 444, 35, 442, 3, 2, 0.5880026035475675, 3.605551275463989
320, 92, 1151, 74, 1152, 74, -1, 0, 3.141592653589793, 1.0
320, 93, 242, 306, 242, 307, 0, -1, -1.5707963267948966, 1.0
320, 94, 640, 392, 641, 388, -1, 4, 1.8157749899217608, 4.123105625617661
320, 95, 1074, 485, 1073, 491, 1, -6, -1.4056476493802699, 6.082762530298219
320, 96, 817, 12, 817, 13, 0, -1, -1.5707963267948966, 1.0
320, 97, 257, 386, 257, 387, 0, -1, -1.5707963267948966, 1.0
320, 98, 32, 511, 30, 509, 2, 2, 0.7853981633974483, 2.8284271247461903
320, 99, 853, 112, 854, 115, -1, -3, -1.892546881191539, 3.1622776601683795
320, 100, 136, 206, 137, 206, -1, 0, 3.141592653589793, 1.0
320, 101, 709, 127, 709, 129, 0, -2, -1.5707963267948966, 2.0
320, 102, 1205, 54, 1208, 56, -3, -2, -2.5535900500422257, 3.605551275463989
320, 103, 331, 404, 331, 405, 0, -1, -1.5707963267948966, 1.0
320, 104, 103, 191, 104, 190, -1, 1, 2.356194490192345, 1.4142135623730951
320, 105, 1250, 519, 1249, 518, 1, 1, 0.7853981633974483, 1.4142135623730951
320, 106, 127, 246, 127, 247, 0, -1, -1.5707963267948966, 1.0
320, 107, 25, 302, 25, 300, 0, 2, 1.5707963267948966, 2.0
320, 108, 328, 375, 328, 376, 0, -1, -1.5707963267948966, 1.0
320, 109, 40, 164, 40, 165, 0, -1, -1.5707963267948966, 1.0
320, 110, 771, 41, 771, 42, 0, -1, -1.5707963267948966, 1.0
320, 111, 1109, 60, 1113, 61, -4, -1, -2.896613990462929, 4.123105625617661
320, 112, 29, 460, 26, 459, 3, 1, 0.3217505543966422, 3.1622776601683795
320, 113, 1070, 442, 1069, 447, 1, -5, -1.373400766945016, 5.0990195135927845
320, 114, 637, 184, 637, 180, 0, 4, 1.5707963267948966, 4.0
320, 115, 258, 325, 258, 326, 0, -1, -1.5707963267948966, 1.0
320, 116, 1252, 89, 1255, 92, -3, -3, -2.356194490192345, 4.242640687119285
320, 117, 874, 46, 873, 49, 1, -3, -1.2490457723982544, 3.1622776601683795
320, 118, 973, 701, 973, 717, 0, -16, -1.5707963267948966, 16.0
320, 119, 1124, 29, 1128, 30, -4, -1, -2.896613990462929, 4.123105625617661
320, 120, 710, 492, 713, 497, -3, -5, -2.1112158270654806, 5.830951894845301
320, 121, 896, 698, 897, 694, -1, 4, 1.8157749899217608, 4.123105625617661
320, 122, 715, 57, 715, 60, 0, -3, -1.5707963267948966, 3.0
320, 123, 878, 57, 877, 61, 1, -4, -1.3258176636680326, 4.123105625617661
320, 124, 713, 10, 714, 13, -1, -3, -1.892546881191539, 3.1622776601683795
320, 125, 992, 701, 993, 717, -1, -16, -1.633215136790854, 16.0312195418814
320, 126, 1233, 457, 1233, 457, 0, 0, 0.0, 0.0
320, 127, 949, 28, 951, 30, -2, -2, -2.356194490192345, 2.8284271247461903
320, 128, 1179, 17, 1181, 19, -2, -2, -2.356194490192345, 2.8284271247461903
320, 129, 670, 108, 670, 108, 0, 0, 0.0, 0.0
320, 130, 26, 124, 28, 124, -2, 0, 3.141592653589793, 2.0
320, 131, 647, 10, 647, 10, 0, 0, 0.0, 0.0
320, 132, 24, 438, 20, 436, 4, 2, 0.4636476090008061, 4.47213595499958
320, 133, 318, 387, 318, 388, 0, -1, -1.5707963267948966, 1.0
320, 134, 631, 439, 631, 436, 0, 3, 1.5707963267948966, 3.0
320, 135, 937, 14, 938, 14, -1, 0, 3.141592653589793, 1.0
320, 136, 1034, 526, 1032, 529, 2, -3, -0.982793723247329, 3.605551275463989
320, 137, 103, 238, 105, 238, -2, 0, 3.141592653589793, 2.0
320, 138, 744, 547, 744, 549, 0, -2, -1.5707963267948966, 2.0
320, 139, 653, 439, 653, 436, 0, 3, 1.5707963267948966, 3.0
320, 140, 1046, 536, 1047, 538, -1, -2, -2.0344439357957027, 2.23606797749979
320, 141, 509, 180, 509, 182, 0, -2, -1.5707963267948966, 2.0
320, 142, 292, 350, 292, 351, 0, -1, -1.5707963267948966, 1.0
320, 143, 651, 100, 651, 99, 0, 1, 1.5707963267948966, 1.0
320, 144, 1261, 466, 1272, 464, -11, 2, 2.961739153797315, 11.180339887498949
320, 145, 1188, 70, 1190, 70, -2, 0, 3.141592653589793, 2.0
320, 146, 333, 339, 333, 340, 0, -1, -1.5707963267948966, 1.0
320, 147, 944, 56, 945, 55, -1, 1, 2.356194490192345, 1.4142135623730951
320, 148, 709, 437, 714, 441, -5, -4, -2.4668517113662407, 6.4031242374328485
320, 149, 1235, 435, 1233, 432, 2, 3, 0.982793723247329, 3.605551275463989
320, 150, 82, 545, 82, 541, 0, 4, 1.5707963267948966, 4.0
320, 151, 1149, 46, 1152, 49, -3, -3, -2.356194490192345, 4.242640687119285
320, 152, 741, 474, 746, 478, -5, -4, -2.4668517113662407, 6.4031242374328485
320, 153, 528, 130, 528, 136, 0, -6, -1.5707963267948966, 6.0
320, 154, 975, 690, 978, 695, -3, -5, -2.1112158270654806, 5.830951894845301
320, 155, 267, 342, 267, 343, 0, -1, -1.5707963267948966, 1.0
320, 156, 646, 40, 646, 40, 0, 0, 0.0, 0.0
320, 157, 497, 107, 497, 109, 0, -2, -1.5707963267948966, 2.0
320, 158, 825, 42, 825, 43, 0, -1, -1.5707963267948966, 1.0
320, 159, 50, 535, 50, 536, 0, -1, -1.5707963267948966, 1.0
320, 160, 652, 404, 653, 400, -1, 4, 1.8157749899217608, 4.123105625617661
320, 161, 1231, 450, 1229, 448, 2, 2, 0.7853981633974483, 2.8284271247461903
321, 0, 266, 333, 266, 334, 0, -1, -1.5707963267948966, 1.0
321, 1, 1053, 450, 1053, 455, 0, -5, -1.5707963267948966, 5.0
321, 2, 280, 334, 280, 335, 0, -1, -1.5707963267948966, 1.0
321, 3, 258, 354, 258, 355, 0, -1, -1.5707963267948966, 1.0
321, 4, 1071, 455, 1071, 460, 0, -5, -1.5707963267948966, 5.0
321, 5, 871, 36, 870, 40, 1, -4, -1.3258176636680326, 4.123105625617661
321, 6, 129, 211, 130, 211, -1, 0, 3.141592653589793, 1.0
321, 7, 259, 376, 259, 377, 0, -1, -1.5707963267948966, 1.0
321, 8, 1001, 624, 1002, 629, -1, -5, -1.7681918866447774, 5.0990195135927845
321, 9, 711, 69, 711, 71, 0, -2, -1.5707963267948966, 2.0
321, 10, 282, 318, 282, 319, 0, -1, -1.5707963267948966, 1.0
321, 11, 699, 508, 700, 510, -1, -2, -2.0344439357957027, 2.23606797749979
321, 12, 735, 496, 739, 500, -4, -4, -2.356194490192345, 5.656854249492381
321, 13, 249, 328, 249, 329, 0, -1, -1.5707963267948966, 1.0
321, 14, 866, 27, 866, 31, 0, -4, -1.5707963267948966, 4.0
321, 15, 591, 68, 591, 69, 0, -1, -1.5707963267948966, 1.0
321, 16, 502, 98, 502, 100, 0, -2, -1.5707963267948966, 2.0
321, 17, 45, 117, 46, 117, -1, 0, 3.141592653589793, 1.0
321, 18, 1109, 77, 1113, 78, -4, -1, -2.896613990462929, 4.123105625617661
321, 19, 502, 164, 500, 167, 2, -3, -0.982793723247329, 3.605551275463989
321, 20, 545, 354, 545, 355, 0, -1, -1.5707963267948966, 1.0
321, 21, 253, 338, 253, 339, 0, -1, -1.5707963267948966, 1.0
321, 22, 851, 70, 850, 72, 1, -2, -1.1071487177940904, 2.23606797749979
321, 23, 501, 143, 500, 145, 1, -2, -1.1071487177940904, 2.23606797749979
321, 24, 26, 287, 26, 286, 0, 1, 1.5707963267948966, 1.0
321, 25, 307, 323, 307, 324, 0, -1, -1.5707963267948966, 1.0
321, 26, 491, 150, 488, 153, 3, -3, -0.7853981633974483, 4.242640687119285
321, 27, 605, 10, 602, 10, 3, 0, 0.0, 3.0
321, 28, 716, 489, 719, 493, -3, -4, -2.214297435588181, 5.0
321, 29, 851, 58, 851, 60, 0, -2, -1.5707963267948966, 2.0
321, 30, 976, 592, 976, 596, 0, -4, -1.5707963267948966, 4.0
321, 31, 959, 619, 959, 624, 0, -5, -1.5707963267948966, 5.0
321, 32, 1095, 29, 1100, 31, -5, -2, -2.761086276477428, 5.385164807134504
321, 33, 1076, 508, 1077, 511, -1, -3, -1.892546881191539, 3.1622776601683795
321, 34, 241, 319, 241, 320, 0, -1, -1.5707963267948966, 1.0
321, 35, 334, 345, 334, 346, 0, -1, -1.5707963267948966, 1.0
321, 36, 860, 701, 859, 701, 1, 0, 0.0, 1.0
321, 37, 767, 33, 767, 34, 0, -1, -1.5707963267948966, 1.0
321, 38, 739, 491, 744, 495, -5, -4, -2.4668517113662407, 6.4031242374328485
321, 39, 41, 456, 38, 455, 3, 1, 0.3217505543966422, 3.1622776601683795
321, 40, 514, 98, 514, 100, 0, -2, -1.5707963267948966, 2.0
321, 41, 1066, 505, 1066, 508, 0, -3, -1.5707963267948966, 3.0
321, 42, 876, 693, 875, 690, 1, 3, 1.2490457723982544, 3.1622776601683795
321, 43, 600, 53, 599, 54, 1, -1, -0.7853981633974483, 1.4142135623730951
321, 44, 17, 318, 17, 319, 0, -1, -1.5707963267948966, 1.0
321, 45, 861, 35, 861, 39, 0, -4, -1.5707963267948966, 4.0
321, 46, 1098, 37, 1102, 39, -4, -2, -2.677945044588987, 4.47213595499958
321, 47, 747, 36, 747, 37, 0, -1, -1.5707963267948966, 1.0
321, 48, 1110, 37, 1114, 39, -4, -2, -2.677945044588987, 4.47213595499958
321, 49, 1215, 10, 1217, 12, -2, -2, -2.356194490192345, 2.8284271247461903
321, 50, 624, 454, 625, 453, -1, 1, 2.356194490192345, 1.4142135623730951
321, 51, 660, 456, 660, 453, 0, 3, 1.5707963267948966, 3.0
321, 52, 519, 290, 520, 295, -1, -5, -1.7681918866447774, 5.0990195135927845
321, 53, 736, 555, 738, 559, -2, -4, -2.0344439357957027, 4.47213595499958
321, 54, 49, 149, 50, 149, -1, 0, 3.141592653589793, 1.0
321, 55, 112, 164, 113, 164, -1, 0, 3.141592653589793, 1.0
321, 56, 980, 589, 981, 592, -1, -3, -1.892546881191539, 3.1622776601683795
321, 57, 655, 43, 655, 43, 0, 0, 0.0, 0.0
321, 58, 1171, 9, 1174, 11, -3, -2, -2.5535900500422257, 3.605551275463989
321, 59, 509, 90, 509, 92, 0, -2, -1.5707963267948966, 2.0
321, 60, 1008, 621, 1009, 627, -1, -6, -1.7359450042095235, 6.082762530298219
321, 61, 999, 594, 999, 599, 0, -5, -1.5707963267948966, 5.0
321, 62, 643, 96, 643, 95, 0, 1, 1.5707963267948966, 1.0
321, 63, 639, 102, 639, 101, 0, 1, 1.5707963267948966, 1.0
321, 64, 1035, 561, 1035, 565, 0, -4, -1.5707963267948966, 4.0
321, 65, 685, 102, 685, 101, 0, 1, 1.5707963267948966, 1.0
321, 66, 131, 218, 132, 218, -1, 0, 3.141592653589793, 1.0
321, 67, 26, 451, 22, 450, 4, 1, 0.24497866312686414, 4.123105625617661
321, 68, 535, 395, 534, 402, 1, -7, -1.4288992721907328, 7.0710678118654755
321, 69, 1123, 57, 1127, 59, -4, -2, -2.677945044588987, 4.47213595499958
321, 70, 982, 650, 983, 653, -1, -3, -1.892546881191539, 3.1622776601683795
321, 71, 247, 401, 247, 402, 0, -1, -1.5707963267948966, 1.0
321, 72, 287, 374, 287, 375, 0, -1, -1.5707963267948966, 1.0
321, 73, 717, 501, 720, 505, -3, -4, -2.214297435588181, 5.0
321, 74, 506, 352, 507, 357, -1, -5, -1.7681918866447774, 5.0990195135927845
321, 75, 1122, 75, 1125, 76, -3, -1, -2.819842099193151, 3.1622776601683795
321, 76, 493, 140, 491, 141, 2, -1, -0.4636476090008061, 2.23606797749979
321, 77, 640, 10, 640, 10, 0, 0, 0.0, 0.0
321, 78, 228, 315, 228, 316, 0, -1, -1.5707963267948966, 1.0
321, 79, 86, 554, 86, 551, 0, 3, 1.5707963267948966, 3.0
321, 80, 332, 359, 332, 360, 0, -1, -1.5707963267948966, 1.0
321, 81, 510, 314, 510, 319, 0, -5, -1.5707963267948966, 5.0
321, 82, 765, 11, 765, 12, 0, -1, -1.5707963267948966, 1.0
321, 83, 602, 19, 599, 19, 3, 0, 0.0, 3.0
321, 84, 1075, 101, 1078, 102, -3, -1, -2.819842099193151, 3.1622776601683795
321, 85, 1090, 36, 1094, 38, -4, -2, -2.677945044588987, 4.47213595499958
321, 86, 103, 223, 105, 222, -2, 1, 2.677945044588987, 2.23606797749979
321, 87, 23, 89, 24, 89, -1, 0, 3.141592653589793, 1.0
321, 88, 938, 98, 938, 99, 0, -1, -1.5707963267948966, 1.0
321, 89, 42, 446, 38, 444, 4, 2, 0.4636476090008061, 4.47213595499958
321, 90, 1149, 73, 1151, 74, -2, -1, -2.677945044588987, 2.23606797749979
321, 91, 242, 305, 242, 306, 0, -1, -1.5707963267948966, 1.0
321, 92, 639, 396, 640, 392, -1, 4, 1.8157749899217608, 4.123105625617661
321, 93, 1075, 479, 1074, 485, 1, -6, -1.4056476493802699, 6.082762530298219
321, 94, 817, 11, 817, 12, 0, -1, -1.5707963267948966, 1.0
321, 95, 257, 385, 257, 386, 0, -1, -1.5707963267948966, 1.0
321, 96, 34, 513, 32, 511, 2, 2, 0.7853981633974483, 2.8284271247461903
321, 97, 853, 109, 853, 112, 0, -3, -1.5707963267948966, 3.0
321, 98, 135, 206, 136, 206, -1, 0, 3.141592653589793, 1.0
321, 99, 709, 125, 709, 127, 0, -2, -1.5707963267948966, 2.0
321, 100, 1202, 51, 1205, 54, -3, -3, -2.356194490192345, 4.242640687119285
321, 101, 331, 403, 331, 404, 0, -1, -1.5707963267948966, 1.0
321, 102, 102, 192, 103, 191, -1, 1, 2.356194490192345, 1.4142135623730951
321, 103, 1252, 520, 1250, 519, 2, 1, 0.4636476090008061, 2.23606797749979
321, 104, 127, 245, 127, 246, 0, -1, -1.5707963267948966, 1.0
321, 105, 25, 305, 25, 302, 0, 3, 1.5707963267948966, 3.0
321, 106, 328, 374, 328, 375, 0, -1, -1.5707963267948966, 1.0
321, 107, 40, 163, 40, 164, 0, -1, -1.5707963267948966, 1.0
321, 108, 771, 40, 771, 41, 0, -1, -1.5707963267948966, 1.0
321, 109, 1105, 58, 1109, 60, -4, -2, -2.677945044588987, 4.47213595499958
321, 110, 33, 461, 29, 460, 4, 1, 0.24497866312686414, 4.123105625617661
321, 111, 1071, 437, 1070, 442, 1, -5, -1.373400766945016, 5.0990195135927845
321, 112, 637, 188, 637, 184, 0, 4, 1.5707963267948966, 4.0
321, 113, 258, 324, 258, 325, 0, -1, -1.5707963267948966, 1.0
321, 114, 1249, 87, 1252, 89, -3, -2, -2.5535900500422257, 3.605551275463989
321, 115, 874, 42, 874, 46, 0, -4, -1.5707963267948966, 4.0
321, 116, 972, 697, 973, 701, -1, -4, -1.8157749899217608, 4.123105625617661
321, 117, 1120, 27, 1124, 29, -4, -2, -2.677945044588987, 4.47213595499958
321, 118, 707, 487, 710, 492, -3, -5, -2.1112158270654806, 5.830951894845301
321, 119, 896, 701, 896, 698, 0, 3, 1.5707963267948966, 3.0
321, 120, 715, 55, 715, 57, 0, -2, -1.5707963267948966, 2.0
321, 121, 878, 53, 878, 57, 0, -4, -1.5707963267948966, 4.0
321, 122, 991, 695, 992, 701, -1, -6, -1.7359450042095235, 6.082762530298219
321, 123, 1233, 458, 1233, 457, 0, 1, 1.5707963267948966, 1.0
321, 124, 946, 26, 949, 28, -3, -2, -2.5535900500422257, 3.605551275463989
321, 125, 1176, 15, 1179, 17, -3, -2, -2.5535900500422257, 3.605551275463989
321, 126, 670, 108, 670, 108, 0, 0, 0.0, 0.0
321, 127, 24, 124, 26, 124, -2, 0, 3.141592653589793, 2.0
321, 128, 647, 10, 647, 10, 0, 0, 0.0, 0.0
321, 129, 28, 440, 24, 438, 4, 2, 0.4636476090008061, 4.47213595499958
321, 130, 318, 386, 318, 387, 0, -1, -1.5707963267948966, 1.0
321, 131, 630, 442, 631, 439, -1, 3, 1.892546881191539, 3.1622776601683795
321, 132, 937, 14, 937, 14, 0, 0, 0.0, 0.0
321, 133, 1034, 523, 1034, 526, 0, -3, -1.5707963267948966, 3.0
321, 134, 101, 238, 103, 238, -2, 0, 3.141592653589793, 2.0
321, 135, 743, 543, 744, 547, -1, -4, -1.8157749899217608, 4.123105625617661
321, 136, 653, 442, 653, 439, 0, 3, 1.5707963267948966, 3.0
321, 137, 1046, 534, 1046, 536, 0, -2, -1.5707963267948966, 2.0
321, 138, 509, 178, 509, 180, 0, -2, -1.5707963267948966, 2.0
321, 139, 292, 349, 292, 350, 0, -1, -1.5707963267948966, 1.0
321, 140, 651, 101, 651, 100, 0, 1, 1.5707963267948966, 1.0
321, 141, 1261, 470, 1261, 466, 0, 4, 1.5707963267948966, 4.0
321, 142, 333, 338, 333, 339, 0, -1, -1.5707963267948966, 1.0
321, 143, 943, 58, 944, 56, -1, 2, 2.0344439357957027, 2.23606797749979
321, 144, 705, 433, 709, 437, -4, -4, -2.356194490192345, 5.656854249492381
321, 145, 1237, 438, 1235, 435, 2, 3, 0.982793723247329, 3.605551275463989
321, 146, 81, 548, 82, 545, -1, 3, 1.892546881191539, 3.1622776601683795
321, 147, 1147, 43, 1149, 46, -2, -3, -2.158798930342464, 3.605551275463989
321, 148, 737, 470, 741, 474, -4, -4, -2.356194490192345, 5.656854249492381
321, 149, 528, 124, 528, 130, 0, -6, -1.5707963267948966, 6.0
321, 150, 973, 686, 975, 690, -2, -4, -2.0344439357957027, 4.47213595499958
321, 151, 267, 341, 267, 342, 0, -1, -1.5707963267948966, 1.0
321, 152, 646, 40, 646, 40, 0, 0, 0.0, 0.0
321, 153, 497, 105, 497, 107, 0, -2, -1.5707963267948966, 2.0
321, 154, 825, 41, 825, 42, 0, -1, -1.5707963267948966, 1.0
321, 155, 50, 534, 50, 535, 0, -1, -1.5707963267948966, 1.0
321, 156, 651, 408, 652, 404, -1, 4, 1.8157749899217608, 4.123105625617661
321, 157, 1232, 452, 1231, 450, 1, 2, 1.1071487177940904, 2.23606797749979
322, 0, 262, 337, 262, 338, 0, -1, -1.5707963267948966, 1.0
322, 1, 281, 335, 281, 336, 0, -1, -1.5707963267948966, 1.0
322, 2, 1072, 453, 1072, 457, 0, -4, -1.5707963267948966, 4.0
322, 3, 1054, 447, 1054, 452, 0, -5, -1.5707963267948966, 5.0
322, 4, 260, 377, 260, 378, 0, -1, -1.5707963267948966, 1.0
322, 5, 258, 355, 258, 356, 0, -1, -1.5707963267948966, 1.0
322, 6, 872, 36, 871, 40, 1, -4, -1.3258176636680326, 4.123105625617661
322, 7, 249, 329, 249, 330, 0, -1, -1.5707963267948966, 1.0
322, 8, 1002, 622, 1003, 627, -1, -5, -1.7681918866447774, 5.0990195135927845
322, 9, 130, 214, 131, 213, -1, 1, 2.356194490192345, 1.4142135623730951
322, 10, 282, 319, 282, 320, 0, -1, -1.5707963267948966, 1.0
322, 11, 44, 118, 46, 118, -2, 0, 3.141592653589793, 2.0
322, 12, 853, 57, 852, 59, 1, -2, -1.1071487177940904, 2.23606797749979
322, 13, 961, 618, 961, 622, 0, -4, -1.5707963267948966, 4.0
322, 14, 712, 71, 712, 73, 0, -2, -1.5707963267948966, 2.0
322, 15, 491, 151, 489, 154, 2, -3, -0.982793723247329, 3.605551275463989
322, 16, 981, 586, 982, 589, -1, -3, -1.892546881191539, 3.1622776601683795
322, 17, 867, 27, 867, 31, 0, -4, -1.5707963267948966, 4.0
322, 18, 515, 98, 515, 101, 0, -3, -1.5707963267948966, 3.0
322, 19, 1110, 38, 1114, 40, -4, -2, -2.677945044588987, 4.47213595499958
322, 20, 504, 99, 504, 101, 0, -2, -1.5707963267948966, 2.0
322, 21, 254, 338, 254, 339, 0, -1, -1.5707963267948966, 1.0
322, 22, 602, 53, 600, 55, 2, -2, -0.7853981633974483, 2.8284271247461903
322, 23, 1045, 523, 1045, 526, 0, -3, -1.5707963267948966, 3.0
322, 24, 861, 36, 860, 40, 1, -4, -1.3258176636680326, 4.123105625617661
322, 25, 697, 502, 698, 505, -1, -3, -1.892546881191539, 3.1622776601683795
322, 26, 739, 490, 744, 493, -5, -3, -2.601173153319209, 5.830951894845301
322, 27, 43, 458, 40, 456, 3, 2, 0.5880026035475675, 3.605551275463989
322, 28, 625, 455, 626, 453, -1, 2, 2.0344439357957027, 2.23606797749979
322, 29, 307, 324, 307, 325, 0, -1, -1.5707963267948966, 1.0
322, 30, 715, 487, 718, 491, -3, -4, -2.214297435588181, 5.0
322, 31, 992, 701, 993, 708, -1, -7, -1.7126933813990606, 7.0710678118654755
322, 32, 591, 69, 591, 70, 0, -1, -1.5707963267948966, 1.0
322, 33, 747, 37, 747, 38, 0, -1, -1.5707963267948966, 1.0
322, 34, 17, 319, 17, 320, 0, -1, -1.5707963267948966, 1.0
322, 35, 605, 9, 602, 10, 3, -1, -0.3217505543966422, 3.1622776601683795
322, 36, 1096, 30, 1100, 32, -4, -2, -2.677945044588987, 4.47213595499958
322, 37, 735, 495, 739, 499, -4, -4, -2.356194490192345, 5.656854249492381
322, 38, 767, 33, 767, 34, 0, -1, -1.5707963267948966, 1.0
322, 39, 1075, 504, 1076, 506, -1, -2, -2.0344439357957027, 2.23606797749979
322, 40, 1098, 37, 1102, 39, -4, -2, -2.677945044588987, 4.47213595499958
322, 41, 753, 12, 753, 13, 0, -1, -1.5707963267948966, 1.0
322, 42, 1215, 9, 1217, 12, -2, -3, -2.158798930342464, 3.605551275463989
322, 43, 521, 292, 521, 297, 0, -5, -1.5707963267948966, 5.0
322, 44, 248, 401, 248, 402, 0, -1, -1.5707963267948966, 1.0
322, 45, 509, 90, 509, 92, 0, -2, -1.5707963267948966, 2.0
322, 46, 661, 460, 661, 457, 0, 3, 1.5707963267948966, 3.0
322, 47, 1171, 10, 1173, 12, -2, -2, -2.356194490192345, 2.8284271247461903
322, 48, 1001, 591, 1001, 597, 0, -6, -1.5707963267948966, 6.0
322, 49, 876, 699, 875, 695, 1, 4, 1.3258176636680326, 4.123105625617661
322, 50, 29, 287, 28, 286, 1, 1, 0.7853981633974483, 1.4142135623730951
322, 51, 510, 181, 510, 182, 0, -1, -1.5707963267948966, 1.0
322, 52, 113, 165, 114, 165, -1, 0, 3.141592653589793, 1.0
322, 53, 985, 644, 986, 647, -1, -3, -1.892546881191539, 3.1622776601683795
322, 54, 49, 149, 50, 149, -1, 0, 3.141592653589793, 1.0
322, 55, 717, 498, 719, 502, -2, -4, -2.0344439357957027, 4.47213595499958
322, 56, 1082, 80, 1085, 82, -3, -2, -2.5535900500422257, 3.605551275463989
322, 57, 1150, 70, 1152, 71, -2, -1, -2.677945044588987, 2.23606797749979
322, 58, 640, 103, 640, 102, 0, 1, 1.5707963267948966, 1.0
322, 59, 655, 44, 655, 44, 0, 0, 0.0, 0.0
322, 60, 28, 453, 24, 452, 4, 1, 0.24497866312686414, 4.123105625617661
322, 61, 501, 163, 498, 166, 3, -3, -0.7853981633974483, 4.242640687119285
322, 62, 644, 96, 644, 95, 0, 1, 1.5707963267948966, 1.0
322, 63, 685, 104, 685, 102, 0, 2, 1.5707963267948966, 2.0
322, 64, 258, 325, 258, 326, 0, -1, -1.5707963267948966, 1.0
322, 65, 507, 352, 508, 356, -1, -4, -1.8157749899217608, 4.123105625617661
322, 66, 229, 315, 229, 316, 0, -1, -1.5707963267948966, 1.0
322, 67, 1109, 78, 1113, 79, -4, -1, -2.896613990462929, 4.123105625617661
322, 68, 630, 444, 631, 440, -1, 4, 1.8157749899217608, 4.123105625617661
322, 69, 1009, 620, 1010, 626, -1, -6, -1.7359450042095235, 6.082762530298219
322, 70, 1090, 36, 1094, 38, -4, -2, -2.677945044588987, 4.47213595499958
322, 71, 331, 403, 331, 404, 0, -1, -1.5707963267948966, 1.0
322, 72, 21, 114, 23, 115, -2, -1, -2.677945044588987, 2.23606797749979
322, 73, 271, 336, 271, 337, 0, -1, -1.5707963267948966, 1.0
322, 74, 1124, 57, 1128, 59, -4, -2, -2.677945044588987, 4.47213595499958
322, 75, 976, 591, 976, 594, 0, -3, -1.5707963267948966, 3.0
322, 76, 257, 386, 257, 387, 0, -1, -1.5707963267948966, 1.0
322, 77, 640, 11, 640, 11, 0, 0, 0.0, 0.0
322, 78, 707, 66, 707, 68, 0, -2, -1.5707963267948966, 2.0
322, 79, 712, 127, 712, 129, 0, -2, -1.5707963267948966, 2.0
322, 80, 742, 542, 744, 547, -2, -5, -1.9513027039072615, 5.385164807134504
322, 81, 287, 374, 287, 375, 0, -1, -1.5707963267948966, 1.0
322, 82, 103, 223, 105, 222, -2, 1, 2.677945044588987, 2.23606797749979
322, 83, 103, 242, 104, 242, -1, 0, 3.141592653589793, 1.0
322, 84, 971, 701, 972, 707, -1, -6, -1.7359450042095235, 6.082762530298219
322, 85, 602, 18, 599, 19, 3, -1, -0.3217505543966422, 3.1622776601683795
322, 86, 127, 246, 127, 247, 0, -1, -1.5707963267948966, 1.0
322, 87, 765, 12, 765, 13, 0, -1, -1.5707963267948966, 1.0
322, 88, 102, 191, 103, 191, -1, 0, 3.141592653589793, 1.0
322, 89, 651, 16, 651, 16, 0, 0, 0.0, 0.0
322, 90, 527, 121, 527, 127, 0, -6, -1.5707963267948966, 6.0
322, 91, 1079, 494, 1079, 498, 0, -4, -1.5707963267948966, 4.0
322, 92, 243, 305, 243, 306, 0, -1, -1.5707963267948966, 1.0
322, 93, 1177, 17, 1179, 18, -2, -1, -2.677945044588987, 2.23606797749979
322, 94, 511, 314, 511, 319, 0, -5, -1.5707963267948966, 5.0
322, 95, 532, 393, 532, 400, 0, -7, -1.5707963267948966, 7.0
322, 96, 938, 99, 938, 100, 0, -1, -1.5707963267948966, 1.0
322, 97, 136, 209, 137, 208, -1, 1, 2.356194490192345, 1.4142135623730951
322, 98, 854, 109, 854, 113, 0, -4, -1.5707963267948966, 4.0
322, 99, 705, 488, 708, 492, -3, -4, -2.214297435588181, 5.0
322, 100, 771, 41, 771, 42, 0, -1, -1.5707963267948966, 1.0
322, 101, 1123, 74, 1126, 76, -3, -2, -2.5535900500422257, 3.605551275463989
322, 102, 646, 39, 646, 39, 0, 0, 0.0, 0.0
322, 103, 817, 12, 817, 13, 0, -1, -1.5707963267948966, 1.0
322, 104, 40, 164, 40, 165, 0, -1, -1.5707963267948966, 1.0
322, 105, 52, 507, 50, 506, 2, 1, 0.4636476090008061, 2.23606797749979
322, 106, 1075, 477, 1074, 484, 1, -7, -1.4288992721907328, 7.0710678118654755
322, 107, 639, 397, 640, 393, -1, 4, 1.8157749899217608, 4.123105625617661
322, 108, 1106, 59, 1110, 61, -4, -2, -2.677945044588987, 4.47213595499958
322, 109, 715, 56, 715, 58, 0, -2, -1.5707963267948966, 2.0
322, 110, 23, 89, 24, 89, -1, 0, 3.141592653589793, 1.0
322, 111, 29, 441, 25, 439, 4, 2, 0.4636476090008061, 4.47213595499958
322, 112, 25, 122, 27, 123, -2, -1, -2.677945044588987, 2.23606797749979
322, 113, 1120, 27, 1124, 29, -4, -2, -2.677945044588987, 4.47213595499958
322, 114, 899, 701, 898, 700, 1, 1, 0.7853981633974483, 1.4142135623730951
322, 115, 28, 308, 27, 305, 1, 3, 1.2490457723982544, 3.1622776601683795
322, 116, 938, 13, 938, 14, 0, -1, -1.5707963267948966, 1.0
322, 117, 651, 102, 651, 101, 0, 1, 1.5707963267948966, 1.0
322, 118, 1233, 459, 1233, 458, 0, 1, 1.5707963267948966, 1.0
322, 119, 638, 189, 638, 187, 0, 2, 1.5707963267948966, 2.0
322, 120, 1047, 536, 1047, 537, 0, -1, -1.5707963267948966, 1.0
322, 121, 653, 446, 653, 442, 0, 4, 1.5707963267948966, 4.0
322, 122, 34, 513, 32, 511, 2, 2, 0.7853981633974483, 2.8284271247461903
322, 123, 35, 464, 31, 462, 4, 2, 0.4636476090008061, 4.47213595499958
322, 124, 43, 447, 39, 445, 4, 2, 0.4636476090008061, 4.47213595499958
322, 125, 678, 110, 678, 109, 0, 1, 1.5707963267948966, 1.0
322, 126, 647, 10, 647, 10, 0, 0, 0.0, 0.0
322, 127, 498, 105, 498, 107, 0, -2, -1.5707963267948966, 2.0
322, 128, 1219, 149, 1221, 152, -2, -3, -2.158798930342464, 3.605551275463989
322, 129, 53, 155, 54, 155, -1, 0, 3.141592653589793, 1.0
322, 130, 1072, 436, 1071, 441, 1, -5, -1.373400766945016, 5.0990195135927845
322, 131, 318, 386, 318, 387, 0, -1, -1.5707963267948966, 1.0
322, 132, 1098, 74, 1101, 76, -3, -2, -2.5535900500422257, 3.605551275463989
322, 133, 645, 495, 644, 495, 1, 0, 0.0, 1.0
322, 134, 625, 134, 626, 134, -1, 0, 3.141592653589793, 1.0
322, 135, 949, 57, 950, 56, -1, 1, 2.356194490192345, 1.4142135623730951
322, 136, 736, 469, 741, 474, -5, -5, -2.356194490192345, 7.0710678118654755
322, 137, 879, 54, 878, 58, 1, -4, -1.3258176636680326, 4.123105625617661
322, 138, 631, 30, 631, 30, 0, 0, 0.0, 0.0
322, 139, 1250, 88, 1253, 90, -3, -2, -2.5535900500422257, 3.605551275463989
322, 140, 864, 100, 864, 101, 0, -1, -1.5707963267948966, 1.0
322, 141, 1261, 289, 1265, 294, -4, -5, -2.2455372690184494, 6.4031242374328485
322, 142, 722, 448, 726, 451, -4, -3, -2.498091544796509, 5.0
322, 143, 1239, 438, 1236, 435, 3, 3, 0.7853981633974483, 4.242640687119285
322, 144, 494, 138, 492, 140, 2, -2, -0.7853981633974483, 2.8284271247461903
322, 145, 1249, 519, 1248, 518, 1, 1, 0.7853981633974483, 1.4142135623730951
322, 146, 1261, 470, 1274, 467, -13, 3, 2.9147938055359073, 13.341664064126334
322, 147, 519, 139, 519, 142, 0, -3, -1.5707963267948966, 3.0
322, 148, 926, 91, 926, 92, 0, -1, -1.5707963267948966, 1.0
323, 0, 262, 336, 262, 337, 0, -1, -1.5707963267948966, 1.0
323, 1, 281, 334, 281, 335, 0, -1, -1.5707963267948966, 1.0
323, 2, 1071, 449, 1072, 453, -1, -4, -1.8157749899217608, 4.123105625617661
323, 3, 1054, 443, 1054, 447, 0, -4, -1.5707963267948966, 4.0
323, 4, 260, 376, 260, 377, 0, -1, -1.5707963267948966, 1.0
323, 5, 258, 354, 258, 355, 0, -1, -1.5707963267948966, 1.0
323, 6, 873, 32, 872, 36, 1, -4, -1.3258176636680326, 4.123105625617661
323, 7, 249, 328, 249, 329, 0, -1, -1.5707963267948966, 1.0
323, 8, 1001, 617, 1002, 622, -1, -5, -1.7681918866447774, 5.0990195135927845
323, 9, 130, 215, 130, 214, 0, 1, 1.5707963267948966, 1.0
323, 10, 282, 318, 282, 319, 0, -1, -1.5707963267948966, 1.0
323, 11, 41, 118, 44, 118, -3, 0, 3.141592653589793, 3.0
323, 12, 854, 57, 853, 57, 1, 0, 0.0, 1.0
323, 13, 960, 614, 961, 618, -1, -4, -1.8157749899217608, 4.123105625617661
323, 14, 712, 68, 712, 71, 0, -3, -1.5707963267948966, 3.0
323, 15, 493, 147, 491, 151, 2, -4, -1.1071487177940904, 4.47213595499958
323, 16, 979, 583, 981, 586, -2, -3, -2.158798930342464, 3.605551275463989
323, 17, 868, 23, 867, 27, 1, -4, -1.3258176636680326, 4.123105625617661
323, 18, 516, 94, 515, 98, 1, -4, -1.3258176636680326, 4.123105625617661
323, 19, 1106, 38, 1110, 38, -4, 0, 3.141592653589793, 4.0
323, 20, 505, 95, 504, 99, 1, -4, -1.3258176636680326, 4.123105625617661
323, 21, 254, 337, 254, 338, 0, -1, -1.5707963267948966, 1.0
323, 22, 605, 53, 602, 53, 3, 0, 0.0, 3.0
323, 23, 1045, 520, 1045, 523, 0, -3, -1.5707963267948966, 3.0
323, 24, 861, 32, 861, 36, 0, -4, -1.5707963267948966, 4.0
323, 25, 696, 500, 697, 502, -1, -2, -2.0344439357957027, 2.23606797749979
323, 26, 735, 487, 739, 490, -4, -3, -2.498091544796509, 5.0
323, 27, 44, 458, 43, 458, 1, 0, 0.0, 1.0
323, 28, 624, 458, 625, 455, -1, 3, 1.892546881191539, 3.1622776601683795
323, 29, 308, 322, 307, 324, 1, -2, -1.1071487177940904, 2.23606797749979
323, 30, 713, 484, 715, 487, -2, -3, -2.158798930342464, 3.605551275463989
323, 31, 991, 698, 992, 701, -1, -3, -1.892546881191539, 3.1622776601683795
323, 32, 593, 68, 591, 69, 2, -1, -0.4636476090008061, 2.23606797749979
323, 33, 747, 36, 747, 37, 0, -1, -1.5707963267948966, 1.0
323, 34, 17, 318, 17, 319, 0, -1, -1.5707963267948966, 1.0
323, 35, 1092, 29, 1096, 30, -4, -1, -2.896613990462929, 4.123105625617661
323, 36, 731, 492, 735, 495, -4, -3, -2.498091544796509, 5.0
323, 37, 767, 32, 767, 33, 0, -1, -1.5707963267948966, 1.0
323, 38, 1094, 36, 1098, 37, -4, -1, -2.896613990462929, 4.123105625617661
323, 39, 753, 10, 753, 12, 0, -2, -1.5707963267948966, 2.0
323, 40, 522, 285, 521, 292, 1, -7, -1.4288992721907328, 7.0710678118654755
323, 41, 248, 400, 248, 401, 0, -1, -1.5707963267948966, 1.0
323, 42, 510, 86, 509, 90, 1, -4, -1.3258176636680326, 4.123105625617661
323, 43, 662, 462, 661, 460, 1, 2, 1.1071487177940904, 2.23606797749979
323, 44, 1167, 9, 1171, 10, -4, -1, -2.896613990462929, 4.123105625617661
323, 45, 1000, 586, 1001, 591, -1, -5, -1.7681918866447774, 5.0990195135927845
323, 46, 879, 701, 876, 699, 3, 2, 0.5880026035475675, 3.605551275463989
323, 47, 32, 288, 29, 287, 3, 1, 0.3217505543966422, 3.1622776601683795
323, 48, 510, 179, 510, 181, 0, -2, -1.5707963267948966, 2.0
323, 49, 111, 166, 113, 165, -2, 1, 2.677945044588987, 2.23606797749979
323, 50, 985, 641, 985, 644, 0, -3, -1.5707963267948966, 3.0
323, 51, 48, 149, 49, 149, -1, 0, 3.141592653589793, 1.0
323, 52, 714, 496, 717, 498, -3, -2, -2.5535900500422257, 3.605551275463989
323, 53, 1078, 78, 1082, 80, -4, -2, -2.677945044588987, 4.47213595499958
323, 54, 1149, 71, 1150, 70, -1, 1, 2.356194490192345, 1.4142135623730951
323, 55, 640, 106, 640, 103, 0, 3, 1.5707963267948966, 3.0
323, 56, 655, 46, 655, 44, 0, 2, 1.5707963267948966, 2.0
323, 57, 31, 453, 28, 453, 3, 0, 0.0, 3.0
323, 58, 504, 159, 501, 163, 3, -4, -0.9272952180016122, 5.0
323, 59, 644, 100, 644, 96, 0, 4, 1.5707963267948966, 4.0
323, 60, 686, 107, 685, 104, 1, 3, 1.2490457723982544, 3.1622776601683795
323, 61, 258, 324, 258, 325, 0, -1, -1.5707963267948966, 1.0
323, 62, 508, 351, 507, 352, 1, -1, -0.7853981633974483, 1.4142135623730951
323, 63, 229, 313, 229, 315, 0, -2, -1.5707963267948966, 2.0
323, 64, 1105, 77, 1109, 78, -4, -1, -2.896613990462929, 4.123105625617661
323, 65, 629, 447, 630, 444, -1, 3, 1.892546881191539, 3.1622776601683795
323, 66, 1008, 614, 1009, 620, -1, -6, -1.7359450042095235, 6.082762530298219
323, 67, 1085, 35, 1090, 36, -5, -1, -2.9441970937399127, 5.0990195135927845
323, 68, 331, 402, 331, 403, 0, -1, -1.5707963267948966, 1.0
323, 69, 18, 112, 21, 114, -3, -2, -2.5535900500422257, 3.605551275463989
323, 70, 272, 335, 271, 336, 1, -1, -0.7853981633974483, 1.4142135623730951
323, 71, 1121, 54, 1124, 57, -3, -3, -2.356194490192345, 4.242640687119285
323, 72, 974, 588, 976, 591, -2, -3, -2.158798930342464, 3.605551275463989
323, 73, 257, 385, 257, 386, 0, -1, -1.5707963267948966, 1.0
323, 74, 640, 14, 640, 11, 0, 3, 1.5707963267948966, 3.0
323, 75, 707, 63, 707, 66, 0, -3, -1.5707963267948966, 3.0
323, 76, 712, 125, 712, 127, 0, -2, -1.5707963267948966, 2.0
323, 77, 738, 537, 742, 542, -4, -5, -2.2455372690184494, 6.4031242374328485
323, 78, 287, 373, 287, 374, 0, -1, -1.5707963267948966, 1.0
323, 79, 100, 225, 103, 223, -3, 2, 2.5535900500422257, 3.605551275463989
323, 80, 100, 244, 103, 242, -3, 2, 2.5535900500422257, 3.605551275463989
323, 81, 972, 700, 971, 701, 1, -1, -0.7853981633974483, 1.4142135623730951
323, 82, 605, 18, 602, 18, 3, 0, 0.0, 3.0
323, 83, 765, 10, 765, 12, 0, -2, -1.5707963267948966, 2.0
323, 84, 100, 192, 102, 191, -2, 1, 2.677945044588987, 2.23606797749979
323, 85, 651, 19, 651, 16, 0, 3, 1.5707963267948966, 3.0
323, 86, 528, 116, 527, 121, 1, -5, -1.373400766945016, 5.0990195135927845
323, 87, 243, 303, 243, 305, 0, -2, -1.5707963267948966, 2.0
323, 88, 1173, 14, 1177, 17, -4, -3, -2.498091544796509, 5.0
323, 89, 512, 308, 511, 314, 1, -6, -1.4056476493802699, 6.082762530298219
323, 90, 531, 388, 532, 393, -1, -5, -1.7681918866447774, 5.0990195135927845
323, 91, 938, 98, 938, 99, 0, -1, -1.5707963267948966, 1.0
323, 92, 136, 210, 136, 209, 0, 1, 1.5707963267948966, 1.0
323, 93, 855, 106, 854, 109, 1, -3, -1.2490457723982544, 3.1622776601683795
323, 94, 704, 484, 705, 488, -1, -4, -1.8157749899217608, 4.123105625617661
323, 95, 771, 40, 771, 41, 0, -1, -1.5707963267948966, 1.0
323, 96, 1119, 72, 1123, 74, -4, -2, -2.677945044588987, 4.47213595499958
323, 97, 646, 41, 646, 39, 0, 2, 1.5707963267948966, 2.0
323, 98, 817, 11, 817, 12, 0, -1, -1.5707963267948966, 1.0
323, 99, 40, 163, 40, 164, 0, -1, -1.5707963267948966, 1.0
323, 100, 54, 508, 52, 507, 2, 1, 0.4636476090008061, 2.23606797749979
323, 101, 1076, 473, 1075, 477, 1, -4, -1.3258176636680326, 4.123105625617661
323, 102, 638, 401, 639, 397, -1, 4, 1.8157749899217608, 4.123105625617661
323, 103, 1104, 56, 1106, 59, -2, -3, -2.158798930342464, 3.605551275463989
323, 104, 715, 53, 715, 56, 0, -3, -1.5707963267948966, 3.0
323, 105, 21, 88, 23, 89, -2, -1, -2.677945044588987, 2.23606797749979
323, 106, 32, 443, 29, 441, 3, 2, 0.5880026035475675, 3.605551275463989
323, 107, 21, 121, 25, 122, -4, -1, -2.896613990462929, 4.123105625617661
323, 108, 1115, 25, 1120, 27, -5, -2, -2.761086276477428, 5.385164807134504
323, 109, 900, 701, 899, 701, 1, 0, 0.0, 1.0
323, 110, 29, 309, 28, 308, 1, 1, 0.7853981633974483, 1.4142135623730951
323, 111, 938, 12, 938, 13, 0, -1, -1.5707963267948966, 1.0
323, 112, 651, 106, 651, 102, 0, 4, 1.5707963267948966, 4.0
323, 113, 1233, 461, 1233, 459, 0, 2, 1.5707963267948966, 2.0
323, 114, 640, 192, 638, 189, 2, 3, 0.982793723247329, 3.605551275463989
323, 115, 653, 450, 653, 446, 0, 4, 1.5707963267948966, 4.0
323, 116, 37, 513, 34, 513, 3, 0, 0.0, 3.0
323, 117, 37, 463, 35, 464, 2, -1, -0.4636476090008061, 2.23606797749979
323, 118, 46, 448, 43, 447, 3, 1, 0.3217505543966422, 3.1622776601683795
323, 119, 679, 112, 678, 110, 1, 2, 1.1071487177940904, 2.23606797749979
323, 120, 647, 10, 647, 10, 0, 0, 0.0, 0.0
323, 121, 499, 101, 498, 105, 1, -4, -1.3258176636680326, 4.123105625617661
323, 122, 1219, 147, 1219, 149, 0, -2, -1.5707963267948966, 2.0
323, 123, 52, 155, 53, 155, -1, 0, 3.141592653589793, 1.0
323, 124, 1072, 431, 1072, 436, 0, -5, -1.5707963267948966, 5.0
323, 125, 318, 385, 318, 386, 0, -1, -1.5707963267948966, 1.0
323, 126, 1095, 71, 1098, 74, -3, -3, -2.356194490192345, 4.242640687119285
323, 127, 646, 494, 645, 495, 1, -1, -0.7853981633974483, 1.4142135623730951
323, 128, 624, 135, 625, 134, -1, 1, 2.356194490192345, 1.4142135623730951
323, 129, 948, 59, 949, 57, -1, 2, 2.0344439357957027, 2.23606797749979
323, 130, 734, 465, 736, 469, -2, -4, -2.0344439357957027, 4.47213595499958
323, 131, 880, 48, 879, 54, 1, -6, -1.4056476493802699, 6.082762530298219
323, 132, 631, 31, 631, 30, 0, 1, 1.5707963267948966, 1.0
323, 133, 1245, 86, 1250, 88, -5, -2, -2.761086276477428, 5.385164807134504
323, 134, 865, 98, 864, 100, 1, -2, -1.1071487177940904, 2.23606797749979
323, 135, 1258, 286, 1261, 289, -3, -3, -2.356194490192345, 4.242640687119285
323, 136, 719, 444, 722, 448, -3, -4, -2.214297435588181, 5.0
323, 137, 1241, 441, 1239, 438, 2, 3, 0.982793723247329, 3.605551275463989
323, 138, 496, 135, 494, 138, 2, -3, -0.982793723247329, 3.605551275463989
323, 139, 1250, 521, 1249, 519, 1, 2, 1.1071487177940904, 2.23606797749979
323, 140, 1261, 475, 1261, 470, 0, 5, 1.5707963267948966, 5.0
323, 141, 521, 133, 519, 139, 2, -6, -1.2490457723982544, 6.324555320336759
323, 142, 926, 90, 926, 91, 0, -1, -1.5707963267948966, 1.0
324, 0, 262, 336, 262, 337, 0, -1, -1.5707963267948966, 1.0
324, 1, 281, 334, 281, 335, 0, -1, -1.5707963267948966, 1.0
324, 2, 1073, 441, 1074, 446, -1, -5, -1.7681918866447774, 5.0990195135927845
324, 3, 526, 111, 526, 115, 0, -4, -1.5707963267948966, 4.0
324, 4, 1055, 437, 1056, 442, -1, -5, -1.7681918866447774, 5.0990195135927845
324, 5, 132, 214, 132, 214, 0, 0, 0.0, 0.0
324, 6, 250, 329, 250, 330, 0, -1, -1.5707963267948966, 1.0
324, 7, 260, 377, 260, 378, 0, -1, -1.5707963267948966, 1.0
324, 8, 1002, 610, 1003, 615, -1, -5, -1.7681918866447774, 5.0990195135927845
324, 9, 1042, 531, 1042, 532, 0, -1, -1.5707963267948966, 1.0
324, 10, 872, 31, 872, 35, 0, -4, -1.5707963267948966, 4.0
324, 11, 1049, 504, 1049, 507, 0, -3, -1.5707963267948966, 3.0
324, 12, 283, 318, 283, 319, 0, -1, -1.5707963267948966, 1.0
324, 13, 959, 606, 960, 611, -1, -5, -1.7681918866447774, 5.0990195135927845
324, 14, 31, 288, 30, 287, 1, 1, 0.7853981633974483, 1.4142135623730951
324, 15, 737, 529, 740, 534, -3, -5, -2.1112158270654806, 5.830951894845301
324, 16, 516, 96, 516, 98, 0, -2, -1.5707963267948966, 2.0
324, 17, 510, 181, 510, 182, 0, -1, -1.5707963267948966, 1.0
324, 18, 802, 701, 804, 714, -2, -13, -1.7234456551901618, 13.152946437965905
324, 19, 1093, 36, 1097, 37, -4, -1, -2.896613990462929, 4.123105625617661
324, 20, 622, 459, 623, 456, -1, 3, 1.892546881191539, 3.1622776601683795
324, 21, 308, 323, 308, 324, 0, -1, -1.5707963267948966, 1.0
324, 22, 981, 574, 982, 578, -1, -4, -1.8157749899217608, 4.123105625617661
324, 23, 868, 22, 868, 26, 0, -4, -1.5707963267948966, 4.0
324, 24, 1077, 476, 1077, 480, 0, -4, -1.5707963267948966, 4.0
324, 25, 1000, 579, 1001, 585, -1, -6, -1.7359450042095235, 6.082762530298219
324, 26, 712, 68, 712, 70, 0, -2, -1.5707963267948966, 2.0
324, 27, 505, 96, 505, 98, 0, -2, -1.5707963267948966, 2.0
324, 28, 1107, 33, 1111, 36, -4, -3, -2.498091544796509, 5.0
324, 29, 242, 320, 242, 321, 0, -1, -1.5707963267948966, 1.0
324, 30, 44, 119, 45, 119, -1, 0, 3.141592653589793, 1.0
324, 31, 335, 345, 335, 346, 0, -1, -1.5707963267948966, 1.0
324, 32, 259, 355, 259, 356, 0, -1, -1.5707963267948966, 1.0
324, 33, 47, 150, 48, 150, -1, 0, 3.141592653589793, 1.0
324, 34, 595, 66, 593, 67, 2, -1, -0.4636476090008061, 2.23606797749979
324, 35, 607, 53, 604, 54, 3, -1, -0.3217505543966422, 3.1622776601683795
324, 36, 862, 31, 862, 35, 0, -4, -1.5707963267948966, 4.0
324, 37, 1085, 36, 1089, 37, -4, -1, -2.896613990462929, 4.123105625617661
324, 38, 547, 361, 548, 360, -1, 1, 2.356194490192345, 1.4142135623730951
324, 39, 111, 166, 112, 166, -1, 0, 3.141592653589793, 1.0
324, 40, 748, 36, 748, 37, 0, -1, -1.5707963267948966, 1.0
324, 41, 768, 33, 768, 34, 0, -1, -1.5707963267948966, 1.0
324, 42, 712, 127, 712, 128, 0, -1, -1.5707963267948966, 1.0
324, 43, 254, 338, 254, 339, 0, -1, -1.5707963267948966, 1.0
324, 44, 990, 694, 991, 698, -1, -4, -1.8157749899217608, 4.123105625617661
324, 45, 497, 153, 496, 155, 1, -2, -1.1071487177940904, 2.23606797749979
324, 46, 1089, 29, 1093, 30, -4, -1, -2.896613990462929, 4.123105625617661
324, 47, 880, 701, 878, 704, 2, -3, -0.982793723247329, 3.605551275463989
324, 48, 17, 318, 17, 319, 0, -1, -1.5707963267948966, 1.0
324, 49, 643, 99, 644, 98, -1, 1, 2.356194490192345, 1.4142135623730951
324, 50, 733, 480, 737, 484, -4, -4, -2.356194490192345, 5.656854249492381
324, 51, 854, 59, 854, 59, 0, 0, 0.0, 0.0
324, 52, 49, 461, 46, 459, 3, 2, 0.5880026035475675, 3.605551275463989
324, 53, 432, 22, 433, 21, -1, 1, 2.356194490192345, 1.4142135623730951
324, 54, 945, 61, 946, 60, -1, 1, 2.356194490192345, 1.4142135623730951
324, 55, 639, 105, 640, 104, -1, 1, 2.356194490192345, 1.4142135623730951
324, 56, 522, 284, 522, 289, 0, -5, -1.5707963267948966, 5.0
324, 57, 259, 323, 259, 324, 0, -1, -1.5707963267948966, 1.0
324, 58, 1119, 54, 1123, 56, -4, -2, -2.677945044588987, 4.47213595499958
324, 59, 1171, 9, 1173, 10, -2, -1, -2.677945044588987, 2.23606797749979
324, 60, 33, 462, 30, 460, 3, 2, 0.5880026035475675, 3.605551275463989
324, 61, 1259, 287, 1262, 287, -3, 0, 3.141592653589793, 3.0
324, 62, 686, 106, 686, 105, 0, 1, 1.5707963267948966, 1.0
324, 63, 510, 338, 510, 343, 0, -5, -1.5707963267948966, 5.0
324, 64, 510, 87, 510, 89, 0, -2, -1.5707963267948966, 2.0
324, 65, 970, 693, 970, 697, 0, -4, -1.5707963267948966, 4.0
324, 66, 707, 478, 710, 482, -3, -4, -2.214297435588181, 5.0
324, 67, 522, 135, 521, 138, 1, -3, -1.2490457723982544, 3.1622776601683795
324, 68, 1009, 607, 1010, 613, -1, -6, -1.7359450042095235, 6.082762530298219
324, 69, 1102, 78, 1105, 79, -3, -1, -2.819842099193151, 3.1622776601683795
324, 70, 943, 701, 946, 715, -3, -14, -1.7818896600176433, 14.317821063276353
324, 71, 102, 243, 103, 243, -1, 0, 3.141592653589793, 1.0
324, 72, 504, 157, 502, 159, 2, -2, -0.7853981633974483, 2.8284271247461903
324, 73, 35, 319, 33, 316, 2, 3, 0.982793723247329, 3.605551275463989
324, 74, 656, 48, 656, 47, 0, 1, 1.5707963267948966, 1.0
324, 75, 647, 43, 647, 42, 0, 1, 1.5707963267948966, 1.0
324, 76, 257, 385, 257, 386, 0, -1, -1.5707963267948966, 1.0
324, 77, 1234, 459, 1233, 457, 1, 2, 1.1071487177940904, 2.23606797749979
324, 78, 757, 13, 757, 14, 0, -1, -1.5707963267948966, 1.0
324, 79, 1079, 77, 1082, 80, -3, -3, -2.356194490192345, 4.242640687119285
324, 80, 126, 246, 127, 246, -1, 0, 3.141592653589793, 1.0
324, 81, 651, 19, 651, 18, 0, 1, 1.5707963267948966, 1.0
324, 82, 729, 486, 733, 490, -4, -4, -2.356194490192345, 5.656854249492381
324, 83, 512, 308, 512, 313, 0, -5, -1.5707963267948966, 5.0
324, 84, 1052, 91, 1055, 95, -3, -4, -2.214297435588181, 5.0
324, 85, 971, 578, 972, 582, -1, -4, -1.8157749899217608, 4.123105625617661
324, 86, 630, 453, 631, 450, -1, 3, 1.892546881191539, 3.1622776601683795
324, 87, 765, 11, 765, 12, 0, -1, -1.5707963267948966, 1.0
324, 88, 288, 375, 288, 376, 0, -1, -1.5707963267948966, 1.0
324, 89, 60, 513, 57, 511, 3, 2, 0.5880026035475675, 3.605551275463989
324, 90, 229, 315, 229, 316, 0, -1, -1.5707963267948966, 1.0
324, 91, 332, 359, 332, 360, 0, -1, -1.5707963267948966, 1.0
324, 92, 974, 670, 975, 674, -1, -4, -1.8157749899217608, 4.123105625617661
324, 93, 1144, 47, 1147, 49, -3, -2, -2.5535900500422257, 3.605551275463989
324, 94, 818, 11, 818, 12, 0, -1, -1.5707963267948966, 1.0
324, 95, 1035, 500, 1033, 502, 2, -2, -0.7853981633974483, 2.8284271247461903
324, 96, 641, 14, 641, 13, 0, 1, 1.5707963267948966, 1.0
324, 97, 1075, 489, 1075, 492, 0, -3, -1.5707963267948966, 3.0
324, 98, 607, 17, 604, 18, 3, -1, -0.3217505543966422, 3.1622776601683795
324, 99, 40, 467, 37, 465, 3, 2, 0.5880026035475675, 3.605551275463989
324, 100, 272, 335, 272, 336, 0, -1, -1.5707963267948966, 1.0
324, 101, 731, 459, 735, 464, -4, -5, -2.2455372690184494, 6.4031242374328485
324, 102, 102, 224, 103, 223, -1, 1, 2.356194490192345, 1.4142135623730951
324, 103, 331, 403, 331, 404, 0, -1, -1.5707963267948966, 1.0
324, 104, 653, 105, 654, 104, -1, 1, 2.356194490192345, 1.4142135623730951
324, 105, 116, 233, 118, 231, -2, 2, 2.356194490192345, 2.8284271247461903
324, 106, 1207, 96, 1208, 98, -1, -2, -2.0344439357957027, 2.23606797749979
324, 107, 714, 54, 715, 56, -1, -2, -2.0344439357957027, 2.23606797749979
324, 108, 639, 404, 640, 400, -1, 4, 1.8157749899217608, 4.123105625617661
324, 109, 137, 209, 137, 209, 0, 0, 0.0, 0.0
324, 110, 663, 470, 663, 467, 0, 3, 1.5707963267948966, 3.0
324, 111, 772, 40, 772, 41, 0, -1, -1.5707963267948966, 1.0
324, 112, 104, 195, 105, 194, -1, 1, 2.356194490192345, 1.4142135623730951
324, 113, 618, 67, 617, 68, 1, -1, -0.7853981633974483, 1.4142135623730951
324, 114, 49, 450, 46, 448, 3, 2, 0.5880026035475675, 3.605551275463989
324, 115, 938, 98, 938, 99, 0, -1, -1.5707963267948966, 1.0
324, 116, 710, 490, 713, 493, -3, -3, -2.356194490192345, 4.242640687119285
324, 117, 543, 344, 544, 346, -1, -2, -2.0344439357957027, 2.23606797749979
324, 118, 728, 539, 731, 544, -3, -5, -2.1112158270654806, 5.830951894845301
324, 119, 646, 497, 646, 498, 0, -1, -1.5707963267948966, 1.0
324, 120, 41, 163, 41, 164, 0, -1, -1.5707963267948966, 1.0
324, 121, 243, 304, 243, 305, 0, -1, -1.5707963267948966, 1.0
324, 122, 903, 701, 902, 708, 1, -7, -1.4288992721907328, 7.0710678118654755
324, 123, 693, 500, 695, 503, -2, -3, -2.158798930342464, 3.605551275463989
324, 124, 499, 103, 499, 105, 0, -2, -1.5707963267948966, 2.0
324, 125, 22, 89, 23, 89, -1, 0, 3.141592653589793, 1.0
324, 126, 22, 122, 24, 123, -2, -1, -2.677945044588987, 2.23606797749979
324, 127, 653, 453, 654, 449, -1, 4, 1.8157749899217608, 4.123105625617661
324, 128, 625, 72, 625, 73, 0, -1, -1.5707963267948966, 1.0
324, 129, 879, 49, 879, 53, 0, -4, -1.5707963267948966, 4.0
324, 130, 699, 480, 702, 484, -3, -4, -2.214297435588181, 5.0
324, 131, 632, 125, 632, 124, 0, 1, 1.5707963267948966, 1.0
324, 132, 1209, 135, 1209, 137, 0, -2, -1.5707963267948966, 2.0
324, 133, 34, 443, 31, 442, 3, 1, 0.3217505543966422, 3.1622776601683795
324, 134, 870, 701, 868, 709, 2, -8, -1.3258176636680326, 8.246211251235321
324, 135, 17, 295, 17, 295, 0, 0, 0.0, 0.0
324, 136, 625, 133, 626, 132, -1, 1, 2.356194490192345, 1.4142135623730951
324, 137, 334, 338, 334, 339, 0, -1, -1.5707963267948966, 1.0
324, 138, 716, 438, 720, 442, -4, -4, -2.356194490192345, 5.656854249492381
324, 139, 926, 91, 926, 92, 0, -1, -1.5707963267948966, 1.0
324, 140, 23, 269, 22, 268, 1, 1, 0.7853981633974483, 1.4142135623730951
324, 141, 1254, 537, 1251, 535, 3, 2, 0.5880026035475675, 3.605551275463989
324, 142, 972, 636, 972, 640, 0, -4, -1.5707963267948966, 4.0
324, 143, 1246, 79, 1249, 82, -3, -3, -2.356194490192345, 4.242640687119285
324, 144, 1110, 78, 1115, 80, -5, -2, -2.761086276477428, 5.385164807134504
324, 145, 866, 98, 865, 100, 1, -2, -1.1071487177940904, 2.23606797749979
324, 146, 1077, 467, 1077, 471, 0, -4, -1.5707963267948966, 4.0
324, 147, 1101, 55, 1105, 57, -4, -2, -2.677945044588987, 4.47213595499958
324, 148, 1245, 65, 1248, 67, -3, -2, -2.5535900500422257, 3.605551275463989
324, 149, 630, 33, 630, 32, 0, 1, 1.5707963267948966, 1.0
324, 150, 685, 182, 686, 182, -1, 0, 3.141592653589793, 1.0
324, 151, 19, 263, 18, 262, 1, 1, 0.7853981633974483, 1.4142135623730951
324, 152, 293, 369, 293, 370, 0, -1, -1.5707963267948966, 1.0
324, 153, 670, 105, 670, 105, 0, 0, 0.0, 0.0
325, 0, 262, 335, 262, 336, 0, -1, -1.5707963267948966, 1.0
325, 1, 281, 333, 281, 334, 0, -1, -1.5707963267948966, 1.0
325, 2, 1072, 436, 1073, 441, -1, -5, -1.7681918866447774, 5.0990195135927845
325, 3, 526, 108, 526, 111, 0, -3, -1.5707963267948966, 3.0
325, 4, 1055, 432, 1055, 437, 0, -5, -1.5707963267948966, 5.0
325, 5, 132, 215, 132, 214, 0, 1, 1.5707963267948966, 1.0
325, 6, 250, 328, 250, 329, 0, -1, -1.5707963267948966, 1.0
325, 7, 260, 376, 260, 377, 0, -1, -1.5707963267948966, 1.0
325, 8, 1001, 605, 1002, 610, -1, -5, -1.7681918866447774, 5.0990195135927845
325, 9, 1042, 529, 1042, 531, 0, -2, -1.5707963267948966, 2.0
325, 10, 872, 27, 872, 31, 0, -4, -1.5707963267948966, 4.0
325, 11, 1049, 500, 1049, 504, 0, -4, -1.5707963267948966, 4.0
325, 12, 283, 317, 283, 318, 0, -1, -1.5707963267948966, 1.0
325, 13, 958, 601, 959, 606, -1, -5, -1.7681918866447774, 5.0990195135927845
325, 14, 32, 289, 31, 288, 1, 1, 0.7853981633974483, 1.4142135623730951
325, 15, 734, 524, 737, 529, -3, -5, -2.1112158270654806, 5.830951894845301
325, 16, 516, 94, 516, 96, 0, -2, -1.5707963267948966, 2.0
325, 17, 510, 180, 510, 181, 0, -1, -1.5707963267948966, 1.0
325, 18, 800, 696, 802, 701, -2, -5, -1.9513027039072615, 5.385164807134504
325, 19, 1089, 35, 1093, 36, -4, -1, -2.896613990462929, 4.123105625617661
325, 20, 621, 462, 622, 459, -1, 3, 1.892546881191539, 3.1622776601683795
325, 21, 308, 322, 308, 323, 0, -1, -1.5707963267948966, 1.0
325, 22, 979, 570, 981, 574, -2, -4, -2.0344439357957027, 4.47213595499958
325, 23, 868, 18, 868, 22, 0, -4, -1.5707963267948966, 4.0
325, 24, 1076, 471, 1077, 476, -1, -5, -1.7681918866447774, 5.0990195135927845
325, 25, 999, 573, 1000, 579, -1, -6, -1.7359450042095235, 6.082762530298219
325, 26, 712, 66, 712, 68, 0, -2, -1.5707963267948966, 2.0
325, 27, 505, 94, 505, 96, 0, -2, -1.5707963267948966, 2.0
325, 28, 1103, 30, 1107, 33, -4, -3, -2.498091544796509, 5.0
325, 29, 242, 319, 242, 320, 0, -1, -1.5707963267948966, 1.0
325, 30, 43, 119, 44, 119, -1, 0, 3.141592653589793, 1.0
325, 31, 335, 344, 335, 345, 0, -1, -1.5707963267948966, 1.0
325, 32, 259, 355, 259, 355, 0, 0, 0.0, 0.0
325, 33, 46, 150, 47, 150, -1, 0, 3.141592653589793, 1.0
325, 34, 597, 65, 595, 66, 2, -1, -0.4636476090008061, 2.23606797749979
325, 35, 610, 54, 607, 53, 3, 1, 0.3217505543966422, 3.1622776601683795
325, 36, 862, 27, 862, 31, 0, -4, -1.5707963267948966, 4.0
325, 37, 1080, 35, 1085, 36, -5, -1, -2.9441970937399127, 5.0990195135927845
325, 38, 546, 362, 547, 361, -1, 1, 2.356194490192345, 1.4142135623730951
325, 39, 110, 167, 111, 166, -1, 1, 2.356194490192345, 1.4142135623730951
325, 40, 748, 35, 748, 36, 0, -1, -1.5707963267948966, 1.0
325, 41, 768, 32, 768, 33, 0, -1, -1.5707963267948966, 1.0
325, 42, 712, 126, 712, 127, 0, -1, -1.5707963267948966, 1.0
325, 43, 989, 690, 990, 694, -1, -4, -1.8157749899217608, 4.123105625617661
325, 44, 498, 151, 497, 153, 1, -2, -1.1071487177940904, 2.23606797749979
325, 45, 1085, 28, 1089, 29, -4, -1, -2.896613990462929, 4.123105625617661
325, 46, 882, 701, 880, 701, 2, 0, 0.0, 2.0
325, 47, 17, 317, 17, 318, 0, -1, -1.5707963267948966, 1.0
325, 48, 643, 100, 643, 99, 0, 1, 1.5707963267948966, 1.0
325, 49, 729, 476, 733, 480, -4, -4, -2.356194490192345, 5.656854249492381
325, 50, 854, 59, 854, 59, 0, 0, 0.0, 0.0
325, 51, 52, 463, 49, 461, 3, 2, 0.5880026035475675, 3.605551275463989
325, 52, 431, 23, 432, 22, -1, 1, 2.356194490192345, 1.4142135623730951
325, 53, 944, 61, 945, 61, -1, 0, 3.141592653589793, 1.0
325, 54, 639, 106, 639, 105, 0, 1, 1.5707963267948966, 1.0
325, 55, 522, 280, 522, 284, 0, -4, -1.5707963267948966, 4.0
325, 56, 1115, 52, 1119, 54, -4, -2, -2.677945044588987, 4.47213595499958
325, 57, 36, 464, 33, 462, 3, 2, 0.5880026035475675, 3.605551275463989
325, 58, 1255, 288, 1259, 287, -4, 1, 2.896613990462929, 4.123105625617661
325, 59, 687, 107, 686, 106, 1, 1, 0.7853981633974483, 1.4142135623730951
325, 60, 510, 334, 510, 338, 0, -4, -1.5707963267948966, 4.0
325, 61, 510, 85, 510, 87, 0, -2, -1.5707963267948966, 2.0
325, 62, 969, 689, 970, 693, -1, -4, -1.8157749899217608, 4.123105625617661
325, 63, 704, 474, 707, 478, -3, -4, -2.214297435588181, 5.0
325, 64, 523, 133, 522, 135, 1, -2, -1.1071487177940904, 2.23606797749979
325, 65, 1008, 602, 1009, 607, -1, -5, -1.7681918866447774, 5.0990195135927845
325, 66, 1100, 78, 1102, 78, -2, 0, 3.141592653589793, 2.0
325, 67, 942, 697, 943, 701, -1, -4, -1.8157749899217608, 4.123105625617661
325, 68, 101, 244, 102, 243, -1, 1, 2.356194490192345, 1.4142135623730951
325, 69, 506, 155, 504, 157, 2, -2, -0.7853981633974483, 2.8284271247461903
325, 70, 38, 322, 35, 319, 3, 3, 0.7853981633974483, 4.242640687119285
325, 71, 656, 49, 656, 48, 0, 1, 1.5707963267948966, 1.0
325, 72, 647, 44, 647, 43, 0, 1, 1.5707963267948966, 1.0
325, 73, 257, 384, 257, 385, 0, -1, -1.5707963267948966, 1.0
325, 74, 1234, 461, 1234, 459, 0, 2, 1.5707963267948966, 2.0
325, 75, 757, 12, 757, 13, 0, -1, -1.5707963267948966, 1.0
325, 76, 1075, 75, 1079, 77, -4, -2, -2.677945044588987, 4.47213595499958
325, 77, 125, 246, 126, 246, -1, 0, 3.141592653589793, 1.0
325, 78, 651, 20, 651, 19, 0, 1, 1.5707963267948966, 1.0
325, 79, 725, 482, 729, 486, -4, -4, -2.356194490192345, 5.656854249492381
325, 80, 512, 303, 512, 308, 0, -5, -1.5707963267948966, 5.0
325, 81, 1049, 90, 1052, 91, -3, -1, -2.819842099193151, 3.1622776601683795
325, 82, 970, 574, 971, 578, -1, -4, -1.8157749899217608, 4.123105625617661
325, 83, 629, 457, 630, 453, -1, 4, 1.8157749899217608, 4.123105625617661
325, 84, 765, 10, 765, 11, 0, -1, -1.5707963267948966, 1.0
325, 85, 288, 374, 288, 375, 0, -1, -1.5707963267948966, 1.0
325, 86, 63, 516, 60, 513, 3, 3, 0.7853981633974483, 4.242640687119285
325, 87, 229, 314, 229, 315, 0, -1, -1.5707963267948966, 1.0
325, 88, 332, 358, 332, 359, 0, -1, -1.5707963267948966, 1.0
325, 89, 973, 666, 974, 670, -1, -4, -1.8157749899217608, 4.123105625617661
325, 90, 1142, 45, 1144, 47, -2, -2, -2.356194490192345, 2.8284271247461903
325, 91, 818, 10, 818, 11, 0, -1, -1.5707963267948966, 1.0
325, 92, 1036, 497, 1035, 500, 1, -3, -1.2490457723982544, 3.1622776601683795
325, 93, 641, 15, 641, 14, 0, 1, 1.5707963267948966, 1.0
325, 94, 1075, 485, 1075, 489, 0, -4, -1.5707963267948966, 4.0
325, 95, 610, 15, 607, 17, 3, -2, -0.5880026035475675, 3.605551275463989
325, 96, 43, 469, 40, 467, 3, 2, 0.5880026035475675, 3.605551275463989
325, 97, 272, 334, 272, 335, 0, -1, -1.5707963267948966, 1.0
325, 98, 727, 454, 731, 459, -4, -5, -2.2455372690184494, 6.4031242374328485
325, 99, 101, 225, 102, 224, -1, 1, 2.356194490192345, 1.4142135623730951
325, 100, 331, 402, 331, 403, 0, -1, -1.5707963267948966, 1.0
325, 101, 653, 107, 653, 105, 0, 2, 1.5707963267948966, 2.0
325, 102, 115, 235, 116, 233, -1, 2, 2.0344439357957027, 2.23606797749979
325, 103, 1206, 96, 1207, 96, -1, 0, 3.141592653589793, 1.0
325, 104, 713, 52, 714, 54, -1, -2, -2.0344439357957027, 2.23606797749979
325, 105, 638, 408, 639, 404, -1, 4, 1.8157749899217608, 4.123105625617661
325, 106, 137, 210, 137, 209, 0, 1, 1.5707963267948966, 1.0
325, 107, 663, 473, 663, 470, 0, 3, 1.5707963267948966, 3.0
325, 108, 772, 39, 772, 40, 0, -1, -1.5707963267948966, 1.0
325, 109, 103, 196, 104, 195, -1, 1, 2.356194490192345, 1.4142135623730951
325, 110, 619, 66, 618, 67, 1, -1, -0.7853981633974483, 1.4142135623730951
325, 111, 52, 451, 49, 450, 3, 1, 0.3217505543966422, 3.1622776601683795
325, 112, 938, 97, 938, 98, 0, -1, -1.5707963267948966, 1.0
325, 113, 708, 487, 710, 490, -2, -3, -2.158798930342464, 3.605551275463989
325, 114, 543, 342, 543, 344, 0, -2, -1.5707963267948966, 2.0
325, 115, 725, 534, 728, 539, -3, -5, -2.1112158270654806, 5.830951894845301
325, 116, 646, 496, 646, 497, 0, -1, -1.5707963267948966, 1.0
325, 117, 41, 162, 41, 163, 0, -1, -1.5707963267948966, 1.0
325, 118, 243, 303, 243, 304, 0, -1, -1.5707963267948966, 1.0
325, 119, 904, 701, 903, 701, 1, 0, 0.0, 1.0
325, 120, 692, 498, 693, 500, -1, -2, -2.0344439357957027, 2.23606797749979
325, 121, 499, 101, 499, 103, 0, -2, -1.5707963267948966, 2.0
325, 122, 21, 89, 22, 89, -1, 0, 3.141592653589793, 1.0
325, 123, 653, 458, 653, 453, 0, 5, 1.5707963267948966, 5.0
325, 124, 625, 71, 625, 72, 0, -1, -1.5707963267948966, 1.0
325, 125, 879, 45, 879, 49, 0, -4, -1.5707963267948966, 4.0
325, 126, 697, 476, 699, 480, -2, -4, -2.0344439357957027, 4.47213595499958
325, 127, 632, 127, 632, 125, 0, 2, 1.5707963267948966, 2.0
325, 128, 1209, 135, 1209, 135, 0, 0, 0.0, 0.0
325, 129, 37, 445, 34, 443, 3, 2, 0.5880026035475675, 3.605551275463989
325, 130, 869, 701, 870, 701, -1, 0, 3.141592653589793, 1.0
325, 131, 18, 296, 17, 295, 1, 1, 0.7853981633974483, 1.4142135623730951
325, 132, 625, 135, 625, 133, 0, 2, 1.5707963267948966, 2.0
325, 133, 334, 337, 334, 338, 0, -1, -1.5707963267948966, 1.0
325, 134, 713, 433, 716, 438, -3, -5, -2.1112158270654806, 5.830951894845301
325, 135, 926, 90, 926, 91, 0, -1, -1.5707963267948966, 1.0
325, 136, 24, 270, 23, 269, 1, 1, 0.7853981633974483, 1.4142135623730951
325, 137, 1256, 540, 1254, 537, 2, 3, 0.982793723247329, 3.605551275463989
325, 138, 972, 632, 972, 636, 0, -4, -1.5707963267948966, 4.0
325, 139, 1243, 76, 1246, 79, -3, -3, -2.356194490192345, 4.242640687119285
325, 140, 1107, 77, 1110, 78, -3, -1, -2.819842099193151, 3.1622776601683795
325, 141, 867, 96, 866, 98, 1, -2, -1.1071487177940904, 2.23606797749979
325, 142, 1077, 462, 1077, 467, 0, -5, -1.5707963267948966, 5.0
325, 143, 1097, 53, 1101, 55, -4, -2, -2.677945044588987, 4.47213595499958
325, 144, 1242, 63, 1245, 65, -3, -2, -2.5535900500422257, 3.605551275463989
325, 145, 630, 34, 630, 33, 0, 1, 1.5707963267948966, 1.0
325, 146, 685, 181, 685, 182, 0, -1, -1.5707963267948966, 1.0
325, 147, 20, 264, 19, 263, 1, 1, 0.7853981633974483, 1.4142135623730951
325, 148, 293, 368, 293, 369, 0, -1, -1.5707963267948966, 1.0
325, 149, 670, 105, 670, 105, 0, 0, 0.0, 0.0
326, 0, 1073, 435, 1074, 440, -1, -5, -1.7681918866447774, 5.0990195135927845
326, 1, 268, 333, 268, 334, 0, -1, -1.5707963267948966, 1.0
326, 2, 1056, 433, 1057, 437, -1, -4, -1.8157749899217608, 4.123105625617661
326, 3, 524, 113, 524, 116, 0, -3, -1.5707963267948966, 3.0
326, 4, 133, 215, 133, 215, 0, 0, 0.0, 0.0
326, 5, 261, 336, 261, 337, 0, -1, -1.5707963267948966, 1.0
326, 6, 281, 334, 281, 335, 0, -1, -1.5707963267948966, 1.0
326, 7, 800, 701, 802, 707, -2, -6, -1.892546881191539, 6.324555320336759
326, 8, 621, 462, 622, 459, -1, 3, 1.892546881191539, 3.1622776601683795
326, 9, 979, 566, 981, 570, -2, -4, -2.0344439357957027, 4.47213595499958
326, 10, 1002, 602, 1003, 607, -1, -5, -1.7681918866447774, 5.0990195135927845
326, 11, 869, 19, 869, 23, 0, -4, -1.5707963267948966, 4.0
326, 12, 33, 289, 32, 288, 1, 1, 0.7853981633974483, 1.4142135623730951
326, 13, 1089, 35, 1093, 36, -4, -1, -2.896613990462929, 4.123105625617661
326, 14, 260, 376, 260, 377, 0, -1, -1.5707963267948966, 1.0
326, 15, 242, 319, 242, 320, 0, -1, -1.5707963267948966, 1.0
326, 16, 959, 599, 960, 604, -1, -5, -1.7681918866447774, 5.0990195135927845
326, 17, 872, 28, 872, 32, 0, -4, -1.5707963267948966, 4.0
326, 18, 999, 572, 1000, 578, -1, -6, -1.7359450042095235, 6.082762530298219
326, 19, 729, 515, 733, 519, -4, -4, -2.356194490192345, 5.656854249492381
326, 20, 943, 701, 944, 707, -1, -6, -1.7359450042095235, 6.082762530298219
326, 21, 284, 316, 284, 317, 0, -1, -1.5707963267948966, 1.0
326, 22, 697, 475, 699, 479, -2, -4, -2.0344439357957027, 4.47213595499958
326, 23, 972, 624, 972, 628, 0, -4, -1.5707963267948966, 4.0
326, 24, 505, 93, 505, 96, 0, -3, -1.5707963267948966, 3.0
326, 25, 516, 93, 516, 96, 0, -3, -1.5707963267948966, 3.0
326, 26, 712, 66, 713, 69, -1, -3, -1.892546881191539, 3.1622776601683795
326, 27, 546, 362, 547, 362, -1, 0, 3.141592653589793, 1.0
326, 28, 309, 322, 309, 323, 0, -1, -1.5707963267948966, 1.0
326, 29, 1085, 28, 1089, 29, -4, -1, -2.896613990462929, 4.123105625617661
326, 30, 1050, 91, 1053, 91, -3, 0, 3.141592653589793, 3.0
326, 31, 335, 345, 335, 346, 0, -1, -1.5707963267948966, 1.0
326, 32, 730, 475, 734, 479, -4, -4, -2.356194490192345, 5.656854249492381
326, 33, 36, 464, 33, 462, 3, 2, 0.5880026035475675, 3.605551275463989
326, 34, 989, 687, 990, 691, -1, -4, -1.8157749899217608, 4.123105625617661
326, 35, 1105, 31, 1108, 34, -3, -3, -2.356194490192345, 4.242640687119285
326, 36, 862, 29, 862, 32, 0, -3, -1.5707963267948966, 3.0
326, 37, 511, 179, 511, 181, 0, -2, -1.5707963267948966, 2.0
326, 38, 639, 107, 639, 106, 0, 1, 1.5707963267948966, 1.0
326, 39, 500, 153, 498, 154, 2, -1, -0.4636476090008061, 2.23606797749979
326, 40, 111, 168, 112, 167, -1, 1, 2.356194490192345, 1.4142135623730951
326, 41, 46, 151, 47, 151, -1, 0, 3.141592653589793, 1.0
326, 42, 1039, 489, 1039, 491, 0, -2, -1.5707963267948966, 2.0
326, 43, 598, 64, 596, 65, 2, -1, -0.4636476090008061, 2.23606797749979
326, 44, 1082, 35, 1086, 36, -4, -1, -2.896613990462929, 4.123105625617661
326, 45, 1051, 491, 1051, 495, 0, -4, -1.5707963267948966, 4.0
326, 46, 724, 480, 728, 484, -4, -4, -2.356194490192345, 5.656854249492381
326, 47, 1117, 54, 1121, 56, -4, -2, -2.677945044588987, 4.47213595499958
326, 48, 883, 701, 881, 710, 2, -9, -1.3521273809209546, 9.219544457292887
326, 49, 524, 133, 523, 136, 1, -3, -1.2490457723982544, 3.1622776601683795
326, 50, 18, 318, 18, 319, 0, -1, -1.5707963267948966, 1.0
326, 51, 610, 57, 608, 56, 2, 1, 0.4636476090008061, 2.23606797749979
326, 52, 248, 400, 248, 401, 0, -1, -1.5707963267948966, 1.0
326, 53, 523, 281, 523, 285, 0, -4, -1.5707963267948966, 4.0
326, 54, 748, 36, 748, 37, 0, -1, -1.5707963267948966, 1.0
326, 55, 768, 33, 768, 34, 0, -1, -1.5707963267948966, 1.0
326, 56, 1066, 504, 1066, 508, 0, -4, -1.5707963267948966, 4.0
326, 57, 713, 125, 713, 127, 0, -2, -1.5707963267948966, 2.0
326, 58, 52, 463, 49, 461, 3, 2, 0.5880026035475675, 3.605551275463989
326, 59, 939, 701, 939, 714, 0, -13, -1.5707963267948966, 13.0
326, 60, 1009, 600, 1010, 605, -1, -5, -1.7681918866447774, 5.0990195135927845
326, 61, 970, 686, 970, 690, 0, -4, -1.5707963267948966, 4.0
326, 62, 511, 85, 511, 88, 0, -3, -1.5707963267948966, 3.0
326, 63, 872, 701, 870, 716, 2, -15, -1.4382447944982226, 15.132745950421556
326, 64, 512, 331, 512, 335, 0, -4, -1.5707963267948966, 4.0
326, 65, 1258, 290, 1260, 291, -2, -1, -2.677945044588987, 2.23606797749979
326, 66, 980, 663, 980, 667, 0, -4, -1.5707963267948966, 4.0
326, 67, 1077, 462, 1078, 467, -1, -5, -1.7681918866447774, 5.0990195135927845
326, 68, 675, 103, 674, 103, 1, 0, 0.0, 1.0
326, 69, 687, 106, 687, 106, 0, 0, 0.0, 0.0
326, 70, 644, 101, 644, 100, 0, 1, 1.5707963267948966, 1.0
326, 71, 703, 471, 706, 476, -3, -5, -2.1112158270654806, 5.830951894845301
326, 72, 975, 571, 976, 575, -1, -4, -1.8157749899217608, 4.123105625617661
326, 73, 332, 359, 332, 360, 0, -1, -1.5707963267948966, 1.0
326, 74, 617, 69, 617, 70, 0, -1, -1.5707963267948966, 1.0
326, 75, 528, 382, 529, 384, -1, -2, -2.0344439357957027, 2.23606797749979
326, 76, 904, 701, 905, 715, -1, -14, -1.642103791580187, 14.035668847618199
326, 77, 512, 305, 512, 309, 0, -4, -1.5707963267948966, 4.0
326, 78, 328, 373, 328, 374, 0, -1, -1.5707963267948966, 1.0
326, 79, 1074, 77, 1078, 78, -4, -1, -2.896613990462929, 4.123105625617661
326, 80, 641, 15, 641, 14, 0, 1, 1.5707963267948966, 1.0
326, 81, 138, 209, 138, 209, 0, 0, 0.0, 0.0
326, 82, 610, 16, 607, 18, 3, -2, -0.5880026035475675, 3.605551275463989
326, 83, 757, 13, 757, 14, 0, -1, -1.5707963267948966, 1.0
326, 84, 101, 246, 102, 245, -1, 1, 2.356194490192345, 1.4142135623730951
326, 85, 257, 385, 257, 386, 0, -1, -1.5707963267948966, 1.0
326, 86, 1038, 480, 1038, 482, 0, -2, -1.5707963267948966, 2.0
326, 87, 230, 314, 230, 315, 0, -1, -1.5707963267948966, 1.0
326, 88, 953, 701, 956, 716, -3, -15, -1.7681918866447774, 15.297058540778355
326, 89, 288, 373, 288, 374, 0, -1, -1.5707963267948966, 1.0
326, 90, 43, 469, 40, 467, 3, 2, 0.5880026035475675, 3.605551275463989
326, 91, 1112, 68, 1116, 71, -4, -3, -2.498091544796509, 5.0
326, 92, 244, 304, 244, 305, 0, -1, -1.5707963267948966, 1.0
326, 93, 765, 10, 765, 11, 0, -1, -1.5707963267948966, 1.0
326, 94, 331, 402, 331, 403, 0, -1, -1.5707963267948966, 1.0
326, 95, 647, 497, 647, 498, 0, -1, -1.5707963267948966, 1.0
326, 96, 76, 493, 74, 493, 2, 0, 0.0, 2.0
326, 97, 630, 458, 631, 455, -1, 3, 1.892546881191539, 3.1622776601683795
326, 98, 1173, 13, 1175, 15, -2, -2, -2.356194490192345, 2.8284271247461903
326, 99, 818, 11, 818, 12, 0, -1, -1.5707963267948966, 1.0
326, 100, 1092, 75, 1094, 75, -2, 0, 3.141592653589793, 2.0
326, 101, 650, 107, 651, 106, -1, 1, 2.356194490192345, 1.4142135623730951
326, 102, 102, 225, 103, 224, -1, 1, 2.356194490192345, 1.4142135623730951
326, 103, 42, 325, 39, 323, 3, 2, 0.5880026035475675, 3.605551275463989
326, 104, 260, 356, 260, 356, 0, 0, 0.0, 0.0
326, 105, 57, 542, 53, 539, 4, 3, 0.6435011087932844, 5.0
326, 106, 1048, 533, 1048, 535, 0, -2, -1.5707963267948966, 2.0
326, 107, 686, 490, 688, 493, -2, -3, -2.158798930342464, 3.605551275463989
326, 108, 664, 477, 664, 473, 0, 4, 1.5707963267948966, 4.0
326, 109, 53, 150, 55, 150, -2, 0, 3.141592653589793, 2.0
326, 110, 24, 270, 23, 269, 1, 1, 0.7853981633974483, 1.4142135623730951
326, 111, 112, 238, 114, 236, -2, 2, 2.356194490192345, 2.8284271247461903
326, 112, 103, 196, 104, 195, -1, 1, 2.356194490192345, 1.4142135623730951
326, 113, 20, 264, 19, 263, 1, 1, 0.7853981633974483, 1.4142135623730951
326, 114, 621, 137, 621, 135, 0, 2, 1.5707963267948966, 2.0
326, 115, 772, 40, 772, 41, 0, -1, -1.5707963267948966, 1.0
326, 116, 938, 97, 938, 98, 0, -1, -1.5707963267948966, 1.0
326, 117, 656, 49, 656, 48, 0, 1, 1.5707963267948966, 1.0
326, 118, 37, 446, 34, 444, 3, 2, 0.5880026035475675, 3.605551275463989
326, 119, 508, 160, 507, 162, 1, -2, -1.1071487177940904, 2.23606797749979
326, 120, 1113, 21, 1116, 24, -3, -3, -2.356194490192345, 4.242640687119285
326, 121, 651, 21, 651, 20, 0, 1, 1.5707963267948966, 1.0
326, 122, 647, 45, 647, 44, 0, 1, 1.5707963267948966, 1.0
326, 123, 1143, 46, 1145, 48, -2, -2, -2.356194490192345, 2.8284271247461903
326, 124, 728, 454, 732, 459, -4, -5, -2.2455372690184494, 6.4031242374328485
326, 125, 638, 408, 639, 405, -1, 3, 1.892546881191539, 3.1622776601683795
326, 126, 1041, 519, 1041, 522, 0, -3, -1.5707963267948966, 3.0
326, 127, 686, 182, 686, 183, 0, -1, -1.5707963267948966, 1.0
326, 128, 52, 451, 49, 450, 3, 1, 0.3217505543966422, 3.1622776601683795
326, 129, 544, 343, 544, 345, 0, -2, -1.5707963267948966, 2.0
326, 130, 935, 89, 935, 90, 0, -1, -1.5707963267948966, 1.0
326, 131, 1150, 62, 1151, 64, -1, -2, -2.0344439357957027, 2.23606797749979
326, 132, 1062, 72, 1066, 74, -4, -2, -2.677945044588987, 4.47213595499958
326, 133, 854, 60, 854, 60, 0, 0, 0.0, 0.0
326, 134, 632, 127, 632, 126, 0, 1, 1.5707963267948966, 1.0
326, 135, 865, 97, 865, 99, 0, -2, -1.5707963267948966, 2.0
326, 136, 715, 52, 715, 54, 0, -2, -1.5707963267948966, 2.0
326, 137, 433, 25, 433, 25, 0, 0, 0.0, 0.0
326, 138, 1255, 541, 1254, 539, 1, 2, 1.1071487177940904, 2.23606797749979
326, 139, 295, 348, 295, 349, 0, -1, -1.5707963267948966, 1.0
326, 140, 1190, 69, 1190, 70, 0, -1, -1.5707963267948966, 1.0
326, 141, 625, 10, 625, 11, 0, -1, -1.5707963267948966, 1.0
326, 142, 713, 431, 716, 436, -3, -5, -2.1112158270654806, 5.830951894845301
326, 143, 679, 114, 679, 114, 0, 0, 0.0, 0.0
326, 144, 985, 650, 985, 651, 0, -1, -1.5707963267948966, 1.0
326, 145, 1056, 98, 1059, 98, -3, 0, 3.141592653589793, 3.0
326, 146, 1108, 75, 1112, 77, -4, -2, -2.677945044588987, 4.47213595499958
326, 147, 334, 338, 334, 339, 0, -1, -1.5707963267948966, 1.0
326, 148, 1071, 419, 1072, 424, -1, -5, -1.7681918866447774, 5.0990195135927845
326, 149, 500, 100, 500, 103, 0, -3, -1.5707963267948966, 3.0
326, 150, 943, 61, 944, 61, -1, 0, 3.141592653589793, 1.0
326, 151, 926, 91, 926, 92, 0, -1, -1.5707963267948966, 1.0
326, 152, 631, 35, 631, 34, 0, 1, 1.5707963267948966, 1.0
326, 153, 783, 701, 785, 708, -2, -7, -1.849095985800008, 7.280109889280518
326, 154, 522, 99, 522, 102, 0, -3, -1.5707963267948966, 3.0
326, 155, 88, 556, 88, 557, 0, -1, -1.5707963267948966, 1.0
326, 156, 815, 20, 815, 21, 0, -1, -1.5707963267948966, 1.0
326, 157, 654, 459, 654, 455, 0, 4, 1.5707963267948966, 4.0
326, 158, 641, 191, 641, 191, 0, 0, 0.0, 0.0
327, 0, 1072, 430, 1073, 435, -1, -5, -1.7681918866447774, 5.0990195135927845
327, 1, 268, 332, 268, 333, 0, -1, -1.5707963267948966, 1.0
327, 2, 1056, 429, 1056, 433, 0, -4, -1.5707963267948966, 4.0
327, 3, 524, 111, 524, 113, 0, -2, -1.5707963267948966, 2.0
327, 4, 133, 216, 133, 215, 0, 1, 1.5707963267948966, 1.0
327, 5, 281, 333, 281, 334, 0, -1, -1.5707963267948966, 1.0
327, 6, 798, 696, 800, 701, -2, -5, -1.9513027039072615, 5.385164807134504
327, 7, 620, 465, 621, 462, -1, 3, 1.892546881191539, 3.1622776601683795
327, 8, 977, 561, 979, 566, -2, -5, -1.9513027039072615, 5.385164807134504
327, 9, 1001, 597, 1002, 602, -1, -5, -1.7681918866447774, 5.0990195135927845
327, 10, 869, 16, 869, 19, 0, -3, -1.5707963267948966, 3.0
327, 11, 34, 290, 33, 289, 1, 1, 0.7853981633974483, 1.4142135623730951
327, 12, 1085, 33, 1089, 35, -4, -2, -2.677945044588987, 4.47213595499958
327, 13, 260, 375, 260, 376, 0, -1, -1.5707963267948966, 1.0
327, 14, 242, 318, 242, 319, 0, -1, -1.5707963267948966, 1.0
327, 15, 958, 594, 959, 599, -1, -5, -1.7681918866447774, 5.0990195135927845
327, 16, 872, 25, 872, 28, 0, -3, -1.5707963267948966, 3.0
327, 17, 998, 566, 999, 572, -1, -6, -1.7359450042095235, 6.082762530298219
327, 18, 723, 512, 729, 515, -6, -3, -2.677945044588987, 6.708203932499369
327, 19, 942, 696, 943, 701, -1, -5, -1.7681918866447774, 5.0990195135927845
327, 20, 284, 315, 284, 316, 0, -1, -1.5707963267948966, 1.0
327, 21, 695, 471, 697, 475, -2, -4, -2.0344439357957027, 4.47213595499958
327, 22, 972, 620, 972, 624, 0, -4, -1.5707963267948966, 4.0
327, 23, 505, 90, 505, 93, 0, -3, -1.5707963267948966, 3.0
327, 24, 516, 90, 516, 93, 0, -3, -1.5707963267948966, 3.0
327, 25, 711, 63, 712, 66, -1, -3, -1.892546881191539, 3.1622776601683795
327, 26, 309, 321, 309, 322, 0, -1, -1.5707963267948966, 1.0
327, 27, 1081, 27, 1085, 28, -4, -1, -2.896613990462929, 4.123105625617661
327, 28, 1048, 91, 1050, 91, -2, 0, 3.141592653589793, 2.0
327, 29, 335, 344, 335, 345, 0, -1, -1.5707963267948966, 1.0
327, 30, 726, 471, 730, 475, -4, -4, -2.356194490192345, 5.656854249492381
327, 31, 38, 465, 36, 464, 2, 1, 0.4636476090008061, 2.23606797749979
327, 32, 988, 683, 989, 687, -1, -4, -1.8157749899217608, 4.123105625617661
327, 33, 1101, 29, 1105, 31, -4, -2, -2.677945044588987, 4.47213595499958
327, 34, 862, 27, 862, 29, 0, -2, -1.5707963267948966, 2.0
327, 35, 511, 177, 511, 179, 0, -2, -1.5707963267948966, 2.0
327, 36, 639, 107, 639, 107, 0, 0, 0.0, 0.0
327, 37, 502, 151, 500, 153, 2, -2, -0.7853981633974483, 2.8284271247461903
327, 38, 110, 169, 111, 168, -1, 1, 2.356194490192345, 1.4142135623730951
327, 39, 45, 151, 46, 151, -1, 0, 3.141592653589793, 1.0
327, 40, 1039, 486, 1039, 489, 0, -3, -1.5707963267948966, 3.0
327, 41, 599, 64, 598, 64, 1, 0, 0.0, 1.0
327, 42, 1077, 33, 1082, 35, -5, -2, -2.761086276477428, 5.385164807134504
327, 43, 1050, 488, 1051, 491, -1, -3, -1.892546881191539, 3.1622776601683795
327, 44, 720, 476, 724, 480, -4, -4, -2.356194490192345, 5.656854249492381
327, 45, 1113, 52, 1117, 54, -4, -2, -2.677945044588987, 4.47213595499958
327, 46, 883, 701, 883, 701, 0, 0, 0.0, 0.0
327, 47, 524, 130, 524, 133, 0, -3, -1.5707963267948966, 3.0
327, 48, 18, 317, 18, 318, 0, -1, -1.5707963267948966, 1.0
327, 49, 611, 59, 610, 57, 1, 2, 1.1071487177940904, 2.23606797749979
327, 50, 248, 399, 248, 400, 0, -1, -1.5707963267948966, 1.0
327, 51, 523, 278, 523, 281, 0, -3, -1.5707963267948966, 3.0
327, 52, 748, 35, 748, 36, 0, -1, -1.5707963267948966, 1.0
327, 53, 768, 32, 768, 33, 0, -1, -1.5707963267948966, 1.0
327, 54, 1064, 501, 1066, 504, -2, -3, -2.158798930342464, 3.605551275463989
327, 55, 713, 123, 713, 125, 0, -2, -1.5707963267948966, 2.0
327, 56, 54, 464, 52, 463, 2, 1, 0.4636476090008061, 2.23606797749979
327, 57, 938, 696, 939, 701, -1, -5, -1.7681918866447774, 5.0990195135927845
327, 58, 1008, 595, 1009, 600, -1, -5, -1.7681918866447774, 5.0990195135927845
327, 59, 970, 682, 970, 686, 0, -4, -1.5707963267948966, 4.0
327, 60, 511, 82, 511, 85, 0, -3, -1.5707963267948966, 3.0
327, 61, 869, 701, 872, 701, -3, 0, 3.141592653589793, 3.0
327, 62, 512, 327, 512, 331, 0, -4, -1.5707963267948966, 4.0
327, 63, 1256, 289, 1258, 290, -2, -1, -2.677945044588987, 2.23606797749979
327, 64, 981, 659, 980, 663, 1, -4, -1.3258176636680326, 4.123105625617661
327, 65, 1076, 459, 1077, 462, -1, -3, -1.892546881191539, 3.1622776601683795
327, 66, 675, 103, 675, 103, 0, 0, 0.0, 0.0
327, 67, 687, 106, 687, 106, 0, 0, 0.0, 0.0
327, 68, 644, 101, 644, 101, 0, 0, 0.0, 0.0
327, 69, 700, 466, 703, 471, -3, -5, -2.1112158270654806, 5.830951894845301
327, 70, 974, 567, 975, 571, -1, -4, -1.8157749899217608, 4.123105625617661
327, 71, 332, 358, 332, 359, 0, -1, -1.5707963267948966, 1.0
327, 72, 617, 69, 617, 69, 0, 0, 0.0, 0.0
327, 73, 528, 380, 528, 382, 0, -2, -1.5707963267948966, 2.0
327, 74, 905, 701, 904, 701, 1, 0, 0.0, 1.0
327, 75, 512, 301, 512, 305, 0, -4, -1.5707963267948966, 4.0
327, 76, 328, 372, 328, 373, 0, -1, -1.5707963267948966, 1.0
327, 77, 1070, 75, 1074, 77, -4, -2, -2.677945044588987, 4.47213595499958
327, 78, 641, 16, 641, 15, 0, 1, 1.5707963267948966, 1.0
327, 79, 137, 210, 138, 209, -1, 1, 2.356194490192345, 1.4142135623730951
327, 80, 613, 15, 610, 16, 3, -1, -0.3217505543966422, 3.1622776601683795
327, 81, 757, 12, 757, 13, 0, -1, -1.5707963267948966, 1.0
327, 82, 100, 247, 101, 246, -1, 1, 2.356194490192345, 1.4142135623730951
327, 83, 257, 384, 257, 385, 0, -1, -1.5707963267948966, 1.0
327, 84, 1039, 476, 1038, 480, 1, -4, -1.3258176636680326, 4.123105625617661
327, 85, 230, 313, 230, 314, 0, -1, -1.5707963267948966, 1.0
327, 86, 952, 697, 953, 701, -1, -4, -1.8157749899217608, 4.123105625617661
327, 87, 288, 372, 288, 373, 0, -1, -1.5707963267948966, 1.0
327, 88, 45, 470, 43, 469, 2, 1, 0.4636476090008061, 2.23606797749979
327, 89, 1108, 65, 1112, 68, -4, -3, -2.498091544796509, 5.0
327, 90, 244, 303, 244, 304, 0, -1, -1.5707963267948966, 1.0
327, 91, 765, 9, 765, 10, 0, -1, -1.5707963267948966, 1.0
327, 92, 331, 401, 331, 402, 0, -1, -1.5707963267948966, 1.0
327, 93, 646, 497, 647, 497, -1, 0, 3.141592653589793, 1.0
327, 94, 78, 493, 76, 493, 2, 0, 0.0, 2.0
327, 95, 629, 461, 630, 458, -1, 3, 1.892546881191539, 3.1622776601683795
327, 96, 1171, 11, 1173, 13, -2, -2, -2.356194490192345, 2.8284271247461903
327, 97, 818, 10, 818, 11, 0, -1, -1.5707963267948966, 1.0
327, 98, 1090, 74, 1092, 75, -2, -1, -2.677945044588987, 2.23606797749979
327, 99, 650, 107, 650, 107, 0, 0, 0.0, 0.0
327, 100, 101, 226, 102, 225, -1, 1, 2.356194490192345, 1.4142135623730951
327, 101, 44, 326, 42, 325, 2, 1, 0.4636476090008061, 2.23606797749979
327, 102, 260, 355, 260, 356, 0, -1, -1.5707963267948966, 1.0
327, 103, 60, 544, 57, 542, 3, 2, 0.5880026035475675, 3.605551275463989
327, 104, 1048, 532, 1048, 533, 0, -1, -1.5707963267948966, 1.0
327, 105, 684, 488, 686, 490, -2, -2, -2.356194490192345, 2.8284271247461903
327, 106, 664, 480, 664, 477, 0, 3, 1.5707963267948966, 3.0
327, 107, 51, 151, 53, 150, -2, 1, 2.677945044588987, 2.23606797749979
327, 108, 26, 271, 24, 270, 2, 1, 0.4636476090008061, 2.23606797749979
327, 109, 110, 240, 112, 238, -2, 2, 2.356194490192345, 2.8284271247461903
327, 110, 102, 197, 103, 196, -1, 1, 2.356194490192345, 1.4142135623730951
327, 111, 21, 266, 20, 264, 1, 2, 1.1071487177940904, 2.23606797749979
327, 112, 621, 139, 621, 137, 0, 2, 1.5707963267948966, 2.0
327, 113, 772, 39, 772, 40, 0, -1, -1.5707963267948966, 1.0
327, 114, 938, 96, 938, 97, 0, -1, -1.5707963267948966, 1.0
327, 115, 656, 50, 656, 49, 0, 1, 1.5707963267948966, 1.0
327, 116, 39, 448, 37, 446, 2, 2, 0.7853981633974483, 2.8284271247461903
327, 117, 509, 157, 508, 160, 1, -3, -1.2490457723982544, 3.1622776601683795
327, 118, 1109, 19, 1113, 21, -4, -2, -2.677945044588987, 4.47213595499958
327, 119, 651, 22, 651, 21, 0, 1, 1.5707963267948966, 1.0
327, 120, 647, 46, 647, 45, 0, 1, 1.5707963267948966, 1.0
327, 121, 1141, 44, 1143, 46, -2, -2, -2.356194490192345, 2.8284271247461903
327, 122, 724, 449, 728, 454, -4, -5, -2.2455372690184494, 6.4031242374328485
327, 123, 637, 411, 638, 408, -1, 3, 1.892546881191539, 3.1622776601683795
327, 124, 1042, 516, 1041, 519, 1, -3, -1.2490457723982544, 3.1622776601683795
327, 125, 686, 182, 686, 182, 0, 0, 0.0, 0.0
327, 126, 54, 452, 52, 451, 2, 1, 0.4636476090008061, 2.23606797749979
327, 127, 544, 341, 544, 343, 0, -2, -1.5707963267948966, 2.0
327, 128, 935, 88, 935, 89, 0, -1, -1.5707963267948966, 1.0
327, 129, 1148, 61, 1150, 62, -2, -1, -2.677945044588987, 2.23606797749979
327, 130, 1058, 70, 1062, 72, -4, -2, -2.677945044588987, 4.47213595499958
327, 131, 854, 60, 854, 60, 0, 0, 0.0, 0.0
327, 132, 631, 129, 632, 127, -1, 2, 2.0344439357957027, 2.23606797749979
327, 133, 865, 95, 865, 97, 0, -2, -1.5707963267948966, 2.0
327, 134, 714, 49, 715, 52, -1, -3, -1.892546881191539, 3.1622776601683795
327, 135, 433, 25, 433, 25, 0, 0, 0.0, 0.0
327, 136, 1255, 543, 1255, 541, 0, 2, 1.5707963267948966, 2.0
327, 137, 295, 347, 295, 348, 0, -1, -1.5707963267948966, 1.0
327, 138, 1190, 68, 1190, 69, 0, -1, -1.5707963267948966, 1.0
327, 139, 625, 9, 625, 10, 0, -1, -1.5707963267948966, 1.0
327, 140, 710, 426, 713, 431, -3, -5, -2.1112158270654806, 5.830951894845301
327, 141, 679, 114, 679, 114, 0, 0, 0.0, 0.0
327, 142, 985, 649, 985, 650, 0, -1, -1.5707963267948966, 1.0
327, 143, 1055, 98, 1056, 98, -1, 0, 3.141592653589793, 1.0
327, 144, 1104, 73, 1108, 75, -4, -2, -2.677945044588987, 4.47213595499958
327, 145, 334, 337, 334, 338, 0, -1, -1.5707963267948966, 1.0
327, 146, 1070, 414, 1071, 419, -1, -5, -1.7681918866447774, 5.0990195135927845
327, 147, 500, 97, 500, 100, 0, -3, -1.5707963267948966, 3.0
327, 148, 943, 61, 943, 61, 0, 0, 0.0, 0.0
327, 149, 926, 90, 926, 91, 0, -1, -1.5707963267948966, 1.0
327, 150, 631, 36, 631, 35, 0, 1, 1.5707963267948966, 1.0
327, 151, 781, 696, 783, 701, -2, -5, -1.9513027039072615, 5.385164807134504
327, 152, 522, 96, 522, 99, 0, -3, -1.5707963267948966, 3.0
327, 153, 88, 555, 88, 556, 0, -1, -1.5707963267948966, 1.0
327, 154, 815, 19, 815, 20, 0, -1, -1.5707963267948966, 1.0
327, 155, 653, 463, 654, 459, -1, 4, 1.8157749899217608, 4.123105625617661
327, 156, 641, 190, 641, 191, 0, -1, -1.5707963267948966, 1.0
328, 0, 259, 325, 259, 325, 0, 0, 0.0, 0.0
328, 1, 1057, 429, 1057, 433, 0, -4, -1.5707963267948966, 4.0
328, 2, 1074, 430, 1075, 435, -1, -5, -1.7681918866447774, 5.0990195135927845
328, 3, 268, 332, 268, 333, 0, -1, -1.5707963267948966, 1.0
328, 4, 527, 107, 526, 109, 1, -2, -1.1071487177940904, 2.23606797749979
328, 5, 132, 219, 133, 216, -1, 3, 1.892546881191539, 3.1622776601683795
328, 6, 243, 320, 242, 320, 1, 0, 0.0, 1.0
328, 7, 872, 26, 872, 29, 0, -3, -1.5707963267948966, 3.0
328, 8, 622, 468, 622, 464, 0, 4, 1.5707963267948966, 4.0
328, 9, 249, 329, 249, 329, 0, 0, 0.0, 0.0
328, 10, 282, 333, 282, 334, 0, -1, -1.5707963267948966, 1.0
328, 11, 977, 561, 980, 565, -3, -4, -2.214297435588181, 5.0
328, 12, 718, 476, 722, 479, -4, -3, -2.498091544796509, 5.0
328, 13, 869, 17, 869, 20, 0, -3, -1.5707963267948966, 3.0
328, 14, 33, 298, 31, 295, 2, 3, 0.982793723247329, 3.605551275463989
328, 15, 800, 696, 799, 699, 1, -3, -1.2490457723982544, 3.1622776601683795
328, 16, 1086, 33, 1089, 35, -3, -2, -2.5535900500422257, 3.605551275463989
328, 17, 1102, 31, 1106, 32, -4, -1, -2.896613990462929, 4.123105625617661
328, 18, 958, 595, 959, 599, -1, -4, -1.8157749899217608, 4.123105625617661
328, 19, 971, 618, 973, 621, -2, -3, -2.158798930342464, 3.605551275463989
328, 20, 1001, 595, 1003, 600, -2, -5, -1.9513027039072615, 5.385164807134504
328, 21, 284, 317, 284, 318, 0, -1, -1.5707963267948966, 1.0
328, 22, 260, 376, 260, 377, 0, -1, -1.5707963267948966, 1.0
328, 23, 942, 696, 944, 699, -2, -3, -2.158798930342464, 3.605551275463989
328, 24, 1089, 71, 1091, 72, -2, -1, -2.677945044588987, 2.23606797749979
328, 25, 1081, 26, 1085, 28, -4, -2, -2.677945044588987, 4.47213595499958
328, 26, 997, 565, 999, 571, -2, -6, -1.892546881191539, 6.324555320336759
328, 27, 726, 470, 730, 474, -4, -4, -2.356194490192345, 5.656854249492381
328, 28, 712, 57, 712, 62, 0, -5, -1.5707963267948966, 5.0
328, 29, 693, 470, 697, 474, -4, -4, -2.356194490192345, 5.656854249492381
328, 30, 990, 682, 990, 684, 0, -2, -1.5707963267948966, 2.0
328, 31, 862, 26, 862, 29, 0, -3, -1.5707963267948966, 3.0
328, 32, 544, 360, 546, 364, -2, -4, -2.0344439357957027, 4.47213595499958
328, 33, 306, 322, 306, 323, 0, -1, -1.5707963267948966, 1.0
328, 34, 517, 89, 517, 93, 0, -4, -1.5707963267948966, 4.0
328, 35, 1040, 474, 1039, 476, 1, -2, -1.1071487177940904, 2.23606797749979
328, 36, 335, 344, 335, 345, 0, -1, -1.5707963267948966, 1.0
328, 37, 255, 336, 255, 336, 0, 0, 0.0, 0.0
328, 38, 1008, 592, 1010, 598, -2, -6, -1.892546881191539, 6.324555320336759
328, 39, 1259, 292, 1259, 293, 0, -1, -1.5707963267948966, 1.0
328, 40, 39, 463, 36, 463, 3, 0, 0.0, 3.0
328, 41, 612, 60, 611, 59, 1, 1, 0.7853981633974483, 1.4142135623730951
328, 42, 1078, 33, 1082, 35, -4, -2, -2.677945044588987, 4.47213595499958
328, 43, 498, 145, 496, 149, 2, -4, -1.1071487177940904, 4.47213595499958
328, 44, 981, 656, 981, 660, 0, -4, -1.5707963267948966, 4.0
328, 45, 529, 382, 529, 384, 0, -2, -1.5707963267948966, 2.0
328, 46, 937, 701, 939, 706, -2, -5, -1.9513027039072615, 5.385164807134504
328, 47, 514, 327, 513, 331, 1, -4, -1.3258176636680326, 4.123105625617661
328, 48, 109, 171, 111, 168, -2, 3, 2.158798930342464, 3.605551275463989
328, 49, 680, 107, 680, 106, 0, 1, 1.5707963267948966, 1.0
328, 50, 602, 62, 601, 61, 1, 1, 0.7853981633974483, 1.4142135623730951
328, 51, 768, 32, 768, 33, 0, -1, -1.5707963267948966, 1.0
328, 52, 506, 89, 506, 94, 0, -5, -1.5707963267948966, 5.0
328, 53, 18, 317, 18, 318, 0, -1, -1.5707963267948966, 1.0
328, 54, 613, 18, 611, 17, 2, 1, 0.4636476090008061, 2.23606797749979
328, 55, 524, 128, 523, 133, 1, -5, -1.373400766945016, 5.0990195135927845
328, 56, 1104, 66, 1109, 69, -5, -3, -2.601173153319209, 5.830951894845301
328, 57, 511, 80, 511, 85, 0, -5, -1.5707963267948966, 5.0
328, 58, 1115, 52, 1119, 54, -4, -2, -2.677945044588987, 4.47213595499958
328, 59, 610, 50, 608, 50, 2, 0, 0.0, 2.0
328, 60, 1042, 483, 1041, 485, 1, -2, -1.1071487177940904, 2.23606797749979
328, 61, 970, 679, 970, 682, 0, -3, -1.5707963267948966, 3.0
328, 62, 290, 374, 289, 374, 1, 0, 0.0, 1.0
328, 63, 757, 12, 757, 13, 0, -1, -1.5707963267948966, 1.0
328, 64, 248, 400, 248, 401, 0, -1, -1.5707963267948966, 1.0
328, 65, 544, 340, 544, 344, 0, -4, -1.5707963267948966, 4.0
328, 66, 332, 358, 332, 359, 0, -1, -1.5707963267948966, 1.0
328, 67, 525, 276, 524, 282, 1, -6, -1.4056476493802699, 6.082762530298219
328, 68, 748, 35, 748, 36, 0, -1, -1.5707963267948966, 1.0
328, 69, 710, 523, 712, 525, -2, -2, -2.356194490192345, 2.8284271247461903
328, 70, 617, 68, 617, 69, 0, -1, -1.5707963267948966, 1.0
328, 71, 640, 109, 640, 108, 0, 1, 1.5707963267948966, 1.0
328, 72, 715, 510, 719, 512, -4, -2, -2.677945044588987, 4.47213595499958
328, 73, 973, 567, 975, 570, -2, -3, -2.158798930342464, 3.605551275463989
328, 74, 643, 17, 642, 16, 1, 1, 0.7853981633974483, 1.4142135623730951
328, 75, 688, 108, 688, 107, 0, 1, 1.5707963267948966, 1.0
328, 76, 498, 134, 497, 135, 1, -1, -0.7853981633974483, 1.4142135623730951
328, 77, 865, 97, 865, 99, 0, -2, -1.5707963267948966, 2.0
328, 78, 53, 463, 52, 463, 1, 0, 0.0, 1.0
328, 79, 631, 460, 631, 456, 0, 4, 1.5707963267948966, 4.0
328, 80, 647, 500, 647, 498, 0, 2, 1.5707963267948966, 2.0
328, 81, 328, 373, 328, 374, 0, -1, -1.5707963267948966, 1.0
328, 82, 137, 213, 138, 210, -1, 3, 1.892546881191539, 3.1622776601683795
328, 83, 258, 384, 258, 385, 0, -1, -1.5707963267948966, 1.0
328, 84, 766, 10, 766, 11, 0, -1, -1.5707963267948966, 1.0
328, 85, 714, 120, 713, 125, 1, -5, -1.373400766945016, 5.0990195135927845
328, 86, 109, 245, 112, 241, -3, 4, 2.214297435588181, 5.0
328, 87, 1048, 533, 1048, 535, 0, -2, -1.5707963267948966, 2.0
328, 88, 1256, 552, 1256, 552, 0, 0, 0.0, 0.0
328, 89, 29, 273, 26, 271, 3, 2, 0.5880026035475675, 3.605551275463989
328, 90, 644, 102, 644, 101, 0, 1, 1.5707963267948966, 1.0
328, 91, 938, 97, 938, 98, 0, -1, -1.5707963267948966, 1.0
328, 92, 1141, 43, 1144, 46, -3, -3, -2.356194490192345, 4.242640687119285
328, 93, 514, 299, 513, 305, 1, -6, -1.4056476493802699, 6.082762530298219
328, 94, 818, 10, 818, 11, 0, -1, -1.5707963267948966, 1.0
328, 95, 1261, 255, 1277, 261, -16, -6, -2.782821983319221, 17.08800749063506
328, 96, 1154, 74, 1157, 77, -3, -3, -2.356194490192345, 4.242640687119285
328, 97, 102, 228, 103, 225, -1, 3, 1.892546881191539, 3.1622776601683795
328, 98, 45, 468, 43, 468, 2, 0, 0.0, 2.0
328, 99, 664, 480, 664, 476, 0, 4, 1.5707963267948966, 4.0
328, 100, 652, 108, 652, 107, 0, 1, 1.5707963267948966, 1.0
328, 101, 51, 152, 53, 151, -2, 1, 2.677945044588987, 2.23606797749979
329, 0, 259, 324, 259, 325, 0, -1, -1.5707963267948966, 1.0
329, 1, 1057, 425, 1057, 429, 0, -4, -1.5707963267948966, 4.0
329, 2, 1074, 425, 1074, 430, 0, -5, -1.5707963267948966, 5.0
329, 3, 268, 331, 268, 332, 0, -1, -1.5707963267948966, 1.0
329, 4, 527, 107, 527, 107, 0, 0, 0.0, 0.0
329, 5, 132, 220, 132, 219, 0, 1, 1.5707963267948966, 1.0
329, 6, 243, 320, 243, 320, 0, 0, 0.0, 0.0
329, 7, 872, 25, 872, 26, 0, -1, -1.5707963267948966, 1.0
329, 8, 622, 471, 622, 468, 0, 3, 1.5707963267948966, 3.0
329, 9, 249, 328, 249, 329, 0, -1, -1.5707963267948966, 1.0
329, 10, 282, 332, 282, 333, 0, -1, -1.5707963267948966, 1.0
329, 11, 975, 557, 977, 561, -2, -4, -2.0344439357957027, 4.47213595499958
329, 12, 714, 473, 718, 476, -4, -3, -2.498091544796509, 5.0
329, 13, 868, 15, 869, 17, -1, -2, -2.0344439357957027, 2.23606797749979
329, 14, 34, 299, 33, 298, 1, 1, 0.7853981633974483, 1.4142135623730951
329, 15, 800, 692, 800, 696, 0, -4, -1.5707963267948966, 4.0
329, 16, 1082, 30, 1086, 33, -4, -3, -2.498091544796509, 5.0
329, 17, 1099, 28, 1102, 31, -3, -3, -2.356194490192345, 4.242640687119285
329, 18, 957, 591, 958, 595, -1, -4, -1.8157749899217608, 4.123105625617661
329, 19, 970, 613, 971, 618, -1, -5, -1.7681918866447774, 5.0990195135927845
329, 20, 1000, 590, 1001, 595, -1, -5, -1.7681918866447774, 5.0990195135927845
329, 21, 284, 316, 284, 317, 0, -1, -1.5707963267948966, 1.0
329, 22, 260, 375, 260, 376, 0, -1, -1.5707963267948966, 1.0
329, 23, 941, 692, 942, 696, -1, -4, -1.8157749899217608, 4.123105625617661
329, 24, 1085, 69, 1089, 71, -4, -2, -2.677945044588987, 4.47213595499958
329, 25, 1077, 24, 1081, 26, -4, -2, -2.677945044588987, 4.47213595499958
329, 26, 995, 560, 997, 565, -2, -5, -1.9513027039072615, 5.385164807134504
329, 27, 722, 466, 726, 470, -4, -4, -2.356194490192345, 5.656854249492381
329, 28, 712, 54, 712, 57, 0, -3, -1.5707963267948966, 3.0
329, 29, 690, 466, 693, 470, -3, -4, -2.214297435588181, 5.0
329, 30, 991, 679, 990, 682, 1, -3, -1.2490457723982544, 3.1622776601683795
329, 31, 862, 25, 862, 26, 0, -1, -1.5707963267948966, 1.0
329, 32, 543, 357, 544, 360, -1, -3, -1.892546881191539, 3.1622776601683795
329, 33, 306, 321, 306, 322, 0, -1, -1.5707963267948966, 1.0
329, 34, 517, 85, 517, 89, 0, -4, -1.5707963267948966, 4.0
329, 35, 1041, 471, 1040, 474, 1, -3, -1.2490457723982544, 3.1622776601683795
329, 36, 335, 343, 335, 344, 0, -1, -1.5707963267948966, 1.0
329, 37, 255, 335, 255, 336, 0, -1, -1.5707963267948966, 1.0
329, 38, 1006, 587, 1008, 592, -2, -5, -1.9513027039072615, 5.385164807134504
329, 39, 1259, 291, 1259, 292, 0, -1, -1.5707963267948966, 1.0
329, 40, 41, 465, 39, 463, 2, 2, 0.7853981633974483, 2.8284271247461903
329, 41, 613, 61, 612, 60, 1, 1, 0.7853981633974483, 1.4142135623730951
329, 42, 1074, 31, 1078, 33, -4, -2, -2.677945044588987, 4.47213595499958
329, 43, 498, 141, 498, 145, 0, -4, -1.5707963267948966, 4.0
329, 44, 981, 652, 981, 656, 0, -4, -1.5707963267948966, 4.0
329, 45, 529, 380, 529, 382, 0, -2, -1.5707963267948966, 2.0
329, 46, 936, 697, 937, 701, -1, -4, -1.8157749899217608, 4.123105625617661
329, 47, 514, 323, 514, 327, 0, -4, -1.5707963267948966, 4.0
329, 48, 108, 173, 109, 171, -1, 2, 2.0344439357957027, 2.23606797749979
329, 49, 681, 107, 680, 107, 1, 0, 0.0, 1.0
329, 50, 603, 62, 602, 62, 1, 0, 0.0, 1.0
329, 51, 768, 31, 768, 32, 0, -1, -1.5707963267948966, 1.0
329, 52, 506, 85, 506, 89, 0, -4, -1.5707963267948966, 4.0
329, 53, 616, 16, 613, 18, 3, -2, -0.5880026035475675, 3.605551275463989
329, 54, 524, 126, 524, 128, 0, -2, -1.5707963267948966, 2.0
329, 55, 1101, 63, 1104, 66, -3, -3, -2.356194490192345, 4.242640687119285
329, 56, 511, 76, 511, 80, 0, -4, -1.5707963267948966, 4.0
329, 57, 1111, 50, 1115, 52, -4, -2, -2.677945044588987, 4.47213595499958
329, 58, 611, 50, 610, 50, 1, 0, 0.0, 1.0
329, 59, 1043, 480, 1042, 483, 1, -3, -1.2490457723982544, 3.1622776601683795
329, 60, 969, 675, 970, 679, -1, -4, -1.8157749899217608, 4.123105625617661
329, 61, 290, 374, 290, 374, 0, 0, 0.0, 0.0
329, 62, 757, 11, 757, 12, 0, -1, -1.5707963267948966, 1.0
329, 63, 248, 399, 248, 400, 0, -1, -1.5707963267948966, 1.0
329, 64, 544, 337, 544, 340, 0, -3, -1.5707963267948966, 3.0
329, 65, 332, 357, 332, 358, 0, -1, -1.5707963267948966, 1.0
329, 66, 525, 273, 525, 276, 0, -3, -1.5707963267948966, 3.0
329, 67, 748, 34, 748, 35, 0, -1, -1.5707963267948966, 1.0
329, 68, 710, 522, 710, 523, 0, -1, -1.5707963267948966, 1.0
329, 69, 617, 68, 617, 68, 0, 0, 0.0, 0.0
329, 70, 640, 109, 640, 109, 0, 0, 0.0, 0.0
329, 71, 714, 507, 715, 510, -1, -3, -1.892546881191539, 3.1622776601683795
329, 72, 971, 563, 973, 567, -2, -4, -2.0344439357957027, 4.47213595499958
329, 73, 643, 17, 643, 17, 0, 0, 0.0, 0.0
329, 74, 689, 108, 688, 108, 1, 0, 0.0, 1.0
329, 75, 498, 130, 498, 134, 0, -4, -1.5707963267948966, 4.0
329, 76, 865, 95, 865, 97, 0, -2, -1.5707963267948966, 2.0
329, 77, 56, 466, 53, 463, 3, 3, 0.7853981633974483, 4.242640687119285
329, 78, 631, 463, 631, 460, 0, 3, 1.5707963267948966, 3.0
329, 79, 647, 505, 647, 500, 0, 5, 1.5707963267948966, 5.0
329, 80, 328, 372, 328, 373, 0, -1, -1.5707963267948966, 1.0
329, 81, 136, 214, 137, 213, -1, 1, 2.356194490192345, 1.4142135623730951
329, 82, 258, 383, 258, 384, 0, -1, -1.5707963267948966, 1.0
329, 83, 766, 9, 766, 10, 0, -1, -1.5707963267948966, 1.0
329, 84, 714, 117, 714, 120, 0, -3, -1.5707963267948966, 3.0
329, 85, 108, 247, 109, 245, -1, 2, 2.0344439357957027, 2.23606797749979
329, 86, 1048, 530, 1048, 533, 0, -3, -1.5707963267948966, 3.0
329, 87, 1256, 552, 1256, 552, 0, 0, 0.0, 0.0
329, 88, 31, 274, 29, 273, 2, 1, 0.4636476090008061, 2.23606797749979
329, 89, 644, 102, 644, 102, 0, 0, 0.0, 0.0
329, 90, 938, 96, 938, 97, 0, -1, -1.5707963267948966, 1.0
329, 91, 1139, 40, 1141, 43, -2, -3, -2.158798930342464, 3.605551275463989
329, 92, 514, 295, 514, 299, 0, -4, -1.5707963267948966, 4.0
329, 93, 1259, 252, 1261, 255, -2, -3, -2.158798930342464, 3.605551275463989
329, 94, 1152, 72, 1154, 74, -2, -2, -2.356194490192345, 2.8284271247461903
329, 95, 101, 230, 102, 228, -1, 2, 2.0344439357957027, 2.23606797749979
329, 96, 48, 470, 45, 468, 3, 2, 0.5880026035475675, 3.605551275463989
329, 97, 664, 481, 664, 480, 0, 1, 1.5707963267948966, 1.0
329, 98, 652, 108, 652, 108, 0, 0, 0.0, 0.0
329, 99, 50, 154, 51, 152, -1, 2, 2.0344439357957027, 2.23606797749979
330, 0, 1056, 423, 1057, 427, -1, -4, -1.8157749899217608, 4.123105625617661
330, 1, 1074, 424, 1075, 429, -1, -5, -1.7681918866447774, 5.0990195135927845
330, 2, 254, 327, 254, 329, 0, -2, -1.5707963267948966, 2.0
330, 3, 132, 220, 132, 219, 0, 1, 1.5707963267948966, 1.0
330, 4, 976, 555, 978, 559, -2, -4, -2.0344439357957027, 4.47213595499958
330, 5, 623, 477, 623, 474, 0, 3, 1.5707963267948966, 3.0
330, 6, 957, 589, 958, 593, -1, -4, -1.8157749899217608, 4.123105625617661
330, 7, 36, 300, 34, 298, 2, 2, 0.7853981633974483, 2.8284271247461903
330, 8, 872, 25, 873, 27, -1, -2, -2.0344439357957027, 2.23606797749979
330, 9, 40, 294, 38, 292, 2, 2, 0.7853981633974483, 2.8284271247461903
330, 10, 868, 17, 869, 19, -1, -2, -2.0344439357957027, 2.23606797749979
330, 11, 1041, 470, 1040, 472, 1, -2, -1.1071487177940904, 2.23606797749979
330, 12, 242, 318, 242, 319, 0, -1, -1.5707963267948966, 1.0
330, 13, 1133, 59, 1134, 61, -1, -2, -2.0344439357957027, 2.23606797749979
330, 14, 720, 465, 724, 468, -4, -3, -2.498091544796509, 5.0
330, 15, 795, 679, 797, 684, -2, -5, -1.9513027039072615, 5.385164807134504
330, 16, 282, 333, 282, 334, 0, -1, -1.5707963267948966, 1.0
330, 17, 652, 18, 653, 18, -1, 0, 3.141592653589793, 1.0
330, 18, 1087, 67, 1090, 69, -3, -2, -2.5535900500422257, 3.605551275463989
330, 19, 285, 316, 285, 317, 0, -1, -1.5707963267948966, 1.0
330, 20, 994, 558, 996, 563, -2, -5, -1.9513027039072615, 5.385164807134504
330, 21, 674, 33, 674, 32, 0, 1, 1.5707963267948966, 1.0
330, 22, 259, 375, 259, 376, 0, -1, -1.5707963267948966, 1.0
330, 23, 999, 585, 1001, 590, -2, -5, -1.9513027039072615, 5.385164807134504
330, 24, 335, 343, 335, 344, 0, -1, -1.5707963267948966, 1.0
330, 25, 969, 612, 971, 617, -2, -5, -1.9513027039072615, 5.385164807134504
330, 26, 713, 58, 713, 62, 0, -4, -1.5707963267948966, 4.0
330, 27, 1080, 29, 1084, 32, -4, -3, -2.498091544796509, 5.0
330, 28, 675, 458, 676, 461, -1, -3, -1.892546881191539, 3.1622776601683795
330, 29, 1076, 22, 1080, 25, -4, -3, -2.498091544796509, 5.0
330, 30, 42, 118, 43, 118, -1, 0, 3.141592653589793, 1.0
330, 31, 11, 244, 10, 243, 1, 1, 0.7853981633974483, 1.4142135623730951
330, 32, 308, 321, 308, 322, 0, -1, -1.5707963267948966, 1.0
330, 33, 936, 698, 937, 701, -1, -3, -1.892546881191539, 3.1622776601683795
330, 34, 712, 524, 712, 525, 0, -1, -1.5707963267948966, 1.0
330, 35, 1072, 30, 1076, 33, -4, -3, -2.498091544796509, 5.0
330, 36, 518, 85, 518, 89, 0, -4, -1.5707963267948966, 4.0
330, 37, 1108, 50, 1112, 52, -4, -2, -2.677945044588987, 4.47213595499958
330, 38, 989, 667, 990, 671, -1, -4, -1.8157749899217608, 4.123105625617661
330, 39, 545, 357, 545, 360, 0, -3, -1.5707963267948966, 3.0
330, 40, 526, 113, 526, 112, 0, 1, 1.5707963267948966, 1.0
330, 41, 261, 356, 261, 357, 0, -1, -1.5707963267948966, 1.0
330, 42, 1099, 29, 1102, 30, -3, -1, -2.819842099193151, 3.1622776601683795
330, 43, 511, 152, 511, 155, 0, -3, -1.5707963267948966, 3.0
330, 44, 19, 316, 19, 317, 0, -1, -1.5707963267948966, 1.0
330, 45, 689, 464, 693, 468, -4, -4, -2.356194490192345, 5.656854249492381
330, 46, 768, 31, 768, 32, 0, -1, -1.5707963267948966, 1.0
330, 47, 749, 35, 749, 36, 0, -1, -1.5707963267948966, 1.0
330, 48, 953, 605, 953, 610, 0, -5, -1.5707963267948966, 5.0
330, 49, 43, 470, 41, 468, 2, 2, 0.7853981633974483, 2.8284271247461903
330, 50, 528, 381, 529, 383, -1, -2, -2.0344439357957027, 2.23606797749979
330, 51, 506, 86, 506, 90, 0, -4, -1.5707963267948966, 4.0
330, 52, 296, 376, 296, 376, 0, 0, 0.0, 0.0
330, 53, 1007, 585, 1009, 590, -2, -5, -1.9513027039072615, 5.385164807134504
330, 54, 1260, 291, 1260, 292, 0, -1, -1.5707963267948966, 1.0
330, 55, 970, 560, 972, 564, -2, -4, -2.0344439357957027, 4.47213595499958
330, 56, 512, 77, 512, 81, 0, -4, -1.5707963267948966, 4.0
330, 57, 108, 173, 109, 171, -1, 2, 2.0344439357957027, 2.23606797749979
330, 58, 613, 62, 612, 62, 1, 0, 0.0, 1.0
330, 59, 949, 677, 950, 682, -1, -5, -1.7681918866447774, 5.0990195135927845
330, 60, 263, 327, 263, 329, 0, -2, -1.5707963267948966, 2.0
330, 61, 640, 110, 640, 109, 0, 1, 1.5707963267948966, 1.0
330, 62, 866, 97, 866, 98, 0, -1, -1.5707963267948966, 1.0
330, 63, 1081, 449, 1081, 454, 0, -5, -1.5707963267948966, 5.0
330, 64, 31, 276, 29, 274, 2, 2, 0.7853981633974483, 2.8284271247461903
330, 65, 969, 666, 970, 669, -1, -3, -1.892546881191539, 3.1622776601683795
330, 66, 249, 399, 249, 400, 0, -1, -1.5707963267948966, 1.0
330, 67, 862, 26, 863, 28, -1, -2, -2.0344439357957027, 2.23606797749979
330, 68, 261, 335, 261, 337, 0, -2, -1.5707963267948966, 2.0
330, 69, 629, 143, 628, 142, 1, 1, 0.7853981633974483, 1.4142135623730951
330, 70, 514, 297, 514, 301, 0, -4, -1.5707963267948966, 4.0
330, 71, 59, 469, 57, 467, 2, 2, 0.7853981633974483, 2.8284271247461903
330, 72, 137, 214, 138, 213, -1, 1, 2.356194490192345, 1.4142135623730951
330, 73, 332, 358, 332, 359, 0, -1, -1.5707963267948966, 1.0
330, 74, 273, 334, 273, 335, 0, -1, -1.5707963267948966, 1.0
330, 75, 49, 474, 47, 472, 2, 2, 0.7853981633974483, 2.8284271247461903
330, 76, 543, 338, 543, 341, 0, -3, -1.5707963267948966, 3.0
330, 77, 104, 230, 105, 228, -1, 2, 2.0344439357957027, 2.23606797749979
330, 78, 332, 401, 332, 402, 0, -1, -1.5707963267948966, 1.0
330, 79, 1250, 501, 1249, 500, 1, 1, 0.7853981633974483, 1.4142135623730951
330, 80, 29, 145, 31, 145, -2, 0, 3.141592653589793, 2.0
330, 81, 526, 275, 525, 279, 1, -4, -1.3258176636680326, 4.123105625617661
330, 82, 620, 14, 617, 15, 3, -1, -0.3217505543966422, 3.1622776601683795
330, 83, 818, 10, 818, 11, 0, -1, -1.5707963267948966, 1.0
330, 84, 1065, 79, 1067, 78, -2, 1, 2.677945044588987, 2.23606797749979
330, 85, 645, 103, 645, 103, 0, 0, 0.0, 0.0
330, 86, 497, 142, 497, 146, 0, -4, -1.5707963267948966, 4.0
330, 87, 690, 109, 689, 108, 1, 1, 0.7853981633974483, 1.4142135623730951
330, 88, 328, 372, 328, 373, 0, -1, -1.5707963267948966, 1.0
330, 89, 642, 16, 642, 16, 0, 0, 0.0, 0.0
330, 90, 630, 464, 630, 461, 0, 3, 1.5707963267948966, 3.0
330, 91, 1247, 456, 1245, 455, 2, 1, 0.4636476090008061, 2.23606797749979
330, 92, 257, 384, 257, 385, 0, -1, -1.5707963267948966, 1.0
330, 93, 710, 470, 713, 473, -3, -3, -2.356194490192345, 4.242640687119285
330, 94, 985, 643, 985, 648, 0, -5, -1.5707963267948966, 5.0
330, 95, 652, 108, 652, 108, 0, 0, 0.0, 0.0
330, 96, 716, 44, 716, 48, 0, -4, -1.5707963267948966, 4.0
330, 97, 26, 270, 24, 268, 2, 2, 0.7853981633974483, 2.8284271247461903
330, 98, 102, 202, 103, 200, -1, 2, 2.0344439357957027, 2.23606797749979
330, 99, 619, 68, 617, 68, 2, 0, 0.0, 2.0
330, 100, 268, 375, 268, 376, 0, -1, -1.5707963267948966, 1.0
330, 101, 611, 43, 610, 44, 1, -1, -0.7853981633974483, 1.4142135623730951
330, 102, 939, 96, 939, 97, 0, -1, -1.5707963267948966, 1.0
330, 103, 231, 312, 231, 313, 0, -1, -1.5707963267948966, 1.0
330, 104, 773, 39, 773, 40, 0, -1, -1.5707963267948966, 1.0
330, 105, 518, 324, 518, 328, 0, -4, -1.5707963267948966, 4.0
330, 106, 44, 453, 41, 450, 3, 3, 0.7853981633974483, 4.242640687119285
330, 107, 21, 302, 21, 302, 0, 0, 0.0, 0.0
330, 108, 518, 169, 516, 175, 2, -6, -1.2490457723982544, 6.324555320336759
330, 109, 245, 303, 245, 304, 0, -1, -1.5707963267948966, 1.0
330, 110, 524, 93, 524, 96, 0, -3, -1.5707963267948966, 3.0
330, 111, 1051, 494, 1050, 497, 1, -3, -1.2490457723982544, 3.1622776601683795
330, 112, 44, 331, 44, 330, 0, 1, 1.5707963267948966, 1.0
330, 113, 704, 425, 708, 428, -4, -3, -2.498091544796509, 5.0
330, 114, 648, 164, 648, 161, 0, 3, 1.5707963267948966, 3.0
330, 115, 640, 416, 639, 413, 1, 3, 1.2490457723982544, 3.1622776601683795
330, 116, 1093, 50, 1096, 52, -3, -2, -2.5535900500422257, 3.605551275463989
330, 117, 935, 89, 935, 90, 0, -1, -1.5707963267948966, 1.0
330, 118, 1049, 528, 1049, 531, 0, -3, -1.5707963267948966, 3.0
330, 119, 524, 126, 524, 129, 0, -3, -1.5707963267948966, 3.0
330, 120, 663, 480, 663, 480, 0, 0, 0.0, 0.0
330, 121, 1169, 9, 1171, 11, -2, -2, -2.356194490192345, 2.8284271247461903
330, 122, 656, 47, 656, 47, 0, 0, 0.0, 0.0
330, 123, 51, 528, 48, 527, 3, 1, 0.3217505543966422, 3.1622776601683795
330, 124, 499, 126, 499, 130, 0, -4, -1.5707963267948966, 4.0
330, 125, 50, 506, 48, 505, 2, 1, 0.4636476090008061, 2.23606797749979
330, 126, 58, 459, 56, 456, 2, 3, 0.982793723247329, 3.605551275463989
330, 127, 815, 18, 815, 19, 0, -1, -1.5707963267948966, 1.0
330, 128, 996, 544, 998, 549, -2, -5, -1.9513027039072615, 5.385164807134504
330, 129, 1138, 34, 1141, 37, -3, -3, -2.356194490192345, 4.242640687119285
330, 130, 315, 386, 315, 387, 0, -1, -1.5707963267948966, 1.0
330, 131, 717, 444, 722, 448, -5, -4, -2.4668517113662407, 6.4031242374328485
330, 132, 687, 182, 687, 182, 0, 0, 0.0, 0.0
330, 133, 644, 45, 644, 45, 0, 0, 0.0, 0.0
330, 134, 1080, 64, 1083, 66, -3, -2, -2.5535900500422257, 3.605551275463989
331, 0, 1055, 419, 1056, 423, -1, -4, -1.8157749899217608, 4.123105625617661
331, 1, 1073, 420, 1074, 424, -1, -4, -1.8157749899217608, 4.123105625617661
331, 2, 254, 325, 254, 327, 0, -2, -1.5707963267948966, 2.0
331, 3, 131, 221, 132, 220, -1, 1, 2.356194490192345, 1.4142135623730951
331, 4, 974, 550, 976, 555, -2, -5, -1.9513027039072615, 5.385164807134504
331, 5, 623, 480, 623, 477, 0, 3, 1.5707963267948966, 3.0
331, 6, 955, 584, 957, 589, -2, -5, -1.9513027039072615, 5.385164807134504
331, 7, 37, 301, 36, 300, 1, 1, 0.7853981633974483, 1.4142135623730951
331, 8, 871, 23, 872, 25, -1, -2, -2.0344439357957027, 2.23606797749979
331, 9, 41, 295, 40, 294, 1, 1, 0.7853981633974483, 1.4142135623730951
331, 10, 867, 15, 868, 17, -1, -2, -2.0344439357957027, 2.23606797749979
331, 11, 1041, 469, 1041, 470, 0, -1, -1.5707963267948966, 1.0
331, 12, 1132, 57, 1133, 59, -1, -2, -2.0344439357957027, 2.23606797749979
331, 13, 716, 461, 720, 465, -4, -4, -2.356194490192345, 5.656854249492381
331, 14, 794, 674, 795, 679, -1, -5, -1.7681918866447774, 5.0990195135927845
331, 15, 282, 332, 282, 333, 0, -1, -1.5707963267948966, 1.0
331, 16, 652, 18, 652, 18, 0, 0, 0.0, 0.0
331, 17, 1084, 65, 1087, 67, -3, -2, -2.5535900500422257, 3.605551275463989
331, 18, 285, 315, 285, 316, 0, -1, -1.5707963267948966, 1.0
331, 19, 992, 552, 994, 558, -2, -6, -1.892546881191539, 6.324555320336759
331, 20, 673, 34, 674, 33, -1, 1, 2.356194490192345, 1.4142135623730951
331, 21, 997, 580, 999, 585, -2, -5, -1.9513027039072615, 5.385164807134504
331, 22, 335, 342, 335, 343, 0, -1, -1.5707963267948966, 1.0
331, 23, 968, 610, 969, 612, -1, -2, -2.0344439357957027, 2.23606797749979
331, 24, 713, 54, 713, 58, 0, -4, -1.5707963267948966, 4.0
331, 25, 1077, 26, 1080, 29, -3, -3, -2.356194490192345, 4.242640687119285
331, 26, 674, 455, 675, 458, -1, -3, -1.892546881191539, 3.1622776601683795
331, 27, 1073, 19, 1076, 22, -3, -3, -2.356194490192345, 4.242640687119285
331, 28, 41, 118, 42, 118, -1, 0, 3.141592653589793, 1.0
331, 29, 13, 245, 11, 244, 2, 1, 0.4636476090008061, 2.23606797749979
331, 30, 308, 320, 308, 321, 0, -1, -1.5707963267948966, 1.0
331, 31, 934, 695, 936, 698, -2, -3, -2.158798930342464, 3.605551275463989
331, 32, 712, 523, 712, 524, 0, -1, -1.5707963267948966, 1.0
331, 33, 1069, 27, 1072, 30, -3, -3, -2.356194490192345, 4.242640687119285
331, 34, 518, 81, 518, 85, 0, -4, -1.5707963267948966, 4.0
331, 35, 1104, 48, 1108, 50, -4, -2, -2.677945044588987, 4.47213595499958
331, 36, 988, 663, 989, 667, -1, -4, -1.8157749899217608, 4.123105625617661
331, 37, 545, 354, 545, 357, 0, -3, -1.5707963267948966, 3.0
331, 38, 526, 115, 526, 113, 0, 2, 1.5707963267948966, 2.0
331, 39, 261, 354, 261, 356, 0, -2, -1.5707963267948966, 2.0
331, 40, 1095, 27, 1099, 29, -4, -2, -2.677945044588987, 4.47213595499958
331, 41, 511, 150, 511, 152, 0, -2, -1.5707963267948966, 2.0
331, 42, 19, 315, 19, 316, 0, -1, -1.5707963267948966, 1.0
331, 43, 685, 461, 689, 464, -4, -3, -2.498091544796509, 5.0
331, 44, 768, 30, 768, 31, 0, -1, -1.5707963267948966, 1.0
331, 45, 749, 34, 749, 35, 0, -1, -1.5707963267948966, 1.0
331, 46, 953, 606, 953, 605, 0, 1, 1.5707963267948966, 1.0
331, 47, 45, 472, 43, 470, 2, 2, 0.7853981633974483, 2.8284271247461903
331, 48, 527, 378, 528, 381, -1, -3, -1.892546881191539, 3.1622776601683795
331, 49, 506, 82, 506, 86, 0, -4, -1.5707963267948966, 4.0
331, 50, 296, 376, 296, 376, 0, 0, 0.0, 0.0
331, 51, 1005, 580, 1007, 585, -2, -5, -1.9513027039072615, 5.385164807134504
331, 52, 1260, 290, 1260, 291, 0, -1, -1.5707963267948966, 1.0
331, 53, 968, 556, 970, 560, -2, -4, -2.0344439357957027, 4.47213595499958
331, 54, 512, 73, 512, 77, 0, -4, -1.5707963267948966, 4.0
331, 55, 106, 175, 108, 173, -2, 2, 2.356194490192345, 2.8284271247461903
331, 56, 613, 61, 613, 62, 0, -1, -1.5707963267948966, 1.0
331, 57, 948, 672, 949, 677, -1, -5, -1.7681918866447774, 5.0990195135927845
331, 58, 263, 325, 263, 327, 0, -2, -1.5707963267948966, 2.0
331, 59, 640, 110, 640, 110, 0, 0, 0.0, 0.0
331, 60, 866, 96, 866, 97, 0, -1, -1.5707963267948966, 1.0
331, 61, 1081, 444, 1081, 449, 0, -5, -1.5707963267948966, 5.0
331, 62, 32, 277, 31, 276, 1, 1, 0.7853981633974483, 1.4142135623730951
331, 63, 968, 662, 969, 666, -1, -4, -1.8157749899217608, 4.123105625617661
331, 64, 249, 398, 249, 399, 0, -1, -1.5707963267948966, 1.0
331, 65, 861, 24, 862, 26, -1, -2, -2.0344439357957027, 2.23606797749979
331, 66, 261, 332, 261, 335, 0, -3, -1.5707963267948966, 3.0
331, 67, 630, 144, 629, 143, 1, 1, 0.7853981633974483, 1.4142135623730951
331, 68, 515, 293, 514, 297, 1, -4, -1.3258176636680326, 4.123105625617661
331, 69, 61, 471, 59, 469, 2, 2, 0.7853981633974483, 2.8284271247461903
331, 70, 136, 215, 137, 214, -1, 1, 2.356194490192345, 1.4142135623730951
331, 71, 332, 357, 332, 358, 0, -1, -1.5707963267948966, 1.0
331, 72, 273, 333, 273, 334, 0, -1, -1.5707963267948966, 1.0
331, 73, 51, 476, 49, 474, 2, 2, 0.7853981633974483, 2.8284271247461903
331, 74, 543, 334, 543, 338, 0, -4, -1.5707963267948966, 4.0
331, 75, 103, 232, 104, 230, -1, 2, 2.0344439357957027, 2.23606797749979
331, 76, 332, 400, 332, 401, 0, -1, -1.5707963267948966, 1.0
331, 77, 1252, 504, 1250, 501, 2, 3, 0.982793723247329, 3.605551275463989
331, 78, 27, 145, 29, 145, -2, 0, 3.141592653589793, 2.0
331, 79, 526, 271, 526, 275, 0, -4, -1.5707963267948966, 4.0
331, 80, 621, 13, 620, 14, 1, -1, -0.7853981633974483, 1.4142135623730951
331, 81, 1063, 81, 1065, 79, -2, 2, 2.356194490192345, 2.8284271247461903
331, 82, 645, 103, 645, 103, 0, 0, 0.0, 0.0
331, 83, 496, 138, 497, 142, -1, -4, -1.8157749899217608, 4.123105625617661
331, 84, 690, 110, 690, 109, 0, 1, 1.5707963267948966, 1.0
331, 85, 328, 371, 328, 372, 0, -1, -1.5707963267948966, 1.0
331, 86, 642, 16, 642, 16, 0, 0, 0.0, 0.0
331, 87, 630, 467, 630, 464, 0, 3, 1.5707963267948966, 3.0
331, 88, 1250, 457, 1247, 456, 3, 1, 0.3217505543966422, 3.1622776601683795
331, 89, 707, 466, 710, 470, -3, -4, -2.214297435588181, 5.0
331, 90, 984, 638, 985, 643, -1, -5, -1.7681918866447774, 5.0990195135927845
331, 91, 652, 108, 652, 108, 0, 0, 0.0, 0.0
331, 92, 716, 40, 716, 44, 0, -4, -1.5707963267948966, 4.0
331, 93, 28, 271, 26, 270, 2, 1, 0.4636476090008061, 2.23606797749979
331, 94, 101, 204, 102, 202, -1, 2, 2.0344439357957027, 2.23606797749979
331, 95, 612, 42, 611, 43, 1, -1, -0.7853981633974483, 1.4142135623730951
331, 96, 939, 95, 939, 96, 0, -1, -1.5707963267948966, 1.0
331, 97, 231, 311, 231, 312, 0, -1, -1.5707963267948966, 1.0
331, 98, 773, 38, 773, 39, 0, -1, -1.5707963267948966, 1.0
331, 99, 518, 321, 518, 324, 0, -3, -1.5707963267948966, 3.0
331, 100, 46, 456, 44, 453, 2, 3, 0.982793723247329, 3.605551275463989
331, 101, 21, 302, 21, 302, 0, 0, 0.0, 0.0
331, 102, 520, 164, 518, 169, 2, -5, -1.1902899496825317, 5.385164807134504
331, 103, 245, 302, 245, 303, 0, -1, -1.5707963267948966, 1.0
331, 104, 524, 89, 524, 93, 0, -4, -1.5707963267948966, 4.0
331, 105, 1051, 491, 1051, 494, 0, -3, -1.5707963267948966, 3.0
331, 106, 44, 331, 44, 331, 0, 0, 0.0, 0.0
331, 107, 700, 422, 704, 425, -4, -3, -2.498091544796509, 5.0
331, 108, 648, 168, 648, 164, 0, 4, 1.5707963267948966, 4.0
331, 109, 641, 420, 640, 416, 1, 4, 1.3258176636680326, 4.123105625617661
331, 110, 1090, 49, 1093, 50, -3, -1, -2.819842099193151, 3.1622776601683795
331, 111, 935, 88, 935, 89, 0, -1, -1.5707963267948966, 1.0
331, 112, 524, 126, 524, 126, 0, 0, 0.0, 0.0
331, 113, 663, 481, 663, 480, 0, 1, 1.5707963267948966, 1.0
331, 114, 656, 47, 656, 47, 0, 0, 0.0, 0.0
331, 115, 54, 529, 51, 528, 3, 1, 0.3217505543966422, 3.1622776601683795
331, 116, 498, 122, 499, 126, -1, -4, -1.8157749899217608, 4.123105625617661
331, 117, 53, 507, 50, 506, 3, 1, 0.3217505543966422, 3.1622776601683795
331, 118, 60, 462, 58, 459, 2, 3, 0.982793723247329, 3.605551275463989
331, 119, 994, 539, 996, 544, -2, -5, -1.9513027039072615, 5.385164807134504
331, 120, 1136, 31, 1138, 34, -2, -3, -2.158798930342464, 3.605551275463989
331, 121, 315, 385, 315, 386, 0, -1, -1.5707963267948966, 1.0
331, 122, 713, 441, 717, 444, -4, -3, -2.498091544796509, 5.0
331, 123, 687, 182, 687, 182, 0, 0, 0.0, 0.0
331, 124, 644, 45, 644, 45, 0, 0, 0.0, 0.0
331, 125, 1077, 62, 1080, 64, -3, -2, -2.5535900500422257, 3.605551275463989
332, 0, 1057, 417, 1057, 422, 0, -5, -1.5707963267948966, 5.0
332, 1, 1074, 420, 1075, 424, -1, -4, -1.8157749899217608, 4.123105625617661
332, 2, 974, 549, 976, 554, -2, -5, -1.9513027039072615, 5.385164807134504
332, 3, 42, 295, 41, 294, 1, 1, 0.7853981633974483, 1.4142135623730951
332, 4, 131, 222, 132, 221, -1, 1, 2.356194490192345, 1.4142135623730951
332, 5, 653, 19, 653, 19, 0, 0, 0.0, 0.0
332, 6, 37, 301, 36, 300, 1, 1, 0.7853981633974483, 1.4142135623730951
332, 7, 795, 671, 796, 676, -1, -5, -1.7681918866447774, 5.0990195135927845
332, 8, 1074, 20, 1077, 23, -3, -3, -2.356194490192345, 4.242640687119285
332, 9, 1134, 57, 1134, 59, 0, -2, -1.5707963267948966, 2.0
332, 10, 285, 333, 285, 334, 0, -1, -1.5707963267948966, 1.0
332, 11, 647, 10, 647, 10, 0, 0, 0.0, 0.0
332, 12, 285, 316, 285, 317, 0, -1, -1.5707963267948966, 1.0
332, 13, 872, 23, 873, 26, -1, -3, -1.892546881191539, 3.1622776601683795
332, 14, 868, 14, 869, 17, -1, -3, -1.892546881191539, 3.1622776601683795
332, 15, 1078, 27, 1081, 30, -3, -3, -2.356194490192345, 4.242640687119285
332, 16, 998, 583, 1000, 588, -2, -5, -1.9513027039072615, 5.385164807134504
332, 17, 957, 583, 959, 588, -2, -5, -1.9513027039072615, 5.385164807134504
332, 18, 625, 486, 625, 482, 0, 4, 1.5707963267948966, 4.0
332, 19, 1081, 445, 1081, 450, 0, -5, -1.5707963267948966, 5.0
332, 20, 713, 56, 713, 59, 0, -3, -1.5707963267948966, 3.0
332, 21, 13, 246, 12, 245, 1, 1, 0.7853981633974483, 1.4142135623730951
332, 22, 716, 461, 720, 465, -4, -4, -2.356194490192345, 5.656854249492381
332, 23, 310, 321, 310, 322, 0, -1, -1.5707963267948966, 1.0
332, 24, 622, 65, 622, 66, 0, -1, -1.5707963267948966, 1.0
332, 25, 992, 552, 994, 558, -2, -6, -1.892546881191539, 6.324555320336759
332, 26, 1070, 28, 1073, 31, -3, -3, -2.356194490192345, 4.242640687119285
332, 27, 989, 657, 990, 661, -1, -4, -1.8157749899217608, 4.123105625617661
332, 28, 1105, 50, 1109, 51, -4, -1, -2.896613990462929, 4.123105625617661
332, 29, 46, 473, 44, 471, 2, 2, 0.7853981633974483, 2.8284271247461903
332, 30, 934, 697, 936, 700, -2, -3, -2.158798930342464, 3.605551275463989
332, 31, 518, 82, 518, 86, 0, -4, -1.5707963267948966, 4.0
332, 32, 682, 470, 686, 473, -4, -3, -2.498091544796509, 5.0
332, 33, 262, 321, 262, 324, 0, -3, -1.5707963267948966, 3.0
332, 34, 545, 353, 545, 356, 0, -3, -1.5707963267948966, 3.0
332, 35, 106, 176, 108, 174, -2, 2, 2.356194490192345, 2.8284271247461903
332, 36, 19, 316, 19, 317, 0, -1, -1.5707963267948966, 1.0
332, 37, 769, 31, 769, 32, 0, -1, -1.5707963267948966, 1.0
332, 38, 674, 36, 674, 35, 0, 1, 1.5707963267948966, 1.0
332, 39, 749, 34, 749, 35, 0, -1, -1.5707963267948966, 1.0
332, 40, 261, 357, 261, 358, 0, -1, -1.5707963267948966, 1.0
332, 41, 62, 474, 60, 471, 2, 3, 0.982793723247329, 3.605551275463989
332, 42, 270, 331, 270, 333, 0, -2, -1.5707963267948966, 2.0
332, 43, 968, 555, 970, 559, -2, -4, -2.0344439357957027, 4.47213595499958
332, 44, 1052, 92, 1052, 93, 0, -1, -1.5707963267948966, 1.0
332, 45, 1043, 465, 1043, 466, 0, -1, -1.5707963267948966, 1.0
332, 46, 512, 74, 512, 78, 0, -4, -1.5707963267948966, 4.0
332, 47, 685, 460, 689, 464, -4, -4, -2.356194490192345, 5.656854249492381
332, 48, 23, 305, 23, 304, 0, 1, 1.5707963267948966, 1.0
332, 49, 863, 23, 863, 26, 0, -3, -1.5707963267948966, 3.0
332, 50, 296, 377, 296, 378, 0, -1, -1.5707963267948966, 1.0
332, 51, 507, 81, 507, 86, 0, -5, -1.5707963267948966, 5.0
332, 52, 949, 669, 950, 674, -1, -5, -1.7681918866447774, 5.0990195135927845
332, 53, 32, 277, 31, 276, 1, 1, 0.7853981633974483, 1.4142135623730951
332, 54, 970, 605, 972, 608, -2, -3, -2.158798930342464, 3.605551275463989
332, 55, 866, 94, 866, 97, 0, -3, -1.5707963267948966, 3.0
332, 56, 622, 14, 620, 15, 2, -1, -0.4636476090008061, 2.23606797749979
332, 57, 640, 111, 640, 110, 0, 1, 1.5707963267948966, 1.0
332, 58, 44, 330, 44, 331, 0, -1, -1.5707963267948966, 1.0
332, 59, 332, 401, 332, 402, 0, -1, -1.5707963267948966, 1.0
332, 60, 332, 357, 332, 358, 0, -1, -1.5707963267948966, 1.0
332, 61, 716, 42, 716, 45, 0, -3, -1.5707963267948966, 3.0
332, 62, 645, 103, 645, 103, 0, 0, 0.0, 0.0
332, 63, 103, 232, 104, 230, -1, 2, 2.0344439357957027, 2.23606797749979
332, 64, 512, 318, 512, 320, 0, -2, -1.5707963267948966, 2.0
332, 65, 1257, 551, 1257, 552, 0, -1, -1.5707963267948966, 1.0
332, 66, 90, 558, 88, 560, 2, -2, -0.7853981633974483, 2.8284271247461903
332, 67, 136, 216, 137, 215, -1, 1, 2.356194490192345, 1.4142135623730951
332, 68, 53, 477, 51, 475, 2, 2, 0.7853981633974483, 2.8284271247461903
332, 69, 1049, 522, 1050, 524, -1, -2, -2.0344439357957027, 2.23606797749979
332, 70, 495, 139, 497, 143, -2, -4, -2.0344439357957027, 4.47213595499958
332, 71, 515, 292, 515, 297, 0, -5, -1.5707963267948966, 5.0
332, 72, 262, 337, 262, 339, 0, -2, -1.5707963267948966, 2.0
332, 73, 526, 271, 526, 276, 0, -5, -1.5707963267948966, 5.0
332, 74, 542, 333, 543, 337, -1, -4, -1.8157749899217608, 4.123105625617661
332, 75, 685, 110, 685, 109, 0, 1, 1.5707963267948966, 1.0
332, 76, 98, 503, 97, 501, 1, 2, 1.1071487177940904, 2.23606797749979
332, 77, 642, 17, 642, 17, 0, 0, 0.0, 0.0
332, 78, 985, 634, 986, 640, -1, -6, -1.7359450042095235, 6.082762530298219
332, 79, 670, 447, 672, 450, -2, -3, -2.158798930342464, 3.605551275463989
332, 80, 1049, 59, 1052, 62, -3, -3, -2.356194490192345, 4.242640687119285
332, 81, 657, 47, 657, 47, 0, 0, 0.0, 0.0
332, 82, 25, 141, 27, 141, -2, 0, 3.141592653589793, 2.0
332, 83, 28, 271, 27, 270, 1, 1, 0.7853981633974483, 1.4142135623730951
332, 84, 652, 109, 652, 109, 0, 0, 0.0, 0.0
332, 85, 615, 48, 614, 49, 1, -1, -0.7853981633974483, 1.4142135623730951
332, 86, 100, 205, 102, 203, -2, 2, 2.356194490192345, 2.8284271247461903
332, 87, 781, 673, 781, 678, 0, -5, -1.5707963267948966, 5.0
332, 88, 528, 377, 529, 381, -1, -4, -1.8157749899217608, 4.123105625617661
332, 89, 939, 96, 939, 97, 0, -1, -1.5707963267948966, 1.0
332, 90, 46, 456, 44, 453, 2, 3, 0.982793723247329, 3.605551275463989
332, 91, 661, 483, 661, 482, 0, 1, 1.5707963267948966, 1.0
332, 92, 935, 88, 935, 89, 0, -1, -1.5707963267948966, 1.0
332, 93, 497, 123, 498, 128, -1, -5, -1.7681918866447774, 5.0990195135927845
332, 94, 773, 38, 773, 39, 0, -1, -1.5707963267948966, 1.0
332, 95, 61, 462, 59, 459, 2, 3, 0.982793723247329, 3.605551275463989
332, 96, 527, 118, 527, 117, 0, 1, 1.5707963267948966, 1.0
332, 97, 699, 422, 704, 425, -5, -3, -2.601173153319209, 5.830951894845301
332, 98, 1235, 71, 1238, 74, -3, -3, -2.356194490192345, 4.242640687119285
332, 99, 641, 421, 640, 417, 1, 4, 1.3258176636680326, 4.123105625617661
332, 100, 628, 145, 627, 144, 1, 1, 0.7853981633974483, 1.4142135623730951
332, 101, 635, 52, 634, 52, 1, 0, 0.0, 1.0
332, 102, 684, 404, 688, 408, -4, -4, -2.356194490192345, 5.656854249492381
332, 103, 1182, 52, 1184, 56, -2, -4, -2.0344439357957027, 4.47213595499958
332, 104, 1245, 476, 1243, 474, 2, 2, 0.7853981633974483, 2.8284271247461903
332, 105, 943, 11, 944, 11, -1, 0, 3.141592653589793, 1.0
332, 106, 776, 45, 776, 46, 0, -1, -1.5707963267948966, 1.0
332, 107, 524, 89, 524, 93, 0, -4, -1.5707963267948966, 4.0
332, 108, 1072, 404, 1072, 409, 0, -5, -1.5707963267948966, 5.0
332, 109, 20, 90, 21, 90, -1, 0, 3.141592653589793, 1.0
332, 110, 1090, 49, 1093, 51, -3, -2, -2.5535900500422257, 3.605551275463989
332, 111, 715, 113, 715, 115, 0, -2, -1.5707963267948966, 2.0
332, 112, 37, 161, 39, 161, -2, 0, 3.141592653589793, 2.0
332, 113, 274, 317, 274, 318, 0, -1, -1.5707963267948966, 1.0
332, 114, 630, 467, 630, 464, 0, 3, 1.5707963267948966, 3.0
332, 115, 55, 532, 53, 531, 2, 1, 0.4636476090008061, 2.23606797749979
332, 116, 714, 441, 718, 445, -4, -4, -2.356194490192345, 5.656854249492381
332, 117, 994, 539, 996, 544, -2, -5, -1.9513027039072615, 5.385164807134504
332, 118, 815, 18, 815, 19, 0, -1, -1.5707963267948966, 1.0
332, 119, 1076, 61, 1079, 64, -3, -3, -2.356194490192345, 4.242640687119285
332, 120, 334, 336, 334, 337, 0, -1, -1.5707963267948966, 1.0
332, 121, 520, 166, 519, 169, 1, -3, -1.2490457723982544, 3.1622776601683795
332, 122, 533, 359, 533, 360, 0, -1, -1.5707963267948966, 1.0
332, 123, 632, 35, 631, 36, 1, -1, -0.7853981633974483, 1.4142135623730951
332, 124, 687, 181, 687, 181, 0, 0, 0.0, 0.0
332, 125, 1059, 95, 1059, 96, 0, -1, -1.5707963267948966, 1.0
332, 126, 1047, 494, 1047, 496, 0, -2, -1.5707963267948966, 2.0
332, 127, 525, 126, 525, 126, 0, 0, 0.0, 0.0
333, 0, 1057, 413, 1057, 417, 0, -4, -1.5707963267948966, 4.0
333, 1, 1074, 416, 1074, 420, 0, -4, -1.5707963267948966, 4.0
333, 2, 971, 545, 974, 549, -3, -4, -2.214297435588181, 5.0
333, 3, 45, 297, 42, 295, 3, 2, 0.5880026035475675, 3.605551275463989
333, 4, 129, 224, 131, 222, -2, 2, 2.356194490192345, 2.8284271247461903
333, 5, 653, 20, 653, 19, 0, 1, 1.5707963267948966, 1.0
333, 6, 39, 303, 37, 301, 2, 2, 0.7853981633974483, 2.8284271247461903
333, 7, 793, 667, 795, 671, -2, -4, -2.0344439357957027, 4.47213595499958
333, 8, 1070, 18, 1074, 20, -4, -2, -2.677945044588987, 4.47213595499958
333, 9, 1134, 56, 1134, 57, 0, -1, -1.5707963267948966, 1.0
333, 10, 285, 332, 285, 333, 0, -1, -1.5707963267948966, 1.0
333, 11, 647, 10, 647, 10, 0, 0, 0.0, 0.0
333, 12, 285, 315, 285, 316, 0, -1, -1.5707963267948966, 1.0
333, 13, 871, 18, 872, 23, -1, -5, -1.7681918866447774, 5.0990195135927845
333, 14, 867, 10, 868, 14, -1, -4, -1.8157749899217608, 4.123105625617661
333, 15, 1074, 25, 1078, 27, -4, -2, -2.677945044588987, 4.47213595499958
333, 16, 995, 578, 998, 583, -3, -5, -2.1112158270654806, 5.830951894845301
333, 17, 956, 581, 957, 583, -1, -2, -2.0344439357957027, 2.23606797749979
333, 18, 625, 489, 625, 486, 0, 3, 1.5707963267948966, 3.0
333, 19, 1082, 442, 1081, 445, 1, -3, -1.2490457723982544, 3.1622776601683795
333, 20, 713, 52, 713, 56, 0, -4, -1.5707963267948966, 4.0
333, 21, 16, 248, 13, 246, 3, 2, 0.5880026035475675, 3.605551275463989
333, 22, 712, 457, 716, 461, -4, -4, -2.356194490192345, 5.656854249492381
333, 23, 310, 320, 310, 321, 0, -1, -1.5707963267948966, 1.0
333, 24, 622, 65, 622, 65, 0, 0, 0.0, 0.0
333, 25, 990, 547, 992, 552, -2, -5, -1.9513027039072615, 5.385164807134504
333, 26, 1066, 26, 1070, 28, -4, -2, -2.677945044588987, 4.47213595499958
333, 27, 989, 656, 989, 657, 0, -1, -1.5707963267948966, 1.0
333, 28, 1101, 48, 1105, 50, -4, -2, -2.677945044588987, 4.47213595499958
333, 29, 48, 473, 46, 473, 2, 0, 0.0, 2.0
333, 30, 931, 694, 934, 697, -3, -3, -2.356194490192345, 4.242640687119285
333, 31, 518, 77, 518, 82, 0, -5, -1.5707963267948966, 5.0
333, 32, 678, 466, 682, 470, -4, -4, -2.356194490192345, 5.656854249492381
333, 33, 262, 320, 262, 321, 0, -1, -1.5707963267948966, 1.0
333, 34, 545, 350, 545, 353, 0, -3, -1.5707963267948966, 3.0
333, 35, 103, 179, 106, 176, -3, 3, 2.356194490192345, 4.242640687119285
333, 36, 22, 318, 19, 316, 3, 2, 0.5880026035475675, 3.605551275463989
333, 37, 769, 30, 769, 31, 0, -1, -1.5707963267948966, 1.0
333, 38, 674, 37, 674, 36, 0, 1, 1.5707963267948966, 1.0
333, 39, 748, 34, 749, 34, -1, 0, 3.141592653589793, 1.0
333, 40, 261, 355, 261, 357, 0, -2, -1.5707963267948966, 2.0
333, 41, 61, 475, 62, 474, -1, 1, 2.356194490192345, 1.4142135623730951
333, 42, 270, 330, 270, 331, 0, -1, -1.5707963267948966, 1.0
333, 43, 966, 551, 968, 555, -2, -4, -2.0344439357957027, 4.47213595499958
333, 44, 1052, 91, 1052, 92, 0, -1, -1.5707963267948966, 1.0
333, 45, 1042, 465, 1043, 465, -1, 0, 3.141592653589793, 1.0
333, 46, 513, 69, 512, 74, 1, -5, -1.373400766945016, 5.0990195135927845
333, 47, 680, 457, 685, 460, -5, -3, -2.601173153319209, 5.830951894845301
333, 48, 25, 307, 23, 305, 2, 2, 0.7853981633974483, 2.8284271247461903
333, 49, 862, 18, 863, 23, -1, -5, -1.7681918866447774, 5.0990195135927845
333, 50, 296, 376, 296, 377, 0, -1, -1.5707963267948966, 1.0
333, 51, 507, 76, 507, 81, 0, -5, -1.5707963267948966, 5.0
333, 52, 947, 667, 949, 669, -2, -2, -2.356194490192345, 2.8284271247461903
333, 53, 35, 279, 32, 277, 3, 2, 0.5880026035475675, 3.605551275463989
333, 54, 968, 603, 970, 605, -2, -2, -2.356194490192345, 2.8284271247461903
333, 55, 866, 91, 866, 94, 0, -3, -1.5707963267948966, 3.0
333, 56, 624, 14, 622, 14, 2, 0, 0.0, 2.0
333, 57, 641, 114, 640, 111, 1, 3, 1.2490457723982544, 3.1622776601683795
333, 58, 44, 329, 44, 330, 0, -1, -1.5707963267948966, 1.0
333, 59, 716, 38, 716, 42, 0, -4, -1.5707963267948966, 4.0
333, 60, 646, 106, 645, 103, 1, 3, 1.2490457723982544, 3.1622776601683795
333, 61, 101, 236, 103, 232, -2, 4, 2.0344439357957027, 4.47213595499958
333, 62, 513, 317, 512, 318, 1, -1, -0.7853981633974483, 1.4142135623730951
333, 63, 1257, 551, 1257, 551, 0, 0, 0.0, 0.0
333, 64, 92, 557, 90, 558, 2, -1, -0.4636476090008061, 2.23606797749979
333, 65, 134, 218, 136, 216, -2, 2, 2.356194490192345, 2.8284271247461903
333, 66, 54, 477, 53, 477, 1, 0, 0.0, 1.0
333, 67, 1049, 516, 1049, 522, 0, -6, -1.5707963267948966, 6.0
333, 68, 493, 135, 495, 139, -2, -4, -2.0344439357957027, 4.47213595499958
333, 69, 516, 286, 515, 292, 1, -6, -1.4056476493802699, 6.082762530298219
333, 70, 261, 335, 262, 337, -1, -2, -2.0344439357957027, 2.23606797749979
333, 71, 526, 264, 526, 271, 0, -7, -1.5707963267948966, 7.0
333, 72, 541, 330, 542, 333, -1, -3, -1.892546881191539, 3.1622776601683795
333, 73, 685, 113, 685, 110, 0, 3, 1.5707963267948966, 3.0
333, 74, 99, 503, 98, 503, 1, 0, 0.0, 1.0
333, 75, 642, 18, 642, 17, 0, 1, 1.5707963267948966, 1.0
333, 76, 985, 629, 985, 634, 0, -5, -1.5707963267948966, 5.0
333, 77, 668, 445, 670, 447, -2, -2, -2.356194490192345, 2.8284271247461903
333, 78, 1046, 58, 1049, 59, -3, -1, -2.819842099193151, 3.1622776601683795
333, 79, 657, 48, 657, 47, 0, 1, 1.5707963267948966, 1.0
333, 80, 24, 142, 25, 141, -1, 1, 2.356194490192345, 1.4142135623730951
333, 81, 31, 273, 28, 271, 3, 2, 0.5880026035475675, 3.605551275463989
333, 82, 653, 112, 652, 109, 1, 3, 1.2490457723982544, 3.1622776601683795
333, 83, 618, 48, 615, 48, 3, 0, 0.0, 3.0
333, 84, 97, 208, 100, 205, -3, 3, 2.356194490192345, 4.242640687119285
333, 85, 781, 669, 781, 673, 0, -4, -1.5707963267948966, 4.0
333, 86, 527, 369, 528, 377, -1, -8, -1.695151321341658, 8.06225774829855
333, 87, 939, 95, 939, 96, 0, -1, -1.5707963267948966, 1.0
333, 88, 50, 458, 46, 456, 4, 2, 0.4636476090008061, 4.47213595499958
333, 89, 661, 486, 661, 483, 0, 3, 1.5707963267948966, 3.0
333, 90, 935, 87, 935, 88, 0, -1, -1.5707963267948966, 1.0
333, 91, 497, 118, 497, 123, 0, -5, -1.5707963267948966, 5.0
333, 92, 773, 37, 773, 38, 0, -1, -1.5707963267948966, 1.0
333, 93, 62, 464, 61, 462, 1, 2, 1.1071487177940904, 2.23606797749979
333, 94, 527, 121, 527, 118, 0, 3, 1.5707963267948966, 3.0
333, 95, 698, 420, 699, 422, -1, -2, -2.0344439357957027, 2.23606797749979
333, 96, 1231, 69, 1235, 71, -4, -2, -2.677945044588987, 4.47213595499958
333, 97, 642, 425, 641, 421, 1, 4, 1.3258176636680326, 4.123105625617661
333, 98, 629, 147, 628, 145, 1, 2, 1.1071487177940904, 2.23606797749979
333, 99, 635, 53, 635, 52, 0, 1, 1.5707963267948966, 1.0
333, 100, 680, 400, 684, 404, -4, -4, -2.356194490192345, 5.656854249492381
333, 101, 1178, 50, 1182, 52, -4, -2, -2.677945044588987, 4.47213595499958
333, 102, 1247, 479, 1245, 476, 2, 3, 0.982793723247329, 3.605551275463989
333, 103, 942, 11, 943, 11, -1, 0, 3.141592653589793, 1.0
333, 104, 776, 44, 776, 45, 0, -1, -1.5707963267948966, 1.0
333, 105, 525, 85, 524, 89, 1, -4, -1.3258176636680326, 4.123105625617661
333, 106, 1072, 399, 1072, 404, 0, -5, -1.5707963267948966, 5.0
333, 107, 19, 90, 20, 90, -1, 0, 3.141592653589793, 1.0
333, 108, 1086, 47, 1090, 49, -4, -2, -2.677945044588987, 4.47213595499958
333, 109, 715, 111, 715, 113, 0, -2, -1.5707963267948966, 2.0
333, 110, 36, 161, 37, 161, -1, 0, 3.141592653589793, 1.0
333, 111, 275, 316, 274, 317, 1, -1, -0.7853981633974483, 1.4142135623730951
333, 112, 630, 469, 630, 467, 0, 2, 1.5707963267948966, 2.0
333, 113, 57, 533, 55, 532, 2, 1, 0.4636476090008061, 2.23606797749979
333, 114, 712, 439, 714, 441, -2, -2, -2.356194490192345, 2.8284271247461903
333, 115, 992, 534, 994, 539, -2, -5, -1.9513027039072615, 5.385164807134504
333, 116, 1072, 59, 1076, 61, -4, -2, -2.677945044588987, 4.47213595499958
333, 117, 334, 335, 334, 336, 0, -1, -1.5707963267948966, 1.0
333, 118, 520, 163, 520, 166, 0, -3, -1.5707963267948966, 3.0
333, 119, 533, 358, 533, 359, 0, -1, -1.5707963267948966, 1.0
333, 120, 632, 35, 632, 35, 0, 0, 0.0, 0.0
333, 121, 688, 181, 687, 181, 1, 0, 0.0, 1.0
333, 122, 1059, 95, 1059, 95, 0, 0, 0.0, 0.0
333, 123, 1047, 493, 1047, 494, 0, -1, -1.5707963267948966, 1.0
333, 124, 525, 128, 525, 126, 0, 2, 1.5707963267948966, 2.0
334, 0, 1060, 407, 1059, 412, 1, -5, -1.373400766945016, 5.0990195135927845
334, 1, 1078, 410, 1077, 414, 1, -4, -1.3258176636680326, 4.123105625617661
334, 2, 996, 575, 998, 580, -2, -5, -1.9513027039072615, 5.385164807134504
334, 3, 652, 20, 653, 20, -1, 0, 3.141592653589793, 1.0
334, 4, 795, 660, 796, 665, -1, -5, -1.7681918866447774, 5.0990195135927845
334, 5, 957, 701, 958, 709, -1, -8, -1.695151321341658, 8.06225774829855
334, 6, 972, 541, 973, 545, -1, -4, -1.8157749899217608, 4.123105625617661
334, 7, 44, 296, 44, 296, 0, 0, 0.0, 0.0
334, 8, 1069, 18, 1073, 20, -4, -2, -2.677945044588987, 4.47213595499958
334, 9, 130, 224, 132, 223, -2, 1, 2.677945044588987, 2.23606797749979
334, 10, 1055, 475, 1055, 479, 0, -4, -1.5707963267948966, 4.0
334, 11, 646, 11, 647, 11, -1, 0, 3.141592653589793, 1.0
334, 12, 38, 303, 38, 303, 0, 0, 0.0, 0.0
334, 13, 869, 10, 869, 13, 0, -3, -1.5707963267948966, 3.0
334, 14, 956, 575, 957, 579, -1, -4, -1.8157749899217608, 4.123105625617661
334, 15, 873, 18, 873, 22, 0, -4, -1.5707963267948966, 4.0
334, 16, 981, 701, 983, 715, -2, -14, -1.7126933813990606, 14.142135623730951
334, 17, 710, 455, 714, 458, -4, -3, -2.498091544796509, 5.0
334, 18, 15, 248, 15, 247, 0, 1, 1.5707963267948966, 1.0
334, 19, 514, 317, 514, 319, 0, -2, -1.5707963267948966, 2.0
334, 20, 1048, 62, 1050, 63, -2, -1, -2.677945044588987, 2.23606797749979
334, 21, 312, 320, 312, 321, 0, -1, -1.5707963267948966, 1.0
334, 22, 50, 480, 49, 478, 1, 2, 1.1071487177940904, 2.23606797749979
334, 23, 628, 496, 628, 492, 0, 4, 1.5707963267948966, 4.0
334, 24, 102, 179, 105, 177, -3, 2, 2.5535900500422257, 3.605551275463989
334, 25, 1073, 25, 1077, 27, -4, -2, -2.677945044588987, 4.47213595499958
334, 26, 41, 118, 42, 118, -1, 0, 3.141592653589793, 1.0
334, 27, 935, 693, 936, 696, -1, -3, -1.892546881191539, 3.1622776601683795
334, 28, 990, 543, 991, 549, -1, -6, -1.7359450042095235, 6.082762530298219
334, 29, 1064, 26, 1068, 28, -4, -2, -2.677945044588987, 4.47213595499958
334, 30, 765, 696, 766, 700, -1, -4, -1.8157749899217608, 4.123105625617661
334, 31, 966, 547, 967, 550, -1, -3, -1.892546881191539, 3.1622776601683795
334, 32, 66, 480, 65, 477, 1, 3, 1.2490457723982544, 3.1622776601683795
334, 33, 335, 343, 335, 344, 0, -1, -1.5707963267948966, 1.0
334, 34, 103, 508, 102, 506, 1, 2, 1.1071487177940904, 2.23606797749979
334, 35, 716, 40, 717, 42, -1, -2, -2.0344439357957027, 2.23606797749979
334, 36, 663, 143, 663, 143, 0, 0, 0.0, 0.0
334, 37, 1101, 49, 1104, 50, -3, -1, -2.819842099193151, 3.1622776601683795
334, 38, 643, 18, 643, 18, 0, 0, 0.0, 0.0
334, 39, 519, 79, 519, 82, 0, -3, -1.5707963267948966, 3.0
334, 40, 332, 400, 332, 401, 0, -1, -1.5707963267948966, 1.0
334, 41, 508, 78, 508, 81, 0, -3, -1.5707963267948966, 3.0
334, 42, 769, 31, 769, 32, 0, -1, -1.5707963267948966, 1.0
334, 43, 1042, 468, 1043, 472, -1, -4, -1.8157749899217608, 4.123105625617661
334, 44, 680, 454, 684, 459, -4, -5, -2.2455372690184494, 6.4031242374328485
334, 45, 1072, 60, 1075, 61, -3, -1, -2.819842099193151, 3.1622776601683795
334, 46, 626, 16, 624, 16, 2, 0, 0.0, 2.0
334, 47, 497, 117, 498, 121, -1, -4, -1.8157749899217608, 4.123105625617661
334, 48, 44, 329, 44, 330, 0, -1, -1.5707963267948966, 1.0
334, 49, 527, 265, 527, 270, 0, -5, -1.5707963267948966, 5.0
334, 50, 641, 114, 641, 112, 0, 2, 1.5707963267948966, 2.0
334, 51, 34, 278, 34, 278, 0, 0, 0.0, 0.0
334, 52, 863, 19, 863, 23, 0, -4, -1.5707963267948966, 4.0
334, 53, 700, 460, 704, 463, -4, -3, -2.498091544796509, 5.0
334, 54, 57, 485, 56, 483, 1, 2, 1.1071487177940904, 2.23606797749979
334, 55, 513, 70, 513, 73, 0, -3, -1.5707963267948966, 3.0
334, 56, 251, 328, 252, 330, -1, -2, -2.0344439357957027, 2.23606797749979
334, 57, 646, 107, 646, 106, 0, 1, 1.5707963267948966, 1.0
334, 58, 694, 414, 698, 418, -4, -4, -2.356194490192345, 5.656854249492381
334, 59, 1085, 71, 1088, 72, -3, -1, -2.819842099193151, 3.1622776601683795
334, 60, 985, 644, 987, 648, -2, -4, -2.0344439357957027, 4.47213595499958
334, 61, 249, 398, 249, 399, 0, -1, -1.5707963267948966, 1.0
334, 62, 547, 346, 547, 350, 0, -4, -1.5707963267948966, 4.0
334, 63, 543, 326, 543, 330, 0, -4, -1.5707963267948966, 4.0
334, 64, 286, 332, 286, 333, 0, -1, -1.5707963267948966, 1.0
334, 65, 508, 145, 509, 147, -1, -2, -2.0344439357957027, 2.23606797749979
334, 66, 661, 485, 661, 484, 0, 1, 1.5707963267948966, 1.0
334, 67, 66, 468, 64, 465, 2, 3, 0.982793723247329, 3.605551275463989
334, 68, 1249, 266, 1253, 271, -4, -5, -2.2455372690184494, 6.4031242374328485
334, 69, 619, 49, 617, 49, 2, 0, 0.0, 2.0
334, 70, 270, 323, 270, 325, 0, -2, -1.5707963267948966, 2.0
334, 71, 492, 133, 494, 136, -2, -3, -2.158798930342464, 3.605551275463989
334, 72, 618, 67, 618, 68, 0, -1, -1.5707963267948966, 1.0
334, 73, 1085, 49, 1088, 49, -3, 0, 3.141592653589793, 3.0
334, 74, 749, 34, 749, 35, 0, -1, -1.5707963267948966, 1.0
334, 75, 267, 375, 268, 375, -1, 0, 3.141592653589793, 1.0
334, 76, 517, 159, 517, 161, 0, -2, -1.5707963267948966, 2.0
334, 77, 685, 39, 683, 39, 2, 0, 0.0, 2.0
334, 78, 26, 325, 23, 322, 3, 3, 0.7853981633974483, 4.242640687119285
334, 79, 329, 372, 329, 373, 0, -1, -1.5707963267948966, 1.0
334, 80, 780, 661, 780, 666, 0, -5, -1.5707963267948966, 5.0
334, 81, 98, 208, 100, 206, -2, 2, 2.356194490192345, 2.8284271247461903
334, 82, 1064, 67, 1068, 68, -4, -1, -2.896613990462929, 4.123105625617661
334, 83, 37, 151, 38, 151, -1, 0, 3.141592653589793, 1.0
334, 84, 50, 463, 48, 460, 2, 3, 0.982793723247329, 3.605551275463989
334, 85, 686, 115, 686, 113, 0, 2, 1.5707963267948966, 2.0
334, 86, 966, 644, 968, 648, -2, -4, -2.0344439357957027, 4.47213595499958
334, 87, 101, 235, 103, 234, -2, 1, 2.677945044588987, 2.23606797749979
334, 88, 939, 96, 939, 97, 0, -1, -1.5707963267948966, 1.0
334, 89, 947, 660, 948, 665, -1, -5, -1.7681918866447774, 5.0990195135927845
334, 90, 108, 264, 109, 263, -1, 1, 2.356194490192345, 1.4142135623730951
334, 91, 271, 331, 271, 332, 0, -1, -1.5707963267948966, 1.0
334, 92, 663, 439, 666, 441, -3, -2, -2.5535900500422257, 3.605551275463989
334, 93, 526, 366, 528, 373, -2, -7, -1.849095985800008, 7.280109889280518
334, 94, 989, 701, 991, 710, -2, -9, -1.7894652726688385, 9.219544457292887
334, 95, 301, 379, 301, 380, 0, -1, -1.5707963267948966, 1.0
334, 96, 773, 38, 773, 39, 0, -1, -1.5707963267948966, 1.0
334, 97, 293, 371, 293, 372, 0, -1, -1.5707963267948966, 1.0
334, 98, 1175, 52, 1179, 52, -4, 0, 3.141592653589793, 4.0
334, 99, 657, 49, 658, 49, -1, 0, 3.141592653589793, 1.0
334, 100, 1261, 240, 1271, 242, -10, -2, -2.9441970937399127, 10.198039027185569
334, 101, 654, 112, 654, 111, 0, 1, 1.5707963267948966, 1.0
334, 102, 527, 122, 527, 122, 0, 0, 0.0, 0.0
334, 103, 60, 539, 58, 537, 2, 2, 0.7853981633974483, 2.8284271247461903
334, 104, 516, 285, 516, 290, 0, -5, -1.5707963267948966, 5.0
334, 105, 1255, 464, 1252, 463, 3, 1, 0.3217505543966422, 3.1622776601683795
334, 106, 680, 398, 683, 402, -3, -4, -2.214297435588181, 5.0
334, 107, 1232, 65, 1234, 66, -2, -1, -2.677945044588987, 2.23606797749979
334, 108, 31, 163, 33, 162, -2, 1, 2.677945044588987, 2.23606797749979
334, 109, 1261, 298, 1269, 298, -8, 0, 3.141592653589793, 8.0
334, 110, 670, 48, 670, 48, 0, 0, 0.0, 0.0
334, 111, 525, 86, 525, 89, 0, -3, -1.5707963267948966, 3.0
334, 112, 867, 92, 867, 94, 0, -2, -1.5707963267948966, 2.0
334, 113, 275, 317, 275, 318, 0, -1, -1.5707963267948966, 1.0
334, 114, 951, 569, 953, 573, -2, -4, -2.0344439357957027, 4.47213595499958
334, 115, 622, 36, 619, 36, 3, 0, 0.0, 3.0
334, 116, 642, 429, 642, 424, 0, 5, 1.5707963267948966, 5.0
335, 0, 1061, 402, 1060, 407, 1, -5, -1.373400766945016, 5.0990195135927845
335, 1, 1079, 406, 1078, 410, 1, -4, -1.3258176636680326, 4.123105625617661
335, 2, 994, 570, 996, 575, -2, -5, -1.9513027039072615, 5.385164807134504
335, 3, 651, 21, 652, 20, -1, 1, 2.356194490192345, 1.4142135623730951
335, 4, 794, 655, 795, 660, -1, -5, -1.7681918866447774, 5.0990195135927845
335, 5, 956, 696, 957, 701, -1, -5, -1.7681918866447774, 5.0990195135927845
335, 6, 970, 537, 972, 541, -2, -4, -2.0344439357957027, 4.47213595499958
335, 7, 44, 296, 44, 296, 0, 0, 0.0, 0.0
335, 8, 1065, 16, 1069, 18, -4, -2, -2.677945044588987, 4.47213595499958
335, 9, 128, 225, 130, 224, -2, 1, 2.677945044588987, 2.23606797749979
335, 10, 1055, 472, 1055, 475, 0, -3, -1.5707963267948966, 3.0
335, 11, 646, 12, 646, 11, 0, 1, 1.5707963267948966, 1.0
335, 12, 38, 304, 38, 303, 0, 1, 1.5707963267948966, 1.0
335, 13, 869, 9, 869, 10, 0, -1, -1.5707963267948966, 1.0
335, 14, 955, 571, 956, 575, -1, -4, -1.8157749899217608, 4.123105625617661
335, 15, 873, 14, 873, 18, 0, -4, -1.5707963267948966, 4.0
335, 16, 980, 696, 981, 701, -1, -5, -1.7681918866447774, 5.0990195135927845
335, 17, 706, 452, 710, 455, -4, -3, -2.498091544796509, 5.0
335, 18, 15, 249, 15, 248, 0, 1, 1.5707963267948966, 1.0
335, 19, 514, 314, 514, 317, 0, -3, -1.5707963267948966, 3.0
335, 20, 1045, 60, 1048, 62, -3, -2, -2.5535900500422257, 3.605551275463989
335, 21, 312, 319, 312, 320, 0, -1, -1.5707963267948966, 1.0
335, 22, 51, 483, 50, 480, 1, 3, 1.2490457723982544, 3.1622776601683795
335, 23, 628, 500, 628, 496, 0, 4, 1.5707963267948966, 4.0
335, 24, 99, 180, 102, 179, -3, 1, 2.819842099193151, 3.1622776601683795
335, 25, 1069, 23, 1073, 25, -4, -2, -2.677945044588987, 4.47213595499958
335, 26, 934, 690, 935, 693, -1, -3, -1.892546881191539, 3.1622776601683795
335, 27, 988, 537, 990, 543, -2, -6, -1.892546881191539, 6.324555320336759
335, 28, 1060, 24, 1064, 26, -4, -2, -2.677945044588987, 4.47213595499958
335, 29, 764, 692, 765, 696, -1, -4, -1.8157749899217608, 4.123105625617661
335, 30, 964, 544, 966, 547, -2, -3, -2.158798930342464, 3.605551275463989
335, 31, 68, 483, 66, 480, 2, 3, 0.982793723247329, 3.605551275463989
335, 32, 103, 511, 103, 508, 0, 3, 1.5707963267948966, 3.0
335, 33, 663, 143, 663, 143, 0, 0, 0.0, 0.0
335, 34, 1098, 47, 1101, 49, -3, -2, -2.5535900500422257, 3.605551275463989
335, 35, 643, 18, 643, 18, 0, 0, 0.0, 0.0
335, 36, 519, 76, 519, 79, 0, -3, -1.5707963267948966, 3.0
335, 37, 331, 400, 332, 400, -1, 0, 3.141592653589793, 1.0
335, 38, 508, 75, 508, 78, 0, -3, -1.5707963267948966, 3.0
335, 39, 769, 30, 769, 31, 0, -1, -1.5707963267948966, 1.0
335, 40, 1040, 464, 1042, 468, -2, -4, -2.0344439357957027, 4.47213595499958
335, 41, 675, 450, 680, 454, -5, -4, -2.4668517113662407, 6.4031242374328485
335, 42, 1070, 59, 1072, 60, -2, -1, -2.677945044588987, 2.23606797749979
335, 43, 628, 15, 626, 16, 2, -1, -0.4636476090008061, 2.23606797749979
335, 44, 496, 114, 497, 117, -1, -3, -1.892546881191539, 3.1622776601683795
335, 45, 43, 329, 44, 329, -1, 0, 3.141592653589793, 1.0
335, 46, 526, 260, 527, 265, -1, -5, -1.7681918866447774, 5.0990195135927845
335, 47, 641, 116, 641, 114, 0, 2, 1.5707963267948966, 2.0
335, 48, 34, 278, 34, 278, 0, 0, 0.0, 0.0
335, 49, 863, 15, 863, 19, 0, -4, -1.5707963267948966, 4.0
335, 50, 697, 456, 700, 460, -3, -4, -2.214297435588181, 5.0
335, 51, 58, 487, 57, 485, 1, 2, 1.1071487177940904, 2.23606797749979
335, 52, 513, 67, 513, 70, 0, -3, -1.5707963267948966, 3.0
335, 53, 250, 326, 251, 328, -1, -2, -2.0344439357957027, 2.23606797749979
335, 54, 646, 109, 646, 107, 0, 2, 1.5707963267948966, 2.0
335, 55, 690, 409, 694, 414, -4, -5, -2.2455372690184494, 6.4031242374328485
335, 56, 1082, 70, 1085, 71, -3, -1, -2.819842099193151, 3.1622776601683795
335, 57, 982, 640, 985, 644, -3, -4, -2.214297435588181, 5.0
335, 58, 547, 342, 547, 346, 0, -4, -1.5707963267948966, 4.0
335, 59, 543, 322, 543, 326, 0, -4, -1.5707963267948966, 4.0
335, 60, 507, 143, 508, 145, -1, -2, -2.0344439357957027, 2.23606797749979
335, 61, 661, 487, 661, 485, 0, 2, 1.5707963267948966, 2.0
335, 62, 68, 472, 66, 468, 2, 4, 1.1071487177940904, 4.47213595499958
335, 63, 1245, 262, 1249, 266, -4, -4, -2.356194490192345, 5.656854249492381
335, 64, 621, 49, 619, 49, 2, 0, 0.0, 2.0
335, 65, 270, 322, 270, 323, 0, -1, -1.5707963267948966, 1.0
335, 66, 490, 130, 492, 133, -2, -3, -2.158798930342464, 3.605551275463989
335, 67, 618, 67, 618, 67, 0, 0, 0.0, 0.0
335, 68, 1083, 49, 1085, 49, -2, 0, 3.141592653589793, 2.0
335, 69, 748, 34, 749, 34, -1, 0, 3.141592653589793, 1.0
335, 70, 517, 157, 517, 159, 0, -2, -1.5707963267948966, 2.0
335, 71, 686, 39, 685, 39, 1, 0, 0.0, 1.0
335, 72, 28, 328, 26, 325, 2, 3, 0.982793723247329, 3.605551275463989
335, 73, 780, 656, 780, 661, 0, -5, -1.5707963267948966, 5.0
335, 74, 96, 210, 98, 208, -2, 2, 2.356194490192345, 2.8284271247461903
335, 75, 1061, 65, 1064, 67, -3, -2, -2.5535900500422257, 3.605551275463989
335, 76, 36, 151, 37, 151, -1, 0, 3.141592653589793, 1.0
335, 77, 52, 466, 50, 463, 2, 3, 0.982793723247329, 3.605551275463989
335, 78, 686, 116, 686, 115, 0, 1, 1.5707963267948966, 1.0
335, 79, 963, 640, 966, 644, -3, -4, -2.214297435588181, 5.0
335, 80, 99, 236, 101, 235, -2, 1, 2.677945044588987, 2.23606797749979
335, 81, 945, 655, 947, 660, -2, -5, -1.9513027039072615, 5.385164807134504
335, 82, 107, 264, 108, 264, -1, 0, 3.141592653589793, 1.0
335, 83, 271, 330, 271, 331, 0, -1, -1.5707963267948966, 1.0
335, 84, 662, 439, 663, 439, -1, 0, 3.141592653589793, 1.0
335, 85, 525, 363, 526, 366, -1, -3, -1.892546881191539, 3.1622776601683795
335, 86, 987, 697, 989, 701, -2, -4, -2.0344439357957027, 4.47213595499958
335, 87, 301, 378, 301, 379, 0, -1, -1.5707963267948966, 1.0
335, 88, 773, 37, 773, 38, 0, -1, -1.5707963267948966, 1.0
335, 89, 293, 370, 293, 371, 0, -1, -1.5707963267948966, 1.0
335, 90, 1173, 52, 1175, 52, -2, 0, 3.141592653589793, 2.0
335, 91, 657, 49, 657, 49, 0, 0, 0.0, 0.0
335, 92, 1257, 238, 1261, 240, -4, -2, -2.677945044588987, 4.47213595499958
335, 93, 654, 113, 654, 112, 0, 1, 1.5707963267948966, 1.0
335, 94, 527, 121, 527, 122, 0, -1, -1.5707963267948966, 1.0
335, 95, 62, 541, 60, 539, 2, 2, 0.7853981633974483, 2.8284271247461903
335, 96, 516, 280, 516, 285, 0, -5, -1.5707963267948966, 5.0
335, 97, 1258, 465, 1255, 464, 3, 1, 0.3217505543966422, 3.1622776601683795
335, 98, 677, 394, 680, 398, -3, -4, -2.214297435588181, 5.0
335, 99, 1230, 63, 1232, 65, -2, -2, -2.356194490192345, 2.8284271247461903
335, 100, 28, 164, 31, 163, -3, 1, 2.819842099193151, 3.1622776601683795
335, 101, 670, 48, 670, 48, 0, 0, 0.0, 0.0
335, 102, 525, 83, 525, 86, 0, -3, -1.5707963267948966, 3.0
335, 103, 866, 89, 867, 92, -1, -3, -1.892546881191539, 3.1622776601683795
335, 104, 275, 316, 275, 317, 0, -1, -1.5707963267948966, 1.0
335, 105, 949, 565, 951, 569, -2, -4, -2.0344439357957027, 4.47213595499958
335, 106, 625, 36, 622, 36, 3, 0, 0.0, 3.0
335, 107, 642, 433, 642, 429, 0, 4, 1.5707963267948966, 4.0
336, 0, 1062, 401, 1061, 406, 1, -5, -1.373400766945016, 5.0990195135927845
336, 1, 1079, 403, 1078, 408, 1, -5, -1.373400766945016, 5.0990195135927845
336, 2, 970, 533, 972, 537, -2, -4, -2.0344439357957027, 4.47213595499958
336, 3, 794, 655, 795, 660, -1, -5, -1.7681918866447774, 5.0990195135927845
336, 4, 652, 22, 653, 21, -1, 1, 2.356194490192345, 1.4142135623730951
336, 5, 994, 568, 996, 573, -2, -5, -1.9513027039072615, 5.385164807134504
336, 6, 699, 454, 702, 457, -3, -3, -2.356194490192345, 4.242640687119285
336, 7, 286, 314, 286, 315, 0, -1, -1.5707963267948966, 1.0
336, 8, 128, 226, 131, 225, -3, 1, 2.819842099193151, 3.1622776601683795
336, 9, 936, 701, 941, 717, -5, -16, -1.873681195169868, 16.76305461424021
336, 10, 45, 298, 45, 297, 0, 1, 1.5707963267948966, 1.0
336, 11, 39, 305, 39, 304, 0, 1, 1.5707963267948966, 1.0
336, 12, 1066, 18, 1070, 19, -4, -1, -2.896613990462929, 4.123105625617661
336, 13, 869, 9, 869, 10, 0, -1, -1.5707963267948966, 1.0
336, 14, 956, 694, 957, 700, -1, -6, -1.7359450042095235, 6.082762530298219
336, 15, 810, 701, 811, 709, -1, -8, -1.695151321341658, 8.06225774829855
336, 16, 713, 48, 713, 50, 0, -2, -1.5707963267948966, 2.0
336, 17, 873, 15, 873, 19, 0, -4, -1.5707963267948966, 4.0
336, 18, 982, 701, 983, 707, -1, -6, -1.7359450042095235, 6.082762530298219
336, 19, 646, 13, 647, 12, -1, 1, 2.356194490192345, 1.4142135623730951
336, 20, 16, 249, 16, 248, 0, 1, 1.5707963267948966, 1.0
336, 21, 953, 567, 954, 571, -1, -4, -1.8157749899217608, 4.123105625617661
336, 22, 313, 320, 313, 321, 0, -1, -1.5707963267948966, 1.0
336, 23, 517, 312, 517, 315, 0, -3, -1.5707963267948966, 3.0
336, 24, 1043, 56, 1046, 58, -3, -2, -2.5535900500422257, 3.605551275463989
336, 25, 707, 449, 710, 452, -3, -3, -2.356194490192345, 4.242640687119285
336, 26, 514, 69, 514, 71, 0, -2, -1.5707963267948966, 2.0
336, 27, 100, 180, 103, 179, -3, 1, 2.819842099193151, 3.1622776601683795
336, 28, 674, 466, 677, 464, -3, 2, 2.5535900500422257, 3.605551275463989
336, 29, 934, 691, 936, 694, -2, -3, -2.158798930342464, 3.605551275463989
336, 30, 1062, 25, 1066, 26, -4, -1, -2.896613990462929, 4.123105625617661
336, 31, 965, 540, 966, 543, -1, -3, -1.892546881191539, 3.1622776601683795
336, 32, 1070, 25, 1074, 26, -4, -1, -2.896613990462929, 4.123105625617661
336, 33, 675, 448, 679, 452, -4, -4, -2.356194490192345, 5.656854249492381
336, 34, 508, 77, 508, 79, 0, -2, -1.5707963267948966, 2.0
336, 35, 51, 487, 50, 484, 1, 3, 1.2490457723982544, 3.1622776601683795
336, 36, 765, 691, 766, 695, -1, -4, -1.8157749899217608, 4.123105625617661
336, 37, 1258, 265, 1261, 269, -3, -4, -2.214297435588181, 5.0
336, 38, 988, 536, 990, 542, -2, -6, -1.892546881191539, 6.324555320336759
336, 39, 864, 15, 864, 19, 0, -4, -1.5707963267948966, 4.0
336, 40, 519, 77, 519, 79, 0, -2, -1.5707963267948966, 2.0
336, 41, 928, 9, 930, 10, -2, -1, -2.677945044588987, 2.23606797749979
336, 42, 331, 401, 332, 401, -1, 0, 3.141592653589793, 1.0
336, 43, 547, 342, 547, 346, 0, -4, -1.5707963267948966, 4.0
336, 44, 982, 636, 985, 640, -3, -4, -2.214297435588181, 5.0
336, 45, 1098, 45, 1101, 48, -3, -3, -2.356194490192345, 4.242640687119285
336, 46, 1058, 466, 1058, 469, 0, -3, -1.5707963267948966, 3.0
336, 47, 643, 20, 643, 19, 0, 1, 1.5707963267948966, 1.0
336, 48, 44, 330, 44, 330, 0, 0, 0.0, 0.0
336, 49, 750, 23, 751, 22, -1, 1, 2.356194490192345, 1.4142135623730951
336, 50, 35, 150, 36, 150, -1, 0, 3.141592653589793, 1.0
336, 51, 622, 48, 620, 49, 2, -1, -0.4636476090008061, 2.23606797749979
336, 52, 628, 503, 628, 499, 0, 4, 1.5707963267948966, 4.0
336, 53, 769, 31, 769, 32, 0, -1, -1.5707963267948966, 1.0
336, 54, 436, 31, 436, 30, 0, 1, 1.5707963267948966, 1.0
336, 55, 497, 116, 498, 119, -1, -3, -1.892546881191539, 3.1622776601683795
336, 56, 1000, 562, 1001, 568, -1, -6, -1.7359450042095235, 6.082762530298219
336, 57, 105, 513, 104, 510, 1, 3, 1.2490457723982544, 3.1622776601683795
336, 58, 250, 326, 251, 328, -1, -2, -2.0344439357957027, 2.23606797749979
336, 59, 1039, 459, 1041, 463, -2, -4, -2.0344439357957027, 4.47213595499958
336, 60, 1082, 70, 1085, 70, -3, 0, 3.141592653589793, 3.0
336, 61, 70, 485, 68, 482, 2, 3, 0.982793723247329, 3.605551275463989
336, 62, 748, 35, 749, 35, -1, 0, 3.141592653589793, 1.0
336, 63, 1246, 258, 1251, 261, -5, -3, -2.601173153319209, 5.830951894845301
336, 64, 1085, 439, 1084, 440, 1, -1, -0.7853981633974483, 1.4142135623730951
336, 65, 61, 491, 59, 488, 2, 3, 0.982793723247329, 3.605551275463989
336, 66, 654, 115, 654, 113, 0, 2, 1.5707963267948966, 2.0
336, 67, 647, 110, 647, 108, 0, 2, 1.5707963267948966, 2.0
336, 68, 642, 116, 642, 114, 0, 2, 1.5707963267948966, 2.0
336, 69, 526, 261, 527, 266, -1, -5, -1.7681918866447774, 5.0990195135927845
336, 70, 779, 655, 780, 660, -1, -5, -1.7681918866447774, 5.0990195135927845
336, 71, 663, 487, 663, 485, 0, 2, 1.5707963267948966, 2.0
336, 72, 35, 280, 35, 279, 0, 1, 1.5707963267948966, 1.0
336, 73, 491, 131, 493, 133, -2, -2, -2.356194490192345, 2.8284271247461903
336, 74, 1085, 24, 1089, 26, -4, -2, -2.677945044588987, 4.47213595499958
336, 75, 687, 115, 687, 114, 0, 1, 1.5707963267948966, 1.0
336, 76, 1063, 65, 1066, 66, -3, -1, -2.819842099193151, 3.1622776601683795
336, 77, 690, 407, 694, 412, -4, -5, -2.2455372690184494, 6.4031242374328485
336, 78, 705, 428, 709, 433, -4, -5, -2.2455372690184494, 6.4031242374328485
336, 79, 544, 321, 544, 326, 0, -5, -1.5707963267948966, 5.0
336, 80, 29, 332, 28, 330, 1, 2, 1.1071487177940904, 2.23606797749979
336, 81, 1261, 235, 1273, 238, -12, -3, -2.896613990462929, 12.36931687685298
336, 82, 526, 359, 526, 362, 0, -3, -1.5707963267948966, 3.0
336, 83, 1261, 251, 1278, 255, -17, -4, -2.9105019863938963, 17.46424919657298
336, 84, 97, 210, 99, 209, -2, 1, 2.677945044588987, 2.23606797749979
336, 85, 620, 67, 619, 67, 1, 0, 0.0, 1.0
336, 86, 938, 97, 939, 97, -1, 0, 3.141592653589793, 1.0
336, 87, 10, 242, 10, 241, 0, 1, 1.5707963267948966, 1.0
336, 88, 663, 440, 665, 440, -2, 0, 3.141592653589793, 2.0
336, 89, 773, 38, 773, 39, 0, -1, -1.5707963267948966, 1.0
336, 90, 525, 84, 525, 86, 0, -2, -1.5707963267948966, 2.0
336, 91, 962, 638, 965, 642, -3, -4, -2.214297435588181, 5.0
336, 92, 935, 87, 935, 88, 0, -1, -1.5707963267948966, 1.0
336, 93, 53, 467, 51, 464, 2, 3, 0.982793723247329, 3.605551275463989
336, 94, 625, 36, 622, 37, 3, -1, -0.3217505543966422, 3.1622776601683795
336, 95, 532, 354, 532, 357, 0, -3, -1.5707963267948966, 3.0
336, 96, 1228, 67, 1231, 70, -3, -3, -2.356194490192345, 4.242640687119285
336, 97, 862, 80, 863, 82, -1, -2, -2.0344439357957027, 2.23606797749979
336, 98, 69, 473, 67, 470, 2, 3, 0.982793723247329, 3.605551275463989
336, 99, 515, 282, 516, 286, -1, -4, -1.8157749899217608, 4.123105625617661
336, 100, 664, 145, 663, 144, 1, 1, 0.7853981633974483, 1.4142135623730951
336, 101, 1249, 486, 1248, 482, 1, 4, 1.3258176636680326, 4.123105625617661
336, 102, 527, 122, 527, 123, 0, -1, -1.5707963267948966, 1.0
336, 103, 989, 697, 991, 702, -2, -5, -1.9513027039072615, 5.385164807134504
336, 104, 677, 393, 680, 397, -3, -4, -2.214297435588181, 5.0
336, 105, 628, 16, 627, 17, 1, -1, -0.7853981633974483, 1.4142135623730951
337, 0, 1063, 396, 1062, 401, 1, -5, -1.373400766945016, 5.0990195135927845
337, 1, 1080, 399, 1079, 403, 1, -4, -1.3258176636680326, 4.123105625617661
337, 2, 969, 529, 970, 533, -1, -4, -1.8157749899217608, 4.123105625617661
337, 3, 793, 650, 794, 655, -1, -5, -1.7681918866447774, 5.0990195135927845
337, 4, 651, 23, 652, 22, -1, 1, 2.356194490192345, 1.4142135623730951
337, 5, 993, 563, 994, 568, -1, -5, -1.7681918866447774, 5.0990195135927845
337, 6, 697, 451, 699, 454, -2, -3, -2.158798930342464, 3.605551275463989
337, 7, 286, 313, 286, 314, 0, -1, -1.5707963267948966, 1.0
337, 8, 126, 227, 128, 226, -2, 1, 2.677945044588987, 2.23606797749979
337, 9, 933, 695, 936, 701, -3, -6, -2.0344439357957027, 6.708203932499369
337, 10, 46, 300, 45, 298, 1, 2, 1.1071487177940904, 2.23606797749979
337, 11, 39, 307, 39, 305, 0, 2, 1.5707963267948966, 2.0
337, 12, 1062, 17, 1066, 18, -4, -1, -2.896613990462929, 4.123105625617661
337, 13, 954, 689, 956, 694, -2, -5, -1.9513027039072615, 5.385164807134504
337, 14, 809, 697, 810, 701, -1, -4, -1.8157749899217608, 4.123105625617661
337, 15, 713, 47, 713, 48, 0, -1, -1.5707963267948966, 1.0
337, 16, 873, 12, 873, 15, 0, -3, -1.5707963267948966, 3.0
337, 17, 981, 696, 982, 701, -1, -5, -1.7681918866447774, 5.0990195135927845
337, 18, 646, 14, 646, 13, 0, 1, 1.5707963267948966, 1.0
337, 19, 16, 250, 16, 249, 0, 1, 1.5707963267948966, 1.0
337, 20, 952, 563, 953, 567, -1, -4, -1.8157749899217608, 4.123105625617661
337, 21, 313, 320, 313, 320, 0, 0, 0.0, 0.0
337, 22, 517, 309, 517, 312, 0, -3, -1.5707963267948966, 3.0
337, 23, 1039, 54, 1043, 56, -4, -2, -2.677945044588987, 4.47213595499958
337, 24, 704, 445, 707, 449, -3, -4, -2.214297435588181, 5.0
337, 25, 514, 67, 514, 69, 0, -2, -1.5707963267948966, 2.0
337, 26, 98, 181, 100, 180, -2, 1, 2.677945044588987, 2.23606797749979
337, 27, 672, 468, 674, 466, -2, 2, 2.356194490192345, 2.8284271247461903
337, 28, 932, 687, 934, 691, -2, -4, -2.0344439357957027, 4.47213595499958
337, 29, 1057, 24, 1062, 25, -5, -1, -2.9441970937399127, 5.0990195135927845
337, 30, 964, 537, 965, 540, -1, -3, -1.892546881191539, 3.1622776601683795
337, 31, 1066, 24, 1070, 25, -4, -1, -2.896613990462929, 4.123105625617661
337, 32, 671, 444, 675, 448, -4, -4, -2.356194490192345, 5.656854249492381
337, 33, 508, 75, 508, 77, 0, -2, -1.5707963267948966, 2.0
337, 34, 53, 490, 51, 487, 2, 3, 0.982793723247329, 3.605551275463989
337, 35, 764, 687, 765, 691, -1, -4, -1.8157749899217608, 4.123105625617661
337, 36, 1255, 262, 1258, 265, -3, -3, -2.356194490192345, 4.242640687119285
337, 37, 986, 530, 988, 536, -2, -6, -1.892546881191539, 6.324555320336759
337, 38, 864, 12, 864, 15, 0, -3, -1.5707963267948966, 3.0
337, 39, 519, 75, 519, 77, 0, -2, -1.5707963267948966, 2.0
337, 40, 547, 338, 547, 342, 0, -4, -1.5707963267948966, 4.0
337, 41, 979, 632, 982, 636, -3, -4, -2.214297435588181, 5.0
337, 42, 1095, 42, 1098, 45, -3, -3, -2.356194490192345, 4.242640687119285
337, 43, 1058, 463, 1058, 466, 0, -3, -1.5707963267948966, 3.0
337, 44, 643, 21, 643, 20, 0, 1, 1.5707963267948966, 1.0
337, 45, 44, 330, 44, 330, 0, 0, 0.0, 0.0
337, 46, 749, 23, 750, 23, -1, 0, 3.141592653589793, 1.0
337, 47, 34, 150, 35, 150, -1, 0, 3.141592653589793, 1.0
337, 48, 624, 48, 622, 48, 2, 0, 0.0, 2.0
337, 49, 627, 506, 628, 503, -1, 3, 1.892546881191539, 3.1622776601683795
337, 50, 768, 31, 769, 31, -1, 0, 3.141592653589793, 1.0
337, 51, 436, 32, 436, 31, 0, 1, 1.5707963267948966, 1.0
337, 52, 496, 114, 497, 116, -1, -2, -2.0344439357957027, 2.23606797749979
337, 53, 999, 556, 1000, 562, -1, -6, -1.7359450042095235, 6.082762530298219
337, 54, 106, 515, 105, 513, 1, 2, 1.1071487177940904, 2.23606797749979
337, 55, 1038, 455, 1039, 459, -1, -4, -1.8157749899217608, 4.123105625617661
337, 56, 1079, 70, 1082, 70, -3, 0, 3.141592653589793, 3.0
337, 57, 72, 488, 70, 485, 2, 3, 0.982793723247329, 3.605551275463989
337, 58, 747, 35, 748, 35, -1, 0, 3.141592653589793, 1.0
337, 59, 1241, 257, 1246, 258, -5, -1, -2.9441970937399127, 5.0990195135927845
337, 60, 1086, 439, 1085, 439, 1, 0, 0.0, 1.0
337, 61, 63, 494, 61, 491, 2, 3, 0.982793723247329, 3.605551275463989
337, 62, 654, 117, 654, 115, 0, 2, 1.5707963267948966, 2.0
337, 63, 647, 112, 647, 110, 0, 2, 1.5707963267948966, 2.0
337, 64, 642, 118, 642, 116, 0, 2, 1.5707963267948966, 2.0
337, 65, 525, 257, 526, 261, -1, -4, -1.8157749899217608, 4.123105625617661
337, 66, 778, 650, 779, 655, -1, -5, -1.7681918866447774, 5.0990195135927845
337, 67, 663, 489, 663, 487, 0, 2, 1.5707963267948966, 2.0
337, 68, 36, 281, 35, 280, 1, 1, 0.7853981633974483, 1.4142135623730951
337, 69, 1081, 22, 1085, 24, -4, -2, -2.677945044588987, 4.47213595499958
337, 70, 687, 116, 687, 115, 0, 1, 1.5707963267948966, 1.0
337, 71, 1060, 64, 1063, 65, -3, -1, -2.819842099193151, 3.1622776601683795
337, 72, 686, 402, 690, 407, -4, -5, -2.2455372690184494, 6.4031242374328485
337, 73, 701, 423, 705, 428, -4, -5, -2.2455372690184494, 6.4031242374328485
337, 74, 544, 317, 544, 321, 0, -4, -1.5707963267948966, 4.0
337, 75, 30, 334, 29, 332, 1, 2, 1.1071487177940904, 2.23606797749979
337, 76, 1257, 233, 1261, 235, -4, -2, -2.677945044588987, 4.47213595499958
337, 77, 526, 357, 526, 359, 0, -2, -1.5707963267948966, 2.0
337, 78, 1257, 248, 1261, 251, -4, -3, -2.498091544796509, 5.0
337, 79, 95, 211, 97, 210, -2, 1, 2.677945044588987, 2.23606797749979
337, 80, 621, 67, 620, 67, 1, 0, 0.0, 1.0
337, 81, 10, 243, 10, 242, 0, 1, 1.5707963267948966, 1.0
337, 82, 662, 441, 663, 440, -1, 1, 2.356194490192345, 1.4142135623730951
337, 83, 525, 82, 525, 84, 0, -2, -1.5707963267948966, 2.0
337, 84, 959, 634, 962, 638, -3, -4, -2.214297435588181, 5.0
337, 85, 935, 87, 935, 87, 0, 0, 0.0, 0.0
337, 86, 55, 470, 53, 467, 2, 3, 0.982793723247329, 3.605551275463989
337, 87, 628, 36, 625, 36, 3, 0, 0.0, 3.0
337, 88, 532, 352, 532, 354, 0, -2, -1.5707963267948966, 2.0
337, 89, 1226, 65, 1228, 67, -2, -2, -2.356194490192345, 2.8284271247461903
337, 90, 861, 78, 862, 80, -1, -2, -2.0344439357957027, 2.23606797749979
337, 91, 71, 476, 69, 473, 2, 3, 0.982793723247329, 3.605551275463989
337, 92, 514, 278, 515, 282, -1, -4, -1.8157749899217608, 4.123105625617661
337, 93, 665, 147, 664, 145, 1, 2, 1.1071487177940904, 2.23606797749979
337, 94, 1251, 491, 1249, 486, 2, 5, 1.1902899496825317, 5.385164807134504
337, 95, 987, 692, 989, 697, -2, -5, -1.9513027039072615, 5.385164807134504
337, 96, 673, 389, 677, 393, -4, -4, -2.356194490192345, 5.656854249492381
337, 97, 629, 15, 628, 16, 1, -1, -0.7853981633974483, 1.4142135623730951
338, 0, 1065, 397, 1063, 401, 2, -4, -1.1071487177940904, 4.47213595499958
338, 1, 1081, 399, 1080, 403, 1, -4, -1.3258176636680326, 4.123105625617661
338, 2, 970, 526, 972, 530, -2, -4, -2.0344439357957027, 4.47213595499958
338, 3, 641, 22, 641, 21, 0, 1, 1.5707963267948966, 1.0
338, 4, 260, 352, 261, 352, -1, 0, 3.141592653589793, 1.0
338, 5, 286, 314, 286, 315, 0, -1, -1.5707963267948966, 1.0
338, 6, 794, 650, 795, 654, -1, -4, -1.8157749899217608, 4.123105625617661
338, 7, 661, 442, 663, 443, -2, -1, -2.677945044588987, 2.23606797749979
338, 8, 696, 446, 698, 452, -2, -6, -1.892546881191539, 6.324555320336759
338, 9, 124, 229, 128, 227, -4, 2, 2.677945044588987, 4.47213595499958
338, 10, 47, 302, 46, 299, 1, 3, 1.2490457723982544, 3.1622776601683795
338, 11, 1062, 18, 1066, 19, -4, -1, -2.896613990462929, 4.123105625617661
338, 12, 651, 26, 653, 23, -2, 3, 2.158798930342464, 3.605551275463989
338, 13, 713, 46, 713, 49, 0, -3, -1.5707963267948966, 3.0
338, 14, 18, 253, 17, 250, 1, 3, 1.2490457723982544, 3.1622776601683795
338, 15, 747, 25, 748, 25, -1, 0, 3.141592653589793, 1.0
338, 16, 874, 11, 874, 16, 0, -5, -1.5707963267948966, 5.0
338, 17, 1261, 247, 1274, 252, -13, -5, -2.774418819771574, 13.92838827718412
338, 18, 40, 309, 40, 306, 0, 3, 1.5707963267948966, 3.0
338, 19, 627, 49, 624, 49, 3, 0, 0.0, 3.0
338, 20, 313, 321, 313, 321, 0, 0, 0.0, 0.0
338, 21, 935, 690, 937, 694, -2, -4, -2.0344439357957027, 4.47213595499958
338, 22, 762, 684, 763, 686, -1, -2, -2.0344439357957027, 2.23606797749979
338, 23, 671, 442, 675, 446, -4, -4, -2.356194490192345, 5.656854249492381
338, 24, 987, 530, 989, 536, -2, -6, -1.892546881191539, 6.324555320336759
338, 25, 953, 561, 954, 564, -1, -3, -1.892546881191539, 3.1622776601683795
338, 26, 809, 701, 811, 707, -2, -6, -1.892546881191539, 6.324555320336759
338, 27, 97, 182, 101, 180, -4, 2, 2.677945044588987, 4.47213595499958
338, 28, 992, 562, 995, 567, -3, -5, -2.1112158270654806, 5.830951894845301
338, 29, 1057, 25, 1062, 26, -5, -1, -2.9441970937399127, 5.0990195135927845
338, 30, 105, 515, 105, 515, 0, 0, 0.0, 0.0
338, 31, 980, 698, 983, 702, -3, -4, -2.214297435588181, 5.0
338, 32, 645, 15, 646, 14, -1, 1, 2.356194490192345, 1.4142135623730951
338, 33, 31, 340, 32, 339, -1, 1, 2.356194490192345, 1.4142135623730951
338, 34, 514, 314, 514, 317, 0, -3, -1.5707963267948966, 3.0
338, 35, 1066, 25, 1070, 26, -4, -1, -2.896613990462929, 4.123105625617661
338, 36, 548, 333, 548, 337, 0, -4, -1.5707963267948966, 4.0
338, 37, 56, 487, 54, 486, 2, 1, 0.4636476090008061, 2.23606797749979
338, 38, 1096, 43, 1099, 46, -3, -3, -2.356194490192345, 4.242640687119285
338, 39, 510, 75, 509, 77, 1, -2, -1.1071487177940904, 2.23606797749979
338, 40, 704, 443, 708, 447, -4, -4, -2.356194490192345, 5.656854249492381
338, 41, 1037, 77, 1041, 80, -4, -3, -2.498091544796509, 5.0
338, 42, 1261, 466, 1266, 465, -5, 1, 2.9441970937399127, 5.0990195135927845
338, 43, 963, 532, 965, 536, -2, -4, -2.0344439357957027, 4.47213595499958
338, 44, 257, 376, 258, 376, -1, 0, 3.141592653589793, 1.0
338, 45, 335, 344, 335, 344, 0, 0, 0.0, 0.0
338, 46, 33, 149, 35, 150, -2, -1, -2.677945044588987, 2.23606797749979
338, 47, 695, 491, 700, 492, -5, -1, -2.9441970937399127, 5.0990195135927845
338, 48, 521, 76, 520, 78, 1, -2, -1.1071487177940904, 2.23606797749979
338, 49, 939, 14, 940, 14, -1, 0, 3.141592653589793, 1.0
338, 50, 748, 35, 749, 35, -1, 0, 3.141592653589793, 1.0
338, 51, 716, 37, 716, 40, 0, -3, -1.5707963267948966, 3.0
338, 52, 864, 11, 864, 16, 0, -5, -1.5707963267948966, 5.0
338, 53, 332, 400, 332, 401, 0, -1, -1.5707963267948966, 1.0
338, 54, 39, 118, 41, 118, -2, 0, 3.141592653589793, 2.0
338, 55, 1254, 261, 1257, 264, -3, -3, -2.356194490192345, 4.242640687119285
338, 56, 622, 66, 620, 66, 2, 0, 0.0, 2.0
338, 57, 628, 507, 629, 505, -1, 2, 2.0344439357957027, 2.23606797749979
338, 58, 959, 688, 960, 693, -1, -5, -1.7681918866447774, 5.0990195135927845
338, 59, 95, 546, 91, 545, 4, 1, 0.24497866312686414, 4.123105625617661
338, 60, 1060, 65, 1064, 66, -4, -1, -2.896613990462929, 4.123105625617661
338, 61, 1037, 56, 1040, 56, -3, 0, 3.141592653589793, 3.0
338, 62, 999, 556, 1001, 562, -2, -6, -1.892546881191539, 6.324555320336759
338, 63, 71, 486, 71, 485, 0, 1, 1.5707963267948966, 1.0
338, 64, 649, 114, 647, 110, 2, 4, 1.1071487177940904, 4.47213595499958
338, 65, 516, 67, 515, 69, 1, -2, -1.1071487177940904, 2.23606797749979
338, 66, 629, 15, 629, 15, 0, 0, 0.0, 0.0
338, 67, 768, 32, 769, 32, -1, 0, 3.141592653589793, 1.0
338, 68, 1236, 258, 1240, 258, -4, 0, 3.141592653589793, 4.0
338, 69, 62, 491, 61, 491, 1, 0, 0.0, 1.0
338, 70, 980, 632, 982, 635, -2, -3, -2.158798930342464, 3.605551275463989
338, 71, 1062, 455, 1062, 457, 0, -2, -1.5707963267948966, 2.0
338, 72, 496, 115, 497, 117, -1, -2, -2.0344439357957027, 2.23606797749979
338, 73, 265, 334, 266, 334, -1, 0, 3.141592653589793, 1.0
338, 74, 989, 662, 994, 665, -5, -3, -2.601173153319209, 5.830951894845301
338, 75, 1258, 287, 1261, 290, -3, -3, -2.356194490192345, 4.242640687119285
338, 76, 328, 372, 329, 372, -1, 0, 3.141592653589793, 1.0
338, 77, 526, 256, 527, 262, -1, -6, -1.7359450042095235, 6.082762530298219
338, 78, 1085, 63, 1090, 65, -5, -2, -2.761086276477428, 5.385164807134504
338, 79, 1079, 27, 1082, 27, -3, 0, 3.141592653589793, 3.0
338, 80, 662, 490, 661, 487, 1, 3, 1.2490457723982544, 3.1622776601683795
338, 81, 1126, 54, 1128, 55, -2, -1, -2.677945044588987, 2.23606797749979
338, 82, 855, 44, 855, 47, 0, -3, -1.5707963267948966, 3.0
338, 83, 1042, 458, 1040, 460, 2, -2, -0.7853981633974483, 2.8284271247461903
338, 84, 527, 121, 527, 123, 0, -2, -1.5707963267948966, 2.0
338, 85, 949, 555, 950, 558, -1, -3, -1.892546881191539, 3.1622776601683795
338, 86, 689, 41, 688, 40, 1, 1, 0.7853981633974483, 1.4142135623730951
338, 87, 645, 119, 643, 116, 2, 3, 0.982793723247329, 3.605551275463989
338, 88, 765, 10, 766, 10, -1, 0, 3.141592653589793, 1.0
338, 89, 690, 9, 691, 14, -1, -5, -1.7681918866447774, 5.0990195135927845
338, 90, 864, 82, 864, 84, 0, -2, -1.5707963267948966, 2.0
338, 91, 959, 634, 962, 636, -3, -2, -2.5535900500422257, 3.605551275463989
338, 92, 986, 692, 990, 696, -4, -4, -2.356194490192345, 5.656854249492381
338, 93, 658, 119, 656, 115, 2, 4, 1.1071487177940904, 4.47213595499958
338, 94, 1086, 437, 1085, 439, 1, -2, -1.1071487177940904, 2.23606797749979
338, 95, 256, 384, 257, 384, -1, 0, 3.141592653589793, 1.0
338, 96, 490, 131, 492, 132, -2, -1, -2.677945044588987, 2.23606797749979
338, 97, 689, 404, 691, 407, -2, -3, -2.158798930342464, 3.605551275463989
338, 98, 1085, 422, 1084, 428, 1, -6, -1.4056476493802699, 6.082762530298219
338, 99, 128, 223, 132, 221, -4, 2, 2.677945044588987, 4.47213595499958
338, 100, 678, 440, 682, 444, -4, -4, -2.356194490192345, 5.656854249492381
338, 101, 779, 650, 779, 654, 0, -4, -1.5707963267948966, 4.0
338, 102, 36, 283, 35, 280, 1, 3, 1.2490457723982544, 3.1622776601683795
338, 103, 772, 39, 773, 39, -1, 0, 3.141592653589793, 1.0
338, 104, 935, 88, 935, 88, 0, 0, 0.0, 0.0
338, 105, 24, 166, 27, 165, -3, 1, 2.819842099193151, 3.1622776601683795
338, 106, 12, 246, 11, 243, 1, 3, 1.2490457723982544, 3.1622776601683795
338, 107, 517, 305, 517, 309, 0, -4, -1.5707963267948966, 4.0
338, 108, 1226, 65, 1229, 68, -3, -3, -2.356194490192345, 4.242640687119285
338, 109, 267, 375, 268, 375, -1, 0, 3.141592653589793, 1.0
338, 110, 1256, 552, 1257, 552, -1, 0, 3.141592653589793, 1.0
338, 111, 242, 301, 244, 302, -2, -1, -2.677945044588987, 2.23606797749979
338, 112, 436, 34, 437, 33, -1, 1, 2.356194490192345, 1.4142135623730951
338, 113, 527, 82, 526, 85, 1, -3, -1.2490457723982544, 3.1622776601683795
338, 114, 71, 476, 69, 473, 2, 3, 0.982793723247329, 3.605551275463989
338, 115, 817, 10, 818, 10, -1, 0, 3.141592653589793, 1.0
338, 116, 56, 471, 53, 468, 3, 3, 0.7853981633974483, 4.242640687119285
338, 117, 702, 424, 705, 428, -3, -4, -2.214297435588181, 5.0
338, 118, 125, 247, 128, 245, -3, 2, 2.5535900500422257, 3.605551275463989
338, 119, 1261, 232, 1264, 237, -3, -5, -2.1112158270654806, 5.830951894845301
338, 120, 627, 37, 626, 37, 1, 0, 0.0, 1.0
338, 121, 544, 320, 544, 324, 0, -4, -1.5707963267948966, 4.0
338, 122, 258, 326, 260, 326, -2, 0, 3.141592653589793, 2.0
338, 123, 516, 277, 516, 282, 0, -5, -1.5707963267948966, 5.0
338, 124, 1231, 16, 1233, 21, -2, -5, -1.9513027039072615, 5.385164807134504
338, 125, 671, 474, 674, 474, -3, 0, 3.141592653589793, 3.0
338, 126, 274, 318, 275, 318, -1, 0, 3.141592653589793, 1.0
338, 127, 15, 116, 17, 115, -2, 1, 2.677945044588987, 2.23606797749979
338, 128, 335, 337, 335, 337, 0, 0, 0.0, 0.0
338, 129, 108, 264, 109, 264, -1, 0, 3.141592653589793, 1.0
338, 130, 65, 548, 64, 545, 1, 3, 1.2490457723982544, 3.1622776601683795
338, 131, 1261, 294, 1269, 297, -8, -3, -2.782821983319221, 8.54400374531753
338, 132, 94, 212, 97, 210, -3, 2, 2.5535900500422257, 3.605551275463989
338, 133, 814, 19, 815, 19, -1, 0, 3.141592653589793, 1.0
338, 134, 666, 150, 664, 147, 2, 3, 0.982793723247329, 3.605551275463989
338, 135, 687, 194, 688, 194, -1, 0, 3.141592653589793, 1.0
338, 136, 701, 54, 701, 56, 0, -2, -1.5707963267948966, 2.0
338, 137, 688, 117, 688, 116, 0, 1, 1.5707963267948966, 1.0
338, 138, 16, 90, 18, 90, -2, 0, 3.141592653589793, 2.0
338, 139, 95, 240, 98, 238, -3, 2, 2.5535900500422257, 3.605551275463989
338, 140, 669, 44, 669, 44, 0, 0, 0.0, 0.0
338, 141, 256, 345, 257, 345, -1, 0, 3.141592653589793, 1.0
339, 0, 1066, 393, 1065, 397, 1, -4, -1.3258176636680326, 4.123105625617661
339, 1, 1082, 396, 1081, 399, 1, -3, -1.2490457723982544, 3.1622776601683795
339, 2, 969, 522, 970, 526, -1, -4, -1.8157749899217608, 4.123105625617661
339, 3, 642, 23, 641, 22, 1, 1, 0.7853981633974483, 1.4142135623730951
339, 4, 259, 352, 260, 352, -1, 0, 3.141592653589793, 1.0
339, 5, 286, 313, 286, 314, 0, -1, -1.5707963267948966, 1.0
339, 6, 793, 645, 794, 650, -1, -5, -1.7681918866447774, 5.0990195135927845
339, 7, 659, 442, 661, 442, -2, 0, 3.141592653589793, 2.0
339, 8, 693, 442, 696, 446, -3, -4, -2.214297435588181, 5.0
339, 9, 122, 231, 124, 229, -2, 2, 2.356194490192345, 2.8284271247461903
339, 10, 48, 305, 47, 302, 1, 3, 1.2490457723982544, 3.1622776601683795
339, 11, 1058, 17, 1062, 18, -4, -1, -2.896613990462929, 4.123105625617661
339, 12, 650, 27, 651, 26, -1, 1, 2.356194490192345, 1.4142135623730951
339, 13, 713, 43, 713, 46, 0, -3, -1.5707963267948966, 3.0
339, 14, 19, 256, 18, 253, 1, 3, 1.2490457723982544, 3.1622776601683795
339, 15, 746, 25, 747, 25, -1, 0, 3.141592653589793, 1.0
339, 16, 873, 9, 874, 11, -1, -2, -2.0344439357957027, 2.23606797749979
339, 17, 1257, 243, 1261, 247, -4, -4, -2.356194490192345, 5.656854249492381
339, 18, 40, 312, 40, 309, 0, 3, 1.5707963267948966, 3.0
339, 19, 628, 50, 627, 49, 1, 1, 0.7853981633974483, 1.4142135623730951
339, 20, 313, 320, 313, 321, 0, -1, -1.5707963267948966, 1.0
339, 21, 933, 687, 935, 690, -2, -3, -2.158798930342464, 3.605551275463989
339, 22, 761, 679, 762, 684, -1, -5, -1.7681918866447774, 5.0990195135927845
339, 23, 668, 439, 671, 442, -3, -3, -2.356194490192345, 4.242640687119285
339, 24, 986, 525, 987, 530, -1, -5, -1.7681918866447774, 5.0990195135927845
339, 25, 952, 557, 953, 561, -1, -4, -1.8157749899217608, 4.123105625617661
339, 26, 807, 697, 809, 701, -2, -4, -2.0344439357957027, 4.47213595499958
339, 27, 95, 183, 97, 182, -2, 1, 2.677945044588987, 2.23606797749979
339, 28, 990, 558, 992, 562, -2, -4, -2.0344439357957027, 4.47213595499958
339, 29, 1053, 24, 1057, 25, -4, -1, -2.896613990462929, 4.123105625617661
339, 30, 106, 516, 105, 515, 1, 1, 0.7853981633974483, 1.4142135623730951
339, 31, 977, 694, 980, 698, -3, -4, -2.214297435588181, 5.0
339, 32, 645, 15, 645, 15, 0, 0, 0.0, 0.0
339, 33, 31, 342, 31, 340, 0, 2, 1.5707963267948966, 2.0
339, 34, 514, 312, 514, 314, 0, -2, -1.5707963267948966, 2.0
339, 35, 1062, 24, 1066, 25, -4, -1, -2.896613990462929, 4.123105625617661
339, 36, 548, 329, 548, 333, 0, -4, -1.5707963267948966, 4.0
339, 37, 58, 489, 56, 487, 2, 2, 0.7853981633974483, 2.8284271247461903
339, 38, 1093, 40, 1096, 43, -3, -3, -2.356194490192345, 4.242640687119285
339, 39, 510, 74, 510, 75, 0, -1, -1.5707963267948966, 1.0
339, 40, 701, 439, 704, 443, -3, -4, -2.214297435588181, 5.0
339, 41, 1032, 78, 1037, 77, -5, 1, 2.9441970937399127, 5.0990195135927845
339, 42, 1261, 467, 1261, 466, 0, 1, 1.5707963267948966, 1.0
339, 43, 962, 528, 963, 532, -1, -4, -1.8157749899217608, 4.123105625617661
339, 44, 256, 376, 257, 376, -1, 0, 3.141592653589793, 1.0
339, 45, 335, 343, 335, 344, 0, -1, -1.5707963267948966, 1.0
339, 46, 32, 149, 33, 149, -1, 0, 3.141592653589793, 1.0
339, 47, 692, 490, 695, 491, -3, -1, -2.819842099193151, 3.1622776601683795
339, 48, 521, 75, 521, 76, 0, -1, -1.5707963267948966, 1.0
339, 49, 938, 14, 939, 14, -1, 0, 3.141592653589793, 1.0
339, 50, 747, 35, 748, 35, -1, 0, 3.141592653589793, 1.0
339, 51, 715, 35, 716, 37, -1, -2, -2.0344439357957027, 2.23606797749979
339, 52, 863, 9, 864, 11, -1, -2, -2.0344439357957027, 2.23606797749979
339, 53, 332, 400, 332, 400, 0, 0, 0.0, 0.0
339, 54, 38, 118, 39, 118, -1, 0, 3.141592653589793, 1.0
339, 55, 1250, 262, 1254, 261, -4, 1, 2.896613990462929, 4.123105625617661
339, 56, 624, 66, 622, 66, 2, 0, 0.0, 2.0
339, 57, 628, 511, 628, 507, 0, 4, 1.5707963267948966, 4.0
339, 58, 957, 684, 959, 688, -2, -4, -2.0344439357957027, 4.47213595499958
339, 59, 98, 548, 95, 546, 3, 2, 0.5880026035475675, 3.605551275463989
339, 60, 1056, 64, 1060, 65, -4, -1, -2.896613990462929, 4.123105625617661
339, 61, 1034, 54, 1037, 56, -3, -2, -2.5535900500422257, 3.605551275463989
339, 62, 997, 552, 999, 556, -2, -4, -2.0344439357957027, 4.47213595499958
339, 63, 73, 488, 71, 486, 2, 2, 0.7853981633974483, 2.8284271247461903
339, 64, 650, 115, 649, 114, 1, 1, 0.7853981633974483, 1.4142135623730951
339, 65, 516, 66, 516, 67, 0, -1, -1.5707963267948966, 1.0
339, 66, 629, 15, 629, 15, 0, 0, 0.0, 0.0
339, 67, 767, 32, 768, 32, -1, 0, 3.141592653589793, 1.0
339, 68, 1234, 259, 1236, 258, -2, 1, 2.677945044588987, 2.23606797749979
339, 69, 64, 493, 62, 491, 2, 2, 0.7853981633974483, 2.8284271247461903
339, 70, 977, 628, 980, 632, -3, -4, -2.214297435588181, 5.0
339, 71, 1062, 453, 1062, 455, 0, -2, -1.5707963267948966, 2.0
339, 72, 496, 114, 496, 115, 0, -1, -1.5707963267948966, 1.0
339, 73, 265, 334, 265, 334, 0, 0, 0.0, 0.0
339, 74, 985, 658, 989, 662, -4, -4, -2.356194490192345, 5.656854249492381
339, 75, 1255, 285, 1258, 287, -3, -2, -2.5535900500422257, 3.605551275463989
339, 76, 327, 372, 328, 372, -1, 0, 3.141592653589793, 1.0
339, 77, 525, 253, 526, 256, -1, -3, -1.892546881191539, 3.1622776601683795
339, 78, 1082, 60, 1085, 63, -3, -3, -2.356194490192345, 4.242640687119285
339, 79, 1075, 26, 1079, 27, -4, -1, -2.896613990462929, 4.123105625617661
339, 80, 663, 493, 662, 490, 1, 3, 1.2490457723982544, 3.1622776601683795
339, 81, 1125, 52, 1126, 54, -1, -2, -2.0344439357957027, 2.23606797749979
339, 82, 855, 42, 855, 44, 0, -2, -1.5707963267948966, 2.0
339, 83, 1043, 457, 1042, 458, 1, -1, -0.7853981633974483, 1.4142135623730951
339, 84, 527, 120, 527, 121, 0, -1, -1.5707963267948966, 1.0
339, 85, 948, 551, 949, 555, -1, -4, -1.8157749899217608, 4.123105625617661
339, 86, 689, 42, 689, 41, 0, 1, 1.5707963267948966, 1.0
339, 87, 646, 120, 645, 119, 1, 1, 0.7853981633974483, 1.4142135623730951
339, 88, 765, 10, 765, 10, 0, 0, 0.0, 0.0
339, 89, 864, 81, 864, 82, 0, -1, -1.5707963267948966, 1.0
339, 90, 956, 630, 959, 634, -3, -4, -2.214297435588181, 5.0
339, 91, 983, 688, 986, 692, -3, -4, -2.214297435588181, 5.0
339, 92, 659, 120, 658, 119, 1, 1, 0.7853981633974483, 1.4142135623730951
339, 93, 1087, 435, 1086, 437, 1, -2, -1.1071487177940904, 2.23606797749979
339, 94, 255, 384, 256, 384, -1, 0, 3.141592653589793, 1.0
339, 95, 685, 400, 689, 404, -4, -4, -2.356194490192345, 5.656854249492381
339, 96, 1085, 420, 1085, 422, 0, -2, -1.5707963267948966, 2.0
339, 97, 126, 224, 128, 223, -2, 1, 2.677945044588987, 2.23606797749979
339, 98, 675, 435, 678, 440, -3, -5, -2.1112158270654806, 5.830951894845301
339, 99, 779, 645, 779, 650, 0, -5, -1.5707963267948966, 5.0
339, 100, 37, 286, 36, 283, 1, 3, 1.2490457723982544, 3.1622776601683795
339, 101, 771, 39, 772, 39, -1, 0, 3.141592653589793, 1.0
339, 102, 935, 88, 935, 88, 0, 0, 0.0, 0.0
339, 103, 23, 166, 24, 166, -1, 0, 3.141592653589793, 1.0
339, 104, 12, 249, 12, 246, 0, 3, 1.5707963267948966, 3.0
339, 105, 517, 303, 517, 305, 0, -2, -1.5707963267948966, 2.0
339, 106, 1224, 63, 1226, 65, -2, -2, -2.356194490192345, 2.8284271247461903
339, 107, 266, 375, 267, 375, -1, 0, 3.141592653589793, 1.0
339, 108, 1256, 552, 1256, 552, 0, 0, 0.0, 0.0
339, 109, 435, 34, 436, 34, -1, 0, 3.141592653589793, 1.0
339, 110, 527, 80, 527, 82, 0, -2, -1.5707963267948966, 2.0
339, 111, 73, 478, 71, 476, 2, 2, 0.7853981633974483, 2.8284271247461903
339, 112, 58, 473, 56, 471, 2, 2, 0.7853981633974483, 2.8284271247461903
339, 113, 698, 419, 702, 424, -4, -5, -2.2455372690184494, 6.4031242374328485
339, 114, 123, 249, 125, 247, -2, 2, 2.356194490192345, 2.8284271247461903
339, 115, 1257, 228, 1261, 232, -4, -4, -2.356194490192345, 5.656854249492381
339, 116, 629, 37, 627, 37, 2, 0, 0.0, 2.0
339, 117, 544, 316, 544, 320, 0, -4, -1.5707963267948966, 4.0
339, 118, 257, 326, 258, 326, -1, 0, 3.141592653589793, 1.0
339, 119, 516, 274, 516, 277, 0, -3, -1.5707963267948966, 3.0
339, 120, 1229, 13, 1231, 16, -2, -3, -2.158798930342464, 3.605551275463989
339, 121, 669, 477, 671, 474, -2, 3, 2.158798930342464, 3.605551275463989
339, 122, 273, 318, 274, 318, -1, 0, 3.141592653589793, 1.0
339, 123, 14, 117, 15, 116, -1, 1, 2.356194490192345, 1.4142135623730951
339, 124, 335, 336, 335, 337, 0, -1, -1.5707963267948966, 1.0
339, 125, 107, 264, 108, 264, -1, 0, 3.141592653589793, 1.0
339, 126, 66, 550, 65, 548, 1, 2, 1.1071487177940904, 2.23606797749979
339, 127, 1258, 292, 1261, 294, -3, -2, -2.5535900500422257, 3.605551275463989
339, 128, 92, 213, 94, 212, -2, 1, 2.677945044588987, 2.23606797749979
339, 129, 813, 19, 814, 19, -1, 0, 3.141592653589793, 1.0
339, 130, 667, 152, 666, 150, 1, 2, 1.1071487177940904, 2.23606797749979
339, 131, 687, 194, 687, 194, 0, 0, 0.0, 0.0
339, 132, 701, 53, 701, 54, 0, -1, -1.5707963267948966, 1.0
339, 133, 688, 118, 688, 117, 0, 1, 1.5707963267948966, 1.0
339, 134, 15, 90, 16, 90, -1, 0, 3.141592653589793, 1.0
339, 135, 94, 241, 95, 240, -1, 1, 2.356194490192345, 1.4142135623730951
339, 136, 668, 44, 669, 44, -1, 0, 3.141592653589793, 1.0
339, 137, 256, 345, 256, 345, 0, 0, 0.0, 0.0
340, 0, 1065, 391, 1064, 395, 1, -4, -1.3258176636680326, 4.123105625617661
340, 1, 1082, 396, 1081, 399, 1, -3, -1.2490457723982544, 3.1622776601683795
340, 2, 969, 519, 970, 523, -1, -4, -1.8157749899217608, 4.123105625617661
340, 3, 794, 641, 795, 646, -1, -5, -1.7681918866447774, 5.0990195135927845
340, 4, 120, 232, 123, 230, -3, 2, 2.5535900500422257, 3.605551275463989
340, 5, 657, 448, 659, 447, -2, 1, 2.677945044588987, 2.23606797749979
340, 6, 285, 315, 286, 315, -1, 0, 3.141592653589793, 1.0
340, 7, 1057, 17, 1061, 18, -4, -1, -2.896613990462929, 4.123105625617661
340, 8, 18, 257, 18, 254, 0, 3, 1.5707963267948966, 3.0
340, 9, 48, 306, 48, 303, 0, 3, 1.5707963267948966, 3.0
340, 10, 1092, 40, 1095, 42, -3, -2, -2.5535900500422257, 3.605551275463989
340, 11, 984, 651, 988, 655, -4, -4, -2.356194490192345, 5.656854249492381
340, 12, 874, 12, 874, 13, 0, -1, -1.5707963267948966, 1.0
340, 13, 797, 699, 800, 702, -3, -3, -2.356194490192345, 4.242640687119285
340, 14, 714, 44, 714, 46, 0, -2, -1.5707963267948966, 2.0
340, 15, 991, 556, 993, 559, -2, -3, -2.158798930342464, 3.605551275463989
340, 16, 666, 433, 668, 436, -2, -3, -2.158798930342464, 3.605551275463989
340, 17, 104, 555, 100, 554, 4, 1, 0.24497866312686414, 4.123105625617661
340, 18, 964, 524, 965, 528, -1, -4, -1.8157749899217608, 4.123105625617661
340, 19, 1030, 79, 1033, 79, -3, 0, 3.141592653589793, 3.0
340, 20, 1092, 447, 1091, 448, 1, -1, -0.7853981633974483, 1.4142135623730951
340, 21, 313, 320, 313, 321, 0, -1, -1.5707963267948966, 1.0
340, 22, 1054, 25, 1058, 26, -4, -1, -2.896613990462929, 4.123105625617661
340, 23, 808, 696, 810, 700, -2, -4, -2.0344439357957027, 4.47213595499958
340, 24, 951, 551, 952, 555, -1, -4, -1.8157749899217608, 4.123105625617661
340, 25, 60, 488, 58, 486, 2, 2, 0.7853981633974483, 2.8284271247461903
340, 26, 749, 34, 749, 35, 0, -1, -1.5707963267948966, 1.0
340, 27, 864, 12, 864, 13, 0, -1, -1.5707963267948966, 1.0
340, 28, 335, 343, 335, 344, 0, -1, -1.5707963267948966, 1.0
340, 29, 503, 137, 504, 139, -1, -2, -2.0344439357957027, 2.23606797749979
340, 30, 1084, 420, 1084, 424, 0, -4, -1.5707963267948966, 4.0
340, 31, 98, 183, 99, 182, -1, 1, 2.356194490192345, 1.4142135623730951
340, 32, 762, 673, 763, 677, -1, -4, -1.8157749899217608, 4.123105625617661
340, 33, 549, 321, 549, 325, 0, -4, -1.5707963267948966, 4.0
340, 34, 41, 312, 41, 310, 0, 2, 1.5707963267948966, 2.0
340, 35, 716, 35, 717, 37, -1, -2, -2.0344439357957027, 2.23606797749979
340, 36, 516, 67, 516, 68, 0, -1, -1.5707963267948966, 1.0
340, 37, 699, 435, 702, 439, -3, -4, -2.214297435588181, 5.0
340, 38, 1236, 264, 1237, 264, -1, 0, 3.141592653589793, 1.0
340, 39, 650, 27, 651, 26, -1, 1, 2.356194490192345, 1.4142135623730951
340, 40, 510, 74, 510, 76, 0, -2, -1.5707963267948966, 2.0
340, 41, 521, 74, 521, 76, 0, -2, -1.5707963267948966, 2.0
340, 42, 332, 401, 332, 401, 0, 0, 0.0, 0.0
340, 43, 987, 523, 988, 528, -1, -5, -1.7681918866447774, 5.0990195135927845
340, 44, 1085, 56, 1087, 59, -2, -3, -2.158798930342464, 3.605551275463989
340, 45, 1081, 63, 1083, 65, -2, -2, -2.356194490192345, 2.8284271247461903
340, 46, 517, 160, 517, 161, 0, -1, -1.5707963267948966, 1.0
340, 47, 688, 117, 688, 116, 0, 1, 1.5707963267948966, 1.0
340, 48, 78, 491, 75, 489, 3, 2, 0.5880026035475675, 3.605551275463989
340, 49, 768, 32, 769, 32, -1, 0, 3.141592653589793, 1.0
340, 50, 527, 119, 527, 120, 0, -1, -1.5707963267948966, 1.0
340, 51, 33, 148, 34, 148, -1, 0, 3.141592653589793, 1.0
340, 52, 532, 354, 532, 355, 0, -1, -1.5707963267948966, 1.0
340, 53, 977, 688, 981, 692, -4, -4, -2.356194490192345, 5.656854249492381
340, 54, 1056, 65, 1060, 66, -4, -1, -2.896613990462929, 4.123105625617661
340, 55, 1044, 456, 1043, 458, 1, -2, -1.1071487177940904, 2.23606797749979
340, 56, 628, 516, 629, 513, -1, 3, 1.892546881191539, 3.1622776601683795
340, 57, 1073, 24, 1077, 25, -4, -1, -2.896613990462929, 4.123105625617661
340, 58, 44, 330, 44, 330, 0, 0, 0.0, 0.0
340, 59, 646, 121, 645, 120, 1, 1, 0.7853981633974483, 1.4142135623730951
340, 60, 498, 114, 498, 115, 0, -1, -1.5707963267948966, 1.0
340, 61, 1261, 242, 1267, 246, -6, -4, -2.5535900500422257, 7.211102550927978
340, 62, 38, 287, 37, 284, 1, 3, 1.2490457723982544, 3.1622776601683795
340, 63, 67, 496, 65, 494, 2, 2, 0.7853981633974483, 2.8284271247461903
340, 64, 505, 116, 505, 117, 0, -1, -1.5707963267948966, 1.0
340, 65, 625, 64, 624, 63, 1, 1, 0.7853981633974483, 1.4142135623730951
340, 66, 856, 43, 856, 44, 0, -1, -1.5707963267948966, 1.0
340, 67, 954, 679, 956, 684, -2, -5, -1.9513027039072615, 5.385164807134504
340, 68, 247, 399, 248, 399, -1, 0, 3.141592653589793, 1.0
340, 69, 624, 14, 624, 14, 0, 0, 0.0, 0.0
340, 70, 947, 544, 948, 549, -1, -5, -1.7681918866447774, 5.0990195135927845
340, 71, 650, 114, 649, 113, 1, 1, 0.7853981633974483, 1.4142135623730951
340, 72, 927, 675, 930, 675, -3, 0, 3.141592653589793, 3.0
340, 73, 109, 522, 108, 521, 1, 1, 0.7853981633974483, 1.4142135623730951
340, 74, 683, 486, 684, 489, -1, -3, -1.892546881191539, 3.1622776601683795
340, 75, 512, 313, 512, 315, 0, -2, -1.5707963267948966, 2.0
340, 76, 526, 254, 527, 257, -1, -3, -1.892546881191539, 3.1622776601683795
340, 77, 37, 118, 39, 118, -2, 0, 3.141592653589793, 2.0
340, 78, 76, 480, 73, 478, 3, 2, 0.5880026035475675, 3.605551275463989
340, 79, 98, 239, 99, 238, -1, 1, 2.356194490192345, 1.4142135623730951
340, 80, 1040, 62, 1043, 64, -3, -2, -2.5535900500422257, 3.605551275463989
340, 81, 127, 226, 129, 224, -2, 2, 2.356194490192345, 2.8284271247461903
340, 82, 973, 622, 976, 626, -3, -4, -2.214297435588181, 5.0
340, 83, 947, 64, 947, 64, 0, 0, 0.0, 0.0
340, 84, 863, 81, 863, 82, 0, -1, -1.5707963267948966, 1.0
340, 85, 328, 373, 329, 373, -1, 0, 3.141592653589793, 1.0
340, 86, 256, 377, 257, 377, -1, 0, 3.141592653589793, 1.0
340, 87, 654, 68, 654, 67, 0, 1, 1.5707963267948966, 1.0
340, 88, 639, 15, 637, 16, 2, -1, -0.4636476090008061, 2.23606797749979
340, 89, 779, 640, 779, 645, 0, -5, -1.5707963267948966, 5.0
340, 90, 953, 623, 956, 627, -3, -4, -2.214297435588181, 5.0
340, 91, 257, 351, 258, 351, -1, 0, 3.141592653589793, 1.0
340, 92, 772, 39, 773, 39, -1, 0, 3.141592653589793, 1.0
340, 93, 745, 26, 745, 27, 0, -1, -1.5707963267948966, 1.0
340, 94, 265, 334, 266, 334, -1, 0, 3.141592653589793, 1.0
340, 95, 256, 384, 257, 384, -1, 0, 3.141592653589793, 1.0
340, 96, 1048, 493, 1048, 494, 0, -1, -1.5707963267948966, 1.0
340, 97, 939, 96, 939, 96, 0, 0, 0.0, 0.0
340, 98, 935, 89, 935, 89, 0, 0, 0.0, 0.0
340, 99, 124, 254, 126, 253, -2, 1, 2.677945044588987, 2.23606797749979
340, 100, 633, 40, 633, 39, 0, 1, 1.5707963267948966, 1.0
340, 101, 668, 153, 667, 150, 1, 3, 1.2490457723982544, 3.1622776601683795
340, 102, 689, 9, 690, 11, -1, -2, -2.0344439357957027, 2.23606797749979
