frame,i,x1,y1,x2,y2,x,y,angle,size
5, 59, 173, 77, 175, 77, -2, 0, 3.141592653589793, 2.0
6, 35, 32, 97, 31, 99, 1, -2, -1.1071487177940904, 2.23606797749979
8, 33, 170, 77, 172, 77, -2, 0, 3.141592653589793, 2.0
12, 34, 170, 83, 170, 85, 0, -2, -1.5707963267948966, 2.0
14, 9, 86, 162, 88, 162, -2, 0, 3.141592653589793, 2.0
18, 26, 245, 69, 244, 74, 1, -5, -1.373400766945016, 5.0990195135927845
19, 10, 246, 175, 247, 174, -1, 1, 2.356194490192345, 1.4142135623730951
19, 21, 20, 177, 22, 178, -2, -1, -2.677945044588987, 2.23606797749979
21, 73, 131, 122, 132, 124, -1, -2, -2.0344439357957027, 2.23606797749979
22, 11, 251, 148, 252, 147, -1, 1, 2.356194490192345, 1.4142135623730951
24, 0, 276, 126, 278, 125, -2, 1, 2.677945044588987, 2.23606797749979
24, 13, 134, 74, 135, 73, -1, 1, 2.356194490192345, 1.4142135623730951
24, 16, 19, 183, 21, 183, -2, 0, 3.141592653589793, 2.0
24, 28, 132, 134, 130, 136, 2, -2, -0.7853981633974483, 2.8284271247461903
24, 33, 137, 156, 141, 155, -4, 1, 2.896613990462929, 4.123105625617661
25, 59, 198, 98, 199, 97, -1, 1, 2.356194490192345, 1.4142135623730951
26, 9, 174, 54, 176, 54, -2, 0, 3.141592653589793, 2.0
28, 19, 223, 55, 225, 55, -2, 0, 3.141592653589793, 2.0
29, 27, 201, 52, 203, 52, -2, 0, 3.141592653589793, 2.0
37, 18, 227, 103, 227, 105, 0, -2, -1.5707963267948966, 2.0
44, 3, 296, 145, 295, 146, 1, -1, -0.7853981633974483, 1.4142135623730951
48, 18, 127, 139, 129, 139, -2, 0, 3.141592653589793, 2.0
48, 20, 163, 175, 162, 176, 1, -1, -0.7853981633974483, 1.4142135623730951
48, 22, 14, 156, 15, 154, -1, 2, 2.0344439357957027, 2.23606797749979
50, 18, 22, 57, 23, 59, -1, -2, -2.0344439357957027, 2.23606797749979
51, 15, 20, 56, 22, 57, -2, -1, -2.677945044588987, 2.23606797749979
52, 4, 291, 155, 290, 156, 1, -1, -0.7853981633974483, 1.4142135623730951
69, 11, 273, 58, 275, 58, -2, 0, 3.141592653589793, 2.0
70, 15, 246, 74, 248, 74, -2, 0, 3.141592653589793, 2.0
74, 1, 272, 75, 275, 72, -3, 3, 2.356194490192345, 4.242640687119285
74, 2, 243, 135, 242, 137, 1, -2, -1.1071487177940904, 2.23606797749979
74, 3, 208, 71, 209, 70, -1, 1, 2.356194490192345, 1.4142135623730951
74, 4, 250, 146, 252, 146, -2, 0, 3.141592653589793, 2.0
74, 5, 240, 79, 241, 76, -1, 3, 1.892546881191539, 3.1622776601683795
74, 13, 45, 163, 42, 164, 3, -1, -0.3217505543966422, 3.1622776601683795
74, 16, 113, 57, 111, 56, 2, 1, 0.4636476090008061, 2.23606797749979
75, 0, 292, 57, 290, 58, 2, -1, -0.4636476090008061, 2.23606797749979
75, 2, 225, 158, 226, 157, -1, 1, 2.356194490192345, 1.4142135623730951
75, 3, 191, 158, 191, 161, 0, -3, -1.5707963267948966, 3.0
75, 8, 216, 154, 217, 153, -1, 1, 2.356194490192345, 1.4142135623730951
75, 14, 178, 112, 180, 113, -2, -1, -2.677945044588987, 2.23606797749979
75, 15, 207, 102, 209, 104, -2, -2, -2.356194490192345, 2.8284271247461903
75, 17, 22, 183, 23, 182, -1, 1, 2.356194490192345, 1.4142135623730951
75, 18, 241, 130, 242, 132, -1, -2, -2.0344439357957027, 2.23606797749979
75, 20, 252, 86, 252, 88, 0, -2, -1.5707963267948966, 2.0
75, 21, 39, 184, 41, 184, -2, 0, 3.141592653589793, 2.0
75, 23, 188, 143, 189, 142, -1, 1, 2.356194490192345, 1.4142135623730951
75, 25, 297, 86, 296, 87, 1, -1, -0.7853981633974483, 1.4142135623730951
75, 26, 188, 112, 186, 109, 2, 3, 0.982793723247329, 3.605551275463989
75, 28, 294, 178, 296, 179, -2, -1, -2.677945044588987, 2.23606797749979
75, 29, 47, 90, 49, 92, -2, -2, -2.356194490192345, 2.8284271247461903
75, 30, 88, 167, 90, 168, -2, -1, -2.677945044588987, 2.23606797749979
75, 32, 19, 103, 22, 104, -3, -1, -2.819842099193151, 3.1622776601683795
75, 35, 19, 87, 22, 88, -3, -1, -2.819842099193151, 3.1622776601683795
75, 37, 277, 76, 275, 76, 2, 0, 0.0, 2.0
75, 39, 33, 101, 35, 101, -2, 0, 3.141592653589793, 2.0
75, 41, 41, 166, 44, 164, -3, 2, 2.5535900500422257, 3.605551275463989
75, 49, 162, 123, 164, 121, -2, 2, 2.356194490192345, 2.8284271247461903
75, 50, 171, 73, 174, 75, -3, -2, -2.5535900500422257, 3.605551275463989
75, 53, 222, 118, 223, 116, -1, 2, 2.0344439357957027, 2.23606797749979
75, 54, 62, 69, 63, 71, -1, -2, -2.0344439357957027, 2.23606797749979
75, 55, 151, 118, 148, 116, 3, 2, 0.5880026035475675, 3.605551275463989
75, 57, 165, 112, 165, 110, 0, 2, 1.5707963267948966, 2.0
75, 58, 288, 158, 289, 157, -1, 1, 2.356194490192345, 1.4142135623730951
75, 60, 109, 110, 110, 109, -1, 1, 2.356194490192345, 1.4142135623730951
75, 61, 79, 161, 80, 160, -1, 1, 2.356194490192345, 1.4142135623730951
75, 62, 169, 90, 170, 92, -1, -2, -2.0344439357957027, 2.23606797749979
75, 64, 234, 87, 233, 89, 1, -2, -1.1071487177940904, 2.23606797749979
75, 65, 300, 146, 299, 147, 1, -1, -0.7853981633974483, 1.4142135623730951
75, 66, 203, 60, 204, 59, -1, 1, 2.356194490192345, 1.4142135623730951
75, 67, 176, 57, 178, 58, -2, -1, -2.677945044588987, 2.23606797749979
75, 68, 150, 77, 149, 79, 1, -2, -1.1071487177940904, 2.23606797749979
75, 69, 155, 116, 158, 116, -3, 0, 3.141592653589793, 3.0
75, 71, 218, 131, 220, 132, -2, -1, -2.677945044588987, 2.23606797749979
75, 76, 34, 68, 37, 70, -3, -2, -2.5535900500422257, 3.605551275463989
75, 79, 122, 90, 124, 91, -2, -1, -2.677945044588987, 2.23606797749979
75, 80, 77, 131, 79, 134, -2, -3, -2.158798930342464, 3.605551275463989
75, 81, 45, 107, 46, 109, -1, -2, -2.0344439357957027, 2.23606797749979
75, 85, 102, 156, 104, 157, -2, -1, -2.677945044588987, 2.23606797749979
75, 88, 46, 175, 48, 175, -2, 0, 3.141592653589793, 2.0
75, 90, 265, 104, 264, 105, 1, -1, -0.7853981633974483, 1.4142135623730951
75, 91, 78, 80, 79, 82, -1, -2, -2.0344439357957027, 2.23606797749979
75, 94, 60, 57, 61, 60, -1, -3, -1.892546881191539, 3.1622776601683795
75, 95, 214, 114, 216, 114, -2, 0, 3.141592653589793, 2.0
75, 96, 201, 137, 205, 139, -4, -2, -2.677945044588987, 4.47213595499958
75, 98, 271, 146, 271, 148, 0, -2, -1.5707963267948966, 2.0
75, 99, 139, 121, 141, 123, -2, -2, -2.356194490192345, 2.8284271247461903
75, 100, 109, 166, 111, 167, -2, -1, -2.677945044588987, 2.23606797749979
75, 101, 283, 104, 285, 104, -2, 0, 3.141592653589793, 2.0
75, 104, 34, 156, 38, 157, -4, -1, -2.896613990462929, 4.123105625617661
75, 107, 212, 85, 212, 87, 0, -2, -1.5707963267948966, 2.0
75, 108, 291, 124, 291, 126, 0, -2, -1.5707963267948966, 2.0
75, 109, 192, 115, 193, 114, -1, 1, 2.356194490192345, 1.4142135623730951
75, 111, 192, 151, 194, 153, -2, -2, -2.356194490192345, 2.8284271247461903
75, 112, 25, 142, 23, 143, 2, -1, -0.4636476090008061, 2.23606797749979
75, 113, 45, 101, 47, 101, -2, 0, 3.141592653589793, 2.0
75, 114, 216, 95, 218, 96, -2, -1, -2.677945044588987, 2.23606797749979
75, 115, 83, 71, 82, 72, 1, -1, -0.7853981633974483, 1.4142135623730951
75, 116, 153, 67, 154, 69, -1, -2, -2.0344439357957027, 2.23606797749979
75, 118, 184, 86, 186, 89, -2, -3, -2.158798930342464, 3.605551275463989
75, 122, 169, 99, 170, 101, -1, -2, -2.0344439357957027, 2.23606797749979
75, 124, 138, 140, 140, 141, -2, -1, -2.677945044588987, 2.23606797749979
75, 125, 177, 84, 178, 83, -1, 1, 2.356194490192345, 1.4142135623730951
75, 126, 260, 173, 262, 174, -2, -1, -2.677945044588987, 2.23606797749979
75, 127, 32, 162, 32, 164, 0, -2, -1.5707963267948966, 2.0
76, 1, 189, 158, 191, 158, -2, 0, 3.141592653589793, 2.0
76, 10, 179, 111, 178, 112, 1, -1, -0.7853981633974483, 1.4142135623730951
76, 20, 186, 111, 188, 112, -2, -1, -2.677945044588987, 2.23606797749979
76, 25, 40, 167, 41, 166, -1, 1, 2.356194490192345, 1.4142135623730951
76, 27, 142, 155, 142, 158, 0, -3, -1.5707963267948966, 3.0
76, 29, 163, 126, 162, 123, 1, 3, 1.2490457723982544, 3.1622776601683795
76, 32, 221, 115, 222, 118, -1, -3, -1.892546881191539, 3.1622776601683795
76, 33, 60, 68, 62, 69, -2, -1, -2.677945044588987, 2.23606797749979
76, 34, 149, 122, 151, 118, -2, 4, 2.0344439357957027, 4.47213595499958
76, 35, 206, 179, 208, 180, -2, -1, -2.677945044588987, 2.23606797749979
76, 39, 78, 162, 79, 161, -1, 1, 2.356194490192345, 1.4142135623730951
76, 42, 201, 59, 203, 60, -2, -1, -2.677945044588987, 2.23606797749979
76, 43, 151, 76, 150, 77, 1, -1, -0.7853981633974483, 1.4142135623730951
76, 50, 125, 90, 122, 90, 3, 0, 0.0, 3.0
76, 51, 75, 132, 77, 131, -2, 1, 2.677945044588987, 2.23606797749979
76, 53, 110, 97, 111, 100, -1, -3, -1.892546881191539, 3.1622776601683795
76, 58, 29, 135, 31, 135, -2, 0, 3.141592653589793, 2.0
76, 66, 192, 58, 194, 59, -2, -1, -2.677945044588987, 2.23606797749979
76, 67, 138, 118, 139, 121, -1, -3, -1.892546881191539, 3.1622776601683795
76, 72, 32, 156, 34, 156, -2, 0, 3.141592653589793, 2.0
76, 75, 211, 83, 212, 85, -1, -2, -2.0344439357957027, 2.23606797749979
76, 81, 217, 92, 216, 95, 1, -3, -1.2490457723982544, 3.1622776601683795
76, 87, 137, 137, 138, 140, -1, -3, -1.892546881191539, 3.1622776601683795
77, 5, 245, 94, 247, 95, -2, -1, -2.677945044588987, 2.23606797749979
78, 1, 250, 145, 253, 144, -3, 1, 2.819842099193151, 3.1622776601683795
78, 2, 281, 124, 281, 126, 0, -2, -1.5707963267948966, 2.0
78, 4, 245, 92, 245, 94, 0, -2, -1.5707963267948966, 2.0
78, 11, 37, 166, 39, 167, -2, -1, -2.677945044588987, 2.23606797749979
78, 14, 146, 122, 148, 122, -2, 0, 3.141592653589793, 2.0
78, 15, 55, 78, 57, 79, -2, -1, -2.677945044588987, 2.23606797749979
78, 17, 151, 115, 153, 116, -2, -1, -2.677945044588987, 2.23606797749979
78, 21, 78, 79, 77, 80, 1, -1, -0.7853981633974483, 1.4142135623730951
78, 29, 81, 70, 83, 70, -2, 0, 3.141592653589793, 2.0
79, 3, 245, 89, 245, 92, 0, -3, -1.5707963267948966, 3.0
79, 8, 37, 164, 37, 166, 0, -2, -1.5707963267948966, 2.0
79, 10, 53, 78, 55, 78, -2, 0, 3.141592653589793, 2.0
79, 11, 298, 141, 299, 144, -1, -3, -1.892546881191539, 3.1622776601683795
79, 12, 149, 114, 151, 115, -2, -1, -2.677945044588987, 2.23606797749979
79, 13, 205, 172, 207, 171, -2, 1, 2.677945044588987, 2.23606797749979
79, 16, 209, 113, 213, 112, -4, 1, 2.896613990462929, 4.123105625617661
79, 21, 68, 165, 70, 166, -2, -1, -2.677945044588987, 2.23606797749979
80, 0, 291, 53, 291, 55, 0, -2, -1.5707963267948966, 2.0
80, 1, 300, 147, 299, 148, 1, -1, -0.7853981633974483, 1.4142135623730951
80, 2, 20, 182, 22, 182, -2, 0, 3.141592653589793, 2.0
80, 4, 214, 52, 215, 54, -1, -2, -2.0344439357957027, 2.23606797749979
80, 7, 284, 124, 284, 126, 0, -2, -1.5707963267948966, 2.0
80, 13, 21, 118, 23, 119, -2, -1, -2.677945044588987, 2.23606797749979
80, 14, 30, 178, 32, 178, -2, 0, 3.141592653589793, 2.0
80, 19, 36, 59, 38, 60, -2, -1, -2.677945044588987, 2.23606797749979
80, 20, 15, 167, 17, 167, -2, 0, 3.141592653589793, 2.0
80, 22, 15, 87, 17, 88, -2, -1, -2.677945044588987, 2.23606797749979
80, 25, 15, 143, 17, 143, -2, 0, 3.141592653589793, 2.0
80, 26, 173, 53, 175, 54, -2, -1, -2.677945044588987, 2.23606797749979
80, 29, 227, 52, 227, 54, 0, -2, -1.5707963267948966, 2.0
80, 34, 15, 110, 17, 111, -2, -1, -2.677945044588987, 2.23606797749979
80, 38, 59, 88, 61, 89, -2, -1, -2.677945044588987, 2.23606797749979
80, 39, 115, 75, 116, 77, -1, -2, -2.0344439357957027, 2.23606797749979
80, 40, 26, 134, 28, 135, -2, -1, -2.677945044588987, 2.23606797749979
81, 1, 301, 146, 300, 147, 1, -1, -0.7853981633974483, 1.4142135623730951
81, 2, 17, 182, 20, 182, -3, 0, 3.141592653589793, 3.0
81, 8, 126, 54, 128, 55, -2, -1, -2.677945044588987, 2.23606797749979
81, 10, 234, 180, 235, 179, -1, 1, 2.356194490192345, 1.4142135623730951
81, 11, 276, 70, 276, 72, 0, -2, -1.5707963267948966, 2.0
81, 12, 19, 117, 21, 118, -2, -1, -2.677945044588987, 2.23606797749979
81, 13, 28, 177, 30, 178, -2, -1, -2.677945044588987, 2.23606797749979
81, 14, 300, 156, 299, 157, 1, -1, -0.7853981633974483, 1.4142135623730951
81, 17, 183, 184, 185, 184, -2, 0, 3.141592653589793, 2.0
81, 18, 34, 58, 36, 59, -2, -1, -2.677945044588987, 2.23606797749979
81, 21, 15, 90, 15, 87, 0, 3, 1.5707963267948966, 3.0
81, 25, 171, 53, 173, 53, -2, 0, 3.141592653589793, 2.0
81, 27, 65, 89, 67, 90, -2, -1, -2.677945044588987, 2.23606797749979
81, 29, 295, 89, 294, 90, 1, -1, -0.7853981633974483, 1.4142135623730951
81, 30, 74, 160, 76, 160, -2, 0, 3.141592653589793, 2.0
81, 31, 286, 71, 286, 73, 0, -2, -1.5707963267948966, 2.0
81, 33, 89, 164, 91, 165, -2, -1, -2.677945044588987, 2.23606797749979
81, 34, 57, 87, 59, 88, -2, -1, -2.677945044588987, 2.23606797749979
82, 2, 14, 182, 17, 182, -3, 0, 3.141592653589793, 3.0
82, 3, 298, 102, 297, 103, 1, -1, -0.7853981633974483, 1.4142135623730951
82, 4, 212, 51, 214, 51, -2, 0, 3.141592653589793, 2.0
82, 6, 250, 183, 249, 182, 1, 1, 0.7853981633974483, 1.4142135623730951
82, 8, 124, 53, 126, 54, -2, -1, -2.677945044588987, 2.23606797749979
82, 9, 293, 155, 292, 156, 1, -1, -0.7853981633974483, 1.4142135623730951
82, 10, 232, 181, 234, 180, -2, 1, 2.677945044588987, 2.23606797749979
82, 12, 17, 116, 19, 117, -2, -1, -2.677945044588987, 2.23606797749979
82, 14, 301, 155, 300, 156, 1, -1, -0.7853981633974483, 1.4142135623730951
82, 17, 181, 184, 183, 184, -2, 0, 3.141592653589793, 2.0
82, 18, 15, 164, 15, 167, 0, -3, -1.5707963267948966, 3.0
82, 19, 255, 141, 255, 143, 0, -2, -1.5707963267948966, 2.0
82, 24, 65, 87, 65, 89, 0, -2, -1.5707963267948966, 2.0
82, 27, 72, 159, 74, 160, -2, -1, -2.677945044588987, 2.23606797749979
82, 28, 287, 70, 286, 71, 1, -1, -0.7853981633974483, 1.4142135623730951
82, 30, 55, 86, 57, 87, -2, -1, -2.677945044588987, 2.23606797749979
83, 0, 289, 51, 291, 51, -2, 0, 3.141592653589793, 2.0
83, 5, 285, 121, 284, 122, 1, -1, -0.7853981633974483, 1.4142135623730951
83, 6, 122, 53, 124, 53, -2, 0, 3.141592653589793, 2.0
83, 8, 230, 181, 232, 181, -2, 0, 3.141592653589793, 2.0
83, 10, 16, 114, 17, 116, -1, -2, -2.0344439357957027, 2.23606797749979
83, 11, 26, 175, 28, 176, -2, -1, -2.677945044588987, 2.23606797749979
83, 15, 179, 184, 181, 184, -2, 0, 3.141592653589793, 2.0
83, 17, 256, 140, 255, 141, 1, -1, -0.7853981633974483, 1.4142135623730951
83, 18, 245, 134, 245, 136, 0, -2, -1.5707963267948966, 2.0
83, 20, 303, 179, 304, 181, -1, -2, -2.0344439357957027, 2.23606797749979
83, 23, 70, 158, 72, 159, -2, -1, -2.677945044588987, 2.23606797749979
83, 26, 53, 86, 55, 86, -2, 0, 3.141592653589793, 2.0
84, 3, 286, 120, 285, 121, 1, -1, -0.7853981633974483, 1.4142135623730951
84, 4, 120, 52, 122, 53, -2, -1, -2.677945044588987, 2.23606797749979
84, 5, 294, 154, 293, 155, 1, -1, -0.7853981633974483, 1.4142135623730951
84, 6, 229, 177, 230, 181, -1, -4, -1.8157749899217608, 4.123105625617661
84, 7, 276, 66, 276, 68, 0, -2, -1.5707963267948966, 2.0
84, 9, 24, 174, 26, 175, -2, -1, -2.677945044588987, 2.23606797749979
84, 11, 270, 76, 270, 78, 0, -2, -1.5707963267948966, 2.0
84, 15, 257, 138, 256, 140, 1, -2, -1.1071487177940904, 2.23606797749979
84, 16, 245, 132, 245, 134, 0, -2, -1.5707963267948966, 2.0
84, 19, 294, 85, 295, 87, -1, -2, -2.0344439357957027, 2.23606797749979
85, 0, 299, 101, 298, 102, 1, -1, -0.7853981633974483, 1.4142135623730951
85, 2, 296, 156, 295, 157, 1, -1, -0.7853981633974483, 1.4142135623730951
85, 6, 34, 56, 36, 58, -2, -2, -2.356194490192345, 2.8284271247461903
85, 7, 286, 123, 285, 124, 1, -1, -0.7853981633974483, 1.4142135623730951
85, 8, 278, 55, 277, 57, 1, -2, -1.1071487177940904, 2.23606797749979
85, 9, 278, 67, 277, 69, 1, -2, -1.1071487177940904, 2.23606797749979
85, 10, 28, 178, 30, 178, -2, 0, 3.141592653589793, 2.0
85, 11, 18, 117, 20, 118, -2, -1, -2.677945044588987, 2.23606797749979
85, 13, 51, 76, 53, 77, -2, -1, -2.677945044588987, 2.23606797749979
85, 14, 247, 72, 248, 74, -1, -2, -2.0344439357957027, 2.23606797749979
85, 15, 235, 183, 236, 182, -1, 1, 2.356194490192345, 1.4142135623730951
85, 16, 257, 140, 256, 142, 1, -2, -1.1071487177940904, 2.23606797749979
85, 18, 270, 77, 270, 79, 0, -2, -1.5707963267948966, 2.0
85, 19, 21, 109, 23, 110, -2, -1, -2.677945044588987, 2.23606797749979
85, 23, 219, 69, 219, 71, 0, -2, -1.5707963267948966, 2.0
85, 25, 181, 185, 183, 185, -2, 0, 3.141592653589793, 2.0
85, 27, 30, 128, 32, 129, -2, -1, -2.677945044588987, 2.23606797749979
85, 29, 65, 106, 68, 108, -3, -2, -2.5535900500422257, 3.605551275463989
85, 30, 72, 160, 74, 160, -2, 0, 3.141592653589793, 2.0
85, 31, 290, 98, 289, 100, 1, -2, -1.1071487177940904, 2.23606797749979
85, 32, 208, 66, 209, 68, -1, -2, -2.0344439357957027, 2.23606797749979
85, 34, 102, 105, 104, 106, -2, -1, -2.677945044588987, 2.23606797749979
85, 35, 139, 67, 141, 69, -2, -2, -2.356194490192345, 2.8284271247461903
85, 36, 18, 170, 20, 170, -2, 0, 3.141592653589793, 2.0
85, 39, 260, 76, 259, 78, 1, -2, -1.1071487177940904, 2.23606797749979
85, 40, 23, 123, 25, 124, -2, -1, -2.677945044588987, 2.23606797749979
85, 41, 239, 73, 239, 75, 0, -2, -1.5707963267948966, 2.0
85, 43, 53, 133, 55, 134, -2, -1, -2.677945044588987, 2.23606797749979
85, 45, 34, 136, 36, 137, -2, -1, -2.677945044588987, 2.23606797749979
85, 46, 81, 174, 83, 174, -2, 0, 3.141592653589793, 2.0
85, 47, 130, 71, 132, 72, -2, -1, -2.677945044588987, 2.23606797749979
85, 48, 63, 87, 65, 88, -2, -1, -2.677945044588987, 2.23606797749979
85, 49, 41, 88, 43, 89, -2, -1, -2.677945044588987, 2.23606797749979
85, 50, 95, 165, 97, 165, -2, 0, 3.141592653589793, 2.0
85, 52, 83, 109, 85, 110, -2, -1, -2.677945044588987, 2.23606797749979
85, 54, 54, 66, 56, 68, -2, -2, -2.356194490192345, 2.8284271247461903
85, 55, 243, 132, 243, 135, 0, -3, -1.5707963267948966, 3.0
85, 57, 62, 134, 64, 135, -2, -1, -2.677945044588987, 2.23606797749979
85, 59, 49, 144, 51, 145, -2, -1, -2.677945044588987, 2.23606797749979
85, 60, 37, 164, 39, 165, -2, -1, -2.677945044588987, 2.23606797749979
85, 61, 141, 166, 144, 166, -3, 0, 3.141592653589793, 3.0
85, 62, 111, 75, 113, 76, -2, -1, -2.677945044588987, 2.23606797749979
85, 63, 124, 139, 126, 140, -2, -1, -2.677945044588987, 2.23606797749979
85, 65, 178, 61, 179, 63, -1, -2, -2.0344439357957027, 2.23606797749979
85, 67, 281, 158, 280, 159, 1, -1, -0.7853981633974483, 1.4142135623730951
85, 69, 234, 96, 235, 98, -1, -2, -2.0344439357957027, 2.23606797749979
85, 70, 94, 184, 96, 184, -2, 0, 3.141592653589793, 2.0
85, 71, 159, 106, 160, 108, -1, -2, -2.0344439357957027, 2.23606797749979
85, 72, 164, 126, 166, 127, -2, -1, -2.677945044588987, 2.23606797749979
85, 73, 91, 73, 93, 75, -2, -2, -2.356194490192345, 2.8284271247461903
85, 74, 251, 124, 251, 126, 0, -2, -1.5707963267948966, 2.0
85, 76, 273, 121, 272, 122, 1, -1, -0.7853981633974483, 1.4142135623730951
85, 78, 182, 159, 184, 160, -2, -1, -2.677945044588987, 2.23606797749979
85, 79, 268, 151, 267, 152, 1, -1, -0.7853981633974483, 1.4142135623730951
85, 80, 34, 67, 36, 68, -2, -1, -2.677945044588987, 2.23606797749979
85, 81, 128, 148, 130, 149, -2, -1, -2.677945044588987, 2.23606797749979
85, 82, 64, 99, 66, 100, -2, -1, -2.677945044588987, 2.23606797749979
85, 83, 36, 106, 38, 107, -2, -1, -2.677945044588987, 2.23606797749979
85, 85, 139, 110, 140, 112, -1, -2, -2.0344439357957027, 2.23606797749979
86, 2, 297, 155, 296, 156, 1, -1, -0.7853981633974483, 1.4142135623730951
86, 5, 32, 54, 34, 56, -2, -2, -2.356194490192345, 2.8284271247461903
86, 6, 287, 122, 286, 123, 1, -1, -0.7853981633974483, 1.4142135623730951
86, 7, 278, 52, 278, 55, 0, -3, -1.5707963267948966, 3.0
86, 8, 279, 65, 278, 67, 1, -2, -1.1071487177940904, 2.23606797749979
86, 9, 26, 178, 28, 178, -2, 0, 3.141592653589793, 2.0
86, 12, 49, 75, 51, 76, -2, -1, -2.677945044588987, 2.23606797749979
86, 13, 247, 70, 247, 72, 0, -2, -1.5707963267948966, 2.0
86, 14, 234, 185, 235, 183, -1, 2, 2.0344439357957027, 2.23606797749979
86, 15, 258, 138, 257, 140, 1, -2, -1.1071487177940904, 2.23606797749979
86, 17, 270, 75, 270, 77, 0, -2, -1.5707963267948966, 2.0
86, 18, 19, 107, 21, 109, -2, -2, -2.356194490192345, 2.8284271247461903
86, 20, 297, 121, 296, 122, 1, -1, -0.7853981633974483, 1.4142135623730951
86, 22, 218, 67, 219, 69, -1, -2, -2.0344439357957027, 2.23606797749979
86, 24, 179, 184, 181, 185, -2, -1, -2.677945044588987, 2.23606797749979
86, 26, 28, 127, 30, 128, -2, -1, -2.677945044588987, 2.23606797749979
86, 28, 62, 105, 65, 106, -3, -1, -2.819842099193151, 3.1622776601683795
86, 29, 70, 159, 72, 160, -2, -1, -2.677945044588987, 2.23606797749979
86, 30, 291, 97, 290, 98, 1, -1, -0.7853981633974483, 1.4142135623730951
86, 31, 207, 64, 208, 66, -1, -2, -2.0344439357957027, 2.23606797749979
86, 33, 100, 104, 102, 105, -2, -1, -2.677945044588987, 2.23606797749979
86, 34, 138, 64, 139, 67, -1, -3, -1.892546881191539, 3.1622776601683795
86, 38, 259, 74, 260, 76, -1, -2, -2.0344439357957027, 2.23606797749979
86, 39, 21, 122, 23, 123, -2, -1, -2.677945044588987, 2.23606797749979
86, 40, 239, 71, 239, 73, 0, -2, -1.5707963267948966, 2.0
86, 41, 51, 133, 53, 133, -2, 0, 3.141592653589793, 2.0
86, 43, 32, 135, 34, 136, -2, -1, -2.677945044588987, 2.23606797749979
86, 44, 79, 174, 81, 174, -2, 0, 3.141592653589793, 2.0
86, 45, 129, 69, 130, 71, -1, -2, -2.0344439357957027, 2.23606797749979
86, 46, 39, 86, 41, 88, -2, -2, -2.356194490192345, 2.8284271247461903
86, 47, 93, 165, 95, 165, -2, 0, 3.141592653589793, 2.0
86, 49, 81, 108, 83, 109, -2, -1, -2.677945044588987, 2.23606797749979
86, 51, 52, 64, 54, 66, -2, -2, -2.356194490192345, 2.8284271247461903
86, 52, 243, 130, 243, 132, 0, -2, -1.5707963267948966, 2.0
86, 54, 60, 133, 62, 134, -2, -1, -2.677945044588987, 2.23606797749979
86, 56, 47, 143, 49, 144, -2, -1, -2.677945044588987, 2.23606797749979
86, 57, 35, 163, 37, 164, -2, -1, -2.677945044588987, 2.23606797749979
86, 58, 139, 166, 141, 166, -2, 0, 3.141592653589793, 2.0
86, 59, 122, 138, 124, 139, -2, -1, -2.677945044588987, 2.23606797749979
86, 60, 248, 90, 248, 92, 0, -2, -1.5707963267948966, 2.0
86, 61, 177, 59, 178, 61, -1, -2, -2.0344439357957027, 2.23606797749979
86, 65, 233, 94, 234, 96, -1, -2, -2.0344439357957027, 2.23606797749979
86, 66, 92, 184, 94, 184, -2, 0, 3.141592653589793, 2.0
86, 67, 157, 104, 159, 106, -2, -2, -2.356194490192345, 2.8284271247461903
86, 68, 162, 125, 164, 126, -2, -1, -2.677945044588987, 2.23606797749979
86, 69, 89, 72, 91, 73, -2, -1, -2.677945044588987, 2.23606797749979
86, 70, 251, 122, 251, 124, 0, -2, -1.5707963267948966, 2.0
86, 74, 179, 157, 182, 159, -3, -2, -2.5535900500422257, 3.605551275463989
86, 75, 269, 150, 268, 151, 1, -1, -0.7853981633974483, 1.4142135623730951
86, 76, 33, 65, 34, 67, -1, -2, -2.0344439357957027, 2.23606797749979
86, 77, 126, 147, 128, 148, -2, -1, -2.677945044588987, 2.23606797749979
86, 78, 62, 98, 64, 99, -2, -1, -2.677945044588987, 2.23606797749979
86, 79, 34, 105, 36, 106, -2, -1, -2.677945044588987, 2.23606797749979
87, 2, 298, 154, 297, 155, 1, -1, -0.7853981633974483, 1.4142135623730951
87, 5, 29, 53, 32, 54, -3, -1, -2.819842099193151, 3.1622776601683795
87, 7, 275, 51, 278, 52, -3, -1, -2.819842099193151, 3.1622776601683795
87, 8, 279, 63, 279, 65, 0, -2, -1.5707963267948966, 2.0
87, 9, 23, 179, 26, 178, -3, 1, 2.819842099193151, 3.1622776601683795
87, 12, 47, 73, 49, 75, -2, -2, -2.356194490192345, 2.8284271247461903
87, 13, 247, 68, 247, 70, 0, -2, -1.5707963267948966, 2.0
87, 14, 234, 187, 234, 185, 0, 2, 1.5707963267948966, 2.0
87, 15, 259, 136, 258, 138, 1, -2, -1.1071487177940904, 2.23606797749979
87, 17, 268, 75, 270, 75, -2, 0, 3.141592653589793, 2.0
87, 18, 18, 105, 19, 107, -1, -2, -2.0344439357957027, 2.23606797749979
87, 19, 15, 101, 16, 100, -1, 1, 2.356194490192345, 1.4142135623730951
87, 20, 297, 119, 297, 121, 0, -2, -1.5707963267948966, 2.0
87, 22, 216, 65, 218, 67, -2, -2, -2.356194490192345, 2.8284271247461903
87, 24, 177, 183, 179, 184, -2, -1, -2.677945044588987, 2.23606797749979
87, 27, 60, 104, 62, 105, -2, -1, -2.677945044588987, 2.23606797749979
87, 28, 68, 158, 70, 159, -2, -1, -2.677945044588987, 2.23606797749979
87, 29, 292, 95, 291, 97, 1, -2, -1.1071487177940904, 2.23606797749979
87, 30, 206, 62, 207, 64, -1, -2, -2.0344439357957027, 2.23606797749979
87, 32, 136, 63, 138, 64, -2, -1, -2.677945044588987, 2.23606797749979
87, 36, 260, 72, 259, 74, 1, -2, -1.1071487177940904, 2.23606797749979
87, 37, 240, 69, 239, 71, 1, -2, -1.1071487177940904, 2.23606797749979
87, 38, 48, 132, 51, 133, -3, -1, -2.819842099193151, 3.1622776601683795
87, 40, 77, 174, 79, 174, -2, 0, 3.141592653589793, 2.0
87, 41, 127, 69, 129, 69, -2, 0, 3.141592653589793, 2.0
87, 42, 37, 86, 39, 86, -2, 0, 3.141592653589793, 2.0
87, 43, 91, 165, 93, 165, -2, 0, 3.141592653589793, 2.0
87, 45, 79, 109, 81, 108, -2, 1, 2.677945044588987, 2.23606797749979
87, 46, 49, 63, 52, 64, -3, -1, -2.819842099193151, 3.1622776601683795
87, 47, 243, 127, 243, 130, 0, -3, -1.5707963267948966, 3.0
87, 50, 45, 142, 47, 143, -2, -1, -2.677945044588987, 2.23606797749979
87, 51, 32, 163, 35, 163, -3, 0, 3.141592653589793, 3.0
87, 52, 137, 165, 139, 166, -2, -1, -2.677945044588987, 2.23606797749979
87, 53, 119, 137, 122, 138, -3, -1, -2.819842099193151, 3.1622776601683795
87, 54, 249, 87, 248, 90, 1, -3, -1.2490457723982544, 3.1622776601683795
87, 55, 175, 58, 177, 59, -2, -1, -2.677945044588987, 2.23606797749979
87, 57, 283, 157, 282, 158, 1, -1, -0.7853981633974483, 1.4142135623730951
87, 59, 233, 92, 233, 94, 0, -2, -1.5707963267948966, 2.0
87, 60, 90, 184, 92, 184, -2, 0, 3.141592653589793, 2.0
87, 61, 155, 102, 157, 104, -2, -2, -2.356194490192345, 2.8284271247461903
87, 62, 161, 123, 162, 125, -1, -2, -2.0344439357957027, 2.23606797749979
87, 63, 87, 71, 89, 72, -2, -1, -2.677945044588987, 2.23606797749979
87, 64, 250, 120, 251, 122, -1, -2, -2.0344439357957027, 2.23606797749979
87, 67, 178, 158, 179, 157, -1, 1, 2.356194490192345, 1.4142135623730951
87, 68, 270, 149, 269, 150, 1, -1, -0.7853981633974483, 1.4142135623730951
87, 69, 122, 147, 126, 147, -4, 0, 3.141592653589793, 4.0
87, 70, 59, 97, 62, 98, -3, -1, -2.819842099193151, 3.1622776601683795
87, 71, 32, 104, 34, 105, -2, -1, -2.677945044588987, 2.23606797749979
88, 0, 299, 97, 299, 99, 0, -2, -1.5707963267948966, 2.0
88, 4, 288, 120, 287, 121, 1, -1, -0.7853981633974483, 1.4142135623730951
88, 6, 279, 61, 279, 63, 0, -2, -1.5707963267948966, 2.0
88, 10, 245, 68, 247, 68, -2, 0, 3.141592653589793, 2.0
88, 12, 261, 134, 259, 136, 2, -2, -0.7853981633974483, 2.8284271247461903
88, 17, 215, 63, 216, 65, -1, -2, -2.0344439357957027, 2.23606797749979
88, 19, 175, 183, 177, 183, -2, 0, 3.141592653589793, 2.0
88, 20, 270, 181, 269, 182, 1, -1, -0.7853981633974483, 1.4142135623730951
88, 21, 58, 105, 60, 104, -2, 1, 2.677945044588987, 2.23606797749979
88, 22, 66, 157, 68, 158, -2, -1, -2.677945044588987, 2.23606797749979
88, 23, 293, 93, 292, 95, 1, -2, -1.1071487177940904, 2.23606797749979
88, 24, 203, 61, 206, 62, -3, -1, -2.819842099193151, 3.1622776601683795
88, 25, 96, 103, 99, 104, -3, -1, -2.819842099193151, 3.1622776601683795
88, 26, 134, 62, 136, 63, -2, -1, -2.677945044588987, 2.23606797749979
88, 28, 297, 85, 296, 86, 1, -1, -0.7853981633974483, 1.4142135623730951
88, 30, 260, 70, 260, 72, 0, -2, -1.5707963267948966, 2.0
88, 31, 239, 65, 240, 69, -1, -4, -1.8157749899217608, 4.123105625617661
88, 32, 46, 131, 48, 132, -2, -1, -2.677945044588987, 2.23606797749979
88, 34, 75, 174, 77, 174, -2, 0, 3.141592653589793, 2.0
88, 35, 124, 67, 127, 69, -3, -2, -2.5535900500422257, 3.605551275463989
88, 36, 35, 85, 37, 86, -2, -1, -2.677945044588987, 2.23606797749979
88, 37, 89, 165, 91, 165, -2, 0, 3.141592653589793, 2.0
88, 40, 243, 125, 243, 127, 0, -2, -1.5707963267948966, 2.0
88, 43, 30, 162, 32, 163, -2, -1, -2.677945044588987, 2.23606797749979
88, 44, 135, 164, 137, 165, -2, -1, -2.677945044588987, 2.23606797749979
88, 47, 284, 156, 283, 157, 1, -1, -0.7853981633974483, 1.4142135623730951
88, 49, 87, 183, 90, 184, -3, -1, -2.819842099193151, 3.1622776601683795
88, 50, 159, 122, 161, 123, -2, -1, -2.677945044588987, 2.23606797749979
88, 51, 85, 70, 87, 71, -2, -1, -2.677945044588987, 2.23606797749979
88, 53, 274, 119, 273, 120, 1, -1, -0.7853981633974483, 1.4142135623730951
88, 55, 176, 157, 178, 158, -2, -1, -2.677945044588987, 2.23606797749979
88, 56, 271, 148, 270, 149, 1, -1, -0.7853981633974483, 1.4142135623730951
88, 57, 119, 147, 122, 147, -3, 0, 3.141592653589793, 3.0
88, 58, 57, 96, 59, 97, -2, -1, -2.677945044588987, 2.23606797749979
89, 0, 299, 95, 299, 97, 0, -2, -1.5707963267948966, 2.0
89, 4, 290, 118, 288, 120, 2, -2, -0.7853981633974483, 2.8284271247461903
89, 9, 245, 65, 245, 68, 0, -3, -1.5707963267948966, 3.0
89, 11, 262, 132, 261, 134, 1, -2, -1.1071487177940904, 2.23606797749979
89, 16, 172, 183, 175, 183, -3, 0, 3.141592653589793, 3.0
89, 18, 56, 105, 58, 105, -2, 0, 3.141592653589793, 2.0
89, 19, 64, 156, 66, 157, -2, -1, -2.677945044588987, 2.23606797749979
89, 22, 131, 60, 134, 62, -3, -2, -2.5535900500422257, 3.605551275463989
89, 24, 297, 83, 297, 85, 0, -2, -1.5707963267948966, 2.0
89, 25, 225, 51, 224, 52, 1, -1, -0.7853981633974483, 1.4142135623730951
89, 26, 261, 69, 260, 70, 1, -1, -0.7853981633974483, 1.4142135623730951
89, 27, 239, 63, 239, 65, 0, -2, -1.5707963267948966, 2.0
89, 28, 44, 129, 46, 131, -2, -2, -2.356194490192345, 2.8284271247461903
89, 31, 123, 65, 124, 67, -1, -2, -2.0344439357957027, 2.23606797749979
89, 32, 37, 85, 35, 85, 2, 0, 0.0, 2.0
89, 33, 87, 164, 89, 165, -2, -1, -2.677945044588987, 2.23606797749979
89, 34, 242, 123, 243, 125, -1, -2, -2.0344439357957027, 2.23606797749979
89, 37, 133, 163, 135, 164, -2, -1, -2.677945044588987, 2.23606797749979
89, 39, 280, 182, 279, 183, 1, -1, -0.7853981633974483, 1.4142135623730951
89, 40, 285, 155, 284, 156, 1, -1, -0.7853981633974483, 1.4142135623730951
89, 42, 85, 183, 87, 183, -2, 0, 3.141592653589793, 2.0
89, 43, 157, 122, 159, 122, -2, 0, 3.141592653589793, 2.0
89, 44, 83, 68, 85, 70, -2, -2, -2.356194490192345, 2.8284271247461903
89, 45, 250, 118, 250, 120, 0, -2, -1.5707963267948966, 2.0
89, 46, 275, 118, 274, 119, 1, -1, -0.7853981633974483, 1.4142135623730951
89, 48, 174, 157, 176, 157, -2, 0, 3.141592653589793, 2.0
89, 50, 116, 147, 119, 147, -3, 0, 3.141592653589793, 3.0
89, 51, 55, 95, 57, 96, -2, -1, -2.677945044588987, 2.23606797749979
90, 3, 22, 179, 25, 179, -3, 0, 3.141592653589793, 3.0
90, 5, 291, 121, 290, 122, 1, -1, -0.7853981633974483, 1.4142135623730951
90, 8, 262, 136, 261, 138, 1, -2, -1.1071487177940904, 2.23606797749979
90, 9, 281, 62, 280, 64, 1, -2, -1.1071487177940904, 2.23606797749979
90, 11, 241, 70, 241, 72, 0, -2, -1.5707963267948966, 2.0
90, 12, 292, 66, 291, 68, 1, -2, -1.1071487177940904, 2.23606797749979
90, 13, 206, 61, 207, 63, -1, -2, -2.0344439357957027, 2.23606797749979
90, 14, 136, 64, 138, 66, -2, -2, -2.356194490192345, 2.8284271247461903
90, 17, 245, 128, 245, 130, 0, -2, -1.5707963267948966, 2.0
90, 18, 59, 85, 61, 86, -2, -1, -2.677945044588987, 2.23606797749979
90, 19, 47, 72, 50, 74, -3, -2, -2.5535900500422257, 3.605551275463989
90, 21, 89, 165, 91, 165, -2, 0, 3.141592653589793, 2.0
90, 23, 49, 132, 51, 133, -2, -1, -2.677945044588987, 2.23606797749979
90, 24, 68, 159, 70, 160, -2, -1, -2.677945044588987, 2.23606797749979
90, 26, 250, 63, 250, 66, 0, -3, -1.5707963267948966, 3.0
90, 27, 273, 73, 273, 75, 0, -2, -1.5707963267948966, 2.0
90, 29, 187, 76, 188, 78, -1, -2, -2.0344439357957027, 2.23606797749979
90, 30, 45, 144, 47, 145, -2, -1, -2.677945044588987, 2.23606797749979
90, 31, 24, 111, 26, 111, -2, 0, 3.141592653589793, 2.0
90, 33, 32, 163, 35, 164, -3, -1, -2.819842099193151, 3.1622776601683795
90, 35, 29, 155, 32, 156, -3, -1, -2.819842099193151, 3.1622776601683795
90, 37, 128, 66, 130, 68, -2, -2, -2.356194490192345, 2.8284271247461903
90, 38, 56, 133, 59, 134, -3, -1, -2.819842099193151, 3.1622776601683795
90, 39, 105, 71, 107, 73, -2, -2, -2.356194490192345, 2.8284271247461903
90, 42, 78, 174, 80, 174, -2, 0, 3.141592653589793, 2.0
90, 43, 78, 108, 80, 109, -2, -1, -2.677945044588987, 2.23606797749979
90, 44, 50, 63, 52, 65, -2, -2, -2.356194490192345, 2.8284271247461903
90, 46, 100, 103, 102, 104, -2, -1, -2.677945044588987, 2.23606797749979
90, 47, 217, 63, 218, 65, -1, -2, -2.0344439357957027, 2.23606797749979
90, 48, 37, 87, 39, 88, -2, -1, -2.677945044588987, 2.23606797749979
90, 49, 61, 105, 64, 106, -3, -1, -2.819842099193151, 3.1622776601683795
90, 50, 303, 85, 302, 86, 1, -1, -0.7853981633974483, 1.4142135623730951
90, 52, 29, 136, 31, 136, -2, 0, 3.141592653589793, 2.0
90, 53, 87, 71, 89, 72, -2, -1, -2.677945044588987, 2.23606797749979
90, 54, 36, 176, 38, 176, -2, 0, 3.141592653589793, 2.0
90, 55, 155, 181, 157, 180, -2, 1, 2.677945044588987, 2.23606797749979
90, 56, 285, 157, 284, 158, 1, -1, -0.7853981633974483, 1.4142135623730951
90, 59, 258, 75, 257, 78, 1, -3, -1.2490457723982544, 3.1622776601683795
90, 60, 114, 67, 116, 69, -2, -2, -2.356194490192345, 2.8284271247461903
90, 61, 49, 169, 52, 169, -3, 0, 3.141592653589793, 3.0
90, 62, 137, 166, 139, 166, -2, 0, 3.141592653589793, 2.0
90, 63, 89, 183, 92, 184, -3, -1, -2.819842099193151, 3.1622776601683795
90, 64, 286, 171, 284, 171, 2, 0, 0.0, 2.0
90, 66, 28, 65, 30, 66, -2, -1, -2.677945044588987, 2.23606797749979
90, 67, 121, 137, 123, 138, -2, -1, -2.677945044588987, 2.23606797749979
90, 69, 249, 120, 249, 123, 0, -3, -1.5707963267948966, 3.0
91, 2, 20, 178, 22, 179, -2, -1, -2.677945044588987, 2.23606797749979
91, 4, 292, 119, 291, 121, 1, -2, -1.1071487177940904, 2.23606797749979
91, 5, 233, 184, 232, 185, 1, -1, -0.7853981633974483, 1.4142135623730951
91, 7, 263, 134, 262, 136, 1, -2, -1.1071487177940904, 2.23606797749979
91, 8, 281, 59, 281, 62, 0, -3, -1.5707963267948966, 3.0
91, 10, 241, 68, 241, 70, 0, -2, -1.5707963267948966, 2.0
91, 11, 292, 64, 292, 66, 0, -2, -1.5707963267948966, 2.0
91, 12, 134, 63, 136, 64, -2, -1, -2.677945044588987, 2.23606797749979
91, 14, 245, 125, 245, 128, 0, -3, -1.5707963267948966, 3.0
91, 15, 57, 84, 59, 85, -2, -1, -2.677945044588987, 2.23606797749979
91, 16, 44, 70, 47, 72, -3, -2, -2.5535900500422257, 3.605551275463989
91, 18, 87, 165, 89, 165, -2, 0, 3.141592653589793, 2.0
91, 20, 47, 131, 49, 132, -2, -1, -2.677945044588987, 2.23606797749979
91, 21, 66, 159, 68, 159, -2, 0, 3.141592653589793, 2.0
91, 24, 273, 70, 273, 73, 0, -3, -1.5707963267948966, 3.0
91, 25, 185, 74, 187, 76, -2, -2, -2.356194490192345, 2.8284271247461903
91, 26, 43, 144, 45, 144, -2, 0, 3.141592653589793, 2.0
91, 27, 29, 163, 32, 163, -3, 0, 3.141592653589793, 3.0
91, 29, 27, 154, 29, 155, -2, -1, -2.677945044588987, 2.23606797749979
91, 30, 126, 65, 128, 66, -2, -1, -2.677945044588987, 2.23606797749979
91, 31, 54, 132, 56, 133, -2, -1, -2.677945044588987, 2.23606797749979
91, 32, 103, 69, 105, 71, -2, -2, -2.356194490192345, 2.8284271247461903
91, 35, 76, 173, 78, 174, -2, -1, -2.677945044588987, 2.23606797749979
91, 36, 75, 107, 78, 108, -3, -1, -2.819842099193151, 3.1622776601683795
91, 37, 47, 62, 50, 63, -3, -1, -2.819842099193151, 3.1622776601683795
91, 39, 97, 102, 100, 103, -3, -1, -2.819842099193151, 3.1622776601683795
91, 40, 216, 61, 217, 63, -1, -2, -2.0344439357957027, 2.23606797749979
91, 41, 34, 86, 37, 87, -3, -1, -2.819842099193151, 3.1622776601683795
91, 42, 58, 104, 61, 105, -3, -1, -2.819842099193151, 3.1622776601683795
91, 43, 303, 82, 303, 85, 0, -3, -1.5707963267948966, 3.0
91, 45, 27, 135, 29, 136, -2, -1, -2.677945044588987, 2.23606797749979
91, 46, 85, 70, 87, 71, -2, -1, -2.677945044588987, 2.23606797749979
91, 47, 33, 177, 36, 176, -3, 1, 2.819842099193151, 3.1622776601683795
91, 48, 152, 181, 155, 181, -3, 0, 3.141592653589793, 3.0
91, 49, 286, 156, 285, 157, 1, -1, -0.7853981633974483, 1.4142135623730951
91, 51, 258, 72, 258, 75, 0, -3, -1.5707963267948966, 3.0
91, 52, 112, 66, 114, 67, -2, -1, -2.677945044588987, 2.23606797749979
91, 53, 47, 168, 49, 169, -2, -1, -2.677945044588987, 2.23606797749979
91, 54, 135, 166, 137, 166, -2, 0, 3.141592653589793, 2.0
91, 55, 86, 182, 89, 183, -3, -1, -2.819842099193151, 3.1622776601683795
91, 56, 288, 171, 286, 171, 2, 0, 0.0, 2.0
91, 57, 26, 65, 28, 65, -2, 0, 3.141592653589793, 2.0
91, 58, 118, 136, 121, 137, -3, -1, -2.819842099193151, 3.1622776601683795
91, 60, 249, 118, 249, 120, 0, -2, -1.5707963267948966, 2.0
92, 2, 293, 117, 292, 119, 1, -2, -1.1071487177940904, 2.23606797749979
92, 4, 263, 132, 263, 134, 0, -2, -1.5707963267948966, 2.0
92, 5, 282, 57, 281, 59, 1, -2, -1.1071487177940904, 2.23606797749979
92, 7, 241, 66, 241, 68, 0, -2, -1.5707963267948966, 2.0
92, 8, 293, 62, 292, 64, 1, -2, -1.1071487177940904, 2.23606797749979
92, 9, 132, 62, 134, 63, -2, -1, -2.677945044588987, 2.23606797749979
92, 10, 299, 75, 299, 77, 0, -2, -1.5707963267948966, 2.0
92, 11, 245, 123, 245, 125, 0, -2, -1.5707963267948966, 2.0
92, 12, 55, 83, 57, 84, -2, -1, -2.677945044588987, 2.23606797749979
92, 13, 42, 69, 44, 70, -2, -1, -2.677945044588987, 2.23606797749979
92, 15, 85, 165, 87, 165, -2, 0, 3.141592653589793, 2.0
92, 17, 45, 130, 47, 131, -2, -1, -2.677945044588987, 2.23606797749979
92, 18, 63, 159, 66, 159, -3, 0, 3.141592653589793, 3.0
92, 20, 250, 60, 250, 62, 0, -2, -1.5707963267948966, 2.0
92, 21, 274, 68, 273, 70, 1, -2, -1.1071487177940904, 2.23606797749979
92, 22, 183, 74, 185, 74, -2, 0, 3.141592653589793, 2.0
92, 23, 41, 143, 43, 144, -2, -1, -2.677945044588987, 2.23606797749979
92, 24, 26, 162, 29, 163, -3, -1, -2.819842099193151, 3.1622776601683795
92, 27, 51, 131, 54, 132, -3, -1, -2.819842099193151, 3.1622776601683795
92, 30, 73, 106, 75, 107, -2, -1, -2.677945044588987, 2.23606797749979
92, 31, 43, 62, 47, 62, -4, 0, 3.141592653589793, 4.0
92, 34, 215, 59, 216, 61, -1, -2, -2.0344439357957027, 2.23606797749979
92, 35, 31, 84, 34, 86, -3, -2, -2.5535900500422257, 3.605551275463989
92, 36, 56, 104, 58, 104, -2, 0, 3.141592653589793, 2.0
92, 38, 26, 133, 27, 135, -1, -2, -2.0344439357957027, 2.23606797749979
92, 39, 83, 69, 85, 70, -2, -1, -2.677945044588987, 2.23606797749979
92, 40, 31, 177, 33, 177, -2, 0, 3.141592653589793, 2.0
92, 41, 149, 180, 152, 181, -3, -1, -2.819842099193151, 3.1622776601683795
92, 42, 287, 155, 286, 156, 1, -1, -0.7853981633974483, 1.4142135623730951
92, 44, 258, 69, 258, 72, 0, -3, -1.5707963267948966, 3.0
92, 45, 110, 64, 112, 66, -2, -2, -2.356194490192345, 2.8284271247461903
92, 46, 44, 168, 47, 168, -3, 0, 3.141592653589793, 3.0
92, 47, 132, 165, 135, 166, -3, -1, -2.819842099193151, 3.1622776601683795
92, 48, 84, 181, 86, 182, -2, -1, -2.677945044588987, 2.23606797749979
92, 49, 290, 171, 288, 171, 2, 0, 0.0, 2.0
92, 50, 24, 63, 26, 65, -2, -2, -2.356194490192345, 2.8284271247461903
92, 51, 116, 135, 118, 136, -2, -1, -2.677945044588987, 2.23606797749979
92, 52, 46, 55, 48, 55, -2, 0, 3.141592653589793, 2.0
92, 53, 249, 115, 249, 118, 0, -3, -1.5707963267948966, 3.0
93, 2, 294, 115, 293, 117, 1, -2, -1.1071487177940904, 2.23606797749979
93, 7, 240, 64, 241, 66, -1, -2, -2.0344439357957027, 2.23606797749979
93, 8, 293, 59, 293, 62, 0, -3, -1.5707963267948966, 3.0
93, 9, 133, 59, 132, 62, 1, -3, -1.2490457723982544, 3.1622776601683795
93, 12, 52, 81, 55, 83, -3, -2, -2.5535900500422257, 3.605551275463989
93, 13, 41, 67, 42, 69, -1, -2, -2.0344439357957027, 2.23606797749979
93, 15, 80, 165, 85, 165, -5, 0, 3.141592653589793, 5.0
93, 17, 44, 128, 45, 130, -1, -2, -2.0344439357957027, 2.23606797749979
93, 18, 60, 158, 63, 159, -3, -1, -2.819842099193151, 3.1622776601683795
93, 21, 274, 65, 274, 68, 0, -3, -1.5707963267948966, 3.0
93, 22, 181, 73, 183, 74, -2, -1, -2.677945044588987, 2.23606797749979
93, 23, 38, 142, 41, 143, -3, -1, -2.819842099193151, 3.1622776601683795
93, 24, 24, 161, 26, 162, -2, -1, -2.677945044588987, 2.23606797749979
93, 26, 25, 153, 27, 154, -2, -1, -2.677945044588987, 2.23606797749979
93, 27, 49, 131, 51, 131, -2, 0, 3.141592653589793, 2.0
93, 29, 73, 172, 75, 173, -2, -1, -2.677945044588987, 2.23606797749979
93, 30, 71, 105, 73, 106, -2, -1, -2.677945044588987, 2.23606797749979
93, 31, 41, 62, 43, 62, -2, 0, 3.141592653589793, 2.0
93, 33, 94, 101, 96, 102, -2, -1, -2.677945044588987, 2.23606797749979
93, 37, 25, 131, 26, 133, -1, -2, -2.0344439357957027, 2.23606797749979
93, 38, 81, 68, 83, 69, -2, -1, -2.677945044588987, 2.23606797749979
93, 39, 29, 177, 31, 177, -2, 0, 3.141592653589793, 2.0
93, 40, 146, 180, 149, 180, -3, 0, 3.141592653589793, 3.0
93, 41, 289, 154, 287, 155, 2, -1, -0.4636476090008061, 2.23606797749979
93, 43, 259, 65, 258, 69, 1, -4, -1.3258176636680326, 4.123105625617661
93, 44, 108, 63, 110, 64, -2, -1, -2.677945044588987, 2.23606797749979
93, 45, 127, 165, 132, 165, -5, 0, 3.141592653589793, 5.0
93, 46, 82, 181, 84, 181, -2, 0, 3.141592653589793, 2.0
93, 47, 292, 171, 290, 171, 2, 0, 0.0, 2.0
93, 49, 113, 135, 116, 135, -3, 0, 3.141592653589793, 3.0
93, 50, 247, 114, 249, 115, -2, -1, -2.677945044588987, 2.23606797749979
94, 6, 239, 62, 240, 64, -1, -2, -2.0344439357957027, 2.23606797749979
94, 8, 130, 58, 133, 59, -3, -1, -2.819842099193151, 3.1622776601683795
94, 9, 299, 72, 299, 74, 0, -2, -1.5707963267948966, 2.0
94, 11, 49, 80, 52, 81, -3, -1, -2.819842099193151, 3.1622776601683795
94, 12, 38, 65, 41, 67, -3, -2, -2.5535900500422257, 3.605551275463989
94, 14, 78, 165, 80, 165, -2, 0, 3.141592653589793, 2.0
94, 16, 57, 158, 60, 158, -3, 0, 3.141592653589793, 3.0
94, 18, 250, 57, 250, 59, 0, -2, -1.5707963267948966, 2.0
94, 19, 272, 63, 274, 65, -2, -2, -2.356194490192345, 2.8284271247461903
94, 20, 36, 141, 38, 142, -2, -1, -2.677945044588987, 2.23606797749979
94, 21, 23, 162, 24, 161, -1, 1, 2.356194490192345, 1.4142135623730951
94, 24, 47, 131, 49, 131, -2, 0, 3.141592653589793, 2.0
94, 25, 70, 170, 73, 172, -3, -2, -2.5535900500422257, 3.605551275463989
94, 26, 69, 104, 71, 105, -2, -1, -2.677945044588987, 2.23606797749979
94, 28, 92, 101, 94, 101, -2, 0, 3.141592653589793, 2.0
94, 29, 28, 82, 31, 84, -3, -2, -2.5535900500422257, 3.605551275463989
94, 30, 53, 103, 55, 104, -2, -1, -2.677945044588987, 2.23606797749979
94, 31, 15, 160, 15, 164, 0, -4, -1.5707963267948966, 4.0
94, 33, 79, 67, 81, 68, -2, -1, -2.677945044588987, 2.23606797749979
94, 34, 27, 177, 29, 177, -2, 0, 3.141592653589793, 2.0
94, 35, 144, 180, 146, 180, -2, 0, 3.141592653589793, 2.0
94, 39, 106, 62, 108, 63, -2, -1, -2.677945044588987, 2.23606797749979
94, 40, 125, 164, 127, 165, -2, -1, -2.677945044588987, 2.23606797749979
94, 41, 80, 180, 82, 181, -2, -1, -2.677945044588987, 2.23606797749979
94, 42, 294, 171, 292, 171, 2, 0, 0.0, 2.0
94, 44, 248, 112, 247, 114, 1, -2, -1.1071487177940904, 2.23606797749979
95, 0, 19, 179, 21, 180, -2, -1, -2.677945044588987, 2.23606797749979
95, 1, 282, 56, 282, 59, 0, -3, -1.5707963267948966, 3.0
95, 2, 20, 124, 22, 125, -2, -1, -2.677945044588987, 2.23606797749979
95, 3, 294, 61, 293, 63, 1, -2, -1.1071487177940904, 2.23606797749979
95, 4, 294, 116, 293, 119, 1, -3, -1.2490457723982544, 3.1622776601683795
95, 5, 27, 54, 29, 55, -2, -1, -2.677945044588987, 2.23606797749979
95, 8, 295, 90, 295, 92, 0, -2, -1.5707963267948966, 2.0
95, 9, 297, 74, 299, 76, -2, -2, -2.356194490192345, 2.8284271247461903
95, 10, 40, 70, 43, 71, -3, -1, -2.819842099193151, 3.1622776601683795
95, 11, 202, 59, 204, 60, -2, -1, -2.677945044588987, 2.23606797749979
95, 12, 130, 61, 134, 62, -4, -1, -2.896613990462929, 4.123105625617661
95, 13, 241, 62, 242, 65, -1, -3, -1.892546881191539, 3.1622776601683795
95, 15, 20, 113, 22, 114, -2, -1, -2.677945044588987, 2.23606797749979
95, 17, 122, 64, 125, 65, -3, -1, -2.819842099193151, 3.1622776601683795
95, 18, 250, 60, 250, 62, 0, -2, -1.5707963267948966, 2.0
95, 22, 176, 181, 178, 181, -2, 0, 3.141592653589793, 2.0
95, 23, 266, 131, 265, 134, 1, -3, -1.2490457723982544, 3.1622776601683795
95, 25, 54, 82, 57, 84, -3, -2, -2.5535900500422257, 3.605551275463989
95, 27, 37, 144, 40, 145, -3, -1, -2.819842099193151, 3.1622776601683795
95, 29, 247, 121, 247, 125, 0, -4, -1.5707963267948966, 4.0
95, 30, 253, 114, 252, 117, 1, -3, -1.2490457723982544, 3.1622776601683795
95, 32, 275, 67, 275, 70, 0, -3, -1.5707963267948966, 3.0
95, 33, 150, 184, 152, 184, -2, 0, 3.141592653589793, 2.0
95, 34, 263, 65, 262, 67, 1, -2, -1.1071487177940904, 2.23606797749979
95, 35, 54, 104, 57, 105, -3, -1, -2.819842099193151, 3.1622776601683795
95, 36, 293, 172, 291, 172, 2, 0, 0.0, 2.0
95, 37, 42, 131, 45, 132, -3, -1, -2.819842099193151, 3.1622776601683795
95, 38, 199, 67, 200, 69, -1, -2, -2.0344439357957027, 2.23606797749979
95, 39, 230, 68, 231, 71, -1, -3, -1.892546881191539, 3.1622776601683795
95, 40, 119, 146, 123, 147, -4, -1, -2.896613990462929, 4.123105625617661
95, 42, 58, 96, 60, 97, -2, -1, -2.677945044588987, 2.23606797749979
95, 43, 85, 166, 88, 166, -3, 0, 3.141592653589793, 3.0
95, 44, 47, 56, 49, 57, -2, -1, -2.677945044588987, 2.23606797749979
95, 47, 292, 156, 290, 157, 2, -1, -0.4636476090008061, 2.23606797749979
95, 48, 82, 70, 84, 71, -2, -1, -2.677945044588987, 2.23606797749979
95, 49, 46, 81, 49, 83, -3, -2, -2.5535900500422257, 3.605551275463989
95, 50, 131, 106, 133, 107, -2, -1, -2.677945044588987, 2.23606797749979
95, 51, 41, 183, 44, 184, -3, -1, -2.819842099193151, 3.1622776601683795
95, 53, 184, 73, 186, 74, -2, -1, -2.677945044588987, 2.23606797749979
95, 55, 28, 102, 30, 103, -2, -1, -2.677945044588987, 2.23606797749979
95, 56, 103, 69, 105, 71, -2, -2, -2.356194490192345, 2.8284271247461903
95, 57, 273, 90, 272, 92, 1, -2, -1.1071487177940904, 2.23606797749979
95, 58, 94, 101, 96, 102, -2, -1, -2.677945044588987, 2.23606797749979
95, 59, 195, 182, 197, 182, -2, 0, 3.141592653589793, 2.0
95, 60, 62, 160, 64, 161, -2, -1, -2.677945044588987, 2.23606797749979
95, 61, 212, 60, 214, 63, -2, -3, -2.158798930342464, 3.605551275463989
95, 62, 115, 136, 118, 137, -3, -1, -2.819842099193151, 3.1622776601683795
95, 63, 28, 85, 30, 86, -2, -1, -2.677945044588987, 2.23606797749979
95, 67, 83, 184, 87, 184, -4, 0, 3.141592653589793, 4.0
95, 68, 110, 67, 112, 68, -2, -1, -2.677945044588987, 2.23606797749979
95, 69, 26, 64, 28, 65, -2, -1, -2.677945044588987, 2.23606797749979
95, 70, 172, 159, 175, 159, -3, 0, 3.141592653589793, 3.0
96, 0, 17, 178, 19, 179, -2, -1, -2.677945044588987, 2.23606797749979
96, 1, 283, 54, 282, 56, 1, -2, -1.1071487177940904, 2.23606797749979
96, 3, 295, 59, 294, 61, 1, -2, -1.1071487177940904, 2.23606797749979
96, 4, 295, 114, 294, 116, 1, -2, -1.1071487177940904, 2.23606797749979
96, 8, 295, 88, 295, 90, 0, -2, -1.5707963267948966, 2.0
96, 9, 297, 72, 297, 74, 0, -2, -1.5707963267948966, 2.0
96, 10, 37, 69, 40, 70, -3, -1, -2.819842099193151, 3.1622776601683795
96, 11, 128, 59, 130, 61, -2, -2, -2.356194490192345, 2.8284271247461903
96, 12, 240, 59, 241, 62, -1, -3, -1.892546881191539, 3.1622776601683795
96, 14, 18, 112, 20, 113, -2, -1, -2.677945044588987, 2.23606797749979
96, 15, 121, 62, 122, 64, -1, -2, -2.0344439357957027, 2.23606797749979
96, 16, 250, 58, 250, 60, 0, -2, -1.5707963267948966, 2.0
96, 17, 101, 53, 103, 54, -2, -1, -2.677945044588987, 2.23606797749979
96, 19, 174, 181, 176, 181, -2, 0, 3.141592653589793, 2.0
96, 20, 267, 128, 266, 131, 1, -3, -1.2490457723982544, 3.1622776601683795
96, 22, 51, 80, 54, 82, -3, -2, -2.5535900500422257, 3.605551275463989
96, 23, 23, 157, 26, 156, -3, 1, 2.819842099193151, 3.1622776601683795
96, 24, 34, 143, 37, 144, -3, -1, -2.819842099193151, 3.1622776601683795
96, 26, 246, 118, 247, 121, -1, -3, -1.892546881191539, 3.1622776601683795
96, 27, 253, 112, 253, 114, 0, -2, -1.5707963267948966, 2.0
96, 29, 276, 64, 275, 67, 1, -3, -1.2490457723982544, 3.1622776601683795
96, 30, 147, 184, 150, 184, -3, 0, 3.141592653589793, 3.0
96, 31, 263, 63, 263, 65, 0, -2, -1.5707963267948966, 2.0
96, 32, 51, 103, 54, 104, -3, -1, -2.819842099193151, 3.1622776601683795
96, 33, 295, 172, 293, 172, 2, 0, 0.0, 2.0
96, 34, 39, 130, 42, 131, -3, -1, -2.819842099193151, 3.1622776601683795
96, 35, 198, 65, 199, 67, -1, -2, -2.0344439357957027, 2.23606797749979
96, 36, 229, 65, 230, 68, -1, -3, -1.892546881191539, 3.1622776601683795
96, 37, 116, 145, 119, 146, -3, -1, -2.819842099193151, 3.1622776601683795
96, 39, 56, 95, 58, 96, -2, -1, -2.677945044588987, 2.23606797749979
96, 40, 82, 166, 85, 166, -3, 0, 3.141592653589793, 3.0
96, 41, 45, 55, 47, 56, -2, -1, -2.677945044588987, 2.23606797749979
96, 44, 294, 155, 292, 156, 2, -1, -0.4636476090008061, 2.23606797749979
96, 45, 80, 68, 82, 70, -2, -2, -2.356194490192345, 2.8284271247461903
96, 46, 43, 79, 46, 81, -3, -2, -2.5535900500422257, 3.605551275463989
96, 47, 129, 105, 131, 106, -2, -1, -2.677945044588987, 2.23606797749979
96, 48, 39, 182, 41, 183, -2, -1, -2.677945044588987, 2.23606797749979
96, 50, 182, 71, 184, 73, -2, -2, -2.356194490192345, 2.8284271247461903
96, 52, 101, 66, 103, 69, -2, -3, -2.158798930342464, 3.605551275463989
96, 53, 273, 87, 273, 90, 0, -3, -1.5707963267948966, 3.0
96, 54, 91, 100, 94, 101, -3, -1, -2.819842099193151, 3.1622776601683795
96, 56, 59, 160, 62, 160, -3, 0, 3.141592653589793, 3.0
96, 57, 211, 58, 212, 60, -1, -2, -2.0344439357957027, 2.23606797749979
96, 58, 112, 135, 115, 136, -3, -1, -2.819842099193151, 3.1622776601683795
96, 59, 25, 83, 28, 85, -3, -2, -2.5535900500422257, 3.605551275463989
96, 62, 302, 84, 303, 86, -1, -2, -2.0344439357957027, 2.23606797749979
96, 63, 81, 183, 83, 184, -2, -1, -2.677945044588987, 2.23606797749979
96, 64, 108, 65, 110, 67, -2, -2, -2.356194490192345, 2.8284271247461903
96, 65, 24, 63, 26, 64, -2, -1, -2.677945044588987, 2.23606797749979
96, 66, 169, 158, 172, 159, -3, -1, -2.819842099193151, 3.1622776601683795
97, 4, 296, 112, 295, 114, 1, -2, -1.1071487177940904, 2.23606797749979
97, 8, 294, 86, 295, 88, -1, -2, -2.0344439357957027, 2.23606797749979
97, 9, 297, 70, 297, 72, 0, -2, -1.5707963267948966, 2.0
97, 10, 35, 68, 37, 69, -2, -1, -2.677945044588987, 2.23606797749979
97, 11, 126, 60, 128, 59, -2, 1, 2.677945044588987, 2.23606797749979
97, 14, 16, 112, 18, 112, -2, 0, 3.141592653589793, 2.0
97, 15, 119, 60, 121, 62, -2, -2, -2.356194490192345, 2.8284271247461903
97, 16, 251, 57, 250, 58, 1, -1, -0.7853981633974483, 1.4142135623730951
97, 17, 99, 52, 101, 53, -2, -1, -2.677945044588987, 2.23606797749979
97, 19, 172, 181, 174, 181, -2, 0, 3.141592653589793, 2.0
97, 20, 268, 126, 267, 128, 1, -2, -1.1071487177940904, 2.23606797749979
97, 21, 49, 78, 51, 80, -2, -2, -2.356194490192345, 2.8284271247461903
97, 23, 32, 142, 34, 143, -2, -1, -2.677945044588987, 2.23606797749979
97, 24, 245, 115, 246, 118, -1, -3, -1.892546881191539, 3.1622776601683795
97, 25, 253, 109, 253, 112, 0, -3, -1.5707963267948966, 3.0
97, 27, 275, 62, 276, 64, -1, -2, -2.0344439357957027, 2.23606797749979
97, 28, 145, 183, 147, 184, -2, -1, -2.677945044588987, 2.23606797749979
97, 30, 48, 100, 51, 103, -3, -3, -2.356194490192345, 4.242640687119285
97, 32, 36, 129, 39, 130, -3, -1, -2.819842099193151, 3.1622776601683795
97, 33, 197, 63, 198, 65, -1, -2, -2.0344439357957027, 2.23606797749979
97, 34, 228, 63, 229, 65, -1, -2, -2.0344439357957027, 2.23606797749979
97, 35, 114, 144, 116, 145, -2, -1, -2.677945044588987, 2.23606797749979
97, 37, 54, 93, 56, 95, -2, -2, -2.356194490192345, 2.8284271247461903
97, 38, 80, 166, 82, 166, -2, 0, 3.141592653589793, 2.0
97, 39, 43, 55, 45, 55, -2, 0, 3.141592653589793, 2.0
97, 42, 77, 66, 80, 68, -3, -2, -2.5535900500422257, 3.605551275463989
97, 43, 41, 77, 43, 79, -2, -2, -2.356194490192345, 2.8284271247461903
97, 44, 127, 104, 129, 105, -2, -1, -2.677945044588987, 2.23606797749979
97, 45, 37, 181, 39, 182, -2, -1, -2.677945044588987, 2.23606797749979
97, 47, 180, 69, 182, 71, -2, -2, -2.356194490192345, 2.8284271247461903
97, 49, 99, 64, 101, 66, -2, -2, -2.356194490192345, 2.8284271247461903
97, 50, 273, 85, 273, 87, 0, -2, -1.5707963267948966, 2.0
97, 52, 56, 160, 59, 160, -3, 0, 3.141592653589793, 3.0
97, 54, 109, 133, 112, 135, -3, -2, -2.5535900500422257, 3.605551275463989
97, 56, 287, 180, 286, 181, 1, -1, -0.7853981633974483, 1.4142135623730951
97, 57, 78, 183, 81, 183, -3, 0, 3.141592653589793, 3.0
97, 58, 106, 64, 108, 65, -2, -1, -2.677945044588987, 2.23606797749979
97, 59, 166, 157, 169, 158, -3, -1, -2.819842099193151, 3.1622776601683795
98, 0, 284, 52, 283, 54, 1, -2, -1.1071487177940904, 2.23606797749979
98, 3, 296, 110, 296, 112, 0, -2, -1.5707963267948966, 2.0
98, 13, 118, 58, 119, 60, -1, -2, -2.0344439357957027, 2.23606797749979
98, 17, 170, 181, 172, 181, -2, 0, 3.141592653589793, 2.0
98, 18, 269, 124, 268, 126, 1, -2, -1.1071487177940904, 2.23606797749979
98, 21, 246, 114, 245, 115, 1, -1, -0.7853981633974483, 1.4142135623730951
98, 22, 253, 107, 253, 109, 0, -2, -1.5707963267948966, 2.0
98, 25, 143, 182, 145, 183, -2, -1, -2.677945044588987, 2.23606797749979
98, 27, 46, 100, 48, 100, -2, 0, 3.141592653589793, 2.0
98, 29, 33, 130, 36, 129, -3, 1, 2.819842099193151, 3.1622776601683795
98, 31, 227, 61, 228, 63, -1, -2, -2.0344439357957027, 2.23606797749979
98, 32, 236, 53, 237, 55, -1, -2, -2.0344439357957027, 2.23606797749979
98, 33, 51, 91, 54, 93, -3, -2, -2.5535900500422257, 3.605551275463989
98, 34, 77, 166, 80, 166, -3, 0, 3.141592653589793, 3.0
98, 35, 41, 54, 43, 55, -2, -1, -2.677945044588987, 2.23606797749979
98, 37, 74, 65, 77, 66, -3, -1, -2.819842099193151, 3.1622776601683795
98, 38, 38, 76, 41, 77, -3, -1, -2.819842099193151, 3.1622776601683795
98, 39, 125, 102, 127, 104, -2, -2, -2.356194490192345, 2.8284271247461903
98, 40, 35, 181, 37, 181, -2, 0, 3.141592653589793, 2.0
98, 42, 177, 67, 180, 69, -3, -2, -2.5535900500422257, 3.605551275463989
98, 43, 97, 65, 99, 64, -2, 1, 2.677945044588987, 2.23606797749979
98, 45, 191, 182, 193, 182, -2, 0, 3.141592653589793, 2.0
98, 46, 53, 159, 56, 160, -3, -1, -2.819842099193151, 3.1622776601683795
98, 47, 107, 132, 109, 133, -2, -1, -2.677945044588987, 2.23606797749979
98, 49, 75, 183, 78, 183, -3, 0, 3.141592653589793, 3.0
98, 50, 163, 157, 166, 157, -3, 0, 3.141592653589793, 3.0
99, 10, 167, 182, 170, 181, -3, 1, 2.819842099193151, 3.1622776601683795
99, 11, 270, 123, 269, 124, 1, -1, -0.7853981633974483, 1.4142135623730951
99, 12, 49, 76, 50, 78, -1, -2, -2.0344439357957027, 2.23606797749979
99, 14, 247, 113, 246, 114, 1, -1, -0.7853981633974483, 1.4142135623730951
99, 15, 253, 104, 253, 107, 0, -3, -1.5707963267948966, 3.0
99, 17, 276, 60, 274, 62, 2, -2, -0.7853981633974483, 2.8284271247461903
99, 18, 140, 181, 143, 182, -3, -1, -2.819842099193151, 3.1622776601683795
99, 19, 42, 98, 46, 100, -4, -2, -2.677945044588987, 4.47213595499958
99, 21, 31, 129, 33, 130, -2, -1, -2.677945044588987, 2.23606797749979
99, 22, 226, 58, 227, 61, -1, -3, -1.892546881191539, 3.1622776601683795
99, 23, 48, 90, 51, 91, -3, -1, -2.819842099193151, 3.1622776601683795
99, 24, 74, 166, 77, 166, -3, 0, 3.141592653589793, 3.0
99, 27, 72, 64, 74, 65, -2, -1, -2.677945044588987, 2.23606797749979
99, 28, 37, 77, 38, 76, -1, 1, 2.356194490192345, 1.4142135623730951
99, 29, 123, 101, 125, 102, -2, -1, -2.677945044588987, 2.23606797749979
99, 30, 33, 180, 35, 181, -2, -1, -2.677945044588987, 2.23606797749979
99, 31, 175, 65, 177, 67, -2, -2, -2.356194490192345, 2.8284271247461903
99, 32, 94, 64, 97, 65, -3, -1, -2.819842099193151, 3.1622776601683795
99, 33, 188, 182, 191, 182, -3, 0, 3.141592653589793, 3.0
99, 36, 72, 183, 75, 183, -3, 0, 3.141592653589793, 3.0
99, 37, 159, 157, 163, 157, -4, 0, 3.141592653589793, 4.0
100, 10, 242, 59, 242, 62, 0, -3, -1.5707963267948966, 3.0
100, 11, 35, 67, 38, 69, -3, -2, -2.5535900500422257, 3.605551275463989
100, 12, 277, 63, 277, 66, 0, -3, -1.5707963267948966, 3.0
100, 13, 149, 54, 151, 54, -2, 0, 3.141592653589793, 2.0
100, 16, 270, 127, 268, 129, 2, -2, -0.7853981633974483, 2.8284271247461903
100, 18, 22, 124, 24, 125, -2, -1, -2.677945044588987, 2.23606797749979
100, 19, 119, 61, 121, 62, -2, -1, -2.677945044588987, 2.23606797749979
100, 24, 67, 103, 70, 104, -3, -1, -2.819842099193151, 3.1622776601683795
100, 26, 31, 143, 34, 144, -3, -1, -2.819842099193151, 3.1622776601683795
100, 31, 87, 99, 91, 101, -4, -2, -2.677945044588987, 4.47213595499958
100, 32, 76, 166, 79, 166, -3, 0, 3.141592653589793, 3.0
100, 34, 96, 65, 98, 67, -2, -2, -2.356194490192345, 2.8284271247461903
100, 35, 37, 130, 39, 131, -2, -1, -2.677945044588987, 2.23606797749979
100, 38, 146, 185, 148, 184, -2, 1, 2.677945044588987, 2.23606797749979
100, 41, 205, 106, 206, 108, -1, -2, -2.0344439357957027, 2.23606797749979
100, 42, 39, 79, 42, 80, -3, -1, -2.819842099193151, 3.1622776601683795
100, 44, 49, 80, 51, 81, -2, -1, -2.677945044588987, 2.23606797749979
100, 46, 78, 65, 80, 67, -2, -2, -2.356194490192345, 2.8284271247461903
100, 47, 47, 102, 51, 103, -4, -1, -2.896613990462929, 4.123105625617661
100, 49, 39, 56, 41, 57, -2, -1, -2.677945044588987, 2.23606797749979
100, 50, 60, 60, 62, 61, -2, -1, -2.677945044588987, 2.23606797749979
100, 51, 256, 65, 255, 68, 1, -3, -1.2490457723982544, 3.1622776601683795
100, 52, 190, 184, 192, 184, -2, 0, 3.141592653589793, 2.0
100, 54, 146, 97, 148, 99, -2, -2, -2.356194490192345, 2.8284271247461903
100, 56, 55, 161, 58, 161, -3, 0, 3.141592653589793, 3.0
100, 57, 264, 118, 263, 121, 1, -3, -1.2490457723982544, 3.1622776601683795
100, 58, 32, 155, 36, 156, -4, -1, -2.896613990462929, 4.123105625617661
100, 59, 77, 183, 80, 184, -3, -1, -2.819842099193151, 3.1622776601683795
100, 60, 161, 59, 163, 60, -2, -1, -2.677945044588987, 2.23606797749979
101, 9, 242, 57, 242, 59, 0, -2, -1.5707963267948966, 2.0
101, 10, 31, 66, 35, 67, -4, -1, -2.896613990462929, 4.123105625617661
101, 11, 278, 61, 277, 63, 1, -2, -1.1071487177940904, 2.23606797749979
101, 14, 272, 125, 270, 127, 2, -2, -0.7853981633974483, 2.8284271247461903
101, 15, 277, 178, 276, 179, 1, -1, -0.7853981633974483, 1.4142135623730951
101, 17, 117, 59, 119, 61, -2, -2, -2.356194490192345, 2.8284271247461903
101, 21, 29, 142, 31, 143, -2, -1, -2.677945044588987, 2.23606797749979
101, 24, 85, 98, 87, 99, -2, -1, -2.677945044588987, 2.23606797749979
101, 25, 73, 166, 76, 166, -3, 0, 3.141592653589793, 3.0
101, 27, 94, 63, 96, 65, -2, -2, -2.356194490192345, 2.8284271247461903
101, 28, 34, 129, 37, 130, -3, -1, -2.819842099193151, 3.1622776601683795
101, 30, 144, 184, 146, 185, -2, -1, -2.677945044588987, 2.23606797749979
101, 31, 202, 104, 205, 106, -3, -2, -2.5535900500422257, 3.605551275463989
101, 32, 36, 78, 39, 79, -3, -1, -2.819842099193151, 3.1622776601683795
101, 34, 46, 78, 49, 80, -3, -2, -2.5535900500422257, 3.605551275463989
101, 36, 76, 64, 78, 65, -2, -1, -2.677945044588987, 2.23606797749979
101, 37, 43, 101, 47, 102, -4, -1, -2.896613990462929, 4.123105625617661
101, 38, 172, 181, 174, 181, -2, 0, 3.141592653589793, 2.0
101, 39, 37, 56, 39, 56, -2, 0, 3.141592653589793, 2.0
101, 40, 256, 63, 256, 65, 0, -2, -1.5707963267948966, 2.0
101, 41, 188, 184, 190, 184, -2, 0, 3.141592653589793, 2.0
101, 43, 144, 95, 146, 97, -2, -2, -2.356194490192345, 2.8284271247461903
101, 44, 291, 181, 293, 182, -2, -1, -2.677945044588987, 2.23606797749979
101, 45, 51, 161, 55, 161, -4, 0, 3.141592653589793, 4.0
101, 46, 265, 115, 264, 118, 1, -3, -1.2490457723982544, 3.1622776601683795
101, 47, 30, 153, 32, 155, -2, -2, -2.356194490192345, 2.8284271247461903
101, 48, 74, 183, 77, 183, -3, 0, 3.141592653589793, 3.0
101, 49, 159, 57, 161, 59, -2, -2, -2.356194490192345, 2.8284271247461903
102, 10, 279, 58, 278, 61, 1, -3, -1.2490457723982544, 3.1622776601683795
102, 13, 274, 123, 272, 125, 2, -2, -0.7853981633974483, 2.8284271247461903
102, 14, 278, 177, 277, 178, 1, -1, -0.7853981633974483, 1.4142135623730951
102, 18, 27, 141, 29, 142, -2, -1, -2.677945044588987, 2.23606797749979
102, 21, 86, 97, 85, 98, 1, -1, -0.7853981633974483, 1.4142135623730951
102, 22, 70, 164, 73, 166, -3, -2, -2.5535900500422257, 3.605551275463989
102, 23, 91, 62, 94, 63, -3, -1, -2.819842099193151, 3.1622776601683795
102, 24, 31, 127, 34, 129, -3, -2, -2.5535900500422257, 3.605551275463989
102, 26, 142, 184, 144, 184, -2, 0, 3.141592653589793, 2.0
102, 27, 201, 101, 202, 104, -1, -3, -1.892546881191539, 3.1622776601683795
102, 28, 33, 77, 36, 78, -3, -1, -2.819842099193151, 3.1622776601683795
102, 30, 43, 76, 46, 78, -3, -2, -2.5535900500422257, 3.605551275463989
102, 32, 73, 63, 76, 64, -3, -1, -2.819842099193151, 3.1622776601683795
102, 33, 170, 180, 172, 181, -2, -1, -2.677945044588987, 2.23606797749979
102, 34, 256, 61, 256, 63, 0, -2, -1.5707963267948966, 2.0
102, 35, 186, 184, 188, 184, -2, 0, 3.141592653589793, 2.0
102, 36, 143, 93, 144, 95, -1, -2, -2.0344439357957027, 2.23606797749979
102, 37, 48, 161, 51, 161, -3, 0, 3.141592653589793, 3.0
102, 38, 266, 113, 265, 115, 1, -2, -1.1071487177940904, 2.23606797749979
102, 39, 28, 153, 30, 153, -2, 0, 3.141592653589793, 2.0
102, 40, 71, 183, 74, 183, -3, 0, 3.141592653589793, 3.0
103, 6, 292, 153, 291, 154, 1, -1, -0.7853981633974483, 1.4142135623730951
103, 11, 275, 120, 274, 123, 1, -3, -1.2490457723982544, 3.1622776601683795
103, 12, 280, 176, 278, 177, 2, -1, -0.4636476090008061, 2.23606797749979
103, 17, 83, 95, 86, 97, -3, -2, -2.5535900500422257, 3.605551275463989
103, 18, 67, 163, 70, 164, -3, -1, -2.819842099193151, 3.1622776601683795
103, 19, 89, 61, 91, 62, -2, -1, -2.677945044588987, 2.23606797749979
103, 20, 28, 126, 31, 127, -3, -1, -2.819842099193151, 3.1622776601683795
103, 22, 139, 184, 142, 184, -3, 0, 3.141592653589793, 3.0
103, 23, 199, 98, 201, 101, -2, -3, -2.158798930342464, 3.605551275463989
103, 24, 31, 76, 33, 77, -2, -1, -2.677945044588987, 2.23606797749979
103, 26, 40, 72, 43, 76, -3, -4, -2.214297435588181, 5.0
103, 27, 71, 62, 73, 63, -2, -1, -2.677945044588987, 2.23606797749979
103, 28, 168, 178, 170, 180, -2, -2, -2.356194490192345, 2.8284271247461903
103, 30, 183, 185, 186, 184, -3, 1, 2.819842099193151, 3.1622776601683795
103, 31, 141, 91, 143, 93, -2, -2, -2.356194490192345, 2.8284271247461903
103, 32, 45, 161, 48, 161, -3, 0, 3.141592653589793, 3.0
103, 33, 29, 152, 28, 153, 1, -1, -0.7853981633974483, 1.4142135623730951
103, 34, 68, 183, 71, 183, -3, 0, 3.141592653589793, 3.0
104, 2, 295, 109, 295, 111, 0, -2, -1.5707963267948966, 2.0
104, 3, 293, 150, 292, 153, 1, -3, -1.2490457723982544, 3.1622776601683795
104, 5, 296, 170, 295, 171, 1, -1, -0.7853981633974483, 1.4142135623730951
104, 7, 276, 117, 275, 120, 1, -3, -1.2490457723982544, 3.1622776601683795
104, 12, 80, 94, 83, 95, -3, -1, -2.819842099193151, 3.1622776601683795
104, 13, 64, 162, 67, 163, -3, -1, -2.819842099193151, 3.1622776601683795
104, 15, 27, 124, 28, 126, -1, -2, -2.0344439357957027, 2.23606797749979
104, 17, 136, 183, 139, 184, -3, -1, -2.819842099193151, 3.1622776601683795
104, 18, 69, 61, 71, 62, -2, -1, -2.677945044588987, 2.23606797749979
104, 21, 181, 184, 183, 185, -2, -1, -2.677945044588987, 2.23606797749979
104, 22, 140, 89, 141, 91, -1, -2, -2.0344439357957027, 2.23606797749979
104, 23, 42, 160, 45, 161, -3, -1, -2.819842099193151, 3.1622776601683795
104, 24, 66, 182, 68, 183, -2, -1, -2.677945044588987, 2.23606797749979
105, 6, 299, 151, 298, 152, 1, -1, -0.7853981633974483, 1.4142135623730951
105, 7, 30, 65, 32, 66, -2, -1, -2.677945044588987, 2.23606797749979
105, 8, 28, 142, 30, 143, -2, -1, -2.677945044588987, 2.23606797749979
105, 9, 178, 62, 180, 64, -2, -2, -2.356194490192345, 2.8284271247461903
105, 10, 276, 121, 274, 124, 2, -3, -0.982793723247329, 3.605551275463989
105, 19, 267, 66, 266, 67, 1, -1, -0.7853981633974483, 1.4142135623730951
105, 20, 31, 128, 34, 129, -3, -1, -2.819842099193151, 3.1622776601683795
105, 22, 15, 129, 17, 129, -2, 0, 3.141592653589793, 2.0
105, 23, 251, 106, 250, 110, 1, -4, -1.3258176636680326, 4.123105625617661
105, 24, 94, 63, 97, 64, -3, -1, -2.819842099193151, 3.1622776601683795
105, 29, 43, 99, 46, 100, -3, -1, -2.819842099193151, 3.1622776601683795
105, 31, 84, 94, 87, 96, -3, -2, -2.5535900500422257, 3.605551275463989
105, 32, 87, 61, 89, 62, -2, -1, -2.677945044588987, 2.23606797749979
105, 35, 43, 76, 46, 78, -3, -2, -2.5535900500422257, 3.605551275463989
105, 37, 27, 170, 29, 171, -2, -1, -2.677945044588987, 2.23606797749979
105, 38, 140, 183, 142, 184, -2, -1, -2.677945044588987, 2.23606797749979
105, 39, 72, 63, 75, 65, -3, -2, -2.5535900500422257, 3.605551275463989
105, 42, 47, 160, 51, 161, -4, -1, -2.896613990462929, 4.123105625617661
105, 44, 35, 76, 38, 77, -3, -1, -2.819842099193151, 3.1622776601683795
105, 47, 61, 175, 63, 175, -2, 0, 3.141592653589793, 2.0
105, 50, 184, 185, 186, 185, -2, 0, 3.141592653589793, 2.0
105, 51, 55, 58, 57, 59, -2, -1, -2.677945044588987, 2.23606797749979
105, 52, 72, 184, 75, 185, -3, -1, -2.819842099193151, 3.1622776601683795
105, 53, 71, 166, 75, 166, -4, 0, 3.141592653589793, 4.0
105, 55, 288, 142, 287, 143, 1, -1, -0.7853981633974483, 1.4142135623730951
105, 56, 252, 70, 252, 73, 0, -3, -1.5707963267948966, 3.0
105, 59, 115, 168, 119, 168, -4, 0, 3.141592653589793, 4.0
105, 60, 146, 67, 149, 70, -3, -3, -2.356194490192345, 4.242640687119285
105, 63, 167, 89, 169, 92, -2, -3, -2.158798930342464, 3.605551275463989
105, 64, 35, 170, 38, 170, -3, 0, 3.141592653589793, 3.0
105, 65, 64, 99, 67, 101, -3, -2, -2.5535900500422257, 3.605551275463989
105, 66, 39, 128, 42, 130, -3, -2, -2.5535900500422257, 3.605551275463989
105, 67, 102, 132, 105, 133, -3, -1, -2.819842099193151, 3.1622776601683795
105, 68, 122, 148, 126, 149, -4, -1, -2.896613990462929, 4.123105625617661
105, 69, 46, 91, 49, 92, -3, -1, -2.819842099193151, 3.1622776601683795
105, 70, 62, 166, 65, 166, -3, 0, 3.141592653589793, 3.0
105, 71, 213, 82, 214, 85, -1, -3, -1.892546881191539, 3.1622776601683795
105, 72, 188, 100, 190, 102, -2, -2, -2.356194490192345, 2.8284271247461903
105, 73, 184, 76, 185, 79, -1, -3, -1.892546881191539, 3.1622776601683795
106, 4, 300, 150, 299, 151, 1, -1, -0.7853981633974483, 1.4142135623730951
106, 5, 28, 64, 30, 65, -2, -1, -2.677945044588987, 2.23606797749979
106, 7, 277, 119, 276, 121, 1, -2, -1.1071487177940904, 2.23606797749979
106, 12, 268, 65, 267, 66, 1, -1, -0.7853981633974483, 1.4142135623730951
106, 13, 28, 126, 31, 128, -3, -2, -2.5535900500422257, 3.605551275463989
106, 16, 252, 102, 251, 106, 1, -4, -1.3258176636680326, 4.123105625617661
106, 17, 92, 61, 94, 63, -2, -2, -2.356194490192345, 2.8284271247461903
106, 20, 170, 180, 173, 181, -3, -1, -2.819842099193151, 3.1622776601683795
106, 22, 40, 98, 43, 99, -3, -1, -2.819842099193151, 3.1622776601683795
106, 23, 80, 92, 84, 94, -4, -2, -2.677945044588987, 4.47213595499958
106, 26, 41, 75, 43, 76, -2, -1, -2.677945044588987, 2.23606797749979
106, 28, 138, 182, 140, 183, -2, -1, -2.677945044588987, 2.23606797749979
106, 29, 70, 62, 72, 63, -2, -1, -2.677945044588987, 2.23606797749979
106, 31, 43, 160, 47, 160, -4, 0, 3.141592653589793, 4.0
106, 33, 32, 74, 35, 76, -3, -2, -2.5535900500422257, 3.605551275463989
106, 36, 58, 175, 61, 175, -3, 0, 3.141592653589793, 3.0
106, 38, 182, 185, 184, 185, -2, 0, 3.141592653589793, 2.0
106, 39, 69, 184, 72, 184, -3, 0, 3.141592653589793, 3.0
106, 40, 68, 166, 71, 166, -3, 0, 3.141592653589793, 3.0
106, 42, 252, 67, 252, 70, 0, -3, -1.5707963267948966, 3.0
106, 44, 112, 167, 115, 168, -3, -1, -2.819842099193151, 3.1622776601683795
106, 45, 144, 66, 146, 67, -2, -1, -2.677945044588987, 2.23606797749979
106, 47, 164, 86, 167, 89, -3, -3, -2.356194490192345, 4.242640687119285
106, 48, 33, 169, 35, 170, -2, -1, -2.677945044588987, 2.23606797749979
106, 49, 61, 97, 64, 99, -3, -2, -2.5535900500422257, 3.605551275463989
106, 50, 37, 128, 39, 128, -2, 0, 3.141592653589793, 2.0
106, 51, 99, 131, 102, 132, -3, -1, -2.819842099193151, 3.1622776601683795
106, 52, 119, 147, 122, 148, -3, -1, -2.819842099193151, 3.1622776601683795
106, 53, 43, 90, 46, 91, -3, -1, -2.819842099193151, 3.1622776601683795
106, 54, 58, 165, 62, 166, -4, -1, -2.896613990462929, 4.123105625617661
106, 55, 211, 79, 213, 82, -2, -3, -2.158798930342464, 3.605551275463989
106, 56, 186, 97, 188, 100, -2, -3, -2.158798930342464, 3.605551275463989
106, 57, 182, 73, 184, 76, -2, -3, -2.158798930342464, 3.605551275463989
107, 2, 301, 149, 300, 150, 1, -1, -0.7853981633974483, 1.4142135623730951
107, 3, 278, 117, 277, 119, 1, -2, -1.1071487177940904, 2.23606797749979
107, 9, 26, 126, 28, 126, -2, 0, 3.141592653589793, 2.0
107, 12, 90, 60, 92, 61, -2, -1, -2.677945044588987, 2.23606797749979
107, 14, 167, 179, 170, 180, -3, -1, -2.819842099193151, 3.1622776601683795
107, 15, 37, 97, 40, 98, -3, -1, -2.819842099193151, 3.1622776601683795
107, 18, 40, 73, 41, 75, -1, -2, -2.0344439357957027, 2.23606797749979
107, 20, 136, 181, 138, 182, -2, -1, -2.677945044588987, 2.23606797749979
107, 21, 68, 61, 70, 62, -2, -1, -2.677945044588987, 2.23606797749979
107, 22, 39, 159, 43, 160, -4, -1, -2.896613990462929, 4.123105625617661
107, 24, 30, 74, 32, 74, -2, 0, 3.141592653589793, 2.0
107, 26, 55, 175, 58, 175, -3, 0, 3.141592653589793, 3.0
107, 29, 66, 184, 69, 184, -3, 0, 3.141592653589793, 3.0
107, 30, 65, 166, 68, 166, -3, 0, 3.141592653589793, 3.0
107, 32, 252, 65, 252, 67, 0, -2, -1.5707963267948966, 2.0
107, 34, 108, 167, 112, 167, -4, 0, 3.141592653589793, 4.0
107, 37, 162, 83, 164, 86, -2, -3, -2.158798930342464, 3.605551275463989
107, 39, 59, 95, 61, 97, -2, -2, -2.356194490192345, 2.8284271247461903
107, 40, 33, 127, 37, 128, -4, -1, -2.896613990462929, 4.123105625617661
107, 41, 96, 130, 99, 131, -3, -1, -2.819842099193151, 3.1622776601683795
107, 42, 116, 148, 119, 147, -3, 1, 2.819842099193151, 3.1622776601683795
107, 43, 41, 89, 43, 90, -2, -1, -2.677945044588987, 2.23606797749979
107, 44, 54, 164, 58, 165, -4, -1, -2.896613990462929, 4.123105625617661
107, 45, 184, 95, 186, 97, -2, -2, -2.356194490192345, 2.8284271247461903
107, 46, 180, 72, 182, 73, -2, -1, -2.677945044588987, 2.23606797749979
108, 3, 277, 115, 278, 117, -1, -2, -2.0344439357957027, 2.23606797749979
108, 11, 251, 99, 252, 102, -1, -3, -1.892546881191539, 3.1622776601683795
108, 13, 35, 95, 37, 97, -2, -2, -2.356194490192345, 2.8284271247461903
108, 15, 39, 71, 40, 73, -1, -2, -2.0344439357957027, 2.23606797749979
108, 17, 133, 180, 136, 181, -3, -1, -2.819842099193151, 3.1622776601683795
108, 18, 35, 159, 39, 159, -4, 0, 3.141592653589793, 4.0
108, 20, 29, 75, 30, 74, -1, 1, 2.356194490192345, 1.4142135623730951
108, 22, 52, 174, 55, 175, -3, -1, -2.819842099193151, 3.1622776601683795
108, 25, 65, 164, 65, 166, 0, -2, -1.5707963267948966, 2.0
108, 27, 251, 63, 252, 65, -1, -2, -2.0344439357957027, 2.23606797749979
108, 28, 106, 167, 108, 167, -2, 0, 3.141592653589793, 2.0
108, 30, 159, 81, 162, 83, -3, -2, -2.5535900500422257, 3.605551275463989
108, 33, 31, 126, 33, 127, -2, -1, -2.677945044588987, 2.23606797749979
108, 34, 94, 129, 96, 130, -2, -1, -2.677945044588987, 2.23606797749979
108, 35, 113, 150, 116, 148, -3, 2, 2.5535900500422257, 3.605551275463989
108, 36, 38, 88, 41, 89, -3, -1, -2.819842099193151, 3.1622776601683795
108, 37, 55, 165, 54, 164, 1, 1, 0.7853981633974483, 1.4142135623730951
108, 38, 186, 93, 184, 95, 2, -2, -0.7853981633974483, 2.8284271247461903
108, 39, 176, 70, 180, 72, -4, -2, -2.677945044588987, 4.47213595499958
109, 3, 279, 112, 277, 115, 2, -3, -0.982793723247329, 3.605551275463989
109, 6, 281, 177, 280, 178, 1, -1, -0.7853981633974483, 1.4142135623730951
109, 9, 253, 98, 251, 99, 2, -1, -0.4636476090008061, 2.23606797749979
109, 10, 33, 94, 35, 95, -2, -1, -2.677945044588987, 2.23606797749979
109, 12, 37, 69, 39, 71, -2, -2, -2.356194490192345, 2.8284271247461903
109, 14, 33, 158, 35, 159, -2, -1, -2.677945044588987, 2.23606797749979
109, 16, 27, 74, 29, 75, -2, -1, -2.677945044588987, 2.23606797749979
109, 18, 49, 174, 52, 174, -3, 0, 3.141592653589793, 3.0
109, 20, 63, 183, 65, 184, -2, -1, -2.677945044588987, 2.23606797749979
109, 21, 61, 164, 65, 164, -4, 0, 3.141592653589793, 4.0
109, 25, 156, 79, 159, 81, -3, -2, -2.5535900500422257, 3.605551275463989
109, 27, 57, 93, 59, 94, -2, -1, -2.677945044588987, 2.23606797749979
109, 28, 29, 125, 31, 126, -2, -1, -2.677945044588987, 2.23606797749979
109, 29, 92, 129, 94, 129, -2, 0, 3.141592653589793, 2.0
109, 31, 36, 87, 38, 88, -2, -1, -2.677945044588987, 2.23606797749979
109, 32, 51, 165, 55, 165, -4, 0, 3.141592653589793, 4.0
109, 33, 184, 91, 186, 93, -2, -2, -2.356194490192345, 2.8284271247461903
109, 34, 174, 68, 176, 70, -2, -2, -2.356194490192345, 2.8284271247461903
110, 8, 37, 75, 40, 76, -3, -1, -2.819842099193151, 3.1622776601683795
110, 12, 166, 181, 168, 182, -2, -1, -2.677945044588987, 2.23606797749979
110, 13, 32, 97, 36, 98, -4, -1, -2.896613990462929, 4.123105625617661
110, 21, 283, 116, 281, 119, 2, -3, -0.982793723247329, 3.605551275463989
110, 22, 144, 67, 146, 68, -2, -1, -2.677945044588987, 2.23606797749979
110, 25, 64, 166, 68, 167, -4, -1, -2.896613990462929, 4.123105625617661
110, 30, 118, 96, 121, 98, -3, -2, -2.5535900500422257, 3.605551275463989
110, 31, 139, 184, 141, 185, -2, -1, -2.677945044588987, 2.23606797749979
110, 32, 255, 63, 255, 65, 0, -2, -1.5707963267948966, 2.0
110, 34, 38, 87, 41, 89, -3, -2, -2.5535900500422257, 3.605551275463989
110, 35, 23, 95, 25, 97, -2, -2, -2.356194490192345, 2.8284271247461903
110, 36, 76, 94, 80, 95, -4, -1, -2.896613990462929, 4.123105625617661
110, 38, 226, 181, 228, 182, -2, -1, -2.677945044588987, 2.23606797749979
110, 40, 94, 130, 98, 132, -4, -2, -2.677945044588987, 4.47213595499958
110, 42, 255, 97, 255, 100, 0, -3, -1.5707963267948966, 3.0
110, 43, 135, 87, 138, 89, -3, -2, -2.5535900500422257, 3.605551275463989
111, 7, 34, 73, 37, 75, -3, -2, -2.5535900500422257, 3.605551275463989
111, 11, 164, 181, 166, 181, -2, 0, 3.141592653589793, 2.0
111, 12, 30, 95, 32, 97, -2, -2, -2.356194490192345, 2.8284271247461903
111, 18, 284, 113, 283, 116, 1, -3, -1.2490457723982544, 3.1622776601683795
111, 19, 142, 66, 144, 67, -2, -1, -2.677945044588987, 2.23606797749979
111, 22, 61, 165, 64, 166, -3, -1, -2.819842099193151, 3.1622776601683795
111, 24, 116, 95, 118, 96, -2, -1, -2.677945044588987, 2.23606797749979
111, 25, 137, 183, 139, 184, -2, -1, -2.677945044588987, 2.23606797749979
111, 28, 37, 85, 38, 87, -1, -2, -2.0344439357957027, 2.23606797749979
111, 29, 73, 92, 76, 94, -3, -2, -2.5535900500422257, 3.605551275463989
111, 30, 177, 185, 179, 185, -2, 0, 3.141592653589793, 2.0
111, 31, 222, 182, 226, 181, -4, 1, 2.896613990462929, 4.123105625617661
111, 32, 91, 129, 94, 130, -3, -1, -2.819842099193151, 3.1622776601683795
111, 34, 256, 95, 255, 97, 1, -2, -1.1071487177940904, 2.23606797749979
111, 35, 133, 85, 135, 87, -2, -2, -2.356194490192345, 2.8284271247461903
112, 10, 161, 181, 164, 181, -3, 0, 3.141592653589793, 3.0
112, 15, 296, 108, 296, 110, 0, -2, -1.5707963267948966, 2.0
112, 16, 284, 110, 284, 113, 0, -3, -1.5707963267948966, 3.0
112, 17, 140, 65, 142, 66, -2, -1, -2.677945044588987, 2.23606797749979
112, 20, 59, 164, 61, 165, -2, -1, -2.677945044588987, 2.23606797749979
112, 21, 114, 93, 116, 95, -2, -2, -2.356194490192345, 2.8284271247461903
112, 22, 134, 183, 137, 183, -3, 0, 3.141592653589793, 3.0
112, 24, 36, 83, 37, 85, -1, -2, -2.0344439357957027, 2.23606797749979
112, 25, 71, 91, 73, 92, -2, -1, -2.677945044588987, 2.23606797749979
112, 26, 175, 184, 177, 185, -2, -1, -2.677945044588987, 2.23606797749979
112, 27, 220, 182, 222, 182, -2, 0, 3.141592653589793, 2.0
112, 28, 88, 128, 91, 129, -3, -1, -2.819842099193151, 3.1622776601683795
112, 30, 131, 83, 133, 85, -2, -2, -2.356194490192345, 2.8284271247461903
113, 7, 158, 181, 161, 181, -3, 0, 3.141592653589793, 3.0
113, 13, 286, 108, 284, 110, 2, -2, -0.7853981633974483, 2.8284271247461903
113, 15, 57, 164, 59, 164, -2, 0, 3.141592653589793, 2.0
113, 16, 112, 92, 114, 93, -2, -1, -2.677945044588987, 2.23606797749979
113, 17, 132, 183, 134, 183, -2, 0, 3.141592653589793, 2.0
113, 19, 67, 90, 71, 91, -4, -1, -2.896613990462929, 4.123105625617661
113, 20, 173, 183, 175, 184, -2, -1, -2.677945044588987, 2.23606797749979
113, 21, 218, 182, 220, 182, -2, 0, 3.141592653589793, 2.0
113, 22, 86, 129, 88, 128, -2, 1, 2.677945044588987, 2.23606797749979
113, 23, 256, 91, 256, 95, 0, -4, -1.5707963267948966, 4.0
113, 24, 128, 80, 131, 83, -3, -3, -2.356194490192345, 4.242640687119285
114, 6, 156, 181, 158, 181, -2, 0, 3.141592653589793, 2.0
114, 11, 287, 106, 286, 108, 1, -2, -1.1071487177940904, 2.23606797749979
114, 12, 55, 164, 57, 164, -2, 0, 3.141592653589793, 2.0
114, 13, 110, 91, 112, 92, -2, -1, -2.677945044588987, 2.23606797749979
114, 14, 130, 182, 132, 183, -2, -1, -2.677945044588987, 2.23606797749979
114, 16, 64, 89, 67, 90, -3, -1, -2.819842099193151, 3.1622776601683795
114, 17, 171, 183, 173, 183, -2, 0, 3.141592653589793, 2.0
114, 18, 83, 128, 86, 129, -3, -1, -2.819842099193151, 3.1622776601683795
114, 19, 255, 89, 256, 91, -1, -2, -2.0344439357957027, 2.23606797749979
114, 20, 126, 77, 128, 80, -2, -3, -2.158798930342464, 3.605551275463989
115, 6, 29, 95, 31, 96, -2, -1, -2.677945044588987, 2.23606797749979
115, 15, 286, 111, 284, 114, 2, -3, -0.982793723247329, 3.605551275463989
115, 17, 295, 108, 295, 110, 0, -2, -1.5707963267948966, 2.0
115, 22, 139, 63, 141, 65, -2, -2, -2.356194490192345, 2.8284271247461903
115, 24, 263, 87, 263, 91, 0, -4, -1.5707963267948966, 4.0
115, 32, 162, 181, 164, 181, -2, 0, 3.141592653589793, 2.0
115, 34, 38, 57, 40, 58, -2, -1, -2.677945044588987, 2.23606797749979
115, 36, 198, 67, 200, 69, -2, -2, -2.356194490192345, 2.8284271247461903
115, 42, 47, 95, 51, 96, -4, -1, -2.896613990462929, 4.123105625617661
115, 43, 157, 80, 160, 82, -3, -2, -2.5535900500422257, 3.605551275463989
115, 48, 255, 92, 254, 96, 1, -4, -1.3258176636680326, 4.123105625617661
115, 49, 57, 166, 61, 167, -4, -1, -2.896613990462929, 4.123105625617661
115, 51, 136, 183, 138, 184, -2, -1, -2.677945044588987, 2.23606797749979
115, 53, 177, 87, 180, 90, -3, -3, -2.356194490192345, 4.242640687119285
115, 54, 185, 67, 187, 69, -2, -2, -2.356194490192345, 2.8284271247461903
115, 55, 71, 91, 74, 93, -3, -2, -2.5535900500422257, 3.605551275463989
115, 60, 87, 128, 91, 130, -4, -2, -2.677945044588987, 4.47213595499958
115, 61, 261, 67, 262, 69, -1, -2, -2.0344439357957027, 2.23606797749979
115, 62, 284, 66, 284, 69, 0, -3, -1.5707963267948966, 3.0
116, 4, 27, 94, 29, 95, -2, -1, -2.677945044588987, 2.23606797749979
116, 8, 298, 169, 297, 170, 1, -1, -0.7853981633974483, 1.4142135623730951
116, 12, 288, 108, 286, 111, 2, -3, -0.982793723247329, 3.605551275463989
116, 19, 263, 84, 263, 87, 0, -3, -1.5707963267948966, 3.0
116, 27, 159, 180, 162, 181, -3, -1, -2.819842099193151, 3.1622776601683795
116, 34, 45, 93, 47, 95, -2, -2, -2.356194490192345, 2.8284271247461903
116, 35, 153, 77, 157, 80, -4, -3, -2.498091544796509, 5.0
116, 39, 256, 87, 255, 92, 1, -5, -1.373400766945016, 5.0990195135927845
116, 40, 54, 165, 57, 166, -3, -1, -2.819842099193151, 3.1622776601683795
116, 41, 133, 183, 136, 183, -3, 0, 3.141592653589793, 3.0
116, 43, 175, 84, 177, 87, -2, -3, -2.158798930342464, 3.605551275463989
116, 44, 183, 66, 185, 67, -2, -1, -2.677945044588987, 2.23606797749979
116, 45, 67, 88, 71, 91, -4, -3, -2.498091544796509, 5.0
116, 49, 45, 53, 47, 54, -2, -1, -2.677945044588987, 2.23606797749979
116, 50, 83, 126, 87, 128, -4, -2, -2.677945044588987, 4.47213595499958
116, 51, 261, 65, 261, 67, 0, -2, -1.5707963267948966, 2.0
117, 7, 288, 106, 288, 108, 0, -2, -1.5707963267948966, 2.0
117, 12, 263, 81, 263, 84, 0, -3, -1.5707963267948966, 3.0
117, 18, 157, 179, 159, 180, -2, -1, -2.677945044588987, 2.23606797749979
117, 23, 42, 91, 45, 93, -3, -2, -2.5535900500422257, 3.605551275463989
117, 24, 152, 75, 153, 77, -1, -2, -2.0344439357957027, 2.23606797749979
117, 27, 256, 83, 256, 87, 0, -4, -1.5707963267948966, 4.0
117, 28, 50, 166, 54, 165, -4, 1, 2.896613990462929, 4.123105625617661
117, 29, 131, 183, 133, 183, -2, 0, 3.141592653589793, 2.0
117, 31, 173, 81, 175, 84, -2, -3, -2.158798930342464, 3.605551275463989
117, 37, 81, 128, 83, 126, -2, 2, 2.356194490192345, 2.8284271247461903
118, 1, 250, 56, 251, 58, -1, -2, -2.0344439357957027, 2.23606797749979
118, 21, 151, 73, 152, 75, -1, -2, -2.0344439357957027, 2.23606797749979
118, 24, 255, 84, 256, 83, -1, 1, 2.356194490192345, 1.4142135623730951
118, 26, 129, 183, 131, 183, -2, 0, 3.141592653589793, 2.0
118, 29, 182, 66, 184, 66, -2, 0, 3.141592653589793, 2.0
118, 32, 42, 52, 44, 53, -2, -1, -2.677945044588987, 2.23606797749979
118, 33, 78, 128, 81, 128, -3, 0, 3.141592653589793, 3.0
119, 9, 263, 77, 262, 81, 1, -4, -1.3258176636680326, 4.123105625617661
119, 16, 256, 80, 255, 84, 1, -4, -1.3258176636680326, 4.123105625617661
119, 17, 47, 165, 50, 166, -3, -1, -2.819842099193151, 3.1622776601683795
119, 18, 127, 183, 129, 183, -2, 0, 3.141592653589793, 2.0
119, 20, 171, 79, 173, 80, -2, -1, -2.677945044588987, 2.23606797749979
119, 21, 301, 105, 302, 107, -1, -2, -2.0344439357957027, 2.23606797749979
119, 23, 74, 128, 78, 128, -4, 0, 3.141592653589793, 4.0
120, 35, 41, 90, 45, 92, -4, -2, -2.677945044588987, 4.47213595499958
120, 39, 155, 184, 158, 184, -3, 0, 3.141592653589793, 3.0
120, 40, 177, 185, 179, 185, -2, 0, 3.141592653589793, 2.0
120, 41, 64, 88, 67, 89, -3, -1, -2.819842099193151, 3.1622776601683795
120, 42, 257, 82, 257, 86, 0, -4, -1.5707963267948966, 4.0
120, 44, 75, 58, 77, 59, -2, -1, -2.677945044588987, 2.23606797749979
120, 45, 138, 65, 140, 66, -2, -1, -2.677945044588987, 2.23606797749979
120, 48, 125, 75, 128, 78, -3, -3, -2.356194490192345, 4.242640687119285
120, 49, 130, 185, 133, 185, -3, 0, 3.141592653589793, 3.0
120, 53, 38, 102, 41, 103, -3, -1, -2.819842099193151, 3.1622776601683795
120, 55, 130, 101, 133, 103, -3, -2, -2.5535900500422257, 3.605551275463989
120, 56, 90, 170, 94, 170, -4, 0, 3.141592653589793, 4.0
120, 58, 38, 165, 41, 166, -3, -1, -2.819842099193151, 3.1622776601683795
120, 60, 49, 166, 53, 167, -4, -1, -2.896613990462929, 4.123105625617661
121, 25, 152, 184, 155, 184, -3, 0, 3.141592653589793, 3.0
121, 26, 61, 87, 64, 88, -3, -1, -2.819842099193151, 3.1622776601683795
121, 27, 259, 77, 257, 82, 2, -5, -1.1902899496825317, 5.385164807134504
121, 31, 122, 72, 125, 75, -3, -3, -2.356194490192345, 4.242640687119285
121, 32, 127, 184, 130, 185, -3, -1, -2.819842099193151, 3.1622776601683795
121, 33, 97, 66, 99, 66, -2, 0, 3.141592653589793, 2.0
121, 34, 36, 101, 38, 102, -2, -1, -2.677945044588987, 2.23606797749979
121, 36, 127, 99, 130, 101, -3, -2, -2.5535900500422257, 3.605551275463989
121, 37, 86, 169, 90, 170, -4, -1, -2.896613990462929, 4.123105625617661
121, 39, 35, 165, 38, 165, -3, 0, 3.141592653589793, 3.0
121, 40, 45, 165, 49, 166, -4, -1, -2.896613990462929, 4.123105625617661
122, 14, 38, 88, 41, 90, -3, -2, -2.5535900500422257, 3.605551275463989
122, 16, 149, 183, 152, 184, -3, -1, -2.819842099193151, 3.1622776601683795
122, 17, 59, 85, 61, 87, -2, -2, -2.356194490192345, 2.8284271247461903
122, 18, 259, 74, 259, 77, 0, -3, -1.5707963267948966, 3.0
122, 22, 120, 71, 122, 72, -2, -1, -2.677945044588987, 2.23606797749979
122, 23, 125, 183, 127, 184, -2, -1, -2.677945044588987, 2.23606797749979
122, 24, 34, 100, 36, 101, -2, -1, -2.677945044588987, 2.23606797749979
122, 26, 124, 100, 127, 99, -3, 1, 2.819842099193151, 3.1622776601683795
122, 27, 81, 169, 86, 169, -5, 0, 3.141592653589793, 5.0
123, 6, 261, 180, 260, 181, 1, -1, -0.7853981633974483, 1.4142135623730951
123, 12, 147, 183, 149, 183, -2, 0, 3.141592653589793, 2.0
123, 13, 258, 75, 259, 74, -1, 1, 2.356194490192345, 1.4142135623730951
123, 17, 118, 72, 120, 71, -2, 1, 2.677945044588987, 2.23606797749979
123, 18, 122, 183, 125, 183, -3, 0, 3.141592653589793, 3.0
123, 20, 121, 98, 124, 100, -3, -2, -2.5535900500422257, 3.605551275463989
123, 21, 78, 169, 81, 169, -3, 0, 3.141592653589793, 3.0
124, 9, 145, 183, 147, 183, -2, 0, 3.141592653589793, 2.0
124, 10, 258, 73, 258, 75, 0, -2, -1.5707963267948966, 2.0
124, 13, 116, 71, 118, 72, -2, -1, -2.677945044588987, 2.23606797749979
124, 16, 118, 96, 121, 98, -3, -2, -2.5535900500422257, 3.605551275463989
124, 17, 75, 169, 78, 169, -3, 0, 3.141592653589793, 3.0
124, 19, 40, 166, 43, 165, -3, 1, 2.819842099193151, 3.1622776601683795
125, 23, 260, 72, 260, 78, 0, -6, -1.5707963267948966, 6.0
125, 33, 36, 89, 38, 90, -2, -1, -2.677945044588987, 2.23606797749979
125, 35, 43, 166, 47, 167, -4, -1, -2.896613990462929, 4.123105625617661
125, 36, 91, 60, 93, 60, -2, 0, 3.141592653589793, 2.0
125, 39, 125, 183, 128, 184, -3, -1, -2.819842099193151, 3.1622776601683795
125, 43, 124, 74, 126, 74, -2, 0, 3.141592653589793, 2.0
125, 44, 57, 83, 61, 85, -4, -2, -2.677945044588987, 4.47213595499958
125, 45, 147, 184, 151, 184, -4, 0, 3.141592653589793, 4.0
125, 50, 79, 138, 83, 139, -4, -1, -2.896613990462929, 4.123105625617661
125, 51, 112, 88, 116, 90, -4, -2, -2.677945044588987, 4.47213595499958
125, 52, 82, 171, 86, 170, -4, 1, 2.896613990462929, 4.123105625617661
125, 53, 77, 63, 79, 64, -2, -1, -2.677945044588987, 2.23606797749979
125, 55, 70, 123, 74, 125, -4, -2, -2.677945044588987, 4.47213595499958
125, 58, 123, 97, 126, 99, -3, -2, -2.5535900500422257, 3.605551275463989
125, 61, 173, 184, 175, 185, -2, -1, -2.677945044588987, 2.23606797749979
126, 18, 259, 70, 260, 72, -1, -2, -2.0344439357957027, 2.23606797749979
126, 25, 34, 89, 36, 89, -2, 0, 3.141592653589793, 2.0
126, 27, 39, 165, 43, 166, -4, -1, -2.896613990462929, 4.123105625617661
126, 29, 122, 182, 125, 183, -3, -1, -2.819842099193151, 3.1622776601683795
126, 33, 121, 72, 124, 74, -3, -2, -2.5535900500422257, 3.605551275463989
126, 34, 53, 82, 57, 83, -4, -1, -2.896613990462929, 4.123105625617661
126, 35, 144, 184, 147, 184, -3, 0, 3.141592653589793, 3.0
126, 39, 75, 137, 79, 138, -4, -1, -2.896613990462929, 4.123105625617661
126, 40, 109, 87, 112, 88, -3, -1, -2.819842099193151, 3.1622776601683795
126, 41, 78, 171, 82, 171, -4, 0, 3.141592653589793, 4.0
126, 44, 67, 122, 70, 123, -3, -1, -2.819842099193151, 3.1622776601683795
126, 47, 121, 94, 123, 97, -2, -3, -2.158798930342464, 3.605551275463989
126, 50, 171, 184, 173, 184, -2, 0, 3.141592653589793, 2.0
127, 9, 258, 68, 259, 70, -1, -2, -2.0344439357957027, 2.23606797749979
127, 13, 180, 68, 182, 68, -2, 0, 3.141592653589793, 2.0
127, 15, 119, 181, 122, 182, -3, -1, -2.819842099193151, 3.1622776601683795
127, 19, 118, 70, 121, 72, -3, -2, -2.5535900500422257, 3.605551275463989
127, 20, 49, 81, 53, 82, -4, -1, -2.896613990462929, 4.123105625617661
127, 21, 140, 184, 144, 184, -4, 0, 3.141592653589793, 4.0
127, 24, 72, 137, 75, 137, -3, 0, 3.141592653589793, 3.0
127, 25, 105, 85, 109, 87, -4, -2, -2.677945044588987, 4.47213595499958
127, 26, 75, 170, 78, 171, -3, -1, -2.819842099193151, 3.1622776601683795
127, 28, 64, 122, 67, 122, -3, 0, 3.141592653589793, 3.0
127, 30, 119, 93, 121, 94, -2, -1, -2.677945044588987, 2.23606797749979
127, 33, 169, 183, 171, 184, -2, -1, -2.677945044588987, 2.23606797749979
128, 13, 116, 181, 119, 181, -3, 0, 3.141592653589793, 3.0
128, 16, 115, 68, 118, 70, -3, -2, -2.5535900500422257, 3.605551275463989
128, 18, 136, 183, 140, 184, -4, -1, -2.896613990462929, 4.123105625617661
128, 20, 70, 136, 72, 137, -2, -1, -2.677945044588987, 2.23606797749979
128, 21, 102, 83, 105, 85, -3, -2, -2.5535900500422257, 3.605551275463989
128, 22, 74, 171, 75, 170, -1, 1, 2.356194490192345, 1.4142135623730951
128, 24, 62, 119, 64, 122, -2, -3, -2.158798930342464, 3.605551275463989
128, 29, 167, 182, 169, 183, -2, -1, -2.677945044588987, 2.23606797749979
129, 4, 263, 181, 262, 182, 1, -1, -0.7853981633974483, 1.4142135623730951
129, 10, 113, 181, 116, 181, -3, 0, 3.141592653589793, 3.0
129, 13, 114, 66, 115, 68, -1, -2, -2.0344439357957027, 2.23606797749979
129, 15, 134, 183, 136, 183, -2, 0, 3.141592653589793, 2.0
129, 17, 67, 135, 70, 136, -3, -1, -2.819842099193151, 3.1622776601683795
129, 18, 99, 81, 102, 83, -3, -2, -2.5535900500422257, 3.605551275463989
129, 19, 69, 171, 74, 171, -5, 0, 3.141592653589793, 5.0
129, 20, 59, 118, 62, 119, -3, -1, -2.819842099193151, 3.1622776601683795
129, 22, 114, 92, 118, 93, -4, -1, -2.896613990462929, 4.123105625617661
129, 25, 165, 182, 167, 182, -2, 0, 3.141592653589793, 2.0
130, 27, 115, 69, 117, 71, -2, -2, -2.356194490192345, 2.8284271247461903
130, 28, 51, 81, 54, 83, -3, -2, -2.5535900500422257, 3.605551275463989
130, 33, 94, 81, 99, 83, -5, -2, -2.761086276477428, 5.385164807134504
130, 34, 65, 121, 69, 123, -4, -2, -2.677945044588987, 4.47213595499958
130, 37, 72, 137, 76, 138, -4, -1, -2.896613990462929, 4.123105625617661
130, 38, 108, 84, 111, 87, -3, -3, -2.356194490192345, 4.242640687119285
130, 41, 145, 185, 148, 185, -3, 0, 3.141592653589793, 3.0
130, 43, 117, 92, 121, 94, -4, -2, -2.677945044588987, 4.47213595499958
131, 23, 113, 68, 115, 69, -2, -1, -2.677945044588987, 2.23606797749979
131, 24, 48, 79, 51, 81, -3, -2, -2.5535900500422257, 3.605551275463989
131, 26, 89, 78, 94, 81, -5, -3, -2.601173153319209, 5.830951894845301
131, 27, 61, 119, 65, 121, -4, -2, -2.677945044588987, 4.47213595499958
131, 30, 68, 136, 72, 137, -4, -1, -2.896613990462929, 4.123105625617661
131, 31, 106, 81, 108, 84, -2, -3, -2.158798930342464, 3.605551275463989
131, 33, 142, 185, 145, 185, -3, 0, 3.141592653589793, 3.0
131, 35, 113, 90, 117, 92, -4, -2, -2.677945044588987, 4.47213595499958
132, 15, 45, 78, 48, 79, -3, -1, -2.819842099193151, 3.1622776601683795
132, 17, 59, 116, 61, 119, -2, -3, -2.158798930342464, 3.605551275463989
132, 19, 66, 135, 68, 136, -2, -1, -2.677945044588987, 2.23606797749979
132, 21, 139, 185, 142, 185, -3, 0, 3.141592653589793, 3.0
132, 23, 112, 88, 113, 90, -1, -2, -2.0344439357957027, 2.23606797749979
133, 15, 55, 114, 59, 116, -4, -2, -2.677945044588987, 4.47213595499958
133, 16, 64, 134, 66, 135, -2, -1, -2.677945044588987, 2.23606797749979
133, 18, 137, 184, 139, 185, -2, -1, -2.677945044588987, 2.23606797749979
133, 20, 110, 87, 112, 88, -2, -1, -2.677945044588987, 2.23606797749979
134, 10, 53, 113, 55, 114, -2, -1, -2.677945044588987, 2.23606797749979
134, 11, 62, 133, 64, 134, -2, -1, -2.677945044588987, 2.23606797749979
134, 12, 135, 184, 137, 184, -2, 0, 3.141592653589793, 2.0
134, 13, 107, 84, 110, 87, -3, -3, -2.356194490192345, 4.242640687119285
134, 14, 298, 125, 299, 127, -1, -2, -2.0344439357957027, 2.23606797749979
135, 14, 78, 58, 80, 59, -2, -1, -2.677945044588987, 2.23606797749979
135, 23, 135, 183, 137, 184, -2, -1, -2.677945044588987, 2.23606797749979
135, 35, 104, 79, 107, 81, -3, -2, -2.5535900500422257, 3.605551275463989
135, 41, 56, 118, 60, 120, -4, -2, -2.677945044588987, 4.47213595499958
135, 43, 170, 185, 172, 185, -2, 0, 3.141592653589793, 2.0
135, 44, 161, 184, 163, 185, -2, -1, -2.677945044588987, 2.23606797749979
135, 46, 290, 155, 291, 157, -1, -2, -2.0344439357957027, 2.23606797749979
135, 47, 58, 63, 60, 63, -2, 0, 3.141592653589793, 2.0
135, 51, 87, 75, 91, 77, -4, -2, -2.677945044588987, 4.47213595499958
136, 17, 133, 183, 135, 183, -2, 0, 3.141592653589793, 2.0
136, 27, 101, 77, 104, 79, -3, -2, -2.5535900500422257, 3.605551275463989
136, 30, 53, 116, 56, 118, -3, -2, -2.5535900500422257, 3.605551275463989
136, 32, 168, 185, 170, 185, -2, 0, 3.141592653589793, 2.0
136, 33, 159, 184, 161, 184, -2, 0, 3.141592653589793, 2.0
136, 38, 85, 74, 87, 75, -2, -1, -2.677945044588987, 2.23606797749979
137, 20, 296, 102, 296, 104, 0, -2, -1.5707963267948966, 2.0
137, 23, 98, 76, 101, 77, -3, -1, -2.819842099193151, 3.1622776601683795
137, 25, 51, 114, 53, 116, -2, -2, -2.356194490192345, 2.8284271247461903
137, 27, 165, 185, 168, 185, -3, 0, 3.141592653589793, 3.0
137, 28, 155, 183, 159, 184, -4, -1, -2.896613990462929, 4.123105625617661
137, 29, 83, 73, 85, 74, -2, -1, -2.677945044588987, 2.23606797749979
138, 20, 97, 73, 98, 76, -1, -3, -1.892546881191539, 3.1622776601683795
138, 21, 50, 115, 51, 114, -1, 1, 2.356194490192345, 1.4142135623730951
138, 23, 163, 185, 165, 185, -2, 0, 3.141592653589793, 2.0
138, 24, 152, 183, 155, 183, -3, 0, 3.141592653589793, 3.0
138, 25, 79, 72, 83, 73, -4, -1, -2.896613990462929, 4.123105625617661
139, 8, 128, 181, 131, 183, -3, -2, -2.5535900500422257, 3.605551275463989
139, 14, 48, 114, 50, 115, -2, -1, -2.677945044588987, 2.23606797749979
139, 16, 160, 185, 163, 185, -3, 0, 3.141592653589793, 3.0
139, 17, 150, 183, 152, 183, -2, 0, 3.141592653589793, 2.0
139, 18, 77, 72, 79, 72, -2, 0, 3.141592653589793, 2.0
140, 21, 297, 168, 299, 169, -2, -1, -2.677945044588987, 2.23606797749979
140, 24, 81, 74, 84, 75, -3, -1, -2.819842099193151, 3.1622776601683795
140, 33, 134, 183, 136, 183, -2, 0, 3.141592653589793, 2.0
140, 42, 148, 76, 150, 77, -2, -1, -2.677945044588987, 2.23606797749979
140, 43, 50, 116, 54, 118, -4, -2, -2.677945044588987, 4.47213595499958
140, 44, 98, 77, 101, 78, -3, -1, -2.819842099193151, 3.1622776601683795
140, 50, 70, 63, 72, 64, -2, -1, -2.677945044588987, 2.23606797749979
140, 56, 105, 82, 108, 85, -3, -3, -2.356194490192345, 4.242640687119285
141, 19, 79, 73, 81, 74, -2, -1, -2.677945044588987, 2.23606797749979
141, 33, 46, 115, 50, 116, -4, -1, -2.896613990462929, 4.123105625617661
141, 34, 95, 75, 98, 77, -3, -2, -2.5535900500422257, 3.605551275463989
141, 42, 102, 79, 105, 82, -3, -3, -2.356194490192345, 4.242640687119285
142, 16, 77, 72, 79, 73, -2, -1, -2.677945044588987, 2.23606797749979
142, 28, 42, 115, 46, 115, -4, 0, 3.141592653589793, 4.0
142, 29, 93, 74, 95, 75, -2, -1, -2.677945044588987, 2.23606797749979
142, 36, 98, 78, 102, 79, -4, -1, -2.896613990462929, 4.123105625617661
143, 21, 91, 73, 93, 74, -2, -1, -2.677945044588987, 2.23606797749979
143, 28, 95, 76, 98, 78, -3, -2, -2.5535900500422257, 3.605551275463989
144, 15, 129, 183, 131, 183, -2, 0, 3.141592653589793, 2.0
144, 18, 89, 73, 91, 73, -2, 0, 3.141592653589793, 2.0
144, 25, 92, 75, 95, 76, -3, -1, -2.819842099193151, 3.1622776601683795
145, 15, 90, 74, 93, 76, -3, -2, -2.5535900500422257, 3.605551275463989
145, 16, 132, 183, 134, 184, -2, -1, -2.677945044588987, 2.23606797749979
145, 17, 42, 115, 44, 116, -2, -1, -2.677945044588987, 2.23606797749979
145, 18, 79, 73, 81, 74, -2, -1, -2.677945044588987, 2.23606797749979
145, 28, 47, 133, 51, 134, -4, -1, -2.896613990462929, 4.123105625617661
145, 40, 59, 141, 63, 141, -4, 0, 3.141592653589793, 4.0
146, 13, 87, 73, 90, 74, -3, -1, -2.819842099193151, 3.1622776601683795
146, 14, 130, 183, 132, 183, -2, 0, 3.141592653589793, 2.0
146, 15, 40, 114, 42, 115, -2, -1, -2.677945044588987, 2.23606797749979
146, 16, 77, 72, 79, 73, -2, -1, -2.677945044588987, 2.23606797749979
146, 23, 45, 133, 47, 133, -2, 0, 3.141592653589793, 2.0
146, 28, 54, 140, 59, 141, -5, -1, -2.9441970937399127, 5.0990195135927845
147, 10, 128, 182, 130, 183, -2, -1, -2.677945044588987, 2.23606797749979
147, 11, 75, 71, 77, 72, -2, -1, -2.677945044588987, 2.23606797749979
147, 21, 49, 138, 54, 140, -5, -2, -2.761086276477428, 5.385164807134504
148, 9, 126, 181, 128, 182, -2, -1, -2.677945044588987, 2.23606797749979
148, 10, 74, 69, 75, 71, -1, -2, -2.0344439357957027, 2.23606797749979
149, 8, 124, 180, 126, 181, -2, -1, -2.677945044588987, 2.23606797749979
150, 17, 44, 133, 46, 133, -2, 0, 3.141592653589793, 2.0
150, 23, 72, 73, 74, 73, -2, 0, 3.141592653589793, 2.0
150, 27, 130, 184, 132, 184, -2, 0, 3.141592653589793, 2.0
150, 30, 88, 72, 90, 73, -2, -1, -2.677945044588987, 2.23606797749979
150, 37, 143, 78, 145, 78, -2, 0, 3.141592653589793, 2.0
150, 43, 49, 138, 51, 139, -2, -1, -2.677945044588987, 2.23606797749979
151, 23, 128, 183, 130, 184, -2, -1, -2.677945044588987, 2.23606797749979
151, 28, 141, 77, 143, 78, -2, -1, -2.677945044588987, 2.23606797749979
151, 32, 47, 137, 49, 138, -2, -1, -2.677945044588987, 2.23606797749979
152, 20, 126, 182, 128, 183, -2, -1, -2.677945044588987, 2.23606797749979
152, 25, 139, 77, 141, 77, -2, 0, 3.141592653589793, 2.0
153, 16, 124, 181, 126, 182, -2, -1, -2.677945044588987, 2.23606797749979
153, 20, 136, 77, 139, 77, -3, 0, 3.141592653589793, 3.0
154, 14, 122, 180, 124, 181, -2, -1, -2.677945044588987, 2.23606797749979
155, 37, 125, 184, 127, 184, -2, 0, 3.141592653589793, 2.0
155, 38, 87, 77, 89, 77, -2, 0, 3.141592653589793, 2.0
155, 45, 139, 78, 141, 79, -2, -1, -2.677945044588987, 2.23606797749979
155, 46, 46, 152, 48, 153, -2, -1, -2.677945044588987, 2.23606797749979
156, 13, 37, 169, 39, 169, -2, 0, 3.141592653589793, 2.0
156, 16, 69, 72, 71, 73, -2, -1, -2.677945044588987, 2.23606797749979
156, 31, 122, 184, 125, 184, -3, 0, 3.141592653589793, 3.0
156, 32, 84, 76, 87, 77, -3, -1, -2.819842099193151, 3.1622776601683795
156, 35, 137, 77, 139, 78, -2, -1, -2.677945044588987, 2.23606797749979
156, 36, 44, 152, 46, 152, -2, 0, 3.141592653589793, 2.0
156, 38, 186, 69, 188, 70, -2, -1, -2.677945044588987, 2.23606797749979
157, 21, 119, 184, 122, 184, -3, 0, 3.141592653589793, 3.0
157, 22, 82, 76, 84, 76, -2, 0, 3.141592653589793, 2.0
157, 24, 135, 76, 137, 77, -2, -1, -2.677945044588987, 2.23606797749979
158, 19, 116, 184, 119, 184, -3, 0, 3.141592653589793, 3.0
158, 20, 132, 75, 135, 76, -3, -1, -2.819842099193151, 3.1622776601683795
159, 15, 114, 184, 116, 184, -2, 0, 3.141592653589793, 2.0
159, 16, 130, 74, 132, 75, -2, -1, -2.677945044588987, 2.23606797749979
160, 24, 42, 110, 43, 112, -1, -2, -2.0344439357957027, 2.23606797749979
160, 29, 118, 183, 121, 184, -3, -1, -2.819842099193151, 3.1622776601683795
160, 46, 68, 139, 73, 141, -5, -2, -2.761086276477428, 5.385164807134504
160, 54, 91, 77, 93, 78, -2, -1, -2.677945044588987, 2.23606797749979
161, 20, 115, 182, 118, 183, -3, -1, -2.819842099193151, 3.1622776601683795
161, 33, 64, 137, 68, 139, -4, -2, -2.677945044588987, 4.47213595499958
161, 39, 89, 75, 91, 77, -2, -2, -2.356194490192345, 2.8284271247461903
162, 18, 111, 181, 115, 182, -4, -1, -2.896613990462929, 4.123105625617661
162, 28, 61, 137, 64, 137, -3, 0, 3.141592653589793, 3.0
162, 34, 87, 74, 89, 75, -2, -1, -2.677945044588987, 2.23606797749979
163, 2, 37, 85, 38, 84, -1, 1, 2.356194490192345, 1.4142135623730951
163, 25, 85, 73, 87, 74, -2, -1, -2.677945044588987, 2.23606797749979
165, 37, 110, 184, 113, 184, -3, 0, 3.141592653589793, 3.0
165, 57, 78, 88, 81, 91, -3, -3, -2.356194490192345, 4.242640687119285
165, 61, 58, 137, 63, 139, -5, -2, -2.761086276477428, 5.385164807134504
166, 26, 107, 183, 110, 184, -3, -1, -2.819842099193151, 3.1622776601683795
166, 40, 74, 87, 78, 88, -4, -1, -2.896613990462929, 4.123105625617661
166, 44, 54, 135, 58, 137, -4, -2, -2.677945044588987, 4.47213595499958
167, 17, 105, 182, 107, 183, -2, -1, -2.677945044588987, 2.23606797749979
167, 28, 71, 87, 74, 87, -3, 0, 3.141592653589793, 3.0
168, 12, 103, 181, 105, 182, -2, -1, -2.677945044588987, 2.23606797749979
168, 17, 40, 172, 42, 172, -2, 0, 3.141592653589793, 2.0
168, 22, 50, 132, 55, 135, -5, -3, -2.601173153319209, 5.830951894845301
169, 7, 101, 180, 103, 181, -2, -1, -2.677945044588987, 2.23606797749979
169, 12, 128, 72, 130, 72, -2, 0, 3.141592653589793, 2.0
170, 27, 72, 86, 75, 87, -3, -1, -2.819842099193151, 3.1622776601683795
170, 30, 105, 181, 108, 182, -3, -1, -2.819842099193151, 3.1622776601683795
170, 57, 102, 80, 105, 82, -3, -2, -2.5535900500422257, 3.605551275463989
171, 20, 70, 85, 72, 86, -2, -1, -2.677945044588987, 2.23606797749979
171, 22, 103, 181, 105, 181, -2, 0, 3.141592653589793, 2.0
171, 38, 100, 79, 102, 80, -2, -1, -2.677945044588987, 2.23606797749979
172, 15, 68, 84, 70, 85, -2, -1, -2.677945044588987, 2.23606797749979
172, 17, 101, 180, 103, 181, -2, -1, -2.677945044588987, 2.23606797749979
172, 31, 97, 78, 100, 79, -3, -1, -2.819842099193151, 3.1622776601683795
173, 16, 99, 180, 101, 180, -2, 0, 3.141592653589793, 2.0
173, 26, 96, 76, 97, 78, -1, -2, -2.0344439357957027, 2.23606797749979
174, 13, 96, 180, 99, 180, -3, 0, 3.141592653589793, 3.0
174, 15, 49, 150, 48, 151, 1, -1, -0.7853981633974483, 1.4142135623730951
174, 20, 95, 77, 96, 76, -1, 1, 2.356194490192345, 1.4142135623730951
175, 27, 137, 53, 139, 54, -2, -1, -2.677945044588987, 2.23606797749979
175, 32, 97, 77, 99, 78, -2, -1, -2.677945044588987, 2.23606797749979
175, 42, 135, 183, 137, 184, -2, -1, -2.677945044588987, 2.23606797749979
176, 13, 99, 182, 101, 183, -2, -1, -2.677945044588987, 2.23606797749979
176, 18, 95, 77, 97, 77, -2, 0, 3.141592653589793, 2.0
176, 23, 133, 182, 135, 183, -2, -1, -2.677945044588987, 2.23606797749979
177, 14, 93, 76, 95, 77, -2, -1, -2.677945044588987, 2.23606797749979
177, 18, 130, 182, 133, 182, -3, 0, 3.141592653589793, 3.0
177, 24, 289, 105, 288, 108, 1, -3, -1.2490457723982544, 3.1622776601683795
178, 11, 128, 181, 130, 182, -2, -1, -2.677945044588987, 2.23606797749979
178, 14, 47, 152, 49, 153, -2, -1, -2.677945044588987, 2.23606797749979
179, 7, 293, 121, 293, 123, 0, -2, -1.5707963267948966, 2.0
179, 9, 126, 181, 128, 181, -2, 0, 3.141592653589793, 2.0
180, 26, 124, 73, 126, 74, -2, -1, -2.677945044588987, 2.23606797749979
180, 27, 47, 156, 49, 157, -2, -1, -2.677945044588987, 2.23606797749979
180, 30, 49, 137, 51, 138, -2, -1, -2.677945044588987, 2.23606797749979
180, 53, 87, 84, 91, 86, -4, -2, -2.677945044588987, 4.47213595499958
180, 57, 292, 123, 293, 125, -1, -2, -2.0344439357957027, 2.23606797749979
180, 63, 263, 184, 262, 185, 1, -1, -0.7853981633974483, 1.4142135623730951
181, 31, 85, 83, 87, 84, -2, -1, -2.677945044588987, 2.23606797749979
182, 14, 98, 181, 100, 182, -2, -1, -2.677945044588987, 2.23606797749979
183, 10, 96, 180, 98, 181, -2, -1, -2.677945044588987, 2.23606797749979
184, 10, 94, 180, 96, 180, -2, 0, 3.141592653589793, 2.0
185, 23, 84, 84, 86, 84, -2, 0, 3.141592653589793, 2.0
185, 29, 167, 68, 169, 69, -2, -1, -2.677945044588987, 2.23606797749979
185, 39, 96, 181, 98, 182, -2, -1, -2.677945044588987, 2.23606797749979
187, 14, 81, 85, 83, 84, -2, 1, 2.677945044588987, 2.23606797749979
189, 7, 78, 86, 80, 85, -2, 1, 2.677945044588987, 2.23606797749979
190, 44, 93, 182, 95, 182, -2, 0, 3.141592653589793, 2.0
192, 20, 90, 181, 92, 182, -2, -1, -2.677945044588987, 2.23606797749979
194, 8, 87, 180, 89, 181, -2, -1, -2.677945044588987, 2.23606797749979
195, 35, 41, 144, 42, 146, -1, -2, -2.0344439357957027, 2.23606797749979
195, 37, 91, 182, 93, 182, -2, 0, 3.141592653589793, 2.0
197, 10, 300, 81, 299, 82, 1, -1, -0.7853981633974483, 1.4142135623730951
200, 38, 291, 114, 292, 116, -1, -2, -2.0344439357957027, 2.23606797749979
205, 42, 292, 131, 293, 133, -1, -2, -2.0344439357957027, 2.23606797749979
206, 27, 291, 129, 292, 131, -1, -2, -2.0344439357957027, 2.23606797749979
207, 20, 289, 97, 290, 100, -1, -3, -1.892546881191539, 3.1622776601683795
211, 31, 103, 77, 104, 76, -1, 1, 2.356194490192345, 1.4142135623730951
213, 13, 85, 82, 87, 82, -2, 0, 3.141592653589793, 2.0
215, 45, 293, 125, 293, 127, 0, -2, -1.5707963267948966, 2.0
215, 57, 162, 73, 164, 74, -2, -1, -2.677945044588987, 2.23606797749979
216, 42, 160, 73, 162, 73, -2, 0, 3.141592653589793, 2.0
216, 45, 60, 103, 59, 105, 1, -2, -1.1071487177940904, 2.23606797749979
217, 29, 158, 72, 160, 73, -2, -1, -2.677945044588987, 2.23606797749979
219, 10, 83, 83, 85, 83, -2, 0, 3.141592653589793, 2.0
219, 18, 155, 72, 157, 72, -2, 0, 3.141592653589793, 2.0
219, 20, 68, 181, 70, 181, -2, 0, 3.141592653589793, 2.0
220, 27, 84, 84, 86, 84, -2, 0, 3.141592653589793, 2.0
242, 14, 108, 69, 110, 70, -2, -1, -2.677945044588987, 2.23606797749979
247, 21, 86, 90, 88, 90, -2, 0, 3.141592653589793, 2.0
249, 10, 83, 90, 85, 90, -2, 0, 3.141592653589793, 2.0
250, 31, 141, 76, 143, 76, -2, 0, 3.141592653589793, 2.0
252, 16, 138, 76, 140, 76, -2, 0, 3.141592653589793, 2.0
254, 8, 135, 75, 137, 76, -2, -1, -2.677945044588987, 2.23606797749979
255, 21, 70, 177, 72, 178, -2, -1, -2.677945044588987, 2.23606797749979
260, 44, 114, 185, 116, 185, -2, 0, 3.141592653589793, 2.0
261, 28, 112, 185, 114, 185, -2, 0, 3.141592653589793, 2.0
264, 5, 102, 72, 104, 73, -2, -1, -2.677945044588987, 2.23606797749979
265, 2, 44, 114, 44, 116, 0, -2, -1.5707963267948966, 2.0
265, 49, 110, 184, 112, 185, -2, -1, -2.677945044588987, 2.23606797749979
267, 26, 107, 184, 109, 184, -2, 0, 3.141592653589793, 2.0
268, 19, 105, 184, 107, 184, -2, 0, 3.141592653589793, 2.0
269, 15, 103, 184, 105, 184, -2, 0, 3.141592653589793, 2.0
270, 46, 129, 76, 131, 76, -2, 0, 3.141592653589793, 2.0
270, 54, 107, 182, 109, 182, -2, 0, 3.141592653589793, 2.0
271, 42, 105, 182, 107, 182, -2, 0, 3.141592653589793, 2.0
272, 24, 126, 75, 128, 76, -2, -1, -2.677945044588987, 2.23606797749979
272, 30, 103, 182, 105, 182, -2, 0, 3.141592653589793, 2.0
273, 18, 101, 181, 103, 182, -2, -1, -2.677945044588987, 2.23606797749979
274, 16, 99, 180, 101, 181, -2, -1, -2.677945044588987, 2.23606797749979
277, 23, 163, 67, 165, 68, -2, -1, -2.677945044588987, 2.23606797749979
278, 16, 161, 67, 163, 67, -2, 0, 3.141592653589793, 2.0
285, 65, 134, 75, 136, 75, -2, 0, 3.141592653589793, 2.0
286, 33, 120, 77, 122, 77, -2, 0, 3.141592653589793, 2.0
286, 47, 132, 74, 134, 75, -2, -1, -2.677945044588987, 2.23606797749979
287, 41, 130, 73, 132, 74, -2, -1, -2.677945044588987, 2.23606797749979
287, 43, 169, 70, 170, 69, -1, 1, 2.356194490192345, 1.4142135623730951
288, 20, 74, 98, 76, 99, -2, -1, -2.677945044588987, 2.23606797749979
288, 25, 128, 72, 130, 73, -2, -1, -2.677945044588987, 2.23606797749979
290, 54, 128, 73, 130, 74, -2, -1, -2.677945044588987, 2.23606797749979
291, 29, 136, 71, 137, 70, -1, 1, 2.356194490192345, 1.4142135623730951
292, 22, 125, 72, 127, 73, -2, -1, -2.677945044588987, 2.23606797749979
296, 38, 232, 53, 234, 53, -2, 0, 3.141592653589793, 2.0
297, 23, 132, 73, 134, 73, -2, 0, 3.141592653589793, 2.0
298, 19, 130, 73, 132, 73, -2, 0, 3.141592653589793, 2.0
299, 15, 128, 73, 130, 73, -2, 0, 3.141592653589793, 2.0
300, 43, 159, 68, 161, 69, -2, -1, -2.677945044588987, 2.23606797749979
304, 11, 86, 184, 88, 184, -2, 0, 3.141592653589793, 2.0
310, 45, 123, 74, 125, 74, -2, 0, 3.141592653589793, 2.0
311, 28, 121, 73, 123, 74, -2, -1, -2.677945044588987, 2.23606797749979
312, 19, 84, 185, 86, 185, -2, 0, 3.141592653589793, 2.0
313, 9, 82, 185, 84, 185, -2, 0, 3.141592653589793, 2.0
320, 68, 150, 72, 152, 71, -2, 1, 2.677945044588987, 2.23606797749979
324, 12, 76, 184, 78, 184, -2, 0, 3.141592653589793, 2.0
325, 28, 80, 184, 82, 185, -2, -1, -2.677945044588987, 2.23606797749979
325, 42, 146, 70, 148, 71, -2, -1, -2.677945044588987, 2.23606797749979
326, 21, 78, 184, 80, 184, -2, 0, 3.141592653589793, 2.0
327, 14, 76, 183, 78, 184, -2, -1, -2.677945044588987, 2.23606797749979
328, 7, 111, 77, 113, 77, -2, 0, 3.141592653589793, 2.0
328, 12, 74, 183, 76, 183, -2, 0, 3.141592653589793, 2.0
330, 38, 142, 72, 144, 72, -2, 0, 3.141592653589793, 2.0
331, 28, 140, 71, 142, 72, -2, -1, -2.677945044588987, 2.23606797749979
332, 23, 138, 71, 140, 71, -2, 0, 3.141592653589793, 2.0
333, 10, 109, 78, 111, 78, -2, 0, 3.141592653589793, 2.0
334, 8, 107, 78, 109, 78, -2, 0, 3.141592653589793, 2.0
340, 64, 123, 72, 125, 72, -2, 0, 3.141592653589793, 2.0
345, 60, 121, 73, 123, 73, -2, 0, 3.141592653589793, 2.0
348, 12, 103, 81, 105, 81, -2, 0, 3.141592653589793, 2.0
354, 6, 100, 82, 102, 82, -2, 0, 3.141592653589793, 2.0
357, 23, 175, 62, 177, 63, -2, -1, -2.677945044588987, 2.23606797749979
378, 12, 215, 52, 217, 53, -2, -1, -2.677945044588987, 2.23606797749979
378, 15, 103, 80, 105, 80, -2, 0, 3.141592653589793, 2.0
383, 18, 51, 164, 53, 164, -2, 0, 3.141592653589793, 2.0
407, 17, 118, 73, 120, 74, -2, -1, -2.677945044588987, 2.23606797749979
408, 14, 116, 73, 118, 73, -2, 0, 3.141592653589793, 2.0
409, 7, 114, 73, 116, 73, -2, 0, 3.141592653589793, 2.0
410, 26, 120, 73, 122, 74, -2, -1, -2.677945044588987, 2.23606797749979
411, 33, 273, 84, 275, 85, -2, -1, -2.677945044588987, 2.23606797749979
412, 17, 117, 72, 119, 73, -2, -1, -2.677945044588987, 2.23606797749979
415, 8, 297, 126, 298, 128, -1, -2, -2.0344439357957027, 2.23606797749979
420, 34, 100, 82, 102, 82, -2, 0, 3.141592653589793, 2.0
421, 26, 121, 75, 123, 76, -2, -1, -2.677945044588987, 2.23606797749979
424, 12, 116, 74, 119, 75, -3, -1, -2.819842099193151, 3.1622776601683795
425, 66, 120, 76, 122, 76, -2, 0, 3.141592653589793, 2.0
427, 13, 105, 74, 107, 74, -2, 0, 3.141592653589793, 2.0
427, 19, 97, 81, 99, 82, -2, -1, -2.677945044588987, 2.23606797749979
427, 32, 116, 76, 119, 76, -3, 0, 3.141592653589793, 3.0
428, 6, 77, 72, 77, 74, 0, -2, -1.5707963267948966, 2.0
435, 22, 36, 127, 38, 128, -2, -1, -2.677945044588987, 2.23606797749979
444, 19, 38, 171, 39, 170, -1, 1, 2.356194490192345, 1.4142135623730951
446, 17, 143, 65, 145, 66, -2, -1, -2.677945044588987, 2.23606797749979
451, 34, 171, 60, 173, 61, -2, -1, -2.677945044588987, 2.23606797749979
455, 53, 124, 74, 126, 74, -2, 0, 3.141592653589793, 2.0
460, 50, 166, 57, 168, 58, -2, -1, -2.677945044588987, 2.23606797749979
471, 35, 214, 62, 216, 62, -2, 0, 3.141592653589793, 2.0
475, 54, 262, 77, 264, 77, -2, 0, 3.141592653589793, 2.0
480, 43, 159, 61, 161, 61, -2, 0, 3.141592653589793, 2.0
480, 44, 299, 147, 298, 148, 1, -1, -0.7853981633974483, 1.4142135623730951
484, 4, 59, 143, 58, 144, 1, -1, -0.7853981633974483, 1.4142135623730951
485, 49, 129, 68, 131, 69, -2, -1, -2.677945044588987, 2.23606797749979
496, 12, 70, 107, 72, 107, -2, 0, 3.141592653589793, 2.0
497, 30, 128, 67, 129, 70, -1, -3, -1.892546881191539, 3.1622776601683795
