frame,i,x1,y1,x2,y2,x,y,angle,size
60, 4, 41, 116, 40, 117, 1, -1, -0.7853981633974483, 1.4142135623730951
74, 0, 21, 189, 23, 191, -2, -2, -2.356194490192345, 2.8284271247461903
74, 1, 11, 41, 14, 41, -3, 0, 3.141592653589793, 3.0
75, 0, 16, 59, 18, 58, -2, 1, 2.677945044588987, 2.23606797749979
75, 1, 37, 154, 34, 155, 3, -1, -0.3217505543966422, 3.1622776601683795
75, 2, 28, 165, 27, 164, 1, 1, 0.7853981633974483, 1.4142135623730951
75, 5, 37, 180, 35, 179, 2, 1, 0.4636476090008061, 2.23606797749979
75, 9, 24, 142, 27, 141, -3, 1, 2.819842099193151, 3.1622776601683795
75, 12, 10, 150, 12, 150, -2, 0, 3.141592653589793, 2.0
75, 13, 4, 182, 6, 181, -2, 1, 2.677945044588987, 2.23606797749979
75, 17, 5, 68, 7, 70, -2, -2, -2.356194490192345, 2.8284271247461903
75, 19, 1, 164, 3, 163, -2, 1, 2.677945044588987, 2.23606797749979
75, 20, 2, 94, 4, 94, -2, 0, 3.141592653589793, 2.0
75, 22, 13, 42, 15, 42, -2, 0, 3.141592653589793, 2.0
75, 23, 6, 150, 4, 151, 2, -1, -0.4636476090008061, 2.23606797749979
75, 24, 26, 101, 20, 101, 6, 0, 0.0, 6.0
75, 25, 10, 56, 11, 55, -1, 1, 2.356194490192345, 1.4142135623730951
77, 1, 34, 82, 33, 83, 1, -1, -0.7853981633974483, 1.4142135623730951
77, 8, 12, 107, 10, 107, 2, 0, 0.0, 2.0
78, 2, 22, 139, 24, 142, -2, -3, -2.158798930342464, 3.605551275463989
78, 3, 15, 120, 15, 122, 0, -2, -1.5707963267948966, 2.0
78, 4, 7, 181, 4, 180, 3, 1, 0.3217505543966422, 3.1622776601683795
82, 8, 14, 175, 13, 176, 1, -1, -0.7853981633974483, 1.4142135623730951
84, 6, 15, 177, 15, 175, 0, 2, 1.5707963267948966, 2.0
85, 8, 14, 150, 12, 150, 2, 0, 0.0, 2.0
85, 17, 16, 71, 14, 72, 2, -1, -0.4636476090008061, 2.23606797749979
85, 18, 29, 59, 28, 60, 1, -1, -0.7853981633974483, 1.4142135623730951
86, 9, 30, 143, 28, 142, 2, 1, 0.4636476090008061, 2.23606797749979
86, 13, 19, 41, 18, 42, 1, -1, -0.7853981633974483, 1.4142135623730951
86, 14, 17, 70, 16, 71, 1, -1, -0.7853981633974483, 1.4142135623730951
87, 2, 43, 112, 42, 113, 1, -1, -0.7853981633974483, 1.4142135623730951
87, 3, 7, 103, 6, 104, 1, -1, -0.7853981633974483, 1.4142135623730951
87, 13, 21, 41, 19, 41, 2, 0, 0.0, 2.0
89, 3, 8, 101, 7, 102, 1, -1, -0.7853981633974483, 1.4142135623730951
89, 7, 15, 123, 16, 122, -1, 1, 2.356194490192345, 1.4142135623730951
89, 10, 20, 175, 19, 176, 1, -1, -0.7853981633974483, 1.4142135623730951
91, 10, 8, 200, 7, 201, 1, -1, -0.7853981633974483, 1.4142135623730951
92, 9, 17, 177, 16, 178, 1, -1, -0.7853981633974483, 1.4142135623730951
93, 2, 43, 154, 42, 155, 1, -1, -0.7853981633974483, 1.4142135623730951
93, 3, 12, 102, 11, 103, 1, -1, -0.7853981633974483, 1.4142135623730951
93, 11, 25, 142, 24, 143, 1, -1, -0.7853981633974483, 1.4142135623730951
95, 2, 47, 112, 46, 113, 1, -1, -0.7853981633974483, 1.4142135623730951
96, 0, 28, 58, 25, 58, 3, 0, 0.0, 3.0
98, 0, 31, 58, 29, 58, 2, 0, 0.0, 2.0
98, 15, 46, 177, 45, 178, 1, -1, -0.7853981633974483, 1.4142135623730951
99, 0, 33, 57, 31, 58, 2, -1, -0.4636476090008061, 2.23606797749979
99, 3, 15, 35, 14, 36, 1, -1, -0.7853981633974483, 1.4142135623730951
99, 13, 44, 76, 43, 77, 1, -1, -0.7853981633974483, 1.4142135623730951
100, 17, 6, 57, 5, 58, 1, -1, -0.7853981633974483, 1.4142135623730951
100, 18, 21, 196, 20, 198, 1, -2, -1.1071487177940904, 2.23606797749979
101, 8, 30, 147, 32, 147, -2, 0, 3.141592653589793, 2.0
101, 13, 27, 178, 24, 178, 3, 0, 0.0, 3.0
103, 1, 48, 106, 47, 108, 1, -2, -1.1071487177940904, 2.23606797749979
103, 3, 47, 156, 46, 157, 1, -1, -0.7853981633974483, 1.4142135623730951
103, 7, 17, 151, 16, 152, 1, -1, -0.7853981633974483, 1.4142135623730951
103, 9, 15, 199, 13, 200, 2, -1, -0.4636476090008061, 2.23606797749979
103, 12, 44, 76, 43, 77, 1, -1, -0.7853981633974483, 1.4142135623730951
103, 13, 31, 95, 30, 96, 1, -1, -0.7853981633974483, 1.4142135623730951
103, 14, 14, 151, 13, 152, 1, -1, -0.7853981633974483, 1.4142135623730951
103, 17, 22, 198, 22, 196, 0, 2, 1.5707963267948966, 2.0
104, 0, 13, 100, 12, 101, 1, -1, -0.7853981633974483, 1.4142135623730951
104, 1, 48, 104, 48, 106, 0, -2, -1.5707963267948966, 2.0
104, 4, 28, 56, 27, 57, 1, -1, -0.7853981633974483, 1.4142135623730951
104, 7, 18, 150, 17, 151, 1, -1, -0.7853981633974483, 1.4142135623730951
104, 12, 45, 75, 44, 76, 1, -1, -0.7853981633974483, 1.4142135623730951
104, 15, 8, 182, 7, 183, 1, -1, -0.7853981633974483, 1.4142135623730951
105, 14, 43, 60, 42, 61, 1, -1, -0.7853981633974483, 1.4142135623730951
106, 1, 15, 101, 14, 102, 1, -1, -0.7853981633974483, 1.4142135623730951
106, 7, 18, 151, 17, 152, 1, -1, -0.7853981633974483, 1.4142135623730951
106, 12, 9, 136, 8, 137, 1, -1, -0.7853981633974483, 1.4142135623730951
106, 14, 44, 59, 43, 60, 1, -1, -0.7853981633974483, 1.4142135623730951
107, 0, 52, 157, 50, 157, 2, 0, 0.0, 2.0
107, 3, 50, 107, 49, 108, 1, -1, -0.7853981633974483, 1.4142135623730951
107, 7, 19, 150, 18, 151, 1, -1, -0.7853981633974483, 1.4142135623730951
107, 11, 25, 179, 24, 180, 1, -1, -0.7853981633974483, 1.4142135623730951
107, 12, 10, 135, 9, 136, 1, -1, -0.7853981633974483, 1.4142135623730951
107, 13, 6, 87, 5, 88, 1, -1, -0.7853981633974483, 1.4142135623730951
108, 5, 35, 166, 36, 165, -1, 1, 2.356194490192345, 1.4142135623730951
108, 8, 30, 80, 29, 81, 1, -1, -0.7853981633974483, 1.4142135623730951
109, 3, 51, 105, 50, 106, 1, -1, -0.7853981633974483, 1.4142135623730951
109, 10, 20, 199, 18, 200, 2, -1, -0.4636476090008061, 2.23606797749979
109, 11, 26, 177, 25, 178, 1, -1, -0.7853981633974483, 1.4142135623730951
109, 13, 7, 86, 6, 87, 1, -1, -0.7853981633974483, 1.4142135623730951
110, 5, 52, 107, 51, 108, 1, -1, -0.7853981633974483, 1.4142135623730951
110, 8, 32, 84, 31, 83, 1, 1, 0.7853981633974483, 1.4142135623730951
110, 10, 21, 200, 20, 201, 1, -1, -0.7853981633974483, 1.4142135623730951
110, 13, 39, 165, 38, 166, 1, -1, -0.7853981633974483, 1.4142135623730951
110, 17, 46, 61, 45, 62, 1, -1, -0.7853981633974483, 1.4142135623730951
111, 7, 29, 179, 28, 178, 1, 1, 0.7853981633974483, 1.4142135623730951
111, 9, 17, 100, 16, 101, 1, -1, -0.7853981633974483, 1.4142135623730951
111, 17, 47, 60, 46, 61, 1, -1, -0.7853981633974483, 1.4142135623730951
112, 6, 21, 155, 22, 153, -1, 2, 2.0344439357957027, 2.23606797749979
112, 7, 27, 180, 29, 179, -2, 1, 2.677945044588987, 2.23606797749979
112, 10, 22, 199, 21, 200, 1, -1, -0.7853981633974483, 1.4142135623730951
113, 4, 53, 157, 52, 158, 1, -1, -0.7853981633974483, 1.4142135623730951
113, 7, 28, 179, 27, 180, 1, -1, -0.7853981633974483, 1.4142135623730951
113, 10, 23, 198, 22, 199, 1, -1, -0.7853981633974483, 1.4142135623730951
113, 15, 45, 75, 44, 76, 1, -1, -0.7853981633974483, 1.4142135623730951
113, 17, 48, 59, 47, 60, 1, -1, -0.7853981633974483, 1.4142135623730951
114, 3, 5, 76, 4, 77, 1, -1, -0.7853981633974483, 1.4142135623730951
114, 7, 29, 178, 28, 179, 1, -1, -0.7853981633974483, 1.4142135623730951
114, 16, 49, 58, 48, 59, 1, -1, -0.7853981633974483, 1.4142135623730951
115, 1, 56, 106, 55, 107, 1, -1, -0.7853981633974483, 1.4142135623730951
115, 2, 20, 100, 19, 101, 1, -1, -0.7853981633974483, 1.4142135623730951
115, 3, 8, 75, 7, 76, 1, -1, -0.7853981633974483, 1.4142135623730951
115, 5, 22, 155, 21, 156, 1, -1, -0.7853981633974483, 1.4142135623730951
115, 6, 23, 200, 22, 201, 1, -1, -0.7853981633974483, 1.4142135623730951
115, 8, 25, 37, 24, 38, 1, -1, -0.7853981633974483, 1.4142135623730951
115, 11, 11, 88, 10, 89, 1, -1, -0.7853981633974483, 1.4142135623730951
116, 2, 21, 99, 20, 100, 1, -1, -0.7853981633974483, 1.4142135623730951
116, 4, 4, 37, 3, 38, 1, -1, -0.7853981633974483, 1.4142135623730951
116, 14, 26, 70, 25, 71, 1, -1, -0.7853981633974483, 1.4142135623730951
117, 3, 8, 72, 8, 74, 0, -2, -1.5707963267948966, 2.0
117, 6, 24, 198, 23, 199, 1, -1, -0.7853981633974483, 1.4142135623730951
117, 7, 31, 58, 32, 57, -1, 1, 2.356194490192345, 1.4142135623730951
117, 8, 26, 35, 25, 36, 1, -1, -0.7853981633974483, 1.4142135623730951
118, 1, 57, 103, 56, 104, 1, -1, -0.7853981633974483, 1.4142135623730951
118, 2, 22, 97, 21, 98, 1, -1, -0.7853981633974483, 1.4142135623730951
118, 3, 9, 71, 8, 72, 1, -1, -0.7853981633974483, 1.4142135623730951
118, 8, 27, 34, 26, 35, 1, -1, -0.7853981633974483, 1.4142135623730951
118, 12, 37, 91, 37, 93, 0, -2, -1.5707963267948966, 2.0
118, 16, 49, 76, 48, 77, 1, -1, -0.7853981633974483, 1.4142135623730951
119, 1, 58, 102, 57, 103, 1, -1, -0.7853981633974483, 1.4142135623730951
119, 11, 12, 86, 11, 87, 1, -1, -0.7853981633974483, 1.4142135623730951
120, 0, 9, 73, 8, 74, 1, -1, -0.7853981633974483, 1.4142135623730951
120, 1, 38, 58, 36, 58, 2, 0, 0.0, 2.0
120, 4, 58, 104, 59, 106, -1, -2, -2.0344439357957027, 2.23606797749979
120, 11, 37, 80, 36, 81, 1, -1, -0.7853981633974483, 1.4142135623730951
121, 0, 10, 72, 9, 73, 1, -1, -0.7853981633974483, 1.4142135623730951
121, 14, 32, 179, 31, 180, 1, -1, -0.7853981633974483, 1.4142135623730951
122, 1, 37, 57, 39, 58, -2, -1, -2.677945044588987, 2.23606797749979
122, 2, 24, 99, 23, 100, 1, -1, -0.7853981633974483, 1.4142135623730951
122, 5, 28, 35, 27, 36, 1, -1, -0.7853981633974483, 1.4142135623730951
122, 9, 39, 148, 38, 149, 1, -1, -0.7853981633974483, 1.4142135623730951
122, 10, 28, 200, 27, 201, 1, -1, -0.7853981633974483, 1.4142135623730951
122, 11, 38, 78, 37, 79, 1, -1, -0.7853981633974483, 1.4142135623730951
123, 0, 12, 71, 11, 72, 1, -1, -0.7853981633974483, 1.4142135623730951
123, 2, 25, 98, 24, 99, 1, -1, -0.7853981633974483, 1.4142135623730951
123, 4, 59, 101, 58, 102, 1, -1, -0.7853981633974483, 1.4142135623730951
123, 9, 40, 147, 39, 148, 1, -1, -0.7853981633974483, 1.4142135623730951
123, 10, 29, 199, 28, 200, 1, -1, -0.7853981633974483, 1.4142135623730951
123, 13, 25, 155, 24, 156, 1, -1, -0.7853981633974483, 1.4142135623730951
124, 1, 39, 56, 38, 57, 1, -1, -0.7853981633974483, 1.4142135623730951
124, 2, 26, 97, 25, 98, 1, -1, -0.7853981633974483, 1.4142135623730951
124, 5, 30, 34, 29, 35, 1, -1, -0.7853981633974483, 1.4142135623730951
125, 2, 60, 102, 59, 103, 1, -1, -0.7853981633974483, 1.4142135623730951
126, 2, 62, 101, 60, 102, 2, -1, -0.4636476090008061, 2.23606797749979
126, 5, 25, 97, 24, 98, 1, -1, -0.7853981633974483, 1.4142135623730951
126, 7, 37, 178, 36, 180, 1, -2, -1.1071487177940904, 2.23606797749979
126, 8, 31, 36, 30, 37, 1, -1, -0.7853981633974483, 1.4142135623730951
127, 2, 63, 100, 62, 101, 1, -1, -0.7853981633974483, 1.4142135623730951
127, 5, 26, 96, 25, 97, 1, -1, -0.7853981633974483, 1.4142135623730951
127, 6, 27, 157, 28, 156, -1, 1, 2.356194490192345, 1.4142135623730951
127, 7, 39, 178, 37, 178, 2, 0, 0.0, 2.0
127, 8, 34, 35, 31, 36, 3, -1, -0.3217505543966422, 3.1622776601683795
127, 11, 12, 38, 9, 39, 3, -1, -0.3217505543966422, 3.1622776601683795
128, 2, 64, 99, 63, 100, 1, -1, -0.7853981633974483, 1.4142135623730951
128, 7, 42, 177, 39, 178, 3, -1, -0.3217505543966422, 3.1622776601683795
128, 9, 30, 199, 29, 200, 1, -1, -0.7853981633974483, 1.4142135623730951
129, 2, 65, 98, 64, 99, 1, -1, -0.7853981633974483, 1.4142135623730951
129, 4, 48, 149, 45, 148, 3, 1, 0.3217505543966422, 3.1622776601683795
129, 5, 25, 93, 26, 95, -1, -2, -2.0344439357957027, 2.23606797749979
129, 7, 45, 175, 42, 177, 3, -2, -0.5880026035475675, 3.605551275463989
130, 1, 65, 101, 64, 102, 1, -1, -0.7853981633974483, 1.4142135623730951
130, 4, 16, 73, 15, 74, 1, -1, -0.7853981633974483, 1.4142135623730951
130, 8, 44, 152, 47, 151, -3, 1, 2.819842099193151, 3.1622776601683795
130, 9, 8, 192, 7, 193, 1, -1, -0.7853981633974483, 1.4142135623730951
130, 10, 3, 90, 2, 92, 1, -2, -1.1071487177940904, 2.23606797749979
130, 13, 2, 157, 7, 156, -5, 1, 2.9441970937399127, 5.0990195135927845
130, 15, 20, 88, 19, 89, 1, -1, -0.7853981633974483, 1.4142135623730951
130, 18, 3, 111, 2, 112, 1, -1, -0.7853981633974483, 1.4142135623730951
130, 19, 21, 42, 18, 42, 3, 0, 0.0, 3.0
130, 20, 42, 179, 40, 179, 2, 0, 0.0, 2.0
130, 22, 32, 69, 31, 70, 1, -1, -0.7853981633974483, 1.4142135623730951
130, 24, 43, 155, 36, 155, 7, 0, 0.0, 7.0
130, 25, 58, 60, 57, 61, 1, -1, -0.7853981633974483, 1.4142135623730951
131, 17, 23, 41, 21, 42, 2, -1, -0.4636476090008061, 2.23606797749979
131, 18, 43, 178, 42, 179, 1, -1, -0.7853981633974483, 1.4142135623730951
132, 1, 43, 58, 42, 59, 1, -1, -0.7853981633974483, 1.4142135623730951
132, 4, 42, 77, 41, 78, 1, -1, -0.7853981633974483, 1.4142135623730951
132, 8, 3, 87, 3, 89, 0, -2, -1.5707963267948966, 2.0
132, 11, 3, 156, 2, 157, 1, -1, -0.7853981633974483, 1.4142135623730951
132, 12, 29, 157, 28, 158, 1, -1, -0.7853981633974483, 1.4142135623730951
132, 16, 6, 110, 3, 110, 3, 0, 0.0, 3.0
132, 18, 44, 177, 43, 178, 1, -1, -0.7853981633974483, 1.4142135623730951
132, 22, 44, 154, 43, 155, 1, -1, -0.7853981633974483, 1.4142135623730951
132, 23, 59, 59, 58, 60, 1, -1, -0.7853981633974483, 1.4142135623730951
133, 1, 44, 57, 43, 58, 1, -1, -0.7853981633974483, 1.4142135623730951
133, 2, 38, 37, 37, 38, 1, -1, -0.7853981633974483, 1.4142135623730951
133, 3, 28, 95, 27, 96, 1, -1, -0.7853981633974483, 1.4142135623730951
133, 4, 44, 77, 42, 77, 2, 0, 0.0, 2.0
133, 6, 46, 151, 45, 152, 1, -1, -0.7853981633974483, 1.4142135623730951
133, 8, 4, 86, 3, 87, 1, -1, -0.7853981633974483, 1.4142135623730951
134, 11, 5, 155, 4, 156, 1, -1, -0.7853981633974483, 1.4142135623730951
134, 17, 43, 178, 45, 177, -2, 1, 2.677945044588987, 2.23606797749979
134, 22, 61, 58, 60, 59, 1, -1, -0.7853981633974483, 1.4142135623730951
135, 0, 5, 88, 4, 89, 1, -1, -0.7853981633974483, 1.4142135623730951
135, 1, 16, 71, 15, 72, 1, -1, -0.7853981633974483, 1.4142135623730951
135, 2, 66, 99, 65, 100, 1, -1, -0.7853981633974483, 1.4142135623730951
135, 5, 37, 37, 36, 38, 1, -1, -0.7853981633974483, 1.4142135623730951
135, 7, 42, 180, 41, 181, 1, -1, -0.7853981633974483, 1.4142135623730951
135, 12, 26, 183, 25, 184, 1, -1, -0.7853981633974483, 1.4142135623730951
135, 15, 46, 78, 45, 79, 1, -1, -0.7853981633974483, 1.4142135623730951
136, 0, 6, 87, 5, 88, 1, -1, -0.7853981633974483, 1.4142135623730951
136, 1, 17, 70, 16, 71, 1, -1, -0.7853981633974483, 1.4142135623730951
136, 5, 38, 36, 37, 37, 1, -1, -0.7853981633974483, 1.4142135623730951
136, 6, 16, 36, 15, 37, 1, -1, -0.7853981633974483, 1.4142135623730951
136, 8, 49, 153, 47, 152, 2, 1, 0.4636476090008061, 2.23606797749979
136, 15, 47, 77, 46, 78, 1, -1, -0.7853981633974483, 1.4142135623730951
136, 16, 22, 167, 21, 168, 1, -1, -0.7853981633974483, 1.4142135623730951
136, 18, 19, 84, 18, 85, 1, -1, -0.7853981633974483, 1.4142135623730951
137, 0, 7, 86, 6, 87, 1, -1, -0.7853981633974483, 1.4142135623730951
137, 4, 32, 94, 31, 95, 1, -1, -0.7853981633974483, 1.4142135623730951
137, 7, 45, 179, 43, 180, 2, -1, -0.4636476090008061, 2.23606797749979
137, 9, 36, 199, 35, 200, 1, -1, -0.7853981633974483, 1.4142135623730951
137, 11, 13, 192, 12, 193, 1, -1, -0.7853981633974483, 1.4142135623730951
138, 2, 66, 95, 66, 97, 0, -2, -1.5707963267948966, 2.0
138, 5, 39, 34, 38, 35, 1, -1, -0.7853981633974483, 1.4142135623730951
138, 7, 43, 179, 45, 179, -2, 0, 3.141592653589793, 2.0
138, 14, 48, 88, 47, 89, 1, -1, -0.7853981633974483, 1.4142135623730951
138, 15, 47, 73, 47, 76, 0, -3, -1.5707963267948966, 3.0
139, 5, 40, 33, 39, 34, 1, -1, -0.7853981633974483, 1.4142135623730951
139, 7, 44, 178, 43, 179, 1, -1, -0.7853981633974483, 1.4142135623730951
139, 11, 14, 191, 13, 192, 1, -1, -0.7853981633974483, 1.4142135623730951
139, 19, 52, 168, 51, 169, 1, -1, -0.7853981633974483, 1.4142135623730951
140, 0, 8, 87, 7, 88, 1, -1, -0.7853981633974483, 1.4142135623730951
140, 5, 19, 37, 18, 38, 1, -1, -0.7853981633974483, 1.4142135623730951
140, 7, 47, 56, 46, 57, 1, -1, -0.7853981633974483, 1.4142135623730951
140, 10, 47, 76, 47, 78, 0, -2, -1.5707963267948966, 2.0
140, 13, 36, 157, 35, 158, 1, -1, -0.7853981633974483, 1.4142135623730951
140, 15, 61, 75, 60, 76, 1, -1, -0.7853981633974483, 1.4142135623730951
141, 4, 42, 37, 41, 38, 1, -1, -0.7853981633974483, 1.4142135623730951
141, 8, 39, 200, 38, 201, 1, -1, -0.7853981633974483, 1.4142135623730951
141, 9, 48, 75, 47, 76, 1, -1, -0.7853981633974483, 1.4142135623730951
142, 0, 9, 85, 8, 86, 1, -1, -0.7853981633974483, 1.4142135623730951
142, 6, 68, 96, 67, 97, 1, -1, -0.7853981633974483, 1.4142135623730951
142, 9, 49, 74, 48, 75, 1, -1, -0.7853981633974483, 1.4142135623730951
143, 0, 10, 86, 9, 85, 1, 1, 0.7853981633974483, 1.4142135623730951
143, 2, 35, 94, 34, 95, 1, -1, -0.7853981633974483, 1.4142135623730951
143, 6, 69, 95, 68, 96, 1, -1, -0.7853981633974483, 1.4142135623730951
143, 12, 46, 178, 44, 178, 2, 0, 0.0, 2.0
144, 0, 11, 87, 10, 86, 1, 1, 0.7853981633974483, 1.4142135623730951
144, 2, 36, 93, 35, 94, 1, -1, -0.7853981633974483, 1.4142135623730951
144, 3, 72, 163, 71, 164, 1, -1, -0.7853981633974483, 1.4142135623730951
144, 12, 49, 176, 46, 178, 3, -2, -0.5880026035475675, 3.605551275463989
144, 13, 62, 71, 61, 72, 1, -1, -0.7853981633974483, 1.4142135623730951
145, 4, 24, 71, 23, 72, 1, -1, -0.7853981633974483, 1.4142135623730951
145, 7, 71, 95, 70, 96, 1, -1, -0.7853981633974483, 1.4142135623730951
145, 8, 41, 134, 40, 133, 1, 1, 0.7853981633974483, 1.4142135623730951
145, 9, 51, 180, 48, 180, 3, 0, 0.0, 3.0
145, 11, 40, 159, 38, 159, 2, 0, 0.0, 2.0
145, 13, 14, 157, 12, 157, 2, 0, 0.0, 2.0
145, 17, 50, 76, 49, 77, 1, -1, -0.7853981633974483, 1.4142135623730951
145, 18, 67, 59, 66, 60, 1, -1, -0.7853981633974483, 1.4142135623730951
145, 22, 77, 179, 76, 180, 1, -1, -0.7853981633974483, 1.4142135623730951
145, 27, 15, 58, 14, 59, 1, -1, -0.7853981633974483, 1.4142135623730951
146, 0, 13, 87, 12, 88, 1, -1, -0.7853981633974483, 1.4142135623730951
146, 4, 25, 70, 24, 71, 1, -1, -0.7853981633974483, 1.4142135623730951
146, 11, 38, 161, 40, 159, -2, 2, 2.356194490192345, 2.8284271247461903
146, 13, 16, 158, 14, 157, 2, 1, 0.4636476090008061, 2.23606797749979
146, 15, 53, 89, 52, 90, 1, -1, -0.7853981633974483, 1.4142135623730951
146, 17, 51, 75, 50, 76, 1, -1, -0.7853981633974483, 1.4142135623730951
146, 24, 26, 167, 25, 168, 1, -1, -0.7853981633974483, 1.4142135623730951
146, 27, 18, 58, 15, 58, 3, 0, 0.0, 3.0
147, 4, 26, 68, 25, 70, 1, -2, -1.1071487177940904, 2.23606797749979
147, 7, 72, 93, 71, 94, 1, -1, -0.7853981633974483, 1.4142135623730951
147, 9, 54, 179, 52, 180, 2, -1, -0.4636476090008061, 2.23606797749979
147, 13, 13, 158, 16, 158, -3, 0, 3.141592653589793, 3.0
147, 15, 54, 88, 53, 89, 1, -1, -0.7853981633974483, 1.4142135623730951
147, 16, 63, 74, 62, 75, 1, -1, -0.7853981633974483, 1.4142135623730951
147, 20, 17, 97, 16, 98, 1, -1, -0.7853981633974483, 1.4142135623730951
147, 23, 4, 73, 3, 74, 1, -1, -0.7853981633974483, 1.4142135623730951
147, 27, 20, 57, 18, 58, 2, -1, -0.4636476090008061, 2.23606797749979
148, 0, 15, 85, 14, 87, 1, -2, -1.1071487177940904, 2.23606797749979
148, 4, 24, 66, 26, 68, -2, -2, -2.356194490192345, 2.8284271247461903
148, 9, 57, 179, 54, 179, 3, 0, 0.0, 3.0
148, 14, 9, 105, 8, 106, 1, -1, -0.7853981633974483, 1.4142135623730951
148, 15, 55, 87, 54, 88, 1, -1, -0.7853981633974483, 1.4142135623730951
148, 17, 52, 73, 51, 74, 1, -1, -0.7853981633974483, 1.4142135623730951
148, 22, 80, 178, 79, 179, 1, -1, -0.7853981633974483, 1.4142135623730951
148, 26, 41, 68, 40, 69, 1, -1, -0.7853981633974483, 1.4142135623730951
148, 27, 23, 56, 20, 57, 3, -1, -0.3217505543966422, 3.1622776601683795
149, 0, 16, 83, 15, 85, 1, -2, -1.1071487177940904, 2.23606797749979
149, 9, 58, 180, 57, 179, 1, 1, 0.7853981633974483, 1.4142135623730951
149, 14, 10, 104, 9, 105, 1, -1, -0.7853981633974483, 1.4142135623730951
149, 20, 18, 95, 17, 96, 1, -1, -0.7853981633974483, 1.4142135623730951
149, 27, 24, 55, 23, 56, 1, -1, -0.7853981633974483, 1.4142135623730951
150, 7, 30, 168, 29, 169, 1, -1, -0.7853981633974483, 1.4142135623730951
150, 11, 40, 160, 39, 161, 1, -1, -0.7853981633974483, 1.4142135623730951
150, 12, 60, 169, 59, 170, 1, -1, -0.7853981633974483, 1.4142135623730951
150, 13, 19, 192, 18, 193, 1, -1, -0.7853981633974483, 1.4142135623730951
151, 6, 46, 200, 45, 201, 1, -1, -0.7853981633974483, 1.4142135623730951
151, 10, 55, 78, 54, 77, 1, 1, 0.7853981633974483, 1.4142135623730951
151, 15, 50, 181, 49, 182, 1, -1, -0.7853981633974483, 1.4142135623730951
152, 1, 16, 85, 15, 86, 1, -1, -0.7853981633974483, 1.4142135623730951
152, 2, 76, 164, 75, 165, 1, -1, -0.7853981633974483, 1.4142135623730951
152, 4, 47, 37, 46, 38, 1, -1, -0.7853981633974483, 1.4142135623730951
152, 8, 8, 106, 7, 107, 1, -1, -0.7853981633974483, 1.4142135623730951
152, 16, 55, 156, 54, 155, 1, 1, 0.7853981633974483, 1.4142135623730951
152, 20, 13, 157, 12, 158, 1, -1, -0.7853981633974483, 1.4142135623730951
153, 1, 17, 84, 16, 85, 1, -1, -0.7853981633974483, 1.4142135623730951
153, 4, 48, 36, 47, 37, 1, -1, -0.7853981633974483, 1.4142135623730951
153, 12, 62, 170, 61, 169, 1, 1, 0.7853981633974483, 1.4142135623730951
153, 21, 28, 145, 27, 146, 1, -1, -0.7853981633974483, 1.4142135623730951
154, 3, 73, 89, 73, 91, 0, -2, -1.5707963267948966, 2.0
154, 4, 49, 35, 48, 36, 1, -1, -0.7853981633974483, 1.4142135623730951
154, 21, 29, 144, 28, 145, 1, -1, -0.7853981633974483, 1.4142135623730951
155, 2, 27, 68, 26, 69, 1, -1, -0.7853981633974483, 1.4142135623730951
155, 8, 10, 106, 10, 108, 0, -2, -1.5707963267948966, 2.0
155, 13, 41, 161, 44, 161, -3, 0, 3.141592653589793, 3.0
156, 4, 49, 36, 48, 37, 1, -1, -0.7853981633974483, 1.4142135623730951
156, 5, 55, 56, 54, 57, 1, -1, -0.7853981633974483, 1.4142135623730951
156, 6, 42, 92, 41, 93, 1, -1, -0.7853981633974483, 1.4142135623730951
156, 7, 27, 36, 26, 37, 1, -1, -0.7853981633974483, 1.4142135623730951
156, 8, 11, 105, 10, 106, 1, -1, -0.7853981633974483, 1.4142135623730951
156, 11, 58, 155, 60, 156, -2, -1, -2.677945044588987, 2.23606797749979
156, 19, 54, 180, 53, 181, 1, -1, -0.7853981633974483, 1.4142135623730951
156, 21, 57, 74, 56, 75, 1, -1, -0.7853981633974483, 1.4142135623730951
157, 8, 9, 104, 11, 105, -2, -1, -2.677945044588987, 2.23606797749979
157, 11, 60, 153, 58, 155, 2, -2, -0.7853981633974483, 2.8284271247461903
157, 13, 42, 159, 41, 160, 1, -1, -0.7853981633974483, 1.4142135623730951
157, 20, 12, 72, 11, 73, 1, -1, -0.7853981633974483, 1.4142135623730951
157, 21, 58, 73, 57, 74, 1, -1, -0.7853981633974483, 1.4142135623730951
158, 2, 28, 66, 27, 67, 1, -1, -0.7853981633974483, 1.4142135623730951
158, 3, 80, 163, 79, 164, 1, -1, -0.7853981633974483, 1.4142135623730951
158, 6, 43, 90, 42, 91, 1, -1, -0.7853981633974483, 1.4142135623730951
158, 8, 9, 102, 9, 104, 0, -2, -1.5707963267948966, 2.0
158, 12, 43, 157, 42, 159, 1, -2, -1.1071487177940904, 2.23606797749979
158, 17, 24, 193, 23, 194, 1, -1, -0.7853981633974483, 1.4142135623730951
158, 19, 13, 71, 12, 72, 1, -1, -0.7853981633974483, 1.4142135623730951
158, 20, 59, 71, 58, 73, 1, -2, -1.1071487177940904, 2.23606797749979
159, 0, 19, 84, 17, 84, 2, 0, 0.0, 2.0
159, 1, 1, 69, 1, 71, 0, -2, -1.5707963267948966, 2.0
159, 9, 50, 198, 49, 199, 1, -1, -0.7853981633974483, 1.4142135623730951
159, 19, 15, 70, 13, 71, 2, -1, -0.4636476090008061, 2.23606797749979
159, 20, 60, 70, 59, 71, 1, -1, -0.7853981633974483, 1.4142135623730951
159, 21, 17, 159, 16, 160, 1, -1, -0.7853981633974483, 1.4142135623730951
160, 2, 60, 155, 59, 156, 1, -1, -0.7853981633974483, 1.4142135623730951
160, 5, 20, 85, 19, 86, 1, -1, -0.7853981633974483, 1.4142135623730951
160, 7, 3, 83, 2, 84, 1, -1, -0.7853981633974483, 1.4142135623730951
160, 8, 45, 160, 44, 161, 1, -1, -0.7853981633974483, 1.4142135623730951
160, 12, 56, 181, 55, 182, 1, -1, -0.7853981633974483, 1.4142135623730951
160, 13, 52, 200, 51, 201, 1, -1, -0.7853981633974483, 1.4142135623730951
160, 14, 20, 158, 19, 159, 1, -1, -0.7853981633974483, 1.4142135623730951
160, 22, 33, 83, 32, 84, 1, -1, -0.7853981633974483, 1.4142135623730951
160, 27, 60, 87, 59, 88, 1, -1, -0.7853981633974483, 1.4142135623730951
161, 1, 44, 92, 43, 93, 1, -1, -0.7853981633974483, 1.4142135623730951
161, 3, 12, 70, 11, 71, 1, -1, -0.7853981633974483, 1.4142135623730951
161, 7, 4, 82, 3, 83, 1, -1, -0.7853981633974483, 1.4142135623730951
161, 9, 80, 90, 79, 92, 1, -2, -1.1071487177940904, 2.23606797749979
161, 18, 57, 56, 56, 57, 1, -1, -0.7853981633974483, 1.4142135623730951
161, 24, 78, 58, 77, 59, 1, -1, -0.7853981633974483, 1.4142135623730951
162, 1, 45, 91, 44, 92, 1, -1, -0.7853981633974483, 1.4142135623730951
162, 6, 53, 36, 52, 37, 1, -1, -0.7853981633974483, 1.4142135623730951
162, 7, 5, 81, 4, 82, 1, -1, -0.7853981633974483, 1.4142135623730951
162, 12, 59, 181, 57, 181, 2, 0, 0.0, 2.0
162, 17, 59, 72, 58, 73, 1, -1, -0.7853981633974483, 1.4142135623730951
162, 22, 46, 133, 45, 134, 1, -1, -0.7853981633974483, 1.4142135623730951
163, 1, 46, 90, 45, 91, 1, -1, -0.7853981633974483, 1.4142135623730951
163, 2, 63, 156, 62, 155, 1, 1, 0.7853981633974483, 1.4142135623730951
163, 5, 19, 81, 20, 83, -1, -2, -2.0344439357957027, 2.23606797749979
163, 6, 56, 35, 53, 36, 3, -1, -0.3217505543966422, 3.1622776601683795
163, 9, 81, 89, 80, 90, 1, -1, -0.7853981633974483, 1.4142135623730951
163, 11, 31, 36, 29, 36, 2, 0, 0.0, 2.0
163, 12, 57, 183, 59, 181, -2, 2, 2.356194490192345, 2.8284271247461903
163, 13, 54, 199, 53, 200, 1, -1, -0.7853981633974483, 1.4142135623730951
163, 19, 8, 150, 7, 151, 1, -1, -0.7853981633974483, 1.4142135623730951
163, 24, 80, 57, 79, 58, 1, -1, -0.7853981633974483, 1.4142135623730951
164, 2, 61, 158, 63, 156, -2, 2, 2.356194490192345, 2.8284271247461903
164, 3, 13, 68, 12, 69, 1, -1, -0.7853981633974483, 1.4142135623730951
164, 8, 82, 88, 81, 89, 1, -1, -0.7853981633974483, 1.4142135623730951
164, 13, 20, 160, 23, 158, -3, 2, 2.5535900500422257, 3.605551275463989
164, 19, 43, 183, 42, 184, 1, -1, -0.7853981633974483, 1.4142135623730951
165, 3, 23, 85, 22, 84, 1, 1, 0.7853981633974483, 1.4142135623730951
165, 4, 61, 60, 60, 59, 1, 1, 0.7853981633974483, 1.4142135623730951
165, 7, 47, 92, 46, 93, 1, -1, -0.7853981633974483, 1.4142135623730951
165, 15, 60, 72, 59, 73, 1, -1, -0.7853981633974483, 1.4142135623730951
165, 16, 59, 182, 58, 183, 1, -1, -0.7853981633974483, 1.4142135623730951
165, 17, 61, 158, 65, 157, -4, 1, 2.896613990462929, 4.123105625617661
165, 22, 6, 83, 5, 84, 1, -1, -0.7853981633974483, 1.4142135623730951
165, 24, 60, 160, 56, 160, 4, 0, 0.0, 4.0
166, 1, 82, 88, 81, 89, 1, -1, -0.7853981633974483, 1.4142135623730951
166, 3, 24, 84, 23, 85, 1, -1, -0.7853981633974483, 1.4142135623730951
166, 4, 62, 59, 61, 60, 1, -1, -0.7853981633974483, 1.4142135623730951
166, 12, 48, 162, 47, 163, 1, -1, -0.7853981633974483, 1.4142135623730951
166, 21, 28, 193, 27, 194, 1, -1, -0.7853981633974483, 1.4142135623730951
167, 2, 31, 67, 30, 68, 1, -1, -0.7853981633974483, 1.4142135623730951
167, 5, 86, 164, 84, 164, 2, 0, 0.0, 2.0
167, 6, 33, 37, 32, 38, 1, -1, -0.7853981633974483, 1.4142135623730951
167, 7, 48, 90, 47, 91, 1, -1, -0.7853981633974483, 1.4142135623730951
167, 15, 61, 71, 60, 72, 1, -1, -0.7853981633974483, 1.4142135623730951
167, 16, 60, 181, 59, 182, 1, -1, -0.7853981633974483, 1.4142135623730951
167, 17, 60, 160, 61, 158, -1, 2, 2.0344439357957027, 2.23606797749979
167, 24, 62, 159, 61, 160, 1, -1, -0.7853981633974483, 1.4142135623730951
167, 25, 21, 159, 20, 160, 1, -1, -0.7853981633974483, 1.4142135623730951
167, 26, 33, 78, 32, 79, 1, -1, -0.7853981633974483, 1.4142135623730951
168, 1, 84, 86, 82, 87, 2, -1, -0.4636476090008061, 2.23606797749979
168, 3, 25, 82, 24, 83, 1, -1, -0.7853981633974483, 1.4142135623730951
168, 5, 88, 164, 86, 164, 2, 0, 0.0, 2.0
168, 20, 6, 153, 7, 152, -1, 1, 2.356194490192345, 1.4142135623730951
169, 3, 26, 81, 25, 82, 1, -1, -0.7853981633974483, 1.4142135623730951
169, 4, 64, 57, 63, 58, 1, -1, -0.7853981633974483, 1.4142135623730951
169, 5, 86, 163, 88, 164, -2, -1, -2.677945044588987, 2.23606797749979
169, 15, 62, 69, 61, 70, 1, -1, -0.7853981633974483, 1.4142135623730951
169, 24, 63, 158, 62, 159, 1, -1, -0.7853981633974483, 1.4142135623730951
169, 25, 23, 158, 22, 159, 1, -1, -0.7853981633974483, 1.4142135623730951
170, 0, 24, 82, 23, 83, 1, -1, -0.7853981633974483, 1.4142135623730951
170, 3, 11, 37, 10, 38, 1, -1, -0.7853981633974483, 1.4142135623730951
170, 4, 35, 69, 34, 70, 1, -1, -0.7853981633974483, 1.4142135623730951
170, 6, 58, 37, 57, 38, 1, -1, -0.7853981633974483, 1.4142135623730951
170, 10, 66, 159, 64, 159, 2, 0, 0.0, 2.0
170, 25, 30, 193, 29, 194, 1, -1, -0.7853981633974483, 1.4142135623730951
171, 0, 25, 81, 24, 82, 1, -1, -0.7853981633974483, 1.4142135623730951
171, 3, 12, 36, 11, 37, 1, -1, -0.7853981633974483, 1.4142135623730951
171, 6, 59, 36, 58, 37, 1, -1, -0.7853981633974483, 1.4142135623730951
171, 7, 88, 166, 87, 167, 1, -1, -0.7853981633974483, 1.4142135623730951
171, 20, 71, 170, 70, 171, 1, -1, -0.7853981633974483, 1.4142135623730951
171, 25, 31, 192, 30, 193, 1, -1, -0.7853981633974483, 1.4142135623730951
172, 1, 12, 69, 11, 70, 1, -1, -0.7853981633974483, 1.4142135623730951
172, 2, 86, 86, 85, 87, 1, -1, -0.7853981633974483, 1.4142135623730951
172, 5, 36, 35, 35, 36, 1, -1, -0.7853981633974483, 1.4142135623730951
172, 6, 60, 35, 59, 36, 1, -1, -0.7853981633974483, 1.4142135623730951
172, 9, 60, 200, 59, 201, 1, -1, -0.7853981633974483, 1.4142135623730951
172, 14, 62, 70, 61, 71, 1, -1, -0.7853981633974483, 1.4142135623730951
172, 16, 47, 184, 46, 185, 1, -1, -0.7853981633974483, 1.4142135623730951
172, 18, 6, 134, 5, 135, 1, -1, -0.7853981633974483, 1.4142135623730951
172, 22, 10, 196, 9, 197, 1, -1, -0.7853981633974483, 1.4142135623730951
172, 24, 33, 191, 31, 192, 2, -1, -0.4636476090008061, 2.23606797749979
173, 0, 26, 80, 25, 81, 1, -1, -0.7853981633974483, 1.4142135623730951
173, 2, 87, 84, 86, 86, 1, -2, -1.1071487177940904, 2.23606797749979
173, 5, 37, 34, 36, 35, 1, -1, -0.7853981633974483, 1.4142135623730951
173, 9, 61, 199, 60, 200, 1, -1, -0.7853981633974483, 1.4142135623730951
173, 12, 7, 81, 6, 82, 1, -1, -0.7853981633974483, 1.4142135623730951
173, 13, 62, 182, 61, 183, 1, -1, -0.7853981633974483, 1.4142135623730951
173, 15, 29, 160, 27, 160, 2, 0, 0.0, 2.0
173, 19, 73, 171, 72, 170, 1, 1, 0.7853981633974483, 1.4142135623730951
173, 22, 12, 196, 10, 196, 2, 0, 0.0, 2.0
173, 24, 35, 191, 33, 191, 2, 0, 0.0, 2.0
174, 2, 88, 83, 87, 84, 1, -1, -0.7853981633974483, 1.4142135623730951
174, 5, 38, 33, 37, 34, 1, -1, -0.7853981633974483, 1.4142135623730951
174, 6, 61, 33, 60, 34, 1, -1, -0.7853981633974483, 1.4142135623730951
174, 9, 62, 198, 61, 199, 1, -1, -0.7853981633974483, 1.4142135623730951
174, 12, 8, 80, 7, 81, 1, -1, -0.7853981633974483, 1.4142135623730951
174, 13, 63, 181, 62, 182, 1, -1, -0.7853981633974483, 1.4142135623730951
174, 14, 64, 70, 62, 70, 2, 0, 0.0, 2.0
174, 15, 31, 160, 29, 160, 2, 0, 0.0, 2.0
174, 22, 15, 195, 12, 196, 3, -1, -0.3217505543966422, 3.1622776601683795
175, 4, 39, 37, 38, 38, 1, -1, -0.7853981633974483, 1.4142135623730951
175, 18, 65, 56, 64, 57, 1, -1, -0.7853981633974483, 1.4142135623730951
175, 23, 30, 161, 29, 160, 1, 1, 0.7853981633974483, 1.4142135623730951
175, 24, 67, 86, 66, 87, 1, -1, -0.7853981633974483, 1.4142135623730951
176, 4, 40, 36, 39, 37, 1, -1, -0.7853981633974483, 1.4142135623730951
176, 5, 62, 37, 61, 38, 1, -1, -0.7853981633974483, 1.4142135623730951
176, 13, 51, 88, 50, 89, 1, -1, -0.7853981633974483, 1.4142135623730951
176, 14, 61, 199, 60, 200, 1, -1, -0.7853981633974483, 1.4142135623730951
176, 17, 66, 71, 66, 73, 0, -2, -1.5707963267948966, 2.0
177, 8, 55, 162, 53, 163, 2, -1, -0.4636476090008061, 2.23606797749979
177, 14, 62, 198, 61, 199, 1, -1, -0.7853981633974483, 1.4142135623730951
177, 15, 70, 158, 69, 159, 1, -1, -0.7853981633974483, 1.4142135623730951
177, 16, 74, 172, 73, 173, 1, -1, -0.7853981633974483, 1.4142135623730951
177, 17, 67, 70, 66, 71, 1, -1, -0.7853981633974483, 1.4142135623730951
178, 8, 57, 162, 55, 162, 2, 0, 0.0, 2.0
178, 10, 87, 84, 86, 85, 1, -1, -0.7853981633974483, 1.4142135623730951
178, 14, 63, 197, 62, 198, 1, -1, -0.7853981633974483, 1.4142135623730951
178, 17, 67, 68, 67, 70, 0, -2, -1.5707963267948966, 2.0
178, 24, 68, 83, 67, 84, 1, -1, -0.7853981633974483, 1.4142135623730951
178, 25, 77, 69, 76, 71, 1, -2, -1.1071487177940904, 2.23606797749979
179, 8, 59, 162, 57, 162, 2, 0, 0.0, 2.0
179, 13, 52, 84, 51, 86, 1, -2, -1.1071487177940904, 2.23606797749979
179, 17, 68, 67, 67, 68, 1, -1, -0.7853981633974483, 1.4142135623730951
179, 21, 67, 182, 65, 181, 2, 1, 0.4636476090008061, 2.23606797749979
179, 24, 69, 82, 68, 83, 1, -1, -0.7853981633974483, 1.4142135623730951
180, 1, 27, 80, 26, 81, 1, -1, -0.7853981633974483, 1.4142135623730951
180, 10, 53, 166, 56, 164, -3, 2, 2.5535900500422257, 3.605551275463989
180, 13, 65, 185, 67, 182, -2, 3, 2.158798930342464, 3.605551275463989
180, 14, 66, 55, 65, 56, 1, -1, -0.7853981633974483, 1.4142135623730951
180, 19, 91, 59, 90, 60, 1, -1, -0.7853981633974483, 1.4142135623730951
180, 23, 54, 67, 53, 68, 1, -1, -0.7853981633974483, 1.4142135623730951
180, 31, 11, 172, 10, 173, 1, -1, -0.7853981633974483, 1.4142135623730951
181, 26, 52, 184, 51, 185, 1, -1, -0.7853981633974483, 1.4142135623730951
182, 0, 54, 88, 53, 89, 1, -1, -0.7853981633974483, 1.4142135623730951
182, 4, 64, 36, 63, 37, 1, -1, -0.7853981633974483, 1.4142135623730951
182, 5, 22, 102, 21, 103, 1, -1, -0.7853981633974483, 1.4142135623730951
182, 9, 91, 82, 90, 83, 1, -1, -0.7853981633974483, 1.4142135623730951
182, 14, 67, 54, 66, 55, 1, -1, -0.7853981633974483, 1.4142135623730951
182, 20, 29, 159, 28, 160, 1, -1, -0.7853981633974483, 1.4142135623730951
183, 11, 16, 67, 15, 68, 1, -1, -0.7853981633974483, 1.4142135623730951
183, 18, 0, 96, 4, 95, -4, 1, 2.896613990462929, 4.123105625617661
183, 25, 36, 192, 35, 193, 1, -1, -0.7853981633974483, 1.4142135623730951
184, 1, 29, 77, 28, 78, 1, -1, -0.7853981633974483, 1.4142135623730951
184, 4, 66, 36, 64, 36, 2, 0, 0.0, 2.0
184, 5, 23, 100, 22, 101, 1, -1, -0.7853981633974483, 1.4142135623730951
184, 7, 42, 36, 41, 37, 1, -1, -0.7853981633974483, 1.4142135623730951
184, 14, 69, 52, 67, 53, 2, -1, -0.4636476090008061, 2.23606797749979
184, 18, 94, 57, 93, 58, 1, -1, -0.7853981633974483, 1.4142135623730951
184, 24, 37, 191, 36, 192, 1, -1, -0.7853981633974483, 1.4142135623730951
184, 25, 53, 182, 52, 183, 1, -1, -0.7853981633974483, 1.4142135623730951
185, 2, 10, 137, 9, 138, 1, -1, -0.7853981633974483, 1.4142135623730951
185, 8, 67, 200, 66, 201, 1, -1, -0.7853981633974483, 1.4142135623730951
185, 10, 58, 167, 57, 166, 1, 1, 0.7853981633974483, 1.4142135623730951
185, 21, 70, 70, 69, 71, 1, -1, -0.7853981633974483, 1.4142135623730951
185, 25, 79, 171, 78, 172, 1, -1, -0.7853981633974483, 1.4142135623730951
186, 2, 11, 136, 10, 137, 1, -1, -0.7853981633974483, 1.4142135623730951
186, 4, 18, 37, 17, 38, 1, -1, -0.7853981633974483, 1.4142135623730951
186, 6, 26, 102, 25, 103, 1, -1, -0.7853981633974483, 1.4142135623730951
186, 12, 93, 81, 93, 83, 0, -2, -1.5707963267948966, 2.0
186, 15, 5, 146, 4, 147, 1, -1, -0.7853981633974483, 1.4142135623730951
186, 20, 45, 171, 44, 172, 1, -1, -0.7853981633974483, 1.4142135623730951
186, 24, 39, 193, 38, 194, 1, -1, -0.7853981633974483, 1.4142135623730951
187, 3, 68, 36, 67, 37, 1, -1, -0.7853981633974483, 1.4142135623730951
187, 18, 71, 56, 70, 57, 1, -1, -0.7853981633974483, 1.4142135623730951
187, 24, 40, 192, 39, 193, 1, -1, -0.7853981633974483, 1.4142135623730951
188, 9, 56, 85, 55, 86, 1, -1, -0.7853981633974483, 1.4142135623730951
189, 2, 12, 135, 11, 136, 1, -1, -0.7853981633974483, 1.4142135623730951
189, 3, 70, 35, 69, 36, 1, -1, -0.7853981633974483, 1.4142135623730951
189, 12, 93, 77, 93, 79, 0, -2, -1.5707963267948966, 2.0
189, 14, 6, 159, 5, 160, 1, -1, -0.7853981633974483, 1.4142135623730951
189, 20, 71, 67, 70, 68, 1, -1, -0.7853981633974483, 1.4142135623730951
189, 21, 72, 80, 71, 81, 1, -1, -0.7853981633974483, 1.4142135623730951
190, 3, 70, 37, 69, 38, 1, -1, -0.7853981633974483, 1.4142135623730951
190, 15, 61, 165, 60, 166, 1, -1, -0.7853981633974483, 1.4142135623730951
190, 18, 6, 95, 6, 97, 0, -2, -1.5707963267948966, 2.0
190, 28, 46, 80, 45, 81, 1, -1, -0.7853981633974483, 1.4142135623730951
191, 1, 21, 83, 19, 83, 2, 0, 0.0, 2.0
191, 4, 47, 36, 46, 37, 1, -1, -0.7853981633974483, 1.4142135623730951
191, 5, 98, 168, 97, 169, 1, -1, -0.7853981633974483, 1.4142135623730951
191, 7, 77, 159, 76, 160, 1, -1, -0.7853981633974483, 1.4142135623730951
191, 12, 21, 37, 20, 38, 1, -1, -0.7853981633974483, 1.4142135623730951
191, 13, 24, 100, 23, 101, 1, -1, -0.7853981633974483, 1.4142135623730951
191, 18, 7, 94, 6, 95, 1, -1, -0.7853981633974483, 1.4142135623730951
192, 3, 71, 35, 70, 36, 1, -1, -0.7853981633974483, 1.4142135623730951
192, 4, 48, 35, 47, 36, 1, -1, -0.7853981633974483, 1.4142135623730951
192, 5, 99, 167, 98, 168, 1, -1, -0.7853981633974483, 1.4142135623730951
192, 6, 6, 69, 4, 69, 2, 0, 0.0, 2.0
192, 18, 8, 92, 7, 94, 1, -2, -1.1071487177940904, 2.23606797749979
192, 19, 37, 160, 35, 161, 2, -1, -0.4636476090008061, 2.23606797749979
192, 23, 74, 81, 73, 82, 1, -1, -0.7853981633974483, 1.4142135623730951
192, 25, 83, 171, 82, 172, 1, -1, -0.7853981633974483, 1.4142135623730951
193, 1, 23, 82, 22, 83, 1, -1, -0.7853981633974483, 1.4142135623730951
194, 1, 26, 81, 23, 82, 3, -1, -0.3217505543966422, 3.1622776601683795
194, 7, 73, 199, 72, 200, 1, -1, -0.7853981633974483, 1.4142135623730951
194, 11, 22, 35, 21, 36, 1, -1, -0.7853981633974483, 1.4142135623730951
194, 13, 59, 83, 58, 84, 1, -1, -0.7853981633974483, 1.4142135623730951
194, 19, 95, 78, 94, 80, 1, -2, -1.1071487177940904, 2.23606797749979
194, 23, 59, 182, 57, 183, 2, -1, -0.4636476090008061, 2.23606797749979
194, 24, 85, 172, 84, 171, 1, 1, 0.7853981633974483, 1.4142135623730951
195, 10, 10, 148, 9, 149, 1, -1, -0.7853981633974483, 1.4142135623730951
195, 14, 101, 168, 100, 169, 1, -1, -0.7853981633974483, 1.4142135623730951
195, 21, 98, 80, 97, 81, 1, -1, -0.7853981633974483, 1.4142135623730951
195, 22, 19, 81, 18, 82, 1, -1, -0.7853981633974483, 1.4142135623730951
195, 24, 37, 161, 36, 162, 1, -1, -0.7853981633974483, 1.4142135623730951
195, 26, 29, 80, 27, 80, 2, 0, 0.0, 2.0
195, 33, 18, 171, 17, 172, 1, -1, -0.7853981633974483, 1.4142135623730951
195, 34, 60, 68, 59, 69, 1, -1, -0.7853981633974483, 1.4142135623730951
196, 1, 37, 80, 36, 81, 1, -1, -0.7853981633974483, 1.4142135623730951
196, 9, 74, 199, 73, 200, 1, -1, -0.7853981633974483, 1.4142135623730951
196, 13, 23, 37, 22, 38, 1, -1, -0.7853981633974483, 1.4142135623730951
196, 15, 76, 185, 75, 184, 1, 1, 0.7853981633974483, 1.4142135623730951
196, 16, 27, 98, 26, 99, 1, -1, -0.7853981633974483, 1.4142135623730951
196, 21, 99, 79, 98, 80, 1, -1, -0.7853981633974483, 1.4142135623730951
196, 26, 30, 79, 29, 80, 1, -1, -0.7853981633974483, 1.4142135623730951
196, 29, 6, 135, 4, 135, 2, 0, 0.0, 2.0
197, 9, 75, 198, 74, 199, 1, -1, -0.7853981633974483, 1.4142135623730951
197, 11, 6, 93, 5, 94, 1, -1, -0.7853981633974483, 1.4142135623730951
197, 29, 8, 136, 6, 135, 2, 1, 0.4636476090008061, 2.23606797749979
197, 31, 13, 184, 12, 186, 1, -2, -1.1071487177940904, 2.23606797749979
197, 32, 53, 153, 52, 154, 1, -1, -0.7853981633974483, 1.4142135623730951
197, 36, 87, 67, 86, 68, 1, -1, -0.7853981633974483, 1.4142135623730951
198, 2, 45, 67, 44, 68, 1, -1, -0.7853981633974483, 1.4142135623730951
198, 4, 78, 160, 77, 161, 1, -1, -0.7853981633974483, 1.4142135623730951
198, 5, 64, 163, 64, 167, 0, -4, -1.5707963267948966, 4.0
198, 6, 74, 36, 72, 37, 2, -1, -0.4636476090008061, 2.23606797749979
198, 7, 27, 65, 26, 66, 1, -1, -0.7853981633974483, 1.4142135623730951
198, 8, 16, 137, 15, 138, 1, -1, -0.7853981633974483, 1.4142135623730951
198, 12, 51, 36, 49, 36, 2, 0, 0.0, 2.0
198, 14, 103, 167, 102, 168, 1, -1, -0.7853981633974483, 1.4142135623730951
198, 16, 29, 96, 27, 97, 2, -1, -0.4636476090008061, 2.23606797749979
198, 21, 100, 78, 99, 79, 1, -1, -0.7853981633974483, 1.4142135623730951
198, 23, 78, 54, 77, 55, 1, -1, -0.7853981633974483, 1.4142135623730951
198, 25, 79, 80, 78, 81, 1, -1, -0.7853981633974483, 1.4142135623730951
198, 27, 21, 195, 20, 196, 1, -1, -0.7853981633974483, 1.4142135623730951
198, 29, 8, 140, 8, 136, 0, 4, 1.5707963267948966, 4.0
199, 2, 46, 66, 45, 67, 1, -1, -0.7853981633974483, 1.4142135623730951
199, 5, 65, 162, 64, 163, 1, -1, -0.7853981633974483, 1.4142135623730951
199, 7, 28, 64, 27, 65, 1, -1, -0.7853981633974483, 1.4142135623730951
199, 9, 77, 197, 76, 198, 1, -1, -0.7853981633974483, 1.4142135623730951
199, 15, 77, 184, 76, 185, 1, -1, -0.7853981633974483, 1.4142135623730951
199, 16, 30, 95, 29, 96, 1, -1, -0.7853981633974483, 1.4142135623730951
199, 19, 48, 196, 47, 197, 1, -1, -0.7853981633974483, 1.4142135623730951
200, 0, 3, 134, 2, 135, 1, -1, -0.7853981633974483, 1.4142135623730951
200, 6, 66, 166, 65, 167, 1, -1, -0.7853981633974483, 1.4142135623730951
200, 7, 9, 95, 8, 96, 1, -1, -0.7853981633974483, 1.4142135623730951
200, 8, 27, 68, 26, 69, 1, -1, -0.7853981633974483, 1.4142135623730951
200, 11, 48, 66, 47, 67, 1, -1, -0.7853981633974483, 1.4142135623730951
200, 12, 40, 80, 39, 81, 1, -1, -0.7853981633974483, 1.4142135623730951
200, 15, 80, 160, 79, 161, 1, -1, -0.7853981633974483, 1.4142135623730951
200, 20, 39, 161, 38, 162, 1, -1, -0.7853981633974483, 1.4142135623730951
200, 22, 23, 197, 22, 198, 1, -1, -0.7853981633974483, 1.4142135623730951
201, 4, 80, 59, 79, 58, 1, 1, 0.7853981633974483, 1.4142135623730951
201, 21, 102, 79, 101, 80, 1, -1, -0.7853981633974483, 1.4142135623730951
201, 22, 24, 196, 23, 197, 1, -1, -0.7853981633974483, 1.4142135623730951
201, 23, 80, 81, 79, 82, 1, -1, -0.7853981633974483, 1.4142135623730951
202, 4, 81, 58, 80, 59, 1, -1, -0.7853981633974483, 1.4142135623730951
202, 19, 29, 97, 28, 98, 1, -1, -0.7853981633974483, 1.4142135623730951
202, 20, 42, 160, 40, 161, 2, -1, -0.4636476090008061, 2.23606797749979
202, 21, 103, 78, 102, 79, 1, -1, -0.7853981633974483, 1.4142135623730951
202, 22, 26, 196, 24, 196, 2, 0, 0.0, 2.0
202, 24, 21, 80, 20, 81, 1, -1, -0.7853981633974483, 1.4142135623730951
203, 1, 77, 37, 76, 38, 1, -1, -0.7853981633974483, 1.4142135623730951
203, 6, 70, 166, 68, 166, 2, 0, 0.0, 2.0
203, 20, 46, 160, 42, 160, 4, 0, 0.0, 4.0
203, 22, 29, 195, 26, 196, 3, -1, -0.3217505543966422, 3.1622776601683795
203, 24, 22, 79, 21, 80, 1, -1, -0.7853981633974483, 1.4142135623730951
204, 1, 78, 36, 77, 37, 1, -1, -0.7853981633974483, 1.4142135623730951
204, 6, 73, 166, 70, 166, 3, 0, 0.0, 3.0
204, 7, 10, 91, 9, 92, 1, -1, -0.7853981633974483, 1.4142135623730951
204, 11, 38, 76, 40, 77, -2, -1, -2.677945044588987, 2.23606797749979
204, 13, 25, 35, 24, 36, 1, -1, -0.7853981633974483, 1.4142135623730951
204, 19, 49, 160, 46, 160, 3, 0, 0.0, 3.0
204, 21, 32, 194, 29, 195, 3, -1, -0.3217505543966422, 3.1622776601683795
205, 3, 66, 85, 65, 86, 1, -1, -0.7853981633974483, 1.4142135623730951
205, 31, 82, 82, 81, 83, 1, -1, -0.7853981633974483, 1.4142135623730951
206, 3, 67, 84, 66, 85, 1, -1, -0.7853981633974483, 1.4142135623730951
206, 9, 54, 37, 53, 38, 1, -1, -0.7853981633974483, 1.4142135623730951
206, 10, 105, 77, 104, 78, 1, -1, -0.7853981633974483, 1.4142135623730951
206, 30, 83, 81, 82, 82, 1, -1, -0.7853981633974483, 1.4142135623730951
206, 31, 29, 157, 27, 158, 2, -1, -0.4636476090008061, 2.23606797749979
207, 16, 69, 145, 68, 146, 1, -1, -0.7853981633974483, 1.4142135623730951
207, 19, 34, 96, 33, 97, 1, -1, -0.7853981633974483, 1.4142135623730951
207, 24, 66, 184, 65, 185, 1, -1, -0.7853981633974483, 1.4142135623730951
207, 25, 6, 199, 5, 200, 1, -1, -0.7853981633974483, 1.4142135623730951
207, 29, 109, 58, 108, 59, 1, -1, -0.7853981633974483, 1.4142135623730951
207, 30, 84, 80, 83, 81, 1, -1, -0.7853981633974483, 1.4142135623730951
208, 1, 14, 92, 13, 93, 1, -1, -0.7853981633974483, 1.4142135623730951
208, 4, 80, 34, 79, 35, 1, -1, -0.7853981633974483, 1.4142135623730951
208, 28, 53, 75, 52, 76, 1, -1, -0.7853981633974483, 1.4142135623730951
209, 4, 81, 33, 80, 34, 1, -1, -0.7853981633974483, 1.4142135623730951
209, 7, 79, 198, 78, 199, 1, -1, -0.7853981633974483, 1.4142135623730951
209, 14, 109, 169, 108, 170, 1, -1, -0.7853981633974483, 1.4142135623730951
209, 17, 83, 55, 82, 56, 1, -1, -0.7853981633974483, 1.4142135623730951
209, 18, 76, 167, 74, 167, 2, 0, 0.0, 2.0
209, 19, 35, 94, 34, 95, 1, -1, -0.7853981633974483, 1.4142135623730951
209, 29, 112, 58, 110, 58, 2, 0, 0.0, 2.0
210, 1, 81, 37, 80, 38, 1, -1, -0.7853981633974483, 1.4142135623730951
210, 3, 7, 176, 6, 177, 1, -1, -0.7853981633974483, 1.4142135623730951
210, 6, 59, 36, 58, 37, 1, -1, -0.7853981633974483, 1.4142135623730951
210, 7, 14, 93, 13, 94, 1, -1, -0.7853981633974483, 1.4142135623730951
210, 8, 69, 84, 68, 85, 1, -1, -0.7853981633974483, 1.4142135623730951
210, 17, 106, 76, 105, 77, 1, -1, -0.7853981633974483, 1.4142135623730951
210, 27, 53, 195, 52, 196, 1, -1, -0.7853981633974483, 1.4142135623730951
210, 30, 44, 53, 43, 54, 1, -1, -0.7853981633974483, 1.4142135623730951
211, 12, 31, 37, 30, 38, 1, -1, -0.7853981633974483, 1.4142135623730951
211, 17, 107, 75, 106, 76, 1, -1, -0.7853981633974483, 1.4142135623730951
211, 21, 82, 183, 81, 185, 1, -2, -1.1071487177940904, 2.23606797749979
211, 26, 85, 54, 84, 56, 1, -2, -1.1071487177940904, 2.23606797749979
212, 7, 14, 90, 14, 92, 0, -2, -1.5707963267948966, 2.0
212, 8, 69, 82, 69, 84, 0, -2, -1.5707963267948966, 2.0
212, 14, 14, 42, 13, 43, 1, -1, -0.7853981633974483, 1.4142135623730951
212, 15, 84, 200, 83, 201, 1, -1, -0.7853981633974483, 1.4142135623730951
212, 17, 108, 74, 107, 75, 1, -1, -0.7853981633974483, 1.4142135623730951
212, 19, 27, 80, 26, 81, 1, -1, -0.7853981633974483, 1.4142135623730951
212, 21, 84, 182, 82, 183, 2, -1, -0.4636476090008061, 2.23606797749979
213, 3, 10, 175, 9, 176, 1, -1, -0.7853981633974483, 1.4142135623730951
213, 8, 70, 81, 69, 82, 1, -1, -0.7853981633974483, 1.4142135623730951
213, 21, 88, 181, 84, 182, 4, -1, -0.24497866312686414, 4.123105625617661
213, 24, 96, 171, 95, 172, 1, -1, -0.7853981633974483, 1.4142135623730951
213, 26, 86, 52, 85, 53, 1, -1, -0.7853981633974483, 1.4142135623730951
213, 27, 56, 194, 55, 195, 1, -1, -0.7853981633974483, 1.4142135623730951
213, 30, 46, 51, 45, 52, 1, -1, -0.7853981633974483, 1.4142135623730951
214, 2, 42, 74, 41, 75, 1, -1, -0.7853981633974483, 1.4142135623730951
214, 5, 35, 94, 34, 95, 1, -1, -0.7853981633974483, 1.4142135623730951
214, 7, 15, 88, 14, 89, 1, -1, -0.7853981633974483, 1.4142135623730951
214, 19, 28, 79, 27, 80, 1, -1, -0.7853981633974483, 1.4142135623730951
214, 21, 90, 180, 88, 181, 2, -1, -0.4636476090008061, 2.23606797749979
214, 25, 9, 196, 8, 197, 1, -1, -0.7853981633974483, 1.4142135623730951
214, 27, 57, 193, 56, 194, 1, -1, -0.7853981633974483, 1.4142135623730951
214, 28, 72, 146, 71, 147, 1, -1, -0.7853981633974483, 1.4142135623730951
215, 26, 95, 174, 94, 175, 1, -1, -0.7853981633974483, 1.4142135623730951
215, 30, 24, 185, 23, 186, 1, -1, -0.7853981633974483, 1.4142135623730951
215, 31, 82, 66, 82, 68, 0, -2, -1.5707963267948966, 2.0
215, 33, 15, 42, 14, 43, 1, -1, -0.7853981633974483, 1.4142135623730951
215, 34, 89, 183, 86, 184, 3, -1, -0.3217505543966422, 3.1622776601683795
216, 5, 110, 74, 109, 75, 1, -1, -0.7853981633974483, 1.4142135623730951
216, 10, 25, 141, 24, 142, 1, -1, -0.7853981633974483, 1.4142135623730951
216, 18, 86, 201, 85, 202, 1, -1, -0.7853981633974483, 1.4142135623730951
216, 21, 57, 198, 56, 196, 1, 2, 1.1071487177940904, 2.23606797749979
216, 25, 86, 165, 85, 164, 1, 1, 0.7853981633974483, 1.4142135623730951
216, 34, 91, 183, 89, 183, 2, 0, 0.0, 2.0
216, 38, 71, 186, 70, 187, 1, -1, -0.7853981633974483, 1.4142135623730951
217, 3, 14, 66, 13, 67, 1, -1, -0.7853981633974483, 1.4142135623730951
217, 21, 58, 197, 57, 198, 1, -1, -0.7853981633974483, 1.4142135623730951
217, 30, 25, 184, 24, 185, 1, -1, -0.7853981633974483, 1.4142135623730951
218, 1, 45, 76, 44, 77, 1, -1, -0.7853981633974483, 1.4142135623730951
218, 5, 111, 72, 110, 73, 1, -1, -0.7853981633974483, 1.4142135623730951
218, 6, 71, 79, 70, 80, 1, -1, -0.7853981633974483, 1.4142135623730951
218, 7, 9, 175, 8, 176, 1, -1, -0.7853981633974483, 1.4142135623730951
218, 18, 88, 200, 87, 201, 1, -1, -0.7853981633974483, 1.4142135623730951
218, 23, 46, 164, 45, 165, 1, -1, -0.7853981633974483, 1.4142135623730951
219, 5, 112, 71, 111, 72, 1, -1, -0.7853981633974483, 1.4142135623730951
219, 17, 89, 199, 88, 200, 1, -1, -0.7853981633974483, 1.4142135623730951
219, 19, 59, 156, 58, 157, 1, -1, -0.7853981633974483, 1.4142135623730951
219, 30, 83, 63, 82, 64, 1, -1, -0.7853981633974483, 1.4142135623730951
219, 32, 17, 39, 16, 40, 1, -1, -0.7853981633974483, 1.4142135623730951
219, 36, 29, 79, 28, 80, 1, -1, -0.7853981633974483, 1.4142135623730951
220, 5, 34, 80, 33, 81, 1, -1, -0.7853981633974483, 1.4142135623730951
220, 14, 113, 73, 112, 74, 1, -1, -0.7853981633974483, 1.4142135623730951
220, 26, 47, 164, 49, 164, -2, 0, 3.141592653589793, 2.0
220, 27, 6, 185, 5, 186, 1, -1, -0.7853981633974483, 1.4142135623730951
220, 34, 32, 199, 35, 198, -3, 1, 2.819842099193151, 3.1622776601683795
221, 5, 36, 80, 34, 80, 2, 0, 0.0, 2.0
221, 35, 100, 174, 99, 175, 1, -1, -0.7853981633974483, 1.4142135623730951
222, 0, 47, 75, 46, 76, 1, -1, -0.7853981633974483, 1.4142135623730951
222, 1, 55, 62, 54, 63, 1, -1, -0.7853981633974483, 1.4142135623730951
222, 5, 38, 80, 36, 80, 2, 0, 0.0, 2.0
222, 12, 92, 55, 91, 56, 1, -1, -0.7853981633974483, 1.4142135623730951
222, 14, 114, 71, 113, 72, 1, -1, -0.7853981633974483, 1.4142135623730951
222, 18, 38, 93, 37, 94, 1, -1, -0.7853981633974483, 1.4142135623730951
222, 23, 76, 169, 75, 170, 1, -1, -0.7853981633974483, 1.4142135623730951
222, 27, 7, 186, 6, 185, 1, 1, 0.7853981633974483, 1.4142135623730951
222, 31, 60, 196, 59, 197, 1, -1, -0.7853981633974483, 1.4142135623730951
222, 33, 55, 88, 54, 89, 1, -1, -0.7853981633974483, 1.4142135623730951
222, 34, 33, 198, 32, 199, 1, -1, -0.7853981633974483, 1.4142135623730951
223, 0, 48, 74, 47, 75, 1, -1, -0.7853981633974483, 1.4142135623730951
223, 1, 56, 60, 55, 62, 1, -2, -1.1071487177940904, 2.23606797749979
223, 3, 17, 139, 15, 137, 2, 2, 0.7853981633974483, 2.8284271247461903
223, 5, 40, 79, 38, 80, 2, -1, -0.4636476090008061, 2.23606797749979
223, 8, 116, 168, 114, 169, 2, -1, -0.4636476090008061, 2.23606797749979
223, 10, 19, 89, 18, 90, 1, -1, -0.7853981633974483, 1.4142135623730951
223, 11, 93, 54, 92, 55, 1, -1, -0.7853981633974483, 1.4142135623730951
223, 14, 13, 176, 12, 177, 1, -1, -0.7853981633974483, 1.4142135623730951
224, 0, 49, 73, 48, 74, 1, -1, -0.7853981633974483, 1.4142135623730951
224, 1, 57, 59, 56, 60, 1, -1, -0.7853981633974483, 1.4142135623730951
224, 5, 42, 77, 40, 79, 2, -2, -0.7853981633974483, 2.8284271247461903
224, 8, 118, 168, 116, 168, 2, 0, 0.0, 2.0
224, 12, 36, 35, 35, 36, 1, -1, -0.7853981633974483, 1.4142135623730951
224, 13, 115, 69, 114, 70, 1, -1, -0.7853981633974483, 1.4142135623730951
224, 15, 91, 199, 90, 200, 1, -1, -0.7853981633974483, 1.4142135623730951
224, 25, 47, 162, 46, 163, 1, -1, -0.7853981633974483, 1.4142135623730951
225, 20, 38, 38, 37, 39, 1, -1, -0.7853981633974483, 1.4142135623730951
225, 31, 120, 58, 119, 59, 1, -1, -0.7853981633974483, 1.4142135623730951
225, 37, 18, 40, 17, 41, 1, -1, -0.7853981633974483, 1.4142135623730951
226, 2, 91, 36, 90, 37, 1, -1, -0.7853981633974483, 1.4142135623730951
226, 6, 37, 79, 36, 80, 1, -1, -0.7853981633974483, 1.4142135623730951
226, 13, 76, 80, 75, 81, 1, -1, -0.7853981633974483, 1.4142135623730951
226, 33, 72, 65, 71, 66, 1, -1, -0.7853981633974483, 1.4142135623730951
226, 34, 14, 53, 13, 54, 1, -1, -0.7853981633974483, 1.4142135623730951
226, 36, 92, 79, 91, 80, 1, -1, -0.7853981633974483, 1.4142135623730951
227, 6, 38, 78, 37, 79, 1, -1, -0.7853981633974483, 1.4142135623730951
227, 7, 59, 63, 58, 64, 1, -1, -0.7853981633974483, 1.4142135623730951
227, 8, 90, 162, 89, 163, 1, -1, -0.7853981633974483, 1.4142135623730951
227, 9, 21, 89, 20, 90, 1, -1, -0.7853981633974483, 1.4142135623730951
227, 13, 77, 79, 76, 80, 1, -1, -0.7853981633974483, 1.4142135623730951
227, 16, 41, 92, 41, 94, 0, -2, -1.5707963267948966, 2.0
227, 23, 90, 183, 89, 184, 1, -1, -0.7853981633974483, 1.4142135623730951
227, 30, 36, 197, 35, 198, 1, -1, -0.7853981633974483, 1.4142135623730951
227, 36, 93, 78, 92, 79, 1, -1, -0.7853981633974483, 1.4142135623730951
228, 2, 93, 34, 91, 35, 2, -1, -0.4636476090008061, 2.23606797749979
228, 5, 91, 202, 89, 201, 2, 1, 0.4636476090008061, 2.23606797749979
228, 7, 60, 62, 59, 63, 1, -1, -0.7853981633974483, 1.4142135623730951
228, 8, 92, 162, 90, 162, 2, 0, 0.0, 2.0
228, 13, 78, 77, 77, 79, 1, -2, -1.1071487177940904, 2.23606797749979
228, 17, 115, 69, 114, 70, 1, -1, -0.7853981633974483, 1.4142135623730951
228, 21, 63, 194, 62, 195, 1, -1, -0.7853981633974483, 1.4142135623730951
228, 22, 92, 182, 90, 183, 2, -1, -0.4636476090008061, 2.23606797749979
228, 24, 101, 172, 100, 174, 1, -2, -1.1071487177940904, 2.23606797749979
228, 25, 36, 159, 35, 160, 1, -1, -0.7853981633974483, 1.4142135623730951
228, 26, 12, 199, 11, 200, 1, -1, -0.7853981633974483, 1.4142135623730951
228, 27, 79, 150, 76, 150, 3, 0, 0.0, 3.0
228, 29, 37, 196, 36, 197, 1, -1, -0.7853981633974483, 1.4142135623730951
228, 36, 20, 38, 18, 39, 2, -1, -0.4636476090008061, 2.23606797749979
229, 6, 39, 77, 38, 78, 1, -1, -0.7853981633974483, 1.4142135623730951
229, 9, 20, 86, 21, 88, -1, -2, -2.0344439357957027, 2.23606797749979
229, 13, 80, 76, 78, 77, 2, -1, -0.4636476090008061, 2.23606797749979
229, 22, 94, 181, 92, 182, 2, -1, -0.4636476090008061, 2.23606797749979
229, 26, 13, 198, 12, 199, 1, -1, -0.7853981633974483, 1.4142135623730951
229, 28, 21, 163, 20, 164, 1, -1, -0.7853981633974483, 1.4142135623730951
230, 3, 26, 91, 25, 92, 1, -1, -0.7853981633974483, 1.4142135623730951
230, 8, 96, 53, 95, 54, 1, -1, -0.7853981633974483, 1.4142135623730951
230, 9, 118, 70, 117, 71, 1, -1, -0.7853981633974483, 1.4142135623730951
230, 12, 92, 163, 91, 164, 1, -1, -0.7853981633974483, 1.4142135623730951
230, 25, 48, 45, 47, 46, 1, -1, -0.7853981633974483, 1.4142135623730951
230, 28, 12, 83, 11, 84, 1, -1, -0.7853981633974483, 1.4142135623730951
230, 33, 38, 197, 37, 198, 1, -1, -0.7853981633974483, 1.4142135623730951
230, 39, 105, 174, 104, 175, 1, -1, -0.7853981633974483, 1.4142135623730951
230, 45, 125, 58, 123, 59, 2, -1, -0.4636476090008061, 2.23606797749979
230, 49, 68, 160, 67, 159, 1, 1, 0.7853981633974483, 1.4142135623730951
231, 5, 93, 187, 94, 185, -1, 2, 2.0344439357957027, 2.23606797749979
231, 12, 93, 162, 92, 163, 1, -1, -0.7853981633974483, 1.4142135623730951
231, 28, 81, 186, 79, 186, 2, 0, 0.0, 2.0
231, 37, 36, 171, 35, 172, 1, -1, -0.7853981633974483, 1.4142135623730951
231, 42, 8, 101, 7, 102, 1, -1, -0.7853981633974483, 1.4142135623730951
231, 44, 127, 58, 125, 58, 2, 0, 0.0, 2.0
231, 45, 109, 194, 108, 195, 1, -1, -0.7853981633974483, 1.4142135623730951
231, 49, 13, 161, 12, 162, 1, -1, -0.7853981633974483, 1.4142135623730951
232, 1, 16, 176, 15, 177, 1, -1, -0.7853981633974483, 1.4142135623730951
232, 4, 94, 37, 93, 38, 1, -1, -0.7853981633974483, 1.4142135623730951
232, 9, 119, 68, 118, 69, 1, -1, -0.7853981633974483, 1.4142135623730951
232, 28, 82, 185, 81, 186, 1, -1, -0.7853981633974483, 1.4142135623730951
232, 29, 102, 64, 101, 65, 1, -1, -0.7853981633974483, 1.4142135623730951
232, 31, 18, 53, 17, 54, 1, -1, -0.7853981633974483, 1.4142135623730951
232, 32, 40, 196, 39, 197, 1, -1, -0.7853981633974483, 1.4142135623730951
232, 42, 9, 100, 8, 101, 1, -1, -0.7853981633974483, 1.4142135623730951
232, 44, 128, 60, 127, 58, 1, 2, 1.1071487177940904, 2.23606797749979
233, 0, 78, 77, 77, 78, 1, -1, -0.7853981633974483, 1.4142135623730951
233, 2, 40, 35, 39, 36, 1, -1, -0.7853981633974483, 1.4142135623730951
233, 3, 27, 88, 26, 89, 1, -1, -0.7853981633974483, 1.4142135623730951
233, 4, 96, 36, 94, 37, 2, -1, -0.4636476090008061, 2.23606797749979
233, 6, 72, 37, 70, 37, 2, 0, 0.0, 2.0
233, 12, 96, 161, 94, 162, 2, -1, -0.4636476090008061, 2.23606797749979
233, 14, 95, 199, 94, 200, 1, -1, -0.7853981633974483, 1.4142135623730951
233, 28, 84, 185, 82, 185, 2, 0, 0.0, 2.0
233, 32, 42, 196, 40, 196, 2, 0, 0.0, 2.0
233, 33, 18, 195, 17, 196, 1, -1, -0.7853981633974483, 1.4142135623730951
234, 3, 28, 87, 27, 88, 1, -1, -0.7853981633974483, 1.4142135623730951
234, 8, 98, 51, 97, 52, 1, -1, -0.7853981633974483, 1.4142135623730951
234, 9, 121, 67, 120, 68, 1, -1, -0.7853981633974483, 1.4142135623730951
234, 12, 99, 162, 96, 161, 3, 1, 0.3217505543966422, 3.1622776601683795
234, 20, 44, 91, 43, 92, 1, -1, -0.7853981633974483, 1.4142135623730951
234, 25, 64, 72, 63, 73, 1, -1, -0.7853981633974483, 1.4142135623730951
234, 28, 88, 184, 84, 185, 4, -1, -0.24497866312686414, 4.123105625617661
234, 29, 103, 62, 102, 63, 1, -1, -0.7853981633974483, 1.4142135623730951
234, 32, 46, 195, 42, 196, 4, -1, -0.24497866312686414, 4.123105625617661
234, 33, 20, 195, 18, 195, 2, 0, 0.0, 2.0
234, 39, 67, 195, 66, 196, 1, -1, -0.7853981633974483, 1.4142135623730951
234, 40, 38, 159, 37, 160, 1, -1, -0.7853981633974483, 1.4142135623730951
234, 42, 128, 57, 128, 59, 0, -2, -1.5707963267948966, 2.0
234, 45, 137, 181, 136, 182, 1, -1, -0.7853981633974483, 1.4142135623730951
235, 4, 80, 79, 79, 80, 1, -1, -0.7853981633974483, 1.4142135623730951
235, 23, 67, 196, 66, 197, 1, -1, -0.7853981633974483, 1.4142135623730951
235, 24, 52, 43, 50, 46, 2, -3, -0.982793723247329, 3.605551275463989
235, 26, 93, 165, 95, 164, -2, 1, 2.677945044588987, 2.23606797749979
235, 29, 25, 40, 26, 42, -1, -2, -2.0344439357957027, 2.23606797749979
235, 35, 52, 166, 55, 165, -3, 1, 2.819842099193151, 3.1622776601683795
235, 39, 62, 90, 61, 91, 1, -1, -0.7853981633974483, 1.4142135623730951
236, 11, 27, 90, 26, 91, 1, -1, -0.7853981633974483, 1.4142135623730951
236, 21, 91, 67, 90, 68, 1, -1, -0.7853981633974483, 1.4142135623730951
236, 27, 108, 177, 107, 176, 1, 1, 0.7853981633974483, 1.4142135623730951
236, 37, 56, 51, 55, 52, 1, -1, -0.7853981633974483, 1.4142135623730951
236, 38, 63, 89, 62, 90, 1, -1, -0.7853981633974483, 1.4142135623730951
237, 14, 99, 200, 98, 201, 1, -1, -0.7853981633974483, 1.4142135623730951
237, 23, 69, 197, 68, 196, 1, 1, 0.7853981633974483, 1.4142135623730951
237, 30, 4, 190, 3, 191, 1, -1, -0.7853981633974483, 1.4142135623730951
237, 32, 96, 185, 95, 186, 1, -1, -0.7853981633974483, 1.4142135623730951
237, 38, 64, 88, 63, 89, 1, -1, -0.7853981633974483, 1.4142135623730951
238, 2, 5, 149, 4, 150, 1, -1, -0.7853981633974483, 1.4142135623730951
238, 19, 36, 142, 34, 143, 2, -1, -0.4636476090008061, 2.23606797749979
238, 33, 53, 164, 52, 165, 1, -1, -0.7853981633974483, 1.4142135623730951
238, 36, 57, 49, 56, 50, 1, -1, -0.7853981633974483, 1.4142135623730951
239, 1, 19, 176, 18, 177, 1, -1, -0.7853981633974483, 1.4142135623730951
239, 7, 52, 72, 51, 73, 1, -1, -0.7853981633974483, 1.4142135623730951
239, 10, 99, 55, 98, 56, 1, -1, -0.7853981633974483, 1.4142135623730951
239, 14, 101, 199, 100, 200, 1, -1, -0.7853981633974483, 1.4142135623730951
239, 29, 5, 189, 4, 190, 1, -1, -0.7853981633974483, 1.4142135623730951
239, 38, 120, 71, 119, 72, 1, -1, -0.7853981633974483, 1.4142135623730951
240, 15, 100, 200, 99, 201, 1, -1, -0.7853981633974483, 1.4142135623730951
240, 20, 100, 54, 99, 55, 1, -1, -0.7853981633974483, 1.4142135623730951
240, 22, 21, 199, 20, 200, 1, -1, -0.7853981633974483, 1.4142135623730951
240, 34, 107, 64, 106, 65, 1, -1, -0.7853981633974483, 1.4142135623730951
241, 8, 27, 139, 26, 140, 1, -1, -0.7853981633974483, 1.4142135623730951
241, 23, 26, 41, 25, 42, 1, -1, -0.7853981633974483, 1.4142135623730951
241, 28, 94, 66, 93, 67, 1, -1, -0.7853981633974483, 1.4142135623730951
242, 1, 8, 150, 7, 151, 1, -1, -0.7853981633974483, 1.4142135623730951
242, 10, 6, 65, 5, 66, 1, -1, -0.7853981633974483, 1.4142135623730951
242, 14, 46, 35, 44, 35, 2, 0, 0.0, 2.0
242, 18, 42, 80, 41, 81, 1, -1, -0.7853981633974483, 1.4142135623730951
242, 34, 108, 62, 107, 63, 1, -1, -0.7853981633974483, 1.4142135623730951
243, 6, 24, 177, 23, 178, 1, -1, -0.7853981633974483, 1.4142135623730951
243, 20, 100, 184, 97, 184, 3, 0, 0.0, 3.0
243, 25, 85, 174, 84, 173, 1, 1, 0.7853981633974483, 1.4142135623730951
243, 33, 109, 61, 108, 62, 1, -1, -0.7853981633974483, 1.4142135623730951
244, 3, 28, 87, 27, 88, 1, -1, -0.7853981633974483, 1.4142135623730951
244, 5, 82, 75, 81, 76, 1, -1, -0.7853981633974483, 1.4142135623730951
244, 12, 10, 56, 9, 57, 1, -1, -0.7853981633974483, 1.4142135623730951
244, 14, 103, 199, 102, 200, 1, -1, -0.7853981633974483, 1.4142135623730951
244, 17, 43, 79, 42, 80, 1, -1, -0.7853981633974483, 1.4142135623730951
244, 30, 62, 163, 64, 163, -2, 0, 3.141592653589793, 2.0
245, 1, 102, 36, 101, 37, 1, -1, -0.7853981633974483, 1.4142135623730951
245, 9, 52, 93, 51, 94, 1, -1, -0.7853981633974483, 1.4142135623730951
245, 14, 126, 69, 125, 70, 1, -1, -0.7853981633974483, 1.4142135623730951
245, 21, 87, 173, 86, 174, 1, -1, -0.7853981633974483, 1.4142135623730951
245, 22, 24, 198, 23, 199, 1, -1, -0.7853981633974483, 1.4142135623730951
245, 27, 103, 185, 102, 186, 1, -1, -0.7853981633974483, 1.4142135623730951
245, 32, 90, 169, 92, 169, -2, 0, 3.141592653589793, 2.0
246, 6, 79, 36, 78, 37, 1, -1, -0.7853981633974483, 1.4142135623730951
246, 8, 47, 64, 46, 65, 1, -1, -0.7853981633974483, 1.4142135623730951
246, 11, 33, 90, 32, 91, 1, -1, -0.7853981633974483, 1.4142135623730951
246, 15, 8, 150, 7, 151, 1, -1, -0.7853981633974483, 1.4142135623730951
246, 17, 128, 173, 127, 174, 1, -1, -0.7853981633974483, 1.4142135623730951
246, 18, 102, 54, 101, 55, 1, -1, -0.7853981633974483, 1.4142135623730951
246, 20, 30, 41, 29, 42, 1, -1, -0.7853981633974483, 1.4142135623730951
246, 22, 25, 197, 24, 198, 1, -1, -0.7853981633974483, 1.4142135623730951
246, 29, 47, 198, 46, 199, 1, -1, -0.7853981633974483, 1.4142135623730951
246, 36, 101, 75, 100, 76, 1, -1, -0.7853981633974483, 1.4142135623730951
246, 39, 69, 87, 68, 88, 1, -1, -0.7853981633974483, 1.4142135623730951
247, 20, 28, 40, 30, 41, -2, -1, -2.677945044588987, 2.23606797749979
247, 22, 26, 196, 25, 197, 1, -1, -0.7853981633974483, 1.4142135623730951
247, 24, 73, 161, 72, 162, 1, -1, -0.7853981633974483, 1.4142135623730951
247, 31, 28, 164, 27, 165, 1, -1, -0.7853981633974483, 1.4142135623730951
247, 39, 70, 86, 69, 87, 1, -1, -0.7853981633974483, 1.4142135623730951
248, 8, 48, 62, 47, 63, 1, -1, -0.7853981633974483, 1.4142135623730951
248, 12, 23, 177, 22, 178, 1, -1, -0.7853981633974483, 1.4142135623730951
248, 13, 9, 63, 8, 64, 1, -1, -0.7853981633974483, 1.4142135623730951
248, 14, 127, 67, 126, 68, 1, -1, -0.7853981633974483, 1.4142135623730951
248, 17, 130, 172, 129, 173, 1, -1, -0.7853981633974483, 1.4142135623730951
248, 20, 29, 39, 28, 40, 1, -1, -0.7853981633974483, 1.4142135623730951
248, 30, 109, 62, 108, 63, 1, -1, -0.7853981633974483, 1.4142135623730951
248, 38, 68, 85, 70, 86, -2, -1, -2.677945044588987, 2.23606797749979
249, 1, 104, 35, 103, 36, 1, -1, -0.7853981633974483, 1.4142135623730951
249, 5, 85, 74, 84, 75, 1, -1, -0.7853981633974483, 1.4142135623730951
249, 8, 49, 61, 48, 62, 1, -1, -0.7853981633974483, 1.4142135623730951
249, 12, 24, 176, 23, 177, 1, -1, -0.7853981633974483, 1.4142135623730951
249, 13, 10, 62, 9, 63, 1, -1, -0.7853981633974483, 1.4142135623730951
249, 14, 127, 65, 127, 67, 0, -2, -1.5707963267948966, 2.0
249, 23, 112, 173, 111, 174, 1, -1, -0.7853981633974483, 1.4142135623730951
249, 27, 103, 182, 102, 183, 1, -1, -0.7853981633974483, 1.4142135623730951
250, 7, 11, 66, 10, 67, 1, -1, -0.7853981633974483, 1.4142135623730951
250, 16, 26, 178, 25, 179, 1, -1, -0.7853981633974483, 1.4142135623730951
250, 19, 52, 90, 51, 91, 1, -1, -0.7853981633974483, 1.4142135623730951
250, 24, 98, 64, 98, 66, 0, -2, -1.5707963267948966, 2.0
250, 32, 5, 139, 4, 141, 1, -2, -1.1071487177940904, 2.23606797749979
250, 35, 133, 70, 131, 71, 2, -1, -0.4636476090008061, 2.23606797749979
250, 40, 20, 186, 19, 187, 1, -1, -0.7853981633974483, 1.4142135623730951
250, 41, 48, 198, 50, 198, -2, 0, 3.141592653589793, 2.0
250, 47, 103, 76, 102, 77, 1, -1, -0.7853981633974483, 1.4142135623730951
251, 7, 12, 65, 11, 66, 1, -1, -0.7853981633974483, 1.4142135623730951
251, 8, 107, 200, 106, 201, 1, -1, -0.7853981633974483, 1.4142135623730951
251, 17, 50, 35, 49, 36, 1, -1, -0.7853981633974483, 1.4142135623730951
251, 19, 53, 89, 52, 90, 1, -1, -0.7853981633974483, 1.4142135623730951
251, 20, 105, 53, 104, 54, 1, -1, -0.7853981633974483, 1.4142135623730951
251, 35, 134, 69, 133, 70, 1, -1, -0.7853981633974483, 1.4142135623730951
251, 45, 69, 87, 68, 88, 1, -1, -0.7853981633974483, 1.4142135623730951
251, 47, 104, 75, 103, 76, 1, -1, -0.7853981633974483, 1.4142135623730951
252, 2, 105, 36, 104, 37, 1, -1, -0.7853981633974483, 1.4142135623730951
252, 4, 59, 73, 58, 74, 1, -1, -0.7853981633974483, 1.4142135623730951
252, 19, 54, 88, 53, 89, 1, -1, -0.7853981633974483, 1.4142135623730951
252, 24, 99, 61, 98, 63, 1, -2, -1.1071487177940904, 2.23606797749979
252, 39, 61, 166, 60, 167, 1, -1, -0.7853981633974483, 1.4142135623730951
252, 47, 105, 74, 104, 75, 1, -1, -0.7853981633974483, 1.4142135623730951
253, 7, 109, 199, 108, 200, 1, -1, -0.7853981633974483, 1.4142135623730951
253, 11, 132, 171, 130, 172, 2, -1, -0.4636476090008061, 2.23606797749979
253, 13, 12, 149, 11, 150, 1, -1, -0.7853981633974483, 1.4142135623730951
253, 19, 106, 52, 105, 53, 1, -1, -0.7853981633974483, 1.4142135623730951
253, 20, 75, 160, 74, 161, 1, -1, -0.7853981633974483, 1.4142135623730951
254, 5, 82, 33, 81, 34, 1, -1, -0.7853981633974483, 1.4142135623730951
254, 7, 110, 198, 109, 199, 1, -1, -0.7853981633974483, 1.4142135623730951
254, 13, 13, 148, 12, 149, 1, -1, -0.7853981633974483, 1.4142135623730951
254, 14, 90, 153, 89, 154, 1, -1, -0.7853981633974483, 1.4142135623730951
254, 15, 26, 176, 25, 177, 1, -1, -0.7853981633974483, 1.4142135623730951
254, 19, 107, 51, 106, 52, 1, -1, -0.7853981633974483, 1.4142135623730951
254, 23, 101, 61, 99, 61, 2, 0, 0.0, 2.0
255, 4, 16, 54, 14, 55, 2, -1, -0.4636476090008061, 2.23606797749979
255, 8, 109, 201, 108, 202, 1, -1, -0.7853981633974483, 1.4142135623730951
255, 16, 14, 150, 13, 151, 1, -1, -0.7853981633974483, 1.4142135623730951
255, 17, 29, 178, 28, 179, 1, -1, -0.7853981633974483, 1.4142135623730951
255, 24, 118, 176, 117, 177, 1, -1, -0.7853981633974483, 1.4142135623730951
255, 27, 3, 200, 2, 201, 1, -1, -0.7853981633974483, 1.4142135623730951
255, 28, 48, 78, 47, 79, 1, -1, -0.7853981633974483, 1.4142135623730951
256, 1, 34, 67, 32, 67, 2, 0, 0.0, 2.0
256, 4, 18, 54, 16, 54, 2, 0, 0.0, 2.0
256, 15, 54, 88, 53, 89, 1, -1, -0.7853981633974483, 1.4142135623730951
256, 16, 16, 150, 14, 150, 2, 0, 0.0, 2.0
256, 21, 50, 197, 49, 198, 1, -1, -0.7853981633974483, 1.4142135623730951
256, 28, 49, 77, 48, 78, 1, -1, -0.7853981633974483, 1.4142135623730951
256, 30, 4, 159, 3, 160, 1, -1, -0.7853981633974483, 1.4142135623730951
256, 37, 79, 195, 78, 196, 1, -1, -0.7853981633974483, 1.4142135623730951
257, 1, 35, 66, 34, 67, 1, -1, -0.7853981633974483, 1.4142135623730951
257, 2, 32, 140, 31, 141, 1, -1, -0.7853981633974483, 1.4142135623730951
257, 4, 20, 54, 18, 54, 2, 0, 0.0, 2.0
257, 8, 111, 200, 110, 201, 1, -1, -0.7853981633974483, 1.4142135623730951
257, 25, 102, 166, 101, 167, 1, -1, -0.7853981633974483, 1.4142135623730951
257, 27, 4, 199, 3, 200, 1, -1, -0.7853981633974483, 1.4142135623730951
258, 0, 110, 37, 109, 38, 1, -1, -0.7853981633974483, 1.4142135623730951
258, 4, 21, 53, 20, 54, 1, -1, -0.7853981633974483, 1.4142135623730951
258, 12, 50, 61, 49, 62, 1, -1, -0.7853981633974483, 1.4142135623730951
258, 17, 31, 177, 30, 178, 1, -1, -0.7853981633974483, 1.4142135623730951
258, 21, 51, 195, 50, 196, 1, -1, -0.7853981633974483, 1.4142135623730951
258, 25, 103, 165, 102, 166, 1, -1, -0.7853981633974483, 1.4142135623730951
258, 35, 109, 50, 108, 51, 1, -1, -0.7853981633974483, 1.4142135623730951
258, 37, 81, 196, 80, 195, 1, 1, 0.7853981633974483, 1.4142135623730951
259, 0, 111, 36, 110, 37, 1, -1, -0.7853981633974483, 1.4142135623730951
259, 2, 34, 143, 33, 140, 1, 3, 1.2490457723982544, 3.1622776601683795
259, 7, 112, 198, 111, 199, 1, -1, -0.7853981633974483, 1.4142135623730951
259, 18, 29, 198, 28, 199, 1, -1, -0.7853981633974483, 1.4142135623730951
260, 14, 105, 166, 104, 167, 1, -1, -0.7853981633974483, 1.4142135623730951
260, 15, 64, 43, 63, 44, 1, -1, -0.7853981633974483, 1.4142135623730951
260, 16, 94, 175, 93, 174, 1, 1, 0.7853981633974483, 1.4142135623730951
260, 19, 109, 185, 108, 186, 1, -1, -0.7853981633974483, 1.4142135623730951
260, 21, 64, 166, 63, 167, 1, -1, -0.7853981633974483, 1.4142135623730951
260, 29, 54, 197, 53, 198, 1, -1, -0.7853981633974483, 1.4142135623730951
260, 31, 94, 188, 93, 189, 1, -1, -0.7853981633974483, 1.4142135623730951
260, 33, 51, 162, 50, 163, 1, -1, -0.7853981633974483, 1.4142135623730951
260, 41, 70, 47, 69, 48, 1, -1, -0.7853981633974483, 1.4142135623730951
261, 8, 113, 200, 112, 201, 1, -1, -0.7853981633974483, 1.4142135623730951
261, 19, 110, 184, 109, 185, 1, -1, -0.7853981633974483, 1.4142135623730951
261, 22, 75, 61, 74, 62, 1, -1, -0.7853981633974483, 1.4142135623730951
261, 23, 31, 198, 30, 199, 1, -1, -0.7853981633974483, 1.4142135623730951
261, 24, 57, 88, 56, 89, 1, -1, -0.7853981633974483, 1.4142135623730951
261, 25, 7, 200, 6, 201, 1, -1, -0.7853981633974483, 1.4142135623730951
261, 29, 55, 196, 54, 197, 1, -1, -0.7853981633974483, 1.4142135623730951
261, 35, 74, 74, 74, 76, 0, -2, -1.5707963267948966, 2.0
261, 45, 81, 197, 80, 198, 1, -1, -0.7853981633974483, 1.4142135623730951
262, 0, 112, 35, 111, 36, 1, -1, -0.7853981633974483, 1.4142135623730951
262, 3, 86, 37, 85, 38, 1, -1, -0.7853981633974483, 1.4142135623730951
262, 12, 91, 74, 90, 75, 1, -1, -0.7853981633974483, 1.4142135623730951
262, 14, 107, 165, 106, 166, 1, -1, -0.7853981633974483, 1.4142135623730951
262, 19, 112, 183, 110, 184, 2, -1, -0.4636476090008061, 2.23606797749979
262, 21, 65, 165, 64, 166, 1, -1, -0.7853981633974483, 1.4142135623730951
262, 25, 8, 199, 7, 200, 1, -1, -0.7853981633974483, 1.4142135623730951
262, 27, 52, 61, 51, 62, 1, -1, -0.7853981633974483, 1.4142135623730951
262, 29, 57, 195, 55, 196, 2, -1, -0.4636476090008061, 2.23606797749979
262, 44, 21, 98, 20, 99, 1, -1, -0.7853981633974483, 1.4142135623730951
262, 45, 82, 196, 81, 197, 1, -1, -0.7853981633974483, 1.4142135623730951
263, 0, 113, 34, 112, 35, 1, -1, -0.7853981633974483, 1.4142135623730951
263, 4, 111, 50, 110, 51, 1, -1, -0.7853981633974483, 1.4142135623730951
263, 5, 132, 64, 131, 65, 1, -1, -0.7853981633974483, 1.4142135623730951
263, 14, 109, 166, 107, 165, 2, 1, 0.4636476090008061, 2.23606797749979
263, 19, 113, 182, 112, 183, 1, -1, -0.7853981633974483, 1.4142135623730951
263, 21, 66, 166, 65, 165, 1, 1, 0.7853981633974483, 1.4142135623730951
263, 23, 32, 196, 31, 197, 1, -1, -0.7853981633974483, 1.4142135623730951
263, 28, 36, 85, 35, 86, 1, -1, -0.7853981633974483, 1.4142135623730951
263, 29, 59, 195, 57, 195, 2, 0, 0.0, 2.0
263, 40, 24, 77, 23, 78, 1, -1, -0.7853981633974483, 1.4142135623730951
263, 41, 71, 46, 70, 47, 1, -1, -0.7853981633974483, 1.4142135623730951
263, 44, 23, 96, 21, 98, 2, -2, -0.7853981633974483, 2.8284271247461903
263, 45, 83, 195, 82, 196, 1, -1, -0.7853981633974483, 1.4142135623730951
264, 0, 114, 33, 113, 34, 1, -1, -0.7853981633974483, 1.4142135623730951
264, 3, 88, 37, 86, 37, 2, 0, 0.0, 2.0
264, 4, 112, 49, 111, 50, 1, -1, -0.7853981633974483, 1.4142135623730951
264, 14, 111, 166, 109, 166, 2, 0, 0.0, 2.0
264, 19, 119, 181, 113, 182, 6, -1, -0.16514867741462683, 6.082762530298219
264, 23, 33, 195, 32, 196, 1, -1, -0.7853981633974483, 1.4142135623730951
264, 29, 64, 194, 59, 195, 5, -1, -0.19739555984988075, 5.0990195135927845
264, 37, 109, 72, 108, 73, 1, -1, -0.7853981633974483, 1.4142135623730951
264, 39, 103, 62, 102, 63, 1, -1, -0.7853981633974483, 1.4142135623730951
264, 44, 24, 95, 23, 96, 1, -1, -0.7853981633974483, 1.4142135623730951
264, 45, 87, 195, 83, 195, 4, 0, 0.0, 4.0
264, 46, 40, 153, 39, 154, 1, -1, -0.7853981633974483, 1.4142135623730951
265, 9, 75, 60, 74, 61, 1, -1, -0.7853981633974483, 1.4142135623730951
265, 22, 61, 89, 60, 90, 1, -1, -0.7853981633974483, 1.4142135623730951
265, 32, 129, 195, 128, 196, 1, -1, -0.7853981633974483, 1.4142135623730951
265, 33, 97, 173, 96, 174, 1, -1, -0.7853981633974483, 1.4142135623730951
265, 40, 111, 75, 110, 76, 1, -1, -0.7853981633974483, 1.4142135623730951
265, 48, 72, 166, 68, 167, 4, -1, -0.24497866312686414, 4.123105625617661
265, 54, 60, 196, 58, 197, 2, -1, -0.4636476090008061, 2.23606797749979
266, 6, 64, 71, 63, 72, 1, -1, -0.7853981633974483, 1.4142135623730951
266, 12, 56, 62, 55, 63, 1, -1, -0.7853981633974483, 1.4142135623730951
266, 18, 123, 175, 122, 176, 1, -1, -0.7853981633974483, 1.4142135623730951
266, 26, 98, 187, 97, 188, 1, -1, -0.7853981633974483, 1.4142135623730951
266, 33, 98, 172, 97, 173, 1, -1, -0.7853981633974483, 1.4142135623730951
266, 48, 75, 166, 72, 166, 3, 0, 0.0, 3.0
266, 49, 114, 184, 113, 185, 1, -1, -0.7853981633974483, 1.4142135623730951
266, 50, 29, 95, 28, 97, 1, -2, -1.1071487177940904, 2.23606797749979
266, 53, 62, 196, 60, 196, 2, 0, 0.0, 2.0
267, 8, 91, 36, 90, 37, 1, -1, -0.7853981633974483, 1.4142135623730951
267, 12, 57, 61, 56, 62, 1, -1, -0.7853981633974483, 1.4142135623730951
267, 25, 100, 187, 98, 187, 2, 0, 0.0, 2.0
267, 28, 119, 62, 118, 63, 1, -1, -0.7853981633974483, 1.4142135623730951
267, 40, 53, 162, 52, 163, 1, -1, -0.7853981633974483, 1.4142135623730951
267, 45, 78, 85, 77, 86, 1, -1, -0.7853981633974483, 1.4142135623730951
267, 47, 115, 183, 114, 184, 1, -1, -0.7853981633974483, 1.4142135623730951
268, 9, 77, 58, 76, 59, 1, -1, -0.7853981633974483, 1.4142135623730951
268, 15, 19, 61, 18, 62, 1, -1, -0.7853981633974483, 1.4142135623730951
268, 25, 101, 186, 100, 187, 1, -1, -0.7853981633974483, 1.4142135623730951
268, 26, 17, 50, 16, 51, 1, -1, -0.7853981633974483, 1.4142135623730951
268, 29, 85, 195, 83, 195, 2, 0, 0.0, 2.0
268, 36, 158, 181, 157, 182, 1, -1, -0.7853981633974483, 1.4142135623730951
268, 48, 29, 90, 29, 94, 0, -4, -1.5707963267948966, 4.0
269, 0, 116, 36, 114, 36, 2, 0, 0.0, 2.0
269, 3, 141, 173, 140, 174, 1, -1, -0.7853981633974483, 1.4142135623730951
269, 5, 20, 148, 19, 149, 1, -1, -0.7853981633974483, 1.4142135623730951
269, 6, 65, 68, 64, 69, 1, -1, -0.7853981633974483, 1.4142135623730951
269, 8, 93, 35, 91, 36, 2, -1, -0.4636476090008061, 2.23606797749979
269, 12, 58, 59, 57, 60, 1, -1, -0.7853981633974483, 1.4142135623730951
269, 17, 135, 64, 134, 65, 1, -1, -0.7853981633974483, 1.4142135623730951
269, 18, 125, 174, 124, 175, 1, -1, -0.7853981633974483, 1.4142135623730951
269, 22, 62, 85, 61, 86, 1, -1, -0.7853981633974483, 1.4142135623730951
269, 25, 104, 186, 101, 186, 3, 0, 0.0, 3.0
269, 36, 159, 180, 158, 181, 1, -1, -0.7853981633974483, 1.4142135623730951
269, 45, 79, 84, 78, 85, 1, -1, -0.7853981633974483, 1.4142135623730951
269, 47, 117, 182, 116, 183, 1, -1, -0.7853981633974483, 1.4142135623730951
269, 50, 33, 52, 34, 51, -1, 1, 2.356194490192345, 1.4142135623730951
270, 12, 118, 200, 117, 201, 1, -1, -0.7853981633974483, 1.4142135623730951
270, 25, 40, 40, 39, 41, 1, -1, -0.7853981633974483, 1.4142135623730951
270, 28, 98, 157, 97, 158, 1, -1, -0.7853981633974483, 1.4142135623730951
270, 34, 68, 168, 67, 169, 1, -1, -0.7853981633974483, 1.4142135623730951
271, 0, 117, 37, 116, 38, 1, -1, -0.7853981633974483, 1.4142135623730951
271, 10, 54, 78, 53, 79, 1, -1, -0.7853981633974483, 1.4142135623730951
271, 20, 62, 87, 61, 88, 1, -1, -0.7853981633974483, 1.4142135623730951
271, 24, 12, 200, 11, 201, 1, -1, -0.7853981633974483, 1.4142135623730951
271, 26, 115, 51, 114, 52, 1, -1, -0.7853981633974483, 1.4142135623730951
271, 32, 133, 195, 132, 196, 1, -1, -0.7853981633974483, 1.4142135623730951
271, 33, 74, 44, 73, 45, 1, -1, -0.7853981633974483, 1.4142135623730951
272, 1, 94, 36, 93, 37, 1, -1, -0.7853981633974483, 1.4142135623730951
272, 17, 53, 147, 52, 148, 1, -1, -0.7853981633974483, 1.4142135623730951
272, 24, 13, 199, 12, 200, 1, -1, -0.7853981633974483, 1.4142135623730951
272, 27, 135, 65, 134, 66, 1, -1, -0.7853981633974483, 1.4142135623730951
273, 11, 24, 64, 23, 65, 1, -1, -0.7853981633974483, 1.4142135623730951
273, 26, 117, 50, 116, 51, 1, -1, -0.7853981633974483, 1.4142135623730951
273, 32, 134, 194, 133, 195, 1, -1, -0.7853981633974483, 1.4142135623730951
274, 3, 23, 151, 22, 152, 1, -1, -0.7853981633974483, 1.4142135623730951
274, 6, 22, 54, 21, 55, 1, -1, -0.7853981633974483, 1.4142135623730951
274, 9, 36, 177, 35, 178, 1, -1, -0.7853981633974483, 1.4142135623730951
274, 17, 55, 146, 54, 147, 1, -1, -0.7853981633974483, 1.4142135623730951
274, 31, 135, 193, 134, 194, 1, -1, -0.7853981633974483, 1.4142135623730951
275, 15, 146, 174, 145, 175, 1, -1, -0.7853981633974483, 1.4142135623730951
275, 21, 139, 65, 138, 66, 1, -1, -0.7853981633974483, 1.4142135623730951
275, 22, 76, 44, 75, 45, 1, -1, -0.7853981633974483, 1.4142135623730951
275, 32, 26, 191, 25, 192, 1, -1, -0.7853981633974483, 1.4142135623730951
276, 0, 120, 37, 119, 38, 1, -1, -0.7853981633974483, 1.4142135623730951
276, 15, 147, 173, 146, 174, 1, -1, -0.7853981633974483, 1.4142135623730951
276, 30, 112, 171, 111, 170, 1, 1, 0.7853981633974483, 1.4142135623730951
277, 2, 69, 70, 68, 71, 1, -1, -0.7853981633974483, 1.4142135623730951
277, 21, 140, 63, 139, 64, 1, -1, -0.7853981633974483, 1.4142135623730951
277, 25, 130, 180, 129, 179, 1, 1, 0.7853981633974483, 1.4142135623730951
277, 27, 100, 173, 99, 174, 1, -1, -0.7853981633974483, 1.4142135623730951
278, 10, 70, 88, 69, 89, 1, -1, -0.7853981633974483, 1.4142135623730951
278, 21, 141, 62, 140, 63, 1, -1, -0.7853981633974483, 1.4142135623730951
279, 0, 122, 35, 121, 36, 1, -1, -0.7853981633974483, 1.4142135623730951
279, 1, 13, 160, 12, 159, 1, 1, 0.7853981633974483, 1.4142135623730951
279, 7, 45, 143, 43, 142, 2, 1, 0.4636476090008061, 2.23606797749979
279, 8, 38, 180, 37, 181, 1, -1, -0.7853981633974483, 1.4142135623730951
279, 10, 71, 87, 70, 88, 1, -1, -0.7853981633974483, 1.4142135623730951
279, 19, 23, 62, 22, 63, 1, -1, -0.7853981633974483, 1.4142135623730951
279, 20, 40, 198, 39, 199, 1, -1, -0.7853981633974483, 1.4142135623730951
279, 30, 115, 170, 114, 171, 1, -1, -0.7853981633974483, 1.4142135623730951
280, 0, 123, 36, 122, 37, 1, -1, -0.7853981633974483, 1.4142135623730951
280, 11, 26, 65, 25, 66, 1, -1, -0.7853981633974483, 1.4142135623730951
280, 24, 64, 38, 63, 39, 1, -1, -0.7853981633974483, 1.4142135623730951
280, 29, 89, 62, 88, 63, 1, -1, -0.7853981633974483, 1.4142135623730951
280, 44, 166, 181, 165, 182, 1, -1, -0.7853981633974483, 1.4142135623730951
281, 0, 124, 35, 123, 36, 1, -1, -0.7853981633974483, 1.4142135623730951
281, 8, 123, 199, 122, 200, 1, -1, -0.7853981633974483, 1.4142135623730951
281, 11, 27, 64, 26, 65, 1, -1, -0.7853981633974483, 1.4142135623730951
281, 15, 149, 174, 147, 174, 2, 0, 0.0, 2.0
281, 16, 73, 71, 72, 72, 1, -1, -0.7853981633974483, 1.4142135623730951
281, 17, 39, 180, 38, 181, 1, -1, -0.7853981633974483, 1.4142135623730951
281, 18, 26, 150, 25, 151, 1, -1, -0.7853981633974483, 1.4142135623730951
281, 21, 18, 201, 17, 202, 1, -1, -0.7853981633974483, 1.4142135623730951
281, 23, 42, 197, 41, 198, 1, -1, -0.7853981633974483, 1.4142135623730951
281, 46, 9, 90, 8, 91, 1, -1, -0.7853981633974483, 1.4142135623730951
281, 50, 111, 63, 110, 64, 1, -1, -0.7853981633974483, 1.4142135623730951
282, 11, 28, 63, 27, 64, 1, -1, -0.7853981633974483, 1.4142135623730951
282, 15, 150, 173, 149, 174, 1, -1, -0.7853981633974483, 1.4142135623730951
282, 28, 90, 60, 89, 61, 1, -1, -0.7853981633974483, 1.4142135623730951
283, 5, 62, 59, 62, 61, 0, -2, -1.5707963267948966, 2.0
283, 7, 100, 72, 100, 74, 0, -2, -1.5707963267948966, 2.0
283, 21, 19, 200, 18, 201, 1, -1, -0.7853981633974483, 1.4142135623730951
283, 23, 43, 195, 42, 196, 1, -1, -0.7853981633974483, 1.4142135623730951
283, 28, 91, 58, 90, 60, 1, -2, -1.1071487177940904, 2.23606797749979
283, 30, 35, 188, 33, 188, 2, 0, 0.0, 2.0
283, 41, 167, 180, 166, 181, 1, -1, -0.7853981633974483, 1.4142135623730951
283, 45, 86, 83, 85, 84, 1, -1, -0.7853981633974483, 1.4142135623730951
283, 46, 113, 62, 112, 63, 1, -1, -0.7853981633974483, 1.4142135623730951
284, 4, 44, 64, 43, 65, 1, -1, -0.7853981633974483, 1.4142135623730951
284, 18, 27, 149, 26, 150, 1, -1, -0.7853981633974483, 1.4142135623730951
284, 30, 38, 187, 35, 188, 3, -1, -0.3217505543966422, 3.1622776601683795
284, 41, 169, 180, 167, 180, 2, 0, 0.0, 2.0
284, 46, 113, 59, 113, 62, 0, -3, -1.5707963267948966, 3.0
285, 3, 47, 68, 46, 69, 1, -1, -0.7853981633974483, 1.4142135623730951
285, 8, 48, 144, 47, 145, 1, -1, -0.7853981633974483, 1.4142135623730951
285, 10, 61, 77, 60, 76, 1, 1, 0.7853981633974483, 1.4142135623730951
285, 24, 69, 86, 68, 87, 1, -1, -0.7853981633974483, 1.4142135623730951
285, 31, 116, 169, 115, 170, 1, -1, -0.7853981633974483, 1.4142135623730951
285, 32, 122, 50, 121, 51, 1, -1, -0.7853981633974483, 1.4142135623730951
286, 2, 128, 200, 127, 201, 1, -1, -0.7853981633974483, 1.4142135623730951
286, 15, 83, 57, 82, 58, 1, -1, -0.7853981633974483, 1.4142135623730951
286, 19, 67, 64, 66, 65, 1, -1, -0.7853981633974483, 1.4142135623730951
286, 20, 66, 197, 65, 198, 1, -1, -0.7853981633974483, 1.4142135623730951
286, 24, 70, 85, 69, 86, 1, -1, -0.7853981633974483, 1.4142135623730951
286, 31, 117, 168, 116, 169, 1, -1, -0.7853981633974483, 1.4142135623730951
286, 33, 91, 165, 90, 166, 1, -1, -0.7853981633974483, 1.4142135623730951
286, 37, 53, 155, 52, 156, 1, -1, -0.7853981633974483, 1.4142135623730951
286, 38, 37, 92, 37, 94, 0, -2, -1.5707963267948966, 2.0
286, 42, 88, 83, 87, 84, 1, -1, -0.7853981633974483, 1.4142135623730951
287, 4, 32, 53, 31, 54, 1, -1, -0.7853981633974483, 1.4142135623730951
287, 10, 63, 76, 62, 77, 1, -1, -0.7853981633974483, 1.4142135623730951
287, 16, 74, 168, 73, 169, 1, -1, -0.7853981633974483, 1.4142135623730951
287, 22, 45, 167, 44, 168, 1, -1, -0.7853981633974483, 1.4142135623730951
287, 27, 133, 178, 133, 180, 0, -2, -1.5707963267948966, 2.0
287, 29, 113, 61, 112, 62, 1, -1, -0.7853981633974483, 1.4142135623730951
287, 32, 123, 49, 122, 50, 1, -1, -0.7853981633974483, 1.4142135623730951
287, 41, 20, 140, 19, 141, 1, -1, -0.7853981633974483, 1.4142135623730951
288, 10, 64, 75, 63, 76, 1, -1, -0.7853981633974483, 1.4142135623730951
288, 23, 44, 198, 43, 199, 1, -1, -0.7853981633974483, 1.4142135623730951
288, 24, 73, 85, 71, 85, 2, 0, 0.0, 2.0
288, 37, 38, 90, 37, 91, 1, -1, -0.7853981633974483, 1.4142135623730951
289, 0, 127, 36, 126, 37, 1, -1, -0.7853981633974483, 1.4142135623730951
289, 6, 30, 151, 29, 152, 1, -1, -0.7853981633974483, 1.4142135623730951
289, 10, 65, 74, 64, 75, 1, -1, -0.7853981633974483, 1.4142135623730951
289, 19, 68, 61, 67, 62, 1, -1, -0.7853981633974483, 1.4142135623730951
289, 20, 68, 196, 67, 197, 1, -1, -0.7853981633974483, 1.4142135623730951
289, 24, 74, 84, 73, 85, 1, -1, -0.7853981633974483, 1.4142135623730951
289, 25, 22, 199, 21, 200, 1, -1, -0.7853981633974483, 1.4142135623730951
289, 30, 120, 166, 117, 166, 3, 0, 0.0, 3.0
289, 36, 55, 154, 54, 155, 1, -1, -0.7853981633974483, 1.4142135623730951
289, 39, 105, 173, 104, 174, 1, -1, -0.7853981633974483, 1.4142135623730951
289, 40, 21, 138, 20, 139, 1, -1, -0.7853981633974483, 1.4142135623730951
290, 7, 86, 57, 85, 58, 1, -1, -0.7853981633974483, 1.4142135623730951
290, 8, 74, 69, 73, 70, 1, -1, -0.7853981633974483, 1.4142135623730951
290, 9, 146, 63, 145, 64, 1, -1, -0.7853981633974483, 1.4142135623730951
290, 10, 129, 200, 128, 201, 1, -1, -0.7853981633974483, 1.4142135623730951
290, 18, 119, 169, 118, 170, 1, -1, -0.7853981633974483, 1.4142135623730951
290, 28, 64, 163, 63, 164, 1, -1, -0.7853981633974483, 1.4142135623730951
290, 30, 84, 42, 83, 43, 1, -1, -0.7853981633974483, 1.4142135623730951
290, 35, 69, 198, 68, 199, 1, -1, -0.7853981633974483, 1.4142135623730951
291, 3, 125, 49, 124, 50, 1, -1, -0.7853981633974483, 1.4142135623730951
291, 7, 87, 56, 86, 57, 1, -1, -0.7853981633974483, 1.4142135623730951
291, 9, 147, 62, 146, 63, 1, -1, -0.7853981633974483, 1.4142135623730951
291, 15, 107, 174, 106, 175, 1, -1, -0.7853981633974483, 1.4142135623730951
291, 18, 120, 168, 119, 169, 1, -1, -0.7853981633974483, 1.4142135623730951
291, 22, 23, 200, 22, 201, 1, -1, -0.7853981633974483, 1.4142135623730951
291, 30, 85, 41, 84, 42, 1, -1, -0.7853981633974483, 1.4142135623730951
291, 35, 70, 197, 69, 198, 1, -1, -0.7853981633974483, 1.4142135623730951
292, 15, 109, 173, 107, 174, 2, -1, -0.4636476090008061, 2.23606797749979
292, 23, 77, 169, 76, 170, 1, -1, -0.7853981633974483, 1.4142135623730951
292, 24, 124, 185, 123, 186, 1, -1, -0.7853981633974483, 1.4142135623730951
292, 30, 86, 40, 85, 41, 1, -1, -0.7853981633974483, 1.4142135623730951
292, 32, 30, 61, 29, 62, 1, -1, -0.7853981633974483, 1.4142135623730951
292, 34, 72, 196, 70, 197, 2, -1, -0.4636476090008061, 2.23606797749979
293, 0, 130, 36, 129, 37, 1, -1, -0.7853981633974483, 1.4142135623730951
293, 1, 106, 37, 105, 38, 1, -1, -0.7853981633974483, 1.4142135623730951
293, 15, 114, 172, 109, 173, 5, -1, -0.19739555984988075, 5.0990195135927845
293, 18, 123, 167, 121, 168, 2, -1, -0.4636476090008061, 2.23606797749979
293, 20, 46, 199, 45, 200, 1, -1, -0.7853981633974483, 1.4142135623730951
293, 24, 127, 184, 124, 185, 3, -1, -0.3217505543966422, 3.1622776601683795
293, 32, 31, 60, 30, 61, 1, -1, -0.7853981633974483, 1.4142135623730951
293, 34, 74, 196, 72, 196, 2, 0, 0.0, 2.0
294, 0, 131, 35, 130, 36, 1, -1, -0.7853981633974483, 1.4142135623730951
294, 1, 107, 36, 106, 37, 1, -1, -0.7853981633974483, 1.4142135623730951
294, 2, 105, 70, 104, 71, 1, -1, -0.7853981633974483, 1.4142135623730951
294, 5, 18, 157, 17, 158, 1, -1, -0.7853981633974483, 1.4142135623730951
294, 7, 88, 53, 87, 54, 1, -1, -0.7853981633974483, 1.4142135623730951
294, 10, 133, 199, 132, 200, 1, -1, -0.7853981633974483, 1.4142135623730951
294, 15, 114, 170, 114, 172, 0, -2, -1.5707963267948966, 2.0
294, 16, 155, 175, 154, 176, 1, -1, -0.7853981633974483, 1.4142135623730951
294, 18, 130, 168, 123, 167, 7, 1, 0.14189705460416394, 7.0710678118654755
294, 24, 128, 183, 127, 184, 1, -1, -0.7853981633974483, 1.4142135623730951
294, 26, 95, 197, 94, 198, 1, -1, -0.7853981633974483, 1.4142135623730951
294, 30, 88, 39, 87, 40, 1, -1, -0.7853981633974483, 1.4142135623730951
294, 34, 76, 195, 74, 196, 2, -1, -0.4636476090008061, 2.23606797749979
295, 1, 108, 37, 107, 38, 1, -1, -0.7853981633974483, 1.4142135623730951
295, 10, 131, 200, 130, 201, 1, -1, -0.7853981633974483, 1.4142135623730951
295, 24, 87, 38, 86, 39, 1, -1, -0.7853981633974483, 1.4142135623730951
295, 26, 50, 66, 49, 67, 1, -1, -0.7853981633974483, 1.4142135623730951
295, 29, 61, 186, 61, 188, 0, -2, -1.5707963267948966, 2.0
295, 39, 99, 196, 98, 197, 1, -1, -0.7853981633974483, 1.4142135623730951
295, 41, 146, 196, 145, 197, 1, -1, -0.7853981633974483, 1.4142135623730951
296, 10, 132, 199, 131, 200, 1, -1, -0.7853981633974483, 1.4142135623730951
296, 24, 88, 37, 87, 38, 1, -1, -0.7853981633974483, 1.4142135623730951
296, 29, 63, 185, 61, 186, 2, -1, -0.4636476090008061, 2.23606797749979
296, 32, 15, 88, 14, 89, 1, -1, -0.7853981633974483, 1.4142135623730951
297, 1, 109, 35, 108, 36, 1, -1, -0.7853981633974483, 1.4142135623730951
297, 10, 133, 198, 132, 199, 1, -1, -0.7853981633974483, 1.4142135623730951
297, 22, 7, 202, 6, 203, 1, -1, -0.7853981633974483, 1.4142135623730951
298, 0, 132, 34, 131, 35, 1, -1, -0.7853981633974483, 1.4142135623730951
298, 1, 110, 34, 109, 35, 1, -1, -0.7853981633974483, 1.4142135623730951
298, 6, 77, 68, 76, 69, 1, -1, -0.7853981633974483, 1.4142135623730951
298, 7, 128, 49, 127, 50, 1, -1, -0.7853981633974483, 1.4142135623730951
298, 10, 134, 197, 133, 198, 1, -1, -0.7853981633974483, 1.4142135623730951
298, 14, 141, 182, 140, 181, 1, 1, 0.7853981633974483, 1.4142135623730951
298, 23, 90, 36, 89, 37, 1, -1, -0.7853981633974483, 1.4142135623730951
298, 24, 70, 174, 68, 174, 2, 0, 0.0, 2.0
298, 31, 16, 86, 15, 87, 1, -1, -0.7853981633974483, 1.4142135623730951
298, 35, 49, 168, 48, 169, 1, -1, -0.7853981633974483, 1.4142135623730951
298, 38, 112, 173, 111, 174, 1, -1, -0.7853981633974483, 1.4142135623730951
299, 10, 136, 197, 134, 197, 2, 0, 0.0, 2.0
299, 14, 142, 185, 141, 182, 1, 3, 1.2490457723982544, 3.1622776601683795
299, 18, 27, 200, 26, 201, 1, -1, -0.7853981633974483, 1.4142135623730951
299, 28, 66, 184, 65, 185, 1, -1, -0.7853981633974483, 1.4142135623730951
299, 29, 133, 60, 132, 61, 1, -1, -0.7853981633974483, 1.4142135623730951
299, 31, 17, 85, 16, 86, 1, -1, -0.7853981633974483, 1.4142135623730951
299, 33, 32, 49, 31, 50, 1, -1, -0.7853981633974483, 1.4142135623730951
299, 36, 66, 162, 65, 163, 1, -1, -0.7853981633974483, 1.4142135623730951
300, 7, 5, 98, 4, 99, 1, -1, -0.7853981633974483, 1.4142135623730951
300, 27, 89, 38, 88, 39, 1, -1, -0.7853981633974483, 1.4142135623730951
300, 29, 8, 203, 7, 204, 1, -1, -0.7853981633974483, 1.4142135623730951
300, 35, 136, 64, 135, 65, 1, -1, -0.7853981633974483, 1.4142135623730951
300, 38, 96, 82, 95, 83, 1, -1, -0.7853981633974483, 1.4142135623730951
301, 4, 91, 54, 91, 56, 0, -2, -1.5707963267948966, 2.0
301, 21, 75, 37, 74, 38, 1, -1, -0.7853981633974483, 1.4142135623730951
301, 26, 54, 39, 53, 40, 1, -1, -0.7853981633974483, 1.4142135623730951
301, 32, 160, 176, 159, 177, 1, -1, -0.7853981633974483, 1.4142135623730951
301, 36, 101, 196, 100, 197, 1, -1, -0.7853981633974483, 1.4142135623730951
301, 38, 97, 81, 96, 82, 1, -1, -0.7853981633974483, 1.4142135623730951
301, 39, 52, 169, 51, 170, 1, -1, -0.7853981633974483, 1.4142135623730951
301, 40, 100, 60, 99, 61, 1, -1, -0.7853981633974483, 1.4142135623730951
302, 0, 37, 54, 36, 55, 1, -1, -0.7853981633974483, 1.4142135623730951
302, 12, 67, 76, 66, 77, 1, -1, -0.7853981633974483, 1.4142135623730951
302, 17, 151, 62, 150, 63, 1, -1, -0.7853981633974483, 1.4142135623730951
302, 25, 77, 84, 76, 85, 1, -1, -0.7853981633974483, 1.4142135623730951
302, 35, 137, 63, 136, 64, 1, -1, -0.7853981633974483, 1.4142135623730951
302, 36, 102, 195, 101, 196, 1, -1, -0.7853981633974483, 1.4142135623730951
302, 38, 98, 80, 97, 81, 1, -1, -0.7853981633974483, 1.4142135623730951
303, 7, 6, 96, 5, 97, 1, -1, -0.7853981633974483, 1.4142135623730951
303, 19, 130, 53, 129, 54, 1, -1, -0.7853981633974483, 1.4142135623730951
303, 32, 162, 175, 161, 176, 1, -1, -0.7853981633974483, 1.4142135623730951
303, 38, 99, 79, 98, 80, 1, -1, -0.7853981633974483, 1.4142135623730951
303, 42, 182, 181, 180, 182, 2, -1, -0.4636476090008061, 2.23606797749979
304, 1, 136, 36, 135, 37, 1, -1, -0.7853981633974483, 1.4142135623730951
304, 4, 92, 51, 91, 52, 1, -1, -0.7853981633974483, 1.4142135623730951
304, 5, 112, 34, 111, 35, 1, -1, -0.7853981633974483, 1.4142135623730951
304, 7, 7, 95, 6, 96, 1, -1, -0.7853981633974483, 1.4142135623730951
304, 12, 50, 179, 49, 180, 1, -1, -0.7853981633974483, 1.4142135623730951
304, 16, 153, 60, 151, 61, 2, -1, -0.4636476090008061, 2.23606797749979
304, 28, 10, 201, 8, 202, 2, -1, -0.4636476090008061, 2.23606797749979
305, 11, 57, 85, 56, 86, 1, -1, -0.7853981633974483, 1.4142135623730951
305, 23, 155, 61, 154, 62, 1, -1, -0.7853981633974483, 1.4142135623730951
305, 24, 98, 167, 97, 168, 1, -1, -0.7853981633974483, 1.4142135623730951
305, 30, 113, 161, 112, 162, 1, -1, -0.7853981633974483, 1.4142135623730951
305, 32, 37, 53, 36, 54, 1, -1, -0.7853981633974483, 1.4142135623730951
305, 36, 56, 40, 55, 41, 1, -1, -0.7853981633974483, 1.4142135623730951
305, 38, 104, 197, 103, 198, 1, -1, -0.7853981633974483, 1.4142135623730951
306, 12, 80, 85, 79, 86, 1, -1, -0.7853981633974483, 1.4142135623730951
306, 17, 91, 37, 90, 38, 1, -1, -0.7853981633974483, 1.4142135623730951
306, 40, 130, 185, 129, 186, 1, -1, -0.7853981633974483, 1.4142135623730951
306, 42, 154, 195, 153, 196, 1, -1, -0.7853981633974483, 1.4142135623730951
307, 2, 1, 99, 1, 97, 0, 2, 1.5707963267948966, 2.0
307, 4, 138, 200, 136, 201, 2, -1, -0.4636476090008061, 2.23606797749979
307, 10, 51, 182, 50, 183, 1, -1, -0.7853981633974483, 1.4142135623730951
307, 23, 156, 60, 155, 61, 1, -1, -0.7853981633974483, 1.4142135623730951
307, 25, 32, 200, 31, 201, 1, -1, -0.7853981633974483, 1.4142135623730951
307, 26, 70, 150, 69, 151, 1, -1, -0.7853981633974483, 1.4142135623730951
308, 9, 111, 69, 110, 70, 1, -1, -0.7853981633974483, 1.4142135623730951
308, 15, 165, 174, 164, 175, 1, -1, -0.7853981633974483, 1.4142135623730951
308, 17, 93, 36, 92, 37, 1, -1, -0.7853981633974483, 1.4142135623730951
308, 22, 37, 61, 36, 62, 1, -1, -0.7853981633974483, 1.4142135623730951
308, 23, 157, 59, 156, 60, 1, -1, -0.7853981633974483, 1.4142135623730951
308, 32, 39, 52, 38, 53, 1, -1, -0.7853981633974483, 1.4142135623730951
308, 41, 127, 67, 126, 68, 1, -1, -0.7853981633974483, 1.4142135623730951
309, 0, 138, 37, 137, 38, 1, -1, -0.7853981633974483, 1.4142135623730951
309, 7, 27, 162, 26, 161, 1, 1, 0.7853981633974483, 1.4142135623730951
309, 20, 137, 62, 136, 63, 1, -1, -0.7853981633974483, 1.4142135623730951
309, 21, 38, 60, 37, 61, 1, -1, -0.7853981633974483, 1.4142135623730951
309, 22, 159, 59, 157, 59, 2, 0, 0.0, 2.0
309, 23, 99, 166, 98, 167, 1, -1, -0.7853981633974483, 1.4142135623730951
309, 33, 103, 58, 102, 59, 1, -1, -0.7853981633974483, 1.4142135623730951
309, 40, 156, 193, 155, 194, 1, -1, -0.7853981633974483, 1.4142135623730951
310, 7, 59, 146, 58, 147, 1, -1, -0.7853981633974483, 1.4142135623730951
310, 14, 166, 176, 165, 177, 1, -1, -0.7853981633974483, 1.4142135623730951
310, 18, 40, 63, 39, 64, 1, -1, -0.7853981633974483, 1.4142135623730951
310, 19, 140, 64, 139, 65, 1, -1, -0.7853981633974483, 1.4142135623730951
310, 20, 53, 181, 52, 182, 1, -1, -0.7853981633974483, 1.4142135623730951
310, 32, 81, 83, 80, 84, 1, -1, -0.7853981633974483, 1.4142135623730951
310, 42, 106, 199, 105, 200, 1, -1, -0.7853981633974483, 1.4142135623730951
310, 43, 100, 80, 99, 81, 1, -1, -0.7853981633974483, 1.4142135623730951
311, 14, 167, 175, 166, 176, 1, -1, -0.7853981633974483, 1.4142135623730951
311, 28, 20, 88, 19, 89, 1, -1, -0.7853981633974483, 1.4142135623730951
311, 37, 45, 189, 44, 190, 1, -1, -0.7853981633974483, 1.4142135623730951
312, 5, 135, 52, 134, 53, 1, -1, -0.7853981633974483, 1.4142135623730951
312, 12, 142, 199, 141, 200, 1, -1, -0.7853981633974483, 1.4142135623730951
312, 14, 168, 174, 167, 175, 1, -1, -0.7853981633974483, 1.4142135623730951
312, 17, 96, 36, 95, 37, 1, -1, -0.7853981633974483, 1.4142135623730951
312, 20, 54, 180, 53, 181, 1, -1, -0.7853981633974483, 1.4142135623730951
312, 22, 34, 200, 33, 201, 1, -1, -0.7853981633974483, 1.4142135623730951
312, 27, 21, 89, 20, 88, 1, 1, 0.7853981633974483, 1.4142135623730951
312, 31, 82, 81, 81, 82, 1, -1, -0.7853981633974483, 1.4142135623730951
312, 32, 61, 159, 60, 160, 1, -1, -0.7853981633974483, 1.4142135623730951
312, 36, 132, 187, 131, 188, 1, -1, -0.7853981633974483, 1.4142135623730951
312, 41, 101, 78, 100, 79, 1, -1, -0.7853981633974483, 1.4142135623730951
313, 1, 141, 36, 140, 37, 1, -1, -0.7853981633974483, 1.4142135623730951
313, 7, 62, 145, 61, 146, 1, -1, -0.7853981633974483, 1.4142135623730951
314, 5, 136, 51, 135, 52, 1, -1, -0.7853981633974483, 1.4142135623730951
314, 17, 97, 35, 96, 36, 1, -1, -0.7853981633974483, 1.4142135623730951
314, 28, 73, 151, 72, 152, 1, -1, -0.7853981633974483, 1.4142135623730951
315, 1, 143, 37, 142, 38, 1, -1, -0.7853981633974483, 1.4142135623730951
315, 15, 78, 151, 77, 152, 1, -1, -0.7853981633974483, 1.4142135623730951
315, 29, 169, 174, 168, 175, 1, -1, -0.7853981633974483, 1.4142135623730951
315, 40, 17, 201, 16, 202, 1, -1, -0.7853981633974483, 1.4142135623730951
315, 44, 158, 196, 157, 197, 1, -1, -0.7853981633974483, 1.4142135623730951
315, 45, 107, 199, 106, 200, 1, -1, -0.7853981633974483, 1.4142135623730951
315, 49, 74, 165, 73, 166, 1, -1, -0.7853981633974483, 1.4142135623730951
315, 50, 6, 184, 5, 185, 1, -1, -0.7853981633974483, 1.4142135623730951
315, 54, 12, 69, 9, 69, 3, 0, 0.0, 3.0
316, 0, 120, 35, 119, 36, 1, -1, -0.7853981633974483, 1.4142135623730951
316, 1, 144, 36, 143, 37, 1, -1, -0.7853981633974483, 1.4142135623730951
316, 11, 143, 200, 142, 201, 1, -1, -0.7853981633974483, 1.4142135623730951
316, 30, 126, 60, 125, 61, 1, -1, -0.7853981633974483, 1.4142135623730951
316, 52, 189, 181, 188, 182, 1, -1, -0.7853981633974483, 1.4142135623730951
316, 54, 13, 68, 12, 69, 1, -1, -0.7853981633974483, 1.4142135623730951
317, 2, 62, 83, 61, 84, 1, -1, -0.7853981633974483, 1.4142135623730951
317, 11, 144, 199, 143, 200, 1, -1, -0.7853981633974483, 1.4142135623730951
317, 17, 44, 152, 43, 153, 1, -1, -0.7853981633974483, 1.4142135623730951
317, 24, 83, 82, 82, 83, 1, -1, -0.7853981633974483, 1.4142135623730951
317, 32, 88, 170, 87, 171, 1, -1, -0.7853981633974483, 1.4142135623730951
317, 43, 59, 37, 58, 38, 1, -1, -0.7853981633974483, 1.4142135623730951
317, 48, 130, 170, 129, 171, 1, -1, -0.7853981633974483, 1.4142135623730951
317, 50, 7, 183, 6, 184, 1, -1, -0.7853981633974483, 1.4142135623730951
317, 53, 29, 67, 28, 68, 1, -1, -0.7853981633974483, 1.4142135623730951
317, 54, 15, 67, 13, 68, 2, -1, -0.4636476090008061, 2.23606797749979
318, 6, 43, 51, 42, 52, 1, -1, -0.7853981633974483, 1.4142135623730951
318, 9, 98, 35, 97, 36, 1, -1, -0.7853981633974483, 1.4142135623730951
318, 13, 136, 49, 135, 50, 1, -1, -0.7853981633974483, 1.4142135623730951
318, 24, 84, 81, 83, 82, 1, -1, -0.7853981633974483, 1.4142135623730951
318, 31, 90, 169, 88, 170, 2, -1, -0.4636476090008061, 2.23606797749979
318, 33, 81, 196, 79, 197, 2, -1, -0.4636476090008061, 2.23606797749979
318, 34, 46, 74, 45, 75, 1, -1, -0.7853981633974483, 1.4142135623730951
318, 47, 132, 169, 130, 170, 2, -1, -0.4636476090008061, 2.23606797749979
318, 51, 192, 180, 190, 181, 2, -1, -0.4636476090008061, 2.23606797749979
318, 53, 16, 66, 15, 67, 1, -1, -0.7853981633974483, 1.4142135623730951
319, 18, 152, 185, 151, 184, 1, 1, 0.7853981633974483, 1.4142135623730951
319, 30, 91, 168, 90, 169, 1, -1, -0.7853981633974483, 1.4142135623730951
319, 44, 64, 159, 63, 160, 1, -1, -0.7853981633974483, 1.4142135623730951
319, 49, 193, 179, 192, 180, 1, -1, -0.7853981633974483, 1.4142135623730951
319, 50, 30, 66, 29, 67, 1, -1, -0.7853981633974483, 1.4142135623730951
319, 51, 17, 65, 16, 66, 1, -1, -0.7853981633974483, 1.4142135623730951
320, 7, 63, 65, 60, 66, 3, -1, -0.3217505543966422, 3.1622776601683795
320, 15, 48, 153, 46, 154, 2, -1, -0.4636476090008061, 2.23606797749979
320, 18, 58, 182, 57, 183, 1, -1, -0.7853981633974483, 1.4142135623730951
320, 22, 75, 73, 74, 74, 1, -1, -0.7853981633974483, 1.4142135623730951
320, 28, 135, 186, 134, 187, 1, -1, -0.7853981633974483, 1.4142135623730951
320, 32, 83, 198, 82, 199, 1, -1, -0.7853981633974483, 1.4142135623730951
320, 33, 172, 175, 171, 176, 1, -1, -0.7853981633974483, 1.4142135623730951
320, 34, 126, 194, 125, 195, 1, -1, -0.7853981633974483, 1.4142135623730951
320, 37, 144, 63, 143, 64, 1, -1, -0.7853981633974483, 1.4142135623730951
320, 38, 46, 52, 45, 53, 1, -1, -0.7853981633974483, 1.4142135623730951
320, 40, 151, 185, 150, 186, 1, -1, -0.7853981633974483, 1.4142135623730951
321, 11, 90, 170, 89, 171, 1, -1, -0.7853981633974483, 1.4142135623730951
321, 28, 137, 186, 135, 186, 2, 0, 0.0, 2.0
321, 32, 84, 197, 83, 198, 1, -1, -0.7853981633974483, 1.4142135623730951
322, 11, 91, 171, 90, 170, 1, 1, 0.7853981633974483, 1.4142135623730951
322, 12, 122, 176, 121, 177, 1, -1, -0.7853981633974483, 1.4142135623730951
322, 18, 60, 181, 59, 182, 1, -1, -0.7853981633974483, 1.4142135623730951
322, 28, 139, 185, 137, 186, 2, -1, -0.4636476090008061, 2.23606797749979
322, 32, 86, 196, 84, 197, 2, -1, -0.4636476090008061, 2.23606797749979
322, 37, 145, 61, 144, 62, 1, -1, -0.7853981633974483, 1.4142135623730951
323, 6, 101, 34, 100, 35, 1, -1, -0.7853981633974483, 1.4142135623730951
323, 12, 126, 175, 122, 176, 4, -1, -0.24497866312686414, 4.123105625617661
323, 15, 49, 152, 48, 153, 1, -1, -0.7853981633974483, 1.4142135623730951
323, 28, 140, 184, 139, 185, 1, -1, -0.7853981633974483, 1.4142135623730951
323, 32, 89, 196, 86, 196, 3, 0, 0.0, 3.0
323, 36, 12, 184, 10, 185, 2, -1, -0.4636476090008061, 2.23606797749979
323, 39, 154, 184, 153, 185, 1, -1, -0.7853981633974483, 1.4142135623730951
323, 41, 77, 152, 76, 153, 1, -1, -0.7853981633974483, 1.4142135623730951
324, 1, 139, 47, 138, 48, 1, -1, -0.7853981633974483, 1.4142135623730951
324, 11, 94, 171, 92, 171, 2, 0, 0.0, 2.0
324, 12, 128, 174, 126, 175, 2, -1, -0.4636476090008061, 2.23606797749979
324, 25, 47, 187, 46, 188, 1, -1, -0.7853981633974483, 1.4142135623730951
324, 28, 144, 183, 140, 184, 4, -1, -0.24497866312686414, 4.123105625617661
324, 30, 78, 165, 77, 166, 1, -1, -0.7853981633974483, 1.4142135623730951
324, 32, 90, 195, 89, 196, 1, -1, -0.7853981633974483, 1.4142135623730951
324, 34, 127, 193, 126, 194, 1, -1, -0.7853981633974483, 1.4142135623730951
324, 37, 147, 60, 146, 61, 1, -1, -0.7853981633974483, 1.4142135623730951
324, 39, 155, 183, 154, 184, 1, -1, -0.7853981633974483, 1.4142135623730951
324, 40, 21, 198, 19, 199, 2, -1, -0.4636476090008061, 2.23606797749979
324, 42, 109, 56, 108, 57, 1, -1, -0.7853981633974483, 1.4142135623730951
325, 6, 6, 61, 5, 62, 1, -1, -0.7853981633974483, 1.4142135623730951
325, 18, 84, 35, 83, 36, 1, -1, -0.7853981633974483, 1.4142135623730951
325, 28, 147, 64, 146, 65, 1, -1, -0.7853981633974483, 1.4142135623730951
325, 29, 25, 86, 24, 87, 1, -1, -0.7853981633974483, 1.4142135623730951
325, 36, 44, 50, 44, 52, 0, -2, -1.5707963267948966, 2.0
325, 38, 79, 165, 78, 166, 1, -1, -0.7853981633974483, 1.4142135623730951
326, 28, 26, 85, 25, 86, 1, -1, -0.7853981633974483, 1.4142135623730951
326, 30, 40, 200, 39, 201, 1, -1, -0.7853981633974483, 1.4142135623730951
326, 31, 63, 171, 62, 172, 1, -1, -0.7853981633974483, 1.4142135623730951
326, 35, 45, 49, 44, 50, 1, -1, -0.7853981633974483, 1.4142135623730951
326, 37, 80, 164, 79, 165, 1, -1, -0.7853981633974483, 1.4142135623730951
326, 39, 98, 68, 98, 70, 0, -2, -1.5707963267948966, 2.0
326, 44, 125, 176, 124, 177, 1, -1, -0.7853981633974483, 1.4142135623730951
327, 11, 88, 80, 87, 81, 1, -1, -0.7853981633974483, 1.4142135623730951
327, 13, 165, 61, 164, 62, 1, -1, -0.7853981633974483, 1.4142135623730951
327, 28, 27, 84, 26, 85, 1, -1, -0.7853981633974483, 1.4142135623730951
327, 33, 108, 181, 107, 182, 1, -1, -0.7853981633974483, 1.4142135623730951
327, 49, 154, 184, 153, 185, 1, -1, -0.7853981633974483, 1.4142135623730951
328, 0, 127, 36, 126, 37, 1, -1, -0.7853981633974483, 1.4142135623730951
328, 17, 15, 94, 14, 95, 1, -1, -0.7853981633974483, 1.4142135623730951
328, 18, 85, 34, 84, 35, 1, -1, -0.7853981633974483, 1.4142135623730951
328, 22, 47, 61, 46, 62, 1, -1, -0.7853981633974483, 1.4142135623730951
328, 27, 148, 62, 147, 63, 1, -1, -0.7853981633974483, 1.4142135623730951
328, 28, 28, 83, 27, 84, 1, -1, -0.7853981633974483, 1.4142135623730951
328, 31, 64, 169, 63, 170, 1, -1, -0.7853981633974483, 1.4142135623730951
328, 43, 5, 43, 4, 44, 1, -1, -0.7853981633974483, 1.4142135623730951
328, 48, 198, 181, 197, 182, 1, -1, -0.7853981633974483, 1.4142135623730951
328, 49, 156, 183, 154, 184, 2, -1, -0.4636476090008061, 2.23606797749979
329, 1, 105, 35, 104, 36, 1, -1, -0.7853981633974483, 1.4142135623730951
329, 2, 151, 37, 150, 38, 1, -1, -0.7853981633974483, 1.4142135623730951
329, 4, 141, 48, 140, 49, 1, -1, -0.7853981633974483, 1.4142135623730951
329, 10, 50, 152, 49, 153, 1, -1, -0.7853981633974483, 1.4142135623730951
329, 11, 89, 78, 88, 79, 1, -1, -0.7853981633974483, 1.4142135623730951
329, 13, 167, 60, 166, 61, 1, -1, -0.7853981633974483, 1.4142135623730951
329, 23, 172, 173, 174, 173, -2, 0, 3.141592653589793, 2.0
329, 43, 6, 42, 5, 43, 1, -1, -0.7853981633974483, 1.4142135623730951
329, 48, 199, 180, 198, 181, 1, -1, -0.7853981633974483, 1.4142135623730951
329, 49, 158, 183, 156, 183, 2, 0, 0.0, 2.0
330, 1, 153, 38, 152, 39, 1, -1, -0.7853981633974483, 1.4142135623730951
330, 2, 129, 37, 128, 38, 1, -1, -0.7853981633974483, 1.4142135623730951
330, 8, 178, 176, 177, 177, 1, -1, -0.7853981633974483, 1.4142135623730951
330, 20, 6, 90, 5, 91, 1, -1, -0.7853981633974483, 1.4142135623730951
330, 22, 67, 83, 66, 84, 1, -1, -0.7853981633974483, 1.4142135623730951
330, 38, 29, 58, 28, 59, 1, -1, -0.7853981633974483, 1.4142135623730951
330, 40, 19, 72, 18, 73, 1, -1, -0.7853981633974483, 1.4142135623730951
330, 43, 131, 59, 130, 60, 1, -1, -0.7853981633974483, 1.4142135623730951
331, 0, 106, 36, 105, 37, 1, -1, -0.7853981633974483, 1.4142135623730951
331, 2, 130, 36, 129, 37, 1, -1, -0.7853981633974483, 1.4142135623730951
331, 7, 103, 51, 102, 52, 1, -1, -0.7853981633974483, 1.4142135623730951
331, 8, 179, 175, 178, 176, 1, -1, -0.7853981633974483, 1.4142135623730951
331, 22, 68, 82, 67, 83, 1, -1, -0.7853981633974483, 1.4142135623730951
331, 40, 20, 71, 19, 72, 1, -1, -0.7853981633974483, 1.4142135623730951
332, 0, 107, 35, 106, 36, 1, -1, -0.7853981633974483, 1.4142135623730951
332, 1, 154, 37, 153, 38, 1, -1, -0.7853981633974483, 1.4142135623730951
332, 2, 131, 35, 130, 36, 1, -1, -0.7853981633974483, 1.4142135623730951
332, 8, 180, 174, 179, 175, 1, -1, -0.7853981633974483, 1.4142135623730951
332, 25, 17, 95, 16, 96, 1, -1, -0.7853981633974483, 1.4142135623730951
332, 42, 99, 170, 101, 171, -2, -1, -2.677945044588987, 2.23606797749979
332, 48, 68, 40, 67, 41, 1, -1, -0.7853981633974483, 1.4142135623730951
333, 0, 108, 34, 107, 35, 1, -1, -0.7853981633974483, 1.4142135623730951
333, 4, 143, 47, 142, 48, 1, -1, -0.7853981633974483, 1.4142135623730951
333, 5, 51, 53, 50, 54, 1, -1, -0.7853981633974483, 1.4142135623730951
333, 6, 78, 74, 77, 75, 1, -1, -0.7853981633974483, 1.4142135623730951
333, 10, 154, 199, 153, 200, 1, -1, -0.7853981633974483, 1.4142135623730951
333, 13, 10, 59, 9, 60, 1, -1, -0.7853981633974483, 1.4142135623730951
333, 26, 82, 152, 81, 153, 1, -1, -0.7853981633974483, 1.4142135623730951
333, 34, 169, 196, 168, 197, 1, -1, -0.7853981633974483, 1.4142135623730951
333, 48, 69, 39, 68, 40, 1, -1, -0.7853981633974483, 1.4142135623730951
334, 1, 156, 36, 155, 37, 1, -1, -0.7853981633974483, 1.4142135623730951
334, 2, 133, 34, 132, 35, 1, -1, -0.7853981633974483, 1.4142135623730951
334, 4, 144, 46, 143, 47, 1, -1, -0.7853981633974483, 1.4142135623730951
334, 8, 184, 173, 180, 173, 4, 0, 0.0, 4.0
334, 10, 155, 198, 154, 199, 1, -1, -0.7853981633974483, 1.4142135623730951
334, 14, 121, 66, 120, 67, 1, -1, -0.7853981633974483, 1.4142135623730951
334, 25, 18, 93, 17, 94, 1, -1, -0.7853981633974483, 1.4142135623730951
334, 28, 45, 199, 44, 200, 1, -1, -0.7853981633974483, 1.4142135623730951
334, 35, 90, 79, 89, 80, 1, -1, -0.7853981633974483, 1.4142135623730951
334, 36, 171, 61, 170, 62, 1, -1, -0.7853981633974483, 1.4142135623730951
334, 43, 132, 55, 131, 56, 1, -1, -0.7853981633974483, 1.4142135623730951
334, 46, 11, 166, 10, 167, 1, -1, -0.7853981633974483, 1.4142135623730951
335, 0, 71, 147, 70, 148, 1, -1, -0.7853981633974483, 1.4142135623730951
335, 1, 37, 162, 36, 163, 1, -1, -0.7853981633974483, 1.4142135623730951
335, 8, 11, 61, 10, 62, 1, -1, -0.7853981633974483, 1.4142135623730951
335, 18, 146, 53, 145, 54, 1, -1, -0.7853981633974483, 1.4142135623730951
335, 26, 53, 193, 52, 194, 1, -1, -0.7853981633974483, 1.4142135623730951
335, 28, 70, 40, 69, 41, 1, -1, -0.7853981633974483, 1.4142135623730951
335, 33, 26, 201, 25, 202, 1, -1, -0.7853981633974483, 1.4142135623730951
335, 48, 25, 73, 24, 74, 1, -1, -0.7853981633974483, 1.4142135623730951
336, 5, 109, 36, 108, 37, 1, -1, -0.7853981633974483, 1.4142135623730951
336, 9, 156, 201, 155, 202, 1, -1, -0.7853981633974483, 1.4142135623730951
336, 19, 19, 95, 18, 96, 1, -1, -0.7853981633974483, 1.4142135623730951
336, 27, 68, 38, 70, 40, -2, -2, -2.356194490192345, 2.8284271247461903
336, 29, 152, 64, 151, 65, 1, -1, -0.7853981633974483, 1.4142135623730951
336, 39, 127, 178, 126, 179, 1, -1, -0.7853981633974483, 1.4142135623730951
336, 43, 75, 68, 74, 69, 1, -1, -0.7853981633974483, 1.4142135623730951
337, 6, 92, 79, 92, 81, 0, -2, -1.5707963267948966, 2.0
337, 12, 8, 88, 7, 89, 1, -1, -0.7853981633974483, 1.4142135623730951
337, 18, 147, 52, 146, 53, 1, -1, -0.7853981633974483, 1.4142135623730951
337, 19, 20, 94, 19, 95, 1, -1, -0.7853981633974483, 1.4142135623730951
337, 31, 133, 57, 132, 58, 1, -1, -0.7853981633974483, 1.4142135623730951
337, 53, 32, 57, 31, 58, 1, -1, -0.7853981633974483, 1.4142135623730951
338, 6, 93, 78, 92, 79, 1, -1, -0.7853981633974483, 1.4142135623730951
338, 8, 12, 58, 11, 59, 1, -1, -0.7853981633974483, 1.4142135623730951
338, 9, 157, 199, 156, 200, 1, -1, -0.7853981633974483, 1.4142135623730951
338, 28, 50, 60, 49, 61, 1, -1, -0.7853981633974483, 1.4142135623730951
338, 32, 27, 199, 26, 200, 1, -1, -0.7853981633974483, 1.4142135623730951
338, 40, 97, 172, 96, 173, 1, -1, -0.7853981633974483, 1.4142135623730951
338, 47, 171, 59, 170, 60, 1, -1, -0.7853981633974483, 1.4142135623730951
339, 1, 39, 161, 38, 162, 1, -1, -0.7853981633974483, 1.4142135623730951
339, 3, 132, 36, 131, 37, 1, -1, -0.7853981633974483, 1.4142135623730951
339, 8, 158, 198, 157, 199, 1, -1, -0.7853981633974483, 1.4142135623730951
339, 9, 85, 54, 84, 55, 1, -1, -0.7853981633974483, 1.4142135623730951
339, 11, 9, 86, 8, 87, 1, -1, -0.7853981633974483, 1.4142135623730951
339, 22, 125, 165, 124, 166, 1, -1, -0.7853981633974483, 1.4142135623730951
339, 28, 153, 62, 152, 63, 1, -1, -0.7853981633974483, 1.4142135623730951
339, 33, 119, 195, 118, 196, 1, -1, -0.7853981633974483, 1.4142135623730951
339, 35, 171, 196, 170, 197, 1, -1, -0.7853981633974483, 1.4142135623730951
339, 37, 112, 55, 111, 56, 1, -1, -0.7853981633974483, 1.4142135623730951
339, 43, 67, 169, 66, 171, 1, -2, -1.1071487177940904, 2.23606797749979
339, 45, 27, 82, 26, 83, 1, -1, -0.7853981633974483, 1.4142135623730951
340, 1, 158, 38, 156, 38, 2, 0, 0.0, 2.0
340, 3, 110, 36, 109, 37, 1, -1, -0.7853981633974483, 1.4142135623730951
340, 21, 174, 63, 173, 64, 1, -1, -0.7853981633974483, 1.4142135623730951
340, 26, 1, 185, 1, 187, 0, -2, -1.5707963267948966, 2.0
340, 27, 154, 63, 153, 64, 1, -1, -0.7853981633974483, 1.4142135623730951
340, 30, 136, 58, 135, 59, 1, -1, -0.7853981633974483, 1.4142135623730951
340, 35, 47, 201, 46, 202, 1, -1, -0.7853981633974483, 1.4142135623730951
340, 39, 31, 205, 30, 206, 1, -1, -0.7853981633974483, 1.4142135623730951
340, 46, 127, 178, 128, 180, -1, -2, -2.0344439357957027, 2.23606797749979
341, 21, 175, 62, 174, 63, 1, -1, -0.7853981633974483, 1.4142135623730951
341, 30, 184, 176, 183, 177, 1, -1, -0.7853981633974483, 1.4142135623730951
341, 32, 23, 95, 22, 96, 1, -1, -0.7853981633974483, 1.4142135623730951
342, 2, 158, 200, 157, 201, 1, -1, -0.7853981633974483, 1.4142135623730951
342, 26, 156, 62, 155, 63, 1, -1, -0.7853981633974483, 1.4142135623730951
342, 29, 185, 175, 184, 176, 1, -1, -0.7853981633974483, 1.4142135623730951
342, 32, 48, 200, 47, 201, 1, -1, -0.7853981633974483, 1.4142135623730951
343, 9, 69, 199, 68, 200, 1, -1, -0.7853981633974483, 1.4142135623730951
343, 25, 87, 153, 86, 154, 1, -1, -0.7853981633974483, 1.4142135623730951
343, 34, 94, 78, 93, 79, 1, -1, -0.7853981633974483, 1.4142135623730951
344, 2, 159, 199, 158, 200, 1, -1, -0.7853981633974483, 1.4142135623730951
344, 3, 112, 35, 111, 36, 1, -1, -0.7853981633974483, 1.4142135623730951
344, 8, 124, 65, 123, 66, 1, -1, -0.7853981633974483, 1.4142135623730951
344, 22, 53, 58, 52, 59, 1, -1, -0.7853981633974483, 1.4142135623730951
344, 26, 157, 61, 156, 62, 1, -1, -0.7853981633974483, 1.4142135623730951
344, 28, 137, 54, 136, 55, 1, -1, -0.7853981633974483, 1.4142135623730951
345, 16, 25, 96, 24, 97, 1, -1, -0.7853981633974483, 1.4142135623730951
345, 22, 157, 64, 156, 65, 1, -1, -0.7853981633974483, 1.4142135623730951
345, 35, 96, 79, 95, 81, 1, -2, -1.1071487177940904, 2.23606797749979
346, 6, 12, 87, 11, 88, 1, -1, -0.7853981633974483, 1.4142135623730951
346, 13, 188, 176, 187, 177, 1, -1, -0.7853981633974483, 1.4142135623730951
346, 27, 69, 182, 68, 183, 1, -1, -0.7853981633974483, 1.4142135623730951
347, 0, 138, 37, 137, 38, 1, -1, -0.7853981633974483, 1.4142135623730951
347, 3, 162, 37, 161, 38, 1, -1, -0.7853981633974483, 1.4142135623730951
347, 6, 13, 86, 12, 87, 1, -1, -0.7853981633974483, 1.4142135623730951
347, 13, 189, 175, 188, 176, 1, -1, -0.7853981633974483, 1.4142135623730951
347, 20, 58, 153, 57, 154, 1, -1, -0.7853981633974483, 1.4142135623730951
347, 31, 137, 56, 137, 58, 0, -2, -1.5707963267948966, 2.0
348, 0, 139, 36, 138, 37, 1, -1, -0.7853981633974483, 1.4142135623730951
348, 6, 14, 85, 13, 86, 1, -1, -0.7853981633974483, 1.4142135623730951
348, 21, 57, 49, 56, 50, 1, -1, -0.7853981633974483, 1.4142135623730951
348, 35, 100, 79, 98, 79, 2, 0, 0.0, 2.0
349, 0, 140, 35, 139, 36, 1, -1, -0.7853981633974483, 1.4142135623730951
349, 3, 164, 36, 163, 37, 1, -1, -0.7853981633974483, 1.4142135623730951
349, 6, 16, 85, 14, 85, 2, 0, 0.0, 2.0
349, 22, 158, 62, 157, 63, 1, -1, -0.7853981633974483, 1.4142135623730951
350, 0, 140, 36, 139, 37, 1, -1, -0.7853981633974483, 1.4142135623730951
350, 1, 119, 36, 118, 37, 1, -1, -0.7853981633974483, 1.4142135623730951
350, 10, 29, 97, 28, 98, 1, -1, -0.7853981633974483, 1.4142135623730951
350, 24, 61, 51, 60, 52, 1, -1, -0.7853981633974483, 1.4142135623730951
350, 25, 99, 80, 98, 81, 1, -1, -0.7853981633974483, 1.4142135623730951
350, 35, 5, 185, 4, 186, 1, -1, -0.7853981633974483, 1.4142135623730951
351, 0, 141, 35, 140, 36, 1, -1, -0.7853981633974483, 1.4142135623730951
351, 1, 120, 35, 119, 36, 1, -1, -0.7853981633974483, 1.4142135623730951
351, 3, 14, 86, 13, 87, 1, -1, -0.7853981633974483, 1.4142135623730951
351, 10, 30, 96, 29, 97, 1, -1, -0.7853981633974483, 1.4142135623730951
351, 21, 153, 49, 152, 50, 1, -1, -0.7853981633974483, 1.4142135623730951
351, 22, 191, 175, 190, 176, 1, -1, -0.7853981633974483, 1.4142135623730951
351, 23, 163, 201, 162, 202, 1, -1, -0.7853981633974483, 1.4142135623730951
351, 24, 62, 50, 61, 51, 1, -1, -0.7853981633974483, 1.4142135623730951
351, 30, 159, 62, 158, 63, 1, -1, -0.7853981633974483, 1.4142135623730951
351, 40, 141, 200, 140, 201, 1, -1, -0.7853981633974483, 1.4142135623730951
352, 0, 142, 34, 141, 35, 1, -1, -0.7853981633974483, 1.4142135623730951
352, 1, 121, 34, 120, 35, 1, -1, -0.7853981633974483, 1.4142135623730951
352, 8, 164, 37, 163, 38, 1, -1, -0.7853981633974483, 1.4142135623730951
352, 20, 59, 191, 58, 192, 1, -1, -0.7853981633974483, 1.4142135623730951
352, 23, 164, 200, 163, 201, 1, -1, -0.7853981633974483, 1.4142135623730951
352, 27, 53, 200, 52, 201, 1, -1, -0.7853981633974483, 1.4142135623730951
352, 28, 134, 180, 133, 179, 1, 1, 0.7853981633974483, 1.4142135623730951
352, 35, 6, 184, 5, 185, 1, -1, -0.7853981633974483, 1.4142135623730951
352, 37, 141, 54, 140, 55, 1, -1, -0.7853981633974483, 1.4142135623730951
352, 47, 180, 196, 179, 197, 1, -1, -0.7853981633974483, 1.4142135623730951
352, 49, 97, 198, 96, 199, 1, -1, -0.7853981633974483, 1.4142135623730951
353, 3, 15, 84, 14, 85, 1, -1, -0.7853981633974483, 1.4142135623730951
353, 13, 60, 154, 59, 155, 1, -1, -0.7853981633974483, 1.4142135623730951
353, 16, 47, 82, 46, 83, 1, -1, -0.7853981633974483, 1.4142135623730951
353, 22, 193, 174, 192, 175, 1, -1, -0.7853981633974483, 1.4142135623730951
353, 29, 167, 183, 166, 184, 1, -1, -0.7853981633974483, 1.4142135623730951
353, 30, 160, 60, 159, 61, 1, -1, -0.7853981633974483, 1.4142135623730951
353, 33, 105, 173, 103, 173, 2, 0, 0.0, 2.0
353, 49, 99, 197, 97, 198, 2, -1, -0.4636476090008061, 2.23606797749979
353, 53, 60, 74, 59, 75, 1, -1, -0.7853981633974483, 1.4142135623730951
354, 12, 18, 56, 17, 57, 1, -1, -0.7853981633974483, 1.4142135623730951
354, 22, 194, 173, 193, 174, 1, -1, -0.7853981633974483, 1.4142135623730951
354, 26, 151, 174, 149, 174, 2, 0, 0.0, 2.0
354, 29, 168, 182, 167, 183, 1, -1, -0.7853981633974483, 1.4142135623730951
354, 37, 142, 52, 141, 53, 1, -1, -0.7853981633974483, 1.4142135623730951
354, 48, 101, 197, 99, 197, 2, 0, 0.0, 2.0
355, 2, 166, 38, 165, 39, 1, -1, -0.7853981633974483, 1.4142135623730951
355, 12, 101, 80, 100, 81, 1, -1, -0.7853981633974483, 1.4142135623730951
355, 27, 25, 186, 24, 187, 1, -1, -0.7853981633974483, 1.4142135623730951
355, 34, 169, 184, 168, 185, 1, -1, -0.7853981633974483, 1.4142135623730951
355, 37, 38, 205, 37, 206, 1, -1, -0.7853981633974483, 1.4142135623730951
355, 41, 109, 66, 108, 67, 1, -1, -0.7853981633974483, 1.4142135623730951
356, 32, 144, 201, 142, 201, 2, 0, 0.0, 2.0
356, 42, 184, 60, 183, 61, 1, -1, -0.7853981633974483, 1.4142135623730951
357, 8, 17, 86, 16, 87, 1, -1, -0.7853981633974483, 1.4142135623730951
357, 10, 167, 200, 166, 201, 1, -1, -0.7853981633974483, 1.4142135623730951
357, 11, 21, 58, 20, 59, 1, -1, -0.7853981633974483, 1.4142135623730951
357, 12, 102, 79, 101, 80, 1, -1, -0.7853981633974483, 1.4142135623730951
357, 19, 94, 154, 93, 155, 1, -1, -0.7853981633974483, 1.4142135623730951
357, 22, 140, 51, 140, 53, 0, -2, -1.5707963267948966, 2.0
357, 28, 190, 175, 191, 174, -1, 1, 2.356194490192345, 1.4142135623730951
357, 35, 76, 173, 75, 174, 1, -1, -0.7853981633974483, 1.4142135623730951
357, 42, 185, 59, 184, 60, 1, -1, -0.7853981633974483, 1.4142135623730951
357, 46, 183, 197, 182, 198, 1, -1, -0.7853981633974483, 1.4142135623730951
358, 10, 168, 199, 167, 200, 1, -1, -0.7853981633974483, 1.4142135623730951
358, 42, 186, 58, 185, 59, 1, -1, -0.7853981633974483, 1.4142135623730951
359, 0, 156, 46, 155, 47, 1, -1, -0.7853981633974483, 1.4142135623730951
359, 5, 99, 32, 98, 33, 1, -1, -0.7853981633974483, 1.4142135623730951
359, 31, 162, 61, 161, 62, 1, -1, -0.7853981633974483, 1.4142135623730951
359, 33, 35, 80, 34, 81, 1, -1, -0.7853981633974483, 1.4142135623730951
359, 35, 77, 172, 76, 173, 1, -1, -0.7853981633974483, 1.4142135623730951
359, 40, 17, 38, 16, 39, 1, -1, -0.7853981633974483, 1.4142135623730951
359, 41, 110, 62, 109, 63, 1, -1, -0.7853981633974483, 1.4142135623730951
359, 42, 187, 57, 186, 58, 1, -1, -0.7853981633974483, 1.4142135623730951
359, 46, 184, 196, 183, 197, 1, -1, -0.7853981633974483, 1.4142135623730951
359, 50, 144, 60, 143, 61, 1, -1, -0.7853981633974483, 1.4142135623730951
360, 10, 132, 168, 131, 169, 1, -1, -0.7853981633974483, 1.4142135623730951
360, 23, 74, 184, 73, 185, 1, -1, -0.7853981633974483, 1.4142135623730951
360, 24, 77, 200, 76, 201, 1, -1, -0.7853981633974483, 1.4142135623730951
360, 26, 120, 56, 120, 58, 0, -2, -1.5707963267948966, 2.0
360, 27, 197, 176, 196, 177, 1, -1, -0.7853981633974483, 1.4142135623730951
360, 32, 33, 95, 32, 96, 1, -1, -0.7853981633974483, 1.4142135623730951
360, 33, 93, 178, 94, 180, -1, -2, -2.0344439357957027, 2.23606797749979
360, 34, 19, 87, 18, 88, 1, -1, -0.7853981633974483, 1.4142135623730951
360, 43, 185, 197, 184, 198, 1, -1, -0.7853981633974483, 1.4142135623730951
361, 13, 9, 186, 8, 187, 1, -1, -0.7853981633974483, 1.4142135623730951
361, 21, 96, 155, 95, 156, 1, -1, -0.7853981633974483, 1.4142135623730951
361, 30, 128, 196, 127, 197, 1, -1, -0.7853981633974483, 1.4142135623730951
361, 32, 34, 94, 33, 95, 1, -1, -0.7853981633974483, 1.4142135623730951
361, 41, 173, 185, 172, 186, 1, -1, -0.7853981633974483, 1.4142135623730951
361, 47, 219, 181, 218, 182, 1, -1, -0.7853981633974483, 1.4142135623730951
362, 9, 170, 199, 169, 200, 1, -1, -0.7853981633974483, 1.4142135623730951
362, 37, 186, 62, 185, 63, 1, -1, -0.7853981633974483, 1.4142135623730951
363, 8, 170, 37, 169, 38, 1, -1, -0.7853981633974483, 1.4142135623730951
363, 26, 121, 54, 120, 55, 1, -1, -0.7853981633974483, 1.4142135623730951
363, 27, 199, 175, 198, 176, 1, -1, -0.7853981633974483, 1.4142135623730951
363, 32, 36, 93, 35, 94, 1, -1, -0.7853981633974483, 1.4142135623730951
363, 33, 97, 177, 95, 178, 2, -1, -0.4636476090008061, 2.23606797749979
363, 39, 21, 43, 20, 44, 1, -1, -0.7853981633974483, 1.4142135623730951
364, 0, 125, 36, 124, 37, 1, -1, -0.7853981633974483, 1.4142135623730951
364, 1, 149, 36, 148, 37, 1, -1, -0.7853981633974483, 1.4142135623730951
364, 8, 171, 36, 170, 37, 1, -1, -0.7853981633974483, 1.4142135623730951
364, 9, 171, 198, 170, 199, 1, -1, -0.7853981633974483, 1.4142135623730951
364, 24, 122, 53, 121, 54, 1, -1, -0.7853981633974483, 1.4142135623730951
364, 30, 37, 92, 36, 93, 1, -1, -0.7853981633974483, 1.4142135623730951
364, 37, 22, 42, 21, 43, 1, -1, -0.7853981633974483, 1.4142135623730951
364, 38, 78, 173, 77, 174, 1, -1, -0.7853981633974483, 1.4142135623730951
364, 40, 41, 204, 39, 205, 2, -1, -0.4636476090008061, 2.23606797749979
364, 43, 60, 60, 59, 61, 1, -1, -0.7853981633974483, 1.4142135623730951
365, 9, 106, 80, 105, 81, 1, -1, -0.7853981633974483, 1.4142135623730951
365, 15, 97, 155, 96, 156, 1, -1, -0.7853981633974483, 1.4142135623730951
365, 37, 141, 180, 140, 181, 1, -1, -0.7853981633974483, 1.4142135623730951
365, 39, 155, 175, 154, 176, 1, -1, -0.7853981633974483, 1.4142135623730951
365, 41, 147, 53, 146, 54, 1, -1, -0.7853981633974483, 1.4142135623730951
365, 45, 67, 76, 66, 77, 1, -1, -0.7853981633974483, 1.4142135623730951
366, 0, 149, 36, 148, 37, 1, -1, -0.7853981633974483, 1.4142135623730951
366, 1, 126, 36, 125, 37, 1, -1, -0.7853981633974483, 1.4142135623730951
366, 3, 173, 38, 172, 39, 1, -1, -0.7853981633974483, 1.4142135623730951
366, 8, 17, 173, 15, 173, 2, 0, 0.0, 2.0
366, 10, 51, 164, 50, 165, 1, -1, -0.7853981633974483, 1.4142135623730951
366, 11, 68, 156, 67, 157, 1, -1, -0.7853981633974483, 1.4142135623730951
366, 16, 77, 184, 76, 185, 1, -1, -0.7853981633974483, 1.4142135623730951
366, 26, 9, 196, 5, 197, 4, -1, -0.24497866312686414, 4.123105625617661
366, 33, 67, 52, 66, 53, 1, -1, -0.7853981633974483, 1.4142135623730951
366, 39, 156, 174, 155, 175, 1, -1, -0.7853981633974483, 1.4142135623730951
367, 3, 174, 37, 173, 38, 1, -1, -0.7853981633974483, 1.4142135623730951
367, 4, 172, 201, 171, 202, 1, -1, -0.7853981633974483, 1.4142135623730951
367, 29, 191, 61, 190, 62, 1, -1, -0.7853981633974483, 1.4142135623730951
367, 30, 32, 81, 33, 84, -1, -3, -1.892546881191539, 3.1622776601683795
367, 37, 157, 173, 156, 174, 1, -1, -0.7853981633974483, 1.4142135623730951
368, 0, 150, 35, 149, 36, 1, -1, -0.7853981633974483, 1.4142135623730951
368, 6, 12, 185, 11, 186, 1, -1, -0.7853981633974483, 1.4142135623730951
368, 18, 77, 63, 76, 64, 1, -1, -0.7853981633974483, 1.4142135623730951
368, 20, 22, 84, 21, 85, 1, -1, -0.7853981633974483, 1.4142135623730951
368, 22, 160, 48, 159, 49, 1, -1, -0.7853981633974483, 1.4142135623730951
368, 26, 66, 190, 65, 191, 1, -1, -0.7853981633974483, 1.4142135623730951
368, 29, 192, 60, 191, 61, 1, -1, -0.7853981633974483, 1.4142135623730951
368, 36, 168, 61, 167, 62, 1, -1, -0.7853981633974483, 1.4142135623730951
368, 37, 160, 172, 157, 173, 3, -1, -0.3217505543966422, 3.1622776601683795
368, 38, 174, 186, 173, 187, 1, -1, -0.7853981633974483, 1.4142135623730951
369, 0, 151, 34, 150, 35, 1, -1, -0.7853981633974483, 1.4142135623730951
369, 3, 175, 35, 174, 36, 1, -1, -0.7853981633974483, 1.4142135623730951
369, 6, 13, 184, 12, 185, 1, -1, -0.7853981633974483, 1.4142135623730951
369, 29, 193, 59, 192, 60, 1, -1, -0.7853981633974483, 1.4142135623730951
369, 30, 29, 80, 31, 81, -2, -1, -2.677945044588987, 2.23606797749979
369, 36, 169, 60, 168, 61, 1, -1, -0.7853981633974483, 1.4142135623730951
369, 37, 167, 171, 160, 172, 7, -1, -0.14189705460416394, 7.0710678118654755
369, 38, 175, 185, 174, 186, 1, -1, -0.7853981633974483, 1.4142135623730951
370, 10, 39, 95, 38, 96, 1, -1, -0.7853981633974483, 1.4142135623730951
370, 22, 203, 176, 202, 177, 1, -1, -0.7853981633974483, 1.4142135623730951
370, 32, 68, 51, 67, 52, 1, -1, -0.7853981633974483, 1.4142135623730951
370, 35, 177, 185, 176, 186, 1, -1, -0.7853981633974483, 1.4142135623730951
370, 39, 46, 205, 45, 206, 1, -1, -0.7853981633974483, 1.4142135623730951
370, 41, 6, 66, 5, 67, 1, -1, -0.7853981633974483, 1.4142135623730951
371, 5, 175, 37, 174, 38, 1, -1, -0.7853981633974483, 1.4142135623730951
371, 10, 40, 94, 39, 95, 1, -1, -0.7853981633974483, 1.4142135623730951
371, 14, 175, 201, 174, 202, 1, -1, -0.7853981633974483, 1.4142135623730951
371, 23, 24, 84, 23, 85, 1, -1, -0.7853981633974483, 1.4142135623730951
371, 30, 151, 200, 150, 201, 1, -1, -0.7853981633974483, 1.4142135623730951
371, 35, 176, 183, 177, 185, -1, -2, -2.0344439357957027, 2.23606797749979
371, 36, 10, 82, 9, 83, 1, -1, -0.7853981633974483, 1.4142135623730951
371, 38, 135, 197, 134, 198, 1, -1, -0.7853981633974483, 1.4142135623730951
372, 0, 129, 35, 128, 36, 1, -1, -0.7853981633974483, 1.4142135623730951
372, 19, 7, 49, 7, 51, 0, -2, -1.5707963267948966, 2.0
372, 27, 41, 82, 40, 83, 1, -1, -0.7853981633974483, 1.4142135623730951
372, 28, 61, 200, 60, 201, 1, -1, -0.7853981633974483, 1.4142135623730951
372, 31, 69, 49, 68, 50, 1, -1, -0.7853981633974483, 1.4142135623730951
372, 34, 177, 182, 176, 183, 1, -1, -0.7853981633974483, 1.4142135623730951
372, 39, 191, 197, 190, 198, 1, -1, -0.7853981633974483, 1.4142135623730951
373, 42, 160, 174, 158, 175, 2, -1, -0.4636476090008061, 2.23606797749979
374, 0, 130, 33, 129, 34, 1, -1, -0.7853981633974483, 1.4142135623730951
374, 1, 153, 36, 152, 37, 1, -1, -0.7853981633974483, 1.4142135623730951
374, 10, 41, 92, 40, 93, 1, -1, -0.7853981633974483, 1.4142135623730951
374, 13, 84, 78, 83, 79, 1, -1, -0.7853981633974483, 1.4142135623730951
374, 14, 176, 198, 175, 199, 1, -1, -0.7853981633974483, 1.4142135623730951
374, 15, 55, 78, 54, 79, 1, -1, -0.7853981633974483, 1.4142135623730951
374, 16, 80, 183, 79, 184, 1, -1, -0.7853981633974483, 1.4142135623730951
374, 21, 131, 65, 132, 64, -1, 1, 2.356194490192345, 1.4142135623730951
374, 22, 207, 175, 205, 175, 2, 0, 0.0, 2.0
374, 23, 95, 52, 94, 53, 1, -1, -0.7853981633974483, 1.4142135623730951
374, 35, 11, 80, 10, 81, 1, -1, -0.7853981633974483, 1.4142135623730951
374, 36, 107, 75, 106, 76, 1, -1, -0.7853981633974483, 1.4142135623730951
375, 0, 154, 36, 153, 37, 1, -1, -0.7853981633974483, 1.4142135623730951
375, 5, 26, 85, 25, 86, 1, -1, -0.7853981633974483, 1.4142135623730951
375, 6, 10, 52, 9, 53, 1, -1, -0.7853981633974483, 1.4142135623730951
375, 20, 206, 176, 204, 177, 2, -1, -0.4636476090008061, 2.23606797749979
375, 21, 172, 62, 171, 63, 1, -1, -0.7853981633974483, 1.4142135623730951
375, 26, 150, 52, 149, 53, 1, -1, -0.7853981633974483, 1.4142135623730951
376, 5, 27, 84, 26, 85, 1, -1, -0.7853981633974483, 1.4142135623730951
376, 11, 178, 201, 177, 202, 1, -1, -0.7853981633974483, 1.4142135623730951
376, 23, 195, 63, 194, 65, 1, -2, -1.1071487177940904, 2.23606797749979
376, 33, 180, 184, 179, 185, 1, -1, -0.7853981633974483, 1.4142135623730951
377, 30, 7, 196, 6, 197, 1, -1, -0.7853981633974483, 1.4142135623730951
377, 35, 137, 197, 136, 198, 1, -1, -0.7853981633974483, 1.4142135623730951
377, 43, 101, 168, 100, 169, 1, -1, -0.7853981633974483, 1.4142135623730951
378, 0, 155, 35, 154, 36, 1, -1, -0.7853981633974483, 1.4142135623730951
378, 4, 90, 148, 89, 149, 1, -1, -0.7853981633974483, 1.4142135623730951
378, 12, 42, 94, 41, 95, 1, -1, -0.7853981633974483, 1.4142135623730951
378, 20, 208, 175, 207, 176, 1, -1, -0.7853981633974483, 1.4142135623730951
378, 27, 17, 186, 16, 187, 1, -1, -0.7853981633974483, 1.4142135623730951
378, 34, 230, 181, 229, 182, 1, -1, -0.7853981633974483, 1.4142135623730951
378, 38, 124, 171, 123, 172, 1, -1, -0.7853981633974483, 1.4142135623730951
379, 1, 132, 33, 131, 34, 1, -1, -0.7853981633974483, 1.4142135623730951
379, 5, 28, 81, 27, 82, 1, -1, -0.7853981633974483, 1.4142135623730951
379, 9, 165, 47, 164, 48, 1, -1, -0.7853981633974483, 1.4142135623730951
379, 12, 43, 93, 42, 94, 1, -1, -0.7853981633974483, 1.4142135623730951
379, 29, 30, 56, 29, 57, 1, -1, -0.7853981633974483, 1.4142135623730951
379, 37, 194, 195, 193, 196, 1, -1, -0.7853981633974483, 1.4142135623730951
380, 0, 157, 37, 156, 38, 1, -1, -0.7853981633974483, 1.4142135623730951
380, 25, 45, 94, 44, 95, 1, -1, -0.7853981633974483, 1.4142135623730951
380, 29, 148, 181, 147, 182, 1, -1, -0.7853981633974483, 1.4142135623730951
380, 32, 208, 177, 207, 178, 1, -1, -0.7853981633974483, 1.4142135623730951
380, 34, 196, 197, 195, 198, 1, -1, -0.7853981633974483, 1.4142135623730951
380, 35, 112, 77, 111, 78, 1, -1, -0.7853981633974483, 1.4142135623730951
380, 42, 107, 198, 106, 199, 1, -1, -0.7853981633974483, 1.4142135623730951
381, 4, 181, 38, 180, 39, 1, -1, -0.7853981633974483, 1.4142135623730951
381, 9, 88, 82, 87, 83, 1, -1, -0.7853981633974483, 1.4142135623730951
381, 29, 149, 180, 148, 181, 1, -1, -0.7853981633974483, 1.4142135623730951
381, 32, 209, 176, 208, 177, 1, -1, -0.7853981633974483, 1.4142135623730951
381, 40, 184, 185, 183, 186, 1, -1, -0.7853981633974483, 1.4142135623730951
381, 42, 108, 197, 107, 198, 1, -1, -0.7853981633974483, 1.4142135623730951
382, 0, 159, 36, 158, 37, 1, -1, -0.7853981633974483, 1.4142135623730951
382, 25, 46, 92, 45, 93, 1, -1, -0.7853981633974483, 1.4142135623730951
382, 26, 167, 49, 166, 50, 1, -1, -0.7853981633974483, 1.4142135623730951
382, 29, 152, 179, 149, 180, 3, -1, -0.3217505543966422, 3.1622776601683795
382, 36, 91, 163, 90, 164, 1, -1, -0.7853981633974483, 1.4142135623730951
382, 39, 185, 186, 184, 185, 1, 1, 0.7853981633974483, 1.4142135623730951
382, 41, 110, 196, 108, 197, 2, -1, -0.4636476090008061, 2.23606797749979
383, 3, 12, 49, 11, 50, 1, -1, -0.7853981633974483, 1.4142135623730951
383, 6, 29, 82, 28, 83, 1, -1, -0.7853981633974483, 1.4142135623730951
383, 17, 83, 185, 82, 186, 1, -1, -0.7853981633974483, 1.4142135623730951
383, 29, 153, 180, 152, 179, 1, 1, 0.7853981633974483, 1.4142135623730951
383, 35, 90, 35, 89, 36, 1, -1, -0.7853981633974483, 1.4142135623730951
383, 41, 113, 195, 110, 196, 3, -1, -0.3217505543966422, 3.1622776601683795
384, 0, 161, 35, 160, 36, 1, -1, -0.7853981633974483, 1.4142135623730951
384, 3, 13, 48, 12, 49, 1, -1, -0.7853981633974483, 1.4142135623730951
384, 4, 183, 36, 182, 37, 1, -1, -0.7853981633974483, 1.4142135623730951
384, 5, 182, 199, 181, 200, 1, -1, -0.7853981633974483, 1.4142135623730951
384, 6, 31, 82, 29, 82, 2, 0, 0.0, 2.0
384, 18, 82, 61, 81, 63, 1, -2, -1.1071487177940904, 2.23606797749979
384, 22, 21, 185, 19, 186, 2, -1, -0.4636476090008061, 2.23606797749979
384, 23, 74, 157, 73, 158, 1, -1, -0.7853981633974483, 1.4142135623730951
384, 26, 168, 48, 167, 49, 1, -1, -0.7853981633974483, 1.4142135623730951
384, 28, 137, 171, 139, 172, -2, -1, -2.677945044588987, 2.23606797749979
384, 29, 154, 177, 153, 180, 1, -3, -1.2490457723982544, 3.1622776601683795
384, 43, 177, 58, 174, 61, 3, -3, -0.7853981633974483, 4.242640687119285
385, 11, 212, 177, 211, 178, 1, -1, -0.7853981633974483, 1.4142135623730951
385, 27, 141, 199, 140, 200, 1, -1, -0.7853981633974483, 1.4142135623730951
385, 33, 86, 185, 85, 186, 1, -1, -0.7853981633974483, 1.4142135623730951
385, 35, 178, 63, 177, 64, 1, -1, -0.7853981633974483, 1.4142135623730951
385, 48, 157, 63, 156, 64, 1, -1, -0.7853981633974483, 1.4142135623730951
385, 51, 106, 181, 105, 182, 1, -1, -0.7853981633974483, 1.4142135623730951
385, 53, 38, 187, 37, 188, 1, -1, -0.7853981633974483, 1.4142135623730951
386, 11, 213, 176, 212, 177, 1, -1, -0.7853981633974483, 1.4142135623730951
386, 13, 183, 38, 182, 39, 1, -1, -0.7853981633974483, 1.4142135623730951
386, 17, 47, 93, 46, 94, 1, -1, -0.7853981633974483, 1.4142135623730951
386, 27, 142, 198, 141, 199, 1, -1, -0.7853981633974483, 1.4142135623730951
386, 39, 76, 49, 75, 50, 1, -1, -0.7853981633974483, 1.4142135623730951
386, 40, 46, 80, 45, 81, 1, -1, -0.7853981633974483, 1.4142135623730951
386, 41, 159, 199, 158, 200, 1, -1, -0.7853981633974483, 1.4142135623730951
386, 44, 185, 186, 184, 187, 1, -1, -0.7853981633974483, 1.4142135623730951
386, 52, 39, 151, 40, 150, -1, 1, 2.356194490192345, 1.4142135623730951
387, 8, 111, 36, 110, 37, 1, -1, -0.7853981633974483, 1.4142135623730951
387, 22, 77, 156, 76, 157, 1, -1, -0.7853981633974483, 1.4142135623730951
387, 27, 143, 197, 142, 198, 1, -1, -0.7853981633974483, 1.4142135623730951
387, 30, 84, 63, 83, 64, 1, -1, -0.7853981633974483, 1.4142135623730951
388, 0, 160, 34, 159, 35, 1, -1, -0.7853981633974483, 1.4142135623730951
388, 35, 179, 62, 178, 63, 1, -1, -0.7853981633974483, 1.4142135623730951
388, 43, 77, 84, 77, 86, 0, -2, -1.5707963267948966, 2.0
389, 11, 215, 174, 214, 175, 1, -1, -0.7853981633974483, 1.4142135623730951
389, 29, 69, 59, 68, 58, 1, 1, 0.7853981633974483, 1.4142135623730951
389, 30, 85, 62, 84, 63, 1, -1, -0.7853981633974483, 1.4142135623730951
389, 33, 87, 182, 86, 183, 1, -1, -0.7853981633974483, 1.4142135623730951
389, 46, 236, 181, 235, 182, 1, -1, -0.7853981633974483, 1.4142135623730951
389, 48, 92, 38, 91, 39, 1, -1, -0.7853981633974483, 1.4142135623730951
389, 55, 201, 61, 200, 62, 1, -1, -0.7853981633974483, 1.4142135623730951
389, 56, 137, 184, 133, 185, 4, -1, -0.24497866312686414, 4.123105625617661
390, 0, 163, 36, 162, 37, 1, -1, -0.7853981633974483, 1.4142135623730951
390, 3, 173, 49, 172, 50, 1, -1, -0.7853981633974483, 1.4142135623730951
390, 13, 186, 201, 185, 202, 1, -1, -0.7853981633974483, 1.4142135623730951
390, 20, 3, 93, 2, 94, 1, -1, -0.7853981633974483, 1.4142135623730951
390, 36, 202, 197, 201, 198, 1, -1, -0.7853981633974483, 1.4142135623730951
391, 1, 126, 45, 126, 47, 0, -2, -1.5707963267948966, 2.0
391, 2, 62, 164, 61, 165, 1, -1, -0.7853981633974483, 1.4142135623730951
391, 8, 186, 38, 185, 39, 1, -1, -0.7853981633974483, 1.4142135623730951
391, 36, 188, 185, 187, 186, 1, -1, -0.7853981633974483, 1.4142135623730951
391, 37, 31, 38, 30, 39, 1, -1, -0.7853981633974483, 1.4142135623730951
391, 41, 204, 63, 203, 64, 1, -1, -0.7853981633974483, 1.4142135623730951
391, 47, 162, 198, 161, 199, 1, -1, -0.7853981633974483, 1.4142135623730951
392, 7, 187, 37, 186, 38, 1, -1, -0.7853981633974483, 1.4142135623730951
392, 8, 50, 92, 49, 93, 1, -1, -0.7853981633974483, 1.4142135623730951
392, 12, 187, 199, 186, 200, 1, -1, -0.7853981633974483, 1.4142135623730951
392, 36, 32, 37, 31, 38, 1, -1, -0.7853981633974483, 1.4142135623730951
392, 40, 205, 62, 204, 63, 1, -1, -0.7853981633974483, 1.4142135623730951
392, 42, 22, 172, 21, 173, 1, -1, -0.7853981633974483, 1.4142135623730951
393, 3, 174, 48, 173, 49, 1, -1, -0.7853981633974483, 1.4142135623730951
393, 8, 51, 91, 50, 92, 1, -1, -0.7853981633974483, 1.4142135623730951
393, 14, 23, 185, 22, 186, 1, -1, -0.7853981633974483, 1.4142135623730951
393, 19, 180, 63, 179, 64, 1, -1, -0.7853981633974483, 1.4142135623730951
393, 26, 216, 175, 215, 176, 1, -1, -0.7853981633974483, 1.4142135623730951
393, 35, 189, 183, 188, 184, 1, -1, -0.7853981633974483, 1.4142135623730951
393, 36, 33, 36, 32, 37, 1, -1, -0.7853981633974483, 1.4142135623730951
393, 41, 42, 186, 41, 187, 1, -1, -0.7853981633974483, 1.4142135623730951
394, 34, 203, 195, 202, 196, 1, -1, -0.7853981633974483, 1.4142135623730951
394, 36, 34, 35, 33, 36, 1, -1, -0.7853981633974483, 1.4142135623730951
394, 38, 135, 185, 134, 186, 1, -1, -0.7853981633974483, 1.4142135623730951
394, 40, 207, 61, 206, 62, 1, -1, -0.7853981633974483, 1.4142135623730951
394, 41, 43, 185, 42, 186, 1, -1, -0.7853981633974483, 1.4142135623730951
394, 42, 23, 170, 22, 171, 1, -1, -0.7853981633974483, 1.4142135623730951
394, 45, 3, 59, 2, 60, 1, -1, -0.7853981633974483, 1.4142135623730951
394, 46, 166, 198, 164, 198, 2, 0, 0.0, 2.0
394, 47, 92, 173, 91, 174, 1, -1, -0.7853981633974483, 1.4142135623730951
395, 10, 189, 38, 188, 39, 1, -1, -0.7853981633974483, 1.4142135623730951
395, 14, 189, 200, 188, 201, 1, -1, -0.7853981633974483, 1.4142135623730951
395, 15, 20, 197, 19, 198, 1, -1, -0.7853981633974483, 1.4142135623730951
395, 25, 53, 93, 52, 94, 1, -1, -0.7853981633974483, 1.4142135623730951
395, 34, 36, 85, 35, 86, 1, -1, -0.7853981633974483, 1.4142135623730951
395, 43, 207, 62, 206, 63, 1, -1, -0.7853981633974483, 1.4142135623730951
395, 46, 76, 74, 77, 76, -1, -2, -2.0344439357957027, 2.23606797749979
395, 50, 183, 63, 182, 64, 1, -1, -0.7853981633974483, 1.4142135623730951
395, 56, 93, 175, 92, 176, 1, -1, -0.7853981633974483, 1.4142135623730951
396, 7, 5, 93, 4, 94, 1, -1, -0.7853981633974483, 1.4142135623730951
396, 14, 190, 199, 189, 200, 1, -1, -0.7853981633974483, 1.4142135623730951
396, 15, 22, 196, 20, 197, 2, -1, -0.4636476090008061, 2.23606797749979
396, 50, 184, 62, 183, 63, 1, -1, -0.7853981633974483, 1.4142135623730951
397, 5, 28, 172, 27, 173, 1, -1, -0.7853981633974483, 1.4142135623730951
397, 7, 6, 92, 5, 93, 1, -1, -0.7853981633974483, 1.4142135623730951
397, 14, 191, 198, 190, 199, 1, -1, -0.7853981633974483, 1.4142135623730951
397, 18, 118, 76, 117, 77, 1, -1, -0.7853981633974483, 1.4142135623730951
397, 26, 144, 62, 143, 63, 1, -1, -0.7853981633974483, 1.4142135623730951
397, 35, 206, 197, 205, 198, 1, -1, -0.7853981633974483, 1.4142135623730951
397, 49, 185, 61, 184, 62, 1, -1, -0.7853981633974483, 1.4142135623730951
397, 52, 171, 174, 170, 175, 1, -1, -0.7853981633974483, 1.4142135623730951
398, 14, 193, 197, 191, 198, 2, -1, -0.4636476090008061, 2.23606797749979
398, 26, 145, 61, 144, 62, 1, -1, -0.7853981633974483, 1.4142135623730951
398, 42, 244, 182, 243, 183, 1, -1, -0.7853981633974483, 1.4142135623730951
398, 45, 146, 197, 145, 198, 1, -1, -0.7853981633974483, 1.4142135623730951
398, 51, 172, 173, 171, 174, 1, -1, -0.7853981633974483, 1.4142135623730951
399, 12, 194, 196, 193, 197, 1, -1, -0.7853981633974483, 1.4142135623730951
399, 24, 146, 60, 145, 61, 1, -1, -0.7853981633974483, 1.4142135623730951
399, 40, 245, 181, 244, 182, 1, -1, -0.7853981633974483, 1.4142135623730951
399, 46, 186, 60, 185, 61, 1, -1, -0.7853981633974483, 1.4142135623730951
399, 48, 173, 172, 172, 173, 1, -1, -0.7853981633974483, 1.4142135623730951
399, 51, 96, 174, 95, 175, 1, -1, -0.7853981633974483, 1.4142135623730951
400, 14, 147, 63, 146, 64, 1, -1, -0.7853981633974483, 1.4142135623730951
400, 15, 192, 39, 191, 40, 1, -1, -0.7853981633974483, 1.4142135623730951
400, 28, 7, 92, 6, 93, 1, -1, -0.7853981633974483, 1.4142135623730951
400, 34, 208, 197, 207, 198, 1, -1, -0.7853981633974483, 1.4142135623730951
400, 46, 149, 200, 148, 201, 1, -1, -0.7853981633974483, 1.4142135623730951
400, 50, 176, 188, 175, 189, 1, -1, -0.7853981633974483, 1.4142135623730951
400, 57, 167, 198, 166, 199, 1, -1, -0.7853981633974483, 1.4142135623730951
400, 60, 36, 71, 35, 72, 1, -1, -0.7853981633974483, 1.4142135623730951
401, 14, 148, 62, 147, 63, 1, -1, -0.7853981633974483, 1.4142135623730951
401, 15, 193, 38, 192, 39, 1, -1, -0.7853981633974483, 1.4142135623730951
401, 23, 187, 62, 186, 63, 1, -1, -0.7853981633974483, 1.4142135623730951
401, 26, 174, 173, 173, 174, 1, -1, -0.7853981633974483, 1.4142135623730951
401, 33, 55, 91, 54, 92, 1, -1, -0.7853981633974483, 1.4142135623730951
401, 40, 221, 176, 220, 177, 1, -1, -0.7853981633974483, 1.4142135623730951
401, 45, 83, 51, 82, 52, 1, -1, -0.7853981633974483, 1.4142135623730951
401, 49, 59, 205, 58, 206, 1, -1, -0.7853981633974483, 1.4142135623730951
401, 50, 178, 189, 176, 188, 2, 1, 0.4636476090008061, 2.23606797749979
401, 51, 159, 183, 158, 182, 1, 1, 0.7853981633974483, 1.4142135623730951
401, 54, 16, 95, 14, 95, 2, 0, 0.0, 2.0
402, 15, 194, 37, 193, 38, 1, -1, -0.7853981633974483, 1.4142135623730951
402, 18, 194, 200, 193, 201, 1, -1, -0.7853981633974483, 1.4142135623730951
402, 25, 177, 173, 174, 173, 3, 0, 0.0, 3.0
402, 39, 222, 175, 221, 176, 1, -1, -0.7853981633974483, 1.4142135623730951
402, 45, 151, 199, 150, 200, 1, -1, -0.7853981633974483, 1.4142135623730951
402, 47, 211, 61, 210, 62, 1, -1, -0.7853981633974483, 1.4142135623730951
402, 50, 160, 182, 159, 183, 1, -1, -0.7853981633974483, 1.4142135623730951
402, 53, 18, 95, 16, 95, 2, 0, 0.0, 2.0
403, 15, 195, 36, 194, 37, 1, -1, -0.7853981633974483, 1.4142135623730951
403, 25, 179, 173, 177, 173, 2, 0, 0.0, 2.0
403, 32, 56, 89, 55, 90, 1, -1, -0.7853981633974483, 1.4142135623730951
403, 34, 194, 183, 193, 184, 1, -1, -0.7853981633974483, 1.4142135623730951
403, 37, 65, 78, 64, 79, 1, -1, -0.7853981633974483, 1.4142135623730951
403, 41, 247, 182, 246, 183, 1, -1, -0.7853981633974483, 1.4142135623730951
403, 52, 69, 151, 68, 152, 1, -1, -0.7853981633974483, 1.4142135623730951
403, 53, 19, 94, 18, 95, 1, -1, -0.7853981633974483, 1.4142135623730951
404, 14, 149, 59, 148, 60, 1, -1, -0.7853981633974483, 1.4142135623730951
404, 32, 57, 88, 56, 89, 1, -1, -0.7853981633974483, 1.4142135623730951
404, 34, 195, 182, 194, 183, 1, -1, -0.7853981633974483, 1.4142135623730951
404, 49, 180, 189, 179, 190, 1, -1, -0.7853981633974483, 1.4142135623730951
404, 53, 22, 93, 19, 94, 3, -1, -0.3217505543966422, 3.1622776601683795
405, 3, 224, 177, 223, 178, 1, -1, -0.7853981633974483, 1.4142135623730951
405, 11, 179, 52, 178, 53, 1, -1, -0.7853981633974483, 1.4142135623730951
405, 15, 194, 38, 193, 39, 1, -1, -0.7853981633974483, 1.4142135623730951
405, 27, 150, 62, 149, 63, 1, -1, -0.7853981633974483, 1.4142135623730951
405, 40, 170, 200, 169, 201, 1, -1, -0.7853981633974483, 1.4142135623730951
405, 46, 214, 62, 212, 62, 2, 0, 0.0, 2.0
406, 11, 180, 51, 179, 52, 1, -1, -0.7853981633974483, 1.4142135623730951
406, 19, 151, 198, 150, 199, 1, -1, -0.7853981633974483, 1.4142135623730951
406, 43, 211, 197, 210, 198, 1, -1, -0.7853981633974483, 1.4142135623730951
407, 3, 225, 176, 224, 177, 1, -1, -0.7853981633974483, 1.4142135623730951
407, 45, 215, 60, 214, 61, 1, -1, -0.7853981633974483, 1.4142135623730951
408, 3, 226, 175, 225, 176, 1, -1, -0.7853981633974483, 1.4142135623730951
408, 10, 102, 151, 101, 152, 1, -1, -0.7853981633974483, 1.4142135623730951
408, 16, 96, 78, 95, 79, 1, -1, -0.7853981633974483, 1.4142135623730951
408, 21, 93, 185, 92, 186, 1, -1, -0.7853981633974483, 1.4142135623730951
408, 25, 59, 90, 58, 91, 1, -1, -0.7853981633974483, 1.4142135623730951
408, 45, 217, 60, 215, 60, 2, 0, 0.0, 2.0
409, 1, 173, 36, 172, 37, 1, -1, -0.7853981633974483, 1.4142135623730951
409, 5, 31, 186, 30, 187, 1, -1, -0.7853981633974483, 1.4142135623730951
409, 6, 195, 202, 194, 201, 1, 1, 0.7853981633974483, 1.4142135623730951
409, 19, 152, 197, 151, 198, 1, -1, -0.7853981633974483, 1.4142135623730951
409, 43, 214, 196, 213, 197, 1, -1, -0.7853981633974483, 1.4142135623730951
409, 45, 218, 59, 217, 60, 1, -1, -0.7853981633974483, 1.4142135623730951
410, 16, 61, 91, 60, 92, 1, -1, -0.7853981633974483, 1.4142135623730951
410, 17, 12, 92, 11, 93, 1, -1, -0.7853981633974483, 1.4142135623730951
410, 30, 227, 177, 226, 178, 1, -1, -0.7853981633974483, 1.4142135623730951
410, 33, 215, 64, 214, 65, 1, -1, -0.7853981633974483, 1.4142135623730951
410, 42, 0, 202, 1, 201, -1, 1, 2.356194490192345, 1.4142135623730951
410, 48, 6, 70, 4, 70, 2, 0, 0.0, 2.0
410, 54, 117, 198, 116, 199, 1, -1, -0.7853981633974483, 1.4142135623730951
411, 15, 153, 63, 152, 64, 1, -1, -0.7853981633974483, 1.4142135623730951
411, 18, 199, 201, 198, 202, 1, -1, -0.7853981633974483, 1.4142135623730951
411, 33, 216, 63, 215, 64, 1, -1, -0.7853981633974483, 1.4142135623730951
411, 37, 32, 186, 31, 187, 1, -1, -0.7853981633974483, 1.4142135623730951
411, 40, 114, 157, 113, 158, 1, -1, -0.7853981633974483, 1.4142135623730951
411, 44, 199, 185, 198, 186, 1, -1, -0.7853981633974483, 1.4142135623730951
411, 46, 8, 70, 6, 70, 2, 0, 0.0, 2.0
411, 52, 118, 197, 117, 198, 1, -1, -0.7853981633974483, 1.4142135623730951
412, 9, 198, 38, 197, 39, 1, -1, -0.7853981633974483, 1.4142135623730951
412, 19, 78, 200, 77, 201, 1, -1, -0.7853981633974483, 1.4142135623730951
412, 23, 94, 63, 93, 64, 1, -1, -0.7853981633974483, 1.4142135623730951
412, 28, 89, 53, 88, 54, 1, -1, -0.7853981633974483, 1.4142135623730951
412, 32, 16, 41, 14, 41, 2, 0, 0.0, 2.0
412, 34, 82, 194, 81, 195, 1, -1, -0.7853981633974483, 1.4142135623730951
412, 41, 215, 196, 214, 197, 1, -1, -0.7853981633974483, 1.4142135623730951
412, 46, 10, 70, 8, 70, 2, 0, 0.0, 2.0
412, 52, 120, 196, 118, 197, 2, -1, -0.4636476090008061, 2.23606797749979
412, 60, 55, 32, 54, 33, 1, -1, -0.7853981633974483, 1.4142135623730951
413, 13, 182, 49, 181, 50, 1, -1, -0.7853981633974483, 1.4142135623730951
413, 18, 200, 199, 199, 200, 1, -1, -0.7853981633974483, 1.4142135623730951
413, 27, 149, 173, 148, 174, 1, -1, -0.7853981633974483, 1.4142135623730951
413, 32, 18, 41, 16, 41, 2, 0, 0.0, 2.0
413, 46, 13, 69, 10, 70, 3, -1, -0.3217505543966422, 3.1622776601683795
413, 52, 122, 195, 120, 196, 2, -1, -0.4636476090008061, 2.23606797749979
414, 1, 175, 34, 174, 35, 1, -1, -0.7853981633974483, 1.4142135623730951
414, 15, 154, 62, 153, 63, 1, -1, -0.7853981633974483, 1.4142135623730951
414, 16, 62, 87, 61, 88, 1, -1, -0.7853981633974483, 1.4142135623730951
414, 18, 201, 198, 200, 199, 1, -1, -0.7853981633974483, 1.4142135623730951
414, 24, 124, 179, 125, 178, -1, 1, 2.356194490192345, 1.4142135623730951
414, 28, 91, 52, 90, 53, 1, -1, -0.7853981633974483, 1.4142135623730951
414, 29, 47, 53, 46, 54, 1, -1, -0.7853981633974483, 1.4142135623730951
414, 46, 15, 68, 13, 69, 2, -1, -0.4636476090008061, 2.23606797749979
414, 49, 21, 200, 20, 201, 1, -1, -0.7853981633974483, 1.4142135623730951
414, 52, 123, 194, 122, 195, 1, -1, -0.7853981633974483, 1.4142135623730951
414, 59, 163, 179, 162, 181, 1, -2, -1.1071487177940904, 2.23606797749979
414, 61, 170, 62, 169, 63, 1, -1, -0.7853981633974483, 1.4142135623730951
415, 20, 14, 91, 13, 92, 1, -1, -0.7853981633974483, 1.4142135623730951
415, 26, 201, 200, 200, 201, 1, -1, -0.7853981633974483, 1.4142135623730951
415, 32, 78, 60, 77, 61, 1, -1, -0.7853981633974483, 1.4142135623730951
415, 33, 230, 176, 229, 177, 1, -1, -0.7853981633974483, 1.4142135623730951
415, 35, 92, 51, 91, 52, 1, -1, -0.7853981633974483, 1.4142135623730951
415, 39, 254, 182, 253, 183, 1, -1, -0.7853981633974483, 1.4142135623730951
415, 57, 9, 56, 8, 57, 1, -1, -0.7853981633974483, 1.4142135623730951
415, 58, 200, 185, 199, 186, 1, -1, -0.7853981633974483, 1.4142135623730951
416, 1, 134, 42, 134, 44, 0, -2, -1.5707963267948966, 2.0
416, 3, 145, 31, 147, 31, -2, 0, 3.141592653589793, 2.0
416, 4, 107, 154, 106, 155, 1, -1, -0.7853981633974483, 1.4142135623730951
416, 8, 123, 36, 122, 37, 1, -1, -0.7853981633974483, 1.4142135623730951
416, 10, 5, 49, 4, 50, 1, -1, -0.7853981633974483, 1.4142135623730951
416, 16, 152, 172, 150, 173, 2, -1, -0.4636476090008061, 2.23606797749979
416, 20, 15, 90, 14, 91, 1, -1, -0.7853981633974483, 1.4142135623730951
416, 26, 202, 199, 201, 200, 1, -1, -0.7853981633974483, 1.4142135623730951
416, 28, 219, 62, 218, 63, 1, -1, -0.7853981633974483, 1.4142135623730951
416, 29, 167, 49, 167, 51, 0, -2, -1.5707963267948966, 2.0
416, 30, 87, 158, 86, 159, 1, -1, -0.7853981633974483, 1.4142135623730951
416, 34, 157, 199, 156, 200, 1, -1, -0.7853981633974483, 1.4142135623730951
416, 36, 65, 205, 64, 206, 1, -1, -0.7853981633974483, 1.4142135623730951
416, 42, 145, 51, 144, 53, 1, -2, -1.1071487177940904, 2.23606797749979
416, 49, 195, 63, 193, 63, 2, 0, 0.0, 2.0
416, 52, 57, 78, 56, 79, 1, -1, -0.7853981633974483, 1.4142135623730951
416, 57, 11, 56, 9, 56, 2, 0, 0.0, 2.0
416, 58, 202, 184, 200, 185, 2, -1, -0.4636476090008061, 2.23606797749979
417, 1, 135, 40, 134, 42, 1, -2, -1.1071487177940904, 2.23606797749979
417, 15, 75, 166, 74, 167, 1, -1, -0.7853981633974483, 1.4142135623730951
417, 17, 201, 39, 200, 40, 1, -1, -0.7853981633974483, 1.4142135623730951
417, 26, 203, 198, 202, 199, 1, -1, -0.7853981633974483, 1.4142135623730951
417, 28, 221, 61, 219, 62, 2, -1, -0.4636476090008061, 2.23606797749979
417, 31, 83, 199, 82, 198, 1, 1, 0.7853981633974483, 1.4142135623730951
417, 36, 66, 204, 65, 205, 1, -1, -0.7853981633974483, 1.4142135623730951
417, 51, 83, 72, 82, 73, 1, -1, -0.7853981633974483, 1.4142135623730951
417, 57, 12, 55, 11, 56, 1, -1, -0.7853981633974483, 1.4142135623730951
417, 58, 204, 184, 202, 184, 2, 0, 0.0, 2.0
418, 16, 202, 38, 201, 39, 1, -1, -0.7853981633974483, 1.4142135623730951
418, 29, 88, 156, 87, 157, 1, -1, -0.7853981633974483, 1.4142135623730951
418, 33, 158, 197, 157, 198, 1, -1, -0.7853981633974483, 1.4142135623730951
418, 38, 256, 181, 255, 182, 1, -1, -0.7853981633974483, 1.4142135623730951
418, 39, 104, 165, 103, 166, 1, -1, -0.7853981633974483, 1.4142135623730951
418, 48, 196, 62, 195, 63, 1, -1, -0.7853981633974483, 1.4142135623730951
418, 56, 14, 54, 12, 55, 2, -1, -0.4636476090008061, 2.23606797749979
418, 57, 205, 185, 204, 184, 1, 1, 0.7853981633974483, 1.4142135623730951
419, 5, 155, 62, 154, 63, 1, -1, -0.7853981633974483, 1.4142135623730951
419, 8, 185, 48, 184, 49, 1, -1, -0.7853981633974483, 1.4142135623730951
419, 25, 206, 196, 204, 198, 2, -2, -0.7853981633974483, 2.8284271247461903
419, 44, 97, 183, 96, 184, 1, -1, -0.7853981633974483, 1.4142135623730951
419, 47, 218, 196, 217, 197, 1, -1, -0.7853981633974483, 1.4142135623730951
419, 55, 16, 52, 14, 54, 2, -2, -0.7853981633974483, 2.8284271247461903
420, 0, 180, 36, 179, 37, 1, -1, -0.7853981633974483, 1.4142135623730951
420, 4, 9, 53, 8, 54, 1, -1, -0.7853981633974483, 1.4142135623730951
420, 6, 75, 167, 74, 168, 1, -1, -0.7853981633974483, 1.4142135623730951
420, 13, 203, 38, 202, 39, 1, -1, -0.7853981633974483, 1.4142135623730951
420, 18, 157, 63, 156, 64, 1, -1, -0.7853981633974483, 1.4142135623730951
420, 41, 177, 200, 176, 201, 1, -1, -0.7853981633974483, 1.4142135623730951
420, 46, 139, 173, 138, 174, 1, -1, -0.7853981633974483, 1.4142135623730951
421, 18, 158, 62, 157, 63, 1, -1, -0.7853981633974483, 1.4142135623730951
422, 0, 181, 35, 180, 36, 1, -1, -0.7853981633974483, 1.4142135623730951
422, 3, 189, 49, 188, 50, 1, -1, -0.7853981633974483, 1.4142135623730951
422, 11, 4, 45, 3, 46, 1, -1, -0.7853981633974483, 1.4142135623730951
422, 13, 204, 36, 203, 37, 1, -1, -0.7853981633974483, 1.4142135623730951
422, 18, 159, 61, 158, 62, 1, -1, -0.7853981633974483, 1.4142135623730951
422, 19, 160, 198, 159, 199, 1, -1, -0.7853981633974483, 1.4142135623730951
422, 38, 203, 185, 202, 186, 1, -1, -0.7853981633974483, 1.4142135623730951
423, 3, 190, 48, 189, 49, 1, -1, -0.7853981633974483, 1.4142135623730951
423, 11, 5, 44, 4, 45, 1, -1, -0.7853981633974483, 1.4142135623730951
423, 14, 17, 89, 16, 90, 1, -1, -0.7853981633974483, 1.4142135623730951
423, 16, 205, 198, 204, 199, 1, -1, -0.7853981633974483, 1.4142135623730951
423, 19, 161, 197, 160, 198, 1, -1, -0.7853981633974483, 1.4142135623730951
423, 20, 126, 35, 125, 36, 1, -1, -0.7853981633974483, 1.4142135623730951
423, 25, 158, 173, 157, 174, 1, -1, -0.7853981633974483, 1.4142135623730951
423, 27, 37, 186, 36, 187, 1, -1, -0.7853981633974483, 1.4142135623730951
423, 35, 47, 37, 46, 38, 1, -1, -0.7853981633974483, 1.4142135623730951
423, 47, 148, 51, 147, 52, 1, -1, -0.7853981633974483, 1.4142135623730951
424, 12, 66, 88, 65, 89, 1, -1, -0.7853981633974483, 1.4142135623730951
424, 14, 18, 88, 17, 89, 1, -1, -0.7853981633974483, 1.4142135623730951
424, 15, 110, 54, 109, 55, 1, -1, -0.7853981633974483, 1.4142135623730951
424, 16, 206, 197, 205, 198, 1, -1, -0.7853981633974483, 1.4142135623730951
424, 18, 160, 59, 159, 60, 1, -1, -0.7853981633974483, 1.4142135623730951
424, 24, 187, 173, 186, 174, 1, -1, -0.7853981633974483, 1.4142135623730951
424, 28, 236, 177, 235, 178, 1, -1, -0.7853981633974483, 1.4142135623730951
425, 5, 236, 177, 235, 178, 1, -1, -0.7853981633974483, 1.4142135623730951
425, 13, 77, 167, 76, 168, 1, -1, -0.7853981633974483, 1.4142135623730951
425, 18, 205, 38, 204, 39, 1, -1, -0.7853981633974483, 1.4142135623730951
425, 22, 160, 63, 159, 64, 1, -1, -0.7853981633974483, 1.4142135623730951
425, 39, 162, 199, 161, 200, 1, -1, -0.7853981633974483, 1.4142135623730951
425, 43, 148, 52, 147, 53, 1, -1, -0.7853981633974483, 1.4142135623730951
426, 5, 237, 176, 236, 177, 1, -1, -0.7853981633974483, 1.4142135623730951
426, 10, 190, 49, 189, 50, 1, -1, -0.7853981633974483, 1.4142135623730951
426, 12, 206, 200, 205, 201, 1, -1, -0.7853981633974483, 1.4142135623730951
426, 18, 206, 37, 205, 38, 1, -1, -0.7853981633974483, 1.4142135623730951
426, 35, 35, 197, 34, 198, 1, -1, -0.7853981633974483, 1.4142135623730951
426, 39, 163, 198, 162, 199, 1, -1, -0.7853981633974483, 1.4142135623730951
426, 49, 130, 181, 129, 182, 1, -1, -0.7853981633974483, 1.4142135623730951
427, 4, 14, 35, 12, 36, 2, -1, -0.4636476090008061, 2.23606797749979
427, 10, 191, 48, 190, 49, 1, -1, -0.7853981633974483, 1.4142135623730951
427, 34, 71, 206, 68, 206, 3, 0, 0.0, 3.0
427, 37, 182, 200, 181, 201, 1, -1, -0.7853981633974483, 1.4142135623730951
427, 39, 164, 197, 163, 198, 1, -1, -0.7853981633974483, 1.4142135623730951
427, 46, 28, 201, 27, 202, 1, -1, -0.7853981633974483, 1.4142135623730951
428, 5, 238, 175, 237, 176, 1, -1, -0.7853981633974483, 1.4142135623730951
428, 20, 39, 172, 38, 173, 1, -1, -0.7853981633974483, 1.4142135623730951
428, 24, 156, 174, 155, 175, 1, -1, -0.7853981633974483, 1.4142135623730951
428, 34, 36, 195, 35, 196, 1, -1, -0.7853981633974483, 1.4142135623730951
428, 38, 165, 196, 164, 197, 1, -1, -0.7853981633974483, 1.4142135623730951
429, 4, 15, 33, 14, 34, 1, -1, -0.7853981633974483, 1.4142135623730951
429, 5, 239, 174, 238, 175, 1, -1, -0.7853981633974483, 1.4142135623730951
429, 22, 162, 60, 161, 61, 1, -1, -0.7853981633974483, 1.4142135623730951
429, 24, 157, 173, 156, 174, 1, -1, -0.7853981633974483, 1.4142135623730951
429, 31, 149, 188, 148, 189, 1, -1, -0.7853981633974483, 1.4142135623730951
429, 38, 166, 195, 165, 196, 1, -1, -0.7853981633974483, 1.4142135623730951
430, 25, 164, 199, 163, 200, 1, -1, -0.7853981633974483, 1.4142135623730951
430, 30, 41, 174, 40, 175, 1, -1, -0.7853981633974483, 1.4142135623730951
430, 31, 228, 62, 227, 63, 1, -1, -0.7853981633974483, 1.4142135623730951
430, 32, 9, 70, 8, 71, 1, -1, -0.7853981633974483, 1.4142135623730951
431, 10, 12, 51, 11, 52, 1, -1, -0.7853981633974483, 1.4142135623730951
431, 14, 41, 186, 40, 187, 1, -1, -0.7853981633974483, 1.4142135623730951
431, 28, 157, 174, 156, 175, 1, -1, -0.7853981633974483, 1.4142135623730951
431, 31, 229, 61, 228, 62, 1, -1, -0.7853981633974483, 1.4142135623730951
431, 40, 63, 79, 62, 80, 1, -1, -0.7853981633974483, 1.4142135623730951
432, 8, 191, 49, 190, 50, 1, -1, -0.7853981633974483, 1.4142135623730951
432, 14, 42, 185, 41, 186, 1, -1, -0.7853981633974483, 1.4142135623730951
432, 15, 208, 38, 207, 39, 1, -1, -0.7853981633974483, 1.4142135623730951
432, 16, 162, 64, 163, 63, -1, 1, 2.356194490192345, 1.4142135623730951
432, 26, 92, 160, 91, 159, 1, 1, 0.7853981633974483, 1.4142135623730951
432, 27, 240, 175, 238, 176, 2, -1, -0.4636476090008061, 2.23606797749979
432, 28, 158, 173, 157, 174, 1, -1, -0.7853981633974483, 1.4142135623730951
432, 29, 211, 199, 210, 200, 1, -1, -0.7853981633974483, 1.4142135623730951
432, 32, 10, 69, 9, 70, 1, -1, -0.7853981633974483, 1.4142135623730951
432, 33, 100, 61, 99, 62, 1, -1, -0.7853981633974483, 1.4142135623730951
433, 16, 163, 63, 162, 64, 1, -1, -0.7853981633974483, 1.4142135623730951
433, 21, 48, 36, 47, 37, 1, -1, -0.7853981633974483, 1.4142135623730951
433, 28, 159, 172, 158, 173, 1, -1, -0.7853981633974483, 1.4142135623730951
433, 31, 230, 59, 229, 60, 1, -1, -0.7853981633974483, 1.4142135623730951
434, 0, 185, 34, 184, 35, 1, -1, -0.7853981633974483, 1.4142135623730951
434, 8, 192, 48, 191, 49, 1, -1, -0.7853981633974483, 1.4142135623730951
434, 20, 113, 54, 112, 55, 1, -1, -0.7853981633974483, 1.4142135623730951
434, 28, 162, 171, 159, 172, 3, -1, -0.3217505543966422, 3.1622776601683795
435, 8, 195, 52, 194, 53, 1, -1, -0.7853981633974483, 1.4142135623730951
435, 14, 165, 63, 164, 64, 1, -1, -0.7853981633974483, 1.4142135623730951
435, 28, 213, 200, 212, 201, 1, -1, -0.7853981633974483, 1.4142135623730951
435, 30, 242, 176, 241, 177, 1, -1, -0.7853981633974483, 1.4142135623730951
435, 40, 155, 52, 154, 53, 1, -1, -0.7853981633974483, 1.4142135623730951
436, 14, 166, 62, 165, 63, 1, -1, -0.7853981633974483, 1.4142135623730951
436, 17, 212, 39, 211, 40, 1, -1, -0.7853981633974483, 1.4142135623730951
436, 20, 33, 51, 32, 52, 1, -1, -0.7853981633974483, 1.4142135623730951
436, 28, 214, 199, 213, 200, 1, -1, -0.7853981633974483, 1.4142135623730951
436, 33, 6, 42, 5, 43, 1, -1, -0.7853981633974483, 1.4142135623730951
436, 34, 167, 199, 166, 200, 1, -1, -0.7853981633974483, 1.4142135623730951
436, 35, 196, 175, 194, 175, 2, 0, 0.0, 2.0
437, 17, 213, 38, 212, 39, 1, -1, -0.7853981633974483, 1.4142135623730951
437, 28, 215, 198, 214, 199, 1, -1, -0.7853981633974483, 1.4142135623730951
437, 30, 244, 175, 243, 176, 1, -1, -0.7853981633974483, 1.4142135623730951
437, 35, 197, 174, 196, 175, 1, -1, -0.7853981633974483, 1.4142135623730951
437, 43, 228, 196, 227, 197, 1, -1, -0.7853981633974483, 1.4142135623730951
438, 8, 196, 50, 195, 51, 1, -1, -0.7853981633974483, 1.4142135623730951
438, 15, 24, 89, 23, 90, 1, -1, -0.7853981633974483, 1.4142135623730951
438, 17, 214, 37, 213, 38, 1, -1, -0.7853981633974483, 1.4142135623730951
438, 28, 216, 197, 215, 198, 1, -1, -0.7853981633974483, 1.4142135623730951
438, 37, 35, 200, 34, 201, 1, -1, -0.7853981633974483, 1.4142135623730951
438, 42, 229, 195, 228, 196, 1, -1, -0.7853981633974483, 1.4142135623730951
439, 8, 197, 49, 196, 50, 1, -1, -0.7853981633974483, 1.4142135623730951
439, 17, 215, 36, 214, 37, 1, -1, -0.7853981633974483, 1.4142135623730951
439, 26, 210, 184, 209, 185, 1, -1, -0.7853981633974483, 1.4142135623730951
439, 27, 116, 52, 115, 53, 1, -1, -0.7853981633974483, 1.4142135623730951
439, 28, 217, 195, 216, 197, 1, -2, -1.1071487177940904, 2.23606797749979
440, 19, 214, 38, 213, 39, 1, -1, -0.7853981633974483, 1.4142135623730951
440, 20, 82, 80, 81, 81, 1, -1, -0.7853981633974483, 1.4142135623730951
440, 21, 197, 52, 196, 53, 1, -1, -0.7853981633974483, 1.4142135623730951
440, 29, 213, 186, 212, 187, 1, -1, -0.7853981633974483, 1.4142135623730951
440, 37, 168, 63, 167, 64, 1, -1, -0.7853981633974483, 1.4142135623730951
440, 39, 45, 186, 44, 187, 1, -1, -0.7853981633974483, 1.4142135623730951
440, 46, 234, 61, 233, 62, 1, -1, -0.7853981633974483, 1.4142135623730951
441, 19, 215, 37, 214, 38, 1, -1, -0.7853981633974483, 1.4142135623730951
441, 26, 170, 198, 169, 199, 1, -1, -0.7853981633974483, 1.4142135623730951
441, 37, 169, 62, 168, 63, 1, -1, -0.7853981633974483, 1.4142135623730951
441, 46, 236, 61, 234, 61, 2, 0, 0.0, 2.0
442, 0, 191, 36, 190, 37, 1, -1, -0.7853981633974483, 1.4142135623730951
442, 25, 171, 197, 170, 198, 1, -1, -0.7853981633974483, 1.4142135623730951
442, 29, 145, 173, 144, 174, 1, -1, -0.7853981633974483, 1.4142135623730951
442, 36, 170, 61, 169, 62, 1, -1, -0.7853981633974483, 1.4142135623730951
442, 46, 137, 183, 136, 182, 1, 1, 0.7853981633974483, 1.4142135623730951
443, 18, 16, 69, 15, 70, 1, -1, -0.7853981633974483, 1.4142135623730951
443, 24, 29, 61, 27, 61, 2, 0, 0.0, 2.0
443, 25, 172, 196, 171, 197, 1, -1, -0.7853981633974483, 1.4142135623730951
443, 26, 129, 69, 131, 70, -2, -1, -2.677945044588987, 2.23606797749979
443, 28, 214, 184, 213, 185, 1, -1, -0.7853981633974483, 1.4142135623730951
443, 36, 171, 60, 170, 61, 1, -1, -0.7853981633974483, 1.4142135623730951
443, 45, 238, 60, 237, 61, 1, -1, -0.7853981633974483, 1.4142135623730951
444, 17, 17, 68, 16, 69, 1, -1, -0.7853981633974483, 1.4142135623730951
444, 18, 216, 36, 215, 37, 1, -1, -0.7853981633974483, 1.4142135623730951
444, 23, 31, 61, 29, 61, 2, 0, 0.0, 2.0
444, 30, 109, 76, 107, 78, 2, -2, -0.7853981633974483, 2.8284271247461903
445, 3, 83, 167, 82, 168, 1, -1, -0.7853981633974483, 1.4142135623730951
445, 9, 249, 177, 248, 178, 1, -1, -0.7853981633974483, 1.4142135623730951
445, 23, 236, 63, 235, 64, 1, -1, -0.7853981633974483, 1.4142135623730951
445, 34, 173, 199, 172, 200, 1, -1, -0.7853981633974483, 1.4142135623730951
446, 2, 195, 36, 193, 37, 2, -1, -0.4636476090008061, 2.23606797749979
446, 9, 250, 176, 249, 177, 1, -1, -0.7853981633974483, 1.4142135623730951
446, 10, 201, 48, 200, 49, 1, -1, -0.7853981633974483, 1.4142135623730951
446, 23, 237, 62, 236, 63, 1, -1, -0.7853981633974483, 1.4142135623730951
446, 28, 170, 62, 169, 63, 1, -1, -0.7853981633974483, 1.4142135623730951
446, 32, 29, 60, 27, 61, 2, -1, -0.4636476090008061, 2.23606797749979
447, 3, 85, 166, 84, 167, 1, -1, -0.7853981633974483, 1.4142135623730951
447, 11, 54, 81, 53, 82, 1, -1, -0.7853981633974483, 1.4142135623730951
447, 23, 239, 61, 237, 62, 2, -1, -0.4636476090008061, 2.23606797749979
447, 26, 49, 186, 48, 187, 1, -1, -0.7853981633974483, 1.4142135623730951
447, 36, 104, 61, 103, 63, 1, -2, -1.1071487177940904, 2.23606797749979
447, 40, 44, 173, 43, 174, 1, -1, -0.7853981633974483, 1.4142135623730951
447, 46, 22, 53, 20, 55, 2, -2, -0.7853981633974483, 2.8284271247461903
447, 53, 151, 63, 150, 64, 1, -1, -0.7853981633974483, 1.4142135623730951
448, 9, 253, 175, 250, 175, 3, 0, 0.0, 3.0
448, 10, 202, 47, 201, 48, 1, -1, -0.7853981633974483, 1.4142135623730951
448, 21, 37, 51, 36, 52, 1, -1, -0.7853981633974483, 1.4142135623730951
448, 24, 218, 38, 217, 39, 1, -1, -0.7853981633974483, 1.4142135623730951
448, 32, 31, 59, 30, 60, 1, -1, -0.7853981633974483, 1.4142135623730951
448, 34, 175, 197, 174, 198, 1, -1, -0.7853981633974483, 1.4142135623730951
448, 42, 17, 78, 16, 79, 1, -1, -0.7853981633974483, 1.4142135623730951
449, 33, 176, 196, 175, 197, 1, -1, -0.7853981633974483, 1.4142135623730951
449, 48, 201, 172, 197, 173, 4, -1, -0.24497866312686414, 4.123105625617661
451, 2, 196, 36, 195, 37, 1, -1, -0.7853981633974483, 1.4142135623730951
451, 7, 79, 89, 78, 90, 1, -1, -0.7853981633974483, 1.4142135623730951
451, 16, 21, 50, 20, 51, 1, -1, -0.7853981633974483, 1.4142135623730951
451, 20, 221, 39, 220, 40, 1, -1, -0.7853981633974483, 1.4142135623730951
451, 26, 222, 199, 221, 200, 1, -1, -0.7853981633974483, 1.4142135623730951
451, 30, 252, 177, 251, 178, 1, -1, -0.7853981633974483, 1.4142135623730951
452, 8, 203, 49, 202, 50, 1, -1, -0.7853981633974483, 1.4142135623730951
452, 25, 174, 62, 173, 63, 1, -1, -0.7853981633974483, 1.4142135623730951
452, 26, 223, 198, 222, 199, 1, -1, -0.7853981633974483, 1.4142135623730951
452, 29, 175, 197, 174, 198, 1, -1, -0.7853981633974483, 1.4142135623730951
453, 20, 223, 38, 222, 39, 1, -1, -0.7853981633974483, 1.4142135623730951
453, 29, 176, 196, 175, 197, 1, -1, -0.7853981633974483, 1.4142135623730951
453, 41, 108, 185, 107, 186, 1, -1, -0.7853981633974483, 1.4142135623730951
453, 42, 25, 198, 24, 199, 1, -1, -0.7853981633974483, 1.4142135623730951
454, 10, 113, 153, 112, 154, 1, -1, -0.7853981633974483, 1.4142135623730951
454, 16, 20, 46, 21, 48, -1, -2, -2.0344439357957027, 2.23606797749979
454, 26, 225, 197, 223, 197, 2, 0, 0.0, 2.0
454, 28, 31, 87, 30, 88, 1, -1, -0.7853981633974483, 1.4142135623730951
454, 29, 176, 194, 176, 196, 0, -2, -1.5707963267948966, 2.0
454, 33, 115, 166, 114, 165, 1, 1, 0.7853981633974483, 1.4142135623730951
455, 2, 199, 36, 198, 37, 1, -1, -0.7853981633974483, 1.4142135623730951
455, 15, 170, 173, 169, 174, 1, -1, -0.7853981633974483, 1.4142135623730951
455, 23, 223, 39, 222, 40, 1, -1, -0.7853981633974483, 1.4142135623730951
455, 26, 42, 51, 41, 52, 1, -1, -0.7853981633974483, 1.4142135623730951
455, 48, 225, 200, 224, 201, 1, -1, -0.7853981633974483, 1.4142135623730951
456, 2, 200, 35, 199, 36, 1, -1, -0.7853981633974483, 1.4142135623730951
456, 22, 224, 38, 223, 39, 1, -1, -0.7853981633974483, 1.4142135623730951
456, 34, 178, 199, 177, 200, 1, -1, -0.7853981633974483, 1.4142135623730951
456, 44, 196, 200, 195, 201, 1, -1, -0.7853981633974483, 1.4142135623730951
456, 47, 226, 199, 225, 200, 1, -1, -0.7853981633974483, 1.4142135623730951
457, 22, 225, 37, 224, 38, 1, -1, -0.7853981633974483, 1.4142135623730951
457, 28, 178, 63, 177, 64, 1, -1, -0.7853981633974483, 1.4142135623730951
457, 34, 179, 198, 178, 199, 1, -1, -0.7853981633974483, 1.4142135623730951
457, 40, 163, 51, 162, 52, 1, -1, -0.7853981633974483, 1.4142135623730951
457, 47, 227, 198, 226, 199, 1, -1, -0.7853981633974483, 1.4142135623730951
458, 2, 201, 34, 200, 35, 1, -1, -0.7853981633974483, 1.4142135623730951
458, 4, 205, 50, 204, 51, 1, -1, -0.7853981633974483, 1.4142135623730951
458, 10, 26, 34, 25, 35, 1, -1, -0.7853981633974483, 1.4142135623730951
458, 15, 172, 171, 171, 172, 1, -1, -0.7853981633974483, 1.4142135623730951
458, 25, 42, 47, 42, 49, 0, -2, -1.5707963267948966, 2.0
458, 37, 206, 173, 205, 174, 1, -1, -0.7853981633974483, 1.4142135623730951
458, 47, 228, 197, 227, 198, 1, -1, -0.7853981633974483, 1.4142135623730951
458, 51, 130, 185, 129, 186, 1, -1, -0.7853981633974483, 1.4142135623730951
459, 15, 173, 170, 172, 171, 1, -1, -0.7853981633974483, 1.4142135623730951
459, 35, 221, 185, 220, 186, 1, -1, -0.7853981633974483, 1.4142135623730951
459, 41, 117, 198, 116, 199, 1, -1, -0.7853981633974483, 1.4142135623730951
459, 47, 229, 196, 228, 197, 1, -1, -0.7853981633974483, 1.4142135623730951
460, 22, 172, 174, 171, 175, 1, -1, -0.7853981633974483, 1.4142135623730951
460, 26, 51, 175, 50, 176, 1, -1, -0.7853981633974483, 1.4142135623730951
460, 37, 106, 53, 105, 54, 1, -1, -0.7853981633974483, 1.4142135623730951
460, 38, 155, 173, 154, 174, 1, -1, -0.7853981633974483, 1.4142135623730951
460, 41, 130, 187, 129, 188, 1, -1, -0.7853981633974483, 1.4142135623730951
460, 48, 120, 200, 119, 201, 1, -1, -0.7853981633974483, 1.4142135623730951
461, 23, 180, 198, 179, 199, 1, -1, -0.7853981633974483, 1.4142135623730951
461, 32, 30, 199, 29, 200, 1, -1, -0.7853981633974483, 1.4142135623730951
461, 44, 166, 51, 165, 52, 1, -1, -0.7853981633974483, 1.4142135623730951
462, 8, 89, 53, 89, 55, 0, -2, -1.5707963267948966, 2.0
462, 32, 31, 198, 30, 199, 1, -1, -0.7853981633974483, 1.4142135623730951
463, 13, 260, 176, 259, 177, 1, -1, -0.7853981633974483, 1.4142135623730951
463, 25, 78, 200, 77, 201, 1, -1, -0.7853981633974483, 1.4142135623730951
463, 26, 55, 174, 53, 175, 2, -1, -0.4636476090008061, 2.23606797749979
463, 39, 222, 184, 221, 185, 1, -1, -0.7853981633974483, 1.4142135623730951
463, 41, 45, 203, 44, 204, 1, -1, -0.7853981633974483, 1.4142135623730951
464, 13, 261, 175, 260, 176, 1, -1, -0.7853981633974483, 1.4142135623730951
464, 24, 43, 51, 42, 52, 1, -1, -0.7853981633974483, 1.4142135623730951
464, 29, 228, 198, 227, 199, 1, -1, -0.7853981633974483, 1.4142135623730951
464, 32, 32, 197, 31, 198, 1, -1, -0.7853981633974483, 1.4142135623730951
464, 37, 157, 171, 156, 172, 1, -1, -0.7853981633974483, 1.4142135623730951
465, 8, 261, 177, 260, 178, 1, -1, -0.7853981633974483, 1.4142135623730951
465, 25, 228, 39, 227, 40, 1, -1, -0.7853981633974483, 1.4142135623730951
465, 34, 231, 200, 230, 201, 1, -1, -0.7853981633974483, 1.4142135623730951
465, 38, 192, 50, 191, 51, 1, -1, -0.7853981633974483, 1.4142135623730951
465, 39, 3, 159, 2, 158, 1, 1, 0.7853981633974483, 1.4142135623730951
465, 41, 25, 168, 24, 169, 1, -1, -0.7853981633974483, 1.4142135623730951
465, 46, 249, 61, 248, 62, 1, -1, -0.7853981633974483, 1.4142135623730951
466, 7, 211, 49, 210, 50, 1, -1, -0.7853981633974483, 1.4142135623730951
466, 42, 224, 186, 223, 187, 1, -1, -0.7853981633974483, 1.4142135623730951
467, 7, 212, 48, 211, 49, 1, -1, -0.7853981633974483, 1.4142135623730951
467, 41, 26, 167, 25, 168, 1, -1, -0.7853981633974483, 1.4142135623730951
467, 44, 247, 197, 246, 198, 1, -1, -0.7853981633974483, 1.4142135623730951
468, 8, 261, 175, 260, 176, 1, -1, -0.7853981633974483, 1.4142135623730951
468, 23, 132, 67, 130, 68, 2, -1, -0.4636476090008061, 2.23606797749979
468, 36, 175, 174, 174, 175, 1, -1, -0.7853981633974483, 1.4142135623730951
469, 7, 214, 47, 213, 48, 1, -1, -0.7853981633974483, 1.4142135623730951
469, 23, 133, 66, 132, 67, 1, -1, -0.7853981633974483, 1.4142135623730951
469, 24, 56, 185, 55, 186, 1, -1, -0.7853981633974483, 1.4142135623730951
469, 27, 182, 60, 181, 61, 1, -1, -0.7853981633974483, 1.4142135623730951
469, 32, 184, 198, 183, 199, 1, -1, -0.7853981633974483, 1.4142135623730951
469, 36, 176, 173, 175, 174, 1, -1, -0.7853981633974483, 1.4142135623730951
469, 40, 115, 187, 114, 188, 1, -1, -0.7853981633974483, 1.4142135623730951
469, 41, 28, 166, 27, 167, 1, -1, -0.7853981633974483, 1.4142135623730951
469, 42, 225, 183, 224, 184, 1, -1, -0.7853981633974483, 1.4142135623730951
469, 46, 251, 60, 249, 61, 2, -1, -0.4636476090008061, 2.23606797749979
470, 1, 207, 37, 206, 38, 1, -1, -0.7853981633974483, 1.4142135623730951
470, 25, 215, 176, 212, 175, 3, 1, 0.3217505543966422, 3.1622776601683795
470, 27, 185, 198, 184, 199, 1, -1, -0.7853981633974483, 1.4142135623730951
470, 28, 183, 63, 182, 64, 1, -1, -0.7853981633974483, 1.4142135623730951
470, 39, 159, 173, 158, 174, 1, -1, -0.7853981633974483, 1.4142135623730951
470, 41, 31, 168, 29, 169, 2, -1, -0.4636476090008061, 2.23606797749979
470, 42, 133, 66, 132, 67, 1, -1, -0.7853981633974483, 1.4142135623730951
470, 47, 150, 184, 149, 185, 1, -1, -0.7853981633974483, 1.4142135623730951
471, 1, 208, 36, 207, 37, 1, -1, -0.7853981633974483, 1.4142135623730951
471, 12, 92, 166, 91, 167, 1, -1, -0.7853981633974483, 1.4142135623730951
471, 14, 123, 70, 122, 71, 1, -1, -0.7853981633974483, 1.4142135623730951
471, 17, 232, 40, 231, 41, 1, -1, -0.7853981633974483, 1.4142135623730951
471, 19, 178, 173, 177, 174, 1, -1, -0.7853981633974483, 1.4142135623730951
471, 42, 134, 65, 133, 66, 1, -1, -0.7853981633974483, 1.4142135623730951
471, 47, 151, 183, 150, 184, 1, -1, -0.7853981633974483, 1.4142135623730951
472, 1, 209, 35, 208, 36, 1, -1, -0.7853981633974483, 1.4142135623730951
472, 19, 179, 172, 178, 173, 1, -1, -0.7853981633974483, 1.4142135623730951
472, 30, 227, 184, 226, 185, 1, -1, -0.7853981633974483, 1.4142135623730951
472, 37, 235, 199, 234, 200, 1, -1, -0.7853981633974483, 1.4142135623730951
472, 38, 266, 177, 265, 178, 1, -1, -0.7853981633974483, 1.4142135623730951
472, 39, 160, 172, 159, 173, 1, -1, -0.7853981633974483, 1.4142135623730951
472, 42, 135, 64, 134, 65, 1, -1, -0.7853981633974483, 1.4142135623730951
472, 47, 153, 183, 151, 183, 2, 0, 0.0, 2.0
473, 1, 210, 34, 209, 35, 1, -1, -0.7853981633974483, 1.4142135623730951
473, 4, 27, 46, 26, 47, 1, -1, -0.7853981633974483, 1.4142135623730951
473, 26, 186, 196, 185, 197, 1, -1, -0.7853981633974483, 1.4142135623730951
473, 29, 228, 183, 227, 184, 1, -1, -0.7853981633974483, 1.4142135623730951
473, 41, 135, 62, 135, 64, 0, -2, -1.5707963267948966, 2.0
473, 46, 155, 182, 153, 183, 2, -1, -0.4636476090008061, 2.23606797749979
474, 1, 211, 33, 210, 34, 1, -1, -0.7853981633974483, 1.4142135623730951
474, 10, 93, 165, 92, 166, 1, -1, -0.7853981633974483, 1.4142135623730951
474, 26, 185, 61, 184, 62, 1, -1, -0.7853981633974483, 1.4142135623730951
474, 28, 229, 182, 228, 183, 1, -1, -0.7853981633974483, 1.4142135623730951
474, 39, 135, 60, 135, 62, 0, -2, -1.5707963267948966, 2.0
474, 44, 159, 181, 155, 182, 4, -1, -0.24497866312686414, 4.123105625617661
475, 13, 216, 50, 215, 51, 1, -1, -0.7853981633974483, 1.4142135623730951
475, 14, 94, 78, 93, 79, 1, -1, -0.7853981633974483, 1.4142135623730951
475, 17, 31, 69, 30, 70, 1, -1, -0.7853981633974483, 1.4142135623730951
475, 20, 37, 59, 36, 60, 1, -1, -0.7853981633974483, 1.4142135623730951
476, 24, 16, 161, 15, 162, 1, -1, -0.7853981633974483, 1.4142135623730951
476, 28, 267, 177, 266, 178, 1, -1, -0.7853981633974483, 1.4142135623730951
477, 12, 47, 50, 46, 51, 1, -1, -0.7853981633974483, 1.4142135623730951
477, 13, 217, 48, 216, 49, 1, -1, -0.7853981633974483, 1.4142135623730951
477, 20, 39, 58, 38, 59, 1, -1, -0.7853981633974483, 1.4142135623730951
477, 23, 122, 66, 121, 67, 1, -1, -0.7853981633974483, 1.4142135623730951
478, 1, 158, 42, 157, 43, 1, -1, -0.7853981633974483, 1.4142135623730951
478, 12, 48, 49, 47, 50, 1, -1, -0.7853981633974483, 1.4142135623730951
478, 13, 218, 47, 217, 48, 1, -1, -0.7853981633974483, 1.4142135623730951
478, 27, 269, 176, 268, 177, 1, -1, -0.7853981633974483, 1.4142135623730951
479, 26, 271, 175, 269, 176, 2, -1, -0.4636476090008061, 2.23606797749979
479, 29, 235, 39, 234, 40, 1, -1, -0.7853981633974483, 1.4142135623730951
480, 15, 66, 81, 65, 82, 1, -1, -0.7853981633974483, 1.4142135623730951
480, 24, 270, 177, 269, 178, 1, -1, -0.7853981633974483, 1.4142135623730951
480, 26, 164, 173, 163, 174, 1, -1, -0.7853981633974483, 1.4142135623730951
480, 30, 219, 48, 218, 50, 1, -2, -1.1071487177940904, 2.23606797749979
481, 4, 213, 35, 212, 36, 1, -1, -0.7853981633974483, 1.4142135623730951
481, 7, 68, 36, 67, 37, 1, -1, -0.7853981633974483, 1.4142135623730951
481, 10, 110, 203, 109, 204, 1, -1, -0.7853981633974483, 1.4142135623730951
481, 28, 191, 194, 190, 195, 1, -1, -0.7853981633974483, 1.4142135623730951
481, 29, 238, 38, 237, 39, 1, -1, -0.7853981633974483, 1.4142135623730951
481, 30, 220, 47, 219, 48, 1, -1, -0.7853981633974483, 1.4142135623730951
482, 23, 60, 185, 59, 186, 1, -1, -0.7853981633974483, 1.4142135623730951
482, 33, 189, 60, 188, 61, 1, -1, -0.7853981633974483, 1.4142135623730951
483, 11, 45, 85, 43, 86, 2, -1, -0.4636476090008061, 2.23606797749979
483, 29, 221, 46, 220, 47, 1, -1, -0.7853981633974483, 1.4142135623730951
485, 32, 239, 39, 238, 40, 1, -1, -0.7853981633974483, 1.4142135623730951
486, 2, 215, 36, 214, 37, 1, -1, -0.7853981633974483, 1.4142135623730951
486, 28, 243, 201, 242, 200, 1, 1, 0.7853981633974483, 1.4142135623730951
487, 5, 176, 36, 175, 37, 1, -1, -0.7853981633974483, 1.4142135623730951
487, 11, 222, 49, 221, 50, 1, -1, -0.7853981633974483, 1.4142135623730951
487, 15, 274, 176, 273, 177, 1, -1, -0.7853981633974483, 1.4142135623730951
487, 33, 225, 176, 221, 175, 4, 1, 0.24497866312686414, 4.123105625617661
487, 41, 194, 194, 193, 195, 1, -1, -0.7853981633974483, 1.4142135623730951
488, 17, 7, 157, 6, 158, 1, -1, -0.7853981633974483, 1.4142135623730951
488, 25, 20, 161, 19, 162, 1, -1, -0.7853981633974483, 1.4142135623730951
488, 33, 42, 198, 41, 199, 1, -1, -0.7853981633974483, 1.4142135623730951
488, 41, 131, 199, 130, 200, 1, -1, -0.7853981633974483, 1.4142135623730951
488, 43, 143, 186, 141, 187, 2, -1, -0.4636476090008061, 2.23606797749979
489, 3, 120, 157, 119, 158, 1, -1, -0.7853981633974483, 1.4142135623730951
489, 5, 177, 35, 176, 36, 1, -1, -0.7853981633974483, 1.4142135623730951
489, 26, 244, 199, 243, 200, 1, -1, -0.7853981633974483, 1.4142135623730951
489, 28, 237, 182, 235, 182, 2, 0, 0.0, 2.0
489, 43, 144, 185, 143, 186, 1, -1, -0.7853981633974483, 1.4142135623730951
490, 16, 40, 36, 39, 37, 1, -1, -0.7853981633974483, 1.4142135623730951
490, 27, 85, 201, 84, 202, 1, -1, -0.7853981633974483, 1.4142135623730951
490, 32, 277, 178, 276, 179, 1, -1, -0.7853981633974483, 1.4142135623730951
490, 34, 244, 39, 243, 40, 1, -1, -0.7853981633974483, 1.4142135623730951
490, 39, 44, 199, 43, 200, 1, -1, -0.7853981633974483, 1.4142135623730951
490, 42, 60, 205, 58, 206, 2, -1, -0.4636476090008061, 2.23606797749979
490, 49, 115, 50, 114, 51, 1, -1, -0.7853981633974483, 1.4142135623730951
491, 16, 41, 35, 40, 36, 1, -1, -0.7853981633974483, 1.4142135623730951
491, 21, 3, 78, 2, 79, 1, -1, -0.7853981633974483, 1.4142135623730951
491, 34, 245, 38, 244, 39, 1, -1, -0.7853981633974483, 1.4142135623730951
491, 42, 61, 204, 60, 205, 1, -1, -0.7853981633974483, 1.4142135623730951
492, 9, 219, 36, 218, 37, 1, -1, -0.7853981633974483, 1.4142135623730951
492, 34, 246, 37, 245, 38, 1, -1, -0.7853981633974483, 1.4142135623730951
492, 38, 61, 175, 60, 176, 1, -1, -0.7853981633974483, 1.4142135623730951
492, 42, 62, 203, 61, 204, 1, -1, -0.7853981633974483, 1.4142135623730951
492, 47, 3, 185, 2, 186, 1, -1, -0.7853981633974483, 1.4142135623730951
493, 1, 164, 41, 163, 42, 1, -1, -0.7853981633974483, 1.4142135623730951
493, 2, 119, 160, 120, 159, -1, 1, 2.356194490192345, 1.4142135623730951
493, 20, 184, 174, 186, 174, -2, 0, 3.141592653589793, 2.0
493, 36, 169, 172, 168, 173, 1, -1, -0.7853981633974483, 1.4142135623730951
493, 42, 197, 63, 196, 64, 1, -1, -0.7853981633974483, 1.4142135623730951
494, 9, 220, 34, 219, 35, 1, -1, -0.7853981633974483, 1.4142135623730951
494, 13, 99, 76, 99, 78, 0, -2, -1.5707963267948966, 2.0
494, 27, 133, 196, 131, 197, 2, -1, -0.4636476090008061, 2.23606797749979
494, 31, 132, 42, 132, 44, 0, -2, -1.5707963267948966, 2.0
494, 35, 171, 171, 169, 172, 2, -1, -0.4636476090008061, 2.23606797749979
494, 38, 144, 185, 143, 186, 1, -1, -0.7853981633974483, 1.4142135623730951
494, 41, 198, 61, 197, 63, 1, -2, -1.1071487177940904, 2.23606797749979
495, 5, 181, 37, 180, 38, 1, -1, -0.7853981633974483, 1.4142135623730951
495, 34, 190, 176, 189, 177, 1, -1, -0.7853981633974483, 1.4142135623730951
495, 39, 280, 177, 278, 178, 2, -1, -0.4636476090008061, 2.23606797749979
495, 47, 247, 38, 246, 39, 1, -1, -0.7853981633974483, 1.4142135623730951
495, 49, 11, 51, 10, 52, 1, -1, -0.7853981633974483, 1.4142135623730951
496, 16, 50, 88, 49, 89, 1, -1, -0.7853981633974483, 1.4142135623730951
496, 30, 130, 42, 133, 43, -3, -1, -2.819842099193151, 3.1622776601683795
496, 35, 36, 168, 35, 169, 1, -1, -0.7853981633974483, 1.4142135623730951
496, 39, 281, 176, 280, 177, 1, -1, -0.7853981633974483, 1.4142135623730951
496, 41, 263, 197, 262, 198, 1, -1, -0.7853981633974483, 1.4142135623730951
496, 43, 112, 187, 111, 188, 1, -1, -0.7853981633974483, 1.4142135623730951
497, 26, 196, 63, 195, 64, 1, -1, -0.7853981633974483, 1.4142135623730951
497, 28, 228, 49, 227, 50, 1, -1, -0.7853981633974483, 1.4142135623730951
497, 30, 131, 39, 130, 42, 1, -3, -1.2490457723982544, 3.1622776601683795
497, 36, 172, 173, 171, 174, 1, -1, -0.7853981633974483, 1.4142135623730951
497, 39, 283, 175, 281, 176, 2, -1, -0.4636476090008061, 2.23606797749979
497, 41, 264, 196, 263, 197, 1, -1, -0.7853981633974483, 1.4142135623730951
498, 3, 222, 36, 221, 37, 1, -1, -0.7853981633974483, 1.4142135623730951
498, 6, 139, 52, 138, 53, 1, -1, -0.7853981633974483, 1.4142135623730951
498, 48, 124, 191, 123, 192, 1, -1, -0.7853981633974483, 1.4142135623730951
499, 33, 39, 167, 38, 168, 1, -1, -0.7853981633974483, 1.4142135623730951
499, 37, 285, 174, 284, 175, 1, -1, -0.7853981633974483, 1.4142135623730951
500, 7, 36, 47, 35, 48, 1, -1, -0.7853981633974483, 1.4142135623730951
500, 29, 162, 63, 161, 64, 1, -1, -0.7853981633974483, 1.4142135623730951
500, 37, 173, 173, 172, 174, 1, -1, -0.7853981633974483, 1.4142135623730951
501, 14, 183, 37, 182, 38, 1, -1, -0.7853981633974483, 1.4142135623730951
501, 18, 53, 87, 52, 88, 1, -1, -0.7853981633974483, 1.4142135623730951
501, 19, 283, 177, 282, 178, 1, -1, -0.7853981633974483, 1.4142135623730951
501, 20, 230, 48, 229, 49, 1, -1, -0.7853981633974483, 1.4142135623730951
501, 42, 191, 173, 190, 174, 1, -1, -0.7853981633974483, 1.4142135623730951
501, 50, 231, 175, 230, 176, 1, -1, -0.7853981633974483, 1.4142135623730951
502, 4, 169, 41, 168, 43, 1, -2, -1.1071487177940904, 2.23606797749979
502, 5, 224, 36, 223, 37, 1, -1, -0.7853981633974483, 1.4142135623730951
502, 34, 167, 185, 165, 186, 2, -1, -0.4636476090008061, 2.23606797749979
503, 4, 170, 39, 169, 41, 1, -2, -1.1071487177940904, 2.23606797749979
503, 17, 57, 49, 56, 50, 1, -1, -0.7853981633974483, 1.4142135623730951
503, 20, 232, 47, 231, 48, 1, -1, -0.7853981633974483, 1.4142135623730951
503, 30, 132, 65, 131, 66, 1, -1, -0.7853981633974483, 1.4142135623730951
503, 35, 252, 198, 251, 199, 1, -1, -0.7853981633974483, 1.4142135623730951
503, 37, 174, 171, 173, 172, 1, -1, -0.7853981633974483, 1.4142135623730951
503, 42, 194, 172, 192, 173, 2, -1, -0.4636476090008061, 2.23606797749979
503, 46, 145, 62, 144, 63, 1, -1, -0.7853981633974483, 1.4142135623730951
504, 8, 7, 186, 6, 187, 1, -1, -0.7853981633974483, 1.4142135623730951
504, 9, 101, 195, 100, 198, 1, -3, -1.2490457723982544, 3.1622776601683795
504, 19, 286, 176, 284, 176, 2, 0, 0.0, 2.0
504, 20, 234, 46, 232, 47, 2, -1, -0.4636476090008061, 2.23606797749979
504, 28, 163, 60, 162, 61, 1, -1, -0.7853981633974483, 1.4142135623730951
504, 37, 112, 186, 110, 187, 2, -1, -0.4636476090008061, 2.23606797749979
504, 39, 196, 172, 194, 172, 2, 0, 0.0, 2.0
504, 41, 249, 39, 248, 40, 1, -1, -0.7853981633974483, 1.4142135623730951
504, 47, 233, 173, 232, 174, 1, -1, -0.7853981633974483, 1.4142135623730951
505, 4, 145, 53, 144, 54, 1, -1, -0.7853981633974483, 1.4142135623730951
505, 23, 194, 174, 193, 175, 1, -1, -0.7853981633974483, 1.4142135623730951
505, 27, 232, 49, 231, 50, 1, -1, -0.7853981633974483, 1.4142135623730951
505, 29, 254, 199, 253, 200, 1, -1, -0.7853981633974483, 1.4142135623730951
505, 52, 268, 197, 267, 198, 1, -1, -0.7853981633974483, 1.4142135623730951
506, 23, 195, 173, 194, 174, 1, -1, -0.7853981633974483, 1.4142135623730951
506, 26, 135, 45, 134, 46, 1, -1, -0.7853981633974483, 1.4142135623730951
506, 45, 246, 182, 245, 183, 1, -1, -0.7853981633974483, 1.4142135623730951
506, 48, 51, 41, 50, 42, 1, -1, -0.7853981633974483, 1.4142135623730951
507, 1, 171, 41, 170, 42, 1, -1, -0.7853981633974483, 1.4142135623730951
507, 3, 227, 37, 226, 38, 1, -1, -0.7853981633974483, 1.4142135623730951
507, 22, 202, 62, 201, 63, 1, -1, -0.7853981633974483, 1.4142135623730951
507, 23, 197, 172, 195, 173, 2, -1, -0.4636476090008061, 2.23606797749979
507, 40, 290, 178, 289, 179, 1, -1, -0.7853981633974483, 1.4142135623730951
507, 44, 249, 182, 246, 182, 3, 0, 0.0, 3.0
507, 45, 49, 199, 49, 201, 0, -2, -1.5707963267948966, 2.0
507, 51, 270, 196, 269, 197, 1, -1, -0.7853981633974483, 1.4142135623730951
507, 52, 40, 79, 39, 80, 1, -1, -0.7853981633974483, 1.4142135623730951
507, 57, 275, 61, 274, 62, 1, -1, -0.7853981633974483, 1.4142135623730951
507, 58, 166, 62, 165, 63, 1, -1, -0.7853981633974483, 1.4142135623730951
508, 0, 130, 170, 131, 169, -1, 1, 2.356194490192345, 1.4142135623730951
508, 3, 228, 36, 227, 37, 1, -1, -0.7853981633974483, 1.4142135623730951
508, 20, 43, 69, 42, 70, 1, -1, -0.7853981633974483, 1.4142135623730951
508, 23, 200, 172, 197, 172, 3, 0, 0.0, 3.0
508, 32, 203, 196, 202, 197, 1, -1, -0.7853981633974483, 1.4142135623730951
508, 43, 250, 181, 249, 182, 1, -1, -0.7853981633974483, 1.4142135623730951
508, 45, 55, 86, 54, 87, 1, -1, -0.7853981633974483, 1.4142135623730951
508, 46, 53, 40, 52, 41, 1, -1, -0.7853981633974483, 1.4142135623730951
508, 51, 41, 78, 40, 79, 1, -1, -0.7853981633974483, 1.4142135623730951
508, 52, 186, 190, 185, 191, 1, -1, -0.7853981633974483, 1.4142135623730951
509, 3, 229, 35, 228, 36, 1, -1, -0.7853981633974483, 1.4142135623730951
509, 11, 176, 172, 175, 174, 1, -2, -1.1071487177940904, 2.23606797749979
509, 18, 9, 183, 8, 184, 1, -1, -0.7853981633974483, 1.4142135623730951
509, 22, 201, 171, 200, 172, 1, -1, -0.7853981633974483, 1.4142135623730951
509, 31, 204, 195, 203, 196, 1, -1, -0.7853981633974483, 1.4142135623730951
509, 35, 43, 51, 42, 52, 1, -1, -0.7853981633974483, 1.4142135623730951
509, 37, 292, 177, 291, 178, 1, -1, -0.7853981633974483, 1.4142135623730951
509, 41, 252, 181, 250, 181, 2, 0, 0.0, 2.0
509, 44, 55, 39, 53, 40, 2, -1, -0.4636476090008061, 2.23606797749979
510, 2, 230, 36, 229, 37, 1, -1, -0.7853981633974483, 1.4142135623730951
510, 7, 188, 37, 187, 38, 1, -1, -0.7853981633974483, 1.4142135623730951
510, 39, 204, 63, 203, 64, 1, -1, -0.7853981633974483, 1.4142135623730951
510, 41, 253, 40, 252, 41, 1, -1, -0.7853981633974483, 1.4142135623730951
510, 46, 247, 184, 246, 185, 1, -1, -0.7853981633974483, 1.4142135623730951
510, 49, 59, 61, 58, 62, 1, -1, -0.7853981633974483, 1.4142135623730951
510, 50, 223, 200, 222, 201, 1, -1, -0.7853981633974483, 1.4142135623730951
510, 51, 214, 49, 213, 50, 1, -1, -0.7853981633974483, 1.4142135623730951
510, 54, 13, 77, 12, 78, 1, -1, -0.7853981633974483, 1.4142135623730951
511, 13, 76, 79, 75, 80, 1, -1, -0.7853981633974483, 1.4142135623730951
511, 24, 19, 157, 17, 158, 2, -1, -0.4636476090008061, 2.23606797749979
511, 25, 68, 187, 67, 188, 1, -1, -0.7853981633974483, 1.4142135623730951
511, 36, 27, 36, 26, 37, 1, -1, -0.7853981633974483, 1.4142135623730951
511, 37, 205, 197, 204, 198, 1, -1, -0.7853981633974483, 1.4142135623730951
511, 45, 248, 183, 247, 184, 1, -1, -0.7853981633974483, 1.4142135623730951
511, 46, 291, 178, 290, 179, 1, -1, -0.7853981633974483, 1.4142135623730951
511, 50, 215, 48, 214, 49, 1, -1, -0.7853981633974483, 1.4142135623730951
511, 53, 14, 76, 13, 77, 1, -1, -0.7853981633974483, 1.4142135623730951
511, 54, 271, 196, 270, 197, 1, -1, -0.7853981633974483, 1.4142135623730951
511, 56, 126, 59, 125, 60, 1, -1, -0.7853981633974483, 1.4142135623730951
511, 64, 192, 51, 191, 52, 1, -1, -0.7853981633974483, 1.4142135623730951
512, 18, 234, 50, 233, 51, 1, -1, -0.7853981633974483, 1.4142135623730951
512, 38, 205, 61, 204, 62, 1, -1, -0.7853981633974483, 1.4142135623730951
512, 45, 292, 177, 291, 178, 1, -1, -0.7853981633974483, 1.4142135623730951
513, 35, 28, 34, 27, 35, 1, -1, -0.7853981633974483, 1.4142135623730951
513, 48, 224, 199, 223, 200, 1, -1, -0.7853981633974483, 1.4142135623730951
513, 53, 273, 195, 272, 196, 1, -1, -0.7853981633974483, 1.4142135623730951
513, 54, 169, 63, 168, 64, 1, -1, -0.7853981633974483, 1.4142135623730951
513, 60, 13, 91, 12, 92, 1, -1, -0.7853981633974483, 1.4142135623730951
513, 63, 194, 50, 193, 51, 1, -1, -0.7853981633974483, 1.4142135623730951
514, 7, 190, 35, 189, 36, 1, -1, -0.7853981633974483, 1.4142135623730951
514, 16, 105, 74, 104, 75, 1, -1, -0.7853981633974483, 1.4142135623730951
514, 21, 101, 84, 100, 85, 1, -1, -0.7853981633974483, 1.4142135623730951
514, 52, 275, 195, 273, 195, 2, 0, 0.0, 2.0
514, 57, 41, 170, 40, 171, 1, -1, -0.7853981633974483, 1.4142135623730951
514, 62, 195, 49, 194, 50, 1, -1, -0.7853981633974483, 1.4142135623730951
515, 46, 279, 62, 278, 63, 1, -1, -0.7853981633974483, 1.4142135623730951
516, 26, 238, 48, 237, 49, 1, -1, -0.7853981633974483, 1.4142135623730951
516, 39, 258, 39, 257, 40, 1, -1, -0.7853981633974483, 1.4142135623730951
516, 41, 290, 176, 289, 177, 1, -1, -0.7853981633974483, 1.4142135623730951
516, 48, 225, 199, 224, 200, 1, -1, -0.7853981633974483, 1.4142135623730951
517, 10, 191, 37, 190, 38, 1, -1, -0.7853981633974483, 1.4142135623730951
517, 11, 232, 36, 231, 37, 1, -1, -0.7853981633974483, 1.4142135623730951
517, 39, 260, 38, 258, 39, 2, -1, -0.4636476090008061, 2.23606797749979
518, 10, 192, 36, 191, 37, 1, -1, -0.7853981633974483, 1.4142135623730951
518, 41, 171, 61, 170, 62, 1, -1, -0.7853981633974483, 1.4142135623730951
519, 1, 177, 42, 176, 43, 1, -1, -0.7853981633974483, 1.4142135623730951
519, 4, 149, 48, 148, 49, 1, -1, -0.7853981633974483, 1.4142135623730951
519, 21, 201, 172, 200, 173, 1, -1, -0.7853981633974483, 1.4142135623730951
519, 41, 173, 60, 171, 61, 2, -1, -0.4636476090008061, 2.23606797749979
519, 45, 42, 63, 41, 64, 1, -1, -0.7853981633974483, 1.4142135623730951
520, 39, 239, 175, 238, 174, 1, 1, 0.7853981633974483, 1.4142135623730951
520, 45, 277, 197, 276, 198, 1, -1, -0.7853981633974483, 1.4142135623730951
521, 4, 121, 200, 120, 201, 1, -1, -0.7853981633974483, 1.4142135623730951
521, 23, 50, 60, 51, 59, -1, 1, 2.356194490192345, 1.4142135623730951
521, 33, 254, 183, 253, 184, 1, -1, -0.7853981633974483, 1.4142135623730951
521, 38, 145, 197, 144, 198, 1, -1, -0.7853981633974483, 1.4142135623730951
521, 39, 240, 176, 239, 175, 1, 1, 0.7853981633974483, 1.4142135623730951
522, 21, 63, 50, 62, 51, 1, -1, -0.7853981633974483, 1.4142135623730951
522, 22, 51, 58, 50, 60, 1, -2, -1.1071487177940904, 2.23606797749979
522, 30, 184, 173, 183, 174, 1, -1, -0.7853981633974483, 1.4142135623730951
522, 32, 255, 182, 254, 183, 1, -1, -0.7853981633974483, 1.4142135623730951
522, 38, 241, 175, 240, 176, 1, -1, -0.7853981633974483, 1.4142135623730951
523, 27, 296, 176, 295, 177, 1, -1, -0.7853981633974483, 1.4142135623730951
523, 30, 185, 172, 184, 173, 1, -1, -0.7853981633974483, 1.4142135623730951
523, 35, 242, 49, 241, 50, 1, -1, -0.7853981633974483, 1.4142135623730951
523, 37, 146, 195, 145, 196, 1, -1, -0.7853981633974483, 1.4142135623730951
524, 10, 237, 35, 236, 36, 1, -1, -0.7853981633974483, 1.4142135623730951
524, 31, 257, 181, 256, 182, 1, -1, -0.7853981633974483, 1.4142135623730951
524, 36, 148, 195, 146, 195, 2, 0, 0.0, 2.0
524, 37, 242, 173, 241, 174, 1, -1, -0.7853981633974483, 1.4142135623730951
524, 38, 262, 38, 261, 39, 1, -1, -0.7853981633974483, 1.4142135623730951
524, 39, 213, 194, 212, 195, 1, -1, -0.7853981633974483, 1.4142135623730951
524, 40, 140, 62, 139, 63, 1, -1, -0.7853981633974483, 1.4142135623730951
524, 42, 280, 196, 279, 197, 1, -1, -0.7853981633974483, 1.4142135623730951
524, 45, 211, 61, 210, 62, 1, -1, -0.7853981633974483, 1.4142135623730951
525, 2, 45, 46, 44, 47, 1, -1, -0.7853981633974483, 1.4142135623730951
525, 30, 298, 177, 297, 178, 1, -1, -0.7853981633974483, 1.4142135623730951
525, 33, 120, 189, 119, 190, 1, -1, -0.7853981633974483, 1.4142135623730951
525, 34, 205, 174, 203, 175, 2, -1, -0.4636476090008061, 2.23606797749979
525, 46, 148, 200, 146, 201, 2, -1, -0.4636476090008061, 2.23606797749979
525, 48, 213, 195, 212, 196, 1, -1, -0.7853981633974483, 1.4142135623730951
525, 49, 47, 69, 46, 70, 1, -1, -0.7853981633974483, 1.4142135623730951
525, 54, 30, 187, 29, 188, 1, -1, -0.7853981633974483, 1.4142135623730951
526, 1, 181, 43, 180, 44, 1, -1, -0.7853981633974483, 1.4142135623730951
526, 7, 196, 36, 195, 37, 1, -1, -0.7853981633974483, 1.4142135623730951
526, 15, 241, 49, 240, 50, 1, -1, -0.7853981633974483, 1.4142135623730951
526, 29, 299, 176, 298, 177, 1, -1, -0.7853981633974483, 1.4142135623730951
526, 52, 31, 186, 30, 187, 1, -1, -0.7853981633974483, 1.4142135623730951
527, 1, 182, 42, 181, 43, 1, -1, -0.7853981633974483, 1.4142135623730951
527, 5, 105, 164, 104, 165, 1, -1, -0.7853981633974483, 1.4142135623730951
527, 11, 239, 36, 238, 37, 1, -1, -0.7853981633974483, 1.4142135623730951
527, 29, 265, 39, 264, 40, 1, -1, -0.7853981633974483, 1.4142135623730951
527, 47, 48, 68, 47, 69, 1, -1, -0.7853981633974483, 1.4142135623730951
527, 49, 12, 75, 11, 76, 1, -1, -0.7853981633974483, 1.4142135623730951
527, 50, 280, 196, 279, 197, 1, -1, -0.7853981633974483, 1.4142135623730951
528, 1, 183, 41, 182, 42, 1, -1, -0.7853981633974483, 1.4142135623730951
528, 11, 240, 35, 239, 36, 1, -1, -0.7853981633974483, 1.4142135623730951
528, 14, 242, 47, 241, 48, 1, -1, -0.7853981633974483, 1.4142135623730951
528, 21, 57, 199, 56, 200, 1, -1, -0.7853981633974483, 1.4142135623730951
528, 29, 81, 77, 80, 78, 1, -1, -0.7853981633974483, 1.4142135623730951
528, 35, 47, 170, 46, 171, 1, -1, -0.7853981633974483, 1.4142135623730951
528, 43, 217, 194, 215, 195, 2, -1, -0.4636476090008061, 2.23606797749979
529, 22, 35, 70, 34, 71, 1, -1, -0.7853981633974483, 1.4142135623730951
529, 40, 259, 181, 257, 181, 2, 0, 0.0, 2.0
530, 49, 179, 184, 178, 185, 1, -1, -0.7853981633974483, 1.4142135623730951
531, 32, 246, 49, 245, 50, 1, -1, -0.7853981633974483, 1.4142135623730951
531, 45, 178, 62, 177, 63, 1, -1, -0.7853981633974483, 1.4142135623730951
531, 47, 288, 62, 287, 63, 1, -1, -0.7853981633974483, 1.4142135623730951
531, 49, 180, 183, 179, 184, 1, -1, -0.7853981633974483, 1.4142135623730951
532, 0, 183, 42, 182, 43, 1, -1, -0.7853981633974483, 1.4142135623730951
532, 39, 159, 63, 158, 64, 1, -1, -0.7853981633974483, 1.4142135623730951
532, 49, 183, 182, 180, 183, 3, -1, -0.3217505543966422, 3.1622776601683795
532, 51, 283, 197, 282, 198, 1, -1, -0.7853981633974483, 1.4142135623730951
533, 20, 92, 76, 91, 77, 1, -1, -0.7853981633974483, 1.4142135623730951
533, 32, 247, 48, 246, 49, 1, -1, -0.7853981633974483, 1.4142135623730951
533, 48, 305, 178, 303, 178, 2, 0, 0.0, 2.0
533, 49, 186, 182, 183, 182, 3, 0, 0.0, 3.0
533, 52, 258, 181, 257, 182, 1, -1, -0.7853981633974483, 1.4142135623730951
534, 9, 142, 59, 141, 60, 1, -1, -0.7853981633974483, 1.4142135623730951
534, 38, 268, 39, 267, 40, 1, -1, -0.7853981633974483, 1.4142135623730951
534, 45, 179, 60, 178, 61, 1, -1, -0.7853981633974483, 1.4142135623730951
534, 47, 290, 61, 288, 62, 2, -1, -0.4636476090008061, 2.23606797749979
534, 48, 306, 177, 305, 178, 1, -1, -0.7853981633974483, 1.4142135623730951
534, 49, 188, 181, 186, 182, 2, -1, -0.4636476090008061, 2.23606797749979
535, 10, 201, 37, 200, 38, 1, -1, -0.7853981633974483, 1.4142135623730951
535, 51, 300, 175, 299, 177, 1, -2, -1.1071487177940904, 2.23606797749979
536, 35, 209, 177, 208, 178, 1, -1, -0.7853981633974483, 1.4142135623730951
536, 41, 218, 197, 217, 198, 1, -1, -0.7853981633974483, 1.4142135623730951
536, 49, 285, 196, 284, 197, 1, -1, -0.7853981633974483, 1.4142135623730951
536, 50, 301, 174, 300, 175, 1, -1, -0.7853981633974483, 1.4142135623730951
537, 10, 202, 36, 201, 37, 1, -1, -0.7853981633974483, 1.4142135623730951
537, 29, 24, 75, 23, 76, 1, -1, -0.7853981633974483, 1.4142135623730951
537, 43, 180, 63, 179, 64, 1, -1, -0.7853981633974483, 1.4142135623730951
537, 48, 308, 179, 307, 180, 1, -1, -0.7853981633974483, 1.4142135623730951
538, 10, 203, 35, 202, 36, 1, -1, -0.7853981633974483, 1.4142135623730951
538, 41, 219, 196, 218, 197, 1, -1, -0.7853981633974483, 1.4142135623730951
538, 47, 252, 48, 250, 49, 2, -1, -0.4636476090008061, 2.23606797749979
538, 48, 309, 178, 308, 179, 1, -1, -0.7853981633974483, 1.4142135623730951
539, 3, 168, 34, 167, 35, 1, -1, -0.7853981633974483, 1.4142135623730951
539, 19, 191, 172, 190, 173, 1, -1, -0.7853981633974483, 1.4142135623730951
539, 41, 181, 62, 180, 63, 1, -1, -0.7853981633974483, 1.4142135623730951
539, 45, 310, 177, 309, 178, 1, -1, -0.7853981633974483, 1.4142135623730951
540, 20, 307, 176, 306, 178, 1, -2, -1.1071487177940904, 2.23606797749979
540, 21, 55, 68, 54, 69, 1, -1, -0.7853981633974483, 1.4142135623730951
540, 38, 76, 174, 75, 175, 1, -1, -0.7853981633974483, 1.4142135623730951
540, 40, 181, 63, 180, 64, 1, -1, -0.7853981633974483, 1.4142135623730951
540, 45, 288, 197, 287, 198, 1, -1, -0.7853981633974483, 1.4142135623730951
541, 9, 246, 36, 245, 37, 1, -1, -0.7853981633974483, 1.4142135623730951
541, 11, 204, 35, 203, 36, 1, -1, -0.7853981633974483, 1.4142135623730951
541, 40, 182, 62, 181, 63, 1, -1, -0.7853981633974483, 1.4142135623730951
541, 44, 213, 177, 212, 178, 1, -1, -0.7853981633974483, 1.4142135623730951
542, 3, 188, 43, 187, 44, 1, -1, -0.7853981633974483, 1.4142135623730951
542, 9, 247, 35, 246, 36, 1, -1, -0.7853981633974483, 1.4142135623730951
542, 19, 72, 199, 72, 201, 0, -2, -1.5707963267948966, 2.0
542, 20, 308, 175, 307, 176, 1, -1, -0.7853981633974483, 1.4142135623730951
542, 31, 252, 49, 251, 50, 1, -1, -0.7853981633974483, 1.4142135623730951
542, 41, 174, 50, 173, 51, 1, -1, -0.7853981633974483, 1.4142135623730951
542, 44, 289, 196, 288, 197, 1, -1, -0.7853981633974483, 1.4142135623730951
542, 45, 272, 40, 271, 41, 1, -1, -0.7853981633974483, 1.4142135623730951
542, 47, 221, 197, 220, 198, 1, -1, -0.7853981633974483, 1.4142135623730951
543, 2, 171, 34, 170, 35, 1, -1, -0.7853981633974483, 1.4142135623730951
543, 5, 57, 33, 56, 34, 1, -1, -0.7853981633974483, 1.4142135623730951
543, 9, 248, 34, 247, 35, 1, -1, -0.7853981633974483, 1.4142135623730951
543, 36, 147, 60, 146, 61, 1, -1, -0.7853981633974483, 1.4142135623730951
543, 47, 222, 196, 221, 197, 1, -1, -0.7853981633974483, 1.4142135623730951
544, 9, 249, 33, 248, 34, 1, -1, -0.7853981633974483, 1.4142135623730951
544, 11, 205, 34, 204, 35, 1, -1, -0.7853981633974483, 1.4142135623730951
544, 22, 76, 184, 75, 185, 1, -1, -0.7853981633974483, 1.4142135623730951
544, 24, 29, 157, 28, 158, 1, -1, -0.7853981633974483, 1.4142135623730951
544, 38, 215, 175, 214, 176, 1, -1, -0.7853981633974483, 1.4142135623730951
544, 42, 223, 195, 222, 196, 1, -1, -0.7853981633974483, 1.4142135623730951
544, 43, 264, 180, 263, 181, 1, -1, -0.7853981633974483, 1.4142135623730951
544, 44, 240, 62, 239, 63, 1, -1, -0.7853981633974483, 1.4142135623730951
545, 10, 249, 36, 248, 37, 1, -1, -0.7853981633974483, 1.4142135623730951
545, 32, 146, 47, 145, 48, 1, -1, -0.7853981633974483, 1.4142135623730951
545, 40, 314, 178, 313, 179, 1, -1, -0.7853981633974483, 1.4142135623730951
545, 51, 278, 199, 276, 200, 2, -1, -0.4636476090008061, 2.23606797749979
546, 17, 253, 53, 252, 54, 1, -1, -0.7853981633974483, 1.4142135623730951
546, 25, 166, 64, 165, 65, 1, -1, -0.7853981633974483, 1.4142135623730951
546, 28, 215, 176, 214, 177, 1, -1, -0.7853981633974483, 1.4142135623730951
546, 36, 267, 181, 266, 182, 1, -1, -0.7853981633974483, 1.4142135623730951
546, 43, 42, 70, 41, 71, 1, -1, -0.7853981633974483, 1.4142135623730951
546, 54, 55, 80, 54, 81, 1, -1, -0.7853981633974483, 1.4142135623730951
547, 0, 191, 43, 190, 44, 1, -1, -0.7853981633974483, 1.4142135623730951
547, 24, 167, 63, 166, 64, 1, -1, -0.7853981633974483, 1.4142135623730951
547, 30, 223, 194, 221, 195, 2, -1, -0.4636476090008061, 2.23606797749979
547, 42, 43, 69, 42, 70, 1, -1, -0.7853981633974483, 1.4142135623730951
547, 57, 159, 40, 158, 41, 1, -1, -0.7853981633974483, 1.4142135623730951
548, 17, 254, 51, 253, 52, 1, -1, -0.7853981633974483, 1.4142135623730951
548, 34, 272, 181, 268, 181, 4, 0, 0.0, 4.0
548, 40, 224, 61, 223, 62, 1, -1, -0.7853981633974483, 1.4142135623730951
548, 41, 44, 68, 43, 69, 1, -1, -0.7853981633974483, 1.4142135623730951
548, 55, 15, 136, 14, 137, 1, -1, -0.7853981633974483, 1.4142135623730951
549, 0, 192, 41, 191, 42, 1, -1, -0.7853981633974483, 1.4142135623730951
549, 3, 144, 173, 143, 174, 1, -1, -0.7853981633974483, 1.4142135623730951
549, 13, 207, 37, 206, 38, 1, -1, -0.7853981633974483, 1.4142135623730951
549, 25, 25, 182, 23, 184, 2, -2, -0.7853981633974483, 2.8284271247461903
549, 34, 273, 180, 272, 181, 1, -1, -0.7853981633974483, 1.4142135623730951
549, 35, 128, 189, 127, 190, 1, -1, -0.7853981633974483, 1.4142135623730951
549, 37, 317, 177, 316, 178, 1, -1, -0.7853981633974483, 1.4142135623730951
549, 52, 51, 51, 53, 51, -2, 0, 3.141592653589793, 2.0
550, 23, 139, 60, 138, 61, 1, -1, -0.7853981633974483, 1.4142135623730951
550, 30, 199, 175, 198, 176, 1, -1, -0.7853981633974483, 1.4142135623730951
550, 47, 294, 196, 293, 197, 1, -1, -0.7853981633974483, 1.4142135623730951
550, 53, 278, 39, 277, 40, 1, -1, -0.7853981633974483, 1.4142135623730951
550, 58, 267, 63, 266, 64, 1, -1, -0.7853981633974483, 1.4142135623730951
550, 65, 244, 199, 243, 200, 1, -1, -0.7853981633974483, 1.4142135623730951
551, 2, 129, 199, 128, 200, 1, -1, -0.7853981633974483, 1.4142135623730951
551, 10, 252, 36, 251, 37, 1, -1, -0.7853981633974483, 1.4142135623730951
551, 18, 208, 37, 207, 38, 1, -1, -0.7853981633974483, 1.4142135623730951
551, 41, 159, 199, 158, 200, 1, -1, -0.7853981633974483, 1.4142135623730951
551, 42, 179, 49, 178, 50, 1, -1, -0.7853981633974483, 1.4142135623730951
551, 44, 5, 200, 4, 201, 1, -1, -0.7853981633974483, 1.4142135623730951
551, 46, 295, 195, 294, 196, 1, -1, -0.7853981633974483, 1.4142135623730951
551, 50, 57, 80, 56, 81, 1, -1, -0.7853981633974483, 1.4142135623730951
551, 56, 269, 182, 268, 183, 1, -1, -0.7853981633974483, 1.4142135623730951
551, 57, 268, 62, 267, 63, 1, -1, -0.7853981633974483, 1.4142135623730951
551, 62, 165, 174, 164, 175, 1, -1, -0.7853981633974483, 1.4142135623730951
552, 9, 253, 35, 252, 36, 1, -1, -0.7853981633974483, 1.4142135623730951
552, 26, 258, 50, 257, 51, 1, -1, -0.7853981633974483, 1.4142135623730951
552, 33, 226, 197, 225, 198, 1, -1, -0.7853981633974483, 1.4142135623730951
552, 34, 79, 196, 78, 197, 1, -1, -0.7853981633974483, 1.4142135623730951
552, 36, 79, 172, 78, 173, 1, -1, -0.7853981633974483, 1.4142135623730951
552, 41, 180, 48, 179, 49, 1, -1, -0.7853981633974483, 1.4142135623730951
552, 42, 304, 176, 307, 176, -3, 0, 3.141592653589793, 3.0
552, 44, 171, 184, 170, 185, 1, -1, -0.7853981633974483, 1.4142135623730951
552, 46, 316, 177, 315, 178, 1, -1, -0.7853981633974483, 1.4142135623730951
552, 50, 280, 37, 278, 38, 2, -1, -0.4636476090008061, 2.23606797749979
552, 53, 187, 63, 186, 64, 1, -1, -0.7853981633974483, 1.4142135623730951
552, 55, 269, 61, 268, 62, 1, -1, -0.7853981633974483, 1.4142135623730951
552, 59, 257, 172, 256, 173, 1, -1, -0.7853981633974483, 1.4142135623730951
553, 5, 163, 47, 162, 48, 1, -1, -0.7853981633974483, 1.4142135623730951
553, 6, 133, 45, 132, 46, 1, -1, -0.7853981633974483, 1.4142135623730951
553, 16, 209, 36, 208, 37, 1, -1, -0.7853981633974483, 1.4142135623730951
553, 19, 104, 204, 102, 205, 2, -1, -0.4636476090008061, 2.23606797749979
553, 27, 200, 172, 199, 173, 1, -1, -0.7853981633974483, 1.4142135623730951
553, 29, 74, 203, 73, 204, 1, -1, -0.7853981633974483, 1.4142135623730951
553, 36, 153, 63, 152, 64, 1, -1, -0.7853981633974483, 1.4142135623730951
553, 42, 6, 198, 5, 199, 1, -1, -0.7853981633974483, 1.4142135623730951
553, 52, 188, 62, 187, 63, 1, -1, -0.7853981633974483, 1.4142135623730951
554, 2, 194, 42, 193, 43, 1, -1, -0.7853981633974483, 1.4142135623730951
554, 5, 164, 46, 163, 47, 1, -1, -0.7853981633974483, 1.4142135623730951
554, 40, 181, 47, 180, 48, 1, -1, -0.7853981633974483, 1.4142135623730951
554, 43, 173, 182, 171, 183, 2, -1, -0.4636476090008061, 2.23606797749979
554, 46, 227, 59, 226, 60, 1, -1, -0.7853981633974483, 1.4142135623730951
555, 3, 196, 44, 195, 45, 1, -1, -0.7853981633974483, 1.4142135623730951
555, 44, 55, 170, 54, 171, 1, -1, -0.7853981633974483, 1.4142135623730951
555, 48, 259, 49, 258, 50, 1, -1, -0.7853981633974483, 1.4142135623730951
555, 49, 7, 200, 6, 201, 1, -1, -0.7853981633974483, 1.4142135623730951
556, 3, 197, 43, 196, 44, 1, -1, -0.7853981633974483, 1.4142135623730951
556, 14, 211, 36, 210, 37, 1, -1, -0.7853981633974483, 1.4142135623730951
556, 35, 155, 62, 154, 63, 1, -1, -0.7853981633974483, 1.4142135623730951
556, 43, 56, 169, 55, 170, 1, -1, -0.7853981633974483, 1.4142135623730951
556, 50, 252, 170, 254, 171, -2, -1, -2.677945044588987, 2.23606797749979
557, 3, 198, 42, 197, 43, 1, -1, -0.7853981633974483, 1.4142135623730951
557, 10, 147, 174, 146, 175, 1, -1, -0.7853981633974483, 1.4142135623730951
557, 20, 254, 37, 253, 38, 1, -1, -0.7853981633974483, 1.4142135623730951
557, 22, 221, 173, 220, 174, 1, -1, -0.7853981633974483, 1.4142135623730951
557, 41, 161, 198, 160, 199, 1, -1, -0.7853981633974483, 1.4142135623730951
557, 43, 57, 168, 56, 169, 1, -1, -0.7853981633974483, 1.4142135623730951
557, 46, 261, 48, 260, 49, 1, -1, -0.7853981633974483, 1.4142135623730951
558, 3, 199, 41, 198, 42, 1, -1, -0.7853981633974483, 1.4142135623730951
558, 10, 148, 173, 147, 174, 1, -1, -0.7853981633974483, 1.4142135623730951
558, 18, 33, 158, 32, 159, 1, -1, -0.7853981633974483, 1.4142135623730951
558, 22, 222, 172, 221, 173, 1, -1, -0.7853981633974483, 1.4142135623730951
558, 35, 156, 61, 155, 62, 1, -1, -0.7853981633974483, 1.4142135623730951
558, 37, 229, 193, 228, 194, 1, -1, -0.7853981633974483, 1.4142135623730951
558, 46, 263, 47, 261, 48, 2, -1, -0.4636476090008061, 2.23606797749979
559, 1, 55, 42, 55, 44, 0, -2, -1.5707963267948966, 2.0
559, 4, 28, 150, 27, 149, 1, 1, 0.7853981633974483, 1.4142135623730951
559, 10, 149, 172, 148, 173, 1, -1, -0.7853981633974483, 1.4142135623730951
559, 13, 76, 48, 75, 49, 1, -1, -0.7853981633974483, 1.4142135623730951
559, 22, 223, 171, 222, 172, 1, -1, -0.7853981633974483, 1.4142135623730951
559, 24, 92, 76, 91, 77, 1, -1, -0.7853981633974483, 1.4142135623730951
559, 44, 300, 196, 299, 197, 1, -1, -0.7853981633974483, 1.4142135623730951
559, 46, 264, 46, 263, 47, 1, -1, -0.7853981633974483, 1.4142135623730951
559, 50, 252, 169, 251, 170, 1, -1, -0.7853981633974483, 1.4142135623730951
560, 19, 263, 50, 262, 51, 1, -1, -0.7853981633974483, 1.4142135623730951
560, 33, 136, 190, 135, 191, 1, -1, -0.7853981633974483, 1.4142135623730951
560, 37, 284, 40, 283, 41, 1, -1, -0.7853981633974483, 1.4142135623730951
560, 40, 274, 182, 273, 183, 1, -1, -0.7853981633974483, 1.4142135623730951
561, 21, 214, 37, 213, 38, 1, -1, -0.7853981633974483, 1.4142135623730951
561, 24, 258, 37, 257, 38, 1, -1, -0.7853981633974483, 1.4142135623730951
561, 43, 224, 173, 222, 174, 2, -1, -0.4636476090008061, 2.23606797749979
562, 19, 265, 49, 264, 50, 1, -1, -0.7853981633974483, 1.4142135623730951
562, 33, 135, 191, 136, 190, -1, 1, 2.356194490192345, 1.4142135623730951
562, 37, 285, 38, 284, 39, 1, -1, -0.7853981633974483, 1.4142135623730951
563, 0, 200, 43, 199, 44, 1, -1, -0.7853981633974483, 1.4142135623730951
563, 24, 259, 35, 258, 36, 1, -1, -0.7853981633974483, 1.4142135623730951
564, 3, 169, 47, 168, 48, 1, -1, -0.7853981633974483, 1.4142135623730951
564, 24, 260, 34, 259, 35, 1, -1, -0.7853981633974483, 1.4142135623730951
564, 36, 151, 46, 150, 47, 1, -1, -0.7853981633974483, 1.4142135623730951
564, 44, 38, 63, 37, 64, 1, -1, -0.7853981633974483, 1.4142135623730951
564, 47, 139, 177, 138, 178, 1, -1, -0.7853981633974483, 1.4142135623730951
565, 2, 171, 50, 170, 51, 1, -1, -0.7853981633974483, 1.4142135623730951
565, 11, 216, 37, 215, 38, 1, -1, -0.7853981633974483, 1.4142135623730951
565, 22, 155, 49, 153, 50, 2, -1, -0.4636476090008061, 2.23606797749979
565, 39, 233, 197, 232, 198, 1, -1, -0.7853981633974483, 1.4142135623730951
566, 22, 156, 48, 155, 49, 1, -1, -0.7853981633974483, 1.4142135623730951
566, 28, 277, 180, 276, 181, 1, -1, -0.7853981633974483, 1.4142135623730951
566, 31, 263, 50, 262, 51, 1, -1, -0.7853981633974483, 1.4142135623730951
566, 46, 234, 61, 233, 62, 1, -1, -0.7853981633974483, 1.4142135623730951
566, 52, 275, 64, 274, 65, 1, -1, -0.7853981633974483, 1.4142135623730951
567, 37, 266, 170, 265, 171, 1, -1, -0.7853981633974483, 1.4142135623730951
567, 40, 304, 196, 303, 197, 1, -1, -0.7853981633974483, 1.4142135623730951
567, 46, 235, 60, 234, 61, 1, -1, -0.7853981633974483, 1.4142135623730951
567, 50, 21, 73, 20, 74, 1, -1, -0.7853981633974483, 1.4142135623730951
567, 51, 276, 63, 275, 64, 1, -1, -0.7853981633974483, 1.4142135623730951
567, 56, 222, 176, 223, 175, -1, 1, 2.356194490192345, 1.4142135623730951
567, 58, 253, 199, 252, 200, 1, -1, -0.7853981633974483, 1.4142135623730951
568, 5, 8, 87, 6, 88, 2, -1, -0.4636476090008061, 2.23606797749979
568, 10, 218, 36, 217, 37, 1, -1, -0.7853981633974483, 1.4142135623730951
568, 44, 35, 72, 34, 73, 1, -1, -0.7853981633974483, 1.4142135623730951
568, 49, 22, 72, 21, 73, 1, -1, -0.7853981633974483, 1.4142135623730951
568, 50, 277, 62, 276, 63, 1, -1, -0.7853981633974483, 1.4142135623730951
568, 53, 217, 192, 215, 192, 2, 0, 0.0, 2.0
568, 57, 254, 198, 253, 199, 1, -1, -0.7853981633974483, 1.4142135623730951
569, 0, 201, 43, 200, 44, 1, -1, -0.7853981633974483, 1.4142135623730951
569, 9, 219, 35, 218, 36, 1, -1, -0.7853981633974483, 1.4142135623730951
569, 21, 78, 83, 77, 84, 1, -1, -0.7853981633974483, 1.4142135623730951
569, 26, 281, 179, 279, 180, 2, -1, -0.4636476090008061, 2.23606797749979
569, 35, 235, 195, 234, 196, 1, -1, -0.7853981633974483, 1.4142135623730951
569, 42, 35, 70, 35, 72, 0, -2, -1.5707963267948966, 2.0
569, 46, 288, 39, 287, 40, 1, -1, -0.7853981633974483, 1.4142135623730951
569, 48, 279, 61, 277, 62, 2, -1, -0.4636476090008061, 2.23606797749979
569, 50, 22, 197, 21, 198, 1, -1, -0.7853981633974483, 1.4142135623730951
569, 55, 255, 197, 254, 198, 1, -1, -0.7853981633974483, 1.4142135623730951
570, 0, 204, 43, 203, 44, 1, -1, -0.7853981633974483, 1.4142135623730951
570, 23, 3, 66, 2, 67, 1, -1, -0.7853981633974483, 1.4142135623730951
570, 31, 38, 75, 37, 76, 1, -1, -0.7853981633974483, 1.4142135623730951
570, 36, 268, 50, 267, 51, 1, -1, -0.7853981633974483, 1.4142135623730951
570, 43, 209, 175, 208, 176, 1, -1, -0.7853981633974483, 1.4142135623730951
571, 1, 155, 175, 154, 176, 1, -1, -0.7853981633974483, 1.4142135623730951
571, 22, 4, 65, 3, 66, 1, -1, -0.7853981633974483, 1.4142135623730951
571, 48, 196, 62, 195, 63, 1, -1, -0.7853981633974483, 1.4142135623730951
572, 0, 205, 42, 204, 43, 1, -1, -0.7853981633974483, 1.4142135623730951
572, 4, 173, 47, 172, 48, 1, -1, -0.7853981633974483, 1.4142135623730951
572, 23, 220, 36, 219, 37, 1, -1, -0.7853981633974483, 1.4142135623730951
572, 30, 39, 74, 38, 75, 1, -1, -0.7853981633974483, 1.4142135623730951
572, 31, 67, 199, 66, 200, 1, -1, -0.7853981633974483, 1.4142135623730951
572, 40, 13, 200, 12, 201, 1, -1, -0.7853981633974483, 1.4142135623730951
573, 1, 156, 173, 155, 174, 1, -1, -0.7853981633974483, 1.4142135623730951
573, 4, 174, 46, 173, 47, 1, -1, -0.7853981633974483, 1.4142135623730951
573, 23, 221, 35, 220, 36, 1, -1, -0.7853981633974483, 1.4142135623730951
573, 24, 138, 45, 137, 46, 1, -1, -0.7853981633974483, 1.4142135623730951
573, 34, 270, 48, 269, 49, 1, -1, -0.7853981633974483, 1.4142135623730951
573, 38, 307, 197, 306, 198, 1, -1, -0.7853981633974483, 1.4142135623730951
573, 39, 236, 196, 235, 197, 1, -1, -0.7853981633974483, 1.4142135623730951
573, 49, 163, 62, 162, 63, 1, -1, -0.7853981633974483, 1.4142135623730951
574, 1, 157, 172, 156, 173, 1, -1, -0.7853981633974483, 1.4142135623730951
574, 21, 6, 63, 5, 64, 1, -1, -0.7853981633974483, 1.4142135623730951
574, 22, 222, 34, 221, 35, 1, -1, -0.7853981633974483, 1.4142135623730951
574, 37, 308, 196, 307, 197, 1, -1, -0.7853981633974483, 1.4142135623730951
574, 42, 228, 175, 227, 176, 1, -1, -0.7853981633974483, 1.4142135623730951
574, 46, 151, 196, 150, 197, 1, -1, -0.7853981633974483, 1.4142135623730951
575, 5, 206, 43, 205, 44, 1, -1, -0.7853981633974483, 1.4142135623730951
575, 22, 39, 161, 38, 162, 1, -1, -0.7853981633974483, 1.4142135623730951
575, 24, 13, 48, 12, 49, 1, -1, -0.7853981633974483, 1.4142135623730951
575, 28, 86, 187, 85, 188, 1, -1, -0.7853981633974483, 1.4142135623730951
575, 32, 237, 197, 236, 198, 1, -1, -0.7853981633974483, 1.4142135623730951
575, 36, 50, 163, 49, 164, 1, -1, -0.7853981633974483, 1.4142135623730951
575, 41, 4, 181, 2, 182, 2, -1, -0.4636476090008061, 2.23606797749979
575, 46, 253, 178, 252, 179, 1, -1, -0.7853981633974483, 1.4142135623730951
576, 18, 266, 37, 265, 38, 1, -1, -0.7853981633974483, 1.4142135623730951
576, 32, 271, 50, 270, 51, 1, -1, -0.7853981633974483, 1.4142135623730951
576, 34, 293, 40, 292, 41, 1, -1, -0.7853981633974483, 1.4142135623730951
577, 29, 180, 62, 179, 63, 1, -1, -0.7853981633974483, 1.4142135623730951
577, 53, 280, 180, 279, 181, 1, -1, -0.7853981633974483, 1.4142135623730951
578, 0, 187, 34, 186, 35, 1, -1, -0.7853981633974483, 1.4142135623730951
578, 4, 207, 41, 206, 42, 1, -1, -0.7853981633974483, 1.4142135623730951
578, 18, 268, 36, 267, 37, 1, -1, -0.7853981633974483, 1.4142135623730951
578, 33, 294, 39, 293, 40, 1, -1, -0.7853981633974483, 1.4142135623730951
578, 47, 199, 62, 198, 63, 1, -1, -0.7853981633974483, 1.4142135623730951
578, 51, 282, 178, 280, 180, 2, -2, -0.7853981633974483, 2.8284271247461903
578, 58, 144, 177, 143, 178, 1, -1, -0.7853981633974483, 1.4142135623730951
579, 15, 223, 35, 222, 36, 1, -1, -0.7853981633974483, 1.4142135623730951
579, 18, 269, 35, 268, 36, 1, -1, -0.7853981633974483, 1.4142135623730951
579, 28, 68, 197, 67, 198, 1, -1, -0.7853981633974483, 1.4142135623730951
579, 31, 238, 194, 237, 195, 1, -1, -0.7853981633974483, 1.4142135623730951
579, 32, 273, 49, 272, 50, 1, -1, -0.7853981633974483, 1.4142135623730951
579, 33, 295, 38, 294, 39, 1, -1, -0.7853981633974483, 1.4142135623730951
579, 35, 191, 47, 190, 48, 1, -1, -0.7853981633974483, 1.4142135623730951
579, 45, 200, 61, 199, 62, 1, -1, -0.7853981633974483, 1.4142135623730951
579, 46, 243, 61, 242, 62, 1, -1, -0.7853981633974483, 1.4142135623730951
579, 49, 285, 178, 282, 178, 3, 0, 0.0, 3.0
579, 56, 145, 176, 144, 177, 1, -1, -0.7853981633974483, 1.4142135623730951
580, 6, 177, 48, 176, 49, 1, -1, -0.7853981633974483, 1.4142135623730951
580, 11, 273, 53, 272, 54, 1, -1, -0.7853981633974483, 1.4142135623730951
580, 36, 147, 189, 146, 190, 1, -1, -0.7853981633974483, 1.4142135623730951
580, 42, 214, 175, 213, 176, 1, -1, -0.7853981633974483, 1.4142135623730951
580, 48, 311, 197, 310, 198, 1, -1, -0.7853981633974483, 1.4142135623730951
580, 51, 285, 181, 284, 182, 1, -1, -0.7853981633974483, 1.4142135623730951
580, 57, 260, 199, 259, 200, 1, -1, -0.7853981633974483, 1.4142135623730951
581, 1, 209, 43, 208, 44, 1, -1, -0.7853981633974483, 1.4142135623730951
581, 12, 269, 35, 268, 36, 1, -1, -0.7853981633974483, 1.4142135623730951
581, 39, 6, 155, 5, 156, 1, -1, -0.7853981633974483, 1.4142135623730951
581, 48, 312, 196, 311, 197, 1, -1, -0.7853981633974483, 1.4142135623730951
581, 54, 230, 174, 232, 174, -2, 0, 3.141592653589793, 2.0
582, 1, 210, 42, 209, 43, 1, -1, -0.7853981633974483, 1.4142135623730951
582, 6, 178, 47, 177, 48, 1, -1, -0.7853981633974483, 1.4142135623730951
582, 11, 274, 51, 273, 52, 1, -1, -0.7853981633974483, 1.4142135623730951
582, 35, 240, 196, 239, 197, 1, -1, -0.7853981633974483, 1.4142135623730951
582, 36, 148, 188, 147, 189, 1, -1, -0.7853981633974483, 1.4142135623730951
582, 38, 194, 48, 193, 49, 1, -1, -0.7853981633974483, 1.4142135623730951
582, 54, 225, 175, 230, 174, -5, 1, 2.9441970937399127, 5.0990195135927845
583, 1, 211, 41, 210, 42, 1, -1, -0.7853981633974483, 1.4142135623730951
583, 6, 179, 46, 178, 47, 1, -1, -0.7853981633974483, 1.4142135623730951
583, 8, 84, 84, 83, 85, 1, -1, -0.7853981633974483, 1.4142135623730951
583, 11, 275, 50, 274, 51, 1, -1, -0.7853981633974483, 1.4142135623730951
583, 34, 241, 195, 240, 196, 1, -1, -0.7853981633974483, 1.4142135623730951
583, 38, 8, 154, 7, 155, 1, -1, -0.7853981633974483, 1.4142135623730951
583, 58, 6, 134, 5, 135, 1, -1, -0.7853981633974483, 1.4142135623730951
583, 62, 283, 63, 282, 64, 1, -1, -0.7853981633974483, 1.4142135623730951
584, 1, 212, 40, 211, 41, 1, -1, -0.7853981633974483, 1.4142135623730951
584, 10, 158, 171, 156, 172, 2, -1, -0.4636476090008061, 2.23606797749979
584, 37, 195, 47, 194, 48, 1, -1, -0.7853981633974483, 1.4142135623730951
584, 41, 216, 173, 215, 174, 1, -1, -0.7853981633974483, 1.4142135623730951
584, 54, 202, 61, 201, 62, 1, -1, -0.7853981633974483, 1.4142135623730951
584, 55, 6, 61, 5, 63, 1, -2, -1.1071487177940904, 2.23606797749979
585, 26, 273, 54, 270, 53, 3, 1, 0.3217505543966422, 3.1622776601683795
585, 40, 71, 55, 70, 56, 1, -1, -0.7853981633974483, 1.4142135623730951
585, 44, 243, 196, 242, 197, 1, -1, -0.7853981633974483, 1.4142135623730951
586, 1, 212, 42, 211, 43, 1, -1, -0.7853981633974483, 1.4142135623730951
586, 2, 180, 47, 179, 48, 1, -1, -0.7853981633974483, 1.4142135623730951
586, 25, 274, 53, 273, 54, 1, -1, -0.7853981633974483, 1.4142135623730951
586, 48, 64, 171, 63, 172, 1, -1, -0.7853981633974483, 1.4142135623730951
586, 54, 315, 197, 314, 198, 1, -1, -0.7853981633974483, 1.4142135623730951
586, 55, 8, 193, 7, 194, 1, -1, -0.7853981633974483, 1.4142135623730951
587, 10, 85, 84, 84, 85, 1, -1, -0.7853981633974483, 1.4142135623730951
587, 11, 128, 47, 127, 48, 1, -1, -0.7853981633974483, 1.4142135623730951
587, 18, 163, 49, 162, 50, 1, -1, -0.7853981633974483, 1.4142135623730951
587, 25, 275, 54, 274, 53, 1, 1, 0.7853981633974483, 1.4142135623730951
587, 37, 245, 62, 244, 63, 1, -1, -0.7853981633974483, 1.4142135623730951
587, 38, 169, 62, 168, 63, 1, -1, -0.7853981633974483, 1.4142135623730951
587, 48, 55, 70, 54, 71, 1, -1, -0.7853981633974483, 1.4142135623730951
587, 60, 219, 175, 218, 176, 1, -1, -0.7853981633974483, 1.4142135623730951
587, 61, 298, 195, 294, 195, 4, 0, 0.0, 4.0
588, 9, 8, 179, 7, 180, 1, -1, -0.7853981633974483, 1.4142135623730951
588, 14, 273, 35, 271, 36, 2, -1, -0.4636476090008061, 2.23606797749979
588, 31, 145, 46, 144, 47, 1, -1, -0.7853981633974483, 1.4142135623730951
588, 33, 233, 172, 235, 172, -2, 0, 3.141592653589793, 2.0
588, 41, 245, 194, 244, 195, 1, -1, -0.7853981633974483, 1.4142135623730951
588, 47, 289, 178, 288, 180, 1, -2, -1.1071487177940904, 2.23606797749979
588, 51, 10, 192, 8, 193, 2, -1, -0.4636476090008061, 2.23606797749979
588, 54, 300, 40, 298, 41, 2, -1, -0.4636476090008061, 2.23606797749979
588, 58, 220, 174, 219, 175, 1, -1, -0.7853981633974483, 1.4142135623730951
588, 59, 299, 194, 298, 195, 1, -1, -0.7853981633974483, 1.4142135623730951
588, 60, 186, 63, 184, 64, 2, -1, -0.4636476090008061, 2.23606797749979
589, 1, 213, 41, 212, 42, 1, -1, -0.7853981633974483, 1.4142135623730951
589, 17, 164, 48, 163, 49, 1, -1, -0.7853981633974483, 1.4142135623730951
589, 33, 88, 184, 89, 183, -1, 1, 2.356194490192345, 1.4142135623730951
589, 44, 57, 68, 55, 69, 2, -1, -0.4636476090008061, 2.23606797749979
589, 48, 318, 196, 317, 197, 1, -1, -0.7853981633974483, 1.4142135623730951
589, 50, 24, 173, 23, 174, 1, -1, -0.7853981633974483, 1.4142135623730951
589, 56, 302, 194, 299, 194, 3, 0, 0.0, 3.0
590, 12, 171, 63, 170, 64, 1, -1, -0.7853981633974483, 1.4142135623730951
590, 32, 318, 197, 317, 198, 1, -1, -0.7853981633974483, 1.4142135623730951
590, 46, 65, 173, 66, 172, -1, 1, 2.356194490192345, 1.4142135623730951
591, 24, 229, 37, 228, 38, 1, -1, -0.7853981633974483, 1.4142135623730951
592, 17, 275, 37, 274, 38, 1, -1, -0.7853981633974483, 1.4142135623730951
592, 34, 187, 63, 186, 64, 1, -1, -0.7853981633974483, 1.4142135623730951
592, 36, 221, 174, 220, 175, 1, -1, -0.7853981633974483, 1.4142135623730951
593, 1, 192, 34, 191, 35, 1, -1, -0.7853981633974483, 1.4142135623730951
593, 19, 112, 77, 111, 78, 1, -1, -0.7853981633974483, 1.4142135623730951
594, 0, 216, 42, 215, 43, 1, -1, -0.7853981633974483, 1.4142135623730951
594, 21, 156, 60, 155, 61, 1, -1, -0.7853981633974483, 1.4142135623730951
594, 24, 230, 35, 229, 36, 1, -1, -0.7853981633974483, 1.4142135623730951
594, 26, 49, 32, 48, 33, 1, -1, -0.7853981633974483, 1.4142135623730951
594, 35, 222, 173, 221, 174, 1, -1, -0.7853981633974483, 1.4142135623730951
594, 44, 276, 51, 276, 53, 0, -2, -1.5707963267948966, 2.0
595, 0, 196, 36, 195, 37, 1, -1, -0.7853981633974483, 1.4142135623730951
595, 2, 167, 175, 166, 176, 1, -1, -0.7853981633974483, 1.4142135623730951
595, 3, 186, 49, 185, 50, 1, -1, -0.7853981633974483, 1.4142135623730951
595, 10, 150, 50, 149, 51, 1, -1, -0.7853981633974483, 1.4142135623730951
595, 20, 276, 53, 276, 55, 0, -2, -1.5707963267948966, 2.0
595, 21, 277, 37, 276, 38, 1, -1, -0.7853981633974483, 1.4142135623730951
595, 37, 249, 197, 248, 198, 1, -1, -0.7853981633974483, 1.4142135623730951
595, 46, 260, 47, 259, 48, 1, -1, -0.7853981633974483, 1.4142135623730951
595, 52, 230, 194, 229, 195, 1, -1, -0.7853981633974483, 1.4142135623730951
596, 10, 151, 49, 150, 50, 1, -1, -0.7853981633974483, 1.4142135623730951
596, 20, 278, 36, 277, 37, 1, -1, -0.7853981633974483, 1.4142135623730951
596, 44, 306, 41, 305, 42, 1, -1, -0.7853981633974483, 1.4142135623730951
596, 48, 291, 179, 290, 180, 1, -1, -0.7853981633974483, 1.4142135623730951
597, 1, 218, 44, 217, 45, 1, -1, -0.7853981633974483, 1.4142135623730951
597, 2, 168, 173, 167, 174, 1, -1, -0.7853981633974483, 1.4142135623730951
597, 3, 187, 48, 186, 49, 1, -1, -0.7853981633974483, 1.4142135623730951
597, 19, 273, 53, 275, 53, -2, 0, 3.141592653589793, 2.0
597, 20, 279, 35, 278, 36, 1, -1, -0.7853981633974483, 1.4142135623730951
597, 47, 67, 184, 66, 183, 1, 1, 0.7853981633974483, 1.4142135623730951
597, 48, 292, 178, 291, 179, 1, -1, -0.7853981633974483, 1.4142135623730951
598, 11, 20, 87, 19, 88, 1, -1, -0.7853981633974483, 1.4142135623730951
598, 20, 280, 34, 279, 35, 1, -1, -0.7853981633974483, 1.4142135623730951
598, 29, 232, 36, 231, 37, 1, -1, -0.7853981633974483, 1.4142135623730951
598, 33, 103, 76, 102, 77, 1, -1, -0.7853981633974483, 1.4142135623730951
598, 38, 124, 69, 123, 70, 1, -1, -0.7853981633974483, 1.4142135623730951
598, 40, 154, 174, 153, 175, 1, -1, -0.7853981633974483, 1.4142135623730951
598, 43, 307, 39, 306, 40, 1, -1, -0.7853981633974483, 1.4142135623730951
598, 47, 293, 177, 292, 178, 1, -1, -0.7853981633974483, 1.4142135623730951
599, 8, 88, 197, 87, 198, 1, -1, -0.7853981633974483, 1.4142135623730951
599, 33, 105, 76, 103, 76, 2, 0, 0.0, 2.0
599, 38, 125, 67, 124, 69, 1, -2, -1.1071487177940904, 2.23606797749979
599, 40, 155, 173, 154, 174, 1, -1, -0.7853981633974483, 1.4142135623730951
599, 43, 308, 38, 307, 39, 1, -1, -0.7853981633974483, 1.4142135623730951
599, 47, 294, 175, 293, 177, 1, -2, -1.1071487177940904, 2.23606797749979
600, 32, 235, 37, 234, 38, 1, -1, -0.7853981633974483, 1.4142135623730951
600, 39, 56, 164, 55, 165, 1, -1, -0.7853981633974483, 1.4142135623730951
600, 52, 210, 64, 209, 65, 1, -1, -0.7853981633974483, 1.4142135623730951
600, 53, 71, 40, 70, 39, 1, 1, 0.7853981633974483, 1.4142135623730951
601, 2, 219, 44, 218, 45, 1, -1, -0.7853981633974483, 1.4142135623730951
601, 13, 17, 64, 16, 65, 1, -1, -0.7853981633974483, 1.4142135623730951
602, 7, 96, 36, 95, 37, 1, -1, -0.7853981633974483, 1.4142135623730951
602, 33, 128, 66, 127, 67, 1, -1, -0.7853981633974483, 1.4142135623730951
602, 36, 252, 196, 251, 197, 1, -1, -0.7853981633974483, 1.4142135623730951
602, 43, 62, 51, 65, 51, -3, 0, 3.141592653589793, 3.0
603, 1, 169, 173, 168, 174, 1, -1, -0.7853981633974483, 1.4142135623730951
603, 13, 19, 63, 18, 64, 1, -1, -0.7853981633974483, 1.4142135623730951
603, 18, 160, 64, 159, 65, 1, -1, -0.7853981633974483, 1.4142135623730951
603, 31, 129, 65, 128, 66, 1, -1, -0.7853981633974483, 1.4142135623730951
603, 48, 75, 40, 73, 40, 2, 0, 0.0, 2.0
604, 0, 198, 34, 197, 35, 1, -1, -0.7853981633974483, 1.4142135623730951
604, 2, 221, 42, 220, 43, 1, -1, -0.7853981633974483, 1.4142135623730951
604, 26, 152, 46, 151, 47, 1, -1, -0.7853981633974483, 1.4142135623730951
604, 31, 130, 64, 129, 65, 1, -1, -0.7853981633974483, 1.4142135623730951
604, 48, 76, 39, 75, 40, 1, -1, -0.7853981633974483, 1.4142135623730951
605, 6, 222, 44, 221, 45, 1, -1, -0.7853981633974483, 1.4142135623730951
605, 25, 284, 55, 282, 54, 2, 1, 0.4636476090008061, 2.23606797749979
605, 38, 254, 196, 253, 197, 1, -1, -0.7853981633974483, 1.4142135623730951
605, 39, 194, 64, 193, 65, 1, -1, -0.7853981633974483, 1.4142135623730951
605, 40, 299, 180, 298, 181, 1, -1, -0.7853981633974483, 1.4142135623730951
605, 44, 214, 63, 213, 64, 1, -1, -0.7853981633974483, 1.4142135623730951
605, 48, 57, 163, 56, 164, 1, -1, -0.7853981633974483, 1.4142135623730951
605, 56, 276, 66, 275, 67, 1, -1, -0.7853981633974483, 1.4142135623730951
606, 35, 246, 173, 245, 174, 1, -1, -0.7853981633974483, 1.4142135623730951
606, 59, 167, 198, 166, 199, 1, -1, -0.7853981633974483, 1.4142135623730951
607, 3, 154, 47, 153, 48, 1, -1, -0.7853981633974483, 1.4142135623730951
607, 31, 178, 61, 177, 62, 1, -1, -0.7853981633974483, 1.4142135623730951
607, 38, 195, 62, 194, 63, 1, -1, -0.7853981633974483, 1.4142135623730951
607, 43, 216, 62, 215, 63, 1, -1, -0.7853981633974483, 1.4142135623730951
607, 59, 168, 197, 167, 198, 1, -1, -0.7853981633974483, 1.4142135623730951
608, 16, 172, 50, 171, 51, 1, -1, -0.7853981633974483, 1.4142135623730951
608, 34, 207, 47, 206, 48, 1, -1, -0.7853981633974483, 1.4142135623730951
608, 37, 255, 193, 254, 194, 1, -1, -0.7853981633974483, 1.4142135623730951
608, 38, 196, 61, 195, 62, 1, -1, -0.7853981633974483, 1.4142135623730951
608, 51, 228, 174, 227, 175, 1, -1, -0.7853981633974483, 1.4142135623730951
608, 58, 169, 196, 168, 197, 1, -1, -0.7853981633974483, 1.4142135623730951
609, 6, 225, 42, 224, 43, 1, -1, -0.7853981633974483, 1.4142135623730951
609, 9, 191, 46, 190, 47, 1, -1, -0.7853981633974483, 1.4142135623730951
609, 13, 131, 200, 132, 199, -1, 1, 2.356194490192345, 1.4142135623730951
609, 30, 179, 59, 178, 60, 1, -1, -0.7853981633974483, 1.4142135623730951
609, 33, 208, 46, 207, 47, 1, -1, -0.7853981633974483, 1.4142135623730951
609, 36, 256, 192, 255, 193, 1, -1, -0.7853981633974483, 1.4142135623730951
609, 38, 305, 179, 301, 179, 4, 0, 0.0, 4.0
609, 46, 55, 162, 57, 162, -2, 0, 3.141592653589793, 2.0
610, 10, 193, 47, 192, 48, 1, -1, -0.7853981633974483, 1.4142135623730951
610, 12, 99, 36, 98, 37, 1, -1, -0.7853981633974483, 1.4142135623730951
610, 17, 175, 51, 174, 52, 1, -1, -0.7853981633974483, 1.4142135623730951
610, 40, 163, 63, 162, 64, 1, -1, -0.7853981633974483, 1.4142135623730951
610, 50, 300, 65, 299, 66, 1, -1, -0.7853981633974483, 1.4142135623730951
610, 53, 13, 183, 12, 184, 1, -1, -0.7853981633974483, 1.4142135623730951
611, 27, 286, 37, 285, 38, 1, -1, -0.7853981633974483, 1.4142135623730951
611, 40, 164, 62, 163, 63, 1, -1, -0.7853981633974483, 1.4142135623730951
611, 47, 259, 195, 257, 196, 2, -1, -0.4636476090008061, 2.23606797749979
611, 65, 259, 61, 258, 62, 1, -1, -0.7853981633974483, 1.4142135623730951
612, 0, 145, 173, 144, 174, 1, -1, -0.7853981633974483, 1.4142135623730951
612, 9, 195, 46, 194, 47, 1, -1, -0.7853981633974483, 1.4142135623730951
612, 26, 287, 36, 286, 37, 1, -1, -0.7853981633974483, 1.4142135623730951
612, 35, 61, 161, 58, 162, 3, -1, -0.3217505543966422, 3.1622776601683795
612, 44, 313, 40, 312, 41, 1, -1, -0.7853981633974483, 1.4142135623730951
612, 45, 261, 194, 259, 195, 2, -1, -0.4636476090008061, 2.23606797749979
612, 47, 218, 63, 217, 64, 1, -1, -0.7853981633974483, 1.4142135623730951
612, 54, 231, 175, 230, 176, 1, -1, -0.7853981633974483, 1.4142135623730951
612, 58, 238, 194, 237, 195, 1, -1, -0.7853981633974483, 1.4142135623730951
612, 62, 260, 60, 259, 61, 1, -1, -0.7853981633974483, 1.4142135623730951
613, 16, 176, 50, 175, 51, 1, -1, -0.7853981633974483, 1.4142135623730951
613, 26, 288, 35, 287, 36, 1, -1, -0.7853981633974483, 1.4142135623730951
613, 35, 63, 160, 61, 161, 2, -1, -0.4636476090008061, 2.23606797749979
613, 36, 15, 156, 14, 157, 1, -1, -0.7853981633974483, 1.4142135623730951
613, 37, 96, 187, 95, 188, 1, -1, -0.7853981633974483, 1.4142135623730951
613, 45, 262, 193, 261, 194, 1, -1, -0.7853981633974483, 1.4142135623730951
613, 54, 232, 174, 231, 175, 1, -1, -0.7853981633974483, 1.4142135623730951
613, 56, 303, 181, 302, 182, 1, -1, -0.7853981633974483, 1.4142135623730951
613, 57, 160, 174, 159, 175, 1, -1, -0.7853981633974483, 1.4142135623730951
613, 59, 41, 138, 40, 139, 1, -1, -0.7853981633974483, 1.4142135623730951
614, 16, 177, 49, 176, 50, 1, -1, -0.7853981633974483, 1.4142135623730951
614, 24, 21, 199, 20, 200, 1, -1, -0.7853981633974483, 1.4142135623730951
614, 36, 16, 155, 15, 156, 1, -1, -0.7853981633974483, 1.4142135623730951
614, 44, 315, 39, 314, 40, 1, -1, -0.7853981633974483, 1.4142135623730951
614, 45, 263, 192, 262, 193, 1, -1, -0.7853981633974483, 1.4142135623730951
614, 50, 292, 50, 291, 51, 1, -1, -0.7853981633974483, 1.4142135623730951
614, 56, 161, 173, 160, 174, 1, -1, -0.7853981633974483, 1.4142135623730951
615, 3, 120, 165, 119, 166, 1, -1, -0.7853981633974483, 1.4142135623730951
615, 4, 227, 44, 226, 45, 1, -1, -0.7853981633974483, 1.4142135623730951
615, 5, 195, 48, 194, 49, 1, -1, -0.7853981633974483, 1.4142135623730951
615, 14, 285, 54, 287, 54, -2, 0, 3.141592653589793, 2.0
615, 15, 11, 174, 10, 173, 1, 1, 0.7853981633974483, 1.4142135623730951
615, 17, 70, 36, 69, 37, 1, -1, -0.7853981633974483, 1.4142135623730951
615, 27, 91, 47, 91, 49, 0, -2, -1.5707963267948966, 2.0
615, 35, 243, 37, 242, 38, 1, -1, -0.7853981633974483, 1.4142135623730951
615, 45, 316, 40, 315, 41, 1, -1, -0.7853981633974483, 1.4142135623730951
615, 48, 18, 194, 17, 195, 1, -1, -0.7853981633974483, 1.4142135623730951
615, 51, 302, 65, 301, 66, 1, -1, -0.7853981633974483, 1.4142135623730951
615, 54, 31, 175, 30, 176, 1, -1, -0.7853981633974483, 1.4142135623730951
616, 4, 228, 43, 227, 44, 1, -1, -0.7853981633974483, 1.4142135623730951
616, 17, 71, 35, 70, 36, 1, -1, -0.7853981633974483, 1.4142135623730951
616, 23, 289, 36, 288, 37, 1, -1, -0.7853981633974483, 1.4142135623730951
616, 32, 124, 204, 122, 205, 2, -1, -0.4636476090008061, 2.23606797749979
616, 36, 91, 204, 90, 205, 1, -1, -0.7853981633974483, 1.4142135623730951
616, 37, 178, 51, 177, 52, 1, -1, -0.7853981633974483, 1.4142135623730951
616, 43, 77, 51, 76, 52, 1, -1, -0.7853981633974483, 1.4142135623730951
616, 48, 19, 193, 18, 194, 1, -1, -0.7853981633974483, 1.4142135623730951
616, 50, 163, 173, 161, 174, 2, -1, -0.4636476090008061, 2.23606797749979
617, 0, 175, 175, 174, 176, 1, -1, -0.7853981633974483, 1.4142135623730951
617, 20, 19, 181, 18, 182, 1, -1, -0.7853981633974483, 1.4142135623730951
617, 35, 244, 35, 243, 36, 1, -1, -0.7853981633974483, 1.4142135623730951
617, 43, 78, 50, 77, 51, 1, -1, -0.7853981633974483, 1.4142135623730951
617, 48, 20, 192, 19, 193, 1, -1, -0.7853981633974483, 1.4142135623730951
617, 49, 232, 174, 231, 175, 1, -1, -0.7853981633974483, 1.4142135623730951
617, 50, 165, 172, 163, 173, 2, -1, -0.4636476090008061, 2.23606797749979
617, 54, 33, 174, 31, 175, 2, -1, -0.4636476090008061, 2.23606797749979
617, 55, 213, 47, 212, 48, 1, -1, -0.7853981633974483, 1.4142135623730951
618, 5, 196, 46, 195, 47, 1, -1, -0.7853981633974483, 1.4142135623730951
618, 14, 285, 52, 284, 53, 1, -1, -0.7853981633974483, 1.4142135623730951
618, 25, 107, 76, 106, 77, 1, -1, -0.7853981633974483, 1.4142135623730951
618, 29, 141, 61, 140, 62, 1, -1, -0.7853981633974483, 1.4142135623730951
618, 35, 179, 49, 178, 50, 1, -1, -0.7853981633974483, 1.4142135623730951
618, 46, 22, 191, 20, 192, 2, -1, -0.4636476090008061, 2.23606797749979
618, 48, 166, 171, 165, 172, 1, -1, -0.7853981633974483, 1.4142135623730951
618, 53, 214, 46, 213, 47, 1, -1, -0.7853981633974483, 1.4142135623730951
619, 11, 152, 197, 151, 198, 1, -1, -0.7853981633974483, 1.4142135623730951
619, 13, 288, 51, 285, 52, 3, -1, -0.3217505543966422, 3.1622776601683795
619, 18, 160, 48, 159, 49, 1, -1, -0.7853981633974483, 1.4142135623730951
619, 32, 180, 48, 179, 49, 1, -1, -0.7853981633974483, 1.4142135623730951
619, 36, 120, 152, 119, 153, 1, -1, -0.7853981633974483, 1.4142135623730951
619, 43, 24, 190, 22, 191, 2, -1, -0.4636476090008061, 2.23606797749979
619, 44, 233, 172, 232, 173, 1, -1, -0.7853981633974483, 1.4142135623730951
619, 46, 305, 64, 304, 65, 1, -1, -0.7853981633974483, 1.4142135623730951
619, 53, 262, 62, 261, 63, 1, -1, -0.7853981633974483, 1.4142135623730951
620, 37, 291, 53, 289, 53, 2, 0, 0.0, 2.0
620, 50, 262, 197, 261, 198, 1, -1, -0.7853981633974483, 1.4142135623730951
621, 19, 162, 49, 161, 50, 1, -1, -0.7853981633974483, 1.4142135623730951
621, 24, 180, 50, 179, 51, 1, -1, -0.7853981633974483, 1.4142135623730951
621, 52, 77, 80, 76, 81, 1, -1, -0.7853981633974483, 1.4142135623730951
622, 14, 292, 36, 291, 37, 1, -1, -0.7853981633974483, 1.4142135623730951
622, 17, 163, 173, 162, 174, 1, -1, -0.7853981633974483, 1.4142135623730951
622, 20, 186, 61, 185, 62, 1, -1, -0.7853981633974483, 1.4142135623730951
622, 37, 293, 54, 292, 53, 1, 1, 0.7853981633974483, 1.4142135623730951
622, 38, 246, 35, 245, 36, 1, -1, -0.7853981633974483, 1.4142135623730951
622, 45, 215, 46, 214, 47, 1, -1, -0.7853981633974483, 1.4142135623730951
623, 1, 206, 35, 205, 36, 1, -1, -0.7853981633974483, 1.4142135623730951
623, 14, 294, 35, 292, 36, 2, -1, -0.4636476090008061, 2.23606797749979
623, 30, 168, 61, 167, 63, 1, -2, -1.1071487177940904, 2.23606797749979
623, 37, 294, 55, 293, 54, 1, 1, 0.7853981633974483, 1.4142135623730951
623, 38, 247, 34, 246, 35, 1, -1, -0.7853981633974483, 1.4142135623730951
623, 40, 99, 186, 98, 187, 1, -1, -0.7853981633974483, 1.4142135623730951
624, 0, 232, 43, 231, 44, 1, -1, -0.7853981633974483, 1.4142135623730951
624, 2, 178, 173, 177, 174, 1, -1, -0.7853981633974483, 1.4142135623730951
624, 17, 165, 171, 163, 172, 2, -1, -0.4636476090008061, 2.23606797749979
624, 19, 163, 47, 162, 48, 1, -1, -0.7853981633974483, 1.4142135623730951
624, 44, 215, 45, 214, 46, 1, -1, -0.7853981633974483, 1.4142135623730951
624, 46, 167, 187, 166, 188, 1, -1, -0.7853981633974483, 1.4142135623730951
624, 52, 275, 48, 274, 49, 1, -1, -0.7853981633974483, 1.4142135623730951
625, 14, 189, 63, 188, 64, 1, -1, -0.7853981633974483, 1.4142135623730951
626, 0, 181, 173, 180, 174, 1, -1, -0.7853981633974483, 1.4142135623730951
626, 4, 200, 46, 199, 47, 1, -1, -0.7853981633974483, 1.4142135623730951
626, 6, 156, 199, 155, 200, 1, -1, -0.7853981633974483, 1.4142135623730951
626, 32, 249, 36, 248, 37, 1, -1, -0.7853981633974483, 1.4142135623730951
626, 45, 265, 196, 264, 197, 1, -1, -0.7853981633974483, 1.4142135623730951
627, 14, 190, 62, 189, 63, 1, -1, -0.7853981633974483, 1.4142135623730951
628, 0, 183, 172, 182, 173, 1, -1, -0.7853981633974483, 1.4142135623730951
628, 3, 234, 43, 233, 44, 1, -1, -0.7853981633974483, 1.4142135623730951
628, 14, 191, 61, 190, 62, 1, -1, -0.7853981633974483, 1.4142135623730951
629, 3, 235, 42, 234, 43, 1, -1, -0.7853981633974483, 1.4142135623730951
629, 5, 142, 45, 141, 46, 1, -1, -0.7853981633974483, 1.4142135623730951
629, 26, 127, 165, 126, 164, 1, 1, 0.7853981633974483, 1.4142135623730951
629, 30, 101, 185, 100, 186, 1, -1, -0.7853981633974483, 1.4142135623730951
629, 44, 267, 195, 266, 196, 1, -1, -0.7853981633974483, 1.4142135623730951
629, 48, 25, 198, 24, 199, 1, -1, -0.7853981633974483, 1.4142135623730951
630, 5, 203, 47, 202, 48, 1, -1, -0.7853981633974483, 1.4142135623730951
630, 27, 53, 164, 52, 165, 1, -1, -0.7853981633974483, 1.4142135623730951
631, 36, 207, 64, 206, 65, 1, -1, -0.7853981633974483, 1.4142135623730951
632, 0, 211, 34, 210, 35, 1, -1, -0.7853981633974483, 1.4142135623730951
632, 3, 237, 44, 236, 45, 1, -1, -0.7853981633974483, 1.4142135623730951
632, 16, 165, 45, 164, 46, 1, -1, -0.7853981633974483, 1.4142135623730951
632, 43, 269, 194, 268, 195, 1, -1, -0.7853981633974483, 1.4142135623730951
633, 8, 153, 172, 152, 173, 1, -1, -0.7853981633974483, 1.4142135623730951
633, 19, 26, 64, 25, 65, 1, -1, -0.7853981633974483, 1.4142135623730951
633, 35, 5, 161, 4, 162, 1, -1, -0.7853981633974483, 1.4142135623730951
633, 39, 83, 48, 82, 49, 1, -1, -0.7853981633974483, 1.4142135623730951
633, 40, 273, 194, 269, 194, 4, 0, 0.0, 4.0
634, 0, 212, 33, 211, 34, 1, -1, -0.7853981633974483, 1.4142135623730951
634, 2, 183, 172, 182, 173, 1, -1, -0.7853981633974483, 1.4142135623730951
634, 36, 251, 37, 250, 38, 1, -1, -0.7853981633974483, 1.4142135623730951
634, 38, 274, 192, 273, 194, 1, -2, -1.1071487177940904, 2.23606797749979
635, 4, 205, 47, 204, 48, 1, -1, -0.7853981633974483, 1.4142135623730951
635, 10, 237, 44, 236, 45, 1, -1, -0.7853981633974483, 1.4142135623730951
635, 16, 303, 52, 302, 53, 1, -1, -0.7853981633974483, 1.4142135623730951
635, 28, 170, 173, 169, 174, 1, -1, -0.7853981633974483, 1.4142135623730951
635, 44, 316, 180, 315, 181, 1, -1, -0.7853981633974483, 1.4142135623730951
635, 45, 58, 75, 57, 76, 1, -1, -0.7853981633974483, 1.4142135623730951
636, 1, 156, 172, 155, 173, 1, -1, -0.7853981633974483, 1.4142135623730951
636, 14, 148, 64, 147, 65, 1, -1, -0.7853981633974483, 1.4142135623730951
636, 16, 304, 51, 303, 52, 1, -1, -0.7853981633974483, 1.4142135623730951
636, 26, 186, 50, 185, 51, 1, -1, -0.7853981633974483, 1.4142135623730951
636, 28, 171, 172, 170, 173, 1, -1, -0.7853981633974483, 1.4142135623730951
636, 34, 208, 64, 207, 65, 1, -1, -0.7853981633974483, 1.4142135623730951
636, 45, 59, 74, 58, 75, 1, -1, -0.7853981633974483, 1.4142135623730951
636, 49, 222, 48, 221, 49, 1, -1, -0.7853981633974483, 1.4142135623730951
636, 52, 314, 65, 313, 66, 1, -1, -0.7853981633974483, 1.4142135623730951
637, 8, 161, 198, 160, 199, 1, -1, -0.7853981633974483, 1.4142135623730951
637, 10, 239, 43, 238, 44, 1, -1, -0.7853981633974483, 1.4142135623730951
637, 41, 24, 199, 25, 201, -1, -2, -2.0344439357957027, 2.23606797749979
637, 44, 317, 178, 316, 179, 1, -1, -0.7853981633974483, 1.4142135623730951
637, 51, 293, 198, 292, 199, 1, -1, -0.7853981633974483, 1.4142135623730951
638, 1, 158, 171, 157, 172, 1, -1, -0.7853981633974483, 1.4142135623730951
638, 18, 301, 35, 300, 36, 1, -1, -0.7853981633974483, 1.4142135623730951
638, 31, 255, 36, 254, 37, 1, -1, -0.7853981633974483, 1.4142135623730951
638, 37, 103, 185, 102, 186, 1, -1, -0.7853981633974483, 1.4142135623730951
638, 46, 223, 47, 222, 48, 1, -1, -0.7853981633974483, 1.4142135623730951
639, 28, 271, 195, 270, 196, 1, -1, -0.7853981633974483, 1.4142135623730951
639, 41, 26, 182, 25, 183, 1, -1, -0.7853981633974483, 1.4142135623730951
639, 46, 295, 197, 293, 197, 2, 0, 0.0, 2.0
640, 24, 304, 53, 300, 54, 4, -1, -0.24497866312686414, 4.123105625617661
640, 26, 172, 173, 171, 174, 1, -1, -0.7853981633974483, 1.4142135623730951
640, 42, 225, 48, 224, 49, 1, -1, -0.7853981633974483, 1.4142135623730951
640, 50, 274, 197, 273, 198, 1, -1, -0.7853981633974483, 1.4142135623730951
641, 1, 240, 44, 239, 45, 1, -1, -0.7853981633974483, 1.4142135623730951
641, 12, 171, 47, 170, 48, 1, -1, -0.7853981633974483, 1.4142135623730951
641, 43, 286, 49, 285, 50, 1, -1, -0.7853981633974483, 1.4142135623730951
642, 2, 215, 34, 214, 35, 1, -1, -0.7853981633974483, 1.4142135623730951
642, 7, 164, 198, 163, 199, 1, -1, -0.7853981633974483, 1.4142135623730951
642, 12, 172, 46, 171, 47, 1, -1, -0.7853981633974483, 1.4142135623730951
642, 44, 245, 173, 244, 174, 1, -1, -0.7853981633974483, 1.4142135623730951
643, 26, 173, 172, 172, 173, 1, -1, -0.7853981633974483, 1.4142135623730951
643, 36, 257, 35, 256, 36, 1, -1, -0.7853981633974483, 1.4142135623730951
643, 40, 226, 46, 225, 47, 1, -1, -0.7853981633974483, 1.4142135623730951
643, 43, 288, 48, 287, 49, 1, -1, -0.7853981633974483, 1.4142135623730951
644, 1, 242, 43, 241, 44, 1, -1, -0.7853981633974483, 1.4142135623730951
644, 5, 149, 47, 148, 48, 1, -1, -0.7853981633974483, 1.4142135623730951
644, 9, 206, 46, 207, 45, -1, 1, 2.356194490192345, 1.4142135623730951
644, 22, 150, 63, 149, 64, 1, -1, -0.7853981633974483, 1.4142135623730951
644, 23, 302, 34, 301, 35, 1, -1, -0.7853981633974483, 1.4142135623730951
644, 30, 56, 161, 55, 162, 1, -1, -0.7853981633974483, 1.4142135623730951
644, 39, 227, 45, 226, 46, 1, -1, -0.7853981633974483, 1.4142135623730951
644, 43, 246, 171, 245, 172, 1, -1, -0.7853981633974483, 1.4142135623730951
644, 45, 275, 194, 274, 195, 1, -1, -0.7853981633974483, 1.4142135623730951
645, 5, 121, 172, 123, 171, -2, 1, 2.677945044588987, 2.23606797749979
645, 45, 267, 175, 266, 176, 1, -1, -0.7853981633974483, 1.4142135623730951
645, 50, 228, 47, 227, 48, 1, -1, -0.7853981633974483, 1.4142135623730951
646, 3, 210, 47, 209, 48, 1, -1, -0.7853981633974483, 1.4142135623730951
646, 11, 180, 63, 179, 64, 1, -1, -0.7853981633974483, 1.4142135623730951
646, 35, 146, 174, 145, 175, 1, -1, -0.7853981633974483, 1.4142135623730951
646, 38, 278, 64, 277, 65, 1, -1, -0.7853981633974483, 1.4142135623730951
647, 0, 189, 175, 188, 176, 1, -1, -0.7853981633974483, 1.4142135623730951
647, 11, 181, 62, 180, 63, 1, -1, -0.7853981633974483, 1.4142135623730951
647, 14, 78, 31, 77, 32, 1, -1, -0.7853981633974483, 1.4142135623730951
647, 29, 308, 37, 307, 38, 1, -1, -0.7853981633974483, 1.4142135623730951
647, 42, 152, 63, 151, 64, 1, -1, -0.7853981633974483, 1.4142135623730951
648, 2, 244, 44, 243, 45, 1, -1, -0.7853981633974483, 1.4142135623730951
648, 3, 211, 46, 210, 47, 1, -1, -0.7853981633974483, 1.4142135623730951
648, 7, 152, 47, 151, 48, 1, -1, -0.7853981633974483, 1.4142135623730951
648, 35, 146, 175, 147, 174, -1, 1, 2.356194490192345, 1.4142135623730951
648, 38, 279, 63, 278, 64, 1, -1, -0.7853981633974483, 1.4142135623730951
648, 39, 260, 36, 259, 37, 1, -1, -0.7853981633974483, 1.4142135623730951
648, 44, 174, 173, 173, 174, 1, -1, -0.7853981633974483, 1.4142135623730951
649, 28, 309, 35, 308, 36, 1, -1, -0.7853981633974483, 1.4142135623730951
649, 32, 278, 194, 277, 195, 1, -1, -0.7853981633974483, 1.4142135623730951
649, 44, 69, 166, 68, 167, 1, -1, -0.7853981633974483, 1.4142135623730951
650, 9, 168, 200, 167, 201, 1, -1, -0.7853981633974483, 1.4142135623730951
650, 14, 304, 54, 306, 55, -2, -1, -2.677945044588987, 2.23606797749979
650, 33, 201, 63, 200, 64, 1, -1, -0.7853981633974483, 1.4142135623730951
650, 36, 262, 37, 261, 38, 1, -1, -0.7853981633974483, 1.4142135623730951
650, 50, 270, 173, 269, 174, 1, -1, -0.7853981633974483, 1.4142135623730951
650, 54, 250, 174, 249, 175, 1, -1, -0.7853981633974483, 1.4142135623730951
651, 5, 151, 200, 150, 201, 1, -1, -0.7853981633974483, 1.4142135623730951
651, 6, 247, 44, 246, 45, 1, -1, -0.7853981633974483, 1.4142135623730951
651, 13, 183, 62, 182, 63, 1, -1, -0.7853981633974483, 1.4142135623730951
651, 19, 80, 31, 79, 32, 1, -1, -0.7853981633974483, 1.4142135623730951
651, 28, 85, 42, 84, 43, 1, -1, -0.7853981633974483, 1.4142135623730951
651, 42, 280, 196, 279, 197, 1, -1, -0.7853981633974483, 1.4142135623730951
651, 53, 251, 173, 250, 174, 1, -1, -0.7853981633974483, 1.4142135623730951
652, 6, 248, 43, 247, 44, 1, -1, -0.7853981633974483, 1.4142135623730951
652, 15, 7, 197, 6, 198, 1, -1, -0.7853981633974483, 1.4142135623730951
652, 25, 310, 36, 309, 37, 1, -1, -0.7853981633974483, 1.4142135623730951
652, 38, 177, 172, 176, 173, 1, -1, -0.7853981633974483, 1.4142135623730951
652, 40, 281, 195, 280, 196, 1, -1, -0.7853981633974483, 1.4142135623730951
652, 47, 273, 172, 271, 173, 2, -1, -0.4636476090008061, 2.23606797749979
652, 50, 252, 172, 251, 173, 1, -1, -0.7853981633974483, 1.4142135623730951
653, 6, 249, 42, 248, 43, 1, -1, -0.7853981633974483, 1.4142135623730951
653, 9, 169, 197, 168, 198, 1, -1, -0.7853981633974483, 1.4142135623730951
653, 14, 175, 47, 174, 48, 1, -1, -0.7853981633974483, 1.4142135623730951
653, 15, 8, 196, 7, 197, 1, -1, -0.7853981633974483, 1.4142135623730951
653, 32, 90, 199, 89, 200, 1, -1, -0.7853981633974483, 1.4142135623730951
653, 33, 82, 69, 81, 70, 1, -1, -0.7853981633974483, 1.4142135623730951
653, 34, 263, 35, 262, 36, 1, -1, -0.7853981633974483, 1.4142135623730951
653, 40, 283, 194, 281, 195, 2, -1, -0.4636476090008061, 2.23606797749979
653, 47, 274, 170, 273, 172, 1, -2, -1.1071487177940904, 2.23606797749979
654, 0, 192, 173, 191, 174, 1, -1, -0.7853981633974483, 1.4142135623730951
654, 7, 161, 171, 160, 172, 1, -1, -0.7853981633974483, 1.4142135623730951
654, 15, 9, 195, 8, 196, 1, -1, -0.7853981633974483, 1.4142135623730951
654, 29, 203, 61, 202, 62, 1, -1, -0.7853981633974483, 1.4142135623730951
654, 38, 283, 192, 283, 194, 0, -2, -1.5707963267948966, 2.0
654, 45, 303, 196, 302, 197, 1, -1, -0.7853981633974483, 1.4142135623730951
654, 46, 122, 160, 123, 159, -1, 1, 2.356194490192345, 1.4142135623730951
655, 20, 204, 63, 203, 64, 1, -1, -0.7853981633974483, 1.4142135623730951
655, 42, 197, 51, 196, 52, 1, -1, -0.7853981633974483, 1.4142135623730951
655, 52, 233, 47, 232, 48, 1, -1, -0.7853981633974483, 1.4142135623730951
655, 57, 305, 198, 304, 199, 1, -1, -0.7853981633974483, 1.4142135623730951
656, 2, 194, 175, 193, 176, 1, -1, -0.7853981633974483, 1.4142135623730951
656, 3, 248, 44, 247, 45, 1, -1, -0.7853981633974483, 1.4142135623730951
656, 7, 158, 49, 157, 50, 1, -1, -0.7853981633974483, 1.4142135623730951
656, 16, 107, 84, 106, 85, 1, -1, -0.7853981633974483, 1.4142135623730951
656, 41, 198, 50, 197, 51, 1, -1, -0.7853981633974483, 1.4142135623730951
656, 49, 4, 78, 2, 78, 2, 0, 0.0, 2.0
656, 51, 235, 46, 233, 47, 2, -1, -0.4636476090008061, 2.23606797749979
657, 32, 311, 52, 309, 52, 2, 0, 0.0, 2.0
657, 44, 5, 173, 4, 174, 1, -1, -0.7853981633974483, 1.4142135623730951
658, 2, 195, 173, 194, 174, 1, -1, -0.7853981633974483, 1.4142135623730951
658, 3, 249, 43, 248, 44, 1, -1, -0.7853981633974483, 1.4142135623730951
658, 7, 159, 48, 158, 49, 1, -1, -0.7853981633974483, 1.4142135623730951
658, 32, 313, 52, 311, 52, 2, 0, 0.0, 2.0
658, 41, 199, 48, 198, 49, 1, -1, -0.7853981633974483, 1.4142135623730951
658, 45, 253, 174, 252, 175, 1, -1, -0.7853981633974483, 1.4142135623730951
659, 2, 196, 172, 195, 173, 1, -1, -0.7853981633974483, 1.4142135623730951
659, 5, 216, 47, 215, 48, 1, -1, -0.7853981633974483, 1.4142135623730951
659, 21, 312, 34, 311, 35, 1, -1, -0.7853981633974483, 1.4142135623730951
659, 34, 266, 35, 264, 36, 2, -1, -0.4636476090008061, 2.23606797749979
659, 52, 112, 186, 111, 187, 1, -1, -0.7853981633974483, 1.4142135623730951
659, 55, 25, 159, 26, 158, -1, 1, 2.356194490192345, 1.4142135623730951
659, 59, 125, 50, 124, 52, 1, -2, -1.1071487177940904, 2.23606797749979
660, 9, 218, 47, 217, 48, 1, -1, -0.7853981633974483, 1.4142135623730951
660, 14, 313, 53, 311, 54, 2, -1, -0.4636476090008061, 2.23606797749979
660, 16, 4, 201, 3, 202, 1, -1, -0.7853981633974483, 1.4142135623730951
660, 47, 286, 64, 285, 65, 1, -1, -0.7853981633974483, 1.4142135623730951
660, 48, 285, 197, 284, 198, 1, -1, -0.7853981633974483, 1.4142135623730951
661, 7, 252, 45, 251, 46, 1, -1, -0.7853981633974483, 1.4142135623730951
661, 12, 174, 200, 173, 201, 1, -1, -0.7853981633974483, 1.4142135623730951
661, 51, 244, 183, 243, 184, 1, -1, -0.7853981633974483, 1.4142135623730951
662, 12, 175, 199, 174, 200, 1, -1, -0.7853981633974483, 1.4142135623730951
662, 32, 138, 200, 137, 201, 1, -1, -0.7853981633974483, 1.4142135623730951
662, 35, 200, 49, 199, 50, 1, -1, -0.7853981633974483, 1.4142135623730951
662, 40, 139, 60, 138, 61, 1, -1, -0.7853981633974483, 1.4142135623730951
662, 46, 287, 63, 286, 64, 1, -1, -0.7853981633974483, 1.4142135623730951
662, 55, 252, 38, 251, 39, 1, -1, -0.7853981633974483, 1.4142135623730951
663, 36, 93, 200, 92, 202, 1, -2, -1.1071487177940904, 2.23606797749979
663, 44, 288, 62, 287, 63, 1, -1, -0.7853981633974483, 1.4142135623730951
663, 45, 286, 195, 285, 196, 1, -1, -0.7853981633974483, 1.4142135623730951
664, 0, 224, 34, 223, 35, 1, -1, -0.7853981633974483, 1.4142135623730951
664, 9, 219, 45, 218, 46, 1, -1, -0.7853981633974483, 1.4142135623730951
664, 33, 33, 184, 32, 185, 1, -1, -0.7853981633974483, 1.4142135623730951
664, 39, 141, 60, 139, 60, 2, 0, 0.0, 2.0
664, 45, 284, 195, 286, 195, -2, 0, 3.141592653589793, 2.0
664, 49, 73, 166, 71, 167, 2, -1, -0.4636476090008061, 2.23606797749979
665, 43, 315, 53, 315, 55, 0, -2, -1.5707963267948966, 2.0
666, 0, 167, 172, 166, 173, 1, -1, -0.7853981633974483, 1.4142135623730951
666, 11, 159, 199, 158, 200, 1, -1, -0.7853981633974483, 1.4142135623730951
666, 27, 288, 196, 287, 197, 1, -1, -0.7853981633974483, 1.4142135623730951
666, 38, 238, 46, 237, 47, 1, -1, -0.7853981633974483, 1.4142135623730951
666, 43, 316, 52, 315, 53, 1, -1, -0.7853981633974483, 1.4142135623730951
666, 45, 202, 50, 201, 51, 1, -1, -0.7853981633974483, 1.4142135623730951
667, 15, 141, 199, 140, 200, 1, -1, -0.7853981633974483, 1.4142135623730951
667, 43, 317, 50, 316, 52, 1, -2, -1.1071487177940904, 2.23606797749979
667, 47, 286, 63, 285, 64, 1, -1, -0.7853981633974483, 1.4142135623730951
667, 53, 258, 172, 257, 173, 1, -1, -0.7853981633974483, 1.4142135623730951
668, 0, 168, 170, 167, 171, 1, -1, -0.7853981633974483, 1.4142135623730951
668, 7, 256, 44, 255, 45, 1, -1, -0.7853981633974483, 1.4142135623730951
668, 11, 161, 198, 160, 199, 1, -1, -0.7853981633974483, 1.4142135623730951
668, 43, 318, 48, 317, 50, 1, -2, -1.1071487177940904, 2.23606797749979
668, 52, 319, 37, 318, 38, 1, -1, -0.7853981633974483, 1.4142135623730951
668, 53, 259, 171, 258, 172, 1, -1, -0.7853981633974483, 1.4142135623730951
669, 7, 257, 43, 256, 44, 1, -1, -0.7853981633974483, 1.4142135623730951
669, 10, 176, 200, 175, 201, 1, -1, -0.7853981633974483, 1.4142135623730951
669, 16, 184, 172, 183, 173, 1, -1, -0.7853981633974483, 1.4142135623730951
669, 41, 319, 47, 318, 48, 1, -1, -0.7853981633974483, 1.4142135623730951
669, 45, 287, 61, 286, 62, 1, -1, -0.7853981633974483, 1.4142135623730951
669, 46, 63, 32, 65, 32, -2, 0, 3.141592653589793, 2.0
669, 51, 260, 170, 259, 171, 1, -1, -0.7853981633974483, 1.4142135623730951
670, 5, 223, 48, 222, 49, 1, -1, -0.7853981633974483, 1.4142135623730951
670, 7, 201, 175, 200, 176, 1, -1, -0.7853981633974483, 1.4142135623730951
670, 30, 15, 38, 14, 39, 1, -1, -0.7853981633974483, 1.4142135623730951
670, 37, 10, 53, 9, 54, 1, -1, -0.7853981633974483, 1.4142135623730951
670, 42, 227, 64, 226, 65, 1, -1, -0.7853981633974483, 1.4142135623730951
670, 48, 241, 47, 240, 48, 1, -1, -0.7853981633974483, 1.4142135623730951
671, 3, 75, 40, 75, 42, 0, -2, -1.5707963267948966, 2.0
671, 5, 224, 47, 223, 48, 1, -1, -0.7853981633974483, 1.4142135623730951
671, 9, 256, 44, 255, 45, 1, -1, -0.7853981633974483, 1.4142135623730951
671, 15, 67, 152, 66, 153, 1, -1, -0.7853981633974483, 1.4142135623730951
671, 18, 29, 176, 30, 174, -1, 2, 2.0344439357957027, 2.23606797749979
671, 37, 11, 52, 10, 53, 1, -1, -0.7853981633974483, 1.4142135623730951
671, 42, 228, 63, 227, 64, 1, -1, -0.7853981633974483, 1.4142135623730951
671, 51, 191, 62, 190, 63, 1, -1, -0.7853981633974483, 1.4142135623730951
671, 56, 198, 198, 197, 199, 1, -1, -0.7853981633974483, 1.4142135623730951
672, 9, 257, 43, 256, 44, 1, -1, -0.7853981633974483, 1.4142135623730951
672, 48, 133, 51, 132, 52, 1, -1, -0.7853981633974483, 1.4142135623730951
672, 50, 192, 61, 191, 62, 1, -1, -0.7853981633974483, 1.4142135623730951
672, 51, 37, 182, 36, 183, 1, -1, -0.7853981633974483, 1.4142135623730951
672, 57, 32, 57, 31, 58, 1, -1, -0.7853981633974483, 1.4142135623730951
673, 2, 165, 49, 164, 50, 1, -1, -0.7853981633974483, 1.4142135623730951
673, 8, 184, 46, 183, 47, 1, -1, -0.7853981633974483, 1.4142135623730951
673, 10, 179, 197, 178, 198, 1, -1, -0.7853981633974483, 1.4142135623730951
673, 23, 48, 86, 47, 87, 1, -1, -0.7853981633974483, 1.4142135623730951
673, 32, 292, 194, 291, 195, 1, -1, -0.7853981633974483, 1.4142135623730951
673, 55, 176, 62, 175, 63, 1, -1, -0.7853981633974483, 1.4142135623730951
673, 56, 316, 198, 315, 199, 1, -1, -0.7853981633974483, 1.4142135623730951
674, 9, 258, 42, 257, 43, 1, -1, -0.7853981633974483, 1.4142135623730951
674, 10, 180, 196, 179, 197, 1, -1, -0.7853981633974483, 1.4142135623730951
674, 30, 293, 193, 292, 194, 1, -1, -0.7853981633974483, 1.4142135623730951
674, 32, 13, 141, 12, 142, 1, -1, -0.7853981633974483, 1.4142135623730951
674, 36, 274, 36, 273, 37, 1, -1, -0.7853981633974483, 1.4142135623730951
674, 46, 193, 60, 192, 61, 1, -1, -0.7853981633974483, 1.4142135623730951
674, 47, 38, 181, 37, 182, 1, -1, -0.7853981633974483, 1.4142135623730951
674, 49, 283, 173, 282, 174, 1, -1, -0.7853981633974483, 1.4142135623730951
674, 54, 317, 197, 316, 198, 1, -1, -0.7853981633974483, 1.4142135623730951
675, 1, 204, 175, 203, 176, 1, -1, -0.7853981633974483, 1.4142135623730951
675, 5, 225, 48, 224, 49, 1, -1, -0.7853981633974483, 1.4142135623730951
675, 52, 263, 173, 262, 174, 1, -1, -0.7853981633974483, 1.4142135623730951
676, 3, 259, 45, 258, 46, 1, -1, -0.7853981633974483, 1.4142135623730951
676, 52, 264, 172, 263, 173, 1, -1, -0.7853981633974483, 1.4142135623730951
677, 3, 260, 44, 259, 45, 1, -1, -0.7853981633974483, 1.4142135623730951
677, 12, 171, 171, 170, 172, 1, -1, -0.7853981633974483, 1.4142135623730951
677, 24, 194, 62, 193, 63, 1, -1, -0.7853981633974483, 1.4142135623730951
677, 42, 229, 63, 228, 64, 1, -1, -0.7853981633974483, 1.4142135623730951
677, 47, 32, 194, 31, 195, 1, -1, -0.7853981633974483, 1.4142135623730951
678, 3, 261, 43, 260, 44, 1, -1, -0.7853981633974483, 1.4142135623730951
678, 5, 227, 47, 226, 48, 1, -1, -0.7853981633974483, 1.4142135623730951
678, 23, 140, 63, 139, 64, 1, -1, -0.7853981633974483, 1.4142135623730951
678, 28, 66, 35, 65, 36, 1, -1, -0.7853981633974483, 1.4142135623730951
678, 29, 262, 37, 261, 38, 1, -1, -0.7853981633974483, 1.4142135623730951
678, 42, 231, 63, 229, 63, 2, 0, 0.0, 2.0
678, 47, 33, 193, 32, 194, 1, -1, -0.7853981633974483, 1.4142135623730951
678, 50, 67, 139, 66, 140, 1, -1, -0.7853981633974483, 1.4142135623730951
679, 18, 111, 198, 110, 199, 1, -1, -0.7853981633974483, 1.4142135623730951
679, 20, 163, 62, 162, 63, 1, -1, -0.7853981633974483, 1.4142135623730951
679, 24, 195, 61, 194, 62, 1, -1, -0.7853981633974483, 1.4142135623730951
679, 27, 95, 42, 94, 43, 1, -1, -0.7853981633974483, 1.4142135623730951
679, 47, 276, 34, 275, 35, 1, -1, -0.7853981633974483, 1.4142135623730951
679, 50, 265, 170, 264, 171, 1, -1, -0.7853981633974483, 1.4142135623730951
680, 0, 206, 173, 205, 174, 1, -1, -0.7853981633974483, 1.4142135623730951
680, 11, 183, 200, 182, 201, 1, -1, -0.7853981633974483, 1.4142135623730951
680, 33, 144, 63, 143, 64, 1, -1, -0.7853981633974483, 1.4142135623730951
681, 8, 229, 48, 228, 49, 1, -1, -0.7853981633974483, 1.4142135623730951
681, 10, 262, 44, 261, 45, 1, -1, -0.7853981633974483, 1.4142135623730951
681, 28, 166, 64, 165, 65, 1, -1, -0.7853981633974483, 1.4142135623730951
681, 34, 215, 62, 214, 63, 1, -1, -0.7853981633974483, 1.4142135623730951
682, 8, 230, 47, 229, 48, 1, -1, -0.7853981633974483, 1.4142135623730951
682, 20, 189, 48, 188, 49, 1, -1, -0.7853981633974483, 1.4142135623730951
682, 33, 216, 61, 215, 62, 1, -1, -0.7853981633974483, 1.4142135623730951
682, 36, 231, 64, 230, 65, 1, -1, -0.7853981633974483, 1.4142135623730951
682, 37, 246, 46, 245, 47, 1, -1, -0.7853981633974483, 1.4142135623730951
683, 0, 208, 171, 207, 172, 1, -1, -0.7853981633974483, 1.4142135623730951
683, 2, 169, 48, 168, 49, 1, -1, -0.7853981633974483, 1.4142135623730951
683, 26, 52, 86, 51, 87, 1, -1, -0.7853981633974483, 1.4142135623730951
683, 33, 217, 60, 216, 61, 1, -1, -0.7853981633974483, 1.4142135623730951
683, 38, 266, 170, 265, 171, 1, -1, -0.7853981633974483, 1.4142135623730951
684, 2, 172, 46, 169, 48, 3, -2, -0.5880026035475675, 3.605551275463989
684, 28, 100, 199, 99, 200, 1, -1, -0.7853981633974483, 1.4142135623730951
684, 34, 232, 63, 231, 64, 1, -1, -0.7853981633974483, 1.4142135623730951
684, 35, 248, 45, 247, 46, 1, -1, -0.7853981633974483, 1.4142135623730951
684, 36, 267, 168, 266, 170, 1, -2, -1.1071487177940904, 2.23606797749979
685, 1, 172, 50, 171, 51, 1, -1, -0.7853981633974483, 1.4142135623730951
685, 26, 219, 63, 218, 64, 1, -1, -0.7853981633974483, 1.4142135623730951
685, 35, 40, 50, 39, 51, 1, -1, -0.7853981633974483, 1.4142135623730951
685, 47, 15, 173, 14, 174, 1, -1, -0.7853981633974483, 1.4142135623730951
686, 9, 266, 45, 265, 46, 1, -1, -0.7853981633974483, 1.4142135623730951
686, 10, 230, 48, 229, 49, 1, -1, -0.7853981633974483, 1.4142135623730951
686, 12, 169, 199, 168, 200, 1, -1, -0.7853981633974483, 1.4142135623730951
686, 16, 300, 196, 299, 197, 1, -1, -0.7853981633974483, 1.4142135623730951
686, 21, 150, 201, 149, 202, 1, -1, -0.7853981633974483, 1.4142135623730951
686, 26, 220, 62, 219, 63, 1, -1, -0.7853981633974483, 1.4142135623730951
686, 28, 145, 63, 144, 64, 1, -1, -0.7853981633974483, 1.4142135623730951
687, 11, 192, 52, 191, 53, 1, -1, -0.7853981633974483, 1.4142135623730951
687, 22, 199, 62, 198, 63, 1, -1, -0.7853981633974483, 1.4142135623730951
687, 25, 221, 61, 220, 62, 1, -1, -0.7853981633974483, 1.4142135623730951
687, 27, 146, 62, 145, 63, 1, -1, -0.7853981633974483, 1.4142135623730951
687, 32, 191, 172, 189, 173, 2, -1, -0.4636476090008061, 2.23606797749979
687, 33, 68, 165, 66, 166, 2, -1, -0.4636476090008061, 2.23606797749979
687, 39, 290, 174, 289, 175, 1, -1, -0.7853981633974483, 1.4142135623730951
687, 44, 167, 63, 166, 64, 1, -1, -0.7853981633974483, 1.4142135623730951
687, 45, 281, 37, 280, 38, 1, -1, -0.7853981633974483, 1.4142135623730951
688, 11, 193, 51, 192, 52, 1, -1, -0.7853981633974483, 1.4142135623730951
688, 24, 22, 162, 21, 163, 1, -1, -0.7853981633974483, 1.4142135623730951
688, 25, 222, 60, 221, 61, 1, -1, -0.7853981633974483, 1.4142135623730951
689, 1, 173, 46, 172, 47, 1, -1, -0.7853981633974483, 1.4142135623730951
689, 14, 186, 197, 185, 198, 1, -1, -0.7853981633974483, 1.4142135623730951
689, 17, 43, 157, 42, 158, 1, -1, -0.7853981633974483, 1.4142135623730951
689, 24, 23, 161, 22, 162, 1, -1, -0.7853981633974483, 1.4142135623730951
689, 27, 147, 61, 146, 62, 1, -1, -0.7853981633974483, 1.4142135623730951
689, 32, 193, 171, 192, 172, 1, -1, -0.7853981633974483, 1.4142135623730951
689, 43, 168, 61, 167, 62, 1, -1, -0.7853981633974483, 1.4142135623730951
690, 42, 222, 63, 221, 64, 1, -1, -0.7853981633974483, 1.4142135623730951
690, 44, 271, 173, 270, 174, 1, -1, -0.7853981633974483, 1.4142135623730951
691, 7, 267, 45, 266, 46, 1, -1, -0.7853981633974483, 1.4142135623730951
691, 24, 302, 195, 301, 196, 1, -1, -0.7853981633974483, 1.4142135623730951
691, 41, 214, 51, 213, 52, 1, -1, -0.7853981633974483, 1.4142135623730951
691, 43, 164, 175, 163, 176, 1, -1, -0.7853981633974483, 1.4142135623730951
692, 2, 178, 171, 177, 172, 1, -1, -0.7853981633974483, 1.4142135623730951
692, 36, 253, 46, 252, 47, 1, -1, -0.7853981633974483, 1.4142135623730951
692, 40, 215, 50, 214, 51, 1, -1, -0.7853981633974483, 1.4142135623730951
692, 41, 223, 62, 222, 63, 1, -1, -0.7853981633974483, 1.4142135623730951
693, 6, 211, 173, 210, 174, 1, -1, -0.7853981633974483, 1.4142135623730951
693, 7, 268, 44, 267, 45, 1, -1, -0.7853981633974483, 1.4142135623730951
693, 21, 55, 87, 54, 88, 1, -1, -0.7853981633974483, 1.4142135623730951
693, 23, 305, 195, 303, 195, 2, 0, 0.0, 2.0
693, 29, 166, 65, 168, 62, -2, 3, 2.158798930342464, 3.605551275463989
693, 34, 254, 45, 253, 46, 1, -1, -0.7853981633974483, 1.4142135623730951
693, 37, 195, 172, 193, 173, 2, -1, -0.4636476090008061, 2.23606797749979
693, 38, 216, 49, 215, 50, 1, -1, -0.7853981633974483, 1.4142135623730951
693, 39, 224, 61, 223, 62, 1, -1, -0.7853981633974483, 1.4142135623730951
693, 41, 273, 172, 272, 173, 1, -1, -0.7853981633974483, 1.4142135623730951
693, 45, 292, 172, 291, 173, 1, -1, -0.7853981633974483, 1.4142135623730951
694, 2, 180, 170, 178, 171, 2, -1, -0.4636476090008061, 2.23606797749979
694, 7, 269, 43, 268, 44, 1, -1, -0.7853981633974483, 1.4142135623730951
694, 8, 117, 198, 116, 199, 1, -1, -0.7853981633974483, 1.4142135623730951
694, 43, 285, 34, 283, 35, 2, -1, -0.4636476090008061, 2.23606797749979
694, 44, 293, 171, 292, 172, 1, -1, -0.7853981633974483, 1.4142135623730951
695, 2, 180, 173, 179, 174, 1, -1, -0.7853981633974483, 1.4142135623730951
695, 10, 191, 199, 190, 200, 1, -1, -0.7853981633974483, 1.4142135623730951
695, 29, 150, 63, 149, 64, 1, -1, -0.7853981633974483, 1.4142135623730951
695, 47, 239, 64, 238, 65, 1, -1, -0.7853981633974483, 1.4142135623730951
695, 56, 98, 44, 97, 45, 1, -1, -0.7853981633974483, 1.4142135623730951
696, 2, 181, 172, 180, 173, 1, -1, -0.7853981633974483, 1.4142135623730951
696, 14, 175, 200, 174, 201, 1, -1, -0.7853981633974483, 1.4142135623730951
696, 17, 155, 200, 154, 201, 1, -1, -0.7853981633974483, 1.4142135623730951
696, 33, 204, 62, 203, 63, 1, -1, -0.7853981633974483, 1.4142135623730951
696, 51, 285, 37, 284, 38, 1, -1, -0.7853981633974483, 1.4142135623730951
696, 58, 261, 183, 263, 183, -2, 0, 3.141592653589793, 2.0
697, 2, 183, 172, 181, 172, 2, 0, 0.0, 2.0
697, 5, 214, 175, 213, 176, 1, -1, -0.7853981633974483, 1.4142135623730951
697, 6, 270, 45, 269, 46, 1, -1, -0.7853981633974483, 1.4142135623730951
697, 12, 35, 177, 34, 176, 1, 1, 0.7853981633974483, 1.4142135623730951
697, 49, 306, 195, 305, 196, 1, -1, -0.7853981633974483, 1.4142135623730951
698, 8, 237, 48, 236, 49, 1, -1, -0.7853981633974483, 1.4142135623730951
698, 11, 92, 31, 91, 32, 1, -1, -0.7853981633974483, 1.4142135623730951
698, 35, 217, 50, 216, 51, 1, -1, -0.7853981633974483, 1.4142135623730951
698, 42, 241, 63, 240, 64, 1, -1, -0.7853981633974483, 1.4142135623730951
699, 5, 215, 174, 214, 175, 1, -1, -0.7853981633974483, 1.4142135623730951
699, 6, 272, 44, 271, 45, 1, -1, -0.7853981633974483, 1.4142135623730951
699, 29, 252, 46, 253, 45, -1, 1, 2.356194490192345, 1.4142135623730951
699, 43, 210, 198, 209, 199, 1, -1, -0.7853981633974483, 1.4142135623730951
700, 14, 273, 45, 272, 46, 1, -1, -0.7853981633974483, 1.4142135623730951
700, 25, 23, 141, 22, 142, 1, -1, -0.7853981633974483, 1.4142135623730951
700, 44, 258, 46, 257, 47, 1, -1, -0.7853981633974483, 1.4142135623730951
700, 53, 206, 63, 205, 64, 1, -1, -0.7853981633974483, 1.4142135623730951
700, 56, 276, 172, 275, 173, 1, -1, -0.7853981633974483, 1.4142135623730951
701, 6, 198, 49, 197, 50, 1, -1, -0.7853981633974483, 1.4142135623730951
701, 10, 239, 48, 238, 49, 1, -1, -0.7853981633974483, 1.4142135623730951
701, 30, 242, 64, 241, 65, 1, -1, -0.7853981633974483, 1.4142135623730951
701, 43, 259, 45, 258, 46, 1, -1, -0.7853981633974483, 1.4142135623730951
701, 54, 212, 197, 211, 198, 1, -1, -0.7853981633974483, 1.4142135623730951
701, 55, 277, 171, 276, 172, 1, -1, -0.7853981633974483, 1.4142135623730951
702, 2, 216, 175, 215, 176, 1, -1, -0.7853981633974483, 1.4142135623730951
702, 5, 194, 197, 193, 198, 1, -1, -0.7853981633974483, 1.4142135623730951
702, 14, 275, 44, 274, 45, 1, -1, -0.7853981633974483, 1.4142135623730951
702, 29, 243, 63, 242, 64, 1, -1, -0.7853981633974483, 1.4142135623730951
702, 30, 174, 63, 173, 64, 1, -1, -0.7853981633974483, 1.4142135623730951
702, 45, 36, 194, 35, 195, 1, -1, -0.7853981633974483, 1.4142135623730951
702, 50, 27, 184, 26, 185, 1, -1, -0.7853981633974483, 1.4142135623730951
702, 53, 213, 196, 212, 197, 1, -1, -0.7853981633974483, 1.4142135623730951
702, 54, 279, 170, 277, 171, 2, -1, -0.4636476090008061, 2.23606797749979
703, 11, 158, 200, 157, 201, 1, -1, -0.7853981633974483, 1.4142135623730951
703, 17, 198, 170, 197, 171, 1, -1, -0.7853981633974483, 1.4142135623730951
703, 25, 45, 49, 43, 49, 2, 0, 0.0, 2.0
703, 31, 24, 36, 22, 37, 2, -1, -0.4636476090008061, 2.23606797749979
703, 32, 220, 51, 219, 52, 1, -1, -0.7853981633974483, 1.4142135623730951
703, 35, 168, 174, 167, 175, 1, -1, -0.7853981633974483, 1.4142135623730951
703, 39, 45, 186, 44, 187, 1, -1, -0.7853981633974483, 1.4142135623730951
703, 41, 260, 44, 259, 45, 1, -1, -0.7853981633974483, 1.4142135623730951
703, 44, 37, 193, 36, 194, 1, -1, -0.7853981633974483, 1.4142135623730951
703, 50, 208, 61, 207, 62, 1, -1, -0.7853981633974483, 1.4142135623730951
703, 53, 282, 170, 279, 170, 3, 0, 0.0, 3.0
704, 1, 179, 49, 178, 50, 1, -1, -0.7853981633974483, 1.4142135623730951
704, 48, 28, 183, 27, 184, 1, -1, -0.7853981633974483, 1.4142135623730951
704, 49, 209, 60, 208, 61, 1, -1, -0.7853981633974483, 1.4142135623730951
705, 0, 245, 36, 244, 37, 1, -1, -0.7853981633974483, 1.4142135623730951
705, 4, 275, 45, 274, 46, 1, -1, -0.7853981633974483, 1.4142135623730951
706, 15, 8, 97, 7, 98, 1, -1, -0.7853981633974483, 1.4142135623730951
706, 18, 154, 63, 153, 64, 1, -1, -0.7853981633974483, 1.4142135623730951
706, 21, 200, 50, 199, 51, 1, -1, -0.7853981633974483, 1.4142135623730951
706, 36, 222, 52, 221, 53, 1, -1, -0.7853981633974483, 1.4142135623730951
706, 44, 31, 184, 30, 185, 1, -1, -0.7853981633974483, 1.4142135623730951
707, 4, 276, 44, 275, 45, 1, -1, -0.7853981633974483, 1.4142135623730951
707, 11, 183, 172, 182, 173, 1, -1, -0.7853981633974483, 1.4142135623730951
707, 22, 200, 172, 199, 173, 1, -1, -0.7853981633974483, 1.4142135623730951
707, 35, 313, 196, 312, 197, 1, -1, -0.7853981633974483, 1.4142135623730951
707, 41, 263, 45, 260, 46, 3, -1, -0.3217505543966422, 3.1622776601683795
707, 43, 293, 36, 292, 37, 1, -1, -0.7853981633974483, 1.4142135623730951
708, 11, 184, 171, 183, 172, 1, -1, -0.7853981633974483, 1.4142135623730951
708, 22, 201, 171, 200, 172, 1, -1, -0.7853981633974483, 1.4142135623730951
708, 42, 35, 184, 32, 184, 3, 0, 0.0, 3.0
708, 43, 294, 35, 293, 36, 1, -1, -0.7853981633974483, 1.4142135623730951
708, 47, 73, 165, 72, 166, 1, -1, -0.7853981633974483, 1.4142135623730951
709, 6, 242, 48, 241, 49, 1, -1, -0.7853981633974483, 1.4142135623730951
709, 7, 180, 198, 179, 199, 1, -1, -0.7853981633974483, 1.4142135623730951
709, 18, 30, 163, 29, 164, 1, -1, -0.7853981633974483, 1.4142135623730951
709, 26, 281, 168, 279, 170, 2, -2, -0.7853981633974483, 2.8284271247461903
710, 5, 278, 45, 277, 46, 1, -1, -0.7853981633974483, 1.4142135623730951
710, 17, 199, 200, 198, 201, 1, -1, -0.7853981633974483, 1.4142135623730951
710, 26, 223, 52, 222, 53, 1, -1, -0.7853981633974483, 1.4142135623730951
710, 41, 272, 182, 271, 183, 1, -1, -0.7853981633974483, 1.4142135623730951
711, 28, 203, 49, 202, 50, 1, -1, -0.7853981633974483, 1.4142135623730951
712, 5, 280, 44, 279, 45, 1, -1, -0.7853981633974483, 1.4142135623730951
712, 22, 212, 61, 211, 62, 1, -1, -0.7853981633974483, 1.4142135623730951
712, 37, 71, 73, 70, 74, 1, -1, -0.7853981633974483, 1.4142135623730951
713, 0, 222, 173, 221, 174, 1, -1, -0.7853981633974483, 1.4142135623730951
713, 3, 184, 49, 183, 50, 1, -1, -0.7853981633974483, 1.4142135623730951
713, 9, 13, 198, 15, 198, -2, 0, 3.141592653589793, 2.0
713, 16, 200, 197, 199, 198, 1, -1, -0.7853981633974483, 1.4142135623730951
714, 0, 224, 172, 222, 173, 2, -1, -0.4636476090008061, 2.23606797749979
714, 3, 185, 48, 184, 49, 1, -1, -0.7853981633974483, 1.4142135623730951
714, 8, 163, 198, 162, 199, 1, -1, -0.7853981633974483, 1.4142135623730951
714, 10, 133, 171, 132, 172, 1, -1, -0.7853981633974483, 1.4142135623730951
714, 11, 186, 174, 185, 175, 1, -1, -0.7853981633974483, 1.4142135623730951
714, 12, 182, 198, 181, 199, 1, -1, -0.7853981633974483, 1.4142135623730951
714, 22, 263, 44, 262, 45, 1, -1, -0.7853981633974483, 1.4142135623730951
714, 26, 125, 74, 125, 76, 0, -2, -1.5707963267948966, 2.0
715, 32, 265, 46, 264, 47, 1, -1, -0.7853981633974483, 1.4142135623730951
715, 35, 180, 64, 179, 65, 1, -1, -0.7853981633974483, 1.4142135623730951
716, 4, 223, 175, 222, 176, 1, -1, -0.7853981633974483, 1.4142135623730951
716, 11, 247, 49, 246, 50, 1, -1, -0.7853981633974483, 1.4142135623730951
716, 15, 283, 43, 282, 44, 1, -1, -0.7853981633974483, 1.4142135623730951
716, 21, 214, 62, 213, 63, 1, -1, -0.7853981633974483, 1.4142135623730951
716, 25, 99, 31, 98, 32, 1, -1, -0.7853981633974483, 1.4142135623730951
716, 32, 266, 45, 265, 46, 1, -1, -0.7853981633974483, 1.4142135623730951
716, 41, 285, 171, 284, 172, 1, -1, -0.7853981633974483, 1.4142135623730951
717, 4, 224, 174, 223, 175, 1, -1, -0.7853981633974483, 1.4142135623730951
717, 11, 248, 48, 247, 49, 1, -1, -0.7853981633974483, 1.4142135623730951
717, 35, 5, 77, 4, 76, 1, 1, 0.7853981633974483, 1.4142135623730951
717, 40, 286, 170, 285, 171, 1, -1, -0.7853981633974483, 1.4142135623730951
718, 11, 249, 47, 248, 48, 1, -1, -0.7853981633974483, 1.4142135623730951
718, 12, 202, 199, 201, 200, 1, -1, -0.7853981633974483, 1.4142135623730951
718, 15, 285, 42, 284, 43, 1, -1, -0.7853981633974483, 1.4142135623730951
718, 39, 287, 169, 286, 170, 1, -1, -0.7853981633974483, 1.4142135623730951
719, 11, 250, 46, 249, 47, 1, -1, -0.7853981633974483, 1.4142135623730951
719, 12, 203, 198, 202, 199, 1, -1, -0.7853981633974483, 1.4142135623730951
719, 15, 286, 41, 285, 42, 1, -1, -0.7853981633974483, 1.4142135623730951
719, 22, 160, 62, 159, 63, 1, -1, -0.7853981633974483, 1.4142135623730951
719, 24, 280, 47, 279, 48, 1, -1, -0.7853981633974483, 1.4142135623730951
720, 21, 161, 64, 160, 65, 1, -1, -0.7853981633974483, 1.4142135623730951
721, 1, 252, 35, 251, 36, 1, -1, -0.7853981633974483, 1.4142135623730951
721, 6, 250, 49, 249, 50, 1, -1, -0.7853981633974483, 1.4142135623730951
721, 8, 225, 174, 224, 175, 1, -1, -0.7853981633974483, 1.4142135623730951
722, 3, 192, 172, 191, 173, 1, -1, -0.7853981633974483, 1.4142135623730951
722, 9, 284, 45, 283, 46, 1, -1, -0.7853981633974483, 1.4142135623730951
722, 15, 216, 62, 215, 63, 1, -1, -0.7853981633974483, 1.4142135623730951
722, 20, 187, 198, 186, 199, 1, -1, -0.7853981633974483, 1.4142135623730951
722, 26, 269, 44, 268, 45, 1, -1, -0.7853981633974483, 1.4142135623730951
723, 3, 193, 171, 192, 172, 1, -1, -0.7853981633974483, 1.4142135623730951
723, 8, 226, 172, 225, 173, 1, -1, -0.7853981633974483, 1.4142135623730951
723, 10, 133, 34, 132, 35, 1, -1, -0.7853981633974483, 1.4142135623730951
723, 11, 205, 200, 204, 201, 1, -1, -0.7853981633974483, 1.4142135623730951
725, 4, 193, 173, 192, 174, 1, -1, -0.7853981633974483, 1.4142135623730951
725, 9, 135, 36, 134, 37, 1, -1, -0.7853981633974483, 1.4142135623730951
725, 29, 178, 174, 177, 175, 1, -1, -0.7853981633974483, 1.4142135623730951
725, 34, 163, 64, 162, 65, 1, -1, -0.7853981633974483, 1.4142135623730951
725, 46, 290, 172, 289, 173, 1, -1, -0.7853981633974483, 1.4142135623730951
726, 4, 194, 172, 193, 173, 1, -1, -0.7853981633974483, 1.4142135623730951
726, 6, 139, 171, 138, 172, 1, -1, -0.7853981633974483, 1.4142135623730951
726, 10, 253, 49, 252, 50, 1, -1, -0.7853981633974483, 1.4142135623730951
726, 37, 239, 63, 238, 64, 1, -1, -0.7853981633974483, 1.4142135623730951
726, 44, 231, 51, 230, 52, 1, -1, -0.7853981633974483, 1.4142135623730951
726, 46, 291, 171, 290, 172, 1, -1, -0.7853981633974483, 1.4142135623730951
727, 0, 191, 48, 190, 50, 1, -2, -1.1071487177940904, 2.23606797749979
727, 1, 89, 34, 89, 36, 0, -2, -1.5707963267948966, 2.0
727, 2, 254, 35, 253, 36, 1, -1, -0.7853981633974483, 1.4142135623730951
727, 12, 42, 177, 41, 178, 1, -1, -0.7853981633974483, 1.4142135623730951
727, 13, 80, 156, 79, 157, 1, -1, -0.7853981633974483, 1.4142135623730951
727, 14, 77, 185, 76, 186, 1, -1, -0.7853981633974483, 1.4142135623730951
727, 43, 232, 50, 231, 51, 1, -1, -0.7853981633974483, 1.4142135623730951
728, 5, 229, 175, 228, 176, 1, -1, -0.7853981633974483, 1.4142135623730951
728, 14, 75, 184, 77, 185, -2, -1, -2.677945044588987, 2.23606797749979
728, 21, 191, 199, 190, 200, 1, -1, -0.7853981633974483, 1.4142135623730951
728, 32, 164, 61, 163, 62, 1, -1, -0.7853981633974483, 1.4142135623730951
728, 39, 271, 44, 270, 45, 1, -1, -0.7853981633974483, 1.4142135623730951
728, 42, 233, 49, 232, 50, 1, -1, -0.7853981633974483, 1.4142135623730951
729, 2, 255, 34, 254, 35, 1, -1, -0.7853981633974483, 1.4142135623730951
729, 14, 77, 183, 75, 184, 2, -1, -0.4636476090008061, 2.23606797749979
729, 21, 192, 198, 191, 199, 1, -1, -0.7853981633974483, 1.4142135623730951
729, 24, 107, 39, 106, 40, 1, -1, -0.7853981633974483, 1.4142135623730951
729, 32, 165, 60, 164, 61, 1, -1, -0.7853981633974483, 1.4142135623730951
729, 38, 148, 50, 148, 52, 0, -2, -1.5707963267948966, 2.0
729, 47, 51, 184, 50, 185, 1, -1, -0.7853981633974483, 1.4142135623730951
730, 5, 195, 173, 194, 174, 1, -1, -0.7853981633974483, 1.4142135623730951
730, 14, 111, 45, 110, 46, 1, -1, -0.7853981633974483, 1.4142135623730951
730, 29, 221, 63, 220, 64, 1, -1, -0.7853981633974483, 1.4142135623730951
730, 33, 166, 63, 165, 64, 1, -1, -0.7853981633974483, 1.4142135623730951
730, 41, 273, 45, 272, 46, 1, -1, -0.7853981633974483, 1.4142135623730951
730, 48, 48, 202, 49, 201, -1, 1, 2.356194490192345, 1.4142135623730951
731, 2, 230, 174, 229, 175, 1, -1, -0.7853981633974483, 1.4142135623730951
731, 6, 255, 48, 254, 49, 1, -1, -0.7853981633974483, 1.4142135623730951
731, 29, 222, 62, 221, 63, 1, -1, -0.7853981633974483, 1.4142135623730951
731, 33, 167, 62, 166, 63, 1, -1, -0.7853981633974483, 1.4142135623730951
731, 45, 313, 172, 312, 174, 1, -2, -1.1071487177940904, 2.23606797749979
732, 5, 196, 171, 195, 172, 1, -1, -0.7853981633974483, 1.4142135623730951
732, 6, 256, 47, 255, 48, 1, -1, -0.7853981633974483, 1.4142135623730951
732, 37, 46, 56, 46, 58, 0, -2, -1.5707963267948966, 2.0
732, 57, 212, 173, 211, 174, 1, -1, -0.7853981633974483, 1.4142135623730951
733, 42, 293, 168, 292, 169, 1, -1, -0.7853981633974483, 1.4142135623730951
733, 55, 18, 146, 17, 147, 1, -1, -0.7853981633974483, 1.4142135623730951
734, 3, 194, 49, 193, 50, 1, -1, -0.7853981633974483, 1.4142135623730951
734, 11, 209, 196, 208, 197, 1, -1, -0.7853981633974483, 1.4142135623730951
734, 38, 294, 167, 293, 168, 1, -1, -0.7853981633974483, 1.4142135623730951
734, 40, 316, 171, 314, 172, 2, -1, -0.4636476090008061, 2.23606797749979
734, 43, 226, 197, 225, 198, 1, -1, -0.7853981633974483, 1.4142135623730951
734, 50, 19, 145, 18, 146, 1, -1, -0.7853981633974483, 1.4142135623730951
735, 4, 258, 50, 257, 51, 1, -1, -0.7853981633974483, 1.4142135623730951
735, 23, 210, 199, 209, 200, 1, -1, -0.7853981633974483, 1.4142135623730951
735, 29, 224, 63, 223, 64, 1, -1, -0.7853981633974483, 1.4142135623730951
736, 0, 233, 174, 232, 175, 1, -1, -0.7853981633974483, 1.4142135623730951
736, 33, 36, 140, 35, 141, 1, -1, -0.7853981633974483, 1.4142135623730951
737, 4, 259, 49, 258, 50, 1, -1, -0.7853981633974483, 1.4142135623730951
737, 6, 292, 45, 291, 46, 1, -1, -0.7853981633974483, 1.4142135623730951
737, 16, 195, 199, 194, 200, 1, -1, -0.7853981633974483, 1.4142135623730951
737, 22, 211, 198, 210, 199, 1, -1, -0.7853981633974483, 1.4142135623730951
737, 27, 225, 62, 224, 63, 1, -1, -0.7853981633974483, 1.4142135623730951
738, 8, 196, 49, 195, 50, 1, -1, -0.7853981633974483, 1.4142135623730951
738, 22, 212, 197, 211, 198, 1, -1, -0.7853981633974483, 1.4142135623730951
738, 28, 169, 63, 168, 64, 1, -1, -0.7853981633974483, 1.4142135623730951
738, 32, 37, 138, 36, 139, 1, -1, -0.7853981633974483, 1.4142135623730951
738, 38, 53, 185, 52, 186, 1, -1, -0.7853981633974483, 1.4142135623730951
739, 4, 260, 48, 259, 49, 1, -1, -0.7853981633974483, 1.4142135623730951
739, 6, 293, 44, 292, 45, 1, -1, -0.7853981633974483, 1.4142135623730951
739, 39, 278, 44, 277, 45, 1, -1, -0.7853981633974483, 1.4142135623730951
740, 0, 262, 36, 261, 37, 1, -1, -0.7853981633974483, 1.4142135623730951
740, 1, 235, 175, 234, 176, 1, -1, -0.7853981633974483, 1.4142135623730951
740, 15, 261, 50, 260, 51, 1, -1, -0.7853981633974483, 1.4142135623730951
740, 17, 213, 199, 212, 200, 1, -1, -0.7853981633974483, 1.4142135623730951
740, 23, 170, 64, 169, 65, 1, -1, -0.7853981633974483, 1.4142135623730951
740, 44, 281, 46, 278, 46, 3, 0, 0.0, 3.0
741, 1, 236, 174, 235, 175, 1, -1, -0.7853981633974483, 1.4142135623730951
741, 7, 295, 46, 294, 47, 1, -1, -0.7853981633974483, 1.4142135623730951
741, 14, 262, 49, 261, 50, 1, -1, -0.7853981633974483, 1.4142135623730951
741, 40, 298, 170, 297, 171, 1, -1, -0.7853981633974483, 1.4142135623730951
741, 42, 240, 52, 239, 53, 1, -1, -0.7853981633974483, 1.4142135623730951
742, 0, 263, 35, 262, 36, 1, -1, -0.7853981633974483, 1.4142135623730951
742, 1, 237, 173, 236, 174, 1, -1, -0.7853981633974483, 1.4142135623730951
742, 3, 198, 50, 197, 51, 1, -1, -0.7853981633974483, 1.4142135623730951
742, 9, 179, 201, 178, 202, 1, -1, -0.7853981633974483, 1.4142135623730951
742, 11, 107, 34, 106, 35, 1, -1, -0.7853981633974483, 1.4142135623730951
742, 16, 214, 198, 213, 199, 1, -1, -0.7853981633974483, 1.4142135623730951
742, 19, 133, 199, 132, 201, 1, -2, -1.1071487177940904, 2.23606797749979
742, 23, 95, 66, 94, 67, 1, -1, -0.7853981633974483, 1.4142135623730951
742, 40, 105, 154, 104, 155, 1, -1, -0.7853981633974483, 1.4142135623730951
742, 51, 118, 52, 117, 53, 1, -1, -0.7853981633974483, 1.4142135623730951
743, 3, 199, 49, 198, 50, 1, -1, -0.7853981633974483, 1.4142135623730951
743, 31, 245, 62, 244, 63, 1, -1, -0.7853981633974483, 1.4142135623730951
743, 39, 300, 169, 299, 170, 1, -1, -0.7853981633974483, 1.4142135623730951
743, 49, 155, 55, 154, 56, 1, -1, -0.7853981633974483, 1.4142135623730951
744, 0, 264, 34, 263, 35, 1, -1, -0.7853981633974483, 1.4142135623730951
744, 20, 227, 61, 226, 62, 1, -1, -0.7853981633974483, 1.4142135623730951
744, 30, 245, 59, 245, 62, 0, -3, -1.5707963267948966, 3.0
744, 31, 135, 64, 134, 65, 1, -1, -0.7853981633974483, 1.4142135623730951
744, 39, 243, 51, 242, 52, 1, -1, -0.7853981633974483, 1.4142135623730951
744, 43, 38, 140, 37, 141, 1, -1, -0.7853981633974483, 1.4142135623730951
744, 48, 119, 50, 118, 51, 1, -1, -0.7853981633974483, 1.4142135623730951
745, 0, 264, 36, 263, 37, 1, -1, -0.7853981633974483, 1.4142135623730951
745, 7, 238, 175, 237, 176, 1, -1, -0.7853981633974483, 1.4142135623730951
745, 10, 298, 44, 297, 45, 1, -1, -0.7853981633974483, 1.4142135623730951
745, 16, 229, 63, 228, 64, 1, -1, -0.7853981633974483, 1.4142135623730951
745, 22, 282, 45, 281, 46, 1, -1, -0.7853981633974483, 1.4142135623730951
745, 24, 214, 199, 213, 200, 1, -1, -0.7853981633974483, 1.4142135623730951
745, 32, 118, 49, 117, 50, 1, -1, -0.7853981633974483, 1.4142135623730951
745, 41, 112, 41, 111, 42, 1, -1, -0.7853981633974483, 1.4142135623730951
745, 46, 301, 171, 300, 172, 1, -1, -0.7853981633974483, 1.4142135623730951
746, 10, 299, 43, 298, 44, 1, -1, -0.7853981633974483, 1.4142135623730951
746, 11, 219, 49, 218, 50, 1, -1, -0.7853981633974483, 1.4142135623730951
746, 24, 215, 198, 214, 199, 1, -1, -0.7853981633974483, 1.4142135623730951
746, 32, 119, 48, 118, 49, 1, -1, -0.7853981633974483, 1.4142135623730951
746, 51, 187, 174, 186, 175, 1, -1, -0.7853981633974483, 1.4142135623730951
747, 0, 265, 34, 264, 35, 1, -1, -0.7853981633974483, 1.4142135623730951
747, 7, 239, 173, 238, 174, 1, -1, -0.7853981633974483, 1.4142135623730951
747, 11, 220, 48, 219, 49, 1, -1, -0.7853981633974483, 1.4142135623730951
747, 17, 181, 200, 180, 201, 1, -1, -0.7853981633974483, 1.4142135623730951
747, 47, 13, 75, 12, 76, 1, -1, -0.7853981633974483, 1.4142135623730951
748, 0, 266, 33, 265, 34, 1, -1, -0.7853981633974483, 1.4142135623730951
748, 2, 200, 49, 199, 50, 1, -1, -0.7853981633974483, 1.4142135623730951
748, 3, 203, 172, 202, 173, 1, -1, -0.7853981633974483, 1.4142135623730951
748, 10, 300, 41, 299, 42, 1, -1, -0.7853981633974483, 1.4142135623730951
748, 11, 221, 47, 220, 48, 1, -1, -0.7853981633974483, 1.4142135623730951
748, 12, 266, 50, 265, 51, 1, -1, -0.7853981633974483, 1.4142135623730951
748, 21, 283, 42, 282, 43, 1, -1, -0.7853981633974483, 1.4142135623730951
748, 41, 193, 62, 192, 63, 1, -1, -0.7853981633974483, 1.4142135623730951
749, 2, 201, 47, 200, 49, 1, -2, -1.1071487177940904, 2.23606797749979
749, 10, 301, 40, 300, 41, 1, -1, -0.7853981633974483, 1.4142135623730951
749, 12, 267, 49, 266, 50, 1, -1, -0.7853981633974483, 1.4142135623730951
749, 15, 230, 61, 229, 62, 1, -1, -0.7853981633974483, 1.4142135623730951
749, 40, 194, 61, 193, 62, 1, -1, -0.7853981633974483, 1.4142135623730951
750, 6, 267, 50, 266, 51, 1, -1, -0.7853981633974483, 1.4142135623730951
750, 31, 285, 45, 284, 46, 1, -1, -0.7853981633974483, 1.4142135623730951
750, 45, 303, 170, 302, 171, 1, -1, -0.7853981633974483, 1.4142135623730951
751, 6, 268, 49, 267, 50, 1, -1, -0.7853981633974483, 1.4142135623730951
751, 7, 206, 173, 205, 174, 1, -1, -0.7853981633974483, 1.4142135623730951
751, 9, 300, 45, 299, 46, 1, -1, -0.7853981633974483, 1.4142135623730951
751, 11, 240, 174, 239, 175, 1, -1, -0.7853981633974483, 1.4142135623730951
751, 25, 218, 199, 217, 200, 1, -1, -0.7853981633974483, 1.4142135623730951
751, 28, 244, 52, 243, 53, 1, -1, -0.7853981633974483, 1.4142135623730951
751, 42, 195, 63, 194, 64, 1, -1, -0.7853981633974483, 1.4142135623730951
751, 45, 304, 169, 303, 170, 1, -1, -0.7853981633974483, 1.4142135623730951
752, 7, 207, 172, 206, 173, 1, -1, -0.7853981633974483, 1.4142135623730951
752, 10, 232, 62, 231, 63, 1, -1, -0.7853981633974483, 1.4142135623730951
752, 16, 202, 200, 201, 201, 1, -1, -0.7853981633974483, 1.4142135623730951
752, 25, 219, 198, 218, 199, 1, -1, -0.7853981633974483, 1.4142135623730951
752, 30, 286, 44, 285, 45, 1, -1, -0.7853981633974483, 1.4142135623730951
752, 44, 306, 169, 304, 169, 2, 0, 0.0, 2.0
753, 24, 220, 197, 219, 198, 1, -1, -0.7853981633974483, 1.4142135623730951
753, 27, 245, 50, 244, 51, 1, -1, -0.7853981633974483, 1.4142135623730951
753, 41, 55, 200, 54, 201, 1, -1, -0.7853981633974483, 1.4142135623730951
754, 16, 203, 198, 202, 199, 1, -1, -0.7853981633974483, 1.4142135623730951
754, 24, 222, 197, 220, 197, 2, 0, 0.0, 2.0
754, 26, 176, 62, 175, 63, 1, -1, -0.7853981633974483, 1.4142135623730951
755, 7, 267, 51, 266, 52, 1, -1, -0.7853981633974483, 1.4142135623730951
755, 8, 243, 175, 242, 176, 1, -1, -0.7853981633974483, 1.4142135623730951
755, 19, 220, 199, 219, 200, 1, -1, -0.7853981633974483, 1.4142135623730951
755, 23, 191, 173, 190, 175, 1, -2, -1.1071487177940904, 2.23606797749979
755, 44, 247, 52, 246, 53, 1, -1, -0.7853981633974483, 1.4142135623730951
756, 3, 205, 50, 204, 51, 1, -1, -0.7853981633974483, 1.4142135623730951
756, 8, 244, 174, 243, 175, 1, -1, -0.7853981633974483, 1.4142135623730951
756, 9, 303, 47, 302, 48, 1, -1, -0.7853981633974483, 1.4142135623730951
756, 32, 51, 57, 50, 58, 1, -1, -0.7853981633974483, 1.4142135623730951
756, 38, 177, 63, 176, 64, 1, -1, -0.7853981633974483, 1.4142135623730951
756, 49, 150, 188, 149, 189, 1, -1, -0.7853981633974483, 1.4142135623730951
757, 3, 206, 49, 205, 50, 1, -1, -0.7853981633974483, 1.4142135623730951
757, 10, 123, 31, 109, 31, 14, 0, 0.0, 14.0
757, 27, 204, 198, 203, 199, 1, -1, -0.7853981633974483, 1.4142135623730951
757, 32, 52, 56, 51, 57, 1, -1, -0.7853981633974483, 1.4142135623730951
757, 36, 224, 48, 223, 49, 1, -1, -0.7853981633974483, 1.4142135623730951
758, 3, 207, 48, 206, 49, 1, -1, -0.7853981633974483, 1.4142135623730951
758, 4, 138, 198, 137, 199, 1, -1, -0.7853981633974483, 1.4142135623730951
758, 9, 305, 46, 304, 47, 1, -1, -0.7853981633974483, 1.4142135623730951
758, 34, 225, 47, 224, 48, 1, -1, -0.7853981633974483, 1.4142135623730951
759, 10, 125, 30, 123, 31, 2, -1, -0.4636476090008061, 2.23606797749979
759, 23, 234, 64, 233, 65, 1, -1, -0.7853981633974483, 1.4142135623730951
759, 26, 206, 197, 205, 198, 1, -1, -0.7853981633974483, 1.4142135623730951
760, 9, 75, 85, 74, 86, 1, -1, -0.7853981633974483, 1.4142135623730951
760, 37, 179, 64, 178, 65, 1, -1, -0.7853981633974483, 1.4142135623730951
760, 44, 258, 66, 257, 67, 1, -1, -0.7853981633974483, 1.4142135623730951
761, 1, 272, 36, 271, 37, 1, -1, -0.7853981633974483, 1.4142135623730951
761, 6, 306, 46, 305, 47, 1, -1, -0.7853981633974483, 1.4142135623730951
761, 52, 197, 188, 196, 189, 1, -1, -0.7853981633974483, 1.4142135623730951
762, 12, 148, 35, 147, 36, 1, -1, -0.7853981633974483, 1.4142135623730951
762, 49, 29, 147, 28, 148, 1, -1, -0.7853981633974483, 1.4142135623730951
763, 3, 247, 172, 246, 173, 1, -1, -0.7853981633974483, 1.4142135623730951
763, 7, 209, 172, 208, 173, 1, -1, -0.7853981633974483, 1.4142135623730951
763, 24, 30, 98, 29, 99, 1, -1, -0.7853981633974483, 1.4142135623730951
763, 29, 291, 43, 289, 44, 2, -1, -0.4636476090008061, 2.23606797749979
763, 48, 30, 146, 29, 147, 1, -1, -0.7853981633974483, 1.4142135623730951
763, 51, 198, 186, 197, 187, 1, -1, -0.7853981633974483, 1.4142135623730951
764, 3, 248, 171, 247, 172, 1, -1, -0.7853981633974483, 1.4142135623730951
764, 7, 210, 171, 209, 172, 1, -1, -0.7853981633974483, 1.4142135623730951
764, 11, 189, 199, 188, 200, 1, -1, -0.7853981633974483, 1.4142135623730951
764, 15, 223, 196, 222, 197, 1, -1, -0.7853981633974483, 1.4142135623730951
764, 26, 238, 63, 237, 64, 1, -1, -0.7853981633974483, 1.4142135623730951
764, 29, 292, 42, 291, 43, 1, -1, -0.7853981633974483, 1.4142135623730951
764, 32, 87, 155, 86, 156, 1, -1, -0.7853981633974483, 1.4142135623730951
764, 33, 180, 61, 179, 62, 1, -1, -0.7853981633974483, 1.4142135623730951
764, 39, 261, 65, 260, 66, 1, -1, -0.7853981633974483, 1.4142135623730951
764, 42, 150, 187, 149, 188, 1, -1, -0.7853981633974483, 1.4142135623730951
765, 8, 191, 200, 190, 201, 1, -1, -0.7853981633974483, 1.4142135623730951
765, 9, 275, 51, 274, 52, 1, -1, -0.7853981633974483, 1.4142135623730951
765, 18, 310, 44, 309, 45, 1, -1, -0.7853981633974483, 1.4142135623730951
765, 25, 306, 52, 304, 51, 2, 1, 0.4636476090008061, 2.23606797749979
766, 9, 276, 50, 275, 51, 1, -1, -0.7853981633974483, 1.4142135623730951
766, 18, 311, 43, 310, 44, 1, -1, -0.7853981633974483, 1.4142135623730951
766, 23, 229, 50, 228, 51, 1, -1, -0.7853981633974483, 1.4142135623730951
766, 25, 308, 52, 306, 52, 2, 0, 0.0, 2.0
766, 31, 196, 173, 195, 174, 1, -1, -0.7853981633974483, 1.4142135623730951
766, 33, 183, 63, 182, 64, 1, -1, -0.7853981633974483, 1.4142135623730951
767, 8, 192, 199, 191, 200, 1, -1, -0.7853981633974483, 1.4142135623730951
767, 18, 312, 41, 311, 43, 1, -2, -1.1071487177940904, 2.23606797749979
767, 28, 293, 42, 292, 43, 1, -1, -0.7853981633974483, 1.4142135623730951
767, 42, 60, 188, 59, 189, 1, -1, -0.7853981633974483, 1.4142135623730951
767, 43, 37, 35, 36, 36, 1, -1, -0.7853981633974483, 1.4142135623730951
768, 1, 248, 170, 247, 171, 1, -1, -0.7853981633974483, 1.4142135623730951
768, 6, 212, 173, 211, 174, 1, -1, -0.7853981633974483, 1.4142135623730951
768, 8, 277, 49, 276, 50, 1, -1, -0.7853981633974483, 1.4142135623730951
768, 12, 87, 185, 85, 185, 2, 0, 0.0, 2.0
768, 19, 239, 64, 238, 65, 1, -1, -0.7853981633974483, 1.4142135623730951
768, 21, 226, 197, 225, 198, 1, -1, -0.7853981633974483, 1.4142135623730951
768, 44, 112, 177, 109, 177, 3, 0, 0.0, 3.0
769, 1, 250, 169, 248, 170, 2, -1, -0.4636476090008061, 2.23606797749979
769, 3, 212, 49, 211, 50, 1, -1, -0.7853981633974483, 1.4142135623730951
769, 4, 150, 35, 149, 36, 1, -1, -0.7853981633974483, 1.4142135623730951
769, 29, 198, 172, 197, 173, 1, -1, -0.7853981633974483, 1.4142135623730951
769, 44, 113, 176, 112, 177, 1, -1, -0.7853981633974483, 1.4142135623730951
770, 15, 311, 47, 310, 48, 1, -1, -0.7853981633974483, 1.4142135623730951
770, 25, 227, 199, 226, 200, 1, -1, -0.7853981633974483, 1.4142135623730951
770, 48, 155, 188, 154, 189, 1, -1, -0.7853981633974483, 1.4142135623730951
771, 1, 213, 50, 212, 51, 1, -1, -0.7853981633974483, 1.4142135623730951
772, 0, 278, 36, 277, 37, 1, -1, -0.7853981633974483, 1.4142135623730951
772, 7, 253, 174, 252, 175, 1, -1, -0.7853981633974483, 1.4142135623730951
772, 24, 228, 197, 227, 198, 1, -1, -0.7853981633974483, 1.4142135623730951
772, 33, 255, 51, 254, 52, 1, -1, -0.7853981633974483, 1.4142135623730951
772, 34, 232, 172, 231, 173, 1, -1, -0.7853981633974483, 1.4142135623730951
772, 36, 298, 44, 295, 45, 3, -1, -0.3217505543966422, 3.1622776601683795
773, 1, 214, 49, 213, 50, 1, -1, -0.7853981633974483, 1.4142135623730951
773, 14, 313, 46, 312, 47, 1, -1, -0.7853981633974483, 1.4142135623730951
774, 15, 211, 198, 210, 199, 1, -1, -0.7853981633974483, 1.4142135623730951
774, 39, 128, 68, 129, 70, -1, -2, -2.0344439357957027, 2.23606797749979
775, 2, 278, 36, 277, 37, 1, -1, -0.7853981633974483, 1.4142135623730951
775, 4, 253, 172, 252, 173, 1, -1, -0.7853981633974483, 1.4142135623730951
775, 33, 8, 72, 7, 73, 1, -1, -0.7853981633974483, 1.4142135623730951
775, 36, 100, 60, 99, 61, 1, -1, -0.7853981633974483, 1.4142135623730951
776, 2, 279, 35, 278, 36, 1, -1, -0.7853981633974483, 1.4142135623730951
776, 3, 217, 173, 216, 174, 1, -1, -0.7853981633974483, 1.4142135623730951
776, 9, 283, 51, 282, 52, 1, -1, -0.7853981633974483, 1.4142135623730951
776, 13, 315, 47, 314, 48, 1, -1, -0.7853981633974483, 1.4142135623730951
776, 16, 37, 100, 36, 101, 1, -1, -0.7853981633974483, 1.4142135623730951
776, 17, 25, 199, 24, 200, 1, -1, -0.7853981633974483, 1.4142135623730951
776, 19, 234, 50, 233, 51, 1, -1, -0.7853981633974483, 1.4142135623730951
776, 28, 35, 147, 34, 148, 1, -1, -0.7853981633974483, 1.4142135623730951
776, 30, 244, 64, 243, 65, 1, -1, -0.7853981633974483, 1.4142135623730951
776, 33, 9, 71, 8, 72, 1, -1, -0.7853981633974483, 1.4142135623730951
777, 4, 255, 169, 253, 171, 2, -2, -0.7853981633974483, 2.8284271247461903
777, 14, 196, 199, 195, 200, 1, -1, -0.7853981633974483, 1.4142135623730951
777, 15, 146, 63, 145, 64, 1, -1, -0.7853981633974483, 1.4142135623730951
777, 20, 187, 63, 185, 64, 2, -1, -0.4636476090008061, 2.23606797749979
777, 22, 264, 64, 263, 65, 1, -1, -0.7853981633974483, 1.4142135623730951
777, 27, 214, 199, 213, 200, 1, -1, -0.7853981633974483, 1.4142135623730951
777, 30, 245, 63, 244, 64, 1, -1, -0.7853981633974483, 1.4142135623730951
777, 32, 235, 172, 234, 173, 1, -1, -0.7853981633974483, 1.4142135623730951
777, 36, 101, 58, 100, 59, 1, -1, -0.7853981633974483, 1.4142135623730951
777, 41, 120, 40, 119, 41, 1, -1, -0.7853981633974483, 1.4142135623730951
778, 3, 218, 171, 217, 172, 1, -1, -0.7853981633974483, 1.4142135623730951
778, 4, 254, 166, 255, 169, -1, -3, -1.892546881191539, 3.1622776601683795
778, 9, 284, 50, 283, 51, 1, -1, -0.7853981633974483, 1.4142135623730951
778, 10, 116, 30, 115, 31, 1, -1, -0.7853981633974483, 1.4142135623730951
779, 4, 256, 166, 254, 166, 2, 0, 0.0, 2.0
779, 21, 265, 63, 264, 64, 1, -1, -0.7853981633974483, 1.4142135623730951
779, 35, 200, 172, 199, 173, 1, -1, -0.7853981633974483, 1.4142135623730951
779, 40, 51, 137, 50, 138, 1, -1, -0.7853981633974483, 1.4142135623730951
780, 8, 219, 174, 218, 175, 1, -1, -0.7853981633974483, 1.4142135623730951
780, 20, 314, 50, 313, 51, 1, -1, -0.7853981633974483, 1.4142135623730951
780, 27, 190, 64, 189, 65, 1, -1, -0.7853981633974483, 1.4142135623730951
781, 2, 280, 37, 279, 38, 1, -1, -0.7853981633974483, 1.4142135623730951
781, 7, 220, 173, 219, 174, 1, -1, -0.7853981633974483, 1.4142135623730951
781, 9, 286, 51, 285, 52, 1, -1, -0.7853981633974483, 1.4142135623730951
781, 17, 247, 63, 246, 64, 1, -1, -0.7853981633974483, 1.4142135623730951
781, 19, 315, 49, 314, 50, 1, -1, -0.7853981633974483, 1.4142135623730951
781, 22, 235, 53, 234, 54, 1, -1, -0.7853981633974483, 1.4142135623730951
781, 23, 301, 43, 300, 44, 1, -1, -0.7853981633974483, 1.4142135623730951
781, 43, 203, 174, 202, 175, 1, -1, -0.7853981633974483, 1.4142135623730951
782, 2, 281, 36, 280, 37, 1, -1, -0.7853981633974483, 1.4142135623730951
782, 9, 287, 50, 286, 51, 1, -1, -0.7853981633974483, 1.4142135623730951
782, 23, 302, 42, 301, 43, 1, -1, -0.7853981633974483, 1.4142135623730951
782, 34, 217, 199, 216, 200, 1, -1, -0.7853981633974483, 1.4142135623730951
782, 38, 17, 74, 19, 75, -2, -1, -2.677945044588987, 2.23606797749979
782, 46, 185, 173, 184, 174, 1, -1, -0.7853981633974483, 1.4142135623730951
783, 0, 218, 50, 217, 51, 1, -1, -0.7853981633974483, 1.4142135623730951
783, 4, 149, 197, 148, 198, 1, -1, -0.7853981633974483, 1.4142135623730951
783, 10, 59, 180, 57, 180, 2, 0, 0.0, 2.0
783, 19, 317, 48, 316, 49, 1, -1, -0.7853981633974483, 1.4142135623730951
783, 23, 303, 41, 302, 42, 1, -1, -0.7853981633974483, 1.4142135623730951
783, 27, 91, 186, 90, 187, 1, -1, -0.7853981633974483, 1.4142135623730951
783, 40, 11, 71, 10, 72, 1, -1, -0.7853981633974483, 1.4142135623730951
783, 41, 204, 172, 203, 173, 1, -1, -0.7853981633974483, 1.4142135623730951
784, 0, 219, 49, 218, 50, 1, -1, -0.7853981633974483, 1.4142135623730951
784, 4, 150, 196, 149, 197, 1, -1, -0.7853981633974483, 1.4142135623730951
784, 16, 144, 38, 143, 39, 1, -1, -0.7853981633974483, 1.4142135623730951
784, 32, 218, 197, 217, 198, 1, -1, -0.7853981633974483, 1.4142135623730951
785, 32, 249, 64, 248, 65, 1, -1, -0.7853981633974483, 1.4142135623730951
785, 51, 101, 53, 97, 54, 4, -1, -0.24497866312686414, 4.123105625617661
785, 55, 57, 57, 56, 58, 1, -1, -0.7853981633974483, 1.4142135623730951
786, 2, 283, 36, 282, 37, 1, -1, -0.7853981633974483, 1.4142135623730951
786, 7, 259, 171, 258, 172, 1, -1, -0.7853981633974483, 1.4142135623730951
786, 45, 265, 53, 264, 54, 1, -1, -0.7853981633974483, 1.4142135623730951
786, 54, 58, 56, 57, 57, 1, -1, -0.7853981633974483, 1.4142135623730951
787, 6, 319, 47, 318, 48, 1, -1, -0.7853981633974483, 1.4142135623730951
787, 9, 289, 51, 288, 52, 1, -1, -0.7853981633974483, 1.4142135623730951
787, 35, 205, 173, 204, 174, 1, -1, -0.7853981633974483, 1.4142135623730951
787, 36, 138, 61, 137, 62, 1, -1, -0.7853981633974483, 1.4142135623730951
787, 43, 150, 63, 149, 64, 1, -1, -0.7853981633974483, 1.4142135623730951
787, 44, 266, 52, 265, 53, 1, -1, -0.7853981633974483, 1.4142135623730951
787, 47, 269, 66, 267, 67, 2, -1, -0.4636476090008061, 2.23606797749979
787, 49, 104, 51, 101, 52, 3, -1, -0.3217505543966422, 3.1622776601683795
788, 3, 150, 198, 149, 199, 1, -1, -0.7853981633974483, 1.4142135623730951
788, 9, 290, 50, 289, 51, 1, -1, -0.7853981633974483, 1.4142135623730951
788, 27, 144, 172, 143, 173, 1, -1, -0.7853981633974483, 1.4142135623730951
788, 40, 92, 199, 91, 200, 1, -1, -0.7853981633974483, 1.4142135623730951
788, 43, 151, 62, 150, 63, 1, -1, -0.7853981633974483, 1.4142135623730951
789, 3, 151, 197, 150, 198, 1, -1, -0.7853981633974483, 1.4142135623730951
789, 8, 158, 36, 157, 37, 1, -1, -0.7853981633974483, 1.4142135623730951
789, 10, 222, 173, 221, 174, 1, -1, -0.7853981633974483, 1.4142135623730951
789, 22, 42, 99, 41, 100, 1, -1, -0.7853981633974483, 1.4142135623730951
789, 24, 235, 197, 234, 198, 1, -1, -0.7853981633974483, 1.4142135623730951
789, 28, 192, 63, 191, 64, 1, -1, -0.7853981633974483, 1.4142135623730951
789, 30, 220, 197, 219, 198, 1, -1, -0.7853981633974483, 1.4142135623730951
789, 47, 271, 65, 270, 66, 1, -1, -0.7853981633974483, 1.4142135623730951
790, 10, 291, 51, 290, 52, 1, -1, -0.7853981633974483, 1.4142135623730951
790, 22, 308, 43, 307, 44, 1, -1, -0.7853981633974483, 1.4142135623730951
790, 27, 207, 174, 206, 175, 1, -1, -0.7853981633974483, 1.4142135623730951
790, 37, 62, 60, 61, 59, 1, 1, 0.7853981633974483, 1.4142135623730951
790, 46, 122, 41, 123, 39, -1, 2, 2.0344439357957027, 2.23606797749979
791, 9, 224, 173, 223, 174, 1, -1, -0.7853981633974483, 1.4142135623730951
791, 27, 208, 173, 207, 174, 1, -1, -0.7853981633974483, 1.4142135623730951
791, 35, 152, 63, 151, 64, 1, -1, -0.7853981633974483, 1.4142135623730951
792, 7, 225, 172, 224, 173, 1, -1, -0.7853981633974483, 1.4142135623730951
792, 19, 147, 171, 146, 172, 1, -1, -0.7853981633974483, 1.4142135623730951
792, 30, 236, 197, 235, 198, 1, -1, -0.7853981633974483, 1.4142135623730951
792, 31, 194, 62, 193, 63, 1, -1, -0.7853981633974483, 1.4142135623730951
792, 42, 124, 41, 122, 41, 2, 0, 0.0, 2.0
792, 47, 275, 65, 274, 66, 1, -1, -0.7853981633974483, 1.4142135623730951
793, 12, 164, 175, 163, 176, 1, -1, -0.7853981633974483, 1.4142135623730951
793, 18, 148, 170, 147, 171, 1, -1, -0.7853981633974483, 1.4142135623730951
793, 46, 72, 177, 71, 178, 1, -1, -0.7853981633974483, 1.4142135623730951
794, 3, 263, 169, 262, 170, 1, -1, -0.7853981633974483, 1.4142135623730951
794, 7, 226, 171, 225, 172, 1, -1, -0.7853981633974483, 1.4142135623730951
794, 15, 44, 97, 43, 98, 1, -1, -0.7853981633974483, 1.4142135623730951
794, 24, 241, 48, 240, 49, 1, -1, -0.7853981633974483, 1.4142135623730951
794, 28, 238, 196, 237, 197, 1, -1, -0.7853981633974483, 1.4142135623730951
794, 29, 195, 61, 194, 62, 1, -1, -0.7853981633974483, 1.4142135623730951
795, 4, 264, 171, 263, 172, 1, -1, -0.7853981633974483, 1.4142135623730951
795, 10, 206, 200, 205, 201, 1, -1, -0.7853981633974483, 1.4142135623730951
795, 30, 310, 44, 309, 45, 1, -1, -0.7853981633974483, 1.4142135623730951
795, 38, 166, 188, 165, 189, 1, -1, -0.7853981633974483, 1.4142135623730951
795, 42, 244, 50, 243, 51, 1, -1, -0.7853981633974483, 1.4142135623730951
795, 45, 257, 199, 256, 200, 1, -1, -0.7853981633974483, 1.4142135623730951
795, 53, 270, 53, 269, 54, 1, -1, -0.7853981633974483, 1.4142135623730951
795, 55, 51, 187, 50, 188, 1, -1, -0.7853981633974483, 1.4142135623730951
796, 2, 225, 51, 224, 52, 1, -1, -0.7853981633974483, 1.4142135623730951
796, 9, 296, 51, 294, 52, 2, -1, -0.4636476090008061, 2.23606797749979
796, 17, 47, 99, 46, 100, 1, -1, -0.7853981633974483, 1.4142135623730951
796, 30, 311, 43, 310, 44, 1, -1, -0.7853981633974483, 1.4142135623730951
796, 46, 47, 145, 45, 146, 2, -1, -0.4636476090008061, 2.23606797749979
796, 52, 271, 52, 270, 53, 1, -1, -0.7853981633974483, 1.4142135623730951
796, 54, 53, 186, 51, 187, 2, -1, -0.4636476090008061, 2.23606797749979
797, 9, 297, 50, 296, 51, 1, -1, -0.7853981633974483, 1.4142135623730951
797, 12, 165, 173, 164, 174, 1, -1, -0.7853981633974483, 1.4142135623730951
797, 19, 255, 66, 254, 67, 1, -1, -0.7853981633974483, 1.4142135623730951
797, 33, 277, 67, 276, 68, 1, -1, -0.7853981633974483, 1.4142135623730951
797, 45, 258, 197, 257, 198, 1, -1, -0.7853981633974483, 1.4142135623730951
797, 46, 48, 144, 47, 145, 1, -1, -0.7853981633974483, 1.4142135623730951
797, 54, 55, 185, 53, 186, 2, -1, -0.4636476090008061, 2.23606797749979
798, 9, 298, 49, 297, 50, 1, -1, -0.7853981633974483, 1.4142135623730951
798, 29, 312, 42, 311, 43, 1, -1, -0.7853981633974483, 1.4142135623730951
798, 43, 50, 144, 48, 144, 2, 0, 0.0, 2.0
798, 49, 272, 50, 271, 51, 1, -1, -0.7853981633974483, 1.4142135623730951
798, 51, 56, 184, 55, 185, 1, -1, -0.7853981633974483, 1.4142135623730951
798, 54, 197, 63, 196, 64, 1, -1, -0.7853981633974483, 1.4142135623730951
799, 9, 299, 48, 298, 49, 1, -1, -0.7853981633974483, 1.4142135623730951
799, 15, 93, 156, 92, 157, 1, -1, -0.7853981633974483, 1.4142135623730951
799, 28, 211, 172, 210, 173, 1, -1, -0.7853981633974483, 1.4142135623730951
799, 36, 167, 185, 166, 186, 1, -1, -0.7853981633974483, 1.4142135623730951
799, 39, 245, 49, 244, 48, 1, 1, 0.7853981633974483, 1.4142135623730951
799, 42, 52, 143, 50, 144, 2, -1, -0.4636476090008061, 2.23606797749979
800, 0, 290, 36, 289, 37, 1, -1, -0.7853981633974483, 1.4142135623730951
800, 2, 227, 52, 226, 53, 1, -1, -0.7853981633974483, 1.4142135623730951
800, 5, 230, 175, 229, 176, 1, -1, -0.7853981633974483, 1.4142135623730951
800, 8, 120, 31, 119, 32, 1, -1, -0.7853981633974483, 1.4142135623730951
800, 14, 294, 52, 293, 53, 1, -1, -0.7853981633974483, 1.4142135623730951
800, 45, 200, 63, 199, 64, 1, -1, -0.7853981633974483, 1.4142135623730951
800, 50, 273, 52, 272, 53, 1, -1, -0.7853981633974483, 1.4142135623730951
801, 0, 291, 35, 290, 36, 1, -1, -0.7853981633974483, 1.4142135623730951
801, 10, 209, 199, 208, 200, 1, -1, -0.7853981633974483, 1.4142135623730951
801, 40, 105, 163, 104, 164, 1, -1, -0.7853981633974483, 1.4142135623730951
801, 50, 277, 68, 276, 67, 1, 1, 0.7853981633974483, 1.4142135623730951
802, 2, 228, 51, 227, 52, 1, -1, -0.7853981633974483, 1.4142135623730951
802, 14, 296, 51, 295, 52, 1, -1, -0.7853981633974483, 1.4142135623730951
802, 44, 201, 61, 200, 62, 1, -1, -0.7853981633974483, 1.4142135623730951
802, 49, 274, 50, 273, 51, 1, -1, -0.7853981633974483, 1.4142135623730951
802, 50, 278, 69, 277, 68, 1, 1, 0.7853981633974483, 1.4142135623730951
803, 5, 269, 171, 268, 172, 1, -1, -0.7853981633974483, 1.4142135623730951
803, 8, 210, 198, 209, 199, 1, -1, -0.7853981633974483, 1.4142135623730951
803, 42, 202, 60, 201, 61, 1, -1, -0.7853981633974483, 1.4142135623730951
803, 43, 315, 43, 314, 44, 1, -1, -0.7853981633974483, 1.4142135623730951
804, 1, 229, 50, 228, 51, 1, -1, -0.7853981633974483, 1.4142135623730951
804, 3, 168, 172, 167, 173, 1, -1, -0.7853981633974483, 1.4142135623730951
804, 10, 299, 50, 297, 51, 2, -1, -0.4636476090008061, 2.23606797749979
804, 13, 183, 60, 182, 61, 1, -1, -0.7853981633974483, 1.4142135623730951
804, 16, 150, 172, 149, 173, 1, -1, -0.7853981633974483, 1.4142135623730951
804, 26, 124, 183, 124, 186, 0, -3, -1.5707963267948966, 3.0
804, 29, 168, 185, 167, 186, 1, -1, -0.7853981633974483, 1.4142135623730951
804, 36, 217, 187, 216, 188, 1, -1, -0.7853981633974483, 1.4142135623730951
804, 46, 45, 143, 44, 144, 1, -1, -0.7853981633974483, 1.4142135623730951
805, 2, 292, 37, 291, 38, 1, -1, -0.7853981633974483, 1.4142135623730951
805, 5, 270, 170, 269, 171, 1, -1, -0.7853981633974483, 1.4142135623730951
805, 15, 212, 201, 210, 202, 2, -1, -0.4636476090008061, 2.23606797749979
805, 16, 158, 200, 157, 201, 1, -1, -0.7853981633974483, 1.4142135623730951
805, 19, 259, 66, 258, 67, 1, -1, -0.7853981633974483, 1.4142135623730951
805, 25, 242, 199, 241, 200, 1, -1, -0.7853981633974483, 1.4142135623730951
805, 28, 153, 173, 152, 174, 1, -1, -0.7853981633974483, 1.4142135623730951
805, 37, 317, 44, 315, 44, 2, 0, 0.0, 2.0
806, 29, 23, 61, 22, 62, 1, -1, -0.7853981633974483, 1.4142135623730951
807, 31, 69, 63, 68, 64, 1, -1, -0.7853981633974483, 1.4142135623730951
807, 41, 202, 62, 201, 63, 1, -1, -0.7853981633974483, 1.4142135623730951
807, 45, 277, 198, 276, 199, 1, -1, -0.7853981633974483, 1.4142135623730951
808, 11, 303, 52, 302, 53, 1, -1, -0.7853981633974483, 1.4142135623730951
808, 22, 243, 197, 242, 198, 1, -1, -0.7853981633974483, 1.4142135623730951
809, 0, 230, 52, 229, 53, 1, -1, -0.7853981633974483, 1.4142135623730951
809, 1, 293, 36, 292, 37, 1, -1, -0.7853981633974483, 1.4142135623730951
809, 19, 216, 173, 215, 174, 1, -1, -0.7853981633974483, 1.4142135623730951
809, 20, 36, 197, 35, 198, 1, -1, -0.7853981633974483, 1.4142135623730951
809, 23, 65, 198, 67, 199, -2, -1, -2.677945044588987, 2.23606797749979
809, 28, 62, 139, 61, 140, 1, -1, -0.7853981633974483, 1.4142135623730951
809, 36, 132, 41, 131, 42, 1, -1, -0.7853981633974483, 1.4142135623730951
810, 4, 272, 169, 271, 171, 1, -2, -1.1071487177940904, 2.23606797749979
810, 6, 235, 174, 234, 175, 1, -1, -0.7853981633974483, 1.4142135623730951
810, 23, 281, 66, 280, 68, 1, -2, -1.1071487177940904, 2.23606797749979
810, 39, 217, 174, 216, 175, 1, -1, -0.7853981633974483, 1.4142135623730951
811, 3, 273, 168, 272, 169, 1, -1, -0.7853981633974483, 1.4142135623730951
811, 5, 236, 173, 235, 174, 1, -1, -0.7853981633974483, 1.4142135623730951
811, 6, 319, 42, 318, 43, 1, -1, -0.7853981633974483, 1.4142135623730951
811, 21, 282, 65, 281, 66, 1, -1, -0.7853981633974483, 1.4142135623730951
811, 27, 231, 199, 230, 200, 1, -1, -0.7853981633974483, 1.4142135623730951
811, 32, 155, 172, 154, 173, 1, -1, -0.7853981633974483, 1.4142135623730951
811, 38, 68, 62, 67, 63, 1, -1, -0.7853981633974483, 1.4142135623730951
812, 0, 232, 51, 231, 52, 1, -1, -0.7853981633974483, 1.4142135623730951
812, 3, 274, 167, 273, 168, 1, -1, -0.7853981633974483, 1.4142135623730951
812, 5, 237, 172, 236, 173, 1, -1, -0.7853981633974483, 1.4142135623730951
812, 12, 305, 52, 304, 53, 1, -1, -0.7853981633974483, 1.4142135623730951
812, 20, 283, 64, 282, 65, 1, -1, -0.7853981633974483, 1.4142135623730951
812, 31, 156, 171, 155, 172, 1, -1, -0.7853981633974483, 1.4142135623730951
813, 0, 233, 50, 232, 51, 1, -1, -0.7853981633974483, 1.4142135623730951
813, 3, 275, 166, 274, 167, 1, -1, -0.7853981633974483, 1.4142135623730951
813, 11, 306, 51, 305, 52, 1, -1, -0.7853981633974483, 1.4142135623730951
813, 21, 157, 65, 158, 64, -1, 1, 2.356194490192345, 1.4142135623730951
813, 32, 31, 64, 29, 63, 2, 1, 0.4636476090008061, 2.23606797749979
813, 43, 263, 66, 262, 67, 1, -1, -0.7853981633974483, 1.4142135623730951
813, 45, 90, 72, 92, 73, -2, -1, -2.677945044588987, 2.23606797749979
813, 47, 145, 49, 144, 50, 1, -1, -0.7853981633974483, 1.4142135623730951
814, 3, 276, 163, 275, 166, 1, -3, -1.2490457723982544, 3.1622776601683795
814, 11, 307, 50, 306, 51, 1, -1, -0.7853981633974483, 1.4142135623730951
814, 15, 52, 95, 51, 96, 1, -1, -0.7853981633974483, 1.4142135623730951
814, 32, 33, 64, 31, 64, 2, 0, 0.0, 2.0
814, 37, 173, 185, 172, 186, 1, -1, -0.7853981633974483, 1.4142135623730951
814, 47, 146, 48, 145, 49, 1, -1, -0.7853981633974483, 1.4142135623730951
815, 10, 307, 52, 306, 53, 1, -1, -0.7853981633974483, 1.4142135623730951
815, 24, 254, 54, 253, 55, 1, -1, -0.7853981633974483, 1.4142135623730951
816, 8, 239, 175, 238, 176, 1, -1, -0.7853981633974483, 1.4142135623730951
816, 12, 174, 172, 173, 173, 1, -1, -0.7853981633974483, 1.4142135623730951
816, 21, 208, 64, 207, 65, 1, -1, -0.7853981633974483, 1.4142135623730951
816, 27, 100, 187, 99, 188, 1, -1, -0.7853981633974483, 1.4142135623730951
816, 29, 219, 173, 218, 174, 1, -1, -0.7853981633974483, 1.4142135623730951
816, 34, 134, 69, 137, 70, -3, -1, -2.819842099193151, 3.1622776601683795
816, 35, 66, 56, 65, 57, 1, -1, -0.7853981633974483, 1.4142135623730951
816, 55, 224, 186, 223, 187, 1, -1, -0.7853981633974483, 1.4142135623730951
817, 1, 297, 36, 296, 37, 1, -1, -0.7853981633974483, 1.4142135623730951
817, 38, 266, 66, 265, 67, 1, -1, -0.7853981633974483, 1.4142135623730951
818, 8, 240, 173, 239, 174, 1, -1, -0.7853981633974483, 1.4142135623730951
818, 23, 256, 52, 255, 53, 1, -1, -0.7853981633974483, 1.4142135623730951
818, 44, 255, 166, 253, 168, 2, -2, -0.7853981633974483, 2.8284271247461903
818, 48, 51, 144, 50, 145, 1, -1, -0.7853981633974483, 1.4142135623730951
818, 52, 100, 198, 99, 199, 1, -1, -0.7853981633974483, 1.4142135623730951
818, 53, 226, 185, 225, 186, 1, -1, -0.7853981633974483, 1.4142135623730951
818, 57, 234, 198, 233, 199, 1, -1, -0.7853981633974483, 1.4142135623730951
819, 3, 277, 168, 276, 169, 1, -1, -0.7853981633974483, 1.4142135623730951
819, 8, 241, 172, 240, 173, 1, -1, -0.7853981633974483, 1.4142135623730951
819, 12, 175, 171, 174, 172, 1, -1, -0.7853981633974483, 1.4142135623730951
819, 17, 33, 197, 32, 198, 1, -1, -0.7853981633974483, 1.4142135623730951
819, 40, 58, 160, 57, 161, 1, -1, -0.7853981633974483, 1.4142135623730951
819, 56, 235, 197, 234, 198, 1, -1, -0.7853981633974483, 1.4142135623730951
820, 3, 278, 169, 277, 170, 1, -1, -0.7853981633974483, 1.4142135623730951
820, 7, 150, 200, 149, 201, 1, -1, -0.7853981633974483, 1.4142135623730951
820, 11, 306, 53, 305, 54, 1, -1, -0.7853981633974483, 1.4142135623730951
820, 25, 288, 68, 286, 68, 2, 0, 0.0, 2.0
820, 52, 150, 50, 149, 51, 1, -1, -0.7853981633974483, 1.4142135623730951
821, 22, 239, 173, 238, 174, 1, -1, -0.7853981633974483, 1.4142135623730951
821, 24, 219, 200, 218, 201, 1, -1, -0.7853981633974483, 1.4142135623730951
821, 49, 284, 51, 283, 52, 1, -1, -0.7853981633974483, 1.4142135623730951
821, 51, 151, 49, 150, 50, 1, -1, -0.7853981633974483, 1.4142135623730951
822, 3, 237, 51, 236, 52, 1, -1, -0.7853981633974483, 1.4142135623730951
822, 5, 151, 199, 150, 200, 1, -1, -0.7853981633974483, 1.4142135623730951
822, 11, 173, 36, 172, 37, 1, -1, -0.7853981633974483, 1.4142135623730951
822, 20, 240, 172, 239, 173, 1, -1, -0.7853981633974483, 1.4142135623730951
822, 28, 209, 64, 208, 65, 1, -1, -0.7853981633974483, 1.4142135623730951
822, 31, 236, 198, 235, 199, 1, -1, -0.7853981633974483, 1.4142135623730951
822, 33, 270, 66, 269, 67, 1, -1, -0.7853981633974483, 1.4142135623730951
822, 41, 78, 180, 77, 181, 1, -1, -0.7853981633974483, 1.4142135623730951
823, 5, 152, 198, 151, 199, 1, -1, -0.7853981633974483, 1.4142135623730951
823, 6, 56, 96, 55, 97, 1, -1, -0.7853981633974483, 1.4142135623730951
823, 18, 73, 61, 72, 62, 1, -1, -0.7853981633974483, 1.4142135623730951
823, 22, 220, 198, 219, 199, 1, -1, -0.7853981633974483, 1.4142135623730951
823, 26, 249, 195, 248, 196, 1, -1, -0.7853981633974483, 1.4142135623730951
823, 36, 258, 50, 257, 51, 1, -1, -0.7853981633974483, 1.4142135623730951
823, 45, 285, 50, 284, 51, 1, -1, -0.7853981633974483, 1.4142135623730951
824, 8, 34, 198, 33, 199, 1, -1, -0.7853981633974483, 1.4142135623730951
824, 9, 309, 52, 308, 53, 1, -1, -0.7853981633974483, 1.4142135623730951
824, 20, 241, 171, 240, 172, 1, -1, -0.7853981633974483, 1.4142135623730951
824, 21, 101, 184, 100, 185, 1, -1, -0.7853981633974483, 1.4142135623730951
824, 23, 290, 68, 288, 69, 2, -1, -0.4636476090008061, 2.23606797749979
824, 26, 251, 194, 249, 195, 2, -1, -0.4636476090008061, 2.23606797749979
824, 28, 210, 62, 209, 63, 1, -1, -0.7853981633974483, 1.4142135623730951
824, 32, 164, 61, 163, 62, 1, -1, -0.7853981633974483, 1.4142135623730951
824, 45, 283, 50, 285, 50, -2, 0, 3.141592653589793, 2.0
825, 0, 301, 37, 300, 38, 1, -1, -0.7853981633974483, 1.4142135623730951
825, 3, 280, 168, 279, 169, 1, -1, -0.7853981633974483, 1.4142135623730951
825, 5, 240, 52, 239, 53, 1, -1, -0.7853981633974483, 1.4142135623730951
825, 10, 313, 52, 312, 53, 1, -1, -0.7853981633974483, 1.4142135623730951
825, 11, 175, 36, 174, 37, 1, -1, -0.7853981633974483, 1.4142135623730951
825, 26, 252, 198, 251, 199, 1, -1, -0.7853981633974483, 1.4142135623730951
825, 41, 14, 173, 13, 174, 1, -1, -0.7853981633974483, 1.4142135623730951
825, 50, 106, 31, 105, 32, 1, -1, -0.7853981633974483, 1.4142135623730951
825, 59, 162, 173, 161, 174, 1, -1, -0.7853981633974483, 1.4142135623730951
826, 2, 127, 76, 128, 78, -1, -2, -2.0344439357957027, 2.23606797749979
826, 3, 281, 166, 280, 168, 1, -2, -1.1071487177940904, 2.23606797749979
826, 17, 222, 199, 221, 200, 1, -1, -0.7853981633974483, 1.4142135623730951
826, 20, 270, 67, 269, 68, 1, -1, -0.7853981633974483, 1.4142135623730951
826, 26, 253, 197, 252, 198, 1, -1, -0.7853981633974483, 1.4142135623730951
826, 32, 165, 63, 164, 64, 1, -1, -0.7853981633974483, 1.4142135623730951
826, 49, 117, 31, 106, 31, 11, 0, 0.0, 11.0
826, 58, 163, 172, 162, 173, 1, -1, -0.7853981633974483, 1.4142135623730951
827, 0, 302, 36, 301, 37, 1, -1, -0.7853981633974483, 1.4142135623730951
827, 3, 282, 165, 281, 166, 1, -1, -0.7853981633974483, 1.4142135623730951
827, 5, 242, 51, 241, 52, 1, -1, -0.7853981633974483, 1.4142135623730951
827, 36, 122, 180, 121, 181, 1, -1, -0.7853981633974483, 1.4142135623730951
827, 38, 230, 187, 229, 188, 1, -1, -0.7853981633974483, 1.4142135623730951
827, 42, 287, 53, 286, 54, 1, -1, -0.7853981633974483, 1.4142135623730951
827, 57, 291, 63, 290, 65, 1, -2, -1.1071487177940904, 2.23606797749979
828, 0, 303, 35, 302, 36, 1, -1, -0.7853981633974483, 1.4142135623730951
828, 2, 280, 164, 282, 165, -2, -1, -2.677945044588987, 2.23606797749979
828, 6, 180, 175, 179, 176, 1, -1, -0.7853981633974483, 1.4142135623730951
828, 11, 197, 64, 196, 65, 1, -1, -0.7853981633974483, 1.4142135623730951
828, 13, 162, 39, 161, 40, 1, -1, -0.7853981633974483, 1.4142135623730951
828, 16, 224, 198, 223, 199, 1, -1, -0.7853981633974483, 1.4142135623730951
828, 18, 96, 158, 95, 159, 1, -1, -0.7853981633974483, 1.4142135623730951
828, 27, 225, 172, 224, 173, 1, -1, -0.7853981633974483, 1.4142135623730951
828, 29, 179, 184, 178, 186, 1, -2, -1.1071487177940904, 2.23606797749979
828, 36, 46, 88, 44, 89, 2, -1, -0.4636476090008061, 2.23606797749979
828, 42, 32, 74, 31, 75, 1, -1, -0.7853981633974483, 1.4142135623730951
828, 45, 58, 162, 57, 163, 1, -1, -0.7853981633974483, 1.4142135623730951
828, 48, 118, 30, 117, 31, 1, -1, -0.7853981633974483, 1.4142135623730951
829, 5, 244, 171, 243, 172, 1, -1, -0.7853981633974483, 1.4142135623730951
829, 28, 101, 182, 101, 184, 0, -2, -1.5707963267948966, 2.0
829, 29, 181, 184, 179, 184, 2, 0, 0.0, 2.0
829, 42, 30, 74, 32, 74, -2, 0, 3.141592653589793, 2.0
829, 47, 82, 179, 80, 180, 2, -1, -0.4636476090008061, 2.23606797749979
830, 2, 304, 37, 303, 38, 1, -1, -0.7853981633974483, 1.4142135623730951
830, 3, 243, 52, 242, 53, 1, -1, -0.7853981633974483, 1.4142135623730951
830, 5, 285, 168, 284, 169, 1, -1, -0.7853981633974483, 1.4142135623730951
830, 9, 246, 173, 245, 174, 1, -1, -0.7853981633974483, 1.4142135623730951
830, 11, 227, 174, 226, 175, 1, -1, -0.7853981633974483, 1.4142135623730951
830, 25, 224, 200, 223, 201, 1, -1, -0.7853981633974483, 1.4142135623730951
830, 41, 47, 36, 46, 37, 1, -1, -0.7853981633974483, 1.4142135623730951
831, 1, 305, 36, 304, 37, 1, -1, -0.7853981633974483, 1.4142135623730951
831, 2, 244, 51, 243, 52, 1, -1, -0.7853981633974483, 1.4142135623730951
831, 8, 247, 172, 246, 173, 1, -1, -0.7853981633974483, 1.4142135623730951
831, 9, 316, 52, 315, 53, 1, -1, -0.7853981633974483, 1.4142135623730951
832, 4, 286, 166, 285, 167, 1, -1, -0.7853981633974483, 1.4142135623730951
832, 9, 317, 51, 316, 52, 1, -1, -0.7853981633974483, 1.4142135623730951
832, 19, 109, 61, 108, 62, 1, -1, -0.7853981633974483, 1.4142135623730951
832, 24, 225, 198, 224, 199, 1, -1, -0.7853981633974483, 1.4142135623730951
832, 45, 183, 187, 182, 188, 1, -1, -0.7853981633974483, 1.4142135623730951
832, 47, 167, 62, 166, 63, 1, -1, -0.7853981633974483, 1.4142135623730951
832, 54, 57, 145, 56, 146, 1, -1, -0.7853981633974483, 1.4142135623730951
833, 2, 245, 49, 244, 50, 1, -1, -0.7853981633974483, 1.4142135623730951
833, 4, 287, 165, 286, 166, 1, -1, -0.7853981633974483, 1.4142135623730951
833, 22, 165, 172, 164, 173, 1, -1, -0.7853981633974483, 1.4142135623730951
833, 26, 289, 67, 288, 68, 1, -1, -0.7853981633974483, 1.4142135623730951
833, 44, 184, 186, 183, 187, 1, -1, -0.7853981633974483, 1.4142135623730951
834, 8, 248, 170, 247, 171, 1, -1, -0.7853981633974483, 1.4142135623730951
834, 9, 319, 50, 318, 51, 1, -1, -0.7853981633974483, 1.4142135623730951
834, 13, 135, 62, 134, 63, 1, -1, -0.7853981633974483, 1.4142135623730951
834, 25, 290, 66, 289, 67, 1, -1, -0.7853981633974483, 1.4142135623730951
835, 4, 183, 173, 182, 174, 1, -1, -0.7853981633974483, 1.4142135623730951
835, 6, 288, 169, 287, 170, 1, -1, -0.7853981633974483, 1.4142135623730951
835, 12, 315, 53, 314, 54, 1, -1, -0.7853981633974483, 1.4142135623730951
835, 17, 229, 173, 228, 174, 1, -1, -0.7853981633974483, 1.4142135623730951
835, 39, 290, 68, 293, 68, -3, 0, 3.141592653589793, 3.0
835, 43, 292, 53, 291, 54, 1, -1, -0.7853981633974483, 1.4142135623730951
836, 3, 184, 172, 183, 173, 1, -1, -0.7853981633974483, 1.4142135623730951
836, 33, 157, 63, 156, 64, 1, -1, -0.7853981633974483, 1.4142135623730951
836, 36, 277, 68, 275, 69, 2, -1, -0.4636476090008061, 2.23606797749979
836, 37, 292, 67, 290, 68, 2, -1, -0.4636476090008061, 2.23606797749979
836, 42, 244, 200, 243, 199, 1, 1, 0.7853981633974483, 1.4142135623730951
836, 43, 59, 146, 58, 147, 1, -1, -0.7853981633974483, 1.4142135623730951
836, 45, 263, 55, 262, 54, 1, 1, 0.7853981633974483, 1.4142135623730951
837, 5, 290, 168, 289, 169, 1, -1, -0.7853981633974483, 1.4142135623730951
837, 18, 248, 172, 247, 173, 1, -1, -0.7853981633974483, 1.4142135623730951
837, 22, 235, 189, 234, 188, 1, 1, 0.7853981633974483, 1.4142135623730951
837, 34, 294, 67, 292, 67, 2, 0, 0.0, 2.0
838, 0, 247, 52, 245, 53, 2, -1, -0.4636476090008061, 2.23606797749979
838, 1, 306, 37, 305, 38, 1, -1, -0.7853981633974483, 1.4142135623730951
838, 18, 249, 171, 248, 172, 1, -1, -0.7853981633974483, 1.4142135623730951
838, 19, 168, 172, 167, 173, 1, -1, -0.7853981633974483, 1.4142135623730951
838, 34, 295, 68, 294, 67, 1, 1, 0.7853981633974483, 1.4142135623730951
838, 36, 294, 50, 292, 51, 2, -1, -0.4636476090008061, 2.23606797749979
839, 3, 189, 171, 186, 172, 3, -1, -0.3217505543966422, 3.1622776601683795
839, 35, 167, 62, 168, 61, -1, 1, 2.356194490192345, 1.4142135623730951
840, 22, 130, 84, 131, 83, -1, 1, 2.356194490192345, 1.4142135623730951
840, 32, 36, 75, 35, 76, 1, -1, -0.7853981633974483, 1.4142135623730951
840, 35, 232, 173, 231, 174, 1, -1, -0.7853981633974483, 1.4142135623730951
841, 0, 290, 167, 289, 168, 1, -1, -0.7853981633974483, 1.4142135623730951
841, 6, 181, 37, 180, 38, 1, -1, -0.7853981633974483, 1.4142135623730951
841, 9, 251, 171, 250, 172, 1, -1, -0.7853981633974483, 1.4142135623730951
841, 25, 142, 40, 141, 41, 1, -1, -0.7853981633974483, 1.4142135623730951
841, 30, 38, 74, 36, 75, 2, -1, -0.4636476090008061, 2.23606797749979
841, 35, 246, 199, 245, 200, 1, -1, -0.7853981633974483, 1.4142135623730951
841, 38, 101, 71, 100, 72, 1, -1, -0.7853981633974483, 1.4142135623730951
842, 0, 291, 166, 290, 167, 1, -1, -0.7853981633974483, 1.4142135623730951
842, 9, 252, 170, 251, 171, 1, -1, -0.7853981633974483, 1.4142135623730951
842, 17, 280, 67, 279, 68, 1, -1, -0.7853981633974483, 1.4142135623730951
842, 24, 107, 184, 106, 185, 1, -1, -0.7853981633974483, 1.4142135623730951
842, 30, 39, 73, 38, 74, 1, -1, -0.7853981633974483, 1.4142135623730951
842, 54, 296, 50, 295, 51, 1, -1, -0.7853981633974483, 1.4142135623730951
842, 55, 158, 49, 157, 50, 1, -1, -0.7853981633974483, 1.4142135623730951
842, 59, 300, 66, 299, 67, 1, -1, -0.7853981633974483, 1.4142135623730951
843, 8, 253, 169, 252, 170, 1, -1, -0.7853981633974483, 1.4142135623730951
843, 11, 137, 30, 133, 31, 4, -1, -0.24497866312686414, 4.123105625617661
843, 16, 281, 66, 280, 67, 1, -1, -0.7853981633974483, 1.4142135623730951
843, 52, 295, 197, 294, 198, 1, -1, -0.7853981633974483, 1.4142135623730951
844, 15, 282, 65, 281, 66, 1, -1, -0.7853981633974483, 1.4142135623730951
844, 44, 80, 199, 78, 201, 2, -2, -0.7853981633974483, 2.8284271247461903
844, 48, 296, 49, 295, 50, 1, -1, -0.7853981633974483, 1.4142135623730951
845, 2, 251, 52, 250, 53, 1, -1, -0.7853981633974483, 1.4142135623730951
845, 4, 311, 37, 310, 38, 1, -1, -0.7853981633974483, 1.4142135623730951
845, 24, 234, 173, 233, 174, 1, -1, -0.7853981633974483, 1.4142135623730951
845, 37, 73, 56, 72, 57, 1, -1, -0.7853981633974483, 1.4142135623730951
845, 43, 222, 63, 221, 64, 1, -1, -0.7853981633974483, 1.4142135623730951
845, 44, 299, 52, 298, 53, 1, -1, -0.7853981633974483, 1.4142135623730951
846, 0, 94, 83, 93, 84, 1, -1, -0.7853981633974483, 1.4142135623730951
846, 5, 295, 168, 294, 169, 1, -1, -0.7853981633974483, 1.4142135623730951
846, 8, 254, 172, 253, 173, 1, -1, -0.7853981633974483, 1.4142135623730951
846, 13, 187, 172, 186, 173, 1, -1, -0.7853981633974483, 1.4142135623730951
846, 30, 301, 66, 300, 67, 1, -1, -0.7853981633974483, 1.4142135623730951
846, 36, 74, 55, 73, 56, 1, -1, -0.7853981633974483, 1.4142135623730951
847, 1, 252, 50, 251, 51, 1, -1, -0.7853981633974483, 1.4142135623730951
847, 25, 175, 63, 174, 64, 1, -1, -0.7853981633974483, 1.4142135623730951
847, 30, 302, 65, 301, 66, 1, -1, -0.7853981633974483, 1.4142135623730951
847, 36, 75, 54, 74, 55, 1, -1, -0.7853981633974483, 1.4142135623730951
847, 42, 224, 62, 223, 63, 1, -1, -0.7853981633974483, 1.4142135623730951
848, 5, 296, 166, 295, 167, 1, -1, -0.7853981633974483, 1.4142135623730951
848, 7, 183, 35, 182, 36, 1, -1, -0.7853981633974483, 1.4142135623730951
848, 13, 188, 171, 187, 172, 1, -1, -0.7853981633974483, 1.4142135623730951
848, 19, 283, 68, 282, 69, 1, -1, -0.7853981633974483, 1.4142135623730951
848, 32, 78, 159, 77, 161, 1, -2, -1.1071487177940904, 2.23606797749979
849, 42, 16, 196, 18, 196, -2, 0, 3.141592653589793, 2.0
851, 1, 253, 52, 252, 53, 1, -1, -0.7853981633974483, 1.4142135623730951
851, 4, 207, 64, 206, 65, 1, -1, -0.7853981633974483, 1.4142135623730951
851, 16, 237, 173, 236, 174, 1, -1, -0.7853981633974483, 1.4142135623730951
851, 21, 257, 172, 256, 173, 1, -1, -0.7853981633974483, 1.4142135623730951
851, 50, 103, 80, 104, 78, -1, 2, 2.0344439357957027, 2.23606797749979
852, 1, 254, 51, 253, 52, 1, -1, -0.7853981633974483, 1.4142135623730951
852, 16, 238, 172, 237, 173, 1, -1, -0.7853981633974483, 1.4142135623730951
852, 20, 272, 53, 271, 54, 1, -1, -0.7853981633974483, 1.4142135623730951
852, 33, 234, 199, 233, 200, 1, -1, -0.7853981633974483, 1.4142135623730951
852, 48, 305, 67, 304, 68, 1, -1, -0.7853981633974483, 1.4142135623730951
853, 31, 175, 172, 174, 173, 1, -1, -0.7853981633974483, 1.4142135623730951
854, 0, 314, 36, 313, 37, 1, -1, -0.7853981633974483, 1.4142135623730951
854, 3, 298, 167, 297, 168, 1, -1, -0.7853981633974483, 1.4142135623730951
854, 5, 180, 199, 179, 200, 1, -1, -0.7853981633974483, 1.4142135623730951
854, 8, 190, 173, 189, 174, 1, -1, -0.7853981633974483, 1.4142135623730951
854, 27, 145, 39, 144, 40, 1, -1, -0.7853981633974483, 1.4142135623730951
854, 30, 237, 198, 235, 199, 2, -1, -0.4636476090008061, 2.23606797749979
854, 39, 285, 68, 283, 69, 2, -1, -0.4636476090008061, 2.23606797749979
854, 47, 104, 79, 103, 80, 1, -1, -0.7853981633974483, 1.4142135623730951
854, 51, 110, 198, 109, 199, 1, -1, -0.7853981633974483, 1.4142135623730951
855, 3, 299, 167, 298, 168, 1, -1, -0.7853981633974483, 1.4142135623730951
855, 15, 240, 173, 239, 174, 1, -1, -0.7853981633974483, 1.4142135623730951
855, 20, 306, 68, 304, 68, 2, 0, 0.0, 2.0
855, 31, 65, 187, 64, 188, 1, -1, -0.7853981633974483, 1.4142135623730951
855, 38, 272, 57, 271, 56, 1, 1, 0.7853981633974483, 1.4142135623730951
855, 54, 85, 181, 84, 182, 1, -1, -0.7853981633974483, 1.4142135623730951
855, 55, 290, 67, 289, 68, 1, -1, -0.7853981633974483, 1.4142135623730951
856, 10, 187, 37, 186, 38, 1, -1, -0.7853981633974483, 1.4142135623730951
856, 28, 40, 76, 39, 77, 1, -1, -0.7853981633974483, 1.4142135623730951
856, 38, 273, 58, 272, 57, 1, 1, 0.7853981633974483, 1.4142135623730951
856, 44, 176, 172, 175, 173, 1, -1, -0.7853981633974483, 1.4142135623730951
856, 49, 129, 182, 128, 183, 1, -1, -0.7853981633974483, 1.4142135623730951
856, 53, 86, 180, 85, 181, 1, -1, -0.7853981633974483, 1.4142135623730951
856, 54, 291, 66, 290, 67, 1, -1, -0.7853981633974483, 1.4142135623730951
857, 1, 318, 37, 317, 38, 1, -1, -0.7853981633974483, 1.4142135623730951
857, 6, 261, 172, 260, 173, 1, -1, -0.7853981633974483, 1.4142135623730951
857, 20, 308, 69, 307, 68, 1, 1, 0.7853981633974483, 1.4142135623730951
857, 31, 67, 186, 65, 187, 2, -1, -0.4636476090008061, 2.23606797749979
857, 36, 60, 174, 62, 173, -2, 1, 2.677945044588987, 2.23606797749979
857, 49, 130, 181, 129, 182, 1, -1, -0.7853981633974483, 1.4142135623730951
858, 1, 319, 36, 318, 37, 1, -1, -0.7853981633974483, 1.4142135623730951
858, 23, 40, 198, 42, 198, -2, 0, 3.141592653589793, 2.0
858, 27, 41, 74, 40, 75, 1, -1, -0.7853981633974483, 1.4142135623730951
858, 36, 179, 63, 178, 64, 1, -1, -0.7853981633974483, 1.4142135623730951
858, 39, 22, 169, 21, 170, 1, -1, -0.7853981633974483, 1.4142135623730951
858, 47, 131, 182, 130, 181, 1, 1, 0.7853981633974483, 1.4142135623730951
859, 9, 188, 35, 187, 36, 1, -1, -0.7853981633974483, 1.4142135623730951
859, 15, 68, 159, 66, 159, 2, 0, 0.0, 2.0
859, 17, 148, 38, 147, 39, 1, -1, -0.7853981633974483, 1.4142135623730951
859, 22, 226, 63, 225, 64, 1, -1, -0.7853981633974483, 1.4142135623730951
859, 45, 133, 182, 131, 182, 2, 0, 0.0, 2.0
859, 47, 90, 179, 88, 180, 2, -1, -0.4636476090008061, 2.23606797749979
860, 7, 302, 167, 301, 168, 1, -1, -0.7853981633974483, 1.4142135623730951
861, 4, 260, 53, 259, 54, 1, -1, -0.7853981633974483, 1.4142135623730951
861, 5, 262, 170, 261, 171, 1, -1, -0.7853981633974483, 1.4142135623730951
862, 1, 195, 173, 194, 174, 1, -1, -0.7853981633974483, 1.4142135623730951
862, 5, 260, 170, 262, 170, -2, 0, 3.141592653589793, 2.0
862, 7, 304, 166, 303, 167, 1, -1, -0.7853981633974483, 1.4142135623730951
862, 9, 189, 37, 188, 38, 1, -1, -0.7853981633974483, 1.4142135623730951
862, 27, 239, 200, 238, 201, 1, -1, -0.7853981633974483, 1.4142135623730951
863, 1, 196, 172, 195, 173, 1, -1, -0.7853981633974483, 1.4142135623730951
863, 4, 261, 51, 260, 52, 1, -1, -0.7853981633974483, 1.4142135623730951
863, 7, 305, 165, 304, 166, 1, -1, -0.7853981633974483, 1.4142135623730951
863, 40, 123, 146, 122, 147, 1, -1, -0.7853981633974483, 1.4142135623730951
864, 1, 198, 171, 196, 172, 2, -1, -0.4636476090008061, 2.23606797749979
864, 4, 262, 50, 261, 51, 1, -1, -0.7853981633974483, 1.4142135623730951
864, 12, 168, 196, 167, 198, 1, -2, -1.1071487177940904, 2.23606797749979
864, 27, 148, 184, 147, 185, 1, -1, -0.7853981633974483, 1.4142135623730951
864, 33, 181, 61, 180, 62, 1, -1, -0.7853981633974483, 1.4142135623730951
864, 36, 79, 163, 80, 162, -1, 1, 2.356194490192345, 1.4142135623730951
864, 41, 81, 189, 80, 190, 1, -1, -0.7853981633974483, 1.4142135623730951
864, 46, 227, 187, 226, 188, 1, -1, -0.7853981633974483, 1.4142135623730951
865, 11, 186, 200, 185, 201, 1, -1, -0.7853981633974483, 1.4142135623730951
865, 13, 170, 200, 169, 201, 1, -1, -0.7853981633974483, 1.4142135623730951
865, 16, 310, 68, 309, 69, 1, -1, -0.7853981633974483, 1.4142135623730951
865, 24, 269, 198, 268, 199, 1, -1, -0.7853981633974483, 1.4142135623730951
865, 31, 291, 69, 290, 70, 1, -1, -0.7853981633974483, 1.4142135623730951
866, 11, 187, 199, 186, 200, 1, -1, -0.7853981633974483, 1.4142135623730951
866, 12, 70, 93, 69, 94, 1, -1, -0.7853981633974483, 1.4142135623730951
866, 16, 262, 168, 260, 170, 2, -2, -0.7853981633974483, 2.8284271247461903
866, 37, 246, 171, 245, 173, 1, -2, -1.1071487177940904, 2.23606797749979
866, 47, 231, 63, 230, 64, 1, -1, -0.7853981633974483, 1.4142135623730951
867, 0, 262, 54, 261, 55, 1, -1, -0.7853981633974483, 1.4142135623730951
867, 16, 265, 166, 262, 168, 3, -2, -0.5880026035475675, 3.605551275463989
867, 29, 290, 70, 291, 69, -1, 1, 2.356194490192345, 1.4142135623730951
867, 32, 181, 172, 180, 173, 1, -1, -0.7853981633974483, 1.4142135623730951
867, 35, 247, 170, 246, 171, 1, -1, -0.7853981633974483, 1.4142135623730951
867, 44, 317, 40, 316, 41, 1, -1, -0.7853981633974483, 1.4142135623730951
868, 0, 263, 53, 262, 54, 1, -1, -0.7853981633974483, 1.4142135623730951
868, 2, 215, 63, 214, 64, 1, -1, -0.7853981633974483, 1.4142135623730951
868, 4, 307, 166, 305, 167, 2, -1, -0.4636476090008061, 2.23606797749979
868, 7, 178, 38, 177, 39, 1, -1, -0.7853981633974483, 1.4142135623730951
868, 14, 268, 165, 265, 166, 3, -1, -0.3217505543966422, 3.1622776601683795
868, 31, 183, 61, 182, 63, 1, -2, -1.1071487177940904, 2.23606797749979
868, 33, 249, 170, 247, 170, 2, 0, 0.0, 2.0
868, 38, 312, 52, 311, 53, 1, -1, -0.7853981633974483, 1.4142135623730951
868, 42, 318, 39, 317, 40, 1, -1, -0.7853981633974483, 1.4142135623730951
869, 2, 216, 62, 215, 63, 1, -1, -0.7853981633974483, 1.4142135623730951
869, 6, 142, 33, 141, 34, 1, -1, -0.7853981633974483, 1.4142135623730951
869, 10, 189, 198, 188, 199, 1, -1, -0.7853981633974483, 1.4142135623730951
869, 14, 269, 164, 268, 165, 1, -1, -0.7853981633974483, 1.4142135623730951
869, 21, 84, 61, 83, 62, 1, -1, -0.7853981633974483, 1.4142135623730951
869, 22, 46, 196, 46, 198, 0, -2, -1.5707963267948966, 2.0
869, 27, 230, 187, 229, 188, 1, -1, -0.7853981633974483, 1.4142135623730951
869, 32, 250, 169, 249, 170, 1, -1, -0.7853981633974483, 1.4142135623730951
869, 34, 40, 76, 42, 76, -2, 0, 3.141592653589793, 2.0
869, 41, 319, 38, 318, 39, 1, -1, -0.7853981633974483, 1.4142135623730951
870, 5, 308, 167, 307, 168, 1, -1, -0.7853981633974483, 1.4142135623730951
870, 7, 143, 31, 142, 32, 1, -1, -0.7853981633974483, 1.4142135623730951
870, 8, 268, 171, 267, 172, 1, -1, -0.7853981633974483, 1.4142135623730951
870, 16, 248, 172, 247, 173, 1, -1, -0.7853981633974483, 1.4142135623730951
870, 17, 75, 184, 74, 185, 1, -1, -0.7853981633974483, 1.4142135623730951
870, 36, 315, 67, 314, 68, 1, -1, -0.7853981633974483, 1.4142135623730951
870, 43, 183, 174, 182, 175, 1, -1, -0.7853981633974483, 1.4142135623730951
870, 47, 287, 71, 289, 71, -2, 0, 3.141592653589793, 2.0
870, 49, 234, 62, 233, 63, 1, -1, -0.7853981633974483, 1.4142135623730951
871, 44, 44, 65, 43, 64, 1, 1, 0.7853981633974483, 1.4142135623730951
871, 45, 235, 61, 234, 62, 1, -1, -0.7853981633974483, 1.4142135623730951
872, 3, 190, 199, 189, 200, 1, -1, -0.7853981633974483, 1.4142135623730951
872, 6, 268, 170, 267, 171, 1, -1, -0.7853981633974483, 1.4142135623730951
872, 14, 249, 170, 248, 171, 1, -1, -0.7853981633974483, 1.4142135623730951
872, 24, 153, 41, 152, 42, 1, -1, -0.7853981633974483, 1.4142135623730951
872, 30, 81, 190, 80, 192, 1, -2, -1.1071487177940904, 2.23606797749979
872, 36, 71, 144, 70, 145, 1, -1, -0.7853981633974483, 1.4142135623730951
872, 42, 185, 62, 184, 63, 1, -1, -0.7853981633974483, 1.4142135623730951
872, 44, 47, 66, 44, 65, 3, 1, 0.3217505543966422, 3.1622776601683795
872, 45, 236, 60, 235, 61, 1, -1, -0.7853981633974483, 1.4142135623730951
873, 3, 191, 198, 190, 199, 1, -1, -0.7853981633974483, 1.4142135623730951
873, 4, 310, 166, 309, 167, 1, -1, -0.7853981633974483, 1.4142135623730951
873, 14, 250, 169, 249, 170, 1, -1, -0.7853981633974483, 1.4142135623730951
873, 42, 49, 66, 47, 66, 2, 0, 0.0, 2.0
874, 7, 219, 62, 218, 63, 1, -1, -0.7853981633974483, 1.4142135623730951
874, 9, 199, 172, 198, 173, 1, -1, -0.7853981633974483, 1.4142135623730951
874, 13, 76, 181, 75, 182, 1, -1, -0.7853981633974483, 1.4142135623730951
874, 31, 271, 195, 270, 196, 1, -1, -0.7853981633974483, 1.4142135623730951
874, 35, 184, 173, 183, 174, 1, -1, -0.7853981633974483, 1.4142135623730951
875, 3, 267, 53, 266, 54, 1, -1, -0.7853981633974483, 1.4142135623730951
875, 5, 312, 166, 311, 167, 1, -1, -0.7853981633974483, 1.4142135623730951
875, 18, 317, 68, 315, 68, 2, 0, 0.0, 2.0
875, 21, 250, 171, 249, 172, 1, -1, -0.7853981633974483, 1.4142135623730951
875, 47, 107, 35, 106, 36, 1, -1, -0.7853981633974483, 1.4142135623730951
875, 51, 135, 170, 136, 169, -1, 1, 2.356194490192345, 1.4142135623730951
875, 53, 237, 62, 236, 63, 1, -1, -0.7853981633974483, 1.4142135623730951
876, 5, 313, 165, 312, 166, 1, -1, -0.7853981633974483, 1.4142135623730951
876, 6, 272, 169, 270, 170, 2, -1, -0.4636476090008061, 2.23606797749979
876, 10, 201, 173, 200, 174, 1, -1, -0.7853981633974483, 1.4142135623730951
876, 39, 258, 186, 257, 187, 1, -1, -0.7853981633974483, 1.4142135623730951
876, 41, 79, 55, 78, 56, 1, -1, -0.7853981633974483, 1.4142135623730951
876, 51, 188, 63, 187, 64, 1, -1, -0.7853981633974483, 1.4142135623730951
876, 53, 316, 51, 315, 52, 1, -1, -0.7853981633974483, 1.4142135623730951
876, 63, 312, 198, 311, 199, 1, -1, -0.7853981633974483, 1.4142135623730951
877, 3, 269, 52, 268, 53, 1, -1, -0.7853981633974483, 1.4142135623730951
877, 6, 273, 168, 272, 169, 1, -1, -0.7853981633974483, 1.4142135623730951
877, 54, 299, 68, 299, 70, 0, -2, -1.5707963267948966, 2.0
878, 3, 270, 51, 269, 52, 1, -1, -0.7853981633974483, 1.4142135623730951
878, 5, 315, 164, 314, 165, 1, -1, -0.7853981633974483, 1.4142135623730951
878, 6, 274, 167, 273, 168, 1, -1, -0.7853981633974483, 1.4142135623730951
878, 18, 319, 67, 318, 68, 1, -1, -0.7853981633974483, 1.4142135623730951
878, 34, 281, 58, 282, 57, -1, 1, 2.356194490192345, 1.4142135623730951
878, 48, 59, 88, 58, 89, 1, -1, -0.7853981633974483, 1.4142135623730951
879, 12, 196, 35, 195, 36, 1, -1, -0.7853981633974483, 1.4142135623730951
879, 15, 155, 38, 154, 39, 1, -1, -0.7853981633974483, 1.4142135623730951
879, 30, 175, 61, 174, 62, 1, -1, -0.7853981633974483, 1.4142135623730951
879, 34, 282, 57, 281, 58, 1, -1, -0.7853981633974483, 1.4142135623730951
879, 37, 203, 184, 202, 185, 1, -1, -0.7853981633974483, 1.4142135623730951
879, 48, 187, 171, 186, 172, 1, -1, -0.7853981633974483, 1.4142135623730951
881, 14, 274, 170, 273, 171, 1, -1, -0.7853981633974483, 1.4142135623730951
881, 34, 253, 169, 252, 170, 1, -1, -0.7853981633974483, 1.4142135623730951
881, 47, 206, 61, 205, 62, 1, -1, -0.7853981633974483, 1.4142135623730951
881, 50, 177, 50, 176, 51, 1, -1, -0.7853981633974483, 1.4142135623730951
882, 30, 86, 190, 85, 191, 1, -1, -0.7853981633974483, 1.4142135623730951
882, 38, 71, 146, 70, 147, 1, -1, -0.7853981633974483, 1.4142135623730951
882, 40, 265, 197, 264, 198, 1, -1, -0.7853981633974483, 1.4142135623730951
883, 0, 271, 54, 270, 55, 1, -1, -0.7853981633974483, 1.4142135623730951
883, 3, 315, 164, 314, 165, 1, -1, -0.7853981633974483, 1.4142135623730951
883, 5, 204, 175, 203, 176, 1, -1, -0.7853981633974483, 1.4142135623730951
883, 6, 127, 30, 126, 31, 1, -1, -0.7853981633974483, 1.4142135623730951
883, 14, 275, 169, 274, 170, 1, -1, -0.7853981633974483, 1.4142135623730951
883, 27, 250, 198, 249, 199, 1, -1, -0.7853981633974483, 1.4142135623730951
884, 4, 146, 32, 145, 33, 1, -1, -0.7853981633974483, 1.4142135623730951
884, 13, 277, 168, 275, 169, 2, -1, -0.4636476090008061, 2.23606797749979
884, 17, 113, 184, 113, 186, 0, -2, -1.5707963267948966, 2.0
884, 22, 305, 68, 303, 68, 2, 0, 0.0, 2.0
884, 28, 190, 171, 188, 172, 2, -1, -0.4636476090008061, 2.23606797749979
884, 31, 254, 167, 253, 168, 1, -1, -0.7853981633974483, 1.4142135623730951
884, 34, 120, 182, 119, 183, 1, -1, -0.7853981633974483, 1.4142135623730951
884, 41, 207, 59, 206, 60, 1, -1, -0.7853981633974483, 1.4142135623730951
884, 45, 239, 62, 238, 63, 1, -1, -0.7853981633974483, 1.4142135623730951
885, 6, 225, 64, 224, 65, 1, -1, -0.7853981633974483, 1.4142135623730951
885, 13, 277, 170, 276, 171, 1, -1, -0.7853981633974483, 1.4142135623730951
885, 30, 278, 197, 277, 198, 1, -1, -0.7853981633974483, 1.4142135623730951
885, 40, 140, 184, 139, 185, 1, -1, -0.7853981633974483, 1.4142135623730951
885, 43, 256, 170, 255, 171, 1, -1, -0.7853981633974483, 1.4142135623730951
886, 30, 279, 196, 278, 197, 1, -1, -0.7853981633974483, 1.4142135623730951
886, 33, 68, 174, 70, 174, -2, 0, 3.141592653589793, 2.0
886, 42, 70, 187, 69, 188, 1, -1, -0.7853981633974483, 1.4142135623730951
887, 11, 200, 36, 199, 37, 1, -1, -0.7853981633974483, 1.4142135623730951
887, 13, 278, 169, 277, 170, 1, -1, -0.7853981633974483, 1.4142135623730951
887, 42, 72, 186, 70, 187, 2, -1, -0.4636476090008061, 2.23606797749979
888, 5, 274, 53, 273, 54, 1, -1, -0.7853981633974483, 1.4142135623730951
888, 19, 292, 56, 291, 57, 1, -1, -0.7853981633974483, 1.4142135623730951
888, 39, 145, 183, 142, 184, 3, -1, -0.3217505543966422, 3.1622776601683795
888, 41, 74, 185, 72, 186, 2, -1, -0.4636476090008061, 2.23606797749979
889, 23, 267, 198, 266, 199, 1, -1, -0.7853981633974483, 1.4142135623730951
890, 39, 292, 57, 291, 58, 1, -1, -0.7853981633974483, 1.4142135623730951
890, 48, 180, 63, 179, 64, 1, -1, -0.7853981633974483, 1.4142135623730951
891, 4, 208, 172, 207, 173, 1, -1, -0.7853981633974483, 1.4142135623730951
891, 16, 316, 164, 315, 165, 1, -1, -0.7853981633974483, 1.4142135623730951
891, 18, 259, 169, 258, 170, 1, -1, -0.7853981633974483, 1.4142135623730951
891, 47, 267, 184, 266, 185, 1, -1, -0.7853981633974483, 1.4142135623730951
892, 4, 209, 171, 208, 172, 1, -1, -0.7853981633974483, 1.4142135623730951
892, 6, 280, 168, 279, 169, 1, -1, -0.7853981633974483, 1.4142135623730951
892, 16, 318, 162, 316, 164, 2, -2, -0.7853981633974483, 2.8284271247461903
892, 21, 155, 61, 154, 62, 1, -1, -0.7853981633974483, 1.4142135623730951
892, 39, 294, 59, 293, 57, 1, 2, 1.1071487177940904, 2.23606797749979
892, 47, 268, 183, 267, 184, 1, -1, -0.7853981633974483, 1.4142135623730951
893, 4, 210, 170, 209, 171, 1, -1, -0.7853981633974483, 1.4142135623730951
893, 8, 162, 40, 161, 41, 1, -1, -0.7853981633974483, 1.4142135623730951
893, 12, 181, 198, 180, 199, 1, -1, -0.7853981633974483, 1.4142135623730951
893, 23, 255, 198, 254, 199, 1, -1, -0.7853981633974483, 1.4142135623730951
894, 11, 188, 38, 187, 39, 1, -1, -0.7853981633974483, 1.4142135623730951
894, 39, 195, 61, 194, 62, 1, -1, -0.7853981633974483, 1.4142135623730951
894, 45, 269, 181, 268, 182, 1, -1, -0.7853981633974483, 1.4142135623730951
894, 46, 181, 61, 180, 62, 1, -1, -0.7853981633974483, 1.4142135623730951
895, 1, 132, 36, 132, 38, 0, -2, -1.5707963267948966, 2.0
895, 5, 229, 64, 228, 65, 1, -1, -0.7853981633974483, 1.4142135623730951
895, 10, 80, 184, 79, 185, 1, -1, -0.7853981633974483, 1.4142135623730951
895, 14, 201, 200, 200, 201, 1, -1, -0.7853981633974483, 1.4142135623730951
895, 21, 317, 164, 316, 165, 1, -1, -0.7853981633974483, 1.4142135623730951
895, 22, 159, 64, 157, 64, 2, 0, 0.0, 2.0
895, 33, 212, 187, 211, 188, 1, -1, -0.7853981633974483, 1.4142135623730951
895, 36, 299, 166, 298, 167, 1, -1, -0.7853981633974483, 1.4142135623730951
896, 4, 278, 54, 277, 55, 1, -1, -0.7853981633974483, 1.4142135623730951
896, 6, 211, 174, 210, 175, 1, -1, -0.7853981633974483, 1.4142135623730951
896, 13, 183, 199, 182, 200, 1, -1, -0.7853981633974483, 1.4142135623730951
896, 15, 283, 169, 282, 170, 1, -1, -0.7853981633974483, 1.4142135623730951
897, 4, 279, 53, 278, 54, 1, -1, -0.7853981633974483, 1.4142135623730951
897, 14, 202, 198, 201, 199, 1, -1, -0.7853981633974483, 1.4142135623730951
897, 26, 87, 163, 86, 164, 1, -1, -0.7853981633974483, 1.4142135623730951
897, 48, 246, 188, 245, 189, 1, -1, -0.7853981633974483, 1.4142135623730951
898, 6, 212, 173, 211, 174, 1, -1, -0.7853981633974483, 1.4142135623730951
898, 14, 203, 197, 202, 198, 1, -1, -0.7853981633974483, 1.4142135623730951
898, 15, 284, 168, 283, 169, 1, -1, -0.7853981633974483, 1.4142135623730951
898, 32, 213, 184, 212, 185, 1, -1, -0.7853981633974483, 1.4142135623730951
899, 4, 280, 52, 279, 53, 1, -1, -0.7853981633974483, 1.4142135623730951
899, 14, 204, 196, 203, 197, 1, -1, -0.7853981633974483, 1.4142135623730951
899, 15, 285, 167, 284, 168, 1, -1, -0.7853981633974483, 1.4142135623730951
899, 21, 319, 163, 317, 164, 2, -1, -0.4636476090008061, 2.23606797749979
899, 24, 248, 64, 247, 65, 1, -1, -0.7853981633974483, 1.4142135623730951
899, 35, 300, 162, 299, 163, 1, -1, -0.7853981633974483, 1.4142135623730951
900, 3, 203, 200, 202, 201, 1, -1, -0.7853981633974483, 1.4142135623730951
900, 4, 280, 55, 279, 56, 1, -1, -0.7853981633974483, 1.4142135623730951
900, 6, 233, 64, 232, 65, 1, -1, -0.7853981633974483, 1.4142135623730951
900, 24, 75, 149, 76, 148, -1, 1, 2.356194490192345, 1.4142135623730951
900, 25, 46, 62, 47, 64, -1, -2, -2.0344439357957027, 2.23606797749979
901, 8, 211, 173, 210, 174, 1, -1, -0.7853981633974483, 1.4142135623730951
901, 12, 285, 170, 284, 171, 1, -1, -0.7853981633974483, 1.4142135623730951
901, 13, 81, 92, 80, 93, 1, -1, -0.7853981633974483, 1.4142135623730951
901, 14, 185, 64, 184, 65, 1, -1, -0.7853981633974483, 1.4142135623730951
902, 6, 235, 63, 234, 64, 1, -1, -0.7853981633974483, 1.4142135623730951
902, 8, 212, 172, 211, 173, 1, -1, -0.7853981633974483, 1.4142135623730951
902, 20, 259, 199, 258, 200, 1, -1, -0.7853981633974483, 1.4142135623730951
902, 29, 274, 185, 272, 185, 2, 0, 0.0, 2.0
902, 37, 262, 169, 261, 168, 1, 1, 0.7853981633974483, 1.4142135623730951
903, 6, 236, 62, 235, 63, 1, -1, -0.7853981633974483, 1.4142135623730951
903, 11, 185, 199, 184, 200, 1, -1, -0.7853981633974483, 1.4142135623730951
903, 12, 287, 169, 286, 170, 1, -1, -0.7853981633974483, 1.4142135623730951
903, 37, 263, 170, 262, 169, 1, 1, 0.7853981633974483, 1.4142135623730951
904, 20, 165, 39, 164, 40, 1, -1, -0.7853981633974483, 1.4142135623730951
905, 17, 208, 37, 207, 38, 1, -1, -0.7853981633974483, 1.4142135623730951
905, 28, 86, 56, 85, 57, 1, -1, -0.7853981633974483, 1.4142135623730951
905, 34, 302, 57, 301, 58, 1, -1, -0.7853981633974483, 1.4142135623730951
905, 45, 267, 168, 266, 169, 1, -1, -0.7853981633974483, 1.4142135623730951
906, 13, 216, 174, 215, 175, 1, -1, -0.7853981633974483, 1.4142135623730951
906, 44, 251, 187, 250, 188, 1, -1, -0.7853981633974483, 1.4142135623730951
906, 45, 268, 167, 267, 168, 1, -1, -0.7853981633974483, 1.4142135623730951
907, 44, 270, 167, 268, 167, 2, 0, 0.0, 2.0
908, 2, 284, 54, 283, 55, 1, -1, -0.7853981633974483, 1.4142135623730951
908, 4, 290, 169, 289, 170, 1, -1, -0.7853981633974483, 1.4142135623730951
908, 43, 271, 166, 270, 167, 1, -1, -0.7853981633974483, 1.4142135623730951
909, 8, 162, 185, 161, 186, 1, -1, -0.7853981633974483, 1.4142135623730951
909, 10, 137, 30, 135, 31, 2, -1, -0.4636476090008061, 2.23606797749979
909, 19, 119, 186, 118, 187, 1, -1, -0.7853981633974483, 1.4142135623730951
909, 22, 162, 60, 161, 61, 1, -1, -0.7853981633974483, 1.4142135623730951
909, 40, 273, 165, 271, 166, 2, -1, -0.4636476090008061, 2.23606797749979
910, 2, 286, 55, 285, 56, 1, -1, -0.7853981633974483, 1.4142135623730951
910, 3, 218, 175, 217, 176, 1, -1, -0.7853981633974483, 1.4142135623730951
910, 7, 291, 169, 290, 170, 1, -1, -0.7853981633974483, 1.4142135623730951
910, 16, 270, 168, 269, 169, 1, -1, -0.7853981633974483, 1.4142135623730951
910, 21, 304, 59, 302, 58, 2, 1, 0.4636476090008061, 2.23606797749979
910, 34, 254, 67, 253, 68, 1, -1, -0.7853981633974483, 1.4142135623730951
910, 36, 278, 184, 277, 185, 1, -1, -0.7853981633974483, 1.4142135623730951
910, 42, 221, 61, 220, 62, 1, -1, -0.7853981633974483, 1.4142135623730951
911, 1, 287, 54, 286, 55, 1, -1, -0.7853981633974483, 1.4142135623730951
911, 6, 292, 168, 291, 169, 1, -1, -0.7853981633974483, 1.4142135623730951
911, 9, 239, 64, 238, 65, 1, -1, -0.7853981633974483, 1.4142135623730951
912, 1, 288, 53, 287, 54, 1, -1, -0.7853981633974483, 1.4142135623730951
912, 34, 280, 182, 278, 183, 2, -1, -0.4636476090008061, 2.23606797749979
912, 40, 222, 60, 221, 61, 1, -1, -0.7853981633974483, 1.4142135623730951
914, 1, 289, 52, 288, 53, 1, -1, -0.7853981633974483, 1.4142135623730951
914, 14, 271, 166, 271, 168, 0, -2, -1.5707963267948966, 2.0
914, 32, 281, 180, 280, 181, 1, -1, -0.7853981633974483, 1.4142135623730951
914, 37, 254, 184, 252, 185, 2, -1, -0.4636476090008061, 2.23606797749979
915, 0, 288, 56, 287, 57, 1, -1, -0.7853981633974483, 1.4142135623730951
915, 16, 290, 168, 289, 169, 1, -1, -0.7853981633974483, 1.4142135623730951
915, 32, 292, 197, 291, 198, 1, -1, -0.7853981633974483, 1.4142135623730951
915, 37, 256, 187, 255, 188, 1, -1, -0.7853981633974483, 1.4142135623730951
915, 38, 62, 189, 61, 190, 1, -1, -0.7853981633974483, 1.4142135623730951
915, 50, 310, 165, 309, 166, 1, -1, -0.7853981633974483, 1.4142135623730951
916, 13, 213, 37, 212, 38, 1, -1, -0.7853981633974483, 1.4142135623730951
916, 15, 292, 166, 290, 168, 2, -2, -0.7853981633974483, 2.8284271247461903
916, 18, 164, 186, 163, 187, 1, -1, -0.7853981633974483, 1.4142135623730951
916, 28, 99, 182, 98, 183, 1, -1, -0.7853981633974483, 1.4142135623730951
916, 36, 257, 186, 256, 187, 1, -1, -0.7853981633974483, 1.4142135623730951
916, 37, 64, 188, 62, 189, 2, -1, -0.4636476090008061, 2.23606797749979
916, 46, 317, 72, 315, 72, 2, 0, 0.0, 2.0
917, 0, 289, 55, 288, 56, 1, -1, -0.7853981633974483, 1.4142135623730951
917, 1, 221, 172, 220, 173, 1, -1, -0.7853981633974483, 1.4142135623730951
917, 6, 239, 62, 238, 63, 1, -1, -0.7853981633974483, 1.4142135623730951
917, 10, 193, 199, 192, 200, 1, -1, -0.7853981633974483, 1.4142135623730951
917, 15, 295, 165, 292, 166, 3, -1, -0.3217505543966422, 3.1622776601683795
917, 31, 294, 196, 293, 197, 1, -1, -0.7853981633974483, 1.4142135623730951
917, 36, 258, 185, 257, 186, 1, -1, -0.7853981633974483, 1.4142135623730951
917, 37, 66, 188, 64, 188, 2, 0, 0.0, 2.0
918, 0, 291, 54, 289, 55, 2, -1, -0.4636476090008061, 2.23606797749979
918, 1, 223, 171, 221, 172, 2, -1, -0.4636476090008061, 2.23606797749979
918, 9, 36, 67, 35, 68, 1, -1, -0.7853981633974483, 1.4142135623730951
918, 11, 85, 92, 84, 94, 1, -2, -1.1071487177940904, 2.23606797749979
918, 15, 297, 164, 295, 165, 2, -1, -0.4636476090008061, 2.23606797749979
918, 16, 57, 197, 57, 199, 0, -2, -1.5707963267948966, 2.0
918, 28, 101, 181, 100, 182, 1, -1, -0.7853981633974483, 1.4142135623730951
918, 31, 296, 195, 294, 196, 2, -1, -0.4636476090008061, 2.23606797749979
918, 37, 68, 187, 66, 188, 2, -1, -0.4636476090008061, 2.23606797749979
918, 44, 206, 173, 205, 174, 1, -1, -0.7853981633974483, 1.4142135623730951
918, 45, 319, 73, 318, 72, 1, 1, 0.7853981633974483, 1.4142135623730951
919, 6, 240, 61, 239, 63, 1, -2, -1.1071487177940904, 2.23606797749979
919, 42, 319, 75, 319, 73, 0, 2, 1.5707963267948966, 2.0
919, 46, 155, 185, 153, 185, 2, 0, 0.0, 2.0
920, 10, 297, 169, 296, 170, 1, -1, -0.7853981633974483, 1.4142135623730951
921, 4, 213, 199, 212, 200, 1, -1, -0.7853981633974483, 1.4142135623730951
922, 37, 276, 165, 275, 166, 1, -1, -0.7853981633974483, 1.4142135623730951
923, 5, 173, 38, 172, 39, 1, -1, -0.7853981633974483, 1.4142135623730951
923, 11, 216, 37, 215, 38, 1, -1, -0.7853981633974483, 1.4142135623730951
923, 37, 278, 164, 276, 165, 2, -1, -0.4636476090008061, 2.23606797749979
924, 2, 294, 54, 293, 55, 1, -1, -0.7853981633974483, 1.4142135623730951
924, 5, 174, 37, 173, 38, 1, -1, -0.7853981633974483, 1.4142135623730951
924, 20, 195, 62, 194, 63, 1, -1, -0.7853981633974483, 1.4142135623730951
924, 24, 286, 182, 285, 183, 1, -1, -0.7853981633974483, 1.4142135623730951
924, 36, 285, 164, 278, 164, 7, 0, 0.0, 7.0
925, 3, 295, 55, 294, 56, 1, -1, -0.7853981633974483, 1.4142135623730951
925, 7, 225, 175, 224, 176, 1, -1, -0.7853981633974483, 1.4142135623730951
925, 15, 227, 187, 226, 188, 1, -1, -0.7853981633974483, 1.4142135623730951
925, 37, 135, 69, 137, 70, -2, -1, -2.677945044588987, 2.23606797749979
925, 45, 287, 183, 286, 184, 1, -1, -0.7853981633974483, 1.4142135623730951
926, 27, 212, 62, 211, 63, 1, -1, -0.7853981633974483, 1.4142135623730951
927, 0, 132, 72, 131, 73, 1, -1, -0.7853981633974483, 1.4142135623730951
927, 3, 296, 54, 295, 55, 1, -1, -0.7853981633974483, 1.4142135623730951
927, 7, 226, 174, 225, 175, 1, -1, -0.7853981633974483, 1.4142135623730951
927, 10, 248, 63, 247, 64, 1, -1, -0.7853981633974483, 1.4142135623730951
927, 15, 228, 185, 227, 186, 1, -1, -0.7853981633974483, 1.4142135623730951
927, 16, 313, 58, 311, 58, 2, 0, 0.0, 2.0
928, 9, 216, 198, 215, 199, 1, -1, -0.7853981633974483, 1.4142135623730951
928, 10, 249, 62, 248, 63, 1, -1, -0.7853981633974483, 1.4142135623730951
928, 14, 217, 37, 216, 38, 1, -1, -0.7853981633974483, 1.4142135623730951
928, 15, 229, 184, 228, 185, 1, -1, -0.7853981633974483, 1.4142135623730951
928, 16, 314, 59, 313, 58, 1, 1, 0.7853981633974483, 1.4142135623730951
928, 36, 261, 184, 260, 185, 1, -1, -0.7853981633974483, 1.4142135623730951
928, 41, 289, 181, 288, 182, 1, -1, -0.7853981633974483, 1.4142135623730951
929, 3, 297, 52, 296, 53, 1, -1, -0.7853981633974483, 1.4142135623730951
929, 9, 217, 197, 216, 198, 1, -1, -0.7853981633974483, 1.4142135623730951
929, 12, 300, 167, 299, 168, 1, -1, -0.7853981633974483, 1.4142135623730951
929, 16, 315, 60, 314, 59, 1, 1, 0.7853981633974483, 1.4142135623730951
929, 21, 59, 198, 61, 199, -2, -1, -2.677945044588987, 2.23606797749979
929, 27, 280, 164, 279, 165, 1, -1, -0.7853981633974483, 1.4142135623730951
929, 32, 172, 62, 171, 63, 1, -1, -0.7853981633974483, 1.4142135623730951
929, 45, 209, 173, 208, 174, 1, -1, -0.7853981633974483, 1.4142135623730951
929, 47, 195, 50, 196, 49, -1, 1, 2.356194490192345, 1.4142135623730951
929, 48, 76, 166, 77, 165, -1, 1, 2.356194490192345, 1.4142135623730951
930, 16, 299, 167, 298, 168, 1, -1, -0.7853981633974483, 1.4142135623730951
930, 20, 299, 196, 298, 198, 1, -2, -1.1071487177940904, 2.23606797749979
931, 16, 301, 165, 299, 167, 2, -2, -0.7853981633974483, 2.8284271247461903
931, 24, 283, 165, 281, 167, 2, -2, -0.7853981633974483, 2.8284271247461903
931, 27, 264, 186, 263, 187, 1, -1, -0.7853981633974483, 1.4142135623730951
931, 34, 231, 62, 230, 63, 1, -1, -0.7853981633974483, 1.4142135623730951
932, 4, 298, 55, 297, 56, 1, -1, -0.7853981633974483, 1.4142135623730951
932, 5, 217, 199, 216, 200, 1, -1, -0.7853981633974483, 1.4142135623730951
932, 6, 227, 173, 226, 174, 1, -1, -0.7853981633974483, 1.4142135623730951
932, 12, 219, 37, 218, 38, 1, -1, -0.7853981633974483, 1.4142135623730951
932, 15, 303, 163, 301, 165, 2, -2, -0.7853981633974483, 2.8284271247461903
932, 20, 200, 63, 199, 64, 1, -1, -0.7853981633974483, 1.4142135623730951
932, 33, 232, 61, 231, 62, 1, -1, -0.7853981633974483, 1.4142135623730951
933, 4, 299, 54, 298, 55, 1, -1, -0.7853981633974483, 1.4142135623730951
933, 7, 251, 63, 250, 64, 1, -1, -0.7853981633974483, 1.4142135623730951
933, 10, 200, 199, 199, 200, 1, -1, -0.7853981633974483, 1.4142135623730951
933, 15, 304, 161, 303, 163, 1, -2, -1.1071487177940904, 2.23606797749979
933, 19, 300, 194, 299, 195, 1, -1, -0.7853981633974483, 1.4142135623730951
934, 6, 228, 172, 227, 173, 1, -1, -0.7853981633974483, 1.4142135623730951
934, 7, 252, 62, 251, 63, 1, -1, -0.7853981633974483, 1.4142135623730951
934, 18, 201, 62, 200, 63, 1, -1, -0.7853981633974483, 1.4142135623730951
934, 20, 294, 184, 291, 184, 3, 0, 0.0, 3.0
934, 24, 265, 183, 264, 184, 1, -1, -0.7853981633974483, 1.4142135623730951
935, 6, 220, 200, 219, 201, 1, -1, -0.7853981633974483, 1.4142135623730951
935, 9, 230, 175, 229, 176, 1, -1, -0.7853981633974483, 1.4142135623730951
936, 1, 302, 56, 301, 57, 1, -1, -0.7853981633974483, 1.4142135623730951
936, 6, 221, 199, 220, 200, 1, -1, -0.7853981633974483, 1.4142135623730951
936, 30, 134, 52, 133, 53, 1, -1, -0.7853981633974483, 1.4142135623730951
937, 7, 314, 57, 317, 57, -3, 0, 3.141592653589793, 3.0
937, 30, 135, 51, 134, 52, 1, -1, -0.7853981633974483, 1.4142135623730951
938, 29, 268, 185, 267, 186, 1, -1, -0.7853981633974483, 1.4142135623730951
939, 5, 307, 166, 306, 167, 1, -1, -0.7853981633974483, 1.4142135623730951
939, 25, 176, 60, 175, 61, 1, -1, -0.7853981633974483, 1.4142135623730951
940, 34, 235, 186, 234, 187, 1, -1, -0.7853981633974483, 1.4142135623730951
942, 5, 233, 173, 232, 174, 1, -1, -0.7853981633974483, 1.4142135623730951
942, 15, 256, 64, 255, 65, 1, -1, -0.7853981633974483, 1.4142135623730951
942, 30, 237, 61, 236, 62, 1, -1, -0.7853981633974483, 1.4142135623730951
943, 4, 306, 56, 305, 57, 1, -1, -0.7853981633974483, 1.4142135623730951
943, 9, 175, 186, 174, 187, 1, -1, -0.7853981633974483, 1.4142135623730951
943, 12, 310, 167, 309, 168, 1, -1, -0.7853981633974483, 1.4142135623730951
943, 15, 257, 63, 256, 64, 1, -1, -0.7853981633974483, 1.4142135623730951
943, 18, 205, 62, 204, 63, 1, -1, -0.7853981633974483, 1.4142135623730951
943, 19, 224, 36, 223, 37, 1, -1, -0.7853981633974483, 1.4142135623730951
943, 33, 29, 191, 28, 192, 1, -1, -0.7853981633974483, 1.4142135623730951
944, 7, 223, 197, 222, 198, 1, -1, -0.7853981633974483, 1.4142135623730951
944, 11, 92, 54, 94, 54, -2, 0, 3.141592653589793, 2.0
944, 14, 180, 40, 179, 41, 1, -1, -0.7853981633974483, 1.4142135623730951
944, 15, 258, 62, 257, 63, 1, -1, -0.7853981633974483, 1.4142135623730951
944, 21, 304, 194, 303, 195, 1, -1, -0.7853981633974483, 1.4142135623730951
945, 10, 258, 65, 257, 66, 1, -1, -0.7853981633974483, 1.4142135623730951
945, 25, 300, 182, 299, 183, 1, -1, -0.7853981633974483, 1.4142135623730951
945, 27, 295, 59, 299, 60, -4, -1, -2.896613990462929, 4.123105625617661
945, 31, 306, 195, 305, 196, 1, -1, -0.7853981633974483, 1.4142135623730951
946, 5, 212, 37, 211, 38, 1, -1, -0.7853981633974483, 1.4142135623730951
946, 13, 205, 198, 204, 199, 1, -1, -0.7853981633974483, 1.4142135623730951
946, 18, 226, 37, 225, 38, 1, -1, -0.7853981633974483, 1.4142135623730951
946, 30, 307, 194, 306, 195, 1, -1, -0.7853981633974483, 1.4142135623730951
946, 34, 65, 77, 64, 78, 1, -1, -0.7853981633974483, 1.4142135623730951
947, 2, 236, 174, 235, 175, 1, -1, -0.7853981633974483, 1.4142135623730951
947, 8, 205, 66, 206, 65, -1, 1, 2.356194490192345, 1.4142135623730951
947, 11, 308, 166, 307, 167, 1, -1, -0.7853981633974483, 1.4142135623730951
947, 13, 206, 197, 205, 198, 1, -1, -0.7853981633974483, 1.4142135623730951
947, 30, 308, 193, 307, 194, 1, -1, -0.7853981633974483, 1.4142135623730951
947, 33, 280, 199, 279, 200, 1, -1, -0.7853981633974483, 1.4142135623730951
947, 37, 290, 164, 289, 165, 1, -1, -0.7853981633974483, 1.4142135623730951
948, 2, 237, 173, 236, 174, 1, -1, -0.7853981633974483, 1.4142135623730951
948, 9, 115, 164, 114, 165, 1, -1, -0.7853981633974483, 1.4142135623730951
948, 10, 259, 64, 258, 65, 1, -1, -0.7853981633974483, 1.4142135623730951
948, 11, 311, 164, 308, 166, 3, -2, -0.5880026035475675, 3.605551275463989
948, 37, 291, 163, 290, 164, 1, -1, -0.7853981633974483, 1.4142135623730951
949, 2, 238, 172, 237, 173, 1, -1, -0.7853981633974483, 1.4142135623730951
949, 11, 313, 162, 311, 164, 2, -2, -0.7853981633974483, 2.8284271247461903
949, 23, 182, 38, 181, 39, 1, -1, -0.7853981633974483, 1.4142135623730951
949, 26, 172, 200, 171, 201, 1, -1, -0.7853981633974483, 1.4142135623730951
950, 10, 314, 168, 313, 169, 1, -1, -0.7853981633974483, 1.4142135623730951
950, 12, 228, 37, 227, 38, 1, -1, -0.7853981633974483, 1.4142135623730951
950, 17, 261, 64, 260, 65, 1, -1, -0.7853981633974483, 1.4142135623730951
950, 19, 240, 187, 239, 188, 1, -1, -0.7853981633974483, 1.4142135623730951
950, 31, 178, 188, 177, 189, 1, -1, -0.7853981633974483, 1.4142135623730951
950, 37, 310, 196, 309, 197, 1, -1, -0.7853981633974483, 1.4142135623730951
950, 40, 297, 199, 296, 200, 1, -1, -0.7853981633974483, 1.4142135623730951
951, 13, 153, 30, 152, 31, 1, -1, -0.7853981633974483, 1.4142135623730951
951, 17, 262, 63, 261, 64, 1, -1, -0.7853981633974483, 1.4142135623730951
951, 37, 283, 199, 282, 200, 1, -1, -0.7853981633974483, 1.4142135623730951
951, 42, 278, 69, 277, 70, 1, -1, -0.7853981633974483, 1.4142135623730951
952, 10, 238, 173, 237, 174, 1, -1, -0.7853981633974483, 1.4142135623730951
952, 17, 241, 185, 240, 186, 1, -1, -0.7853981633974483, 1.4142135623730951
952, 25, 294, 164, 293, 165, 1, -1, -0.7853981633974483, 1.4142135623730951
952, 33, 312, 195, 311, 196, 1, -1, -0.7853981633974483, 1.4142135623730951
953, 4, 313, 56, 312, 57, 1, -1, -0.7853981633974483, 1.4142135623730951
953, 15, 242, 184, 241, 185, 1, -1, -0.7853981633974483, 1.4142135623730951
953, 20, 210, 63, 209, 64, 1, -1, -0.7853981633974483, 1.4142135623730951
953, 23, 295, 163, 294, 164, 1, -1, -0.7853981633974483, 1.4142135623730951
954, 3, 215, 35, 214, 36, 1, -1, -0.7853981633974483, 1.4142135623730951
954, 10, 239, 171, 238, 172, 1, -1, -0.7853981633974483, 1.4142135623730951
954, 16, 185, 40, 184, 41, 1, -1, -0.7853981633974483, 1.4142135623730951
954, 20, 211, 62, 210, 63, 1, -1, -0.7853981633974483, 1.4142135623730951
955, 34, 300, 200, 298, 200, 2, 0, 0.0, 2.0
955, 35, 176, 200, 175, 201, 1, -1, -0.7853981633974483, 1.4142135623730951
956, 5, 312, 56, 311, 57, 1, -1, -0.7853981633974483, 1.4142135623730951
956, 6, 316, 165, 315, 166, 1, -1, -0.7853981633974483, 1.4142135623730951
956, 14, 213, 62, 212, 63, 1, -1, -0.7853981633974483, 1.4142135623730951
957, 1, 174, 34, 173, 35, 1, -1, -0.7853981633974483, 1.4142135623730951
957, 11, 238, 171, 236, 172, 2, -1, -0.4636476090008061, 2.23606797749979
957, 16, 230, 37, 229, 38, 1, -1, -0.7853981633974483, 1.4142135623730951
958, 4, 313, 55, 312, 56, 1, -1, -0.7853981633974483, 1.4142135623730951
958, 5, 318, 164, 316, 165, 2, -1, -0.4636476090008061, 2.23606797749979
958, 9, 188, 40, 187, 41, 1, -1, -0.7853981633974483, 1.4142135623730951
958, 13, 215, 60, 213, 61, 2, -1, -0.4636476090008061, 2.23606797749979
959, 8, 238, 168, 238, 170, 0, -2, -1.5707963267948966, 2.0
959, 12, 67, 199, 66, 200, 1, -1, -0.7853981633974483, 1.4142135623730951
959, 25, 282, 70, 281, 71, 1, -1, -0.7853981633974483, 1.4142135623730951
960, 2, 314, 57, 313, 58, 1, -1, -0.7853981633974483, 1.4142135623730951
960, 12, 267, 65, 266, 66, 1, -1, -0.7853981633974483, 1.4142135623730951
960, 18, 216, 64, 215, 65, 1, -1, -0.7853981633974483, 1.4142135623730951
960, 20, 243, 174, 242, 175, 1, -1, -0.7853981633974483, 1.4142135623730951
960, 24, 308, 182, 307, 183, 1, -1, -0.7853981633974483, 1.4142135623730951
960, 25, 314, 196, 313, 197, 1, -1, -0.7853981633974483, 1.4142135623730951
960, 34, 279, 185, 278, 186, 1, -1, -0.7853981633974483, 1.4142135623730951
960, 38, 57, 61, 57, 63, 0, -2, -1.5707963267948966, 2.0
961, 0, 315, 56, 314, 57, 1, -1, -0.7853981633974483, 1.4142135623730951
961, 16, 232, 38, 231, 39, 1, -1, -0.7853981633974483, 1.4142135623730951
961, 18, 151, 181, 150, 182, 1, -1, -0.7853981633974483, 1.4142135623730951
961, 31, 280, 184, 279, 185, 1, -1, -0.7853981633974483, 1.4142135623730951
962, 0, 316, 55, 315, 56, 1, -1, -0.7853981633974483, 1.4142135623730951
962, 11, 318, 167, 317, 168, 1, -1, -0.7853981633974483, 1.4142135623730951
962, 17, 244, 173, 243, 174, 1, -1, -0.7853981633974483, 1.4142135623730951
962, 22, 315, 195, 314, 196, 1, -1, -0.7853981633974483, 1.4142135623730951
963, 20, 189, 39, 188, 40, 1, -1, -0.7853981633974483, 1.4142135623730951
963, 21, 309, 180, 308, 181, 1, -1, -0.7853981633974483, 1.4142135623730951
963, 37, 283, 68, 282, 69, 1, -1, -0.7853981633974483, 1.4142135623730951
964, 3, 220, 36, 219, 37, 1, -1, -0.7853981633974483, 1.4142135623730951
964, 11, 319, 166, 318, 167, 1, -1, -0.7853981633974483, 1.4142135623730951
965, 5, 222, 38, 221, 39, 1, -1, -0.7853981633974483, 1.4142135623730951
965, 20, 248, 187, 247, 188, 1, -1, -0.7853981633974483, 1.4142135623730951
965, 28, 189, 62, 188, 63, 1, -1, -0.7853981633974483, 1.4142135623730951
965, 34, 316, 196, 315, 197, 1, -1, -0.7853981633974483, 1.4142135623730951
965, 40, 283, 185, 282, 186, 1, -1, -0.7853981633974483, 1.4142135623730951
965, 41, 298, 163, 297, 164, 1, -1, -0.7853981633974483, 1.4142135623730951
966, 3, 318, 56, 317, 57, 1, -1, -0.7853981633974483, 1.4142135623730951
966, 18, 218, 62, 217, 63, 1, -1, -0.7853981633974483, 1.4142135623730951
966, 22, 236, 37, 235, 38, 1, -1, -0.7853981633974483, 1.4142135623730951
966, 31, 100, 205, 99, 206, 1, -1, -0.7853981633974483, 1.4142135623730951
967, 3, 319, 55, 318, 56, 1, -1, -0.7853981633974483, 1.4142135623730951
967, 19, 249, 185, 248, 186, 1, -1, -0.7853981633974483, 1.4142135623730951
967, 20, 104, 66, 106, 67, -2, -1, -2.677945044588987, 2.23606797749979
967, 21, 313, 183, 310, 183, 3, 0, 0.0, 3.0
967, 38, 284, 183, 283, 184, 1, -1, -0.7853981633974483, 1.4142135623730951
968, 4, 223, 37, 222, 38, 1, -1, -0.7853981633974483, 1.4142135623730951
968, 5, 247, 173, 246, 174, 1, -1, -0.7853981633974483, 1.4142135623730951
968, 12, 99, 88, 98, 89, 1, -1, -0.7853981633974483, 1.4142135623730951
968, 13, 191, 39, 190, 40, 1, -1, -0.7853981633974483, 1.4142135623730951
968, 14, 217, 199, 216, 200, 1, -1, -0.7853981633974483, 1.4142135623730951
968, 17, 250, 184, 249, 185, 1, -1, -0.7853981633974483, 1.4142135623730951
968, 19, 237, 36, 236, 37, 1, -1, -0.7853981633974483, 1.4142135623730951
968, 25, 146, 60, 145, 61, 1, -1, -0.7853981633974483, 1.4142135623730951
968, 36, 300, 161, 299, 162, 1, -1, -0.7853981633974483, 1.4142135623730951
969, 3, 179, 34, 178, 35, 1, -1, -0.7853981633974483, 1.4142135623730951
969, 5, 248, 172, 247, 173, 1, -1, -0.7853981633974483, 1.4142135623730951
969, 12, 192, 38, 191, 39, 1, -1, -0.7853981633974483, 1.4142135623730951
969, 25, 306, 164, 305, 165, 1, -1, -0.7853981633974483, 1.4142135623730951
970, 26, 251, 187, 250, 188, 1, -1, -0.7853981633974483, 1.4142135623730951
970, 31, 35, 192, 34, 193, 1, -1, -0.7853981633974483, 1.4142135623730951
970, 32, 252, 64, 251, 65, 1, -1, -0.7853981633974483, 1.4142135623730951
970, 35, 309, 164, 307, 165, 2, -1, -0.4636476090008061, 2.23606797749979
971, 31, 36, 191, 35, 192, 1, -1, -0.7853981633974483, 1.4142135623730951
971, 32, 253, 63, 252, 64, 1, -1, -0.7853981633974483, 1.4142135623730951
972, 11, 188, 187, 187, 188, 1, -1, -0.7853981633974483, 1.4142135623730951
972, 26, 252, 185, 251, 186, 1, -1, -0.7853981633974483, 1.4142135623730951
972, 31, 37, 190, 36, 191, 1, -1, -0.7853981633974483, 1.4142135623730951
973, 2, 248, 169, 247, 170, 1, -1, -0.7853981633974483, 1.4142135623730951
973, 19, 153, 180, 153, 182, 0, -2, -1.5707963267948966, 2.0
973, 29, 38, 189, 37, 190, 1, -1, -0.7853981633974483, 1.4142135623730951
974, 0, 159, 34, 158, 35, 1, -1, -0.7853981633974483, 1.4142135623730951
974, 2, 250, 168, 248, 169, 2, -1, -0.4636476090008061, 2.23606797749979
974, 13, 147, 36, 146, 37, 1, -1, -0.7853981633974483, 1.4142135623730951
974, 14, 192, 39, 191, 40, 1, -1, -0.7853981633974483, 1.4142135623730951
974, 16, 274, 63, 273, 64, 1, -1, -0.7853981633974483, 1.4142135623730951
974, 29, 40, 188, 38, 189, 2, -1, -0.4636476090008061, 2.23606797749979
975, 1, 162, 37, 161, 38, 1, -1, -0.7853981633974483, 1.4142135623730951
975, 4, 251, 172, 250, 173, 1, -1, -0.7853981633974483, 1.4142135623730951
975, 7, 223, 63, 222, 64, 1, -1, -0.7853981633974483, 1.4142135623730951
975, 24, 189, 187, 188, 188, 1, -1, -0.7853981633974483, 1.4142135623730951
976, 9, 276, 65, 275, 66, 1, -1, -0.7853981633974483, 1.4142135623730951
976, 24, 240, 37, 239, 38, 1, -1, -0.7853981633974483, 1.4142135623730951
977, 4, 252, 170, 251, 171, 1, -1, -0.7853981633974483, 1.4142135623730951
977, 9, 277, 64, 276, 65, 1, -1, -0.7853981633974483, 1.4142135623730951
977, 15, 239, 198, 238, 199, 1, -1, -0.7853981633974483, 1.4142135623730951
977, 21, 220, 198, 219, 199, 1, -1, -0.7853981633974483, 1.4142135623730951
978, 15, 240, 197, 239, 198, 1, -1, -0.7853981633974483, 1.4142135623730951
978, 18, 194, 37, 193, 38, 1, -1, -0.7853981633974483, 1.4142135623730951
978, 20, 221, 197, 220, 198, 1, -1, -0.7853981633974483, 1.4142135623730951
979, 3, 182, 33, 181, 34, 1, -1, -0.7853981633974483, 1.4142135623730951
979, 4, 253, 168, 252, 169, 1, -1, -0.7853981633974483, 1.4142135623730951
979, 7, 225, 61, 224, 62, 1, -1, -0.7853981633974483, 1.4142135623730951
979, 20, 191, 184, 189, 184, 2, 0, 0.0, 2.0
980, 15, 147, 36, 146, 37, 1, -1, -0.7853981633974483, 1.4142135623730951
980, 16, 253, 172, 252, 173, 1, -1, -0.7853981633974483, 1.4142135623730951
981, 2, 229, 37, 228, 38, 1, -1, -0.7853981633974483, 1.4142135623730951
982, 4, 279, 64, 278, 65, 1, -1, -0.7853981633974483, 1.4142135623730951
982, 9, 242, 36, 241, 37, 1, -1, -0.7853981633974483, 1.4142135623730951
982, 15, 254, 171, 253, 172, 1, -1, -0.7853981633974483, 1.4142135623730951
982, 27, 103, 188, 102, 189, 1, -1, -0.7853981633974483, 1.4142135623730951
983, 13, 225, 62, 224, 64, 1, -2, -1.1071487177940904, 2.23606797749979
983, 26, 297, 197, 296, 198, 1, -1, -0.7853981633974483, 1.4142135623730951
984, 4, 280, 63, 279, 64, 1, -1, -0.7853981633974483, 1.4142135623730951
984, 21, 87, 163, 86, 165, 1, -2, -1.1071487177940904, 2.23606797749979
984, 23, 146, 196, 145, 197, 1, -1, -0.7853981633974483, 1.4142135623730951
984, 24, 188, 50, 187, 51, 1, -1, -0.7853981633974483, 1.4142135623730951
984, 26, 99, 186, 103, 187, -4, -1, -2.896613990462929, 4.123105625617661
985, 8, 199, 40, 198, 41, 1, -1, -0.7853981633974483, 1.4142135623730951
985, 17, 228, 64, 227, 65, 1, -1, -0.7853981633974483, 1.4142135623730951
985, 19, 224, 200, 223, 201, 1, -1, -0.7853981633974483, 1.4142135623730951
985, 29, 148, 200, 147, 201, 1, -1, -0.7853981633974483, 1.4142135623730951
985, 37, 294, 183, 293, 184, 1, -1, -0.7853981633974483, 1.4142135623730951
986, 13, 194, 185, 193, 186, 1, -1, -0.7853981633974483, 1.4142135623730951
986, 20, 244, 38, 243, 39, 1, -1, -0.7853981633974483, 1.4142135623730951
987, 8, 281, 63, 280, 64, 1, -1, -0.7853981633974483, 1.4142135623730951
987, 16, 229, 63, 228, 64, 1, -1, -0.7853981633974483, 1.4142135623730951
987, 20, 245, 37, 244, 38, 1, -1, -0.7853981633974483, 1.4142135623730951
987, 24, 190, 49, 189, 50, 1, -1, -0.7853981633974483, 1.4142135623730951
987, 32, 319, 163, 318, 164, 1, -1, -0.7853981633974483, 1.4142135623730951
987, 36, 295, 181, 294, 182, 1, -1, -0.7853981633974483, 1.4142135623730951
988, 0, 186, 34, 185, 35, 1, -1, -0.7853981633974483, 1.4142135623730951
988, 16, 230, 62, 229, 63, 1, -1, -0.7853981633974483, 1.4142135623730951
988, 18, 226, 198, 225, 199, 1, -1, -0.7853981633974483, 1.4142135623730951
988, 25, 160, 181, 159, 182, 1, -1, -0.7853981633974483, 1.4142135623730951
988, 30, 260, 186, 259, 187, 1, -1, -0.7853981633974483, 1.4142135623730951
988, 31, 243, 195, 242, 196, 1, -1, -0.7853981633974483, 1.4142135623730951
988, 32, 318, 161, 319, 163, -1, -2, -2.0344439357957027, 2.23606797749979
989, 3, 257, 169, 256, 170, 1, -1, -0.7853981633974483, 1.4142135623730951
989, 10, 167, 31, 166, 32, 1, -1, -0.7853981633974483, 1.4142135623730951
989, 14, 231, 61, 230, 62, 1, -1, -0.7853981633974483, 1.4142135623730951
989, 23, 161, 180, 160, 181, 1, -1, -0.7853981633974483, 1.4142135623730951
989, 30, 319, 160, 318, 161, 1, -1, -0.7853981633974483, 1.4142135623730951
989, 32, 141, 63, 140, 64, 1, -1, -0.7853981633974483, 1.4142135623730951
989, 34, 297, 180, 296, 181, 1, -1, -0.7853981633974483, 1.4142135623730951
990, 7, 259, 170, 258, 171, 1, -1, -0.7853981633974483, 1.4142135623730951
990, 19, 261, 186, 260, 187, 1, -1, -0.7853981633974483, 1.4142135623730951
990, 21, 263, 66, 262, 67, 1, -1, -0.7853981633974483, 1.4142135623730951
990, 36, 80, 189, 82, 189, -2, 0, 3.141592653589793, 2.0
991, 7, 260, 168, 259, 170, 1, -2, -1.1071487177940904, 2.23606797749979
991, 9, 164, 181, 163, 182, 1, -1, -0.7853981633974483, 1.4142135623730951
991, 21, 103, 51, 100, 51, 3, 0, 0.0, 3.0
992, 23, 247, 38, 246, 39, 1, -1, -0.7853981633974483, 1.4142135623730951
992, 29, 298, 183, 297, 184, 1, -1, -0.7853981633974483, 1.4142135623730951
993, 3, 233, 35, 232, 36, 1, -1, -0.7853981633974483, 1.4142135623730951
993, 11, 285, 64, 284, 65, 1, -1, -0.7853981633974483, 1.4142135623730951
993, 16, 228, 198, 227, 199, 1, -1, -0.7853981633974483, 1.4142135623730951
993, 22, 195, 187, 194, 188, 1, -1, -0.7853981633974483, 1.4142135623730951
994, 0, 131, 67, 129, 68, 2, -1, -0.4636476090008061, 2.23606797749979
994, 3, 234, 34, 233, 35, 1, -1, -0.7853981633974483, 1.4142135623730951
994, 6, 261, 166, 260, 167, 1, -1, -0.7853981633974483, 1.4142135623730951
994, 10, 286, 63, 285, 64, 1, -1, -0.7853981633974483, 1.4142135623730951
994, 15, 229, 197, 228, 198, 1, -1, -0.7853981633974483, 1.4142135623730951
994, 16, 263, 183, 262, 184, 1, -1, -0.7853981633974483, 1.4142135623730951
994, 27, 249, 199, 248, 200, 1, -1, -0.7853981633974483, 1.4142135623730951
994, 28, 317, 160, 316, 162, 1, -2, -1.1071487177940904, 2.23606797749979
995, 6, 105, 53, 104, 54, 1, -1, -0.7853981633974483, 1.4142135623730951
995, 7, 249, 199, 248, 200, 1, -1, -0.7853981633974483, 1.4142135623730951
995, 16, 198, 188, 197, 189, 1, -1, -0.7853981633974483, 1.4142135623730951
995, 20, 304, 199, 303, 200, 1, -1, -0.7853981633974483, 1.4142135623730951
995, 21, 141, 173, 140, 174, 1, -1, -0.7853981633974483, 1.4142135623730951
995, 31, 299, 183, 298, 184, 1, -1, -0.7853981633974483, 1.4142135623730951
996, 10, 233, 62, 232, 63, 1, -1, -0.7853981633974483, 1.4142135623730951
996, 17, 261, 170, 260, 171, 1, -1, -0.7853981633974483, 1.4142135623730951
996, 19, 305, 198, 304, 199, 1, -1, -0.7853981633974483, 1.4142135623730951
996, 27, 88, 37, 87, 38, 1, -1, -0.7853981633974483, 1.4142135623730951
997, 7, 287, 63, 286, 64, 1, -1, -0.7853981633974483, 1.4142135623730951
997, 28, 301, 182, 300, 183, 1, -1, -0.7853981633974483, 1.4142135623730951
998, 6, 288, 62, 287, 63, 1, -1, -0.7853981633974483, 1.4142135623730951
998, 14, 262, 169, 261, 170, 1, -1, -0.7853981633974483, 1.4142135623730951
999, 11, 260, 169, 262, 169, -2, 0, 3.141592653589793, 2.0
999, 21, 130, 179, 132, 179, -2, 0, 3.141592653589793, 2.0
1000, 1, 192, 36, 191, 37, 1, -1, -0.7853981633974483, 1.4142135623730951
1000, 2, 171, 37, 170, 38, 1, -1, -0.7853981633974483, 1.4142135623730951
1000, 4, 237, 37, 236, 38, 1, -1, -0.7853981633974483, 1.4142135623730951
1000, 5, 264, 169, 262, 170, 2, -1, -0.4636476090008061, 2.23606797749979
1000, 10, 142, 191, 141, 192, 1, -1, -0.7853981633974483, 1.4142135623730951
1000, 12, 155, 37, 154, 38, 1, -1, -0.7853981633974483, 1.4142135623730951
1000, 13, 252, 199, 250, 200, 2, -1, -0.4636476090008061, 2.23606797749979
1000, 17, 290, 64, 288, 65, 2, -1, -0.4636476090008061, 2.23606797749979
1000, 18, 89, 38, 88, 39, 1, -1, -0.7853981633974483, 1.4142135623730951
1000, 19, 201, 188, 199, 189, 2, -1, -0.4636476090008061, 2.23606797749979
1000, 20, 231, 200, 230, 201, 1, -1, -0.7853981633974483, 1.4142135623730951
1000, 31, 269, 67, 267, 67, 2, 0, 0.0, 2.0
1000, 34, 301, 73, 298, 74, 3, -1, -0.3217505543966422, 3.1622776601683795
1000, 35, 57, 162, 56, 163, 1, -1, -0.7853981633974483, 1.4142135623730951
1001, 4, 265, 168, 264, 169, 1, -1, -0.7853981633974483, 1.4142135623730951
1001, 30, 270, 66, 269, 67, 1, -1, -0.7853981633974483, 1.4142135623730951
1001, 31, 303, 183, 302, 184, 1, -1, -0.7853981633974483, 1.4142135623730951
1002, 15, 291, 63, 290, 64, 1, -1, -0.7853981633974483, 1.4142135623730951
1002, 30, 304, 182, 303, 183, 1, -1, -0.7853981633974483, 1.4142135623730951
1003, 3, 238, 36, 237, 37, 1, -1, -0.7853981633974483, 1.4142135623730951
1003, 6, 160, 63, 159, 64, 1, -1, -0.7853981633974483, 1.4142135623730951
1003, 7, 238, 63, 237, 64, 1, -1, -0.7853981633974483, 1.4142135623730951
1003, 11, 156, 36, 155, 37, 1, -1, -0.7853981633974483, 1.4142135623730951
1003, 16, 202, 186, 201, 187, 1, -1, -0.7853981633974483, 1.4142135623730951
1003, 27, 271, 65, 270, 66, 1, -1, -0.7853981633974483, 1.4142135623730951
1004, 4, 263, 165, 265, 166, -2, -1, -2.677945044588987, 2.23606797749979
1004, 9, 143, 188, 142, 189, 1, -1, -0.7853981633974483, 1.4142135623730951
1005, 2, 240, 37, 239, 38, 1, -1, -0.7853981633974483, 1.4142135623730951
1005, 10, 266, 169, 265, 170, 1, -1, -0.7853981633974483, 1.4142135623730951
1005, 26, 234, 200, 233, 201, 1, -1, -0.7853981633974483, 1.4142135623730951
1006, 6, 144, 189, 143, 190, 1, -1, -0.7853981633974483, 1.4142135623730951
1006, 11, 292, 64, 291, 65, 1, -1, -0.7853981633974483, 1.4142135623730951
1006, 16, 239, 64, 238, 65, 1, -1, -0.7853981633974483, 1.4142135623730951
1006, 22, 203, 188, 202, 189, 1, -1, -0.7853981633974483, 1.4142135623730951
1006, 23, 207, 37, 206, 38, 1, -1, -0.7853981633974483, 1.4142135623730951
1007, 6, 145, 188, 144, 189, 1, -1, -0.7853981633974483, 1.4142135623730951
1007, 11, 293, 63, 292, 64, 1, -1, -0.7853981633974483, 1.4142135623730951
1007, 13, 271, 186, 270, 187, 1, -1, -0.7853981633974483, 1.4142135623730951
1007, 16, 240, 63, 239, 64, 1, -1, -0.7853981633974483, 1.4142135623730951
1007, 19, 254, 198, 253, 199, 1, -1, -0.7853981633974483, 1.4142135623730951
1007, 27, 255, 37, 254, 38, 1, -1, -0.7853981633974483, 1.4142135623730951
1008, 5, 158, 34, 157, 35, 1, -1, -0.7853981633974483, 1.4142135623730951
1008, 9, 267, 168, 266, 169, 1, -1, -0.7853981633974483, 1.4142135623730951
1008, 11, 294, 62, 293, 63, 1, -1, -0.7853981633974483, 1.4142135623730951
1008, 16, 241, 62, 240, 63, 1, -1, -0.7853981633974483, 1.4142135623730951
1009, 13, 271, 184, 270, 186, 1, -2, -1.1071487177940904, 2.23606797749979
1009, 20, 204, 187, 203, 188, 1, -1, -0.7853981633974483, 1.4142135623730951
1009, 23, 235, 197, 234, 198, 1, -1, -0.7853981633974483, 1.4142135623730951
1009, 25, 256, 36, 255, 37, 1, -1, -0.7853981633974483, 1.4142135623730951
1009, 27, 272, 66, 271, 67, 1, -1, -0.7853981633974483, 1.4142135623730951
1010, 7, 295, 65, 294, 66, 1, -1, -0.7853981633974483, 1.4142135623730951
1010, 20, 148, 173, 147, 174, 1, -1, -0.7853981633974483, 1.4142135623730951
1010, 27, 312, 200, 311, 201, 1, -1, -0.7853981633974483, 1.4142135623730951
1010, 38, 308, 183, 307, 184, 1, -1, -0.7853981633974483, 1.4142135623730951
1011, 18, 266, 166, 264, 168, 2, -2, -0.7853981633974483, 2.8284271247461903
1012, 13, 145, 190, 144, 191, 1, -1, -0.7853981633974483, 1.4142135623730951
1012, 18, 270, 164, 266, 166, 4, -2, -0.4636476090008061, 4.47213595499958
1012, 19, 243, 64, 242, 65, 1, -1, -0.7853981633974483, 1.4142135623730951
1012, 20, 149, 171, 148, 172, 1, -1, -0.7853981633974483, 1.4142135623730951
1012, 26, 276, 68, 275, 69, 1, -1, -0.7853981633974483, 1.4142135623730951
1013, 13, 146, 189, 145, 190, 1, -1, -0.7853981633974483, 1.4142135623730951
1013, 18, 271, 161, 270, 164, 1, -3, -1.2490457723982544, 3.1622776601683795
1013, 36, 310, 182, 309, 183, 1, -1, -0.7853981633974483, 1.4142135623730951
1013, 40, 175, 179, 173, 180, 2, -1, -0.4636476090008061, 2.23606797749979
1014, 13, 147, 188, 146, 189, 1, -1, -0.7853981633974483, 1.4142135623730951
1014, 26, 279, 67, 277, 68, 2, -1, -0.4636476090008061, 2.23606797749979
1014, 36, 311, 181, 310, 182, 1, -1, -0.7853981633974483, 1.4142135623730951
1014, 37, 201, 48, 200, 49, 1, -1, -0.7853981633974483, 1.4142135623730951
1014, 40, 178, 178, 175, 179, 3, -1, -0.3217505543966422, 3.1622776601683795
1015, 2, 198, 36, 197, 37, 1, -1, -0.7853981633974483, 1.4142135623730951
1015, 17, 112, 201, 111, 202, 1, -1, -0.7853981633974483, 1.4142135623730951
1015, 21, 298, 64, 297, 65, 1, -1, -0.7853981633974483, 1.4142135623730951
1015, 27, 94, 32, 93, 33, 1, -1, -0.7853981633974483, 1.4142135623730951
1015, 32, 315, 200, 314, 201, 1, -1, -0.7853981633974483, 1.4142135623730951
1016, 4, 179, 38, 178, 39, 1, -1, -0.7853981633974483, 1.4142135623730951
1016, 5, 180, 31, 179, 32, 1, -1, -0.7853981633974483, 1.4142135623730951
1016, 11, 272, 169, 271, 170, 1, -1, -0.7853981633974483, 1.4142135623730951
1016, 21, 299, 63, 298, 64, 1, -1, -0.7853981633974483, 1.4142135623730951
1016, 32, 316, 199, 315, 200, 1, -1, -0.7853981633974483, 1.4142135623730951
1017, 10, 245, 62, 244, 63, 1, -1, -0.7853981633974483, 1.4142135623730951
1018, 22, 157, 198, 156, 199, 1, -1, -0.7853981633974483, 1.4142135623730951
1018, 28, 259, 195, 258, 196, 1, -1, -0.7853981633974483, 1.4142135623730951
1018, 32, 308, 72, 307, 73, 1, -1, -0.7853981633974483, 1.4142135623730951
1019, 4, 180, 31, 178, 31, 2, 0, 0.0, 2.0
1019, 22, 158, 197, 157, 198, 1, -1, -0.7853981633974483, 1.4142135623730951
1019, 23, 174, 184, 173, 183, 1, 1, 0.7853981633974483, 1.4142135623730951
1019, 25, 92, 31, 94, 31, -2, 0, 3.141592653589793, 2.0
1019, 26, 258, 38, 257, 39, 1, -1, -0.7853981633974483, 1.4142135623730951
1019, 33, 261, 63, 260, 64, 1, -1, -0.7853981633974483, 1.4142135623730951
1020, 25, 260, 38, 259, 39, 1, -1, -0.7853981633974483, 1.4142135623730951
1021, 1, 247, 37, 246, 38, 1, -1, -0.7853981633974483, 1.4142135623730951
1021, 2, 200, 36, 199, 37, 1, -1, -0.7853981633974483, 1.4142135623730951
1021, 3, 274, 167, 273, 168, 1, -1, -0.7853981633974483, 1.4142135623730951
1021, 23, 261, 37, 260, 38, 1, -1, -0.7853981633974483, 1.4142135623730951
1021, 24, 280, 68, 279, 69, 1, -1, -0.7853981633974483, 1.4142135623730951
1022, 10, 302, 64, 301, 65, 1, -1, -0.7853981633974483, 1.4142135623730951
1022, 16, 149, 187, 148, 188, 1, -1, -0.7853981633974483, 1.4142135623730951
1022, 19, 164, 35, 163, 36, 1, -1, -0.7853981633974483, 1.4142135623730951
1023, 0, 181, 36, 180, 37, 1, -1, -0.7853981633974483, 1.4142135623730951
1023, 10, 303, 63, 302, 64, 1, -1, -0.7853981633974483, 1.4142135623730951
1023, 20, 215, 39, 214, 40, 1, -1, -0.7853981633974483, 1.4142135623730951
1024, 10, 304, 62, 303, 63, 1, -1, -0.7853981633974483, 1.4142135623730951
1024, 23, 281, 67, 280, 68, 1, -1, -0.7853981633974483, 1.4142135623730951
1025, 2, 250, 37, 249, 38, 1, -1, -0.7853981633974483, 1.4142135623730951
1025, 21, 212, 188, 211, 189, 1, -1, -0.7853981633974483, 1.4142135623730951
1025, 32, 249, 64, 248, 65, 1, -1, -0.7853981633974483, 1.4142135623730951
1025, 38, 316, 166, 315, 167, 1, -1, -0.7853981633974483, 1.4142135623730951
1026, 2, 251, 36, 250, 37, 1, -1, -0.7853981633974483, 1.4142135623730951
1026, 9, 305, 64, 304, 65, 1, -1, -0.7853981633974483, 1.4142135623730951
1026, 17, 273, 167, 272, 168, 1, -1, -0.7853981633974483, 1.4142135623730951
1027, 14, 263, 198, 262, 199, 1, -1, -0.7853981633974483, 1.4142135623730951
1027, 17, 276, 164, 273, 167, 3, -3, -0.7853981633974483, 4.242640687119285
1027, 29, 155, 171, 153, 172, 2, -1, -0.4636476090008061, 2.23606797749979
1027, 36, 317, 182, 316, 183, 1, -1, -0.7853981633974483, 1.4142135623730951
1028, 14, 100, 31, 98, 31, 2, 0, 0.0, 2.0
1028, 15, 216, 38, 215, 39, 1, -1, -0.7853981633974483, 1.4142135623730951
1028, 16, 278, 162, 276, 164, 2, -2, -0.7853981633974483, 2.8284271247461903
1028, 35, 318, 181, 317, 182, 1, -1, -0.7853981633974483, 1.4142135623730951
1029, 12, 74, 198, 73, 199, 1, -1, -0.7853981633974483, 1.4142135623730951
1029, 15, 281, 161, 278, 162, 3, -1, -0.3217505543966422, 3.1622776601683795
1029, 19, 174, 47, 173, 48, 1, -1, -0.7853981633974483, 1.4142135623730951
1029, 22, 281, 182, 280, 183, 1, -1, -0.7853981633974483, 1.4142135623730951
1029, 26, 285, 69, 284, 70, 1, -1, -0.7853981633974483, 1.4142135623730951
1029, 27, 157, 169, 155, 170, 2, -1, -0.4636476090008061, 2.23606797749979
1029, 28, 252, 63, 251, 64, 1, -1, -0.7853981633974483, 1.4142135623730951
1029, 31, 207, 50, 206, 51, 1, -1, -0.7853981633974483, 1.4142135623730951
1030, 2, 252, 37, 251, 38, 1, -1, -0.7853981633974483, 1.4142135623730951
1030, 19, 154, 189, 153, 190, 1, -1, -0.7853981633974483, 1.4142135623730951
1030, 21, 285, 69, 284, 70, 1, -1, -0.7853981633974483, 1.4142135623730951
1030, 33, 282, 184, 282, 186, 0, -2, -1.5707963267948966, 2.0
1031, 2, 253, 36, 252, 37, 1, -1, -0.7853981633974483, 1.4142135623730951
1031, 11, 307, 64, 306, 65, 1, -1, -0.7853981633974483, 1.4142135623730951
1031, 18, 155, 188, 154, 189, 1, -1, -0.7853981633974483, 1.4142135623730951
1031, 25, 266, 38, 265, 39, 1, -1, -0.7853981633974483, 1.4142135623730951
1032, 2, 254, 35, 253, 36, 1, -1, -0.7853981633974483, 1.4142135623730951
1032, 11, 308, 63, 307, 64, 1, -1, -0.7853981633974483, 1.4142135623730951
1033, 8, 167, 35, 166, 36, 1, -1, -0.7853981633974483, 1.4142135623730951
1033, 11, 309, 62, 308, 63, 1, -1, -0.7853981633974483, 1.4142135623730951
1033, 19, 286, 68, 285, 69, 1, -1, -0.7853981633974483, 1.4142135623730951
1033, 20, 245, 196, 244, 197, 1, -1, -0.7853981633974483, 1.4142135623730951
1033, 21, 253, 64, 252, 65, 1, -1, -0.7853981633974483, 1.4142135623730951
1034, 2, 255, 34, 254, 35, 1, -1, -0.7853981633974483, 1.4142135623730951
1034, 7, 283, 168, 282, 169, 1, -1, -0.7853981633974483, 1.4142135623730951
1034, 11, 310, 61, 309, 62, 1, -1, -0.7853981633974483, 1.4142135623730951
1034, 18, 287, 67, 286, 68, 1, -1, -0.7853981633974483, 1.4142135623730951
1034, 28, 284, 183, 283, 182, 1, 1, 0.7853981633974483, 1.4142135623730951
1035, 6, 282, 167, 281, 168, 1, -1, -0.7853981633974483, 1.4142135623730951
1035, 9, 254, 64, 253, 65, 1, -1, -0.7853981633974483, 1.4142135623730951
1035, 27, 216, 188, 215, 189, 1, -1, -0.7853981633974483, 1.4142135623730951
1035, 30, 268, 38, 267, 39, 1, -1, -0.7853981633974483, 1.4142135623730951
1035, 31, 248, 199, 247, 200, 1, -1, -0.7853981633974483, 1.4142135623730951
1035, 40, 309, 41, 308, 42, 1, -1, -0.7853981633974483, 1.4142135623730951
1036, 7, 190, 31, 189, 32, 1, -1, -0.7853981633974483, 1.4142135623730951
1036, 12, 310, 63, 309, 64, 1, -1, -0.7853981633974483, 1.4142135623730951
1037, 6, 283, 165, 282, 166, 1, -1, -0.7853981633974483, 1.4142135623730951
1037, 14, 95, 171, 96, 173, -1, -2, -2.0344439357957027, 2.23606797749979
1037, 19, 220, 37, 219, 38, 1, -1, -0.7853981633974483, 1.4142135623730951
1037, 28, 269, 37, 268, 38, 1, -1, -0.7853981633974483, 1.4142135623730951
1037, 37, 310, 40, 309, 41, 1, -1, -0.7853981633974483, 1.4142135623730951
1038, 4, 172, 62, 171, 63, 1, -1, -0.7853981633974483, 1.4142135623730951
1038, 14, 185, 180, 184, 181, 1, -1, -0.7853981633974483, 1.4142135623730951
1038, 25, 158, 63, 157, 64, 1, -1, -0.7853981633974483, 1.4142135623730951
1038, 27, 250, 197, 249, 198, 1, -1, -0.7853981633974483, 1.4142135623730951
1038, 28, 291, 70, 290, 71, 1, -1, -0.7853981633974483, 1.4142135623730951
1039, 28, 292, 69, 291, 70, 1, -1, -0.7853981633974483, 1.4142135623730951
1039, 34, 211, 48, 210, 49, 1, -1, -0.7853981633974483, 1.4142135623730951
1039, 35, 311, 39, 310, 40, 1, -1, -0.7853981633974483, 1.4142135623730951
1040, 1, 257, 37, 256, 38, 1, -1, -0.7853981633974483, 1.4142135623730951
1040, 11, 312, 64, 311, 65, 1, -1, -0.7853981633974483, 1.4142135623730951
1040, 17, 285, 166, 284, 167, 1, -1, -0.7853981633974483, 1.4142135623730951
1040, 24, 213, 51, 212, 52, 1, -1, -0.7853981633974483, 1.4142135623730951
1040, 27, 271, 38, 270, 39, 1, -1, -0.7853981633974483, 1.4142135623730951
1041, 2, 190, 38, 189, 39, 1, -1, -0.7853981633974483, 1.4142135623730951
1041, 9, 271, 197, 270, 198, 1, -1, -0.7853981633974483, 1.4142135623730951
1041, 11, 313, 63, 312, 64, 1, -1, -0.7853981633974483, 1.4142135623730951
1041, 27, 272, 37, 271, 38, 1, -1, -0.7853981633974483, 1.4142135623730951
1042, 10, 314, 62, 313, 63, 1, -1, -0.7853981633974483, 1.4142135623730951
1042, 32, 148, 62, 147, 63, 1, -1, -0.7853981633974483, 1.4142135623730951
1043, 8, 180, 47, 179, 48, 1, -1, -0.7853981633974483, 1.4142135623730951
1043, 9, 315, 61, 314, 62, 1, -1, -0.7853981633974483, 1.4142135623730951
1043, 15, 286, 164, 285, 165, 1, -1, -0.7853981633974483, 1.4142135623730951
1043, 20, 294, 70, 292, 71, 2, -1, -0.4636476090008061, 2.23606797749979
1043, 23, 157, 187, 156, 188, 1, -1, -0.7853981633974483, 1.4142135623730951
1043, 32, 99, 166, 98, 167, 1, -1, -0.7853981633974483, 1.4142135623730951
1044, 15, 287, 163, 286, 164, 1, -1, -0.7853981633974483, 1.4142135623730951
1044, 17, 186, 180, 185, 181, 1, -1, -0.7853981633974483, 1.4142135623730951
1044, 21, 215, 49, 214, 50, 1, -1, -0.7853981633974483, 1.4142135623730951
1044, 22, 257, 64, 256, 65, 1, -1, -0.7853981633974483, 1.4142135623730951
1044, 23, 159, 186, 157, 187, 2, -1, -0.4636476090008061, 2.23606797749979
1044, 32, 102, 166, 99, 166, 3, 0, 0.0, 3.0
1045, 0, 259, 37, 258, 38, 1, -1, -0.7853981633974483, 1.4142135623730951
1045, 25, 292, 186, 290, 186, 2, 0, 0.0, 2.0
1045, 30, 167, 51, 166, 52, 1, -1, -0.7853981633974483, 1.4142135623730951
1045, 33, 272, 38, 271, 39, 1, -1, -0.7853981633974483, 1.4142135623730951
1046, 3, 192, 35, 191, 36, 1, -1, -0.7853981633974483, 1.4142135623730951
1046, 8, 315, 64, 314, 65, 1, -1, -0.7853981633974483, 1.4142135623730951
1046, 24, 216, 50, 215, 51, 1, -1, -0.7853981633974483, 1.4142135623730951
1046, 25, 295, 70, 294, 71, 1, -1, -0.7853981633974483, 1.4142135623730951
1047, 25, 297, 69, 295, 70, 2, -1, -0.4636476090008061, 2.23606797749979
1048, 0, 260, 35, 259, 36, 1, -1, -0.7853981633974483, 1.4142135623730951
1048, 8, 317, 63, 316, 64, 1, -1, -0.7853981633974483, 1.4142135623730951
1048, 40, 156, 197, 155, 198, 1, -1, -0.7853981633974483, 1.4142135623730951
1049, 22, 293, 182, 292, 183, 1, -1, -0.7853981633974483, 1.4142135623730951
1049, 30, 273, 36, 272, 37, 1, -1, -0.7853981633974483, 1.4142135623730951
1049, 31, 146, 63, 148, 62, -2, 1, 2.677945044588987, 2.23606797749979
1050, 0, 262, 37, 261, 38, 1, -1, -0.7853981633974483, 1.4142135623730951
1051, 16, 319, 63, 318, 64, 1, -1, -0.7853981633974483, 1.4142135623730951
1051, 30, 255, 199, 254, 200, 1, -1, -0.7853981633974483, 1.4142135623730951
1051, 37, 171, 199, 170, 200, 1, -1, -0.7853981633974483, 1.4142135623730951
1052, 4, 292, 166, 291, 167, 1, -1, -0.7853981633974483, 1.4142135623730951
1052, 5, 112, 48, 111, 49, 1, -1, -0.7853981633974483, 1.4142135623730951
1052, 21, 218, 50, 217, 51, 1, -1, -0.7853981633974483, 1.4142135623730951
1052, 28, 276, 195, 275, 196, 1, -1, -0.7853981633974483, 1.4142135623730951
1052, 29, 256, 198, 255, 199, 1, -1, -0.7853981633974483, 1.4142135623730951
1052, 34, 167, 53, 168, 52, -1, 1, 2.356194490192345, 1.4142135623730951
1053, 0, 263, 36, 262, 37, 1, -1, -0.7853981633974483, 1.4142135623730951
1053, 4, 113, 47, 112, 48, 1, -1, -0.7853981633974483, 1.4142135623730951
1053, 15, 185, 48, 184, 49, 1, -1, -0.7853981633974483, 1.4142135623730951
1053, 23, 275, 38, 274, 39, 1, -1, -0.7853981633974483, 1.4142135623730951
1054, 20, 219, 49, 218, 50, 1, -1, -0.7853981633974483, 1.4142135623730951
1054, 26, 276, 192, 276, 194, 0, -2, -1.5707963267948966, 2.0
1054, 27, 257, 197, 256, 198, 1, -1, -0.7853981633974483, 1.4142135623730951
1055, 27, 278, 38, 277, 39, 1, -1, -0.7853981633974483, 1.4142135623730951
1056, 1, 120, 64, 120, 66, 0, -2, -1.5707963267948966, 2.0
1056, 13, 294, 166, 293, 167, 1, -1, -0.7853981633974483, 1.4142135623730951
1056, 22, 301, 71, 300, 72, 1, -1, -0.7853981633974483, 1.4142135623730951
1057, 11, 265, 64, 264, 66, 1, -2, -1.1071487177940904, 2.23606797749979
1057, 20, 181, 60, 180, 61, 1, -1, -0.7853981633974483, 1.4142135623730951
1057, 23, 244, 36, 243, 37, 1, -1, -0.7853981633974483, 1.4142135623730951
1057, 32, 154, 178, 153, 179, 1, -1, -0.7853981633974483, 1.4142135623730951
1058, 0, 197, 34, 196, 35, 1, -1, -0.7853981633974483, 1.4142135623730951
1058, 16, 129, 53, 128, 54, 1, -1, -0.7853981633974483, 1.4142135623730951
1058, 20, 182, 59, 181, 60, 1, -1, -0.7853981633974483, 1.4142135623730951
1058, 22, 278, 198, 277, 199, 1, -1, -0.7853981633974483, 1.4142135623730951
1059, 0, 198, 33, 197, 34, 1, -1, -0.7853981633974483, 1.4142135623730951
1059, 2, 264, 35, 263, 36, 1, -1, -0.7853981633974483, 1.4142135623730951
1059, 12, 295, 165, 294, 166, 1, -1, -0.7853981633974483, 1.4142135623730951
1059, 14, 110, 87, 110, 89, 0, -2, -1.5707963267948966, 2.0
1059, 19, 183, 58, 182, 59, 1, -1, -0.7853981633974483, 1.4142135623730951
1059, 27, 150, 64, 151, 63, -1, 1, 2.356194490192345, 1.4142135623730951
1059, 34, 170, 49, 169, 50, 1, -1, -0.7853981633974483, 1.4142135623730951
1060, 1, 198, 38, 197, 39, 1, -1, -0.7853981633974483, 1.4142135623730951
1060, 11, 166, 187, 165, 188, 1, -1, -0.7853981633974483, 1.4142135623730951
1060, 16, 281, 199, 280, 200, 1, -1, -0.7853981633974483, 1.4142135623730951
1060, 19, 294, 163, 292, 165, 2, -2, -0.7853981633974483, 2.8284271247461903
1060, 27, 222, 51, 221, 52, 1, -1, -0.7853981633974483, 1.4142135623730951
1060, 35, 303, 72, 302, 73, 1, -1, -0.7853981633974483, 1.4142135623730951
1061, 13, 231, 39, 230, 40, 1, -1, -0.7853981633974483, 1.4142135623730951
1061, 19, 297, 162, 294, 163, 3, -1, -0.3217505543966422, 3.1622776601683795
1062, 9, 197, 181, 196, 182, 1, -1, -0.7853981633974483, 1.4142135623730951
1062, 34, 305, 71, 304, 72, 1, -1, -0.7853981633974483, 1.4142135623730951
1063, 11, 164, 185, 166, 185, -2, 0, 3.141592653589793, 2.0
1063, 18, 300, 162, 298, 162, 2, 0, 0.0, 2.0
1063, 19, 183, 60, 182, 61, 1, -1, -0.7853981633974483, 1.4142135623730951
1063, 25, 223, 49, 222, 50, 1, -1, -0.7853981633974483, 1.4142135623730951
1064, 4, 190, 45, 189, 46, 1, -1, -0.7853981633974483, 1.4142135623730951
1064, 13, 232, 37, 231, 38, 1, -1, -0.7853981633974483, 1.4142135623730951
1064, 15, 283, 197, 282, 198, 1, -1, -0.7853981633974483, 1.4142135623730951
1064, 18, 301, 161, 300, 162, 1, -1, -0.7853981633974483, 1.4142135623730951
1064, 19, 184, 59, 183, 60, 1, -1, -0.7853981633974483, 1.4142135623730951
1064, 24, 224, 48, 223, 49, 1, -1, -0.7853981633974483, 1.4142135623730951
1064, 33, 106, 144, 107, 143, -1, 1, 2.356194490192345, 1.4142135623730951
1065, 0, 269, 37, 268, 38, 1, -1, -0.7853981633974483, 1.4142135623730951
1065, 20, 112, 31, 111, 32, 1, -1, -0.7853981633974483, 1.4142135623730951
1065, 29, 306, 72, 305, 73, 1, -1, -0.7853981633974483, 1.4142135623730951
1066, 4, 298, 165, 297, 166, 1, -1, -0.7853981633974483, 1.4142135623730951
1066, 6, 185, 63, 184, 64, 1, -1, -0.7853981633974483, 1.4142135623730951
1066, 18, 232, 38, 231, 39, 1, -1, -0.7853981633974483, 1.4142135623730951
1066, 28, 271, 65, 270, 66, 1, -1, -0.7853981633974483, 1.4142135623730951
1066, 34, 302, 183, 301, 184, 1, -1, -0.7853981633974483, 1.4142135623730951
1067, 4, 299, 164, 298, 165, 1, -1, -0.7853981633974483, 1.4142135623730951
1067, 8, 117, 48, 116, 49, 1, -1, -0.7853981633974483, 1.4142135623730951
1067, 26, 263, 198, 262, 199, 1, -1, -0.7853981633974483, 1.4142135623730951
1067, 28, 272, 64, 271, 65, 1, -1, -0.7853981633974483, 1.4142135623730951
1067, 32, 225, 50, 224, 51, 1, -1, -0.7853981633974483, 1.4142135623730951
1067, 34, 303, 182, 302, 183, 1, -1, -0.7853981633974483, 1.4142135623730951
1068, 4, 300, 163, 299, 164, 1, -1, -0.7853981633974483, 1.4142135623730951
1068, 26, 264, 197, 263, 198, 1, -1, -0.7853981633974483, 1.4142135623730951
1068, 28, 273, 63, 272, 64, 1, -1, -0.7853981633974483, 1.4142135623730951
1068, 29, 308, 71, 307, 72, 1, -1, -0.7853981633974483, 1.4142135623730951
1068, 32, 226, 49, 225, 50, 1, -1, -0.7853981633974483, 1.4142135623730951
1069, 4, 302, 162, 300, 163, 2, -1, -0.4636476090008061, 2.23606797749979
1069, 15, 168, 186, 167, 187, 1, -1, -0.7853981633974483, 1.4142135623730951
1069, 29, 156, 175, 155, 176, 1, -1, -0.7853981633974483, 1.4142135623730951
1069, 33, 305, 180, 303, 181, 2, -1, -0.4636476090008061, 2.23606797749979
1070, 17, 302, 166, 301, 167, 1, -1, -0.7853981633974483, 1.4142135623730951
1071, 30, 227, 50, 226, 51, 1, -1, -0.7853981633974483, 1.4142135623730951
1072, 16, 170, 186, 169, 187, 1, -1, -0.7853981633974483, 1.4142135623730951
1072, 17, 303, 164, 302, 165, 1, -1, -0.7853981633974483, 1.4142135623730951
1072, 26, 310, 72, 309, 73, 1, -1, -0.7853981633974483, 1.4142135623730951
1072, 33, 286, 38, 285, 39, 1, -1, -0.7853981633974483, 1.4142135623730951
1072, 38, 233, 187, 232, 188, 1, -1, -0.7853981633974483, 1.4142135623730951
1073, 19, 274, 64, 273, 65, 1, -1, -0.7853981633974483, 1.4142135623730951
1073, 21, 202, 179, 200, 180, 2, -1, -0.4636476090008061, 2.23606797749979
1073, 25, 311, 71, 310, 72, 1, -1, -0.7853981633974483, 1.4142135623730951
1073, 28, 267, 198, 266, 199, 1, -1, -0.7853981633974483, 1.4142135623730951
1074, 14, 171, 184, 170, 185, 1, -1, -0.7853981633974483, 1.4142135623730951
1074, 20, 203, 178, 202, 179, 1, -1, -0.7853981633974483, 1.4142135623730951
1074, 24, 118, 169, 117, 170, 1, -1, -0.7853981633974483, 1.4142135623730951
1074, 27, 228, 48, 227, 49, 1, -1, -0.7853981633974483, 1.4142135623730951
1074, 30, 288, 37, 287, 38, 1, -1, -0.7853981633974483, 1.4142135623730951
1074, 33, 61, 197, 60, 198, 1, -1, -0.7853981633974483, 1.4142135623730951
1075, 10, 301, 163, 299, 165, 2, -2, -0.7853981633974483, 2.8284271247461903
1075, 24, 229, 51, 228, 52, 1, -1, -0.7853981633974483, 1.4142135623730951
1075, 32, 218, 185, 217, 186, 1, -1, -0.7853981633974483, 1.4142135623730951
1075, 42, 160, 64, 159, 65, 1, -1, -0.7853981633974483, 1.4142135623730951
1076, 7, 276, 64, 275, 65, 1, -1, -0.7853981633974483, 1.4142135623730951
1076, 9, 303, 161, 301, 163, 2, -2, -0.7853981633974483, 2.8284271247461903
1076, 16, 117, 31, 116, 32, 1, -1, -0.7853981633974483, 1.4142135623730951
1077, 3, 223, 35, 222, 36, 1, -1, -0.7853981633974483, 1.4142135623730951
1077, 6, 203, 182, 202, 183, 1, -1, -0.7853981633974483, 1.4142135623730951
1077, 7, 277, 63, 276, 64, 1, -1, -0.7853981633974483, 1.4142135623730951
1077, 9, 306, 159, 303, 161, 3, -2, -0.5880026035475675, 3.605551275463989
1077, 12, 172, 186, 171, 187, 1, -1, -0.7853981633974483, 1.4142135623730951
1077, 28, 189, 61, 188, 62, 1, -1, -0.7853981633974483, 1.4142135623730951
1078, 4, 207, 31, 206, 32, 1, -1, -0.7853981633974483, 1.4142135623730951
1078, 7, 280, 62, 277, 63, 3, -1, -0.3217505543966422, 3.1622776601683795
1078, 21, 230, 50, 229, 51, 1, -1, -0.7853981633974483, 1.4142135623730951
1079, 9, 308, 158, 306, 158, 2, 0, 0.0, 2.0
1079, 30, 103, 194, 102, 196, 1, -2, -1.1071487177940904, 2.23606797749979
1079, 33, 314, 72, 313, 73, 1, -1, -0.7853981633974483, 1.4142135623730951
1080, 5, 307, 165, 306, 166, 1, -1, -0.7853981633974483, 1.4142135623730951
1080, 15, 82, 66, 80, 68, 2, -2, -0.7853981633974483, 2.8284271247461903
1080, 22, 289, 38, 288, 39, 1, -1, -0.7853981633974483, 1.4142135623730951
1081, 1, 276, 37, 275, 38, 1, -1, -0.7853981633974483, 1.4142135623730951
1081, 15, 84, 66, 82, 66, 2, 0, 0.0, 2.0
1081, 22, 290, 37, 289, 38, 1, -1, -0.7853981633974483, 1.4142135623730951
1081, 26, 175, 64, 174, 65, 1, -1, -0.7853981633974483, 1.4142135623730951
1082, 14, 86, 66, 84, 66, 2, 0, 0.0, 2.0
1082, 23, 290, 195, 289, 196, 1, -1, -0.7853981633974483, 1.4142135623730951
1082, 26, 232, 51, 231, 52, 1, -1, -0.7853981633974483, 1.4142135623730951
1083, 4, 308, 164, 307, 165, 1, -1, -0.7853981633974483, 1.4142135623730951
1083, 14, 87, 65, 86, 66, 1, -1, -0.7853981633974483, 1.4142135623730951
1083, 19, 138, 46, 137, 47, 1, -1, -0.7853981633974483, 1.4142135623730951
1083, 25, 239, 38, 238, 39, 1, -1, -0.7853981633974483, 1.4142135623730951
1084, 2, 142, 58, 141, 60, 1, -2, -1.1071487177940904, 2.23606797749979
1084, 8, 175, 183, 174, 184, 1, -1, -0.7853981633974483, 1.4142135623730951
1084, 11, 191, 61, 190, 62, 1, -1, -0.7853981633974483, 1.4142135623730951
1084, 28, 280, 64, 279, 65, 1, -1, -0.7853981633974483, 1.4142135623730951
1084, 31, 163, 174, 162, 175, 1, -1, -0.7853981633974483, 1.4142135623730951
1085, 1, 279, 37, 278, 38, 1, -1, -0.7853981633974483, 1.4142135623730951
1085, 3, 147, 183, 146, 184, 1, -1, -0.7853981633974483, 1.4142135623730951
1085, 41, 164, 64, 163, 65, 1, -1, -0.7853981633974483, 1.4142135623730951
1085, 44, 315, 184, 314, 185, 1, -1, -0.7853981633974483, 1.4142135623730951
1085, 45, 127, 190, 126, 191, 1, -1, -0.7853981633974483, 1.4142135623730951
1086, 1, 280, 36, 279, 37, 1, -1, -0.7853981633974483, 1.4142135623730951
1086, 7, 177, 185, 176, 186, 1, -1, -0.7853981633974483, 1.4142135623730951
1086, 12, 207, 182, 206, 183, 1, -1, -0.7853981633974483, 1.4142135623730951
1086, 22, 234, 51, 233, 52, 1, -1, -0.7853981633974483, 1.4142135623730951
1086, 32, 292, 38, 291, 39, 1, -1, -0.7853981633974483, 1.4142135623730951
1086, 40, 316, 183, 315, 184, 1, -1, -0.7853981633974483, 1.4142135623730951
1087, 11, 311, 164, 310, 165, 1, -1, -0.7853981633974483, 1.4142135623730951
1087, 39, 259, 38, 258, 39, 1, -1, -0.7853981633974483, 1.4142135623730951
1088, 7, 178, 184, 177, 185, 1, -1, -0.7853981633974483, 1.4142135623730951
1088, 12, 208, 180, 207, 181, 1, -1, -0.7853981633974483, 1.4142135623730951
1088, 15, 122, 31, 121, 32, 1, -1, -0.7853981633974483, 1.4142135623730951
1088, 18, 201, 47, 200, 48, 1, -1, -0.7853981633974483, 1.4142135623730951
1088, 32, 140, 191, 139, 192, 1, -1, -0.7853981633974483, 1.4142135623730951
1089, 6, 191, 36, 190, 37, 1, -1, -0.7853981633974483, 1.4142135623730951
1089, 11, 210, 179, 208, 180, 2, -1, -0.4636476090008061, 2.23606797749979
1089, 13, 119, 30, 122, 31, -3, -1, -2.819842099193151, 3.1622776601683795
1089, 15, 91, 198, 89, 199, 2, -1, -0.4636476090008061, 2.23606797749979
1089, 18, 183, 51, 182, 52, 1, -1, -0.7853981633974483, 1.4142135623730951
1089, 30, 283, 65, 281, 66, 2, -1, -0.4636476090008061, 2.23606797749979
1089, 33, 165, 62, 164, 63, 1, -1, -0.7853981633974483, 1.4142135623730951
1090, 1, 281, 37, 280, 38, 1, -1, -0.7853981633974483, 1.4142135623730951
1090, 12, 309, 163, 308, 164, 1, -1, -0.7853981633974483, 1.4142135623730951
1090, 16, 211, 182, 210, 183, 1, -1, -0.7853981633974483, 1.4142135623730951
1091, 10, 244, 38, 243, 39, 1, -1, -0.7853981633974483, 1.4142135623730951
1091, 12, 311, 161, 309, 163, 2, -2, -0.7853981633974483, 2.8284271247461903
1091, 26, 122, 31, 121, 32, 1, -1, -0.7853981633974483, 1.4142135623730951
1092, 7, 203, 48, 202, 49, 1, -1, -0.7853981633974483, 1.4142135623730951
1092, 12, 314, 159, 311, 161, 3, -2, -0.5880026035475675, 3.605551275463989
1092, 26, 126, 31, 122, 31, 4, 0, 0.0, 4.0
1092, 31, 127, 52, 126, 53, 1, -1, -0.7853981633974483, 1.4142135623730951
1092, 32, 166, 64, 165, 65, 1, -1, -0.7853981633974483, 1.4142135623730951
1093, 10, 245, 37, 244, 38, 1, -1, -0.7853981633974483, 1.4142135623730951
1093, 12, 313, 157, 314, 159, -1, -2, -2.0344439357957027, 2.23606797749979
1093, 15, 212, 179, 211, 180, 1, -1, -0.7853981633974483, 1.4142135623730951
1095, 3, 315, 164, 314, 165, 1, -1, -0.7853981633974483, 1.4142135623730951
1095, 10, 196, 36, 194, 38, 2, -2, -0.7853981633974483, 2.8284271247461903
1095, 32, 181, 63, 180, 64, 1, -1, -0.7853981633974483, 1.4142135623730951
1095, 33, 239, 52, 238, 53, 1, -1, -0.7853981633974483, 1.4142135623730951
1096, 0, 214, 38, 213, 39, 1, -1, -0.7853981633974483, 1.4142135623730951
1097, 5, 232, 36, 231, 37, 1, -1, -0.7853981633974483, 1.4142135623730951
1097, 8, 215, 31, 214, 32, 1, -1, -0.7853981633974483, 1.4142135623730951
1097, 17, 245, 40, 244, 41, 1, -1, -0.7853981633974483, 1.4142135623730951
1097, 34, 278, 198, 277, 199, 1, -1, -0.7853981633974483, 1.4142135623730951
1098, 8, 216, 30, 215, 31, 1, -1, -0.7853981633974483, 1.4142135623730951
1098, 12, 289, 65, 288, 66, 1, -1, -0.7853981633974483, 1.4142135623730951
1098, 16, 213, 180, 212, 181, 1, -1, -0.7853981633974483, 1.4142135623730951
1098, 27, 298, 38, 297, 39, 1, -1, -0.7853981633974483, 1.4142135623730951
1098, 30, 126, 31, 125, 32, 1, -1, -0.7853981633974483, 1.4142135623730951
1098, 33, 279, 197, 278, 198, 1, -1, -0.7853981633974483, 1.4142135623730951
1099, 3, 316, 162, 315, 163, 1, -1, -0.7853981633974483, 1.4142135623730951
1099, 4, 204, 47, 203, 48, 1, -1, -0.7853981633974483, 1.4142135623730951
1099, 14, 181, 184, 180, 185, 1, -1, -0.7853981633974483, 1.4142135623730951
1099, 15, 214, 179, 213, 180, 1, -1, -0.7853981633974483, 1.4142135623730951
1099, 17, 298, 196, 297, 197, 1, -1, -0.7853981633974483, 1.4142135623730951
1099, 23, 166, 64, 167, 62, -1, 2, 2.0344439357957027, 2.23606797749979
1099, 26, 299, 37, 298, 38, 1, -1, -0.7853981633974483, 1.4142135623730951
1099, 29, 117, 31, 126, 31, -9, 0, 3.141592653589793, 9.0
1099, 31, 240, 50, 239, 51, 1, -1, -0.7853981633974483, 1.4142135623730951
1099, 33, 245, 185, 244, 186, 1, -1, -0.7853981633974483, 1.4142135623730951
1100, 2, 286, 37, 285, 38, 1, -1, -0.7853981633974483, 1.4142135623730951
1100, 11, 318, 164, 317, 165, 1, -1, -0.7853981633974483, 1.4142135623730951
1100, 16, 215, 182, 214, 183, 1, -1, -0.7853981633974483, 1.4142135623730951
1100, 19, 300, 198, 299, 199, 1, -1, -0.7853981633974483, 1.4142135623730951
1100, 21, 248, 37, 247, 38, 1, -1, -0.7853981633974483, 1.4142135623730951
1100, 25, 231, 185, 229, 186, 2, -1, -0.4636476090008061, 2.23606797749979
1101, 13, 199, 62, 198, 63, 1, -1, -0.7853981633974483, 1.4142135623730951
1101, 14, 183, 185, 182, 186, 1, -1, -0.7853981633974483, 1.4142135623730951
1101, 15, 216, 181, 215, 182, 1, -1, -0.7853981633974483, 1.4142135623730951
1101, 39, 190, 50, 189, 51, 1, -1, -0.7853981633974483, 1.4142135623730951
1102, 2, 287, 36, 286, 37, 1, -1, -0.7853981633974483, 1.4142135623730951
1102, 14, 184, 184, 183, 185, 1, -1, -0.7853981633974483, 1.4142135623730951
1103, 7, 94, 198, 93, 199, 1, -1, -0.7853981633974483, 1.4142135623730951
1103, 9, 197, 35, 196, 36, 1, -1, -0.7853981633974483, 1.4142135623730951
1103, 11, 319, 163, 318, 164, 1, -1, -0.7853981633974483, 1.4142135623730951
1103, 14, 185, 183, 184, 184, 1, -1, -0.7853981633974483, 1.4142135623730951
1103, 22, 246, 187, 245, 188, 1, -1, -0.7853981633974483, 1.4142135623730951
1103, 30, 293, 66, 291, 67, 2, -1, -0.4636476090008061, 2.23606797749979
1104, 7, 96, 198, 94, 198, 2, 0, 0.0, 2.0
1104, 13, 186, 182, 185, 183, 1, -1, -0.7853981633974483, 1.4142135623730951
1104, 28, 243, 50, 242, 51, 1, -1, -0.7853981633974483, 1.4142135623730951
1104, 29, 294, 65, 293, 66, 1, -1, -0.7853981633974483, 1.4142135623730951
1104, 31, 145, 45, 145, 47, 0, -2, -1.5707963267948966, 2.0
1104, 33, 171, 63, 170, 64, 1, -1, -0.7853981633974483, 1.4142135623730951
1105, 0, 289, 37, 288, 38, 1, -1, -0.7853981633974483, 1.4142135623730951
1105, 9, 250, 38, 249, 39, 1, -1, -0.7853981633974483, 1.4142135623730951
1105, 19, 282, 199, 281, 200, 1, -1, -0.7853981633974483, 1.4142135623730951
1105, 21, 244, 52, 243, 53, 1, -1, -0.7853981633974483, 1.4142135623730951
1105, 29, 128, 77, 128, 79, 0, -2, -1.5707963267948966, 2.0
1106, 19, 283, 198, 282, 199, 1, -1, -0.7853981633974483, 1.4142135623730951
1107, 6, 319, 162, 318, 163, 1, -1, -0.7853981633974483, 1.4142135623730951
1107, 8, 251, 37, 250, 38, 1, -1, -0.7853981633974483, 1.4142135623730951
1107, 19, 244, 188, 245, 187, -1, 1, 2.356194490192345, 1.4142135623730951
1107, 25, 172, 63, 171, 64, 1, -1, -0.7853981633974483, 1.4142135623730951
1108, 23, 301, 38, 300, 39, 1, -1, -0.7853981633974483, 1.4142135623730951
1108, 24, 173, 62, 172, 63, 1, -1, -0.7853981633974483, 1.4142135623730951
1109, 5, 221, 30, 220, 31, 1, -1, -0.7853981633974483, 1.4142135623730951
1109, 7, 252, 36, 251, 37, 1, -1, -0.7853981633974483, 1.4142135623730951
1109, 8, 303, 194, 301, 195, 2, -1, -0.4636476090008061, 2.23606797749979
1109, 30, 78, 60, 79, 62, -1, -2, -2.0344439357957027, 2.23606797749979
1110, 8, 237, 37, 236, 38, 1, -1, -0.7853981633974483, 1.4142135623730951
1110, 24, 247, 51, 246, 52, 1, -1, -0.7853981633974483, 1.4142135623730951
1110, 33, 284, 199, 283, 200, 1, -1, -0.7853981633974483, 1.4142135623730951
1111, 1, 291, 36, 290, 37, 1, -1, -0.7853981633974483, 1.4142135623730951
1111, 20, 204, 61, 203, 62, 1, -1, -0.7853981633974483, 1.4142135623730951
1111, 22, 131, 31, 130, 32, 1, -1, -0.7853981633974483, 1.4142135623730951
1111, 27, 296, 66, 295, 67, 1, -1, -0.7853981633974483, 1.4142135623730951
1112, 31, 303, 38, 302, 39, 1, -1, -0.7853981633974483, 1.4142135623730951
1113, 27, 117, 46, 119, 46, -2, 0, 3.141592653589793, 2.0
1113, 32, 285, 197, 284, 198, 1, -1, -0.7853981633974483, 1.4142135623730951
1114, 26, 115, 46, 117, 46, -2, 0, 3.141592653589793, 2.0
1115, 0, 223, 36, 222, 37, 1, -1, -0.7853981633974483, 1.4142135623730951
1115, 19, 117, 87, 115, 88, 2, -1, -0.4636476090008061, 2.23606797749979
1115, 24, 249, 52, 248, 53, 1, -1, -0.7853981633974483, 1.4142135623730951
1115, 35, 306, 38, 305, 40, 1, -2, -1.1071487177940904, 2.23606797749979
1116, 0, 224, 35, 223, 36, 1, -1, -0.7853981633974483, 1.4142135623730951
1116, 8, 190, 185, 189, 186, 1, -1, -0.7853981633974483, 1.4142135623730951
1116, 9, 215, 48, 214, 49, 1, -1, -0.7853981633974483, 1.4142135623730951
1116, 10, 224, 182, 223, 183, 1, -1, -0.7853981633974483, 1.4142135623730951
1116, 19, 118, 86, 117, 87, 1, -1, -0.7853981633974483, 1.4142135623730951
1116, 21, 300, 66, 298, 67, 2, -1, -0.4636476090008061, 2.23606797749979
1116, 22, 250, 51, 249, 52, 1, -1, -0.7853981633974483, 1.4142135623730951
1117, 0, 225, 34, 224, 35, 1, -1, -0.7853981633974483, 1.4142135623730951
1117, 1, 294, 37, 293, 38, 1, -1, -0.7853981633974483, 1.4142135623730951
1117, 2, 156, 60, 155, 61, 1, -1, -0.7853981633974483, 1.4142135623730951
1117, 6, 159, 182, 158, 183, 1, -1, -0.7853981633974483, 1.4142135623730951
1117, 23, 308, 197, 307, 198, 1, -1, -0.7853981633974483, 1.4142135623730951
1117, 27, 195, 50, 194, 51, 1, -1, -0.7853981633974483, 1.4142135623730951
1117, 30, 287, 197, 286, 198, 1, -1, -0.7853981633974483, 1.4142135623730951
1117, 32, 253, 187, 252, 188, 1, -1, -0.7853981633974483, 1.4142135623730951
1118, 19, 256, 37, 255, 38, 1, -1, -0.7853981633974483, 1.4142135623730951
1118, 23, 309, 196, 308, 197, 1, -1, -0.7853981633974483, 1.4142135623730951
1118, 24, 177, 174, 176, 175, 1, -1, -0.7853981633974483, 1.4142135623730951
1118, 32, 254, 186, 253, 187, 1, -1, -0.7853981633974483, 1.4142135623730951
1119, 0, 225, 31, 225, 33, 0, -2, -1.5707963267948966, 2.0
1119, 7, 188, 185, 190, 185, -2, 0, 3.141592653589793, 2.0
1119, 8, 216, 46, 215, 47, 1, -1, -0.7853981633974483, 1.4142135623730951
1119, 10, 144, 54, 143, 55, 1, -1, -0.7853981633974483, 1.4142135623730951
1119, 14, 206, 60, 205, 61, 1, -1, -0.7853981633974483, 1.4142135623730951
1119, 23, 178, 173, 177, 174, 1, -1, -0.7853981633974483, 1.4142135623730951
1119, 31, 255, 185, 254, 186, 1, -1, -0.7853981633974483, 1.4142135623730951
1120, 3, 296, 37, 295, 38, 1, -1, -0.7853981633974483, 1.4142135623730951
1120, 9, 226, 31, 225, 32, 1, -1, -0.7853981633974483, 1.4142135623730951
1120, 19, 257, 38, 256, 39, 1, -1, -0.7853981633974483, 1.4142135623730951
1121, 24, 197, 51, 196, 52, 1, -1, -0.7853981633974483, 1.4142135623730951
1123, 0, 225, 37, 224, 38, 1, -1, -0.7853981633974483, 1.4142135623730951
1123, 21, 179, 173, 178, 174, 1, -1, -0.7853981633974483, 1.4142135623730951
1124, 2, 126, 56, 126, 58, 0, -2, -1.5707963267948966, 2.0
1124, 18, 259, 36, 258, 37, 1, -1, -0.7853981633974483, 1.4142135623730951
1125, 0, 227, 38, 226, 39, 1, -1, -0.7853981633974483, 1.4142135623730951
1125, 3, 298, 37, 297, 38, 1, -1, -0.7853981633974483, 1.4142135623730951
1126, 0, 228, 37, 227, 38, 1, -1, -0.7853981633974483, 1.4142135623730951
1126, 8, 229, 31, 228, 32, 1, -1, -0.7853981633974483, 1.4142135623730951
1126, 10, 208, 37, 207, 38, 1, -1, -0.7853981633974483, 1.4142135623730951
1126, 37, 181, 64, 180, 65, 1, -1, -0.7853981633974483, 1.4142135623730951
1127, 3, 299, 36, 298, 37, 1, -1, -0.7853981633974483, 1.4142135623730951
1127, 14, 194, 185, 193, 186, 1, -1, -0.7853981633974483, 1.4142135623730951
1127, 38, 304, 66, 303, 67, 1, -1, -0.7853981633974483, 1.4142135623730951
1127, 41, 194, 63, 193, 64, 1, -1, -0.7853981633974483, 1.4142135623730951
1127, 44, 304, 186, 303, 187, 1, -1, -0.7853981633974483, 1.4142135623730951
1128, 14, 195, 184, 194, 185, 1, -1, -0.7853981633974483, 1.4142135623730951
1128, 15, 241, 37, 240, 38, 1, -1, -0.7853981633974483, 1.4142135623730951
1128, 17, 257, 37, 256, 38, 1, -1, -0.7853981633974483, 1.4142135623730951
1128, 23, 293, 197, 292, 198, 1, -1, -0.7853981633974483, 1.4142135623730951
1128, 37, 305, 65, 304, 66, 1, -1, -0.7853981633974483, 1.4142135623730951
1128, 39, 195, 62, 194, 63, 1, -1, -0.7853981633974483, 1.4142135623730951
1129, 8, 230, 30, 229, 31, 1, -1, -0.7853981633974483, 1.4142135623730951
1129, 16, 116, 86, 116, 88, 0, -2, -1.5707963267948966, 2.0
1129, 32, 257, 186, 256, 187, 1, -1, -0.7853981633974483, 1.4142135623730951
1129, 35, 183, 63, 182, 64, 1, -1, -0.7853981633974483, 1.4142135623730951
1129, 41, 107, 44, 108, 46, -1, -2, -2.0344439357957027, 2.23606797749979
1130, 16, 211, 63, 210, 64, 1, -1, -0.7853981633974483, 1.4142135623730951
1130, 35, 196, 63, 195, 64, 1, -1, -0.7853981633974483, 1.4142135623730951
1131, 12, 221, 47, 220, 48, 1, -1, -0.7853981633974483, 1.4142135623730951
1131, 20, 308, 66, 307, 67, 1, -1, -0.7853981633974483, 1.4142135623730951
1132, 2, 301, 37, 300, 38, 1, -1, -0.7853981633974483, 1.4142135623730951
1132, 28, 257, 51, 256, 52, 1, -1, -0.7853981633974483, 1.4142135623730951
1132, 31, 315, 38, 314, 39, 1, -1, -0.7853981633974483, 1.4142135623730951
1132, 32, 183, 63, 182, 64, 1, -1, -0.7853981633974483, 1.4142135623730951
1133, 5, 165, 185, 164, 186, 1, -1, -0.7853981633974483, 1.4142135623730951
1133, 10, 197, 186, 196, 187, 1, -1, -0.7853981633974483, 1.4142135623730951
1133, 11, 222, 46, 221, 47, 1, -1, -0.7853981633974483, 1.4142135623730951
1133, 25, 258, 50, 257, 51, 1, -1, -0.7853981633974483, 1.4142135623730951
1133, 28, 316, 37, 315, 38, 1, -1, -0.7853981633974483, 1.4142135623730951
1133, 31, 197, 61, 196, 62, 1, -1, -0.7853981633974483, 1.4142135623730951
1134, 2, 303, 36, 302, 37, 1, -1, -0.7853981633974483, 1.4142135623730951
1134, 8, 137, 42, 137, 44, 0, -2, -1.5707963267948966, 2.0
1134, 19, 309, 64, 308, 65, 1, -1, -0.7853981633974483, 1.4142135623730951
1134, 28, 317, 36, 316, 37, 1, -1, -0.7853981633974483, 1.4142135623730951
1135, 21, 262, 188, 261, 189, 1, -1, -0.7853981633974483, 1.4142135623730951
1136, 9, 212, 36, 211, 37, 1, -1, -0.7853981633974483, 1.4142135623730951
1136, 22, 309, 67, 308, 68, 1, -1, -0.7853981633974483, 1.4142135623730951
1136, 24, 139, 31, 138, 32, 1, -1, -0.7853981633974483, 1.4142135623730951
1136, 26, 260, 51, 259, 52, 1, -1, -0.7853981633974483, 1.4142135623730951
1136, 35, 120, 61, 119, 62, 1, -1, -0.7853981633974483, 1.4142135623730951
1137, 20, 297, 198, 296, 199, 1, -1, -0.7853981633974483, 1.4142135623730951
1137, 22, 311, 66, 309, 67, 2, -1, -0.4636476090008061, 2.23606797749979
1138, 22, 312, 65, 311, 66, 1, -1, -0.7853981633974483, 1.4142135623730951
1138, 37, 142, 192, 141, 193, 1, -1, -0.7853981633974483, 1.4142135623730951
1138, 38, 185, 174, 184, 175, 1, -1, -0.7853981633974483, 1.4142135623730951
1139, 19, 298, 196, 297, 197, 1, -1, -0.7853981633974483, 1.4142135623730951
1140, 8, 235, 181, 234, 182, 1, -1, -0.7853981633974483, 1.4142135623730951
1140, 14, 89, 65, 88, 66, 1, -1, -0.7853981633974483, 1.4142135623730951
1140, 18, 188, 174, 187, 175, 1, -1, -0.7853981633974483, 1.4142135623730951
1140, 30, 129, 45, 128, 47, 1, -2, -1.1071487177940904, 2.23606797749979
1141, 1, 306, 38, 305, 39, 1, -1, -0.7853981633974483, 1.4142135623730951
1141, 6, 202, 185, 201, 186, 1, -1, -0.7853981633974483, 1.4142135623730951
1141, 34, 187, 64, 186, 65, 1, -1, -0.7853981633974483, 1.4142135623730951
1142, 1, 307, 37, 306, 38, 1, -1, -0.7853981633974483, 1.4142135623730951
1142, 11, 251, 36, 250, 37, 1, -1, -0.7853981633974483, 1.4142135623730951
1142, 30, 77, 198, 76, 199, 1, -1, -0.7853981633974483, 1.4142135623730951
1142, 34, 188, 63, 187, 64, 1, -1, -0.7853981633974483, 1.4142135623730951
1143, 10, 252, 35, 251, 36, 1, -1, -0.7853981633974483, 1.4142135623730951
1143, 16, 227, 46, 226, 47, 1, -1, -0.7853981633974483, 1.4142135623730951
1143, 18, 138, 31, 140, 31, -2, 0, 3.141592653589793, 2.0
1143, 25, 317, 38, 316, 39, 1, -1, -0.7853981633974483, 1.4142135623730951
1143, 32, 189, 62, 188, 63, 1, -1, -0.7853981633974483, 1.4142135623730951
1144, 1, 309, 36, 308, 37, 1, -1, -0.7853981633974483, 1.4142135623730951
1144, 6, 168, 180, 168, 183, 0, -3, -1.5707963267948966, 3.0
1144, 9, 253, 34, 252, 35, 1, -1, -0.7853981633974483, 1.4142135623730951
1144, 15, 228, 45, 227, 46, 1, -1, -0.7853981633974483, 1.4142135623730951
1144, 16, 189, 171, 188, 172, 1, -1, -0.7853981633974483, 1.4142135623730951
1144, 19, 262, 51, 261, 52, 1, -1, -0.7853981633974483, 1.4142135623730951
1144, 21, 152, 53, 151, 54, 1, -1, -0.7853981633974483, 1.4142135623730951
1144, 23, 301, 197, 300, 198, 1, -1, -0.7853981633974483, 1.4142135623730951
1144, 24, 318, 37, 317, 38, 1, -1, -0.7853981633974483, 1.4142135623730951
1144, 26, 65, 178, 67, 178, -2, 0, 3.141592653589793, 2.0
1145, 3, 308, 38, 307, 39, 1, -1, -0.7853981633974483, 1.4142135623730951
1145, 8, 237, 181, 236, 182, 1, -1, -0.7853981633974483, 1.4142135623730951
1145, 20, 269, 38, 268, 39, 1, -1, -0.7853981633974483, 1.4142135623730951
1146, 1, 167, 61, 166, 62, 1, -1, -0.7853981633974483, 1.4142135623730951
1146, 20, 270, 37, 269, 38, 1, -1, -0.7853981633974483, 1.4142135623730951
1146, 21, 190, 174, 189, 175, 1, -1, -0.7853981633974483, 1.4142135623730951
1147, 24, 265, 52, 264, 53, 1, -1, -0.7853981633974483, 1.4142135623730951
1148, 1, 168, 59, 167, 60, 1, -1, -0.7853981633974483, 1.4142135623730951
1148, 8, 239, 179, 238, 180, 1, -1, -0.7853981633974483, 1.4142135623730951
1148, 18, 271, 35, 270, 36, 1, -1, -0.7853981633974483, 1.4142135623730951
1148, 19, 191, 172, 190, 173, 1, -1, -0.7853981633974483, 1.4142135623730951
1148, 22, 266, 51, 265, 52, 1, -1, -0.7853981633974483, 1.4142135623730951
1148, 24, 208, 49, 207, 50, 1, -1, -0.7853981633974483, 1.4142135623730951
1149, 3, 309, 36, 308, 37, 1, -1, -0.7853981633974483, 1.4142135623730951
1149, 8, 240, 178, 239, 179, 1, -1, -0.7853981633974483, 1.4142135623730951
1149, 19, 193, 171, 191, 172, 2, -1, -0.4636476090008061, 2.23606797749979
1151, 3, 312, 37, 311, 38, 1, -1, -0.7853981633974483, 1.4142135623730951
1151, 12, 255, 37, 254, 38, 1, -1, -0.7853981633974483, 1.4142135623730951
1151, 16, 271, 38, 270, 39, 1, -1, -0.7853981633974483, 1.4142135623730951
1152, 1, 239, 37, 238, 38, 1, -1, -0.7853981633974483, 1.4142135623730951
1152, 16, 272, 37, 271, 38, 1, -1, -0.7853981633974483, 1.4142135623730951
1152, 23, 268, 53, 267, 54, 1, -1, -0.7853981633974483, 1.4142135623730951
1153, 8, 146, 44, 145, 45, 1, -1, -0.7853981633974483, 1.4142135623730951
1154, 0, 170, 60, 169, 61, 1, -1, -0.7853981633974483, 1.4142135623730951
1154, 5, 230, 48, 229, 49, 1, -1, -0.7853981633974483, 1.4142135623730951
1154, 14, 219, 36, 218, 37, 1, -1, -0.7853981633974483, 1.4142135623730951
1154, 16, 273, 36, 272, 37, 1, -1, -0.7853981633974483, 1.4142135623730951
1155, 14, 222, 37, 221, 38, 1, -1, -0.7853981633974483, 1.4142135623730951
1155, 19, 147, 32, 146, 33, 1, -1, -0.7853981633974483, 1.4142135623730951
1156, 8, 254, 37, 253, 38, 1, -1, -0.7853981633974483, 1.4142135623730951
1156, 24, 206, 62, 205, 63, 1, -1, -0.7853981633974483, 1.4142135623730951
1157, 3, 241, 37, 240, 38, 1, -1, -0.7853981633974483, 1.4142135623730951
1157, 10, 242, 178, 241, 179, 1, -1, -0.7853981633974483, 1.4142135623730951
1157, 13, 207, 185, 206, 186, 1, -1, -0.7853981633974483, 1.4142135623730951
1157, 17, 174, 184, 173, 185, 1, -1, -0.7853981633974483, 1.4142135623730951
1157, 24, 207, 61, 206, 62, 1, -1, -0.7853981633974483, 1.4142135623730951
1158, 10, 243, 177, 242, 178, 1, -1, -0.7853981633974483, 1.4142135623730951
1158, 12, 222, 60, 221, 61, 1, -1, -0.7853981633974483, 1.4142135623730951
1158, 13, 208, 184, 207, 185, 1, -1, -0.7853981633974483, 1.4142135623730951
1158, 17, 175, 183, 174, 184, 1, -1, -0.7853981633974483, 1.4142135623730951
1158, 23, 208, 60, 207, 61, 1, -1, -0.7853981633974483, 1.4142135623730951
1159, 7, 234, 48, 233, 49, 1, -1, -0.7853981633974483, 1.4142135623730951
1159, 10, 243, 175, 243, 177, 0, -2, -1.5707963267948966, 2.0
1159, 13, 209, 183, 208, 184, 1, -1, -0.7853981633974483, 1.4142135623730951
1159, 19, 150, 31, 147, 31, 3, 0, 0.0, 3.0
1160, 0, 244, 38, 243, 39, 1, -1, -0.7853981633974483, 1.4142135623730951
1160, 1, 315, 37, 314, 38, 1, -1, -0.7853981633974483, 1.4142135623730951
1160, 17, 237, 48, 236, 49, 1, -1, -0.7853981633974483, 1.4142135623730951
1160, 27, 272, 53, 271, 54, 1, -1, -0.7853981633974483, 1.4142135623730951
1161, 13, 224, 37, 223, 38, 1, -1, -0.7853981633974483, 1.4142135623730951
1161, 14, 245, 180, 244, 181, 1, -1, -0.7853981633974483, 1.4142135623730951
1161, 19, 171, 50, 170, 51, 1, -1, -0.7853981633974483, 1.4142135623730951
1162, 0, 245, 37, 244, 38, 1, -1, -0.7853981633974483, 1.4142135623730951
1162, 1, 316, 35, 315, 36, 1, -1, -0.7853981633974483, 1.4142135623730951
1162, 25, 273, 52, 272, 53, 1, -1, -0.7853981633974483, 1.4142135623730951
1162, 26, 71, 178, 70, 180, 1, -2, -1.1071487177940904, 2.23606797749979
1162, 35, 301, 188, 300, 189, 1, -1, -0.7853981633974483, 1.4142135623730951
1163, 23, 197, 174, 196, 175, 1, -1, -0.7853981633974483, 1.4142135623730951
1164, 25, 274, 51, 273, 52, 1, -1, -0.7853981633974483, 1.4142135623730951
1165, 9, 315, 39, 314, 40, 1, -1, -0.7853981633974483, 1.4142135623730951
1166, 0, 246, 36, 245, 37, 1, -1, -0.7853981633974483, 1.4142135623730951
1166, 14, 275, 53, 274, 54, 1, -1, -0.7853981633974483, 1.4142135623730951
1166, 29, 199, 174, 198, 175, 1, -1, -0.7853981633974483, 1.4142135623730951
1167, 1, 175, 62, 174, 63, 1, -1, -0.7853981633974483, 1.4142135623730951
1167, 12, 238, 50, 237, 51, 1, -1, -0.7853981633974483, 1.4142135623730951
1167, 14, 276, 52, 275, 53, 1, -1, -0.7853981633974483, 1.4142135623730951
1168, 9, 158, 200, 157, 201, 1, -1, -0.7853981633974483, 1.4142135623730951
1169, 18, 152, 30, 151, 31, 1, -1, -0.7853981633974483, 1.4142135623730951
1170, 3, 250, 180, 249, 181, 1, -1, -0.7853981633974483, 1.4142135623730951
1170, 16, 151, 32, 150, 33, 1, -1, -0.7853981633974483, 1.4142135623730951
1170, 25, 201, 174, 200, 175, 1, -1, -0.7853981633974483, 1.4142135623730951
1170, 27, 218, 52, 217, 53, 1, -1, -0.7853981633974483, 1.4142135623730951
1170, 35, 288, 63, 288, 66, 0, -3, -1.5707963267948966, 3.0
1171, 0, 248, 37, 247, 38, 1, -1, -0.7853981633974483, 1.4142135623730951
1171, 6, 264, 36, 263, 37, 1, -1, -0.7853981633974483, 1.4142135623730951
1171, 11, 229, 36, 228, 37, 1, -1, -0.7853981633974483, 1.4142135623730951
1171, 25, 202, 173, 201, 174, 1, -1, -0.7853981633974483, 1.4142135623730951
1171, 32, 313, 197, 312, 198, 1, -1, -0.7853981633974483, 1.4142135623730951
1172, 3, 251, 178, 250, 179, 1, -1, -0.7853981633974483, 1.4142135623730951
1172, 9, 145, 56, 144, 57, 1, -1, -0.7853981633974483, 1.4142135623730951
1172, 21, 301, 37, 300, 38, 1, -1, -0.7853981633974483, 1.4142135623730951
1172, 22, 203, 172, 202, 173, 1, -1, -0.7853981633974483, 1.4142135623730951
1172, 29, 314, 196, 313, 197, 1, -1, -0.7853981633974483, 1.4142135623730951
1173, 8, 93, 79, 93, 81, 0, -2, -1.5707963267948966, 2.0
1173, 10, 244, 48, 243, 49, 1, -1, -0.7853981633974483, 1.4142135623730951
1173, 24, 219, 50, 218, 51, 1, -1, -0.7853981633974483, 1.4142135623730951
1173, 29, 315, 195, 314, 196, 1, -1, -0.7853981633974483, 1.4142135623730951
1173, 30, 162, 50, 161, 51, 1, -1, -0.7853981633974483, 1.4142135623730951
1174, 9, 245, 47, 244, 48, 1, -1, -0.7853981633974483, 1.4142135623730951
1174, 17, 241, 64, 241, 66, 0, -2, -1.5707963267948966, 2.0
1174, 21, 277, 53, 276, 54, 1, -1, -0.7853981633974483, 1.4142135623730951
1174, 27, 317, 195, 315, 195, 2, 0, 0.0, 2.0
1175, 1, 251, 38, 250, 39, 1, -1, -0.7853981633974483, 1.4142135623730951
1175, 18, 280, 53, 279, 54, 1, -1, -0.7853981633974483, 1.4142135623730951
1175, 26, 221, 50, 220, 51, 1, -1, -0.7853981633974483, 1.4142135623730951
1176, 1, 252, 37, 251, 38, 1, -1, -0.7853981633974483, 1.4142135623730951
1176, 8, 244, 49, 243, 50, 1, -1, -0.7853981633974483, 1.4142135623730951
1176, 12, 253, 180, 252, 181, 1, -1, -0.7853981633974483, 1.4142135623730951
1176, 17, 281, 52, 280, 53, 1, -1, -0.7853981633974483, 1.4142135623730951
1176, 19, 109, 151, 108, 152, 1, -1, -0.7853981633974483, 1.4142135623730951
1176, 22, 92, 63, 94, 64, -2, -1, -2.677945044588987, 2.23606797749979
1177, 14, 231, 38, 230, 39, 1, -1, -0.7853981633974483, 1.4142135623730951
1178, 0, 180, 58, 179, 60, 1, -2, -1.1071487177940904, 2.23606797749979
1178, 8, 245, 48, 244, 49, 1, -1, -0.7853981633974483, 1.4142135623730951
1178, 11, 254, 179, 253, 180, 1, -1, -0.7853981633974483, 1.4142135623730951
1178, 23, 220, 51, 221, 50, -1, 1, 2.356194490192345, 1.4142135623730951
1179, 12, 155, 35, 154, 36, 1, -1, -0.7853981633974483, 1.4142135623730951
1180, 18, 77, 178, 76, 179, 1, -1, -0.7853981633974483, 1.4142135623730951
1181, 9, 218, 186, 217, 187, 1, -1, -0.7853981633974483, 1.4142135623730951
1181, 10, 233, 38, 232, 39, 1, -1, -0.7853981633974483, 1.4142135623730951
1181, 17, 283, 52, 282, 53, 1, -1, -0.7853981633974483, 1.4142135623730951
1181, 20, 156, 36, 155, 37, 1, -1, -0.7853981633974483, 1.4142135623730951
1182, 4, 245, 49, 244, 50, 1, -1, -0.7853981633974483, 1.4142135623730951
1182, 9, 219, 185, 218, 186, 1, -1, -0.7853981633974483, 1.4142135623730951
1182, 18, 79, 177, 78, 178, 1, -1, -0.7853981633974483, 1.4142135623730951
1182, 21, 205, 174, 204, 175, 1, -1, -0.7853981633974483, 1.4142135623730951
1183, 4, 244, 50, 245, 49, -1, 1, 2.356194490192345, 1.4142135623730951
1183, 9, 220, 184, 219, 185, 1, -1, -0.7853981633974483, 1.4142135623730951
1183, 14, 269, 37, 268, 38, 1, -1, -0.7853981633974483, 1.4142135623730951
1183, 18, 81, 176, 79, 177, 2, -1, -0.4636476090008061, 2.23606797749979
1183, 21, 206, 173, 205, 174, 1, -1, -0.7853981633974483, 1.4142135623730951
1184, 9, 221, 183, 220, 184, 1, -1, -0.7853981633974483, 1.4142135623730951
1184, 17, 82, 175, 81, 176, 1, -1, -0.7853981633974483, 1.4142135623730951
1184, 20, 207, 172, 206, 173, 1, -1, -0.7853981633974483, 1.4142135623730951
1186, 7, 257, 178, 256, 179, 1, -1, -0.7853981633974483, 1.4142135623730951
1186, 15, 285, 53, 284, 54, 1, -1, -0.7853981633974483, 1.4142135623730951
1187, 4, 270, 38, 269, 39, 1, -1, -0.7853981633974483, 1.4142135623730951
1187, 10, 221, 186, 220, 187, 1, -1, -0.7853981633974483, 1.4142135623730951
1187, 11, 250, 49, 249, 50, 1, -1, -0.7853981633974483, 1.4142135623730951
1188, 6, 186, 184, 185, 185, 1, -1, -0.7853981633974483, 1.4142135623730951
1188, 7, 258, 176, 257, 177, 1, -1, -0.7853981633974483, 1.4142135623730951
1188, 11, 251, 48, 250, 49, 1, -1, -0.7853981633974483, 1.4142135623730951
1188, 15, 286, 52, 285, 53, 1, -1, -0.7853981633974483, 1.4142135623730951
1188, 18, 235, 38, 234, 39, 1, -1, -0.7853981633974483, 1.4142135623730951
1188, 28, 167, 50, 166, 51, 1, -1, -0.7853981633974483, 1.4142135623730951
1189, 6, 187, 183, 186, 184, 1, -1, -0.7853981633974483, 1.4142135623730951
1189, 9, 222, 184, 221, 185, 1, -1, -0.7853981633974483, 1.4142135623730951
1189, 10, 252, 47, 251, 48, 1, -1, -0.7853981633974483, 1.4142135623730951
1189, 18, 231, 60, 230, 61, 1, -1, -0.7853981633974483, 1.4142135623730951
1189, 21, 179, 47, 178, 48, 1, -1, -0.7853981633974483, 1.4142135623730951
1190, 1, 257, 38, 256, 39, 1, -1, -0.7853981633974483, 1.4142135623730951
1190, 27, 288, 54, 287, 55, 1, -1, -0.7853981633974483, 1.4142135623730951
1191, 10, 261, 179, 260, 180, 1, -1, -0.7853981633974483, 1.4142135623730951
1192, 1, 258, 37, 257, 38, 1, -1, -0.7853981633974483, 1.4142135623730951
1192, 7, 251, 50, 250, 51, 1, -1, -0.7853981633974483, 1.4142135623730951
1192, 15, 238, 38, 237, 39, 1, -1, -0.7853981633974483, 1.4142135623730951
1192, 21, 264, 37, 263, 38, 1, -1, -0.7853981633974483, 1.4142135623730951
1193, 1, 259, 36, 258, 37, 1, -1, -0.7853981633974483, 1.4142135623730951
1193, 15, 239, 37, 238, 38, 1, -1, -0.7853981633974483, 1.4142135623730951
1194, 29, 289, 184, 288, 185, 1, -1, -0.7853981633974483, 1.4142135623730951
1195, 4, 262, 178, 261, 179, 1, -1, -0.7853981633974483, 1.4142135623730951
1195, 6, 255, 50, 254, 51, 1, -1, -0.7853981633974483, 1.4142135623730951
1196, 0, 260, 36, 259, 37, 1, -1, -0.7853981633974483, 1.4142135623730951
1196, 6, 256, 49, 255, 50, 1, -1, -0.7853981633974483, 1.4142135623730951
1196, 27, 135, 59, 134, 60, 1, -1, -0.7853981633974483, 1.4142135623730951
1196, 28, 99, 66, 98, 67, 1, -1, -0.7853981633974483, 1.4142135623730951
1197, 22, 292, 36, 291, 37, 1, -1, -0.7853981633974483, 1.4142135623730951
1198, 0, 261, 34, 260, 35, 1, -1, -0.7853981633974483, 1.4142135623730951
1198, 2, 154, 58, 153, 59, 1, -1, -0.7853981633974483, 1.4142135623730951
1198, 3, 191, 184, 190, 185, 1, -1, -0.7853981633974483, 1.4142135623730951
1198, 14, 165, 32, 164, 33, 1, -1, -0.7853981633974483, 1.4142135623730951
1198, 17, 94, 161, 96, 161, -2, 0, 3.141592653589793, 2.0
1199, 0, 262, 33, 261, 34, 1, -1, -0.7853981633974483, 1.4142135623730951
1199, 7, 136, 197, 135, 198, 1, -1, -0.7853981633974483, 1.4142135623730951
1199, 12, 241, 37, 240, 38, 1, -1, -0.7853981633974483, 1.4142135623730951
1199, 21, 293, 34, 292, 35, 1, -1, -0.7853981633974483, 1.4142135623730951
1200, 16, 95, 62, 94, 63, 1, -1, -0.7853981633974483, 1.4142135623730951
1200, 18, 293, 54, 292, 55, 1, -1, -0.7853981633974483, 1.4142135623730951
1200, 28, 150, 42, 149, 43, 1, -1, -0.7853981633974483, 1.4142135623730951
1200, 30, 215, 174, 214, 175, 1, -1, -0.7853981633974483, 1.4142135623730951
1200, 32, 306, 65, 304, 65, 2, 0, 0.0, 2.0
1201, 6, 229, 187, 228, 188, 1, -1, -0.7853981633974483, 1.4142135623730951
1201, 7, 265, 177, 264, 178, 1, -1, -0.7853981633974483, 1.4142135623730951
1202, 7, 266, 176, 265, 177, 1, -1, -0.7853981633974483, 1.4142135623730951
1202, 27, 236, 199, 235, 200, 1, -1, -0.7853981633974483, 1.4142135623730951
1203, 0, 190, 59, 189, 60, 1, -1, -0.7853981633974483, 1.4142135623730951
1203, 7, 267, 175, 266, 176, 1, -1, -0.7853981633974483, 1.4142135623730951
1203, 17, 295, 53, 294, 54, 1, -1, -0.7853981633974483, 1.4142135623730951
1203, 21, 124, 198, 123, 199, 1, -1, -0.7853981633974483, 1.4142135623730951
1204, 0, 191, 58, 190, 59, 1, -1, -0.7853981633974483, 1.4142135623730951
1204, 2, 262, 36, 261, 37, 1, -1, -0.7853981633974483, 1.4142135623730951
1204, 10, 112, 199, 111, 200, 1, -1, -0.7853981633974483, 1.4142135623730951
1204, 17, 296, 52, 295, 53, 1, -1, -0.7853981633974483, 1.4142135623730951
1204, 21, 125, 197, 124, 198, 1, -1, -0.7853981633974483, 1.4142135623730951
1204, 26, 220, 173, 218, 174, 2, -1, -0.4636476090008061, 2.23606797749979
1205, 17, 217, 174, 216, 175, 1, -1, -0.7853981633974483, 1.4142135623730951
1206, 10, 268, 177, 267, 178, 1, -1, -0.7853981633974483, 1.4142135623730951
1206, 13, 280, 37, 279, 38, 1, -1, -0.7853981633974483, 1.4142135623730951
1207, 28, 188, 51, 187, 52, 1, -1, -0.7853981633974483, 1.4142135623730951
1208, 22, 291, 181, 294, 182, -3, -1, -2.819842099193151, 3.1622776601683795
1208, 23, 297, 54, 296, 55, 1, -1, -0.7853981633974483, 1.4142135623730951
1209, 12, 168, 33, 167, 34, 1, -1, -0.7853981633974483, 1.4142135623730951
1209, 13, 281, 36, 280, 37, 1, -1, -0.7853981633974483, 1.4142135623730951
1209, 19, 246, 36, 245, 37, 1, -1, -0.7853981633974483, 1.4142135623730951
1209, 22, 298, 53, 297, 54, 1, -1, -0.7853981633974483, 1.4142135623730951
1209, 25, 236, 49, 233, 50, 3, -1, -0.3217505543966422, 3.1622776601683795
1210, 7, 270, 177, 269, 178, 1, -1, -0.7853981633974483, 1.4142135623730951
1210, 12, 247, 38, 246, 39, 1, -1, -0.7853981633974483, 1.4142135623730951
1210, 20, 282, 38, 281, 39, 1, -1, -0.7853981633974483, 1.4142135623730951
1211, 5, 263, 51, 262, 52, 1, -1, -0.7853981633974483, 1.4142135623730951
1211, 25, 300, 53, 298, 54, 2, -1, -0.4636476090008061, 2.23606797749979
1212, 2, 267, 38, 266, 39, 1, -1, -0.7853981633974483, 1.4142135623730951
1212, 8, 113, 199, 112, 200, 1, -1, -0.7853981633974483, 1.4142135623730951
1212, 9, 232, 184, 231, 185, 1, -1, -0.7853981633974483, 1.4142135623730951
1212, 10, 195, 184, 194, 186, 1, -2, -1.1071487177940904, 2.23606797749979
1212, 16, 77, 181, 79, 179, -2, 2, 2.356194490192345, 2.8284271247461903
1212, 17, 219, 173, 218, 174, 1, -1, -0.7853981633974483, 1.4142135623730951
1212, 20, 175, 199, 174, 200, 1, -1, -0.7853981633974483, 1.4142135623730951
1213, 5, 265, 50, 264, 51, 1, -1, -0.7853981633974483, 1.4142135623730951
1213, 10, 196, 183, 195, 184, 1, -1, -0.7853981633974483, 1.4142135623730951
1213, 14, 171, 33, 170, 34, 1, -1, -0.7853981633974483, 1.4142135623730951
1213, 22, 300, 38, 299, 39, 1, -1, -0.7853981633974483, 1.4142135623730951
1214, 2, 268, 37, 267, 38, 1, -1, -0.7853981633974483, 1.4142135623730951
1214, 9, 235, 183, 233, 184, 2, -1, -0.4636476090008061, 2.23606797749979
1215, 5, 284, 37, 283, 38, 1, -1, -0.7853981633974483, 1.4142135623730951
1215, 8, 235, 186, 234, 187, 1, -1, -0.7853981633974483, 1.4142135623730951
1216, 4, 272, 177, 271, 178, 1, -1, -0.7853981633974483, 1.4142135623730951
1216, 19, 222, 173, 221, 174, 1, -1, -0.7853981633974483, 1.4142135623730951
1216, 20, 86, 197, 85, 198, 1, -1, -0.7853981633974483, 1.4142135623730951
1216, 22, 244, 62, 243, 63, 1, -1, -0.7853981633974483, 1.4142135623730951
1217, 4, 273, 176, 272, 177, 1, -1, -0.7853981633974483, 1.4142135623730951
1217, 6, 198, 185, 197, 186, 1, -1, -0.7853981633974483, 1.4142135623730951
1217, 20, 87, 196, 86, 197, 1, -1, -0.7853981633974483, 1.4142135623730951
1217, 23, 302, 54, 300, 54, 2, 0, 0.0, 2.0
1217, 24, 86, 175, 85, 176, 1, -1, -0.7853981633974483, 1.4142135623730951
1217, 25, 297, 184, 296, 185, 1, -1, -0.7853981633974483, 1.4142135623730951
1218, 6, 199, 184, 198, 185, 1, -1, -0.7853981633974483, 1.4142135623730951
1219, 2, 269, 36, 268, 37, 1, -1, -0.7853981633974483, 1.4142135623730951
1219, 8, 236, 182, 235, 183, 1, -1, -0.7853981633974483, 1.4142135623730951
1219, 11, 268, 50, 267, 51, 1, -1, -0.7853981633974483, 1.4142135623730951
1220, 8, 275, 177, 274, 178, 1, -1, -0.7853981633974483, 1.4142135623730951
1220, 19, 252, 38, 251, 39, 1, -1, -0.7853981633974483, 1.4142135623730951
1221, 9, 270, 52, 269, 53, 1, -1, -0.7853981633974483, 1.4142135623730951
1221, 18, 304, 54, 303, 55, 1, -1, -0.7853981633974483, 1.4142135623730951
1221, 25, 224, 173, 223, 174, 1, -1, -0.7853981633974483, 1.4142135623730951
1221, 26, 194, 50, 193, 51, 1, -1, -0.7853981633974483, 1.4142135623730951
1222, 2, 271, 37, 270, 38, 1, -1, -0.7853981633974483, 1.4142135623730951
1222, 8, 276, 175, 275, 176, 1, -1, -0.7853981633974483, 1.4142135623730951
1222, 9, 271, 51, 270, 52, 1, -1, -0.7853981633974483, 1.4142135623730951
1222, 19, 254, 37, 253, 38, 1, -1, -0.7853981633974483, 1.4142135623730951
1222, 25, 225, 172, 224, 173, 1, -1, -0.7853981633974483, 1.4142135623730951
1223, 6, 167, 49, 166, 50, 1, -1, -0.7853981633974483, 1.4142135623730951
1223, 8, 277, 174, 276, 175, 1, -1, -0.7853981633974483, 1.4142135623730951
1223, 9, 272, 50, 271, 51, 1, -1, -0.7853981633974483, 1.4142135623730951
1223, 15, 249, 60, 248, 61, 1, -1, -0.7853981633974483, 1.4142135623730951
1223, 19, 255, 36, 254, 37, 1, -1, -0.7853981633974483, 1.4142135623730951
1224, 9, 273, 49, 272, 50, 1, -1, -0.7853981633974483, 1.4142135623730951
1224, 16, 302, 38, 301, 39, 1, -1, -0.7853981633974483, 1.4142135623730951
1224, 17, 306, 53, 305, 54, 1, -1, -0.7853981633974483, 1.4142135623730951
1224, 18, 256, 35, 255, 36, 1, -1, -0.7853981633974483, 1.4142135623730951
1224, 19, 175, 34, 174, 35, 1, -1, -0.7853981633974483, 1.4142135623730951
1224, 23, 227, 171, 226, 172, 1, -1, -0.7853981633974483, 1.4142135623730951
1225, 3, 277, 176, 276, 177, 1, -1, -0.7853981633974483, 1.4142135623730951
1225, 13, 255, 38, 254, 39, 1, -1, -0.7853981633974483, 1.4142135623730951
1225, 19, 306, 54, 305, 55, 1, -1, -0.7853981633974483, 1.4142135623730951
1226, 13, 256, 37, 255, 38, 1, -1, -0.7853981633974483, 1.4142135623730951
1226, 18, 307, 53, 306, 54, 1, -1, -0.7853981633974483, 1.4142135623730951
1226, 28, 253, 62, 252, 63, 1, -1, -0.7853981633974483, 1.4142135623730951
1227, 5, 239, 183, 238, 184, 1, -1, -0.7853981633974483, 1.4142135623730951
1227, 28, 153, 63, 152, 64, 1, -1, -0.7853981633974483, 1.4142135623730951
1228, 2, 202, 59, 201, 60, 1, -1, -0.7853981633974483, 1.4142135623730951
1228, 3, 203, 183, 202, 184, 1, -1, -0.7853981633974483, 1.4142135623730951
1228, 7, 146, 197, 145, 198, 1, -1, -0.7853981633974483, 1.4142135623730951
1228, 8, 273, 51, 272, 52, 1, -1, -0.7853981633974483, 1.4142135623730951
1228, 27, 154, 62, 153, 63, 1, -1, -0.7853981633974483, 1.4142135623730951
1229, 6, 147, 196, 146, 197, 1, -1, -0.7853981633974483, 1.4142135623730951
1229, 7, 274, 50, 273, 51, 1, -1, -0.7853981633974483, 1.4142135623730951
1229, 15, 308, 52, 307, 53, 1, -1, -0.7853981633974483, 1.4142135623730951
1229, 20, 140, 54, 139, 55, 1, -1, -0.7853981633974483, 1.4142135623730951
1229, 23, 228, 174, 227, 175, 1, -1, -0.7853981633974483, 1.4142135623730951
1230, 7, 280, 176, 279, 177, 1, -1, -0.7853981633974483, 1.4142135623730951
1230, 13, 291, 37, 290, 38, 1, -1, -0.7853981633974483, 1.4142135623730951
1230, 15, 101, 60, 100, 61, 1, -1, -0.7853981633974483, 1.4142135623730951
1230, 26, 229, 174, 228, 175, 1, -1, -0.7853981633974483, 1.4142135623730951
1230, 29, 118, 54, 117, 55, 1, -1, -0.7853981633974483, 1.4142135623730951
1230, 35, 244, 52, 243, 53, 1, -1, -0.7853981633974483, 1.4142135623730951
1231, 5, 205, 186, 204, 187, 1, -1, -0.7853981633974483, 1.4142135623730951
1231, 13, 292, 36, 291, 37, 1, -1, -0.7853981633974483, 1.4142135623730951
1231, 22, 309, 54, 308, 55, 1, -1, -0.7853981633974483, 1.4142135623730951
1232, 10, 277, 51, 276, 52, 1, -1, -0.7853981633974483, 1.4142135623730951
1233, 0, 203, 60, 202, 61, 1, -1, -0.7853981633974483, 1.4142135623730951
1233, 7, 283, 174, 281, 175, 2, -1, -0.4636476090008061, 2.23606797749979
1233, 13, 293, 34, 292, 35, 1, -1, -0.7853981633974483, 1.4142135623730951
1233, 25, 101, 158, 101, 160, 0, -2, -1.5707963267948966, 2.0
1233, 30, 286, 65, 285, 66, 1, -1, -0.7853981633974483, 1.4142135623730951
1234, 0, 204, 59, 203, 60, 1, -1, -0.7853981633974483, 1.4142135623730951
1234, 4, 156, 169, 154, 170, 2, -1, -0.4636476090008061, 2.23606797749979
1234, 20, 182, 49, 181, 50, 1, -1, -0.7853981633974483, 1.4142135623730951
1234, 24, 101, 156, 101, 158, 0, -2, -1.5707963267948966, 2.0
1234, 26, 117, 149, 116, 150, 1, -1, -0.7853981633974483, 1.4142135623730951
1235, 14, 294, 38, 293, 39, 1, -1, -0.7853981633974483, 1.4142135623730951
1235, 18, 248, 51, 247, 52, 1, -1, -0.7853981633974483, 1.4142135623730951
1236, 5, 157, 174, 156, 175, 1, -1, -0.7853981633974483, 1.4142135623730951
1236, 7, 284, 177, 283, 178, 1, -1, -0.7853981633974483, 1.4142135623730951
1236, 10, 278, 51, 277, 52, 1, -1, -0.7853981633974483, 1.4142135623730951
1237, 13, 243, 184, 242, 185, 1, -1, -0.7853981633974483, 1.4142135623730951
1237, 14, 295, 36, 294, 37, 1, -1, -0.7853981633974483, 1.4142135623730951
1238, 3, 149, 199, 148, 200, 1, -1, -0.7853981633974483, 1.4142135623730951
1238, 9, 206, 185, 205, 186, 1, -1, -0.7853981633974483, 1.4142135623730951
1238, 10, 280, 50, 279, 51, 1, -1, -0.7853981633974483, 1.4142135623730951
1238, 13, 244, 183, 243, 184, 1, -1, -0.7853981633974483, 1.4142135623730951
1239, 0, 205, 59, 204, 60, 1, -1, -0.7853981633974483, 1.4142135623730951
1239, 3, 150, 198, 149, 199, 1, -1, -0.7853981633974483, 1.4142135623730951
1239, 6, 121, 199, 120, 200, 1, -1, -0.7853981633974483, 1.4142135623730951
1239, 7, 285, 175, 284, 176, 1, -1, -0.7853981633974483, 1.4142135623730951
1239, 9, 207, 184, 206, 185, 1, -1, -0.7853981633974483, 1.4142135623730951
1239, 10, 281, 49, 280, 50, 1, -1, -0.7853981633974483, 1.4142135623730951
1239, 13, 245, 182, 244, 183, 1, -1, -0.7853981633974483, 1.4142135623730951
1239, 17, 248, 50, 247, 51, 1, -1, -0.7853981633974483, 1.4142135623730951
1240, 14, 186, 50, 185, 51, 1, -1, -0.7853981633974483, 1.4142135623730951
1241, 9, 102, 74, 103, 76, -1, -2, -2.0344439357957027, 2.23606797749979
1241, 11, 157, 173, 156, 174, 1, -1, -0.7853981633974483, 1.4142135623730951
1242, 6, 286, 176, 285, 177, 1, -1, -0.7853981633974483, 1.4142135623730951
1242, 10, 246, 184, 245, 185, 1, -1, -0.7853981633974483, 1.4142135623730951
1242, 19, 262, 37, 261, 38, 1, -1, -0.7853981633974483, 1.4142135623730951
1242, 26, 137, 199, 136, 200, 1, -1, -0.7853981633974483, 1.4142135623730951
1243, 6, 287, 175, 286, 176, 1, -1, -0.7853981633974483, 1.4142135623730951
1243, 11, 157, 172, 156, 173, 1, -1, -0.7853981633974483, 1.4142135623730951
1244, 9, 247, 183, 246, 184, 1, -1, -0.7853981633974483, 1.4142135623730951
1244, 19, 314, 53, 313, 54, 1, -1, -0.7853981633974483, 1.4142135623730951
1244, 21, 148, 53, 147, 54, 1, -1, -0.7853981633974483, 1.4142135623730951
1245, 6, 249, 187, 248, 188, 1, -1, -0.7853981633974483, 1.4142135623730951
1245, 8, 159, 173, 158, 174, 1, -1, -0.7853981633974483, 1.4142135623730951
1245, 23, 262, 62, 261, 63, 1, -1, -0.7853981633974483, 1.4142135623730951
1245, 32, 171, 186, 170, 187, 1, -1, -0.7853981633974483, 1.4142135623730951
1246, 5, 288, 174, 287, 175, 1, -1, -0.7853981633974483, 1.4142135623730951
1246, 7, 283, 51, 282, 52, 1, -1, -0.7853981633974483, 1.4142135623730951
1246, 8, 160, 172, 159, 173, 1, -1, -0.7853981633974483, 1.4142135623730951
1246, 25, 185, 188, 184, 189, 1, -1, -0.7853981633974483, 1.4142135623730951
1246, 35, 173, 197, 171, 198, 2, -1, -0.4636476090008061, 2.23606797749979
1247, 0, 210, 59, 209, 60, 1, -1, -0.7853981633974483, 1.4142135623730951
1247, 2, 283, 37, 282, 38, 1, -1, -0.7853981633974483, 1.4142135623730951
1247, 10, 236, 173, 235, 174, 1, -1, -0.7853981633974483, 1.4142135623730951
1247, 15, 299, 38, 298, 39, 1, -1, -0.7853981633974483, 1.4142135623730951
1247, 17, 108, 158, 107, 159, 1, -1, -0.7853981633974483, 1.4142135623730951
1247, 21, 263, 61, 262, 62, 1, -1, -0.7853981633974483, 1.4142135623730951
1247, 23, 316, 54, 315, 55, 1, -1, -0.7853981633974483, 1.4142135623730951
1247, 27, 231, 63, 230, 64, 1, -1, -0.7853981633974483, 1.4142135623730951
1247, 31, 115, 73, 114, 75, 1, -2, -1.1071487177940904, 2.23606797749979
1248, 8, 156, 172, 160, 172, -4, 0, 3.141592653589793, 4.0
1248, 10, 237, 172, 236, 173, 1, -1, -0.7853981633974483, 1.4142135623730951
1248, 22, 139, 198, 138, 199, 1, -1, -0.7853981633974483, 1.4142135623730951
1248, 27, 232, 62, 231, 63, 1, -1, -0.7853981633974483, 1.4142135623730951
1248, 33, 133, 180, 132, 181, 1, -1, -0.7853981633974483, 1.4142135623730951
1249, 22, 186, 186, 185, 187, 1, -1, -0.7853981633974483, 1.4142135623730951
1250, 2, 285, 37, 284, 38, 1, -1, -0.7853981633974483, 1.4142135623730951
1250, 16, 238, 173, 237, 174, 1, -1, -0.7853981633974483, 1.4142135623730951
1250, 24, 262, 65, 261, 64, 1, 1, 0.7853981633974483, 1.4142135623730951
1250, 31, 179, 173, 178, 174, 1, -1, -0.7853981633974483, 1.4142135623730951
1251, 21, 105, 74, 104, 75, 1, -1, -0.7853981633974483, 1.4142135623730951
1252, 9, 287, 52, 286, 53, 1, -1, -0.7853981633974483, 1.4142135623730951
1252, 10, 176, 46, 175, 47, 1, -1, -0.7853981633974483, 1.4142135623730951
1252, 28, 207, 50, 206, 51, 1, -1, -0.7853981633974483, 1.4142135623730951
1253, 1, 211, 60, 210, 61, 1, -1, -0.7853981633974483, 1.4142135623730951
1253, 2, 286, 34, 285, 35, 1, -1, -0.7853981633974483, 1.4142135623730951
1253, 14, 267, 37, 266, 38, 1, -1, -0.7853981633974483, 1.4142135623730951
1253, 20, 263, 65, 262, 66, 1, -1, -0.7853981633974483, 1.4142135623730951
1254, 1, 212, 59, 211, 60, 1, -1, -0.7853981633974483, 1.4142135623730951
1254, 5, 156, 199, 155, 200, 1, -1, -0.7853981633974483, 1.4142135623730951
1254, 8, 289, 51, 288, 52, 1, -1, -0.7853981633974483, 1.4142135623730951
1254, 11, 300, 35, 299, 36, 1, -1, -0.7853981633974483, 1.4142135623730951
1254, 27, 180, 171, 179, 172, 1, -1, -0.7853981633974483, 1.4142135623730951
1255, 1, 289, 36, 288, 37, 1, -1, -0.7853981633974483, 1.4142135623730951
1255, 7, 254, 186, 253, 187, 1, -1, -0.7853981633974483, 1.4142135623730951
1255, 10, 289, 53, 288, 54, 1, -1, -0.7853981633974483, 1.4142135623730951
1255, 11, 294, 175, 293, 176, 1, -1, -0.7853981633974483, 1.4142135623730951
1255, 14, 208, 48, 208, 50, 0, -2, -1.5707963267948966, 2.0
1255, 28, 181, 173, 180, 174, 1, -1, -0.7853981633974483, 1.4142135623730951
1255, 37, 189, 188, 188, 189, 1, -1, -0.7853981633974483, 1.4142135623730951
1256, 3, 165, 172, 164, 173, 1, -1, -0.7853981633974483, 1.4142135623730951
1256, 7, 255, 185, 254, 186, 1, -1, -0.7853981633974483, 1.4142135623730951
1256, 9, 178, 50, 177, 51, 1, -1, -0.7853981633974483, 1.4142135623730951
1256, 11, 295, 174, 294, 175, 1, -1, -0.7853981633974483, 1.4142135623730951
1256, 13, 192, 49, 191, 50, 1, -1, -0.7853981633974483, 1.4142135623730951
1256, 14, 209, 47, 208, 48, 1, -1, -0.7853981633974483, 1.4142135623730951
1256, 15, 192, 201, 191, 202, 1, -1, -0.7853981633974483, 1.4142135623730951
1256, 17, 98, 53, 98, 55, 0, -2, -1.5707963267948966, 2.0
1256, 18, 304, 40, 303, 41, 1, -1, -0.7853981633974483, 1.4142135623730951
1256, 22, 153, 57, 152, 58, 1, -1, -0.7853981633974483, 1.4142135623730951
1256, 32, 316, 182, 315, 183, 1, -1, -0.7853981633974483, 1.4142135623730951
1257, 1, 290, 34, 289, 35, 1, -1, -0.7853981633974483, 1.4142135623730951
1257, 7, 256, 184, 255, 185, 1, -1, -0.7853981633974483, 1.4142135623730951
1257, 11, 296, 173, 295, 174, 1, -1, -0.7853981633974483, 1.4142135623730951
1257, 18, 305, 39, 304, 40, 1, -1, -0.7853981633974483, 1.4142135623730951
1257, 32, 317, 181, 316, 182, 1, -1, -0.7853981633974483, 1.4142135623730951
1258, 1, 291, 33, 290, 34, 1, -1, -0.7853981633974483, 1.4142135623730951
1258, 9, 297, 172, 296, 173, 1, -1, -0.7853981633974483, 1.4142135623730951
1258, 12, 210, 45, 209, 46, 1, -1, -0.7853981633974483, 1.4142135623730951
1258, 15, 96, 51, 98, 52, -2, -1, -2.677945044588987, 2.23606797749979
1258, 30, 318, 180, 317, 181, 1, -1, -0.7853981633974483, 1.4142135623730951
1259, 2, 179, 61, 178, 62, 1, -1, -0.7853981633974483, 1.4142135623730951
1259, 9, 296, 170, 297, 172, -1, -2, -2.0344439357957027, 2.23606797749979
1259, 16, 306, 38, 305, 39, 1, -1, -0.7853981633974483, 1.4142135623730951
1259, 24, 182, 171, 181, 172, 1, -1, -0.7853981633974483, 1.4142135623730951
1259, 25, 102, 187, 103, 186, -1, 1, 2.356194490192345, 1.4142135623730951
1259, 29, 319, 179, 318, 180, 1, -1, -0.7853981633974483, 1.4142135623730951
1260, 3, 167, 174, 166, 175, 1, -1, -0.7853981633974483, 1.4142135623730951
1260, 32, 174, 40, 172, 41, 2, -1, -0.4636476090008061, 2.23606797749979
1261, 23, 272, 38, 271, 39, 1, -1, -0.7853981633974483, 1.4142135623730951
1262, 7, 292, 53, 291, 54, 1, -1, -0.7853981633974483, 1.4142135623730951
1262, 14, 268, 60, 267, 61, 1, -1, -0.7853981633974483, 1.4142135623730951
1262, 23, 273, 37, 272, 38, 1, -1, -0.7853981633974483, 1.4142135623730951
1263, 0, 216, 59, 215, 60, 1, -1, -0.7853981633974483, 1.4142135623730951
1263, 7, 293, 52, 292, 53, 1, -1, -0.7853981633974483, 1.4142135623730951
1263, 8, 318, 180, 317, 181, 1, -1, -0.7853981633974483, 1.4142135623730951
1263, 11, 296, 171, 295, 172, 1, -1, -0.7853981633974483, 1.4142135623730951
1263, 19, 244, 173, 243, 174, 1, -1, -0.7853981633974483, 1.4142135623730951
1263, 23, 274, 36, 273, 37, 1, -1, -0.7853981633974483, 1.4142135623730951
1264, 1, 182, 58, 181, 60, 1, -2, -1.1071487177940904, 2.23606797749979
1264, 2, 289, 37, 288, 38, 1, -1, -0.7853981633974483, 1.4142135623730951
1264, 8, 319, 179, 318, 180, 1, -1, -0.7853981633974483, 1.4142135623730951
1264, 11, 298, 170, 296, 171, 2, -1, -0.4636476090008061, 2.23606797749979
1264, 19, 245, 172, 244, 173, 1, -1, -0.7853981633974483, 1.4142135623730951
1264, 20, 193, 48, 192, 49, 1, -1, -0.7853981633974483, 1.4142135623730951
1264, 22, 178, 186, 177, 187, 1, -1, -0.7853981633974483, 1.4142135623730951
1264, 23, 275, 35, 274, 36, 1, -1, -0.7853981633974483, 1.4142135623730951
1264, 29, 175, 38, 174, 39, 1, -1, -0.7853981633974483, 1.4142135623730951
1265, 4, 299, 174, 298, 175, 1, -1, -0.7853981633974483, 1.4142135623730951
1265, 8, 308, 38, 307, 39, 1, -1, -0.7853981633974483, 1.4142135623730951
1266, 2, 292, 38, 291, 39, 1, -1, -0.7853981633974483, 1.4142135623730951
1267, 4, 300, 172, 299, 173, 1, -1, -0.7853981633974483, 1.4142135623730951
1267, 12, 257, 183, 256, 184, 1, -1, -0.7853981633974483, 1.4142135623730951
1267, 19, 245, 173, 244, 174, 1, -1, -0.7853981633974483, 1.4142135623730951
1268, 5, 296, 51, 295, 52, 1, -1, -0.7853981633974483, 1.4142135623730951
1268, 11, 219, 185, 218, 186, 1, -1, -0.7853981633974483, 1.4142135623730951
1268, 12, 258, 181, 257, 183, 1, -2, -1.1071487177940904, 2.23606797749979
1269, 0, 218, 61, 217, 62, 1, -1, -0.7853981633974483, 1.4142135623730951
1269, 2, 293, 37, 292, 38, 1, -1, -0.7853981633974483, 1.4142135623730951
1269, 3, 161, 198, 160, 199, 1, -1, -0.7853981633974483, 1.4142135623730951
1269, 10, 221, 184, 219, 185, 2, -1, -0.4636476090008061, 2.23606797749979
1269, 11, 259, 180, 258, 181, 1, -1, -0.7853981633974483, 1.4142135623730951
1270, 3, 296, 36, 295, 37, 1, -1, -0.7853981633974483, 1.4142135623730951
1270, 6, 301, 173, 300, 174, 1, -1, -0.7853981633974483, 1.4142135623730951
1270, 8, 298, 53, 297, 54, 1, -1, -0.7853981633974483, 1.4142135623730951
1270, 19, 90, 182, 89, 183, 1, -1, -0.7853981633974483, 1.4142135623730951
1270, 32, 270, 199, 269, 200, 1, -1, -0.7853981633974483, 1.4142135623730951
1271, 8, 299, 52, 298, 53, 1, -1, -0.7853981633974483, 1.4142135623730951
1271, 14, 248, 173, 247, 174, 1, -1, -0.7853981633974483, 1.4142135623730951
1271, 19, 92, 181, 90, 182, 2, -1, -0.4636476090008061, 2.23606797749979
1271, 20, 198, 49, 197, 50, 1, -1, -0.7853981633974483, 1.4142135623730951
1271, 25, 214, 48, 214, 50, 0, -2, -1.5707963267948966, 2.0
1272, 6, 304, 172, 301, 172, 3, 0, 0.0, 3.0
1272, 8, 300, 51, 299, 52, 1, -1, -0.7853981633974483, 1.4142135623730951
1272, 11, 276, 38, 275, 39, 1, -1, -0.7853981633974483, 1.4142135623730951
1272, 14, 249, 172, 248, 173, 1, -1, -0.7853981633974483, 1.4142135623730951
1272, 19, 96, 181, 92, 181, 4, 0, 0.0, 4.0
1272, 20, 199, 48, 198, 49, 1, -1, -0.7853981633974483, 1.4142135623730951
1272, 30, 158, 38, 157, 39, 1, -1, -0.7853981633974483, 1.4142135623730951
1273, 9, 261, 184, 260, 185, 1, -1, -0.7853981633974483, 1.4142135623730951
1273, 13, 171, 174, 170, 175, 1, -1, -0.7853981633974483, 1.4142135623730951
1273, 17, 311, 38, 310, 39, 1, -1, -0.7853981633974483, 1.4142135623730951
1273, 19, 97, 180, 96, 181, 1, -1, -0.7853981633974483, 1.4142135623730951
1273, 21, 197, 187, 196, 188, 1, -1, -0.7853981633974483, 1.4142135623730951
1274, 0, 221, 60, 220, 61, 1, -1, -0.7853981633974483, 1.4142135623730951
1274, 1, 188, 59, 187, 60, 1, -1, -0.7853981633974483, 1.4142135623730951
1274, 8, 301, 49, 300, 50, 1, -1, -0.7853981633974483, 1.4142135623730951
1274, 17, 312, 37, 311, 38, 1, -1, -0.7853981633974483, 1.4142135623730951
1274, 19, 98, 179, 97, 180, 1, -1, -0.7853981633974483, 1.4142135623730951
1274, 23, 160, 55, 159, 56, 1, -1, -0.7853981633974483, 1.4142135623730951
1274, 31, 272, 197, 271, 198, 1, -1, -0.7853981633974483, 1.4142135623730951
1275, 15, 251, 174, 250, 175, 1, -1, -0.7853981633974483, 1.4142135623730951
1276, 8, 304, 172, 303, 173, 1, -1, -0.7853981633974483, 1.4142135623730951
1276, 15, 252, 173, 251, 174, 1, -1, -0.7853981633974483, 1.4142135623730951
1276, 19, 278, 38, 277, 39, 1, -1, -0.7853981633974483, 1.4142135623730951
1276, 27, 199, 189, 198, 190, 1, -1, -0.7853981633974483, 1.4142135623730951
1277, 0, 190, 60, 189, 61, 1, -1, -0.7853981633974483, 1.4142135623730951
1277, 1, 297, 36, 296, 37, 1, -1, -0.7853981633974483, 1.4142135623730951
1277, 3, 224, 61, 223, 62, 1, -1, -0.7853981633974483, 1.4142135623730951
1277, 11, 301, 53, 300, 54, 1, -1, -0.7853981633974483, 1.4142135623730951
1277, 16, 199, 199, 198, 200, 1, -1, -0.7853981633974483, 1.4142135623730951
1277, 19, 279, 37, 278, 38, 1, -1, -0.7853981633974483, 1.4142135623730951
1277, 22, 219, 48, 218, 49, 1, -1, -0.7853981633974483, 1.4142135623730951
1277, 24, 199, 34, 198, 35, 1, -1, -0.7853981633974483, 1.4142135623730951
1278, 10, 302, 52, 301, 53, 1, -1, -0.7853981633974483, 1.4142135623730951
1278, 14, 253, 172, 252, 173, 1, -1, -0.7853981633974483, 1.4142135623730951
1278, 21, 220, 47, 219, 48, 1, -1, -0.7853981633974483, 1.4142135623730951
1278, 26, 200, 187, 199, 188, 1, -1, -0.7853981633974483, 1.4142135623730951
1279, 1, 298, 34, 297, 35, 1, -1, -0.7853981633974483, 1.4142135623730951
1279, 7, 305, 169, 304, 170, 1, -1, -0.7853981633974483, 1.4142135623730951
1279, 12, 112, 185, 111, 186, 1, -1, -0.7853981633974483, 1.4142135623730951
1279, 26, 202, 186, 200, 187, 2, -1, -0.4636476090008061, 2.23606797749979
1280, 7, 307, 172, 306, 173, 1, -1, -0.7853981633974483, 1.4142135623730951
1280, 10, 304, 53, 303, 54, 1, -1, -0.7853981633974483, 1.4142135623730951
1280, 26, 253, 173, 252, 174, 1, -1, -0.7853981633974483, 1.4142135623730951
1280, 28, 220, 49, 219, 50, 1, -1, -0.7853981633974483, 1.4142135623730951
1281, 2, 299, 37, 298, 38, 1, -1, -0.7853981633974483, 1.4142135623730951
1282, 17, 201, 49, 200, 50, 1, -1, -0.7853981633974483, 1.4142135623730951
1282, 24, 282, 63, 280, 65, 2, -2, -0.7853981633974483, 2.8284271247461903
1282, 26, 254, 171, 253, 172, 1, -1, -0.7853981633974483, 1.4142135623730951
1283, 2, 301, 36, 300, 37, 1, -1, -0.7853981633974483, 1.4142135623730951
1283, 7, 309, 171, 307, 171, 2, 0, 0.0, 2.0
1283, 17, 202, 48, 201, 49, 1, -1, -0.7853981633974483, 1.4142135623730951
1283, 24, 283, 62, 282, 63, 1, -1, -0.7853981633974483, 1.4142135623730951
1284, 2, 302, 35, 301, 36, 1, -1, -0.7853981633974483, 1.4142135623730951
1284, 5, 168, 199, 167, 200, 1, -1, -0.7853981633974483, 1.4142135623730951
1284, 10, 305, 51, 304, 52, 1, -1, -0.7853981633974483, 1.4142135623730951
1284, 24, 284, 61, 283, 62, 1, -1, -0.7853981633974483, 1.4142135623730951
1285, 3, 303, 36, 302, 37, 1, -1, -0.7853981633974483, 1.4142135623730951
1285, 18, 282, 64, 279, 64, 3, 0, 0.0, 3.0
1286, 0, 227, 61, 226, 62, 1, -1, -0.7853981633974483, 1.4142135623730951
1286, 3, 304, 35, 303, 36, 1, -1, -0.7853981633974483, 1.4142135623730951
1286, 5, 310, 172, 309, 173, 1, -1, -0.7853981633974483, 1.4142135623730951
1287, 2, 177, 172, 176, 173, 1, -1, -0.7853981633974483, 1.4142135623730951
1287, 3, 305, 33, 304, 35, 1, -2, -1.1071487177940904, 2.23606797749979
1287, 4, 172, 198, 170, 199, 2, -1, -0.4636476090008061, 2.23606797749979
1287, 5, 311, 171, 310, 172, 1, -1, -0.7853981633974483, 1.4142135623730951
1287, 6, 231, 186, 229, 187, 2, -1, -0.4636476090008061, 2.23606797749979
1287, 7, 308, 53, 307, 54, 1, -1, -0.7853981633974483, 1.4142135623730951
1287, 8, 137, 200, 136, 201, 1, -1, -0.7853981633974483, 1.4142135623730951
1288, 0, 229, 60, 228, 61, 1, -1, -0.7853981633974483, 1.4142135623730951
1288, 5, 312, 170, 311, 171, 1, -1, -0.7853981633974483, 1.4142135623730951
1288, 6, 232, 185, 231, 186, 1, -1, -0.7853981633974483, 1.4142135623730951
1288, 7, 309, 52, 308, 53, 1, -1, -0.7853981633974483, 1.4142135623730951
1288, 11, 204, 50, 203, 51, 1, -1, -0.7853981633974483, 1.4142135623730951
1289, 2, 181, 172, 178, 172, 3, 0, 0.0, 3.0
1289, 5, 313, 169, 312, 170, 1, -1, -0.7853981633974483, 1.4142135623730951
1289, 7, 310, 51, 309, 52, 1, -1, -0.7853981633974483, 1.4142135623730951
1290, 14, 285, 38, 284, 39, 1, -1, -0.7853981633974483, 1.4142135623730951
1291, 6, 310, 52, 309, 53, 1, -1, -0.7853981633974483, 1.4142135623730951
1291, 13, 225, 48, 224, 49, 1, -1, -0.7853981633974483, 1.4142135623730951
1291, 18, 258, 171, 257, 172, 1, -1, -0.7853981633974483, 1.4142135623730951
1292, 4, 179, 174, 178, 175, 1, -1, -0.7853981633974483, 1.4142135623730951
1292, 13, 225, 46, 225, 48, 0, -2, -1.5707963267948966, 2.0
1293, 3, 170, 199, 169, 200, 1, -1, -0.7853981633974483, 1.4142135623730951
1293, 5, 313, 171, 312, 172, 1, -1, -0.7853981633974483, 1.4142135623730951
1293, 8, 230, 186, 229, 187, 1, -1, -0.7853981633974483, 1.4142135623730951
1293, 10, 269, 183, 268, 184, 1, -1, -0.7853981633974483, 1.4142135623730951
1293, 13, 226, 45, 225, 46, 1, -1, -0.7853981633974483, 1.4142135623730951
1293, 14, 287, 37, 286, 38, 1, -1, -0.7853981633974483, 1.4142135623730951
1293, 16, 206, 48, 205, 49, 1, -1, -0.7853981633974483, 1.4142135623730951
1294, 1, 230, 59, 229, 60, 1, -1, -0.7853981633974483, 1.4142135623730951
1294, 3, 172, 197, 170, 199, 2, -2, -0.7853981633974483, 2.8284271247461903
1294, 6, 311, 51, 310, 52, 1, -1, -0.7853981633974483, 1.4142135623730951
1294, 8, 231, 185, 230, 186, 1, -1, -0.7853981633974483, 1.4142135623730951
1294, 9, 192, 45, 191, 46, 1, -1, -0.7853981633974483, 1.4142135623730951
1294, 10, 270, 182, 269, 183, 1, -1, -0.7853981633974483, 1.4142135623730951
1294, 14, 288, 36, 287, 37, 1, -1, -0.7853981633974483, 1.4142135623730951
1295, 7, 315, 171, 314, 172, 1, -1, -0.7853981633974483, 1.4142135623730951
1295, 11, 312, 53, 311, 54, 1, -1, -0.7853981633974483, 1.4142135623730951
1295, 17, 288, 39, 287, 40, 1, -1, -0.7853981633974483, 1.4142135623730951
1296, 3, 308, 36, 307, 37, 1, -1, -0.7853981633974483, 1.4142135623730951
1296, 7, 316, 170, 315, 171, 1, -1, -0.7853981633974483, 1.4142135623730951
1296, 9, 232, 185, 231, 186, 1, -1, -0.7853981633974483, 1.4142135623730951
1296, 17, 289, 38, 288, 39, 1, -1, -0.7853981633974483, 1.4142135623730951
1297, 7, 317, 169, 316, 170, 1, -1, -0.7853981633974483, 1.4142135623730951
1297, 9, 233, 184, 232, 185, 1, -1, -0.7853981633974483, 1.4142135623730951
1297, 10, 272, 184, 271, 185, 1, -1, -0.7853981633974483, 1.4142135623730951
1297, 12, 194, 45, 193, 46, 1, -1, -0.7853981633974483, 1.4142135623730951
1297, 21, 271, 69, 270, 70, 1, -1, -0.7853981633974483, 1.4142135623730951
1298, 9, 273, 183, 272, 184, 1, -1, -0.7853981633974483, 1.4142135623730951
1299, 7, 318, 167, 317, 168, 1, -1, -0.7853981633974483, 1.4142135623730951
1299, 9, 274, 182, 273, 183, 1, -1, -0.7853981633974483, 1.4142135623730951
1299, 13, 207, 198, 206, 199, 1, -1, -0.7853981633974483, 1.4142135623730951
1299, 20, 273, 68, 272, 69, 1, -1, -0.7853981633974483, 1.4142135623730951
1300, 17, 129, 69, 128, 70, 1, -1, -0.7853981633974483, 1.4142135623730951
1300, 23, 263, 171, 262, 172, 1, -1, -0.7853981633974483, 1.4142135623730951
1300, 25, 290, 62, 289, 63, 1, -1, -0.7853981633974483, 1.4142135623730951
1301, 0, 234, 60, 233, 61, 1, -1, -0.7853981633974483, 1.4142135623730951
1301, 9, 275, 185, 274, 186, 1, -1, -0.7853981633974483, 1.4142135623730951
1301, 13, 290, 39, 289, 40, 1, -1, -0.7853981633974483, 1.4142135623730951
1301, 27, 108, 48, 107, 49, 1, -1, -0.7853981633974483, 1.4142135623730951
1302, 8, 181, 172, 180, 173, 1, -1, -0.7853981633974483, 1.4142135623730951
1302, 10, 316, 52, 315, 53, 1, -1, -0.7853981633974483, 1.4142135623730951
1302, 12, 115, 79, 116, 78, -1, 1, 2.356194490192345, 1.4142135623730951
1303, 5, 319, 169, 318, 170, 1, -1, -0.7853981633974483, 1.4142135623730951
1303, 8, 182, 171, 181, 172, 1, -1, -0.7853981633974483, 1.4142135623730951
1304, 0, 235, 59, 234, 60, 1, -1, -0.7853981633974483, 1.4142135623730951
1304, 2, 310, 35, 309, 36, 1, -1, -0.7853981633974483, 1.4142135623730951
1304, 3, 176, 199, 175, 200, 1, -1, -0.7853981633974483, 1.4142135623730951
1304, 7, 185, 170, 182, 171, 3, -1, -0.3217505543966422, 3.1622776601683795
1304, 9, 318, 51, 317, 52, 1, -1, -0.7853981633974483, 1.4142135623730951
1304, 21, 267, 170, 266, 171, 1, -1, -0.7853981633974483, 1.4142135623730951
1306, 10, 316, 54, 315, 55, 1, -1, -0.7853981633974483, 1.4142135623730951
1308, 1, 238, 60, 237, 61, 1, -1, -0.7853981633974483, 1.4142135623730951
1308, 3, 312, 35, 311, 36, 1, -1, -0.7853981633974483, 1.4142135623730951
1308, 6, 198, 45, 197, 46, 1, -1, -0.7853981633974483, 1.4142135623730951
1308, 14, 307, 40, 306, 41, 1, -1, -0.7853981633974483, 1.4142135623730951
1308, 16, 294, 64, 292, 64, 2, 0, 0.0, 2.0
1308, 23, 212, 34, 211, 35, 1, -1, -0.7853981633974483, 1.4142135623730951
1309, 6, 199, 44, 198, 45, 1, -1, -0.7853981633974483, 1.4142135623730951
1309, 11, 267, 171, 266, 172, 1, -1, -0.7853981633974483, 1.4142135623730951
1309, 19, 126, 160, 125, 161, 1, -1, -0.7853981633974483, 1.4142135623730951
1310, 3, 315, 37, 314, 38, 1, -1, -0.7853981633974483, 1.4142135623730951
1310, 4, 180, 199, 179, 200, 1, -1, -0.7853981633974483, 1.4142135623730951
1310, 8, 280, 185, 279, 186, 1, -1, -0.7853981633974483, 1.4142135623730951
1310, 15, 200, 47, 199, 48, 1, -1, -0.7853981633974483, 1.4142135623730951
1311, 4, 181, 198, 180, 199, 1, -1, -0.7853981633974483, 1.4142135623730951
1311, 8, 281, 184, 280, 185, 1, -1, -0.7853981633974483, 1.4142135623730951
1311, 12, 268, 172, 267, 173, 1, -1, -0.7853981633974483, 1.4142135623730951
1312, 3, 317, 36, 316, 37, 1, -1, -0.7853981633974483, 1.4142135623730951
1312, 4, 182, 197, 181, 198, 1, -1, -0.7853981633974483, 1.4142135623730951
1313, 8, 144, 198, 143, 199, 1, -1, -0.7853981633974483, 1.4142135623730951
1313, 11, 269, 170, 268, 171, 1, -1, -0.7853981633974483, 1.4142135623730951
1313, 21, 164, 198, 163, 199, 1, -1, -0.7853981633974483, 1.4142135623730951
1314, 0, 205, 59, 204, 60, 1, -1, -0.7853981633974483, 1.4142135623730951
1314, 1, 187, 170, 186, 171, 1, -1, -0.7853981633974483, 1.4142135623730951
1314, 2, 240, 60, 239, 61, 1, -1, -0.7853981633974483, 1.4142135623730951
1314, 3, 318, 34, 317, 35, 1, -1, -0.7853981633974483, 1.4142135623730951
1314, 8, 142, 197, 144, 198, -2, -1, -2.677945044588987, 2.23606797749979
1314, 11, 270, 169, 269, 170, 1, -1, -0.7853981633974483, 1.4142135623730951
1314, 21, 165, 197, 164, 198, 1, -1, -0.7853981633974483, 1.4142135623730951
1314, 22, 123, 184, 122, 185, 1, -1, -0.7853981633974483, 1.4142135623730951
1315, 21, 297, 38, 296, 39, 1, -1, -0.7853981633974483, 1.4142135623730951
1316, 18, 222, 189, 221, 190, 1, -1, -0.7853981633974483, 1.4142135623730951
1316, 27, 282, 69, 281, 70, 1, -1, -0.7853981633974483, 1.4142135623730951
1317, 6, 244, 187, 243, 188, 1, -1, -0.7853981633974483, 1.4142135623730951
1317, 18, 223, 188, 222, 189, 1, -1, -0.7853981633974483, 1.4142135623730951
1317, 22, 114, 59, 113, 60, 1, -1, -0.7853981633974483, 1.4142135623730951
1317, 27, 285, 69, 282, 69, 3, 0, 0.0, 3.0
1318, 0, 190, 172, 189, 173, 1, -1, -0.7853981633974483, 1.4142135623730951
1318, 15, 295, 62, 294, 63, 1, -1, -0.7853981633974483, 1.4142135623730951
1318, 27, 286, 68, 285, 69, 1, -1, -0.7853981633974483, 1.4142135623730951
1319, 0, 192, 171, 190, 172, 2, -1, -0.4636476090008061, 2.23606797749979
1319, 2, 207, 60, 206, 61, 1, -1, -0.7853981633974483, 1.4142135623730951
1319, 12, 166, 198, 165, 199, 1, -1, -0.7853981633974483, 1.4142135623730951
1319, 14, 297, 61, 295, 62, 2, -1, -0.4636476090008061, 2.23606797749979
1319, 26, 294, 198, 293, 199, 1, -1, -0.7853981633974483, 1.4142135623730951
1320, 24, 275, 169, 272, 169, 3, 0, 0.0, 3.0
1321, 3, 316, 39, 315, 40, 1, -1, -0.7853981633974483, 1.4142135623730951
1322, 4, 183, 199, 182, 200, 1, -1, -0.7853981633974483, 1.4142135623730951
1322, 8, 240, 47, 239, 48, 1, -1, -0.7853981633974483, 1.4142135623730951
1322, 15, 300, 64, 298, 64, 2, 0, 0.0, 2.0
1323, 1, 244, 61, 243, 62, 1, -1, -0.7853981633974483, 1.4142135623730951
1323, 4, 184, 198, 183, 199, 1, -1, -0.7853981633974483, 1.4142135623730951
1323, 6, 245, 185, 244, 186, 1, -1, -0.7853981633974483, 1.4142135623730951
1323, 7, 284, 182, 283, 183, 1, -1, -0.7853981633974483, 1.4142135623730951
1323, 15, 302, 64, 300, 64, 2, 0, 0.0, 2.0
1324, 4, 185, 197, 184, 198, 1, -1, -0.7853981633974483, 1.4142135623730951
1324, 6, 246, 184, 245, 185, 1, -1, -0.7853981633974483, 1.4142135623730951
1324, 7, 285, 181, 284, 182, 1, -1, -0.7853981633974483, 1.4142135623730951
1324, 23, 273, 166, 275, 167, -2, -1, -2.677945044588987, 2.23606797749979
1325, 13, 117, 169, 118, 168, -1, 1, 2.356194490192345, 1.4142135623730951
1326, 12, 302, 39, 301, 40, 1, -1, -0.7853981633974483, 1.4142135623730951
1326, 21, 220, 199, 219, 200, 1, -1, -0.7853981633974483, 1.4142135623730951
1328, 6, 247, 185, 246, 186, 1, -1, -0.7853981633974483, 1.4142135623730951
1328, 16, 275, 168, 274, 169, 1, -1, -0.7853981633974483, 1.4142135623730951
1329, 11, 243, 49, 242, 50, 1, -1, -0.7853981633974483, 1.4142135623730951
1330, 16, 278, 170, 277, 171, 1, -1, -0.7853981633974483, 1.4142135623730951
1331, 16, 279, 169, 278, 170, 1, -1, -0.7853981633974483, 1.4142135623730951
1331, 18, 222, 199, 221, 200, 1, -1, -0.7853981633974483, 1.4142135623730951
1331, 21, 105, 187, 103, 187, 2, 0, 0.0, 2.0
1332, 3, 192, 173, 191, 174, 1, -1, -0.7853981633974483, 1.4142135623730951
1332, 14, 304, 39, 303, 40, 1, -1, -0.7853981633974483, 1.4142135623730951
1332, 20, 108, 187, 105, 187, 3, 0, 0.0, 3.0
1332, 25, 319, 74, 318, 75, 1, -1, -0.7853981633974483, 1.4142135623730951
1333, 16, 119, 169, 121, 169, -2, 0, 3.141592653589793, 2.0
1333, 17, 223, 197, 222, 198, 1, -1, -0.7853981633974483, 1.4142135623730951
1333, 20, 109, 186, 108, 187, 1, -1, -0.7853981633974483, 1.4142135623730951
1334, 6, 292, 183, 291, 184, 1, -1, -0.7853981633974483, 1.4142135623730951
1334, 15, 281, 167, 279, 168, 2, -1, -0.4636476090008061, 2.23606797749979
1334, 17, 224, 196, 223, 197, 1, -1, -0.7853981633974483, 1.4142135623730951
1335, 13, 281, 170, 280, 171, 1, -1, -0.7853981633974483, 1.4142135623730951
1335, 17, 310, 63, 309, 64, 1, -1, -0.7853981633974483, 1.4142135623730951
1336, 13, 307, 39, 306, 40, 1, -1, -0.7853981633974483, 1.4142135623730951
1337, 8, 132, 185, 131, 186, 1, -1, -0.7853981633974483, 1.4142135623730951
1337, 13, 308, 38, 307, 39, 1, -1, -0.7853981633974483, 1.4142135623730951
1337, 16, 311, 61, 310, 62, 1, -1, -0.7853981633974483, 1.4142135623730951
1338, 0, 216, 60, 215, 61, 1, -1, -0.7853981633974483, 1.4142135623730951
1338, 13, 309, 37, 308, 38, 1, -1, -0.7853981633974483, 1.4142135623730951
1338, 17, 233, 185, 232, 186, 1, -1, -0.7853981633974483, 1.4142135623730951
1339, 10, 212, 173, 211, 174, 1, -1, -0.7853981633974483, 1.4142135623730951
1339, 12, 282, 166, 281, 167, 1, -1, -0.7853981633974483, 1.4142135623730951
1339, 13, 310, 36, 309, 37, 1, -1, -0.7853981633974483, 1.4142135623730951
1340, 5, 255, 187, 254, 188, 1, -1, -0.7853981633974483, 1.4142135623730951
1340, 6, 294, 185, 293, 186, 1, -1, -0.7853981633974483, 1.4142135623730951
1340, 7, 312, 64, 309, 64, 3, 0, 0.0, 3.0
1340, 12, 214, 46, 213, 47, 1, -1, -0.7853981633974483, 1.4142135623730951
1340, 15, 283, 169, 282, 170, 1, -1, -0.7853981633974483, 1.4142135623730951
1340, 29, 295, 71, 294, 72, 1, -1, -0.7853981633974483, 1.4142135623730951
1341, 3, 192, 198, 191, 199, 1, -1, -0.7853981633974483, 1.4142135623730951
1341, 6, 295, 184, 294, 185, 1, -1, -0.7853981633974483, 1.4142135623730951
1341, 7, 313, 65, 312, 64, 1, 1, 0.7853981633974483, 1.4142135623730951
1342, 5, 256, 185, 255, 186, 1, -1, -0.7853981633974483, 1.4142135623730951
1342, 6, 296, 183, 295, 184, 1, -1, -0.7853981633974483, 1.4142135623730951
1342, 27, 227, 49, 226, 50, 1, -1, -0.7853981633974483, 1.4142135623730951
1343, 1, 218, 59, 217, 60, 1, -1, -0.7853981633974483, 1.4142135623730951
1343, 3, 189, 198, 192, 198, -3, 0, 3.141592653589793, 3.0
1343, 4, 146, 198, 150, 198, -4, 0, 3.141592653589793, 4.0
1343, 6, 297, 182, 296, 183, 1, -1, -0.7853981633974483, 1.4142135623730951
1343, 12, 215, 43, 214, 44, 1, -1, -0.7853981633974483, 1.4142135623730951
1343, 20, 250, 49, 249, 50, 1, -1, -0.7853981633974483, 1.4142135623730951
1343, 22, 179, 49, 178, 50, 1, -1, -0.7853981633974483, 1.4142135623730951
1343, 26, 228, 48, 227, 49, 1, -1, -0.7853981633974483, 1.4142135623730951
1344, 1, 220, 58, 218, 59, 2, -1, -0.4636476090008061, 2.23606797749979
1344, 9, 114, 170, 116, 170, -2, 0, 3.141592653589793, 2.0
1344, 11, 216, 42, 215, 43, 1, -1, -0.7853981633974483, 1.4142135623730951
1344, 23, 102, 168, 101, 169, 1, -1, -0.7853981633974483, 1.4142135623730951
1344, 28, 228, 36, 227, 37, 1, -1, -0.7853981633974483, 1.4142135623730951
1345, 9, 156, 52, 155, 53, 1, -1, -0.7853981633974483, 1.4142135623730951
1346, 0, 220, 61, 219, 62, 1, -1, -0.7853981633974483, 1.4142135623730951
1346, 1, 256, 63, 255, 64, 1, -1, -0.7853981633974483, 1.4142135623730951
1346, 23, 252, 49, 251, 50, 1, -1, -0.7853981633974483, 1.4142135623730951
1347, 2, 201, 172, 200, 173, 1, -1, -0.7853981633974483, 1.4142135623730951
1347, 10, 311, 39, 310, 40, 1, -1, -0.7853981633974483, 1.4142135623730951
1349, 8, 297, 183, 296, 184, 1, -1, -0.7853981633974483, 1.4142135623730951
1349, 12, 178, 198, 177, 199, 1, -1, -0.7853981633974483, 1.4142135623730951
1349, 20, 253, 47, 252, 48, 1, -1, -0.7853981633974483, 1.4142135623730951
1350, 7, 313, 63, 315, 64, -2, -1, -2.677945044588987, 2.23606797749979
1351, 8, 296, 182, 295, 183, 1, -1, -0.7853981633974483, 1.4142135623730951
1351, 23, 284, 168, 283, 170, 1, -2, -1.1071487177940904, 2.23606797749979
1352, 3, 152, 199, 151, 200, 1, -1, -0.7853981633974483, 1.4142135623730951
1352, 6, 259, 184, 258, 185, 1, -1, -0.7853981633974483, 1.4142135623730951
1352, 8, 297, 181, 296, 182, 1, -1, -0.7853981633974483, 1.4142135623730951
1352, 11, 181, 198, 180, 199, 1, -1, -0.7853981633974483, 1.4142135623730951
1353, 0, 222, 61, 221, 62, 1, -1, -0.7853981633974483, 1.4142135623730951
1353, 5, 260, 183, 259, 184, 1, -1, -0.7853981633974483, 1.4142135623730951
1353, 6, 310, 61, 312, 62, -2, -1, -2.677945044588987, 2.23606797749979
1353, 7, 299, 180, 297, 181, 2, -1, -0.4636476090008061, 2.23606797749979
1353, 12, 125, 155, 126, 154, -1, 1, 2.356194490192345, 1.4142135623730951
1353, 18, 254, 47, 253, 48, 1, -1, -0.7853981633974483, 1.4142135623730951
1354, 0, 223, 60, 222, 61, 1, -1, -0.7853981633974483, 1.4142135623730951
1354, 4, 202, 173, 201, 174, 1, -1, -0.7853981633974483, 1.4142135623730951
1354, 6, 300, 179, 299, 180, 1, -1, -0.7853981633974483, 1.4142135623730951
1354, 7, 218, 44, 217, 45, 1, -1, -0.7853981633974483, 1.4142135623730951
1354, 18, 124, 50, 123, 51, 1, -1, -0.7853981633974483, 1.4142135623730951
1355, 8, 244, 187, 243, 188, 1, -1, -0.7853981633974483, 1.4142135623730951
1355, 11, 220, 46, 219, 47, 1, -1, -0.7853981633974483, 1.4142135623730951
1355, 12, 256, 48, 255, 49, 1, -1, -0.7853981633974483, 1.4142135623730951
1355, 13, 291, 169, 290, 170, 1, -1, -0.7853981633974483, 1.4142135623730951
1356, 6, 302, 185, 301, 186, 1, -1, -0.7853981633974483, 1.4142135623730951
1356, 17, 117, 171, 118, 170, -1, 1, 2.356194490192345, 1.4142135623730951
1357, 1, 260, 65, 259, 66, 1, -1, -0.7853981633974483, 1.4142135623730951
1357, 12, 316, 38, 315, 39, 1, -1, -0.7853981633974483, 1.4142135623730951
1358, 0, 225, 60, 224, 61, 1, -1, -0.7853981633974483, 1.4142135623730951
1358, 4, 264, 186, 263, 187, 1, -1, -0.7853981633974483, 1.4142135623730951
1358, 11, 293, 167, 292, 168, 1, -1, -0.7853981633974483, 1.4142135623730951
1359, 0, 226, 59, 225, 60, 1, -1, -0.7853981633974483, 1.4142135623730951
1360, 1, 227, 61, 226, 62, 1, -1, -0.7853981633974483, 1.4142135623730951
1360, 22, 297, 170, 296, 171, 1, -1, -0.7853981633974483, 1.4142135623730951
1361, 3, 204, 172, 203, 173, 1, -1, -0.7853981633974483, 1.4142135623730951
1361, 9, 223, 45, 222, 46, 1, -1, -0.7853981633974483, 1.4142135623730951
1361, 18, 228, 188, 227, 189, 1, -1, -0.7853981633974483, 1.4142135623730951
1361, 26, 151, 188, 150, 189, 1, -1, -0.7853981633974483, 1.4142135623730951
1361, 32, 189, 185, 188, 186, 1, -1, -0.7853981633974483, 1.4142135623730951
1362, 4, 263, 185, 262, 186, 1, -1, -0.7853981633974483, 1.4142135623730951
1362, 20, 317, 39, 316, 40, 1, -1, -0.7853981633974483, 1.4142135623730951
1362, 25, 153, 188, 151, 188, 2, 0, 0.0, 2.0
1362, 31, 191, 185, 189, 185, 2, 0, 0.0, 2.0
1363, 0, 265, 66, 263, 66, 2, 0, 0.0, 2.0
1363, 3, 198, 172, 204, 172, -6, 0, 3.141592653589793, 6.0
1363, 19, 298, 168, 297, 169, 1, -1, -0.7853981633974483, 1.4142135623730951
1363, 20, 318, 38, 317, 39, 1, -1, -0.7853981633974483, 1.4142135623730951
1363, 25, 155, 187, 153, 188, 2, -1, -0.4636476090008061, 2.23606797749979
1363, 28, 316, 197, 315, 198, 1, -1, -0.7853981633974483, 1.4142135623730951
1363, 31, 174, 183, 173, 184, 1, -1, -0.7853981633974483, 1.4142135623730951
1364, 11, 260, 48, 259, 49, 1, -1, -0.7853981633974483, 1.4142135623730951
1364, 18, 298, 166, 298, 168, 0, -2, -1.5707963267948966, 2.0
1364, 19, 319, 37, 318, 38, 1, -1, -0.7853981633974483, 1.4142135623730951
1364, 22, 251, 187, 250, 188, 1, -1, -0.7853981633974483, 1.4142135623730951
1364, 24, 157, 186, 155, 187, 2, -1, -0.4636476090008061, 2.23606797749979
1366, 9, 225, 45, 224, 46, 1, -1, -0.7853981633974483, 1.4142135623730951
1366, 16, 218, 196, 217, 197, 1, -1, -0.7853981633974483, 1.4142135623730951
1367, 19, 125, 180, 124, 181, 1, -1, -0.7853981633974483, 1.4142135623730951
1368, 3, 204, 199, 203, 200, 1, -1, -0.7853981633974483, 1.4142135623730951
1368, 15, 313, 73, 311, 73, 2, 0, 0.0, 2.0
1369, 1, 266, 64, 265, 65, 1, -1, -0.7853981633974483, 1.4142135623730951
1369, 8, 142, 182, 141, 183, 1, -1, -0.7853981633974483, 1.4142135623730951
1370, 6, 309, 185, 308, 186, 1, -1, -0.7853981633974483, 1.4142135623730951
1371, 6, 310, 184, 309, 185, 1, -1, -0.7853981633974483, 1.4142135623730951
1371, 15, 263, 49, 262, 50, 1, -1, -0.7853981633974483, 1.4142135623730951
1372, 0, 210, 173, 209, 174, 1, -1, -0.7853981633974483, 1.4142135623730951
1372, 1, 232, 61, 231, 62, 1, -1, -0.7853981633974483, 1.4142135623730951
1372, 2, 269, 65, 268, 66, 1, -1, -0.7853981633974483, 1.4142135623730951
1372, 6, 311, 183, 310, 184, 1, -1, -0.7853981633974483, 1.4142135623730951
1372, 15, 264, 48, 263, 49, 1, -1, -0.7853981633974483, 1.4142135623730951
1373, 0, 211, 172, 210, 173, 1, -1, -0.7853981633974483, 1.4142135623730951
1373, 13, 313, 72, 312, 73, 1, -1, -0.7853981633974483, 1.4142135623730951
1374, 1, 233, 60, 232, 61, 1, -1, -0.7853981633974483, 1.4142135623730951
1374, 2, 270, 63, 269, 64, 1, -1, -0.7853981633974483, 1.4142135623730951
1374, 14, 265, 47, 264, 48, 1, -1, -0.7853981633974483, 1.4142135623730951
1375, 1, 270, 66, 269, 67, 1, -1, -0.7853981633974483, 1.4142135623730951
1375, 29, 157, 189, 156, 190, 1, -1, -0.7853981633974483, 1.4142135623730951
1375, 30, 317, 74, 315, 74, 2, 0, 0.0, 2.0
1376, 9, 255, 186, 254, 187, 1, -1, -0.7853981633974483, 1.4142135623730951
1376, 13, 229, 174, 228, 175, 1, -1, -0.7853981633974483, 1.4142135623730951
1377, 1, 271, 65, 270, 66, 1, -1, -0.7853981633974483, 1.4142135623730951
1377, 8, 271, 184, 270, 185, 1, -1, -0.7853981633974483, 1.4142135623730951
1377, 29, 319, 73, 317, 74, 2, -1, -0.4636476090008061, 2.23606797749979
1378, 6, 308, 181, 307, 182, 1, -1, -0.7853981633974483, 1.4142135623730951
1378, 14, 306, 169, 305, 170, 1, -1, -0.7853981633974483, 1.4142135623730951
1378, 27, 242, 198, 241, 199, 1, -1, -0.7853981633974483, 1.4142135623730951
1379, 1, 272, 63, 271, 64, 1, -1, -0.7853981633974483, 1.4142135623730951
1379, 2, 206, 198, 205, 199, 1, -1, -0.7853981633974483, 1.4142135623730951
1379, 11, 189, 199, 188, 200, 1, -1, -0.7853981633974483, 1.4142135623730951
1379, 13, 307, 168, 306, 169, 1, -1, -0.7853981633974483, 1.4142135623730951
1379, 19, 194, 47, 193, 48, 1, -1, -0.7853981633974483, 1.4142135623730951
1380, 9, 196, 51, 195, 52, 1, -1, -0.7853981633974483, 1.4142135623730951
1380, 15, 129, 182, 128, 183, 1, -1, -0.7853981633974483, 1.4142135623730951
1380, 18, 268, 49, 267, 50, 1, -1, -0.7853981633974483, 1.4142135623730951
1381, 6, 311, 183, 310, 184, 1, -1, -0.7853981633974483, 1.4142135623730951
1381, 17, 232, 174, 231, 175, 1, -1, -0.7853981633974483, 1.4142135623730951
1381, 18, 269, 48, 268, 49, 1, -1, -0.7853981633974483, 1.4142135623730951
1382, 6, 312, 182, 311, 183, 1, -1, -0.7853981633974483, 1.4142135623730951
1382, 7, 275, 186, 274, 187, 1, -1, -0.7853981633974483, 1.4142135623730951
1383, 6, 313, 181, 312, 182, 1, -1, -0.7853981633974483, 1.4142135623730951
1384, 0, 236, 61, 235, 62, 1, -1, -0.7853981633974483, 1.4142135623730951
1384, 1, 274, 66, 273, 67, 1, -1, -0.7853981633974483, 1.4142135623730951
1384, 8, 124, 60, 123, 61, 1, -1, -0.7853981633974483, 1.4142135623730951
1384, 13, 191, 198, 190, 199, 1, -1, -0.7853981633974483, 1.4142135623730951
1385, 12, 234, 45, 233, 46, 1, -1, -0.7853981633974483, 1.4142135623730951
1386, 16, 306, 166, 305, 167, 1, -1, -0.7853981633974483, 1.4142135623730951
1386, 17, 199, 51, 198, 52, 1, -1, -0.7853981633974483, 1.4142135623730951
1387, 0, 239, 62, 238, 63, 1, -1, -0.7853981633974483, 1.4142135623730951
1387, 15, 307, 165, 306, 166, 1, -1, -0.7853981633974483, 1.4142135623730951
1388, 5, 215, 172, 214, 173, 1, -1, -0.7853981633974483, 1.4142135623730951
1388, 13, 193, 198, 192, 199, 1, -1, -0.7853981633974483, 1.4142135623730951
1388, 14, 234, 174, 233, 175, 1, -1, -0.7853981633974483, 1.4142135623730951
1388, 15, 309, 164, 307, 165, 2, -1, -0.4636476090008061, 2.23606797749979
1389, 1, 277, 66, 276, 67, 1, -1, -0.7853981633974483, 1.4142135623730951
1389, 8, 271, 48, 270, 49, 1, -1, -0.7853981633974483, 1.4142135623730951
1389, 9, 171, 49, 170, 50, 1, -1, -0.7853981633974483, 1.4142135623730951
1389, 13, 194, 197, 193, 198, 1, -1, -0.7853981633974483, 1.4142135623730951
1389, 15, 310, 163, 309, 164, 1, -1, -0.7853981633974483, 1.4142135623730951
1389, 16, 200, 49, 199, 50, 1, -1, -0.7853981633974483, 1.4142135623730951
1390, 1, 278, 66, 277, 67, 1, -1, -0.7853981633974483, 1.4142135623730951
1391, 15, 314, 169, 313, 170, 1, -1, -0.7853981633974483, 1.4142135623730951
1392, 18, 122, 190, 121, 191, 1, -1, -0.7853981633974483, 1.4142135623730951
1392, 19, 236, 174, 235, 175, 1, -1, -0.7853981633974483, 1.4142135623730951
1394, 4, 277, 183, 276, 184, 1, -1, -0.7853981633974483, 1.4142135623730951
1394, 16, 196, 198, 195, 199, 1, -1, -0.7853981633974483, 1.4142135623730951
1394, 19, 237, 173, 236, 174, 1, -1, -0.7853981633974483, 1.4142135623730951
1395, 12, 316, 168, 315, 169, 1, -1, -0.7853981633974483, 1.4142135623730951
1396, 9, 122, 74, 122, 76, 0, -2, -1.5707963267948966, 2.0
1396, 12, 318, 165, 316, 168, 2, -3, -0.982793723247329, 3.605551275463989
1398, 6, 152, 182, 151, 183, 1, -1, -0.7853981633974483, 1.4142135623730951
1398, 10, 174, 47, 173, 48, 1, -1, -0.7853981633974483, 1.4142135623730951
1398, 15, 154, 49, 153, 50, 1, -1, -0.7853981633974483, 1.4142135623730951
1399, 4, 278, 181, 280, 181, -2, 0, 3.141592653589793, 2.0
1399, 15, 153, 50, 154, 49, -1, 1, 2.356194490192345, 1.4142135623730951
1400, 22, 315, 166, 314, 167, 1, -1, -0.7853981633974483, 1.4142135623730951
1401, 3, 284, 67, 283, 68, 1, -1, -0.7853981633974483, 1.4142135623730951
1401, 13, 241, 45, 240, 46, 1, -1, -0.7853981633974483, 1.4142135623730951
1401, 15, 242, 175, 241, 176, 1, -1, -0.7853981633974483, 1.4142135623730951
1402, 7, 267, 184, 266, 185, 1, -1, -0.7853981633974483, 1.4142135623730951
1402, 9, 154, 182, 153, 183, 1, -1, -0.7853981633974483, 1.4142135623730951
1402, 17, 280, 168, 279, 169, 1, -1, -0.7853981633974483, 1.4142135623730951
1402, 21, 315, 163, 315, 165, 0, -2, -1.5707963267948966, 2.0
1403, 14, 243, 173, 242, 174, 1, -1, -0.7853981633974483, 1.4142135623730951
1403, 19, 213, 61, 212, 62, 1, -1, -0.7853981633974483, 1.4142135623730951
1404, 2, 249, 62, 248, 63, 1, -1, -0.7853981633974483, 1.4142135623730951
1404, 7, 268, 182, 267, 183, 1, -1, -0.7853981633974483, 1.4142135623730951
1404, 15, 173, 50, 174, 49, -1, 1, 2.356194490192345, 1.4142135623730951
1404, 18, 214, 60, 213, 61, 1, -1, -0.7853981633974483, 1.4142135623730951
1405, 2, 219, 200, 218, 201, 1, -1, -0.7853981633974483, 1.4142135623730951
1405, 6, 243, 44, 242, 45, 1, -1, -0.7853981633974483, 1.4142135623730951
1405, 18, 155, 183, 154, 184, 1, -1, -0.7853981633974483, 1.4142135623730951
1406, 1, 285, 66, 284, 67, 1, -1, -0.7853981633974483, 1.4142135623730951
1406, 5, 284, 182, 282, 184, 2, -2, -0.7853981633974483, 2.8284271247461903
1406, 11, 255, 52, 254, 53, 1, -1, -0.7853981633974483, 1.4142135623730951
1406, 28, 229, 63, 228, 64, 1, -1, -0.7853981633974483, 1.4142135623730951
1406, 32, 262, 171, 261, 172, 1, -1, -0.7853981633974483, 1.4142135623730951
1407, 1, 286, 65, 285, 66, 1, -1, -0.7853981633974483, 1.4142135623730951
1407, 3, 226, 174, 225, 175, 1, -1, -0.7853981633974483, 1.4142135623730951
1407, 6, 244, 42, 243, 43, 1, -1, -0.7853981633974483, 1.4142135623730951
1407, 28, 230, 62, 229, 63, 1, -1, -0.7853981633974483, 1.4142135623730951
1407, 30, 269, 63, 268, 64, 1, -1, -0.7853981633974483, 1.4142135623730951
1408, 1, 287, 64, 286, 65, 1, -1, -0.7853981633974483, 1.4142135623730951
1408, 2, 220, 198, 219, 199, 1, -1, -0.7853981633974483, 1.4142135623730951
1408, 4, 171, 198, 170, 199, 1, -1, -0.7853981633974483, 1.4142135623730951
1408, 5, 286, 180, 284, 181, 2, -1, -0.4636476090008061, 2.23606797749979
1408, 13, 207, 51, 206, 52, 1, -1, -0.7853981633974483, 1.4142135623730951
1408, 14, 244, 172, 243, 173, 1, -1, -0.7853981633974483, 1.4142135623730951
1409, 2, 221, 197, 220, 198, 1, -1, -0.7853981633974483, 1.4142135623730951
1409, 5, 287, 179, 286, 180, 1, -1, -0.7853981633974483, 1.4142135623730951
1409, 6, 245, 41, 243, 42, 2, -1, -0.4636476090008061, 2.23606797749979
1409, 12, 178, 48, 177, 49, 1, -1, -0.7853981633974483, 1.4142135623730951
1409, 14, 246, 171, 244, 172, 2, -1, -0.4636476090008061, 2.23606797749979
1409, 15, 155, 61, 154, 62, 1, -1, -0.7853981633974483, 1.4142135623730951
1409, 29, 270, 62, 269, 63, 1, -1, -0.7853981633974483, 1.4142135623730951
1409, 30, 186, 62, 185, 63, 1, -1, -0.7853981633974483, 1.4142135623730951
1412, 7, 123, 70, 124, 72, -1, -2, -2.0344439357957027, 2.23606797749979
1412, 8, 129, 57, 129, 59, 0, -2, -1.5707963267948966, 2.0
1413, 2, 222, 198, 221, 199, 1, -1, -0.7853981633974483, 1.4142135623730951
1413, 9, 142, 179, 141, 180, 1, -1, -0.7853981633974483, 1.4142135623730951
1414, 1, 288, 67, 287, 68, 1, -1, -0.7853981633974483, 1.4142135623730951
1414, 13, 170, 62, 171, 61, -1, 1, 2.356194490192345, 1.4142135623730951
1415, 17, 274, 64, 273, 65, 1, -1, -0.7853981633974483, 1.4142135623730951
1416, 16, 284, 50, 285, 49, -1, 1, 2.356194490192345, 1.4142135623730951
1417, 0, 254, 64, 253, 65, 1, -1, -0.7853981633974483, 1.4142135623730951
1417, 13, 249, 172, 248, 173, 1, -1, -0.7853981633974483, 1.4142135623730951
1418, 15, 288, 166, 287, 167, 1, -1, -0.7853981633974483, 1.4142135623730951
1418, 16, 285, 49, 284, 50, 1, -1, -0.7853981633974483, 1.4142135623730951
1419, 5, 290, 182, 289, 183, 1, -1, -0.7853981633974483, 1.4142135623730951
1419, 13, 250, 171, 249, 172, 1, -1, -0.7853981633974483, 1.4142135623730951
1419, 19, 160, 61, 159, 62, 1, -1, -0.7853981633974483, 1.4142135623730951
1420, 8, 251, 44, 250, 45, 1, -1, -0.7853981633974483, 1.4142135623730951
1421, 3, 228, 199, 227, 200, 1, -1, -0.7853981633974483, 1.4142135623730951
1421, 15, 252, 173, 251, 174, 1, -1, -0.7853981633974483, 1.4142135623730951
1422, 5, 291, 182, 290, 183, 1, -1, -0.7853981633974483, 1.4142135623730951
1422, 15, 253, 172, 252, 173, 1, -1, -0.7853981633974483, 1.4142135623730951
1423, 9, 208, 198, 207, 199, 1, -1, -0.7853981633974483, 1.4142135623730951
1423, 10, 213, 50, 212, 51, 1, -1, -0.7853981633974483, 1.4142135623730951
1424, 0, 258, 64, 257, 65, 1, -1, -0.7853981633974483, 1.4142135623730951
1424, 5, 289, 181, 291, 181, -2, 0, 3.141592653589793, 2.0
1424, 9, 209, 197, 208, 198, 1, -1, -0.7853981633974483, 1.4142135623730951
1424, 15, 254, 170, 253, 171, 1, -1, -0.7853981633974483, 1.4142135623730951
1424, 16, 162, 61, 161, 62, 1, -1, -0.7853981633974483, 1.4142135623730951
1425, 9, 254, 173, 253, 174, 1, -1, -0.7853981633974483, 1.4142135623730951
1425, 17, 293, 168, 292, 169, 1, -1, -0.7853981633974483, 1.4142135623730951
1425, 19, 153, 53, 152, 54, 1, -1, -0.7853981633974483, 1.4142135623730951
1426, 1, 258, 64, 257, 65, 1, -1, -0.7853981633974483, 1.4142135623730951
1426, 2, 294, 68, 293, 69, 1, -1, -0.7853981633974483, 1.4142135623730951
1426, 5, 297, 185, 296, 186, 1, -1, -0.7853981633974483, 1.4142135623730951
1426, 17, 294, 167, 293, 168, 1, -1, -0.7853981633974483, 1.4142135623730951
1427, 2, 295, 67, 294, 68, 1, -1, -0.7853981633974483, 1.4142135623730951
1427, 9, 255, 171, 254, 172, 1, -1, -0.7853981633974483, 1.4142135623730951
1427, 11, 253, 43, 252, 44, 1, -1, -0.7853981633974483, 1.4142135623730951
1427, 12, 211, 198, 210, 199, 1, -1, -0.7853981633974483, 1.4142135623730951
1428, 0, 234, 173, 233, 174, 1, -1, -0.7853981633974483, 1.4142135623730951
1428, 12, 212, 197, 211, 198, 1, -1, -0.7853981633974483, 1.4142135623730951
1429, 5, 298, 183, 297, 184, 1, -1, -0.7853981633974483, 1.4142135623730951
1429, 11, 254, 42, 253, 43, 1, -1, -0.7853981633974483, 1.4142135623730951
1429, 15, 292, 50, 291, 51, 1, -1, -0.7853981633974483, 1.4142135623730951
1430, 0, 261, 64, 260, 65, 1, -1, -0.7853981633974483, 1.4142135623730951
1430, 1, 298, 68, 297, 69, 1, -1, -0.7853981633974483, 1.4142135623730951
1430, 9, 165, 183, 164, 184, 1, -1, -0.7853981633974483, 1.4142135623730951
1431, 8, 296, 166, 295, 167, 1, -1, -0.7853981633974483, 1.4142135623730951
1431, 12, 283, 184, 282, 185, 1, -1, -0.7853981633974483, 1.4142135623730951
1431, 15, 255, 44, 254, 45, 1, -1, -0.7853981633974483, 1.4142135623730951
1432, 4, 237, 175, 236, 176, 1, -1, -0.7853981633974483, 1.4142135623730951
1432, 5, 300, 184, 299, 185, 1, -1, -0.7853981633974483, 1.4142135623730951
1432, 11, 165, 63, 164, 64, 1, -1, -0.7853981633974483, 1.4142135623730951
1432, 15, 256, 43, 255, 44, 1, -1, -0.7853981633974483, 1.4142135623730951
1433, 0, 263, 63, 262, 64, 1, -1, -0.7853981633974483, 1.4142135623730951
1433, 1, 300, 67, 299, 68, 1, -1, -0.7853981633974483, 1.4142135623730951
1433, 4, 238, 174, 237, 175, 1, -1, -0.7853981633974483, 1.4142135623730951
1433, 8, 297, 165, 296, 166, 1, -1, -0.7853981633974483, 1.4142135623730951
1434, 1, 301, 66, 300, 67, 1, -1, -0.7853981633974483, 1.4142135623730951
1434, 3, 180, 199, 179, 200, 1, -1, -0.7853981633974483, 1.4142135623730951
1434, 4, 239, 173, 238, 174, 1, -1, -0.7853981633974483, 1.4142135623730951
1434, 15, 257, 42, 256, 43, 1, -1, -0.7853981633974483, 1.4142135623730951
1435, 1, 301, 69, 300, 70, 1, -1, -0.7853981633974483, 1.4142135623730951
1435, 6, 297, 183, 296, 184, 1, -1, -0.7853981633974483, 1.4142135623730951
1435, 12, 142, 49, 141, 50, 1, -1, -0.7853981633974483, 1.4142135623730951
1435, 13, 285, 184, 284, 185, 1, -1, -0.7853981633974483, 1.4142135623730951
1435, 16, 259, 172, 258, 173, 1, -1, -0.7853981633974483, 1.4142135623730951
1435, 25, 284, 63, 283, 64, 1, -1, -0.7853981633974483, 1.4142135623730951
1436, 6, 298, 182, 297, 183, 1, -1, -0.7853981633974483, 1.4142135623730951
1436, 9, 134, 181, 132, 182, 2, -1, -0.4636476090008061, 2.23606797749979
1436, 10, 258, 44, 257, 45, 1, -1, -0.7853981633974483, 1.4142135623730951
1436, 18, 269, 51, 268, 53, 1, -2, -1.1071487177940904, 2.23606797749979
1437, 0, 263, 64, 262, 65, 1, -1, -0.7853981633974483, 1.4142135623730951
1437, 6, 300, 181, 298, 182, 2, -1, -0.4636476090008061, 2.23606797749979
1437, 7, 290, 71, 292, 71, -2, 0, 3.141592653589793, 2.0
1437, 15, 260, 171, 259, 172, 1, -1, -0.7853981633974483, 1.4142135623730951
1437, 25, 149, 37, 150, 42, -1, -5, -1.7681918866447774, 5.0990195135927845
1438, 0, 264, 63, 263, 64, 1, -1, -0.7853981633974483, 1.4142135623730951
1438, 2, 233, 198, 232, 199, 1, -1, -0.7853981633974483, 1.4142135623730951
1438, 6, 301, 180, 300, 181, 1, -1, -0.7853981633974483, 1.4142135623730951
1438, 17, 271, 50, 270, 51, 1, -1, -0.7853981633974483, 1.4142135623730951
1438, 18, 219, 49, 218, 50, 1, -1, -0.7853981633974483, 1.4142135623730951
1438, 23, 286, 62, 285, 63, 1, -1, -0.7853981633974483, 1.4142135623730951
1439, 2, 234, 197, 233, 198, 1, -1, -0.7853981633974483, 1.4142135623730951
1439, 6, 303, 180, 301, 180, 2, 0, 0.0, 2.0
1439, 12, 287, 183, 286, 184, 1, -1, -0.7853981633974483, 1.4142135623730951
1439, 22, 182, 60, 181, 61, 1, -1, -0.7853981633974483, 1.4142135623730951
1439, 23, 287, 61, 286, 62, 1, -1, -0.7853981633974483, 1.4142135623730951
1441, 1, 301, 69, 300, 70, 1, -1, -0.7853981633974483, 1.4142135623730951
1442, 1, 302, 68, 301, 69, 1, -1, -0.7853981633974483, 1.4142135623730951
1442, 11, 262, 170, 261, 171, 1, -1, -0.7853981633974483, 1.4142135623730951
1442, 14, 287, 63, 286, 64, 1, -1, -0.7853981633974483, 1.4142135623730951
1443, 2, 236, 198, 235, 199, 1, -1, -0.7853981633974483, 1.4142135623730951
1443, 4, 306, 185, 305, 186, 1, -1, -0.7853981633974483, 1.4142135623730951
1443, 10, 184, 60, 183, 61, 1, -1, -0.7853981633974483, 1.4142135623730951
1443, 14, 288, 62, 287, 63, 1, -1, -0.7853981633974483, 1.4142135623730951
1444, 1, 303, 67, 302, 68, 1, -1, -0.7853981633974483, 1.4142135623730951
1444, 5, 241, 172, 240, 173, 1, -1, -0.7853981633974483, 1.4142135623730951
1444, 11, 264, 168, 262, 169, 2, -1, -0.4636476090008061, 2.23606797749979
1445, 8, 265, 171, 264, 172, 1, -1, -0.7853981633974483, 1.4142135623730951
1445, 9, 262, 47, 261, 48, 1, -1, -0.7853981633974483, 1.4142135623730951
1445, 10, 157, 184, 155, 185, 2, -1, -0.4636476090008061, 2.23606797749979
1445, 21, 261, 67, 260, 68, 1, -1, -0.7853981633974483, 1.4142135623730951
1446, 2, 239, 199, 238, 200, 1, -1, -0.7853981633974483, 1.4142135623730951
1446, 3, 244, 173, 243, 174, 1, -1, -0.7853981633974483, 1.4142135623730951
1446, 11, 290, 63, 289, 64, 1, -1, -0.7853981633974483, 1.4142135623730951
1446, 12, 192, 50, 191, 51, 1, -1, -0.7853981633974483, 1.4142135623730951
1446, 22, 303, 165, 302, 167, 1, -2, -1.1071487177940904, 2.23606797749979
1447, 3, 245, 172, 244, 173, 1, -1, -0.7853981633974483, 1.4142135623730951
1447, 9, 263, 46, 262, 47, 1, -1, -0.7853981633974483, 1.4142135623730951
1447, 11, 291, 62, 290, 63, 1, -1, -0.7853981633974483, 1.4142135623730951
1447, 23, 209, 49, 208, 50, 1, -1, -0.7853981633974483, 1.4142135623730951
1448, 1, 308, 68, 307, 69, 1, -1, -0.7853981633974483, 1.4142135623730951
1448, 21, 264, 65, 262, 66, 2, -1, -0.4636476090008061, 2.23606797749979
1448, 22, 304, 163, 303, 164, 1, -1, -0.7853981633974483, 1.4142135623730951
1448, 26, 174, 47, 173, 48, 1, -1, -0.7853981633974483, 1.4142135623730951
1449, 6, 130, 64, 129, 65, 1, -1, -0.7853981633974483, 1.4142135623730951
1449, 9, 265, 45, 264, 46, 1, -1, -0.7853981633974483, 1.4142135623730951
1449, 11, 292, 61, 291, 62, 1, -1, -0.7853981633974483, 1.4142135623730951
1449, 22, 208, 49, 209, 48, -1, 1, 2.356194490192345, 1.4142135623730951
1449, 23, 224, 49, 223, 50, 1, -1, -0.7853981633974483, 1.4142135623730951
1450, 3, 247, 174, 246, 175, 1, -1, -0.7853981633974483, 1.4142135623730951
1450, 17, 261, 47, 259, 47, 2, 0, 0.0, 2.0
1450, 22, 140, 192, 138, 192, 2, 0, 0.0, 2.0
1451, 9, 303, 50, 302, 51, 1, -1, -0.7853981633974483, 1.4142135623730951
1451, 10, 268, 170, 267, 171, 1, -1, -0.7853981633974483, 1.4142135623730951
1451, 21, 308, 165, 307, 166, 1, -1, -0.7853981633974483, 1.4142135623730951
1451, 22, 141, 191, 140, 192, 1, -1, -0.7853981633974483, 1.4142135623730951
1452, 4, 308, 182, 307, 183, 1, -1, -0.7853981633974483, 1.4142135623730951
1452, 18, 291, 61, 290, 62, 1, -1, -0.7853981633974483, 1.4142135623730951
1452, 22, 142, 190, 141, 191, 1, -1, -0.7853981633974483, 1.4142135623730951
1453, 2, 242, 197, 241, 198, 1, -1, -0.7853981633974483, 1.4142135623730951
1453, 9, 304, 49, 303, 50, 1, -1, -0.7853981633974483, 1.4142135623730951
1453, 15, 236, 39, 235, 40, 1, -1, -0.7853981633974483, 1.4142135623730951
1453, 22, 143, 189, 142, 190, 1, -1, -0.7853981633974483, 1.4142135623730951
1454, 0, 272, 66, 271, 67, 1, -1, -0.7853981633974483, 1.4142135623730951
1454, 10, 269, 169, 268, 170, 1, -1, -0.7853981633974483, 1.4142135623730951
1454, 14, 188, 60, 187, 61, 1, -1, -0.7853981633974483, 1.4142135623730951
1454, 17, 264, 48, 263, 47, 1, 1, 0.7853981633974483, 1.4142135623730951
1455, 5, 311, 184, 310, 185, 1, -1, -0.7853981633974483, 1.4142135623730951
1456, 7, 142, 58, 141, 59, 1, -1, -0.7853981633974483, 1.4142135623730951
1457, 20, 294, 62, 293, 63, 1, -1, -0.7853981633974483, 1.4142135623730951
1457, 21, 311, 166, 310, 167, 1, -1, -0.7853981633974483, 1.4142135623730951
1457, 22, 305, 72, 303, 72, 2, 0, 0.0, 2.0
1457, 25, 190, 60, 189, 61, 1, -1, -0.7853981633974483, 1.4142135623730951
1458, 17, 151, 197, 150, 198, 1, -1, -0.7853981633974483, 1.4142135623730951
1458, 26, 160, 182, 159, 183, 1, -1, -0.7853981633974483, 1.4142135623730951
1459, 1, 250, 170, 249, 171, 1, -1, -0.7853981633974483, 1.4142135623730951
1459, 10, 271, 167, 270, 168, 1, -1, -0.7853981633974483, 1.4142135623730951
1459, 12, 224, 198, 223, 199, 1, -1, -0.7853981633974483, 1.4142135623730951
1459, 22, 305, 69, 305, 71, 0, -2, -1.5707963267948966, 2.0
1460, 1, 314, 69, 313, 70, 1, -1, -0.7853981633974483, 1.4142135623730951
1460, 24, 284, 185, 283, 186, 1, -1, -0.7853981633974483, 1.4142135623730951
1461, 0, 277, 66, 276, 67, 1, -1, -0.7853981633974483, 1.4142135623730951
1461, 3, 246, 200, 245, 201, 1, -1, -0.7853981633974483, 1.4142135623730951
1461, 5, 310, 183, 309, 184, 1, -1, -0.7853981633974483, 1.4142135623730951
1461, 14, 312, 163, 311, 164, 1, -1, -0.7853981633974483, 1.4142135623730951
1462, 0, 278, 65, 277, 66, 1, -1, -0.7853981633974483, 1.4142135623730951
1462, 1, 315, 68, 314, 69, 1, -1, -0.7853981633974483, 1.4142135623730951
1462, 2, 191, 199, 190, 200, 1, -1, -0.7853981633974483, 1.4142135623730951
1462, 4, 252, 171, 251, 172, 1, -1, -0.7853981633974483, 1.4142135623730951
1462, 8, 176, 183, 175, 184, 1, -1, -0.7853981633974483, 1.4142135623730951
1462, 10, 143, 59, 142, 60, 1, -1, -0.7853981633974483, 1.4142135623730951
1462, 11, 274, 169, 273, 170, 1, -1, -0.7853981633974483, 1.4142135623730951
1462, 14, 313, 161, 312, 163, 1, -2, -1.1071487177940904, 2.23606797749979
1462, 16, 202, 52, 200, 52, 2, 0, 0.0, 2.0
1462, 20, 298, 182, 297, 183, 1, -1, -0.7853981633974483, 1.4142135623730951
1463, 2, 192, 198, 191, 199, 1, -1, -0.7853981633974483, 1.4142135623730951
1463, 4, 253, 170, 252, 171, 1, -1, -0.7853981633974483, 1.4142135623730951
1463, 5, 311, 181, 310, 182, 1, -1, -0.7853981633974483, 1.4142135623730951
1463, 17, 297, 60, 296, 61, 1, -1, -0.7853981633974483, 1.4142135623730951
1464, 0, 279, 64, 278, 65, 1, -1, -0.7853981633974483, 1.4142135623730951
1464, 1, 316, 66, 315, 67, 1, -1, -0.7853981633974483, 1.4142135623730951
1464, 2, 193, 197, 192, 198, 1, -1, -0.7853981633974483, 1.4142135623730951
1464, 4, 254, 169, 253, 170, 1, -1, -0.7853981633974483, 1.4142135623730951
1464, 5, 313, 180, 311, 181, 2, -1, -0.4636476090008061, 2.23606797749979
1464, 6, 135, 62, 133, 63, 2, -1, -0.4636476090008061, 2.23606797749979
1464, 10, 276, 168, 275, 169, 1, -1, -0.7853981633974483, 1.4142135623730951
1465, 0, 249, 199, 248, 200, 1, -1, -0.7853981633974483, 1.4142135623730951
1465, 5, 316, 184, 315, 185, 1, -1, -0.7853981633974483, 1.4142135623730951
1465, 10, 305, 72, 307, 73, -2, -1, -2.677945044588987, 2.23606797749979
1465, 13, 300, 184, 299, 185, 1, -1, -0.7853981633974483, 1.4142135623730951
1465, 17, 299, 63, 298, 64, 1, -1, -0.7853981633974483, 1.4142135623730951
1466, 13, 301, 183, 300, 184, 1, -1, -0.7853981633974483, 1.4142135623730951
1466, 14, 276, 170, 275, 171, 1, -1, -0.7853981633974483, 1.4142135623730951
1467, 3, 194, 200, 193, 201, 1, -1, -0.7853981633974483, 1.4142135623730951
1467, 4, 254, 172, 253, 173, 1, -1, -0.7853981633974483, 1.4142135623730951
1467, 14, 277, 169, 276, 170, 1, -1, -0.7853981633974483, 1.4142135623730951
1467, 17, 300, 62, 299, 63, 1, -1, -0.7853981633974483, 1.4142135623730951
1467, 22, 230, 199, 229, 200, 1, -1, -0.7853981633974483, 1.4142135623730951
1468, 1, 279, 66, 278, 67, 1, -1, -0.7853981633974483, 1.4142135623730951
1468, 14, 278, 168, 277, 169, 1, -1, -0.7853981633974483, 1.4142135623730951
1469, 1, 280, 65, 279, 66, 1, -1, -0.7853981633974483, 1.4142135623730951
1469, 3, 195, 198, 194, 199, 1, -1, -0.7853981633974483, 1.4142135623730951
1469, 11, 273, 43, 272, 44, 1, -1, -0.7853981633974483, 1.4142135623730951
1469, 21, 317, 163, 316, 164, 1, -1, -0.7853981633974483, 1.4142135623730951
1470, 1, 251, 199, 250, 200, 1, -1, -0.7853981633974483, 1.4142135623730951
1470, 15, 284, 196, 282, 197, 2, -1, -0.4636476090008061, 2.23606797749979
1471, 5, 256, 172, 255, 173, 1, -1, -0.7853981633974483, 1.4142135623730951
1471, 6, 272, 44, 271, 45, 1, -1, -0.7853981633974483, 1.4142135623730951
1471, 15, 285, 195, 284, 196, 1, -1, -0.7853981633974483, 1.4142135623730951
1472, 9, 282, 54, 284, 54, -2, 0, 3.141592653589793, 2.0
1472, 15, 287, 194, 285, 195, 2, -1, -0.4636476090008061, 2.23606797749979
1473, 6, 273, 43, 272, 44, 1, -1, -0.7853981633974483, 1.4142135623730951
1475, 0, 283, 67, 282, 68, 1, -1, -0.7853981633974483, 1.4142135623730951
1475, 7, 318, 70, 317, 71, 1, -1, -0.7853981633974483, 1.4142135623730951
1476, 0, 284, 66, 283, 67, 1, -1, -0.7853981633974483, 1.4142135623730951
1476, 2, 254, 198, 253, 199, 1, -1, -0.7853981633974483, 1.4142135623730951
1476, 4, 319, 182, 318, 183, 1, -1, -0.7853981633974483, 1.4142135623730951
1476, 12, 180, 184, 179, 185, 1, -1, -0.7853981633974483, 1.4142135623730951
1476, 16, 168, 182, 167, 183, 1, -1, -0.7853981633974483, 1.4142135623730951
1477, 10, 281, 167, 280, 168, 1, -1, -0.7853981633974483, 1.4142135623730951
1477, 16, 169, 181, 168, 182, 1, -1, -0.7853981633974483, 1.4142135623730951
1477, 17, 292, 53, 291, 54, 1, -1, -0.7853981633974483, 1.4142135623730951
1478, 1, 260, 171, 259, 172, 1, -1, -0.7853981633974483, 1.4142135623730951
1478, 4, 318, 183, 319, 182, -1, 1, 2.356194490192345, 1.4142135623730951
1478, 10, 282, 166, 281, 167, 1, -1, -0.7853981633974483, 1.4142135623730951
1478, 19, 186, 46, 185, 48, 1, -2, -1.1071487177940904, 2.23606797749979
1479, 2, 255, 196, 254, 197, 1, -1, -0.7853981633974483, 1.4142135623730951
1479, 10, 285, 165, 282, 166, 3, -1, -0.3217505543966422, 3.1622776601683795
1480, 1, 286, 67, 285, 68, 1, -1, -0.7853981633974483, 1.4142135623730951
1480, 6, 284, 169, 283, 170, 1, -1, -0.7853981633974483, 1.4142135623730951
1480, 12, 286, 55, 288, 55, -2, 0, 3.141592653589793, 2.0
1480, 21, 307, 63, 306, 64, 1, -1, -0.7853981633974483, 1.4142135623730951
1480, 24, 249, 39, 248, 40, 1, -1, -0.7853981633974483, 1.4142135623730951
1481, 0, 261, 171, 260, 172, 1, -1, -0.7853981633974483, 1.4142135623730951
1481, 12, 288, 54, 286, 55, 2, -1, -0.4636476090008061, 2.23606797749979
1481, 13, 239, 51, 238, 52, 1, -1, -0.7853981633974483, 1.4142135623730951
1481, 21, 308, 62, 307, 63, 1, -1, -0.7853981633974483, 1.4142135623730951
1481, 24, 250, 38, 249, 39, 1, -1, -0.7853981633974483, 1.4142135623730951
1481, 25, 237, 200, 236, 201, 1, -1, -0.7853981633974483, 1.4142135623730951
1482, 1, 287, 66, 286, 67, 1, -1, -0.7853981633974483, 1.4142135623730951
1482, 4, 137, 62, 137, 64, 0, -2, -1.5707963267948966, 2.0
1482, 16, 316, 51, 315, 52, 1, -1, -0.7853981633974483, 1.4142135623730951
1483, 20, 309, 60, 308, 61, 1, -1, -0.7853981633974483, 1.4142135623730951
1483, 21, 188, 44, 187, 47, 1, -3, -1.2490457723982544, 3.1622776601683795
1484, 14, 175, 51, 174, 52, 1, -1, -0.7853981633974483, 1.4142135623730951
1484, 19, 148, 182, 147, 181, 1, 1, 0.7853981633974483, 1.4142135623730951
1484, 23, 251, 36, 250, 37, 1, -1, -0.7853981633974483, 1.4142135623730951
1485, 0, 290, 67, 289, 68, 1, -1, -0.7853981633974483, 1.4142135623730951
1485, 3, 263, 171, 262, 172, 1, -1, -0.7853981633974483, 1.4142135623730951
1485, 11, 251, 39, 250, 40, 1, -1, -0.7853981633974483, 1.4142135623730951
1486, 3, 264, 170, 263, 171, 1, -1, -0.7853981633974483, 1.4142135623730951
1486, 8, 286, 168, 285, 169, 1, -1, -0.7853981633974483, 1.4142135623730951
1486, 15, 278, 71, 280, 70, -2, 1, 2.677945044588987, 2.23606797749979
1486, 20, 309, 63, 308, 64, 1, -1, -0.7853981633974483, 1.4142135623730951
1487, 16, 203, 60, 202, 61, 1, -1, -0.7853981633974483, 1.4142135623730951
1488, 0, 292, 66, 291, 67, 1, -1, -0.7853981633974483, 1.4142135623730951
1488, 3, 262, 168, 264, 169, -2, -1, -2.677945044588987, 2.23606797749979
1488, 6, 294, 54, 292, 55, 2, -1, -0.4636476090008061, 2.23606797749979
1488, 15, 281, 71, 279, 71, 2, 0, 0.0, 2.0
1489, 22, 248, 183, 247, 184, 1, -1, -0.7853981633974483, 1.4142135623730951
1490, 0, 292, 68, 291, 69, 1, -1, -0.7853981633974483, 1.4142135623730951
1490, 1, 267, 171, 266, 172, 1, -1, -0.7853981633974483, 1.4142135623730951
1490, 9, 289, 169, 288, 170, 1, -1, -0.7853981633974483, 1.4142135623730951
1490, 16, 179, 55, 178, 56, 1, -1, -0.7853981633974483, 1.4142135623730951
1491, 1, 268, 170, 267, 171, 1, -1, -0.7853981633974483, 1.4142135623730951
1491, 9, 290, 168, 289, 169, 1, -1, -0.7853981633974483, 1.4142135623730951
1492, 0, 294, 67, 293, 68, 1, -1, -0.7853981633974483, 1.4142135623730951
1492, 1, 269, 169, 268, 170, 1, -1, -0.7853981633974483, 1.4142135623730951
1492, 3, 204, 199, 203, 200, 1, -1, -0.7853981633974483, 1.4142135623730951
1492, 14, 312, 62, 311, 63, 1, -1, -0.7853981633974483, 1.4142135623730951
1492, 16, 161, 197, 160, 198, 1, -1, -0.7853981633974483, 1.4142135623730951
1493, 3, 205, 198, 204, 199, 1, -1, -0.7853981633974483, 1.4142135623730951
1493, 8, 291, 166, 290, 167, 1, -1, -0.7853981633974483, 1.4142135623730951
1493, 13, 284, 43, 283, 44, 1, -1, -0.7853981633974483, 1.4142135623730951
1494, 0, 295, 66, 294, 67, 1, -1, -0.7853981633974483, 1.4142135623730951
1494, 1, 270, 167, 269, 168, 1, -1, -0.7853981633974483, 1.4142135623730951
1494, 2, 261, 197, 260, 198, 1, -1, -0.7853981633974483, 1.4142135623730951
1494, 3, 206, 197, 205, 198, 1, -1, -0.7853981633974483, 1.4142135623730951
1494, 6, 244, 50, 243, 51, 1, -1, -0.7853981633974483, 1.4142135623730951
1494, 11, 242, 196, 241, 197, 1, -1, -0.7853981633974483, 1.4142135623730951
1495, 9, 207, 61, 206, 62, 1, -1, -0.7853981633974483, 1.4142135623730951
1496, 2, 207, 200, 206, 201, 1, -1, -0.7853981633974483, 1.4142135623730951
1497, 0, 265, 198, 264, 199, 1, -1, -0.7853981633974483, 1.4142135623730951
1497, 9, 208, 60, 207, 61, 1, -1, -0.7853981633974483, 1.4142135623730951
1497, 12, 244, 198, 243, 199, 1, -1, -0.7853981633974483, 1.4142135623730951
1498, 12, 246, 197, 244, 198, 2, -1, -0.4636476090008061, 2.23606797749979
1498, 13, 133, 168, 131, 168, 2, 0, 0.0, 2.0
1498, 15, 287, 44, 286, 45, 1, -1, -0.7853981633974483, 1.4142135623730951
1498, 18, 315, 62, 314, 63, 1, -1, -0.7853981633974483, 1.4142135623730951
1499, 5, 157, 180, 156, 181, 1, -1, -0.7853981633974483, 1.4142135623730951
1499, 6, 293, 167, 292, 168, 1, -1, -0.7853981633974483, 1.4142135623730951
1499, 12, 247, 196, 246, 197, 1, -1, -0.7853981633974483, 1.4142135623730951
1499, 20, 302, 52, 301, 53, 1, -1, -0.7853981633974483, 1.4142135623730951
1500, 0, 272, 171, 271, 172, 1, -1, -0.7853981633974483, 1.4142135623730951
1500, 16, 274, 41, 273, 42, 1, -1, -0.7853981633974483, 1.4142135623730951
1500, 17, 294, 43, 293, 44, 1, -1, -0.7853981633974483, 1.4142135623730951
1501, 2, 266, 199, 265, 200, 1, -1, -0.7853981633974483, 1.4142135623730951
1501, 14, 217, 49, 216, 50, 1, -1, -0.7853981633974483, 1.4142135623730951
1501, 24, 297, 196, 296, 197, 1, -1, -0.7853981633974483, 1.4142135623730951
1501, 26, 234, 49, 233, 50, 1, -1, -0.7853981633974483, 1.4142135623730951
1502, 4, 296, 55, 298, 55, -2, 0, 3.141592653589793, 2.0
1502, 5, 143, 61, 142, 62, 1, -1, -0.7853981633974483, 1.4142135623730951
1502, 10, 295, 167, 294, 168, 1, -1, -0.7853981633974483, 1.4142135623730951
1502, 12, 210, 60, 209, 61, 1, -1, -0.7853981633974483, 1.4142135623730951
1502, 13, 247, 197, 246, 198, 1, -1, -0.7853981633974483, 1.4142135623730951
1502, 16, 275, 39, 275, 41, 0, -2, -1.5707963267948966, 2.0
1502, 21, 249, 50, 248, 51, 1, -1, -0.7853981633974483, 1.4142135623730951
1502, 24, 300, 195, 297, 196, 3, -1, -0.3217505543966422, 3.1622776601683795
1503, 9, 197, 48, 196, 49, 1, -1, -0.7853981633974483, 1.4142135623730951
1503, 15, 289, 67, 288, 68, 1, -1, -0.7853981633974483, 1.4142135623730951
1503, 18, 158, 182, 157, 183, 1, -1, -0.7853981633974483, 1.4142135623730951
1503, 24, 301, 194, 300, 195, 1, -1, -0.7853981633974483, 1.4142135623730951
1504, 0, 274, 170, 273, 171, 1, -1, -0.7853981633974483, 1.4142135623730951
1504, 13, 218, 48, 217, 49, 1, -1, -0.7853981633974483, 1.4142135623730951
1504, 16, 295, 39, 294, 40, 1, -1, -0.7853981633974483, 1.4142135623730951
1505, 18, 236, 49, 235, 50, 1, -1, -0.7853981633974483, 1.4142135623730951
1506, 1, 274, 170, 273, 171, 1, -1, -0.7853981633974483, 1.4142135623730951
1506, 23, 197, 62, 196, 63, 1, -1, -0.7853981633974483, 1.4142135623730951
1507, 2, 268, 195, 267, 196, 1, -1, -0.7853981633974483, 1.4142135623730951
1507, 7, 161, 61, 160, 62, 1, -1, -0.7853981633974483, 1.4142135623730951
1507, 13, 190, 185, 189, 186, 1, -1, -0.7853981633974483, 1.4142135623730951
1507, 22, 179, 181, 177, 182, 2, -1, -0.4636476090008061, 2.23606797749979
1508, 10, 295, 72, 294, 71, 1, 1, 0.7853981633974483, 1.4142135623730951
1508, 14, 186, 54, 185, 55, 1, -1, -0.7853981633974483, 1.4142135623730951
1508, 22, 180, 180, 179, 181, 1, -1, -0.7853981633974483, 1.4142135623730951
1509, 7, 297, 166, 296, 167, 1, -1, -0.7853981633974483, 1.4142135623730951
1509, 10, 304, 50, 302, 51, 2, -1, -0.4636476090008061, 2.23606797749979
1509, 11, 219, 47, 218, 48, 1, -1, -0.7853981633974483, 1.4142135623730951
1509, 12, 191, 183, 190, 184, 1, -1, -0.7853981633974483, 1.4142135623730951
1509, 20, 252, 50, 251, 51, 1, -1, -0.7853981633974483, 1.4142135623730951
1509, 21, 181, 179, 180, 180, 1, -1, -0.7853981633974483, 1.4142135623730951
1510, 9, 304, 54, 303, 55, 1, -1, -0.7853981633974483, 1.4142135623730951
1510, 12, 262, 39, 261, 40, 1, -1, -0.7853981633974483, 1.4142135623730951
1510, 15, 289, 45, 288, 46, 1, -1, -0.7853981633974483, 1.4142135623730951
1511, 3, 271, 198, 270, 199, 1, -1, -0.7853981633974483, 1.4142135623730951
1511, 4, 146, 61, 145, 62, 1, -1, -0.7853981633974483, 1.4142135623730951
1512, 10, 302, 168, 301, 169, 1, -1, -0.7853981633974483, 1.4142135623730951
1512, 12, 263, 37, 262, 38, 1, -1, -0.7853981633974483, 1.4142135623730951
1512, 15, 290, 43, 289, 44, 1, -1, -0.7853981633974483, 1.4142135623730951
1513, 0, 277, 168, 276, 169, 1, -1, -0.7853981633974483, 1.4142135623730951
1513, 16, 162, 182, 161, 183, 1, -1, -0.7853981633974483, 1.4142135623730951
1514, 1, 303, 69, 302, 70, 1, -1, -0.7853981633974483, 1.4142135623730951
1514, 4, 147, 60, 146, 61, 1, -1, -0.7853981633974483, 1.4142135623730951
1514, 8, 188, 51, 187, 52, 1, -1, -0.7853981633974483, 1.4142135623730951
1514, 14, 200, 44, 200, 46, 0, -2, -1.5707963267948966, 2.0
1515, 2, 279, 170, 278, 171, 1, -1, -0.7853981633974483, 1.4142135623730951
1515, 21, 299, 72, 298, 71, 1, 1, 0.7853981633974483, 1.4142135623730951
1516, 0, 307, 69, 306, 70, 1, -1, -0.7853981633974483, 1.4142135623730951
1516, 2, 280, 168, 279, 170, 1, -2, -1.1071487177940904, 2.23606797749979
1516, 11, 296, 43, 295, 44, 1, -1, -0.7853981633974483, 1.4142135623730951
1517, 0, 308, 68, 307, 69, 1, -1, -0.7853981633974483, 1.4142135623730951
1517, 2, 281, 167, 280, 168, 1, -1, -0.7853981633974483, 1.4142135623730951
1517, 15, 145, 188, 144, 189, 1, -1, -0.7853981633974483, 1.4142135623730951
1517, 17, 203, 48, 202, 49, 1, -1, -0.7853981633974483, 1.4142135623730951
1518, 1, 215, 199, 214, 200, 1, -1, -0.7853981633974483, 1.4142135623730951
1518, 6, 304, 168, 303, 169, 1, -1, -0.7853981633974483, 1.4142135623730951
1518, 9, 265, 39, 264, 40, 1, -1, -0.7853981633974483, 1.4142135623730951
1519, 1, 216, 198, 215, 199, 1, -1, -0.7853981633974483, 1.4142135623730951
1519, 2, 283, 166, 282, 167, 1, -1, -0.7853981633974483, 1.4142135623730951
1519, 5, 216, 60, 215, 61, 1, -1, -0.7853981633974483, 1.4142135623730951
1520, 1, 306, 69, 305, 70, 1, -1, -0.7853981633974483, 1.4142135623730951
1520, 16, 259, 51, 258, 52, 1, -1, -0.7853981633974483, 1.4142135623730951
1520, 18, 149, 188, 148, 189, 1, -1, -0.7853981633974483, 1.4142135623730951
1521, 0, 276, 199, 275, 200, 1, -1, -0.7853981633974483, 1.4142135623730951
1522, 12, 299, 41, 298, 42, 1, -1, -0.7853981633974483, 1.4142135623730951
1522, 13, 219, 60, 218, 61, 1, -1, -0.7853981633974483, 1.4142135623730951
1522, 14, 206, 47, 205, 48, 1, -1, -0.7853981633974483, 1.4142135623730951
1522, 17, 184, 183, 183, 184, 1, -1, -0.7853981633974483, 1.4142135623730951
1523, 0, 277, 198, 276, 199, 1, -1, -0.7853981633974483, 1.4142135623730951
1523, 2, 283, 168, 282, 169, 1, -1, -0.7853981633974483, 1.4142135623730951
1523, 8, 258, 198, 257, 199, 1, -1, -0.7853981633974483, 1.4142135623730951
1523, 18, 149, 186, 148, 187, 1, -1, -0.7853981633974483, 1.4142135623730951
1524, 2, 284, 167, 283, 168, 1, -1, -0.7853981633974483, 1.4142135623730951
1524, 6, 306, 165, 305, 166, 1, -1, -0.7853981633974483, 1.4142135623730951
1524, 14, 207, 46, 206, 47, 1, -1, -0.7853981633974483, 1.4142135623730951
1524, 18, 313, 52, 312, 53, 1, -1, -0.7853981633974483, 1.4142135623730951
1525, 9, 259, 200, 258, 201, 1, -1, -0.7853981633974483, 1.4142135623730951
1525, 11, 261, 51, 260, 52, 1, -1, -0.7853981633974483, 1.4142135623730951
1525, 20, 193, 54, 192, 55, 1, -1, -0.7853981633974483, 1.4142135623730951
1525, 22, 186, 182, 185, 183, 1, -1, -0.7853981633974483, 1.4142135623730951
1526, 2, 286, 170, 285, 171, 1, -1, -0.7853981633974483, 1.4142135623730951
1526, 19, 313, 53, 312, 54, 1, -1, -0.7853981633974483, 1.4142135623730951
1526, 23, 178, 50, 177, 51, 1, -1, -0.7853981633974483, 1.4142135623730951
1527, 5, 168, 63, 167, 64, 1, -1, -0.7853981633974483, 1.4142135623730951
1527, 12, 309, 166, 308, 167, 1, -1, -0.7853981633974483, 1.4142135623730951
1527, 16, 206, 62, 205, 63, 1, -1, -0.7853981633974483, 1.4142135623730951
1527, 20, 194, 52, 193, 53, 1, -1, -0.7853981633974483, 1.4142135623730951
1528, 6, 152, 59, 151, 60, 1, -1, -0.7853981633974483, 1.4142135623730951
1528, 10, 302, 42, 301, 43, 1, -1, -0.7853981633974483, 1.4142135623730951
1528, 19, 314, 52, 313, 53, 1, -1, -0.7853981633974483, 1.4142135623730951
1529, 6, 153, 58, 152, 59, 1, -1, -0.7853981633974483, 1.4142135623730951
1529, 8, 229, 51, 228, 52, 1, -1, -0.7853981633974483, 1.4142135623730951
1529, 12, 311, 165, 310, 166, 1, -1, -0.7853981633974483, 1.4142135623730951
1529, 13, 208, 47, 207, 48, 1, -1, -0.7853981633974483, 1.4142135623730951
1530, 2, 280, 198, 279, 199, 1, -1, -0.7853981633974483, 1.4142135623730951
1530, 5, 153, 61, 152, 62, 1, -1, -0.7853981633974483, 1.4142135623730951
1530, 8, 311, 168, 310, 169, 1, -1, -0.7853981633974483, 1.4142135623730951
1532, 0, 287, 168, 286, 169, 1, -1, -0.7853981633974483, 1.4142135623730951
1532, 1, 314, 68, 313, 69, 1, -1, -0.7853981633974483, 1.4142135623730951
1532, 8, 313, 167, 312, 168, 1, -1, -0.7853981633974483, 1.4142135623730951
1533, 0, 288, 167, 287, 168, 1, -1, -0.7853981633974483, 1.4142135623730951
1534, 0, 289, 166, 288, 167, 1, -1, -0.7853981633974483, 1.4142135623730951
1534, 1, 316, 67, 315, 68, 1, -1, -0.7853981633974483, 1.4142135623730951
1534, 7, 313, 53, 312, 54, 1, -1, -0.7853981633974483, 1.4142135623730951
1534, 8, 315, 166, 314, 167, 1, -1, -0.7853981633974483, 1.4142135623730951
1534, 14, 261, 197, 260, 198, 1, -1, -0.7853981633974483, 1.4142135623730951
1534, 15, 223, 60, 222, 61, 1, -1, -0.7853981633974483, 1.4142135623730951
1535, 0, 318, 69, 317, 70, 1, -1, -0.7853981633974483, 1.4142135623730951
1535, 1, 292, 169, 291, 170, 1, -1, -0.7853981633974483, 1.4142135623730951
1535, 2, 283, 198, 282, 199, 1, -1, -0.7853981633974483, 1.4142135623730951
1535, 5, 304, 45, 303, 46, 1, -1, -0.7853981633974483, 1.4142135623730951
1535, 7, 314, 167, 313, 168, 1, -1, -0.7853981633974483, 1.4142135623730951
1535, 8, 309, 71, 308, 72, 1, -1, -0.7853981633974483, 1.4142135623730951
1536, 1, 293, 168, 292, 169, 1, -1, -0.7853981633974483, 1.4142135623730951
1536, 2, 285, 197, 283, 198, 2, -1, -0.4636476090008061, 2.23606797749979
1536, 7, 315, 166, 314, 167, 1, -1, -0.7853981633974483, 1.4142135623730951
1536, 8, 310, 72, 309, 71, 1, 1, 0.7853981633974483, 1.4142135623730951
1536, 9, 154, 187, 153, 188, 1, -1, -0.7853981633974483, 1.4142135623730951
1537, 1, 293, 166, 293, 168, 0, -2, -1.5707963267948966, 2.0
1537, 4, 156, 58, 155, 59, 1, -1, -0.7853981633974483, 1.4142135623730951
1537, 5, 305, 44, 304, 45, 1, -1, -0.7853981633974483, 1.4142135623730951
1538, 4, 157, 57, 156, 58, 1, -1, -0.7853981633974483, 1.4142135623730951
1538, 7, 316, 165, 315, 166, 1, -1, -0.7853981633974483, 1.4142135623730951
1538, 9, 155, 186, 154, 187, 1, -1, -0.7853981633974483, 1.4142135623730951
1538, 14, 264, 197, 263, 198, 1, -1, -0.7853981633974483, 1.4142135623730951
1539, 1, 287, 195, 286, 196, 1, -1, -0.7853981633974483, 1.4142135623730951
1539, 10, 211, 47, 210, 48, 1, -1, -0.7853981633974483, 1.4142135623730951
1540, 17, 232, 173, 231, 174, 1, -1, -0.7853981633974483, 1.4142135623730951
1540, 20, 253, 50, 252, 51, 1, -1, -0.7853981633974483, 1.4142135623730951
1541, 3, 293, 168, 292, 169, 1, -1, -0.7853981633974483, 1.4142135623730951
1541, 9, 214, 48, 213, 49, 1, -1, -0.7853981633974483, 1.4142135623730951
1541, 24, 167, 195, 165, 196, 2, -1, -0.4636476090008061, 2.23606797749979
1542, 3, 294, 167, 293, 168, 1, -1, -0.7853981633974483, 1.4142135623730951
1542, 11, 200, 55, 199, 56, 1, -1, -0.7853981633974483, 1.4142135623730951
1543, 6, 312, 41, 311, 42, 1, -1, -0.7853981633974483, 1.4142135623730951
1543, 16, 318, 164, 316, 165, 2, -1, -0.4636476090008061, 2.23606797749979
1543, 20, 254, 49, 253, 50, 1, -1, -0.7853981633974483, 1.4142135623730951
1544, 4, 228, 60, 227, 61, 1, -1, -0.7853981633974483, 1.4142135623730951
1544, 7, 155, 188, 154, 189, 1, -1, -0.7853981633974483, 1.4142135623730951
1544, 17, 234, 172, 233, 173, 1, -1, -0.7853981633974483, 1.4142135623730951
1544, 20, 255, 48, 254, 49, 1, -1, -0.7853981633974483, 1.4142135623730951
1545, 9, 269, 199, 268, 200, 1, -1, -0.7853981633974483, 1.4142135623730951
1545, 13, 279, 39, 278, 40, 1, -1, -0.7853981633974483, 1.4142135623730951
1545, 18, 216, 49, 215, 50, 1, -1, -0.7853981633974483, 1.4142135623730951
1545, 19, 188, 173, 187, 174, 1, -1, -0.7853981633974483, 1.4142135623730951
1546, 6, 318, 71, 317, 72, 1, -1, -0.7853981633974483, 1.4142135623730951
1548, 6, 319, 71, 318, 72, 1, -1, -0.7853981633974483, 1.4142135623730951
1548, 12, 279, 37, 279, 39, 0, -2, -1.5707963267948966, 2.0
1548, 17, 217, 46, 216, 47, 1, -1, -0.7853981633974483, 1.4142135623730951
1549, 0, 228, 198, 227, 199, 1, -1, -0.7853981633974483, 1.4142135623730951
1549, 2, 289, 196, 288, 197, 1, -1, -0.7853981633974483, 1.4142135623730951
1549, 4, 230, 62, 229, 63, 1, -1, -0.7853981633974483, 1.4142135623730951
1549, 12, 280, 38, 279, 37, 1, 1, 0.7853981633974483, 1.4142135623730951
1549, 20, 268, 68, 267, 69, 1, -1, -0.7853981633974483, 1.4142135623730951
1550, 2, 299, 169, 298, 170, 1, -1, -0.7853981633974483, 1.4142135623730951
1550, 14, 233, 62, 232, 63, 1, -1, -0.7853981633974483, 1.4142135623730951
1551, 2, 300, 168, 299, 169, 1, -1, -0.7853981633974483, 1.4142135623730951
1551, 20, 190, 172, 189, 173, 1, -1, -0.7853981633974483, 1.4142135623730951
1552, 2, 301, 167, 300, 168, 1, -1, -0.7853981633974483, 1.4142135623730951
1552, 8, 204, 57, 203, 58, 1, -1, -0.7853981633974483, 1.4142135623730951
1552, 14, 234, 60, 233, 61, 1, -1, -0.7853981633974483, 1.4142135623730951
1552, 17, 316, 41, 315, 42, 1, -1, -0.7853981633974483, 1.4142135623730951
1552, 18, 241, 50, 240, 51, 1, -1, -0.7853981633974483, 1.4142135623730951
1553, 3, 161, 60, 160, 61, 1, -1, -0.7853981633974483, 1.4142135623730951
1553, 4, 310, 45, 308, 46, 2, -1, -0.4636476090008061, 2.23606797749979
1553, 13, 272, 197, 271, 198, 1, -1, -0.7853981633974483, 1.4142135623730951
1553, 16, 317, 40, 316, 41, 1, -1, -0.7853981633974483, 1.4142135623730951
1554, 13, 273, 196, 272, 197, 1, -1, -0.7853981633974483, 1.4142135623730951
1554, 18, 273, 52, 272, 53, 1, -1, -0.7853981633974483, 1.4142135623730951
1556, 4, 164, 60, 163, 61, 1, -1, -0.7853981633974483, 1.4142135623730951
1556, 14, 243, 51, 242, 52, 1, -1, -0.7853981633974483, 1.4142135623730951
1556, 18, 199, 181, 197, 182, 2, -1, -0.4636476090008061, 2.23606797749979
1556, 21, 305, 50, 303, 51, 2, -1, -0.4636476090008061, 2.23606797749979
1557, 1, 301, 168, 300, 169, 1, -1, -0.7853981633974483, 1.4142135623730951
1557, 6, 190, 49, 189, 50, 1, -1, -0.7853981633974483, 1.4142135623730951
1557, 15, 207, 57, 206, 58, 1, -1, -0.7853981633974483, 1.4142135623730951
1558, 1, 302, 167, 301, 168, 1, -1, -0.7853981633974483, 1.4142135623730951
1558, 9, 317, 43, 316, 44, 1, -1, -0.7853981633974483, 1.4142135623730951
1558, 10, 162, 184, 161, 185, 1, -1, -0.7853981633974483, 1.4142135623730951
1558, 17, 222, 47, 220, 49, 2, -2, -0.7853981633974483, 2.8284271247461903
1558, 18, 262, 48, 261, 49, 1, -1, -0.7853981633974483, 1.4142135623730951
1559, 1, 304, 166, 302, 167, 2, -1, -0.4636476090008061, 2.23606797749979
1559, 11, 275, 198, 274, 199, 1, -1, -0.7853981633974483, 1.4142135623730951
1559, 20, 308, 49, 307, 50, 1, -1, -0.7853981633974483, 1.4142135623730951
1560, 1, 295, 198, 294, 199, 1, -1, -0.7853981633974483, 1.4142135623730951
1560, 9, 238, 62, 237, 63, 1, -1, -0.7853981633974483, 1.4142135623730951
1560, 14, 301, 41, 300, 42, 1, -1, -0.7853981633974483, 1.4142135623730951
1560, 16, 264, 50, 262, 51, 2, -1, -0.4636476090008061, 2.23606797749979
1561, 10, 279, 53, 278, 54, 1, -1, -0.7853981633974483, 1.4142135623730951
1561, 15, 308, 50, 307, 51, 1, -1, -0.7853981633974483, 1.4142135623730951
1561, 18, 155, 175, 154, 176, 1, -1, -0.7853981633974483, 1.4142135623730951
1561, 20, 232, 185, 231, 186, 1, -1, -0.7853981633974483, 1.4142135623730951
1562, 8, 183, 184, 182, 185, 1, -1, -0.7853981633974483, 1.4142135623730951
1562, 11, 212, 186, 211, 187, 1, -1, -0.7853981633974483, 1.4142135623730951
1562, 15, 307, 48, 308, 50, -1, -2, -2.0344439357957027, 2.23606797749979
1562, 20, 233, 184, 232, 185, 1, -1, -0.7853981633974483, 1.4142135623730951
1563, 4, 166, 184, 165, 185, 1, -1, -0.7853981633974483, 1.4142135623730951
1563, 5, 181, 62, 180, 63, 1, -1, -0.7853981633974483, 1.4142135623730951
1563, 9, 239, 61, 238, 62, 1, -1, -0.7853981633974483, 1.4142135623730951
1563, 16, 265, 49, 264, 50, 1, -1, -0.7853981633974483, 1.4142135623730951
1564, 20, 234, 182, 233, 183, 1, -1, -0.7853981633974483, 1.4142135623730951
1565, 0, 306, 168, 305, 169, 1, -1, -0.7853981633974483, 1.4142135623730951
1565, 1, 297, 199, 296, 200, 1, -1, -0.7853981633974483, 1.4142135623730951
1565, 2, 238, 200, 237, 201, 1, -1, -0.7853981633974483, 1.4142135623730951
1566, 0, 307, 167, 306, 168, 1, -1, -0.7853981633974483, 1.4142135623730951
1566, 2, 239, 199, 238, 200, 1, -1, -0.7853981633974483, 1.4142135623730951
1566, 4, 167, 60, 166, 61, 1, -1, -0.7853981633974483, 1.4142135623730951
1566, 8, 183, 62, 182, 63, 1, -1, -0.7853981633974483, 1.4142135623730951
1566, 16, 239, 170, 238, 169, 1, 1, 0.7853981633974483, 1.4142135623730951
1566, 20, 212, 56, 211, 57, 1, -1, -0.7853981633974483, 1.4142135623730951
1567, 0, 309, 167, 307, 167, 2, 0, 0.0, 2.0
1567, 1, 298, 197, 297, 198, 1, -1, -0.7853981633974483, 1.4142135623730951
1567, 12, 265, 50, 264, 51, 1, -1, -0.7853981633974483, 1.4142135623730951
1568, 4, 168, 58, 167, 59, 1, -1, -0.7853981633974483, 1.4142135623730951
1568, 11, 280, 198, 279, 199, 1, -1, -0.7853981633974483, 1.4142135623730951
1569, 0, 310, 165, 309, 166, 1, -1, -0.7853981633974483, 1.4142135623730951
1569, 4, 169, 57, 168, 58, 1, -1, -0.7853981633974483, 1.4142135623730951
1569, 6, 226, 46, 225, 47, 1, -1, -0.7853981633974483, 1.4142135623730951
1569, 11, 281, 197, 280, 198, 1, -1, -0.7853981633974483, 1.4142135623730951
1570, 0, 299, 199, 298, 200, 1, -1, -0.7853981633974483, 1.4142135623730951
1570, 13, 268, 51, 267, 52, 1, -1, -0.7853981633974483, 1.4142135623730951
1570, 18, 247, 170, 246, 171, 1, -1, -0.7853981633974483, 1.4142135623730951
1571, 0, 300, 198, 299, 199, 1, -1, -0.7853981633974483, 1.4142135623730951
1571, 17, 248, 169, 247, 170, 1, -1, -0.7853981633974483, 1.4142135623730951
1572, 7, 187, 186, 186, 187, 1, -1, -0.7853981633974483, 1.4142135623730951
1573, 1, 239, 199, 238, 200, 1, -1, -0.7853981633974483, 1.4142135623730951
1573, 5, 243, 62, 242, 63, 1, -1, -0.7853981633974483, 1.4142135623730951
1573, 9, 282, 196, 281, 197, 1, -1, -0.7853981633974483, 1.4142135623730951
1573, 13, 214, 55, 213, 56, 1, -1, -0.7853981633974483, 1.4142135623730951
1574, 1, 240, 198, 239, 199, 1, -1, -0.7853981633974483, 1.4142135623730951
1574, 2, 312, 167, 310, 168, 2, -1, -0.4636476090008061, 2.23606797749979
1574, 6, 170, 57, 169, 58, 1, -1, -0.7853981633974483, 1.4142135623730951
1574, 9, 283, 195, 282, 196, 1, -1, -0.7853981633974483, 1.4142135623730951
1575, 13, 238, 183, 237, 184, 1, -1, -0.7853981633974483, 1.4142135623730951
1575, 18, 285, 54, 284, 55, 1, -1, -0.7853981633974483, 1.4142135623730951
1576, 2, 313, 168, 312, 169, 1, -1, -0.7853981633974483, 1.4142135623730951
1576, 5, 245, 63, 244, 64, 1, -1, -0.7853981633974483, 1.4142135623730951
1576, 10, 253, 49, 252, 50, 1, -1, -0.7853981633974483, 1.4142135623730951
1576, 11, 293, 39, 292, 40, 1, -1, -0.7853981633974483, 1.4142135623730951
1577, 18, 286, 53, 285, 54, 1, -1, -0.7853981633974483, 1.4142135623730951
1578, 13, 239, 182, 238, 183, 1, -1, -0.7853981633974483, 1.4142135623730951
1579, 4, 168, 187, 169, 186, -1, 1, 2.356194490192345, 1.4142135623730951
1579, 9, 269, 52, 270, 51, -1, 1, 2.356194490192345, 1.4142135623730951
1579, 17, 230, 46, 229, 47, 1, -1, -0.7853981633974483, 1.4142135623730951
1580, 4, 174, 59, 173, 60, 1, -1, -0.7853981633974483, 1.4142135623730951
1580, 19, 295, 39, 294, 40, 1, -1, -0.7853981633974483, 1.4142135623730951
1581, 2, 315, 167, 314, 168, 1, -1, -0.7853981633974483, 1.4142135623730951
1581, 7, 220, 185, 219, 186, 1, -1, -0.7853981633974483, 1.4142135623730951
1581, 9, 191, 185, 190, 186, 1, -1, -0.7853981633974483, 1.4142135623730951
1582, 2, 316, 166, 315, 167, 1, -1, -0.7853981633974483, 1.4142135623730951
1582, 17, 194, 199, 195, 198, -1, 1, 2.356194490192345, 1.4142135623730951
1583, 2, 317, 165, 316, 166, 1, -1, -0.7853981633974483, 1.4142135623730951
1583, 14, 273, 49, 272, 50, 1, -1, -0.7853981633974483, 1.4142135623730951
1583, 17, 195, 198, 194, 199, 1, -1, -0.7853981633974483, 1.4142135623730951
1584, 7, 222, 183, 221, 184, 1, -1, -0.7853981633974483, 1.4142135623730951
1584, 11, 233, 47, 232, 48, 1, -1, -0.7853981633974483, 1.4142135623730951
1584, 14, 272, 50, 273, 49, -1, 1, 2.356194490192345, 1.4142135623730951
1585, 2, 306, 198, 305, 199, 1, -1, -0.7853981633974483, 1.4142135623730951
1585, 9, 211, 41, 210, 42, 1, -1, -0.7853981633974483, 1.4142135623730951
1585, 11, 275, 52, 274, 53, 1, -1, -0.7853981633974483, 1.4142135623730951
1585, 23, 271, 68, 270, 69, 1, -1, -0.7853981633974483, 1.4142135623730951
1586, 9, 212, 40, 211, 41, 1, -1, -0.7853981633974483, 1.4142135623730951
1586, 15, 223, 187, 222, 188, 1, -1, -0.7853981633974483, 1.4142135623730951
1586, 22, 272, 67, 271, 68, 1, -1, -0.7853981633974483, 1.4142135623730951
1587, 13, 175, 184, 174, 186, 1, -2, -1.1071487177940904, 2.23606797749979
1588, 11, 277, 51, 276, 52, 1, -1, -0.7853981633974483, 1.4142135623730951
1588, 13, 169, 183, 175, 184, -6, -1, -2.976443976175166, 6.082762530298219
1588, 15, 224, 186, 223, 187, 1, -1, -0.7853981633974483, 1.4142135623730951
1588, 20, 168, 173, 167, 174, 1, -1, -0.7853981633974483, 1.4142135623730951
1588, 22, 274, 66, 273, 67, 1, -1, -0.7853981633974483, 1.4142135623730951
1588, 26, 277, 184, 276, 185, 1, -1, -0.7853981633974483, 1.4142135623730951
1589, 3, 176, 59, 175, 60, 1, -1, -0.7853981633974483, 1.4142135623730951
1589, 5, 189, 63, 190, 62, -1, 1, 2.356194490192345, 1.4142135623730951
1589, 11, 278, 50, 277, 51, 1, -1, -0.7853981633974483, 1.4142135623730951
1589, 12, 159, 189, 158, 191, 1, -2, -1.1071487177940904, 2.23606797749979
1589, 21, 288, 70, 287, 71, 1, -1, -0.7853981633974483, 1.4142135623730951
1590, 1, 309, 198, 308, 199, 1, -1, -0.7853981633974483, 1.4142135623730951
1590, 6, 252, 65, 251, 66, 1, -1, -0.7853981633974483, 1.4142135623730951
1590, 8, 318, 168, 317, 169, 1, -1, -0.7853981633974483, 1.4142135623730951
1590, 14, 214, 40, 213, 41, 1, -1, -0.7853981633974483, 1.4142135623730951
1590, 20, 301, 69, 300, 70, 1, -1, -0.7853981633974483, 1.4142135623730951
1590, 22, 299, 41, 298, 42, 1, -1, -0.7853981633974483, 1.4142135623730951
1590, 25, 291, 71, 290, 72, 1, -1, -0.7853981633974483, 1.4142135623730951
1591, 1, 310, 197, 309, 198, 1, -1, -0.7853981633974483, 1.4142135623730951
1591, 15, 278, 51, 277, 52, 1, -1, -0.7853981633974483, 1.4142135623730951
1591, 24, 247, 184, 246, 185, 1, -1, -0.7853981633974483, 1.4142135623730951
1592, 7, 225, 186, 224, 187, 1, -1, -0.7853981633974483, 1.4142135623730951
1592, 9, 262, 51, 261, 52, 1, -1, -0.7853981633974483, 1.4142135623730951
1592, 19, 170, 175, 169, 176, 1, -1, -0.7853981633974483, 1.4142135623730951
1592, 22, 301, 40, 300, 41, 1, -1, -0.7853981633974483, 1.4142135623730951
1593, 1, 312, 196, 311, 197, 1, -1, -0.7853981633974483, 1.4142135623730951
1593, 8, 319, 167, 318, 168, 1, -1, -0.7853981633974483, 1.4142135623730951
1593, 9, 263, 50, 262, 51, 1, -1, -0.7853981633974483, 1.4142135623730951
1593, 11, 238, 47, 237, 48, 1, -1, -0.7853981633974483, 1.4142135623730951
1593, 14, 215, 38, 214, 39, 1, -1, -0.7853981633974483, 1.4142135623730951
1593, 23, 282, 185, 281, 186, 1, -1, -0.7853981633974483, 1.4142135623730951
1593, 24, 248, 182, 247, 183, 1, -1, -0.7853981633974483, 1.4142135623730951
1594, 13, 294, 54, 293, 55, 1, -1, -0.7853981633974483, 1.4142135623730951
1595, 0, 252, 200, 251, 201, 1, -1, -0.7853981633974483, 1.4142135623730951
1598, 5, 315, 163, 316, 165, -1, -2, -2.0344439357957027, 2.23606797749979
1598, 14, 163, 191, 162, 192, 1, -1, -0.7853981633974483, 1.4142135623730951
1598, 15, 280, 50, 279, 51, 1, -1, -0.7853981633974483, 1.4142135623730951
1598, 16, 209, 49, 207, 50, 2, -1, -0.4636476090008061, 2.23606797749979
1599, 9, 298, 54, 297, 55, 1, -1, -0.7853981633974483, 1.4142135623730951
1599, 14, 164, 190, 163, 191, 1, -1, -0.7853981633974483, 1.4142135623730951
1600, 8, 241, 48, 240, 49, 1, -1, -0.7853981633974483, 1.4142135623730951
1600, 12, 199, 187, 198, 188, 1, -1, -0.7853981633974483, 1.4142135623730951
1600, 15, 247, 184, 247, 182, 0, 2, 1.5707963267948966, 2.0
1601, 8, 242, 47, 241, 48, 1, -1, -0.7853981633974483, 1.4142135623730951
1601, 11, 211, 173, 210, 174, 1, -1, -0.7853981633974483, 1.4142135623730951
1602, 6, 257, 64, 256, 65, 1, -1, -0.7853981633974483, 1.4142135623730951
1602, 8, 243, 46, 242, 47, 1, -1, -0.7853981633974483, 1.4142135623730951
1603, 3, 265, 51, 264, 52, 1, -1, -0.7853981633974483, 1.4142135623730951
1603, 10, 198, 59, 197, 60, 1, -1, -0.7853981633974483, 1.4142135623730951
1604, 0, 315, 196, 314, 197, 1, -1, -0.7853981633974483, 1.4142135623730951
1604, 1, 254, 198, 253, 199, 1, -1, -0.7853981633974483, 1.4142135623730951
1604, 2, 181, 57, 180, 58, 1, -1, -0.7853981633974483, 1.4142135623730951
1604, 4, 182, 186, 181, 187, 1, -1, -0.7853981633974483, 1.4142135623730951
1604, 8, 245, 45, 244, 46, 1, -1, -0.7853981633974483, 1.4142135623730951
1604, 10, 199, 58, 198, 59, 1, -1, -0.7853981633974483, 1.4142135623730951
1604, 15, 217, 184, 216, 185, 1, -1, -0.7853981633974483, 1.4142135623730951
1605, 5, 267, 51, 266, 52, 1, -1, -0.7853981633974483, 1.4142135623730951
1605, 7, 298, 199, 297, 200, 1, -1, -0.7853981633974483, 1.4142135623730951
1605, 17, 264, 167, 263, 168, 1, -1, -0.7853981633974483, 1.4142135623730951
1606, 10, 253, 182, 252, 183, 1, -1, -0.7853981633974483, 1.4142135623730951
1606, 15, 200, 61, 199, 62, 1, -1, -0.7853981633974483, 1.4142135623730951
1606, 18, 299, 73, 298, 72, 1, 1, 0.7853981633974483, 1.4142135623730951
1606, 19, 179, 174, 178, 175, 1, -1, -0.7853981633974483, 1.4142135623730951
1608, 11, 245, 46, 244, 47, 1, -1, -0.7853981633974483, 1.4142135623730951
1608, 12, 299, 55, 300, 54, -1, 1, 2.356194490192345, 1.4142135623730951
1608, 13, 287, 51, 286, 52, 1, -1, -0.7853981633974483, 1.4142135623730951
1609, 15, 265, 166, 264, 167, 1, -1, -0.7853981633974483, 1.4142135623730951
1610, 3, 301, 198, 300, 199, 1, -1, -0.7853981633974483, 1.4142135623730951
1611, 15, 179, 175, 178, 176, 1, -1, -0.7853981633974483, 1.4142135623730951
1611, 16, 303, 53, 302, 54, 1, -1, -0.7853981633974483, 1.4142135623730951
1611, 17, 293, 186, 292, 187, 1, -1, -0.7853981633974483, 1.4142135623730951
1612, 14, 270, 51, 269, 52, 1, -1, -0.7853981633974483, 1.4142135623730951
1613, 8, 235, 184, 234, 185, 1, -1, -0.7853981633974483, 1.4142135623730951
1613, 11, 215, 172, 214, 173, 1, -1, -0.7853981633974483, 1.4142135623730951
1613, 14, 269, 52, 270, 51, -1, 1, 2.356194490192345, 1.4142135623730951
1613, 16, 304, 52, 303, 53, 1, -1, -0.7853981633974483, 1.4142135623730951
1615, 13, 290, 52, 289, 53, 1, -1, -0.7853981633974483, 1.4142135623730951
1616, 2, 188, 58, 187, 59, 1, -1, -0.7853981633974483, 1.4142135623730951
1616, 3, 174, 193, 173, 194, 1, -1, -0.7853981633974483, 1.4142135623730951
1616, 5, 206, 187, 205, 188, 1, -1, -0.7853981633974483, 1.4142135623730951
1616, 6, 273, 51, 272, 52, 1, -1, -0.7853981633974483, 1.4142135623730951
1616, 16, 304, 72, 303, 73, 1, -1, -0.7853981633974483, 1.4142135623730951
1616, 20, 309, 39, 308, 40, 1, -1, -0.7853981633974483, 1.4142135623730951
1617, 13, 291, 51, 290, 52, 1, -1, -0.7853981633974483, 1.4142135623730951
1618, 0, 263, 199, 262, 200, 1, -1, -0.7853981633974483, 1.4142135623730951
1618, 1, 318, 198, 317, 199, 1, -1, -0.7853981633974483, 1.4142135623730951
1618, 3, 175, 192, 174, 193, 1, -1, -0.7853981633974483, 1.4142135623730951
1618, 4, 268, 66, 267, 67, 1, -1, -0.7853981633974483, 1.4142135623730951
1618, 6, 274, 50, 273, 51, 1, -1, -0.7853981633974483, 1.4142135623730951
1618, 8, 252, 48, 249, 49, 3, -1, -0.3217505543966422, 3.1622776601683795
1618, 9, 189, 185, 188, 186, 1, -1, -0.7853981633974483, 1.4142135623730951
1618, 10, 218, 51, 217, 52, 1, -1, -0.7853981633974483, 1.4142135623730951
1618, 21, 296, 184, 295, 185, 1, -1, -0.7853981633974483, 1.4142135623730951
1619, 10, 219, 50, 218, 51, 1, -1, -0.7853981633974483, 1.4142135623730951
1620, 5, 268, 66, 267, 67, 1, -1, -0.7853981633974483, 1.4142135623730951
1620, 8, 293, 52, 292, 53, 1, -1, -0.7853981633974483, 1.4142135623730951
1620, 13, 227, 40, 226, 41, 1, -1, -0.7853981633974483, 1.4142135623730951
1620, 16, 184, 175, 183, 176, 1, -1, -0.7853981633974483, 1.4142135623730951
1620, 19, 306, 73, 305, 74, 1, -1, -0.7853981633974483, 1.4142135623730951
1620, 22, 262, 183, 261, 184, 1, -1, -0.7853981633974483, 1.4142135623730951
1621, 0, 264, 199, 263, 200, 1, -1, -0.7853981633974483, 1.4142135623730951
1621, 2, 252, 48, 251, 49, 1, -1, -0.7853981633974483, 1.4142135623730951
1621, 5, 269, 65, 268, 66, 1, -1, -0.7853981633974483, 1.4142135623730951
1622, 1, 189, 188, 190, 186, -1, 2, 2.0344439357957027, 2.23606797749979
1622, 8, 294, 51, 293, 52, 1, -1, -0.7853981633974483, 1.4142135623730951
1622, 9, 207, 62, 206, 63, 1, -1, -0.7853981633974483, 1.4142135623730951
1622, 11, 177, 193, 176, 194, 1, -1, -0.7853981633974483, 1.4142135623730951
1622, 19, 278, 185, 277, 186, 1, -1, -0.7853981633974483, 1.4142135623730951
1623, 3, 190, 58, 189, 59, 1, -1, -0.7853981633974483, 1.4142135623730951
1623, 8, 295, 50, 294, 51, 1, -1, -0.7853981633974483, 1.4142135623730951
1623, 9, 208, 61, 207, 62, 1, -1, -0.7853981633974483, 1.4142135623730951
1623, 14, 225, 183, 224, 184, 1, -1, -0.7853981633974483, 1.4142135623730951
1623, 15, 310, 55, 309, 56, 1, -1, -0.7853981633974483, 1.4142135623730951
1624, 2, 191, 57, 190, 58, 1, -1, -0.7853981633974483, 1.4142135623730951
1624, 13, 226, 182, 225, 183, 1, -1, -0.7853981633974483, 1.4142135623730951
1625, 8, 210, 187, 209, 188, 1, -1, -0.7853981633974483, 1.4142135623730951
1625, 15, 222, 51, 221, 52, 1, -1, -0.7853981633974483, 1.4142135623730951
1627, 0, 266, 199, 265, 200, 1, -1, -0.7853981633974483, 1.4142135623730951
1627, 9, 178, 194, 177, 195, 1, -1, -0.7853981633974483, 1.4142135623730951
1627, 11, 277, 53, 276, 54, 1, -1, -0.7853981633974483, 1.4142135623730951
1627, 13, 242, 186, 241, 187, 1, -1, -0.7853981633974483, 1.4142135623730951
1628, 14, 312, 55, 311, 56, 1, -1, -0.7853981633974483, 1.4142135623730951
1629, 0, 267, 197, 266, 198, 1, -1, -0.7853981633974483, 1.4142135623730951
1629, 13, 243, 185, 242, 186, 1, -1, -0.7853981633974483, 1.4142135623730951
1631, 0, 269, 199, 268, 200, 1, -1, -0.7853981633974483, 1.4142135623730951
1631, 4, 272, 67, 271, 68, 1, -1, -0.7853981633974483, 1.4142135623730951
1632, 6, 281, 51, 280, 52, 1, -1, -0.7853981633974483, 1.4142135623730951
1632, 10, 257, 48, 256, 49, 1, -1, -0.7853981633974483, 1.4142135623730951
1632, 12, 314, 55, 313, 56, 1, -1, -0.7853981633974483, 1.4142135623730951
1633, 12, 315, 54, 314, 55, 1, -1, -0.7853981633974483, 1.4142135623730951
1633, 14, 312, 72, 311, 73, 1, -1, -0.7853981633974483, 1.4142135623730951
1634, 3, 210, 60, 209, 61, 1, -1, -0.7853981633974483, 1.4142135623730951
1634, 11, 299, 52, 298, 53, 1, -1, -0.7853981633974483, 1.4142135623730951
1635, 3, 312, 199, 311, 200, 1, -1, -0.7853981633974483, 1.4142135623730951
1635, 7, 245, 186, 244, 187, 1, -1, -0.7853981633974483, 1.4142135623730951
1635, 13, 227, 173, 226, 174, 1, -1, -0.7853981633974483, 1.4142135623730951
1635, 15, 319, 73, 318, 74, 1, -1, -0.7853981633974483, 1.4142135623730951
1636, 1, 196, 58, 195, 59, 1, -1, -0.7853981633974483, 1.4142135623730951
1636, 5, 277, 67, 275, 68, 2, -1, -0.4636476090008061, 2.23606797749979
1636, 10, 212, 62, 211, 63, 1, -1, -0.7853981633974483, 1.4142135623730951
1636, 11, 259, 47, 258, 48, 1, -1, -0.7853981633974483, 1.4142135623730951
1636, 15, 307, 185, 306, 186, 1, -1, -0.7853981633974483, 1.4142135623730951
1638, 9, 301, 53, 300, 54, 1, -1, -0.7853981633974483, 1.4142135623730951
1638, 10, 213, 60, 212, 61, 1, -1, -0.7853981633974483, 1.4142135623730951
1638, 13, 228, 172, 227, 173, 1, -1, -0.7853981633974483, 1.4142135623730951
1639, 1, 198, 56, 197, 57, 1, -1, -0.7853981633974483, 1.4142135623730951
1639, 7, 246, 183, 245, 184, 1, -1, -0.7853981633974483, 1.4142135623730951
1639, 10, 214, 59, 213, 60, 1, -1, -0.7853981633974483, 1.4142135623730951
1639, 11, 261, 45, 260, 46, 1, -1, -0.7853981633974483, 1.4142135623730951
1639, 13, 229, 171, 228, 172, 1, -1, -0.7853981633974483, 1.4142135623730951
1640, 0, 274, 200, 273, 201, 1, -1, -0.7853981633974483, 1.4142135623730951
1640, 8, 303, 53, 302, 54, 1, -1, -0.7853981633974483, 1.4142135623730951
1641, 8, 304, 52, 303, 53, 1, -1, -0.7853981633974483, 1.4142135623730951
1641, 13, 214, 61, 213, 62, 1, -1, -0.7853981633974483, 1.4142135623730951
1642, 4, 198, 57, 197, 58, 1, -1, -0.7853981633974483, 1.4142135623730951
1642, 10, 248, 184, 247, 185, 1, -1, -0.7853981633974483, 1.4142135623730951
1642, 15, 289, 182, 288, 183, 1, -1, -0.7853981633974483, 1.4142135623730951
1643, 1, 201, 184, 200, 185, 1, -1, -0.7853981633974483, 1.4142135623730951
1643, 6, 315, 198, 314, 199, 1, -1, -0.7853981633974483, 1.4142135623730951
1643, 9, 229, 172, 228, 173, 1, -1, -0.7853981633974483, 1.4142135623730951
1643, 10, 249, 183, 248, 184, 1, -1, -0.7853981633974483, 1.4142135623730951
1643, 14, 316, 55, 315, 56, 1, -1, -0.7853981633974483, 1.4142135623730951
1644, 1, 204, 183, 201, 184, 3, -1, -0.3217505543966422, 3.1622776601683795
1644, 4, 199, 55, 198, 56, 1, -1, -0.7853981633974483, 1.4142135623730951
1644, 14, 316, 57, 316, 55, 0, 2, 1.5707963267948966, 2.0
1644, 15, 292, 181, 289, 181, 3, 0, 0.0, 3.0
1645, 3, 264, 49, 263, 50, 1, -1, -0.7853981633974483, 1.4142135623730951
1645, 4, 201, 58, 200, 59, 1, -1, -0.7853981633974483, 1.4142135623730951
1645, 8, 305, 53, 304, 54, 1, -1, -0.7853981633974483, 1.4142135623730951
1645, 9, 231, 53, 230, 54, 1, -1, -0.7853981633974483, 1.4142135623730951
1646, 2, 281, 68, 280, 69, 1, -1, -0.7853981633974483, 1.4142135623730951
1646, 11, 237, 39, 236, 40, 1, -1, -0.7853981633974483, 1.4142135623730951
1646, 12, 232, 172, 231, 173, 1, -1, -0.7853981633974483, 1.4142135623730951
1646, 17, 311, 183, 310, 184, 1, -1, -0.7853981633974483, 1.4142135623730951
1647, 8, 306, 52, 305, 53, 1, -1, -0.7853981633974483, 1.4142135623730951
1647, 17, 312, 182, 311, 183, 1, -1, -0.7853981633974483, 1.4142135623730951
1648, 4, 202, 55, 201, 56, 1, -1, -0.7853981633974483, 1.4142135623730951
1648, 8, 307, 51, 306, 52, 1, -1, -0.7853981633974483, 1.4142135623730951
1648, 13, 252, 185, 251, 186, 1, -1, -0.7853981633974483, 1.4142135623730951
1648, 15, 217, 58, 216, 59, 1, -1, -0.7853981633974483, 1.4142135623730951
1648, 17, 314, 182, 312, 182, 2, 0, 0.0, 2.0
1649, 4, 204, 54, 202, 55, 2, -1, -0.4636476090008061, 2.23606797749979
1649, 5, 318, 195, 317, 196, 1, -1, -0.7853981633974483, 1.4142135623730951
1649, 8, 308, 50, 307, 51, 1, -1, -0.7853981633974483, 1.4142135623730951
1649, 9, 232, 51, 231, 52, 1, -1, -0.7853981633974483, 1.4142135623730951
1649, 15, 289, 51, 287, 52, 2, -1, -0.4636476090008061, 2.23606797749979
1649, 16, 315, 181, 314, 182, 1, -1, -0.7853981633974483, 1.4142135623730951
1650, 2, 283, 68, 282, 69, 1, -1, -0.7853981633974483, 1.4142135623730951
1650, 8, 308, 53, 307, 54, 1, -1, -0.7853981633974483, 1.4142135623730951
1650, 12, 234, 52, 233, 53, 1, -1, -0.7853981633974483, 1.4142135623730951
1651, 1, 205, 185, 204, 186, 1, -1, -0.7853981633974483, 1.4142135623730951
1651, 2, 284, 67, 283, 68, 1, -1, -0.7853981633974483, 1.4142135623730951
1651, 3, 203, 57, 202, 58, 1, -1, -0.7853981633974483, 1.4142135623730951
1651, 7, 253, 185, 252, 186, 1, -1, -0.7853981633974483, 1.4142135623730951
1651, 11, 240, 39, 239, 40, 1, -1, -0.7853981633974483, 1.4142135623730951
1651, 14, 234, 172, 233, 173, 1, -1, -0.7853981633974483, 1.4142135623730951
1652, 5, 267, 48, 266, 49, 1, -1, -0.7853981633974483, 1.4142135623730951
1652, 7, 254, 184, 253, 185, 1, -1, -0.7853981633974483, 1.4142135623730951
1652, 16, 316, 184, 315, 185, 1, -1, -0.7853981633974483, 1.4142135623730951
1653, 7, 255, 183, 254, 184, 1, -1, -0.7853981633974483, 1.4142135623730951
1653, 10, 290, 52, 289, 53, 1, -1, -0.7853981633974483, 1.4142135623730951
1653, 16, 317, 183, 316, 184, 1, -1, -0.7853981633974483, 1.4142135623730951
1654, 0, 282, 199, 281, 200, 1, -1, -0.7853981633974483, 1.4142135623730951
1654, 8, 309, 52, 308, 53, 1, -1, -0.7853981633974483, 1.4142135623730951
1654, 9, 220, 59, 219, 60, 1, -1, -0.7853981633974483, 1.4142135623730951
1654, 10, 291, 51, 290, 52, 1, -1, -0.7853981633974483, 1.4142135623730951
1655, 4, 286, 68, 285, 69, 1, -1, -0.7853981633974483, 1.4142135623730951
1655, 5, 254, 185, 253, 186, 1, -1, -0.7853981633974483, 1.4142135623730951
1656, 4, 287, 67, 286, 68, 1, -1, -0.7853981633974483, 1.4142135623730951
1656, 8, 236, 172, 235, 173, 1, -1, -0.7853981633974483, 1.4142135623730951
1656, 11, 292, 53, 291, 54, 1, -1, -0.7853981633974483, 1.4142135623730951
1657, 8, 237, 171, 236, 172, 1, -1, -0.7853981633974483, 1.4142135623730951
1657, 10, 311, 53, 310, 54, 1, -1, -0.7853981633974483, 1.4142135623730951
1659, 4, 288, 66, 287, 67, 1, -1, -0.7853981633974483, 1.4142135623730951
1659, 8, 224, 185, 223, 187, 1, -2, -1.1071487177940904, 2.23606797749979
1659, 11, 201, 174, 200, 175, 1, -1, -0.7853981633974483, 1.4142135623730951
1660, 0, 284, 200, 283, 201, 1, -1, -0.7853981633974483, 1.4142135623730951
1660, 7, 225, 188, 224, 189, 1, -1, -0.7853981633974483, 1.4142135623730951
1661, 0, 285, 199, 284, 200, 1, -1, -0.7853981633974483, 1.4142135623730951
1661, 3, 270, 48, 269, 49, 1, -1, -0.7853981633974483, 1.4142135623730951
1661, 11, 244, 186, 243, 187, 1, -1, -0.7853981633974483, 1.4142135623730951
1662, 0, 286, 198, 285, 199, 1, -1, -0.7853981633974483, 1.4142135623730951
1662, 7, 226, 187, 225, 188, 1, -1, -0.7853981633974483, 1.4142135623730951
1663, 4, 290, 69, 289, 70, 1, -1, -0.7853981633974483, 1.4142135623730951
1665, 4, 291, 69, 290, 70, 1, -1, -0.7853981633974483, 1.4142135623730951
1665, 10, 242, 172, 241, 173, 1, -1, -0.7853981633974483, 1.4142135623730951
1665, 15, 205, 175, 204, 176, 1, -1, -0.7853981633974483, 1.4142135623730951
1666, 5, 274, 47, 273, 48, 1, -1, -0.7853981633974483, 1.4142135623730951
1667, 4, 293, 68, 292, 69, 1, -1, -0.7853981633974483, 1.4142135623730951
1667, 5, 275, 46, 274, 47, 1, -1, -0.7853981633974483, 1.4142135623730951
1667, 13, 242, 53, 241, 54, 1, -1, -0.7853981633974483, 1.4142135623730951
1669, 7, 300, 52, 299, 53, 1, -1, -0.7853981633974483, 1.4142135623730951
1669, 14, 229, 186, 228, 187, 1, -1, -0.7853981633974483, 1.4142135623730951
1670, 8, 245, 172, 244, 173, 1, -1, -0.7853981633974483, 1.4142135623730951
1670, 14, 318, 54, 317, 55, 1, -1, -0.7853981633974483, 1.4142135623730951
1670, 17, 244, 52, 243, 53, 1, -1, -0.7853981633974483, 1.4142135623730951
1671, 12, 304, 182, 303, 183, 1, -1, -0.7853981633974483, 1.4142135623730951
1671, 14, 319, 53, 318, 54, 1, -1, -0.7853981633974483, 1.4142135623730951
1672, 7, 263, 184, 262, 185, 1, -1, -0.7853981633974483, 1.4142135623730951
1672, 17, 245, 51, 244, 52, 1, -1, -0.7853981633974483, 1.4142135623730951
1673, 3, 199, 194, 198, 195, 1, -1, -0.7853981633974483, 1.4142135623730951
1673, 7, 264, 183, 263, 184, 1, -1, -0.7853981633974483, 1.4142135623730951
1673, 10, 208, 174, 207, 175, 1, -1, -0.7853981633974483, 1.4142135623730951
1673, 13, 230, 174, 229, 175, 1, -1, -0.7853981633974483, 1.4142135623730951
1674, 4, 296, 69, 295, 70, 1, -1, -0.7853981633974483, 1.4142135623730951
1674, 7, 265, 182, 264, 183, 1, -1, -0.7853981633974483, 1.4142135623730951
1674, 8, 247, 170, 246, 171, 1, -1, -0.7853981633974483, 1.4142135623730951
1674, 16, 242, 66, 239, 67, 3, -1, -0.3217505543966422, 3.1622776601683795
1674, 17, 245, 50, 244, 51, 1, -1, -0.7853981633974483, 1.4142135623730951
1675, 10, 250, 40, 249, 41, 1, -1, -0.7853981633974483, 1.4142135623730951
1675, 12, 265, 185, 264, 186, 1, -1, -0.7853981633974483, 1.4142135623730951
1676, 5, 213, 58, 212, 59, 1, -1, -0.7853981633974483, 1.4142135623730951
1676, 7, 248, 170, 247, 171, 1, -1, -0.7853981633974483, 1.4142135623730951
1677, 0, 292, 199, 291, 200, 1, -1, -0.7853981633974483, 1.4142135623730951
1677, 1, 217, 185, 216, 186, 1, -1, -0.7853981633974483, 1.4142135623730951
1677, 9, 231, 58, 230, 59, 1, -1, -0.7853981633974483, 1.4142135623730951
1678, 1, 218, 184, 217, 185, 1, -1, -0.7853981633974483, 1.4142135623730951
1678, 3, 282, 47, 280, 48, 2, -1, -0.4636476090008061, 2.23606797749979
1678, 7, 249, 168, 248, 169, 1, -1, -0.7853981633974483, 1.4142135623730951
1678, 11, 308, 184, 306, 184, 2, 0, 0.0, 2.0
1678, 14, 249, 52, 247, 52, 2, 0, 0.0, 2.0
1678, 15, 252, 185, 251, 186, 1, -1, -0.7853981633974483, 1.4142135623730951
1678, 16, 276, 170, 275, 171, 1, -1, -0.7853981633974483, 1.4142135623730951
1679, 0, 293, 198, 292, 199, 1, -1, -0.7853981633974483, 1.4142135623730951
1679, 1, 219, 183, 218, 184, 1, -1, -0.7853981633974483, 1.4142135623730951
1679, 9, 232, 56, 231, 57, 1, -1, -0.7853981633974483, 1.4142135623730951
1679, 12, 268, 183, 267, 184, 1, -1, -0.7853981633974483, 1.4142135623730951
1680, 7, 252, 39, 253, 41, -1, -2, -2.0344439357957027, 2.23606797749979
1680, 9, 247, 53, 247, 55, 0, -2, -1.5707963267948966, 2.0
1680, 12, 250, 170, 249, 171, 1, -1, -0.7853981633974483, 1.4142135623730951
1681, 6, 268, 184, 267, 185, 1, -1, -0.7853981633974483, 1.4142135623730951
1681, 12, 251, 169, 250, 170, 1, -1, -0.7853981633974483, 1.4142135623730951
1682, 7, 254, 38, 252, 39, 2, -1, -0.4636476090008061, 2.23606797749979
1682, 8, 235, 188, 234, 189, 1, -1, -0.7853981633974483, 1.4142135623730951
1682, 12, 252, 168, 251, 169, 1, -1, -0.7853981633974483, 1.4142135623730951
1682, 14, 233, 57, 232, 58, 1, -1, -0.7853981633974483, 1.4142135623730951
1683, 3, 300, 70, 299, 71, 1, -1, -0.7853981633974483, 1.4142135623730951
1683, 7, 255, 37, 254, 38, 1, -1, -0.7853981633974483, 1.4142135623730951
1683, 10, 310, 184, 309, 185, 1, -1, -0.7853981633974483, 1.4142135623730951
1684, 4, 217, 55, 216, 56, 1, -1, -0.7853981633974483, 1.4142135623730951
1684, 13, 213, 174, 212, 175, 1, -1, -0.7853981633974483, 1.4142135623730951
1685, 4, 254, 170, 253, 171, 1, -1, -0.7853981633974483, 1.4142135623730951
1686, 2, 302, 69, 301, 70, 1, -1, -0.7853981633974483, 1.4142135623730951
1687, 4, 255, 168, 254, 169, 1, -1, -0.7853981633974483, 1.4142135623730951
1687, 14, 255, 185, 254, 186, 1, -1, -0.7853981633974483, 1.4142135623730951
1688, 0, 296, 198, 295, 199, 1, -1, -0.7853981633974483, 1.4142135623730951
1688, 8, 270, 182, 269, 183, 1, -1, -0.7853981633974483, 1.4142135623730951
1689, 0, 297, 197, 296, 198, 1, -1, -0.7853981633974483, 1.4142135623730951
1689, 2, 304, 68, 303, 69, 1, -1, -0.7853981633974483, 1.4142135623730951
1689, 3, 284, 47, 283, 48, 1, -1, -0.7853981633974483, 1.4142135623730951
1689, 4, 256, 167, 255, 168, 1, -1, -0.7853981633974483, 1.4142135623730951
1689, 5, 206, 195, 205, 196, 1, -1, -0.7853981633974483, 1.4142135623730951
1689, 8, 271, 181, 270, 182, 1, -1, -0.7853981633974483, 1.4142135623730951
1690, 4, 304, 70, 303, 71, 1, -1, -0.7853981633974483, 1.4142135623730951
1690, 6, 237, 61, 236, 62, 1, -1, -0.7853981633974483, 1.4142135623730951
1690, 7, 256, 169, 255, 170, 1, -1, -0.7853981633974483, 1.4142135623730951
1692, 4, 306, 69, 305, 70, 1, -1, -0.7853981633974483, 1.4142135623730951
1692, 8, 311, 52, 310, 53, 1, -1, -0.7853981633974483, 1.4142135623730951
1693, 1, 223, 185, 222, 186, 1, -1, -0.7853981633974483, 1.4142135623730951
1693, 7, 257, 167, 256, 168, 1, -1, -0.7853981633974483, 1.4142135623730951
1694, 3, 221, 58, 220, 59, 1, -1, -0.7853981633974483, 1.4142135623730951
1694, 4, 307, 68, 306, 69, 1, -1, -0.7853981633974483, 1.4142135623730951
1694, 6, 239, 60, 238, 61, 1, -1, -0.7853981633974483, 1.4142135623730951
1695, 3, 223, 57, 222, 58, 1, -1, -0.7853981633974483, 1.4142135623730951
1695, 15, 255, 54, 254, 55, 1, -1, -0.7853981633974483, 1.4142135623730951
1695, 17, 251, 68, 250, 69, 1, -1, -0.7853981633974483, 1.4142135623730951
1696, 2, 308, 71, 307, 72, 1, -1, -0.7853981633974483, 1.4142135623730951
1696, 9, 258, 169, 257, 170, 1, -1, -0.7853981633974483, 1.4142135623730951
1696, 11, 260, 185, 259, 186, 1, -1, -0.7853981633974483, 1.4142135623730951
1696, 16, 272, 64, 270, 64, 2, 0, 0.0, 2.0
1697, 5, 289, 49, 288, 50, 1, -1, -0.7853981633974483, 1.4142135623730951
1697, 9, 259, 168, 258, 169, 1, -1, -0.7853981633974483, 1.4142135623730951
1697, 17, 252, 66, 251, 67, 1, -1, -0.7853981633974483, 1.4142135623730951
1697, 18, 295, 180, 297, 180, -2, 0, 3.141592653589793, 2.0
1698, 10, 319, 180, 318, 181, 1, -1, -0.7853981633974483, 1.4142135623730951
1698, 14, 242, 171, 241, 172, 1, -1, -0.7853981633974483, 1.4142135623730951
1699, 2, 310, 70, 309, 71, 1, -1, -0.7853981633974483, 1.4142135623730951
1700, 5, 291, 49, 290, 50, 1, -1, -0.7853981633974483, 1.4142135623730951
1700, 7, 262, 168, 261, 169, 1, -1, -0.7853981633974483, 1.4142135623730951
1701, 4, 312, 71, 310, 72, 2, -1, -0.4636476090008061, 2.23606797749979
1701, 7, 263, 167, 262, 168, 1, -1, -0.7853981633974483, 1.4142135623730951
1701, 10, 277, 183, 276, 184, 1, -1, -0.7853981633974483, 1.4142135623730951
1702, 4, 313, 70, 312, 71, 1, -1, -0.7853981633974483, 1.4142135623730951
1702, 8, 222, 174, 221, 175, 1, -1, -0.7853981633974483, 1.4142135623730951
1702, 9, 316, 56, 315, 57, 1, -1, -0.7853981633974483, 1.4142135623730951
1703, 7, 264, 166, 263, 167, 1, -1, -0.7853981633974483, 1.4142135623730951
1703, 10, 278, 182, 277, 183, 1, -1, -0.7853981633974483, 1.4142135623730951
1703, 13, 261, 54, 260, 55, 1, -1, -0.7853981633974483, 1.4142135623730951
1704, 7, 265, 165, 264, 166, 1, -1, -0.7853981633974483, 1.4142135623730951
1704, 8, 223, 173, 222, 174, 1, -1, -0.7853981633974483, 1.4142135623730951
1704, 13, 262, 53, 261, 54, 1, -1, -0.7853981633974483, 1.4142135623730951
1705, 9, 281, 184, 280, 185, 1, -1, -0.7853981633974483, 1.4142135623730951
1705, 10, 246, 188, 245, 189, 1, -1, -0.7853981633974483, 1.4142135623730951
1705, 11, 318, 54, 317, 55, 1, -1, -0.7853981633974483, 1.4142135623730951
1705, 13, 263, 40, 262, 41, 1, -1, -0.7853981633974483, 1.4142135623730951
1706, 5, 244, 60, 243, 61, 1, -1, -0.7853981633974483, 1.4142135623730951
1706, 11, 319, 53, 318, 54, 1, -1, -0.7853981633974483, 1.4142135623730951
1707, 4, 313, 71, 312, 72, 1, -1, -0.7853981633974483, 1.4142135623730951
1707, 9, 282, 183, 281, 184, 1, -1, -0.7853981633974483, 1.4142135623730951
1708, 1, 231, 185, 230, 186, 1, -1, -0.7853981633974483, 1.4142135623730951
1708, 7, 267, 167, 266, 168, 1, -1, -0.7853981633974483, 1.4142135623730951
1708, 9, 283, 182, 282, 183, 1, -1, -0.7853981633974483, 1.4142135623730951
1710, 5, 283, 184, 282, 185, 1, -1, -0.7853981633974483, 1.4142135623730951
1710, 10, 318, 56, 317, 57, 1, -1, -0.7853981633974483, 1.4142135623730951
1711, 7, 269, 168, 268, 169, 1, -1, -0.7853981633974483, 1.4142135623730951
1712, 3, 296, 47, 295, 48, 1, -1, -0.7853981633974483, 1.4142135623730951
1712, 8, 267, 39, 266, 40, 1, -1, -0.7853981633974483, 1.4142135623730951
1712, 11, 248, 58, 247, 59, 1, -1, -0.7853981633974483, 1.4142135623730951
1713, 3, 297, 46, 296, 47, 1, -1, -0.7853981633974483, 1.4142135623730951
1713, 5, 231, 54, 229, 55, 2, -1, -0.4636476090008061, 2.23606797749979
1713, 11, 249, 57, 248, 58, 1, -1, -0.7853981633974483, 1.4142135623730951
1714, 7, 270, 165, 269, 166, 1, -1, -0.7853981633974483, 1.4142135623730951
1714, 8, 269, 38, 268, 39, 1, -1, -0.7853981633974483, 1.4142135623730951
1714, 9, 319, 53, 318, 54, 1, -1, -0.7853981633974483, 1.4142135623730951
1715, 3, 270, 167, 269, 168, 1, -1, -0.7853981633974483, 1.4142135623730951
1715, 11, 268, 55, 267, 56, 1, -1, -0.7853981633974483, 1.4142135623730951
1715, 13, 282, 65, 280, 65, 2, 0, 0.0, 2.0
1715, 14, 261, 199, 260, 200, 1, -1, -0.7853981633974483, 1.4142135623730951
1716, 6, 285, 182, 284, 183, 1, -1, -0.7853981633974483, 1.4142135623730951
1716, 7, 250, 59, 249, 60, 1, -1, -0.7853981633974483, 1.4142135623730951
1716, 8, 319, 72, 318, 73, 1, -1, -0.7853981633974483, 1.4142135623730951
1716, 9, 269, 183, 268, 184, 1, -1, -0.7853981633974483, 1.4142135623730951
1716, 11, 271, 55, 268, 55, 3, 0, 0.0, 3.0
1716, 13, 283, 66, 282, 65, 1, 1, 0.7853981633974483, 1.4142135623730951
1717, 3, 271, 165, 270, 166, 1, -1, -0.7853981633974483, 1.4142135623730951
1718, 0, 312, 197, 311, 198, 1, -1, -0.7853981633974483, 1.4142135623730951
1718, 1, 236, 183, 235, 184, 1, -1, -0.7853981633974483, 1.4142135623730951
1718, 6, 287, 181, 286, 182, 1, -1, -0.7853981633974483, 1.4142135623730951
1718, 7, 251, 58, 250, 59, 1, -1, -0.7853981633974483, 1.4142135623730951
1720, 3, 300, 50, 299, 51, 1, -1, -0.7853981633974483, 1.4142135623730951
1720, 8, 232, 175, 231, 176, 1, -1, -0.7853981633974483, 1.4142135623730951
1720, 10, 319, 160, 318, 161, 1, -1, -0.7853981633974483, 1.4142135623730951
1721, 4, 234, 56, 233, 57, 1, -1, -0.7853981633974483, 1.4142135623730951
1721, 7, 252, 187, 251, 188, 1, -1, -0.7853981633974483, 1.4142135623730951
1722, 0, 315, 199, 314, 200, 1, -1, -0.7853981633974483, 1.4142135623730951
1722, 2, 288, 181, 287, 182, 1, -1, -0.7853981633974483, 1.4142135623730951
1722, 5, 273, 166, 272, 167, 1, -1, -0.7853981633974483, 1.4142135623730951
1722, 8, 233, 174, 232, 175, 1, -1, -0.7853981633974483, 1.4142135623730951
1723, 1, 240, 185, 239, 186, 1, -1, -0.7853981633974483, 1.4142135623730951
1723, 3, 302, 48, 301, 49, 1, -1, -0.7853981633974483, 1.4142135623730951
1724, 2, 290, 180, 289, 181, 1, -1, -0.7853981633974483, 1.4142135623730951
1724, 5, 275, 165, 274, 166, 1, -1, -0.7853981633974483, 1.4142135623730951
1724, 9, 252, 58, 251, 59, 1, -1, -0.7853981633974483, 1.4142135623730951
1725, 2, 303, 49, 302, 50, 1, -1, -0.7853981633974483, 1.4142135623730951
1725, 9, 291, 183, 290, 184, 1, -1, -0.7853981633974483, 1.4142135623730951
1726, 6, 255, 59, 254, 60, 1, -1, -0.7853981633974483, 1.4142135623730951
1726, 7, 277, 167, 276, 168, 1, -1, -0.7853981633974483, 1.4142135623730951
1727, 2, 304, 48, 303, 49, 1, -1, -0.7853981633974483, 1.4142135623730951
1727, 12, 305, 178, 307, 178, -2, 0, 3.141592653589793, 2.0
1728, 2, 305, 47, 304, 48, 1, -1, -0.7853981633974483, 1.4142135623730951
1728, 5, 283, 63, 285, 63, -2, 0, 3.141592653589793, 2.0
1728, 7, 278, 165, 277, 166, 1, -1, -0.7853981633974483, 1.4142135623730951
1730, 3, 227, 196, 226, 197, 1, -1, -0.7853981633974483, 1.4142135623730951
1730, 9, 278, 185, 277, 186, 1, -1, -0.7853981633974483, 1.4142135623730951
1731, 7, 292, 182, 291, 183, 1, -1, -0.7853981633974483, 1.4142135623730951
1731, 8, 257, 59, 256, 60, 1, -1, -0.7853981633974483, 1.4142135623730951
1731, 9, 279, 184, 278, 185, 1, -1, -0.7853981633974483, 1.4142135623730951
1731, 10, 275, 54, 273, 55, 2, -1, -0.4636476090008061, 2.23606797749979
1731, 11, 263, 171, 262, 172, 1, -1, -0.7853981633974483, 1.4142135623730951
1731, 12, 258, 187, 257, 188, 1, -1, -0.7853981633974483, 1.4142135623730951
1731, 14, 301, 166, 300, 167, 1, -1, -0.7853981633974483, 1.4142135623730951
1731, 15, 310, 68, 309, 69, 1, -1, -0.7853981633974483, 1.4142135623730951
1732, 5, 278, 166, 277, 167, 1, -1, -0.7853981633974483, 1.4142135623730951
1732, 7, 293, 181, 292, 182, 1, -1, -0.7853981633974483, 1.4142135623730951
1733, 3, 228, 193, 227, 194, 1, -1, -0.7853981633974483, 1.4142135623730951
1733, 5, 279, 165, 278, 166, 1, -1, -0.7853981633974483, 1.4142135623730951
1733, 8, 258, 58, 257, 59, 1, -1, -0.7853981633974483, 1.4142135623730951
1734, 4, 306, 49, 305, 50, 1, -1, -0.7853981633974483, 1.4142135623730951
1734, 9, 280, 183, 279, 184, 1, -1, -0.7853981633974483, 1.4142135623730951
1734, 13, 302, 164, 301, 165, 1, -1, -0.7853981633974483, 1.4142135623730951
1735, 6, 239, 174, 238, 175, 1, -1, -0.7853981633974483, 1.4142135623730951
1735, 8, 293, 66, 290, 66, 3, 0, 0.0, 3.0
1736, 3, 297, 183, 296, 184, 1, -1, -0.7853981633974483, 1.4142135623730951
1736, 7, 230, 196, 229, 197, 1, -1, -0.7853981633974483, 1.4142135623730951
1736, 14, 312, 67, 311, 68, 1, -1, -0.7853981633974483, 1.4142135623730951
1737, 1, 241, 57, 240, 58, 1, -1, -0.7853981633974483, 1.4142135623730951
1737, 13, 279, 54, 277, 55, 2, -1, -0.4636476090008061, 2.23606797749979
1738, 2, 311, 49, 309, 50, 2, -1, -0.4636476090008061, 2.23606797749979
1739, 5, 283, 165, 282, 166, 1, -1, -0.7853981633974483, 1.4142135623730951
1739, 11, 281, 53, 280, 54, 1, -1, -0.7853981633974483, 1.4142135623730951
1739, 12, 314, 66, 313, 67, 1, -1, -0.7853981633974483, 1.4142135623730951
1740, 4, 298, 182, 297, 184, 1, -2, -1.1071487177940904, 2.23606797749979
1740, 6, 245, 176, 244, 177, 1, -1, -0.7853981633974483, 1.4142135623730951
1740, 9, 262, 188, 261, 189, 1, -1, -0.7853981633974483, 1.4142135623730951
1740, 11, 268, 171, 267, 172, 1, -1, -0.7853981633974483, 1.4142135623730951
1741, 3, 232, 196, 231, 197, 1, -1, -0.7853981633974483, 1.4142135623730951
1741, 4, 299, 181, 298, 182, 1, -1, -0.7853981633974483, 1.4142135623730951
1741, 5, 285, 165, 284, 166, 1, -1, -0.7853981633974483, 1.4142135623730951
1741, 6, 246, 175, 245, 176, 1, -1, -0.7853981633974483, 1.4142135623730951
1742, 8, 281, 39, 280, 40, 1, -1, -0.7853981633974483, 1.4142135623730951
1742, 9, 263, 187, 262, 188, 1, -1, -0.7853981633974483, 1.4142135623730951
1742, 11, 270, 169, 268, 170, 2, -1, -0.4636476090008061, 2.23606797749979
1743, 5, 286, 164, 285, 165, 1, -1, -0.7853981633974483, 1.4142135623730951
1743, 11, 272, 168, 270, 169, 2, -1, -0.4636476090008061, 2.23606797749979
1744, 1, 311, 48, 310, 49, 1, -1, -0.7853981633974483, 1.4142135623730951
1744, 5, 287, 163, 286, 164, 1, -1, -0.7853981633974483, 1.4142135623730951
1744, 7, 263, 59, 262, 60, 1, -1, -0.7853981633974483, 1.4142135623730951
1744, 8, 282, 38, 281, 39, 1, -1, -0.7853981633974483, 1.4142135623730951
1744, 9, 264, 185, 263, 186, 1, -1, -0.7853981633974483, 1.4142135623730951
1744, 11, 273, 167, 272, 168, 1, -1, -0.7853981633974483, 1.4142135623730951
1745, 2, 301, 182, 300, 183, 1, -1, -0.7853981633974483, 1.4142135623730951
1745, 3, 286, 165, 285, 166, 1, -1, -0.7853981633974483, 1.4142135623730951
1745, 4, 246, 57, 245, 58, 1, -1, -0.7853981633974483, 1.4142135623730951
1745, 8, 265, 60, 264, 61, 1, -1, -0.7853981633974483, 1.4142135623730951
1746, 0, 251, 184, 250, 185, 1, -1, -0.7853981633974483, 1.4142135623730951
1746, 3, 287, 164, 286, 165, 1, -1, -0.7853981633974483, 1.4142135623730951
1746, 7, 297, 65, 296, 66, 1, -1, -0.7853981633974483, 1.4142135623730951
1746, 8, 266, 59, 265, 60, 1, -1, -0.7853981633974483, 1.4142135623730951
1747, 8, 267, 58, 266, 59, 1, -1, -0.7853981633974483, 1.4142135623730951
1747, 9, 286, 184, 285, 185, 1, -1, -0.7853981633974483, 1.4142135623730951
1748, 9, 287, 183, 286, 184, 1, -1, -0.7853981633974483, 1.4142135623730951
1748, 10, 266, 187, 265, 188, 1, -1, -0.7853981633974483, 1.4142135623730951
1748, 11, 288, 53, 287, 54, 1, -1, -0.7853981633974483, 1.4142135623730951
1749, 4, 248, 54, 247, 55, 1, -1, -0.7853981633974483, 1.4142135623730951
1749, 8, 268, 56, 267, 57, 1, -1, -0.7853981633974483, 1.4142135623730951
1750, 1, 316, 49, 315, 50, 1, -1, -0.7853981633974483, 1.4142135623730951
1750, 2, 289, 165, 288, 166, 1, -1, -0.7853981633974483, 1.4142135623730951
1750, 14, 311, 166, 310, 167, 1, -1, -0.7853981633974483, 1.4142135623730951
1750, 15, 314, 69, 313, 70, 1, -1, -0.7853981633974483, 1.4142135623730951
1751, 0, 254, 184, 253, 185, 1, -1, -0.7853981633974483, 1.4142135623730951
1751, 4, 248, 55, 247, 56, 1, -1, -0.7853981633974483, 1.4142135623730951
1751, 5, 237, 196, 236, 197, 1, -1, -0.7853981633974483, 1.4142135623730951
1751, 14, 315, 68, 314, 69, 1, -1, -0.7853981633974483, 1.4142135623730951
1752, 3, 248, 172, 247, 173, 1, -1, -0.7853981633974483, 1.4142135623730951
1752, 12, 276, 171, 275, 172, 1, -1, -0.7853981633974483, 1.4142135623730951
1753, 4, 249, 53, 248, 54, 1, -1, -0.7853981633974483, 1.4142135623730951
1753, 6, 306, 182, 305, 183, 1, -1, -0.7853981633974483, 1.4142135623730951
1753, 14, 305, 65, 304, 66, 1, -1, -0.7853981633974483, 1.4142135623730951
1754, 1, 317, 48, 316, 49, 1, -1, -0.7853981633974483, 1.4142135623730951
1754, 2, 290, 162, 289, 163, 1, -1, -0.7853981633974483, 1.4142135623730951
1754, 6, 266, 55, 265, 57, 1, -2, -1.1071487177940904, 2.23606797749979
1755, 3, 306, 182, 305, 183, 1, -1, -0.7853981633974483, 1.4142135623730951
1755, 4, 292, 165, 291, 166, 1, -1, -0.7853981633974483, 1.4142135623730951
1755, 9, 302, 67, 300, 67, 2, 0, 0.0, 2.0
1756, 3, 307, 181, 306, 182, 1, -1, -0.7853981633974483, 1.4142135623730951
1756, 4, 293, 164, 292, 165, 1, -1, -0.7853981633974483, 1.4142135623730951
1757, 12, 315, 165, 314, 166, 1, -1, -0.7853981633974483, 1.4142135623730951
1758, 7, 270, 58, 269, 59, 1, -1, -0.7853981633974483, 1.4142135623730951
1758, 12, 316, 164, 315, 165, 1, -1, -0.7853981633974483, 1.4142135623730951
1759, 8, 292, 182, 291, 183, 1, -1, -0.7853981633974483, 1.4142135623730951
1760, 8, 319, 166, 318, 167, 1, -1, -0.7853981633974483, 1.4142135623730951
1760, 9, 294, 184, 293, 185, 1, -1, -0.7853981633974483, 1.4142135623730951
1761, 12, 296, 54, 295, 55, 1, -1, -0.7853981633974483, 1.4142135623730951
1762, 2, 253, 57, 252, 58, 1, -1, -0.7853981633974483, 1.4142135623730951
1762, 4, 273, 60, 272, 61, 1, -1, -0.7853981633974483, 1.4142135623730951
1762, 10, 274, 187, 273, 188, 1, -1, -0.7853981633974483, 1.4142135623730951
1762, 12, 297, 53, 296, 54, 1, -1, -0.7853981633974483, 1.4142135623730951
1763, 0, 258, 181, 257, 182, 1, -1, -0.7853981633974483, 1.4142135623730951
1763, 6, 241, 194, 240, 195, 1, -1, -0.7853981633974483, 1.4142135623730951
1763, 13, 309, 66, 308, 67, 1, -1, -0.7853981633974483, 1.4142135623730951
1763, 15, 290, 56, 289, 57, 1, -1, -0.7853981633974483, 1.4142135623730951
1764, 0, 260, 180, 258, 181, 2, -1, -0.4636476090008061, 2.23606797749979
1764, 3, 296, 164, 295, 165, 1, -1, -0.7853981633974483, 1.4142135623730951
1764, 5, 308, 179, 307, 180, 1, -1, -0.7853981633974483, 1.4142135623730951
1764, 6, 242, 193, 241, 194, 1, -1, -0.7853981633974483, 1.4142135623730951
1764, 7, 318, 48, 317, 49, 1, -1, -0.7853981633974483, 1.4142135623730951
1764, 11, 300, 53, 298, 53, 2, 0, 0.0, 2.0
1764, 14, 280, 168, 279, 169, 1, -1, -0.7853981633974483, 1.4142135623730951
1765, 1, 255, 57, 254, 58, 1, -1, -0.7853981633974483, 1.4142135623730951
1765, 3, 275, 59, 274, 61, 1, -2, -1.1071487177940904, 2.23606797749979
1765, 6, 311, 181, 310, 182, 1, -1, -0.7853981633974483, 1.4142135623730951
1765, 7, 244, 197, 243, 198, 1, -1, -0.7853981633974483, 1.4142135623730951
1766, 4, 256, 170, 255, 171, 1, -1, -0.7853981633974483, 1.4142135623730951
1766, 7, 245, 196, 244, 197, 1, -1, -0.7853981633974483, 1.4142135623730951
1766, 8, 296, 184, 295, 185, 1, -1, -0.7853981633974483, 1.4142135623730951
1767, 2, 297, 162, 296, 163, 1, -1, -0.7853981633974483, 1.4142135623730951
1767, 6, 314, 181, 312, 181, 2, 0, 0.0, 2.0
1768, 2, 298, 161, 297, 162, 1, -1, -0.7853981633974483, 1.4142135623730951
1768, 9, 275, 185, 274, 186, 1, -1, -0.7853981633974483, 1.4142135623730951
1770, 9, 276, 187, 275, 188, 1, -1, -0.7853981633974483, 1.4142135623730951
1771, 5, 301, 164, 300, 165, 1, -1, -0.7853981633974483, 1.4142135623730951
1771, 7, 294, 39, 293, 40, 1, -1, -0.7853981633974483, 1.4142135623730951
1772, 8, 299, 182, 298, 183, 1, -1, -0.7853981633974483, 1.4142135623730951
1773, 2, 315, 181, 314, 182, 1, -1, -0.7853981633974483, 1.4142135623730951
1774, 9, 277, 185, 276, 186, 1, -1, -0.7853981633974483, 1.4142135623730951
1775, 0, 266, 184, 265, 185, 1, -1, -0.7853981633974483, 1.4142135623730951
1775, 4, 302, 164, 301, 165, 1, -1, -0.7853981633974483, 1.4142135623730951
1775, 7, 279, 187, 278, 188, 1, -1, -0.7853981633974483, 1.4142135623730951
1775, 9, 312, 68, 310, 69, 2, -1, -0.4636476090008061, 2.23606797749979
1776, 0, 267, 183, 266, 184, 1, -1, -0.7853981633974483, 1.4142135623730951
1776, 5, 248, 196, 247, 197, 1, -1, -0.7853981633974483, 1.4142135623730951
1776, 6, 280, 60, 279, 61, 1, -1, -0.7853981633974483, 1.4142135623730951
1776, 8, 302, 184, 301, 185, 1, -1, -0.7853981633974483, 1.4142135623730951
1776, 9, 312, 70, 312, 68, 0, 2, 1.5707963267948966, 2.0
1776, 10, 288, 170, 287, 171, 1, -1, -0.7853981633974483, 1.4142135623730951
1777, 4, 303, 162, 302, 163, 1, -1, -0.7853981633974483, 1.4142135623730951
1779, 7, 281, 186, 280, 187, 1, -1, -0.7853981633974483, 1.4142135623730951
1780, 0, 268, 184, 267, 185, 1, -1, -0.7853981633974483, 1.4142135623730951
1780, 1, 305, 164, 304, 165, 1, -1, -0.7853981633974483, 1.4142135623730951
1780, 5, 283, 60, 282, 61, 1, -1, -0.7853981633974483, 1.4142135623730951
1780, 11, 277, 61, 275, 62, 2, -1, -0.4636476090008061, 2.23606797749979
1781, 12, 291, 169, 290, 170, 1, -1, -0.7853981633974483, 1.4142135623730951
1782, 0, 269, 182, 268, 183, 1, -1, -0.7853981633974483, 1.4142135623730951
1782, 1, 306, 163, 305, 164, 1, -1, -0.7853981633974483, 1.4142135623730951
1782, 5, 284, 58, 283, 59, 1, -1, -0.7853981633974483, 1.4142135623730951
1782, 7, 282, 186, 281, 187, 1, -1, -0.7853981633974483, 1.4142135623730951
1783, 2, 263, 53, 262, 54, 1, -1, -0.7853981633974483, 1.4142135623730951
1783, 3, 265, 166, 264, 167, 1, -1, -0.7853981633974483, 1.4142135623730951
1783, 4, 251, 194, 250, 195, 1, -1, -0.7853981633974483, 1.4142135623730951
1783, 8, 308, 54, 307, 55, 1, -1, -0.7853981633974483, 1.4142135623730951
1784, 4, 285, 56, 284, 57, 1, -1, -0.7853981633974483, 1.4142135623730951
1784, 5, 308, 183, 307, 184, 1, -1, -0.7853981633974483, 1.4142135623730951
1784, 6, 283, 185, 282, 186, 1, -1, -0.7853981633974483, 1.4142135623730951
1784, 10, 279, 60, 278, 61, 1, -1, -0.7853981633974483, 1.4142135623730951
1785, 3, 268, 169, 267, 170, 1, -1, -0.7853981633974483, 1.4142135623730951
1785, 4, 265, 56, 264, 57, 1, -1, -0.7853981633974483, 1.4142135623730951
1785, 6, 286, 59, 285, 60, 1, -1, -0.7853981633974483, 1.4142135623730951
1785, 12, 297, 199, 296, 200, 1, -1, -0.7853981633974483, 1.4142135623730951
1786, 4, 266, 55, 265, 56, 1, -1, -0.7853981633974483, 1.4142135623730951
1786, 5, 314, 69, 317, 69, -3, 0, 3.141592653589793, 3.0
1786, 7, 284, 186, 283, 187, 1, -1, -0.7853981633974483, 1.4142135623730951
1786, 12, 298, 198, 297, 199, 1, -1, -0.7853981633974483, 1.4142135623730951
1787, 1, 307, 162, 306, 163, 1, -1, -0.7853981633974483, 1.4142135623730951
1787, 3, 270, 168, 269, 169, 1, -1, -0.7853981633974483, 1.4142135623730951
1787, 6, 288, 58, 287, 59, 1, -1, -0.7853981633974483, 1.4142135623730951
1789, 2, 271, 166, 270, 167, 1, -1, -0.7853981633974483, 1.4142135623730951
1789, 9, 272, 195, 271, 196, 1, -1, -0.7853981633974483, 1.4142135623730951
1790, 2, 310, 163, 309, 164, 1, -1, -0.7853981633974483, 1.4142135623730951
1790, 9, 296, 169, 295, 170, 1, -1, -0.7853981633974483, 1.4142135623730951
1791, 0, 273, 182, 272, 183, 1, -1, -0.7853981633974483, 1.4142135623730951
1791, 2, 311, 162, 310, 163, 1, -1, -0.7853981633974483, 1.4142135623730951
1791, 3, 268, 55, 267, 56, 1, -1, -0.7853981633974483, 1.4142135623730951
1791, 5, 310, 183, 309, 184, 1, -1, -0.7853981633974483, 1.4142135623730951
1792, 5, 311, 182, 310, 183, 1, -1, -0.7853981633974483, 1.4142135623730951
1792, 9, 298, 168, 297, 169, 1, -1, -0.7853981633974483, 1.4142135623730951
1792, 11, 306, 59, 306, 57, 0, 2, 1.5707963267948966, 2.0
1793, 4, 256, 195, 255, 196, 1, -1, -0.7853981633974483, 1.4142135623730951
1793, 9, 299, 167, 298, 168, 1, -1, -0.7853981633974483, 1.4142135623730951
1794, 4, 257, 194, 256, 195, 1, -1, -0.7853981633974483, 1.4142135623730951
1794, 9, 300, 165, 299, 167, 1, -2, -1.1071487177940904, 2.23606797749979
1795, 0, 276, 183, 275, 184, 1, -1, -0.7853981633974483, 1.4142135623730951
1795, 1, 312, 163, 311, 164, 1, -1, -0.7853981633974483, 1.4142135623730951
1795, 6, 313, 183, 312, 184, 1, -1, -0.7853981633974483, 1.4142135623730951
1796, 0, 277, 182, 276, 183, 1, -1, -0.7853981633974483, 1.4142135623730951
1796, 3, 271, 56, 270, 57, 1, -1, -0.7853981633974483, 1.4142135623730951
1796, 5, 291, 59, 290, 60, 1, -1, -0.7853981633974483, 1.4142135623730951
1797, 7, 316, 55, 315, 56, 1, -1, -0.7853981633974483, 1.4142135623730951
1798, 1, 313, 162, 312, 163, 1, -1, -0.7853981633974483, 1.4142135623730951
1798, 9, 292, 183, 291, 184, 1, -1, -0.7853981633974483, 1.4142135623730951
1798, 10, 293, 37, 292, 38, 1, -1, -0.7853981633974483, 1.4142135623730951
1799, 1, 314, 161, 313, 162, 1, -1, -0.7853981633974483, 1.4142135623730951
1799, 6, 313, 181, 312, 182, 1, -1, -0.7853981633974483, 1.4142135623730951
1799, 7, 317, 53, 316, 54, 1, -1, -0.7853981633974483, 1.4142135623730951
1800, 1, 261, 197, 260, 198, 1, -1, -0.7853981633974483, 1.4142135623730951
1800, 2, 276, 168, 275, 169, 1, -1, -0.7853981633974483, 1.4142135623730951
1800, 3, 315, 163, 314, 164, 1, -1, -0.7853981633974483, 1.4142135623730951
1800, 8, 310, 182, 307, 181, 3, 1, 0.3217505543966422, 3.1622776601683795
1801, 0, 278, 182, 277, 183, 1, -1, -0.7853981633974483, 1.4142135623730951
1801, 4, 274, 56, 273, 57, 1, -1, -0.7853981633974483, 1.4142135623730951
1801, 8, 311, 181, 310, 182, 1, -1, -0.7853981633974483, 1.4142135623730951
1801, 9, 292, 186, 291, 187, 1, -1, -0.7853981633974483, 1.4142135623730951
1802, 2, 277, 166, 276, 167, 1, -1, -0.7853981633974483, 1.4142135623730951
1802, 6, 308, 40, 307, 41, 1, -1, -0.7853981633974483, 1.4142135623730951
1802, 7, 316, 183, 315, 184, 1, -1, -0.7853981633974483, 1.4142135623730951
1802, 8, 312, 180, 311, 181, 1, -1, -0.7853981633974483, 1.4142135623730951
1803, 3, 316, 160, 315, 161, 1, -1, -0.7853981633974483, 1.4142135623730951
1803, 7, 317, 182, 316, 183, 1, -1, -0.7853981633974483, 1.4142135623730951
1804, 1, 262, 195, 261, 196, 1, -1, -0.7853981633974483, 1.4142135623730951
1805, 0, 281, 183, 280, 184, 1, -1, -0.7853981633974483, 1.4142135623730951
1805, 12, 313, 56, 312, 57, 1, -1, -0.7853981633974483, 1.4142135623730951
1806, 0, 282, 182, 281, 183, 1, -1, -0.7853981633974483, 1.4142135623730951
1806, 3, 262, 196, 261, 197, 1, -1, -0.7853981633974483, 1.4142135623730951
1806, 10, 306, 169, 305, 170, 1, -1, -0.7853981633974483, 1.4142135623730951
1807, 0, 283, 181, 282, 182, 1, -1, -0.7853981633974483, 1.4142135623730951
1807, 1, 275, 57, 274, 58, 1, -1, -0.7853981633974483, 1.4142135623730951
1807, 5, 316, 161, 315, 162, 1, -1, -0.7853981633974483, 1.4142135623730951
1807, 10, 307, 168, 306, 169, 1, -1, -0.7853981633974483, 1.4142135623730951
1809, 2, 279, 165, 278, 166, 1, -1, -0.7853981633974483, 1.4142135623730951
1809, 5, 317, 160, 316, 161, 1, -1, -0.7853981633974483, 1.4142135623730951
1809, 10, 309, 168, 307, 168, 2, 0, 0.0, 2.0
1811, 0, 284, 182, 283, 183, 1, -1, -0.7853981633974483, 1.4142135623730951
1811, 3, 299, 59, 298, 60, 1, -1, -0.7853981633974483, 1.4142135623730951
1811, 4, 265, 197, 264, 198, 1, -1, -0.7853981633974483, 1.4142135623730951
1812, 0, 285, 181, 284, 182, 1, -1, -0.7853981633974483, 1.4142135623730951
1812, 5, 300, 184, 299, 185, 1, -1, -0.7853981633974483, 1.4142135623730951
1812, 6, 309, 179, 311, 180, -2, -1, -2.677945044588987, 2.23606797749979
1813, 7, 284, 195, 283, 196, 1, -1, -0.7853981633974483, 1.4142135623730951
1813, 8, 309, 168, 308, 169, 1, -1, -0.7853981633974483, 1.4142135623730951
1814, 6, 310, 177, 309, 178, 1, -1, -0.7853981633974483, 1.4142135623730951
1815, 0, 285, 182, 284, 183, 1, -1, -0.7853981633974483, 1.4142135623730951
1815, 3, 281, 56, 280, 57, 1, -1, -0.7853981633974483, 1.4142135623730951
1815, 4, 301, 59, 300, 60, 1, -1, -0.7853981633974483, 1.4142135623730951
1815, 5, 303, 186, 301, 187, 2, -1, -0.4636476090008061, 2.23606797749979
1816, 1, 285, 165, 284, 166, 1, -1, -0.7853981633974483, 1.4142135623730951
1816, 3, 282, 55, 281, 56, 1, -1, -0.7853981633974483, 1.4142135623730951
1816, 4, 302, 58, 301, 59, 1, -1, -0.7853981633974483, 1.4142135623730951
1817, 3, 283, 54, 282, 55, 1, -1, -0.7853981633974483, 1.4142135623730951
1817, 4, 303, 57, 302, 58, 1, -1, -0.7853981633974483, 1.4142135623730951
1817, 8, 310, 167, 309, 168, 1, -1, -0.7853981633974483, 1.4142135623730951
1817, 10, 286, 196, 285, 197, 1, -1, -0.7853981633974483, 1.4142135623730951
1818, 10, 287, 195, 286, 196, 1, -1, -0.7853981633974483, 1.4142135623730951
1819, 0, 286, 179, 285, 180, 1, -1, -0.7853981633974483, 1.4142135623730951
1819, 1, 289, 162, 285, 163, 4, -1, -0.24497866312686414, 4.123105625617661
1819, 9, 314, 198, 313, 199, 1, -1, -0.7853981633974483, 1.4142135623730951
1820, 3, 270, 196, 269, 197, 1, -1, -0.7853981633974483, 1.4142135623730951
1820, 5, 311, 73, 309, 74, 2, -1, -0.4636476090008061, 2.23606797749979
1821, 0, 288, 182, 287, 183, 1, -1, -0.7853981633974483, 1.4142135623730951
1821, 6, 311, 196, 310, 197, 1, -1, -0.7853981633974483, 1.4142135623730951
1823, 2, 283, 54, 282, 55, 1, -1, -0.7853981633974483, 1.4142135623730951
1823, 3, 271, 194, 270, 195, 1, -1, -0.7853981633974483, 1.4142135623730951
1823, 4, 305, 56, 304, 57, 1, -1, -0.7853981633974483, 1.4142135623730951
1824, 0, 289, 179, 288, 180, 1, -1, -0.7853981633974483, 1.4142135623730951
1824, 8, 295, 184, 294, 185, 1, -1, -0.7853981633974483, 1.4142135623730951
1825, 3, 273, 196, 272, 197, 1, -1, -0.7853981633974483, 1.4142135623730951
1828, 6, 316, 167, 315, 168, 1, -1, -0.7853981633974483, 1.4142135623730951
1830, 3, 294, 166, 293, 167, 1, -1, -0.7853981633974483, 1.4142135623730951
1831, 0, 293, 181, 292, 182, 1, -1, -0.7853981633974483, 1.4142135623730951
1833, 3, 296, 164, 295, 165, 1, -1, -0.7853981633974483, 1.4142135623730951
1835, 0, 296, 182, 295, 183, 1, -1, -0.7853981633974483, 1.4142135623730951
1835, 2, 277, 196, 276, 197, 1, -1, -0.7853981633974483, 1.4142135623730951
1835, 3, 291, 56, 290, 57, 1, -1, -0.7853981633974483, 1.4142135623730951
1835, 4, 312, 60, 311, 61, 1, -1, -0.7853981633974483, 1.4142135623730951
1836, 0, 297, 181, 296, 182, 1, -1, -0.7853981633974483, 1.4142135623730951
1836, 3, 292, 55, 291, 56, 1, -1, -0.7853981633974483, 1.4142135623730951
1838, 5, 314, 185, 313, 186, 1, -1, -0.7853981633974483, 1.4142135623730951
1839, 0, 299, 179, 298, 180, 1, -1, -0.7853981633974483, 1.4142135623730951
1839, 2, 279, 194, 278, 195, 1, -1, -0.7853981633974483, 1.4142135623730951
1839, 4, 314, 58, 313, 59, 1, -1, -0.7853981633974483, 1.4142135623730951
1840, 3, 280, 196, 279, 197, 1, -1, -0.7853981633974483, 1.4142135623730951
1841, 1, 303, 164, 300, 165, 3, -1, -0.3217505543966422, 3.1622776601683795
1841, 3, 281, 195, 280, 196, 1, -1, -0.7853981633974483, 1.4142135623730951
1841, 6, 313, 185, 312, 186, 1, -1, -0.7853981633974483, 1.4142135623730951
1844, 5, 285, 56, 284, 57, 1, -1, -0.7853981633974483, 1.4142135623730951
1846, 0, 301, 181, 300, 182, 1, -1, -0.7853981633974483, 1.4142135623730951
1846, 5, 315, 185, 314, 186, 1, -1, -0.7853981633974483, 1.4142135623730951
1847, 1, 303, 163, 302, 164, 1, -1, -0.7853981633974483, 1.4142135623730951
1847, 4, 318, 60, 317, 61, 1, -1, -0.7853981633974483, 1.4142135623730951
1847, 5, 316, 184, 315, 185, 1, -1, -0.7853981633974483, 1.4142135623730951
1847, 6, 317, 38, 316, 39, 1, -1, -0.7853981633974483, 1.4142135623730951
1848, 0, 302, 179, 301, 180, 1, -1, -0.7853981633974483, 1.4142135623730951
1849, 1, 304, 161, 303, 162, 1, -1, -0.7853981633974483, 1.4142135623730951
1850, 2, 306, 164, 305, 165, 1, -1, -0.7853981633974483, 1.4142135623730951
1850, 3, 298, 56, 297, 57, 1, -1, -0.7853981633974483, 1.4142135623730951
1850, 5, 316, 184, 315, 185, 1, -1, -0.7853981633974483, 1.4142135623730951
1852, 2, 308, 163, 307, 164, 1, -1, -0.7853981633974483, 1.4142135623730951
1852, 5, 317, 182, 316, 183, 1, -1, -0.7853981633974483, 1.4142135623730951
1853, 3, 299, 53, 298, 54, 1, -1, -0.7853981633974483, 1.4142135623730951
1854, 3, 300, 52, 299, 53, 1, -1, -0.7853981633974483, 1.4142135623730951
1859, 2, 301, 53, 300, 54, 1, -1, -0.7853981633974483, 1.4142135623730951
1859, 3, 290, 195, 289, 196, 1, -1, -0.7853981633974483, 1.4142135623730951
1860, 3, 304, 55, 303, 56, 1, -1, -0.7853981633974483, 1.4142135623730951
1863, 1, 290, 194, 289, 195, 1, -1, -0.7853981633974483, 1.4142135623730951
1863, 3, 296, 58, 295, 59, 1, -1, -0.7853981633974483, 1.4142135623730951
1864, 0, 311, 181, 310, 182, 1, -1, -0.7853981633974483, 1.4142135623730951
1865, 1, 315, 163, 314, 164, 1, -1, -0.7853981633974483, 1.4142135623730951
1866, 0, 311, 181, 310, 182, 1, -1, -0.7853981633974483, 1.4142135623730951
1867, 1, 316, 161, 315, 162, 1, -1, -0.7853981633974483, 1.4142135623730951
1868, 0, 313, 180, 312, 181, 1, -1, -0.7853981633974483, 1.4142135623730951
1868, 2, 292, 195, 291, 196, 1, -1, -0.7853981633974483, 1.4142135623730951
1870, 3, 295, 196, 294, 197, 1, -1, -0.7853981633974483, 1.4142135623730951
1873, 0, 314, 180, 313, 181, 1, -1, -0.7853981633974483, 1.4142135623730951
1873, 1, 317, 162, 316, 163, 1, -1, -0.7853981633974483, 1.4142135623730951
1875, 0, 317, 181, 316, 182, 1, -1, -0.7853981633974483, 1.4142135623730951
1878, 0, 319, 180, 318, 181, 1, -1, -0.7853981633974483, 1.4142135623730951
1880, 0, 318, 180, 317, 181, 1, -1, -0.7853981633974483, 1.4142135623730951
1881, 1, 314, 55, 313, 56, 1, -1, -0.7853981633974483, 1.4142135623730951
1883, 0, 300, 195, 299, 196, 1, -1, -0.7853981633974483, 1.4142135623730951
1886, 2, 303, 195, 302, 196, 1, -1, -0.7853981633974483, 1.4142135623730951
1886, 3, 308, 58, 306, 58, 2, 0, 0.0, 2.0
1887, 2, 305, 195, 303, 195, 2, 0, 0.0, 2.0
1895, 0, 305, 195, 304, 196, 1, -1, -0.7853981633974483, 1.4142135623730951
1896, 0, 306, 194, 305, 195, 1, -1, -0.7853981633974483, 1.4142135623730951
1899, 0, 308, 193, 307, 194, 1, -1, -0.7853981633974483, 1.4142135623730951
1900, 0, 310, 196, 309, 197, 1, -1, -0.7853981633974483, 1.4142135623730951
1903, 1, 318, 55, 317, 56, 1, -1, -0.7853981633974483, 1.4142135623730951
1913, 0, 316, 195, 315, 196, 1, -1, -0.7853981633974483, 1.4142135623730951
1914, 0, 317, 194, 316, 195, 1, -1, -0.7853981633974483, 1.4142135623730951
1916, 0, 317, 196, 316, 197, 1, -1, -0.7853981633974483, 1.4142135623730951
1924, 0, 319, 193, 318, 194, 1, -1, -0.7853981633974483, 1.4142135623730951
1933, 0, 318, 198, 319, 197, -1, 1, 2.356194490192345, 1.4142135623730951
