frame,i,x1,y1,x2,y2,x,y,angle,size
8, 5, 62, 305, 61, 306, 1, -1, -0.7853981633974483, 1.4142135623730951
25, 15, 6, 187, 8, 188, -2, -1, -2.677945044588987, 2.23606797749979
26, 14, 3, 186, 6, 187, -3, -1, -2.819842099193151, 3.1622776601683795
28, 13, 2, 187, 3, 186, -1, 1, 2.356194490192345, 1.4142135623730951
40, 6, 37, 356, 38, 355, -1, 1, 2.356194490192345, 1.4142135623730951
74, 0, 62, 161, 59, 162, 3, -1, -0.3217505543966422, 3.1622776601683795
74, 1, 64, 358, 69, 361, -5, -3, -2.601173153319209, 5.830951894845301
74, 2, 24, 302, 25, 301, -1, 1, 2.356194490192345, 1.4142135623730951
74, 3, 34, 110, 34, 113, 0, -3, -1.5707963267948966, 3.0
74, 4, 35, 200, 41, 201, -6, -1, -2.976443976175166, 6.082762530298219
74, 5, 10, 75, 11, 77, -1, -2, -2.0344439357957027, 2.23606797749979
74, 6, 6, 327, 7, 331, -1, -4, -1.8157749899217608, 4.123105625617661
74, 7, 88, 229, 85, 234, 3, -5, -1.0303768265243125, 5.830951894845301
74, 8, 1, 139, 4, 141, -3, -2, -2.5535900500422257, 3.605551275463989
74, 9, 69, 227, 71, 228, -2, -1, -2.677945044588987, 2.23606797749979
74, 10, 18, 358, 20, 359, -2, -1, -2.677945044588987, 2.23606797749979
74, 11, 46, 383, 48, 384, -2, -1, -2.677945044588987, 2.23606797749979
74, 13, 31, 177, 28, 175, 3, 2, 0.5880026035475675, 3.605551275463989
74, 14, 27, 87, 26, 86, 1, 1, 0.7853981633974483, 1.4142135623730951
75, 0, 71, 362, 68, 360, 3, 2, 0.5880026035475675, 3.605551275463989
75, 1, 52, 284, 56, 283, -4, 1, 2.896613990462929, 4.123105625617661
75, 3, 32, 116, 34, 115, -2, 1, 2.677945044588987, 2.23606797749979
75, 4, 46, 387, 45, 386, 1, 1, 0.7853981633974483, 1.4142135623730951
75, 5, 54, 329, 52, 327, 2, 2, 0.7853981633974483, 2.8284271247461903
75, 6, 87, 235, 87, 232, 0, 3, 1.5707963267948966, 3.0
75, 7, 47, 256, 47, 254, 0, 2, 1.5707963267948966, 2.0
75, 8, 70, 315, 65, 313, 5, 2, 0.3805063771123649, 5.385164807134504
75, 9, 32, 241, 31, 239, 1, 2, 1.1071487177940904, 2.23606797749979
75, 11, 9, 213, 4, 216, 5, -3, -0.5404195002705842, 5.830951894845301
75, 12, 22, 304, 25, 303, -3, 1, 2.819842099193151, 3.1622776601683795
75, 13, 71, 165, 72, 163, -1, 2, 2.0344439357957027, 2.23606797749979
75, 14, 55, 87, 53, 87, 2, 0, 0.0, 2.0
75, 15, 43, 202, 38, 203, 5, -1, -0.19739555984988075, 5.0990195135927845
75, 17, 33, 355, 35, 353, -2, 2, 2.356194490192345, 2.8284271247461903
75, 19, 18, 109, 20, 109, -2, 0, 3.141592653589793, 2.0
75, 20, 39, 124, 40, 120, -1, 4, 1.8157749899217608, 4.123105625617661
75, 21, 3, 186, 7, 186, -4, 0, 3.141592653589793, 4.0
75, 22, 22, 399, 23, 397, -1, 2, 2.0344439357957027, 2.23606797749979
76, 0, 72, 359, 71, 362, 1, -3, -1.2490457723982544, 3.1622776601683795
76, 7, 73, 317, 70, 315, 3, 2, 0.5880026035475675, 3.605551275463989
77, 3, 49, 384, 46, 386, 3, -2, -0.5880026035475675, 3.605551275463989
77, 11, 72, 162, 71, 165, 1, -3, -1.2490457723982544, 3.1622776601683795
77, 15, 36, 121, 39, 124, -3, -3, -2.356194490192345, 4.242640687119285
78, 1, 13, 74, 11, 74, 2, 0, 0.0, 2.0
78, 5, 49, 254, 48, 255, 1, -1, -0.7853981633974483, 1.4142135623730951
78, 7, 30, 240, 32, 239, -2, 1, 2.677945044588987, 2.23606797749979
80, 3, 76, 313, 75, 314, 1, -1, -0.7853981633974483, 1.4142135623730951
80, 9, 55, 284, 54, 285, 1, -1, -0.7853981633974483, 1.4142135623730951
80, 16, 23, 357, 22, 358, 1, -1, -0.7853981633974483, 1.4142135623730951
80, 17, 4, 190, 6, 190, -2, 0, 3.141592653589793, 2.0
80, 18, 72, 166, 71, 167, 1, -1, -0.7853981633974483, 1.4142135623730951
80, 19, 10, 365, 12, 365, -2, 0, 3.141592653589793, 2.0
80, 21, 86, 228, 83, 230, 3, -2, -0.5880026035475675, 3.605551275463989
80, 29, 8, 327, 10, 327, -2, 0, 3.141592653589793, 2.0
80, 30, 25, 298, 23, 300, 2, -2, -0.7853981633974483, 2.8284271247461903
81, 3, 77, 312, 76, 313, 1, -1, -0.7853981633974483, 1.4142135623730951
81, 5, 49, 280, 47, 280, 2, 0, 0.0, 2.0
81, 9, 57, 283, 55, 284, 2, -1, -0.4636476090008061, 2.23606797749979
81, 21, 87, 227, 86, 228, 1, -1, -0.7853981633974483, 1.4142135623730951
81, 24, 43, 169, 42, 170, 1, -1, -0.7853981633974483, 1.4142135623730951
81, 28, 63, 123, 62, 124, 1, -1, -0.7853981633974483, 1.4142135623730951
81, 29, 6, 326, 8, 327, -2, -1, -2.677945044588987, 2.23606797749979
81, 30, 28, 298, 25, 298, 3, 0, 0.0, 3.0
82, 5, 51, 280, 49, 280, 2, 0, 0.0, 2.0
82, 8, 89, 230, 91, 230, -2, 0, 3.141592653589793, 2.0
82, 9, 58, 282, 57, 283, 1, -1, -0.7853981633974483, 1.4142135623730951
82, 14, 27, 168, 26, 169, 1, -1, -0.7853981633974483, 1.4142135623730951
82, 17, 73, 164, 72, 165, 1, -1, -0.7853981633974483, 1.4142135623730951
82, 18, 7, 365, 9, 365, -2, 0, 3.141592653589793, 2.0
82, 19, 64, 159, 63, 160, 1, -1, -0.7853981633974483, 1.4142135623730951
82, 27, 64, 122, 63, 123, 1, -1, -0.7853981633974483, 1.4142135623730951
82, 28, 30, 299, 28, 298, 2, 1, 0.4636476090008061, 2.23606797749979
83, 4, 78, 303, 76, 303, 2, 0, 0.0, 2.0
83, 5, 53, 280, 51, 280, 2, 0, 0.0, 2.0
83, 9, 59, 280, 58, 282, 1, -2, -1.1071487177940904, 2.23606797749979
83, 14, 28, 167, 27, 168, 1, -1, -0.7853981633974483, 1.4142135623730951
83, 17, 74, 163, 73, 164, 1, -1, -0.7853981633974483, 1.4142135623730951
83, 18, 65, 158, 64, 159, 1, -1, -0.7853981633974483, 1.4142135623730951
83, 26, 65, 121, 64, 122, 1, -1, -0.7853981633974483, 1.4142135623730951
83, 28, 65, 85, 64, 86, 1, -1, -0.7853981633974483, 1.4142135623730951
83, 29, 21, 211, 19, 212, 2, -1, -0.4636476090008061, 2.23606797749979
84, 4, 80, 303, 78, 303, 2, 0, 0.0, 2.0
84, 5, 56, 281, 53, 280, 3, 1, 0.3217505543966422, 3.1622776601683795
84, 9, 62, 279, 59, 280, 3, -1, -0.3217505543966422, 3.1622776601683795
84, 10, 40, 115, 43, 115, -3, 0, 3.141592653589793, 3.0
84, 15, 39, 116, 38, 115, 1, 1, 0.7853981633974483, 1.4142135623730951
84, 17, 75, 162, 74, 163, 1, -1, -0.7853981633974483, 1.4142135623730951
84, 19, 91, 226, 89, 227, 2, -1, -0.4636476090008061, 2.23606797749979
84, 20, 53, 381, 52, 382, 1, -1, -0.7853981633974483, 1.4142135623730951
84, 26, 66, 120, 65, 121, 1, -1, -0.7853981633974483, 1.4142135623730951
84, 27, 33, 297, 31, 299, 2, -2, -0.7853981633974483, 2.8284271247461903
84, 29, 23, 210, 21, 211, 2, -1, -0.4636476090008061, 2.23606797749979
85, 1, 12, 403, 11, 404, 1, -1, -0.7853981633974483, 1.4142135623730951
85, 3, 29, 299, 27, 298, 2, 1, 0.4636476090008061, 2.23606797749979
85, 4, 91, 227, 90, 228, 1, -1, -0.7853981633974483, 1.4142135623730951
85, 5, 80, 307, 78, 306, 2, 1, 0.4636476090008061, 2.23606797749979
85, 9, 41, 352, 38, 353, 3, -1, -0.3217505543966422, 3.1622776601683795
85, 11, 74, 314, 73, 315, 1, -1, -0.7853981633974483, 1.4142135623730951
85, 20, 21, 212, 20, 214, 1, -2, -1.1071487177940904, 2.23606797749979
85, 21, 78, 227, 77, 228, 1, -1, -0.7853981633974483, 1.4142135623730951
85, 23, 34, 175, 33, 176, 1, -1, -0.7853981633974483, 1.4142135623730951
85, 26, 41, 174, 40, 175, 1, -1, -0.7853981633974483, 1.4142135623730951
86, 0, 11, 209, 10, 211, 1, -2, -1.1071487177940904, 2.23606797749979
86, 1, 13, 402, 12, 403, 1, -1, -0.7853981633974483, 1.4142135623730951
86, 3, 33, 299, 29, 299, 4, 0, 0.0, 4.0
86, 4, 92, 226, 91, 227, 1, -1, -0.7853981633974483, 1.4142135623730951
86, 5, 82, 307, 80, 307, 2, 0, 0.0, 2.0
86, 7, 48, 198, 47, 199, 1, -1, -0.7853981633974483, 1.4142135623730951
86, 9, 44, 352, 41, 352, 3, 0, 0.0, 3.0
86, 10, 29, 169, 28, 170, 1, -1, -0.7853981633974483, 1.4142135623730951
86, 12, 36, 84, 35, 85, 1, -1, -0.7853981633974483, 1.4142135623730951
86, 20, 22, 210, 21, 212, 1, -2, -1.1071487177940904, 2.23606797749979
86, 21, 79, 225, 78, 227, 1, -2, -1.1071487177940904, 2.23606797749979
86, 23, 35, 174, 34, 175, 1, -1, -0.7853981633974483, 1.4142135623730951
87, 0, 12, 208, 11, 209, 1, -1, -0.7853981633974483, 1.4142135623730951
87, 1, 14, 401, 13, 402, 1, -1, -0.7853981633974483, 1.4142135623730951
87, 3, 35, 299, 33, 299, 2, 0, 0.0, 2.0
87, 4, 94, 224, 92, 226, 2, -2, -0.7853981633974483, 2.8284271247461903
87, 7, 49, 197, 48, 198, 1, -1, -0.7853981633974483, 1.4142135623730951
87, 9, 47, 352, 44, 352, 3, 0, 0.0, 3.0
87, 10, 31, 168, 29, 169, 2, -1, -0.4636476090008061, 2.23606797749979
87, 18, 32, 144, 31, 145, 1, -1, -0.7853981633974483, 1.4142135623730951
87, 20, 24, 209, 22, 210, 2, -1, -0.4636476090008061, 2.23606797749979
87, 21, 80, 224, 79, 225, 1, -1, -0.7853981633974483, 1.4142135623730951
87, 23, 36, 173, 35, 174, 1, -1, -0.7853981633974483, 1.4142135623730951
87, 25, 67, 160, 66, 161, 1, -1, -0.7853981633974483, 1.4142135623730951
88, 1, 15, 400, 14, 401, 1, -1, -0.7853981633974483, 1.4142135623730951
88, 3, 36, 300, 35, 299, 1, 1, 0.7853981633974483, 1.4142135623730951
88, 4, 95, 223, 94, 224, 1, -1, -0.7853981633974483, 1.4142135623730951
88, 5, 86, 307, 83, 307, 3, 0, 0.0, 3.0
88, 6, 61, 287, 59, 286, 2, 1, 0.4636476090008061, 2.23606797749979
88, 7, 50, 196, 49, 197, 1, -1, -0.7853981633974483, 1.4142135623730951
88, 8, 41, 116, 40, 117, 1, -1, -0.7853981633974483, 1.4142135623730951
88, 9, 51, 352, 47, 352, 4, 0, 0.0, 4.0
88, 10, 32, 167, 31, 168, 1, -1, -0.7853981633974483, 1.4142135623730951
88, 18, 34, 144, 32, 144, 2, 0, 0.0, 2.0
88, 20, 27, 207, 24, 209, 3, -2, -0.5880026035475675, 3.605551275463989
88, 21, 81, 223, 80, 224, 1, -1, -0.7853981633974483, 1.4142135623730951
88, 25, 68, 159, 67, 160, 1, -1, -0.7853981633974483, 1.4142135623730951
89, 0, 12, 205, 12, 207, 0, -2, -1.5707963267948966, 2.0
89, 4, 96, 222, 95, 223, 1, -1, -0.7853981633974483, 1.4142135623730951
89, 5, 87, 306, 86, 307, 1, -1, -0.7853981633974483, 1.4142135623730951
89, 6, 62, 288, 61, 287, 1, 1, 0.7853981633974483, 1.4142135623730951
89, 7, 51, 194, 50, 196, 1, -2, -1.1071487177940904, 2.23606797749979
89, 8, 42, 115, 41, 116, 1, -1, -0.7853981633974483, 1.4142135623730951
89, 9, 53, 352, 51, 352, 2, 0, 0.0, 2.0
89, 10, 33, 166, 32, 167, 1, -1, -0.7853981633974483, 1.4142135623730951
89, 11, 77, 314, 75, 314, 2, 0, 0.0, 2.0
89, 16, 33, 363, 31, 363, 2, 0, 0.0, 2.0
89, 19, 18, 306, 17, 307, 1, -1, -0.7853981633974483, 1.4142135623730951
89, 20, 30, 206, 27, 207, 3, -1, -0.3217505543966422, 3.1622776601683795
89, 23, 37, 171, 36, 172, 1, -1, -0.7853981633974483, 1.4142135623730951
89, 28, 74, 122, 73, 123, 1, -1, -0.7853981633974483, 1.4142135623730951
90, 0, 14, 210, 12, 211, 2, -1, -0.4636476090008061, 2.23606797749979
90, 1, 16, 403, 15, 404, 1, -1, -0.7853981633974483, 1.4142135623730951
90, 4, 27, 210, 26, 211, 1, -1, -0.7853981633974483, 1.4142135623730951
90, 6, 82, 360, 80, 361, 2, -1, -0.4636476090008061, 2.23606797749979
90, 9, 79, 311, 77, 311, 2, 0, 0.0, 2.0
90, 11, 62, 335, 61, 336, 1, -1, -0.7853981633974483, 1.4142135623730951
90, 12, 46, 172, 45, 173, 1, -1, -0.7853981633974483, 1.4142135623730951
90, 15, 55, 334, 54, 335, 1, -1, -0.7853981633974483, 1.4142135623730951
90, 19, 82, 225, 81, 226, 1, -1, -0.7853981633974483, 1.4142135623730951
90, 21, 83, 165, 82, 166, 1, -1, -0.7853981633974483, 1.4142135623730951
90, 24, 67, 85, 66, 86, 1, -1, -0.7853981633974483, 1.4142135623730951
90, 27, 21, 368, 20, 369, 1, -1, -0.7853981633974483, 1.4142135623730951
90, 28, 62, 256, 60, 256, 2, 0, 0.0, 2.0
90, 29, 53, 352, 51, 351, 2, 1, 0.4636476090008061, 2.23606797749979
90, 30, 18, 331, 17, 332, 1, -1, -0.7853981633974483, 1.4142135623730951
90, 31, 38, 166, 37, 167, 1, -1, -0.7853981633974483, 1.4142135623730951
91, 0, 15, 208, 14, 210, 1, -2, -1.1071487177940904, 2.23606797749979
91, 1, 17, 402, 16, 403, 1, -1, -0.7853981633974483, 1.4142135623730951
91, 2, 24, 74, 23, 75, 1, -1, -0.7853981633974483, 1.4142135623730951
91, 4, 26, 208, 27, 210, -1, -2, -2.0344439357957027, 2.23606797749979
91, 5, 51, 198, 50, 199, 1, -1, -0.7853981633974483, 1.4142135623730951
91, 6, 83, 359, 82, 360, 1, -1, -0.7853981633974483, 1.4142135623730951
91, 19, 83, 223, 82, 225, 1, -2, -1.1071487177940904, 2.23606797749979
91, 21, 84, 164, 83, 165, 1, -1, -0.7853981633974483, 1.4142135623730951
91, 24, 67, 83, 67, 85, 0, -2, -1.5707963267948966, 2.0
91, 25, 75, 123, 74, 124, 1, -1, -0.7853981633974483, 1.4142135623730951
91, 27, 22, 367, 21, 368, 1, -1, -0.7853981633974483, 1.4142135623730951
91, 28, 63, 257, 62, 256, 1, 1, 0.7853981633974483, 1.4142135623730951
91, 30, 19, 330, 18, 331, 1, -1, -0.7853981633974483, 1.4142135623730951
91, 31, 40, 166, 38, 166, 2, 0, 0.0, 2.0
92, 0, 16, 207, 15, 208, 1, -1, -0.7853981633974483, 1.4142135623730951
92, 1, 18, 401, 17, 402, 1, -1, -0.7853981633974483, 1.4142135623730951
92, 2, 25, 73, 24, 74, 1, -1, -0.7853981633974483, 1.4142135623730951
92, 3, 90, 230, 88, 231, 2, -1, -0.4636476090008061, 2.23606797749979
92, 4, 27, 207, 26, 208, 1, -1, -0.7853981633974483, 1.4142135623730951
92, 5, 52, 197, 51, 198, 1, -1, -0.7853981633974483, 1.4142135623730951
92, 6, 86, 359, 83, 359, 3, 0, 0.0, 3.0
92, 8, 37, 362, 35, 363, 2, -1, -0.4636476090008061, 2.23606797749979
92, 9, 82, 311, 80, 311, 2, 0, 0.0, 2.0
92, 18, 95, 314, 93, 314, 2, 0, 0.0, 2.0
92, 19, 84, 222, 83, 223, 1, -1, -0.7853981633974483, 1.4142135623730951
92, 21, 85, 163, 84, 164, 1, -1, -0.7853981633974483, 1.4142135623730951
92, 24, 69, 83, 67, 83, 2, 0, 0.0, 2.0
92, 25, 76, 122, 75, 123, 1, -1, -0.7853981633974483, 1.4142135623730951
92, 27, 23, 366, 22, 367, 1, -1, -0.7853981633974483, 1.4142135623730951
92, 31, 41, 165, 40, 166, 1, -1, -0.7853981633974483, 1.4142135623730951
93, 0, 17, 205, 16, 207, 1, -2, -1.1071487177940904, 2.23606797749979
93, 1, 20, 400, 18, 401, 2, -1, -0.4636476090008061, 2.23606797749979
93, 2, 26, 72, 25, 73, 1, -1, -0.7853981633974483, 1.4142135623730951
93, 3, 92, 229, 90, 230, 2, -1, -0.4636476090008061, 2.23606797749979
93, 4, 29, 206, 27, 207, 2, -1, -0.4636476090008061, 2.23606797749979
93, 6, 88, 359, 86, 359, 2, 0, 0.0, 2.0
93, 8, 40, 361, 37, 362, 3, -1, -0.3217505543966422, 3.1622776601683795
93, 10, 26, 308, 24, 308, 2, 0, 0.0, 2.0
93, 11, 65, 335, 63, 335, 2, 0, 0.0, 2.0
93, 12, 47, 169, 46, 170, 1, -1, -0.7853981633974483, 1.4142135623730951
93, 19, 85, 220, 84, 222, 1, -2, -1.1071487177940904, 2.23606797749979
93, 20, 61, 383, 59, 384, 2, -1, -0.4636476090008061, 2.23606797749979
93, 21, 87, 162, 85, 163, 2, -1, -0.4636476090008061, 2.23606797749979
93, 24, 70, 82, 69, 83, 1, -1, -0.7853981633974483, 1.4142135623730951
93, 28, 65, 258, 64, 257, 1, 1, 0.7853981633974483, 1.4142135623730951
93, 30, 20, 328, 19, 329, 1, -1, -0.7853981633974483, 1.4142135623730951
93, 31, 43, 165, 41, 165, 2, 0, 0.0, 2.0
93, 32, 10, 366, 8, 367, 2, -1, -0.4636476090008061, 2.23606797749979
94, 1, 22, 399, 20, 400, 2, -1, -0.4636476090008061, 2.23606797749979
94, 2, 28, 71, 26, 72, 2, -1, -0.4636476090008061, 2.23606797749979
94, 3, 95, 226, 92, 229, 3, -3, -0.7853981633974483, 4.242640687119285
94, 4, 29, 204, 29, 206, 0, -2, -1.5707963267948966, 2.0
94, 5, 54, 195, 52, 196, 2, -1, -0.4636476090008061, 2.23606797749979
94, 6, 90, 358, 88, 359, 2, -1, -0.4636476090008061, 2.23606797749979
94, 8, 43, 360, 40, 361, 3, -1, -0.3217505543966422, 3.1622776601683795
94, 9, 84, 312, 83, 311, 1, 1, 0.7853981633974483, 1.4142135623730951
94, 10, 28, 308, 26, 308, 2, 0, 0.0, 2.0
94, 13, 55, 292, 53, 292, 2, 0, 0.0, 2.0
94, 19, 86, 219, 85, 220, 1, -1, -0.7853981633974483, 1.4142135623730951
94, 21, 88, 160, 87, 162, 1, -2, -1.1071487177940904, 2.23606797749979
94, 23, 72, 81, 70, 82, 2, -1, -0.4636476090008061, 2.23606797749979
94, 26, 66, 259, 65, 258, 1, 1, 0.7853981633974483, 1.4142135623730951
94, 28, 21, 327, 20, 328, 1, -1, -0.7853981633974483, 1.4142135623730951
94, 29, 45, 165, 43, 165, 2, 0, 0.0, 2.0
94, 30, 12, 364, 10, 366, 2, -2, -0.7853981633974483, 2.8284271247461903
95, 0, 18, 206, 17, 208, 1, -2, -1.1071487177940904, 2.23606797749979
95, 1, 28, 74, 27, 75, 1, -1, -0.7853981633974483, 1.4142135623730951
95, 2, 22, 403, 20, 404, 2, -1, -0.4636476090008061, 2.23606797749979
95, 4, 87, 360, 86, 361, 1, -1, -0.7853981633974483, 1.4142135623730951
95, 5, 93, 230, 92, 232, 1, -2, -1.1071487177940904, 2.23606797749979
95, 6, 54, 197, 53, 199, 1, -2, -1.1071487177940904, 2.23606797749979
95, 7, 88, 316, 86, 316, 2, 0, 0.0, 2.0
95, 8, 6, 272, 4, 272, 2, 0, 0.0, 2.0
95, 12, 21, 307, 19, 307, 2, 0, 0.0, 2.0
95, 13, 46, 170, 45, 171, 1, -1, -0.7853981633974483, 1.4142135623730951
95, 14, 56, 286, 54, 285, 2, 1, 0.4636476090008061, 2.23606797749979
95, 16, 56, 170, 55, 171, 1, -1, -0.7853981633974483, 1.4142135623730951
95, 20, 37, 362, 36, 363, 1, -1, -0.7853981633974483, 1.4142135623730951
95, 21, 51, 293, 49, 293, 2, 0, 0.0, 2.0
95, 22, 79, 160, 78, 161, 1, -1, -0.7853981633974483, 1.4142135623730951
95, 23, 86, 164, 85, 165, 1, -1, -0.7853981633974483, 1.4142135623730951
95, 24, 16, 187, 15, 188, 1, -1, -0.7853981633974483, 1.4142135623730951
95, 26, 63, 383, 62, 384, 1, -1, -0.7853981633974483, 1.4142135623730951
95, 27, 100, 226, 97, 226, 3, 0, 0.0, 3.0
95, 28, 22, 139, 21, 140, 1, -1, -0.7853981633974483, 1.4142135623730951
95, 30, 87, 222, 86, 224, 1, -2, -1.1071487177940904, 2.23606797749979
95, 31, 34, 308, 31, 308, 3, 0, 0.0, 3.0
95, 33, 71, 84, 70, 85, 1, -1, -0.7853981633974483, 1.4142135623730951
95, 34, 33, 206, 32, 207, 1, -1, -0.7853981633974483, 1.4142135623730951
96, 0, 19, 205, 18, 206, 1, -1, -0.7853981633974483, 1.4142135623730951
96, 1, 29, 73, 28, 74, 1, -1, -0.7853981633974483, 1.4142135623730951
96, 2, 23, 402, 22, 403, 1, -1, -0.7853981633974483, 1.4142135623730951
96, 3, 49, 117, 47, 118, 2, -1, -0.4636476090008061, 2.23606797749979
96, 4, 89, 359, 87, 360, 2, -1, -0.4636476090008061, 2.23606797749979
96, 5, 95, 229, 93, 230, 2, -1, -0.4636476090008061, 2.23606797749979
96, 6, 56, 196, 54, 197, 2, -1, -0.4636476090008061, 2.23606797749979
96, 13, 48, 169, 46, 170, 2, -1, -0.4636476090008061, 2.23606797749979
96, 14, 59, 286, 56, 286, 3, 0, 0.0, 3.0
96, 16, 58, 168, 56, 170, 2, -2, -0.7853981633974483, 2.8284271247461903
96, 17, 62, 262, 60, 261, 2, 1, 0.4636476090008061, 2.23606797749979
96, 21, 80, 159, 79, 160, 1, -1, -0.7853981633974483, 1.4142135623730951
96, 22, 87, 163, 86, 164, 1, -1, -0.7853981633974483, 1.4142135623730951
96, 23, 16, 185, 16, 187, 0, -2, -1.5707963267948966, 2.0
96, 24, 7, 116, 6, 117, 1, -1, -0.7853981633974483, 1.4142135623730951
96, 25, 64, 382, 63, 383, 1, -1, -0.7853981633974483, 1.4142135623730951
96, 26, 101, 225, 100, 226, 1, -1, -0.7853981633974483, 1.4142135623730951
96, 27, 23, 137, 22, 139, 1, -2, -1.1071487177940904, 2.23606797749979
96, 29, 88, 221, 87, 222, 1, -1, -0.7853981633974483, 1.4142135623730951
96, 30, 36, 307, 34, 308, 2, -1, -0.4636476090008061, 2.23606797749979
96, 32, 72, 83, 71, 84, 1, -1, -0.7853981633974483, 1.4142135623730951
97, 0, 20, 204, 19, 205, 1, -1, -0.7853981633974483, 1.4142135623730951
97, 1, 30, 72, 29, 73, 1, -1, -0.7853981633974483, 1.4142135623730951
97, 3, 51, 117, 49, 117, 2, 0, 0.0, 2.0
97, 4, 90, 358, 89, 359, 1, -1, -0.7853981633974483, 1.4142135623730951
97, 5, 94, 227, 95, 229, -1, -2, -2.0344439357957027, 2.23606797749979
97, 6, 57, 195, 56, 196, 1, -1, -0.7853981633974483, 1.4142135623730951
97, 7, 91, 316, 89, 316, 2, 0, 0.0, 2.0
97, 12, 23, 307, 21, 307, 2, 0, 0.0, 2.0
97, 13, 49, 168, 48, 169, 1, -1, -0.7853981633974483, 1.4142135623730951
97, 14, 61, 287, 59, 286, 2, 1, 0.4636476090008061, 2.23606797749979
97, 15, 28, 210, 27, 211, 1, -1, -0.7853981633974483, 1.4142135623730951
97, 21, 81, 158, 80, 159, 1, -1, -0.7853981633974483, 1.4142135623730951
97, 22, 88, 161, 87, 163, 1, -2, -1.1071487177940904, 2.23606797749979
97, 23, 17, 184, 16, 185, 1, -1, -0.7853981633974483, 1.4142135623730951
97, 26, 98, 224, 101, 225, -3, -1, -2.819842099193151, 3.1622776601683795
97, 27, 25, 136, 23, 137, 2, -1, -0.4636476090008061, 2.23606797749979
97, 28, 70, 334, 69, 335, 1, -1, -0.7853981633974483, 1.4142135623730951
97, 29, 89, 220, 88, 221, 1, -1, -0.7853981633974483, 1.4142135623730951
97, 30, 37, 306, 36, 307, 1, -1, -0.7853981633974483, 1.4142135623730951
97, 31, 74, 83, 72, 83, 2, 0, 0.0, 2.0
98, 0, 22, 202, 20, 204, 2, -2, -0.7853981633974483, 2.8284271247461903
98, 2, 26, 401, 24, 402, 2, -1, -0.4636476090008061, 2.23606797749979
98, 4, 91, 357, 90, 358, 1, -1, -0.7853981633974483, 1.4142135623730951
98, 5, 95, 226, 94, 227, 1, -1, -0.7853981633974483, 1.4142135623730951
98, 7, 93, 316, 91, 316, 2, 0, 0.0, 2.0
98, 13, 51, 166, 49, 168, 2, -2, -0.7853981633974483, 2.8284271247461903
98, 15, 30, 209, 28, 210, 2, -1, -0.4636476090008061, 2.23606797749979
98, 16, 59, 166, 58, 167, 1, -1, -0.7853981633974483, 1.4142135623730951
98, 17, 67, 264, 63, 262, 4, 2, 0.4636476090008061, 4.47213595499958
98, 21, 82, 157, 81, 158, 1, -1, -0.7853981633974483, 1.4142135623730951
98, 22, 89, 160, 88, 161, 1, -1, -0.7853981633974483, 1.4142135623730951
98, 23, 9, 115, 8, 116, 1, -1, -0.7853981633974483, 1.4142135623730951
98, 24, 67, 382, 65, 382, 2, 0, 0.0, 2.0
98, 26, 26, 135, 25, 136, 1, -1, -0.7853981633974483, 1.4142135623730951
98, 27, 71, 333, 70, 334, 1, -1, -0.7853981633974483, 1.4142135623730951
98, 28, 90, 218, 89, 220, 1, -2, -1.1071487177940904, 2.23606797749979
98, 29, 39, 305, 37, 306, 2, -1, -0.4636476090008061, 2.23606797749979
98, 30, 76, 83, 74, 83, 2, 0, 0.0, 2.0
98, 31, 35, 204, 34, 205, 1, -1, -0.7853981633974483, 1.4142135623730951
99, 1, 32, 71, 31, 72, 1, -1, -0.7853981633974483, 1.4142135623730951
99, 2, 28, 401, 26, 401, 2, 0, 0.0, 2.0
99, 3, 52, 115, 51, 116, 1, -1, -0.7853981633974483, 1.4142135623730951
99, 4, 93, 357, 91, 357, 2, 0, 0.0, 2.0
99, 5, 95, 224, 95, 226, 0, -2, -1.5707963267948966, 2.0
99, 6, 58, 193, 57, 194, 1, -1, -0.7853981633974483, 1.4142135623730951
99, 13, 53, 164, 51, 166, 2, -2, -0.7853981633974483, 2.8284271247461903
99, 17, 68, 265, 67, 264, 1, 1, 0.7853981633974483, 1.4142135623730951
99, 19, 41, 361, 40, 362, 1, -1, -0.7853981633974483, 1.4142135623730951
99, 21, 83, 156, 82, 157, 1, -1, -0.7853981633974483, 1.4142135623730951
99, 22, 90, 158, 89, 160, 1, -2, -1.1071487177940904, 2.23606797749979
99, 24, 68, 381, 67, 382, 1, -1, -0.7853981633974483, 1.4142135623730951
99, 28, 91, 217, 90, 218, 1, -1, -0.7853981633974483, 1.4142135623730951
99, 30, 78, 83, 76, 83, 2, 0, 0.0, 2.0
99, 31, 36, 203, 35, 204, 1, -1, -0.7853981633974483, 1.4142135623730951
100, 0, 22, 205, 21, 206, 1, -1, -0.7853981633974483, 1.4142135623730951
100, 1, 26, 403, 25, 404, 1, -1, -0.7853981633974483, 1.4142135623730951
100, 2, 34, 73, 32, 74, 2, -1, -0.4636476090008061, 2.23606797749979
100, 3, 69, 290, 68, 291, 1, -1, -0.7853981633974483, 1.4142135623730951
100, 5, 93, 359, 91, 360, 2, -1, -0.4636476090008061, 2.23606797749979
100, 6, 59, 196, 58, 197, 1, -1, -0.7853981633974483, 1.4142135623730951
100, 7, 98, 230, 95, 230, 3, 0, 0.0, 3.0
100, 8, 9, 273, 7, 273, 2, 0, 0.0, 2.0
100, 9, 31, 213, 29, 214, 2, -1, -0.4636476090008061, 2.23606797749979
100, 11, 6, 151, 5, 152, 1, -1, -0.7853981633974483, 1.4142135623730951
100, 18, 39, 362, 38, 363, 1, -1, -0.7853981633974483, 1.4142135623730951
100, 21, 69, 384, 67, 384, 2, 0, 0.0, 2.0
100, 22, 92, 219, 90, 221, 2, -2, -0.7853981633974483, 2.8284271247461903
100, 24, 89, 314, 87, 314, 2, 0, 0.0, 2.0
100, 26, 63, 115, 61, 115, 2, 0, 0.0, 2.0
100, 27, 50, 165, 49, 169, 1, -4, -1.3258176636680326, 4.123105625617661
101, 0, 23, 204, 22, 205, 1, -1, -0.7853981633974483, 1.4142135623730951
101, 1, 27, 402, 26, 403, 1, -1, -0.7853981633974483, 1.4142135623730951
101, 2, 36, 72, 34, 73, 2, -1, -0.4636476090008061, 2.23606797749979
101, 5, 95, 358, 93, 359, 2, -1, -0.4636476090008061, 2.23606797749979
101, 6, 60, 195, 59, 196, 1, -1, -0.7853981633974483, 1.4142135623730951
101, 7, 102, 227, 98, 230, 4, -3, -0.6435011087932844, 5.0
101, 9, 33, 213, 31, 213, 2, 0, 0.0, 2.0
101, 11, 9, 150, 6, 151, 3, -1, -0.3217505543966422, 3.1622776601683795
101, 13, 43, 145, 42, 146, 1, -1, -0.7853981633974483, 1.4142135623730951
101, 17, 36, 208, 34, 208, 2, 0, 0.0, 2.0
101, 18, 43, 362, 39, 362, 4, 0, 0.0, 4.0
101, 19, 50, 357, 50, 355, 0, 2, 1.5707963267948966, 2.0
101, 20, 71, 384, 69, 384, 2, 0, 0.0, 2.0
101, 21, 94, 217, 92, 219, 2, -2, -0.7853981633974483, 2.8284271247461903
101, 22, 73, 334, 70, 335, 3, -1, -0.3217505543966422, 3.1622776601683795
101, 23, 90, 315, 89, 314, 1, 1, 0.7853981633974483, 1.4142135623730951
101, 25, 65, 115, 63, 115, 2, 0, 0.0, 2.0
101, 27, 27, 309, 25, 309, 2, 0, 0.0, 2.0
102, 0, 24, 203, 23, 204, 1, -1, -0.7853981633974483, 1.4142135623730951
102, 1, 29, 402, 27, 402, 2, 0, 0.0, 2.0
102, 4, 52, 114, 51, 115, 1, -1, -0.7853981633974483, 1.4142135623730951
102, 5, 97, 358, 95, 358, 2, 0, 0.0, 2.0
102, 6, 61, 194, 60, 195, 1, -1, -0.7853981633974483, 1.4142135623730951
102, 7, 106, 224, 102, 227, 4, -3, -0.6435011087932844, 5.0
102, 9, 35, 212, 33, 213, 2, -1, -0.4636476090008061, 2.23606797749979
102, 11, 11, 149, 9, 150, 2, -1, -0.4636476090008061, 2.23606797749979
102, 12, 12, 117, 10, 117, 2, 0, 0.0, 2.0
102, 18, 44, 361, 43, 362, 1, -1, -0.7853981633974483, 1.4142135623730951
102, 20, 74, 384, 71, 384, 3, 0, 0.0, 3.0
102, 21, 95, 215, 94, 217, 1, -2, -1.1071487177940904, 2.23606797749979
102, 23, 92, 315, 90, 315, 2, 0, 0.0, 2.0
102, 26, 53, 165, 51, 165, 2, 0, 0.0, 2.0
102, 27, 29, 309, 27, 309, 2, 0, 0.0, 2.0
103, 0, 25, 202, 24, 203, 1, -1, -0.7853981633974483, 1.4142135623730951
103, 1, 31, 402, 29, 402, 2, 0, 0.0, 2.0
103, 2, 39, 72, 37, 72, 2, 0, 0.0, 2.0
103, 4, 54, 114, 52, 114, 2, 0, 0.0, 2.0
103, 5, 99, 357, 97, 358, 2, -1, -0.4636476090008061, 2.23606797749979
103, 6, 63, 193, 61, 194, 2, -1, -0.4636476090008061, 2.23606797749979
103, 7, 110, 221, 106, 224, 4, -3, -0.6435011087932844, 5.0
103, 9, 38, 211, 35, 212, 3, -1, -0.3217505543966422, 3.1622776601683795
103, 11, 13, 149, 11, 149, 2, 0, 0.0, 2.0
103, 12, 13, 116, 12, 117, 1, -1, -0.7853981633974483, 1.4142135623730951
103, 17, 39, 208, 37, 208, 2, 0, 0.0, 2.0
103, 18, 45, 360, 44, 361, 1, -1, -0.7853981633974483, 1.4142135623730951
103, 21, 95, 213, 95, 215, 0, -2, -1.5707963267948966, 2.0
103, 22, 75, 332, 74, 334, 1, -2, -1.1071487177940904, 2.23606797749979
103, 23, 94, 315, 92, 315, 2, 0, 0.0, 2.0
103, 25, 68, 116, 66, 115, 2, 1, 0.4636476090008061, 2.23606797749979
103, 26, 55, 164, 53, 165, 2, -1, -0.4636476090008061, 2.23606797749979
103, 27, 30, 308, 29, 309, 1, -1, -0.7853981633974483, 1.4142135623730951
104, 0, 27, 201, 25, 202, 2, -1, -0.4636476090008061, 2.23606797749979
104, 1, 33, 401, 31, 402, 2, -1, -0.4636476090008061, 2.23606797749979
104, 2, 41, 71, 39, 72, 2, -1, -0.4636476090008061, 2.23606797749979
104, 5, 101, 357, 99, 357, 2, 0, 0.0, 2.0
104, 6, 64, 192, 63, 193, 1, -1, -0.7853981633974483, 1.4142135623730951
104, 7, 115, 220, 110, 221, 5, -1, -0.19739555984988075, 5.0990195135927845
104, 8, 12, 274, 11, 273, 1, 1, 0.7853981633974483, 1.4142135623730951
104, 9, 42, 210, 38, 211, 4, -1, -0.24497866312686414, 4.123105625617661
104, 12, 14, 115, 13, 116, 1, -1, -0.7853981633974483, 1.4142135623730951
104, 15, 60, 295, 58, 294, 2, 1, 0.4636476090008061, 2.23606797749979
104, 17, 41, 207, 39, 208, 2, -1, -0.4636476090008061, 2.23606797749979
104, 20, 76, 383, 75, 384, 1, -1, -0.7853981633974483, 1.4142135623730951
104, 21, 96, 210, 95, 213, 1, -3, -1.2490457723982544, 3.1622776601683795
104, 26, 56, 163, 55, 164, 1, -1, -0.7853981633974483, 1.4142135623730951
105, 0, 28, 205, 26, 206, 2, -1, -0.4636476090008061, 2.23606797749979
105, 1, 40, 208, 38, 210, 2, -2, -0.7853981633974483, 2.8284271247461903
105, 2, 33, 402, 31, 402, 2, 0, 0.0, 2.0
105, 5, 39, 73, 37, 74, 2, -1, -0.4636476090008061, 2.23606797749979
105, 6, 63, 193, 62, 194, 1, -1, -0.7853981633974483, 1.4142135623730951
105, 7, 112, 218, 110, 221, 2, -3, -0.982793723247329, 3.605551275463989
105, 10, 56, 114, 54, 114, 2, 0, 0.0, 2.0
105, 13, 10, 150, 9, 151, 1, -1, -0.7853981633974483, 1.4142135623730951
105, 14, 9, 178, 7, 178, 2, 0, 0.0, 2.0
105, 15, 100, 214, 99, 216, 1, -2, -1.1071487177940904, 2.23606797749979
105, 16, 59, 164, 58, 165, 1, -1, -0.7853981633974483, 1.4142135623730951
105, 21, 31, 182, 28, 184, 3, -2, -0.5880026035475675, 3.605551275463989
105, 23, 48, 164, 46, 166, 2, -2, -0.7853981633974483, 2.8284271247461903
105, 27, 56, 146, 55, 147, 1, -1, -0.7853981633974483, 1.4142135623730951
105, 28, 31, 310, 29, 310, 2, 0, 0.0, 2.0
105, 29, 47, 363, 45, 363, 2, 0, 0.0, 2.0
106, 0, 30, 204, 28, 205, 2, -1, -0.4636476090008061, 2.23606797749979
106, 1, 40, 206, 40, 208, 0, -2, -1.5707963267948966, 2.0
106, 2, 35, 402, 33, 402, 2, 0, 0.0, 2.0
106, 3, 101, 360, 99, 360, 2, 0, 0.0, 2.0
106, 5, 43, 73, 39, 73, 4, 0, 0.0, 4.0
106, 6, 64, 192, 63, 193, 1, -1, -0.7853981633974483, 1.4142135623730951
106, 7, 113, 216, 112, 218, 1, -2, -1.1071487177940904, 2.23606797749979
106, 9, 101, 321, 98, 321, 3, 0, 0.0, 3.0
106, 13, 12, 149, 10, 150, 2, -1, -0.4636476090008061, 2.23606797749979
106, 14, 10, 177, 9, 178, 1, -1, -0.7853981633974483, 1.4142135623730951
106, 15, 101, 212, 100, 214, 1, -2, -1.1071487177940904, 2.23606797749979
106, 16, 61, 164, 59, 164, 2, 0, 0.0, 2.0
106, 20, 15, 115, 12, 116, 3, -1, -0.3217505543966422, 3.1622776601683795
106, 21, 34, 181, 31, 182, 3, -1, -0.3217505543966422, 3.1622776601683795
106, 23, 49, 163, 48, 164, 1, -1, -0.7853981633974483, 1.4142135623730951
106, 27, 58, 144, 56, 146, 2, -2, -0.7853981633974483, 2.8284271247461903
106, 29, 49, 362, 47, 363, 2, -1, -0.4636476090008061, 2.23606797749979
107, 0, 31, 203, 30, 204, 1, -1, -0.7853981633974483, 1.4142135623730951
107, 1, 41, 205, 40, 206, 1, -1, -0.7853981633974483, 1.4142135623730951
107, 2, 37, 402, 35, 402, 2, 0, 0.0, 2.0
107, 3, 103, 360, 101, 360, 2, 0, 0.0, 2.0
107, 4, 101, 311, 97, 311, 4, 0, 0.0, 4.0
107, 6, 66, 191, 64, 192, 2, -1, -0.4636476090008061, 2.23606797749979
107, 7, 114, 213, 113, 216, 1, -3, -1.2490457723982544, 3.1622776601683795
107, 8, 15, 276, 13, 276, 2, 0, 0.0, 2.0
107, 9, 103, 320, 101, 321, 2, -1, -0.4636476090008061, 2.23606797749979
107, 12, 67, 336, 65, 336, 2, 0, 0.0, 2.0
107, 14, 12, 176, 10, 177, 2, -1, -0.4636476090008061, 2.23606797749979
107, 15, 102, 210, 101, 212, 1, -2, -1.1071487177940904, 2.23606797749979
107, 16, 62, 163, 61, 164, 1, -1, -0.7853981633974483, 1.4142135623730951
107, 17, 63, 296, 62, 295, 1, 1, 0.7853981633974483, 1.4142135623730951
107, 18, 43, 253, 41, 253, 2, 0, 0.0, 2.0
107, 19, 38, 303, 37, 304, 1, -1, -0.7853981633974483, 1.4142135623730951
107, 21, 34, 179, 34, 181, 0, -2, -1.5707963267948966, 2.0
107, 23, 51, 161, 49, 163, 2, -2, -0.7853981633974483, 2.8284271247461903
107, 25, 50, 248, 49, 247, 1, 1, 0.7853981633974483, 1.4142135623730951
107, 29, 51, 362, 49, 362, 2, 0, 0.0, 2.0
108, 0, 32, 202, 31, 203, 1, -1, -0.7853981633974483, 1.4142135623730951
108, 1, 43, 203, 41, 205, 2, -2, -0.7853981633974483, 2.8284271247461903
108, 2, 39, 402, 37, 402, 2, 0, 0.0, 2.0
108, 4, 104, 311, 101, 311, 3, 0, 0.0, 3.0
108, 6, 67, 190, 66, 191, 1, -1, -0.7853981633974483, 1.4142135623730951
108, 7, 114, 211, 114, 213, 0, -2, -1.5707963267948966, 2.0
108, 11, 68, 290, 66, 289, 2, 1, 0.4636476090008061, 2.23606797749979
108, 14, 13, 175, 12, 176, 1, -1, -0.7853981633974483, 1.4142135623730951
108, 17, 66, 297, 63, 296, 3, 1, 0.3217505543966422, 3.1622776601683795
108, 19, 40, 303, 38, 303, 2, 0, 0.0, 2.0
108, 20, 17, 114, 16, 115, 1, -1, -0.7853981633974483, 1.4142135623730951
108, 21, 35, 178, 34, 179, 1, -1, -0.7853981633974483, 1.4142135623730951
108, 23, 54, 160, 51, 161, 3, -1, -0.3217505543966422, 3.1622776601683795
108, 24, 76, 383, 74, 384, 2, -1, -0.4636476090008061, 2.23606797749979
108, 25, 52, 249, 50, 248, 2, 1, 0.4636476090008061, 2.23606797749979
108, 28, 35, 310, 33, 310, 2, 0, 0.0, 2.0
108, 29, 53, 361, 51, 362, 2, -1, -0.4636476090008061, 2.23606797749979
109, 2, 43, 400, 39, 402, 4, -2, -0.4636476090008061, 4.47213595499958
109, 3, 106, 360, 104, 360, 2, 0, 0.0, 2.0
109, 4, 107, 311, 104, 311, 3, 0, 0.0, 3.0
109, 5, 46, 72, 45, 73, 1, -1, -0.7853981633974483, 1.4142135623730951
109, 6, 68, 189, 67, 190, 1, -1, -0.7853981633974483, 1.4142135623730951
109, 9, 105, 319, 104, 320, 1, -1, -0.7853981633974483, 1.4142135623730951
109, 11, 69, 289, 68, 290, 1, -1, -0.7853981633974483, 1.4142135623730951
109, 12, 70, 336, 68, 336, 2, 0, 0.0, 2.0
109, 14, 14, 174, 13, 175, 1, -1, -0.7853981633974483, 1.4142135623730951
109, 16, 64, 162, 63, 163, 1, -1, -0.7853981633974483, 1.4142135623730951
109, 20, 18, 113, 17, 114, 1, -1, -0.7853981633974483, 1.4142135623730951
109, 21, 35, 176, 35, 178, 0, -2, -1.5707963267948966, 2.0
109, 22, 59, 352, 58, 356, 1, -4, -1.3258176636680326, 4.123105625617661
109, 23, 55, 159, 54, 160, 1, -1, -0.7853981633974483, 1.4142135623730951
109, 24, 78, 383, 76, 383, 2, 0, 0.0, 2.0
109, 26, 77, 331, 75, 331, 2, 0, 0.0, 2.0
109, 28, 38, 310, 35, 310, 3, 0, 0.0, 3.0
109, 29, 55, 360, 53, 361, 2, -1, -0.4636476090008061, 2.23606797749979
110, 0, 32, 203, 31, 205, 1, -2, -1.1071487177940904, 2.23606797749979
110, 1, 10, 149, 8, 150, 2, -1, -0.4636476090008061, 2.23606797749979
110, 2, 40, 403, 38, 403, 2, 0, 0.0, 2.0
110, 4, 73, 289, 68, 289, 5, 0, 0.0, 5.0
110, 5, 69, 191, 67, 192, 2, -1, -0.4636476090008061, 2.23606797749979
110, 6, 107, 361, 104, 361, 3, 0, 0.0, 3.0
110, 7, 59, 119, 58, 120, 1, -1, -0.7853981633974483, 1.4142135623730951
110, 8, 114, 215, 116, 215, -2, 0, 3.141592653589793, 2.0
110, 9, 104, 320, 102, 320, 2, 0, 0.0, 2.0
110, 11, 70, 337, 68, 337, 2, 0, 0.0, 2.0
110, 12, 94, 160, 93, 161, 1, -1, -0.7853981633974483, 1.4142135623730951
110, 15, 53, 364, 51, 364, 2, 0, 0.0, 2.0
110, 16, 77, 332, 75, 333, 2, -1, -0.4636476090008061, 2.23606797749979
110, 17, 14, 175, 13, 176, 1, -1, -0.7853981633974483, 1.4142135623730951
110, 19, 109, 316, 107, 315, 2, 1, 0.4636476090008061, 2.23606797749979
110, 23, 101, 213, 100, 214, 1, -1, -0.7853981633974483, 1.4142135623730951
110, 25, 49, 305, 46, 307, 3, -2, -0.5880026035475675, 3.605551275463989
110, 26, 59, 168, 59, 170, 0, -2, -1.5707963267948966, 2.0
110, 27, 48, 252, 47, 251, 1, 1, 0.7853981633974483, 1.4142135623730951
111, 0, 34, 202, 32, 203, 2, -1, -0.4636476090008061, 2.23606797749979
111, 1, 11, 153, 10, 149, 1, 4, 1.3258176636680326, 4.123105625617661
111, 3, 44, 74, 42, 74, 2, 0, 0.0, 2.0
111, 4, 77, 289, 73, 289, 4, 0, 0.0, 4.0
111, 5, 70, 190, 69, 191, 1, -1, -0.7853981633974483, 1.4142135623730951
111, 6, 109, 360, 107, 361, 2, -1, -0.4636476090008061, 2.23606797749979
111, 7, 60, 118, 59, 119, 1, -1, -0.7853981633974483, 1.4142135623730951
111, 9, 106, 320, 104, 320, 2, 0, 0.0, 2.0
111, 11, 72, 337, 70, 337, 2, 0, 0.0, 2.0
111, 12, 95, 159, 94, 160, 1, -1, -0.7853981633974483, 1.4142135623730951
111, 15, 55, 365, 53, 364, 2, 1, 0.4636476090008061, 2.23606797749979
111, 16, 79, 333, 77, 332, 2, 1, 0.4636476090008061, 2.23606797749979
111, 17, 16, 174, 14, 175, 2, -1, -0.4636476090008061, 2.23606797749979
111, 20, 17, 153, 16, 154, 1, -1, -0.7853981633974483, 1.4142135623730951
111, 22, 102, 212, 101, 213, 1, -1, -0.7853981633974483, 1.4142135623730951
111, 24, 52, 305, 49, 305, 3, 0, 0.0, 3.0
111, 25, 60, 165, 59, 168, 1, -3, -1.2490457723982544, 3.1622776601683795
112, 0, 35, 200, 34, 202, 1, -2, -1.1071487177940904, 2.23606797749979
112, 1, 13, 152, 11, 153, 2, -1, -0.4636476090008061, 2.23606797749979
112, 2, 44, 403, 41, 403, 3, 0, 0.0, 3.0
112, 3, 46, 74, 44, 74, 2, 0, 0.0, 2.0
112, 4, 83, 291, 77, 289, 6, 2, 0.3217505543966422, 6.324555320336759
112, 5, 72, 189, 70, 190, 2, -1, -0.4636476090008061, 2.23606797749979
112, 6, 111, 359, 109, 360, 2, -1, -0.4636476090008061, 2.23606797749979
112, 7, 63, 117, 60, 118, 3, -1, -0.3217505543966422, 3.1622776601683795
112, 9, 109, 321, 106, 320, 3, 1, 0.3217505543966422, 3.1622776601683795
112, 10, 65, 115, 67, 116, -2, -1, -2.677945044588987, 2.23606797749979
112, 11, 74, 337, 72, 337, 2, 0, 0.0, 2.0
112, 12, 97, 159, 95, 159, 2, 0, 0.0, 2.0
112, 16, 81, 332, 79, 333, 2, -1, -0.4636476090008061, 2.23606797749979
112, 19, 111, 317, 110, 316, 1, 1, 0.7853981633974483, 1.4142135623730951
112, 20, 19, 152, 17, 153, 2, -1, -0.4636476090008061, 2.23606797749979
112, 22, 103, 211, 102, 212, 1, -1, -0.7853981633974483, 1.4142135623730951
112, 24, 58, 303, 52, 305, 6, -2, -0.3217505543966422, 6.324555320336759
112, 25, 61, 164, 60, 165, 1, -1, -0.7853981633974483, 1.4142135623730951
113, 0, 37, 198, 35, 200, 2, -2, -0.7853981633974483, 2.8284271247461903
113, 1, 16, 151, 13, 152, 3, -1, -0.3217505543966422, 3.1622776601683795
113, 2, 46, 402, 44, 403, 2, -1, -0.4636476090008061, 2.23606797749979
113, 3, 48, 74, 46, 74, 2, 0, 0.0, 2.0
113, 4, 92, 291, 83, 291, 9, 0, 0.0, 9.0
113, 5, 73, 187, 72, 189, 1, -2, -1.1071487177940904, 2.23606797749979
113, 6, 113, 358, 111, 359, 2, -1, -0.4636476090008061, 2.23606797749979
113, 7, 64, 118, 63, 117, 1, 1, 0.7853981633974483, 1.4142135623730951
113, 8, 114, 214, 114, 216, 0, -2, -1.5707963267948966, 2.0
113, 9, 111, 321, 109, 321, 2, 0, 0.0, 2.0
113, 12, 98, 158, 97, 159, 1, -1, -0.7853981633974483, 1.4142135623730951
113, 15, 58, 365, 56, 365, 2, 0, 0.0, 2.0
113, 16, 83, 332, 81, 332, 2, 0, 0.0, 2.0
113, 17, 17, 172, 16, 173, 1, -1, -0.7853981633974483, 1.4142135623730951
113, 20, 22, 151, 19, 152, 3, -1, -0.3217505543966422, 3.1622776601683795
113, 21, 43, 253, 41, 253, 2, 0, 0.0, 2.0
113, 22, 105, 209, 103, 211, 2, -2, -0.7853981633974483, 2.8284271247461903
113, 24, 64, 302, 58, 303, 6, -1, -0.16514867741462683, 6.082762530298219
113, 25, 63, 164, 61, 164, 2, 0, 0.0, 2.0
114, 0, 39, 196, 37, 198, 2, -2, -0.7853981633974483, 2.8284271247461903
114, 1, 17, 149, 16, 151, 1, -2, -1.1071487177940904, 2.23606797749979
114, 2, 48, 401, 46, 402, 2, -1, -0.4636476090008061, 2.23606797749979
114, 3, 50, 74, 48, 74, 2, 0, 0.0, 2.0
114, 4, 94, 288, 92, 291, 2, -3, -0.982793723247329, 3.605551275463989
114, 5, 74, 186, 73, 187, 1, -1, -0.7853981633974483, 1.4142135623730951
114, 6, 115, 357, 113, 358, 2, -1, -0.4636476090008061, 2.23606797749979
114, 12, 99, 157, 98, 158, 1, -1, -0.7853981633974483, 1.4142135623730951
114, 15, 60, 365, 58, 365, 2, 0, 0.0, 2.0
114, 16, 85, 333, 83, 332, 2, 1, 0.4636476090008061, 2.23606797749979
114, 17, 18, 171, 17, 172, 1, -1, -0.7853981633974483, 1.4142135623730951
114, 20, 24, 149, 22, 151, 2, -2, -0.7853981633974483, 2.8284271247461903
114, 22, 107, 208, 105, 209, 2, -1, -0.4636476090008061, 2.23606797749979
114, 23, 57, 254, 56, 253, 1, 1, 0.7853981633974483, 1.4142135623730951
114, 24, 65, 301, 64, 302, 1, -1, -0.7853981633974483, 1.4142135623730951
114, 25, 65, 163, 63, 164, 2, -1, -0.4636476090008061, 2.23606797749979
114, 26, 52, 253, 51, 252, 1, 1, 0.7853981633974483, 1.4142135623730951
115, 0, 38, 199, 36, 201, 2, -2, -0.7853981633974483, 2.8284271247461903
115, 1, 49, 74, 47, 75, 2, -1, -0.4636476090008061, 2.23606797749979
115, 3, 45, 403, 44, 404, 1, -1, -0.7853981633974483, 1.4142135623730951
115, 4, 112, 361, 110, 361, 2, 0, 0.0, 2.0
115, 5, 111, 220, 112, 219, -1, 1, 2.356194490192345, 1.4142135623730951
115, 6, 21, 280, 19, 280, 2, 0, 0.0, 2.0
115, 7, 47, 200, 46, 201, 1, -1, -0.7853981633974483, 1.4142135623730951
115, 8, 65, 118, 63, 118, 2, 0, 0.0, 2.0
115, 9, 110, 322, 108, 322, 2, 0, 0.0, 2.0
115, 11, 61, 365, 59, 365, 2, 0, 0.0, 2.0
115, 12, 73, 189, 71, 191, 2, -2, -0.7853981633974483, 2.8284271247461903
115, 13, 14, 148, 13, 150, 1, -2, -1.1071487177940904, 2.23606797749979
115, 17, 73, 119, 72, 120, 1, -1, -0.7853981633974483, 1.4142135623730951
115, 18, 22, 371, 20, 372, 2, -1, -0.4636476090008061, 2.23606797749979
115, 19, 24, 115, 23, 116, 1, -1, -0.7853981633974483, 1.4142135623730951
115, 20, 93, 85, 91, 85, 2, 0, 0.0, 2.0
115, 21, 21, 152, 21, 154, 0, -2, -1.5707963267948966, 2.0
115, 22, 20, 174, 18, 175, 2, -1, -0.4636476090008061, 2.23606797749979
115, 23, 106, 210, 105, 212, 1, -2, -1.1071487177940904, 2.23606797749979
115, 24, 100, 159, 99, 160, 1, -1, -0.7853981633974483, 1.4142135623730951
115, 26, 66, 164, 65, 165, 1, -1, -0.7853981633974483, 1.4142135623730951
115, 27, 81, 333, 80, 334, 1, -1, -0.7853981633974483, 1.4142135623730951
115, 28, 93, 156, 92, 157, 1, -1, -0.7853981633974483, 1.4142135623730951
115, 29, 80, 272, 79, 271, 1, 1, 0.7853981633974483, 1.4142135623730951
115, 30, 96, 119, 94, 119, 2, 0, 0.0, 2.0
115, 31, 33, 371, 31, 372, 2, -1, -0.4636476090008061, 2.23606797749979
115, 33, 61, 256, 59, 255, 2, 1, 0.4636476090008061, 2.23606797749979
115, 35, 124, 320, 125, 322, -1, -2, -2.0344439357957027, 2.23606797749979
116, 0, 40, 198, 38, 199, 2, -1, -0.4636476090008061, 2.23606797749979
116, 1, 51, 73, 49, 74, 2, -1, -0.4636476090008061, 2.23606797749979
116, 3, 47, 402, 45, 403, 2, -1, -0.4636476090008061, 2.23606797749979
116, 4, 115, 360, 112, 361, 3, -1, -0.3217505543966422, 3.1622776601683795
116, 5, 113, 219, 111, 220, 2, -1, -0.4636476090008061, 2.23606797749979
116, 7, 48, 199, 47, 200, 1, -1, -0.7853981633974483, 1.4142135623730951
116, 8, 67, 118, 65, 118, 2, 0, 0.0, 2.0
116, 9, 112, 322, 110, 322, 2, 0, 0.0, 2.0
116, 10, 46, 315, 44, 315, 2, 0, 0.0, 2.0
116, 11, 63, 365, 61, 365, 2, 0, 0.0, 2.0
116, 12, 74, 188, 73, 189, 1, -1, -0.7853981633974483, 1.4142135623730951
116, 13, 15, 147, 14, 148, 1, -1, -0.7853981633974483, 1.4142135623730951
116, 14, 75, 302, 74, 301, 1, 1, 0.7853981633974483, 1.4142135623730951
116, 17, 73, 117, 73, 119, 0, -2, -1.5707963267948966, 2.0
116, 18, 24, 370, 22, 371, 2, -1, -0.4636476090008061, 2.23606797749979
116, 19, 25, 114, 24, 115, 1, -1, -0.7853981633974483, 1.4142135623730951
116, 20, 94, 84, 93, 85, 1, -1, -0.7853981633974483, 1.4142135623730951
116, 22, 21, 173, 20, 174, 1, -1, -0.7853981633974483, 1.4142135623730951
116, 23, 107, 208, 106, 210, 1, -2, -1.1071487177940904, 2.23606797749979
116, 26, 68, 162, 66, 164, 2, -2, -0.7853981633974483, 2.8284271247461903
116, 29, 82, 272, 80, 272, 2, 0, 0.0, 2.0
116, 31, 35, 370, 33, 371, 2, -1, -0.4636476090008061, 2.23606797749979
116, 35, 122, 318, 124, 320, -2, -2, -2.356194490192345, 2.8284271247461903
117, 0, 42, 196, 40, 198, 2, -2, -0.7853981633974483, 2.8284271247461903
117, 1, 53, 73, 51, 73, 2, 0, 0.0, 2.0
117, 2, 12, 75, 10, 75, 2, 0, 0.0, 2.0
117, 3, 49, 401, 47, 402, 2, -1, -0.4636476090008061, 2.23606797749979
117, 4, 117, 360, 115, 360, 2, 0, 0.0, 2.0
117, 5, 117, 217, 113, 219, 4, -2, -0.4636476090008061, 4.47213595499958
117, 7, 49, 198, 48, 199, 1, -1, -0.7853981633974483, 1.4142135623730951
117, 8, 68, 117, 67, 118, 1, -1, -0.7853981633974483, 1.4142135623730951
117, 9, 115, 321, 112, 322, 3, -1, -0.3217505543966422, 3.1622776601683795
117, 10, 48, 315, 46, 315, 2, 0, 0.0, 2.0
117, 11, 65, 364, 63, 365, 2, -1, -0.4636476090008061, 2.23606797749979
117, 12, 75, 186, 74, 188, 1, -2, -1.1071487177940904, 2.23606797749979
117, 13, 16, 145, 15, 147, 1, -2, -1.1071487177940904, 2.23606797749979
117, 14, 77, 302, 75, 302, 2, 0, 0.0, 2.0
117, 16, 72, 114, 73, 117, -1, -3, -1.892546881191539, 3.1622776601683795
117, 17, 26, 369, 24, 370, 2, -1, -0.4636476090008061, 2.23606797749979
117, 18, 26, 113, 25, 114, 1, -1, -0.7853981633974483, 1.4142135623730951
117, 19, 96, 83, 94, 84, 2, -1, -0.4636476090008061, 2.23606797749979
117, 21, 22, 172, 21, 173, 1, -1, -0.7853981633974483, 1.4142135623730951
117, 22, 109, 207, 107, 208, 2, -1, -0.4636476090008061, 2.23606797749979
117, 23, 102, 158, 101, 159, 1, -1, -0.7853981633974483, 1.4142135623730951
117, 25, 69, 158, 68, 162, 1, -4, -1.3258176636680326, 4.123105625617661
117, 26, 85, 332, 82, 333, 3, -1, -0.3217505543966422, 3.1622776601683795
117, 28, 83, 273, 82, 272, 1, 1, 0.7853981633974483, 1.4142135623730951
117, 29, 98, 118, 97, 119, 1, -1, -0.7853981633974483, 1.4142135623730951
117, 30, 87, 334, 89, 333, -2, 1, 2.677945044588987, 2.23606797749979
117, 33, 121, 319, 122, 318, -1, 1, 2.356194490192345, 1.4142135623730951
118, 0, 43, 195, 42, 196, 1, -1, -0.7853981633974483, 1.4142135623730951
118, 1, 55, 72, 53, 73, 2, -1, -0.4636476090008061, 2.23606797749979
118, 2, 14, 74, 12, 75, 2, -1, -0.4636476090008061, 2.23606797749979
118, 3, 51, 400, 49, 401, 2, -1, -0.4636476090008061, 2.23606797749979
118, 4, 119, 359, 117, 360, 2, -1, -0.4636476090008061, 2.23606797749979
118, 5, 121, 215, 117, 217, 4, -2, -0.4636476090008061, 4.47213595499958
118, 6, 27, 281, 23, 280, 4, 1, 0.24497866312686414, 4.123105625617661
118, 7, 50, 197, 49, 198, 1, -1, -0.7853981633974483, 1.4142135623730951
118, 11, 67, 363, 65, 364, 2, -1, -0.4636476090008061, 2.23606797749979
118, 12, 76, 184, 75, 186, 1, -2, -1.1071487177940904, 2.23606797749979
118, 13, 18, 144, 16, 145, 2, -1, -0.4636476090008061, 2.23606797749979
118, 14, 81, 302, 77, 302, 4, 0, 0.0, 4.0
118, 16, 74, 114, 72, 114, 2, 0, 0.0, 2.0
118, 17, 28, 368, 26, 369, 2, -1, -0.4636476090008061, 2.23606797749979
118, 18, 27, 112, 26, 113, 1, -1, -0.7853981633974483, 1.4142135623730951
118, 19, 98, 83, 96, 83, 2, 0, 0.0, 2.0
118, 21, 23, 171, 22, 172, 1, -1, -0.7853981633974483, 1.4142135623730951
118, 22, 110, 205, 109, 207, 1, -2, -1.1071487177940904, 2.23606797749979
118, 23, 104, 157, 102, 158, 2, -1, -0.4636476090008061, 2.23606797749979
118, 24, 57, 140, 56, 141, 1, -1, -0.7853981633974483, 1.4142135623730951
118, 25, 71, 157, 69, 158, 2, -1, -0.4636476090008061, 2.23606797749979
118, 26, 87, 331, 85, 332, 2, -1, -0.4636476090008061, 2.23606797749979
118, 27, 97, 154, 94, 155, 3, -1, -0.3217505543966422, 3.1622776601683795
118, 28, 85, 273, 83, 273, 2, 0, 0.0, 2.0
118, 29, 100, 118, 98, 118, 2, 0, 0.0, 2.0
118, 30, 89, 333, 87, 334, 2, -1, -0.4636476090008061, 2.23606797749979
118, 33, 122, 318, 121, 319, 1, -1, -0.7853981633974483, 1.4142135623730951
119, 0, 44, 194, 43, 195, 1, -1, -0.7853981633974483, 1.4142135623730951
119, 1, 56, 71, 55, 72, 1, -1, -0.7853981633974483, 1.4142135623730951
119, 2, 16, 73, 14, 74, 2, -1, -0.4636476090008061, 2.23606797749979
119, 3, 53, 399, 51, 400, 2, -1, -0.4636476090008061, 2.23606797749979
119, 4, 121, 358, 119, 359, 2, -1, -0.4636476090008061, 2.23606797749979
119, 5, 124, 213, 121, 215, 3, -2, -0.5880026035475675, 3.605551275463989
119, 6, 28, 280, 27, 281, 1, -1, -0.7853981633974483, 1.4142135623730951
119, 7, 51, 196, 50, 197, 1, -1, -0.7853981633974483, 1.4142135623730951
119, 8, 70, 118, 69, 117, 1, 1, 0.7853981633974483, 1.4142135623730951
119, 10, 50, 314, 49, 315, 1, -1, -0.7853981633974483, 1.4142135623730951
119, 12, 77, 183, 76, 184, 1, -1, -0.7853981633974483, 1.4142135623730951
119, 13, 19, 143, 18, 144, 1, -1, -0.7853981633974483, 1.4142135623730951
119, 14, 83, 304, 81, 302, 2, 2, 0.7853981633974483, 2.8284271247461903
119, 16, 78, 115, 74, 114, 4, 1, 0.24497866312686414, 4.123105625617661
119, 17, 31, 368, 28, 368, 3, 0, 0.0, 3.0
119, 18, 29, 111, 27, 112, 2, -1, -0.4636476090008061, 2.23606797749979
119, 19, 101, 83, 98, 83, 3, 0, 0.0, 3.0
119, 20, 20, 152, 22, 152, -2, 0, 3.141592653589793, 2.0
119, 21, 24, 170, 23, 171, 1, -1, -0.7853981633974483, 1.4142135623730951
119, 22, 112, 204, 110, 205, 2, -1, -0.4636476090008061, 2.23606797749979
119, 23, 106, 156, 104, 157, 2, -1, -0.4636476090008061, 2.23606797749979
119, 24, 59, 139, 57, 140, 2, -1, -0.4636476090008061, 2.23606797749979
119, 25, 71, 154, 71, 157, 0, -3, -1.5707963267948966, 3.0
119, 26, 88, 330, 87, 331, 1, -1, -0.7853981633974483, 1.4142135623730951
119, 27, 100, 152, 97, 154, 3, -2, -0.5880026035475675, 3.605551275463989
119, 29, 102, 118, 100, 118, 2, 0, 0.0, 2.0
119, 30, 90, 332, 89, 333, 1, -1, -0.7853981633974483, 1.4142135623730951
119, 33, 123, 315, 122, 318, 1, -3, -1.2490457723982544, 3.1622776601683795
120, 0, 42, 198, 41, 199, 1, -1, -0.7853981633974483, 1.4142135623730951
120, 1, 20, 151, 18, 151, 2, 0, 0.0, 2.0
120, 2, 54, 73, 53, 74, 1, -1, -0.7853981633974483, 1.4142135623730951
120, 3, 52, 404, 50, 404, 2, 0, 0.0, 2.0
120, 4, 71, 117, 69, 118, 2, -1, -0.4636476090008061, 2.23606797749979
120, 5, 28, 283, 26, 282, 2, 1, 0.4636476090008061, 2.23606797749979
120, 6, 15, 75, 13, 75, 2, 0, 0.0, 2.0
120, 8, 116, 327, 114, 326, 2, 1, 0.4636476090008061, 2.23606797749979
120, 9, 49, 202, 48, 203, 1, -1, -0.7853981633974483, 1.4142135623730951
120, 10, 126, 212, 123, 210, 3, 2, 0.5880026035475675, 3.605551275463989
120, 11, 119, 361, 117, 361, 2, 0, 0.0, 2.0
120, 12, 6, 204, 5, 205, 1, -1, -0.7853981633974483, 1.4142135623730951
120, 13, 78, 186, 77, 187, 1, -1, -0.7853981633974483, 1.4142135623730951
120, 14, 58, 256, 56, 256, 2, 0, 0.0, 2.0
120, 17, 76, 162, 74, 164, 2, -2, -0.7853981633974483, 2.8284271247461903
120, 18, 117, 318, 115, 318, 2, 0, 0.0, 2.0
120, 19, 73, 356, 75, 357, -2, -1, -2.677945044588987, 2.23606797749979
120, 21, 27, 145, 24, 147, 3, -2, -0.5880026035475675, 3.605551275463989
120, 22, 86, 333, 85, 332, 1, 1, 0.7853981633974483, 1.4142135623730951
120, 24, 45, 315, 44, 316, 1, -1, -0.7853981633974483, 1.4142135623730951
120, 25, 36, 281, 34, 280, 2, 1, 0.4636476090008061, 2.23606797749979
120, 27, 112, 204, 111, 208, 1, -4, -1.3258176636680326, 4.123105625617661
120, 28, 28, 371, 26, 372, 2, -1, -0.4636476090008061, 2.23606797749979
120, 29, 19, 115, 17, 116, 2, -1, -0.4636476090008061, 2.23606797749979
121, 0, 44, 197, 42, 198, 2, -1, -0.4636476090008061, 2.23606797749979
121, 1, 22, 150, 20, 151, 2, -1, -0.4636476090008061, 2.23606797749979
121, 2, 56, 72, 54, 73, 2, -1, -0.4636476090008061, 2.23606797749979
121, 3, 54, 404, 52, 404, 2, 0, 0.0, 2.0
121, 4, 73, 116, 71, 117, 2, -1, -0.4636476090008061, 2.23606797749979
121, 6, 17, 74, 15, 75, 2, -1, -0.4636476090008061, 2.23606797749979
121, 8, 118, 327, 116, 327, 2, 0, 0.0, 2.0
121, 9, 51, 201, 49, 202, 2, -1, -0.4636476090008061, 2.23606797749979
121, 10, 129, 208, 126, 212, 3, -4, -0.9272952180016122, 5.0
121, 12, 7, 203, 6, 204, 1, -1, -0.7853981633974483, 1.4142135623730951
121, 13, 79, 185, 78, 186, 1, -1, -0.7853981633974483, 1.4142135623730951
121, 14, 60, 256, 58, 256, 2, 0, 0.0, 2.0
121, 16, 76, 302, 75, 303, 1, -1, -0.7853981633974483, 1.4142135623730951
121, 17, 76, 160, 76, 162, 0, -2, -1.5707963267948966, 2.0
121, 19, 71, 355, 73, 356, -2, -1, -2.677945044588987, 2.23606797749979
121, 20, 24, 172, 22, 173, 2, -1, -0.4636476090008061, 2.23606797749979
121, 21, 29, 145, 27, 145, 2, 0, 0.0, 2.0
121, 22, 88, 333, 86, 333, 2, 0, 0.0, 2.0
121, 23, 107, 126, 105, 126, 2, 0, 0.0, 2.0
121, 27, 113, 202, 112, 204, 1, -2, -1.1071487177940904, 2.23606797749979
121, 29, 21, 116, 19, 115, 2, 1, 0.4636476090008061, 2.23606797749979
122, 0, 46, 196, 44, 197, 2, -1, -0.4636476090008061, 2.23606797749979
122, 2, 59, 72, 56, 72, 3, 0, 0.0, 3.0
122, 3, 57, 404, 54, 404, 3, 0, 0.0, 3.0
122, 5, 30, 284, 29, 283, 1, 1, 0.7853981633974483, 1.4142135623730951
122, 8, 119, 328, 118, 327, 1, 1, 0.7853981633974483, 1.4142135623730951
122, 9, 53, 200, 51, 201, 2, -1, -0.4636476090008061, 2.23606797749979
122, 10, 131, 205, 129, 208, 2, -3, -0.982793723247329, 3.605551275463989
122, 11, 122, 360, 120, 361, 2, -1, -0.4636476090008061, 2.23606797749979
122, 12, 9, 201, 7, 203, 2, -2, -0.7853981633974483, 2.8284271247461903
122, 13, 81, 184, 79, 185, 2, -1, -0.4636476090008061, 2.23606797749979
122, 15, 93, 385, 91, 385, 2, 0, 0.0, 2.0
122, 16, 78, 302, 76, 302, 2, 0, 0.0, 2.0
122, 17, 78, 159, 76, 160, 2, -1, -0.4636476090008061, 2.23606797749979
122, 19, 69, 355, 71, 355, -2, 0, 3.141592653589793, 2.0
122, 20, 25, 170, 24, 172, 1, -2, -1.1071487177940904, 2.23606797749979
122, 21, 31, 145, 29, 145, 2, 0, 0.0, 2.0
122, 22, 90, 335, 88, 333, 2, 2, 0.7853981633974483, 2.8284271247461903
122, 23, 110, 125, 107, 126, 3, -1, -0.3217505543966422, 3.1622776601683795
122, 24, 48, 315, 46, 315, 2, 0, 0.0, 2.0
122, 27, 115, 200, 113, 202, 2, -2, -0.7853981633974483, 2.8284271247461903
123, 0, 49, 195, 46, 196, 3, -1, -0.3217505543966422, 3.1622776601683795
123, 1, 25, 149, 23, 150, 2, -1, -0.4636476090008061, 2.23606797749979
123, 2, 61, 72, 59, 72, 2, 0, 0.0, 2.0
123, 3, 60, 403, 57, 404, 3, -1, -0.3217505543966422, 3.1622776601683795
123, 4, 76, 116, 74, 116, 2, 0, 0.0, 2.0
123, 5, 32, 284, 30, 284, 2, 0, 0.0, 2.0
123, 6, 18, 72, 17, 73, 1, -1, -0.7853981633974483, 1.4142135623730951
123, 7, 85, 337, 83, 337, 2, 0, 0.0, 2.0
123, 8, 121, 328, 119, 328, 2, 0, 0.0, 2.0
123, 9, 54, 199, 53, 200, 1, -1, -0.7853981633974483, 1.4142135623730951
123, 10, 133, 202, 131, 205, 2, -3, -0.982793723247329, 3.605551275463989
123, 12, 10, 200, 9, 201, 1, -1, -0.7853981633974483, 1.4142135623730951
123, 13, 82, 183, 81, 184, 1, -1, -0.7853981633974483, 1.4142135623730951
123, 14, 63, 257, 61, 256, 2, 1, 0.4636476090008061, 2.23606797749979
123, 15, 95, 385, 93, 385, 2, 0, 0.0, 2.0
123, 16, 79, 303, 78, 302, 1, 1, 0.7853981633974483, 1.4142135623730951
123, 17, 80, 159, 78, 159, 2, 0, 0.0, 2.0
123, 21, 33, 145, 31, 145, 2, 0, 0.0, 2.0
123, 22, 91, 334, 90, 335, 1, -1, -0.7853981633974483, 1.4142135623730951
123, 23, 112, 124, 110, 125, 2, -1, -0.4636476090008061, 2.23606797749979
123, 24, 50, 315, 48, 315, 2, 0, 0.0, 2.0
123, 27, 117, 198, 115, 200, 2, -2, -0.7853981633974483, 2.8284271247461903
124, 0, 50, 193, 49, 195, 1, -2, -1.1071487177940904, 2.23606797749979
124, 1, 27, 149, 25, 149, 2, 0, 0.0, 2.0
124, 2, 62, 71, 61, 72, 1, -1, -0.7853981633974483, 1.4142135623730951
124, 3, 62, 403, 60, 403, 2, 0, 0.0, 2.0
124, 6, 19, 71, 18, 72, 1, -1, -0.7853981633974483, 1.4142135623730951
124, 7, 87, 336, 85, 337, 2, -1, -0.4636476090008061, 2.23606797749979
124, 8, 124, 327, 121, 328, 3, -1, -0.3217505543966422, 3.1622776601683795
124, 9, 55, 198, 54, 199, 1, -1, -0.7853981633974483, 1.4142135623730951
124, 10, 133, 199, 133, 202, 0, -3, -1.5707963267948966, 3.0
124, 11, 128, 359, 123, 360, 5, -1, -0.19739555984988075, 5.0990195135927845
124, 12, 12, 199, 10, 200, 2, -1, -0.4636476090008061, 2.23606797749979
124, 13, 84, 183, 82, 183, 2, 0, 0.0, 2.0
124, 15, 98, 385, 95, 385, 3, 0, 0.0, 3.0
124, 16, 81, 303, 79, 303, 2, 0, 0.0, 2.0
124, 17, 81, 157, 80, 159, 1, -2, -1.1071487177940904, 2.23606797749979
124, 21, 93, 334, 91, 334, 2, 0, 0.0, 2.0
124, 22, 114, 123, 112, 124, 2, -1, -0.4636476090008061, 2.23606797749979
124, 24, 41, 281, 39, 281, 2, 0, 0.0, 2.0
124, 26, 118, 196, 117, 198, 1, -2, -1.1071487177940904, 2.23606797749979
125, 0, 48, 197, 47, 198, 1, -1, -0.7853981633974483, 1.4142135623730951
125, 1, 24, 145, 23, 146, 1, -1, -0.7853981633974483, 1.4142135623730951
125, 2, 59, 403, 57, 404, 2, -1, -0.4636476090008061, 2.23606797749979
125, 3, 61, 200, 60, 203, 1, -3, -1.2490457723982544, 3.1622776601683795
125, 4, 123, 326, 121, 326, 2, 0, 0.0, 2.0
125, 5, 83, 186, 82, 187, 1, -1, -0.7853981633974483, 1.4142135623730951
125, 7, 121, 316, 120, 317, 1, -1, -0.7853981633974483, 1.4142135623730951
125, 10, 32, 285, 31, 284, 1, 1, 0.7853981633974483, 1.4142135623730951
125, 11, 76, 114, 74, 114, 2, 0, 0.0, 2.0
125, 12, 94, 303, 93, 304, 1, -1, -0.7853981633974483, 1.4142135623730951
125, 13, 125, 362, 124, 361, 1, 1, 0.7853981633974483, 1.4142135623730951
125, 14, 56, 309, 54, 309, 2, 0, 0.0, 2.0
125, 16, 119, 207, 118, 210, 1, -3, -1.2490457723982544, 3.1622776601683795
125, 17, 83, 338, 82, 339, 1, -1, -0.7853981633974483, 1.4142135623730951
125, 20, 132, 204, 134, 205, -2, -1, -2.677945044588987, 2.23606797749979
125, 21, 91, 334, 89, 335, 2, -1, -0.4636476090008061, 2.23606797749979
125, 23, 72, 356, 70, 357, 2, -1, -0.4636476090008061, 2.23606797749979
125, 24, 81, 157, 79, 158, 2, -1, -0.4636476090008061, 2.23606797749979
125, 25, 12, 145, 9, 147, 3, -2, -0.5880026035475675, 3.605551275463989
125, 26, 26, 172, 25, 173, 1, -1, -0.7853981633974483, 1.4142135623730951
125, 27, 34, 116, 32, 116, 2, 0, 0.0, 2.0
125, 28, 93, 276, 91, 275, 2, 1, 0.4636476090008061, 2.23606797749979
125, 29, 115, 157, 114, 158, 1, -1, -0.7853981633974483, 1.4142135623730951
125, 30, 69, 365, 67, 365, 2, 0, 0.0, 2.0
125, 31, 43, 285, 41, 285, 2, 0, 0.0, 2.0
125, 33, 122, 202, 120, 203, 2, -1, -0.4636476090008061, 2.23606797749979
126, 0, 50, 196, 48, 197, 2, -1, -0.4636476090008061, 2.23606797749979
126, 2, 61, 402, 59, 403, 2, -1, -0.4636476090008061, 2.23606797749979
126, 3, 62, 198, 61, 200, 1, -2, -1.1071487177940904, 2.23606797749979
126, 4, 125, 326, 123, 326, 2, 0, 0.0, 2.0
126, 5, 84, 184, 83, 186, 1, -2, -1.1071487177940904, 2.23606797749979
126, 6, 62, 73, 60, 74, 2, -1, -0.4636476090008061, 2.23606797749979
126, 8, 11, 202, 10, 203, 1, -1, -0.7853981633974483, 1.4142135623730951
126, 9, 20, 74, 18, 75, 2, -1, -0.4636476090008061, 2.23606797749979
126, 11, 78, 114, 76, 114, 2, 0, 0.0, 2.0
126, 12, 95, 302, 94, 303, 1, -1, -0.7853981633974483, 1.4142135623730951
126, 13, 127, 361, 125, 362, 2, -1, -0.4636476090008061, 2.23606797749979
126, 14, 58, 309, 56, 309, 2, 0, 0.0, 2.0
126, 15, 87, 296, 85, 296, 2, 0, 0.0, 2.0
126, 16, 122, 205, 119, 207, 3, -2, -0.5880026035475675, 3.605551275463989
126, 17, 85, 338, 83, 338, 2, 0, 0.0, 2.0
126, 20, 93, 335, 91, 334, 2, 1, 0.4636476090008061, 2.23606797749979
126, 22, 74, 356, 72, 356, 2, 0, 0.0, 2.0
126, 23, 84, 157, 81, 157, 3, 0, 0.0, 3.0
126, 24, 13, 143, 12, 145, 1, -2, -1.1071487177940904, 2.23606797749979
126, 25, 27, 171, 26, 172, 1, -1, -0.7853981633974483, 1.4142135623730951
126, 26, 36, 116, 34, 116, 2, 0, 0.0, 2.0
126, 28, 116, 155, 115, 157, 1, -2, -1.1071487177940904, 2.23606797749979
126, 29, 73, 365, 69, 365, 4, 0, 0.0, 4.0
126, 31, 81, 305, 80, 304, 1, 1, 0.7853981633974483, 1.4142135623730951
126, 32, 127, 201, 122, 202, 5, -1, -0.19739555984988075, 5.0990195135927845
127, 0, 52, 195, 50, 196, 2, -1, -0.4636476090008061, 2.23606797749979
127, 1, 27, 148, 25, 145, 2, 3, 0.982793723247329, 3.605551275463989
127, 2, 63, 402, 61, 402, 2, 0, 0.0, 2.0
127, 3, 64, 196, 62, 198, 2, -2, -0.7853981633974483, 2.8284271247461903
127, 4, 127, 327, 125, 326, 2, 1, 0.4636476090008061, 2.23606797749979
127, 5, 86, 182, 84, 184, 2, -2, -0.7853981633974483, 2.8284271247461903
127, 6, 69, 72, 62, 73, 7, -1, -0.14189705460416394, 7.0710678118654755
127, 7, 124, 317, 122, 316, 2, 1, 0.4636476090008061, 2.23606797749979
127, 8, 13, 201, 11, 202, 2, -1, -0.4636476090008061, 2.23606797749979
127, 9, 26, 73, 20, 74, 6, -1, -0.16514867741462683, 6.082762530298219
127, 12, 96, 300, 95, 302, 1, -2, -1.1071487177940904, 2.23606797749979
127, 13, 129, 361, 127, 361, 2, 0, 0.0, 2.0
127, 14, 61, 309, 58, 309, 3, 0, 0.0, 3.0
127, 15, 90, 297, 87, 296, 3, 1, 0.3217505543966422, 3.1622776601683795
127, 16, 124, 203, 122, 205, 2, -2, -0.7853981633974483, 2.8284271247461903
127, 18, 65, 264, 63, 264, 2, 0, 0.0, 2.0
127, 19, 35, 178, 33, 179, 2, -1, -0.4636476090008061, 2.23606797749979
127, 21, 58, 259, 56, 259, 2, 0, 0.0, 2.0
127, 22, 78, 356, 74, 356, 4, 0, 0.0, 4.0
127, 24, 14, 141, 13, 143, 1, -2, -1.1071487177940904, 2.23606797749979
127, 25, 28, 170, 27, 171, 1, -1, -0.7853981633974483, 1.4142135623730951
127, 26, 38, 116, 36, 116, 2, 0, 0.0, 2.0
127, 27, 96, 277, 94, 276, 2, 1, 0.4636476090008061, 2.23606797749979
127, 28, 117, 154, 116, 155, 1, -1, -0.7853981633974483, 1.4142135623730951
127, 31, 84, 306, 81, 305, 3, 1, 0.3217505543966422, 3.1622776601683795
127, 32, 130, 201, 127, 201, 3, 0, 0.0, 3.0
128, 0, 54, 194, 52, 195, 2, -1, -0.4636476090008061, 2.23606797749979
128, 1, 29, 147, 27, 148, 2, -1, -0.4636476090008061, 2.23606797749979
128, 2, 65, 402, 63, 402, 2, 0, 0.0, 2.0
128, 3, 65, 195, 64, 196, 1, -1, -0.7853981633974483, 1.4142135623730951
128, 4, 129, 327, 127, 327, 2, 0, 0.0, 2.0
128, 5, 88, 180, 86, 182, 2, -2, -0.7853981633974483, 2.8284271247461903
128, 7, 128, 317, 124, 317, 4, 0, 0.0, 4.0
128, 8, 14, 200, 13, 201, 1, -1, -0.7853981633974483, 1.4142135623730951
128, 12, 99, 299, 96, 300, 3, -1, -0.3217505543966422, 3.1622776601683795
128, 13, 131, 360, 129, 361, 2, -1, -0.4636476090008061, 2.23606797749979
128, 14, 63, 310, 61, 309, 2, 1, 0.4636476090008061, 2.23606797749979
128, 15, 92, 297, 90, 297, 2, 0, 0.0, 2.0
128, 16, 125, 202, 124, 203, 1, -1, -0.7853981633974483, 1.4142135623730951
128, 17, 88, 338, 86, 338, 2, 0, 0.0, 2.0
128, 19, 37, 177, 35, 178, 2, -1, -0.4636476090008061, 2.23606797749979
128, 20, 96, 334, 94, 335, 2, -1, -0.4636476090008061, 2.23606797749979
128, 22, 80, 355, 78, 356, 2, -1, -0.4636476090008061, 2.23606797749979
128, 24, 16, 140, 14, 141, 2, -1, -0.4636476090008061, 2.23606797749979
128, 25, 29, 169, 28, 170, 1, -1, -0.7853981633974483, 1.4142135623730951
128, 27, 98, 277, 96, 277, 2, 0, 0.0, 2.0
128, 28, 119, 152, 117, 154, 2, -2, -0.7853981633974483, 2.8284271247461903
128, 32, 133, 201, 130, 201, 3, 0, 0.0, 3.0
129, 0, 56, 193, 54, 194, 2, -1, -0.4636476090008061, 2.23606797749979
129, 1, 31, 147, 29, 147, 2, 0, 0.0, 2.0
129, 3, 67, 194, 65, 195, 2, -1, -0.4636476090008061, 2.23606797749979
129, 4, 131, 326, 129, 327, 2, -1, -0.4636476090008061, 2.23606797749979
129, 5, 89, 178, 88, 180, 1, -2, -1.1071487177940904, 2.23606797749979
129, 6, 71, 71, 70, 72, 1, -1, -0.7853981633974483, 1.4142135623730951
129, 7, 131, 317, 128, 317, 3, 0, 0.0, 3.0
129, 8, 15, 199, 14, 200, 1, -1, -0.7853981633974483, 1.4142135623730951
129, 11, 81, 116, 80, 114, 1, 2, 1.1071487177940904, 2.23606797749979
129, 12, 102, 297, 99, 299, 3, -2, -0.5880026035475675, 3.605551275463989
129, 13, 133, 360, 131, 360, 2, 0, 0.0, 2.0
129, 14, 62, 313, 63, 310, -1, 3, 1.892546881191539, 3.1622776601683795
129, 15, 97, 298, 92, 297, 5, 1, 0.19739555984988075, 5.0990195135927845
129, 16, 126, 201, 125, 202, 1, -1, -0.7853981633974483, 1.4142135623730951
129, 17, 90, 338, 88, 338, 2, 0, 0.0, 2.0
129, 19, 39, 176, 37, 177, 2, -1, -0.4636476090008061, 2.23606797749979
129, 20, 98, 333, 96, 334, 2, -1, -0.4636476090008061, 2.23606797749979
129, 21, 60, 260, 59, 259, 1, 1, 0.7853981633974483, 1.4142135623730951
129, 22, 82, 356, 80, 355, 2, 1, 0.4636476090008061, 2.23606797749979
129, 24, 17, 139, 16, 140, 1, -1, -0.7853981633974483, 1.4142135623730951
129, 25, 31, 168, 29, 169, 2, -1, -0.4636476090008061, 2.23606797749979
129, 26, 41, 116, 39, 116, 2, 0, 0.0, 2.0
129, 27, 99, 278, 98, 277, 1, 1, 0.7853981633974483, 1.4142135623730951
129, 28, 121, 151, 119, 152, 2, -1, -0.4636476090008061, 2.23606797749979
129, 29, 77, 365, 75, 365, 2, 0, 0.0, 2.0
129, 30, 47, 284, 46, 285, 1, -1, -0.7853981633974483, 1.4142135623730951
129, 31, 86, 308, 84, 307, 2, 1, 0.4636476090008061, 2.23606797749979
129, 32, 136, 200, 133, 201, 3, -1, -0.3217505543966422, 3.1622776601683795
130, 0, 53, 195, 52, 196, 1, -1, -0.7853981633974483, 1.4142135623730951
130, 1, 64, 404, 62, 404, 2, 0, 0.0, 2.0
130, 2, 68, 74, 66, 74, 2, 0, 0.0, 2.0
130, 4, 8, 224, 5, 226, 3, -2, -0.5880026035475675, 3.605551275463989
130, 6, 89, 183, 87, 184, 2, -1, -0.4636476090008061, 2.23606797749979
130, 7, 127, 322, 126, 321, 1, 1, 0.7853981633974483, 1.4142135623730951
130, 10, 85, 162, 84, 163, 1, -1, -0.7853981633974483, 1.4142135623730951
130, 11, 98, 302, 97, 303, 1, -1, -0.7853981633974483, 1.4142135623730951
130, 12, 15, 200, 14, 201, 1, -1, -0.7853981633974483, 1.4142135623730951
130, 13, 74, 313, 68, 310, 6, 3, 0.4636476090008061, 6.708203932499369
130, 14, 133, 360, 131, 361, 2, -1, -0.4636476090008061, 2.23606797749979
130, 15, 85, 118, 84, 120, 1, -2, -1.1071487177940904, 2.23606797749979
130, 16, 89, 339, 87, 339, 2, 0, 0.0, 2.0
130, 17, 88, 356, 84, 355, 4, 1, 0.24497866312686414, 4.123105625617661
130, 18, 29, 149, 27, 150, 2, -1, -0.4636476090008061, 2.23606797749979
130, 20, 32, 169, 31, 171, 1, -2, -1.1071487177940904, 2.23606797749979
130, 21, 19, 310, 17, 312, 2, -2, -0.7853981633974483, 2.8284271247461903
130, 22, 17, 383, 15, 383, 2, 0, 0.0, 2.0
130, 23, 86, 307, 84, 307, 2, 0, 0.0, 2.0
130, 24, 98, 335, 96, 335, 2, 0, 0.0, 2.0
130, 28, 6, 182, 4, 184, 2, -2, -0.7853981633974483, 2.8284271247461903
130, 31, 76, 157, 75, 158, 1, -1, -0.7853981633974483, 1.4142135623730951
130, 33, 81, 82, 79, 84, 2, -2, -0.7853981633974483, 2.8284271247461903
130, 34, 118, 122, 116, 122, 2, 0, 0.0, 2.0
130, 35, 13, 181, 11, 184, 2, -3, -0.982793723247329, 3.605551275463989
130, 36, 120, 156, 119, 157, 1, -1, -0.7853981633974483, 1.4142135623730951
131, 0, 54, 194, 53, 195, 1, -1, -0.7853981633974483, 1.4142135623730951
131, 1, 66, 404, 64, 404, 2, 0, 0.0, 2.0
131, 2, 70, 74, 68, 74, 2, 0, 0.0, 2.0
131, 3, 26, 75, 24, 75, 2, 0, 0.0, 2.0
131, 4, 12, 223, 8, 224, 4, -1, -0.24497866312686414, 4.123105625617661
131, 6, 90, 181, 89, 183, 1, -2, -1.1071487177940904, 2.23606797749979
131, 7, 129, 322, 127, 322, 2, 0, 0.0, 2.0
131, 11, 99, 304, 98, 302, 1, 2, 1.1071487177940904, 2.23606797749979
131, 12, 17, 199, 15, 200, 2, -1, -0.4636476090008061, 2.23606797749979
131, 13, 78, 315, 74, 313, 4, 2, 0.4636476090008061, 4.47213595499958
131, 14, 136, 360, 133, 360, 3, 0, 0.0, 3.0
131, 16, 91, 339, 89, 339, 2, 0, 0.0, 2.0
131, 17, 92, 356, 88, 356, 4, 0, 0.0, 4.0
131, 18, 30, 147, 29, 149, 1, -2, -1.1071487177940904, 2.23606797749979
131, 20, 35, 168, 32, 169, 3, -1, -0.3217505543966422, 3.1622776601683795
131, 21, 24, 312, 19, 310, 5, 2, 0.3805063771123649, 5.385164807134504
131, 22, 19, 383, 17, 383, 2, 0, 0.0, 2.0
131, 23, 87, 308, 86, 307, 1, 1, 0.7853981633974483, 1.4142135623730951
131, 24, 100, 336, 98, 335, 2, 1, 0.4636476090008061, 2.23606797749979
131, 25, 125, 329, 123, 329, 2, 0, 0.0, 2.0
131, 26, 103, 385, 101, 386, 2, -1, -0.4636476090008061, 2.23606797749979
131, 27, 40, 116, 38, 117, 2, -1, -0.4636476090008061, 2.23606797749979
131, 28, 8, 181, 6, 182, 2, -1, -0.4636476090008061, 2.23606797749979
131, 29, 80, 365, 78, 365, 2, 0, 0.0, 2.0
131, 30, 42, 84, 41, 85, 1, -1, -0.7853981633974483, 1.4142135623730951
131, 31, 77, 156, 76, 157, 1, -1, -0.7853981633974483, 1.4142135623730951
131, 32, 61, 318, 60, 319, 1, -1, -0.7853981633974483, 1.4142135623730951
131, 33, 82, 80, 81, 82, 1, -2, -1.1071487177940904, 2.23606797749979
131, 34, 121, 122, 118, 122, 3, 0, 0.0, 3.0
131, 35, 14, 180, 13, 181, 1, -1, -0.7853981633974483, 1.4142135623730951
132, 0, 55, 193, 54, 194, 1, -1, -0.7853981633974483, 1.4142135623730951
132, 1, 68, 403, 66, 404, 2, -1, -0.4636476090008061, 2.23606797749979
132, 2, 72, 74, 70, 74, 2, 0, 0.0, 2.0
132, 3, 28, 74, 26, 75, 2, -1, -0.4636476090008061, 2.23606797749979
132, 4, 15, 222, 12, 223, 3, -1, -0.3217505543966422, 3.1622776601683795
132, 6, 92, 180, 90, 181, 2, -1, -0.4636476090008061, 2.23606797749979
132, 7, 131, 321, 129, 322, 2, -1, -0.4636476090008061, 2.23606797749979
132, 8, 38, 288, 36, 287, 2, 1, 0.4636476090008061, 2.23606797749979
132, 9, 68, 266, 67, 265, 1, 1, 0.7853981633974483, 1.4142135623730951
132, 10, 86, 159, 85, 161, 1, -2, -1.1071487177940904, 2.23606797749979
132, 11, 100, 305, 99, 304, 1, 1, 0.7853981633974483, 1.4142135623730951
132, 12, 18, 198, 17, 199, 1, -1, -0.7853981633974483, 1.4142135623730951
132, 13, 80, 317, 78, 315, 2, 2, 0.7853981633974483, 2.8284271247461903
132, 14, 139, 359, 136, 360, 3, -1, -0.3217505543966422, 3.1622776601683795
132, 15, 87, 116, 85, 117, 2, -1, -0.4636476090008061, 2.23606797749979
132, 16, 93, 338, 91, 339, 2, -1, -0.4636476090008061, 2.23606797749979
132, 17, 93, 358, 92, 356, 1, 2, 1.1071487177940904, 2.23606797749979
132, 18, 32, 146, 30, 147, 2, -1, -0.4636476090008061, 2.23606797749979
132, 19, 9, 389, 7, 389, 2, 0, 0.0, 2.0
132, 20, 37, 166, 35, 168, 2, -2, -0.7853981633974483, 2.8284271247461903
132, 21, 28, 314, 24, 312, 4, 2, 0.4636476090008061, 4.47213595499958
132, 22, 21, 383, 19, 383, 2, 0, 0.0, 2.0
132, 23, 90, 308, 87, 308, 3, 0, 0.0, 3.0
132, 24, 101, 337, 100, 336, 1, 1, 0.7853981633974483, 1.4142135623730951
132, 25, 127, 329, 125, 329, 2, 0, 0.0, 2.0
132, 26, 105, 384, 103, 385, 2, -1, -0.4636476090008061, 2.23606797749979
132, 27, 41, 115, 40, 116, 1, -1, -0.7853981633974483, 1.4142135623730951
132, 28, 10, 180, 8, 181, 2, -1, -0.4636476090008061, 2.23606797749979
132, 29, 82, 364, 80, 365, 2, -1, -0.4636476090008061, 2.23606797749979
132, 30, 43, 83, 42, 84, 1, -1, -0.7853981633974483, 1.4142135623730951
132, 31, 79, 154, 77, 156, 2, -2, -0.7853981633974483, 2.8284271247461903
132, 32, 63, 318, 61, 318, 2, 0, 0.0, 2.0
132, 34, 123, 121, 121, 122, 2, -1, -0.4636476090008061, 2.23606797749979
133, 0, 57, 191, 55, 193, 2, -2, -0.7853981633974483, 2.8284271247461903
133, 1, 70, 402, 68, 403, 2, -1, -0.4636476090008061, 2.23606797749979
133, 2, 74, 73, 72, 74, 2, -1, -0.4636476090008061, 2.23606797749979
133, 4, 18, 220, 15, 222, 3, -2, -0.5880026035475675, 3.605551275463989
133, 5, 131, 205, 129, 207, 2, -2, -0.7853981633974483, 2.8284271247461903
133, 6, 94, 179, 92, 180, 2, -1, -0.4636476090008061, 2.23606797749979
133, 7, 132, 322, 131, 321, 1, 1, 0.7853981633974483, 1.4142135623730951
133, 10, 88, 159, 86, 159, 2, 0, 0.0, 2.0
133, 11, 101, 306, 100, 305, 1, 1, 0.7853981633974483, 1.4142135623730951
133, 12, 20, 198, 18, 198, 2, 0, 0.0, 2.0
133, 14, 141, 358, 139, 359, 2, -1, -0.4636476090008061, 2.23606797749979
133, 15, 88, 115, 87, 116, 1, -1, -0.7853981633974483, 1.4142135623730951
133, 17, 95, 360, 93, 358, 2, 2, 0.7853981633974483, 2.8284271247461903
133, 18, 33, 145, 32, 146, 1, -1, -0.7853981633974483, 1.4142135623730951
133, 19, 11, 389, 9, 389, 2, 0, 0.0, 2.0
133, 20, 38, 165, 37, 166, 1, -1, -0.7853981633974483, 1.4142135623730951
133, 21, 31, 315, 28, 314, 3, 1, 0.3217505543966422, 3.1622776601683795
133, 23, 92, 308, 90, 308, 2, 0, 0.0, 2.0
133, 24, 102, 338, 101, 337, 1, 1, 0.7853981633974483, 1.4142135623730951
133, 25, 129, 329, 127, 329, 2, 0, 0.0, 2.0
133, 27, 43, 114, 41, 115, 2, -1, -0.4636476090008061, 2.23606797749979
133, 28, 12, 180, 10, 180, 2, 0, 0.0, 2.0
133, 29, 84, 365, 82, 364, 2, 1, 0.4636476090008061, 2.23606797749979
133, 31, 81, 153, 79, 154, 2, -1, -0.4636476090008061, 2.23606797749979
133, 32, 65, 318, 63, 318, 2, 0, 0.0, 2.0
133, 34, 125, 120, 123, 121, 2, -1, -0.4636476090008061, 2.23606797749979
133, 35, 15, 181, 14, 180, 1, 1, 0.7853981633974483, 1.4142135623730951
134, 0, 58, 190, 57, 191, 1, -1, -0.7853981633974483, 1.4142135623730951
134, 1, 73, 401, 70, 402, 3, -1, -0.3217505543966422, 3.1622776601683795
134, 2, 76, 72, 74, 73, 2, -1, -0.4636476090008061, 2.23606797749979
134, 3, 30, 73, 29, 74, 1, -1, -0.7853981633974483, 1.4142135623730951
134, 4, 19, 219, 18, 220, 1, -1, -0.7853981633974483, 1.4142135623730951
134, 5, 135, 204, 131, 205, 4, -1, -0.24497866312686414, 4.123105625617661
134, 7, 134, 322, 132, 322, 2, 0, 0.0, 2.0
134, 8, 41, 288, 39, 288, 2, 0, 0.0, 2.0
134, 10, 90, 158, 88, 159, 2, -1, -0.4636476090008061, 2.23606797749979
134, 12, 21, 197, 20, 198, 1, -1, -0.7853981633974483, 1.4142135623730951
134, 13, 78, 319, 80, 318, -2, 1, 2.677945044588987, 2.23606797749979
134, 14, 143, 358, 141, 358, 2, 0, 0.0, 2.0
134, 15, 89, 114, 88, 115, 1, -1, -0.7853981633974483, 1.4142135623730951
134, 16, 96, 338, 94, 338, 2, 0, 0.0, 2.0
134, 17, 94, 361, 95, 360, -1, 1, 2.356194490192345, 1.4142135623730951
134, 18, 34, 144, 33, 145, 1, -1, -0.7853981633974483, 1.4142135623730951
134, 19, 13, 389, 11, 389, 2, 0, 0.0, 2.0
134, 20, 39, 164, 38, 165, 1, -1, -0.7853981633974483, 1.4142135623730951
134, 23, 94, 308, 92, 308, 2, 0, 0.0, 2.0
134, 24, 104, 338, 102, 338, 2, 0, 0.0, 2.0
134, 25, 131, 329, 129, 329, 2, 0, 0.0, 2.0
134, 27, 44, 113, 43, 114, 1, -1, -0.7853981633974483, 1.4142135623730951
134, 28, 13, 179, 12, 180, 1, -1, -0.7853981633974483, 1.4142135623730951
134, 29, 89, 364, 84, 365, 5, -1, -0.19739555984988075, 5.0990195135927845
134, 31, 82, 152, 81, 153, 1, -1, -0.7853981633974483, 1.4142135623730951
134, 32, 68, 318, 65, 318, 3, 0, 0.0, 3.0
134, 33, 84, 79, 83, 80, 1, -1, -0.7853981633974483, 1.4142135623730951
134, 34, 126, 119, 125, 120, 1, -1, -0.7853981633974483, 1.4142135623730951
134, 35, 15, 183, 15, 181, 0, 2, 1.5707963267948966, 2.0
134, 36, 122, 153, 121, 154, 1, -1, -0.7853981633974483, 1.4142135623730951
135, 0, 59, 192, 57, 194, 2, -2, -0.7853981633974483, 2.8284271247461903
135, 1, 12, 180, 10, 181, 2, -1, -0.4636476090008061, 2.23606797749979
135, 2, 35, 141, 33, 142, 2, -1, -0.4636476090008061, 2.23606797749979
135, 3, 74, 74, 72, 75, 2, -1, -0.4636476090008061, 2.23606797749979
135, 4, 66, 192, 65, 193, 1, -1, -0.7853981633974483, 1.4142135623730951
135, 5, 30, 74, 28, 75, 2, -1, -0.4636476090008061, 2.23606797749979
135, 6, 71, 404, 69, 404, 2, 0, 0.0, 2.0
135, 7, 134, 205, 130, 208, 4, -3, -0.6435011087932844, 5.0
135, 8, 20, 200, 19, 201, 1, -1, -0.7853981633974483, 1.4142135623730951
135, 9, 140, 360, 137, 360, 3, 0, 0.0, 3.0
135, 10, 94, 303, 92, 301, 2, 2, 0.7853981633974483, 2.8284271247461903
135, 11, 86, 116, 85, 117, 1, -1, -0.7853981633974483, 1.4142135623730951
135, 12, 13, 389, 11, 389, 2, 0, 0.0, 2.0
135, 13, 93, 182, 92, 183, 1, -1, -0.7853981633974483, 1.4142135623730951
135, 14, 22, 140, 20, 141, 2, -1, -0.4636476090008061, 2.23606797749979
135, 15, 135, 328, 133, 328, 2, 0, 0.0, 2.0
135, 16, 72, 266, 70, 266, 2, 0, 0.0, 2.0
135, 17, 40, 289, 39, 288, 1, 1, 0.7853981633974483, 1.4142135623730951
135, 18, 36, 168, 35, 169, 1, -1, -0.7853981633974483, 1.4142135623730951
135, 19, 99, 340, 97, 340, 2, 0, 0.0, 2.0
135, 21, 54, 366, 56, 366, -2, 0, 3.141592653589793, 2.0
135, 22, 43, 113, 42, 114, 1, -1, -0.7853981633974483, 1.4142135623730951
135, 23, 24, 385, 22, 385, 2, 0, 0.0, 2.0
135, 24, 119, 155, 118, 156, 1, -1, -0.7853981633974483, 1.4142135623730951
135, 26, 111, 340, 109, 340, 2, 0, 0.0, 2.0
135, 27, 77, 314, 79, 314, -2, 0, 3.141592653589793, 2.0
135, 28, 100, 310, 95, 310, 5, 0, 0.0, 5.0
135, 29, 84, 366, 82, 367, 2, -1, -0.4636476090008061, 2.23606797749979
135, 30, 51, 334, 49, 334, 2, 0, 0.0, 2.0
135, 31, 88, 158, 86, 159, 2, -1, -0.4636476090008061, 2.23606797749979
135, 32, 129, 196, 127, 198, 2, -2, -0.7853981633974483, 2.8284271247461903
135, 34, 94, 358, 95, 357, -1, 1, 2.356194490192345, 1.4142135623730951
135, 35, 62, 320, 61, 321, 1, -1, -0.7853981633974483, 1.4142135623730951
135, 36, 9, 319, 7, 319, 2, 0, 0.0, 2.0
135, 37, 13, 311, 10, 311, 3, 0, 0.0, 3.0
135, 38, 19, 220, 18, 222, 1, -2, -1.1071487177940904, 2.23606797749979
136, 0, 60, 191, 59, 192, 1, -1, -0.7853981633974483, 1.4142135623730951
136, 1, 14, 179, 12, 180, 2, -1, -0.4636476090008061, 2.23606797749979
136, 2, 37, 140, 35, 141, 2, -1, -0.4636476090008061, 2.23606797749979
136, 3, 76, 73, 74, 74, 2, -1, -0.4636476090008061, 2.23606797749979
136, 4, 67, 190, 66, 192, 1, -2, -1.1071487177940904, 2.23606797749979
136, 5, 32, 73, 30, 74, 2, -1, -0.4636476090008061, 2.23606797749979
136, 6, 73, 403, 71, 404, 2, -1, -0.4636476090008061, 2.23606797749979
136, 7, 137, 203, 134, 205, 3, -2, -0.5880026035475675, 3.605551275463989
136, 8, 22, 199, 20, 200, 2, -1, -0.4636476090008061, 2.23606797749979
136, 9, 142, 360, 140, 360, 2, 0, 0.0, 2.0
136, 10, 99, 304, 94, 303, 5, 1, 0.19739555984988075, 5.0990195135927845
136, 12, 15, 389, 13, 389, 2, 0, 0.0, 2.0
136, 13, 95, 181, 93, 182, 2, -1, -0.4636476090008061, 2.23606797749979
136, 14, 24, 139, 22, 140, 2, -1, -0.4636476090008061, 2.23606797749979
136, 15, 137, 328, 135, 328, 2, 0, 0.0, 2.0
136, 16, 74, 266, 72, 266, 2, 0, 0.0, 2.0
136, 17, 42, 290, 40, 289, 2, 1, 0.4636476090008061, 2.23606797749979
136, 18, 38, 166, 36, 168, 2, -2, -0.7853981633974483, 2.8284271247461903
136, 19, 101, 340, 99, 340, 2, 0, 0.0, 2.0
136, 20, 62, 264, 61, 263, 1, 1, 0.7853981633974483, 1.4142135623730951
136, 22, 45, 112, 43, 113, 2, -1, -0.4636476090008061, 2.23606797749979
136, 23, 26, 385, 24, 385, 2, 0, 0.0, 2.0
136, 24, 121, 154, 119, 155, 2, -1, -0.4636476090008061, 2.23606797749979
136, 26, 113, 339, 111, 340, 2, -1, -0.4636476090008061, 2.23606797749979
136, 27, 75, 313, 77, 314, -2, -1, -2.677945044588987, 2.23606797749979
136, 28, 102, 311, 100, 310, 2, 1, 0.4636476090008061, 2.23606797749979
136, 29, 85, 365, 84, 366, 1, -1, -0.7853981633974483, 1.4142135623730951
136, 30, 53, 334, 51, 334, 2, 0, 0.0, 2.0
136, 31, 90, 157, 88, 158, 2, -1, -0.4636476090008061, 2.23606797749979
136, 32, 130, 194, 129, 196, 1, -2, -1.1071487177940904, 2.23606797749979
136, 34, 91, 358, 94, 358, -3, 0, 3.141592653589793, 3.0
136, 36, 12, 319, 9, 319, 3, 0, 0.0, 3.0
136, 37, 16, 311, 13, 311, 3, 0, 0.0, 3.0
136, 38, 20, 218, 19, 220, 1, -2, -1.1071487177940904, 2.23606797749979
137, 0, 62, 189, 60, 191, 2, -2, -0.7853981633974483, 2.8284271247461903
137, 1, 16, 178, 14, 179, 2, -1, -0.4636476090008061, 2.23606797749979
137, 2, 39, 140, 37, 140, 2, 0, 0.0, 2.0
137, 3, 78, 72, 76, 73, 2, -1, -0.4636476090008061, 2.23606797749979
137, 4, 69, 189, 67, 190, 2, -1, -0.4636476090008061, 2.23606797749979
137, 5, 34, 72, 32, 73, 2, -1, -0.4636476090008061, 2.23606797749979
137, 6, 76, 402, 73, 403, 3, -1, -0.3217505543966422, 3.1622776601683795
137, 7, 139, 201, 137, 203, 2, -2, -0.7853981633974483, 2.8284271247461903
137, 8, 24, 198, 22, 199, 2, -1, -0.4636476090008061, 2.23606797749979
137, 9, 144, 360, 142, 360, 2, 0, 0.0, 2.0
137, 10, 103, 304, 99, 304, 4, 0, 0.0, 4.0
137, 11, 89, 117, 87, 116, 2, 1, 0.4636476090008061, 2.23606797749979
137, 13, 96, 180, 95, 181, 1, -1, -0.7853981633974483, 1.4142135623730951
137, 14, 26, 138, 24, 139, 2, -1, -0.4636476090008061, 2.23606797749979
137, 18, 40, 165, 38, 166, 2, -1, -0.4636476090008061, 2.23606797749979
137, 19, 103, 340, 101, 340, 2, 0, 0.0, 2.0
137, 21, 53, 367, 54, 366, -1, 1, 2.356194490192345, 1.4142135623730951
137, 22, 46, 111, 45, 112, 1, -1, -0.7853981633974483, 1.4142135623730951
137, 23, 28, 385, 26, 385, 2, 0, 0.0, 2.0
137, 24, 123, 153, 121, 154, 2, -1, -0.4636476090008061, 2.23606797749979
137, 25, 40, 339, 38, 339, 2, 0, 0.0, 2.0
137, 26, 114, 338, 113, 339, 1, -1, -0.7853981633974483, 1.4142135623730951
137, 27, 73, 312, 75, 313, -2, -1, -2.677945044588987, 2.23606797749979
137, 30, 54, 335, 53, 334, 1, 1, 0.7853981633974483, 1.4142135623730951
137, 31, 91, 155, 90, 157, 1, -2, -1.1071487177940904, 2.23606797749979
137, 32, 131, 192, 130, 194, 1, -2, -1.1071487177940904, 2.23606797749979
137, 33, 106, 305, 108, 306, -2, -1, -2.677945044588987, 2.23606797749979
137, 34, 89, 357, 91, 358, -2, -1, -2.677945044588987, 2.23606797749979
137, 36, 13, 318, 12, 319, 1, -1, -0.7853981633974483, 1.4142135623730951
137, 37, 19, 311, 16, 311, 3, 0, 0.0, 3.0
138, 0, 63, 187, 62, 189, 1, -2, -1.1071487177940904, 2.23606797749979
138, 1, 18, 178, 16, 178, 2, 0, 0.0, 2.0
138, 2, 41, 139, 39, 140, 2, -1, -0.4636476090008061, 2.23606797749979
138, 3, 80, 71, 78, 72, 2, -1, -0.4636476090008061, 2.23606797749979
138, 5, 36, 71, 34, 72, 2, -1, -0.4636476090008061, 2.23606797749979
138, 6, 78, 401, 76, 402, 2, -1, -0.4636476090008061, 2.23606797749979
138, 7, 138, 199, 139, 201, -1, -2, -2.0344439357957027, 2.23606797749979
138, 8, 26, 198, 24, 198, 2, 0, 0.0, 2.0
138, 9, 146, 360, 144, 360, 2, 0, 0.0, 2.0
138, 10, 101, 303, 103, 304, -2, -1, -2.677945044588987, 2.23606797749979
138, 11, 91, 117, 89, 117, 2, 0, 0.0, 2.0
138, 13, 98, 179, 96, 180, 2, -1, -0.4636476090008061, 2.23606797749979
138, 14, 27, 137, 26, 138, 1, -1, -0.7853981633974483, 1.4142135623730951
138, 15, 140, 329, 138, 328, 2, 1, 0.4636476090008061, 2.23606797749979
138, 17, 45, 291, 43, 290, 2, 1, 0.4636476090008061, 2.23606797749979
138, 20, 64, 265, 63, 264, 1, 1, 0.7853981633974483, 1.4142135623730951
138, 22, 48, 110, 46, 111, 2, -1, -0.4636476090008061, 2.23606797749979
138, 23, 29, 384, 28, 385, 1, -1, -0.7853981633974483, 1.4142135623730951
138, 24, 125, 153, 123, 153, 2, 0, 0.0, 2.0
138, 25, 42, 339, 40, 339, 2, 0, 0.0, 2.0
138, 26, 115, 336, 114, 338, 1, -2, -1.1071487177940904, 2.23606797749979
138, 27, 104, 312, 103, 311, 1, 1, 0.7853981633974483, 1.4142135623730951
138, 28, 87, 365, 85, 365, 2, 0, 0.0, 2.0
138, 30, 92, 151, 91, 155, 1, -4, -1.3258176636680326, 4.123105625617661
138, 31, 132, 189, 131, 192, 1, -3, -1.2490457723982544, 3.1622776601683795
138, 35, 22, 311, 19, 311, 3, 0, 0.0, 3.0
139, 0, 64, 186, 63, 187, 1, -1, -0.7853981633974483, 1.4142135623730951
139, 1, 20, 178, 18, 178, 2, 0, 0.0, 2.0
139, 3, 82, 70, 80, 71, 2, -1, -0.4636476090008061, 2.23606797749979
139, 4, 71, 187, 70, 189, 1, -2, -1.1071487177940904, 2.23606797749979
139, 5, 38, 70, 36, 71, 2, -1, -0.4636476090008061, 2.23606797749979
139, 6, 80, 400, 78, 401, 2, -1, -0.4636476090008061, 2.23606797749979
139, 7, 140, 197, 138, 199, 2, -2, -0.7853981633974483, 2.8284271247461903
139, 8, 28, 196, 26, 198, 2, -2, -0.7853981633974483, 2.8284271247461903
139, 9, 148, 360, 146, 360, 2, 0, 0.0, 2.0
139, 10, 93, 116, 91, 117, 2, -1, -0.4636476090008061, 2.23606797749979
139, 12, 99, 178, 98, 179, 1, -1, -0.7853981633974483, 1.4142135623730951
139, 13, 29, 135, 27, 137, 2, -2, -0.7853981633974483, 2.8284271247461903
139, 14, 141, 330, 140, 329, 1, 1, 0.7853981633974483, 1.4142135623730951
139, 15, 78, 266, 76, 266, 2, 0, 0.0, 2.0
139, 17, 43, 164, 41, 165, 2, -1, -0.4636476090008061, 2.23606797749979
139, 18, 106, 340, 104, 340, 2, 0, 0.0, 2.0
139, 20, 55, 364, 53, 366, 2, -2, -0.7853981633974483, 2.8284271247461903
139, 21, 50, 110, 48, 110, 2, 0, 0.0, 2.0
139, 22, 31, 383, 29, 384, 2, -1, -0.4636476090008061, 2.23606797749979
139, 23, 127, 152, 125, 153, 2, -1, -0.4636476090008061, 2.23606797749979
139, 26, 108, 312, 104, 312, 4, 0, 0.0, 4.0
139, 27, 89, 365, 87, 365, 2, 0, 0.0, 2.0
139, 29, 94, 148, 92, 151, 2, -3, -0.982793723247329, 3.605551275463989
139, 30, 133, 187, 132, 189, 1, -2, -1.1071487177940904, 2.23606797749979
139, 31, 86, 357, 88, 357, -2, 0, 3.141592653589793, 2.0
139, 32, 67, 320, 65, 320, 2, 0, 0.0, 2.0
139, 34, 19, 311, 22, 311, -3, 0, 3.141592653589793, 3.0
140, 0, 64, 190, 62, 191, 2, -1, -0.4636476090008061, 2.23606797749979
140, 1, 18, 174, 16, 175, 2, -1, -0.4636476090008061, 2.23606797749979
140, 2, 40, 141, 39, 142, 1, -1, -0.7853981633974483, 1.4142135623730951
140, 3, 77, 403, 75, 404, 2, -1, -0.4636476090008061, 2.23606797749979
140, 4, 38, 75, 35, 75, 3, 0, 0.0, 3.0
140, 5, 80, 74, 78, 74, 2, 0, 0.0, 2.0
140, 7, 140, 333, 138, 332, 2, 1, 0.4636476090008061, 2.23606797749979
140, 8, 146, 361, 144, 361, 2, 0, 0.0, 2.0
140, 9, 150, 194, 148, 197, 2, -3, -0.982793723247329, 3.605551275463989
140, 11, 92, 115, 90, 115, 2, 0, 0.0, 2.0
140, 12, 26, 199, 25, 200, 1, -1, -0.7853981633974483, 1.4142135623730951
140, 13, 103, 340, 102, 341, 1, -1, -0.7853981633974483, 1.4142135623730951
140, 14, 99, 181, 97, 182, 2, -1, -0.4636476090008061, 2.23606797749979
140, 15, 5, 149, 4, 151, 1, -2, -1.1071487177940904, 2.23606797749979
140, 17, 72, 315, 74, 315, -2, 0, 3.141592653589793, 2.0
140, 21, 50, 114, 48, 115, 2, -1, -0.4636476090008061, 2.23606797749979
140, 22, 97, 311, 95, 311, 2, 0, 0.0, 2.0
140, 23, 62, 173, 61, 174, 1, -1, -0.7853981633974483, 1.4142135623730951
140, 25, 90, 365, 88, 365, 2, 0, 0.0, 2.0
140, 26, 72, 268, 69, 267, 3, 1, 0.3217505543966422, 3.1622776601683795
140, 27, 96, 156, 94, 157, 2, -1, -0.4636476090008061, 2.23606797749979
140, 28, 126, 154, 125, 155, 1, -1, -0.7853981633974483, 1.4142135623730951
140, 29, 109, 285, 108, 284, 1, 1, 0.7853981633974483, 1.4142135623730951
140, 30, 110, 309, 109, 308, 1, 1, 0.7853981633974483, 1.4142135623730951
140, 31, 14, 320, 12, 320, 2, 0, 0.0, 2.0
140, 32, 114, 386, 112, 386, 2, 0, 0.0, 2.0
140, 33, 110, 339, 109, 340, 1, -1, -0.7853981633974483, 1.4142135623730951
140, 34, 68, 321, 66, 321, 2, 0, 0.0, 2.0
140, 36, 41, 167, 40, 168, 1, -1, -0.7853981633974483, 1.4142135623730951
140, 39, 29, 138, 26, 140, 3, -2, -0.5880026035475675, 3.605551275463989
140, 40, 118, 154, 116, 155, 2, -1, -0.4636476090008061, 2.23606797749979
140, 41, 73, 191, 71, 192, 2, -1, -0.4636476090008061, 2.23606797749979
141, 0, 65, 189, 64, 190, 1, -1, -0.7853981633974483, 1.4142135623730951
141, 1, 19, 173, 18, 174, 1, -1, -0.7853981633974483, 1.4142135623730951
141, 2, 41, 140, 40, 141, 1, -1, -0.7853981633974483, 1.4142135623730951
141, 3, 79, 402, 77, 403, 2, -1, -0.4636476090008061, 2.23606797749979
141, 4, 40, 75, 38, 75, 2, 0, 0.0, 2.0
141, 5, 83, 73, 80, 74, 3, -1, -0.3217505543966422, 3.1622776601683795
141, 6, 71, 199, 69, 200, 2, -1, -0.4636476090008061, 2.23606797749979
141, 7, 142, 333, 140, 333, 2, 0, 0.0, 2.0
141, 9, 150, 191, 150, 194, 0, -3, -1.5707963267948966, 3.0
141, 10, 45, 292, 43, 291, 2, 1, 0.4636476090008061, 2.23606797749979
141, 11, 94, 115, 92, 115, 2, 0, 0.0, 2.0
141, 12, 27, 198, 26, 199, 1, -1, -0.7853981633974483, 1.4142135623730951
141, 14, 100, 180, 99, 181, 1, -1, -0.7853981633974483, 1.4142135623730951
141, 15, 6, 148, 5, 149, 1, -1, -0.7853981633974483, 1.4142135623730951
141, 17, 147, 326, 145, 326, 2, 0, 0.0, 2.0
141, 19, 18, 390, 16, 390, 2, 0, 0.0, 2.0
141, 20, 52, 114, 50, 114, 2, 0, 0.0, 2.0
141, 22, 63, 171, 62, 173, 1, -2, -1.1071487177940904, 2.23606797749979
141, 24, 92, 365, 90, 365, 2, 0, 0.0, 2.0
141, 25, 73, 269, 72, 268, 1, 1, 0.7853981633974483, 1.4142135623730951
141, 26, 97, 155, 96, 156, 1, -1, -0.7853981633974483, 1.4142135623730951
141, 27, 127, 153, 126, 154, 1, -1, -0.7853981633974483, 1.4142135623730951
141, 28, 111, 285, 109, 285, 2, 0, 0.0, 2.0
141, 30, 16, 320, 14, 320, 2, 0, 0.0, 2.0
141, 31, 116, 385, 114, 386, 2, -1, -0.4636476090008061, 2.23606797749979
141, 35, 42, 166, 41, 167, 1, -1, -0.7853981633974483, 1.4142135623730951
141, 36, 63, 335, 62, 334, 1, 1, 0.7853981633974483, 1.4142135623730951
141, 37, 42, 339, 41, 340, 1, -1, -0.7853981633974483, 1.4142135623730951
141, 38, 30, 137, 29, 138, 1, -1, -0.7853981633974483, 1.4142135623730951
141, 39, 120, 153, 118, 154, 2, -1, -0.4636476090008061, 2.23606797749979
142, 0, 67, 188, 65, 189, 2, -1, -0.4636476090008061, 2.23606797749979
142, 3, 81, 402, 79, 402, 2, 0, 0.0, 2.0
142, 4, 41, 74, 40, 75, 1, -1, -0.7853981633974483, 1.4142135623730951
142, 5, 85, 73, 83, 73, 2, 0, 0.0, 2.0
142, 6, 72, 197, 71, 199, 1, -2, -1.1071487177940904, 2.23606797749979
142, 7, 144, 334, 142, 333, 2, 1, 0.4636476090008061, 2.23606797749979
142, 8, 149, 361, 147, 361, 2, 0, 0.0, 2.0
142, 9, 148, 190, 150, 191, -2, -1, -2.677945044588987, 2.23606797749979
142, 12, 29, 198, 27, 198, 2, 0, 0.0, 2.0
142, 14, 101, 179, 100, 180, 1, -1, -0.7853981633974483, 1.4142135623730951
142, 15, 8, 148, 6, 148, 2, 0, 0.0, 2.0
142, 17, 150, 326, 147, 326, 3, 0, 0.0, 3.0
142, 20, 54, 113, 52, 114, 2, -1, -0.4636476090008061, 2.23606797749979
142, 21, 100, 311, 98, 311, 2, 0, 0.0, 2.0
142, 24, 94, 365, 92, 365, 2, 0, 0.0, 2.0
142, 26, 98, 153, 97, 155, 1, -2, -1.1071487177940904, 2.23606797749979
142, 28, 113, 285, 111, 285, 2, 0, 0.0, 2.0
142, 29, 110, 308, 109, 309, 1, -1, -0.7853981633974483, 1.4142135623730951
142, 30, 18, 320, 16, 320, 2, 0, 0.0, 2.0
142, 32, 111, 337, 110, 338, 1, -1, -0.7853981633974483, 1.4142135623730951
142, 33, 71, 321, 69, 321, 2, 0, 0.0, 2.0
142, 35, 43, 165, 42, 166, 1, -1, -0.7853981633974483, 1.4142135623730951
142, 38, 31, 135, 30, 137, 1, -2, -1.1071487177940904, 2.23606797749979
142, 39, 121, 152, 120, 153, 1, -1, -0.7853981633974483, 1.4142135623730951
143, 0, 68, 187, 67, 188, 1, -1, -0.7853981633974483, 1.4142135623730951
143, 1, 21, 174, 19, 172, 2, 2, 0.7853981633974483, 2.8284271247461903
143, 2, 43, 142, 42, 140, 1, 2, 1.1071487177940904, 2.23606797749979
143, 3, 83, 402, 81, 402, 2, 0, 0.0, 2.0
143, 4, 42, 73, 41, 74, 1, -1, -0.7853981633974483, 1.4142135623730951
143, 6, 75, 197, 72, 197, 3, 0, 0.0, 3.0
143, 7, 146, 334, 144, 334, 2, 0, 0.0, 2.0
143, 8, 151, 360, 149, 361, 2, -1, -0.4636476090008061, 2.23606797749979
143, 9, 149, 189, 148, 190, 1, -1, -0.7853981633974483, 1.4142135623730951
143, 12, 31, 197, 29, 198, 2, -1, -0.4636476090008061, 2.23606797749979
143, 13, 107, 340, 105, 340, 2, 0, 0.0, 2.0
143, 14, 102, 178, 101, 179, 1, -1, -0.7853981633974483, 1.4142135623730951
143, 15, 9, 147, 8, 148, 1, -1, -0.7853981633974483, 1.4142135623730951
143, 17, 151, 327, 150, 326, 1, 1, 0.7853981633974483, 1.4142135623730951
143, 19, 21, 390, 19, 390, 2, 0, 0.0, 2.0
143, 20, 55, 112, 54, 113, 1, -1, -0.7853981633974483, 1.4142135623730951
143, 21, 102, 311, 100, 311, 2, 0, 0.0, 2.0
143, 22, 62, 168, 63, 170, -1, -2, -2.0344439357957027, 2.23606797749979
143, 23, 78, 263, 77, 262, 1, 1, 0.7853981633974483, 1.4142135623730951
143, 24, 96, 364, 94, 365, 2, -1, -0.4636476090008061, 2.23606797749979
143, 26, 100, 152, 98, 153, 2, -1, -0.4636476090008061, 2.23606797749979
143, 28, 115, 286, 113, 285, 2, 1, 0.4636476090008061, 2.23606797749979
143, 29, 111, 307, 110, 308, 1, -1, -0.7853981633974483, 1.4142135623730951
143, 31, 119, 384, 117, 385, 2, -1, -0.4636476090008061, 2.23606797749979
143, 32, 113, 337, 111, 337, 2, 0, 0.0, 2.0
143, 33, 73, 321, 71, 321, 2, 0, 0.0, 2.0
143, 35, 44, 164, 43, 165, 1, -1, -0.7853981633974483, 1.4142135623730951
143, 38, 32, 134, 31, 135, 1, -1, -0.7853981633974483, 1.4142135623730951
143, 39, 123, 151, 121, 152, 2, -1, -0.4636476090008061, 2.23606797749979
144, 0, 70, 186, 68, 187, 2, -1, -0.4636476090008061, 2.23606797749979
144, 1, 23, 174, 21, 174, 2, 0, 0.0, 2.0
144, 2, 45, 142, 43, 142, 2, 0, 0.0, 2.0
144, 3, 85, 402, 83, 402, 2, 0, 0.0, 2.0
144, 4, 43, 72, 42, 73, 1, -1, -0.7853981633974483, 1.4142135623730951
144, 6, 76, 195, 75, 197, 1, -2, -1.1071487177940904, 2.23606797749979
144, 8, 153, 360, 151, 360, 2, 0, 0.0, 2.0
144, 9, 152, 189, 149, 189, 3, 0, 0.0, 3.0
144, 12, 33, 196, 31, 197, 2, -1, -0.4636476090008061, 2.23606797749979
144, 14, 104, 176, 102, 178, 2, -2, -0.7853981633974483, 2.8284271247461903
144, 15, 9, 145, 9, 147, 0, -2, -1.5707963267948966, 2.0
144, 16, 31, 313, 29, 315, 2, -2, -0.7853981633974483, 2.8284271247461903
144, 17, 152, 328, 151, 327, 1, 1, 0.7853981633974483, 1.4142135623730951
144, 19, 24, 390, 21, 390, 3, 0, 0.0, 3.0
144, 20, 57, 112, 55, 112, 2, 0, 0.0, 2.0
144, 21, 104, 312, 102, 311, 2, 1, 0.4636476090008061, 2.23606797749979
144, 23, 79, 264, 78, 263, 1, 1, 0.7853981633974483, 1.4142135623730951
144, 27, 130, 152, 129, 153, 1, -1, -0.7853981633974483, 1.4142135623730951
144, 29, 113, 305, 111, 307, 2, -2, -0.7853981633974483, 2.8284271247461903
144, 30, 21, 320, 19, 320, 2, 0, 0.0, 2.0
144, 32, 115, 337, 113, 337, 2, 0, 0.0, 2.0
144, 34, 14, 349, 13, 350, 1, -1, -0.7853981633974483, 1.4142135623730951
144, 35, 46, 163, 44, 164, 2, -1, -0.4636476090008061, 2.23606797749979
144, 37, 46, 339, 44, 339, 2, 0, 0.0, 2.0
144, 38, 33, 133, 32, 134, 1, -1, -0.7853981633974483, 1.4142135623730951
144, 39, 124, 150, 123, 151, 1, -1, -0.7853981633974483, 1.4142135623730951
144, 40, 77, 190, 76, 191, 1, -1, -0.7853981633974483, 1.4142135623730951
145, 0, 70, 190, 68, 191, 2, -1, -0.4636476090008061, 2.23606797749979
145, 3, 80, 193, 79, 196, 1, -3, -1.2490457723982544, 3.1622776601683795
145, 4, 85, 73, 84, 74, 1, -1, -0.7853981633974483, 1.4142135623730951
145, 5, 152, 360, 150, 361, 2, -1, -0.4636476090008061, 2.23606797749979
145, 7, 24, 175, 22, 176, 2, -1, -0.4636476090008061, 2.23606797749979
145, 8, 148, 334, 145, 334, 3, 0, 0.0, 3.0
145, 9, 147, 327, 145, 327, 2, 0, 0.0, 2.0
145, 10, 46, 145, 44, 146, 2, -1, -0.4636476090008061, 2.23606797749979
145, 11, 31, 197, 30, 198, 1, -1, -0.7853981633974483, 1.4142135623730951
145, 12, 103, 178, 102, 180, 1, -2, -1.1071487177940904, 2.23606797749979
145, 15, 83, 316, 83, 318, 0, -2, -1.5707963267948966, 2.0
145, 17, 85, 267, 83, 265, 2, 2, 0.7853981633974483, 2.8284271247461903
145, 18, 103, 359, 103, 361, 0, -2, -1.5707963267948966, 2.0
145, 19, 107, 304, 104, 304, 3, 0, 0.0, 3.0
145, 21, 104, 313, 102, 313, 2, 0, 0.0, 2.0
145, 22, 95, 368, 93, 368, 2, 0, 0.0, 2.0
145, 23, 114, 306, 113, 308, 1, -2, -1.1071487177940904, 2.23606797749979
145, 24, 23, 391, 21, 391, 2, 0, 0.0, 2.0
145, 25, 54, 146, 52, 147, 2, -1, -0.4636476090008061, 2.23606797749979
145, 26, 102, 152, 100, 153, 2, -1, -0.4636476090008061, 2.23606797749979
145, 27, 33, 312, 31, 315, 2, -3, -0.982793723247329, 3.605551275463989
145, 29, 139, 190, 138, 191, 1, -1, -0.7853981633974483, 1.4142135623730951
145, 30, 75, 325, 74, 324, 1, 1, 0.7853981633974483, 1.4142135623730951
145, 32, 33, 138, 31, 138, 2, 0, 0.0, 2.0
145, 33, 128, 149, 127, 150, 1, -1, -0.7853981633974483, 1.4142135623730951
145, 35, 120, 385, 118, 386, 2, -1, -0.4636476090008061, 2.23606797749979
145, 36, 109, 340, 107, 340, 2, 0, 0.0, 2.0
145, 37, 40, 382, 38, 383, 2, -1, -0.4636476090008061, 2.23606797749979
145, 38, 32, 176, 30, 178, 2, -2, -0.7853981633974483, 2.8284271247461903
145, 42, 56, 374, 54, 374, 2, 0, 0.0, 2.0
145, 43, 33, 385, 31, 385, 2, 0, 0.0, 2.0
145, 45, 37, 203, 35, 204, 2, -1, -0.4636476090008061, 2.23606797749979
145, 46, 116, 285, 114, 285, 2, 0, 0.0, 2.0
145, 47, 25, 312, 22, 312, 3, 0, 0.0, 3.0
145, 48, 46, 166, 45, 167, 1, -1, -0.7853981633974483, 1.4142135623730951
146, 0, 72, 189, 70, 190, 2, -1, -0.4636476090008061, 2.23606797749979
146, 1, 84, 404, 82, 404, 2, 0, 0.0, 2.0
146, 2, 42, 74, 41, 75, 1, -1, -0.7853981633974483, 1.4142135623730951
146, 3, 80, 191, 80, 193, 0, -2, -1.5707963267948966, 2.0
146, 4, 87, 72, 85, 73, 2, -1, -0.4636476090008061, 2.23606797749979
146, 5, 154, 359, 152, 360, 2, -1, -0.4636476090008061, 2.23606797749979
146, 7, 26, 173, 24, 175, 2, -2, -0.7853981633974483, 2.8284271247461903
146, 8, 150, 333, 148, 334, 2, -1, -0.4636476090008061, 2.23606797749979
146, 9, 149, 328, 147, 327, 2, 1, 0.4636476090008061, 2.23606797749979
146, 10, 47, 144, 46, 145, 1, -1, -0.7853981633974483, 1.4142135623730951
146, 11, 32, 196, 31, 197, 1, -1, -0.7853981633974483, 1.4142135623730951
146, 12, 105, 177, 103, 178, 2, -1, -0.4636476090008061, 2.23606797749979
146, 13, 52, 292, 50, 292, 2, 0, 0.0, 2.0
146, 14, 86, 316, 83, 316, 3, 0, 0.0, 3.0
146, 15, 10, 173, 8, 174, 2, -1, -0.4636476090008061, 2.23606797749979
146, 16, 86, 268, 85, 267, 1, 1, 0.7853981633974483, 1.4142135623730951
146, 17, 105, 357, 103, 359, 2, -2, -0.7853981633974483, 2.8284271247461903
146, 18, 111, 305, 107, 304, 4, 1, 0.24497866312686414, 4.123105625617661
146, 20, 105, 314, 104, 313, 1, 1, 0.7853981633974483, 1.4142135623730951
146, 21, 96, 369, 95, 368, 1, 1, 0.7853981633974483, 1.4142135623730951
146, 22, 116, 305, 114, 306, 2, -1, -0.4636476090008061, 2.23606797749979
146, 23, 25, 390, 23, 391, 2, -1, -0.4636476090008061, 2.23606797749979
146, 24, 56, 144, 54, 146, 2, -2, -0.7853981633974483, 2.8284271247461903
146, 25, 104, 151, 102, 152, 2, -1, -0.4636476090008061, 2.23606797749979
146, 26, 37, 312, 33, 312, 4, 0, 0.0, 4.0
146, 28, 140, 188, 139, 190, 1, -2, -1.1071487177940904, 2.23606797749979
146, 29, 76, 326, 75, 325, 1, 1, 0.7853981633974483, 1.4142135623730951
146, 31, 34, 137, 33, 138, 1, -1, -0.7853981633974483, 1.4142135623730951
146, 32, 129, 148, 128, 149, 1, -1, -0.7853981633974483, 1.4142135623730951
146, 33, 74, 365, 72, 365, 2, 0, 0.0, 2.0
146, 34, 122, 385, 120, 385, 2, 0, 0.0, 2.0
146, 36, 43, 382, 40, 382, 3, 0, 0.0, 3.0
146, 37, 33, 173, 32, 176, 1, -3, -1.2490457723982544, 3.1622776601683795
146, 39, 93, 119, 92, 120, 1, -1, -0.7853981633974483, 1.4142135623730951
146, 41, 58, 373, 56, 374, 2, -1, -0.4636476090008061, 2.23606797749979
146, 42, 35, 385, 33, 385, 2, 0, 0.0, 2.0
146, 44, 38, 202, 37, 203, 1, -1, -0.7853981633974483, 1.4142135623730951
146, 45, 118, 286, 116, 285, 2, 1, 0.4636476090008061, 2.23606797749979
146, 46, 28, 313, 25, 312, 3, 1, 0.3217505543966422, 3.1622776601683795
146, 47, 47, 165, 46, 166, 1, -1, -0.7853981633974483, 1.4142135623730951
147, 0, 73, 188, 72, 189, 1, -1, -0.7853981633974483, 1.4142135623730951
147, 1, 86, 404, 84, 404, 2, 0, 0.0, 2.0
147, 2, 44, 74, 42, 74, 2, 0, 0.0, 2.0
147, 3, 80, 189, 80, 191, 0, -2, -1.5707963267948966, 2.0
147, 4, 89, 72, 87, 72, 2, 0, 0.0, 2.0
147, 5, 156, 358, 154, 359, 2, -1, -0.4636476090008061, 2.23606797749979
147, 7, 151, 332, 150, 333, 1, -1, -0.7853981633974483, 1.4142135623730951
147, 8, 151, 327, 149, 328, 2, -1, -0.4636476090008061, 2.23606797749979
147, 9, 49, 142, 47, 144, 2, -2, -0.7853981633974483, 2.8284271247461903
147, 10, 34, 194, 32, 196, 2, -2, -0.7853981633974483, 2.8284271247461903
147, 11, 107, 176, 105, 177, 2, -1, -0.4636476090008061, 2.23606797749979
147, 13, 90, 318, 86, 316, 4, 2, 0.4636476090008061, 4.47213595499958
147, 14, 13, 172, 10, 173, 3, -1, -0.3217505543966422, 3.1622776601683795
147, 15, 87, 269, 86, 268, 1, 1, 0.7853981633974483, 1.4142135623730951
147, 16, 111, 357, 105, 357, 6, 0, 0.0, 6.0
147, 17, 111, 307, 111, 305, 0, 2, 1.5707963267948966, 2.0
147, 18, 100, 116, 99, 114, 1, 2, 1.1071487177940904, 2.23606797749979
147, 19, 106, 315, 105, 314, 1, 1, 0.7853981633974483, 1.4142135623730951
147, 20, 98, 369, 96, 369, 2, 0, 0.0, 2.0
147, 21, 119, 305, 116, 305, 3, 0, 0.0, 3.0
147, 23, 57, 143, 56, 144, 1, -1, -0.7853981633974483, 1.4142135623730951
147, 24, 105, 150, 104, 151, 1, -1, -0.7853981633974483, 1.4142135623730951
147, 25, 43, 311, 37, 312, 6, -1, -0.16514867741462683, 6.082762530298219
147, 27, 141, 187, 140, 188, 1, -1, -0.7853981633974483, 1.4142135623730951
147, 28, 78, 326, 76, 326, 2, 0, 0.0, 2.0
147, 29, 22, 322, 20, 321, 2, 1, 0.4636476090008061, 2.23606797749979
147, 31, 130, 147, 129, 148, 1, -1, -0.7853981633974483, 1.4142135623730951
147, 33, 124, 384, 122, 385, 2, -1, -0.4636476090008061, 2.23606797749979
147, 36, 34, 171, 33, 173, 1, -2, -1.1071487177940904, 2.23606797749979
147, 38, 94, 118, 93, 119, 1, -1, -0.7853981633974483, 1.4142135623730951
147, 40, 60, 373, 58, 373, 2, 0, 0.0, 2.0
147, 43, 40, 201, 38, 202, 2, -1, -0.4636476090008061, 2.23606797749979
147, 44, 120, 287, 118, 286, 2, 1, 0.4636476090008061, 2.23606797749979
147, 45, 30, 312, 28, 313, 2, -1, -0.4636476090008061, 2.23606797749979
147, 46, 48, 164, 47, 165, 1, -1, -0.7853981633974483, 1.4142135623730951
148, 0, 74, 187, 73, 188, 1, -1, -0.7853981633974483, 1.4142135623730951
148, 1, 88, 404, 86, 404, 2, 0, 0.0, 2.0
148, 2, 46, 74, 44, 74, 2, 0, 0.0, 2.0
148, 3, 82, 188, 80, 189, 2, -1, -0.4636476090008061, 2.23606797749979
148, 4, 91, 72, 89, 72, 2, 0, 0.0, 2.0
148, 5, 158, 357, 156, 358, 2, -1, -0.4636476090008061, 2.23606797749979
148, 6, 27, 171, 27, 173, 0, -2, -1.5707963267948966, 2.0
148, 7, 153, 331, 151, 332, 2, -1, -0.4636476090008061, 2.23606797749979
148, 8, 153, 327, 151, 327, 2, 0, 0.0, 2.0
148, 9, 50, 141, 49, 142, 1, -1, -0.7853981633974483, 1.4142135623730951
148, 10, 35, 192, 34, 194, 1, -2, -1.1071487177940904, 2.23606797749979
148, 11, 109, 174, 107, 176, 2, -2, -0.7853981633974483, 2.8284271247461903
148, 12, 54, 291, 53, 292, 1, -1, -0.7853981633974483, 1.4142135623730951
148, 13, 93, 319, 90, 318, 3, 1, 0.3217505543966422, 3.1622776601683795
148, 14, 15, 171, 13, 172, 2, -1, -0.4636476090008061, 2.23606797749979
148, 16, 117, 357, 111, 357, 6, 0, 0.0, 6.0
148, 18, 102, 117, 100, 116, 2, 1, 0.4636476090008061, 2.23606797749979
148, 19, 108, 316, 106, 315, 2, 1, 0.4636476090008061, 2.23606797749979
148, 20, 100, 369, 98, 369, 2, 0, 0.0, 2.0
148, 21, 127, 308, 119, 305, 8, 3, 0.35877067027057225, 8.54400374531753
148, 22, 28, 389, 26, 390, 2, -1, -0.4636476090008061, 2.23606797749979
148, 23, 58, 142, 57, 143, 1, -1, -0.7853981633974483, 1.4142135623730951
148, 24, 106, 149, 105, 150, 1, -1, -0.7853981633974483, 1.4142135623730951
148, 25, 51, 310, 43, 311, 8, -1, -0.12435499454676144, 8.06225774829855
148, 27, 143, 186, 141, 187, 2, -1, -0.4636476090008061, 2.23606797749979
148, 29, 24, 322, 22, 322, 2, 0, 0.0, 2.0
148, 30, 37, 136, 35, 137, 2, -1, -0.4636476090008061, 2.23606797749979
148, 31, 131, 146, 130, 147, 1, -1, -0.7853981633974483, 1.4142135623730951
148, 33, 125, 383, 124, 384, 1, -1, -0.7853981633974483, 1.4142135623730951
148, 34, 113, 340, 111, 340, 2, 0, 0.0, 2.0
148, 37, 95, 117, 94, 118, 1, -1, -0.7853981633974483, 1.4142135623730951
148, 38, 84, 139, 83, 140, 1, -1, -0.7853981633974483, 1.4142135623730951
148, 39, 62, 372, 60, 373, 2, -1, -0.4636476090008061, 2.23606797749979
148, 40, 37, 384, 36, 385, 1, -1, -0.7853981633974483, 1.4142135623730951
148, 42, 41, 199, 40, 201, 1, -2, -1.1071487177940904, 2.23606797749979
148, 43, 122, 287, 120, 287, 2, 0, 0.0, 2.0
148, 45, 49, 163, 48, 164, 1, -1, -0.7853981633974483, 1.4142135623730951
149, 0, 75, 186, 74, 187, 1, -1, -0.7853981633974483, 1.4142135623730951
149, 1, 93, 403, 88, 404, 5, -1, -0.19739555984988075, 5.0990195135927845
149, 2, 48, 74, 46, 74, 2, 0, 0.0, 2.0
149, 4, 94, 72, 91, 72, 3, 0, 0.0, 3.0
149, 5, 160, 357, 158, 357, 2, 0, 0.0, 2.0
149, 6, 29, 170, 27, 171, 2, -1, -0.4636476090008061, 2.23606797749979
149, 7, 154, 332, 153, 331, 1, 1, 0.7853981633974483, 1.4142135623730951
149, 8, 155, 327, 153, 327, 2, 0, 0.0, 2.0
149, 9, 52, 140, 50, 141, 2, -1, -0.4636476090008061, 2.23606797749979
149, 10, 38, 191, 35, 192, 3, -1, -0.3217505543966422, 3.1622776601683795
149, 11, 110, 172, 109, 174, 1, -2, -1.1071487177940904, 2.23606797749979
149, 13, 95, 321, 93, 319, 2, 2, 0.7853981633974483, 2.8284271247461903
149, 14, 17, 170, 15, 171, 2, -1, -0.4636476090008061, 2.23606797749979
149, 15, 89, 269, 87, 269, 2, 0, 0.0, 2.0
149, 16, 119, 359, 117, 357, 2, 2, 0.7853981633974483, 2.8284271247461903
149, 18, 104, 117, 102, 117, 2, 0, 0.0, 2.0
149, 19, 110, 316, 108, 316, 2, 0, 0.0, 2.0
149, 20, 102, 369, 100, 369, 2, 0, 0.0, 2.0
149, 21, 132, 311, 127, 308, 5, 3, 0.5404195002705842, 5.830951894845301
149, 22, 31, 389, 28, 389, 3, 0, 0.0, 3.0
149, 24, 107, 148, 106, 149, 1, -1, -0.7853981633974483, 1.4142135623730951
149, 25, 52, 304, 51, 310, 1, -6, -1.4056476493802699, 6.082762530298219
149, 27, 144, 184, 143, 186, 1, -2, -1.1071487177940904, 2.23606797749979
149, 28, 80, 327, 79, 326, 1, 1, 0.7853981633974483, 1.4142135623730951
149, 29, 26, 322, 24, 322, 2, 0, 0.0, 2.0
149, 30, 39, 135, 37, 136, 2, -1, -0.4636476090008061, 2.23606797749979
149, 31, 132, 145, 131, 146, 1, -1, -0.7853981633974483, 1.4142135623730951
149, 33, 126, 382, 125, 383, 1, -1, -0.7853981633974483, 1.4142135623730951
149, 34, 115, 340, 113, 340, 2, 0, 0.0, 2.0
149, 38, 85, 138, 84, 139, 1, -1, -0.7853981633974483, 1.4142135623730951
149, 39, 64, 370, 62, 372, 2, -2, -0.7853981633974483, 2.8284271247461903
149, 42, 43, 199, 41, 199, 2, 0, 0.0, 2.0
149, 43, 123, 288, 122, 287, 1, 1, 0.7853981633974483, 1.4142135623730951
150, 0, 75, 189, 73, 190, 2, -1, -0.4636476090008061, 2.23606797749979
150, 1, 27, 168, 26, 170, 1, -2, -1.1071487177940904, 2.23606797749979
150, 2, 51, 138, 49, 139, 2, -1, -0.4636476090008061, 2.23606797749979
150, 5, 28, 176, 26, 177, 2, -1, -0.4636476090008061, 2.23606797749979
150, 6, 14, 170, 13, 171, 1, -1, -0.7853981633974483, 1.4142135623730951
150, 7, 37, 197, 35, 198, 2, -1, -0.4636476090008061, 2.23606797749979
150, 8, 159, 360, 157, 361, 2, -1, -0.4636476090008061, 2.23606797749979
150, 9, 55, 294, 53, 294, 2, 0, 0.0, 2.0
150, 11, 29, 391, 27, 391, 2, 0, 0.0, 2.0
150, 12, 149, 198, 147, 198, 2, 0, 0.0, 2.0
150, 13, 7, 81, 6, 82, 1, -1, -0.7853981633974483, 1.4142135623730951
150, 14, 101, 369, 99, 369, 2, 0, 0.0, 2.0
150, 15, 86, 268, 84, 268, 2, 0, 0.0, 2.0
150, 16, 64, 293, 62, 292, 2, 1, 0.4636476090008061, 2.23606797749979
150, 18, 80, 326, 78, 326, 2, 0, 0.0, 2.0
150, 19, 126, 386, 124, 386, 2, 0, 0.0, 2.0
150, 20, 109, 177, 107, 179, 2, -2, -0.7853981633974483, 2.8284271247461903
150, 21, 20, 113, 18, 114, 2, -1, -0.4636476090008061, 2.23606797749979
150, 23, 38, 136, 36, 137, 2, -1, -0.4636476090008061, 2.23606797749979
150, 25, 101, 150, 100, 151, 1, -1, -0.7853981633974483, 1.4142135623730951
150, 26, 119, 337, 118, 338, 1, -1, -0.7853981633974483, 1.4142135623730951
150, 28, 25, 322, 23, 322, 2, 0, 0.0, 2.0
150, 29, 104, 118, 102, 118, 2, 0, 0.0, 2.0
150, 31, 111, 342, 109, 342, 2, 0, 0.0, 2.0
150, 33, 144, 123, 141, 124, 3, -1, -0.3217505543966422, 3.1622776601683795
150, 34, 51, 166, 49, 167, 2, -1, -0.4636476090008061, 2.23606797749979
150, 35, 63, 342, 61, 343, 2, -1, -0.4636476090008061, 2.23606797749979
150, 36, 95, 319, 96, 318, -1, 1, 2.356194490192345, 1.4142135623730951
150, 37, 39, 384, 37, 385, 2, -1, -0.4636476090008061, 2.23606797749979
150, 39, 16, 355, 14, 355, 2, 0, 0.0, 2.0
150, 42, 151, 187, 149, 189, 2, -2, -0.7853981633974483, 2.8284271247461903
150, 43, 133, 84, 131, 84, 2, 0, 0.0, 2.0
150, 44, 80, 317, 78, 317, 2, 0, 0.0, 2.0
150, 45, 101, 394, 100, 395, 1, -1, -0.7853981633974483, 1.4142135623730951
150, 48, 19, 290, 17, 290, 2, 0, 0.0, 2.0
150, 49, 7, 143, 5, 144, 2, -1, -0.4636476090008061, 2.23606797749979
150, 50, 77, 269, 75, 269, 2, 0, 0.0, 2.0
150, 51, 66, 299, 64, 299, 2, 0, 0.0, 2.0
150, 53, 98, 158, 98, 160, 0, -2, -1.5707963267948966, 2.0
151, 0, 76, 188, 75, 189, 1, -1, -0.7853981633974483, 1.4142135623730951
151, 1, 29, 167, 27, 168, 2, -1, -0.4636476090008061, 2.23606797749979
151, 2, 53, 137, 51, 138, 2, -1, -0.4636476090008061, 2.23606797749979
151, 3, 93, 74, 91, 75, 2, -1, -0.4636476090008061, 2.23606797749979
151, 4, 91, 403, 89, 404, 2, -1, -0.4636476090008061, 2.23606797749979
151, 5, 29, 175, 28, 176, 1, -1, -0.7853981633974483, 1.4142135623730951
151, 6, 15, 169, 14, 170, 1, -1, -0.7853981633974483, 1.4142135623730951
151, 7, 38, 196, 37, 197, 1, -1, -0.7853981633974483, 1.4142135623730951
151, 8, 161, 360, 159, 360, 2, 0, 0.0, 2.0
151, 10, 48, 74, 46, 75, 2, -1, -0.4636476090008061, 2.23606797749979
151, 11, 31, 390, 29, 391, 2, -1, -0.4636476090008061, 2.23606797749979
151, 12, 154, 196, 149, 198, 5, -2, -0.3805063771123649, 5.385164807134504
151, 13, 9, 80, 7, 81, 2, -1, -0.4636476090008061, 2.23606797749979
151, 14, 103, 368, 101, 369, 2, -1, -0.4636476090008061, 2.23606797749979
151, 16, 65, 294, 64, 293, 1, 1, 0.7853981633974483, 1.4142135623730951
151, 17, 18, 220, 17, 221, 1, -1, -0.7853981633974483, 1.4142135623730951
151, 18, 82, 326, 80, 326, 2, 0, 0.0, 2.0
151, 19, 128, 386, 126, 386, 2, 0, 0.0, 2.0
151, 20, 110, 176, 109, 177, 1, -1, -0.7853981633974483, 1.4142135623730951
151, 21, 22, 112, 20, 113, 2, -1, -0.4636476090008061, 2.23606797749979
151, 22, 161, 331, 160, 330, 1, 1, 0.7853981633974483, 1.4142135623730951
151, 23, 40, 135, 38, 136, 2, -1, -0.4636476090008061, 2.23606797749979
151, 24, 129, 148, 127, 149, 2, -1, -0.4636476090008061, 2.23606797749979
151, 25, 102, 149, 101, 150, 1, -1, -0.7853981633974483, 1.4142135623730951
151, 26, 121, 337, 119, 337, 2, 0, 0.0, 2.0
151, 27, 148, 335, 146, 335, 2, 0, 0.0, 2.0
151, 29, 106, 117, 104, 118, 2, -1, -0.4636476090008061, 2.23606797749979
151, 31, 113, 342, 111, 342, 2, 0, 0.0, 2.0
151, 33, 146, 123, 144, 123, 2, 0, 0.0, 2.0
151, 34, 52, 165, 51, 166, 1, -1, -0.7853981633974483, 1.4142135623730951
151, 35, 66, 341, 63, 342, 3, -1, -0.3217505543966422, 3.1622776601683795
151, 36, 93, 319, 95, 319, -2, 0, 3.141592653589793, 2.0
151, 37, 41, 385, 39, 384, 2, 1, 0.4636476090008061, 2.23606797749979
151, 38, 111, 150, 110, 151, 1, -1, -0.7853981633974483, 1.4142135623730951
151, 39, 18, 354, 16, 355, 2, -1, -0.4636476090008061, 2.23606797749979
151, 42, 152, 186, 151, 187, 1, -1, -0.7853981633974483, 1.4142135623730951
151, 43, 135, 83, 133, 84, 2, -1, -0.4636476090008061, 2.23606797749979
151, 44, 82, 317, 80, 317, 2, 0, 0.0, 2.0
151, 45, 103, 393, 101, 394, 2, -1, -0.4636476090008061, 2.23606797749979
151, 46, 53, 339, 51, 340, 2, -1, -0.4636476090008061, 2.23606797749979
151, 47, 21, 290, 19, 290, 2, 0, 0.0, 2.0
151, 48, 9, 142, 7, 143, 2, -1, -0.4636476090008061, 2.23606797749979
151, 52, 99, 157, 98, 158, 1, -1, -0.7853981633974483, 1.4142135623730951
152, 0, 77, 186, 76, 188, 1, -2, -1.1071487177940904, 2.23606797749979
152, 1, 31, 166, 29, 167, 2, -1, -0.4636476090008061, 2.23606797749979
152, 2, 55, 135, 53, 137, 2, -2, -0.7853981633974483, 2.8284271247461903
152, 3, 96, 73, 93, 74, 3, -1, -0.3217505543966422, 3.1622776601683795
152, 4, 93, 402, 91, 403, 2, -1, -0.4636476090008061, 2.23606797749979
152, 5, 30, 174, 29, 175, 1, -1, -0.7853981633974483, 1.4142135623730951
152, 6, 17, 168, 15, 169, 2, -1, -0.4636476090008061, 2.23606797749979
152, 7, 40, 195, 38, 196, 2, -1, -0.4636476090008061, 2.23606797749979
152, 8, 163, 359, 161, 360, 2, -1, -0.4636476090008061, 2.23606797749979
152, 9, 58, 295, 56, 294, 2, 1, 0.4636476090008061, 2.23606797749979
152, 10, 50, 73, 48, 74, 2, -1, -0.4636476090008061, 2.23606797749979
152, 12, 157, 194, 154, 196, 3, -2, -0.5880026035475675, 3.605551275463989
152, 13, 10, 79, 9, 80, 1, -1, -0.7853981633974483, 1.4142135623730951
152, 14, 105, 367, 103, 368, 2, -1, -0.4636476090008061, 2.23606797749979
152, 15, 87, 270, 87, 268, 0, 2, 1.5707963267948966, 2.0
152, 16, 66, 295, 65, 294, 1, 1, 0.7853981633974483, 1.4142135623730951
152, 17, 20, 219, 18, 220, 2, -1, -0.4636476090008061, 2.23606797749979
152, 19, 130, 386, 128, 386, 2, 0, 0.0, 2.0
152, 20, 112, 174, 110, 176, 2, -2, -0.7853981633974483, 2.8284271247461903
152, 21, 24, 112, 22, 112, 2, 0, 0.0, 2.0
152, 22, 163, 331, 161, 331, 2, 0, 0.0, 2.0
152, 23, 41, 134, 40, 135, 1, -1, -0.7853981633974483, 1.4142135623730951
152, 24, 130, 147, 129, 148, 1, -1, -0.7853981633974483, 1.4142135623730951
152, 25, 103, 148, 102, 149, 1, -1, -0.7853981633974483, 1.4142135623730951
152, 26, 123, 338, 121, 337, 2, 1, 0.4636476090008061, 2.23606797749979
152, 27, 150, 335, 148, 335, 2, 0, 0.0, 2.0
152, 28, 29, 322, 26, 322, 3, 0, 0.0, 3.0
152, 29, 107, 116, 106, 117, 1, -1, -0.7853981633974483, 1.4142135623730951
152, 31, 115, 342, 113, 342, 2, 0, 0.0, 2.0
152, 33, 147, 122, 146, 123, 1, -1, -0.7853981633974483, 1.4142135623730951
152, 34, 53, 164, 52, 165, 1, -1, -0.7853981633974483, 1.4142135623730951
152, 35, 71, 341, 66, 341, 5, 0, 0.0, 5.0
152, 36, 91, 319, 93, 319, -2, 0, 3.141592653589793, 2.0
152, 37, 43, 386, 41, 385, 2, 1, 0.4636476090008061, 2.23606797749979
152, 39, 20, 354, 18, 354, 2, 0, 0.0, 2.0
152, 40, 113, 309, 110, 307, 3, 2, 0.5880026035475675, 3.605551275463989
152, 42, 154, 185, 152, 186, 2, -1, -0.4636476090008061, 2.23606797749979
152, 43, 137, 83, 135, 83, 2, 0, 0.0, 2.0
152, 44, 84, 318, 82, 317, 2, 1, 0.4636476090008061, 2.23606797749979
152, 45, 105, 394, 103, 393, 2, 1, 0.4636476090008061, 2.23606797749979
152, 46, 55, 339, 53, 339, 2, 0, 0.0, 2.0
152, 48, 11, 141, 9, 142, 2, -1, -0.4636476090008061, 2.23606797749979
152, 50, 68, 300, 67, 299, 1, 1, 0.7853981633974483, 1.4142135623730951
152, 51, 75, 132, 74, 133, 1, -1, -0.7853981633974483, 1.4142135623730951
152, 52, 99, 155, 99, 157, 0, -2, -1.5707963267948966, 2.0
153, 0, 78, 185, 77, 186, 1, -1, -0.7853981633974483, 1.4142135623730951
153, 1, 32, 165, 31, 166, 1, -1, -0.7853981633974483, 1.4142135623730951
153, 2, 57, 134, 55, 135, 2, -1, -0.4636476090008061, 2.23606797749979
153, 3, 98, 72, 96, 73, 2, -1, -0.4636476090008061, 2.23606797749979
153, 4, 95, 402, 93, 402, 2, 0, 0.0, 2.0
153, 5, 32, 173, 30, 174, 2, -1, -0.4636476090008061, 2.23606797749979
153, 6, 19, 167, 17, 168, 2, -1, -0.4636476090008061, 2.23606797749979
153, 7, 41, 194, 40, 195, 1, -1, -0.7853981633974483, 1.4142135623730951
153, 10, 52, 72, 50, 73, 2, -1, -0.4636476090008061, 2.23606797749979
153, 11, 34, 389, 32, 390, 2, -1, -0.4636476090008061, 2.23606797749979
153, 12, 159, 192, 157, 194, 2, -2, -0.7853981633974483, 2.8284271247461903
153, 13, 11, 78, 10, 79, 1, -1, -0.7853981633974483, 1.4142135623730951
153, 14, 106, 366, 105, 367, 1, -1, -0.7853981633974483, 1.4142135623730951
153, 15, 88, 272, 87, 270, 1, 2, 1.1071487177940904, 2.23606797749979
153, 16, 68, 295, 66, 295, 2, 0, 0.0, 2.0
153, 17, 23, 217, 20, 219, 3, -2, -0.5880026035475675, 3.605551275463989
153, 19, 131, 385, 130, 386, 1, -1, -0.7853981633974483, 1.4142135623730951
153, 23, 42, 133, 41, 134, 1, -1, -0.7853981633974483, 1.4142135623730951
153, 24, 131, 146, 130, 147, 1, -1, -0.7853981633974483, 1.4142135623730951
153, 25, 105, 147, 103, 148, 2, -1, -0.4636476090008061, 2.23606797749979
153, 26, 125, 340, 123, 338, 2, 2, 0.7853981633974483, 2.8284271247461903
153, 27, 152, 335, 150, 335, 2, 0, 0.0, 2.0
153, 28, 31, 321, 29, 322, 2, -1, -0.4636476090008061, 2.23606797749979
153, 33, 149, 121, 147, 122, 2, -1, -0.4636476090008061, 2.23606797749979
153, 34, 54, 162, 53, 164, 1, -2, -1.1071487177940904, 2.23606797749979
153, 35, 75, 341, 71, 341, 4, 0, 0.0, 4.0
153, 36, 88, 318, 91, 319, -3, -1, -2.819842099193151, 3.1622776601683795
153, 37, 44, 387, 43, 386, 1, 1, 0.7853981633974483, 1.4142135623730951
153, 38, 112, 149, 111, 150, 1, -1, -0.7853981633974483, 1.4142135623730951
153, 39, 22, 354, 20, 354, 2, 0, 0.0, 2.0
153, 40, 116, 309, 113, 309, 3, 0, 0.0, 3.0
153, 42, 155, 184, 154, 185, 1, -1, -0.7853981633974483, 1.4142135623730951
153, 43, 139, 83, 137, 83, 2, 0, 0.0, 2.0
153, 45, 108, 394, 105, 394, 3, 0, 0.0, 3.0
153, 46, 57, 339, 55, 339, 2, 0, 0.0, 2.0
153, 48, 13, 140, 11, 141, 2, -1, -0.4636476090008061, 2.23606797749979
153, 49, 80, 270, 79, 269, 1, 1, 0.7853981633974483, 1.4142135623730951
153, 50, 70, 300, 68, 300, 2, 0, 0.0, 2.0
153, 51, 76, 131, 75, 132, 1, -1, -0.7853981633974483, 1.4142135623730951
153, 52, 100, 154, 99, 155, 1, -1, -0.7853981633974483, 1.4142135623730951
154, 0, 79, 183, 78, 185, 1, -2, -1.1071487177940904, 2.23606797749979
154, 1, 35, 165, 32, 165, 3, 0, 0.0, 3.0
154, 2, 59, 133, 57, 134, 2, -1, -0.4636476090008061, 2.23606797749979
154, 3, 100, 71, 98, 72, 2, -1, -0.4636476090008061, 2.23606797749979
154, 4, 97, 401, 95, 402, 2, -1, -0.4636476090008061, 2.23606797749979
154, 5, 34, 172, 32, 173, 2, -1, -0.4636476090008061, 2.23606797749979
154, 6, 21, 166, 19, 167, 2, -1, -0.4636476090008061, 2.23606797749979
154, 7, 43, 193, 41, 194, 2, -1, -0.4636476090008061, 2.23606797749979
154, 9, 60, 296, 59, 295, 1, 1, 0.7853981633974483, 1.4142135623730951
154, 10, 54, 71, 52, 72, 2, -1, -0.4636476090008061, 2.23606797749979
154, 11, 36, 389, 34, 389, 2, 0, 0.0, 2.0
154, 12, 164, 188, 159, 192, 5, -4, -0.6747409422235526, 6.4031242374328485
154, 13, 12, 77, 11, 78, 1, -1, -0.7853981633974483, 1.4142135623730951
154, 14, 107, 365, 106, 366, 1, -1, -0.7853981633974483, 1.4142135623730951
154, 15, 89, 273, 88, 272, 1, 1, 0.7853981633974483, 1.4142135623730951
154, 16, 70, 295, 68, 295, 2, 0, 0.0, 2.0
154, 17, 26, 216, 23, 217, 3, -1, -0.3217505543966422, 3.1622776601683795
154, 18, 85, 325, 83, 325, 2, 0, 0.0, 2.0
154, 19, 133, 385, 131, 385, 2, 0, 0.0, 2.0
154, 20, 114, 172, 113, 174, 1, -2, -1.1071487177940904, 2.23606797749979
154, 22, 164, 329, 163, 330, 1, -1, -0.7853981633974483, 1.4142135623730951
154, 23, 44, 132, 42, 133, 2, -1, -0.4636476090008061, 2.23606797749979
154, 26, 127, 341, 125, 340, 2, 1, 0.4636476090008061, 2.23606797749979
154, 27, 155, 335, 152, 335, 3, 0, 0.0, 3.0
154, 31, 118, 342, 116, 342, 2, 0, 0.0, 2.0
154, 33, 151, 120, 149, 121, 2, -1, -0.4636476090008061, 2.23606797749979
154, 34, 56, 162, 54, 162, 2, 0, 0.0, 2.0
154, 35, 78, 340, 75, 341, 3, -1, -0.3217505543966422, 3.1622776601683795
154, 36, 46, 388, 44, 387, 2, 1, 0.4636476090008061, 2.23606797749979
154, 39, 119, 310, 116, 309, 3, 1, 0.3217505543966422, 3.1622776601683795
154, 42, 141, 83, 139, 83, 2, 0, 0.0, 2.0
154, 43, 87, 318, 85, 318, 2, 0, 0.0, 2.0
154, 44, 111, 394, 108, 394, 3, 0, 0.0, 3.0
154, 45, 59, 339, 57, 339, 2, 0, 0.0, 2.0
154, 47, 15, 139, 13, 140, 2, -1, -0.4636476090008061, 2.23606797749979
154, 48, 82, 270, 80, 270, 2, 0, 0.0, 2.0
154, 50, 77, 130, 76, 131, 1, -1, -0.7853981633974483, 1.4142135623730951
154, 51, 101, 153, 100, 154, 1, -1, -0.7853981633974483, 1.4142135623730951
155, 0, 79, 185, 78, 187, 1, -2, -1.1071487177940904, 2.23606797749979
155, 1, 55, 142, 54, 143, 1, -1, -0.7853981633974483, 1.4142135623730951
155, 2, 33, 168, 32, 169, 1, -1, -0.7853981633974483, 1.4142135623730951
155, 3, 89, 184, 86, 186, 3, -2, -0.5880026035475675, 3.605551275463989
155, 4, 52, 74, 51, 75, 1, -1, -0.7853981633974483, 1.4142135623730951
155, 5, 6, 142, 5, 143, 1, -1, -0.7853981633974483, 1.4142135623730951
155, 6, 98, 73, 96, 74, 2, -1, -0.4636476090008061, 2.23606797749979
155, 7, 110, 117, 108, 117, 2, 0, 0.0, 2.0
155, 8, 96, 403, 94, 404, 2, -1, -0.4636476090008061, 2.23606797749979
155, 10, 166, 362, 163, 362, 3, 0, 0.0, 3.0
155, 11, 161, 186, 159, 190, 2, -4, -1.1071487177940904, 4.47213595499958
155, 12, 90, 321, 92, 321, -2, 0, 3.141592653589793, 2.0
155, 14, 42, 195, 40, 196, 2, -1, -0.4636476090008061, 2.23606797749979
155, 15, 43, 135, 41, 136, 2, -1, -0.4636476090008061, 2.23606797749979
155, 16, 114, 174, 112, 176, 2, -2, -0.7853981633974483, 2.8284271247461903
155, 18, 126, 343, 124, 342, 2, 1, 0.4636476090008061, 2.23606797749979
155, 20, 131, 386, 129, 386, 2, 0, 0.0, 2.0
155, 22, 86, 274, 84, 273, 2, 1, 0.4636476090008061, 2.23606797749979
155, 23, 110, 152, 108, 153, 2, -1, -0.4636476090008061, 2.23606797749979
155, 24, 158, 335, 156, 334, 2, 1, 0.4636476090008061, 2.23606797749979
155, 25, 14, 212, 13, 213, 1, -1, -0.7853981633974483, 1.4142135623730951
155, 27, 34, 391, 32, 391, 2, 0, 0.0, 2.0
155, 28, 55, 164, 54, 165, 1, -1, -0.7853981633974483, 1.4142135623730951
155, 29, 110, 362, 112, 362, -2, 0, 3.141592653589793, 2.0
155, 33, 12, 346, 10, 346, 2, 0, 0.0, 2.0
155, 34, 28, 217, 26, 217, 2, 0, 0.0, 2.0
155, 37, 61, 138, 60, 139, 1, -1, -0.7853981633974483, 1.4142135623730951
155, 38, 64, 113, 63, 114, 1, -1, -0.7853981633974483, 1.4142135623730951
155, 39, 151, 180, 149, 184, 2, -4, -1.1071487177940904, 4.47213595499958
155, 41, 126, 291, 123, 291, 3, 0, 0.0, 3.0
155, 42, 23, 113, 22, 114, 1, -1, -0.7853981633974483, 1.4142135623730951
155, 44, 31, 176, 29, 178, 2, -2, -0.7853981633974483, 2.8284271247461903
155, 45, 133, 148, 132, 149, 1, -1, -0.7853981633974483, 1.4142135623730951
156, 0, 82, 183, 79, 185, 3, -2, -0.5880026035475675, 3.605551275463989
156, 1, 56, 141, 55, 142, 1, -1, -0.7853981633974483, 1.4142135623730951
156, 2, 35, 168, 33, 168, 2, 0, 0.0, 2.0
156, 3, 90, 183, 89, 184, 1, -1, -0.7853981633974483, 1.4142135623730951
156, 4, 54, 73, 52, 74, 2, -1, -0.4636476090008061, 2.23606797749979
156, 5, 7, 141, 6, 142, 1, -1, -0.7853981633974483, 1.4142135623730951
156, 6, 100, 72, 98, 73, 2, -1, -0.4636476090008061, 2.23606797749979
156, 7, 112, 117, 110, 117, 2, 0, 0.0, 2.0
156, 8, 98, 402, 96, 403, 2, -1, -0.4636476090008061, 2.23606797749979
156, 9, 122, 312, 124, 312, -2, 0, 3.141592653589793, 2.0
156, 10, 168, 361, 166, 362, 2, -1, -0.4636476090008061, 2.23606797749979
156, 11, 163, 184, 161, 186, 2, -2, -0.7853981633974483, 2.8284271247461903
156, 13, 43, 194, 42, 195, 1, -1, -0.7853981633974483, 1.4142135623730951
156, 14, 45, 134, 43, 135, 2, -1, -0.4636476090008061, 2.23606797749979
156, 15, 115, 173, 114, 174, 1, -1, -0.7853981633974483, 1.4142135623730951
156, 16, 19, 146, 17, 147, 2, -1, -0.4636476090008061, 2.23606797749979
156, 17, 128, 343, 126, 343, 2, 0, 0.0, 2.0
156, 18, 42, 316, 44, 317, -2, -1, -2.677945044588987, 2.23606797749979
156, 19, 132, 385, 131, 386, 1, -1, -0.7853981633974483, 1.4142135623730951
156, 21, 87, 275, 86, 274, 1, 1, 0.7853981633974483, 1.4142135623730951
156, 22, 112, 151, 110, 152, 2, -1, -0.4636476090008061, 2.23606797749979
156, 23, 160, 333, 158, 335, 2, -2, -0.7853981633974483, 2.8284271247461903
156, 24, 14, 210, 14, 212, 0, -2, -1.5707963267948966, 2.0
156, 26, 36, 391, 34, 391, 2, 0, 0.0, 2.0
156, 27, 57, 163, 55, 164, 2, -1, -0.4636476090008061, 2.23606797749979
156, 28, 108, 362, 110, 362, -2, 0, 3.141592653589793, 2.0
156, 31, 94, 276, 93, 275, 1, 1, 0.7853981633974483, 1.4142135623730951
156, 32, 14, 345, 12, 346, 2, -1, -0.4636476090008061, 2.23606797749979
156, 36, 63, 137, 61, 138, 2, -1, -0.4636476090008061, 2.23606797749979
156, 37, 66, 112, 64, 113, 2, -1, -0.4636476090008061, 2.23606797749979
156, 38, 152, 178, 151, 180, 1, -2, -1.1071487177940904, 2.23606797749979
156, 40, 128, 291, 126, 291, 2, 0, 0.0, 2.0
156, 41, 24, 112, 23, 113, 1, -1, -0.7853981633974483, 1.4142135623730951
156, 42, 32, 175, 31, 176, 1, -1, -0.7853981633974483, 1.4142135623730951
156, 43, 134, 147, 133, 148, 1, -1, -0.7853981633974483, 1.4142135623730951
157, 0, 84, 181, 82, 183, 2, -2, -0.7853981633974483, 2.8284271247461903
157, 1, 58, 140, 56, 141, 2, -1, -0.4636476090008061, 2.23606797749979
157, 2, 37, 168, 35, 168, 2, 0, 0.0, 2.0
157, 3, 92, 182, 90, 183, 2, -1, -0.4636476090008061, 2.23606797749979
157, 4, 55, 72, 54, 73, 1, -1, -0.7853981633974483, 1.4142135623730951
157, 5, 8, 140, 7, 141, 1, -1, -0.7853981633974483, 1.4142135623730951
157, 6, 102, 72, 100, 72, 2, 0, 0.0, 2.0
157, 7, 113, 116, 112, 117, 1, -1, -0.7853981633974483, 1.4142135623730951
157, 8, 100, 402, 98, 402, 2, 0, 0.0, 2.0
157, 10, 172, 361, 168, 361, 4, 0, 0.0, 4.0
157, 11, 164, 182, 163, 184, 1, -2, -1.1071487177940904, 2.23606797749979
157, 12, 62, 297, 60, 296, 2, 1, 0.4636476090008061, 2.23606797749979
157, 13, 44, 193, 43, 194, 1, -1, -0.7853981633974483, 1.4142135623730951
157, 14, 46, 133, 45, 134, 1, -1, -0.7853981633974483, 1.4142135623730951
157, 15, 117, 173, 115, 173, 2, 0, 0.0, 2.0
157, 16, 21, 146, 19, 146, 2, 0, 0.0, 2.0
157, 17, 130, 342, 128, 343, 2, -1, -0.4636476090008061, 2.23606797749979
157, 19, 135, 385, 132, 385, 3, 0, 0.0, 3.0
157, 21, 89, 275, 87, 275, 2, 0, 0.0, 2.0
157, 22, 114, 150, 112, 151, 2, -1, -0.4636476090008061, 2.23606797749979
157, 24, 16, 209, 14, 210, 2, -1, -0.4636476090008061, 2.23606797749979
157, 25, 32, 323, 30, 323, 2, 0, 0.0, 2.0
157, 26, 38, 391, 36, 391, 2, 0, 0.0, 2.0
157, 30, 11, 305, 9, 306, 2, -1, -0.4636476090008061, 2.23606797749979
157, 32, 15, 344, 14, 345, 1, -1, -0.7853981633974483, 1.4142135623730951
157, 33, 31, 216, 29, 217, 2, -1, -0.4636476090008061, 2.23606797749979
157, 34, 62, 171, 60, 171, 2, 0, 0.0, 2.0
157, 36, 65, 136, 63, 137, 2, -1, -0.4636476090008061, 2.23606797749979
157, 37, 68, 112, 66, 112, 2, 0, 0.0, 2.0
157, 38, 153, 176, 152, 178, 1, -2, -1.1071487177940904, 2.23606797749979
157, 39, 114, 316, 112, 317, 2, -1, -0.4636476090008061, 2.23606797749979
157, 41, 26, 111, 24, 112, 2, -1, -0.4636476090008061, 2.23606797749979
157, 42, 33, 174, 32, 175, 1, -1, -0.7853981633974483, 1.4142135623730951
158, 0, 86, 180, 84, 181, 2, -1, -0.4636476090008061, 2.23606797749979
158, 1, 60, 139, 58, 140, 2, -1, -0.4636476090008061, 2.23606797749979
158, 3, 93, 181, 92, 182, 1, -1, -0.7853981633974483, 1.4142135623730951
158, 4, 57, 72, 55, 72, 2, 0, 0.0, 2.0
158, 5, 9, 139, 8, 140, 1, -1, -0.7853981633974483, 1.4142135623730951
158, 6, 104, 72, 102, 72, 2, 0, 0.0, 2.0
158, 7, 114, 115, 113, 116, 1, -1, -0.7853981633974483, 1.4142135623730951
158, 8, 102, 401, 100, 402, 2, -1, -0.4636476090008061, 2.23606797749979
158, 10, 164, 179, 164, 182, 0, -3, -1.5707963267948966, 3.0
158, 12, 46, 192, 44, 193, 2, -1, -0.4636476090008061, 2.23606797749979
158, 13, 48, 132, 46, 133, 2, -1, -0.4636476090008061, 2.23606797749979
158, 14, 118, 172, 117, 173, 1, -1, -0.7853981633974483, 1.4142135623730951
158, 15, 23, 146, 21, 146, 2, 0, 0.0, 2.0
158, 17, 137, 384, 135, 385, 2, -1, -0.4636476090008061, 2.23606797749979
158, 18, 28, 290, 26, 290, 2, 0, 0.0, 2.0
158, 20, 116, 147, 114, 150, 2, -3, -0.982793723247329, 3.605551275463989
158, 22, 16, 207, 16, 209, 0, -2, -1.5707963267948966, 2.0
158, 23, 34, 323, 32, 323, 2, 0, 0.0, 2.0
158, 25, 59, 162, 58, 163, 1, -1, -0.7853981633974483, 1.4142135623730951
158, 28, 13, 306, 11, 305, 2, 1, 0.4636476090008061, 2.23606797749979
158, 29, 96, 275, 95, 276, 1, -1, -0.7853981633974483, 1.4142135623730951
158, 31, 34, 216, 31, 216, 3, 0, 0.0, 3.0
158, 32, 64, 170, 62, 171, 2, -1, -0.4636476090008061, 2.23606797749979
158, 35, 70, 112, 68, 112, 2, 0, 0.0, 2.0
158, 36, 153, 174, 153, 176, 0, -2, -1.5707963267948966, 2.0
158, 37, 115, 317, 114, 316, 1, 1, 0.7853981633974483, 1.4142135623730951
158, 38, 131, 291, 129, 291, 2, 0, 0.0, 2.0
158, 39, 27, 110, 26, 111, 1, -1, -0.7853981633974483, 1.4142135623730951
158, 41, 136, 146, 135, 147, 1, -1, -0.7853981633974483, 1.4142135623730951
159, 0, 62, 139, 60, 139, 2, 0, 0.0, 2.0
159, 1, 39, 170, 37, 167, 2, 3, 0.982793723247329, 3.605551275463989
159, 4, 11, 137, 9, 139, 2, -2, -0.7853981633974483, 2.8284271247461903
159, 5, 106, 71, 104, 72, 2, -1, -0.4636476090008061, 2.23606797749979
159, 6, 116, 115, 114, 115, 2, 0, 0.0, 2.0
159, 7, 104, 400, 102, 401, 2, -1, -0.4636476090008061, 2.23606797749979
159, 8, 175, 361, 173, 361, 2, 0, 0.0, 2.0
159, 9, 163, 177, 164, 179, -1, -2, -2.0344439357957027, 2.23606797749979
159, 10, 65, 297, 63, 297, 2, 0, 0.0, 2.0
159, 11, 47, 191, 46, 192, 1, -1, -0.7853981633974483, 1.4142135623730951
159, 12, 49, 131, 48, 132, 1, -1, -0.7853981633974483, 1.4142135623730951
159, 13, 119, 171, 118, 172, 1, -1, -0.7853981633974483, 1.4142135623730951
159, 14, 26, 146, 23, 146, 3, 0, 0.0, 3.0
159, 15, 133, 341, 131, 342, 2, -1, -0.4636476090008061, 2.23606797749979
159, 16, 138, 383, 137, 384, 1, -1, -0.7853981633974483, 1.4142135623730951
159, 18, 92, 275, 90, 275, 2, 0, 0.0, 2.0
159, 19, 118, 144, 116, 147, 2, -3, -0.982793723247329, 3.605551275463989
159, 23, 41, 391, 39, 391, 2, 0, 0.0, 2.0
159, 24, 61, 160, 59, 162, 2, -2, -0.7853981633974483, 2.8284271247461903
159, 25, 109, 360, 107, 361, 2, -1, -0.4636476090008061, 2.23606797749979
159, 27, 15, 306, 13, 306, 2, 0, 0.0, 2.0
159, 28, 98, 275, 96, 275, 2, 0, 0.0, 2.0
159, 29, 16, 342, 15, 343, 1, -1, -0.7853981633974483, 1.4142135623730951
159, 30, 37, 215, 34, 216, 3, -1, -0.3217505543966422, 3.1622776601683795
159, 31, 66, 169, 64, 170, 2, -1, -0.4636476090008061, 2.23606797749979
159, 33, 68, 135, 66, 136, 2, -1, -0.4636476090008061, 2.23606797749979
159, 34, 71, 111, 70, 112, 1, -1, -0.7853981633974483, 1.4142135623730951
159, 37, 133, 291, 131, 291, 2, 0, 0.0, 2.0
159, 38, 28, 109, 27, 110, 1, -1, -0.7853981633974483, 1.4142135623730951
159, 39, 34, 171, 33, 173, 1, -2, -1.1071487177940904, 2.23606797749979
159, 40, 137, 145, 136, 146, 1, -1, -0.7853981633974483, 1.4142135623730951
160, 0, 84, 183, 83, 184, 1, -1, -0.7853981633974483, 1.4142135623730951
160, 1, 61, 136, 59, 137, 2, -1, -0.4636476090008061, 2.23606797749979
160, 2, 9, 75, 8, 76, 1, -1, -0.7853981633974483, 1.4142135623730951
160, 3, 12, 141, 10, 142, 2, -1, -0.4636476090008061, 2.23606797749979
160, 4, 102, 404, 100, 404, 2, 0, 0.0, 2.0
160, 5, 23, 143, 22, 144, 1, -1, -0.7853981633974483, 1.4142135623730951
160, 7, 173, 362, 171, 363, 2, -1, -0.4636476090008061, 2.23606797749979
160, 9, 122, 309, 119, 309, 3, 0, 0.0, 3.0
160, 10, 40, 172, 37, 173, 3, -1, -0.3217505543966422, 3.1622776601683795
160, 11, 89, 190, 87, 191, 2, -1, -0.4636476090008061, 2.23606797749979
160, 15, 47, 137, 46, 138, 1, -1, -0.7853981633974483, 1.4142135623730951
160, 16, 41, 315, 40, 316, 1, -1, -0.7853981633974483, 1.4142135623730951
160, 17, 12, 170, 10, 170, 2, 0, 0.0, 2.0
160, 20, 118, 173, 116, 174, 2, -1, -0.4636476090008061, 2.23606797749979
160, 21, 39, 213, 35, 215, 4, -2, -0.4636476090008061, 4.47213595499958
160, 23, 40, 392, 38, 392, 2, 0, 0.0, 2.0
160, 25, 157, 184, 155, 186, 2, -2, -0.7853981633974483, 2.8284271247461903
160, 28, 26, 164, 24, 165, 2, -1, -0.4636476090008061, 2.23606797749979
160, 29, 91, 326, 89, 326, 2, 0, 0.0, 2.0
160, 31, 111, 361, 108, 361, 3, 0, 0.0, 3.0
160, 36, 117, 150, 115, 151, 2, -1, -0.4636476090008061, 2.23606797749979
160, 37, 159, 178, 157, 179, 2, -1, -0.4636476090008061, 2.23606797749979
160, 38, 91, 320, 88, 319, 3, 1, 0.3217505543966422, 3.1622776601683795
160, 39, 22, 208, 22, 210, 0, -2, -1.5707963267948966, 2.0
160, 40, 61, 162, 59, 163, 2, -1, -0.4636476090008061, 2.23606797749979
160, 41, 164, 329, 163, 328, 1, 1, 0.7853981633974483, 1.4142135623730951
160, 42, 149, 151, 148, 152, 1, -1, -0.7853981633974483, 1.4142135623730951
161, 0, 86, 182, 84, 183, 2, -1, -0.4636476090008061, 2.23606797749979
161, 1, 63, 135, 61, 136, 2, -1, -0.4636476090008061, 2.23606797749979
161, 2, 10, 74, 9, 75, 1, -1, -0.7853981633974483, 1.4142135623730951
161, 3, 14, 140, 12, 141, 2, -1, -0.4636476090008061, 2.23606797749979
161, 4, 105, 404, 102, 404, 3, 0, 0.0, 3.0
161, 5, 24, 142, 23, 143, 1, -1, -0.7853981633974483, 1.4142135623730951
161, 6, 59, 74, 58, 75, 1, -1, -0.7853981633974483, 1.4142135623730951
161, 7, 175, 361, 173, 362, 2, -1, -0.4636476090008061, 2.23606797749979
161, 9, 125, 309, 122, 309, 3, 0, 0.0, 3.0
161, 10, 42, 171, 40, 172, 2, -1, -0.4636476090008061, 2.23606797749979
161, 11, 91, 189, 89, 190, 2, -1, -0.4636476090008061, 2.23606797749979
161, 12, 105, 73, 103, 74, 2, -1, -0.4636476090008061, 2.23606797749979
161, 15, 49, 135, 47, 137, 2, -2, -0.7853981633974483, 2.8284271247461903
161, 16, 44, 316, 41, 315, 3, 1, 0.3217505543966422, 3.1622776601683795
161, 18, 129, 344, 126, 344, 3, 0, 0.0, 3.0
161, 19, 48, 194, 46, 195, 2, -1, -0.4636476090008061, 2.23606797749979
161, 20, 119, 172, 118, 173, 1, -1, -0.7853981633974483, 1.4142135623730951
161, 21, 43, 211, 39, 213, 4, -2, -0.4636476090008061, 4.47213595499958
161, 22, 96, 275, 95, 276, 1, -1, -0.7853981633974483, 1.4142135623730951
161, 23, 44, 392, 40, 392, 4, 0, 0.0, 4.0
161, 24, 86, 275, 83, 273, 3, 2, 0.5880026035475675, 3.605551275463989
161, 25, 159, 183, 157, 184, 2, -1, -0.4636476090008061, 2.23606797749979
161, 26, 134, 339, 134, 341, 0, -2, -1.5707963267948966, 2.0
161, 29, 93, 326, 91, 326, 2, 0, 0.0, 2.0
161, 31, 114, 360, 111, 361, 3, -1, -0.3217505543966422, 3.1622776601683795
161, 34, 121, 318, 118, 318, 3, 0, 0.0, 3.0
161, 36, 118, 149, 117, 150, 1, -1, -0.7853981633974483, 1.4142135623730951
161, 37, 161, 177, 159, 178, 2, -1, -0.4636476090008061, 2.23606797749979
161, 38, 94, 319, 91, 320, 3, -1, -0.3217505543966422, 3.1622776601683795
161, 39, 23, 206, 22, 208, 1, -2, -1.1071487177940904, 2.23606797749979
161, 40, 62, 161, 61, 162, 1, -1, -0.7853981633974483, 1.4142135623730951
161, 41, 165, 328, 164, 329, 1, -1, -0.7853981633974483, 1.4142135623730951
161, 43, 53, 386, 53, 388, 0, -2, -1.5707963267948966, 2.0
162, 0, 88, 181, 86, 182, 2, -1, -0.4636476090008061, 2.23606797749979
162, 2, 11, 73, 10, 74, 1, -1, -0.7853981633974483, 1.4142135623730951
162, 3, 16, 139, 14, 140, 2, -1, -0.4636476090008061, 2.23606797749979
162, 4, 107, 404, 105, 404, 2, 0, 0.0, 2.0
162, 5, 25, 141, 24, 142, 1, -1, -0.7853981633974483, 1.4142135623730951
162, 6, 61, 73, 59, 74, 2, -1, -0.4636476090008061, 2.23606797749979
162, 7, 177, 360, 175, 361, 2, -1, -0.4636476090008061, 2.23606797749979
162, 8, 166, 338, 164, 338, 2, 0, 0.0, 2.0
162, 9, 128, 309, 125, 309, 3, 0, 0.0, 3.0
162, 10, 44, 169, 42, 171, 2, -2, -0.7853981633974483, 2.8284271247461903
162, 12, 106, 72, 105, 73, 1, -1, -0.7853981633974483, 1.4142135623730951
162, 13, 118, 113, 116, 113, 2, 0, 0.0, 2.0
162, 14, 67, 298, 65, 298, 2, 0, 0.0, 2.0
162, 15, 51, 134, 49, 135, 2, -1, -0.4636476090008061, 2.23606797749979
162, 16, 47, 315, 44, 316, 3, -1, -0.3217505543966422, 3.1622776601683795
162, 19, 50, 193, 48, 194, 2, -1, -0.4636476090008061, 2.23606797749979
162, 21, 46, 208, 43, 211, 3, -3, -0.7853981633974483, 4.242640687119285
162, 22, 97, 274, 96, 275, 1, -1, -0.7853981633974483, 1.4142135623730951
162, 24, 87, 276, 86, 275, 1, 1, 0.7853981633974483, 1.4142135623730951
162, 25, 160, 181, 159, 183, 1, -2, -1.1071487177940904, 2.23606797749979
162, 27, 29, 163, 27, 164, 2, -1, -0.4636476090008061, 2.23606797749979
162, 29, 117, 360, 114, 360, 3, 0, 0.0, 3.0
162, 32, 123, 318, 121, 318, 2, 0, 0.0, 2.0
162, 34, 119, 148, 118, 149, 1, -1, -0.7853981633974483, 1.4142135623730951
162, 36, 99, 320, 94, 319, 5, 1, 0.19739555984988075, 5.0990195135927845
162, 37, 24, 204, 23, 206, 1, -2, -1.1071487177940904, 2.23606797749979
162, 38, 63, 160, 62, 161, 1, -1, -0.7853981633974483, 1.4142135623730951
163, 0, 90, 180, 88, 181, 2, -1, -0.4636476090008061, 2.23606797749979
163, 3, 17, 138, 16, 139, 1, -1, -0.7853981633974483, 1.4142135623730951
163, 4, 109, 403, 107, 404, 2, -1, -0.4636476090008061, 2.23606797749979
163, 5, 27, 140, 25, 141, 2, -1, -0.4636476090008061, 2.23606797749979
163, 6, 67, 72, 61, 73, 6, -1, -0.16514867741462683, 6.082762530298219
163, 7, 179, 359, 177, 360, 2, -1, -0.4636476090008061, 2.23606797749979
163, 9, 132, 309, 128, 309, 4, 0, 0.0, 4.0
163, 10, 45, 168, 44, 169, 1, -1, -0.7853981633974483, 1.4142135623730951
163, 11, 94, 188, 92, 189, 2, -1, -0.4636476090008061, 2.23606797749979
163, 12, 112, 71, 106, 72, 6, -1, -0.16514867741462683, 6.082762530298219
163, 15, 52, 133, 51, 134, 1, -1, -0.7853981633974483, 1.4142135623730951
163, 16, 51, 315, 47, 315, 4, 0, 0.0, 4.0
163, 17, 14, 167, 12, 168, 2, -1, -0.4636476090008061, 2.23606797749979
163, 18, 132, 344, 130, 344, 2, 0, 0.0, 2.0
163, 19, 51, 192, 50, 193, 1, -1, -0.7853981633974483, 1.4142135623730951
163, 20, 121, 171, 120, 172, 1, -1, -0.7853981633974483, 1.4142135623730951
163, 21, 48, 205, 46, 208, 2, -3, -0.982793723247329, 3.605551275463989
163, 22, 98, 275, 97, 274, 1, 1, 0.7853981633974483, 1.4142135623730951
163, 23, 47, 392, 45, 392, 2, 0, 0.0, 2.0
163, 25, 162, 178, 160, 181, 2, -3, -0.982793723247329, 3.605551275463989
163, 26, 137, 339, 135, 339, 2, 0, 0.0, 2.0
163, 27, 30, 162, 29, 163, 1, -1, -0.7853981633974483, 1.4142135623730951
163, 29, 118, 361, 117, 360, 1, 1, 0.7853981633974483, 1.4142135623730951
163, 33, 120, 147, 119, 148, 1, -1, -0.7853981633974483, 1.4142135623730951
163, 34, 161, 174, 161, 176, 0, -2, -1.5707963267948966, 2.0
163, 35, 102, 320, 99, 320, 3, 0, 0.0, 3.0
163, 37, 65, 159, 63, 160, 2, -1, -0.4636476090008061, 2.23606797749979
163, 39, 151, 148, 150, 150, 1, -2, -1.1071487177940904, 2.23606797749979
164, 0, 91, 179, 90, 180, 1, -1, -0.7853981633974483, 1.4142135623730951
164, 1, 66, 134, 65, 135, 1, -1, -0.7853981633974483, 1.4142135623730951
164, 2, 13, 72, 12, 73, 1, -1, -0.7853981633974483, 1.4142135623730951
164, 3, 19, 137, 17, 138, 2, -1, -0.4636476090008061, 2.23606797749979
164, 4, 111, 403, 109, 403, 2, 0, 0.0, 2.0
164, 5, 29, 140, 27, 140, 2, 0, 0.0, 2.0
164, 7, 181, 358, 179, 359, 2, -1, -0.4636476090008061, 2.23606797749979
164, 8, 169, 338, 167, 338, 2, 0, 0.0, 2.0
164, 9, 142, 310, 132, 309, 10, 1, 0.09966865249116202, 10.04987562112089
164, 10, 48, 169, 45, 168, 3, 1, 0.3217505543966422, 3.1622776601683795
164, 11, 96, 188, 94, 188, 2, 0, 0.0, 2.0
164, 14, 70, 299, 68, 298, 2, 1, 0.4636476090008061, 2.23606797749979
164, 15, 54, 132, 52, 133, 2, -1, -0.4636476090008061, 2.23606797749979
164, 16, 52, 316, 51, 315, 1, 1, 0.7853981633974483, 1.4142135623730951
164, 17, 17, 166, 14, 167, 3, -1, -0.3217505543966422, 3.1622776601683795
164, 18, 133, 343, 132, 344, 1, -1, -0.7853981633974483, 1.4142135623730951
164, 19, 52, 191, 51, 192, 1, -1, -0.7853981633974483, 1.4142135623730951
164, 20, 122, 170, 121, 171, 1, -1, -0.7853981633974483, 1.4142135623730951
164, 21, 49, 204, 48, 205, 1, -1, -0.7853981633974483, 1.4142135623730951
164, 24, 90, 277, 88, 276, 2, 1, 0.4636476090008061, 2.23606797749979
164, 25, 164, 177, 162, 178, 2, -1, -0.4636476090008061, 2.23606797749979
164, 26, 141, 339, 137, 339, 4, 0, 0.0, 4.0
164, 27, 31, 161, 30, 162, 1, -1, -0.7853981633974483, 1.4142135623730951
164, 29, 121, 360, 118, 361, 3, -1, -0.3217505543966422, 3.1622776601683795
164, 31, 124, 320, 123, 319, 1, 1, 0.7853981633974483, 1.4142135623730951
164, 33, 122, 145, 120, 147, 2, -2, -0.7853981633974483, 2.8284271247461903
164, 34, 108, 323, 102, 320, 6, 3, 0.4636476090008061, 6.708203932499369
164, 35, 25, 202, 23, 204, 2, -2, -0.7853981633974483, 2.8284271247461903
164, 36, 66, 158, 65, 159, 1, -1, -0.7853981633974483, 1.4142135623730951
164, 38, 152, 147, 151, 148, 1, -1, -0.7853981633974483, 1.4142135623730951
164, 39, 56, 387, 55, 386, 1, 1, 0.7853981633974483, 1.4142135623730951
165, 0, 91, 182, 89, 183, 2, -1, -0.4636476090008061, 2.23606797749979
165, 1, 17, 138, 16, 140, 1, -2, -1.1071487177940904, 2.23606797749979
165, 3, 110, 74, 108, 74, 2, 0, 0.0, 2.0
165, 4, 44, 163, 43, 165, 1, -2, -1.1071487177940904, 2.23606797749979
165, 5, 101, 185, 99, 188, 2, -3, -0.982793723247329, 3.605551275463989
165, 6, 109, 404, 107, 404, 2, 0, 0.0, 2.0
165, 7, 65, 74, 63, 74, 2, 0, 0.0, 2.0
165, 8, 180, 362, 178, 362, 2, 0, 0.0, 2.0
165, 9, 15, 74, 12, 75, 3, -1, -0.3217505543966422, 3.1622776601683795
165, 12, 140, 314, 135, 312, 5, 2, 0.3805063771123649, 5.385164807134504
165, 13, 30, 164, 29, 165, 1, -1, -0.7853981633974483, 1.4142135623730951
165, 14, 53, 136, 51, 137, 2, -1, -0.4636476090008061, 2.23606797749979
165, 16, 9, 166, 7, 167, 2, -1, -0.4636476090008061, 2.23606797749979
165, 17, 99, 275, 98, 274, 1, 1, 0.7853981633974483, 1.4142135623730951
165, 18, 52, 193, 50, 194, 2, -1, -0.4636476090008061, 2.23606797749979
165, 19, 123, 173, 121, 174, 2, -1, -0.4636476090008061, 2.23606797749979
165, 22, 131, 342, 129, 343, 2, -1, -0.4636476090008061, 2.23606797749979
165, 24, 123, 144, 121, 145, 2, -1, -0.4636476090008061, 2.23606797749979
165, 25, 47, 392, 44, 393, 3, -1, -0.3217505543966422, 3.1622776601683795
165, 26, 119, 118, 116, 120, 3, -2, -0.5880026035475675, 3.605551275463989
165, 27, 118, 370, 116, 370, 2, 0, 0.0, 2.0
165, 28, 30, 206, 29, 207, 1, -1, -0.7853981633974483, 1.4142135623730951
165, 29, 75, 83, 74, 84, 1, -1, -0.7853981633974483, 1.4142135623730951
165, 33, 112, 323, 107, 321, 5, 2, 0.3805063771123649, 5.385164807134504
165, 34, 40, 324, 39, 325, 1, -1, -0.7853981633974483, 1.4142135623730951
165, 36, 75, 114, 73, 114, 2, 0, 0.0, 2.0
165, 37, 142, 144, 140, 145, 2, -1, -0.4636476090008061, 2.23606797749979
165, 38, 144, 387, 142, 387, 2, 0, 0.0, 2.0
165, 41, 57, 386, 54, 386, 3, 0, 0.0, 3.0
165, 42, 120, 85, 118, 86, 2, -1, -0.4636476090008061, 2.23606797749979
165, 45, 173, 175, 171, 177, 2, -2, -0.7853981633974483, 2.8284271247461903
165, 46, 106, 140, 103, 141, 3, -1, -0.3217505543966422, 3.1622776601683795
165, 48, 22, 208, 21, 209, 1, -1, -0.7853981633974483, 1.4142135623730951
165, 49, 49, 319, 54, 317, -5, 2, 2.761086276477428, 5.385164807134504
165, 50, 67, 81, 65, 81, 2, 0, 0.0, 2.0
165, 51, 113, 146, 111, 147, 2, -1, -0.4636476090008061, 2.23606797749979
166, 0, 93, 179, 91, 182, 2, -3, -0.982793723247329, 3.605551275463989
166, 1, 19, 137, 17, 138, 2, -1, -0.4636476090008061, 2.23606797749979
166, 3, 112, 74, 110, 74, 2, 0, 0.0, 2.0
166, 4, 46, 162, 44, 163, 2, -1, -0.4636476090008061, 2.23606797749979
166, 5, 102, 184, 101, 185, 1, -1, -0.7853981633974483, 1.4142135623730951
166, 6, 111, 404, 109, 404, 2, 0, 0.0, 2.0
166, 7, 67, 74, 65, 74, 2, 0, 0.0, 2.0
166, 8, 183, 361, 180, 362, 3, -1, -0.3217505543966422, 3.1622776601683795
166, 9, 17, 73, 15, 74, 2, -1, -0.4636476090008061, 2.23606797749979
166, 11, 172, 337, 170, 337, 2, 0, 0.0, 2.0
166, 12, 144, 316, 140, 314, 4, 2, 0.4636476090008061, 4.47213595499958
166, 13, 32, 163, 30, 164, 2, -1, -0.4636476090008061, 2.23606797749979
166, 14, 54, 135, 53, 136, 1, -1, -0.7853981633974483, 1.4142135623730951
166, 15, 98, 330, 96, 330, 2, 0, 0.0, 2.0
166, 16, 11, 165, 9, 166, 2, -1, -0.4636476090008061, 2.23606797749979
166, 17, 101, 275, 99, 275, 2, 0, 0.0, 2.0
166, 18, 53, 192, 52, 193, 1, -1, -0.7853981633974483, 1.4142135623730951
166, 19, 124, 172, 123, 173, 1, -1, -0.7853981633974483, 1.4142135623730951
166, 20, 169, 329, 166, 329, 3, 0, 0.0, 3.0
166, 21, 124, 118, 123, 119, 1, -1, -0.7853981633974483, 1.4142135623730951
166, 22, 133, 342, 131, 342, 2, 0, 0.0, 2.0
166, 23, 71, 301, 69, 301, 2, 0, 0.0, 2.0
166, 24, 124, 143, 123, 144, 1, -1, -0.7853981633974483, 1.4142135623730951
166, 25, 49, 392, 47, 392, 2, 0, 0.0, 2.0
166, 26, 121, 118, 119, 118, 2, 0, 0.0, 2.0
166, 28, 31, 205, 30, 206, 1, -1, -0.7853981633974483, 1.4142135623730951
166, 29, 76, 81, 75, 83, 1, -2, -1.1071487177940904, 2.23606797749979
166, 31, 48, 172, 49, 171, -1, 1, 2.356194490192345, 1.4142135623730951
166, 32, 125, 320, 123, 320, 2, 0, 0.0, 2.0
166, 33, 114, 325, 112, 323, 2, 2, 0.7853981633974483, 2.8284271247461903
166, 35, 66, 161, 65, 162, 1, -1, -0.7853981633974483, 1.4142135623730951
166, 36, 77, 114, 75, 114, 2, 0, 0.0, 2.0
166, 37, 143, 143, 142, 144, 1, -1, -0.7853981633974483, 1.4142135623730951
166, 38, 146, 386, 144, 387, 2, -1, -0.4636476090008061, 2.23606797749979
166, 39, 141, 339, 139, 339, 2, 0, 0.0, 2.0
166, 40, 81, 374, 78, 375, 3, -1, -0.3217505543966422, 3.1622776601683795
166, 41, 59, 386, 57, 386, 2, 0, 0.0, 2.0
166, 42, 122, 84, 120, 85, 2, -1, -0.4636476090008061, 2.23606797749979
166, 45, 175, 174, 173, 175, 2, -1, -0.4636476090008061, 2.23606797749979
166, 46, 108, 139, 106, 140, 2, -1, -0.4636476090008061, 2.23606797749979
166, 47, 91, 275, 90, 276, 1, -1, -0.7853981633974483, 1.4142135623730951
166, 48, 23, 207, 22, 208, 1, -1, -0.7853981633974483, 1.4142135623730951
166, 50, 69, 80, 67, 81, 2, -1, -0.4636476090008061, 2.23606797749979
166, 51, 114, 145, 113, 146, 1, -1, -0.7853981633974483, 1.4142135623730951
167, 0, 96, 178, 93, 179, 3, -1, -0.3217505543966422, 3.1622776601683795
167, 1, 20, 136, 19, 137, 1, -1, -0.7853981633974483, 1.4142135623730951
167, 3, 115, 73, 112, 74, 3, -1, -0.3217505543966422, 3.1622776601683795
167, 4, 48, 161, 46, 162, 2, -1, -0.4636476090008061, 2.23606797749979
167, 5, 103, 182, 102, 184, 1, -2, -1.1071487177940904, 2.23606797749979
167, 6, 113, 404, 111, 404, 2, 0, 0.0, 2.0
167, 7, 69, 74, 67, 74, 2, 0, 0.0, 2.0
167, 8, 185, 360, 183, 361, 2, -1, -0.4636476090008061, 2.23606797749979
167, 9, 18, 72, 17, 73, 1, -1, -0.7853981633974483, 1.4142135623730951
167, 10, 165, 185, 164, 186, 1, -1, -0.7853981633974483, 1.4142135623730951
167, 11, 174, 337, 172, 337, 2, 0, 0.0, 2.0
167, 12, 146, 318, 144, 316, 2, 2, 0.7853981633974483, 2.8284271247461903
167, 13, 35, 162, 32, 163, 3, -1, -0.3217505543966422, 3.1622776601683795
167, 14, 54, 133, 54, 135, 0, -2, -1.5707963267948966, 2.0
167, 15, 100, 330, 98, 330, 2, 0, 0.0, 2.0
167, 16, 13, 165, 11, 165, 2, 0, 0.0, 2.0
167, 18, 55, 191, 53, 192, 2, -1, -0.4636476090008061, 2.23606797749979
167, 19, 125, 171, 124, 172, 1, -1, -0.7853981633974483, 1.4142135623730951
167, 20, 173, 330, 169, 329, 4, 1, 0.24497866312686414, 4.123105625617661
167, 21, 126, 118, 124, 118, 2, 0, 0.0, 2.0
167, 22, 135, 342, 133, 342, 2, 0, 0.0, 2.0
167, 24, 126, 142, 124, 143, 2, -1, -0.4636476090008061, 2.23606797749979
167, 25, 51, 392, 49, 392, 2, 0, 0.0, 2.0
167, 26, 123, 118, 121, 118, 2, 0, 0.0, 2.0
167, 27, 121, 370, 119, 370, 2, 0, 0.0, 2.0
167, 28, 33, 204, 31, 205, 2, -1, -0.4636476090008061, 2.23606797749979
167, 29, 78, 81, 76, 81, 2, 0, 0.0, 2.0
167, 30, 2, 372, 3, 371, -1, 1, 2.356194490192345, 1.4142135623730951
167, 32, 127, 320, 125, 320, 2, 0, 0.0, 2.0
167, 33, 113, 326, 114, 325, -1, 1, 2.356194490192345, 1.4142135623730951
167, 34, 43, 324, 41, 324, 2, 0, 0.0, 2.0
167, 35, 68, 160, 66, 161, 2, -1, -0.4636476090008061, 2.23606797749979
167, 36, 78, 113, 77, 114, 1, -1, -0.7853981633974483, 1.4142135623730951
167, 37, 145, 142, 143, 143, 2, -1, -0.4636476090008061, 2.23606797749979
167, 38, 148, 386, 146, 386, 2, 0, 0.0, 2.0
167, 39, 144, 339, 141, 339, 3, 0, 0.0, 3.0
167, 40, 83, 373, 81, 374, 2, -1, -0.4636476090008061, 2.23606797749979
167, 41, 61, 386, 59, 386, 2, 0, 0.0, 2.0
167, 42, 123, 83, 122, 84, 1, -1, -0.7853981633974483, 1.4142135623730951
167, 43, 67, 342, 65, 343, 2, -1, -0.4636476090008061, 2.23606797749979
167, 45, 177, 175, 175, 174, 2, 1, 0.4636476090008061, 2.23606797749979
167, 46, 110, 137, 108, 139, 2, -2, -0.7853981633974483, 2.8284271247461903
167, 47, 94, 276, 91, 275, 3, 1, 0.3217505543966422, 3.1622776601683795
167, 48, 25, 205, 23, 207, 2, -2, -0.7853981633974483, 2.8284271247461903
167, 50, 71, 80, 69, 80, 2, 0, 0.0, 2.0
167, 51, 115, 144, 114, 145, 1, -1, -0.7853981633974483, 1.4142135623730951
168, 0, 97, 177, 96, 178, 1, -1, -0.7853981633974483, 1.4142135623730951
168, 1, 21, 135, 20, 136, 1, -1, -0.7853981633974483, 1.4142135623730951
168, 2, 68, 137, 66, 138, 2, -1, -0.4636476090008061, 2.23606797749979
168, 3, 117, 73, 115, 73, 2, 0, 0.0, 2.0
168, 4, 51, 160, 48, 161, 3, -1, -0.3217505543966422, 3.1622776601683795
168, 5, 105, 181, 103, 182, 2, -1, -0.4636476090008061, 2.23606797749979
168, 6, 115, 404, 113, 404, 2, 0, 0.0, 2.0
168, 7, 70, 73, 69, 74, 1, -1, -0.7853981633974483, 1.4142135623730951
168, 8, 188, 360, 185, 360, 3, 0, 0.0, 3.0
168, 9, 19, 71, 18, 72, 1, -1, -0.7853981633974483, 1.4142135623730951
168, 10, 169, 184, 165, 185, 4, -1, -0.24497866312686414, 4.123105625617661
168, 11, 176, 337, 174, 337, 2, 0, 0.0, 2.0
168, 13, 37, 161, 35, 162, 2, -1, -0.4636476090008061, 2.23606797749979
168, 14, 55, 132, 54, 133, 1, -1, -0.7853981633974483, 1.4142135623730951
168, 15, 103, 330, 100, 330, 3, 0, 0.0, 3.0
168, 16, 14, 164, 13, 165, 1, -1, -0.7853981633974483, 1.4142135623730951
168, 17, 103, 276, 102, 275, 1, 1, 0.7853981633974483, 1.4142135623730951
168, 18, 56, 190, 55, 191, 1, -1, -0.7853981633974483, 1.4142135623730951
168, 19, 127, 171, 125, 171, 2, 0, 0.0, 2.0
168, 20, 176, 330, 173, 330, 3, 0, 0.0, 3.0
168, 22, 137, 342, 135, 342, 2, 0, 0.0, 2.0
168, 24, 127, 141, 126, 142, 1, -1, -0.7853981633974483, 1.4142135623730951
168, 26, 125, 118, 123, 118, 2, 0, 0.0, 2.0
168, 27, 123, 370, 121, 370, 2, 0, 0.0, 2.0
168, 28, 35, 203, 33, 204, 2, -1, -0.4636476090008061, 2.23606797749979
168, 29, 80, 81, 78, 81, 2, 0, 0.0, 2.0
168, 34, 70, 159, 68, 160, 2, -1, -0.4636476090008061, 2.23606797749979
168, 35, 78, 111, 78, 113, 0, -2, -1.5707963267948966, 2.0
168, 39, 85, 372, 83, 373, 2, -1, -0.4636476090008061, 2.23606797749979
168, 41, 125, 82, 123, 83, 2, -1, -0.4636476090008061, 2.23606797749979
168, 45, 111, 136, 110, 137, 1, -1, -0.7853981633974483, 1.4142135623730951
168, 47, 26, 204, 25, 205, 1, -1, -0.7853981633974483, 1.4142135623730951
168, 48, 52, 317, 49, 317, 3, 0, 0.0, 3.0
168, 49, 72, 79, 71, 80, 1, -1, -0.7853981633974483, 1.4142135623730951
168, 50, 116, 143, 115, 144, 1, -1, -0.7853981633974483, 1.4142135623730951
169, 0, 98, 176, 97, 177, 1, -1, -0.7853981633974483, 1.4142135623730951
169, 1, 22, 134, 21, 135, 1, -1, -0.7853981633974483, 1.4142135623730951
169, 2, 70, 136, 68, 137, 2, -1, -0.4636476090008061, 2.23606797749979
169, 3, 119, 72, 117, 73, 2, -1, -0.4636476090008061, 2.23606797749979
169, 4, 53, 160, 51, 160, 2, 0, 0.0, 2.0
169, 5, 106, 179, 105, 181, 1, -2, -1.1071487177940904, 2.23606797749979
169, 8, 189, 359, 188, 360, 1, -1, -0.7853981633974483, 1.4142135623730951
169, 9, 20, 70, 19, 71, 1, -1, -0.7853981633974483, 1.4142135623730951
169, 10, 172, 183, 169, 184, 3, -1, -0.3217505543966422, 3.1622776601683795
169, 13, 38, 160, 37, 161, 1, -1, -0.7853981633974483, 1.4142135623730951
169, 14, 56, 131, 55, 132, 1, -1, -0.7853981633974483, 1.4142135623730951
169, 15, 106, 330, 103, 330, 3, 0, 0.0, 3.0
169, 18, 58, 189, 56, 190, 2, -1, -0.4636476090008061, 2.23606797749979
169, 19, 129, 170, 127, 171, 2, -1, -0.4636476090008061, 2.23606797749979
169, 21, 128, 115, 126, 117, 2, -2, -0.7853981633974483, 2.8284271247461903
169, 23, 75, 301, 73, 301, 2, 0, 0.0, 2.0
169, 26, 127, 117, 125, 118, 2, -1, -0.4636476090008061, 2.23606797749979
169, 27, 126, 369, 123, 370, 3, -1, -0.3217505543966422, 3.1622776601683795
169, 28, 37, 204, 35, 203, 2, 1, 0.4636476090008061, 2.23606797749979
169, 30, 49, 171, 48, 172, 1, -1, -0.7853981633974483, 1.4142135623730951
169, 31, 130, 320, 128, 320, 2, 0, 0.0, 2.0
169, 32, 110, 326, 112, 326, -2, 0, 3.141592653589793, 2.0
169, 36, 148, 142, 146, 142, 2, 0, 0.0, 2.0
169, 37, 150, 385, 149, 386, 1, -1, -0.7853981633974483, 1.4142135623730951
169, 38, 145, 340, 144, 339, 1, 1, 0.7853981633974483, 1.4142135623730951
169, 39, 86, 371, 85, 372, 1, -1, -0.7853981633974483, 1.4142135623730951
169, 40, 64, 386, 62, 386, 2, 0, 0.0, 2.0
169, 47, 28, 203, 26, 204, 2, -1, -0.4636476090008061, 2.23606797749979
169, 48, 56, 316, 52, 317, 4, -1, -0.24497866312686414, 4.123105625617661
169, 49, 74, 78, 72, 79, 2, -1, -0.4636476090008061, 2.23606797749979
169, 50, 117, 141, 116, 143, 1, -2, -1.1071487177940904, 2.23606797749979
170, 0, 95, 180, 94, 181, 1, -1, -0.7853981633974483, 1.4142135623730951
170, 1, 51, 164, 49, 164, 2, 0, 0.0, 2.0
170, 2, 116, 73, 114, 74, 2, -1, -0.4636476090008061, 2.23606797749979
170, 3, 21, 139, 20, 140, 1, -1, -0.7853981633974483, 1.4142135623730951
170, 4, 20, 73, 18, 74, 2, -1, -0.4636476090008061, 2.23606797749979
170, 5, 114, 403, 112, 404, 2, -1, -0.4636476090008061, 2.23606797749979
170, 6, 71, 74, 69, 75, 2, -1, -0.4636476090008061, 2.23606797749979
170, 7, 27, 147, 26, 148, 1, -1, -0.7853981633974483, 1.4142135623730951
170, 8, 176, 178, 175, 177, 1, 1, 0.7853981633974483, 1.4142135623730951
170, 9, 14, 168, 13, 169, 1, -1, -0.7853981633974483, 1.4142135623730951
170, 10, 57, 131, 56, 132, 1, -1, -0.7853981633974483, 1.4142135623730951
170, 11, 135, 345, 133, 345, 2, 0, 0.0, 2.0
170, 12, 59, 319, 58, 320, 1, -1, -0.7853981633974483, 1.4142135623730951
170, 13, 186, 363, 184, 363, 2, 0, 0.0, 2.0
170, 14, 172, 181, 169, 184, 3, -3, -0.7853981633974483, 4.242640687119285
170, 15, 68, 141, 66, 142, 2, -1, -0.4636476090008061, 2.23606797749979
170, 17, 127, 171, 126, 172, 1, -1, -0.7853981633974483, 1.4142135623730951
170, 18, 52, 391, 50, 392, 2, -1, -0.4636476090008061, 2.23606797749979
170, 19, 56, 192, 55, 193, 1, -1, -0.7853981633974483, 1.4142135623730951
170, 20, 37, 162, 35, 163, 2, -1, -0.4636476090008061, 2.23606797749979
170, 21, 108, 323, 111, 324, -3, -1, -2.819842099193151, 3.1622776601683795
170, 24, 99, 278, 97, 278, 2, 0, 0.0, 2.0
170, 25, 129, 361, 131, 362, -2, -1, -2.677945044588987, 2.23606797749979
170, 27, 148, 388, 147, 387, 1, 1, 0.7853981633974483, 1.4142135623730951
170, 31, 154, 149, 153, 150, 1, -1, -0.7853981633974483, 1.4142135623730951
170, 32, 170, 339, 169, 340, 1, -1, -0.7853981633974483, 1.4142135623730951
170, 33, 132, 318, 128, 316, 4, 2, 0.4636476090008061, 4.47213595499958
170, 34, 23, 393, 22, 394, 1, -1, -0.7853981633974483, 1.4142135623730951
170, 35, 62, 386, 60, 387, 2, -1, -0.4636476090008061, 2.23606797749979
170, 36, 76, 140, 75, 142, 1, -2, -1.1071487177940904, 2.23606797749979
170, 37, 30, 305, 29, 303, 1, 2, 1.1071487177940904, 2.23606797749979
170, 38, 28, 206, 26, 207, 2, -1, -0.4636476090008061, 2.23606797749979
170, 41, 89, 166, 88, 168, 1, -2, -1.1071487177940904, 2.23606797749979
170, 42, 125, 395, 124, 396, 1, -1, -0.7853981633974483, 1.4142135623730951
171, 0, 96, 179, 95, 180, 1, -1, -0.7853981633974483, 1.4142135623730951
171, 1, 53, 164, 51, 164, 2, 0, 0.0, 2.0
171, 2, 118, 72, 116, 73, 2, -1, -0.4636476090008061, 2.23606797749979
171, 4, 22, 72, 20, 73, 2, -1, -0.4636476090008061, 2.23606797749979
171, 5, 116, 403, 114, 403, 2, 0, 0.0, 2.0
171, 6, 73, 73, 71, 74, 2, -1, -0.4636476090008061, 2.23606797749979
171, 8, 179, 178, 176, 178, 3, 0, 0.0, 3.0
171, 9, 15, 167, 14, 168, 1, -1, -0.7853981633974483, 1.4142135623730951
171, 10, 58, 130, 57, 131, 1, -1, -0.7853981633974483, 1.4142135623730951
171, 11, 137, 345, 135, 345, 2, 0, 0.0, 2.0
171, 12, 60, 318, 59, 319, 1, -1, -0.7853981633974483, 1.4142135623730951
171, 13, 188, 363, 186, 363, 2, 0, 0.0, 2.0
171, 14, 175, 179, 172, 181, 3, -2, -0.5880026035475675, 3.605551275463989
171, 17, 129, 170, 127, 171, 2, -1, -0.4636476090008061, 2.23606797749979
171, 18, 54, 391, 52, 391, 2, 0, 0.0, 2.0
171, 19, 58, 191, 56, 192, 2, -1, -0.4636476090008061, 2.23606797749979
171, 20, 38, 160, 37, 162, 1, -2, -1.1071487177940904, 2.23606797749979
171, 21, 106, 322, 108, 323, -2, -1, -2.677945044588987, 2.23606797749979
171, 23, 143, 342, 141, 342, 2, 0, 0.0, 2.0
171, 24, 101, 279, 99, 278, 2, 1, 0.4636476090008061, 2.23606797749979
171, 25, 126, 361, 129, 361, -3, 0, 3.141592653589793, 3.0
171, 26, 123, 143, 122, 144, 1, -1, -0.7853981633974483, 1.4142135623730951
171, 30, 70, 160, 69, 161, 1, -1, -0.7853981633974483, 1.4142135623730951
171, 31, 155, 148, 154, 149, 1, -1, -0.7853981633974483, 1.4142135623730951
171, 32, 172, 339, 170, 339, 2, 0, 0.0, 2.0
171, 34, 24, 391, 23, 393, 1, -2, -1.1071487177940904, 2.23606797749979
171, 36, 78, 139, 76, 140, 2, -1, -0.4636476090008061, 2.23606797749979
171, 38, 29, 204, 28, 206, 1, -2, -1.1071487177940904, 2.23606797749979
171, 39, 50, 318, 48, 318, 2, 0, 0.0, 2.0
171, 41, 90, 165, 89, 166, 1, -1, -0.7853981633974483, 1.4142135623730951
171, 42, 128, 395, 125, 395, 3, 0, 0.0, 3.0
172, 0, 98, 178, 96, 179, 2, -1, -0.4636476090008061, 2.23606797749979
172, 2, 120, 71, 118, 72, 2, -1, -0.4636476090008061, 2.23606797749979
172, 3, 24, 138, 22, 139, 2, -1, -0.4636476090008061, 2.23606797749979
172, 5, 118, 403, 116, 403, 2, 0, 0.0, 2.0
172, 6, 75, 72, 73, 73, 2, -1, -0.4636476090008061, 2.23606797749979
172, 7, 30, 147, 28, 147, 2, 0, 0.0, 2.0
172, 8, 183, 176, 179, 178, 4, -2, -0.4636476090008061, 4.47213595499958
172, 10, 59, 129, 58, 130, 1, -1, -0.7853981633974483, 1.4142135623730951
172, 11, 139, 345, 137, 345, 2, 0, 0.0, 2.0
172, 12, 62, 317, 60, 318, 2, -1, -0.4636476090008061, 2.23606797749979
172, 13, 190, 363, 188, 363, 2, 0, 0.0, 2.0
172, 14, 175, 176, 175, 179, 0, -3, -1.5707963267948966, 3.0
172, 15, 70, 140, 69, 141, 1, -1, -0.7853981633974483, 1.4142135623730951
172, 16, 182, 332, 180, 332, 2, 0, 0.0, 2.0
172, 17, 130, 169, 129, 170, 1, -1, -0.7853981633974483, 1.4142135623730951
172, 18, 56, 391, 54, 391, 2, 0, 0.0, 2.0
172, 19, 60, 190, 58, 191, 2, -1, -0.4636476090008061, 2.23606797749979
172, 20, 40, 158, 38, 160, 2, -2, -0.7853981633974483, 2.8284271247461903
172, 21, 104, 322, 106, 322, -2, 0, 3.141592653589793, 2.0
172, 22, 74, 304, 73, 303, 1, 1, 0.7853981633974483, 1.4142135623730951
172, 23, 145, 342, 143, 342, 2, 0, 0.0, 2.0
172, 24, 103, 279, 101, 279, 2, 0, 0.0, 2.0
172, 25, 124, 361, 126, 361, -2, 0, 3.141592653589793, 2.0
172, 26, 124, 142, 123, 143, 1, -1, -0.7853981633974483, 1.4142135623730951
172, 27, 151, 387, 149, 388, 2, -1, -0.4636476090008061, 2.23606797749979
172, 30, 71, 159, 70, 160, 1, -1, -0.7853981633974483, 1.4142135623730951
172, 31, 157, 148, 155, 148, 2, 0, 0.0, 2.0
172, 32, 175, 339, 172, 339, 3, 0, 0.0, 3.0
172, 34, 25, 389, 24, 391, 1, -2, -1.1071487177940904, 2.23606797749979
172, 35, 65, 386, 63, 386, 2, 0, 0.0, 2.0
172, 36, 78, 137, 78, 139, 0, -2, -1.5707963267948966, 2.0
172, 37, 31, 306, 30, 305, 1, 1, 0.7853981633974483, 1.4142135623730951
172, 39, 53, 318, 50, 318, 3, 0, 0.0, 3.0
172, 40, 14, 310, 12, 310, 2, 0, 0.0, 2.0
172, 41, 90, 163, 90, 165, 0, -2, -1.5707963267948966, 2.0
172, 42, 131, 395, 128, 395, 3, 0, 0.0, 3.0
173, 0, 99, 177, 98, 178, 1, -1, -0.7853981633974483, 1.4142135623730951
173, 2, 122, 70, 120, 71, 2, -1, -0.4636476090008061, 2.23606797749979
173, 3, 26, 137, 24, 138, 2, -1, -0.4636476090008061, 2.23606797749979
173, 4, 25, 72, 23, 72, 2, 0, 0.0, 2.0
173, 5, 120, 402, 118, 403, 2, -1, -0.4636476090008061, 2.23606797749979
173, 6, 77, 71, 75, 72, 2, -1, -0.4636476090008061, 2.23606797749979
173, 7, 32, 146, 30, 147, 2, -1, -0.4636476090008061, 2.23606797749979
173, 8, 189, 172, 183, 176, 6, -4, -0.5880026035475675, 7.211102550927978
173, 9, 17, 166, 16, 167, 1, -1, -0.7853981633974483, 1.4142135623730951
173, 10, 60, 128, 59, 129, 1, -1, -0.7853981633974483, 1.4142135623730951
173, 11, 141, 344, 139, 345, 2, -1, -0.4636476090008061, 2.23606797749979
173, 12, 62, 315, 62, 317, 0, -2, -1.5707963267948966, 2.0
173, 13, 192, 363, 190, 363, 2, 0, 0.0, 2.0
173, 14, 177, 174, 175, 176, 2, -2, -0.7853981633974483, 2.8284271247461903
173, 15, 71, 139, 70, 140, 1, -1, -0.7853981633974483, 1.4142135623730951
173, 16, 184, 332, 182, 332, 2, 0, 0.0, 2.0
173, 17, 131, 168, 130, 169, 1, -1, -0.7853981633974483, 1.4142135623730951
173, 18, 58, 391, 56, 391, 2, 0, 0.0, 2.0
173, 20, 41, 156, 40, 158, 1, -2, -1.1071487177940904, 2.23606797749979
173, 23, 147, 343, 145, 342, 2, 1, 0.4636476090008061, 2.23606797749979
173, 24, 105, 280, 103, 279, 2, 1, 0.4636476090008061, 2.23606797749979
173, 25, 122, 362, 124, 361, -2, 1, 2.677945044588987, 2.23606797749979
173, 26, 125, 141, 124, 142, 1, -1, -0.7853981633974483, 1.4142135623730951
173, 27, 154, 387, 151, 387, 3, 0, 0.0, 3.0
173, 29, 129, 117, 127, 117, 2, 0, 0.0, 2.0
173, 30, 73, 158, 71, 159, 2, -1, -0.4636476090008061, 2.23606797749979
173, 31, 159, 148, 157, 148, 2, 0, 0.0, 2.0
173, 32, 177, 339, 175, 339, 2, 0, 0.0, 2.0
173, 34, 29, 388, 25, 389, 4, -1, -0.24497866312686414, 4.123105625617661
173, 35, 67, 387, 65, 386, 2, 1, 0.4636476090008061, 2.23606797749979
173, 36, 78, 135, 78, 137, 0, -2, -1.5707963267948966, 2.0
173, 38, 30, 202, 29, 203, 1, -1, -0.7853981633974483, 1.4142135623730951
173, 39, 56, 319, 53, 318, 3, 1, 0.3217505543966422, 3.1622776601683795
173, 42, 134, 395, 131, 395, 3, 0, 0.0, 3.0
174, 0, 101, 175, 99, 177, 2, -2, -0.7853981633974483, 2.8284271247461903
174, 2, 125, 69, 122, 70, 3, -1, -0.3217505543966422, 3.1622776601683795
174, 4, 26, 71, 25, 72, 1, -1, -0.7853981633974483, 1.4142135623730951
174, 5, 122, 402, 120, 402, 2, 0, 0.0, 2.0
174, 6, 80, 70, 77, 71, 3, -1, -0.3217505543966422, 3.1622776601683795
174, 7, 34, 145, 32, 146, 2, -1, -0.4636476090008061, 2.23606797749979
174, 8, 192, 169, 189, 172, 3, -3, -0.7853981633974483, 4.242640687119285
174, 9, 18, 165, 17, 166, 1, -1, -0.7853981633974483, 1.4142135623730951
174, 10, 61, 127, 60, 128, 1, -1, -0.7853981633974483, 1.4142135623730951
174, 11, 143, 344, 141, 344, 2, 0, 0.0, 2.0
174, 12, 66, 314, 62, 315, 4, -1, -0.24497866312686414, 4.123105625617661
174, 13, 194, 363, 192, 363, 2, 0, 0.0, 2.0
174, 14, 179, 173, 177, 174, 2, -1, -0.4636476090008061, 2.23606797749979
174, 16, 186, 332, 184, 332, 2, 0, 0.0, 2.0
174, 17, 132, 167, 131, 168, 1, -1, -0.7853981633974483, 1.4142135623730951
174, 18, 60, 391, 58, 391, 2, 0, 0.0, 2.0
174, 19, 62, 188, 60, 189, 2, -1, -0.4636476090008061, 2.23606797749979
174, 20, 42, 154, 41, 156, 1, -2, -1.1071487177940904, 2.23606797749979
174, 22, 149, 345, 147, 343, 2, 2, 0.7853981633974483, 2.8284271247461903
174, 23, 106, 281, 105, 280, 1, 1, 0.7853981633974483, 1.4142135623730951
174, 24, 124, 359, 122, 362, 2, -3, -0.982793723247329, 3.605551275463989
174, 25, 127, 141, 125, 141, 2, 0, 0.0, 2.0
174, 26, 155, 386, 154, 387, 1, -1, -0.7853981633974483, 1.4142135623730951
174, 27, 110, 280, 111, 278, -1, 2, 2.0344439357957027, 2.23606797749979
174, 28, 132, 117, 129, 117, 3, 0, 0.0, 3.0
174, 29, 75, 157, 73, 158, 2, -1, -0.4636476090008061, 2.23606797749979
174, 30, 160, 147, 159, 148, 1, -1, -0.7853981633974483, 1.4142135623730951
174, 31, 179, 339, 177, 339, 2, 0, 0.0, 2.0
174, 32, 136, 319, 134, 318, 2, 1, 0.4636476090008061, 2.23606797749979
174, 33, 31, 385, 29, 388, 2, -3, -0.982793723247329, 3.605551275463989
174, 38, 57, 320, 56, 319, 1, 1, 0.7853981633974483, 1.4142135623730951
174, 39, 17, 310, 15, 310, 2, 0, 0.0, 2.0
174, 41, 135, 397, 134, 395, 1, 2, 1.1071487177940904, 2.23606797749979
175, 0, 6, 273, 4, 273, 2, 0, 0.0, 2.0
175, 1, 100, 179, 99, 180, 1, -1, -0.7853981633974483, 1.4142135623730951
175, 2, 27, 139, 25, 140, 2, -1, -0.4636476090008061, 2.23606797749979
175, 4, 122, 74, 120, 74, 2, 0, 0.0, 2.0
175, 5, 120, 403, 118, 404, 2, -1, -0.4636476090008061, 2.23606797749979
175, 6, 133, 113, 131, 115, 2, -2, -0.7853981633974483, 2.8284271247461903
175, 7, 38, 146, 36, 146, 2, 0, 0.0, 2.0
175, 8, 77, 73, 75, 74, 2, -1, -0.4636476090008061, 2.23606797749979
175, 9, 14, 108, 8, 110, 6, -2, -0.3217505543966422, 6.324555320336759
175, 10, 110, 284, 108, 284, 2, 0, 0.0, 2.0
175, 11, 144, 316, 141, 315, 3, 1, 0.3217505543966422, 3.1622776601683795
175, 12, 76, 304, 74, 304, 2, 0, 0.0, 2.0
175, 13, 55, 164, 54, 163, 1, 1, 0.7853981633974483, 1.4142135623730951
175, 14, 21, 168, 19, 167, 2, 1, 0.4636476090008061, 2.23606797749979
175, 15, 63, 190, 61, 191, 2, -1, -0.4636476090008061, 2.23606797749979
175, 17, 65, 321, 63, 320, 2, 1, 0.4636476090008061, 2.23606797749979
175, 18, 29, 80, 28, 81, 1, -1, -0.7853981633974483, 1.4142135623730951
175, 20, 149, 345, 147, 347, 2, -2, -0.7853981633974483, 2.8284271247461903
175, 21, 53, 168, 52, 170, 1, -2, -1.1071487177940904, 2.23606797749979
175, 22, 133, 171, 131, 172, 2, -1, -0.4636476090008061, 2.23606797749979
175, 23, 41, 162, 40, 163, 1, -1, -0.7853981633974483, 1.4142135623730951
175, 24, 192, 364, 190, 364, 2, 0, 0.0, 2.0
175, 25, 133, 145, 132, 148, 1, -3, -1.2490457723982544, 3.1622776601683795
175, 27, 111, 182, 109, 183, 2, -1, -0.4636476090008061, 2.23606797749979
175, 28, 62, 135, 60, 135, 2, 0, 0.0, 2.0
175, 29, 58, 393, 56, 393, 2, 0, 0.0, 2.0
175, 30, 182, 338, 180, 338, 2, 0, 0.0, 2.0
175, 31, 187, 171, 187, 174, 0, -3, -1.5707963267948966, 3.0
175, 32, 134, 323, 132, 323, 2, 0, 0.0, 2.0
175, 34, 68, 387, 66, 387, 2, 0, 0.0, 2.0
175, 37, 50, 328, 49, 327, 1, 1, 0.7853981633974483, 1.4142135623730951
175, 38, 86, 110, 85, 111, 1, -1, -0.7853981633974483, 1.4142135623730951
175, 40, 33, 392, 27, 392, 6, 0, 0.0, 6.0
176, 0, 8, 273, 6, 273, 2, 0, 0.0, 2.0
176, 1, 102, 177, 100, 179, 2, -2, -0.7853981633974483, 2.8284271247461903
176, 2, 28, 138, 27, 139, 1, -1, -0.7853981633974483, 1.4142135623730951
176, 3, 24, 73, 23, 74, 1, -1, -0.7853981633974483, 1.4142135623730951
176, 4, 125, 74, 122, 74, 3, 0, 0.0, 3.0
176, 5, 122, 402, 120, 403, 2, -1, -0.4636476090008061, 2.23606797749979
176, 6, 135, 112, 133, 113, 2, -1, -0.4636476090008061, 2.23606797749979
176, 7, 39, 145, 38, 146, 1, -1, -0.7853981633974483, 1.4142135623730951
176, 8, 79, 73, 77, 73, 2, 0, 0.0, 2.0
176, 9, 15, 107, 14, 108, 1, -1, -0.7853981633974483, 1.4142135623730951
176, 11, 147, 317, 144, 316, 3, 1, 0.3217505543966422, 3.1622776601683795
176, 13, 57, 164, 55, 164, 2, 0, 0.0, 2.0
176, 14, 23, 168, 21, 168, 2, 0, 0.0, 2.0
176, 15, 65, 188, 63, 190, 2, -2, -0.7853981633974483, 2.8284271247461903
176, 16, 75, 133, 73, 134, 2, -1, -0.4636476090008061, 2.23606797749979
176, 17, 68, 321, 65, 321, 3, 0, 0.0, 3.0
176, 18, 31, 80, 29, 80, 2, 0, 0.0, 2.0
176, 20, 151, 346, 149, 345, 2, 1, 0.4636476090008061, 2.23606797749979
176, 21, 55, 168, 53, 168, 2, 0, 0.0, 2.0
176, 22, 134, 170, 133, 171, 1, -1, -0.7853981633974483, 1.4142135623730951
176, 23, 43, 161, 41, 162, 2, -1, -0.4636476090008061, 2.23606797749979
176, 24, 194, 363, 192, 364, 2, -1, -0.4636476090008061, 2.23606797749979
176, 25, 134, 141, 133, 145, 1, -4, -1.3258176636680326, 4.123105625617661
176, 27, 113, 181, 111, 182, 2, -1, -0.4636476090008061, 2.23606797749979
176, 28, 64, 134, 62, 135, 2, -1, -0.4636476090008061, 2.23606797749979
176, 29, 60, 392, 58, 393, 2, -1, -0.4636476090008061, 2.23606797749979
176, 30, 184, 338, 182, 338, 2, 0, 0.0, 2.0
176, 32, 8, 198, 5, 199, 3, -1, -0.3217505543966422, 3.1622776601683795
176, 33, 70, 387, 68, 387, 2, 0, 0.0, 2.0
176, 34, 172, 175, 172, 178, 0, -3, -1.5707963267948966, 3.0
176, 36, 52, 328, 50, 328, 2, 0, 0.0, 2.0
176, 37, 88, 109, 86, 110, 2, -1, -0.4636476090008061, 2.23606797749979
176, 39, 37, 392, 33, 392, 4, 0, 0.0, 4.0
177, 0, 9, 274, 8, 273, 1, 1, 0.7853981633974483, 1.4142135623730951
177, 1, 103, 176, 102, 177, 1, -1, -0.7853981633974483, 1.4142135623730951
177, 2, 29, 137, 28, 138, 1, -1, -0.7853981633974483, 1.4142135623730951
177, 4, 127, 74, 125, 74, 2, 0, 0.0, 2.0
177, 5, 124, 401, 122, 402, 2, -1, -0.4636476090008061, 2.23606797749979
177, 7, 40, 144, 39, 145, 1, -1, -0.7853981633974483, 1.4142135623730951
177, 8, 81, 73, 79, 73, 2, 0, 0.0, 2.0
177, 9, 16, 106, 15, 107, 1, -1, -0.7853981633974483, 1.4142135623730951
177, 11, 149, 318, 147, 317, 2, 1, 0.4636476090008061, 2.23606797749979
177, 15, 67, 187, 65, 188, 2, -1, -0.4636476090008061, 2.23606797749979
177, 16, 76, 132, 75, 133, 1, -1, -0.7853981633974483, 1.4142135623730951
177, 17, 71, 321, 68, 321, 3, 0, 0.0, 3.0
177, 18, 32, 79, 31, 80, 1, -1, -0.7853981633974483, 1.4142135623730951
177, 21, 56, 167, 55, 168, 1, -1, -0.7853981633974483, 1.4142135623730951
177, 22, 135, 169, 134, 170, 1, -1, -0.7853981633974483, 1.4142135623730951
177, 23, 45, 162, 43, 161, 2, 1, 0.4636476090008061, 2.23606797749979
177, 24, 195, 362, 194, 363, 1, -1, -0.7853981633974483, 1.4142135623730951
177, 25, 136, 140, 134, 141, 2, -1, -0.4636476090008061, 2.23606797749979
177, 27, 115, 180, 113, 181, 2, -1, -0.4636476090008061, 2.23606797749979
177, 28, 65, 133, 64, 134, 1, -1, -0.7853981633974483, 1.4142135623730951
177, 29, 62, 392, 60, 392, 2, 0, 0.0, 2.0
177, 31, 137, 323, 135, 323, 2, 0, 0.0, 2.0
177, 32, 9, 197, 8, 198, 1, -1, -0.7853981633974483, 1.4142135623730951
177, 34, 175, 172, 172, 175, 3, -3, -0.7853981633974483, 4.242640687119285
177, 35, 54, 328, 52, 328, 2, 0, 0.0, 2.0
177, 36, 90, 108, 88, 109, 2, -1, -0.4636476090008061, 2.23606797749979
177, 38, 42, 391, 37, 392, 5, -1, -0.19739555984988075, 5.0990195135927845
178, 0, 11, 274, 9, 274, 2, 0, 0.0, 2.0
178, 1, 104, 175, 103, 176, 1, -1, -0.7853981633974483, 1.4142135623730951
178, 2, 30, 136, 29, 137, 1, -1, -0.7853981633974483, 1.4142135623730951
178, 5, 126, 401, 124, 401, 2, 0, 0.0, 2.0
178, 7, 41, 143, 40, 144, 1, -1, -0.7853981633974483, 1.4142135623730951
178, 9, 18, 105, 16, 106, 2, -1, -0.4636476090008061, 2.23606797749979
178, 10, 114, 284, 112, 284, 2, 0, 0.0, 2.0
178, 11, 150, 319, 149, 318, 1, 1, 0.7853981633974483, 1.4142135623730951
178, 12, 82, 305, 78, 304, 4, 1, 0.24497866312686414, 4.123105625617661
178, 13, 59, 162, 57, 163, 2, -1, -0.4636476090008061, 2.23606797749979
178, 15, 68, 186, 67, 187, 1, -1, -0.7853981633974483, 1.4142135623730951
178, 16, 77, 131, 76, 132, 1, -1, -0.7853981633974483, 1.4142135623730951
178, 17, 73, 322, 71, 321, 2, 1, 0.4636476090008061, 2.23606797749979
178, 18, 33, 78, 32, 79, 1, -1, -0.7853981633974483, 1.4142135623730951
178, 20, 154, 345, 152, 346, 2, -1, -0.4636476090008061, 2.23606797749979
178, 21, 58, 166, 56, 167, 2, -1, -0.4636476090008061, 2.23606797749979
178, 22, 137, 167, 135, 169, 2, -2, -0.7853981633974483, 2.8284271247461903
178, 23, 46, 161, 45, 162, 1, -1, -0.7853981633974483, 1.4142135623730951
178, 24, 197, 361, 195, 362, 2, -1, -0.4636476090008061, 2.23606797749979
178, 25, 137, 137, 136, 140, 1, -3, -1.2490457723982544, 3.1622776601683795
178, 26, 44, 206, 43, 207, 1, -1, -0.7853981633974483, 1.4142135623730951
178, 28, 66, 132, 65, 133, 1, -1, -0.7853981633974483, 1.4142135623730951
178, 29, 64, 392, 62, 392, 2, 0, 0.0, 2.0
178, 31, 139, 323, 137, 323, 2, 0, 0.0, 2.0
178, 33, 73, 387, 71, 387, 2, 0, 0.0, 2.0
178, 34, 177, 171, 175, 172, 2, -1, -0.4636476090008061, 2.23606797749979
178, 35, 56, 328, 54, 328, 2, 0, 0.0, 2.0
178, 36, 91, 106, 90, 108, 1, -2, -1.1071487177940904, 2.23606797749979
178, 38, 46, 391, 42, 391, 4, 0, 0.0, 4.0
179, 0, 13, 274, 11, 274, 2, 0, 0.0, 2.0
179, 1, 106, 173, 104, 175, 2, -2, -0.7853981633974483, 2.8284271247461903
179, 2, 31, 135, 30, 136, 1, -1, -0.7853981633974483, 1.4142135623730951
179, 3, 28, 73, 26, 73, 2, 0, 0.0, 2.0
179, 5, 128, 400, 126, 401, 2, -1, -0.4636476090008061, 2.23606797749979
179, 6, 139, 112, 137, 112, 2, 0, 0.0, 2.0
179, 8, 83, 72, 82, 73, 1, -1, -0.7853981633974483, 1.4142135623730951
179, 9, 20, 105, 18, 105, 2, 0, 0.0, 2.0
179, 10, 116, 284, 114, 284, 2, 0, 0.0, 2.0
179, 11, 152, 319, 150, 319, 2, 0, 0.0, 2.0
179, 12, 84, 305, 82, 305, 2, 0, 0.0, 2.0
179, 13, 61, 162, 59, 162, 2, 0, 0.0, 2.0
179, 14, 27, 168, 25, 168, 2, 0, 0.0, 2.0
179, 15, 69, 184, 68, 186, 1, -2, -1.1071487177940904, 2.23606797749979
179, 16, 78, 129, 77, 131, 1, -2, -1.1071487177940904, 2.23606797749979
179, 17, 74, 323, 73, 322, 1, 1, 0.7853981633974483, 1.4142135623730951
179, 19, 156, 344, 154, 345, 2, -1, -0.4636476090008061, 2.23606797749979
179, 20, 59, 165, 58, 166, 1, -1, -0.7853981633974483, 1.4142135623730951
179, 21, 139, 165, 137, 167, 2, -2, -0.7853981633974483, 2.8284271247461903
179, 22, 48, 160, 46, 161, 2, -1, -0.4636476090008061, 2.23606797749979
179, 23, 199, 360, 197, 361, 2, -1, -0.4636476090008061, 2.23606797749979
179, 24, 139, 136, 137, 137, 2, -1, -0.4636476090008061, 2.23606797749979
179, 25, 46, 205, 44, 206, 2, -1, -0.4636476090008061, 2.23606797749979
179, 26, 117, 178, 115, 179, 2, -1, -0.4636476090008061, 2.23606797749979
179, 28, 66, 392, 64, 392, 2, 0, 0.0, 2.0
179, 29, 187, 337, 186, 338, 1, -1, -0.7853981633974483, 1.4142135623730951
179, 31, 10, 195, 9, 196, 1, -1, -0.7853981633974483, 1.4142135623730951
179, 32, 76, 387, 73, 387, 3, 0, 0.0, 3.0
179, 33, 178, 170, 177, 171, 1, -1, -0.7853981633974483, 1.4142135623730951
179, 34, 58, 328, 56, 328, 2, 0, 0.0, 2.0
179, 36, 82, 139, 81, 138, 1, 1, 0.7853981633974483, 1.4142135623730951
179, 37, 48, 391, 46, 391, 2, 0, 0.0, 2.0
180, 2, 29, 75, 27, 75, 2, 0, 0.0, 2.0
180, 3, 104, 178, 103, 177, 1, 1, 0.7853981633974483, 1.4142135623730951
180, 4, 127, 73, 126, 74, 1, -1, -0.7853981633974483, 1.4142135623730951
180, 5, 66, 131, 65, 132, 1, -1, -0.7853981633974483, 1.4142135623730951
180, 6, 126, 404, 124, 404, 2, 0, 0.0, 2.0
180, 7, 15, 109, 14, 110, 1, -1, -0.7853981633974483, 1.4142135623730951
180, 8, 59, 165, 58, 166, 1, -1, -0.7853981633974483, 1.4142135623730951
180, 9, 109, 181, 109, 183, 0, -2, -1.5707963267948966, 2.0
180, 10, 81, 73, 80, 74, 1, -1, -0.7853981633974483, 1.4142135623730951
180, 11, 76, 139, 75, 140, 1, -1, -0.7853981633974483, 1.4142135623730951
180, 13, 46, 160, 45, 161, 1, -1, -0.7853981633974483, 1.4142135623730951
180, 14, 187, 341, 185, 341, 2, 0, 0.0, 2.0
180, 17, 185, 332, 184, 333, 1, -1, -0.7853981633974483, 1.4142135623730951
180, 18, 67, 188, 66, 189, 1, -1, -0.7853981633974483, 1.4142135623730951
180, 21, 150, 347, 148, 347, 2, 0, 0.0, 2.0
180, 22, 185, 167, 182, 168, 3, -1, -0.3217505543966422, 3.1622776601683795
180, 23, 199, 362, 197, 363, 2, -1, -0.4636476090008061, 2.23606797749979
180, 24, 137, 167, 136, 168, 1, -1, -0.7853981633974483, 1.4142135623730951
180, 26, 116, 327, 115, 324, 1, 3, 1.2490457723982544, 3.1622776601683795
180, 29, 160, 387, 158, 388, 2, -1, -0.4636476090008061, 2.23606797749979
180, 32, 116, 179, 116, 177, 0, 2, 1.5707963267948966, 2.0
180, 33, 107, 136, 107, 138, 0, -2, -1.5707963267948966, 2.0
180, 37, 79, 157, 77, 159, 2, -2, -0.7853981633974483, 2.8284271247461903
180, 38, 37, 203, 36, 204, 1, -1, -0.7853981633974483, 1.4142135623730951
180, 41, 37, 81, 36, 82, 1, -1, -0.7853981633974483, 1.4142135623730951
180, 45, 60, 115, 60, 117, 0, -2, -1.5707963267948966, 2.0
180, 47, 45, 358, 43, 359, 2, -1, -0.4636476090008061, 2.23606797749979
180, 48, 97, 375, 95, 376, 2, -1, -0.4636476090008061, 2.23606797749979
180, 49, 185, 123, 183, 123, 2, 0, 0.0, 2.0
180, 50, 99, 129, 98, 130, 1, -1, -0.7853981633974483, 1.4142135623730951
180, 51, 136, 146, 135, 147, 1, -1, -0.7853981633974483, 1.4142135623730951
180, 54, 136, 139, 135, 140, 1, -1, -0.7853981633974483, 1.4142135623730951
180, 55, 129, 120, 127, 120, 2, 0, 0.0, 2.0
180, 56, 28, 347, 26, 348, 2, -1, -0.4636476090008061, 2.23606797749979
180, 57, 49, 295, 47, 295, 2, 0, 0.0, 2.0
180, 58, 168, 148, 166, 149, 2, -1, -0.4636476090008061, 2.23606797749979
180, 59, 77, 342, 76, 343, 1, -1, -0.7853981633974483, 1.4142135623730951
181, 0, 13, 276, 10, 275, 3, 1, 0.3217505543966422, 3.1622776601683795
181, 3, 105, 177, 104, 178, 1, -1, -0.7853981633974483, 1.4142135623730951
181, 5, 68, 130, 66, 131, 2, -1, -0.4636476090008061, 2.23606797749979
181, 6, 128, 404, 126, 404, 2, 0, 0.0, 2.0
181, 7, 16, 108, 15, 109, 1, -1, -0.7853981633974483, 1.4142135623730951
181, 8, 61, 163, 59, 165, 2, -2, -0.7853981633974483, 2.8284271247461903
181, 9, 111, 180, 109, 181, 2, -1, -0.4636476090008061, 2.23606797749979
181, 11, 77, 138, 76, 139, 1, -1, -0.7853981633974483, 1.4142135623730951
181, 12, 79, 132, 77, 132, 2, 0, 0.0, 2.0
181, 13, 48, 160, 46, 160, 2, 0, 0.0, 2.0
181, 14, 189, 341, 187, 341, 2, 0, 0.0, 2.0
181, 15, 85, 307, 83, 307, 2, 0, 0.0, 2.0
181, 18, 69, 187, 67, 188, 2, -1, -0.4636476090008061, 2.23606797749979
181, 21, 152, 347, 150, 347, 2, 0, 0.0, 2.0
181, 22, 187, 165, 185, 167, 2, -2, -0.7853981633974483, 2.8284271247461903
181, 23, 201, 362, 199, 362, 2, 0, 0.0, 2.0
181, 24, 138, 166, 137, 167, 1, -1, -0.7853981633974483, 1.4142135623730951
181, 25, 27, 168, 25, 169, 2, -1, -0.4636476090008061, 2.23606797749979
181, 26, 120, 328, 116, 327, 4, 1, 0.24497866312686414, 4.123105625617661
181, 28, 28, 275, 28, 272, 0, 3, 1.5707963267948966, 3.0
181, 29, 162, 387, 160, 387, 2, 0, 0.0, 2.0
181, 30, 57, 328, 55, 328, 2, 0, 0.0, 2.0
181, 31, 135, 369, 134, 370, 1, -1, -0.7853981633974483, 1.4142135623730951
181, 33, 108, 135, 107, 136, 1, -1, -0.7853981633974483, 1.4142135623730951
181, 37, 80, 156, 79, 157, 1, -1, -0.7853981633974483, 1.4142135623730951
181, 38, 38, 202, 37, 203, 1, -1, -0.7853981633974483, 1.4142135623730951
181, 39, 137, 396, 136, 395, 1, 1, 0.7853981633974483, 1.4142135623730951
181, 40, 143, 363, 139, 363, 4, 0, 0.0, 4.0
181, 41, 38, 80, 37, 81, 1, -1, -0.7853981633974483, 1.4142135623730951
181, 45, 62, 114, 60, 115, 2, -1, -0.4636476090008061, 2.23606797749979
181, 46, 110, 333, 108, 333, 2, 0, 0.0, 2.0
181, 48, 99, 375, 97, 375, 2, 0, 0.0, 2.0
181, 49, 187, 122, 185, 123, 2, -1, -0.4636476090008061, 2.23606797749979
181, 50, 101, 128, 99, 129, 2, -1, -0.4636476090008061, 2.23606797749979
181, 51, 137, 144, 136, 146, 1, -2, -1.1071487177940904, 2.23606797749979
181, 53, 51, 106, 49, 107, 2, -1, -0.4636476090008061, 2.23606797749979
181, 54, 137, 138, 136, 139, 1, -1, -0.7853981633974483, 1.4142135623730951
181, 55, 132, 119, 129, 120, 3, -1, -0.3217505543966422, 3.1622776601683795
181, 56, 30, 346, 28, 347, 2, -1, -0.4636476090008061, 2.23606797749979
181, 57, 51, 295, 49, 295, 2, 0, 0.0, 2.0
181, 58, 170, 147, 168, 148, 2, -1, -0.4636476090008061, 2.23606797749979
182, 0, 15, 276, 13, 276, 2, 0, 0.0, 2.0
182, 1, 33, 137, 32, 138, 1, -1, -0.7853981633974483, 1.4142135623730951
182, 2, 31, 74, 30, 75, 1, -1, -0.7853981633974483, 1.4142135623730951
182, 3, 107, 176, 105, 177, 2, -1, -0.4636476090008061, 2.23606797749979
182, 4, 130, 73, 128, 73, 2, 0, 0.0, 2.0
182, 5, 69, 129, 68, 130, 1, -1, -0.7853981633974483, 1.4142135623730951
182, 6, 130, 404, 128, 404, 2, 0, 0.0, 2.0
182, 7, 18, 107, 16, 108, 2, -1, -0.4636476090008061, 2.23606797749979
182, 8, 63, 162, 61, 163, 2, -1, -0.4636476090008061, 2.23606797749979
182, 9, 113, 179, 111, 180, 2, -1, -0.4636476090008061, 2.23606797749979
182, 10, 84, 73, 82, 73, 2, 0, 0.0, 2.0
182, 11, 78, 137, 77, 138, 1, -1, -0.7853981633974483, 1.4142135623730951
182, 12, 81, 131, 79, 132, 2, -1, -0.4636476090008061, 2.23606797749979
182, 13, 50, 159, 48, 160, 2, -1, -0.4636476090008061, 2.23606797749979
182, 16, 46, 209, 43, 211, 3, -2, -0.5880026035475675, 3.605551275463989
182, 18, 70, 186, 69, 187, 1, -1, -0.7853981633974483, 1.4142135623730951
182, 19, 116, 284, 115, 285, 1, -1, -0.7853981633974483, 1.4142135623730951
182, 22, 188, 164, 187, 165, 1, -1, -0.7853981633974483, 1.4142135623730951
182, 23, 203, 361, 201, 362, 2, -1, -0.4636476090008061, 2.23606797749979
182, 24, 139, 165, 138, 166, 1, -1, -0.7853981633974483, 1.4142135623730951
182, 25, 29, 167, 27, 168, 2, -1, -0.4636476090008061, 2.23606797749979
182, 26, 123, 328, 120, 328, 3, 0, 0.0, 3.0
182, 29, 163, 386, 162, 387, 1, -1, -0.7853981633974483, 1.4142135623730951
182, 32, 118, 177, 116, 178, 2, -1, -0.4636476090008061, 2.23606797749979
182, 34, 139, 115, 138, 114, 1, 1, 0.7853981633974483, 1.4142135623730951
182, 36, 7, 297, 6, 298, 1, -1, -0.7853981633974483, 1.4142135623730951
182, 37, 82, 156, 80, 156, 2, 0, 0.0, 2.0
182, 38, 40, 200, 38, 202, 2, -2, -0.7853981633974483, 2.8284271247461903
182, 39, 138, 398, 137, 396, 1, 2, 1.1071487177940904, 2.23606797749979
182, 40, 147, 363, 143, 363, 4, 0, 0.0, 4.0
182, 41, 39, 79, 38, 80, 1, -1, -0.7853981633974483, 1.4142135623730951
182, 44, 64, 113, 62, 114, 2, -1, -0.4636476090008061, 2.23606797749979
182, 46, 48, 358, 46, 358, 2, 0, 0.0, 2.0
182, 47, 101, 375, 99, 375, 2, 0, 0.0, 2.0
182, 50, 139, 143, 137, 144, 2, -1, -0.4636476090008061, 2.23606797749979
182, 52, 53, 105, 51, 106, 2, -1, -0.4636476090008061, 2.23606797749979
182, 53, 139, 138, 137, 138, 2, 0, 0.0, 2.0
182, 55, 31, 345, 30, 346, 1, -1, -0.7853981633974483, 1.4142135623730951
182, 57, 172, 146, 170, 147, 2, -1, -0.4636476090008061, 2.23606797749979
182, 59, 25, 312, 23, 312, 2, 0, 0.0, 2.0
183, 2, 32, 73, 31, 74, 1, -1, -0.7853981633974483, 1.4142135623730951
183, 3, 109, 175, 107, 176, 2, -1, -0.4636476090008061, 2.23606797749979
183, 4, 132, 73, 130, 73, 2, 0, 0.0, 2.0
183, 5, 71, 128, 69, 129, 2, -1, -0.4636476090008061, 2.23606797749979
183, 6, 132, 404, 130, 404, 2, 0, 0.0, 2.0
183, 7, 19, 106, 18, 107, 1, -1, -0.7853981633974483, 1.4142135623730951
183, 8, 65, 161, 63, 162, 2, -1, -0.4636476090008061, 2.23606797749979
183, 9, 114, 178, 113, 179, 1, -1, -0.7853981633974483, 1.4142135623730951
183, 10, 86, 73, 84, 73, 2, 0, 0.0, 2.0
183, 11, 79, 136, 78, 137, 1, -1, -0.7853981633974483, 1.4142135623730951
183, 12, 83, 130, 81, 131, 2, -1, -0.4636476090008061, 2.23606797749979
183, 13, 52, 158, 50, 159, 2, -1, -0.4636476090008061, 2.23606797749979
183, 14, 192, 341, 190, 341, 2, 0, 0.0, 2.0
183, 15, 88, 307, 86, 307, 2, 0, 0.0, 2.0
183, 16, 48, 208, 46, 209, 2, -1, -0.4636476090008061, 2.23606797749979
183, 17, 187, 331, 185, 331, 2, 0, 0.0, 2.0
183, 21, 154, 346, 153, 347, 1, -1, -0.7853981633974483, 1.4142135623730951
183, 22, 190, 163, 188, 164, 2, -1, -0.4636476090008061, 2.23606797749979
183, 23, 205, 361, 203, 361, 2, 0, 0.0, 2.0
183, 24, 141, 164, 139, 165, 2, -1, -0.4636476090008061, 2.23606797749979
183, 25, 30, 166, 29, 167, 1, -1, -0.7853981633974483, 1.4142135623730951
183, 26, 125, 330, 123, 328, 2, 2, 0.7853981633974483, 2.8284271247461903
183, 29, 165, 386, 163, 386, 2, 0, 0.0, 2.0
183, 30, 60, 327, 58, 328, 2, -1, -0.4636476090008061, 2.23606797749979
183, 32, 119, 176, 118, 177, 1, -1, -0.7853981633974483, 1.4142135623730951
183, 33, 110, 134, 109, 135, 1, -1, -0.7853981633974483, 1.4142135623730951
183, 34, 141, 116, 139, 115, 2, 1, 0.4636476090008061, 2.23606797749979
183, 36, 7, 295, 7, 297, 0, -2, -1.5707963267948966, 2.0
183, 37, 83, 155, 82, 156, 1, -1, -0.7853981633974483, 1.4142135623730951
183, 38, 41, 199, 40, 200, 1, -1, -0.7853981633974483, 1.4142135623730951
183, 40, 149, 365, 147, 363, 2, 2, 0.7853981633974483, 2.8284271247461903
183, 43, 141, 317, 140, 316, 1, 1, 0.7853981633974483, 1.4142135623730951
183, 44, 66, 112, 64, 113, 2, -1, -0.4636476090008061, 2.23606797749979
183, 47, 103, 374, 101, 375, 2, -1, -0.4636476090008061, 2.23606797749979
183, 49, 104, 128, 102, 128, 2, 0, 0.0, 2.0
183, 50, 141, 142, 139, 143, 2, -1, -0.4636476090008061, 2.23606797749979
183, 51, 88, 161, 87, 162, 1, -1, -0.7853981633974483, 1.4142135623730951
183, 52, 55, 103, 53, 105, 2, -2, -0.7853981633974483, 2.8284271247461903
183, 53, 141, 137, 139, 138, 2, -1, -0.4636476090008061, 2.23606797749979
183, 54, 133, 117, 132, 119, 1, -2, -1.1071487177940904, 2.23606797749979
183, 56, 53, 296, 52, 295, 1, 1, 0.7853981633974483, 1.4142135623730951
183, 57, 173, 145, 172, 146, 1, -1, -0.7853981633974483, 1.4142135623730951
183, 58, 80, 341, 79, 342, 1, -1, -0.7853981633974483, 1.4142135623730951
184, 1, 35, 136, 34, 137, 1, -1, -0.7853981633974483, 1.4142135623730951
184, 2, 34, 73, 32, 73, 2, 0, 0.0, 2.0
184, 3, 110, 174, 109, 175, 1, -1, -0.7853981633974483, 1.4142135623730951
184, 4, 135, 73, 132, 73, 3, 0, 0.0, 3.0
184, 5, 72, 127, 71, 128, 1, -1, -0.7853981633974483, 1.4142135623730951
184, 7, 20, 105, 19, 106, 1, -1, -0.7853981633974483, 1.4142135623730951
184, 8, 67, 160, 65, 161, 2, -1, -0.4636476090008061, 2.23606797749979
184, 9, 115, 177, 114, 178, 1, -1, -0.7853981633974483, 1.4142135623730951
184, 10, 88, 73, 86, 73, 2, 0, 0.0, 2.0
184, 11, 80, 135, 79, 136, 1, -1, -0.7853981633974483, 1.4142135623730951
184, 12, 84, 129, 83, 130, 1, -1, -0.7853981633974483, 1.4142135623730951
184, 13, 54, 157, 52, 158, 2, -1, -0.4636476090008061, 2.23606797749979
184, 15, 90, 308, 88, 307, 2, 1, 0.4636476090008061, 2.23606797749979
184, 16, 50, 207, 48, 208, 2, -1, -0.4636476090008061, 2.23606797749979
184, 17, 189, 331, 187, 331, 2, 0, 0.0, 2.0
184, 18, 73, 185, 71, 186, 2, -1, -0.4636476090008061, 2.23606797749979
184, 20, 184, 174, 182, 175, 2, -1, -0.4636476090008061, 2.23606797749979
184, 21, 155, 345, 154, 346, 1, -1, -0.7853981633974483, 1.4142135623730951
184, 22, 192, 162, 190, 163, 2, -1, -0.4636476090008061, 2.23606797749979
184, 23, 207, 361, 205, 361, 2, 0, 0.0, 2.0
184, 24, 143, 163, 141, 164, 2, -1, -0.4636476090008061, 2.23606797749979
184, 25, 32, 165, 30, 166, 2, -1, -0.4636476090008061, 2.23606797749979
184, 27, 68, 394, 66, 394, 2, 0, 0.0, 2.0
184, 28, 32, 277, 30, 275, 2, 2, 0.7853981633974483, 2.8284271247461903
184, 29, 167, 386, 165, 386, 2, 0, 0.0, 2.0
184, 30, 62, 327, 60, 327, 2, 0, 0.0, 2.0
184, 31, 139, 369, 137, 369, 2, 0, 0.0, 2.0
184, 32, 120, 175, 119, 176, 1, -1, -0.7853981633974483, 1.4142135623730951
184, 34, 143, 117, 141, 116, 2, 1, 0.4636476090008061, 2.23606797749979
184, 35, 109, 283, 107, 283, 2, 0, 0.0, 2.0
184, 36, 8, 294, 7, 295, 1, -1, -0.7853981633974483, 1.4142135623730951
184, 37, 85, 154, 83, 155, 2, -1, -0.4636476090008061, 2.23606797749979
184, 38, 42, 198, 41, 199, 1, -1, -0.7853981633974483, 1.4142135623730951
184, 41, 41, 78, 40, 79, 1, -1, -0.7853981633974483, 1.4142135623730951
184, 43, 143, 318, 141, 317, 2, 1, 0.4636476090008061, 2.23606797749979
184, 44, 67, 111, 66, 112, 1, -1, -0.7853981633974483, 1.4142135623730951
184, 45, 114, 333, 112, 333, 2, 0, 0.0, 2.0
184, 47, 104, 373, 103, 374, 1, -1, -0.7853981633974483, 1.4142135623730951
184, 48, 191, 122, 189, 122, 2, 0, 0.0, 2.0
184, 50, 142, 141, 141, 142, 1, -1, -0.7853981633974483, 1.4142135623730951
184, 51, 90, 161, 88, 161, 2, 0, 0.0, 2.0
184, 53, 143, 136, 141, 137, 2, -1, -0.4636476090008061, 2.23606797749979
184, 54, 135, 117, 133, 117, 2, 0, 0.0, 2.0
184, 56, 55, 296, 53, 296, 2, 0, 0.0, 2.0
184, 57, 175, 144, 173, 145, 2, -1, -0.4636476090008061, 2.23606797749979
184, 58, 81, 340, 80, 341, 1, -1, -0.7853981633974483, 1.4142135623730951
184, 59, 28, 312, 26, 312, 2, 0, 0.0, 2.0
185, 0, 17, 277, 15, 277, 2, 0, 0.0, 2.0
185, 1, 110, 174, 109, 176, 1, -2, -1.1071487177940904, 2.23606797749979
185, 2, 66, 159, 64, 160, 2, -1, -0.4636476090008061, 2.23606797749979
185, 3, 83, 132, 82, 133, 1, -1, -0.7853981633974483, 1.4142135623730951
185, 4, 36, 137, 35, 138, 1, -1, -0.7853981633974483, 1.4142135623730951
185, 5, 132, 404, 130, 404, 2, 0, 0.0, 2.0
185, 6, 134, 75, 132, 75, 2, 0, 0.0, 2.0
185, 7, 88, 75, 86, 75, 2, 0, 0.0, 2.0
185, 8, 34, 75, 32, 75, 2, 0, 0.0, 2.0
185, 9, 193, 341, 191, 342, 2, -1, -0.4636476090008061, 2.23606797749979
185, 10, 20, 107, 19, 109, 1, -2, -1.1071487177940904, 2.23606797749979
185, 11, 70, 132, 69, 133, 1, -1, -0.7853981633974483, 1.4142135623730951
185, 12, 140, 373, 138, 374, 2, -1, -0.4636476090008061, 2.23606797749979
185, 13, 205, 365, 204, 364, 1, 1, 0.7853981633974483, 1.4142135623730951
185, 15, 154, 347, 152, 347, 2, 0, 0.0, 2.0
185, 16, 143, 167, 141, 168, 2, -1, -0.4636476090008061, 2.23606797749979
185, 17, 50, 210, 48, 212, 2, -2, -0.7853981633974483, 2.8284271247461903
185, 18, 117, 335, 115, 336, 2, -1, -0.4636476090008061, 2.23606797749979
185, 19, 74, 393, 72, 393, 2, 0, 0.0, 2.0
185, 22, 96, 306, 94, 306, 2, 0, 0.0, 2.0
185, 25, 188, 174, 183, 176, 5, -2, -0.3805063771123649, 5.385164807134504
185, 26, 141, 140, 140, 141, 1, -1, -0.7853981633974483, 1.4142135623730951
185, 28, 52, 158, 51, 159, 1, -1, -0.7853981633974483, 1.4142135623730951
185, 29, 83, 158, 82, 159, 1, -1, -0.7853981633974483, 1.4142135623730951
185, 30, 11, 294, 10, 293, 1, 1, 0.7853981633974483, 1.4142135623730951
185, 31, 143, 117, 141, 117, 2, 0, 0.0, 2.0
185, 32, 8, 375, 7, 376, 1, -1, -0.7853981633974483, 1.4142135623730951
185, 34, 42, 202, 41, 203, 1, -1, -0.7853981633974483, 1.4142135623730951
185, 35, 51, 296, 50, 297, 1, -1, -0.7853981633974483, 1.4142135623730951
185, 36, 164, 389, 162, 389, 2, 0, 0.0, 2.0
185, 37, 83, 386, 81, 386, 2, 0, 0.0, 2.0
185, 38, 61, 329, 59, 329, 2, 0, 0.0, 2.0
185, 39, 46, 83, 45, 84, 1, -1, -0.7853981633974483, 1.4142135623730951
185, 40, 8, 139, 7, 140, 1, -1, -0.7853981633974483, 1.4142135623730951
185, 41, 151, 325, 147, 325, 4, 0, 0.0, 4.0
185, 42, 160, 342, 158, 342, 2, 0, 0.0, 2.0
185, 43, 93, 107, 91, 107, 2, 0, 0.0, 2.0
185, 44, 50, 359, 48, 359, 2, 0, 0.0, 2.0
185, 45, 30, 168, 29, 169, 1, -1, -0.7853981633974483, 1.4142135623730951
185, 46, 145, 322, 142, 320, 3, 2, 0.5880026035475675, 3.605551275463989
185, 47, 64, 320, 62, 320, 2, 0, 0.0, 2.0
185, 48, 116, 328, 113, 328, 3, 0, 0.0, 3.0
185, 49, 19, 346, 18, 347, 1, -1, -0.7853981633974483, 1.4142135623730951
186, 0, 20, 276, 17, 277, 3, -1, -0.3217505543966422, 3.1622776601683795
186, 1, 111, 173, 110, 174, 1, -1, -0.7853981633974483, 1.4142135623730951
186, 2, 68, 158, 66, 159, 2, -1, -0.4636476090008061, 2.23606797749979
186, 4, 37, 136, 36, 137, 1, -1, -0.7853981633974483, 1.4142135623730951
186, 5, 134, 404, 132, 404, 2, 0, 0.0, 2.0
186, 6, 136, 74, 134, 75, 2, -1, -0.4636476090008061, 2.23606797749979
186, 7, 90, 75, 88, 75, 2, 0, 0.0, 2.0
186, 8, 36, 75, 34, 75, 2, 0, 0.0, 2.0
186, 9, 195, 340, 193, 341, 2, -1, -0.4636476090008061, 2.23606797749979
186, 10, 21, 106, 20, 107, 1, -1, -0.7853981633974483, 1.4142135623730951
186, 11, 71, 131, 70, 132, 1, -1, -0.7853981633974483, 1.4142135623730951
186, 13, 207, 365, 205, 365, 2, 0, 0.0, 2.0
186, 15, 156, 347, 154, 347, 2, 0, 0.0, 2.0
186, 17, 53, 208, 50, 210, 3, -2, -0.5880026035475675, 3.605551275463989
186, 18, 119, 335, 117, 335, 2, 0, 0.0, 2.0
186, 19, 76, 393, 74, 393, 2, 0, 0.0, 2.0
186, 20, 73, 188, 72, 189, 1, -1, -0.7853981633974483, 1.4142135623730951
186, 21, 123, 283, 122, 282, 1, 1, 0.7853981633974483, 1.4142135623730951
186, 23, 115, 285, 113, 284, 2, 1, 0.4636476090008061, 2.23606797749979
186, 25, 191, 172, 188, 174, 3, -2, -0.5880026035475675, 3.605551275463989
186, 26, 142, 139, 141, 140, 1, -1, -0.7853981633974483, 1.4142135623730951
186, 28, 53, 157, 52, 158, 1, -1, -0.7853981633974483, 1.4142135623730951
186, 29, 84, 157, 83, 158, 1, -1, -0.7853981633974483, 1.4142135623730951
186, 30, 14, 293, 11, 294, 3, -1, -0.3217505543966422, 3.1622776601683795
186, 31, 145, 116, 143, 117, 2, -1, -0.4636476090008061, 2.23606797749979
186, 32, 10, 375, 8, 375, 2, 0, 0.0, 2.0
186, 34, 43, 200, 42, 202, 1, -2, -1.1071487177940904, 2.23606797749979
186, 37, 84, 388, 83, 386, 1, 2, 1.1071487177940904, 2.23606797749979
186, 39, 47, 82, 46, 83, 1, -1, -0.7853981633974483, 1.4142135623730951
186, 40, 9, 138, 8, 139, 1, -1, -0.7853981633974483, 1.4142135623730951
186, 41, 153, 326, 151, 325, 2, 1, 0.4636476090008061, 2.23606797749979
186, 42, 161, 343, 160, 342, 1, 1, 0.7853981633974483, 1.4142135623730951
186, 43, 95, 106, 93, 107, 2, -1, -0.4636476090008061, 2.23606797749979
186, 44, 52, 359, 50, 359, 2, 0, 0.0, 2.0
186, 46, 148, 322, 145, 322, 3, 0, 0.0, 3.0
186, 47, 66, 320, 64, 320, 2, 0, 0.0, 2.0
186, 48, 118, 328, 116, 328, 2, 0, 0.0, 2.0
186, 49, 21, 346, 19, 346, 2, 0, 0.0, 2.0
187, 1, 112, 172, 111, 173, 1, -1, -0.7853981633974483, 1.4142135623730951
187, 2, 70, 158, 68, 158, 2, 0, 0.0, 2.0
187, 3, 85, 131, 84, 132, 1, -1, -0.7853981633974483, 1.4142135623730951
187, 4, 38, 135, 37, 136, 1, -1, -0.7853981633974483, 1.4142135623730951
187, 5, 136, 404, 134, 404, 2, 0, 0.0, 2.0
187, 6, 138, 73, 136, 74, 2, -1, -0.4636476090008061, 2.23606797749979
187, 7, 93, 74, 90, 75, 3, -1, -0.3217505543966422, 3.1622776601683795
187, 9, 197, 339, 195, 340, 2, -1, -0.4636476090008061, 2.23606797749979
187, 10, 22, 105, 21, 106, 1, -1, -0.7853981633974483, 1.4142135623730951
187, 11, 72, 130, 71, 131, 1, -1, -0.7853981633974483, 1.4142135623730951
187, 13, 209, 365, 207, 365, 2, 0, 0.0, 2.0
187, 15, 159, 347, 156, 347, 3, 0, 0.0, 3.0
187, 16, 145, 166, 144, 167, 1, -1, -0.7853981633974483, 1.4142135623730951
187, 17, 55, 207, 53, 208, 2, -1, -0.4636476090008061, 2.23606797749979
187, 19, 78, 392, 76, 393, 2, -1, -0.4636476090008061, 2.23606797749979
187, 20, 74, 187, 73, 188, 1, -1, -0.7853981633974483, 1.4142135623730951
187, 21, 124, 284, 123, 283, 1, 1, 0.7853981633974483, 1.4142135623730951
187, 23, 117, 285, 115, 285, 2, 0, 0.0, 2.0
187, 25, 195, 169, 191, 172, 4, -3, -0.6435011087932844, 5.0
187, 26, 143, 137, 142, 139, 1, -2, -1.1071487177940904, 2.23606797749979
187, 27, 54, 156, 53, 157, 1, -1, -0.7853981633974483, 1.4142135623730951
187, 28, 85, 156, 84, 157, 1, -1, -0.7853981633974483, 1.4142135623730951
187, 30, 147, 115, 145, 116, 2, -1, -0.4636476090008061, 2.23606797749979
187, 31, 12, 375, 10, 375, 2, 0, 0.0, 2.0
187, 33, 45, 199, 43, 200, 2, -1, -0.4636476090008061, 2.23606797749979
187, 35, 167, 389, 165, 389, 2, 0, 0.0, 2.0
187, 36, 87, 387, 84, 388, 3, -1, -0.3217505543966422, 3.1622776601683795
187, 38, 49, 82, 47, 82, 2, 0, 0.0, 2.0
187, 39, 10, 137, 9, 138, 1, -1, -0.7853981633974483, 1.4142135623730951
187, 41, 163, 343, 161, 343, 2, 0, 0.0, 2.0
187, 42, 97, 105, 95, 106, 2, -1, -0.4636476090008061, 2.23606797749979
187, 43, 54, 359, 52, 359, 2, 0, 0.0, 2.0
187, 44, 32, 167, 31, 168, 1, -1, -0.7853981633974483, 1.4142135623730951
187, 46, 69, 319, 66, 320, 3, -1, -0.3217505543966422, 3.1622776601683795
187, 47, 119, 329, 118, 328, 1, 1, 0.7853981633974483, 1.4142135623730951
188, 1, 114, 170, 112, 172, 2, -2, -0.7853981633974483, 2.8284271247461903
188, 2, 71, 157, 70, 158, 1, -1, -0.7853981633974483, 1.4142135623730951
188, 3, 86, 130, 85, 131, 1, -1, -0.7853981633974483, 1.4142135623730951
188, 4, 39, 134, 38, 135, 1, -1, -0.7853981633974483, 1.4142135623730951
188, 6, 140, 72, 138, 73, 2, -1, -0.4636476090008061, 2.23606797749979
188, 7, 95, 73, 93, 74, 2, -1, -0.4636476090008061, 2.23606797749979
188, 8, 39, 75, 37, 75, 2, 0, 0.0, 2.0
188, 10, 24, 104, 22, 105, 2, -1, -0.4636476090008061, 2.23606797749979
188, 11, 73, 128, 72, 130, 1, -2, -1.1071487177940904, 2.23606797749979
188, 12, 142, 371, 141, 372, 1, -1, -0.7853981633974483, 1.4142135623730951
188, 13, 211, 365, 209, 365, 2, 0, 0.0, 2.0
188, 15, 161, 347, 159, 347, 2, 0, 0.0, 2.0
188, 16, 146, 165, 145, 166, 1, -1, -0.7853981633974483, 1.4142135623730951
188, 17, 58, 205, 55, 207, 3, -2, -0.5880026035475675, 3.605551275463989
188, 18, 120, 333, 119, 334, 1, -1, -0.7853981633974483, 1.4142135623730951
188, 19, 80, 392, 78, 392, 2, 0, 0.0, 2.0
188, 20, 75, 186, 74, 187, 1, -1, -0.7853981633974483, 1.4142135623730951
188, 21, 126, 284, 124, 284, 2, 0, 0.0, 2.0
188, 23, 119, 286, 117, 285, 2, 1, 0.4636476090008061, 2.23606797749979
188, 25, 199, 167, 195, 169, 4, -2, -0.4636476090008061, 4.47213595499958
188, 26, 145, 137, 143, 137, 2, 0, 0.0, 2.0
188, 27, 55, 154, 54, 156, 1, -2, -1.1071487177940904, 2.23606797749979
188, 29, 17, 294, 15, 293, 2, 1, 0.4636476090008061, 2.23606797749979
188, 30, 148, 114, 147, 115, 1, -1, -0.7853981633974483, 1.4142135623730951
188, 35, 169, 389, 167, 389, 2, 0, 0.0, 2.0
188, 38, 51, 82, 49, 82, 2, 0, 0.0, 2.0
188, 39, 12, 137, 10, 137, 2, 0, 0.0, 2.0
188, 41, 165, 343, 163, 343, 2, 0, 0.0, 2.0
188, 42, 98, 104, 97, 105, 1, -1, -0.7853981633974483, 1.4142135623730951
188, 46, 72, 319, 69, 319, 3, 0, 0.0, 3.0
188, 47, 120, 328, 119, 329, 1, -1, -0.7853981633974483, 1.4142135623730951
189, 0, 24, 276, 22, 276, 2, 0, 0.0, 2.0
189, 3, 87, 129, 86, 130, 1, -1, -0.7853981633974483, 1.4142135623730951
189, 5, 143, 403, 137, 404, 6, -1, -0.16514867741462683, 6.082762530298219
189, 6, 142, 71, 140, 72, 2, -1, -0.4636476090008061, 2.23606797749979
189, 7, 97, 72, 95, 73, 2, -1, -0.4636476090008061, 2.23606797749979
189, 8, 40, 74, 39, 75, 1, -1, -0.7853981633974483, 1.4142135623730951
189, 9, 200, 339, 198, 339, 2, 0, 0.0, 2.0
189, 10, 26, 103, 24, 104, 2, -1, -0.4636476090008061, 2.23606797749979
189, 11, 74, 127, 73, 128, 1, -1, -0.7853981633974483, 1.4142135623730951
189, 13, 215, 366, 211, 365, 4, 1, 0.24497866312686414, 4.123105625617661
189, 16, 148, 164, 146, 165, 2, -1, -0.4636476090008061, 2.23606797749979
189, 17, 61, 205, 58, 205, 3, 0, 0.0, 3.0
189, 19, 82, 392, 80, 392, 2, 0, 0.0, 2.0
189, 20, 76, 185, 75, 186, 1, -1, -0.7853981633974483, 1.4142135623730951
189, 21, 127, 285, 126, 284, 1, 1, 0.7853981633974483, 1.4142135623730951
189, 25, 203, 165, 199, 167, 4, -2, -0.4636476090008061, 4.47213595499958
189, 26, 147, 137, 145, 137, 2, 0, 0.0, 2.0
189, 27, 56, 153, 55, 154, 1, -1, -0.7853981633974483, 1.4142135623730951
189, 28, 88, 155, 86, 156, 2, -1, -0.4636476090008061, 2.23606797749979
189, 33, 46, 196, 45, 198, 1, -2, -1.1071487177940904, 2.23606797749979
189, 34, 56, 296, 54, 296, 2, 0, 0.0, 2.0
189, 35, 170, 388, 169, 389, 1, -1, -0.7853981633974483, 1.4142135623730951
189, 36, 90, 387, 88, 387, 2, 0, 0.0, 2.0
189, 39, 13, 136, 12, 137, 1, -1, -0.7853981633974483, 1.4142135623730951
189, 40, 157, 326, 155, 326, 2, 0, 0.0, 2.0
189, 41, 166, 344, 165, 343, 1, 1, 0.7853981633974483, 1.4142135623730951
189, 42, 100, 103, 98, 104, 2, -1, -0.4636476090008061, 2.23606797749979
189, 44, 35, 167, 33, 167, 2, 0, 0.0, 2.0
189, 45, 151, 321, 150, 322, 1, -1, -0.7853981633974483, 1.4142135623730951
189, 47, 24, 345, 23, 346, 1, -1, -0.7853981633974483, 1.4142135623730951
190, 0, 69, 163, 68, 164, 1, -1, -0.7853981633974483, 1.4142135623730951
190, 1, 40, 136, 39, 137, 1, -1, -0.7853981633974483, 1.4142135623730951
190, 2, 115, 173, 113, 175, 2, -2, -0.7853981633974483, 2.8284271247461903
190, 3, 23, 277, 21, 277, 2, 0, 0.0, 2.0
190, 4, 93, 73, 92, 74, 1, -1, -0.7853981633974483, 1.4142135623730951
190, 5, 86, 136, 85, 137, 1, -1, -0.7853981633974483, 1.4142135623730951
190, 7, 140, 73, 138, 74, 2, -1, -0.4636476090008061, 2.23606797749979
190, 10, 139, 405, 137, 405, 2, 0, 0.0, 2.0
190, 11, 204, 163, 201, 167, 3, -4, -0.9272952180016122, 5.0
190, 12, 25, 108, 23, 109, 2, -1, -0.4636476090008061, 2.23606797749979
190, 13, 78, 187, 76, 188, 2, -1, -0.4636476090008061, 2.23606797749979
190, 15, 149, 116, 147, 116, 2, 0, 0.0, 2.0
190, 16, 16, 193, 15, 195, 1, -2, -1.1071487177940904, 2.23606797749979
190, 17, 160, 347, 158, 347, 2, 0, 0.0, 2.0
190, 18, 78, 324, 77, 325, 1, -1, -0.7853981633974483, 1.4142135623730951
190, 19, 64, 204, 61, 206, 3, -2, -0.5880026035475675, 3.605551275463989
190, 20, 144, 365, 146, 365, -2, 0, 3.141592653589793, 2.0
190, 24, 59, 105, 58, 107, 1, -2, -1.1071487177940904, 2.23606797749979
190, 26, 92, 132, 91, 133, 1, -1, -0.7853981633974483, 1.4142135623730951
190, 27, 75, 394, 73, 394, 2, 0, 0.0, 2.0
190, 28, 147, 167, 146, 168, 1, -1, -0.7853981633974483, 1.4142135623730951
190, 29, 17, 92, 14, 93, 3, -1, -0.3217505543966422, 3.1622776601683795
190, 32, 215, 365, 212, 365, 3, 0, 0.0, 3.0
190, 34, 125, 176, 125, 178, 0, -2, -1.5707963267948966, 2.0
190, 35, 46, 81, 45, 82, 1, -1, -0.7853981633974483, 1.4142135623730951
190, 36, 105, 345, 104, 346, 1, -1, -0.7853981633974483, 1.4142135623730951
190, 38, 137, 140, 136, 141, 1, -1, -0.7853981633974483, 1.4142135623730951
190, 39, 88, 157, 86, 158, 2, -1, -0.4636476090008061, 2.23606797749979
190, 40, 108, 129, 107, 130, 1, -1, -0.7853981633974483, 1.4142135623730951
190, 41, 172, 387, 170, 388, 2, -1, -0.4636476090008061, 2.23606797749979
190, 43, 194, 122, 192, 123, 2, -1, -0.4636476090008061, 2.23606797749979
190, 44, 36, 373, 35, 374, 1, -1, -0.7853981633974483, 1.4142135623730951
190, 45, 50, 141, 49, 142, 1, -1, -0.7853981633974483, 1.4142135623730951
190, 46, 35, 343, 34, 344, 1, -1, -0.7853981633974483, 1.4142135623730951
190, 47, 166, 307, 164, 307, 2, 0, 0.0, 2.0
190, 48, 122, 372, 119, 372, 3, 0, 0.0, 3.0
191, 0, 70, 162, 69, 163, 1, -1, -0.7853981633974483, 1.4142135623730951
191, 1, 41, 135, 40, 136, 1, -1, -0.7853981633974483, 1.4142135623730951
191, 2, 116, 172, 115, 173, 1, -1, -0.7853981633974483, 1.4142135623730951
191, 3, 25, 277, 23, 277, 2, 0, 0.0, 2.0
191, 4, 95, 72, 93, 73, 2, -1, -0.4636476090008061, 2.23606797749979
191, 5, 87, 135, 86, 136, 1, -1, -0.7853981633974483, 1.4142135623730951
191, 6, 40, 76, 38, 76, 2, 0, 0.0, 2.0
191, 7, 142, 72, 140, 73, 2, -1, -0.4636476090008061, 2.23606797749979
191, 8, 38, 167, 36, 168, 2, -1, -0.4636476090008061, 2.23606797749979
191, 10, 141, 405, 139, 405, 2, 0, 0.0, 2.0
191, 11, 206, 160, 204, 163, 2, -3, -0.982793723247329, 3.605551275463989
191, 12, 26, 107, 25, 108, 1, -1, -0.7853981633974483, 1.4142135623730951
191, 13, 80, 187, 78, 187, 2, 0, 0.0, 2.0
191, 15, 151, 116, 149, 116, 2, 0, 0.0, 2.0
191, 16, 18, 192, 16, 193, 2, -1, -0.4636476090008061, 2.23606797749979
191, 17, 162, 347, 160, 347, 2, 0, 0.0, 2.0
191, 19, 68, 202, 64, 204, 4, -2, -0.4636476090008061, 4.47213595499958
191, 20, 142, 364, 144, 365, -2, -1, -2.677945044588987, 2.23606797749979
191, 21, 204, 338, 201, 337, 3, 1, 0.3217505543966422, 3.1622776601683795
191, 22, 131, 288, 129, 287, 2, 1, 0.4636476090008061, 2.23606797749979
191, 23, 120, 286, 118, 286, 2, 0, 0.0, 2.0
191, 24, 61, 104, 59, 105, 2, -1, -0.4636476090008061, 2.23606797749979
191, 25, 148, 139, 147, 140, 1, -1, -0.7853981633974483, 1.4142135623730951
191, 27, 77, 393, 75, 394, 2, -1, -0.4636476090008061, 2.23606797749979
191, 28, 148, 166, 147, 167, 1, -1, -0.7853981633974483, 1.4142135623730951
191, 29, 20, 91, 17, 92, 3, -1, -0.3217505543966422, 3.1622776601683795
191, 34, 126, 175, 125, 176, 1, -1, -0.7853981633974483, 1.4142135623730951
191, 38, 138, 139, 137, 140, 1, -1, -0.7853981633974483, 1.4142135623730951
191, 39, 89, 156, 88, 157, 1, -1, -0.7853981633974483, 1.4142135623730951
191, 41, 174, 387, 172, 387, 2, 0, 0.0, 2.0
191, 43, 196, 122, 194, 122, 2, 0, 0.0, 2.0
191, 44, 37, 372, 36, 373, 1, -1, -0.7853981633974483, 1.4142135623730951
191, 45, 52, 141, 50, 141, 2, 0, 0.0, 2.0
191, 46, 36, 342, 35, 343, 1, -1, -0.7853981633974483, 1.4142135623730951
191, 47, 168, 307, 166, 307, 2, 0, 0.0, 2.0
191, 48, 125, 371, 122, 372, 3, -1, -0.3217505543966422, 3.1622776601683795
191, 50, 195, 344, 193, 344, 2, 0, 0.0, 2.0
192, 1, 42, 134, 41, 135, 1, -1, -0.7853981633974483, 1.4142135623730951
192, 2, 118, 170, 116, 172, 2, -2, -0.7853981633974483, 2.8284271247461903
192, 4, 97, 71, 95, 72, 2, -1, -0.4636476090008061, 2.23606797749979
192, 6, 41, 75, 40, 76, 1, -1, -0.7853981633974483, 1.4142135623730951
192, 7, 144, 71, 142, 72, 2, -1, -0.4636476090008061, 2.23606797749979
192, 8, 40, 166, 38, 167, 2, -1, -0.4636476090008061, 2.23606797749979
192, 9, 156, 324, 154, 325, 2, -1, -0.4636476090008061, 2.23606797749979
192, 10, 143, 404, 141, 405, 2, -1, -0.4636476090008061, 2.23606797749979
192, 11, 28, 106, 26, 107, 2, -1, -0.4636476090008061, 2.23606797749979
192, 12, 82, 186, 80, 187, 2, -1, -0.4636476090008061, 2.23606797749979
192, 14, 153, 116, 151, 116, 2, 0, 0.0, 2.0
192, 15, 21, 190, 18, 192, 3, -2, -0.5880026035475675, 3.605551275463989
192, 16, 164, 347, 162, 347, 2, 0, 0.0, 2.0
192, 18, 72, 200, 68, 202, 4, -2, -0.4636476090008061, 4.47213595499958
192, 19, 205, 337, 204, 338, 1, -1, -0.7853981633974483, 1.4142135623730951
192, 22, 62, 103, 61, 104, 1, -1, -0.7853981633974483, 1.4142135623730951
192, 23, 149, 138, 148, 139, 1, -1, -0.7853981633974483, 1.4142135623730951
192, 24, 79, 393, 77, 393, 2, 0, 0.0, 2.0
192, 25, 149, 165, 148, 166, 1, -1, -0.7853981633974483, 1.4142135623730951
192, 26, 22, 90, 20, 91, 2, -1, -0.4636476090008061, 2.23606797749979
192, 29, 218, 365, 216, 365, 2, 0, 0.0, 2.0
192, 31, 129, 175, 126, 175, 3, 0, 0.0, 3.0
192, 33, 106, 343, 105, 344, 1, -1, -0.7853981633974483, 1.4142135623730951
192, 35, 140, 138, 138, 139, 2, -1, -0.4636476090008061, 2.23606797749979
192, 36, 90, 155, 89, 156, 1, -1, -0.7853981633974483, 1.4142135623730951
192, 37, 110, 128, 109, 129, 1, -1, -0.7853981633974483, 1.4142135623730951
192, 38, 175, 386, 174, 387, 1, -1, -0.7853981633974483, 1.4142135623730951
192, 40, 199, 120, 196, 122, 3, -2, -0.5880026035475675, 3.605551275463989
192, 41, 38, 371, 37, 372, 1, -1, -0.7853981633974483, 1.4142135623730951
192, 42, 54, 141, 52, 141, 2, 0, 0.0, 2.0
192, 43, 38, 341, 36, 342, 2, -1, -0.4636476090008061, 2.23606797749979
192, 45, 126, 370, 125, 371, 1, -1, -0.7853981633974483, 1.4142135623730951
192, 46, 197, 344, 195, 344, 2, 0, 0.0, 2.0
193, 0, 72, 161, 71, 162, 1, -1, -0.7853981633974483, 1.4142135623730951
193, 1, 44, 133, 42, 134, 2, -1, -0.4636476090008061, 2.23606797749979
193, 2, 119, 169, 118, 170, 1, -1, -0.7853981633974483, 1.4142135623730951
193, 3, 27, 278, 26, 277, 1, 1, 0.7853981633974483, 1.4142135623730951
193, 4, 99, 71, 97, 71, 2, 0, 0.0, 2.0
193, 6, 43, 74, 41, 75, 2, -1, -0.4636476090008061, 2.23606797749979
193, 7, 146, 71, 144, 71, 2, 0, 0.0, 2.0
193, 8, 42, 165, 40, 166, 2, -1, -0.4636476090008061, 2.23606797749979
193, 10, 145, 403, 143, 404, 2, -1, -0.4636476090008061, 2.23606797749979
193, 11, 30, 105, 28, 106, 2, -1, -0.4636476090008061, 2.23606797749979
193, 12, 83, 185, 82, 186, 1, -1, -0.7853981633974483, 1.4142135623730951
193, 14, 155, 115, 153, 116, 2, -1, -0.4636476090008061, 2.23606797749979
193, 15, 24, 189, 21, 190, 3, -1, -0.3217505543966422, 3.1622776601683795
193, 16, 166, 347, 164, 347, 2, 0, 0.0, 2.0
193, 18, 74, 198, 72, 200, 2, -2, -0.7853981633974483, 2.8284271247461903
193, 19, 207, 337, 205, 337, 2, 0, 0.0, 2.0
193, 20, 123, 286, 121, 286, 2, 0, 0.0, 2.0
193, 21, 63, 102, 62, 103, 1, -1, -0.7853981633974483, 1.4142135623730951
193, 22, 151, 137, 149, 138, 2, -1, -0.4636476090008061, 2.23606797749979
193, 23, 80, 392, 79, 393, 1, -1, -0.7853981633974483, 1.4142135623730951
193, 24, 151, 164, 149, 165, 2, -1, -0.4636476090008061, 2.23606797749979
193, 25, 24, 89, 22, 90, 2, -1, -0.4636476090008061, 2.23606797749979
193, 26, 124, 329, 122, 329, 2, 0, 0.0, 2.0
193, 27, 220, 363, 218, 365, 2, -2, -0.7853981633974483, 2.8284271247461903
193, 29, 131, 176, 129, 175, 2, 1, 0.4636476090008061, 2.23606797749979
193, 30, 49, 80, 48, 81, 1, -1, -0.7853981633974483, 1.4142135623730951
193, 32, 15, 295, 14, 296, 1, -1, -0.7853981633974483, 1.4142135623730951
193, 33, 142, 137, 140, 138, 2, -1, -0.4636476090008061, 2.23606797749979
193, 34, 92, 154, 90, 155, 2, -1, -0.4636476090008061, 2.23606797749979
193, 36, 177, 385, 175, 386, 2, -1, -0.4636476090008061, 2.23606797749979
193, 37, 21, 296, 20, 297, 1, -1, -0.7853981633974483, 1.4142135623730951
193, 39, 39, 370, 38, 371, 1, -1, -0.7853981633974483, 1.4142135623730951
193, 40, 56, 141, 54, 141, 2, 0, 0.0, 2.0
193, 41, 41, 340, 38, 341, 3, -1, -0.3217505543966422, 3.1622776601683795
193, 42, 171, 307, 169, 307, 2, 0, 0.0, 2.0
193, 43, 126, 368, 126, 370, 0, -2, -1.5707963267948966, 2.0
194, 1, 45, 132, 44, 133, 1, -1, -0.7853981633974483, 1.4142135623730951
194, 2, 120, 167, 119, 169, 1, -2, -1.1071487177940904, 2.23606797749979
194, 3, 28, 279, 27, 278, 1, 1, 0.7853981633974483, 1.4142135623730951
194, 5, 89, 134, 88, 135, 1, -1, -0.7853981633974483, 1.4142135623730951
194, 6, 45, 73, 43, 74, 2, -1, -0.4636476090008061, 2.23606797749979
194, 7, 149, 71, 146, 71, 3, 0, 0.0, 3.0
194, 8, 44, 164, 42, 165, 2, -1, -0.4636476090008061, 2.23606797749979
194, 10, 147, 402, 145, 403, 2, -1, -0.4636476090008061, 2.23606797749979
194, 11, 31, 104, 30, 105, 1, -1, -0.7853981633974483, 1.4142135623730951
194, 12, 85, 184, 83, 185, 2, -1, -0.4636476090008061, 2.23606797749979
194, 14, 156, 114, 155, 115, 1, -1, -0.7853981633974483, 1.4142135623730951
194, 15, 27, 188, 24, 189, 3, -1, -0.3217505543966422, 3.1622776601683795
194, 16, 168, 348, 166, 347, 2, 1, 0.4636476090008061, 2.23606797749979
194, 17, 75, 196, 74, 198, 1, -2, -1.1071487177940904, 2.23606797749979
194, 19, 124, 287, 123, 286, 1, 1, 0.7853981633974483, 1.4142135623730951
194, 20, 64, 100, 63, 102, 1, -2, -1.1071487177940904, 2.23606797749979
194, 22, 82, 391, 80, 392, 2, -1, -0.4636476090008061, 2.23606797749979
194, 24, 26, 88, 24, 89, 2, -1, -0.4636476090008061, 2.23606797749979
194, 25, 126, 329, 124, 329, 2, 0, 0.0, 2.0
194, 26, 222, 363, 220, 363, 2, 0, 0.0, 2.0
194, 27, 69, 329, 67, 329, 2, 0, 0.0, 2.0
194, 28, 133, 176, 131, 176, 2, 0, 0.0, 2.0
194, 29, 50, 79, 49, 80, 1, -1, -0.7853981633974483, 1.4142135623730951
194, 31, 16, 294, 15, 295, 1, -1, -0.7853981633974483, 1.4142135623730951
194, 32, 143, 136, 142, 137, 1, -1, -0.7853981633974483, 1.4142135623730951
194, 33, 93, 153, 92, 154, 1, -1, -0.7853981633974483, 1.4142135623730951
194, 34, 112, 127, 111, 128, 1, -1, -0.7853981633974483, 1.4142135623730951
194, 35, 178, 384, 177, 385, 1, -1, -0.7853981633974483, 1.4142135623730951
194, 37, 201, 121, 199, 121, 2, 0, 0.0, 2.0
194, 39, 58, 141, 56, 141, 2, 0, 0.0, 2.0
194, 40, 42, 339, 41, 340, 1, -1, -0.7853981633974483, 1.4142135623730951
194, 41, 173, 307, 171, 307, 2, 0, 0.0, 2.0
194, 42, 124, 368, 126, 368, -2, 0, 3.141592653589793, 2.0
194, 43, 201, 343, 198, 344, 3, -1, -0.3217505543966422, 3.1622776601683795
195, 0, 45, 135, 44, 136, 1, -1, -0.7853981633974483, 1.4142135623730951
195, 1, 119, 170, 118, 171, 1, -1, -0.7853981633974483, 1.4142135623730951
195, 2, 28, 280, 26, 280, 2, 0, 0.0, 2.0
195, 3, 9, 189, 8, 190, 1, -1, -0.7853981633974483, 1.4142135623730951
195, 4, 61, 156, 60, 157, 1, -1, -0.7853981633974483, 1.4142135623730951
195, 5, 44, 73, 42, 74, 2, -1, -0.4636476090008061, 2.23606797749979
195, 6, 79, 126, 78, 127, 1, -1, -0.7853981633974483, 1.4142135623730951
195, 7, 128, 171, 126, 172, 2, -1, -0.4636476090008061, 2.23606797749979
195, 9, 144, 404, 142, 405, 2, -1, -0.4636476090008061, 2.23606797749979
195, 10, 29, 107, 28, 108, 1, -1, -0.7853981633974483, 1.4142135623730951
195, 13, 48, 78, 47, 79, 1, -1, -0.7853981633974483, 1.4142135623730951
195, 14, 220, 363, 218, 364, 2, -1, -0.4636476090008061, 2.23606797749979
195, 16, 86, 393, 84, 393, 2, 0, 0.0, 2.0
195, 17, 171, 349, 170, 350, 1, -1, -0.7853981633974483, 1.4142135623730951
195, 18, 41, 162, 39, 163, 2, -1, -0.4636476090008061, 2.23606797749979
195, 19, 151, 164, 150, 165, 1, -1, -0.7853981633974483, 1.4142135623730951
195, 20, 9, 299, 7, 299, 2, 0, 0.0, 2.0
195, 22, 6, 274, 5, 275, 1, -1, -0.7853981633974483, 1.4142135623730951
195, 23, 70, 199, 70, 201, 0, -2, -1.5707963267948966, 2.0
195, 24, 55, 137, 54, 138, 1, -1, -0.7853981633974483, 1.4142135623730951
195, 25, 129, 293, 127, 293, 2, 0, 0.0, 2.0
195, 26, 82, 185, 80, 186, 2, -1, -0.4636476090008061, 2.23606797749979
195, 27, 133, 330, 134, 332, -1, -2, -2.0344439357957027, 2.23606797749979
195, 32, 194, 161, 192, 165, 2, -4, -1.1071487177940904, 4.47213595499958
195, 33, 98, 310, 96, 310, 2, 0, 0.0, 2.0
195, 35, 88, 138, 87, 139, 1, -1, -0.7853981633974483, 1.4142135623730951
195, 36, 178, 391, 176, 391, 2, 0, 0.0, 2.0
195, 38, 55, 196, 54, 197, 1, -1, -0.7853981633974483, 1.4142135623730951
195, 40, 18, 295, 16, 296, 2, -1, -0.4636476090008061, 2.23606797749979
195, 41, 200, 123, 198, 123, 2, 0, 0.0, 2.0
195, 44, 55, 202, 54, 204, 1, -2, -1.1071487177940904, 2.23606797749979
195, 47, 201, 336, 199, 336, 2, 0, 0.0, 2.0
195, 48, 209, 337, 207, 338, 2, -1, -0.4636476090008061, 2.23606797749979
195, 50, 149, 365, 146, 365, 3, 0, 0.0, 3.0
195, 51, 144, 137, 143, 138, 1, -1, -0.7853981633974483, 1.4142135623730951
195, 55, 93, 393, 91, 394, 2, -1, -0.4636476090008061, 2.23606797749979
195, 58, 126, 329, 123, 329, 3, 0, 0.0, 3.0
195, 59, 176, 143, 175, 144, 1, -1, -0.7853981633974483, 1.4142135623730951
195, 61, 80, 133, 79, 134, 1, -1, -0.7853981633974483, 1.4142135623730951
195, 62, 122, 368, 124, 370, -2, -2, -2.356194490192345, 2.8284271247461903
195, 63, 113, 128, 111, 129, 2, -1, -0.4636476090008061, 2.23606797749979
195, 64, 121, 289, 119, 289, 2, 0, 0.0, 2.0
195, 65, 107, 106, 106, 108, 1, -2, -1.1071487177940904, 2.23606797749979
196, 0, 47, 134, 45, 135, 2, -1, -0.4636476090008061, 2.23606797749979
196, 1, 121, 168, 119, 170, 2, -2, -0.7853981633974483, 2.8284271247461903
196, 4, 62, 155, 61, 156, 1, -1, -0.7853981633974483, 1.4142135623730951
196, 5, 45, 72, 44, 73, 1, -1, -0.7853981633974483, 1.4142135623730951
196, 6, 80, 125, 79, 126, 1, -1, -0.7853981633974483, 1.4142135623730951
196, 7, 129, 170, 128, 171, 1, -1, -0.7853981633974483, 1.4142135623730951
196, 8, 100, 74, 98, 74, 2, 0, 0.0, 2.0
196, 9, 146, 403, 144, 404, 2, -1, -0.4636476090008061, 2.23606797749979
196, 10, 31, 106, 29, 107, 2, -1, -0.4636476090008061, 2.23606797749979
196, 11, 147, 73, 145, 74, 2, -1, -0.4636476090008061, 2.23606797749979
196, 12, 75, 158, 74, 159, 1, -1, -0.7853981633974483, 1.4142135623730951
196, 13, 49, 77, 48, 78, 1, -1, -0.7853981633974483, 1.4142135623730951
196, 14, 222, 362, 220, 363, 2, -1, -0.4636476090008061, 2.23606797749979
196, 16, 89, 393, 86, 393, 3, 0, 0.0, 3.0
196, 17, 173, 350, 171, 349, 2, 1, 0.4636476090008061, 2.23606797749979
196, 18, 43, 161, 41, 162, 2, -1, -0.4636476090008061, 2.23606797749979
196, 19, 153, 163, 151, 164, 2, -1, -0.4636476090008061, 2.23606797749979
196, 23, 56, 136, 55, 137, 1, -1, -0.7853981633974483, 1.4142135623730951
196, 25, 83, 184, 82, 185, 1, -1, -0.7853981633974483, 1.4142135623730951
196, 26, 133, 328, 133, 330, 0, -2, -1.5707963267948966, 2.0
196, 27, 14, 143, 12, 143, 2, 0, 0.0, 2.0
196, 28, 20, 188, 19, 190, 1, -2, -1.1071487177940904, 2.23606797749979
196, 29, 9, 135, 8, 136, 1, -1, -0.7853981633974483, 1.4142135623730951
196, 31, 196, 160, 194, 161, 2, -1, -0.4636476090008061, 2.23606797749979
196, 35, 180, 390, 178, 391, 2, -1, -0.4636476090008061, 2.23606797749979
196, 37, 56, 195, 55, 196, 1, -1, -0.7853981633974483, 1.4142135623730951
196, 39, 20, 295, 18, 295, 2, 0, 0.0, 2.0
196, 40, 202, 122, 200, 123, 2, -1, -0.4636476090008061, 2.23606797749979
196, 41, 38, 275, 36, 275, 2, 0, 0.0, 2.0
196, 43, 56, 201, 55, 202, 1, -1, -0.7853981633974483, 1.4142135623730951
196, 45, 122, 137, 121, 138, 1, -1, -0.7853981633974483, 1.4142135623730951
196, 46, 203, 337, 201, 336, 2, 1, 0.4636476090008061, 2.23606797749979
196, 47, 211, 334, 209, 337, 2, -3, -0.982793723247329, 3.605551275463989
196, 49, 152, 365, 149, 365, 3, 0, 0.0, 3.0
196, 50, 145, 136, 144, 137, 1, -1, -0.7853981633974483, 1.4142135623730951
196, 54, 40, 403, 38, 404, 2, -1, -0.4636476090008061, 2.23606797749979
196, 56, 129, 330, 126, 329, 3, 1, 0.3217505543966422, 3.1622776601683795
196, 57, 177, 142, 176, 143, 1, -1, -0.7853981633974483, 1.4142135623730951
196, 59, 81, 132, 80, 133, 1, -1, -0.7853981633974483, 1.4142135623730951
196, 60, 125, 368, 122, 368, 3, 0, 0.0, 3.0
196, 61, 114, 127, 113, 128, 1, -1, -0.7853981633974483, 1.4142135623730951
196, 62, 123, 290, 121, 289, 2, 1, 0.4636476090008061, 2.23606797749979
196, 63, 109, 105, 107, 106, 2, -1, -0.4636476090008061, 2.23606797749979
197, 0, 48, 133, 47, 134, 1, -1, -0.7853981633974483, 1.4142135623730951
197, 1, 123, 167, 121, 168, 2, -1, -0.4636476090008061, 2.23606797749979
197, 2, 31, 281, 29, 280, 2, 1, 0.4636476090008061, 2.23606797749979
197, 3, 12, 187, 10, 189, 2, -2, -0.7853981633974483, 2.8284271247461903
197, 4, 63, 154, 62, 155, 1, -1, -0.7853981633974483, 1.4142135623730951
197, 5, 47, 71, 45, 72, 2, -1, -0.4636476090008061, 2.23606797749979
197, 6, 81, 124, 80, 125, 1, -1, -0.7853981633974483, 1.4142135623730951
197, 7, 130, 169, 129, 170, 1, -1, -0.7853981633974483, 1.4142135623730951
197, 9, 148, 402, 146, 403, 2, -1, -0.4636476090008061, 2.23606797749979
197, 10, 33, 105, 31, 106, 2, -1, -0.4636476090008061, 2.23606797749979
197, 12, 77, 157, 75, 158, 2, -1, -0.4636476090008061, 2.23606797749979
197, 13, 51, 76, 49, 77, 2, -1, -0.4636476090008061, 2.23606797749979
197, 14, 225, 362, 222, 362, 3, 0, 0.0, 3.0
197, 15, 94, 131, 92, 132, 2, -1, -0.4636476090008061, 2.23606797749979
197, 16, 91, 393, 89, 393, 2, 0, 0.0, 2.0
197, 17, 175, 349, 173, 350, 2, -1, -0.4636476090008061, 2.23606797749979
197, 18, 45, 161, 43, 161, 2, 0, 0.0, 2.0
197, 19, 154, 162, 153, 163, 1, -1, -0.7853981633974483, 1.4142135623730951
197, 20, 12, 299, 10, 299, 2, 0, 0.0, 2.0
197, 23, 57, 135, 56, 136, 1, -1, -0.7853981633974483, 1.4142135623730951
197, 24, 131, 294, 130, 293, 1, 1, 0.7853981633974483, 1.4142135623730951
197, 25, 84, 183, 83, 184, 1, -1, -0.7853981633974483, 1.4142135623730951
197, 26, 138, 329, 133, 328, 5, 1, 0.19739555984988075, 5.0990195135927845
197, 27, 16, 142, 14, 143, 2, -1, -0.4636476090008061, 2.23606797749979
197, 28, 21, 187, 20, 188, 1, -1, -0.7853981633974483, 1.4142135623730951
197, 30, 157, 112, 155, 112, 2, 0, 0.0, 2.0
197, 31, 198, 158, 196, 160, 2, -2, -0.7853981633974483, 2.8284271247461903
197, 32, 101, 310, 99, 310, 2, 0, 0.0, 2.0
197, 34, 89, 137, 88, 138, 1, -1, -0.7853981633974483, 1.4142135623730951
197, 35, 182, 389, 180, 390, 2, -1, -0.4636476090008061, 2.23606797749979
197, 36, 153, 141, 152, 142, 1, -1, -0.7853981633974483, 1.4142135623730951
197, 37, 58, 193, 56, 195, 2, -2, -0.7853981633974483, 2.8284271247461903
197, 38, 45, 346, 48, 345, -3, 1, 2.819842099193151, 3.1622776601683795
197, 39, 22, 295, 20, 295, 2, 0, 0.0, 2.0
197, 40, 204, 122, 202, 122, 2, 0, 0.0, 2.0
197, 43, 57, 199, 56, 201, 1, -2, -1.1071487177940904, 2.23606797749979
197, 44, 105, 343, 107, 344, -2, -1, -2.677945044588987, 2.23606797749979
197, 47, 35, 371, 39, 371, -4, 0, 3.141592653589793, 4.0
197, 48, 153, 368, 152, 365, 1, 3, 1.2490457723982544, 3.1622776601683795
197, 49, 146, 135, 145, 136, 1, -1, -0.7853981633974483, 1.4142135623730951
197, 51, 94, 347, 90, 347, 4, 0, 0.0, 4.0
197, 52, 95, 394, 93, 394, 2, 0, 0.0, 2.0
197, 55, 130, 332, 129, 330, 1, 2, 1.1071487177940904, 2.23606797749979
197, 56, 179, 141, 177, 142, 2, -1, -0.4636476090008061, 2.23606797749979
197, 57, 159, 328, 157, 328, 2, 0, 0.0, 2.0
197, 58, 83, 131, 81, 132, 2, -1, -0.4636476090008061, 2.23606797749979
197, 59, 129, 368, 125, 368, 4, 0, 0.0, 4.0
197, 62, 111, 104, 109, 105, 2, -1, -0.4636476090008061, 2.23606797749979
198, 0, 50, 132, 48, 133, 2, -1, -0.4636476090008061, 2.23606797749979
198, 1, 124, 165, 123, 167, 1, -2, -1.1071487177940904, 2.23606797749979
198, 2, 33, 281, 31, 281, 2, 0, 0.0, 2.0
198, 3, 14, 186, 12, 187, 2, -1, -0.4636476090008061, 2.23606797749979
198, 4, 65, 153, 63, 154, 2, -1, -0.4636476090008061, 2.23606797749979
198, 5, 49, 70, 47, 71, 2, -1, -0.4636476090008061, 2.23606797749979
198, 6, 83, 123, 81, 124, 2, -1, -0.4636476090008061, 2.23606797749979
198, 7, 131, 167, 130, 169, 1, -2, -1.1071487177940904, 2.23606797749979
198, 8, 106, 73, 101, 74, 5, -1, -0.19739555984988075, 5.0990195135927845
198, 9, 150, 402, 148, 402, 2, 0, 0.0, 2.0
198, 10, 35, 104, 33, 105, 2, -1, -0.4636476090008061, 2.23606797749979
198, 11, 155, 72, 148, 73, 7, -1, -0.14189705460416394, 7.0710678118654755
198, 12, 78, 156, 77, 157, 1, -1, -0.7853981633974483, 1.4142135623730951
198, 13, 52, 75, 51, 76, 1, -1, -0.7853981633974483, 1.4142135623730951
198, 14, 227, 361, 225, 362, 2, -1, -0.4636476090008061, 2.23606797749979
198, 15, 96, 130, 94, 131, 2, -1, -0.4636476090008061, 2.23606797749979
198, 16, 93, 393, 91, 393, 2, 0, 0.0, 2.0
198, 17, 177, 350, 175, 349, 2, 1, 0.4636476090008061, 2.23606797749979
198, 21, 201, 160, 201, 162, 0, -2, -1.5707963267948966, 2.0
198, 23, 58, 134, 57, 135, 1, -1, -0.7853981633974483, 1.4142135623730951
198, 24, 133, 294, 131, 294, 2, 0, 0.0, 2.0
198, 25, 86, 182, 84, 183, 2, -1, -0.4636476090008061, 2.23606797749979
198, 26, 132, 332, 138, 329, -6, 3, 2.677945044588987, 6.708203932499369
198, 28, 22, 186, 21, 187, 1, -1, -0.7853981633974483, 1.4142135623730951
198, 30, 159, 112, 157, 112, 2, 0, 0.0, 2.0
198, 31, 200, 156, 198, 158, 2, -2, -0.7853981633974483, 2.8284271247461903
198, 32, 103, 310, 101, 310, 2, 0, 0.0, 2.0
198, 34, 91, 136, 89, 137, 2, -1, -0.4636476090008061, 2.23606797749979
198, 35, 184, 388, 182, 389, 2, -1, -0.4636476090008061, 2.23606797749979
198, 36, 154, 140, 153, 141, 1, -1, -0.7853981633974483, 1.4142135623730951
198, 39, 24, 296, 22, 295, 2, 1, 0.4636476090008061, 2.23606797749979
198, 40, 207, 121, 204, 122, 3, -1, -0.3217505543966422, 3.1622776601683795
198, 41, 40, 274, 38, 275, 2, -1, -0.4636476090008061, 2.23606797749979
198, 43, 59, 198, 57, 199, 2, -1, -0.4636476090008061, 2.23606797749979
198, 46, 206, 336, 204, 337, 2, -1, -0.4636476090008061, 2.23606797749979
198, 48, 154, 367, 153, 368, 1, -1, -0.7853981633974483, 1.4142135623730951
198, 49, 148, 135, 146, 135, 2, 0, 0.0, 2.0
198, 50, 130, 335, 128, 336, 2, -1, -0.4636476090008061, 2.23606797749979
198, 52, 97, 393, 95, 394, 2, -1, -0.4636476090008061, 2.23606797749979
198, 53, 43, 403, 41, 403, 2, 0, 0.0, 2.0
198, 55, 130, 328, 130, 332, 0, -4, -1.5707963267948966, 4.0
198, 56, 180, 140, 179, 141, 1, -1, -0.7853981633974483, 1.4142135623730951
198, 58, 84, 130, 83, 131, 1, -1, -0.7853981633974483, 1.4142135623730951
198, 59, 132, 368, 129, 368, 3, 0, 0.0, 3.0
198, 61, 125, 291, 124, 290, 1, 1, 0.7853981633974483, 1.4142135623730951
198, 62, 113, 104, 111, 104, 2, 0, 0.0, 2.0
198, 63, 41, 318, 39, 318, 2, 0, 0.0, 2.0
199, 0, 52, 131, 50, 132, 2, -1, -0.4636476090008061, 2.23606797749979
199, 1, 125, 164, 124, 165, 1, -1, -0.7853981633974483, 1.4142135623730951
199, 2, 35, 281, 33, 281, 2, 0, 0.0, 2.0
199, 3, 15, 185, 14, 186, 1, -1, -0.7853981633974483, 1.4142135623730951
199, 4, 66, 152, 65, 153, 1, -1, -0.7853981633974483, 1.4142135623730951
199, 5, 50, 69, 49, 70, 1, -1, -0.7853981633974483, 1.4142135623730951
199, 6, 84, 122, 83, 123, 1, -1, -0.7853981633974483, 1.4142135623730951
199, 7, 133, 166, 131, 167, 2, -1, -0.4636476090008061, 2.23606797749979
199, 9, 152, 402, 150, 402, 2, 0, 0.0, 2.0
199, 12, 80, 156, 78, 156, 2, 0, 0.0, 2.0
199, 13, 53, 74, 52, 75, 1, -1, -0.7853981633974483, 1.4142135623730951
199, 14, 229, 361, 227, 361, 2, 0, 0.0, 2.0
199, 15, 97, 129, 96, 130, 1, -1, -0.7853981633974483, 1.4142135623730951
199, 16, 94, 392, 93, 393, 1, -1, -0.7853981633974483, 1.4142135623730951
199, 17, 178, 349, 177, 350, 1, -1, -0.7853981633974483, 1.4142135623730951
199, 19, 156, 161, 155, 162, 1, -1, -0.7853981633974483, 1.4142135623730951
199, 20, 15, 299, 13, 299, 2, 0, 0.0, 2.0
199, 21, 202, 159, 201, 160, 1, -1, -0.7853981633974483, 1.4142135623730951
199, 23, 59, 133, 58, 134, 1, -1, -0.7853981633974483, 1.4142135623730951
199, 25, 87, 181, 86, 182, 1, -1, -0.7853981633974483, 1.4142135623730951
199, 26, 134, 331, 132, 332, 2, -1, -0.4636476090008061, 2.23606797749979
199, 27, 19, 142, 17, 142, 2, 0, 0.0, 2.0
199, 28, 24, 186, 22, 186, 2, 0, 0.0, 2.0
199, 29, 12, 134, 11, 135, 1, -1, -0.7853981633974483, 1.4142135623730951
199, 31, 201, 155, 200, 156, 1, -1, -0.7853981633974483, 1.4142135623730951
199, 34, 92, 135, 91, 136, 1, -1, -0.7853981633974483, 1.4142135623730951
199, 35, 186, 387, 184, 388, 2, -1, -0.4636476090008061, 2.23606797749979
199, 36, 155, 139, 154, 140, 1, -1, -0.7853981633974483, 1.4142135623730951
199, 37, 62, 192, 59, 193, 3, -1, -0.3217505543966422, 3.1622776601683795
199, 40, 210, 119, 207, 121, 3, -2, -0.5880026035475675, 3.605551275463989
199, 41, 41, 273, 40, 274, 1, -1, -0.7853981633974483, 1.4142135623730951
199, 43, 61, 197, 59, 198, 2, -1, -0.4636476090008061, 2.23606797749979
199, 45, 126, 136, 124, 137, 2, -1, -0.4636476090008061, 2.23606797749979
199, 48, 155, 366, 154, 367, 1, -1, -0.7853981633974483, 1.4142135623730951
199, 49, 150, 135, 148, 135, 2, 0, 0.0, 2.0
199, 50, 132, 335, 130, 335, 2, 0, 0.0, 2.0
199, 52, 99, 392, 97, 393, 2, -1, -0.4636476090008061, 2.23606797749979
199, 53, 45, 402, 43, 403, 2, -1, -0.4636476090008061, 2.23606797749979
199, 55, 133, 327, 130, 328, 3, -1, -0.3217505543966422, 3.1622776601683795
199, 56, 181, 139, 180, 140, 1, -1, -0.7853981633974483, 1.4142135623730951
199, 58, 85, 129, 84, 130, 1, -1, -0.7853981633974483, 1.4142135623730951
199, 59, 138, 367, 132, 368, 6, -1, -0.16514867741462683, 6.082762530298219
199, 62, 115, 104, 113, 104, 2, 0, 0.0, 2.0
200, 0, 15, 188, 14, 189, 1, -1, -0.7853981633974483, 1.4142135623730951
200, 1, 153, 74, 151, 74, 2, 0, 0.0, 2.0
200, 2, 33, 282, 32, 281, 1, 1, 0.7853981633974483, 1.4142135623730951
200, 3, 50, 133, 49, 134, 1, -1, -0.7853981633974483, 1.4142135623730951
200, 4, 124, 169, 123, 170, 1, -1, -0.7853981633974483, 1.4142135623730951
200, 6, 160, 115, 159, 114, 1, 1, 0.7853981633974483, 1.4142135623730951
200, 7, 150, 406, 148, 406, 2, 0, 0.0, 2.0
200, 8, 66, 155, 65, 156, 1, -1, -0.7853981633974483, 1.4142135623730951
200, 9, 83, 128, 82, 129, 1, -1, -0.7853981633974483, 1.4142135623730951
200, 11, 48, 75, 47, 76, 1, -1, -0.7853981633974483, 1.4142135623730951
200, 12, 7, 269, 5, 270, 2, -1, -0.4636476090008061, 2.23606797749979
200, 13, 46, 163, 44, 163, 2, 0, 0.0, 2.0
200, 15, 210, 344, 208, 344, 2, 0, 0.0, 2.0
200, 16, 88, 185, 86, 186, 2, -1, -0.4636476090008061, 2.23606797749979
200, 17, 134, 293, 132, 293, 2, 0, 0.0, 2.0
200, 18, 79, 162, 77, 163, 2, -1, -0.4636476090008061, 2.23606797749979
200, 19, 102, 313, 100, 313, 2, 0, 0.0, 2.0
200, 20, 116, 162, 113, 163, 3, -1, -0.3217505543966422, 3.1622776601683795
200, 21, 15, 270, 13, 270, 2, 0, 0.0, 2.0
200, 22, 11, 299, 9, 300, 2, -1, -0.4636476090008061, 2.23606797749979
200, 24, 132, 170, 131, 171, 1, -1, -0.7853981633974483, 1.4142135623730951
200, 25, 156, 162, 155, 163, 1, -1, -0.7853981633974483, 1.4142135623730951
200, 26, 156, 375, 154, 375, 2, 0, 0.0, 2.0
200, 27, 93, 136, 92, 137, 1, -1, -0.7853981633974483, 1.4142135623730951
200, 28, 227, 365, 225, 365, 2, 0, 0.0, 2.0
200, 29, 26, 302, 24, 303, 2, -1, -0.4636476090008061, 2.23606797749979
200, 30, 53, 393, 52, 395, 1, -2, -1.1071487177940904, 2.23606797749979
200, 31, 159, 319, 156, 319, 3, 0, 0.0, 3.0
200, 33, 131, 330, 129, 330, 2, 0, 0.0, 2.0
200, 34, 87, 395, 85, 395, 2, 0, 0.0, 2.0
200, 37, 151, 138, 149, 138, 2, 0, 0.0, 2.0
200, 38, 140, 332, 138, 333, 2, -1, -0.4636476090008061, 2.23606797749979
200, 39, 29, 141, 28, 142, 1, -1, -0.7853981633974483, 1.4142135623730951
200, 40, 13, 136, 11, 136, 2, 0, 0.0, 2.0
200, 41, 23, 193, 22, 194, 1, -1, -0.7853981633974483, 1.4142135623730951
200, 42, 174, 142, 173, 143, 1, -1, -0.7853981633974483, 1.4142135623730951
200, 43, 78, 321, 75, 322, 3, -1, -0.3217505543966422, 3.1622776601683795
200, 44, 177, 349, 176, 350, 1, -1, -0.7853981633974483, 1.4142135623730951
200, 45, 25, 375, 24, 376, 1, -1, -0.7853981633974483, 1.4142135623730951
200, 46, 116, 85, 114, 85, 2, 0, 0.0, 2.0
200, 50, 102, 135, 101, 137, 1, -2, -1.1071487177940904, 2.23606797749979
200, 51, 86, 161, 85, 163, 1, -2, -1.1071487177940904, 2.23606797749979
200, 53, 6, 394, 5, 395, 1, -1, -0.7853981633974483, 1.4142135623730951
200, 54, 117, 128, 116, 129, 1, -1, -0.7853981633974483, 1.4142135623730951
200, 56, 55, 195, 54, 196, 1, -1, -0.7853981633974483, 1.4142135623730951
200, 57, 36, 348, 34, 348, 2, 0, 0.0, 2.0
200, 59, 168, 323, 166, 324, 2, -1, -0.4636476090008061, 2.23606797749979
200, 60, 113, 108, 111, 109, 2, -1, -0.4636476090008061, 2.23606797749979
200, 61, 119, 374, 117, 375, 2, -1, -0.4636476090008061, 2.23606797749979
200, 62, 86, 323, 84, 325, 2, -2, -0.7853981633974483, 2.8284271247461903
200, 64, 67, 195, 65, 196, 2, -1, -0.4636476090008061, 2.23606797749979
200, 65, 47, 393, 44, 394, 3, -1, -0.3217505543966422, 3.1622776601683795
200, 66, 159, 396, 156, 396, 3, 0, 0.0, 3.0
200, 70, 69, 102, 68, 103, 1, -1, -0.7853981633974483, 1.4142135623730951
201, 0, 16, 187, 15, 188, 1, -1, -0.7853981633974483, 1.4142135623730951
201, 1, 155, 74, 153, 74, 2, 0, 0.0, 2.0
201, 2, 35, 282, 33, 282, 2, 0, 0.0, 2.0
201, 4, 125, 168, 124, 169, 1, -1, -0.7853981633974483, 1.4142135623730951
201, 5, 107, 73, 105, 73, 2, 0, 0.0, 2.0
201, 6, 162, 117, 160, 115, 2, 2, 0.7853981633974483, 2.8284271247461903
201, 7, 152, 406, 150, 406, 2, 0, 0.0, 2.0
201, 8, 67, 154, 66, 155, 1, -1, -0.7853981633974483, 1.4142135623730951
201, 9, 84, 127, 83, 128, 1, -1, -0.7853981633974483, 1.4142135623730951
201, 10, 35, 107, 34, 108, 1, -1, -0.7853981633974483, 1.4142135623730951
201, 11, 50, 75, 48, 75, 2, 0, 0.0, 2.0
201, 12, 10, 270, 7, 269, 3, 1, 0.3217505543966422, 3.1622776601683795
201, 14, 202, 165, 200, 165, 2, 0, 0.0, 2.0
201, 15, 211, 343, 210, 344, 1, -1, -0.7853981633974483, 1.4142135623730951
201, 16, 89, 184, 88, 185, 1, -1, -0.7853981633974483, 1.4142135623730951
201, 17, 136, 293, 134, 293, 2, 0, 0.0, 2.0
201, 18, 80, 161, 79, 162, 1, -1, -0.7853981633974483, 1.4142135623730951
201, 19, 104, 313, 102, 313, 2, 0, 0.0, 2.0
201, 20, 118, 161, 116, 162, 2, -1, -0.4636476090008061, 2.23606797749979
201, 21, 17, 271, 15, 270, 2, 1, 0.4636476090008061, 2.23606797749979
201, 24, 133, 168, 132, 170, 1, -2, -1.1071487177940904, 2.23606797749979
201, 25, 157, 161, 156, 162, 1, -1, -0.7853981633974483, 1.4142135623730951
201, 27, 94, 135, 93, 136, 1, -1, -0.7853981633974483, 1.4142135623730951
201, 28, 229, 365, 227, 365, 2, 0, 0.0, 2.0
201, 30, 53, 390, 53, 393, 0, -3, -1.5707963267948966, 3.0
201, 31, 162, 319, 159, 319, 3, 0, 0.0, 3.0
201, 33, 135, 330, 131, 330, 4, 0, 0.0, 4.0
201, 34, 89, 395, 87, 395, 2, 0, 0.0, 2.0
201, 36, 19, 302, 17, 302, 2, 0, 0.0, 2.0
201, 39, 31, 141, 29, 141, 2, 0, 0.0, 2.0
201, 41, 24, 192, 23, 193, 1, -1, -0.7853981633974483, 1.4142135623730951
201, 42, 176, 141, 174, 142, 2, -1, -0.4636476090008061, 2.23606797749979
201, 43, 80, 321, 78, 321, 2, 0, 0.0, 2.0
201, 44, 179, 348, 177, 349, 2, -1, -0.4636476090008061, 2.23606797749979
201, 46, 117, 84, 116, 85, 1, -1, -0.7853981633974483, 1.4142135623730951
201, 50, 104, 134, 102, 135, 2, -1, -0.4636476090008061, 2.23606797749979
201, 51, 88, 160, 86, 161, 2, -1, -0.4636476090008061, 2.23606797749979
201, 53, 7, 393, 6, 394, 1, -1, -0.7853981633974483, 1.4142135623730951
201, 55, 157, 141, 156, 142, 1, -1, -0.7853981633974483, 1.4142135623730951
201, 56, 56, 194, 55, 195, 1, -1, -0.7853981633974483, 1.4142135623730951
201, 57, 38, 348, 36, 348, 2, 0, 0.0, 2.0
201, 58, 183, 385, 181, 386, 2, -1, -0.4636476090008061, 2.23606797749979
201, 59, 169, 322, 168, 323, 1, -1, -0.7853981633974483, 1.4142135623730951
201, 60, 115, 108, 113, 108, 2, 0, 0.0, 2.0
201, 61, 121, 374, 119, 374, 2, 0, 0.0, 2.0
201, 62, 86, 321, 86, 323, 0, -2, -1.5707963267948966, 2.0
201, 64, 68, 194, 67, 195, 1, -1, -0.7853981633974483, 1.4142135623730951
201, 65, 50, 392, 47, 393, 3, -1, -0.3217505543966422, 3.1622776601683795
201, 67, 126, 292, 125, 291, 1, 1, 0.7853981633974483, 1.4142135623730951
201, 68, 157, 116, 154, 118, 3, -2, -0.5880026035475675, 3.605551275463989
201, 69, 161, 82, 159, 84, 2, -2, -0.7853981633974483, 2.8284271247461903
201, 70, 70, 101, 69, 102, 1, -1, -0.7853981633974483, 1.4142135623730951
201, 71, 97, 155, 96, 156, 1, -1, -0.7853981633974483, 1.4142135623730951
202, 0, 18, 186, 16, 187, 2, -1, -0.4636476090008061, 2.23606797749979
202, 1, 157, 74, 155, 74, 2, 0, 0.0, 2.0
202, 2, 37, 282, 35, 282, 2, 0, 0.0, 2.0
202, 3, 51, 131, 50, 132, 1, -1, -0.7853981633974483, 1.4142135623730951
202, 4, 126, 167, 125, 168, 1, -1, -0.7853981633974483, 1.4142135623730951
202, 5, 109, 73, 107, 73, 2, 0, 0.0, 2.0
202, 6, 164, 116, 162, 117, 2, -1, -0.4636476090008061, 2.23606797749979
202, 7, 155, 406, 152, 406, 3, 0, 0.0, 3.0
202, 8, 68, 153, 67, 154, 1, -1, -0.7853981633974483, 1.4142135623730951
202, 10, 37, 106, 35, 107, 2, -1, -0.4636476090008061, 2.23606797749979
202, 11, 52, 75, 50, 75, 2, 0, 0.0, 2.0
202, 14, 206, 164, 202, 165, 4, -1, -0.24497866312686414, 4.123105625617661
202, 15, 214, 342, 211, 343, 3, -1, -0.3217505543966422, 3.1622776601683795
202, 16, 90, 183, 89, 184, 1, -1, -0.7853981633974483, 1.4142135623730951
202, 17, 138, 292, 136, 293, 2, -1, -0.4636476090008061, 2.23606797749979
202, 20, 116, 162, 118, 161, -2, 1, 2.677945044588987, 2.23606797749979
202, 21, 18, 272, 17, 271, 1, 1, 0.7853981633974483, 1.4142135623730951
202, 22, 14, 299, 12, 299, 2, 0, 0.0, 2.0
202, 24, 134, 167, 133, 168, 1, -1, -0.7853981633974483, 1.4142135623730951
202, 26, 159, 374, 157, 375, 2, -1, -0.4636476090008061, 2.23606797749979
202, 27, 95, 134, 94, 135, 1, -1, -0.7853981633974483, 1.4142135623730951
202, 28, 231, 365, 229, 365, 2, 0, 0.0, 2.0
202, 30, 55, 389, 53, 390, 2, -1, -0.4636476090008061, 2.23606797749979
202, 33, 138, 331, 135, 330, 3, 1, 0.3217505543966422, 3.1622776601683795
202, 36, 21, 302, 19, 302, 2, 0, 0.0, 2.0
202, 37, 153, 137, 152, 138, 1, -1, -0.7853981633974483, 1.4142135623730951
202, 38, 142, 331, 141, 332, 1, -1, -0.7853981633974483, 1.4142135623730951
202, 39, 32, 140, 31, 141, 1, -1, -0.7853981633974483, 1.4142135623730951
202, 40, 15, 135, 14, 136, 1, -1, -0.7853981633974483, 1.4142135623730951
202, 41, 25, 191, 24, 192, 1, -1, -0.7853981633974483, 1.4142135623730951
202, 42, 177, 140, 176, 141, 1, -1, -0.7853981633974483, 1.4142135623730951
202, 43, 83, 321, 80, 321, 3, 0, 0.0, 3.0
202, 44, 181, 347, 179, 348, 2, -1, -0.4636476090008061, 2.23606797749979
202, 45, 27, 374, 26, 375, 1, -1, -0.7853981633974483, 1.4142135623730951
202, 46, 121, 84, 117, 84, 4, 0, 0.0, 4.0
202, 48, 74, 295, 72, 296, 2, -1, -0.4636476090008061, 2.23606797749979
202, 50, 104, 132, 104, 134, 0, -2, -1.5707963267948966, 2.0
202, 54, 119, 127, 118, 128, 1, -1, -0.7853981633974483, 1.4142135623730951
202, 55, 158, 140, 157, 141, 1, -1, -0.7853981633974483, 1.4142135623730951
202, 56, 57, 193, 56, 194, 1, -1, -0.7853981633974483, 1.4142135623730951
202, 57, 40, 347, 38, 348, 2, -1, -0.4636476090008061, 2.23606797749979
202, 59, 170, 321, 169, 322, 1, -1, -0.7853981633974483, 1.4142135623730951
202, 61, 123, 373, 121, 374, 2, -1, -0.4636476090008061, 2.23606797749979
202, 62, 88, 320, 86, 321, 2, -1, -0.4636476090008061, 2.23606797749979
202, 63, 68, 298, 65, 298, 3, 0, 0.0, 3.0
202, 64, 71, 193, 68, 194, 3, -1, -0.3217505543966422, 3.1622776601683795
202, 65, 54, 392, 50, 392, 4, 0, 0.0, 4.0
202, 66, 162, 398, 160, 396, 2, 2, 0.7853981633974483, 2.8284271247461903
202, 68, 158, 115, 157, 116, 1, -1, -0.7853981633974483, 1.4142135623730951
202, 69, 163, 81, 161, 82, 2, -1, -0.4636476090008061, 2.23606797749979
202, 70, 71, 100, 70, 101, 1, -1, -0.7853981633974483, 1.4142135623730951
202, 71, 101, 154, 97, 155, 4, -1, -0.24497866312686414, 4.123105625617661
203, 0, 19, 185, 18, 186, 1, -1, -0.7853981633974483, 1.4142135623730951
203, 1, 159, 73, 157, 74, 2, -1, -0.4636476090008061, 2.23606797749979
203, 2, 39, 282, 37, 282, 2, 0, 0.0, 2.0
203, 3, 52, 130, 51, 131, 1, -1, -0.7853981633974483, 1.4142135623730951
203, 4, 128, 167, 126, 167, 2, 0, 0.0, 2.0
203, 5, 111, 73, 109, 73, 2, 0, 0.0, 2.0
203, 6, 165, 115, 164, 116, 1, -1, -0.7853981633974483, 1.4142135623730951
203, 7, 157, 405, 155, 406, 2, -1, -0.4636476090008061, 2.23606797749979
203, 11, 54, 74, 52, 75, 2, -1, -0.4636476090008061, 2.23606797749979
203, 12, 13, 270, 11, 270, 2, 0, 0.0, 2.0
203, 14, 210, 162, 206, 164, 4, -2, -0.4636476090008061, 4.47213595499958
203, 16, 91, 182, 90, 183, 1, -1, -0.7853981633974483, 1.4142135623730951
203, 17, 138, 290, 138, 292, 0, -2, -1.5707963267948966, 2.0
203, 18, 83, 159, 81, 161, 2, -2, -0.7853981633974483, 2.8284271247461903
203, 20, 118, 162, 116, 162, 2, 0, 0.0, 2.0
203, 22, 16, 299, 14, 299, 2, 0, 0.0, 2.0
203, 24, 135, 166, 134, 167, 1, -1, -0.7853981633974483, 1.4142135623730951
203, 25, 159, 160, 158, 161, 1, -1, -0.7853981633974483, 1.4142135623730951
203, 26, 162, 373, 159, 374, 3, -1, -0.3217505543966422, 3.1622776601683795
203, 27, 96, 133, 95, 134, 1, -1, -0.7853981633974483, 1.4142135623730951
203, 30, 58, 387, 55, 389, 3, -2, -0.5880026035475675, 3.605551275463989
203, 31, 167, 319, 163, 319, 4, 0, 0.0, 4.0
203, 32, 62, 135, 61, 136, 1, -1, -0.7853981633974483, 1.4142135623730951
203, 33, 141, 331, 138, 331, 3, 0, 0.0, 3.0
203, 34, 93, 395, 90, 395, 3, 0, 0.0, 3.0
203, 36, 23, 302, 21, 302, 2, 0, 0.0, 2.0
203, 38, 145, 329, 142, 331, 3, -2, -0.5880026035475675, 3.605551275463989
203, 39, 34, 139, 32, 140, 2, -1, -0.4636476090008061, 2.23606797749979
203, 40, 17, 135, 15, 135, 2, 0, 0.0, 2.0
203, 41, 26, 190, 25, 191, 1, -1, -0.7853981633974483, 1.4142135623730951
203, 42, 178, 139, 177, 140, 1, -1, -0.7853981633974483, 1.4142135623730951
203, 43, 86, 322, 83, 321, 3, 1, 0.3217505543966422, 3.1622776601683795
203, 45, 29, 373, 27, 374, 2, -1, -0.4636476090008061, 2.23606797749979
203, 46, 123, 84, 121, 84, 2, 0, 0.0, 2.0
203, 47, 6, 348, 5, 349, 1, -1, -0.7853981633974483, 1.4142135623730951
203, 48, 75, 296, 74, 295, 1, 1, 0.7853981633974483, 1.4142135623730951
203, 50, 105, 131, 104, 132, 1, -1, -0.7853981633974483, 1.4142135623730951
203, 51, 88, 157, 88, 159, 0, -2, -1.5707963267948966, 2.0
203, 54, 120, 126, 119, 127, 1, -1, -0.7853981633974483, 1.4142135623730951
203, 56, 58, 192, 57, 193, 1, -1, -0.7853981633974483, 1.4142135623730951
203, 57, 41, 346, 40, 347, 1, -1, -0.7853981633974483, 1.4142135623730951
203, 58, 186, 385, 184, 385, 2, 0, 0.0, 2.0
203, 59, 172, 320, 170, 321, 2, -1, -0.4636476090008061, 2.23606797749979
203, 60, 117, 106, 116, 108, 1, -2, -1.1071487177940904, 2.23606797749979
203, 61, 125, 372, 123, 373, 2, -1, -0.4636476090008061, 2.23606797749979
203, 62, 90, 318, 88, 320, 2, -2, -0.7853981633974483, 2.8284271247461903
203, 64, 75, 192, 71, 193, 4, -1, -0.24497866312686414, 4.123105625617661
203, 65, 57, 391, 54, 392, 3, -1, -0.3217505543966422, 3.1622776601683795
203, 66, 164, 398, 162, 398, 2, 0, 0.0, 2.0
203, 67, 129, 293, 127, 292, 2, 1, 0.4636476090008061, 2.23606797749979
203, 68, 160, 114, 158, 115, 2, -1, -0.4636476090008061, 2.23606797749979
203, 69, 165, 80, 163, 81, 2, -1, -0.4636476090008061, 2.23606797749979
203, 70, 72, 99, 71, 100, 1, -1, -0.7853981633974483, 1.4142135623730951
203, 71, 102, 152, 101, 154, 1, -2, -1.1071487177940904, 2.23606797749979
204, 0, 21, 184, 19, 185, 2, -1, -0.4636476090008061, 2.23606797749979
204, 1, 160, 72, 159, 73, 1, -1, -0.7853981633974483, 1.4142135623730951
204, 2, 41, 282, 39, 282, 2, 0, 0.0, 2.0
204, 3, 53, 129, 52, 130, 1, -1, -0.7853981633974483, 1.4142135623730951
204, 4, 129, 166, 128, 167, 1, -1, -0.7853981633974483, 1.4142135623730951
204, 6, 167, 115, 165, 115, 2, 0, 0.0, 2.0
204, 7, 159, 405, 157, 405, 2, 0, 0.0, 2.0
204, 11, 55, 73, 54, 74, 1, -1, -0.7853981633974483, 1.4142135623730951
204, 14, 212, 160, 210, 162, 2, -2, -0.7853981633974483, 2.8284271247461903
204, 15, 217, 342, 215, 342, 2, 0, 0.0, 2.0
204, 16, 92, 181, 91, 182, 1, -1, -0.7853981633974483, 1.4142135623730951
204, 17, 139, 291, 138, 290, 1, 1, 0.7853981633974483, 1.4142135623730951
204, 19, 108, 313, 106, 313, 2, 0, 0.0, 2.0
204, 20, 119, 161, 118, 162, 1, -1, -0.7853981633974483, 1.4142135623730951
204, 24, 137, 165, 135, 166, 2, -1, -0.4636476090008061, 2.23606797749979
204, 25, 160, 159, 159, 160, 1, -1, -0.7853981633974483, 1.4142135623730951
204, 26, 163, 372, 162, 373, 1, -1, -0.7853981633974483, 1.4142135623730951
204, 28, 234, 364, 232, 365, 2, -1, -0.4636476090008061, 2.23606797749979
204, 29, 30, 303, 28, 303, 2, 0, 0.0, 2.0
204, 31, 172, 321, 167, 319, 5, 2, 0.3805063771123649, 5.385164807134504
204, 33, 146, 331, 141, 331, 5, 0, 0.0, 5.0
204, 34, 95, 395, 93, 395, 2, 0, 0.0, 2.0
204, 35, 23, 347, 20, 348, 3, -1, -0.3217505543966422, 3.1622776601683795
204, 36, 25, 302, 23, 302, 2, 0, 0.0, 2.0
204, 37, 155, 136, 154, 137, 1, -1, -0.7853981633974483, 1.4142135623730951
204, 38, 151, 328, 145, 329, 6, -1, -0.16514867741462683, 6.082762530298219
204, 39, 37, 138, 34, 139, 3, -1, -0.3217505543966422, 3.1622776601683795
204, 40, 18, 134, 17, 135, 1, -1, -0.7853981633974483, 1.4142135623730951
204, 41, 28, 189, 26, 190, 2, -1, -0.4636476090008061, 2.23606797749979
204, 42, 179, 138, 178, 139, 1, -1, -0.7853981633974483, 1.4142135623730951
204, 43, 88, 323, 86, 322, 2, 1, 0.4636476090008061, 2.23606797749979
204, 44, 183, 345, 181, 346, 2, -1, -0.4636476090008061, 2.23606797749979
204, 45, 30, 372, 29, 373, 1, -1, -0.7853981633974483, 1.4142135623730951
204, 47, 76, 295, 75, 296, 1, -1, -0.7853981633974483, 1.4142135623730951
204, 53, 160, 139, 159, 140, 1, -1, -0.7853981633974483, 1.4142135623730951
204, 54, 60, 191, 58, 192, 2, -1, -0.4636476090008061, 2.23606797749979
204, 56, 188, 385, 186, 385, 2, 0, 0.0, 2.0
204, 57, 174, 320, 172, 320, 2, 0, 0.0, 2.0
204, 58, 118, 105, 117, 106, 1, -1, -0.7853981633974483, 1.4142135623730951
204, 59, 128, 371, 125, 372, 3, -1, -0.3217505543966422, 3.1622776601683795
204, 60, 91, 319, 90, 318, 1, 1, 0.7853981633974483, 1.4142135623730951
204, 61, 70, 297, 69, 298, 1, -1, -0.7853981633974483, 1.4142135623730951
204, 62, 81, 190, 75, 192, 6, -2, -0.3217505543966422, 6.324555320336759
204, 63, 61, 391, 57, 391, 4, 0, 0.0, 4.0
204, 65, 131, 294, 129, 293, 2, 1, 0.4636476090008061, 2.23606797749979
204, 66, 162, 114, 160, 114, 2, 0, 0.0, 2.0
204, 67, 166, 79, 165, 80, 1, -1, -0.7853981633974483, 1.4142135623730951
204, 68, 73, 98, 72, 99, 1, -1, -0.7853981633974483, 1.4142135623730951
204, 69, 104, 151, 102, 152, 2, -1, -0.4636476090008061, 2.23606797749979
205, 0, 20, 187, 18, 188, 2, -1, -0.4636476090008061, 2.23606797749979
205, 2, 129, 167, 128, 168, 1, -1, -0.7853981633974483, 1.4142135623730951
205, 5, 158, 73, 156, 74, 2, -1, -0.4636476090008061, 2.23606797749979
205, 6, 30, 188, 29, 189, 1, -1, -0.7853981633974483, 1.4142135623730951
205, 7, 111, 73, 110, 74, 1, -1, -0.7853981633974483, 1.4142135623730951
205, 8, 157, 406, 155, 406, 2, 0, 0.0, 2.0
205, 9, 53, 74, 52, 75, 1, -1, -0.7853981633974483, 1.4142135623730951
205, 10, 100, 130, 99, 131, 1, -1, -0.7853981633974483, 1.4142135623730951
205, 11, 173, 323, 169, 322, 4, 1, 0.24497866312686414, 4.123105625617661
205, 13, 83, 155, 82, 156, 1, -1, -0.7853981633974483, 1.4142135623730951
205, 14, 87, 128, 86, 129, 1, -1, -0.7853981633974483, 1.4142135623730951
205, 15, 215, 344, 213, 344, 2, 0, 0.0, 2.0
205, 16, 147, 332, 143, 331, 4, 1, 0.24497866312686414, 4.123105625617661
205, 17, 93, 182, 91, 183, 2, -1, -0.4636476090008061, 2.23606797749979
205, 18, 9, 347, 7, 348, 2, -1, -0.4636476090008061, 2.23606797749979
205, 19, 138, 171, 137, 172, 1, -1, -0.7853981633974483, 1.4142135623730951
205, 21, 70, 154, 69, 155, 1, -1, -0.7853981633974483, 1.4142135623730951
205, 23, 28, 142, 26, 143, 2, -1, -0.4636476090008061, 2.23606797749979
205, 24, 93, 396, 91, 396, 2, 0, 0.0, 2.0
205, 25, 211, 159, 209, 162, 2, -3, -0.982793723247329, 3.605551275463989
205, 26, 182, 345, 181, 344, 1, 1, 0.7853981633974483, 1.4142135623730951
205, 27, 233, 365, 231, 365, 2, 0, 0.0, 2.0
205, 28, 38, 107, 37, 108, 1, -1, -0.7853981633974483, 1.4142135623730951
205, 31, 161, 161, 159, 162, 2, -1, -0.4636476090008061, 2.23606797749979
205, 33, 133, 295, 132, 294, 1, 1, 0.7853981633974483, 1.4142135623730951
205, 34, 17, 138, 16, 139, 1, -1, -0.7853981633974483, 1.4142135623730951
205, 35, 189, 388, 187, 388, 2, 0, 0.0, 2.0
205, 36, 92, 325, 89, 323, 3, 2, 0.5880026035475675, 3.605551275463989
205, 37, 30, 303, 29, 304, 1, -1, -0.7853981633974483, 1.4142135623730951
205, 40, 119, 161, 115, 162, 4, -1, -0.24497866312686414, 4.123105625617661
205, 41, 105, 388, 103, 388, 2, 0, 0.0, 2.0
205, 42, 97, 190, 95, 191, 2, -1, -0.4636476090008061, 2.23606797749979
205, 44, 162, 366, 164, 367, -2, -1, -2.677945044588987, 2.23606797749979
205, 46, 17, 172, 13, 173, 4, -1, -0.24497866312686414, 4.123105625617661
205, 47, 160, 115, 158, 116, 2, -1, -0.4636476090008061, 2.23606797749979
205, 48, 54, 282, 52, 283, 2, -1, -0.4636476090008061, 2.23606797749979
205, 49, 13, 78, 12, 79, 1, -1, -0.7853981633974483, 1.4142135623730951
205, 50, 63, 392, 58, 392, 5, 0, 0.0, 5.0
205, 52, 25, 194, 24, 195, 1, -1, -0.7853981633974483, 1.4142135623730951
205, 54, 40, 347, 39, 348, 1, -1, -0.7853981633974483, 1.4142135623730951
205, 55, 6, 110, 4, 110, 2, 0, 0.0, 2.0
205, 57, 64, 193, 63, 195, 1, -2, -1.1071487177940904, 2.23606797749979
205, 60, 210, 338, 208, 337, 2, 1, 0.4636476090008061, 2.23606797749979
205, 61, 212, 123, 211, 124, 1, -1, -0.7853981633974483, 1.4142135623730951
205, 62, 219, 338, 218, 339, 1, -1, -0.7853981633974483, 1.4142135623730951
205, 63, 103, 152, 102, 153, 1, -1, -0.7853981633974483, 1.4142135623730951
206, 0, 21, 186, 20, 187, 1, -1, -0.7853981633974483, 1.4142135623730951
206, 1, 55, 133, 54, 134, 1, -1, -0.7853981633974483, 1.4142135623730951
206, 2, 130, 166, 129, 167, 1, -1, -0.7853981633974483, 1.4142135623730951
206, 3, 45, 282, 43, 282, 2, 0, 0.0, 2.0
206, 4, 14, 276, 13, 277, 1, -1, -0.7853981633974483, 1.4142135623730951
206, 7, 113, 72, 111, 73, 2, -1, -0.4636476090008061, 2.23606797749979
206, 8, 159, 406, 157, 406, 2, 0, 0.0, 2.0
206, 9, 54, 73, 53, 74, 1, -1, -0.7853981633974483, 1.4142135623730951
206, 11, 174, 324, 173, 323, 1, 1, 0.7853981633974483, 1.4142135623730951
206, 13, 85, 154, 83, 155, 2, -1, -0.4636476090008061, 2.23606797749979
206, 14, 88, 127, 87, 128, 1, -1, -0.7853981633974483, 1.4142135623730951
206, 15, 217, 344, 215, 344, 2, 0, 0.0, 2.0
206, 16, 151, 332, 147, 332, 4, 0, 0.0, 4.0
206, 17, 95, 182, 93, 182, 2, 0, 0.0, 2.0
206, 20, 51, 167, 50, 169, 1, -2, -1.1071487177940904, 2.23606797749979
206, 21, 71, 153, 70, 154, 1, -1, -0.7853981633974483, 1.4142135623730951
206, 22, 140, 291, 139, 289, 1, 2, 1.1071487177940904, 2.23606797749979
206, 23, 29, 141, 28, 142, 1, -1, -0.7853981633974483, 1.4142135623730951
206, 24, 95, 396, 93, 396, 2, 0, 0.0, 2.0
206, 25, 212, 156, 211, 159, 1, -3, -1.2490457723982544, 3.1622776601683795
206, 26, 184, 345, 182, 345, 2, 0, 0.0, 2.0
206, 27, 235, 365, 233, 365, 2, 0, 0.0, 2.0
206, 31, 163, 160, 161, 161, 2, -1, -0.4636476090008061, 2.23606797749979
206, 34, 18, 137, 17, 138, 1, -1, -0.7853981633974483, 1.4142135623730951
206, 35, 191, 388, 189, 388, 2, 0, 0.0, 2.0
206, 36, 94, 325, 92, 325, 2, 0, 0.0, 2.0
206, 40, 122, 160, 119, 161, 3, -1, -0.3217505543966422, 3.1622776601683795
206, 41, 108, 388, 105, 388, 3, 0, 0.0, 3.0
206, 42, 99, 190, 97, 190, 2, 0, 0.0, 2.0
206, 43, 108, 313, 107, 314, 1, -1, -0.7853981633974483, 1.4142135623730951
206, 44, 160, 366, 162, 366, -2, 0, 3.141592653589793, 2.0
206, 46, 20, 171, 17, 172, 3, -1, -0.3217505543966422, 3.1622776601683795
206, 49, 14, 77, 13, 78, 1, -1, -0.7853981633974483, 1.4142135623730951
206, 50, 67, 392, 63, 392, 4, 0, 0.0, 4.0
206, 52, 28, 193, 25, 194, 3, -1, -0.3217505543966422, 3.1622776601683795
206, 54, 42, 347, 40, 347, 2, 0, 0.0, 2.0
206, 55, 8, 110, 6, 110, 2, 0, 0.0, 2.0
206, 58, 20, 301, 18, 301, 2, 0, 0.0, 2.0
206, 60, 212, 339, 210, 338, 2, 1, 0.4636476090008061, 2.23606797749979
206, 61, 214, 122, 212, 123, 2, -1, -0.4636476090008061, 2.23606797749979
206, 63, 104, 151, 103, 152, 1, -1, -0.7853981633974483, 1.4142135623730951
207, 0, 22, 185, 21, 186, 1, -1, -0.7853981633974483, 1.4142135623730951
207, 1, 56, 132, 55, 133, 1, -1, -0.7853981633974483, 1.4142135623730951
207, 2, 131, 165, 130, 166, 1, -1, -0.7853981633974483, 1.4142135623730951
207, 3, 47, 282, 45, 282, 2, 0, 0.0, 2.0
207, 4, 15, 275, 14, 276, 1, -1, -0.7853981633974483, 1.4142135623730951
207, 5, 161, 72, 159, 73, 2, -1, -0.4636476090008061, 2.23606797749979
207, 6, 32, 187, 31, 188, 1, -1, -0.7853981633974483, 1.4142135623730951
207, 7, 115, 71, 113, 72, 2, -1, -0.4636476090008061, 2.23606797749979
207, 8, 161, 406, 159, 406, 2, 0, 0.0, 2.0
207, 10, 103, 129, 101, 130, 2, -1, -0.4636476090008061, 2.23606797749979
207, 11, 175, 325, 174, 324, 1, 1, 0.7853981633974483, 1.4142135623730951
207, 13, 87, 153, 85, 154, 2, -1, -0.4636476090008061, 2.23606797749979
207, 14, 89, 126, 88, 127, 1, -1, -0.7853981633974483, 1.4142135623730951
207, 15, 219, 344, 217, 344, 2, 0, 0.0, 2.0
207, 16, 154, 333, 151, 332, 3, 1, 0.3217505543966422, 3.1622776601683795
207, 17, 97, 180, 95, 182, 2, -2, -0.7853981633974483, 2.8284271247461903
207, 20, 52, 166, 51, 167, 1, -1, -0.7853981633974483, 1.4142135623730951
207, 21, 72, 152, 71, 153, 1, -1, -0.7853981633974483, 1.4142135623730951
207, 22, 142, 292, 140, 291, 2, 1, 0.4636476090008061, 2.23606797749979
207, 24, 98, 395, 95, 396, 3, -1, -0.3217505543966422, 3.1622776601683795
207, 25, 213, 155, 212, 156, 1, -1, -0.7853981633974483, 1.4142135623730951
207, 26, 185, 346, 184, 345, 1, 1, 0.7853981633974483, 1.4142135623730951
207, 27, 238, 364, 235, 365, 3, -1, -0.3217505543966422, 3.1622776601683795
207, 28, 40, 106, 39, 107, 1, -1, -0.7853981633974483, 1.4142135623730951
207, 31, 164, 159, 163, 160, 1, -1, -0.7853981633974483, 1.4142135623730951
207, 34, 19, 136, 18, 137, 1, -1, -0.7853981633974483, 1.4142135623730951
207, 35, 193, 388, 191, 388, 2, 0, 0.0, 2.0
207, 36, 95, 326, 94, 325, 1, 1, 0.7853981633974483, 1.4142135623730951
207, 37, 33, 303, 31, 303, 2, 0, 0.0, 2.0
207, 40, 123, 159, 122, 160, 1, -1, -0.7853981633974483, 1.4142135623730951
207, 41, 110, 390, 108, 388, 2, 2, 0.7853981633974483, 2.8284271247461903
207, 42, 101, 189, 99, 190, 2, -1, -0.4636476090008061, 2.23606797749979
207, 46, 22, 170, 20, 171, 2, -1, -0.4636476090008061, 2.23606797749979
207, 47, 163, 114, 161, 115, 2, -1, -0.4636476090008061, 2.23606797749979
207, 49, 15, 76, 14, 77, 1, -1, -0.7853981633974483, 1.4142135623730951
207, 50, 71, 392, 67, 392, 4, 0, 0.0, 4.0
207, 51, 19, 355, 17, 355, 2, 0, 0.0, 2.0
207, 52, 29, 192, 28, 193, 1, -1, -0.7853981633974483, 1.4142135623730951
207, 55, 9, 109, 8, 110, 1, -1, -0.7853981633974483, 1.4142135623730951
207, 57, 66, 191, 64, 192, 2, -1, -0.4636476090008061, 2.23606797749979
207, 58, 22, 301, 20, 301, 2, 0, 0.0, 2.0
207, 59, 162, 329, 161, 330, 1, -1, -0.7853981633974483, 1.4142135623730951
207, 60, 215, 340, 212, 339, 3, 1, 0.3217505543966422, 3.1622776601683795
207, 61, 216, 122, 214, 122, 2, 0, 0.0, 2.0
207, 62, 222, 337, 220, 338, 2, -1, -0.4636476090008061, 2.23606797749979
207, 63, 106, 150, 104, 151, 2, -1, -0.4636476090008061, 2.23606797749979
208, 0, 24, 184, 22, 185, 2, -1, -0.4636476090008061, 2.23606797749979
208, 1, 57, 131, 56, 132, 1, -1, -0.7853981633974483, 1.4142135623730951
208, 2, 132, 164, 131, 165, 1, -1, -0.7853981633974483, 1.4142135623730951
208, 4, 17, 275, 15, 275, 2, 0, 0.0, 2.0
208, 5, 163, 71, 161, 72, 2, -1, -0.4636476090008061, 2.23606797749979
208, 6, 33, 186, 32, 187, 1, -1, -0.7853981633974483, 1.4142135623730951
208, 7, 117, 70, 115, 71, 2, -1, -0.4636476090008061, 2.23606797749979
208, 8, 163, 406, 161, 406, 2, 0, 0.0, 2.0
208, 9, 56, 72, 55, 73, 1, -1, -0.7853981633974483, 1.4142135623730951
208, 10, 104, 128, 103, 129, 1, -1, -0.7853981633974483, 1.4142135623730951
208, 11, 177, 325, 175, 325, 2, 0, 0.0, 2.0
208, 13, 89, 152, 87, 153, 2, -1, -0.4636476090008061, 2.23606797749979
208, 14, 90, 125, 89, 126, 1, -1, -0.7853981633974483, 1.4142135623730951
208, 15, 221, 344, 219, 344, 2, 0, 0.0, 2.0
208, 16, 155, 334, 154, 333, 1, 1, 0.7853981633974483, 1.4142135623730951
208, 17, 99, 179, 97, 180, 2, -1, -0.4636476090008061, 2.23606797749979
208, 18, 11, 348, 10, 347, 1, 1, 0.7853981633974483, 1.4142135623730951
208, 21, 73, 151, 72, 152, 1, -1, -0.7853981633974483, 1.4142135623730951
208, 24, 100, 394, 98, 395, 2, -1, -0.4636476090008061, 2.23606797749979
208, 25, 215, 153, 213, 155, 2, -2, -0.7853981633974483, 2.8284271247461903
208, 26, 188, 346, 185, 346, 3, 0, 0.0, 3.0
208, 27, 240, 364, 238, 364, 2, 0, 0.0, 2.0
208, 28, 42, 105, 40, 106, 2, -1, -0.4636476090008061, 2.23606797749979
208, 29, 13, 358, 12, 359, 1, -1, -0.7853981633974483, 1.4142135623730951
208, 30, 68, 140, 66, 140, 2, 0, 0.0, 2.0
208, 31, 166, 158, 164, 159, 2, -1, -0.4636476090008061, 2.23606797749979
208, 32, 140, 341, 138, 341, 2, 0, 0.0, 2.0
208, 33, 137, 295, 135, 295, 2, 0, 0.0, 2.0
208, 35, 195, 388, 193, 388, 2, 0, 0.0, 2.0
208, 40, 124, 158, 123, 159, 1, -1, -0.7853981633974483, 1.4142135623730951
208, 43, 111, 313, 109, 313, 2, 0, 0.0, 2.0
208, 44, 157, 367, 159, 366, -2, 1, 2.677945044588987, 2.23606797749979
208, 46, 23, 168, 22, 170, 1, -2, -1.1071487177940904, 2.23606797749979
208, 47, 165, 113, 163, 114, 2, -1, -0.4636476090008061, 2.23606797749979
208, 49, 17, 75, 15, 76, 2, -1, -0.4636476090008061, 2.23606797749979
208, 50, 74, 392, 71, 392, 3, 0, 0.0, 3.0
208, 51, 21, 355, 19, 355, 2, 0, 0.0, 2.0
208, 52, 31, 191, 29, 192, 2, -1, -0.4636476090008061, 2.23606797749979
208, 54, 44, 346, 43, 347, 1, -1, -0.7853981633974483, 1.4142135623730951
208, 55, 11, 108, 9, 109, 2, -1, -0.4636476090008061, 2.23606797749979
208, 57, 67, 189, 66, 191, 1, -2, -1.1071487177940904, 2.23606797749979
208, 61, 218, 121, 216, 122, 2, -1, -0.4636476090008061, 2.23606797749979
208, 62, 108, 149, 106, 150, 2, -1, -0.4636476090008061, 2.23606797749979
209, 0, 26, 183, 24, 184, 2, -1, -0.4636476090008061, 2.23606797749979
209, 1, 58, 130, 57, 131, 1, -1, -0.7853981633974483, 1.4142135623730951
209, 2, 133, 163, 132, 164, 1, -1, -0.7853981633974483, 1.4142135623730951
209, 5, 165, 70, 163, 71, 2, -1, -0.4636476090008061, 2.23606797749979
209, 6, 34, 185, 33, 186, 1, -1, -0.7853981633974483, 1.4142135623730951
209, 7, 119, 69, 117, 70, 2, -1, -0.4636476090008061, 2.23606797749979
209, 8, 165, 406, 163, 406, 2, 0, 0.0, 2.0
209, 9, 57, 71, 56, 72, 1, -1, -0.7853981633974483, 1.4142135623730951
209, 10, 106, 128, 104, 128, 2, 0, 0.0, 2.0
209, 11, 178, 326, 177, 325, 1, 1, 0.7853981633974483, 1.4142135623730951
209, 13, 91, 151, 89, 152, 2, -1, -0.4636476090008061, 2.23606797749979
209, 15, 223, 343, 221, 344, 2, -1, -0.4636476090008061, 2.23606797749979
209, 16, 156, 335, 155, 334, 1, 1, 0.7853981633974483, 1.4142135623730951
209, 17, 101, 178, 99, 179, 2, -1, -0.4636476090008061, 2.23606797749979
209, 18, 14, 347, 11, 348, 3, -1, -0.3217505543966422, 3.1622776601683795
209, 19, 143, 171, 141, 171, 2, 0, 0.0, 2.0
209, 20, 55, 166, 53, 166, 2, 0, 0.0, 2.0
209, 22, 145, 293, 143, 292, 2, 1, 0.4636476090008061, 2.23606797749979
209, 24, 102, 393, 100, 394, 2, -1, -0.4636476090008061, 2.23606797749979
209, 25, 216, 151, 215, 153, 1, -2, -1.1071487177940904, 2.23606797749979
209, 26, 190, 345, 188, 346, 2, -1, -0.4636476090008061, 2.23606797749979
209, 27, 242, 363, 240, 364, 2, -1, -0.4636476090008061, 2.23606797749979
209, 28, 43, 104, 42, 105, 1, -1, -0.7853981633974483, 1.4142135623730951
209, 29, 14, 357, 13, 358, 1, -1, -0.7853981633974483, 1.4142135623730951
209, 31, 168, 157, 166, 158, 2, -1, -0.4636476090008061, 2.23606797749979
209, 34, 21, 135, 20, 136, 1, -1, -0.7853981633974483, 1.4142135623730951
209, 35, 197, 387, 195, 388, 2, -1, -0.4636476090008061, 2.23606797749979
209, 37, 36, 302, 34, 303, 2, -1, -0.4636476090008061, 2.23606797749979
209, 41, 114, 389, 111, 390, 3, -1, -0.3217505543966422, 3.1622776601683795
209, 42, 104, 188, 102, 189, 2, -1, -0.4636476090008061, 2.23606797749979
209, 43, 112, 314, 111, 313, 1, 1, 0.7853981633974483, 1.4142135623730951
209, 45, 82, 331, 81, 332, 1, -1, -0.7853981633974483, 1.4142135623730951
209, 47, 166, 112, 165, 113, 1, -1, -0.7853981633974483, 1.4142135623730951
209, 49, 18, 74, 17, 75, 1, -1, -0.7853981633974483, 1.4142135623730951
209, 50, 76, 392, 74, 392, 2, 0, 0.0, 2.0
209, 51, 24, 355, 21, 355, 3, 0, 0.0, 3.0
209, 54, 46, 345, 44, 346, 2, -1, -0.4636476090008061, 2.23606797749979
209, 55, 14, 107, 11, 108, 3, -1, -0.3217505543966422, 3.1622776601683795
209, 56, 79, 296, 78, 297, 1, -1, -0.7853981633974483, 1.4142135623730951
209, 57, 70, 188, 67, 189, 3, -1, -0.3217505543966422, 3.1622776601683795
209, 61, 221, 120, 218, 121, 3, -1, -0.3217505543966422, 3.1622776601683795
209, 62, 109, 148, 108, 149, 1, -1, -0.7853981633974483, 1.4142135623730951
210, 0, 26, 187, 24, 188, 2, -1, -0.4636476090008061, 2.23606797749979
210, 1, 44, 283, 42, 283, 2, 0, 0.0, 2.0
210, 2, 59, 134, 57, 135, 2, -1, -0.4636476090008061, 2.23606797749979
210, 3, 134, 166, 132, 167, 2, -1, -0.4636476090008061, 2.23606797749979
210, 4, 19, 275, 17, 275, 2, 0, 0.0, 2.0
210, 5, 164, 74, 162, 74, 2, 0, 0.0, 2.0
210, 7, 87, 158, 86, 159, 1, -1, -0.7853981633974483, 1.4142135623730951
210, 8, 143, 171, 141, 173, 2, -2, -0.7853981633974483, 2.8284271247461903
210, 9, 118, 72, 115, 73, 3, -1, -0.3217505543966422, 3.1622776601683795
210, 10, 38, 190, 37, 192, 1, -2, -1.1071487177940904, 2.23606797749979
210, 11, 104, 131, 103, 132, 1, -1, -0.7853981633974483, 1.4142135623730951
210, 12, 70, 139, 68, 140, 2, -1, -0.4636476090008061, 2.23606797749979
210, 13, 11, 399, 9, 399, 2, 0, 0.0, 2.0
210, 14, 75, 154, 74, 155, 1, -1, -0.7853981633974483, 1.4142135623730951
210, 15, 91, 127, 90, 128, 1, -1, -0.7853981633974483, 1.4142135623730951
210, 16, 70, 202, 69, 203, 1, -1, -0.7853981633974483, 1.4142135623730951
210, 17, 163, 406, 161, 406, 2, 0, 0.0, 2.0
210, 18, 171, 116, 169, 115, 2, 1, 0.4636476090008061, 2.23606797749979
210, 19, 43, 106, 42, 107, 1, -1, -0.7853981633974483, 1.4142135623730951
210, 20, 14, 348, 11, 349, 3, -1, -0.3217505543966422, 3.1622776601683795
210, 21, 194, 387, 193, 388, 1, -1, -0.7853981633974483, 1.4142135623730951
210, 22, 99, 396, 97, 396, 2, 0, 0.0, 2.0
210, 24, 55, 166, 53, 166, 2, 0, 0.0, 2.0
210, 25, 10, 358, 9, 359, 1, -1, -0.7853981633974483, 1.4142135623730951
210, 26, 240, 365, 238, 366, 2, -1, -0.4636476090008061, 2.23606797749979
210, 28, 10, 108, 8, 110, 2, -2, -0.7853981633974483, 2.8284271247461903
210, 32, 30, 143, 29, 144, 1, -1, -0.7853981633974483, 1.4142135623730951
210, 33, 22, 136, 20, 136, 2, 0, 0.0, 2.0
210, 34, 209, 155, 209, 157, 0, -2, -1.5707963267948966, 2.0
210, 37, 141, 343, 139, 343, 2, 0, 0.0, 2.0
210, 38, 122, 105, 120, 106, 2, -1, -0.4636476090008061, 2.23606797749979
210, 40, 118, 313, 116, 313, 2, 0, 0.0, 2.0
210, 42, 164, 139, 163, 140, 1, -1, -0.7853981633974483, 1.4142135623730951
210, 43, 22, 170, 21, 171, 1, -1, -0.7853981633974483, 1.4142135623730951
210, 45, 217, 339, 215, 340, 2, -1, -0.4636476090008061, 2.23606797749979
210, 47, 165, 161, 164, 162, 1, -1, -0.7853981633974483, 1.4142135623730951
210, 49, 225, 340, 223, 341, 2, -1, -0.4636476090008061, 2.23606797749979
210, 50, 64, 193, 63, 194, 1, -1, -0.7853981633974483, 1.4142135623730951
210, 51, 150, 295, 149, 294, 1, 1, 0.7853981633974483, 1.4142135623730951
210, 54, 191, 348, 190, 346, 1, 2, 1.1071487177940904, 2.23606797749979
210, 56, 105, 390, 103, 390, 2, 0, 0.0, 2.0
210, 58, 185, 137, 184, 138, 1, -1, -0.7853981633974483, 1.4142135623730951
210, 59, 35, 375, 34, 376, 1, -1, -0.7853981633974483, 1.4142135623730951
210, 60, 91, 110, 89, 110, 2, 0, 0.0, 2.0
210, 61, 59, 323, 57, 323, 2, 0, 0.0, 2.0
210, 63, 161, 366, 160, 368, 1, -2, -1.1071487177940904, 2.23606797749979
210, 64, 216, 347, 214, 347, 2, 0, 0.0, 2.0
211, 0, 28, 186, 26, 187, 2, -1, -0.4636476090008061, 2.23606797749979
211, 3, 136, 165, 134, 166, 2, -1, -0.4636476090008061, 2.23606797749979
211, 4, 21, 275, 19, 275, 2, 0, 0.0, 2.0
211, 5, 167, 74, 164, 74, 3, 0, 0.0, 3.0
211, 6, 59, 74, 58, 75, 1, -1, -0.7853981633974483, 1.4142135623730951
211, 7, 88, 157, 87, 158, 1, -1, -0.7853981633974483, 1.4142135623730951
211, 8, 145, 169, 143, 171, 2, -2, -0.7853981633974483, 2.8284271247461903
211, 9, 120, 72, 118, 72, 2, 0, 0.0, 2.0
211, 10, 39, 188, 38, 190, 1, -2, -1.1071487177940904, 2.23606797749979
211, 11, 105, 130, 104, 131, 1, -1, -0.7853981633974483, 1.4142135623730951
211, 12, 71, 138, 70, 139, 1, -1, -0.7853981633974483, 1.4142135623730951
211, 13, 12, 398, 11, 399, 1, -1, -0.7853981633974483, 1.4142135623730951
211, 14, 76, 153, 75, 154, 1, -1, -0.7853981633974483, 1.4142135623730951
211, 15, 93, 126, 91, 127, 2, -1, -0.4636476090008061, 2.23606797749979
211, 16, 72, 201, 70, 202, 2, -1, -0.4636476090008061, 2.23606797749979
211, 17, 165, 406, 163, 406, 2, 0, 0.0, 2.0
211, 18, 172, 114, 171, 116, 1, -2, -1.1071487177940904, 2.23606797749979
211, 19, 44, 105, 43, 106, 1, -1, -0.7853981633974483, 1.4142135623730951
211, 20, 17, 348, 14, 348, 3, 0, 0.0, 3.0
211, 22, 101, 396, 99, 396, 2, 0, 0.0, 2.0
211, 23, 25, 91, 23, 91, 2, 0, 0.0, 2.0
211, 24, 57, 165, 55, 166, 2, -1, -0.4636476090008061, 2.23606797749979
211, 26, 242, 364, 240, 365, 2, -1, -0.4636476090008061, 2.23606797749979
211, 27, 183, 349, 181, 350, 2, -1, -0.4636476090008061, 2.23606797749979
211, 28, 11, 106, 10, 108, 1, -2, -1.1071487177940904, 2.23606797749979
211, 29, 98, 182, 96, 183, 2, -1, -0.4636476090008061, 2.23606797749979
211, 31, 141, 295, 140, 294, 1, 1, 0.7853981633974483, 1.4142135623730951
211, 33, 23, 135, 22, 136, 1, -1, -0.7853981633974483, 1.4142135623730951
211, 34, 211, 152, 209, 155, 2, -3, -0.982793723247329, 3.605551275463989
211, 35, 135, 135, 134, 136, 1, -1, -0.7853981633974483, 1.4142135623730951
211, 38, 124, 104, 122, 105, 2, -1, -0.4636476090008061, 2.23606797749979
211, 39, 83, 332, 82, 333, 1, -1, -0.7853981633974483, 1.4142135623730951
211, 41, 34, 185, 33, 186, 1, -1, -0.7853981633974483, 1.4142135623730951
211, 42, 165, 138, 164, 139, 1, -1, -0.7853981633974483, 1.4142135623730951
211, 44, 168, 374, 167, 375, 1, -1, -0.7853981633974483, 1.4142135623730951
211, 45, 219, 339, 217, 339, 2, 0, 0.0, 2.0
211, 47, 167, 160, 165, 161, 2, -1, -0.4636476090008061, 2.23606797749979
211, 48, 127, 129, 125, 129, 2, 0, 0.0, 2.0
211, 49, 227, 340, 225, 340, 2, 0, 0.0, 2.0
211, 50, 65, 192, 64, 193, 1, -1, -0.7853981633974483, 1.4142135623730951
211, 54, 192, 349, 191, 348, 1, 1, 0.7853981633974483, 1.4142135623730951
211, 56, 107, 391, 105, 390, 2, 1, 0.4636476090008061, 2.23606797749979
211, 57, 17, 394, 16, 395, 1, -1, -0.7853981633974483, 1.4142135623730951
211, 58, 187, 136, 185, 137, 2, -1, -0.4636476090008061, 2.23606797749979
211, 59, 37, 374, 35, 375, 2, -1, -0.4636476090008061, 2.23606797749979
211, 60, 93, 110, 91, 110, 2, 0, 0.0, 2.0
211, 61, 60, 324, 59, 323, 1, 1, 0.7853981633974483, 1.4142135623730951
211, 63, 164, 364, 161, 366, 3, -2, -0.5880026035475675, 3.605551275463989
211, 64, 218, 347, 216, 347, 2, 0, 0.0, 2.0
212, 0, 29, 183, 28, 186, 1, -3, -1.2490457723982544, 3.1622776601683795
212, 1, 46, 284, 45, 283, 1, 1, 0.7853981633974483, 1.4142135623730951
212, 2, 62, 131, 60, 134, 2, -3, -0.982793723247329, 3.605551275463989
212, 3, 137, 162, 136, 165, 1, -3, -1.2490457723982544, 3.1622776601683795
212, 4, 23, 275, 21, 275, 2, 0, 0.0, 2.0
212, 5, 169, 74, 167, 74, 2, 0, 0.0, 2.0
212, 6, 60, 73, 59, 74, 1, -1, -0.7853981633974483, 1.4142135623730951
212, 7, 89, 156, 88, 157, 1, -1, -0.7853981633974483, 1.4142135623730951
212, 9, 122, 72, 120, 72, 2, 0, 0.0, 2.0
212, 11, 106, 129, 105, 130, 1, -1, -0.7853981633974483, 1.4142135623730951
212, 13, 13, 397, 12, 398, 1, -1, -0.7853981633974483, 1.4142135623730951
212, 14, 77, 152, 76, 153, 1, -1, -0.7853981633974483, 1.4142135623730951
212, 15, 94, 125, 93, 126, 1, -1, -0.7853981633974483, 1.4142135623730951
212, 16, 75, 200, 72, 201, 3, -1, -0.3217505543966422, 3.1622776601683795
212, 17, 168, 405, 165, 406, 3, -1, -0.3217505543966422, 3.1622776601683795
212, 18, 173, 113, 172, 114, 1, -1, -0.7853981633974483, 1.4142135623730951
212, 19, 46, 104, 44, 105, 2, -1, -0.4636476090008061, 2.23606797749979
212, 20, 20, 348, 17, 348, 3, 0, 0.0, 3.0
212, 21, 197, 387, 195, 387, 2, 0, 0.0, 2.0
212, 22, 103, 395, 101, 396, 2, -1, -0.4636476090008061, 2.23606797749979
212, 23, 28, 91, 25, 91, 3, 0, 0.0, 3.0
212, 24, 58, 164, 57, 165, 1, -1, -0.7853981633974483, 1.4142135623730951
212, 26, 244, 364, 242, 364, 2, 0, 0.0, 2.0
212, 27, 185, 349, 183, 349, 2, 0, 0.0, 2.0
212, 29, 100, 181, 98, 182, 2, -1, -0.4636476090008061, 2.23606797749979
212, 32, 31, 141, 30, 142, 1, -1, -0.7853981633974483, 1.4142135623730951
212, 33, 25, 134, 23, 135, 2, -1, -0.4636476090008061, 2.23606797749979
212, 34, 214, 150, 211, 152, 3, -2, -0.5880026035475675, 3.605551275463989
212, 35, 136, 134, 135, 135, 1, -1, -0.7853981633974483, 1.4142135623730951
212, 37, 144, 343, 142, 343, 2, 0, 0.0, 2.0
212, 38, 126, 103, 124, 104, 2, -1, -0.4636476090008061, 2.23606797749979
212, 40, 121, 314, 119, 313, 2, 1, 0.4636476090008061, 2.23606797749979
212, 41, 35, 184, 34, 185, 1, -1, -0.7853981633974483, 1.4142135623730951
212, 42, 166, 137, 165, 138, 1, -1, -0.7853981633974483, 1.4142135623730951
212, 43, 170, 373, 168, 374, 2, -1, -0.4636476090008061, 2.23606797749979
212, 44, 221, 339, 219, 339, 2, 0, 0.0, 2.0
212, 46, 168, 159, 167, 160, 1, -1, -0.7853981633974483, 1.4142135623730951
212, 47, 128, 128, 127, 129, 1, -1, -0.7853981633974483, 1.4142135623730951
212, 48, 230, 340, 227, 340, 3, 0, 0.0, 3.0
212, 49, 67, 191, 65, 192, 2, -1, -0.4636476090008061, 2.23606797749979
212, 51, 54, 283, 53, 282, 1, 1, 0.7853981633974483, 1.4142135623730951
212, 53, 194, 349, 192, 349, 2, 0, 0.0, 2.0
212, 54, 86, 325, 85, 326, 1, -1, -0.7853981633974483, 1.4142135623730951
212, 55, 109, 390, 107, 391, 2, -1, -0.4636476090008061, 2.23606797749979
212, 56, 18, 393, 17, 394, 1, -1, -0.7853981633974483, 1.4142135623730951
212, 57, 188, 135, 187, 136, 1, -1, -0.7853981633974483, 1.4142135623730951
212, 59, 94, 109, 93, 110, 1, -1, -0.7853981633974483, 1.4142135623730951
212, 61, 169, 363, 164, 364, 5, -1, -0.19739555984988075, 5.0990195135927845
212, 62, 220, 347, 218, 347, 2, 0, 0.0, 2.0
213, 0, 31, 182, 29, 183, 2, -1, -0.4636476090008061, 2.23606797749979
213, 1, 48, 284, 46, 284, 2, 0, 0.0, 2.0
213, 2, 63, 130, 62, 131, 1, -1, -0.7853981633974483, 1.4142135623730951
213, 3, 139, 161, 137, 162, 2, -1, -0.4636476090008061, 2.23606797749979
213, 4, 24, 274, 23, 275, 1, -1, -0.7853981633974483, 1.4142135623730951
213, 5, 171, 74, 169, 74, 2, 0, 0.0, 2.0
213, 7, 90, 155, 89, 156, 1, -1, -0.7853981633974483, 1.4142135623730951
213, 8, 147, 166, 145, 168, 2, -2, -0.7853981633974483, 2.8284271247461903
213, 10, 42, 187, 40, 188, 2, -1, -0.4636476090008061, 2.23606797749979
213, 11, 107, 128, 106, 129, 1, -1, -0.7853981633974483, 1.4142135623730951
213, 12, 72, 135, 71, 137, 1, -2, -1.1071487177940904, 2.23606797749979
213, 13, 14, 396, 13, 397, 1, -1, -0.7853981633974483, 1.4142135623730951
213, 14, 78, 151, 77, 152, 1, -1, -0.7853981633974483, 1.4142135623730951
213, 15, 95, 124, 94, 125, 1, -1, -0.7853981633974483, 1.4142135623730951
213, 16, 80, 198, 75, 200, 5, -2, -0.3805063771123649, 5.385164807134504
213, 17, 170, 404, 168, 405, 2, -1, -0.4636476090008061, 2.23606797749979
213, 18, 175, 112, 173, 113, 2, -1, -0.4636476090008061, 2.23606797749979
213, 19, 47, 103, 46, 104, 1, -1, -0.7853981633974483, 1.4142135623730951
213, 20, 23, 347, 20, 348, 3, -1, -0.3217505543966422, 3.1622776601683795
213, 21, 199, 387, 197, 387, 2, 0, 0.0, 2.0
213, 23, 32, 91, 28, 91, 4, 0, 0.0, 4.0
213, 24, 59, 163, 58, 164, 1, -1, -0.7853981633974483, 1.4142135623730951
213, 26, 247, 363, 244, 364, 3, -1, -0.3217505543966422, 3.1622776601683795
213, 27, 187, 348, 185, 349, 2, -1, -0.4636476090008061, 2.23606797749979
213, 28, 14, 106, 12, 106, 2, 0, 0.0, 2.0
213, 29, 102, 180, 100, 181, 2, -1, -0.4636476090008061, 2.23606797749979
213, 31, 144, 295, 142, 295, 2, 0, 0.0, 2.0
213, 32, 32, 139, 31, 141, 1, -2, -1.1071487177940904, 2.23606797749979
213, 33, 26, 133, 25, 134, 1, -1, -0.7853981633974483, 1.4142135623730951
213, 34, 216, 149, 214, 150, 2, -1, -0.4636476090008061, 2.23606797749979
213, 35, 138, 134, 136, 134, 2, 0, 0.0, 2.0
213, 36, 165, 324, 163, 324, 2, 0, 0.0, 2.0
213, 37, 147, 342, 144, 343, 3, -1, -0.3217505543966422, 3.1622776601683795
213, 38, 128, 102, 126, 103, 2, -1, -0.4636476090008061, 2.23606797749979
213, 39, 86, 332, 84, 332, 2, 0, 0.0, 2.0
213, 40, 123, 314, 121, 314, 2, 0, 0.0, 2.0
213, 41, 36, 182, 35, 184, 1, -2, -1.1071487177940904, 2.23606797749979
213, 42, 168, 136, 166, 137, 2, -1, -0.4636476090008061, 2.23606797749979
213, 44, 223, 339, 221, 339, 2, 0, 0.0, 2.0
213, 46, 169, 158, 168, 159, 1, -1, -0.7853981633974483, 1.4142135623730951
213, 48, 69, 189, 67, 191, 2, -2, -0.7853981633974483, 2.8284271247461903
213, 50, 56, 283, 54, 283, 2, 0, 0.0, 2.0
213, 51, 108, 350, 107, 349, 1, 1, 0.7853981633974483, 1.4142135623730951
213, 52, 195, 348, 194, 349, 1, -1, -0.7853981633974483, 1.4142135623730951
213, 53, 88, 325, 86, 325, 2, 0, 0.0, 2.0
213, 54, 111, 389, 109, 390, 2, -1, -0.4636476090008061, 2.23606797749979
213, 55, 19, 392, 18, 393, 1, -1, -0.7853981633974483, 1.4142135623730951
213, 56, 189, 134, 188, 135, 1, -1, -0.7853981633974483, 1.4142135623730951
213, 57, 39, 373, 38, 374, 1, -1, -0.7853981633974483, 1.4142135623730951
213, 58, 95, 107, 94, 109, 1, -2, -1.1071487177940904, 2.23606797749979
213, 60, 177, 362, 169, 363, 8, -1, -0.12435499454676144, 8.06225774829855
213, 61, 222, 347, 220, 347, 2, 0, 0.0, 2.0
214, 1, 50, 284, 48, 284, 2, 0, 0.0, 2.0
214, 2, 64, 129, 63, 130, 1, -1, -0.7853981633974483, 1.4142135623730951
214, 3, 141, 160, 139, 161, 2, -1, -0.4636476090008061, 2.23606797749979
214, 7, 91, 154, 90, 155, 1, -1, -0.7853981633974483, 1.4142135623730951
214, 8, 148, 164, 147, 166, 1, -2, -1.1071487177940904, 2.23606797749979
214, 11, 109, 127, 107, 128, 2, -1, -0.4636476090008061, 2.23606797749979
214, 13, 15, 395, 14, 396, 1, -1, -0.7853981633974483, 1.4142135623730951
214, 14, 79, 150, 78, 151, 1, -1, -0.7853981633974483, 1.4142135623730951
214, 15, 96, 123, 95, 124, 1, -1, -0.7853981633974483, 1.4142135623730951
214, 16, 82, 197, 80, 198, 2, -1, -0.4636476090008061, 2.23606797749979
214, 17, 172, 403, 170, 404, 2, -1, -0.4636476090008061, 2.23606797749979
214, 20, 24, 346, 23, 347, 1, -1, -0.7853981633974483, 1.4142135623730951
214, 21, 201, 386, 199, 387, 2, -1, -0.4636476090008061, 2.23606797749979
214, 22, 106, 395, 104, 395, 2, 0, 0.0, 2.0
214, 23, 35, 90, 32, 91, 3, -1, -0.3217505543966422, 3.1622776601683795
214, 24, 61, 162, 59, 163, 2, -1, -0.4636476090008061, 2.23606797749979
214, 26, 249, 362, 247, 363, 2, -1, -0.4636476090008061, 2.23606797749979
214, 27, 189, 348, 187, 348, 2, 0, 0.0, 2.0
214, 29, 103, 179, 102, 180, 1, -1, -0.7853981633974483, 1.4142135623730951
214, 30, 27, 302, 24, 302, 3, 0, 0.0, 3.0
214, 31, 146, 296, 144, 295, 2, 1, 0.4636476090008061, 2.23606797749979
214, 32, 34, 138, 32, 139, 2, -1, -0.4636476090008061, 2.23606797749979
214, 33, 28, 132, 26, 133, 2, -1, -0.4636476090008061, 2.23606797749979
214, 34, 217, 147, 216, 149, 1, -2, -1.1071487177940904, 2.23606797749979
214, 36, 167, 326, 165, 324, 2, 2, 0.7853981633974483, 2.8284271247461903
214, 37, 149, 342, 147, 342, 2, 0, 0.0, 2.0
214, 38, 130, 101, 128, 102, 2, -1, -0.4636476090008061, 2.23606797749979
214, 39, 88, 332, 86, 332, 2, 0, 0.0, 2.0
214, 40, 125, 314, 123, 314, 2, 0, 0.0, 2.0
214, 42, 168, 134, 168, 136, 0, -2, -1.5707963267948966, 2.0
214, 43, 171, 371, 171, 373, 0, -2, -1.5707963267948966, 2.0
214, 44, 225, 338, 223, 339, 2, -1, -0.4636476090008061, 2.23606797749979
214, 45, 35, 298, 36, 300, -1, -2, -2.0344439357957027, 2.23606797749979
214, 46, 170, 157, 169, 158, 1, -1, -0.7853981633974483, 1.4142135623730951
214, 48, 70, 188, 69, 189, 1, -1, -0.7853981633974483, 1.4142135623730951
214, 53, 90, 325, 88, 325, 2, 0, 0.0, 2.0
214, 54, 114, 389, 111, 389, 3, 0, 0.0, 3.0
214, 55, 23, 392, 19, 392, 4, 0, 0.0, 4.0
214, 56, 190, 133, 189, 134, 1, -1, -0.7853981633974483, 1.4142135623730951
214, 60, 180, 359, 177, 362, 3, -3, -0.7853981633974483, 4.242640687119285
215, 1, 30, 185, 29, 186, 1, -1, -0.7853981633974483, 1.4142135623730951
215, 2, 109, 126, 108, 127, 1, -1, -0.7853981633974483, 1.4142135623730951
215, 3, 63, 132, 62, 133, 1, -1, -0.7853981633974483, 1.4142135623730951
215, 4, 139, 164, 138, 165, 1, -1, -0.7853981633974483, 1.4142135623730951
215, 6, 16, 401, 14, 401, 2, 0, 0.0, 2.0
215, 7, 23, 279, 21, 279, 2, 0, 0.0, 2.0
215, 8, 169, 73, 168, 74, 1, -1, -0.7853981633974483, 1.4142135623730951
215, 9, 24, 272, 25, 271, -1, 1, 2.356194490192345, 1.4142135623730951
215, 10, 122, 72, 121, 73, 1, -1, -0.7853981633974483, 1.4142135623730951
215, 11, 63, 73, 61, 73, 2, 0, 0.0, 2.0
215, 12, 80, 152, 79, 153, 1, -1, -0.7853981633974483, 1.4142135623730951
215, 14, 168, 406, 166, 407, 2, -1, -0.4636476090008061, 2.23606797749979
215, 16, 48, 105, 46, 106, 2, -1, -0.4636476090008061, 2.23606797749979
215, 18, 97, 127, 95, 128, 2, -1, -0.4636476090008061, 2.23606797749979
215, 19, 14, 359, 13, 360, 1, -1, -0.7853981633974483, 1.4142135623730951
215, 20, 148, 297, 148, 295, 0, 2, 1.5707963267948966, 2.0
215, 21, 24, 395, 22, 395, 2, 0, 0.0, 2.0
215, 22, 26, 134, 25, 135, 1, -1, -0.7853981633974483, 1.4142135623730951
215, 23, 143, 300, 142, 299, 1, 1, 0.7853981633974483, 1.4142135623730951
215, 25, 61, 164, 59, 165, 2, -1, -0.4636476090008061, 2.23606797749979
215, 26, 102, 181, 101, 182, 1, -1, -0.7853981633974483, 1.4142135623730951
215, 27, 223, 146, 221, 147, 2, -1, -0.4636476090008061, 2.23606797749979
215, 29, 179, 366, 175, 365, 4, 1, 0.24497866312686414, 4.123105625617661
215, 30, 72, 81, 71, 82, 1, -1, -0.7853981633974483, 1.4142135623730951
215, 31, 16, 109, 14, 109, 2, 0, 0.0, 2.0
215, 32, 247, 365, 245, 365, 2, 0, 0.0, 2.0
215, 36, 167, 117, 165, 116, 2, 1, 0.4636476090008061, 2.23606797749979
215, 37, 149, 169, 148, 171, 1, -2, -1.1071487177940904, 2.23606797749979
215, 39, 78, 200, 76, 201, 2, -1, -0.4636476090008061, 2.23606797749979
215, 40, 221, 339, 219, 340, 2, -1, -0.4636476090008061, 2.23606797749979
215, 41, 202, 388, 200, 389, 2, -1, -0.4636476090008061, 2.23606797749979
215, 43, 193, 349, 192, 347, 1, 2, 1.1071487177940904, 2.23606797749979
215, 44, 130, 129, 129, 130, 1, -1, -0.7853981633974483, 1.4142135623730951
215, 45, 171, 158, 169, 159, 2, -1, -0.4636476090008061, 2.23606797749979
215, 46, 85, 101, 83, 102, 2, -1, -0.4636476090008061, 2.23606797749979
215, 47, 100, 135, 99, 136, 1, -1, -0.7853981633974483, 1.4142135623730951
215, 50, 33, 353, 32, 352, 1, 1, 0.7853981633974483, 1.4142135623730951
215, 53, 82, 161, 81, 162, 1, -1, -0.7853981633974483, 1.4142135623730951
215, 54, 77, 139, 76, 141, 1, -2, -1.1071487177940904, 2.23606797749979
215, 56, 171, 326, 168, 326, 3, 0, 0.0, 3.0
215, 57, 111, 151, 110, 152, 1, -1, -0.7853981633974483, 1.4142135623730951
215, 58, 66, 317, 65, 318, 1, -1, -0.7853981633974483, 1.4142135623730951
215, 60, 110, 348, 109, 349, 1, -1, -0.7853981633974483, 1.4142135623730951
215, 61, 25, 80, 24, 81, 1, -1, -0.7853981633974483, 1.4142135623730951
215, 62, 167, 398, 165, 398, 2, 0, 0.0, 2.0
215, 63, 50, 346, 49, 347, 1, -1, -0.7853981633974483, 1.4142135623730951
215, 64, 7, 208, 5, 209, 2, -1, -0.4636476090008061, 2.23606797749979
215, 65, 114, 391, 113, 390, 1, 1, 0.7853981633974483, 1.4142135623730951
216, 1, 31, 184, 30, 185, 1, -1, -0.7853981633974483, 1.4142135623730951
216, 3, 64, 131, 63, 132, 1, -1, -0.7853981633974483, 1.4142135623730951
216, 4, 141, 163, 139, 164, 2, -1, -0.4636476090008061, 2.23606797749979
216, 5, 50, 285, 48, 285, 2, 0, 0.0, 2.0
216, 7, 25, 278, 23, 279, 2, -1, -0.4636476090008061, 2.23606797749979
216, 8, 170, 72, 169, 73, 1, -1, -0.7853981633974483, 1.4142135623730951
216, 9, 25, 271, 24, 272, 1, -1, -0.7853981633974483, 1.4142135623730951
216, 10, 123, 71, 122, 72, 1, -1, -0.7853981633974483, 1.4142135623730951
216, 12, 81, 151, 80, 152, 1, -1, -0.7853981633974483, 1.4142135623730951
216, 14, 170, 405, 168, 406, 2, -1, -0.4636476090008061, 2.23606797749979
216, 16, 49, 104, 48, 105, 1, -1, -0.7853981633974483, 1.4142135623730951
216, 18, 98, 126, 97, 127, 1, -1, -0.7853981633974483, 1.4142135623730951
216, 19, 16, 359, 14, 359, 2, 0, 0.0, 2.0
216, 22, 27, 133, 26, 134, 1, -1, -0.7853981633974483, 1.4142135623730951
216, 23, 145, 300, 143, 300, 2, 0, 0.0, 2.0
216, 24, 173, 377, 171, 377, 2, 0, 0.0, 2.0
216, 26, 103, 180, 102, 181, 1, -1, -0.7853981633974483, 1.4142135623730951
216, 27, 224, 145, 223, 146, 1, -1, -0.7853981633974483, 1.4142135623730951
216, 28, 111, 396, 108, 396, 3, 0, 0.0, 3.0
216, 29, 180, 368, 179, 366, 1, 2, 1.1071487177940904, 2.23606797749979
216, 30, 74, 80, 72, 81, 2, -1, -0.4636476090008061, 2.23606797749979
216, 31, 18, 109, 16, 109, 2, 0, 0.0, 2.0
216, 32, 249, 364, 247, 365, 2, -1, -0.4636476090008061, 2.23606797749979
216, 35, 138, 376, 136, 377, 2, -1, -0.4636476090008061, 2.23606797749979
216, 36, 169, 117, 167, 117, 2, 0, 0.0, 2.0
216, 37, 151, 167, 149, 169, 2, -2, -0.7853981633974483, 2.8284271247461903
216, 39, 81, 198, 78, 200, 3, -2, -0.5880026035475675, 3.605551275463989
216, 40, 223, 339, 221, 339, 2, 0, 0.0, 2.0
216, 41, 204, 387, 202, 388, 2, -1, -0.4636476090008061, 2.23606797749979
216, 42, 195, 353, 193, 354, 2, -1, -0.4636476090008061, 2.23606797749979
216, 43, 195, 350, 193, 349, 2, 1, 0.4636476090008061, 2.23606797749979
216, 44, 131, 128, 130, 129, 1, -1, -0.7853981633974483, 1.4142135623730951
216, 45, 173, 157, 171, 158, 2, -1, -0.4636476090008061, 2.23606797749979
216, 46, 86, 100, 85, 101, 1, -1, -0.7853981633974483, 1.4142135623730951
216, 51, 27, 331, 26, 332, 1, -1, -0.7853981633974483, 1.4142135623730951
216, 52, 83, 160, 82, 161, 1, -1, -0.7853981633974483, 1.4142135623730951
216, 53, 79, 137, 77, 139, 2, -2, -0.7853981633974483, 2.8284271247461903
216, 54, 173, 327, 171, 326, 2, 1, 0.4636476090008061, 2.23606797749979
216, 55, 112, 150, 111, 151, 1, -1, -0.7853981633974483, 1.4142135623730951
216, 56, 67, 316, 66, 317, 1, -1, -0.7853981633974483, 1.4142135623730951
216, 58, 111, 347, 110, 348, 1, -1, -0.7853981633974483, 1.4142135623730951
216, 60, 170, 398, 167, 398, 3, 0, 0.0, 3.0
216, 62, 9, 206, 7, 208, 2, -2, -0.7853981633974483, 2.8284271247461903
216, 63, 116, 394, 114, 391, 2, 3, 0.982793723247329, 3.605551275463989
217, 0, 94, 153, 93, 154, 1, -1, -0.7853981633974483, 1.4142135623730951
217, 1, 33, 183, 31, 184, 2, -1, -0.4636476090008061, 2.23606797749979
217, 2, 111, 125, 110, 126, 1, -1, -0.7853981633974483, 1.4142135623730951
217, 4, 143, 162, 141, 163, 2, -1, -0.4636476090008061, 2.23606797749979
217, 7, 27, 277, 25, 278, 2, -1, -0.4636476090008061, 2.23606797749979
217, 8, 172, 72, 170, 72, 2, 0, 0.0, 2.0
217, 9, 27, 272, 25, 271, 2, 1, 0.4636476090008061, 2.23606797749979
217, 11, 65, 72, 64, 73, 1, -1, -0.7853981633974483, 1.4142135623730951
217, 12, 82, 150, 81, 151, 1, -1, -0.7853981633974483, 1.4142135623730951
217, 13, 118, 318, 116, 318, 2, 0, 0.0, 2.0
217, 14, 172, 404, 170, 405, 2, -1, -0.4636476090008061, 2.23606797749979
217, 16, 51, 103, 49, 104, 2, -1, -0.4636476090008061, 2.23606797749979
217, 18, 99, 125, 98, 126, 1, -1, -0.7853981633974483, 1.4142135623730951
217, 19, 18, 359, 16, 359, 2, 0, 0.0, 2.0
217, 20, 150, 299, 148, 298, 2, 1, 0.4636476090008061, 2.23606797749979
217, 21, 27, 395, 25, 395, 2, 0, 0.0, 2.0
217, 22, 29, 132, 27, 133, 2, -1, -0.4636476090008061, 2.23606797749979
217, 23, 146, 301, 145, 300, 1, 1, 0.7853981633974483, 1.4142135623730951
217, 24, 175, 377, 173, 377, 2, 0, 0.0, 2.0
217, 25, 63, 163, 62, 164, 1, -1, -0.7853981633974483, 1.4142135623730951
217, 26, 105, 179, 103, 180, 2, -1, -0.4636476090008061, 2.23606797749979
217, 28, 113, 395, 111, 396, 2, -1, -0.4636476090008061, 2.23606797749979
217, 29, 183, 369, 180, 368, 3, 1, 0.3217505543966422, 3.1622776601683795
217, 31, 20, 108, 18, 109, 2, -1, -0.4636476090008061, 2.23606797749979
217, 32, 251, 364, 249, 364, 2, 0, 0.0, 2.0
217, 35, 140, 376, 138, 376, 2, 0, 0.0, 2.0
217, 36, 172, 117, 169, 117, 3, 0, 0.0, 3.0
217, 37, 153, 166, 151, 167, 2, -1, -0.4636476090008061, 2.23606797749979
217, 39, 84, 195, 81, 198, 3, -3, -0.7853981633974483, 4.242640687119285
217, 40, 224, 340, 223, 339, 1, 1, 0.7853981633974483, 1.4142135623730951
217, 41, 205, 386, 204, 387, 1, -1, -0.7853981633974483, 1.4142135623730951
217, 42, 197, 352, 195, 353, 2, -1, -0.4636476090008061, 2.23606797749979
217, 43, 197, 350, 195, 350, 2, 0, 0.0, 2.0
217, 44, 132, 127, 131, 128, 1, -1, -0.7853981633974483, 1.4142135623730951
217, 46, 88, 98, 86, 100, 2, -2, -0.7853981633974483, 2.8284271247461903
217, 47, 103, 134, 101, 135, 2, -1, -0.4636476090008061, 2.23606797749979
217, 49, 178, 112, 177, 111, 1, 1, 0.7853981633974483, 1.4142135623730951
217, 52, 84, 159, 83, 160, 1, -1, -0.7853981633974483, 1.4142135623730951
217, 53, 80, 136, 79, 137, 1, -1, -0.7853981633974483, 1.4142135623730951
217, 58, 113, 346, 111, 347, 2, -1, -0.4636476090008061, 2.23606797749979
217, 59, 26, 78, 25, 79, 1, -1, -0.7853981633974483, 1.4142135623730951
217, 60, 172, 397, 170, 398, 2, -1, -0.4636476090008061, 2.23606797749979
217, 61, 53, 345, 51, 346, 2, -1, -0.4636476090008061, 2.23606797749979
217, 62, 10, 204, 9, 206, 1, -2, -1.1071487177940904, 2.23606797749979
217, 63, 118, 394, 116, 394, 2, 0, 0.0, 2.0
218, 1, 34, 182, 33, 183, 1, -1, -0.7853981633974483, 1.4142135623730951
218, 4, 144, 161, 143, 162, 1, -1, -0.7853981633974483, 1.4142135623730951
218, 6, 20, 400, 18, 401, 2, -1, -0.4636476090008061, 2.23606797749979
218, 7, 29, 277, 27, 277, 2, 0, 0.0, 2.0
218, 8, 174, 72, 172, 72, 2, 0, 0.0, 2.0
218, 10, 126, 71, 124, 71, 2, 0, 0.0, 2.0
218, 11, 67, 71, 65, 72, 2, -1, -0.4636476090008061, 2.23606797749979
218, 12, 84, 149, 82, 150, 2, -1, -0.4636476090008061, 2.23606797749979
218, 14, 175, 403, 172, 404, 3, -1, -0.3217505543966422, 3.1622776601683795
218, 15, 220, 154, 217, 154, 3, 0, 0.0, 3.0
218, 16, 52, 101, 51, 103, 1, -2, -1.1071487177940904, 2.23606797749979
218, 18, 101, 124, 99, 125, 2, -1, -0.4636476090008061, 2.23606797749979
218, 20, 151, 300, 150, 299, 1, 1, 0.7853981633974483, 1.4142135623730951
218, 21, 28, 394, 27, 395, 1, -1, -0.7853981633974483, 1.4142135623730951
218, 22, 30, 131, 29, 132, 1, -1, -0.7853981633974483, 1.4142135623730951
218, 23, 148, 301, 146, 301, 2, 0, 0.0, 2.0
218, 24, 177, 376, 175, 377, 2, -1, -0.4636476090008061, 2.23606797749979
218, 26, 106, 178, 105, 179, 1, -1, -0.7853981633974483, 1.4142135623730951
218, 27, 226, 144, 224, 145, 2, -1, -0.4636476090008061, 2.23606797749979
218, 28, 115, 395, 113, 395, 2, 0, 0.0, 2.0
218, 29, 182, 371, 183, 369, -1, 2, 2.0344439357957027, 2.23606797749979
218, 30, 76, 79, 75, 80, 1, -1, -0.7853981633974483, 1.4142135623730951
218, 31, 22, 108, 20, 108, 2, 0, 0.0, 2.0
218, 35, 142, 375, 140, 376, 2, -1, -0.4636476090008061, 2.23606797749979
218, 36, 173, 116, 172, 117, 1, -1, -0.7853981633974483, 1.4142135623730951
218, 37, 154, 164, 153, 166, 1, -2, -1.1071487177940904, 2.23606797749979
218, 38, 90, 332, 89, 333, 1, -1, -0.7853981633974483, 1.4142135623730951
218, 39, 87, 196, 84, 195, 3, 1, 0.3217505543966422, 3.1622776601683795
218, 40, 226, 339, 224, 340, 2, -1, -0.4636476090008061, 2.23606797749979
218, 41, 206, 385, 205, 386, 1, -1, -0.7853981633974483, 1.4142135623730951
218, 43, 198, 351, 197, 350, 1, 1, 0.7853981633974483, 1.4142135623730951
218, 44, 133, 126, 132, 127, 1, -1, -0.7853981633974483, 1.4142135623730951
218, 45, 174, 155, 173, 156, 1, -1, -0.7853981633974483, 1.4142135623730951
218, 46, 90, 97, 88, 98, 2, -1, -0.4636476090008061, 2.23606797749979
218, 47, 104, 133, 103, 134, 1, -1, -0.7853981633974483, 1.4142135623730951
218, 49, 179, 113, 178, 112, 1, 1, 0.7853981633974483, 1.4142135623730951
218, 52, 85, 158, 84, 159, 1, -1, -0.7853981633974483, 1.4142135623730951
218, 53, 81, 135, 80, 136, 1, -1, -0.7853981633974483, 1.4142135623730951
218, 54, 175, 326, 174, 327, 1, -1, -0.7853981633974483, 1.4142135623730951
218, 55, 114, 149, 113, 150, 1, -1, -0.7853981633974483, 1.4142135623730951
218, 56, 70, 317, 68, 316, 2, 1, 0.4636476090008061, 2.23606797749979
218, 58, 115, 346, 113, 346, 2, 0, 0.0, 2.0
218, 59, 27, 77, 26, 78, 1, -1, -0.7853981633974483, 1.4142135623730951
218, 60, 175, 397, 172, 397, 3, 0, 0.0, 3.0
218, 61, 55, 345, 53, 345, 2, 0, 0.0, 2.0
218, 63, 119, 395, 118, 394, 1, 1, 0.7853981633974483, 1.4142135623730951
219, 0, 96, 152, 95, 153, 1, -1, -0.7853981633974483, 1.4142135623730951
219, 1, 36, 182, 34, 182, 2, 0, 0.0, 2.0
219, 3, 67, 130, 66, 131, 1, -1, -0.7853981633974483, 1.4142135623730951
219, 4, 145, 160, 144, 161, 1, -1, -0.7853981633974483, 1.4142135623730951
219, 6, 22, 400, 20, 400, 2, 0, 0.0, 2.0
219, 8, 177, 72, 174, 72, 3, 0, 0.0, 3.0
219, 9, 30, 273, 28, 272, 2, 1, 0.4636476090008061, 2.23606797749979
219, 10, 128, 71, 126, 71, 2, 0, 0.0, 2.0
219, 11, 69, 71, 67, 71, 2, 0, 0.0, 2.0
219, 12, 85, 148, 84, 149, 1, -1, -0.7853981633974483, 1.4142135623730951
219, 14, 176, 402, 175, 403, 1, -1, -0.7853981633974483, 1.4142135623730951
219, 15, 224, 154, 220, 154, 4, 0, 0.0, 4.0
219, 16, 54, 101, 52, 101, 2, 0, 0.0, 2.0
219, 17, 32, 303, 30, 303, 2, 0, 0.0, 2.0
219, 18, 103, 123, 101, 124, 2, -1, -0.4636476090008061, 2.23606797749979
219, 19, 21, 359, 19, 359, 2, 0, 0.0, 2.0
219, 20, 153, 300, 151, 300, 2, 0, 0.0, 2.0
219, 23, 150, 302, 148, 301, 2, 1, 0.4636476090008061, 2.23606797749979
219, 24, 180, 375, 177, 376, 3, -1, -0.3217505543966422, 3.1622776601683795
219, 26, 107, 177, 106, 178, 1, -1, -0.7853981633974483, 1.4142135623730951
219, 28, 117, 395, 115, 395, 2, 0, 0.0, 2.0
219, 29, 185, 370, 182, 371, 3, -1, -0.3217505543966422, 3.1622776601683795
219, 31, 24, 107, 22, 108, 2, -1, -0.4636476090008061, 2.23606797749979
219, 32, 254, 364, 252, 364, 2, 0, 0.0, 2.0
219, 35, 143, 374, 142, 375, 1, -1, -0.7853981633974483, 1.4142135623730951
219, 36, 174, 114, 173, 116, 1, -2, -1.1071487177940904, 2.23606797749979
219, 37, 155, 163, 154, 164, 1, -1, -0.7853981633974483, 1.4142135623730951
219, 39, 92, 194, 87, 196, 5, -2, -0.3805063771123649, 5.385164807134504
219, 41, 208, 385, 206, 385, 2, 0, 0.0, 2.0
219, 44, 135, 125, 133, 126, 2, -1, -0.4636476090008061, 2.23606797749979
219, 45, 175, 154, 174, 155, 1, -1, -0.7853981633974483, 1.4142135623730951
219, 46, 92, 95, 90, 97, 2, -2, -0.7853981633974483, 2.8284271247461903
219, 47, 105, 132, 104, 133, 1, -1, -0.7853981633974483, 1.4142135623730951
219, 49, 180, 114, 179, 113, 1, 1, 0.7853981633974483, 1.4142135623730951
219, 50, 35, 354, 36, 353, -1, 1, 2.356194490192345, 1.4142135623730951
219, 51, 30, 330, 29, 331, 1, -1, -0.7853981633974483, 1.4142135623730951
219, 52, 86, 157, 85, 158, 1, -1, -0.7853981633974483, 1.4142135623730951
219, 53, 82, 134, 81, 135, 1, -1, -0.7853981633974483, 1.4142135623730951
219, 56, 71, 316, 70, 317, 1, -1, -0.7853981633974483, 1.4142135623730951
219, 58, 117, 346, 115, 346, 2, 0, 0.0, 2.0
219, 59, 29, 76, 27, 77, 2, -1, -0.4636476090008061, 2.23606797749979
219, 60, 178, 396, 175, 397, 3, -1, -0.3217505543966422, 3.1622776601683795
219, 61, 57, 345, 55, 345, 2, 0, 0.0, 2.0
219, 63, 121, 395, 119, 395, 2, 0, 0.0, 2.0
220, 0, 96, 153, 95, 154, 1, -1, -0.7853981633974483, 1.4142135623730951
220, 1, 35, 184, 34, 185, 1, -1, -0.7853981633974483, 1.4142135623730951
220, 2, 144, 163, 143, 164, 1, -1, -0.7853981633974483, 1.4142135623730951
220, 3, 54, 287, 52, 287, 2, 0, 0.0, 2.0
220, 4, 67, 131, 66, 132, 1, -1, -0.7853981633974483, 1.4142135623730951
220, 5, 176, 74, 174, 74, 2, 0, 0.0, 2.0
220, 6, 112, 126, 111, 127, 1, -1, -0.7853981633974483, 1.4142135623730951
220, 7, 128, 73, 126, 73, 2, 0, 0.0, 2.0
220, 8, 174, 404, 172, 405, 2, -1, -0.4636476090008061, 2.23606797749979
220, 9, 102, 124, 100, 125, 2, -1, -0.4636476090008061, 2.23606797749979
220, 10, 85, 153, 83, 154, 2, -1, -0.4636476090008061, 2.23606797749979
220, 11, 66, 165, 64, 165, 2, 0, 0.0, 2.0
220, 17, 207, 389, 205, 389, 2, 0, 0.0, 2.0
220, 18, 93, 193, 89, 195, 4, -2, -0.4636476090008061, 4.47213595499958
220, 19, 159, 340, 157, 340, 2, 0, 0.0, 2.0
220, 23, 65, 158, 63, 158, 2, 0, 0.0, 2.0
220, 24, 153, 301, 152, 302, 1, -1, -0.7853981633974483, 1.4142135623730951
220, 25, 173, 135, 172, 134, 1, 1, 0.7853981633974483, 1.4142135623730951
220, 26, 21, 109, 19, 110, 2, -1, -0.4636476090008061, 2.23606797749979
220, 27, 31, 135, 29, 135, 2, 0, 0.0, 2.0
220, 28, 232, 346, 230, 346, 2, 0, 0.0, 2.0
220, 31, 54, 104, 52, 105, 2, -1, -0.4636476090008061, 2.23606797749979
220, 32, 142, 376, 140, 377, 2, -1, -0.4636476090008061, 2.23606797749979
220, 33, 253, 366, 251, 366, 2, 0, 0.0, 2.0
220, 36, 225, 153, 222, 155, 3, -2, -0.5880026035475675, 3.605551275463989
220, 37, 182, 396, 180, 396, 2, 0, 0.0, 2.0
220, 38, 180, 115, 178, 115, 2, 0, 0.0, 2.0
220, 39, 175, 160, 174, 161, 1, -1, -0.7853981633974483, 1.4142135623730951
220, 40, 33, 143, 31, 143, 2, 0, 0.0, 2.0
220, 41, 199, 351, 197, 352, 2, -1, -0.4636476090008061, 2.23606797749979
220, 42, 134, 133, 133, 134, 1, -1, -0.7853981633974483, 1.4142135623730951
220, 43, 111, 397, 109, 397, 2, 0, 0.0, 2.0
220, 44, 40, 327, 38, 327, 2, 0, 0.0, 2.0
220, 45, 89, 303, 87, 303, 2, 0, 0.0, 2.0
220, 46, 90, 294, 89, 295, 1, -1, -0.7853981633974483, 1.4142135623730951
220, 47, 33, 304, 31, 304, 2, 0, 0.0, 2.0
220, 48, 232, 121, 230, 121, 2, 0, 0.0, 2.0
220, 50, 131, 349, 128, 350, 3, -1, -0.3217505543966422, 3.1622776601683795
220, 51, 64, 403, 63, 404, 1, -1, -0.7853981633974483, 1.4142135623730951
220, 52, 76, 346, 72, 347, 4, -1, -0.24497866312686414, 4.123105625617661
220, 53, 43, 300, 41, 301, 2, -1, -0.4636476090008061, 2.23606797749979
220, 54, 136, 107, 134, 108, 2, -1, -0.4636476090008061, 2.23606797749979
220, 57, 82, 365, 81, 366, 1, -1, -0.7853981633974483, 1.4142135623730951
221, 0, 97, 152, 96, 153, 1, -1, -0.7853981633974483, 1.4142135623730951
221, 1, 36, 183, 35, 184, 1, -1, -0.7853981633974483, 1.4142135623730951
221, 2, 146, 162, 144, 163, 2, -1, -0.4636476090008061, 2.23606797749979
221, 3, 56, 287, 54, 287, 2, 0, 0.0, 2.0
221, 4, 68, 130, 67, 131, 1, -1, -0.7853981633974483, 1.4142135623730951
221, 5, 178, 74, 176, 74, 2, 0, 0.0, 2.0
221, 6, 113, 125, 112, 126, 1, -1, -0.7853981633974483, 1.4142135623730951
221, 7, 130, 72, 128, 73, 2, -1, -0.4636476090008061, 2.23606797749979
221, 8, 176, 404, 174, 404, 2, 0, 0.0, 2.0
221, 9, 103, 123, 102, 124, 1, -1, -0.7853981633974483, 1.4142135623730951
221, 10, 87, 151, 85, 153, 2, -2, -0.7853981633974483, 2.8284271247461903
221, 11, 68, 165, 66, 165, 2, 0, 0.0, 2.0
221, 12, 69, 73, 68, 74, 1, -1, -0.7853981633974483, 1.4142135623730951
221, 13, 30, 277, 28, 278, 2, -1, -0.4636476090008061, 2.23606797749979
221, 15, 122, 319, 120, 319, 2, 0, 0.0, 2.0
221, 17, 209, 389, 207, 389, 2, 0, 0.0, 2.0
221, 18, 96, 191, 93, 193, 3, -2, -0.5880026035475675, 3.605551275463989
221, 19, 161, 342, 159, 340, 2, 2, 0.7853981633974483, 2.8284271247461903
221, 23, 67, 158, 65, 158, 2, 0, 0.0, 2.0
221, 24, 155, 301, 153, 301, 2, 0, 0.0, 2.0
221, 26, 23, 108, 21, 109, 2, -1, -0.4636476090008061, 2.23606797749979
221, 27, 32, 134, 31, 135, 1, -1, -0.7853981633974483, 1.4142135623730951
221, 28, 234, 346, 232, 346, 2, 0, 0.0, 2.0
221, 30, 9, 163, 8, 164, 1, -1, -0.7853981633974483, 1.4142135623730951
221, 31, 55, 103, 54, 104, 1, -1, -0.7853981633974483, 1.4142135623730951
221, 32, 144, 375, 142, 376, 2, -1, -0.4636476090008061, 2.23606797749979
221, 33, 257, 365, 253, 366, 4, -1, -0.24497866312686414, 4.123105625617661
221, 34, 109, 180, 107, 181, 2, -1, -0.4636476090008061, 2.23606797749979
221, 36, 228, 151, 225, 153, 3, -2, -0.5880026035475675, 3.605551275463989
221, 37, 184, 397, 182, 396, 2, 1, 0.4636476090008061, 2.23606797749979
221, 38, 182, 114, 180, 115, 2, -1, -0.4636476090008061, 2.23606797749979
221, 39, 177, 159, 175, 160, 2, -1, -0.4636476090008061, 2.23606797749979
221, 40, 34, 142, 33, 143, 1, -1, -0.7853981633974483, 1.4142135623730951
221, 41, 201, 350, 199, 351, 2, -1, -0.4636476090008061, 2.23606797749979
221, 42, 135, 132, 134, 133, 1, -1, -0.7853981633974483, 1.4142135623730951
221, 44, 42, 327, 40, 327, 2, 0, 0.0, 2.0
221, 46, 91, 295, 90, 294, 1, 1, 0.7853981633974483, 1.4142135623730951
221, 48, 234, 120, 232, 121, 2, -1, -0.4636476090008061, 2.23606797749979
221, 50, 133, 349, 131, 349, 2, 0, 0.0, 2.0
221, 52, 79, 345, 76, 346, 3, -1, -0.3217505543966422, 3.1622776601683795
221, 53, 45, 302, 43, 300, 2, 2, 0.7853981633974483, 2.8284271247461903
221, 54, 138, 106, 136, 107, 2, -1, -0.4636476090008061, 2.23606797749979
221, 55, 5, 206, 4, 207, 1, -1, -0.7853981633974483, 1.4142135623730951
222, 1, 38, 181, 36, 183, 2, -2, -0.7853981633974483, 2.8284271247461903
222, 2, 147, 161, 146, 162, 1, -1, -0.7853981633974483, 1.4142135623730951
222, 3, 58, 287, 56, 287, 2, 0, 0.0, 2.0
222, 4, 69, 129, 68, 130, 1, -1, -0.7853981633974483, 1.4142135623730951
222, 5, 180, 73, 178, 74, 2, -1, -0.4636476090008061, 2.23606797749979
222, 6, 114, 124, 113, 125, 1, -1, -0.7853981633974483, 1.4142135623730951
222, 8, 178, 404, 176, 404, 2, 0, 0.0, 2.0
222, 9, 104, 122, 103, 123, 1, -1, -0.7853981633974483, 1.4142135623730951
222, 10, 88, 150, 87, 151, 1, -1, -0.7853981633974483, 1.4142135623730951
222, 11, 71, 165, 68, 165, 3, 0, 0.0, 3.0
222, 12, 70, 72, 69, 73, 1, -1, -0.7853981633974483, 1.4142135623730951
222, 13, 31, 276, 30, 277, 1, -1, -0.7853981633974483, 1.4142135623730951
222, 14, 23, 401, 21, 401, 2, 0, 0.0, 2.0
222, 16, 211, 388, 209, 389, 2, -1, -0.4636476090008061, 2.23606797749979
222, 17, 98, 189, 96, 191, 2, -2, -0.7853981633974483, 2.8284271247461903
222, 18, 162, 341, 161, 342, 1, -1, -0.7853981633974483, 1.4142135623730951
222, 19, 228, 339, 227, 340, 1, -1, -0.7853981633974483, 1.4142135623730951
222, 21, 69, 158, 67, 158, 2, 0, 0.0, 2.0
222, 22, 157, 300, 155, 301, 2, -1, -0.4636476090008061, 2.23606797749979
222, 23, 176, 135, 174, 135, 2, 0, 0.0, 2.0
222, 24, 25, 107, 23, 108, 2, -1, -0.4636476090008061, 2.23606797749979
222, 25, 34, 134, 32, 134, 2, 0, 0.0, 2.0
222, 26, 236, 346, 234, 346, 2, 0, 0.0, 2.0
222, 27, 22, 360, 20, 360, 2, 0, 0.0, 2.0
222, 28, 10, 162, 9, 163, 1, -1, -0.7853981633974483, 1.4142135623730951
222, 29, 56, 101, 55, 103, 1, -2, -1.1071487177940904, 2.23606797749979
222, 30, 145, 374, 144, 375, 1, -1, -0.7853981633974483, 1.4142135623730951
222, 31, 259, 366, 257, 365, 2, 1, 0.4636476090008061, 2.23606797749979
222, 32, 111, 179, 109, 180, 2, -1, -0.4636476090008061, 2.23606797749979
222, 34, 231, 149, 228, 151, 3, -2, -0.5880026035475675, 3.605551275463989
222, 36, 184, 114, 182, 114, 2, 0, 0.0, 2.0
222, 37, 179, 158, 177, 159, 2, -1, -0.4636476090008061, 2.23606797749979
222, 38, 36, 142, 34, 142, 2, 0, 0.0, 2.0
222, 39, 202, 349, 201, 350, 1, -1, -0.7853981633974483, 1.4142135623730951
222, 40, 136, 131, 135, 132, 1, -1, -0.7853981633974483, 1.4142135623730951
222, 41, 114, 397, 112, 397, 2, 0, 0.0, 2.0
222, 46, 236, 119, 234, 120, 2, -1, -0.4636476090008061, 2.23606797749979
222, 48, 135, 348, 133, 349, 2, -1, -0.4636476090008061, 2.23606797749979
222, 49, 67, 402, 65, 403, 2, -1, -0.4636476090008061, 2.23606797749979
222, 50, 80, 344, 79, 345, 1, -1, -0.7853981633974483, 1.4142135623730951
222, 52, 139, 105, 138, 106, 1, -1, -0.7853981633974483, 1.4142135623730951
222, 53, 6, 204, 5, 206, 1, -2, -1.1071487177940904, 2.23606797749979
222, 55, 84, 366, 83, 365, 1, 1, 0.7853981633974483, 1.4142135623730951
223, 0, 100, 155, 98, 152, 2, 3, 0.982793723247329, 3.605551275463989
223, 1, 39, 180, 38, 181, 1, -1, -0.7853981633974483, 1.4142135623730951
223, 2, 149, 159, 147, 161, 2, -2, -0.7853981633974483, 2.8284271247461903
223, 3, 60, 287, 58, 287, 2, 0, 0.0, 2.0
223, 4, 70, 128, 69, 129, 1, -1, -0.7853981633974483, 1.4142135623730951
223, 5, 182, 72, 180, 73, 2, -1, -0.4636476090008061, 2.23606797749979
223, 6, 117, 128, 114, 124, 3, 4, 0.9272952180016122, 5.0
223, 7, 133, 71, 131, 72, 2, -1, -0.4636476090008061, 2.23606797749979
223, 8, 180, 404, 178, 404, 2, 0, 0.0, 2.0
223, 9, 104, 120, 104, 122, 0, -2, -1.5707963267948966, 2.0
223, 10, 88, 147, 88, 150, 0, -3, -1.5707963267948966, 3.0
223, 11, 72, 164, 71, 165, 1, -1, -0.7853981633974483, 1.4142135623730951
223, 12, 72, 71, 70, 72, 2, -1, -0.4636476090008061, 2.23606797749979
223, 14, 25, 401, 23, 401, 2, 0, 0.0, 2.0
223, 16, 212, 387, 211, 388, 1, -1, -0.7853981633974483, 1.4142135623730951
223, 17, 99, 188, 98, 189, 1, -1, -0.7853981633974483, 1.4142135623730951
223, 18, 164, 340, 162, 341, 2, -1, -0.4636476090008061, 2.23606797749979
223, 19, 232, 339, 228, 339, 4, 0, 0.0, 4.0
223, 21, 71, 157, 69, 158, 2, -1, -0.4636476090008061, 2.23606797749979
223, 23, 177, 134, 176, 135, 1, -1, -0.7853981633974483, 1.4142135623730951
223, 24, 26, 106, 25, 107, 1, -1, -0.7853981633974483, 1.4142135623730951
223, 26, 238, 345, 236, 346, 2, -1, -0.4636476090008061, 2.23606797749979
223, 28, 11, 161, 10, 162, 1, -1, -0.7853981633974483, 1.4142135623730951
223, 29, 57, 100, 56, 101, 1, -1, -0.7853981633974483, 1.4142135623730951
223, 31, 261, 366, 259, 366, 2, 0, 0.0, 2.0
223, 32, 112, 178, 111, 179, 1, -1, -0.7853981633974483, 1.4142135623730951
223, 34, 233, 146, 231, 149, 2, -3, -0.982793723247329, 3.605551275463989
223, 36, 186, 113, 184, 114, 2, -1, -0.4636476090008061, 2.23606797749979
223, 37, 180, 157, 179, 158, 1, -1, -0.7853981633974483, 1.4142135623730951
223, 39, 204, 348, 202, 349, 2, -1, -0.4636476090008061, 2.23606797749979
223, 43, 93, 303, 91, 303, 2, 0, 0.0, 2.0
223, 45, 37, 303, 35, 304, 2, -1, -0.4636476090008061, 2.23606797749979
223, 46, 238, 118, 236, 119, 2, -1, -0.4636476090008061, 2.23606797749979
223, 48, 136, 347, 135, 348, 1, -1, -0.7853981633974483, 1.4142135623730951
223, 49, 68, 401, 67, 402, 1, -1, -0.7853981633974483, 1.4142135623730951
223, 51, 48, 301, 46, 302, 2, -1, -0.4636476090008061, 2.23606797749979
223, 52, 141, 105, 139, 105, 2, 0, 0.0, 2.0
223, 53, 8, 203, 6, 204, 2, -1, -0.4636476090008061, 2.23606797749979
224, 0, 101, 154, 100, 155, 1, -1, -0.7853981633974483, 1.4142135623730951
224, 1, 40, 179, 39, 180, 1, -1, -0.7853981633974483, 1.4142135623730951
224, 4, 72, 127, 70, 128, 2, -1, -0.4636476090008061, 2.23606797749979
224, 5, 185, 71, 182, 72, 3, -1, -0.3217505543966422, 3.1622776601683795
224, 6, 119, 127, 117, 128, 2, -1, -0.4636476090008061, 2.23606797749979
224, 7, 135, 70, 133, 71, 2, -1, -0.4636476090008061, 2.23606797749979
224, 8, 182, 403, 180, 404, 2, -1, -0.4636476090008061, 2.23606797749979
224, 9, 106, 119, 104, 120, 2, -1, -0.4636476090008061, 2.23606797749979
224, 10, 89, 146, 88, 147, 1, -1, -0.7853981633974483, 1.4142135623730951
224, 11, 73, 163, 72, 164, 1, -1, -0.7853981633974483, 1.4142135623730951
224, 12, 74, 70, 72, 71, 2, -1, -0.4636476090008061, 2.23606797749979
224, 13, 34, 276, 32, 276, 2, 0, 0.0, 2.0
224, 14, 26, 400, 25, 401, 1, -1, -0.7853981633974483, 1.4142135623730951
224, 16, 214, 386, 212, 387, 2, -1, -0.4636476090008061, 2.23606797749979
224, 17, 99, 186, 99, 188, 0, -2, -1.5707963267948966, 2.0
224, 19, 235, 339, 232, 339, 3, 0, 0.0, 3.0
224, 21, 73, 156, 71, 157, 2, -1, -0.4636476090008061, 2.23606797749979
224, 23, 179, 133, 177, 134, 2, -1, -0.4636476090008061, 2.23606797749979
224, 24, 28, 105, 26, 106, 2, -1, -0.4636476090008061, 2.23606797749979
224, 26, 240, 345, 238, 345, 2, 0, 0.0, 2.0
224, 29, 58, 99, 57, 100, 1, -1, -0.7853981633974483, 1.4142135623730951
224, 30, 148, 373, 146, 374, 2, -1, -0.4636476090008061, 2.23606797749979
224, 31, 263, 366, 261, 366, 2, 0, 0.0, 2.0
224, 32, 113, 177, 112, 178, 1, -1, -0.7853981633974483, 1.4142135623730951
224, 34, 235, 145, 233, 146, 2, -1, -0.4636476090008061, 2.23606797749979
224, 35, 187, 396, 186, 397, 1, -1, -0.7853981633974483, 1.4142135623730951
224, 36, 188, 112, 186, 113, 2, -1, -0.4636476090008061, 2.23606797749979
224, 37, 181, 156, 180, 157, 1, -1, -0.7853981633974483, 1.4142135623730951
224, 38, 39, 141, 37, 142, 2, -1, -0.4636476090008061, 2.23606797749979
224, 39, 205, 347, 204, 348, 1, -1, -0.7853981633974483, 1.4142135623730951
224, 40, 138, 130, 137, 131, 1, -1, -0.7853981633974483, 1.4142135623730951
224, 41, 117, 397, 115, 397, 2, 0, 0.0, 2.0
224, 43, 95, 303, 93, 303, 2, 0, 0.0, 2.0
224, 44, 95, 295, 93, 295, 2, 0, 0.0, 2.0
224, 46, 240, 117, 238, 118, 2, -1, -0.4636476090008061, 2.23606797749979
224, 47, 121, 156, 120, 157, 1, -1, -0.7853981633974483, 1.4142135623730951
224, 49, 69, 400, 68, 401, 1, -1, -0.7853981633974483, 1.4142135623730951
224, 50, 82, 342, 80, 344, 2, -2, -0.7853981633974483, 2.8284271247461903
224, 52, 143, 104, 141, 105, 2, -1, -0.4636476090008061, 2.23606797749979
224, 53, 10, 202, 8, 203, 2, -1, -0.4636476090008061, 2.23606797749979
224, 55, 87, 366, 85, 366, 2, 0, 0.0, 2.0
225, 1, 39, 183, 38, 184, 1, -1, -0.7853981633974483, 1.4142135623730951
225, 2, 72, 131, 71, 132, 1, -1, -0.7853981633974483, 1.4142135623730951
225, 3, 35, 281, 33, 281, 2, 0, 0.0, 2.0
225, 4, 148, 160, 147, 162, 1, -2, -1.1071487177940904, 2.23606797749979
225, 5, 180, 73, 179, 74, 1, -1, -0.7853981633974483, 1.4142135623730951
225, 6, 134, 72, 132, 73, 2, -1, -0.4636476090008061, 2.23606797749979
225, 7, 180, 405, 178, 405, 2, 0, 0.0, 2.0
225, 8, 22, 402, 21, 403, 1, -1, -0.7853981633974483, 1.4142135623730951
225, 9, 105, 122, 104, 123, 1, -1, -0.7853981633974483, 1.4142135623730951
225, 12, 59, 104, 57, 105, 2, -1, -0.4636476090008061, 2.23606797749979
225, 13, 75, 72, 73, 73, 2, -1, -0.4636476090008061, 2.23606797749979
225, 14, 25, 108, 24, 109, 1, -1, -0.7853981633974483, 1.4142135623730951
225, 15, 241, 145, 240, 147, 1, -2, -1.1071487177940904, 2.23606797749979
225, 17, 205, 346, 204, 347, 1, -1, -0.7853981633974483, 1.4142135623730951
225, 20, 117, 126, 116, 127, 1, -1, -0.7853981633974483, 1.4142135623730951
225, 22, 12, 162, 11, 163, 1, -1, -0.7853981633974483, 1.4142135623730951
225, 24, 235, 341, 233, 341, 2, 0, 0.0, 2.0
225, 28, 202, 353, 200, 353, 2, 0, 0.0, 2.0
225, 31, 24, 360, 22, 360, 2, 0, 0.0, 2.0
225, 33, 261, 365, 259, 366, 2, -1, -0.4636476090008061, 2.23606797749979
225, 38, 123, 131, 122, 132, 1, -1, -0.7853981633974483, 1.4142135623730951
225, 39, 180, 156, 179, 157, 1, -1, -0.7853981633974483, 1.4142135623730951
225, 42, 95, 97, 93, 98, 2, -1, -0.4636476090008061, 2.23606797749979
225, 45, 50, 186, 48, 187, 2, -1, -0.4636476090008061, 2.23606797749979
225, 46, 82, 193, 81, 194, 1, -1, -0.7853981633974483, 1.4142135623730951
225, 48, 148, 376, 146, 376, 2, 0, 0.0, 2.0
225, 49, 176, 134, 175, 135, 1, -1, -0.7853981633974483, 1.4142135623730951
225, 51, 81, 136, 80, 137, 1, -1, -0.7853981633974483, 1.4142135623730951
225, 52, 84, 185, 82, 186, 2, -1, -0.4636476090008061, 2.23606797749979
225, 53, 177, 368, 179, 369, -2, -1, -2.677945044588987, 2.23606797749979
225, 54, 23, 277, 21, 277, 2, 0, 0.0, 2.0
225, 58, 56, 303, 54, 302, 2, 1, 0.4636476090008061, 2.23606797749979
225, 59, 96, 296, 94, 296, 2, 0, 0.0, 2.0
225, 60, 189, 330, 189, 332, 0, -2, -1.5707963267948966, 2.0
225, 61, 158, 343, 156, 343, 2, 0, 0.0, 2.0
226, 0, 60, 288, 58, 288, 2, 0, 0.0, 2.0
226, 1, 41, 182, 39, 183, 2, -1, -0.4636476090008061, 2.23606797749979
226, 2, 73, 130, 72, 131, 1, -1, -0.7853981633974483, 1.4142135623730951
226, 3, 37, 281, 35, 281, 2, 0, 0.0, 2.0
226, 4, 150, 159, 148, 160, 2, -1, -0.4636476090008061, 2.23606797749979
226, 5, 181, 72, 180, 73, 1, -1, -0.7853981633974483, 1.4142135623730951
226, 6, 136, 70, 134, 72, 2, -2, -0.7853981633974483, 2.8284271247461903
226, 7, 182, 405, 180, 405, 2, 0, 0.0, 2.0
226, 10, 126, 321, 124, 321, 2, 0, 0.0, 2.0
226, 11, 89, 150, 88, 151, 1, -1, -0.7853981633974483, 1.4142135623730951
226, 12, 60, 103, 59, 104, 1, -1, -0.7853981633974483, 1.4142135623730951
226, 13, 77, 71, 75, 72, 2, -1, -0.4636476090008061, 2.23606797749979
226, 14, 27, 107, 25, 108, 2, -1, -0.4636476090008061, 2.23606797749979
226, 15, 240, 143, 241, 145, -1, -2, -2.0344439357957027, 2.23606797749979
226, 16, 114, 179, 112, 180, 2, -1, -0.4636476090008061, 2.23606797749979
226, 20, 118, 125, 117, 126, 1, -1, -0.7853981633974483, 1.4142135623730951
226, 22, 13, 161, 12, 162, 1, -1, -0.7853981633974483, 1.4142135623730951
226, 24, 237, 341, 235, 341, 2, 0, 0.0, 2.0
226, 26, 71, 160, 69, 161, 2, -1, -0.4636476090008061, 2.23606797749979
226, 28, 203, 352, 202, 353, 1, -1, -0.7853981633974483, 1.4142135623730951
226, 29, 37, 139, 35, 139, 2, 0, 0.0, 2.0
226, 33, 262, 364, 261, 365, 1, -1, -0.7853981633974483, 1.4142135623730951
226, 34, 234, 348, 233, 350, 1, -2, -1.1071487177940904, 2.23606797749979
226, 35, 242, 342, 241, 343, 1, -1, -0.7853981633974483, 1.4142135623730951
226, 37, 39, 305, 37, 305, 2, 0, 0.0, 2.0
226, 38, 124, 130, 123, 131, 1, -1, -0.7853981633974483, 1.4142135623730951
226, 39, 182, 155, 180, 156, 2, -1, -0.4636476090008061, 2.23606797749979
226, 40, 152, 334, 151, 336, 1, -2, -1.1071487177940904, 2.23606797749979
226, 42, 96, 96, 95, 97, 1, -1, -0.7853981633974483, 1.4142135623730951
226, 44, 95, 303, 93, 303, 2, 0, 0.0, 2.0
226, 45, 52, 185, 50, 186, 2, -1, -0.4636476090008061, 2.23606797749979
226, 46, 83, 192, 82, 193, 1, -1, -0.7853981633974483, 1.4142135623730951
226, 48, 150, 375, 148, 376, 2, -1, -0.4636476090008061, 2.23606797749979
226, 49, 177, 133, 176, 134, 1, -1, -0.7853981633974483, 1.4142135623730951
226, 51, 82, 135, 81, 136, 1, -1, -0.7853981633974483, 1.4142135623730951
226, 52, 85, 184, 84, 185, 1, -1, -0.7853981633974483, 1.4142135623730951
226, 55, 47, 302, 45, 302, 2, 0, 0.0, 2.0
226, 56, 71, 392, 70, 393, 1, -1, -0.7853981633974483, 1.4142135623730951
226, 57, 79, 80, 78, 81, 1, -1, -0.7853981633974483, 1.4142135623730951
226, 59, 98, 297, 96, 296, 2, 1, 0.4636476090008061, 2.23606797749979
226, 60, 190, 329, 189, 330, 1, -1, -0.7853981633974483, 1.4142135623730951
227, 0, 62, 287, 60, 288, 2, -1, -0.4636476090008061, 2.23606797749979
227, 1, 42, 181, 41, 182, 1, -1, -0.7853981633974483, 1.4142135623730951
227, 2, 75, 129, 73, 130, 2, -1, -0.4636476090008061, 2.23606797749979
227, 3, 39, 281, 37, 281, 2, 0, 0.0, 2.0
227, 4, 151, 158, 150, 159, 1, -1, -0.7853981633974483, 1.4142135623730951
227, 5, 183, 71, 181, 72, 2, -1, -0.4636476090008061, 2.23606797749979
227, 6, 138, 69, 136, 70, 2, -1, -0.4636476090008061, 2.23606797749979
227, 7, 184, 405, 182, 405, 2, 0, 0.0, 2.0
227, 8, 25, 402, 23, 402, 2, 0, 0.0, 2.0
227, 9, 107, 121, 106, 122, 1, -1, -0.7853981633974483, 1.4142135623730951
227, 11, 90, 149, 89, 150, 1, -1, -0.7853981633974483, 1.4142135623730951
227, 12, 62, 103, 60, 103, 2, 0, 0.0, 2.0
227, 13, 79, 70, 77, 71, 2, -1, -0.4636476090008061, 2.23606797749979
227, 14, 28, 106, 27, 107, 1, -1, -0.7853981633974483, 1.4142135623730951
227, 15, 238, 142, 240, 143, -2, -1, -2.677945044588987, 2.23606797749979
227, 16, 116, 178, 114, 179, 2, -1, -0.4636476090008061, 2.23606797749979
227, 17, 208, 346, 206, 346, 2, 0, 0.0, 2.0
227, 18, 99, 324, 98, 325, 1, -1, -0.7853981633974483, 1.4142135623730951
227, 19, 102, 156, 101, 158, 1, -2, -1.1071487177940904, 2.23606797749979
227, 20, 120, 124, 118, 125, 2, -1, -0.4636476090008061, 2.23606797749979
227, 21, 122, 395, 120, 396, 2, -1, -0.4636476090008061, 2.23606797749979
227, 22, 14, 160, 13, 161, 1, -1, -0.7853981633974483, 1.4142135623730951
227, 23, 215, 389, 213, 389, 2, 0, 0.0, 2.0
227, 26, 72, 159, 71, 160, 1, -1, -0.7853981633974483, 1.4142135623730951
227, 27, 176, 321, 175, 322, 1, -1, -0.7853981633974483, 1.4142135623730951
227, 28, 204, 351, 203, 352, 1, -1, -0.7853981633974483, 1.4142135623730951
227, 30, 126, 390, 125, 389, 1, 1, 0.7853981633974483, 1.4142135623730951
227, 32, 180, 110, 178, 111, 2, -1, -0.4636476090008061, 2.23606797749979
227, 33, 264, 363, 262, 364, 2, -1, -0.4636476090008061, 2.23606797749979
227, 34, 235, 347, 234, 348, 1, -1, -0.7853981633974483, 1.4142135623730951
227, 36, 9, 327, 8, 328, 1, -1, -0.7853981633974483, 1.4142135623730951
227, 37, 40, 304, 39, 305, 1, -1, -0.7853981633974483, 1.4142135623730951
227, 38, 125, 128, 124, 130, 1, -2, -1.1071487177940904, 2.23606797749979
227, 40, 156, 334, 152, 334, 4, 0, 0.0, 4.0
227, 42, 98, 95, 96, 96, 2, -1, -0.4636476090008061, 2.23606797749979
227, 43, 160, 164, 159, 165, 1, -1, -0.7853981633974483, 1.4142135623730951
227, 45, 53, 184, 52, 185, 1, -1, -0.7853981633974483, 1.4142135623730951
227, 46, 85, 190, 83, 192, 2, -2, -0.7853981633974483, 2.8284271247461903
227, 47, 121, 349, 120, 350, 1, -1, -0.7853981633974483, 1.4142135623730951
227, 50, 52, 375, 51, 376, 1, -1, -0.7853981633974483, 1.4142135623730951
227, 51, 84, 135, 82, 135, 2, 0, 0.0, 2.0
227, 52, 89, 183, 85, 184, 4, -1, -0.24497866312686414, 4.123105625617661
227, 53, 179, 365, 177, 367, 2, -2, -0.7853981633974483, 2.8284271247461903
227, 55, 49, 302, 47, 302, 2, 0, 0.0, 2.0
227, 56, 73, 391, 71, 392, 2, -1, -0.4636476090008061, 2.23606797749979
227, 57, 80, 79, 79, 80, 1, -1, -0.7853981633974483, 1.4142135623730951
227, 59, 100, 297, 98, 297, 2, 0, 0.0, 2.0
228, 1, 43, 180, 42, 181, 1, -1, -0.7853981633974483, 1.4142135623730951
228, 4, 153, 156, 151, 158, 2, -2, -0.7853981633974483, 2.8284271247461903
228, 5, 186, 70, 183, 71, 3, -1, -0.3217505543966422, 3.1622776601683795
228, 6, 140, 69, 138, 69, 2, 0, 0.0, 2.0
228, 7, 190, 404, 184, 405, 6, -1, -0.16514867741462683, 6.082762530298219
228, 8, 27, 401, 25, 402, 2, -1, -0.4636476090008061, 2.23606797749979
228, 9, 108, 120, 107, 121, 1, -1, -0.7853981633974483, 1.4142135623730951
228, 11, 91, 148, 90, 149, 1, -1, -0.7853981633974483, 1.4142135623730951
228, 12, 63, 102, 62, 103, 1, -1, -0.7853981633974483, 1.4142135623730951
228, 13, 80, 68, 79, 70, 1, -2, -1.1071487177940904, 2.23606797749979
228, 14, 29, 105, 28, 106, 1, -1, -0.7853981633974483, 1.4142135623730951
228, 15, 239, 141, 238, 142, 1, -1, -0.7853981633974483, 1.4142135623730951
228, 17, 209, 348, 208, 346, 1, 2, 1.1071487177940904, 2.23606797749979
228, 18, 102, 324, 99, 324, 3, 0, 0.0, 3.0
228, 19, 103, 155, 102, 156, 1, -1, -0.7853981633974483, 1.4142135623730951
228, 20, 121, 123, 120, 124, 1, -1, -0.7853981633974483, 1.4142135623730951
228, 21, 124, 394, 122, 395, 2, -1, -0.4636476090008061, 2.23606797749979
228, 22, 15, 159, 14, 160, 1, -1, -0.7853981633974483, 1.4142135623730951
228, 23, 217, 389, 215, 389, 2, 0, 0.0, 2.0
228, 25, 25, 169, 23, 169, 2, 0, 0.0, 2.0
228, 27, 179, 321, 176, 321, 3, 0, 0.0, 3.0
228, 28, 206, 350, 204, 351, 2, -1, -0.4636476090008061, 2.23606797749979
228, 29, 39, 138, 38, 139, 1, -1, -0.7853981633974483, 1.4142135623730951
228, 30, 128, 390, 126, 390, 2, 0, 0.0, 2.0
228, 32, 182, 110, 180, 110, 2, 0, 0.0, 2.0
228, 33, 265, 362, 264, 363, 1, -1, -0.7853981633974483, 1.4142135623730951
228, 34, 237, 348, 235, 347, 2, 1, 0.4636476090008061, 2.23606797749979
228, 35, 245, 342, 243, 342, 2, 0, 0.0, 2.0
228, 38, 126, 127, 125, 128, 1, -1, -0.7853981633974483, 1.4142135623730951
228, 39, 184, 154, 183, 155, 1, -1, -0.7853981633974483, 1.4142135623730951
228, 41, 158, 302, 155, 302, 3, 0, 0.0, 3.0
228, 42, 100, 94, 98, 95, 2, -1, -0.4636476090008061, 2.23606797749979
228, 43, 161, 163, 160, 164, 1, -1, -0.7853981633974483, 1.4142135623730951
228, 44, 97, 304, 96, 303, 1, 1, 0.7853981633974483, 1.4142135623730951
228, 45, 56, 183, 53, 184, 3, -1, -0.3217505543966422, 3.1622776601683795
228, 46, 88, 189, 85, 190, 3, -1, -0.3217505543966422, 3.1622776601683795
228, 51, 86, 135, 84, 135, 2, 0, 0.0, 2.0
228, 52, 91, 183, 89, 183, 2, 0, 0.0, 2.0
228, 53, 182, 364, 179, 365, 3, -1, -0.3217505543966422, 3.1622776601683795
228, 55, 50, 301, 49, 302, 1, -1, -0.7853981633974483, 1.4142135623730951
228, 56, 75, 390, 73, 391, 2, -1, -0.4636476090008061, 2.23606797749979
228, 57, 81, 78, 80, 79, 1, -1, -0.7853981633974483, 1.4142135623730951
228, 59, 102, 298, 100, 297, 2, 1, 0.4636476090008061, 2.23606797749979
228, 60, 191, 327, 190, 328, 1, -1, -0.7853981633974483, 1.4142135623730951
228, 61, 162, 342, 160, 343, 2, -1, -0.4636476090008061, 2.23606797749979
229, 0, 65, 287, 63, 287, 2, 0, 0.0, 2.0
229, 1, 44, 179, 43, 180, 1, -1, -0.7853981633974483, 1.4142135623730951
229, 2, 77, 127, 75, 128, 2, -1, -0.4636476090008061, 2.23606797749979
229, 3, 40, 279, 39, 280, 1, -1, -0.7853981633974483, 1.4142135623730951
229, 5, 188, 70, 186, 70, 2, 0, 0.0, 2.0
229, 6, 142, 69, 140, 69, 2, 0, 0.0, 2.0
229, 7, 191, 403, 190, 404, 1, -1, -0.7853981633974483, 1.4142135623730951
229, 8, 29, 401, 27, 401, 2, 0, 0.0, 2.0
229, 9, 110, 119, 108, 120, 2, -1, -0.4636476090008061, 2.23606797749979
229, 10, 129, 321, 127, 321, 2, 0, 0.0, 2.0
229, 11, 92, 147, 91, 148, 1, -1, -0.7853981633974483, 1.4142135623730951
229, 13, 81, 67, 80, 68, 1, -1, -0.7853981633974483, 1.4142135623730951
229, 16, 118, 177, 117, 178, 1, -1, -0.7853981633974483, 1.4142135623730951
229, 17, 211, 348, 209, 348, 2, 0, 0.0, 2.0
229, 20, 122, 122, 121, 123, 1, -1, -0.7853981633974483, 1.4142135623730951
229, 21, 126, 394, 124, 394, 2, 0, 0.0, 2.0
229, 22, 16, 158, 15, 159, 1, -1, -0.7853981633974483, 1.4142135623730951
229, 23, 220, 388, 217, 389, 3, -1, -0.3217505543966422, 3.1622776601683795
229, 25, 28, 169, 25, 169, 3, 0, 0.0, 3.0
229, 26, 74, 158, 73, 159, 1, -1, -0.7853981633974483, 1.4142135623730951
229, 28, 208, 350, 206, 350, 2, 0, 0.0, 2.0
229, 29, 40, 137, 39, 138, 1, -1, -0.7853981633974483, 1.4142135623730951
229, 30, 130, 390, 128, 390, 2, 0, 0.0, 2.0
229, 32, 183, 109, 182, 110, 1, -1, -0.7853981633974483, 1.4142135623730951
229, 33, 267, 362, 265, 362, 2, 0, 0.0, 2.0
229, 34, 239, 348, 237, 348, 2, 0, 0.0, 2.0
229, 35, 247, 342, 245, 342, 2, 0, 0.0, 2.0
229, 38, 126, 125, 126, 127, 0, -2, -1.5707963267948966, 2.0
229, 39, 185, 153, 184, 154, 1, -1, -0.7853981633974483, 1.4142135623730951
229, 40, 159, 334, 156, 334, 3, 0, 0.0, 3.0
229, 42, 101, 93, 100, 94, 1, -1, -0.7853981633974483, 1.4142135623730951
229, 43, 163, 163, 161, 163, 2, 0, 0.0, 2.0
229, 44, 99, 303, 97, 304, 2, -1, -0.4636476090008061, 2.23606797749979
229, 45, 59, 183, 56, 183, 3, 0, 0.0, 3.0
229, 46, 90, 188, 88, 189, 2, -1, -0.4636476090008061, 2.23606797749979
229, 48, 154, 374, 152, 375, 2, -1, -0.4636476090008061, 2.23606797749979
229, 49, 179, 131, 178, 132, 1, -1, -0.7853981633974483, 1.4142135623730951
229, 51, 88, 135, 86, 135, 2, 0, 0.0, 2.0
229, 53, 186, 364, 182, 364, 4, 0, 0.0, 4.0
229, 56, 78, 390, 75, 390, 3, 0, 0.0, 3.0
229, 57, 83, 77, 81, 78, 2, -1, -0.4636476090008061, 2.23606797749979
229, 59, 103, 299, 102, 298, 1, 1, 0.7853981633974483, 1.4142135623730951
229, 60, 165, 341, 162, 342, 3, -1, -0.3217505543966422, 3.1622776601683795
230, 1, 44, 181, 43, 182, 1, -1, -0.7853981633974483, 1.4142135623730951
230, 2, 54, 182, 52, 183, 2, -1, -0.4636476090008061, 2.23606797749979
230, 3, 76, 130, 75, 131, 1, -1, -0.7853981633974483, 1.4142135623730951
230, 4, 158, 160, 156, 161, 2, -1, -0.4636476090008061, 2.23606797749979
230, 6, 85, 131, 83, 132, 2, -1, -0.4636476090008061, 2.23606797749979
230, 7, 81, 75, 80, 76, 1, -1, -0.7853981633974483, 1.4142135623730951
230, 8, 44, 276, 42, 275, 2, 1, 0.4636476090008061, 2.23606797749979
230, 9, 188, 407, 186, 407, 2, 0, 0.0, 2.0
230, 12, 93, 149, 92, 150, 1, -1, -0.7853981633974483, 1.4142135623730951
230, 13, 110, 122, 109, 123, 1, -1, -0.7853981633974483, 1.4142135623730951
230, 16, 130, 323, 128, 323, 2, 0, 0.0, 2.0
230, 17, 62, 103, 61, 104, 1, -1, -0.7853981633974483, 1.4142135623730951
230, 20, 122, 396, 120, 397, 2, -1, -0.4636476090008061, 2.23606797749979
230, 21, 240, 342, 238, 342, 2, 0, 0.0, 2.0
230, 22, 237, 349, 236, 350, 1, -1, -0.7853981633974483, 1.4142135623730951
230, 24, 74, 159, 73, 160, 1, -1, -0.7853981633974483, 1.4142135623730951
230, 25, 31, 108, 29, 108, 2, 0, 0.0, 2.0
230, 27, 111, 329, 110, 330, 1, -1, -0.7853981633974483, 1.4142135623730951
230, 29, 104, 156, 103, 157, 1, -1, -0.7853981633974483, 1.4142135623730951
230, 31, 18, 160, 16, 161, 2, -1, -0.4636476090008061, 2.23606797749979
230, 35, 82, 393, 81, 395, 1, -2, -1.1071487177940904, 2.23606797749979
230, 36, 117, 179, 116, 180, 1, -1, -0.7853981633974483, 1.4142135623730951
230, 39, 206, 351, 204, 352, 2, -1, -0.4636476090008061, 2.23606797749979
230, 40, 186, 161, 185, 162, 1, -1, -0.7853981633974483, 1.4142135623730951
230, 41, 122, 125, 121, 126, 1, -1, -0.7853981633974483, 1.4142135623730951
230, 42, 103, 326, 100, 327, 3, -1, -0.3217505543966422, 3.1622776601683795
230, 43, 201, 135, 200, 136, 1, -1, -0.7853981633974483, 1.4142135623730951
230, 44, 191, 107, 189, 108, 2, -1, -0.4636476090008061, 2.23606797749979
230, 49, 64, 347, 63, 348, 1, -1, -0.7853981633974483, 1.4142135623730951
230, 50, 83, 185, 82, 186, 1, -1, -0.7853981633974483, 1.4142135623730951
230, 51, 187, 397, 186, 398, 1, -1, -0.7853981633974483, 1.4142135623730951
230, 52, 182, 325, 179, 325, 3, 0, 0.0, 3.0
230, 53, 199, 109, 197, 109, 2, 0, 0.0, 2.0
230, 54, 190, 328, 190, 330, 0, -2, -1.5707963267948966, 2.0
230, 55, 128, 391, 126, 391, 2, 0, 0.0, 2.0
230, 57, 56, 141, 55, 142, 1, -1, -0.7853981633974483, 1.4142135623730951
230, 59, 221, 389, 219, 389, 2, 0, 0.0, 2.0
230, 60, 111, 156, 110, 157, 1, -1, -0.7853981633974483, 1.4142135623730951
230, 61, 159, 338, 156, 338, 3, 0, 0.0, 3.0
230, 62, 248, 121, 246, 122, 2, -1, -0.4636476090008061, 2.23606797749979
230, 63, 160, 372, 162, 373, -2, -1, -2.677945044588987, 2.23606797749979
230, 65, 91, 159, 89, 158, 2, 1, 0.4636476090008061, 2.23606797749979
230, 66, 100, 95, 99, 96, 1, -1, -0.7853981633974483, 1.4142135623730951
230, 67, 217, 348, 215, 348, 2, 0, 0.0, 2.0
230, 71, 233, 144, 230, 145, 3, -1, -0.3217505543966422, 3.1622776601683795
230, 73, 18, 206, 16, 208, 2, -2, -0.7853981633974483, 2.8284271247461903
230, 74, 125, 160, 123, 160, 2, 0, 0.0, 2.0
230, 75, 72, 326, 70, 326, 2, 0, 0.0, 2.0
230, 76, 41, 395, 39, 395, 2, 0, 0.0, 2.0
230, 78, 114, 130, 113, 131, 1, -1, -0.7853981633974483, 1.4142135623730951
231, 0, 65, 289, 63, 289, 2, 0, 0.0, 2.0
231, 1, 45, 180, 44, 181, 1, -1, -0.7853981633974483, 1.4142135623730951
231, 2, 55, 181, 54, 182, 1, -1, -0.7853981633974483, 1.4142135623730951
231, 3, 77, 129, 76, 130, 1, -1, -0.7853981633974483, 1.4142135623730951
231, 4, 160, 159, 158, 160, 2, -1, -0.4636476090008061, 2.23606797749979
231, 5, 38, 280, 37, 281, 1, -1, -0.7853981633974483, 1.4142135623730951
231, 6, 87, 130, 85, 131, 2, -1, -0.4636476090008061, 2.23606797749979
231, 7, 83, 75, 81, 75, 2, 0, 0.0, 2.0
231, 9, 190, 407, 188, 407, 2, 0, 0.0, 2.0
231, 10, 188, 73, 186, 73, 2, 0, 0.0, 2.0
231, 11, 29, 401, 28, 402, 1, -1, -0.7853981633974483, 1.4142135623730951
231, 12, 94, 148, 93, 149, 1, -1, -0.7853981633974483, 1.4142135623730951
231, 13, 111, 121, 110, 122, 1, -1, -0.7853981633974483, 1.4142135623730951
231, 19, 30, 362, 28, 362, 2, 0, 0.0, 2.0
231, 20, 124, 396, 122, 396, 2, 0, 0.0, 2.0
231, 21, 242, 341, 240, 342, 2, -1, -0.4636476090008061, 2.23606797749979
231, 22, 239, 349, 237, 349, 2, 0, 0.0, 2.0
231, 23, 268, 364, 266, 365, 2, -1, -0.4636476090008061, 2.23606797749979
231, 24, 76, 159, 74, 159, 2, 0, 0.0, 2.0
231, 25, 34, 108, 31, 108, 3, 0, 0.0, 3.0
231, 27, 111, 327, 111, 329, 0, -2, -1.5707963267948966, 2.0
231, 29, 105, 155, 104, 156, 1, -1, -0.7853981633974483, 1.4142135623730951
231, 31, 20, 159, 18, 160, 2, -1, -0.4636476090008061, 2.23606797749979
231, 34, 83, 392, 82, 393, 1, -1, -0.7853981633974483, 1.4142135623730951
231, 35, 119, 178, 117, 179, 2, -1, -0.4636476090008061, 2.23606797749979
231, 39, 187, 160, 186, 161, 1, -1, -0.7853981633974483, 1.4142135623730951
231, 41, 105, 326, 103, 326, 2, 0, 0.0, 2.0
231, 43, 193, 107, 191, 107, 2, 0, 0.0, 2.0
231, 46, 54, 303, 52, 303, 2, 0, 0.0, 2.0
231, 49, 84, 184, 83, 185, 1, -1, -0.7853981633974483, 1.4142135623730951
231, 51, 184, 324, 182, 325, 2, -1, -0.4636476090008061, 2.23606797749979
231, 52, 201, 109, 199, 109, 2, 0, 0.0, 2.0
231, 54, 130, 391, 128, 391, 2, 0, 0.0, 2.0
231, 58, 223, 388, 221, 389, 2, -1, -0.4636476090008061, 2.23606797749979
231, 60, 161, 338, 159, 338, 2, 0, 0.0, 2.0
231, 64, 101, 94, 100, 95, 1, -1, -0.7853981633974483, 1.4142135623730951
231, 66, 124, 149, 123, 150, 1, -1, -0.7853981633974483, 1.4142135623730951
231, 69, 234, 143, 233, 144, 1, -1, -0.7853981633974483, 1.4142135623730951
231, 70, 6, 297, 5, 298, 1, -1, -0.7853981633974483, 1.4142135623730951
231, 71, 19, 204, 18, 206, 1, -2, -1.1071487177940904, 2.23606797749979
231, 72, 127, 159, 125, 160, 2, -1, -0.4636476090008061, 2.23606797749979
231, 74, 43, 395, 41, 395, 2, 0, 0.0, 2.0
231, 75, 39, 355, 38, 356, 1, -1, -0.7853981633974483, 1.4142135623730951
231, 76, 115, 129, 114, 130, 1, -1, -0.7853981633974483, 1.4142135623730951
232, 0, 67, 289, 65, 289, 2, 0, 0.0, 2.0
232, 1, 46, 178, 45, 180, 1, -2, -1.1071487177940904, 2.23606797749979
232, 2, 56, 180, 55, 181, 1, -1, -0.7853981633974483, 1.4142135623730951
232, 3, 79, 128, 77, 129, 2, -1, -0.4636476090008061, 2.23606797749979
232, 4, 161, 158, 160, 159, 1, -1, -0.7853981633974483, 1.4142135623730951
232, 5, 41, 280, 38, 280, 3, 0, 0.0, 3.0
232, 6, 88, 129, 87, 130, 1, -1, -0.7853981633974483, 1.4142135623730951
232, 8, 47, 276, 45, 276, 2, 0, 0.0, 2.0
232, 9, 192, 406, 190, 407, 2, -1, -0.4636476090008061, 2.23606797749979
232, 10, 189, 72, 188, 73, 1, -1, -0.7853981633974483, 1.4142135623730951
232, 11, 31, 401, 29, 401, 2, 0, 0.0, 2.0
232, 12, 95, 147, 94, 148, 1, -1, -0.7853981633974483, 1.4142135623730951
232, 13, 112, 120, 111, 121, 1, -1, -0.7853981633974483, 1.4142135623730951
232, 14, 239, 144, 238, 145, 1, -1, -0.7853981633974483, 1.4142135623730951
232, 15, 141, 71, 140, 72, 1, -1, -0.7853981633974483, 1.4142135623730951
232, 17, 64, 102, 63, 103, 1, -1, -0.7853981633974483, 1.4142135623730951
232, 18, 11, 379, 6, 380, 5, -1, -0.19739555984988075, 5.0990195135927845
232, 19, 32, 361, 30, 362, 2, -1, -0.4636476090008061, 2.23606797749979
232, 20, 126, 396, 124, 396, 2, 0, 0.0, 2.0
232, 21, 244, 341, 242, 341, 2, 0, 0.0, 2.0
232, 22, 241, 349, 239, 349, 2, 0, 0.0, 2.0
232, 23, 270, 364, 268, 364, 2, 0, 0.0, 2.0
232, 25, 36, 107, 34, 108, 2, -1, -0.4636476090008061, 2.23606797749979
232, 30, 41, 134, 40, 135, 1, -1, -0.7853981633974483, 1.4142135623730951
232, 31, 21, 158, 20, 159, 1, -1, -0.7853981633974483, 1.4142135623730951
232, 34, 85, 391, 83, 392, 2, -1, -0.4636476090008061, 2.23606797749979
232, 35, 121, 178, 119, 178, 2, 0, 0.0, 2.0
232, 36, 48, 351, 46, 351, 2, 0, 0.0, 2.0
232, 38, 209, 351, 207, 351, 2, 0, 0.0, 2.0
232, 39, 188, 159, 187, 160, 1, -1, -0.7853981633974483, 1.4142135623730951
232, 40, 123, 122, 122, 124, 1, -2, -1.1071487177940904, 2.23606797749979
232, 41, 108, 326, 105, 326, 3, 0, 0.0, 3.0
232, 42, 204, 134, 202, 135, 2, -1, -0.4636476090008061, 2.23606797749979
232, 43, 195, 107, 193, 107, 2, 0, 0.0, 2.0
232, 46, 56, 302, 54, 303, 2, -1, -0.4636476090008061, 2.23606797749979
232, 47, 154, 378, 153, 377, 1, 1, 0.7853981633974483, 1.4142135623730951
232, 49, 85, 183, 84, 184, 1, -1, -0.7853981633974483, 1.4142135623730951
232, 50, 190, 396, 188, 397, 2, -1, -0.4636476090008061, 2.23606797749979
232, 51, 187, 325, 184, 324, 3, 1, 0.3217505543966422, 3.1622776601683795
232, 52, 202, 110, 201, 109, 1, 1, 0.7853981633974483, 1.4142135623730951
232, 53, 193, 328, 190, 327, 3, 1, 0.3217505543966422, 3.1622776601683795
232, 58, 225, 388, 223, 388, 2, 0, 0.0, 2.0
232, 60, 164, 338, 161, 338, 3, 0, 0.0, 3.0
232, 62, 162, 371, 160, 371, 2, 0, 0.0, 2.0
232, 66, 125, 148, 124, 149, 1, -1, -0.7853981633974483, 1.4142135623730951
232, 69, 235, 142, 234, 143, 1, -1, -0.7853981633974483, 1.4142135623730951
232, 70, 7, 296, 6, 297, 1, -1, -0.7853981633974483, 1.4142135623730951
232, 71, 21, 203, 19, 204, 2, -1, -0.4636476090008061, 2.23606797749979
232, 72, 129, 158, 127, 159, 2, -1, -0.4636476090008061, 2.23606797749979
232, 74, 45, 395, 43, 395, 2, 0, 0.0, 2.0
232, 75, 40, 354, 39, 355, 1, -1, -0.7853981633974483, 1.4142135623730951
232, 76, 116, 128, 115, 129, 1, -1, -0.7853981633974483, 1.4142135623730951
233, 1, 48, 177, 46, 178, 2, -1, -0.4636476090008061, 2.23606797749979
233, 2, 58, 179, 56, 180, 2, -1, -0.4636476090008061, 2.23606797749979
233, 3, 80, 127, 79, 128, 1, -1, -0.7853981633974483, 1.4142135623730951
233, 4, 162, 157, 161, 158, 1, -1, -0.7853981633974483, 1.4142135623730951
233, 5, 43, 280, 41, 280, 2, 0, 0.0, 2.0
233, 6, 89, 128, 88, 129, 1, -1, -0.7853981633974483, 1.4142135623730951
233, 7, 86, 74, 84, 75, 2, -1, -0.4636476090008061, 2.23606797749979
233, 8, 49, 277, 47, 276, 2, 1, 0.4636476090008061, 2.23606797749979
233, 9, 194, 405, 192, 406, 2, -1, -0.4636476090008061, 2.23606797749979
233, 10, 194, 71, 189, 72, 5, -1, -0.19739555984988075, 5.0990195135927845
233, 13, 113, 119, 112, 120, 1, -1, -0.7853981633974483, 1.4142135623730951
233, 14, 240, 143, 239, 144, 1, -1, -0.7853981633974483, 1.4142135623730951
233, 15, 146, 71, 141, 71, 5, 0, 0.0, 5.0
233, 19, 34, 361, 32, 361, 2, 0, 0.0, 2.0
233, 20, 128, 395, 126, 396, 2, -1, -0.4636476090008061, 2.23606797749979
233, 21, 243, 342, 244, 341, -1, 1, 2.356194490192345, 1.4142135623730951
233, 22, 243, 349, 241, 349, 2, 0, 0.0, 2.0
233, 23, 273, 364, 270, 364, 3, 0, 0.0, 3.0
233, 25, 37, 106, 36, 107, 1, -1, -0.7853981633974483, 1.4142135623730951
233, 27, 113, 325, 111, 326, 2, -1, -0.4636476090008061, 2.23606797749979
233, 29, 107, 154, 106, 155, 1, -1, -0.7853981633974483, 1.4142135623730951
233, 31, 23, 157, 21, 158, 2, -1, -0.4636476090008061, 2.23606797749979
233, 33, 47, 304, 46, 305, 1, -1, -0.7853981633974483, 1.4142135623730951
233, 34, 86, 390, 85, 391, 1, -1, -0.7853981633974483, 1.4142135623730951
233, 35, 123, 177, 121, 178, 2, -1, -0.4636476090008061, 2.23606797749979
233, 36, 50, 352, 48, 351, 2, 1, 0.4636476090008061, 2.23606797749979
233, 38, 211, 351, 209, 351, 2, 0, 0.0, 2.0
233, 39, 190, 158, 188, 159, 2, -1, -0.4636476090008061, 2.23606797749979
233, 40, 124, 121, 123, 122, 1, -1, -0.7853981633974483, 1.4142135623730951
233, 41, 111, 326, 108, 326, 3, 0, 0.0, 3.0
233, 42, 205, 133, 204, 134, 1, -1, -0.7853981633974483, 1.4142135623730951
233, 47, 156, 378, 154, 378, 2, 0, 0.0, 2.0
233, 49, 87, 182, 85, 183, 2, -1, -0.4636476090008061, 2.23606797749979
233, 50, 193, 395, 190, 396, 3, -1, -0.3217505543966422, 3.1622776601683795
233, 51, 191, 324, 187, 325, 4, -1, -0.24497866312686414, 4.123105625617661
233, 52, 200, 110, 202, 110, -2, 0, 3.141592653589793, 2.0
233, 53, 195, 327, 193, 328, 2, -1, -0.4636476090008061, 2.23606797749979
233, 54, 133, 390, 131, 391, 2, -1, -0.4636476090008061, 2.23606797749979
233, 60, 167, 338, 164, 338, 3, 0, 0.0, 3.0
233, 62, 166, 371, 162, 371, 4, 0, 0.0, 4.0
233, 64, 107, 91, 101, 93, 6, -2, -0.3217505543966422, 6.324555320336759
233, 66, 126, 147, 125, 148, 1, -1, -0.7853981633974483, 1.4142135623730951
233, 69, 236, 141, 235, 142, 1, -1, -0.7853981633974483, 1.4142135623730951
233, 70, 8, 295, 7, 296, 1, -1, -0.7853981633974483, 1.4142135623730951
233, 71, 23, 202, 21, 203, 2, -1, -0.4636476090008061, 2.23606797749979
233, 72, 131, 158, 129, 158, 2, 0, 0.0, 2.0
233, 74, 47, 395, 45, 395, 2, 0, 0.0, 2.0
233, 76, 117, 127, 116, 128, 1, -1, -0.7853981633974483, 1.4142135623730951
234, 1, 50, 176, 48, 177, 2, -1, -0.4636476090008061, 2.23606797749979
234, 2, 59, 178, 58, 179, 1, -1, -0.7853981633974483, 1.4142135623730951
234, 3, 81, 126, 80, 127, 1, -1, -0.7853981633974483, 1.4142135623730951
234, 4, 163, 156, 162, 157, 1, -1, -0.7853981633974483, 1.4142135623730951
234, 5, 45, 281, 43, 280, 2, 1, 0.4636476090008061, 2.23606797749979
234, 6, 91, 128, 89, 128, 2, 0, 0.0, 2.0
234, 7, 87, 73, 86, 74, 1, -1, -0.7853981633974483, 1.4142135623730951
234, 8, 51, 278, 49, 277, 2, 1, 0.4636476090008061, 2.23606797749979
234, 9, 196, 404, 194, 405, 2, -1, -0.4636476090008061, 2.23606797749979
234, 11, 34, 400, 32, 401, 2, -1, -0.4636476090008061, 2.23606797749979
234, 12, 96, 145, 95, 146, 1, -1, -0.7853981633974483, 1.4142135623730951
234, 13, 114, 118, 113, 119, 1, -1, -0.7853981633974483, 1.4142135623730951
234, 14, 241, 142, 240, 143, 1, -1, -0.7853981633974483, 1.4142135623730951
234, 17, 66, 101, 65, 102, 1, -1, -0.7853981633974483, 1.4142135623730951
234, 19, 36, 361, 34, 361, 2, 0, 0.0, 2.0
234, 20, 130, 395, 128, 395, 2, 0, 0.0, 2.0
234, 21, 245, 342, 243, 342, 2, 0, 0.0, 2.0
234, 23, 275, 363, 273, 364, 2, -1, -0.4636476090008061, 2.23606797749979
234, 25, 38, 105, 37, 106, 1, -1, -0.7853981633974483, 1.4142135623730951
234, 27, 118, 326, 113, 325, 5, 1, 0.19739555984988075, 5.0990195135927845
234, 28, 160, 303, 158, 303, 2, 0, 0.0, 2.0
234, 30, 44, 133, 42, 134, 2, -1, -0.4636476090008061, 2.23606797749979
234, 31, 24, 156, 23, 157, 1, -1, -0.7853981633974483, 1.4142135623730951
234, 32, 167, 303, 166, 302, 1, 1, 0.7853981633974483, 1.4142135623730951
234, 33, 49, 304, 47, 304, 2, 0, 0.0, 2.0
234, 34, 90, 390, 86, 390, 4, 0, 0.0, 4.0
234, 35, 124, 176, 123, 177, 1, -1, -0.7853981633974483, 1.4142135623730951
234, 36, 51, 353, 50, 352, 1, 1, 0.7853981633974483, 1.4142135623730951
234, 38, 213, 351, 211, 351, 2, 0, 0.0, 2.0
234, 39, 191, 156, 190, 158, 1, -2, -1.1071487177940904, 2.23606797749979
234, 40, 126, 119, 124, 121, 2, -2, -0.7853981633974483, 2.8284271247461903
234, 41, 115, 327, 111, 326, 4, 1, 0.24497866312686414, 4.123105625617661
234, 42, 206, 132, 205, 133, 1, -1, -0.7853981633974483, 1.4142135623730951
234, 46, 59, 302, 57, 302, 2, 0, 0.0, 2.0
234, 47, 158, 377, 156, 378, 2, -1, -0.4636476090008061, 2.23606797749979
234, 49, 88, 181, 87, 182, 1, -1, -0.7853981633974483, 1.4142135623730951
234, 50, 195, 395, 193, 395, 2, 0, 0.0, 2.0
234, 51, 196, 325, 191, 324, 5, 1, 0.19739555984988075, 5.0990195135927845
234, 53, 196, 324, 195, 327, 1, -3, -1.2490457723982544, 3.1622776601683795
234, 54, 135, 390, 133, 390, 2, 0, 0.0, 2.0
234, 56, 58, 138, 57, 139, 1, -1, -0.7853981633974483, 1.4142135623730951
234, 57, 79, 343, 77, 343, 2, 0, 0.0, 2.0
234, 58, 227, 387, 226, 388, 1, -1, -0.7853981633974483, 1.4142135623730951
234, 60, 170, 339, 167, 338, 3, 1, 0.3217505543966422, 3.1622776601683795
234, 61, 251, 119, 250, 120, 1, -1, -0.7853981633974483, 1.4142135623730951
234, 62, 169, 370, 166, 371, 3, -1, -0.3217505543966422, 3.1622776601683795
234, 63, 93, 158, 92, 157, 1, 1, 0.7853981633974483, 1.4142135623730951
234, 66, 127, 146, 126, 147, 1, -1, -0.7853981633974483, 1.4142135623730951
234, 69, 237, 140, 236, 141, 1, -1, -0.7853981633974483, 1.4142135623730951
234, 71, 24, 200, 23, 202, 1, -2, -1.1071487177940904, 2.23606797749979
234, 72, 132, 157, 131, 158, 1, -1, -0.7853981633974483, 1.4142135623730951
234, 75, 43, 353, 41, 354, 2, -1, -0.4636476090008061, 2.23606797749979
234, 76, 118, 126, 117, 127, 1, -1, -0.7853981633974483, 1.4142135623730951
235, 1, 194, 73, 192, 73, 2, 0, 0.0, 2.0
235, 2, 48, 180, 47, 181, 1, -1, -0.7853981633974483, 1.4142135623730951
235, 3, 5, 132, 4, 133, 1, -1, -0.7853981633974483, 1.4142135623730951
235, 4, 116, 123, 114, 123, 2, 0, 0.0, 2.0
235, 5, 97, 150, 96, 151, 1, -1, -0.7853981633974483, 1.4142135623730951
235, 6, 81, 129, 79, 130, 2, -1, -0.4636476090008061, 2.23606797749979
235, 7, 158, 156, 156, 158, 2, -2, -0.7853981633974483, 2.8284271247461903
235, 12, 34, 401, 32, 402, 2, -1, -0.4636476090008061, 2.23606797749979
235, 15, 125, 129, 123, 130, 2, -1, -0.4636476090008061, 2.23606797749979
235, 16, 71, 102, 67, 104, 4, -2, -0.4636476090008061, 4.47213595499958
235, 17, 46, 279, 44, 279, 2, 0, 0.0, 2.0
235, 18, 192, 406, 191, 407, 1, -1, -0.7853981633974483, 1.4142135623730951
235, 19, 109, 156, 108, 157, 1, -1, -0.7853981633974483, 1.4142135623730951
235, 20, 195, 330, 192, 328, 3, 2, 0.5880026035475675, 3.605551275463989
235, 21, 14, 138, 13, 139, 1, -1, -0.7853981633974483, 1.4142135623730951
235, 23, 8, 109, 6, 110, 2, -1, -0.4636476090008061, 2.23606797749979
235, 24, 108, 148, 107, 149, 1, -1, -0.7853981633974483, 1.4142135623730951
235, 25, 175, 338, 171, 338, 4, 0, 0.0, 4.0
235, 27, 275, 367, 273, 367, 2, 0, 0.0, 2.0
235, 28, 167, 309, 165, 309, 2, 0, 0.0, 2.0
235, 29, 11, 379, 10, 380, 1, -1, -0.7853981633974483, 1.4142135623730951
235, 31, 191, 396, 189, 397, 2, -1, -0.4636476090008061, 2.23606797749979
235, 32, 88, 78, 87, 79, 1, -1, -0.7853981633974483, 1.4142135623730951
235, 33, 34, 363, 32, 363, 2, 0, 0.0, 2.0
235, 35, 125, 120, 124, 122, 1, -2, -1.1071487177940904, 2.23606797749979
235, 36, 223, 389, 221, 389, 2, 0, 0.0, 2.0
235, 37, 217, 349, 215, 349, 2, 0, 0.0, 2.0
235, 38, 123, 179, 121, 180, 2, -1, -0.4636476090008061, 2.23606797749979
235, 39, 36, 108, 35, 109, 1, -1, -0.7853981633974483, 1.4142135623730951
235, 42, 58, 304, 57, 303, 1, 1, 0.7853981633974483, 1.4142135623730951
235, 43, 235, 151, 234, 150, 1, 1, 0.7853981633974483, 1.4142135623730951
235, 44, 56, 142, 54, 142, 2, 0, 0.0, 2.0
235, 45, 209, 129, 208, 130, 1, -1, -0.7853981633974483, 1.4142135623730951
235, 46, 27, 370, 25, 370, 2, 0, 0.0, 2.0
235, 48, 116, 328, 113, 328, 3, 0, 0.0, 3.0
235, 49, 137, 391, 134, 391, 3, 0, 0.0, 3.0
235, 51, 191, 156, 189, 157, 2, -1, -0.4636476090008061, 2.23606797749979
235, 52, 44, 135, 43, 136, 1, -1, -0.7853981633974483, 1.4142135623730951
235, 54, 131, 395, 129, 396, 2, -1, -0.4636476090008061, 2.23606797749979
235, 55, 89, 133, 88, 134, 1, -1, -0.7853981633974483, 1.4142135623730951
235, 60, 158, 378, 155, 378, 3, 0, 0.0, 3.0
235, 61, 25, 204, 24, 205, 1, -1, -0.7853981633974483, 1.4142135623730951
235, 63, 167, 159, 166, 160, 1, -1, -0.7853981633974483, 1.4142135623730951
235, 65, 153, 106, 151, 106, 2, 0, 0.0, 2.0
235, 66, 179, 136, 178, 137, 1, -1, -0.7853981633974483, 1.4142135623730951
235, 68, 11, 201, 9, 202, 2, -1, -0.4636476090008061, 2.23606797749979
235, 70, 92, 392, 87, 392, 5, 0, 0.0, 5.0
236, 1, 196, 73, 194, 73, 2, 0, 0.0, 2.0
236, 2, 49, 179, 48, 180, 1, -1, -0.7853981633974483, 1.4142135623730951
236, 3, 6, 131, 5, 132, 1, -1, -0.7853981633974483, 1.4142135623730951
236, 4, 117, 122, 116, 123, 1, -1, -0.7853981633974483, 1.4142135623730951
236, 6, 82, 128, 81, 129, 1, -1, -0.7853981633974483, 1.4142135623730951
236, 7, 159, 155, 158, 156, 1, -1, -0.7853981633974483, 1.4142135623730951
236, 8, 148, 72, 146, 72, 2, 0, 0.0, 2.0
236, 9, 198, 113, 197, 111, 1, 2, 1.1071487177940904, 2.23606797749979
236, 11, 160, 163, 159, 164, 1, -1, -0.7853981633974483, 1.4142135623730951
236, 12, 36, 400, 34, 401, 2, -1, -0.4636476090008061, 2.23606797749979
236, 15, 126, 128, 125, 129, 1, -1, -0.7853981633974483, 1.4142135623730951
236, 16, 72, 101, 71, 102, 1, -1, -0.7853981633974483, 1.4142135623730951
236, 18, 194, 405, 192, 406, 2, -1, -0.4636476090008061, 2.23606797749979
236, 19, 110, 155, 109, 156, 1, -1, -0.7853981633974483, 1.4142135623730951
236, 20, 197, 331, 195, 330, 2, 1, 0.4636476090008061, 2.23606797749979
236, 21, 15, 137, 14, 138, 1, -1, -0.7853981633974483, 1.4142135623730951
236, 22, 57, 183, 56, 184, 1, -1, -0.7853981633974483, 1.4142135623730951
236, 23, 9, 108, 8, 109, 1, -1, -0.7853981633974483, 1.4142135623730951
236, 24, 110, 147, 108, 148, 2, -1, -0.4636476090008061, 2.23606797749979
236, 25, 180, 338, 175, 338, 5, 0, 0.0, 5.0
236, 27, 277, 367, 275, 367, 2, 0, 0.0, 2.0
236, 28, 169, 309, 167, 309, 2, 0, 0.0, 2.0
236, 31, 194, 396, 191, 396, 3, 0, 0.0, 3.0
236, 32, 89, 77, 88, 78, 1, -1, -0.7853981633974483, 1.4142135623730951
236, 35, 126, 119, 125, 120, 1, -1, -0.7853981633974483, 1.4142135623730951
236, 37, 218, 352, 217, 349, 1, 3, 1.2490457723982544, 3.1622776601683795
236, 38, 125, 178, 123, 179, 2, -1, -0.4636476090008061, 2.23606797749979
236, 39, 38, 107, 36, 108, 2, -1, -0.4636476090008061, 2.23606797749979
236, 41, 52, 307, 50, 307, 2, 0, 0.0, 2.0
236, 42, 59, 305, 58, 304, 1, 1, 0.7853981633974483, 1.4142135623730951
236, 43, 238, 148, 235, 151, 3, -3, -0.7853981633974483, 4.242640687119285
236, 44, 57, 141, 56, 142, 1, -1, -0.7853981633974483, 1.4142135623730951
236, 46, 29, 370, 27, 370, 2, 0, 0.0, 2.0
236, 48, 118, 329, 116, 328, 2, 1, 0.4636476090008061, 2.23606797749979
236, 49, 138, 393, 137, 391, 1, 2, 1.1071487177940904, 2.23606797749979
236, 50, 109, 99, 107, 100, 2, -1, -0.4636476090008061, 2.23606797749979
236, 51, 192, 155, 191, 156, 1, -1, -0.7853981633974483, 1.4142135623730951
236, 52, 46, 135, 44, 135, 2, 0, 0.0, 2.0
236, 53, 196, 376, 193, 377, 3, -1, -0.3217505543966422, 3.1622776601683795
236, 54, 133, 395, 131, 395, 2, 0, 0.0, 2.0
236, 55, 91, 132, 89, 133, 2, -1, -0.4636476090008061, 2.23606797749979
236, 56, 168, 304, 167, 303, 1, 1, 0.7853981633974483, 1.4142135623730951
236, 57, 15, 304, 13, 304, 2, 0, 0.0, 2.0
236, 58, 21, 159, 20, 160, 1, -1, -0.7853981633974483, 1.4142135623730951
236, 63, 168, 158, 167, 159, 1, -1, -0.7853981633974483, 1.4142135623730951
236, 64, 213, 354, 211, 354, 2, 0, 0.0, 2.0
236, 65, 155, 105, 153, 106, 2, -1, -0.4636476090008061, 2.23606797749979
236, 66, 180, 135, 179, 136, 1, -1, -0.7853981633974483, 1.4142135623730951
236, 68, 12, 200, 11, 201, 1, -1, -0.7853981633974483, 1.4142135623730951
236, 69, 61, 377, 59, 377, 2, 0, 0.0, 2.0
236, 70, 98, 392, 92, 392, 6, 0, 0.0, 6.0
237, 1, 198, 73, 196, 73, 2, 0, 0.0, 2.0
237, 2, 50, 178, 49, 179, 1, -1, -0.7853981633974483, 1.4142135623730951
237, 3, 8, 130, 6, 131, 2, -1, -0.4636476090008061, 2.23606797749979
237, 4, 118, 121, 117, 122, 1, -1, -0.7853981633974483, 1.4142135623730951
237, 5, 99, 149, 98, 150, 1, -1, -0.7853981633974483, 1.4142135623730951
237, 6, 83, 127, 82, 128, 1, -1, -0.7853981633974483, 1.4142135623730951
237, 7, 160, 153, 159, 155, 1, -2, -1.1071487177940904, 2.23606797749979
237, 8, 150, 72, 148, 72, 2, 0, 0.0, 2.0
237, 10, 84, 72, 83, 73, 1, -1, -0.7853981633974483, 1.4142135623730951
237, 11, 161, 162, 160, 163, 1, -1, -0.7853981633974483, 1.4142135623730951
237, 15, 127, 127, 126, 128, 1, -1, -0.7853981633974483, 1.4142135623730951
237, 16, 73, 100, 72, 101, 1, -1, -0.7853981633974483, 1.4142135623730951
237, 17, 48, 278, 47, 279, 1, -1, -0.7853981633974483, 1.4142135623730951
237, 18, 196, 404, 194, 405, 2, -1, -0.4636476090008061, 2.23606797749979
237, 19, 111, 154, 110, 155, 1, -1, -0.7853981633974483, 1.4142135623730951
237, 20, 199, 331, 197, 331, 2, 0, 0.0, 2.0
237, 21, 16, 136, 15, 137, 1, -1, -0.7853981633974483, 1.4142135623730951
237, 22, 58, 182, 57, 183, 1, -1, -0.7853981633974483, 1.4142135623730951
237, 24, 111, 146, 110, 147, 1, -1, -0.7853981633974483, 1.4142135623730951
237, 25, 183, 338, 180, 338, 3, 0, 0.0, 3.0
237, 27, 279, 367, 277, 367, 2, 0, 0.0, 2.0
237, 29, 14, 379, 12, 379, 2, 0, 0.0, 2.0
237, 31, 196, 395, 194, 396, 2, -1, -0.4636476090008061, 2.23606797749979
237, 32, 90, 76, 89, 77, 1, -1, -0.7853981633974483, 1.4142135623730951
237, 35, 128, 118, 126, 119, 2, -1, -0.4636476090008061, 2.23606797749979
237, 37, 220, 354, 218, 352, 2, 2, 0.7853981633974483, 2.8284271247461903
237, 38, 126, 177, 125, 178, 1, -1, -0.7853981633974483, 1.4142135623730951
237, 39, 40, 106, 38, 107, 2, -1, -0.4636476090008061, 2.23606797749979
237, 42, 60, 306, 59, 305, 1, 1, 0.7853981633974483, 1.4142135623730951
237, 45, 212, 128, 210, 129, 2, -1, -0.4636476090008061, 2.23606797749979
237, 46, 31, 371, 29, 370, 2, 1, 0.4636476090008061, 2.23606797749979
237, 47, 187, 137, 186, 138, 1, -1, -0.7853981633974483, 1.4142135623730951
237, 48, 121, 329, 118, 329, 3, 0, 0.0, 3.0
237, 49, 141, 394, 138, 393, 3, 1, 0.3217505543966422, 3.1622776601683795
237, 50, 111, 99, 109, 99, 2, 0, 0.0, 2.0
237, 51, 194, 154, 192, 155, 2, -1, -0.4636476090008061, 2.23606797749979
237, 53, 198, 376, 196, 376, 2, 0, 0.0, 2.0
237, 54, 136, 395, 133, 395, 3, 0, 0.0, 3.0
237, 55, 92, 131, 91, 132, 1, -1, -0.7853981633974483, 1.4142135623730951
237, 57, 17, 304, 15, 304, 2, 0, 0.0, 2.0
237, 58, 22, 158, 21, 159, 1, -1, -0.7853981633974483, 1.4142135623730951
237, 59, 45, 361, 43, 361, 2, 0, 0.0, 2.0
237, 60, 161, 378, 159, 378, 2, 0, 0.0, 2.0
237, 62, 169, 157, 168, 158, 1, -1, -0.7853981633974483, 1.4142135623730951
237, 63, 215, 354, 213, 354, 2, 0, 0.0, 2.0
237, 64, 157, 105, 155, 105, 2, 0, 0.0, 2.0
237, 65, 181, 134, 180, 135, 1, -1, -0.7853981633974483, 1.4142135623730951
237, 67, 13, 199, 12, 200, 1, -1, -0.7853981633974483, 1.4142135623730951
237, 68, 63, 376, 61, 377, 2, -1, -0.4636476090008061, 2.23606797749979
237, 69, 104, 392, 98, 392, 6, 0, 0.0, 6.0
238, 0, 72, 290, 70, 290, 2, 0, 0.0, 2.0
238, 1, 200, 73, 198, 73, 2, 0, 0.0, 2.0
238, 2, 51, 177, 50, 178, 1, -1, -0.7853981633974483, 1.4142135623730951
238, 3, 10, 129, 8, 130, 2, -1, -0.4636476090008061, 2.23606797749979
238, 4, 120, 120, 118, 121, 2, -1, -0.4636476090008061, 2.23606797749979
238, 5, 100, 148, 99, 149, 1, -1, -0.7853981633974483, 1.4142135623730951
238, 7, 162, 152, 160, 153, 2, -1, -0.4636476090008061, 2.23606797749979
238, 8, 152, 72, 150, 72, 2, 0, 0.0, 2.0
238, 9, 202, 112, 199, 113, 3, -1, -0.3217505543966422, 3.1622776601683795
238, 11, 162, 161, 161, 162, 1, -1, -0.7853981633974483, 1.4142135623730951
238, 12, 38, 399, 37, 400, 1, -1, -0.7853981633974483, 1.4142135623730951
238, 14, 83, 162, 81, 160, 2, 2, 0.7853981633974483, 2.8284271247461903
238, 15, 128, 126, 127, 127, 1, -1, -0.7853981633974483, 1.4142135623730951
238, 16, 74, 99, 73, 100, 1, -1, -0.7853981633974483, 1.4142135623730951
238, 18, 198, 403, 196, 404, 2, -1, -0.4636476090008061, 2.23606797749979
238, 19, 112, 153, 111, 154, 1, -1, -0.7853981633974483, 1.4142135623730951
238, 20, 201, 332, 199, 331, 2, 1, 0.4636476090008061, 2.23606797749979
238, 21, 18, 135, 16, 136, 2, -1, -0.4636476090008061, 2.23606797749979
238, 22, 59, 181, 58, 182, 1, -1, -0.7853981633974483, 1.4142135623730951
238, 23, 12, 109, 10, 108, 2, 1, 0.4636476090008061, 2.23606797749979
238, 24, 113, 145, 111, 146, 2, -1, -0.4636476090008061, 2.23606797749979
238, 26, 169, 349, 168, 348, 1, 1, 0.7853981633974483, 1.4142135623730951
238, 27, 281, 367, 279, 367, 2, 0, 0.0, 2.0
238, 28, 172, 309, 170, 309, 2, 0, 0.0, 2.0
238, 30, 40, 352, 38, 352, 2, 0, 0.0, 2.0
238, 31, 199, 395, 196, 395, 3, 0, 0.0, 3.0
238, 32, 91, 75, 90, 76, 1, -1, -0.7853981633974483, 1.4142135623730951
238, 33, 37, 362, 36, 363, 1, -1, -0.7853981633974483, 1.4142135623730951
238, 34, 138, 325, 136, 325, 2, 0, 0.0, 2.0
238, 35, 129, 117, 128, 118, 1, -1, -0.7853981633974483, 1.4142135623730951
238, 36, 227, 388, 225, 389, 2, -1, -0.4636476090008061, 2.23606797749979
238, 37, 222, 353, 220, 354, 2, -1, -0.4636476090008061, 2.23606797749979
238, 38, 128, 176, 126, 177, 2, -1, -0.4636476090008061, 2.23606797749979
238, 39, 42, 106, 40, 106, 2, 0, 0.0, 2.0
238, 40, 55, 307, 53, 307, 2, 0, 0.0, 2.0
238, 44, 213, 127, 212, 128, 1, -1, -0.7853981633974483, 1.4142135623730951
238, 45, 33, 371, 31, 371, 2, 0, 0.0, 2.0
238, 47, 123, 329, 121, 329, 2, 0, 0.0, 2.0
238, 49, 113, 98, 111, 99, 2, -1, -0.4636476090008061, 2.23606797749979
238, 50, 196, 153, 194, 154, 2, -1, -0.4636476090008061, 2.23606797749979
238, 52, 199, 375, 198, 376, 1, -1, -0.7853981633974483, 1.4142135623730951
238, 53, 138, 396, 136, 395, 2, 1, 0.4636476090008061, 2.23606797749979
238, 54, 93, 130, 92, 131, 1, -1, -0.7853981633974483, 1.4142135623730951
238, 56, 19, 303, 17, 304, 2, -1, -0.4636476090008061, 2.23606797749979
238, 57, 24, 158, 22, 158, 2, 0, 0.0, 2.0
238, 58, 46, 360, 45, 361, 1, -1, -0.7853981633974483, 1.4142135623730951
238, 59, 163, 378, 161, 378, 2, 0, 0.0, 2.0
238, 60, 152, 132, 148, 133, 4, -1, -0.24497866312686414, 4.123105625617661
238, 61, 170, 156, 169, 157, 1, -1, -0.7853981633974483, 1.4142135623730951
238, 62, 217, 354, 215, 354, 2, 0, 0.0, 2.0
238, 64, 182, 133, 181, 134, 1, -1, -0.7853981633974483, 1.4142135623730951
238, 66, 14, 198, 13, 199, 1, -1, -0.7853981633974483, 1.4142135623730951
238, 67, 65, 376, 63, 376, 2, 0, 0.0, 2.0
238, 68, 108, 392, 104, 392, 4, 0, 0.0, 4.0
239, 0, 74, 291, 72, 290, 2, 1, 0.4636476090008061, 2.23606797749979
239, 1, 202, 73, 200, 73, 2, 0, 0.0, 2.0
239, 2, 52, 176, 51, 177, 1, -1, -0.7853981633974483, 1.4142135623730951
239, 3, 12, 128, 10, 129, 2, -1, -0.4636476090008061, 2.23606797749979
239, 4, 121, 119, 120, 120, 1, -1, -0.7853981633974483, 1.4142135623730951
239, 6, 85, 126, 84, 127, 1, -1, -0.7853981633974483, 1.4142135623730951
239, 7, 163, 151, 162, 152, 1, -1, -0.7853981633974483, 1.4142135623730951
239, 8, 154, 72, 152, 72, 2, 0, 0.0, 2.0
239, 9, 204, 111, 202, 112, 2, -1, -0.4636476090008061, 2.23606797749979
239, 10, 87, 72, 85, 72, 2, 0, 0.0, 2.0
239, 11, 163, 160, 162, 161, 1, -1, -0.7853981633974483, 1.4142135623730951
239, 12, 42, 398, 38, 399, 4, -1, -0.24497866312686414, 4.123105625617661
239, 13, 97, 188, 96, 189, 1, -1, -0.7853981633974483, 1.4142135623730951
239, 15, 130, 125, 128, 126, 2, -1, -0.4636476090008061, 2.23606797749979
239, 16, 76, 98, 74, 99, 2, -1, -0.4636476090008061, 2.23606797749979
239, 17, 51, 277, 49, 278, 2, -1, -0.4636476090008061, 2.23606797749979
239, 18, 200, 402, 198, 403, 2, -1, -0.4636476090008061, 2.23606797749979
239, 19, 113, 152, 112, 153, 1, -1, -0.7853981633974483, 1.4142135623730951
239, 21, 19, 134, 18, 135, 1, -1, -0.7853981633974483, 1.4142135623730951
239, 22, 60, 180, 59, 181, 1, -1, -0.7853981633974483, 1.4142135623730951
239, 23, 13, 110, 12, 109, 1, 1, 0.7853981633974483, 1.4142135623730951
239, 24, 114, 144, 113, 145, 1, -1, -0.7853981633974483, 1.4142135623730951
239, 26, 171, 349, 169, 349, 2, 0, 0.0, 2.0
239, 28, 174, 309, 172, 309, 2, 0, 0.0, 2.0
239, 29, 17, 379, 15, 379, 2, 0, 0.0, 2.0
239, 30, 42, 351, 40, 352, 2, -1, -0.4636476090008061, 2.23606797749979
239, 31, 202, 395, 199, 395, 3, 0, 0.0, 3.0
239, 33, 39, 362, 37, 362, 2, 0, 0.0, 2.0
239, 34, 141, 324, 138, 325, 3, -1, -0.3217505543966422, 3.1622776601683795
239, 35, 130, 116, 129, 117, 1, -1, -0.7853981633974483, 1.4142135623730951
239, 36, 229, 388, 227, 388, 2, 0, 0.0, 2.0
239, 37, 224, 353, 222, 353, 2, 0, 0.0, 2.0
239, 38, 130, 175, 128, 176, 2, -1, -0.4636476090008061, 2.23606797749979
239, 39, 44, 106, 42, 106, 2, 0, 0.0, 2.0
239, 40, 57, 307, 55, 307, 2, 0, 0.0, 2.0
239, 41, 62, 307, 61, 306, 1, 1, 0.7853981633974483, 1.4142135623730951
239, 45, 35, 371, 33, 371, 2, 0, 0.0, 2.0
239, 46, 189, 136, 188, 137, 1, -1, -0.7853981633974483, 1.4142135623730951
239, 47, 125, 330, 123, 329, 2, 1, 0.4636476090008061, 2.23606797749979
239, 48, 143, 395, 141, 395, 2, 0, 0.0, 2.0
239, 49, 114, 97, 113, 98, 1, -1, -0.7853981633974483, 1.4142135623730951
239, 50, 198, 151, 196, 153, 2, -2, -0.7853981633974483, 2.8284271247461903
239, 51, 50, 134, 48, 135, 2, -1, -0.4636476090008061, 2.23606797749979
239, 52, 201, 374, 199, 375, 2, -1, -0.4636476090008061, 2.23606797749979
239, 53, 140, 396, 138, 396, 2, 0, 0.0, 2.0
239, 55, 170, 306, 169, 305, 1, 1, 0.7853981633974483, 1.4142135623730951
239, 56, 21, 303, 19, 303, 2, 0, 0.0, 2.0
239, 57, 26, 158, 24, 158, 2, 0, 0.0, 2.0
239, 58, 48, 359, 46, 360, 2, -1, -0.4636476090008061, 2.23606797749979
239, 59, 165, 377, 163, 378, 2, -1, -0.4636476090008061, 2.23606797749979
239, 60, 153, 131, 152, 132, 1, -1, -0.7853981633974483, 1.4142135623730951
239, 62, 219, 354, 217, 354, 2, 0, 0.0, 2.0
239, 63, 158, 104, 157, 105, 1, -1, -0.7853981633974483, 1.4142135623730951
239, 64, 183, 132, 182, 133, 1, -1, -0.7853981633974483, 1.4142135623730951
239, 66, 16, 198, 14, 198, 2, 0, 0.0, 2.0
239, 67, 67, 375, 65, 376, 2, -1, -0.4636476090008061, 2.23606797749979
240, 0, 53, 179, 52, 180, 1, -1, -0.7853981633974483, 1.4142135623730951
240, 1, 9, 132, 8, 133, 1, -1, -0.7853981633974483, 1.4142135623730951
240, 2, 113, 148, 112, 149, 1, -1, -0.7853981633974483, 1.4142135623730951
240, 3, 120, 121, 119, 122, 1, -1, -0.7853981633974483, 1.4142135623730951
240, 5, 85, 127, 84, 128, 1, -1, -0.7853981633974483, 1.4142135623730951
240, 6, 161, 156, 160, 157, 1, -1, -0.7853981633974483, 1.4142135623730951
240, 7, 101, 148, 100, 149, 1, -1, -0.7853981633974483, 1.4142135623730951
240, 9, 199, 405, 197, 405, 2, 0, 0.0, 2.0
240, 10, 199, 73, 198, 74, 1, -1, -0.7853981633974483, 1.4142135623730951
240, 11, 132, 121, 130, 122, 2, -1, -0.4636476090008061, 2.23606797749979
240, 12, 6, 181, 5, 182, 1, -1, -0.7853981633974483, 1.4142135623730951
240, 13, 88, 74, 86, 74, 2, 0, 0.0, 2.0
240, 14, 59, 188, 57, 188, 2, 0, 0.0, 2.0
240, 15, 74, 103, 73, 104, 1, -1, -0.7853981633974483, 1.4142135623730951
240, 16, 49, 277, 48, 278, 1, -1, -0.7853981633974483, 1.4142135623730951
240, 18, 40, 402, 38, 403, 2, -1, -0.4636476090008061, 2.23606797749979
240, 19, 42, 108, 40, 108, 2, 0, 0.0, 2.0
240, 21, 7, 306, 6, 307, 1, -1, -0.7853981633974483, 1.4142135623730951
240, 25, 20, 114, 19, 116, 1, -2, -1.1071487177940904, 2.23606797749979
240, 26, 126, 126, 125, 127, 1, -1, -0.7853981633974483, 1.4142135623730951
240, 28, 255, 350, 253, 351, 2, -1, -0.4636476090008061, 2.23606797749979
240, 29, 39, 363, 37, 363, 2, 0, 0.0, 2.0
240, 31, 13, 296, 10, 297, 3, -1, -0.3217505543966422, 3.1622776601683795
240, 32, 16, 380, 15, 381, 1, -1, -0.7853981633974483, 1.4142135623730951
240, 33, 196, 154, 194, 155, 2, -1, -0.4636476090008061, 2.23606797749979
240, 34, 16, 136, 15, 137, 1, -1, -0.7853981633974483, 1.4142135623730951
240, 35, 281, 367, 279, 367, 2, 0, 0.0, 2.0
240, 38, 127, 176, 126, 177, 1, -1, -0.7853981633974483, 1.4142135623730951
240, 39, 42, 354, 39, 354, 3, 0, 0.0, 3.0
240, 40, 63, 182, 62, 183, 1, -1, -0.7853981633974483, 1.4142135623730951
240, 42, 23, 204, 21, 204, 2, 0, 0.0, 2.0
240, 43, 255, 120, 253, 120, 2, 0, 0.0, 2.0
240, 46, 202, 112, 200, 113, 2, -1, -0.4636476090008061, 2.23606797749979
240, 47, 137, 398, 135, 398, 2, 0, 0.0, 2.0
240, 48, 50, 135, 48, 136, 2, -1, -0.4636476090008061, 2.23606797749979
240, 49, 206, 395, 203, 395, 3, 0, 0.0, 3.0
240, 50, 111, 99, 109, 100, 2, -1, -0.4636476090008061, 2.23606797749979
240, 52, 184, 135, 183, 136, 1, -1, -0.7853981633974483, 1.4142135623730951
240, 53, 148, 348, 147, 347, 1, 1, 0.7853981633974483, 1.4142135623730951
240, 54, 230, 389, 228, 389, 2, 0, 0.0, 2.0
240, 55, 67, 309, 66, 308, 1, 1, 0.7853981633974483, 1.4142135623730951
240, 56, 199, 161, 197, 162, 2, -1, -0.4636476090008061, 2.23606797749979
240, 60, 92, 183, 91, 184, 1, -1, -0.7853981633974483, 1.4142135623730951
240, 61, 16, 200, 14, 201, 2, -1, -0.4636476090008061, 2.23606797749979
240, 63, 47, 398, 45, 399, 2, -1, -0.4636476090008061, 2.23606797749979
240, 64, 6, 348, 5, 347, 1, 1, 0.7853981633974483, 1.4142135623730951
240, 65, 17, 305, 16, 306, 1, -1, -0.7853981633974483, 1.4142135623730951
240, 66, 64, 376, 63, 377, 1, -1, -0.7853981633974483, 1.4142135623730951
241, 0, 54, 178, 53, 179, 1, -1, -0.7853981633974483, 1.4142135623730951
241, 1, 11, 132, 9, 132, 2, 0, 0.0, 2.0
241, 2, 114, 147, 113, 148, 1, -1, -0.7853981633974483, 1.4142135623730951
241, 3, 122, 120, 120, 121, 2, -1, -0.4636476090008061, 2.23606797749979
241, 4, 75, 292, 73, 292, 2, 0, 0.0, 2.0
241, 6, 162, 155, 161, 156, 1, -1, -0.7853981633974483, 1.4142135623730951
241, 7, 102, 147, 101, 148, 1, -1, -0.7853981633974483, 1.4142135623730951
241, 8, 153, 72, 151, 73, 2, -1, -0.4636476090008061, 2.23606797749979
241, 9, 201, 404, 199, 405, 2, -1, -0.4636476090008061, 2.23606797749979
241, 10, 201, 73, 199, 73, 2, 0, 0.0, 2.0
241, 11, 134, 120, 132, 121, 2, -1, -0.4636476090008061, 2.23606797749979
241, 14, 60, 187, 59, 188, 1, -1, -0.7853981633974483, 1.4142135623730951
241, 16, 50, 276, 49, 277, 1, -1, -0.7853981633974483, 1.4142135623730951
241, 17, 85, 161, 83, 162, 2, -1, -0.4636476090008061, 2.23606797749979
241, 18, 42, 402, 40, 402, 2, 0, 0.0, 2.0
241, 19, 43, 107, 42, 108, 1, -1, -0.7853981633974483, 1.4142135623730951
241, 20, 99, 192, 97, 193, 2, -1, -0.4636476090008061, 2.23606797749979
241, 22, 52, 87, 50, 88, 2, -1, -0.4636476090008061, 2.23606797749979
241, 26, 128, 125, 126, 126, 2, -1, -0.4636476090008061, 2.23606797749979
241, 28, 257, 350, 255, 350, 2, 0, 0.0, 2.0
241, 30, 59, 308, 57, 308, 2, 0, 0.0, 2.0
241, 31, 16, 296, 13, 296, 3, 0, 0.0, 3.0
241, 33, 197, 153, 196, 154, 1, -1, -0.7853981633974483, 1.4142135623730951
241, 35, 284, 366, 281, 367, 3, -1, -0.3217505543966422, 3.1622776601683795
241, 38, 129, 175, 127, 176, 2, -1, -0.4636476090008061, 2.23606797749979
241, 39, 45, 353, 42, 354, 3, -1, -0.3217505543966422, 3.1622776601683795
241, 40, 65, 182, 63, 182, 2, 0, 0.0, 2.0
241, 41, 251, 340, 250, 341, 1, -1, -0.7853981633974483, 1.4142135623730951
241, 42, 25, 203, 23, 204, 2, -1, -0.4636476090008061, 2.23606797749979
241, 43, 257, 118, 255, 120, 2, -2, -0.7853981633974483, 2.8284271247461903
241, 45, 169, 349, 168, 350, 1, -1, -0.7853981633974483, 1.4142135623730951
241, 46, 204, 111, 202, 112, 2, -1, -0.4636476090008061, 2.23606797749979
241, 47, 139, 398, 137, 398, 2, 0, 0.0, 2.0
241, 48, 52, 134, 50, 135, 2, -1, -0.4636476090008061, 2.23606797749979
241, 49, 208, 395, 206, 395, 2, 0, 0.0, 2.0
241, 50, 112, 98, 111, 99, 1, -1, -0.7853981633974483, 1.4142135623730951
241, 51, 202, 373, 200, 373, 2, 0, 0.0, 2.0
241, 52, 185, 134, 184, 135, 1, -1, -0.7853981633974483, 1.4142135623730951
241, 54, 232, 388, 230, 389, 2, -1, -0.4636476090008061, 2.23606797749979
241, 55, 68, 308, 67, 309, 1, -1, -0.7853981633974483, 1.4142135623730951
241, 56, 201, 159, 199, 161, 2, -2, -0.7853981633974483, 2.8284271247461903
241, 57, 27, 159, 26, 160, 1, -1, -0.7853981633974483, 1.4142135623730951
241, 60, 94, 182, 92, 183, 2, -1, -0.4636476090008061, 2.23606797749979
241, 61, 18, 199, 16, 200, 2, -1, -0.4636476090008061, 2.23606797749979
241, 62, 85, 369, 83, 369, 2, 0, 0.0, 2.0
241, 63, 49, 398, 47, 398, 2, 0, 0.0, 2.0
241, 65, 18, 304, 17, 305, 1, -1, -0.7853981633974483, 1.4142135623730951
241, 66, 65, 375, 64, 376, 1, -1, -0.7853981633974483, 1.4142135623730951
242, 0, 55, 177, 54, 178, 1, -1, -0.7853981633974483, 1.4142135623730951
242, 1, 14, 131, 11, 132, 3, -1, -0.3217505543966422, 3.1622776601683795
242, 3, 123, 119, 122, 120, 1, -1, -0.7853981633974483, 1.4142135623730951
242, 4, 77, 293, 75, 292, 2, 1, 0.4636476090008061, 2.23606797749979
242, 5, 87, 126, 86, 127, 1, -1, -0.7853981633974483, 1.4142135623730951
242, 6, 164, 153, 162, 155, 2, -2, -0.7853981633974483, 2.8284271247461903
242, 7, 103, 146, 102, 147, 1, -1, -0.7853981633974483, 1.4142135623730951
242, 8, 155, 71, 153, 72, 2, -1, -0.4636476090008061, 2.23606797749979
242, 9, 202, 403, 201, 404, 1, -1, -0.7853981633974483, 1.4142135623730951
242, 10, 203, 72, 201, 73, 2, -1, -0.4636476090008061, 2.23606797749979
242, 12, 9, 180, 7, 181, 2, -1, -0.4636476090008061, 2.23606797749979
242, 13, 92, 73, 89, 74, 3, -1, -0.3217505543966422, 3.1622776601683795
242, 14, 62, 186, 60, 187, 2, -1, -0.4636476090008061, 2.23606797749979
242, 15, 77, 103, 75, 103, 2, 0, 0.0, 2.0
242, 16, 52, 276, 50, 276, 2, 0, 0.0, 2.0
242, 18, 44, 402, 42, 402, 2, 0, 0.0, 2.0
242, 19, 44, 106, 43, 107, 1, -1, -0.7853981633974483, 1.4142135623730951
242, 21, 10, 306, 8, 306, 2, 0, 0.0, 2.0
242, 22, 55, 87, 52, 87, 3, 0, 0.0, 3.0
242, 23, 15, 114, 13, 114, 2, 0, 0.0, 2.0
242, 24, 90, 136, 89, 137, 1, -1, -0.7853981633974483, 1.4142135623730951
242, 29, 41, 362, 40, 363, 1, -1, -0.7853981633974483, 1.4142135623730951
242, 30, 61, 308, 59, 308, 2, 0, 0.0, 2.0
242, 31, 19, 295, 16, 296, 3, -1, -0.3217505543966422, 3.1622776601683795
242, 33, 198, 152, 197, 153, 1, -1, -0.7853981633974483, 1.4142135623730951
242, 34, 19, 136, 17, 136, 2, 0, 0.0, 2.0
242, 35, 286, 365, 284, 366, 2, -1, -0.4636476090008061, 2.23606797749979
242, 37, 171, 158, 170, 159, 1, -1, -0.7853981633974483, 1.4142135623730951
242, 38, 131, 174, 129, 175, 2, -1, -0.4636476090008061, 2.23606797749979
242, 39, 47, 353, 45, 353, 2, 0, 0.0, 2.0
242, 42, 27, 202, 25, 203, 2, -1, -0.4636476090008061, 2.23606797749979
242, 44, 172, 310, 171, 309, 1, 1, 0.7853981633974483, 1.4142135623730951
242, 46, 206, 110, 204, 111, 2, -1, -0.4636476090008061, 2.23606797749979
242, 47, 141, 398, 139, 398, 2, 0, 0.0, 2.0
242, 48, 54, 133, 52, 134, 2, -1, -0.4636476090008061, 2.23606797749979
242, 50, 113, 97, 112, 98, 1, -1, -0.7853981633974483, 1.4142135623730951
242, 51, 203, 372, 202, 373, 1, -1, -0.7853981633974483, 1.4142135623730951
242, 52, 186, 133, 185, 134, 1, -1, -0.7853981633974483, 1.4142135623730951
242, 54, 234, 388, 232, 388, 2, 0, 0.0, 2.0
242, 55, 69, 309, 68, 308, 1, 1, 0.7853981633974483, 1.4142135623730951
242, 58, 12, 174, 11, 175, 1, -1, -0.7853981633974483, 1.4142135623730951
242, 60, 95, 181, 94, 182, 1, -1, -0.7853981633974483, 1.4142135623730951
242, 61, 19, 198, 18, 199, 1, -1, -0.7853981633974483, 1.4142135623730951
242, 63, 51, 398, 49, 398, 2, 0, 0.0, 2.0
242, 65, 19, 303, 18, 304, 1, -1, -0.7853981633974483, 1.4142135623730951
242, 66, 67, 374, 65, 375, 2, -1, -0.4636476090008061, 2.23606797749979
243, 0, 56, 176, 55, 177, 1, -1, -0.7853981633974483, 1.4142135623730951
243, 1, 16, 130, 14, 131, 2, -1, -0.4636476090008061, 2.23606797749979
243, 2, 116, 146, 115, 147, 1, -1, -0.7853981633974483, 1.4142135623730951
243, 3, 124, 118, 123, 119, 1, -1, -0.7853981633974483, 1.4142135623730951
243, 4, 79, 293, 77, 293, 2, 0, 0.0, 2.0
243, 5, 88, 125, 87, 126, 1, -1, -0.7853981633974483, 1.4142135623730951
243, 6, 165, 152, 164, 153, 1, -1, -0.7853981633974483, 1.4142135623730951
243, 7, 104, 145, 103, 146, 1, -1, -0.7853981633974483, 1.4142135623730951
243, 8, 157, 70, 155, 71, 2, -1, -0.4636476090008061, 2.23606797749979
243, 9, 204, 403, 202, 403, 2, 0, 0.0, 2.0
243, 10, 205, 71, 203, 72, 2, -1, -0.4636476090008061, 2.23606797749979
243, 11, 137, 120, 135, 120, 2, 0, 0.0, 2.0
243, 12, 11, 179, 9, 180, 2, -1, -0.4636476090008061, 2.23606797749979
243, 15, 78, 102, 77, 103, 1, -1, -0.7853981633974483, 1.4142135623730951
243, 16, 54, 276, 52, 276, 2, 0, 0.0, 2.0
243, 17, 88, 160, 86, 161, 2, -1, -0.4636476090008061, 2.23606797749979
243, 18, 46, 401, 44, 402, 2, -1, -0.4636476090008061, 2.23606797749979
243, 19, 45, 105, 44, 106, 1, -1, -0.7853981633974483, 1.4142135623730951
243, 20, 104, 191, 100, 192, 4, -1, -0.24497866312686414, 4.123105625617661
243, 21, 11, 305, 10, 306, 1, -1, -0.7853981633974483, 1.4142135623730951
243, 22, 59, 87, 55, 87, 4, 0, 0.0, 4.0
243, 23, 17, 113, 15, 114, 2, -1, -0.4636476090008061, 2.23606797749979
243, 25, 21, 111, 20, 112, 1, -1, -0.7853981633974483, 1.4142135623730951
243, 26, 131, 124, 129, 125, 2, -1, -0.4636476090008061, 2.23606797749979
243, 27, 188, 330, 187, 329, 1, 1, 0.7853981633974483, 1.4142135623730951
243, 30, 63, 308, 61, 308, 2, 0, 0.0, 2.0
243, 31, 22, 296, 19, 295, 3, 1, 0.3217505543966422, 3.1622776601683795
243, 32, 19, 379, 18, 380, 1, -1, -0.7853981633974483, 1.4142135623730951
243, 33, 200, 151, 198, 152, 2, -1, -0.4636476090008061, 2.23606797749979
243, 34, 21, 135, 19, 136, 2, -1, -0.4636476090008061, 2.23606797749979
243, 35, 288, 365, 286, 365, 2, 0, 0.0, 2.0
243, 38, 132, 173, 131, 174, 1, -1, -0.7853981633974483, 1.4142135623730951
243, 39, 51, 352, 47, 353, 4, -1, -0.24497866312686414, 4.123105625617661
243, 40, 68, 182, 66, 182, 2, 0, 0.0, 2.0
243, 41, 254, 340, 252, 340, 2, 0, 0.0, 2.0
243, 42, 29, 201, 27, 202, 2, -1, -0.4636476090008061, 2.23606797749979
243, 43, 260, 118, 258, 118, 2, 0, 0.0, 2.0
243, 47, 143, 398, 141, 398, 2, 0, 0.0, 2.0
243, 48, 54, 131, 54, 133, 0, -2, -1.5707963267948966, 2.0
243, 49, 210, 396, 208, 396, 2, 0, 0.0, 2.0
243, 50, 114, 95, 113, 97, 1, -2, -1.1071487177940904, 2.23606797749979
243, 51, 201, 370, 203, 372, -2, -2, -2.356194490192345, 2.8284271247461903
243, 52, 187, 132, 186, 133, 1, -1, -0.7853981633974483, 1.4142135623730951
243, 54, 235, 387, 234, 388, 1, -1, -0.7853981633974483, 1.4142135623730951
243, 56, 202, 157, 201, 158, 1, -1, -0.7853981633974483, 1.4142135623730951
243, 60, 96, 179, 95, 181, 1, -2, -1.1071487177940904, 2.23606797749979
243, 61, 21, 198, 19, 198, 2, 0, 0.0, 2.0
243, 63, 53, 398, 51, 398, 2, 0, 0.0, 2.0
243, 65, 20, 301, 19, 303, 1, -2, -1.1071487177940904, 2.23606797749979
243, 66, 69, 374, 67, 374, 2, 0, 0.0, 2.0
244, 1, 17, 129, 16, 130, 1, -1, -0.7853981633974483, 1.4142135623730951
244, 3, 126, 117, 124, 118, 2, -1, -0.4636476090008061, 2.23606797749979
244, 6, 167, 151, 165, 152, 2, -1, -0.4636476090008061, 2.23606797749979
244, 7, 105, 144, 104, 145, 1, -1, -0.7853981633974483, 1.4142135623730951
244, 8, 159, 69, 157, 70, 2, -1, -0.4636476090008061, 2.23606797749979
244, 9, 206, 403, 204, 403, 2, 0, 0.0, 2.0
244, 10, 207, 70, 205, 71, 2, -1, -0.4636476090008061, 2.23606797749979
244, 13, 95, 73, 93, 73, 2, 0, 0.0, 2.0
244, 14, 66, 185, 63, 186, 3, -1, -0.3217505543966422, 3.1622776601683795
244, 15, 79, 101, 78, 102, 1, -1, -0.7853981633974483, 1.4142135623730951
244, 17, 89, 159, 88, 160, 1, -1, -0.7853981633974483, 1.4142135623730951
244, 18, 48, 400, 46, 401, 2, -1, -0.4636476090008061, 2.23606797749979
244, 19, 46, 104, 45, 105, 1, -1, -0.7853981633974483, 1.4142135623730951
244, 20, 106, 190, 104, 191, 2, -1, -0.4636476090008061, 2.23606797749979
244, 21, 12, 304, 11, 305, 1, -1, -0.7853981633974483, 1.4142135623730951
244, 22, 62, 87, 59, 87, 3, 0, 0.0, 3.0
244, 23, 19, 112, 17, 113, 2, -1, -0.4636476090008061, 2.23606797749979
244, 24, 94, 136, 91, 136, 3, 0, 0.0, 3.0
244, 26, 132, 123, 131, 124, 1, -1, -0.7853981633974483, 1.4142135623730951
244, 27, 191, 331, 188, 330, 3, 1, 0.3217505543966422, 3.1622776601683795
244, 28, 261, 350, 259, 350, 2, 0, 0.0, 2.0
244, 31, 25, 296, 22, 296, 3, 0, 0.0, 3.0
244, 32, 20, 378, 19, 379, 1, -1, -0.7853981633974483, 1.4142135623730951
244, 33, 202, 150, 200, 151, 2, -1, -0.4636476090008061, 2.23606797749979
244, 34, 23, 135, 21, 135, 2, 0, 0.0, 2.0
244, 35, 289, 364, 288, 365, 1, -1, -0.7853981633974483, 1.4142135623730951
244, 36, 160, 129, 158, 130, 2, -1, -0.4636476090008061, 2.23606797749979
244, 37, 173, 157, 172, 158, 1, -1, -0.7853981633974483, 1.4142135623730951
244, 38, 134, 173, 132, 173, 2, 0, 0.0, 2.0
244, 39, 53, 351, 51, 352, 2, -1, -0.4636476090008061, 2.23606797749979
244, 41, 259, 342, 254, 340, 5, 2, 0.3805063771123649, 5.385164807134504
244, 42, 31, 200, 29, 201, 2, -1, -0.4636476090008061, 2.23606797749979
244, 43, 262, 118, 260, 118, 2, 0, 0.0, 2.0
244, 45, 172, 348, 171, 349, 1, -1, -0.7853981633974483, 1.4142135623730951
244, 46, 207, 111, 206, 110, 1, 1, 0.7853981633974483, 1.4142135623730951
244, 47, 144, 397, 143, 398, 1, -1, -0.7853981633974483, 1.4142135623730951
244, 48, 55, 130, 54, 131, 1, -1, -0.7853981633974483, 1.4142135623730951
244, 49, 211, 395, 210, 396, 1, -1, -0.7853981633974483, 1.4142135623730951
244, 50, 115, 94, 114, 95, 1, -1, -0.7853981633974483, 1.4142135623730951
244, 51, 203, 370, 201, 370, 2, 0, 0.0, 2.0
244, 52, 188, 131, 187, 132, 1, -1, -0.7853981633974483, 1.4142135623730951
244, 54, 237, 387, 235, 387, 2, 0, 0.0, 2.0
244, 56, 203, 156, 202, 157, 1, -1, -0.7853981633974483, 1.4142135623730951
244, 57, 30, 158, 28, 158, 2, 0, 0.0, 2.0
244, 58, 14, 173, 13, 174, 1, -1, -0.7853981633974483, 1.4142135623730951
244, 60, 98, 178, 96, 179, 2, -1, -0.4636476090008061, 2.23606797749979
244, 61, 22, 197, 21, 198, 1, -1, -0.7853981633974483, 1.4142135623730951
244, 62, 82, 370, 83, 369, -1, 1, 2.356194490192345, 1.4142135623730951
244, 63, 55, 398, 53, 398, 2, 0, 0.0, 2.0
244, 65, 22, 300, 20, 301, 2, -1, -0.4636476090008061, 2.23606797749979
244, 66, 71, 374, 69, 374, 2, 0, 0.0, 2.0
245, 0, 57, 179, 56, 180, 1, -1, -0.7853981633974483, 1.4142135623730951
245, 1, 205, 405, 203, 405, 2, 0, 0.0, 2.0
245, 2, 137, 122, 135, 122, 2, 0, 0.0, 2.0
245, 3, 118, 148, 117, 149, 1, -1, -0.7853981633974483, 1.4142135623730951
245, 4, 205, 72, 203, 73, 2, -1, -0.4636476090008061, 2.23606797749979
245, 5, 15, 133, 14, 134, 1, -1, -0.7853981633974483, 1.4142135623730951
245, 6, 90, 127, 88, 128, 2, -1, -0.4636476090008061, 2.23606797749979
245, 7, 166, 155, 165, 156, 1, -1, -0.7853981633974483, 1.4142135623730951
245, 8, 105, 147, 104, 149, 1, -2, -1.1071487177940904, 2.23606797749979
245, 9, 84, 292, 82, 292, 2, 0, 0.0, 2.0
245, 10, 159, 71, 156, 72, 3, -1, -0.3217505543966422, 3.1622776601683795
245, 11, 144, 325, 142, 325, 2, 0, 0.0, 2.0
245, 12, 125, 119, 123, 121, 2, -2, -0.7853981633974483, 2.8284271247461903
245, 13, 55, 283, 53, 283, 2, 0, 0.0, 2.0
245, 14, 97, 75, 95, 75, 2, 0, 0.0, 2.0
245, 17, 22, 381, 20, 381, 2, 0, 0.0, 2.0
245, 18, 78, 101, 77, 102, 1, -1, -0.7853981633974483, 1.4142135623730951
245, 19, 173, 311, 172, 310, 1, 1, 0.7853981633974483, 1.4142135623730951
245, 20, 47, 107, 45, 108, 2, -1, -0.4636476090008061, 2.23606797749979
245, 23, 141, 400, 136, 399, 5, 1, 0.19739555984988075, 5.0990195135927845
245, 24, 46, 402, 44, 403, 2, -1, -0.4636476090008061, 2.23606797749979
245, 25, 12, 306, 11, 307, 1, -1, -0.7853981633974483, 1.4142135623730951
245, 26, 192, 333, 190, 332, 2, 1, 0.4636476090008061, 2.23606797749979
245, 28, 56, 395, 55, 396, 1, -1, -0.7853981633974483, 1.4142135623730951
245, 29, 43, 362, 42, 363, 1, -1, -0.7853981633974483, 1.4142135623730951
245, 30, 9, 173, 8, 174, 1, -1, -0.7853981633974483, 1.4142135623730951
245, 31, 134, 174, 132, 175, 2, -1, -0.4636476090008061, 2.23606797749979
245, 32, 170, 162, 168, 164, 2, -2, -0.7853981633974483, 2.8284271247461903
245, 33, 158, 132, 157, 133, 1, -1, -0.7853981633974483, 1.4142135623730951
245, 34, 117, 93, 114, 94, 3, -1, -0.3217505543966422, 3.1622776601683795
245, 36, 287, 365, 285, 366, 2, -1, -0.4636476090008061, 2.23606797749979
245, 37, 237, 390, 235, 390, 2, 0, 0.0, 2.0
245, 40, 249, 145, 247, 146, 2, -1, -0.4636476090008061, 2.23606797749979
245, 41, 23, 136, 22, 137, 1, -1, -0.7853981633974483, 1.4142135623730951
245, 42, 53, 134, 52, 135, 1, -1, -0.7853981633974483, 1.4142135623730951
245, 45, 22, 198, 20, 199, 2, -1, -0.4636476090008061, 2.23606797749979
245, 48, 262, 346, 260, 346, 2, 0, 0.0, 2.0
245, 50, 30, 159, 29, 160, 1, -1, -0.7853981633974483, 1.4142135623730951
245, 52, 58, 309, 56, 308, 2, 1, 0.4636476090008061, 2.23606797749979
245, 53, 105, 189, 102, 191, 3, -2, -0.5880026035475675, 3.605551275463989
245, 55, 205, 104, 204, 105, 1, -1, -0.7853981633974483, 1.4142135623730951
245, 56, 18, 112, 16, 113, 2, -1, -0.4636476090008061, 2.23606797749979
245, 57, 61, 279, 59, 279, 2, 0, 0.0, 2.0
245, 58, 180, 377, 179, 378, 1, -1, -0.7853981633974483, 1.4142135623730951
245, 62, 216, 129, 215, 130, 1, -1, -0.7853981633974483, 1.4142135623730951
245, 63, 53, 74, 52, 75, 1, -1, -0.7853981633974483, 1.4142135623730951
245, 64, 99, 181, 98, 183, 1, -2, -1.1071487177940904, 2.23606797749979
245, 65, 9, 348, 7, 348, 2, 0, 0.0, 2.0
245, 66, 221, 355, 218, 354, 3, 1, 0.3217505543966422, 3.1622776601683795
245, 67, 182, 311, 180, 312, 2, -1, -0.4636476090008061, 2.23606797749979
245, 68, 132, 129, 130, 130, 2, -1, -0.4636476090008061, 2.23606797749979
245, 69, 88, 161, 87, 162, 1, -1, -0.7853981633974483, 1.4142135623730951
245, 71, 79, 376, 77, 377, 2, -1, -0.4636476090008061, 2.23606797749979
245, 72, 70, 375, 68, 376, 2, -1, -0.4636476090008061, 2.23606797749979
245, 74, 176, 349, 174, 349, 2, 0, 0.0, 2.0
245, 75, 173, 131, 170, 132, 3, -1, -0.3217505543966422, 3.1622776601683795
245, 76, 104, 160, 103, 161, 1, -1, -0.7853981633974483, 1.4142135623730951
245, 78, 63, 330, 62, 331, 1, -1, -0.7853981633974483, 1.4142135623730951
245, 79, 43, 281, 41, 282, 2, -1, -0.4636476090008061, 2.23606797749979
245, 80, 116, 330, 114, 330, 2, 0, 0.0, 2.0
245, 81, 100, 319, 98, 319, 2, 0, 0.0, 2.0
245, 85, 205, 377, 203, 378, 2, -1, -0.4636476090008061, 2.23606797749979
245, 86, 60, 354, 59, 355, 1, -1, -0.7853981633974483, 1.4142135623730951
245, 88, 46, 395, 45, 396, 1, -1, -0.7853981633974483, 1.4142135623730951
245, 89, 252, 347, 250, 347, 2, 0, 0.0, 2.0
245, 90, 226, 135, 225, 136, 1, -1, -0.7853981633974483, 1.4142135623730951
245, 91, 265, 118, 263, 119, 2, -1, -0.4636476090008061, 2.23606797749979
245, 92, 34, 202, 32, 204, 2, -2, -0.7853981633974483, 2.8284271247461903
245, 93, 134, 152, 132, 154, 2, -2, -0.7853981633974483, 2.8284271247461903
246, 0, 58, 178, 57, 179, 1, -1, -0.7853981633974483, 1.4142135623730951
246, 1, 207, 405, 205, 405, 2, 0, 0.0, 2.0
246, 3, 119, 147, 118, 148, 1, -1, -0.7853981633974483, 1.4142135623730951
246, 4, 207, 72, 205, 72, 2, 0, 0.0, 2.0
246, 6, 91, 126, 90, 127, 1, -1, -0.7853981633974483, 1.4142135623730951
246, 7, 167, 154, 166, 155, 1, -1, -0.7853981633974483, 1.4142135623730951
246, 8, 106, 146, 105, 147, 1, -1, -0.7853981633974483, 1.4142135623730951
246, 10, 161, 71, 159, 71, 2, 0, 0.0, 2.0
246, 12, 127, 118, 125, 119, 2, -1, -0.4636476090008061, 2.23606797749979
246, 13, 57, 283, 55, 283, 2, 0, 0.0, 2.0
246, 15, 71, 182, 69, 182, 2, 0, 0.0, 2.0
246, 16, 19, 177, 17, 177, 2, 0, 0.0, 2.0
246, 18, 79, 100, 78, 101, 1, -1, -0.7853981633974483, 1.4142135623730951
246, 20, 50, 106, 47, 107, 3, -1, -0.3217505543966422, 3.1622776601683795
246, 21, 207, 111, 206, 112, 1, -1, -0.7853981633974483, 1.4142135623730951
246, 23, 143, 400, 141, 400, 2, 0, 0.0, 2.0
246, 24, 48, 402, 46, 402, 2, 0, 0.0, 2.0
246, 25, 14, 306, 12, 306, 2, 0, 0.0, 2.0
246, 26, 195, 333, 192, 333, 3, 0, 0.0, 3.0
246, 27, 97, 135, 96, 136, 1, -1, -0.7853981633974483, 1.4142135623730951
246, 28, 58, 394, 56, 395, 2, -1, -0.4636476090008061, 2.23606797749979
246, 31, 136, 173, 134, 174, 2, -1, -0.4636476090008061, 2.23606797749979
246, 32, 170, 160, 170, 162, 0, -2, -1.5707963267948966, 2.0
246, 33, 159, 131, 158, 132, 1, -1, -0.7853981633974483, 1.4142135623730951
246, 34, 119, 92, 117, 93, 2, -1, -0.4636476090008061, 2.23606797749979
246, 36, 290, 365, 287, 365, 3, 0, 0.0, 3.0
246, 37, 239, 390, 237, 390, 2, 0, 0.0, 2.0
246, 40, 252, 143, 249, 145, 3, -2, -0.5880026035475675, 3.605551275463989
246, 41, 24, 135, 23, 136, 1, -1, -0.7853981633974483, 1.4142135623730951
246, 42, 54, 133, 53, 134, 1, -1, -0.7853981633974483, 1.4142135623730951
246, 43, 205, 395, 204, 396, 1, -1, -0.7853981633974483, 1.4142135623730951
246, 44, 202, 153, 200, 154, 2, -1, -0.4636476090008061, 2.23606797749979
246, 45, 23, 197, 22, 198, 1, -1, -0.7853981633974483, 1.4142135623730951
246, 47, 70, 310, 68, 310, 2, 0, 0.0, 2.0
246, 48, 263, 345, 262, 346, 1, -1, -0.7853981633974483, 1.4142135623730951
246, 50, 31, 158, 30, 159, 1, -1, -0.7853981633974483, 1.4142135623730951
246, 51, 24, 298, 22, 299, 2, -1, -0.4636476090008061, 2.23606797749979
246, 53, 108, 188, 105, 189, 3, -1, -0.3217505543966422, 3.1622776601683795
246, 54, 178, 342, 180, 343, -2, -1, -2.677945044588987, 2.23606797749979
246, 55, 208, 103, 205, 104, 3, -1, -0.3217505543966422, 3.1622776601683795
246, 56, 19, 111, 18, 112, 1, -1, -0.7853981633974483, 1.4142135623730951
246, 62, 217, 128, 216, 129, 1, -1, -0.7853981633974483, 1.4142135623730951
246, 63, 54, 73, 53, 74, 1, -1, -0.7853981633974483, 1.4142135623730951
246, 64, 100, 180, 99, 181, 1, -1, -0.7853981633974483, 1.4142135623730951
246, 67, 183, 310, 182, 311, 1, -1, -0.7853981633974483, 1.4142135623730951
246, 68, 133, 128, 132, 129, 1, -1, -0.7853981633974483, 1.4142135623730951
246, 71, 81, 375, 79, 376, 2, -1, -0.4636476090008061, 2.23606797749979
246, 73, 51, 355, 49, 355, 2, 0, 0.0, 2.0
246, 75, 176, 130, 173, 131, 3, -1, -0.3217505543966422, 3.1622776601683795
246, 76, 100, 160, 104, 160, -4, 0, 3.141592653589793, 4.0
246, 77, 173, 380, 171, 380, 2, 0, 0.0, 2.0
246, 79, 45, 281, 43, 281, 2, 0, 0.0, 2.0
246, 80, 119, 329, 116, 330, 3, -1, -0.3217505543966422, 3.1622776601683795
246, 81, 103, 320, 100, 319, 3, 1, 0.3217505543966422, 3.1622776601683795
246, 85, 206, 376, 205, 377, 1, -1, -0.7853981633974483, 1.4142135623730951
246, 88, 48, 394, 46, 395, 2, -1, -0.4636476090008061, 2.23606797749979
246, 89, 255, 347, 252, 347, 3, 0, 0.0, 3.0
246, 90, 228, 134, 226, 135, 2, -1, -0.4636476090008061, 2.23606797749979
246, 91, 268, 117, 265, 118, 3, -1, -0.3217505543966422, 3.1622776601683795
246, 92, 36, 201, 34, 202, 2, -1, -0.4636476090008061, 2.23606797749979
246, 93, 135, 153, 134, 152, 1, 1, 0.7853981633974483, 1.4142135623730951
247, 0, 59, 177, 58, 178, 1, -1, -0.7853981633974483, 1.4142135623730951
247, 1, 209, 405, 207, 405, 2, 0, 0.0, 2.0
247, 4, 209, 72, 207, 72, 2, 0, 0.0, 2.0
247, 5, 18, 133, 16, 133, 2, 0, 0.0, 2.0
247, 6, 93, 125, 91, 126, 2, -1, -0.4636476090008061, 2.23606797749979
247, 7, 169, 153, 167, 154, 2, -1, -0.4636476090008061, 2.23606797749979
247, 8, 107, 144, 106, 146, 1, -2, -1.1071487177940904, 2.23606797749979
247, 9, 87, 292, 85, 292, 2, 0, 0.0, 2.0
247, 10, 163, 71, 161, 71, 2, 0, 0.0, 2.0
247, 12, 129, 116, 127, 118, 2, -2, -0.7853981633974483, 2.8284271247461903
247, 13, 59, 283, 57, 283, 2, 0, 0.0, 2.0
247, 14, 99, 74, 98, 75, 1, -1, -0.7853981633974483, 1.4142135623730951
247, 15, 72, 181, 71, 182, 1, -1, -0.7853981633974483, 1.4142135623730951
247, 16, 20, 176, 19, 177, 1, -1, -0.7853981633974483, 1.4142135623730951
247, 17, 24, 380, 23, 381, 1, -1, -0.7853981633974483, 1.4142135623730951
247, 18, 81, 99, 79, 100, 2, -1, -0.4636476090008061, 2.23606797749979
247, 20, 52, 105, 50, 106, 2, -1, -0.4636476090008061, 2.23606797749979
247, 21, 208, 110, 207, 111, 1, -1, -0.7853981633974483, 1.4142135623730951
247, 23, 145, 400, 143, 400, 2, 0, 0.0, 2.0
247, 25, 16, 306, 14, 306, 2, 0, 0.0, 2.0
247, 27, 97, 133, 97, 135, 0, -2, -1.5707963267948966, 2.0
247, 31, 137, 172, 136, 173, 1, -1, -0.7853981633974483, 1.4142135623730951
247, 32, 171, 159, 170, 160, 1, -1, -0.7853981633974483, 1.4142135623730951
247, 34, 121, 92, 119, 92, 2, 0, 0.0, 2.0
247, 36, 292, 364, 290, 365, 2, -1, -0.4636476090008061, 2.23606797749979
247, 37, 241, 389, 239, 390, 2, -1, -0.4636476090008061, 2.23606797749979
247, 40, 254, 143, 252, 143, 2, 0, 0.0, 2.0
247, 41, 25, 134, 24, 135, 1, -1, -0.7853981633974483, 1.4142135623730951
247, 42, 56, 132, 54, 133, 2, -1, -0.4636476090008061, 2.23606797749979
247, 44, 203, 152, 202, 153, 1, -1, -0.7853981633974483, 1.4142135623730951
247, 45, 25, 196, 23, 197, 2, -1, -0.4636476090008061, 2.23606797749979
247, 47, 72, 309, 70, 310, 2, -1, -0.4636476090008061, 2.23606797749979
247, 48, 265, 345, 263, 345, 2, 0, 0.0, 2.0
247, 53, 112, 187, 108, 188, 4, -1, -0.24497866312686414, 4.123105625617661
247, 55, 209, 102, 208, 103, 1, -1, -0.7853981633974483, 1.4142135623730951
247, 56, 20, 110, 19, 111, 1, -1, -0.7853981633974483, 1.4142135623730951
247, 60, 59, 141, 58, 142, 1, -1, -0.7853981633974483, 1.4142135623730951
247, 63, 55, 72, 54, 73, 1, -1, -0.7853981633974483, 1.4142135623730951
247, 64, 101, 179, 100, 180, 1, -1, -0.7853981633974483, 1.4142135623730951
247, 65, 11, 347, 10, 348, 1, -1, -0.7853981633974483, 1.4142135623730951
247, 68, 134, 127, 133, 128, 1, -1, -0.7853981633974483, 1.4142135623730951
247, 69, 90, 159, 89, 161, 1, -2, -1.1071487177940904, 2.23606797749979
247, 71, 82, 374, 81, 375, 1, -1, -0.7853981633974483, 1.4142135623730951
247, 72, 72, 374, 71, 375, 1, -1, -0.7853981633974483, 1.4142135623730951
247, 75, 177, 131, 176, 130, 1, 1, 0.7853981633974483, 1.4142135623730951
247, 77, 175, 379, 173, 380, 2, -1, -0.4636476090008061, 2.23606797749979
247, 78, 64, 329, 63, 330, 1, -1, -0.7853981633974483, 1.4142135623730951
247, 79, 47, 280, 45, 281, 2, -1, -0.4636476090008061, 2.23606797749979
247, 83, 156, 327, 155, 328, 1, -1, -0.7853981633974483, 1.4142135623730951
247, 87, 50, 393, 48, 394, 2, -1, -0.4636476090008061, 2.23606797749979
247, 88, 257, 347, 255, 347, 2, 0, 0.0, 2.0
247, 89, 229, 132, 228, 134, 1, -2, -1.1071487177940904, 2.23606797749979
247, 90, 271, 117, 268, 117, 3, 0, 0.0, 3.0
247, 91, 38, 200, 36, 201, 2, -1, -0.4636476090008061, 2.23606797749979
247, 92, 137, 153, 135, 153, 2, 0, 0.0, 2.0
248, 0, 61, 176, 59, 177, 2, -1, -0.4636476090008061, 2.23606797749979
248, 1, 211, 405, 209, 405, 2, 0, 0.0, 2.0
248, 4, 211, 72, 209, 72, 2, 0, 0.0, 2.0
248, 5, 19, 132, 18, 133, 1, -1, -0.7853981633974483, 1.4142135623730951
248, 6, 94, 124, 93, 125, 1, -1, -0.7853981633974483, 1.4142135623730951
248, 7, 170, 152, 169, 153, 1, -1, -0.7853981633974483, 1.4142135623730951
248, 8, 108, 143, 107, 144, 1, -1, -0.7853981633974483, 1.4142135623730951
248, 10, 164, 70, 163, 71, 1, -1, -0.7853981633974483, 1.4142135623730951
248, 12, 130, 115, 129, 116, 1, -1, -0.7853981633974483, 1.4142135623730951
248, 13, 60, 282, 59, 283, 1, -1, -0.7853981633974483, 1.4142135623730951
248, 14, 100, 73, 99, 74, 1, -1, -0.7853981633974483, 1.4142135623730951
248, 15, 73, 179, 72, 181, 1, -2, -1.1071487177940904, 2.23606797749979
248, 18, 83, 98, 81, 99, 2, -1, -0.4636476090008061, 2.23606797749979
248, 19, 177, 311, 175, 311, 2, 0, 0.0, 2.0
248, 20, 54, 104, 52, 105, 2, -1, -0.4636476090008061, 2.23606797749979
248, 21, 209, 109, 208, 110, 1, -1, -0.7853981633974483, 1.4142135623730951
248, 22, 255, 136, 254, 137, 1, -1, -0.7853981633974483, 1.4142135623730951
248, 23, 147, 400, 145, 400, 2, 0, 0.0, 2.0
248, 25, 18, 306, 16, 306, 2, 0, 0.0, 2.0
248, 27, 98, 132, 97, 133, 1, -1, -0.7853981633974483, 1.4142135623730951
248, 28, 60, 393, 59, 394, 1, -1, -0.7853981633974483, 1.4142135623730951
248, 29, 47, 362, 45, 362, 2, 0, 0.0, 2.0
248, 30, 12, 172, 11, 173, 1, -1, -0.7853981633974483, 1.4142135623730951
248, 32, 172, 158, 171, 159, 1, -1, -0.7853981633974483, 1.4142135623730951
248, 33, 161, 130, 160, 131, 1, -1, -0.7853981633974483, 1.4142135623730951
248, 34, 122, 91, 121, 92, 1, -1, -0.7853981633974483, 1.4142135623730951
248, 35, 115, 186, 112, 185, 3, 1, 0.3217505543966422, 3.1622776601683795
248, 36, 294, 363, 292, 364, 2, -1, -0.4636476090008061, 2.23606797749979
248, 37, 243, 388, 241, 389, 2, -1, -0.4636476090008061, 2.23606797749979
248, 40, 257, 141, 254, 143, 3, -2, -0.5880026035475675, 3.605551275463989
248, 41, 26, 133, 25, 134, 1, -1, -0.7853981633974483, 1.4142135623730951
248, 42, 58, 132, 56, 132, 2, 0, 0.0, 2.0
248, 43, 207, 394, 206, 395, 1, -1, -0.7853981633974483, 1.4142135623730951
248, 44, 204, 151, 203, 152, 1, -1, -0.7853981633974483, 1.4142135623730951
248, 45, 27, 195, 25, 196, 2, -1, -0.4636476090008061, 2.23606797749979
248, 48, 267, 345, 265, 345, 2, 0, 0.0, 2.0
248, 50, 33, 157, 32, 158, 1, -1, -0.7853981633974483, 1.4142135623730951
248, 53, 115, 187, 112, 187, 3, 0, 0.0, 3.0
248, 55, 211, 101, 209, 102, 2, -1, -0.4636476090008061, 2.23606797749979
248, 56, 22, 109, 20, 110, 2, -1, -0.4636476090008061, 2.23606797749979
248, 57, 63, 278, 62, 279, 1, -1, -0.7853981633974483, 1.4142135623730951
248, 58, 140, 353, 139, 354, 1, -1, -0.7853981633974483, 1.4142135623730951
248, 61, 220, 128, 218, 128, 2, 0, 0.0, 2.0
248, 62, 56, 71, 55, 72, 1, -1, -0.7853981633974483, 1.4142135623730951
248, 63, 102, 177, 101, 179, 1, -2, -1.1071487177940904, 2.23606797749979
248, 64, 12, 346, 11, 347, 1, -1, -0.7853981633974483, 1.4142135623730951
248, 66, 185, 309, 184, 310, 1, -1, -0.7853981633974483, 1.4142135623730951
248, 68, 91, 158, 90, 159, 1, -1, -0.7853981633974483, 1.4142135623730951
248, 70, 83, 373, 82, 374, 1, -1, -0.7853981633974483, 1.4142135623730951
248, 71, 73, 373, 72, 374, 1, -1, -0.7853981633974483, 1.4142135623730951
248, 72, 54, 354, 52, 355, 2, -1, -0.4636476090008061, 2.23606797749979
248, 73, 177, 347, 176, 348, 1, -1, -0.7853981633974483, 1.4142135623730951
248, 75, 103, 156, 100, 159, 3, -3, -0.7853981633974483, 4.242640687119285
248, 76, 176, 378, 175, 379, 1, -1, -0.7853981633974483, 1.4142135623730951
248, 77, 66, 329, 64, 329, 2, 0, 0.0, 2.0
248, 78, 49, 280, 47, 280, 2, 0, 0.0, 2.0
248, 80, 105, 320, 103, 320, 2, 0, 0.0, 2.0
248, 81, 227, 330, 225, 330, 2, 0, 0.0, 2.0
248, 82, 157, 326, 156, 327, 1, -1, -0.7853981633974483, 1.4142135623730951
248, 83, 208, 375, 207, 376, 1, -1, -0.7853981633974483, 1.4142135623730951
248, 86, 52, 393, 50, 393, 2, 0, 0.0, 2.0
248, 87, 258, 346, 257, 347, 1, -1, -0.7853981633974483, 1.4142135623730951
248, 88, 230, 131, 229, 132, 1, -1, -0.7853981633974483, 1.4142135623730951
248, 89, 274, 117, 271, 117, 3, 0, 0.0, 3.0
248, 90, 40, 199, 38, 200, 2, -1, -0.4636476090008061, 2.23606797749979
248, 91, 138, 152, 137, 153, 1, -1, -0.7853981633974483, 1.4142135623730951
249, 1, 213, 405, 211, 405, 2, 0, 0.0, 2.0
249, 4, 212, 71, 211, 72, 1, -1, -0.7853981633974483, 1.4142135623730951
249, 5, 20, 131, 19, 132, 1, -1, -0.7853981633974483, 1.4142135623730951
249, 7, 172, 151, 170, 152, 2, -1, -0.4636476090008061, 2.23606797749979
249, 9, 90, 292, 88, 292, 2, 0, 0.0, 2.0
249, 11, 149, 325, 147, 325, 2, 0, 0.0, 2.0
249, 12, 132, 114, 130, 115, 2, -1, -0.4636476090008061, 2.23606797749979
249, 13, 61, 281, 60, 282, 1, -1, -0.7853981633974483, 1.4142135623730951
249, 14, 101, 72, 100, 73, 1, -1, -0.7853981633974483, 1.4142135623730951
249, 15, 75, 178, 73, 179, 2, -1, -0.4636476090008061, 2.23606797749979
249, 16, 20, 173, 20, 175, 0, -2, -1.5707963267948966, 2.0
249, 18, 84, 97, 83, 98, 1, -1, -0.7853981633974483, 1.4142135623730951
249, 20, 56, 103, 54, 104, 2, -1, -0.4636476090008061, 2.23606797749979
249, 21, 211, 108, 209, 109, 2, -1, -0.4636476090008061, 2.23606797749979
249, 22, 257, 135, 255, 136, 2, -1, -0.4636476090008061, 2.23606797749979
249, 23, 149, 399, 147, 400, 2, -1, -0.4636476090008061, 2.23606797749979
249, 25, 20, 306, 18, 306, 2, 0, 0.0, 2.0
249, 26, 198, 332, 197, 333, 1, -1, -0.7853981633974483, 1.4142135623730951
249, 28, 61, 392, 60, 393, 1, -1, -0.7853981633974483, 1.4142135623730951
249, 30, 13, 171, 12, 172, 1, -1, -0.7853981633974483, 1.4142135623730951
249, 31, 139, 171, 138, 172, 1, -1, -0.7853981633974483, 1.4142135623730951
249, 34, 123, 90, 122, 91, 1, -1, -0.7853981633974483, 1.4142135623730951
249, 35, 119, 185, 115, 186, 4, -1, -0.24497866312686414, 4.123105625617661
249, 37, 244, 387, 243, 388, 1, -1, -0.7853981633974483, 1.4142135623730951
249, 39, 231, 351, 229, 350, 2, 1, 0.4636476090008061, 2.23606797749979
249, 40, 260, 140, 257, 141, 3, -1, -0.3217505543966422, 3.1622776601683795
249, 41, 27, 132, 26, 133, 1, -1, -0.7853981633974483, 1.4142135623730951
249, 43, 208, 393, 207, 394, 1, -1, -0.7853981633974483, 1.4142135623730951
249, 44, 205, 150, 204, 151, 1, -1, -0.7853981633974483, 1.4142135623730951
249, 45, 29, 195, 27, 195, 2, 0, 0.0, 2.0
249, 47, 74, 307, 73, 309, 1, -2, -1.1071487177940904, 2.23606797749979
249, 48, 269, 345, 267, 345, 2, 0, 0.0, 2.0
249, 50, 34, 156, 33, 157, 1, -1, -0.7853981633974483, 1.4142135623730951
249, 53, 119, 186, 115, 187, 4, -1, -0.24497866312686414, 4.123105625617661
249, 55, 212, 100, 211, 101, 1, -1, -0.7853981633974483, 1.4142135623730951
249, 56, 24, 108, 22, 109, 2, -1, -0.4636476090008061, 2.23606797749979
249, 58, 141, 352, 140, 353, 1, -1, -0.7853981633974483, 1.4142135623730951
249, 59, 61, 140, 60, 141, 1, -1, -0.7853981633974483, 1.4142135623730951
249, 61, 221, 127, 220, 128, 1, -1, -0.7853981633974483, 1.4142135623730951
249, 62, 58, 71, 56, 71, 2, 0, 0.0, 2.0
249, 65, 226, 355, 224, 355, 2, 0, 0.0, 2.0
249, 67, 135, 126, 134, 127, 1, -1, -0.7853981633974483, 1.4142135623730951
249, 76, 177, 376, 176, 378, 1, -2, -1.1071487177940904, 2.23606797749979
249, 81, 228, 329, 227, 330, 1, -1, -0.7853981633974483, 1.4142135623730951
249, 85, 53, 392, 52, 393, 1, -1, -0.7853981633974483, 1.4142135623730951
249, 87, 231, 130, 230, 131, 1, -1, -0.7853981633974483, 1.4142135623730951
249, 89, 41, 198, 40, 199, 1, -1, -0.7853981633974483, 1.4142135623730951
250, 0, 62, 178, 61, 179, 1, -1, -0.7853981633974483, 1.4142135623730951
250, 1, 8, 171, 7, 172, 1, -1, -0.7853981633974483, 1.4142135623730951
250, 2, 20, 131, 18, 132, 2, -1, -0.4636476090008061, 2.23606797749979
250, 4, 95, 128, 93, 128, 2, 0, 0.0, 2.0
250, 5, 89, 293, 87, 293, 2, 0, 0.0, 2.0
250, 6, 60, 281, 59, 280, 1, 1, 0.7853981633974483, 1.4142135623730951
250, 7, 210, 404, 208, 405, 2, -1, -0.4636476090008061, 2.23606797749979
250, 8, 163, 71, 162, 72, 1, -1, -0.7853981633974483, 1.4142135623730951
250, 9, 130, 117, 129, 119, 1, -2, -1.1071487177940904, 2.23606797749979
250, 10, 210, 72, 209, 73, 1, -1, -0.7853981633974483, 1.4142135623730951
250, 12, 99, 72, 98, 73, 1, -1, -0.7853981633974483, 1.4142135623730951
250, 14, 23, 111, 22, 112, 1, -1, -0.7853981633974483, 1.4142135623730951
250, 19, 118, 184, 115, 186, 3, -2, -0.5880026035475675, 3.605551275463989
250, 21, 53, 106, 51, 107, 2, -1, -0.4636476090008061, 2.23606797749979
250, 22, 92, 156, 91, 157, 1, -1, -0.7853981633974483, 1.4142135623730951
250, 23, 19, 307, 17, 307, 2, 0, 0.0, 2.0
250, 24, 84, 100, 82, 101, 2, -1, -0.4636476090008061, 2.23606797749979
250, 25, 106, 178, 105, 180, 1, -2, -1.1071487177940904, 2.23606797749979
250, 27, 231, 351, 229, 351, 2, 0, 0.0, 2.0
250, 28, 294, 368, 292, 368, 2, 0, 0.0, 2.0
250, 31, 259, 139, 258, 141, 1, -2, -1.1071487177940904, 2.23606797749979
250, 33, 48, 359, 46, 359, 2, 0, 0.0, 2.0
250, 34, 243, 390, 241, 390, 2, 0, 0.0, 2.0
250, 35, 40, 377, 38, 378, 2, -1, -0.4636476090008061, 2.23606797749979
250, 39, 145, 399, 143, 400, 2, -1, -0.4636476090008061, 2.23606797749979
250, 45, 197, 134, 196, 135, 1, -1, -0.7853981633974483, 1.4142135623730951
250, 46, 209, 80, 207, 82, 2, -2, -0.7853981633974483, 2.8284271247461903
250, 47, 34, 159, 33, 160, 1, -1, -0.7853981633974483, 1.4142135623730951
250, 48, 11, 279, 10, 281, 1, -2, -1.1071487177940904, 2.23606797749979
250, 49, 43, 199, 42, 201, 1, -2, -1.1071487177940904, 2.23606797749979
250, 50, 22, 394, 19, 392, 3, 2, 0.5880026035475675, 3.605551275463989
250, 51, 63, 133, 62, 134, 1, -1, -0.7853981633974483, 1.4142135623730951
250, 52, 26, 137, 25, 138, 1, -1, -0.7853981633974483, 1.4142135623730951
250, 54, 73, 86, 69, 87, 4, -1, -0.24497866312686414, 4.123105625617661
250, 55, 84, 348, 83, 349, 1, -1, -0.7853981633974483, 1.4142135623730951
250, 56, 136, 175, 135, 176, 1, -1, -0.7853981633974483, 1.4142135623730951
250, 58, 57, 395, 56, 396, 1, -1, -0.7853981633974483, 1.4142135623730951
250, 60, 137, 128, 136, 129, 1, -1, -0.7853981633974483, 1.4142135623730951
250, 61, 122, 154, 121, 156, 1, -2, -1.1071487177940904, 2.23606797749979
250, 62, 55, 74, 54, 75, 1, -1, -0.7853981633974483, 1.4142135623730951
250, 64, 205, 151, 204, 152, 1, -1, -0.7853981633974483, 1.4142135623730951
250, 65, 123, 96, 121, 97, 2, -1, -0.4636476090008061, 2.23606797749979
251, 0, 63, 177, 62, 178, 1, -1, -0.7853981633974483, 1.4142135623730951
251, 1, 9, 170, 8, 171, 1, -1, -0.7853981633974483, 1.4142135623730951
251, 2, 22, 130, 20, 131, 2, -1, -0.4636476090008061, 2.23606797749979
251, 3, 172, 153, 171, 154, 1, -1, -0.7853981633974483, 1.4142135623730951
251, 4, 96, 127, 95, 128, 1, -1, -0.7853981633974483, 1.4142135623730951
251, 5, 91, 293, 89, 293, 2, 0, 0.0, 2.0
251, 7, 212, 403, 210, 404, 2, -1, -0.4636476090008061, 2.23606797749979
251, 8, 164, 70, 163, 71, 1, -1, -0.7853981633974483, 1.4142135623730951
251, 9, 131, 116, 130, 117, 1, -1, -0.7853981633974483, 1.4142135623730951
251, 10, 211, 71, 210, 72, 1, -1, -0.7853981633974483, 1.4142135623730951
251, 11, 112, 145, 111, 146, 1, -1, -0.7853981633974483, 1.4142135623730951
251, 12, 101, 71, 99, 72, 2, -1, -0.4636476090008061, 2.23606797749979
251, 18, 27, 381, 25, 381, 2, 0, 0.0, 2.0
251, 19, 121, 182, 118, 184, 3, -2, -0.5880026035475675, 3.605551275463989
251, 21, 54, 105, 53, 106, 1, -1, -0.7853981633974483, 1.4142135623730951
251, 22, 93, 155, 92, 156, 1, -1, -0.7853981633974483, 1.4142135623730951
251, 24, 85, 99, 84, 100, 1, -1, -0.7853981633974483, 1.4142135623730951
251, 25, 108, 177, 106, 178, 2, -1, -0.4636476090008061, 2.23606797749979
251, 26, 262, 353, 260, 353, 2, 0, 0.0, 2.0
251, 27, 233, 352, 231, 351, 2, 1, 0.4636476090008061, 2.23606797749979
251, 29, 213, 112, 211, 112, 2, 0, 0.0, 2.0
251, 30, 182, 307, 181, 308, 1, -1, -0.7853981633974483, 1.4142135623730951
251, 31, 261, 138, 259, 139, 2, -1, -0.4636476090008061, 2.23606797749979
251, 33, 50, 359, 48, 359, 2, 0, 0.0, 2.0
251, 34, 244, 389, 243, 390, 1, -1, -0.7853981633974483, 1.4142135623730951
251, 36, 113, 372, 111, 372, 2, 0, 0.0, 2.0
251, 39, 147, 398, 145, 399, 2, -1, -0.4636476090008061, 2.23606797749979
251, 40, 263, 346, 261, 346, 2, 0, 0.0, 2.0
251, 42, 175, 380, 174, 381, 1, -1, -0.7853981633974483, 1.4142135623730951
251, 43, 49, 285, 47, 286, 2, -1, -0.4636476090008061, 2.23606797749979
251, 45, 198, 133, 197, 134, 1, -1, -0.7853981633974483, 1.4142135623730951
251, 46, 210, 79, 209, 80, 1, -1, -0.7853981633974483, 1.4142135623730951
251, 47, 35, 158, 34, 159, 1, -1, -0.7853981633974483, 1.4142135623730951
251, 49, 45, 197, 43, 199, 2, -2, -0.7853981633974483, 2.8284271247461903
251, 50, 24, 395, 22, 394, 2, 1, 0.4636476090008061, 2.23606797749979
251, 51, 64, 132, 63, 133, 1, -1, -0.7853981633974483, 1.4142135623730951
251, 52, 27, 136, 26, 137, 1, -1, -0.7853981633974483, 1.4142135623730951
251, 53, 118, 307, 117, 308, 1, -1, -0.7853981633974483, 1.4142135623730951
251, 54, 76, 85, 73, 86, 3, -1, -0.3217505543966422, 3.1622776601683795
251, 56, 137, 174, 136, 175, 1, -1, -0.7853981633974483, 1.4142135623730951
251, 60, 138, 127, 137, 128, 1, -1, -0.7853981633974483, 1.4142135623730951
251, 61, 123, 153, 122, 154, 1, -1, -0.7853981633974483, 1.4142135623730951
251, 62, 56, 73, 55, 74, 1, -1, -0.7853981633974483, 1.4142135623730951
251, 64, 207, 150, 205, 151, 2, -1, -0.4636476090008061, 2.23606797749979
251, 65, 124, 95, 123, 96, 1, -1, -0.7853981633974483, 1.4142135623730951
251, 66, 215, 371, 213, 371, 2, 0, 0.0, 2.0
252, 0, 64, 176, 63, 177, 1, -1, -0.7853981633974483, 1.4142135623730951
252, 1, 10, 169, 9, 170, 1, -1, -0.7853981633974483, 1.4142135623730951
252, 2, 23, 129, 22, 130, 1, -1, -0.7853981633974483, 1.4142135623730951
252, 3, 173, 152, 172, 153, 1, -1, -0.7853981633974483, 1.4142135623730951
252, 4, 97, 126, 96, 127, 1, -1, -0.7853981633974483, 1.4142135623730951
252, 6, 62, 280, 61, 281, 1, -1, -0.7853981633974483, 1.4142135623730951
252, 7, 214, 403, 212, 403, 2, 0, 0.0, 2.0
252, 8, 165, 69, 164, 70, 1, -1, -0.7853981633974483, 1.4142135623730951
252, 9, 132, 115, 131, 116, 1, -1, -0.7853981633974483, 1.4142135623730951
252, 11, 113, 144, 112, 145, 1, -1, -0.7853981633974483, 1.4142135623730951
252, 12, 102, 70, 101, 71, 1, -1, -0.7853981633974483, 1.4142135623730951
252, 13, 63, 287, 61, 287, 2, 0, 0.0, 2.0
252, 15, 140, 121, 138, 121, 2, 0, 0.0, 2.0
252, 18, 29, 380, 27, 381, 2, -1, -0.4636476090008061, 2.23606797749979
252, 19, 124, 180, 121, 182, 3, -2, -0.5880026035475675, 3.605551275463989
252, 21, 55, 104, 54, 105, 1, -1, -0.7853981633974483, 1.4142135623730951
252, 22, 95, 155, 93, 155, 2, 0, 0.0, 2.0
252, 23, 22, 307, 20, 307, 2, 0, 0.0, 2.0
252, 24, 86, 98, 85, 99, 1, -1, -0.7853981633974483, 1.4142135623730951
252, 25, 110, 176, 108, 177, 2, -1, -0.4636476090008061, 2.23606797749979
252, 26, 265, 353, 262, 353, 3, 0, 0.0, 3.0
252, 27, 235, 352, 233, 352, 2, 0, 0.0, 2.0
252, 31, 262, 137, 261, 138, 1, -1, -0.7853981633974483, 1.4142135623730951
252, 32, 60, 140, 59, 141, 1, -1, -0.7853981633974483, 1.4142135623730951
252, 34, 246, 389, 244, 389, 2, 0, 0.0, 2.0
252, 39, 149, 398, 147, 398, 2, 0, 0.0, 2.0
252, 40, 265, 345, 263, 346, 2, -1, -0.4636476090008061, 2.23606797749979
252, 41, 122, 148, 121, 149, 1, -1, -0.7853981633974483, 1.4142135623730951
252, 42, 177, 380, 175, 380, 2, 0, 0.0, 2.0
252, 43, 51, 285, 49, 285, 2, 0, 0.0, 2.0
252, 45, 199, 132, 198, 133, 1, -1, -0.7853981633974483, 1.4142135623730951
252, 46, 212, 79, 210, 79, 2, 0, 0.0, 2.0
252, 48, 13, 278, 12, 279, 1, -1, -0.7853981633974483, 1.4142135623730951
252, 50, 27, 395, 24, 395, 3, 0, 0.0, 3.0
252, 52, 29, 135, 27, 136, 2, -1, -0.4636476090008061, 2.23606797749979
252, 54, 80, 85, 76, 85, 4, 0, 0.0, 4.0
252, 55, 87, 348, 85, 348, 2, 0, 0.0, 2.0
252, 56, 138, 173, 137, 174, 1, -1, -0.7853981633974483, 1.4142135623730951
252, 60, 139, 126, 138, 127, 1, -1, -0.7853981633974483, 1.4142135623730951
252, 61, 124, 152, 123, 153, 1, -1, -0.7853981633974483, 1.4142135623730951
252, 65, 126, 94, 124, 95, 2, -1, -0.4636476090008061, 2.23606797749979
253, 0, 66, 176, 64, 176, 2, 0, 0.0, 2.0
253, 1, 11, 168, 10, 169, 1, -1, -0.7853981633974483, 1.4142135623730951
253, 2, 24, 128, 23, 129, 1, -1, -0.7853981633974483, 1.4142135623730951
253, 5, 94, 292, 92, 293, 2, -1, -0.4636476090008061, 2.23606797749979
253, 7, 216, 403, 214, 403, 2, 0, 0.0, 2.0
253, 9, 133, 114, 132, 115, 1, -1, -0.7853981633974483, 1.4142135623730951
253, 11, 114, 143, 113, 144, 1, -1, -0.7853981633974483, 1.4142135623730951
253, 12, 104, 69, 102, 70, 2, -1, -0.4636476090008061, 2.23606797749979
253, 13, 65, 287, 63, 287, 2, 0, 0.0, 2.0
253, 14, 27, 111, 25, 111, 2, 0, 0.0, 2.0
253, 15, 142, 121, 140, 121, 2, 0, 0.0, 2.0
253, 16, 54, 403, 52, 403, 2, 0, 0.0, 2.0
253, 18, 31, 380, 29, 380, 2, 0, 0.0, 2.0
253, 19, 125, 178, 124, 180, 1, -2, -1.1071487177940904, 2.23606797749979
253, 21, 57, 103, 55, 104, 2, -1, -0.4636476090008061, 2.23606797749979
253, 22, 97, 154, 95, 155, 2, -1, -0.4636476090008061, 2.23606797749979
253, 23, 24, 307, 22, 307, 2, 0, 0.0, 2.0
253, 24, 88, 98, 86, 98, 2, 0, 0.0, 2.0
253, 25, 110, 174, 110, 176, 0, -2, -1.5707963267948966, 2.0
253, 26, 267, 353, 265, 353, 2, 0, 0.0, 2.0
253, 27, 236, 353, 235, 352, 1, 1, 0.7853981633974483, 1.4142135623730951
253, 28, 298, 368, 296, 368, 2, 0, 0.0, 2.0
253, 29, 216, 111, 214, 112, 2, -1, -0.4636476090008061, 2.23606797749979
253, 31, 263, 135, 262, 137, 1, -2, -1.1071487177940904, 2.23606797749979
253, 32, 61, 139, 60, 140, 1, -1, -0.7853981633974483, 1.4142135623730951
253, 33, 53, 359, 51, 359, 2, 0, 0.0, 2.0
253, 34, 248, 389, 246, 389, 2, 0, 0.0, 2.0
253, 35, 44, 377, 42, 377, 2, 0, 0.0, 2.0
253, 36, 116, 372, 114, 372, 2, 0, 0.0, 2.0
253, 38, 156, 325, 154, 325, 2, 0, 0.0, 2.0
253, 39, 151, 398, 149, 398, 2, 0, 0.0, 2.0
253, 40, 268, 345, 265, 345, 3, 0, 0.0, 3.0
253, 41, 123, 147, 122, 148, 1, -1, -0.7853981633974483, 1.4142135623730951
253, 42, 179, 380, 177, 380, 2, 0, 0.0, 2.0
253, 44, 152, 330, 150, 329, 2, 1, 0.4636476090008061, 2.23606797749979
253, 45, 200, 130, 199, 132, 1, -2, -1.1071487177940904, 2.23606797749979
253, 46, 214, 79, 212, 79, 2, 0, 0.0, 2.0
253, 47, 38, 158, 36, 158, 2, 0, 0.0, 2.0
253, 52, 30, 134, 29, 135, 1, -1, -0.7853981633974483, 1.4142135623730951
253, 53, 121, 307, 119, 307, 2, 0, 0.0, 2.0
253, 54, 81, 84, 80, 85, 1, -1, -0.7853981633974483, 1.4142135623730951
253, 56, 140, 172, 138, 173, 2, -1, -0.4636476090008061, 2.23606797749979
253, 58, 58, 393, 57, 394, 1, -1, -0.7853981633974483, 1.4142135623730951
253, 59, 31, 298, 30, 299, 1, -1, -0.7853981633974483, 1.4142135623730951
253, 61, 125, 151, 124, 152, 1, -1, -0.7853981633974483, 1.4142135623730951
253, 62, 59, 72, 57, 73, 2, -1, -0.4636476090008061, 2.23606797749979
253, 64, 210, 149, 208, 150, 2, -1, -0.4636476090008061, 2.23606797749979
253, 65, 127, 93, 126, 94, 1, -1, -0.7853981633974483, 1.4142135623730951
254, 2, 25, 127, 24, 128, 1, -1, -0.7853981633974483, 1.4142135623730951
254, 3, 175, 151, 174, 152, 1, -1, -0.7853981633974483, 1.4142135623730951
254, 4, 99, 125, 98, 126, 1, -1, -0.7853981633974483, 1.4142135623730951
254, 6, 65, 280, 63, 280, 2, 0, 0.0, 2.0
254, 7, 218, 402, 216, 403, 2, -1, -0.4636476090008061, 2.23606797749979
254, 8, 168, 69, 166, 69, 2, 0, 0.0, 2.0
254, 9, 135, 113, 133, 114, 2, -1, -0.4636476090008061, 2.23606797749979
254, 10, 216, 71, 213, 71, 3, 0, 0.0, 3.0
254, 11, 115, 142, 114, 143, 1, -1, -0.7853981633974483, 1.4142135623730951
254, 12, 106, 68, 104, 69, 2, -1, -0.4636476090008061, 2.23606797749979
254, 13, 67, 287, 65, 287, 2, 0, 0.0, 2.0
254, 14, 29, 111, 27, 111, 2, 0, 0.0, 2.0
254, 15, 144, 120, 142, 121, 2, -1, -0.4636476090008061, 2.23606797749979
254, 16, 56, 403, 54, 403, 2, 0, 0.0, 2.0
254, 19, 126, 177, 125, 178, 1, -1, -0.7853981633974483, 1.4142135623730951
254, 21, 59, 102, 57, 103, 2, -1, -0.4636476090008061, 2.23606797749979
254, 22, 100, 154, 97, 154, 3, 0, 0.0, 3.0
254, 24, 90, 97, 88, 98, 2, -1, -0.4636476090008061, 2.23606797749979
254, 26, 269, 353, 267, 353, 2, 0, 0.0, 2.0
254, 27, 238, 353, 236, 353, 2, 0, 0.0, 2.0
254, 28, 303, 368, 298, 368, 5, 0, 0.0, 5.0
254, 31, 263, 133, 263, 135, 0, -2, -1.5707963267948966, 2.0
254, 34, 250, 389, 248, 389, 2, 0, 0.0, 2.0
254, 35, 46, 377, 44, 377, 2, 0, 0.0, 2.0
254, 36, 118, 372, 116, 372, 2, 0, 0.0, 2.0
254, 37, 127, 333, 126, 334, 1, -1, -0.7853981633974483, 1.4142135623730951
254, 39, 153, 398, 151, 398, 2, 0, 0.0, 2.0
254, 43, 54, 285, 52, 285, 2, 0, 0.0, 2.0
254, 45, 201, 129, 200, 130, 1, -1, -0.7853981633974483, 1.4142135623730951
254, 46, 216, 79, 214, 79, 2, 0, 0.0, 2.0
254, 47, 39, 157, 38, 158, 1, -1, -0.7853981633974483, 1.4142135623730951
254, 50, 29, 396, 27, 396, 2, 0, 0.0, 2.0
254, 51, 66, 130, 65, 131, 1, -1, -0.7853981633974483, 1.4142135623730951
254, 52, 31, 133, 30, 134, 1, -1, -0.7853981633974483, 1.4142135623730951
254, 53, 123, 306, 121, 307, 2, -1, -0.4636476090008061, 2.23606797749979
254, 54, 82, 83, 81, 84, 1, -1, -0.7853981633974483, 1.4142135623730951
254, 55, 90, 347, 88, 348, 2, -1, -0.4636476090008061, 2.23606797749979
254, 56, 142, 171, 140, 172, 2, -1, -0.4636476090008061, 2.23606797749979
254, 58, 59, 392, 58, 393, 1, -1, -0.7853981633974483, 1.4142135623730951
254, 59, 32, 297, 31, 298, 1, -1, -0.7853981633974483, 1.4142135623730951
254, 60, 141, 125, 140, 126, 1, -1, -0.7853981633974483, 1.4142135623730951
254, 61, 127, 150, 125, 151, 2, -1, -0.4636476090008061, 2.23606797749979
254, 62, 61, 71, 59, 72, 2, -1, -0.4636476090008061, 2.23606797749979
254, 64, 128, 92, 127, 93, 1, -1, -0.7853981633974483, 1.4142135623730951
254, 65, 217, 369, 216, 370, 1, -1, -0.7853981633974483, 1.4142135623730951
255, 0, 67, 177, 66, 178, 1, -1, -0.7853981633974483, 1.4142135623730951
255, 1, 216, 74, 214, 74, 2, 0, 0.0, 2.0
255, 2, 169, 73, 167, 73, 2, 0, 0.0, 2.0
255, 3, 13, 172, 11, 173, 2, -1, -0.4636476090008061, 2.23606797749979
255, 4, 66, 283, 64, 283, 2, 0, 0.0, 2.0
255, 7, 10, 404, 8, 405, 2, -1, -0.4636476090008061, 2.23606797749979
255, 8, 25, 131, 24, 132, 1, -1, -0.7853981633974483, 1.4142135623730951
255, 9, 55, 403, 53, 403, 2, 0, 0.0, 2.0
255, 10, 98, 158, 96, 160, 2, -2, -0.7853981633974483, 2.8284271247461903
255, 11, 98, 127, 97, 128, 1, -1, -0.7853981633974483, 1.4142135623730951
255, 12, 113, 144, 112, 145, 1, -1, -0.7853981633974483, 1.4142135623730951
255, 13, 176, 153, 175, 154, 1, -1, -0.7853981633974483, 1.4142135623730951
255, 14, 136, 117, 134, 118, 2, -1, -0.4636476090008061, 2.23606797749979
255, 15, 216, 404, 214, 405, 2, -1, -0.4636476090008061, 2.23606797749979
255, 16, 101, 74, 100, 75, 1, -1, -0.7853981633974483, 1.4142135623730951
255, 17, 32, 381, 30, 381, 2, 0, 0.0, 2.0
255, 18, 302, 368, 300, 368, 2, 0, 0.0, 2.0
255, 19, 57, 106, 55, 106, 2, 0, 0.0, 2.0
255, 21, 63, 133, 62, 134, 1, -1, -0.7853981633974483, 1.4142135623730951
255, 24, 152, 330, 150, 330, 2, 0, 0.0, 2.0
255, 25, 233, 355, 231, 355, 2, 0, 0.0, 2.0
255, 27, 12, 322, 10, 323, 2, -1, -0.4636476090008061, 2.23606797749979
255, 28, 29, 113, 26, 113, 3, 0, 0.0, 3.0
255, 29, 6, 282, 4, 282, 2, 0, 0.0, 2.0
255, 32, 142, 173, 141, 174, 1, -1, -0.7853981633974483, 1.4142135623730951
255, 36, 165, 131, 164, 132, 1, -1, -0.7853981633974483, 1.4142135623730951
255, 37, 146, 121, 145, 122, 1, -1, -0.7853981633974483, 1.4142135623730951
255, 38, 218, 106, 216, 106, 2, 0, 0.0, 2.0
255, 41, 127, 91, 125, 91, 2, 0, 0.0, 2.0
255, 43, 53, 284, 51, 284, 2, 0, 0.0, 2.0
255, 44, 67, 310, 65, 310, 2, 0, 0.0, 2.0
255, 45, 131, 152, 130, 153, 1, -1, -0.7853981633974483, 1.4142135623730951
255, 47, 246, 390, 244, 390, 2, 0, 0.0, 2.0
255, 48, 80, 305, 78, 305, 2, 0, 0.0, 2.0
255, 49, 61, 398, 60, 399, 1, -1, -0.7853981633974483, 1.4142135623730951
255, 50, 126, 301, 124, 302, 2, -1, -0.4636476090008061, 2.23606797749979
255, 51, 210, 150, 209, 151, 1, -1, -0.7853981633974483, 1.4142135623730951
255, 56, 110, 177, 109, 178, 1, -1, -0.7853981633974483, 1.4142135623730951
255, 58, 138, 125, 136, 126, 2, -1, -0.4636476090008061, 2.23606797749979
255, 60, 131, 335, 130, 336, 1, -1, -0.7853981633974483, 1.4142135623730951
255, 61, 117, 373, 115, 373, 2, 0, 0.0, 2.0
255, 63, 38, 158, 37, 159, 1, -1, -0.7853981633974483, 1.4142135623730951
255, 64, 158, 392, 156, 393, 2, -1, -0.4636476090008061, 2.23606797749979
255, 66, 267, 353, 266, 354, 1, -1, -0.7853981633974483, 1.4142135623730951
256, 0, 68, 176, 67, 177, 1, -1, -0.7853981633974483, 1.4142135623730951
256, 1, 218, 74, 216, 74, 2, 0, 0.0, 2.0
256, 2, 172, 73, 169, 73, 3, 0, 0.0, 3.0
256, 3, 14, 171, 13, 172, 1, -1, -0.7853981633974483, 1.4142135623730951
256, 7, 13, 403, 10, 404, 3, -1, -0.3217505543966422, 3.1622776601683795
256, 8, 26, 130, 25, 131, 1, -1, -0.7853981633974483, 1.4142135623730951
256, 9, 57, 403, 55, 403, 2, 0, 0.0, 2.0
256, 10, 99, 157, 98, 158, 1, -1, -0.7853981633974483, 1.4142135623730951
256, 11, 99, 126, 98, 127, 1, -1, -0.7853981633974483, 1.4142135623730951
256, 12, 114, 143, 113, 144, 1, -1, -0.7853981633974483, 1.4142135623730951
256, 13, 177, 152, 176, 153, 1, -1, -0.7853981633974483, 1.4142135623730951
256, 14, 137, 116, 136, 117, 1, -1, -0.7853981633974483, 1.4142135623730951
256, 15, 218, 403, 216, 404, 2, -1, -0.4636476090008061, 2.23606797749979
256, 18, 304, 367, 302, 368, 2, -1, -0.4636476090008061, 2.23606797749979
256, 19, 58, 105, 57, 106, 1, -1, -0.7853981633974483, 1.4142135623730951
256, 20, 90, 101, 88, 101, 2, 0, 0.0, 2.0
256, 21, 68, 132, 63, 133, 5, -1, -0.19739555984988075, 5.0990195135927845
256, 22, 28, 307, 23, 307, 5, 0, 0.0, 5.0
256, 23, 268, 346, 266, 346, 2, 0, 0.0, 2.0
256, 24, 154, 330, 152, 330, 2, 0, 0.0, 2.0
256, 25, 235, 355, 233, 355, 2, 0, 0.0, 2.0
256, 26, 199, 328, 200, 330, -1, -2, -2.0344439357957027, 2.23606797749979
256, 27, 15, 321, 12, 322, 3, -1, -0.3217505543966422, 3.1622776601683795
256, 28, 30, 112, 29, 113, 1, -1, -0.7853981633974483, 1.4142135623730951
256, 29, 8, 282, 6, 282, 2, 0, 0.0, 2.0
256, 30, 181, 380, 179, 381, 2, -1, -0.4636476090008061, 2.23606797749979
256, 31, 125, 151, 124, 153, 1, -2, -1.1071487177940904, 2.23606797749979
256, 32, 144, 172, 142, 173, 2, -1, -0.4636476090008061, 2.23606797749979
256, 33, 204, 129, 202, 129, 2, 0, 0.0, 2.0
256, 35, 191, 312, 189, 310, 2, 2, 0.7853981633974483, 2.8284271247461903
256, 36, 166, 130, 165, 131, 1, -1, -0.7853981633974483, 1.4142135623730951
256, 37, 148, 119, 146, 121, 2, -2, -0.7853981633974483, 2.8284271247461903
256, 38, 220, 106, 218, 106, 2, 0, 0.0, 2.0
256, 39, 109, 183, 108, 185, 1, -2, -1.1071487177940904, 2.23606797749979
256, 40, 35, 111, 34, 112, 1, -1, -0.7853981633974483, 1.4142135623730951
256, 41, 129, 90, 127, 91, 2, -1, -0.4636476090008061, 2.23606797749979
256, 42, 101, 393, 100, 394, 1, -1, -0.7853981633974483, 1.4142135623730951
256, 43, 55, 284, 53, 284, 2, 0, 0.0, 2.0
256, 44, 69, 310, 67, 310, 2, 0, 0.0, 2.0
256, 45, 132, 150, 131, 152, 1, -2, -1.1071487177940904, 2.23606797749979
256, 46, 58, 365, 53, 365, 5, 0, 0.0, 5.0
256, 47, 248, 390, 246, 390, 2, 0, 0.0, 2.0
256, 48, 81, 306, 80, 305, 1, 1, 0.7853981633974483, 1.4142135623730951
256, 49, 63, 398, 61, 398, 2, 0, 0.0, 2.0
256, 50, 128, 302, 126, 301, 2, 1, 0.4636476090008061, 2.23606797749979
256, 51, 211, 149, 210, 150, 1, -1, -0.7853981633974483, 1.4142135623730951
256, 53, 125, 309, 123, 309, 2, 0, 0.0, 2.0
256, 56, 112, 176, 110, 177, 2, -1, -0.4636476090008061, 2.23606797749979
256, 58, 139, 124, 138, 125, 1, -1, -0.7853981633974483, 1.4142135623730951
256, 60, 132, 334, 131, 335, 1, -1, -0.7853981633974483, 1.4142135623730951
256, 62, 100, 327, 99, 328, 1, -1, -0.7853981633974483, 1.4142135623730951
256, 63, 39, 157, 38, 158, 1, -1, -0.7853981633974483, 1.4142135623730951
256, 64, 160, 392, 158, 392, 2, 0, 0.0, 2.0
256, 67, 177, 344, 176, 345, 1, -1, -0.7853981633974483, 1.4142135623730951
257, 0, 69, 175, 68, 176, 1, -1, -0.7853981633974483, 1.4142135623730951
257, 1, 219, 73, 218, 74, 1, -1, -0.7853981633974483, 1.4142135623730951
257, 3, 15, 170, 14, 171, 1, -1, -0.7853981633974483, 1.4142135623730951
257, 4, 69, 283, 67, 283, 2, 0, 0.0, 2.0
257, 5, 92, 295, 90, 295, 2, 0, 0.0, 2.0
257, 7, 15, 403, 13, 403, 2, 0, 0.0, 2.0
257, 8, 28, 129, 26, 130, 2, -1, -0.4636476090008061, 2.23606797749979
257, 10, 100, 156, 99, 157, 1, -1, -0.7853981633974483, 1.4142135623730951
257, 11, 100, 125, 99, 126, 1, -1, -0.7853981633974483, 1.4142135623730951
257, 12, 115, 142, 114, 143, 1, -1, -0.7853981633974483, 1.4142135623730951
257, 13, 178, 151, 177, 152, 1, -1, -0.7853981633974483, 1.4142135623730951
257, 14, 138, 115, 137, 116, 1, -1, -0.7853981633974483, 1.4142135623730951
257, 15, 220, 403, 218, 403, 2, 0, 0.0, 2.0
257, 16, 104, 73, 102, 74, 2, -1, -0.4636476090008061, 2.23606797749979
257, 18, 306, 367, 304, 367, 2, 0, 0.0, 2.0
257, 20, 92, 101, 90, 101, 2, 0, 0.0, 2.0
257, 21, 70, 132, 68, 132, 2, 0, 0.0, 2.0
257, 25, 237, 354, 235, 355, 2, -1, -0.4636476090008061, 2.23606797749979
257, 26, 200, 327, 199, 328, 1, -1, -0.7853981633974483, 1.4142135623730951
257, 27, 16, 320, 15, 321, 1, -1, -0.7853981633974483, 1.4142135623730951
257, 28, 32, 112, 30, 112, 2, 0, 0.0, 2.0
257, 29, 10, 281, 8, 282, 2, -1, -0.4636476090008061, 2.23606797749979
257, 30, 183, 379, 181, 380, 2, -1, -0.4636476090008061, 2.23606797749979
257, 31, 126, 150, 125, 151, 1, -1, -0.7853981633974483, 1.4142135623730951
257, 32, 145, 171, 144, 172, 1, -1, -0.7853981633974483, 1.4142135623730951
257, 34, 122, 328, 121, 329, 1, -1, -0.7853981633974483, 1.4142135623730951
257, 35, 193, 312, 191, 312, 2, 0, 0.0, 2.0
257, 36, 167, 129, 166, 130, 1, -1, -0.7853981633974483, 1.4142135623730951
257, 37, 149, 118, 148, 119, 1, -1, -0.7853981633974483, 1.4142135623730951
257, 38, 222, 105, 220, 106, 2, -1, -0.4636476090008061, 2.23606797749979
257, 39, 111, 181, 109, 183, 2, -2, -0.7853981633974483, 2.8284271247461903
257, 40, 36, 110, 35, 111, 1, -1, -0.7853981633974483, 1.4142135623730951
257, 41, 130, 89, 129, 90, 1, -1, -0.7853981633974483, 1.4142135623730951
257, 42, 102, 392, 101, 393, 1, -1, -0.7853981633974483, 1.4142135623730951
257, 45, 133, 149, 132, 150, 1, -1, -0.7853981633974483, 1.4142135623730951
257, 47, 250, 389, 248, 390, 2, -1, -0.4636476090008061, 2.23606797749979
257, 49, 65, 397, 63, 398, 2, -1, -0.4636476090008061, 2.23606797749979
257, 50, 131, 303, 128, 302, 3, 1, 0.3217505543966422, 3.1622776601683795
257, 51, 213, 148, 211, 149, 2, -1, -0.4636476090008061, 2.23606797749979
257, 54, 152, 398, 150, 398, 2, 0, 0.0, 2.0
257, 55, 216, 374, 214, 375, 2, -1, -0.4636476090008061, 2.23606797749979
257, 56, 114, 175, 112, 176, 2, -1, -0.4636476090008061, 2.23606797749979
257, 58, 140, 123, 139, 124, 1, -1, -0.7853981633974483, 1.4142135623730951
257, 61, 119, 372, 118, 373, 1, -1, -0.7853981633974483, 1.4142135623730951
257, 62, 101, 326, 100, 327, 1, -1, -0.7853981633974483, 1.4142135623730951
257, 64, 162, 394, 160, 392, 2, 2, 0.7853981633974483, 2.8284271247461903
257, 66, 270, 353, 268, 353, 2, 0, 0.0, 2.0
257, 67, 179, 343, 177, 344, 2, -1, -0.4636476090008061, 2.23606797749979
258, 0, 70, 174, 69, 175, 1, -1, -0.7853981633974483, 1.4142135623730951
258, 1, 221, 72, 219, 73, 2, -1, -0.4636476090008061, 2.23606797749979
258, 2, 175, 72, 173, 73, 2, -1, -0.4636476090008061, 2.23606797749979
258, 3, 16, 169, 15, 170, 1, -1, -0.7853981633974483, 1.4142135623730951
258, 7, 16, 402, 15, 403, 1, -1, -0.7853981633974483, 1.4142135623730951
258, 8, 30, 129, 28, 129, 2, 0, 0.0, 2.0
258, 9, 60, 403, 58, 403, 2, 0, 0.0, 2.0
258, 10, 101, 155, 100, 156, 1, -1, -0.7853981633974483, 1.4142135623730951
258, 11, 102, 124, 100, 125, 2, -1, -0.4636476090008061, 2.23606797749979
258, 12, 116, 141, 115, 142, 1, -1, -0.7853981633974483, 1.4142135623730951
258, 13, 179, 150, 178, 151, 1, -1, -0.7853981633974483, 1.4142135623730951
258, 14, 139, 114, 138, 115, 1, -1, -0.7853981633974483, 1.4142135623730951
258, 15, 222, 403, 220, 403, 2, 0, 0.0, 2.0
258, 18, 308, 366, 306, 367, 2, -1, -0.4636476090008061, 2.23606797749979
258, 20, 94, 101, 92, 101, 2, 0, 0.0, 2.0
258, 21, 71, 131, 70, 132, 1, -1, -0.7853981633974483, 1.4142135623730951
258, 24, 156, 329, 155, 330, 1, -1, -0.7853981633974483, 1.4142135623730951
258, 25, 239, 354, 237, 354, 2, 0, 0.0, 2.0
258, 26, 204, 327, 200, 327, 4, 0, 0.0, 4.0
258, 27, 17, 319, 16, 320, 1, -1, -0.7853981633974483, 1.4142135623730951
258, 30, 184, 378, 183, 379, 1, -1, -0.7853981633974483, 1.4142135623730951
258, 32, 146, 170, 145, 171, 1, -1, -0.7853981633974483, 1.4142135623730951
258, 34, 125, 328, 122, 328, 3, 0, 0.0, 3.0
258, 37, 151, 118, 149, 118, 2, 0, 0.0, 2.0
258, 38, 224, 104, 222, 105, 2, -1, -0.4636476090008061, 2.23606797749979
258, 39, 113, 181, 111, 181, 2, 0, 0.0, 2.0
258, 40, 37, 109, 36, 110, 1, -1, -0.7853981633974483, 1.4142135623730951
258, 41, 133, 88, 130, 89, 3, -1, -0.3217505543966422, 3.1622776601683795
258, 42, 105, 390, 102, 392, 3, -2, -0.5880026035475675, 3.605551275463989
258, 43, 57, 285, 56, 284, 1, 1, 0.7853981633974483, 1.4142135623730951
258, 44, 72, 310, 70, 310, 2, 0, 0.0, 2.0
258, 45, 134, 148, 133, 149, 1, -1, -0.7853981633974483, 1.4142135623730951
258, 47, 252, 388, 250, 389, 2, -1, -0.4636476090008061, 2.23606797749979
258, 48, 82, 306, 81, 307, 1, -1, -0.7853981633974483, 1.4142135623730951
258, 49, 67, 396, 65, 397, 2, -1, -0.4636476090008061, 2.23606797749979
258, 50, 133, 303, 131, 303, 2, 0, 0.0, 2.0
258, 51, 214, 147, 213, 148, 1, -1, -0.7853981633974483, 1.4142135623730951
258, 52, 160, 324, 159, 325, 1, -1, -0.7853981633974483, 1.4142135623730951
258, 53, 126, 310, 125, 309, 1, 1, 0.7853981633974483, 1.4142135623730951
258, 54, 154, 398, 152, 398, 2, 0, 0.0, 2.0
258, 55, 217, 373, 216, 374, 1, -1, -0.7853981633974483, 1.4142135623730951
258, 56, 116, 175, 114, 175, 2, 0, 0.0, 2.0
258, 58, 141, 122, 140, 123, 1, -1, -0.7853981633974483, 1.4142135623730951
258, 59, 124, 339, 122, 339, 2, 0, 0.0, 2.0
258, 60, 134, 332, 132, 334, 2, -2, -0.7853981633974483, 2.8284271247461903
258, 61, 120, 373, 119, 372, 1, 1, 0.7853981633974483, 1.4142135623730951
258, 62, 102, 325, 101, 326, 1, -1, -0.7853981633974483, 1.4142135623730951
258, 63, 41, 156, 40, 157, 1, -1, -0.7853981633974483, 1.4142135623730951
258, 64, 164, 396, 162, 394, 2, 2, 0.7853981633974483, 2.8284271247461903
258, 66, 271, 352, 270, 353, 1, -1, -0.7853981633974483, 1.4142135623730951
258, 67, 182, 343, 179, 343, 3, 0, 0.0, 3.0
259, 1, 223, 71, 221, 72, 2, -1, -0.4636476090008061, 2.23606797749979
259, 2, 177, 71, 175, 72, 2, -1, -0.4636476090008061, 2.23606797749979
259, 3, 17, 168, 16, 169, 1, -1, -0.7853981633974483, 1.4142135623730951
259, 4, 72, 283, 70, 283, 2, 0, 0.0, 2.0
259, 7, 17, 401, 16, 402, 1, -1, -0.7853981633974483, 1.4142135623730951
259, 8, 31, 128, 30, 129, 1, -1, -0.7853981633974483, 1.4142135623730951
259, 10, 103, 154, 101, 155, 2, -1, -0.4636476090008061, 2.23606797749979
259, 13, 180, 149, 179, 150, 1, -1, -0.7853981633974483, 1.4142135623730951
259, 14, 140, 113, 139, 114, 1, -1, -0.7853981633974483, 1.4142135623730951
259, 15, 224, 402, 222, 403, 2, -1, -0.4636476090008061, 2.23606797749979
259, 16, 107, 73, 105, 73, 2, 0, 0.0, 2.0
259, 18, 310, 365, 308, 366, 2, -1, -0.4636476090008061, 2.23606797749979
259, 20, 96, 100, 94, 101, 2, -1, -0.4636476090008061, 2.23606797749979
259, 22, 31, 308, 30, 307, 1, 1, 0.7853981633974483, 1.4142135623730951
259, 25, 241, 354, 239, 354, 2, 0, 0.0, 2.0
259, 26, 208, 327, 204, 327, 4, 0, 0.0, 4.0
259, 28, 34, 111, 32, 111, 2, 0, 0.0, 2.0
259, 31, 128, 148, 127, 150, 1, -2, -1.1071487177940904, 2.23606797749979
259, 32, 147, 169, 146, 170, 1, -1, -0.7853981633974483, 1.4142135623730951
259, 34, 129, 327, 125, 328, 4, -1, -0.24497866312686414, 4.123105625617661
259, 35, 196, 312, 194, 312, 2, 0, 0.0, 2.0
259, 36, 169, 128, 168, 129, 1, -1, -0.7853981633974483, 1.4142135623730951
259, 37, 152, 117, 151, 118, 1, -1, -0.7853981633974483, 1.4142135623730951
259, 38, 226, 104, 224, 104, 2, 0, 0.0, 2.0
259, 39, 114, 180, 113, 181, 1, -1, -0.7853981633974483, 1.4142135623730951
259, 41, 135, 87, 133, 88, 2, -1, -0.4636476090008061, 2.23606797749979
259, 42, 109, 389, 105, 390, 4, -1, -0.24497866312686414, 4.123105625617661
259, 43, 59, 285, 57, 285, 2, 0, 0.0, 2.0
259, 45, 134, 146, 134, 148, 0, -2, -1.5707963267948966, 2.0
259, 47, 254, 388, 252, 388, 2, 0, 0.0, 2.0
259, 48, 84, 306, 82, 306, 2, 0, 0.0, 2.0
259, 49, 69, 395, 67, 396, 2, -1, -0.4636476090008061, 2.23606797749979
259, 50, 135, 303, 133, 303, 2, 0, 0.0, 2.0
259, 51, 216, 147, 214, 147, 2, 0, 0.0, 2.0
259, 54, 156, 397, 154, 398, 2, -1, -0.4636476090008061, 2.23606797749979
259, 55, 218, 372, 217, 373, 1, -1, -0.7853981633974483, 1.4142135623730951
259, 56, 118, 175, 116, 175, 2, 0, 0.0, 2.0
259, 57, 35, 334, 34, 333, 1, 1, 0.7853981633974483, 1.4142135623730951
259, 58, 143, 121, 141, 122, 2, -1, -0.4636476090008061, 2.23606797749979
259, 60, 135, 330, 134, 332, 1, -2, -1.1071487177940904, 2.23606797749979
259, 64, 166, 396, 164, 396, 2, 0, 0.0, 2.0
259, 67, 186, 342, 182, 343, 4, -1, -0.24497866312686414, 4.123105625617661
260, 0, 175, 72, 173, 73, 2, -1, -0.4636476090008061, 2.23606797749979
260, 1, 30, 130, 28, 130, 2, 0, 0.0, 2.0
260, 2, 222, 72, 220, 73, 2, -1, -0.4636476090008061, 2.23606797749979
260, 3, 10, 319, 8, 319, 2, 0, 0.0, 2.0
260, 6, 16, 170, 15, 171, 1, -1, -0.7853981633974483, 1.4142135623730951
260, 7, 16, 404, 14, 404, 2, 0, 0.0, 2.0
260, 8, 102, 125, 101, 126, 1, -1, -0.7853981633974483, 1.4142135623730951
260, 9, 72, 176, 70, 177, 2, -1, -0.4636476090008061, 2.23606797749979
260, 11, 180, 152, 179, 153, 1, -1, -0.7853981633974483, 1.4142135623730951
260, 12, 223, 407, 221, 407, 2, 0, 0.0, 2.0
260, 14, 117, 145, 116, 146, 1, -1, -0.7853981633974483, 1.4142135623730951
260, 15, 276, 347, 274, 347, 2, 0, 0.0, 2.0
260, 17, 38, 195, 36, 196, 2, -1, -0.4636476090008061, 2.23606797749979
260, 20, 100, 154, 99, 155, 1, -1, -0.7853981633974483, 1.4142135623730951
260, 23, 63, 106, 61, 106, 2, 0, 0.0, 2.0
260, 25, 308, 365, 306, 366, 2, -1, -0.4636476090008061, 2.23606797749979
260, 27, 80, 179, 79, 180, 1, -1, -0.7853981633974483, 1.4142135623730951
260, 28, 131, 88, 129, 89, 2, -1, -0.4636476090008061, 2.23606797749979
260, 31, 61, 365, 60, 364, 1, 1, 0.7853981633974483, 1.4142135623730951
260, 32, 34, 108, 32, 108, 2, 0, 0.0, 2.0
260, 34, 73, 140, 71, 141, 2, -1, -0.4636476090008061, 2.23606797749979
260, 36, 143, 123, 141, 124, 2, -1, -0.4636476090008061, 2.23606797749979
260, 38, 147, 172, 146, 173, 1, -1, -0.7853981633974483, 1.4142135623730951
260, 39, 68, 134, 67, 135, 1, -1, -0.7853981633974483, 1.4142135623730951
260, 40, 206, 129, 205, 130, 1, -1, -0.7853981633974483, 1.4142135623730951
260, 41, 71, 311, 69, 311, 2, 0, 0.0, 2.0
260, 42, 136, 332, 134, 334, 2, -2, -0.7853981633974483, 2.8284271247461903
260, 43, 151, 122, 150, 123, 1, -1, -0.7853981633974483, 1.4142135623730951
260, 45, 28, 173, 26, 174, 2, -1, -0.4636476090008061, 2.23606797749979
260, 46, 122, 151, 121, 152, 1, -1, -0.7853981633974483, 1.4142135623730951
260, 48, 38, 135, 37, 136, 1, -1, -0.7853981633974483, 1.4142135623730951
260, 49, 186, 380, 184, 381, 2, -1, -0.4636476090008061, 2.23606797749979
260, 51, 157, 400, 155, 400, 2, 0, 0.0, 2.0
260, 58, 127, 331, 124, 331, 3, 0, 0.0, 3.0
260, 60, 230, 131, 229, 132, 1, -1, -0.7853981633974483, 1.4142135623730951
260, 63, 43, 156, 42, 158, 1, -2, -1.1071487177940904, 2.23606797749979
260, 65, 72, 396, 70, 396, 2, 0, 0.0, 2.0
260, 66, 80, 309, 78, 308, 2, 1, 0.4636476090008061, 2.23606797749979
260, 69, 115, 153, 113, 153, 2, 0, 0.0, 2.0
260, 70, 59, 284, 57, 284, 2, 0, 0.0, 2.0
261, 0, 177, 71, 175, 72, 2, -1, -0.4636476090008061, 2.23606797749979
261, 2, 224, 71, 222, 72, 2, -1, -0.4636476090008061, 2.23606797749979
261, 5, 72, 283, 70, 283, 2, 0, 0.0, 2.0
261, 6, 17, 169, 16, 170, 1, -1, -0.7853981633974483, 1.4142135623730951
261, 7, 18, 404, 16, 404, 2, 0, 0.0, 2.0
261, 8, 103, 124, 102, 125, 1, -1, -0.7853981633974483, 1.4142135623730951
261, 9, 73, 175, 72, 176, 1, -1, -0.7853981633974483, 1.4142135623730951
261, 10, 140, 116, 139, 117, 1, -1, -0.7853981633974483, 1.4142135623730951
261, 11, 181, 151, 180, 152, 1, -1, -0.7853981633974483, 1.4142135623730951
261, 12, 225, 407, 223, 407, 2, 0, 0.0, 2.0
261, 13, 118, 144, 117, 145, 1, -1, -0.7853981633974483, 1.4142135623730951
261, 14, 278, 347, 276, 347, 2, 0, 0.0, 2.0
261, 15, 62, 402, 60, 403, 2, -1, -0.4636476090008061, 2.23606797749979
261, 17, 108, 73, 107, 74, 1, -1, -0.7853981633974483, 1.4142135623730951
261, 19, 101, 153, 100, 154, 1, -1, -0.7853981633974483, 1.4142135623730951
261, 21, 95, 99, 94, 100, 1, -1, -0.7853981633974483, 1.4142135623730951
261, 22, 65, 106, 63, 106, 2, 0, 0.0, 2.0
261, 24, 311, 364, 308, 365, 3, -1, -0.3217505543966422, 3.1622776601683795
261, 26, 82, 178, 80, 179, 2, -1, -0.4636476090008061, 2.23606797749979
261, 27, 132, 87, 131, 88, 1, -1, -0.7853981633974483, 1.4142135623730951
261, 30, 63, 365, 61, 365, 2, 0, 0.0, 2.0
261, 33, 74, 139, 73, 140, 1, -1, -0.7853981633974483, 1.4142135623730951
261, 35, 144, 122, 143, 123, 1, -1, -0.7853981633974483, 1.4142135623730951
261, 36, 223, 105, 222, 106, 1, -1, -0.7853981633974483, 1.4142135623730951
261, 37, 148, 171, 147, 172, 1, -1, -0.7853981633974483, 1.4142135623730951
261, 41, 137, 331, 136, 332, 1, -1, -0.7853981633974483, 1.4142135623730951
261, 44, 30, 173, 28, 173, 2, 0, 0.0, 2.0
261, 45, 123, 150, 122, 151, 1, -1, -0.7853981633974483, 1.4142135623730951
261, 47, 40, 134, 38, 135, 2, -1, -0.4636476090008061, 2.23606797749979
261, 48, 188, 380, 186, 380, 2, 0, 0.0, 2.0
261, 50, 159, 400, 157, 400, 2, 0, 0.0, 2.0
261, 51, 214, 150, 213, 151, 1, -1, -0.7853981633974483, 1.4142135623730951
261, 52, 109, 80, 108, 81, 1, -1, -0.7853981633974483, 1.4142135623730951
261, 59, 231, 130, 230, 131, 1, -1, -0.7853981633974483, 1.4142135623730951
261, 62, 45, 156, 43, 156, 2, 0, 0.0, 2.0
261, 63, 23, 282, 21, 282, 2, 0, 0.0, 2.0
261, 66, 188, 155, 187, 156, 1, -1, -0.7853981633974483, 1.4142135623730951
261, 68, 117, 153, 115, 153, 2, 0, 0.0, 2.0
262, 0, 179, 70, 177, 71, 2, -1, -0.4636476090008061, 2.23606797749979
262, 1, 32, 129, 31, 130, 1, -1, -0.7853981633974483, 1.4142135623730951
262, 2, 226, 70, 224, 71, 2, -1, -0.4636476090008061, 2.23606797749979
262, 3, 12, 318, 11, 319, 1, -1, -0.7853981633974483, 1.4142135623730951
262, 5, 73, 282, 72, 283, 1, -1, -0.7853981633974483, 1.4142135623730951
262, 6, 18, 168, 17, 169, 1, -1, -0.7853981633974483, 1.4142135623730951
262, 7, 20, 404, 18, 404, 2, 0, 0.0, 2.0
262, 8, 105, 123, 103, 124, 2, -1, -0.4636476090008061, 2.23606797749979
262, 9, 74, 174, 73, 175, 1, -1, -0.7853981633974483, 1.4142135623730951
262, 10, 141, 115, 140, 116, 1, -1, -0.7853981633974483, 1.4142135623730951
262, 11, 182, 150, 181, 151, 1, -1, -0.7853981633974483, 1.4142135623730951
262, 12, 227, 407, 225, 407, 2, 0, 0.0, 2.0
262, 13, 119, 143, 118, 144, 1, -1, -0.7853981633974483, 1.4142135623730951
262, 15, 63, 401, 62, 402, 1, -1, -0.7853981633974483, 1.4142135623730951
262, 16, 41, 193, 39, 195, 2, -2, -0.7853981633974483, 2.8284271247461903
262, 18, 254, 389, 252, 390, 2, -1, -0.4636476090008061, 2.23606797749979
262, 22, 67, 105, 65, 106, 2, -1, -0.4636476090008061, 2.23606797749979
262, 24, 313, 364, 311, 364, 2, 0, 0.0, 2.0
262, 27, 133, 86, 132, 87, 1, -1, -0.7853981633974483, 1.4142135623730951
262, 28, 245, 358, 243, 358, 2, 0, 0.0, 2.0
262, 29, 193, 345, 192, 346, 1, -1, -0.7853981633974483, 1.4142135623730951
262, 31, 36, 107, 35, 108, 1, -1, -0.7853981633974483, 1.4142135623730951
262, 32, 130, 147, 129, 148, 1, -1, -0.7853981633974483, 1.4142135623730951
262, 35, 146, 121, 144, 122, 2, -1, -0.4636476090008061, 2.23606797749979
262, 36, 225, 105, 223, 105, 2, 0, 0.0, 2.0
262, 37, 150, 170, 148, 171, 2, -1, -0.4636476090008061, 2.23606797749979
262, 38, 70, 133, 69, 134, 1, -1, -0.7853981633974483, 1.4142135623730951
262, 39, 208, 128, 207, 129, 1, -1, -0.7853981633974483, 1.4142135623730951
262, 40, 74, 311, 72, 311, 2, 0, 0.0, 2.0
262, 43, 159, 331, 157, 331, 2, 0, 0.0, 2.0
262, 44, 32, 173, 30, 173, 2, 0, 0.0, 2.0
262, 45, 124, 149, 123, 150, 1, -1, -0.7853981633974483, 1.4142135623730951
262, 47, 41, 133, 40, 134, 1, -1, -0.7853981633974483, 1.4142135623730951
262, 51, 215, 149, 214, 150, 1, -1, -0.7853981633974483, 1.4142135623730951
262, 52, 110, 79, 109, 80, 1, -1, -0.7853981633974483, 1.4142135623730951
262, 53, 155, 357, 151, 356, 4, 1, 0.24497866312686414, 4.123105625617661
262, 55, 87, 377, 83, 377, 4, 0, 0.0, 4.0
262, 56, 238, 354, 236, 354, 2, 0, 0.0, 2.0
262, 57, 129, 331, 127, 331, 2, 0, 0.0, 2.0
262, 59, 233, 130, 231, 130, 2, 0, 0.0, 2.0
262, 61, 94, 373, 97, 374, -3, -1, -2.819842099193151, 3.1622776601683795
262, 64, 74, 395, 73, 396, 1, -1, -0.7853981633974483, 1.4142135623730951
262, 66, 190, 155, 188, 155, 2, 0, 0.0, 2.0
262, 67, 157, 351, 160, 353, -3, -2, -2.5535900500422257, 3.605551275463989
263, 0, 181, 69, 179, 70, 2, -1, -0.4636476090008061, 2.23606797749979
263, 2, 228, 69, 226, 70, 2, -1, -0.4636476090008061, 2.23606797749979
263, 3, 13, 317, 12, 318, 1, -1, -0.7853981633974483, 1.4142135623730951
263, 6, 20, 167, 18, 168, 2, -1, -0.4636476090008061, 2.23606797749979
263, 7, 22, 404, 20, 404, 2, 0, 0.0, 2.0
263, 8, 107, 122, 105, 123, 2, -1, -0.4636476090008061, 2.23606797749979
263, 9, 75, 173, 74, 174, 1, -1, -0.7853981633974483, 1.4142135623730951
263, 10, 142, 114, 141, 115, 1, -1, -0.7853981633974483, 1.4142135623730951
263, 11, 183, 149, 182, 150, 1, -1, -0.7853981633974483, 1.4142135623730951
263, 12, 229, 407, 227, 407, 2, 0, 0.0, 2.0
263, 13, 120, 142, 119, 143, 1, -1, -0.7853981633974483, 1.4142135623730951
263, 14, 281, 346, 279, 347, 2, -1, -0.4636476090008061, 2.23606797749979
263, 15, 64, 400, 63, 401, 1, -1, -0.7853981633974483, 1.4142135623730951
263, 16, 44, 191, 41, 193, 3, -2, -0.5880026035475675, 3.605551275463989
263, 18, 256, 389, 254, 389, 2, 0, 0.0, 2.0
263, 19, 104, 153, 102, 153, 2, 0, 0.0, 2.0
263, 20, 35, 308, 33, 308, 2, 0, 0.0, 2.0
263, 22, 68, 104, 67, 105, 1, -1, -0.7853981633974483, 1.4142135623730951
263, 24, 315, 364, 313, 364, 2, 0, 0.0, 2.0
263, 26, 85, 177, 83, 178, 2, -1, -0.4636476090008061, 2.23606797749979
263, 27, 134, 85, 133, 86, 1, -1, -0.7853981633974483, 1.4142135623730951
263, 28, 246, 357, 245, 358, 1, -1, -0.7853981633974483, 1.4142135623730951
263, 29, 196, 344, 193, 345, 3, -1, -0.3217505543966422, 3.1622776601683795
263, 31, 38, 107, 36, 107, 2, 0, 0.0, 2.0
263, 33, 76, 138, 75, 139, 1, -1, -0.7853981633974483, 1.4142135623730951
263, 35, 148, 120, 146, 121, 2, -1, -0.4636476090008061, 2.23606797749979
263, 36, 227, 105, 225, 105, 2, 0, 0.0, 2.0
263, 37, 151, 169, 150, 170, 1, -1, -0.7853981633974483, 1.4142135623730951
263, 38, 71, 132, 70, 133, 1, -1, -0.7853981633974483, 1.4142135623730951
263, 39, 209, 127, 208, 128, 1, -1, -0.7853981633974483, 1.4142135623730951
263, 41, 139, 331, 137, 330, 2, 1, 0.4636476090008061, 2.23606797749979
263, 44, 35, 173, 32, 173, 3, 0, 0.0, 3.0
263, 45, 125, 148, 124, 149, 1, -1, -0.7853981633974483, 1.4142135623730951
263, 47, 43, 132, 41, 133, 2, -1, -0.4636476090008061, 2.23606797749979
263, 50, 162, 400, 160, 400, 2, 0, 0.0, 2.0
263, 51, 217, 148, 215, 149, 2, -1, -0.4636476090008061, 2.23606797749979
263, 52, 112, 79, 110, 79, 2, 0, 0.0, 2.0
263, 56, 240, 354, 238, 354, 2, 0, 0.0, 2.0
263, 57, 132, 331, 129, 331, 3, 0, 0.0, 3.0
263, 58, 57, 161, 59, 161, -2, 0, 3.141592653589793, 2.0
263, 59, 234, 129, 233, 130, 1, -1, -0.7853981633974483, 1.4142135623730951
263, 62, 46, 154, 45, 155, 1, -1, -0.7853981633974483, 1.4142135623730951
263, 65, 83, 310, 82, 309, 1, 1, 0.7853981633974483, 1.4142135623730951
263, 69, 63, 284, 61, 284, 2, 0, 0.0, 2.0
264, 0, 184, 69, 181, 69, 3, 0, 0.0, 3.0
264, 2, 231, 69, 228, 69, 3, 0, 0.0, 3.0
264, 5, 75, 281, 74, 282, 1, -1, -0.7853981633974483, 1.4142135623730951
264, 6, 21, 166, 20, 167, 1, -1, -0.7853981633974483, 1.4142135623730951
264, 8, 108, 121, 107, 122, 1, -1, -0.7853981633974483, 1.4142135623730951
264, 9, 77, 172, 75, 173, 2, -1, -0.4636476090008061, 2.23606797749979
264, 10, 143, 113, 142, 114, 1, -1, -0.7853981633974483, 1.4142135623730951
264, 11, 184, 148, 183, 149, 1, -1, -0.7853981633974483, 1.4142135623730951
264, 13, 121, 141, 120, 142, 1, -1, -0.7853981633974483, 1.4142135623730951
264, 14, 283, 345, 281, 346, 2, -1, -0.4636476090008061, 2.23606797749979
264, 15, 66, 400, 64, 400, 2, 0, 0.0, 2.0
264, 16, 46, 190, 44, 191, 2, -1, -0.4636476090008061, 2.23606797749979
264, 17, 110, 72, 109, 73, 1, -1, -0.7853981633974483, 1.4142135623730951
264, 18, 258, 389, 256, 389, 2, 0, 0.0, 2.0
264, 19, 105, 152, 104, 153, 1, -1, -0.7853981633974483, 1.4142135623730951
264, 21, 98, 98, 97, 99, 1, -1, -0.7853981633974483, 1.4142135623730951
264, 22, 69, 103, 68, 104, 1, -1, -0.7853981633974483, 1.4142135623730951
264, 23, 40, 382, 38, 382, 2, 0, 0.0, 2.0
264, 24, 317, 364, 315, 364, 2, 0, 0.0, 2.0
264, 25, 87, 176, 85, 177, 2, -1, -0.4636476090008061, 2.23606797749979
264, 27, 247, 356, 246, 357, 1, -1, -0.7853981633974483, 1.4142135623730951
264, 28, 201, 344, 196, 344, 5, 0, 0.0, 5.0
264, 32, 77, 137, 76, 138, 1, -1, -0.7853981633974483, 1.4142135623730951
264, 34, 149, 119, 148, 120, 1, -1, -0.7853981633974483, 1.4142135623730951
264, 36, 152, 168, 151, 169, 1, -1, -0.7853981633974483, 1.4142135623730951
264, 40, 143, 330, 139, 331, 4, -1, -0.24497866312686414, 4.123105625617661
264, 41, 154, 120, 153, 121, 1, -1, -0.7853981633974483, 1.4142135623730951
264, 43, 38, 173, 35, 173, 3, 0, 0.0, 3.0
264, 44, 126, 147, 125, 148, 1, -1, -0.7853981633974483, 1.4142135623730951
264, 46, 44, 131, 43, 132, 1, -1, -0.7853981633974483, 1.4142135623730951
264, 48, 219, 112, 217, 112, 2, 0, 0.0, 2.0
264, 51, 113, 78, 112, 79, 1, -1, -0.7853981633974483, 1.4142135623730951
264, 55, 242, 354, 240, 354, 2, 0, 0.0, 2.0
264, 56, 134, 331, 132, 331, 2, 0, 0.0, 2.0
264, 59, 192, 312, 191, 311, 1, 1, 0.7853981633974483, 1.4142135623730951
264, 65, 193, 154, 191, 155, 2, -1, -0.4636476090008061, 2.23606797749979
264, 67, 119, 153, 117, 152, 2, 1, 0.4636476090008061, 2.23606797749979
264, 68, 65, 284, 63, 284, 2, 0, 0.0, 2.0
265, 0, 20, 169, 19, 170, 1, -1, -0.7853981633974483, 1.4142135623730951
265, 1, 75, 175, 74, 176, 1, -1, -0.7853981633974483, 1.4142135623730951
265, 3, 107, 124, 106, 125, 1, -1, -0.7853981633974483, 1.4142135623730951
265, 4, 21, 404, 19, 404, 2, 0, 0.0, 2.0
265, 6, 99, 297, 97, 297, 2, 0, 0.0, 2.0
265, 7, 122, 144, 121, 145, 1, -1, -0.7853981633974483, 1.4142135623730951
265, 8, 144, 116, 143, 117, 1, -1, -0.7853981633974483, 1.4142135623730951
265, 9, 315, 365, 313, 366, 2, -1, -0.4636476090008061, 2.23606797749979
265, 10, 114, 77, 113, 78, 1, -1, -0.7853981633974483, 1.4142135623730951
265, 14, 190, 151, 188, 152, 2, -1, -0.4636476090008061, 2.23606797749979
265, 16, 116, 126, 114, 127, 2, -1, -0.4636476090008061, 2.23606797749979
265, 17, 85, 176, 84, 177, 1, -1, -0.7853981633974483, 1.4142135623730951
265, 19, 38, 298, 37, 299, 1, -1, -0.7853981633974483, 1.4142135623730951
265, 21, 66, 403, 64, 404, 2, -1, -0.4636476090008061, 2.23606797749979
265, 22, 36, 309, 34, 309, 2, 0, 0.0, 2.0
265, 28, 152, 123, 151, 124, 1, -1, -0.7853981633974483, 1.4142135623730951
265, 30, 223, 334, 219, 333, 4, 1, 0.24497866312686414, 4.123105625617661
265, 31, 131, 151, 130, 152, 1, -1, -0.7853981633974483, 1.4142135623730951
265, 32, 165, 399, 163, 399, 2, 0, 0.0, 2.0
265, 35, 143, 334, 140, 332, 3, 2, 0.5880026035475675, 3.605551275463989
265, 37, 78, 140, 76, 140, 2, 0, 0.0, 2.0
265, 40, 288, 116, 286, 117, 2, -1, -0.4636476090008061, 2.23606797749979
265, 41, 67, 106, 66, 107, 1, -1, -0.7853981633974483, 1.4142135623730951
265, 43, 65, 356, 64, 357, 1, -1, -0.7853981633974483, 1.4142135623730951
265, 45, 235, 133, 232, 134, 3, -1, -0.3217505543966422, 3.1622776601683795
265, 46, 131, 143, 130, 144, 1, -1, -0.7853981633974483, 1.4142135623730951
265, 47, 231, 366, 228, 367, 3, -1, -0.3217505543966422, 3.1622776601683795
265, 48, 209, 129, 208, 130, 1, -1, -0.7853981633974483, 1.4142135623730951
265, 49, 282, 347, 280, 347, 2, 0, 0.0, 2.0
265, 50, 192, 353, 190, 353, 2, 0, 0.0, 2.0
265, 52, 153, 173, 151, 174, 2, -1, -0.4636476090008061, 2.23606797749979
265, 53, 201, 344, 197, 344, 4, 0, 0.0, 4.0
265, 54, 100, 351, 98, 351, 2, 0, 0.0, 2.0
265, 55, 243, 354, 242, 355, 1, -1, -0.7853981633974483, 1.4142135623730951
265, 56, 241, 132, 239, 133, 2, -1, -0.4636476090008061, 2.23606797749979
265, 57, 37, 108, 36, 109, 1, -1, -0.7853981633974483, 1.4142135623730951
265, 58, 99, 161, 97, 162, 2, -1, -0.4636476090008061, 2.23606797749979
265, 60, 58, 371, 55, 371, 3, 0, 0.0, 3.0
265, 63, 47, 157, 46, 158, 1, -1, -0.7853981633974483, 1.4142135623730951
265, 64, 262, 390, 260, 390, 2, 0, 0.0, 2.0
265, 65, 219, 111, 216, 112, 3, -1, -0.3217505543966422, 3.1622776601683795
265, 66, 86, 310, 84, 310, 2, 0, 0.0, 2.0
265, 67, 222, 153, 220, 154, 2, -1, -0.4636476090008061, 2.23606797749979
265, 69, 89, 378, 87, 379, 2, -1, -0.4636476090008061, 2.23606797749979
265, 70, 99, 100, 98, 101, 1, -1, -0.7853981633974483, 1.4142135623730951
265, 71, 44, 192, 42, 193, 2, -1, -0.4636476090008061, 2.23606797749979
265, 77, 123, 392, 119, 392, 4, 0, 0.0, 4.0
265, 79, 279, 355, 277, 355, 2, 0, 0.0, 2.0
265, 80, 227, 81, 226, 82, 1, -1, -0.7853981633974483, 1.4142135623730951
265, 85, 33, 114, 31, 114, 2, 0, 0.0, 2.0
266, 0, 21, 168, 20, 169, 1, -1, -0.7853981633974483, 1.4142135623730951
266, 1, 76, 174, 75, 175, 1, -1, -0.7853981633974483, 1.4142135623730951
266, 2, 36, 130, 34, 131, 2, -1, -0.4636476090008061, 2.23606797749979
266, 3, 109, 123, 107, 124, 2, -1, -0.4636476090008061, 2.23606797749979
266, 5, 229, 405, 227, 405, 2, 0, 0.0, 2.0
266, 7, 123, 143, 122, 144, 1, -1, -0.7853981633974483, 1.4142135623730951
266, 8, 146, 115, 144, 116, 2, -1, -0.4636476090008061, 2.23606797749979
266, 9, 318, 365, 315, 365, 3, 0, 0.0, 3.0
266, 14, 191, 150, 190, 151, 1, -1, -0.7853981633974483, 1.4142135623730951
266, 16, 117, 125, 116, 126, 1, -1, -0.7853981633974483, 1.4142135623730951
266, 17, 86, 175, 85, 176, 1, -1, -0.7853981633974483, 1.4142135623730951
266, 19, 39, 297, 38, 298, 1, -1, -0.7853981633974483, 1.4142135623730951
266, 21, 68, 403, 66, 403, 2, 0, 0.0, 2.0
266, 23, 155, 117, 153, 117, 2, 0, 0.0, 2.0
266, 26, 191, 381, 190, 382, 1, -1, -0.7853981633974483, 1.4142135623730951
266, 28, 153, 122, 152, 123, 1, -1, -0.7853981633974483, 1.4142135623730951
266, 30, 224, 336, 223, 334, 1, 2, 1.1071487177940904, 2.23606797749979
266, 31, 132, 150, 131, 151, 1, -1, -0.7853981633974483, 1.4142135623730951
266, 34, 34, 170, 33, 171, 1, -1, -0.7853981633974483, 1.4142135623730951
266, 35, 147, 334, 143, 334, 4, 0, 0.0, 4.0
266, 38, 40, 382, 39, 383, 1, -1, -0.7853981633974483, 1.4142135623730951
266, 39, 73, 133, 72, 134, 1, -1, -0.7853981633974483, 1.4142135623730951
266, 40, 289, 115, 288, 116, 1, -1, -0.7853981633974483, 1.4142135623730951
266, 45, 237, 132, 235, 133, 2, -1, -0.4636476090008061, 2.23606797749979
266, 46, 132, 142, 131, 143, 1, -1, -0.7853981633974483, 1.4142135623730951
266, 47, 234, 366, 231, 366, 3, 0, 0.0, 3.0
266, 48, 210, 128, 209, 129, 1, -1, -0.7853981633974483, 1.4142135623730951
266, 51, 138, 86, 137, 88, 1, -2, -1.1071487177940904, 2.23606797749979
266, 52, 155, 172, 153, 173, 2, -1, -0.4636476090008061, 2.23606797749979
266, 53, 204, 344, 201, 344, 3, 0, 0.0, 3.0
266, 55, 244, 353, 243, 354, 1, -1, -0.7853981633974483, 1.4142135623730951
266, 56, 242, 131, 241, 132, 1, -1, -0.7853981633974483, 1.4142135623730951
266, 57, 38, 107, 37, 108, 1, -1, -0.7853981633974483, 1.4142135623730951
266, 58, 101, 160, 99, 161, 2, -1, -0.4636476090008061, 2.23606797749979
266, 60, 59, 372, 58, 371, 1, 1, 0.7853981633974483, 1.4142135623730951
266, 63, 48, 156, 47, 157, 1, -1, -0.7853981633974483, 1.4142135623730951
266, 65, 221, 111, 219, 111, 2, 0, 0.0, 2.0
266, 67, 223, 152, 222, 153, 1, -1, -0.7853981633974483, 1.4142135623730951
266, 69, 91, 378, 89, 378, 2, 0, 0.0, 2.0
266, 70, 100, 99, 99, 100, 1, -1, -0.7853981633974483, 1.4142135623730951
266, 71, 45, 191, 44, 192, 1, -1, -0.7853981633974483, 1.4142135623730951
266, 73, 247, 338, 246, 339, 1, -1, -0.7853981633974483, 1.4142135623730951
266, 75, 53, 301, 52, 300, 1, 1, 0.7853981633974483, 1.4142135623730951
266, 76, 195, 377, 197, 378, -2, -1, -2.677945044588987, 2.23606797749979
266, 77, 126, 393, 123, 392, 3, 1, 0.3217505543966422, 3.1622776601683795
266, 80, 229, 80, 227, 81, 2, -1, -0.4636476090008061, 2.23606797749979
266, 82, 114, 323, 112, 323, 2, 0, 0.0, 2.0
266, 83, 65, 285, 63, 285, 2, 0, 0.0, 2.0
267, 0, 22, 167, 21, 168, 1, -1, -0.7853981633974483, 1.4142135623730951
267, 1, 78, 173, 76, 174, 2, -1, -0.4636476090008061, 2.23606797749979
267, 2, 38, 129, 36, 130, 2, -1, -0.4636476090008061, 2.23606797749979
267, 3, 111, 122, 109, 123, 2, -1, -0.4636476090008061, 2.23606797749979
267, 5, 231, 405, 229, 405, 2, 0, 0.0, 2.0
267, 6, 102, 297, 100, 297, 2, 0, 0.0, 2.0
267, 7, 124, 142, 123, 143, 1, -1, -0.7853981633974483, 1.4142135623730951
267, 8, 147, 114, 146, 115, 1, -1, -0.7853981633974483, 1.4142135623730951
267, 9, 320, 365, 318, 365, 2, 0, 0.0, 2.0
267, 11, 14, 321, 13, 322, 1, -1, -0.7853981633974483, 1.4142135623730951
267, 13, 183, 71, 181, 72, 2, -1, -0.4636476090008061, 2.23606797749979
267, 14, 192, 149, 191, 150, 1, -1, -0.7853981633974483, 1.4142135623730951
267, 15, 78, 286, 76, 286, 2, 0, 0.0, 2.0
267, 16, 118, 124, 117, 125, 1, -1, -0.7853981633974483, 1.4142135623730951
267, 17, 87, 174, 86, 175, 1, -1, -0.7853981633974483, 1.4142135623730951
267, 20, 231, 109, 230, 108, 1, 1, 0.7853981633974483, 1.4142135623730951
267, 22, 39, 309, 37, 309, 2, 0, 0.0, 2.0
267, 23, 157, 116, 155, 117, 2, -1, -0.4636476090008061, 2.23606797749979
267, 26, 192, 382, 191, 381, 1, 1, 0.7853981633974483, 1.4142135623730951
267, 28, 154, 121, 153, 122, 1, -1, -0.7853981633974483, 1.4142135623730951
267, 29, 67, 367, 65, 367, 2, 0, 0.0, 2.0
267, 30, 226, 336, 224, 336, 2, 0, 0.0, 2.0
267, 31, 133, 149, 132, 150, 1, -1, -0.7853981633974483, 1.4142135623730951
267, 33, 174, 125, 173, 126, 1, -1, -0.7853981633974483, 1.4142135623730951
267, 34, 35, 169, 34, 170, 1, -1, -0.7853981633974483, 1.4142135623730951
267, 35, 148, 335, 147, 334, 1, 1, 0.7853981633974483, 1.4142135623730951
267, 37, 80, 139, 79, 140, 1, -1, -0.7853981633974483, 1.4142135623730951
267, 38, 42, 382, 40, 382, 2, 0, 0.0, 2.0
267, 39, 74, 132, 73, 133, 1, -1, -0.7853981633974483, 1.4142135623730951
267, 40, 292, 114, 289, 115, 3, -1, -0.3217505543966422, 3.1622776601683795
267, 41, 70, 105, 68, 106, 2, -1, -0.4636476090008061, 2.23606797749979
267, 44, 238, 131, 237, 132, 1, -1, -0.7853981633974483, 1.4142135623730951
267, 45, 133, 141, 132, 142, 1, -1, -0.7853981633974483, 1.4142135623730951
267, 46, 237, 366, 234, 366, 3, 0, 0.0, 3.0
267, 47, 211, 127, 210, 128, 1, -1, -0.7853981633974483, 1.4142135623730951
267, 50, 139, 85, 138, 86, 1, -1, -0.7853981633974483, 1.4142135623730951
267, 51, 157, 170, 155, 172, 2, -2, -0.7853981633974483, 2.8284271247461903
267, 52, 206, 345, 204, 344, 2, 1, 0.4636476090008061, 2.23606797749979
267, 53, 103, 351, 101, 351, 2, 0, 0.0, 2.0
267, 59, 62, 372, 59, 372, 3, 0, 0.0, 3.0
267, 63, 265, 390, 263, 390, 2, 0, 0.0, 2.0
267, 64, 223, 111, 221, 111, 2, 0, 0.0, 2.0
267, 66, 224, 151, 223, 152, 1, -1, -0.7853981633974483, 1.4142135623730951
267, 69, 102, 98, 100, 99, 2, -1, -0.4636476090008061, 2.23606797749979
267, 70, 46, 190, 45, 191, 1, -1, -0.7853981633974483, 1.4142135623730951
267, 72, 248, 339, 247, 338, 1, 1, 0.7853981633974483, 1.4142135623730951
267, 75, 197, 378, 195, 377, 2, 1, 0.4636476090008061, 2.23606797749979
267, 76, 128, 393, 126, 393, 2, 0, 0.0, 2.0
267, 78, 282, 355, 280, 355, 2, 0, 0.0, 2.0
267, 79, 231, 79, 229, 80, 2, -1, -0.4636476090008061, 2.23606797749979
267, 82, 67, 285, 65, 285, 2, 0, 0.0, 2.0
267, 83, 36, 113, 34, 114, 2, -1, -0.4636476090008061, 2.23606797749979
268, 0, 23, 166, 22, 167, 1, -1, -0.7853981633974483, 1.4142135623730951
268, 1, 79, 172, 78, 173, 1, -1, -0.7853981633974483, 1.4142135623730951
268, 2, 40, 128, 38, 129, 2, -1, -0.4636476090008061, 2.23606797749979
268, 3, 112, 121, 111, 122, 1, -1, -0.7853981633974483, 1.4142135623730951
268, 4, 28, 403, 23, 404, 5, -1, -0.19739555984988075, 5.0990195135927845
268, 5, 237, 404, 231, 405, 6, -1, -0.16514867741462683, 6.082762530298219
268, 8, 149, 113, 147, 114, 2, -1, -0.4636476090008061, 2.23606797749979
268, 9, 321, 364, 320, 365, 1, -1, -0.7853981633974483, 1.4142135623730951
268, 11, 15, 320, 14, 321, 1, -1, -0.7853981633974483, 1.4142135623730951
268, 12, 230, 71, 229, 72, 1, -1, -0.7853981633974483, 1.4142135623730951
268, 13, 184, 70, 183, 71, 1, -1, -0.7853981633974483, 1.4142135623730951
268, 14, 193, 148, 192, 149, 1, -1, -0.7853981633974483, 1.4142135623730951
268, 15, 79, 285, 78, 286, 1, -1, -0.7853981633974483, 1.4142135623730951
268, 16, 119, 123, 118, 124, 1, -1, -0.7853981633974483, 1.4142135623730951
268, 17, 88, 173, 87, 174, 1, -1, -0.7853981633974483, 1.4142135623730951
268, 21, 70, 402, 69, 403, 1, -1, -0.7853981633974483, 1.4142135623730951
268, 22, 41, 309, 39, 309, 2, 0, 0.0, 2.0
268, 23, 159, 115, 157, 116, 2, -1, -0.4636476090008061, 2.23606797749979
268, 24, 19, 283, 18, 284, 1, -1, -0.7853981633974483, 1.4142135623730951
268, 25, 19, 315, 17, 315, 2, 0, 0.0, 2.0
268, 26, 193, 383, 192, 382, 1, 1, 0.7853981633974483, 1.4142135623730951
268, 28, 155, 120, 154, 121, 1, -1, -0.7853981633974483, 1.4142135623730951
268, 29, 69, 367, 67, 367, 2, 0, 0.0, 2.0
268, 33, 175, 124, 174, 125, 1, -1, -0.7853981633974483, 1.4142135623730951
268, 34, 37, 169, 35, 169, 2, 0, 0.0, 2.0
268, 35, 151, 336, 148, 335, 3, 1, 0.3217505543966422, 3.1622776601683795
268, 37, 82, 138, 80, 139, 2, -1, -0.4636476090008061, 2.23606797749979
268, 38, 44, 381, 42, 382, 2, -1, -0.4636476090008061, 2.23606797749979
268, 39, 75, 131, 74, 132, 1, -1, -0.7853981633974483, 1.4142135623730951
268, 40, 294, 114, 292, 114, 2, 0, 0.0, 2.0
268, 41, 72, 104, 70, 105, 2, -1, -0.4636476090008061, 2.23606797749979
268, 45, 135, 141, 133, 141, 2, 0, 0.0, 2.0
268, 46, 239, 367, 237, 366, 2, 1, 0.4636476090008061, 2.23606797749979
268, 50, 140, 84, 139, 85, 1, -1, -0.7853981633974483, 1.4142135623730951
268, 51, 158, 169, 157, 170, 1, -1, -0.7853981633974483, 1.4142135623730951
268, 52, 207, 346, 206, 345, 1, 1, 0.7853981633974483, 1.4142135623730951
268, 56, 39, 106, 38, 107, 1, -1, -0.7853981633974483, 1.4142135623730951
268, 58, 134, 340, 133, 341, 1, -1, -0.7853981633974483, 1.4142135623730951
268, 59, 63, 373, 62, 372, 1, 1, 0.7853981633974483, 1.4142135623730951
268, 64, 226, 111, 223, 111, 3, 0, 0.0, 3.0
268, 65, 88, 308, 87, 309, 1, -1, -0.7853981633974483, 1.4142135623730951
268, 66, 225, 150, 224, 151, 1, -1, -0.7853981633974483, 1.4142135623730951
268, 69, 103, 97, 102, 98, 1, -1, -0.7853981633974483, 1.4142135623730951
268, 70, 47, 189, 46, 190, 1, -1, -0.7853981633974483, 1.4142135623730951
268, 74, 55, 300, 54, 301, 1, -1, -0.7853981633974483, 1.4142135623730951
268, 76, 130, 394, 128, 393, 2, 1, 0.4636476090008061, 2.23606797749979
268, 79, 233, 79, 231, 79, 2, 0, 0.0, 2.0
269, 0, 25, 165, 23, 166, 2, -1, -0.4636476090008061, 2.23606797749979
269, 1, 80, 171, 79, 172, 1, -1, -0.7853981633974483, 1.4142135623730951
269, 3, 114, 120, 112, 121, 2, -1, -0.4636476090008061, 2.23606797749979
269, 5, 238, 403, 237, 404, 1, -1, -0.7853981633974483, 1.4142135623730951
269, 7, 126, 141, 125, 142, 1, -1, -0.7853981633974483, 1.4142135623730951
269, 8, 150, 112, 149, 113, 1, -1, -0.7853981633974483, 1.4142135623730951
269, 11, 17, 319, 15, 320, 2, -1, -0.4636476090008061, 2.23606797749979
269, 12, 235, 70, 230, 71, 5, -1, -0.19739555984988075, 5.0990195135927845
269, 13, 188, 70, 184, 70, 4, 0, 0.0, 4.0
269, 14, 194, 147, 193, 148, 1, -1, -0.7853981633974483, 1.4142135623730951
269, 15, 81, 285, 79, 285, 2, 0, 0.0, 2.0
269, 16, 121, 123, 119, 123, 2, 0, 0.0, 2.0
269, 17, 89, 172, 88, 173, 1, -1, -0.7853981633974483, 1.4142135623730951
269, 18, 165, 330, 164, 331, 1, -1, -0.7853981633974483, 1.4142135623730951
269, 21, 71, 401, 70, 402, 1, -1, -0.7853981633974483, 1.4142135623730951
269, 22, 43, 308, 41, 309, 2, -1, -0.4636476090008061, 2.23606797749979
269, 23, 160, 114, 159, 115, 1, -1, -0.7853981633974483, 1.4142135623730951
269, 25, 21, 315, 19, 315, 2, 0, 0.0, 2.0
269, 26, 195, 383, 193, 383, 2, 0, 0.0, 2.0
269, 27, 126, 180, 125, 181, 1, -1, -0.7853981633974483, 1.4142135623730951
269, 28, 157, 119, 155, 120, 2, -1, -0.4636476090008061, 2.23606797749979
269, 29, 70, 366, 69, 367, 1, -1, -0.7853981633974483, 1.4142135623730951
269, 30, 229, 338, 226, 337, 3, 1, 0.3217505543966422, 3.1622776601683795
269, 31, 135, 148, 134, 149, 1, -1, -0.7853981633974483, 1.4142135623730951
269, 32, 170, 399, 168, 399, 2, 0, 0.0, 2.0
269, 34, 38, 168, 37, 169, 1, -1, -0.7853981633974483, 1.4142135623730951
269, 35, 152, 337, 151, 336, 1, 1, 0.7853981633974483, 1.4142135623730951
269, 37, 83, 137, 82, 138, 1, -1, -0.7853981633974483, 1.4142135623730951
269, 38, 46, 381, 44, 381, 2, 0, 0.0, 2.0
269, 39, 76, 130, 75, 131, 1, -1, -0.7853981633974483, 1.4142135623730951
269, 40, 297, 113, 294, 114, 3, -1, -0.3217505543966422, 3.1622776601683795
269, 42, 197, 314, 195, 314, 2, 0, 0.0, 2.0
269, 44, 240, 130, 239, 131, 1, -1, -0.7853981633974483, 1.4142135623730951
269, 45, 136, 140, 135, 141, 1, -1, -0.7853981633974483, 1.4142135623730951
269, 47, 213, 126, 212, 127, 1, -1, -0.7853981633974483, 1.4142135623730951
269, 50, 145, 83, 140, 84, 5, -1, -0.19739555984988075, 5.0990195135927845
269, 51, 160, 167, 158, 169, 2, -2, -0.7853981633974483, 2.8284271247461903
269, 52, 208, 347, 207, 346, 1, 1, 0.7853981633974483, 1.4142135623730951
269, 57, 104, 158, 103, 160, 1, -2, -1.1071487177940904, 2.23606797749979
269, 62, 50, 154, 49, 155, 1, -1, -0.7853981633974483, 1.4142135623730951
269, 63, 268, 390, 266, 390, 2, 0, 0.0, 2.0
269, 65, 90, 308, 88, 308, 2, 0, 0.0, 2.0
269, 66, 226, 149, 225, 150, 1, -1, -0.7853981633974483, 1.4142135623730951
269, 69, 105, 97, 103, 97, 2, 0, 0.0, 2.0
269, 70, 48, 188, 47, 189, 1, -1, -0.7853981633974483, 1.4142135623730951
269, 72, 249, 338, 248, 339, 1, -1, -0.7853981633974483, 1.4142135623730951
269, 73, 33, 349, 32, 350, 1, -1, -0.7853981633974483, 1.4142135623730951
269, 74, 57, 301, 55, 300, 2, 1, 0.4636476090008061, 2.23606797749979
269, 75, 201, 379, 198, 378, 3, 1, 0.3217505543966422, 3.1622776601683795
269, 76, 132, 395, 130, 394, 2, 1, 0.4636476090008061, 2.23606797749979
269, 78, 285, 355, 283, 355, 2, 0, 0.0, 2.0
269, 79, 237, 79, 233, 79, 4, 0, 0.0, 4.0
269, 82, 70, 285, 68, 285, 2, 0, 0.0, 2.0
269, 83, 39, 111, 37, 113, 2, -2, -0.7853981633974483, 2.8284271247461903
270, 1, 25, 168, 24, 169, 1, -1, -0.7853981633974483, 1.4142135623730951
270, 2, 80, 173, 79, 174, 1, -1, -0.7853981633974483, 1.4142135623730951
270, 3, 39, 130, 38, 131, 1, -1, -0.7853981633974483, 1.4142135623730951
270, 4, 137, 143, 136, 144, 1, -1, -0.7853981633974483, 1.4142135623730951
270, 5, 126, 144, 125, 145, 1, -1, -0.7853981633974483, 1.4142135623730951
270, 7, 112, 123, 111, 124, 1, -1, -0.7853981633974483, 1.4142135623730951
270, 8, 149, 115, 148, 116, 1, -1, -0.7853981633974483, 1.4142135623730951
270, 9, 28, 405, 26, 405, 2, 0, 0.0, 2.0
270, 10, 71, 402, 69, 403, 2, -1, -0.4636476090008061, 2.23606797749979
270, 13, 235, 407, 233, 407, 2, 0, 0.0, 2.0
270, 14, 190, 149, 188, 149, 2, 0, 0.0, 2.0
270, 20, 159, 120, 158, 121, 1, -1, -0.7853981633974483, 1.4142135623730951
270, 21, 264, 391, 262, 391, 2, 0, 0.0, 2.0
270, 24, 81, 283, 79, 283, 2, 0, 0.0, 2.0
270, 27, 322, 368, 319, 368, 3, 0, 0.0, 3.0
270, 28, 144, 86, 142, 87, 2, -1, -0.4636476090008061, 2.23606797749979
270, 31, 284, 346, 282, 347, 2, -1, -0.4636476090008061, 2.23606797749979
270, 33, 132, 148, 131, 149, 1, -1, -0.7853981633974483, 1.4142135623730951
270, 34, 73, 106, 71, 106, 2, 0, 0.0, 2.0
270, 35, 91, 310, 89, 310, 2, 0, 0.0, 2.0
270, 38, 7, 379, 5, 379, 2, 0, 0.0, 2.0
270, 39, 252, 356, 250, 355, 2, 1, 0.4636476090008061, 2.23606797749979
270, 41, 158, 170, 157, 171, 1, -1, -0.7853981633974483, 1.4142135623730951
270, 43, 195, 356, 193, 356, 2, 0, 0.0, 2.0
270, 44, 200, 314, 198, 313, 2, 1, 0.4636476090008061, 2.23606797749979
270, 45, 284, 356, 282, 356, 2, 0, 0.0, 2.0
270, 46, 210, 133, 208, 134, 2, -1, -0.4636476090008061, 2.23606797749979
270, 47, 167, 400, 164, 401, 3, -1, -0.3217505543966422, 3.1622776601683795
270, 49, 228, 100, 227, 101, 1, -1, -0.7853981633974483, 1.4142135623730951
270, 50, 242, 129, 240, 130, 2, -1, -0.4636476090008061, 2.23606797749979
270, 51, 104, 353, 102, 354, 2, -1, -0.4636476090008061, 2.23606797749979
270, 52, 16, 147, 15, 148, 1, -1, -0.7853981633974483, 1.4142135623730951
270, 55, 195, 384, 193, 384, 2, 0, 0.0, 2.0
270, 57, 24, 317, 22, 317, 2, 0, 0.0, 2.0
270, 58, 88, 174, 87, 175, 1, -1, -0.7853981633974483, 1.4142135623730951
270, 59, 234, 397, 233, 398, 1, -1, -0.7853981633974483, 1.4142135623730951
270, 60, 51, 156, 50, 157, 1, -1, -0.7853981633974483, 1.4142135623730951
270, 62, 159, 360, 157, 360, 2, 0, 0.0, 2.0
270, 64, 187, 78, 185, 78, 2, 0, 0.0, 2.0
270, 66, 233, 111, 231, 112, 2, -1, -0.4636476090008061, 2.23606797749979
270, 67, 134, 335, 133, 334, 1, 1, 0.7853981633974483, 1.4142135623730951
270, 69, 126, 176, 125, 177, 1, -1, -0.7853981633974483, 1.4142135623730951
270, 70, 59, 134, 57, 134, 2, 0, 0.0, 2.0
270, 71, 174, 394, 172, 394, 2, 0, 0.0, 2.0
270, 72, 168, 153, 167, 154, 1, -1, -0.7853981633974483, 1.4142135623730951
270, 73, 33, 289, 31, 289, 2, 0, 0.0, 2.0
270, 77, 228, 155, 226, 156, 2, -1, -0.4636476090008061, 2.23606797749979
270, 79, 199, 150, 198, 151, 1, -1, -0.7853981633974483, 1.4142135623730951
270, 82, 252, 332, 250, 332, 2, 0, 0.0, 2.0
271, 0, 236, 71, 234, 72, 2, -1, -0.4636476090008061, 2.23606797749979
271, 2, 81, 172, 80, 173, 1, -1, -0.7853981633974483, 1.4142135623730951
271, 3, 41, 129, 39, 130, 2, -1, -0.4636476090008061, 2.23606797749979
271, 5, 127, 143, 126, 144, 1, -1, -0.7853981633974483, 1.4142135623730951
271, 7, 113, 122, 112, 123, 1, -1, -0.7853981633974483, 1.4142135623730951
271, 8, 150, 114, 149, 115, 1, -1, -0.7853981633974483, 1.4142135623730951
271, 10, 73, 402, 71, 402, 2, 0, 0.0, 2.0
271, 11, 105, 299, 103, 299, 2, 0, 0.0, 2.0
271, 12, 22, 285, 20, 285, 2, 0, 0.0, 2.0
271, 13, 237, 406, 235, 407, 2, -1, -0.4636476090008061, 2.23606797749979
271, 14, 192, 148, 190, 149, 2, -1, -0.4636476090008061, 2.23606797749979
271, 20, 160, 119, 159, 120, 1, -1, -0.7853981633974483, 1.4142135623730951
271, 21, 266, 390, 264, 391, 2, -1, -0.4636476090008061, 2.23606797749979
271, 22, 117, 75, 116, 76, 1, -1, -0.7853981633974483, 1.4142135623730951
271, 23, 126, 185, 124, 185, 2, 0, 0.0, 2.0
271, 27, 325, 367, 322, 368, 3, -1, -0.3217505543966422, 3.1622776601683795
271, 29, 80, 86, 77, 86, 3, 0, 0.0, 3.0
271, 31, 286, 346, 284, 346, 2, 0, 0.0, 2.0
271, 33, 133, 147, 132, 148, 1, -1, -0.7853981633974483, 1.4142135623730951
271, 34, 74, 105, 73, 106, 1, -1, -0.7853981633974483, 1.4142135623730951
271, 35, 93, 310, 91, 310, 2, 0, 0.0, 2.0
271, 36, 104, 99, 103, 100, 1, -1, -0.7853981633974483, 1.4142135623730951
271, 37, 116, 128, 115, 129, 1, -1, -0.7853981633974483, 1.4142135623730951
271, 38, 8, 378, 7, 379, 1, -1, -0.7853981633974483, 1.4142135623730951
271, 39, 254, 356, 252, 356, 2, 0, 0.0, 2.0
271, 40, 77, 137, 76, 138, 1, -1, -0.7853981633974483, 1.4142135623730951
271, 41, 160, 169, 158, 170, 2, -1, -0.4636476090008061, 2.23606797749979
271, 44, 200, 316, 200, 314, 0, 2, 1.5707963267948966, 2.0
271, 45, 287, 356, 284, 356, 3, 0, 0.0, 3.0
271, 46, 211, 132, 210, 133, 1, -1, -0.7853981633974483, 1.4142135623730951
271, 47, 169, 399, 167, 400, 2, -1, -0.4636476090008061, 2.23606797749979
271, 48, 43, 110, 42, 109, 1, 1, 0.7853981633974483, 1.4142135623730951
271, 49, 230, 99, 228, 100, 2, -1, -0.4636476090008061, 2.23606797749979
271, 50, 243, 128, 242, 129, 1, -1, -0.7853981633974483, 1.4142135623730951
271, 51, 105, 352, 104, 353, 1, -1, -0.7853981633974483, 1.4142135623730951
271, 52, 17, 146, 16, 147, 1, -1, -0.7853981633974483, 1.4142135623730951
271, 55, 197, 384, 195, 384, 2, 0, 0.0, 2.0
271, 57, 25, 318, 24, 317, 1, 1, 0.7853981633974483, 1.4142135623730951
271, 58, 89, 173, 88, 174, 1, -1, -0.7853981633974483, 1.4142135623730951
271, 59, 236, 397, 234, 397, 2, 0, 0.0, 2.0
271, 60, 52, 155, 51, 156, 1, -1, -0.7853981633974483, 1.4142135623730951
271, 61, 212, 336, 210, 335, 2, 1, 0.4636476090008061, 2.23606797749979
271, 64, 189, 78, 187, 78, 2, 0, 0.0, 2.0
271, 65, 94, 377, 93, 378, 1, -1, -0.7853981633974483, 1.4142135623730951
271, 66, 235, 110, 233, 111, 2, -1, -0.4636476090008061, 2.23606797749979
271, 69, 128, 175, 126, 176, 2, -1, -0.4636476090008061, 2.23606797749979
271, 70, 62, 134, 59, 134, 3, 0, 0.0, 3.0
271, 72, 169, 151, 168, 153, 1, -2, -1.1071487177940904, 2.23606797749979
271, 73, 35, 289, 33, 289, 2, 0, 0.0, 2.0
271, 74, 70, 286, 68, 286, 2, 0, 0.0, 2.0
271, 76, 48, 130, 47, 131, 1, -1, -0.7853981633974483, 1.4142135623730951
271, 77, 229, 154, 228, 155, 1, -1, -0.7853981633974483, 1.4142135623730951
271, 78, 35, 172, 34, 173, 1, -1, -0.7853981633974483, 1.4142135623730951
271, 79, 201, 149, 199, 150, 2, -1, -0.4636476090008061, 2.23606797749979
271, 81, 73, 340, 71, 339, 2, 1, 0.4636476090008061, 2.23606797749979
271, 82, 254, 331, 252, 332, 2, -1, -0.4636476090008061, 2.23606797749979
272, 0, 238, 71, 236, 71, 2, 0, 0.0, 2.0
272, 1, 26, 166, 25, 167, 1, -1, -0.7853981633974483, 1.4142135623730951
272, 3, 42, 128, 41, 129, 1, -1, -0.7853981633974483, 1.4142135623730951
272, 5, 128, 142, 127, 143, 1, -1, -0.7853981633974483, 1.4142135623730951
272, 6, 189, 71, 187, 71, 2, 0, 0.0, 2.0
272, 8, 151, 113, 150, 114, 1, -1, -0.7853981633974483, 1.4142135623730951
272, 9, 31, 404, 29, 405, 2, -1, -0.4636476090008061, 2.23606797749979
272, 10, 75, 402, 73, 402, 2, 0, 0.0, 2.0
272, 11, 107, 299, 105, 299, 2, 0, 0.0, 2.0
272, 12, 24, 285, 22, 285, 2, 0, 0.0, 2.0
272, 13, 239, 405, 237, 406, 2, -1, -0.4636476090008061, 2.23606797749979
272, 14, 193, 147, 192, 148, 1, -1, -0.7853981633974483, 1.4142135623730951
272, 16, 46, 382, 45, 383, 1, -1, -0.7853981633974483, 1.4142135623730951
272, 21, 268, 389, 266, 390, 2, -1, -0.4636476090008061, 2.23606797749979
272, 23, 130, 183, 126, 185, 4, -2, -0.4636476090008061, 4.47213595499958
272, 24, 83, 284, 82, 283, 1, 1, 0.7853981633974483, 1.4142135623730951
272, 27, 327, 367, 325, 367, 2, 0, 0.0, 2.0
272, 28, 147, 86, 145, 86, 2, 0, 0.0, 2.0
272, 29, 83, 86, 80, 86, 3, 0, 0.0, 3.0
272, 33, 134, 146, 133, 147, 1, -1, -0.7853981633974483, 1.4142135623730951
272, 34, 75, 104, 74, 105, 1, -1, -0.7853981633974483, 1.4142135623730951
272, 36, 105, 98, 104, 99, 1, -1, -0.7853981633974483, 1.4142135623730951
272, 38, 10, 377, 8, 378, 2, -1, -0.4636476090008061, 2.23606797749979
272, 39, 255, 357, 254, 356, 1, 1, 0.7853981633974483, 1.4142135623730951
272, 40, 78, 136, 77, 137, 1, -1, -0.7853981633974483, 1.4142135623730951
272, 41, 162, 168, 160, 169, 2, -1, -0.4636476090008061, 2.23606797749979
272, 43, 198, 355, 196, 356, 2, -1, -0.4636476090008061, 2.23606797749979
272, 44, 200, 318, 200, 316, 0, 2, 1.5707963267948966, 2.0
272, 45, 291, 355, 287, 356, 4, -1, -0.24497866312686414, 4.123105625617661
272, 48, 44, 111, 43, 110, 1, 1, 0.7853981633974483, 1.4142135623730951
272, 49, 232, 98, 230, 99, 2, -1, -0.4636476090008061, 2.23606797749979
272, 54, 62, 192, 61, 194, 1, -2, -1.1071487177940904, 2.23606797749979
272, 55, 199, 384, 197, 384, 2, 0, 0.0, 2.0
272, 57, 27, 318, 25, 318, 2, 0, 0.0, 2.0
272, 59, 238, 396, 236, 397, 2, -1, -0.4636476090008061, 2.23606797749979
272, 61, 213, 337, 212, 336, 1, 1, 0.7853981633974483, 1.4142135623730951
272, 64, 191, 77, 189, 78, 2, -1, -0.4636476090008061, 2.23606797749979
272, 65, 95, 376, 94, 377, 1, -1, -0.7853981633974483, 1.4142135623730951
272, 66, 237, 109, 235, 110, 2, -1, -0.4636476090008061, 2.23606797749979
272, 67, 136, 335, 134, 335, 2, 0, 0.0, 2.0
272, 69, 129, 174, 128, 175, 1, -1, -0.7853981633974483, 1.4142135623730951
272, 70, 65, 133, 62, 134, 3, -1, -0.3217505543966422, 3.1622776601683795
272, 71, 177, 393, 175, 394, 2, -1, -0.4636476090008061, 2.23606797749979
272, 74, 72, 285, 70, 286, 2, -1, -0.4636476090008061, 2.23606797749979
272, 75, 125, 80, 124, 81, 1, -1, -0.7853981633974483, 1.4142135623730951
272, 76, 49, 129, 48, 130, 1, -1, -0.7853981633974483, 1.4142135623730951
272, 77, 230, 153, 229, 154, 1, -1, -0.7853981633974483, 1.4142135623730951
272, 80, 240, 84, 238, 85, 2, -1, -0.4636476090008061, 2.23606797749979
272, 82, 257, 331, 254, 331, 3, 0, 0.0, 3.0
273, 0, 240, 71, 238, 71, 2, 0, 0.0, 2.0
273, 1, 28, 165, 26, 166, 2, -1, -0.4636476090008061, 2.23606797749979
273, 2, 83, 171, 82, 172, 1, -1, -0.7853981633974483, 1.4142135623730951
273, 3, 44, 127, 42, 128, 2, -1, -0.4636476090008061, 2.23606797749979
273, 4, 140, 142, 139, 143, 1, -1, -0.7853981633974483, 1.4142135623730951
273, 5, 129, 141, 128, 142, 1, -1, -0.7853981633974483, 1.4142135623730951
273, 6, 192, 71, 189, 71, 3, 0, 0.0, 3.0
273, 7, 116, 121, 114, 122, 2, -1, -0.4636476090008061, 2.23606797749979
273, 8, 153, 112, 151, 113, 2, -1, -0.4636476090008061, 2.23606797749979
273, 9, 33, 403, 31, 404, 2, -1, -0.4636476090008061, 2.23606797749979
273, 10, 77, 402, 75, 402, 2, 0, 0.0, 2.0
273, 11, 109, 298, 107, 299, 2, -1, -0.4636476090008061, 2.23606797749979
273, 13, 241, 404, 239, 405, 2, -1, -0.4636476090008061, 2.23606797749979
273, 14, 194, 146, 193, 147, 1, -1, -0.7853981633974483, 1.4142135623730951
273, 15, 46, 298, 44, 298, 2, 0, 0.0, 2.0
273, 16, 47, 381, 46, 382, 1, -1, -0.7853981633974483, 1.4142135623730951
273, 18, 74, 365, 73, 366, 1, -1, -0.7853981633974483, 1.4142135623730951
273, 19, 73, 355, 71, 356, 2, -1, -0.4636476090008061, 2.23606797749979
273, 21, 270, 389, 268, 389, 2, 0, 0.0, 2.0
273, 23, 132, 182, 130, 183, 2, -1, -0.4636476090008061, 2.23606797749979
273, 27, 329, 367, 327, 367, 2, 0, 0.0, 2.0
273, 28, 149, 85, 147, 86, 2, -1, -0.4636476090008061, 2.23606797749979
273, 29, 86, 85, 83, 86, 3, -1, -0.3217505543966422, 3.1622776601683795
273, 30, 87, 139, 86, 140, 1, -1, -0.7853981633974483, 1.4142135623730951
273, 31, 289, 345, 287, 346, 2, -1, -0.4636476090008061, 2.23606797749979
273, 33, 135, 145, 134, 146, 1, -1, -0.7853981633974483, 1.4142135623730951
273, 34, 76, 103, 75, 104, 1, -1, -0.7853981633974483, 1.4142135623730951
273, 35, 94, 312, 93, 311, 1, 1, 0.7853981633974483, 1.4142135623730951
273, 36, 107, 97, 105, 98, 2, -1, -0.4636476090008061, 2.23606797749979
273, 37, 118, 126, 116, 127, 2, -1, -0.4636476090008061, 2.23606797749979
273, 38, 12, 377, 10, 377, 2, 0, 0.0, 2.0
273, 39, 257, 357, 255, 357, 2, 0, 0.0, 2.0
273, 40, 79, 135, 78, 136, 1, -1, -0.7853981633974483, 1.4142135623730951
273, 41, 164, 167, 162, 168, 2, -1, -0.4636476090008061, 2.23606797749979
273, 43, 200, 354, 198, 355, 2, -1, -0.4636476090008061, 2.23606797749979
273, 44, 201, 319, 200, 318, 1, 1, 0.7853981633974483, 1.4142135623730951
273, 46, 213, 131, 212, 132, 1, -1, -0.7853981633974483, 1.4142135623730951
273, 47, 172, 399, 170, 399, 2, 0, 0.0, 2.0
273, 49, 233, 97, 232, 98, 1, -1, -0.7853981633974483, 1.4142135623730951
273, 50, 246, 127, 244, 128, 2, -1, -0.4636476090008061, 2.23606797749979
273, 51, 107, 351, 106, 352, 1, -1, -0.7853981633974483, 1.4142135623730951
273, 52, 18, 144, 17, 145, 1, -1, -0.7853981633974483, 1.4142135623730951
273, 54, 64, 191, 62, 192, 2, -1, -0.4636476090008061, 2.23606797749979
273, 55, 201, 383, 199, 384, 2, -1, -0.4636476090008061, 2.23606797749979
273, 59, 240, 396, 238, 396, 2, 0, 0.0, 2.0
273, 60, 54, 154, 53, 155, 1, -1, -0.7853981633974483, 1.4142135623730951
273, 61, 216, 339, 213, 337, 3, 2, 0.5880026035475675, 3.605551275463989
273, 63, 178, 123, 176, 124, 2, -1, -0.4636476090008061, 2.23606797749979
273, 64, 193, 77, 191, 77, 2, 0, 0.0, 2.0
273, 66, 239, 109, 237, 109, 2, 0, 0.0, 2.0
273, 67, 138, 335, 136, 335, 2, 0, 0.0, 2.0
273, 69, 131, 174, 129, 174, 2, 0, 0.0, 2.0
273, 70, 68, 133, 65, 133, 3, 0, 0.0, 3.0
273, 71, 179, 393, 177, 393, 2, 0, 0.0, 2.0
273, 74, 74, 285, 72, 285, 2, 0, 0.0, 2.0
273, 75, 126, 79, 125, 80, 1, -1, -0.7853981633974483, 1.4142135623730951
273, 77, 231, 152, 230, 153, 1, -1, -0.7853981633974483, 1.4142135623730951
273, 79, 202, 148, 201, 149, 1, -1, -0.7853981633974483, 1.4142135623730951
273, 80, 241, 82, 240, 84, 1, -2, -1.1071487177940904, 2.23606797749979
273, 81, 75, 339, 74, 340, 1, -1, -0.7853981633974483, 1.4142135623730951
273, 82, 259, 331, 257, 331, 2, 0, 0.0, 2.0
274, 0, 242, 71, 240, 71, 2, 0, 0.0, 2.0
274, 3, 46, 126, 44, 127, 2, -1, -0.4636476090008061, 2.23606797749979
274, 4, 141, 141, 140, 142, 1, -1, -0.7853981633974483, 1.4142135623730951
274, 5, 130, 140, 129, 141, 1, -1, -0.7853981633974483, 1.4142135623730951
274, 6, 193, 70, 192, 71, 1, -1, -0.7853981633974483, 1.4142135623730951
274, 7, 117, 120, 116, 121, 1, -1, -0.7853981633974483, 1.4142135623730951
274, 8, 155, 111, 153, 112, 2, -1, -0.4636476090008061, 2.23606797749979
274, 10, 79, 402, 77, 402, 2, 0, 0.0, 2.0
274, 11, 111, 298, 109, 298, 2, 0, 0.0, 2.0
274, 13, 243, 403, 241, 404, 2, -1, -0.4636476090008061, 2.23606797749979
274, 14, 195, 145, 194, 146, 1, -1, -0.7853981633974483, 1.4142135623730951
274, 15, 48, 298, 46, 298, 2, 0, 0.0, 2.0
274, 16, 49, 381, 47, 381, 2, 0, 0.0, 2.0
274, 19, 76, 354, 73, 355, 3, -1, -0.3217505543966422, 3.1622776601683795
274, 20, 164, 119, 162, 119, 2, 0, 0.0, 2.0
274, 21, 272, 389, 270, 389, 2, 0, 0.0, 2.0
274, 22, 120, 74, 119, 75, 1, -1, -0.7853981633974483, 1.4142135623730951
274, 23, 134, 181, 132, 182, 2, -1, -0.4636476090008061, 2.23606797749979
274, 24, 86, 284, 84, 284, 2, 0, 0.0, 2.0
274, 25, 113, 155, 112, 156, 1, -1, -0.7853981633974483, 1.4142135623730951
274, 26, 47, 308, 46, 309, 1, -1, -0.7853981633974483, 1.4142135623730951
274, 27, 331, 366, 329, 367, 2, -1, -0.4636476090008061, 2.23606797749979
274, 28, 151, 84, 149, 85, 2, -1, -0.4636476090008061, 2.23606797749979
274, 29, 88, 85, 86, 85, 2, 0, 0.0, 2.0
274, 30, 89, 139, 87, 139, 2, 0, 0.0, 2.0
274, 31, 291, 345, 289, 345, 2, 0, 0.0, 2.0
274, 32, 23, 322, 21, 322, 2, 0, 0.0, 2.0
274, 33, 136, 144, 135, 145, 1, -1, -0.7853981633974483, 1.4142135623730951
274, 34, 78, 102, 76, 103, 2, -1, -0.4636476090008061, 2.23606797749979
274, 35, 96, 312, 94, 312, 2, 0, 0.0, 2.0
274, 36, 109, 97, 107, 97, 2, 0, 0.0, 2.0
274, 37, 119, 125, 118, 126, 1, -1, -0.7853981633974483, 1.4142135623730951
274, 38, 14, 377, 12, 377, 2, 0, 0.0, 2.0
274, 40, 80, 134, 79, 135, 1, -1, -0.7853981633974483, 1.4142135623730951
274, 41, 165, 166, 164, 167, 1, -1, -0.7853981633974483, 1.4142135623730951
274, 43, 201, 353, 200, 354, 1, -1, -0.7853981633974483, 1.4142135623730951
274, 46, 214, 130, 213, 131, 1, -1, -0.7853981633974483, 1.4142135623730951
274, 47, 174, 399, 172, 399, 2, 0, 0.0, 2.0
274, 52, 19, 143, 18, 144, 1, -1, -0.7853981633974483, 1.4142135623730951
274, 54, 66, 191, 64, 191, 2, 0, 0.0, 2.0
274, 55, 202, 382, 201, 383, 1, -1, -0.7853981633974483, 1.4142135623730951
274, 59, 242, 396, 240, 396, 2, 0, 0.0, 2.0
274, 61, 219, 339, 216, 339, 3, 0, 0.0, 3.0
274, 64, 194, 76, 193, 77, 1, -1, -0.7853981633974483, 1.4142135623730951
274, 65, 97, 375, 96, 376, 1, -1, -0.7853981633974483, 1.4142135623730951
274, 66, 240, 108, 239, 109, 1, -1, -0.7853981633974483, 1.4142135623730951
274, 67, 141, 335, 138, 335, 3, 0, 0.0, 3.0
274, 70, 69, 132, 68, 133, 1, -1, -0.7853981633974483, 1.4142135623730951
274, 74, 128, 78, 126, 79, 2, -1, -0.4636476090008061, 2.23606797749979
274, 75, 51, 128, 50, 129, 1, -1, -0.7853981633974483, 1.4142135623730951
274, 76, 232, 151, 231, 152, 1, -1, -0.7853981633974483, 1.4142135623730951
274, 79, 243, 82, 241, 82, 2, 0, 0.0, 2.0
275, 2, 193, 73, 191, 73, 2, 0, 0.0, 2.0
275, 3, 44, 130, 43, 131, 1, -1, -0.7853981633974483, 1.4142135623730951
275, 4, 141, 143, 140, 144, 1, -1, -0.7853981633974483, 1.4142135623730951
275, 7, 130, 142, 129, 143, 1, -1, -0.7853981633974483, 1.4142135623730951
275, 8, 155, 114, 153, 115, 2, -1, -0.4636476090008061, 2.23606797749979
275, 9, 116, 122, 115, 123, 1, -1, -0.7853981633974483, 1.4142135623730951
275, 10, 32, 404, 31, 405, 1, -1, -0.7853981633974483, 1.4142135623730951
275, 11, 194, 148, 193, 149, 1, -1, -0.7853981633974483, 1.4142135623730951
275, 12, 163, 116, 162, 117, 1, -1, -0.7853981633974483, 1.4142135623730951
275, 13, 23, 323, 21, 323, 2, 0, 0.0, 2.0
275, 14, 86, 287, 84, 288, 2, -1, -0.4636476090008061, 2.23606797749979
275, 15, 76, 403, 74, 403, 2, 0, 0.0, 2.0
275, 16, 48, 299, 46, 300, 2, -1, -0.4636476090008061, 2.23606797749979
275, 19, 150, 86, 148, 87, 2, -1, -0.4636476090008061, 2.23606797749979
275, 20, 47, 110, 45, 111, 2, -1, -0.4636476090008061, 2.23606797749979
275, 22, 241, 406, 239, 407, 2, -1, -0.4636476090008061, 2.23606797749979
275, 24, 125, 128, 124, 129, 1, -1, -0.7853981633974483, 1.4142135623730951
275, 26, 75, 358, 73, 358, 2, 0, 0.0, 2.0
275, 27, 49, 381, 48, 382, 1, -1, -0.7853981633974483, 1.4142135623730951
275, 29, 108, 98, 107, 99, 1, -1, -0.7853981633974483, 1.4142135623730951
275, 30, 8, 380, 7, 381, 1, -1, -0.7853981633974483, 1.4142135623730951
275, 31, 79, 105, 76, 106, 3, -1, -0.3217505543966422, 3.1622776601683795
275, 34, 172, 399, 171, 400, 1, -1, -0.7853981633974483, 1.4142135623730951
275, 36, 35, 283, 34, 284, 1, -1, -0.7853981633974483, 1.4142135623730951
275, 38, 269, 389, 267, 390, 2, -1, -0.4636476090008061, 2.23606797749979
275, 39, 21, 146, 20, 147, 1, -1, -0.7853981633974483, 1.4142135623730951
275, 43, 112, 156, 111, 157, 1, -1, -0.7853981633974483, 1.4142135623730951
275, 44, 38, 171, 37, 172, 1, -1, -0.7853981633974483, 1.4142135623730951
275, 45, 164, 360, 162, 360, 2, 0, 0.0, 2.0
275, 46, 53, 133, 51, 134, 2, -1, -0.4636476090008061, 2.23606797749979
275, 47, 238, 396, 236, 397, 2, -1, -0.4636476090008061, 2.23606797749979
275, 48, 60, 194, 59, 195, 1, -1, -0.7853981633974483, 1.4142135623730951
275, 49, 202, 382, 200, 383, 2, -1, -0.4636476090008061, 2.23606797749979
275, 53, 254, 360, 252, 360, 2, 0, 0.0, 2.0
275, 54, 327, 366, 325, 367, 2, -1, -0.4636476090008061, 2.23606797749979
275, 55, 230, 144, 229, 145, 1, -1, -0.7853981633974483, 1.4142135623730951
275, 56, 219, 132, 218, 133, 1, -1, -0.7853981633974483, 1.4142135623730951
275, 58, 193, 157, 191, 158, 2, -1, -0.4636476090008061, 2.23606797749979
275, 59, 220, 338, 217, 337, 3, 1, 0.3217505543966422, 3.1622776601683795
275, 60, 55, 189, 54, 190, 1, -1, -0.7853981633974483, 1.4142135623730951
275, 61, 81, 132, 80, 133, 1, -1, -0.7853981633974483, 1.4142135623730951
275, 62, 35, 353, 34, 352, 1, 1, 0.7853981633974483, 1.4142135623730951
275, 63, 87, 180, 86, 181, 1, -1, -0.7853981633974483, 1.4142135623730951
275, 64, 98, 378, 96, 379, 2, -1, -0.4636476090008061, 2.23606797749979
275, 66, 109, 353, 107, 354, 2, -1, -0.4636476090008061, 2.23606797749979
275, 67, 10, 323, 8, 323, 2, 0, 0.0, 2.0
275, 69, 162, 169, 161, 170, 1, -1, -0.7853981633974483, 1.4142135623730951
275, 70, 133, 180, 130, 182, 3, -2, -0.5880026035475675, 3.605551275463989
275, 71, 294, 347, 293, 348, 1, -1, -0.7853981633974483, 1.4142135623730951
275, 78, 233, 108, 231, 109, 2, -1, -0.4636476090008061, 2.23606797749979
275, 80, 293, 357, 292, 356, 1, 1, 0.7853981633974483, 1.4142135623730951
276, 0, 241, 73, 239, 73, 2, 0, 0.0, 2.0
276, 2, 195, 72, 193, 73, 2, -1, -0.4636476090008061, 2.23606797749979
276, 3, 45, 129, 44, 130, 1, -1, -0.7853981633974483, 1.4142135623730951
276, 5, 28, 168, 27, 169, 1, -1, -0.7853981633974483, 1.4142135623730951
276, 6, 85, 173, 84, 174, 1, -1, -0.7853981633974483, 1.4142135623730951
276, 7, 131, 140, 130, 142, 1, -2, -1.1071487177940904, 2.23606797749979
276, 8, 157, 113, 155, 114, 2, -1, -0.4636476090008061, 2.23606797749979
276, 9, 117, 121, 116, 122, 1, -1, -0.7853981633974483, 1.4142135623730951
276, 10, 34, 403, 32, 404, 2, -1, -0.4636476090008061, 2.23606797749979
276, 11, 195, 147, 194, 148, 1, -1, -0.7853981633974483, 1.4142135623730951
276, 13, 24, 322, 23, 323, 1, -1, -0.7853981633974483, 1.4142135623730951
276, 14, 87, 286, 86, 287, 1, -1, -0.7853981633974483, 1.4142135623730951
276, 16, 51, 299, 48, 299, 3, 0, 0.0, 3.0
276, 19, 152, 85, 150, 86, 2, -1, -0.4636476090008061, 2.23606797749979
276, 22, 242, 405, 241, 406, 1, -1, -0.7853981633974483, 1.4142135623730951
276, 23, 27, 286, 25, 286, 2, 0, 0.0, 2.0
276, 26, 77, 358, 75, 358, 2, 0, 0.0, 2.0
276, 29, 109, 97, 108, 98, 1, -1, -0.7853981633974483, 1.4142135623730951
276, 31, 81, 104, 79, 105, 2, -1, -0.4636476090008061, 2.23606797749979
276, 39, 22, 145, 21, 146, 1, -1, -0.7853981633974483, 1.4142135623730951
276, 43, 113, 155, 112, 156, 1, -1, -0.7853981633974483, 1.4142135623730951
276, 46, 55, 133, 53, 133, 2, 0, 0.0, 2.0
276, 47, 241, 396, 238, 396, 3, 0, 0.0, 3.0
276, 48, 62, 193, 60, 194, 2, -1, -0.4636476090008061, 2.23606797749979
276, 50, 180, 124, 179, 125, 1, -1, -0.7853981633974483, 1.4142135623730951
276, 51, 41, 289, 39, 290, 2, -1, -0.4636476090008061, 2.23606797749979
276, 52, 256, 360, 254, 360, 2, 0, 0.0, 2.0
276, 53, 329, 365, 327, 366, 2, -1, -0.4636476090008061, 2.23606797749979
276, 54, 231, 143, 230, 144, 1, -1, -0.7853981633974483, 1.4142135623730951
276, 55, 220, 131, 219, 132, 1, -1, -0.7853981633974483, 1.4142135623730951
276, 56, 56, 156, 55, 157, 1, -1, -0.7853981633974483, 1.4142135623730951
276, 57, 195, 156, 193, 157, 2, -1, -0.4636476090008061, 2.23606797749979
276, 58, 223, 338, 220, 338, 3, 0, 0.0, 3.0
276, 59, 56, 188, 55, 189, 1, -1, -0.7853981633974483, 1.4142135623730951
276, 60, 82, 131, 81, 132, 1, -1, -0.7853981633974483, 1.4142135623730951
276, 62, 88, 179, 87, 180, 1, -1, -0.7853981633974483, 1.4142135623730951
276, 63, 99, 377, 98, 378, 1, -1, -0.7853981633974483, 1.4142135623730951
276, 65, 111, 353, 109, 353, 2, 0, 0.0, 2.0
276, 66, 12, 323, 10, 323, 2, 0, 0.0, 2.0
276, 68, 135, 179, 133, 180, 2, -1, -0.4636476090008061, 2.23606797749979
276, 69, 295, 346, 294, 347, 1, -1, -0.7853981633974483, 1.4142135623730951
276, 72, 214, 128, 213, 129, 1, -1, -0.7853981633974483, 1.4142135623730951
276, 77, 295, 357, 293, 357, 2, 0, 0.0, 2.0
277, 0, 243, 72, 241, 73, 2, -1, -0.4636476090008061, 2.23606797749979
277, 2, 197, 71, 195, 72, 2, -1, -0.4636476090008061, 2.23606797749979
277, 3, 46, 128, 45, 129, 1, -1, -0.7853981633974483, 1.4142135623730951
277, 4, 143, 142, 142, 143, 1, -1, -0.7853981633974483, 1.4142135623730951
277, 5, 30, 168, 28, 168, 2, 0, 0.0, 2.0
277, 6, 86, 172, 85, 173, 1, -1, -0.7853981633974483, 1.4142135623730951
277, 7, 132, 139, 131, 140, 1, -1, -0.7853981633974483, 1.4142135623730951
277, 8, 158, 112, 157, 113, 1, -1, -0.7853981633974483, 1.4142135623730951
277, 10, 36, 402, 34, 403, 2, -1, -0.4636476090008061, 2.23606797749979
277, 11, 196, 146, 195, 147, 1, -1, -0.7853981633974483, 1.4142135623730951
277, 12, 165, 115, 164, 116, 1, -1, -0.7853981633974483, 1.4142135623730951
277, 13, 25, 321, 24, 322, 1, -1, -0.7853981633974483, 1.4142135623730951
277, 14, 88, 285, 87, 286, 1, -1, -0.7853981633974483, 1.4142135623730951
277, 16, 54, 299, 51, 299, 3, 0, 0.0, 3.0
277, 18, 96, 178, 95, 177, 1, 1, 0.7853981633974483, 1.4142135623730951
277, 19, 153, 84, 152, 85, 1, -1, -0.7853981633974483, 1.4142135623730951
277, 20, 50, 109, 48, 110, 2, -1, -0.4636476090008061, 2.23606797749979
277, 21, 140, 177, 138, 177, 2, 0, 0.0, 2.0
277, 22, 244, 404, 242, 405, 2, -1, -0.4636476090008061, 2.23606797749979
277, 26, 80, 358, 77, 358, 3, 0, 0.0, 3.0
277, 28, 176, 330, 174, 330, 2, 0, 0.0, 2.0
277, 29, 111, 96, 109, 97, 2, -1, -0.4636476090008061, 2.23606797749979
277, 30, 11, 380, 9, 380, 2, 0, 0.0, 2.0
277, 31, 83, 103, 81, 104, 2, -1, -0.4636476090008061, 2.23606797749979
277, 32, 281, 132, 279, 133, 2, -1, -0.4636476090008061, 2.23606797749979
277, 34, 175, 398, 173, 399, 2, -1, -0.4636476090008061, 2.23606797749979
277, 41, 45, 308, 44, 309, 1, -1, -0.7853981633974483, 1.4142135623730951
277, 46, 57, 133, 55, 133, 2, 0, 0.0, 2.0
277, 47, 244, 396, 241, 396, 3, 0, 0.0, 3.0
277, 48, 63, 192, 62, 193, 1, -1, -0.7853981633974483, 1.4142135623730951
277, 50, 182, 124, 180, 124, 2, 0, 0.0, 2.0
277, 51, 42, 288, 41, 289, 1, -1, -0.7853981633974483, 1.4142135623730951
277, 52, 258, 359, 256, 360, 2, -1, -0.4636476090008061, 2.23606797749979
277, 53, 333, 365, 329, 365, 4, 0, 0.0, 4.0
277, 54, 232, 142, 231, 143, 1, -1, -0.7853981633974483, 1.4142135623730951
277, 57, 196, 155, 195, 156, 1, -1, -0.7853981633974483, 1.4142135623730951
277, 60, 83, 130, 82, 131, 1, -1, -0.7853981633974483, 1.4142135623730951
277, 63, 100, 376, 99, 377, 1, -1, -0.7853981633974483, 1.4142135623730951
277, 64, 88, 396, 87, 397, 1, -1, -0.7853981633974483, 1.4142135623730951
277, 67, 164, 168, 163, 169, 1, -1, -0.7853981633974483, 1.4142135623730951
277, 68, 137, 178, 135, 179, 2, -1, -0.4636476090008061, 2.23606797749979
277, 72, 215, 127, 214, 128, 1, -1, -0.7853981633974483, 1.4142135623730951
277, 73, 139, 342, 138, 343, 1, -1, -0.7853981633974483, 1.4142135623730951
277, 74, 235, 107, 234, 108, 1, -1, -0.7853981633974483, 1.4142135623730951
277, 76, 297, 356, 295, 357, 2, -1, -0.4636476090008061, 2.23606797749979
278, 0, 245, 71, 243, 72, 2, -1, -0.4636476090008061, 2.23606797749979
278, 1, 112, 299, 110, 300, 2, -1, -0.4636476090008061, 2.23606797749979
278, 2, 199, 70, 197, 71, 2, -1, -0.4636476090008061, 2.23606797749979
278, 3, 47, 126, 46, 128, 1, -2, -1.1071487177940904, 2.23606797749979
278, 5, 31, 167, 30, 168, 1, -1, -0.7853981633974483, 1.4142135623730951
278, 6, 87, 171, 86, 172, 1, -1, -0.7853981633974483, 1.4142135623730951
278, 8, 159, 111, 158, 112, 1, -1, -0.7853981633974483, 1.4142135623730951
278, 9, 120, 120, 118, 121, 2, -1, -0.4636476090008061, 2.23606797749979
278, 10, 37, 401, 36, 402, 1, -1, -0.7853981633974483, 1.4142135623730951
278, 11, 198, 145, 196, 146, 2, -1, -0.4636476090008061, 2.23606797749979
278, 12, 166, 114, 165, 115, 1, -1, -0.7853981633974483, 1.4142135623730951
278, 13, 26, 320, 25, 321, 1, -1, -0.7853981633974483, 1.4142135623730951
278, 14, 89, 284, 88, 285, 1, -1, -0.7853981633974483, 1.4142135623730951
278, 16, 56, 299, 54, 299, 2, 0, 0.0, 2.0
278, 17, 124, 70, 123, 71, 1, -1, -0.7853981633974483, 1.4142135623730951
278, 18, 97, 179, 96, 178, 1, 1, 0.7853981633974483, 1.4142135623730951
278, 19, 155, 82, 153, 84, 2, -2, -0.7853981633974483, 2.8284271247461903
278, 20, 51, 108, 50, 109, 1, -1, -0.7853981633974483, 1.4142135623730951
278, 21, 144, 177, 140, 177, 4, 0, 0.0, 4.0
278, 22, 246, 403, 244, 404, 2, -1, -0.4636476090008061, 2.23606797749979
278, 26, 82, 358, 80, 358, 2, 0, 0.0, 2.0
278, 29, 112, 95, 111, 96, 1, -1, -0.7853981633974483, 1.4142135623730951
278, 31, 85, 102, 83, 103, 2, -1, -0.4636476090008061, 2.23606797749979
278, 32, 282, 131, 281, 132, 1, -1, -0.7853981633974483, 1.4142135623730951
278, 34, 177, 398, 175, 398, 2, 0, 0.0, 2.0
278, 37, 99, 315, 98, 316, 1, -1, -0.7853981633974483, 1.4142135623730951
278, 39, 25, 144, 23, 145, 2, -1, -0.4636476090008061, 2.23606797749979
278, 43, 115, 153, 113, 154, 2, -1, -0.4636476090008061, 2.23606797749979
278, 47, 246, 395, 244, 396, 2, -1, -0.4636476090008061, 2.23606797749979
278, 48, 65, 191, 63, 192, 2, -1, -0.4636476090008061, 2.23606797749979
278, 49, 206, 381, 204, 382, 2, -1, -0.4636476090008061, 2.23606797749979
278, 51, 44, 287, 42, 288, 2, -1, -0.4636476090008061, 2.23606797749979
278, 52, 259, 360, 258, 359, 1, 1, 0.7853981633974483, 1.4142135623730951
278, 53, 335, 364, 333, 365, 2, -1, -0.4636476090008061, 2.23606797749979
278, 54, 233, 141, 232, 142, 1, -1, -0.7853981633974483, 1.4142135623730951
278, 57, 198, 155, 196, 155, 2, 0, 0.0, 2.0
278, 58, 225, 337, 224, 338, 1, -1, -0.7853981633974483, 1.4142135623730951
278, 59, 59, 186, 57, 188, 2, -2, -0.7853981633974483, 2.8284271247461903
278, 60, 84, 129, 83, 130, 1, -1, -0.7853981633974483, 1.4142135623730951
278, 62, 91, 179, 89, 179, 2, 0, 0.0, 2.0
278, 63, 102, 375, 100, 376, 2, -1, -0.4636476090008061, 2.23606797749979
278, 64, 90, 395, 88, 396, 2, -1, -0.4636476090008061, 2.23606797749979
278, 65, 113, 352, 112, 353, 1, -1, -0.7853981633974483, 1.4142135623730951
278, 67, 165, 167, 164, 168, 1, -1, -0.7853981633974483, 1.4142135623730951
278, 68, 138, 177, 137, 178, 1, -1, -0.7853981633974483, 1.4142135623730951
278, 69, 298, 346, 296, 346, 2, 0, 0.0, 2.0
278, 70, 124, 79, 123, 80, 1, -1, -0.7853981633974483, 1.4142135623730951
278, 72, 216, 126, 215, 127, 1, -1, -0.7853981633974483, 1.4142135623730951
278, 74, 237, 106, 235, 107, 2, -1, -0.4636476090008061, 2.23606797749979
278, 76, 299, 356, 297, 356, 2, 0, 0.0, 2.0
279, 0, 247, 70, 245, 71, 2, -1, -0.4636476090008061, 2.23606797749979
279, 1, 114, 299, 112, 299, 2, 0, 0.0, 2.0
279, 2, 201, 68, 199, 70, 2, -2, -0.7853981633974483, 2.8284271247461903
279, 3, 48, 125, 47, 126, 1, -1, -0.7853981633974483, 1.4142135623730951
279, 4, 145, 144, 143, 142, 2, 2, 0.7853981633974483, 2.8284271247461903
279, 6, 88, 170, 87, 171, 1, -1, -0.7853981633974483, 1.4142135623730951
279, 7, 133, 136, 132, 138, 1, -2, -1.1071487177940904, 2.23606797749979
279, 8, 159, 109, 159, 111, 0, -2, -1.5707963267948966, 2.0
279, 9, 122, 120, 120, 120, 2, 0, 0.0, 2.0
279, 10, 39, 400, 37, 401, 2, -1, -0.4636476090008061, 2.23606797749979
279, 11, 199, 144, 198, 145, 1, -1, -0.7853981633974483, 1.4142135623730951
279, 12, 168, 116, 166, 114, 2, 2, 0.7853981633974483, 2.8284271247461903
279, 16, 59, 298, 56, 299, 3, -1, -0.3217505543966422, 3.1622776601683795
279, 17, 126, 69, 124, 70, 2, -1, -0.4636476090008061, 2.23606797749979
279, 18, 99, 179, 97, 179, 2, 0, 0.0, 2.0
279, 19, 156, 80, 155, 82, 1, -2, -1.1071487177940904, 2.23606797749979
279, 21, 148, 175, 144, 177, 4, -2, -0.4636476090008061, 4.47213595499958
279, 22, 248, 402, 246, 403, 2, -1, -0.4636476090008061, 2.23606797749979
279, 23, 30, 285, 29, 286, 1, -1, -0.7853981633974483, 1.4142135623730951
279, 24, 128, 127, 127, 128, 1, -1, -0.7853981633974483, 1.4142135623730951
279, 25, 207, 320, 205, 321, 2, -1, -0.4636476090008061, 2.23606797749979
279, 29, 115, 94, 112, 95, 3, -1, -0.3217505543966422, 3.1622776601683795
279, 31, 87, 100, 85, 102, 2, -2, -0.7853981633974483, 2.8284271247461903
279, 32, 283, 130, 282, 131, 1, -1, -0.7853981633974483, 1.4142135623730951
279, 33, 204, 151, 203, 152, 1, -1, -0.7853981633974483, 1.4142135623730951
279, 34, 179, 398, 177, 398, 2, 0, 0.0, 2.0
279, 38, 274, 389, 272, 389, 2, 0, 0.0, 2.0
279, 39, 26, 143, 25, 144, 1, -1, -0.7853981633974483, 1.4142135623730951
279, 42, 82, 283, 92, 283, -10, 0, 3.141592653589793, 10.0
279, 46, 60, 132, 58, 133, 2, -1, -0.4636476090008061, 2.23606797749979
279, 47, 249, 395, 246, 395, 3, 0, 0.0, 3.0
279, 48, 66, 190, 65, 191, 1, -1, -0.7853981633974483, 1.4142135623730951
279, 53, 337, 363, 335, 364, 2, -1, -0.4636476090008061, 2.23606797749979
279, 54, 235, 140, 233, 141, 2, -1, -0.4636476090008061, 2.23606797749979
279, 55, 223, 130, 222, 131, 1, -1, -0.7853981633974483, 1.4142135623730951
279, 57, 200, 155, 198, 155, 2, 0, 0.0, 2.0
279, 59, 61, 186, 59, 186, 2, 0, 0.0, 2.0
279, 60, 86, 128, 84, 129, 2, -1, -0.4636476090008061, 2.23606797749979
279, 62, 93, 178, 91, 179, 2, -1, -0.4636476090008061, 2.23606797749979
279, 64, 91, 394, 90, 395, 1, -1, -0.7853981633974483, 1.4142135623730951
279, 65, 114, 351, 113, 352, 1, -1, -0.7853981633974483, 1.4142135623730951
279, 66, 15, 321, 14, 323, 1, -2, -1.1071487177940904, 2.23606797749979
279, 67, 167, 166, 165, 167, 2, -1, -0.4636476090008061, 2.23606797749979
279, 68, 139, 176, 138, 177, 1, -1, -0.7853981633974483, 1.4142135623730951
279, 70, 125, 78, 124, 79, 1, -1, -0.7853981633974483, 1.4142135623730951
279, 74, 238, 105, 237, 106, 1, -1, -0.7853981633974483, 1.4142135623730951
279, 76, 301, 356, 299, 356, 2, 0, 0.0, 2.0
280, 0, 114, 301, 112, 301, 2, 0, 0.0, 2.0
280, 1, 50, 128, 48, 129, 2, -1, -0.4636476090008061, 2.23606797749979
280, 4, 122, 122, 120, 123, 2, -1, -0.4636476090008061, 2.23606797749979
280, 5, 90, 173, 88, 174, 2, -1, -0.4636476090008061, 2.23606797749979
280, 6, 246, 72, 244, 73, 2, -1, -0.4636476090008061, 2.23606797749979
280, 7, 158, 112, 157, 113, 1, -1, -0.7853981633974483, 1.4142135623730951
280, 8, 198, 71, 196, 72, 2, -1, -0.4636476090008061, 2.23606797749979
280, 11, 91, 291, 89, 291, 2, 0, 0.0, 2.0
280, 12, 134, 140, 133, 141, 1, -1, -0.7853981633974483, 1.4142135623730951
280, 14, 198, 148, 197, 149, 1, -1, -0.7853981633974483, 1.4142135623730951
280, 15, 247, 404, 245, 405, 2, -1, -0.4636476090008061, 2.23606797749979
280, 16, 204, 154, 202, 155, 2, -1, -0.4636476090008061, 2.23606797749979
280, 17, 45, 174, 43, 174, 2, 0, 0.0, 2.0
280, 18, 125, 75, 123, 75, 2, 0, 0.0, 2.0
280, 20, 232, 106, 231, 107, 1, -1, -0.7853981633974483, 1.4142135623730951
280, 23, 79, 289, 77, 289, 2, 0, 0.0, 2.0
280, 24, 127, 129, 126, 130, 1, -1, -0.7853981633974483, 1.4142135623730951
280, 25, 53, 110, 51, 110, 2, 0, 0.0, 2.0
280, 28, 302, 355, 300, 356, 2, -1, -0.4636476090008061, 2.23606797749979
280, 30, 145, 143, 144, 144, 1, -1, -0.7853981633974483, 1.4142135623730951
280, 31, 146, 176, 144, 178, 2, -2, -0.7853981633974483, 2.8284271247461903
280, 32, 275, 390, 274, 391, 1, -1, -0.7853981633974483, 1.4142135623730951
280, 33, 115, 98, 113, 99, 2, -1, -0.4636476090008061, 2.23606797749979
280, 37, 85, 131, 84, 132, 1, -1, -0.7853981633974483, 1.4142135623730951
280, 38, 181, 401, 179, 401, 2, 0, 0.0, 2.0
280, 39, 50, 397, 49, 396, 1, 1, 0.7853981633974483, 1.4142135623730951
280, 40, 48, 304, 47, 305, 1, -1, -0.7853981633974483, 1.4142135623730951
280, 41, 19, 181, 17, 183, 2, -2, -0.7853981633974483, 2.8284271247461903
280, 42, 72, 193, 71, 194, 1, -1, -0.7853981633974483, 1.4142135623730951
280, 45, 41, 288, 40, 289, 1, -1, -0.7853981633974483, 1.4142135623730951
280, 47, 116, 155, 115, 156, 1, -1, -0.7853981633974483, 1.4142135623730951
280, 48, 289, 132, 287, 133, 2, -1, -0.4636476090008061, 2.23606797749979
280, 49, 155, 83, 153, 84, 2, -1, -0.4636476090008061, 2.23606797749979
280, 52, 102, 378, 101, 379, 1, -1, -0.7853981633974483, 1.4142135623730951
280, 54, 169, 117, 168, 118, 1, -1, -0.7853981633974483, 1.4142135623730951
280, 55, 91, 396, 90, 397, 1, -1, -0.7853981633974483, 1.4142135623730951
280, 57, 183, 124, 182, 125, 1, -1, -0.7853981633974483, 1.4142135623730951
280, 60, 251, 396, 248, 396, 3, 0, 0.0, 3.0
280, 61, 13, 381, 11, 381, 2, 0, 0.0, 2.0
280, 62, 27, 146, 25, 147, 2, -1, -0.4636476090008061, 2.23606797749979
280, 64, 168, 171, 166, 172, 2, -1, -0.4636476090008061, 2.23606797749979
280, 65, 215, 129, 214, 130, 1, -1, -0.7853981633974483, 1.4142135623730951
280, 67, 175, 328, 173, 327, 2, 1, 0.4636476090008061, 2.23606797749979
280, 69, 160, 119, 159, 120, 1, -1, -0.7853981633974483, 1.4142135623730951
280, 70, 84, 102, 83, 103, 1, -1, -0.7853981633974483, 1.4142135623730951
280, 71, 15, 322, 13, 323, 2, -1, -0.4636476090008061, 2.23606797749979
280, 72, 241, 108, 240, 109, 1, -1, -0.7853981633974483, 1.4142135623730951
281, 0, 116, 301, 114, 301, 2, 0, 0.0, 2.0
281, 1, 52, 127, 50, 128, 2, -1, -0.4636476090008061, 2.23606797749979
281, 3, 29, 321, 27, 321, 2, 0, 0.0, 2.0
281, 4, 124, 121, 122, 122, 2, -1, -0.4636476090008061, 2.23606797749979
281, 5, 91, 172, 90, 173, 1, -1, -0.7853981633974483, 1.4142135623730951
281, 6, 249, 72, 246, 72, 3, 0, 0.0, 3.0
281, 7, 159, 111, 158, 112, 1, -1, -0.7853981633974483, 1.4142135623730951
281, 8, 201, 71, 198, 71, 3, 0, 0.0, 3.0
281, 9, 336, 367, 334, 367, 2, 0, 0.0, 2.0
281, 10, 39, 406, 37, 406, 2, 0, 0.0, 2.0
281, 11, 93, 291, 91, 291, 2, 0, 0.0, 2.0
281, 14, 199, 147, 198, 148, 1, -1, -0.7853981633974483, 1.4142135623730951
281, 15, 250, 404, 247, 404, 3, 0, 0.0, 3.0
281, 16, 206, 152, 204, 154, 2, -2, -0.7853981633974483, 2.8284271247461903
281, 17, 46, 173, 45, 174, 1, -1, -0.7853981633974483, 1.4142135623730951
281, 18, 126, 74, 125, 75, 1, -1, -0.7853981633974483, 1.4142135623730951
281, 19, 56, 379, 54, 380, 2, -1, -0.4636476090008061, 2.23606797749979
281, 20, 234, 104, 232, 106, 2, -2, -0.7853981633974483, 2.8284271247461903
281, 22, 98, 177, 97, 179, 1, -2, -1.1071487177940904, 2.23606797749979
281, 23, 81, 289, 79, 289, 2, 0, 0.0, 2.0
281, 24, 128, 128, 127, 129, 1, -1, -0.7853981633974483, 1.4142135623730951
281, 30, 146, 142, 145, 143, 1, -1, -0.7853981633974483, 1.4142135623730951
281, 31, 147, 174, 146, 176, 1, -2, -1.1071487177940904, 2.23606797749979
281, 32, 277, 390, 275, 390, 2, 0, 0.0, 2.0
281, 33, 116, 97, 115, 98, 1, -1, -0.7853981633974483, 1.4142135623730951
281, 36, 101, 315, 99, 316, 2, -1, -0.4636476090008061, 2.23606797749979
281, 37, 86, 130, 85, 131, 1, -1, -0.7853981633974483, 1.4142135623730951
281, 39, 52, 397, 50, 397, 2, 0, 0.0, 2.0
281, 41, 20, 180, 19, 181, 1, -1, -0.7853981633974483, 1.4142135623730951
281, 42, 74, 192, 72, 193, 2, -1, -0.4636476090008061, 2.23606797749979
281, 43, 76, 362, 75, 363, 1, -1, -0.7853981633974483, 1.4142135623730951
281, 44, 42, 287, 41, 288, 1, -1, -0.7853981633974483, 1.4142135623730951
281, 45, 262, 364, 260, 364, 2, 0, 0.0, 2.0
281, 47, 290, 131, 289, 132, 1, -1, -0.7853981633974483, 1.4142135623730951
281, 48, 157, 82, 155, 83, 2, -1, -0.4636476090008061, 2.23606797749979
281, 50, 103, 377, 102, 378, 1, -1, -0.7853981633974483, 1.4142135623730951
281, 52, 171, 116, 169, 117, 2, -1, -0.4636476090008061, 2.23606797749979
281, 53, 92, 395, 91, 396, 1, -1, -0.7853981633974483, 1.4142135623730951
281, 55, 184, 123, 183, 124, 1, -1, -0.7853981633974483, 1.4142135623730951
281, 57, 200, 316, 198, 316, 2, 0, 0.0, 2.0
281, 58, 254, 395, 251, 396, 3, -1, -0.3217505543966422, 3.1622776601683795
281, 59, 15, 381, 13, 381, 2, 0, 0.0, 2.0
281, 60, 28, 145, 27, 146, 1, -1, -0.7853981633974483, 1.4142135623730951
281, 61, 114, 351, 113, 352, 1, -1, -0.7853981633974483, 1.4142135623730951
281, 62, 169, 170, 168, 171, 1, -1, -0.7853981633974483, 1.4142135623730951
281, 65, 176, 329, 175, 328, 1, 1, 0.7853981633974483, 1.4142135623730951
281, 67, 161, 118, 160, 119, 1, -1, -0.7853981633974483, 1.4142135623730951
281, 68, 86, 101, 84, 102, 2, -1, -0.4636476090008061, 2.23606797749979
281, 69, 17, 322, 15, 322, 2, 0, 0.0, 2.0
281, 71, 40, 351, 39, 352, 1, -1, -0.7853981633974483, 1.4142135623730951
282, 1, 54, 126, 52, 127, 2, -1, -0.4636476090008061, 2.23606797749979
282, 2, 35, 170, 33, 170, 2, 0, 0.0, 2.0
282, 3, 31, 321, 29, 321, 2, 0, 0.0, 2.0
282, 5, 92, 171, 91, 172, 1, -1, -0.7853981633974483, 1.4142135623730951
282, 6, 251, 72, 249, 72, 2, 0, 0.0, 2.0
282, 7, 160, 110, 159, 111, 1, -1, -0.7853981633974483, 1.4142135623730951
282, 8, 203, 71, 201, 71, 2, 0, 0.0, 2.0
282, 10, 41, 405, 39, 406, 2, -1, -0.4636476090008061, 2.23606797749979
282, 11, 96, 291, 93, 291, 3, 0, 0.0, 3.0
282, 12, 136, 139, 135, 140, 1, -1, -0.7853981633974483, 1.4142135623730951
282, 13, 82, 404, 80, 404, 2, 0, 0.0, 2.0
282, 15, 252, 403, 250, 404, 2, -1, -0.4636476090008061, 2.23606797749979
282, 16, 208, 150, 206, 152, 2, -2, -0.7853981633974483, 2.8284271247461903
282, 17, 47, 172, 46, 173, 1, -1, -0.7853981633974483, 1.4142135623730951
282, 18, 127, 73, 126, 74, 1, -1, -0.7853981633974483, 1.4142135623730951
282, 20, 236, 104, 234, 104, 2, 0, 0.0, 2.0
282, 22, 99, 176, 98, 177, 1, -1, -0.7853981633974483, 1.4142135623730951
282, 23, 83, 289, 81, 289, 2, 0, 0.0, 2.0
282, 24, 129, 127, 128, 128, 1, -1, -0.7853981633974483, 1.4142135623730951
282, 28, 304, 354, 303, 355, 1, -1, -0.7853981633974483, 1.4142135623730951
282, 30, 147, 141, 146, 142, 1, -1, -0.7853981633974483, 1.4142135623730951
282, 31, 279, 390, 277, 390, 2, 0, 0.0, 2.0
282, 32, 118, 97, 116, 97, 2, 0, 0.0, 2.0
282, 33, 70, 377, 69, 376, 1, 1, 0.7853981633974483, 1.4142135623730951
282, 35, 87, 129, 86, 130, 1, -1, -0.7853981633974483, 1.4142135623730951
282, 36, 184, 401, 182, 401, 2, 0, 0.0, 2.0
282, 37, 54, 397, 52, 397, 2, 0, 0.0, 2.0
282, 38, 51, 304, 49, 304, 2, 0, 0.0, 2.0
282, 39, 19, 178, 20, 180, -1, -2, -2.0344439357957027, 2.23606797749979
282, 40, 76, 192, 74, 192, 2, 0, 0.0, 2.0
282, 41, 78, 362, 76, 362, 2, 0, 0.0, 2.0
282, 42, 43, 286, 42, 287, 1, -1, -0.7853981633974483, 1.4142135623730951
282, 45, 291, 129, 290, 131, 1, -2, -1.1071487177940904, 2.23606797749979
282, 46, 159, 81, 157, 82, 2, -1, -0.4636476090008061, 2.23606797749979
282, 49, 171, 358, 170, 359, 1, -1, -0.7853981633974483, 1.4142135623730951
282, 50, 172, 115, 171, 116, 1, -1, -0.7853981633974483, 1.4142135623730951
282, 53, 185, 122, 184, 123, 1, -1, -0.7853981633974483, 1.4142135623730951
282, 55, 201, 315, 200, 316, 1, -1, -0.7853981633974483, 1.4142135623730951
282, 57, 17, 381, 15, 381, 2, 0, 0.0, 2.0
282, 58, 29, 144, 28, 145, 1, -1, -0.7853981633974483, 1.4142135623730951
282, 60, 171, 169, 169, 170, 2, -1, -0.4636476090008061, 2.23606797749979
282, 61, 217, 128, 216, 129, 1, -1, -0.7853981633974483, 1.4142135623730951
282, 63, 178, 329, 176, 329, 2, 0, 0.0, 2.0
282, 65, 162, 117, 161, 118, 1, -1, -0.7853981633974483, 1.4142135623730951
282, 66, 88, 100, 86, 101, 2, -1, -0.4636476090008061, 2.23606797749979
282, 68, 244, 108, 242, 108, 2, 0, 0.0, 2.0
282, 69, 42, 351, 40, 351, 2, 0, 0.0, 2.0
283, 0, 119, 301, 117, 301, 2, 0, 0.0, 2.0
283, 1, 55, 124, 54, 126, 1, -2, -1.1071487177940904, 2.23606797749979
283, 2, 36, 168, 35, 170, 1, -2, -1.1071487177940904, 2.23606797749979
283, 4, 126, 118, 125, 121, 1, -3, -1.2490457723982544, 3.1622776601683795
283, 5, 93, 169, 92, 171, 1, -2, -1.1071487177940904, 2.23606797749979
283, 6, 253, 72, 251, 72, 2, 0, 0.0, 2.0
283, 7, 161, 109, 160, 110, 1, -1, -0.7853981633974483, 1.4142135623730951
283, 8, 205, 71, 203, 71, 2, 0, 0.0, 2.0
283, 10, 43, 405, 41, 405, 2, 0, 0.0, 2.0
283, 11, 98, 291, 96, 291, 2, 0, 0.0, 2.0
283, 13, 84, 404, 82, 404, 2, 0, 0.0, 2.0
283, 14, 202, 144, 200, 147, 2, -3, -0.982793723247329, 3.605551275463989
283, 15, 254, 403, 252, 403, 2, 0, 0.0, 2.0
283, 18, 128, 72, 127, 73, 1, -1, -0.7853981633974483, 1.4142135623730951
283, 22, 101, 176, 99, 176, 2, 0, 0.0, 2.0
283, 24, 130, 125, 129, 127, 1, -2, -1.1071487177940904, 2.23606797749979
283, 25, 57, 110, 55, 110, 2, 0, 0.0, 2.0
283, 28, 306, 354, 304, 354, 2, 0, 0.0, 2.0
283, 30, 148, 140, 147, 141, 1, -1, -0.7853981633974483, 1.4142135623730951
283, 32, 119, 96, 118, 97, 1, -1, -0.7853981633974483, 1.4142135623730951
283, 33, 72, 377, 70, 377, 2, 0, 0.0, 2.0
283, 34, 104, 315, 102, 315, 2, 0, 0.0, 2.0
283, 35, 88, 128, 87, 129, 1, -1, -0.7853981633974483, 1.4142135623730951
283, 37, 56, 397, 54, 397, 2, 0, 0.0, 2.0
283, 38, 53, 304, 51, 304, 2, 0, 0.0, 2.0
283, 39, 78, 190, 76, 192, 2, -2, -0.7853981633974483, 2.8284271247461903
283, 44, 293, 128, 291, 129, 2, -1, -0.4636476090008061, 2.23606797749979
283, 49, 173, 114, 172, 115, 1, -1, -0.7853981633974483, 1.4142135623730951
283, 50, 94, 394, 93, 395, 1, -1, -0.7853981633974483, 1.4142135623730951
283, 52, 187, 121, 185, 122, 2, -1, -0.4636476090008061, 2.23606797749979
283, 55, 257, 395, 255, 395, 2, 0, 0.0, 2.0
283, 56, 18, 380, 17, 381, 1, -1, -0.7853981633974483, 1.4142135623730951
283, 57, 30, 143, 29, 144, 1, -1, -0.7853981633974483, 1.4142135623730951
283, 58, 117, 351, 115, 351, 2, 0, 0.0, 2.0
283, 59, 173, 168, 171, 169, 2, -1, -0.4636476090008061, 2.23606797749979
283, 60, 218, 127, 217, 128, 1, -1, -0.7853981633974483, 1.4142135623730951
283, 64, 163, 116, 162, 117, 1, -1, -0.7853981633974483, 1.4142135623730951
283, 65, 90, 99, 88, 100, 2, -1, -0.4636476090008061, 2.23606797749979
283, 66, 20, 322, 18, 322, 2, 0, 0.0, 2.0
283, 67, 245, 109, 244, 108, 1, 1, 0.7853981633974483, 1.4142135623730951
283, 68, 43, 350, 42, 351, 1, -1, -0.7853981633974483, 1.4142135623730951
284, 1, 56, 123, 55, 124, 1, -1, -0.7853981633974483, 1.4142135623730951
284, 2, 37, 167, 36, 168, 1, -1, -0.7853981633974483, 1.4142135623730951
284, 4, 127, 117, 126, 118, 1, -1, -0.7853981633974483, 1.4142135623730951
284, 5, 94, 168, 93, 169, 1, -1, -0.7853981633974483, 1.4142135623730951
284, 9, 340, 367, 338, 367, 2, 0, 0.0, 2.0
284, 10, 45, 405, 43, 405, 2, 0, 0.0, 2.0
284, 11, 100, 291, 98, 291, 2, 0, 0.0, 2.0
284, 12, 138, 138, 137, 139, 1, -1, -0.7853981633974483, 1.4142135623730951
284, 13, 86, 404, 84, 404, 2, 0, 0.0, 2.0
284, 14, 203, 143, 202, 144, 1, -1, -0.7853981633974483, 1.4142135623730951
284, 15, 256, 403, 254, 403, 2, 0, 0.0, 2.0
284, 16, 210, 148, 208, 150, 2, -2, -0.7853981633974483, 2.8284271247461903
284, 17, 49, 171, 48, 172, 1, -1, -0.7853981633974483, 1.4142135623730951
284, 18, 129, 71, 128, 72, 1, -1, -0.7853981633974483, 1.4142135623730951
284, 19, 60, 379, 58, 379, 2, 0, 0.0, 2.0
284, 22, 102, 175, 101, 176, 1, -1, -0.7853981633974483, 1.4142135623730951
284, 24, 131, 124, 130, 125, 1, -1, -0.7853981633974483, 1.4142135623730951
284, 25, 59, 111, 57, 110, 2, 1, 0.4636476090008061, 2.23606797749979
284, 28, 307, 353, 306, 354, 1, -1, -0.7853981633974483, 1.4142135623730951
284, 30, 150, 139, 148, 140, 2, -1, -0.4636476090008061, 2.23606797749979
284, 31, 282, 390, 280, 390, 2, 0, 0.0, 2.0
284, 32, 120, 95, 119, 96, 1, -1, -0.7853981633974483, 1.4142135623730951
284, 36, 187, 400, 185, 401, 2, -1, -0.4636476090008061, 2.23606797749979
284, 38, 55, 304, 53, 304, 2, 0, 0.0, 2.0
284, 39, 80, 188, 78, 190, 2, -2, -0.7853981633974483, 2.8284271247461903
284, 40, 81, 362, 79, 362, 2, 0, 0.0, 2.0
284, 42, 266, 364, 264, 364, 2, 0, 0.0, 2.0
284, 44, 295, 127, 293, 128, 2, -1, -0.4636476090008061, 2.23606797749979
284, 45, 162, 80, 160, 81, 2, -1, -0.4636476090008061, 2.23606797749979
284, 47, 106, 376, 105, 377, 1, -1, -0.7853981633974483, 1.4142135623730951
284, 49, 174, 113, 173, 114, 1, -1, -0.7853981633974483, 1.4142135623730951
284, 50, 96, 394, 94, 394, 2, 0, 0.0, 2.0
284, 52, 188, 120, 187, 121, 1, -1, -0.7853981633974483, 1.4142135623730951
284, 55, 258, 393, 257, 395, 1, -2, -1.1071487177940904, 2.23606797749979
284, 56, 19, 379, 18, 380, 1, -1, -0.7853981633974483, 1.4142135623730951
284, 57, 31, 142, 30, 143, 1, -1, -0.7853981633974483, 1.4142135623730951
284, 59, 175, 167, 173, 168, 2, -1, -0.4636476090008061, 2.23606797749979
284, 60, 219, 126, 218, 127, 1, -1, -0.7853981633974483, 1.4142135623730951
284, 61, 266, 340, 264, 340, 2, 0, 0.0, 2.0
284, 64, 164, 115, 163, 116, 1, -1, -0.7853981633974483, 1.4142135623730951
284, 65, 91, 98, 90, 99, 1, -1, -0.7853981633974483, 1.4142135623730951
284, 68, 44, 349, 43, 350, 1, -1, -0.7853981633974483, 1.4142135623730951
285, 0, 119, 301, 117, 301, 2, 0, 0.0, 2.0
285, 1, 93, 171, 92, 172, 1, -1, -0.7853981633974483, 1.4142135623730951
285, 2, 37, 167, 36, 168, 1, -1, -0.7853981633974483, 1.4142135623730951
285, 3, 204, 146, 203, 147, 1, -1, -0.7853981633974483, 1.4142135623730951
285, 4, 86, 404, 84, 404, 2, 0, 0.0, 2.0
285, 5, 33, 322, 31, 322, 2, 0, 0.0, 2.0
285, 7, 54, 127, 53, 128, 1, -1, -0.7853981633974483, 1.4142135623730951
285, 8, 125, 121, 124, 122, 1, -1, -0.7853981633974483, 1.4142135623730951
285, 10, 203, 71, 202, 72, 1, -1, -0.7853981633974483, 1.4142135623730951
285, 11, 253, 405, 251, 405, 2, 0, 0.0, 2.0
285, 13, 97, 291, 95, 291, 2, 0, 0.0, 2.0
285, 14, 252, 72, 250, 72, 2, 0, 0.0, 2.0
285, 15, 122, 155, 120, 155, 2, 0, 0.0, 2.0
285, 16, 129, 73, 128, 74, 1, -1, -0.7853981633974483, 1.4142135623730951
285, 17, 340, 367, 338, 367, 2, 0, 0.0, 2.0
285, 19, 178, 336, 176, 336, 2, 0, 0.0, 2.0
285, 20, 59, 106, 57, 106, 2, 0, 0.0, 2.0
285, 22, 19, 380, 17, 380, 2, 0, 0.0, 2.0
285, 24, 55, 309, 53, 310, 2, -1, -0.4636476090008061, 2.23606797749979
285, 26, 5, 176, 4, 177, 1, -1, -0.7853981633974483, 1.4142135623730951
285, 27, 246, 107, 245, 106, 1, 1, 0.7853981633974483, 1.4142135623730951
285, 28, 119, 97, 117, 97, 2, 0, 0.0, 2.0
285, 30, 187, 123, 186, 124, 1, -1, -0.7853981633974483, 1.4142135623730951
285, 31, 175, 117, 173, 118, 2, -1, -0.4636476090008061, 2.23606797749979
285, 32, 89, 131, 88, 132, 1, -1, -0.7853981633974483, 1.4142135623730951
285, 33, 160, 82, 159, 83, 1, -1, -0.7853981633974483, 1.4142135623730951
285, 35, 173, 169, 172, 170, 1, -1, -0.7853981633974483, 1.4142135623730951
285, 37, 201, 81, 200, 82, 1, -1, -0.7853981633974483, 1.4142135623730951
285, 38, 212, 152, 210, 154, 2, -2, -0.7853981633974483, 2.8284271247461903
285, 40, 249, 81, 248, 82, 1, -1, -0.7853981633974483, 1.4142135623730951
285, 41, 87, 104, 86, 105, 1, -1, -0.7853981633974483, 1.4142135623730951
285, 43, 65, 304, 63, 304, 2, 0, 0.0, 2.0
285, 46, 265, 359, 262, 359, 3, 0, 0.0, 3.0
285, 47, 165, 118, 164, 119, 1, -1, -0.7853981633974483, 1.4142135623730951
285, 48, 227, 129, 226, 130, 1, -1, -0.7853981633974483, 1.4142135623730951
285, 49, 138, 129, 136, 131, 2, -2, -0.7853981633974483, 2.8284271247461903
285, 51, 147, 146, 146, 147, 1, -1, -0.7853981633974483, 1.4142135623730951
285, 52, 191, 396, 190, 397, 1, -1, -0.7853981633974483, 1.4142135623730951
285, 53, 237, 145, 235, 146, 2, -1, -0.4636476090008061, 2.23606797749979
285, 55, 31, 145, 30, 146, 1, -1, -0.7853981633974483, 1.4142135623730951
285, 56, 306, 353, 304, 353, 2, 0, 0.0, 2.0
286, 0, 121, 300, 119, 301, 2, -1, -0.4636476090008061, 2.23606797749979
286, 1, 94, 170, 93, 171, 1, -1, -0.7853981633974483, 1.4142135623730951
286, 3, 205, 145, 204, 146, 1, -1, -0.7853981633974483, 1.4142135623730951
286, 4, 88, 404, 86, 404, 2, 0, 0.0, 2.0
286, 6, 44, 405, 42, 405, 2, 0, 0.0, 2.0
286, 7, 55, 126, 54, 127, 1, -1, -0.7853981633974483, 1.4142135623730951
286, 8, 126, 120, 125, 121, 1, -1, -0.7853981633974483, 1.4142135623730951
286, 10, 204, 70, 203, 71, 1, -1, -0.7853981633974483, 1.4142135623730951
286, 11, 255, 405, 253, 405, 2, 0, 0.0, 2.0
286, 12, 139, 140, 138, 141, 1, -1, -0.7853981633974483, 1.4142135623730951
286, 13, 98, 290, 97, 291, 1, -1, -0.7853981633974483, 1.4142135623730951
286, 14, 253, 71, 252, 72, 1, -1, -0.7853981633974483, 1.4142135623730951
286, 15, 124, 155, 122, 155, 2, 0, 0.0, 2.0
286, 16, 130, 72, 129, 73, 1, -1, -0.7853981633974483, 1.4142135623730951
286, 17, 343, 368, 340, 367, 3, 1, 0.3217505543966422, 3.1622776601683795
286, 18, 283, 391, 281, 391, 2, 0, 0.0, 2.0
286, 20, 61, 105, 59, 106, 2, -1, -0.4636476090008061, 2.23606797749979
286, 23, 33, 289, 31, 289, 2, 0, 0.0, 2.0
286, 25, 132, 393, 129, 394, 3, -1, -0.3217505543966422, 3.1622776601683795
286, 26, 6, 175, 5, 176, 1, -1, -0.7853981633974483, 1.4142135623730951
286, 27, 248, 108, 246, 107, 2, 1, 0.4636476090008061, 2.23606797749979
286, 28, 121, 97, 119, 97, 2, 0, 0.0, 2.0
286, 31, 176, 116, 175, 117, 1, -1, -0.7853981633974483, 1.4142135623730951
286, 32, 90, 130, 89, 131, 1, -1, -0.7853981633974483, 1.4142135623730951
286, 33, 161, 81, 160, 82, 1, -1, -0.7853981633974483, 1.4142135623730951
286, 35, 174, 168, 173, 169, 1, -1, -0.7853981633974483, 1.4142135623730951
286, 37, 203, 79, 201, 81, 2, -2, -0.7853981633974483, 2.8284271247461903
286, 38, 213, 150, 212, 152, 1, -2, -1.1071487177940904, 2.23606797749979
286, 39, 146, 333, 145, 335, 1, -2, -1.1071487177940904, 2.23606797749979
286, 40, 250, 79, 249, 81, 1, -2, -1.1071487177940904, 2.23606797749979
286, 41, 88, 103, 87, 104, 1, -1, -0.7853981633974483, 1.4142135623730951
286, 46, 269, 358, 265, 359, 4, -1, -0.24497866312686414, 4.123105625617661
286, 47, 166, 117, 165, 118, 1, -1, -0.7853981633974483, 1.4142135623730951
286, 48, 229, 128, 227, 129, 2, -1, -0.4636476090008061, 2.23606797749979
286, 49, 140, 128, 138, 129, 2, -1, -0.4636476090008061, 2.23606797749979
286, 51, 148, 145, 147, 146, 1, -1, -0.7853981633974483, 1.4142135623730951
286, 52, 192, 395, 191, 396, 1, -1, -0.7853981633974483, 1.4142135623730951
286, 53, 238, 144, 237, 145, 1, -1, -0.7853981633974483, 1.4142135623730951
286, 54, 119, 354, 117, 354, 2, 0, 0.0, 2.0
286, 55, 32, 144, 31, 145, 1, -1, -0.7853981633974483, 1.4142135623730951
286, 56, 309, 352, 306, 353, 3, -1, -0.3217505543966422, 3.1622776601683795
287, 0, 123, 300, 121, 300, 2, 0, 0.0, 2.0
287, 3, 207, 145, 205, 145, 2, 0, 0.0, 2.0
287, 5, 35, 321, 34, 322, 1, -1, -0.7853981633974483, 1.4142135623730951
287, 7, 56, 125, 55, 126, 1, -1, -0.7853981633974483, 1.4142135623730951
287, 8, 127, 119, 126, 120, 1, -1, -0.7853981633974483, 1.4142135623730951
287, 9, 165, 111, 164, 112, 1, -1, -0.7853981633974483, 1.4142135623730951
287, 10, 205, 69, 204, 70, 1, -1, -0.7853981633974483, 1.4142135623730951
287, 12, 140, 139, 139, 140, 1, -1, -0.7853981633974483, 1.4142135623730951
287, 13, 99, 289, 98, 290, 1, -1, -0.7853981633974483, 1.4142135623730951
287, 14, 254, 70, 253, 71, 1, -1, -0.7853981633974483, 1.4142135623730951
287, 15, 125, 154, 124, 155, 1, -1, -0.7853981633974483, 1.4142135623730951
287, 18, 285, 391, 283, 391, 2, 0, 0.0, 2.0
287, 20, 64, 105, 61, 105, 3, 0, 0.0, 3.0
287, 23, 35, 289, 33, 289, 2, 0, 0.0, 2.0
287, 25, 135, 393, 132, 393, 3, 0, 0.0, 3.0
287, 27, 250, 108, 248, 108, 2, 0, 0.0, 2.0
287, 29, 11, 352, 9, 352, 2, 0, 0.0, 2.0
287, 30, 188, 121, 187, 122, 1, -1, -0.7853981633974483, 1.4142135623730951
287, 31, 177, 115, 176, 116, 1, -1, -0.7853981633974483, 1.4142135623730951
287, 32, 91, 129, 90, 130, 1, -1, -0.7853981633974483, 1.4142135623730951
287, 33, 162, 80, 161, 81, 1, -1, -0.7853981633974483, 1.4142135623730951
287, 34, 92, 139, 91, 140, 1, -1, -0.7853981633974483, 1.4142135623730951
287, 35, 175, 167, 174, 168, 1, -1, -0.7853981633974483, 1.4142135623730951
287, 36, 110, 379, 108, 379, 2, 0, 0.0, 2.0
287, 37, 204, 78, 203, 79, 1, -1, -0.7853981633974483, 1.4142135623730951
287, 38, 215, 148, 213, 150, 2, -2, -0.7853981633974483, 2.8284271247461903
287, 39, 149, 333, 146, 333, 3, 0, 0.0, 3.0
287, 41, 89, 102, 88, 103, 1, -1, -0.7853981633974483, 1.4142135623730951
287, 43, 68, 303, 66, 304, 2, -1, -0.4636476090008061, 2.23606797749979
287, 45, 97, 317, 94, 316, 3, 1, 0.3217505543966422, 3.1622776601683795
287, 47, 167, 116, 166, 117, 1, -1, -0.7853981633974483, 1.4142135623730951
287, 49, 141, 127, 140, 128, 1, -1, -0.7853981633974483, 1.4142135623730951
287, 50, 189, 400, 186, 401, 3, -1, -0.3217505543966422, 3.1622776601683795
287, 52, 239, 143, 238, 144, 1, -1, -0.7853981633974483, 1.4142135623730951
287, 54, 33, 143, 32, 144, 1, -1, -0.7853981633974483, 1.4142135623730951
287, 55, 312, 351, 309, 352, 3, -1, -0.3217505543966422, 3.1622776601683795
288, 0, 125, 300, 123, 300, 2, 0, 0.0, 2.0
288, 3, 208, 144, 207, 145, 1, -1, -0.7853981633974483, 1.4142135623730951
288, 4, 91, 403, 89, 404, 2, -1, -0.4636476090008061, 2.23606797749979
288, 5, 36, 320, 35, 321, 1, -1, -0.7853981633974483, 1.4142135623730951
288, 7, 57, 124, 56, 125, 1, -1, -0.7853981633974483, 1.4142135623730951
288, 9, 166, 110, 165, 111, 1, -1, -0.7853981633974483, 1.4142135623730951
288, 16, 132, 71, 131, 72, 1, -1, -0.7853981633974483, 1.4142135623730951
288, 17, 346, 368, 344, 368, 2, 0, 0.0, 2.0
288, 18, 287, 390, 285, 391, 2, -1, -0.4636476090008061, 2.23606797749979
288, 20, 67, 104, 64, 105, 3, -1, -0.3217505543966422, 3.1622776601683795
288, 26, 8, 174, 7, 175, 1, -1, -0.7853981633974483, 1.4142135623730951
288, 27, 252, 107, 250, 108, 2, -1, -0.4636476090008061, 2.23606797749979
288, 28, 124, 97, 122, 97, 2, 0, 0.0, 2.0
288, 29, 12, 351, 11, 352, 1, -1, -0.7853981633974483, 1.4142135623730951
288, 30, 189, 120, 188, 121, 1, -1, -0.7853981633974483, 1.4142135623730951
288, 32, 92, 128, 91, 129, 1, -1, -0.7853981633974483, 1.4142135623730951
288, 33, 163, 79, 162, 80, 1, -1, -0.7853981633974483, 1.4142135623730951
288, 34, 94, 138, 92, 139, 2, -1, -0.4636476090008061, 2.23606797749979
288, 35, 176, 166, 175, 167, 1, -1, -0.7853981633974483, 1.4142135623730951
288, 37, 206, 78, 204, 78, 2, 0, 0.0, 2.0
288, 38, 216, 147, 215, 148, 1, -1, -0.7853981633974483, 1.4142135623730951
288, 40, 253, 78, 251, 79, 2, -1, -0.4636476090008061, 2.23606797749979
288, 43, 69, 302, 68, 303, 1, -1, -0.7853981633974483, 1.4142135623730951
288, 44, 88, 365, 87, 366, 1, -1, -0.7853981633974483, 1.4142135623730951
288, 47, 168, 115, 167, 116, 1, -1, -0.7853981633974483, 1.4142135623730951
288, 48, 230, 126, 229, 127, 1, -1, -0.7853981633974483, 1.4142135623730951
288, 49, 142, 126, 141, 127, 1, -1, -0.7853981633974483, 1.4142135623730951
288, 50, 191, 399, 189, 400, 2, -1, -0.4636476090008061, 2.23606797749979
288, 52, 240, 142, 239, 143, 1, -1, -0.7853981633974483, 1.4142135623730951
288, 54, 34, 142, 33, 143, 1, -1, -0.7853981633974483, 1.4142135623730951
289, 1, 98, 169, 96, 170, 2, -1, -0.4636476090008061, 2.23606797749979
289, 4, 92, 402, 91, 403, 1, -1, -0.7853981633974483, 1.4142135623730951
289, 6, 48, 405, 46, 405, 2, 0, 0.0, 2.0
289, 7, 58, 123, 57, 124, 1, -1, -0.7853981633974483, 1.4142135623730951
289, 8, 129, 118, 128, 119, 1, -1, -0.7853981633974483, 1.4142135623730951
289, 9, 167, 109, 166, 110, 1, -1, -0.7853981633974483, 1.4142135623730951
289, 10, 208, 70, 206, 69, 2, 1, 0.4636476090008061, 2.23606797749979
289, 11, 259, 405, 257, 405, 2, 0, 0.0, 2.0
289, 12, 141, 137, 140, 138, 1, -1, -0.7853981633974483, 1.4142135623730951
289, 14, 257, 70, 255, 70, 2, 0, 0.0, 2.0
289, 17, 348, 367, 346, 368, 2, -1, -0.4636476090008061, 2.23606797749979
289, 18, 289, 390, 287, 390, 2, 0, 0.0, 2.0
289, 20, 70, 103, 67, 104, 3, -1, -0.3217505543966422, 3.1622776601683795
289, 21, 63, 379, 62, 380, 1, -1, -0.7853981633974483, 1.4142135623730951
289, 23, 38, 289, 36, 289, 2, 0, 0.0, 2.0
289, 24, 60, 309, 58, 309, 2, 0, 0.0, 2.0
289, 25, 138, 391, 136, 393, 2, -2, -0.7853981633974483, 2.8284271247461903
289, 26, 9, 173, 8, 174, 1, -1, -0.7853981633974483, 1.4142135623730951
289, 27, 254, 106, 252, 107, 2, -1, -0.4636476090008061, 2.23606797749979
289, 30, 190, 119, 189, 120, 1, -1, -0.7853981633974483, 1.4142135623730951
289, 31, 178, 113, 177, 114, 1, -1, -0.7853981633974483, 1.4142135623730951
289, 32, 94, 127, 92, 128, 2, -1, -0.4636476090008061, 2.23606797749979
289, 33, 165, 79, 163, 79, 2, 0, 0.0, 2.0
289, 34, 95, 137, 94, 138, 1, -1, -0.7853981633974483, 1.4142135623730951
289, 35, 178, 166, 176, 166, 2, 0, 0.0, 2.0
289, 37, 208, 78, 206, 78, 2, 0, 0.0, 2.0
289, 38, 217, 146, 216, 147, 1, -1, -0.7853981633974483, 1.4142135623730951
289, 39, 152, 333, 149, 333, 3, 0, 0.0, 3.0
289, 40, 255, 78, 253, 78, 2, 0, 0.0, 2.0
289, 43, 72, 301, 69, 302, 3, -1, -0.3217505543966422, 3.1622776601683795
289, 44, 90, 365, 88, 365, 2, 0, 0.0, 2.0
289, 47, 170, 114, 168, 115, 2, -1, -0.4636476090008061, 2.23606797749979
289, 48, 232, 125, 230, 126, 2, -1, -0.4636476090008061, 2.23606797749979
289, 49, 143, 125, 142, 126, 1, -1, -0.7853981633974483, 1.4142135623730951
289, 50, 193, 399, 191, 399, 2, 0, 0.0, 2.0
289, 52, 241, 141, 240, 142, 1, -1, -0.7853981633974483, 1.4142135623730951
289, 54, 35, 141, 34, 142, 1, -1, -0.7853981633974483, 1.4142135623730951
290, 0, 258, 74, 256, 74, 2, 0, 0.0, 2.0
290, 1, 209, 72, 207, 72, 2, 0, 0.0, 2.0
290, 5, 142, 139, 141, 140, 1, -1, -0.7853981633974483, 1.4142135623730951
290, 7, 167, 110, 166, 111, 1, -1, -0.7853981633974483, 1.4142135623730951
290, 8, 37, 324, 36, 325, 1, -1, -0.7853981633974483, 1.4142135623730951
290, 9, 130, 121, 129, 122, 1, -1, -0.7853981633974483, 1.4142135623730951
290, 11, 100, 290, 99, 291, 1, -1, -0.7853981633974483, 1.4142135623730951
290, 12, 58, 128, 57, 129, 1, -1, -0.7853981633974483, 1.4142135623730951
290, 14, 150, 140, 149, 141, 1, -1, -0.7853981633974483, 1.4142135623730951
290, 15, 208, 145, 207, 146, 1, -1, -0.7853981633974483, 1.4142135623730951
290, 16, 259, 405, 257, 405, 2, 0, 0.0, 2.0
290, 18, 6, 405, 5, 406, 1, -1, -0.7853981633974483, 1.4142135623730951
290, 20, 166, 83, 164, 83, 2, 0, 0.0, 2.0
290, 21, 97, 139, 96, 140, 1, -1, -0.7853981633974483, 1.4142135623730951
290, 23, 347, 366, 346, 367, 1, -1, -0.7853981633974483, 1.4142135623730951
290, 24, 191, 122, 190, 123, 1, -1, -0.7853981633974483, 1.4142135623730951
290, 26, 124, 95, 123, 96, 1, -1, -0.7853981633974483, 1.4142135623730951
290, 28, 23, 379, 22, 380, 1, -1, -0.7853981633974483, 1.4142135623730951
290, 29, 252, 104, 251, 105, 1, -1, -0.7853981633974483, 1.4142135623730951
290, 31, 287, 392, 285, 392, 2, 0, 0.0, 2.0
290, 32, 134, 75, 132, 75, 2, 0, 0.0, 2.0
290, 35, 307, 350, 305, 351, 2, -1, -0.4636476090008061, 2.23606797749979
290, 36, 274, 361, 272, 360, 2, 1, 0.4636476090008061, 2.23606797749979
290, 38, 129, 331, 128, 332, 1, -1, -0.7853981633974483, 1.4142135623730951
290, 40, 62, 107, 60, 107, 2, 0, 0.0, 2.0
290, 41, 103, 317, 101, 317, 2, 0, 0.0, 2.0
290, 45, 243, 338, 243, 340, 0, -2, -1.5707963267948966, 2.0
290, 46, 150, 379, 148, 379, 2, 0, 0.0, 2.0
290, 49, 76, 190, 75, 191, 1, -1, -0.7853981633974483, 1.4142135623730951
290, 50, 247, 99, 246, 100, 1, -1, -0.7853981633974483, 1.4142135623730951
290, 54, 24, 82, 23, 83, 1, -1, -0.7853981633974483, 1.4142135623730951
290, 57, 293, 132, 289, 133, 4, -1, -0.24497866312686414, 4.123105625617661
290, 60, 124, 150, 123, 151, 1, -1, -0.7853981633974483, 1.4142135623730951
290, 61, 178, 168, 177, 169, 1, -1, -0.7853981633974483, 1.4142135623730951
290, 63, 307, 358, 305, 358, 2, 0, 0.0, 2.0
290, 64, 67, 155, 66, 156, 1, -1, -0.7853981633974483, 1.4142135623730951
290, 66, 217, 387, 215, 388, 2, -1, -0.4636476090008061, 2.23606797749979
290, 69, 192, 391, 191, 392, 1, -1, -0.7853981633974483, 1.4142135623730951
290, 71, 93, 104, 91, 104, 2, 0, 0.0, 2.0
290, 72, 140, 169, 139, 170, 1, -1, -0.7853981633974483, 1.4142135623730951
290, 73, 258, 130, 257, 131, 1, -1, -0.7853981633974483, 1.4142135623730951
290, 74, 151, 336, 149, 336, 2, 0, 0.0, 2.0
290, 75, 258, 396, 257, 397, 1, -1, -0.7853981633974483, 1.4142135623730951
290, 76, 95, 343, 94, 344, 1, -1, -0.7853981633974483, 1.4142135623730951
290, 79, 34, 143, 33, 144, 1, -1, -0.7853981633974483, 1.4142135623730951
290, 81, 144, 394, 143, 396, 1, -2, -1.1071487177940904, 2.23606797749979
291, 0, 260, 74, 258, 74, 2, 0, 0.0, 2.0
291, 1, 211, 72, 209, 72, 2, 0, 0.0, 2.0
291, 4, 42, 167, 41, 168, 1, -1, -0.7853981633974483, 1.4142135623730951
291, 5, 143, 138, 142, 139, 1, -1, -0.7853981633974483, 1.4142135623730951
291, 7, 168, 109, 167, 110, 1, -1, -0.7853981633974483, 1.4142135623730951
291, 12, 59, 127, 58, 128, 1, -1, -0.7853981633974483, 1.4142135623730951
291, 14, 151, 139, 150, 140, 1, -1, -0.7853981633974483, 1.4142135623730951
291, 15, 209, 144, 208, 145, 1, -1, -0.7853981633974483, 1.4142135623730951
291, 16, 261, 404, 259, 405, 2, -1, -0.4636476090008061, 2.23606797749979
291, 18, 8, 404, 6, 405, 2, -1, -0.4636476090008061, 2.23606797749979
291, 19, 177, 118, 176, 119, 1, -1, -0.7853981633974483, 1.4142135623730951
291, 20, 168, 82, 166, 83, 2, -1, -0.4636476090008061, 2.23606797749979
291, 21, 98, 138, 97, 139, 1, -1, -0.7853981633974483, 1.4142135623730951
291, 23, 349, 365, 347, 366, 2, -1, -0.4636476090008061, 2.23606797749979
291, 24, 192, 121, 191, 122, 1, -1, -0.7853981633974483, 1.4142135623730951
291, 29, 253, 103, 252, 104, 1, -1, -0.7853981633974483, 1.4142135623730951
291, 30, 9, 176, 8, 177, 1, -1, -0.7853981633974483, 1.4142135623730951
291, 31, 289, 391, 287, 392, 2, -1, -0.4636476090008061, 2.23606797749979
291, 32, 135, 74, 134, 75, 1, -1, -0.7853981633974483, 1.4142135623730951
291, 35, 310, 349, 307, 350, 3, -1, -0.3217505543966422, 3.1622776601683795
291, 36, 276, 361, 274, 361, 2, 0, 0.0, 2.0
291, 38, 130, 330, 129, 331, 1, -1, -0.7853981633974483, 1.4142135623730951
291, 39, 217, 317, 216, 318, 1, -1, -0.7853981633974483, 1.4142135623730951
291, 45, 245, 337, 243, 338, 2, -1, -0.4636476090008061, 2.23606797749979
291, 46, 152, 379, 150, 379, 2, 0, 0.0, 2.0
291, 49, 78, 189, 76, 190, 2, -1, -0.4636476090008061, 2.23606797749979
291, 55, 90, 292, 88, 292, 2, 0, 0.0, 2.0
291, 57, 294, 130, 293, 132, 1, -2, -1.1071487177940904, 2.23606797749979
291, 60, 125, 149, 124, 150, 1, -1, -0.7853981633974483, 1.4142135623730951
291, 61, 179, 167, 178, 168, 1, -1, -0.7853981633974483, 1.4142135623730951
291, 62, 161, 308, 159, 308, 2, 0, 0.0, 2.0
291, 63, 309, 357, 307, 358, 2, -1, -0.4636476090008061, 2.23606797749979
291, 64, 68, 154, 67, 155, 1, -1, -0.7853981633974483, 1.4142135623730951
291, 66, 218, 386, 217, 387, 1, -1, -0.7853981633974483, 1.4142135623730951
291, 69, 194, 391, 192, 391, 2, 0, 0.0, 2.0
291, 71, 95, 104, 93, 104, 2, 0, 0.0, 2.0
291, 72, 141, 168, 140, 169, 1, -1, -0.7853981633974483, 1.4142135623730951
291, 74, 153, 336, 151, 336, 2, 0, 0.0, 2.0
291, 75, 260, 396, 258, 396, 2, 0, 0.0, 2.0
291, 76, 96, 342, 95, 343, 1, -1, -0.7853981633974483, 1.4142135623730951
291, 79, 35, 142, 34, 143, 1, -1, -0.7853981633974483, 1.4142135623730951
292, 0, 262, 73, 260, 74, 2, -1, -0.4636476090008061, 2.23606797749979
292, 1, 213, 72, 211, 72, 2, 0, 0.0, 2.0
292, 3, 52, 404, 48, 405, 4, -1, -0.24497866312686414, 4.123105625617661
292, 4, 43, 166, 42, 167, 1, -1, -0.7853981633974483, 1.4142135623730951
292, 6, 100, 171, 99, 172, 1, -1, -0.7853981633974483, 1.4142135623730951
292, 7, 169, 108, 168, 109, 1, -1, -0.7853981633974483, 1.4142135623730951
292, 12, 60, 126, 59, 127, 1, -1, -0.7853981633974483, 1.4142135623730951
292, 14, 152, 138, 151, 139, 1, -1, -0.7853981633974483, 1.4142135623730951
292, 15, 210, 143, 209, 144, 1, -1, -0.7853981633974483, 1.4142135623730951
292, 16, 263, 403, 261, 404, 2, -1, -0.4636476090008061, 2.23606797749979
292, 17, 68, 383, 63, 384, 5, -1, -0.19739555984988075, 5.0990195135927845
292, 18, 9, 403, 8, 404, 1, -1, -0.7853981633974483, 1.4142135623730951
292, 19, 178, 117, 177, 118, 1, -1, -0.7853981633974483, 1.4142135623730951
292, 20, 169, 81, 168, 82, 1, -1, -0.7853981633974483, 1.4142135623730951
292, 21, 99, 137, 98, 138, 1, -1, -0.7853981633974483, 1.4142135623730951
292, 22, 103, 285, 102, 284, 1, 1, 0.7853981633974483, 1.4142135623730951
292, 23, 350, 364, 349, 365, 1, -1, -0.7853981633974483, 1.4142135623730951
292, 24, 193, 120, 192, 121, 1, -1, -0.7853981633974483, 1.4142135623730951
292, 26, 127, 95, 125, 95, 2, 0, 0.0, 2.0
292, 30, 14, 174, 9, 176, 5, -2, -0.3805063771123649, 5.385164807134504
292, 31, 291, 391, 289, 391, 2, 0, 0.0, 2.0
292, 35, 313, 348, 310, 349, 3, -1, -0.3217505543966422, 3.1622776601683795
292, 36, 278, 361, 276, 361, 2, 0, 0.0, 2.0
292, 39, 219, 319, 217, 317, 2, 2, 0.7853981633974483, 2.8284271247461903
292, 40, 65, 107, 63, 107, 2, 0, 0.0, 2.0
292, 41, 106, 317, 104, 317, 2, 0, 0.0, 2.0
292, 43, 192, 399, 190, 399, 2, 0, 0.0, 2.0
292, 48, 150, 371, 148, 371, 2, 0, 0.0, 2.0
292, 49, 80, 189, 78, 189, 2, 0, 0.0, 2.0
292, 50, 249, 98, 248, 99, 1, -1, -0.7853981633974483, 1.4142135623730951
292, 53, 125, 352, 124, 353, 1, -1, -0.7853981633974483, 1.4142135623730951
292, 55, 92, 292, 90, 292, 2, 0, 0.0, 2.0
292, 56, 91, 365, 90, 366, 1, -1, -0.7853981633974483, 1.4142135623730951
292, 57, 295, 129, 294, 130, 1, -1, -0.7853981633974483, 1.4142135623730951
292, 58, 112, 312, 110, 312, 2, 0, 0.0, 2.0
292, 59, 233, 123, 232, 124, 1, -1, -0.7853981633974483, 1.4142135623730951
292, 60, 126, 148, 125, 149, 1, -1, -0.7853981633974483, 1.4142135623730951
292, 61, 180, 166, 179, 167, 1, -1, -0.7853981633974483, 1.4142135623730951
292, 62, 163, 308, 161, 308, 2, 0, 0.0, 2.0
292, 63, 311, 356, 309, 357, 2, -1, -0.4636476090008061, 2.23606797749979
292, 64, 70, 153, 68, 154, 2, -1, -0.4636476090008061, 2.23606797749979
292, 65, 50, 355, 49, 356, 1, -1, -0.7853981633974483, 1.4142135623730951
292, 66, 220, 386, 218, 386, 2, 0, 0.0, 2.0
292, 67, 66, 311, 64, 310, 2, 1, 0.4636476090008061, 2.23606797749979
292, 69, 195, 390, 194, 391, 1, -1, -0.7853981633974483, 1.4142135623730951
292, 71, 97, 103, 95, 104, 2, -1, -0.4636476090008061, 2.23606797749979
292, 74, 155, 336, 153, 336, 2, 0, 0.0, 2.0
292, 75, 261, 395, 260, 396, 1, -1, -0.7853981633974483, 1.4142135623730951
292, 77, 219, 349, 217, 350, 2, -1, -0.4636476090008061, 2.23606797749979
292, 79, 36, 141, 35, 142, 1, -1, -0.7853981633974483, 1.4142135623730951
293, 0, 264, 72, 262, 73, 2, -1, -0.4636476090008061, 2.23606797749979
293, 1, 215, 71, 213, 72, 2, -1, -0.4636476090008061, 2.23606797749979
293, 4, 44, 165, 43, 166, 1, -1, -0.7853981633974483, 1.4142135623730951
293, 5, 145, 137, 144, 138, 1, -1, -0.7853981633974483, 1.4142135623730951
293, 6, 101, 170, 100, 171, 1, -1, -0.7853981633974483, 1.4142135623730951
293, 7, 171, 107, 169, 108, 2, -1, -0.4636476090008061, 2.23606797749979
293, 8, 40, 323, 39, 324, 1, -1, -0.7853981633974483, 1.4142135623730951
293, 9, 133, 119, 131, 120, 2, -1, -0.4636476090008061, 2.23606797749979
293, 12, 61, 125, 60, 126, 1, -1, -0.7853981633974483, 1.4142135623730951
293, 14, 153, 137, 152, 138, 1, -1, -0.7853981633974483, 1.4142135623730951
293, 16, 265, 402, 263, 403, 2, -1, -0.4636476090008061, 2.23606797749979
293, 17, 69, 382, 68, 383, 1, -1, -0.7853981633974483, 1.4142135623730951
293, 18, 11, 402, 9, 403, 2, -1, -0.4636476090008061, 2.23606797749979
293, 19, 179, 116, 178, 117, 1, -1, -0.7853981633974483, 1.4142135623730951
293, 20, 171, 80, 169, 81, 2, -1, -0.4636476090008061, 2.23606797749979
293, 22, 104, 284, 103, 285, 1, -1, -0.7853981633974483, 1.4142135623730951
293, 23, 352, 363, 350, 364, 2, -1, -0.4636476090008061, 2.23606797749979
293, 26, 129, 95, 127, 95, 2, 0, 0.0, 2.0
293, 28, 26, 378, 25, 379, 1, -1, -0.7853981633974483, 1.4142135623730951
293, 31, 293, 390, 291, 391, 2, -1, -0.4636476090008061, 2.23606797749979
293, 32, 136, 73, 135, 74, 1, -1, -0.7853981633974483, 1.4142135623730951
293, 35, 315, 348, 313, 348, 2, 0, 0.0, 2.0
293, 36, 280, 361, 278, 361, 2, 0, 0.0, 2.0
293, 38, 132, 329, 131, 330, 1, -1, -0.7853981633974483, 1.4142135623730951
293, 39, 221, 319, 219, 319, 2, 0, 0.0, 2.0
293, 42, 16, 351, 15, 352, 1, -1, -0.7853981633974483, 1.4142135623730951
293, 45, 247, 335, 246, 337, 1, -2, -1.1071487177940904, 2.23606797749979
293, 46, 154, 380, 153, 379, 1, 1, 0.7853981633974483, 1.4142135623730951
293, 48, 153, 370, 150, 371, 3, -1, -0.3217505543966422, 3.1622776601683795
293, 49, 82, 189, 80, 189, 2, 0, 0.0, 2.0
293, 50, 251, 97, 249, 98, 2, -1, -0.4636476090008061, 2.23606797749979
293, 55, 94, 292, 92, 292, 2, 0, 0.0, 2.0
293, 57, 297, 129, 295, 129, 2, 0, 0.0, 2.0
293, 59, 234, 122, 233, 123, 1, -1, -0.7853981633974483, 1.4142135623730951
293, 61, 182, 166, 180, 166, 2, 0, 0.0, 2.0
293, 62, 166, 308, 163, 308, 3, 0, 0.0, 3.0
293, 63, 313, 356, 311, 356, 2, 0, 0.0, 2.0
293, 65, 51, 354, 50, 355, 1, -1, -0.7853981633974483, 1.4142135623730951
293, 67, 68, 311, 66, 311, 2, 0, 0.0, 2.0
293, 68, 66, 338, 64, 338, 2, 0, 0.0, 2.0
293, 69, 196, 391, 195, 390, 1, 1, 0.7853981633974483, 1.4142135623730951
293, 72, 143, 167, 142, 168, 1, -1, -0.7853981633974483, 1.4142135623730951
293, 73, 262, 129, 260, 130, 2, -1, -0.4636476090008061, 2.23606797749979
293, 74, 157, 337, 155, 336, 2, 1, 0.4636476090008061, 2.23606797749979
293, 75, 263, 394, 261, 395, 2, -1, -0.4636476090008061, 2.23606797749979
293, 77, 221, 347, 219, 349, 2, -2, -0.7853981633974483, 2.8284271247461903
293, 78, 163, 336, 160, 336, 3, 0, 0.0, 3.0
293, 79, 38, 140, 36, 141, 2, -1, -0.4636476090008061, 2.23606797749979
293, 80, 53, 287, 51, 287, 2, 0, 0.0, 2.0
294, 0, 267, 71, 264, 72, 3, -1, -0.3217505543966422, 3.1622776601683795
294, 1, 217, 70, 215, 71, 2, -1, -0.4636476090008061, 2.23606797749979
294, 2, 129, 302, 127, 302, 2, 0, 0.0, 2.0
294, 5, 146, 136, 145, 137, 1, -1, -0.7853981633974483, 1.4142135623730951
294, 6, 102, 169, 101, 170, 1, -1, -0.7853981633974483, 1.4142135623730951
294, 7, 172, 106, 171, 107, 1, -1, -0.7853981633974483, 1.4142135623730951
294, 8, 41, 322, 40, 323, 1, -1, -0.7853981633974483, 1.4142135623730951
294, 9, 134, 118, 133, 119, 1, -1, -0.7853981633974483, 1.4142135623730951
294, 11, 105, 290, 103, 290, 2, 0, 0.0, 2.0
294, 13, 42, 316, 41, 317, 1, -1, -0.7853981633974483, 1.4142135623730951
294, 14, 155, 136, 153, 137, 2, -1, -0.4636476090008061, 2.23606797749979
294, 15, 212, 142, 211, 143, 1, -1, -0.7853981633974483, 1.4142135623730951
294, 16, 267, 402, 265, 402, 2, 0, 0.0, 2.0
294, 17, 71, 383, 69, 382, 2, 1, 0.4636476090008061, 2.23606797749979
294, 18, 13, 401, 11, 402, 2, -1, -0.4636476090008061, 2.23606797749979
294, 19, 181, 115, 179, 116, 2, -1, -0.4636476090008061, 2.23606797749979
294, 20, 173, 79, 171, 80, 2, -1, -0.4636476090008061, 2.23606797749979
294, 22, 105, 285, 104, 284, 1, 1, 0.7853981633974483, 1.4142135623730951
294, 23, 354, 363, 352, 363, 2, 0, 0.0, 2.0
294, 31, 295, 390, 293, 390, 2, 0, 0.0, 2.0
294, 34, 43, 287, 41, 287, 2, 0, 0.0, 2.0
294, 36, 282, 362, 280, 361, 2, 1, 0.4636476090008061, 2.23606797749979
294, 37, 133, 328, 132, 329, 1, -1, -0.7853981633974483, 1.4142135623730951
294, 39, 67, 106, 66, 107, 1, -1, -0.7853981633974483, 1.4142135623730951
294, 41, 17, 350, 16, 351, 1, -1, -0.7853981633974483, 1.4142135623730951
294, 42, 195, 399, 193, 399, 2, 0, 0.0, 2.0
294, 44, 252, 335, 247, 335, 5, 0, 0.0, 5.0
294, 45, 155, 379, 154, 380, 1, -1, -0.7853981633974483, 1.4142135623730951
294, 46, 156, 370, 153, 370, 3, 0, 0.0, 3.0
294, 47, 84, 189, 82, 189, 2, 0, 0.0, 2.0
294, 48, 252, 96, 251, 97, 1, -1, -0.7853981633974483, 1.4142135623730951
294, 53, 96, 292, 94, 292, 2, 0, 0.0, 2.0
294, 55, 299, 128, 297, 129, 2, -1, -0.4636476090008061, 2.23606797749979
294, 56, 114, 313, 113, 312, 1, 1, 0.7853981633974483, 1.4142135623730951
294, 58, 128, 147, 127, 148, 1, -1, -0.7853981633974483, 1.4142135623730951
294, 59, 183, 165, 182, 166, 1, -1, -0.7853981633974483, 1.4142135623730951
294, 60, 168, 309, 166, 308, 2, 1, 0.4636476090008061, 2.23606797749979
294, 64, 223, 385, 221, 386, 2, -1, -0.4636476090008061, 2.23606797749979
294, 65, 70, 312, 68, 311, 2, 1, 0.4636476090008061, 2.23606797749979
294, 66, 67, 337, 66, 338, 1, -1, -0.7853981633974483, 1.4142135623730951
294, 67, 198, 391, 196, 391, 2, 0, 0.0, 2.0
294, 68, 63, 305, 61, 305, 2, 0, 0.0, 2.0
294, 69, 99, 102, 98, 103, 1, -1, -0.7853981633974483, 1.4142135623730951
294, 70, 144, 166, 143, 167, 1, -1, -0.7853981633974483, 1.4142135623730951
294, 73, 266, 394, 263, 394, 3, 0, 0.0, 3.0
294, 74, 99, 341, 98, 342, 1, -1, -0.7853981633974483, 1.4142135623730951
294, 75, 226, 346, 221, 347, 5, -1, -0.19739555984988075, 5.0990195135927845
294, 76, 165, 336, 163, 336, 2, 0, 0.0, 2.0
294, 77, 40, 139, 38, 140, 2, -1, -0.4636476090008061, 2.23606797749979
294, 78, 54, 288, 53, 287, 1, 1, 0.7853981633974483, 1.4142135623730951
295, 0, 215, 72, 213, 73, 2, -1, -0.4636476090008061, 2.23606797749979
295, 1, 63, 127, 61, 127, 2, 0, 0.0, 2.0
295, 2, 264, 73, 262, 74, 2, -1, -0.4636476090008061, 2.23606797749979
295, 3, 130, 303, 128, 303, 2, 0, 0.0, 2.0
295, 5, 212, 145, 211, 146, 1, -1, -0.7853981633974483, 1.4142135623730951
295, 7, 146, 139, 145, 140, 1, -1, -0.7853981633974483, 1.4142135623730951
295, 8, 134, 120, 133, 121, 1, -1, -0.7853981633974483, 1.4142135623730951
295, 9, 174, 110, 173, 111, 1, -1, -0.7853981633974483, 1.4142135623730951
295, 11, 102, 171, 101, 172, 1, -1, -0.7853981633974483, 1.4142135623730951
295, 12, 141, 76, 140, 77, 1, -1, -0.7853981633974483, 1.4142135623730951
295, 13, 156, 138, 155, 139, 1, -1, -0.7853981633974483, 1.4142135623730951
295, 14, 12, 406, 10, 406, 2, 0, 0.0, 2.0
295, 15, 265, 406, 263, 407, 2, -1, -0.4636476090008061, 2.23606797749979
295, 16, 172, 80, 170, 81, 2, -1, -0.4636476090008061, 2.23606797749979
295, 17, 293, 391, 291, 392, 2, -1, -0.4636476090008061, 2.23606797749979
295, 18, 355, 366, 353, 367, 2, -1, -0.4636476090008061, 2.23606797749979
295, 20, 13, 174, 12, 175, 1, -1, -0.7853981633974483, 1.4142135623730951
295, 22, 104, 286, 103, 287, 1, -1, -0.7853981633974483, 1.4142135623730951
295, 23, 42, 320, 40, 320, 2, 0, 0.0, 2.0
295, 26, 94, 292, 92, 293, 2, -1, -0.4636476090008061, 2.23606797749979
295, 27, 69, 386, 67, 386, 2, 0, 0.0, 2.0
295, 31, 226, 348, 222, 348, 4, 0, 0.0, 4.0
295, 32, 249, 339, 247, 338, 2, 1, 0.4636476090008061, 2.23606797749979
295, 33, 262, 398, 259, 398, 3, 0, 0.0, 3.0
295, 34, 27, 175, 25, 175, 2, 0, 0.0, 2.0
295, 35, 30, 379, 26, 381, 4, -2, -0.4636476090008061, 4.47213595499958
295, 38, 181, 110, 180, 111, 1, -1, -0.7853981633974483, 1.4142135623730951
295, 39, 225, 388, 223, 388, 2, 0, 0.0, 2.0
295, 40, 76, 187, 74, 188, 2, -1, -0.4636476090008061, 2.23606797749979
295, 42, 71, 154, 70, 155, 1, -1, -0.7853981633974483, 1.4142135623730951
295, 45, 184, 166, 182, 168, 2, -2, -0.7853981633974483, 2.8284271247461903
295, 46, 64, 312, 62, 312, 2, 0, 0.0, 2.0
295, 47, 36, 324, 34, 324, 2, 0, 0.0, 2.0
295, 48, 256, 369, 253, 369, 3, 0, 0.0, 3.0
295, 49, 11, 198, 8, 199, 3, -1, -0.3217505543966422, 3.1622776601683795
295, 52, 195, 122, 194, 123, 1, -1, -0.7853981633974483, 1.4142135623730951
295, 53, 262, 133, 260, 133, 2, 0, 0.0, 2.0
295, 54, 16, 351, 15, 352, 1, -1, -0.7853981633974483, 1.4142135623730951
295, 55, 55, 353, 53, 354, 2, -1, -0.4636476090008061, 2.23606797749979
295, 58, 168, 337, 165, 337, 3, 0, 0.0, 3.0
295, 59, 188, 337, 187, 338, 1, -1, -0.7853981633974483, 1.4142135623730951
295, 60, 110, 175, 109, 176, 1, -1, -0.7853981633974483, 1.4142135623730951
295, 63, 193, 401, 191, 402, 2, -1, -0.4636476090008061, 2.23606797749979
295, 64, 265, 365, 264, 364, 1, 1, 0.7853981633974483, 1.4142135623730951
295, 65, 199, 394, 197, 394, 2, 0, 0.0, 2.0
295, 67, 83, 190, 81, 191, 2, -1, -0.4636476090008061, 2.23606797749979
295, 68, 83, 304, 81, 303, 2, 1, 0.4636476090008061, 2.23606797749979
296, 0, 216, 71, 215, 72, 1, -1, -0.7853981633974483, 1.4142135623730951
296, 2, 266, 72, 264, 73, 2, -1, -0.4636476090008061, 2.23606797749979
296, 4, 45, 166, 44, 167, 1, -1, -0.7853981633974483, 1.4142135623730951
296, 5, 213, 144, 212, 145, 1, -1, -0.7853981633974483, 1.4142135623730951
296, 6, 95, 403, 94, 404, 1, -1, -0.7853981633974483, 1.4142135623730951
296, 7, 147, 138, 146, 139, 1, -1, -0.7853981633974483, 1.4142135623730951
296, 9, 175, 109, 174, 110, 1, -1, -0.7853981633974483, 1.4142135623730951
296, 11, 103, 170, 102, 171, 1, -1, -0.7853981633974483, 1.4142135623730951
296, 12, 142, 75, 141, 76, 1, -1, -0.7853981633974483, 1.4142135623730951
296, 13, 157, 137, 156, 138, 1, -1, -0.7853981633974483, 1.4142135623730951
296, 14, 13, 405, 12, 406, 1, -1, -0.7853981633974483, 1.4142135623730951
296, 15, 267, 405, 265, 406, 2, -1, -0.4636476090008061, 2.23606797749979
296, 16, 173, 79, 172, 80, 1, -1, -0.7853981633974483, 1.4142135623730951
296, 17, 295, 391, 293, 391, 2, 0, 0.0, 2.0
296, 18, 358, 365, 355, 366, 3, -1, -0.3217505543966422, 3.1622776601683795
296, 20, 14, 173, 13, 174, 1, -1, -0.7853981633974483, 1.4142135623730951
296, 22, 105, 285, 104, 286, 1, -1, -0.7853981633974483, 1.4142135623730951
296, 23, 44, 320, 42, 320, 2, 0, 0.0, 2.0
296, 30, 238, 124, 236, 125, 2, -1, -0.4636476090008061, 2.23606797749979
296, 31, 229, 348, 226, 348, 3, 0, 0.0, 3.0
296, 32, 252, 340, 249, 339, 3, 1, 0.3217505543966422, 3.1622776601683795
296, 33, 264, 397, 262, 398, 2, -1, -0.4636476090008061, 2.23606797749979
296, 34, 30, 175, 27, 175, 3, 0, 0.0, 3.0
296, 36, 276, 365, 274, 365, 2, 0, 0.0, 2.0
296, 38, 182, 109, 181, 110, 1, -1, -0.7853981633974483, 1.4142135623730951
296, 39, 227, 388, 225, 388, 2, 0, 0.0, 2.0
296, 40, 77, 186, 76, 187, 1, -1, -0.7853981633974483, 1.4142135623730951
296, 41, 183, 364, 182, 363, 1, 1, 0.7853981633974483, 1.4142135623730951
296, 42, 72, 153, 71, 154, 1, -1, -0.7853981633974483, 1.4142135623730951
296, 43, 219, 357, 218, 358, 1, -1, -0.7853981633974483, 1.4142135623730951
296, 44, 100, 104, 98, 105, 2, -1, -0.4636476090008061, 2.23606797749979
296, 45, 186, 164, 184, 166, 2, -2, -0.7853981633974483, 2.8284271247461903
296, 46, 66, 312, 64, 312, 2, 0, 0.0, 2.0
296, 47, 38, 324, 36, 324, 2, 0, 0.0, 2.0
296, 48, 259, 369, 256, 369, 3, 0, 0.0, 3.0
296, 49, 13, 198, 11, 198, 2, 0, 0.0, 2.0
296, 50, 98, 135, 97, 136, 1, -1, -0.7853981633974483, 1.4142135623730951
296, 51, 252, 99, 251, 100, 1, -1, -0.7853981633974483, 1.4142135623730951
296, 52, 196, 121, 195, 122, 1, -1, -0.7853981633974483, 1.4142135623730951
296, 53, 264, 132, 262, 133, 2, -1, -0.4636476090008061, 2.23606797749979
296, 54, 17, 350, 16, 351, 1, -1, -0.7853981633974483, 1.4142135623730951
296, 56, 92, 371, 90, 371, 2, 0, 0.0, 2.0
296, 58, 171, 337, 168, 337, 3, 0, 0.0, 3.0
296, 60, 111, 174, 110, 175, 1, -1, -0.7853981633974483, 1.4142135623730951
296, 61, 94, 361, 93, 362, 1, -1, -0.7853981633974483, 1.4142135623730951
296, 63, 195, 400, 193, 401, 2, -1, -0.4636476090008061, 2.23606797749979
296, 64, 267, 366, 265, 365, 2, 1, 0.4636476090008061, 2.23606797749979
296, 65, 201, 394, 199, 394, 2, 0, 0.0, 2.0
296, 66, 264, 125, 263, 126, 1, -1, -0.7853981633974483, 1.4142135623730951
296, 67, 85, 189, 83, 190, 2, -1, -0.4636476090008061, 2.23606797749979
296, 68, 84, 305, 83, 304, 1, 1, 0.7853981633974483, 1.4142135623730951
297, 0, 218, 70, 216, 71, 2, -1, -0.4636476090008061, 2.23606797749979
297, 1, 66, 126, 64, 127, 2, -1, -0.4636476090008061, 2.23606797749979
297, 2, 268, 71, 266, 72, 2, -1, -0.4636476090008061, 2.23606797749979
297, 5, 214, 143, 213, 144, 1, -1, -0.7853981633974483, 1.4142135623730951
297, 7, 148, 137, 147, 138, 1, -1, -0.7853981633974483, 1.4142135623730951
297, 8, 136, 119, 135, 120, 1, -1, -0.7853981633974483, 1.4142135623730951
297, 9, 176, 108, 175, 109, 1, -1, -0.7853981633974483, 1.4142135623730951
297, 10, 56, 406, 54, 406, 2, 0, 0.0, 2.0
297, 11, 104, 169, 103, 170, 1, -1, -0.7853981633974483, 1.4142135623730951
297, 13, 158, 136, 157, 137, 1, -1, -0.7853981633974483, 1.4142135623730951
297, 14, 14, 404, 13, 405, 1, -1, -0.7853981633974483, 1.4142135623730951
297, 15, 269, 405, 267, 405, 2, 0, 0.0, 2.0
297, 16, 175, 77, 173, 79, 2, -2, -0.7853981633974483, 2.8284271247461903
297, 18, 359, 364, 358, 365, 1, -1, -0.7853981633974483, 1.4142135623730951
297, 27, 72, 386, 70, 386, 2, 0, 0.0, 2.0
297, 30, 239, 123, 238, 124, 1, -1, -0.7853981633974483, 1.4142135623730951
297, 31, 232, 348, 229, 348, 3, 0, 0.0, 3.0
297, 32, 254, 341, 252, 340, 2, 1, 0.4636476090008061, 2.23606797749979
297, 33, 266, 396, 264, 397, 2, -1, -0.4636476090008061, 2.23606797749979
297, 34, 31, 174, 30, 175, 1, -1, -0.7853981633974483, 1.4142135623730951
297, 36, 278, 365, 276, 365, 2, 0, 0.0, 2.0
297, 38, 184, 109, 182, 109, 2, 0, 0.0, 2.0
297, 39, 229, 389, 227, 388, 2, 1, 0.4636476090008061, 2.23606797749979
297, 40, 78, 185, 77, 186, 1, -1, -0.7853981633974483, 1.4142135623730951
297, 44, 102, 103, 100, 104, 2, -1, -0.4636476090008061, 2.23606797749979
297, 45, 187, 163, 186, 164, 1, -1, -0.7853981633974483, 1.4142135623730951
297, 46, 67, 311, 66, 312, 1, -1, -0.7853981633974483, 1.4142135623730951
297, 48, 261, 369, 259, 369, 2, 0, 0.0, 2.0
297, 49, 15, 197, 13, 198, 2, -1, -0.4636476090008061, 2.23606797749979
297, 50, 99, 134, 98, 135, 1, -1, -0.7853981633974483, 1.4142135623730951
297, 51, 254, 98, 252, 99, 2, -1, -0.4636476090008061, 2.23606797749979
297, 53, 266, 132, 264, 132, 2, 0, 0.0, 2.0
297, 54, 19, 350, 17, 350, 2, 0, 0.0, 2.0
297, 58, 175, 338, 171, 337, 4, 1, 0.24497866312686414, 4.123105625617661
297, 59, 191, 337, 189, 337, 2, 0, 0.0, 2.0
297, 60, 112, 173, 111, 174, 1, -1, -0.7853981633974483, 1.4142135623730951
297, 63, 196, 399, 195, 400, 1, -1, -0.7853981633974483, 1.4142135623730951
297, 64, 270, 367, 267, 366, 3, 1, 0.3217505543966422, 3.1622776601683795
297, 65, 203, 394, 201, 394, 2, 0, 0.0, 2.0
297, 66, 266, 124, 264, 125, 2, -1, -0.4636476090008061, 2.23606797749979
297, 67, 86, 188, 85, 189, 1, -1, -0.7853981633974483, 1.4142135623730951
297, 68, 89, 305, 84, 305, 5, 0, 0.0, 5.0
298, 0, 220, 69, 218, 70, 2, -1, -0.4636476090008061, 2.23606797749979
298, 2, 270, 70, 268, 71, 2, -1, -0.4636476090008061, 2.23606797749979
298, 4, 47, 165, 46, 166, 1, -1, -0.7853981633974483, 1.4142135623730951
298, 5, 216, 142, 214, 143, 2, -1, -0.4636476090008061, 2.23606797749979
298, 7, 149, 136, 148, 137, 1, -1, -0.7853981633974483, 1.4142135623730951
298, 8, 137, 118, 136, 119, 1, -1, -0.7853981633974483, 1.4142135623730951
298, 9, 177, 107, 176, 108, 1, -1, -0.7853981633974483, 1.4142135623730951
298, 10, 57, 405, 56, 406, 1, -1, -0.7853981633974483, 1.4142135623730951
298, 11, 105, 168, 104, 169, 1, -1, -0.7853981633974483, 1.4142135623730951
298, 12, 144, 74, 143, 75, 1, -1, -0.7853981633974483, 1.4142135623730951
298, 13, 159, 135, 158, 136, 1, -1, -0.7853981633974483, 1.4142135623730951
298, 14, 16, 404, 14, 404, 2, 0, 0.0, 2.0
298, 15, 271, 405, 269, 405, 2, 0, 0.0, 2.0
298, 16, 177, 76, 175, 77, 2, -1, -0.4636476090008061, 2.23606797749979
298, 17, 299, 391, 296, 391, 3, 0, 0.0, 3.0
298, 18, 362, 364, 359, 364, 3, 0, 0.0, 3.0
298, 20, 16, 172, 15, 173, 1, -1, -0.7853981633974483, 1.4142135623730951
298, 22, 108, 286, 106, 285, 2, 1, 0.4636476090008061, 2.23606797749979
298, 25, 46, 288, 45, 289, 1, -1, -0.7853981633974483, 1.4142135623730951
298, 26, 98, 292, 96, 292, 2, 0, 0.0, 2.0
298, 27, 73, 385, 72, 386, 1, -1, -0.7853981633974483, 1.4142135623730951
298, 30, 240, 122, 239, 123, 1, -1, -0.7853981633974483, 1.4142135623730951
298, 32, 256, 341, 254, 341, 2, 0, 0.0, 2.0
298, 33, 269, 395, 266, 396, 3, -1, -0.3217505543966422, 3.1622776601683795
298, 34, 32, 173, 31, 174, 1, -1, -0.7853981633974483, 1.4142135623730951
298, 36, 280, 365, 278, 365, 2, 0, 0.0, 2.0
298, 39, 80, 184, 78, 185, 2, -1, -0.4636476090008061, 2.23606797749979
298, 43, 104, 103, 102, 103, 2, 0, 0.0, 2.0
298, 44, 189, 162, 187, 163, 2, -1, -0.4636476090008061, 2.23606797749979
298, 48, 17, 197, 15, 197, 2, 0, 0.0, 2.0
298, 49, 100, 133, 99, 134, 1, -1, -0.7853981633974483, 1.4142135623730951
298, 50, 256, 97, 254, 98, 2, -1, -0.4636476090008061, 2.23606797749979
298, 51, 198, 120, 197, 121, 1, -1, -0.7853981633974483, 1.4142135623730951
298, 52, 268, 131, 266, 132, 2, -1, -0.4636476090008061, 2.23606797749979
298, 57, 177, 339, 175, 338, 2, 1, 0.4636476090008061, 2.23606797749979
298, 62, 198, 398, 196, 399, 2, -1, -0.4636476090008061, 2.23606797749979
298, 64, 205, 394, 203, 394, 2, 0, 0.0, 2.0
298, 65, 267, 123, 266, 124, 1, -1, -0.7853981633974483, 1.4142135623730951
299, 0, 222, 69, 220, 69, 2, 0, 0.0, 2.0
299, 1, 68, 125, 67, 126, 1, -1, -0.7853981633974483, 1.4142135623730951
299, 2, 272, 70, 270, 70, 2, 0, 0.0, 2.0
299, 4, 48, 164, 47, 165, 1, -1, -0.7853981633974483, 1.4142135623730951
299, 5, 217, 141, 216, 142, 1, -1, -0.7853981633974483, 1.4142135623730951
299, 6, 101, 402, 97, 403, 4, -1, -0.24497866312686414, 4.123105625617661
299, 8, 138, 117, 137, 118, 1, -1, -0.7853981633974483, 1.4142135623730951
299, 9, 178, 106, 177, 107, 1, -1, -0.7853981633974483, 1.4142135623730951
299, 10, 59, 404, 57, 405, 2, -1, -0.4636476090008061, 2.23606797749979
299, 11, 107, 166, 105, 168, 2, -2, -0.7853981633974483, 2.8284271247461903
299, 13, 160, 134, 159, 135, 1, -1, -0.7853981633974483, 1.4142135623730951
299, 14, 18, 404, 16, 404, 2, 0, 0.0, 2.0
299, 15, 273, 404, 271, 405, 2, -1, -0.4636476090008061, 2.23606797749979
299, 16, 179, 75, 177, 76, 2, -1, -0.4636476090008061, 2.23606797749979
299, 18, 364, 363, 362, 364, 2, -1, -0.4636476090008061, 2.23606797749979
299, 19, 69, 104, 68, 105, 1, -1, -0.7853981633974483, 1.4142135623730951
299, 20, 18, 171, 16, 172, 2, -1, -0.4636476090008061, 2.23606797749979
299, 21, 151, 173, 150, 174, 1, -1, -0.7853981633974483, 1.4142135623730951
299, 25, 50, 288, 46, 288, 4, 0, 0.0, 4.0
299, 27, 74, 384, 73, 385, 1, -1, -0.7853981633974483, 1.4142135623730951
299, 30, 242, 122, 240, 122, 2, 0, 0.0, 2.0
299, 31, 233, 350, 232, 348, 1, 2, 1.1071487177940904, 2.23606797749979
299, 32, 257, 342, 256, 341, 1, 1, 0.7853981633974483, 1.4142135623730951
299, 33, 272, 395, 269, 395, 3, 0, 0.0, 3.0
299, 34, 33, 172, 32, 173, 1, -1, -0.7853981633974483, 1.4142135623730951
299, 35, 35, 379, 33, 379, 2, 0, 0.0, 2.0
299, 36, 281, 366, 280, 365, 1, 1, 0.7853981633974483, 1.4142135623730951
299, 38, 186, 108, 185, 109, 1, -1, -0.7853981633974483, 1.4142135623730951
299, 39, 81, 183, 80, 184, 1, -1, -0.7853981633974483, 1.4142135623730951
299, 41, 74, 150, 72, 151, 2, -1, -0.4636476090008061, 2.23606797749979
299, 43, 106, 103, 104, 103, 2, 0, 0.0, 2.0
299, 44, 191, 160, 189, 162, 2, -2, -0.7853981633974483, 2.8284271247461903
299, 45, 70, 311, 68, 311, 2, 0, 0.0, 2.0
299, 48, 20, 197, 17, 197, 3, 0, 0.0, 3.0
299, 49, 101, 132, 100, 133, 1, -1, -0.7853981633974483, 1.4142135623730951
299, 50, 257, 96, 256, 97, 1, -1, -0.7853981633974483, 1.4142135623730951
299, 52, 270, 131, 268, 131, 2, 0, 0.0, 2.0
299, 53, 21, 349, 20, 350, 1, -1, -0.7853981633974483, 1.4142135623730951
299, 55, 96, 371, 94, 371, 2, 0, 0.0, 2.0
299, 56, 131, 354, 129, 354, 2, 0, 0.0, 2.0
299, 58, 194, 336, 192, 337, 2, -1, -0.4636476090008061, 2.23606797749979
299, 59, 115, 173, 113, 173, 2, 0, 0.0, 2.0
299, 62, 199, 397, 198, 398, 1, -1, -0.7853981633974483, 1.4142135623730951
299, 64, 207, 394, 205, 394, 2, 0, 0.0, 2.0
299, 65, 270, 122, 267, 123, 3, -1, -0.3217505543966422, 3.1622776601683795
299, 66, 88, 187, 87, 188, 1, -1, -0.7853981633974483, 1.4142135623730951
300, 2, 58, 405, 57, 406, 1, -1, -0.7853981633974483, 1.4142135623730951
300, 3, 176, 109, 175, 110, 1, -1, -0.7853981633974483, 1.4142135623730951
300, 4, 150, 138, 149, 139, 1, -1, -0.7853981633974483, 1.4142135623730951
300, 5, 100, 403, 99, 404, 1, -1, -0.7853981633974483, 1.4142135623730951
300, 7, 138, 119, 137, 120, 1, -1, -0.7853981633974483, 1.4142135623730951
300, 9, 57, 166, 56, 167, 1, -1, -0.7853981633974483, 1.4142135623730951
300, 11, 134, 304, 132, 304, 2, 0, 0.0, 2.0
300, 12, 269, 401, 267, 401, 2, 0, 0.0, 2.0
300, 13, 13, 196, 11, 196, 2, 0, 0.0, 2.0
300, 14, 186, 110, 185, 111, 1, -1, -0.7853981633974483, 1.4142135623730951
300, 15, 17, 405, 16, 406, 1, -1, -0.7853981633974483, 1.4142135623730951
300, 16, 67, 127, 66, 128, 1, -1, -0.7853981633974483, 1.4142135623730951
300, 17, 221, 72, 219, 72, 2, 0, 0.0, 2.0
300, 20, 300, 391, 298, 392, 2, -1, -0.4636476090008061, 2.23606797749979
300, 25, 50, 290, 48, 290, 2, 0, 0.0, 2.0
300, 26, 7, 101, 5, 102, 2, -1, -0.4636476090008061, 2.23606797749979
300, 28, 18, 174, 17, 175, 1, -1, -0.7853981633974483, 1.4142135623730951
300, 30, 177, 79, 175, 79, 2, 0, 0.0, 2.0
300, 35, 324, 356, 322, 357, 2, -1, -0.4636476090008061, 2.23606797749979
300, 36, 74, 312, 72, 312, 2, 0, 0.0, 2.0
300, 38, 180, 118, 178, 119, 2, -1, -0.4636476090008061, 2.23606797749979
300, 40, 73, 384, 72, 385, 1, -1, -0.7853981633974483, 1.4142135623730951
300, 41, 198, 398, 197, 399, 1, -1, -0.7853981633974483, 1.4142135623730951
300, 42, 99, 362, 98, 363, 1, -1, -0.7853981633974483, 1.4142135623730951
300, 45, 283, 369, 281, 369, 2, 0, 0.0, 2.0
300, 47, 147, 126, 145, 126, 2, 0, 0.0, 2.0
300, 48, 103, 86, 101, 85, 2, 1, 0.4636476090008061, 2.23606797749979
300, 49, 104, 105, 102, 105, 2, 0, 0.0, 2.0
300, 50, 102, 135, 101, 136, 1, -1, -0.7853981633974483, 1.4142135623730951
300, 51, 79, 185, 77, 186, 2, -1, -0.4636476090008061, 2.23606797749979
300, 53, 109, 287, 108, 288, 1, -1, -0.7853981633974483, 1.4142135623730951
300, 54, 70, 111, 68, 113, 2, -2, -0.7853981633974483, 2.8284271247461903
300, 56, 51, 321, 50, 320, 1, 1, 0.7853981633974483, 1.4142135623730951
300, 57, 198, 122, 197, 123, 1, -1, -0.7853981633974483, 1.4142135623730951
300, 59, 95, 163, 91, 163, 4, 0, 0.0, 4.0
300, 60, 100, 291, 98, 291, 2, 0, 0.0, 2.0
300, 61, 22, 353, 20, 353, 2, 0, 0.0, 2.0
300, 62, 190, 164, 189, 165, 1, -1, -0.7853981633974483, 1.4142135623730951
300, 64, 43, 171, 42, 172, 1, -1, -0.7853981633974483, 1.4142135623730951
300, 65, 155, 146, 154, 147, 1, -1, -0.7853981633974483, 1.4142135623730951
300, 66, 268, 131, 267, 132, 1, -1, -0.7853981633974483, 1.4142135623730951
300, 67, 150, 78, 149, 79, 1, -1, -0.7853981633974483, 1.4142135623730951
300, 73, 44, 141, 43, 142, 1, -1, -0.7853981633974483, 1.4142135623730951
300, 74, 88, 187, 87, 188, 1, -1, -0.7853981633974483, 1.4142135623730951
300, 76, 131, 356, 130, 355, 1, 1, 0.7853981633974483, 1.4142135623730951
300, 77, 75, 153, 74, 154, 1, -1, -0.7853981633974483, 1.4142135623730951
300, 82, 232, 129, 231, 130, 1, -1, -0.7853981633974483, 1.4142135623730951
300, 84, 276, 366, 275, 365, 1, 1, 0.7853981633974483, 1.4142135623730951
300, 85, 248, 140, 247, 142, 1, -2, -1.1071487177940904, 2.23606797749979
300, 88, 149, 167, 148, 168, 1, -1, -0.7853981633974483, 1.4142135623730951
300, 89, 250, 149, 249, 150, 1, -1, -0.7853981633974483, 1.4142135623730951
300, 90, 150, 298, 145, 298, 5, 0, 0.0, 5.0
300, 91, 268, 81, 266, 82, 2, -1, -0.4636476090008061, 2.23606797749979
300, 92, 308, 127, 305, 127, 3, 0, 0.0, 3.0
300, 94, 262, 372, 261, 371, 1, 1, 0.7853981633974483, 1.4142135623730951
300, 96, 43, 125, 41, 126, 2, -1, -0.4636476090008061, 2.23606797749979
300, 97, 15, 308, 13, 307, 2, 1, 0.4636476090008061, 2.23606797749979
300, 99, 257, 98, 256, 99, 1, -1, -0.7853981633974483, 1.4142135623730951
300, 100, 186, 149, 184, 150, 2, -1, -0.4636476090008061, 2.23606797749979
300, 101, 23, 114, 22, 115, 1, -1, -0.7853981633974483, 1.4142135623730951
300, 102, 23, 153, 22, 154, 1, -1, -0.7853981633974483, 1.4142135623730951
300, 104, 193, 90, 191, 92, 2, -2, -0.7853981633974483, 2.8284271247461903
300, 105, 102, 74, 101, 75, 1, -1, -0.7853981633974483, 1.4142135623730951
301, 0, 48, 165, 47, 166, 1, -1, -0.7853981633974483, 1.4142135623730951
301, 1, 162, 138, 161, 139, 1, -1, -0.7853981633974483, 1.4142135623730951
301, 3, 178, 107, 176, 109, 2, -2, -0.7853981633974483, 2.8284271247461903
301, 4, 151, 136, 150, 138, 1, -2, -1.1071487177940904, 2.23606797749979
301, 6, 106, 169, 105, 170, 1, -1, -0.7853981633974483, 1.4142135623730951
301, 7, 140, 118, 138, 119, 2, -1, -0.4636476090008061, 2.23606797749979
301, 8, 271, 71, 269, 72, 2, -1, -0.4636476090008061, 2.23606797749979
301, 9, 59, 165, 57, 166, 2, -1, -0.4636476090008061, 2.23606797749979
301, 10, 363, 366, 360, 367, 3, -1, -0.3217505543966422, 3.1622776601683795
301, 12, 271, 400, 269, 401, 2, -1, -0.4636476090008061, 2.23606797749979
301, 13, 14, 195, 13, 196, 1, -1, -0.7853981633974483, 1.4142135623730951
301, 16, 69, 126, 67, 127, 2, -1, -0.4636476090008061, 2.23606797749979
301, 18, 258, 110, 255, 110, 3, 0, 0.0, 3.0
301, 20, 302, 391, 300, 391, 2, 0, 0.0, 2.0
301, 21, 216, 142, 215, 144, 1, -2, -1.1071487177940904, 2.23606797749979
301, 22, 48, 324, 46, 325, 2, -1, -0.4636476090008061, 2.23606797749979
301, 24, 71, 303, 70, 304, 1, -1, -0.7853981633974483, 1.4142135623730951
301, 25, 52, 290, 50, 290, 2, 0, 0.0, 2.0
301, 26, 8, 100, 7, 101, 1, -1, -0.7853981633974483, 1.4142135623730951
301, 27, 134, 152, 133, 151, 1, 1, 0.7853981633974483, 1.4142135623730951
301, 28, 19, 173, 18, 174, 1, -1, -0.7853981633974483, 1.4142135623730951
301, 29, 36, 381, 34, 382, 2, -1, -0.4636476090008061, 2.23606797749979
301, 30, 178, 78, 177, 79, 1, -1, -0.7853981633974483, 1.4142135623730951
301, 31, 99, 370, 97, 370, 2, 0, 0.0, 2.0
301, 35, 326, 355, 324, 356, 2, -1, -0.4636476090008061, 2.23606797749979
301, 37, 72, 108, 71, 106, 1, 2, 1.1071487177940904, 2.23606797749979
301, 38, 182, 117, 180, 118, 2, -1, -0.4636476090008061, 2.23606797749979
301, 42, 101, 362, 99, 362, 2, 0, 0.0, 2.0
301, 45, 285, 369, 283, 369, 2, 0, 0.0, 2.0
301, 48, 105, 86, 103, 86, 2, 0, 0.0, 2.0
301, 50, 103, 134, 102, 135, 1, -1, -0.7853981633974483, 1.4142135623730951
301, 51, 80, 184, 79, 185, 1, -1, -0.7853981633974483, 1.4142135623730951
301, 54, 72, 110, 70, 111, 2, -1, -0.4636476090008061, 2.23606797749979
301, 55, 152, 178, 150, 179, 2, -1, -0.4636476090008061, 2.23606797749979
301, 56, 52, 320, 51, 321, 1, -1, -0.7853981633974483, 1.4142135623730951
301, 57, 202, 120, 198, 122, 4, -2, -0.4636476090008061, 4.47213595499958
301, 59, 98, 162, 95, 163, 3, -1, -0.3217505543966422, 3.1622776601683795
301, 61, 23, 352, 22, 353, 1, -1, -0.7853981633974483, 1.4142135623730951
301, 62, 191, 163, 190, 164, 1, -1, -0.7853981633974483, 1.4142135623730951
301, 63, 111, 136, 110, 137, 1, -1, -0.7853981633974483, 1.4142135623730951
301, 65, 157, 145, 155, 146, 2, -1, -0.4636476090008061, 2.23606797749979
301, 67, 151, 77, 150, 78, 1, -1, -0.7853981633974483, 1.4142135623730951
301, 68, 22, 81, 21, 82, 1, -1, -0.7853981633974483, 1.4142135623730951
301, 71, 36, 323, 34, 324, 2, -1, -0.4636476090008061, 2.23606797749979
301, 74, 90, 186, 88, 187, 2, -1, -0.4636476090008061, 2.23606797749979
301, 75, 83, 131, 82, 132, 1, -1, -0.7853981633974483, 1.4142135623730951
301, 79, 6, 132, 5, 133, 1, -1, -0.7853981633974483, 1.4142135623730951
301, 81, 315, 353, 313, 353, 2, 0, 0.0, 2.0
301, 83, 159, 396, 158, 395, 1, 1, 0.7853981633974483, 1.4142135623730951
301, 84, 278, 366, 276, 366, 2, 0, 0.0, 2.0
301, 85, 249, 139, 248, 140, 1, -1, -0.7853981633974483, 1.4142135623730951
301, 86, 121, 382, 119, 382, 2, 0, 0.0, 2.0
301, 87, 107, 396, 105, 397, 2, -1, -0.4636476090008061, 2.23606797749979
301, 88, 151, 166, 149, 167, 2, -1, -0.4636476090008061, 2.23606797749979
301, 90, 154, 299, 150, 298, 4, 1, 0.24497866312686414, 4.123105625617661
301, 91, 270, 81, 268, 81, 2, 0, 0.0, 2.0
301, 92, 311, 127, 308, 127, 3, 0, 0.0, 3.0
301, 95, 7, 71, 6, 72, 1, -1, -0.7853981633974483, 1.4142135623730951
301, 96, 45, 124, 43, 125, 2, -1, -0.4636476090008061, 2.23606797749979
301, 98, 215, 357, 213, 357, 2, 0, 0.0, 2.0
301, 99, 261, 97, 257, 98, 4, -1, -0.24497866312686414, 4.123105625617661
301, 100, 188, 148, 186, 149, 2, -1, -0.4636476090008061, 2.23606797749979
301, 101, 24, 113, 23, 114, 1, -1, -0.7853981633974483, 1.4142135623730951
301, 102, 24, 152, 23, 153, 1, -1, -0.7853981633974483, 1.4142135623730951
301, 104, 104, 73, 102, 74, 2, -1, -0.4636476090008061, 2.23606797749979
302, 0, 49, 164, 48, 165, 1, -1, -0.7853981633974483, 1.4142135623730951
302, 1, 163, 137, 162, 138, 1, -1, -0.7853981633974483, 1.4142135623730951
302, 3, 180, 106, 178, 107, 2, -1, -0.4636476090008061, 2.23606797749979
302, 4, 152, 135, 151, 136, 1, -1, -0.7853981633974483, 1.4142135623730951
302, 5, 103, 402, 101, 403, 2, -1, -0.4636476090008061, 2.23606797749979
302, 6, 108, 168, 106, 169, 2, -1, -0.4636476090008061, 2.23606797749979
302, 7, 141, 117, 140, 118, 1, -1, -0.7853981633974483, 1.4142135623730951
302, 10, 364, 365, 363, 366, 1, -1, -0.7853981633974483, 1.4142135623730951
302, 11, 136, 303, 135, 304, 1, -1, -0.7853981633974483, 1.4142135623730951
302, 12, 273, 400, 271, 400, 2, 0, 0.0, 2.0
302, 13, 15, 194, 14, 195, 1, -1, -0.7853981633974483, 1.4142135623730951
302, 14, 188, 109, 187, 110, 1, -1, -0.7853981633974483, 1.4142135623730951
302, 17, 223, 71, 222, 72, 1, -1, -0.7853981633974483, 1.4142135623730951
302, 18, 260, 109, 258, 110, 2, -1, -0.4636476090008061, 2.23606797749979
302, 21, 217, 141, 216, 142, 1, -1, -0.7853981633974483, 1.4142135623730951
302, 22, 50, 323, 48, 324, 2, -1, -0.4636476090008061, 2.23606797749979
302, 24, 73, 303, 71, 303, 2, 0, 0.0, 2.0
302, 25, 54, 290, 52, 290, 2, 0, 0.0, 2.0
302, 26, 9, 99, 8, 100, 1, -1, -0.7853981633974483, 1.4142135623730951
302, 28, 20, 172, 19, 173, 1, -1, -0.7853981633974483, 1.4142135623730951
302, 30, 180, 77, 178, 78, 2, -1, -0.4636476090008061, 2.23606797749979
302, 35, 328, 354, 326, 355, 2, -1, -0.4636476090008061, 2.23606797749979
302, 36, 77, 312, 75, 312, 2, 0, 0.0, 2.0
302, 38, 183, 116, 182, 117, 1, -1, -0.7853981633974483, 1.4142135623730951
302, 40, 75, 383, 74, 384, 1, -1, -0.7853981633974483, 1.4142135623730951
302, 41, 201, 398, 199, 398, 2, 0, 0.0, 2.0
302, 43, 294, 132, 296, 132, -2, 0, 3.141592653589793, 2.0
302, 45, 287, 369, 285, 369, 2, 0, 0.0, 2.0
302, 47, 149, 125, 148, 126, 1, -1, -0.7853981633974483, 1.4142135623730951
302, 48, 109, 86, 105, 86, 4, 0, 0.0, 4.0
302, 49, 106, 104, 105, 105, 1, -1, -0.7853981633974483, 1.4142135623730951
302, 50, 104, 133, 103, 134, 1, -1, -0.7853981633974483, 1.4142135623730951
302, 52, 242, 342, 240, 341, 2, 1, 0.4636476090008061, 2.23606797749979
302, 53, 112, 287, 110, 287, 2, 0, 0.0, 2.0
302, 54, 73, 109, 72, 110, 1, -1, -0.7853981633974483, 1.4142135623730951
302, 55, 156, 177, 152, 178, 4, -1, -0.24497866312686414, 4.123105625617661
302, 57, 203, 119, 202, 120, 1, -1, -0.7853981633974483, 1.4142135623730951
302, 58, 159, 341, 157, 340, 2, 1, 0.4636476090008061, 2.23606797749979
302, 59, 99, 161, 98, 162, 1, -1, -0.7853981633974483, 1.4142135623730951
302, 60, 103, 290, 101, 291, 2, -1, -0.4636476090008061, 2.23606797749979
302, 62, 192, 162, 191, 163, 1, -1, -0.7853981633974483, 1.4142135623730951
302, 66, 271, 131, 269, 131, 2, 0, 0.0, 2.0
302, 67, 152, 76, 151, 77, 1, -1, -0.7853981633974483, 1.4142135623730951
302, 68, 23, 80, 22, 81, 1, -1, -0.7853981633974483, 1.4142135623730951
302, 71, 38, 322, 36, 323, 2, -1, -0.4636476090008061, 2.23606797749979
302, 73, 47, 140, 45, 141, 2, -1, -0.4636476090008061, 2.23606797749979
302, 74, 92, 185, 90, 186, 2, -1, -0.4636476090008061, 2.23606797749979
302, 75, 84, 130, 83, 131, 1, -1, -0.7853981633974483, 1.4142135623730951
302, 76, 134, 356, 132, 356, 2, 0, 0.0, 2.0
302, 78, 224, 358, 222, 359, 2, -1, -0.4636476090008061, 2.23606797749979
302, 79, 7, 131, 6, 132, 1, -1, -0.7853981633974483, 1.4142135623730951
302, 82, 235, 129, 233, 129, 2, 0, 0.0, 2.0
302, 84, 280, 366, 278, 366, 2, 0, 0.0, 2.0
302, 85, 250, 138, 249, 139, 1, -1, -0.7853981633974483, 1.4142135623730951
302, 87, 109, 396, 107, 396, 2, 0, 0.0, 2.0
302, 88, 153, 166, 151, 166, 2, 0, 0.0, 2.0
302, 90, 157, 300, 154, 299, 3, 1, 0.3217505543966422, 3.1622776601683795
302, 91, 272, 81, 270, 81, 2, 0, 0.0, 2.0
302, 92, 313, 127, 311, 127, 2, 0, 0.0, 2.0
302, 96, 46, 123, 45, 124, 1, -1, -0.7853981633974483, 1.4142135623730951
302, 97, 18, 308, 16, 308, 2, 0, 0.0, 2.0
302, 98, 219, 357, 215, 357, 4, 0, 0.0, 4.0
302, 99, 263, 96, 261, 97, 2, -1, -0.4636476090008061, 2.23606797749979
302, 100, 189, 147, 188, 148, 1, -1, -0.7853981633974483, 1.4142135623730951
302, 102, 25, 151, 24, 152, 1, -1, -0.7853981633974483, 1.4142135623730951
302, 104, 106, 73, 104, 73, 2, 0, 0.0, 2.0
303, 0, 50, 163, 49, 164, 1, -1, -0.7853981633974483, 1.4142135623730951
303, 3, 181, 104, 180, 106, 1, -2, -1.1071487177940904, 2.23606797749979
303, 4, 153, 134, 152, 135, 1, -1, -0.7853981633974483, 1.4142135623730951
303, 5, 104, 401, 103, 402, 1, -1, -0.7853981633974483, 1.4142135623730951
303, 6, 109, 167, 108, 168, 1, -1, -0.7853981633974483, 1.4142135623730951
303, 7, 142, 116, 141, 117, 1, -1, -0.7853981633974483, 1.4142135623730951
303, 9, 61, 164, 60, 165, 1, -1, -0.7853981633974483, 1.4142135623730951
303, 10, 366, 365, 364, 365, 2, 0, 0.0, 2.0
303, 12, 274, 399, 273, 400, 1, -1, -0.7853981633974483, 1.4142135623730951
303, 15, 21, 405, 19, 405, 2, 0, 0.0, 2.0
303, 17, 224, 70, 223, 71, 1, -1, -0.7853981633974483, 1.4142135623730951
303, 18, 262, 108, 260, 109, 2, -1, -0.4636476090008061, 2.23606797749979
303, 20, 305, 391, 303, 391, 2, 0, 0.0, 2.0
303, 22, 51, 322, 50, 323, 1, -1, -0.7853981633974483, 1.4142135623730951
303, 23, 117, 173, 116, 174, 1, -1, -0.7853981633974483, 1.4142135623730951
303, 24, 76, 302, 73, 303, 3, -1, -0.3217505543966422, 3.1622776601683795
303, 26, 10, 98, 9, 99, 1, -1, -0.7853981633974483, 1.4142135623730951
303, 28, 21, 171, 20, 172, 1, -1, -0.7853981633974483, 1.4142135623730951
303, 29, 38, 380, 37, 381, 1, -1, -0.7853981633974483, 1.4142135623730951
303, 30, 181, 76, 180, 77, 1, -1, -0.7853981633974483, 1.4142135623730951
303, 31, 102, 370, 100, 370, 2, 0, 0.0, 2.0
303, 32, 138, 95, 137, 97, 1, -2, -1.1071487177940904, 2.23606797749979
303, 33, 230, 390, 228, 390, 2, 0, 0.0, 2.0
303, 34, 244, 124, 243, 125, 1, -1, -0.7853981633974483, 1.4142135623730951
303, 35, 330, 353, 328, 354, 2, -1, -0.4636476090008061, 2.23606797749979
303, 36, 79, 311, 77, 312, 2, -1, -0.4636476090008061, 2.23606797749979
303, 37, 74, 109, 73, 108, 1, 1, 0.7853981633974483, 1.4142135623730951
303, 39, 224, 324, 223, 323, 1, 1, 0.7853981633974483, 1.4142135623730951
303, 41, 202, 397, 201, 398, 1, -1, -0.7853981633974483, 1.4142135623730951
303, 42, 104, 362, 102, 362, 2, 0, 0.0, 2.0
303, 44, 62, 353, 61, 354, 1, -1, -0.7853981633974483, 1.4142135623730951
303, 45, 289, 369, 287, 369, 2, 0, 0.0, 2.0
303, 48, 111, 86, 109, 86, 2, 0, 0.0, 2.0
303, 49, 107, 103, 106, 104, 1, -1, -0.7853981633974483, 1.4142135623730951
303, 50, 105, 132, 104, 133, 1, -1, -0.7853981633974483, 1.4142135623730951
303, 51, 82, 183, 81, 184, 1, -1, -0.7853981633974483, 1.4142135623730951
303, 52, 245, 343, 242, 342, 3, 1, 0.3217505543966422, 3.1622776601683795
303, 55, 159, 176, 156, 177, 3, -1, -0.3217505543966422, 3.1622776601683795
303, 58, 161, 341, 159, 341, 2, 0, 0.0, 2.0
303, 59, 96, 163, 99, 161, -3, 2, 2.5535900500422257, 3.605551275463989
303, 60, 105, 290, 103, 290, 2, 0, 0.0, 2.0
303, 62, 194, 161, 192, 162, 2, -1, -0.4636476090008061, 2.23606797749979
303, 64, 46, 172, 45, 171, 1, 1, 0.7853981633974483, 1.4142135623730951
303, 66, 272, 130, 271, 131, 1, -1, -0.7853981633974483, 1.4142135623730951
303, 68, 24, 79, 23, 80, 1, -1, -0.7853981633974483, 1.4142135623730951
303, 71, 40, 321, 38, 322, 2, -1, -0.4636476090008061, 2.23606797749979
303, 72, 193, 332, 192, 333, 1, -1, -0.7853981633974483, 1.4142135623730951
303, 73, 48, 139, 47, 140, 1, -1, -0.7853981633974483, 1.4142135623730951
303, 74, 94, 184, 92, 185, 2, -1, -0.4636476090008061, 2.23606797749979
303, 75, 86, 129, 84, 130, 2, -1, -0.4636476090008061, 2.23606797749979
303, 76, 135, 355, 134, 356, 1, -1, -0.7853981633974483, 1.4142135623730951
303, 77, 82, 151, 76, 152, 6, -1, -0.16514867741462683, 6.082762530298219
303, 78, 226, 358, 224, 358, 2, 0, 0.0, 2.0
303, 79, 9, 130, 7, 131, 2, -1, -0.4636476090008061, 2.23606797749979
303, 80, 107, 342, 106, 343, 1, -1, -0.7853981633974483, 1.4142135623730951
303, 81, 320, 352, 316, 353, 4, -1, -0.24497866312686414, 4.123105625617661
303, 82, 237, 129, 235, 129, 2, 0, 0.0, 2.0
303, 84, 282, 366, 280, 366, 2, 0, 0.0, 2.0
303, 85, 251, 137, 250, 138, 1, -1, -0.7853981633974483, 1.4142135623730951
303, 87, 111, 395, 109, 396, 2, -1, -0.4636476090008061, 2.23606797749979
303, 88, 155, 164, 153, 166, 2, -2, -0.7853981633974483, 2.8284271247461903
303, 90, 159, 301, 157, 300, 2, 1, 0.4636476090008061, 2.23606797749979
303, 91, 274, 81, 272, 81, 2, 0, 0.0, 2.0
303, 93, 176, 140, 173, 141, 3, -1, -0.3217505543966422, 3.1622776601683795
303, 96, 44, 123, 46, 123, -2, 0, 3.141592653589793, 2.0
303, 98, 222, 357, 219, 357, 3, 0, 0.0, 3.0
303, 99, 265, 95, 263, 96, 2, -1, -0.4636476090008061, 2.23606797749979
303, 100, 184, 145, 189, 147, -5, -2, -2.761086276477428, 5.385164807134504
303, 101, 26, 111, 24, 112, 2, -1, -0.4636476090008061, 2.23606797749979
303, 103, 142, 330, 141, 331, 1, -1, -0.7853981633974483, 1.4142135623730951
303, 104, 107, 72, 106, 73, 1, -1, -0.7853981633974483, 1.4142135623730951
304, 2, 62, 404, 61, 405, 1, -1, -0.7853981633974483, 1.4142135623730951
304, 3, 182, 103, 181, 104, 1, -1, -0.7853981633974483, 1.4142135623730951
304, 4, 154, 132, 153, 134, 1, -2, -1.1071487177940904, 2.23606797749979
304, 5, 106, 401, 104, 401, 2, 0, 0.0, 2.0
304, 6, 110, 166, 109, 167, 1, -1, -0.7853981633974483, 1.4142135623730951
304, 7, 143, 115, 142, 116, 1, -1, -0.7853981633974483, 1.4142135623730951
304, 8, 278, 70, 273, 71, 5, -1, -0.19739555984988075, 5.0990195135927845
304, 9, 62, 163, 61, 164, 1, -1, -0.7853981633974483, 1.4142135623730951
304, 10, 369, 365, 366, 365, 3, 0, 0.0, 3.0
304, 13, 18, 193, 16, 194, 2, -1, -0.4636476090008061, 2.23606797749979
304, 15, 26, 404, 21, 405, 5, -1, -0.19739555984988075, 5.0990195135927845
304, 16, 73, 125, 71, 126, 2, -1, -0.4636476090008061, 2.23606797749979
304, 17, 229, 69, 224, 70, 5, -1, -0.19739555984988075, 5.0990195135927845
304, 18, 264, 107, 262, 108, 2, -1, -0.4636476090008061, 2.23606797749979
304, 20, 307, 390, 305, 391, 2, -1, -0.4636476090008061, 2.23606797749979
304, 21, 219, 139, 218, 141, 1, -2, -1.1071487177940904, 2.23606797749979
304, 23, 118, 172, 117, 173, 1, -1, -0.7853981633974483, 1.4142135623730951
304, 24, 79, 302, 76, 302, 3, 0, 0.0, 3.0
304, 26, 12, 96, 10, 98, 2, -2, -0.7853981633974483, 2.8284271247461903
304, 27, 137, 151, 136, 152, 1, -1, -0.7853981633974483, 1.4142135623730951
304, 28, 22, 170, 21, 171, 1, -1, -0.7853981633974483, 1.4142135623730951
304, 29, 40, 379, 38, 380, 2, -1, -0.4636476090008061, 2.23606797749979
304, 30, 186, 75, 181, 76, 5, -1, -0.19739555984988075, 5.0990195135927845
304, 31, 103, 369, 102, 370, 1, -1, -0.7853981633974483, 1.4142135623730951
304, 32, 140, 94, 138, 95, 2, -1, -0.4636476090008061, 2.23606797749979
304, 33, 232, 390, 230, 390, 2, 0, 0.0, 2.0
304, 35, 333, 351, 330, 353, 3, -2, -0.5880026035475675, 3.605551275463989
304, 36, 80, 310, 79, 311, 1, -1, -0.7853981633974483, 1.4142135623730951
304, 37, 76, 109, 74, 109, 2, 0, 0.0, 2.0
304, 38, 185, 114, 183, 115, 2, -1, -0.4636476090008061, 2.23606797749979
304, 41, 204, 396, 202, 397, 2, -1, -0.4636476090008061, 2.23606797749979
304, 43, 300, 132, 295, 132, 5, 0, 0.0, 5.0
304, 45, 291, 368, 289, 369, 2, -1, -0.4636476090008061, 2.23606797749979
304, 47, 150, 123, 149, 124, 1, -1, -0.7853981633974483, 1.4142135623730951
304, 48, 113, 85, 111, 86, 2, -1, -0.4636476090008061, 2.23606797749979
304, 49, 108, 102, 107, 103, 1, -1, -0.7853981633974483, 1.4142135623730951
304, 50, 106, 131, 105, 132, 1, -1, -0.7853981633974483, 1.4142135623730951
304, 51, 84, 182, 82, 183, 2, -1, -0.4636476090008061, 2.23606797749979
304, 52, 248, 344, 245, 343, 3, 1, 0.3217505543966422, 3.1622776601683795
304, 54, 76, 109, 74, 109, 2, 0, 0.0, 2.0
304, 55, 160, 175, 159, 176, 1, -1, -0.7853981633974483, 1.4142135623730951
304, 57, 205, 118, 204, 119, 1, -1, -0.7853981633974483, 1.4142135623730951
304, 58, 164, 341, 161, 341, 3, 0, 0.0, 3.0
304, 59, 98, 162, 96, 163, 2, -1, -0.4636476090008061, 2.23606797749979
304, 60, 107, 290, 105, 290, 2, 0, 0.0, 2.0
304, 62, 195, 160, 194, 161, 1, -1, -0.7853981633974483, 1.4142135623730951
304, 65, 159, 143, 158, 144, 1, -1, -0.7853981633974483, 1.4142135623730951
304, 66, 274, 129, 272, 130, 2, -1, -0.4636476090008061, 2.23606797749979
304, 69, 190, 365, 188, 365, 2, 0, 0.0, 2.0
304, 71, 41, 320, 40, 321, 1, -1, -0.7853981633974483, 1.4142135623730951
304, 74, 96, 183, 94, 184, 2, -1, -0.4636476090008061, 2.23606797749979
304, 78, 228, 357, 226, 358, 2, -1, -0.4636476090008061, 2.23606797749979
304, 79, 7, 130, 9, 130, -2, 0, 3.141592653589793, 2.0
304, 82, 239, 128, 237, 129, 2, -1, -0.4636476090008061, 2.23606797749979
304, 84, 284, 366, 282, 366, 2, 0, 0.0, 2.0
304, 86, 125, 382, 123, 382, 2, 0, 0.0, 2.0
304, 87, 113, 395, 111, 395, 2, 0, 0.0, 2.0
304, 89, 251, 147, 250, 148, 1, -1, -0.7853981633974483, 1.4142135623730951
304, 90, 160, 302, 159, 301, 1, 1, 0.7853981633974483, 1.4142135623730951
304, 91, 279, 81, 274, 81, 5, 0, 0.0, 5.0
304, 93, 177, 139, 176, 140, 1, -1, -0.7853981633974483, 1.4142135623730951
304, 95, 11, 71, 9, 71, 2, 0, 0.0, 2.0
304, 96, 48, 123, 44, 123, 4, 0, 0.0, 4.0
304, 98, 224, 357, 222, 357, 2, 0, 0.0, 2.0
304, 99, 267, 94, 265, 95, 2, -1, -0.4636476090008061, 2.23606797749979
304, 100, 184, 143, 184, 145, 0, -2, -1.5707963267948966, 2.0
304, 101, 28, 110, 26, 111, 2, -1, -0.4636476090008061, 2.23606797749979
304, 102, 26, 150, 24, 151, 2, -1, -0.4636476090008061, 2.23606797749979
304, 104, 109, 71, 107, 72, 2, -1, -0.4636476090008061, 2.23606797749979
305, 2, 7, 194, 6, 195, 1, -1, -0.7853981633974483, 1.4142135623730951
305, 4, 72, 126, 71, 127, 1, -1, -0.7853981633974483, 1.4142135623730951
305, 5, 53, 166, 52, 167, 1, -1, -0.7853981633974483, 1.4142135623730951
305, 6, 111, 168, 109, 169, 2, -1, -0.4636476090008061, 2.23606797749979
305, 8, 275, 405, 273, 405, 2, 0, 0.0, 2.0
305, 9, 154, 135, 153, 136, 1, -1, -0.7853981633974483, 1.4142135623730951
305, 11, 63, 405, 62, 406, 1, -1, -0.7853981633974483, 1.4142135623730951
305, 12, 181, 107, 180, 108, 1, -1, -0.7853981633974483, 1.4142135623730951
305, 13, 143, 117, 142, 118, 1, -1, -0.7853981633974483, 1.4142135623730951
305, 14, 220, 142, 219, 143, 1, -1, -0.7853981633974483, 1.4142135623730951
305, 19, 368, 367, 366, 368, 2, -1, -0.4636476090008061, 2.23606797749979
305, 20, 22, 172, 21, 173, 1, -1, -0.7853981633974483, 1.4142135623730951
305, 22, 103, 362, 100, 362, 3, 0, 0.0, 3.0
305, 24, 146, 124, 145, 125, 1, -1, -0.7853981633974483, 1.4142135623730951
305, 26, 78, 384, 77, 385, 1, -1, -0.7853981633974483, 1.4142135623730951
305, 27, 79, 303, 76, 304, 3, -1, -0.3217505543966422, 3.1622776601683795
305, 30, 11, 99, 10, 100, 1, -1, -0.7853981633974483, 1.4142135623730951
305, 31, 76, 109, 74, 109, 2, 0, 0.0, 2.0
305, 32, 305, 392, 303, 393, 2, -1, -0.4636476090008061, 2.23606797749979
305, 34, 115, 174, 114, 175, 1, -1, -0.7853981633974483, 1.4142135623730951
305, 36, 206, 399, 204, 399, 2, 0, 0.0, 2.0
305, 37, 75, 312, 73, 312, 2, 0, 0.0, 2.0
305, 40, 241, 127, 240, 128, 1, -1, -0.7853981633974483, 1.4142135623730951
305, 41, 38, 381, 37, 382, 1, -1, -0.7853981633974483, 1.4142135623730951
305, 42, 140, 95, 139, 96, 1, -1, -0.7853981633974483, 1.4142135623730951
305, 43, 183, 77, 182, 78, 1, -1, -0.7853981633974483, 1.4142135623730951
305, 46, 233, 391, 231, 391, 2, 0, 0.0, 2.0
305, 47, 251, 139, 250, 140, 1, -1, -0.7853981633974483, 1.4142135623730951
305, 50, 267, 108, 265, 108, 2, 0, 0.0, 2.0
305, 51, 203, 126, 202, 127, 1, -1, -0.7853981633974483, 1.4142135623730951
305, 54, 260, 372, 262, 372, -2, 0, 3.141592653589793, 2.0
305, 56, 109, 103, 107, 104, 2, -1, -0.4636476090008061, 2.23606797749979
305, 59, 106, 130, 105, 131, 1, -1, -0.7853981633974483, 1.4142135623730951
305, 60, 9, 143, 8, 144, 1, -1, -0.7853981633974483, 1.4142135623730951
305, 63, 332, 354, 329, 354, 3, 0, 0.0, 3.0
305, 66, 158, 175, 156, 176, 2, -1, -0.4636476090008061, 2.23606797749979
305, 68, 81, 131, 80, 132, 1, -1, -0.7853981633974483, 1.4142135623730951
305, 71, 62, 167, 61, 168, 1, -1, -0.7853981633974483, 1.4142135623730951
305, 73, 249, 342, 246, 341, 3, 1, 0.3217505543966422, 3.1622776601683795
305, 74, 135, 152, 134, 153, 1, -1, -0.7853981633974483, 1.4142135623730951
305, 75, 109, 342, 108, 343, 1, -1, -0.7853981633974483, 1.4142135623730951
305, 76, 97, 188, 95, 188, 2, 0, 0.0, 2.0
305, 78, 194, 161, 192, 162, 2, -1, -0.4636476090008061, 2.23606797749979
305, 81, 87, 185, 85, 186, 2, -1, -0.4636476090008061, 2.23606797749979
305, 82, 264, 98, 262, 98, 2, 0, 0.0, 2.0
305, 83, 188, 146, 186, 148, 2, -2, -0.7853981633974483, 2.8284271247461903
305, 85, 343, 117, 341, 117, 2, 0, 0.0, 2.0
305, 86, 31, 152, 27, 153, 4, -1, -0.24497866312686414, 4.123105625617661
306, 1, 277, 72, 275, 73, 2, -1, -0.4636476090008061, 2.23606797749979
306, 2, 8, 193, 7, 194, 1, -1, -0.7853981633974483, 1.4142135623730951
306, 4, 73, 125, 72, 126, 1, -1, -0.7853981633974483, 1.4142135623730951
306, 6, 112, 167, 111, 168, 1, -1, -0.7853981633974483, 1.4142135623730951
306, 7, 107, 404, 105, 404, 2, 0, 0.0, 2.0
306, 8, 277, 405, 275, 405, 2, 0, 0.0, 2.0
306, 10, 117, 290, 116, 289, 1, 1, 0.7853981633974483, 1.4142135623730951
306, 11, 65, 404, 63, 405, 2, -1, -0.4636476090008061, 2.23606797749979
306, 12, 182, 106, 181, 107, 1, -1, -0.7853981633974483, 1.4142135623730951
306, 13, 144, 116, 143, 117, 1, -1, -0.7853981633974483, 1.4142135623730951
306, 14, 221, 141, 220, 142, 1, -1, -0.7853981633974483, 1.4142135623730951
306, 15, 26, 407, 24, 407, 2, 0, 0.0, 2.0
306, 20, 23, 171, 22, 172, 1, -1, -0.7853981633974483, 1.4142135623730951
306, 22, 105, 362, 103, 362, 2, 0, 0.0, 2.0
306, 23, 186, 110, 185, 112, 1, -2, -1.1071487177940904, 2.23606797749979
306, 25, 151, 74, 150, 75, 1, -1, -0.7853981633974483, 1.4142135623730951
306, 26, 79, 383, 78, 384, 1, -1, -0.7853981633974483, 1.4142135623730951
306, 27, 82, 303, 79, 303, 3, 0, 0.0, 3.0
306, 28, 221, 148, 220, 149, 1, -1, -0.7853981633974483, 1.4142135623730951
306, 29, 162, 142, 161, 143, 1, -1, -0.7853981633974483, 1.4142135623730951
306, 30, 12, 98, 11, 99, 1, -1, -0.7853981633974483, 1.4142135623730951
306, 31, 78, 109, 76, 109, 2, 0, 0.0, 2.0
306, 32, 307, 392, 305, 392, 2, 0, 0.0, 2.0
306, 34, 116, 173, 115, 174, 1, -1, -0.7853981633974483, 1.4142135623730951
306, 36, 207, 398, 206, 399, 1, -1, -0.7853981633974483, 1.4142135623730951
306, 38, 274, 127, 272, 128, 2, -1, -0.4636476090008061, 2.23606797749979
306, 41, 39, 380, 38, 381, 1, -1, -0.7853981633974483, 1.4142135623730951
306, 42, 142, 94, 140, 95, 2, -1, -0.4636476090008061, 2.23606797749979
306, 43, 185, 76, 183, 77, 2, -1, -0.4636476090008061, 2.23606797749979
306, 45, 28, 352, 26, 352, 2, 0, 0.0, 2.0
306, 46, 234, 390, 233, 391, 1, -1, -0.7853981633974483, 1.4142135623730951
306, 48, 289, 369, 287, 369, 2, 0, 0.0, 2.0
306, 50, 268, 107, 267, 108, 1, -1, -0.7853981633974483, 1.4142135623730951
306, 55, 111, 289, 109, 289, 2, 0, 0.0, 2.0
306, 56, 111, 102, 109, 103, 2, -1, -0.4636476090008061, 2.23606797749979
306, 57, 66, 295, 64, 295, 2, 0, 0.0, 2.0
306, 58, 219, 323, 217, 323, 2, 0, 0.0, 2.0
306, 59, 107, 129, 106, 130, 1, -1, -0.7853981633974483, 1.4142135623730951
306, 60, 11, 142, 9, 143, 2, -1, -0.4636476090008061, 2.23606797749979
306, 61, 19, 195, 18, 196, 1, -1, -0.7853981633974483, 1.4142135623730951
306, 65, 16, 287, 14, 287, 2, 0, 0.0, 2.0
306, 66, 159, 172, 158, 175, 1, -3, -1.2490457723982544, 3.1622776601683795
306, 68, 82, 130, 81, 131, 1, -1, -0.7853981633974483, 1.4142135623730951
306, 73, 253, 342, 249, 342, 4, 0, 0.0, 4.0
306, 76, 98, 186, 97, 188, 1, -2, -1.1071487177940904, 2.23606797749979
306, 78, 195, 160, 194, 161, 1, -1, -0.7853981633974483, 1.4142135623730951
306, 79, 39, 325, 38, 326, 1, -1, -0.7853981633974483, 1.4142135623730951
306, 81, 88, 183, 87, 185, 1, -2, -1.1071487177940904, 2.23606797749979
306, 83, 189, 145, 188, 146, 1, -1, -0.7853981633974483, 1.4142135623730951
306, 84, 345, 116, 343, 117, 2, -1, -0.4636476090008061, 2.23606797749979
306, 85, 34, 151, 31, 152, 3, -1, -0.3217505543966422, 3.1622776601683795
307, 1, 279, 72, 277, 72, 2, 0, 0.0, 2.0
307, 2, 10, 192, 8, 193, 2, -1, -0.4636476090008061, 2.23606797749979
307, 4, 74, 124, 73, 125, 1, -1, -0.7853981633974483, 1.4142135623730951
307, 5, 54, 164, 53, 165, 1, -1, -0.7853981633974483, 1.4142135623730951
307, 6, 113, 166, 112, 167, 1, -1, -0.7853981633974483, 1.4142135623730951
307, 8, 283, 404, 277, 405, 6, -1, -0.16514867741462683, 6.082762530298219
307, 9, 155, 133, 154, 134, 1, -1, -0.7853981633974483, 1.4142135623730951
307, 10, 118, 289, 117, 290, 1, -1, -0.7853981633974483, 1.4142135623730951
307, 11, 66, 403, 65, 404, 1, -1, -0.7853981633974483, 1.4142135623730951
307, 12, 183, 105, 182, 106, 1, -1, -0.7853981633974483, 1.4142135623730951
307, 13, 145, 115, 144, 116, 1, -1, -0.7853981633974483, 1.4142135623730951
307, 14, 222, 140, 221, 141, 1, -1, -0.7853981633974483, 1.4142135623730951
307, 15, 28, 406, 26, 407, 2, -1, -0.4636476090008061, 2.23606797749979
307, 16, 57, 291, 55, 290, 2, 1, 0.4636476090008061, 2.23606797749979
307, 17, 107, 295, 105, 295, 2, 0, 0.0, 2.0
307, 19, 371, 367, 369, 367, 2, 0, 0.0, 2.0
307, 20, 24, 170, 23, 171, 1, -1, -0.7853981633974483, 1.4142135623730951
307, 22, 107, 362, 105, 362, 2, 0, 0.0, 2.0
307, 23, 188, 109, 186, 110, 2, -1, -0.4636476090008061, 2.23606797749979
307, 24, 147, 122, 146, 123, 1, -1, -0.7853981633974483, 1.4142135623730951
307, 25, 152, 73, 151, 74, 1, -1, -0.7853981633974483, 1.4142135623730951
307, 27, 84, 303, 82, 303, 2, 0, 0.0, 2.0
307, 29, 163, 141, 162, 142, 1, -1, -0.7853981633974483, 1.4142135623730951
307, 30, 13, 97, 12, 98, 1, -1, -0.7853981633974483, 1.4142135623730951
307, 31, 80, 108, 78, 109, 2, -1, -0.4636476090008061, 2.23606797749979
307, 32, 309, 391, 307, 392, 2, -1, -0.4636476090008061, 2.23606797749979
307, 35, 167, 171, 164, 171, 3, 0, 0.0, 3.0
307, 36, 209, 397, 207, 398, 2, -1, -0.4636476090008061, 2.23606797749979
307, 37, 77, 311, 76, 312, 1, -1, -0.7853981633974483, 1.4142135623730951
307, 39, 242, 125, 241, 126, 1, -1, -0.7853981633974483, 1.4142135623730951
307, 40, 41, 379, 39, 380, 2, -1, -0.4636476090008061, 2.23606797749979
307, 41, 143, 93, 142, 94, 1, -1, -0.7853981633974483, 1.4142135623730951
307, 42, 187, 76, 185, 76, 2, 0, 0.0, 2.0
307, 46, 252, 137, 251, 138, 1, -1, -0.7853981633974483, 1.4142135623730951
307, 50, 205, 125, 204, 126, 1, -1, -0.7853981633974483, 1.4142135623730951
307, 54, 112, 288, 111, 289, 1, -1, -0.7853981633974483, 1.4142135623730951
307, 55, 113, 101, 111, 102, 2, -1, -0.4636476090008061, 2.23606797749979
307, 58, 108, 128, 107, 129, 1, -1, -0.7853981633974483, 1.4142135623730951
307, 59, 13, 142, 11, 142, 2, 0, 0.0, 2.0
307, 60, 21, 194, 19, 195, 2, -1, -0.4636476090008061, 2.23606797749979
307, 62, 335, 353, 333, 354, 2, -1, -0.4636476090008061, 2.23606797749979
307, 64, 15, 288, 16, 287, -1, 1, 2.356194490192345, 1.4142135623730951
307, 65, 160, 171, 159, 172, 1, -1, -0.7853981633974483, 1.4142135623730951
307, 67, 83, 129, 82, 130, 1, -1, -0.7853981633974483, 1.4142135623730951
307, 72, 255, 342, 253, 342, 2, 0, 0.0, 2.0
307, 73, 138, 151, 136, 152, 2, -1, -0.4636476090008061, 2.23606797749979
307, 75, 99, 184, 98, 186, 1, -2, -1.1071487177940904, 2.23606797749979
307, 77, 196, 159, 195, 160, 1, -1, -0.7853981633974483, 1.4142135623730951
307, 78, 40, 324, 39, 325, 1, -1, -0.7853981633974483, 1.4142135623730951
307, 79, 191, 88, 189, 89, 2, -1, -0.4636476090008061, 2.23606797749979
307, 80, 89, 182, 88, 183, 1, -1, -0.7853981633974483, 1.4142135623730951
307, 81, 267, 98, 265, 98, 2, 0, 0.0, 2.0
307, 82, 190, 144, 189, 145, 1, -1, -0.7853981633974483, 1.4142135623730951
307, 83, 346, 115, 345, 116, 1, -1, -0.7853981633974483, 1.4142135623730951
307, 84, 36, 150, 34, 151, 2, -1, -0.4636476090008061, 2.23606797749979
308, 0, 230, 72, 228, 72, 2, 0, 0.0, 2.0
308, 1, 281, 72, 279, 72, 2, 0, 0.0, 2.0
308, 2, 11, 191, 10, 192, 1, -1, -0.7853981633974483, 1.4142135623730951
308, 4, 75, 123, 74, 124, 1, -1, -0.7853981633974483, 1.4142135623730951
308, 5, 55, 163, 54, 164, 1, -1, -0.7853981633974483, 1.4142135623730951
308, 9, 156, 132, 155, 133, 1, -1, -0.7853981633974483, 1.4142135623730951
308, 11, 67, 402, 66, 403, 1, -1, -0.7853981633974483, 1.4142135623730951
308, 12, 184, 104, 183, 105, 1, -1, -0.7853981633974483, 1.4142135623730951
308, 13, 146, 114, 145, 115, 1, -1, -0.7853981633974483, 1.4142135623730951
308, 14, 223, 139, 222, 140, 1, -1, -0.7853981633974483, 1.4142135623730951
308, 15, 30, 405, 28, 406, 2, -1, -0.4636476090008061, 2.23606797749979
308, 17, 109, 295, 107, 295, 2, 0, 0.0, 2.0
308, 18, 55, 328, 53, 328, 2, 0, 0.0, 2.0
308, 19, 372, 365, 371, 367, 1, -2, -1.1071487177940904, 2.23606797749979
308, 20, 25, 169, 24, 170, 1, -1, -0.7853981633974483, 1.4142135623730951
308, 22, 110, 362, 107, 362, 3, 0, 0.0, 3.0
308, 23, 190, 108, 188, 109, 2, -1, -0.4636476090008061, 2.23606797749979
308, 24, 148, 121, 147, 122, 1, -1, -0.7853981633974483, 1.4142135623730951
308, 25, 153, 72, 152, 73, 1, -1, -0.7853981633974483, 1.4142135623730951
308, 27, 87, 303, 84, 303, 3, 0, 0.0, 3.0
308, 28, 222, 146, 221, 147, 1, -1, -0.7853981633974483, 1.4142135623730951
308, 29, 164, 140, 163, 141, 1, -1, -0.7853981633974483, 1.4142135623730951
308, 30, 14, 96, 13, 97, 1, -1, -0.7853981633974483, 1.4142135623730951
308, 31, 81, 107, 80, 108, 1, -1, -0.7853981633974483, 1.4142135623730951
308, 32, 310, 390, 309, 391, 1, -1, -0.7853981633974483, 1.4142135623730951
308, 33, 230, 327, 229, 326, 1, 1, 0.7853981633974483, 1.4142135623730951
308, 34, 118, 172, 117, 173, 1, -1, -0.7853981633974483, 1.4142135623730951
308, 35, 170, 171, 167, 171, 3, 0, 0.0, 3.0
308, 36, 211, 397, 209, 397, 2, 0, 0.0, 2.0
308, 38, 277, 126, 275, 127, 2, -1, -0.4636476090008061, 2.23606797749979
308, 39, 244, 124, 242, 125, 2, -1, -0.4636476090008061, 2.23606797749979
308, 41, 145, 92, 143, 93, 2, -1, -0.4636476090008061, 2.23606797749979
308, 42, 189, 75, 187, 76, 2, -1, -0.4636476090008061, 2.23606797749979
308, 43, 118, 296, 116, 296, 2, 0, 0.0, 2.0
308, 46, 253, 136, 252, 137, 1, -1, -0.7853981633974483, 1.4142135623730951
308, 47, 291, 368, 290, 369, 1, -1, -0.7853981633974483, 1.4142135623730951
308, 49, 271, 106, 269, 107, 2, -1, -0.4636476090008061, 2.23606797749979
308, 50, 206, 124, 205, 125, 1, -1, -0.7853981633974483, 1.4142135623730951
308, 51, 118, 319, 116, 319, 2, 0, 0.0, 2.0
308, 53, 114, 288, 112, 288, 2, 0, 0.0, 2.0
308, 54, 115, 100, 113, 101, 2, -1, -0.4636476090008061, 2.23606797749979
308, 56, 221, 322, 220, 323, 1, -1, -0.7853981633974483, 1.4142135623730951
308, 58, 15, 141, 13, 142, 2, -1, -0.4636476090008061, 2.23606797749979
308, 61, 336, 352, 335, 353, 1, -1, -0.7853981633974483, 1.4142135623730951
308, 63, 17, 288, 15, 288, 2, 0, 0.0, 2.0
308, 64, 161, 170, 160, 171, 1, -1, -0.7853981633974483, 1.4142135623730951
308, 72, 100, 183, 99, 184, 1, -1, -0.7853981633974483, 1.4142135623730951
308, 74, 197, 158, 196, 159, 1, -1, -0.7853981633974483, 1.4142135623730951
308, 76, 193, 86, 191, 88, 2, -2, -0.7853981633974483, 2.8284271247461903
308, 78, 269, 98, 267, 98, 2, 0, 0.0, 2.0
308, 79, 191, 143, 190, 144, 1, -1, -0.7853981633974483, 1.4142135623730951
308, 81, 40, 150, 36, 150, 4, 0, 0.0, 4.0
309, 0, 232, 72, 230, 72, 2, 0, 0.0, 2.0
309, 1, 283, 72, 281, 72, 2, 0, 0.0, 2.0
309, 2, 12, 190, 11, 191, 1, -1, -0.7853981633974483, 1.4142135623730951
309, 3, 144, 305, 142, 305, 2, 0, 0.0, 2.0
309, 4, 76, 122, 75, 123, 1, -1, -0.7853981633974483, 1.4142135623730951
309, 5, 56, 162, 55, 163, 1, -1, -0.7853981633974483, 1.4142135623730951
309, 6, 114, 164, 113, 165, 1, -1, -0.7853981633974483, 1.4142135623730951
309, 9, 157, 131, 156, 132, 1, -1, -0.7853981633974483, 1.4142135623730951
309, 11, 68, 401, 67, 402, 1, -1, -0.7853981633974483, 1.4142135623730951
309, 12, 185, 103, 184, 104, 1, -1, -0.7853981633974483, 1.4142135623730951
309, 13, 147, 113, 146, 114, 1, -1, -0.7853981633974483, 1.4142135623730951
309, 14, 224, 138, 223, 139, 1, -1, -0.7853981633974483, 1.4142135623730951
309, 15, 31, 404, 30, 405, 1, -1, -0.7853981633974483, 1.4142135623730951
309, 19, 374, 365, 372, 365, 2, 0, 0.0, 2.0
309, 20, 26, 168, 25, 169, 1, -1, -0.7853981633974483, 1.4142135623730951
309, 24, 149, 120, 148, 121, 1, -1, -0.7853981633974483, 1.4142135623730951
309, 25, 155, 71, 153, 72, 2, -1, -0.4636476090008061, 2.23606797749979
309, 27, 89, 303, 87, 303, 2, 0, 0.0, 2.0
309, 28, 223, 145, 222, 146, 1, -1, -0.7853981633974483, 1.4142135623730951
309, 30, 15, 95, 14, 96, 1, -1, -0.7853981633974483, 1.4142135623730951
309, 31, 83, 106, 81, 107, 2, -1, -0.4636476090008061, 2.23606797749979
309, 32, 312, 390, 310, 390, 2, 0, 0.0, 2.0
309, 33, 230, 329, 230, 327, 0, 2, 1.5707963267948966, 2.0
309, 34, 119, 171, 118, 172, 1, -1, -0.7853981633974483, 1.4142135623730951
309, 35, 176, 170, 170, 171, 6, -1, -0.16514867741462683, 6.082762530298219
309, 36, 212, 398, 211, 397, 1, 1, 0.7853981633974483, 1.4142135623730951
309, 39, 245, 123, 244, 124, 1, -1, -0.7853981633974483, 1.4142135623730951
309, 40, 43, 378, 42, 379, 1, -1, -0.7853981633974483, 1.4142135623730951
309, 41, 147, 91, 145, 92, 2, -1, -0.4636476090008061, 2.23606797749979
309, 42, 191, 75, 189, 75, 2, 0, 0.0, 2.0
309, 43, 120, 296, 118, 296, 2, 0, 0.0, 2.0
309, 45, 238, 390, 236, 390, 2, 0, 0.0, 2.0
309, 47, 292, 367, 291, 368, 1, -1, -0.7853981633974483, 1.4142135623730951
309, 48, 198, 333, 196, 333, 2, 0, 0.0, 2.0
309, 50, 207, 123, 206, 124, 1, -1, -0.7853981633974483, 1.4142135623730951
309, 51, 120, 319, 118, 319, 2, 0, 0.0, 2.0
309, 53, 116, 288, 114, 288, 2, 0, 0.0, 2.0
309, 54, 116, 99, 115, 100, 1, -1, -0.7853981633974483, 1.4142135623730951
309, 55, 70, 294, 68, 295, 2, -1, -0.4636476090008061, 2.23606797749979
309, 57, 109, 126, 108, 127, 1, -1, -0.7853981633974483, 1.4142135623730951
309, 58, 17, 140, 15, 141, 2, -1, -0.4636476090008061, 2.23606797749979
309, 62, 203, 337, 202, 338, 1, -1, -0.7853981633974483, 1.4142135623730951
309, 66, 85, 128, 84, 129, 1, -1, -0.7853981633974483, 1.4142135623730951
309, 67, 140, 357, 139, 358, 1, -1, -0.7853981633974483, 1.4142135623730951
309, 70, 140, 150, 139, 151, 1, -1, -0.7853981633974483, 1.4142135623730951
309, 72, 101, 182, 100, 183, 1, -1, -0.7853981633974483, 1.4142135623730951
309, 76, 195, 85, 193, 86, 2, -1, -0.4636476090008061, 2.23606797749979
309, 77, 91, 181, 90, 182, 1, -1, -0.7853981633974483, 1.4142135623730951
309, 80, 347, 113, 346, 114, 1, -1, -0.7853981633974483, 1.4142135623730951
310, 0, 232, 72, 231, 73, 1, -1, -0.7853981633974483, 1.4142135623730951
310, 1, 144, 306, 142, 306, 2, 0, 0.0, 2.0
310, 3, 77, 126, 75, 127, 2, -1, -0.4636476090008061, 2.23606797749979
310, 4, 147, 116, 146, 117, 1, -1, -0.7853981633974483, 1.4142135623730951
310, 5, 282, 75, 280, 75, 2, 0, 0.0, 2.0
310, 6, 12, 194, 11, 195, 1, -1, -0.7853981633974483, 1.4142135623730951
310, 7, 114, 168, 113, 169, 1, -1, -0.7853981633974483, 1.4142135623730951
310, 8, 56, 165, 55, 166, 1, -1, -0.7853981633974483, 1.4142135623730951
310, 9, 260, 106, 259, 107, 1, -1, -0.7853981633974483, 1.4142135623730951
310, 11, 186, 105, 185, 106, 1, -1, -0.7853981633974483, 1.4142135623730951
310, 12, 122, 292, 120, 292, 2, 0, 0.0, 2.0
310, 14, 20, 201, 18, 201, 2, 0, 0.0, 2.0
310, 15, 110, 294, 108, 294, 2, 0, 0.0, 2.0
310, 16, 283, 406, 281, 406, 2, 0, 0.0, 2.0
310, 18, 311, 392, 309, 392, 2, 0, 0.0, 2.0
310, 19, 29, 406, 28, 407, 1, -1, -0.7853981633974483, 1.4142135623730951
310, 21, 155, 74, 154, 75, 1, -1, -0.7853981633974483, 1.4142135623730951
310, 22, 375, 366, 372, 367, 3, -1, -0.3217505543966422, 3.1622776601683795
310, 23, 223, 141, 222, 142, 1, -1, -0.7853981633974483, 1.4142135623730951
310, 24, 189, 77, 187, 78, 2, -1, -0.4636476090008061, 2.23606797749979
310, 26, 145, 95, 144, 96, 1, -1, -0.7853981633974483, 1.4142135623730951
310, 27, 26, 173, 25, 174, 1, -1, -0.7853981633974483, 1.4142135623730951
310, 28, 175, 171, 171, 172, 4, -1, -0.24497866312686414, 4.123105625617661
310, 29, 195, 114, 194, 115, 1, -1, -0.7853981633974483, 1.4142135623730951
310, 31, 169, 140, 168, 141, 1, -1, -0.7853981633974483, 1.4142135623730951
310, 32, 59, 291, 58, 292, 1, -1, -0.7853981633974483, 1.4142135623730951
310, 33, 208, 126, 207, 127, 1, -1, -0.7853981633974483, 1.4142135623730951
310, 37, 83, 381, 82, 382, 1, -1, -0.7853981633974483, 1.4142135623730951
310, 38, 277, 127, 275, 128, 2, -1, -0.4636476090008061, 2.23606797749979
310, 47, 243, 125, 242, 126, 1, -1, -0.7853981633974483, 1.4142135623730951
310, 48, 108, 369, 106, 369, 2, 0, 0.0, 2.0
310, 49, 236, 389, 235, 390, 1, -1, -0.7853981633974483, 1.4142135623730951
310, 50, 154, 122, 153, 123, 1, -1, -0.7853981633974483, 1.4142135623730951
310, 51, 196, 145, 195, 146, 1, -1, -0.7853981633974483, 1.4142135623730951
310, 54, 331, 350, 329, 350, 2, 0, 0.0, 2.0
310, 55, 54, 122, 53, 123, 1, -1, -0.7853981633974483, 1.4142135623730951
310, 56, 270, 107, 269, 108, 1, -1, -0.7853981633974483, 1.4142135623730951
310, 59, 18, 99, 16, 100, 2, -1, -0.4636476090008061, 2.23606797749979
310, 60, 186, 113, 185, 114, 1, -1, -0.7853981633974483, 1.4142135623730951
310, 61, 53, 140, 52, 141, 1, -1, -0.7853981633974483, 1.4142135623730951
310, 64, 109, 129, 108, 130, 1, -1, -0.7853981633974483, 1.4142135623730951
310, 65, 37, 151, 35, 152, 2, -1, -0.4636476090008061, 2.23606797749979
310, 66, 199, 163, 197, 164, 2, -1, -0.4636476090008061, 2.23606797749979
310, 67, 84, 131, 83, 132, 1, -1, -0.7853981633974483, 1.4142135623730951
310, 68, 114, 102, 113, 103, 1, -1, -0.7853981633974483, 1.4142135623730951
310, 69, 202, 335, 201, 336, 1, -1, -0.7853981633974483, 1.4142135623730951
310, 71, 222, 151, 221, 152, 1, -1, -0.7853981633974483, 1.4142135623730951
310, 72, 95, 382, 92, 383, 3, -1, -0.3217505543966422, 3.1622776601683795
310, 74, 81, 108, 80, 109, 1, -1, -0.7853981633974483, 1.4142135623730951
310, 75, 128, 381, 127, 382, 1, -1, -0.7853981633974483, 1.4142135623730951
310, 77, 321, 129, 319, 131, 2, -2, -0.7853981633974483, 2.8284271247461903
310, 79, 6, 187, 5, 188, 1, -1, -0.7853981633974483, 1.4142135623730951
311, 0, 234, 72, 232, 72, 2, 0, 0.0, 2.0
311, 1, 146, 306, 144, 306, 2, 0, 0.0, 2.0
311, 2, 57, 324, 55, 324, 2, 0, 0.0, 2.0
311, 3, 78, 125, 77, 126, 1, -1, -0.7853981633974483, 1.4142135623730951
311, 4, 148, 115, 147, 116, 1, -1, -0.7853981633974483, 1.4142135623730951
311, 5, 284, 74, 282, 75, 2, -1, -0.4636476090008061, 2.23606797749979
311, 7, 116, 168, 114, 168, 2, 0, 0.0, 2.0
311, 9, 262, 105, 260, 106, 2, -1, -0.4636476090008061, 2.23606797749979
311, 16, 285, 405, 283, 406, 2, -1, -0.4636476090008061, 2.23606797749979
311, 18, 313, 391, 311, 392, 2, -1, -0.4636476090008061, 2.23606797749979
311, 19, 31, 405, 29, 406, 2, -1, -0.4636476090008061, 2.23606797749979
311, 21, 157, 73, 155, 74, 2, -1, -0.4636476090008061, 2.23606797749979
311, 22, 377, 365, 375, 366, 2, -1, -0.4636476090008061, 2.23606797749979
311, 24, 190, 76, 189, 77, 1, -1, -0.7853981633974483, 1.4142135623730951
311, 26, 146, 94, 145, 95, 1, -1, -0.7853981633974483, 1.4142135623730951
311, 27, 27, 172, 26, 173, 1, -1, -0.7853981633974483, 1.4142135623730951
311, 28, 178, 169, 175, 171, 3, -2, -0.5880026035475675, 3.605551275463989
311, 29, 197, 113, 195, 114, 2, -1, -0.4636476090008061, 2.23606797749979
311, 31, 170, 139, 169, 140, 1, -1, -0.7853981633974483, 1.4142135623730951
311, 33, 209, 125, 208, 126, 1, -1, -0.7853981633974483, 1.4142135623730951
311, 34, 112, 137, 111, 138, 1, -1, -0.7853981633974483, 1.4142135623730951
311, 38, 279, 125, 277, 127, 2, -2, -0.7853981633974483, 2.8284271247461903
311, 42, 179, 344, 177, 344, 2, 0, 0.0, 2.0
311, 43, 119, 177, 117, 177, 2, 0, 0.0, 2.0
311, 44, 80, 313, 78, 313, 2, 0, 0.0, 2.0
311, 47, 244, 124, 243, 125, 1, -1, -0.7853981633974483, 1.4142135623730951
311, 48, 110, 369, 108, 369, 2, 0, 0.0, 2.0
311, 49, 238, 388, 236, 389, 2, -1, -0.4636476090008061, 2.23606797749979
311, 53, 211, 399, 210, 400, 1, -1, -0.7853981633974483, 1.4142135623730951
311, 54, 333, 350, 331, 350, 2, 0, 0.0, 2.0
311, 59, 19, 97, 18, 99, 1, -2, -1.1071487177940904, 2.23606797749979
311, 60, 187, 112, 186, 113, 1, -1, -0.7853981633974483, 1.4142135623730951
311, 61, 54, 139, 53, 140, 1, -1, -0.7853981633974483, 1.4142135623730951
311, 62, 142, 354, 141, 355, 1, -1, -0.7853981633974483, 1.4142135623730951
311, 63, 294, 364, 293, 363, 1, 1, 0.7853981633974483, 1.4142135623730951
311, 66, 200, 162, 199, 163, 1, -1, -0.7853981633974483, 1.4142135623730951
311, 68, 115, 101, 114, 102, 1, -1, -0.7853981633974483, 1.4142135623730951
311, 71, 224, 150, 222, 151, 2, -1, -0.4636476090008061, 2.23606797749979
311, 72, 98, 381, 95, 382, 3, -1, -0.3217505543966422, 3.1622776601683795
311, 74, 82, 107, 81, 108, 1, -1, -0.7853981633974483, 1.4142135623730951
311, 77, 322, 127, 321, 129, 1, -2, -1.1071487177940904, 2.23606797749979
311, 78, 90, 182, 88, 183, 2, -1, -0.4636476090008061, 2.23606797749979
312, 0, 236, 71, 234, 72, 2, -1, -0.4636476090008061, 2.23606797749979
312, 1, 148, 306, 146, 306, 2, 0, 0.0, 2.0
312, 5, 286, 74, 284, 74, 2, 0, 0.0, 2.0
312, 7, 117, 167, 116, 168, 1, -1, -0.7853981633974483, 1.4142135623730951
312, 9, 264, 103, 262, 105, 2, -2, -0.7853981633974483, 2.8284271247461903
312, 10, 71, 405, 69, 406, 2, -1, -0.4636476090008061, 2.23606797749979
312, 11, 188, 104, 187, 105, 1, -1, -0.7853981633974483, 1.4142135623730951
312, 13, 160, 134, 159, 135, 1, -1, -0.7853981633974483, 1.4142135623730951
312, 14, 23, 200, 21, 201, 2, -1, -0.4636476090008061, 2.23606797749979
312, 16, 287, 404, 285, 405, 2, -1, -0.4636476090008061, 2.23606797749979
312, 18, 315, 391, 313, 391, 2, 0, 0.0, 2.0
312, 19, 33, 405, 31, 405, 2, 0, 0.0, 2.0
312, 21, 159, 73, 157, 73, 2, 0, 0.0, 2.0
312, 22, 379, 364, 377, 365, 2, -1, -0.4636476090008061, 2.23606797749979
312, 24, 193, 75, 190, 76, 3, -1, -0.3217505543966422, 3.1622776601683795
312, 26, 147, 93, 146, 94, 1, -1, -0.7853981633974483, 1.4142135623730951
312, 27, 28, 171, 27, 172, 1, -1, -0.7853981633974483, 1.4142135623730951
312, 28, 181, 167, 178, 169, 3, -2, -0.5880026035475675, 3.605551275463989
312, 29, 199, 112, 197, 113, 2, -1, -0.4636476090008061, 2.23606797749979
312, 31, 171, 138, 170, 139, 1, -1, -0.7853981633974483, 1.4142135623730951
312, 33, 210, 124, 209, 125, 1, -1, -0.7853981633974483, 1.4142135623730951
312, 39, 94, 309, 93, 308, 1, 1, 0.7853981633974483, 1.4142135623730951
312, 40, 232, 331, 230, 331, 2, 0, 0.0, 2.0
312, 41, 33, 353, 31, 352, 2, 1, 0.4636476090008061, 2.23606797749979
312, 42, 180, 345, 179, 344, 1, 1, 0.7853981633974483, 1.4142135623730951
312, 43, 121, 176, 119, 177, 2, -1, -0.4636476090008061, 2.23606797749979
312, 44, 82, 313, 80, 313, 2, 0, 0.0, 2.0
312, 47, 245, 123, 244, 124, 1, -1, -0.7853981633974483, 1.4142135623730951
312, 54, 336, 349, 333, 350, 3, -1, -0.3217505543966422, 3.1622776601683795
312, 55, 55, 120, 54, 121, 1, -1, -0.7853981633974483, 1.4142135623730951
312, 56, 273, 107, 271, 107, 2, 0, 0.0, 2.0
312, 59, 188, 111, 187, 112, 1, -1, -0.7853981633974483, 1.4142135623730951
312, 60, 55, 138, 54, 139, 1, -1, -0.7853981633974483, 1.4142135623730951
312, 62, 296, 366, 294, 364, 2, 2, 0.7853981633974483, 2.8284271247461903
312, 63, 111, 128, 110, 129, 1, -1, -0.7853981633974483, 1.4142135623730951
312, 65, 202, 161, 200, 162, 2, -1, -0.4636476090008061, 2.23606797749979
312, 67, 117, 100, 115, 101, 2, -1, -0.4636476090008061, 2.23606797749979
312, 70, 226, 150, 224, 150, 2, 0, 0.0, 2.0
312, 71, 101, 381, 98, 381, 3, 0, 0.0, 3.0
312, 72, 150, 126, 148, 127, 2, -1, -0.4636476090008061, 2.23606797749979
312, 74, 130, 380, 129, 381, 1, -1, -0.7853981633974483, 1.4142135623730951
312, 76, 321, 124, 322, 127, -1, -3, -1.892546881191539, 3.1622776601683795
312, 78, 3, 185, 6, 186, -3, -1, -2.819842099193151, 3.1622776601683795
313, 0, 238, 70, 236, 71, 2, -1, -0.4636476090008061, 2.23606797749979
313, 2, 60, 323, 58, 324, 2, -1, -0.4636476090008061, 2.23606797749979
313, 3, 80, 124, 79, 125, 1, -1, -0.7853981633974483, 1.4142135623730951
313, 4, 150, 114, 149, 115, 1, -1, -0.7853981633974483, 1.4142135623730951
313, 5, 288, 73, 286, 74, 2, -1, -0.4636476090008061, 2.23606797749979
313, 6, 15, 193, 14, 194, 1, -1, -0.7853981633974483, 1.4142135623730951
313, 9, 265, 102, 264, 103, 1, -1, -0.7853981633974483, 1.4142135623730951
313, 10, 73, 404, 71, 405, 2, -1, -0.4636476090008061, 2.23606797749979
313, 11, 189, 103, 188, 104, 1, -1, -0.7853981633974483, 1.4142135623730951
313, 12, 126, 291, 124, 292, 2, -1, -0.4636476090008061, 2.23606797749979
313, 13, 161, 133, 160, 134, 1, -1, -0.7853981633974483, 1.4142135623730951
313, 14, 25, 200, 23, 200, 2, 0, 0.0, 2.0
313, 17, 64, 172, 62, 172, 2, 0, 0.0, 2.0
313, 18, 317, 390, 315, 391, 2, -1, -0.4636476090008061, 2.23606797749979
313, 19, 34, 404, 33, 405, 1, -1, -0.7853981633974483, 1.4142135623730951
313, 21, 161, 72, 159, 73, 2, -1, -0.4636476090008061, 2.23606797749979
313, 22, 381, 363, 379, 364, 2, -1, -0.4636476090008061, 2.23606797749979
313, 24, 195, 74, 193, 75, 2, -1, -0.4636476090008061, 2.23606797749979
313, 25, 46, 381, 45, 382, 1, -1, -0.7853981633974483, 1.4142135623730951
313, 26, 149, 93, 147, 93, 2, 0, 0.0, 2.0
313, 29, 201, 111, 199, 112, 2, -1, -0.4636476090008061, 2.23606797749979
313, 31, 172, 137, 171, 138, 1, -1, -0.7853981633974483, 1.4142135623730951
313, 33, 211, 123, 210, 124, 1, -1, -0.7853981633974483, 1.4142135623730951
313, 36, 162, 79, 161, 80, 1, -1, -0.7853981633974483, 1.4142135623730951
313, 37, 87, 381, 85, 381, 2, 0, 0.0, 2.0
313, 43, 122, 175, 121, 176, 1, -1, -0.7853981633974483, 1.4142135623730951
313, 44, 84, 313, 82, 313, 2, 0, 0.0, 2.0
313, 45, 197, 366, 196, 367, 1, -1, -0.7853981633974483, 1.4142135623730951
313, 48, 113, 368, 111, 369, 2, -1, -0.4636476090008061, 2.23606797749979
313, 49, 241, 388, 239, 388, 2, 0, 0.0, 2.0
313, 52, 214, 398, 212, 399, 2, -1, -0.4636476090008061, 2.23606797749979
313, 53, 338, 349, 336, 349, 2, 0, 0.0, 2.0
313, 55, 274, 106, 273, 107, 1, -1, -0.7853981633974483, 1.4142135623730951
313, 56, 44, 175, 43, 176, 1, -1, -0.7853981633974483, 1.4142135623730951
313, 57, 21, 95, 19, 96, 2, -1, -0.4636476090008061, 2.23606797749979
313, 58, 189, 110, 188, 111, 1, -1, -0.7853981633974483, 1.4142135623730951
313, 59, 56, 137, 55, 138, 1, -1, -0.7853981633974483, 1.4142135623730951
313, 62, 112, 127, 111, 128, 1, -1, -0.7853981633974483, 1.4142135623730951
313, 63, 204, 160, 202, 161, 2, -1, -0.4636476090008061, 2.23606797749979
313, 64, 86, 129, 85, 130, 1, -1, -0.7853981633974483, 1.4142135623730951
313, 65, 119, 100, 117, 100, 2, 0, 0.0, 2.0
313, 68, 227, 149, 226, 150, 1, -1, -0.7853981633974483, 1.4142135623730951
313, 69, 104, 381, 101, 381, 3, 0, 0.0, 3.0
313, 70, 152, 125, 150, 126, 2, -1, -0.4636476090008061, 2.23606797749979
313, 71, 85, 106, 83, 107, 2, -1, -0.4636476090008061, 2.23606797749979
313, 72, 131, 379, 130, 380, 1, -1, -0.7853981633974483, 1.4142135623730951
313, 75, 91, 180, 90, 181, 1, -1, -0.7853981633974483, 1.4142135623730951
314, 0, 240, 69, 238, 70, 2, -1, -0.4636476090008061, 2.23606797749979
314, 3, 81, 123, 80, 124, 1, -1, -0.7853981633974483, 1.4142135623730951
314, 4, 152, 113, 150, 114, 2, -1, -0.4636476090008061, 2.23606797749979
314, 5, 290, 72, 288, 73, 2, -1, -0.4636476090008061, 2.23606797749979
314, 6, 17, 192, 15, 193, 2, -1, -0.4636476090008061, 2.23606797749979
314, 7, 119, 166, 118, 167, 1, -1, -0.7853981633974483, 1.4142135623730951
314, 8, 59, 163, 58, 164, 1, -1, -0.7853981633974483, 1.4142135623730951
314, 10, 75, 403, 73, 404, 2, -1, -0.4636476090008061, 2.23606797749979
314, 11, 190, 102, 189, 103, 1, -1, -0.7853981633974483, 1.4142135623730951
314, 12, 127, 290, 126, 291, 1, -1, -0.7853981633974483, 1.4142135623730951
314, 14, 27, 200, 25, 200, 2, 0, 0.0, 2.0
314, 16, 289, 403, 288, 404, 1, -1, -0.7853981633974483, 1.4142135623730951
314, 18, 319, 389, 317, 390, 2, -1, -0.4636476090008061, 2.23606797749979
314, 19, 36, 404, 34, 404, 2, 0, 0.0, 2.0
314, 21, 163, 71, 161, 72, 2, -1, -0.4636476090008061, 2.23606797749979
314, 22, 383, 362, 381, 363, 2, -1, -0.4636476090008061, 2.23606797749979
314, 23, 227, 140, 226, 141, 1, -1, -0.7853981633974483, 1.4142135623730951
314, 24, 197, 73, 195, 74, 2, -1, -0.4636476090008061, 2.23606797749979
314, 27, 30, 170, 29, 171, 1, -1, -0.7853981633974483, 1.4142135623730951
314, 28, 181, 165, 181, 167, 0, -2, -1.5707963267948966, 2.0
314, 29, 202, 110, 201, 111, 1, -1, -0.7853981633974483, 1.4142135623730951
314, 33, 212, 122, 211, 123, 1, -1, -0.7853981633974483, 1.4142135623730951
314, 34, 115, 136, 114, 137, 1, -1, -0.7853981633974483, 1.4142135623730951
314, 36, 163, 78, 162, 79, 1, -1, -0.7853981633974483, 1.4142135623730951
314, 37, 89, 381, 87, 381, 2, 0, 0.0, 2.0
314, 41, 35, 352, 34, 353, 1, -1, -0.7853981633974483, 1.4142135623730951
314, 46, 263, 346, 262, 347, 1, -1, -0.7853981633974483, 1.4142135623730951
314, 47, 247, 122, 246, 123, 1, -1, -0.7853981633974483, 1.4142135623730951
314, 48, 115, 368, 113, 368, 2, 0, 0.0, 2.0
314, 49, 242, 387, 241, 388, 1, -1, -0.7853981633974483, 1.4142135623730951
314, 51, 46, 325, 45, 326, 1, -1, -0.7853981633974483, 1.4142135623730951
314, 52, 216, 397, 214, 398, 2, -1, -0.4636476090008061, 2.23606797749979
314, 55, 46, 174, 44, 175, 2, -1, -0.4636476090008061, 2.23606797749979
314, 56, 23, 94, 21, 95, 2, -1, -0.4636476090008061, 2.23606797749979
314, 58, 57, 136, 56, 137, 1, -1, -0.7853981633974483, 1.4142135623730951
314, 60, 299, 366, 297, 366, 2, 0, 0.0, 2.0
314, 61, 113, 126, 112, 127, 1, -1, -0.7853981633974483, 1.4142135623730951
314, 62, 205, 159, 204, 160, 1, -1, -0.7853981633974483, 1.4142135623730951
314, 63, 87, 128, 86, 129, 1, -1, -0.7853981633974483, 1.4142135623730951
314, 64, 120, 99, 119, 100, 1, -1, -0.7853981633974483, 1.4142135623730951
314, 67, 228, 147, 227, 149, 1, -2, -1.1071487177940904, 2.23606797749979
314, 68, 107, 380, 104, 381, 3, -1, -0.3217505543966422, 3.1622776601683795
314, 70, 87, 106, 85, 106, 2, 0, 0.0, 2.0
314, 74, 93, 180, 91, 180, 2, 0, 0.0, 2.0
315, 1, 239, 71, 237, 72, 2, -1, -0.4636476090008061, 2.23606797749979
315, 2, 147, 305, 146, 306, 1, -1, -0.7853981633974483, 1.4142135623730951
315, 3, 114, 405, 112, 405, 2, 0, 0.0, 2.0
315, 4, 60, 324, 59, 325, 1, -1, -0.7853981633974483, 1.4142135623730951
315, 5, 287, 73, 285, 74, 2, -1, -0.4636476090008061, 2.23606797749979
315, 6, 81, 125, 80, 126, 1, -1, -0.7853981633974483, 1.4142135623730951
315, 7, 189, 105, 188, 106, 1, -1, -0.7853981633974483, 1.4142135623730951
315, 8, 118, 168, 117, 169, 1, -1, -0.7853981633974483, 1.4142135623730951
315, 9, 60, 166, 59, 167, 1, -1, -0.7853981633974483, 1.4142135623730951
315, 10, 228, 141, 227, 142, 1, -1, -0.7853981633974483, 1.4142135623730951
315, 11, 380, 368, 378, 368, 2, 0, 0.0, 2.0
315, 12, 74, 407, 72, 407, 2, 0, 0.0, 2.0
315, 13, 18, 194, 16, 195, 2, -1, -0.4636476090008061, 2.23606797749979
315, 14, 195, 74, 193, 75, 2, -1, -0.4636476090008061, 2.23606797749979
315, 15, 151, 116, 150, 117, 1, -1, -0.7853981633974483, 1.4142135623730951
315, 16, 287, 406, 286, 407, 1, -1, -0.7853981633974483, 1.4142135623730951
315, 18, 157, 74, 155, 75, 2, -1, -0.4636476090008061, 2.23606797749979
315, 23, 35, 406, 33, 407, 2, -1, -0.4636476090008061, 2.23606797749979
315, 24, 30, 171, 29, 172, 1, -1, -0.7853981633974483, 1.4142135623730951
315, 26, 317, 392, 315, 393, 2, -1, -0.4636476090008061, 2.23606797749979
315, 28, 245, 393, 243, 393, 2, 0, 0.0, 2.0
315, 29, 280, 399, 278, 398, 2, 1, 0.4636476090008061, 2.23606797749979
315, 30, 216, 400, 214, 401, 2, -1, -0.4636476090008061, 2.23606797749979
315, 32, 48, 381, 46, 381, 2, 0, 0.0, 2.0
315, 34, 212, 121, 211, 122, 1, -1, -0.7853981633974483, 1.4142135623730951
315, 39, 162, 169, 162, 171, 0, -2, -1.5707963267948966, 2.0
315, 41, 296, 369, 294, 370, 2, -1, -0.4636476090008061, 2.23606797749979
315, 42, 136, 142, 135, 143, 1, -1, -0.7853981633974483, 1.4142135623730951
315, 43, 200, 110, 199, 111, 1, -1, -0.7853981633974483, 1.4142135623730951
315, 44, 112, 368, 111, 369, 1, -1, -0.7853981633974483, 1.4142135623730951
315, 45, 259, 138, 258, 139, 1, -1, -0.7853981633974483, 1.4142135623730951
315, 48, 21, 98, 20, 99, 1, -1, -0.7853981633974483, 1.4142135623730951
315, 49, 84, 312, 83, 313, 1, -1, -0.7853981633974483, 1.4142135623730951
315, 50, 117, 131, 116, 132, 1, -1, -0.7853981633974483, 1.4142135623730951
315, 51, 151, 95, 149, 95, 2, 0, 0.0, 2.0
315, 52, 172, 141, 171, 142, 1, -1, -0.7853981633974483, 1.4142135623730951
315, 54, 228, 150, 226, 151, 2, -1, -0.4636476090008061, 2.23606797749979
315, 55, 34, 352, 33, 353, 1, -1, -0.7853981633974483, 1.4142135623730951
315, 57, 191, 112, 190, 113, 1, -1, -0.7853981633974483, 1.4142135623730951
315, 61, 127, 169, 126, 170, 1, -1, -0.7853981633974483, 1.4142135623730951
315, 62, 6, 127, 5, 128, 1, -1, -0.7853981633974483, 1.4142135623730951
315, 63, 122, 288, 120, 288, 2, 0, 0.0, 2.0
315, 64, 20, 142, 18, 143, 2, -1, -0.4636476090008061, 2.23606797749979
315, 65, 203, 160, 202, 161, 1, -1, -0.7853981633974483, 1.4142135623730951
316, 1, 242, 70, 239, 71, 3, -1, -0.3217505543966422, 3.1622776601683795
316, 2, 149, 304, 147, 305, 2, -1, -0.4636476090008061, 2.23606797749979
316, 5, 290, 72, 287, 73, 3, -1, -0.3217505543966422, 3.1622776601683795
316, 6, 82, 124, 81, 125, 1, -1, -0.7853981633974483, 1.4142135623730951
316, 7, 190, 104, 189, 105, 1, -1, -0.7853981633974483, 1.4142135623730951
316, 8, 119, 167, 118, 168, 1, -1, -0.7853981633974483, 1.4142135623730951
316, 9, 61, 165, 60, 166, 1, -1, -0.7853981633974483, 1.4142135623730951
316, 10, 229, 140, 228, 141, 1, -1, -0.7853981633974483, 1.4142135623730951
316, 13, 20, 193, 18, 194, 2, -1, -0.4636476090008061, 2.23606797749979
316, 14, 197, 73, 195, 74, 2, -1, -0.4636476090008061, 2.23606797749979
316, 15, 152, 115, 151, 116, 1, -1, -0.7853981633974483, 1.4142135623730951
316, 16, 289, 405, 287, 406, 2, -1, -0.4636476090008061, 2.23606797749979
316, 18, 159, 73, 157, 74, 2, -1, -0.4636476090008061, 2.23606797749979
316, 19, 33, 198, 31, 198, 2, 0, 0.0, 2.0
316, 21, 147, 149, 145, 149, 2, 0, 0.0, 2.0
316, 22, 114, 137, 113, 138, 1, -1, -0.7853981633974483, 1.4142135623730951
316, 23, 36, 405, 35, 406, 1, -1, -0.7853981633974483, 1.4142135623730951
316, 24, 31, 170, 30, 171, 1, -1, -0.7853981633974483, 1.4142135623730951
316, 25, 88, 108, 86, 108, 2, 0, 0.0, 2.0
316, 28, 247, 393, 245, 393, 2, 0, 0.0, 2.0
316, 29, 282, 400, 280, 399, 2, 1, 0.4636476090008061, 2.23606797749979
316, 30, 217, 399, 216, 400, 1, -1, -0.7853981633974483, 1.4142135623730951
316, 32, 50, 381, 48, 381, 2, 0, 0.0, 2.0
316, 34, 213, 120, 212, 121, 1, -1, -0.7853981633974483, 1.4142135623730951
316, 37, 65, 294, 63, 294, 2, 0, 0.0, 2.0
316, 39, 163, 167, 162, 169, 1, -2, -1.1071487177940904, 2.23606797749979
316, 40, 157, 394, 156, 395, 1, -1, -0.7853981633974483, 1.4142135623730951
316, 41, 298, 368, 296, 369, 2, -1, -0.4636476090008061, 2.23606797749979
316, 42, 137, 141, 136, 142, 1, -1, -0.7853981633974483, 1.4142135623730951
316, 45, 260, 137, 259, 138, 1, -1, -0.7853981633974483, 1.4142135623730951
316, 48, 23, 97, 21, 98, 2, -1, -0.4636476090008061, 2.23606797749979
316, 54, 230, 149, 228, 150, 2, -1, -0.4636476090008061, 2.23606797749979
316, 55, 35, 351, 34, 352, 1, -1, -0.7853981633974483, 1.4142135623730951
316, 57, 193, 111, 191, 112, 2, -1, -0.4636476090008061, 2.23606797749979
316, 60, 286, 124, 285, 125, 1, -1, -0.7853981633974483, 1.4142135623730951
316, 62, 8, 126, 6, 127, 2, -1, -0.4636476090008061, 2.23606797749979
316, 63, 125, 288, 122, 288, 3, 0, 0.0, 3.0
316, 64, 22, 141, 20, 142, 2, -1, -0.4636476090008061, 2.23606797749979
316, 65, 204, 159, 203, 160, 1, -1, -0.7853981633974483, 1.4142135623730951
317, 1, 244, 70, 242, 70, 2, 0, 0.0, 2.0
317, 2, 151, 304, 149, 304, 2, 0, 0.0, 2.0
317, 3, 116, 404, 115, 405, 1, -1, -0.7853981633974483, 1.4142135623730951
317, 5, 292, 72, 290, 72, 2, 0, 0.0, 2.0
317, 6, 83, 123, 82, 124, 1, -1, -0.7853981633974483, 1.4142135623730951
317, 7, 191, 103, 190, 104, 1, -1, -0.7853981633974483, 1.4142135623730951
317, 8, 120, 166, 119, 167, 1, -1, -0.7853981633974483, 1.4142135623730951
317, 10, 230, 139, 229, 140, 1, -1, -0.7853981633974483, 1.4142135623730951
317, 12, 76, 406, 75, 407, 1, -1, -0.7853981633974483, 1.4142135623730951
317, 14, 199, 72, 197, 73, 2, -1, -0.4636476090008061, 2.23606797749979
317, 15, 154, 114, 152, 115, 2, -1, -0.4636476090008061, 2.23606797749979
317, 16, 291, 405, 289, 405, 2, 0, 0.0, 2.0
317, 17, 164, 134, 163, 135, 1, -1, -0.7853981633974483, 1.4142135623730951
317, 19, 35, 197, 33, 198, 2, -1, -0.4636476090008061, 2.23606797749979
317, 21, 149, 150, 147, 149, 2, 1, 0.4636476090008061, 2.23606797749979
317, 22, 115, 136, 114, 137, 1, -1, -0.7853981633974483, 1.4142135623730951
317, 23, 37, 404, 36, 405, 1, -1, -0.7853981633974483, 1.4142135623730951
317, 24, 32, 169, 31, 170, 1, -1, -0.7853981633974483, 1.4142135623730951
317, 25, 90, 108, 88, 108, 2, 0, 0.0, 2.0
317, 28, 249, 393, 247, 393, 2, 0, 0.0, 2.0
317, 29, 284, 399, 282, 400, 2, -1, -0.4636476090008061, 2.23606797749979
317, 31, 74, 168, 73, 169, 1, -1, -0.7853981633974483, 1.4142135623730951
317, 34, 214, 119, 213, 120, 1, -1, -0.7853981633974483, 1.4142135623730951
317, 37, 67, 294, 65, 294, 2, 0, 0.0, 2.0
317, 39, 165, 166, 163, 167, 2, -1, -0.4636476090008061, 2.23606797749979
317, 40, 159, 392, 157, 394, 2, -2, -0.7853981633974483, 2.8284271247461903
317, 41, 300, 368, 298, 368, 2, 0, 0.0, 2.0
317, 42, 138, 140, 137, 141, 1, -1, -0.7853981633974483, 1.4142135623730951
317, 43, 201, 108, 200, 109, 1, -1, -0.7853981633974483, 1.4142135623730951
317, 45, 261, 136, 260, 137, 1, -1, -0.7853981633974483, 1.4142135623730951
317, 48, 25, 97, 23, 97, 2, 0, 0.0, 2.0
317, 49, 87, 312, 85, 312, 2, 0, 0.0, 2.0
317, 50, 119, 130, 118, 131, 1, -1, -0.7853981633974483, 1.4142135623730951
317, 53, 173, 338, 170, 339, 3, -1, -0.3217505543966422, 3.1622776601683795
317, 54, 232, 147, 230, 149, 2, -2, -0.7853981633974483, 2.8284271247461903
317, 55, 37, 350, 35, 351, 2, -1, -0.4636476090008061, 2.23606797749979
317, 62, 9, 125, 8, 126, 1, -1, -0.7853981633974483, 1.4142135623730951
317, 63, 127, 289, 125, 288, 2, 1, 0.4636476090008061, 2.23606797749979
317, 64, 23, 140, 22, 141, 1, -1, -0.7853981633974483, 1.4142135623730951
317, 65, 205, 158, 204, 159, 1, -1, -0.7853981633974483, 1.4142135623730951
318, 0, 129, 295, 128, 296, 1, -1, -0.7853981633974483, 1.4142135623730951
318, 1, 246, 70, 244, 70, 2, 0, 0.0, 2.0
318, 2, 153, 304, 151, 304, 2, 0, 0.0, 2.0
318, 3, 118, 404, 116, 404, 2, 0, 0.0, 2.0
318, 4, 63, 323, 62, 324, 1, -1, -0.7853981633974483, 1.4142135623730951
318, 5, 294, 72, 292, 72, 2, 0, 0.0, 2.0
318, 6, 84, 122, 83, 123, 1, -1, -0.7853981633974483, 1.4142135623730951
318, 7, 193, 102, 191, 103, 2, -1, -0.4636476090008061, 2.23606797749979
318, 8, 121, 165, 120, 166, 1, -1, -0.7853981633974483, 1.4142135623730951
318, 9, 64, 164, 62, 165, 2, -1, -0.4636476090008061, 2.23606797749979
318, 10, 231, 138, 230, 139, 1, -1, -0.7853981633974483, 1.4142135623730951
318, 13, 22, 192, 21, 193, 1, -1, -0.7853981633974483, 1.4142135623730951
318, 14, 201, 72, 199, 72, 2, 0, 0.0, 2.0
318, 15, 155, 113, 154, 114, 1, -1, -0.7853981633974483, 1.4142135623730951
318, 16, 293, 405, 291, 405, 2, 0, 0.0, 2.0
318, 17, 165, 133, 164, 134, 1, -1, -0.7853981633974483, 1.4142135623730951
318, 19, 36, 195, 35, 197, 1, -2, -1.1071487177940904, 2.23606797749979
318, 20, 279, 109, 277, 108, 2, 1, 0.4636476090008061, 2.23606797749979
318, 21, 151, 150, 149, 150, 2, 0, 0.0, 2.0
318, 22, 117, 135, 115, 136, 2, -1, -0.4636476090008061, 2.23606797749979
318, 24, 33, 168, 32, 169, 1, -1, -0.7853981633974483, 1.4142135623730951
318, 25, 91, 107, 90, 108, 1, -1, -0.7853981633974483, 1.4142135623730951
318, 26, 321, 392, 319, 392, 2, 0, 0.0, 2.0
318, 28, 250, 394, 249, 393, 1, 1, 0.7853981633974483, 1.4142135623730951
318, 29, 286, 399, 284, 399, 2, 0, 0.0, 2.0
318, 30, 219, 398, 218, 399, 1, -1, -0.7853981633974483, 1.4142135623730951
318, 34, 215, 118, 214, 119, 1, -1, -0.7853981633974483, 1.4142135623730951
318, 37, 68, 293, 67, 294, 1, -1, -0.7853981633974483, 1.4142135623730951
318, 38, 117, 295, 116, 294, 1, 1, 0.7853981633974483, 1.4142135623730951
318, 39, 166, 165, 165, 166, 1, -1, -0.7853981633974483, 1.4142135623730951
318, 40, 162, 391, 159, 392, 3, -1, -0.3217505543966422, 3.1622776601683795
318, 41, 302, 368, 300, 368, 2, 0, 0.0, 2.0
318, 48, 27, 96, 25, 97, 2, -1, -0.4636476090008061, 2.23606797749979
318, 53, 176, 337, 173, 338, 3, -1, -0.3217505543966422, 3.1622776601683795
318, 54, 233, 146, 232, 147, 1, -1, -0.7853981633974483, 1.4142135623730951
318, 55, 38, 349, 37, 350, 1, -1, -0.7853981633974483, 1.4142135623730951
318, 57, 195, 110, 194, 111, 1, -1, -0.7853981633974483, 1.4142135623730951
318, 58, 209, 335, 208, 336, 1, -1, -0.7853981633974483, 1.4142135623730951
318, 62, 10, 124, 9, 125, 1, -1, -0.7853981633974483, 1.4142135623730951
318, 63, 129, 289, 127, 289, 2, 0, 0.0, 2.0
318, 64, 24, 139, 23, 140, 1, -1, -0.7853981633974483, 1.4142135623730951
318, 65, 207, 157, 205, 158, 2, -1, -0.4636476090008061, 2.23606797749979
319, 1, 248, 69, 246, 70, 2, -1, -0.4636476090008061, 2.23606797749979
319, 3, 120, 403, 118, 404, 2, -1, -0.4636476090008061, 2.23606797749979
319, 5, 296, 72, 294, 72, 2, 0, 0.0, 2.0
319, 6, 85, 121, 84, 122, 1, -1, -0.7853981633974483, 1.4142135623730951
319, 7, 194, 101, 193, 102, 1, -1, -0.7853981633974483, 1.4142135623730951
319, 8, 122, 164, 121, 165, 1, -1, -0.7853981633974483, 1.4142135623730951
319, 10, 233, 137, 231, 138, 2, -1, -0.4636476090008061, 2.23606797749979
319, 11, 387, 368, 383, 368, 4, 0, 0.0, 4.0
319, 13, 24, 191, 22, 192, 2, -1, -0.4636476090008061, 2.23606797749979
319, 14, 202, 71, 201, 72, 1, -1, -0.7853981633974483, 1.4142135623730951
319, 15, 156, 112, 155, 113, 1, -1, -0.7853981633974483, 1.4142135623730951
319, 16, 295, 404, 293, 405, 2, -1, -0.4636476090008061, 2.23606797749979
319, 18, 162, 72, 161, 73, 1, -1, -0.7853981633974483, 1.4142135623730951
319, 19, 37, 194, 36, 195, 1, -1, -0.7853981633974483, 1.4142135623730951
319, 20, 280, 110, 279, 109, 1, 1, 0.7853981633974483, 1.4142135623730951
319, 21, 153, 150, 151, 150, 2, 0, 0.0, 2.0
319, 22, 118, 134, 117, 135, 1, -1, -0.7853981633974483, 1.4142135623730951
319, 23, 39, 403, 38, 404, 1, -1, -0.7853981633974483, 1.4142135623730951
319, 24, 34, 167, 33, 168, 1, -1, -0.7853981633974483, 1.4142135623730951
319, 25, 92, 106, 91, 107, 1, -1, -0.7853981633974483, 1.4142135623730951
319, 26, 323, 392, 321, 392, 2, 0, 0.0, 2.0
319, 30, 220, 397, 219, 398, 1, -1, -0.7853981633974483, 1.4142135623730951
319, 33, 314, 130, 315, 129, -1, 1, 2.356194490192345, 1.4142135623730951
319, 34, 216, 117, 215, 118, 1, -1, -0.7853981633974483, 1.4142135623730951
319, 39, 167, 164, 166, 165, 1, -1, -0.7853981633974483, 1.4142135623730951
319, 40, 165, 391, 162, 391, 3, 0, 0.0, 3.0
319, 41, 304, 369, 302, 368, 2, 1, 0.4636476090008061, 2.23606797749979
319, 44, 117, 368, 115, 368, 2, 0, 0.0, 2.0
319, 50, 121, 129, 120, 130, 1, -1, -0.7853981633974483, 1.4142135623730951
319, 51, 158, 94, 154, 95, 4, -1, -0.24497866312686414, 4.123105625617661
319, 53, 179, 337, 176, 337, 3, 0, 0.0, 3.0
319, 54, 234, 145, 233, 146, 1, -1, -0.7853981633974483, 1.4142135623730951
319, 57, 196, 109, 195, 110, 1, -1, -0.7853981633974483, 1.4142135623730951
319, 60, 289, 123, 288, 124, 1, -1, -0.7853981633974483, 1.4142135623730951
319, 62, 12, 123, 10, 124, 2, -1, -0.4636476090008061, 2.23606797749979
319, 64, 25, 138, 24, 139, 1, -1, -0.7853981633974483, 1.4142135623730951
319, 65, 208, 156, 207, 157, 1, -1, -0.7853981633974483, 1.4142135623730951
320, 1, 23, 194, 21, 195, 2, -1, -0.4636476090008061, 2.23606797749979
320, 2, 119, 404, 118, 405, 1, -1, -0.7853981633974483, 1.4142135623730951
320, 4, 124, 167, 123, 168, 1, -1, -0.7853981633974483, 1.4142135623730951
320, 5, 284, 103, 282, 104, 2, -1, -0.4636476090008061, 2.23606797749979
320, 6, 232, 140, 231, 141, 1, -1, -0.7853981633974483, 1.4142135623730951
320, 9, 194, 104, 193, 105, 1, -1, -0.7853981633974483, 1.4142135623730951
320, 11, 200, 74, 199, 75, 1, -1, -0.7853981633974483, 1.4142135623730951
320, 13, 167, 134, 166, 135, 1, -1, -0.7853981633974483, 1.4142135623730951
320, 16, 294, 405, 292, 405, 2, 0, 0.0, 2.0
320, 18, 6, 124, 5, 125, 1, -1, -0.7853981633974483, 1.4142135623730951
320, 22, 34, 171, 33, 172, 1, -1, -0.7853981633974483, 1.4142135623730951
320, 23, 66, 294, 64, 294, 2, 0, 0.0, 2.0
320, 24, 388, 368, 386, 368, 2, 0, 0.0, 2.0
320, 26, 40, 407, 38, 408, 2, -1, -0.4636476090008061, 2.23606797749979
320, 28, 64, 327, 63, 328, 1, -1, -0.7853981633974483, 1.4142135623730951
320, 29, 158, 95, 156, 95, 2, 0, 0.0, 2.0
320, 31, 24, 96, 23, 97, 1, -1, -0.7853981633974483, 1.4142135623730951
320, 38, 94, 107, 93, 108, 1, -1, -0.7853981633974483, 1.4142135623730951
320, 41, 216, 396, 215, 397, 1, -1, -0.7853981633974483, 1.4142135623730951
320, 43, 13, 128, 11, 129, 2, -1, -0.4636476090008061, 2.23606797749979
320, 44, 216, 118, 215, 119, 1, -1, -0.7853981633974483, 1.4142135623730951
320, 45, 94, 313, 90, 314, 4, -1, -0.24497866312686414, 4.123105625617661
320, 47, 33, 197, 32, 198, 1, -1, -0.7853981633974483, 1.4142135623730951
320, 48, 118, 368, 115, 370, 3, -2, -0.5880026035475675, 3.605551275463989
320, 49, 284, 81, 284, 83, 0, -2, -1.5707963267948966, 2.0
320, 53, 286, 128, 285, 129, 1, -1, -0.7853981633974483, 1.4142135623730951
320, 55, 303, 373, 301, 373, 2, 0, 0.0, 2.0
320, 57, 63, 139, 62, 140, 1, -1, -0.7853981633974483, 1.4142135623730951
320, 58, 174, 375, 172, 376, 2, -1, -0.4636476090008061, 2.23606797749979
320, 59, 177, 341, 175, 341, 2, 0, 0.0, 2.0
320, 60, 156, 334, 155, 335, 1, -1, -0.7853981633974483, 1.4142135623730951
320, 61, 208, 159, 207, 160, 1, -1, -0.7853981633974483, 1.4142135623730951
320, 63, 137, 382, 136, 383, 1, -1, -0.7853981633974483, 1.4142135623730951
320, 64, 252, 123, 251, 124, 1, -1, -0.7853981633974483, 1.4142135623730951
320, 65, 178, 385, 176, 385, 2, 0, 0.0, 2.0
320, 66, 149, 146, 148, 147, 1, -1, -0.7853981633974483, 1.4142135623730951
320, 67, 263, 341, 260, 341, 3, 0, 0.0, 3.0
320, 68, 293, 396, 291, 396, 2, 0, 0.0, 2.0
321, 3, 65, 165, 64, 166, 1, -1, -0.7853981633974483, 1.4142135623730951
321, 4, 125, 166, 124, 167, 1, -1, -0.7853981633974483, 1.4142135623730951
321, 5, 286, 103, 284, 103, 2, 0, 0.0, 2.0
321, 7, 294, 72, 293, 73, 1, -1, -0.7853981633974483, 1.4142135623730951
321, 9, 195, 103, 194, 104, 1, -1, -0.7853981633974483, 1.4142135623730951
321, 10, 85, 124, 84, 125, 1, -1, -0.7853981633974483, 1.4142135623730951
321, 11, 201, 73, 200, 74, 1, -1, -0.7853981633974483, 1.4142135623730951
321, 12, 157, 115, 156, 116, 1, -1, -0.7853981633974483, 1.4142135623730951
321, 13, 168, 133, 167, 134, 1, -1, -0.7853981633974483, 1.4142135623730951
321, 14, 245, 71, 244, 72, 1, -1, -0.7853981633974483, 1.4142135623730951
321, 16, 296, 404, 294, 405, 2, -1, -0.4636476090008061, 2.23606797749979
321, 18, 7, 123, 6, 124, 1, -1, -0.7853981633974483, 1.4142135623730951
321, 24, 390, 368, 388, 368, 2, 0, 0.0, 2.0
321, 26, 41, 406, 40, 407, 1, -1, -0.7853981633974483, 1.4142135623730951
321, 28, 65, 326, 64, 327, 1, -1, -0.7853981633974483, 1.4142135623730951
321, 31, 25, 95, 24, 96, 1, -1, -0.7853981633974483, 1.4142135623730951
321, 32, 323, 392, 322, 393, 1, -1, -0.7853981633974483, 1.4142135623730951
321, 35, 121, 296, 119, 296, 2, 0, 0.0, 2.0
321, 38, 96, 106, 94, 107, 2, -1, -0.4636476090008061, 2.23606797749979
321, 39, 190, 313, 187, 314, 3, -1, -0.3217505543966422, 3.1622776601683795
321, 40, 202, 112, 201, 113, 1, -1, -0.7853981633974483, 1.4142135623730951
321, 41, 218, 395, 216, 396, 2, -1, -0.4636476090008061, 2.23606797749979
321, 43, 15, 127, 13, 128, 2, -1, -0.4636476090008061, 2.23606797749979
321, 44, 217, 117, 216, 118, 1, -1, -0.7853981633974483, 1.4142135623730951
321, 46, 126, 103, 124, 103, 2, 0, 0.0, 2.0
321, 49, 285, 79, 284, 81, 1, -2, -1.1071487177940904, 2.23606797749979
321, 51, 91, 341, 89, 341, 2, 0, 0.0, 2.0
321, 52, 8, 92, 7, 93, 1, -1, -0.7853981633974483, 1.4142135623730951
321, 53, 287, 127, 286, 128, 1, -1, -0.7853981633974483, 1.4142135623730951
321, 55, 305, 372, 303, 373, 2, -1, -0.4636476090008061, 2.23606797749979
321, 56, 125, 398, 124, 399, 1, -1, -0.7853981633974483, 1.4142135623730951
321, 57, 64, 138, 63, 139, 1, -1, -0.7853981633974483, 1.4142135623730951
321, 58, 176, 375, 174, 375, 2, 0, 0.0, 2.0
321, 59, 179, 340, 177, 341, 2, -1, -0.4636476090008061, 2.23606797749979
321, 60, 158, 334, 156, 334, 2, 0, 0.0, 2.0
321, 61, 210, 158, 208, 159, 2, -1, -0.4636476090008061, 2.23606797749979
321, 62, 53, 326, 52, 327, 1, -1, -0.7853981633974483, 1.4142135623730951
321, 64, 254, 122, 252, 123, 2, -1, -0.4636476090008061, 2.23606797749979
321, 65, 180, 385, 178, 385, 2, 0, 0.0, 2.0
321, 66, 150, 145, 149, 146, 1, -1, -0.7853981633974483, 1.4142135623730951
321, 67, 266, 341, 263, 341, 3, 0, 0.0, 3.0
321, 68, 295, 396, 293, 396, 2, 0, 0.0, 2.0
322, 2, 121, 403, 120, 404, 1, -1, -0.7853981633974483, 1.4142135623730951
322, 4, 127, 166, 125, 166, 2, 0, 0.0, 2.0
322, 6, 233, 138, 232, 139, 1, -1, -0.7853981633974483, 1.4142135623730951
322, 7, 295, 71, 294, 72, 1, -1, -0.7853981633974483, 1.4142135623730951
322, 8, 80, 406, 79, 407, 1, -1, -0.7853981633974483, 1.4142135623730951
322, 9, 196, 102, 195, 103, 1, -1, -0.7853981633974483, 1.4142135623730951
322, 10, 86, 123, 85, 124, 1, -1, -0.7853981633974483, 1.4142135623730951
322, 11, 202, 72, 201, 73, 1, -1, -0.7853981633974483, 1.4142135623730951
322, 13, 169, 132, 168, 133, 1, -1, -0.7853981633974483, 1.4142135623730951
322, 14, 246, 70, 245, 71, 1, -1, -0.7853981633974483, 1.4142135623730951
322, 16, 298, 404, 296, 404, 2, 0, 0.0, 2.0
322, 18, 9, 122, 7, 123, 2, -1, -0.4636476090008061, 2.23606797749979
322, 20, 176, 137, 175, 138, 1, -1, -0.7853981633974483, 1.4142135623730951
322, 24, 392, 367, 390, 368, 2, -1, -0.4636476090008061, 2.23606797749979
322, 26, 43, 405, 41, 406, 2, -1, -0.4636476090008061, 2.23606797749979
322, 28, 66, 325, 65, 326, 1, -1, -0.7853981633974483, 1.4142135623730951
322, 29, 161, 95, 159, 95, 2, 0, 0.0, 2.0
322, 31, 26, 94, 25, 95, 1, -1, -0.7853981633974483, 1.4142135623730951
322, 32, 325, 391, 323, 392, 2, -1, -0.4636476090008061, 2.23606797749979
322, 34, 55, 383, 53, 383, 2, 0, 0.0, 2.0
322, 38, 98, 106, 96, 106, 2, 0, 0.0, 2.0
322, 39, 192, 314, 190, 313, 2, 1, 0.4636476090008061, 2.23606797749979
322, 41, 220, 395, 218, 395, 2, 0, 0.0, 2.0
322, 42, 121, 135, 120, 136, 1, -1, -0.7853981633974483, 1.4142135623730951
322, 43, 16, 126, 15, 127, 1, -1, -0.7853981633974483, 1.4142135623730951
322, 44, 218, 116, 217, 117, 1, -1, -0.7853981633974483, 1.4142135623730951
322, 45, 97, 313, 95, 313, 2, 0, 0.0, 2.0
322, 46, 128, 103, 126, 103, 2, 0, 0.0, 2.0
322, 49, 285, 81, 285, 79, 0, 2, 1.5707963267948966, 2.0
322, 52, 9, 91, 8, 92, 1, -1, -0.7853981633974483, 1.4142135623730951
322, 53, 289, 126, 287, 127, 2, -1, -0.4636476090008061, 2.23606797749979
322, 57, 65, 137, 64, 138, 1, -1, -0.7853981633974483, 1.4142135623730951
322, 58, 178, 375, 176, 375, 2, 0, 0.0, 2.0
322, 59, 181, 341, 179, 340, 2, 1, 0.4636476090008061, 2.23606797749979
322, 61, 211, 157, 210, 158, 1, -1, -0.7853981633974483, 1.4142135623730951
322, 64, 255, 121, 254, 122, 1, -1, -0.7853981633974483, 1.4142135623730951
323, 0, 158, 307, 156, 307, 2, 0, 0.0, 2.0
323, 9, 197, 101, 196, 102, 1, -1, -0.7853981633974483, 1.4142135623730951
323, 10, 87, 122, 86, 123, 1, -1, -0.7853981633974483, 1.4142135623730951
323, 11, 203, 71, 202, 72, 1, -1, -0.7853981633974483, 1.4142135623730951
323, 12, 159, 114, 158, 115, 1, -1, -0.7853981633974483, 1.4142135623730951
323, 15, 164, 72, 163, 73, 1, -1, -0.7853981633974483, 1.4142135623730951
323, 16, 300, 404, 298, 404, 2, 0, 0.0, 2.0
323, 18, 11, 121, 9, 122, 2, -1, -0.4636476090008061, 2.23606797749979
323, 19, 132, 296, 130, 296, 2, 0, 0.0, 2.0
323, 20, 177, 136, 176, 137, 1, -1, -0.7853981633974483, 1.4142135623730951
323, 24, 394, 366, 392, 367, 2, -1, -0.4636476090008061, 2.23606797749979
323, 26, 45, 404, 43, 405, 2, -1, -0.4636476090008061, 2.23606797749979
323, 29, 162, 94, 161, 95, 1, -1, -0.7853981633974483, 1.4142135623730951
323, 31, 27, 93, 26, 94, 1, -1, -0.7853981633974483, 1.4142135623730951
323, 32, 327, 390, 325, 391, 2, -1, -0.4636476090008061, 2.23606797749979
323, 36, 43, 352, 41, 353, 2, -1, -0.4636476090008061, 2.23606797749979
323, 38, 99, 107, 98, 106, 1, 1, 0.7853981633974483, 1.4142135623730951
323, 39, 194, 313, 192, 314, 2, -1, -0.4636476090008061, 2.23606797749979
323, 41, 222, 394, 220, 395, 2, -1, -0.4636476090008061, 2.23606797749979
323, 42, 122, 134, 121, 135, 1, -1, -0.7853981633974483, 1.4142135623730951
323, 43, 18, 125, 16, 126, 2, -1, -0.4636476090008061, 2.23606797749979
323, 44, 219, 115, 218, 116, 1, -1, -0.7853981633974483, 1.4142135623730951
323, 46, 129, 102, 128, 103, 1, -1, -0.7853981633974483, 1.4142135623730951
323, 47, 35, 195, 33, 196, 2, -1, -0.4636476090008061, 2.23606797749979
323, 49, 287, 80, 285, 81, 2, -1, -0.4636476090008061, 2.23606797749979
323, 52, 10, 90, 9, 91, 1, -1, -0.7853981633974483, 1.4142135623730951
323, 53, 291, 125, 289, 126, 2, -1, -0.4636476090008061, 2.23606797749979
323, 55, 308, 372, 306, 372, 2, 0, 0.0, 2.0
323, 57, 66, 136, 65, 137, 1, -1, -0.7853981633974483, 1.4142135623730951
323, 58, 181, 376, 178, 375, 3, 1, 0.3217505543966422, 3.1622776601683795
323, 59, 182, 342, 181, 341, 1, 1, 0.7853981633974483, 1.4142135623730951
323, 60, 161, 334, 159, 334, 2, 0, 0.0, 2.0
323, 64, 256, 120, 255, 121, 1, -1, -0.7853981633974483, 1.4142135623730951
323, 67, 265, 342, 266, 341, -1, 1, 2.356194490192345, 1.4142135623730951
324, 0, 160, 307, 158, 307, 2, 0, 0.0, 2.0
324, 1, 28, 193, 26, 194, 2, -1, -0.4636476090008061, 2.23606797749979
324, 2, 123, 402, 122, 403, 1, -1, -0.7853981633974483, 1.4142135623730951
324, 3, 68, 164, 67, 165, 1, -1, -0.7853981633974483, 1.4142135623730951
324, 5, 289, 104, 288, 103, 1, 1, 0.7853981633974483, 1.4142135623730951
324, 6, 235, 137, 234, 138, 1, -1, -0.7853981633974483, 1.4142135623730951
324, 7, 298, 72, 296, 71, 2, 1, 0.4636476090008061, 2.23606797749979
324, 9, 198, 100, 197, 101, 1, -1, -0.7853981633974483, 1.4142135623730951
324, 11, 205, 71, 203, 71, 2, 0, 0.0, 2.0
324, 14, 249, 70, 247, 70, 2, 0, 0.0, 2.0
324, 15, 166, 71, 164, 72, 2, -1, -0.4636476090008061, 2.23606797749979
324, 17, 68, 320, 67, 321, 1, -1, -0.7853981633974483, 1.4142135623730951
324, 18, 12, 120, 11, 121, 1, -1, -0.7853981633974483, 1.4142135623730951
324, 19, 134, 296, 132, 296, 2, 0, 0.0, 2.0
324, 22, 37, 168, 35, 169, 2, -1, -0.4636476090008061, 2.23606797749979
324, 24, 395, 364, 394, 366, 1, -2, -1.1071487177940904, 2.23606797749979
324, 28, 69, 325, 67, 325, 2, 0, 0.0, 2.0
324, 29, 163, 93, 162, 94, 1, -1, -0.7853981633974483, 1.4142135623730951
324, 32, 329, 390, 327, 390, 2, 0, 0.0, 2.0
324, 33, 176, 167, 175, 168, 1, -1, -0.7853981633974483, 1.4142135623730951
324, 35, 125, 296, 123, 296, 2, 0, 0.0, 2.0
324, 36, 44, 351, 43, 352, 1, -1, -0.7853981633974483, 1.4142135623730951
324, 37, 242, 331, 241, 332, 1, -1, -0.7853981633974483, 1.4142135623730951
324, 39, 196, 313, 194, 313, 2, 0, 0.0, 2.0
324, 40, 205, 111, 204, 112, 1, -1, -0.7853981633974483, 1.4142135623730951
324, 41, 224, 393, 222, 394, 2, -1, -0.4636476090008061, 2.23606797749979
324, 42, 123, 133, 122, 134, 1, -1, -0.7853981633974483, 1.4142135623730951
324, 43, 19, 123, 18, 125, 1, -2, -1.1071487177940904, 2.23606797749979
324, 44, 220, 114, 219, 115, 1, -1, -0.7853981633974483, 1.4142135623730951
324, 50, 132, 321, 131, 322, 1, -1, -0.7853981633974483, 1.4142135623730951
324, 53, 292, 124, 291, 125, 1, -1, -0.7853981633974483, 1.4142135623730951
324, 55, 310, 372, 308, 372, 2, 0, 0.0, 2.0
324, 57, 67, 135, 66, 136, 1, -1, -0.7853981633974483, 1.4142135623730951
324, 60, 162, 333, 161, 334, 1, -1, -0.7853981633974483, 1.4142135623730951
324, 61, 213, 154, 211, 156, 2, -2, -0.7853981633974483, 2.8284271247461903
324, 64, 257, 119, 256, 120, 1, -1, -0.7853981633974483, 1.4142135623730951
324, 65, 182, 384, 181, 385, 1, -1, -0.7853981633974483, 1.4142135623730951
325, 0, 250, 72, 248, 72, 2, 0, 0.0, 2.0
325, 1, 9, 124, 7, 124, 2, 0, 0.0, 2.0
325, 2, 206, 75, 204, 75, 2, 0, 0.0, 2.0
325, 3, 28, 194, 26, 195, 2, -1, -0.4636476090008061, 2.23606797749979
325, 4, 123, 403, 122, 404, 1, -1, -0.7853981633974483, 1.4142135623730951
325, 5, 169, 134, 168, 135, 1, -1, -0.7853981633974483, 1.4142135623730951
325, 6, 298, 75, 296, 75, 2, 0, 0.0, 2.0
325, 8, 89, 125, 88, 126, 1, -1, -0.7853981633974483, 1.4142135623730951
325, 9, 160, 115, 159, 116, 1, -1, -0.7853981633974483, 1.4142135623730951
325, 10, 199, 103, 198, 104, 1, -1, -0.7853981633974483, 1.4142135623730951
325, 11, 128, 167, 127, 168, 1, -1, -0.7853981633974483, 1.4142135623730951
325, 12, 158, 307, 156, 307, 2, 0, 0.0, 2.0
325, 13, 167, 72, 165, 73, 2, -1, -0.4636476090008061, 2.23606797749979
325, 17, 394, 367, 392, 368, 2, -1, -0.4636476090008061, 2.23606797749979
325, 19, 329, 392, 327, 393, 2, -1, -0.4636476090008061, 2.23606797749979
325, 20, 285, 103, 284, 104, 1, -1, -0.7853981633974483, 1.4142135623730951
325, 22, 46, 406, 44, 406, 2, 0, 0.0, 2.0
325, 24, 294, 126, 292, 127, 2, -1, -0.4636476090008061, 2.23606797749979
325, 25, 69, 326, 68, 327, 1, -1, -0.7853981633974483, 1.4142135623730951
325, 26, 37, 169, 36, 170, 1, -1, -0.7853981633974483, 1.4142135623730951
325, 30, 57, 382, 56, 383, 1, -1, -0.7853981633974483, 1.4142135623730951
325, 32, 205, 109, 204, 110, 1, -1, -0.7853981633974483, 1.4142135623730951
325, 34, 52, 171, 50, 172, 2, -1, -0.4636476090008061, 2.23606797749979
325, 35, 44, 353, 43, 354, 1, -1, -0.7853981633974483, 1.4142135623730951
325, 36, 283, 370, 280, 370, 3, 0, 0.0, 3.0
325, 38, 220, 118, 219, 119, 1, -1, -0.7853981633974483, 1.4142135623730951
325, 39, 190, 343, 190, 341, 0, 2, 1.5707963267948966, 2.0
325, 40, 98, 315, 96, 315, 2, 0, 0.0, 2.0
325, 41, 28, 95, 27, 96, 1, -1, -0.7853981633974483, 1.4142135623730951
325, 42, 163, 94, 161, 95, 2, -1, -0.4636476090008061, 2.23606797749979
325, 48, 228, 392, 227, 393, 1, -1, -0.7853981633974483, 1.4142135623730951
325, 49, 333, 128, 331, 130, 2, -2, -0.7853981633974483, 2.8284271247461903
325, 50, 145, 152, 143, 152, 2, 0, 0.0, 2.0
325, 52, 129, 399, 127, 399, 2, 0, 0.0, 2.0
325, 53, 254, 396, 252, 396, 2, 0, 0.0, 2.0
325, 54, 11, 185, 9, 185, 2, 0, 0.0, 2.0
325, 55, 97, 151, 96, 152, 1, -1, -0.7853981633974483, 1.4142135623730951
325, 57, 254, 352, 250, 351, 4, 1, 0.24497866312686414, 4.123105625617661
325, 58, 313, 372, 311, 373, 2, -1, -0.4636476090008061, 2.23606797749979
325, 59, 204, 139, 202, 140, 2, -1, -0.4636476090008061, 2.23606797749979
325, 61, 121, 364, 119, 364, 2, 0, 0.0, 2.0
325, 62, 67, 138, 65, 138, 2, 0, 0.0, 2.0
325, 65, 180, 395, 176, 395, 4, 0, 0.0, 4.0
325, 67, 19, 291, 17, 291, 2, 0, 0.0, 2.0
325, 68, 222, 394, 220, 395, 2, -1, -0.4636476090008061, 2.23606797749979
325, 71, 68, 115, 65, 116, 3, -1, -0.3217505543966422, 3.1622776601683795
326, 0, 252, 72, 250, 72, 2, 0, 0.0, 2.0
326, 1, 11, 123, 9, 124, 2, -1, -0.4636476090008061, 2.23606797749979
326, 2, 207, 74, 206, 75, 1, -1, -0.7853981633974483, 1.4142135623730951
326, 3, 29, 193, 28, 194, 1, -1, -0.7853981633974483, 1.4142135623730951
326, 4, 124, 402, 123, 403, 1, -1, -0.7853981633974483, 1.4142135623730951
326, 6, 300, 75, 298, 75, 2, 0, 0.0, 2.0
326, 7, 69, 165, 68, 166, 1, -1, -0.7853981633974483, 1.4142135623730951
326, 9, 161, 114, 160, 115, 1, -1, -0.7853981633974483, 1.4142135623730951
326, 10, 200, 102, 199, 103, 1, -1, -0.7853981633974483, 1.4142135623730951
326, 13, 168, 71, 167, 72, 1, -1, -0.7853981633974483, 1.4142135623730951
326, 15, 302, 401, 301, 402, 1, -1, -0.7853981633974483, 1.4142135623730951
326, 16, 181, 133, 180, 134, 1, -1, -0.7853981633974483, 1.4142135623730951
326, 17, 397, 366, 394, 367, 3, -1, -0.3217505543966422, 3.1622776601683795
326, 19, 331, 392, 329, 392, 2, 0, 0.0, 2.0
326, 22, 48, 406, 46, 406, 2, 0, 0.0, 2.0
326, 23, 236, 139, 235, 140, 1, -1, -0.7853981633974483, 1.4142135623730951
326, 24, 296, 125, 294, 126, 2, -1, -0.4636476090008061, 2.23606797749979
326, 25, 71, 326, 69, 326, 2, 0, 0.0, 2.0
326, 26, 38, 168, 37, 169, 1, -1, -0.7853981633974483, 1.4142135623730951
326, 29, 134, 290, 133, 291, 1, -1, -0.7853981633974483, 1.4142135623730951
326, 32, 206, 108, 205, 109, 1, -1, -0.7853981633974483, 1.4142135623730951
326, 33, 125, 131, 124, 132, 1, -1, -0.7853981633974483, 1.4142135623730951
326, 34, 53, 170, 52, 171, 1, -1, -0.7853981633974483, 1.4142135623730951
326, 36, 286, 370, 283, 370, 3, 0, 0.0, 3.0
326, 37, 304, 345, 303, 346, 1, -1, -0.7853981633974483, 1.4142135623730951
326, 39, 193, 344, 190, 343, 3, 1, 0.3217505543966422, 3.1622776601683795
326, 40, 99, 316, 98, 315, 1, 1, 0.7853981633974483, 1.4142135623730951
326, 41, 29, 94, 28, 95, 1, -1, -0.7853981633974483, 1.4142135623730951
326, 42, 164, 93, 163, 94, 1, -1, -0.7853981633974483, 1.4142135623730951
326, 46, 265, 133, 265, 135, 0, -2, -1.5707963267948966, 2.0
326, 49, 335, 128, 333, 128, 2, 0, 0.0, 2.0
326, 50, 147, 152, 145, 152, 2, 0, 0.0, 2.0
326, 54, 14, 184, 11, 185, 3, -1, -0.3217505543966422, 3.1622776601683795
326, 55, 98, 150, 97, 151, 1, -1, -0.7853981633974483, 1.4142135623730951
326, 57, 256, 352, 254, 352, 2, 0, 0.0, 2.0
326, 58, 314, 371, 313, 372, 1, -1, -0.7853981633974483, 1.4142135623730951
326, 59, 205, 138, 204, 139, 1, -1, -0.7853981633974483, 1.4142135623730951
326, 61, 122, 363, 121, 364, 1, -1, -0.7853981633974483, 1.4142135623730951
326, 62, 69, 138, 67, 138, 2, 0, 0.0, 2.0
326, 65, 184, 395, 180, 395, 4, 0, 0.0, 4.0
326, 69, 161, 329, 160, 330, 1, -1, -0.7853981633974483, 1.4142135623730951
327, 0, 254, 72, 252, 72, 2, 0, 0.0, 2.0
327, 1, 13, 122, 11, 123, 2, -1, -0.4636476090008061, 2.23606797749979
327, 2, 210, 73, 207, 74, 3, -1, -0.3217505543966422, 3.1622776601683795
327, 4, 125, 401, 124, 402, 1, -1, -0.7853981633974483, 1.4142135623730951
327, 6, 302, 75, 300, 75, 2, 0, 0.0, 2.0
327, 8, 91, 124, 90, 125, 1, -1, -0.7853981633974483, 1.4142135623730951
327, 10, 201, 101, 200, 102, 1, -1, -0.7853981633974483, 1.4142135623730951
327, 11, 130, 166, 129, 167, 1, -1, -0.7853981633974483, 1.4142135623730951
327, 16, 182, 134, 181, 133, 1, 1, 0.7853981633974483, 1.4142135623730951
327, 17, 400, 365, 397, 366, 3, -1, -0.3217505543966422, 3.1622776601683795
327, 18, 84, 406, 83, 407, 1, -1, -0.7853981633974483, 1.4142135623730951
327, 19, 333, 392, 331, 392, 2, 0, 0.0, 2.0
327, 23, 237, 138, 236, 139, 1, -1, -0.7853981633974483, 1.4142135623730951
327, 24, 298, 124, 296, 125, 2, -1, -0.4636476090008061, 2.23606797749979
327, 25, 73, 326, 71, 326, 2, 0, 0.0, 2.0
327, 26, 39, 167, 38, 168, 1, -1, -0.7853981633974483, 1.4142135623730951
327, 32, 207, 107, 206, 108, 1, -1, -0.7853981633974483, 1.4142135623730951
327, 34, 55, 169, 53, 170, 2, -1, -0.4636476090008061, 2.23606797749979
327, 35, 47, 353, 45, 353, 2, 0, 0.0, 2.0
327, 36, 287, 371, 286, 370, 1, 1, 0.7853981633974483, 1.4142135623730951
327, 39, 194, 345, 193, 344, 1, 1, 0.7853981633974483, 1.4142135623730951
327, 42, 166, 92, 164, 93, 2, -1, -0.4636476090008061, 2.23606797749979
327, 46, 266, 132, 265, 133, 1, -1, -0.7853981633974483, 1.4142135623730951
327, 47, 353, 351, 351, 351, 2, 0, 0.0, 2.0
327, 49, 338, 127, 335, 128, 3, -1, -0.3217505543966422, 3.1622776601683795
327, 50, 148, 151, 147, 152, 1, -1, -0.7853981633974483, 1.4142135623730951
327, 53, 257, 397, 255, 396, 2, 1, 0.4636476090008061, 2.23606797749979
327, 54, 15, 183, 14, 184, 1, -1, -0.7853981633974483, 1.4142135623730951
327, 55, 99, 149, 98, 150, 1, -1, -0.7853981633974483, 1.4142135623730951
327, 57, 258, 353, 256, 352, 2, 1, 0.4636476090008061, 2.23606797749979
327, 59, 206, 139, 205, 138, 1, 1, 0.7853981633974483, 1.4142135623730951
327, 62, 71, 137, 69, 138, 2, -1, -0.4636476090008061, 2.23606797749979
327, 65, 187, 395, 184, 395, 3, 0, 0.0, 3.0
327, 66, 129, 341, 128, 342, 1, -1, -0.7853981633974483, 1.4142135623730951
327, 68, 224, 393, 223, 394, 1, -1, -0.7853981633974483, 1.4142135623730951
327, 70, 155, 357, 154, 358, 1, -1, -0.7853981633974483, 1.4142135623730951
328, 0, 256, 71, 254, 72, 2, -1, -0.4636476090008061, 2.23606797749979
328, 1, 15, 121, 13, 122, 2, -1, -0.4636476090008061, 2.23606797749979
328, 2, 211, 72, 210, 73, 1, -1, -0.7853981633974483, 1.4142135623730951
328, 3, 31, 192, 30, 193, 1, -1, -0.7853981633974483, 1.4142135623730951
328, 4, 126, 400, 125, 401, 1, -1, -0.7853981633974483, 1.4142135623730951
328, 5, 171, 132, 170, 133, 1, -1, -0.7853981633974483, 1.4142135623730951
328, 7, 71, 164, 70, 165, 1, -1, -0.7853981633974483, 1.4142135623730951
328, 8, 94, 123, 91, 124, 3, -1, -0.3217505543966422, 3.1622776601683795
328, 10, 202, 100, 201, 101, 1, -1, -0.7853981633974483, 1.4142135623730951
328, 12, 163, 308, 160, 307, 3, 1, 0.3217505543966422, 3.1622776601683795
328, 13, 172, 71, 169, 71, 3, 0, 0.0, 3.0
328, 14, 97, 388, 96, 389, 1, -1, -0.7853981633974483, 1.4142135623730951
328, 17, 401, 364, 400, 365, 1, -1, -0.7853981633974483, 1.4142135623730951
328, 18, 85, 405, 84, 406, 1, -1, -0.7853981633974483, 1.4142135623730951
328, 19, 337, 392, 333, 392, 4, 0, 0.0, 4.0
328, 20, 288, 102, 287, 103, 1, -1, -0.7853981633974483, 1.4142135623730951
328, 23, 238, 137, 237, 138, 1, -1, -0.7853981633974483, 1.4142135623730951
328, 24, 300, 123, 298, 124, 2, -1, -0.4636476090008061, 2.23606797749979
328, 25, 75, 326, 73, 326, 2, 0, 0.0, 2.0
328, 26, 41, 167, 39, 167, 2, 0, 0.0, 2.0
328, 29, 137, 291, 135, 290, 2, 1, 0.4636476090008061, 2.23606797749979
328, 30, 61, 382, 59, 382, 2, 0, 0.0, 2.0
328, 35, 49, 353, 47, 353, 2, 0, 0.0, 2.0
328, 36, 289, 372, 287, 371, 2, 1, 0.4636476090008061, 2.23606797749979
328, 38, 222, 117, 221, 118, 1, -1, -0.7853981633974483, 1.4142135623730951
328, 41, 31, 92, 29, 93, 2, -1, -0.4636476090008061, 2.23606797749979
328, 44, 244, 328, 243, 329, 1, -1, -0.7853981633974483, 1.4142135623730951
328, 46, 267, 131, 266, 132, 1, -1, -0.7853981633974483, 1.4142135623730951
328, 47, 355, 351, 353, 351, 2, 0, 0.0, 2.0
328, 48, 229, 391, 228, 392, 1, -1, -0.7853981633974483, 1.4142135623730951
328, 49, 339, 126, 338, 127, 1, -1, -0.7853981633974483, 1.4142135623730951
328, 51, 212, 368, 209, 369, 3, -1, -0.3217505543966422, 3.1622776601683795
328, 52, 132, 398, 131, 399, 1, -1, -0.7853981633974483, 1.4142135623730951
328, 53, 261, 397, 257, 397, 4, 0, 0.0, 4.0
328, 54, 17, 181, 15, 183, 2, -2, -0.7853981633974483, 2.8284271247461903
328, 57, 260, 354, 258, 353, 2, 1, 0.4636476090008061, 2.23606797749979
328, 61, 123, 362, 122, 363, 1, -1, -0.7853981633974483, 1.4142135623730951
328, 62, 73, 136, 71, 137, 2, -1, -0.4636476090008061, 2.23606797749979
328, 65, 189, 396, 187, 395, 2, 1, 0.4636476090008061, 2.23606797749979
328, 66, 130, 340, 129, 341, 1, -1, -0.7853981633974483, 1.4142135623730951
328, 68, 225, 392, 224, 393, 1, -1, -0.7853981633974483, 1.4142135623730951
328, 69, 164, 328, 162, 329, 2, -1, -0.4636476090008061, 2.23606797749979
328, 70, 159, 357, 155, 357, 4, 0, 0.0, 4.0
329, 0, 258, 70, 256, 71, 2, -1, -0.4636476090008061, 2.23606797749979
329, 1, 17, 120, 15, 121, 2, -1, -0.4636476090008061, 2.23606797749979
329, 2, 214, 71, 211, 72, 3, -1, -0.3217505543966422, 3.1622776601683795
329, 3, 33, 191, 31, 192, 2, -1, -0.4636476090008061, 2.23606797749979
329, 4, 127, 399, 126, 400, 1, -1, -0.7853981633974483, 1.4142135623730951
329, 5, 172, 131, 171, 132, 1, -1, -0.7853981633974483, 1.4142135623730951
329, 6, 305, 74, 303, 75, 2, -1, -0.4636476090008061, 2.23606797749979
329, 8, 95, 122, 94, 123, 1, -1, -0.7853981633974483, 1.4142135623730951
329, 9, 164, 112, 162, 113, 2, -1, -0.4636476090008061, 2.23606797749979
329, 10, 203, 99, 202, 100, 1, -1, -0.7853981633974483, 1.4142135623730951
329, 11, 131, 164, 130, 165, 1, -1, -0.7853981633974483, 1.4142135623730951
329, 14, 98, 387, 97, 388, 1, -1, -0.7853981633974483, 1.4142135623730951
329, 15, 305, 401, 303, 401, 2, 0, 0.0, 2.0
329, 17, 404, 364, 401, 364, 3, 0, 0.0, 3.0
329, 18, 87, 405, 85, 405, 2, 0, 0.0, 2.0
329, 19, 340, 391, 337, 392, 3, -1, -0.3217505543966422, 3.1622776601683795
329, 21, 129, 299, 127, 299, 2, 0, 0.0, 2.0
329, 24, 301, 122, 300, 123, 1, -1, -0.7853981633974483, 1.4142135623730951
329, 26, 42, 166, 41, 167, 1, -1, -0.7853981633974483, 1.4142135623730951
329, 31, 178, 168, 176, 169, 2, -1, -0.4636476090008061, 2.23606797749979
329, 33, 127, 129, 126, 130, 1, -1, -0.7853981633974483, 1.4142135623730951
329, 37, 307, 344, 306, 345, 1, -1, -0.7853981633974483, 1.4142135623730951
329, 40, 103, 316, 101, 316, 2, 0, 0.0, 2.0
329, 41, 32, 91, 31, 92, 1, -1, -0.7853981633974483, 1.4142135623730951
329, 42, 169, 91, 167, 92, 2, -1, -0.4636476090008061, 2.23606797749979
329, 44, 245, 329, 244, 328, 1, 1, 0.7853981633974483, 1.4142135623730951
329, 46, 267, 129, 267, 131, 0, -2, -1.5707963267948966, 2.0
329, 47, 357, 350, 355, 351, 2, -1, -0.4636476090008061, 2.23606797749979
329, 48, 230, 392, 229, 391, 1, 1, 0.7853981633974483, 1.4142135623730951
329, 49, 340, 125, 339, 126, 1, -1, -0.7853981633974483, 1.4142135623730951
329, 52, 133, 397, 132, 398, 1, -1, -0.7853981633974483, 1.4142135623730951
329, 53, 262, 396, 261, 397, 1, -1, -0.7853981633974483, 1.4142135623730951
329, 54, 21, 180, 17, 181, 4, -1, -0.24497866312686414, 4.123105625617661
329, 56, 170, 304, 168, 304, 2, 0, 0.0, 2.0
329, 57, 258, 354, 260, 354, -2, 0, 3.141592653589793, 2.0
329, 61, 124, 361, 123, 362, 1, -1, -0.7853981633974483, 1.4142135623730951
329, 62, 75, 135, 73, 136, 2, -1, -0.4636476090008061, 2.23606797749979
329, 66, 132, 339, 130, 340, 2, -1, -0.4636476090008061, 2.23606797749979
330, 0, 163, 310, 161, 310, 2, 0, 0.0, 2.0
330, 1, 256, 71, 254, 72, 2, -1, -0.4636476090008061, 2.23606797749979
330, 2, 171, 71, 169, 72, 2, -1, -0.4636476090008061, 2.23606797749979
330, 3, 31, 194, 30, 195, 1, -1, -0.7853981633974483, 1.4142135623730951
330, 4, 212, 74, 210, 75, 2, -1, -0.4636476090008061, 2.23606797749979
330, 5, 128, 403, 126, 404, 2, -1, -0.4636476090008061, 2.23606797749979
330, 6, 401, 367, 399, 368, 2, -1, -0.4636476090008061, 2.23606797749979
330, 7, 72, 165, 71, 166, 1, -1, -0.7853981633974483, 1.4142135623730951
330, 8, 305, 406, 303, 406, 2, 0, 0.0, 2.0
330, 9, 131, 166, 130, 167, 1, -1, -0.7853981633974483, 1.4142135623730951
330, 10, 304, 74, 302, 75, 2, -1, -0.4636476090008061, 2.23606797749979
330, 11, 172, 132, 172, 134, 0, -2, -1.5707963267948966, 2.0
330, 12, 203, 103, 202, 104, 1, -1, -0.7853981633974483, 1.4142135623730951
330, 13, 95, 125, 94, 126, 1, -1, -0.7853981633974483, 1.4142135623730951
330, 14, 15, 124, 13, 125, 2, -1, -0.4636476090008061, 2.23606797749979
330, 18, 163, 115, 162, 116, 1, -1, -0.7853981633974483, 1.4142135623730951
330, 19, 213, 108, 212, 109, 1, -1, -0.7853981633974483, 1.4142135623730951
330, 20, 87, 407, 86, 408, 1, -1, -0.7853981633974483, 1.4142135623730951
330, 22, 287, 108, 286, 109, 1, -1, -0.7853981633974483, 1.4142135623730951
330, 24, 95, 107, 94, 108, 1, -1, -0.7853981633974483, 1.4142135623730951
330, 25, 130, 299, 128, 299, 2, 0, 0.0, 2.0
330, 26, 51, 408, 49, 408, 2, 0, 0.0, 2.0
330, 27, 334, 394, 332, 394, 2, 0, 0.0, 2.0
330, 29, 42, 170, 41, 171, 1, -1, -0.7853981633974483, 1.4142135623730951
330, 31, 75, 294, 73, 294, 2, 0, 0.0, 2.0
330, 32, 129, 131, 128, 132, 1, -1, -0.7853981633974483, 1.4142135623730951
330, 34, 19, 339, 18, 340, 1, -1, -0.7853981633974483, 1.4142135623730951
330, 35, 73, 328, 72, 329, 1, -1, -0.7853981633974483, 1.4142135623730951
330, 36, 33, 96, 32, 97, 1, -1, -0.7853981633974483, 1.4142135623730951
330, 39, 354, 350, 352, 351, 2, -1, -0.4636476090008061, 2.23606797749979
330, 40, 224, 118, 223, 119, 1, -1, -0.7853981633974483, 1.4142135623730951
330, 42, 134, 102, 133, 103, 1, -1, -0.7853981633974483, 1.4142135623730951
330, 43, 286, 98, 285, 99, 1, -1, -0.7853981633974483, 1.4142135623730951
330, 44, 133, 399, 131, 399, 2, 0, 0.0, 2.0
330, 45, 119, 183, 118, 185, 1, -2, -1.1071487177940904, 2.23606797749979
330, 46, 43, 196, 41, 197, 2, -1, -0.4636476090008061, 2.23606797749979
330, 47, 17, 183, 15, 184, 2, -1, -0.4636476090008061, 2.23606797749979
330, 49, 207, 112, 205, 113, 2, -1, -0.4636476090008061, 2.23606797749979
330, 50, 61, 382, 60, 383, 1, -1, -0.7853981633974483, 1.4142135623730951
330, 53, 297, 127, 296, 128, 1, -1, -0.7853981633974483, 1.4142135623730951
330, 54, 130, 85, 127, 85, 3, 0, 0.0, 3.0
330, 55, 5, 181, 4, 182, 1, -1, -0.7853981633974483, 1.4142135623730951
330, 56, 24, 129, 23, 130, 1, -1, -0.7853981633974483, 1.4142135623730951
330, 58, 217, 154, 216, 156, 1, -2, -1.1071487177940904, 2.23606797749979
330, 59, 261, 117, 260, 118, 1, -1, -0.7853981633974483, 1.4142135623730951
331, 1, 258, 70, 256, 71, 2, -1, -0.4636476090008061, 2.23606797749979
331, 2, 173, 71, 171, 71, 2, 0, 0.0, 2.0
331, 3, 33, 193, 31, 194, 2, -1, -0.4636476090008061, 2.23606797749979
331, 4, 214, 72, 212, 74, 2, -2, -0.7853981633974483, 2.8284271247461903
331, 5, 129, 402, 128, 403, 1, -1, -0.7853981633974483, 1.4142135623730951
331, 6, 403, 366, 401, 367, 2, -1, -0.4636476090008061, 2.23606797749979
331, 7, 73, 164, 72, 165, 1, -1, -0.7853981633974483, 1.4142135623730951
331, 8, 307, 405, 305, 406, 2, -1, -0.4636476090008061, 2.23606797749979
331, 9, 132, 165, 131, 166, 1, -1, -0.7853981633974483, 1.4142135623730951
331, 10, 306, 73, 304, 74, 2, -1, -0.4636476090008061, 2.23606797749979
331, 11, 173, 131, 172, 132, 1, -1, -0.7853981633974483, 1.4142135623730951
331, 12, 204, 101, 203, 103, 1, -2, -1.1071487177940904, 2.23606797749979
331, 14, 17, 123, 15, 124, 2, -1, -0.4636476090008061, 2.23606797749979
331, 16, 240, 137, 239, 139, 1, -2, -1.1071487177940904, 2.23606797749979
331, 23, 100, 386, 99, 387, 1, -1, -0.7853981633974483, 1.4142135623730951
331, 25, 132, 299, 130, 299, 2, 0, 0.0, 2.0
331, 27, 336, 393, 334, 394, 2, -1, -0.4636476090008061, 2.23606797749979
331, 28, 103, 304, 102, 305, 1, -1, -0.7853981633974483, 1.4142135623730951
331, 29, 43, 169, 42, 170, 1, -1, -0.7853981633974483, 1.4142135623730951
331, 30, 104, 313, 103, 314, 1, -1, -0.7853981633974483, 1.4142135623730951
331, 32, 130, 130, 129, 131, 1, -1, -0.7853981633974483, 1.4142135623730951
331, 33, 49, 353, 48, 354, 1, -1, -0.7853981633974483, 1.4142135623730951
331, 35, 75, 327, 73, 328, 2, -1, -0.4636476090008061, 2.23606797749979
331, 36, 34, 95, 33, 96, 1, -1, -0.7853981633974483, 1.4142135623730951
331, 38, 126, 372, 125, 373, 1, -1, -0.7853981633974483, 1.4142135623730951
331, 39, 356, 350, 354, 350, 2, 0, 0.0, 2.0
331, 40, 225, 117, 224, 118, 1, -1, -0.7853981633974483, 1.4142135623730951
331, 43, 287, 97, 286, 98, 1, -1, -0.7853981633974483, 1.4142135623730951
331, 44, 135, 399, 133, 399, 2, 0, 0.0, 2.0
331, 45, 120, 182, 119, 183, 1, -1, -0.7853981633974483, 1.4142135623730951
331, 46, 45, 196, 43, 196, 2, 0, 0.0, 2.0
331, 47, 19, 182, 17, 183, 2, -1, -0.4636476090008061, 2.23606797749979
331, 49, 208, 111, 207, 112, 1, -1, -0.7853981633974483, 1.4142135623730951
331, 50, 62, 381, 61, 382, 1, -1, -0.7853981633974483, 1.4142135623730951
331, 52, 310, 79, 308, 80, 2, -1, -0.4636476090008061, 2.23606797749979
331, 53, 298, 126, 297, 127, 1, -1, -0.7853981633974483, 1.4142135623730951
331, 54, 132, 85, 130, 85, 2, 0, 0.0, 2.0
331, 55, 7, 180, 5, 181, 2, -1, -0.4636476090008061, 2.23606797749979
331, 56, 25, 128, 24, 129, 1, -1, -0.7853981633974483, 1.4142135623730951
331, 58, 218, 153, 217, 154, 1, -1, -0.7853981633974483, 1.4142135623730951
331, 59, 262, 116, 261, 117, 1, -1, -0.7853981633974483, 1.4142135623730951
332, 1, 260, 69, 258, 70, 2, -1, -0.4636476090008061, 2.23606797749979
332, 3, 34, 192, 33, 193, 1, -1, -0.7853981633974483, 1.4142135623730951
332, 4, 216, 71, 214, 72, 2, -1, -0.4636476090008061, 2.23606797749979
332, 5, 130, 401, 129, 402, 1, -1, -0.7853981633974483, 1.4142135623730951
332, 6, 405, 366, 403, 366, 2, 0, 0.0, 2.0
332, 7, 74, 163, 73, 164, 1, -1, -0.7853981633974483, 1.4142135623730951
332, 8, 308, 404, 307, 405, 1, -1, -0.7853981633974483, 1.4142135623730951
332, 9, 133, 164, 132, 165, 1, -1, -0.7853981633974483, 1.4142135623730951
332, 10, 308, 72, 306, 73, 2, -1, -0.4636476090008061, 2.23606797749979
332, 11, 174, 130, 173, 131, 1, -1, -0.7853981633974483, 1.4142135623730951
332, 12, 205, 100, 204, 101, 1, -1, -0.7853981633974483, 1.4142135623730951
332, 13, 97, 124, 96, 125, 1, -1, -0.7853981633974483, 1.4142135623730951
332, 14, 19, 122, 17, 123, 2, -1, -0.4636476090008061, 2.23606797749979
332, 15, 185, 134, 184, 135, 1, -1, -0.7853981633974483, 1.4142135623730951
332, 16, 241, 136, 240, 137, 1, -1, -0.7853981633974483, 1.4142135623730951
332, 18, 164, 113, 163, 114, 1, -1, -0.7853981633974483, 1.4142135623730951
332, 19, 215, 109, 214, 108, 1, 1, 0.7853981633974483, 1.4142135623730951
332, 20, 89, 406, 88, 407, 1, -1, -0.7853981633974483, 1.4142135623730951
332, 24, 97, 106, 96, 107, 1, -1, -0.7853981633974483, 1.4142135623730951
332, 25, 134, 299, 132, 299, 2, 0, 0.0, 2.0
332, 27, 338, 393, 336, 393, 2, 0, 0.0, 2.0
332, 29, 44, 168, 43, 169, 1, -1, -0.7853981633974483, 1.4142135623730951
332, 33, 51, 353, 49, 353, 2, 0, 0.0, 2.0
332, 34, 21, 338, 20, 339, 1, -1, -0.7853981633974483, 1.4142135623730951
332, 35, 76, 326, 75, 327, 1, -1, -0.7853981633974483, 1.4142135623730951
332, 36, 36, 94, 34, 95, 2, -1, -0.4636476090008061, 2.23606797749979
332, 37, 125, 361, 124, 362, 1, -1, -0.7853981633974483, 1.4142135623730951
332, 38, 127, 371, 126, 372, 1, -1, -0.7853981633974483, 1.4142135623730951
332, 39, 358, 350, 356, 350, 2, 0, 0.0, 2.0
332, 40, 226, 116, 225, 117, 1, -1, -0.7853981633974483, 1.4142135623730951
332, 42, 136, 101, 135, 102, 1, -1, -0.7853981633974483, 1.4142135623730951
332, 43, 288, 96, 287, 97, 1, -1, -0.7853981633974483, 1.4142135623730951
332, 44, 137, 399, 135, 399, 2, 0, 0.0, 2.0
332, 45, 121, 181, 120, 182, 1, -1, -0.7853981633974483, 1.4142135623730951
332, 46, 47, 196, 45, 196, 2, 0, 0.0, 2.0
332, 49, 209, 110, 208, 111, 1, -1, -0.7853981633974483, 1.4142135623730951
332, 50, 64, 380, 62, 381, 2, -1, -0.4636476090008061, 2.23606797749979
332, 51, 149, 383, 148, 384, 1, -1, -0.7853981633974483, 1.4142135623730951
332, 52, 312, 78, 310, 79, 2, -1, -0.4636476090008061, 2.23606797749979
332, 53, 299, 125, 298, 126, 1, -1, -0.7853981633974483, 1.4142135623730951
332, 54, 135, 85, 132, 85, 3, 0, 0.0, 3.0
332, 55, 9, 179, 7, 180, 2, -1, -0.4636476090008061, 2.23606797749979
332, 56, 27, 127, 25, 128, 2, -1, -0.4636476090008061, 2.23606797749979
332, 58, 219, 152, 218, 153, 1, -1, -0.7853981633974483, 1.4142135623730951
332, 59, 263, 115, 262, 116, 1, -1, -0.7853981633974483, 1.4142135623730951
333, 1, 262, 68, 260, 69, 2, -1, -0.4636476090008061, 2.23606797749979
333, 2, 175, 70, 174, 71, 1, -1, -0.7853981633974483, 1.4142135623730951
333, 3, 36, 191, 34, 192, 2, -1, -0.4636476090008061, 2.23606797749979
333, 4, 218, 69, 216, 71, 2, -2, -0.7853981633974483, 2.8284271247461903
333, 6, 407, 365, 405, 366, 2, -1, -0.4636476090008061, 2.23606797749979
333, 7, 75, 162, 74, 163, 1, -1, -0.7853981633974483, 1.4142135623730951
333, 8, 309, 403, 308, 404, 1, -1, -0.7853981633974483, 1.4142135623730951
333, 9, 134, 163, 133, 164, 1, -1, -0.7853981633974483, 1.4142135623730951
333, 10, 310, 71, 308, 72, 2, -1, -0.4636476090008061, 2.23606797749979
333, 12, 206, 99, 205, 100, 1, -1, -0.7853981633974483, 1.4142135623730951
333, 13, 98, 123, 97, 124, 1, -1, -0.7853981633974483, 1.4142135623730951
333, 14, 20, 121, 19, 122, 1, -1, -0.7853981633974483, 1.4142135623730951
333, 16, 242, 135, 241, 136, 1, -1, -0.7853981633974483, 1.4142135623730951
333, 18, 165, 112, 164, 113, 1, -1, -0.7853981633974483, 1.4142135623730951
333, 19, 216, 108, 215, 109, 1, -1, -0.7853981633974483, 1.4142135623730951
333, 20, 90, 405, 89, 406, 1, -1, -0.7853981633974483, 1.4142135623730951
333, 22, 289, 106, 288, 107, 1, -1, -0.7853981633974483, 1.4142135623730951
333, 23, 102, 385, 101, 386, 1, -1, -0.7853981633974483, 1.4142135623730951
333, 24, 98, 105, 97, 106, 1, -1, -0.7853981633974483, 1.4142135623730951
333, 25, 136, 299, 134, 299, 2, 0, 0.0, 2.0
333, 28, 105, 303, 104, 304, 1, -1, -0.7853981633974483, 1.4142135623730951
333, 29, 45, 167, 44, 168, 1, -1, -0.7853981633974483, 1.4142135623730951
333, 30, 106, 312, 105, 313, 1, -1, -0.7853981633974483, 1.4142135623730951
333, 32, 131, 128, 130, 129, 1, -1, -0.7853981633974483, 1.4142135623730951
333, 33, 52, 352, 51, 353, 1, -1, -0.7853981633974483, 1.4142135623730951
333, 34, 22, 337, 21, 338, 1, -1, -0.7853981633974483, 1.4142135623730951
333, 35, 77, 325, 76, 326, 1, -1, -0.7853981633974483, 1.4142135623730951
333, 36, 37, 93, 36, 94, 1, -1, -0.7853981633974483, 1.4142135623730951
333, 40, 227, 115, 226, 116, 1, -1, -0.7853981633974483, 1.4142135623730951
333, 41, 217, 344, 215, 344, 2, 0, 0.0, 2.0
333, 42, 138, 99, 136, 101, 2, -2, -0.7853981633974483, 2.8284271247461903
333, 43, 290, 95, 288, 96, 2, -1, -0.4636476090008061, 2.23606797749979
333, 45, 122, 180, 121, 181, 1, -1, -0.7853981633974483, 1.4142135623730951
333, 46, 49, 196, 47, 196, 2, 0, 0.0, 2.0
333, 47, 21, 181, 20, 182, 1, -1, -0.7853981633974483, 1.4142135623730951
333, 50, 66, 379, 64, 380, 2, -1, -0.4636476090008061, 2.23606797749979
333, 52, 314, 78, 312, 78, 2, 0, 0.0, 2.0
333, 54, 137, 84, 135, 85, 2, -1, -0.4636476090008061, 2.23606797749979
333, 55, 10, 178, 9, 179, 1, -1, -0.7853981633974483, 1.4142135623730951
333, 56, 28, 126, 27, 127, 1, -1, -0.7853981633974483, 1.4142135623730951
333, 59, 264, 114, 263, 115, 1, -1, -0.7853981633974483, 1.4142135623730951
334, 1, 265, 67, 262, 68, 3, -1, -0.3217505543966422, 3.1622776601683795
334, 3, 38, 190, 36, 191, 2, -1, -0.4636476090008061, 2.23606797749979
334, 4, 221, 69, 218, 69, 3, 0, 0.0, 3.0
334, 6, 408, 364, 407, 365, 1, -1, -0.7853981633974483, 1.4142135623730951
334, 7, 76, 161, 75, 162, 1, -1, -0.7853981633974483, 1.4142135623730951
334, 8, 311, 402, 309, 403, 2, -1, -0.4636476090008061, 2.23606797749979
334, 9, 136, 162, 134, 163, 2, -1, -0.4636476090008061, 2.23606797749979
334, 10, 312, 70, 310, 71, 2, -1, -0.4636476090008061, 2.23606797749979
334, 11, 176, 128, 175, 130, 1, -2, -1.1071487177940904, 2.23606797749979
334, 12, 207, 97, 206, 99, 1, -2, -1.1071487177940904, 2.23606797749979
334, 13, 99, 122, 98, 123, 1, -1, -0.7853981633974483, 1.4142135623730951
334, 14, 21, 120, 20, 121, 1, -1, -0.7853981633974483, 1.4142135623730951
334, 16, 243, 133, 242, 135, 1, -2, -1.1071487177940904, 2.23606797749979
334, 17, 161, 149, 160, 148, 1, 1, 0.7853981633974483, 1.4142135623730951
334, 18, 166, 111, 165, 112, 1, -1, -0.7853981633974483, 1.4142135623730951
334, 20, 91, 404, 90, 405, 1, -1, -0.7853981633974483, 1.4142135623730951
334, 21, 252, 332, 251, 331, 1, 1, 0.7853981633974483, 1.4142135623730951
334, 22, 290, 105, 289, 106, 1, -1, -0.7853981633974483, 1.4142135623730951
334, 25, 138, 299, 136, 299, 2, 0, 0.0, 2.0
334, 29, 46, 166, 45, 167, 1, -1, -0.7853981633974483, 1.4142135623730951
334, 33, 53, 351, 52, 352, 1, -1, -0.7853981633974483, 1.4142135623730951
334, 34, 24, 336, 22, 337, 2, -1, -0.4636476090008061, 2.23606797749979
334, 35, 78, 324, 77, 325, 1, -1, -0.7853981633974483, 1.4142135623730951
334, 36, 38, 92, 37, 93, 1, -1, -0.7853981633974483, 1.4142135623730951
334, 37, 127, 362, 125, 361, 2, 1, 0.4636476090008061, 2.23606797749979
334, 40, 228, 114, 227, 115, 1, -1, -0.7853981633974483, 1.4142135623730951
334, 42, 140, 99, 138, 99, 2, 0, 0.0, 2.0
334, 43, 291, 94, 290, 95, 1, -1, -0.7853981633974483, 1.4142135623730951
334, 46, 51, 196, 49, 196, 2, 0, 0.0, 2.0
334, 47, 23, 181, 21, 181, 2, 0, 0.0, 2.0
334, 49, 210, 108, 209, 109, 1, -1, -0.7853981633974483, 1.4142135623730951
334, 52, 316, 78, 314, 78, 2, 0, 0.0, 2.0
334, 53, 302, 124, 300, 125, 2, -1, -0.4636476090008061, 2.23606797749979
334, 54, 139, 83, 137, 84, 2, -1, -0.4636476090008061, 2.23606797749979
334, 55, 11, 177, 10, 178, 1, -1, -0.7853981633974483, 1.4142135623730951
334, 57, 163, 359, 162, 360, 1, -1, -0.7853981633974483, 1.4142135623730951
334, 58, 221, 150, 219, 151, 2, -1, -0.4636476090008061, 2.23606797749979
335, 0, 19, 123, 18, 124, 1, -1, -0.7853981633974483, 1.4142135623730951
335, 3, 99, 124, 98, 125, 1, -1, -0.7853981633974483, 1.4142135623730951
335, 4, 146, 297, 144, 298, 2, -1, -0.4636476090008061, 2.23606797749979
335, 5, 76, 164, 75, 165, 1, -1, -0.7853981633974483, 1.4142135623730951
335, 7, 38, 193, 36, 194, 2, -1, -0.4636476090008061, 2.23606797749979
335, 8, 136, 165, 135, 166, 1, -1, -0.7853981633974483, 1.4142135623730951
335, 9, 407, 367, 405, 368, 2, -1, -0.4636476090008061, 2.23606797749979
335, 10, 135, 299, 134, 300, 1, -1, -0.7853981633974483, 1.4142135623730951
335, 11, 178, 74, 177, 75, 1, -1, -0.7853981633974483, 1.4142135623730951
335, 13, 91, 406, 90, 407, 1, -1, -0.7853981633974483, 1.4142135623730951
335, 14, 177, 131, 177, 133, 0, -2, -1.5707963267948966, 2.0
335, 15, 262, 71, 260, 71, 2, 0, 0.0, 2.0
335, 16, 218, 72, 216, 72, 2, 0, 0.0, 2.0
335, 17, 79, 329, 78, 331, 1, -2, -1.1071487177940904, 2.23606797749979
335, 18, 173, 116, 171, 117, 2, -1, -0.4636476090008061, 2.23606797749979
335, 19, 310, 74, 308, 74, 2, 0, 0.0, 2.0
335, 20, 310, 405, 308, 406, 2, -1, -0.4636476090008061, 2.23606797749979
335, 23, 243, 137, 242, 138, 1, -1, -0.7853981633974483, 1.4142135623730951
335, 24, 80, 296, 78, 296, 2, 0, 0.0, 2.0
335, 25, 209, 100, 209, 102, 0, -2, -1.5707963267948966, 2.0
335, 26, 45, 168, 44, 169, 1, -1, -0.7853981633974483, 1.4142135623730951
335, 27, 66, 328, 65, 330, 1, -2, -1.1071487177940904, 2.23606797749979
335, 29, 53, 354, 52, 355, 1, -1, -0.7853981633974483, 1.4142135623730951
335, 30, 295, 108, 293, 109, 2, -1, -0.4636476090008061, 2.23606797749979
335, 31, 318, 372, 316, 373, 2, -1, -0.4636476090008061, 2.23606797749979
335, 32, 105, 108, 103, 108, 2, 0, 0.0, 2.0
335, 33, 340, 394, 338, 394, 2, 0, 0.0, 2.0
335, 34, 65, 383, 64, 384, 1, -1, -0.7853981633974483, 1.4142135623730951
335, 36, 9, 83, 8, 84, 1, -1, -0.7853981633974483, 1.4142135623730951
335, 37, 142, 169, 141, 170, 1, -1, -0.7853981633974483, 1.4142135623730951
335, 39, 185, 139, 185, 141, 0, -2, -1.5707963267948966, 2.0
335, 41, 228, 117, 227, 118, 1, -1, -0.7853981633974483, 1.4142135623730951
335, 42, 105, 386, 103, 386, 2, 0, 0.0, 2.0
335, 45, 25, 339, 23, 339, 2, 0, 0.0, 2.0
335, 47, 270, 116, 269, 117, 1, -1, -0.7853981633974483, 1.4142135623730951
335, 49, 132, 131, 131, 132, 1, -1, -0.7853981633974483, 1.4142135623730951
335, 51, 75, 137, 74, 138, 1, -1, -0.7853981633974483, 1.4142135623730951
335, 52, 21, 182, 20, 183, 1, -1, -0.7853981633974483, 1.4142135623730951
335, 53, 292, 98, 290, 99, 2, -1, -0.4636476090008061, 2.23606797749979
335, 54, 187, 170, 184, 171, 3, -1, -0.3217505543966422, 3.1622776601683795
335, 55, 214, 107, 214, 109, 0, -2, -1.5707963267948966, 2.0
335, 56, 10, 180, 9, 181, 1, -1, -0.7853981633974483, 1.4142135623730951
335, 57, 177, 139, 176, 140, 1, -1, -0.7853981633974483, 1.4142135623730951
335, 58, 276, 347, 274, 347, 2, 0, 0.0, 2.0
335, 60, 381, 117, 378, 117, 3, 0, 0.0, 3.0
335, 62, 262, 121, 261, 122, 1, -1, -0.7853981633974483, 1.4142135623730951
335, 64, 218, 372, 216, 372, 2, 0, 0.0, 2.0
335, 70, 140, 101, 138, 102, 2, -1, -0.4636476090008061, 2.23606797749979
335, 72, 308, 397, 306, 398, 2, -1, -0.4636476090008061, 2.23606797749979
335, 73, 23, 155, 21, 156, 2, -1, -0.4636476090008061, 2.23606797749979
335, 76, 262, 397, 260, 397, 2, 0, 0.0, 2.0
335, 79, 105, 149, 104, 150, 1, -1, -0.7853981633974483, 1.4142135623730951
335, 80, 126, 183, 125, 184, 1, -1, -0.7853981633974483, 1.4142135623730951
335, 81, 230, 364, 227, 364, 3, 0, 0.0, 3.0
335, 82, 364, 360, 362, 361, 2, -1, -0.4636476090008061, 2.23606797749979
336, 0, 20, 122, 19, 123, 1, -1, -0.7853981633974483, 1.4142135623730951
336, 1, 169, 310, 167, 310, 2, 0, 0.0, 2.0
336, 3, 100, 123, 99, 124, 1, -1, -0.7853981633974483, 1.4142135623730951
336, 5, 78, 163, 76, 164, 2, -1, -0.4636476090008061, 2.23606797749979
336, 6, 86, 165, 85, 166, 1, -1, -0.7853981633974483, 1.4142135623730951
336, 7, 40, 192, 38, 193, 2, -1, -0.4636476090008061, 2.23606797749979
336, 8, 137, 164, 136, 165, 1, -1, -0.7853981633974483, 1.4142135623730951
336, 9, 409, 367, 407, 367, 2, 0, 0.0, 2.0
336, 11, 179, 73, 178, 74, 1, -1, -0.7853981633974483, 1.4142135623730951
336, 13, 92, 405, 91, 406, 1, -1, -0.7853981633974483, 1.4142135623730951
336, 14, 178, 130, 177, 131, 1, -1, -0.7853981633974483, 1.4142135623730951
336, 16, 220, 72, 218, 72, 2, 0, 0.0, 2.0
336, 17, 81, 329, 79, 329, 2, 0, 0.0, 2.0
336, 18, 174, 115, 173, 116, 1, -1, -0.7853981633974483, 1.4142135623730951
336, 20, 311, 404, 310, 405, 1, -1, -0.7853981633974483, 1.4142135623730951
336, 21, 48, 194, 47, 195, 1, -1, -0.7853981633974483, 1.4142135623730951
336, 23, 244, 136, 243, 137, 1, -1, -0.7853981633974483, 1.4142135623730951
336, 25, 210, 99, 209, 100, 1, -1, -0.7853981633974483, 1.4142135623730951
336, 26, 46, 167, 45, 168, 1, -1, -0.7853981633974483, 1.4142135623730951
336, 30, 297, 108, 295, 108, 2, 0, 0.0, 2.0
336, 31, 320, 371, 318, 372, 2, -1, -0.4636476090008061, 2.23606797749979
336, 33, 342, 393, 340, 394, 2, -1, -0.4636476090008061, 2.23606797749979
336, 36, 10, 82, 9, 83, 1, -1, -0.7853981633974483, 1.4142135623730951
336, 37, 143, 168, 142, 169, 1, -1, -0.7853981633974483, 1.4142135623730951
336, 38, 107, 306, 105, 306, 2, 0, 0.0, 2.0
336, 41, 229, 116, 228, 117, 1, -1, -0.7853981633974483, 1.4142135623730951
336, 42, 106, 385, 105, 386, 1, -1, -0.7853981633974483, 1.4142135623730951
336, 43, 160, 149, 159, 150, 1, -1, -0.7853981633974483, 1.4142135623730951
336, 44, 127, 363, 126, 364, 1, -1, -0.7853981633974483, 1.4142135623730951
336, 45, 27, 339, 25, 339, 2, 0, 0.0, 2.0
336, 46, 234, 398, 233, 399, 1, -1, -0.7853981633974483, 1.4142135623730951
336, 47, 271, 115, 270, 116, 1, -1, -0.7853981633974483, 1.4142135623730951
336, 48, 302, 126, 301, 127, 1, -1, -0.7853981633974483, 1.4142135623730951
336, 49, 133, 130, 132, 131, 1, -1, -0.7853981633974483, 1.4142135623730951
336, 52, 23, 181, 21, 182, 2, -1, -0.4636476090008061, 2.23606797749979
336, 53, 294, 98, 292, 98, 2, 0, 0.0, 2.0
336, 54, 189, 169, 187, 170, 2, -1, -0.4636476090008061, 2.23606797749979
336, 55, 215, 106, 214, 107, 1, -1, -0.7853981633974483, 1.4142135623730951
336, 56, 11, 179, 10, 180, 1, -1, -0.7853981633974483, 1.4142135623730951
336, 57, 178, 138, 177, 139, 1, -1, -0.7853981633974483, 1.4142135623730951
336, 58, 279, 347, 276, 347, 3, 0, 0.0, 3.0
336, 60, 383, 117, 381, 117, 2, 0, 0.0, 2.0
336, 62, 263, 120, 262, 121, 1, -1, -0.7853981633974483, 1.4142135623730951
336, 66, 174, 94, 173, 95, 1, -1, -0.7853981633974483, 1.4142135623730951
336, 69, 165, 360, 163, 360, 2, 0, 0.0, 2.0
336, 70, 142, 100, 140, 101, 2, -1, -0.4636476090008061, 2.23606797749979
336, 72, 311, 396, 308, 397, 3, -1, -0.3217505543966422, 3.1622776601683795
336, 73, 25, 155, 23, 155, 2, 0, 0.0, 2.0
336, 78, 127, 182, 126, 183, 1, -1, -0.7853981633974483, 1.4142135623730951
336, 80, 366, 359, 364, 360, 2, -1, -0.4636476090008061, 2.23606797749979
337, 0, 21, 121, 20, 122, 1, -1, -0.7853981633974483, 1.4142135623730951
337, 1, 171, 310, 169, 310, 2, 0, 0.0, 2.0
337, 3, 102, 122, 100, 123, 2, -1, -0.4636476090008061, 2.23606797749979
337, 4, 149, 297, 147, 297, 2, 0, 0.0, 2.0
337, 5, 79, 162, 78, 163, 1, -1, -0.7853981633974483, 1.4142135623730951
337, 7, 42, 191, 40, 192, 2, -1, -0.4636476090008061, 2.23606797749979
337, 8, 138, 163, 137, 164, 1, -1, -0.7853981633974483, 1.4142135623730951
337, 9, 411, 367, 409, 367, 2, 0, 0.0, 2.0
337, 10, 138, 299, 136, 299, 2, 0, 0.0, 2.0
337, 11, 180, 72, 179, 73, 1, -1, -0.7853981633974483, 1.4142135623730951
337, 12, 81, 324, 79, 324, 2, 0, 0.0, 2.0
337, 13, 93, 404, 92, 405, 1, -1, -0.7853981633974483, 1.4142135623730951
337, 15, 265, 71, 263, 71, 2, 0, 0.0, 2.0
337, 17, 83, 328, 81, 329, 2, -1, -0.4636476090008061, 2.23606797749979
337, 18, 175, 114, 174, 115, 1, -1, -0.7853981633974483, 1.4142135623730951
337, 19, 313, 74, 311, 74, 2, 0, 0.0, 2.0
337, 20, 312, 403, 311, 404, 1, -1, -0.7853981633974483, 1.4142135623730951
337, 21, 49, 193, 48, 194, 1, -1, -0.7853981633974483, 1.4142135623730951
337, 22, 57, 407, 55, 407, 2, 0, 0.0, 2.0
337, 23, 245, 135, 244, 136, 1, -1, -0.7853981633974483, 1.4142135623730951
337, 25, 211, 98, 210, 99, 1, -1, -0.7853981633974483, 1.4142135623730951
337, 26, 47, 166, 46, 167, 1, -1, -0.7853981633974483, 1.4142135623730951
337, 27, 69, 327, 67, 328, 2, -1, -0.4636476090008061, 2.23606797749979
337, 28, 110, 315, 108, 315, 2, 0, 0.0, 2.0
337, 31, 322, 371, 320, 371, 2, 0, 0.0, 2.0
337, 32, 108, 107, 106, 108, 2, -1, -0.4636476090008061, 2.23606797749979
337, 33, 344, 392, 342, 393, 2, -1, -0.4636476090008061, 2.23606797749979
337, 34, 67, 382, 66, 383, 1, -1, -0.7853981633974483, 1.4142135623730951
337, 37, 144, 167, 143, 168, 1, -1, -0.7853981633974483, 1.4142135623730951
337, 39, 187, 138, 186, 139, 1, -1, -0.7853981633974483, 1.4142135623730951
337, 41, 230, 115, 229, 116, 1, -1, -0.7853981633974483, 1.4142135623730951
337, 42, 107, 384, 106, 385, 1, -1, -0.7853981633974483, 1.4142135623730951
337, 44, 129, 364, 127, 363, 2, 1, 0.4636476090008061, 2.23606797749979
337, 45, 28, 338, 27, 339, 1, -1, -0.7853981633974483, 1.4142135623730951
337, 46, 235, 397, 234, 398, 1, -1, -0.7853981633974483, 1.4142135623730951
337, 47, 272, 114, 271, 115, 1, -1, -0.7853981633974483, 1.4142135623730951
337, 48, 304, 125, 302, 126, 2, -1, -0.4636476090008061, 2.23606797749979
337, 49, 134, 129, 133, 130, 1, -1, -0.7853981633974483, 1.4142135623730951
337, 54, 192, 167, 189, 169, 3, -2, -0.5880026035475675, 3.605551275463989
337, 55, 216, 105, 215, 106, 1, -1, -0.7853981633974483, 1.4142135623730951
337, 56, 12, 178, 11, 179, 1, -1, -0.7853981633974483, 1.4142135623730951
337, 57, 179, 137, 178, 138, 1, -1, -0.7853981633974483, 1.4142135623730951
337, 59, 192, 164, 191, 165, 1, -1, -0.7853981633974483, 1.4142135623730951
337, 60, 385, 116, 383, 117, 2, -1, -0.4636476090008061, 2.23606797749979
337, 61, 222, 151, 221, 152, 1, -1, -0.7853981633974483, 1.4142135623730951
337, 62, 265, 119, 263, 120, 2, -1, -0.4636476090008061, 2.23606797749979
337, 64, 220, 371, 219, 372, 1, -1, -0.7853981633974483, 1.4142135623730951
337, 66, 176, 94, 174, 94, 2, 0, 0.0, 2.0
337, 70, 143, 99, 142, 100, 1, -1, -0.7853981633974483, 1.4142135623730951
337, 72, 313, 396, 311, 396, 2, 0, 0.0, 2.0
337, 73, 27, 155, 25, 155, 2, 0, 0.0, 2.0
337, 74, 94, 299, 92, 300, 2, -1, -0.4636476090008061, 2.23606797749979
337, 77, 106, 148, 105, 149, 1, -1, -0.7853981633974483, 1.4142135623730951
337, 78, 128, 180, 127, 182, 1, -2, -1.1071487177940904, 2.23606797749979
337, 79, 233, 364, 231, 364, 2, 0, 0.0, 2.0
337, 80, 368, 359, 366, 359, 2, 0, 0.0, 2.0
338, 0, 23, 119, 21, 121, 2, -2, -0.7853981633974483, 2.8284271247461903
338, 1, 172, 309, 171, 310, 1, -1, -0.7853981633974483, 1.4142135623730951
338, 3, 104, 120, 102, 122, 2, -2, -0.7853981633974483, 2.8284271247461903
338, 4, 151, 296, 149, 297, 2, -1, -0.4636476090008061, 2.23606797749979
338, 5, 81, 161, 79, 162, 2, -1, -0.4636476090008061, 2.23606797749979
338, 6, 89, 165, 87, 165, 2, 0, 0.0, 2.0
338, 7, 43, 190, 42, 191, 1, -1, -0.7853981633974483, 1.4142135623730951
338, 8, 139, 162, 138, 163, 1, -1, -0.7853981633974483, 1.4142135623730951
338, 9, 413, 367, 411, 367, 2, 0, 0.0, 2.0
338, 11, 182, 71, 180, 72, 2, -1, -0.4636476090008061, 2.23606797749979
338, 13, 94, 403, 93, 404, 1, -1, -0.7853981633974483, 1.4142135623730951
338, 14, 180, 129, 179, 130, 1, -1, -0.7853981633974483, 1.4142135623730951
338, 16, 222, 71, 221, 72, 1, -1, -0.7853981633974483, 1.4142135623730951
338, 19, 315, 74, 313, 74, 2, 0, 0.0, 2.0
338, 20, 314, 402, 312, 403, 2, -1, -0.4636476090008061, 2.23606797749979
338, 22, 59, 407, 57, 407, 2, 0, 0.0, 2.0
338, 23, 246, 134, 245, 135, 1, -1, -0.7853981633974483, 1.4142135623730951
338, 24, 83, 295, 82, 296, 1, -1, -0.7853981633974483, 1.4142135623730951
338, 25, 213, 97, 211, 98, 2, -1, -0.4636476090008061, 2.23606797749979
338, 26, 48, 165, 47, 166, 1, -1, -0.7853981633974483, 1.4142135623730951
338, 28, 111, 314, 110, 315, 1, -1, -0.7853981633974483, 1.4142135623730951
338, 30, 300, 107, 298, 108, 2, -1, -0.4636476090008061, 2.23606797749979
338, 31, 324, 371, 322, 371, 2, 0, 0.0, 2.0
338, 32, 110, 106, 108, 107, 2, -1, -0.4636476090008061, 2.23606797749979
338, 33, 346, 392, 344, 392, 2, 0, 0.0, 2.0
338, 38, 111, 306, 108, 306, 3, 0, 0.0, 3.0
338, 39, 188, 137, 187, 138, 1, -1, -0.7853981633974483, 1.4142135623730951
338, 41, 231, 114, 230, 115, 1, -1, -0.7853981633974483, 1.4142135623730951
338, 43, 162, 148, 161, 149, 1, -1, -0.7853981633974483, 1.4142135623730951
338, 46, 236, 396, 235, 397, 1, -1, -0.7853981633974483, 1.4142135623730951
338, 48, 306, 124, 304, 125, 2, -1, -0.4636476090008061, 2.23606797749979
338, 49, 135, 128, 134, 129, 1, -1, -0.7853981633974483, 1.4142135623730951
338, 50, 155, 385, 154, 386, 1, -1, -0.7853981633974483, 1.4142135623730951
338, 51, 78, 136, 77, 137, 1, -1, -0.7853981633974483, 1.4142135623730951
338, 53, 297, 98, 295, 98, 2, 0, 0.0, 2.0
338, 54, 196, 166, 192, 167, 4, -1, -0.24497866312686414, 4.123105625617661
338, 55, 218, 104, 216, 105, 2, -1, -0.4636476090008061, 2.23606797749979
338, 56, 14, 177, 12, 178, 2, -1, -0.4636476090008061, 2.23606797749979
338, 57, 180, 136, 179, 137, 1, -1, -0.7853981633974483, 1.4142135623730951
338, 59, 193, 163, 192, 164, 1, -1, -0.7853981633974483, 1.4142135623730951
338, 60, 387, 115, 385, 116, 2, -1, -0.4636476090008061, 2.23606797749979
338, 62, 266, 118, 265, 119, 1, -1, -0.7853981633974483, 1.4142135623730951
338, 66, 178, 94, 176, 94, 2, 0, 0.0, 2.0
338, 70, 145, 98, 143, 99, 2, -1, -0.4636476090008061, 2.23606797749979
338, 72, 316, 396, 313, 396, 3, 0, 0.0, 3.0
338, 73, 28, 154, 27, 155, 1, -1, -0.7853981633974483, 1.4142135623730951
338, 74, 96, 298, 94, 299, 2, -1, -0.4636476090008061, 2.23606797749979
338, 78, 129, 179, 128, 180, 1, -1, -0.7853981633974483, 1.4142135623730951
338, 80, 370, 358, 368, 359, 2, -1, -0.4636476090008061, 2.23606797749979
339, 0, 25, 119, 23, 119, 2, 0, 0.0, 2.0
339, 3, 105, 119, 104, 120, 1, -1, -0.7853981633974483, 1.4142135623730951
339, 7, 45, 189, 43, 190, 2, -1, -0.4636476090008061, 2.23606797749979
339, 8, 141, 161, 139, 162, 2, -1, -0.4636476090008061, 2.23606797749979
339, 9, 416, 367, 413, 367, 3, 0, 0.0, 3.0
339, 11, 184, 70, 182, 71, 2, -1, -0.4636476090008061, 2.23606797749979
339, 14, 181, 128, 180, 129, 1, -1, -0.7853981633974483, 1.4142135623730951
339, 15, 268, 70, 266, 71, 2, -1, -0.4636476090008061, 2.23606797749979
339, 16, 223, 70, 222, 71, 1, -1, -0.7853981633974483, 1.4142135623730951
339, 18, 177, 113, 176, 114, 1, -1, -0.7853981633974483, 1.4142135623730951
339, 20, 316, 402, 314, 402, 2, 0, 0.0, 2.0
339, 21, 52, 193, 50, 193, 2, 0, 0.0, 2.0
339, 23, 247, 133, 246, 134, 1, -1, -0.7853981633974483, 1.4142135623730951
339, 25, 214, 96, 213, 97, 1, -1, -0.7853981633974483, 1.4142135623730951
339, 26, 49, 164, 48, 165, 1, -1, -0.7853981633974483, 1.4142135623730951
339, 30, 301, 106, 300, 107, 1, -1, -0.7853981633974483, 1.4142135623730951
339, 32, 112, 105, 110, 106, 2, -1, -0.4636476090008061, 2.23606797749979
339, 33, 348, 391, 346, 392, 2, -1, -0.4636476090008061, 2.23606797749979
339, 36, 12, 80, 11, 81, 1, -1, -0.7853981633974483, 1.4142135623730951
339, 37, 146, 166, 145, 167, 1, -1, -0.7853981633974483, 1.4142135623730951
339, 38, 113, 306, 111, 306, 2, 0, 0.0, 2.0
339, 39, 189, 136, 188, 137, 1, -1, -0.7853981633974483, 1.4142135623730951
339, 41, 232, 113, 231, 114, 1, -1, -0.7853981633974483, 1.4142135623730951
339, 44, 133, 363, 130, 364, 3, -1, -0.3217505543966422, 3.1622776601683795
339, 45, 29, 337, 28, 338, 1, -1, -0.7853981633974483, 1.4142135623730951
339, 46, 237, 395, 236, 396, 1, -1, -0.7853981633974483, 1.4142135623730951
339, 47, 273, 112, 272, 113, 1, -1, -0.7853981633974483, 1.4142135623730951
339, 48, 308, 124, 306, 124, 2, 0, 0.0, 2.0
339, 49, 136, 127, 135, 128, 1, -1, -0.7853981633974483, 1.4142135623730951
339, 51, 79, 135, 78, 136, 1, -1, -0.7853981633974483, 1.4142135623730951
339, 52, 25, 179, 24, 180, 1, -1, -0.7853981633974483, 1.4142135623730951
339, 54, 200, 165, 196, 166, 4, -1, -0.24497866312686414, 4.123105625617661
339, 55, 219, 103, 218, 104, 1, -1, -0.7853981633974483, 1.4142135623730951
339, 56, 15, 176, 14, 177, 1, -1, -0.7853981633974483, 1.4142135623730951
339, 57, 181, 135, 180, 136, 1, -1, -0.7853981633974483, 1.4142135623730951
339, 59, 194, 162, 193, 163, 1, -1, -0.7853981633974483, 1.4142135623730951
339, 60, 389, 115, 387, 115, 2, 0, 0.0, 2.0
339, 61, 223, 149, 222, 150, 1, -1, -0.7853981633974483, 1.4142135623730951
339, 62, 268, 117, 266, 118, 2, -1, -0.4636476090008061, 2.23606797749979
339, 65, 144, 323, 143, 324, 1, -1, -0.7853981633974483, 1.4142135623730951
339, 69, 168, 359, 167, 360, 1, -1, -0.7853981633974483, 1.4142135623730951
339, 72, 320, 395, 316, 396, 4, -1, -0.24497866312686414, 4.123105625617661
339, 73, 31, 153, 28, 154, 3, -1, -0.3217505543966422, 3.1622776601683795
339, 74, 97, 297, 96, 298, 1, -1, -0.7853981633974483, 1.4142135623730951
339, 76, 265, 397, 264, 396, 1, 1, 0.7853981633974483, 1.4142135623730951
339, 77, 107, 146, 106, 147, 1, -1, -0.7853981633974483, 1.4142135623730951
339, 78, 130, 177, 129, 179, 1, -2, -1.1071487177940904, 2.23606797749979
339, 80, 372, 357, 370, 358, 2, -1, -0.4636476090008061, 2.23606797749979
340, 1, 136, 404, 135, 405, 1, -1, -0.7853981633974483, 1.4142135623730951
340, 3, 288, 105, 287, 106, 1, -1, -0.7853981633974483, 1.4142135623730951
340, 4, 270, 71, 266, 72, 4, -1, -0.24497866312686414, 4.123105625617661
340, 5, 225, 71, 221, 72, 4, -1, -0.24497866312686414, 4.123105625617661
340, 6, 181, 73, 180, 74, 1, -1, -0.7853981633974483, 1.4142135623730951
340, 8, 151, 300, 150, 301, 1, -1, -0.7853981633974483, 1.4142135623730951
340, 9, 140, 164, 139, 165, 1, -1, -0.7853981633974483, 1.4142135623730951
340, 10, 103, 123, 102, 124, 1, -1, -0.7853981633974483, 1.4142135623730951
340, 11, 214, 99, 213, 100, 1, -1, -0.7853981633974483, 1.4142135623730951
340, 12, 81, 163, 80, 164, 1, -1, -0.7853981633974483, 1.4142135623730951
340, 13, 318, 74, 314, 75, 4, -1, -0.24497866312686414, 4.123105625617661
340, 14, 318, 401, 316, 401, 2, 0, 0.0, 2.0
340, 16, 42, 192, 41, 193, 1, -1, -0.7853981633974483, 1.4142135623730951
340, 17, 96, 406, 95, 407, 1, -1, -0.7853981633974483, 1.4142135623730951
340, 18, 29, 122, 27, 123, 2, -1, -0.4636476090008061, 2.23606797749979
340, 19, 141, 300, 139, 300, 2, 0, 0.0, 2.0
340, 22, 112, 307, 110, 307, 2, 0, 0.0, 2.0
340, 24, 42, 93, 41, 95, 1, -2, -1.1071487177940904, 2.23606797749979
340, 27, 49, 168, 48, 169, 1, -1, -0.7853981633974483, 1.4142135623730951
340, 28, 346, 393, 344, 394, 2, -1, -0.4636476090008061, 2.23606797749979
340, 29, 413, 366, 411, 367, 2, -1, -0.4636476090008061, 2.23606797749979
340, 30, 212, 106, 211, 107, 1, -1, -0.7853981633974483, 1.4142135623730951
340, 31, 246, 136, 245, 137, 1, -1, -0.7853981633974483, 1.4142135623730951
340, 32, 142, 398, 141, 399, 1, -1, -0.7853981633974483, 1.4142135623730951
340, 33, 60, 408, 58, 409, 2, -1, -0.4636476090008061, 2.23606797749979
340, 35, 232, 116, 231, 117, 1, -1, -0.7853981633974483, 1.4142135623730951
340, 36, 274, 115, 273, 116, 1, -1, -0.7853981633974483, 1.4142135623730951
340, 37, 190, 138, 189, 139, 1, -1, -0.7853981633974483, 1.4142135623730951
340, 38, 120, 380, 118, 380, 2, 0, 0.0, 2.0
340, 40, 133, 372, 132, 373, 1, -1, -0.7853981633974483, 1.4142135623730951
340, 41, 134, 364, 132, 365, 2, -1, -0.4636476090008061, 2.23606797749979
340, 45, 110, 106, 108, 107, 2, -1, -0.4636476090008061, 2.23606797749979
341, 2, 84, 328, 83, 329, 1, -1, -0.7853981633974483, 1.4142135623730951
341, 4, 271, 70, 270, 71, 1, -1, -0.7853981633974483, 1.4142135623730951
341, 6, 182, 72, 181, 73, 1, -1, -0.7853981633974483, 1.4142135623730951
341, 8, 153, 299, 151, 300, 2, -1, -0.4636476090008061, 2.23606797749979
341, 9, 141, 163, 140, 164, 1, -1, -0.7853981633974483, 1.4142135623730951
341, 10, 104, 122, 103, 123, 1, -1, -0.7853981633974483, 1.4142135623730951
341, 12, 82, 162, 81, 163, 1, -1, -0.7853981633974483, 1.4142135623730951
341, 14, 320, 401, 318, 401, 2, 0, 0.0, 2.0
341, 16, 44, 191, 42, 192, 2, -1, -0.4636476090008061, 2.23606797749979
341, 18, 30, 121, 29, 122, 1, -1, -0.7853981633974483, 1.4142135623730951
341, 20, 71, 382, 70, 383, 1, -1, -0.7853981633974483, 1.4142135623730951
341, 22, 114, 307, 112, 307, 2, 0, 0.0, 2.0
341, 24, 43, 92, 42, 93, 1, -1, -0.7853981633974483, 1.4142135623730951
341, 25, 145, 325, 144, 326, 1, -1, -0.7853981633974483, 1.4142135623730951
341, 27, 50, 167, 49, 168, 1, -1, -0.7853981633974483, 1.4142135623730951
341, 28, 348, 392, 346, 393, 2, -1, -0.4636476090008061, 2.23606797749979
341, 29, 416, 365, 413, 366, 3, -1, -0.3217505543966422, 3.1622776601683795
341, 30, 213, 105, 212, 106, 1, -1, -0.7853981633974483, 1.4142135623730951
341, 31, 247, 135, 246, 136, 1, -1, -0.7853981633974483, 1.4142135623730951
341, 32, 143, 397, 142, 398, 1, -1, -0.7853981633974483, 1.4142135623730951
341, 33, 62, 407, 60, 408, 2, -1, -0.4636476090008061, 2.23606797749979
341, 37, 191, 137, 190, 138, 1, -1, -0.7853981633974483, 1.4142135623730951
341, 45, 111, 105, 110, 106, 1, -1, -0.7853981633974483, 1.4142135623730951
341, 46, 320, 346, 318, 346, 2, 0, 0.0, 2.0
342, 3, 289, 103, 288, 104, 1, -1, -0.7853981633974483, 1.4142135623730951
342, 4, 273, 70, 271, 70, 2, 0, 0.0, 2.0
342, 5, 228, 71, 226, 71, 2, 0, 0.0, 2.0
342, 6, 184, 71, 182, 72, 2, -1, -0.4636476090008061, 2.23606797749979
342, 8, 154, 298, 153, 299, 1, -1, -0.7853981633974483, 1.4142135623730951
342, 10, 105, 121, 104, 122, 1, -1, -0.7853981633974483, 1.4142135623730951
342, 11, 216, 98, 215, 99, 1, -1, -0.7853981633974483, 1.4142135623730951
342, 13, 321, 74, 319, 74, 2, 0, 0.0, 2.0
342, 15, 170, 111, 169, 112, 1, -1, -0.7853981633974483, 1.4142135623730951
342, 16, 45, 190, 44, 191, 1, -1, -0.7853981633974483, 1.4142135623730951
342, 18, 31, 120, 30, 121, 1, -1, -0.7853981633974483, 1.4142135623730951
342, 19, 144, 300, 142, 300, 2, 0, 0.0, 2.0
342, 24, 44, 91, 43, 92, 1, -1, -0.7853981633974483, 1.4142135623730951
342, 27, 51, 166, 50, 167, 1, -1, -0.7853981633974483, 1.4142135623730951
342, 28, 350, 392, 348, 392, 2, 0, 0.0, 2.0
342, 29, 419, 364, 416, 365, 3, -1, -0.3217505543966422, 3.1622776601683795
342, 30, 214, 104, 213, 105, 1, -1, -0.7853981633974483, 1.4142135623730951
342, 35, 234, 115, 233, 116, 1, -1, -0.7853981633974483, 1.4142135623730951
342, 36, 275, 113, 274, 114, 1, -1, -0.7853981633974483, 1.4142135623730951
342, 39, 134, 371, 133, 372, 1, -1, -0.7853981633974483, 1.4142135623730951
342, 40, 137, 363, 135, 364, 2, -1, -0.4636476090008061, 2.23606797749979
342, 41, 227, 342, 226, 343, 1, -1, -0.7853981633974483, 1.4142135623730951
342, 45, 322, 346, 320, 346, 2, 0, 0.0, 2.0
343, 0, 176, 311, 174, 311, 2, 0, 0.0, 2.0
343, 2, 86, 327, 85, 328, 1, -1, -0.7853981633974483, 1.4142135623730951
343, 3, 291, 102, 289, 103, 2, -1, -0.4636476090008061, 2.23606797749979
343, 4, 275, 70, 273, 70, 2, 0, 0.0, 2.0
343, 5, 230, 71, 228, 71, 2, 0, 0.0, 2.0
343, 6, 185, 70, 184, 71, 1, -1, -0.7853981633974483, 1.4142135623730951
343, 9, 143, 162, 142, 163, 1, -1, -0.7853981633974483, 1.4142135623730951
343, 10, 106, 120, 105, 121, 1, -1, -0.7853981633974483, 1.4142135623730951
343, 11, 217, 97, 216, 98, 1, -1, -0.7853981633974483, 1.4142135623730951
343, 12, 84, 161, 83, 162, 1, -1, -0.7853981633974483, 1.4142135623730951
343, 13, 323, 74, 321, 74, 2, 0, 0.0, 2.0
343, 14, 322, 400, 321, 401, 1, -1, -0.7853981633974483, 1.4142135623730951
343, 15, 171, 110, 170, 111, 1, -1, -0.7853981633974483, 1.4142135623730951
343, 16, 47, 190, 45, 190, 2, 0, 0.0, 2.0
343, 18, 32, 119, 31, 120, 1, -1, -0.7853981633974483, 1.4142135623730951
343, 20, 73, 381, 72, 382, 1, -1, -0.7853981633974483, 1.4142135623730951
343, 22, 117, 307, 115, 307, 2, 0, 0.0, 2.0
343, 24, 45, 90, 44, 91, 1, -1, -0.7853981633974483, 1.4142135623730951
343, 25, 147, 324, 146, 325, 1, -1, -0.7853981633974483, 1.4142135623730951
343, 26, 257, 336, 256, 335, 1, 1, 0.7853981633974483, 1.4142135623730951
343, 27, 52, 165, 51, 166, 1, -1, -0.7853981633974483, 1.4142135623730951
343, 28, 352, 392, 350, 392, 2, 0, 0.0, 2.0
343, 29, 422, 363, 419, 364, 3, -1, -0.3217505543966422, 3.1622776601683795
343, 30, 215, 103, 214, 104, 1, -1, -0.7853981633974483, 1.4142135623730951
343, 31, 248, 133, 247, 134, 1, -1, -0.7853981633974483, 1.4142135623730951
343, 33, 64, 406, 63, 407, 1, -1, -0.7853981633974483, 1.4142135623730951
343, 35, 235, 114, 234, 115, 1, -1, -0.7853981633974483, 1.4142135623730951
343, 39, 135, 370, 134, 371, 1, -1, -0.7853981633974483, 1.4142135623730951
343, 40, 139, 363, 137, 363, 2, 0, 0.0, 2.0
343, 41, 228, 343, 227, 342, 1, 1, 0.7853981633974483, 1.4142135623730951
343, 43, 84, 137, 83, 138, 1, -1, -0.7853981633974483, 1.4142135623730951
343, 44, 113, 104, 112, 105, 1, -1, -0.7853981633974483, 1.4142135623730951
343, 45, 324, 347, 322, 346, 2, 1, 0.4636476090008061, 2.23606797749979
344, 3, 293, 102, 291, 102, 2, 0, 0.0, 2.0
344, 4, 277, 70, 275, 70, 2, 0, 0.0, 2.0
344, 5, 232, 70, 230, 71, 2, -1, -0.4636476090008061, 2.23606797749979
344, 7, 184, 131, 183, 132, 1, -1, -0.7853981633974483, 1.4142135623730951
344, 10, 107, 119, 106, 120, 1, -1, -0.7853981633974483, 1.4142135623730951
344, 11, 218, 96, 217, 97, 1, -1, -0.7853981633974483, 1.4142135623730951
344, 13, 325, 74, 323, 74, 2, 0, 0.0, 2.0
344, 15, 172, 109, 171, 110, 1, -1, -0.7853981633974483, 1.4142135623730951
344, 16, 48, 189, 47, 190, 1, -1, -0.7853981633974483, 1.4142135623730951
344, 18, 34, 118, 32, 119, 2, -1, -0.4636476090008061, 2.23606797749979
344, 19, 147, 300, 145, 300, 2, 0, 0.0, 2.0
344, 21, 112, 386, 111, 387, 1, -1, -0.7853981633974483, 1.4142135623730951
344, 22, 119, 307, 117, 307, 2, 0, 0.0, 2.0
344, 23, 89, 296, 87, 296, 2, 0, 0.0, 2.0
344, 24, 46, 89, 45, 90, 1, -1, -0.7853981633974483, 1.4142135623730951
344, 26, 258, 337, 257, 336, 1, 1, 0.7853981633974483, 1.4142135623730951
344, 27, 53, 164, 52, 165, 1, -1, -0.7853981633974483, 1.4142135623730951
344, 28, 354, 391, 352, 392, 2, -1, -0.4636476090008061, 2.23606797749979
344, 29, 423, 362, 422, 363, 1, -1, -0.7853981633974483, 1.4142135623730951
344, 30, 216, 102, 215, 103, 1, -1, -0.7853981633974483, 1.4142135623730951
344, 31, 249, 132, 248, 133, 1, -1, -0.7853981633974483, 1.4142135623730951
344, 32, 146, 396, 145, 397, 1, -1, -0.7853981633974483, 1.4142135623730951
344, 33, 65, 405, 64, 406, 1, -1, -0.7853981633974483, 1.4142135623730951
344, 34, 111, 315, 110, 316, 1, -1, -0.7853981633974483, 1.4142135623730951
344, 35, 236, 112, 235, 114, 1, -2, -1.1071487177940904, 2.23606797749979
344, 36, 277, 111, 275, 112, 2, -1, -0.4636476090008061, 2.23606797749979
344, 39, 137, 370, 135, 370, 2, 0, 0.0, 2.0
344, 40, 141, 363, 139, 363, 2, 0, 0.0, 2.0
344, 44, 114, 103, 113, 104, 1, -1, -0.7853981633974483, 1.4142135623730951
344, 45, 326, 346, 324, 347, 2, -1, -0.4636476090008061, 2.23606797749979
344, 46, 62, 354, 60, 354, 2, 0, 0.0, 2.0
345, 1, 274, 73, 272, 73, 2, 0, 0.0, 2.0
345, 2, 230, 72, 228, 73, 2, -1, -0.4636476090008061, 2.23606797749979
345, 4, 420, 365, 418, 366, 2, -1, -0.4636476090008061, 2.23606797749979
345, 5, 87, 325, 86, 326, 1, -1, -0.7853981633974483, 1.4142135623730951
345, 8, 145, 165, 143, 165, 2, 0, 0.0, 2.0
345, 9, 48, 191, 46, 192, 2, -1, -0.4636476090008061, 2.23606797749979
345, 10, 217, 99, 216, 100, 1, -1, -0.7853981633974483, 1.4142135623730951
345, 14, 184, 131, 183, 132, 1, -1, -0.7853981633974483, 1.4142135623730951
345, 15, 322, 75, 320, 76, 2, -1, -0.4636476090008061, 2.23606797749979
345, 16, 322, 406, 320, 406, 2, 0, 0.0, 2.0
345, 17, 113, 383, 112, 384, 1, -1, -0.7853981633974483, 1.4142135623730951
345, 18, 352, 394, 350, 394, 2, 0, 0.0, 2.0
345, 20, 250, 135, 249, 136, 1, -1, -0.7853981633974483, 1.4142135623730951
345, 21, 53, 166, 52, 167, 1, -1, -0.7853981633974483, 1.4142135623730951
345, 22, 228, 371, 227, 372, 1, -1, -0.7853981633974483, 1.4142135623730951
345, 23, 91, 299, 89, 299, 2, 0, 0.0, 2.0
345, 25, 30, 122, 28, 122, 2, 0, 0.0, 2.0
345, 30, 140, 127, 139, 128, 1, -1, -0.7853981633974483, 1.4142135623730951
345, 31, 10, 346, 9, 347, 1, -1, -0.7853981633974483, 1.4142135623730951
345, 32, 64, 407, 63, 408, 1, -1, -0.7853981633974483, 1.4142135623730951
345, 34, 162, 384, 161, 385, 1, -1, -0.7853981633974483, 1.4142135623730951
346, 1, 276, 72, 274, 73, 2, -1, -0.4636476090008061, 2.23606797749979
346, 2, 232, 71, 230, 72, 2, -1, -0.4636476090008061, 2.23606797749979
346, 4, 422, 365, 420, 365, 2, 0, 0.0, 2.0
346, 6, 87, 164, 85, 164, 2, 0, 0.0, 2.0
346, 7, 142, 405, 140, 405, 2, 0, 0.0, 2.0
346, 8, 146, 164, 145, 165, 1, -1, -0.7853981633974483, 1.4142135623730951
346, 10, 218, 98, 217, 99, 1, -1, -0.7853981633974483, 1.4142135623730951
346, 14, 185, 130, 184, 131, 1, -1, -0.7853981633974483, 1.4142135623730951
346, 15, 324, 74, 322, 75, 2, -1, -0.4636476090008061, 2.23606797749979
346, 16, 324, 406, 322, 406, 2, 0, 0.0, 2.0
346, 18, 354, 393, 352, 394, 2, -1, -0.4636476090008061, 2.23606797749979
346, 21, 54, 165, 53, 166, 1, -1, -0.7853981633974483, 1.4142135623730951
346, 22, 229, 370, 228, 371, 1, -1, -0.7853981633974483, 1.4142135623730951
346, 25, 31, 121, 30, 122, 1, -1, -0.7853981633974483, 1.4142135623730951
346, 27, 328, 80, 326, 81, 2, -1, -0.4636476090008061, 2.23606797749979
346, 28, 224, 106, 223, 107, 1, -1, -0.7853981633974483, 1.4142135623730951
346, 29, 118, 316, 116, 316, 2, 0, 0.0, 2.0
346, 30, 141, 126, 140, 127, 1, -1, -0.7853981633974483, 1.4142135623730951
346, 31, 11, 345, 10, 346, 1, -1, -0.7853981633974483, 1.4142135623730951
346, 32, 65, 406, 64, 407, 1, -1, -0.7853981633974483, 1.4142135623730951
346, 35, 244, 399, 242, 400, 2, -1, -0.4636476090008061, 2.23606797749979
347, 1, 278, 72, 276, 72, 2, 0, 0.0, 2.0
347, 2, 234, 70, 232, 71, 2, -1, -0.4636476090008061, 2.23606797749979
347, 4, 424, 365, 422, 365, 2, 0, 0.0, 2.0
347, 5, 89, 324, 88, 325, 1, -1, -0.7853981633974483, 1.4142135623730951
347, 9, 50, 190, 49, 191, 1, -1, -0.7853981633974483, 1.4142135623730951
347, 10, 219, 97, 218, 98, 1, -1, -0.7853981633974483, 1.4142135623730951
347, 14, 186, 129, 185, 130, 1, -1, -0.7853981633974483, 1.4142135623730951
347, 15, 326, 74, 324, 74, 2, 0, 0.0, 2.0
347, 16, 329, 405, 324, 406, 5, -1, -0.19739555984988075, 5.0990195135927845
347, 18, 356, 393, 354, 393, 2, 0, 0.0, 2.0
347, 20, 252, 134, 250, 135, 2, -1, -0.4636476090008061, 2.23606797749979
347, 21, 55, 164, 54, 165, 1, -1, -0.7853981633974483, 1.4142135623730951
347, 22, 230, 369, 229, 370, 1, -1, -0.7853981633974483, 1.4142135623730951
347, 24, 193, 132, 192, 133, 1, -1, -0.7853981633974483, 1.4142135623730951
347, 25, 33, 120, 31, 121, 2, -1, -0.4636476090008061, 2.23606797749979
347, 26, 77, 383, 75, 383, 2, 0, 0.0, 2.0
347, 27, 330, 80, 328, 80, 2, 0, 0.0, 2.0
347, 28, 225, 105, 224, 106, 1, -1, -0.7853981633974483, 1.4142135623730951
347, 30, 142, 125, 141, 126, 1, -1, -0.7853981633974483, 1.4142135623730951
347, 31, 12, 344, 11, 345, 1, -1, -0.7853981633974483, 1.4142135623730951
347, 32, 67, 405, 65, 406, 2, -1, -0.4636476090008061, 2.23606797749979
347, 34, 164, 383, 163, 384, 1, -1, -0.7853981633974483, 1.4142135623730951
347, 35, 245, 398, 244, 399, 1, -1, -0.7853981633974483, 1.4142135623730951
348, 1, 281, 71, 278, 72, 3, -1, -0.3217505543966422, 3.1622776601683795
348, 2, 237, 69, 234, 70, 3, -1, -0.3217505543966422, 3.1622776601683795
348, 7, 144, 404, 143, 405, 1, -1, -0.7853981633974483, 1.4142135623730951
348, 8, 148, 163, 147, 164, 1, -1, -0.7853981633974483, 1.4142135623730951
348, 11, 110, 122, 109, 123, 1, -1, -0.7853981633974483, 1.4142135623730951
348, 12, 103, 406, 102, 407, 1, -1, -0.7853981633974483, 1.4142135623730951
348, 15, 328, 73, 326, 74, 2, -1, -0.4636476090008061, 2.23606797749979
348, 17, 116, 382, 115, 383, 1, -1, -0.7853981633974483, 1.4142135623730951
348, 20, 253, 133, 252, 134, 1, -1, -0.7853981633974483, 1.4142135623730951
348, 21, 56, 163, 55, 164, 1, -1, -0.7853981633974483, 1.4142135623730951
348, 22, 231, 368, 230, 369, 1, -1, -0.7853981633974483, 1.4142135623730951
348, 23, 95, 299, 93, 299, 2, 0, 0.0, 2.0
348, 25, 34, 119, 33, 120, 1, -1, -0.7853981633974483, 1.4142135623730951
348, 30, 143, 124, 142, 125, 1, -1, -0.7853981633974483, 1.4142135623730951
348, 32, 68, 404, 67, 405, 1, -1, -0.7853981633974483, 1.4142135623730951
349, 1, 283, 70, 281, 71, 2, -1, -0.4636476090008061, 2.23606797749979
349, 2, 239, 68, 237, 69, 2, -1, -0.4636476090008061, 2.23606797749979
349, 3, 189, 70, 188, 71, 1, -1, -0.7853981633974483, 1.4142135623730951
349, 4, 427, 364, 425, 365, 2, -1, -0.4636476090008061, 2.23606797749979
349, 7, 145, 403, 144, 404, 1, -1, -0.7853981633974483, 1.4142135623730951
349, 9, 53, 190, 51, 190, 2, 0, 0.0, 2.0
349, 11, 111, 121, 110, 122, 1, -1, -0.7853981633974483, 1.4142135623730951
349, 15, 330, 72, 328, 73, 2, -1, -0.4636476090008061, 2.23606797749979
349, 16, 332, 405, 330, 405, 2, 0, 0.0, 2.0
349, 17, 117, 381, 116, 382, 1, -1, -0.7853981633974483, 1.4142135623730951
349, 19, 174, 111, 173, 112, 1, -1, -0.7853981633974483, 1.4142135623730951
349, 21, 58, 162, 56, 163, 2, -1, -0.4636476090008061, 2.23606797749979
349, 25, 35, 118, 34, 119, 1, -1, -0.7853981633974483, 1.4142135623730951
349, 26, 79, 382, 78, 383, 1, -1, -0.7853981633974483, 1.4142135623730951
349, 27, 333, 80, 331, 80, 2, 0, 0.0, 2.0
349, 30, 144, 123, 143, 124, 1, -1, -0.7853981633974483, 1.4142135623730951
349, 32, 70, 403, 68, 404, 2, -1, -0.4636476090008061, 2.23606797749979
349, 33, 149, 301, 147, 301, 2, 0, 0.0, 2.0
349, 34, 166, 382, 165, 383, 1, -1, -0.7853981633974483, 1.4142135623730951
349, 35, 247, 397, 246, 398, 1, -1, -0.7853981633974483, 1.4142135623730951
350, 1, 280, 71, 278, 72, 2, -1, -0.4636476090008061, 2.23606797749979
350, 2, 236, 72, 234, 73, 2, -1, -0.4636476090008061, 2.23606797749979
350, 3, 53, 192, 51, 193, 2, -1, -0.4636476090008061, 2.23606797749979
350, 4, 191, 72, 189, 73, 2, -1, -0.4636476090008061, 2.23606797749979
350, 5, 254, 135, 253, 136, 1, -1, -0.7853981633974483, 1.4142135623730951
350, 6, 33, 120, 32, 121, 1, -1, -0.7853981633974483, 1.4142135623730951
350, 7, 224, 103, 223, 104, 1, -1, -0.7853981633974483, 1.4142135623730951
350, 8, 187, 131, 186, 132, 1, -1, -0.7853981633974483, 1.4142135623730951
350, 9, 172, 147, 171, 148, 1, -1, -0.7853981633974483, 1.4142135623730951
350, 10, 426, 368, 424, 368, 2, 0, 0.0, 2.0
350, 11, 144, 404, 143, 405, 1, -1, -0.7853981633974483, 1.4142135623730951
350, 12, 148, 164, 147, 165, 1, -1, -0.7853981633974483, 1.4142135623730951
350, 16, 328, 75, 326, 76, 2, -1, -0.4636476090008061, 2.23606797749979
350, 18, 176, 114, 175, 115, 1, -1, -0.7853981633974483, 1.4142135623730951
350, 19, 358, 394, 356, 394, 2, 0, 0.0, 2.0
350, 22, 160, 295, 159, 296, 1, -1, -0.7853981633974483, 1.4142135623730951
350, 23, 57, 166, 56, 167, 1, -1, -0.7853981633974483, 1.4142135623730951
350, 26, 91, 324, 90, 325, 1, -1, -0.7853981633974483, 1.4142135623730951
350, 27, 64, 194, 62, 194, 2, 0, 0.0, 2.0
350, 28, 190, 95, 188, 95, 2, 0, 0.0, 2.0
350, 30, 239, 114, 238, 115, 1, -1, -0.7853981633974483, 1.4142135623730951
350, 31, 121, 102, 119, 102, 2, 0, 0.0, 2.0
350, 36, 38, 339, 36, 339, 2, 0, 0.0, 2.0
350, 37, 197, 131, 196, 132, 1, -1, -0.7853981633974483, 1.4142135623730951
350, 38, 332, 370, 331, 371, 1, -1, -0.7853981633974483, 1.4142135623730951
350, 40, 98, 171, 96, 171, 2, 0, 0.0, 2.0
350, 45, 25, 176, 23, 177, 2, -1, -0.4636476090008061, 2.23606797749979
350, 46, 320, 125, 318, 125, 2, 0, 0.0, 2.0
350, 49, 14, 343, 13, 344, 1, -1, -0.7853981633974483, 1.4142135623730951
350, 50, 22, 81, 21, 82, 1, -1, -0.7853981633974483, 1.4142135623730951
350, 56, 33, 179, 31, 180, 2, -1, -0.4636476090008061, 2.23606797749979
350, 57, 156, 170, 154, 171, 2, -1, -0.4636476090008061, 2.23606797749979
350, 59, 177, 361, 175, 361, 2, 0, 0.0, 2.0
350, 60, 379, 351, 377, 352, 2, -1, -0.4636476090008061, 2.23606797749979
350, 61, 51, 93, 50, 94, 1, -1, -0.7853981633974483, 1.4142135623730951
350, 62, 238, 372, 236, 373, 2, -1, -0.4636476090008061, 2.23606797749979
350, 64, 81, 332, 79, 332, 2, 0, 0.0, 2.0
350, 65, 143, 371, 142, 372, 1, -1, -0.7853981633974483, 1.4142135623730951
350, 66, 279, 401, 277, 401, 2, 0, 0.0, 2.0
350, 67, 33, 88, 32, 89, 1, -1, -0.7853981633974483, 1.4142135623730951
350, 68, 43, 125, 42, 126, 1, -1, -0.7853981633974483, 1.4142135623730951
350, 69, 89, 136, 88, 137, 1, -1, -0.7853981633974483, 1.4142135623730951
350, 70, 182, 332, 181, 333, 1, -1, -0.7853981633974483, 1.4142135623730951
350, 72, 239, 80, 238, 81, 1, -1, -0.7853981633974483, 1.4142135623730951
350, 73, 277, 113, 276, 114, 1, -1, -0.7853981633974483, 1.4142135623730951
351, 1, 283, 70, 280, 71, 3, -1, -0.3217505543966422, 3.1622776601683795
351, 2, 238, 71, 236, 72, 2, -1, -0.4636476090008061, 2.23606797749979
351, 3, 55, 191, 53, 192, 2, -1, -0.4636476090008061, 2.23606797749979
351, 6, 35, 119, 33, 120, 2, -1, -0.4636476090008061, 2.23606797749979
351, 7, 225, 102, 224, 103, 1, -1, -0.7853981633974483, 1.4142135623730951
351, 9, 173, 146, 172, 147, 1, -1, -0.7853981633974483, 1.4142135623730951
351, 10, 429, 368, 426, 368, 3, 0, 0.0, 3.0
351, 11, 145, 403, 144, 404, 1, -1, -0.7853981633974483, 1.4142135623730951
351, 12, 149, 163, 148, 164, 1, -1, -0.7853981633974483, 1.4142135623730951
351, 14, 90, 164, 89, 165, 1, -1, -0.7853981633974483, 1.4142135623730951
351, 15, 330, 405, 328, 406, 2, -1, -0.4636476090008061, 2.23606797749979
351, 16, 330, 74, 328, 75, 2, -1, -0.4636476090008061, 2.23606797749979
351, 18, 177, 113, 176, 114, 1, -1, -0.7853981633974483, 1.4142135623730951
351, 19, 360, 394, 358, 394, 2, 0, 0.0, 2.0
351, 21, 221, 95, 220, 96, 1, -1, -0.7853981633974483, 1.4142135623730951
351, 22, 161, 294, 160, 295, 1, -1, -0.7853981633974483, 1.4142135623730951
351, 26, 92, 323, 91, 324, 1, -1, -0.7853981633974483, 1.4142135623730951
351, 28, 192, 94, 190, 95, 2, -1, -0.4636476090008061, 2.23606797749979
351, 30, 240, 113, 239, 114, 1, -1, -0.7853981633974483, 1.4142135623730951
351, 31, 123, 101, 121, 102, 2, -1, -0.4636476090008061, 2.23606797749979
351, 33, 14, 320, 13, 321, 1, -1, -0.7853981633974483, 1.4142135623730951
351, 37, 198, 130, 197, 131, 1, -1, -0.7853981633974483, 1.4142135623730951
351, 40, 99, 170, 98, 171, 1, -1, -0.7853981633974483, 1.4142135623730951
351, 43, 327, 398, 325, 399, 2, -1, -0.4636476090008061, 2.23606797749979
351, 44, 309, 98, 308, 99, 1, -1, -0.7853981633974483, 1.4142135623730951
351, 45, 26, 175, 25, 176, 1, -1, -0.7853981633974483, 1.4142135623730951
351, 46, 322, 124, 320, 125, 2, -1, -0.4636476090008061, 2.23606797749979
351, 47, 352, 129, 354, 129, -2, 0, 3.141592653589793, 2.0
351, 48, 71, 408, 69, 409, 2, -1, -0.4636476090008061, 2.23606797749979
351, 49, 15, 342, 14, 343, 1, -1, -0.7853981633974483, 1.4142135623730951
351, 50, 23, 80, 22, 81, 1, -1, -0.7853981633974483, 1.4142135623730951
351, 51, 67, 354, 66, 355, 1, -1, -0.7853981633974483, 1.4142135623730951
351, 56, 35, 177, 33, 179, 2, -2, -0.7853981633974483, 2.8284271247461903
351, 57, 158, 170, 156, 170, 2, 0, 0.0, 2.0
351, 60, 382, 349, 379, 351, 3, -2, -0.5880026035475675, 3.605551275463989
351, 62, 241, 372, 238, 372, 3, 0, 0.0, 3.0
351, 65, 144, 370, 143, 371, 1, -1, -0.7853981633974483, 1.4142135623730951
351, 66, 281, 401, 279, 401, 2, 0, 0.0, 2.0
351, 68, 45, 124, 43, 125, 2, -1, -0.4636476090008061, 2.23606797749979
351, 69, 90, 135, 89, 136, 1, -1, -0.7853981633974483, 1.4142135623730951
351, 70, 184, 333, 182, 332, 2, 1, 0.4636476090008061, 2.23606797749979
351, 71, 166, 384, 165, 385, 1, -1, -0.7853981633974483, 1.4142135623730951
351, 72, 241, 79, 239, 80, 2, -1, -0.4636476090008061, 2.23606797749979
351, 73, 278, 112, 277, 113, 1, -1, -0.7853981633974483, 1.4142135623730951
351, 74, 13, 112, 11, 113, 2, -1, -0.4636476090008061, 2.23606797749979
352, 1, 285, 69, 283, 70, 2, -1, -0.4636476090008061, 2.23606797749979
352, 2, 240, 70, 238, 71, 2, -1, -0.4636476090008061, 2.23606797749979
352, 3, 57, 191, 55, 191, 2, 0, 0.0, 2.0
352, 5, 256, 134, 255, 135, 1, -1, -0.7853981633974483, 1.4142135623730951
352, 6, 36, 118, 35, 119, 1, -1, -0.7853981633974483, 1.4142135623730951
352, 7, 226, 101, 225, 102, 1, -1, -0.7853981633974483, 1.4142135623730951
352, 9, 174, 145, 173, 146, 1, -1, -0.7853981633974483, 1.4142135623730951
352, 10, 431, 368, 429, 368, 2, 0, 0.0, 2.0
352, 13, 112, 405, 106, 407, 6, -2, -0.3217505543966422, 6.324555320336759
352, 14, 91, 163, 90, 164, 1, -1, -0.7853981633974483, 1.4142135623730951
352, 15, 332, 404, 330, 405, 2, -1, -0.4636476090008061, 2.23606797749979
352, 16, 332, 74, 330, 74, 2, 0, 0.0, 2.0
352, 17, 152, 303, 150, 303, 2, 0, 0.0, 2.0
352, 19, 361, 393, 360, 394, 1, -1, -0.7853981633974483, 1.4142135623730951
352, 21, 222, 94, 221, 95, 1, -1, -0.7853981633974483, 1.4142135623730951
352, 22, 163, 294, 161, 294, 2, 0, 0.0, 2.0
352, 23, 61, 163, 58, 166, 3, -3, -0.7853981633974483, 4.242640687119285
352, 24, 121, 383, 117, 384, 4, -1, -0.24497866312686414, 4.123105625617661
352, 27, 66, 193, 65, 194, 1, -1, -0.7853981633974483, 1.4142135623730951
352, 30, 241, 112, 240, 113, 1, -1, -0.7853981633974483, 1.4142135623730951
352, 31, 125, 100, 123, 101, 2, -1, -0.4636476090008061, 2.23606797749979
352, 32, 145, 129, 144, 130, 1, -1, -0.7853981633974483, 1.4142135623730951
352, 35, 193, 135, 192, 136, 1, -1, -0.7853981633974483, 1.4142135623730951
352, 40, 100, 169, 99, 170, 1, -1, -0.7853981633974483, 1.4142135623730951
352, 41, 23, 343, 24, 342, -1, 1, 2.356194490192345, 1.4142135623730951
352, 43, 329, 397, 327, 398, 2, -1, -0.4636476090008061, 2.23606797749979
352, 45, 28, 174, 26, 175, 2, -1, -0.4636476090008061, 2.23606797749979
352, 46, 323, 123, 322, 124, 1, -1, -0.7853981633974483, 1.4142135623730951
352, 48, 72, 407, 71, 408, 1, -1, -0.7853981633974483, 1.4142135623730951
352, 50, 24, 79, 23, 80, 1, -1, -0.7853981633974483, 1.4142135623730951
352, 51, 68, 353, 67, 354, 1, -1, -0.7853981633974483, 1.4142135623730951
352, 53, 183, 120, 182, 121, 1, -1, -0.7853981633974483, 1.4142135623730951
352, 56, 37, 177, 35, 177, 2, 0, 0.0, 2.0
352, 57, 160, 169, 158, 170, 2, -1, -0.4636476090008061, 2.23606797749979
352, 58, 246, 396, 244, 397, 2, -1, -0.4636476090008061, 2.23606797749979
352, 60, 384, 349, 382, 349, 2, 0, 0.0, 2.0
352, 62, 243, 372, 241, 372, 2, 0, 0.0, 2.0
352, 67, 35, 87, 34, 88, 1, -1, -0.7853981633974483, 1.4142135623730951
352, 68, 46, 123, 45, 124, 1, -1, -0.7853981633974483, 1.4142135623730951
352, 69, 91, 134, 90, 135, 1, -1, -0.7853981633974483, 1.4142135623730951
352, 72, 243, 78, 241, 79, 2, -1, -0.4636476090008061, 2.23606797749979
352, 73, 280, 111, 278, 112, 2, -1, -0.4636476090008061, 2.23606797749979
352, 74, 14, 111, 13, 112, 1, -1, -0.7853981633974483, 1.4142135623730951
353, 1, 287, 69, 285, 69, 2, 0, 0.0, 2.0
353, 2, 242, 70, 240, 70, 2, 0, 0.0, 2.0
353, 3, 59, 191, 57, 191, 2, 0, 0.0, 2.0
353, 4, 195, 72, 193, 72, 2, 0, 0.0, 2.0
353, 5, 257, 132, 256, 134, 1, -2, -1.1071487177940904, 2.23606797749979
353, 7, 227, 100, 226, 101, 1, -1, -0.7853981633974483, 1.4142135623730951
353, 8, 190, 130, 189, 131, 1, -1, -0.7853981633974483, 1.4142135623730951
353, 9, 175, 144, 174, 145, 1, -1, -0.7853981633974483, 1.4142135623730951
353, 10, 432, 367, 431, 368, 1, -1, -0.7853981633974483, 1.4142135623730951
353, 12, 151, 161, 150, 163, 1, -2, -1.1071487177940904, 2.23606797749979
353, 14, 92, 161, 91, 163, 1, -2, -1.1071487177940904, 2.23606797749979
353, 15, 333, 403, 332, 404, 1, -1, -0.7853981633974483, 1.4142135623730951
353, 16, 334, 74, 332, 74, 2, 0, 0.0, 2.0
353, 17, 154, 302, 152, 303, 2, -1, -0.4636476090008061, 2.23606797749979
353, 18, 179, 111, 178, 113, 1, -2, -1.1071487177940904, 2.23606797749979
353, 19, 363, 393, 361, 393, 2, 0, 0.0, 2.0
353, 20, 113, 123, 112, 124, 1, -1, -0.7853981633974483, 1.4142135623730951
353, 21, 223, 93, 222, 94, 1, -1, -0.7853981633974483, 1.4142135623730951
353, 23, 62, 162, 61, 163, 1, -1, -0.7853981633974483, 1.4142135623730951
353, 26, 95, 323, 93, 323, 2, 0, 0.0, 2.0
353, 30, 242, 111, 241, 112, 1, -1, -0.7853981633974483, 1.4142135623730951
353, 32, 146, 128, 145, 129, 1, -1, -0.7853981633974483, 1.4142135623730951
353, 43, 331, 396, 329, 397, 2, -1, -0.4636476090008061, 2.23606797749979
353, 44, 311, 97, 310, 98, 1, -1, -0.7853981633974483, 1.4142135623730951
353, 45, 29, 173, 28, 174, 1, -1, -0.7853981633974483, 1.4142135623730951
353, 46, 324, 122, 323, 123, 1, -1, -0.7853981633974483, 1.4142135623730951
353, 47, 349, 130, 351, 129, -2, 1, 2.677945044588987, 2.23606797749979
353, 49, 18, 342, 16, 342, 2, 0, 0.0, 2.0
353, 55, 9, 380, 7, 380, 2, 0, 0.0, 2.0
353, 56, 39, 176, 37, 177, 2, -1, -0.4636476090008061, 2.23606797749979
353, 57, 247, 395, 246, 396, 1, -1, -0.7853981633974483, 1.4142135623730951
353, 59, 386, 348, 384, 349, 2, -1, -0.4636476090008061, 2.23606797749979
353, 60, 53, 92, 52, 93, 1, -1, -0.7853981633974483, 1.4142135623730951
353, 61, 245, 371, 243, 372, 2, -1, -0.4636476090008061, 2.23606797749979
353, 62, 159, 136, 161, 136, -2, 0, 3.141592653589793, 2.0
353, 66, 36, 86, 35, 87, 1, -1, -0.7853981633974483, 1.4142135623730951
353, 67, 47, 122, 46, 123, 1, -1, -0.7853981633974483, 1.4142135623730951
353, 71, 246, 77, 243, 78, 3, -1, -0.3217505543966422, 3.1622776601683795
353, 72, 281, 110, 280, 111, 1, -1, -0.7853981633974483, 1.4142135623730951
353, 73, 15, 110, 14, 111, 1, -1, -0.7853981633974483, 1.4142135623730951
354, 2, 244, 70, 242, 70, 2, 0, 0.0, 2.0
354, 3, 61, 191, 59, 191, 2, 0, 0.0, 2.0
354, 5, 258, 130, 257, 132, 1, -2, -1.1071487177940904, 2.23606797749979
354, 6, 38, 117, 37, 118, 1, -1, -0.7853981633974483, 1.4142135623730951
354, 7, 228, 99, 227, 100, 1, -1, -0.7853981633974483, 1.4142135623730951
354, 15, 334, 402, 333, 403, 1, -1, -0.7853981633974483, 1.4142135623730951
354, 16, 336, 74, 334, 74, 2, 0, 0.0, 2.0
354, 19, 365, 393, 363, 393, 2, 0, 0.0, 2.0
354, 20, 114, 122, 113, 123, 1, -1, -0.7853981633974483, 1.4142135623730951
354, 21, 224, 92, 223, 93, 1, -1, -0.7853981633974483, 1.4142135623730951
354, 23, 63, 161, 62, 162, 1, -1, -0.7853981633974483, 1.4142135623730951
354, 25, 262, 340, 261, 341, 1, -1, -0.7853981633974483, 1.4142135623730951
354, 26, 96, 324, 95, 323, 1, 1, 0.7853981633974483, 1.4142135623730951
354, 34, 194, 134, 193, 135, 1, -1, -0.7853981633974483, 1.4142135623730951
354, 35, 42, 340, 41, 339, 1, 1, 0.7853981633974483, 1.4142135623730951
354, 36, 200, 128, 199, 129, 1, -1, -0.7853981633974483, 1.4142135623730951
354, 37, 336, 369, 334, 369, 2, 0, 0.0, 2.0
354, 39, 102, 168, 101, 169, 1, -1, -0.7853981633974483, 1.4142135623730951
354, 42, 333, 395, 331, 396, 2, -1, -0.4636476090008061, 2.23606797749979
354, 43, 312, 96, 311, 97, 1, -1, -0.7853981633974483, 1.4142135623730951
354, 44, 30, 172, 29, 173, 1, -1, -0.7853981633974483, 1.4142135623730951
354, 45, 326, 121, 324, 122, 2, -1, -0.4636476090008061, 2.23606797749979
354, 46, 352, 131, 349, 130, 3, 1, 0.3217505543966422, 3.1622776601683795
354, 47, 74, 406, 73, 407, 1, -1, -0.7853981633974483, 1.4142135623730951
354, 48, 19, 341, 18, 342, 1, -1, -0.7853981633974483, 1.4142135623730951
354, 50, 70, 352, 69, 353, 1, -1, -0.7853981633974483, 1.4142135623730951
354, 55, 41, 175, 39, 176, 2, -1, -0.4636476090008061, 2.23606797749979
354, 56, 248, 394, 247, 395, 1, -1, -0.7853981633974483, 1.4142135623730951
354, 58, 388, 346, 386, 348, 2, -2, -0.7853981633974483, 2.8284271247461903
354, 59, 54, 91, 53, 92, 1, -1, -0.7853981633974483, 1.4142135623730951
354, 60, 246, 370, 245, 371, 1, -1, -0.7853981633974483, 1.4142135623730951
354, 62, 146, 369, 145, 370, 1, -1, -0.7853981633974483, 1.4142135623730951
354, 64, 38, 86, 36, 86, 2, 0, 0.0, 2.0
354, 65, 48, 121, 47, 122, 1, -1, -0.7853981633974483, 1.4142135623730951
354, 67, 188, 333, 186, 333, 2, 0, 0.0, 2.0
354, 69, 247, 76, 246, 77, 1, -1, -0.7853981633974483, 1.4142135623730951
354, 70, 283, 109, 281, 110, 2, -1, -0.4636476090008061, 2.23606797749979
354, 71, 17, 109, 15, 110, 2, -1, -0.4636476090008061, 2.23606797749979
355, 0, 195, 69, 194, 70, 1, -1, -0.7853981633974483, 1.4142135623730951
355, 1, 148, 405, 147, 406, 1, -1, -0.7853981633974483, 1.4142135623730951
355, 3, 59, 193, 57, 193, 2, 0, 0.0, 2.0
355, 4, 190, 131, 189, 132, 1, -1, -0.7853981633974483, 1.4142135623730951
355, 6, 434, 368, 432, 369, 2, -1, -0.4636476090008061, 2.23606797749979
355, 7, 287, 72, 285, 72, 2, 0, 0.0, 2.0
355, 8, 333, 406, 332, 407, 1, -1, -0.7853981633974483, 1.4142135623730951
355, 11, 225, 98, 224, 99, 1, -1, -0.7853981633974483, 1.4142135623730951
355, 13, 335, 76, 333, 76, 2, 0, 0.0, 2.0
355, 17, 38, 120, 37, 121, 1, -1, -0.7853981633974483, 1.4142135623730951
355, 18, 180, 112, 179, 113, 1, -1, -0.7853981633974483, 1.4142135623730951
355, 20, 75, 408, 73, 408, 2, 0, 0.0, 2.0
355, 22, 243, 113, 242, 114, 1, -1, -0.7853981633974483, 1.4142135623730951
355, 23, 27, 82, 26, 83, 1, -1, -0.7853981633974483, 1.4142135623730951
355, 26, 62, 164, 61, 165, 1, -1, -0.7853981633974483, 1.4142135623730951
355, 27, 226, 108, 224, 108, 2, 0, 0.0, 2.0
355, 28, 188, 121, 186, 123, 2, -2, -0.7853981633974483, 2.8284271247461903
355, 29, 59, 93, 55, 94, 4, -1, -0.24497866312686414, 4.123105625617661
355, 32, 161, 169, 160, 170, 1, -1, -0.7853981633974483, 1.4142135623730951
355, 33, 262, 140, 261, 141, 1, -1, -0.7853981633974483, 1.4142135623730951
355, 34, 364, 395, 362, 395, 2, 0, 0.0, 2.0
355, 36, 168, 299, 166, 299, 2, 0, 0.0, 2.0
355, 38, 84, 383, 81, 384, 3, -1, -0.3217505543966422, 3.1622776601683795
355, 39, 340, 373, 339, 374, 1, -1, -0.7853981633974483, 1.4142135623730951
355, 42, 263, 341, 262, 342, 1, -1, -0.7853981633974483, 1.4142135623730951
355, 43, 10, 380, 8, 380, 2, 0, 0.0, 2.0
355, 48, 289, 108, 287, 109, 2, -1, -0.4636476090008061, 2.23606797749979
355, 51, 43, 298, 41, 298, 2, 0, 0.0, 2.0
355, 52, 237, 373, 235, 373, 2, 0, 0.0, 2.0
355, 53, 285, 403, 283, 402, 2, 1, 0.4636476090008061, 2.23606797749979
355, 55, 29, 172, 28, 173, 1, -1, -0.7853981633974483, 1.4142135623730951
355, 56, 332, 396, 330, 397, 2, -1, -0.4636476090008061, 2.23606797749979
355, 57, 281, 108, 280, 109, 1, -1, -0.7853981633974483, 1.4142135623730951
355, 58, 10, 333, 6, 332, 4, 1, 0.24497866312686414, 4.123105625617661
355, 61, 197, 96, 195, 96, 2, 0, 0.0, 2.0
355, 63, 75, 166, 72, 166, 3, 0, 0.0, 3.0
355, 64, 240, 80, 238, 81, 2, -1, -0.4636476090008061, 2.23606797749979
355, 65, 186, 333, 185, 334, 1, -1, -0.7853981633974483, 1.4142135623730951
355, 66, 324, 126, 323, 127, 1, -1, -0.7853981633974483, 1.4142135623730951
355, 67, 36, 179, 34, 180, 2, -1, -0.4636476090008061, 2.23606797749979
355, 69, 306, 347, 303, 347, 3, 0, 0.0, 3.0
355, 70, 7, 102, 5, 102, 2, 0, 0.0, 2.0
355, 72, 120, 345, 119, 346, 1, -1, -0.7853981633974483, 1.4142135623730951
355, 73, 92, 135, 91, 136, 1, -1, -0.7853981633974483, 1.4142135623730951
355, 76, 104, 169, 104, 171, 0, -2, -1.5707963267948966, 2.0
355, 77, 281, 357, 277, 357, 4, 0, 0.0, 4.0
355, 78, 134, 175, 133, 176, 1, -1, -0.7853981633974483, 1.4142135623730951
355, 81, 8, 294, 6, 294, 2, 0, 0.0, 2.0
355, 82, 73, 140, 72, 141, 1, -1, -0.7853981633974483, 1.4142135623730951
355, 83, 53, 372, 51, 372, 2, 0, 0.0, 2.0
355, 85, 215, 346, 213, 346, 2, 0, 0.0, 2.0
355, 87, 244, 370, 243, 371, 1, -1, -0.7853981633974483, 1.4142135623730951
356, 0, 196, 68, 195, 69, 1, -1, -0.7853981633974483, 1.4142135623730951
356, 1, 149, 404, 148, 405, 1, -1, -0.7853981633974483, 1.4142135623730951
356, 4, 191, 130, 190, 131, 1, -1, -0.7853981633974483, 1.4142135623730951
356, 6, 436, 368, 434, 368, 2, 0, 0.0, 2.0
356, 7, 289, 71, 287, 72, 2, -1, -0.4636476090008061, 2.23606797749979
356, 8, 335, 406, 333, 406, 2, 0, 0.0, 2.0
356, 11, 226, 96, 225, 98, 1, -2, -1.1071487177940904, 2.23606797749979
356, 15, 259, 133, 258, 134, 1, -1, -0.7853981633974483, 1.4142135623730951
356, 17, 39, 119, 38, 120, 1, -1, -0.7853981633974483, 1.4142135623730951
356, 20, 76, 407, 75, 408, 1, -1, -0.7853981633974483, 1.4142135623730951
356, 22, 244, 112, 243, 113, 1, -1, -0.7853981633974483, 1.4142135623730951
356, 23, 28, 81, 27, 82, 1, -1, -0.7853981633974483, 1.4142135623730951
356, 24, 235, 103, 234, 104, 1, -1, -0.7853981633974483, 1.4142135623730951
356, 27, 228, 107, 226, 108, 2, -1, -0.4636476090008061, 2.23606797749979
356, 28, 189, 119, 188, 121, 1, -2, -1.1071487177940904, 2.23606797749979
356, 29, 60, 92, 59, 93, 1, -1, -0.7853981633974483, 1.4142135623730951
356, 31, 164, 327, 162, 327, 2, 0, 0.0, 2.0
356, 32, 162, 168, 161, 169, 1, -1, -0.7853981633974483, 1.4142135623730951
356, 33, 264, 139, 262, 140, 2, -1, -0.4636476090008061, 2.23606797749979
356, 34, 366, 394, 364, 395, 2, -1, -0.4636476090008061, 2.23606797749979
356, 35, 324, 81, 324, 83, 0, -2, -1.5707963267948966, 2.0
356, 37, 21, 344, 19, 344, 2, 0, 0.0, 2.0
356, 38, 86, 383, 84, 383, 2, 0, 0.0, 2.0
356, 39, 341, 372, 340, 373, 1, -1, -0.7853981633974483, 1.4142135623730951
356, 44, 147, 128, 146, 129, 1, -1, -0.7853981633974483, 1.4142135623730951
356, 45, 18, 320, 17, 321, 1, -1, -0.7853981633974483, 1.4142135623730951
356, 46, 194, 140, 192, 140, 2, 0, 0.0, 2.0
356, 47, 72, 355, 70, 355, 2, 0, 0.0, 2.0
356, 48, 290, 107, 289, 108, 1, -1, -0.7853981633974483, 1.4142135623730951
356, 53, 289, 402, 285, 403, 4, -1, -0.24497866312686414, 4.123105625617661
356, 56, 335, 396, 332, 396, 3, 0, 0.0, 3.0
356, 57, 282, 107, 281, 108, 1, -1, -0.7853981633974483, 1.4142135623730951
356, 59, 86, 330, 85, 331, 1, -1, -0.7853981633974483, 1.4142135623730951
356, 61, 199, 95, 197, 96, 2, -1, -0.4636476090008061, 2.23606797749979
356, 62, 98, 300, 96, 300, 2, 0, 0.0, 2.0
356, 63, 77, 165, 75, 166, 2, -1, -0.4636476090008061, 2.23606797749979
356, 64, 242, 79, 240, 80, 2, -1, -0.4636476090008061, 2.23606797749979
356, 66, 326, 125, 324, 126, 2, -1, -0.4636476090008061, 2.23606797749979
356, 67, 38, 178, 36, 179, 2, -1, -0.4636476090008061, 2.23606797749979
356, 68, 158, 99, 157, 100, 1, -1, -0.7853981633974483, 1.4142135623730951
356, 69, 309, 347, 306, 347, 3, 0, 0.0, 3.0
356, 73, 93, 134, 92, 135, 1, -1, -0.7853981633974483, 1.4142135623730951
356, 75, 108, 360, 107, 361, 1, -1, -0.7853981633974483, 1.4142135623730951
356, 76, 105, 168, 104, 169, 1, -1, -0.7853981633974483, 1.4142135623730951
356, 77, 284, 357, 281, 357, 3, 0, 0.0, 3.0
356, 78, 135, 174, 134, 175, 1, -1, -0.7853981633974483, 1.4142135623730951
356, 84, 220, 321, 218, 321, 2, 0, 0.0, 2.0
356, 85, 219, 346, 215, 346, 4, 0, 0.0, 4.0
357, 0, 197, 67, 196, 68, 1, -1, -0.7853981633974483, 1.4142135623730951
357, 1, 150, 403, 149, 404, 1, -1, -0.7853981633974483, 1.4142135623730951
357, 2, 187, 313, 186, 314, 1, -1, -0.7853981633974483, 1.4142135623730951
357, 3, 61, 192, 60, 193, 1, -1, -0.7853981633974483, 1.4142135623730951
357, 4, 192, 129, 191, 130, 1, -1, -0.7853981633974483, 1.4142135623730951
357, 5, 155, 163, 154, 164, 1, -1, -0.7853981633974483, 1.4142135623730951
357, 6, 437, 366, 436, 368, 1, -2, -1.1071487177940904, 2.23606797749979
357, 7, 290, 70, 289, 71, 1, -1, -0.7853981633974483, 1.4142135623730951
357, 8, 337, 405, 335, 406, 2, -1, -0.4636476090008061, 2.23606797749979
357, 9, 116, 123, 114, 123, 2, 0, 0.0, 2.0
357, 10, 242, 70, 241, 71, 1, -1, -0.7853981633974483, 1.4142135623730951
357, 11, 227, 95, 226, 96, 1, -1, -0.7853981633974483, 1.4142135623730951
357, 13, 337, 75, 336, 76, 1, -1, -0.7853981633974483, 1.4142135623730951
357, 15, 260, 132, 259, 133, 1, -1, -0.7853981633974483, 1.4142135623730951
357, 16, 158, 304, 156, 304, 2, 0, 0.0, 2.0
357, 17, 41, 118, 39, 119, 2, -1, -0.4636476090008061, 2.23606797749979
357, 18, 181, 110, 180, 111, 1, -1, -0.7853981633974483, 1.4142135623730951
357, 19, 201, 131, 200, 132, 1, -1, -0.7853981633974483, 1.4142135623730951
357, 22, 245, 111, 244, 112, 1, -1, -0.7853981633974483, 1.4142135623730951
357, 23, 29, 80, 28, 81, 1, -1, -0.7853981633974483, 1.4142135623730951
357, 26, 64, 163, 63, 164, 1, -1, -0.7853981633974483, 1.4142135623730951
357, 27, 230, 106, 228, 107, 2, -1, -0.4636476090008061, 2.23606797749979
357, 28, 190, 118, 189, 119, 1, -1, -0.7853981633974483, 1.4142135623730951
357, 32, 163, 167, 162, 168, 1, -1, -0.7853981633974483, 1.4142135623730951
357, 33, 265, 138, 264, 139, 1, -1, -0.7853981633974483, 1.4142135623730951
357, 34, 368, 394, 366, 394, 2, 0, 0.0, 2.0
357, 39, 343, 372, 341, 372, 2, 0, 0.0, 2.0
357, 41, 128, 317, 126, 317, 2, 0, 0.0, 2.0
357, 42, 265, 340, 264, 341, 1, -1, -0.7853981633974483, 1.4142135623730951
357, 43, 13, 380, 11, 380, 2, 0, 0.0, 2.0
357, 46, 195, 139, 194, 140, 1, -1, -0.7853981633974483, 1.4142135623730951
357, 47, 73, 354, 72, 355, 1, -1, -0.7853981633974483, 1.4142135623730951
357, 48, 290, 110, 290, 107, 0, 3, 1.5707963267948966, 3.0
357, 49, 44, 341, 42, 342, 2, -1, -0.4636476090008061, 2.23606797749979
357, 51, 45, 297, 44, 298, 1, -1, -0.7853981633974483, 1.4142135623730951
357, 53, 290, 403, 289, 402, 1, 1, 0.7853981633974483, 1.4142135623730951
357, 54, 198, 309, 196, 308, 2, 1, 0.4636476090008061, 2.23606797749979
357, 56, 337, 395, 335, 396, 2, -1, -0.4636476090008061, 2.23606797749979
357, 57, 283, 106, 282, 107, 1, -1, -0.7853981633974483, 1.4142135623730951
357, 59, 88, 329, 86, 330, 2, -1, -0.4636476090008061, 2.23606797749979
357, 61, 200, 94, 199, 95, 1, -1, -0.7853981633974483, 1.4142135623730951
357, 63, 79, 164, 77, 165, 2, -1, -0.4636476090008061, 2.23606797749979
357, 64, 244, 78, 242, 79, 2, -1, -0.4636476090008061, 2.23606797749979
357, 66, 328, 124, 326, 125, 2, -1, -0.4636476090008061, 2.23606797749979
357, 67, 39, 177, 38, 178, 1, -1, -0.7853981633974483, 1.4142135623730951
357, 69, 313, 347, 309, 347, 4, 0, 0.0, 4.0
357, 72, 121, 343, 120, 344, 1, -1, -0.7853981633974483, 1.4142135623730951
357, 73, 94, 133, 93, 134, 1, -1, -0.7853981633974483, 1.4142135623730951
357, 75, 109, 359, 108, 360, 1, -1, -0.7853981633974483, 1.4142135623730951
357, 76, 106, 167, 105, 168, 1, -1, -0.7853981633974483, 1.4142135623730951
357, 77, 286, 358, 284, 357, 2, 1, 0.4636476090008061, 2.23606797749979
357, 78, 136, 173, 135, 174, 1, -1, -0.7853981633974483, 1.4142135623730951
357, 79, 156, 345, 154, 345, 2, 0, 0.0, 2.0
357, 80, 150, 373, 148, 373, 2, 0, 0.0, 2.0
357, 81, 10, 293, 9, 294, 1, -1, -0.7853981633974483, 1.4142135623730951
358, 3, 62, 191, 61, 192, 1, -1, -0.7853981633974483, 1.4142135623730951
358, 4, 193, 128, 192, 129, 1, -1, -0.7853981633974483, 1.4142135623730951
358, 6, 440, 366, 437, 366, 3, 0, 0.0, 3.0
358, 7, 291, 69, 290, 70, 1, -1, -0.7853981633974483, 1.4142135623730951
358, 8, 339, 404, 337, 405, 2, -1, -0.4636476090008061, 2.23606797749979
358, 11, 228, 93, 227, 95, 1, -2, -1.1071487177940904, 2.23606797749979
358, 16, 160, 304, 158, 304, 2, 0, 0.0, 2.0
358, 17, 43, 117, 41, 118, 2, -1, -0.4636476090008061, 2.23606797749979
358, 18, 182, 109, 181, 110, 1, -1, -0.7853981633974483, 1.4142135623730951
358, 22, 246, 110, 245, 111, 1, -1, -0.7853981633974483, 1.4142135623730951
358, 23, 30, 79, 29, 80, 1, -1, -0.7853981633974483, 1.4142135623730951
358, 24, 237, 104, 236, 103, 1, 1, 0.7853981633974483, 1.4142135623730951
358, 25, 234, 347, 233, 348, 1, -1, -0.7853981633974483, 1.4142135623730951
358, 27, 231, 105, 230, 106, 1, -1, -0.7853981633974483, 1.4142135623730951
358, 28, 191, 117, 190, 118, 1, -1, -0.7853981633974483, 1.4142135623730951
358, 31, 167, 326, 165, 327, 2, -1, -0.4636476090008061, 2.23606797749979
358, 32, 164, 166, 163, 167, 1, -1, -0.7853981633974483, 1.4142135623730951
358, 34, 370, 394, 368, 394, 2, 0, 0.0, 2.0
358, 35, 329, 80, 325, 81, 4, -1, -0.24497866312686414, 4.123105625617661
358, 39, 345, 371, 343, 372, 2, -1, -0.4636476090008061, 2.23606797749979
358, 40, 124, 388, 123, 389, 1, -1, -0.7853981633974483, 1.4142135623730951
358, 41, 129, 316, 128, 317, 1, -1, -0.7853981633974483, 1.4142135623730951
358, 45, 20, 319, 19, 320, 1, -1, -0.7853981633974483, 1.4142135623730951
358, 46, 196, 138, 195, 139, 1, -1, -0.7853981633974483, 1.4142135623730951
358, 48, 291, 109, 290, 110, 1, -1, -0.7853981633974483, 1.4142135623730951
358, 53, 292, 403, 290, 403, 2, 0, 0.0, 2.0
358, 54, 200, 309, 198, 309, 2, 0, 0.0, 2.0
358, 55, 33, 171, 31, 172, 2, -1, -0.4636476090008061, 2.23606797749979
358, 56, 341, 395, 337, 395, 4, 0, 0.0, 4.0
358, 57, 284, 105, 283, 106, 1, -1, -0.7853981633974483, 1.4142135623730951
358, 59, 90, 328, 88, 329, 2, -1, -0.4636476090008061, 2.23606797749979
358, 63, 80, 163, 79, 164, 1, -1, -0.7853981633974483, 1.4142135623730951
358, 64, 246, 78, 244, 78, 2, 0, 0.0, 2.0
358, 66, 329, 123, 328, 124, 1, -1, -0.7853981633974483, 1.4142135623730951
358, 67, 40, 176, 39, 177, 1, -1, -0.7853981633974483, 1.4142135623730951
358, 68, 160, 98, 159, 99, 1, -1, -0.7853981633974483, 1.4142135623730951
358, 73, 95, 132, 94, 133, 1, -1, -0.7853981633974483, 1.4142135623730951
358, 74, 100, 329, 99, 330, 1, -1, -0.7853981633974483, 1.4142135623730951
358, 76, 107, 166, 106, 167, 1, -1, -0.7853981633974483, 1.4142135623730951
358, 79, 158, 345, 156, 345, 2, 0, 0.0, 2.0
358, 85, 221, 347, 220, 346, 1, 1, 0.7853981633974483, 1.4142135623730951
359, 0, 200, 67, 198, 67, 2, 0, 0.0, 2.0
359, 1, 152, 402, 151, 403, 1, -1, -0.7853981633974483, 1.4142135623730951
359, 4, 194, 126, 193, 128, 1, -2, -1.1071487177940904, 2.23606797749979
359, 5, 157, 162, 156, 163, 1, -1, -0.7853981633974483, 1.4142135623730951
359, 6, 443, 365, 440, 366, 3, -1, -0.3217505543966422, 3.1622776601683795
359, 7, 293, 69, 291, 69, 2, 0, 0.0, 2.0
359, 8, 341, 404, 339, 404, 2, 0, 0.0, 2.0
359, 9, 118, 122, 117, 123, 1, -1, -0.7853981633974483, 1.4142135623730951
359, 10, 245, 70, 243, 70, 2, 0, 0.0, 2.0
359, 11, 229, 92, 228, 93, 1, -1, -0.7853981633974483, 1.4142135623730951
359, 13, 340, 75, 338, 75, 2, 0, 0.0, 2.0
359, 14, 317, 102, 316, 103, 1, -1, -0.7853981633974483, 1.4142135623730951
359, 16, 162, 304, 160, 304, 2, 0, 0.0, 2.0
359, 17, 45, 116, 43, 117, 2, -1, -0.4636476090008061, 2.23606797749979
359, 21, 114, 407, 113, 408, 1, -1, -0.7853981633974483, 1.4142135623730951
359, 22, 247, 109, 246, 110, 1, -1, -0.7853981633974483, 1.4142135623730951
359, 23, 31, 78, 30, 79, 1, -1, -0.7853981633974483, 1.4142135623730951
359, 26, 67, 162, 65, 163, 2, -1, -0.4636476090008061, 2.23606797749979
359, 29, 63, 91, 61, 92, 2, -1, -0.4636476090008061, 2.23606797749979
359, 32, 165, 165, 164, 166, 1, -1, -0.7853981633974483, 1.4142135623730951
359, 34, 372, 393, 370, 394, 2, -1, -0.4636476090008061, 2.23606797749979
359, 35, 330, 82, 329, 80, 1, 2, 1.1071487177940904, 2.23606797749979
359, 40, 125, 387, 124, 388, 1, -1, -0.7853981633974483, 1.4142135623730951
359, 41, 130, 315, 129, 316, 1, -1, -0.7853981633974483, 1.4142135623730951
359, 45, 21, 318, 20, 319, 1, -1, -0.7853981633974483, 1.4142135623730951
359, 48, 292, 106, 291, 109, 1, -3, -1.2490457723982544, 3.1622776601683795
359, 49, 46, 340, 45, 341, 1, -1, -0.7853981633974483, 1.4142135623730951
359, 52, 241, 372, 240, 373, 1, -1, -0.7853981633974483, 1.4142135623730951
359, 53, 294, 403, 292, 403, 2, 0, 0.0, 2.0
359, 54, 201, 310, 200, 309, 1, 1, 0.7853981633974483, 1.4142135623730951
359, 55, 35, 170, 33, 171, 2, -1, -0.4636476090008061, 2.23606797749979
359, 56, 344, 394, 341, 395, 3, -1, -0.3217505543966422, 3.1622776601683795
359, 57, 285, 104, 284, 105, 1, -1, -0.7853981633974483, 1.4142135623730951
359, 59, 91, 327, 90, 328, 1, -1, -0.7853981633974483, 1.4142135623730951
359, 62, 101, 299, 100, 300, 1, -1, -0.7853981633974483, 1.4142135623730951
359, 64, 248, 78, 246, 78, 2, 0, 0.0, 2.0
359, 65, 190, 333, 188, 333, 2, 0, 0.0, 2.0
359, 66, 330, 122, 329, 123, 1, -1, -0.7853981633974483, 1.4142135623730951
359, 67, 41, 175, 40, 176, 1, -1, -0.7853981633974483, 1.4142135623730951
359, 68, 161, 97, 160, 98, 1, -1, -0.7853981633974483, 1.4142135623730951
359, 74, 101, 328, 100, 329, 1, -1, -0.7853981633974483, 1.4142135623730951
359, 75, 111, 358, 110, 359, 1, -1, -0.7853981633974483, 1.4142135623730951
359, 76, 108, 165, 107, 166, 1, -1, -0.7853981633974483, 1.4142135623730951
359, 77, 288, 359, 287, 358, 1, 1, 0.7853981633974483, 1.4142135623730951
359, 78, 137, 171, 136, 172, 1, -1, -0.7853981633974483, 1.4142135623730951
359, 80, 151, 371, 150, 372, 1, -1, -0.7853981633974483, 1.4142135623730951
359, 81, 12, 292, 11, 293, 1, -1, -0.7853981633974483, 1.4142135623730951
359, 82, 75, 140, 74, 141, 1, -1, -0.7853981633974483, 1.4142135623730951
359, 83, 57, 371, 56, 372, 1, -1, -0.7853981633974483, 1.4142135623730951
359, 84, 224, 321, 222, 321, 2, 0, 0.0, 2.0
359, 87, 243, 366, 244, 368, -1, -2, -2.0344439357957027, 2.23606797749979
360, 1, 201, 71, 199, 71, 2, 0, 0.0, 2.0
360, 2, 292, 72, 290, 72, 2, 0, 0.0, 2.0
360, 3, 247, 72, 245, 72, 2, 0, 0.0, 2.0
360, 4, 440, 366, 438, 367, 2, -1, -0.4636476090008061, 2.23606797749979
360, 6, 65, 191, 62, 192, 3, -1, -0.3217505543966422, 3.1622776601683795
360, 8, 43, 117, 42, 118, 1, -1, -0.7853981633974483, 1.4142135623730951
360, 10, 153, 404, 150, 405, 3, -1, -0.3217505543966422, 3.1622776601683795
360, 11, 161, 304, 159, 304, 2, 0, 0.0, 2.0
360, 16, 102, 331, 100, 332, 2, -1, -0.4636476090008061, 2.23606797749979
360, 19, 339, 76, 337, 76, 2, 0, 0.0, 2.0
360, 20, 231, 96, 230, 97, 1, -1, -0.7853981633974483, 1.4142135623730951
360, 21, 170, 301, 169, 302, 1, -1, -0.7853981633974483, 1.4142135623730951
360, 22, 339, 401, 337, 401, 2, 0, 0.0, 2.0
360, 23, 23, 343, 22, 344, 1, -1, -0.7853981633974483, 1.4142135623730951
360, 27, 6, 167, 5, 168, 1, -1, -0.7853981633974483, 1.4142135623730951
360, 28, 114, 407, 113, 408, 1, -1, -0.7853981633974483, 1.4142135623730951
360, 29, 130, 318, 129, 319, 1, -1, -0.7853981633974483, 1.4142135623730951
360, 30, 126, 389, 125, 390, 1, -1, -0.7853981633974483, 1.4142135623730951
360, 32, 130, 310, 129, 311, 1, -1, -0.7853981633974483, 1.4142135623730951
360, 33, 34, 79, 30, 81, 4, -2, -0.4636476090008061, 4.47213595499958
360, 34, 378, 132, 374, 133, 4, -1, -0.24497866312686414, 4.123105625617661
360, 36, 330, 124, 328, 125, 2, -1, -0.4636476090008061, 2.23606797749979
360, 38, 370, 394, 368, 395, 2, -1, -0.4636476090008061, 2.23606797749979
360, 40, 345, 373, 343, 374, 2, -1, -0.4636476090008061, 2.23606797749979
360, 41, 129, 102, 128, 103, 1, -1, -0.7853981633974483, 1.4142135623730951
360, 42, 235, 105, 234, 107, 1, -2, -1.1071487177940904, 2.23606797749979
360, 44, 105, 299, 101, 300, 4, -1, -0.24497866312686414, 4.123105625617661
360, 46, 75, 355, 73, 356, 2, -1, -0.4636476090008061, 2.23606797749979
361, 2, 294, 72, 292, 72, 2, 0, 0.0, 2.0
361, 3, 249, 72, 247, 72, 2, 0, 0.0, 2.0
361, 4, 443, 366, 440, 366, 3, 0, 0.0, 3.0
361, 6, 67, 190, 65, 191, 2, -1, -0.4636476090008061, 2.23606797749979
361, 8, 44, 116, 43, 117, 1, -1, -0.7853981633974483, 1.4142135623730951
361, 9, 118, 123, 117, 124, 1, -1, -0.7853981633974483, 1.4142135623730951
361, 10, 154, 403, 153, 404, 1, -1, -0.7853981633974483, 1.4142135623730951
361, 15, 7, 101, 6, 102, 1, -1, -0.7853981633974483, 1.4142135623730951
361, 16, 103, 330, 102, 331, 1, -1, -0.7853981633974483, 1.4142135623730951
361, 19, 341, 76, 339, 76, 2, 0, 0.0, 2.0
361, 20, 232, 94, 231, 96, 1, -2, -1.1071487177940904, 2.23606797749979
361, 21, 171, 300, 170, 301, 1, -1, -0.7853981633974483, 1.4142135623730951
361, 22, 341, 400, 339, 401, 2, -1, -0.4636476090008061, 2.23606797749979
361, 23, 25, 343, 23, 343, 2, 0, 0.0, 2.0
361, 27, 8, 166, 6, 167, 2, -1, -0.4636476090008061, 2.23606797749979
361, 28, 115, 406, 114, 407, 1, -1, -0.7853981633974483, 1.4142135623730951
361, 32, 131, 309, 130, 310, 1, -1, -0.7853981633974483, 1.4142135623730951
361, 33, 35, 78, 34, 79, 1, -1, -0.7853981633974483, 1.4142135623730951
361, 34, 379, 130, 378, 132, 1, -2, -1.1071487177940904, 2.23606797749979
361, 36, 332, 123, 330, 124, 2, -1, -0.4636476090008061, 2.23606797749979
361, 37, 89, 383, 88, 384, 1, -1, -0.7853981633974483, 1.4142135623730951
361, 38, 372, 393, 370, 394, 2, -1, -0.4636476090008061, 2.23606797749979
361, 39, 23, 321, 22, 322, 1, -1, -0.7853981633974483, 1.4142135623730951
361, 40, 347, 372, 345, 373, 2, -1, -0.4636476090008061, 2.23606797749979
361, 44, 106, 298, 105, 299, 1, -1, -0.7853981633974483, 1.4142135623730951
361, 46, 76, 354, 75, 355, 1, -1, -0.7853981633974483, 1.4142135623730951
362, 2, 296, 72, 294, 72, 2, 0, 0.0, 2.0
362, 3, 251, 72, 249, 72, 2, 0, 0.0, 2.0
362, 4, 445, 365, 443, 366, 2, -1, -0.4636476090008061, 2.23606797749979
362, 5, 160, 162, 159, 163, 1, -1, -0.7853981633974483, 1.4142135623730951
362, 6, 69, 189, 67, 190, 2, -1, -0.4636476090008061, 2.23606797749979
362, 10, 155, 402, 154, 403, 1, -1, -0.7853981633974483, 1.4142135623730951
362, 13, 183, 111, 182, 112, 1, -1, -0.7853981633974483, 1.4142135623730951
362, 16, 104, 328, 103, 330, 1, -2, -1.1071487177940904, 2.23606797749979
362, 18, 343, 76, 341, 76, 2, 0, 0.0, 2.0
362, 19, 233, 93, 232, 94, 1, -1, -0.7853981633974483, 1.4142135623730951
362, 20, 172, 301, 171, 300, 1, 1, 0.7853981633974483, 1.4142135623730951
362, 21, 343, 399, 341, 400, 2, -1, -0.4636476090008061, 2.23606797749979
362, 25, 264, 133, 263, 134, 1, -1, -0.7853981633974483, 1.4142135623730951
362, 26, 9, 165, 8, 166, 1, -1, -0.7853981633974483, 1.4142135623730951
362, 27, 116, 405, 115, 406, 1, -1, -0.7853981633974483, 1.4142135623730951
362, 32, 37, 77, 35, 78, 2, -1, -0.4636476090008061, 2.23606797749979
362, 33, 378, 128, 379, 130, -1, -2, -2.0344439357957027, 2.23606797749979
362, 35, 335, 122, 332, 123, 3, -1, -0.3217505543966422, 3.1622776601683795
362, 36, 90, 382, 89, 383, 1, -1, -0.7853981633974483, 1.4142135623730951
362, 37, 374, 393, 372, 393, 2, 0, 0.0, 2.0
362, 38, 25, 321, 23, 321, 2, 0, 0.0, 2.0
362, 39, 349, 372, 347, 372, 2, 0, 0.0, 2.0
362, 44, 153, 375, 152, 376, 1, -1, -0.7853981633974483, 1.4142135623730951
363, 1, 204, 70, 203, 71, 1, -1, -0.7853981633974483, 1.4142135623730951
363, 2, 298, 71, 296, 72, 2, -1, -0.4636476090008061, 2.23606797749979
363, 3, 253, 71, 251, 72, 2, -1, -0.4636476090008061, 2.23606797749979
363, 4, 447, 365, 445, 365, 2, 0, 0.0, 2.0
363, 6, 71, 188, 69, 189, 2, -1, -0.4636476090008061, 2.23606797749979
363, 8, 46, 115, 45, 116, 1, -1, -0.7853981633974483, 1.4142135623730951
363, 9, 119, 122, 118, 123, 1, -1, -0.7853981633974483, 1.4142135623730951
363, 10, 156, 401, 155, 402, 1, -1, -0.7853981633974483, 1.4142135623730951
363, 11, 164, 303, 163, 304, 1, -1, -0.7853981633974483, 1.4142135623730951
363, 18, 345, 75, 343, 76, 2, -1, -0.4636476090008061, 2.23606797749979
363, 19, 234, 92, 233, 93, 1, -1, -0.7853981633974483, 1.4142135623730951
363, 21, 344, 398, 343, 399, 1, -1, -0.7853981633974483, 1.4142135623730951
363, 26, 10, 164, 9, 165, 1, -1, -0.7853981633974483, 1.4142135623730951
363, 27, 117, 404, 116, 405, 1, -1, -0.7853981633974483, 1.4142135623730951
363, 29, 129, 388, 128, 389, 1, -1, -0.7853981633974483, 1.4142135623730951
363, 32, 38, 76, 37, 77, 1, -1, -0.7853981633974483, 1.4142135623730951
363, 34, 337, 121, 335, 122, 2, -1, -0.4636476090008061, 2.23606797749979
363, 35, 91, 381, 90, 382, 1, -1, -0.7853981633974483, 1.4142135623730951
363, 36, 376, 392, 374, 393, 2, -1, -0.4636476090008061, 2.23606797749979
363, 37, 27, 321, 25, 321, 2, 0, 0.0, 2.0
363, 38, 351, 372, 349, 372, 2, 0, 0.0, 2.0
363, 42, 109, 297, 107, 298, 2, -1, -0.4636476090008061, 2.23606797749979
363, 45, 48, 340, 47, 341, 1, -1, -0.7853981633974483, 1.4142135623730951
364, 0, 194, 314, 193, 315, 1, -1, -0.7853981633974483, 1.4142135623730951
364, 1, 205, 69, 204, 70, 1, -1, -0.7853981633974483, 1.4142135623730951
364, 2, 301, 70, 298, 71, 3, -1, -0.3217505543966422, 3.1622776601683795
364, 3, 255, 70, 253, 71, 2, -1, -0.4636476090008061, 2.23606797749979
364, 4, 449, 364, 447, 365, 2, -1, -0.4636476090008061, 2.23606797749979
364, 5, 162, 161, 161, 162, 1, -1, -0.7853981633974483, 1.4142135623730951
364, 6, 73, 187, 71, 188, 2, -1, -0.4636476090008061, 2.23606797749979
364, 7, 100, 163, 99, 164, 1, -1, -0.7853981633974483, 1.4142135623730951
364, 8, 47, 114, 46, 115, 1, -1, -0.7853981633974483, 1.4142135623730951
364, 9, 121, 122, 119, 122, 2, 0, 0.0, 2.0
364, 14, 323, 106, 321, 105, 2, 1, 0.4636476090008061, 2.23606797749979
364, 18, 347, 74, 345, 75, 2, -1, -0.4636476090008061, 2.23606797749979
364, 19, 236, 91, 234, 92, 2, -1, -0.4636476090008061, 2.23606797749979
364, 21, 345, 397, 344, 398, 1, -1, -0.7853981633974483, 1.4142135623730951
364, 22, 27, 341, 26, 342, 1, -1, -0.7853981633974483, 1.4142135623730951
364, 23, 86, 406, 81, 407, 5, -1, -0.19739555984988075, 5.0990195135927845
364, 25, 266, 132, 265, 133, 1, -1, -0.7853981633974483, 1.4142135623730951
364, 26, 12, 163, 10, 164, 2, -1, -0.4636476090008061, 2.23606797749979
364, 29, 130, 387, 129, 388, 1, -1, -0.7853981633974483, 1.4142135623730951
364, 30, 182, 147, 181, 145, 1, 2, 1.1071487177940904, 2.23606797749979
364, 34, 339, 121, 337, 121, 2, 0, 0.0, 2.0
364, 36, 378, 392, 376, 392, 2, 0, 0.0, 2.0
364, 38, 354, 370, 351, 372, 3, -2, -0.5880026035475675, 3.605551275463989
364, 39, 133, 105, 132, 102, 1, 3, 1.2490457723982544, 3.1622776601683795
364, 40, 236, 101, 235, 102, 1, -1, -0.7853981633974483, 1.4142135623730951
364, 45, 50, 339, 48, 340, 2, -1, -0.4636476090008061, 2.23606797749979
365, 0, 195, 315, 193, 316, 2, -1, -0.4636476090008061, 2.23606797749979
365, 1, 252, 72, 250, 72, 2, 0, 0.0, 2.0
365, 2, 298, 73, 296, 74, 2, -1, -0.4636476090008061, 2.23606797749979
365, 3, 447, 368, 445, 368, 2, 0, 0.0, 2.0
365, 4, 205, 70, 203, 71, 2, -1, -0.4636476090008061, 2.23606797749979
365, 8, 70, 190, 68, 191, 2, -1, -0.4636476090008061, 2.23606797749979
365, 10, 48, 119, 47, 120, 1, -1, -0.7853981633974483, 1.4142135623730951
365, 11, 158, 404, 157, 405, 1, -1, -0.7853981633974483, 1.4142135623730951
365, 12, 124, 123, 123, 124, 1, -1, -0.7853981633974483, 1.4142135623730951
365, 17, 185, 111, 184, 112, 1, -1, -0.7853981633974483, 1.4142135623730951
365, 18, 266, 134, 265, 135, 1, -1, -0.7853981633974483, 1.4142135623730951
365, 19, 118, 407, 117, 408, 1, -1, -0.7853981633974483, 1.4142135623730951
365, 20, 12, 165, 10, 167, 2, -2, -0.7853981633974483, 2.8284271247461903
365, 21, 235, 94, 234, 95, 1, -1, -0.7853981633974483, 1.4142135623730951
365, 23, 344, 75, 342, 76, 2, -1, -0.4636476090008061, 2.23606797749979
365, 25, 317, 108, 316, 109, 1, -1, -0.7853981633974483, 1.4142135623730951
365, 26, 37, 79, 36, 80, 1, -1, -0.7853981633974483, 1.4142135623730951
365, 27, 130, 390, 129, 391, 1, -1, -0.7853981633974483, 1.4142135623730951
365, 29, 376, 398, 374, 398, 2, 0, 0.0, 2.0
365, 31, 70, 162, 69, 163, 1, -1, -0.7853981633974483, 1.4142135623730951
365, 33, 134, 317, 133, 318, 1, -1, -0.7853981633974483, 1.4142135623730951
365, 34, 67, 93, 66, 94, 1, -1, -0.7853981633974483, 1.4142135623730951
365, 36, 9, 104, 8, 103, 1, 1, 0.7853981633974483, 1.4142135623730951
365, 38, 292, 104, 290, 105, 2, -1, -0.4636476090008061, 2.23606797749979
365, 39, 21, 371, 19, 371, 2, 0, 0.0, 2.0
365, 40, 51, 341, 49, 342, 2, -1, -0.4636476090008061, 2.23606797749979
365, 42, 154, 128, 153, 129, 1, -1, -0.7853981633974483, 1.4142135623730951
365, 46, 295, 402, 293, 402, 2, 0, 0.0, 2.0
365, 50, 253, 111, 252, 112, 1, -1, -0.7853981633974483, 1.4142135623730951
365, 51, 203, 137, 202, 138, 1, -1, -0.7853981633974483, 1.4142135623730951
365, 53, 321, 98, 320, 99, 1, -1, -0.7853981633974483, 1.4142135623730951
365, 55, 348, 375, 346, 376, 2, -1, -0.4636476090008061, 2.23606797749979
366, 0, 197, 315, 195, 315, 2, 0, 0.0, 2.0
366, 1, 255, 70, 252, 72, 3, -2, -0.5880026035475675, 3.605551275463989
366, 2, 301, 72, 298, 73, 3, -1, -0.3217505543966422, 3.1622776601683795
366, 3, 449, 367, 447, 368, 2, -1, -0.4636476090008061, 2.23606797749979
366, 4, 207, 69, 205, 70, 2, -1, -0.4636476090008061, 2.23606797749979
366, 5, 347, 401, 346, 402, 1, -1, -0.7853981633974483, 1.4142135623730951
366, 6, 108, 333, 106, 333, 2, 0, 0.0, 2.0
366, 7, 101, 163, 100, 164, 1, -1, -0.7853981633974483, 1.4142135623730951
366, 8, 71, 189, 70, 190, 1, -1, -0.7853981633974483, 1.4142135623730951
366, 9, 163, 162, 162, 163, 1, -1, -0.7853981633974483, 1.4142135623730951
366, 10, 50, 118, 48, 119, 2, -1, -0.4636476090008061, 2.23606797749979
366, 12, 125, 122, 124, 123, 1, -1, -0.7853981633974483, 1.4142135623730951
366, 13, 197, 129, 196, 130, 1, -1, -0.7853981633974483, 1.4142135623730951
366, 16, 8, 73, 7, 74, 1, -1, -0.7853981633974483, 1.4142135623730951
366, 17, 186, 109, 185, 111, 1, -2, -1.1071487177940904, 2.23606797749979
366, 20, 14, 164, 12, 165, 2, -1, -0.4636476090008061, 2.23606797749979
366, 22, 93, 383, 92, 384, 1, -1, -0.7853981633974483, 1.4142135623730951
366, 23, 346, 74, 344, 75, 2, -1, -0.4636476090008061, 2.23606797749979
366, 24, 29, 343, 27, 344, 2, -1, -0.4636476090008061, 2.23606797749979
366, 25, 318, 107, 317, 108, 1, -1, -0.7853981633974483, 1.4142135623730951
366, 27, 131, 389, 130, 390, 1, -1, -0.7853981633974483, 1.4142135623730951
366, 29, 378, 398, 376, 398, 2, 0, 0.0, 2.0
366, 30, 95, 333, 93, 333, 2, 0, 0.0, 2.0
366, 31, 71, 161, 70, 162, 1, -1, -0.7853981633974483, 1.4142135623730951
366, 33, 136, 317, 134, 317, 2, 0, 0.0, 2.0
366, 34, 68, 92, 67, 93, 1, -1, -0.7853981633974483, 1.4142135623730951
366, 38, 293, 103, 292, 104, 1, -1, -0.7853981633974483, 1.4142135623730951
366, 39, 23, 371, 21, 371, 2, 0, 0.0, 2.0
366, 40, 53, 340, 51, 341, 2, -1, -0.4636476090008061, 2.23606797749979
366, 42, 155, 127, 154, 128, 1, -1, -0.7853981633974483, 1.4142135623730951
366, 43, 133, 311, 131, 311, 2, 0, 0.0, 2.0
366, 44, 155, 375, 154, 376, 1, -1, -0.7853981633974483, 1.4142135623730951
366, 45, 297, 401, 295, 402, 2, -1, -0.4636476090008061, 2.23606797749979
366, 47, 80, 355, 79, 356, 1, -1, -0.7853981633974483, 1.4142135623730951
366, 49, 254, 110, 253, 111, 1, -1, -0.7853981633974483, 1.4142135623730951
366, 52, 323, 97, 321, 98, 2, -1, -0.4636476090008061, 2.23606797749979
366, 55, 233, 102, 232, 103, 1, -1, -0.7853981633974483, 1.4142135623730951
366, 56, 242, 103, 241, 104, 1, -1, -0.7853981633974483, 1.4142135623730951
367, 0, 199, 315, 197, 315, 2, 0, 0.0, 2.0
367, 1, 257, 70, 255, 70, 2, 0, 0.0, 2.0
367, 2, 303, 71, 301, 72, 2, -1, -0.4636476090008061, 2.23606797749979
367, 3, 451, 367, 449, 367, 2, 0, 0.0, 2.0
367, 4, 209, 68, 207, 69, 2, -1, -0.4636476090008061, 2.23606797749979
367, 6, 110, 333, 108, 333, 2, 0, 0.0, 2.0
367, 7, 102, 162, 101, 163, 1, -1, -0.7853981633974483, 1.4142135623730951
367, 8, 73, 189, 71, 189, 2, 0, 0.0, 2.0
367, 9, 164, 161, 163, 162, 1, -1, -0.7853981633974483, 1.4142135623730951
367, 10, 51, 117, 50, 118, 1, -1, -0.7853981633974483, 1.4142135623730951
367, 12, 126, 121, 125, 122, 1, -1, -0.7853981633974483, 1.4142135623730951
367, 14, 177, 306, 175, 306, 2, 0, 0.0, 2.0
367, 16, 9, 72, 8, 73, 1, -1, -0.7853981633974483, 1.4142135623730951
367, 18, 267, 132, 266, 133, 1, -1, -0.7853981633974483, 1.4142135623730951
367, 20, 16, 163, 14, 164, 2, -1, -0.4636476090008061, 2.23606797749979
367, 21, 236, 92, 235, 93, 1, -1, -0.7853981633974483, 1.4142135623730951
367, 22, 94, 382, 93, 383, 1, -1, -0.7853981633974483, 1.4142135623730951
367, 23, 347, 73, 346, 74, 1, -1, -0.7853981633974483, 1.4142135623730951
367, 24, 31, 343, 29, 343, 2, 0, 0.0, 2.0
367, 25, 319, 106, 318, 107, 1, -1, -0.7853981633974483, 1.4142135623730951
367, 29, 380, 398, 378, 398, 2, 0, 0.0, 2.0
367, 31, 72, 160, 71, 161, 1, -1, -0.7853981633974483, 1.4142135623730951
367, 32, 350, 83, 349, 84, 1, -1, -0.7853981633974483, 1.4142135623730951
367, 33, 138, 316, 136, 317, 2, -1, -0.4636476090008061, 2.23606797749979
367, 34, 69, 91, 68, 92, 1, -1, -0.7853981633974483, 1.4142135623730951
367, 38, 294, 102, 293, 103, 1, -1, -0.7853981633974483, 1.4142135623730951
367, 39, 26, 370, 23, 371, 3, -1, -0.3217505543966422, 3.1622776601683795
367, 42, 156, 126, 155, 127, 1, -1, -0.7853981633974483, 1.4142135623730951
367, 43, 135, 310, 133, 311, 2, -1, -0.4636476090008061, 2.23606797749979
367, 44, 157, 375, 155, 375, 2, 0, 0.0, 2.0
367, 45, 299, 400, 297, 401, 2, -1, -0.4636476090008061, 2.23606797749979
367, 48, 118, 359, 117, 360, 1, -1, -0.7853981633974483, 1.4142135623730951
367, 49, 255, 109, 254, 110, 1, -1, -0.7853981633974483, 1.4142135623730951
367, 50, 205, 136, 204, 137, 1, -1, -0.7853981633974483, 1.4142135623730951
367, 51, 22, 380, 20, 381, 2, -1, -0.4636476090008061, 2.23606797749979
367, 52, 325, 97, 323, 97, 2, 0, 0.0, 2.0
367, 55, 234, 101, 233, 102, 1, -1, -0.7853981633974483, 1.4142135623730951
367, 56, 244, 102, 242, 103, 2, -1, -0.4636476090008061, 2.23606797749979
368, 2, 305, 70, 303, 71, 2, -1, -0.4636476090008061, 2.23606797749979
368, 3, 453, 367, 451, 367, 2, 0, 0.0, 2.0
368, 4, 210, 67, 209, 68, 1, -1, -0.7853981633974483, 1.4142135623730951
368, 5, 350, 401, 348, 401, 2, 0, 0.0, 2.0
368, 6, 111, 332, 110, 333, 1, -1, -0.7853981633974483, 1.4142135623730951
368, 7, 103, 161, 102, 162, 1, -1, -0.7853981633974483, 1.4142135623730951
368, 9, 165, 160, 164, 161, 1, -1, -0.7853981633974483, 1.4142135623730951
368, 10, 53, 116, 51, 117, 2, -1, -0.4636476090008061, 2.23606797749979
368, 12, 127, 120, 126, 121, 1, -1, -0.7853981633974483, 1.4142135623730951
368, 14, 179, 306, 177, 306, 2, 0, 0.0, 2.0
368, 18, 268, 131, 267, 132, 1, -1, -0.7853981633974483, 1.4142135623730951
368, 19, 121, 406, 120, 407, 1, -1, -0.7853981633974483, 1.4142135623730951
368, 20, 17, 162, 16, 163, 1, -1, -0.7853981633974483, 1.4142135623730951
368, 23, 348, 72, 347, 73, 1, -1, -0.7853981633974483, 1.4142135623730951
368, 25, 320, 105, 319, 106, 1, -1, -0.7853981633974483, 1.4142135623730951
368, 26, 39, 78, 38, 79, 1, -1, -0.7853981633974483, 1.4142135623730951
368, 28, 87, 408, 86, 409, 1, -1, -0.7853981633974483, 1.4142135623730951
368, 31, 74, 159, 72, 160, 2, -1, -0.4636476090008061, 2.23606797749979
368, 33, 139, 315, 138, 316, 1, -1, -0.7853981633974483, 1.4142135623730951
368, 34, 70, 90, 69, 91, 1, -1, -0.7853981633974483, 1.4142135623730951
368, 36, 13, 103, 11, 104, 2, -1, -0.4636476090008061, 2.23606797749979
368, 38, 295, 101, 294, 102, 1, -1, -0.7853981633974483, 1.4142135623730951
368, 39, 27, 369, 26, 370, 1, -1, -0.7853981633974483, 1.4142135623730951
368, 42, 157, 125, 156, 126, 1, -1, -0.7853981633974483, 1.4142135623730951
368, 43, 138, 309, 135, 310, 3, -1, -0.3217505543966422, 3.1622776601683795
368, 44, 158, 374, 157, 375, 1, -1, -0.7853981633974483, 1.4142135623730951
368, 45, 301, 400, 299, 400, 2, 0, 0.0, 2.0
368, 46, 28, 322, 27, 323, 1, -1, -0.7853981633974483, 1.4142135623730951
368, 49, 256, 108, 255, 109, 1, -1, -0.7853981633974483, 1.4142135623730951
368, 50, 206, 135, 205, 136, 1, -1, -0.7853981633974483, 1.4142135623730951
368, 51, 23, 379, 22, 380, 1, -1, -0.7853981633974483, 1.4142135623730951
368, 53, 246, 373, 245, 374, 1, -1, -0.7853981633974483, 1.4142135623730951
368, 54, 352, 375, 350, 375, 2, 0, 0.0, 2.0
368, 55, 236, 100, 234, 101, 2, -1, -0.4636476090008061, 2.23606797749979
368, 56, 245, 101, 244, 102, 1, -1, -0.7853981633974483, 1.4142135623730951
369, 1, 260, 70, 258, 70, 2, 0, 0.0, 2.0
369, 2, 307, 69, 305, 70, 2, -1, -0.4636476090008061, 2.23606797749979
369, 3, 455, 367, 453, 367, 2, 0, 0.0, 2.0
369, 4, 211, 66, 210, 67, 1, -1, -0.7853981633974483, 1.4142135623730951
369, 5, 352, 401, 350, 401, 2, 0, 0.0, 2.0
369, 6, 113, 331, 111, 332, 2, -1, -0.4636476090008061, 2.23606797749979
369, 7, 104, 160, 103, 161, 1, -1, -0.7853981633974483, 1.4142135623730951
369, 8, 76, 189, 74, 189, 2, 0, 0.0, 2.0
369, 9, 166, 159, 165, 160, 1, -1, -0.7853981633974483, 1.4142135623730951
369, 10, 54, 115, 53, 116, 1, -1, -0.7853981633974483, 1.4142135623730951
369, 12, 128, 119, 127, 120, 1, -1, -0.7853981633974483, 1.4142135623730951
369, 17, 187, 106, 186, 107, 1, -1, -0.7853981633974483, 1.4142135623730951
369, 18, 269, 130, 268, 131, 1, -1, -0.7853981633974483, 1.4142135623730951
369, 20, 18, 161, 17, 162, 1, -1, -0.7853981633974483, 1.4142135623730951
369, 21, 237, 90, 236, 91, 1, -1, -0.7853981633974483, 1.4142135623730951
369, 22, 97, 381, 95, 382, 2, -1, -0.4636476090008061, 2.23606797749979
369, 23, 350, 71, 348, 72, 2, -1, -0.4636476090008061, 2.23606797749979
369, 25, 321, 104, 320, 105, 1, -1, -0.7853981633974483, 1.4142135623730951
369, 26, 40, 77, 39, 78, 1, -1, -0.7853981633974483, 1.4142135623730951
369, 27, 134, 388, 133, 389, 1, -1, -0.7853981633974483, 1.4142135623730951
369, 29, 382, 397, 381, 398, 1, -1, -0.7853981633974483, 1.4142135623730951
369, 32, 353, 82, 351, 83, 2, -1, -0.4636476090008061, 2.23606797749979
369, 34, 71, 89, 70, 90, 1, -1, -0.7853981633974483, 1.4142135623730951
369, 35, 216, 158, 214, 158, 2, 0, 0.0, 2.0
369, 38, 296, 100, 295, 101, 1, -1, -0.7853981633974483, 1.4142135623730951
369, 39, 31, 369, 27, 369, 4, 0, 0.0, 4.0
369, 40, 56, 339, 55, 340, 1, -1, -0.7853981633974483, 1.4142135623730951
369, 42, 158, 124, 157, 125, 1, -1, -0.7853981633974483, 1.4142135623730951
369, 43, 140, 310, 138, 309, 2, 1, 0.4636476090008061, 2.23606797749979
369, 44, 159, 373, 158, 374, 1, -1, -0.7853981633974483, 1.4142135623730951
369, 45, 303, 399, 301, 400, 2, -1, -0.4636476090008061, 2.23606797749979
369, 48, 119, 358, 118, 359, 1, -1, -0.7853981633974483, 1.4142135623730951
369, 49, 257, 107, 256, 108, 1, -1, -0.7853981633974483, 1.4142135623730951
369, 50, 207, 134, 206, 135, 1, -1, -0.7853981633974483, 1.4142135623730951
369, 51, 24, 378, 23, 379, 1, -1, -0.7853981633974483, 1.4142135623730951
369, 54, 354, 375, 352, 375, 2, 0, 0.0, 2.0
369, 55, 237, 99, 236, 100, 1, -1, -0.7853981633974483, 1.4142135623730951
369, 56, 246, 100, 245, 101, 1, -1, -0.7853981633974483, 1.4142135623730951
370, 0, 210, 70, 209, 71, 1, -1, -0.7853981633974483, 1.4142135623730951
370, 2, 258, 71, 256, 72, 2, -1, -0.4636476090008061, 2.23606797749979
370, 4, 125, 122, 124, 123, 1, -1, -0.7853981633974483, 1.4142135623730951
370, 5, 453, 367, 451, 368, 2, -1, -0.4636476090008061, 2.23606797749979
370, 6, 76, 189, 74, 190, 2, -1, -0.4636476090008061, 2.23606797749979
370, 7, 111, 162, 110, 163, 1, -1, -0.7853981633974483, 1.4142135623730951
370, 9, 304, 72, 302, 72, 2, 0, 0.0, 2.0
370, 12, 169, 307, 168, 306, 1, 1, 0.7853981633974483, 1.4142135623730951
370, 14, 351, 405, 349, 406, 2, -1, -0.4636476090008061, 2.23606797749979
370, 16, 351, 76, 349, 76, 2, 0, 0.0, 2.0
370, 18, 164, 162, 163, 163, 1, -1, -0.7853981633974483, 1.4142135623730951
370, 19, 319, 105, 318, 106, 1, -1, -0.7853981633974483, 1.4142135623730951
370, 20, 134, 386, 133, 387, 1, -1, -0.7853981633974483, 1.4142135623730951
370, 21, 53, 118, 52, 119, 1, -1, -0.7853981633974483, 1.4142135623730951
370, 23, 187, 110, 186, 112, 1, -2, -1.1071487177940904, 2.23606797749979
370, 24, 222, 160, 221, 161, 1, -1, -0.7853981633974483, 1.4142135623730951
370, 26, 88, 407, 87, 408, 1, -1, -0.7853981633974483, 1.4142135623730951
370, 27, 212, 77, 211, 78, 1, -1, -0.7853981633974483, 1.4142135623730951
370, 29, 11, 73, 10, 74, 1, -1, -0.7853981633974483, 1.4142135623730951
370, 30, 86, 193, 85, 192, 1, 1, 0.7853981633974483, 1.4142135623730951
370, 31, 74, 162, 73, 163, 1, -1, -0.7853981633974483, 1.4142135623730951
370, 32, 70, 92, 69, 93, 1, -1, -0.7853981633974483, 1.4142135623730951
370, 34, 7, 131, 6, 132, 1, -1, -0.7853981633974483, 1.4142135623730951
370, 35, 139, 319, 138, 320, 1, -1, -0.7853981633974483, 1.4142135623730951
370, 36, 139, 310, 137, 311, 2, -1, -0.4636476090008061, 2.23606797749979
370, 37, 301, 104, 300, 105, 1, -1, -0.7853981633974483, 1.4142135623730951
370, 38, 201, 136, 200, 137, 1, -1, -0.7853981633974483, 1.4142135623730951
370, 39, 159, 367, 157, 368, 2, -1, -0.4636476090008061, 2.23606797749979
370, 41, 28, 371, 26, 371, 2, 0, 0.0, 2.0
370, 42, 16, 165, 15, 166, 1, -1, -0.7853981633974483, 1.4142135623730951
370, 45, 263, 77, 261, 78, 2, -1, -0.4636476090008061, 2.23606797749979
370, 48, 22, 108, 21, 109, 1, -1, -0.7853981633974483, 1.4142135623730951
370, 50, 382, 394, 380, 395, 2, -1, -0.4636476090008061, 2.23606797749979
371, 0, 211, 69, 210, 70, 1, -1, -0.7853981633974483, 1.4142135623730951
371, 2, 260, 71, 258, 71, 2, 0, 0.0, 2.0
371, 5, 455, 366, 453, 367, 2, -1, -0.4636476090008061, 2.23606797749979
371, 6, 78, 189, 76, 189, 2, 0, 0.0, 2.0
371, 7, 112, 161, 111, 162, 1, -1, -0.7853981633974483, 1.4142135623730951
371, 9, 306, 72, 304, 72, 2, 0, 0.0, 2.0
371, 10, 238, 93, 237, 94, 1, -1, -0.7853981633974483, 1.4142135623730951
371, 14, 353, 404, 351, 405, 2, -1, -0.4636476090008061, 2.23606797749979
371, 15, 123, 407, 122, 408, 1, -1, -0.7853981633974483, 1.4142135623730951
371, 18, 165, 161, 164, 162, 1, -1, -0.7853981633974483, 1.4142135623730951
371, 19, 320, 104, 319, 105, 1, -1, -0.7853981633974483, 1.4142135623730951
371, 20, 135, 385, 134, 386, 1, -1, -0.7853981633974483, 1.4142135623730951
371, 21, 54, 117, 53, 118, 1, -1, -0.7853981633974483, 1.4142135623730951
371, 22, 237, 100, 236, 101, 1, -1, -0.7853981633974483, 1.4142135623730951
371, 23, 188, 109, 187, 110, 1, -1, -0.7853981633974483, 1.4142135623730951
371, 24, 223, 158, 222, 160, 1, -2, -1.1071487177940904, 2.23606797749979
371, 25, 97, 383, 96, 384, 1, -1, -0.7853981633974483, 1.4142135623730951
371, 27, 213, 76, 212, 77, 1, -1, -0.7853981633974483, 1.4142135623730951
371, 28, 260, 112, 259, 113, 1, -1, -0.7853981633974483, 1.4142135623730951
371, 29, 12, 72, 11, 73, 1, -1, -0.7853981633974483, 1.4142135623730951
371, 30, 89, 193, 86, 193, 3, 0, 0.0, 3.0
371, 31, 75, 161, 74, 162, 1, -1, -0.7853981633974483, 1.4142135623730951
371, 33, 211, 96, 210, 97, 1, -1, -0.7853981633974483, 1.4142135623730951
371, 34, 9, 130, 7, 131, 2, -1, -0.4636476090008061, 2.23606797749979
371, 35, 140, 318, 139, 319, 1, -1, -0.7853981633974483, 1.4142135623730951
371, 36, 141, 310, 139, 310, 2, 0, 0.0, 2.0
371, 37, 302, 103, 301, 104, 1, -1, -0.7853981633974483, 1.4142135623730951
371, 40, 249, 373, 247, 374, 2, -1, -0.4636476090008061, 2.23606797749979
371, 41, 30, 370, 28, 371, 2, -1, -0.4636476090008061, 2.23606797749979
371, 42, 17, 164, 16, 165, 1, -1, -0.7853981633974483, 1.4142135623730951
371, 45, 265, 76, 263, 77, 2, -1, -0.4636476090008061, 2.23606797749979
371, 49, 160, 374, 159, 375, 1, -1, -0.7853981633974483, 1.4142135623730951
371, 50, 384, 393, 382, 394, 2, -1, -0.4636476090008061, 2.23606797749979
372, 0, 212, 68, 211, 69, 1, -1, -0.7853981633974483, 1.4142135623730951
372, 2, 261, 70, 260, 71, 1, -1, -0.7853981633974483, 1.4142135623730951
372, 3, 113, 331, 112, 332, 1, -1, -0.7853981633974483, 1.4142135623730951
372, 4, 126, 120, 125, 121, 1, -1, -0.7853981633974483, 1.4142135623730951
372, 5, 457, 365, 455, 366, 2, -1, -0.4636476090008061, 2.23606797749979
372, 6, 80, 187, 78, 189, 2, -2, -0.7853981633974483, 2.8284271247461903
372, 7, 113, 160, 112, 161, 1, -1, -0.7853981633974483, 1.4142135623730951
372, 8, 181, 305, 180, 306, 1, -1, -0.7853981633974483, 1.4142135623730951
372, 10, 239, 92, 238, 93, 1, -1, -0.7853981633974483, 1.4142135623730951
372, 12, 171, 308, 170, 307, 1, 1, 0.7853981633974483, 1.4142135623730951
372, 14, 355, 404, 353, 404, 2, 0, 0.0, 2.0
372, 15, 124, 406, 123, 407, 1, -1, -0.7853981633974483, 1.4142135623730951
372, 17, 268, 134, 267, 135, 1, -1, -0.7853981633974483, 1.4142135623730951
372, 18, 166, 160, 165, 161, 1, -1, -0.7853981633974483, 1.4142135623730951
372, 19, 321, 103, 320, 104, 1, -1, -0.7853981633974483, 1.4142135623730951
372, 20, 136, 384, 135, 385, 1, -1, -0.7853981633974483, 1.4142135623730951
372, 21, 55, 116, 54, 117, 1, -1, -0.7853981633974483, 1.4142135623730951
372, 22, 238, 99, 237, 100, 1, -1, -0.7853981633974483, 1.4142135623730951
372, 23, 189, 108, 188, 109, 1, -1, -0.7853981633974483, 1.4142135623730951
372, 25, 98, 382, 97, 383, 1, -1, -0.7853981633974483, 1.4142135623730951
372, 27, 214, 75, 213, 76, 1, -1, -0.7853981633974483, 1.4142135623730951
372, 28, 261, 111, 260, 112, 1, -1, -0.7853981633974483, 1.4142135623730951
372, 30, 90, 192, 89, 193, 1, -1, -0.7853981633974483, 1.4142135623730951
372, 31, 76, 160, 75, 161, 1, -1, -0.7853981633974483, 1.4142135623730951
372, 32, 72, 91, 71, 92, 1, -1, -0.7853981633974483, 1.4142135623730951
372, 34, 10, 129, 9, 130, 1, -1, -0.7853981633974483, 1.4142135623730951
372, 36, 143, 310, 141, 310, 2, 0, 0.0, 2.0
372, 41, 32, 370, 30, 370, 2, 0, 0.0, 2.0
372, 47, 85, 355, 84, 356, 1, -1, -0.7853981633974483, 1.4142135623730951
372, 49, 161, 373, 160, 374, 1, -1, -0.7853981633974483, 1.4142135623730951
372, 50, 386, 392, 384, 393, 2, -1, -0.4636476090008061, 2.23606797749979
373, 0, 214, 68, 212, 68, 2, 0, 0.0, 2.0
373, 2, 262, 69, 261, 70, 1, -1, -0.7853981633974483, 1.4142135623730951
373, 3, 114, 330, 113, 331, 1, -1, -0.7853981633974483, 1.4142135623730951
373, 5, 459, 364, 457, 365, 2, -1, -0.4636476090008061, 2.23606797749979
373, 6, 81, 186, 80, 187, 1, -1, -0.7853981633974483, 1.4142135623730951
373, 10, 240, 91, 239, 92, 1, -1, -0.7853981633974483, 1.4142135623730951
373, 14, 357, 403, 355, 404, 2, -1, -0.4636476090008061, 2.23606797749979
373, 15, 125, 405, 124, 406, 1, -1, -0.7853981633974483, 1.4142135623730951
373, 17, 269, 133, 268, 134, 1, -1, -0.7853981633974483, 1.4142135623730951
373, 18, 167, 159, 166, 160, 1, -1, -0.7853981633974483, 1.4142135623730951
373, 19, 322, 102, 321, 103, 1, -1, -0.7853981633974483, 1.4142135623730951
373, 22, 239, 98, 238, 99, 1, -1, -0.7853981633974483, 1.4142135623730951
373, 25, 99, 381, 98, 382, 1, -1, -0.7853981633974483, 1.4142135623730951
373, 26, 91, 406, 90, 407, 1, -1, -0.7853981633974483, 1.4142135623730951
373, 27, 215, 74, 214, 75, 1, -1, -0.7853981633974483, 1.4142135623730951
373, 28, 262, 110, 261, 111, 1, -1, -0.7853981633974483, 1.4142135623730951
373, 29, 13, 70, 12, 71, 1, -1, -0.7853981633974483, 1.4142135623730951
373, 30, 92, 191, 90, 192, 2, -1, -0.4636476090008061, 2.23606797749979
373, 31, 77, 159, 76, 160, 1, -1, -0.7853981633974483, 1.4142135623730951
373, 34, 11, 128, 10, 129, 1, -1, -0.7853981633974483, 1.4142135623730951
373, 37, 304, 102, 303, 103, 1, -1, -0.7853981633974483, 1.4142135623730951
373, 39, 162, 366, 161, 367, 1, -1, -0.7853981633974483, 1.4142135623730951
373, 40, 251, 372, 250, 373, 1, -1, -0.7853981633974483, 1.4142135623730951
373, 41, 34, 370, 32, 370, 2, 0, 0.0, 2.0
373, 42, 20, 163, 18, 164, 2, -1, -0.4636476090008061, 2.23606797749979
373, 45, 268, 76, 266, 76, 2, 0, 0.0, 2.0
373, 50, 388, 392, 386, 392, 2, 0, 0.0, 2.0
374, 0, 215, 67, 214, 68, 1, -1, -0.7853981633974483, 1.4142135623730951
374, 1, 202, 316, 201, 317, 1, -1, -0.7853981633974483, 1.4142135623730951
374, 2, 263, 68, 262, 69, 1, -1, -0.7853981633974483, 1.4142135623730951
374, 5, 461, 363, 459, 364, 2, -1, -0.4636476090008061, 2.23606797749979
374, 6, 83, 185, 81, 186, 2, -1, -0.4636476090008061, 2.23606797749979
374, 7, 115, 159, 114, 160, 1, -1, -0.7853981633974483, 1.4142135623730951
374, 8, 183, 304, 182, 305, 1, -1, -0.7853981633974483, 1.4142135623730951
374, 9, 309, 71, 308, 72, 1, -1, -0.7853981633974483, 1.4142135623730951
374, 11, 202, 128, 201, 129, 1, -1, -0.7853981633974483, 1.4142135623730951
374, 14, 359, 401, 357, 403, 2, -2, -0.7853981633974483, 2.8284271247461903
374, 17, 270, 132, 269, 133, 1, -1, -0.7853981633974483, 1.4142135623730951
374, 18, 169, 158, 167, 159, 2, -1, -0.4636476090008061, 2.23606797749979
374, 19, 323, 101, 322, 102, 1, -1, -0.7853981633974483, 1.4142135623730951
374, 21, 57, 115, 56, 116, 1, -1, -0.7853981633974483, 1.4142135623730951
374, 22, 240, 97, 239, 98, 1, -1, -0.7853981633974483, 1.4142135623730951
374, 23, 190, 106, 189, 107, 1, -1, -0.7853981633974483, 1.4142135623730951
374, 25, 100, 380, 99, 381, 1, -1, -0.7853981633974483, 1.4142135623730951
374, 27, 217, 73, 215, 74, 2, -1, -0.4636476090008061, 2.23606797749979
374, 28, 263, 109, 262, 110, 1, -1, -0.7853981633974483, 1.4142135623730951
374, 29, 14, 69, 13, 70, 1, -1, -0.7853981633974483, 1.4142135623730951
374, 30, 94, 189, 92, 191, 2, -2, -0.7853981633974483, 2.8284271247461903
374, 31, 78, 158, 77, 159, 1, -1, -0.7853981633974483, 1.4142135623730951
374, 32, 75, 90, 73, 91, 2, -1, -0.4636476090008061, 2.23606797749979
374, 36, 145, 309, 144, 310, 1, -1, -0.7853981633974483, 1.4142135623730951
374, 37, 305, 101, 304, 102, 1, -1, -0.7853981633974483, 1.4142135623730951
374, 40, 252, 371, 251, 372, 1, -1, -0.7853981633974483, 1.4142135623730951
374, 41, 35, 369, 34, 370, 1, -1, -0.7853981633974483, 1.4142135623730951
374, 42, 21, 162, 20, 163, 1, -1, -0.7853981633974483, 1.4142135623730951
374, 49, 163, 372, 162, 373, 1, -1, -0.7853981633974483, 1.4142135623730951
374, 50, 390, 391, 388, 392, 2, -1, -0.4636476090008061, 2.23606797749979
375, 3, 312, 71, 308, 72, 4, -1, -0.24497866312686414, 4.123105625617661
375, 4, 82, 189, 80, 189, 2, 0, 0.0, 2.0
375, 5, 460, 366, 458, 367, 2, -1, -0.4636476090008061, 2.23606797749979
375, 8, 203, 129, 202, 130, 1, -1, -0.7853981633974483, 1.4142135623730951
375, 9, 109, 162, 108, 163, 1, -1, -0.7853981633974483, 1.4142135623730951
375, 11, 169, 162, 167, 163, 2, -1, -0.4636476090008061, 2.23606797749979
375, 13, 242, 93, 241, 94, 1, -1, -0.7853981633974483, 1.4142135623730951
375, 14, 356, 405, 354, 406, 2, -1, -0.4636476090008061, 2.23606797749979
375, 15, 322, 103, 320, 104, 2, -1, -0.4636476090008061, 2.23606797749979
375, 16, 19, 100, 18, 101, 1, -1, -0.7853981633974483, 1.4142135623730951
375, 17, 358, 75, 354, 76, 4, -1, -0.24497866312686414, 4.123105625617661
375, 19, 21, 163, 20, 164, 1, -1, -0.7853981633974483, 1.4142135623730951
375, 20, 129, 122, 128, 123, 1, -1, -0.7853981633974483, 1.4142135623730951
375, 21, 139, 383, 138, 384, 1, -1, -0.7853981633974483, 1.4142135623730951
375, 22, 388, 398, 386, 399, 2, -1, -0.4636476090008061, 2.23606797749979
375, 23, 190, 109, 189, 110, 1, -1, -0.7853981633974483, 1.4142135623730951
375, 24, 185, 305, 184, 306, 1, -1, -0.7853981633974483, 1.4142135623730951
375, 25, 349, 125, 347, 126, 2, -1, -0.4636476090008061, 2.23606797749979
375, 26, 261, 114, 260, 115, 1, -1, -0.7853981633974483, 1.4142135623730951
375, 27, 93, 408, 92, 409, 1, -1, -0.7853981633974483, 1.4142135623730951
375, 28, 57, 117, 56, 118, 1, -1, -0.7853981633974483, 1.4142135623730951
375, 36, 361, 373, 360, 374, 1, -1, -0.7853981633974483, 1.4142135623730951
375, 37, 180, 146, 179, 147, 1, -1, -0.7853981633974483, 1.4142135623730951
375, 39, 163, 126, 162, 127, 1, -1, -0.7853981633974483, 1.4142135623730951
375, 40, 271, 131, 270, 132, 1, -1, -0.7853981633974483, 1.4142135623730951
375, 43, 17, 397, 16, 398, 1, -1, -0.7853981633974483, 1.4142135623730951
375, 44, 20, 107, 18, 108, 2, -1, -0.4636476090008061, 2.23606797749979
375, 49, 74, 92, 73, 93, 1, -1, -0.7853981633974483, 1.4142135623730951
375, 50, 279, 132, 277, 133, 2, -1, -0.4636476090008061, 2.23606797749979
375, 52, 320, 349, 322, 349, -2, 0, 3.141592653589793, 2.0
375, 53, 330, 98, 329, 99, 1, -1, -0.7853981633974483, 1.4142135623730951
375, 57, 304, 103, 303, 104, 1, -1, -0.7853981633974483, 1.4142135623730951
375, 58, 48, 168, 47, 169, 1, -1, -0.7853981633974483, 1.4142135623730951
375, 64, 100, 383, 99, 384, 1, -1, -0.7853981633974483, 1.4142135623730951
375, 67, 354, 396, 352, 397, 2, -1, -0.4636476090008061, 2.23606797749979
375, 68, 179, 162, 178, 163, 1, -1, -0.7853981633974483, 1.4142135623730951
375, 69, 168, 371, 167, 370, 1, 1, 0.7853981633974483, 1.4142135623730951
375, 70, 65, 122, 64, 123, 1, -1, -0.7853981633974483, 1.4142135623730951
375, 71, 28, 379, 26, 380, 2, -1, -0.4636476090008061, 2.23606797749979
375, 72, 211, 161, 211, 163, 0, -2, -1.5707963267948966, 2.0
376, 2, 262, 70, 261, 71, 1, -1, -0.7853981633974483, 1.4142135623730951
376, 4, 84, 189, 82, 189, 2, 0, 0.0, 2.0
376, 5, 462, 366, 460, 366, 2, 0, 0.0, 2.0
376, 6, 115, 328, 114, 329, 1, -1, -0.7853981633974483, 1.4142135623730951
376, 10, 128, 407, 127, 408, 1, -1, -0.7853981633974483, 1.4142135623730951
376, 13, 243, 92, 242, 93, 1, -1, -0.7853981633974483, 1.4142135623730951
376, 14, 358, 404, 356, 405, 2, -1, -0.4636476090008061, 2.23606797749979
376, 15, 324, 102, 322, 103, 2, -1, -0.4636476090008061, 2.23606797749979
376, 16, 20, 99, 19, 100, 1, -1, -0.7853981633974483, 1.4142135623730951
376, 17, 359, 74, 358, 75, 1, -1, -0.7853981633974483, 1.4142135623730951
376, 19, 22, 162, 21, 163, 1, -1, -0.7853981633974483, 1.4142135623730951
376, 21, 140, 382, 139, 383, 1, -1, -0.7853981633974483, 1.4142135623730951
376, 22, 390, 398, 388, 398, 2, 0, 0.0, 2.0
376, 25, 351, 124, 349, 125, 2, -1, -0.4636476090008061, 2.23606797749979
376, 26, 262, 113, 261, 114, 1, -1, -0.7853981633974483, 1.4142135623730951
376, 28, 58, 116, 57, 117, 1, -1, -0.7853981633974483, 1.4142135623730951
376, 30, 79, 160, 78, 161, 1, -1, -0.7853981633974483, 1.4142135623730951
376, 35, 362, 372, 361, 373, 1, -1, -0.7853981633974483, 1.4142135623730951
376, 37, 362, 347, 360, 347, 2, 0, 0.0, 2.0
376, 38, 164, 125, 163, 126, 1, -1, -0.7853981633974483, 1.4142135623730951
376, 39, 272, 130, 271, 131, 1, -1, -0.7853981633974483, 1.4142135623730951
376, 42, 18, 396, 17, 397, 1, -1, -0.7853981633974483, 1.4142135623730951
376, 43, 21, 106, 20, 107, 1, -1, -0.7853981633974483, 1.4142135623730951
376, 49, 280, 131, 279, 132, 1, -1, -0.7853981633974483, 1.4142135623730951
376, 51, 331, 97, 330, 98, 1, -1, -0.7853981633974483, 1.4142135623730951
376, 52, 272, 398, 271, 399, 1, -1, -0.7853981633974483, 1.4142135623730951
376, 55, 305, 102, 304, 103, 1, -1, -0.7853981633974483, 1.4142135623730951
376, 56, 50, 168, 48, 168, 2, 0, 0.0, 2.0
376, 57, 53, 176, 52, 177, 1, -1, -0.7853981633974483, 1.4142135623730951
376, 58, 88, 356, 87, 357, 1, -1, -0.7853981633974483, 1.4142135623730951
376, 65, 356, 396, 354, 396, 2, 0, 0.0, 2.0
376, 66, 180, 161, 179, 162, 1, -1, -0.7853981633974483, 1.4142135623730951
376, 68, 66, 121, 65, 122, 1, -1, -0.7853981633974483, 1.4142135623730951
376, 69, 30, 378, 28, 379, 2, -1, -0.4636476090008061, 2.23606797749979
376, 70, 214, 159, 211, 161, 3, -2, -0.5880026035475675, 3.605551275463989
377, 2, 264, 69, 262, 70, 2, -1, -0.4636476090008061, 2.23606797749979
377, 3, 315, 71, 313, 71, 2, 0, 0.0, 2.0
377, 4, 86, 188, 84, 189, 2, -1, -0.4636476090008061, 2.23606797749979
377, 5, 464, 366, 462, 366, 2, 0, 0.0, 2.0
377, 8, 205, 128, 204, 129, 1, -1, -0.7853981633974483, 1.4142135623730951
377, 10, 129, 406, 128, 407, 1, -1, -0.7853981633974483, 1.4142135623730951
377, 11, 170, 160, 169, 161, 1, -1, -0.7853981633974483, 1.4142135623730951
377, 13, 244, 91, 243, 92, 1, -1, -0.7853981633974483, 1.4142135623730951
377, 14, 360, 404, 358, 404, 2, 0, 0.0, 2.0
377, 15, 326, 102, 324, 102, 2, 0, 0.0, 2.0
377, 16, 21, 98, 20, 99, 1, -1, -0.7853981633974483, 1.4142135623730951
377, 19, 23, 161, 22, 162, 1, -1, -0.7853981633974483, 1.4142135623730951
377, 22, 392, 397, 390, 398, 2, -1, -0.4636476090008061, 2.23606797749979
377, 23, 191, 107, 190, 108, 1, -1, -0.7853981633974483, 1.4142135623730951
377, 24, 187, 304, 186, 305, 1, -1, -0.7853981633974483, 1.4142135623730951
377, 25, 353, 123, 351, 124, 2, -1, -0.4636476090008061, 2.23606797749979
377, 26, 263, 112, 262, 113, 1, -1, -0.7853981633974483, 1.4142135623730951
377, 28, 59, 115, 58, 116, 1, -1, -0.7853981633974483, 1.4142135623730951
377, 29, 253, 374, 252, 375, 1, -1, -0.7853981633974483, 1.4142135623730951
377, 30, 80, 159, 79, 160, 1, -1, -0.7853981633974483, 1.4142135623730951
377, 35, 364, 372, 362, 372, 2, 0, 0.0, 2.0
377, 37, 364, 347, 362, 347, 2, 0, 0.0, 2.0
377, 38, 165, 124, 164, 125, 1, -1, -0.7853981633974483, 1.4142135623730951
377, 39, 273, 129, 272, 130, 1, -1, -0.7853981633974483, 1.4142135623730951
377, 40, 37, 323, 35, 324, 2, -1, -0.4636476090008061, 2.23606797749979
377, 41, 199, 365, 198, 366, 1, -1, -0.7853981633974483, 1.4142135623730951
377, 42, 19, 395, 18, 396, 1, -1, -0.7853981633974483, 1.4142135623730951
377, 43, 23, 106, 21, 106, 2, 0, 0.0, 2.0
377, 49, 281, 130, 280, 131, 1, -1, -0.7853981633974483, 1.4142135623730951
377, 51, 332, 96, 331, 97, 1, -1, -0.7853981633974483, 1.4142135623730951
377, 52, 274, 398, 272, 398, 2, 0, 0.0, 2.0
377, 55, 306, 101, 305, 102, 1, -1, -0.7853981633974483, 1.4142135623730951
377, 58, 89, 355, 88, 356, 1, -1, -0.7853981633974483, 1.4142135623730951
377, 60, 115, 165, 114, 166, 1, -1, -0.7853981633974483, 1.4142135623730951
377, 63, 118, 305, 116, 305, 2, 0, 0.0, 2.0
377, 65, 359, 396, 356, 396, 3, 0, 0.0, 3.0
377, 66, 181, 160, 180, 161, 1, -1, -0.7853981633974483, 1.4142135623730951
377, 68, 67, 120, 66, 121, 1, -1, -0.7853981633974483, 1.4142135623730951
377, 70, 215, 158, 214, 159, 1, -1, -0.7853981633974483, 1.4142135623730951
378, 2, 266, 68, 264, 69, 2, -1, -0.4636476090008061, 2.23606797749979
378, 3, 317, 71, 315, 71, 2, 0, 0.0, 2.0
378, 4, 88, 187, 86, 188, 2, -1, -0.4636476090008061, 2.23606797749979
378, 5, 466, 366, 464, 366, 2, 0, 0.0, 2.0
378, 7, 167, 404, 166, 405, 1, -1, -0.7853981633974483, 1.4142135623730951
378, 13, 245, 90, 244, 91, 1, -1, -0.7853981633974483, 1.4142135623730951
378, 14, 362, 404, 360, 404, 2, 0, 0.0, 2.0
378, 15, 328, 102, 326, 102, 2, 0, 0.0, 2.0
378, 17, 362, 74, 360, 74, 2, 0, 0.0, 2.0
378, 19, 24, 160, 23, 161, 1, -1, -0.7853981633974483, 1.4142135623730951
378, 23, 192, 106, 191, 107, 1, -1, -0.7853981633974483, 1.4142135623730951
378, 25, 355, 122, 353, 123, 2, -1, -0.4636476090008061, 2.23606797749979
378, 26, 264, 111, 263, 112, 1, -1, -0.7853981633974483, 1.4142135623730951
378, 27, 95, 406, 94, 407, 1, -1, -0.7853981633974483, 1.4142135623730951
378, 33, 160, 130, 159, 131, 1, -1, -0.7853981633974483, 1.4142135623730951
378, 35, 365, 371, 364, 372, 1, -1, -0.7853981633974483, 1.4142135623730951
378, 36, 181, 144, 180, 145, 1, -1, -0.7853981633974483, 1.4142135623730951
378, 37, 366, 347, 364, 347, 2, 0, 0.0, 2.0
378, 39, 274, 128, 273, 129, 1, -1, -0.7853981633974483, 1.4142135623730951
378, 43, 24, 105, 23, 106, 1, -1, -0.7853981633974483, 1.4142135623730951
378, 45, 18, 73, 16, 73, 2, 0, 0.0, 2.0
378, 51, 333, 95, 332, 96, 1, -1, -0.7853981633974483, 1.4142135623730951
378, 52, 275, 397, 274, 398, 1, -1, -0.7853981633974483, 1.4142135623730951
378, 56, 52, 167, 51, 168, 1, -1, -0.7853981633974483, 1.4142135623730951
378, 57, 55, 175, 54, 176, 1, -1, -0.7853981633974483, 1.4142135623730951
378, 61, 141, 103, 139, 103, 2, 0, 0.0, 2.0
378, 62, 103, 382, 102, 383, 1, -1, -0.7853981633974483, 1.4142135623730951
378, 65, 362, 396, 359, 396, 3, 0, 0.0, 3.0
378, 68, 68, 119, 67, 120, 1, -1, -0.7853981633974483, 1.4142135623730951
378, 69, 32, 377, 31, 378, 1, -1, -0.7853981633974483, 1.4142135623730951
378, 70, 217, 157, 215, 158, 2, -1, -0.4636476090008061, 2.23606797749979
379, 2, 267, 67, 266, 68, 1, -1, -0.7853981633974483, 1.4142135623730951
379, 3, 319, 71, 317, 71, 2, 0, 0.0, 2.0
379, 4, 89, 186, 88, 187, 1, -1, -0.7853981633974483, 1.4142135623730951
379, 5, 468, 366, 466, 366, 2, 0, 0.0, 2.0
379, 6, 117, 326, 116, 327, 1, -1, -0.7853981633974483, 1.4142135623730951
379, 7, 168, 403, 167, 404, 1, -1, -0.7853981633974483, 1.4142135623730951
379, 9, 112, 160, 111, 161, 1, -1, -0.7853981633974483, 1.4142135623730951
379, 11, 171, 159, 170, 160, 1, -1, -0.7853981633974483, 1.4142135623730951
379, 13, 246, 89, 245, 90, 1, -1, -0.7853981633974483, 1.4142135623730951
379, 14, 364, 404, 362, 404, 2, 0, 0.0, 2.0
379, 20, 131, 119, 130, 120, 1, -1, -0.7853981633974483, 1.4142135623730951
379, 21, 142, 381, 141, 382, 1, -1, -0.7853981633974483, 1.4142135623730951
379, 22, 395, 397, 393, 397, 2, 0, 0.0, 2.0
379, 24, 190, 304, 188, 304, 2, 0, 0.0, 2.0
379, 25, 356, 120, 355, 122, 1, -2, -1.1071487177940904, 2.23606797749979
379, 26, 265, 109, 264, 111, 1, -2, -1.1071487177940904, 2.23606797749979
379, 27, 96, 405, 95, 406, 1, -1, -0.7853981633974483, 1.4142135623730951
379, 29, 255, 373, 254, 374, 1, -1, -0.7853981633974483, 1.4142135623730951
379, 30, 82, 158, 81, 159, 1, -1, -0.7853981633974483, 1.4142135623730951
379, 33, 161, 129, 160, 130, 1, -1, -0.7853981633974483, 1.4142135623730951
379, 34, 247, 101, 246, 102, 1, -1, -0.7853981633974483, 1.4142135623730951
379, 36, 182, 143, 181, 144, 1, -1, -0.7853981633974483, 1.4142135623730951
379, 39, 274, 126, 274, 128, 0, -2, -1.5707963267948966, 2.0
379, 42, 20, 393, 19, 394, 1, -1, -0.7853981633974483, 1.4142135623730951
379, 44, 337, 106, 335, 107, 2, -1, -0.4636476090008061, 2.23606797749979
379, 46, 10, 403, 9, 404, 1, -1, -0.7853981633974483, 1.4142135623730951
379, 47, 249, 348, 248, 349, 1, -1, -0.7853981633974483, 1.4142135623730951
379, 48, 78, 91, 77, 92, 1, -1, -0.7853981633974483, 1.4142135623730951
379, 52, 277, 397, 275, 397, 2, 0, 0.0, 2.0
379, 55, 308, 100, 307, 101, 1, -1, -0.7853981633974483, 1.4142135623730951
379, 56, 53, 166, 52, 167, 1, -1, -0.7853981633974483, 1.4142135623730951
379, 57, 56, 174, 55, 175, 1, -1, -0.7853981633974483, 1.4142135623730951
379, 58, 91, 354, 90, 355, 1, -1, -0.7853981633974483, 1.4142135623730951
379, 61, 143, 103, 141, 103, 2, 0, 0.0, 2.0
379, 62, 104, 381, 103, 382, 1, -1, -0.7853981633974483, 1.4142135623730951
379, 65, 365, 394, 362, 396, 3, -2, -0.5880026035475675, 3.605551275463989
379, 66, 182, 159, 181, 160, 1, -1, -0.7853981633974483, 1.4142135623730951
379, 68, 69, 118, 68, 119, 1, -1, -0.7853981633974483, 1.4142135623730951
379, 70, 219, 157, 217, 157, 2, 0, 0.0, 2.0
380, 2, 267, 69, 265, 70, 2, -1, -0.4636476090008061, 2.23606797749979
380, 4, 87, 189, 85, 190, 2, -1, -0.4636476090008061, 2.23606797749979
380, 5, 25, 106, 23, 106, 2, 0, 0.0, 2.0
380, 6, 113, 162, 112, 163, 1, -1, -0.7853981633974483, 1.4142135623730951
380, 7, 364, 402, 362, 402, 2, 0, 0.0, 2.0
380, 8, 61, 116, 60, 117, 1, -1, -0.7853981633974483, 1.4142135623730951
380, 9, 208, 129, 207, 130, 1, -1, -0.7853981633974483, 1.4142135623730951
380, 10, 315, 73, 313, 73, 2, 0, 0.0, 2.0
380, 12, 172, 161, 171, 162, 1, -1, -0.7853981633974483, 1.4142135623730951
380, 16, 168, 404, 167, 405, 1, -1, -0.7853981633974483, 1.4142135623730951
380, 17, 393, 397, 391, 398, 2, -1, -0.4636476090008061, 2.23606797749979
380, 18, 193, 108, 192, 109, 1, -1, -0.7853981633974483, 1.4142135623730951
380, 19, 151, 107, 149, 107, 2, 0, 0.0, 2.0
380, 21, 27, 165, 25, 165, 2, 0, 0.0, 2.0
380, 22, 367, 373, 365, 374, 2, -1, -0.4636476090008061, 2.23606797749979
380, 24, 11, 404, 9, 404, 2, 0, 0.0, 2.0
380, 26, 363, 81, 362, 82, 1, -1, -0.7853981633974483, 1.4142135623730951
380, 27, 119, 330, 118, 331, 1, -1, -0.7853981633974483, 1.4142135623730951
380, 28, 79, 91, 78, 92, 1, -1, -0.7853981633974483, 1.4142135623730951
380, 30, 321, 80, 319, 80, 2, 0, 0.0, 2.0
380, 32, 187, 301, 186, 302, 1, -1, -0.7853981633974483, 1.4142135623730951
380, 33, 268, 115, 267, 116, 1, -1, -0.7853981633974483, 1.4142135623730951
380, 34, 276, 129, 275, 130, 1, -1, -0.7853981633974483, 1.4142135623730951
380, 35, 97, 408, 96, 409, 1, -1, -0.7853981633974483, 1.4142135623730951
380, 36, 8, 123, 4, 123, 4, 0, 0.0, 4.0
380, 38, 184, 326, 182, 326, 2, 0, 0.0, 2.0
380, 40, 306, 105, 305, 106, 1, -1, -0.7853981633974483, 1.4142135623730951
380, 43, 259, 374, 258, 375, 1, -1, -0.7853981633974483, 1.4142135623730951
380, 44, 39, 347, 38, 349, 1, -2, -1.1071487177940904, 2.23606797749979
380, 46, 55, 175, 54, 176, 1, -1, -0.7853981633974483, 1.4142135623730951
380, 47, 216, 129, 215, 130, 1, -1, -0.7853981633974483, 1.4142135623730951
380, 48, 63, 342, 62, 343, 1, -1, -0.7853981633974483, 1.4142135623730951
380, 52, 147, 313, 146, 314, 1, -1, -0.7853981633974483, 1.4142135623730951
380, 53, 168, 375, 167, 376, 1, -1, -0.7853981633974483, 1.4142135623730951
380, 54, 58, 84, 57, 85, 1, -1, -0.7853981633974483, 1.4142135623730951
380, 56, 62, 168, 60, 168, 2, 0, 0.0, 2.0
380, 60, 354, 123, 352, 124, 2, -1, -0.4636476090008061, 2.23606797749979
380, 61, 93, 358, 91, 358, 2, 0, 0.0, 2.0
380, 62, 108, 335, 106, 335, 2, 0, 0.0, 2.0
380, 65, 312, 402, 310, 403, 2, -1, -0.4636476090008061, 2.23606797749979
381, 2, 268, 68, 267, 69, 1, -1, -0.7853981633974483, 1.4142135623730951
381, 3, 467, 366, 465, 367, 2, -1, -0.4636476090008061, 2.23606797749979
381, 4, 88, 187, 87, 189, 1, -2, -1.1071487177940904, 2.23606797749979
381, 7, 366, 401, 364, 402, 2, -1, -0.4636476090008061, 2.23606797749979
381, 8, 62, 115, 61, 116, 1, -1, -0.7853981633974483, 1.4142135623730951
381, 10, 317, 73, 315, 73, 2, 0, 0.0, 2.0
381, 12, 173, 160, 172, 161, 1, -1, -0.7853981633974483, 1.4142135623730951
381, 14, 247, 93, 246, 94, 1, -1, -0.7853981633974483, 1.4142135623730951
381, 17, 395, 397, 393, 397, 2, 0, 0.0, 2.0
381, 18, 194, 107, 193, 108, 1, -1, -0.7853981633974483, 1.4142135623730951
381, 19, 153, 106, 151, 107, 2, -1, -0.4636476090008061, 2.23606797749979
381, 20, 82, 162, 81, 163, 1, -1, -0.7853981633974483, 1.4142135623730951
381, 21, 29, 164, 27, 165, 2, -1, -0.4636476090008061, 2.23606797749979
381, 22, 369, 373, 367, 373, 2, 0, 0.0, 2.0
381, 24, 13, 404, 11, 404, 2, 0, 0.0, 2.0
381, 26, 364, 80, 363, 81, 1, -1, -0.7853981633974483, 1.4142135623730951
381, 28, 80, 90, 79, 91, 1, -1, -0.7853981633974483, 1.4142135623730951
381, 30, 323, 80, 321, 80, 2, 0, 0.0, 2.0
381, 31, 142, 383, 141, 384, 1, -1, -0.7853981633974483, 1.4142135623730951
381, 32, 188, 300, 187, 301, 1, -1, -0.7853981633974483, 1.4142135623730951
381, 34, 277, 128, 276, 129, 1, -1, -0.7853981633974483, 1.4142135623730951
381, 36, 12, 123, 8, 123, 4, 0, 0.0, 4.0
381, 39, 166, 127, 165, 128, 1, -1, -0.7853981633974483, 1.4142135623730951
381, 40, 307, 104, 306, 105, 1, -1, -0.7853981633974483, 1.4142135623730951
381, 41, 226, 158, 225, 159, 1, -1, -0.7853981633974483, 1.4142135623730951
381, 44, 40, 346, 39, 347, 1, -1, -0.7853981633974483, 1.4142135623730951
381, 46, 57, 174, 55, 175, 2, -1, -0.4636476090008061, 2.23606797749979
381, 49, 111, 134, 110, 135, 1, -1, -0.7853981633974483, 1.4142135623730951
381, 53, 169, 374, 168, 375, 1, -1, -0.7853981633974483, 1.4142135623730951
381, 54, 59, 83, 58, 84, 1, -1, -0.7853981633974483, 1.4142135623730951
381, 56, 64, 167, 62, 168, 2, -1, -0.4636476090008061, 2.23606797749979
381, 60, 356, 123, 354, 123, 2, 0, 0.0, 2.0
381, 63, 46, 345, 45, 344, 1, 1, 0.7853981633974483, 1.4142135623730951
381, 65, 315, 401, 312, 402, 3, -1, -0.3217505543966422, 3.1622776601683795
382, 2, 269, 67, 268, 68, 1, -1, -0.7853981633974483, 1.4142135623730951
382, 3, 470, 366, 467, 366, 3, 0, 0.0, 3.0
382, 4, 90, 186, 88, 187, 2, -1, -0.4636476090008061, 2.23606797749979
382, 7, 367, 400, 366, 401, 1, -1, -0.7853981633974483, 1.4142135623730951
382, 8, 63, 114, 62, 115, 1, -1, -0.7853981633974483, 1.4142135623730951
382, 9, 210, 128, 209, 129, 1, -1, -0.7853981633974483, 1.4142135623730951
382, 10, 319, 72, 317, 73, 2, -1, -0.4636476090008061, 2.23606797749979
382, 11, 181, 307, 179, 308, 2, -1, -0.4636476090008061, 2.23606797749979
382, 14, 248, 92, 247, 93, 1, -1, -0.7853981633974483, 1.4142135623730951
382, 17, 396, 396, 395, 397, 1, -1, -0.7853981633974483, 1.4142135623730951
382, 18, 195, 106, 194, 107, 1, -1, -0.7853981633974483, 1.4142135623730951
382, 19, 155, 105, 153, 106, 2, -1, -0.4636476090008061, 2.23606797749979
382, 21, 30, 163, 29, 164, 1, -1, -0.7853981633974483, 1.4142135623730951
382, 22, 371, 372, 369, 373, 2, -1, -0.4636476090008061, 2.23606797749979
382, 24, 15, 404, 13, 404, 2, 0, 0.0, 2.0
382, 26, 365, 79, 364, 80, 1, -1, -0.7853981633974483, 1.4142135623730951
382, 27, 122, 331, 120, 330, 2, 1, 0.4636476090008061, 2.23606797749979
382, 32, 190, 301, 188, 300, 2, 1, 0.4636476090008061, 2.23606797749979
382, 34, 278, 127, 277, 128, 1, -1, -0.7853981633974483, 1.4142135623730951
382, 35, 99, 407, 98, 408, 1, -1, -0.7853981633974483, 1.4142135623730951
382, 36, 17, 123, 12, 123, 5, 0, 0.0, 5.0
382, 40, 308, 103, 307, 104, 1, -1, -0.7853981633974483, 1.4142135623730951
382, 44, 41, 345, 40, 346, 1, -1, -0.7853981633974483, 1.4142135623730951
382, 46, 59, 173, 57, 174, 2, -1, -0.4636476090008061, 2.23606797749979
382, 49, 112, 133, 111, 134, 1, -1, -0.7853981633974483, 1.4142135623730951
382, 52, 149, 314, 148, 313, 1, 1, 0.7853981633974483, 1.4142135623730951
382, 54, 60, 82, 59, 83, 1, -1, -0.7853981633974483, 1.4142135623730951
382, 57, 36, 381, 34, 381, 2, 0, 0.0, 2.0
382, 62, 110, 334, 109, 335, 1, -1, -0.7853981633974483, 1.4142135623730951
382, 63, 45, 346, 46, 345, -1, 1, 2.356194490192345, 1.4142135623730951
382, 65, 316, 400, 315, 401, 1, -1, -0.7853981633974483, 1.4142135623730951
383, 1, 221, 70, 220, 71, 1, -1, -0.7853981633974483, 1.4142135623730951
383, 2, 270, 66, 269, 67, 1, -1, -0.7853981633974483, 1.4142135623730951
383, 3, 474, 366, 470, 366, 4, 0, 0.0, 4.0
383, 4, 91, 184, 90, 186, 1, -2, -1.1071487177940904, 2.23606797749979
383, 5, 28, 105, 27, 106, 1, -1, -0.7853981633974483, 1.4142135623730951
383, 7, 368, 399, 367, 400, 1, -1, -0.7853981633974483, 1.4142135623730951
383, 8, 64, 113, 63, 114, 1, -1, -0.7853981633974483, 1.4142135623730951
383, 10, 322, 71, 319, 72, 3, -1, -0.3217505543966422, 3.1622776601683795
383, 12, 175, 159, 174, 160, 1, -1, -0.7853981633974483, 1.4142135623730951
383, 14, 249, 91, 248, 92, 1, -1, -0.7853981633974483, 1.4142135623730951
383, 17, 398, 396, 396, 396, 2, 0, 0.0, 2.0
383, 19, 157, 104, 155, 105, 2, -1, -0.4636476090008061, 2.23606797749979
383, 20, 83, 160, 82, 161, 1, -1, -0.7853981633974483, 1.4142135623730951
383, 21, 31, 162, 30, 163, 1, -1, -0.7853981633974483, 1.4142135623730951
383, 22, 373, 372, 371, 372, 2, 0, 0.0, 2.0
383, 24, 17, 404, 15, 404, 2, 0, 0.0, 2.0
383, 26, 367, 78, 365, 79, 2, -1, -0.4636476090008061, 2.23606797749979
383, 27, 124, 331, 122, 331, 2, 0, 0.0, 2.0
383, 28, 82, 89, 81, 90, 1, -1, -0.7853981633974483, 1.4142135623730951
383, 29, 119, 170, 117, 170, 2, 0, 0.0, 2.0
383, 30, 324, 80, 323, 81, 1, -1, -0.7853981633974483, 1.4142135623730951
383, 31, 143, 382, 142, 383, 1, -1, -0.7853981633974483, 1.4142135623730951
383, 33, 270, 114, 269, 115, 1, -1, -0.7853981633974483, 1.4142135623730951
383, 34, 279, 126, 278, 127, 1, -1, -0.7853981633974483, 1.4142135623730951
383, 36, 20, 122, 17, 123, 3, -1, -0.3217505543966422, 3.1622776601683795
383, 38, 185, 328, 184, 327, 1, 1, 0.7853981633974483, 1.4142135623730951
383, 40, 309, 102, 308, 103, 1, -1, -0.7853981633974483, 1.4142135623730951
383, 44, 43, 344, 41, 345, 2, -1, -0.4636476090008061, 2.23606797749979
383, 45, 42, 323, 40, 323, 2, 0, 0.0, 2.0
383, 46, 60, 172, 59, 173, 1, -1, -0.7853981633974483, 1.4142135623730951
383, 52, 150, 313, 149, 314, 1, -1, -0.7853981633974483, 1.4142135623730951
383, 57, 38, 381, 36, 381, 2, 0, 0.0, 2.0
383, 58, 273, 79, 272, 80, 1, -1, -0.7853981633974483, 1.4142135623730951
383, 61, 96, 358, 94, 358, 2, 0, 0.0, 2.0
383, 64, 363, 395, 361, 396, 2, -1, -0.4636476090008061, 2.23606797749979
383, 65, 317, 399, 316, 400, 1, -1, -0.7853981633974483, 1.4142135623730951
384, 0, 211, 319, 210, 318, 1, 1, 0.7853981633974483, 1.4142135623730951
384, 1, 222, 69, 221, 70, 1, -1, -0.7853981633974483, 1.4142135623730951
384, 2, 272, 65, 270, 66, 2, -1, -0.4636476090008061, 2.23606797749979
384, 3, 476, 366, 474, 366, 2, 0, 0.0, 2.0
384, 4, 92, 183, 91, 184, 1, -1, -0.7853981633974483, 1.4142135623730951
384, 6, 116, 161, 115, 162, 1, -1, -0.7853981633974483, 1.4142135623730951
384, 7, 369, 398, 368, 399, 1, -1, -0.7853981633974483, 1.4142135623730951
384, 9, 212, 127, 211, 128, 1, -1, -0.7853981633974483, 1.4142135623730951
384, 10, 324, 70, 322, 71, 2, -1, -0.4636476090008061, 2.23606797749979
384, 14, 250, 90, 249, 91, 1, -1, -0.7853981633974483, 1.4142135623730951
384, 15, 133, 121, 132, 122, 1, -1, -0.7853981633974483, 1.4142135623730951
384, 16, 171, 403, 170, 404, 1, -1, -0.7853981633974483, 1.4142135623730951
384, 18, 196, 105, 195, 106, 1, -1, -0.7853981633974483, 1.4142135623730951
384, 19, 159, 103, 157, 104, 2, -1, -0.4636476090008061, 2.23606797749979
384, 20, 84, 159, 83, 160, 1, -1, -0.7853981633974483, 1.4142135623730951
384, 22, 375, 372, 373, 372, 2, 0, 0.0, 2.0
384, 24, 19, 404, 17, 404, 2, 0, 0.0, 2.0
384, 25, 23, 73, 22, 74, 1, -1, -0.7853981633974483, 1.4142135623730951
384, 26, 369, 77, 367, 78, 2, -1, -0.4636476090008061, 2.23606797749979
384, 27, 126, 331, 124, 331, 2, 0, 0.0, 2.0
384, 30, 325, 81, 324, 80, 1, 1, 0.7853981633974483, 1.4142135623730951
384, 31, 144, 381, 143, 382, 1, -1, -0.7853981633974483, 1.4142135623730951
384, 33, 271, 113, 270, 114, 1, -1, -0.7853981633974483, 1.4142135623730951
384, 34, 280, 125, 279, 126, 1, -1, -0.7853981633974483, 1.4142135623730951
384, 35, 101, 406, 100, 407, 1, -1, -0.7853981633974483, 1.4142135623730951
384, 36, 24, 122, 20, 122, 4, 0, 0.0, 4.0
384, 40, 310, 101, 309, 102, 1, -1, -0.7853981633974483, 1.4142135623730951
384, 41, 228, 156, 227, 157, 1, -1, -0.7853981633974483, 1.4142135623730951
384, 44, 44, 343, 43, 344, 1, -1, -0.7853981633974483, 1.4142135623730951
384, 45, 44, 322, 42, 323, 2, -1, -0.4636476090008061, 2.23606797749979
384, 46, 64, 170, 60, 172, 4, -2, -0.4636476090008061, 4.47213595499958
384, 52, 152, 313, 150, 313, 2, 0, 0.0, 2.0
384, 53, 172, 371, 171, 374, 1, -3, -1.2490457723982544, 3.1622776601683795
384, 54, 62, 81, 61, 82, 1, -1, -0.7853981633974483, 1.4142135623730951
384, 57, 42, 380, 38, 381, 4, -1, -0.24497866312686414, 4.123105625617661
384, 60, 359, 122, 358, 123, 1, -1, -0.7853981633974483, 1.4142135623730951
384, 64, 365, 394, 363, 395, 2, -1, -0.4636476090008061, 2.23606797749979
384, 65, 319, 398, 317, 399, 2, -1, -0.4636476090008061, 2.23606797749979
385, 2, 322, 72, 320, 73, 2, -1, -0.4636476090008061, 2.23606797749979
385, 3, 273, 69, 271, 70, 2, -1, -0.4636476090008061, 2.23606797749979
385, 4, 92, 187, 90, 188, 2, -1, -0.4636476090008061, 2.23606797749979
385, 6, 117, 162, 115, 162, 2, 0, 0.0, 2.0
385, 9, 66, 116, 65, 117, 1, -1, -0.7853981633974483, 1.4142135623730951
385, 10, 473, 366, 471, 367, 2, -1, -0.4636476090008061, 2.23606797749979
385, 11, 251, 97, 250, 98, 1, -1, -0.7853981633974483, 1.4142135623730951
385, 12, 208, 130, 207, 131, 1, -1, -0.7853981633974483, 1.4142135623730951
385, 14, 176, 161, 175, 162, 1, -1, -0.7853981633974483, 1.4142135623730951
385, 15, 183, 310, 181, 310, 2, 0, 0.0, 2.0
385, 16, 280, 127, 279, 128, 1, -1, -0.7853981633974483, 1.4142135623730951
385, 17, 219, 130, 218, 131, 1, -1, -0.7853981633974483, 1.4142135623730951
385, 18, 196, 108, 195, 109, 1, -1, -0.7853981633974483, 1.4142135623730951
385, 23, 31, 164, 30, 165, 1, -1, -0.7853981633974483, 1.4142135623730951
385, 25, 84, 161, 83, 162, 1, -1, -0.7853981633974483, 1.4142135623730951
385, 26, 169, 131, 168, 132, 1, -1, -0.7853981633974483, 1.4142135623730951
385, 27, 268, 108, 267, 109, 1, -1, -0.7853981633974483, 1.4142135623730951
385, 28, 63, 173, 62, 174, 1, -1, -0.7853981633974483, 1.4142135623730951
385, 29, 44, 344, 42, 345, 2, -1, -0.4636476090008061, 2.23606797749979
385, 31, 17, 403, 15, 404, 2, -1, -0.4636476090008061, 2.23606797749979
385, 32, 102, 408, 101, 409, 1, -1, -0.7853981633974483, 1.4142135623730951
385, 33, 399, 396, 397, 396, 2, 0, 0.0, 2.0
385, 34, 217, 315, 215, 315, 2, 0, 0.0, 2.0
385, 35, 109, 383, 108, 384, 1, -1, -0.7853981633974483, 1.4142135623730951
385, 36, 368, 76, 366, 77, 2, -1, -0.4636476090008061, 2.23606797749979
385, 39, 153, 313, 152, 314, 1, -1, -0.7853981633974483, 1.4142135623730951
385, 40, 68, 343, 66, 344, 2, -1, -0.4636476090008061, 2.23606797749979
385, 41, 84, 92, 83, 93, 1, -1, -0.7853981633974483, 1.4142135623730951
385, 43, 28, 394, 26, 394, 2, 0, 0.0, 2.0
385, 49, 59, 167, 58, 168, 1, -1, -0.7853981633974483, 1.4142135623730951
385, 51, 342, 374, 338, 374, 4, 0, 0.0, 4.0
385, 52, 115, 135, 114, 136, 1, -1, -0.7853981633974483, 1.4142135623730951
385, 53, 97, 161, 95, 161, 2, 0, 0.0, 2.0
385, 57, 366, 83, 365, 84, 1, -1, -0.7853981633974483, 1.4142135623730951
385, 58, 132, 361, 131, 362, 1, -1, -0.7853981633974483, 1.4142135623730951
386, 2, 324, 71, 322, 72, 2, -1, -0.4636476090008061, 2.23606797749979
386, 3, 274, 68, 273, 69, 1, -1, -0.7853981633974483, 1.4142135623730951
386, 4, 94, 185, 92, 187, 2, -2, -0.7853981633974483, 2.8284271247461903
386, 9, 67, 115, 66, 116, 1, -1, -0.7853981633974483, 1.4142135623730951
386, 10, 475, 365, 473, 366, 2, -1, -0.4636476090008061, 2.23606797749979
386, 11, 252, 96, 251, 97, 1, -1, -0.7853981633974483, 1.4142135623730951
386, 12, 209, 129, 208, 130, 1, -1, -0.7853981633974483, 1.4142135623730951
386, 14, 178, 161, 176, 161, 2, 0, 0.0, 2.0
386, 15, 185, 310, 183, 310, 2, 0, 0.0, 2.0
386, 16, 281, 126, 280, 127, 1, -1, -0.7853981633974483, 1.4142135623730951
386, 18, 197, 107, 196, 108, 1, -1, -0.7853981633974483, 1.4142135623730951
386, 20, 368, 402, 366, 402, 2, 0, 0.0, 2.0
386, 21, 145, 388, 144, 389, 1, -1, -0.7853981633974483, 1.4142135623730951
386, 22, 22, 73, 21, 74, 1, -1, -0.7853981633974483, 1.4142135623730951
386, 23, 33, 164, 31, 164, 2, 0, 0.0, 2.0
386, 25, 85, 160, 84, 161, 1, -1, -0.7853981633974483, 1.4142135623730951
386, 26, 171, 130, 169, 131, 2, -1, -0.4636476090008061, 2.23606797749979
386, 27, 269, 107, 268, 108, 1, -1, -0.7853981633974483, 1.4142135623730951
386, 28, 65, 172, 63, 173, 2, -1, -0.4636476090008061, 2.23606797749979
386, 31, 19, 403, 17, 403, 2, 0, 0.0, 2.0
386, 32, 104, 407, 102, 408, 2, -1, -0.4636476090008061, 2.23606797749979
386, 33, 401, 395, 399, 396, 2, -1, -0.4636476090008061, 2.23606797749979
386, 36, 370, 75, 368, 76, 2, -1, -0.4636476090008061, 2.23606797749979
386, 37, 127, 304, 126, 305, 1, -1, -0.7853981633974483, 1.4142135623730951
386, 39, 154, 312, 153, 313, 1, -1, -0.7853981633974483, 1.4142135623730951
386, 40, 70, 343, 68, 343, 2, 0, 0.0, 2.0
386, 43, 30, 394, 28, 394, 2, 0, 0.0, 2.0
386, 47, 44, 378, 42, 378, 2, 0, 0.0, 2.0
386, 49, 60, 166, 59, 167, 1, -1, -0.7853981633974483, 1.4142135623730951
386, 51, 345, 374, 342, 374, 3, 0, 0.0, 3.0
386, 53, 98, 160, 97, 161, 1, -1, -0.7853981633974483, 1.4142135623730951
386, 55, 333, 106, 332, 107, 1, -1, -0.7853981633974483, 1.4142135623730951
386, 56, 8, 342, 7, 343, 1, -1, -0.7853981633974483, 1.4142135623730951
386, 57, 368, 82, 366, 83, 2, -1, -0.4636476090008061, 2.23606797749979
386, 60, 97, 356, 96, 357, 1, -1, -0.7853981633974483, 1.4142135623730951
387, 2, 326, 70, 324, 71, 2, -1, -0.4636476090008061, 2.23606797749979
387, 3, 275, 67, 274, 68, 1, -1, -0.7853981633974483, 1.4142135623730951
387, 4, 95, 184, 94, 185, 1, -1, -0.7853981633974483, 1.4142135623730951
387, 5, 172, 403, 171, 404, 1, -1, -0.7853981633974483, 1.4142135623730951
387, 7, 135, 121, 134, 122, 1, -1, -0.7853981633974483, 1.4142135623730951
387, 9, 68, 114, 67, 115, 1, -1, -0.7853981633974483, 1.4142135623730951
387, 10, 477, 364, 475, 365, 2, -1, -0.4636476090008061, 2.23606797749979
387, 11, 253, 95, 252, 96, 1, -1, -0.7853981633974483, 1.4142135623730951
387, 12, 210, 128, 209, 129, 1, -1, -0.7853981633974483, 1.4142135623730951
387, 13, 136, 407, 135, 408, 1, -1, -0.7853981633974483, 1.4142135623730951
387, 14, 179, 160, 178, 161, 1, -1, -0.7853981633974483, 1.4142135623730951
387, 15, 186, 309, 185, 310, 1, -1, -0.7853981633974483, 1.4142135623730951
387, 16, 282, 124, 281, 126, 1, -2, -1.1071487177940904, 2.23606797749979
387, 20, 372, 402, 368, 402, 4, 0, 0.0, 4.0
387, 21, 146, 387, 145, 388, 1, -1, -0.7853981633974483, 1.4142135623730951
387, 22, 23, 72, 22, 73, 1, -1, -0.7853981633974483, 1.4142135623730951
387, 23, 35, 163, 33, 164, 2, -1, -0.4636476090008061, 2.23606797749979
387, 25, 86, 159, 85, 160, 1, -1, -0.7853981633974483, 1.4142135623730951
387, 26, 172, 129, 171, 130, 1, -1, -0.7853981633974483, 1.4142135623730951
387, 27, 270, 106, 269, 107, 1, -1, -0.7853981633974483, 1.4142135623730951
387, 28, 67, 171, 65, 172, 2, -1, -0.4636476090008061, 2.23606797749979
387, 32, 106, 406, 104, 407, 2, -1, -0.4636476090008061, 2.23606797749979
387, 33, 402, 394, 401, 395, 1, -1, -0.7853981633974483, 1.4142135623730951
387, 36, 372, 75, 370, 75, 2, 0, 0.0, 2.0
387, 39, 155, 311, 154, 312, 1, -1, -0.7853981633974483, 1.4142135623730951
387, 51, 346, 376, 345, 374, 1, 2, 1.1071487177940904, 2.23606797749979
387, 52, 116, 133, 115, 134, 1, -1, -0.7853981633974483, 1.4142135623730951
387, 53, 99, 159, 98, 160, 1, -1, -0.7853981633974483, 1.4142135623730951
387, 54, 223, 165, 224, 164, -1, 1, 2.356194490192345, 1.4142135623730951
387, 57, 370, 81, 368, 82, 2, -1, -0.4636476090008061, 2.23606797749979
387, 59, 311, 103, 310, 104, 1, -1, -0.7853981633974483, 1.4142135623730951
387, 60, 98, 355, 97, 356, 1, -1, -0.7853981633974483, 1.4142135623730951
388, 2, 328, 70, 326, 70, 2, 0, 0.0, 2.0
388, 4, 96, 183, 95, 184, 1, -1, -0.7853981633974483, 1.4142135623730951
388, 9, 69, 113, 68, 114, 1, -1, -0.7853981633974483, 1.4142135623730951
388, 10, 480, 364, 477, 364, 3, 0, 0.0, 3.0
388, 12, 211, 127, 210, 128, 1, -1, -0.7853981633974483, 1.4142135623730951
388, 13, 137, 406, 136, 407, 1, -1, -0.7853981633974483, 1.4142135623730951
388, 16, 283, 123, 282, 124, 1, -1, -0.7853981633974483, 1.4142135623730951
388, 19, 346, 101, 345, 102, 1, -1, -0.7853981633974483, 1.4142135623730951
388, 20, 374, 402, 372, 402, 2, 0, 0.0, 2.0
388, 21, 147, 386, 146, 387, 1, -1, -0.7853981633974483, 1.4142135623730951
388, 27, 271, 105, 270, 106, 1, -1, -0.7853981633974483, 1.4142135623730951
388, 32, 108, 406, 106, 406, 2, 0, 0.0, 2.0
388, 33, 404, 393, 402, 394, 2, -1, -0.4636476090008061, 2.23606797749979
388, 36, 374, 75, 372, 75, 2, 0, 0.0, 2.0
388, 41, 85, 89, 84, 90, 1, -1, -0.7853981633974483, 1.4142135623730951
388, 47, 47, 379, 45, 378, 2, 1, 0.4636476090008061, 2.23606797749979
388, 49, 61, 164, 60, 165, 1, -1, -0.7853981633974483, 1.4142135623730951
388, 51, 345, 377, 346, 376, -1, 1, 2.356194490192345, 1.4142135623730951
388, 53, 102, 158, 99, 159, 3, -1, -0.3217505543966422, 3.1622776601683795
388, 55, 336, 106, 334, 106, 2, 0, 0.0, 2.0
388, 57, 372, 81, 370, 81, 2, 0, 0.0, 2.0
388, 58, 135, 360, 134, 361, 1, -1, -0.7853981633974483, 1.4142135623730951
388, 59, 312, 102, 311, 103, 1, -1, -0.7853981633974483, 1.4142135623730951
388, 60, 99, 354, 98, 355, 1, -1, -0.7853981633974483, 1.4142135623730951
389, 1, 214, 319, 213, 320, 1, -1, -0.7853981633974483, 1.4142135623730951
389, 2, 330, 70, 328, 70, 2, 0, 0.0, 2.0
389, 3, 277, 66, 276, 67, 1, -1, -0.7853981633974483, 1.4142135623730951
389, 4, 98, 182, 96, 183, 2, -1, -0.4636476090008061, 2.23606797749979
389, 5, 173, 402, 172, 403, 1, -1, -0.7853981633974483, 1.4142135623730951
389, 7, 137, 120, 135, 120, 2, 0, 0.0, 2.0
389, 8, 33, 104, 32, 105, 1, -1, -0.7853981633974483, 1.4142135623730951
389, 9, 70, 112, 69, 113, 1, -1, -0.7853981633974483, 1.4142135623730951
389, 10, 481, 363, 480, 364, 1, -1, -0.7853981633974483, 1.4142135623730951
389, 11, 255, 93, 254, 95, 1, -2, -1.1071487177940904, 2.23606797749979
389, 12, 212, 126, 211, 127, 1, -1, -0.7853981633974483, 1.4142135623730951
389, 13, 138, 405, 137, 406, 1, -1, -0.7853981633974483, 1.4142135623730951
389, 15, 189, 309, 187, 309, 2, 0, 0.0, 2.0
389, 16, 284, 122, 283, 123, 1, -1, -0.7853981633974483, 1.4142135623730951
389, 20, 376, 402, 374, 402, 2, 0, 0.0, 2.0
389, 21, 148, 385, 147, 386, 1, -1, -0.7853981633974483, 1.4142135623730951
389, 25, 88, 158, 87, 159, 1, -1, -0.7853981633974483, 1.4142135623730951
389, 26, 174, 128, 173, 129, 1, -1, -0.7853981633974483, 1.4142135623730951
389, 27, 272, 104, 271, 105, 1, -1, -0.7853981633974483, 1.4142135623730951
389, 28, 70, 171, 68, 171, 2, 0, 0.0, 2.0
389, 31, 23, 402, 21, 403, 2, -1, -0.4636476090008061, 2.23606797749979
389, 32, 109, 405, 108, 406, 1, -1, -0.7853981633974483, 1.4142135623730951
389, 33, 406, 392, 404, 393, 2, -1, -0.4636476090008061, 2.23606797749979
389, 34, 220, 314, 219, 315, 1, -1, -0.7853981633974483, 1.4142135623730951
389, 35, 113, 382, 112, 383, 1, -1, -0.7853981633974483, 1.4142135623730951
389, 36, 376, 75, 374, 75, 2, 0, 0.0, 2.0
389, 41, 86, 88, 85, 89, 1, -1, -0.7853981633974483, 1.4142135623730951
389, 53, 226, 164, 224, 165, 2, -1, -0.4636476090008061, 2.23606797749979
389, 55, 10, 340, 9, 341, 1, -1, -0.7853981633974483, 1.4142135623730951
389, 56, 374, 81, 372, 81, 2, 0, 0.0, 2.0
389, 57, 136, 359, 135, 360, 1, -1, -0.7853981633974483, 1.4142135623730951
389, 58, 313, 101, 312, 102, 1, -1, -0.7853981633974483, 1.4142135623730951
390, 1, 227, 72, 226, 73, 1, -1, -0.7853981633974483, 1.4142135623730951
390, 2, 479, 367, 477, 368, 2, -1, -0.4636476090008061, 2.23606797749979
390, 3, 98, 187, 96, 187, 2, 0, 0.0, 2.0
390, 4, 328, 73, 326, 73, 2, 0, 0.0, 2.0
390, 5, 180, 161, 179, 162, 1, -1, -0.7853981633974483, 1.4142135623730951
390, 6, 277, 68, 276, 69, 1, -1, -0.7853981633974483, 1.4142135623730951
390, 9, 127, 333, 126, 334, 1, -1, -0.7853981633974483, 1.4142135623730951
390, 11, 70, 115, 69, 116, 1, -1, -0.7853981633974483, 1.4142135623730951
390, 13, 6, 187, 4, 188, 2, -1, -0.4636476090008061, 2.23606797749979
390, 14, 197, 307, 196, 308, 1, -1, -0.7853981633974483, 1.4142135623730951
390, 15, 212, 129, 211, 130, 1, -1, -0.7853981633974483, 1.4142135623730951
390, 17, 284, 125, 283, 126, 1, -1, -0.7853981633974483, 1.4142135623730951
390, 19, 375, 405, 373, 406, 2, -1, -0.4636476090008061, 2.23606797749979
390, 20, 33, 102, 32, 103, 1, -1, -0.7853981633974483, 1.4142135623730951
390, 21, 190, 309, 189, 310, 1, -1, -0.7853981633974483, 1.4142135623730951
390, 22, 374, 77, 372, 77, 2, 0, 0.0, 2.0
390, 23, 22, 405, 20, 405, 2, 0, 0.0, 2.0
390, 24, 254, 96, 253, 97, 1, -1, -0.7853981633974483, 1.4142135623730951
390, 26, 405, 397, 403, 398, 2, -1, -0.4636476090008061, 2.23606797749979
390, 27, 287, 131, 286, 133, 1, -2, -1.1071487177940904, 2.23606797749979
390, 29, 88, 161, 87, 162, 1, -1, -0.7853981633974483, 1.4142135623730951
390, 30, 138, 407, 137, 408, 1, -1, -0.7853981633974483, 1.4142135623730951
390, 33, 272, 108, 271, 109, 1, -1, -0.7853981633974483, 1.4142135623730951
390, 39, 138, 362, 135, 362, 3, 0, 0.0, 3.0
390, 42, 129, 305, 128, 306, 1, -1, -0.7853981633974483, 1.4142135623730951
390, 43, 24, 73, 23, 74, 1, -1, -0.7853981633974483, 1.4142135623730951
390, 44, 59, 76, 58, 77, 1, -1, -0.7853981633974483, 1.4142135623730951
390, 45, 71, 343, 70, 344, 1, -1, -0.7853981633974483, 1.4142135623730951
390, 46, 31, 109, 30, 110, 1, -1, -0.7853981633974483, 1.4142135623730951
390, 47, 63, 170, 62, 171, 1, -1, -0.7853981633974483, 1.4142135623730951
390, 50, 152, 340, 149, 341, 3, -1, -0.3217505543966422, 3.1622776601683795
390, 54, 324, 401, 322, 402, 2, -1, -0.4636476090008061, 2.23606797749979
390, 56, 20, 100, 19, 101, 1, -1, -0.7853981633974483, 1.4142135623730951
390, 57, 100, 193, 98, 194, 2, -1, -0.4636476090008061, 2.23606797749979
390, 58, 269, 115, 268, 116, 1, -1, -0.7853981633974483, 1.4142135623730951
390, 59, 130, 167, 129, 168, 1, -1, -0.7853981633974483, 1.4142135623730951
391, 2, 481, 366, 479, 367, 2, -1, -0.4636476090008061, 2.23606797749979
391, 3, 100, 187, 98, 187, 2, 0, 0.0, 2.0
391, 5, 181, 160, 180, 161, 1, -1, -0.7853981633974483, 1.4142135623730951
391, 7, 123, 162, 121, 163, 2, -1, -0.4636476090008061, 2.23606797749979
391, 9, 128, 331, 127, 333, 1, -2, -1.1071487177940904, 2.23606797749979
391, 10, 118, 336, 117, 338, 1, -2, -1.1071487177940904, 2.23606797749979
391, 11, 71, 114, 70, 115, 1, -1, -0.7853981633974483, 1.4142135623730951
391, 12, 175, 404, 174, 405, 1, -1, -0.7853981633974483, 1.4142135623730951
391, 13, 8, 186, 6, 187, 2, -1, -0.4636476090008061, 2.23606797749979
391, 14, 199, 305, 197, 307, 2, -2, -0.7853981633974483, 2.8284271247461903
391, 15, 212, 127, 212, 129, 0, -2, -1.5707963267948966, 2.0
391, 17, 285, 124, 284, 125, 1, -1, -0.7853981633974483, 1.4142135623730951
391, 18, 137, 121, 136, 122, 1, -1, -0.7853981633974483, 1.4142135623730951
391, 19, 377, 404, 375, 405, 2, -1, -0.4636476090008061, 2.23606797749979
391, 20, 34, 105, 33, 102, 1, 3, 1.2490457723982544, 3.1622776601683795
391, 21, 191, 308, 190, 309, 1, -1, -0.7853981633974483, 1.4142135623730951
391, 23, 24, 405, 22, 405, 2, 0, 0.0, 2.0
391, 24, 254, 93, 254, 96, 0, -3, -1.5707963267948966, 3.0
391, 26, 407, 396, 405, 397, 2, -1, -0.4636476090008061, 2.23606797749979
391, 27, 289, 130, 287, 131, 2, -1, -0.4636476090008061, 2.23606797749979
391, 29, 89, 160, 88, 161, 1, -1, -0.7853981633974483, 1.4142135623730951
391, 30, 139, 406, 138, 407, 1, -1, -0.7853981633974483, 1.4142135623730951
391, 31, 107, 189, 105, 189, 2, 0, 0.0, 2.0
391, 33, 273, 107, 272, 108, 1, -1, -0.7853981633974483, 1.4142135623730951
391, 35, 10, 313, 9, 314, 1, -1, -0.7853981633974483, 1.4142135623730951
391, 36, 364, 82, 363, 84, 1, -2, -1.1071487177940904, 2.23606797749979
391, 38, 366, 123, 364, 124, 2, -1, -0.4636476090008061, 2.23606797749979
391, 39, 139, 361, 138, 362, 1, -1, -0.7853981633974483, 1.4142135623730951
391, 40, 48, 325, 47, 326, 1, -1, -0.7853981633974483, 1.4142135623730951
391, 41, 251, 86, 250, 89, 1, -3, -1.2490457723982544, 3.1622776601683795
391, 44, 61, 75, 59, 76, 2, -1, -0.4636476090008061, 2.23606797749979
391, 46, 31, 107, 31, 109, 0, -2, -1.5707963267948966, 2.0
391, 47, 64, 169, 63, 170, 1, -1, -0.7853981633974483, 1.4142135623730951
391, 48, 313, 104, 312, 105, 1, -1, -0.7853981633974483, 1.4142135623730951
391, 49, 218, 135, 218, 138, 0, -3, -1.5707963267948966, 3.0
391, 50, 154, 341, 152, 340, 2, 1, 0.4636476090008061, 2.23606797749979
391, 54, 328, 400, 324, 401, 4, -1, -0.24497866312686414, 4.123105625617661
391, 55, 175, 129, 174, 130, 1, -1, -0.7853981633974483, 1.4142135623730951
391, 56, 20, 98, 20, 100, 0, -2, -1.5707963267948966, 2.0
391, 57, 103, 192, 100, 193, 3, -1, -0.3217505543966422, 3.1622776601683795
391, 58, 270, 114, 269, 115, 1, -1, -0.7853981633974483, 1.4142135623730951
391, 59, 130, 165, 130, 167, 0, -2, -1.5707963267948966, 2.0
392, 2, 483, 365, 481, 366, 2, -1, -0.4636476090008061, 2.23606797749979
392, 3, 103, 186, 100, 187, 3, -1, -0.3217505543966422, 3.1622776601683795
392, 6, 278, 67, 277, 68, 1, -1, -0.7853981633974483, 1.4142135623730951
392, 7, 124, 161, 123, 162, 1, -1, -0.7853981633974483, 1.4142135623730951
392, 8, 200, 107, 199, 108, 1, -1, -0.7853981633974483, 1.4142135623730951
392, 11, 72, 113, 71, 114, 1, -1, -0.7853981633974483, 1.4142135623730951
392, 12, 176, 403, 175, 404, 1, -1, -0.7853981633974483, 1.4142135623730951
392, 13, 9, 185, 8, 186, 1, -1, -0.7853981633974483, 1.4142135623730951
392, 14, 201, 304, 199, 305, 2, -1, -0.4636476090008061, 2.23606797749979
392, 17, 287, 123, 285, 124, 2, -1, -0.4636476090008061, 2.23606797749979
392, 19, 379, 403, 377, 404, 2, -1, -0.4636476090008061, 2.23606797749979
392, 23, 25, 404, 24, 405, 1, -1, -0.7853981633974483, 1.4142135623730951
392, 26, 409, 395, 407, 396, 2, -1, -0.4636476090008061, 2.23606797749979
392, 27, 291, 129, 289, 130, 2, -1, -0.4636476090008061, 2.23606797749979
392, 28, 151, 390, 150, 391, 1, -1, -0.7853981633974483, 1.4142135623730951
392, 29, 90, 159, 89, 160, 1, -1, -0.7853981633974483, 1.4142135623730951
392, 30, 140, 405, 139, 406, 1, -1, -0.7853981633974483, 1.4142135623730951
392, 31, 109, 189, 107, 189, 2, 0, 0.0, 2.0
392, 32, 101, 357, 100, 358, 1, -1, -0.7853981633974483, 1.4142135623730951
392, 33, 274, 106, 273, 107, 1, -1, -0.7853981633974483, 1.4142135623730951
392, 35, 11, 312, 10, 313, 1, -1, -0.7853981633974483, 1.4142135623730951
392, 36, 365, 81, 364, 82, 1, -1, -0.7853981633974483, 1.4142135623730951
392, 37, 34, 395, 33, 396, 1, -1, -0.7853981633974483, 1.4142135623730951
392, 41, 252, 85, 251, 86, 1, -1, -0.7853981633974483, 1.4142135623730951
392, 42, 132, 305, 130, 305, 2, 0, 0.0, 2.0
392, 43, 26, 72, 25, 73, 1, -1, -0.7853981633974483, 1.4142135623730951
392, 44, 62, 74, 61, 75, 1, -1, -0.7853981633974483, 1.4142135623730951
392, 45, 73, 342, 72, 343, 1, -1, -0.7853981633974483, 1.4142135623730951
392, 47, 65, 168, 64, 169, 1, -1, -0.7853981633974483, 1.4142135623730951
392, 48, 314, 103, 313, 104, 1, -1, -0.7853981633974483, 1.4142135623730951
392, 50, 156, 341, 154, 341, 2, 0, 0.0, 2.0
392, 52, 151, 383, 150, 384, 1, -1, -0.7853981633974483, 1.4142135623730951
392, 57, 105, 190, 103, 192, 2, -2, -0.7853981633974483, 2.8284271247461903
392, 59, 131, 164, 130, 165, 1, -1, -0.7853981633974483, 1.4142135623730951
393, 1, 230, 71, 229, 72, 1, -1, -0.7853981633974483, 1.4142135623730951
393, 2, 486, 365, 483, 365, 3, 0, 0.0, 3.0
393, 3, 105, 185, 103, 186, 2, -1, -0.4636476090008061, 2.23606797749979
393, 6, 279, 66, 278, 67, 1, -1, -0.7853981633974483, 1.4142135623730951
393, 9, 130, 330, 129, 331, 1, -1, -0.7853981633974483, 1.4142135623730951
393, 10, 120, 335, 119, 336, 1, -1, -0.7853981633974483, 1.4142135623730951
393, 11, 73, 112, 72, 113, 1, -1, -0.7853981633974483, 1.4142135623730951
393, 12, 177, 402, 176, 403, 1, -1, -0.7853981633974483, 1.4142135623730951
393, 13, 11, 184, 9, 185, 2, -1, -0.4636476090008061, 2.23606797749979
393, 19, 380, 402, 379, 403, 1, -1, -0.7853981633974483, 1.4142135623730951
393, 22, 377, 76, 376, 77, 1, -1, -0.7853981633974483, 1.4142135623730951
393, 23, 26, 403, 25, 404, 1, -1, -0.7853981633974483, 1.4142135623730951
393, 24, 255, 91, 254, 92, 1, -1, -0.7853981633974483, 1.4142135623730951
393, 25, 111, 408, 109, 408, 2, 0, 0.0, 2.0
393, 26, 412, 394, 409, 395, 3, -1, -0.3217505543966422, 3.1622776601683795
393, 27, 293, 128, 291, 129, 2, -1, -0.4636476090008061, 2.23606797749979
393, 28, 152, 389, 151, 390, 1, -1, -0.7853981633974483, 1.4142135623730951
393, 29, 91, 158, 90, 159, 1, -1, -0.7853981633974483, 1.4142135623730951
393, 30, 142, 404, 140, 405, 2, -1, -0.4636476090008061, 2.23606797749979
393, 31, 110, 188, 109, 189, 1, -1, -0.7853981633974483, 1.4142135623730951
393, 33, 275, 105, 274, 106, 1, -1, -0.7853981633974483, 1.4142135623730951
393, 38, 369, 123, 367, 123, 2, 0, 0.0, 2.0
393, 39, 141, 360, 140, 361, 1, -1, -0.7853981633974483, 1.4142135623730951
393, 40, 50, 324, 49, 325, 1, -1, -0.7853981633974483, 1.4142135623730951
393, 41, 253, 84, 252, 85, 1, -1, -0.7853981633974483, 1.4142135623730951
393, 42, 134, 305, 132, 305, 2, 0, 0.0, 2.0
393, 44, 63, 73, 62, 74, 1, -1, -0.7853981633974483, 1.4142135623730951
393, 45, 75, 341, 73, 342, 2, -1, -0.4636476090008061, 2.23606797749979
393, 47, 66, 167, 65, 168, 1, -1, -0.7853981633974483, 1.4142135623730951
393, 48, 315, 102, 314, 103, 1, -1, -0.7853981633974483, 1.4142135623730951
393, 50, 157, 342, 156, 341, 1, 1, 0.7853981633974483, 1.4142135623730951
393, 55, 176, 128, 175, 129, 1, -1, -0.7853981633974483, 1.4142135623730951
393, 57, 107, 189, 105, 190, 2, -1, -0.4636476090008061, 2.23606797749979
393, 58, 271, 112, 270, 113, 1, -1, -0.7853981633974483, 1.4142135623730951
393, 60, 50, 345, 49, 346, 1, -1, -0.7853981633974483, 1.4142135623730951
394, 0, 218, 320, 217, 321, 1, -1, -0.7853981633974483, 1.4142135623730951
394, 2, 488, 365, 486, 365, 2, 0, 0.0, 2.0
394, 3, 106, 184, 105, 185, 1, -1, -0.7853981633974483, 1.4142135623730951
394, 4, 332, 72, 331, 73, 1, -1, -0.7853981633974483, 1.4142135623730951
394, 11, 74, 111, 73, 112, 1, -1, -0.7853981633974483, 1.4142135623730951
394, 13, 13, 183, 11, 184, 2, -1, -0.4636476090008061, 2.23606797749979
394, 14, 203, 303, 202, 304, 1, -1, -0.7853981633974483, 1.4142135623730951
394, 16, 353, 104, 352, 105, 1, -1, -0.7853981633974483, 1.4142135623730951
394, 17, 289, 122, 288, 123, 1, -1, -0.7853981633974483, 1.4142135623730951
394, 18, 139, 119, 138, 120, 1, -1, -0.7853981633974483, 1.4142135623730951
394, 19, 382, 401, 380, 402, 2, -1, -0.4636476090008061, 2.23606797749979
394, 20, 38, 105, 36, 105, 2, 0, 0.0, 2.0
394, 23, 27, 402, 26, 403, 1, -1, -0.7853981633974483, 1.4142135623730951
394, 24, 256, 90, 255, 91, 1, -1, -0.7853981633974483, 1.4142135623730951
394, 26, 414, 393, 412, 394, 2, -1, -0.4636476090008061, 2.23606797749979
394, 28, 153, 388, 152, 389, 1, -1, -0.7853981633974483, 1.4142135623730951
394, 29, 92, 157, 91, 158, 1, -1, -0.7853981633974483, 1.4142135623730951
394, 30, 143, 403, 142, 404, 1, -1, -0.7853981633974483, 1.4142135623730951
394, 31, 110, 186, 110, 188, 0, -2, -1.5707963267948966, 2.0
394, 33, 276, 104, 275, 105, 1, -1, -0.7853981633974483, 1.4142135623730951
394, 36, 367, 84, 366, 81, 1, 3, 1.2490457723982544, 3.1622776601683795
394, 37, 37, 395, 35, 395, 2, 0, 0.0, 2.0
394, 38, 371, 121, 369, 123, 2, -2, -0.7853981633974483, 2.8284271247461903
394, 40, 52, 323, 50, 324, 2, -1, -0.4636476090008061, 2.23606797749979
394, 41, 254, 83, 253, 84, 1, -1, -0.7853981633974483, 1.4142135623730951
394, 45, 77, 340, 75, 341, 2, -1, -0.4636476090008061, 2.23606797749979
394, 47, 67, 166, 66, 167, 1, -1, -0.7853981633974483, 1.4142135623730951
394, 52, 153, 382, 152, 383, 1, -1, -0.7853981633974483, 1.4142135623730951
394, 54, 332, 399, 330, 400, 2, -1, -0.4636476090008061, 2.23606797749979
394, 55, 177, 127, 176, 128, 1, -1, -0.7853981633974483, 1.4142135623730951
394, 58, 272, 111, 271, 112, 1, -1, -0.7853981633974483, 1.4142135623730951
394, 60, 51, 344, 50, 345, 1, -1, -0.7853981633974483, 1.4142135623730951
395, 1, 6, 187, 5, 188, 1, -1, -0.7853981633974483, 1.4142135623730951
395, 2, 332, 72, 330, 72, 2, 0, 0.0, 2.0
395, 3, 487, 366, 484, 367, 3, -1, -0.3217505543966422, 3.1622776601683795
395, 9, 231, 73, 230, 74, 1, -1, -0.7853981633974483, 1.4142135623730951
395, 11, 103, 186, 101, 186, 2, 0, 0.0, 2.0
395, 12, 257, 89, 256, 90, 1, -1, -0.7853981633974483, 1.4142135623730951
395, 14, 140, 122, 139, 123, 1, -1, -0.7853981633974483, 1.4142135623730951
395, 15, 110, 407, 109, 408, 1, -1, -0.7853981633974483, 1.4142135623730951
395, 16, 92, 158, 91, 159, 1, -1, -0.7853981633974483, 1.4142135623730951
395, 18, 74, 115, 73, 116, 1, -1, -0.7853981633974483, 1.4142135623730951
395, 19, 31, 73, 30, 74, 1, -1, -0.7853981633974483, 1.4142135623730951
395, 20, 202, 311, 200, 311, 2, 0, 0.0, 2.0
395, 21, 52, 345, 51, 346, 1, -1, -0.7853981633974483, 1.4142135623730951
395, 23, 380, 404, 378, 405, 2, -1, -0.4636476090008061, 2.23606797749979
395, 24, 409, 394, 407, 395, 2, -1, -0.4636476090008061, 2.23606797749979
395, 27, 152, 390, 151, 391, 1, -1, -0.7853981633974483, 1.4142135623730951
395, 28, 12, 314, 11, 315, 1, -1, -0.7853981633974483, 1.4142135623730951
395, 29, 255, 97, 254, 98, 1, -1, -0.7853981633974483, 1.4142135623730951
395, 30, 50, 381, 49, 382, 1, -1, -0.7853981633974483, 1.4142135623730951
395, 32, 166, 106, 165, 105, 1, 1, 0.7853981633974483, 1.4142135623730951
395, 34, 50, 369, 49, 370, 1, -1, -0.7853981633974483, 1.4142135623730951
395, 35, 161, 320, 160, 321, 1, -1, -0.7853981633974483, 1.4142135623730951
395, 37, 10, 152, 8, 153, 2, -1, -0.4636476090008061, 2.23606797749979
395, 38, 385, 346, 383, 346, 2, 0, 0.0, 2.0
395, 39, 289, 125, 288, 126, 1, -1, -0.7853981633974483, 1.4142135623730951
395, 40, 381, 396, 379, 397, 2, -1, -0.4636476090008061, 2.23606797749979
395, 41, 76, 171, 75, 172, 1, -1, -0.7853981633974483, 1.4142135623730951
395, 43, 116, 383, 115, 384, 1, -1, -0.7853981633974483, 1.4142135623730951
395, 44, 349, 104, 348, 105, 1, -1, -0.7853981633974483, 1.4142135623730951
395, 51, 41, 162, 39, 163, 2, -1, -0.4636476090008061, 2.23606797749979
395, 54, 77, 344, 75, 344, 2, 0, 0.0, 2.0
395, 55, 382, 374, 380, 374, 2, 0, 0.0, 2.0
395, 57, 26, 404, 25, 405, 1, -1, -0.7853981633974483, 1.4142135623730951
395, 59, 323, 106, 322, 107, 1, -1, -0.7853981633974483, 1.4142135623730951
395, 60, 153, 383, 152, 384, 1, -1, -0.7853981633974483, 1.4142135623730951
395, 61, 174, 129, 173, 130, 1, -1, -0.7853981633974483, 1.4142135623730951
395, 63, 179, 377, 178, 378, 1, -1, -0.7853981633974483, 1.4142135623730951
395, 65, 274, 73, 273, 74, 1, -1, -0.7853981633974483, 1.4142135623730951
395, 66, 11, 128, 10, 129, 1, -1, -0.7853981633974483, 1.4142135623730951
395, 67, 224, 136, 223, 137, 1, -1, -0.7853981633974483, 1.4142135623730951
395, 68, 236, 160, 234, 161, 2, -1, -0.4636476090008061, 2.23606797749979
396, 1, 8, 186, 6, 187, 2, -1, -0.4636476090008061, 2.23606797749979
396, 2, 334, 72, 332, 72, 2, 0, 0.0, 2.0
396, 3, 489, 366, 487, 366, 2, 0, 0.0, 2.0
396, 4, 280, 68, 279, 69, 1, -1, -0.7853981633974483, 1.4142135623730951
396, 9, 232, 72, 231, 73, 1, -1, -0.7853981633974483, 1.4142135623730951
396, 11, 105, 186, 103, 186, 2, 0, 0.0, 2.0
396, 14, 141, 121, 140, 122, 1, -1, -0.7853981633974483, 1.4142135623730951
396, 15, 111, 406, 110, 407, 1, -1, -0.7853981633974483, 1.4142135623730951
396, 16, 93, 157, 92, 158, 1, -1, -0.7853981633974483, 1.4142135623730951
396, 18, 75, 114, 74, 115, 1, -1, -0.7853981633974483, 1.4142135623730951
396, 19, 32, 72, 31, 73, 1, -1, -0.7853981633974483, 1.4142135623730951
396, 22, 276, 105, 275, 106, 1, -1, -0.7853981633974483, 1.4142135623730951
396, 23, 382, 404, 380, 404, 2, 0, 0.0, 2.0
396, 24, 411, 393, 409, 394, 2, -1, -0.4636476090008061, 2.23606797749979
396, 25, 143, 407, 142, 408, 1, -1, -0.7853981633974483, 1.4142135623730951
396, 26, 380, 77, 378, 77, 2, 0, 0.0, 2.0
396, 27, 153, 389, 152, 390, 1, -1, -0.7853981633974483, 1.4142135623730951
396, 28, 13, 313, 12, 314, 1, -1, -0.7853981633974483, 1.4142135623730951
396, 29, 256, 96, 255, 97, 1, -1, -0.7853981633974483, 1.4142135623730951
396, 30, 51, 380, 50, 381, 1, -1, -0.7853981633974483, 1.4142135623730951
396, 35, 162, 319, 161, 320, 1, -1, -0.7853981633974483, 1.4142135623730951
396, 37, 12, 151, 10, 152, 2, -1, -0.4636476090008061, 2.23606797749979
396, 38, 387, 346, 385, 346, 2, 0, 0.0, 2.0
396, 39, 291, 124, 289, 125, 2, -1, -0.4636476090008061, 2.23606797749979
396, 40, 382, 395, 381, 396, 1, -1, -0.7853981633974483, 1.4142135623730951
396, 41, 77, 170, 76, 171, 1, -1, -0.7853981633974483, 1.4142135623730951
396, 44, 350, 103, 349, 104, 1, -1, -0.7853981633974483, 1.4142135623730951
396, 46, 104, 357, 103, 358, 1, -1, -0.7853981633974483, 1.4142135623730951
396, 49, 92, 92, 91, 93, 1, -1, -0.7853981633974483, 1.4142135623730951
396, 50, 52, 325, 51, 326, 1, -1, -0.7853981633974483, 1.4142135623730951
396, 51, 43, 161, 41, 162, 2, -1, -0.4636476090008061, 2.23606797749979
396, 54, 79, 344, 77, 344, 2, 0, 0.0, 2.0
396, 55, 383, 373, 382, 374, 1, -1, -0.7853981633974483, 1.4142135623730951
396, 57, 28, 403, 26, 404, 2, -1, -0.4636476090008061, 2.23606797749979
396, 58, 228, 99, 227, 100, 1, -1, -0.7853981633974483, 1.4142135623730951
396, 59, 324, 105, 323, 106, 1, -1, -0.7853981633974483, 1.4142135623730951
396, 60, 154, 382, 153, 383, 1, -1, -0.7853981633974483, 1.4142135623730951
396, 61, 175, 128, 174, 129, 1, -1, -0.7853981633974483, 1.4142135623730951
396, 63, 180, 376, 179, 377, 1, -1, -0.7853981633974483, 1.4142135623730951
396, 64, 18, 126, 18, 128, 0, -2, -1.5707963267948966, 2.0
396, 65, 275, 72, 274, 73, 1, -1, -0.7853981633974483, 1.4142135623730951
396, 66, 12, 126, 11, 128, 1, -2, -1.1071487177940904, 2.23606797749979
396, 67, 225, 135, 224, 136, 1, -1, -0.7853981633974483, 1.4142135623730951
396, 68, 238, 158, 236, 160, 2, -2, -0.7853981633974483, 2.8284271247461903
397, 1, 10, 185, 8, 186, 2, -1, -0.4636476090008061, 2.23606797749979
397, 2, 336, 72, 334, 72, 2, 0, 0.0, 2.0
397, 3, 491, 366, 489, 366, 2, 0, 0.0, 2.0
397, 9, 233, 71, 232, 72, 1, -1, -0.7853981633974483, 1.4142135623730951
397, 12, 259, 88, 258, 89, 1, -1, -0.7853981633974483, 1.4142135623730951
397, 14, 142, 120, 141, 121, 1, -1, -0.7853981633974483, 1.4142135623730951
397, 18, 76, 113, 75, 114, 1, -1, -0.7853981633974483, 1.4142135623730951
397, 21, 55, 345, 53, 345, 2, 0, 0.0, 2.0
397, 22, 277, 104, 276, 105, 1, -1, -0.7853981633974483, 1.4142135623730951
397, 23, 384, 403, 382, 404, 2, -1, -0.4636476090008061, 2.23606797749979
397, 25, 144, 406, 143, 407, 1, -1, -0.7853981633974483, 1.4142135623730951
397, 26, 382, 77, 380, 77, 2, 0, 0.0, 2.0
397, 28, 14, 312, 13, 313, 1, -1, -0.7853981633974483, 1.4142135623730951
397, 29, 257, 95, 256, 96, 1, -1, -0.7853981633974483, 1.4142135623730951
397, 30, 52, 379, 51, 380, 1, -1, -0.7853981633974483, 1.4142135623730951
397, 31, 182, 129, 181, 130, 1, -1, -0.7853981633974483, 1.4142135623730951
397, 32, 168, 107, 167, 106, 1, 1, 0.7853981633974483, 1.4142135623730951
397, 37, 13, 150, 12, 151, 1, -1, -0.7853981633974483, 1.4142135623730951
397, 38, 388, 345, 387, 346, 1, -1, -0.7853981633974483, 1.4142135623730951
397, 40, 384, 394, 382, 395, 2, -1, -0.4636476090008061, 2.23606797749979
397, 41, 78, 169, 77, 170, 1, -1, -0.7853981633974483, 1.4142135623730951
397, 42, 287, 353, 285, 353, 2, 0, 0.0, 2.0
397, 43, 118, 382, 117, 383, 1, -1, -0.7853981633974483, 1.4142135623730951
397, 45, 65, 75, 64, 76, 1, -1, -0.7853981633974483, 1.4142135623730951
397, 48, 93, 91, 92, 92, 1, -1, -0.7853981633974483, 1.4142135623730951
397, 50, 44, 160, 43, 161, 1, -1, -0.7853981633974483, 1.4142135623730951
397, 51, 8, 395, 7, 396, 1, -1, -0.7853981633974483, 1.4142135623730951
397, 53, 80, 343, 79, 344, 1, -1, -0.7853981633974483, 1.4142135623730951
397, 54, 385, 372, 383, 373, 2, -1, -0.4636476090008061, 2.23606797749979
397, 56, 30, 402, 28, 403, 2, -1, -0.4636476090008061, 2.23606797749979
397, 58, 326, 103, 324, 105, 2, -2, -0.7853981633974483, 2.8284271247461903
397, 59, 155, 381, 154, 382, 1, -1, -0.7853981633974483, 1.4142135623730951
397, 63, 19, 127, 18, 126, 1, 1, 0.7853981633974483, 1.4142135623730951
397, 67, 240, 156, 238, 158, 2, -2, -0.7853981633974483, 2.8284271247461903
398, 1, 11, 184, 10, 185, 1, -1, -0.7853981633974483, 1.4142135623730951
398, 2, 338, 72, 336, 72, 2, 0, 0.0, 2.0
398, 3, 493, 366, 491, 366, 2, 0, 0.0, 2.0
398, 5, 136, 334, 135, 335, 1, -1, -0.7853981633974483, 1.4142135623730951
398, 6, 191, 163, 190, 164, 1, -1, -0.7853981633974483, 1.4142135623730951
398, 9, 234, 70, 233, 71, 1, -1, -0.7853981633974483, 1.4142135623730951
398, 10, 127, 162, 126, 163, 1, -1, -0.7853981633974483, 1.4142135623730951
398, 11, 107, 185, 106, 186, 1, -1, -0.7853981633974483, 1.4142135623730951
398, 12, 260, 87, 259, 88, 1, -1, -0.7853981633974483, 1.4142135623730951
398, 16, 94, 155, 93, 156, 1, -1, -0.7853981633974483, 1.4142135623730951
398, 18, 77, 112, 76, 113, 1, -1, -0.7853981633974483, 1.4142135623730951
398, 19, 33, 71, 32, 72, 1, -1, -0.7853981633974483, 1.4142135623730951
398, 20, 205, 310, 204, 311, 1, -1, -0.7853981633974483, 1.4142135623730951
398, 22, 278, 103, 277, 104, 1, -1, -0.7853981633974483, 1.4142135623730951
398, 23, 387, 403, 384, 403, 3, 0, 0.0, 3.0
398, 24, 414, 392, 412, 393, 2, -1, -0.4636476090008061, 2.23606797749979
398, 25, 145, 405, 144, 406, 1, -1, -0.7853981633974483, 1.4142135623730951
398, 27, 155, 388, 154, 389, 1, -1, -0.7853981633974483, 1.4142135623730951
398, 28, 16, 312, 14, 312, 2, 0, 0.0, 2.0
398, 37, 14, 149, 13, 150, 1, -1, -0.7853981633974483, 1.4142135623730951
398, 39, 293, 123, 292, 124, 1, -1, -0.7853981633974483, 1.4142135623730951
398, 40, 388, 392, 384, 394, 4, -2, -0.4636476090008061, 4.47213595499958
398, 44, 353, 103, 351, 103, 2, 0, 0.0, 2.0
398, 45, 66, 74, 65, 75, 1, -1, -0.7853981633974483, 1.4142135623730951
398, 46, 106, 356, 105, 357, 1, -1, -0.7853981633974483, 1.4142135623730951
398, 47, 17, 342, 16, 343, 1, -1, -0.7853981633974483, 1.4142135623730951
398, 48, 94, 90, 93, 91, 1, -1, -0.7853981633974483, 1.4142135623730951
398, 49, 54, 324, 53, 325, 1, -1, -0.7853981633974483, 1.4142135623730951
398, 50, 46, 159, 44, 160, 2, -1, -0.4636476090008061, 2.23606797749979
398, 51, 9, 394, 8, 395, 1, -1, -0.7853981633974483, 1.4142135623730951
398, 54, 387, 372, 385, 372, 2, 0, 0.0, 2.0
398, 57, 230, 97, 228, 98, 2, -1, -0.4636476090008061, 2.23606797749979
398, 58, 327, 102, 326, 103, 1, -1, -0.7853981633974483, 1.4142135623730951
398, 59, 157, 380, 155, 381, 2, -1, -0.4636476090008061, 2.23606797749979
398, 67, 242, 154, 240, 156, 2, -2, -0.7853981633974483, 2.8284271247461903
399, 1, 12, 183, 11, 184, 1, -1, -0.7853981633974483, 1.4142135623730951
399, 2, 340, 71, 338, 72, 2, -1, -0.4636476090008061, 2.23606797749979
399, 3, 495, 366, 493, 366, 2, 0, 0.0, 2.0
399, 5, 137, 333, 136, 334, 1, -1, -0.7853981633974483, 1.4142135623730951
399, 7, 218, 127, 217, 128, 1, -1, -0.7853981633974483, 1.4142135623730951
399, 9, 235, 69, 234, 70, 1, -1, -0.7853981633974483, 1.4142135623730951
399, 10, 128, 161, 127, 162, 1, -1, -0.7853981633974483, 1.4142135623730951
399, 11, 108, 184, 107, 185, 1, -1, -0.7853981633974483, 1.4142135623730951
399, 12, 261, 86, 260, 87, 1, -1, -0.7853981633974483, 1.4142135623730951
399, 16, 95, 154, 94, 155, 1, -1, -0.7853981633974483, 1.4142135623730951
399, 18, 78, 110, 77, 112, 1, -2, -1.1071487177940904, 2.23606797749979
399, 19, 34, 70, 33, 71, 1, -1, -0.7853981633974483, 1.4142135623730951
399, 22, 279, 102, 278, 103, 1, -1, -0.7853981633974483, 1.4142135623730951
399, 23, 389, 403, 387, 403, 2, 0, 0.0, 2.0
399, 25, 146, 404, 145, 405, 1, -1, -0.7853981633974483, 1.4142135623730951
399, 26, 385, 76, 383, 77, 2, -1, -0.4636476090008061, 2.23606797749979
399, 29, 259, 94, 258, 95, 1, -1, -0.7853981633974483, 1.4142135623730951
399, 30, 54, 378, 53, 379, 1, -1, -0.7853981633974483, 1.4142135623730951
399, 36, 258, 348, 257, 349, 1, -1, -0.7853981633974483, 1.4142135623730951
399, 37, 16, 148, 14, 149, 2, -1, -0.4636476090008061, 2.23606797749979
399, 40, 390, 390, 388, 392, 2, -2, -0.7853981633974483, 2.8284271247461903
399, 43, 121, 381, 119, 382, 2, -1, -0.4636476090008061, 2.23606797749979
399, 45, 67, 73, 66, 74, 1, -1, -0.7853981633974483, 1.4142135623730951
399, 48, 95, 89, 94, 90, 1, -1, -0.7853981633974483, 1.4142135623730951
399, 50, 47, 157, 46, 159, 1, -2, -1.1071487177940904, 2.23606797749979
399, 54, 389, 371, 387, 372, 2, -1, -0.4636476090008061, 2.23606797749979
399, 56, 33, 401, 31, 402, 2, -1, -0.4636476090008061, 2.23606797749979
399, 57, 231, 96, 230, 97, 1, -1, -0.7853981633974483, 1.4142135623730951
399, 58, 328, 101, 327, 102, 1, -1, -0.7853981633974483, 1.4142135623730951
399, 59, 158, 379, 157, 380, 1, -1, -0.7853981633974483, 1.4142135623730951
399, 61, 183, 163, 182, 164, 1, -1, -0.7853981633974483, 1.4142135623730951
399, 63, 17, 125, 19, 126, -2, -1, -2.677945044588987, 2.23606797749979
399, 67, 244, 153, 242, 154, 2, -1, -0.4636476090008061, 2.23606797749979
400, 0, 221, 321, 220, 322, 1, -1, -0.7853981633974483, 1.4142135623730951
400, 3, 79, 114, 78, 115, 1, -1, -0.7853981633974483, 1.4142135623730951
400, 4, 10, 186, 9, 187, 1, -1, -0.7853981633974483, 1.4142135623730951
400, 5, 108, 184, 106, 185, 2, -1, -0.4636476090008061, 2.23606797749979
400, 6, 128, 161, 127, 162, 1, -1, -0.7853981633974483, 1.4142135623730951
400, 9, 338, 73, 335, 74, 3, -1, -0.3217505543966422, 3.1622776601683795
400, 13, 187, 161, 186, 162, 1, -1, -0.7853981633974483, 1.4142135623730951
400, 14, 260, 89, 259, 90, 1, -1, -0.7853981633974483, 1.4142135623730951
400, 17, 227, 317, 226, 318, 1, -1, -0.7853981633974483, 1.4142135623730951
400, 18, 197, 312, 195, 312, 2, 0, 0.0, 2.0
400, 20, 205, 107, 204, 108, 1, -1, -0.7853981633974483, 1.4142135623730951
400, 22, 115, 408, 113, 408, 2, 0, 0.0, 2.0
400, 25, 386, 400, 384, 401, 2, -1, -0.4636476090008061, 2.23606797749979
400, 26, 95, 159, 94, 160, 1, -1, -0.7853981633974483, 1.4142135623730951
400, 27, 237, 78, 236, 79, 1, -1, -0.7853981633974483, 1.4142135623730951
400, 28, 279, 106, 278, 107, 1, -1, -0.7853981633974483, 1.4142135623730951
400, 30, 386, 85, 384, 85, 2, 0, 0.0, 2.0
400, 32, 388, 373, 386, 374, 2, -1, -0.4636476090008061, 2.23606797749979
400, 34, 32, 406, 30, 406, 2, 0, 0.0, 2.0
400, 35, 35, 73, 34, 74, 1, -1, -0.7853981633974483, 1.4142135623730951
400, 36, 18, 314, 16, 315, 2, -1, -0.4636476090008061, 2.23606797749979
400, 37, 385, 77, 383, 78, 2, -1, -0.4636476090008061, 2.23606797749979
400, 38, 295, 125, 293, 126, 2, -1, -0.4636476090008061, 2.23606797749979
400, 40, 14, 84, 12, 84, 2, 0, 0.0, 2.0
400, 42, 265, 97, 264, 98, 1, -1, -0.7853981633974483, 1.4142135623730951
400, 43, 417, 399, 415, 399, 2, 0, 0.0, 2.0
401, 1, 237, 70, 236, 71, 1, -1, -0.7853981633974483, 1.4142135623730951
401, 3, 80, 113, 79, 114, 1, -1, -0.7853981633974483, 1.4142135623730951
401, 4, 11, 185, 10, 186, 1, -1, -0.7853981633974483, 1.4142135623730951
401, 5, 110, 183, 108, 184, 2, -1, -0.4636476090008061, 2.23606797749979
401, 6, 129, 160, 128, 161, 1, -1, -0.7853981633974483, 1.4142135623730951
401, 8, 147, 406, 146, 407, 1, -1, -0.7853981633974483, 1.4142135623730951
401, 9, 341, 72, 338, 73, 3, -1, -0.3217505543966422, 3.1622776601683795
401, 10, 137, 331, 136, 332, 1, -1, -0.7853981633974483, 1.4142135623730951
401, 11, 494, 369, 491, 368, 3, 1, 0.3217505543966422, 3.1622776601683795
401, 14, 261, 88, 260, 89, 1, -1, -0.7853981633974483, 1.4142135623730951
401, 19, 144, 120, 143, 121, 1, -1, -0.7853981633974483, 1.4142135623730951
401, 21, 16, 126, 15, 127, 1, -1, -0.7853981633974483, 1.4142135623730951
401, 23, 157, 386, 156, 387, 1, -1, -0.7853981633974483, 1.4142135623730951
401, 24, 43, 101, 42, 102, 1, -1, -0.7853981633974483, 1.4142135623730951
401, 25, 388, 399, 386, 400, 2, -1, -0.4636476090008061, 2.23606797749979
401, 26, 96, 158, 95, 159, 1, -1, -0.7853981633974483, 1.4142135623730951
401, 28, 280, 105, 279, 106, 1, -1, -0.7853981633974483, 1.4142135623730951
401, 29, 371, 124, 368, 125, 3, -1, -0.3217505543966422, 3.1622776601683795
401, 30, 387, 84, 386, 85, 1, -1, -0.7853981633974483, 1.4142135623730951
401, 32, 390, 372, 388, 373, 2, -1, -0.4636476090008061, 2.23606797749979
401, 35, 36, 72, 35, 73, 1, -1, -0.7853981633974483, 1.4142135623730951
401, 36, 19, 313, 18, 314, 1, -1, -0.7853981633974483, 1.4142135623730951
401, 37, 387, 76, 385, 77, 2, -1, -0.4636476090008061, 2.23606797749979
401, 38, 296, 124, 295, 125, 1, -1, -0.7853981633974483, 1.4142135623730951
401, 40, 16, 84, 14, 84, 2, 0, 0.0, 2.0
401, 41, 55, 351, 54, 352, 1, -1, -0.7853981633974483, 1.4142135623730951
401, 42, 266, 96, 265, 97, 1, -1, -0.7853981633974483, 1.4142135623730951
401, 43, 419, 399, 417, 399, 2, 0, 0.0, 2.0
402, 0, 223, 320, 222, 321, 1, -1, -0.7853981633974483, 1.4142135623730951
402, 3, 81, 112, 80, 113, 1, -1, -0.7853981633974483, 1.4142135623730951
402, 4, 12, 184, 11, 185, 1, -1, -0.7853981633974483, 1.4142135623730951
402, 5, 112, 182, 110, 183, 2, -1, -0.4636476090008061, 2.23606797749979
402, 8, 148, 405, 147, 406, 1, -1, -0.7853981633974483, 1.4142135623730951
402, 9, 343, 71, 341, 72, 2, -1, -0.4636476090008061, 2.23606797749979
402, 11, 497, 369, 494, 369, 3, 0, 0.0, 3.0
402, 12, 219, 129, 218, 130, 1, -1, -0.7853981633974483, 1.4142135623730951
402, 13, 188, 160, 187, 161, 1, -1, -0.7853981633974483, 1.4142135623730951
402, 14, 262, 87, 261, 88, 1, -1, -0.7853981633974483, 1.4142135623730951
402, 16, 348, 102, 347, 103, 1, -1, -0.7853981633974483, 1.4142135623730951
402, 19, 145, 119, 144, 120, 1, -1, -0.7853981633974483, 1.4142135623730951
402, 22, 117, 407, 116, 408, 1, -1, -0.7853981633974483, 1.4142135623730951
402, 24, 44, 100, 43, 101, 1, -1, -0.7853981633974483, 1.4142135623730951
402, 25, 390, 398, 388, 399, 2, -1, -0.4636476090008061, 2.23606797749979
402, 26, 97, 157, 96, 158, 1, -1, -0.7853981633974483, 1.4142135623730951
402, 29, 373, 124, 371, 124, 2, 0, 0.0, 2.0
402, 30, 388, 83, 387, 84, 1, -1, -0.7853981633974483, 1.4142135623730951
402, 31, 226, 135, 225, 136, 1, -1, -0.7853981633974483, 1.4142135623730951
402, 32, 391, 371, 390, 372, 1, -1, -0.7853981633974483, 1.4142135623730951
402, 35, 37, 71, 36, 72, 1, -1, -0.7853981633974483, 1.4142135623730951
402, 37, 389, 75, 387, 76, 2, -1, -0.4636476090008061, 2.23606797749979
402, 38, 297, 123, 296, 124, 1, -1, -0.7853981633974483, 1.4142135623730951
402, 39, 68, 74, 67, 75, 1, -1, -0.7853981633974483, 1.4142135623730951
402, 40, 17, 83, 16, 84, 1, -1, -0.7853981633974483, 1.4142135623730951
402, 41, 56, 350, 55, 351, 1, -1, -0.7853981633974483, 1.4142135623730951
402, 43, 420, 398, 419, 399, 1, -1, -0.7853981633974483, 1.4142135623730951
403, 4, 13, 183, 12, 184, 1, -1, -0.7853981633974483, 1.4142135623730951
403, 5, 114, 180, 112, 182, 2, -2, -0.7853981633974483, 2.8284271247461903
403, 9, 344, 70, 343, 71, 1, -1, -0.7853981633974483, 1.4142135623730951
403, 10, 139, 330, 138, 331, 1, -1, -0.7853981633974483, 1.4142135623730951
403, 11, 499, 368, 497, 369, 2, -1, -0.4636476090008061, 2.23606797749979
403, 13, 189, 159, 188, 160, 1, -1, -0.7853981633974483, 1.4142135623730951
403, 14, 263, 86, 262, 87, 1, -1, -0.7853981633974483, 1.4142135623730951
403, 16, 349, 101, 348, 102, 1, -1, -0.7853981633974483, 1.4142135623730951
403, 17, 229, 316, 228, 317, 1, -1, -0.7853981633974483, 1.4142135623730951
403, 20, 206, 104, 205, 105, 1, -1, -0.7853981633974483, 1.4142135623730951
403, 24, 45, 99, 44, 100, 1, -1, -0.7853981633974483, 1.4142135623730951
403, 25, 391, 397, 390, 398, 1, -1, -0.7853981633974483, 1.4142135623730951
403, 27, 239, 76, 238, 77, 1, -1, -0.7853981633974483, 1.4142135623730951
403, 28, 281, 103, 280, 104, 1, -1, -0.7853981633974483, 1.4142135623730951
403, 29, 375, 123, 373, 124, 2, -1, -0.4636476090008061, 2.23606797749979
403, 30, 390, 82, 388, 83, 2, -1, -0.4636476090008061, 2.23606797749979
403, 32, 393, 371, 391, 371, 2, 0, 0.0, 2.0
403, 33, 186, 376, 185, 377, 1, -1, -0.7853981633974483, 1.4142135623730951
403, 35, 38, 70, 37, 71, 1, -1, -0.7853981633974483, 1.4142135623730951
403, 37, 390, 74, 389, 75, 1, -1, -0.7853981633974483, 1.4142135623730951
403, 38, 299, 122, 297, 123, 2, -1, -0.4636476090008061, 2.23606797749979
403, 39, 69, 73, 68, 74, 1, -1, -0.7853981633974483, 1.4142135623730951
403, 40, 18, 82, 17, 83, 1, -1, -0.7853981633974483, 1.4142135623730951
403, 42, 267, 95, 266, 96, 1, -1, -0.7853981633974483, 1.4142135623730951
403, 43, 422, 398, 420, 398, 2, 0, 0.0, 2.0
404, 1, 240, 69, 239, 70, 1, -1, -0.7853981633974483, 1.4142135623730951
404, 3, 83, 111, 82, 112, 1, -1, -0.7853981633974483, 1.4142135623730951
404, 5, 116, 179, 114, 180, 2, -1, -0.4636476090008061, 2.23606797749979
404, 6, 131, 158, 130, 159, 1, -1, -0.7853981633974483, 1.4142135623730951
404, 9, 346, 69, 344, 70, 2, -1, -0.4636476090008061, 2.23606797749979
404, 11, 500, 367, 499, 368, 1, -1, -0.7853981633974483, 1.4142135623730951
404, 13, 190, 158, 189, 159, 1, -1, -0.7853981633974483, 1.4142135623730951
404, 16, 351, 100, 349, 101, 2, -1, -0.4636476090008061, 2.23606797749979
404, 18, 200, 311, 199, 312, 1, -1, -0.7853981633974483, 1.4142135623730951
404, 20, 207, 103, 206, 104, 1, -1, -0.7853981633974483, 1.4142135623730951
404, 21, 18, 124, 17, 125, 1, -1, -0.7853981633974483, 1.4142135623730951
404, 24, 46, 98, 45, 99, 1, -1, -0.7853981633974483, 1.4142135623730951
404, 25, 392, 396, 391, 397, 1, -1, -0.7853981633974483, 1.4142135623730951
404, 27, 240, 75, 239, 76, 1, -1, -0.7853981633974483, 1.4142135623730951
404, 28, 282, 102, 281, 103, 1, -1, -0.7853981633974483, 1.4142135623730951
404, 30, 392, 81, 390, 82, 2, -1, -0.4636476090008061, 2.23606797749979
404, 32, 395, 371, 393, 371, 2, 0, 0.0, 2.0
404, 33, 187, 375, 186, 376, 1, -1, -0.7853981633974483, 1.4142135623730951
404, 35, 39, 69, 38, 70, 1, -1, -0.7853981633974483, 1.4142135623730951
404, 36, 22, 312, 21, 313, 1, -1, -0.7853981633974483, 1.4142135623730951
404, 37, 391, 73, 390, 74, 1, -1, -0.7853981633974483, 1.4142135623730951
404, 38, 302, 120, 299, 122, 3, -2, -0.5880026035475675, 3.605551275463989
404, 40, 19, 81, 18, 82, 1, -1, -0.7853981633974483, 1.4142135623730951
404, 43, 423, 397, 422, 398, 1, -1, -0.7853981633974483, 1.4142135623730951
405, 2, 225, 321, 224, 322, 1, -1, -0.7853981633974483, 1.4142135623730951
405, 3, 344, 72, 342, 72, 2, 0, 0.0, 2.0
405, 4, 132, 162, 131, 163, 1, -1, -0.7853981633974483, 1.4142135623730951
405, 6, 16, 185, 14, 186, 2, -1, -0.4636476090008061, 2.23606797749979
405, 7, 150, 407, 149, 408, 1, -1, -0.7853981633974483, 1.4142135623730951
405, 9, 45, 106, 44, 107, 1, -1, -0.7853981633974483, 1.4142135623730951
405, 10, 146, 120, 145, 121, 1, -1, -0.7853981633974483, 1.4142135623730951
405, 11, 351, 103, 350, 104, 1, -1, -0.7853981633974483, 1.4142135623730951
405, 14, 71, 74, 70, 75, 1, -1, -0.7853981633974483, 1.4142135623730951
405, 15, 498, 367, 496, 368, 2, -1, -0.4636476090008061, 2.23606797749979
405, 16, 265, 88, 264, 89, 1, -1, -0.7853981633974483, 1.4142135623730951
405, 18, 160, 387, 159, 388, 1, -1, -0.7853981633974483, 1.4142135623730951
405, 20, 99, 157, 98, 158, 1, -1, -0.7853981633974483, 1.4142135623730951
405, 21, 208, 107, 207, 108, 1, -1, -0.7853981633974483, 1.4142135623730951
405, 24, 282, 105, 281, 106, 1, -1, -0.7853981633974483, 1.4142135623730951
405, 26, 189, 161, 188, 162, 1, -1, -0.7853981633974483, 1.4142135623730951
405, 28, 19, 125, 18, 126, 1, -1, -0.7853981633974483, 1.4142135623730951
405, 29, 390, 77, 388, 77, 2, 0, 0.0, 2.0
405, 30, 393, 374, 391, 374, 2, 0, 0.0, 2.0
405, 31, 61, 371, 59, 372, 2, -1, -0.4636476090008061, 2.23606797749979
405, 36, 422, 398, 420, 399, 2, -1, -0.4636476090008061, 2.23606797749979
405, 37, 22, 314, 20, 315, 2, -1, -0.4636476090008061, 2.23606797749979
405, 38, 6, 403, 4, 403, 2, 0, 0.0, 2.0
405, 39, 118, 407, 117, 408, 1, -1, -0.7853981633974483, 1.4142135623730951
405, 41, 60, 350, 58, 351, 2, -1, -0.4636476090008061, 2.23606797749979
405, 42, 18, 82, 17, 83, 1, -1, -0.7853981633974483, 1.4142135623730951
405, 45, 444, 353, 443, 354, 1, -1, -0.7853981633974483, 1.4142135623730951
405, 46, 36, 72, 35, 73, 1, -1, -0.7853981633974483, 1.4142135623730951
405, 50, 49, 161, 48, 162, 1, -1, -0.7853981633974483, 1.4142135623730951
405, 51, 325, 100, 324, 101, 1, -1, -0.7853981633974483, 1.4142135623730951
405, 52, 17, 151, 16, 152, 1, -1, -0.7853981633974483, 1.4142135623730951
406, 1, 288, 69, 287, 70, 1, -1, -0.7853981633974483, 1.4142135623730951
406, 4, 133, 161, 132, 162, 1, -1, -0.7853981633974483, 1.4142135623730951
406, 6, 17, 184, 16, 185, 1, -1, -0.7853981633974483, 1.4142135623730951
406, 7, 151, 406, 150, 407, 1, -1, -0.7853981633974483, 1.4142135623730951
406, 8, 84, 113, 83, 114, 1, -1, -0.7853981633974483, 1.4142135623730951
406, 11, 353, 102, 351, 103, 2, -1, -0.4636476090008061, 2.23606797749979
406, 12, 115, 183, 113, 184, 2, -1, -0.4636476090008061, 2.23606797749979
406, 15, 500, 366, 498, 367, 2, -1, -0.4636476090008061, 2.23606797749979
406, 16, 266, 87, 265, 88, 1, -1, -0.7853981633974483, 1.4142135623730951
406, 17, 210, 305, 209, 306, 1, -1, -0.7853981633974483, 1.4142135623730951
406, 18, 161, 386, 160, 387, 1, -1, -0.7853981633974483, 1.4142135623730951
406, 19, 38, 405, 36, 405, 2, 0, 0.0, 2.0
406, 21, 209, 106, 208, 107, 1, -1, -0.7853981633974483, 1.4142135623730951
406, 23, 265, 351, 263, 351, 2, 0, 0.0, 2.0
406, 24, 283, 103, 282, 105, 1, -2, -1.1071487177940904, 2.23606797749979
406, 26, 190, 160, 189, 161, 1, -1, -0.7853981633974483, 1.4142135623730951
406, 29, 392, 77, 390, 77, 2, 0, 0.0, 2.0
406, 31, 63, 370, 61, 371, 2, -1, -0.4636476090008061, 2.23606797749979
406, 34, 198, 146, 197, 147, 1, -1, -0.7853981633974483, 1.4142135623730951
406, 35, 170, 315, 168, 315, 2, 0, 0.0, 2.0
406, 36, 423, 397, 422, 398, 1, -1, -0.7853981633974483, 1.4142135623730951
406, 39, 119, 406, 118, 407, 1, -1, -0.7853981633974483, 1.4142135623730951
406, 41, 61, 349, 60, 350, 1, -1, -0.7853981633974483, 1.4142135623730951
406, 42, 19, 81, 18, 82, 1, -1, -0.7853981633974483, 1.4142135623730951
406, 44, 6, 74, 5, 75, 1, -1, -0.7853981633974483, 1.4142135623730951
406, 45, 446, 352, 444, 353, 2, -1, -0.4636476090008061, 2.23606797749979
406, 46, 37, 71, 36, 72, 1, -1, -0.7853981633974483, 1.4142135623730951
406, 50, 50, 160, 49, 161, 1, -1, -0.7853981633974483, 1.4142135623730951
406, 51, 326, 99, 325, 100, 1, -1, -0.7853981633974483, 1.4142135623730951
407, 1, 289, 68, 288, 69, 1, -1, -0.7853981633974483, 1.4142135623730951
407, 4, 134, 160, 133, 161, 1, -1, -0.7853981633974483, 1.4142135623730951
407, 6, 18, 183, 17, 184, 1, -1, -0.7853981633974483, 1.4142135623730951
407, 8, 85, 112, 84, 113, 1, -1, -0.7853981633974483, 1.4142135623730951
407, 9, 47, 105, 46, 106, 1, -1, -0.7853981633974483, 1.4142135623730951
407, 11, 355, 101, 353, 102, 2, -1, -0.4636476090008061, 2.23606797749979
407, 12, 117, 182, 115, 183, 2, -1, -0.4636476090008061, 2.23606797749979
407, 15, 503, 365, 500, 366, 3, -1, -0.3217505543966422, 3.1622776601683795
407, 16, 267, 86, 266, 87, 1, -1, -0.7853981633974483, 1.4142135623730951
407, 20, 100, 155, 99, 156, 1, -1, -0.7853981633974483, 1.4142135623730951
407, 21, 210, 105, 209, 106, 1, -1, -0.7853981633974483, 1.4142135623730951
407, 24, 284, 102, 283, 103, 1, -1, -0.7853981633974483, 1.4142135623730951
407, 26, 191, 159, 190, 160, 1, -1, -0.7853981633974483, 1.4142135623730951
407, 30, 396, 373, 394, 374, 2, -1, -0.4636476090008061, 2.23606797749979
407, 31, 65, 370, 63, 370, 2, 0, 0.0, 2.0
407, 32, 132, 339, 130, 339, 2, 0, 0.0, 2.0
407, 33, 61, 326, 60, 327, 1, -1, -0.7853981633974483, 1.4142135623730951
407, 34, 199, 145, 198, 146, 1, -1, -0.7853981633974483, 1.4142135623730951
407, 36, 425, 397, 423, 397, 2, 0, 0.0, 2.0
407, 38, 8, 402, 7, 403, 1, -1, -0.7853981633974483, 1.4142135623730951
407, 44, 7, 73, 6, 74, 1, -1, -0.7853981633974483, 1.4142135623730951
407, 45, 448, 351, 446, 352, 2, -1, -0.4636476090008061, 2.23606797749979
407, 50, 51, 159, 50, 160, 1, -1, -0.7853981633974483, 1.4142135623730951
407, 51, 327, 98, 326, 99, 1, -1, -0.7853981633974483, 1.4142135623730951
408, 1, 290, 67, 289, 68, 1, -1, -0.7853981633974483, 1.4142135623730951
408, 4, 135, 159, 134, 160, 1, -1, -0.7853981633974483, 1.4142135623730951
408, 8, 86, 111, 85, 112, 1, -1, -0.7853981633974483, 1.4142135623730951
408, 9, 48, 104, 47, 105, 1, -1, -0.7853981633974483, 1.4142135623730951
408, 11, 357, 101, 355, 101, 2, 0, 0.0, 2.0
408, 12, 119, 181, 117, 182, 2, -1, -0.4636476090008061, 2.23606797749979
408, 15, 505, 364, 503, 365, 2, -1, -0.4636476090008061, 2.23606797749979
408, 16, 268, 85, 267, 86, 1, -1, -0.7853981633974483, 1.4142135623730951
408, 18, 163, 385, 162, 386, 1, -1, -0.7853981633974483, 1.4142135623730951
408, 21, 211, 104, 210, 105, 1, -1, -0.7853981633974483, 1.4142135623730951
408, 23, 266, 350, 265, 351, 1, -1, -0.7853981633974483, 1.4142135623730951
408, 25, 203, 312, 202, 313, 1, -1, -0.7853981633974483, 1.4142135623730951
408, 26, 192, 158, 191, 159, 1, -1, -0.7853981633974483, 1.4142135623730951
408, 30, 397, 372, 396, 373, 1, -1, -0.7853981633974483, 1.4142135623730951
408, 31, 67, 370, 65, 370, 2, 0, 0.0, 2.0
408, 35, 172, 314, 171, 315, 1, -1, -0.7853981633974483, 1.4142135623730951
408, 36, 427, 397, 425, 397, 2, 0, 0.0, 2.0
408, 37, 25, 313, 24, 314, 1, -1, -0.7853981633974483, 1.4142135623730951
408, 38, 10, 402, 8, 402, 2, 0, 0.0, 2.0
408, 39, 121, 405, 120, 406, 1, -1, -0.7853981633974483, 1.4142135623730951
408, 41, 62, 347, 61, 348, 1, -1, -0.7853981633974483, 1.4142135623730951
408, 44, 8, 72, 7, 73, 1, -1, -0.7853981633974483, 1.4142135623730951
408, 45, 451, 349, 448, 351, 3, -2, -0.5880026035475675, 3.605551275463989
408, 46, 40, 71, 38, 71, 2, 0, 0.0, 2.0
408, 52, 21, 151, 19, 151, 2, 0, 0.0, 2.0
409, 6, 20, 182, 19, 183, 1, -1, -0.7853981633974483, 1.4142135623730951
409, 9, 49, 103, 48, 104, 1, -1, -0.7853981633974483, 1.4142135623730951
409, 10, 148, 117, 147, 118, 1, -1, -0.7853981633974483, 1.4142135623730951
409, 11, 359, 101, 357, 101, 2, 0, 0.0, 2.0
409, 12, 120, 180, 119, 181, 1, -1, -0.7853981633974483, 1.4142135623730951
409, 14, 76, 73, 74, 74, 2, -1, -0.4636476090008061, 2.23606797749979
409, 15, 507, 364, 505, 364, 2, 0, 0.0, 2.0
409, 19, 42, 405, 40, 405, 2, 0, 0.0, 2.0
409, 21, 212, 103, 211, 104, 1, -1, -0.7853981633974483, 1.4142135623730951
409, 22, 396, 402, 394, 402, 2, 0, 0.0, 2.0
409, 23, 267, 349, 266, 350, 1, -1, -0.7853981633974483, 1.4142135623730951
409, 24, 286, 101, 285, 102, 1, -1, -0.7853981633974483, 1.4142135623730951
409, 27, 142, 328, 140, 328, 2, 0, 0.0, 2.0
409, 30, 399, 372, 397, 372, 2, 0, 0.0, 2.0
409, 31, 68, 369, 67, 370, 1, -1, -0.7853981633974483, 1.4142135623730951
409, 36, 429, 397, 427, 397, 2, 0, 0.0, 2.0
409, 37, 26, 312, 25, 313, 1, -1, -0.7853981633974483, 1.4142135623730951
409, 38, 12, 402, 10, 402, 2, 0, 0.0, 2.0
409, 44, 9, 71, 8, 72, 1, -1, -0.7853981633974483, 1.4142135623730951
409, 45, 454, 348, 451, 349, 3, -1, -0.3217505543966422, 3.1622776601683795
409, 49, 270, 134, 269, 135, 1, -1, -0.7853981633974483, 1.4142135623730951
409, 50, 55, 159, 52, 159, 3, 0, 0.0, 3.0
409, 51, 329, 97, 328, 98, 1, -1, -0.7853981633974483, 1.4142135623730951
409, 52, 23, 151, 21, 151, 2, 0, 0.0, 2.0
410, 1, 291, 69, 290, 70, 1, -1, -0.7853981633974483, 1.4142135623730951
410, 3, 21, 184, 19, 185, 2, -1, -0.4636476090008061, 2.23606797749979
410, 5, 88, 111, 86, 112, 2, -1, -0.4636476090008061, 2.23606797749979
410, 6, 119, 182, 117, 183, 2, -1, -0.4636476090008061, 2.23606797749979
410, 8, 51, 102, 50, 103, 1, -1, -0.7853981633974483, 1.4142135623730951
410, 10, 506, 367, 503, 367, 3, 0, 0.0, 3.0
410, 13, 137, 161, 135, 161, 2, 0, 0.0, 2.0
410, 14, 399, 404, 397, 405, 2, -1, -0.4636476090008061, 2.23606797749979
410, 16, 149, 120, 148, 121, 1, -1, -0.7853981633974483, 1.4142135623730951
410, 17, 7, 403, 6, 404, 1, -1, -0.7853981633974483, 1.4142135623730951
410, 20, 102, 157, 101, 158, 1, -1, -0.7853981633974483, 1.4142135623730951
410, 21, 427, 395, 425, 395, 2, 0, 0.0, 2.0
410, 23, 396, 77, 394, 77, 2, 0, 0.0, 2.0
410, 24, 305, 124, 303, 124, 2, 0, 0.0, 2.0
410, 27, 193, 160, 192, 161, 1, -1, -0.7853981633974483, 1.4142135623730951
410, 28, 398, 373, 396, 374, 2, -1, -0.4636476090008061, 2.23606797749979
410, 30, 275, 93, 274, 94, 1, -1, -0.7853981633974483, 1.4142135623730951
410, 31, 42, 406, 40, 406, 2, 0, 0.0, 2.0
410, 33, 23, 84, 21, 84, 2, 0, 0.0, 2.0
410, 35, 360, 103, 357, 104, 3, -1, -0.3217505543966422, 3.1622776601683795
410, 40, 184, 129, 183, 130, 1, -1, -0.7853981633974483, 1.4142135623730951
410, 42, 387, 125, 385, 126, 2, -1, -0.4636476090008061, 2.23606797749979
410, 43, 287, 103, 286, 104, 1, -1, -0.7853981633974483, 1.4142135623730951
410, 44, 122, 408, 121, 409, 1, -1, -0.7853981633974483, 1.4142135623730951
410, 51, 19, 373, 17, 373, 2, 0, 0.0, 2.0
410, 52, 241, 79, 239, 80, 2, -1, -0.4636476090008061, 2.23606797749979
410, 56, 23, 151, 22, 152, 1, -1, -0.7853981633974483, 1.4142135623730951
410, 57, 30, 344, 28, 344, 2, 0, 0.0, 2.0
410, 60, 171, 316, 170, 317, 1, -1, -0.7853981633974483, 1.4142135623730951
410, 62, 393, 398, 392, 399, 1, -1, -0.7853981633974483, 1.4142135623730951
410, 63, 285, 377, 284, 378, 1, -1, -0.7853981633974483, 1.4142135623730951
410, 64, 61, 380, 59, 381, 2, -1, -0.4636476090008061, 2.23606797749979
410, 65, 118, 139, 117, 140, 1, -1, -0.7853981633974483, 1.4142135623730951
410, 66, 94, 116, 93, 117, 1, -1, -0.7853981633974483, 1.4142135623730951
410, 70, 78, 163, 77, 164, 1, -1, -0.7853981633974483, 1.4142135623730951
410, 71, 128, 182, 126, 183, 2, -1, -0.4636476090008061, 2.23606797749979
410, 80, 84, 82, 83, 83, 1, -1, -0.7853981633974483, 1.4142135623730951
410, 82, 404, 347, 402, 347, 2, 0, 0.0, 2.0
410, 84, 266, 98, 264, 99, 2, -1, -0.4636476090008061, 2.23606797749979
411, 1, 292, 68, 291, 69, 1, -1, -0.7853981633974483, 1.4142135623730951
411, 2, 244, 71, 243, 72, 1, -1, -0.7853981633974483, 1.4142135623730951
411, 3, 23, 183, 21, 184, 2, -1, -0.4636476090008061, 2.23606797749979
411, 4, 352, 71, 348, 72, 4, -1, -0.24497866312686414, 4.123105625617661
411, 5, 89, 110, 88, 111, 1, -1, -0.7853981633974483, 1.4142135623730951
411, 6, 120, 181, 119, 182, 1, -1, -0.7853981633974483, 1.4142135623730951
411, 10, 508, 367, 506, 367, 2, 0, 0.0, 2.0
411, 12, 154, 407, 153, 408, 1, -1, -0.7853981633974483, 1.4142135623730951
411, 14, 401, 403, 399, 404, 2, -1, -0.4636476090008061, 2.23606797749979
411, 15, 270, 87, 269, 89, 1, -2, -1.1071487177940904, 2.23606797749979
411, 16, 150, 119, 149, 120, 1, -1, -0.7853981633974483, 1.4142135623730951
411, 17, 8, 402, 7, 403, 1, -1, -0.7853981633974483, 1.4142135623730951
411, 20, 103, 156, 102, 157, 1, -1, -0.7853981633974483, 1.4142135623730951
411, 21, 429, 394, 427, 395, 2, -1, -0.4636476090008061, 2.23606797749979
411, 23, 399, 76, 396, 77, 3, -1, -0.3217505543966422, 3.1622776601683795
411, 24, 306, 123, 305, 124, 1, -1, -0.7853981633974483, 1.4142135623730951
411, 27, 194, 159, 193, 160, 1, -1, -0.7853981633974483, 1.4142135623730951
411, 28, 400, 372, 398, 373, 2, -1, -0.4636476090008061, 2.23606797749979
411, 34, 77, 75, 76, 76, 1, -1, -0.7853981633974483, 1.4142135623730951
411, 36, 296, 352, 295, 353, 1, -1, -0.7853981633974483, 1.4142135623730951
411, 37, 179, 107, 177, 105, 2, 2, 0.7853981633974483, 2.8284271247461903
411, 39, 189, 124, 188, 125, 1, -1, -0.7853981633974483, 1.4142135623730951
411, 42, 388, 124, 387, 125, 1, -1, -0.7853981633974483, 1.4142135623730951
411, 43, 288, 102, 287, 103, 1, -1, -0.7853981633974483, 1.4142135623730951
411, 45, 41, 73, 40, 74, 1, -1, -0.7853981633974483, 1.4142135623730951
411, 48, 214, 145, 212, 144, 2, 1, 0.4636476090008061, 2.23606797749979
411, 50, 89, 345, 88, 344, 1, 1, 0.7853981633974483, 1.4142135623730951
411, 51, 21, 373, 19, 373, 2, 0, 0.0, 2.0
411, 52, 242, 78, 241, 79, 1, -1, -0.7853981633974483, 1.4142135623730951
411, 55, 133, 136, 132, 137, 1, -1, -0.7853981633974483, 1.4142135623730951
411, 56, 24, 150, 23, 151, 1, -1, -0.7853981633974483, 1.4142135623730951
411, 60, 172, 315, 171, 316, 1, -1, -0.7853981633974483, 1.4142135623730951
411, 62, 394, 397, 393, 398, 1, -1, -0.7853981633974483, 1.4142135623730951
411, 64, 63, 380, 61, 380, 2, 0, 0.0, 2.0
411, 65, 118, 137, 118, 139, 0, -2, -1.5707963267948966, 2.0
411, 66, 95, 115, 94, 116, 1, -1, -0.7853981633974483, 1.4142135623730951
411, 71, 129, 181, 128, 182, 1, -1, -0.7853981633974483, 1.4142135623730951
411, 73, 64, 348, 63, 349, 1, -1, -0.7853981633974483, 1.4142135623730951
411, 76, 237, 99, 236, 100, 1, -1, -0.7853981633974483, 1.4142135623730951
411, 77, 226, 139, 224, 139, 2, 0, 0.0, 2.0
411, 78, 29, 187, 28, 188, 1, -1, -0.7853981633974483, 1.4142135623730951
411, 82, 406, 347, 404, 347, 2, 0, 0.0, 2.0
411, 84, 268, 97, 266, 98, 2, -1, -0.4636476090008061, 2.23606797749979
412, 1, 293, 67, 292, 68, 1, -1, -0.7853981633974483, 1.4142135623730951
412, 2, 245, 70, 244, 71, 1, -1, -0.7853981633974483, 1.4142135623730951
412, 3, 24, 182, 23, 183, 1, -1, -0.7853981633974483, 1.4142135623730951
412, 5, 91, 109, 89, 110, 2, -1, -0.4636476090008061, 2.23606797749979
412, 6, 122, 180, 120, 181, 2, -1, -0.4636476090008061, 2.23606797749979
412, 8, 54, 102, 52, 102, 2, 0, 0.0, 2.0
412, 9, 206, 313, 205, 314, 1, -1, -0.7853981633974483, 1.4142135623730951
412, 11, 225, 128, 224, 129, 1, -1, -0.7853981633974483, 1.4142135623730951
412, 12, 159, 406, 154, 407, 5, -1, -0.19739555984988075, 5.0990195135927845
412, 14, 403, 402, 401, 403, 2, -1, -0.4636476090008061, 2.23606797749979
412, 15, 271, 86, 270, 87, 1, -1, -0.7853981633974483, 1.4142135623730951
412, 19, 26, 125, 25, 126, 1, -1, -0.7853981633974483, 1.4142135623730951
412, 20, 107, 154, 103, 156, 4, -2, -0.4636476090008061, 4.47213595499958
412, 21, 431, 394, 429, 394, 2, 0, 0.0, 2.0
412, 22, 235, 129, 234, 130, 1, -1, -0.7853981633974483, 1.4142135623730951
412, 24, 308, 123, 306, 123, 2, 0, 0.0, 2.0
412, 25, 168, 387, 164, 389, 4, -2, -0.4636476090008061, 4.47213595499958
412, 26, 212, 105, 211, 106, 1, -1, -0.7853981633974483, 1.4142135623730951
412, 28, 401, 371, 400, 372, 1, -1, -0.7853981633974483, 1.4142135623730951
412, 31, 45, 406, 43, 406, 2, 0, 0.0, 2.0
412, 32, 27, 314, 26, 315, 1, -1, -0.7853981633974483, 1.4142135623730951
412, 33, 26, 84, 24, 84, 2, 0, 0.0, 2.0
412, 34, 78, 74, 77, 75, 1, -1, -0.7853981633974483, 1.4142135623730951
412, 35, 363, 103, 361, 103, 2, 0, 0.0, 2.0
412, 36, 298, 351, 296, 352, 2, -1, -0.4636476090008061, 2.23606797749979
412, 37, 181, 107, 179, 107, 2, 0, 0.0, 2.0
412, 39, 190, 123, 189, 124, 1, -1, -0.7853981633974483, 1.4142135623730951
412, 42, 390, 123, 388, 124, 2, -1, -0.4636476090008061, 2.23606797749979
412, 43, 289, 101, 288, 102, 1, -1, -0.7853981633974483, 1.4142135623730951
412, 48, 215, 146, 214, 145, 1, 1, 0.7853981633974483, 1.4142135623730951
412, 54, 129, 383, 128, 384, 1, -1, -0.7853981633974483, 1.4142135623730951
412, 55, 134, 135, 133, 136, 1, -1, -0.7853981633974483, 1.4142135623730951
412, 58, 65, 326, 64, 327, 1, -1, -0.7853981633974483, 1.4142135623730951
412, 59, 200, 331, 199, 332, 1, -1, -0.7853981633974483, 1.4142135623730951
412, 60, 174, 315, 172, 315, 2, 0, 0.0, 2.0
412, 61, 135, 338, 133, 339, 2, -1, -0.4636476090008061, 2.23606797749979
412, 62, 395, 396, 394, 397, 1, -1, -0.7853981633974483, 1.4142135623730951
412, 63, 287, 376, 286, 377, 1, -1, -0.7853981633974483, 1.4142135623730951
412, 64, 65, 379, 63, 380, 2, -1, -0.4636476090008061, 2.23606797749979
412, 66, 96, 114, 95, 115, 1, -1, -0.7853981633974483, 1.4142135623730951
412, 67, 291, 108, 290, 109, 1, -1, -0.7853981633974483, 1.4142135623730951
412, 69, 334, 100, 333, 101, 1, -1, -0.7853981633974483, 1.4142135623730951
412, 70, 81, 163, 79, 163, 2, 0, 0.0, 2.0
412, 73, 65, 347, 64, 348, 1, -1, -0.7853981633974483, 1.4142135623730951
412, 74, 84, 171, 83, 172, 1, -1, -0.7853981633974483, 1.4142135623730951
412, 75, 296, 78, 295, 79, 1, -1, -0.7853981633974483, 1.4142135623730951
412, 77, 228, 139, 226, 139, 2, 0, 0.0, 2.0
412, 78, 30, 186, 29, 187, 1, -1, -0.7853981633974483, 1.4142135623730951
412, 80, 86, 81, 85, 82, 1, -1, -0.7853981633974483, 1.4142135623730951
412, 82, 408, 347, 406, 347, 2, 0, 0.0, 2.0
412, 84, 270, 96, 268, 97, 2, -1, -0.4636476090008061, 2.23606797749979
413, 1, 294, 66, 293, 67, 1, -1, -0.7853981633974483, 1.4142135623730951
413, 2, 246, 69, 245, 70, 1, -1, -0.7853981633974483, 1.4142135623730951
413, 3, 25, 181, 24, 182, 1, -1, -0.7853981633974483, 1.4142135623730951
413, 4, 355, 71, 353, 71, 2, 0, 0.0, 2.0
413, 5, 92, 108, 91, 109, 1, -1, -0.7853981633974483, 1.4142135623730951
413, 6, 123, 179, 122, 180, 1, -1, -0.7853981633974483, 1.4142135623730951
413, 11, 226, 127, 225, 128, 1, -1, -0.7853981633974483, 1.4142135623730951
413, 13, 139, 159, 138, 160, 1, -1, -0.7853981633974483, 1.4142135623730951
413, 14, 405, 401, 403, 402, 2, -1, -0.4636476090008061, 2.23606797749979
413, 15, 272, 85, 271, 86, 1, -1, -0.7853981633974483, 1.4142135623730951
413, 16, 152, 117, 150, 118, 2, -1, -0.4636476090008061, 2.23606797749979
413, 17, 10, 401, 9, 402, 1, -1, -0.7853981633974483, 1.4142135623730951
413, 19, 27, 124, 26, 125, 1, -1, -0.7853981633974483, 1.4142135623730951
413, 21, 433, 394, 431, 394, 2, 0, 0.0, 2.0
413, 23, 402, 76, 400, 76, 2, 0, 0.0, 2.0
413, 24, 310, 122, 308, 123, 2, -1, -0.4636476090008061, 2.23606797749979
413, 25, 169, 386, 168, 387, 1, -1, -0.7853981633974483, 1.4142135623730951
413, 28, 402, 370, 401, 371, 1, -1, -0.7853981633974483, 1.4142135623730951
413, 31, 47, 406, 45, 406, 2, 0, 0.0, 2.0
413, 33, 28, 84, 26, 84, 2, 0, 0.0, 2.0
413, 34, 79, 73, 78, 74, 1, -1, -0.7853981633974483, 1.4142135623730951
413, 35, 364, 102, 363, 103, 1, -1, -0.7853981633974483, 1.4142135623730951
413, 36, 300, 350, 298, 351, 2, -1, -0.4636476090008061, 2.23606797749979
413, 39, 191, 122, 190, 123, 1, -1, -0.7853981633974483, 1.4142135623730951
413, 42, 392, 122, 390, 123, 2, -1, -0.4636476090008061, 2.23606797749979
413, 43, 290, 100, 289, 101, 1, -1, -0.7853981633974483, 1.4142135623730951
413, 45, 43, 72, 42, 73, 1, -1, -0.7853981633974483, 1.4142135623730951
413, 47, 141, 165, 140, 166, 1, -1, -0.7853981633974483, 1.4142135623730951
413, 48, 217, 146, 215, 146, 2, 0, 0.0, 2.0
413, 55, 135, 134, 134, 135, 1, -1, -0.7853981633974483, 1.4142135623730951
413, 56, 25, 149, 24, 150, 1, -1, -0.7853981633974483, 1.4142135623730951
413, 58, 66, 325, 65, 326, 1, -1, -0.7853981633974483, 1.4142135623730951
413, 61, 136, 337, 135, 338, 1, -1, -0.7853981633974483, 1.4142135623730951
413, 62, 397, 395, 395, 396, 2, -1, -0.4636476090008061, 2.23606797749979
413, 63, 288, 375, 287, 376, 1, -1, -0.7853981633974483, 1.4142135623730951
413, 66, 97, 113, 96, 114, 1, -1, -0.7853981633974483, 1.4142135623730951
413, 69, 336, 99, 334, 100, 2, -1, -0.4636476090008061, 2.23606797749979
413, 74, 85, 170, 84, 171, 1, -1, -0.7853981633974483, 1.4142135623730951
413, 76, 238, 98, 237, 99, 1, -1, -0.7853981633974483, 1.4142135623730951
413, 77, 230, 139, 228, 139, 2, 0, 0.0, 2.0
413, 78, 31, 185, 30, 186, 1, -1, -0.7853981633974483, 1.4142135623730951
413, 79, 213, 393, 212, 394, 1, -1, -0.7853981633974483, 1.4142135623730951
413, 80, 87, 80, 86, 81, 1, -1, -0.7853981633974483, 1.4142135623730951
413, 81, 113, 73, 112, 74, 1, -1, -0.7853981633974483, 1.4142135623730951
413, 82, 411, 346, 408, 347, 3, -1, -0.3217505543966422, 3.1622776601683795
413, 83, 209, 305, 208, 306, 1, -1, -0.7853981633974483, 1.4142135623730951
413, 84, 271, 95, 270, 96, 1, -1, -0.7853981633974483, 1.4142135623730951
413, 85, 118, 357, 117, 358, 1, -1, -0.7853981633974483, 1.4142135623730951
414, 1, 295, 65, 294, 66, 1, -1, -0.7853981633974483, 1.4142135623730951
414, 2, 247, 68, 246, 69, 1, -1, -0.7853981633974483, 1.4142135623730951
414, 3, 26, 180, 25, 181, 1, -1, -0.7853981633974483, 1.4142135623730951
414, 4, 357, 71, 355, 71, 2, 0, 0.0, 2.0
414, 6, 124, 178, 123, 179, 1, -1, -0.7853981633974483, 1.4142135623730951
414, 7, 11, 100, 10, 101, 1, -1, -0.7853981633974483, 1.4142135623730951
414, 10, 512, 367, 510, 367, 2, 0, 0.0, 2.0
414, 11, 227, 126, 226, 127, 1, -1, -0.7853981633974483, 1.4142135623730951
414, 15, 273, 83, 272, 85, 1, -2, -1.1071487177940904, 2.23606797749979
414, 17, 11, 400, 10, 401, 1, -1, -0.7853981633974483, 1.4142135623730951
414, 19, 28, 123, 27, 124, 1, -1, -0.7853981633974483, 1.4142135623730951
414, 21, 434, 393, 433, 394, 1, -1, -0.7853981633974483, 1.4142135623730951
414, 23, 404, 76, 402, 76, 2, 0, 0.0, 2.0
414, 24, 312, 120, 310, 122, 2, -2, -0.7853981633974483, 2.8284271247461903
414, 28, 404, 370, 402, 370, 2, 0, 0.0, 2.0
414, 33, 29, 83, 28, 84, 1, -1, -0.7853981633974483, 1.4142135623730951
414, 34, 80, 72, 79, 73, 1, -1, -0.7853981633974483, 1.4142135623730951
414, 35, 365, 101, 364, 102, 1, -1, -0.7853981633974483, 1.4142135623730951
414, 36, 301, 349, 300, 350, 1, -1, -0.7853981633974483, 1.4142135623730951
414, 37, 183, 106, 182, 107, 1, -1, -0.7853981633974483, 1.4142135623730951
414, 42, 394, 122, 392, 122, 2, 0, 0.0, 2.0
414, 43, 291, 99, 290, 100, 1, -1, -0.7853981633974483, 1.4142135623730951
414, 44, 125, 406, 124, 407, 1, -1, -0.7853981633974483, 1.4142135623730951
414, 48, 220, 146, 217, 146, 3, 0, 0.0, 3.0
414, 52, 245, 77, 244, 78, 1, -1, -0.7853981633974483, 1.4142135623730951
414, 58, 68, 325, 66, 325, 2, 0, 0.0, 2.0
414, 61, 137, 336, 136, 337, 1, -1, -0.7853981633974483, 1.4142135623730951
414, 62, 399, 394, 397, 395, 2, -1, -0.4636476090008061, 2.23606797749979
414, 66, 292, 107, 291, 108, 1, -1, -0.7853981633974483, 1.4142135623730951
414, 68, 337, 98, 336, 99, 1, -1, -0.7853981633974483, 1.4142135623730951
414, 69, 83, 162, 82, 163, 1, -1, -0.7853981633974483, 1.4142135623730951
414, 72, 67, 346, 66, 347, 1, -1, -0.7853981633974483, 1.4142135623730951
414, 73, 86, 169, 85, 170, 1, -1, -0.7853981633974483, 1.4142135623730951
414, 76, 231, 138, 230, 139, 1, -1, -0.7853981633974483, 1.4142135623730951
414, 79, 89, 80, 87, 80, 2, 0, 0.0, 2.0
414, 80, 114, 72, 113, 73, 1, -1, -0.7853981633974483, 1.4142135623730951
414, 82, 211, 305, 209, 305, 2, 0, 0.0, 2.0
414, 83, 272, 94, 271, 95, 1, -1, -0.7853981633974483, 1.4142135623730951
414, 84, 119, 356, 118, 357, 1, -1, -0.7853981633974483, 1.4142135623730951
415, 0, 249, 71, 247, 71, 2, 0, 0.0, 2.0
415, 2, 296, 69, 295, 70, 1, -1, -0.7853981633974483, 1.4142135623730951
415, 3, 27, 184, 24, 185, 3, -1, -0.3217505543966422, 3.1622776601683795
415, 4, 123, 181, 122, 182, 1, -1, -0.7853981633974483, 1.4142135623730951
415, 5, 155, 119, 152, 120, 3, -1, -0.3217505543966422, 3.1622776601683795
415, 6, 273, 92, 272, 93, 1, -1, -0.7853981633974483, 1.4142135623730951
415, 8, 512, 367, 509, 367, 3, 0, 0.0, 3.0
415, 11, 232, 134, 231, 135, 1, -1, -0.7853981633974483, 1.4142135623730951
415, 13, 148, 336, 147, 337, 1, -1, -0.7853981633974483, 1.4142135623730951
415, 15, 207, 314, 206, 315, 1, -1, -0.7853981633974483, 1.4142135623730951
415, 16, 354, 73, 352, 73, 2, 0, 0.0, 2.0
415, 18, 127, 408, 126, 409, 1, -1, -0.7853981633974483, 1.4142135623730951
415, 19, 15, 73, 14, 74, 1, -1, -0.7853981633974483, 1.4142135623730951
415, 20, 133, 383, 130, 384, 3, -1, -0.3217505543966422, 3.1622776601683795
415, 22, 96, 112, 95, 113, 1, -1, -0.7853981633974483, 1.4142135623730951
415, 24, 138, 338, 137, 339, 1, -1, -0.7853981633974483, 1.4142135623730951
415, 27, 311, 125, 309, 125, 2, 0, 0.0, 2.0
415, 28, 290, 103, 289, 104, 1, -1, -0.7853981633974483, 1.4142135623730951
415, 29, 402, 82, 400, 82, 2, 0, 0.0, 2.0
415, 30, 167, 386, 166, 387, 1, -1, -0.7853981633974483, 1.4142135623730951
415, 31, 405, 404, 403, 405, 2, -1, -0.4636476090008061, 2.23606797749979
415, 35, 433, 395, 431, 395, 2, 0, 0.0, 2.0
415, 37, 313, 132, 310, 132, 3, 0, 0.0, 3.0
415, 38, 147, 310, 145, 310, 2, 0, 0.0, 2.0
415, 39, 302, 352, 300, 353, 2, -1, -0.4636476090008061, 2.23606797749979
415, 41, 58, 160, 57, 161, 1, -1, -0.7853981633974483, 1.4142135623730951
415, 42, 50, 73, 46, 74, 4, -1, -0.24497866312686414, 4.123105625617661
415, 43, 338, 104, 337, 105, 1, -1, -0.7853981633974483, 1.4142135623730951
415, 44, 34, 315, 29, 316, 5, -1, -0.19739555984988075, 5.0990195135927845
415, 46, 80, 75, 79, 76, 1, -1, -0.7853981633974483, 1.4142135623730951
415, 47, 57, 395, 55, 396, 2, -1, -0.4636476090008061, 2.23606797749979
415, 49, 85, 171, 83, 172, 2, -1, -0.4636476090008061, 2.23606797749979
415, 52, 47, 406, 45, 407, 2, -1, -0.4636476090008061, 2.23606797749979
415, 55, 403, 373, 401, 374, 2, -1, -0.4636476090008061, 2.23606797749979
415, 56, 132, 183, 130, 183, 2, 0, 0.0, 2.0
415, 59, 26, 82, 25, 83, 1, -1, -0.7853981633974483, 1.4142135623730951
415, 61, 110, 90, 105, 92, 5, -2, -0.3805063771123649, 5.385164807134504
415, 63, 86, 144, 85, 146, 1, -2, -1.1071487177940904, 2.23606797749979
415, 65, 28, 152, 26, 152, 2, 0, 0.0, 2.0
415, 66, 67, 346, 66, 347, 1, -1, -0.7853981633974483, 1.4142135623730951
415, 67, 142, 330, 140, 331, 2, -1, -0.4636476090008061, 2.23606797749979
415, 72, 349, 401, 347, 402, 2, -1, -0.4636476090008061, 2.23606797749979
416, 0, 251, 70, 249, 71, 2, -1, -0.4636476090008061, 2.23606797749979
416, 3, 30, 183, 27, 184, 3, -1, -0.3217505543966422, 3.1622776601683795
416, 4, 125, 182, 123, 181, 2, 1, 0.4636476090008061, 2.23606797749979
416, 6, 276, 92, 273, 92, 3, 0, 0.0, 3.0
416, 8, 516, 367, 512, 367, 4, 0, 0.0, 4.0
416, 9, 12, 107, 11, 106, 1, 1, 0.7853981633974483, 1.4142135623730951
416, 10, 53, 104, 54, 103, -1, 1, 2.356194490192345, 1.4142135623730951
416, 12, 14, 403, 12, 403, 2, 0, 0.0, 2.0
416, 13, 151, 335, 148, 336, 3, -1, -0.3217505543966422, 3.1622776601683795
416, 16, 356, 70, 354, 73, 2, -3, -0.982793723247329, 3.605551275463989
416, 17, 376, 102, 373, 102, 3, 0, 0.0, 3.0
416, 18, 128, 407, 127, 408, 1, -1, -0.7853981633974483, 1.4142135623730951
416, 19, 16, 72, 15, 73, 1, -1, -0.7853981633974483, 1.4142135623730951
416, 23, 197, 162, 195, 162, 2, 0, 0.0, 2.0
416, 29, 404, 83, 402, 82, 2, 1, 0.4636476090008061, 2.23606797749979
416, 31, 407, 404, 405, 404, 2, 0, 0.0, 2.0
416, 32, 109, 158, 107, 159, 2, -1, -0.4636476090008061, 2.23606797749979
416, 33, 10, 141, 8, 141, 2, 0, 0.0, 2.0
416, 34, 218, 308, 216, 309, 2, -1, -0.4636476090008061, 2.23606797749979
416, 35, 435, 396, 433, 395, 2, 1, 0.4636476090008061, 2.23606797749979
416, 37, 315, 130, 313, 132, 2, -2, -0.7853981633974483, 2.8284271247461903
416, 39, 305, 350, 302, 352, 3, -2, -0.5880026035475675, 3.605551275463989
416, 40, 238, 316, 236, 318, 2, -2, -0.7853981633974483, 2.8284271247461903
416, 45, 81, 74, 80, 75, 1, -1, -0.7853981633974483, 1.4142135623730951
416, 46, 58, 394, 57, 395, 1, -1, -0.7853981633974483, 1.4142135623730951
416, 47, 25, 376, 23, 375, 2, 1, 0.4636476090008061, 2.23606797749979
416, 48, 86, 169, 85, 171, 1, -2, -1.1071487177940904, 2.23606797749979
416, 49, 388, 126, 384, 125, 4, 1, 0.24497866312686414, 4.123105625617661
416, 50, 291, 378, 289, 379, 2, -1, -0.4636476090008061, 2.23606797749979
416, 51, 48, 405, 47, 406, 1, -1, -0.7853981633974483, 1.4142135623730951
416, 52, 193, 126, 191, 126, 2, 0, 0.0, 2.0
416, 53, 66, 381, 65, 382, 1, -1, -0.7853981633974483, 1.4142135623730951
416, 54, 406, 371, 403, 373, 3, -2, -0.5880026035475675, 3.605551275463989
416, 56, 252, 78, 252, 80, 0, -2, -1.5707963267948966, 2.0
416, 57, 69, 326, 67, 327, 2, -1, -0.4636476090008061, 2.23606797749979
416, 59, 270, 349, 269, 350, 1, -1, -0.7853981633974483, 1.4142135623730951
416, 61, 213, 392, 212, 393, 1, -1, -0.7853981633974483, 1.4142135623730951
416, 62, 87, 143, 86, 144, 1, -1, -0.7853981633974483, 1.4142135623730951
416, 64, 29, 151, 28, 152, 1, -1, -0.7853981633974483, 1.4142135623730951
416, 66, 144, 328, 142, 330, 2, -2, -0.7853981633974483, 2.8284271247461903
416, 67, 86, 166, 87, 164, -1, 2, 2.0344439357957027, 2.23606797749979
416, 69, 202, 165, 203, 164, -1, 1, 2.356194490192345, 1.4142135623730951
416, 71, 351, 400, 349, 401, 2, -1, -0.4636476090008061, 2.23606797749979
417, 3, 31, 182, 30, 183, 1, -1, -0.7853981633974483, 1.4142135623730951
417, 4, 126, 181, 125, 182, 1, -1, -0.7853981633974483, 1.4142135623730951
417, 5, 157, 118, 156, 119, 1, -1, -0.7853981633974483, 1.4142135623730951
417, 7, 141, 161, 140, 162, 1, -1, -0.7853981633974483, 1.4142135623730951
417, 8, 518, 367, 516, 367, 2, 0, 0.0, 2.0
417, 10, 54, 103, 53, 104, 1, -1, -0.7853981633974483, 1.4142135623730951
417, 11, 233, 132, 232, 133, 1, -1, -0.7853981633974483, 1.4142135623730951
417, 13, 152, 333, 151, 335, 1, -2, -1.1071487177940904, 2.23606797749979
417, 15, 208, 313, 207, 314, 1, -1, -0.7853981633974483, 1.4142135623730951
417, 16, 358, 70, 356, 70, 2, 0, 0.0, 2.0
417, 26, 28, 123, 27, 124, 1, -1, -0.7853981633974483, 1.4142135623730951
417, 29, 405, 82, 404, 83, 1, -1, -0.7853981633974483, 1.4142135623730951
417, 30, 168, 386, 167, 387, 1, -1, -0.7853981633974483, 1.4142135623730951
417, 31, 409, 403, 407, 404, 2, -1, -0.4636476090008061, 2.23606797749979
417, 35, 437, 396, 435, 396, 2, 0, 0.0, 2.0
417, 37, 317, 130, 315, 130, 2, 0, 0.0, 2.0
417, 39, 308, 351, 305, 350, 3, 1, 0.3217505543966422, 3.1622776601683795
417, 42, 52, 72, 51, 73, 1, -1, -0.7853981633974483, 1.4142135623730951
417, 43, 36, 314, 35, 315, 1, -1, -0.7853981633974483, 1.4142135623730951
417, 45, 83, 73, 81, 74, 2, -1, -0.4636476090008061, 2.23606797749979
417, 46, 60, 394, 58, 394, 2, 0, 0.0, 2.0
417, 48, 87, 168, 86, 169, 1, -1, -0.7853981633974483, 1.4142135623730951
417, 49, 390, 126, 388, 126, 2, 0, 0.0, 2.0
417, 50, 293, 378, 291, 378, 2, 0, 0.0, 2.0
417, 51, 50, 404, 48, 405, 2, -1, -0.4636476090008061, 2.23606797749979
417, 54, 408, 371, 406, 371, 2, 0, 0.0, 2.0
417, 57, 70, 325, 69, 326, 1, -1, -0.7853981633974483, 1.4142135623730951
417, 58, 28, 81, 27, 82, 1, -1, -0.7853981633974483, 1.4142135623730951
417, 60, 111, 89, 110, 90, 1, -1, -0.7853981633974483, 1.4142135623730951
417, 64, 30, 150, 29, 151, 1, -1, -0.7853981633974483, 1.4142135623730951
417, 65, 69, 346, 67, 346, 2, 0, 0.0, 2.0
417, 66, 146, 327, 144, 328, 2, -1, -0.4636476090008061, 2.23606797749979
417, 71, 353, 399, 351, 400, 2, -1, -0.4636476090008061, 2.23606797749979
418, 3, 33, 181, 31, 182, 2, -1, -0.4636476090008061, 2.23606797749979
418, 4, 127, 180, 126, 181, 1, -1, -0.7853981633974483, 1.4142135623730951
418, 6, 276, 90, 276, 92, 0, -2, -1.5707963267948966, 2.0
418, 7, 142, 160, 141, 161, 1, -1, -0.7853981633974483, 1.4142135623730951
418, 8, 520, 367, 518, 367, 2, 0, 0.0, 2.0
418, 12, 16, 402, 15, 403, 1, -1, -0.7853981633974483, 1.4142135623730951
418, 16, 360, 70, 358, 70, 2, 0, 0.0, 2.0
418, 18, 130, 406, 129, 407, 1, -1, -0.7853981633974483, 1.4142135623730951
418, 22, 98, 110, 97, 111, 1, -1, -0.7853981633974483, 1.4142135623730951
418, 26, 29, 122, 28, 123, 1, -1, -0.7853981633974483, 1.4142135623730951
418, 28, 292, 102, 291, 103, 1, -1, -0.7853981633974483, 1.4142135623730951
418, 29, 407, 82, 405, 82, 2, 0, 0.0, 2.0
418, 30, 169, 385, 168, 386, 1, -1, -0.7853981633974483, 1.4142135623730951
418, 31, 411, 402, 409, 403, 2, -1, -0.4636476090008061, 2.23606797749979
418, 35, 439, 395, 437, 396, 2, -1, -0.4636476090008061, 2.23606797749979
418, 36, 209, 333, 208, 332, 1, 1, 0.7853981633974483, 1.4142135623730951
418, 41, 61, 159, 60, 160, 1, -1, -0.7853981633974483, 1.4142135623730951
418, 44, 215, 142, 214, 143, 1, -1, -0.7853981633974483, 1.4142135623730951
418, 45, 84, 72, 83, 73, 1, -1, -0.7853981633974483, 1.4142135623730951
418, 46, 62, 394, 60, 394, 2, 0, 0.0, 2.0
418, 48, 88, 167, 87, 168, 1, -1, -0.7853981633974483, 1.4142135623730951
418, 49, 392, 126, 390, 126, 2, 0, 0.0, 2.0
418, 54, 410, 372, 408, 371, 2, 1, 0.4636476090008061, 2.23606797749979
418, 59, 272, 348, 271, 349, 1, -1, -0.7853981633974483, 1.4142135623730951
418, 62, 90, 142, 88, 143, 2, -1, -0.4636476090008061, 2.23606797749979
418, 65, 71, 346, 69, 346, 2, 0, 0.0, 2.0
418, 66, 148, 327, 146, 327, 2, 0, 0.0, 2.0
418, 67, 88, 165, 87, 166, 1, -1, -0.7853981633974483, 1.4142135623730951
418, 71, 355, 398, 353, 399, 2, -1, -0.4636476090008061, 2.23606797749979
419, 0, 253, 69, 252, 70, 1, -1, -0.7853981633974483, 1.4142135623730951
419, 1, 231, 322, 230, 323, 1, -1, -0.7853981633974483, 1.4142135623730951
419, 3, 34, 180, 33, 181, 1, -1, -0.7853981633974483, 1.4142135623730951
419, 4, 129, 179, 127, 180, 2, -1, -0.4636476090008061, 2.23606797749979
419, 6, 277, 89, 276, 90, 1, -1, -0.7853981633974483, 1.4142135623730951
419, 7, 143, 159, 142, 160, 1, -1, -0.7853981633974483, 1.4142135623730951
419, 8, 523, 366, 520, 367, 3, -1, -0.3217505543966422, 3.1622776601683795
419, 11, 235, 131, 234, 132, 1, -1, -0.7853981633974483, 1.4142135623730951
419, 12, 17, 401, 16, 402, 1, -1, -0.7853981633974483, 1.4142135623730951
419, 15, 209, 312, 208, 313, 1, -1, -0.7853981633974483, 1.4142135623730951
419, 16, 363, 69, 360, 70, 3, -1, -0.3217505543966422, 3.1622776601683795
419, 20, 136, 382, 135, 383, 1, -1, -0.7853981633974483, 1.4142135623730951
419, 22, 99, 109, 98, 110, 1, -1, -0.7853981633974483, 1.4142135623730951
419, 24, 142, 337, 141, 338, 1, -1, -0.7853981633974483, 1.4142135623730951
419, 29, 408, 81, 407, 82, 1, -1, -0.7853981633974483, 1.4142135623730951
419, 31, 413, 401, 411, 402, 2, -1, -0.4636476090008061, 2.23606797749979
419, 32, 112, 157, 111, 158, 1, -1, -0.7853981633974483, 1.4142135623730951
419, 35, 441, 395, 439, 395, 2, 0, 0.0, 2.0
419, 37, 320, 130, 318, 130, 2, 0, 0.0, 2.0
419, 41, 62, 158, 61, 159, 1, -1, -0.7853981633974483, 1.4142135623730951
419, 45, 85, 71, 84, 72, 1, -1, -0.7853981633974483, 1.4142135623730951
419, 49, 394, 125, 392, 126, 2, -1, -0.4636476090008061, 2.23606797749979
419, 54, 412, 372, 410, 372, 2, 0, 0.0, 2.0
419, 60, 112, 88, 111, 89, 1, -1, -0.7853981633974483, 1.4142135623730951
419, 62, 91, 141, 90, 142, 1, -1, -0.7853981633974483, 1.4142135623730951
419, 63, 96, 344, 95, 345, 1, -1, -0.7853981633974483, 1.4142135623730951
419, 68, 249, 157, 247, 158, 2, -1, -0.4636476090008061, 2.23606797749979
419, 69, 204, 166, 203, 165, 1, 1, 0.7853981633974483, 1.4142135623730951
419, 71, 356, 397, 355, 398, 1, -1, -0.7853981633974483, 1.4142135623730951
420, 1, 31, 183, 30, 184, 1, -1, -0.7853981633974483, 1.4142135623730951
420, 7, 128, 181, 127, 182, 1, -1, -0.7853981633974483, 1.4142135623730951
420, 8, 518, 367, 517, 368, 1, -1, -0.7853981633974483, 1.4142135623730951
420, 9, 131, 408, 130, 409, 1, -1, -0.7853981633974483, 1.4142135623730951
420, 15, 361, 71, 359, 72, 2, -1, -0.4636476090008061, 2.23606797749979
420, 16, 111, 157, 110, 158, 1, -1, -0.7853981633974483, 1.4142135623730951
420, 18, 20, 404, 16, 404, 4, 0, 0.0, 4.0
420, 20, 275, 350, 272, 350, 3, 0, 0.0, 3.0
420, 21, 238, 136, 237, 137, 1, -1, -0.7853981633974483, 1.4142135623730951
420, 22, 276, 84, 275, 85, 1, -1, -0.7853981633974483, 1.4142135623730951
420, 23, 316, 127, 314, 127, 2, 0, 0.0, 2.0
420, 25, 194, 405, 191, 406, 3, -1, -0.3217505543966422, 3.1622776601683795
420, 27, 161, 407, 160, 408, 1, -1, -0.7853981633974483, 1.4142135623730951
420, 28, 439, 395, 437, 396, 2, -1, -0.4636476090008061, 2.23606797749979
420, 29, 97, 111, 96, 112, 1, -1, -0.7853981633974483, 1.4142135623730951
420, 31, 87, 74, 83, 75, 4, -1, -0.24497866312686414, 4.123105625617661
420, 34, 37, 187, 36, 188, 1, -1, -0.7853981633974483, 1.4142135623730951
420, 36, 410, 78, 408, 79, 2, -1, -0.4636476090008061, 2.23606797749979
420, 40, 12, 139, 11, 140, 1, -1, -0.7853981633974483, 1.4142135623730951
420, 41, 373, 348, 372, 347, 1, 1, 0.7853981633974483, 1.4142135623730951
421, 1, 32, 182, 31, 183, 1, -1, -0.7853981633974483, 1.4142135623730951
421, 8, 520, 366, 518, 367, 2, -1, -0.4636476090008061, 2.23606797749979
421, 9, 132, 407, 131, 408, 1, -1, -0.7853981633974483, 1.4142135623730951
421, 12, 412, 402, 410, 403, 2, -1, -0.4636476090008061, 2.23606797749979
421, 15, 363, 70, 361, 71, 2, -1, -0.4636476090008061, 2.23606797749979
421, 17, 19, 73, 18, 74, 1, -1, -0.7853981633974483, 1.4142135623730951
421, 18, 21, 403, 20, 404, 1, -1, -0.7853981633974483, 1.4142135623730951
421, 23, 317, 126, 316, 127, 1, -1, -0.7853981633974483, 1.4142135623730951
421, 24, 200, 162, 199, 163, 1, -1, -0.7853981633974483, 1.4142135623730951
421, 26, 247, 98, 245, 98, 2, 0, 0.0, 2.0
421, 28, 441, 395, 439, 395, 2, 0, 0.0, 2.0
421, 29, 98, 110, 97, 111, 1, -1, -0.7853981633974483, 1.4142135623730951
421, 31, 89, 73, 87, 74, 2, -1, -0.4636476090008061, 2.23606797749979
421, 32, 52, 405, 51, 406, 1, -1, -0.7853981633974483, 1.4142135623730951
421, 34, 38, 186, 37, 187, 1, -1, -0.7853981633974483, 1.4142135623730951
421, 36, 412, 77, 410, 78, 2, -1, -0.4636476090008061, 2.23606797749979
421, 41, 375, 349, 373, 348, 2, 1, 0.4636476090008061, 2.23606797749979
422, 1, 34, 181, 32, 182, 2, -1, -0.4636476090008061, 2.23606797749979
422, 2, 252, 69, 251, 70, 1, -1, -0.7853981633974483, 1.4142135623730951
422, 3, 157, 117, 156, 118, 1, -1, -0.7853981633974483, 1.4142135623730951
422, 7, 130, 180, 129, 181, 1, -1, -0.7853981633974483, 1.4142135623730951
422, 8, 523, 366, 520, 366, 3, 0, 0.0, 3.0
422, 11, 147, 161, 145, 162, 2, -1, -0.4636476090008061, 2.23606797749979
422, 12, 414, 401, 412, 402, 2, -1, -0.4636476090008061, 2.23606797749979
422, 15, 365, 69, 363, 70, 2, -1, -0.4636476090008061, 2.23606797749979
422, 16, 112, 155, 111, 156, 1, -1, -0.7853981633974483, 1.4142135623730951
422, 17, 20, 72, 19, 73, 1, -1, -0.7853981633974483, 1.4142135623730951
422, 18, 23, 402, 21, 403, 2, -1, -0.4636476090008061, 2.23606797749979
422, 23, 319, 125, 317, 126, 2, -1, -0.4636476090008061, 2.23606797749979
422, 25, 195, 403, 194, 404, 1, -1, -0.7853981633974483, 1.4142135623730951
422, 26, 248, 97, 247, 98, 1, -1, -0.7853981633974483, 1.4142135623730951
422, 28, 443, 394, 441, 395, 2, -1, -0.4636476090008061, 2.23606797749979
422, 29, 99, 109, 98, 110, 1, -1, -0.7853981633974483, 1.4142135623730951
422, 30, 296, 103, 295, 104, 1, -1, -0.7853981633974483, 1.4142135623730951
422, 31, 90, 72, 89, 73, 1, -1, -0.7853981633974483, 1.4142135623730951
422, 32, 53, 404, 52, 405, 1, -1, -0.7853981633974483, 1.4142135623730951
422, 34, 39, 185, 38, 186, 1, -1, -0.7853981633974483, 1.4142135623730951
422, 36, 414, 76, 412, 77, 2, -1, -0.4636476090008061, 2.23606797749979
422, 39, 37, 315, 36, 316, 1, -1, -0.7853981633974483, 1.4142135623730951
422, 41, 377, 349, 375, 349, 2, 0, 0.0, 2.0
423, 0, 235, 323, 234, 324, 1, -1, -0.7853981633974483, 1.4142135623730951
423, 1, 36, 180, 34, 181, 2, -1, -0.4636476090008061, 2.23606797749979
423, 2, 253, 68, 252, 69, 1, -1, -0.7853981633974483, 1.4142135623730951
423, 3, 158, 115, 157, 117, 1, -2, -1.1071487177940904, 2.23606797749979
423, 5, 301, 68, 300, 69, 1, -1, -0.7853981633974483, 1.4142135623730951
423, 7, 131, 179, 130, 180, 1, -1, -0.7853981633974483, 1.4142135623730951
423, 8, 525, 364, 523, 366, 2, -2, -0.7853981633974483, 2.8284271247461903
423, 12, 415, 400, 414, 401, 1, -1, -0.7853981633974483, 1.4142135623730951
423, 17, 21, 71, 20, 72, 1, -1, -0.7853981633974483, 1.4142135623730951
423, 18, 24, 401, 23, 402, 1, -1, -0.7853981633974483, 1.4142135623730951
423, 21, 241, 135, 240, 136, 1, -1, -0.7853981633974483, 1.4142135623730951
423, 23, 321, 124, 319, 125, 2, -1, -0.4636476090008061, 2.23606797749979
423, 24, 202, 161, 201, 162, 1, -1, -0.7853981633974483, 1.4142135623730951
423, 29, 100, 108, 99, 109, 1, -1, -0.7853981633974483, 1.4142135623730951
423, 30, 298, 102, 296, 103, 2, -1, -0.4636476090008061, 2.23606797749979
423, 31, 92, 71, 90, 72, 2, -1, -0.4636476090008061, 2.23606797749979
423, 32, 54, 403, 53, 404, 1, -1, -0.7853981633974483, 1.4142135623730951
423, 34, 40, 184, 39, 185, 1, -1, -0.7853981633974483, 1.4142135623730951
423, 36, 416, 76, 414, 76, 2, 0, 0.0, 2.0
423, 37, 65, 396, 63, 397, 2, -1, -0.4636476090008061, 2.23606797749979
424, 1, 38, 178, 36, 180, 2, -2, -0.7853981633974483, 2.8284271247461903
424, 3, 159, 114, 158, 115, 1, -1, -0.7853981633974483, 1.4142135623730951
424, 7, 133, 176, 131, 179, 2, -3, -0.982793723247329, 3.605551275463989
424, 8, 528, 363, 525, 364, 3, -1, -0.3217505543966422, 3.1622776601683795
424, 11, 149, 159, 148, 161, 1, -2, -1.1071487177940904, 2.23606797749979
424, 12, 416, 399, 415, 400, 1, -1, -0.7853981633974483, 1.4142135623730951
424, 15, 368, 69, 366, 69, 2, 0, 0.0, 2.0
424, 16, 113, 153, 112, 154, 1, -1, -0.7853981633974483, 1.4142135623730951
424, 17, 23, 70, 21, 71, 2, -1, -0.4636476090008061, 2.23606797749979
424, 18, 26, 400, 24, 401, 2, -1, -0.4636476090008061, 2.23606797749979
424, 21, 242, 134, 241, 135, 1, -1, -0.7853981633974483, 1.4142135623730951
424, 22, 279, 82, 278, 83, 1, -1, -0.7853981633974483, 1.4142135623730951
424, 23, 324, 123, 321, 124, 3, -1, -0.3217505543966422, 3.1622776601683795
424, 24, 203, 159, 202, 161, 1, -2, -1.1071487177940904, 2.23606797749979
424, 27, 164, 405, 163, 406, 1, -1, -0.7853981633974483, 1.4142135623730951
424, 28, 446, 394, 444, 394, 2, 0, 0.0, 2.0
424, 29, 101, 107, 100, 108, 1, -1, -0.7853981633974483, 1.4142135623730951
424, 30, 299, 101, 298, 102, 1, -1, -0.7853981633974483, 1.4142135623730951
424, 31, 93, 70, 92, 71, 1, -1, -0.7853981633974483, 1.4142135623730951
424, 32, 55, 402, 54, 403, 1, -1, -0.7853981633974483, 1.4142135623730951
424, 33, 60, 107, 59, 108, 1, -1, -0.7853981633974483, 1.4142135623730951
424, 34, 41, 183, 40, 184, 1, -1, -0.7853981633974483, 1.4142135623730951
424, 35, 220, 106, 218, 108, 2, -2, -0.7853981633974483, 2.8284271247461903
424, 36, 417, 75, 416, 76, 1, -1, -0.7853981633974483, 1.4142135623730951
424, 37, 66, 395, 65, 396, 1, -1, -0.7853981633974483, 1.4142135623730951
424, 39, 39, 314, 38, 315, 1, -1, -0.7853981633974483, 1.4142135623730951
425, 1, 255, 71, 254, 72, 1, -1, -0.7853981633974483, 1.4142135623730951
425, 3, 40, 182, 38, 183, 2, -1, -0.4636476090008061, 2.23606797749979
425, 5, 133, 180, 132, 181, 1, -1, -0.7853981633974483, 1.4142135623730951
425, 6, 148, 160, 147, 161, 1, -1, -0.7853981633974483, 1.4142135623730951
425, 9, 146, 339, 145, 340, 1, -1, -0.7853981633974483, 1.4142135623730951
425, 11, 525, 366, 523, 367, 2, -1, -0.4636476090008061, 2.23606797749979
425, 13, 114, 155, 113, 156, 1, -1, -0.7853981633974483, 1.4142135623730951
425, 16, 323, 124, 320, 125, 3, -1, -0.3217505543966422, 3.1622776601683795
425, 17, 416, 405, 414, 405, 2, 0, 0.0, 2.0
425, 18, 222, 146, 221, 145, 1, 1, 0.7853981633974483, 1.4142135623730951
425, 20, 76, 348, 75, 349, 1, -1, -0.7853981633974483, 1.4142135623730951
425, 21, 195, 405, 194, 406, 1, -1, -0.7853981633974483, 1.4142135623730951
425, 25, 277, 94, 276, 95, 1, -1, -0.7853981633974483, 1.4142135623730951
425, 26, 22, 73, 21, 74, 1, -1, -0.7853981633974483, 1.4142135623730951
425, 27, 444, 395, 443, 396, 1, -1, -0.7853981633974483, 1.4142135623730951
425, 29, 101, 111, 100, 112, 1, -1, -0.7853981633974483, 1.4142135623730951
425, 30, 92, 75, 90, 75, 2, 0, 0.0, 2.0
425, 31, 23, 403, 22, 404, 1, -1, -0.7853981633974483, 1.4142135623730951
425, 32, 164, 407, 163, 408, 1, -1, -0.7853981633974483, 1.4142135623730951
425, 33, 378, 106, 377, 107, 1, -1, -0.7853981633974483, 1.4142135623730951
425, 34, 34, 121, 33, 122, 1, -1, -0.7853981633974483, 1.4142135623730951
425, 35, 371, 75, 369, 75, 2, 0, 0.0, 2.0
425, 37, 142, 185, 140, 186, 2, -1, -0.4636476090008061, 2.23606797749979
425, 38, 158, 168, 156, 169, 2, -1, -0.4636476090008061, 2.23606797749979
425, 39, 298, 103, 297, 104, 1, -1, -0.7853981633974483, 1.4142135623730951
425, 41, 174, 385, 173, 386, 1, -1, -0.7853981633974483, 1.4142135623730951
425, 44, 323, 402, 321, 403, 2, -1, -0.4636476090008061, 2.23606797749979
425, 46, 13, 303, 12, 304, 1, -1, -0.7853981633974483, 1.4142135623730951
425, 50, 67, 396, 66, 397, 1, -1, -0.7853981633974483, 1.4142135623730951
425, 57, 382, 100, 381, 101, 1, -1, -0.7853981633974483, 1.4142135623730951
425, 58, 469, 353, 467, 354, 2, -1, -0.4636476090008061, 2.23606797749979
425, 59, 209, 167, 208, 168, 1, -1, -0.7853981633974483, 1.4142135623730951
425, 63, 100, 344, 99, 345, 1, -1, -0.7853981633974483, 1.4142135623730951
425, 64, 242, 135, 241, 136, 1, -1, -0.7853981633974483, 1.4142135623730951
425, 65, 74, 380, 72, 381, 2, -1, -0.4636476090008061, 2.23606797749979
425, 68, 56, 405, 55, 406, 1, -1, -0.7853981633974483, 1.4142135623730951
426, 1, 256, 70, 255, 71, 1, -1, -0.7853981633974483, 1.4142135623730951
426, 2, 160, 115, 159, 117, 1, -2, -1.1071487177940904, 2.23606797749979
426, 3, 41, 181, 40, 182, 1, -1, -0.7853981633974483, 1.4142135623730951
426, 4, 305, 69, 304, 70, 1, -1, -0.7853981633974483, 1.4142135623730951
426, 5, 134, 179, 133, 180, 1, -1, -0.7853981633974483, 1.4142135623730951
426, 6, 150, 159, 148, 160, 2, -1, -0.4636476090008061, 2.23606797749979
426, 11, 527, 366, 525, 366, 2, 0, 0.0, 2.0
426, 12, 279, 83, 278, 84, 1, -1, -0.7853981633974483, 1.4142135623730951
426, 13, 115, 154, 114, 155, 1, -1, -0.7853981633974483, 1.4142135623730951
426, 16, 324, 123, 323, 124, 1, -1, -0.7853981633974483, 1.4142135623730951
426, 17, 421, 403, 416, 405, 5, -2, -0.3805063771123649, 5.385164807134504
426, 20, 77, 347, 76, 348, 1, -1, -0.7853981633974483, 1.4142135623730951
426, 25, 278, 93, 277, 94, 1, -1, -0.7853981633974483, 1.4142135623730951
426, 26, 23, 72, 22, 73, 1, -1, -0.7853981633974483, 1.4142135623730951
426, 27, 446, 395, 444, 395, 2, 0, 0.0, 2.0
426, 29, 102, 110, 101, 111, 1, -1, -0.7853981633974483, 1.4142135623730951
426, 33, 379, 105, 378, 106, 1, -1, -0.7853981633974483, 1.4142135623730951
426, 36, 402, 125, 400, 125, 2, 0, 0.0, 2.0
426, 37, 143, 184, 142, 185, 1, -1, -0.7853981633974483, 1.4142135623730951
426, 38, 159, 165, 158, 168, 1, -3, -1.2490457723982544, 3.1622776601683795
426, 44, 325, 402, 323, 402, 2, 0, 0.0, 2.0
426, 47, 225, 312, 224, 313, 1, -1, -0.7853981633974483, 1.4142135623730951
426, 50, 68, 395, 67, 396, 1, -1, -0.7853981633974483, 1.4142135623730951
426, 51, 40, 315, 39, 316, 1, -1, -0.7853981633974483, 1.4142135623730951
426, 52, 62, 106, 61, 107, 1, -1, -0.7853981633974483, 1.4142135623730951
426, 53, 478, 352, 477, 353, 1, -1, -0.7853981633974483, 1.4142135623730951
426, 57, 383, 99, 382, 100, 1, -1, -0.7853981633974483, 1.4142135623730951
426, 58, 471, 352, 469, 353, 2, -1, -0.4636476090008061, 2.23606797749979
426, 59, 210, 166, 209, 167, 1, -1, -0.7853981633974483, 1.4142135623730951
426, 63, 101, 343, 100, 344, 1, -1, -0.7853981633974483, 1.4142135623730951
426, 64, 243, 134, 242, 135, 1, -1, -0.7853981633974483, 1.4142135623730951
426, 65, 75, 379, 74, 380, 1, -1, -0.7853981633974483, 1.4142135623730951
426, 67, 114, 166, 112, 166, 2, 0, 0.0, 2.0
426, 68, 57, 404, 56, 405, 1, -1, -0.7853981633974483, 1.4142135623730951
427, 1, 257, 69, 256, 70, 1, -1, -0.7853981633974483, 1.4142135623730951
427, 2, 161, 114, 160, 115, 1, -1, -0.7853981633974483, 1.4142135623730951
427, 3, 42, 180, 41, 181, 1, -1, -0.7853981633974483, 1.4142135623730951
427, 4, 308, 68, 305, 69, 3, -1, -0.3217505543966422, 3.1622776601683795
427, 5, 135, 178, 134, 179, 1, -1, -0.7853981633974483, 1.4142135623730951
427, 6, 151, 158, 150, 159, 1, -1, -0.7853981633974483, 1.4142135623730951
427, 7, 142, 408, 136, 408, 6, 0, 0.0, 6.0
427, 11, 529, 365, 527, 366, 2, -1, -0.4636476090008061, 2.23606797749979
427, 13, 116, 153, 115, 154, 1, -1, -0.7853981633974483, 1.4142135623730951
427, 15, 159, 334, 158, 335, 1, -1, -0.7853981633974483, 1.4142135623730951
427, 16, 326, 121, 324, 123, 2, -2, -0.7853981633974483, 2.8284271247461903
427, 17, 423, 403, 421, 403, 2, 0, 0.0, 2.0
427, 19, 218, 149, 216, 150, 2, -1, -0.4636476090008061, 2.23606797749979
427, 20, 78, 346, 77, 347, 1, -1, -0.7853981633974483, 1.4142135623730951
427, 22, 235, 133, 234, 134, 1, -1, -0.7853981633974483, 1.4142135623730951
427, 25, 279, 92, 278, 93, 1, -1, -0.7853981633974483, 1.4142135623730951
427, 26, 27, 71, 23, 72, 4, -1, -0.24497866312686414, 4.123105625617661
427, 27, 448, 394, 446, 395, 2, -1, -0.4636476090008061, 2.23606797749979
427, 28, 187, 109, 184, 109, 3, 0, 0.0, 3.0
427, 29, 103, 109, 102, 110, 1, -1, -0.7853981633974483, 1.4142135623730951
427, 31, 26, 403, 24, 403, 2, 0, 0.0, 2.0
427, 33, 382, 105, 379, 105, 3, 0, 0.0, 3.0
427, 34, 36, 122, 35, 121, 1, 1, 0.7853981633974483, 1.4142135623730951
427, 35, 373, 75, 371, 75, 2, 0, 0.0, 2.0
427, 36, 403, 124, 402, 125, 1, -1, -0.7853981633974483, 1.4142135623730951
427, 37, 144, 182, 143, 184, 1, -2, -1.1071487177940904, 2.23606797749979
427, 38, 160, 164, 159, 165, 1, -1, -0.7853981633974483, 1.4142135623730951
427, 39, 302, 102, 299, 103, 3, -1, -0.3217505543966422, 3.1622776601683795
427, 43, 19, 140, 18, 139, 1, 1, 0.7853981633974483, 1.4142135623730951
427, 44, 327, 401, 325, 402, 2, -1, -0.4636476090008061, 2.23606797749979
427, 48, 185, 322, 184, 323, 1, -1, -0.7853981633974483, 1.4142135623730951
427, 49, 201, 378, 200, 379, 1, -1, -0.7853981633974483, 1.4142135623730951
427, 50, 69, 394, 68, 395, 1, -1, -0.7853981633974483, 1.4142135623730951
427, 51, 41, 314, 40, 315, 1, -1, -0.7853981633974483, 1.4142135623730951
427, 52, 63, 105, 62, 106, 1, -1, -0.7853981633974483, 1.4142135623730951
427, 53, 480, 352, 478, 352, 2, 0, 0.0, 2.0
427, 56, 9, 94, 8, 95, 1, -1, -0.7853981633974483, 1.4142135623730951
427, 57, 386, 98, 383, 99, 3, -1, -0.3217505543966422, 3.1622776601683795
427, 59, 211, 165, 210, 166, 1, -1, -0.7853981633974483, 1.4142135623730951
427, 65, 77, 378, 75, 379, 2, -1, -0.4636476090008061, 2.23606797749979
427, 67, 115, 165, 114, 166, 1, -1, -0.7853981633974483, 1.4142135623730951
427, 68, 62, 403, 57, 404, 5, -1, -0.19739555984988075, 5.0990195135927845
428, 3, 43, 179, 42, 180, 1, -1, -0.7853981633974483, 1.4142135623730951
428, 6, 152, 157, 151, 158, 1, -1, -0.7853981633974483, 1.4142135623730951
428, 9, 149, 339, 147, 339, 2, 0, 0.0, 2.0
428, 11, 531, 364, 529, 365, 2, -1, -0.4636476090008061, 2.23606797749979
428, 13, 117, 152, 116, 153, 1, -1, -0.7853981633974483, 1.4142135623730951
428, 16, 328, 120, 326, 121, 2, -1, -0.4636476090008061, 2.23606797749979
428, 19, 219, 148, 218, 149, 1, -1, -0.7853981633974483, 1.4142135623730951
428, 22, 236, 132, 235, 133, 1, -1, -0.7853981633974483, 1.4142135623730951
428, 23, 193, 109, 192, 108, 1, 1, 0.7853981633974483, 1.4142135623730951
428, 26, 29, 70, 27, 71, 2, -1, -0.4636476090008061, 2.23606797749979
428, 27, 450, 393, 448, 394, 2, -1, -0.4636476090008061, 2.23606797749979
428, 29, 104, 108, 103, 109, 1, -1, -0.7853981633974483, 1.4142135623730951
428, 30, 95, 74, 94, 75, 1, -1, -0.7853981633974483, 1.4142135623730951
428, 32, 167, 406, 166, 407, 1, -1, -0.7853981633974483, 1.4142135623730951
428, 33, 384, 104, 382, 105, 2, -1, -0.4636476090008061, 2.23606797749979
428, 36, 405, 123, 403, 124, 2, -1, -0.4636476090008061, 2.23606797749979
428, 37, 145, 181, 144, 182, 1, -1, -0.7853981633974483, 1.4142135623730951
428, 38, 162, 163, 160, 164, 2, -1, -0.4636476090008061, 2.23606797749979
428, 39, 304, 102, 302, 102, 2, 0, 0.0, 2.0
428, 41, 176, 383, 175, 384, 1, -1, -0.7853981633974483, 1.4142135623730951
428, 44, 329, 401, 327, 401, 2, 0, 0.0, 2.0
428, 50, 71, 393, 69, 394, 2, -1, -0.4636476090008061, 2.23606797749979
428, 51, 42, 313, 41, 314, 1, -1, -0.7853981633974483, 1.4142135623730951
428, 52, 64, 104, 63, 105, 1, -1, -0.7853981633974483, 1.4142135623730951
428, 53, 481, 351, 480, 352, 1, -1, -0.7853981633974483, 1.4142135623730951
428, 57, 388, 97, 386, 98, 2, -1, -0.4636476090008061, 2.23606797749979
428, 58, 474, 351, 472, 352, 2, -1, -0.4636476090008061, 2.23606797749979
428, 62, 215, 335, 214, 336, 1, -1, -0.7853981633974483, 1.4142135623730951
428, 66, 139, 381, 138, 382, 1, -1, -0.7853981633974483, 1.4142135623730951
428, 68, 63, 402, 62, 403, 1, -1, -0.7853981633974483, 1.4142135623730951
429, 2, 162, 112, 161, 113, 1, -1, -0.7853981633974483, 1.4142135623730951
429, 3, 44, 178, 43, 179, 1, -1, -0.7853981633974483, 1.4142135623730951
429, 5, 137, 177, 136, 178, 1, -1, -0.7853981633974483, 1.4142135623730951
429, 7, 143, 407, 142, 408, 1, -1, -0.7853981633974483, 1.4142135623730951
429, 11, 532, 363, 531, 364, 1, -1, -0.7853981633974483, 1.4142135623730951
429, 13, 118, 151, 117, 152, 1, -1, -0.7853981633974483, 1.4142135623730951
429, 14, 238, 127, 237, 128, 1, -1, -0.7853981633974483, 1.4142135623730951
429, 16, 330, 119, 328, 120, 2, -1, -0.4636476090008061, 2.23606797749979
429, 17, 425, 402, 424, 403, 1, -1, -0.7853981633974483, 1.4142135623730951
429, 18, 224, 146, 223, 147, 1, -1, -0.7853981633974483, 1.4142135623730951
429, 19, 220, 147, 219, 148, 1, -1, -0.7853981633974483, 1.4142135623730951
429, 20, 81, 346, 79, 346, 2, 0, 0.0, 2.0
429, 23, 195, 108, 193, 109, 2, -1, -0.4636476090008061, 2.23606797749979
429, 25, 281, 91, 280, 92, 1, -1, -0.7853981633974483, 1.4142135623730951
429, 26, 31, 69, 29, 70, 2, -1, -0.4636476090008061, 2.23606797749979
429, 27, 452, 393, 450, 393, 2, 0, 0.0, 2.0
429, 28, 189, 108, 188, 109, 1, -1, -0.7853981633974483, 1.4142135623730951
429, 33, 386, 103, 384, 104, 2, -1, -0.4636476090008061, 2.23606797749979
429, 36, 408, 122, 405, 123, 3, -1, -0.3217505543966422, 3.1622776601683795
429, 37, 147, 180, 145, 181, 2, -1, -0.4636476090008061, 2.23606797749979
429, 38, 163, 162, 162, 163, 1, -1, -0.7853981633974483, 1.4142135623730951
429, 40, 284, 349, 282, 349, 2, 0, 0.0, 2.0
429, 44, 330, 400, 329, 401, 1, -1, -0.7853981633974483, 1.4142135623730951
429, 46, 17, 302, 16, 303, 1, -1, -0.7853981633974483, 1.4142135623730951
429, 48, 187, 321, 186, 322, 1, -1, -0.7853981633974483, 1.4142135623730951
429, 49, 203, 377, 202, 378, 1, -1, -0.7853981633974483, 1.4142135623730951
429, 50, 73, 393, 71, 393, 2, 0, 0.0, 2.0
429, 52, 65, 103, 64, 104, 1, -1, -0.7853981633974483, 1.4142135623730951
429, 53, 480, 349, 481, 351, -1, -2, -2.0344439357957027, 2.23606797749979
429, 54, 418, 76, 417, 77, 1, -1, -0.7853981633974483, 1.4142135623730951
429, 57, 390, 97, 388, 97, 2, 0, 0.0, 2.0
429, 58, 476, 350, 474, 351, 2, -1, -0.4636476090008061, 2.23606797749979
429, 62, 216, 334, 215, 335, 1, -1, -0.7853981633974483, 1.4142135623730951
429, 66, 140, 380, 139, 381, 1, -1, -0.7853981633974483, 1.4142135623730951
429, 68, 65, 401, 63, 402, 2, -1, -0.4636476090008061, 2.23606797749979
430, 1, 164, 115, 163, 116, 1, -1, -0.7853981633974483, 1.4142135623730951
430, 3, 259, 69, 258, 70, 1, -1, -0.7853981633974483, 1.4142135623730951
430, 4, 40, 180, 39, 181, 1, -1, -0.7853981633974483, 1.4142135623730951
430, 5, 371, 70, 369, 70, 2, 0, 0.0, 2.0
430, 6, 383, 107, 381, 107, 2, 0, 0.0, 2.0
430, 8, 283, 84, 282, 85, 1, -1, -0.7853981633974483, 1.4142135623730951
430, 9, 237, 128, 236, 129, 1, -1, -0.7853981633974483, 1.4142135623730951
430, 11, 167, 407, 166, 408, 1, -1, -0.7853981633974483, 1.4142135623730951
430, 12, 532, 368, 530, 368, 2, 0, 0.0, 2.0
430, 16, 326, 123, 325, 124, 1, -1, -0.7853981633974483, 1.4142135623730951
430, 20, 424, 404, 422, 405, 2, -1, -0.4636476090008061, 2.23606797749979
430, 22, 117, 155, 116, 156, 1, -1, -0.7853981633974483, 1.4142135623730951
430, 23, 450, 395, 449, 396, 1, -1, -0.7853981633974483, 1.4142135623730951
430, 27, 65, 106, 64, 107, 1, -1, -0.7853981633974483, 1.4142135623730951
430, 33, 177, 384, 176, 385, 1, -1, -0.7853981633974483, 1.4142135623730951
430, 37, 60, 73, 59, 74, 1, -1, -0.7853981633974483, 1.4142135623730951
430, 40, 188, 324, 186, 324, 2, 0, 0.0, 2.0
430, 41, 202, 126, 201, 127, 1, -1, -0.7853981633974483, 1.4142135623730951
430, 42, 79, 351, 78, 352, 1, -1, -0.7853981633974483, 1.4142135623730951
430, 43, 223, 148, 222, 149, 1, -1, -0.7853981633974483, 1.4142135623730951
430, 44, 117, 92, 116, 93, 1, -1, -0.7853981633974483, 1.4142135623730951
430, 45, 63, 405, 61, 406, 2, -1, -0.4636476090008061, 2.23606797749979
430, 46, 252, 97, 251, 99, 1, -2, -1.1071487177940904, 2.23606797749979
430, 50, 418, 78, 416, 78, 2, 0, 0.0, 2.0
430, 53, 38, 83, 36, 83, 2, 0, 0.0, 2.0
430, 55, 408, 123, 406, 124, 2, -1, -0.4636476090008061, 2.23606797749979
430, 58, 458, 127, 457, 128, 1, -1, -0.7853981633974483, 1.4142135623730951
430, 60, 79, 372, 78, 373, 1, -1, -0.7853981633974483, 1.4142135623730951
430, 62, 21, 106, 20, 107, 1, -1, -0.7853981633974483, 1.4142135623730951
430, 63, 204, 379, 203, 380, 1, -1, -0.7853981633974483, 1.4142135623730951
430, 64, 92, 165, 91, 166, 1, -1, -0.7853981633974483, 1.4142135623730951
430, 65, 321, 351, 320, 352, 1, -1, -0.7853981633974483, 1.4142135623730951
430, 67, 412, 396, 411, 397, 1, -1, -0.7853981633974483, 1.4142135623730951
430, 70, 49, 186, 48, 187, 1, -1, -0.7853981633974483, 1.4142135623730951
430, 71, 299, 383, 298, 382, 1, 1, 0.7853981633974483, 1.4142135623730951
430, 74, 351, 103, 350, 104, 1, -1, -0.7853981633974483, 1.4142135623730951
430, 75, 498, 116, 495, 117, 3, -1, -0.3217505543966422, 3.1622776601683795
430, 76, 334, 398, 332, 399, 2, -1, -0.4636476090008061, 2.23606797749979
430, 77, 81, 381, 80, 382, 1, -1, -0.7853981633974483, 1.4142135623730951
430, 79, 36, 396, 35, 397, 1, -1, -0.7853981633974483, 1.4142135623730951
431, 4, 41, 179, 40, 180, 1, -1, -0.7853981633974483, 1.4142135623730951
431, 8, 284, 83, 283, 84, 1, -1, -0.7853981633974483, 1.4142135623730951
431, 11, 168, 406, 167, 407, 1, -1, -0.7853981633974483, 1.4142135623730951
431, 12, 534, 368, 532, 368, 2, 0, 0.0, 2.0
431, 16, 328, 123, 326, 123, 2, 0, 0.0, 2.0
431, 19, 265, 143, 265, 145, 0, -2, -1.5707963267948966, 2.0
431, 20, 426, 403, 424, 404, 2, -1, -0.4636476090008061, 2.23606797749979
431, 22, 118, 154, 117, 155, 1, -1, -0.7853981633974483, 1.4142135623730951
431, 23, 452, 394, 450, 395, 2, -1, -0.4636476090008061, 2.23606797749979
431, 25, 96, 75, 95, 76, 1, -1, -0.7853981633974483, 1.4142135623730951
431, 27, 66, 105, 65, 106, 1, -1, -0.7853981633974483, 1.4142135623730951
431, 33, 178, 383, 177, 384, 1, -1, -0.7853981633974483, 1.4142135623730951
431, 35, 23, 143, 21, 143, 2, 0, 0.0, 2.0
431, 36, 105, 110, 104, 111, 1, -1, -0.7853981633974483, 1.4142135623730951
431, 37, 61, 72, 60, 73, 1, -1, -0.7853981633974483, 1.4142135623730951
431, 40, 189, 323, 188, 324, 1, -1, -0.7853981633974483, 1.4142135623730951
431, 41, 203, 125, 202, 126, 1, -1, -0.7853981633974483, 1.4142135623730951
431, 42, 80, 350, 79, 351, 1, -1, -0.7853981633974483, 1.4142135623730951
431, 45, 65, 404, 63, 405, 2, -1, -0.4636476090008061, 2.23606797749979
431, 46, 253, 96, 252, 97, 1, -1, -0.7853981633974483, 1.4142135623730951
431, 47, 259, 77, 258, 78, 1, -1, -0.7853981633974483, 1.4142135623730951
431, 52, 143, 383, 142, 384, 1, -1, -0.7853981633974483, 1.4142135623730951
431, 53, 40, 83, 38, 83, 2, 0, 0.0, 2.0
431, 55, 410, 123, 408, 123, 2, 0, 0.0, 2.0
431, 58, 459, 126, 458, 127, 1, -1, -0.7853981633974483, 1.4142135623730951
431, 60, 81, 371, 79, 372, 2, -1, -0.4636476090008061, 2.23606797749979
431, 62, 23, 104, 21, 106, 2, -2, -0.7853981633974483, 2.8284271247461903
431, 63, 205, 378, 204, 379, 1, -1, -0.7853981633974483, 1.4142135623730951
431, 64, 94, 164, 92, 165, 2, -1, -0.4636476090008061, 2.23606797749979
431, 65, 322, 350, 321, 351, 1, -1, -0.7853981633974483, 1.4142135623730951
431, 68, 286, 94, 284, 95, 2, -1, -0.4636476090008061, 2.23606797749979
431, 70, 51, 185, 49, 186, 2, -1, -0.4636476090008061, 2.23606797749979
431, 73, 219, 399, 218, 398, 1, 1, 0.7853981633974483, 1.4142135623730951
431, 74, 352, 102, 351, 103, 1, -1, -0.7853981633974483, 1.4142135623730951
431, 75, 500, 116, 498, 116, 2, 0, 0.0, 2.0
431, 76, 336, 397, 334, 398, 2, -1, -0.4636476090008061, 2.23606797749979
431, 77, 82, 380, 81, 381, 1, -1, -0.7853981633974483, 1.4142135623730951
431, 79, 38, 395, 36, 396, 2, -1, -0.4636476090008061, 2.23606797749979
431, 80, 47, 343, 46, 344, 1, -1, -0.7853981633974483, 1.4142135623730951
432, 1, 166, 114, 165, 115, 1, -1, -0.7853981633974483, 1.4142135623730951
432, 4, 42, 178, 41, 179, 1, -1, -0.7853981633974483, 1.4142135623730951
432, 5, 374, 70, 372, 70, 2, 0, 0.0, 2.0
432, 8, 285, 82, 284, 83, 1, -1, -0.7853981633974483, 1.4142135623730951
432, 9, 239, 127, 238, 128, 1, -1, -0.7853981633974483, 1.4142135623730951
432, 12, 537, 368, 534, 368, 3, 0, 0.0, 3.0
432, 15, 330, 125, 328, 123, 2, 2, 0.7853981633974483, 2.8284271247461903
432, 17, 23, 95, 23, 97, 0, -2, -1.5707963267948966, 2.0
432, 18, 428, 403, 426, 403, 2, 0, 0.0, 2.0
432, 20, 119, 153, 118, 154, 1, -1, -0.7853981633974483, 1.4142135623730951
432, 25, 67, 104, 66, 105, 1, -1, -0.7853981633974483, 1.4142135623730951
432, 27, 46, 315, 45, 316, 1, -1, -0.7853981633974483, 1.4142135623730951
432, 30, 305, 103, 304, 104, 1, -1, -0.7853981633974483, 1.4142135623730951
432, 33, 25, 143, 23, 143, 2, 0, 0.0, 2.0
432, 35, 62, 71, 61, 72, 1, -1, -0.7853981633974483, 1.4142135623730951
432, 37, 30, 142, 29, 143, 1, -1, -0.7853981633974483, 1.4142135623730951
432, 39, 204, 124, 203, 125, 1, -1, -0.7853981633974483, 1.4142135623730951
432, 41, 225, 147, 224, 148, 1, -1, -0.7853981633974483, 1.4142135623730951
432, 42, 119, 91, 118, 92, 1, -1, -0.7853981633974483, 1.4142135623730951
432, 43, 67, 404, 65, 404, 2, 0, 0.0, 2.0
432, 45, 260, 76, 259, 77, 1, -1, -0.7853981633974483, 1.4142135623730951
432, 48, 421, 78, 419, 78, 2, 0, 0.0, 2.0
432, 50, 144, 382, 143, 383, 1, -1, -0.7853981633974483, 1.4142135623730951
432, 51, 42, 83, 40, 83, 2, 0, 0.0, 2.0
432, 52, 30, 74, 28, 74, 2, 0, 0.0, 2.0
432, 53, 412, 123, 410, 123, 2, 0, 0.0, 2.0
432, 55, 107, 345, 106, 346, 1, -1, -0.7853981633974483, 1.4142135623730951
432, 56, 461, 124, 459, 126, 2, -2, -0.7853981633974483, 2.8284271247461903
432, 57, 10, 97, 9, 98, 1, -1, -0.7853981633974483, 1.4142135623730951
432, 58, 84, 370, 81, 371, 3, -1, -0.3217505543966422, 3.1622776601683795
432, 60, 25, 103, 23, 104, 2, -1, -0.4636476090008061, 2.23606797749979
432, 63, 323, 349, 322, 350, 1, -1, -0.7853981633974483, 1.4142135623730951
432, 68, 53, 184, 51, 185, 2, -1, -0.4636476090008061, 2.23606797749979
432, 69, 301, 382, 300, 383, 1, -1, -0.7853981633974483, 1.4142135623730951
432, 70, 168, 361, 167, 362, 1, -1, -0.7853981633974483, 1.4142135623730951
432, 73, 503, 116, 500, 116, 3, 0, 0.0, 3.0
432, 74, 337, 396, 336, 397, 1, -1, -0.7853981633974483, 1.4142135623730951
432, 75, 84, 379, 82, 380, 2, -1, -0.4636476090008061, 2.23606797749979
432, 78, 48, 342, 47, 343, 1, -1, -0.7853981633974483, 1.4142135623730951
433, 7, 156, 159, 155, 160, 1, -1, -0.7853981633974483, 1.4142135623730951
433, 10, 141, 179, 140, 180, 1, -1, -0.7853981633974483, 1.4142135623730951
433, 11, 170, 405, 169, 406, 1, -1, -0.7853981633974483, 1.4142135623730951
433, 12, 539, 367, 537, 368, 2, -1, -0.4636476090008061, 2.23606797749979
433, 15, 331, 124, 330, 125, 1, -1, -0.7853981633974483, 1.4142135623730951
433, 17, 24, 94, 23, 95, 1, -1, -0.7853981633974483, 1.4142135623730951
433, 18, 430, 402, 428, 403, 2, -1, -0.4636476090008061, 2.23606797749979
433, 20, 120, 152, 119, 153, 1, -1, -0.7853981633974483, 1.4142135623730951
433, 23, 97, 74, 96, 75, 1, -1, -0.7853981633974483, 1.4142135623730951
433, 24, 41, 124, 40, 125, 1, -1, -0.7853981633974483, 1.4142135623730951
433, 25, 68, 103, 67, 104, 1, -1, -0.7853981633974483, 1.4142135623730951
433, 26, 143, 407, 142, 408, 1, -1, -0.7853981633974483, 1.4142135623730951
433, 30, 307, 102, 305, 103, 2, -1, -0.4636476090008061, 2.23606797749979
433, 33, 26, 142, 25, 143, 1, -1, -0.7853981633974483, 1.4142135623730951
433, 34, 107, 109, 106, 110, 1, -1, -0.7853981633974483, 1.4142135623730951
433, 35, 63, 70, 62, 71, 1, -1, -0.7853981633974483, 1.4142135623730951
433, 36, 147, 136, 146, 137, 1, -1, -0.7853981633974483, 1.4142135623730951
433, 37, 31, 141, 30, 142, 1, -1, -0.7853981633974483, 1.4142135623730951
433, 42, 120, 90, 119, 91, 1, -1, -0.7853981633974483, 1.4142135623730951
433, 43, 69, 403, 67, 404, 2, -1, -0.4636476090008061, 2.23606797749979
433, 44, 255, 95, 254, 96, 1, -1, -0.7853981633974483, 1.4142135623730951
433, 48, 423, 78, 421, 78, 2, 0, 0.0, 2.0
433, 51, 43, 82, 42, 83, 1, -1, -0.7853981633974483, 1.4142135623730951
433, 52, 32, 73, 30, 74, 2, -1, -0.4636476090008061, 2.23606797749979
433, 53, 413, 122, 412, 123, 1, -1, -0.7853981633974483, 1.4142135623730951
433, 56, 463, 124, 461, 124, 2, 0, 0.0, 2.0
433, 58, 87, 370, 84, 370, 3, 0, 0.0, 3.0
433, 60, 26, 102, 25, 103, 1, -1, -0.7853981633974483, 1.4142135623730951
433, 62, 95, 162, 94, 163, 1, -1, -0.7853981633974483, 1.4142135623730951
433, 63, 325, 349, 323, 349, 2, 0, 0.0, 2.0
433, 68, 55, 184, 53, 184, 2, 0, 0.0, 2.0
433, 69, 303, 382, 301, 382, 2, 0, 0.0, 2.0
433, 72, 355, 101, 353, 102, 2, -1, -0.4636476090008061, 2.23606797749979
433, 73, 504, 115, 503, 116, 1, -1, -0.7853981633974483, 1.4142135623730951
433, 74, 338, 395, 337, 396, 1, -1, -0.7853981633974483, 1.4142135623730951
433, 75, 85, 378, 84, 379, 1, -1, -0.7853981633974483, 1.4142135623730951
433, 77, 39, 393, 38, 394, 1, -1, -0.7853981633974483, 1.4142135623730951
433, 78, 49, 341, 48, 342, 1, -1, -0.7853981633974483, 1.4142135623730951
434, 1, 167, 113, 166, 114, 1, -1, -0.7853981633974483, 1.4142135623730951
434, 5, 377, 69, 375, 70, 2, -1, -0.4636476090008061, 2.23606797749979
434, 6, 388, 107, 386, 107, 2, 0, 0.0, 2.0
434, 7, 157, 158, 156, 159, 1, -1, -0.7853981633974483, 1.4142135623730951
434, 8, 287, 81, 286, 82, 1, -1, -0.7853981633974483, 1.4142135623730951
434, 9, 240, 126, 239, 127, 1, -1, -0.7853981633974483, 1.4142135623730951
434, 10, 142, 178, 141, 179, 1, -1, -0.7853981633974483, 1.4142135623730951
434, 11, 171, 404, 170, 405, 1, -1, -0.7853981633974483, 1.4142135623730951
434, 14, 210, 161, 209, 162, 1, -1, -0.7853981633974483, 1.4142135623730951
434, 15, 333, 123, 331, 124, 2, -1, -0.4636476090008061, 2.23606797749979
434, 18, 431, 401, 430, 402, 1, -1, -0.7853981633974483, 1.4142135623730951
434, 20, 121, 151, 120, 152, 1, -1, -0.7853981633974483, 1.4142135623730951
434, 21, 456, 393, 454, 394, 2, -1, -0.4636476090008061, 2.23606797749979
434, 23, 98, 73, 97, 74, 1, -1, -0.7853981633974483, 1.4142135623730951
434, 25, 69, 102, 68, 103, 1, -1, -0.7853981633974483, 1.4142135623730951
434, 27, 48, 314, 47, 315, 1, -1, -0.7853981633974483, 1.4142135623730951
434, 31, 181, 382, 180, 383, 1, -1, -0.7853981633974483, 1.4142135623730951
434, 32, 134, 358, 133, 359, 1, -1, -0.7853981633974483, 1.4142135623730951
434, 33, 27, 141, 26, 142, 1, -1, -0.7853981633974483, 1.4142135623730951
434, 35, 64, 69, 63, 70, 1, -1, -0.7853981633974483, 1.4142135623730951
434, 38, 192, 322, 191, 323, 1, -1, -0.7853981633974483, 1.4142135623730951
434, 41, 226, 145, 225, 146, 1, -1, -0.7853981633974483, 1.4142135623730951
434, 43, 71, 403, 69, 403, 2, 0, 0.0, 2.0
434, 44, 256, 94, 255, 95, 1, -1, -0.7853981633974483, 1.4142135623730951
434, 48, 425, 77, 423, 78, 2, -1, -0.4636476090008061, 2.23606797749979
434, 51, 44, 81, 43, 82, 1, -1, -0.7853981633974483, 1.4142135623730951
434, 52, 33, 72, 32, 73, 1, -1, -0.7853981633974483, 1.4142135623730951
434, 54, 163, 308, 162, 309, 1, -1, -0.7853981633974483, 1.4142135623730951
434, 56, 466, 124, 463, 124, 3, 0, 0.0, 3.0
434, 57, 12, 96, 11, 97, 1, -1, -0.7853981633974483, 1.4142135623730951
434, 58, 90, 370, 87, 370, 3, 0, 0.0, 3.0
434, 59, 216, 336, 214, 336, 2, 0, 0.0, 2.0
434, 60, 27, 101, 26, 102, 1, -1, -0.7853981633974483, 1.4142135623730951
434, 65, 414, 397, 412, 396, 2, 1, 0.4636476090008061, 2.23606797749979
434, 68, 56, 183, 55, 184, 1, -1, -0.7853981633974483, 1.4142135623730951
434, 69, 304, 381, 303, 382, 1, -1, -0.7853981633974483, 1.4142135623730951
434, 72, 357, 101, 355, 101, 2, 0, 0.0, 2.0
434, 73, 506, 114, 504, 115, 2, -1, -0.4636476090008061, 2.23606797749979
434, 74, 338, 392, 338, 395, 0, -3, -1.5707963267948966, 3.0
434, 75, 86, 377, 85, 378, 1, -1, -0.7853981633974483, 1.4142135623730951
434, 76, 240, 376, 239, 377, 1, -1, -0.7853981633974483, 1.4142135623730951
435, 1, 262, 69, 261, 70, 1, -1, -0.7853981633974483, 1.4142135623730951
435, 7, 142, 179, 141, 180, 1, -1, -0.7853981633974483, 1.4142135623730951
435, 9, 242, 128, 241, 129, 1, -1, -0.7853981633974483, 1.4142135623730951
435, 10, 538, 368, 536, 368, 2, 0, 0.0, 2.0
435, 11, 287, 84, 286, 85, 1, -1, -0.7853981633974483, 1.4142135623730951
435, 13, 211, 161, 210, 162, 1, -1, -0.7853981633974483, 1.4142135623730951
435, 14, 27, 103, 26, 104, 1, -1, -0.7853981633974483, 1.4142135623730951
435, 17, 332, 125, 331, 126, 1, -1, -0.7853981633974483, 1.4142135623730951
435, 18, 157, 160, 156, 161, 1, -1, -0.7853981633974483, 1.4142135623730951
435, 24, 13, 97, 12, 98, 1, -1, -0.7853981633974483, 1.4142135623730951
435, 25, 180, 384, 179, 385, 1, -1, -0.7853981633974483, 1.4142135623730951
435, 26, 309, 105, 307, 106, 2, -1, -0.4636476090008061, 2.23606797749979
435, 27, 379, 77, 377, 78, 2, -1, -0.4636476090008061, 2.23606797749979
435, 30, 143, 407, 142, 408, 1, -1, -0.7853981633974483, 1.4142135623730951
435, 31, 457, 396, 455, 396, 2, 0, 0.0, 2.0
435, 32, 166, 309, 165, 310, 1, -1, -0.7853981633974483, 1.4142135623730951
435, 34, 424, 82, 422, 83, 2, -1, -0.4636476090008061, 2.23606797749979
435, 38, 166, 333, 165, 334, 1, -1, -0.7853981633974483, 1.4142135623730951
435, 39, 430, 404, 427, 405, 3, -1, -0.3217505543966422, 3.1622776601683795
435, 41, 229, 108, 228, 109, 1, -1, -0.7853981633974483, 1.4142135623730951
435, 43, 381, 104, 380, 105, 1, -1, -0.7853981633974483, 1.4142135623730951
435, 47, 147, 136, 146, 137, 1, -1, -0.7853981633974483, 1.4142135623730951
435, 51, 372, 406, 370, 406, 2, 0, 0.0, 2.0
435, 55, 146, 381, 145, 382, 1, -1, -0.7853981633974483, 1.4142135623730951
436, 5, 155, 341, 154, 342, 1, -1, -0.7853981633974483, 1.4142135623730951
436, 6, 171, 406, 170, 407, 1, -1, -0.7853981633974483, 1.4142135623730951
436, 7, 143, 178, 142, 179, 1, -1, -0.7853981633974483, 1.4142135623730951
436, 8, 72, 101, 70, 101, 2, 0, 0.0, 2.0
436, 10, 540, 367, 538, 368, 2, -1, -0.4636476090008061, 2.23606797749979
436, 14, 28, 102, 27, 103, 1, -1, -0.7853981633974483, 1.4142135623730951
436, 16, 34, 404, 32, 404, 2, 0, 0.0, 2.0
436, 17, 333, 124, 332, 125, 1, -1, -0.7853981633974483, 1.4142135623730951
436, 18, 158, 159, 157, 160, 1, -1, -0.7853981633974483, 1.4142135623730951
436, 25, 181, 383, 180, 384, 1, -1, -0.7853981633974483, 1.4142135623730951
436, 26, 311, 104, 309, 105, 2, -1, -0.4636476090008061, 2.23606797749979
436, 27, 381, 76, 379, 77, 2, -1, -0.4636476090008061, 2.23606797749979
436, 30, 144, 406, 143, 407, 1, -1, -0.7853981633974483, 1.4142135623730951
436, 31, 459, 395, 457, 396, 2, -1, -0.4636476090008061, 2.23606797749979
436, 33, 50, 315, 48, 316, 2, -1, -0.4636476090008061, 2.23606797749979
436, 34, 426, 81, 424, 82, 2, -1, -0.4636476090008061, 2.23606797749979
436, 36, 85, 329, 84, 330, 1, -1, -0.7853981633974483, 1.4142135623730951
436, 39, 432, 404, 430, 404, 2, 0, 0.0, 2.0
436, 41, 230, 107, 229, 108, 1, -1, -0.7853981633974483, 1.4142135623730951
436, 42, 89, 372, 87, 373, 2, -1, -0.4636476090008061, 2.23606797749979
436, 44, 86, 380, 85, 381, 1, -1, -0.7853981633974483, 1.4142135623730951
436, 51, 374, 406, 372, 406, 2, 0, 0.0, 2.0
436, 55, 147, 380, 146, 381, 1, -1, -0.7853981633974483, 1.4142135623730951
437, 1, 263, 68, 262, 69, 1, -1, -0.7853981633974483, 1.4142135623730951
437, 3, 47, 180, 46, 181, 1, -1, -0.7853981633974483, 1.4142135623730951
437, 4, 166, 114, 165, 115, 1, -1, -0.7853981633974483, 1.4142135623730951
437, 5, 156, 340, 155, 341, 1, -1, -0.7853981633974483, 1.4142135623730951
437, 7, 144, 177, 143, 178, 1, -1, -0.7853981633974483, 1.4142135623730951
437, 9, 243, 127, 242, 128, 1, -1, -0.7853981633974483, 1.4142135623730951
437, 10, 543, 367, 540, 367, 3, 0, 0.0, 3.0
437, 14, 29, 101, 28, 102, 1, -1, -0.7853981633974483, 1.4142135623730951
437, 16, 36, 404, 34, 404, 2, 0, 0.0, 2.0
437, 17, 335, 124, 333, 124, 2, 0, 0.0, 2.0
437, 18, 159, 158, 158, 159, 1, -1, -0.7853981633974483, 1.4142135623730951
437, 24, 15, 96, 14, 97, 1, -1, -0.7853981633974483, 1.4142135623730951
437, 26, 312, 103, 311, 104, 1, -1, -0.7853981633974483, 1.4142135623730951
437, 27, 382, 75, 381, 76, 1, -1, -0.7853981633974483, 1.4142135623730951
437, 28, 262, 77, 261, 78, 1, -1, -0.7853981633974483, 1.4142135623730951
437, 30, 145, 405, 144, 406, 1, -1, -0.7853981633974483, 1.4142135623730951
437, 31, 460, 394, 459, 395, 1, -1, -0.7853981633974483, 1.4142135623730951
437, 34, 428, 80, 426, 81, 2, -1, -0.4636476090008061, 2.23606797749979
437, 36, 86, 328, 85, 329, 1, -1, -0.7853981633974483, 1.4142135623730951
437, 39, 434, 403, 432, 404, 2, -1, -0.4636476090008061, 2.23606797749979
437, 41, 231, 106, 230, 107, 1, -1, -0.7853981633974483, 1.4142135623730951
437, 42, 91, 372, 89, 372, 2, 0, 0.0, 2.0
437, 43, 384, 103, 381, 103, 3, 0, 0.0, 3.0
437, 44, 87, 379, 86, 380, 1, -1, -0.7853981633974483, 1.4142135623730951
437, 47, 149, 135, 148, 136, 1, -1, -0.7853981633974483, 1.4142135623730951
437, 50, 189, 104, 188, 105, 1, -1, -0.7853981633974483, 1.4142135623730951
437, 51, 376, 406, 374, 406, 2, 0, 0.0, 2.0
437, 55, 148, 379, 147, 380, 1, -1, -0.7853981633974483, 1.4142135623730951
438, 1, 264, 67, 263, 68, 1, -1, -0.7853981633974483, 1.4142135623730951
438, 3, 49, 180, 47, 180, 2, 0, 0.0, 2.0
438, 4, 167, 113, 166, 114, 1, -1, -0.7853981633974483, 1.4142135623730951
438, 7, 145, 176, 144, 177, 1, -1, -0.7853981633974483, 1.4142135623730951
438, 10, 545, 366, 543, 367, 2, -1, -0.4636476090008061, 2.23606797749979
438, 11, 289, 83, 288, 84, 1, -1, -0.7853981633974483, 1.4142135623730951
438, 13, 213, 159, 212, 160, 1, -1, -0.7853981633974483, 1.4142135623730951
438, 14, 30, 100, 29, 101, 1, -1, -0.7853981633974483, 1.4142135623730951
438, 15, 218, 315, 217, 316, 1, -1, -0.7853981633974483, 1.4142135623730951
438, 16, 38, 404, 36, 404, 2, 0, 0.0, 2.0
438, 17, 337, 123, 335, 124, 2, -1, -0.4636476090008061, 2.23606797749979
438, 18, 160, 157, 159, 158, 1, -1, -0.7853981633974483, 1.4142135623730951
438, 25, 313, 102, 312, 103, 1, -1, -0.7853981633974483, 1.4142135623730951
438, 26, 384, 74, 382, 75, 2, -1, -0.4636476090008061, 2.23606797749979
438, 27, 263, 76, 262, 77, 1, -1, -0.7853981633974483, 1.4142135623730951
438, 30, 462, 393, 460, 394, 2, -1, -0.4636476090008061, 2.23606797749979
438, 33, 430, 79, 428, 80, 2, -1, -0.4636476090008061, 2.23606797749979
438, 34, 72, 406, 70, 406, 2, 0, 0.0, 2.0
438, 36, 324, 351, 322, 351, 2, 0, 0.0, 2.0
438, 37, 170, 333, 168, 333, 2, 0, 0.0, 2.0
438, 38, 436, 402, 434, 403, 2, -1, -0.4636476090008061, 2.23606797749979
438, 42, 385, 102, 384, 103, 1, -1, -0.7853981633974483, 1.4142135623730951
438, 43, 88, 378, 87, 379, 1, -1, -0.7853981633974483, 1.4142135623730951
438, 46, 150, 134, 149, 135, 1, -1, -0.7853981633974483, 1.4142135623730951
439, 3, 51, 180, 49, 180, 2, 0, 0.0, 2.0
439, 7, 146, 175, 145, 176, 1, -1, -0.7853981633974483, 1.4142135623730951
439, 10, 548, 366, 545, 366, 3, 0, 0.0, 3.0
439, 13, 214, 158, 213, 159, 1, -1, -0.7853981633974483, 1.4142135623730951
439, 14, 31, 99, 30, 100, 1, -1, -0.7853981633974483, 1.4142135623730951
439, 16, 40, 403, 38, 404, 2, -1, -0.4636476090008061, 2.23606797749979
439, 17, 339, 122, 337, 123, 2, -1, -0.4636476090008061, 2.23606797749979
439, 22, 102, 72, 101, 73, 1, -1, -0.7853981633974483, 1.4142135623730951
439, 25, 314, 101, 313, 102, 1, -1, -0.7853981633974483, 1.4142135623730951
439, 26, 386, 73, 384, 74, 2, -1, -0.4636476090008061, 2.23606797749979
439, 30, 464, 392, 462, 393, 2, -1, -0.4636476090008061, 2.23606797749979
439, 31, 170, 308, 169, 309, 1, -1, -0.7853981633974483, 1.4142135623730951
439, 33, 432, 78, 430, 79, 2, -1, -0.4636476090008061, 2.23606797749979
439, 35, 88, 327, 87, 328, 1, -1, -0.7853981633974483, 1.4142135623730951
439, 38, 439, 402, 436, 402, 3, 0, 0.0, 3.0
439, 39, 48, 375, 46, 375, 2, 0, 0.0, 2.0
439, 40, 234, 105, 232, 106, 2, -1, -0.4636476090008061, 2.23606797749979
439, 42, 386, 101, 385, 102, 1, -1, -0.7853981633974483, 1.4142135623730951
439, 43, 89, 377, 88, 378, 1, -1, -0.7853981633974483, 1.4142135623730951
439, 50, 378, 405, 376, 405, 2, 0, 0.0, 2.0
439, 54, 149, 378, 148, 379, 1, -1, -0.7853981633974483, 1.4142135623730951
439, 55, 110, 343, 109, 344, 1, -1, -0.7853981633974483, 1.4142135623730951
440, 1, 265, 70, 264, 71, 1, -1, -0.7853981633974483, 1.4142135623730951
440, 2, 170, 113, 169, 114, 1, -1, -0.7853981633974483, 1.4142135623730951
440, 3, 49, 180, 48, 181, 1, -1, -0.7853981633974483, 1.4142135623730951
440, 7, 383, 70, 381, 71, 2, -1, -0.4636476090008061, 2.23606797749979
440, 8, 546, 366, 543, 367, 3, -1, -0.3217505543966422, 3.1622776601683795
440, 9, 290, 84, 289, 85, 1, -1, -0.7853981633974483, 1.4142135623730951
440, 12, 125, 159, 124, 160, 1, -1, -0.7853981633974483, 1.4142135623730951
440, 13, 102, 74, 101, 75, 1, -1, -0.7853981633974483, 1.4142135623730951
440, 15, 245, 128, 244, 129, 1, -1, -0.7853981633974483, 1.4142135623730951
440, 16, 160, 159, 159, 160, 1, -1, -0.7853981633974483, 1.4142135623730951
440, 18, 145, 179, 144, 180, 1, -1, -0.7853981633974483, 1.4142135623730951
440, 19, 214, 162, 213, 163, 1, -1, -0.7853981633974483, 1.4142135623730951
440, 21, 201, 404, 200, 405, 1, -1, -0.7853981633974483, 1.4142135623730951
440, 23, 9, 157, 7, 157, 2, 0, 0.0, 2.0
440, 26, 38, 404, 36, 405, 2, -1, -0.4636476090008061, 2.23606797749979
440, 29, 68, 73, 67, 74, 1, -1, -0.7853981633974483, 1.4142135623730951
440, 32, 314, 104, 312, 104, 2, 0, 0.0, 2.0
440, 33, 462, 394, 460, 395, 2, -1, -0.4636476090008061, 2.23606797749979
440, 34, 338, 125, 336, 126, 2, -1, -0.4636476090008061, 2.23606797749979
440, 36, 77, 396, 76, 397, 1, -1, -0.7853981633974483, 1.4142135623730951
440, 40, 53, 315, 52, 316, 1, -1, -0.7853981633974483, 1.4142135623730951
440, 41, 432, 399, 431, 400, 1, -1, -0.7853981633974483, 1.4142135623730951
440, 42, 340, 396, 339, 397, 1, -1, -0.7853981633974483, 1.4142135623730951
440, 43, 18, 94, 17, 95, 1, -1, -0.7853981633974483, 1.4142135623730951
440, 44, 48, 376, 46, 376, 2, 0, 0.0, 2.0
440, 49, 431, 78, 430, 79, 1, -1, -0.7853981633974483, 1.4142135623730951
440, 54, 151, 136, 150, 137, 1, -1, -0.7853981633974483, 1.4142135623730951
440, 56, 387, 102, 385, 103, 2, -1, -0.4636476090008061, 2.23606797749979
440, 57, 244, 137, 242, 137, 2, 0, 0.0, 2.0
440, 58, 231, 108, 230, 109, 1, -1, -0.7853981633974483, 1.4142135623730951
440, 59, 150, 381, 149, 382, 1, -1, -0.7853981633974483, 1.4142135623730951
440, 60, 260, 97, 259, 98, 1, -1, -0.7853981633974483, 1.4142135623730951
440, 61, 86, 351, 85, 352, 1, -1, -0.7853981633974483, 1.4142135623730951
441, 2, 171, 112, 170, 113, 1, -1, -0.7853981633974483, 1.4142135623730951
441, 3, 50, 179, 49, 180, 1, -1, -0.7853981633974483, 1.4142135623730951
441, 5, 315, 71, 314, 72, 1, -1, -0.7853981633974483, 1.4142135623730951
441, 7, 385, 70, 383, 70, 2, 0, 0.0, 2.0
441, 8, 548, 365, 546, 366, 2, -1, -0.4636476090008061, 2.23606797749979
441, 9, 291, 83, 290, 84, 1, -1, -0.7853981633974483, 1.4142135623730951
441, 10, 160, 342, 159, 343, 1, -1, -0.7853981633974483, 1.4142135623730951
441, 15, 246, 127, 245, 128, 1, -1, -0.7853981633974483, 1.4142135623730951
441, 18, 146, 178, 145, 179, 1, -1, -0.7853981633974483, 1.4142135623730951
441, 23, 11, 157, 9, 157, 2, 0, 0.0, 2.0
441, 28, 327, 351, 326, 352, 1, -1, -0.7853981633974483, 1.4142135623730951
441, 31, 431, 373, 429, 373, 2, 0, 0.0, 2.0
441, 32, 315, 103, 314, 104, 1, -1, -0.7853981633974483, 1.4142135623730951
441, 33, 463, 393, 462, 394, 1, -1, -0.7853981633974483, 1.4142135623730951
441, 34, 340, 124, 338, 125, 2, -1, -0.4636476090008061, 2.23606797749979
441, 35, 293, 93, 291, 94, 2, -1, -0.4636476090008061, 2.23606797749979
441, 41, 434, 398, 432, 399, 2, -1, -0.4636476090008061, 2.23606797749979
441, 42, 341, 395, 340, 396, 1, -1, -0.7853981633974483, 1.4142135623730951
441, 43, 19, 93, 18, 94, 1, -1, -0.7853981633974483, 1.4142135623730951
441, 49, 433, 78, 431, 78, 2, 0, 0.0, 2.0
441, 56, 388, 103, 387, 102, 1, 1, 0.7853981633974483, 1.4142135623730951
441, 57, 247, 136, 244, 137, 3, -1, -0.3217505543966422, 3.1622776601683795
441, 58, 232, 107, 231, 108, 1, -1, -0.7853981633974483, 1.4142135623730951
441, 63, 252, 128, 251, 129, 1, -1, -0.7853981633974483, 1.4142135623730951
441, 64, 400, 100, 398, 100, 2, 0, 0.0, 2.0
442, 3, 51, 178, 50, 179, 1, -1, -0.7853981633974483, 1.4142135623730951
442, 5, 316, 70, 315, 71, 1, -1, -0.7853981633974483, 1.4142135623730951
442, 8, 549, 364, 548, 365, 1, -1, -0.7853981633974483, 1.4142135623730951
442, 9, 292, 82, 291, 83, 1, -1, -0.7853981633974483, 1.4142135623730951
442, 10, 161, 341, 160, 342, 1, -1, -0.7853981633974483, 1.4142135623730951
442, 13, 105, 73, 103, 74, 2, -1, -0.4636476090008061, 2.23606797749979
442, 15, 247, 126, 246, 127, 1, -1, -0.7853981633974483, 1.4142135623730951
442, 16, 161, 157, 160, 159, 1, -2, -1.1071487177940904, 2.23606797749979
442, 17, 35, 101, 34, 102, 1, -1, -0.7853981633974483, 1.4142135623730951
442, 18, 147, 177, 146, 178, 1, -1, -0.7853981633974483, 1.4142135623730951
442, 19, 215, 160, 214, 161, 1, -1, -0.7853981633974483, 1.4142135623730951
442, 20, 104, 168, 103, 169, 1, -1, -0.7853981633974483, 1.4142135623730951
442, 25, 183, 379, 182, 380, 1, -1, -0.7853981633974483, 1.4142135623730951
442, 27, 50, 124, 48, 124, 2, 0, 0.0, 2.0
442, 28, 329, 350, 327, 351, 2, -1, -0.4636476090008061, 2.23606797749979
442, 30, 147, 408, 146, 409, 1, -1, -0.7853981633974483, 1.4142135623730951
442, 31, 432, 372, 431, 373, 1, -1, -0.7853981633974483, 1.4142135623730951
442, 32, 316, 102, 315, 103, 1, -1, -0.7853981633974483, 1.4142135623730951
442, 33, 465, 392, 463, 393, 2, -1, -0.4636476090008061, 2.23606797749979
442, 34, 342, 124, 340, 124, 2, 0, 0.0, 2.0
442, 35, 294, 92, 293, 93, 1, -1, -0.7853981633974483, 1.4142135623730951
442, 36, 78, 394, 77, 395, 1, -1, -0.7853981633974483, 1.4142135623730951
442, 41, 436, 397, 434, 398, 2, -1, -0.4636476090008061, 2.23606797749979
442, 42, 343, 394, 341, 395, 2, -1, -0.4636476090008061, 2.23606797749979
442, 43, 20, 92, 19, 93, 1, -1, -0.7853981633974483, 1.4142135623730951
442, 52, 246, 377, 245, 378, 1, -1, -0.7853981633974483, 1.4142135623730951
442, 54, 153, 135, 152, 136, 1, -1, -0.7853981633974483, 1.4142135623730951
442, 56, 390, 103, 388, 103, 2, 0, 0.0, 2.0
442, 57, 248, 135, 247, 136, 1, -1, -0.7853981633974483, 1.4142135623730951
442, 58, 233, 106, 232, 107, 1, -1, -0.7853981633974483, 1.4142135623730951
442, 61, 87, 349, 86, 350, 1, -1, -0.7853981633974483, 1.4142135623730951
442, 64, 402, 100, 400, 100, 2, 0, 0.0, 2.0
443, 2, 172, 111, 171, 112, 1, -1, -0.7853981633974483, 1.4142135623730951
443, 5, 317, 69, 316, 70, 1, -1, -0.7853981633974483, 1.4142135623730951
443, 8, 552, 364, 549, 364, 3, 0, 0.0, 3.0
443, 9, 294, 81, 292, 82, 2, -1, -0.4636476090008061, 2.23606797749979
443, 10, 163, 341, 161, 341, 2, 0, 0.0, 2.0
443, 12, 126, 158, 125, 159, 1, -1, -0.7853981633974483, 1.4142135623730951
443, 13, 106, 72, 105, 73, 1, -1, -0.7853981633974483, 1.4142135623730951
443, 14, 34, 141, 32, 142, 2, -1, -0.4636476090008061, 2.23606797749979
443, 15, 248, 124, 247, 126, 1, -2, -1.1071487177940904, 2.23606797749979
443, 16, 162, 156, 161, 157, 1, -1, -0.7853981633974483, 1.4142135623730951
443, 18, 148, 176, 147, 177, 1, -1, -0.7853981633974483, 1.4142135623730951
443, 19, 216, 159, 215, 160, 1, -1, -0.7853981633974483, 1.4142135623730951
443, 20, 105, 167, 104, 168, 1, -1, -0.7853981633974483, 1.4142135623730951
443, 23, 12, 155, 11, 156, 1, -1, -0.7853981633974483, 1.4142135623730951
443, 24, 75, 405, 74, 406, 1, -1, -0.7853981633974483, 1.4142135623730951
443, 26, 41, 403, 40, 404, 1, -1, -0.7853981633974483, 1.4142135623730951
443, 27, 52, 124, 50, 124, 2, 0, 0.0, 2.0
443, 28, 330, 349, 329, 350, 1, -1, -0.7853981633974483, 1.4142135623730951
443, 31, 433, 371, 432, 372, 1, -1, -0.7853981633974483, 1.4142135623730951
443, 32, 317, 101, 316, 102, 1, -1, -0.7853981633974483, 1.4142135623730951
443, 33, 467, 391, 465, 392, 2, -1, -0.4636476090008061, 2.23606797749979
443, 34, 344, 123, 342, 124, 2, -1, -0.4636476090008061, 2.23606797749979
443, 35, 295, 91, 294, 92, 1, -1, -0.7853981633974483, 1.4142135623730951
443, 41, 437, 396, 436, 397, 1, -1, -0.7853981633974483, 1.4142135623730951
443, 42, 345, 393, 343, 394, 2, -1, -0.4636476090008061, 2.23606797749979
443, 43, 22, 91, 20, 92, 2, -1, -0.4636476090008061, 2.23606797749979
443, 47, 51, 83, 49, 83, 2, 0, 0.0, 2.0
443, 49, 436, 78, 434, 78, 2, 0, 0.0, 2.0
443, 57, 249, 134, 248, 135, 1, -1, -0.7853981633974483, 1.4142135623730951
443, 58, 234, 105, 233, 106, 1, -1, -0.7853981633974483, 1.4142135623730951
443, 60, 262, 96, 261, 97, 1, -1, -0.7853981633974483, 1.4142135623730951
443, 62, 226, 334, 225, 333, 1, 1, 0.7853981633974483, 1.4142135623730951
443, 64, 404, 99, 402, 100, 2, -1, -0.4636476090008061, 2.23606797749979
444, 2, 173, 110, 172, 111, 1, -1, -0.7853981633974483, 1.4142135623730951
444, 3, 54, 177, 52, 178, 2, -1, -0.4636476090008061, 2.23606797749979
444, 5, 318, 68, 317, 69, 1, -1, -0.7853981633974483, 1.4142135623730951
444, 9, 295, 80, 294, 81, 1, -1, -0.7853981633974483, 1.4142135623730951
444, 13, 107, 71, 106, 72, 1, -1, -0.7853981633974483, 1.4142135623730951
444, 14, 36, 140, 34, 141, 2, -1, -0.4636476090008061, 2.23606797749979
444, 15, 249, 123, 248, 124, 1, -1, -0.7853981633974483, 1.4142135623730951
444, 18, 149, 175, 148, 176, 1, -1, -0.7853981633974483, 1.4142135623730951
444, 20, 106, 166, 105, 167, 1, -1, -0.7853981633974483, 1.4142135623730951
444, 23, 13, 154, 12, 155, 1, -1, -0.7853981633974483, 1.4142135623730951
444, 24, 77, 405, 75, 405, 2, 0, 0.0, 2.0
444, 26, 43, 402, 41, 403, 2, -1, -0.4636476090008061, 2.23606797749979
444, 27, 54, 123, 52, 124, 2, -1, -0.4636476090008061, 2.23606797749979
444, 28, 332, 349, 330, 349, 2, 0, 0.0, 2.0
444, 30, 148, 406, 147, 407, 1, -1, -0.7853981633974483, 1.4142135623730951
444, 31, 435, 370, 433, 371, 2, -1, -0.4636476090008061, 2.23606797749979
444, 32, 318, 100, 317, 101, 1, -1, -0.7853981633974483, 1.4142135623730951
444, 33, 469, 391, 467, 391, 2, 0, 0.0, 2.0
444, 34, 345, 122, 344, 123, 1, -1, -0.7853981633974483, 1.4142135623730951
444, 41, 438, 395, 437, 396, 1, -1, -0.7853981633974483, 1.4142135623730951
444, 42, 348, 393, 345, 393, 3, 0, 0.0, 3.0
444, 43, 24, 90, 22, 91, 2, -1, -0.4636476090008061, 2.23606797749979
444, 47, 53, 82, 51, 83, 2, -1, -0.4636476090008061, 2.23606797749979
444, 52, 248, 376, 247, 377, 1, -1, -0.7853981633974483, 1.4142135623730951
444, 54, 154, 133, 153, 134, 1, -1, -0.7853981633974483, 1.4142135623730951
444, 56, 391, 102, 390, 103, 1, -1, -0.7853981633974483, 1.4142135623730951
444, 57, 250, 133, 249, 134, 1, -1, -0.7853981633974483, 1.4142135623730951
444, 58, 235, 104, 234, 105, 1, -1, -0.7853981633974483, 1.4142135623730951
444, 60, 263, 95, 262, 96, 1, -1, -0.7853981633974483, 1.4142135623730951
444, 61, 89, 348, 88, 349, 1, -1, -0.7853981633974483, 1.4142135623730951
444, 64, 405, 98, 404, 99, 1, -1, -0.7853981633974483, 1.4142135623730951
445, 0, 173, 114, 172, 115, 1, -1, -0.7853981633974483, 1.4142135623730951
445, 1, 244, 327, 243, 328, 1, -1, -0.7853981633974483, 1.4142135623730951
445, 4, 54, 180, 53, 181, 1, -1, -0.7853981633974483, 1.4142135623730951
445, 6, 106, 74, 105, 75, 1, -1, -0.7853981633974483, 1.4142135623730951
445, 11, 150, 178, 149, 179, 1, -1, -0.7853981633974483, 1.4142135623730951
445, 12, 171, 339, 170, 340, 1, -1, -0.7853981633974483, 1.4142135623730951
445, 13, 6, 326, 5, 327, 1, -1, -0.7853981633974483, 1.4142135623730951
445, 14, 387, 70, 386, 71, 1, -1, -0.7853981633974483, 1.4142135623730951
445, 16, 342, 123, 341, 124, 1, -1, -0.7853981633974483, 1.4142135623730951
445, 19, 207, 103, 206, 104, 1, -1, -0.7853981633974483, 1.4142135623730951
445, 20, 42, 403, 41, 404, 1, -1, -0.7853981633974483, 1.4142135623730951
445, 21, 295, 83, 294, 84, 1, -1, -0.7853981633974483, 1.4142135623730951
445, 22, 331, 351, 329, 351, 2, 0, 0.0, 2.0
445, 23, 468, 395, 466, 396, 2, -1, -0.4636476090008061, 2.23606797749979
445, 27, 164, 158, 163, 159, 1, -1, -0.7853981633974483, 1.4142135623730951
445, 28, 107, 167, 106, 168, 1, -1, -0.7853981633974483, 1.4142135623730951
445, 31, 475, 131, 472, 132, 3, -1, -0.3217505543966422, 3.1622776601683795
445, 32, 235, 107, 234, 108, 1, -1, -0.7853981633974483, 1.4142135623730951
445, 33, 435, 371, 434, 372, 1, -1, -0.7853981633974483, 1.4142135623730951
445, 34, 501, 352, 499, 353, 2, -1, -0.4636476090008061, 2.23606797749979
445, 37, 92, 329, 91, 330, 1, -1, -0.7853981633974483, 1.4142135623730951
445, 38, 179, 119, 178, 120, 1, -1, -0.7853981633974483, 1.4142135623730951
445, 43, 317, 103, 316, 104, 1, -1, -0.7853981633974483, 1.4142135623730951
445, 44, 441, 404, 439, 404, 2, 0, 0.0, 2.0
445, 45, 23, 93, 22, 94, 1, -1, -0.7853981633974483, 1.4142135623730951
445, 47, 231, 142, 230, 143, 1, -1, -0.7853981633974483, 1.4142135623730951
445, 49, 116, 110, 115, 111, 1, -1, -0.7853981633974483, 1.4142135623730951
445, 50, 35, 140, 33, 140, 2, 0, 0.0, 2.0
445, 51, 53, 377, 51, 377, 2, 0, 0.0, 2.0
445, 54, 7, 77, 6, 78, 1, -1, -0.7853981633974483, 1.4142135623730951
445, 55, 63, 184, 61, 185, 2, -1, -0.4636476090008061, 2.23606797749979
445, 59, 155, 136, 154, 137, 1, -1, -0.7853981633974483, 1.4142135623730951
446, 2, 320, 71, 319, 72, 1, -1, -0.7853981633974483, 1.4142135623730951
446, 4, 56, 180, 54, 180, 2, 0, 0.0, 2.0
446, 5, 163, 341, 162, 342, 1, -1, -0.7853981633974483, 1.4142135623730951
446, 8, 250, 130, 249, 131, 1, -1, -0.7853981633974483, 1.4142135623730951
446, 10, 552, 366, 550, 367, 2, -1, -0.4636476090008061, 2.23606797749979
446, 11, 151, 177, 150, 178, 1, -1, -0.7853981633974483, 1.4142135623730951
446, 12, 172, 338, 171, 339, 1, -1, -0.7853981633974483, 1.4142135623730951
446, 13, 8, 326, 6, 326, 2, 0, 0.0, 2.0
446, 14, 390, 69, 387, 70, 3, -1, -0.3217505543966422, 3.1622776601683795
446, 16, 344, 122, 342, 123, 2, -1, -0.4636476090008061, 2.23606797749979
446, 19, 209, 103, 207, 103, 2, 0, 0.0, 2.0
446, 20, 43, 402, 42, 403, 1, -1, -0.7853981633974483, 1.4142135623730951
446, 21, 296, 82, 295, 83, 1, -1, -0.7853981633974483, 1.4142135623730951
446, 22, 332, 350, 331, 351, 1, -1, -0.7853981633974483, 1.4142135623730951
446, 23, 470, 394, 468, 395, 2, -1, -0.4636476090008061, 2.23606797749979
446, 25, 218, 166, 217, 167, 1, -1, -0.7853981633974483, 1.4142135623730951
446, 26, 247, 122, 246, 124, 1, -2, -1.1071487177940904, 2.23606797749979
446, 28, 109, 167, 107, 167, 2, 0, 0.0, 2.0
446, 30, 251, 377, 250, 378, 1, -1, -0.7853981633974483, 1.4142135623730951
446, 31, 477, 129, 475, 131, 2, -2, -0.7853981633974483, 2.8284271247461903
446, 32, 236, 106, 235, 107, 1, -1, -0.7853981633974483, 1.4142135623730951
446, 33, 437, 371, 435, 371, 2, 0, 0.0, 2.0
446, 36, 496, 353, 493, 354, 3, -1, -0.3217505543966422, 3.1622776601683795
446, 38, 180, 118, 179, 119, 1, -1, -0.7853981633974483, 1.4142135623730951
446, 40, 439, 78, 436, 78, 3, 0, 0.0, 3.0
446, 41, 38, 97, 37, 98, 1, -1, -0.7853981633974483, 1.4142135623730951
446, 43, 318, 102, 317, 103, 1, -1, -0.7853981633974483, 1.4142135623730951
446, 44, 442, 403, 441, 404, 1, -1, -0.7853981633974483, 1.4142135623730951
446, 45, 24, 92, 23, 93, 1, -1, -0.7853981633974483, 1.4142135623730951
446, 46, 58, 315, 57, 316, 1, -1, -0.7853981633974483, 1.4142135623730951
446, 48, 296, 91, 295, 92, 1, -1, -0.7853981633974483, 1.4142135623730951
446, 49, 117, 109, 116, 110, 1, -1, -0.7853981633974483, 1.4142135623730951
446, 51, 55, 377, 53, 377, 2, 0, 0.0, 2.0
446, 52, 73, 73, 72, 74, 1, -1, -0.7853981633974483, 1.4142135623730951
446, 54, 8, 76, 7, 77, 1, -1, -0.7853981633974483, 1.4142135623730951
446, 55, 64, 183, 63, 184, 1, -1, -0.7853981633974483, 1.4142135623730951
446, 59, 156, 135, 155, 136, 1, -1, -0.7853981633974483, 1.4142135623730951
447, 2, 321, 70, 320, 71, 1, -1, -0.7853981633974483, 1.4142135623730951
447, 4, 57, 179, 56, 180, 1, -1, -0.7853981633974483, 1.4142135623730951
447, 5, 163, 339, 163, 341, 0, -2, -1.5707963267948966, 2.0
447, 6, 108, 73, 107, 74, 1, -1, -0.7853981633974483, 1.4142135623730951
447, 7, 78, 105, 78, 103, 0, 2, 1.5707963267948966, 2.0
447, 8, 250, 128, 250, 130, 0, -2, -1.5707963267948966, 2.0
447, 10, 555, 366, 552, 366, 3, 0, 0.0, 3.0
447, 11, 152, 176, 151, 177, 1, -1, -0.7853981633974483, 1.4142135623730951
447, 12, 173, 335, 172, 338, 1, -3, -1.2490457723982544, 3.1622776601683795
447, 13, 9, 325, 8, 326, 1, -1, -0.7853981633974483, 1.4142135623730951
447, 16, 345, 121, 344, 122, 1, -1, -0.7853981633974483, 1.4142135623730951
447, 17, 176, 406, 175, 407, 1, -1, -0.7853981633974483, 1.4142135623730951
447, 18, 225, 314, 224, 316, 1, -2, -1.1071487177940904, 2.23606797749979
447, 19, 211, 102, 209, 103, 2, -1, -0.4636476090008061, 2.23606797749979
447, 21, 297, 80, 296, 82, 1, -2, -1.1071487177940904, 2.23606797749979
447, 22, 333, 349, 332, 350, 1, -1, -0.7853981633974483, 1.4142135623730951
447, 23, 471, 393, 470, 394, 1, -1, -0.7853981633974483, 1.4142135623730951
447, 24, 32, 105, 33, 104, -1, 1, 2.356194490192345, 1.4142135623730951
447, 26, 248, 120, 247, 122, 1, -2, -1.1071487177940904, 2.23606797749979
447, 27, 165, 156, 164, 157, 1, -1, -0.7853981633974483, 1.4142135623730951
447, 28, 110, 166, 109, 167, 1, -1, -0.7853981633974483, 1.4142135623730951
447, 29, 129, 155, 128, 156, 1, -1, -0.7853981633974483, 1.4142135623730951
447, 30, 252, 376, 251, 377, 1, -1, -0.7853981633974483, 1.4142135623730951
447, 31, 478, 127, 477, 129, 1, -2, -1.1071487177940904, 2.23606797749979
447, 32, 237, 105, 236, 106, 1, -1, -0.7853981633974483, 1.4142135623730951
447, 33, 438, 370, 437, 371, 1, -1, -0.7853981633974483, 1.4142135623730951
447, 36, 498, 352, 496, 353, 2, -1, -0.4636476090008061, 2.23606797749979
447, 37, 94, 328, 93, 329, 1, -1, -0.7853981633974483, 1.4142135623730951
447, 38, 181, 117, 180, 118, 1, -1, -0.7853981633974483, 1.4142135623730951
447, 39, 149, 407, 148, 408, 1, -1, -0.7853981633974483, 1.4142135623730951
447, 41, 39, 101, 38, 97, 1, 4, 1.3258176636680326, 4.123105625617661
447, 43, 320, 101, 318, 102, 2, -1, -0.4636476090008061, 2.23606797749979
447, 44, 444, 402, 442, 403, 2, -1, -0.4636476090008061, 2.23606797749979
447, 45, 25, 89, 24, 92, 1, -3, -1.2490457723982544, 3.1622776601683795
447, 46, 59, 314, 58, 315, 1, -1, -0.7853981633974483, 1.4142135623730951
447, 47, 233, 141, 232, 142, 1, -1, -0.7853981633974483, 1.4142135623730951
447, 48, 295, 89, 296, 91, -1, -2, -2.0344439357957027, 2.23606797749979
447, 50, 38, 139, 36, 140, 2, -1, -0.4636476090008061, 2.23606797749979
447, 52, 74, 72, 73, 73, 1, -1, -0.7853981633974483, 1.4142135623730951
447, 54, 9, 75, 8, 76, 1, -1, -0.7853981633974483, 1.4142135623730951
447, 56, 213, 126, 212, 127, 1, -1, -0.7853981633974483, 1.4142135623730951
448, 5, 164, 338, 163, 339, 1, -1, -0.7853981633974483, 1.4142135623730951
448, 6, 109, 72, 108, 73, 1, -1, -0.7853981633974483, 1.4142135623730951
448, 8, 251, 127, 250, 128, 1, -1, -0.7853981633974483, 1.4142135623730951
448, 9, 408, 103, 406, 103, 2, 0, 0.0, 2.0
448, 10, 559, 365, 555, 366, 4, -1, -0.24497866312686414, 4.123105625617661
448, 11, 153, 175, 152, 176, 1, -1, -0.7853981633974483, 1.4142135623730951
448, 12, 174, 334, 173, 335, 1, -1, -0.7853981633974483, 1.4142135623730951
448, 14, 393, 69, 391, 69, 2, 0, 0.0, 2.0
448, 16, 347, 120, 345, 121, 2, -1, -0.4636476090008061, 2.23606797749979
448, 20, 45, 401, 44, 402, 1, -1, -0.7853981633974483, 1.4142135623730951
448, 23, 473, 393, 471, 393, 2, 0, 0.0, 2.0
448, 26, 249, 119, 248, 120, 1, -1, -0.7853981633974483, 1.4142135623730951
448, 29, 130, 154, 129, 155, 1, -1, -0.7853981633974483, 1.4142135623730951
448, 32, 238, 104, 237, 105, 1, -1, -0.7853981633974483, 1.4142135623730951
448, 36, 501, 352, 498, 352, 3, 0, 0.0, 3.0
448, 38, 182, 116, 181, 117, 1, -1, -0.7853981633974483, 1.4142135623730951
448, 40, 442, 78, 440, 78, 2, 0, 0.0, 2.0
448, 41, 41, 101, 39, 101, 2, 0, 0.0, 2.0
448, 43, 322, 100, 320, 101, 2, -1, -0.4636476090008061, 2.23606797749979
448, 45, 26, 88, 25, 89, 1, -1, -0.7853981633974483, 1.4142135623730951
448, 48, 296, 88, 295, 89, 1, -1, -0.7853981633974483, 1.4142135623730951
448, 51, 57, 376, 56, 377, 1, -1, -0.7853981633974483, 1.4142135623730951
448, 57, 234, 113, 233, 114, 1, -1, -0.7853981633974483, 1.4142135623730951
448, 58, 15, 360, 13, 360, 2, 0, 0.0, 2.0
448, 59, 158, 134, 157, 135, 1, -1, -0.7853981633974483, 1.4142135623730951
448, 60, 236, 83, 235, 82, 1, 1, 0.7853981633974483, 1.4142135623730951
449, 3, 272, 70, 271, 71, 1, -1, -0.7853981633974483, 1.4142135623730951
449, 4, 59, 178, 58, 179, 1, -1, -0.7853981633974483, 1.4142135623730951
449, 6, 110, 71, 109, 72, 1, -1, -0.7853981633974483, 1.4142135623730951
449, 7, 80, 104, 79, 105, 1, -1, -0.7853981633974483, 1.4142135623730951
449, 10, 561, 365, 559, 365, 2, 0, 0.0, 2.0
449, 12, 176, 333, 174, 334, 2, -1, -0.4636476090008061, 2.23606797749979
449, 14, 394, 68, 393, 69, 1, -1, -0.7853981633974483, 1.4142135623730951
449, 16, 348, 119, 347, 120, 1, -1, -0.7853981633974483, 1.4142135623730951
449, 20, 46, 400, 45, 401, 1, -1, -0.7853981633974483, 1.4142135623730951
449, 22, 336, 349, 334, 349, 2, 0, 0.0, 2.0
449, 26, 250, 118, 249, 119, 1, -1, -0.7853981633974483, 1.4142135623730951
449, 29, 131, 153, 130, 154, 1, -1, -0.7853981633974483, 1.4142135623730951
449, 33, 440, 369, 439, 370, 1, -1, -0.7853981633974483, 1.4142135623730951
449, 34, 503, 349, 502, 350, 1, -1, -0.7853981633974483, 1.4142135623730951
449, 36, 502, 351, 501, 352, 1, -1, -0.7853981633974483, 1.4142135623730951
449, 37, 95, 327, 94, 328, 1, -1, -0.7853981633974483, 1.4142135623730951
449, 38, 183, 115, 182, 116, 1, -1, -0.7853981633974483, 1.4142135623730951
449, 39, 150, 405, 149, 406, 1, -1, -0.7853981633974483, 1.4142135623730951
449, 40, 444, 78, 442, 78, 2, 0, 0.0, 2.0
449, 41, 42, 100, 41, 101, 1, -1, -0.7853981633974483, 1.4142135623730951
449, 43, 323, 99, 322, 100, 1, -1, -0.7853981633974483, 1.4142135623730951
449, 44, 447, 401, 445, 402, 2, -1, -0.4636476090008061, 2.23606797749979
449, 45, 28, 87, 26, 88, 2, -1, -0.4636476090008061, 2.23606797749979
449, 49, 119, 108, 118, 109, 1, -1, -0.7853981633974483, 1.4142135623730951
449, 54, 10, 73, 9, 74, 1, -1, -0.7853981633974483, 1.4142135623730951
449, 59, 159, 133, 158, 134, 1, -1, -0.7853981633974483, 1.4142135623730951
449, 60, 238, 84, 236, 83, 2, 1, 0.4636476090008061, 2.23606797749979
450, 2, 176, 114, 175, 115, 1, -1, -0.7853981633974483, 1.4142135623730951
450, 4, 59, 180, 58, 181, 1, -1, -0.7853981633974483, 1.4142135623730951
450, 6, 167, 157, 166, 158, 1, -1, -0.7853981633974483, 1.4142135623730951
450, 7, 249, 125, 248, 126, 1, -1, -0.7853981633974483, 1.4142135623730951
450, 10, 153, 407, 152, 408, 1, -1, -0.7853981633974483, 1.4142135623730951
450, 11, 45, 72, 44, 73, 1, -1, -0.7853981633974483, 1.4142135623730951
450, 12, 347, 124, 346, 125, 1, -1, -0.7853981633974483, 1.4142135623730951
450, 14, 47, 403, 46, 404, 1, -1, -0.7853981633974483, 1.4142135623730951
450, 15, 473, 395, 472, 396, 1, -1, -0.7853981633974483, 1.4142135623730951
450, 17, 393, 72, 391, 72, 2, 0, 0.0, 2.0
450, 18, 110, 167, 109, 168, 1, -1, -0.7853981633974483, 1.4142135623730951
450, 20, 158, 136, 157, 137, 1, -1, -0.7853981633974483, 1.4142135623730951
450, 22, 559, 368, 556, 368, 3, 0, 0.0, 3.0
450, 25, 336, 350, 334, 351, 2, -1, -0.4636476090008061, 2.23606797749979
450, 26, 131, 156, 130, 157, 1, -1, -0.7853981633974483, 1.4142135623730951
450, 29, 437, 372, 436, 373, 1, -1, -0.7853981633974483, 1.4142135623730951
450, 32, 447, 404, 445, 405, 2, -1, -0.4636476090008061, 2.23606797749979
450, 33, 405, 105, 404, 106, 1, -1, -0.7853981633974483, 1.4142135623730951
450, 37, 300, 354, 299, 355, 1, -1, -0.7853981633974483, 1.4142135623730951
450, 38, 110, 73, 109, 74, 1, -1, -0.7853981633974483, 1.4142135623730951
450, 39, 268, 95, 267, 96, 1, -1, -0.7853981633974483, 1.4142135623730951
450, 40, 189, 383, 188, 384, 1, -1, -0.7853981633974483, 1.4142135623730951
450, 41, 250, 132, 249, 133, 1, -1, -0.7853981633974483, 1.4142135623730951
450, 43, 177, 336, 176, 337, 1, -1, -0.7853981633974483, 1.4142135623730951
450, 46, 324, 103, 322, 103, 2, 0, 0.0, 2.0
451, 2, 176, 112, 176, 114, 0, -2, -1.5707963267948966, 2.0
451, 3, 272, 70, 271, 71, 1, -1, -0.7853981633974483, 1.4142135623730951
451, 4, 61, 179, 59, 180, 2, -1, -0.4636476090008061, 2.23606797749979
451, 7, 250, 124, 249, 125, 1, -1, -0.7853981633974483, 1.4142135623730951
451, 10, 154, 406, 153, 407, 1, -1, -0.7853981633974483, 1.4142135623730951
451, 12, 348, 123, 347, 124, 1, -1, -0.7853981633974483, 1.4142135623730951
451, 13, 153, 177, 152, 178, 1, -1, -0.7853981633974483, 1.4142135623730951
451, 14, 48, 402, 47, 403, 1, -1, -0.7853981633974483, 1.4142135623730951
451, 15, 475, 394, 473, 395, 2, -1, -0.4636476090008061, 2.23606797749979
451, 17, 395, 72, 393, 72, 2, 0, 0.0, 2.0
451, 18, 111, 166, 110, 167, 1, -1, -0.7853981633974483, 1.4142135623730951
451, 20, 159, 135, 158, 136, 1, -1, -0.7853981633974483, 1.4142135623730951
451, 22, 561, 367, 559, 368, 2, -1, -0.4636476090008061, 2.23606797749979
451, 24, 12, 77, 11, 78, 1, -1, -0.7853981633974483, 1.4142135623730951
451, 27, 62, 315, 61, 316, 1, -1, -0.7853981633974483, 1.4142135623730951
451, 28, 219, 160, 218, 161, 1, -1, -0.7853981633974483, 1.4142135623730951
451, 29, 438, 371, 437, 372, 1, -1, -0.7853981633974483, 1.4142135623730951
451, 30, 397, 78, 395, 79, 2, -1, -0.4636476090008061, 2.23606797749979
451, 32, 449, 404, 447, 404, 2, 0, 0.0, 2.0
451, 33, 406, 104, 405, 105, 1, -1, -0.7853981633974483, 1.4142135623730951
451, 34, 118, 109, 117, 110, 1, -1, -0.7853981633974483, 1.4142135623730951
451, 36, 27, 94, 26, 95, 1, -1, -0.7853981633974483, 1.4142135623730951
451, 38, 112, 72, 110, 73, 2, -1, -0.4636476090008061, 2.23606797749979
451, 41, 251, 131, 250, 132, 1, -1, -0.7853981633974483, 1.4142135623730951
451, 42, 296, 91, 295, 92, 1, -1, -0.7853981633974483, 1.4142135623730951
451, 43, 178, 335, 177, 336, 1, -1, -0.7853981633974483, 1.4142135623730951
451, 44, 81, 105, 79, 106, 2, -1, -0.4636476090008061, 2.23606797749979
451, 45, 257, 132, 256, 133, 1, -1, -0.7853981633974483, 1.4142135623730951
451, 46, 326, 103, 324, 103, 2, 0, 0.0, 2.0
452, 2, 177, 110, 176, 112, 1, -2, -1.1071487177940904, 2.23606797749979
452, 4, 62, 178, 61, 179, 1, -1, -0.7853981633974483, 1.4142135623730951
452, 6, 169, 156, 168, 157, 1, -1, -0.7853981633974483, 1.4142135623730951
452, 11, 47, 71, 46, 72, 1, -1, -0.7853981633974483, 1.4142135623730951
452, 12, 350, 123, 348, 123, 2, 0, 0.0, 2.0
452, 13, 154, 176, 153, 177, 1, -1, -0.7853981633974483, 1.4142135623730951
452, 14, 50, 402, 48, 402, 2, 0, 0.0, 2.0
452, 15, 477, 393, 475, 394, 2, -1, -0.4636476090008061, 2.23606797749979
452, 17, 397, 72, 395, 72, 2, 0, 0.0, 2.0
452, 18, 112, 165, 111, 166, 1, -1, -0.7853981633974483, 1.4142135623730951
452, 20, 160, 134, 159, 135, 1, -1, -0.7853981633974483, 1.4142135623730951
452, 22, 562, 366, 561, 367, 1, -1, -0.7853981633974483, 1.4142135623730951
452, 25, 339, 349, 337, 350, 2, -1, -0.4636476090008061, 2.23606797749979
452, 26, 133, 155, 132, 156, 1, -1, -0.7853981633974483, 1.4142135623730951
452, 29, 440, 370, 438, 371, 2, -1, -0.4636476090008061, 2.23606797749979
452, 30, 398, 77, 397, 78, 1, -1, -0.7853981633974483, 1.4142135623730951
452, 32, 451, 403, 449, 404, 2, -1, -0.4636476090008061, 2.23606797749979
452, 33, 408, 104, 406, 104, 2, 0, 0.0, 2.0
452, 34, 119, 108, 118, 109, 1, -1, -0.7853981633974483, 1.4142135623730951
452, 37, 303, 354, 301, 354, 2, 0, 0.0, 2.0
452, 38, 113, 71, 112, 72, 1, -1, -0.7853981633974483, 1.4142135623730951
452, 39, 270, 94, 269, 95, 1, -1, -0.7853981633974483, 1.4142135623730951
452, 40, 190, 381, 189, 382, 1, -1, -0.7853981633974483, 1.4142135623730951
452, 44, 82, 104, 81, 105, 1, -1, -0.7853981633974483, 1.4142135623730951
452, 45, 258, 131, 257, 132, 1, -1, -0.7853981633974483, 1.4142135623730951
452, 46, 328, 103, 326, 103, 2, 0, 0.0, 2.0
453, 2, 178, 109, 177, 110, 1, -1, -0.7853981633974483, 1.4142135623730951
453, 3, 274, 69, 273, 70, 1, -1, -0.7853981633974483, 1.4142135623730951
453, 4, 64, 177, 62, 178, 2, -1, -0.4636476090008061, 2.23606797749979
453, 7, 251, 123, 250, 124, 1, -1, -0.7853981633974483, 1.4142135623730951
453, 11, 48, 70, 47, 71, 1, -1, -0.7853981633974483, 1.4142135623730951
453, 14, 51, 401, 50, 402, 1, -1, -0.7853981633974483, 1.4142135623730951
453, 15, 479, 392, 477, 393, 2, -1, -0.4636476090008061, 2.23606797749979
453, 17, 399, 71, 397, 72, 2, -1, -0.4636476090008061, 2.23606797749979
453, 18, 113, 164, 112, 165, 1, -1, -0.7853981633974483, 1.4142135623730951
453, 20, 161, 133, 160, 134, 1, -1, -0.7853981633974483, 1.4142135623730951
453, 22, 564, 365, 562, 366, 2, -1, -0.4636476090008061, 2.23606797749979
453, 24, 13, 75, 12, 76, 1, -1, -0.7853981633974483, 1.4142135623730951
453, 25, 341, 348, 339, 349, 2, -1, -0.4636476090008061, 2.23606797749979
453, 26, 134, 154, 133, 155, 1, -1, -0.7853981633974483, 1.4142135623730951
453, 27, 64, 314, 63, 315, 1, -1, -0.7853981633974483, 1.4142135623730951
453, 29, 442, 369, 440, 370, 2, -1, -0.4636476090008061, 2.23606797749979
453, 30, 399, 76, 398, 77, 1, -1, -0.7853981633974483, 1.4142135623730951
453, 32, 453, 402, 451, 403, 2, -1, -0.4636476090008061, 2.23606797749979
453, 33, 409, 103, 408, 104, 1, -1, -0.7853981633974483, 1.4142135623730951
453, 34, 120, 107, 119, 108, 1, -1, -0.7853981633974483, 1.4142135623730951
453, 35, 61, 376, 59, 377, 2, -1, -0.4636476090008061, 2.23606797749979
453, 38, 114, 70, 113, 71, 1, -1, -0.7853981633974483, 1.4142135623730951
453, 39, 271, 93, 270, 94, 1, -1, -0.7853981633974483, 1.4142135623730951
453, 40, 191, 380, 190, 381, 1, -1, -0.7853981633974483, 1.4142135623730951
453, 41, 252, 129, 251, 130, 1, -1, -0.7853981633974483, 1.4142135623730951
453, 44, 83, 103, 82, 104, 1, -1, -0.7853981633974483, 1.4142135623730951
453, 45, 259, 130, 258, 131, 1, -1, -0.7853981633974483, 1.4142135623730951
454, 2, 179, 107, 178, 109, 1, -2, -1.1071487177940904, 2.23606797749979
454, 3, 275, 68, 274, 69, 1, -1, -0.7853981633974483, 1.4142135623730951
454, 4, 66, 176, 64, 177, 2, -1, -0.4636476090008061, 2.23606797749979
454, 11, 49, 69, 48, 70, 1, -1, -0.7853981633974483, 1.4142135623730951
454, 12, 353, 123, 351, 123, 2, 0, 0.0, 2.0
454, 15, 481, 391, 479, 392, 2, -1, -0.4636476090008061, 2.23606797749979
454, 17, 401, 70, 399, 71, 2, -1, -0.4636476090008061, 2.23606797749979
454, 18, 114, 163, 113, 164, 1, -1, -0.7853981633974483, 1.4142135623730951
454, 20, 162, 132, 161, 133, 1, -1, -0.7853981633974483, 1.4142135623730951
454, 22, 566, 364, 564, 365, 2, -1, -0.4636476090008061, 2.23606797749979
454, 24, 14, 74, 13, 75, 1, -1, -0.7853981633974483, 1.4142135623730951
454, 25, 343, 348, 341, 348, 2, 0, 0.0, 2.0
454, 26, 135, 153, 134, 154, 1, -1, -0.7853981633974483, 1.4142135623730951
454, 27, 66, 313, 64, 314, 2, -1, -0.4636476090008061, 2.23606797749979
454, 29, 443, 368, 442, 369, 1, -1, -0.7853981633974483, 1.4142135623730951
454, 30, 401, 75, 399, 76, 2, -1, -0.4636476090008061, 2.23606797749979
454, 31, 19, 157, 17, 157, 2, 0, 0.0, 2.0
454, 32, 455, 402, 453, 402, 2, 0, 0.0, 2.0
454, 35, 63, 375, 61, 376, 2, -1, -0.4636476090008061, 2.23606797749979
454, 40, 192, 379, 191, 380, 1, -1, -0.7853981633974483, 1.4142135623730951
454, 42, 300, 90, 298, 91, 2, -1, -0.4636476090008061, 2.23606797749979
455, 1, 179, 112, 178, 113, 1, -1, -0.7853981633974483, 1.4142135623730951
455, 5, 303, 82, 302, 83, 1, -1, -0.7853981633974483, 1.4142135623730951
455, 6, 158, 178, 156, 179, 2, -1, -0.4636476090008061, 2.23606797749979
455, 8, 252, 124, 251, 125, 1, -1, -0.7853981633974483, 1.4142135623730951
455, 9, 63, 179, 62, 180, 1, -1, -0.7853981633974483, 1.4142135623730951
455, 11, 222, 161, 221, 162, 1, -1, -0.7853981633974483, 1.4142135623730951
455, 14, 50, 72, 49, 73, 1, -1, -0.7853981633974483, 1.4142135623730951
455, 15, 565, 366, 562, 367, 3, -1, -0.3217505543966422, 3.1622776601683795
455, 16, 171, 157, 169, 158, 2, -1, -0.4636476090008061, 2.23606797749979
455, 17, 9, 150, 8, 151, 1, -1, -0.7853981633974483, 1.4142135623730951
455, 19, 353, 124, 351, 124, 2, 0, 0.0, 2.0
455, 23, 416, 346, 413, 346, 3, 0, 0.0, 3.0
455, 25, 328, 103, 327, 104, 1, -1, -0.7853981633974483, 1.4142135623730951
455, 26, 134, 154, 133, 155, 1, -1, -0.7853981633974483, 1.4142135623730951
455, 28, 24, 155, 22, 155, 2, 0, 0.0, 2.0
455, 29, 14, 76, 13, 77, 1, -1, -0.7853981633974483, 1.4142135623730951
455, 30, 64, 316, 63, 317, 1, -1, -0.7853981633974483, 1.4142135623730951
455, 31, 399, 78, 398, 79, 1, -1, -0.7853981633974483, 1.4142135623730951
455, 32, 192, 383, 191, 384, 1, -1, -0.7853981633974483, 1.4142135623730951
455, 35, 479, 396, 477, 396, 2, 0, 0.0, 2.0
455, 38, 341, 355, 340, 356, 1, -1, -0.7853981633974483, 1.4142135623730951
455, 39, 165, 182, 164, 181, 1, 1, 0.7853981633974483, 1.4142135623730951
455, 42, 83, 105, 82, 106, 1, -1, -0.7853981633974483, 1.4142135623730951
455, 43, 61, 148, 60, 149, 1, -1, -0.7853981633974483, 1.4142135623730951
455, 44, 173, 399, 172, 400, 1, -1, -0.7853981633974483, 1.4142135623730951
455, 45, 54, 82, 53, 83, 1, -1, -0.7853981633974483, 1.4142135623730951
455, 46, 453, 403, 451, 404, 2, -1, -0.4636476090008061, 2.23606797749979
455, 47, 271, 94, 270, 95, 1, -1, -0.7853981633974483, 1.4142135623730951
455, 48, 399, 71, 397, 72, 2, -1, -0.4636476090008061, 2.23606797749979
455, 50, 21, 361, 19, 361, 2, 0, 0.0, 2.0
455, 51, 95, 396, 94, 397, 1, -1, -0.7853981633974483, 1.4142135623730951
455, 55, 241, 107, 240, 108, 1, -1, -0.7853981633974483, 1.4142135623730951
455, 59, 450, 79, 448, 80, 2, -1, -0.4636476090008061, 2.23606797749979
455, 60, 304, 354, 302, 355, 2, -1, -0.4636476090008061, 2.23606797749979
455, 62, 374, 104, 373, 106, 1, -2, -1.1071487177940904, 2.23606797749979
455, 65, 41, 138, 40, 139, 1, -1, -0.7853981633974483, 1.4142135623730951
455, 66, 111, 166, 110, 167, 1, -1, -0.7853981633974483, 1.4142135623730951
455, 69, 86, 405, 85, 406, 1, -1, -0.7853981633974483, 1.4142135623730951
455, 70, 373, 98, 372, 99, 1, -1, -0.7853981633974483, 1.4142135623730951
455, 72, 89, 153, 88, 154, 1, -1, -0.7853981633974483, 1.4142135623730951
455, 73, 162, 132, 160, 133, 2, -1, -0.4636476090008061, 2.23606797749979
455, 75, 183, 360, 182, 361, 1, -1, -0.7853981633974483, 1.4142135623730951
456, 0, 249, 331, 248, 330, 1, 1, 0.7853981633974483, 1.4142135623730951
456, 2, 277, 70, 276, 71, 1, -1, -0.7853981633974483, 1.4142135623730951
456, 3, 54, 404, 52, 404, 2, 0, 0.0, 2.0
456, 6, 159, 177, 158, 178, 1, -1, -0.7853981633974483, 1.4142135623730951
456, 8, 253, 123, 252, 124, 1, -1, -0.7853981633974483, 1.4142135623730951
456, 9, 64, 178, 63, 179, 1, -1, -0.7853981633974483, 1.4142135623730951
456, 11, 223, 160, 222, 161, 1, -1, -0.7853981633974483, 1.4142135623730951
456, 14, 51, 71, 50, 72, 1, -1, -0.7853981633974483, 1.4142135623730951
456, 15, 568, 365, 565, 366, 3, -1, -0.3217505543966422, 3.1622776601683795
456, 16, 172, 156, 171, 157, 1, -1, -0.7853981633974483, 1.4142135623730951
456, 17, 10, 149, 9, 150, 1, -1, -0.7853981633974483, 1.4142135623730951
456, 19, 355, 124, 353, 124, 2, 0, 0.0, 2.0
456, 26, 135, 153, 134, 154, 1, -1, -0.7853981633974483, 1.4142135623730951
456, 31, 401, 77, 399, 78, 2, -1, -0.4636476090008061, 2.23606797749979
456, 32, 193, 382, 192, 383, 1, -1, -0.7853981633974483, 1.4142135623730951
456, 34, 98, 348, 97, 349, 1, -1, -0.7853981633974483, 1.4142135623730951
456, 35, 481, 396, 479, 396, 2, 0, 0.0, 2.0
456, 38, 343, 354, 341, 355, 2, -1, -0.4636476090008061, 2.23606797749979
456, 42, 84, 104, 83, 105, 1, -1, -0.7853981633974483, 1.4142135623730951
456, 43, 62, 147, 61, 148, 1, -1, -0.7853981633974483, 1.4142135623730951
456, 44, 171, 399, 173, 399, -2, 0, 3.141592653589793, 2.0
456, 46, 455, 402, 453, 403, 2, -1, -0.4636476090008061, 2.23606797749979
456, 48, 401, 70, 399, 71, 2, -1, -0.4636476090008061, 2.23606797749979
456, 50, 22, 360, 21, 361, 1, -1, -0.7853981633974483, 1.4142135623730951
456, 51, 96, 395, 95, 396, 1, -1, -0.7853981633974483, 1.4142135623730951
456, 53, 206, 98, 205, 99, 1, -1, -0.7853981633974483, 1.4142135623730951
456, 55, 242, 106, 241, 107, 1, -1, -0.7853981633974483, 1.4142135623730951
456, 56, 259, 131, 258, 132, 1, -1, -0.7853981633974483, 1.4142135623730951
456, 59, 452, 78, 450, 79, 2, -1, -0.4636476090008061, 2.23606797749979
456, 61, 116, 74, 115, 75, 1, -1, -0.7853981633974483, 1.4142135623730951
456, 62, 375, 103, 374, 104, 1, -1, -0.7853981633974483, 1.4142135623730951
456, 63, 516, 362, 513, 362, 3, 0, 0.0, 3.0
456, 66, 112, 165, 111, 166, 1, -1, -0.7853981633974483, 1.4142135623730951
456, 70, 374, 97, 373, 98, 1, -1, -0.7853981633974483, 1.4142135623730951
456, 72, 90, 152, 89, 153, 1, -1, -0.7853981633974483, 1.4142135623730951
456, 73, 163, 131, 162, 132, 1, -1, -0.7853981633974483, 1.4142135623730951
457, 1, 180, 110, 179, 111, 1, -1, -0.7853981633974483, 1.4142135623730951
457, 2, 278, 69, 277, 70, 1, -1, -0.7853981633974483, 1.4142135623730951
457, 6, 160, 176, 159, 177, 1, -1, -0.7853981633974483, 1.4142135623730951
457, 9, 65, 177, 64, 178, 1, -1, -0.7853981633974483, 1.4142135623730951
457, 14, 52, 70, 51, 71, 1, -1, -0.7853981633974483, 1.4142135623730951
457, 15, 571, 365, 568, 365, 3, 0, 0.0, 3.0
457, 16, 173, 155, 172, 156, 1, -1, -0.7853981633974483, 1.4142135623730951
457, 17, 11, 148, 10, 149, 1, -1, -0.7853981633974483, 1.4142135623730951
457, 19, 357, 124, 355, 124, 2, 0, 0.0, 2.0
457, 25, 330, 102, 329, 103, 1, -1, -0.7853981633974483, 1.4142135623730951
457, 26, 136, 152, 135, 153, 1, -1, -0.7853981633974483, 1.4142135623730951
457, 29, 15, 74, 14, 75, 1, -1, -0.7853981633974483, 1.4142135623730951
457, 31, 402, 76, 401, 77, 1, -1, -0.7853981633974483, 1.4142135623730951
457, 33, 32, 90, 31, 91, 1, -1, -0.7853981633974483, 1.4142135623730951
457, 34, 99, 347, 98, 348, 1, -1, -0.7853981633974483, 1.4142135623730951
457, 35, 483, 395, 481, 396, 2, -1, -0.4636476090008061, 2.23606797749979
457, 38, 345, 354, 343, 354, 2, 0, 0.0, 2.0
457, 39, 167, 183, 166, 182, 1, 1, 0.7853981633974483, 1.4142135623730951
457, 42, 85, 103, 84, 104, 1, -1, -0.7853981633974483, 1.4142135623730951
457, 43, 63, 146, 62, 147, 1, -1, -0.7853981633974483, 1.4142135623730951
457, 45, 55, 81, 54, 82, 1, -1, -0.7853981633974483, 1.4142135623730951
457, 46, 457, 402, 455, 402, 2, 0, 0.0, 2.0
457, 47, 272, 92, 271, 93, 1, -1, -0.7853981633974483, 1.4142135623730951
457, 48, 403, 69, 401, 70, 2, -1, -0.4636476090008061, 2.23606797749979
457, 51, 97, 394, 96, 395, 1, -1, -0.7853981633974483, 1.4142135623730951
457, 52, 106, 380, 105, 381, 1, -1, -0.7853981633974483, 1.4142135623730951
457, 57, 64, 396, 63, 397, 1, -1, -0.7853981633974483, 1.4142135623730951
457, 58, 49, 336, 51, 336, -2, 0, 3.141592653589793, 2.0
457, 59, 454, 77, 452, 78, 2, -1, -0.4636476090008061, 2.23606797749979
457, 61, 117, 73, 116, 74, 1, -1, -0.7853981633974483, 1.4142135623730951
457, 62, 376, 102, 375, 103, 1, -1, -0.7853981633974483, 1.4142135623730951
457, 63, 518, 361, 516, 362, 2, -1, -0.4636476090008061, 2.23606797749979
457, 69, 88, 404, 87, 405, 1, -1, -0.7853981633974483, 1.4142135623730951
457, 71, 216, 123, 215, 124, 1, -1, -0.7853981633974483, 1.4142135623730951
457, 73, 164, 130, 163, 131, 1, -1, -0.7853981633974483, 1.4142135623730951
457, 74, 185, 359, 184, 360, 1, -1, -0.7853981633974483, 1.4142135623730951
458, 4, 329, 71, 328, 72, 1, -1, -0.7853981633974483, 1.4142135623730951
458, 8, 254, 121, 253, 122, 1, -1, -0.7853981633974483, 1.4142135623730951
458, 9, 66, 176, 65, 177, 1, -1, -0.7853981633974483, 1.4142135623730951
458, 11, 225, 159, 224, 160, 1, -1, -0.7853981633974483, 1.4142135623730951
458, 12, 15, 326, 14, 327, 1, -1, -0.7853981633974483, 1.4142135623730951
458, 14, 53, 69, 52, 70, 1, -1, -0.7853981633974483, 1.4142135623730951
458, 15, 573, 365, 571, 365, 2, 0, 0.0, 2.0
458, 19, 359, 123, 357, 124, 2, -1, -0.4636476090008061, 2.23606797749979
458, 21, 183, 334, 182, 335, 1, -1, -0.7853981633974483, 1.4142135623730951
458, 24, 101, 331, 100, 330, 1, 1, 0.7853981633974483, 1.4142135623730951
458, 25, 332, 102, 330, 102, 2, 0, 0.0, 2.0
458, 26, 137, 151, 136, 152, 1, -1, -0.7853981633974483, 1.4142135623730951
458, 30, 67, 315, 66, 316, 1, -1, -0.7853981633974483, 1.4142135623730951
458, 31, 404, 75, 402, 76, 2, -1, -0.4636476090008061, 2.23606797749979
458, 35, 485, 394, 483, 395, 2, -1, -0.4636476090008061, 2.23606797749979
458, 36, 185, 115, 184, 117, 1, -2, -1.1071487177940904, 2.23606797749979
458, 38, 347, 354, 345, 354, 2, 0, 0.0, 2.0
458, 39, 169, 182, 167, 183, 2, -1, -0.4636476090008061, 2.23606797749979
458, 42, 86, 102, 85, 103, 1, -1, -0.7853981633974483, 1.4142135623730951
458, 43, 64, 145, 63, 146, 1, -1, -0.7853981633974483, 1.4142135623730951
458, 44, 56, 80, 55, 81, 1, -1, -0.7853981633974483, 1.4142135623730951
458, 45, 459, 402, 457, 402, 2, 0, 0.0, 2.0
458, 46, 273, 91, 272, 92, 1, -1, -0.7853981633974483, 1.4142135623730951
458, 47, 405, 69, 403, 69, 2, 0, 0.0, 2.0
458, 49, 24, 359, 23, 360, 1, -1, -0.7853981633974483, 1.4142135623730951
458, 50, 99, 393, 97, 394, 2, -1, -0.4636476090008061, 2.23606797749979
458, 51, 107, 379, 106, 380, 1, -1, -0.7853981633974483, 1.4142135623730951
458, 52, 208, 97, 207, 98, 1, -1, -0.7853981633974483, 1.4142135623730951
458, 54, 243, 104, 242, 105, 1, -1, -0.7853981633974483, 1.4142135623730951
458, 56, 65, 395, 64, 396, 1, -1, -0.7853981633974483, 1.4142135623730951
458, 58, 456, 77, 454, 77, 2, 0, 0.0, 2.0
458, 59, 308, 353, 306, 354, 2, -1, -0.4636476090008061, 2.23606797749979
458, 61, 377, 101, 376, 102, 1, -1, -0.7853981633974483, 1.4142135623730951
458, 62, 520, 360, 518, 361, 2, -1, -0.4636476090008061, 2.23606797749979
458, 65, 114, 164, 113, 165, 1, -1, -0.7853981633974483, 1.4142135623730951
458, 69, 377, 96, 375, 97, 2, -1, -0.4636476090008061, 2.23606797749979
458, 70, 217, 122, 216, 123, 1, -1, -0.7853981633974483, 1.4142135623730951
458, 72, 165, 129, 164, 130, 1, -1, -0.7853981633974483, 1.4142135623730951
458, 73, 186, 358, 185, 359, 1, -1, -0.7853981633974483, 1.4142135623730951
459, 1, 181, 108, 180, 109, 1, -1, -0.7853981633974483, 1.4142135623730951
459, 6, 161, 175, 160, 176, 1, -1, -0.7853981633974483, 1.4142135623730951
459, 7, 172, 341, 171, 342, 1, -1, -0.7853981633974483, 1.4142135623730951
459, 9, 67, 175, 66, 176, 1, -1, -0.7853981633974483, 1.4142135623730951
459, 12, 16, 325, 15, 326, 1, -1, -0.7853981633974483, 1.4142135623730951
459, 13, 179, 403, 178, 404, 1, -1, -0.7853981633974483, 1.4142135623730951
459, 15, 576, 364, 573, 365, 3, -1, -0.3217505543966422, 3.1622776601683795
459, 16, 175, 154, 174, 155, 1, -1, -0.7853981633974483, 1.4142135623730951
459, 17, 13, 147, 12, 148, 1, -1, -0.7853981633974483, 1.4142135623730951
459, 19, 361, 123, 359, 123, 2, 0, 0.0, 2.0
459, 20, 125, 107, 124, 108, 1, -1, -0.7853981633974483, 1.4142135623730951
459, 25, 333, 101, 332, 102, 1, -1, -0.7853981633974483, 1.4142135623730951
459, 26, 138, 150, 137, 151, 1, -1, -0.7853981633974483, 1.4142135623730951
459, 31, 406, 75, 404, 75, 2, 0, 0.0, 2.0
459, 33, 33, 88, 32, 89, 1, -1, -0.7853981633974483, 1.4142135623730951
459, 34, 102, 346, 100, 347, 2, -1, -0.4636476090008061, 2.23606797749979
459, 35, 487, 393, 485, 394, 2, -1, -0.4636476090008061, 2.23606797749979
459, 36, 186, 114, 185, 115, 1, -1, -0.7853981633974483, 1.4142135623730951
459, 38, 349, 353, 347, 354, 2, -1, -0.4636476090008061, 2.23606797749979
459, 39, 171, 182, 169, 182, 2, 0, 0.0, 2.0
459, 42, 87, 101, 86, 102, 1, -1, -0.7853981633974483, 1.4142135623730951
459, 43, 65, 144, 64, 145, 1, -1, -0.7853981633974483, 1.4142135623730951
459, 45, 460, 401, 459, 402, 1, -1, -0.7853981633974483, 1.4142135623730951
459, 46, 275, 91, 273, 91, 2, 0, 0.0, 2.0
459, 47, 407, 69, 405, 69, 2, 0, 0.0, 2.0
459, 48, 204, 394, 203, 395, 1, -1, -0.7853981633974483, 1.4142135623730951
459, 50, 102, 393, 99, 393, 3, 0, 0.0, 3.0
459, 51, 108, 378, 107, 379, 1, -1, -0.7853981633974483, 1.4142135623730951
459, 56, 67, 394, 65, 395, 2, -1, -0.4636476090008061, 2.23606797749979
459, 57, 458, 77, 456, 77, 2, 0, 0.0, 2.0
459, 64, 115, 163, 114, 164, 1, -1, -0.7853981633974483, 1.4142135623730951
459, 67, 90, 403, 89, 404, 1, -1, -0.7853981633974483, 1.4142135623730951
459, 68, 379, 96, 377, 96, 2, 0, 0.0, 2.0
459, 69, 218, 121, 217, 122, 1, -1, -0.7853981633974483, 1.4142135623730951
460, 0, 182, 110, 181, 111, 1, -1, -0.7853981633974483, 1.4142135623730951
460, 3, 68, 179, 67, 180, 1, -1, -0.7853981633974483, 1.4142135623730951
460, 6, 257, 123, 256, 124, 1, -1, -0.7853981633974483, 1.4142135623730951
460, 8, 175, 157, 174, 158, 1, -1, -0.7853981633974483, 1.4142135623730951
460, 11, 571, 367, 569, 367, 2, 0, 0.0, 2.0
460, 12, 16, 327, 15, 328, 1, -1, -0.7853981633974483, 1.4142135623730951
460, 13, 161, 177, 160, 178, 1, -1, -0.7853981633974483, 1.4142135623730951
460, 14, 46, 102, 45, 103, 1, -1, -0.7853981633974483, 1.4142135623730951
460, 15, 251, 113, 249, 115, 2, -2, -0.7853981633974483, 2.8284271247461903
460, 17, 14, 150, 12, 151, 2, -1, -0.4636476090008061, 2.23606797749979
460, 18, 231, 164, 230, 166, 1, -2, -1.1071487177940904, 2.23606797749979
460, 23, 459, 403, 457, 403, 2, 0, 0.0, 2.0
460, 24, 137, 155, 136, 156, 1, -1, -0.7853981633974483, 1.4142135623730951
460, 25, 359, 124, 357, 125, 2, -1, -0.4636476090008061, 2.23606797749979
460, 26, 34, 95, 32, 96, 2, -1, -0.4636476090008061, 2.23606797749979
460, 27, 107, 380, 106, 381, 1, -1, -0.7853981633974483, 1.4142135623730951
460, 28, 484, 395, 483, 396, 1, -1, -0.7853981633974483, 1.4142135623730951
460, 30, 125, 108, 124, 109, 1, -1, -0.7853981633974483, 1.4142135623730951
460, 31, 363, 396, 361, 397, 2, -1, -0.4636476090008061, 2.23606797749979
460, 33, 88, 99, 87, 100, 1, -1, -0.7853981633974483, 1.4142135623730951
460, 34, 247, 106, 246, 107, 1, -1, -0.7853981633974483, 1.4142135623730951
460, 36, 358, 131, 356, 132, 2, -1, -0.4636476090008061, 2.23606797749979
460, 37, 333, 104, 331, 104, 2, 0, 0.0, 2.0
460, 38, 101, 397, 99, 397, 2, 0, 0.0, 2.0
460, 39, 92, 406, 91, 407, 1, -1, -0.7853981633974483, 1.4142135623730951
460, 40, 409, 104, 407, 104, 2, 0, 0.0, 2.0
460, 43, 67, 377, 65, 377, 2, 0, 0.0, 2.0
460, 44, 183, 162, 182, 164, 1, -2, -1.1071487177940904, 2.23606797749979
460, 46, 381, 104, 379, 105, 2, -1, -0.4636476090008061, 2.23606797749979
460, 48, 105, 370, 104, 371, 1, -1, -0.7853981633974483, 1.4142135623730951
460, 50, 122, 166, 121, 167, 1, -1, -0.7853981633974483, 1.4142135623730951
460, 52, 327, 384, 325, 384, 2, 0, 0.0, 2.0
460, 53, 349, 353, 347, 353, 2, 0, 0.0, 2.0
460, 55, 43, 307, 41, 307, 2, 0, 0.0, 2.0
460, 56, 215, 109, 213, 110, 2, -1, -0.4636476090008061, 2.23606797749979
460, 59, 171, 181, 169, 182, 2, -1, -0.4636476090008061, 2.23606797749979
460, 65, 243, 147, 242, 148, 1, -1, -0.7853981633974483, 1.4142135623730951
460, 66, 114, 164, 113, 165, 1, -1, -0.7853981633974483, 1.4142135623730951
460, 67, 119, 75, 118, 76, 1, -1, -0.7853981633974483, 1.4142135623730951
460, 68, 54, 70, 53, 71, 1, -1, -0.7853981633974483, 1.4142135623730951
461, 3, 69, 178, 68, 179, 1, -1, -0.7853981633974483, 1.4142135623730951
461, 6, 258, 122, 257, 123, 1, -1, -0.7853981633974483, 1.4142135623730951
461, 10, 226, 159, 225, 160, 1, -1, -0.7853981633974483, 1.4142135623730951
461, 11, 573, 366, 571, 367, 2, -1, -0.4636476090008061, 2.23606797749979
461, 12, 17, 326, 16, 327, 1, -1, -0.7853981633974483, 1.4142135623730951
461, 13, 163, 176, 161, 177, 2, -1, -0.4636476090008061, 2.23606797749979
461, 14, 47, 101, 46, 102, 1, -1, -0.7853981633974483, 1.4142135623730951
461, 15, 252, 112, 251, 113, 1, -1, -0.7853981633974483, 1.4142135623730951
461, 16, 210, 404, 209, 405, 1, -1, -0.7853981633974483, 1.4142135623730951
461, 17, 15, 149, 14, 150, 1, -1, -0.7853981633974483, 1.4142135623730951
461, 18, 232, 163, 231, 164, 1, -1, -0.7853981633974483, 1.4142135623730951
461, 23, 461, 402, 459, 403, 2, -1, -0.4636476090008061, 2.23606797749979
461, 24, 138, 154, 137, 155, 1, -1, -0.7853981633974483, 1.4142135623730951
461, 25, 362, 124, 359, 124, 3, 0, 0.0, 3.0
461, 27, 108, 379, 107, 380, 1, -1, -0.7853981633974483, 1.4142135623730951
461, 28, 486, 394, 484, 395, 2, -1, -0.4636476090008061, 2.23606797749979
461, 31, 364, 395, 363, 396, 1, -1, -0.7853981633974483, 1.4142135623730951
461, 34, 248, 105, 247, 106, 1, -1, -0.7853981633974483, 1.4142135623730951
461, 36, 360, 130, 358, 131, 2, -1, -0.4636476090008061, 2.23606797749979
461, 43, 68, 376, 67, 377, 1, -1, -0.7853981633974483, 1.4142135623730951
461, 44, 184, 161, 183, 162, 1, -1, -0.7853981633974483, 1.4142135623730951
461, 45, 86, 129, 85, 130, 1, -1, -0.7853981633974483, 1.4142135623730951
461, 47, 196, 379, 195, 380, 1, -1, -0.7853981633974483, 1.4142135623730951
461, 50, 123, 165, 122, 166, 1, -1, -0.7853981633974483, 1.4142135623730951
461, 53, 351, 353, 349, 353, 2, 0, 0.0, 2.0
461, 59, 171, 179, 171, 181, 0, -2, -1.5707963267948966, 2.0
461, 61, 397, 123, 395, 124, 2, -1, -0.4636476090008061, 2.23606797749979
461, 65, 244, 146, 243, 147, 1, -1, -0.7853981633974483, 1.4142135623730951
461, 67, 120, 74, 119, 75, 1, -1, -0.7853981633974483, 1.4142135623730951
461, 69, 140, 92, 139, 93, 1, -1, -0.7853981633974483, 1.4142135623730951
461, 70, 533, 116, 531, 117, 2, -1, -0.4636476090008061, 2.23606797749979
462, 0, 183, 109, 182, 110, 1, -1, -0.7853981633974483, 1.4142135623730951
462, 6, 259, 121, 258, 122, 1, -1, -0.7853981633974483, 1.4142135623730951
462, 7, 175, 342, 174, 343, 1, -1, -0.7853981633974483, 1.4142135623730951
462, 8, 177, 156, 176, 157, 1, -1, -0.7853981633974483, 1.4142135623730951
462, 11, 575, 366, 573, 366, 2, 0, 0.0, 2.0
462, 14, 48, 100, 47, 101, 1, -1, -0.7853981633974483, 1.4142135623730951
462, 15, 253, 110, 252, 112, 1, -2, -1.1071487177940904, 2.23606797749979
462, 17, 16, 148, 15, 149, 1, -1, -0.7853981633974483, 1.4142135623730951
462, 25, 364, 124, 362, 124, 2, 0, 0.0, 2.0
462, 26, 37, 94, 35, 95, 2, -1, -0.4636476090008061, 2.23606797749979
462, 28, 488, 394, 486, 394, 2, 0, 0.0, 2.0
462, 30, 126, 107, 125, 108, 1, -1, -0.7853981633974483, 1.4142135623730951
462, 31, 366, 395, 364, 395, 2, 0, 0.0, 2.0
462, 34, 249, 104, 248, 105, 1, -1, -0.7853981633974483, 1.4142135623730951
462, 35, 278, 75, 277, 76, 1, -1, -0.7853981633974483, 1.4142135623730951
462, 36, 362, 130, 360, 130, 2, 0, 0.0, 2.0
462, 37, 336, 104, 334, 104, 2, 0, 0.0, 2.0
462, 39, 94, 405, 93, 406, 1, -1, -0.7853981633974483, 1.4142135623730951
462, 40, 410, 102, 409, 103, 1, -1, -0.7853981633974483, 1.4142135623730951
462, 43, 69, 375, 68, 376, 1, -1, -0.7853981633974483, 1.4142135623730951
462, 44, 185, 159, 184, 161, 1, -2, -1.1071487177940904, 2.23606797749979
462, 46, 384, 104, 382, 104, 2, 0, 0.0, 2.0
462, 52, 330, 384, 328, 384, 2, 0, 0.0, 2.0
462, 53, 353, 353, 351, 353, 2, 0, 0.0, 2.0
462, 55, 44, 306, 43, 307, 1, -1, -0.7853981633974483, 1.4142135623730951
462, 59, 172, 178, 171, 179, 1, -1, -0.7853981633974483, 1.4142135623730951
462, 60, 72, 317, 70, 317, 2, 0, 0.0, 2.0
462, 61, 399, 123, 397, 123, 2, 0, 0.0, 2.0
462, 63, 311, 354, 310, 355, 1, -1, -0.7853981633974483, 1.4142135623730951
462, 65, 245, 145, 244, 146, 1, -1, -0.7853981633974483, 1.4142135623730951
462, 66, 115, 162, 114, 163, 1, -1, -0.7853981633974483, 1.4142135623730951
462, 67, 121, 73, 120, 74, 1, -1, -0.7853981633974483, 1.4142135623730951
462, 68, 57, 70, 55, 70, 2, 0, 0.0, 2.0
462, 69, 141, 91, 140, 92, 1, -1, -0.7853981633974483, 1.4142135623730951
462, 70, 535, 116, 533, 116, 2, 0, 0.0, 2.0
463, 3, 71, 177, 70, 178, 1, -1, -0.7853981633974483, 1.4142135623730951
463, 11, 577, 366, 575, 366, 2, 0, 0.0, 2.0
463, 15, 254, 109, 253, 110, 1, -1, -0.7853981633974483, 1.4142135623730951
463, 17, 17, 147, 16, 148, 1, -1, -0.7853981633974483, 1.4142135623730951
463, 18, 233, 161, 232, 162, 1, -1, -0.7853981633974483, 1.4142135623730951
463, 19, 310, 83, 309, 84, 1, -1, -0.7853981633974483, 1.4142135623730951
463, 21, 408, 70, 407, 71, 1, -1, -0.7853981633974483, 1.4142135623730951
463, 23, 464, 402, 462, 402, 2, 0, 0.0, 2.0
463, 27, 110, 378, 109, 379, 1, -1, -0.7853981633974483, 1.4142135623730951
463, 28, 490, 394, 488, 394, 2, 0, 0.0, 2.0
463, 30, 127, 106, 126, 107, 1, -1, -0.7853981633974483, 1.4142135623730951
463, 31, 368, 395, 366, 395, 2, 0, 0.0, 2.0
463, 34, 250, 103, 249, 104, 1, -1, -0.7853981633974483, 1.4142135623730951
463, 36, 364, 129, 362, 130, 2, -1, -0.4636476090008061, 2.23606797749979
463, 37, 338, 104, 336, 104, 2, 0, 0.0, 2.0
463, 40, 411, 101, 410, 102, 1, -1, -0.7853981633974483, 1.4142135623730951
463, 41, 229, 318, 228, 319, 1, -1, -0.7853981633974483, 1.4142135623730951
463, 42, 104, 353, 103, 354, 1, -1, -0.7853981633974483, 1.4142135623730951
463, 44, 186, 158, 185, 159, 1, -1, -0.7853981633974483, 1.4142135623730951
463, 46, 386, 103, 384, 104, 2, -1, -0.4636476090008061, 2.23606797749979
463, 53, 354, 352, 353, 353, 1, -1, -0.7853981633974483, 1.4142135623730951
463, 55, 45, 305, 44, 306, 1, -1, -0.7853981633974483, 1.4142135623730951
463, 59, 173, 177, 172, 178, 1, -1, -0.7853981633974483, 1.4142135623730951
463, 61, 401, 123, 399, 123, 2, 0, 0.0, 2.0
463, 62, 105, 330, 104, 331, 1, -1, -0.7853981633974483, 1.4142135623730951
463, 65, 246, 144, 245, 145, 1, -1, -0.7853981633974483, 1.4142135623730951
463, 67, 122, 72, 121, 73, 1, -1, -0.7853981633974483, 1.4142135623730951
463, 69, 142, 90, 141, 91, 1, -1, -0.7853981633974483, 1.4142135623730951
463, 70, 536, 115, 535, 116, 1, -1, -0.7853981633974483, 1.4142135623730951
464, 0, 184, 107, 183, 108, 1, -1, -0.7853981633974483, 1.4142135623730951
464, 3, 72, 176, 71, 177, 1, -1, -0.7853981633974483, 1.4142135623730951
464, 6, 260, 119, 259, 120, 1, -1, -0.7853981633974483, 1.4142135623730951
464, 10, 228, 157, 227, 158, 1, -1, -0.7853981633974483, 1.4142135623730951
464, 11, 579, 365, 577, 366, 2, -1, -0.4636476090008061, 2.23606797749979
464, 12, 20, 325, 19, 326, 1, -1, -0.7853981633974483, 1.4142135623730951
464, 14, 50, 99, 49, 100, 1, -1, -0.7853981633974483, 1.4142135623730951
464, 15, 255, 108, 254, 109, 1, -1, -0.7853981633974483, 1.4142135623730951
464, 18, 234, 160, 233, 161, 1, -1, -0.7853981633974483, 1.4142135623730951
464, 21, 409, 69, 408, 70, 1, -1, -0.7853981633974483, 1.4142135623730951
464, 22, 186, 330, 184, 331, 2, -1, -0.4636476090008061, 2.23606797749979
464, 23, 466, 402, 464, 402, 2, 0, 0.0, 2.0
464, 26, 39, 93, 38, 94, 1, -1, -0.7853981633974483, 1.4142135623730951
464, 27, 112, 378, 110, 378, 2, 0, 0.0, 2.0
464, 31, 370, 394, 368, 395, 2, -1, -0.4636476090008061, 2.23606797749979
464, 34, 251, 102, 250, 103, 1, -1, -0.7853981633974483, 1.4142135623730951
464, 35, 280, 74, 279, 75, 1, -1, -0.7853981633974483, 1.4142135623730951
464, 36, 365, 128, 364, 129, 1, -1, -0.7853981633974483, 1.4142135623730951
464, 40, 413, 101, 411, 101, 2, 0, 0.0, 2.0
464, 44, 187, 157, 186, 158, 1, -1, -0.7853981633974483, 1.4142135623730951
464, 45, 88, 127, 87, 128, 1, -1, -0.7853981633974483, 1.4142135623730951
464, 46, 387, 102, 386, 103, 1, -1, -0.7853981633974483, 1.4142135623730951
464, 50, 125, 164, 124, 165, 1, -1, -0.7853981633974483, 1.4142135623730951
464, 52, 333, 383, 331, 384, 2, -1, -0.4636476090008061, 2.23606797749979
464, 56, 218, 108, 217, 109, 1, -1, -0.7853981633974483, 1.4142135623730951
464, 58, 237, 340, 236, 341, 1, -1, -0.7853981633974483, 1.4142135623730951
464, 60, 74, 316, 73, 317, 1, -1, -0.7853981633974483, 1.4142135623730951
464, 61, 403, 123, 401, 123, 2, 0, 0.0, 2.0
464, 62, 106, 331, 105, 330, 1, 1, 0.7853981633974483, 1.4142135623730951
464, 65, 247, 143, 246, 144, 1, -1, -0.7853981633974483, 1.4142135623730951
464, 66, 116, 160, 115, 161, 1, -1, -0.7853981633974483, 1.4142135623730951
464, 68, 60, 69, 58, 70, 2, -1, -0.4636476090008061, 2.23606797749979
465, 5, 91, 101, 90, 102, 1, -1, -0.7853981633974483, 1.4142135623730951
465, 6, 428, 106, 427, 105, 1, 1, 0.7853981633974483, 1.4142135623730951
465, 13, 177, 343, 176, 344, 1, -1, -0.7853981633974483, 1.4142135623730951
465, 14, 257, 118, 256, 119, 1, -1, -0.7853981633974483, 1.4142135623730951
465, 16, 62, 405, 60, 405, 2, 0, 0.0, 2.0
465, 19, 18, 150, 17, 151, 1, -1, -0.7853981633974483, 1.4142135623730951
465, 21, 122, 72, 121, 73, 1, -1, -0.7853981633974483, 1.4142135623730951
465, 23, 338, 105, 336, 105, 2, 0, 0.0, 2.0
465, 24, 52, 99, 51, 100, 1, -1, -0.7853981633974483, 1.4142135623730951
465, 26, 577, 367, 575, 367, 2, 0, 0.0, 2.0
465, 27, 465, 403, 463, 404, 2, -1, -0.4636476090008061, 2.23606797749979
465, 28, 526, 353, 525, 354, 1, -1, -0.7853981633974483, 1.4142135623730951
465, 32, 491, 396, 489, 396, 2, 0, 0.0, 2.0
465, 37, 458, 78, 456, 78, 2, 0, 0.0, 2.0
465, 38, 109, 373, 107, 373, 2, 0, 0.0, 2.0
465, 45, 354, 353, 352, 353, 2, 0, 0.0, 2.0
465, 46, 401, 124, 399, 125, 2, -1, -0.4636476090008061, 2.23606797749979
465, 47, 111, 379, 110, 380, 1, -1, -0.7853981633974483, 1.4142135623730951
465, 48, 251, 105, 250, 106, 1, -1, -0.7853981633974483, 1.4142135623730951
465, 49, 281, 78, 280, 79, 1, -1, -0.7853981633974483, 1.4142135623730951
465, 54, 368, 396, 366, 397, 2, -1, -0.4636476090008061, 2.23606797749979
465, 58, 240, 404, 239, 405, 1, -1, -0.7853981633974483, 1.4142135623730951
465, 59, 185, 311, 184, 312, 1, -1, -0.7853981633974483, 1.4142135623730951
465, 61, 7, 170, 6, 171, 1, -1, -0.7853981633974483, 1.4142135623730951
465, 62, 446, 124, 444, 124, 2, 0, 0.0, 2.0
465, 63, 117, 163, 116, 164, 1, -1, -0.7853981633974483, 1.4142135623730951
465, 64, 386, 102, 384, 103, 2, -1, -0.4636476090008061, 2.23606797749979
466, 1, 73, 177, 72, 178, 1, -1, -0.7853981633974483, 1.4142135623730951
466, 11, 167, 177, 166, 178, 1, -1, -0.7853981633974483, 1.4142135623730951
466, 12, 411, 71, 409, 71, 2, 0, 0.0, 2.0
466, 16, 64, 405, 62, 405, 2, 0, 0.0, 2.0
466, 23, 340, 105, 338, 105, 2, 0, 0.0, 2.0
466, 26, 579, 367, 577, 367, 2, 0, 0.0, 2.0
466, 27, 470, 402, 465, 403, 5, -1, -0.19739555984988075, 5.0990195135927845
466, 28, 528, 353, 526, 353, 2, 0, 0.0, 2.0
466, 29, 365, 129, 363, 129, 2, 0, 0.0, 2.0
466, 31, 98, 406, 97, 407, 1, -1, -0.7853981633974483, 1.4142135623730951
466, 32, 493, 395, 491, 396, 2, -1, -0.4636476090008061, 2.23606797749979
466, 34, 31, 362, 29, 362, 2, 0, 0.0, 2.0
466, 36, 239, 147, 238, 148, 1, -1, -0.7853981633974483, 1.4142135623730951
466, 37, 460, 78, 458, 78, 2, 0, 0.0, 2.0
466, 38, 110, 372, 109, 373, 1, -1, -0.7853981633974483, 1.4142135623730951
466, 41, 74, 315, 73, 316, 1, -1, -0.7853981633974483, 1.4142135623730951
466, 44, 66, 145, 65, 146, 1, -1, -0.7853981633974483, 1.4142135623730951
466, 45, 355, 352, 354, 353, 1, -1, -0.7853981633974483, 1.4142135623730951
466, 46, 403, 124, 401, 124, 2, 0, 0.0, 2.0
466, 47, 112, 378, 111, 379, 1, -1, -0.7853981633974483, 1.4142135623730951
466, 49, 282, 77, 281, 78, 1, -1, -0.7853981633974483, 1.4142135623730951
466, 53, 257, 129, 256, 130, 1, -1, -0.7853981633974483, 1.4142135623730951
466, 54, 370, 395, 368, 396, 2, -1, -0.4636476090008061, 2.23606797749979
466, 55, 51, 142, 50, 143, 1, -1, -0.7853981633974483, 1.4142135623730951
466, 58, 241, 403, 240, 404, 1, -1, -0.7853981633974483, 1.4142135623730951
466, 61, 9, 170, 7, 170, 2, 0, 0.0, 2.0
466, 62, 448, 124, 446, 124, 2, 0, 0.0, 2.0
466, 63, 118, 162, 117, 163, 1, -1, -0.7853981633974483, 1.4142135623730951
466, 64, 388, 101, 386, 102, 2, -1, -0.4636476090008061, 2.23606797749979
467, 3, 284, 69, 283, 70, 1, -1, -0.7853981633974483, 1.4142135623730951
467, 6, 430, 105, 429, 106, 1, -1, -0.7853981633974483, 1.4142135623730951
467, 15, 40, 94, 39, 95, 1, -1, -0.7853981633974483, 1.4142135623730951
467, 19, 20, 149, 19, 150, 1, -1, -0.7853981633974483, 1.4142135623730951
467, 24, 54, 98, 53, 99, 1, -1, -0.7853981633974483, 1.4142135623730951
467, 26, 580, 366, 579, 367, 1, -1, -0.7853981633974483, 1.4142135623730951
467, 27, 472, 403, 470, 402, 2, 1, 0.4636476090008061, 2.23606797749979
467, 30, 160, 407, 159, 408, 1, -1, -0.7853981633974483, 1.4142135623730951
467, 32, 494, 394, 493, 395, 1, -1, -0.7853981633974483, 1.4142135623730951
467, 33, 129, 109, 128, 110, 1, -1, -0.7853981633974483, 1.4142135623730951
467, 35, 316, 355, 314, 355, 2, 0, 0.0, 2.0
467, 37, 462, 78, 460, 78, 2, 0, 0.0, 2.0
467, 38, 112, 371, 110, 372, 2, -1, -0.4636476090008061, 2.23606797749979
467, 45, 356, 351, 355, 352, 1, -1, -0.7853981633974483, 1.4142135623730951
467, 48, 252, 102, 251, 104, 1, -2, -1.1071487177940904, 2.23606797749979
467, 49, 283, 76, 282, 77, 1, -1, -0.7853981633974483, 1.4142135623730951
467, 50, 263, 122, 262, 124, 1, -2, -1.1071487177940904, 2.23606797749979
467, 53, 258, 128, 257, 129, 1, -1, -0.7853981633974483, 1.4142135623730951
467, 54, 372, 395, 370, 395, 2, 0, 0.0, 2.0
467, 55, 52, 141, 51, 142, 1, -1, -0.7853981633974483, 1.4142135623730951
467, 56, 87, 127, 86, 128, 1, -1, -0.7853981633974483, 1.4142135623730951
467, 58, 242, 402, 241, 403, 1, -1, -0.7853981633974483, 1.4142135623730951
467, 59, 187, 310, 186, 311, 1, -1, -0.7853981633974483, 1.4142135623730951
467, 62, 450, 124, 448, 124, 2, 0, 0.0, 2.0
467, 64, 389, 100, 388, 101, 1, -1, -0.7853981633974483, 1.4142135623730951
468, 3, 285, 68, 284, 69, 1, -1, -0.7853981633974483, 1.4142135623730951
468, 6, 432, 104, 430, 105, 2, -1, -0.4636476090008061, 2.23606797749979
468, 8, 313, 83, 312, 84, 1, -1, -0.7853981633974483, 1.4142135623730951
468, 12, 414, 71, 412, 71, 2, 0, 0.0, 2.0
468, 13, 179, 341, 178, 342, 1, -1, -0.7853981633974483, 1.4142135623730951
468, 14, 257, 114, 257, 116, 0, -2, -1.5707963267948966, 2.0
468, 15, 41, 93, 40, 94, 1, -1, -0.7853981633974483, 1.4142135623730951
468, 21, 126, 71, 124, 72, 2, -1, -0.4636476090008061, 2.23606797749979
468, 23, 343, 105, 341, 105, 2, 0, 0.0, 2.0
468, 26, 582, 365, 580, 366, 2, -1, -0.4636476090008061, 2.23606797749979
468, 27, 474, 402, 472, 403, 2, -1, -0.4636476090008061, 2.23606797749979
468, 31, 100, 405, 99, 406, 1, -1, -0.7853981633974483, 1.4142135623730951
468, 32, 496, 393, 494, 394, 2, -1, -0.4636476090008061, 2.23606797749979
468, 35, 318, 355, 316, 355, 2, 0, 0.0, 2.0
468, 47, 113, 376, 112, 377, 1, -1, -0.7853981633974483, 1.4142135623730951
468, 48, 253, 101, 252, 102, 1, -1, -0.7853981633974483, 1.4142135623730951
468, 50, 263, 120, 263, 122, 0, -2, -1.5707963267948966, 2.0
468, 53, 259, 127, 258, 128, 1, -1, -0.7853981633974483, 1.4142135623730951
468, 54, 374, 395, 372, 395, 2, 0, 0.0, 2.0
468, 55, 53, 140, 52, 141, 1, -1, -0.7853981633974483, 1.4142135623730951
468, 57, 74, 377, 72, 377, 2, 0, 0.0, 2.0
468, 59, 188, 309, 187, 310, 1, -1, -0.7853981633974483, 1.4142135623730951
468, 61, 11, 169, 10, 170, 1, -1, -0.7853981633974483, 1.4142135623730951
468, 62, 451, 123, 450, 124, 1, -1, -0.7853981633974483, 1.4142135623730951
468, 63, 119, 160, 118, 161, 1, -1, -0.7853981633974483, 1.4142135623730951
468, 64, 390, 99, 389, 100, 1, -1, -0.7853981633974483, 1.4142135623730951
468, 65, 226, 128, 225, 129, 1, -1, -0.7853981633974483, 1.4142135623730951
469, 1, 76, 176, 75, 177, 1, -1, -0.7853981633974483, 1.4142135623730951
469, 2, 186, 107, 185, 108, 1, -1, -0.7853981633974483, 1.4142135623730951
469, 3, 286, 67, 285, 68, 1, -1, -0.7853981633974483, 1.4142135623730951
469, 4, 337, 73, 336, 74, 1, -1, -0.7853981633974483, 1.4142135623730951
469, 6, 434, 103, 432, 104, 2, -1, -0.4636476090008061, 2.23606797749979
469, 8, 315, 82, 313, 83, 2, -1, -0.4636476090008061, 2.23606797749979
469, 11, 169, 175, 168, 176, 1, -1, -0.7853981633974483, 1.4142135623730951
469, 12, 416, 70, 414, 71, 2, -1, -0.4636476090008061, 2.23606797749979
469, 13, 180, 340, 179, 341, 1, -1, -0.7853981633974483, 1.4142135623730951
469, 14, 258, 113, 257, 114, 1, -1, -0.7853981633974483, 1.4142135623730951
469, 15, 43, 92, 41, 93, 2, -1, -0.4636476090008061, 2.23606797749979
469, 16, 68, 404, 66, 405, 2, -1, -0.4636476090008061, 2.23606797749979
469, 19, 21, 148, 20, 149, 1, -1, -0.7853981633974483, 1.4142135623730951
469, 23, 344, 104, 343, 105, 1, -1, -0.7853981633974483, 1.4142135623730951
469, 27, 475, 401, 474, 402, 1, -1, -0.7853981633974483, 1.4142135623730951
469, 29, 368, 128, 367, 129, 1, -1, -0.7853981633974483, 1.4142135623730951
469, 32, 498, 393, 496, 393, 2, 0, 0.0, 2.0
469, 33, 130, 108, 129, 109, 1, -1, -0.7853981633974483, 1.4142135623730951
469, 35, 320, 354, 318, 355, 2, -1, -0.4636476090008061, 2.23606797749979
469, 36, 240, 144, 239, 145, 1, -1, -0.7853981633974483, 1.4142135623730951
469, 37, 465, 78, 463, 78, 2, 0, 0.0, 2.0
469, 38, 115, 370, 113, 371, 2, -1, -0.4636476090008061, 2.23606797749979
469, 39, 197, 380, 196, 381, 1, -1, -0.7853981633974483, 1.4142135623730951
469, 42, 191, 333, 190, 334, 1, -1, -0.7853981633974483, 1.4142135623730951
469, 43, 25, 74, 24, 75, 1, -1, -0.7853981633974483, 1.4142135623730951
469, 44, 358, 350, 357, 351, 1, -1, -0.7853981633974483, 1.4142135623730951
469, 45, 406, 123, 405, 124, 1, -1, -0.7853981633974483, 1.4142135623730951
469, 46, 114, 375, 113, 376, 1, -1, -0.7853981633974483, 1.4142135623730951
469, 47, 254, 100, 253, 101, 1, -1, -0.7853981633974483, 1.4142135623730951
469, 49, 264, 118, 263, 120, 1, -2, -1.1071487177940904, 2.23606797749979
469, 50, 166, 378, 165, 379, 1, -1, -0.7853981633974483, 1.4142135623730951
469, 52, 260, 126, 259, 127, 1, -1, -0.7853981633974483, 1.4142135623730951
469, 53, 376, 393, 374, 395, 2, -2, -0.7853981633974483, 2.8284271247461903
469, 55, 88, 125, 87, 126, 1, -1, -0.7853981633974483, 1.4142135623730951
469, 59, 232, 383, 231, 384, 1, -1, -0.7853981633974483, 1.4142135623730951
469, 60, 12, 168, 11, 169, 1, -1, -0.7853981633974483, 1.4142135623730951
469, 61, 453, 122, 451, 123, 2, -1, -0.4636476090008061, 2.23606797749979
469, 63, 392, 99, 390, 99, 2, 0, 0.0, 2.0
470, 1, 255, 336, 254, 335, 1, 1, 0.7853981633974483, 1.4142135623730951
470, 2, 286, 70, 285, 71, 1, -1, -0.7853981633974483, 1.4142135623730951
470, 3, 180, 342, 179, 343, 1, -1, -0.7853981633974483, 1.4142135623730951
470, 5, 338, 73, 336, 74, 2, -1, -0.4636476090008061, 2.23606797749979
470, 6, 76, 177, 75, 178, 1, -1, -0.7853981633974483, 1.4142135623730951
470, 7, 66, 404, 65, 405, 1, -1, -0.7853981633974483, 1.4142135623730951
470, 8, 260, 116, 259, 118, 1, -2, -1.1071487177940904, 2.23606797749979
470, 9, 315, 83, 314, 84, 1, -1, -0.7853981633974483, 1.4142135623730951
470, 10, 93, 104, 92, 105, 1, -1, -0.7853981633974483, 1.4142135623730951
470, 12, 169, 177, 168, 178, 1, -1, -0.7853981633974483, 1.4142135623730951
470, 14, 181, 157, 180, 158, 1, -1, -0.7853981633974483, 1.4142135623730951
470, 15, 266, 123, 265, 125, 1, -2, -1.1071487177940904, 2.23606797749979
470, 17, 239, 146, 239, 148, 0, -2, -1.5707963267948966, 2.0
470, 19, 21, 150, 20, 151, 1, -1, -0.7853981633974483, 1.4142135623730951
470, 20, 367, 129, 366, 130, 1, -1, -0.7853981633974483, 1.4142135623730951
470, 24, 414, 71, 412, 72, 2, -1, -0.4636476090008061, 2.23606797749979
470, 25, 466, 82, 463, 83, 3, -1, -0.3217505543966422, 3.1622776601683795
470, 27, 161, 408, 160, 409, 1, -1, -0.7853981633974483, 1.4142135623730951
470, 28, 583, 367, 581, 367, 2, 0, 0.0, 2.0
470, 30, 344, 105, 342, 106, 2, -1, -0.4636476090008061, 2.23606797749979
470, 31, 316, 91, 315, 92, 1, -1, -0.7853981633974483, 1.4142135623730951
470, 32, 69, 121, 68, 122, 1, -1, -0.7853981633974483, 1.4142135623730951
470, 33, 55, 137, 54, 138, 1, -1, -0.7853981633974483, 1.4142135623730951
470, 34, 472, 403, 470, 404, 2, -1, -0.4636476090008061, 2.23606797749979
470, 35, 101, 407, 99, 407, 2, 0, 0.0, 2.0
470, 39, 43, 91, 42, 92, 1, -1, -0.7853981633974483, 1.4142135623730951
471, 3, 181, 341, 180, 342, 1, -1, -0.7853981633974483, 1.4142135623730951
471, 5, 339, 72, 338, 73, 1, -1, -0.7853981633974483, 1.4142135623730951
471, 6, 78, 176, 76, 177, 2, -1, -0.4636476090008061, 2.23606797749979
471, 7, 67, 403, 66, 404, 1, -1, -0.7853981633974483, 1.4142135623730951
471, 8, 260, 114, 260, 116, 0, -2, -1.5707963267948966, 2.0
471, 9, 316, 82, 315, 83, 1, -1, -0.7853981633974483, 1.4142135623730951
471, 13, 56, 101, 55, 102, 1, -1, -0.7853981633974483, 1.4142135623730951
471, 14, 182, 156, 181, 157, 1, -1, -0.7853981633974483, 1.4142135623730951
471, 15, 266, 121, 266, 123, 0, -2, -1.5707963267948966, 2.0
471, 17, 241, 145, 239, 146, 2, -1, -0.4636476090008061, 2.23606797749979
471, 24, 416, 71, 414, 71, 2, 0, 0.0, 2.0
471, 25, 468, 81, 466, 82, 2, -1, -0.4636476090008061, 2.23606797749979
471, 28, 586, 366, 583, 367, 3, -1, -0.3217505543966422, 3.1622776601683795
471, 30, 346, 104, 344, 105, 2, -1, -0.4636476090008061, 2.23606797749979
471, 31, 317, 90, 316, 91, 1, -1, -0.7853981633974483, 1.4142135623730951
471, 33, 56, 136, 55, 137, 1, -1, -0.7853981633974483, 1.4142135623730951
471, 34, 474, 402, 472, 403, 2, -1, -0.4636476090008061, 2.23606797749979
471, 37, 359, 352, 358, 353, 1, -1, -0.7853981633974483, 1.4142135623730951
471, 38, 62, 337, 61, 336, 1, 1, 0.7853981633974483, 1.4142135623730951
471, 39, 44, 90, 43, 91, 1, -1, -0.7853981633974483, 1.4142135623730951
472, 0, 188, 107, 187, 108, 1, -1, -0.7853981633974483, 1.4142135623730951
472, 3, 182, 340, 181, 341, 1, -1, -0.7853981633974483, 1.4142135623730951
472, 5, 340, 71, 339, 72, 1, -1, -0.7853981633974483, 1.4142135623730951
472, 6, 79, 175, 78, 176, 1, -1, -0.7853981633974483, 1.4142135623730951
472, 9, 317, 81, 316, 82, 1, -1, -0.7853981633974483, 1.4142135623730951
472, 10, 94, 103, 93, 104, 1, -1, -0.7853981633974483, 1.4142135623730951
472, 12, 171, 176, 170, 177, 1, -1, -0.7853981633974483, 1.4142135623730951
472, 14, 183, 155, 182, 156, 1, -1, -0.7853981633974483, 1.4142135623730951
472, 15, 267, 119, 266, 121, 1, -2, -1.1071487177940904, 2.23606797749979
472, 19, 23, 149, 21, 149, 2, 0, 0.0, 2.0
472, 24, 418, 70, 416, 71, 2, -1, -0.4636476090008061, 2.23606797749979
472, 25, 471, 80, 468, 81, 3, -1, -0.3217505543966422, 3.1622776601683795
472, 27, 162, 406, 161, 407, 1, -1, -0.7853981633974483, 1.4142135623730951
472, 28, 589, 365, 586, 366, 3, -1, -0.3217505543966422, 3.1622776601683795
472, 29, 420, 80, 419, 81, 1, -1, -0.7853981633974483, 1.4142135623730951
472, 30, 348, 103, 346, 104, 2, -1, -0.4636476090008061, 2.23606797749979
472, 31, 318, 89, 317, 90, 1, -1, -0.7853981633974483, 1.4142135623730951
472, 33, 58, 136, 56, 136, 2, 0, 0.0, 2.0
472, 34, 476, 401, 474, 402, 2, -1, -0.4636476090008061, 2.23606797749979
472, 37, 360, 351, 359, 352, 1, -1, -0.7853981633974483, 1.4142135623730951
472, 38, 65, 337, 62, 337, 3, 0, 0.0, 3.0
472, 39, 45, 89, 44, 90, 1, -1, -0.7853981633974483, 1.4142135623730951
473, 0, 189, 106, 188, 107, 1, -1, -0.7853981633974483, 1.4142135623730951
473, 3, 183, 339, 182, 340, 1, -1, -0.7853981633974483, 1.4142135623730951
473, 4, 188, 405, 185, 406, 3, -1, -0.3217505543966422, 3.1622776601683795
473, 5, 342, 70, 340, 71, 2, -1, -0.4636476090008061, 2.23606797749979
473, 8, 261, 111, 260, 113, 1, -2, -1.1071487177940904, 2.23606797749979
473, 9, 318, 80, 317, 81, 1, -1, -0.7853981633974483, 1.4142135623730951
473, 12, 172, 175, 171, 176, 1, -1, -0.7853981633974483, 1.4142135623730951
473, 14, 184, 154, 183, 155, 1, -1, -0.7853981633974483, 1.4142135623730951
473, 15, 267, 117, 267, 119, 0, -2, -1.5707963267948966, 2.0
473, 19, 24, 148, 23, 149, 1, -1, -0.7853981633974483, 1.4142135623730951
473, 23, 151, 154, 147, 156, 4, -2, -0.4636476090008061, 4.47213595499958
473, 24, 420, 69, 418, 70, 2, -1, -0.4636476090008061, 2.23606797749979
473, 25, 472, 79, 471, 80, 1, -1, -0.7853981633974483, 1.4142135623730951
473, 28, 591, 364, 589, 365, 2, -1, -0.4636476090008061, 2.23606797749979
473, 29, 421, 79, 420, 80, 1, -1, -0.7853981633974483, 1.4142135623730951
473, 30, 349, 102, 348, 103, 1, -1, -0.7853981633974483, 1.4142135623730951
473, 31, 319, 88, 318, 89, 1, -1, -0.7853981633974483, 1.4142135623730951
473, 32, 73, 122, 71, 121, 2, 1, 0.4636476090008061, 2.23606797749979
473, 33, 60, 136, 58, 136, 2, 0, 0.0, 2.0
473, 34, 477, 400, 476, 401, 1, -1, -0.7853981633974483, 1.4142135623730951
473, 37, 361, 350, 360, 351, 1, -1, -0.7853981633974483, 1.4142135623730951
473, 38, 68, 337, 65, 337, 3, 0, 0.0, 3.0
473, 39, 46, 88, 45, 89, 1, -1, -0.7853981633974483, 1.4142135623730951
474, 3, 184, 338, 183, 339, 1, -1, -0.7853981633974483, 1.4142135623730951
474, 5, 344, 69, 342, 70, 2, -1, -0.4636476090008061, 2.23606797749979
474, 7, 70, 402, 69, 403, 1, -1, -0.7853981633974483, 1.4142135623730951
474, 8, 261, 109, 261, 111, 0, -2, -1.5707963267948966, 2.0
474, 9, 319, 79, 318, 80, 1, -1, -0.7853981633974483, 1.4142135623730951
474, 12, 173, 174, 172, 175, 1, -1, -0.7853981633974483, 1.4142135623730951
474, 14, 185, 153, 184, 154, 1, -1, -0.7853981633974483, 1.4142135623730951
474, 15, 268, 116, 267, 117, 1, -1, -0.7853981633974483, 1.4142135623730951
474, 19, 25, 147, 24, 148, 1, -1, -0.7853981633974483, 1.4142135623730951
474, 20, 371, 127, 369, 128, 2, -1, -0.4636476090008061, 2.23606797749979
474, 21, 234, 158, 233, 159, 1, -1, -0.7853981633974483, 1.4142135623730951
474, 24, 422, 68, 420, 69, 2, -1, -0.4636476090008061, 2.23606797749979
474, 25, 474, 78, 472, 79, 2, -1, -0.4636476090008061, 2.23606797749979
474, 26, 137, 109, 136, 110, 1, -1, -0.7853981633974483, 1.4142135623730951
474, 28, 592, 363, 591, 364, 1, -1, -0.7853981633974483, 1.4142135623730951
474, 29, 423, 78, 421, 79, 2, -1, -0.4636476090008061, 2.23606797749979
474, 30, 351, 102, 349, 102, 2, 0, 0.0, 2.0
474, 31, 320, 87, 319, 88, 1, -1, -0.7853981633974483, 1.4142135623730951
474, 33, 63, 136, 60, 136, 3, 0, 0.0, 3.0
474, 34, 480, 399, 477, 400, 3, -1, -0.3217505543966422, 3.1622776601683795
474, 38, 70, 337, 68, 337, 2, 0, 0.0, 2.0
475, 4, 343, 73, 342, 74, 1, -1, -0.7853981633974483, 1.4142135623730951
475, 7, 183, 341, 182, 342, 1, -1, -0.7853981633974483, 1.4142135623730951
475, 9, 5, 133, 4, 134, 1, -1, -0.7853981633974483, 1.4142135623730951
475, 12, 591, 366, 589, 367, 2, -1, -0.4636476090008061, 2.23606797749979
475, 16, 73, 121, 71, 122, 2, -1, -0.4636476090008061, 2.23606797749979
475, 17, 25, 149, 24, 150, 1, -1, -0.7853981633974483, 1.4142135623730951
475, 18, 318, 82, 317, 83, 1, -1, -0.7853981633974483, 1.4142135623730951
475, 19, 421, 70, 419, 71, 2, -1, -0.4636476090008061, 2.23606797749979
475, 20, 35, 151, 34, 152, 1, -1, -0.7853981633974483, 1.4142135623730951
475, 22, 59, 138, 58, 139, 1, -1, -0.7853981633974483, 1.4142135623730951
475, 25, 263, 113, 262, 114, 1, -1, -0.7853981633974483, 1.4142135623730951
475, 27, 349, 103, 347, 104, 2, -1, -0.4636476090008061, 2.23606797749979
475, 29, 503, 396, 501, 396, 2, 0, 0.0, 2.0
475, 32, 76, 83, 75, 84, 1, -1, -0.7853981633974483, 1.4142135623730951
475, 35, 374, 123, 372, 124, 2, -1, -0.4636476090008061, 2.23606797749979
475, 36, 288, 97, 287, 98, 1, -1, -0.7853981633974483, 1.4142135623730951
475, 38, 149, 153, 148, 154, 1, -1, -0.7853981633974483, 1.4142135623730951
475, 39, 245, 138, 244, 139, 1, -1, -0.7853981633974483, 1.4142135623730951
475, 40, 256, 99, 255, 102, 1, -3, -1.2490457723982544, 3.1622776601683795
475, 42, 16, 171, 15, 172, 1, -1, -0.7853981633974483, 1.4142135623730951
475, 43, 80, 379, 78, 379, 2, 0, 0.0, 2.0
475, 44, 412, 126, 410, 127, 2, -1, -0.4636476090008061, 2.23606797749979
475, 47, 96, 72, 95, 73, 1, -1, -0.7853981633974483, 1.4142135623730951
475, 50, 113, 352, 112, 353, 1, -1, -0.7853981633974483, 1.4142135623730951
475, 51, 99, 341, 98, 342, 1, -1, -0.7853981633974483, 1.4142135623730951
475, 52, 473, 78, 471, 79, 2, -1, -0.4636476090008061, 2.23606797749979
476, 3, 82, 177, 81, 178, 1, -1, -0.7853981633974483, 1.4142135623730951
476, 4, 344, 72, 343, 73, 1, -1, -0.7853981633974483, 1.4142135623730951
476, 8, 71, 404, 70, 405, 1, -1, -0.7853981633974483, 1.4142135623730951
476, 9, 6, 132, 5, 133, 1, -1, -0.7853981633974483, 1.4142135623730951
476, 11, 235, 159, 234, 160, 1, -1, -0.7853981633974483, 1.4142135623730951
476, 14, 184, 154, 183, 156, 1, -2, -1.1071487177940904, 2.23606797749979
476, 16, 74, 120, 73, 121, 1, -1, -0.7853981633974483, 1.4142135623730951
476, 17, 26, 148, 25, 149, 1, -1, -0.7853981633974483, 1.4142135623730951
476, 18, 319, 81, 318, 82, 1, -1, -0.7853981633974483, 1.4142135623730951
476, 19, 423, 70, 421, 70, 2, 0, 0.0, 2.0
476, 20, 36, 150, 35, 151, 1, -1, -0.7853981633974483, 1.4142135623730951
476, 22, 60, 137, 59, 138, 1, -1, -0.7853981633974483, 1.4142135623730951
476, 24, 131, 73, 130, 74, 1, -1, -0.7853981633974483, 1.4142135623730951
476, 25, 263, 111, 263, 113, 0, -2, -1.5707963267948966, 2.0
476, 27, 351, 102, 349, 103, 2, -1, -0.4636476090008061, 2.23606797749979
476, 29, 505, 396, 503, 396, 2, 0, 0.0, 2.0
476, 30, 164, 407, 163, 408, 1, -1, -0.7853981633974483, 1.4142135623730951
476, 32, 78, 82, 76, 83, 2, -1, -0.4636476090008061, 2.23606797749979
476, 36, 292, 96, 288, 97, 4, -1, -0.24497866312686414, 4.123105625617661
476, 39, 246, 137, 245, 138, 1, -1, -0.7853981633974483, 1.4142135623730951
476, 40, 257, 98, 256, 99, 1, -1, -0.7853981633974483, 1.4142135623730951
476, 44, 414, 125, 412, 126, 2, -1, -0.4636476090008061, 2.23606797749979
476, 45, 205, 381, 204, 382, 1, -1, -0.7853981633974483, 1.4142135623730951
476, 47, 100, 71, 96, 72, 4, -1, -0.24497866312686414, 4.123105625617661
476, 49, 415, 405, 413, 406, 2, -1, -0.4636476090008061, 2.23606797749979
476, 50, 114, 351, 113, 352, 1, -1, -0.7853981633974483, 1.4142135623730951
476, 51, 97, 340, 99, 341, -2, -1, -2.677945044588987, 2.23606797749979
476, 52, 475, 78, 473, 78, 2, 0, 0.0, 2.0
477, 3, 83, 176, 82, 177, 1, -1, -0.7853981633974483, 1.4142135623730951
477, 4, 345, 71, 344, 72, 1, -1, -0.7853981633974483, 1.4142135623730951
477, 6, 47, 91, 46, 92, 1, -1, -0.7853981633974483, 1.4142135623730951
477, 8, 72, 403, 71, 404, 1, -1, -0.7853981633974483, 1.4142135623730951
477, 10, 173, 176, 172, 177, 1, -1, -0.7853981633974483, 1.4142135623730951
477, 12, 594, 366, 592, 366, 2, 0, 0.0, 2.0
477, 14, 185, 153, 184, 154, 1, -1, -0.7853981633974483, 1.4142135623730951
477, 17, 27, 147, 26, 148, 1, -1, -0.7853981633974483, 1.4142135623730951
477, 19, 425, 70, 423, 70, 2, 0, 0.0, 2.0
477, 20, 37, 149, 36, 150, 1, -1, -0.7853981633974483, 1.4142135623730951
477, 21, 69, 70, 68, 71, 1, -1, -0.7853981633974483, 1.4142135623730951
477, 22, 62, 137, 60, 137, 2, 0, 0.0, 2.0
477, 25, 264, 110, 263, 111, 1, -1, -0.7853981633974483, 1.4142135623730951
477, 27, 352, 101, 351, 102, 1, -1, -0.7853981633974483, 1.4142135623730951
477, 28, 215, 404, 214, 405, 1, -1, -0.7853981633974483, 1.4142135623730951
477, 29, 507, 395, 505, 396, 2, -1, -0.4636476090008061, 2.23606797749979
477, 32, 80, 82, 78, 82, 2, 0, 0.0, 2.0
477, 33, 139, 109, 138, 110, 1, -1, -0.7853981633974483, 1.4142135623730951
477, 35, 378, 122, 375, 123, 3, -1, -0.3217505543966422, 3.1622776601683795
477, 37, 225, 108, 224, 109, 1, -1, -0.7853981633974483, 1.4142135623730951
477, 40, 258, 96, 257, 98, 1, -2, -1.1071487177940904, 2.23606797749979
477, 41, 107, 406, 106, 407, 1, -1, -0.7853981633974483, 1.4142135623730951
477, 43, 82, 378, 81, 379, 1, -1, -0.7853981633974483, 1.4142135623730951
477, 44, 416, 124, 414, 125, 2, -1, -0.4636476090008061, 2.23606797749979
477, 45, 206, 380, 205, 381, 1, -1, -0.7853981633974483, 1.4142135623730951
477, 47, 101, 70, 100, 71, 1, -1, -0.7853981633974483, 1.4142135623730951
477, 48, 416, 404, 415, 405, 1, -1, -0.7853981633974483, 1.4142135623730951
478, 1, 192, 107, 191, 108, 1, -1, -0.7853981633974483, 1.4142135623730951
478, 2, 291, 70, 290, 71, 1, -1, -0.7853981633974483, 1.4142135623730951
478, 4, 347, 70, 345, 71, 2, -1, -0.4636476090008061, 2.23606797749979
478, 9, 8, 131, 7, 132, 1, -1, -0.7853981633974483, 1.4142135623730951
478, 10, 174, 175, 173, 176, 1, -1, -0.7853981633974483, 1.4142135623730951
478, 14, 186, 152, 185, 153, 1, -1, -0.7853981633974483, 1.4142135623730951
478, 19, 426, 69, 425, 70, 1, -1, -0.7853981633974483, 1.4142135623730951
478, 20, 38, 148, 37, 149, 1, -1, -0.7853981633974483, 1.4142135623730951
478, 21, 70, 69, 69, 70, 1, -1, -0.7853981633974483, 1.4142135623730951
478, 22, 63, 136, 62, 137, 1, -1, -0.7853981633974483, 1.4142135623730951
478, 23, 365, 352, 363, 352, 2, 0, 0.0, 2.0
478, 24, 133, 72, 132, 73, 1, -1, -0.7853981633974483, 1.4142135623730951
478, 25, 265, 109, 264, 110, 1, -1, -0.7853981633974483, 1.4142135623730951
478, 27, 353, 100, 352, 101, 1, -1, -0.7853981633974483, 1.4142135623730951
478, 29, 509, 395, 507, 395, 2, 0, 0.0, 2.0
478, 32, 81, 81, 80, 82, 1, -1, -0.7853981633974483, 1.4142135623730951
478, 35, 380, 122, 378, 122, 2, 0, 0.0, 2.0
478, 37, 225, 106, 225, 108, 0, -2, -1.5707963267948966, 2.0
478, 38, 152, 152, 151, 153, 1, -1, -0.7853981633974483, 1.4142135623730951
478, 40, 259, 94, 258, 96, 1, -2, -1.1071487177940904, 2.23606797749979
478, 44, 417, 123, 416, 124, 1, -1, -0.7853981633974483, 1.4142135623730951
478, 45, 207, 379, 206, 380, 1, -1, -0.7853981633974483, 1.4142135623730951
478, 46, 273, 378, 272, 379, 1, -1, -0.7853981633974483, 1.4142135623730951
478, 48, 418, 403, 416, 404, 2, -1, -0.4636476090008061, 2.23606797749979
478, 49, 115, 349, 114, 350, 1, -1, -0.7853981633974483, 1.4142135623730951
479, 3, 85, 175, 84, 176, 1, -1, -0.7853981633974483, 1.4142135623730951
479, 4, 348, 69, 347, 70, 1, -1, -0.7853981633974483, 1.4142135623730951
479, 7, 186, 339, 185, 340, 1, -1, -0.7853981633974483, 1.4142135623730951
479, 8, 74, 402, 73, 403, 1, -1, -0.7853981633974483, 1.4142135623730951
479, 10, 176, 175, 174, 175, 2, 0, 0.0, 2.0
479, 11, 237, 157, 236, 158, 1, -1, -0.7853981633974483, 1.4142135623730951
479, 12, 597, 366, 595, 366, 2, 0, 0.0, 2.0
479, 16, 76, 118, 75, 119, 1, -1, -0.7853981633974483, 1.4142135623730951
479, 17, 28, 145, 27, 146, 1, -1, -0.7853981633974483, 1.4142135623730951
479, 20, 39, 147, 38, 148, 1, -1, -0.7853981633974483, 1.4142135623730951
479, 23, 367, 352, 365, 352, 2, 0, 0.0, 2.0
479, 24, 134, 71, 133, 72, 1, -1, -0.7853981633974483, 1.4142135623730951
479, 25, 266, 108, 265, 109, 1, -1, -0.7853981633974483, 1.4142135623730951
479, 26, 130, 165, 129, 166, 1, -1, -0.7853981633974483, 1.4142135623730951
479, 27, 355, 99, 353, 100, 2, -1, -0.4636476090008061, 2.23606797749979
479, 32, 82, 80, 81, 81, 1, -1, -0.7853981633974483, 1.4142135623730951
479, 33, 141, 108, 140, 109, 1, -1, -0.7853981633974483, 1.4142135623730951
479, 34, 466, 369, 465, 370, 1, -1, -0.7853981633974483, 1.4142135623730951
479, 35, 382, 120, 380, 122, 2, -2, -0.7853981633974483, 2.8284271247461903
479, 37, 226, 105, 225, 106, 1, -1, -0.7853981633974483, 1.4142135623730951
479, 38, 153, 151, 152, 152, 1, -1, -0.7853981633974483, 1.4142135623730951
479, 39, 260, 93, 259, 94, 1, -1, -0.7853981633974483, 1.4142135623730951
479, 43, 419, 123, 417, 123, 2, 0, 0.0, 2.0
479, 47, 420, 402, 418, 403, 2, -1, -0.4636476090008061, 2.23606797749979
479, 48, 116, 348, 115, 349, 1, -1, -0.7853981633974483, 1.4142135623730951
480, 1, 195, 107, 194, 109, 1, -2, -1.1071487177940904, 2.23606797749979
480, 2, 292, 71, 291, 72, 1, -1, -0.7853981633974483, 1.4142135623730951
480, 3, 85, 177, 84, 178, 1, -1, -0.7853981633974483, 1.4142135623730951
480, 4, 348, 72, 347, 73, 1, -1, -0.7853981633974483, 1.4142135623730951
480, 5, 32, 329, 31, 330, 1, -1, -0.7853981633974483, 1.4142135623730951
480, 6, 75, 404, 74, 405, 1, -1, -0.7853981633974483, 1.4142135623730951
480, 9, 252, 139, 251, 140, 1, -1, -0.7853981633974483, 1.4142135623730951
480, 12, 6, 132, 5, 133, 1, -1, -0.7853981633974483, 1.4142135623730951
480, 13, 176, 176, 175, 177, 1, -1, -0.7853981633974483, 1.4142135623730951
480, 14, 70, 72, 69, 73, 1, -1, -0.7853981633974483, 1.4142135623730951
480, 15, 187, 155, 186, 156, 1, -1, -0.7853981633974483, 1.4142135623730951
480, 18, 190, 406, 189, 407, 1, -1, -0.7853981633974483, 1.4142135623730951
480, 19, 30, 148, 29, 149, 1, -1, -0.7853981633974483, 1.4142135623730951
480, 21, 133, 74, 132, 75, 1, -1, -0.7853981633974483, 1.4142135623730951
480, 24, 90, 182, 89, 183, 1, -1, -0.7853981633974483, 1.4142135623730951
480, 25, 597, 367, 594, 367, 3, 0, 0.0, 3.0
480, 26, 469, 369, 467, 370, 2, -1, -0.4636476090008061, 2.23606797749979
480, 28, 518, 128, 516, 130, 2, -2, -0.7853981633974483, 2.8284271247461903
480, 30, 130, 166, 129, 167, 1, -1, -0.7853981633974483, 1.4142135623730951
480, 31, 298, 76, 297, 77, 1, -1, -0.7853981633974483, 1.4142135623730951
480, 32, 380, 123, 379, 124, 1, -1, -0.7853981633974483, 1.4142135623730951
480, 35, 383, 396, 381, 396, 2, 0, 0.0, 2.0
480, 36, 268, 121, 267, 122, 1, -1, -0.7853981633974483, 1.4142135623730951
480, 41, 509, 395, 507, 396, 2, -1, -0.4636476090008061, 2.23606797749979
481, 3, 86, 176, 85, 177, 1, -1, -0.7853981633974483, 1.4142135623730951
481, 6, 79, 403, 75, 404, 4, -1, -0.24497866312686414, 4.123105625617661
481, 10, 220, 405, 217, 406, 3, -1, -0.3217505543966422, 3.1622776601683795
481, 12, 8, 131, 6, 132, 2, -1, -0.4636476090008061, 2.23606797749979
481, 13, 177, 175, 176, 176, 1, -1, -0.7853981633974483, 1.4142135623730951
481, 15, 189, 155, 187, 155, 2, 0, 0.0, 2.0
481, 19, 32, 147, 30, 148, 2, -1, -0.4636476090008061, 2.23606797749979
481, 20, 140, 108, 138, 109, 2, -1, -0.4636476090008061, 2.23606797749979
481, 21, 136, 73, 133, 74, 3, -1, -0.3217505543966422, 3.1622776601683795
481, 22, 429, 70, 426, 71, 3, -1, -0.3217505543966422, 3.1622776601683795
481, 24, 91, 181, 90, 182, 1, -1, -0.7853981633974483, 1.4142135623730951
481, 25, 601, 366, 597, 367, 4, -1, -0.24497866312686414, 4.123105625617661
481, 26, 471, 368, 469, 369, 2, -1, -0.4636476090008061, 2.23606797749979
481, 27, 365, 351, 364, 352, 1, -1, -0.7853981633974483, 1.4142135623730951
481, 29, 270, 112, 269, 114, 1, -2, -1.1071487177940904, 2.23606797749979
481, 30, 131, 165, 130, 166, 1, -1, -0.7853981633974483, 1.4142135623730951
481, 31, 299, 75, 298, 76, 1, -1, -0.7853981633974483, 1.4142135623730951
481, 32, 382, 122, 380, 123, 2, -1, -0.4636476090008061, 2.23606797749979
481, 33, 198, 335, 197, 336, 1, -1, -0.7853981633974483, 1.4142135623730951
481, 35, 384, 395, 383, 396, 1, -1, -0.7853981633974483, 1.4142135623730951
481, 36, 269, 119, 268, 121, 1, -2, -1.1071487177940904, 2.23606797749979
481, 41, 511, 395, 509, 395, 2, 0, 0.0, 2.0
482, 0, 260, 339, 259, 338, 1, 1, 0.7853981633974483, 1.4142135623730951
482, 2, 294, 70, 293, 71, 1, -1, -0.7853981633974483, 1.4142135623730951
482, 3, 87, 175, 86, 176, 1, -1, -0.7853981633974483, 1.4142135623730951
482, 5, 35, 329, 33, 329, 2, 0, 0.0, 2.0
482, 6, 80, 402, 79, 403, 1, -1, -0.7853981633974483, 1.4142135623730951
482, 10, 221, 404, 220, 405, 1, -1, -0.7853981633974483, 1.4142135623730951
482, 12, 9, 130, 8, 131, 1, -1, -0.7853981633974483, 1.4142135623730951
482, 13, 178, 174, 177, 175, 1, -1, -0.7853981633974483, 1.4142135623730951
482, 16, 155, 155, 154, 156, 1, -1, -0.7853981633974483, 1.4142135623730951
482, 17, 294, 95, 293, 96, 1, -1, -0.7853981633974483, 1.4142135623730951
482, 19, 33, 146, 32, 147, 1, -1, -0.7853981633974483, 1.4142135623730951
482, 21, 137, 72, 136, 73, 1, -1, -0.7853981633974483, 1.4142135623730951
482, 23, 52, 91, 51, 92, 1, -1, -0.7853981633974483, 1.4142135623730951
482, 24, 92, 180, 91, 181, 1, -1, -0.7853981633974483, 1.4142135623730951
482, 25, 603, 366, 601, 366, 2, 0, 0.0, 2.0
482, 26, 472, 367, 471, 368, 1, -1, -0.7853981633974483, 1.4142135623730951
482, 29, 271, 111, 270, 112, 1, -1, -0.7853981633974483, 1.4142135623730951
482, 35, 386, 395, 384, 395, 2, 0, 0.0, 2.0
482, 36, 270, 118, 269, 119, 1, -1, -0.7853981633974483, 1.4142135623730951
482, 37, 257, 401, 255, 402, 2, -1, -0.4636476090008061, 2.23606797749979
483, 1, 197, 104, 196, 106, 1, -2, -1.1071487177940904, 2.23606797749979
483, 2, 295, 69, 294, 70, 1, -1, -0.7853981633974483, 1.4142135623730951
483, 3, 89, 173, 87, 175, 2, -2, -0.7853981633974483, 2.8284271247461903
483, 6, 82, 401, 80, 402, 2, -1, -0.4636476090008061, 2.23606797749979
483, 12, 10, 129, 9, 130, 1, -1, -0.7853981633974483, 1.4142135623730951
483, 13, 179, 173, 178, 174, 1, -1, -0.7853981633974483, 1.4142135623730951
483, 14, 72, 71, 71, 72, 1, -1, -0.7853981633974483, 1.4142135623730951
483, 16, 156, 154, 155, 155, 1, -1, -0.7853981633974483, 1.4142135623730951
483, 20, 142, 107, 141, 108, 1, -1, -0.7853981633974483, 1.4142135623730951
483, 21, 138, 71, 137, 72, 1, -1, -0.7853981633974483, 1.4142135623730951
483, 24, 93, 179, 92, 180, 1, -1, -0.7853981633974483, 1.4142135623730951
483, 25, 605, 365, 603, 366, 2, -1, -0.4636476090008061, 2.23606797749979
483, 26, 474, 367, 472, 367, 2, 0, 0.0, 2.0
483, 27, 367, 350, 366, 351, 1, -1, -0.7853981633974483, 1.4142135623730951
483, 28, 520, 125, 518, 127, 2, -2, -0.7853981633974483, 2.8284271247461903
483, 29, 272, 110, 271, 111, 1, -1, -0.7853981633974483, 1.4142135623730951
483, 30, 132, 163, 131, 164, 1, -1, -0.7853981633974483, 1.4142135623730951
483, 32, 385, 121, 383, 122, 2, -1, -0.4636476090008061, 2.23606797749979
483, 33, 199, 333, 198, 334, 1, -1, -0.7853981633974483, 1.4142135623730951
483, 35, 388, 394, 386, 395, 2, -1, -0.4636476090008061, 2.23606797749979
483, 36, 271, 117, 270, 118, 1, -1, -0.7853981633974483, 1.4142135623730951
483, 37, 258, 400, 257, 401, 1, -1, -0.7853981633974483, 1.4142135623730951
483, 41, 514, 394, 512, 395, 2, -1, -0.4636476090008061, 2.23606797749979
484, 3, 90, 172, 89, 173, 1, -1, -0.7853981633974483, 1.4142135623730951
484, 6, 83, 400, 82, 401, 1, -1, -0.7853981633974483, 1.4142135623730951
484, 9, 253, 136, 252, 137, 1, -1, -0.7853981633974483, 1.4142135623730951
484, 11, 328, 83, 326, 83, 2, 0, 0.0, 2.0
484, 12, 12, 128, 10, 129, 2, -1, -0.4636476090008061, 2.23606797749979
484, 14, 73, 70, 72, 71, 1, -1, -0.7853981633974483, 1.4142135623730951
484, 16, 157, 153, 156, 154, 1, -1, -0.7853981633974483, 1.4142135623730951
484, 19, 35, 145, 34, 146, 1, -1, -0.7853981633974483, 1.4142135623730951
484, 20, 143, 106, 142, 107, 1, -1, -0.7853981633974483, 1.4142135623730951
484, 21, 139, 70, 138, 71, 1, -1, -0.7853981633974483, 1.4142135623730951
484, 24, 94, 178, 93, 179, 1, -1, -0.7853981633974483, 1.4142135623730951
484, 25, 607, 364, 605, 365, 2, -1, -0.4636476090008061, 2.23606797749979
484, 26, 475, 366, 474, 367, 1, -1, -0.7853981633974483, 1.4142135623730951
484, 27, 369, 350, 367, 350, 2, 0, 0.0, 2.0
484, 28, 522, 125, 520, 125, 2, 0, 0.0, 2.0
484, 29, 273, 109, 272, 110, 1, -1, -0.7853981633974483, 1.4142135623730951
484, 31, 301, 73, 300, 74, 1, -1, -0.7853981633974483, 1.4142135623730951
484, 35, 390, 393, 388, 394, 2, -1, -0.4636476090008061, 2.23606797749979
484, 36, 272, 116, 271, 117, 1, -1, -0.7853981633974483, 1.4142135623730951
484, 37, 260, 400, 258, 400, 2, 0, 0.0, 2.0
484, 41, 516, 393, 514, 394, 2, -1, -0.4636476090008061, 2.23606797749979
485, 1, 296, 70, 295, 71, 1, -1, -0.7853981633974483, 1.4142135623730951
485, 2, 198, 106, 197, 107, 1, -1, -0.7853981633974483, 1.4142135623730951
485, 5, 11, 131, 9, 132, 2, -1, -0.4636476090008061, 2.23606797749979
485, 6, 90, 177, 89, 178, 1, -1, -0.7853981633974483, 1.4142135623730951
485, 8, 82, 405, 80, 405, 2, 0, 0.0, 2.0
485, 9, 603, 367, 602, 368, 1, -1, -0.7853981633974483, 1.4142135623730951
485, 12, 353, 73, 352, 74, 1, -1, -0.7853981633974483, 1.4142135623730951
485, 14, 199, 336, 198, 337, 1, -1, -0.7853981633974483, 1.4142135623730951
485, 18, 273, 111, 272, 112, 1, -1, -0.7853981633974483, 1.4142135623730951
485, 21, 38, 76, 37, 77, 1, -1, -0.7853981633974483, 1.4142135623730951
485, 22, 156, 154, 155, 155, 1, -1, -0.7853981633974483, 1.4142135623730951
485, 23, 474, 369, 472, 370, 2, -1, -0.4636476090008061, 2.23606797749979
485, 25, 190, 155, 189, 156, 1, -1, -0.7853981633974483, 1.4142135623730951
485, 26, 66, 138, 65, 139, 1, -1, -0.7853981633974483, 1.4142135623730951
485, 35, 144, 109, 143, 110, 1, -1, -0.7853981633974483, 1.4142135623730951
485, 36, 187, 399, 186, 400, 1, -1, -0.7853981633974483, 1.4142135623730951
485, 38, 222, 405, 221, 406, 1, -1, -0.7853981633974483, 1.4142135623730951
485, 40, 388, 396, 387, 397, 1, -1, -0.7853981633974483, 1.4142135623730951
485, 44, 104, 100, 103, 101, 1, -1, -0.7853981633974483, 1.4142135623730951
485, 45, 515, 396, 513, 396, 2, 0, 0.0, 2.0
485, 46, 68, 95, 67, 96, 1, -1, -0.7853981633974483, 1.4142135623730951
485, 47, 209, 381, 208, 382, 1, -1, -0.7853981633974483, 1.4142135623730951
485, 48, 89, 317, 88, 318, 1, -1, -0.7853981633974483, 1.4142135623730951
485, 50, 542, 353, 541, 354, 1, -1, -0.7853981633974483, 1.4142135623730951
485, 51, 203, 112, 203, 114, 0, -2, -1.5707963267948966, 2.0
485, 54, 448, 101, 446, 102, 2, -1, -0.4636476090008061, 2.23606797749979
485, 57, 489, 404, 487, 404, 2, 0, 0.0, 2.0
486, 1, 297, 69, 296, 70, 1, -1, -0.7853981633974483, 1.4142135623730951
486, 4, 37, 329, 36, 330, 1, -1, -0.7853981633974483, 1.4142135623730951
486, 5, 12, 130, 11, 131, 1, -1, -0.7853981633974483, 1.4142135623730951
486, 7, 329, 84, 327, 84, 2, 0, 0.0, 2.0
486, 8, 84, 404, 82, 405, 2, -1, -0.4636476090008061, 2.23606797749979
486, 9, 605, 366, 603, 367, 2, -1, -0.4636476090008061, 2.23606797749979
486, 16, 298, 96, 297, 97, 1, -1, -0.7853981633974483, 1.4142135623730951
486, 17, 75, 72, 74, 73, 1, -1, -0.7853981633974483, 1.4142135623730951
486, 18, 274, 109, 273, 111, 1, -2, -1.1071487177940904, 2.23606797749979
486, 20, 192, 403, 191, 404, 1, -1, -0.7853981633974483, 1.4142135623730951
486, 21, 39, 75, 38, 76, 1, -1, -0.7853981633974483, 1.4142135623730951
486, 22, 157, 153, 156, 154, 1, -1, -0.7853981633974483, 1.4142135623730951
486, 23, 475, 368, 474, 369, 1, -1, -0.7853981633974483, 1.4142135623730951
486, 25, 191, 154, 190, 155, 1, -1, -0.7853981633974483, 1.4142135623730951
486, 29, 106, 72, 105, 73, 1, -1, -0.7853981633974483, 1.4142135623730951
486, 30, 241, 159, 240, 160, 1, -1, -0.7853981633974483, 1.4142135623730951
486, 31, 181, 132, 180, 133, 1, -1, -0.7853981633974483, 1.4142135623730951
486, 34, 373, 353, 371, 353, 2, 0, 0.0, 2.0
486, 35, 145, 108, 144, 109, 1, -1, -0.7853981633974483, 1.4142135623730951
486, 37, 436, 75, 435, 76, 1, -1, -0.7853981633974483, 1.4142135623730951
486, 40, 389, 395, 388, 396, 1, -1, -0.7853981633974483, 1.4142135623730951
486, 41, 198, 311, 197, 312, 1, -1, -0.7853981633974483, 1.4142135623730951
486, 44, 105, 99, 104, 100, 1, -1, -0.7853981633974483, 1.4142135623730951
486, 45, 517, 395, 515, 396, 2, -1, -0.4636476090008061, 2.23606797749979
486, 46, 69, 94, 68, 95, 1, -1, -0.7853981633974483, 1.4142135623730951
486, 47, 210, 380, 209, 381, 1, -1, -0.7853981633974483, 1.4142135623730951
486, 48, 90, 316, 89, 317, 1, -1, -0.7853981633974483, 1.4142135623730951
486, 49, 423, 404, 422, 405, 1, -1, -0.7853981633974483, 1.4142135623730951
486, 50, 544, 352, 542, 353, 2, -1, -0.4636476090008061, 2.23606797749979
486, 51, 204, 111, 203, 112, 1, -1, -0.7853981633974483, 1.4142135623730951
486, 53, 82, 81, 81, 82, 1, -1, -0.7853981633974483, 1.4142135623730951
486, 54, 450, 100, 448, 101, 2, -1, -0.4636476090008061, 2.23606797749979
486, 55, 43, 154, 41, 154, 2, 0, 0.0, 2.0
486, 56, 115, 406, 114, 407, 1, -1, -0.7853981633974483, 1.4142135623730951
486, 57, 491, 404, 489, 404, 2, 0, 0.0, 2.0
486, 58, 259, 400, 258, 401, 1, -1, -0.7853981633974483, 1.4142135623730951
487, 1, 298, 68, 297, 69, 1, -1, -0.7853981633974483, 1.4142135623730951
487, 2, 199, 104, 198, 105, 1, -1, -0.7853981633974483, 1.4142135623730951
487, 5, 13, 129, 12, 130, 1, -1, -0.7853981633974483, 1.4142135623730951
487, 6, 92, 176, 91, 177, 1, -1, -0.7853981633974483, 1.4142135623730951
487, 7, 330, 83, 329, 84, 1, -1, -0.7853981633974483, 1.4142135623730951
487, 8, 85, 403, 84, 404, 1, -1, -0.7853981633974483, 1.4142135623730951
487, 9, 608, 365, 605, 366, 3, -1, -0.3217505543966422, 3.1622776601683795
487, 14, 200, 334, 199, 335, 1, -1, -0.7853981633974483, 1.4142135623730951
487, 17, 76, 71, 75, 72, 1, -1, -0.7853981633974483, 1.4142135623730951
487, 18, 275, 108, 274, 109, 1, -1, -0.7853981633974483, 1.4142135623730951
487, 19, 387, 124, 385, 124, 2, 0, 0.0, 2.0
487, 21, 40, 74, 39, 75, 1, -1, -0.7853981633974483, 1.4142135623730951
487, 22, 158, 152, 157, 153, 1, -1, -0.7853981633974483, 1.4142135623730951
487, 23, 476, 367, 475, 368, 1, -1, -0.7853981633974483, 1.4142135623730951
487, 27, 338, 352, 336, 353, 2, -1, -0.4636476090008061, 2.23606797749979
487, 29, 107, 71, 106, 72, 1, -1, -0.7853981633974483, 1.4142135623730951
487, 31, 182, 131, 181, 132, 1, -1, -0.7853981633974483, 1.4142135623730951
487, 34, 375, 353, 373, 353, 2, 0, 0.0, 2.0
487, 35, 146, 107, 145, 108, 1, -1, -0.7853981633974483, 1.4142135623730951
487, 37, 437, 74, 436, 75, 1, -1, -0.7853981633974483, 1.4142135623730951
487, 39, 553, 352, 551, 353, 2, -1, -0.4636476090008061, 2.23606797749979
487, 40, 391, 394, 389, 395, 2, -1, -0.4636476090008061, 2.23606797749979
487, 42, 72, 337, 74, 338, -2, -1, -2.677945044588987, 2.23606797749979
487, 44, 106, 98, 105, 99, 1, -1, -0.7853981633974483, 1.4142135623730951
487, 45, 518, 394, 517, 395, 1, -1, -0.7853981633974483, 1.4142135623730951
487, 46, 70, 93, 69, 94, 1, -1, -0.7853981633974483, 1.4142135623730951
487, 48, 91, 315, 90, 316, 1, -1, -0.7853981633974483, 1.4142135623730951
487, 49, 425, 404, 423, 404, 2, 0, 0.0, 2.0
487, 50, 547, 351, 544, 352, 3, -1, -0.3217505543966422, 3.1622776601683795
487, 53, 83, 80, 82, 81, 1, -1, -0.7853981633974483, 1.4142135623730951
487, 54, 454, 98, 450, 100, 4, -2, -0.4636476090008061, 4.47213595499958
487, 56, 116, 405, 115, 406, 1, -1, -0.7853981633974483, 1.4142135623730951
487, 57, 493, 404, 491, 404, 2, 0, 0.0, 2.0
487, 61, 132, 160, 131, 161, 1, -1, -0.7853981633974483, 1.4142135623730951
488, 4, 39, 328, 38, 329, 1, -1, -0.7853981633974483, 1.4142135623730951
488, 5, 14, 128, 13, 129, 1, -1, -0.7853981633974483, 1.4142135623730951
488, 6, 94, 175, 92, 176, 2, -1, -0.4636476090008061, 2.23606797749979
488, 9, 611, 364, 608, 365, 3, -1, -0.3217505543966422, 3.1622776601683795
488, 16, 300, 95, 299, 96, 1, -1, -0.7853981633974483, 1.4142135623730951
488, 17, 77, 70, 76, 71, 1, -1, -0.7853981633974483, 1.4142135623730951
488, 18, 277, 107, 275, 108, 2, -1, -0.4636476090008061, 2.23606797749979
488, 19, 389, 123, 387, 124, 2, -1, -0.4636476090008061, 2.23606797749979
488, 21, 41, 73, 40, 74, 1, -1, -0.7853981633974483, 1.4142135623730951
488, 22, 159, 151, 158, 152, 1, -1, -0.7853981633974483, 1.4142135623730951
488, 23, 477, 366, 476, 367, 1, -1, -0.7853981633974483, 1.4142135623730951
488, 27, 340, 352, 338, 352, 2, 0, 0.0, 2.0
488, 28, 120, 350, 119, 351, 1, -1, -0.7853981633974483, 1.4142135623730951
488, 29, 109, 71, 107, 71, 2, 0, 0.0, 2.0
488, 34, 377, 352, 375, 353, 2, -1, -0.4636476090008061, 2.23606797749979
488, 35, 147, 106, 146, 107, 1, -1, -0.7853981633974483, 1.4142135623730951
488, 37, 438, 73, 437, 74, 1, -1, -0.7853981633974483, 1.4142135623730951
488, 39, 555, 352, 553, 352, 2, 0, 0.0, 2.0
488, 40, 393, 393, 391, 394, 2, -1, -0.4636476090008061, 2.23606797749979
488, 42, 362, 104, 360, 104, 2, 0, 0.0, 2.0
488, 43, 107, 96, 106, 98, 1, -2, -1.1071487177940904, 2.23606797749979
488, 44, 521, 393, 518, 394, 3, -1, -0.3217505543966422, 3.1622776601683795
488, 45, 71, 92, 70, 93, 1, -1, -0.7853981633974483, 1.4142135623730951
488, 49, 549, 351, 547, 351, 2, 0, 0.0, 2.0
488, 50, 205, 109, 204, 110, 1, -1, -0.7853981633974483, 1.4142135623730951
488, 53, 456, 97, 454, 98, 2, -1, -0.4636476090008061, 2.23606797749979
488, 55, 117, 404, 116, 405, 1, -1, -0.7853981633974483, 1.4142135623730951
488, 56, 495, 404, 493, 404, 2, 0, 0.0, 2.0
488, 57, 260, 399, 259, 400, 1, -1, -0.7853981633974483, 1.4142135623730951
488, 60, 133, 159, 132, 160, 1, -1, -0.7853981633974483, 1.4142135623730951
489, 5, 15, 127, 14, 128, 1, -1, -0.7853981633974483, 1.4142135623730951
489, 6, 95, 174, 94, 175, 1, -1, -0.7853981633974483, 1.4142135623730951
489, 9, 612, 363, 611, 364, 1, -1, -0.7853981633974483, 1.4142135623730951
489, 12, 357, 72, 356, 73, 1, -1, -0.7853981633974483, 1.4142135623730951
489, 16, 302, 94, 300, 95, 2, -1, -0.4636476090008061, 2.23606797749979
489, 17, 78, 69, 77, 70, 1, -1, -0.7853981633974483, 1.4142135623730951
489, 21, 42, 72, 41, 73, 1, -1, -0.7853981633974483, 1.4142135623730951
489, 22, 160, 150, 159, 151, 1, -1, -0.7853981633974483, 1.4142135623730951
489, 23, 478, 364, 477, 366, 1, -2, -1.1071487177940904, 2.23606797749979
489, 27, 341, 351, 340, 352, 1, -1, -0.7853981633974483, 1.4142135623730951
489, 28, 121, 349, 120, 350, 1, -1, -0.7853981633974483, 1.4142135623730951
489, 29, 110, 70, 109, 71, 1, -1, -0.7853981633974483, 1.4142135623730951
489, 32, 56, 90, 55, 91, 1, -1, -0.7853981633974483, 1.4142135623730951
489, 34, 379, 351, 377, 352, 2, -1, -0.4636476090008061, 2.23606797749979
489, 37, 440, 72, 438, 73, 2, -1, -0.4636476090008061, 2.23606797749979
489, 39, 557, 352, 555, 352, 2, 0, 0.0, 2.0
489, 40, 395, 393, 393, 393, 2, 0, 0.0, 2.0
489, 41, 199, 308, 198, 309, 1, -1, -0.7853981633974483, 1.4142135623730951
489, 42, 364, 104, 362, 104, 2, 0, 0.0, 2.0
489, 43, 108, 95, 107, 96, 1, -1, -0.7853981633974483, 1.4142135623730951
489, 44, 523, 392, 521, 393, 2, -1, -0.4636476090008061, 2.23606797749979
489, 45, 72, 91, 71, 92, 1, -1, -0.7853981633974483, 1.4142135623730951
489, 47, 93, 314, 92, 315, 1, -1, -0.7853981633974483, 1.4142135623730951
489, 48, 427, 403, 426, 404, 1, -1, -0.7853981633974483, 1.4142135623730951
489, 49, 550, 350, 549, 351, 1, -1, -0.7853981633974483, 1.4142135623730951
489, 52, 85, 79, 84, 80, 1, -1, -0.7853981633974483, 1.4142135623730951
489, 54, 47, 154, 45, 154, 2, 0, 0.0, 2.0
489, 55, 118, 403, 117, 404, 1, -1, -0.7853981633974483, 1.4142135623730951
489, 56, 497, 403, 495, 404, 2, -1, -0.4636476090008061, 2.23606797749979
489, 59, 245, 340, 244, 341, 1, -1, -0.7853981633974483, 1.4142135623730951
490, 3, 358, 72, 355, 73, 3, -1, -0.3217505543966422, 3.1622776601683795
490, 4, 94, 176, 93, 177, 1, -1, -0.7853981633974483, 1.4142135623730951
490, 5, 196, 405, 195, 406, 1, -1, -0.7853981633974483, 1.4142135623730951
490, 6, 69, 99, 68, 100, 1, -1, -0.7853981633974483, 1.4142135623730951
490, 9, 172, 407, 168, 408, 4, -1, -0.24497866312686414, 4.123105625617661
490, 10, 37, 148, 36, 149, 1, -1, -0.7853981633974483, 1.4142135623730951
490, 19, 279, 109, 277, 110, 2, -1, -0.4636476090008061, 2.23606797749979
490, 21, 159, 154, 158, 155, 1, -1, -0.7853981633974483, 1.4142135623730951
490, 22, 376, 351, 374, 352, 2, -1, -0.4636476090008061, 2.23606797749979
490, 25, 120, 406, 116, 408, 4, -2, -0.4636476090008061, 4.47213595499958
490, 26, 213, 380, 212, 381, 1, -1, -0.7853981633974483, 1.4142135623730951
490, 27, 611, 366, 609, 367, 2, -1, -0.4636476090008061, 2.23606797749979
490, 28, 494, 402, 492, 403, 2, -1, -0.4636476090008061, 2.23606797749979
490, 31, 390, 125, 388, 125, 2, 0, 0.0, 2.0
490, 32, 436, 73, 434, 73, 2, 0, 0.0, 2.0
490, 33, 146, 108, 145, 109, 1, -1, -0.7853981633974483, 1.4142135623730951
490, 34, 257, 144, 255, 145, 2, -1, -0.4636476090008061, 2.23606797749979
490, 35, 7, 156, 5, 155, 2, 1, 0.4636476090008061, 2.23606797749979
490, 36, 342, 352, 340, 352, 2, 0, 0.0, 2.0
490, 38, 521, 396, 519, 396, 2, 0, 0.0, 2.0
490, 41, 302, 96, 301, 97, 1, -1, -0.7853981633974483, 1.4142135623730951
490, 43, 109, 74, 108, 75, 1, -1, -0.7853981633974483, 1.4142135623730951
490, 48, 71, 141, 70, 139, 1, 2, 1.1071487177940904, 2.23606797749979
490, 49, 286, 379, 285, 380, 1, -1, -0.7853981633974483, 1.4142135623730951
490, 51, 427, 123, 426, 124, 1, -1, -0.7853981633974483, 1.4142135623730951
490, 52, 365, 104, 362, 104, 3, 0, 0.0, 3.0
490, 53, 490, 82, 488, 83, 2, -1, -0.4636476090008061, 2.23606797749979
490, 55, 265, 102, 264, 103, 1, -1, -0.7853981633974483, 1.4142135623730951
490, 60, 126, 396, 125, 397, 1, -1, -0.7853981633974483, 1.4142135623730951
490, 63, 87, 147, 86, 148, 1, -1, -0.7853981633974483, 1.4142135623730951
490, 65, 393, 395, 391, 396, 2, -1, -0.4636476090008061, 2.23606797749979
490, 67, 93, 316, 92, 317, 1, -1, -0.7853981633974483, 1.4142135623730951
490, 68, 134, 161, 133, 162, 1, -1, -0.7853981633974483, 1.4142135623730951
490, 73, 228, 99, 226, 100, 2, -1, -0.4636476090008061, 2.23606797749979
491, 6, 70, 98, 69, 99, 1, -1, -0.7853981633974483, 1.4142135623730951
491, 8, 244, 157, 243, 158, 1, -1, -0.7853981633974483, 1.4142135623730951
491, 10, 38, 147, 37, 148, 1, -1, -0.7853981633974483, 1.4142135623730951
491, 11, 41, 329, 40, 330, 1, -1, -0.7853981633974483, 1.4142135623730951
491, 12, 59, 91, 58, 92, 1, -1, -0.7853981633974483, 1.4142135623730951
491, 17, 333, 84, 332, 85, 1, -1, -0.7853981633974483, 1.4142135623730951
491, 19, 280, 108, 279, 109, 1, -1, -0.7853981633974483, 1.4142135623730951
491, 20, 18, 130, 17, 131, 1, -1, -0.7853981633974483, 1.4142135623730951
491, 21, 160, 153, 159, 154, 1, -1, -0.7853981633974483, 1.4142135623730951
491, 22, 378, 351, 376, 351, 2, 0, 0.0, 2.0
491, 24, 124, 349, 123, 350, 1, -1, -0.7853981633974483, 1.4142135623730951
491, 25, 121, 405, 120, 406, 1, -1, -0.7853981633974483, 1.4142135623730951
491, 27, 614, 366, 611, 366, 3, 0, 0.0, 3.0
491, 28, 496, 401, 494, 402, 2, -1, -0.4636476090008061, 2.23606797749979
491, 31, 392, 125, 390, 125, 2, 0, 0.0, 2.0
491, 32, 438, 71, 436, 73, 2, -2, -0.7853981633974483, 2.8284271247461903
491, 37, 524, 395, 521, 396, 3, -1, -0.3217505543966422, 3.1622776601683795
491, 40, 304, 96, 302, 96, 2, 0, 0.0, 2.0
491, 42, 110, 73, 109, 74, 1, -1, -0.7853981633974483, 1.4142135623730951
491, 48, 287, 378, 286, 379, 1, -1, -0.7853981633974483, 1.4142135623730951
491, 50, 428, 122, 427, 123, 1, -1, -0.7853981633974483, 1.4142135623730951
491, 51, 366, 103, 365, 104, 1, -1, -0.7853981633974483, 1.4142135623730951
491, 52, 492, 80, 490, 82, 2, -2, -0.7853981633974483, 2.8284271247461903
491, 57, 263, 401, 262, 402, 1, -1, -0.7853981633974483, 1.4142135623730951
491, 59, 127, 395, 126, 396, 1, -1, -0.7853981633974483, 1.4142135623730951
491, 61, 157, 88, 156, 89, 1, -1, -0.7853981633974483, 1.4142135623730951
491, 63, 202, 396, 201, 395, 1, 1, 0.7853981633974483, 1.4142135623730951
491, 64, 395, 394, 393, 395, 2, -1, -0.4636476090008061, 2.23606797749979
491, 66, 94, 315, 93, 316, 1, -1, -0.7853981633974483, 1.4142135623730951
491, 67, 135, 160, 134, 161, 1, -1, -0.7853981633974483, 1.4142135623730951
491, 69, 264, 93, 263, 94, 1, -1, -0.7853981633974483, 1.4142135623730951
491, 70, 224, 396, 222, 397, 2, -1, -0.4636476090008061, 2.23606797749979
491, 72, 229, 98, 228, 99, 1, -1, -0.7853981633974483, 1.4142135623730951
492, 4, 96, 175, 95, 176, 1, -1, -0.7853981633974483, 1.4142135623730951
492, 8, 244, 155, 244, 157, 0, -2, -1.5707963267948966, 2.0
492, 10, 39, 146, 38, 147, 1, -1, -0.7853981633974483, 1.4142135623730951
492, 11, 42, 328, 41, 329, 1, -1, -0.7853981633974483, 1.4142135623730951
492, 18, 196, 155, 195, 156, 1, -1, -0.7853981633974483, 1.4142135623730951
492, 19, 281, 107, 280, 108, 1, -1, -0.7853981633974483, 1.4142135623730951
492, 21, 161, 152, 160, 153, 1, -1, -0.7853981633974483, 1.4142135623730951
492, 22, 380, 351, 378, 351, 2, 0, 0.0, 2.0
492, 23, 53, 152, 52, 153, 1, -1, -0.7853981633974483, 1.4142135623730951
492, 27, 615, 365, 614, 366, 1, -1, -0.7853981633974483, 1.4142135623730951
492, 28, 497, 400, 496, 401, 1, -1, -0.7853981633974483, 1.4142135623730951
492, 31, 394, 125, 392, 125, 2, 0, 0.0, 2.0
492, 32, 440, 70, 438, 71, 2, -1, -0.4636476090008061, 2.23606797749979
492, 34, 258, 142, 257, 143, 1, -1, -0.7853981633974483, 1.4142135623730951
492, 36, 345, 351, 343, 352, 2, -1, -0.4636476090008061, 2.23606797749979
492, 37, 525, 394, 524, 395, 1, -1, -0.7853981633974483, 1.4142135623730951
492, 42, 111, 72, 110, 73, 1, -1, -0.7853981633974483, 1.4142135623730951
492, 50, 430, 122, 428, 122, 2, 0, 0.0, 2.0
492, 52, 494, 79, 492, 80, 2, -1, -0.4636476090008061, 2.23606797749979
492, 53, 35, 286, 34, 285, 1, 1, 0.7853981633974483, 1.4142135623730951
492, 55, 180, 378, 179, 380, 1, -2, -1.1071487177940904, 2.23606797749979
492, 60, 26, 322, 25, 323, 1, -1, -0.7853981633974483, 1.4142135623730951
492, 64, 397, 394, 395, 394, 2, 0, 0.0, 2.0
492, 65, 171, 158, 170, 159, 1, -1, -0.7853981633974483, 1.4142135623730951
492, 66, 95, 314, 94, 315, 1, -1, -0.7853981633974483, 1.4142135623730951
492, 68, 56, 365, 54, 365, 2, 0, 0.0, 2.0
492, 70, 226, 396, 224, 396, 2, 0, 0.0, 2.0
492, 72, 230, 97, 229, 98, 1, -1, -0.7853981633974483, 1.4142135623730951
493, 4, 97, 174, 96, 175, 1, -1, -0.7853981633974483, 1.4142135623730951
493, 5, 198, 403, 197, 404, 1, -1, -0.7853981633974483, 1.4142135623730951
493, 7, 88, 403, 87, 404, 1, -1, -0.7853981633974483, 1.4142135623730951
493, 19, 282, 106, 281, 107, 1, -1, -0.7853981633974483, 1.4142135623730951
493, 20, 19, 129, 18, 130, 1, -1, -0.7853981633974483, 1.4142135623730951
493, 22, 382, 350, 380, 351, 2, -1, -0.4636476090008061, 2.23606797749979
493, 23, 54, 151, 53, 152, 1, -1, -0.7853981633974483, 1.4142135623730951
493, 25, 123, 404, 122, 405, 1, -1, -0.7853981633974483, 1.4142135623730951
493, 26, 216, 379, 215, 380, 1, -1, -0.7853981633974483, 1.4142135623730951
493, 27, 616, 364, 615, 365, 1, -1, -0.7853981633974483, 1.4142135623730951
493, 28, 500, 400, 497, 400, 3, 0, 0.0, 3.0
493, 30, 110, 99, 109, 100, 1, -1, -0.7853981633974483, 1.4142135623730951
493, 32, 442, 69, 440, 70, 2, -1, -0.4636476090008061, 2.23606797749979
493, 33, 149, 107, 148, 108, 1, -1, -0.7853981633974483, 1.4142135623730951
493, 36, 346, 350, 345, 351, 1, -1, -0.7853981633974483, 1.4142135623730951
493, 37, 527, 394, 525, 394, 2, 0, 0.0, 2.0
493, 38, 68, 310, 67, 311, 1, -1, -0.7853981633974483, 1.4142135623730951
493, 40, 306, 95, 305, 96, 1, -1, -0.7853981633974483, 1.4142135623730951
493, 42, 112, 71, 111, 72, 1, -1, -0.7853981633974483, 1.4142135623730951
493, 45, 17, 322, 16, 323, 1, -1, -0.7853981633974483, 1.4142135623730951
493, 48, 289, 377, 288, 378, 1, -1, -0.7853981633974483, 1.4142135623730951
493, 49, 62, 85, 60, 85, 2, 0, 0.0, 2.0
493, 50, 432, 122, 430, 122, 2, 0, 0.0, 2.0
493, 51, 369, 103, 367, 103, 2, 0, 0.0, 2.0
493, 52, 496, 79, 494, 79, 2, 0, 0.0, 2.0
493, 59, 130, 395, 128, 395, 2, 0, 0.0, 2.0
493, 61, 157, 86, 157, 88, 0, -2, -1.5707963267948966, 2.0
493, 64, 399, 394, 397, 394, 2, 0, 0.0, 2.0
493, 65, 172, 157, 171, 158, 1, -1, -0.7853981633974483, 1.4142135623730951
493, 66, 97, 313, 95, 314, 2, -1, -0.4636476090008061, 2.23606797749979
493, 67, 136, 158, 135, 159, 1, -1, -0.7853981633974483, 1.4142135623730951
494, 2, 303, 69, 302, 70, 1, -1, -0.7853981633974483, 1.4142135623730951
494, 5, 199, 402, 198, 403, 1, -1, -0.7853981633974483, 1.4142135623730951
494, 6, 73, 97, 72, 98, 1, -1, -0.7853981633974483, 1.4142135623730951
494, 8, 244, 153, 245, 155, -1, -2, -2.0344439357957027, 2.23606797749979
494, 10, 42, 144, 40, 146, 2, -2, -0.7853981633974483, 2.8284271247461903
494, 12, 62, 90, 61, 91, 1, -1, -0.7853981633974483, 1.4142135623730951
494, 13, 187, 174, 186, 176, 1, -2, -1.1071487177940904, 2.23606797749979
494, 18, 198, 152, 197, 155, 1, -3, -1.2490457723982544, 3.1622776601683795
494, 19, 283, 105, 282, 106, 1, -1, -0.7853981633974483, 1.4142135623730951
494, 20, 20, 128, 19, 129, 1, -1, -0.7853981633974483, 1.4142135623730951
494, 22, 384, 349, 382, 350, 2, -1, -0.4636476090008061, 2.23606797749979
494, 26, 217, 378, 216, 379, 1, -1, -0.7853981633974483, 1.4142135623730951
494, 27, 618, 364, 616, 364, 2, 0, 0.0, 2.0
494, 28, 502, 400, 500, 400, 2, 0, 0.0, 2.0
494, 31, 398, 123, 395, 125, 3, -2, -0.5880026035475675, 3.605551275463989
494, 32, 444, 68, 442, 69, 2, -1, -0.4636476090008061, 2.23606797749979
494, 34, 259, 140, 258, 141, 1, -1, -0.7853981633974483, 1.4142135623730951
494, 35, 11, 157, 10, 156, 1, 1, 0.7853981633974483, 1.4142135623730951
494, 36, 347, 349, 346, 350, 1, -1, -0.7853981633974483, 1.4142135623730951
494, 42, 113, 70, 112, 71, 1, -1, -0.7853981633974483, 1.4142135623730951
494, 44, 19, 322, 17, 322, 2, 0, 0.0, 2.0
494, 45, 126, 371, 125, 372, 1, -1, -0.7853981633974483, 1.4142135623730951
494, 49, 434, 121, 432, 122, 2, -1, -0.4636476090008061, 2.23606797749979
494, 50, 371, 103, 369, 103, 2, 0, 0.0, 2.0
494, 52, 37, 287, 36, 286, 1, 1, 0.7853981633974483, 1.4142135623730951
494, 53, 266, 97, 265, 99, 1, -2, -1.1071487177940904, 2.23606797749979
494, 54, 181, 377, 180, 378, 1, -1, -0.7853981633974483, 1.4142135623730951
494, 57, 85, 119, 83, 119, 2, 0, 0.0, 2.0
494, 58, 133, 395, 130, 395, 3, 0, 0.0, 3.0
494, 61, 91, 146, 90, 147, 1, -1, -0.7853981633974483, 1.4142135623730951
494, 63, 401, 393, 399, 394, 2, -1, -0.4636476090008061, 2.23606797749979
494, 64, 173, 156, 172, 157, 1, -1, -0.7853981633974483, 1.4142135623730951
494, 66, 137, 157, 136, 158, 1, -1, -0.7853981633974483, 1.4142135623730951
494, 68, 266, 87, 264, 91, 2, -4, -1.1071487177940904, 4.47213595499958
494, 69, 229, 396, 227, 396, 2, 0, 0.0, 2.0
495, 9, 61, 91, 60, 92, 1, -1, -0.7853981633974483, 1.4142135623730951
495, 14, 188, 175, 187, 176, 1, -1, -0.7853981633974483, 1.4142135623730951
495, 15, 282, 107, 281, 108, 1, -1, -0.7853981633974483, 1.4142135623730951
495, 16, 614, 367, 612, 366, 2, 1, 0.4636476090008061, 2.23606797749979
495, 17, 337, 86, 335, 86, 2, 0, 0.0, 2.0
495, 18, 42, 148, 41, 149, 1, -1, -0.7853981633974483, 1.4142135623730951
495, 19, 18, 130, 17, 131, 1, -1, -0.7853981633974483, 1.4142135623730951
495, 22, 443, 72, 441, 72, 2, 0, 0.0, 2.0
495, 26, 122, 406, 121, 407, 1, -1, -0.7853981633974483, 1.4142135623730951
495, 28, 260, 141, 259, 142, 1, -1, -0.7853981633974483, 1.4142135623730951
495, 29, 396, 124, 394, 124, 2, 0, 0.0, 2.0
495, 30, 526, 396, 524, 396, 2, 0, 0.0, 2.0
495, 32, 59, 365, 57, 365, 2, 0, 0.0, 2.0
495, 33, 21, 313, 19, 313, 2, 0, 0.0, 2.0
495, 35, 205, 162, 203, 163, 2, -1, -0.4636476090008061, 2.23606797749979
495, 37, 513, 353, 511, 354, 2, -1, -0.4636476090008061, 2.23606797749979
495, 38, 196, 182, 193, 182, 3, 0, 0.0, 3.0
495, 40, 279, 116, 278, 117, 1, -1, -0.7853981633974483, 1.4142135623730951
495, 42, 530, 129, 528, 131, 2, -2, -0.7853981633974483, 2.8284271247461903
495, 43, 501, 402, 499, 403, 2, -1, -0.4636476090008061, 2.23606797749979
495, 45, 496, 80, 494, 80, 2, 0, 0.0, 2.0
495, 46, 344, 352, 343, 353, 1, -1, -0.7853981633974483, 1.4142135623730951
495, 48, 126, 371, 125, 372, 1, -1, -0.7853981633974483, 1.4142135623730951
495, 49, 126, 331, 125, 332, 1, -1, -0.7853981633974483, 1.4142135623730951
495, 51, 29, 133, 28, 134, 1, -1, -0.7853981633974483, 1.4142135623730951
495, 52, 144, 72, 143, 73, 1, -1, -0.7853981633974483, 1.4142135623730951
495, 56, 384, 354, 382, 354, 2, 0, 0.0, 2.0
495, 58, 19, 322, 17, 323, 2, -1, -0.4636476090008061, 2.23606797749979
495, 61, 369, 104, 367, 104, 2, 0, 0.0, 2.0
495, 63, 173, 356, 172, 357, 1, -1, -0.7853981633974483, 1.4142135623730951
495, 64, 555, 353, 553, 353, 2, 0, 0.0, 2.0
495, 66, 70, 337, 69, 338, 1, -1, -0.7853981633974483, 1.4142135623730951
495, 68, 53, 153, 52, 154, 1, -1, -0.7853981633974483, 1.4142135623730951
495, 70, 140, 163, 139, 164, 1, -1, -0.7853981633974483, 1.4142135623730951
495, 71, 249, 162, 249, 164, 0, -2, -1.5707963267948966, 2.0
495, 73, 563, 361, 561, 362, 2, -1, -0.4636476090008061, 2.23606797749979
496, 1, 305, 69, 304, 70, 1, -1, -0.7853981633974483, 1.4142135623730951
496, 2, 200, 405, 199, 406, 1, -1, -0.7853981633974483, 1.4142135623730951
496, 3, 202, 104, 201, 105, 1, -1, -0.7853981633974483, 1.4142135623730951
496, 4, 112, 100, 111, 101, 1, -1, -0.7853981633974483, 1.4142135623730951
496, 5, 100, 175, 98, 176, 2, -1, -0.4636476090008061, 2.23606797749979
496, 6, 92, 405, 90, 405, 2, 0, 0.0, 2.0
496, 13, 77, 94, 76, 95, 1, -1, -0.7853981633974483, 1.4142135623730951
496, 15, 283, 105, 282, 107, 1, -2, -1.1071487177940904, 2.23606797749979
496, 16, 616, 366, 614, 367, 2, -1, -0.4636476090008061, 2.23606797749979
496, 17, 338, 85, 337, 86, 1, -1, -0.7853981633974483, 1.4142135623730951
496, 18, 43, 147, 42, 148, 1, -1, -0.7853981633974483, 1.4142135623730951
496, 28, 261, 140, 260, 141, 1, -1, -0.7853981633974483, 1.4142135623730951
496, 30, 528, 396, 526, 396, 2, 0, 0.0, 2.0
496, 31, 13, 157, 11, 158, 2, -1, -0.4636476090008061, 2.23606797749979
496, 33, 23, 313, 21, 313, 2, 0, 0.0, 2.0
496, 35, 207, 161, 205, 162, 2, -1, -0.4636476090008061, 2.23606797749979
496, 36, 7, 296, 6, 297, 1, -1, -0.7853981633974483, 1.4142135623730951
496, 37, 515, 352, 513, 353, 2, -1, -0.4636476090008061, 2.23606797749979
496, 38, 198, 181, 196, 182, 2, -1, -0.4636476090008061, 2.23606797749979
496, 40, 281, 115, 279, 116, 2, -1, -0.4636476090008061, 2.23606797749979
496, 42, 532, 128, 530, 129, 2, -1, -0.4636476090008061, 2.23606797749979
496, 43, 503, 402, 501, 402, 2, 0, 0.0, 2.0
496, 45, 498, 80, 496, 80, 2, 0, 0.0, 2.0
496, 46, 346, 351, 344, 352, 2, -1, -0.4636476090008061, 2.23606797749979
496, 47, 267, 90, 266, 91, 1, -1, -0.7853981633974483, 1.4142135623730951
496, 48, 128, 370, 126, 371, 2, -1, -0.4636476090008061, 2.23606797749979
496, 49, 127, 330, 126, 331, 1, -1, -0.7853981633974483, 1.4142135623730951
496, 51, 30, 132, 29, 133, 1, -1, -0.7853981633974483, 1.4142135623730951
496, 55, 203, 309, 202, 310, 1, -1, -0.7853981633974483, 1.4142135623730951
496, 56, 386, 353, 384, 354, 2, -1, -0.4636476090008061, 2.23606797749979
496, 58, 20, 321, 19, 322, 1, -1, -0.7853981633974483, 1.4142135623730951
496, 59, 70, 310, 69, 311, 1, -1, -0.7853981633974483, 1.4142135623730951
496, 61, 371, 104, 369, 104, 2, 0, 0.0, 2.0
496, 64, 556, 352, 555, 353, 1, -1, -0.7853981633974483, 1.4142135623730951
496, 65, 99, 317, 97, 317, 2, 0, 0.0, 2.0
496, 66, 72, 336, 70, 337, 2, -1, -0.4636476090008061, 2.23606797749979
496, 69, 446, 104, 444, 103, 2, 1, 0.4636476090008061, 2.23606797749979
496, 70, 141, 162, 140, 163, 1, -1, -0.7853981633974483, 1.4142135623730951
496, 71, 250, 161, 249, 162, 1, -1, -0.7853981633974483, 1.4142135623730951
496, 73, 565, 360, 563, 361, 2, -1, -0.4636476090008061, 2.23606797749979
497, 1, 306, 68, 305, 69, 1, -1, -0.7853981633974483, 1.4142135623730951
497, 3, 203, 103, 202, 104, 1, -1, -0.7853981633974483, 1.4142135623730951
497, 4, 113, 99, 112, 100, 1, -1, -0.7853981633974483, 1.4142135623730951
497, 5, 102, 175, 100, 175, 2, 0, 0.0, 2.0
497, 9, 62, 90, 61, 91, 1, -1, -0.7853981633974483, 1.4142135623730951
497, 11, 194, 340, 193, 341, 1, -1, -0.7853981633974483, 1.4142135623730951
497, 12, 363, 73, 362, 74, 1, -1, -0.7853981633974483, 1.4142135623730951
497, 14, 190, 174, 189, 175, 1, -1, -0.7853981633974483, 1.4142135623730951
497, 15, 284, 103, 283, 105, 1, -2, -1.1071487177940904, 2.23606797749979
497, 16, 618, 365, 616, 366, 2, -1, -0.4636476090008061, 2.23606797749979
497, 17, 339, 84, 338, 85, 1, -1, -0.7853981633974483, 1.4142135623730951
497, 19, 21, 129, 19, 130, 2, -1, -0.4636476090008061, 2.23606797749979
497, 24, 222, 378, 221, 379, 1, -1, -0.7853981633974483, 1.4142135623730951
497, 25, 246, 154, 245, 155, 1, -1, -0.7853981633974483, 1.4142135623730951
497, 26, 124, 405, 123, 406, 1, -1, -0.7853981633974483, 1.4142135623730951
497, 28, 262, 139, 261, 140, 1, -1, -0.7853981633974483, 1.4142135623730951
497, 29, 399, 124, 397, 124, 2, 0, 0.0, 2.0
497, 30, 529, 395, 528, 396, 1, -1, -0.7853981633974483, 1.4142135623730951
497, 31, 15, 156, 13, 157, 2, -1, -0.4636476090008061, 2.23606797749979
497, 33, 26, 312, 23, 313, 3, -1, -0.3217505543966422, 3.1622776601683795
497, 34, 11, 376, 9, 376, 2, 0, 0.0, 2.0
497, 35, 208, 160, 207, 161, 1, -1, -0.7853981633974483, 1.4142135623730951
497, 37, 517, 352, 515, 352, 2, 0, 0.0, 2.0
497, 38, 200, 179, 198, 181, 2, -2, -0.7853981633974483, 2.8284271247461903
497, 39, 246, 322, 245, 323, 1, -1, -0.7853981633974483, 1.4142135623730951
497, 40, 283, 114, 281, 115, 2, -1, -0.4636476090008061, 2.23606797749979
497, 42, 533, 127, 532, 128, 1, -1, -0.7853981633974483, 1.4142135623730951
497, 43, 505, 402, 503, 402, 2, 0, 0.0, 2.0
497, 46, 348, 351, 346, 351, 2, 0, 0.0, 2.0
497, 51, 31, 131, 30, 132, 1, -1, -0.7853981633974483, 1.4142135623730951
497, 53, 46, 174, 45, 175, 1, -1, -0.7853981633974483, 1.4142135623730951
497, 57, 86, 70, 85, 71, 1, -1, -0.7853981633974483, 1.4142135623730951
497, 58, 21, 320, 20, 321, 1, -1, -0.7853981633974483, 1.4142135623730951
497, 61, 372, 103, 371, 104, 1, -1, -0.7853981633974483, 1.4142135623730951
497, 64, 557, 353, 556, 352, 1, 1, 0.7853981633974483, 1.4142135623730951
497, 66, 75, 336, 72, 336, 3, 0, 0.0, 3.0
497, 67, 206, 335, 205, 336, 1, -1, -0.7853981633974483, 1.4142135623730951
497, 68, 54, 151, 53, 152, 1, -1, -0.7853981633974483, 1.4142135623730951
497, 69, 447, 105, 446, 104, 1, 1, 0.7853981633974483, 1.4142135623730951
497, 70, 142, 161, 141, 162, 1, -1, -0.7853981633974483, 1.4142135623730951
497, 71, 251, 159, 250, 161, 1, -2, -1.1071487177940904, 2.23606797749979
497, 73, 567, 360, 565, 360, 2, 0, 0.0, 2.0
498, 1, 307, 67, 306, 68, 1, -1, -0.7853981633974483, 1.4142135623730951
498, 3, 204, 102, 203, 103, 1, -1, -0.7853981633974483, 1.4142135623730951
498, 5, 103, 174, 102, 175, 1, -1, -0.7853981633974483, 1.4142135623730951
498, 8, 201, 154, 200, 155, 1, -1, -0.7853981633974483, 1.4142135623730951
498, 9, 63, 89, 62, 90, 1, -1, -0.7853981633974483, 1.4142135623730951
498, 15, 285, 102, 284, 103, 1, -1, -0.7853981633974483, 1.4142135623730951
498, 16, 621, 365, 618, 365, 3, 0, 0.0, 3.0
498, 17, 341, 83, 339, 84, 2, -1, -0.4636476090008061, 2.23606797749979
498, 18, 46, 147, 44, 147, 2, 0, 0.0, 2.0
498, 22, 446, 71, 445, 72, 1, -1, -0.7853981633974483, 1.4142135623730951
498, 23, 173, 406, 172, 407, 1, -1, -0.7853981633974483, 1.4142135623730951
498, 24, 223, 377, 222, 378, 1, -1, -0.7853981633974483, 1.4142135623730951
498, 28, 263, 138, 262, 139, 1, -1, -0.7853981633974483, 1.4142135623730951
498, 29, 401, 124, 399, 124, 2, 0, 0.0, 2.0
498, 30, 531, 395, 529, 395, 2, 0, 0.0, 2.0
498, 31, 17, 155, 15, 156, 2, -1, -0.4636476090008061, 2.23606797749979
498, 33, 28, 312, 26, 312, 2, 0, 0.0, 2.0
498, 34, 13, 376, 11, 376, 2, 0, 0.0, 2.0
498, 35, 209, 158, 208, 160, 1, -2, -1.1071487177940904, 2.23606797749979
498, 36, 10, 296, 8, 296, 2, 0, 0.0, 2.0
498, 37, 519, 352, 517, 352, 2, 0, 0.0, 2.0
498, 38, 200, 177, 200, 179, 0, -2, -1.5707963267948966, 2.0
498, 40, 285, 113, 283, 114, 2, -1, -0.4636476090008061, 2.23606797749979
498, 41, 153, 109, 152, 110, 1, -1, -0.7853981633974483, 1.4142135623730951
498, 42, 535, 126, 533, 127, 2, -1, -0.4636476090008061, 2.23606797749979
498, 43, 507, 401, 505, 402, 2, -1, -0.4636476090008061, 2.23606797749979
498, 45, 501, 80, 499, 80, 2, 0, 0.0, 2.0
498, 46, 350, 351, 348, 351, 2, 0, 0.0, 2.0
498, 47, 268, 88, 267, 89, 1, -1, -0.7853981633974483, 1.4142135623730951
498, 48, 131, 369, 129, 370, 2, -1, -0.4636476090008061, 2.23606797749979
498, 49, 128, 328, 127, 329, 1, -1, -0.7853981633974483, 1.4142135623730951
498, 51, 32, 130, 31, 131, 1, -1, -0.7853981633974483, 1.4142135623730951
498, 53, 47, 172, 46, 174, 1, -2, -1.1071487177940904, 2.23606797749979
498, 55, 205, 308, 204, 309, 1, -1, -0.7853981633974483, 1.4142135623730951
498, 56, 388, 352, 387, 353, 1, -1, -0.7853981633974483, 1.4142135623730951
498, 59, 73, 310, 71, 310, 2, 0, 0.0, 2.0
498, 60, 196, 332, 195, 333, 1, -1, -0.7853981633974483, 1.4142135623730951
498, 61, 374, 103, 372, 103, 2, 0, 0.0, 2.0
498, 64, 101, 316, 100, 317, 1, -1, -0.7853981633974483, 1.4142135623730951
498, 65, 78, 335, 75, 336, 3, -1, -0.3217505543966422, 3.1622776601683795
498, 68, 448, 104, 447, 105, 1, -1, -0.7853981633974483, 1.4142135623730951
498, 72, 569, 359, 567, 360, 2, -1, -0.4636476090008061, 2.23606797749979
499, 1, 308, 66, 307, 67, 1, -1, -0.7853981633974483, 1.4142135623730951
499, 5, 104, 173, 103, 174, 1, -1, -0.7853981633974483, 1.4142135623730951
499, 6, 96, 405, 94, 405, 2, 0, 0.0, 2.0
499, 9, 65, 88, 63, 89, 2, -1, -0.4636476090008061, 2.23606797749979
499, 12, 366, 72, 364, 73, 2, -1, -0.4636476090008061, 2.23606797749979
499, 13, 79, 93, 78, 94, 1, -1, -0.7853981633974483, 1.4142135623730951
499, 14, 192, 173, 191, 174, 1, -1, -0.7853981633974483, 1.4142135623730951
499, 15, 286, 101, 285, 102, 1, -1, -0.7853981633974483, 1.4142135623730951
499, 16, 623, 365, 621, 365, 2, 0, 0.0, 2.0
499, 17, 343, 83, 341, 83, 2, 0, 0.0, 2.0
499, 18, 47, 146, 46, 147, 1, -1, -0.7853981633974483, 1.4142135623730951
499, 22, 447, 70, 446, 71, 1, -1, -0.7853981633974483, 1.4142135623730951
499, 24, 224, 376, 223, 377, 1, -1, -0.7853981633974483, 1.4142135623730951
499, 25, 247, 152, 246, 153, 1, -1, -0.7853981633974483, 1.4142135623730951
499, 28, 264, 137, 263, 138, 1, -1, -0.7853981633974483, 1.4142135623730951
499, 29, 403, 124, 401, 124, 2, 0, 0.0, 2.0
499, 30, 533, 395, 531, 395, 2, 0, 0.0, 2.0
499, 31, 18, 154, 17, 155, 1, -1, -0.7853981633974483, 1.4142135623730951
499, 33, 32, 312, 28, 312, 4, 0, 0.0, 4.0
499, 34, 15, 375, 13, 376, 2, -1, -0.4636476090008061, 2.23606797749979
499, 35, 211, 157, 209, 158, 2, -1, -0.4636476090008061, 2.23606797749979
499, 36, 11, 295, 10, 296, 1, -1, -0.7853981633974483, 1.4142135623730951
499, 37, 521, 352, 519, 352, 2, 0, 0.0, 2.0
499, 40, 286, 111, 285, 113, 1, -2, -1.1071487177940904, 2.23606797749979
499, 41, 154, 108, 153, 109, 1, -1, -0.7853981633974483, 1.4142135623730951
499, 42, 537, 126, 535, 126, 2, 0, 0.0, 2.0
499, 43, 508, 400, 507, 401, 1, -1, -0.7853981633974483, 1.4142135623730951
499, 45, 502, 79, 501, 80, 1, -1, -0.7853981633974483, 1.4142135623730951
499, 48, 133, 368, 131, 369, 2, -1, -0.4636476090008061, 2.23606797749979
499, 53, 48, 171, 47, 172, 1, -1, -0.7853981633974483, 1.4142135623730951
499, 54, 438, 125, 436, 125, 2, 0, 0.0, 2.0
499, 56, 390, 351, 388, 352, 2, -1, -0.4636476090008061, 2.23606797749979
499, 58, 23, 319, 22, 320, 1, -1, -0.7853981633974483, 1.4142135623730951
499, 60, 197, 331, 196, 332, 1, -1, -0.7853981633974483, 1.4142135623730951
499, 61, 376, 102, 374, 103, 2, -1, -0.4636476090008061, 2.23606797749979
499, 63, 560, 352, 558, 353, 2, -1, -0.4636476090008061, 2.23606797749979
499, 65, 81, 334, 78, 335, 3, -1, -0.3217505543966422, 3.1622776601683795
499, 67, 56, 150, 55, 151, 1, -1, -0.7853981633974483, 1.4142135623730951
499, 68, 449, 103, 448, 104, 1, -1, -0.7853981633974483, 1.4142135623730951
499, 69, 143, 159, 142, 160, 1, -1, -0.7853981633974483, 1.4142135623730951
499, 70, 252, 157, 251, 158, 1, -1, -0.7853981633974483, 1.4142135623730951
499, 71, 98, 377, 97, 378, 1, -1, -0.7853981633974483, 1.4142135623730951
500, 0, 206, 103, 205, 104, 1, -1, -0.7853981633974483, 1.4142135623730951
500, 2, 103, 176, 102, 177, 1, -1, -0.7853981633974483, 1.4142135623730951
500, 3, 307, 72, 306, 73, 1, -1, -0.7853981633974483, 1.4142135623730951
500, 4, 10, 301, 9, 302, 1, -1, -0.7853981633974483, 1.4142135623730951
500, 6, 66, 90, 65, 91, 1, -1, -0.7853981633974483, 1.4142135623730951
500, 7, 166, 158, 165, 159, 1, -1, -0.7853981633974483, 1.4142135623730951
500, 11, 228, 107, 227, 108, 1, -1, -0.7853981633974483, 1.4142135623730951
500, 14, 12, 377, 11, 378, 1, -1, -0.7853981633974483, 1.4142135623730951
500, 18, 289, 109, 288, 111, 1, -2, -1.1071487177940904, 2.23606797749979
500, 20, 95, 405, 93, 405, 2, 0, 0.0, 2.0
500, 21, 342, 84, 340, 85, 2, -1, -0.4636476090008061, 2.23606797749979
500, 23, 46, 148, 45, 149, 1, -1, -0.7853981633974483, 1.4142135623730951
500, 24, 24, 130, 23, 131, 1, -1, -0.7853981633974483, 1.4142135623730951
500, 25, 174, 407, 173, 408, 1, -1, -0.7853981633974483, 1.4142135623730951
500, 27, 620, 366, 618, 367, 2, -1, -0.4636476090008061, 2.23606797749979
500, 31, 341, 92, 340, 93, 1, -1, -0.7853981633974483, 1.4142135623730951
500, 35, 374, 104, 373, 105, 1, -1, -0.7853981633974483, 1.4142135623730951
500, 36, 285, 103, 284, 105, 1, -2, -1.1071487177940904, 2.23606797749979
500, 38, 502, 80, 500, 81, 2, -1, -0.4636476090008061, 2.23606797749979
500, 41, 421, 102, 419, 103, 2, -1, -0.4636476090008061, 2.23606797749979
500, 42, 258, 139, 258, 141, 0, -2, -1.5707963267948966, 2.0
500, 43, 570, 353, 568, 353, 2, 0, 0.0, 2.0
500, 45, 92, 146, 91, 147, 1, -1, -0.7853981633974483, 1.4142135623730951
500, 46, 473, 126, 471, 127, 2, -1, -0.4636476090008061, 2.23606797749979
500, 47, 531, 395, 530, 396, 1, -1, -0.7853981633974483, 1.4142135623730951
500, 48, 562, 354, 560, 354, 2, 0, 0.0, 2.0
500, 49, 15, 156, 14, 157, 1, -1, -0.7853981633974483, 1.4142135623730951
500, 50, 278, 99, 277, 100, 1, -1, -0.7853981633974483, 1.4142135623730951
500, 54, 88, 70, 87, 71, 1, -1, -0.7853981633974483, 1.4142135623730951
501, 0, 208, 102, 206, 103, 2, -1, -0.4636476090008061, 2.23606797749979
501, 2, 106, 176, 103, 176, 3, 0, 0.0, 3.0
501, 3, 309, 73, 307, 72, 2, 1, 0.4636476090008061, 2.23606797749979
501, 4, 11, 300, 10, 301, 1, -1, -0.7853981633974483, 1.4142135623730951
501, 6, 67, 89, 66, 90, 1, -1, -0.7853981633974483, 1.4142135623730951
501, 7, 167, 157, 166, 158, 1, -1, -0.7853981633974483, 1.4142135623730951
501, 8, 50, 331, 48, 331, 2, 0, 0.0, 2.0
501, 9, 196, 341, 195, 342, 1, -1, -0.7853981633974483, 1.4142135623730951
501, 10, 465, 103, 464, 104, 1, -1, -0.7853981633974483, 1.4142135623730951
501, 11, 229, 105, 228, 107, 1, -2, -1.1071487177940904, 2.23606797749979
501, 14, 13, 376, 12, 377, 1, -1, -0.7853981633974483, 1.4142135623730951
501, 18, 290, 108, 289, 109, 1, -1, -0.7853981633974483, 1.4142135623730951
501, 24, 26, 130, 24, 130, 2, 0, 0.0, 2.0
501, 27, 622, 365, 620, 366, 2, -1, -0.4636476090008061, 2.23606797749979
501, 29, 264, 333, 265, 332, -1, 1, 2.356194490192345, 1.4142135623730951
501, 30, 158, 110, 156, 110, 2, 0, 0.0, 2.0
501, 31, 342, 91, 341, 92, 1, -1, -0.7853981633974483, 1.4142135623730951
501, 35, 375, 103, 374, 104, 1, -1, -0.7853981633974483, 1.4142135623730951
501, 36, 286, 101, 285, 103, 1, -2, -1.1071487177940904, 2.23606797749979
501, 38, 504, 80, 502, 80, 2, 0, 0.0, 2.0
501, 41, 423, 101, 421, 102, 2, -1, -0.4636476090008061, 2.23606797749979
501, 42, 259, 137, 258, 139, 1, -2, -1.1071487177940904, 2.23606797749979
501, 43, 573, 352, 570, 353, 3, -1, -0.3217505543966422, 3.1622776601683795
501, 46, 474, 125, 473, 126, 1, -1, -0.7853981633974483, 1.4142135623730951
501, 47, 533, 394, 531, 395, 2, -1, -0.4636476090008061, 2.23606797749979
501, 48, 563, 353, 562, 354, 1, -1, -0.7853981633974483, 1.4142135623730951
501, 49, 16, 155, 15, 156, 1, -1, -0.7853981633974483, 1.4142135623730951
501, 58, 117, 75, 116, 76, 1, -1, -0.7853981633974483, 1.4142135623730951
502, 0, 209, 101, 208, 102, 1, -1, -0.7853981633974483, 1.4142135623730951
502, 2, 107, 175, 106, 176, 1, -1, -0.7853981633974483, 1.4142135623730951
502, 3, 310, 72, 309, 73, 1, -1, -0.7853981633974483, 1.4142135623730951
502, 4, 12, 299, 11, 300, 1, -1, -0.7853981633974483, 1.4142135623730951
502, 10, 467, 102, 465, 103, 2, -1, -0.4636476090008061, 2.23606797749979
502, 13, 149, 72, 148, 73, 1, -1, -0.7853981633974483, 1.4142135623730951
502, 15, 194, 175, 193, 176, 1, -1, -0.7853981633974483, 1.4142135623730951
502, 18, 291, 106, 290, 108, 1, -2, -1.1071487177940904, 2.23606797749979
502, 22, 368, 73, 367, 74, 1, -1, -0.7853981633974483, 1.4142135623730951
502, 23, 48, 147, 47, 148, 1, -1, -0.7853981633974483, 1.4142135623730951
502, 24, 27, 129, 26, 130, 1, -1, -0.7853981633974483, 1.4142135623730951
502, 26, 250, 153, 249, 154, 1, -1, -0.7853981633974483, 1.4142135623730951
502, 27, 624, 364, 622, 365, 2, -1, -0.4636476090008061, 2.23606797749979
502, 28, 403, 125, 401, 125, 2, 0, 0.0, 2.0
502, 30, 159, 109, 158, 110, 1, -1, -0.7853981633974483, 1.4142135623730951
502, 31, 343, 90, 342, 91, 1, -1, -0.7853981633974483, 1.4142135623730951
502, 35, 377, 102, 375, 103, 2, -1, -0.4636476090008061, 2.23606797749979
502, 36, 287, 100, 286, 101, 1, -1, -0.7853981633974483, 1.4142135623730951
502, 37, 373, 79, 372, 80, 1, -1, -0.7853981633974483, 1.4142135623730951
502, 41, 425, 100, 423, 101, 2, -1, -0.4636476090008061, 2.23606797749979
502, 42, 260, 135, 259, 137, 1, -2, -1.1071487177940904, 2.23606797749979
502, 43, 576, 352, 573, 352, 3, 0, 0.0, 3.0
502, 45, 476, 126, 474, 125, 2, 1, 0.4636476090008061, 2.23606797749979
502, 47, 564, 352, 563, 353, 1, -1, -0.7853981633974483, 1.4142135623730951
502, 48, 17, 154, 16, 155, 1, -1, -0.7853981633974483, 1.4142135623730951
502, 53, 314, 98, 312, 98, 2, 0, 0.0, 2.0
502, 57, 119, 75, 117, 75, 2, 0, 0.0, 2.0
503, 2, 108, 174, 107, 175, 1, -1, -0.7853981633974483, 1.4142135623730951
503, 6, 68, 86, 67, 88, 1, -2, -1.1071487177940904, 2.23606797749979
503, 9, 197, 337, 196, 340, 1, -3, -1.2490457723982544, 3.1622776601683795
503, 10, 469, 101, 467, 102, 2, -1, -0.4636476090008061, 2.23606797749979
503, 12, 451, 71, 449, 71, 2, 0, 0.0, 2.0
503, 13, 150, 71, 149, 72, 1, -1, -0.7853981633974483, 1.4142135623730951
503, 16, 509, 403, 507, 403, 2, 0, 0.0, 2.0
503, 18, 291, 104, 291, 106, 0, -2, -1.5707963267948966, 2.0
503, 20, 98, 404, 97, 405, 1, -1, -0.7853981633974483, 1.4142135623730951
503, 21, 345, 81, 344, 84, 1, -3, -1.2490457723982544, 3.1622776601683795
503, 22, 370, 73, 368, 73, 2, 0, 0.0, 2.0
503, 24, 28, 128, 27, 129, 1, -1, -0.7853981633974483, 1.4142135623730951
503, 26, 251, 152, 250, 153, 1, -1, -0.7853981633974483, 1.4142135623730951
503, 27, 626, 363, 624, 364, 2, -1, -0.4636476090008061, 2.23606797749979
503, 28, 404, 124, 403, 125, 1, -1, -0.7853981633974483, 1.4142135623730951
503, 31, 344, 87, 343, 90, 1, -3, -1.2490457723982544, 3.1622776601683795
503, 34, 205, 154, 204, 155, 1, -1, -0.7853981633974483, 1.4142135623730951
503, 35, 379, 101, 377, 102, 2, -1, -0.4636476090008061, 2.23606797749979
503, 36, 288, 97, 287, 100, 1, -3, -1.2490457723982544, 3.1622776601683795
503, 38, 506, 79, 505, 80, 1, -1, -0.7853981633974483, 1.4142135623730951
503, 39, 255, 320, 253, 321, 2, -1, -0.4636476090008061, 2.23606797749979
503, 41, 427, 99, 425, 100, 2, -1, -0.4636476090008061, 2.23606797749979
503, 45, 478, 126, 476, 126, 2, 0, 0.0, 2.0
503, 46, 536, 394, 534, 394, 2, 0, 0.0, 2.0
503, 47, 565, 351, 564, 352, 1, -1, -0.7853981633974483, 1.4142135623730951
503, 48, 18, 153, 17, 154, 1, -1, -0.7853981633974483, 1.4142135623730951
503, 54, 245, 323, 244, 325, 1, -2, -1.1071487177940904, 2.23606797749979
503, 56, 250, 160, 249, 161, 1, -1, -0.7853981633974483, 1.4142135623730951
504, 2, 109, 173, 108, 174, 1, -1, -0.7853981633974483, 1.4142135623730951
504, 3, 312, 71, 311, 72, 1, -1, -0.7853981633974483, 1.4142135623730951
504, 7, 169, 156, 168, 157, 1, -1, -0.7853981633974483, 1.4142135623730951
504, 10, 471, 100, 469, 101, 2, -1, -0.4636476090008061, 2.23606797749979
504, 11, 232, 106, 231, 105, 1, 1, 0.7853981633974483, 1.4142135623730951
504, 12, 453, 71, 451, 71, 2, 0, 0.0, 2.0
504, 16, 511, 403, 509, 403, 2, 0, 0.0, 2.0
504, 18, 292, 103, 291, 104, 1, -1, -0.7853981633974483, 1.4142135623730951
504, 20, 99, 403, 98, 404, 1, -1, -0.7853981633974483, 1.4142135623730951
504, 21, 346, 80, 345, 81, 1, -1, -0.7853981633974483, 1.4142135623730951
504, 22, 372, 72, 370, 73, 2, -1, -0.4636476090008061, 2.23606797749979
504, 27, 630, 363, 626, 363, 4, 0, 0.0, 4.0
504, 28, 406, 124, 404, 124, 2, 0, 0.0, 2.0
504, 30, 161, 108, 160, 109, 1, -1, -0.7853981633974483, 1.4142135623730951
504, 34, 206, 153, 205, 154, 1, -1, -0.7853981633974483, 1.4142135623730951
504, 35, 380, 100, 379, 101, 1, -1, -0.7853981633974483, 1.4142135623730951
504, 36, 290, 96, 288, 97, 2, -1, -0.4636476090008061, 2.23606797749979
504, 37, 375, 78, 374, 79, 1, -1, -0.7853981633974483, 1.4142135623730951
504, 38, 508, 79, 506, 79, 2, 0, 0.0, 2.0
504, 41, 429, 100, 427, 99, 2, 1, 0.4636476090008061, 2.23606797749979
504, 42, 262, 134, 261, 135, 1, -1, -0.7853981633974483, 1.4142135623730951
504, 43, 580, 352, 576, 351, 4, 1, 0.24497866312686414, 4.123105625617661
504, 46, 538, 393, 536, 394, 2, -1, -0.4636476090008061, 2.23606797749979
504, 47, 568, 352, 565, 351, 3, 1, 0.3217505543966422, 3.1622776601683795
504, 53, 317, 98, 315, 98, 2, 0, 0.0, 2.0
505, 4, 14, 301, 13, 302, 1, -1, -0.7853981633974483, 1.4142135623730951
505, 5, 18, 377, 16, 378, 2, -1, -0.4636476090008061, 2.23606797749979
505, 6, 372, 73, 371, 74, 1, -1, -0.7853981633974483, 1.4142135623730951
505, 7, 196, 175, 195, 176, 1, -1, -0.7853981633974483, 1.4142135623730951
505, 8, 150, 72, 149, 73, 1, -1, -0.7853981633974483, 1.4142135623730951
505, 9, 160, 109, 159, 110, 1, -1, -0.7853981633974483, 1.4142135623730951
505, 12, 630, 366, 628, 367, 2, -1, -0.4636476090008061, 2.23606797749979
505, 14, 53, 331, 52, 332, 1, -1, -0.7853981633974483, 1.4142135623730951
505, 15, 201, 340, 200, 341, 1, -1, -0.7853981633974483, 1.4142135623730951
505, 16, 28, 130, 27, 131, 1, -1, -0.7853981633974483, 1.4142135623730951
505, 17, 456, 78, 454, 79, 2, -1, -0.4636476090008061, 2.23606797749979
505, 19, 346, 83, 345, 84, 1, -1, -0.7853981633974483, 1.4142135623730951
505, 20, 82, 142, 81, 141, 1, 1, 0.7853981633974483, 1.4142135623730951
505, 21, 98, 405, 97, 406, 1, -1, -0.7853981633974483, 1.4142135623730951
505, 22, 291, 102, 290, 103, 1, -1, -0.7853981633974483, 1.4142135623730951
505, 23, 20, 157, 19, 158, 1, -1, -0.7853981633974483, 1.4142135623730951
505, 26, 206, 155, 205, 156, 1, -1, -0.7853981633974483, 1.4142135623730951
505, 27, 403, 131, 402, 132, 1, -1, -0.7853981633974483, 1.4142135623730951
505, 31, 494, 367, 493, 368, 1, -1, -0.7853981633974483, 1.4142135623730951
505, 33, 170, 154, 169, 155, 1, -1, -0.7853981633974483, 1.4142135623730951
505, 34, 395, 354, 393, 354, 2, 0, 0.0, 2.0
505, 36, 49, 148, 48, 149, 1, -1, -0.7853981633974483, 1.4142135623730951
505, 40, 513, 403, 510, 404, 3, -1, -0.3217505543966422, 3.1622776601683795
506, 1, 208, 103, 207, 104, 1, -1, -0.7853981633974483, 1.4142135623730951
506, 2, 108, 174, 107, 175, 1, -1, -0.7853981633974483, 1.4142135623730951
506, 3, 313, 71, 312, 72, 1, -1, -0.7853981633974483, 1.4142135623730951
506, 4, 15, 300, 14, 301, 1, -1, -0.7853981633974483, 1.4142135623730951
506, 5, 20, 377, 18, 377, 2, 0, 0.0, 2.0
506, 6, 374, 72, 372, 73, 2, -1, -0.4636476090008061, 2.23606797749979
506, 7, 197, 174, 196, 175, 1, -1, -0.7853981633974483, 1.4142135623730951
506, 8, 151, 71, 150, 72, 1, -1, -0.7853981633974483, 1.4142135623730951
506, 9, 161, 108, 160, 109, 1, -1, -0.7853981633974483, 1.4142135623730951
506, 11, 317, 97, 316, 98, 1, -1, -0.7853981633974483, 1.4142135623730951
506, 12, 631, 365, 630, 366, 1, -1, -0.7853981633974483, 1.4142135623730951
506, 16, 29, 129, 28, 130, 1, -1, -0.7853981633974483, 1.4142135623730951
506, 17, 459, 77, 456, 78, 3, -1, -0.3217505543966422, 3.1622776601683795
506, 22, 292, 101, 291, 102, 1, -1, -0.7853981633974483, 1.4142135623730951
506, 23, 21, 156, 20, 157, 1, -1, -0.7853981633974483, 1.4142135623730951
506, 26, 207, 154, 206, 155, 1, -1, -0.7853981633974483, 1.4142135623730951
506, 31, 495, 365, 494, 367, 1, -2, -1.1071487177940904, 2.23606797749979
506, 34, 396, 353, 395, 354, 1, -1, -0.7853981633974483, 1.4142135623730951
506, 36, 51, 147, 49, 148, 2, -1, -0.4636476090008061, 2.23606797749979
506, 39, 272, 90, 271, 91, 1, -1, -0.7853981633974483, 1.4142135623730951
506, 40, 515, 403, 513, 403, 2, 0, 0.0, 2.0
507, 1, 208, 101, 208, 103, 0, -2, -1.5707963267948966, 2.0
507, 2, 109, 173, 108, 174, 1, -1, -0.7853981633974483, 1.4142135623730951
507, 5, 21, 376, 20, 377, 1, -1, -0.7853981633974483, 1.4142135623730951
507, 6, 375, 71, 374, 72, 1, -1, -0.7853981633974483, 1.4142135623730951
507, 8, 152, 70, 151, 71, 1, -1, -0.7853981633974483, 1.4142135623730951
507, 9, 162, 107, 161, 108, 1, -1, -0.7853981633974483, 1.4142135623730951
507, 11, 318, 96, 317, 97, 1, -1, -0.7853981633974483, 1.4142135623730951
507, 12, 634, 365, 631, 365, 3, 0, 0.0, 3.0
507, 13, 206, 406, 205, 407, 1, -1, -0.7853981633974483, 1.4142135623730951
507, 14, 55, 330, 54, 331, 1, -1, -0.7853981633974483, 1.4142135623730951
507, 16, 30, 128, 29, 129, 1, -1, -0.7853981633974483, 1.4142135623730951
507, 17, 461, 76, 459, 77, 2, -1, -0.4636476090008061, 2.23606797749979
507, 18, 252, 152, 251, 154, 1, -2, -1.1071487177940904, 2.23606797749979
507, 20, 85, 141, 83, 142, 2, -1, -0.4636476090008061, 2.23606797749979
507, 21, 100, 404, 99, 405, 1, -1, -0.7853981633974483, 1.4142135623730951
507, 22, 293, 100, 292, 101, 1, -1, -0.7853981633974483, 1.4142135623730951
507, 23, 22, 155, 21, 156, 1, -1, -0.7853981633974483, 1.4142135623730951
507, 24, 178, 407, 177, 408, 1, -1, -0.7853981633974483, 1.4142135623730951
507, 26, 208, 153, 207, 154, 1, -1, -0.7853981633974483, 1.4142135623730951
507, 31, 496, 363, 495, 365, 1, -2, -1.1071487177940904, 2.23606797749979
507, 32, 95, 120, 94, 121, 1, -1, -0.7853981633974483, 1.4142135623730951
507, 34, 397, 352, 396, 353, 1, -1, -0.7853981633974483, 1.4142135623730951
507, 40, 517, 403, 515, 403, 2, 0, 0.0, 2.0
508, 0, 267, 345, 266, 346, 1, -1, -0.7853981633974483, 1.4142135623730951
508, 2, 111, 172, 109, 173, 2, -1, -0.4636476090008061, 2.23606797749979
508, 3, 315, 70, 314, 71, 1, -1, -0.7853981633974483, 1.4142135623730951
508, 4, 17, 299, 16, 300, 1, -1, -0.7853981633974483, 1.4142135623730951
508, 6, 377, 70, 375, 71, 2, -1, -0.4636476090008061, 2.23606797749979
508, 7, 198, 173, 197, 174, 1, -1, -0.7853981633974483, 1.4142135623730951
508, 8, 153, 69, 152, 70, 1, -1, -0.7853981633974483, 1.4142135623730951
508, 9, 163, 106, 162, 107, 1, -1, -0.7853981633974483, 1.4142135623730951
508, 11, 319, 95, 318, 96, 1, -1, -0.7853981633974483, 1.4142135623730951
508, 13, 207, 405, 206, 406, 1, -1, -0.7853981633974483, 1.4142135623730951
508, 14, 56, 329, 55, 330, 1, -1, -0.7853981633974483, 1.4142135623730951
508, 16, 31, 127, 30, 128, 1, -1, -0.7853981633974483, 1.4142135623730951
508, 17, 463, 75, 461, 76, 2, -1, -0.4636476090008061, 2.23606797749979
508, 20, 86, 140, 85, 141, 1, -1, -0.7853981633974483, 1.4142135623730951
508, 21, 101, 403, 100, 404, 1, -1, -0.7853981633974483, 1.4142135623730951
508, 23, 23, 154, 22, 155, 1, -1, -0.7853981633974483, 1.4142135623730951
508, 26, 209, 152, 208, 153, 1, -1, -0.7853981633974483, 1.4142135623730951
508, 27, 405, 128, 403, 129, 2, -1, -0.4636476090008061, 2.23606797749979
508, 29, 149, 162, 148, 163, 1, -1, -0.7853981633974483, 1.4142135623730951
508, 31, 496, 360, 496, 363, 0, -3, -1.5707963267948966, 3.0
508, 32, 96, 119, 95, 120, 1, -1, -0.7853981633974483, 1.4142135623730951
508, 34, 399, 353, 397, 352, 2, 1, 0.4636476090008061, 2.23606797749979
508, 37, 246, 110, 244, 110, 2, 0, 0.0, 2.0
508, 38, 236, 405, 235, 406, 1, -1, -0.7853981633974483, 1.4142135623730951
508, 40, 519, 403, 517, 403, 2, 0, 0.0, 2.0
509, 1, 209, 100, 208, 101, 1, -1, -0.7853981633974483, 1.4142135623730951
509, 2, 112, 171, 111, 172, 1, -1, -0.7853981633974483, 1.4142135623730951
509, 3, 316, 69, 315, 70, 1, -1, -0.7853981633974483, 1.4142135623730951
509, 6, 379, 69, 377, 70, 2, -1, -0.4636476090008061, 2.23606797749979
509, 7, 200, 172, 198, 173, 2, -1, -0.4636476090008061, 2.23606797749979
509, 8, 154, 68, 153, 69, 1, -1, -0.7853981633974483, 1.4142135623730951
509, 9, 165, 105, 163, 106, 2, -1, -0.4636476090008061, 2.23606797749979
509, 11, 320, 94, 319, 95, 1, -1, -0.7853981633974483, 1.4142135623730951
509, 13, 208, 404, 207, 405, 1, -1, -0.7853981633974483, 1.4142135623730951
509, 14, 58, 328, 56, 329, 2, -1, -0.4636476090008061, 2.23606797749979
509, 16, 32, 126, 31, 127, 1, -1, -0.7853981633974483, 1.4142135623730951
509, 17, 465, 74, 463, 75, 2, -1, -0.4636476090008061, 2.23606797749979
509, 21, 102, 402, 101, 403, 1, -1, -0.7853981633974483, 1.4142135623730951
509, 23, 25, 154, 23, 154, 2, 0, 0.0, 2.0
509, 24, 179, 406, 178, 407, 1, -1, -0.7853981633974483, 1.4142135623730951
509, 26, 210, 151, 209, 152, 1, -1, -0.7853981633974483, 1.4142135623730951
509, 27, 406, 127, 405, 128, 1, -1, -0.7853981633974483, 1.4142135623730951
509, 29, 150, 161, 149, 162, 1, -1, -0.7853981633974483, 1.4142135623730951
509, 30, 136, 348, 135, 349, 1, -1, -0.7853981633974483, 1.4142135623730951
509, 31, 498, 360, 496, 360, 2, 0, 0.0, 2.0
509, 32, 97, 118, 96, 119, 1, -1, -0.7853981633974483, 1.4142135623730951
509, 33, 174, 153, 173, 154, 1, -1, -0.7853981633974483, 1.4142135623730951
509, 36, 53, 145, 52, 146, 1, -1, -0.7853981633974483, 1.4142135623730951
509, 37, 247, 109, 246, 110, 1, -1, -0.7853981633974483, 1.4142135623730951
509, 40, 520, 402, 519, 403, 1, -1, -0.7853981633974483, 1.4142135623730951
509, 41, 106, 315, 105, 316, 1, -1, -0.7853981633974483, 1.4142135623730951
510, 0, 268, 345, 267, 346, 1, -1, -0.7853981633974483, 1.4142135623730951
510, 1, 112, 174, 111, 176, 1, -2, -1.1071487177940904, 2.23606797749979
510, 2, 211, 101, 210, 103, 1, -2, -1.1071487177940904, 2.23606797749979
510, 3, 318, 71, 316, 72, 2, -1, -0.4636476090008061, 2.23606797749979
510, 6, 377, 72, 376, 73, 1, -1, -0.7853981633974483, 1.4142135623730951
510, 7, 180, 407, 179, 408, 1, -1, -0.7853981633974483, 1.4142135623730951
510, 9, 56, 331, 55, 332, 1, -1, -0.7853981633974483, 1.4142135623730951
510, 10, 295, 101, 294, 102, 1, -1, -0.7853981633974483, 1.4142135623730951
510, 11, 321, 99, 319, 99, 2, 0, 0.0, 2.0
510, 12, 273, 132, 272, 133, 1, -1, -0.7853981633974483, 1.4142135623730951
510, 14, 164, 109, 163, 110, 1, -1, -0.7853981633974483, 1.4142135623730951
510, 15, 248, 103, 247, 104, 1, -1, -0.7853981633974483, 1.4142135623730951
510, 18, 459, 71, 457, 72, 2, -1, -0.4636476090008061, 2.23606797749979
510, 19, 53, 147, 52, 148, 1, -1, -0.7853981633974483, 1.4142135623730951
510, 20, 209, 154, 208, 155, 1, -1, -0.7853981633974483, 1.4142135623730951
510, 22, 173, 154, 172, 155, 1, -1, -0.7853981633974483, 1.4142135623730951
510, 25, 119, 179, 118, 180, 1, -1, -0.7853981633974483, 1.4142135623730951
510, 26, 33, 129, 32, 130, 1, -1, -0.7853981633974483, 1.4142135623730951
510, 28, 542, 395, 541, 396, 1, -1, -0.7853981633974483, 1.4142135623730951
510, 29, 411, 124, 409, 125, 2, -1, -0.4636476090008061, 2.23606797749979
510, 30, 257, 317, 255, 316, 2, 1, 0.4636476090008061, 2.23606797749979
510, 32, 207, 404, 206, 405, 1, -1, -0.7853981633974483, 1.4142135623730951
510, 33, 103, 405, 102, 406, 1, -1, -0.7853981633974483, 1.4142135623730951
510, 39, 24, 154, 22, 154, 2, 0, 0.0, 2.0
510, 40, 62, 151, 61, 152, 1, -1, -0.7853981633974483, 1.4142135623730951
510, 41, 338, 132, 337, 133, 1, -1, -0.7853981633974483, 1.4142135623730951
510, 43, 430, 98, 428, 99, 2, -1, -0.4636476090008061, 2.23606797749979
510, 46, 386, 103, 384, 103, 2, 0, 0.0, 2.0
510, 48, 193, 131, 192, 132, 1, -1, -0.7853981633974483, 1.4142135623730951
510, 50, 513, 79, 511, 80, 2, -1, -0.4636476090008061, 2.23606797749979
510, 51, 86, 136, 85, 137, 1, -1, -0.7853981633974483, 1.4142135623730951
511, 1, 113, 173, 112, 174, 1, -1, -0.7853981633974483, 1.4142135623730951
511, 2, 212, 100, 211, 101, 1, -1, -0.7853981633974483, 1.4142135623730951
511, 3, 319, 70, 318, 71, 1, -1, -0.7853981633974483, 1.4142135623730951
511, 6, 379, 71, 377, 72, 2, -1, -0.4636476090008061, 2.23606797749979
511, 7, 181, 406, 180, 407, 1, -1, -0.7853981633974483, 1.4142135623730951
511, 8, 199, 173, 198, 174, 1, -1, -0.7853981633974483, 1.4142135623730951
511, 9, 58, 330, 56, 331, 2, -1, -0.4636476090008061, 2.23606797749979
511, 10, 296, 100, 295, 101, 1, -1, -0.7853981633974483, 1.4142135623730951
511, 12, 274, 131, 273, 132, 1, -1, -0.7853981633974483, 1.4142135623730951
511, 14, 165, 107, 164, 109, 1, -2, -1.1071487177940904, 2.23606797749979
511, 15, 249, 102, 248, 103, 1, -1, -0.7853981633974483, 1.4142135623730951
511, 18, 461, 71, 459, 71, 2, 0, 0.0, 2.0
511, 19, 54, 146, 53, 147, 1, -1, -0.7853981633974483, 1.4142135623730951
511, 20, 210, 153, 209, 154, 1, -1, -0.7853981633974483, 1.4142135623730951
511, 21, 352, 85, 350, 85, 2, 0, 0.0, 2.0
511, 24, 153, 70, 152, 71, 1, -1, -0.7853981633974483, 1.4142135623730951
511, 25, 120, 178, 119, 179, 1, -1, -0.7853981633974483, 1.4142135623730951
511, 26, 34, 128, 33, 129, 1, -1, -0.7853981633974483, 1.4142135623730951
511, 28, 544, 394, 542, 395, 2, -1, -0.4636476090008061, 2.23606797749979
511, 29, 413, 123, 411, 124, 2, -1, -0.4636476090008061, 2.23606797749979
511, 30, 258, 318, 257, 317, 1, 1, 0.7853981633974483, 1.4142135623730951
511, 32, 208, 403, 207, 404, 1, -1, -0.7853981633974483, 1.4142135623730951
511, 34, 399, 353, 397, 353, 2, 0, 0.0, 2.0
511, 36, 153, 159, 151, 160, 2, -1, -0.4636476090008061, 2.23606797749979
511, 38, 635, 366, 632, 366, 3, 0, 0.0, 3.0
511, 39, 25, 153, 24, 154, 1, -1, -0.7853981633974483, 1.4142135623730951
511, 41, 339, 131, 338, 132, 1, -1, -0.7853981633974483, 1.4142135623730951
511, 42, 360, 354, 359, 355, 1, -1, -0.7853981633974483, 1.4142135623730951
511, 43, 432, 98, 430, 98, 2, 0, 0.0, 2.0
511, 46, 388, 102, 386, 103, 2, -1, -0.4636476090008061, 2.23606797749979
511, 47, 192, 381, 191, 382, 1, -1, -0.7853981633974483, 1.4142135623730951
511, 50, 515, 79, 513, 79, 2, 0, 0.0, 2.0
512, 1, 114, 172, 113, 173, 1, -1, -0.7853981633974483, 1.4142135623730951
512, 4, 22, 374, 21, 375, 1, -1, -0.7853981633974483, 1.4142135623730951
512, 6, 380, 70, 379, 71, 1, -1, -0.7853981633974483, 1.4142135623730951
512, 8, 200, 172, 199, 173, 1, -1, -0.7853981633974483, 1.4142135623730951
512, 10, 298, 99, 296, 100, 2, -1, -0.4636476090008061, 2.23606797749979
512, 12, 275, 130, 274, 131, 1, -1, -0.7853981633974483, 1.4142135623730951
512, 13, 97, 71, 96, 72, 1, -1, -0.7853981633974483, 1.4142135623730951
512, 14, 166, 106, 165, 107, 1, -1, -0.7853981633974483, 1.4142135623730951
512, 17, 73, 89, 72, 90, 1, -1, -0.7853981633974483, 1.4142135623730951
512, 18, 463, 71, 461, 71, 2, 0, 0.0, 2.0
512, 20, 211, 152, 210, 153, 1, -1, -0.7853981633974483, 1.4142135623730951
512, 21, 354, 85, 352, 85, 2, 0, 0.0, 2.0
512, 22, 175, 153, 174, 154, 1, -1, -0.7853981633974483, 1.4142135623730951
512, 23, 216, 105, 215, 106, 1, -1, -0.7853981633974483, 1.4142135623730951
512, 25, 121, 177, 120, 178, 1, -1, -0.7853981633974483, 1.4142135623730951
512, 26, 35, 127, 34, 128, 1, -1, -0.7853981633974483, 1.4142135623730951
512, 29, 415, 122, 413, 123, 2, -1, -0.4636476090008061, 2.23606797749979
512, 30, 259, 319, 258, 318, 1, 1, 0.7853981633974483, 1.4142135623730951
512, 33, 105, 404, 104, 405, 1, -1, -0.7853981633974483, 1.4142135623730951
512, 34, 401, 353, 399, 353, 2, 0, 0.0, 2.0
512, 40, 64, 150, 63, 151, 1, -1, -0.7853981633974483, 1.4142135623730951
512, 41, 340, 130, 339, 131, 1, -1, -0.7853981633974483, 1.4142135623730951
512, 42, 361, 353, 360, 354, 1, -1, -0.7853981633974483, 1.4142135623730951
512, 43, 434, 98, 432, 98, 2, 0, 0.0, 2.0
512, 45, 242, 98, 241, 99, 1, -1, -0.7853981633974483, 1.4142135623730951
512, 46, 389, 101, 388, 102, 1, -1, -0.7853981633974483, 1.4142135623730951
512, 48, 194, 130, 193, 131, 1, -1, -0.7853981633974483, 1.4142135623730951
513, 1, 115, 171, 114, 172, 1, -1, -0.7853981633974483, 1.4142135623730951
513, 2, 213, 98, 212, 99, 1, -1, -0.7853981633974483, 1.4142135623730951
513, 3, 320, 69, 319, 70, 1, -1, -0.7853981633974483, 1.4142135623730951
513, 6, 382, 69, 380, 70, 2, -1, -0.4636476090008061, 2.23606797749979
513, 7, 183, 405, 182, 406, 1, -1, -0.7853981633974483, 1.4142135623730951
513, 10, 299, 98, 298, 99, 1, -1, -0.7853981633974483, 1.4142135623730951
513, 11, 325, 99, 323, 99, 2, 0, 0.0, 2.0
513, 12, 276, 129, 275, 130, 1, -1, -0.7853981633974483, 1.4142135623730951
513, 14, 167, 105, 166, 106, 1, -1, -0.7853981633974483, 1.4142135623730951
513, 17, 74, 88, 73, 89, 1, -1, -0.7853981633974483, 1.4142135623730951
513, 18, 465, 71, 463, 71, 2, 0, 0.0, 2.0
513, 19, 55, 144, 54, 145, 1, -1, -0.7853981633974483, 1.4142135623730951
513, 20, 212, 151, 211, 152, 1, -1, -0.7853981633974483, 1.4142135623730951
513, 21, 356, 85, 354, 85, 2, 0, 0.0, 2.0
513, 22, 176, 152, 175, 153, 1, -1, -0.7853981633974483, 1.4142135623730951
513, 23, 217, 104, 216, 105, 1, -1, -0.7853981633974483, 1.4142135623730951
513, 25, 122, 176, 121, 177, 1, -1, -0.7853981633974483, 1.4142135623730951
513, 28, 547, 394, 545, 394, 2, 0, 0.0, 2.0
513, 32, 209, 402, 208, 403, 1, -1, -0.7853981633974483, 1.4142135623730951
513, 33, 106, 403, 105, 404, 1, -1, -0.7853981633974483, 1.4142135623730951
513, 34, 403, 353, 401, 353, 2, 0, 0.0, 2.0
513, 36, 154, 157, 153, 158, 1, -1, -0.7853981633974483, 1.4142135623730951
513, 38, 27, 152, 26, 153, 1, -1, -0.7853981633974483, 1.4142135623730951
513, 39, 65, 149, 64, 150, 1, -1, -0.7853981633974483, 1.4142135623730951
513, 45, 391, 101, 389, 101, 2, 0, 0.0, 2.0
514, 1, 116, 170, 115, 171, 1, -1, -0.7853981633974483, 1.4142135623730951
514, 3, 321, 68, 320, 69, 1, -1, -0.7853981633974483, 1.4142135623730951
514, 4, 23, 372, 22, 373, 1, -1, -0.7853981633974483, 1.4142135623730951
514, 6, 384, 69, 382, 69, 2, 0, 0.0, 2.0
514, 7, 184, 404, 183, 405, 1, -1, -0.7853981633974483, 1.4142135623730951
514, 8, 201, 170, 200, 171, 1, -1, -0.7853981633974483, 1.4142135623730951
514, 9, 60, 329, 59, 330, 1, -1, -0.7853981633974483, 1.4142135623730951
514, 10, 300, 97, 299, 98, 1, -1, -0.7853981633974483, 1.4142135623730951
514, 12, 277, 128, 276, 129, 1, -1, -0.7853981633974483, 1.4142135623730951
514, 19, 56, 143, 55, 144, 1, -1, -0.7853981633974483, 1.4142135623730951
514, 20, 213, 150, 212, 151, 1, -1, -0.7853981633974483, 1.4142135623730951
514, 22, 177, 151, 176, 152, 1, -1, -0.7853981633974483, 1.4142135623730951
514, 26, 36, 125, 35, 126, 1, -1, -0.7853981633974483, 1.4142135623730951
514, 29, 418, 121, 416, 122, 2, -1, -0.4636476090008061, 2.23606797749979
514, 32, 210, 401, 209, 402, 1, -1, -0.7853981633974483, 1.4142135623730951
514, 36, 155, 156, 154, 157, 1, -1, -0.7853981633974483, 1.4142135623730951
514, 41, 364, 353, 362, 353, 2, 0, 0.0, 2.0
514, 42, 436, 97, 435, 98, 1, -1, -0.7853981633974483, 1.4142135623730951
514, 43, 416, 394, 415, 395, 1, -1, -0.7853981633974483, 1.4142135623730951
514, 44, 243, 96, 242, 97, 1, -1, -0.7853981633974483, 1.4142135623730951
514, 46, 194, 380, 193, 381, 1, -1, -0.7853981633974483, 1.4142135623730951
515, 0, 213, 100, 212, 101, 1, -1, -0.7853981633974483, 1.4142135623730951
515, 2, 116, 173, 115, 174, 1, -1, -0.7853981633974483, 1.4142135623730951
515, 5, 383, 73, 381, 73, 2, 0, 0.0, 2.0
515, 8, 278, 131, 277, 132, 1, -1, -0.7853981633974483, 1.4142135623730951
515, 9, 37, 128, 36, 129, 1, -1, -0.7853981633974483, 1.4142135623730951
515, 10, 167, 107, 166, 108, 1, -1, -0.7853981633974483, 1.4142135623730951
515, 13, 99, 71, 98, 72, 1, -1, -0.7853981633974483, 1.4142135623730951
515, 16, 210, 405, 209, 406, 1, -1, -0.7853981633974483, 1.4142135623730951
515, 18, 57, 147, 56, 148, 1, -1, -0.7853981633974483, 1.4142135623730951
515, 20, 299, 100, 298, 101, 1, -1, -0.7853981633974483, 1.4142135623730951
515, 21, 404, 352, 403, 353, 1, -1, -0.7853981633974483, 1.4142135623730951
515, 25, 177, 154, 176, 155, 1, -1, -0.7853981633974483, 1.4142135623730951
515, 32, 87, 97, 86, 98, 1, -1, -0.7853981633974483, 1.4142135623730951
515, 35, 435, 98, 434, 99, 1, -1, -0.7853981633974483, 1.4142135623730951
515, 36, 417, 123, 415, 124, 2, -1, -0.4636476090008061, 2.23606797749979
515, 37, 210, 152, 209, 154, 1, -2, -1.1071487177940904, 2.23606797749979
515, 40, 391, 103, 389, 103, 2, 0, 0.0, 2.0
515, 41, 27, 370, 26, 371, 1, -1, -0.7853981633974483, 1.4142135623730951
515, 43, 419, 395, 418, 396, 1, -1, -0.7853981633974483, 1.4142135623730951
515, 45, 309, 377, 308, 378, 1, -1, -0.7853981633974483, 1.4142135623730951
515, 49, 580, 352, 578, 352, 2, 0, 0.0, 2.0
515, 51, 549, 396, 547, 396, 2, 0, 0.0, 2.0
515, 55, 157, 161, 156, 162, 1, -1, -0.7853981633974483, 1.4142135623730951
515, 59, 537, 352, 535, 353, 2, -1, -0.4636476090008061, 2.23606797749979
515, 61, 61, 76, 60, 77, 1, -1, -0.7853981633974483, 1.4142135623730951
515, 62, 524, 401, 522, 402, 2, -1, -0.4636476090008061, 2.23606797749979
515, 63, 400, 357, 398, 358, 2, -1, -0.4636476090008061, 2.23606797749979
515, 66, 635, 365, 637, 365, -2, 0, 3.141592653589793, 2.0
515, 67, 557, 129, 557, 131, 0, -2, -1.5707963267948966, 2.0
516, 0, 214, 99, 213, 100, 1, -1, -0.7853981633974483, 1.4142135623730951
516, 3, 321, 70, 320, 71, 1, -1, -0.7853981633974483, 1.4142135623730951
516, 4, 77, 89, 76, 90, 1, -1, -0.7853981633974483, 1.4142135623730951
516, 8, 279, 130, 278, 131, 1, -1, -0.7853981633974483, 1.4142135623730951
516, 9, 38, 127, 37, 128, 1, -1, -0.7853981633974483, 1.4142135623730951
516, 11, 23, 301, 22, 302, 1, -1, -0.7853981633974483, 1.4142135623730951
516, 13, 100, 70, 99, 71, 1, -1, -0.7853981633974483, 1.4142135623730951
516, 14, 357, 85, 355, 85, 2, 0, 0.0, 2.0
516, 16, 211, 404, 210, 405, 1, -1, -0.7853981633974483, 1.4142135623730951
516, 17, 205, 177, 204, 178, 1, -1, -0.7853981633974483, 1.4142135623730951
516, 18, 58, 146, 57, 147, 1, -1, -0.7853981633974483, 1.4142135623730951
516, 19, 320, 76, 319, 77, 1, -1, -0.7853981633974483, 1.4142135623730951
516, 20, 300, 99, 299, 100, 1, -1, -0.7853981633974483, 1.4142135623730951
516, 21, 405, 351, 404, 352, 1, -1, -0.7853981633974483, 1.4142135623730951
516, 25, 178, 153, 177, 154, 1, -1, -0.7853981633974483, 1.4142135623730951
516, 26, 325, 99, 324, 100, 1, -1, -0.7853981633974483, 1.4142135623730951
516, 28, 26, 377, 25, 378, 1, -1, -0.7853981633974483, 1.4142135623730951
516, 30, 125, 104, 124, 105, 1, -1, -0.7853981633974483, 1.4142135623730951
516, 32, 88, 96, 87, 97, 1, -1, -0.7853981633974483, 1.4142135623730951
516, 34, 470, 106, 469, 107, 1, -1, -0.7853981633974483, 1.4142135623730951
516, 35, 437, 97, 435, 98, 2, -1, -0.4636476090008061, 2.23606797749979
516, 36, 419, 122, 417, 123, 2, -1, -0.4636476090008061, 2.23606797749979
516, 38, 231, 381, 230, 382, 1, -1, -0.7853981633974483, 1.4142135623730951
516, 42, 519, 81, 517, 81, 2, 0, 0.0, 2.0
516, 43, 420, 394, 419, 395, 1, -1, -0.7853981633974483, 1.4142135623730951
516, 45, 310, 376, 309, 377, 1, -1, -0.7853981633974483, 1.4142135623730951
516, 48, 583, 352, 580, 352, 3, 0, 0.0, 3.0
516, 50, 551, 395, 549, 396, 2, -1, -0.4636476090008061, 2.23606797749979
516, 51, 250, 102, 249, 103, 1, -1, -0.7853981633974483, 1.4142135623730951
516, 54, 158, 160, 157, 161, 1, -1, -0.7853981633974483, 1.4142135623730951
516, 56, 40, 324, 39, 323, 1, 1, 0.7853981633974483, 1.4142135623730951
516, 57, 244, 97, 243, 98, 1, -1, -0.7853981633974483, 1.4142135623730951
516, 58, 539, 352, 537, 352, 2, 0, 0.0, 2.0
516, 59, 373, 80, 372, 81, 1, -1, -0.7853981633974483, 1.4142135623730951
516, 61, 526, 400, 524, 401, 2, -1, -0.4636476090008061, 2.23606797749979
516, 62, 402, 356, 400, 357, 2, -1, -0.4636476090008061, 2.23606797749979
517, 2, 118, 172, 116, 172, 2, 0, 0.0, 2.0
517, 6, 185, 407, 184, 408, 1, -1, -0.7853981633974483, 1.4142135623730951
517, 7, 203, 340, 202, 341, 1, -1, -0.7853981633974483, 1.4142135623730951
517, 8, 280, 129, 279, 130, 1, -1, -0.7853981633974483, 1.4142135623730951
517, 9, 39, 126, 38, 127, 1, -1, -0.7853981633974483, 1.4142135623730951
517, 10, 169, 106, 168, 107, 1, -1, -0.7853981633974483, 1.4142135623730951
517, 12, 109, 404, 108, 405, 1, -1, -0.7853981633974483, 1.4142135623730951
517, 13, 101, 69, 100, 70, 1, -1, -0.7853981633974483, 1.4142135623730951
517, 16, 212, 403, 211, 404, 1, -1, -0.7853981633974483, 1.4142135623730951
517, 17, 206, 176, 205, 177, 1, -1, -0.7853981633974483, 1.4142135623730951
517, 18, 59, 145, 58, 146, 1, -1, -0.7853981633974483, 1.4142135623730951
517, 19, 321, 75, 320, 76, 1, -1, -0.7853981633974483, 1.4142135623730951
517, 20, 301, 98, 300, 99, 1, -1, -0.7853981633974483, 1.4142135623730951
517, 21, 407, 350, 405, 351, 2, -1, -0.4636476090008061, 2.23606797749979
517, 22, 368, 352, 367, 353, 1, -1, -0.7853981633974483, 1.4142135623730951
517, 24, 179, 152, 178, 153, 1, -1, -0.7853981633974483, 1.4142135623730951
517, 25, 326, 98, 325, 99, 1, -1, -0.7853981633974483, 1.4142135623730951
517, 26, 65, 330, 64, 331, 1, -1, -0.7853981633974483, 1.4142135623730951
517, 27, 27, 376, 26, 377, 1, -1, -0.7853981633974483, 1.4142135623730951
517, 31, 89, 95, 88, 96, 1, -1, -0.7853981633974483, 1.4142135623730951
517, 33, 472, 106, 470, 106, 2, 0, 0.0, 2.0
517, 34, 439, 97, 437, 97, 2, 0, 0.0, 2.0
517, 35, 420, 121, 419, 122, 1, -1, -0.7853981633974483, 1.4142135623730951
517, 36, 211, 150, 210, 151, 1, -1, -0.7853981633974483, 1.4142135623730951
517, 38, 470, 71, 466, 72, 4, -1, -0.24497866312686414, 4.123105625617661
517, 39, 394, 103, 392, 103, 2, 0, 0.0, 2.0
517, 41, 522, 81, 519, 81, 3, 0, 0.0, 3.0
517, 42, 422, 393, 420, 394, 2, -1, -0.4636476090008061, 2.23606797749979
517, 44, 311, 375, 310, 376, 1, -1, -0.7853981633974483, 1.4142135623730951
517, 47, 585, 351, 583, 352, 2, -1, -0.4636476090008061, 2.23606797749979
517, 49, 553, 395, 551, 395, 2, 0, 0.0, 2.0
517, 52, 138, 330, 137, 331, 1, -1, -0.7853981633974483, 1.4142135623730951
517, 53, 159, 159, 158, 160, 1, -1, -0.7853981633974483, 1.4142135623730951
517, 56, 245, 96, 244, 97, 1, -1, -0.7853981633974483, 1.4142135623730951
517, 57, 541, 352, 539, 352, 2, 0, 0.0, 2.0
517, 58, 374, 79, 373, 80, 1, -1, -0.7853981633974483, 1.4142135623730951
517, 59, 62, 75, 61, 76, 1, -1, -0.7853981633974483, 1.4142135623730951
517, 61, 403, 355, 402, 356, 1, -1, -0.7853981633974483, 1.4142135623730951
518, 0, 215, 98, 214, 99, 1, -1, -0.7853981633974483, 1.4142135623730951
518, 2, 119, 171, 118, 172, 1, -1, -0.7853981633974483, 1.4142135623730951
518, 11, 25, 300, 24, 301, 1, -1, -0.7853981633974483, 1.4142135623730951
518, 13, 103, 68, 101, 69, 2, -1, -0.4636476090008061, 2.23606797749979
518, 14, 360, 85, 358, 85, 2, 0, 0.0, 2.0
518, 18, 60, 144, 59, 145, 1, -1, -0.7853981633974483, 1.4142135623730951
518, 21, 409, 349, 407, 350, 2, -1, -0.4636476090008061, 2.23606797749979
518, 24, 180, 151, 179, 152, 1, -1, -0.7853981633974483, 1.4142135623730951
518, 25, 328, 97, 326, 98, 2, -1, -0.4636476090008061, 2.23606797749979
518, 26, 66, 329, 65, 330, 1, -1, -0.7853981633974483, 1.4142135623730951
518, 27, 28, 375, 27, 376, 1, -1, -0.7853981633974483, 1.4142135623730951
518, 28, 214, 313, 213, 314, 1, -1, -0.7853981633974483, 1.4142135623730951
518, 31, 90, 94, 89, 95, 1, -1, -0.7853981633974483, 1.4142135623730951
518, 32, 258, 153, 257, 154, 1, -1, -0.7853981633974483, 1.4142135623730951
518, 33, 473, 105, 472, 106, 1, -1, -0.7853981633974483, 1.4142135623730951
518, 34, 441, 96, 439, 97, 2, -1, -0.4636476090008061, 2.23606797749979
518, 35, 422, 120, 420, 121, 2, -1, -0.4636476090008061, 2.23606797749979
518, 36, 212, 149, 211, 150, 1, -1, -0.7853981633974483, 1.4142135623730951
518, 39, 395, 102, 394, 103, 1, -1, -0.7853981633974483, 1.4142135623730951
518, 42, 424, 392, 422, 393, 2, -1, -0.4636476090008061, 2.23606797749979
518, 44, 312, 374, 311, 375, 1, -1, -0.7853981633974483, 1.4142135623730951
518, 47, 589, 351, 585, 351, 4, 0, 0.0, 4.0
518, 49, 555, 394, 553, 395, 2, -1, -0.4636476090008061, 2.23606797749979
518, 57, 545, 352, 541, 352, 4, 0, 0.0, 4.0
518, 58, 375, 78, 374, 79, 1, -1, -0.7853981633974483, 1.4142135623730951
518, 60, 529, 399, 527, 400, 2, -1, -0.4636476090008061, 2.23606797749979
518, 61, 404, 354, 403, 355, 1, -1, -0.7853981633974483, 1.4142135623730951
518, 63, 137, 347, 136, 348, 1, -1, -0.7853981633974483, 1.4142135623730951
519, 1, 270, 349, 271, 348, -1, 1, 2.356194490192345, 1.4142135623730951
519, 5, 387, 72, 386, 73, 1, -1, -0.7853981633974483, 1.4142135623730951
519, 8, 281, 127, 280, 128, 1, -1, -0.7853981633974483, 1.4142135623730951
519, 9, 41, 125, 40, 126, 1, -1, -0.7853981633974483, 1.4142135623730951
519, 11, 26, 299, 25, 300, 1, -1, -0.7853981633974483, 1.4142135623730951
519, 13, 104, 67, 103, 68, 1, -1, -0.7853981633974483, 1.4142135623730951
519, 15, 244, 403, 243, 404, 1, -1, -0.7853981633974483, 1.4142135623730951
519, 16, 214, 402, 213, 403, 1, -1, -0.7853981633974483, 1.4142135623730951
519, 17, 207, 174, 206, 175, 1, -1, -0.7853981633974483, 1.4142135623730951
519, 22, 370, 351, 369, 352, 1, -1, -0.7853981633974483, 1.4142135623730951
519, 25, 330, 96, 328, 97, 2, -1, -0.4636476090008061, 2.23606797749979
519, 27, 29, 374, 28, 375, 1, -1, -0.7853981633974483, 1.4142135623730951
519, 31, 92, 93, 90, 94, 2, -1, -0.4636476090008061, 2.23606797749979
519, 33, 475, 106, 473, 105, 2, 1, 0.4636476090008061, 2.23606797749979
519, 34, 442, 95, 441, 96, 1, -1, -0.7853981633974483, 1.4142135623730951
519, 35, 424, 119, 422, 120, 2, -1, -0.4636476090008061, 2.23606797749979
519, 36, 213, 148, 212, 149, 1, -1, -0.7853981633974483, 1.4142135623730951
519, 38, 473, 71, 471, 71, 2, 0, 0.0, 2.0
519, 39, 397, 101, 395, 102, 2, -1, -0.4636476090008061, 2.23606797749979
519, 42, 426, 392, 424, 392, 2, 0, 0.0, 2.0
519, 44, 313, 373, 312, 374, 1, -1, -0.7853981633974483, 1.4142135623730951
519, 47, 591, 351, 589, 351, 2, 0, 0.0, 2.0
519, 49, 557, 393, 555, 394, 2, -1, -0.4636476090008061, 2.23606797749979
519, 50, 252, 101, 250, 101, 2, 0, 0.0, 2.0
519, 53, 160, 157, 159, 158, 1, -1, -0.7853981633974483, 1.4142135623730951
519, 56, 246, 94, 245, 95, 1, -1, -0.7853981633974483, 1.4142135623730951
519, 57, 547, 352, 545, 352, 2, 0, 0.0, 2.0
519, 58, 376, 77, 375, 78, 1, -1, -0.7853981633974483, 1.4142135623730951
519, 60, 531, 399, 529, 399, 2, 0, 0.0, 2.0
519, 63, 138, 346, 137, 347, 1, -1, -0.7853981633974483, 1.4142135623730951
520, 3, 324, 74, 323, 75, 1, -1, -0.7853981633974483, 1.4142135623730951
520, 4, 80, 89, 79, 90, 1, -1, -0.7853981633974483, 1.4142135623730951
520, 7, 387, 73, 386, 74, 1, -1, -0.7853981633974483, 1.4142135623730951
520, 10, 130, 99, 129, 100, 1, -1, -0.7853981633974483, 1.4142135623730951
520, 12, 103, 70, 102, 71, 1, -1, -0.7853981633974483, 1.4142135623730951
520, 15, 421, 123, 420, 124, 1, -1, -0.7853981633974483, 1.4142135623730951
520, 20, 304, 100, 303, 101, 1, -1, -0.7853981633974483, 1.4142135623730951
520, 21, 371, 351, 370, 352, 1, -1, -0.7853981633974483, 1.4142135623730951
520, 23, 408, 352, 407, 353, 1, -1, -0.7853981633974483, 1.4142135623730951
520, 24, 93, 94, 92, 95, 1, -1, -0.7853981633974483, 1.4142135623730951
520, 26, 61, 146, 60, 147, 1, -1, -0.7853981633974483, 1.4142135623730951
520, 27, 140, 349, 139, 350, 1, -1, -0.7853981633974483, 1.4142135623730951
520, 29, 29, 376, 28, 377, 1, -1, -0.7853981633974483, 1.4142135623730951
520, 30, 26, 300, 25, 301, 1, -1, -0.7853981633974483, 1.4142135623730951
520, 36, 544, 352, 542, 353, 2, -1, -0.4636476090008061, 2.23606797749979
520, 37, 330, 98, 328, 99, 2, -1, -0.4636476090008061, 2.23606797749979
520, 43, 216, 332, 215, 333, 1, -1, -0.7853981633974483, 1.4142135623730951
520, 45, 218, 311, 217, 312, 1, -1, -0.7853981633974483, 1.4142135623730951
521, 4, 81, 88, 80, 89, 1, -1, -0.7853981633974483, 1.4142135623730951
521, 5, 214, 405, 213, 406, 1, -1, -0.7853981633974483, 1.4142135623730951
521, 7, 388, 72, 387, 73, 1, -1, -0.7853981633974483, 1.4142135623730951
521, 12, 104, 69, 103, 70, 1, -1, -0.7853981633974483, 1.4142135623730951
521, 14, 205, 173, 204, 174, 1, -1, -0.7853981633974483, 1.4142135623730951
521, 17, 242, 405, 241, 406, 1, -1, -0.7853981633974483, 1.4142135623730951
521, 21, 373, 350, 371, 351, 2, -1, -0.4636476090008061, 2.23606797749979
521, 22, 424, 394, 423, 395, 1, -1, -0.7853981633974483, 1.4142135623730951
521, 23, 410, 352, 408, 352, 2, 0, 0.0, 2.0
521, 28, 180, 152, 179, 153, 1, -1, -0.7853981633974483, 1.4142135623730951
521, 29, 30, 375, 29, 376, 1, -1, -0.7853981633974483, 1.4142135623730951
521, 30, 27, 299, 26, 300, 1, -1, -0.7853981633974483, 1.4142135623730951
521, 32, 93, 139, 92, 138, 1, 1, 0.7853981633974483, 1.4142135623730951
521, 34, 216, 152, 215, 153, 1, -1, -0.7853981633974483, 1.4142135623730951
521, 35, 546, 352, 544, 352, 2, 0, 0.0, 2.0
521, 36, 332, 97, 330, 98, 2, -1, -0.4636476090008061, 2.23606797749979
521, 39, 510, 367, 508, 367, 2, 0, 0.0, 2.0
521, 43, 531, 401, 529, 402, 2, -1, -0.4636476090008061, 2.23606797749979
521, 46, 67, 151, 66, 152, 1, -1, -0.7853981633974483, 1.4142135623730951
521, 48, 281, 131, 280, 132, 1, -1, -0.7853981633974483, 1.4142135623730951
522, 7, 389, 71, 388, 72, 1, -1, -0.7853981633974483, 1.4142135623730951
522, 9, 43, 128, 42, 129, 1, -1, -0.7853981633974483, 1.4142135623730951
522, 12, 105, 68, 104, 69, 1, -1, -0.7853981633974483, 1.4142135623730951
522, 13, 111, 403, 110, 404, 1, -1, -0.7853981633974483, 1.4142135623730951
522, 20, 305, 98, 304, 99, 1, -1, -0.7853981633974483, 1.4142135623730951
522, 22, 425, 393, 424, 394, 1, -1, -0.7853981633974483, 1.4142135623730951
522, 27, 142, 348, 141, 349, 1, -1, -0.7853981633974483, 1.4142135623730951
522, 29, 32, 375, 30, 375, 2, 0, 0.0, 2.0
522, 35, 548, 351, 546, 352, 2, -1, -0.4636476090008061, 2.23606797749979
522, 39, 512, 366, 510, 367, 2, -1, -0.4636476090008061, 2.23606797749979
522, 41, 41, 325, 40, 326, 1, -1, -0.7853981633974483, 1.4142135623730951
522, 43, 533, 401, 531, 401, 2, 0, 0.0, 2.0
522, 46, 69, 151, 67, 151, 2, 0, 0.0, 2.0
522, 47, 34, 153, 33, 154, 1, -1, -0.7853981633974483, 1.4142135623730951
522, 48, 282, 130, 281, 131, 1, -1, -0.7853981633974483, 1.4142135623730951
523, 0, 272, 350, 271, 349, 1, 1, 0.7853981633974483, 1.4142135623730951
523, 2, 218, 99, 217, 100, 1, -1, -0.7853981633974483, 1.4142135623730951
523, 3, 327, 73, 326, 74, 1, -1, -0.7853981633974483, 1.4142135623730951
523, 7, 390, 70, 389, 71, 1, -1, -0.7853981633974483, 1.4142135623730951
523, 11, 363, 85, 362, 86, 1, -1, -0.7853981633974483, 1.4142135623730951
523, 12, 106, 67, 105, 68, 1, -1, -0.7853981633974483, 1.4142135623730951
523, 14, 206, 171, 205, 172, 1, -1, -0.7853981633974483, 1.4142135623730951
523, 15, 425, 123, 423, 123, 2, 0, 0.0, 2.0
523, 20, 306, 97, 305, 98, 1, -1, -0.7853981633974483, 1.4142135623730951
523, 22, 427, 392, 425, 393, 2, -1, -0.4636476090008061, 2.23606797749979
523, 23, 413, 352, 411, 352, 2, 0, 0.0, 2.0
523, 31, 251, 105, 249, 106, 2, -1, -0.4636476090008061, 2.23606797749979
523, 32, 95, 140, 94, 139, 1, 1, 0.7853981633974483, 1.4142135623730951
523, 33, 107, 81, 106, 82, 1, -1, -0.7853981633974483, 1.4142135623730951
523, 34, 217, 151, 216, 152, 1, -1, -0.7853981633974483, 1.4142135623730951
523, 35, 550, 351, 548, 351, 2, 0, 0.0, 2.0
523, 39, 514, 366, 512, 366, 2, 0, 0.0, 2.0
523, 41, 42, 324, 41, 325, 1, -1, -0.7853981633974483, 1.4142135623730951
523, 43, 535, 401, 533, 401, 2, 0, 0.0, 2.0
523, 46, 71, 151, 69, 151, 2, 0, 0.0, 2.0
523, 47, 35, 154, 34, 153, 1, 1, 0.7853981633974483, 1.4142135623730951
523, 48, 283, 129, 282, 130, 1, -1, -0.7853981633974483, 1.4142135623730951
524, 3, 328, 72, 327, 73, 1, -1, -0.7853981633974483, 1.4142135623730951
524, 4, 83, 86, 82, 87, 1, -1, -0.7853981633974483, 1.4142135623730951
524, 12, 108, 66, 106, 67, 2, -1, -0.4636476090008061, 2.23606797749979
524, 14, 208, 171, 206, 171, 2, 0, 0.0, 2.0
524, 15, 427, 123, 425, 123, 2, 0, 0.0, 2.0
524, 20, 307, 96, 306, 97, 1, -1, -0.7853981633974483, 1.4142135623730951
524, 22, 429, 392, 427, 392, 2, 0, 0.0, 2.0
524, 23, 414, 351, 413, 352, 1, -1, -0.7853981633974483, 1.4142135623730951
524, 35, 552, 350, 550, 351, 2, -1, -0.4636476090008061, 2.23606797749979
524, 36, 336, 96, 334, 97, 2, -1, -0.4636476090008061, 2.23606797749979
524, 38, 257, 144, 256, 145, 1, -1, -0.7853981633974483, 1.4142135623730951
524, 39, 515, 365, 514, 366, 1, -1, -0.7853981633974483, 1.4142135623730951
524, 41, 43, 323, 42, 324, 1, -1, -0.7853981633974483, 1.4142135623730951
524, 43, 537, 401, 535, 401, 2, 0, 0.0, 2.0
524, 48, 284, 128, 283, 129, 1, -1, -0.7853981633974483, 1.4142135623730951
525, 1, 275, 352, 274, 351, 1, 1, 0.7853981633974483, 1.4142135623730951
525, 2, 329, 71, 328, 72, 1, -1, -0.7853981633974483, 1.4142135623730951
525, 4, 392, 73, 390, 73, 2, 0, 0.0, 2.0
525, 6, 83, 88, 82, 89, 1, -1, -0.7853981633974483, 1.4142135623730951
525, 13, 365, 85, 364, 86, 1, -1, -0.7853981633974483, 1.4142135623730951
525, 18, 31, 302, 30, 303, 1, -1, -0.7853981633974483, 1.4142135623730951
525, 20, 209, 172, 208, 173, 1, -1, -0.7853981633974483, 1.4142135623730951
525, 21, 309, 104, 307, 105, 2, -1, -0.4636476090008061, 2.23606797749979
525, 29, 412, 351, 410, 352, 2, -1, -0.4636476090008061, 2.23606797749979
525, 30, 429, 394, 428, 395, 1, -1, -0.7853981633974483, 1.4142135623730951
525, 31, 427, 124, 425, 124, 2, 0, 0.0, 2.0
525, 32, 22, 152, 21, 153, 1, -1, -0.7853981633974483, 1.4142135623730951
525, 33, 361, 98, 357, 98, 4, 0, 0.0, 4.0
525, 37, 282, 124, 281, 125, 1, -1, -0.7853981633974483, 1.4142135623730951
525, 38, 475, 72, 473, 72, 2, 0, 0.0, 2.0
525, 41, 550, 352, 548, 353, 2, -1, -0.4636476090008061, 2.23606797749979
525, 42, 514, 366, 513, 367, 1, -1, -0.7853981633974483, 1.4142135623730951
525, 44, 561, 395, 559, 396, 2, -1, -0.4636476090008061, 2.23606797749979
525, 45, 401, 103, 399, 104, 2, -1, -0.4636476090008061, 2.23606797749979
525, 47, 13, 332, 12, 333, 1, -1, -0.7853981633974483, 1.4142135623730951
525, 49, 125, 125, 124, 126, 1, -1, -0.7853981633974483, 1.4142135623730951
525, 51, 66, 75, 65, 76, 1, -1, -0.7853981633974483, 1.4142135623730951
525, 55, 479, 77, 477, 78, 2, -1, -0.4636476090008061, 2.23606797749979
525, 57, 573, 129, 572, 130, 1, -1, -0.7853981633974483, 1.4142135623730951
525, 58, 274, 99, 271, 100, 3, -1, -0.3217505543966422, 3.1622776601683795
526, 0, 220, 100, 219, 101, 1, -1, -0.7853981633974483, 1.4142135623730951
526, 3, 125, 175, 124, 176, 1, -1, -0.7853981633974483, 1.4142135623730951
526, 6, 85, 86, 83, 88, 2, -2, -0.7853981633974483, 2.8284271247461903
526, 7, 208, 340, 207, 341, 1, -1, -0.7853981633974483, 1.4142135623730951
526, 8, 113, 405, 112, 406, 1, -1, -0.7853981633974483, 1.4142135623730951
526, 13, 367, 83, 365, 85, 2, -2, -0.7853981633974483, 2.8284271247461903
526, 15, 220, 150, 219, 151, 1, -1, -0.7853981633974483, 1.4142135623730951
526, 18, 32, 301, 31, 302, 1, -1, -0.7853981633974483, 1.4142135623730951
526, 19, 46, 128, 44, 129, 2, -1, -0.4636476090008061, 2.23606797749979
526, 20, 210, 171, 209, 172, 1, -1, -0.7853981633974483, 1.4142135623730951
526, 22, 175, 108, 174, 109, 1, -1, -0.7853981633974483, 1.4142135623730951
526, 24, 536, 403, 534, 403, 2, 0, 0.0, 2.0
526, 28, 66, 147, 64, 147, 2, 0, 0.0, 2.0
526, 29, 414, 351, 412, 351, 2, 0, 0.0, 2.0
526, 30, 431, 393, 429, 394, 2, -1, -0.4636476090008061, 2.23606797749979
526, 31, 429, 124, 427, 124, 2, 0, 0.0, 2.0
526, 33, 365, 98, 361, 98, 4, 0, 0.0, 4.0
526, 37, 283, 123, 282, 124, 1, -1, -0.7853981633974483, 1.4142135623730951
526, 38, 477, 71, 475, 72, 2, -1, -0.4636476090008061, 2.23606797749979
526, 39, 47, 324, 46, 325, 1, -1, -0.7853981633974483, 1.4142135623730951
526, 41, 552, 351, 550, 352, 2, -1, -0.4636476090008061, 2.23606797749979
526, 42, 516, 365, 514, 366, 2, -1, -0.4636476090008061, 2.23606797749979
526, 44, 563, 395, 561, 395, 2, 0, 0.0, 2.0
526, 45, 403, 102, 401, 103, 2, -1, -0.4636476090008061, 2.23606797749979
526, 46, 185, 156, 184, 157, 1, -1, -0.7853981633974483, 1.4142135623730951
526, 55, 480, 76, 479, 77, 1, -1, -0.7853981633974483, 1.4142135623730951
526, 56, 109, 143, 108, 144, 1, -1, -0.7853981633974483, 1.4142135623730951
526, 58, 276, 99, 274, 99, 2, 0, 0.0, 2.0
527, 2, 331, 70, 330, 71, 1, -1, -0.7853981633974483, 1.4142135623730951
527, 3, 126, 174, 125, 175, 1, -1, -0.7853981633974483, 1.4142135623730951
527, 6, 86, 85, 85, 86, 1, -1, -0.7853981633974483, 1.4142135623730951
527, 11, 191, 408, 190, 409, 1, -1, -0.7853981633974483, 1.4142135623730951
527, 13, 370, 82, 367, 83, 3, -1, -0.3217505543966422, 3.1622776601683795
527, 15, 221, 149, 220, 150, 1, -1, -0.7853981633974483, 1.4142135623730951
527, 17, 39, 156, 37, 156, 2, 0, 0.0, 2.0
527, 18, 33, 300, 32, 301, 1, -1, -0.7853981633974483, 1.4142135623730951
527, 21, 311, 102, 309, 103, 2, -1, -0.4636476090008061, 2.23606797749979
527, 24, 538, 403, 536, 403, 2, 0, 0.0, 2.0
527, 26, 483, 108, 482, 109, 1, -1, -0.7853981633974483, 1.4142135623730951
527, 29, 415, 350, 414, 351, 1, -1, -0.7853981633974483, 1.4142135623730951
527, 30, 432, 392, 431, 393, 1, -1, -0.7853981633974483, 1.4142135623730951
527, 31, 431, 124, 429, 124, 2, 0, 0.0, 2.0
527, 32, 23, 150, 22, 151, 1, -1, -0.7853981633974483, 1.4142135623730951
527, 33, 368, 97, 365, 98, 3, -1, -0.3217505543966422, 3.1622776601683795
527, 37, 284, 122, 283, 123, 1, -1, -0.7853981633974483, 1.4142135623730951
527, 38, 479, 70, 477, 71, 2, -1, -0.4636476090008061, 2.23606797749979
527, 40, 36, 373, 35, 374, 1, -1, -0.7853981633974483, 1.4142135623730951
527, 41, 555, 350, 552, 351, 3, -1, -0.3217505543966422, 3.1622776601683795
527, 42, 518, 364, 516, 365, 2, -1, -0.4636476090008061, 2.23606797749979
527, 43, 378, 354, 376, 354, 2, 0, 0.0, 2.0
527, 44, 564, 394, 563, 395, 1, -1, -0.7853981633974483, 1.4142135623730951
527, 45, 405, 101, 403, 102, 2, -1, -0.4636476090008061, 2.23606797749979
527, 46, 186, 155, 185, 156, 1, -1, -0.7853981633974483, 1.4142135623730951
527, 50, 86, 368, 85, 369, 1, -1, -0.7853981633974483, 1.4142135623730951
527, 52, 98, 140, 97, 141, 1, -1, -0.7853981633974483, 1.4142135623730951
527, 54, 107, 70, 106, 71, 1, -1, -0.7853981633974483, 1.4142135623730951
527, 55, 482, 75, 480, 76, 2, -1, -0.4636476090008061, 2.23606797749979
528, 0, 221, 98, 220, 99, 1, -1, -0.7853981633974483, 1.4142135623730951
528, 1, 276, 354, 275, 353, 1, 1, 0.7853981633974483, 1.4142135623730951
528, 3, 127, 173, 126, 174, 1, -1, -0.7853981633974483, 1.4142135623730951
528, 4, 396, 73, 394, 73, 2, 0, 0.0, 2.0
528, 6, 87, 84, 86, 85, 1, -1, -0.7853981633974483, 1.4142135623730951
528, 13, 372, 81, 370, 82, 2, -1, -0.4636476090008061, 2.23606797749979
528, 15, 222, 148, 221, 149, 1, -1, -0.7853981633974483, 1.4142135623730951
528, 18, 34, 299, 33, 300, 1, -1, -0.7853981633974483, 1.4142135623730951
528, 19, 48, 127, 47, 128, 1, -1, -0.7853981633974483, 1.4142135623730951
528, 21, 312, 101, 311, 102, 1, -1, -0.7853981633974483, 1.4142135623730951
528, 22, 177, 107, 176, 108, 1, -1, -0.7853981633974483, 1.4142135623730951
528, 25, 137, 404, 136, 405, 1, -1, -0.7853981633974483, 1.4142135623730951
528, 26, 485, 107, 483, 108, 2, -1, -0.4636476090008061, 2.23606797749979
528, 29, 416, 349, 415, 350, 1, -1, -0.7853981633974483, 1.4142135623730951
528, 30, 434, 391, 432, 392, 2, -1, -0.4636476090008061, 2.23606797749979
528, 31, 433, 124, 431, 124, 2, 0, 0.0, 2.0
528, 33, 370, 96, 368, 97, 2, -1, -0.4636476090008061, 2.23606797749979
528, 35, 48, 313, 46, 314, 2, -1, -0.4636476090008061, 2.23606797749979
528, 37, 285, 121, 284, 122, 1, -1, -0.7853981633974483, 1.4142135623730951
528, 38, 481, 69, 479, 70, 2, -1, -0.4636476090008061, 2.23606797749979
528, 41, 557, 349, 555, 350, 2, -1, -0.4636476090008061, 2.23606797749979
528, 42, 520, 362, 518, 364, 2, -2, -0.7853981633974483, 2.8284271247461903
528, 44, 566, 394, 564, 394, 2, 0, 0.0, 2.0
528, 45, 407, 101, 405, 101, 2, 0, 0.0, 2.0
528, 48, 254, 351, 253, 352, 1, -1, -0.7853981633974483, 1.4142135623730951
528, 52, 99, 139, 98, 140, 1, -1, -0.7853981633974483, 1.4142135623730951
528, 53, 78, 150, 77, 151, 1, -1, -0.7853981633974483, 1.4142135623730951
528, 55, 484, 74, 482, 75, 2, -1, -0.4636476090008061, 2.23606797749979
528, 56, 110, 140, 109, 142, 1, -2, -1.1071487177940904, 2.23606797749979
528, 58, 278, 98, 276, 99, 2, -1, -0.4636476090008061, 2.23606797749979
529, 4, 398, 73, 396, 73, 2, 0, 0.0, 2.0
529, 11, 193, 407, 192, 408, 1, -1, -0.7853981633974483, 1.4142135623730951
529, 13, 374, 80, 372, 81, 2, -1, -0.4636476090008061, 2.23606797749979
529, 15, 223, 147, 222, 148, 1, -1, -0.7853981633974483, 1.4142135623730951
529, 17, 41, 155, 40, 156, 1, -1, -0.7853981633974483, 1.4142135623730951
529, 20, 213, 170, 212, 171, 1, -1, -0.7853981633974483, 1.4142135623730951
529, 21, 313, 99, 312, 101, 1, -2, -1.1071487177940904, 2.23606797749979
529, 24, 541, 402, 539, 403, 2, -1, -0.4636476090008061, 2.23606797749979
529, 26, 486, 106, 485, 107, 1, -1, -0.7853981633974483, 1.4142135623730951
529, 28, 68, 144, 66, 145, 2, -1, -0.4636476090008061, 2.23606797749979
529, 29, 417, 348, 416, 349, 1, -1, -0.7853981633974483, 1.4142135623730951
529, 30, 436, 390, 434, 391, 2, -1, -0.4636476090008061, 2.23606797749979
529, 31, 435, 124, 433, 124, 2, 0, 0.0, 2.0
529, 33, 371, 95, 370, 96, 1, -1, -0.7853981633974483, 1.4142135623730951
529, 35, 50, 314, 48, 313, 2, 1, 0.4636476090008061, 2.23606797749979
529, 37, 286, 120, 285, 121, 1, -1, -0.7853981633974483, 1.4142135623730951
529, 39, 50, 323, 49, 324, 1, -1, -0.7853981633974483, 1.4142135623730951
529, 41, 559, 349, 557, 349, 2, 0, 0.0, 2.0
529, 42, 521, 360, 520, 362, 1, -2, -1.1071487177940904, 2.23606797749979
529, 43, 381, 353, 379, 354, 2, -1, -0.4636476090008061, 2.23606797749979
529, 44, 568, 394, 566, 394, 2, 0, 0.0, 2.0
529, 45, 409, 101, 407, 101, 2, 0, 0.0, 2.0
529, 47, 17, 331, 16, 332, 1, -1, -0.7853981633974483, 1.4142135623730951
529, 51, 68, 72, 67, 73, 1, -1, -0.7853981633974483, 1.4142135623730951
529, 52, 100, 138, 99, 139, 1, -1, -0.7853981633974483, 1.4142135623730951
529, 53, 79, 149, 78, 150, 1, -1, -0.7853981633974483, 1.4142135623730951
529, 55, 486, 74, 484, 74, 2, 0, 0.0, 2.0
529, 57, 578, 128, 575, 129, 3, -1, -0.3217505543966422, 3.1622776601683795
530, 3, 333, 71, 332, 72, 1, -1, -0.7853981633974483, 1.4142135623730951
530, 6, 212, 172, 211, 173, 1, -1, -0.7853981633974483, 1.4142135623730951
530, 7, 115, 405, 114, 406, 1, -1, -0.7853981633974483, 1.4142135623730951
530, 12, 231, 156, 229, 158, 2, -2, -0.7853981633974483, 2.8284271247461903
530, 18, 230, 106, 229, 107, 1, -1, -0.7853981633974483, 1.4142135623730951
530, 19, 224, 151, 223, 152, 1, -1, -0.7853981633974483, 1.4142135623730951
530, 20, 340, 99, 338, 99, 2, 0, 0.0, 2.0
530, 21, 395, 73, 394, 74, 1, -1, -0.7853981633974483, 1.4142135623730951
530, 22, 218, 177, 217, 178, 1, -1, -0.7853981633974483, 1.4142135623730951
530, 24, 471, 124, 469, 125, 2, -1, -0.4636476090008061, 2.23606797749979
530, 28, 370, 95, 369, 96, 1, -1, -0.7853981633974483, 1.4142135623730951
530, 29, 407, 105, 405, 105, 2, 0, 0.0, 2.0
530, 30, 482, 72, 480, 72, 2, 0, 0.0, 2.0
530, 32, 245, 405, 244, 406, 1, -1, -0.7853981633974483, 1.4142135623730951
530, 33, 556, 352, 554, 353, 2, -1, -0.4636476090008061, 2.23606797749979
530, 34, 371, 84, 370, 85, 1, -1, -0.7853981633974483, 1.4142135623730951
530, 35, 192, 408, 191, 409, 1, -1, -0.7853981633974483, 1.4142135623730951
530, 36, 567, 396, 565, 396, 2, 0, 0.0, 2.0
530, 39, 62, 108, 61, 107, 1, 1, 0.7853981633974483, 1.4142135623730951
530, 40, 541, 401, 539, 402, 2, -1, -0.4636476090008061, 2.23606797749979
530, 41, 310, 95, 309, 96, 1, -1, -0.7853981633974483, 1.4142135623730951
530, 42, 285, 99, 283, 100, 2, -1, -0.4636476090008061, 2.23606797749979
531, 0, 225, 99, 224, 100, 1, -1, -0.7853981633974483, 1.4142135623730951
531, 2, 129, 173, 128, 174, 1, -1, -0.7853981633974483, 1.4142135623730951
531, 6, 213, 171, 212, 172, 1, -1, -0.7853981633974483, 1.4142135623730951
531, 8, 71, 331, 70, 332, 1, -1, -0.7853981633974483, 1.4142135623730951
531, 11, 282, 127, 281, 129, 1, -2, -1.1071487177940904, 2.23606797749979
531, 12, 233, 155, 231, 156, 2, -1, -0.4636476090008061, 2.23606797749979
531, 14, 69, 146, 68, 147, 1, -1, -0.7853981633974483, 1.4142135623730951
531, 18, 231, 105, 230, 106, 1, -1, -0.7853981633974483, 1.4142135623730951
531, 22, 219, 175, 218, 177, 1, -2, -1.1071487177940904, 2.23606797749979
531, 23, 249, 101, 249, 103, 0, -2, -1.5707963267948966, 2.0
531, 25, 313, 106, 312, 107, 1, -1, -0.7853981633974483, 1.4142135623730951
531, 27, 40, 378, 39, 379, 1, -1, -0.7853981633974483, 1.4142135623730951
531, 33, 558, 351, 556, 352, 2, -1, -0.4636476090008061, 2.23606797749979
531, 34, 372, 83, 371, 84, 1, -1, -0.7853981633974483, 1.4142135623730951
531, 36, 569, 396, 567, 396, 2, 0, 0.0, 2.0
531, 40, 542, 400, 541, 401, 1, -1, -0.7853981633974483, 1.4142135623730951
531, 41, 311, 94, 310, 95, 1, -1, -0.7853981633974483, 1.4142135623730951
531, 42, 286, 98, 285, 99, 1, -1, -0.7853981633974483, 1.4142135623730951
532, 0, 226, 98, 225, 99, 1, -1, -0.7853981633974483, 1.4142135623730951
532, 2, 131, 172, 129, 173, 2, -1, -0.4636476090008061, 2.23606797749979
532, 4, 87, 85, 86, 86, 1, -1, -0.7853981633974483, 1.4142135623730951
532, 5, 49, 128, 48, 129, 1, -1, -0.7853981633974483, 1.4142135623730951
532, 7, 116, 403, 115, 404, 1, -1, -0.7853981633974483, 1.4142135623730951
532, 8, 72, 330, 71, 331, 1, -1, -0.7853981633974483, 1.4142135623730951
532, 11, 284, 126, 282, 127, 2, -1, -0.4636476090008061, 2.23606797749979
532, 12, 234, 153, 233, 155, 1, -2, -1.1071487177940904, 2.23606797749979
532, 18, 232, 104, 231, 105, 1, -1, -0.7853981633974483, 1.4142135623730951
532, 19, 226, 150, 225, 151, 1, -1, -0.7853981633974483, 1.4142135623730951
532, 21, 398, 72, 396, 73, 2, -1, -0.4636476090008061, 2.23606797749979
532, 23, 250, 100, 249, 101, 1, -1, -0.7853981633974483, 1.4142135623730951
532, 25, 314, 105, 313, 106, 1, -1, -0.7853981633974483, 1.4142135623730951
532, 27, 41, 377, 40, 378, 1, -1, -0.7853981633974483, 1.4142135623730951
532, 29, 410, 104, 408, 105, 2, -1, -0.4636476090008061, 2.23606797749979
532, 30, 485, 72, 483, 72, 2, 0, 0.0, 2.0
532, 33, 560, 350, 558, 351, 2, -1, -0.4636476090008061, 2.23606797749979
532, 34, 373, 82, 372, 83, 1, -1, -0.7853981633974483, 1.4142135623730951
532, 36, 571, 396, 569, 396, 2, 0, 0.0, 2.0
532, 39, 60, 107, 62, 108, -2, -1, -2.677945044588987, 2.23606797749979
532, 40, 544, 399, 542, 400, 2, -1, -0.4636476090008061, 2.23606797749979
533, 2, 132, 171, 131, 172, 1, -1, -0.7853981633974483, 1.4142135623730951
533, 5, 50, 127, 49, 128, 1, -1, -0.7853981633974483, 1.4142135623730951
533, 6, 214, 170, 213, 171, 1, -1, -0.7853981633974483, 1.4142135623730951
533, 8, 73, 329, 72, 330, 1, -1, -0.7853981633974483, 1.4142135623730951
533, 9, 222, 404, 219, 405, 3, -1, -0.3217505543966422, 3.1622776601683795
533, 12, 235, 152, 234, 153, 1, -1, -0.7853981633974483, 1.4142135623730951
533, 13, 191, 156, 188, 157, 3, -1, -0.3217505543966422, 3.1622776601683795
533, 15, 40, 304, 38, 305, 2, -1, -0.4636476090008061, 2.23606797749979
533, 18, 233, 103, 232, 104, 1, -1, -0.7853981633974483, 1.4142135623730951
533, 19, 227, 149, 226, 150, 1, -1, -0.7853981633974483, 1.4142135623730951
533, 21, 400, 71, 398, 72, 2, -1, -0.4636476090008061, 2.23606797749979
533, 22, 220, 173, 219, 174, 1, -1, -0.7853981633974483, 1.4142135623730951
533, 24, 474, 123, 473, 124, 1, -1, -0.7853981633974483, 1.4142135623730951
533, 25, 315, 104, 314, 105, 1, -1, -0.7853981633974483, 1.4142135623730951
533, 29, 412, 103, 410, 104, 2, -1, -0.4636476090008061, 2.23606797749979
533, 31, 245, 383, 242, 384, 3, -1, -0.3217505543966422, 3.1622776601683795
533, 33, 562, 350, 560, 350, 2, 0, 0.0, 2.0
533, 34, 375, 81, 373, 82, 2, -1, -0.4636476090008061, 2.23606797749979
533, 36, 573, 395, 571, 396, 2, -1, -0.4636476090008061, 2.23606797749979
533, 40, 547, 399, 544, 399, 3, 0, 0.0, 3.0
534, 0, 227, 97, 226, 98, 1, -1, -0.7853981633974483, 1.4142135623730951
534, 4, 89, 84, 88, 85, 1, -1, -0.7853981633974483, 1.4142135623730951
534, 6, 215, 169, 214, 170, 1, -1, -0.7853981633974483, 1.4142135623730951
534, 11, 287, 125, 285, 126, 2, -1, -0.4636476090008061, 2.23606797749979
534, 12, 236, 151, 235, 152, 1, -1, -0.7853981633974483, 1.4142135623730951
534, 14, 71, 144, 70, 145, 1, -1, -0.7853981633974483, 1.4142135623730951
534, 15, 41, 303, 40, 304, 1, -1, -0.7853981633974483, 1.4142135623730951
534, 20, 344, 99, 342, 99, 2, 0, 0.0, 2.0
534, 21, 402, 70, 400, 71, 2, -1, -0.4636476090008061, 2.23606797749979
534, 22, 221, 172, 220, 173, 1, -1, -0.7853981633974483, 1.4142135623730951
534, 24, 476, 122, 474, 123, 2, -1, -0.4636476090008061, 2.23606797749979
534, 25, 316, 103, 315, 104, 1, -1, -0.7853981633974483, 1.4142135623730951
534, 27, 44, 377, 42, 377, 2, 0, 0.0, 2.0
534, 29, 414, 102, 412, 103, 2, -1, -0.4636476090008061, 2.23606797749979
534, 30, 487, 71, 486, 72, 1, -1, -0.7853981633974483, 1.4142135623730951
534, 33, 564, 350, 562, 350, 2, 0, 0.0, 2.0
534, 34, 377, 81, 375, 81, 2, 0, 0.0, 2.0
534, 35, 195, 407, 194, 408, 1, -1, -0.7853981633974483, 1.4142135623730951
534, 36, 575, 394, 573, 395, 2, -1, -0.4636476090008061, 2.23606797749979
534, 39, 549, 398, 547, 399, 2, -1, -0.4636476090008061, 2.23606797749979
535, 3, 337, 71, 336, 72, 1, -1, -0.7853981633974483, 1.4142135623730951
535, 4, 90, 86, 89, 87, 1, -1, -0.7853981633974483, 1.4142135623730951
535, 8, 42, 374, 41, 375, 1, -1, -0.7853981633974483, 1.4142135623730951
535, 17, 401, 73, 400, 74, 1, -1, -0.7853981633974483, 1.4142135623730951
535, 24, 195, 408, 194, 409, 1, -1, -0.7853981633974483, 1.4142135623730951
535, 30, 477, 124, 474, 125, 3, -1, -0.3217505543966422, 3.1622776601683795
535, 33, 411, 103, 409, 104, 2, -1, -0.4636476090008061, 2.23606797749979
535, 37, 438, 124, 436, 124, 2, 0, 0.0, 2.0
535, 39, 291, 128, 289, 128, 2, 0, 0.0, 2.0
535, 40, 385, 355, 383, 355, 2, 0, 0.0, 2.0
535, 44, 605, 352, 603, 353, 2, -1, -0.4636476090008061, 2.23606797749979
535, 47, 542, 81, 540, 81, 2, 0, 0.0, 2.0
535, 49, 199, 159, 198, 160, 1, -1, -0.7853981633974483, 1.4142135623730951
535, 51, 562, 353, 560, 353, 2, 0, 0.0, 2.0
535, 57, 191, 356, 190, 357, 1, -1, -0.7853981633974483, 1.4142135623730951
536, 2, 133, 173, 132, 174, 1, -1, -0.7853981633974483, 1.4142135623730951
536, 13, 194, 153, 193, 154, 1, -1, -0.7853981633974483, 1.4142135623730951
536, 15, 54, 128, 53, 129, 1, -1, -0.7853981633974483, 1.4142135623730951
536, 17, 403, 73, 401, 73, 2, 0, 0.0, 2.0
536, 19, 74, 330, 73, 331, 1, -1, -0.7853981633974483, 1.4142135623730951
536, 30, 479, 123, 477, 124, 2, -1, -0.4636476090008061, 2.23606797749979
536, 32, 346, 98, 343, 99, 3, -1, -0.3217505543966422, 3.1622776601683795
536, 33, 413, 102, 411, 103, 2, -1, -0.4636476090008061, 2.23606797749979
536, 37, 440, 124, 438, 124, 2, 0, 0.0, 2.0
536, 40, 386, 354, 385, 355, 1, -1, -0.7853981633974483, 1.4142135623730951
536, 43, 313, 103, 312, 104, 1, -1, -0.7853981633974483, 1.4142135623730951
536, 44, 607, 353, 605, 352, 2, 1, 0.4636476090008061, 2.23606797749979
536, 47, 544, 80, 542, 81, 2, -1, -0.4636476090008061, 2.23606797749979
536, 48, 611, 112, 607, 112, 4, 0, 0.0, 4.0
536, 49, 200, 157, 199, 159, 1, -2, -1.1071487177940904, 2.23606797749979
536, 51, 564, 353, 562, 353, 2, 0, 0.0, 2.0
536, 52, 22, 330, 21, 331, 1, -1, -0.7853981633974483, 1.4142135623730951
536, 53, 206, 384, 204, 384, 2, 0, 0.0, 2.0
536, 55, 138, 72, 135, 73, 3, -1, -0.3217505543966422, 3.1622776601683795
537, 1, 229, 99, 228, 100, 1, -1, -0.7853981633974483, 1.4142135623730951
537, 2, 134, 172, 133, 173, 1, -1, -0.7853981633974483, 1.4142135623730951
537, 3, 339, 70, 338, 71, 1, -1, -0.7853981633974483, 1.4142135623730951
537, 4, 91, 85, 90, 86, 1, -1, -0.7853981633974483, 1.4142135623730951
537, 7, 40, 303, 39, 304, 1, -1, -0.7853981633974483, 1.4142135623730951
537, 8, 44, 373, 43, 374, 1, -1, -0.7853981633974483, 1.4142135623730951
537, 10, 49, 155, 47, 155, 2, 0, 0.0, 2.0
537, 12, 217, 170, 216, 171, 1, -1, -0.7853981633974483, 1.4142135623730951
537, 13, 195, 152, 194, 153, 1, -1, -0.7853981633974483, 1.4142135623730951
537, 14, 181, 109, 180, 110, 1, -1, -0.7853981633974483, 1.4142135623730951
537, 15, 55, 127, 54, 128, 1, -1, -0.7853981633974483, 1.4142135623730951
537, 17, 405, 72, 403, 73, 2, -1, -0.4636476090008061, 2.23606797749979
537, 18, 73, 146, 72, 147, 1, -1, -0.7853981633974483, 1.4142135623730951
537, 20, 317, 96, 316, 97, 1, -1, -0.7853981633974483, 1.4142135623730951
537, 25, 106, 139, 105, 138, 1, 1, 0.7853981633974483, 1.4142135623730951
537, 30, 481, 122, 479, 123, 2, -1, -0.4636476090008061, 2.23606797749979
537, 37, 442, 124, 440, 124, 2, 0, 0.0, 2.0
537, 40, 388, 353, 386, 354, 2, -1, -0.4636476090008061, 2.23606797749979
537, 43, 314, 102, 313, 103, 1, -1, -0.7853981633974483, 1.4142135623730951
537, 46, 142, 177, 141, 178, 1, -1, -0.7853981633974483, 1.4142135623730951
537, 47, 546, 80, 544, 80, 2, 0, 0.0, 2.0
537, 48, 614, 112, 611, 112, 3, 0, 0.0, 3.0
537, 49, 202, 157, 200, 157, 2, 0, 0.0, 2.0
537, 51, 566, 352, 564, 353, 2, -1, -0.4636476090008061, 2.23606797749979
537, 54, 234, 153, 233, 154, 1, -1, -0.7853981633974483, 1.4142135623730951
537, 57, 192, 355, 191, 356, 1, -1, -0.7853981633974483, 1.4142135623730951
537, 58, 170, 159, 169, 160, 1, -1, -0.7853981633974483, 1.4142135623730951
538, 1, 230, 98, 229, 99, 1, -1, -0.7853981633974483, 1.4142135623730951
538, 2, 135, 171, 134, 172, 1, -1, -0.7853981633974483, 1.4142135623730951
538, 7, 41, 302, 40, 303, 1, -1, -0.7853981633974483, 1.4142135623730951
538, 8, 45, 372, 44, 373, 1, -1, -0.7853981633974483, 1.4142135623730951
538, 10, 51, 155, 49, 155, 2, 0, 0.0, 2.0
538, 12, 218, 169, 217, 170, 1, -1, -0.7853981633974483, 1.4142135623730951
538, 15, 57, 126, 55, 127, 2, -1, -0.4636476090008061, 2.23606797749979
538, 16, 490, 71, 488, 71, 2, 0, 0.0, 2.0
538, 17, 407, 71, 405, 72, 2, -1, -0.4636476090008061, 2.23606797749979
538, 25, 108, 139, 106, 139, 2, 0, 0.0, 2.0
538, 28, 247, 376, 245, 377, 2, -1, -0.4636476090008061, 2.23606797749979
538, 30, 483, 121, 481, 122, 2, -1, -0.4636476090008061, 2.23606797749979
538, 33, 416, 101, 414, 102, 2, -1, -0.4636476090008061, 2.23606797749979
538, 34, 264, 141, 264, 143, 0, -2, -1.5707963267948966, 2.0
538, 36, 249, 385, 248, 386, 1, -1, -0.7853981633974483, 1.4142135623730951
538, 37, 444, 122, 442, 124, 2, -2, -0.7853981633974483, 2.8284271247461903
538, 39, 295, 127, 293, 128, 2, -1, -0.4636476090008061, 2.23606797749979
538, 40, 390, 352, 388, 353, 2, -1, -0.4636476090008061, 2.23606797749979
538, 44, 609, 352, 608, 353, 1, -1, -0.7853981633974483, 1.4142135623730951
538, 48, 617, 112, 614, 112, 3, 0, 0.0, 3.0
538, 51, 569, 352, 566, 352, 3, 0, 0.0, 3.0
539, 0, 284, 353, 283, 354, 1, -1, -0.7853981633974483, 1.4142135623730951
539, 1, 231, 97, 230, 98, 1, -1, -0.7853981633974483, 1.4142135623730951
539, 2, 136, 170, 135, 171, 1, -1, -0.7853981633974483, 1.4142135623730951
539, 3, 342, 70, 340, 70, 2, 0, 0.0, 2.0
539, 7, 42, 301, 41, 302, 1, -1, -0.7853981633974483, 1.4142135623730951
539, 8, 47, 371, 45, 372, 2, -1, -0.4636476090008061, 2.23606797749979
539, 10, 53, 154, 51, 155, 2, -1, -0.4636476090008061, 2.23606797749979
539, 11, 281, 345, 279, 345, 2, 0, 0.0, 2.0
539, 12, 219, 168, 218, 169, 1, -1, -0.7853981633974483, 1.4142135623730951
539, 13, 196, 151, 195, 152, 1, -1, -0.7853981633974483, 1.4142135623730951
539, 14, 183, 108, 182, 109, 1, -1, -0.7853981633974483, 1.4142135623730951
539, 15, 58, 125, 57, 126, 1, -1, -0.7853981633974483, 1.4142135623730951
539, 17, 409, 70, 407, 71, 2, -1, -0.4636476090008061, 2.23606797749979
539, 19, 77, 329, 76, 330, 1, -1, -0.7853981633974483, 1.4142135623730951
539, 24, 197, 406, 196, 407, 1, -1, -0.7853981633974483, 1.4142135623730951
539, 29, 115, 116, 114, 117, 1, -1, -0.7853981633974483, 1.4142135623730951
539, 30, 484, 120, 483, 121, 1, -1, -0.7853981633974483, 1.4142135623730951
539, 33, 418, 100, 416, 101, 2, -1, -0.4636476090008061, 2.23606797749979
539, 35, 250, 384, 249, 385, 1, -1, -0.7853981633974483, 1.4142135623730951
539, 36, 446, 122, 444, 122, 2, 0, 0.0, 2.0
539, 38, 296, 126, 295, 127, 1, -1, -0.7853981633974483, 1.4142135623730951
539, 39, 391, 351, 390, 352, 1, -1, -0.7853981633974483, 1.4142135623730951
539, 42, 316, 101, 315, 102, 1, -1, -0.7853981633974483, 1.4142135623730951
539, 43, 612, 352, 609, 352, 3, 0, 0.0, 3.0
539, 46, 549, 80, 547, 80, 2, 0, 0.0, 2.0
539, 47, 619, 112, 617, 112, 2, 0, 0.0, 2.0
539, 48, 205, 157, 203, 157, 2, 0, 0.0, 2.0
539, 50, 571, 352, 569, 352, 2, 0, 0.0, 2.0
539, 51, 23, 328, 22, 329, 1, -1, -0.7853981633974483, 1.4142135623730951
540, 0, 286, 356, 284, 356, 2, 0, 0.0, 2.0
540, 1, 230, 99, 229, 100, 1, -1, -0.7853981633974483, 1.4142135623730951
540, 2, 342, 71, 341, 72, 1, -1, -0.7853981633974483, 1.4142135623730951
540, 3, 136, 173, 135, 174, 1, -1, -0.7853981633974483, 1.4142135623730951
540, 5, 46, 374, 45, 375, 1, -1, -0.7853981633974483, 1.4142135623730951
540, 10, 266, 327, 265, 326, 1, 1, 0.7853981633974483, 1.4142135623730951
540, 11, 81, 331, 80, 332, 1, -1, -0.7853981633974483, 1.4142135623730951
540, 13, 381, 86, 379, 86, 2, 0, 0.0, 2.0
540, 17, 343, 78, 342, 79, 1, -1, -0.7853981633974483, 1.4142135623730951
540, 18, 408, 73, 406, 74, 2, -1, -0.4636476090008061, 2.23606797749979
540, 22, 56, 128, 55, 129, 1, -1, -0.7853981633974483, 1.4142135623730951
540, 24, 75, 146, 74, 147, 1, -1, -0.7853981633974483, 1.4142135623730951
540, 26, 300, 124, 299, 125, 1, -1, -0.7853981633974483, 1.4142135623730951
540, 31, 578, 395, 576, 396, 2, -1, -0.4636476090008061, 2.23606797749979
540, 32, 225, 407, 224, 408, 1, -1, -0.7853981633974483, 1.4142135623730951
540, 33, 610, 353, 609, 354, 1, -1, -0.7853981633974483, 1.4142135623730951
540, 34, 504, 343, 502, 343, 2, 0, 0.0, 2.0
540, 36, 496, 75, 494, 76, 2, -1, -0.4636476090008061, 2.23606797749979
540, 37, 621, 353, 618, 354, 3, -1, -0.3217505543966422, 3.1622776601683795
540, 39, 444, 124, 442, 124, 2, 0, 0.0, 2.0
540, 40, 151, 349, 150, 350, 1, -1, -0.7853981633974483, 1.4142135623730951
540, 44, 9, 144, 7, 145, 2, -1, -0.4636476090008061, 2.23606797749979
540, 46, 72, 170, 71, 171, 1, -1, -0.7853981633974483, 1.4142135623730951
540, 48, 568, 352, 567, 353, 1, -1, -0.7853981633974483, 1.4142135623730951
540, 51, 489, 110, 488, 111, 1, -1, -0.7853981633974483, 1.4142135623730951
540, 53, 272, 123, 271, 124, 1, -1, -0.7853981633974483, 1.4142135623730951
540, 54, 49, 152, 48, 153, 1, -1, -0.7853981633974483, 1.4142135623730951
540, 57, 96, 370, 95, 371, 1, -1, -0.7853981633974483, 1.4142135623730951
540, 59, 416, 102, 415, 103, 1, -1, -0.7853981633974483, 1.4142135623730951
540, 60, 548, 82, 546, 82, 2, 0, 0.0, 2.0
541, 0, 287, 355, 286, 356, 1, -1, -0.7853981633974483, 1.4142135623730951
541, 1, 231, 98, 230, 99, 1, -1, -0.7853981633974483, 1.4142135623730951
541, 2, 343, 70, 342, 71, 1, -1, -0.7853981633974483, 1.4142135623730951
541, 3, 137, 172, 136, 173, 1, -1, -0.7853981633974483, 1.4142135623730951
541, 7, 43, 299, 42, 300, 1, -1, -0.7853981633974483, 1.4142135623730951
541, 8, 351, 99, 350, 100, 1, -1, -0.7853981633974483, 1.4142135623730951
541, 9, 198, 407, 197, 408, 1, -1, -0.7853981633974483, 1.4142135623730951
541, 11, 82, 330, 81, 331, 1, -1, -0.7853981633974483, 1.4142135623730951
541, 13, 383, 86, 381, 86, 2, 0, 0.0, 2.0
541, 16, 553, 401, 551, 402, 2, -1, -0.4636476090008061, 2.23606797749979
541, 17, 344, 77, 343, 78, 1, -1, -0.7853981633974483, 1.4142135623730951
541, 18, 410, 72, 408, 73, 2, -1, -0.4636476090008061, 2.23606797749979
541, 19, 320, 100, 319, 101, 1, -1, -0.7853981633974483, 1.4142135623730951
541, 21, 219, 170, 218, 171, 1, -1, -0.7853981633974483, 1.4142135623730951
541, 23, 284, 348, 282, 349, 2, -1, -0.4636476090008061, 2.23606797749979
541, 24, 76, 145, 75, 146, 1, -1, -0.7853981633974483, 1.4142135623730951
541, 26, 301, 123, 300, 124, 1, -1, -0.7853981633974483, 1.4142135623730951
541, 30, 183, 110, 182, 111, 1, -1, -0.7853981633974483, 1.4142135623730951
541, 31, 580, 394, 578, 395, 2, -1, -0.4636476090008061, 2.23606797749979
541, 33, 612, 352, 610, 353, 2, -1, -0.4636476090008061, 2.23606797749979
541, 34, 505, 344, 504, 343, 1, 1, 0.7853981633974483, 1.4142135623730951
541, 35, 267, 99, 266, 100, 1, -1, -0.7853981633974483, 1.4142135623730951
541, 36, 498, 74, 496, 75, 2, -1, -0.4636476090008061, 2.23606797749979
541, 38, 107, 137, 106, 138, 1, -1, -0.7853981633974483, 1.4142135623730951
541, 40, 152, 348, 151, 349, 1, -1, -0.7853981633974483, 1.4142135623730951
541, 43, 482, 123, 481, 124, 1, -1, -0.7853981633974483, 1.4142135623730951
541, 44, 10, 143, 9, 144, 1, -1, -0.7853981633974483, 1.4142135623730951
541, 45, 224, 396, 223, 397, 1, -1, -0.7853981633974483, 1.4142135623730951
541, 48, 570, 352, 568, 352, 2, 0, 0.0, 2.0
541, 51, 491, 110, 489, 110, 2, 0, 0.0, 2.0
541, 56, 594, 128, 593, 129, 1, -1, -0.7853981633974483, 1.4142135623730951
541, 57, 97, 369, 96, 370, 1, -1, -0.7853981633974483, 1.4142135623730951
541, 58, 409, 392, 407, 392, 2, 0, 0.0, 2.0
541, 60, 551, 81, 548, 82, 3, -1, -0.3217505543966422, 3.1622776601683795
542, 1, 232, 97, 231, 98, 1, -1, -0.7853981633974483, 1.4142135623730951
542, 2, 345, 69, 343, 70, 2, -1, -0.4636476090008061, 2.23606797749979
542, 3, 138, 171, 137, 172, 1, -1, -0.7853981633974483, 1.4142135623730951
542, 4, 121, 403, 118, 404, 3, -1, -0.3217505543966422, 3.1622776601683795
542, 5, 48, 373, 47, 374, 1, -1, -0.7853981633974483, 1.4142135623730951
542, 6, 94, 86, 93, 87, 1, -1, -0.7853981633974483, 1.4142135623730951
542, 7, 44, 298, 43, 299, 1, -1, -0.7853981633974483, 1.4142135623730951
542, 8, 352, 98, 351, 99, 1, -1, -0.7853981633974483, 1.4142135623730951
542, 13, 385, 86, 383, 86, 2, 0, 0.0, 2.0
542, 16, 555, 401, 553, 401, 2, 0, 0.0, 2.0
542, 17, 345, 76, 344, 77, 1, -1, -0.7853981633974483, 1.4142135623730951
542, 18, 412, 71, 410, 72, 2, -1, -0.4636476090008061, 2.23606797749979
542, 19, 322, 99, 320, 100, 2, -1, -0.4636476090008061, 2.23606797749979
542, 20, 252, 405, 250, 406, 2, -1, -0.4636476090008061, 2.23606797749979
542, 22, 58, 127, 57, 128, 1, -1, -0.7853981633974483, 1.4142135623730951
542, 23, 285, 347, 284, 348, 1, -1, -0.7853981633974483, 1.4142135623730951
542, 25, 199, 153, 198, 154, 1, -1, -0.7853981633974483, 1.4142135623730951
542, 26, 302, 122, 301, 123, 1, -1, -0.7853981633974483, 1.4142135623730951
542, 27, 173, 159, 172, 160, 1, -1, -0.7853981633974483, 1.4142135623730951
542, 31, 582, 393, 580, 394, 2, -1, -0.4636476090008061, 2.23606797749979
542, 33, 614, 351, 612, 352, 2, -1, -0.4636476090008061, 2.23606797749979
542, 36, 500, 73, 498, 74, 2, -1, -0.4636476090008061, 2.23606797749979
542, 40, 153, 347, 152, 348, 1, -1, -0.7853981633974483, 1.4142135623730951
542, 42, 121, 375, 120, 377, 1, -2, -1.1071487177940904, 2.23606797749979
542, 46, 77, 168, 72, 170, 5, -2, -0.3805063771123649, 5.385164807134504
542, 47, 127, 316, 126, 317, 1, -1, -0.7853981633974483, 1.4142135623730951
542, 48, 572, 351, 570, 352, 2, -1, -0.4636476090008061, 2.23606797749979
542, 52, 264, 355, 263, 356, 1, -1, -0.7853981633974483, 1.4142135623730951
542, 58, 411, 392, 409, 392, 2, 0, 0.0, 2.0
542, 59, 419, 101, 417, 102, 2, -1, -0.4636476090008061, 2.23606797749979
542, 60, 553, 80, 551, 81, 2, -1, -0.4636476090008061, 2.23606797749979
543, 2, 347, 68, 345, 69, 2, -1, -0.4636476090008061, 2.23606797749979
543, 3, 139, 170, 138, 171, 1, -1, -0.7853981633974483, 1.4142135623730951
543, 9, 199, 406, 198, 407, 1, -1, -0.7853981633974483, 1.4142135623730951
543, 11, 83, 328, 82, 329, 1, -1, -0.7853981633974483, 1.4142135623730951
543, 13, 387, 85, 385, 86, 2, -1, -0.4636476090008061, 2.23606797749979
543, 16, 557, 401, 555, 401, 2, 0, 0.0, 2.0
543, 17, 346, 75, 345, 76, 1, -1, -0.7853981633974483, 1.4142135623730951
543, 19, 324, 98, 322, 99, 2, -1, -0.4636476090008061, 2.23606797749979
543, 21, 220, 168, 219, 169, 1, -1, -0.7853981633974483, 1.4142135623730951
543, 24, 78, 144, 77, 145, 1, -1, -0.7853981633974483, 1.4142135623730951
543, 25, 200, 152, 199, 153, 1, -1, -0.7853981633974483, 1.4142135623730951
543, 26, 304, 122, 302, 122, 2, 0, 0.0, 2.0
543, 33, 617, 351, 614, 351, 3, 0, 0.0, 3.0
543, 35, 269, 98, 268, 99, 1, -1, -0.7853981633974483, 1.4142135623730951
543, 36, 502, 72, 500, 73, 2, -1, -0.4636476090008061, 2.23606797749979
543, 37, 626, 353, 623, 353, 3, 0, 0.0, 3.0
543, 41, 145, 405, 144, 406, 1, -1, -0.7853981633974483, 1.4142135623730951
543, 43, 484, 124, 483, 123, 1, 1, 0.7853981633974483, 1.4142135623730951
543, 44, 12, 142, 11, 143, 1, -1, -0.7853981633974483, 1.4142135623730951
543, 45, 225, 394, 224, 395, 1, -1, -0.7853981633974483, 1.4142135623730951
543, 46, 79, 167, 77, 168, 2, -1, -0.4636476090008061, 2.23606797749979
543, 48, 575, 350, 572, 351, 3, -1, -0.3217505543966422, 3.1622776601683795
543, 51, 488, 110, 491, 111, -3, -1, -2.819842099193151, 3.1622776601683795
543, 56, 595, 127, 594, 128, 1, -1, -0.7853981633974483, 1.4142135623730951
543, 59, 421, 100, 419, 101, 2, -1, -0.4636476090008061, 2.23606797749979
543, 60, 555, 79, 553, 80, 2, -1, -0.4636476090008061, 2.23606797749979
544, 0, 289, 354, 288, 355, 1, -1, -0.7853981633974483, 1.4142135623730951
544, 1, 233, 96, 232, 97, 1, -1, -0.7853981633974483, 1.4142135623730951
544, 2, 348, 67, 347, 68, 1, -1, -0.7853981633974483, 1.4142135623730951
544, 11, 84, 327, 83, 328, 1, -1, -0.7853981633974483, 1.4142135623730951
544, 13, 389, 85, 387, 85, 2, 0, 0.0, 2.0
544, 16, 559, 401, 557, 401, 2, 0, 0.0, 2.0
544, 17, 347, 74, 346, 75, 1, -1, -0.7853981633974483, 1.4142135623730951
544, 18, 415, 71, 413, 71, 2, 0, 0.0, 2.0
544, 19, 326, 98, 324, 98, 2, 0, 0.0, 2.0
544, 22, 59, 126, 58, 127, 1, -1, -0.7853981633974483, 1.4142135623730951
544, 23, 287, 346, 286, 347, 1, -1, -0.7853981633974483, 1.4142135623730951
544, 24, 79, 143, 78, 144, 1, -1, -0.7853981633974483, 1.4142135623730951
544, 25, 201, 151, 200, 152, 1, -1, -0.7853981633974483, 1.4142135623730951
544, 27, 176, 158, 174, 159, 2, -1, -0.4636476090008061, 2.23606797749979
544, 28, 260, 338, 259, 337, 1, 1, 0.7853981633974483, 1.4142135623730951
544, 31, 584, 392, 583, 393, 1, -1, -0.7853981633974483, 1.4142135623730951
544, 33, 618, 350, 617, 351, 1, -1, -0.7853981633974483, 1.4142135623730951
544, 36, 504, 71, 502, 72, 2, -1, -0.4636476090008061, 2.23606797749979
544, 37, 627, 352, 626, 353, 1, -1, -0.7853981633974483, 1.4142135623730951
544, 39, 448, 124, 446, 124, 2, 0, 0.0, 2.0
544, 42, 123, 374, 122, 375, 1, -1, -0.7853981633974483, 1.4142135623730951
544, 43, 486, 124, 484, 124, 2, 0, 0.0, 2.0
544, 44, 13, 141, 12, 142, 1, -1, -0.7853981633974483, 1.4142135623730951
544, 46, 80, 166, 79, 167, 1, -1, -0.7853981633974483, 1.4142135623730951
544, 48, 577, 349, 575, 350, 2, -1, -0.4636476090008061, 2.23606797749979
544, 51, 486, 110, 488, 110, -2, 0, 3.141592653589793, 2.0
544, 54, 54, 152, 52, 152, 2, 0, 0.0, 2.0
544, 56, 597, 126, 595, 127, 2, -1, -0.4636476090008061, 2.23606797749979
544, 60, 557, 78, 555, 79, 2, -1, -0.4636476090008061, 2.23606797749979
545, 1, 289, 355, 288, 356, 1, -1, -0.7853981633974483, 1.4142135623730951
545, 2, 138, 171, 137, 172, 1, -1, -0.7853981633974483, 1.4142135623730951
545, 9, 222, 171, 221, 172, 1, -1, -0.7853981633974483, 1.4142135623730951
545, 10, 50, 377, 49, 378, 1, -1, -0.7853981633974483, 1.4142135623730951
545, 11, 7, 404, 5, 405, 2, -1, -0.4636476090008061, 2.23606797749979
545, 13, 354, 99, 353, 100, 1, -1, -0.7853981633974483, 1.4142135623730951
545, 16, 79, 145, 78, 146, 1, -1, -0.7853981633974483, 1.4142135623730951
545, 17, 60, 127, 59, 128, 1, -1, -0.7853981633974483, 1.4142135623730951
545, 19, 199, 153, 198, 154, 1, -1, -0.7853981633974483, 1.4142135623730951
545, 20, 46, 303, 45, 304, 1, -1, -0.7853981633974483, 1.4142135623730951
545, 22, 233, 150, 232, 151, 1, -1, -0.7853981633974483, 1.4142135623730951
545, 25, 324, 97, 323, 98, 1, -1, -0.7853981633974483, 1.4142135623730951
545, 26, 107, 94, 106, 95, 1, -1, -0.7853981633974483, 1.4142135623730951
545, 28, 252, 383, 250, 383, 2, 0, 0.0, 2.0
545, 33, 265, 333, 266, 332, -1, 1, 2.356194490192345, 1.4142135623730951
545, 35, 86, 146, 85, 147, 1, -1, -0.7853981633974483, 1.4142135623730951
545, 36, 487, 125, 485, 125, 2, 0, 0.0, 2.0
545, 37, 498, 71, 496, 72, 2, -1, -0.4636476090008061, 2.23606797749979
545, 38, 575, 351, 573, 352, 2, -1, -0.4636476090008061, 2.23606797749979
545, 40, 584, 396, 582, 396, 2, 0, 0.0, 2.0
545, 41, 560, 400, 556, 402, 4, -2, -0.4636476090008061, 4.47213595499958
545, 42, 99, 370, 98, 371, 1, -1, -0.7853981633974483, 1.4142135623730951
545, 44, 449, 124, 447, 125, 2, -1, -0.4636476090008061, 2.23606797749979
545, 46, 422, 103, 420, 103, 2, 0, 0.0, 2.0
545, 47, 554, 80, 552, 81, 2, -1, -0.4636476090008061, 2.23606797749979
545, 50, 536, 364, 535, 365, 1, -1, -0.7853981633974483, 1.4142135623730951
545, 52, 485, 404, 483, 404, 2, 0, 0.0, 2.0
545, 53, 447, 391, 446, 392, 1, -1, -0.7853981633974483, 1.4142135623730951
545, 55, 11, 144, 10, 145, 1, -1, -0.7853981633974483, 1.4142135623730951
546, 2, 139, 170, 138, 171, 1, -1, -0.7853981633974483, 1.4142135623730951
546, 4, 96, 86, 95, 87, 1, -1, -0.7853981633974483, 1.4142135623730951
546, 9, 223, 169, 222, 171, 1, -2, -1.1071487177940904, 2.23606797749979
546, 10, 51, 376, 50, 377, 1, -1, -0.7853981633974483, 1.4142135623730951
546, 11, 8, 403, 7, 404, 1, -1, -0.7853981633974483, 1.4142135623730951
546, 15, 80, 144, 79, 145, 1, -1, -0.7853981633974483, 1.4142135623730951
546, 16, 61, 126, 60, 127, 1, -1, -0.7853981633974483, 1.4142135623730951
546, 17, 259, 404, 258, 405, 1, -1, -0.7853981633974483, 1.4142135623730951
546, 18, 200, 152, 199, 153, 1, -1, -0.7853981633974483, 1.4142135623730951
546, 19, 47, 302, 46, 303, 1, -1, -0.7853981633974483, 1.4142135623730951
546, 20, 85, 330, 84, 331, 1, -1, -0.7853981633974483, 1.4142135623730951
546, 21, 234, 149, 233, 150, 1, -1, -0.7853981633974483, 1.4142135623730951
546, 22, 305, 125, 304, 126, 1, -1, -0.7853981633974483, 1.4142135623730951
546, 23, 388, 86, 386, 86, 2, 0, 0.0, 2.0
546, 26, 130, 313, 129, 315, 1, -2, -1.1071487177940904, 2.23606797749979
546, 27, 254, 383, 252, 383, 2, 0, 0.0, 2.0
546, 33, 398, 353, 397, 354, 1, -1, -0.7853981633974483, 1.4142135623730951
546, 34, 87, 145, 86, 146, 1, -1, -0.7853981633974483, 1.4142135623730951
546, 35, 489, 125, 487, 125, 2, 0, 0.0, 2.0
546, 36, 500, 70, 498, 71, 2, -1, -0.4636476090008061, 2.23606797749979
546, 37, 577, 351, 575, 351, 2, 0, 0.0, 2.0
546, 38, 587, 396, 584, 396, 3, 0, 0.0, 3.0
546, 39, 562, 400, 560, 400, 2, 0, 0.0, 2.0
546, 40, 100, 369, 99, 370, 1, -1, -0.7853981633974483, 1.4142135623730951
546, 42, 451, 123, 449, 124, 2, -1, -0.4636476090008061, 2.23606797749979
546, 45, 556, 80, 554, 80, 2, 0, 0.0, 2.0
546, 47, 209, 130, 208, 131, 1, -1, -0.7853981633974483, 1.4142135623730951
546, 48, 537, 363, 536, 364, 1, -1, -0.7853981633974483, 1.4142135623730951
546, 49, 487, 403, 485, 404, 2, -1, -0.4636476090008061, 2.23606797749979
546, 50, 448, 390, 447, 391, 1, -1, -0.7853981633974483, 1.4142135623730951
546, 52, 12, 143, 11, 144, 1, -1, -0.7853981633974483, 1.4142135623730951
547, 0, 235, 97, 234, 98, 1, -1, -0.7853981633974483, 1.4142135623730951
547, 1, 291, 354, 290, 355, 1, -1, -0.7853981633974483, 1.4142135623730951
547, 10, 52, 375, 51, 376, 1, -1, -0.7853981633974483, 1.4142135623730951
547, 11, 9, 402, 8, 403, 1, -1, -0.7853981633974483, 1.4142135623730951
547, 13, 355, 97, 354, 98, 1, -1, -0.7853981633974483, 1.4142135623730951
547, 15, 81, 143, 80, 144, 1, -1, -0.7853981633974483, 1.4142135623730951
547, 16, 62, 125, 61, 126, 1, -1, -0.7853981633974483, 1.4142135623730951
547, 17, 260, 403, 259, 404, 1, -1, -0.7853981633974483, 1.4142135623730951
547, 18, 201, 151, 200, 152, 1, -1, -0.7853981633974483, 1.4142135623730951
547, 19, 48, 301, 47, 302, 1, -1, -0.7853981633974483, 1.4142135623730951
547, 20, 86, 329, 85, 330, 1, -1, -0.7853981633974483, 1.4142135623730951
547, 24, 326, 96, 325, 97, 1, -1, -0.7853981633974483, 1.4142135623730951
547, 25, 108, 92, 107, 93, 1, -1, -0.7853981633974483, 1.4142135623730951
547, 27, 255, 382, 254, 383, 1, -1, -0.7853981633974483, 1.4142135623730951
547, 28, 227, 405, 226, 406, 1, -1, -0.7853981633974483, 1.4142135623730951
547, 33, 88, 144, 87, 145, 1, -1, -0.7853981633974483, 1.4142135623730951
547, 34, 491, 125, 489, 125, 2, 0, 0.0, 2.0
547, 36, 579, 350, 577, 351, 2, -1, -0.4636476090008061, 2.23606797749979
547, 37, 588, 395, 587, 396, 1, -1, -0.7853981633974483, 1.4142135623730951
547, 38, 564, 400, 562, 400, 2, 0, 0.0, 2.0
547, 41, 453, 122, 451, 123, 2, -1, -0.4636476090008061, 2.23606797749979
547, 43, 425, 103, 423, 103, 2, 0, 0.0, 2.0
547, 45, 148, 173, 147, 174, 1, -1, -0.7853981633974483, 1.4142135623730951
547, 47, 538, 362, 537, 363, 1, -1, -0.7853981633974483, 1.4142135623730951
547, 48, 489, 402, 487, 403, 2, -1, -0.4636476090008061, 2.23606797749979
547, 51, 13, 142, 12, 143, 1, -1, -0.7853981633974483, 1.4142135623730951
548, 1, 292, 353, 291, 354, 1, -1, -0.7853981633974483, 1.4142135623730951
548, 2, 140, 169, 139, 170, 1, -1, -0.7853981633974483, 1.4142135623730951
548, 9, 224, 167, 223, 168, 1, -1, -0.7853981633974483, 1.4142135623730951
548, 10, 53, 374, 52, 375, 1, -1, -0.7853981633974483, 1.4142135623730951
548, 11, 10, 401, 9, 402, 1, -1, -0.7853981633974483, 1.4142135623730951
548, 13, 356, 96, 355, 97, 1, -1, -0.7853981633974483, 1.4142135623730951
548, 15, 82, 142, 81, 143, 1, -1, -0.7853981633974483, 1.4142135623730951
548, 18, 202, 150, 201, 151, 1, -1, -0.7853981633974483, 1.4142135623730951
548, 19, 49, 300, 48, 301, 1, -1, -0.7853981633974483, 1.4142135623730951
548, 20, 87, 328, 86, 329, 1, -1, -0.7853981633974483, 1.4142135623730951
548, 25, 109, 91, 108, 92, 1, -1, -0.7853981633974483, 1.4142135623730951
548, 26, 131, 311, 130, 312, 1, -1, -0.7853981633974483, 1.4142135623730951
548, 27, 257, 381, 255, 382, 2, -1, -0.4636476090008061, 2.23606797749979
548, 32, 401, 352, 399, 353, 2, -1, -0.4636476090008061, 2.23606797749979
548, 35, 503, 70, 501, 70, 2, 0, 0.0, 2.0
548, 36, 580, 349, 579, 350, 1, -1, -0.7853981633974483, 1.4142135623730951
548, 41, 454, 121, 453, 122, 1, -1, -0.7853981633974483, 1.4142135623730951
548, 43, 427, 102, 425, 103, 2, -1, -0.4636476090008061, 2.23606797749979
548, 47, 539, 360, 538, 362, 1, -2, -1.1071487177940904, 2.23606797749979
548, 48, 490, 401, 489, 402, 1, -1, -0.7853981633974483, 1.4142135623730951
548, 51, 14, 141, 13, 142, 1, -1, -0.7853981633974483, 1.4142135623730951
549, 0, 236, 95, 235, 97, 1, -2, -1.1071487177940904, 2.23606797749979
549, 3, 350, 70, 349, 71, 1, -1, -0.7853981633974483, 1.4142135623730951
549, 4, 97, 84, 96, 85, 1, -1, -0.7853981633974483, 1.4142135623730951
549, 10, 55, 373, 53, 374, 2, -1, -0.4636476090008061, 2.23606797749979
549, 12, 162, 69, 160, 71, 2, -2, -0.7853981633974483, 2.8284271247461903
549, 13, 358, 95, 356, 96, 2, -1, -0.4636476090008061, 2.23606797749979
549, 15, 83, 141, 82, 142, 1, -1, -0.7853981633974483, 1.4142135623730951
549, 16, 63, 124, 62, 125, 1, -1, -0.7853981633974483, 1.4142135623730951
549, 18, 203, 149, 202, 150, 1, -1, -0.7853981633974483, 1.4142135623730951
549, 19, 50, 299, 49, 300, 1, -1, -0.7853981633974483, 1.4142135623730951
549, 20, 88, 327, 87, 328, 1, -1, -0.7853981633974483, 1.4142135623730951
549, 21, 236, 146, 235, 148, 1, -2, -1.1071487177940904, 2.23606797749979
549, 22, 309, 124, 307, 125, 2, -1, -0.4636476090008061, 2.23606797749979
549, 24, 328, 95, 327, 96, 1, -1, -0.7853981633974483, 1.4142135623730951
549, 27, 259, 380, 257, 381, 2, -1, -0.4636476090008061, 2.23606797749979
549, 32, 402, 351, 401, 352, 1, -1, -0.7853981633974483, 1.4142135623730951
549, 33, 90, 143, 89, 144, 1, -1, -0.7853981633974483, 1.4142135623730951
549, 36, 582, 349, 580, 349, 2, 0, 0.0, 2.0
549, 37, 591, 394, 589, 395, 2, -1, -0.4636476090008061, 2.23606797749979
549, 38, 566, 399, 565, 400, 1, -1, -0.7853981633974483, 1.4142135623730951
549, 41, 455, 120, 454, 121, 1, -1, -0.7853981633974483, 1.4142135623730951
549, 42, 298, 93, 296, 93, 2, 0, 0.0, 2.0
549, 45, 149, 171, 148, 172, 1, -1, -0.7853981633974483, 1.4142135623730951
549, 46, 210, 127, 209, 128, 1, -1, -0.7853981633974483, 1.4142135623730951
549, 47, 543, 358, 539, 360, 4, -2, -0.4636476090008061, 4.47213595499958
549, 48, 492, 401, 490, 401, 2, 0, 0.0, 2.0
549, 49, 449, 388, 448, 389, 1, -1, -0.7853981633974483, 1.4142135623730951
549, 50, 149, 97, 148, 98, 1, -1, -0.7853981633974483, 1.4142135623730951
549, 51, 15, 140, 14, 141, 1, -1, -0.7853981633974483, 1.4142135623730951
550, 1, 292, 355, 291, 356, 1, -1, -0.7853981633974483, 1.4142135623730951
550, 6, 124, 404, 123, 405, 1, -1, -0.7853981633974483, 1.4142135623730951
550, 16, 359, 99, 358, 100, 1, -1, -0.7853981633974483, 1.4142135623730951
550, 17, 259, 385, 258, 386, 1, -1, -0.7853981633974483, 1.4142135623730951
550, 18, 454, 123, 452, 124, 2, -1, -0.4636476090008061, 2.23606797749979
550, 20, 83, 144, 82, 145, 1, -1, -0.7853981633974483, 1.4142135623730951
550, 23, 505, 105, 503, 105, 2, 0, 0.0, 2.0
550, 33, 55, 376, 54, 377, 1, -1, -0.7853981633974483, 1.4142135623730951
550, 36, 156, 329, 155, 330, 1, -1, -0.7853981633974483, 1.4142135623730951
550, 41, 323, 106, 322, 107, 1, -1, -0.7853981633974483, 1.4142135623730951
550, 42, 581, 353, 579, 353, 2, 0, 0.0, 2.0
550, 44, 427, 103, 425, 103, 2, 0, 0.0, 2.0
550, 45, 201, 152, 200, 153, 1, -1, -0.7853981633974483, 1.4142135623730951
550, 46, 15, 144, 14, 145, 1, -1, -0.7853981633974483, 1.4142135623730951
550, 47, 103, 369, 102, 370, 1, -1, -0.7853981633974483, 1.4142135623730951
550, 48, 51, 302, 50, 303, 1, -1, -0.7853981633974483, 1.4142135623730951
550, 50, 231, 105, 231, 107, 0, -2, -1.5707963267948966, 2.0
550, 51, 155, 396, 154, 397, 1, -1, -0.7853981633974483, 1.4142135623730951
550, 52, 233, 395, 231, 396, 2, -1, -0.4636476090008061, 2.23606797749979
550, 55, 590, 395, 588, 396, 2, -1, -0.4636476090008061, 2.23606797749979
550, 60, 5, 185, 4, 186, 1, -1, -0.7853981633974483, 1.4142135623730951
550, 63, 253, 398, 252, 399, 1, -1, -0.7853981633974483, 1.4142135623730951
550, 65, 381, 95, 380, 96, 1, -1, -0.7853981633974483, 1.4142135623730951
550, 70, 624, 351, 622, 351, 2, 0, 0.0, 2.0
550, 76, 492, 127, 490, 127, 2, 0, 0.0, 2.0
551, 1, 294, 355, 292, 355, 2, 0, 0.0, 2.0
551, 3, 350, 73, 349, 74, 1, -1, -0.7853981633974483, 1.4142135623730951
551, 4, 230, 404, 229, 405, 1, -1, -0.7853981633974483, 1.4142135623730951
551, 12, 330, 97, 329, 98, 1, -1, -0.7853981633974483, 1.4142135623730951
551, 15, 361, 98, 359, 99, 2, -1, -0.4636476090008061, 2.23606797749979
551, 16, 261, 384, 259, 385, 2, -1, -0.4636476090008061, 2.23606797749979
551, 17, 456, 122, 454, 123, 2, -1, -0.4636476090008061, 2.23606797749979
551, 19, 84, 143, 83, 144, 1, -1, -0.7853981633974483, 1.4142135623730951
551, 21, 560, 80, 558, 80, 2, 0, 0.0, 2.0
551, 38, 157, 349, 156, 350, 1, -1, -0.7853981633974483, 1.4142135623730951
551, 39, 224, 169, 223, 170, 1, -1, -0.7853981633974483, 1.4142135623730951
551, 41, 583, 353, 581, 353, 2, 0, 0.0, 2.0
551, 43, 429, 103, 427, 103, 2, 0, 0.0, 2.0
551, 44, 202, 151, 201, 152, 1, -1, -0.7853981633974483, 1.4142135623730951
551, 45, 16, 143, 15, 144, 1, -1, -0.7853981633974483, 1.4142135623730951
551, 46, 104, 368, 103, 369, 1, -1, -0.7853981633974483, 1.4142135623730951
551, 50, 156, 395, 155, 396, 1, -1, -0.7853981633974483, 1.4142135623730951
551, 51, 235, 395, 233, 395, 2, 0, 0.0, 2.0
551, 52, 236, 149, 235, 150, 1, -1, -0.7853981633974483, 1.4142135623730951
551, 54, 592, 394, 590, 395, 2, -1, -0.4636476090008061, 2.23606797749979
551, 56, 508, 76, 506, 76, 2, 0, 0.0, 2.0
551, 58, 6, 184, 5, 185, 1, -1, -0.7853981633974483, 1.4142135623730951
551, 61, 254, 397, 253, 398, 1, -1, -0.7853981633974483, 1.4142135623730951
551, 63, 382, 94, 381, 95, 1, -1, -0.7853981633974483, 1.4142135623730951
551, 64, 252, 130, 251, 131, 1, -1, -0.7853981633974483, 1.4142135623730951
551, 69, 296, 347, 295, 348, 1, -1, -0.7853981633974483, 1.4142135623730951
551, 73, 318, 400, 317, 401, 1, -1, -0.7853981633974483, 1.4142135623730951
551, 74, 494, 127, 492, 127, 2, 0, 0.0, 2.0
552, 2, 145, 171, 144, 172, 1, -1, -0.7853981633974483, 1.4142135623730951
552, 8, 13, 404, 12, 405, 1, -1, -0.7853981633974483, 1.4142135623730951
552, 15, 363, 97, 361, 98, 2, -1, -0.4636476090008061, 2.23606797749979
552, 16, 262, 383, 261, 384, 1, -1, -0.7853981633974483, 1.4142135623730951
552, 17, 457, 121, 456, 122, 1, -1, -0.7853981633974483, 1.4142135623730951
552, 19, 85, 142, 84, 143, 1, -1, -0.7853981633974483, 1.4142135623730951
552, 20, 311, 127, 310, 128, 1, -1, -0.7853981633974483, 1.4142135623730951
552, 21, 563, 79, 560, 80, 3, -1, -0.3217505543966422, 3.1622776601683795
552, 23, 87, 330, 86, 331, 1, -1, -0.7853981633974483, 1.4142135623730951
552, 27, 64, 126, 63, 127, 1, -1, -0.7853981633974483, 1.4142135623730951
552, 30, 148, 407, 147, 408, 1, -1, -0.7853981633974483, 1.4142135623730951
552, 31, 439, 352, 438, 353, 1, -1, -0.7853981633974483, 1.4142135623730951
552, 32, 57, 375, 56, 376, 1, -1, -0.7853981633974483, 1.4142135623730951
552, 33, 393, 86, 392, 87, 1, -1, -0.7853981633974483, 1.4142135623730951
552, 39, 225, 168, 224, 169, 1, -1, -0.7853981633974483, 1.4142135623730951
552, 40, 326, 106, 324, 106, 2, 0, 0.0, 2.0
552, 41, 585, 352, 583, 353, 2, -1, -0.4636476090008061, 2.23606797749979
552, 43, 431, 103, 429, 103, 2, 0, 0.0, 2.0
552, 44, 203, 150, 202, 151, 1, -1, -0.7853981633974483, 1.4142135623730951
552, 45, 17, 142, 16, 143, 1, -1, -0.7853981633974483, 1.4142135623730951
552, 46, 105, 367, 104, 368, 1, -1, -0.7853981633974483, 1.4142135623730951
552, 48, 344, 77, 343, 78, 1, -1, -0.7853981633974483, 1.4142135623730951
552, 50, 158, 394, 156, 395, 2, -1, -0.4636476090008061, 2.23606797749979
552, 54, 594, 393, 592, 394, 2, -1, -0.4636476090008061, 2.23606797749979
552, 56, 512, 75, 508, 76, 4, -1, -0.24497866312686414, 4.123105625617661
552, 58, 7, 183, 6, 184, 1, -1, -0.7853981633974483, 1.4142135623730951
552, 59, 160, 377, 159, 378, 1, -1, -0.7853981633974483, 1.4142135623730951
552, 61, 255, 396, 254, 397, 1, -1, -0.7853981633974483, 1.4142135623730951
552, 63, 384, 94, 382, 94, 2, 0, 0.0, 2.0
552, 64, 252, 128, 252, 130, 0, -2, -1.5707963267948966, 2.0
552, 68, 626, 352, 625, 351, 1, 1, 0.7853981633974483, 1.4142135623730951
552, 69, 297, 346, 296, 347, 1, -1, -0.7853981633974483, 1.4142135623730951
552, 71, 188, 309, 187, 310, 1, -1, -0.7853981633974483, 1.4142135623730951
552, 74, 498, 126, 494, 127, 4, -1, -0.24497866312686414, 4.123105625617661
553, 0, 239, 97, 238, 98, 1, -1, -0.7853981633974483, 1.4142135623730951
553, 3, 352, 72, 351, 73, 1, -1, -0.7853981633974483, 1.4142135623730951
553, 5, 205, 406, 202, 407, 3, -1, -0.3217505543966422, 3.1622776601683795
553, 8, 14, 403, 13, 404, 1, -1, -0.7853981633974483, 1.4142135623730951
553, 9, 99, 87, 98, 88, 1, -1, -0.7853981633974483, 1.4142135623730951
553, 10, 424, 72, 420, 73, 4, -1, -0.24497866312686414, 4.123105625617661
553, 12, 332, 96, 331, 97, 1, -1, -0.7853981633974483, 1.4142135623730951
553, 13, 262, 403, 261, 404, 1, -1, -0.7853981633974483, 1.4142135623730951
553, 14, 120, 68, 118, 69, 2, -1, -0.4636476090008061, 2.23606797749979
553, 15, 365, 96, 363, 97, 2, -1, -0.4636476090008061, 2.23606797749979
553, 16, 264, 382, 262, 383, 2, -1, -0.4636476090008061, 2.23606797749979
553, 17, 458, 120, 457, 121, 1, -1, -0.7853981633974483, 1.4142135623730951
553, 18, 270, 104, 270, 102, 0, 2, 1.5707963267948966, 2.0
553, 20, 314, 127, 311, 127, 3, 0, 0.0, 3.0
553, 25, 204, 158, 203, 159, 1, -1, -0.7853981633974483, 1.4142135623730951
553, 30, 151, 406, 148, 407, 3, -1, -0.3217505543966422, 3.1622776601683795
553, 31, 441, 351, 439, 352, 2, -1, -0.4636476090008061, 2.23606797749979
553, 33, 394, 85, 393, 86, 1, -1, -0.7853981633974483, 1.4142135623730951
553, 34, 60, 153, 59, 152, 1, 1, 0.7853981633974483, 1.4142135623730951
553, 37, 459, 394, 457, 394, 2, 0, 0.0, 2.0
553, 40, 329, 106, 326, 106, 3, 0, 0.0, 3.0
553, 41, 589, 352, 585, 352, 4, 0, 0.0, 4.0
553, 43, 434, 102, 431, 103, 3, -1, -0.3217505543966422, 3.1622776601683795
553, 48, 346, 76, 344, 77, 2, -1, -0.4636476090008061, 2.23606797749979
553, 49, 232, 102, 231, 103, 1, -1, -0.7853981633974483, 1.4142135623730951
553, 52, 237, 148, 236, 149, 1, -1, -0.7853981633974483, 1.4142135623730951
553, 54, 596, 392, 594, 393, 2, -1, -0.4636476090008061, 2.23606797749979
553, 58, 8, 182, 7, 183, 1, -1, -0.7853981633974483, 1.4142135623730951
553, 61, 257, 395, 255, 396, 2, -1, -0.4636476090008061, 2.23606797749979
553, 62, 142, 96, 141, 97, 1, -1, -0.7853981633974483, 1.4142135623730951
553, 63, 386, 94, 384, 94, 2, 0, 0.0, 2.0
553, 64, 252, 126, 252, 128, 0, -2, -1.5707963267948966, 2.0
553, 68, 298, 345, 297, 346, 1, -1, -0.7853981633974483, 1.4142135623730951
553, 70, 191, 308, 188, 309, 3, -1, -0.3217505543966422, 3.1622776601683795
553, 73, 500, 125, 498, 126, 2, -1, -0.4636476090008061, 2.23606797749979
554, 1, 297, 354, 296, 355, 1, -1, -0.7853981633974483, 1.4142135623730951
554, 3, 353, 71, 352, 72, 1, -1, -0.7853981633974483, 1.4142135623730951
554, 8, 16, 403, 14, 403, 2, 0, 0.0, 2.0
554, 12, 334, 95, 332, 96, 2, -1, -0.4636476090008061, 2.23606797749979
554, 15, 367, 95, 365, 96, 2, -1, -0.4636476090008061, 2.23606797749979
554, 16, 266, 381, 264, 382, 2, -1, -0.4636476090008061, 2.23606797749979
554, 17, 460, 119, 458, 120, 2, -1, -0.4636476090008061, 2.23606797749979
554, 21, 566, 79, 564, 79, 2, 0, 0.0, 2.0
554, 22, 507, 103, 505, 103, 2, 0, 0.0, 2.0
554, 27, 66, 125, 65, 126, 1, -1, -0.7853981633974483, 1.4142135623730951
554, 28, 259, 332, 260, 331, -1, 1, 2.356194490192345, 1.4142135623730951
554, 30, 152, 405, 151, 406, 1, -1, -0.7853981633974483, 1.4142135623730951
554, 31, 442, 350, 441, 351, 1, -1, -0.7853981633974483, 1.4142135623730951
554, 32, 60, 375, 58, 375, 2, 0, 0.0, 2.0
554, 37, 461, 393, 459, 394, 2, -1, -0.4636476090008061, 2.23606797749979
554, 38, 157, 348, 156, 349, 1, -1, -0.7853981633974483, 1.4142135623730951
554, 40, 332, 106, 329, 106, 3, 0, 0.0, 3.0
554, 41, 592, 352, 589, 352, 3, 0, 0.0, 3.0
554, 42, 113, 139, 112, 141, 1, -2, -1.1071487177940904, 2.23606797749979
554, 43, 436, 102, 434, 102, 2, 0, 0.0, 2.0
554, 45, 19, 141, 18, 142, 1, -1, -0.7853981633974483, 1.4142135623730951
554, 46, 106, 366, 105, 367, 1, -1, -0.7853981633974483, 1.4142135623730951
554, 54, 599, 391, 596, 392, 3, -1, -0.3217505543966422, 3.1622776601683795
554, 57, 117, 112, 116, 113, 1, -1, -0.7853981633974483, 1.4142135623730951
554, 61, 259, 395, 257, 395, 2, 0, 0.0, 2.0
554, 62, 143, 95, 142, 96, 1, -1, -0.7853981633974483, 1.4142135623730951
554, 63, 388, 94, 386, 94, 2, 0, 0.0, 2.0
554, 67, 630, 352, 627, 352, 3, 0, 0.0, 3.0
554, 73, 502, 124, 500, 125, 2, -1, -0.4636476090008061, 2.23606797749979
555, 2, 354, 71, 353, 72, 1, -1, -0.7853981633974483, 1.4142135623730951
555, 5, 6, 180, 5, 181, 1, -1, -0.7853981633974483, 1.4142135623730951
555, 7, 102, 87, 101, 88, 1, -1, -0.7853981633974483, 1.4142135623730951
555, 8, 17, 404, 15, 405, 2, -1, -0.4636476090008061, 2.23606797749979
555, 11, 232, 400, 231, 401, 1, -1, -0.7853981633974483, 1.4142135623730951
555, 15, 335, 97, 333, 98, 2, -1, -0.4636476090008061, 2.23606797749979
555, 19, 397, 86, 395, 87, 2, -1, -0.4636476090008061, 2.23606797749979
555, 21, 152, 407, 151, 408, 1, -1, -0.7853981633974483, 1.4142135623730951
555, 23, 587, 353, 585, 353, 2, 0, 0.0, 2.0
555, 24, 459, 123, 457, 123, 2, 0, 0.0, 2.0
555, 25, 391, 99, 388, 99, 3, 0, 0.0, 3.0
555, 27, 365, 98, 363, 99, 2, -1, -0.4636476090008061, 2.23606797749979
555, 29, 55, 305, 53, 305, 2, 0, 0.0, 2.0
555, 35, 68, 128, 66, 128, 2, 0, 0.0, 2.0
555, 36, 461, 394, 459, 394, 2, 0, 0.0, 2.0
555, 37, 86, 144, 85, 145, 1, -1, -0.7853981633974483, 1.4142135623730951
555, 39, 205, 151, 204, 152, 1, -1, -0.7853981633974483, 1.4142135623730951
555, 40, 446, 352, 444, 353, 2, -1, -0.4636476090008061, 2.23606797749979
555, 41, 312, 123, 310, 124, 2, -1, -0.4636476090008061, 2.23606797749979
555, 42, 397, 94, 395, 94, 2, 0, 0.0, 2.0
555, 44, 264, 384, 263, 385, 1, -1, -0.7853981633974483, 1.4142135623730951
555, 46, 332, 108, 329, 108, 3, 0, 0.0, 3.0
555, 48, 595, 396, 593, 396, 2, 0, 0.0, 2.0
555, 59, 239, 148, 238, 149, 1, -1, -0.7853981633974483, 1.4142135623730951
555, 62, 313, 132, 311, 133, 2, -1, -0.4636476090008061, 2.23606797749979
555, 69, 474, 98, 472, 99, 2, -1, -0.4636476090008061, 2.23606797749979
555, 74, 570, 401, 568, 402, 2, -1, -0.4636476090008061, 2.23606797749979
556, 0, 241, 97, 240, 98, 1, -1, -0.7853981633974483, 1.4142135623730951
556, 2, 355, 70, 354, 71, 1, -1, -0.7853981633974483, 1.4142135623730951
556, 3, 146, 171, 145, 172, 1, -1, -0.7853981633974483, 1.4142135623730951
556, 5, 7, 179, 6, 180, 1, -1, -0.7853981633974483, 1.4142135623730951
556, 12, 56, 376, 55, 377, 1, -1, -0.7853981633974483, 1.4142135623730951
556, 13, 227, 169, 226, 170, 1, -1, -0.7853981633974483, 1.4142135623730951
556, 15, 337, 96, 335, 97, 2, -1, -0.4636476090008061, 2.23606797749979
556, 19, 399, 86, 397, 86, 2, 0, 0.0, 2.0
556, 22, 238, 318, 237, 317, 1, 1, 0.7853981633974483, 1.4142135623730951
556, 23, 589, 352, 587, 353, 2, -1, -0.4636476090008061, 2.23606797749979
556, 24, 461, 122, 459, 123, 2, -1, -0.4636476090008061, 2.23606797749979
556, 25, 394, 99, 391, 99, 3, 0, 0.0, 3.0
556, 29, 56, 304, 55, 305, 1, -1, -0.7853981633974483, 1.4142135623730951
556, 30, 21, 143, 20, 144, 1, -1, -0.7853981633974483, 1.4142135623730951
556, 34, 182, 159, 181, 160, 1, -1, -0.7853981633974483, 1.4142135623730951
556, 39, 448, 352, 446, 352, 2, 0, 0.0, 2.0
556, 40, 314, 123, 312, 123, 2, 0, 0.0, 2.0
556, 41, 398, 93, 397, 94, 1, -1, -0.7853981633974483, 1.4142135623730951
556, 43, 266, 383, 264, 384, 2, -1, -0.4636476090008061, 2.23606797749979
556, 45, 335, 108, 332, 108, 3, 0, 0.0, 3.0
556, 46, 598, 395, 595, 396, 3, -1, -0.3217505543966422, 3.1622776601683795
556, 51, 118, 71, 120, 70, -2, 1, 2.677945044588987, 2.23606797749979
556, 53, 145, 96, 144, 97, 1, -1, -0.7853981633974483, 1.4142135623730951
556, 58, 537, 360, 534, 362, 3, -2, -0.5880026035475675, 3.605551275463989
556, 59, 614, 354, 612, 355, 2, -1, -0.4636476090008061, 2.23606797749979
556, 60, 315, 131, 313, 132, 2, -1, -0.4636476090008061, 2.23606797749979
556, 61, 218, 330, 217, 331, 1, -1, -0.7853981633974483, 1.4142135623730951
556, 63, 64, 317, 63, 318, 1, -1, -0.7853981633974483, 1.4142135623730951
556, 65, 159, 328, 158, 329, 1, -1, -0.7853981633974483, 1.4142135623730951
556, 67, 476, 97, 474, 98, 2, -1, -0.4636476090008061, 2.23606797749979
556, 72, 572, 401, 570, 401, 2, 0, 0.0, 2.0
557, 3, 147, 170, 146, 171, 1, -1, -0.7853981633974483, 1.4142135623730951
557, 5, 8, 178, 7, 179, 1, -1, -0.7853981633974483, 1.4142135623730951
557, 7, 103, 85, 102, 86, 1, -1, -0.7853981633974483, 1.4142135623730951
557, 11, 233, 399, 232, 400, 1, -1, -0.7853981633974483, 1.4142135623730951
557, 15, 338, 95, 337, 96, 1, -1, -0.7853981633974483, 1.4142135623730951
557, 19, 401, 85, 399, 86, 2, -1, -0.4636476090008061, 2.23606797749979
557, 21, 153, 406, 152, 407, 1, -1, -0.7853981633974483, 1.4142135623730951
557, 23, 591, 351, 589, 352, 2, -1, -0.4636476090008061, 2.23606797749979
557, 24, 463, 121, 461, 122, 2, -1, -0.4636476090008061, 2.23606797749979
557, 25, 397, 98, 394, 99, 3, -1, -0.3217505543966422, 3.1622776601683795
557, 27, 368, 98, 366, 98, 2, 0, 0.0, 2.0
557, 29, 57, 303, 56, 304, 1, -1, -0.7853981633974483, 1.4142135623730951
557, 33, 409, 351, 407, 352, 2, -1, -0.4636476090008061, 2.23606797749979
557, 35, 464, 394, 462, 394, 2, 0, 0.0, 2.0
557, 40, 316, 123, 314, 123, 2, 0, 0.0, 2.0
557, 41, 399, 92, 398, 93, 1, -1, -0.7853981633974483, 1.4142135623730951
557, 43, 268, 382, 266, 383, 2, -1, -0.4636476090008061, 2.23606797749979
557, 45, 338, 107, 335, 108, 3, -1, -0.3217505543966422, 3.1622776601683795
557, 46, 599, 394, 598, 395, 1, -1, -0.7853981633974483, 1.4142135623730951
557, 47, 569, 82, 567, 82, 2, 0, 0.0, 2.0
557, 52, 196, 306, 195, 307, 1, -1, -0.7853981633974483, 1.4142135623730951
557, 53, 146, 95, 145, 96, 1, -1, -0.7853981633974483, 1.4142135623730951
557, 57, 241, 147, 240, 148, 1, -1, -0.7853981633974483, 1.4142135623730951
557, 58, 542, 357, 537, 360, 5, -3, -0.5404195002705842, 5.830951894845301
557, 60, 317, 131, 315, 131, 2, 0, 0.0, 2.0
557, 61, 219, 329, 218, 330, 1, -1, -0.7853981633974483, 1.4142135623730951
557, 62, 348, 375, 347, 376, 1, -1, -0.7853981633974483, 1.4142135623730951
557, 64, 160, 395, 159, 396, 1, -1, -0.7853981633974483, 1.4142135623730951
557, 67, 477, 96, 476, 97, 1, -1, -0.7853981633974483, 1.4142135623730951
557, 69, 124, 113, 123, 114, 1, -1, -0.7853981633974483, 1.4142135623730951
557, 72, 574, 400, 572, 401, 2, -1, -0.4636476090008061, 2.23606797749979
558, 0, 242, 96, 241, 97, 1, -1, -0.7853981633974483, 1.4142135623730951
558, 1, 299, 356, 297, 356, 2, 0, 0.0, 2.0
558, 10, 208, 407, 207, 408, 1, -1, -0.7853981633974483, 1.4142135623730951
558, 13, 228, 168, 227, 169, 1, -1, -0.7853981633974483, 1.4142135623730951
558, 15, 340, 94, 338, 95, 2, -1, -0.4636476090008061, 2.23606797749979
558, 16, 263, 406, 262, 407, 1, -1, -0.7853981633974483, 1.4142135623730951
558, 19, 403, 84, 401, 85, 2, -1, -0.4636476090008061, 2.23606797749979
558, 21, 154, 405, 153, 406, 1, -1, -0.7853981633974483, 1.4142135623730951
558, 23, 593, 350, 591, 351, 2, -1, -0.4636476090008061, 2.23606797749979
558, 24, 465, 121, 463, 121, 2, 0, 0.0, 2.0
558, 25, 398, 97, 397, 98, 1, -1, -0.7853981633974483, 1.4142135623730951
558, 29, 58, 302, 57, 303, 1, -1, -0.7853981633974483, 1.4142135623730951
558, 30, 23, 142, 22, 143, 1, -1, -0.7853981633974483, 1.4142135623730951
558, 33, 411, 351, 409, 351, 2, 0, 0.0, 2.0
558, 35, 466, 394, 464, 394, 2, 0, 0.0, 2.0
558, 39, 450, 351, 449, 352, 1, -1, -0.7853981633974483, 1.4142135623730951
558, 41, 400, 91, 399, 92, 1, -1, -0.7853981633974483, 1.4142135623730951
558, 42, 516, 73, 515, 74, 1, -1, -0.7853981633974483, 1.4142135623730951
558, 43, 270, 381, 268, 382, 2, -1, -0.4636476090008061, 2.23606797749979
558, 45, 340, 106, 338, 107, 2, -1, -0.4636476090008061, 2.23606797749979
558, 46, 601, 393, 599, 394, 2, -1, -0.4636476090008061, 2.23606797749979
558, 47, 570, 81, 569, 82, 1, -1, -0.7853981633974483, 1.4142135623730951
558, 55, 118, 139, 117, 140, 1, -1, -0.7853981633974483, 1.4142135623730951
558, 58, 547, 355, 542, 357, 5, -2, -0.3805063771123649, 5.385164807134504
558, 60, 318, 130, 317, 131, 1, -1, -0.7853981633974483, 1.4142135623730951
558, 63, 67, 317, 65, 317, 2, 0, 0.0, 2.0
558, 64, 161, 394, 160, 395, 1, -1, -0.7853981633974483, 1.4142135623730951
558, 69, 125, 112, 124, 113, 1, -1, -0.7853981633974483, 1.4142135623730951
558, 70, 294, 403, 292, 403, 2, 0, 0.0, 2.0
558, 72, 575, 399, 574, 400, 1, -1, -0.7853981633974483, 1.4142135623730951
559, 5, 11, 178, 9, 178, 2, 0, 0.0, 2.0
559, 7, 103, 82, 103, 84, 0, -2, -1.5707963267948966, 2.0
559, 9, 217, 336, 217, 338, 0, -2, -1.5707963267948966, 2.0
559, 11, 234, 398, 233, 399, 1, -1, -0.7853981633974483, 1.4142135623730951
559, 12, 59, 375, 58, 376, 1, -1, -0.7853981633974483, 1.4142135623730951
559, 13, 229, 167, 228, 168, 1, -1, -0.7853981633974483, 1.4142135623730951
559, 15, 341, 91, 340, 94, 1, -3, -1.2490457723982544, 3.1622776601683795
559, 18, 115, 92, 114, 93, 1, -1, -0.7853981633974483, 1.4142135623730951
559, 19, 404, 82, 403, 84, 1, -2, -1.1071487177940904, 2.23606797749979
559, 23, 595, 350, 593, 350, 2, 0, 0.0, 2.0
559, 24, 467, 121, 465, 121, 2, 0, 0.0, 2.0
559, 25, 398, 95, 398, 97, 0, -2, -1.5707963267948966, 2.0
559, 28, 428, 74, 426, 74, 2, 0, 0.0, 2.0
559, 29, 59, 301, 58, 302, 1, -1, -0.7853981633974483, 1.4142135623730951
559, 33, 413, 351, 411, 351, 2, 0, 0.0, 2.0
559, 34, 184, 158, 183, 159, 1, -1, -0.7853981633974483, 1.4142135623730951
559, 40, 319, 123, 317, 123, 2, 0, 0.0, 2.0
559, 41, 401, 88, 400, 91, 1, -3, -1.2490457723982544, 3.1622776601683795
559, 42, 518, 72, 516, 73, 2, -1, -0.4636476090008061, 2.23606797749979
559, 43, 272, 380, 270, 381, 2, -1, -0.4636476090008061, 2.23606797749979
559, 45, 343, 103, 340, 106, 3, -3, -0.7853981633974483, 4.242640687119285
559, 46, 604, 392, 601, 393, 3, -1, -0.3217505543966422, 3.1622776601683795
559, 47, 572, 80, 570, 81, 2, -1, -0.4636476090008061, 2.23606797749979
559, 49, 302, 348, 301, 349, 1, -1, -0.7853981633974483, 1.4142135623730951
559, 50, 137, 314, 136, 315, 1, -1, -0.7853981633974483, 1.4142135623730951
559, 53, 147, 92, 146, 94, 1, -2, -1.1071487177940904, 2.23606797749979
559, 54, 70, 328, 69, 329, 1, -1, -0.7853981633974483, 1.4142135623730951
559, 58, 551, 354, 547, 355, 4, -1, -0.24497866312686414, 4.123105625617661
559, 59, 613, 353, 615, 354, -2, -1, -2.677945044588987, 2.23606797749979
559, 60, 320, 129, 318, 130, 2, -1, -0.4636476090008061, 2.23606797749979
559, 61, 220, 325, 219, 328, 1, -3, -1.2490457723982544, 3.1622776601683795
559, 63, 70, 316, 67, 317, 3, -1, -0.3217505543966422, 3.1622776601683795
559, 66, 284, 118, 282, 118, 2, 0, 0.0, 2.0
559, 67, 480, 96, 478, 96, 2, 0, 0.0, 2.0
559, 68, 345, 128, 344, 129, 1, -1, -0.7853981633974483, 1.4142135623730951
559, 70, 296, 402, 294, 403, 2, -1, -0.4636476090008061, 2.23606797749979
559, 72, 577, 399, 575, 399, 2, 0, 0.0, 2.0
560, 1, 300, 355, 299, 356, 1, -1, -0.7853981633974483, 1.4142135623730951
560, 8, 128, 404, 127, 405, 1, -1, -0.7853981633974483, 1.4142135623730951
560, 17, 370, 100, 368, 100, 2, 0, 0.0, 2.0
560, 21, 273, 381, 271, 382, 2, -1, -0.4636476090008061, 2.23606797749979
560, 23, 267, 101, 266, 102, 1, -1, -0.7853981633974483, 1.4142135623730951
560, 24, 311, 128, 310, 129, 1, -1, -0.7853981633974483, 1.4142135623730951
560, 26, 89, 330, 88, 331, 1, -1, -0.7853981633974483, 1.4142135623730951
560, 29, 450, 353, 448, 354, 2, -1, -0.4636476090008061, 2.23606797749979
560, 32, 338, 96, 336, 96, 2, 0, 0.0, 2.0
560, 33, 137, 117, 136, 118, 1, -1, -0.7853981633974483, 1.4142135623730951
560, 34, 576, 401, 574, 401, 2, 0, 0.0, 2.0
560, 35, 461, 131, 459, 132, 2, -1, -0.4636476090008061, 2.23606797749979
560, 40, 602, 396, 600, 396, 2, 0, 0.0, 2.0
560, 41, 90, 144, 89, 145, 1, -1, -0.7853981633974483, 1.4142135623730951
560, 42, 572, 81, 569, 82, 3, -1, -0.3217505543966422, 3.1622776601683795
560, 44, 592, 351, 590, 352, 2, -1, -0.4636476090008061, 2.23606797749979
560, 47, 266, 406, 265, 407, 1, -1, -0.7853981633974483, 1.4142135623730951
560, 49, 69, 319, 67, 319, 2, 0, 0.0, 2.0
560, 50, 514, 72, 512, 72, 2, 0, 0.0, 2.0
560, 53, 465, 394, 463, 395, 2, -1, -0.4636476090008061, 2.23606797749979
560, 55, 31, 345, 29, 345, 2, 0, 0.0, 2.0
560, 59, 38, 333, 37, 334, 1, -1, -0.7853981633974483, 1.4142135623730951
560, 60, 133, 144, 132, 145, 1, -1, -0.7853981633974483, 1.4142135623730951
560, 63, 515, 109, 514, 111, 1, -2, -1.1071487177940904, 2.23606797749979
560, 64, 400, 79, 399, 80, 1, -1, -0.7853981633974483, 1.4142135623730951
560, 65, 413, 355, 411, 356, 2, -1, -0.4636476090008061, 2.23606797749979
560, 68, 341, 105, 339, 106, 2, -1, -0.4636476090008061, 2.23606797749979
560, 70, 168, 296, 167, 297, 1, -1, -0.7853981633974483, 1.4142135623730951
561, 1, 301, 354, 300, 355, 1, -1, -0.7853981633974483, 1.4142135623730951
561, 3, 7, 180, 6, 181, 1, -1, -0.7853981633974483, 1.4142135623730951
561, 14, 64, 377, 63, 378, 1, -1, -0.7853981633974483, 1.4142135623730951
561, 21, 274, 380, 273, 381, 1, -1, -0.7853981633974483, 1.4142135623730951
561, 23, 268, 100, 267, 101, 1, -1, -0.7853981633974483, 1.4142135623730951
561, 24, 312, 127, 311, 128, 1, -1, -0.7853981633974483, 1.4142135623730951
561, 27, 25, 144, 24, 145, 1, -1, -0.7853981633974483, 1.4142135623730951
561, 28, 204, 156, 203, 158, 1, -2, -1.1071487177940904, 2.23606797749979
561, 29, 452, 352, 450, 353, 2, -1, -0.4636476090008061, 2.23606797749979
561, 31, 340, 96, 338, 96, 2, 0, 0.0, 2.0
561, 32, 578, 400, 576, 401, 2, -1, -0.4636476090008061, 2.23606797749979
561, 33, 463, 131, 461, 131, 2, 0, 0.0, 2.0
561, 37, 429, 74, 427, 74, 2, 0, 0.0, 2.0
561, 38, 604, 395, 602, 396, 2, -1, -0.4636476090008061, 2.23606797749979
561, 40, 573, 80, 572, 81, 1, -1, -0.7853981633974483, 1.4142135623730951
561, 42, 595, 350, 592, 351, 3, -1, -0.3217505543966422, 3.1622776601683795
561, 43, 466, 124, 464, 124, 2, 0, 0.0, 2.0
561, 47, 71, 318, 69, 319, 2, -1, -0.4636476090008061, 2.23606797749979
561, 48, 516, 71, 514, 72, 2, -1, -0.4636476090008061, 2.23606797749979
561, 51, 467, 393, 465, 394, 2, -1, -0.4636476090008061, 2.23606797749979
561, 53, 35, 345, 31, 345, 4, 0, 0.0, 4.0
561, 61, 402, 79, 400, 79, 2, 0, 0.0, 2.0
561, 62, 414, 354, 413, 355, 1, -1, -0.7853981633974483, 1.4142135623730951
561, 63, 138, 315, 137, 316, 1, -1, -0.7853981633974483, 1.4142135623730951
561, 65, 342, 104, 341, 105, 1, -1, -0.7853981633974483, 1.4142135623730951
561, 66, 66, 327, 65, 328, 1, -1, -0.7853981633974483, 1.4142135623730951
561, 67, 169, 295, 168, 296, 1, -1, -0.7853981633974483, 1.4142135623730951
562, 1, 302, 353, 301, 354, 1, -1, -0.7853981633974483, 1.4142135623730951
562, 3, 8, 179, 7, 180, 1, -1, -0.7853981633974483, 1.4142135623730951
562, 7, 238, 405, 237, 406, 1, -1, -0.7853981633974483, 1.4142135623730951
562, 8, 129, 402, 128, 403, 1, -1, -0.7853981633974483, 1.4142135623730951
562, 11, 60, 301, 59, 302, 1, -1, -0.7853981633974483, 1.4142135623730951
562, 14, 65, 376, 64, 377, 1, -1, -0.7853981633974483, 1.4142135623730951
562, 15, 243, 147, 242, 148, 1, -1, -0.7853981633974483, 1.4142135623730951
562, 17, 372, 99, 371, 100, 1, -1, -0.7853981633974483, 1.4142135623730951
562, 18, 248, 101, 247, 102, 1, -1, -0.7853981633974483, 1.4142135623730951
562, 19, 165, 71, 164, 72, 1, -1, -0.7853981633974483, 1.4142135623730951
562, 21, 275, 379, 274, 380, 1, -1, -0.7853981633974483, 1.4142135623730951
562, 25, 209, 406, 208, 407, 1, -1, -0.7853981633974483, 1.4142135623730951
562, 26, 90, 329, 89, 330, 1, -1, -0.7853981633974483, 1.4142135623730951
562, 29, 453, 351, 452, 352, 1, -1, -0.7853981633974483, 1.4142135623730951
562, 32, 580, 400, 578, 400, 2, 0, 0.0, 2.0
562, 40, 575, 79, 573, 80, 2, -1, -0.4636476090008061, 2.23606797749979
562, 42, 597, 350, 595, 350, 2, 0, 0.0, 2.0
562, 45, 267, 404, 266, 405, 1, -1, -0.7853981633974483, 1.4142135623730951
562, 48, 518, 70, 516, 71, 2, -1, -0.4636476090008061, 2.23606797749979
562, 51, 468, 392, 467, 393, 1, -1, -0.7853981633974483, 1.4142135623730951
562, 52, 87, 73, 86, 74, 1, -1, -0.7853981633974483, 1.4142135623730951
562, 53, 36, 346, 35, 345, 1, 1, 0.7853981633974483, 1.4142135623730951
562, 57, 40, 332, 39, 333, 1, -1, -0.7853981633974483, 1.4142135623730951
562, 59, 85, 104, 84, 105, 1, -1, -0.7853981633974483, 1.4142135623730951
562, 61, 415, 353, 414, 354, 1, -1, -0.7853981633974483, 1.4142135623730951
562, 64, 344, 103, 342, 104, 2, -1, -0.4636476090008061, 2.23606797749979
562, 66, 172, 295, 169, 295, 3, 0, 0.0, 3.0
563, 1, 303, 352, 302, 353, 1, -1, -0.7853981633974483, 1.4142135623730951
563, 21, 276, 378, 275, 379, 1, -1, -0.7853981633974483, 1.4142135623730951
563, 23, 269, 98, 268, 99, 1, -1, -0.7853981633974483, 1.4142135623730951
563, 24, 314, 126, 313, 127, 1, -1, -0.7853981633974483, 1.4142135623730951
563, 26, 91, 328, 90, 329, 1, -1, -0.7853981633974483, 1.4142135623730951
563, 28, 206, 157, 205, 156, 1, 1, 0.7853981633974483, 1.4142135623730951
563, 29, 454, 350, 453, 351, 1, -1, -0.7853981633974483, 1.4142135623730951
563, 32, 582, 400, 580, 400, 2, 0, 0.0, 2.0
563, 33, 464, 129, 463, 130, 1, -1, -0.7853981633974483, 1.4142135623730951
563, 37, 432, 73, 430, 74, 2, -1, -0.4636476090008061, 2.23606797749979
563, 38, 607, 396, 605, 395, 2, 1, 0.4636476090008061, 2.23606797749979
563, 40, 577, 78, 575, 79, 2, -1, -0.4636476090008061, 2.23606797749979
563, 42, 599, 349, 597, 350, 2, -1, -0.4636476090008061, 2.23606797749979
563, 43, 469, 123, 467, 124, 2, -1, -0.4636476090008061, 2.23606797749979
563, 44, 363, 78, 362, 79, 1, -1, -0.7853981633974483, 1.4142135623730951
563, 47, 74, 318, 72, 318, 2, 0, 0.0, 2.0
563, 48, 520, 69, 518, 70, 2, -1, -0.4636476090008061, 2.23606797749979
563, 50, 102, 149, 101, 150, 1, -1, -0.7853981633974483, 1.4142135623730951
563, 51, 470, 391, 468, 392, 2, -1, -0.4636476090008061, 2.23606797749979
563, 52, 88, 72, 87, 73, 1, -1, -0.7853981633974483, 1.4142135623730951
563, 53, 38, 346, 36, 346, 2, 0, 0.0, 2.0
563, 57, 42, 331, 40, 332, 2, -1, -0.4636476090008061, 2.23606797749979
563, 60, 405, 78, 403, 79, 2, -1, -0.4636476090008061, 2.23606797749979
563, 64, 346, 102, 344, 103, 2, -1, -0.4636476090008061, 2.23606797749979
563, 66, 174, 294, 172, 295, 2, -1, -0.4636476090008061, 2.23606797749979
564, 0, 242, 97, 241, 98, 1, -1, -0.7853981633974483, 1.4142135623730951
564, 1, 304, 351, 303, 352, 1, -1, -0.7853981633974483, 1.4142135623730951
564, 3, 10, 178, 9, 179, 1, -1, -0.7853981633974483, 1.4142135623730951
564, 4, 362, 70, 361, 71, 1, -1, -0.7853981633974483, 1.4142135623730951
564, 6, 265, 331, 263, 331, 2, 0, 0.0, 2.0
564, 8, 130, 401, 129, 402, 1, -1, -0.7853981633974483, 1.4142135623730951
564, 12, 232, 168, 231, 169, 1, -1, -0.7853981633974483, 1.4142135623730951
564, 14, 67, 375, 66, 376, 1, -1, -0.7853981633974483, 1.4142135623730951
564, 15, 244, 145, 243, 146, 1, -1, -0.7853981633974483, 1.4142135623730951
564, 17, 375, 99, 373, 99, 2, 0, 0.0, 2.0
564, 18, 249, 100, 248, 101, 1, -1, -0.7853981633974483, 1.4142135623730951
564, 21, 277, 377, 276, 378, 1, -1, -0.7853981633974483, 1.4142135623730951
564, 25, 210, 404, 209, 405, 1, -1, -0.7853981633974483, 1.4142135623730951
564, 27, 27, 142, 26, 143, 1, -1, -0.7853981633974483, 1.4142135623730951
564, 29, 456, 349, 454, 350, 2, -1, -0.4636476090008061, 2.23606797749979
564, 36, 148, 93, 147, 94, 1, -1, -0.7853981633974483, 1.4142135623730951
564, 37, 433, 72, 432, 73, 1, -1, -0.7853981633974483, 1.4142135623730951
564, 38, 609, 395, 607, 396, 2, -1, -0.4636476090008061, 2.23606797749979
564, 40, 579, 78, 577, 78, 2, 0, 0.0, 2.0
564, 42, 601, 348, 599, 349, 2, -1, -0.4636476090008061, 2.23606797749979
564, 45, 268, 402, 267, 403, 1, -1, -0.7853981633974483, 1.4142135623730951
564, 48, 522, 68, 520, 69, 2, -1, -0.4636476090008061, 2.23606797749979
564, 51, 473, 390, 470, 391, 3, -1, -0.3217505543966422, 3.1622776601683795
564, 53, 41, 346, 38, 346, 3, 0, 0.0, 3.0
564, 63, 222, 383, 221, 384, 1, -1, -0.7853981633974483, 1.4142135623730951
564, 64, 347, 101, 346, 102, 1, -1, -0.7853981633974483, 1.4142135623730951
564, 66, 176, 294, 174, 294, 2, 0, 0.0, 2.0
564, 67, 225, 330, 226, 332, -1, -2, -2.0344439357957027, 2.23606797749979
565, 1, 304, 355, 303, 356, 1, -1, -0.7853981633974483, 1.4142135623730951
565, 2, 155, 171, 154, 172, 1, -1, -0.7853981633974483, 1.4142135623730951
565, 4, 364, 71, 363, 72, 1, -1, -0.7853981633974483, 1.4142135623730951
565, 9, 67, 376, 66, 377, 1, -1, -0.7853981633974483, 1.4142135623730951
565, 10, 374, 99, 373, 100, 1, -1, -0.7853981633974483, 1.4142135623730951
565, 17, 233, 167, 233, 169, 0, -2, -1.5707963267948966, 2.0
565, 18, 344, 99, 342, 99, 2, 0, 0.0, 2.0
565, 19, 581, 401, 579, 402, 2, -1, -0.4636476090008061, 2.23606797749979
565, 20, 238, 405, 237, 406, 1, -1, -0.7853981633974483, 1.4142135623730951
565, 28, 247, 151, 249, 152, -2, -1, -2.677945044588987, 2.23606797749979
565, 29, 277, 381, 276, 382, 1, -1, -0.7853981633974483, 1.4142135623730951
565, 30, 93, 144, 92, 146, 1, -2, -1.1071487177940904, 2.23606797749979
565, 32, 600, 351, 597, 352, 3, -1, -0.3217505543966422, 3.1622776601683795
565, 34, 433, 74, 431, 74, 2, 0, 0.0, 2.0
565, 40, 230, 333, 229, 334, 1, -1, -0.7853981633974483, 1.4142135623730951
565, 41, 469, 124, 468, 125, 1, -1, -0.7853981633974483, 1.4142135623730951
565, 44, 559, 364, 557, 364, 2, 0, 0.0, 2.0
565, 46, 267, 99, 266, 100, 1, -1, -0.7853981633974483, 1.4142135623730951
565, 47, 310, 94, 308, 97, 2, -3, -0.982793723247329, 3.605551275463989
565, 48, 267, 137, 267, 139, 0, -2, -1.5707963267948966, 2.0
565, 54, 393, 93, 391, 94, 2, -1, -0.4636476090008061, 2.23606797749979
565, 56, 279, 360, 278, 361, 1, -1, -0.7853981633974483, 1.4142135623730951
565, 57, 20, 183, 19, 184, 1, -1, -0.7853981633974483, 1.4142135623730951
565, 61, 607, 395, 605, 396, 2, -1, -0.4636476090008061, 2.23606797749979
566, 1, 305, 354, 304, 355, 1, -1, -0.7853981633974483, 1.4142135623730951
566, 3, 11, 181, 10, 182, 1, -1, -0.7853981633974483, 1.4142135623730951
566, 4, 365, 70, 364, 71, 1, -1, -0.7853981633974483, 1.4142135623730951
566, 10, 375, 98, 374, 99, 1, -1, -0.7853981633974483, 1.4142135623730951
566, 16, 408, 86, 406, 86, 2, 0, 0.0, 2.0
566, 17, 234, 166, 233, 167, 1, -1, -0.7853981633974483, 1.4142135623730951
566, 18, 346, 99, 344, 99, 2, 0, 0.0, 2.0
566, 19, 583, 400, 581, 401, 2, -1, -0.4636476090008061, 2.23606797749979
566, 23, 74, 127, 73, 128, 1, -1, -0.7853981633974483, 1.4142135623730951
566, 24, 268, 345, 267, 344, 1, 1, 0.7853981633974483, 1.4142135623730951
566, 25, 522, 72, 520, 72, 2, 0, 0.0, 2.0
566, 28, 248, 150, 247, 151, 1, -1, -0.7853981633974483, 1.4142135623730951
566, 29, 278, 380, 277, 381, 1, -1, -0.7853981633974483, 1.4142135623730951
566, 32, 602, 351, 600, 351, 2, 0, 0.0, 2.0
566, 33, 131, 403, 130, 404, 1, -1, -0.7853981633974483, 1.4142135623730951
566, 34, 435, 74, 433, 74, 2, 0, 0.0, 2.0
566, 38, 578, 81, 576, 81, 2, 0, 0.0, 2.0
566, 39, 28, 143, 27, 144, 1, -1, -0.7853981633974483, 1.4142135623730951
566, 40, 471, 123, 469, 124, 2, -1, -0.4636476090008061, 2.23606797749979
566, 43, 561, 363, 559, 364, 2, -1, -0.4636476090008061, 2.23606797749979
566, 48, 322, 124, 321, 125, 1, -1, -0.7853981633974483, 1.4142135623730951
566, 53, 395, 91, 393, 93, 2, -2, -0.7853981633974483, 2.8284271247461903
566, 56, 21, 182, 20, 183, 1, -1, -0.7853981633974483, 1.4142135623730951
566, 60, 609, 394, 607, 395, 2, -1, -0.4636476090008061, 2.23606797749979
567, 2, 156, 170, 155, 171, 1, -1, -0.7853981633974483, 1.4142135623730951
567, 3, 12, 180, 11, 181, 1, -1, -0.7853981633974483, 1.4142135623730951
567, 6, 63, 301, 62, 302, 1, -1, -0.7853981633974483, 1.4142135623730951
567, 7, 303, 347, 302, 348, 1, -1, -0.7853981633974483, 1.4142135623730951
567, 9, 69, 375, 68, 376, 1, -1, -0.7853981633974483, 1.4142135623730951
567, 11, 25, 404, 24, 405, 1, -1, -0.7853981633974483, 1.4142135623730951
567, 13, 91, 331, 90, 332, 1, -1, -0.7853981633974483, 1.4142135623730951
567, 16, 410, 86, 408, 86, 2, 0, 0.0, 2.0
567, 18, 348, 99, 346, 99, 2, 0, 0.0, 2.0
567, 19, 585, 400, 583, 400, 2, 0, 0.0, 2.0
567, 20, 240, 404, 239, 405, 1, -1, -0.7853981633974483, 1.4142135623730951
567, 23, 75, 126, 74, 127, 1, -1, -0.7853981633974483, 1.4142135623730951
567, 32, 604, 351, 602, 351, 2, 0, 0.0, 2.0
567, 34, 437, 73, 435, 74, 2, -1, -0.4636476090008061, 2.23606797749979
567, 37, 312, 103, 310, 103, 2, 0, 0.0, 2.0
567, 38, 580, 81, 578, 81, 2, 0, 0.0, 2.0
567, 40, 472, 122, 471, 123, 1, -1, -0.7853981633974483, 1.4142135623730951
567, 41, 521, 104, 520, 103, 1, 1, 0.7853981633974483, 1.4142135623730951
567, 42, 563, 363, 561, 363, 2, 0, 0.0, 2.0
567, 47, 323, 123, 322, 124, 1, -1, -0.7853981633974483, 1.4142135623730951
567, 52, 396, 90, 395, 91, 1, -1, -0.7853981633974483, 1.4142135623730951
567, 54, 282, 359, 280, 360, 2, -1, -0.4636476090008061, 2.23606797749979
567, 55, 22, 181, 21, 182, 1, -1, -0.7853981633974483, 1.4142135623730951
567, 59, 611, 394, 609, 394, 2, 0, 0.0, 2.0
568, 0, 246, 96, 245, 97, 1, -1, -0.7853981633974483, 1.4142135623730951
568, 1, 307, 353, 306, 354, 1, -1, -0.7853981633974483, 1.4142135623730951
568, 2, 157, 169, 156, 170, 1, -1, -0.7853981633974483, 1.4142135623730951
568, 3, 14, 178, 12, 180, 2, -2, -0.7853981633974483, 2.8284271247461903
568, 4, 368, 69, 366, 70, 2, -1, -0.4636476090008061, 2.23606797749979
568, 7, 305, 347, 303, 347, 2, 0, 0.0, 2.0
568, 11, 26, 403, 25, 404, 1, -1, -0.7853981633974483, 1.4142135623730951
568, 12, 169, 70, 168, 71, 1, -1, -0.7853981633974483, 1.4142135623730951
568, 13, 92, 330, 91, 331, 1, -1, -0.7853981633974483, 1.4142135623730951
568, 14, 198, 111, 197, 112, 1, -1, -0.7853981633974483, 1.4142135623730951
568, 16, 412, 86, 410, 86, 2, 0, 0.0, 2.0
568, 18, 350, 99, 348, 99, 2, 0, 0.0, 2.0
568, 19, 586, 399, 585, 400, 1, -1, -0.7853981633974483, 1.4142135623730951
568, 20, 241, 403, 240, 404, 1, -1, -0.7853981633974483, 1.4142135623730951
568, 23, 76, 125, 75, 126, 1, -1, -0.7853981633974483, 1.4142135623730951
568, 27, 512, 128, 510, 129, 2, -1, -0.4636476090008061, 2.23606797749979
568, 28, 249, 147, 248, 149, 1, -2, -1.1071487177940904, 2.23606797749979
568, 29, 281, 380, 279, 380, 2, 0, 0.0, 2.0
568, 30, 95, 143, 94, 144, 1, -1, -0.7853981633974483, 1.4142135623730951
568, 33, 132, 401, 131, 402, 1, -1, -0.7853981633974483, 1.4142135623730951
568, 34, 439, 72, 437, 73, 2, -1, -0.4636476090008061, 2.23606797749979
568, 36, 74, 155, 72, 155, 2, 0, 0.0, 2.0
568, 37, 314, 103, 312, 103, 2, 0, 0.0, 2.0
568, 38, 582, 81, 580, 81, 2, 0, 0.0, 2.0
568, 39, 30, 142, 29, 143, 1, -1, -0.7853981633974483, 1.4142135623730951
568, 40, 475, 121, 472, 122, 3, -1, -0.3217505543966422, 3.1622776601683795
568, 41, 524, 105, 521, 104, 3, 1, 0.3217505543966422, 3.1622776601683795
568, 42, 564, 362, 563, 363, 1, -1, -0.7853981633974483, 1.4142135623730951
568, 47, 324, 122, 323, 123, 1, -1, -0.7853981633974483, 1.4142135623730951
568, 52, 398, 89, 396, 90, 2, -1, -0.4636476090008061, 2.23606797749979
568, 58, 110, 371, 109, 372, 1, -1, -0.7853981633974483, 1.4142135623730951
568, 59, 612, 393, 611, 394, 1, -1, -0.7853981633974483, 1.4142135623730951
569, 0, 247, 95, 246, 96, 1, -1, -0.7853981633974483, 1.4142135623730951
569, 1, 309, 352, 307, 353, 2, -1, -0.4636476090008061, 2.23606797749979
569, 2, 158, 168, 157, 169, 1, -1, -0.7853981633974483, 1.4142135623730951
569, 3, 15, 177, 14, 178, 1, -1, -0.7853981633974483, 1.4142135623730951
569, 4, 370, 68, 368, 69, 2, -1, -0.4636476090008061, 2.23606797749979
569, 7, 307, 346, 305, 347, 2, -1, -0.4636476090008061, 2.23606797749979
569, 9, 71, 374, 70, 375, 1, -1, -0.7853981633974483, 1.4142135623730951
569, 10, 379, 98, 377, 98, 2, 0, 0.0, 2.0
569, 13, 93, 329, 92, 330, 1, -1, -0.7853981633974483, 1.4142135623730951
569, 16, 414, 85, 412, 86, 2, -1, -0.4636476090008061, 2.23606797749979
569, 18, 352, 98, 350, 99, 2, -1, -0.4636476090008061, 2.23606797749979
569, 19, 587, 398, 586, 399, 1, -1, -0.7853981633974483, 1.4142135623730951
569, 20, 242, 402, 241, 403, 1, -1, -0.7853981633974483, 1.4142135623730951
569, 23, 77, 124, 76, 125, 1, -1, -0.7853981633974483, 1.4142135623730951
569, 24, 269, 346, 268, 345, 1, 1, 0.7853981633974483, 1.4142135623730951
569, 25, 525, 71, 524, 72, 1, -1, -0.7853981633974483, 1.4142135623730951
569, 26, 212, 406, 211, 407, 1, -1, -0.7853981633974483, 1.4142135623730951
569, 27, 514, 127, 512, 128, 2, -1, -0.4636476090008061, 2.23606797749979
569, 32, 607, 351, 605, 351, 2, 0, 0.0, 2.0
569, 34, 441, 71, 439, 72, 2, -1, -0.4636476090008061, 2.23606797749979
569, 36, 76, 155, 74, 155, 2, 0, 0.0, 2.0
569, 37, 316, 102, 314, 103, 2, -1, -0.4636476090008061, 2.23606797749979
569, 38, 584, 80, 582, 81, 2, -1, -0.4636476090008061, 2.23606797749979
569, 40, 478, 120, 475, 121, 3, -1, -0.3217505543966422, 3.1622776601683795
569, 41, 526, 107, 524, 105, 2, 2, 0.7853981633974483, 2.8284271247461903
569, 42, 565, 360, 564, 362, 1, -2, -1.1071487177940904, 2.23606797749979
569, 44, 269, 97, 269, 99, 0, -2, -1.5707963267948966, 2.0
569, 52, 400, 88, 398, 89, 2, -1, -0.4636476090008061, 2.23606797749979
569, 55, 24, 180, 23, 181, 1, -1, -0.7853981633974483, 1.4142135623730951
569, 59, 614, 392, 612, 393, 2, -1, -0.4636476090008061, 2.23606797749979
570, 0, 309, 354, 307, 355, 2, -1, -0.4636476090008061, 2.23606797749979
570, 2, 15, 180, 14, 181, 1, -1, -0.7853981633974483, 1.4142135623730951
570, 3, 158, 171, 157, 172, 1, -1, -0.7853981633974483, 1.4142135623730951
570, 5, 369, 71, 367, 72, 2, -1, -0.4636476090008061, 2.23606797749979
570, 7, 94, 330, 93, 331, 1, -1, -0.7853981633974483, 1.4142135623730951
570, 8, 379, 99, 378, 100, 1, -1, -0.7853981633974483, 1.4142135623730951
570, 10, 27, 404, 26, 405, 1, -1, -0.7853981633974483, 1.4142135623730951
570, 13, 439, 73, 437, 74, 2, -1, -0.4636476090008061, 2.23606797749979
570, 14, 132, 113, 130, 114, 2, -1, -0.4636476090008061, 2.23606797749979
570, 15, 65, 304, 64, 305, 1, -1, -0.7853981633974483, 1.4142135623730951
570, 17, 236, 167, 235, 168, 1, -1, -0.7853981633974483, 1.4142135623730951
570, 21, 476, 122, 474, 123, 2, -1, -0.4636476090008061, 2.23606797749979
570, 24, 74, 150, 73, 151, 1, -1, -0.7853981633974483, 1.4142135623730951
570, 27, 605, 351, 603, 352, 2, -1, -0.4636476090008061, 2.23606797749979
570, 29, 525, 71, 524, 72, 1, -1, -0.7853981633974483, 1.4142135623730951
570, 31, 350, 96, 348, 96, 2, 0, 0.0, 2.0
570, 32, 121, 104, 120, 105, 1, -1, -0.7853981633974483, 1.4142135623730951
570, 33, 514, 128, 512, 129, 2, -1, -0.4636476090008061, 2.23606797749979
570, 39, 250, 146, 249, 147, 1, -1, -0.7853981633974483, 1.4142135623730951
570, 40, 528, 108, 527, 109, 1, -1, -0.7853981633974483, 1.4142135623730951
570, 43, 241, 401, 240, 402, 1, -1, -0.7853981633974483, 1.4142135623730951
571, 0, 311, 353, 309, 354, 2, -1, -0.4636476090008061, 2.23606797749979
571, 1, 247, 95, 246, 97, 1, -2, -1.1071487177940904, 2.23606797749979
571, 2, 16, 179, 15, 180, 1, -1, -0.7853981633974483, 1.4142135623730951
571, 3, 159, 170, 158, 171, 1, -1, -0.7853981633974483, 1.4142135623730951
571, 5, 370, 70, 369, 71, 1, -1, -0.7853981633974483, 1.4142135623730951
571, 6, 71, 375, 70, 376, 1, -1, -0.7853981633974483, 1.4142135623730951
571, 8, 380, 98, 379, 99, 1, -1, -0.7853981633974483, 1.4142135623730951
571, 9, 215, 407, 214, 408, 1, -1, -0.7853981633974483, 1.4142135623730951
571, 11, 127, 140, 126, 141, 1, -1, -0.7853981633974483, 1.4142135623730951
571, 13, 441, 72, 439, 73, 2, -1, -0.4636476090008061, 2.23606797749979
571, 14, 133, 112, 132, 113, 1, -1, -0.7853981633974483, 1.4142135623730951
571, 21, 477, 121, 476, 122, 1, -1, -0.7853981633974483, 1.4142135623730951
571, 26, 200, 112, 199, 113, 1, -1, -0.7853981633974483, 1.4142135623730951
571, 27, 607, 351, 605, 351, 2, 0, 0.0, 2.0
571, 28, 270, 404, 269, 405, 1, -1, -0.7853981633974483, 1.4142135623730951
571, 30, 584, 81, 582, 82, 2, -1, -0.4636476090008061, 2.23606797749979
571, 31, 352, 96, 350, 96, 2, 0, 0.0, 2.0
571, 33, 517, 127, 514, 128, 3, -1, -0.3217505543966422, 3.1622776601683795
572, 0, 312, 352, 311, 353, 1, -1, -0.7853981633974483, 1.4142135623730951
572, 3, 160, 169, 159, 170, 1, -1, -0.7853981633974483, 1.4142135623730951
572, 5, 372, 69, 370, 70, 2, -1, -0.4636476090008061, 2.23606797749979
572, 8, 381, 97, 380, 98, 1, -1, -0.7853981633974483, 1.4142135623730951
572, 9, 216, 406, 215, 407, 1, -1, -0.7853981633974483, 1.4142135623730951
572, 13, 443, 71, 441, 72, 2, -1, -0.4636476090008061, 2.23606797749979
572, 14, 133, 110, 133, 112, 0, -2, -1.5707963267948966, 2.0
572, 15, 66, 303, 65, 304, 1, -1, -0.7853981633974483, 1.4142135623730951
572, 16, 372, 78, 371, 79, 1, -1, -0.7853981633974483, 1.4142135623730951
572, 19, 135, 403, 134, 404, 1, -1, -0.7853981633974483, 1.4142135623730951
572, 20, 78, 126, 77, 127, 1, -1, -0.7853981633974483, 1.4142135623730951
572, 24, 77, 149, 75, 150, 2, -1, -0.4636476090008061, 2.23606797749979
572, 27, 610, 351, 607, 351, 3, 0, 0.0, 3.0
572, 28, 271, 403, 270, 404, 1, -1, -0.7853981633974483, 1.4142135623730951
572, 29, 528, 71, 526, 71, 2, 0, 0.0, 2.0
572, 30, 586, 81, 584, 81, 2, 0, 0.0, 2.0
572, 31, 354, 95, 352, 96, 2, -1, -0.4636476090008061, 2.23606797749979
572, 32, 122, 103, 121, 104, 1, -1, -0.7853981633974483, 1.4142135623730951
572, 33, 519, 126, 517, 127, 2, -1, -0.4636476090008061, 2.23606797749979
572, 34, 413, 80, 411, 80, 2, 0, 0.0, 2.0
572, 39, 251, 144, 250, 145, 1, -1, -0.7853981633974483, 1.4142135623730951
572, 40, 531, 108, 529, 108, 2, 0, 0.0, 2.0
572, 43, 243, 400, 242, 401, 1, -1, -0.7853981633974483, 1.4142135623730951
573, 0, 313, 351, 312, 352, 1, -1, -0.7853981633974483, 1.4142135623730951
573, 2, 18, 178, 17, 179, 1, -1, -0.7853981633974483, 1.4142135623730951
573, 8, 383, 96, 381, 97, 2, -1, -0.4636476090008061, 2.23606797749979
573, 12, 171, 71, 170, 72, 1, -1, -0.7853981633974483, 1.4142135623730951
573, 13, 444, 70, 443, 71, 1, -1, -0.7853981633974483, 1.4142135623730951
573, 14, 134, 109, 133, 110, 1, -1, -0.7853981633974483, 1.4142135623730951
573, 15, 67, 302, 66, 303, 1, -1, -0.7853981633974483, 1.4142135623730951
573, 16, 373, 77, 372, 78, 1, -1, -0.7853981633974483, 1.4142135623730951
573, 21, 480, 121, 478, 121, 2, 0, 0.0, 2.0
573, 26, 201, 110, 200, 111, 1, -1, -0.7853981633974483, 1.4142135623730951
573, 31, 355, 94, 354, 95, 1, -1, -0.7853981633974483, 1.4142135623730951
573, 32, 123, 102, 122, 103, 1, -1, -0.7853981633974483, 1.4142135623730951
573, 40, 533, 109, 531, 108, 2, 1, 0.4636476090008061, 2.23606797749979
573, 43, 244, 399, 243, 400, 1, -1, -0.7853981633974483, 1.4142135623730951
573, 45, 98, 144, 97, 145, 1, -1, -0.7853981633974483, 1.4142135623730951
573, 47, 281, 93, 280, 94, 1, -1, -0.7853981633974483, 1.4142135623730951
574, 0, 314, 350, 313, 351, 1, -1, -0.7853981633974483, 1.4142135623730951
574, 2, 19, 177, 18, 178, 1, -1, -0.7853981633974483, 1.4142135623730951
574, 3, 161, 167, 160, 168, 1, -1, -0.7853981633974483, 1.4142135623730951
574, 5, 373, 68, 372, 69, 1, -1, -0.7853981633974483, 1.4142135623730951
574, 8, 384, 95, 383, 96, 1, -1, -0.7853981633974483, 1.4142135623730951
574, 9, 217, 405, 216, 406, 1, -1, -0.7853981633974483, 1.4142135623730951
574, 10, 31, 403, 30, 404, 1, -1, -0.7853981633974483, 1.4142135623730951
574, 13, 446, 69, 444, 70, 2, -1, -0.4636476090008061, 2.23606797749979
574, 14, 135, 108, 134, 109, 1, -1, -0.7853981633974483, 1.4142135623730951
574, 16, 374, 76, 373, 77, 1, -1, -0.7853981633974483, 1.4142135623730951
574, 18, 154, 92, 153, 93, 1, -1, -0.7853981633974483, 1.4142135623730951
574, 19, 136, 401, 135, 402, 1, -1, -0.7853981633974483, 1.4142135623730951
574, 22, 216, 151, 215, 152, 1, -1, -0.7853981633974483, 1.4142135623730951
574, 23, 268, 348, 267, 347, 1, 1, 0.7853981633974483, 1.4142135623730951
574, 27, 613, 350, 611, 351, 2, -1, -0.4636476090008061, 2.23606797749979
574, 28, 272, 401, 271, 402, 1, -1, -0.7853981633974483, 1.4142135623730951
574, 32, 124, 101, 123, 102, 1, -1, -0.7853981633974483, 1.4142135623730951
574, 34, 415, 81, 414, 80, 1, 1, 0.7853981633974483, 1.4142135623730951
574, 40, 537, 110, 533, 109, 4, 1, 0.24497866312686414, 4.123105625617661
574, 43, 245, 398, 244, 399, 1, -1, -0.7853981633974483, 1.4142135623730951
574, 44, 191, 159, 190, 160, 1, -1, -0.7853981633974483, 1.4142135623730951
574, 47, 282, 92, 281, 93, 1, -1, -0.7853981633974483, 1.4142135623730951
575, 1, 162, 170, 161, 171, 1, -1, -0.7853981633974483, 1.4142135623730951
575, 3, 373, 71, 372, 72, 1, -1, -0.7853981633974483, 1.4142135623730951
575, 4, 19, 179, 18, 180, 1, -1, -0.7853981633974483, 1.4142135623730951
575, 6, 384, 98, 383, 99, 1, -1, -0.7853981633974483, 1.4142135623730951
575, 8, 217, 407, 216, 408, 1, -1, -0.7853981633974483, 1.4142135623730951
575, 10, 31, 404, 30, 405, 1, -1, -0.7853981633974483, 1.4142135623730951
575, 11, 445, 72, 443, 73, 2, -1, -0.4636476090008061, 2.23606797749979
575, 14, 101, 330, 100, 331, 1, -1, -0.7853981633974483, 1.4142135623730951
575, 15, 80, 126, 79, 127, 1, -1, -0.7853981633974483, 1.4142135623730951
575, 16, 372, 78, 371, 79, 1, -1, -0.7853981633974483, 1.4142135623730951
575, 20, 217, 152, 216, 153, 1, -1, -0.7853981633974483, 1.4142135623730951
575, 21, 619, 396, 617, 396, 2, 0, 0.0, 2.0
575, 26, 161, 100, 160, 101, 1, -1, -0.7853981633974483, 1.4142135623730951
575, 27, 249, 145, 248, 146, 1, -1, -0.7853981633974483, 1.4142135623730951
575, 29, 5, 272, 4, 273, 1, -1, -0.7853981633974483, 1.4142135623730951
575, 31, 286, 383, 284, 384, 2, -1, -0.4636476090008061, 2.23606797749979
575, 35, 535, 76, 533, 76, 2, 0, 0.0, 2.0
575, 36, 69, 304, 68, 305, 1, -1, -0.7853981633974483, 1.4142135623730951
575, 38, 80, 328, 77, 330, 3, -2, -0.5880026035475675, 3.605551275463989
575, 40, 74, 376, 73, 377, 1, -1, -0.7853981633974483, 1.4142135623730951
575, 41, 588, 81, 586, 81, 2, 0, 0.0, 2.0
575, 43, 226, 325, 226, 327, 0, -2, -1.5707963267948966, 2.0
575, 44, 348, 104, 347, 105, 1, -1, -0.7853981633974483, 1.4142135623730951
575, 45, 611, 351, 609, 352, 2, -1, -0.4636476090008061, 2.23606797749979
575, 50, 35, 143, 34, 144, 1, -1, -0.7853981633974483, 1.4142135623730951
575, 52, 352, 93, 351, 94, 1, -1, -0.7853981633974483, 1.4142135623730951
575, 54, 209, 306, 208, 307, 1, -1, -0.7853981633974483, 1.4142135623730951
575, 56, 309, 99, 308, 100, 1, -1, -0.7853981633974483, 1.4142135623730951
575, 59, 593, 400, 591, 401, 2, -1, -0.4636476090008061, 2.23606797749979
575, 62, 113, 373, 112, 374, 1, -1, -0.7853981633974483, 1.4142135623730951
575, 66, 518, 402, 517, 403, 1, -1, -0.7853981633974483, 1.4142135623730951
575, 69, 536, 109, 535, 110, 1, -1, -0.7853981633974483, 1.4142135623730951
575, 71, 244, 399, 243, 400, 1, -1, -0.7853981633974483, 1.4142135623730951
576, 1, 163, 169, 162, 170, 1, -1, -0.7853981633974483, 1.4142135623730951
576, 2, 315, 353, 314, 354, 1, -1, -0.7853981633974483, 1.4142135623730951
576, 3, 374, 70, 373, 71, 1, -1, -0.7853981633974483, 1.4142135623730951
576, 4, 20, 178, 19, 179, 1, -1, -0.7853981633974483, 1.4142135623730951
576, 6, 385, 97, 384, 98, 1, -1, -0.7853981633974483, 1.4142135623730951
576, 10, 32, 403, 31, 404, 1, -1, -0.7853981633974483, 1.4142135623730951
576, 11, 447, 72, 445, 72, 2, 0, 0.0, 2.0
576, 12, 155, 94, 154, 95, 1, -1, -0.7853981633974483, 1.4142135623730951
576, 16, 373, 77, 372, 78, 1, -1, -0.7853981633974483, 1.4142135623730951
576, 17, 239, 168, 238, 169, 1, -1, -0.7853981633974483, 1.4142135623730951
576, 18, 100, 143, 99, 144, 1, -1, -0.7853981633974483, 1.4142135623730951
576, 20, 218, 151, 217, 152, 1, -1, -0.7853981633974483, 1.4142135623730951
576, 21, 621, 395, 619, 396, 2, -1, -0.4636476090008061, 2.23606797749979
576, 23, 482, 124, 480, 124, 2, 0, 0.0, 2.0
576, 24, 401, 132, 400, 133, 1, -1, -0.7853981633974483, 1.4142135623730951
576, 28, 273, 403, 272, 404, 1, -1, -0.7853981633974483, 1.4142135623730951
576, 29, 6, 271, 5, 272, 1, -1, -0.7853981633974483, 1.4142135623730951
576, 30, 123, 341, 125, 342, -2, -1, -2.677945044588987, 2.23606797749979
576, 31, 288, 383, 286, 383, 2, 0, 0.0, 2.0
576, 35, 537, 75, 535, 76, 2, -1, -0.4636476090008061, 2.23606797749979
576, 39, 246, 406, 245, 407, 1, -1, -0.7853981633974483, 1.4142135623730951
576, 40, 75, 375, 74, 376, 1, -1, -0.7853981633974483, 1.4142135623730951
576, 41, 590, 80, 588, 81, 2, -1, -0.4636476090008061, 2.23606797749979
576, 43, 349, 103, 348, 104, 1, -1, -0.7853981633974483, 1.4142135623730951
576, 44, 613, 351, 611, 351, 2, 0, 0.0, 2.0
576, 46, 416, 82, 414, 82, 2, 0, 0.0, 2.0
576, 47, 195, 90, 194, 91, 1, -1, -0.7853981633974483, 1.4142135623730951
576, 49, 36, 142, 35, 143, 1, -1, -0.7853981633974483, 1.4142135623730951
576, 53, 210, 305, 209, 306, 1, -1, -0.7853981633974483, 1.4142135623730951
576, 55, 311, 98, 309, 99, 2, -1, -0.4636476090008061, 2.23606797749979
576, 58, 595, 400, 593, 400, 2, 0, 0.0, 2.0
576, 60, 173, 71, 172, 72, 1, -1, -0.7853981633974483, 1.4142135623730951
576, 61, 114, 372, 113, 373, 1, -1, -0.7853981633974483, 1.4142135623730951
576, 64, 407, 95, 406, 96, 1, -1, -0.7853981633974483, 1.4142135623730951
576, 65, 520, 401, 518, 402, 2, -1, -0.4636476090008061, 2.23606797749979
576, 67, 538, 108, 536, 109, 2, -1, -0.4636476090008061, 2.23606797749979
576, 69, 245, 398, 244, 399, 1, -1, -0.7853981633974483, 1.4142135623730951
577, 4, 21, 177, 20, 178, 1, -1, -0.7853981633974483, 1.4142135623730951
577, 6, 386, 96, 385, 97, 1, -1, -0.7853981633974483, 1.4142135623730951
577, 8, 218, 406, 217, 407, 1, -1, -0.7853981633974483, 1.4142135623730951
577, 14, 102, 329, 101, 330, 1, -1, -0.7853981633974483, 1.4142135623730951
577, 15, 81, 125, 80, 126, 1, -1, -0.7853981633974483, 1.4142135623730951
577, 21, 622, 394, 621, 395, 1, -1, -0.7853981633974483, 1.4142135623730951
577, 22, 335, 126, 334, 127, 1, -1, -0.7853981633974483, 1.4142135623730951
577, 23, 484, 124, 482, 124, 2, 0, 0.0, 2.0
577, 24, 401, 130, 401, 132, 0, -2, -1.5707963267948966, 2.0
577, 26, 162, 98, 161, 99, 1, -1, -0.7853981633974483, 1.4142135623730951
577, 31, 290, 382, 288, 383, 2, -1, -0.4636476090008061, 2.23606797749979
577, 35, 539, 74, 537, 75, 2, -1, -0.4636476090008061, 2.23606797749979
577, 39, 247, 405, 246, 406, 1, -1, -0.7853981633974483, 1.4142135623730951
577, 40, 77, 374, 75, 375, 2, -1, -0.4636476090008061, 2.23606797749979
577, 41, 592, 79, 590, 80, 2, -1, -0.4636476090008061, 2.23606797749979
577, 43, 350, 102, 349, 103, 1, -1, -0.7853981633974483, 1.4142135623730951
577, 44, 615, 350, 613, 351, 2, -1, -0.4636476090008061, 2.23606797749979
577, 45, 131, 74, 129, 78, 2, -4, -1.1071487177940904, 4.47213595499958
577, 47, 196, 89, 195, 90, 1, -1, -0.7853981633974483, 1.4142135623730951
577, 49, 37, 141, 36, 142, 1, -1, -0.7853981633974483, 1.4142135623730951
577, 51, 355, 92, 353, 93, 2, -1, -0.4636476090008061, 2.23606797749979
577, 53, 211, 304, 210, 305, 1, -1, -0.7853981633974483, 1.4142135623730951
577, 55, 312, 97, 311, 98, 1, -1, -0.7853981633974483, 1.4142135623730951
577, 58, 597, 400, 595, 400, 2, 0, 0.0, 2.0
577, 64, 408, 94, 407, 95, 1, -1, -0.7853981633974483, 1.4142135623730951
577, 65, 522, 400, 520, 401, 2, -1, -0.4636476090008061, 2.23606797749979
577, 67, 540, 108, 538, 108, 2, 0, 0.0, 2.0
577, 69, 247, 397, 245, 398, 2, -1, -0.4636476090008061, 2.23606797749979
578, 0, 250, 95, 249, 96, 1, -1, -0.7853981633974483, 1.4142135623730951
578, 3, 377, 69, 375, 70, 2, -1, -0.4636476090008061, 2.23606797749979
578, 4, 22, 176, 21, 177, 1, -1, -0.7853981633974483, 1.4142135623730951
578, 8, 219, 405, 218, 406, 1, -1, -0.7853981633974483, 1.4142135623730951
578, 10, 34, 402, 33, 403, 1, -1, -0.7853981633974483, 1.4142135623730951
578, 11, 450, 72, 448, 72, 2, 0, 0.0, 2.0
578, 15, 82, 124, 81, 125, 1, -1, -0.7853981633974483, 1.4142135623730951
578, 18, 101, 142, 100, 143, 1, -1, -0.7853981633974483, 1.4142135623730951
578, 21, 624, 394, 622, 394, 2, 0, 0.0, 2.0
578, 22, 336, 125, 335, 126, 1, -1, -0.7853981633974483, 1.4142135623730951
578, 23, 486, 124, 484, 124, 2, 0, 0.0, 2.0
578, 24, 403, 129, 401, 130, 2, -1, -0.4636476090008061, 2.23606797749979
578, 28, 274, 402, 273, 403, 1, -1, -0.7853981633974483, 1.4142135623730951
578, 29, 8, 269, 7, 271, 1, -2, -1.1071487177940904, 2.23606797749979
578, 30, 292, 382, 290, 382, 2, 0, 0.0, 2.0
578, 34, 541, 73, 539, 74, 2, -1, -0.4636476090008061, 2.23606797749979
578, 36, 321, 97, 320, 98, 1, -1, -0.7853981633974483, 1.4142135623730951
578, 40, 595, 78, 592, 79, 3, -1, -0.3217505543966422, 3.1622776601683795
578, 43, 617, 349, 615, 350, 2, -1, -0.4636476090008061, 2.23606797749979
578, 44, 418, 81, 417, 82, 1, -1, -0.7853981633974483, 1.4142135623730951
578, 45, 197, 88, 196, 89, 1, -1, -0.7853981633974483, 1.4142135623730951
578, 46, 523, 129, 521, 129, 2, 0, 0.0, 2.0
578, 49, 357, 91, 355, 92, 2, -1, -0.4636476090008061, 2.23606797749979
578, 51, 212, 303, 211, 304, 1, -1, -0.7853981633974483, 1.4142135623730951
578, 53, 314, 96, 312, 97, 2, -1, -0.4636476090008061, 2.23606797749979
578, 56, 599, 399, 597, 400, 2, -1, -0.4636476090008061, 2.23606797749979
578, 58, 175, 70, 174, 71, 1, -1, -0.7853981633974483, 1.4142135623730951
578, 62, 410, 94, 408, 94, 2, 0, 0.0, 2.0
578, 63, 525, 399, 522, 400, 3, -1, -0.3217505543966422, 3.1622776601683795
578, 67, 249, 396, 247, 397, 2, -1, -0.4636476090008061, 2.23606797749979
579, 1, 166, 168, 165, 169, 1, -1, -0.7853981633974483, 1.4142135623730951
579, 2, 318, 352, 317, 353, 1, -1, -0.7853981633974483, 1.4142135623730951
579, 3, 378, 68, 377, 69, 1, -1, -0.7853981633974483, 1.4142135623730951
579, 6, 389, 95, 387, 96, 2, -1, -0.4636476090008061, 2.23606797749979
579, 15, 376, 76, 375, 77, 1, -1, -0.7853981633974483, 1.4142135623730951
579, 18, 287, 98, 286, 99, 1, -1, -0.7853981633974483, 1.4142135623730951
579, 20, 626, 395, 624, 394, 2, 1, 0.4636476090008061, 2.23606797749979
579, 21, 338, 124, 336, 125, 2, -1, -0.4636476090008061, 2.23606797749979
579, 22, 489, 122, 486, 124, 3, -2, -0.5880026035475675, 3.605551275463989
579, 25, 163, 97, 162, 98, 1, -1, -0.7853981633974483, 1.4142135623730951
579, 26, 249, 141, 249, 143, 0, -2, -1.5707963267948966, 2.0
579, 28, 9, 268, 8, 269, 1, -1, -0.7853981633974483, 1.4142135623730951
579, 33, 543, 72, 541, 73, 2, -1, -0.4636476090008061, 2.23606797749979
579, 35, 323, 97, 321, 97, 2, 0, 0.0, 2.0
579, 39, 598, 77, 595, 78, 3, -1, -0.3217505543966422, 3.1622776601683795
579, 41, 353, 102, 351, 102, 2, 0, 0.0, 2.0
579, 42, 620, 349, 617, 349, 3, 0, 0.0, 3.0
579, 43, 420, 81, 418, 81, 2, 0, 0.0, 2.0
579, 44, 199, 87, 197, 88, 2, -1, -0.4636476090008061, 2.23606797749979
579, 45, 525, 129, 523, 129, 2, 0, 0.0, 2.0
579, 48, 358, 90, 357, 91, 1, -1, -0.7853981633974483, 1.4142135623730951
579, 50, 214, 302, 212, 303, 2, -1, -0.4636476090008061, 2.23606797749979
579, 51, 177, 349, 180, 349, -3, 0, 3.141592653589793, 3.0
579, 55, 600, 398, 599, 399, 1, -1, -0.7853981633974483, 1.4142135623730951
579, 61, 412, 94, 410, 94, 2, 0, 0.0, 2.0
579, 62, 527, 398, 525, 399, 2, -1, -0.4636476090008061, 2.23606797749979
579, 64, 541, 106, 540, 107, 1, -1, -0.7853981633974483, 1.4142135623730951
579, 66, 250, 395, 249, 396, 1, -1, -0.7853981633974483, 1.4142135623730951
580, 0, 316, 353, 315, 354, 1, -1, -0.7853981633974483, 1.4142135623730951
580, 1, 251, 96, 250, 97, 1, -1, -0.7853981633974483, 1.4142135623730951
580, 3, 23, 179, 22, 180, 1, -1, -0.7853981633974483, 1.4142135623730951
580, 4, 377, 71, 376, 72, 1, -1, -0.7853981633974483, 1.4142135623730951
580, 11, 6, 312, 4, 312, 2, 0, 0.0, 2.0
580, 13, 450, 73, 448, 73, 2, 0, 0.0, 2.0
580, 18, 360, 96, 358, 97, 2, -1, -0.4636476090008061, 2.23606797749979
580, 19, 83, 126, 82, 127, 1, -1, -0.7853981633974483, 1.4142135623730951
580, 21, 389, 98, 388, 99, 1, -1, -0.7853981633974483, 1.4142135623730951
580, 23, 293, 382, 291, 382, 2, 0, 0.0, 2.0
580, 24, 250, 105, 249, 106, 1, -1, -0.7853981633974483, 1.4142135623730951
580, 27, 248, 399, 247, 400, 1, -1, -0.7853981633974483, 1.4142135623730951
580, 29, 421, 86, 420, 87, 1, -1, -0.7853981633974483, 1.4142135623730951
580, 30, 10, 272, 9, 273, 1, -1, -0.7853981633974483, 1.4142135623730951
580, 31, 39, 143, 38, 144, 1, -1, -0.7853981633974483, 1.4142135623730951
580, 33, 275, 404, 274, 405, 1, -1, -0.7853981633974483, 1.4142135623730951
580, 35, 617, 352, 615, 352, 2, 0, 0.0, 2.0
580, 39, 223, 326, 222, 327, 1, -1, -0.7853981633974483, 1.4142135623730951
580, 40, 102, 144, 101, 145, 1, -1, -0.7853981633974483, 1.4142135623730951
580, 42, 354, 106, 350, 106, 4, 0, 0.0, 4.0
581, 0, 317, 352, 316, 353, 1, -1, -0.7853981633974483, 1.4142135623730951
581, 2, 166, 170, 165, 171, 1, -1, -0.7853981633974483, 1.4142135623730951
581, 3, 24, 178, 23, 179, 1, -1, -0.7853981633974483, 1.4142135623730951
581, 7, 123, 69, 122, 70, 1, -1, -0.7853981633974483, 1.4142135623730951
581, 11, 8, 312, 6, 312, 2, 0, 0.0, 2.0
581, 18, 362, 95, 360, 96, 2, -1, -0.4636476090008061, 2.23606797749979
581, 21, 391, 97, 389, 98, 2, -1, -0.4636476090008061, 2.23606797749979
581, 27, 249, 398, 248, 399, 1, -1, -0.7853981633974483, 1.4142135623730951
581, 28, 488, 124, 486, 124, 2, 0, 0.0, 2.0
581, 29, 423, 84, 421, 86, 2, -2, -0.7853981633974483, 2.8284271247461903
581, 31, 40, 142, 39, 143, 1, -1, -0.7853981633974483, 1.4142135623730951
581, 32, 241, 166, 240, 167, 1, -1, -0.7853981633974483, 1.4142135623730951
581, 35, 619, 351, 617, 352, 2, -1, -0.4636476090008061, 2.23606797749979
581, 39, 224, 325, 223, 326, 1, -1, -0.7853981633974483, 1.4142135623730951
581, 40, 103, 143, 102, 144, 1, -1, -0.7853981633974483, 1.4142135623730951
581, 42, 358, 106, 354, 106, 4, 0, 0.0, 4.0
582, 0, 318, 351, 317, 352, 1, -1, -0.7853981633974483, 1.4142135623730951
582, 2, 167, 169, 166, 170, 1, -1, -0.7853981633974483, 1.4142135623730951
582, 4, 379, 70, 378, 71, 1, -1, -0.7853981633974483, 1.4142135623730951
582, 5, 139, 404, 138, 405, 1, -1, -0.7853981633974483, 1.4142135623730951
582, 7, 123, 67, 123, 69, 0, -2, -1.5707963267948966, 2.0
582, 9, 339, 128, 338, 129, 1, -1, -0.7853981633974483, 1.4142135623730951
582, 11, 10, 312, 8, 312, 2, 0, 0.0, 2.0
582, 12, 222, 334, 221, 335, 1, -1, -0.7853981633974483, 1.4142135623730951
582, 15, 37, 404, 36, 405, 1, -1, -0.7853981633974483, 1.4142135623730951
582, 16, 600, 402, 598, 402, 2, 0, 0.0, 2.0
582, 17, 274, 349, 273, 350, 1, -1, -0.7853981633974483, 1.4142135623730951
582, 18, 364, 94, 362, 95, 2, -1, -0.4636476090008061, 2.23606797749979
582, 19, 84, 125, 83, 126, 1, -1, -0.7853981633974483, 1.4142135623730951
582, 21, 393, 96, 391, 97, 2, -1, -0.4636476090008061, 2.23606797749979
582, 22, 206, 111, 204, 111, 2, 0, 0.0, 2.0
582, 23, 296, 382, 294, 382, 2, 0, 0.0, 2.0
582, 27, 250, 397, 249, 398, 1, -1, -0.7853981633974483, 1.4142135623730951
582, 28, 490, 124, 488, 124, 2, 0, 0.0, 2.0
582, 29, 425, 83, 423, 84, 2, -1, -0.4636476090008061, 2.23606797749979
582, 30, 12, 271, 11, 272, 1, -1, -0.7853981633974483, 1.4142135623730951
582, 31, 41, 141, 40, 142, 1, -1, -0.7853981633974483, 1.4142135623730951
582, 32, 242, 165, 241, 166, 1, -1, -0.7853981633974483, 1.4142135623730951
582, 35, 621, 350, 619, 351, 2, -1, -0.4636476090008061, 2.23606797749979
582, 36, 117, 370, 116, 371, 1, -1, -0.7853981633974483, 1.4142135623730951
582, 39, 226, 324, 224, 325, 2, -1, -0.4636476090008061, 2.23606797749979
582, 42, 361, 106, 358, 106, 3, 0, 0.0, 3.0
583, 0, 320, 351, 318, 351, 2, 0, 0.0, 2.0
583, 1, 253, 95, 252, 96, 1, -1, -0.7853981633974483, 1.4142135623730951
583, 2, 168, 168, 167, 169, 1, -1, -0.7853981633974483, 1.4142135623730951
583, 3, 27, 178, 25, 178, 2, 0, 0.0, 2.0
583, 4, 381, 69, 379, 70, 2, -1, -0.4636476090008061, 2.23606797749979
583, 13, 453, 72, 452, 73, 1, -1, -0.7853981633974483, 1.4142135623730951
583, 16, 602, 402, 600, 402, 2, 0, 0.0, 2.0
583, 18, 366, 93, 364, 94, 2, -1, -0.4636476090008061, 2.23606797749979
583, 21, 394, 95, 393, 96, 1, -1, -0.7853981633974483, 1.4142135623730951
583, 24, 251, 102, 250, 103, 1, -1, -0.7853981633974483, 1.4142135623730951
583, 29, 427, 82, 425, 83, 2, -1, -0.4636476090008061, 2.23606797749979
583, 30, 13, 270, 12, 271, 1, -1, -0.7853981633974483, 1.4142135623730951
583, 32, 242, 163, 242, 165, 0, -2, -1.5707963267948966, 2.0
583, 40, 104, 141, 103, 142, 1, -1, -0.7853981633974483, 1.4142135623730951
583, 42, 363, 105, 361, 106, 2, -1, -0.4636476090008061, 2.23606797749979
584, 0, 322, 351, 320, 351, 2, 0, 0.0, 2.0
584, 2, 170, 167, 168, 168, 2, -1, -0.4636476090008061, 2.23606797749979
584, 4, 382, 68, 381, 69, 1, -1, -0.7853981633974483, 1.4142135623730951
584, 5, 140, 403, 139, 404, 1, -1, -0.7853981633974483, 1.4142135623730951
584, 9, 341, 127, 340, 128, 1, -1, -0.7853981633974483, 1.4142135623730951
584, 13, 454, 71, 453, 72, 1, -1, -0.7853981633974483, 1.4142135623730951
584, 16, 604, 402, 602, 402, 2, 0, 0.0, 2.0
584, 17, 276, 348, 275, 349, 1, -1, -0.7853981633974483, 1.4142135623730951
584, 18, 368, 92, 366, 93, 2, -1, -0.4636476090008061, 2.23606797749979
584, 21, 396, 94, 394, 95, 2, -1, -0.4636476090008061, 2.23606797749979
584, 22, 207, 109, 206, 110, 1, -1, -0.7853981633974483, 1.4142135623730951
584, 25, 528, 128, 527, 129, 1, -1, -0.7853981633974483, 1.4142135623730951
584, 29, 430, 81, 427, 82, 3, -1, -0.3217505543966422, 3.1622776601683795
584, 32, 243, 162, 242, 163, 1, -1, -0.7853981633974483, 1.4142135623730951
584, 35, 623, 349, 622, 350, 1, -1, -0.7853981633974483, 1.4142135623730951
584, 39, 228, 323, 227, 324, 1, -1, -0.7853981633974483, 1.4142135623730951
584, 40, 105, 140, 104, 141, 1, -1, -0.7853981633974483, 1.4142135623730951
584, 42, 365, 104, 363, 105, 2, -1, -0.4636476090008061, 2.23606797749979
585, 0, 254, 96, 253, 97, 1, -1, -0.7853981633974483, 1.4142135623730951
585, 1, 324, 355, 322, 355, 2, 0, 0.0, 2.0
585, 4, 28, 178, 27, 179, 1, -1, -0.7853981633974483, 1.4142135623730951
585, 5, 396, 97, 394, 97, 2, 0, 0.0, 2.0
585, 6, 380, 73, 379, 74, 1, -1, -0.7853981633974483, 1.4142135623730951
585, 10, 454, 72, 453, 73, 1, -1, -0.7853981633974483, 1.4142135623730951
585, 13, 176, 351, 175, 352, 1, -1, -0.7853981633974483, 1.4142135623730951
585, 18, 492, 125, 490, 125, 2, 0, 0.0, 2.0
585, 21, 86, 127, 85, 128, 1, -1, -0.7853981633974483, 1.4142135623730951
585, 22, 340, 124, 338, 125, 2, -1, -0.4636476090008061, 2.23606797749979
585, 25, 169, 407, 168, 408, 1, -1, -0.7853981633974483, 1.4142135623730951
585, 29, 329, 97, 327, 98, 2, -1, -0.4636476090008061, 2.23606797749979
585, 32, 428, 86, 426, 86, 2, 0, 0.0, 2.0
585, 34, 176, 396, 175, 397, 1, -1, -0.7853981633974483, 1.4142135623730951
585, 35, 178, 71, 177, 72, 1, -1, -0.7853981633974483, 1.4142135623730951
585, 37, 630, 395, 628, 396, 2, -1, -0.4636476090008061, 2.23606797749979
585, 39, 477, 352, 475, 353, 2, -1, -0.4636476090008061, 2.23606797749979
585, 42, 363, 92, 362, 93, 1, -1, -0.7853981633974483, 1.4142135623730951
586, 1, 326, 355, 324, 355, 2, 0, 0.0, 2.0
586, 2, 171, 171, 169, 172, 2, -1, -0.4636476090008061, 2.23606797749979
586, 4, 30, 178, 28, 178, 2, 0, 0.0, 2.0
586, 6, 381, 72, 380, 73, 1, -1, -0.7853981633974483, 1.4142135623730951
586, 17, 125, 67, 124, 68, 1, -1, -0.7853981633974483, 1.4142135623730951
586, 18, 494, 124, 492, 125, 2, -1, -0.4636476090008061, 2.23606797749979
586, 22, 341, 123, 340, 124, 1, -1, -0.7853981633974483, 1.4142135623730951
586, 26, 16, 272, 14, 272, 2, 0, 0.0, 2.0
586, 30, 282, 404, 281, 405, 1, -1, -0.7853981633974483, 1.4142135623730951
586, 32, 430, 85, 428, 86, 2, -1, -0.4636476090008061, 2.23606797749979
586, 37, 632, 394, 630, 395, 2, -1, -0.4636476090008061, 2.23606797749979
586, 38, 601, 81, 599, 81, 2, 0, 0.0, 2.0
586, 39, 479, 351, 477, 352, 2, -1, -0.4636476090008061, 2.23606797749979
586, 41, 364, 91, 363, 92, 1, -1, -0.7853981633974483, 1.4142135623730951
587, 0, 256, 94, 254, 95, 2, -1, -0.4636476090008061, 2.23606797749979
587, 1, 329, 355, 326, 355, 3, 0, 0.0, 3.0
587, 2, 173, 170, 171, 171, 2, -1, -0.4636476090008061, 2.23606797749979
587, 4, 32, 178, 30, 178, 2, 0, 0.0, 2.0
587, 6, 383, 72, 381, 72, 2, 0, 0.0, 2.0
587, 9, 210, 111, 208, 111, 2, 0, 0.0, 2.0
587, 12, 104, 331, 102, 331, 2, 0, 0.0, 2.0
587, 18, 497, 124, 494, 124, 3, 0, 0.0, 3.0
587, 20, 329, 349, 327, 348, 2, 1, 0.4636476090008061, 2.23606797749979
587, 21, 88, 127, 86, 127, 2, 0, 0.0, 2.0
587, 22, 343, 123, 341, 123, 2, 0, 0.0, 2.0
587, 26, 18, 272, 16, 272, 2, 0, 0.0, 2.0
587, 27, 254, 405, 253, 406, 1, -1, -0.7853981633974483, 1.4142135623730951
587, 28, 76, 306, 75, 307, 1, -1, -0.7853981633974483, 1.4142135623730951
587, 29, 332, 97, 330, 97, 2, 0, 0.0, 2.0
587, 31, 544, 71, 543, 72, 1, -1, -0.7853981633974483, 1.4142135623730951
587, 32, 431, 84, 430, 85, 1, -1, -0.7853981633974483, 1.4142135623730951
587, 34, 179, 395, 177, 396, 2, -1, -0.4636476090008061, 2.23606797749979
587, 37, 634, 394, 632, 394, 2, 0, 0.0, 2.0
587, 38, 603, 81, 601, 81, 2, 0, 0.0, 2.0
587, 39, 481, 351, 479, 351, 2, 0, 0.0, 2.0
587, 40, 85, 328, 84, 329, 1, -1, -0.7853981633974483, 1.4142135623730951
587, 41, 366, 90, 364, 91, 2, -1, -0.4636476090008061, 2.23606797749979
588, 1, 330, 354, 329, 355, 1, -1, -0.7853981633974483, 1.4142135623730951
588, 2, 174, 169, 173, 170, 1, -1, -0.7853981633974483, 1.4142135623730951
588, 4, 33, 177, 32, 178, 1, -1, -0.7853981633974483, 1.4142135623730951
588, 5, 400, 97, 398, 97, 2, 0, 0.0, 2.0
588, 15, 77, 299, 76, 300, 1, -1, -0.7853981633974483, 1.4142135623730951
588, 18, 498, 123, 497, 124, 1, -1, -0.7853981633974483, 1.4142135623730951
588, 25, 171, 405, 170, 406, 1, -1, -0.7853981633974483, 1.4142135623730951
588, 26, 20, 271, 18, 272, 2, -1, -0.4636476090008061, 2.23606797749979
588, 28, 77, 305, 76, 306, 1, -1, -0.7853981633974483, 1.4142135623730951
588, 31, 547, 70, 544, 71, 3, -1, -0.3217505543966422, 3.1622776601683795
588, 32, 432, 83, 431, 84, 1, -1, -0.7853981633974483, 1.4142135623730951
588, 38, 605, 80, 603, 81, 2, -1, -0.4636476090008061, 2.23606797749979
588, 41, 368, 90, 366, 90, 2, 0, 0.0, 2.0
589, 0, 257, 93, 256, 94, 1, -1, -0.7853981633974483, 1.4142135623730951
589, 1, 331, 353, 330, 354, 1, -1, -0.7853981633974483, 1.4142135623730951
589, 2, 175, 168, 174, 169, 1, -1, -0.7853981633974483, 1.4142135623730951
589, 3, 145, 404, 144, 405, 1, -1, -0.7853981633974483, 1.4142135623730951
589, 6, 386, 71, 384, 72, 2, -1, -0.4636476090008061, 2.23606797749979
589, 9, 211, 109, 210, 110, 1, -1, -0.7853981633974483, 1.4142135623730951
589, 10, 459, 72, 457, 72, 2, 0, 0.0, 2.0
589, 18, 500, 122, 498, 123, 2, -1, -0.4636476090008061, 2.23606797749979
589, 30, 285, 403, 284, 404, 1, -1, -0.7853981633974483, 1.4142135623730951
589, 31, 549, 70, 547, 70, 2, 0, 0.0, 2.0
589, 32, 434, 83, 432, 83, 2, 0, 0.0, 2.0
589, 35, 182, 70, 181, 71, 1, -1, -0.7853981633974483, 1.4142135623730951
589, 38, 607, 80, 605, 80, 2, 0, 0.0, 2.0
589, 42, 222, 155, 221, 156, 1, -1, -0.7853981633974483, 1.4142135623730951
590, 6, 387, 70, 386, 71, 1, -1, -0.7853981633974483, 1.4142135623730951
590, 10, 79, 306, 78, 307, 1, -1, -0.7853981633974483, 1.4142135623730951
590, 13, 400, 97, 399, 98, 1, -1, -0.7853981633974483, 1.4142135623730951
590, 14, 338, 129, 337, 130, 1, -1, -0.7853981633974483, 1.4142135623730951
590, 17, 459, 74, 457, 74, 2, 0, 0.0, 2.0
590, 25, 631, 351, 629, 352, 2, -1, -0.4636476090008061, 2.23606797749979
590, 27, 481, 352, 480, 353, 1, -1, -0.7853981633974483, 1.4142135623730951
590, 28, 286, 404, 285, 405, 1, -1, -0.7853981633974483, 1.4142135623730951
590, 29, 496, 393, 494, 394, 2, -1, -0.4636476090008061, 2.23606797749979
590, 33, 178, 174, 177, 175, 1, -1, -0.7853981633974483, 1.4142135623730951
590, 36, 498, 123, 496, 124, 2, -1, -0.4636476090008061, 2.23606797749979
590, 38, 635, 394, 634, 395, 1, -1, -0.7853981633974483, 1.4142135623730951
590, 41, 290, 100, 289, 101, 1, -1, -0.7853981633974483, 1.4142135623730951
590, 42, 550, 110, 548, 109, 2, 1, 0.4636476090008061, 2.23606797749979
590, 46, 346, 125, 344, 125, 2, 0, 0.0, 2.0
591, 0, 259, 96, 258, 97, 1, -1, -0.7853981633974483, 1.4142135623730951
591, 1, 172, 170, 171, 171, 1, -1, -0.7853981633974483, 1.4142135623730951
591, 2, 329, 354, 328, 355, 1, -1, -0.7853981633974483, 1.4142135623730951
591, 3, 34, 178, 33, 179, 1, -1, -0.7853981633974483, 1.4142135623730951
591, 5, 86, 376, 85, 377, 1, -1, -0.7853981633974483, 1.4142135623730951
591, 6, 388, 69, 387, 70, 1, -1, -0.7853981633974483, 1.4142135623730951
591, 8, 145, 404, 144, 405, 1, -1, -0.7853981633974483, 1.4142135623730951
591, 13, 401, 96, 400, 97, 1, -1, -0.7853981633974483, 1.4142135623730951
591, 14, 339, 128, 338, 129, 1, -1, -0.7853981633974483, 1.4142135623730951
591, 15, 226, 409, 225, 410, 1, -1, -0.7853981633974483, 1.4142135623730951
591, 17, 460, 73, 459, 74, 1, -1, -0.7853981633974483, 1.4142135623730951
591, 22, 164, 90, 163, 91, 1, -1, -0.7853981633974483, 1.4142135623730951
591, 25, 633, 351, 631, 351, 2, 0, 0.0, 2.0
591, 27, 483, 351, 481, 352, 2, -1, -0.4636476090008061, 2.23606797749979
591, 28, 287, 403, 286, 404, 1, -1, -0.7853981633974483, 1.4142135623730951
591, 29, 499, 392, 496, 393, 3, -1, -0.3217505543966422, 3.1622776601683795
591, 35, 500, 122, 498, 123, 2, -1, -0.4636476090008061, 2.23606797749979
591, 36, 326, 345, 325, 346, 1, -1, -0.7853981633974483, 1.4142135623730951
591, 40, 291, 99, 290, 100, 1, -1, -0.7853981633974483, 1.4142135623730951
591, 41, 553, 112, 550, 110, 3, 2, 0.5880026035475675, 3.605551275463989
592, 3, 35, 177, 34, 178, 1, -1, -0.7853981633974483, 1.4142135623730951
592, 12, 212, 109, 211, 110, 1, -1, -0.7853981633974483, 1.4142135623730951
592, 14, 340, 127, 339, 128, 1, -1, -0.7853981633974483, 1.4142135623730951
592, 15, 227, 408, 226, 409, 1, -1, -0.7853981633974483, 1.4142135623730951
592, 25, 635, 350, 633, 351, 2, -1, -0.4636476090008061, 2.23606797749979
592, 27, 484, 350, 483, 351, 1, -1, -0.7853981633974483, 1.4142135623730951
592, 28, 288, 402, 287, 403, 1, -1, -0.7853981633974483, 1.4142135623730951
592, 29, 500, 391, 499, 392, 1, -1, -0.7853981633974483, 1.4142135623730951
592, 32, 180, 173, 179, 174, 1, -1, -0.7853981633974483, 1.4142135623730951
592, 34, 305, 382, 304, 383, 1, -1, -0.7853981633974483, 1.4142135623730951
592, 35, 502, 121, 500, 122, 2, -1, -0.4636476090008061, 2.23606797749979
592, 40, 292, 98, 291, 99, 1, -1, -0.7853981633974483, 1.4142135623730951
592, 41, 556, 113, 553, 112, 3, 1, 0.3217505543966422, 3.1622776601683795
592, 43, 371, 98, 370, 99, 1, -1, -0.7853981633974483, 1.4142135623730951
592, 44, 202, 158, 201, 159, 1, -1, -0.7853981633974483, 1.4142135623730951
593, 2, 331, 353, 330, 354, 1, -1, -0.7853981633974483, 1.4142135623730951
593, 5, 88, 375, 87, 376, 1, -1, -0.7853981633974483, 1.4142135623730951
593, 7, 261, 405, 257, 406, 4, -1, -0.24497866312686414, 4.123105625617661
593, 10, 82, 305, 81, 306, 1, -1, -0.7853981633974483, 1.4142135623730951
593, 11, 46, 404, 42, 405, 4, -1, -0.24497866312686414, 4.123105625617661
593, 14, 342, 126, 340, 127, 2, -1, -0.4636476090008061, 2.23606797749979
593, 16, 185, 72, 184, 73, 1, -1, -0.7853981633974483, 1.4142135623730951
593, 17, 463, 73, 461, 73, 2, 0, 0.0, 2.0
593, 22, 165, 89, 164, 90, 1, -1, -0.7853981633974483, 1.4142135623730951
593, 24, 227, 156, 225, 157, 2, -1, -0.4636476090008061, 2.23606797749979
593, 27, 485, 349, 484, 350, 1, -1, -0.7853981633974483, 1.4142135623730951
593, 29, 503, 389, 500, 391, 3, -2, -0.5880026035475675, 3.605551275463989
593, 30, 129, 373, 125, 373, 4, 0, 0.0, 4.0
593, 34, 307, 381, 305, 382, 2, -1, -0.4636476090008061, 2.23606797749979
593, 35, 503, 120, 502, 121, 1, -1, -0.7853981633974483, 1.4142135623730951
593, 36, 328, 344, 327, 345, 1, -1, -0.7853981633974483, 1.4142135623730951
593, 39, 52, 143, 48, 144, 4, -1, -0.24497866312686414, 4.123105625617661
593, 40, 293, 97, 292, 98, 1, -1, -0.7853981633974483, 1.4142135623730951
593, 41, 558, 113, 556, 113, 2, 0, 0.0, 2.0
593, 43, 373, 97, 371, 98, 2, -1, -0.4636476090008061, 2.23606797749979
594, 2, 332, 352, 331, 353, 1, -1, -0.7853981633974483, 1.4142135623730951
594, 3, 37, 176, 36, 177, 1, -1, -0.7853981633974483, 1.4142135623730951
594, 8, 147, 403, 146, 404, 1, -1, -0.7853981633974483, 1.4142135623730951
594, 12, 213, 107, 212, 108, 1, -1, -0.7853981633974483, 1.4142135623730951
594, 13, 405, 95, 403, 96, 2, -1, -0.4636476090008061, 2.23606797749979
594, 17, 465, 73, 463, 73, 2, 0, 0.0, 2.0
594, 27, 488, 347, 485, 349, 3, -2, -0.5880026035475675, 3.605551275463989
594, 29, 505, 387, 503, 389, 2, -2, -0.7853981633974483, 2.8284271247461903
594, 31, 437, 86, 435, 86, 2, 0, 0.0, 2.0
594, 32, 181, 172, 180, 173, 1, -1, -0.7853981633974483, 1.4142135623730951
594, 35, 504, 119, 503, 120, 1, -1, -0.7853981633974483, 1.4142135623730951
594, 36, 330, 344, 328, 344, 2, 0, 0.0, 2.0
594, 39, 53, 142, 52, 143, 1, -1, -0.7853981633974483, 1.4142135623730951
595, 0, 334, 354, 332, 355, 2, -1, -0.4636476090008061, 2.23606797749979
595, 1, 260, 95, 259, 97, 1, -2, -1.1071487177940904, 2.23606797749979
595, 2, 392, 71, 390, 72, 2, -1, -0.4636476090008061, 2.23606797749979
595, 3, 176, 170, 175, 171, 1, -1, -0.7853981633974483, 1.4142135623730951
595, 4, 37, 178, 36, 179, 1, -1, -0.7853981633974483, 1.4142135623730951
595, 5, 88, 376, 87, 377, 1, -1, -0.7853981633974483, 1.4142135623730951
595, 6, 83, 305, 82, 306, 1, -1, -0.7853981633974483, 1.4142135623730951
595, 8, 290, 99, 289, 101, 1, -2, -1.1071487177940904, 2.23606797749979
595, 16, 92, 127, 91, 128, 1, -1, -0.7853981633974483, 1.4142135623730951
595, 23, 25, 272, 23, 273, 2, -1, -0.4636476090008061, 2.23606797749979
595, 25, 405, 97, 403, 97, 2, 0, 0.0, 2.0
595, 26, 186, 73, 185, 74, 1, -1, -0.7853981633974483, 1.4142135623730951
595, 27, 631, 348, 629, 349, 2, -1, -0.4636476090008061, 2.23606797749979
595, 28, 503, 124, 501, 124, 2, 0, 0.0, 2.0
595, 29, 342, 128, 341, 129, 1, -1, -0.7853981633974483, 1.4142135623730951
595, 30, 228, 409, 227, 410, 1, -1, -0.7853981633974483, 1.4142135623730951
595, 31, 542, 131, 540, 131, 2, 0, 0.0, 2.0
595, 34, 612, 82, 610, 83, 2, -1, -0.4636476090008061, 2.23606797749979
595, 38, 463, 73, 462, 74, 1, -1, -0.7853981633974483, 1.4142135623730951
595, 40, 166, 90, 165, 91, 1, -1, -0.7853981633974483, 1.4142135623730951
595, 43, 306, 356, 305, 357, 1, -1, -0.7853981633974483, 1.4142135623730951
595, 44, 369, 101, 368, 102, 1, -1, -0.7853981633974483, 1.4142135623730951
595, 46, 559, 75, 557, 76, 2, -1, -0.4636476090008061, 2.23606797749979
595, 47, 289, 348, 288, 349, 1, -1, -0.7853981633974483, 1.4142135623730951
595, 49, 517, 100, 516, 101, 1, -1, -0.7853981633974483, 1.4142135623730951
595, 51, 394, 79, 392, 79, 2, 0, 0.0, 2.0
595, 52, 89, 321, 87, 322, 2, -1, -0.4636476090008061, 2.23606797749979
596, 0, 336, 353, 334, 354, 2, -1, -0.4636476090008061, 2.23606797749979
596, 1, 261, 94, 260, 95, 1, -1, -0.7853981633974483, 1.4142135623730951
596, 2, 393, 70, 392, 71, 1, -1, -0.7853981633974483, 1.4142135623730951
596, 3, 177, 169, 176, 170, 1, -1, -0.7853981633974483, 1.4142135623730951
596, 4, 38, 177, 37, 178, 1, -1, -0.7853981633974483, 1.4142135623730951
596, 5, 89, 375, 88, 376, 1, -1, -0.7853981633974483, 1.4142135623730951
596, 6, 84, 304, 83, 305, 1, -1, -0.7853981633974483, 1.4142135623730951
596, 8, 292, 98, 290, 99, 2, -1, -0.4636476090008061, 2.23606797749979
596, 11, 213, 109, 212, 110, 1, -1, -0.7853981633974483, 1.4142135623730951
596, 13, 439, 86, 437, 86, 2, 0, 0.0, 2.0
596, 19, 112, 330, 111, 331, 1, -1, -0.7853981633974483, 1.4142135623730951
596, 20, 148, 405, 147, 406, 1, -1, -0.7853981633974483, 1.4142135623730951
596, 22, 174, 407, 173, 408, 1, -1, -0.7853981633974483, 1.4142135623730951
596, 23, 26, 271, 25, 272, 1, -1, -0.7853981633974483, 1.4142135623730951
596, 25, 408, 97, 405, 97, 3, 0, 0.0, 3.0
596, 26, 187, 72, 186, 73, 1, -1, -0.7853981633974483, 1.4142135623730951
596, 27, 633, 347, 631, 348, 2, -1, -0.4636476090008061, 2.23606797749979
596, 29, 344, 127, 342, 128, 2, -1, -0.4636476090008061, 2.23606797749979
596, 31, 545, 131, 542, 131, 3, 0, 0.0, 3.0
596, 34, 614, 80, 612, 82, 2, -2, -0.7853981633974483, 2.8284271247461903
596, 35, 247, 164, 246, 165, 1, -1, -0.7853981633974483, 1.4142135623730951
596, 38, 465, 72, 463, 73, 2, -1, -0.4636476090008061, 2.23606797749979
596, 39, 338, 97, 337, 98, 1, -1, -0.7853981633974483, 1.4142135623730951
596, 43, 307, 355, 306, 356, 1, -1, -0.7853981633974483, 1.4142135623730951
596, 44, 370, 100, 369, 101, 1, -1, -0.7853981633974483, 1.4142135623730951
596, 46, 562, 74, 559, 75, 3, -1, -0.3217505543966422, 3.1622776601683795
596, 48, 580, 358, 579, 359, 1, -1, -0.7853981633974483, 1.4142135623730951
596, 49, 519, 100, 517, 100, 2, 0, 0.0, 2.0
596, 51, 395, 78, 394, 79, 1, -1, -0.7853981633974483, 1.4142135623730951
596, 52, 91, 321, 89, 321, 2, 0, 0.0, 2.0
596, 53, 519, 133, 516, 133, 3, 0, 0.0, 3.0
597, 0, 338, 352, 336, 353, 2, -1, -0.4636476090008061, 2.23606797749979
597, 1, 262, 93, 261, 94, 1, -1, -0.7853981633974483, 1.4142135623730951
597, 2, 395, 70, 393, 70, 2, 0, 0.0, 2.0
597, 3, 178, 168, 177, 169, 1, -1, -0.7853981633974483, 1.4142135623730951
597, 4, 40, 175, 38, 177, 2, -2, -0.7853981633974483, 2.8284271247461903
597, 7, 281, 354, 280, 353, 1, 1, 0.7853981633974483, 1.4142135623730951
597, 8, 294, 98, 292, 98, 2, 0, 0.0, 2.0
597, 10, 8, 345, 7, 346, 1, -1, -0.7853981633974483, 1.4142135623730951
597, 11, 214, 108, 213, 109, 1, -1, -0.7853981633974483, 1.4142135623730951
597, 13, 441, 86, 439, 86, 2, 0, 0.0, 2.0
597, 16, 93, 125, 92, 126, 1, -1, -0.7853981633974483, 1.4142135623730951
597, 21, 376, 95, 374, 95, 2, 0, 0.0, 2.0
597, 23, 28, 271, 26, 271, 2, 0, 0.0, 2.0
597, 25, 410, 96, 408, 97, 2, -1, -0.4636476090008061, 2.23606797749979
597, 26, 188, 71, 187, 72, 1, -1, -0.7853981633974483, 1.4142135623730951
597, 27, 635, 346, 633, 347, 2, -1, -0.4636476090008061, 2.23606797749979
597, 28, 506, 124, 504, 124, 2, 0, 0.0, 2.0
597, 29, 346, 127, 344, 127, 2, 0, 0.0, 2.0
597, 30, 229, 407, 228, 408, 1, -1, -0.7853981633974483, 1.4142135623730951
597, 31, 547, 131, 545, 131, 2, 0, 0.0, 2.0
597, 34, 616, 79, 614, 80, 2, -1, -0.4636476090008061, 2.23606797749979
597, 38, 467, 71, 465, 72, 2, -1, -0.4636476090008061, 2.23606797749979
597, 40, 167, 89, 166, 90, 1, -1, -0.7853981633974483, 1.4142135623730951
597, 43, 308, 354, 307, 355, 1, -1, -0.7853981633974483, 1.4142135623730951
597, 46, 564, 73, 562, 74, 2, -1, -0.4636476090008061, 2.23606797749979
597, 47, 290, 346, 289, 347, 1, -1, -0.7853981633974483, 1.4142135623730951
597, 48, 582, 357, 580, 358, 2, -1, -0.4636476090008061, 2.23606797749979
597, 49, 521, 100, 519, 100, 2, 0, 0.0, 2.0
597, 51, 396, 77, 395, 78, 1, -1, -0.7853981633974483, 1.4142135623730951
597, 52, 93, 321, 91, 321, 2, 0, 0.0, 2.0
597, 53, 521, 133, 519, 133, 2, 0, 0.0, 2.0
598, 0, 340, 351, 338, 352, 2, -1, -0.4636476090008061, 2.23606797749979
598, 1, 263, 92, 262, 93, 1, -1, -0.7853981633974483, 1.4142135623730951
598, 2, 397, 69, 395, 70, 2, -1, -0.4636476090008061, 2.23606797749979
598, 4, 41, 174, 40, 175, 1, -1, -0.7853981633974483, 1.4142135623730951
598, 8, 296, 98, 294, 98, 2, 0, 0.0, 2.0
598, 10, 9, 344, 8, 345, 1, -1, -0.7853981633974483, 1.4142135623730951
598, 11, 215, 107, 214, 108, 1, -1, -0.7853981633974483, 1.4142135623730951
598, 13, 444, 86, 441, 86, 3, 0, 0.0, 3.0
598, 16, 94, 124, 93, 125, 1, -1, -0.7853981633974483, 1.4142135623730951
598, 19, 113, 328, 112, 329, 1, -1, -0.7853981633974483, 1.4142135623730951
598, 21, 378, 95, 376, 95, 2, 0, 0.0, 2.0
598, 23, 29, 270, 28, 271, 1, -1, -0.7853981633974483, 1.4142135623730951
598, 25, 411, 95, 410, 96, 1, -1, -0.7853981633974483, 1.4142135623730951
598, 26, 189, 70, 188, 71, 1, -1, -0.7853981633974483, 1.4142135623730951
598, 28, 508, 124, 506, 124, 2, 0, 0.0, 2.0
598, 29, 348, 127, 346, 127, 2, 0, 0.0, 2.0
598, 31, 549, 131, 547, 131, 2, 0, 0.0, 2.0
598, 34, 618, 78, 616, 79, 2, -1, -0.4636476090008061, 2.23606797749979
598, 35, 248, 163, 247, 164, 1, -1, -0.7853981633974483, 1.4142135623730951
598, 38, 469, 70, 467, 71, 2, -1, -0.4636476090008061, 2.23606797749979
598, 43, 310, 353, 308, 354, 2, -1, -0.4636476090008061, 2.23606797749979
598, 44, 372, 99, 371, 100, 1, -1, -0.7853981633974483, 1.4142135623730951
598, 46, 566, 72, 564, 73, 2, -1, -0.4636476090008061, 2.23606797749979
598, 48, 584, 356, 582, 357, 2, -1, -0.4636476090008061, 2.23606797749979
598, 49, 523, 100, 521, 100, 2, 0, 0.0, 2.0
598, 51, 397, 76, 396, 77, 1, -1, -0.7853981633974483, 1.4142135623730951
599, 0, 341, 350, 340, 351, 1, -1, -0.7853981633974483, 1.4142135623730951
599, 2, 398, 68, 397, 69, 1, -1, -0.7853981633974483, 1.4142135623730951
599, 3, 179, 166, 178, 167, 1, -1, -0.7853981633974483, 1.4142135623730951
599, 4, 42, 173, 41, 174, 1, -1, -0.7853981633974483, 1.4142135623730951
599, 12, 263, 405, 262, 406, 1, -1, -0.7853981633974483, 1.4142135623730951
599, 13, 446, 85, 444, 86, 2, -1, -0.4636476090008061, 2.23606797749979
599, 14, 44, 404, 43, 405, 1, -1, -0.7853981633974483, 1.4142135623730951
599, 21, 380, 94, 378, 95, 2, -1, -0.4636476090008061, 2.23606797749979
599, 23, 30, 269, 29, 270, 1, -1, -0.7853981633974483, 1.4142135623730951
599, 26, 190, 69, 189, 70, 1, -1, -0.7853981633974483, 1.4142135623730951
599, 28, 510, 124, 508, 124, 2, 0, 0.0, 2.0
599, 33, 30, 133, 28, 133, 2, 0, 0.0, 2.0
599, 34, 620, 78, 618, 78, 2, 0, 0.0, 2.0
599, 37, 254, 321, 253, 322, 1, -1, -0.7853981633974483, 1.4142135623730951
599, 38, 471, 69, 469, 70, 2, -1, -0.4636476090008061, 2.23606797749979
599, 39, 342, 97, 340, 97, 2, 0, 0.0, 2.0
599, 41, 258, 393, 257, 394, 1, -1, -0.7853981633974483, 1.4142135623730951
599, 42, 55, 143, 54, 144, 1, -1, -0.7853981633974483, 1.4142135623730951
599, 43, 311, 352, 310, 353, 1, -1, -0.7853981633974483, 1.4142135623730951
599, 44, 374, 98, 372, 99, 2, -1, -0.4636476090008061, 2.23606797749979
599, 46, 568, 71, 566, 72, 2, -1, -0.4636476090008061, 2.23606797749979
599, 48, 589, 354, 584, 356, 5, -2, -0.3805063771123649, 5.385164807134504
599, 51, 398, 75, 397, 76, 1, -1, -0.7853981633974483, 1.4142135623730951
599, 52, 96, 321, 94, 321, 2, 0, 0.0, 2.0
600, 2, 264, 94, 263, 95, 1, -1, -0.7853981633974483, 1.4142135623730951
600, 3, 397, 70, 396, 71, 1, -1, -0.7853981633974483, 1.4142135623730951
600, 4, 412, 98, 410, 98, 2, 0, 0.0, 2.0
600, 8, 10, 348, 9, 349, 1, -1, -0.7853981633974483, 1.4142135623730951
600, 16, 113, 330, 112, 331, 1, -1, -0.7853981633974483, 1.4142135623730951
600, 18, 189, 73, 188, 74, 1, -1, -0.7853981633974483, 1.4142135623730951
600, 19, 217, 110, 216, 111, 1, -1, -0.7853981633974483, 1.4142135623730951
600, 20, 31, 133, 29, 134, 2, -1, -0.4636476090008061, 2.23606797749979
600, 24, 86, 305, 85, 306, 1, -1, -0.7853981633974483, 1.4142135623730951
600, 27, 509, 125, 507, 125, 2, 0, 0.0, 2.0
600, 29, 559, 104, 558, 105, 1, -1, -0.7853981633974483, 1.4142135623730951
600, 30, 248, 164, 247, 165, 1, -1, -0.7853981633974483, 1.4142135623730951
600, 33, 560, 72, 558, 72, 2, 0, 0.0, 2.0
600, 34, 470, 73, 468, 74, 2, -1, -0.4636476090008061, 2.23606797749979
600, 35, 29, 272, 28, 273, 1, -1, -0.7853981633974483, 1.4142135623730951
600, 39, 263, 406, 262, 407, 1, -1, -0.7853981633974483, 1.4142135623730951
600, 45, 148, 106, 147, 107, 1, -1, -0.7853981633974483, 1.4142135623730951
600, 47, 32, 127, 30, 127, 2, 0, 0.0, 2.0
600, 49, 13, 342, 11, 342, 2, 0, 0.0, 2.0
600, 50, 622, 401, 620, 401, 2, 0, 0.0, 2.0
600, 51, 125, 90, 125, 92, 0, -2, -1.5707963267948966, 2.0
600, 56, 618, 82, 616, 82, 2, 0, 0.0, 2.0
600, 59, 380, 95, 378, 96, 2, -1, -0.4636476090008061, 2.23606797749979
600, 60, 6, 160, 5, 161, 1, -1, -0.7853981633974483, 1.4142135623730951
600, 62, 313, 385, 312, 386, 1, -1, -0.7853981633974483, 1.4142135623730951
600, 63, 290, 404, 289, 405, 1, -1, -0.7853981633974483, 1.4142135623730951
600, 64, 304, 94, 302, 95, 2, -1, -0.4636476090008061, 2.23606797749979
601, 0, 340, 353, 339, 354, 1, -1, -0.7853981633974483, 1.4142135623730951
601, 3, 398, 69, 397, 70, 1, -1, -0.7853981633974483, 1.4142135623730951
601, 10, 266, 100, 265, 101, 1, -1, -0.7853981633974483, 1.4142135623730951
601, 11, 234, 408, 233, 409, 1, -1, -0.7853981633974483, 1.4142135623730951
601, 13, 131, 68, 130, 69, 1, -1, -0.7853981633974483, 1.4142135623730951
601, 18, 190, 72, 189, 73, 1, -1, -0.7853981633974483, 1.4142135623730951
601, 20, 32, 132, 31, 133, 1, -1, -0.7853981633974483, 1.4142135623730951
601, 23, 171, 90, 170, 91, 1, -1, -0.7853981633974483, 1.4142135623730951
601, 24, 87, 304, 86, 305, 1, -1, -0.7853981633974483, 1.4142135623730951
601, 29, 560, 103, 559, 104, 1, -1, -0.7853981633974483, 1.4142135623730951
601, 34, 472, 72, 470, 73, 2, -1, -0.4636476090008061, 2.23606797749979
601, 35, 31, 271, 29, 272, 2, -1, -0.4636476090008061, 2.23606797749979
601, 39, 264, 405, 263, 406, 1, -1, -0.7853981633974483, 1.4142135623730951
601, 40, 244, 362, 243, 361, 1, 1, 0.7853981633974483, 1.4142135623730951
601, 45, 149, 105, 148, 106, 1, -1, -0.7853981633974483, 1.4142135623730951
601, 46, 547, 131, 546, 132, 1, -1, -0.7853981633974483, 1.4142135623730951
601, 47, 33, 126, 32, 127, 1, -1, -0.7853981633974483, 1.4142135623730951
601, 48, 14, 102, 13, 103, 1, -1, -0.7853981633974483, 1.4142135623730951
601, 49, 15, 342, 13, 342, 2, 0, 0.0, 2.0
601, 50, 624, 401, 622, 401, 2, 0, 0.0, 2.0
601, 52, 258, 140, 257, 141, 1, -1, -0.7853981633974483, 1.4142135623730951
601, 56, 620, 82, 618, 82, 2, 0, 0.0, 2.0
601, 57, 344, 99, 342, 99, 2, 0, 0.0, 2.0
601, 59, 382, 95, 380, 95, 2, 0, 0.0, 2.0
601, 60, 7, 159, 6, 160, 1, -1, -0.7853981633974483, 1.4142135623730951
601, 62, 314, 384, 313, 385, 1, -1, -0.7853981633974483, 1.4142135623730951
601, 63, 291, 403, 290, 404, 1, -1, -0.7853981633974483, 1.4142135623730951
601, 64, 306, 94, 304, 94, 2, 0, 0.0, 2.0
602, 0, 342, 352, 340, 353, 2, -1, -0.4636476090008061, 2.23606797749979
602, 2, 265, 92, 264, 93, 1, -1, -0.7853981633974483, 1.4142135623730951
602, 3, 399, 68, 398, 69, 1, -1, -0.7853981633974483, 1.4142135623730951
602, 4, 415, 97, 413, 98, 2, -1, -0.4636476090008061, 2.23606797749979
602, 8, 12, 347, 11, 348, 1, -1, -0.7853981633974483, 1.4142135623730951
602, 10, 267, 99, 266, 100, 1, -1, -0.7853981633974483, 1.4142135623730951
602, 11, 235, 407, 234, 408, 1, -1, -0.7853981633974483, 1.4142135623730951
602, 14, 151, 403, 149, 404, 2, -1, -0.4636476090008061, 2.23606797749979
602, 16, 114, 329, 113, 330, 1, -1, -0.7853981633974483, 1.4142135623730951
602, 17, 95, 125, 94, 126, 1, -1, -0.7853981633974483, 1.4142135623730951
602, 18, 193, 71, 190, 72, 3, -1, -0.3217505543966422, 3.1622776601683795
602, 20, 34, 132, 32, 132, 2, 0, 0.0, 2.0
602, 21, 97, 154, 96, 155, 1, -1, -0.7853981633974483, 1.4142135623730951
602, 22, 91, 375, 90, 376, 1, -1, -0.7853981633974483, 1.4142135623730951
602, 27, 512, 125, 510, 125, 2, 0, 0.0, 2.0
602, 30, 249, 162, 248, 163, 1, -1, -0.7853981633974483, 1.4142135623730951
602, 33, 563, 72, 561, 72, 2, 0, 0.0, 2.0
602, 34, 474, 71, 472, 72, 2, -1, -0.4636476090008061, 2.23606797749979
602, 35, 34, 269, 31, 271, 3, -2, -0.5880026035475675, 3.605551275463989
602, 37, 445, 83, 443, 82, 2, 1, 0.4636476090008061, 2.23606797749979
602, 39, 265, 404, 264, 405, 1, -1, -0.7853981633974483, 1.4142135623730951
602, 45, 151, 104, 149, 105, 2, -1, -0.4636476090008061, 2.23606797749979
602, 46, 549, 130, 547, 131, 2, -1, -0.4636476090008061, 2.23606797749979
602, 49, 17, 342, 15, 342, 2, 0, 0.0, 2.0
602, 50, 626, 401, 624, 401, 2, 0, 0.0, 2.0
602, 56, 622, 82, 620, 82, 2, 0, 0.0, 2.0
602, 59, 384, 95, 382, 95, 2, 0, 0.0, 2.0
602, 60, 9, 158, 7, 159, 2, -1, -0.4636476090008061, 2.23606797749979
602, 62, 315, 383, 314, 384, 1, -1, -0.7853981633974483, 1.4142135623730951
602, 63, 294, 402, 291, 403, 3, -1, -0.3217505543966422, 3.1622776601683795
602, 64, 307, 93, 306, 94, 1, -1, -0.7853981633974483, 1.4142135623730951
603, 0, 344, 352, 342, 352, 2, 0, 0.0, 2.0
603, 3, 401, 67, 399, 68, 2, -1, -0.4636476090008061, 2.23606797749979
603, 4, 416, 96, 415, 97, 1, -1, -0.7853981633974483, 1.4142135623730951
603, 5, 42, 175, 41, 176, 1, -1, -0.7853981633974483, 1.4142135623730951
603, 9, 286, 354, 285, 355, 1, -1, -0.7853981633974483, 1.4142135623730951
603, 14, 152, 402, 151, 403, 1, -1, -0.7853981633974483, 1.4142135623730951
603, 18, 194, 70, 193, 71, 1, -1, -0.7853981633974483, 1.4142135623730951
603, 21, 98, 153, 97, 154, 1, -1, -0.7853981633974483, 1.4142135623730951
603, 24, 88, 302, 87, 303, 1, -1, -0.7853981633974483, 1.4142135623730951
603, 26, 140, 80, 139, 81, 1, -1, -0.7853981633974483, 1.4142135623730951
603, 28, 144, 138, 143, 139, 1, -1, -0.7853981633974483, 1.4142135623730951
603, 29, 562, 104, 561, 103, 1, 1, 0.7853981633974483, 1.4142135623730951
603, 34, 475, 70, 474, 71, 1, -1, -0.7853981633974483, 1.4142135623730951
603, 35, 36, 268, 34, 269, 2, -1, -0.4636476090008061, 2.23606797749979
603, 37, 447, 83, 445, 83, 2, 0, 0.0, 2.0
603, 39, 266, 403, 265, 404, 1, -1, -0.7853981633974483, 1.4142135623730951
603, 45, 152, 103, 151, 104, 1, -1, -0.7853981633974483, 1.4142135623730951
603, 46, 551, 129, 549, 130, 2, -1, -0.4636476090008061, 2.23606797749979
603, 50, 628, 401, 626, 401, 2, 0, 0.0, 2.0
603, 52, 259, 138, 258, 139, 1, -1, -0.7853981633974483, 1.4142135623730951
603, 53, 106, 187, 105, 188, 1, -1, -0.7853981633974483, 1.4142135623730951
603, 57, 347, 99, 345, 99, 2, 0, 0.0, 2.0
603, 59, 385, 94, 384, 95, 1, -1, -0.7853981633974483, 1.4142135623730951
603, 60, 10, 157, 9, 158, 1, -1, -0.7853981633974483, 1.4142135623730951
603, 62, 317, 382, 315, 383, 2, -1, -0.4636476090008061, 2.23606797749979
603, 63, 295, 401, 294, 402, 1, -1, -0.7853981633974483, 1.4142135623730951
604, 3, 403, 67, 401, 67, 2, 0, 0.0, 2.0
604, 4, 417, 95, 416, 96, 1, -1, -0.7853981633974483, 1.4142135623730951
604, 5, 43, 174, 42, 175, 1, -1, -0.7853981633974483, 1.4142135623730951
604, 7, 276, 128, 275, 129, 1, -1, -0.7853981633974483, 1.4142135623730951
604, 8, 13, 345, 12, 346, 1, -1, -0.7853981633974483, 1.4142135623730951
604, 9, 287, 353, 286, 354, 1, -1, -0.7853981633974483, 1.4142135623730951
604, 14, 153, 401, 152, 402, 1, -1, -0.7853981633974483, 1.4142135623730951
604, 16, 115, 328, 114, 329, 1, -1, -0.7853981633974483, 1.4142135623730951
604, 18, 196, 69, 194, 70, 2, -1, -0.4636476090008061, 2.23606797749979
604, 23, 174, 89, 173, 90, 1, -1, -0.7853981633974483, 1.4142135623730951
604, 24, 89, 301, 88, 302, 1, -1, -0.7853981633974483, 1.4142135623730951
604, 26, 141, 79, 140, 80, 1, -1, -0.7853981633974483, 1.4142135623730951
604, 28, 145, 137, 144, 138, 1, -1, -0.7853981633974483, 1.4142135623730951
604, 29, 564, 105, 562, 104, 2, 1, 0.4636476090008061, 2.23606797749979
604, 34, 477, 69, 475, 70, 2, -1, -0.4636476090008061, 2.23606797749979
604, 35, 38, 267, 36, 268, 2, -1, -0.4636476090008061, 2.23606797749979
604, 38, 180, 406, 179, 407, 1, -1, -0.7853981633974483, 1.4142135623730951
604, 39, 267, 402, 266, 403, 1, -1, -0.7853981633974483, 1.4142135623730951
604, 45, 154, 102, 152, 103, 2, -1, -0.4636476090008061, 2.23606797749979
604, 46, 553, 128, 551, 129, 2, -1, -0.4636476090008061, 2.23606797749979
604, 50, 630, 401, 628, 401, 2, 0, 0.0, 2.0
604, 56, 625, 82, 623, 82, 2, 0, 0.0, 2.0
604, 58, 386, 93, 385, 94, 1, -1, -0.7853981633974483, 1.4142135623730951
604, 59, 11, 156, 10, 157, 1, -1, -0.7853981633974483, 1.4142135623730951
604, 61, 318, 381, 317, 382, 1, -1, -0.7853981633974483, 1.4142135623730951
604, 64, 159, 310, 157, 312, 2, -2, -0.7853981633974483, 2.8284271247461903
605, 3, 416, 97, 415, 98, 1, -1, -0.7853981633974483, 1.4142135623730951
605, 6, 235, 407, 234, 408, 1, -1, -0.7853981633974483, 1.4142135623730951
605, 10, 312, 99, 310, 100, 2, -1, -0.4636476090008061, 2.23606797749979
605, 16, 181, 94, 180, 95, 1, -1, -0.7853981633974483, 1.4142135623730951
605, 20, 476, 72, 474, 73, 2, -1, -0.4636476090008061, 2.23606797749979
605, 21, 173, 90, 172, 91, 1, -1, -0.7853981633974483, 1.4142135623730951
605, 25, 359, 125, 358, 126, 1, -1, -0.7853981633974483, 1.4142135623730951
605, 29, 8, 347, 7, 348, 1, -1, -0.7853981633974483, 1.4142135623730951
605, 30, 624, 82, 622, 82, 2, 0, 0.0, 2.0
605, 31, 498, 351, 497, 352, 1, -1, -0.7853981633974483, 1.4142135623730951
605, 32, 428, 131, 427, 133, 1, -2, -1.1071487177940904, 2.23606797749979
605, 33, 98, 126, 97, 127, 1, -1, -0.7853981633974483, 1.4142135623730951
605, 34, 298, 401, 297, 402, 1, -1, -0.7853981633974483, 1.4142135623730951
605, 36, 33, 129, 32, 130, 1, -1, -0.7853981633974483, 1.4142135623730951
605, 37, 553, 131, 551, 132, 2, -1, -0.4636476090008061, 2.23606797749979
605, 38, 565, 71, 564, 72, 1, -1, -0.7853981633974483, 1.4142135623730951
605, 39, 627, 402, 625, 402, 2, 0, 0.0, 2.0
605, 47, 94, 375, 93, 376, 1, -1, -0.7853981633974483, 1.4142135623730951
605, 48, 348, 105, 346, 105, 2, 0, 0.0, 2.0
605, 49, 503, 128, 501, 129, 2, -1, -0.4636476090008061, 2.23606797749979
605, 51, 565, 109, 564, 110, 1, -1, -0.7853981633974483, 1.4142135623730951
605, 52, 394, 79, 393, 80, 1, -1, -0.7853981633974483, 1.4142135623730951
605, 55, 317, 384, 316, 385, 1, -1, -0.7853981633974483, 1.4142135623730951
606, 0, 343, 353, 342, 354, 1, -1, -0.7853981633974483, 1.4142135623730951
606, 1, 183, 170, 182, 171, 1, -1, -0.7853981633974483, 1.4142135623730951
606, 3, 417, 96, 416, 97, 1, -1, -0.7853981633974483, 1.4142135623730951
606, 6, 236, 406, 235, 407, 1, -1, -0.7853981633974483, 1.4142135623730951
606, 7, 154, 404, 153, 405, 1, -1, -0.7853981633974483, 1.4142135623730951
606, 12, 133, 69, 132, 70, 1, -1, -0.7853981633974483, 1.4142135623730951
606, 21, 174, 89, 173, 90, 1, -1, -0.7853981633974483, 1.4142135623730951
606, 23, 515, 125, 513, 126, 2, -1, -0.4636476090008061, 2.23606797749979
606, 24, 267, 406, 266, 407, 1, -1, -0.7853981633974483, 1.4142135623730951
606, 25, 360, 124, 359, 125, 1, -1, -0.7853981633974483, 1.4142135623730951
606, 27, 35, 270, 34, 271, 1, -1, -0.7853981633974483, 1.4142135623730951
606, 29, 626, 81, 624, 82, 2, -1, -0.4636476090008061, 2.23606797749979
606, 30, 500, 351, 498, 351, 2, 0, 0.0, 2.0
606, 33, 299, 400, 298, 401, 1, -1, -0.7853981633974483, 1.4142135623730951
606, 36, 555, 130, 553, 131, 2, -1, -0.4636476090008061, 2.23606797749979
606, 37, 566, 70, 565, 71, 1, -1, -0.7853981633974483, 1.4142135623730951
606, 38, 629, 402, 627, 402, 2, 0, 0.0, 2.0
606, 41, 92, 302, 90, 302, 2, 0, 0.0, 2.0
606, 43, 253, 164, 252, 165, 1, -1, -0.7853981633974483, 1.4142135623730951
606, 46, 95, 374, 94, 375, 1, -1, -0.7853981633974483, 1.4142135623730951
606, 48, 505, 128, 503, 128, 2, 0, 0.0, 2.0
606, 50, 395, 78, 394, 79, 1, -1, -0.7853981633974483, 1.4142135623730951
606, 51, 449, 87, 448, 88, 1, -1, -0.7853981633974483, 1.4142135623730951
606, 52, 437, 95, 436, 96, 1, -1, -0.7853981633974483, 1.4142135623730951
606, 53, 318, 383, 317, 384, 1, -1, -0.7853981633974483, 1.4142135623730951
606, 54, 10, 159, 9, 160, 1, -1, -0.7853981633974483, 1.4142135623730951
607, 0, 345, 352, 343, 353, 2, -1, -0.4636476090008061, 2.23606797749979
607, 3, 418, 95, 417, 96, 1, -1, -0.7853981633974483, 1.4142135623730951
607, 5, 47, 177, 46, 178, 1, -1, -0.7853981633974483, 1.4142135623730951
607, 8, 403, 71, 402, 72, 1, -1, -0.7853981633974483, 1.4142135623730951
607, 9, 115, 330, 114, 331, 1, -1, -0.7853981633974483, 1.4142135623730951
607, 13, 289, 355, 288, 356, 1, -1, -0.7853981633974483, 1.4142135623730951
607, 18, 17, 318, 16, 319, 1, -1, -0.7853981633974483, 1.4142135623730951
607, 23, 517, 125, 515, 125, 2, 0, 0.0, 2.0
607, 24, 268, 405, 267, 406, 1, -1, -0.7853981633974483, 1.4142135623730951
607, 25, 361, 123, 360, 124, 1, -1, -0.7853981633974483, 1.4142135623730951
607, 27, 36, 269, 35, 270, 1, -1, -0.7853981633974483, 1.4142135623730951
607, 28, 10, 346, 9, 347, 1, -1, -0.7853981633974483, 1.4142135623730951
607, 29, 628, 81, 626, 81, 2, 0, 0.0, 2.0
607, 30, 502, 351, 500, 351, 2, 0, 0.0, 2.0
607, 31, 431, 131, 429, 131, 2, 0, 0.0, 2.0
607, 32, 99, 125, 98, 126, 1, -1, -0.7853981633974483, 1.4142135623730951
607, 35, 35, 128, 34, 129, 1, -1, -0.7853981633974483, 1.4142135623730951
607, 37, 568, 70, 566, 70, 2, 0, 0.0, 2.0
607, 38, 630, 401, 629, 402, 1, -1, -0.7853981633974483, 1.4142135623730951
607, 47, 508, 127, 505, 128, 3, -1, -0.3217505543966422, 3.1622776601683795
607, 49, 396, 77, 395, 78, 1, -1, -0.7853981633974483, 1.4142135623730951
607, 50, 451, 87, 449, 87, 2, 0, 0.0, 2.0
607, 51, 439, 95, 437, 95, 2, 0, 0.0, 2.0
607, 52, 320, 382, 318, 383, 2, -1, -0.4636476090008061, 2.23606797749979
607, 54, 61, 143, 60, 144, 1, -1, -0.7853981633974483, 1.4142135623730951
608, 2, 272, 94, 271, 95, 1, -1, -0.7853981633974483, 1.4142135623730951
608, 3, 419, 94, 418, 95, 1, -1, -0.7853981633974483, 1.4142135623730951
608, 6, 238, 405, 237, 406, 1, -1, -0.7853981633974483, 1.4142135623730951
608, 8, 404, 70, 403, 71, 1, -1, -0.7853981633974483, 1.4142135623730951
608, 17, 270, 101, 269, 102, 1, -1, -0.7853981633974483, 1.4142135623730951
608, 18, 18, 317, 17, 318, 1, -1, -0.7853981633974483, 1.4142135623730951
608, 23, 519, 125, 517, 125, 2, 0, 0.0, 2.0
608, 24, 269, 404, 268, 405, 1, -1, -0.7853981633974483, 1.4142135623730951
608, 25, 362, 122, 361, 123, 1, -1, -0.7853981633974483, 1.4142135623730951
608, 27, 37, 268, 36, 269, 1, -1, -0.7853981633974483, 1.4142135623730951
608, 30, 503, 350, 502, 351, 1, -1, -0.7853981633974483, 1.4142135623730951
608, 31, 433, 130, 431, 131, 2, -1, -0.4636476090008061, 2.23606797749979
608, 37, 570, 71, 568, 70, 2, 1, 0.4636476090008061, 2.23606797749979
608, 38, 632, 400, 630, 401, 2, -1, -0.4636476090008061, 2.23606797749979
608, 47, 509, 128, 508, 127, 1, 1, 0.7853981633974483, 1.4142135623730951
608, 48, 568, 109, 566, 109, 2, 0, 0.0, 2.0
608, 49, 397, 76, 396, 77, 1, -1, -0.7853981633974483, 1.4142135623730951
608, 50, 452, 86, 451, 87, 1, -1, -0.7853981633974483, 1.4142135623730951
608, 51, 441, 95, 439, 95, 2, 0, 0.0, 2.0
608, 52, 322, 382, 320, 382, 2, 0, 0.0, 2.0
608, 53, 11, 157, 10, 158, 1, -1, -0.7853981633974483, 1.4142135623730951
608, 54, 62, 142, 61, 143, 1, -1, -0.7853981633974483, 1.4142135623730951
608, 55, 386, 92, 384, 93, 2, -1, -0.4636476090008061, 2.23606797749979
608, 56, 247, 360, 246, 361, 1, -1, -0.7853981633974483, 1.4142135623730951
609, 3, 420, 93, 419, 94, 1, -1, -0.7853981633974483, 1.4142135623730951
609, 7, 155, 402, 154, 403, 1, -1, -0.7853981633974483, 1.4142135623730951
609, 11, 233, 336, 232, 337, 1, -1, -0.7853981633974483, 1.4142135623730951
609, 13, 291, 354, 290, 355, 1, -1, -0.7853981633974483, 1.4142135623730951
609, 16, 184, 93, 183, 94, 1, -1, -0.7853981633974483, 1.4142135623730951
609, 17, 271, 100, 270, 101, 1, -1, -0.7853981633974483, 1.4142135623730951
609, 21, 176, 87, 175, 88, 1, -1, -0.7853981633974483, 1.4142135623730951
609, 23, 521, 124, 519, 125, 2, -1, -0.4636476090008061, 2.23606797749979
609, 24, 270, 403, 269, 404, 1, -1, -0.7853981633974483, 1.4142135623730951
609, 25, 363, 121, 362, 122, 1, -1, -0.7853981633974483, 1.4142135623730951
609, 30, 505, 350, 503, 350, 2, 0, 0.0, 2.0
609, 31, 435, 129, 433, 130, 2, -1, -0.4636476090008061, 2.23606797749979
609, 32, 100, 124, 99, 125, 1, -1, -0.7853981633974483, 1.4142135623730951
609, 33, 302, 399, 301, 400, 1, -1, -0.7853981633974483, 1.4142135623730951
609, 38, 633, 399, 632, 400, 1, -1, -0.7853981633974483, 1.4142135623730951
609, 40, 287, 348, 286, 349, 1, -1, -0.7853981633974483, 1.4142135623730951
609, 43, 254, 161, 253, 162, 1, -1, -0.7853981633974483, 1.4142135623730951
609, 48, 571, 110, 568, 109, 3, 1, 0.3217505543966422, 3.1622776601683795
609, 51, 443, 95, 441, 95, 2, 0, 0.0, 2.0
609, 52, 324, 381, 322, 382, 2, -1, -0.4636476090008061, 2.23606797749979
609, 53, 12, 156, 11, 157, 1, -1, -0.7853981633974483, 1.4142135623730951
609, 54, 63, 141, 62, 142, 1, -1, -0.7853981633974483, 1.4142135623730951
609, 55, 388, 91, 386, 92, 2, -1, -0.4636476090008061, 2.23606797749979
610, 4, 405, 71, 404, 72, 1, -1, -0.7853981633974483, 1.4142135623730951
610, 6, 421, 96, 420, 97, 1, -1, -0.7853981633974483, 1.4142135623730951
610, 8, 238, 408, 237, 409, 1, -1, -0.7853981633974483, 1.4142135623730951
610, 11, 291, 355, 290, 356, 1, -1, -0.7853981633974483, 1.4142135623730951
610, 18, 176, 90, 175, 91, 1, -1, -0.7853981633974483, 1.4142135623730951
610, 20, 19, 319, 18, 320, 1, -1, -0.7853981633974483, 1.4142135623730951
610, 21, 385, 106, 381, 106, 4, 0, 0.0, 4.0
610, 23, 558, 132, 556, 132, 2, 0, 0.0, 2.0
610, 26, 520, 125, 518, 126, 2, -1, -0.4636476090008061, 2.23606797749979
610, 28, 575, 74, 573, 74, 2, 0, 0.0, 2.0
610, 29, 628, 82, 627, 83, 1, -1, -0.7853981633974483, 1.4142135623730951
610, 30, 454, 87, 452, 88, 2, -1, -0.4636476090008061, 2.23606797749979
610, 31, 39, 270, 38, 271, 1, -1, -0.7853981633974483, 1.4142135623730951
610, 34, 446, 100, 442, 99, 4, 1, 0.24497866312686414, 4.123105625617661
610, 35, 502, 351, 501, 352, 1, -1, -0.7853981633974483, 1.4142135623730951
610, 36, 517, 394, 515, 394, 2, 0, 0.0, 2.0
610, 37, 18, 350, 16, 350, 2, 0, 0.0, 2.0
610, 41, 323, 381, 321, 382, 2, -1, -0.4636476090008061, 2.23606797749979
610, 45, 351, 101, 350, 102, 1, -1, -0.7853981633974483, 1.4142135623730951
610, 48, 391, 100, 389, 100, 2, 0, 0.0, 2.0
610, 50, 632, 400, 631, 401, 1, -1, -0.7853981633974483, 1.4142135623730951
610, 54, 98, 375, 97, 376, 1, -1, -0.7853981633974483, 1.4142135623730951
611, 4, 406, 70, 405, 71, 1, -1, -0.7853981633974483, 1.4142135623730951
611, 7, 119, 91, 118, 92, 1, -1, -0.7853981633974483, 1.4142135623730951
611, 10, 368, 128, 367, 129, 1, -1, -0.7853981633974483, 1.4142135623730951
611, 11, 293, 354, 291, 355, 2, -1, -0.4636476090008061, 2.23606797749979
611, 18, 177, 89, 176, 90, 1, -1, -0.7853981633974483, 1.4142135623730951
611, 21, 389, 106, 385, 106, 4, 0, 0.0, 4.0
611, 23, 560, 132, 558, 132, 2, 0, 0.0, 2.0
611, 26, 522, 125, 520, 125, 2, 0, 0.0, 2.0
611, 27, 31, 316, 30, 317, 1, -1, -0.7853981633974483, 1.4142135623730951
611, 28, 577, 73, 575, 74, 2, -1, -0.4636476090008061, 2.23606797749979
611, 29, 630, 81, 628, 82, 2, -1, -0.4636476090008061, 2.23606797749979
611, 30, 456, 86, 454, 87, 2, -1, -0.4636476090008061, 2.23606797749979
611, 34, 450, 100, 446, 100, 4, 0, 0.0, 4.0
611, 35, 503, 349, 502, 351, 1, -2, -1.1071487177940904, 2.23606797749979
611, 36, 520, 393, 517, 394, 3, -1, -0.3217505543966422, 3.1622776601683795
611, 37, 19, 349, 18, 350, 1, -1, -0.7853981633974483, 1.4142135623730951
611, 41, 325, 380, 323, 381, 2, -1, -0.4636476090008061, 2.23606797749979
611, 43, 63, 144, 62, 145, 1, -1, -0.7853981633974483, 1.4142135623730951
611, 44, 352, 100, 351, 101, 1, -1, -0.7853981633974483, 1.4142135623730951
611, 45, 94, 303, 93, 304, 1, -1, -0.7853981633974483, 1.4142135623730951
611, 46, 211, 157, 210, 158, 1, -1, -0.7853981633974483, 1.4142135623730951
611, 47, 393, 99, 391, 100, 2, -1, -0.4636476090008061, 2.23606797749979
611, 48, 274, 395, 273, 396, 1, -1, -0.7853981633974483, 1.4142135623730951
611, 49, 634, 399, 632, 400, 2, -1, -0.4636476090008061, 2.23606797749979
611, 53, 99, 374, 98, 375, 1, -1, -0.7853981633974483, 1.4142135623730951
612, 0, 273, 95, 272, 96, 1, -1, -0.7853981633974483, 1.4142135623730951
612, 1, 187, 170, 186, 171, 1, -1, -0.7853981633974483, 1.4142135623730951
612, 4, 407, 69, 406, 70, 1, -1, -0.7853981633974483, 1.4142135623730951
612, 6, 424, 95, 422, 96, 2, -1, -0.4636476090008061, 2.23606797749979
612, 8, 240, 407, 239, 408, 1, -1, -0.7853981633974483, 1.4142135623730951
612, 11, 295, 353, 293, 354, 2, -1, -0.4636476090008061, 2.23606797749979
612, 12, 137, 68, 136, 69, 1, -1, -0.7853981633974483, 1.4142135623730951
612, 14, 319, 99, 318, 100, 1, -1, -0.7853981633974483, 1.4142135623730951
612, 18, 178, 88, 177, 89, 1, -1, -0.7853981633974483, 1.4142135623730951
612, 19, 106, 126, 105, 127, 1, -1, -0.7853981633974483, 1.4142135623730951
612, 20, 21, 318, 20, 319, 1, -1, -0.7853981633974483, 1.4142135623730951
612, 21, 392, 105, 389, 106, 3, -1, -0.3217505543966422, 3.1622776601683795
612, 23, 562, 132, 560, 132, 2, 0, 0.0, 2.0
612, 27, 33, 315, 31, 316, 2, -1, -0.4636476090008061, 2.23606797749979
612, 28, 579, 72, 577, 73, 2, -1, -0.4636476090008061, 2.23606797749979
612, 29, 632, 80, 630, 81, 2, -1, -0.4636476090008061, 2.23606797749979
612, 30, 459, 85, 456, 86, 3, -1, -0.3217505543966422, 3.1622776601683795
612, 33, 280, 125, 279, 126, 1, -1, -0.7853981633974483, 1.4142135623730951
612, 34, 453, 100, 450, 100, 3, 0, 0.0, 3.0
612, 35, 504, 347, 503, 349, 1, -2, -1.1071487177940904, 2.23606797749979
612, 36, 522, 391, 520, 393, 2, -2, -0.7853981633974483, 2.8284271247461903
612, 37, 20, 348, 19, 349, 1, -1, -0.7853981633974483, 1.4142135623730951
612, 40, 117, 142, 116, 143, 1, -1, -0.7853981633974483, 1.4142135623730951
612, 43, 64, 143, 63, 144, 1, -1, -0.7853981633974483, 1.4142135623730951
612, 45, 95, 302, 94, 303, 1, -1, -0.7853981633974483, 1.4142135623730951
612, 47, 395, 98, 393, 99, 2, -1, -0.4636476090008061, 2.23606797749979
612, 48, 276, 396, 274, 395, 2, 1, 0.4636476090008061, 2.23606797749979
612, 49, 635, 398, 634, 399, 1, -1, -0.7853981633974483, 1.4142135623730951
612, 51, 181, 406, 180, 407, 1, -1, -0.7853981633974483, 1.4142135623730951
612, 53, 100, 373, 99, 374, 1, -1, -0.7853981633974483, 1.4142135623730951
613, 2, 352, 354, 350, 354, 2, 0, 0.0, 2.0
613, 3, 52, 177, 51, 178, 1, -1, -0.7853981633974483, 1.4142135623730951
613, 6, 425, 94, 424, 95, 1, -1, -0.7853981633974483, 1.4142135623730951
613, 11, 296, 352, 295, 353, 1, -1, -0.7853981633974483, 1.4142135623730951
613, 12, 138, 67, 137, 68, 1, -1, -0.7853981633974483, 1.4142135623730951
613, 21, 394, 104, 392, 105, 2, -1, -0.4636476090008061, 2.23606797749979
613, 22, 236, 338, 235, 337, 1, 1, 0.7853981633974483, 1.4142135623730951
613, 23, 564, 132, 562, 132, 2, 0, 0.0, 2.0
613, 26, 525, 125, 523, 125, 2, 0, 0.0, 2.0
613, 27, 34, 314, 33, 315, 1, -1, -0.7853981633974483, 1.4142135623730951
613, 28, 582, 71, 579, 72, 3, -1, -0.3217505543966422, 3.1622776601683795
613, 29, 634, 79, 632, 80, 2, -1, -0.4636476090008061, 2.23606797749979
613, 30, 461, 84, 459, 85, 2, -1, -0.4636476090008061, 2.23606797749979
613, 31, 42, 269, 41, 270, 1, -1, -0.7853981633974483, 1.4142135623730951
613, 32, 239, 309, 238, 310, 1, -1, -0.7853981633974483, 1.4142135623730951
613, 34, 455, 99, 453, 100, 2, -1, -0.4636476090008061, 2.23606797749979
613, 35, 507, 347, 504, 347, 3, 0, 0.0, 3.0
613, 36, 524, 389, 522, 391, 2, -2, -0.7853981633974483, 2.8284271247461903
613, 37, 21, 347, 20, 348, 1, -1, -0.7853981633974483, 1.4142135623730951
613, 41, 328, 379, 326, 380, 2, -1, -0.4636476090008061, 2.23606797749979
613, 44, 355, 100, 353, 100, 2, 0, 0.0, 2.0
613, 47, 397, 97, 395, 98, 2, -1, -0.4636476090008061, 2.23606797749979
613, 48, 277, 395, 276, 396, 1, -1, -0.7853981633974483, 1.4142135623730951
613, 52, 300, 119, 298, 119, 2, 0, 0.0, 2.0
614, 0, 275, 94, 274, 95, 1, -1, -0.7853981633974483, 1.4142135623730951
614, 1, 189, 169, 188, 170, 1, -1, -0.7853981633974483, 1.4142135623730951
614, 3, 53, 176, 52, 177, 1, -1, -0.7853981633974483, 1.4142135623730951
614, 4, 409, 68, 408, 69, 1, -1, -0.7853981633974483, 1.4142135623730951
614, 6, 427, 94, 425, 94, 2, 0, 0.0, 2.0
614, 11, 298, 351, 296, 352, 2, -1, -0.4636476090008061, 2.23606797749979
614, 12, 139, 66, 138, 67, 1, -1, -0.7853981633974483, 1.4142135623730951
614, 13, 485, 72, 483, 73, 2, -1, -0.4636476090008061, 2.23606797749979
614, 18, 180, 87, 179, 88, 1, -1, -0.7853981633974483, 1.4142135623730951
614, 19, 108, 125, 107, 126, 1, -1, -0.7853981633974483, 1.4142135623730951
614, 21, 396, 103, 394, 104, 2, -1, -0.4636476090008061, 2.23606797749979
614, 23, 566, 132, 564, 132, 2, 0, 0.0, 2.0
614, 24, 128, 97, 127, 98, 1, -1, -0.7853981633974483, 1.4142135623730951
614, 25, 274, 404, 273, 405, 1, -1, -0.7853981633974483, 1.4142135623730951
614, 26, 527, 125, 525, 125, 2, 0, 0.0, 2.0
614, 27, 37, 313, 34, 314, 3, -1, -0.3217505543966422, 3.1622776601683795
614, 28, 585, 70, 582, 71, 3, -1, -0.3217505543966422, 3.1622776601683795
614, 29, 635, 78, 634, 79, 1, -1, -0.7853981633974483, 1.4142135623730951
614, 30, 463, 84, 461, 84, 2, 0, 0.0, 2.0
614, 34, 458, 98, 455, 99, 3, -1, -0.3217505543966422, 3.1622776601683795
614, 35, 510, 345, 507, 347, 3, -2, -0.5880026035475675, 3.605551275463989
614, 36, 525, 385, 524, 389, 1, -4, -1.3258176636680326, 4.123105625617661
614, 37, 22, 346, 21, 347, 1, -1, -0.7853981633974483, 1.4142135623730951
614, 40, 118, 141, 117, 142, 1, -1, -0.7853981633974483, 1.4142135623730951
614, 41, 329, 378, 328, 379, 1, -1, -0.7853981633974483, 1.4142135623730951
614, 44, 357, 99, 355, 100, 2, -1, -0.4636476090008061, 2.23606797749979
614, 47, 398, 96, 397, 97, 1, -1, -0.7853981633974483, 1.4142135623730951
614, 48, 278, 394, 277, 395, 1, -1, -0.7853981633974483, 1.4142135623730951
614, 51, 182, 405, 181, 406, 1, -1, -0.7853981633974483, 1.4142135623730951
614, 52, 301, 118, 300, 119, 1, -1, -0.7853981633974483, 1.4142135623730951
615, 3, 53, 176, 52, 177, 1, -1, -0.7853981633974483, 1.4142135623730951
615, 4, 411, 71, 409, 71, 2, 0, 0.0, 2.0
615, 6, 427, 96, 425, 96, 2, 0, 0.0, 2.0
615, 8, 329, 380, 327, 381, 2, -1, -0.4636476090008061, 2.23606797749979
615, 10, 119, 86, 119, 88, 0, -2, -1.5707963267948966, 2.0
615, 13, 242, 328, 240, 329, 2, -1, -0.4636476090008061, 2.23606797749979
615, 14, 22, 318, 21, 319, 1, -1, -0.7853981633974483, 1.4142135623730951
615, 15, 51, 406, 50, 407, 1, -1, -0.7853981633974483, 1.4142135623730951
615, 17, 296, 345, 294, 346, 2, -1, -0.4636476090008061, 2.23606797749979
615, 18, 22, 350, 21, 351, 1, -1, -0.7853981633974483, 1.4142135623730951
615, 20, 97, 308, 96, 309, 1, -1, -0.7853981633974483, 1.4142135623730951
615, 23, 34, 314, 32, 314, 2, 0, 0.0, 2.0
615, 24, 296, 352, 296, 355, 0, -3, -1.5707963267948966, 3.0
615, 28, 238, 336, 237, 338, 1, -2, -1.1071487177940904, 2.23606797749979
615, 29, 178, 88, 178, 90, 0, -2, -1.5707963267948966, 2.0
615, 30, 282, 126, 281, 127, 1, -1, -0.7853981633974483, 1.4142135623730951
615, 32, 486, 73, 484, 74, 2, -1, -0.4636476090008061, 2.23606797749979
615, 33, 137, 69, 136, 70, 1, -1, -0.7853981633974483, 1.4142135623730951
615, 35, 200, 71, 199, 72, 1, -1, -0.7853981633974483, 1.4142135623730951
615, 40, 85, 306, 84, 308, 1, -2, -1.1071487177940904, 2.23606797749979
615, 41, 635, 81, 633, 82, 2, -1, -0.4636476090008061, 2.23606797749979
615, 44, 460, 84, 458, 87, 2, -3, -0.982793723247329, 3.605551275463989
616, 4, 412, 70, 411, 71, 1, -1, -0.7853981633974483, 1.4142135623730951
616, 6, 429, 96, 427, 96, 2, 0, 0.0, 2.0
616, 7, 246, 408, 242, 409, 4, -1, -0.24497866312686414, 4.123105625617661
616, 8, 331, 380, 329, 380, 2, 0, 0.0, 2.0
616, 9, 226, 108, 225, 109, 1, -1, -0.7853981633974483, 1.4142135623730951
616, 11, 276, 399, 275, 400, 1, -1, -0.7853981633974483, 1.4142135623730951
616, 16, 526, 126, 524, 126, 2, 0, 0.0, 2.0
616, 17, 297, 344, 296, 345, 1, -1, -0.7853981633974483, 1.4142135623730951
616, 19, 353, 347, 352, 348, 1, -1, -0.7853981633974483, 1.4142135623730951
616, 20, 98, 307, 97, 308, 1, -1, -0.7853981633974483, 1.4142135623730951
616, 26, 186, 407, 183, 408, 3, -1, -0.3217505543966422, 3.1622776601683795
616, 27, 281, 101, 280, 102, 1, -1, -0.7853981633974483, 1.4142135623730951
616, 30, 283, 125, 282, 126, 1, -1, -0.7853981633974483, 1.4142135623730951
616, 31, 565, 133, 563, 133, 2, 0, 0.0, 2.0
616, 32, 488, 72, 486, 73, 2, -1, -0.4636476090008061, 2.23606797749979
616, 33, 140, 67, 137, 69, 3, -2, -0.5880026035475675, 3.605551275463989
616, 36, 105, 126, 104, 127, 1, -1, -0.7853981633974483, 1.4142135623730951
616, 39, 119, 143, 118, 144, 1, -1, -0.7853981633974483, 1.4142135623730951
616, 43, 104, 154, 103, 152, 1, 2, 1.1071487177940904, 2.23606797749979
617, 1, 278, 95, 277, 96, 1, -1, -0.7853981633974483, 1.4142135623730951
617, 2, 356, 354, 354, 355, 2, -1, -0.4636476090008061, 2.23606797749979
617, 3, 55, 176, 53, 176, 2, 0, 0.0, 2.0
617, 6, 431, 96, 429, 96, 2, 0, 0.0, 2.0
617, 8, 332, 379, 331, 380, 1, -1, -0.7853981633974483, 1.4142135623730951
617, 11, 277, 398, 276, 399, 1, -1, -0.7853981633974483, 1.4142135623730951
617, 14, 24, 317, 23, 318, 1, -1, -0.7853981633974483, 1.4142135623730951
617, 18, 24, 349, 23, 350, 1, -1, -0.7853981633974483, 1.4142135623730951
617, 22, 120, 332, 119, 333, 1, -1, -0.7853981633974483, 1.4142135623730951
617, 25, 47, 271, 45, 271, 2, 0, 0.0, 2.0
617, 27, 283, 101, 281, 101, 2, 0, 0.0, 2.0
617, 29, 179, 87, 178, 88, 1, -1, -0.7853981633974483, 1.4142135623730951
617, 30, 284, 124, 283, 125, 1, -1, -0.7853981633974483, 1.4142135623730951
617, 32, 490, 71, 488, 72, 2, -1, -0.4636476090008061, 2.23606797749979
617, 36, 106, 125, 105, 126, 1, -1, -0.7853981633974483, 1.4142135623730951
617, 38, 188, 353, 187, 354, 1, -1, -0.7853981633974483, 1.4142135623730951
618, 2, 357, 353, 356, 354, 1, -1, -0.7853981633974483, 1.4142135623730951
618, 3, 56, 175, 55, 176, 1, -1, -0.7853981633974483, 1.4142135623730951
618, 6, 433, 95, 431, 96, 2, -1, -0.4636476090008061, 2.23606797749979
618, 8, 333, 378, 332, 379, 1, -1, -0.7853981633974483, 1.4142135623730951
618, 9, 227, 107, 226, 108, 1, -1, -0.7853981633974483, 1.4142135623730951
618, 16, 529, 125, 527, 126, 2, -1, -0.4636476090008061, 2.23606797749979
618, 18, 25, 348, 24, 349, 1, -1, -0.7853981633974483, 1.4142135623730951
618, 20, 100, 306, 99, 307, 1, -1, -0.7853981633974483, 1.4142135623730951
618, 24, 299, 351, 298, 352, 1, -1, -0.7853981633974483, 1.4142135623730951
618, 25, 49, 271, 47, 271, 2, 0, 0.0, 2.0
618, 26, 187, 406, 186, 407, 1, -1, -0.7853981633974483, 1.4142135623730951
618, 29, 180, 86, 179, 87, 1, -1, -0.7853981633974483, 1.4142135623730951
618, 30, 285, 123, 284, 124, 1, -1, -0.7853981633974483, 1.4142135623730951
618, 31, 568, 133, 566, 133, 2, 0, 0.0, 2.0
618, 32, 492, 71, 490, 71, 2, 0, 0.0, 2.0
618, 33, 141, 65, 140, 66, 1, -1, -0.7853981633974483, 1.4142135623730951
618, 36, 107, 124, 106, 125, 1, -1, -0.7853981633974483, 1.4142135623730951
619, 3, 57, 174, 56, 175, 1, -1, -0.7853981633974483, 1.4142135623730951
619, 5, 160, 404, 159, 405, 1, -1, -0.7853981633974483, 1.4142135623730951
619, 8, 334, 377, 333, 378, 1, -1, -0.7853981633974483, 1.4142135623730951
619, 11, 101, 301, 99, 301, 2, 0, 0.0, 2.0
619, 13, 26, 315, 24, 316, 2, -1, -0.4636476090008061, 2.23606797749979
619, 15, 531, 125, 529, 125, 2, 0, 0.0, 2.0
619, 16, 300, 343, 299, 344, 1, -1, -0.7853981633974483, 1.4142135623730951
619, 17, 26, 347, 25, 348, 1, -1, -0.7853981633974483, 1.4142135623730951
619, 23, 300, 350, 299, 351, 1, -1, -0.7853981633974483, 1.4142135623730951
619, 24, 51, 271, 49, 271, 2, 0, 0.0, 2.0
619, 25, 188, 405, 187, 406, 1, -1, -0.7853981633974483, 1.4142135623730951
619, 26, 285, 100, 284, 101, 1, -1, -0.7853981633974483, 1.4142135623730951
619, 28, 181, 85, 180, 86, 1, -1, -0.7853981633974483, 1.4142135623730951
619, 29, 286, 122, 285, 123, 1, -1, -0.7853981633974483, 1.4142135623730951
619, 30, 571, 133, 568, 133, 3, 0, 0.0, 3.0
619, 32, 142, 64, 141, 65, 1, -1, -0.7853981633974483, 1.4142135623730951
619, 38, 120, 140, 119, 141, 1, -1, -0.7853981633974483, 1.4142135623730951
619, 39, 88, 304, 87, 305, 1, -1, -0.7853981633974483, 1.4142135623730951
620, 2, 357, 354, 356, 355, 1, -1, -0.7853981633974483, 1.4142135623730951
620, 5, 429, 96, 428, 97, 1, -1, -0.7853981633974483, 1.4142135623730951
620, 7, 229, 109, 228, 110, 1, -1, -0.7853981633974483, 1.4142135623730951
620, 12, 103, 375, 102, 376, 1, -1, -0.7853981633974483, 1.4142135623730951
620, 16, 371, 131, 369, 132, 2, -1, -0.4636476090008061, 2.23606797749979
620, 20, 321, 101, 319, 102, 2, -1, -0.4636476090008061, 2.23606797749979
620, 23, 332, 380, 331, 381, 1, -1, -0.7853981633974483, 1.4142135623730951
620, 28, 65, 181, 64, 182, 1, -1, -0.7853981633974483, 1.4142135623730951
620, 29, 531, 125, 529, 127, 2, -2, -0.7853981633974483, 2.8284271247461903
620, 31, 465, 86, 463, 86, 2, 0, 0.0, 2.0
620, 34, 143, 69, 142, 70, 1, -1, -0.7853981633974483, 1.4142135623730951
620, 35, 310, 404, 309, 405, 1, -1, -0.7853981633974483, 1.4142135623730951
620, 36, 394, 102, 392, 102, 2, 0, 0.0, 2.0
620, 37, 362, 101, 360, 101, 2, 0, 0.0, 2.0
620, 38, 376, 125, 374, 125, 2, 0, 0.0, 2.0
620, 40, 285, 126, 284, 127, 1, -1, -0.7853981633974483, 1.4142135623730951
620, 41, 295, 345, 293, 346, 2, -1, -0.4636476090008061, 2.23606797749979
620, 42, 336, 132, 334, 132, 2, 0, 0.0, 2.0
620, 43, 582, 108, 581, 109, 1, -1, -0.7853981633974483, 1.4142135623730951
620, 44, 121, 144, 120, 145, 1, -1, -0.7853981633974483, 1.4142135623730951
621, 1, 282, 96, 281, 97, 1, -1, -0.7853981633974483, 1.4142135623730951
621, 3, 415, 71, 414, 72, 1, -1, -0.7853981633974483, 1.4142135623730951
621, 10, 26, 347, 25, 348, 1, -1, -0.7853981633974483, 1.4142135623730951
621, 12, 104, 374, 103, 375, 1, -1, -0.7853981633974483, 1.4142135623730951
621, 13, 248, 408, 247, 409, 1, -1, -0.7853981633974483, 1.4142135623730951
621, 14, 300, 353, 299, 354, 1, -1, -0.7853981633974483, 1.4142135623730951
621, 16, 372, 130, 371, 131, 1, -1, -0.7853981633974483, 1.4142135623730951
621, 18, 188, 407, 187, 408, 1, -1, -0.7853981633974483, 1.4142135623730951
621, 22, 585, 73, 583, 73, 2, 0, 0.0, 2.0
621, 23, 333, 379, 332, 380, 1, -1, -0.7853981633974483, 1.4142135623730951
621, 29, 533, 125, 531, 125, 2, 0, 0.0, 2.0
621, 31, 467, 86, 465, 86, 2, 0, 0.0, 2.0
621, 34, 144, 68, 143, 69, 1, -1, -0.7853981633974483, 1.4142135623730951
621, 35, 311, 403, 310, 404, 1, -1, -0.7853981633974483, 1.4142135623730951
621, 37, 364, 100, 362, 101, 2, -1, -0.4636476090008061, 2.23606797749979
621, 41, 297, 344, 295, 345, 2, -1, -0.4636476090008061, 2.23606797749979
621, 42, 338, 132, 336, 132, 2, 0, 0.0, 2.0
621, 43, 584, 108, 582, 108, 2, 0, 0.0, 2.0
622, 2, 359, 353, 358, 354, 1, -1, -0.7853981633974483, 1.4142135623730951
622, 3, 416, 70, 415, 71, 1, -1, -0.7853981633974483, 1.4142135623730951
622, 4, 59, 176, 58, 177, 1, -1, -0.7853981633974483, 1.4142135623730951
622, 5, 432, 96, 430, 96, 2, 0, 0.0, 2.0
622, 7, 230, 108, 229, 109, 1, -1, -0.7853981633974483, 1.4142135623730951
622, 8, 204, 72, 203, 73, 1, -1, -0.7853981633974483, 1.4142135623730951
622, 12, 105, 373, 104, 374, 1, -1, -0.7853981633974483, 1.4142135623730951
622, 16, 373, 129, 372, 130, 1, -1, -0.7853981633974483, 1.4142135623730951
622, 17, 124, 331, 123, 332, 1, -1, -0.7853981633974483, 1.4142135623730951
622, 19, 163, 405, 162, 406, 1, -1, -0.7853981633974483, 1.4142135623730951
622, 23, 334, 378, 333, 379, 1, -1, -0.7853981633974483, 1.4142135623730951
622, 24, 493, 73, 491, 74, 2, -1, -0.4636476090008061, 2.23606797749979
622, 25, 353, 346, 351, 346, 2, 0, 0.0, 2.0
622, 28, 67, 180, 66, 181, 1, -1, -0.7853981633974483, 1.4142135623730951
622, 29, 535, 125, 533, 125, 2, 0, 0.0, 2.0
622, 30, 52, 270, 50, 271, 2, -1, -0.4636476090008061, 2.23606797749979
622, 31, 469, 86, 467, 86, 2, 0, 0.0, 2.0
622, 33, 275, 345, 274, 346, 1, -1, -0.7853981633974483, 1.4142135623730951
622, 35, 312, 402, 311, 403, 1, -1, -0.7853981633974483, 1.4142135623730951
622, 37, 366, 99, 364, 100, 2, -1, -0.4636476090008061, 2.23606797749979
622, 39, 29, 319, 28, 320, 1, -1, -0.7853981633974483, 1.4142135623730951
622, 40, 287, 125, 286, 126, 1, -1, -0.7853981633974483, 1.4142135623730951
622, 41, 299, 343, 297, 344, 2, -1, -0.4636476090008061, 2.23606797749979
622, 42, 340, 132, 338, 132, 2, 0, 0.0, 2.0
622, 43, 586, 108, 584, 108, 2, 0, 0.0, 2.0
622, 44, 122, 142, 121, 143, 1, -1, -0.7853981633974483, 1.4142135623730951
623, 1, 285, 96, 283, 96, 2, 0, 0.0, 2.0
623, 4, 60, 175, 59, 176, 1, -1, -0.7853981633974483, 1.4142135623730951
623, 5, 434, 96, 432, 96, 2, 0, 0.0, 2.0
623, 6, 103, 305, 102, 306, 1, -1, -0.7853981633974483, 1.4142135623730951
623, 13, 249, 407, 248, 408, 1, -1, -0.7853981633974483, 1.4142135623730951
623, 16, 374, 128, 373, 129, 1, -1, -0.7853981633974483, 1.4142135623730951
623, 19, 164, 404, 163, 405, 1, -1, -0.7853981633974483, 1.4142135623730951
623, 22, 589, 72, 586, 73, 3, -1, -0.3217505543966422, 3.1622776601683795
623, 23, 335, 377, 334, 378, 1, -1, -0.7853981633974483, 1.4142135623730951
623, 24, 497, 72, 493, 73, 4, -1, -0.24497866312686414, 4.123105625617661
623, 25, 354, 345, 353, 346, 1, -1, -0.7853981633974483, 1.4142135623730951
623, 29, 537, 125, 535, 125, 2, 0, 0.0, 2.0
623, 30, 54, 270, 52, 270, 2, 0, 0.0, 2.0
623, 31, 471, 86, 469, 86, 2, 0, 0.0, 2.0
623, 33, 276, 344, 275, 345, 1, -1, -0.7853981633974483, 1.4142135623730951
623, 35, 314, 401, 312, 402, 2, -1, -0.4636476090008061, 2.23606797749979
623, 36, 397, 101, 396, 102, 1, -1, -0.7853981633974483, 1.4142135623730951
623, 37, 368, 98, 366, 99, 2, -1, -0.4636476090008061, 2.23606797749979
623, 38, 380, 125, 378, 125, 2, 0, 0.0, 2.0
623, 41, 300, 342, 299, 343, 1, -1, -0.7853981633974483, 1.4142135623730951
623, 42, 343, 132, 340, 132, 3, 0, 0.0, 3.0
623, 43, 588, 109, 586, 108, 2, 1, 0.4636476090008061, 2.23606797749979
624, 0, 194, 171, 193, 172, 1, -1, -0.7853981633974483, 1.4142135623730951
624, 1, 287, 96, 285, 96, 2, 0, 0.0, 2.0
624, 2, 361, 352, 360, 353, 1, -1, -0.7853981633974483, 1.4142135623730951
624, 4, 61, 174, 60, 175, 1, -1, -0.7853981633974483, 1.4142135623730951
624, 5, 436, 96, 434, 96, 2, 0, 0.0, 2.0
624, 6, 104, 304, 103, 305, 1, -1, -0.7853981633974483, 1.4142135623730951
624, 7, 231, 105, 230, 107, 1, -2, -1.1071487177940904, 2.23606797749979
624, 10, 29, 346, 28, 347, 1, -1, -0.7853981633974483, 1.4142135623730951
624, 13, 250, 406, 249, 407, 1, -1, -0.7853981633974483, 1.4142135623730951
624, 15, 282, 404, 281, 405, 1, -1, -0.7853981633974483, 1.4142135623730951
624, 16, 375, 127, 374, 128, 1, -1, -0.7853981633974483, 1.4142135623730951
624, 25, 356, 344, 354, 345, 2, -1, -0.4636476090008061, 2.23606797749979
624, 27, 183, 89, 182, 90, 1, -1, -0.7853981633974483, 1.4142135623730951
624, 29, 539, 126, 537, 125, 2, 1, 0.4636476090008061, 2.23606797749979
624, 30, 56, 270, 54, 270, 2, 0, 0.0, 2.0
624, 39, 31, 318, 30, 319, 1, -1, -0.7853981633974483, 1.4142135623730951
625, 0, 195, 172, 194, 173, 1, -1, -0.7853981633974483, 1.4142135623730951
625, 1, 361, 354, 360, 355, 1, -1, -0.7853981633974483, 1.4142135623730951
625, 2, 286, 96, 285, 97, 1, -1, -0.7853981633974483, 1.4142135623730951
625, 6, 61, 177, 60, 178, 1, -1, -0.7853981633974483, 1.4142135623730951
625, 11, 358, 349, 356, 349, 2, 0, 0.0, 2.0
625, 12, 303, 353, 302, 354, 1, -1, -0.7853981633974483, 1.4142135623730951
625, 24, 110, 125, 109, 126, 1, -1, -0.7853981633974483, 1.4142135623730951
625, 26, 594, 74, 592, 74, 2, 0, 0.0, 2.0
625, 28, 250, 408, 249, 409, 1, -1, -0.7853981633974483, 1.4142135623730951
625, 35, 288, 125, 287, 126, 1, -1, -0.7853981633974483, 1.4142135623730951
625, 39, 501, 76, 499, 76, 2, 0, 0.0, 2.0
625, 42, 537, 128, 535, 128, 2, 0, 0.0, 2.0
625, 45, 337, 380, 336, 381, 1, -1, -0.7853981633974483, 1.4142135623730951
626, 1, 363, 353, 361, 354, 2, -1, -0.4636476090008061, 2.23606797749979
626, 2, 288, 95, 286, 96, 2, -1, -0.4636476090008061, 2.23606797749979
626, 3, 421, 71, 419, 71, 2, 0, 0.0, 2.0
626, 4, 435, 96, 434, 97, 1, -1, -0.7853981633974483, 1.4142135623730951
626, 6, 62, 176, 61, 177, 1, -1, -0.7853981633974483, 1.4142135623730951
626, 7, 206, 71, 205, 72, 1, -1, -0.7853981633974483, 1.4142135623730951
626, 8, 319, 100, 318, 101, 1, -1, -0.7853981633974483, 1.4142135623730951
626, 10, 30, 349, 29, 350, 1, -1, -0.7853981633974483, 1.4142135623730951
626, 11, 360, 348, 358, 349, 2, -1, -0.4636476090008061, 2.23606797749979
626, 17, 192, 406, 191, 407, 1, -1, -0.7853981633974483, 1.4142135623730951
626, 19, 232, 108, 231, 109, 1, -1, -0.7853981633974483, 1.4142135623730951
626, 24, 111, 124, 110, 125, 1, -1, -0.7853981633974483, 1.4142135623730951
626, 27, 165, 404, 164, 405, 1, -1, -0.7853981633974483, 1.4142135623730951
626, 28, 251, 407, 250, 408, 1, -1, -0.7853981633974483, 1.4142135623730951
626, 33, 406, 94, 404, 95, 2, -1, -0.4636476090008061, 2.23606797749979
626, 35, 289, 124, 288, 125, 1, -1, -0.7853981633974483, 1.4142135623730951
626, 42, 539, 128, 537, 128, 2, 0, 0.0, 2.0
627, 0, 196, 170, 195, 171, 1, -1, -0.7853981633974483, 1.4142135623730951
627, 1, 364, 352, 363, 353, 1, -1, -0.7853981633974483, 1.4142135623730951
627, 2, 290, 94, 288, 95, 2, -1, -0.4636476090008061, 2.23606797749979
627, 4, 436, 95, 435, 96, 1, -1, -0.7853981633974483, 1.4142135623730951
627, 6, 63, 175, 62, 176, 1, -1, -0.7853981633974483, 1.4142135623730951
627, 8, 321, 99, 319, 100, 2, -1, -0.4636476090008061, 2.23606797749979
627, 9, 106, 302, 105, 303, 1, -1, -0.7853981633974483, 1.4142135623730951
627, 11, 362, 347, 360, 348, 2, -1, -0.4636476090008061, 2.23606797749979
627, 12, 306, 353, 304, 353, 2, 0, 0.0, 2.0
627, 24, 112, 123, 111, 124, 1, -1, -0.7853981633974483, 1.4142135623730951
627, 26, 596, 73, 595, 74, 1, -1, -0.7853981633974483, 1.4142135623730951
627, 28, 252, 406, 251, 407, 1, -1, -0.7853981633974483, 1.4142135623730951
627, 42, 540, 127, 539, 128, 1, -1, -0.7853981633974483, 1.4142135623730951
627, 43, 279, 394, 278, 395, 1, -1, -0.7853981633974483, 1.4142135623730951
627, 45, 339, 379, 338, 380, 1, -1, -0.7853981633974483, 1.4142135623730951
628, 0, 197, 169, 196, 170, 1, -1, -0.7853981633974483, 1.4142135623730951
628, 2, 292, 93, 290, 94, 2, -1, -0.4636476090008061, 2.23606797749979
628, 3, 424, 70, 422, 71, 2, -1, -0.4636476090008061, 2.23606797749979
628, 6, 64, 174, 63, 175, 1, -1, -0.7853981633974483, 1.4142135623730951
628, 8, 323, 98, 321, 99, 2, -1, -0.4636476090008061, 2.23606797749979
628, 11, 364, 347, 362, 347, 2, 0, 0.0, 2.0
628, 12, 308, 352, 306, 353, 2, -1, -0.4636476090008061, 2.23606797749979
628, 17, 193, 405, 192, 406, 1, -1, -0.7853981633974483, 1.4142135623730951
628, 19, 233, 106, 232, 107, 1, -1, -0.7853981633974483, 1.4142135623730951
628, 22, 284, 405, 283, 406, 1, -1, -0.7853981633974483, 1.4142135623730951
628, 24, 113, 122, 112, 123, 1, -1, -0.7853981633974483, 1.4142135623730951
628, 26, 598, 73, 596, 73, 2, 0, 0.0, 2.0
628, 28, 253, 405, 252, 406, 1, -1, -0.7853981633974483, 1.4142135623730951
628, 29, 57, 271, 56, 272, 1, -1, -0.7853981633974483, 1.4142135623730951
628, 33, 408, 93, 407, 94, 1, -1, -0.7853981633974483, 1.4142135623730951
628, 39, 504, 75, 503, 76, 1, -1, -0.7853981633974483, 1.4142135623730951
628, 46, 258, 158, 258, 160, 0, -2, -1.5707963267948966, 2.0
629, 1, 367, 351, 365, 352, 2, -1, -0.4636476090008061, 2.23606797749979
629, 2, 293, 92, 292, 93, 1, -1, -0.7853981633974483, 1.4142135623730951
629, 3, 426, 69, 424, 70, 2, -1, -0.4636476090008061, 2.23606797749979
629, 4, 439, 94, 437, 95, 2, -1, -0.4636476090008061, 2.23606797749979
629, 5, 123, 90, 122, 91, 1, -1, -0.7853981633974483, 1.4142135623730951
629, 6, 65, 173, 64, 174, 1, -1, -0.7853981633974483, 1.4142135623730951
629, 7, 207, 69, 206, 70, 1, -1, -0.7853981633974483, 1.4142135623730951
629, 8, 325, 98, 323, 98, 2, 0, 0.0, 2.0
629, 9, 107, 301, 106, 302, 1, -1, -0.7853981633974483, 1.4142135623730951
629, 10, 31, 347, 30, 348, 1, -1, -0.7853981633974483, 1.4142135623730951
629, 11, 367, 347, 364, 347, 3, 0, 0.0, 3.0
629, 18, 107, 370, 106, 371, 1, -1, -0.7853981633974483, 1.4142135623730951
629, 21, 285, 404, 284, 405, 1, -1, -0.7853981633974483, 1.4142135623730951
629, 25, 599, 72, 598, 73, 1, -1, -0.7853981633974483, 1.4142135623730951
629, 27, 254, 404, 253, 405, 1, -1, -0.7853981633974483, 1.4142135623730951
629, 28, 58, 270, 57, 271, 1, -1, -0.7853981633974483, 1.4142135623730951
629, 33, 256, 328, 257, 327, -1, 1, 2.356194490192345, 1.4142135623730951
629, 38, 505, 74, 504, 75, 1, -1, -0.7853981633974483, 1.4142135623730951
629, 41, 543, 127, 541, 127, 2, 0, 0.0, 2.0
629, 44, 342, 378, 340, 379, 2, -1, -0.4636476090008061, 2.23606797749979
630, 0, 198, 171, 197, 172, 1, -1, -0.7853981633974483, 1.4142135623730951
630, 1, 291, 95, 290, 96, 1, -1, -0.7853981633974483, 1.4142135623730951
630, 2, 65, 176, 64, 177, 1, -1, -0.7853981633974483, 1.4142135623730951
630, 3, 367, 354, 366, 355, 1, -1, -0.7853981633974483, 1.4142135623730951
630, 4, 441, 97, 439, 97, 2, 0, 0.0, 2.0
630, 5, 424, 70, 422, 71, 2, -1, -0.4636476090008061, 2.23606797749979
630, 7, 5, 331, 4, 332, 1, -1, -0.7853981633974483, 1.4142135623730951
630, 9, 209, 72, 208, 73, 1, -1, -0.7853981633974483, 1.4142135623730951
630, 13, 194, 95, 193, 96, 1, -1, -0.7853981633974483, 1.4142135623730951
630, 16, 194, 406, 193, 407, 1, -1, -0.7853981633974483, 1.4142135623730951
630, 19, 254, 408, 253, 409, 1, -1, -0.7853981633974483, 1.4142135623730951
630, 22, 540, 393, 538, 394, 2, -1, -0.4636476090008061, 2.23606797749979
630, 23, 190, 88, 189, 89, 1, -1, -0.7853981633974483, 1.4142135623730951
630, 31, 286, 406, 285, 407, 1, -1, -0.7853981633974483, 1.4142135623730951
630, 32, 542, 126, 540, 127, 2, -1, -0.4636476090008061, 2.23606797749979
630, 33, 474, 82, 472, 82, 2, 0, 0.0, 2.0
630, 36, 60, 271, 58, 272, 2, -1, -0.4636476090008061, 2.23606797749979
630, 38, 524, 351, 522, 352, 2, -1, -0.4636476090008061, 2.23606797749979
630, 43, 377, 128, 375, 128, 2, 0, 0.0, 2.0
630, 45, 319, 404, 318, 405, 1, -1, -0.7853981633974483, 1.4142135623730951
630, 48, 581, 134, 579, 134, 2, 0, 0.0, 2.0
630, 50, 505, 75, 504, 76, 1, -1, -0.7853981633974483, 1.4142135623730951
630, 51, 333, 351, 332, 352, 1, -1, -0.7853981633974483, 1.4142135623730951
630, 53, 617, 364, 615, 364, 2, 0, 0.0, 2.0
630, 54, 368, 346, 366, 347, 2, -1, -0.4636476090008061, 2.23606797749979
631, 3, 368, 353, 367, 354, 1, -1, -0.7853981633974483, 1.4142135623730951
631, 4, 442, 96, 441, 97, 1, -1, -0.7853981633974483, 1.4142135623730951
631, 5, 425, 69, 424, 70, 1, -1, -0.7853981633974483, 1.4142135623730951
631, 6, 235, 106, 234, 107, 1, -1, -0.7853981633974483, 1.4142135623730951
631, 9, 210, 71, 209, 72, 1, -1, -0.7853981633974483, 1.4142135623730951
631, 16, 195, 405, 194, 406, 1, -1, -0.7853981633974483, 1.4142135623730951
631, 18, 35, 319, 34, 320, 1, -1, -0.7853981633974483, 1.4142135623730951
631, 19, 255, 407, 254, 408, 1, -1, -0.7853981633974483, 1.4142135623730951
631, 20, 115, 123, 114, 124, 1, -1, -0.7853981633974483, 1.4142135623730951
631, 22, 542, 392, 540, 393, 2, -1, -0.4636476090008061, 2.23606797749979
631, 24, 126, 144, 125, 145, 1, -1, -0.7853981633974483, 1.4142135623730951
631, 26, 266, 137, 265, 138, 1, -1, -0.7853981633974483, 1.4142135623730951
631, 27, 310, 354, 309, 355, 1, -1, -0.7853981633974483, 1.4142135623730951
631, 28, 196, 396, 195, 397, 1, -1, -0.7853981633974483, 1.4142135623730951
631, 29, 53, 130, 52, 129, 1, 1, 0.7853981633974483, 1.4142135623730951
631, 31, 287, 405, 286, 406, 1, -1, -0.7853981633974483, 1.4142135623730951
631, 32, 544, 125, 542, 126, 2, -1, -0.4636476090008061, 2.23606797749979
631, 33, 475, 83, 474, 82, 1, 1, 0.7853981633974483, 1.4142135623730951
631, 36, 63, 270, 60, 271, 3, -1, -0.3217505543966422, 3.1622776601683795
631, 37, 108, 370, 107, 371, 1, -1, -0.7853981633974483, 1.4142135623730951
631, 38, 525, 350, 524, 351, 1, -1, -0.7853981633974483, 1.4142135623730951
631, 42, 372, 101, 370, 101, 2, 0, 0.0, 2.0
631, 43, 379, 127, 377, 128, 2, -1, -0.4636476090008061, 2.23606797749979
631, 44, 29, 349, 27, 349, 2, 0, 0.0, 2.0
631, 45, 320, 403, 319, 404, 1, -1, -0.7853981633974483, 1.4142135623730951
631, 48, 583, 134, 581, 134, 2, 0, 0.0, 2.0
631, 50, 506, 74, 505, 75, 1, -1, -0.7853981633974483, 1.4142135623730951
631, 51, 334, 350, 333, 351, 1, -1, -0.7853981633974483, 1.4142135623730951
631, 52, 108, 402, 107, 403, 1, -1, -0.7853981633974483, 1.4142135623730951
631, 53, 620, 364, 617, 364, 3, 0, 0.0, 3.0
631, 54, 369, 345, 368, 346, 1, -1, -0.7853981633974483, 1.4142135623730951
632, 2, 67, 175, 66, 176, 1, -1, -0.7853981633974483, 1.4142135623730951
632, 3, 369, 352, 368, 353, 1, -1, -0.7853981633974483, 1.4142135623730951
632, 7, 8, 330, 6, 331, 2, -1, -0.4636476090008061, 2.23606797749979
632, 15, 138, 96, 137, 97, 1, -1, -0.7853981633974483, 1.4142135623730951
632, 20, 116, 122, 115, 123, 1, -1, -0.7853981633974483, 1.4142135623730951
632, 21, 294, 130, 292, 131, 2, -1, -0.4636476090008061, 2.23606797749979
632, 22, 543, 390, 542, 392, 1, -2, -1.1071487177940904, 2.23606797749979
632, 29, 54, 131, 53, 130, 1, 1, 0.7853981633974483, 1.4142135623730951
632, 31, 288, 404, 287, 405, 1, -1, -0.7853981633974483, 1.4142135623730951
632, 32, 547, 124, 544, 125, 3, -1, -0.3217505543966422, 3.1622776601683795
632, 36, 65, 269, 63, 270, 2, -1, -0.4636476090008061, 2.23606797749979
632, 38, 527, 349, 525, 350, 2, -1, -0.4636476090008061, 2.23606797749979
632, 42, 374, 101, 372, 101, 2, 0, 0.0, 2.0
632, 44, 30, 348, 29, 349, 1, -1, -0.7853981633974483, 1.4142135623730951
632, 48, 585, 133, 583, 134, 2, -1, -0.4636476090008061, 2.23606797749979
632, 49, 158, 140, 157, 139, 1, 1, 0.7853981633974483, 1.4142135623730951
632, 50, 508, 73, 506, 74, 2, -1, -0.4636476090008061, 2.23606797749979
632, 51, 335, 349, 334, 350, 1, -1, -0.7853981633974483, 1.4142135623730951
632, 52, 109, 401, 108, 402, 1, -1, -0.7853981633974483, 1.4142135623730951
632, 53, 621, 362, 620, 364, 1, -2, -1.1071487177940904, 2.23606797749979
632, 54, 371, 344, 369, 345, 2, -1, -0.4636476090008061, 2.23606797749979
633, 1, 295, 95, 293, 95, 2, 0, 0.0, 2.0
633, 2, 68, 174, 67, 175, 1, -1, -0.7853981633974483, 1.4142135623730951
633, 3, 370, 351, 369, 352, 1, -1, -0.7853981633974483, 1.4142135623730951
633, 4, 443, 94, 442, 95, 1, -1, -0.7853981633974483, 1.4142135623730951
633, 7, 9, 329, 8, 330, 1, -1, -0.7853981633974483, 1.4142135623730951
633, 9, 212, 70, 211, 71, 1, -1, -0.7853981633974483, 1.4142135623730951
633, 13, 197, 94, 196, 95, 1, -1, -0.7853981633974483, 1.4142135623730951
633, 16, 197, 403, 195, 404, 2, -1, -0.4636476090008061, 2.23606797749979
633, 20, 117, 121, 116, 122, 1, -1, -0.7853981633974483, 1.4142135623730951
633, 21, 295, 129, 294, 130, 1, -1, -0.7853981633974483, 1.4142135623730951
633, 22, 546, 388, 543, 390, 3, -2, -0.5880026035475675, 3.605551275463989
633, 27, 312, 353, 311, 354, 1, -1, -0.7853981633974483, 1.4142135623730951
633, 29, 56, 131, 54, 131, 2, 0, 0.0, 2.0
633, 31, 289, 403, 288, 404, 1, -1, -0.7853981633974483, 1.4142135623730951
633, 32, 549, 123, 547, 124, 2, -1, -0.4636476090008061, 2.23606797749979
633, 33, 477, 84, 476, 83, 1, 1, 0.7853981633974483, 1.4142135623730951
633, 35, 77, 145, 76, 146, 1, -1, -0.7853981633974483, 1.4142135623730951
633, 36, 67, 269, 65, 269, 2, 0, 0.0, 2.0
633, 38, 529, 346, 527, 349, 2, -3, -0.982793723247329, 3.605551275463989
633, 40, 114, 153, 113, 154, 1, -1, -0.7853981633974483, 1.4142135623730951
633, 45, 322, 402, 321, 403, 1, -1, -0.7853981633974483, 1.4142135623730951
633, 50, 510, 72, 508, 73, 2, -1, -0.4636476090008061, 2.23606797749979
633, 51, 336, 348, 335, 349, 1, -1, -0.7853981633974483, 1.4142135623730951
633, 53, 623, 361, 621, 362, 2, -1, -0.4636476090008061, 2.23606797749979
633, 54, 372, 343, 371, 344, 1, -1, -0.7853981633974483, 1.4142135623730951
634, 7, 10, 328, 9, 329, 1, -1, -0.7853981633974483, 1.4142135623730951
634, 8, 129, 333, 128, 334, 1, -1, -0.7853981633974483, 1.4142135623730951
634, 11, 55, 403, 54, 404, 1, -1, -0.7853981633974483, 1.4142135623730951
634, 13, 198, 93, 197, 94, 1, -1, -0.7853981633974483, 1.4142135623730951
634, 19, 257, 405, 256, 406, 1, -1, -0.7853981633974483, 1.4142135623730951
634, 22, 548, 387, 546, 388, 2, -1, -0.4636476090008061, 2.23606797749979
634, 28, 198, 395, 197, 396, 1, -1, -0.7853981633974483, 1.4142135623730951
634, 35, 78, 144, 77, 145, 1, -1, -0.7853981633974483, 1.4142135623730951
634, 36, 69, 268, 67, 269, 2, -1, -0.4636476090008061, 2.23606797749979
634, 38, 530, 344, 529, 346, 1, -2, -1.1071487177940904, 2.23606797749979
634, 40, 115, 152, 114, 153, 1, -1, -0.7853981633974483, 1.4142135623730951
634, 42, 377, 101, 375, 101, 2, 0, 0.0, 2.0
634, 45, 324, 401, 322, 402, 2, -1, -0.4636476090008061, 2.23606797749979
634, 50, 512, 71, 510, 72, 2, -1, -0.4636476090008061, 2.23606797749979
634, 51, 337, 347, 336, 348, 1, -1, -0.7853981633974483, 1.4142135623730951
634, 53, 624, 362, 623, 361, 1, 1, 0.7853981633974483, 1.4142135623730951
634, 54, 373, 342, 372, 343, 1, -1, -0.7853981633974483, 1.4142135623730951
635, 2, 371, 353, 370, 354, 1, -1, -0.7853981633974483, 1.4142135623730951
635, 4, 428, 71, 427, 72, 1, -1, -0.7853981633974483, 1.4142135623730951
635, 5, 238, 107, 237, 108, 1, -1, -0.7853981633974483, 1.4142135623730951
635, 9, 446, 95, 445, 96, 1, -1, -0.7853981633974483, 1.4142135623730951
635, 19, 309, 347, 308, 348, 1, -1, -0.7853981633974483, 1.4142135623730951
635, 20, 290, 406, 289, 407, 1, -1, -0.7853981633974483, 1.4142135623730951
635, 23, 193, 88, 192, 89, 1, -1, -0.7853981633974483, 1.4142135623730951
635, 25, 548, 126, 546, 126, 2, 0, 0.0, 2.0
635, 26, 377, 102, 375, 102, 2, 0, 0.0, 2.0
635, 27, 600, 72, 598, 72, 2, 0, 0.0, 2.0
636, 1, 296, 95, 295, 96, 1, -1, -0.7853981633974483, 1.4142135623730951
636, 2, 372, 352, 371, 353, 1, -1, -0.7853981633974483, 1.4142135623730951
636, 6, 257, 407, 256, 408, 1, -1, -0.7853981633974483, 1.4142135623730951
636, 9, 448, 94, 446, 95, 2, -1, -0.4636476090008061, 2.23606797749979
636, 10, 57, 404, 56, 405, 1, -1, -0.7853981633974483, 1.4142135623730951
636, 12, 128, 91, 127, 92, 1, -1, -0.7853981633974483, 1.4142135623730951
636, 14, 5, 331, 4, 332, 1, -1, -0.7853981633974483, 1.4142135623730951
636, 15, 41, 319, 38, 321, 3, -2, -0.5880026035475675, 3.605551275463989
636, 17, 312, 353, 311, 354, 1, -1, -0.7853981633974483, 1.4142135623730951
636, 18, 297, 126, 296, 128, 1, -2, -1.1071487177940904, 2.23606797749979
636, 19, 311, 346, 309, 347, 2, -1, -0.4636476090008061, 2.23606797749979
636, 20, 291, 405, 290, 406, 1, -1, -0.7853981633974483, 1.4142135623730951
636, 21, 141, 96, 140, 97, 1, -1, -0.7853981633974483, 1.4142135623730951
636, 22, 129, 144, 128, 146, 1, -2, -1.1071487177940904, 2.23606797749979
636, 23, 194, 87, 193, 88, 1, -1, -0.7853981633974483, 1.4142135623730951
636, 25, 550, 125, 548, 126, 2, -1, -0.4636476090008061, 2.23606797749979
636, 26, 379, 99, 377, 102, 2, -3, -0.982793723247329, 3.605551275463989
636, 27, 602, 72, 600, 72, 2, 0, 0.0, 2.0
636, 28, 509, 73, 507, 73, 2, 0, 0.0, 2.0
637, 2, 374, 351, 372, 352, 2, -1, -0.4636476090008061, 2.23606797749979
637, 6, 258, 406, 257, 407, 1, -1, -0.7853981633974483, 1.4142135623730951
637, 9, 449, 93, 448, 94, 1, -1, -0.7853981633974483, 1.4142135623730951
637, 10, 58, 403, 57, 404, 1, -1, -0.7853981633974483, 1.4142135623730951
637, 11, 171, 404, 170, 405, 1, -1, -0.7853981633974483, 1.4142135623730951
637, 12, 129, 90, 128, 91, 1, -1, -0.7853981633974483, 1.4142135623730951
637, 17, 314, 352, 312, 353, 2, -1, -0.4636476090008061, 2.23606797749979
637, 19, 313, 345, 311, 346, 2, -1, -0.4636476090008061, 2.23606797749979
637, 20, 292, 404, 291, 405, 1, -1, -0.7853981633974483, 1.4142135623730951
637, 23, 195, 86, 194, 87, 1, -1, -0.7853981633974483, 1.4142135623730951
637, 25, 552, 125, 550, 125, 2, 0, 0.0, 2.0
637, 26, 381, 99, 379, 99, 2, 0, 0.0, 2.0
637, 27, 604, 72, 602, 72, 2, 0, 0.0, 2.0
638, 6, 259, 405, 258, 406, 1, -1, -0.7853981633974483, 1.4142135623730951
638, 9, 452, 92, 449, 93, 3, -1, -0.3217505543966422, 3.1622776601683795
638, 12, 130, 89, 129, 90, 1, -1, -0.7853981633974483, 1.4142135623730951
638, 16, 245, 343, 244, 344, 1, -1, -0.7853981633974483, 1.4142135623730951
638, 17, 315, 351, 314, 352, 1, -1, -0.7853981633974483, 1.4142135623730951
638, 19, 315, 344, 313, 345, 2, -1, -0.4636476090008061, 2.23606797749979
638, 20, 293, 403, 292, 404, 1, -1, -0.7853981633974483, 1.4142135623730951
638, 21, 142, 94, 141, 95, 1, -1, -0.7853981633974483, 1.4142135623730951
638, 23, 196, 85, 195, 86, 1, -1, -0.7853981633974483, 1.4142135623730951
639, 4, 432, 70, 430, 71, 2, -1, -0.4636476090008061, 2.23606797749979
639, 5, 239, 103, 238, 104, 1, -1, -0.7853981633974483, 1.4142135623730951
639, 6, 260, 404, 259, 405, 1, -1, -0.7853981633974483, 1.4142135623730951
639, 12, 131, 88, 130, 89, 1, -1, -0.7853981633974483, 1.4142135623730951
639, 13, 203, 93, 202, 94, 1, -1, -0.7853981633974483, 1.4142135623730951
639, 17, 316, 350, 315, 351, 1, -1, -0.7853981633974483, 1.4142135623730951
639, 19, 317, 343, 315, 344, 2, -1, -0.4636476090008061, 2.23606797749979
639, 20, 294, 402, 293, 403, 1, -1, -0.7853981633974483, 1.4142135623730951
639, 23, 197, 84, 196, 85, 1, -1, -0.7853981633974483, 1.4142135623730951
639, 25, 555, 125, 553, 125, 2, 0, 0.0, 2.0
639, 27, 607, 72, 605, 72, 2, 0, 0.0, 2.0
640, 2, 240, 106, 239, 107, 1, -1, -0.7853981633974483, 1.4142135623730951
640, 3, 434, 70, 432, 71, 2, -1, -0.4636476090008061, 2.23606797749979
640, 4, 376, 353, 375, 354, 1, -1, -0.7853981633974483, 1.4142135623730951
640, 5, 153, 70, 152, 71, 1, -1, -0.7853981633974483, 1.4142135623730951
640, 6, 453, 94, 451, 95, 2, -1, -0.4636476090008061, 2.23606797749979
640, 10, 260, 407, 259, 408, 1, -1, -0.7853981633974483, 1.4142135623730951
640, 11, 9, 331, 8, 332, 1, -1, -0.7853981633974483, 1.4142135623730951
640, 12, 40, 349, 39, 350, 1, -1, -0.7853981633974483, 1.4142135623730951
640, 14, 131, 90, 130, 91, 1, -1, -0.7853981633974483, 1.4142135623730951
640, 15, 345, 99, 344, 100, 1, -1, -0.7853981633974483, 1.4142135623730951
640, 20, 294, 405, 293, 406, 1, -1, -0.7853981633974483, 1.4142135623730951
640, 22, 316, 345, 314, 346, 2, -1, -0.4636476090008061, 2.23606797749979
640, 27, 553, 127, 551, 127, 2, 0, 0.0, 2.0
640, 28, 605, 71, 604, 72, 1, -1, -0.7853981633974483, 1.4142135623730951
640, 29, 331, 403, 330, 404, 1, -1, -0.7853981633974483, 1.4142135623730951
640, 30, 516, 76, 514, 76, 2, 0, 0.0, 2.0
640, 33, 200, 95, 199, 96, 1, -1, -0.7853981633974483, 1.4142135623730951
640, 34, 604, 107, 602, 106, 2, 1, 0.4636476090008061, 2.23606797749979
640, 35, 381, 107, 379, 107, 2, 0, 0.0, 2.0
640, 36, 197, 88, 196, 89, 1, -1, -0.7853981633974483, 1.4142135623730951
640, 37, 121, 124, 120, 125, 1, -1, -0.7853981633974483, 1.4142135623730951
640, 38, 426, 74, 425, 75, 1, -1, -0.7853981633974483, 1.4142135623730951
640, 39, 544, 132, 542, 133, 2, -1, -0.4636476090008061, 2.23606797749979
640, 41, 564, 100, 561, 100, 3, 0, 0.0, 3.0
640, 42, 323, 396, 321, 397, 2, -1, -0.4636476090008061, 2.23606797749979
640, 48, 267, 361, 266, 362, 1, -1, -0.7853981633974483, 1.4142135623730951
640, 49, 486, 82, 484, 82, 2, 0, 0.0, 2.0
641, 3, 436, 69, 434, 70, 2, -1, -0.4636476090008061, 2.23606797749979
641, 5, 154, 69, 153, 70, 1, -1, -0.7853981633974483, 1.4142135623730951
641, 6, 455, 93, 453, 94, 2, -1, -0.4636476090008061, 2.23606797749979
641, 7, 72, 176, 71, 177, 1, -1, -0.7853981633974483, 1.4142135623730951
641, 10, 261, 406, 260, 407, 1, -1, -0.7853981633974483, 1.4142135623730951
641, 13, 318, 353, 317, 354, 1, -1, -0.7853981633974483, 1.4142135623730951
641, 20, 295, 404, 294, 405, 1, -1, -0.7853981633974483, 1.4142135623730951
641, 22, 318, 345, 316, 345, 2, 0, 0.0, 2.0
641, 27, 556, 127, 553, 127, 3, 0, 0.0, 3.0
641, 28, 606, 70, 605, 71, 1, -1, -0.7853981633974483, 1.4142135623730951
641, 29, 332, 402, 331, 403, 1, -1, -0.7853981633974483, 1.4142135623730951
641, 30, 518, 76, 516, 76, 2, 0, 0.0, 2.0
641, 34, 606, 108, 604, 107, 2, 1, 0.4636476090008061, 2.23606797749979
641, 35, 383, 107, 381, 107, 2, 0, 0.0, 2.0
641, 36, 198, 87, 197, 88, 1, -1, -0.7853981633974483, 1.4142135623730951
641, 37, 122, 123, 121, 124, 1, -1, -0.7853981633974483, 1.4142135623730951
641, 38, 427, 73, 426, 74, 1, -1, -0.7853981633974483, 1.4142135623730951
641, 39, 545, 131, 544, 132, 1, -1, -0.7853981633974483, 1.4142135623730951
641, 40, 212, 74, 211, 75, 1, -1, -0.7853981633974483, 1.4142135623730951
641, 41, 566, 99, 564, 100, 2, -1, -0.4636476090008061, 2.23606797749979
641, 42, 325, 395, 323, 396, 2, -1, -0.4636476090008061, 2.23606797749979
641, 46, 35, 159, 34, 160, 1, -1, -0.7853981633974483, 1.4142135623730951
641, 49, 488, 82, 486, 82, 2, 0, 0.0, 2.0
642, 0, 300, 96, 299, 97, 1, -1, -0.7853981633974483, 1.4142135623730951
642, 2, 241, 104, 240, 105, 1, -1, -0.7853981633974483, 1.4142135623730951
642, 5, 155, 68, 154, 69, 1, -1, -0.7853981633974483, 1.4142135623730951
642, 6, 457, 93, 455, 93, 2, 0, 0.0, 2.0
642, 10, 262, 405, 261, 406, 1, -1, -0.7853981633974483, 1.4142135623730951
642, 13, 319, 352, 318, 353, 1, -1, -0.7853981633974483, 1.4142135623730951
642, 15, 348, 99, 346, 99, 2, 0, 0.0, 2.0
642, 20, 296, 403, 295, 404, 1, -1, -0.7853981633974483, 1.4142135623730951
642, 27, 558, 127, 556, 127, 2, 0, 0.0, 2.0
642, 28, 608, 70, 606, 70, 2, 0, 0.0, 2.0
642, 29, 334, 401, 332, 402, 2, -1, -0.4636476090008061, 2.23606797749979
642, 30, 520, 75, 518, 76, 2, -1, -0.4636476090008061, 2.23606797749979
642, 31, 81, 145, 80, 146, 1, -1, -0.7853981633974483, 1.4142135623730951
642, 33, 201, 93, 200, 94, 1, -1, -0.7853981633974483, 1.4142135623730951
642, 34, 607, 109, 606, 108, 1, 1, 0.7853981633974483, 1.4142135623730951
642, 37, 123, 122, 122, 123, 1, -1, -0.7853981633974483, 1.4142135623730951
642, 39, 546, 130, 545, 131, 1, -1, -0.7853981633974483, 1.4142135623730951
642, 41, 568, 99, 566, 99, 2, 0, 0.0, 2.0
642, 42, 327, 394, 325, 395, 2, -1, -0.4636476090008061, 2.23606797749979
642, 48, 269, 360, 268, 361, 1, -1, -0.7853981633974483, 1.4142135623730951
642, 49, 490, 82, 488, 82, 2, 0, 0.0, 2.0
643, 0, 301, 95, 300, 96, 1, -1, -0.7853981633974483, 1.4142135623730951
643, 1, 205, 172, 204, 173, 1, -1, -0.7853981633974483, 1.4142135623730951
643, 5, 156, 67, 155, 68, 1, -1, -0.7853981633974483, 1.4142135623730951
643, 6, 459, 92, 457, 93, 2, -1, -0.4636476090008061, 2.23606797749979
643, 22, 320, 344, 319, 345, 1, -1, -0.7853981633974483, 1.4142135623730951
643, 26, 401, 127, 399, 128, 2, -1, -0.4636476090008061, 2.23606797749979
643, 27, 560, 127, 558, 127, 2, 0, 0.0, 2.0
643, 29, 336, 400, 334, 401, 2, -1, -0.4636476090008061, 2.23606797749979
643, 34, 608, 108, 607, 109, 1, -1, -0.7853981633974483, 1.4142135623730951
643, 35, 386, 107, 384, 107, 2, 0, 0.0, 2.0
643, 39, 547, 129, 546, 130, 1, -1, -0.7853981633974483, 1.4142135623730951
643, 40, 213, 73, 212, 74, 1, -1, -0.7853981633974483, 1.4142135623730951
643, 41, 569, 98, 568, 99, 1, -1, -0.7853981633974483, 1.4142135623730951
643, 42, 329, 394, 327, 394, 2, 0, 0.0, 2.0
643, 47, 246, 128, 245, 129, 1, -1, -0.7853981633974483, 1.4142135623730951
643, 48, 270, 359, 269, 360, 1, -1, -0.7853981633974483, 1.4142135623730951
643, 49, 492, 82, 490, 82, 2, 0, 0.0, 2.0
644, 0, 303, 95, 301, 95, 2, 0, 0.0, 2.0
644, 2, 242, 102, 241, 103, 1, -1, -0.7853981633974483, 1.4142135623730951
644, 5, 157, 66, 156, 67, 1, -1, -0.7853981633974483, 1.4142135623730951
644, 6, 461, 91, 459, 92, 2, -1, -0.4636476090008061, 2.23606797749979
644, 14, 132, 86, 131, 87, 1, -1, -0.7853981633974483, 1.4142135623730951
644, 18, 47, 319, 46, 320, 1, -1, -0.7853981633974483, 1.4142135623730951
644, 20, 298, 402, 297, 403, 1, -1, -0.7853981633974483, 1.4142135623730951
644, 22, 321, 343, 320, 344, 1, -1, -0.7853981633974483, 1.4142135623730951
644, 25, 304, 127, 303, 128, 1, -1, -0.7853981633974483, 1.4142135623730951
644, 26, 403, 126, 401, 127, 2, -1, -0.4636476090008061, 2.23606797749979
644, 28, 611, 70, 609, 70, 2, 0, 0.0, 2.0
644, 29, 337, 399, 336, 400, 1, -1, -0.7853981633974483, 1.4142135623730951
644, 30, 523, 75, 521, 75, 2, 0, 0.0, 2.0
644, 32, 139, 96, 138, 97, 1, -1, -0.7853981633974483, 1.4142135623730951
644, 33, 203, 92, 202, 93, 1, -1, -0.7853981633974483, 1.4142135623730951
644, 34, 610, 109, 608, 108, 2, 1, 0.4636476090008061, 2.23606797749979
644, 37, 124, 120, 123, 121, 1, -1, -0.7853981633974483, 1.4142135623730951
644, 39, 548, 128, 547, 129, 1, -1, -0.7853981633974483, 1.4142135623730951
644, 41, 571, 98, 569, 98, 2, 0, 0.0, 2.0
644, 42, 331, 394, 329, 394, 2, 0, 0.0, 2.0
645, 3, 243, 105, 242, 106, 1, -1, -0.7853981633974483, 1.4142135623730951
645, 4, 456, 94, 454, 95, 2, -1, -0.4636476090008061, 2.23606797749979
645, 14, 117, 376, 116, 377, 1, -1, -0.7853981633974483, 1.4142135623730951
645, 15, 62, 406, 61, 407, 1, -1, -0.7853981633974483, 1.4142135623730951
645, 16, 615, 74, 613, 74, 2, 0, 0.0, 2.0
645, 28, 322, 352, 321, 353, 1, -1, -0.7853981633974483, 1.4142135623730951
645, 31, 597, 135, 595, 135, 2, 0, 0.0, 2.0
645, 32, 335, 405, 333, 405, 2, 0, 0.0, 2.0
645, 39, 243, 348, 247, 345, -4, 3, 2.498091544796509, 5.0
645, 43, 550, 133, 549, 134, 1, -1, -0.7853981633974483, 1.4142135623730951
645, 45, 270, 361, 269, 362, 1, -1, -0.7853981633974483, 1.4142135623730951
645, 47, 80, 337, 79, 338, 1, -1, -0.7853981633974483, 1.4142135623730951
645, 49, 321, 345, 320, 346, 1, -1, -0.7853981633974483, 1.4142135623730951
645, 52, 539, 350, 537, 350, 2, 0, 0.0, 2.0
645, 60, 209, 396, 208, 397, 1, -1, -0.7853981633974483, 1.4142135623730951
646, 2, 382, 355, 380, 355, 2, 0, 0.0, 2.0
646, 4, 458, 93, 456, 94, 2, -1, -0.4636476090008061, 2.23606797749979
646, 7, 156, 68, 155, 69, 1, -1, -0.7853981633974483, 1.4142135623730951
646, 12, 266, 406, 265, 407, 1, -1, -0.7853981633974483, 1.4142135623730951
646, 16, 617, 74, 615, 74, 2, 0, 0.0, 2.0
646, 18, 358, 379, 357, 380, 1, -1, -0.7853981633974483, 1.4142135623730951
646, 28, 323, 351, 322, 352, 1, -1, -0.7853981633974483, 1.4142135623730951
646, 31, 599, 135, 597, 135, 2, 0, 0.0, 2.0
646, 32, 337, 405, 335, 405, 2, 0, 0.0, 2.0
646, 35, 347, 102, 346, 103, 1, -1, -0.7853981633974483, 1.4142135623730951
646, 36, 560, 128, 558, 128, 2, 0, 0.0, 2.0
646, 38, 195, 355, 194, 356, 1, -1, -0.7853981633974483, 1.4142135623730951
646, 40, 10, 402, 9, 403, 1, -1, -0.7853981633974483, 1.4142135623730951
646, 45, 492, 82, 490, 82, 2, 0, 0.0, 2.0
646, 54, 76, 273, 74, 272, 2, 1, 0.4636476090008061, 2.23606797749979
646, 56, 112, 173, 111, 174, 1, -1, -0.7853981633974483, 1.4142135623730951
647, 0, 307, 98, 305, 97, 2, 1, 0.4636476090008061, 2.23606797749979
647, 2, 383, 354, 382, 355, 1, -1, -0.7853981633974483, 1.4142135623730951
647, 7, 157, 67, 156, 68, 1, -1, -0.7853981633974483, 1.4142135623730951
647, 10, 14, 331, 13, 332, 1, -1, -0.7853981633974483, 1.4142135623730951
647, 16, 619, 73, 617, 74, 2, -1, -0.4636476090008061, 2.23606797749979
647, 18, 359, 378, 358, 379, 1, -1, -0.7853981633974483, 1.4142135623730951
647, 19, 162, 143, 163, 141, -1, 2, 2.0344439357957027, 2.23606797749979
647, 20, 205, 406, 204, 407, 1, -1, -0.7853981633974483, 1.4142135623730951
647, 21, 136, 335, 135, 336, 1, -1, -0.7853981633974483, 1.4142135623730951
647, 22, 48, 320, 47, 321, 1, -1, -0.7853981633974483, 1.4142135623730951
647, 23, 302, 399, 301, 400, 1, -1, -0.7853981633974483, 1.4142135623730951
647, 31, 601, 135, 599, 135, 2, 0, 0.0, 2.0
647, 34, 306, 128, 305, 129, 1, -1, -0.7853981633974483, 1.4142135623730951
647, 35, 348, 101, 347, 102, 1, -1, -0.7853981633974483, 1.4142135623730951
647, 36, 561, 127, 560, 128, 1, -1, -0.7853981633974483, 1.4142135623730951
647, 37, 524, 75, 522, 76, 2, -1, -0.4636476090008061, 2.23606797749979
647, 42, 551, 131, 550, 132, 1, -1, -0.7853981633974483, 1.4142135623730951
647, 45, 494, 83, 492, 82, 2, 1, 0.4636476090008061, 2.23606797749979
647, 55, 113, 172, 112, 173, 1, -1, -0.7853981633974483, 1.4142135623730951
647, 60, 426, 92, 424, 92, 2, 0, 0.0, 2.0
648, 1, 208, 171, 207, 172, 1, -1, -0.7853981633974483, 1.4142135623730951
648, 5, 78, 175, 77, 176, 1, -1, -0.7853981633974483, 1.4142135623730951
648, 7, 158, 65, 157, 67, 1, -2, -1.1071487177940904, 2.23606797749979
648, 10, 15, 330, 14, 331, 1, -1, -0.7853981633974483, 1.4142135623730951
648, 12, 268, 405, 267, 406, 1, -1, -0.7853981633974483, 1.4142135623730951
648, 14, 119, 374, 118, 375, 1, -1, -0.7853981633974483, 1.4142135623730951
648, 16, 621, 72, 619, 73, 2, -1, -0.4636476090008061, 2.23606797749979
648, 18, 360, 377, 359, 378, 1, -1, -0.7853981633974483, 1.4142135623730951
648, 22, 49, 319, 48, 320, 1, -1, -0.7853981633974483, 1.4142135623730951
648, 25, 85, 146, 84, 147, 1, -1, -0.7853981633974483, 1.4142135623730951
648, 26, 127, 123, 126, 124, 1, -1, -0.7853981633974483, 1.4142135623730951
648, 30, 178, 98, 177, 99, 1, -1, -0.7853981633974483, 1.4142135623730951
648, 31, 603, 135, 601, 135, 2, 0, 0.0, 2.0
648, 32, 340, 405, 338, 405, 2, 0, 0.0, 2.0
648, 34, 307, 127, 306, 128, 1, -1, -0.7853981633974483, 1.4142135623730951
648, 36, 563, 126, 561, 127, 2, -1, -0.4636476090008061, 2.23606797749979
648, 37, 526, 74, 524, 75, 2, -1, -0.4636476090008061, 2.23606797749979
648, 38, 197, 354, 196, 355, 1, -1, -0.7853981633974483, 1.4142135623730951
648, 42, 553, 130, 551, 131, 2, -1, -0.4636476090008061, 2.23606797749979
648, 46, 78, 335, 80, 335, -2, 0, 3.141592653589793, 2.0
648, 48, 134, 144, 133, 145, 1, -1, -0.7853981633974483, 1.4142135623730951
648, 50, 543, 349, 541, 350, 2, -1, -0.4636476090008061, 2.23606797749979
648, 55, 114, 171, 113, 172, 1, -1, -0.7853981633974483, 1.4142135623730951
648, 57, 202, 94, 201, 95, 1, -1, -0.7853981633974483, 1.4142135623730951
648, 58, 212, 395, 211, 396, 1, -1, -0.7853981633974483, 1.4142135623730951
649, 2, 385, 353, 384, 354, 1, -1, -0.7853981633974483, 1.4142135623730951
649, 3, 246, 103, 244, 104, 2, -1, -0.4636476090008061, 2.23606797749979
649, 4, 462, 92, 460, 93, 2, -1, -0.4636476090008061, 2.23606797749979
649, 5, 79, 174, 78, 175, 1, -1, -0.7853981633974483, 1.4142135623730951
649, 7, 159, 64, 158, 65, 1, -1, -0.7853981633974483, 1.4142135623730951
649, 9, 179, 405, 178, 406, 1, -1, -0.7853981633974483, 1.4142135623730951
649, 10, 16, 329, 15, 330, 1, -1, -0.7853981633974483, 1.4142135623730951
649, 16, 624, 71, 621, 72, 3, -1, -0.3217505543966422, 3.1622776601683795
649, 18, 361, 376, 360, 377, 1, -1, -0.7853981633974483, 1.4142135623730951
649, 20, 206, 405, 205, 406, 1, -1, -0.7853981633974483, 1.4142135623730951
649, 22, 50, 318, 49, 319, 1, -1, -0.7853981633974483, 1.4142135623730951
649, 23, 304, 398, 303, 399, 1, -1, -0.7853981633974483, 1.4142135623730951
649, 24, 112, 308, 111, 309, 1, -1, -0.7853981633974483, 1.4142135623730951
649, 26, 128, 122, 127, 123, 1, -1, -0.7853981633974483, 1.4142135623730951
649, 31, 605, 135, 603, 135, 2, 0, 0.0, 2.0
649, 32, 342, 405, 340, 405, 2, 0, 0.0, 2.0
649, 36, 564, 125, 563, 126, 1, -1, -0.7853981633974483, 1.4142135623730951
649, 37, 528, 73, 526, 74, 2, -1, -0.4636476090008061, 2.23606797749979
649, 42, 556, 129, 553, 130, 3, -1, -0.3217505543966422, 3.1622776601683795
649, 44, 272, 358, 271, 359, 1, -1, -0.7853981633974483, 1.4142135623730951
649, 45, 496, 82, 495, 83, 1, -1, -0.7853981633974483, 1.4142135623730951
649, 47, 325, 344, 324, 345, 1, -1, -0.7853981633974483, 1.4142135623730951
649, 50, 545, 349, 543, 349, 2, 0, 0.0, 2.0
649, 51, 116, 335, 115, 336, 1, -1, -0.7853981633974483, 1.4142135623730951
649, 55, 115, 170, 114, 171, 1, -1, -0.7853981633974483, 1.4142135623730951
649, 60, 429, 91, 427, 92, 2, -1, -0.4636476090008061, 2.23606797749979
650, 3, 441, 71, 440, 72, 1, -1, -0.7853981633974483, 1.4142135623730951
650, 5, 460, 94, 459, 95, 1, -1, -0.7853981633974483, 1.4142135623730951
650, 6, 120, 375, 119, 376, 1, -1, -0.7853981633974483, 1.4142135623730951
650, 9, 179, 406, 178, 407, 1, -1, -0.7853981633974483, 1.4142135623730951
650, 11, 46, 348, 45, 349, 1, -1, -0.7853981633974483, 1.4142135623730951
650, 12, 207, 407, 206, 408, 1, -1, -0.7853981633974483, 1.4142135623730951
650, 19, 362, 378, 361, 379, 1, -1, -0.7853981633974483, 1.4142135623730951
650, 20, 564, 127, 562, 128, 2, -1, -0.4636476090008061, 2.23606797749979
650, 21, 402, 129, 400, 130, 2, -1, -0.4636476090008061, 2.23606797749979
650, 22, 305, 404, 303, 404, 2, 0, 0.0, 2.0
650, 27, 380, 348, 379, 349, 1, -1, -0.7853981633974483, 1.4142135623730951
650, 28, 160, 68, 159, 69, 1, -1, -0.7853981633974483, 1.4142135623730951
650, 29, 348, 101, 347, 102, 1, -1, -0.7853981633974483, 1.4142135623730951
650, 31, 60, 315, 58, 316, 2, -1, -0.4636476090008061, 2.23606797749979
650, 33, 307, 127, 306, 128, 1, -1, -0.7853981633974483, 1.4142135623730951
650, 35, 527, 74, 525, 75, 2, -1, -0.4636476090008061, 2.23606797749979
650, 38, 544, 350, 543, 351, 1, -1, -0.7853981633974483, 1.4142135623730951
650, 39, 319, 345, 317, 346, 2, -1, -0.4636476090008061, 2.23606797749979
650, 41, 18, 341, 15, 341, 3, 0, 0.0, 3.0
650, 43, 617, 72, 615, 73, 2, -1, -0.4636476090008061, 2.23606797749979
650, 45, 618, 109, 617, 110, 1, -1, -0.7853981633974483, 1.4142135623730951
650, 46, 340, 405, 338, 405, 2, 0, 0.0, 2.0
650, 48, 495, 83, 494, 84, 1, -1, -0.7853981633974483, 1.4142135623730951
650, 49, 423, 101, 422, 102, 1, -1, -0.7853981633974483, 1.4142135623730951
650, 51, 563, 393, 561, 394, 2, -1, -0.4636476090008061, 2.23606797749979
650, 52, 417, 102, 415, 103, 2, -1, -0.4636476090008061, 2.23606797749979
650, 53, 118, 335, 117, 336, 1, -1, -0.7853981633974483, 1.4142135623730951
650, 54, 392, 102, 390, 102, 2, 0, 0.0, 2.0
651, 0, 310, 98, 309, 99, 1, -1, -0.7853981633974483, 1.4142135623730951
651, 1, 385, 354, 384, 355, 1, -1, -0.7853981633974483, 1.4142135623730951
651, 3, 442, 70, 441, 71, 1, -1, -0.7853981633974483, 1.4142135623730951
651, 17, 11, 401, 10, 402, 1, -1, -0.7853981633974483, 1.4142135623730951
651, 19, 363, 377, 362, 378, 1, -1, -0.7853981633974483, 1.4142135623730951
651, 20, 566, 126, 564, 127, 2, -1, -0.4636476090008061, 2.23606797749979
651, 30, 63, 314, 60, 315, 3, -1, -0.3217505543966422, 3.1622776601683795
651, 32, 308, 126, 307, 127, 1, -1, -0.7853981633974483, 1.4142135623730951
651, 33, 127, 124, 126, 125, 1, -1, -0.7853981633974483, 1.4142135623730951
651, 34, 528, 73, 527, 74, 1, -1, -0.7853981633974483, 1.4142135623730951
651, 36, 79, 272, 78, 273, 1, -1, -0.7853981633974483, 1.4142135623730951
651, 37, 546, 349, 544, 350, 2, -1, -0.4636476090008061, 2.23606797749979
651, 38, 321, 344, 319, 345, 2, -1, -0.4636476090008061, 2.23606797749979
651, 40, 20, 341, 18, 341, 2, 0, 0.0, 2.0
651, 42, 618, 71, 617, 72, 1, -1, -0.7853981633974483, 1.4142135623730951
651, 45, 342, 404, 340, 405, 2, -1, -0.4636476090008061, 2.23606797749979
651, 47, 497, 82, 495, 83, 2, -1, -0.4636476090008061, 2.23606797749979
651, 48, 424, 100, 423, 101, 1, -1, -0.7853981633974483, 1.4142135623730951
651, 50, 565, 392, 563, 393, 2, -1, -0.4636476090008061, 2.23606797749979
651, 51, 419, 100, 417, 102, 2, -2, -0.7853981633974483, 2.8284271247461903
651, 52, 119, 334, 118, 335, 1, -1, -0.7853981633974483, 1.4142135623730951
651, 53, 393, 101, 392, 102, 1, -1, -0.7853981633974483, 1.4142135623730951
652, 0, 311, 97, 310, 98, 1, -1, -0.7853981633974483, 1.4142135623730951
652, 1, 386, 353, 385, 354, 1, -1, -0.7853981633974483, 1.4142135623730951
652, 3, 443, 69, 442, 70, 1, -1, -0.7853981633974483, 1.4142135623730951
652, 4, 17, 331, 16, 332, 1, -1, -0.7853981633974483, 1.4142135623730951
652, 6, 121, 373, 120, 374, 1, -1, -0.7853981633974483, 1.4142135623730951
652, 8, 84, 177, 83, 178, 1, -1, -0.7853981633974483, 1.4142135623730951
652, 9, 181, 405, 180, 406, 1, -1, -0.7853981633974483, 1.4142135623730951
652, 11, 48, 347, 46, 347, 2, 0, 0.0, 2.0
652, 14, 247, 103, 246, 105, 1, -2, -1.1071487177940904, 2.23606797749979
652, 20, 569, 125, 566, 126, 3, -1, -0.3217505543966422, 3.1622776601683795
652, 25, 433, 95, 431, 95, 2, 0, 0.0, 2.0
652, 26, 382, 347, 381, 348, 1, -1, -0.7853981633974483, 1.4142135623730951
652, 29, 52, 321, 50, 322, 2, -1, -0.4636476090008061, 2.23606797749979
652, 30, 66, 314, 63, 314, 3, 0, 0.0, 3.0
652, 32, 309, 125, 308, 126, 1, -1, -0.7853981633974483, 1.4142135623730951
652, 34, 529, 72, 528, 73, 1, -1, -0.7853981633974483, 1.4142135623730951
652, 36, 81, 272, 79, 272, 2, 0, 0.0, 2.0
652, 37, 547, 348, 546, 349, 1, -1, -0.7853981633974483, 1.4142135623730951
652, 38, 322, 343, 321, 344, 1, -1, -0.7853981633974483, 1.4142135623730951
652, 40, 22, 341, 20, 341, 2, 0, 0.0, 2.0
652, 41, 604, 135, 603, 136, 1, -1, -0.7853981633974483, 1.4142135623730951
652, 42, 620, 70, 618, 71, 2, -1, -0.4636476090008061, 2.23606797749979
652, 44, 620, 108, 619, 109, 1, -1, -0.7853981633974483, 1.4142135623730951
652, 45, 343, 403, 342, 404, 1, -1, -0.7853981633974483, 1.4142135623730951
652, 47, 499, 81, 497, 82, 2, -1, -0.4636476090008061, 2.23606797749979
652, 48, 425, 99, 424, 100, 1, -1, -0.7853981633974483, 1.4142135623730951
652, 50, 566, 390, 565, 392, 1, -2, -1.1071487177940904, 2.23606797749979
652, 51, 420, 99, 419, 100, 1, -1, -0.7853981633974483, 1.4142135623730951
652, 53, 394, 100, 393, 101, 1, -1, -0.7853981633974483, 1.4142135623730951
652, 54, 552, 132, 550, 132, 2, 0, 0.0, 2.0
653, 1, 387, 352, 386, 353, 1, -1, -0.7853981633974483, 1.4142135623730951
653, 2, 209, 170, 208, 171, 1, -1, -0.7853981633974483, 1.4142135623730951
653, 4, 18, 330, 17, 331, 1, -1, -0.7853981633974483, 1.4142135623730951
653, 12, 210, 406, 209, 407, 1, -1, -0.7853981633974483, 1.4142135623730951
653, 13, 271, 407, 270, 408, 1, -1, -0.7853981633974483, 1.4142135623730951
653, 19, 365, 376, 364, 377, 1, -1, -0.7853981633974483, 1.4142135623730951
653, 20, 570, 124, 569, 125, 1, -1, -0.7853981633974483, 1.4142135623730951
653, 25, 435, 95, 433, 95, 2, 0, 0.0, 2.0
653, 26, 384, 346, 382, 347, 2, -1, -0.4636476090008061, 2.23606797749979
653, 28, 352, 101, 350, 101, 2, 0, 0.0, 2.0
653, 29, 53, 320, 52, 321, 1, -1, -0.7853981633974483, 1.4142135623730951
653, 30, 68, 314, 66, 314, 2, 0, 0.0, 2.0
653, 34, 531, 72, 529, 72, 2, 0, 0.0, 2.0
653, 36, 82, 273, 81, 272, 1, 1, 0.7853981633974483, 1.4142135623730951
653, 37, 550, 346, 547, 348, 3, -2, -0.5880026035475675, 3.605551275463989
653, 39, 272, 128, 272, 130, 0, -2, -1.5707963267948966, 2.0
653, 40, 24, 341, 22, 341, 2, 0, 0.0, 2.0
653, 41, 607, 135, 604, 135, 3, 0, 0.0, 3.0
653, 42, 622, 70, 620, 70, 2, 0, 0.0, 2.0
653, 44, 622, 106, 620, 108, 2, -2, -0.7853981633974483, 2.8284271247461903
653, 45, 344, 402, 343, 403, 1, -1, -0.7853981633974483, 1.4142135623730951
653, 47, 501, 79, 499, 81, 2, -2, -0.7853981633974483, 2.8284271247461903
653, 48, 426, 98, 425, 99, 1, -1, -0.7853981633974483, 1.4142135623730951
653, 49, 136, 144, 135, 145, 1, -1, -0.7853981633974483, 1.4142135623730951
653, 50, 566, 387, 566, 390, 0, -3, -1.5707963267948966, 3.0
653, 51, 421, 98, 420, 99, 1, -1, -0.7853981633974483, 1.4142135623730951
653, 52, 120, 333, 119, 334, 1, -1, -0.7853981633974483, 1.4142135623730951
653, 53, 396, 99, 394, 100, 2, -1, -0.4636476090008061, 2.23606797749979
654, 0, 314, 97, 312, 97, 2, 0, 0.0, 2.0
654, 1, 389, 352, 387, 352, 2, 0, 0.0, 2.0
654, 4, 19, 329, 18, 330, 1, -1, -0.7853981633974483, 1.4142135623730951
654, 8, 86, 176, 85, 177, 1, -1, -0.7853981633974483, 1.4142135623730951
654, 10, 331, 353, 329, 353, 2, 0, 0.0, 2.0
654, 11, 49, 345, 48, 346, 1, -1, -0.7853981633974483, 1.4142135623730951
654, 14, 248, 101, 247, 102, 1, -1, -0.7853981633974483, 1.4142135623730951
654, 16, 69, 404, 65, 406, 4, -2, -0.4636476090008061, 4.47213595499958
654, 19, 366, 375, 365, 376, 1, -1, -0.7853981633974483, 1.4142135623730951
654, 20, 571, 123, 570, 124, 1, -1, -0.7853981633974483, 1.4142135623730951
654, 22, 313, 403, 308, 404, 5, -1, -0.19739555984988075, 5.0990195135927845
654, 26, 386, 345, 384, 346, 2, -1, -0.4636476090008061, 2.23606797749979
654, 28, 353, 100, 352, 101, 1, -1, -0.7853981633974483, 1.4142135623730951
654, 29, 55, 319, 53, 320, 2, -1, -0.4636476090008061, 2.23606797749979
654, 31, 88, 144, 85, 145, 3, -1, -0.3217505543966422, 3.1622776601683795
654, 32, 311, 124, 310, 125, 1, -1, -0.7853981633974483, 1.4142135623730951
654, 33, 129, 122, 128, 123, 1, -1, -0.7853981633974483, 1.4142135623730951
654, 37, 552, 344, 550, 346, 2, -2, -0.7853981633974483, 2.8284271247461903
654, 38, 324, 342, 323, 343, 1, -1, -0.7853981633974483, 1.4142135623730951
654, 41, 611, 134, 607, 135, 4, -1, -0.24497866312686414, 4.123105625617661
654, 44, 624, 105, 622, 106, 2, -1, -0.4636476090008061, 2.23606797749979
654, 47, 503, 78, 501, 79, 2, -1, -0.4636476090008061, 2.23606797749979
654, 48, 427, 97, 426, 98, 1, -1, -0.7853981633974483, 1.4142135623730951
654, 50, 566, 384, 566, 387, 0, -3, -1.5707963267948966, 3.0
654, 51, 423, 97, 421, 98, 2, -1, -0.4636476090008061, 2.23606797749979
654, 53, 397, 98, 396, 99, 1, -1, -0.7853981633974483, 1.4142135623730951
654, 54, 554, 132, 552, 132, 2, 0, 0.0, 2.0
655, 0, 389, 354, 387, 355, 2, -1, -0.4636476090008061, 2.23606797749979
655, 1, 313, 97, 311, 98, 2, -1, -0.4636476090008061, 2.23606797749979
655, 2, 210, 170, 209, 172, 1, -2, -1.1071487177940904, 2.23606797749979
655, 3, 446, 71, 445, 72, 1, -1, -0.7853981633974483, 1.4142135623730951
655, 4, 466, 94, 464, 95, 2, -1, -0.4636476090008061, 2.23606797749979
655, 5, 20, 331, 19, 332, 1, -1, -0.7853981633974483, 1.4142135623730951
655, 6, 86, 176, 85, 177, 1, -1, -0.7853981633974483, 1.4142135623730951
655, 8, 319, 104, 317, 105, 2, -1, -0.4636476090008061, 2.23606797749979
655, 10, 205, 89, 204, 90, 1, -1, -0.7853981633974483, 1.4142135623730951
655, 12, 140, 89, 139, 90, 1, -1, -0.7853981633974483, 1.4142135623730951
655, 14, 250, 105, 249, 106, 1, -1, -0.7853981633974483, 1.4142135623730951
655, 15, 54, 319, 53, 320, 1, -1, -0.7853981633974483, 1.4142135623730951
655, 21, 274, 407, 273, 408, 1, -1, -0.7853981633974483, 1.4142135623730951
655, 22, 129, 123, 128, 124, 1, -1, -0.7853981633974483, 1.4142135623730951
655, 24, 210, 406, 209, 407, 1, -1, -0.7853981633974483, 1.4142135623730951
655, 28, 570, 128, 568, 128, 2, 0, 0.0, 2.0
655, 31, 312, 128, 310, 128, 2, 0, 0.0, 2.0
655, 32, 621, 104, 619, 105, 2, -1, -0.4636476090008061, 2.23606797749979
655, 35, 344, 404, 343, 405, 1, -1, -0.7853981633974483, 1.4142135623730951
655, 36, 276, 130, 275, 131, 1, -1, -0.7853981633974483, 1.4142135623730951
655, 41, 397, 101, 395, 102, 2, -1, -0.4636476090008061, 2.23606797749979
655, 44, 501, 82, 500, 83, 1, -1, -0.7853981633974483, 1.4142135623730951
656, 0, 391, 353, 389, 354, 2, -1, -0.4636476090008061, 2.23606797749979
656, 1, 315, 96, 313, 97, 2, -1, -0.4636476090008061, 2.23606797749979
656, 2, 212, 169, 210, 170, 2, -1, -0.4636476090008061, 2.23606797749979
656, 3, 448, 70, 446, 71, 2, -1, -0.4636476090008061, 2.23606797749979
656, 4, 469, 93, 466, 94, 3, -1, -0.3217505543966422, 3.1622776601683795
656, 5, 21, 330, 20, 331, 1, -1, -0.7853981633974483, 1.4142135623730951
656, 6, 87, 175, 86, 176, 1, -1, -0.7853981633974483, 1.4142135623730951
656, 8, 320, 103, 319, 104, 1, -1, -0.7853981633974483, 1.4142135623730951
656, 14, 251, 104, 250, 105, 1, -1, -0.7853981633974483, 1.4142135623730951
656, 15, 55, 318, 54, 319, 1, -1, -0.7853981633974483, 1.4142135623730951
656, 16, 10, 155, 6, 157, 4, -2, -0.4636476090008061, 4.47213595499958
656, 21, 275, 406, 274, 407, 1, -1, -0.7853981633974483, 1.4142135623730951
656, 22, 130, 122, 129, 123, 1, -1, -0.7853981633974483, 1.4142135623730951
656, 23, 217, 171, 216, 172, 1, -1, -0.7853981633974483, 1.4142135623730951
656, 28, 572, 128, 570, 128, 2, 0, 0.0, 2.0
656, 29, 628, 74, 626, 74, 2, 0, 0.0, 2.0
656, 31, 313, 127, 312, 128, 1, -1, -0.7853981633974483, 1.4142135623730951
656, 35, 345, 403, 344, 404, 1, -1, -0.7853981633974483, 1.4142135623730951
656, 36, 277, 129, 276, 130, 1, -1, -0.7853981633974483, 1.4142135623730951
656, 41, 399, 101, 397, 101, 2, 0, 0.0, 2.0
656, 44, 503, 82, 501, 82, 2, 0, 0.0, 2.0
656, 46, 368, 131, 366, 131, 2, 0, 0.0, 2.0
656, 49, 30, 299, 29, 300, 1, -1, -0.7853981633974483, 1.4142135623730951
657, 0, 393, 352, 391, 353, 2, -1, -0.4636476090008061, 2.23606797749979
657, 1, 317, 95, 315, 96, 2, -1, -0.4636476090008061, 2.23606797749979
657, 3, 450, 69, 448, 70, 2, -1, -0.4636476090008061, 2.23606797749979
657, 6, 89, 174, 87, 175, 2, -1, -0.4636476090008061, 2.23606797749979
657, 7, 183, 406, 182, 407, 1, -1, -0.7853981633974483, 1.4142135623730951
657, 12, 141, 87, 140, 88, 1, -1, -0.7853981633974483, 1.4142135623730951
657, 17, 346, 99, 345, 100, 1, -1, -0.7853981633974483, 1.4142135623730951
657, 21, 276, 405, 275, 406, 1, -1, -0.7853981633974483, 1.4142135623730951
657, 22, 131, 121, 130, 122, 1, -1, -0.7853981633974483, 1.4142135623730951
657, 23, 218, 170, 217, 171, 1, -1, -0.7853981633974483, 1.4142135623730951
657, 28, 574, 128, 572, 128, 2, 0, 0.0, 2.0
657, 29, 630, 74, 628, 74, 2, 0, 0.0, 2.0
657, 31, 314, 126, 313, 127, 1, -1, -0.7853981633974483, 1.4142135623730951
657, 32, 624, 105, 622, 104, 2, 1, 0.4636476090008061, 2.23606797749979
657, 36, 277, 127, 277, 129, 0, -2, -1.5707963267948966, 2.0
657, 40, 530, 73, 529, 74, 1, -1, -0.7853981633974483, 1.4142135623730951
657, 41, 401, 100, 399, 101, 2, -1, -0.4636476090008061, 2.23606797749979
657, 44, 505, 82, 503, 82, 2, 0, 0.0, 2.0
657, 46, 370, 131, 368, 131, 2, 0, 0.0, 2.0
657, 51, 65, 315, 64, 316, 1, -1, -0.7853981633974483, 1.4142135623730951
658, 0, 395, 351, 393, 352, 2, -1, -0.4636476090008061, 2.23606797749979
658, 2, 213, 168, 212, 169, 1, -1, -0.7853981633974483, 1.4142135623730951
658, 3, 452, 68, 450, 69, 2, -1, -0.4636476090008061, 2.23606797749979
658, 6, 90, 173, 89, 174, 1, -1, -0.7853981633974483, 1.4142135623730951
658, 14, 252, 102, 251, 103, 1, -1, -0.7853981633974483, 1.4142135623730951
658, 15, 57, 315, 55, 317, 2, -2, -0.7853981633974483, 2.8284271247461903
658, 17, 348, 99, 346, 99, 2, 0, 0.0, 2.0
658, 21, 277, 404, 276, 405, 1, -1, -0.7853981633974483, 1.4142135623730951
658, 22, 132, 120, 131, 121, 1, -1, -0.7853981633974483, 1.4142135623730951
658, 24, 212, 404, 211, 405, 1, -1, -0.7853981633974483, 1.4142135623730951
658, 28, 576, 128, 574, 128, 2, 0, 0.0, 2.0
658, 29, 632, 74, 630, 74, 2, 0, 0.0, 2.0
658, 31, 315, 125, 314, 126, 1, -1, -0.7853981633974483, 1.4142135623730951
658, 32, 626, 106, 624, 105, 2, 1, 0.4636476090008061, 2.23606797749979
658, 35, 347, 402, 346, 403, 1, -1, -0.7853981633974483, 1.4142135623730951
658, 40, 531, 72, 530, 73, 1, -1, -0.7853981633974483, 1.4142135623730951
658, 41, 402, 98, 401, 100, 1, -2, -1.1071487177940904, 2.23606797749979
658, 44, 507, 81, 505, 82, 2, -1, -0.4636476090008061, 2.23606797749979
658, 49, 31, 298, 30, 299, 1, -1, -0.7853981633974483, 1.4142135623730951
658, 50, 359, 349, 358, 350, 1, -1, -0.7853981633974483, 1.4142135623730951
658, 51, 66, 314, 65, 315, 1, -1, -0.7853981633974483, 1.4142135623730951
659, 0, 397, 350, 395, 351, 2, -1, -0.4636476090008061, 2.23606797749979
659, 1, 320, 94, 318, 95, 2, -1, -0.4636476090008061, 2.23606797749979
659, 3, 454, 66, 452, 68, 2, -2, -0.7853981633974483, 2.8284271247461903
659, 4, 473, 93, 471, 93, 2, 0, 0.0, 2.0
659, 5, 23, 328, 22, 329, 1, -1, -0.7853981633974483, 1.4142135623730951
659, 6, 91, 172, 90, 173, 1, -1, -0.7853981633974483, 1.4142135623730951
659, 7, 185, 405, 184, 406, 1, -1, -0.7853981633974483, 1.4142135623730951
659, 8, 323, 102, 322, 103, 1, -1, -0.7853981633974483, 1.4142135623730951
659, 11, 51, 347, 50, 348, 1, -1, -0.7853981633974483, 1.4142135623730951
659, 13, 332, 353, 331, 354, 1, -1, -0.7853981633974483, 1.4142135623730951
659, 14, 253, 101, 252, 102, 1, -1, -0.7853981633974483, 1.4142135623730951
659, 16, 13, 155, 11, 155, 2, 0, 0.0, 2.0
659, 19, 146, 337, 145, 338, 1, -1, -0.7853981633974483, 1.4142135623730951
659, 24, 213, 403, 212, 404, 1, -1, -0.7853981633974483, 1.4142135623730951
659, 27, 314, 405, 313, 406, 1, -1, -0.7853981633974483, 1.4142135623730951
659, 29, 635, 73, 632, 74, 3, -1, -0.3217505543966422, 3.1622776601683795
659, 31, 316, 124, 315, 125, 1, -1, -0.7853981633974483, 1.4142135623730951
659, 32, 628, 108, 626, 106, 2, 2, 0.7853981633974483, 2.8284271247461903
659, 34, 163, 66, 162, 67, 1, -1, -0.7853981633974483, 1.4142135623730951
659, 35, 349, 402, 347, 402, 2, 0, 0.0, 2.0
659, 36, 277, 124, 277, 126, 0, -2, -1.5707963267948966, 2.0
659, 38, 138, 141, 137, 142, 1, -1, -0.7853981633974483, 1.4142135623730951
659, 40, 534, 71, 531, 72, 3, -1, -0.3217505543966422, 3.1622776601683795
659, 41, 404, 97, 402, 98, 2, -1, -0.4636476090008061, 2.23606797749979
659, 46, 372, 130, 371, 131, 1, -1, -0.7853981633974483, 1.4142135623730951
659, 48, 153, 93, 152, 94, 1, -1, -0.7853981633974483, 1.4142135623730951
660, 0, 215, 170, 214, 171, 1, -1, -0.7853981633974483, 1.4142135623730951
660, 1, 320, 97, 319, 98, 1, -1, -0.7853981633974483, 1.4142135623730951
660, 4, 450, 70, 449, 71, 1, -1, -0.7853981633974483, 1.4142135623730951
660, 6, 143, 89, 142, 90, 1, -1, -0.7853981633974483, 1.4142135623730951
660, 7, 253, 102, 252, 103, 1, -1, -0.7853981633974483, 1.4142135623730951
660, 8, 28, 331, 27, 332, 1, -1, -0.7853981633974483, 1.4142135623730951
660, 9, 70, 406, 69, 407, 1, -1, -0.7853981633974483, 1.4142135623730951
660, 13, 575, 128, 573, 128, 2, 0, 0.0, 2.0
660, 14, 634, 74, 632, 74, 2, 0, 0.0, 2.0
660, 15, 315, 404, 314, 405, 1, -1, -0.7853981633974483, 1.4142135623730951
660, 16, 333, 354, 332, 355, 1, -1, -0.7853981633974483, 1.4142135623730951
660, 20, 277, 408, 276, 409, 1, -1, -0.7853981633974483, 1.4142135623730951
660, 25, 400, 101, 399, 102, 1, -1, -0.7853981633974483, 1.4142135623730951
660, 30, 348, 404, 347, 405, 1, -1, -0.7853981633974483, 1.4142135623730951
660, 32, 566, 133, 564, 134, 2, -1, -0.4636476090008061, 2.23606797749979
660, 35, 508, 88, 506, 88, 2, 0, 0.0, 2.0
660, 36, 132, 122, 131, 123, 1, -1, -0.7853981633974483, 1.4142135623730951
660, 37, 14, 401, 13, 402, 1, -1, -0.7853981633974483, 1.4142135623730951
660, 38, 140, 144, 139, 145, 1, -1, -0.7853981633974483, 1.4142135623730951
660, 41, 310, 395, 309, 396, 1, -1, -0.7853981633974483, 1.4142135623730951
660, 43, 111, 147, 110, 148, 1, -1, -0.7853981633974483, 1.4142135623730951
660, 46, 352, 100, 350, 101, 2, -1, -0.4636476090008061, 2.23606797749979
660, 50, 534, 73, 533, 74, 1, -1, -0.7853981633974483, 1.4142135623730951
660, 52, 154, 91, 153, 92, 1, -1, -0.7853981633974483, 1.4142135623730951
660, 56, 589, 102, 588, 103, 1, -1, -0.7853981633974483, 1.4142135623730951
660, 58, 407, 127, 405, 128, 2, -1, -0.4636476090008061, 2.23606797749979
660, 63, 367, 132, 366, 133, 1, -1, -0.7853981633974483, 1.4142135623730951
660, 65, 542, 346, 541, 347, 1, -1, -0.7853981633974483, 1.4142135623730951
661, 1, 322, 98, 320, 97, 2, 1, 0.4636476090008061, 2.23606797749979
661, 2, 395, 354, 394, 355, 1, -1, -0.7853981633974483, 1.4142135623730951
661, 3, 473, 95, 472, 96, 1, -1, -0.7853981633974483, 1.4142135623730951
661, 8, 29, 330, 28, 331, 1, -1, -0.7853981633974483, 1.4142135623730951
661, 9, 71, 405, 70, 406, 1, -1, -0.7853981633974483, 1.4142135623730951
661, 10, 60, 319, 59, 320, 1, -1, -0.7853981633974483, 1.4142135623730951
661, 11, 186, 406, 185, 407, 1, -1, -0.7853981633974483, 1.4142135623730951
661, 13, 577, 128, 575, 128, 2, 0, 0.0, 2.0
661, 15, 316, 403, 315, 404, 1, -1, -0.7853981633974483, 1.4142135623730951
661, 18, 222, 71, 221, 72, 1, -1, -0.7853981633974483, 1.4142135623730951
661, 21, 628, 111, 626, 111, 2, 0, 0.0, 2.0
661, 22, 318, 103, 317, 104, 1, -1, -0.7853981633974483, 1.4142135623730951
661, 30, 350, 403, 348, 404, 2, -1, -0.4636476090008061, 2.23606797749979
661, 32, 567, 132, 566, 133, 1, -1, -0.7853981633974483, 1.4142135623730951
661, 35, 510, 88, 508, 88, 2, 0, 0.0, 2.0
661, 39, 92, 146, 91, 147, 1, -1, -0.7853981633974483, 1.4142135623730951
661, 41, 311, 394, 310, 395, 1, -1, -0.7853981633974483, 1.4142135623730951
661, 43, 112, 146, 111, 147, 1, -1, -0.7853981633974483, 1.4142135623730951
661, 46, 354, 100, 352, 100, 2, 0, 0.0, 2.0
661, 48, 431, 102, 430, 103, 1, -1, -0.7853981633974483, 1.4142135623730951
661, 50, 536, 73, 534, 73, 2, 0, 0.0, 2.0
661, 51, 49, 349, 48, 350, 1, -1, -0.7853981633974483, 1.4142135623730951
661, 54, 31, 405, 30, 406, 1, -1, -0.7853981633974483, 1.4142135623730951
661, 55, 34, 300, 33, 301, 1, -1, -0.7853981633974483, 1.4142135623730951
661, 56, 591, 102, 589, 102, 2, 0, 0.0, 2.0
661, 57, 123, 403, 122, 404, 1, -1, -0.7853981633974483, 1.4142135623730951
661, 58, 409, 127, 407, 127, 2, 0, 0.0, 2.0
661, 63, 368, 131, 367, 132, 1, -1, -0.7853981633974483, 1.4142135623730951
661, 64, 295, 386, 294, 387, 1, -1, -0.7853981633974483, 1.4142135623730951
661, 65, 545, 344, 542, 346, 3, -2, -0.5880026035475675, 3.605551275463989
662, 0, 216, 168, 215, 169, 1, -1, -0.7853981633974483, 1.4142135623730951
662, 5, 86, 174, 85, 175, 1, -1, -0.7853981633974483, 1.4142135623730951
662, 7, 254, 100, 253, 101, 1, -1, -0.7853981633974483, 1.4142135623730951
662, 10, 61, 318, 60, 319, 1, -1, -0.7853981633974483, 1.4142135623730951
662, 13, 579, 126, 577, 128, 2, -2, -0.7853981633974483, 2.8284271247461903
662, 15, 318, 402, 316, 403, 2, -1, -0.4636476090008061, 2.23606797749979
662, 17, 216, 397, 215, 398, 1, -1, -0.7853981633974483, 1.4142135623730951
662, 18, 223, 70, 222, 71, 1, -1, -0.7853981633974483, 1.4142135623730951
662, 20, 279, 407, 278, 408, 1, -1, -0.7853981633974483, 1.4142135623730951
662, 21, 630, 112, 628, 111, 2, 1, 0.4636476090008061, 2.23606797749979
662, 23, 133, 304, 132, 305, 1, -1, -0.7853981633974483, 1.4142135623730951
662, 27, 68, 131, 67, 130, 1, 1, 0.7853981633974483, 1.4142135623730951
662, 29, 362, 349, 361, 350, 1, -1, -0.7853981633974483, 1.4142135623730951
662, 30, 351, 402, 350, 403, 1, -1, -0.7853981633974483, 1.4142135623730951
662, 32, 569, 131, 567, 132, 2, -1, -0.4636476090008061, 2.23606797749979
662, 35, 512, 88, 510, 88, 2, 0, 0.0, 2.0
662, 41, 312, 393, 311, 394, 1, -1, -0.7853981633974483, 1.4142135623730951
662, 46, 356, 100, 354, 100, 2, 0, 0.0, 2.0
662, 47, 317, 125, 316, 126, 1, -1, -0.7853981633974483, 1.4142135623730951
662, 48, 432, 101, 431, 102, 1, -1, -0.7853981633974483, 1.4142135623730951
662, 53, 138, 81, 137, 82, 1, -1, -0.7853981633974483, 1.4142135623730951
662, 56, 593, 101, 591, 102, 2, -1, -0.4636476090008061, 2.23606797749979
662, 58, 411, 127, 409, 127, 2, 0, 0.0, 2.0
662, 60, 191, 309, 190, 310, 1, -1, -0.7853981633974483, 1.4142135623730951
662, 64, 296, 385, 295, 386, 1, -1, -0.7853981633974483, 1.4142135623730951
662, 65, 548, 343, 545, 344, 3, -1, -0.3217505543966422, 3.1622776601683795
663, 3, 475, 94, 474, 95, 1, -1, -0.7853981633974483, 1.4142135623730951
663, 6, 145, 87, 144, 88, 1, -1, -0.7853981633974483, 1.4142135623730951
663, 8, 31, 329, 30, 330, 1, -1, -0.7853981633974483, 1.4142135623730951
663, 9, 72, 404, 71, 405, 1, -1, -0.7853981633974483, 1.4142135623730951
663, 11, 190, 405, 187, 406, 3, -1, -0.3217505543966422, 3.1622776601683795
663, 13, 581, 126, 579, 126, 2, 0, 0.0, 2.0
663, 15, 319, 401, 318, 402, 1, -1, -0.7853981633974483, 1.4142135623730951
663, 18, 226, 69, 223, 70, 3, -1, -0.3217505543966422, 3.1622776601683795
663, 20, 280, 406, 279, 407, 1, -1, -0.7853981633974483, 1.4142135623730951
663, 21, 632, 113, 630, 112, 2, 1, 0.4636476090008061, 2.23606797749979
663, 22, 320, 102, 319, 103, 1, -1, -0.7853981633974483, 1.4142135623730951
663, 25, 404, 101, 402, 101, 2, 0, 0.0, 2.0
663, 29, 363, 348, 362, 349, 1, -1, -0.7853981633974483, 1.4142135623730951
663, 30, 355, 401, 351, 402, 4, -1, -0.24497866312686414, 4.123105625617661
663, 32, 570, 130, 569, 131, 1, -1, -0.7853981633974483, 1.4142135623730951
663, 35, 514, 88, 512, 88, 2, 0, 0.0, 2.0
663, 41, 314, 393, 312, 393, 2, 0, 0.0, 2.0
663, 42, 14, 156, 13, 157, 1, -1, -0.7853981633974483, 1.4142135623730951
663, 47, 434, 101, 432, 101, 2, 0, 0.0, 2.0
663, 51, 157, 90, 156, 91, 1, -1, -0.7853981633974483, 1.4142135623730951
663, 52, 139, 80, 138, 81, 1, -1, -0.7853981633974483, 1.4142135623730951
663, 55, 595, 101, 593, 101, 2, 0, 0.0, 2.0
663, 58, 280, 360, 279, 361, 1, -1, -0.7853981633974483, 1.4142135623730951
663, 60, 123, 150, 122, 151, 1, -1, -0.7853981633974483, 1.4142135623730951
663, 63, 297, 384, 296, 385, 1, -1, -0.7853981633974483, 1.4142135623730951
663, 64, 553, 343, 548, 343, 5, 0, 0.0, 5.0
664, 0, 217, 167, 216, 168, 1, -1, -0.7853981633974483, 1.4142135623730951
664, 2, 399, 353, 397, 354, 2, -1, -0.4636476090008061, 2.23606797749979
664, 3, 477, 93, 475, 94, 2, -1, -0.4636476090008061, 2.23606797749979
664, 8, 32, 328, 31, 329, 1, -1, -0.7853981633974483, 1.4142135623730951
664, 13, 583, 126, 581, 126, 2, 0, 0.0, 2.0
664, 15, 321, 400, 319, 401, 2, -1, -0.4636476090008061, 2.23606797749979
664, 16, 337, 353, 336, 354, 1, -1, -0.7853981633974483, 1.4142135623730951
664, 17, 218, 396, 217, 397, 1, -1, -0.7853981633974483, 1.4142135623730951
664, 18, 227, 68, 226, 69, 1, -1, -0.7853981633974483, 1.4142135623730951
664, 20, 281, 405, 280, 406, 1, -1, -0.7853981633974483, 1.4142135623730951
664, 21, 634, 113, 632, 113, 2, 0, 0.0, 2.0
664, 22, 321, 101, 320, 102, 1, -1, -0.7853981633974483, 1.4142135623730951
664, 23, 135, 305, 133, 304, 2, 1, 0.4636476090008061, 2.23606797749979
664, 27, 69, 131, 68, 132, 1, -1, -0.7853981633974483, 1.4142135623730951
664, 28, 146, 336, 144, 337, 2, -1, -0.4636476090008061, 2.23606797749979
664, 29, 364, 347, 363, 348, 1, -1, -0.7853981633974483, 1.4142135623730951
664, 30, 357, 400, 355, 401, 2, -1, -0.4636476090008061, 2.23606797749979
664, 31, 246, 343, 248, 344, -2, -1, -2.677945044588987, 2.23606797749979
664, 32, 571, 129, 570, 130, 1, -1, -0.7853981633974483, 1.4142135623730951
664, 33, 444, 95, 442, 96, 2, -1, -0.4636476090008061, 2.23606797749979
664, 35, 515, 87, 514, 88, 1, -1, -0.7853981633974483, 1.4142135623730951
664, 36, 134, 121, 133, 122, 1, -1, -0.7853981633974483, 1.4142135623730951
664, 41, 316, 393, 314, 393, 2, 0, 0.0, 2.0
664, 42, 15, 155, 14, 156, 1, -1, -0.7853981633974483, 1.4142135623730951
664, 46, 319, 123, 317, 124, 2, -1, -0.4636476090008061, 2.23606797749979
664, 47, 436, 101, 434, 101, 2, 0, 0.0, 2.0
664, 49, 540, 72, 538, 73, 2, -1, -0.4636476090008061, 2.23606797749979
664, 52, 140, 79, 139, 80, 1, -1, -0.7853981633974483, 1.4142135623730951
664, 55, 597, 100, 595, 101, 2, -1, -0.4636476090008061, 2.23606797749979
664, 57, 414, 127, 412, 127, 2, 0, 0.0, 2.0
664, 59, 192, 307, 191, 308, 1, -1, -0.7853981633974483, 1.4142135623730951
664, 60, 124, 149, 123, 150, 1, -1, -0.7853981633974483, 1.4142135623730951
664, 62, 298, 383, 297, 384, 1, -1, -0.7853981633974483, 1.4142135623730951
665, 1, 324, 97, 323, 98, 1, -1, -0.7853981633974483, 1.4142135623730951
665, 2, 478, 94, 477, 95, 1, -1, -0.7853981633974483, 1.4142135623730951
665, 4, 456, 71, 455, 72, 1, -1, -0.7853981633974483, 1.4142135623730951
665, 5, 145, 88, 144, 89, 1, -1, -0.7853981633974483, 1.4142135623730951
665, 6, 281, 407, 280, 408, 1, -1, -0.7853981633974483, 1.4142135623730951
665, 9, 27, 331, 26, 332, 1, -1, -0.7853981633974483, 1.4142135623730951
665, 16, 336, 354, 335, 355, 1, -1, -0.7853981633974483, 1.4142135623730951
665, 19, 127, 150, 126, 151, 1, -1, -0.7853981633974483, 1.4142135623730951
665, 20, 73, 405, 72, 406, 1, -1, -0.7853981633974483, 1.4142135623730951
665, 23, 366, 349, 365, 350, 1, -1, -0.7853981633974483, 1.4142135623730951
665, 24, 157, 93, 156, 94, 1, -1, -0.7853981633974483, 1.4142135623730951
665, 25, 211, 90, 210, 91, 1, -1, -0.7853981633974483, 1.4142135623730951
665, 26, 544, 75, 542, 76, 2, -1, -0.4636476090008061, 2.23606797749979
665, 28, 357, 403, 355, 404, 2, -1, -0.4636476090008061, 2.23606797749979
665, 30, 567, 131, 566, 132, 1, -1, -0.7853981633974483, 1.4142135623730951
665, 36, 126, 328, 125, 329, 1, -1, -0.7853981633974483, 1.4142135623730951
665, 42, 319, 405, 318, 406, 1, -1, -0.7853981633974483, 1.4142135623730951
665, 43, 436, 105, 433, 105, 3, 0, 0.0, 3.0
665, 52, 378, 372, 377, 373, 1, -1, -0.7853981633974483, 1.4142135623730951
665, 53, 34, 405, 33, 406, 1, -1, -0.7853981633974483, 1.4142135623730951
665, 56, 511, 84, 510, 83, 1, 1, 0.7853981633974483, 1.4142135623730951
665, 60, 621, 137, 619, 137, 2, 0, 0.0, 2.0
665, 64, 448, 74, 447, 75, 1, -1, -0.7853981633974483, 1.4142135623730951
666, 1, 325, 96, 324, 97, 1, -1, -0.7853981633974483, 1.4142135623730951
666, 2, 479, 93, 478, 94, 1, -1, -0.7853981633974483, 1.4142135623730951
666, 4, 457, 70, 456, 71, 1, -1, -0.7853981633974483, 1.4142135623730951
666, 5, 146, 87, 145, 88, 1, -1, -0.7853981633974483, 1.4142135623730951
666, 6, 282, 406, 281, 407, 1, -1, -0.7853981633974483, 1.4142135623730951
666, 15, 173, 141, 172, 142, 1, -1, -0.7853981633974483, 1.4142135623730951
666, 16, 338, 354, 336, 354, 2, 0, 0.0, 2.0
666, 19, 128, 149, 127, 150, 1, -1, -0.7853981633974483, 1.4142135623730951
666, 20, 74, 404, 73, 405, 1, -1, -0.7853981633974483, 1.4142135623730951
666, 23, 367, 348, 366, 349, 1, -1, -0.7853981633974483, 1.4142135623730951
666, 25, 212, 89, 211, 90, 1, -1, -0.7853981633974483, 1.4142135623730951
666, 26, 546, 74, 544, 75, 2, -1, -0.4636476090008061, 2.23606797749979
666, 28, 359, 402, 357, 403, 2, -1, -0.4636476090008061, 2.23606797749979
666, 29, 316, 104, 315, 105, 1, -1, -0.7853981633974483, 1.4142135623730951
666, 30, 568, 130, 567, 131, 1, -1, -0.7853981633974483, 1.4142135623730951
666, 31, 584, 129, 582, 129, 2, 0, 0.0, 2.0
666, 32, 94, 275, 92, 275, 2, 0, 0.0, 2.0
666, 33, 190, 98, 188, 99, 2, -1, -0.4636476090008061, 2.23606797749979
666, 34, 69, 128, 68, 129, 1, -1, -0.7853981633974483, 1.4142135623730951
666, 39, 176, 80, 174, 81, 2, -1, -0.4636476090008061, 2.23606797749979
666, 42, 320, 404, 319, 405, 1, -1, -0.7853981633974483, 1.4142135623730951
666, 43, 439, 105, 436, 105, 3, 0, 0.0, 3.0
666, 44, 407, 101, 405, 101, 2, 0, 0.0, 2.0
666, 49, 444, 104, 442, 104, 2, 0, 0.0, 2.0
666, 52, 379, 371, 378, 372, 1, -1, -0.7853981633974483, 1.4142135623730951
666, 60, 623, 137, 621, 137, 2, 0, 0.0, 2.0
666, 61, 213, 99, 212, 100, 1, -1, -0.7853981633974483, 1.4142135623730951
666, 63, 278, 125, 277, 126, 1, -1, -0.7853981633974483, 1.4142135623730951
666, 64, 449, 73, 448, 74, 1, -1, -0.7853981633974483, 1.4142135623730951
667, 2, 480, 92, 479, 93, 1, -1, -0.7853981633974483, 1.4142135623730951
667, 4, 458, 69, 457, 70, 1, -1, -0.7853981633974483, 1.4142135623730951
667, 5, 147, 86, 146, 87, 1, -1, -0.7853981633974483, 1.4142135623730951
667, 6, 283, 405, 282, 406, 1, -1, -0.7853981633974483, 1.4142135623730951
667, 9, 29, 330, 28, 331, 1, -1, -0.7853981633974483, 1.4142135623730951
667, 13, 17, 155, 16, 156, 1, -1, -0.7853981633974483, 1.4142135623730951
667, 16, 340, 353, 338, 354, 2, -1, -0.4636476090008061, 2.23606797749979
667, 17, 321, 125, 320, 126, 1, -1, -0.7853981633974483, 1.4142135623730951
667, 19, 129, 148, 128, 149, 1, -1, -0.7853981633974483, 1.4142135623730951
667, 20, 75, 403, 74, 404, 1, -1, -0.7853981633974483, 1.4142135623730951
667, 22, 219, 407, 218, 408, 1, -1, -0.7853981633974483, 1.4142135623730951
667, 23, 369, 348, 367, 348, 2, 0, 0.0, 2.0
667, 26, 548, 73, 546, 74, 2, -1, -0.4636476090008061, 2.23606797749979
667, 28, 361, 402, 359, 402, 2, 0, 0.0, 2.0
667, 30, 570, 129, 568, 130, 2, -1, -0.4636476090008061, 2.23606797749979
667, 31, 586, 129, 584, 129, 2, 0, 0.0, 2.0
667, 33, 191, 97, 190, 98, 1, -1, -0.7853981633974483, 1.4142135623730951
667, 34, 70, 127, 69, 128, 1, -1, -0.7853981633974483, 1.4142135623730951
667, 39, 177, 79, 176, 80, 1, -1, -0.7853981633974483, 1.4142135623730951
667, 42, 322, 403, 320, 404, 2, -1, -0.4636476090008061, 2.23606797749979
667, 43, 442, 105, 439, 105, 3, 0, 0.0, 3.0
667, 44, 409, 101, 407, 101, 2, 0, 0.0, 2.0
667, 49, 446, 103, 444, 104, 2, -1, -0.4636476090008061, 2.23606797749979
667, 52, 380, 370, 379, 371, 1, -1, -0.7853981633974483, 1.4142135623730951
667, 56, 514, 83, 512, 84, 2, -1, -0.4636476090008061, 2.23606797749979
667, 64, 450, 72, 449, 73, 1, -1, -0.7853981633974483, 1.4142135623730951
667, 65, 203, 111, 202, 112, 1, -1, -0.7853981633974483, 1.4142135623730951
667, 66, 500, 99, 497, 99, 3, 0, 0.0, 3.0
668, 1, 328, 96, 326, 96, 2, 0, 0.0, 2.0
668, 2, 481, 91, 480, 92, 1, -1, -0.7853981633974483, 1.4142135623730951
668, 3, 402, 354, 400, 354, 2, 0, 0.0, 2.0
668, 5, 148, 85, 147, 86, 1, -1, -0.7853981633974483, 1.4142135623730951
668, 6, 284, 404, 283, 405, 1, -1, -0.7853981633974483, 1.4142135623730951
668, 7, 192, 405, 191, 406, 1, -1, -0.7853981633974483, 1.4142135623730951
668, 12, 258, 100, 257, 101, 1, -1, -0.7853981633974483, 1.4142135623730951
668, 13, 18, 154, 17, 155, 1, -1, -0.7853981633974483, 1.4142135623730951
668, 15, 174, 139, 173, 140, 1, -1, -0.7853981633974483, 1.4142135623730951
668, 16, 342, 352, 340, 353, 2, -1, -0.4636476090008061, 2.23606797749979
668, 19, 131, 147, 129, 148, 2, -1, -0.4636476090008061, 2.23606797749979
668, 22, 220, 406, 219, 407, 1, -1, -0.7853981633974483, 1.4142135623730951
668, 25, 213, 88, 212, 89, 1, -1, -0.7853981633974483, 1.4142135623730951
668, 26, 550, 72, 548, 73, 2, -1, -0.4636476090008061, 2.23606797749979
668, 28, 363, 401, 361, 402, 2, -1, -0.4636476090008061, 2.23606797749979
668, 29, 318, 101, 316, 103, 2, -2, -0.7853981633974483, 2.8284271247461903
668, 30, 572, 128, 570, 129, 2, -1, -0.4636476090008061, 2.23606797749979
668, 31, 588, 129, 586, 129, 2, 0, 0.0, 2.0
668, 33, 192, 96, 191, 97, 1, -1, -0.7853981633974483, 1.4142135623730951
668, 39, 178, 78, 177, 79, 1, -1, -0.7853981633974483, 1.4142135623730951
668, 41, 135, 121, 134, 122, 1, -1, -0.7853981633974483, 1.4142135623730951
668, 42, 324, 402, 322, 403, 2, -1, -0.4636476090008061, 2.23606797749979
668, 43, 445, 105, 442, 105, 3, 0, 0.0, 3.0
668, 44, 410, 100, 409, 101, 1, -1, -0.7853981633974483, 1.4142135623730951
668, 48, 448, 102, 446, 103, 2, -1, -0.4636476090008061, 2.23606797749979
668, 53, 110, 149, 112, 150, -2, -1, -2.677945044588987, 2.23606797749979
668, 55, 516, 82, 514, 83, 2, -1, -0.4636476090008061, 2.23606797749979
668, 61, 58, 350, 57, 351, 1, -1, -0.7853981633974483, 1.4142135623730951
668, 65, 503, 100, 500, 99, 3, 1, 0.3217505543966422, 3.1622776601683795
669, 0, 219, 168, 218, 169, 1, -1, -0.7853981633974483, 1.4142135623730951
669, 2, 483, 91, 481, 91, 2, 0, 0.0, 2.0
669, 3, 404, 354, 402, 354, 2, 0, 0.0, 2.0
669, 4, 460, 68, 459, 69, 1, -1, -0.7853981633974483, 1.4142135623730951
669, 5, 149, 84, 148, 85, 1, -1, -0.7853981633974483, 1.4142135623730951
669, 9, 32, 329, 30, 330, 2, -1, -0.4636476090008061, 2.23606797749979
669, 12, 259, 99, 258, 100, 1, -1, -0.7853981633974483, 1.4142135623730951
669, 13, 19, 153, 18, 154, 1, -1, -0.7853981633974483, 1.4142135623730951
669, 16, 343, 351, 342, 352, 1, -1, -0.7853981633974483, 1.4142135623730951
669, 17, 323, 124, 322, 125, 1, -1, -0.7853981633974483, 1.4142135623730951
669, 20, 77, 402, 76, 403, 1, -1, -0.7853981633974483, 1.4142135623730951
669, 25, 214, 87, 213, 88, 1, -1, -0.7853981633974483, 1.4142135623730951
669, 26, 552, 71, 550, 72, 2, -1, -0.4636476090008061, 2.23606797749979
669, 28, 364, 400, 363, 401, 1, -1, -0.7853981633974483, 1.4142135623730951
669, 29, 320, 100, 318, 101, 2, -1, -0.4636476090008061, 2.23606797749979
669, 30, 575, 127, 572, 128, 3, -1, -0.3217505543966422, 3.1622776601683795
669, 31, 590, 128, 588, 129, 2, -1, -0.4636476090008061, 2.23606797749979
669, 42, 326, 401, 324, 402, 2, -1, -0.4636476090008061, 2.23606797749979
669, 43, 447, 105, 445, 105, 2, 0, 0.0, 2.0
669, 44, 411, 99, 410, 100, 1, -1, -0.7853981633974483, 1.4142135623730951
669, 46, 142, 143, 141, 144, 1, -1, -0.7853981633974483, 1.4142135623730951
669, 48, 449, 101, 448, 102, 1, -1, -0.7853981633974483, 1.4142135623730951
669, 55, 519, 80, 516, 82, 3, -2, -0.5880026035475675, 3.605551275463989
669, 58, 217, 174, 216, 175, 1, -1, -0.7853981633974483, 1.4142135623730951
669, 64, 204, 110, 203, 111, 1, -1, -0.7853981633974483, 1.4142135623730951
669, 65, 506, 100, 503, 100, 3, 0, 0.0, 3.0
670, 0, 328, 99, 326, 99, 2, 0, 0.0, 2.0
670, 1, 221, 169, 220, 170, 1, -1, -0.7853981633974483, 1.4142135623730951
670, 2, 404, 355, 402, 355, 2, 0, 0.0, 2.0
670, 3, 93, 175, 92, 176, 1, -1, -0.7853981633974483, 1.4142135623730951
670, 4, 485, 93, 483, 94, 2, -1, -0.4636476090008061, 2.23606797749979
670, 5, 461, 70, 459, 71, 2, -1, -0.4636476090008061, 2.23606797749979
670, 6, 170, 69, 169, 70, 1, -1, -0.7853981633974483, 1.4142135623730951
670, 8, 149, 83, 148, 84, 1, -1, -0.7853981633974483, 1.4142135623730951
670, 15, 77, 317, 75, 317, 2, 0, 0.0, 2.0
670, 17, 19, 156, 18, 157, 1, -1, -0.7853981633974483, 1.4142135623730951
670, 18, 137, 309, 136, 310, 1, -1, -0.7853981633974483, 1.4142135623730951
670, 19, 141, 123, 140, 124, 1, -1, -0.7853981633974483, 1.4142135623730951
670, 20, 214, 90, 213, 91, 1, -1, -0.7853981633974483, 1.4142135623730951
670, 21, 458, 78, 456, 78, 2, 0, 0.0, 2.0
670, 22, 575, 130, 572, 130, 3, 0, 0.0, 3.0
670, 25, 129, 371, 128, 372, 1, -1, -0.7853981633974483, 1.4142135623730951
670, 26, 456, 132, 455, 133, 1, -1, -0.7853981633974483, 1.4142135623730951
670, 30, 410, 102, 408, 102, 2, 0, 0.0, 2.0
670, 34, 588, 129, 586, 130, 2, -1, -0.4636476090008061, 2.23606797749979
670, 36, 284, 131, 283, 132, 1, -1, -0.7853981633974483, 1.4142135623730951
670, 37, 220, 407, 219, 408, 1, -1, -0.7853981633974483, 1.4142135623730951
670, 39, 546, 74, 544, 75, 2, -1, -0.4636476090008061, 2.23606797749979
670, 40, 285, 361, 284, 362, 1, -1, -0.7853981633974483, 1.4142135623730951
670, 42, 539, 134, 537, 135, 2, -1, -0.4636476090008061, 2.23606797749979
670, 45, 340, 345, 338, 346, 2, -1, -0.4636476090008061, 2.23606797749979
670, 48, 325, 395, 322, 395, 3, 0, 0.0, 3.0
670, 49, 626, 136, 624, 137, 2, -1, -0.4636476090008061, 2.23606797749979
670, 51, 142, 85, 141, 86, 1, -1, -0.7853981633974483, 1.4142135623730951
670, 53, 150, 151, 149, 152, 1, -1, -0.7853981633974483, 1.4142135623730951
670, 56, 182, 118, 181, 119, 1, -1, -0.7853981633974483, 1.4142135623730951
670, 59, 261, 145, 261, 147, 0, -2, -1.5707963267948966, 2.0
671, 0, 330, 99, 328, 99, 2, 0, 0.0, 2.0
671, 1, 222, 168, 221, 169, 1, -1, -0.7853981633974483, 1.4142135623730951
671, 4, 486, 92, 485, 93, 1, -1, -0.7853981633974483, 1.4142135623730951
671, 5, 463, 69, 461, 70, 2, -1, -0.4636476090008061, 2.23606797749979
671, 8, 150, 80, 149, 83, 1, -3, -1.2490457723982544, 3.1622776601683795
671, 12, 127, 310, 126, 312, 1, -2, -1.1071487177940904, 2.23606797749979
671, 13, 371, 103, 369, 103, 2, 0, 0.0, 2.0
671, 17, 20, 155, 19, 156, 1, -1, -0.7853981633974483, 1.4142135623730951
671, 18, 138, 307, 137, 309, 1, -2, -1.1071487177940904, 2.23606797749979
671, 20, 214, 88, 214, 90, 0, -2, -1.5707963267948966, 2.0
671, 21, 460, 77, 458, 78, 2, -1, -0.4636476090008061, 2.23606797749979
671, 22, 577, 131, 575, 130, 2, 1, 0.4636476090008061, 2.23606797749979
671, 25, 127, 370, 129, 371, -2, -1, -2.677945044588987, 2.23606797749979
671, 26, 457, 131, 456, 132, 1, -1, -0.7853981633974483, 1.4142135623730951
671, 28, 369, 349, 368, 350, 1, -1, -0.7853981633974483, 1.4142135623730951
671, 29, 343, 352, 342, 354, 1, -2, -1.1071487177940904, 2.23606797749979
671, 30, 412, 102, 410, 102, 2, 0, 0.0, 2.0
671, 34, 590, 128, 588, 129, 2, -1, -0.4636476090008061, 2.23606797749979
671, 36, 285, 130, 284, 131, 1, -1, -0.7853981633974483, 1.4142135623730951
671, 38, 251, 345, 251, 347, 0, -2, -1.5707963267948966, 2.0
671, 41, 326, 403, 325, 404, 1, -1, -0.7853981633974483, 1.4142135623730951
671, 42, 541, 134, 539, 134, 2, 0, 0.0, 2.0
671, 45, 342, 344, 340, 345, 2, -1, -0.4636476090008061, 2.23606797749979
671, 48, 327, 395, 325, 395, 2, 0, 0.0, 2.0
671, 49, 629, 135, 626, 136, 3, -1, -0.3217505543966422, 3.1622776601683795
671, 50, 24, 182, 23, 183, 1, -1, -0.7853981633974483, 1.4142135623730951
671, 52, 257, 335, 256, 337, 1, -2, -1.1071487177940904, 2.23606797749979
671, 58, 129, 401, 128, 402, 1, -1, -0.7853981633974483, 1.4142135623730951
672, 2, 407, 355, 405, 355, 2, 0, 0.0, 2.0
672, 3, 95, 174, 94, 175, 1, -1, -0.7853981633974483, 1.4142135623730951
672, 4, 488, 91, 486, 92, 2, -1, -0.4636476090008061, 2.23606797749979
672, 7, 261, 101, 260, 102, 1, -1, -0.7853981633974483, 1.4142135623730951
672, 8, 151, 79, 150, 80, 1, -1, -0.7853981633974483, 1.4142135623730951
672, 12, 128, 309, 127, 310, 1, -1, -0.7853981633974483, 1.4142135623730951
672, 17, 21, 154, 20, 155, 1, -1, -0.7853981633974483, 1.4142135623730951
672, 20, 215, 87, 214, 88, 1, -1, -0.7853981633974483, 1.4142135623730951
672, 21, 462, 77, 460, 77, 2, 0, 0.0, 2.0
672, 27, 75, 404, 74, 405, 1, -1, -0.7853981633974483, 1.4142135623730951
672, 28, 371, 348, 369, 349, 2, -1, -0.4636476090008061, 2.23606797749979
672, 30, 414, 102, 412, 102, 2, 0, 0.0, 2.0
672, 31, 96, 144, 95, 145, 1, -1, -0.7853981633974483, 1.4142135623730951
672, 34, 592, 127, 590, 128, 2, -1, -0.4636476090008061, 2.23606797749979
672, 36, 286, 129, 285, 130, 1, -1, -0.7853981633974483, 1.4142135623730951
672, 37, 222, 406, 221, 407, 1, -1, -0.7853981633974483, 1.4142135623730951
672, 42, 542, 133, 541, 134, 1, -1, -0.7853981633974483, 1.4142135623730951
672, 44, 60, 352, 59, 353, 1, -1, -0.7853981633974483, 1.4142135623730951
672, 48, 329, 395, 327, 395, 2, 0, 0.0, 2.0
672, 49, 632, 134, 629, 135, 3, -1, -0.3217505543966422, 3.1622776601683795
672, 50, 26, 181, 24, 182, 2, -1, -0.4636476090008061, 2.23606797749979
672, 51, 144, 84, 143, 85, 1, -1, -0.7853981633974483, 1.4142135623730951
673, 0, 335, 98, 331, 99, 4, -1, -0.24497866312686414, 4.123105625617661
673, 1, 225, 167, 223, 168, 2, -1, -0.4636476090008061, 2.23606797749979
673, 2, 410, 355, 407, 355, 3, 0, 0.0, 3.0
673, 3, 98, 174, 95, 174, 3, 0, 0.0, 3.0
673, 4, 489, 90, 488, 91, 1, -1, -0.7853981633974483, 1.4142135623730951
673, 5, 467, 70, 464, 69, 3, 1, 0.3217505543966422, 3.1622776601683795
673, 7, 263, 100, 261, 101, 2, -1, -0.4636476090008061, 2.23606797749979
673, 9, 290, 406, 288, 406, 2, 0, 0.0, 2.0
673, 10, 195, 405, 194, 406, 1, -1, -0.7853981633974483, 1.4142135623730951
673, 11, 35, 332, 33, 332, 2, 0, 0.0, 2.0
673, 17, 22, 153, 21, 154, 1, -1, -0.7853981633974483, 1.4142135623730951
673, 19, 143, 122, 142, 123, 1, -1, -0.7853981633974483, 1.4142135623730951
673, 21, 465, 77, 462, 77, 3, 0, 0.0, 3.0
673, 22, 579, 132, 578, 131, 1, 1, 0.7853981633974483, 1.4142135623730951
673, 24, 149, 339, 148, 338, 1, 1, 0.7853981633974483, 1.4142135623730951
673, 26, 458, 129, 457, 130, 1, -1, -0.7853981633974483, 1.4142135623730951
673, 27, 76, 403, 75, 404, 1, -1, -0.7853981633974483, 1.4142135623730951
673, 28, 373, 347, 371, 348, 2, -1, -0.4636476090008061, 2.23606797749979
673, 29, 345, 351, 344, 352, 1, -1, -0.7853981633974483, 1.4142135623730951
673, 33, 594, 126, 592, 127, 2, -1, -0.4636476090008061, 2.23606797749979
673, 34, 327, 127, 325, 128, 2, -1, -0.4636476090008061, 2.23606797749979
673, 35, 288, 128, 286, 129, 2, -1, -0.4636476090008061, 2.23606797749979
673, 38, 550, 73, 548, 74, 2, -1, -0.4636476090008061, 2.23606797749979
673, 40, 329, 402, 327, 403, 2, -1, -0.4636476090008061, 2.23606797749979
673, 42, 145, 144, 144, 145, 1, -1, -0.7853981633974483, 1.4142135623730951
673, 47, 331, 394, 329, 395, 2, -1, -0.4636476090008061, 2.23606797749979
673, 48, 635, 134, 632, 134, 3, 0, 0.0, 3.0
673, 49, 27, 180, 26, 181, 1, -1, -0.7853981633974483, 1.4142135623730951
673, 50, 145, 83, 144, 84, 1, -1, -0.7853981633974483, 1.4142135623730951
673, 54, 134, 71, 133, 72, 1, -1, -0.7853981633974483, 1.4142135623730951
673, 57, 130, 400, 129, 401, 1, -1, -0.7853981633974483, 1.4142135623730951
673, 58, 261, 141, 261, 143, 0, -2, -1.5707963267948966, 2.0
674, 2, 412, 354, 410, 355, 2, -1, -0.4636476090008061, 2.23606797749979
674, 6, 172, 68, 171, 69, 1, -1, -0.7853981633974483, 1.4142135623730951
674, 7, 264, 99, 263, 100, 1, -1, -0.7853981633974483, 1.4142135623730951
674, 11, 36, 331, 35, 332, 1, -1, -0.7853981633974483, 1.4142135623730951
674, 14, 432, 126, 430, 127, 2, -1, -0.4636476090008061, 2.23606797749979
674, 15, 78, 315, 77, 316, 1, -1, -0.7853981633974483, 1.4142135623730951
674, 25, 459, 128, 458, 129, 1, -1, -0.7853981633974483, 1.4142135623730951
674, 27, 375, 347, 373, 347, 2, 0, 0.0, 2.0
674, 32, 596, 126, 594, 126, 2, 0, 0.0, 2.0
674, 37, 552, 73, 550, 73, 2, 0, 0.0, 2.0
674, 39, 331, 402, 329, 402, 2, 0, 0.0, 2.0
674, 44, 42, 301, 41, 302, 1, -1, -0.7853981633974483, 1.4142135623730951
674, 45, 18, 400, 17, 401, 1, -1, -0.7853981633974483, 1.4142135623730951
674, 46, 334, 393, 331, 394, 3, -1, -0.3217505543966422, 3.1622776601683795
674, 48, 29, 179, 27, 180, 2, -1, -0.4636476090008061, 2.23606797749979
674, 55, 634, 104, 635, 103, -1, 1, 2.356194490192345, 1.4142135623730951
675, 0, 225, 169, 224, 170, 1, -1, -0.7853981633974483, 1.4142135623730951
675, 4, 464, 71, 463, 72, 1, -1, -0.7853981633974483, 1.4142135623730951
675, 5, 490, 92, 488, 93, 2, -1, -0.4636476090008061, 2.23606797749979
675, 6, 265, 101, 263, 102, 2, -1, -0.4636476090008061, 2.23606797749979
675, 7, 132, 375, 131, 376, 1, -1, -0.7853981633974483, 1.4142135623730951
675, 10, 290, 405, 289, 406, 1, -1, -0.7853981633974483, 1.4142135623730951
675, 12, 36, 331, 35, 332, 1, -1, -0.7853981633974483, 1.4142135623730951
675, 15, 140, 311, 139, 312, 1, -1, -0.7853981633974483, 1.4142135623730951
675, 16, 79, 406, 78, 407, 1, -1, -0.7853981633974483, 1.4142135623730951
675, 20, 329, 398, 328, 399, 1, -1, -0.7853981633974483, 1.4142135623730951
675, 24, 551, 73, 549, 74, 2, -1, -0.4636476090008061, 2.23606797749979
675, 28, 170, 377, 169, 378, 1, -1, -0.7853981633974483, 1.4142135623730951
675, 29, 264, 108, 263, 109, 1, -1, -0.7853981633974483, 1.4142135623730951
675, 30, 288, 361, 287, 362, 1, -1, -0.7853981633974483, 1.4142135623730951
675, 31, 524, 83, 522, 83, 2, 0, 0.0, 2.0
675, 34, 414, 108, 412, 108, 2, 0, 0.0, 2.0
675, 35, 234, 143, 234, 145, 0, -2, -1.5707963267948966, 2.0
675, 36, 594, 128, 592, 129, 2, -1, -0.4636476090008061, 2.23606797749979
675, 39, 373, 351, 372, 352, 1, -1, -0.7853981633974483, 1.4142135623730951
675, 40, 106, 179, 105, 180, 1, -1, -0.7853981633974483, 1.4142135623730951
675, 44, 264, 143, 264, 145, 0, -2, -1.5707963267948966, 2.0
675, 45, 388, 377, 386, 378, 2, -1, -0.4636476090008061, 2.23606797749979
675, 49, 505, 366, 504, 364, 1, 2, 1.1071487177940904, 2.23606797749979
675, 50, 435, 405, 433, 405, 2, 0, 0.0, 2.0
675, 51, 42, 301, 41, 302, 1, -1, -0.7853981633974483, 1.4142135623730951
676, 1, 410, 355, 409, 356, 1, -1, -0.7853981633974483, 1.4142135623730951
676, 4, 465, 70, 464, 71, 1, -1, -0.7853981633974483, 1.4142135623730951
676, 5, 492, 91, 490, 92, 2, -1, -0.4636476090008061, 2.23606797749979
676, 9, 174, 69, 173, 70, 1, -1, -0.7853981633974483, 1.4142135623730951
676, 12, 37, 330, 36, 331, 1, -1, -0.7853981633974483, 1.4142135623730951
676, 20, 331, 397, 329, 398, 2, -1, -0.4636476090008061, 2.23606797749979
676, 26, 340, 345, 338, 346, 2, -1, -0.4636476090008061, 2.23606797749979
676, 31, 526, 83, 524, 83, 2, 0, 0.0, 2.0
676, 36, 595, 127, 594, 128, 1, -1, -0.7853981633974483, 1.4142135623730951
676, 38, 310, 385, 308, 386, 2, -1, -0.4636476090008061, 2.23606797749979
676, 39, 374, 350, 373, 351, 1, -1, -0.7853981633974483, 1.4142135623730951
676, 40, 107, 178, 106, 179, 1, -1, -0.7853981633974483, 1.4142135623730951
676, 45, 390, 377, 388, 377, 2, 0, 0.0, 2.0
676, 50, 436, 404, 435, 405, 1, -1, -0.7853981633974483, 1.4142135623730951
677, 2, 339, 99, 337, 99, 2, 0, 0.0, 2.0
677, 3, 99, 176, 98, 177, 1, -1, -0.7853981633974483, 1.4142135623730951
677, 5, 494, 91, 492, 91, 2, 0, 0.0, 2.0
677, 9, 175, 68, 174, 69, 1, -1, -0.7853981633974483, 1.4142135623730951
677, 12, 38, 329, 37, 330, 1, -1, -0.7853981633974483, 1.4142135623730951
677, 14, 348, 352, 347, 353, 1, -1, -0.7853981633974483, 1.4142135623730951
677, 16, 81, 405, 80, 406, 1, -1, -0.7853981633974483, 1.4142135623730951
677, 21, 153, 341, 152, 342, 1, -1, -0.7853981633974483, 1.4142135623730951
677, 24, 553, 72, 552, 73, 1, -1, -0.7853981633974483, 1.4142135623730951
677, 26, 342, 344, 340, 345, 2, -1, -0.4636476090008061, 2.23606797749979
677, 29, 265, 106, 264, 107, 1, -1, -0.7853981633974483, 1.4142135623730951
677, 35, 235, 141, 234, 142, 1, -1, -0.7853981633974483, 1.4142135623730951
677, 36, 597, 127, 595, 127, 2, 0, 0.0, 2.0
677, 38, 312, 384, 310, 385, 2, -1, -0.4636476090008061, 2.23606797749979
677, 44, 264, 140, 264, 142, 0, -2, -1.5707963267948966, 2.0
677, 45, 392, 377, 390, 377, 2, 0, 0.0, 2.0
677, 47, 25, 156, 23, 156, 2, 0, 0.0, 2.0
677, 48, 368, 403, 366, 403, 2, 0, 0.0, 2.0
677, 50, 437, 403, 436, 404, 1, -1, -0.7853981633974483, 1.4142135623730951
678, 0, 226, 167, 225, 168, 1, -1, -0.7853981633974483, 1.4142135623730951
678, 1, 412, 354, 411, 355, 1, -1, -0.7853981633974483, 1.4142135623730951
678, 5, 496, 91, 494, 91, 2, 0, 0.0, 2.0
678, 6, 267, 100, 266, 101, 1, -1, -0.7853981633974483, 1.4142135623730951
678, 8, 153, 84, 152, 85, 1, -1, -0.7853981633974483, 1.4142135623730951
678, 9, 176, 67, 175, 68, 1, -1, -0.7853981633974483, 1.4142135623730951
678, 10, 293, 404, 292, 405, 1, -1, -0.7853981633974483, 1.4142135623730951
678, 15, 142, 310, 141, 311, 1, -1, -0.7853981633974483, 1.4142135623730951
678, 17, 72, 320, 71, 321, 1, -1, -0.7853981633974483, 1.4142135623730951
678, 22, 330, 127, 329, 128, 1, -1, -0.7853981633974483, 1.4142135623730951
678, 23, 225, 406, 224, 407, 1, -1, -0.7853981633974483, 1.4142135623730951
678, 24, 555, 71, 553, 72, 2, -1, -0.4636476090008061, 2.23606797749979
678, 26, 344, 343, 342, 344, 2, -1, -0.4636476090008061, 2.23606797749979
678, 27, 217, 89, 216, 90, 1, -1, -0.7853981633974483, 1.4142135623730951
678, 31, 529, 83, 527, 83, 2, 0, 0.0, 2.0
678, 35, 237, 139, 235, 141, 2, -2, -0.7853981633974483, 2.8284271247461903
678, 36, 599, 127, 597, 127, 2, 0, 0.0, 2.0
678, 38, 314, 383, 312, 384, 2, -1, -0.4636476090008061, 2.23606797749979
678, 39, 377, 349, 375, 350, 2, -1, -0.4636476090008061, 2.23606797749979
678, 44, 393, 376, 392, 377, 1, -1, -0.7853981633974483, 1.4142135623730951
679, 2, 342, 98, 340, 99, 2, -1, -0.4636476090008061, 2.23606797749979
679, 3, 100, 174, 99, 175, 1, -1, -0.7853981633974483, 1.4142135623730951
679, 4, 467, 69, 466, 70, 1, -1, -0.7853981633974483, 1.4142135623730951
679, 5, 497, 92, 496, 91, 1, 1, 0.7853981633974483, 1.4142135623730951
679, 9, 179, 66, 176, 67, 3, -1, -0.3217505543966422, 3.1622776601683795
679, 10, 297, 403, 293, 404, 4, -1, -0.24497866312686414, 4.123105625617661
679, 12, 40, 328, 39, 329, 1, -1, -0.7853981633974483, 1.4142135623730951
679, 17, 73, 319, 72, 320, 1, -1, -0.7853981633974483, 1.4142135623730951
679, 19, 260, 332, 260, 329, 0, 3, 1.5707963267948966, 3.0
679, 22, 331, 126, 330, 127, 1, -1, -0.7853981633974483, 1.4142135623730951
679, 23, 228, 405, 225, 406, 3, -1, -0.3217505543966422, 3.1622776601683795
679, 26, 345, 342, 344, 343, 1, -1, -0.7853981633974483, 1.4142135623730951
679, 31, 531, 84, 529, 83, 2, 1, 0.4636476090008061, 2.23606797749979
679, 35, 239, 138, 237, 139, 2, -1, -0.4636476090008061, 2.23606797749979
679, 37, 381, 104, 377, 104, 4, 0, 0.0, 4.0
679, 38, 315, 382, 314, 383, 1, -1, -0.7853981633974483, 1.4142135623730951
679, 39, 379, 348, 377, 349, 2, -1, -0.4636476090008061, 2.23606797749979
679, 44, 394, 375, 393, 376, 1, -1, -0.7853981633974483, 1.4142135623730951
679, 46, 27, 155, 26, 156, 1, -1, -0.7853981633974483, 1.4142135623730951
679, 50, 44, 299, 43, 300, 1, -1, -0.7853981633974483, 1.4142135623730951
680, 1, 340, 99, 339, 100, 1, -1, -0.7853981633974483, 1.4142135623730951
680, 4, 105, 176, 104, 177, 1, -1, -0.7853981633974483, 1.4142135623730951
680, 5, 495, 93, 493, 94, 2, -1, -0.4636476090008061, 2.23606797749979
680, 6, 154, 85, 153, 86, 1, -1, -0.7853981633974483, 1.4142135623730951
680, 10, 199, 406, 198, 407, 1, -1, -0.7853981633974483, 1.4142135623730951
680, 13, 39, 332, 38, 333, 1, -1, -0.7853981633974483, 1.4142135623730951
680, 14, 267, 102, 266, 103, 1, -1, -0.7853981633974483, 1.4142135623730951
680, 16, 349, 354, 347, 354, 2, 0, 0.0, 2.0
680, 18, 297, 406, 296, 407, 1, -1, -0.7853981633974483, 1.4142135623730951
680, 19, 227, 408, 226, 409, 1, -1, -0.7853981633974483, 1.4142135623730951
680, 20, 177, 69, 176, 70, 1, -1, -0.7853981633974483, 1.4142135623730951
680, 23, 313, 384, 312, 385, 1, -1, -0.7853981633974483, 1.4142135623730951
680, 28, 598, 128, 596, 128, 2, 0, 0.0, 2.0
680, 32, 427, 132, 426, 133, 1, -1, -0.7853981633974483, 1.4142135623730951
680, 34, 409, 348, 407, 348, 2, 0, 0.0, 2.0
680, 35, 417, 109, 416, 110, 1, -1, -0.7853981633974483, 1.4142135623730951
680, 38, 635, 138, 638, 138, -3, 0, 3.141592653589793, 3.0
680, 39, 349, 345, 348, 346, 1, -1, -0.7853981633974483, 1.4142135623730951
680, 40, 292, 362, 291, 363, 1, -1, -0.7853981633974483, 1.4142135623730951
680, 43, 39, 340, 37, 340, 2, 0, 0.0, 2.0
680, 48, 131, 150, 130, 152, 1, -2, -1.1071487177940904, 2.23606797749979
681, 1, 342, 97, 340, 99, 2, -2, -0.7853981633974483, 2.8284271247461903
681, 2, 415, 354, 414, 355, 1, -1, -0.7853981633974483, 1.4142135623730951
681, 3, 471, 71, 469, 72, 2, -1, -0.4636476090008061, 2.23606797749979
681, 4, 106, 175, 105, 176, 1, -1, -0.7853981633974483, 1.4142135623730951
681, 5, 496, 92, 495, 93, 1, -1, -0.7853981633974483, 1.4142135623730951
681, 10, 200, 405, 199, 406, 1, -1, -0.7853981633974483, 1.4142135623730951
681, 13, 41, 331, 39, 332, 2, -1, -0.4636476090008061, 2.23606797749979
681, 14, 268, 101, 267, 102, 1, -1, -0.7853981633974483, 1.4142135623730951
681, 17, 75, 320, 74, 321, 1, -1, -0.7853981633974483, 1.4142135623730951
681, 19, 228, 407, 227, 408, 1, -1, -0.7853981633974483, 1.4142135623730951
681, 28, 600, 128, 598, 128, 2, 0, 0.0, 2.0
681, 31, 156, 340, 155, 341, 1, -1, -0.7853981633974483, 1.4142135623730951
681, 32, 428, 131, 427, 132, 1, -1, -0.7853981633974483, 1.4142135623730951
681, 34, 411, 347, 409, 348, 2, -1, -0.4636476090008061, 2.23606797749979
681, 35, 418, 108, 417, 109, 1, -1, -0.7853981633974483, 1.4142135623730951
681, 37, 332, 128, 331, 129, 1, -1, -0.7853981633974483, 1.4142135623730951
681, 43, 41, 340, 39, 340, 2, 0, 0.0, 2.0
681, 45, 144, 124, 143, 125, 1, -1, -0.7853981633974483, 1.4142135623730951
681, 49, 564, 346, 563, 347, 1, -1, -0.7853981633974483, 1.4142135623730951
682, 1, 344, 96, 342, 97, 2, -1, -0.4636476090008061, 2.23606797749979
682, 2, 417, 353, 415, 354, 2, -1, -0.4636476090008061, 2.23606797749979
682, 3, 473, 70, 471, 71, 2, -1, -0.4636476090008061, 2.23606797749979
682, 4, 107, 174, 106, 175, 1, -1, -0.7853981633974483, 1.4142135623730951
682, 5, 498, 90, 496, 92, 2, -2, -0.7853981633974483, 2.8284271247461903
682, 11, 42, 330, 41, 331, 1, -1, -0.7853981633974483, 1.4142135623730951
682, 12, 269, 100, 268, 101, 1, -1, -0.7853981633974483, 1.4142135623730951
682, 16, 299, 405, 298, 406, 1, -1, -0.7853981633974483, 1.4142135623730951
682, 17, 229, 406, 228, 407, 1, -1, -0.7853981633974483, 1.4142135623730951
682, 22, 338, 398, 337, 399, 1, -1, -0.7853981633974483, 1.4142135623730951
682, 24, 562, 75, 560, 76, 2, -1, -0.4636476090008061, 2.23606797749979
682, 26, 602, 128, 600, 128, 2, 0, 0.0, 2.0
682, 30, 429, 130, 428, 131, 1, -1, -0.7853981633974483, 1.4142135623730951
682, 32, 414, 346, 411, 347, 3, -1, -0.3217505543966422, 3.1622776601683795
682, 33, 419, 107, 418, 108, 1, -1, -0.7853981633974483, 1.4142135623730951
682, 35, 333, 127, 332, 128, 1, -1, -0.7853981633974483, 1.4142135623730951
682, 40, 518, 99, 515, 98, 3, 1, 0.3217505543966422, 3.1622776601683795
682, 42, 172, 376, 171, 377, 1, -1, -0.7853981633974483, 1.4142135623730951
682, 43, 145, 123, 144, 124, 1, -1, -0.7853981633974483, 1.4142135623730951
682, 47, 567, 344, 564, 346, 3, -2, -0.5880026035475675, 3.605551275463989
683, 1, 346, 96, 344, 96, 2, 0, 0.0, 2.0
683, 2, 419, 352, 417, 353, 2, -1, -0.4636476090008061, 2.23606797749979
683, 3, 475, 69, 473, 70, 2, -1, -0.4636476090008061, 2.23606797749979
683, 4, 108, 172, 107, 174, 1, -2, -1.1071487177940904, 2.23606797749979
683, 5, 500, 89, 498, 90, 2, -1, -0.4636476090008061, 2.23606797749979
683, 8, 238, 73, 237, 74, 1, -1, -0.7853981633974483, 1.4142135623730951
683, 9, 202, 404, 201, 405, 1, -1, -0.7853981633974483, 1.4142135623730951
683, 17, 230, 405, 229, 406, 1, -1, -0.7853981633974483, 1.4142135623730951
683, 22, 339, 397, 338, 398, 1, -1, -0.7853981633974483, 1.4142135623730951
683, 24, 564, 74, 562, 75, 2, -1, -0.4636476090008061, 2.23606797749979
683, 30, 430, 129, 429, 130, 1, -1, -0.7853981633974483, 1.4142135623730951
683, 32, 416, 345, 414, 346, 2, -1, -0.4636476090008061, 2.23606797749979
683, 35, 334, 126, 333, 127, 1, -1, -0.7853981633974483, 1.4142135623730951
683, 39, 221, 98, 220, 99, 1, -1, -0.7853981633974483, 1.4142135623730951
683, 40, 520, 100, 518, 99, 2, 1, 0.4636476090008061, 2.23606797749979
683, 43, 146, 121, 145, 123, 1, -2, -1.1071487177940904, 2.23606797749979
683, 47, 571, 342, 567, 344, 4, -2, -0.4636476090008061, 4.47213595499958
684, 0, 348, 95, 346, 96, 2, -1, -0.4636476090008061, 2.23606797749979
684, 1, 421, 351, 419, 352, 2, -1, -0.4636476090008061, 2.23606797749979
684, 2, 477, 68, 475, 69, 2, -1, -0.4636476090008061, 2.23606797749979
684, 3, 109, 171, 108, 172, 1, -1, -0.7853981633974483, 1.4142135623730951
684, 4, 502, 89, 500, 89, 2, 0, 0.0, 2.0
684, 5, 155, 83, 154, 84, 1, -1, -0.7853981633974483, 1.4142135623730951
684, 6, 143, 309, 142, 310, 1, -1, -0.7853981633974483, 1.4142135623730951
684, 7, 239, 72, 238, 73, 1, -1, -0.7853981633974483, 1.4142135623730951
684, 8, 203, 403, 202, 404, 1, -1, -0.7853981633974483, 1.4142135623730951
684, 11, 271, 99, 269, 100, 2, -1, -0.4636476090008061, 2.23606797749979
684, 13, 353, 353, 352, 354, 1, -1, -0.7853981633974483, 1.4142135623730951
684, 14, 78, 319, 77, 320, 1, -1, -0.7853981633974483, 1.4142135623730951
684, 20, 317, 383, 316, 384, 1, -1, -0.7853981633974483, 1.4142135623730951
684, 23, 566, 73, 564, 74, 2, -1, -0.4636476090008061, 2.23606797749979
684, 24, 27, 155, 26, 156, 1, -1, -0.7853981633974483, 1.4142135623730951
684, 28, 157, 338, 156, 339, 1, -1, -0.7853981633974483, 1.4142135623730951
684, 29, 431, 128, 430, 129, 1, -1, -0.7853981633974483, 1.4142135623730951
684, 31, 418, 345, 416, 345, 2, 0, 0.0, 2.0
684, 32, 421, 106, 420, 107, 1, -1, -0.7853981633974483, 1.4142135623730951
684, 34, 335, 125, 334, 126, 1, -1, -0.7853981633974483, 1.4142135623730951
684, 39, 522, 100, 520, 100, 2, 0, 0.0, 2.0
684, 40, 45, 340, 43, 340, 2, 0, 0.0, 2.0
684, 46, 576, 340, 571, 342, 5, -2, -0.3805063771123649, 5.385164807134504
685, 1, 419, 353, 418, 354, 1, -1, -0.7853981633974483, 1.4142135623730951
685, 2, 347, 98, 345, 99, 2, -1, -0.4636476090008061, 2.23606797749979
685, 3, 474, 70, 473, 71, 1, -1, -0.7853981633974483, 1.4142135623730951
685, 4, 157, 85, 156, 86, 1, -1, -0.7853981633974483, 1.4142135623730951
685, 5, 497, 93, 496, 94, 1, -1, -0.7853981633974483, 1.4142135623730951
685, 6, 105, 175, 104, 176, 1, -1, -0.7853981633974483, 1.4142135623730951
685, 8, 271, 101, 270, 102, 1, -1, -0.7853981633974483, 1.4142135623730951
685, 9, 303, 406, 301, 407, 2, -1, -0.4636476090008061, 2.23606797749979
685, 11, 48, 330, 47, 331, 1, -1, -0.7853981633974483, 1.4142135623730951
685, 15, 6, 193, 5, 194, 1, -1, -0.7853981633974483, 1.4142135623730951
685, 19, 340, 402, 339, 403, 1, -1, -0.7853981633974483, 1.4142135623730951
685, 23, 168, 90, 167, 91, 1, -1, -0.7853981633974483, 1.4142135623730951
685, 24, 147, 123, 146, 124, 1, -1, -0.7853981633974483, 1.4142135623730951
685, 30, 590, 132, 589, 133, 1, -1, -0.7853981633974483, 1.4142135623730951
685, 31, 205, 308, 204, 309, 1, -1, -0.7853981633974483, 1.4142135623730951
685, 33, 50, 303, 49, 304, 1, -1, -0.7853981633974483, 1.4142135623730951
685, 34, 604, 129, 602, 129, 2, 0, 0.0, 2.0
685, 37, 431, 128, 430, 129, 1, -1, -0.7853981633974483, 1.4142135623730951
685, 38, 566, 75, 564, 76, 2, -1, -0.4636476090008061, 2.23606797749979
685, 40, 135, 338, 134, 339, 1, -1, -0.7853981633974483, 1.4142135623730951
685, 42, 375, 403, 374, 404, 1, -1, -0.7853981633974483, 1.4142135623730951
685, 43, 319, 385, 317, 385, 2, 0, 0.0, 2.0
685, 44, 526, 100, 523, 101, 3, -1, -0.3217505543966422, 3.1622776601683795
685, 45, 535, 84, 532, 85, 3, -1, -0.3217505543966422, 3.1622776601683795
685, 47, 36, 182, 35, 183, 1, -1, -0.7853981633974483, 1.4142135623730951
685, 50, 88, 315, 85, 315, 3, 0, 0.0, 3.0
685, 51, 397, 377, 396, 378, 1, -1, -0.7853981633974483, 1.4142135623730951
685, 53, 26, 402, 25, 403, 1, -1, -0.7853981633974483, 1.4142135623730951
685, 59, 335, 127, 334, 128, 1, -1, -0.7853981633974483, 1.4142135623730951
686, 1, 420, 352, 419, 353, 1, -1, -0.7853981633974483, 1.4142135623730951
686, 2, 348, 97, 347, 98, 1, -1, -0.7853981633974483, 1.4142135623730951
686, 3, 475, 69, 474, 70, 1, -1, -0.7853981633974483, 1.4142135623730951
686, 9, 305, 405, 303, 406, 2, -1, -0.4636476090008061, 2.23606797749979
686, 11, 49, 329, 48, 330, 1, -1, -0.7853981633974483, 1.4142135623730951
686, 13, 83, 405, 82, 406, 1, -1, -0.7853981633974483, 1.4142135623730951
686, 14, 79, 321, 78, 322, 1, -1, -0.7853981633974483, 1.4142135623730951
686, 15, 7, 192, 6, 193, 1, -1, -0.7853981633974483, 1.4142135623730951
686, 17, 240, 73, 239, 74, 1, -1, -0.7853981633974483, 1.4142135623730951
686, 19, 342, 401, 340, 402, 2, -1, -0.4636476090008061, 2.23606797749979
686, 23, 169, 89, 168, 90, 1, -1, -0.7853981633974483, 1.4142135623730951
686, 26, 135, 313, 134, 314, 1, -1, -0.7853981633974483, 1.4142135623730951
686, 29, 260, 121, 259, 122, 1, -1, -0.7853981633974483, 1.4142135623730951
686, 30, 591, 131, 590, 132, 1, -1, -0.7853981633974483, 1.4142135623730951
686, 34, 606, 129, 604, 129, 2, 0, 0.0, 2.0
686, 37, 432, 127, 431, 128, 1, -1, -0.7853981633974483, 1.4142135623730951
686, 38, 568, 74, 566, 75, 2, -1, -0.4636476090008061, 2.23606797749979
686, 40, 136, 337, 135, 338, 1, -1, -0.7853981633974483, 1.4142135623730951
686, 42, 377, 402, 375, 403, 2, -1, -0.4636476090008061, 2.23606797749979
686, 44, 528, 99, 526, 100, 2, -1, -0.4636476090008061, 2.23606797749979
686, 45, 537, 83, 535, 84, 2, -1, -0.4636476090008061, 2.23606797749979
686, 47, 37, 181, 36, 182, 1, -1, -0.7853981633974483, 1.4142135623730951
686, 49, 354, 354, 353, 355, 1, -1, -0.7853981633974483, 1.4142135623730951
686, 50, 90, 315, 88, 315, 2, 0, 0.0, 2.0
686, 52, 12, 198, 11, 199, 1, -1, -0.7853981633974483, 1.4142135623730951
686, 57, 292, 125, 290, 126, 2, -1, -0.4636476090008061, 2.23606797749979
686, 59, 336, 126, 335, 127, 1, -1, -0.7853981633974483, 1.4142135623730951
687, 1, 421, 351, 420, 352, 1, -1, -0.7853981633974483, 1.4142135623730951
687, 2, 350, 96, 348, 97, 2, -1, -0.4636476090008061, 2.23606797749979
687, 3, 476, 68, 475, 69, 1, -1, -0.7853981633974483, 1.4142135623730951
687, 4, 159, 84, 158, 85, 1, -1, -0.7853981633974483, 1.4142135623730951
687, 5, 501, 93, 498, 93, 3, 0, 0.0, 3.0
687, 9, 306, 404, 305, 405, 1, -1, -0.7853981633974483, 1.4142135623730951
687, 14, 80, 320, 79, 321, 1, -1, -0.7853981633974483, 1.4142135623730951
687, 15, 8, 191, 7, 192, 1, -1, -0.7853981633974483, 1.4142135623730951
687, 16, 233, 406, 232, 407, 1, -1, -0.7853981633974483, 1.4142135623730951
687, 17, 241, 72, 240, 73, 1, -1, -0.7853981633974483, 1.4142135623730951
687, 26, 136, 312, 135, 313, 1, -1, -0.7853981633974483, 1.4142135623730951
687, 27, 103, 146, 102, 147, 1, -1, -0.7853981633974483, 1.4142135623730951
687, 29, 593, 130, 591, 131, 2, -1, -0.4636476090008061, 2.23606797749979
687, 34, 163, 191, 162, 192, 1, -1, -0.7853981633974483, 1.4142135623730951
687, 36, 433, 126, 432, 127, 1, -1, -0.7853981633974483, 1.4142135623730951
687, 37, 570, 73, 568, 74, 2, -1, -0.4636476090008061, 2.23606797749979
687, 40, 136, 372, 135, 373, 1, -1, -0.7853981633974483, 1.4142135623730951
687, 41, 379, 401, 377, 402, 2, -1, -0.4636476090008061, 2.23606797749979
687, 44, 539, 82, 537, 83, 2, -1, -0.4636476090008061, 2.23606797749979
687, 46, 39, 180, 37, 181, 2, -1, -0.4636476090008061, 2.23606797749979
687, 47, 205, 406, 204, 407, 1, -1, -0.7853981633974483, 1.4142135623730951
687, 50, 399, 376, 398, 377, 1, -1, -0.7853981633974483, 1.4142135623730951
687, 51, 14, 199, 12, 198, 2, 1, 0.4636476090008061, 2.23606797749979
687, 52, 27, 400, 26, 401, 1, -1, -0.7853981633974483, 1.4142135623730951
688, 1, 422, 350, 421, 351, 1, -1, -0.7853981633974483, 1.4142135623730951
688, 2, 352, 95, 350, 96, 2, -1, -0.4636476090008061, 2.23606797749979
688, 3, 477, 67, 476, 68, 1, -1, -0.7853981633974483, 1.4142135623730951
688, 4, 160, 83, 159, 84, 1, -1, -0.7853981633974483, 1.4142135623730951
688, 6, 106, 172, 105, 173, 1, -1, -0.7853981633974483, 1.4142135623730951
688, 8, 272, 98, 271, 99, 1, -1, -0.7853981633974483, 1.4142135623730951
688, 9, 308, 404, 306, 404, 2, 0, 0.0, 2.0
688, 10, 50, 328, 49, 329, 1, -1, -0.7853981633974483, 1.4142135623730951
688, 11, 228, 96, 227, 97, 1, -1, -0.7853981633974483, 1.4142135623730951
688, 13, 82, 320, 80, 320, 2, 0, 0.0, 2.0
688, 15, 234, 405, 233, 406, 1, -1, -0.7853981633974483, 1.4142135623730951
688, 16, 243, 71, 241, 72, 2, -1, -0.4636476090008061, 2.23606797749979
688, 18, 344, 400, 343, 401, 1, -1, -0.7853981633974483, 1.4142135623730951
688, 21, 146, 305, 145, 304, 1, 1, 0.7853981633974483, 1.4142135623730951
688, 22, 170, 87, 169, 88, 1, -1, -0.7853981633974483, 1.4142135623730951
688, 28, 596, 129, 593, 130, 3, -1, -0.3217505543966422, 3.1622776601683795
688, 31, 53, 302, 52, 303, 1, -1, -0.7853981633974483, 1.4142135623730951
688, 32, 609, 128, 607, 129, 2, -1, -0.4636476090008061, 2.23606797749979
688, 33, 164, 190, 163, 191, 1, -1, -0.7853981633974483, 1.4142135623730951
688, 34, 135, 107, 133, 107, 2, 0, 0.0, 2.0
688, 35, 434, 125, 433, 126, 1, -1, -0.7853981633974483, 1.4142135623730951
688, 36, 572, 72, 570, 73, 2, -1, -0.4636476090008061, 2.23606797749979
688, 40, 381, 401, 379, 401, 2, 0, 0.0, 2.0
688, 43, 541, 81, 539, 82, 2, -1, -0.4636476090008061, 2.23606797749979
688, 44, 339, 392, 337, 393, 2, -1, -0.4636476090008061, 2.23606797749979
688, 45, 40, 179, 39, 180, 1, -1, -0.7853981633974483, 1.4142135623730951
688, 49, 400, 375, 399, 376, 1, -1, -0.7853981633974483, 1.4142135623730951
688, 52, 352, 344, 351, 345, 1, -1, -0.7853981633974483, 1.4142135623730951
688, 57, 338, 125, 337, 126, 1, -1, -0.7853981633974483, 1.4142135623730951
689, 1, 423, 349, 422, 350, 1, -1, -0.7853981633974483, 1.4142135623730951
689, 9, 310, 404, 308, 404, 2, 0, 0.0, 2.0
689, 13, 84, 319, 82, 320, 2, -1, -0.4636476090008061, 2.23606797749979
689, 14, 9, 190, 8, 191, 1, -1, -0.7853981633974483, 1.4142135623730951
689, 16, 244, 70, 243, 71, 1, -1, -0.7853981633974483, 1.4142135623730951
689, 18, 346, 399, 344, 400, 2, -1, -0.4636476090008061, 2.23606797749979
689, 28, 598, 128, 596, 129, 2, -1, -0.4636476090008061, 2.23606797749979
689, 31, 54, 301, 53, 302, 1, -1, -0.7853981633974483, 1.4142135623730951
689, 32, 611, 127, 609, 128, 2, -1, -0.4636476090008061, 2.23606797749979
689, 34, 137, 107, 135, 107, 2, 0, 0.0, 2.0
689, 35, 435, 124, 434, 125, 1, -1, -0.7853981633974483, 1.4142135623730951
689, 38, 138, 335, 137, 336, 1, -1, -0.7853981633974483, 1.4142135623730951
689, 40, 383, 400, 381, 401, 2, -1, -0.4636476090008061, 2.23606797749979
689, 41, 324, 384, 322, 385, 2, -1, -0.4636476090008061, 2.23606797749979
689, 42, 532, 99, 530, 99, 2, 0, 0.0, 2.0
689, 43, 542, 80, 541, 81, 1, -1, -0.7853981633974483, 1.4142135623730951
689, 45, 42, 178, 40, 179, 2, -1, -0.4636476090008061, 2.23606797749979
689, 46, 207, 405, 206, 406, 1, -1, -0.7853981633974483, 1.4142135623730951
689, 47, 357, 353, 356, 354, 1, -1, -0.7853981633974483, 1.4142135623730951
689, 49, 402, 374, 400, 375, 2, -1, -0.4636476090008061, 2.23606797749979
689, 51, 28, 398, 27, 399, 1, -1, -0.7853981633974483, 1.4142135623730951
689, 55, 296, 124, 294, 125, 2, -1, -0.4636476090008061, 2.23606797749979
689, 57, 340, 125, 338, 125, 2, 0, 0.0, 2.0
690, 3, 479, 70, 477, 71, 2, -1, -0.4636476090008061, 2.23606797749979
690, 6, 502, 93, 501, 94, 1, -1, -0.7853981633974483, 1.4142135623730951
690, 7, 161, 84, 160, 85, 1, -1, -0.7853981633974483, 1.4142135623730951
690, 8, 51, 330, 50, 331, 1, -1, -0.7853981633974483, 1.4142135623730951
690, 10, 243, 71, 242, 72, 1, -1, -0.7853981633974483, 1.4142135623730951
690, 19, 609, 130, 607, 130, 2, 0, 0.0, 2.0
690, 22, 86, 405, 85, 406, 1, -1, -0.7853981633974483, 1.4142135623730951
690, 25, 183, 69, 182, 70, 1, -1, -0.7853981633974483, 1.4142135623730951
690, 27, 475, 78, 474, 79, 1, -1, -0.7853981633974483, 1.4142135623730951
690, 29, 345, 403, 344, 404, 1, -1, -0.7853981633974483, 1.4142135623730951
690, 35, 431, 101, 429, 102, 2, -1, -0.4636476090008061, 2.23606797749979
690, 36, 206, 406, 205, 407, 1, -1, -0.7853981633974483, 1.4142135623730951
690, 37, 8, 195, 6, 195, 2, 0, 0.0, 2.0
690, 38, 598, 131, 595, 131, 3, 0, 0.0, 3.0
691, 4, 426, 353, 424, 354, 2, -1, -0.4636476090008061, 2.23606797749979
691, 6, 503, 92, 502, 93, 1, -1, -0.7853981633974483, 1.4142135623730951
691, 9, 159, 342, 158, 343, 1, -1, -0.7853981633974483, 1.4142135623730951
691, 10, 244, 70, 243, 71, 1, -1, -0.7853981633974483, 1.4142135623730951
691, 12, 84, 320, 83, 321, 1, -1, -0.7853981633974483, 1.4142135623730951
691, 14, 309, 406, 308, 407, 1, -1, -0.7853981633974483, 1.4142135623730951
691, 15, 360, 354, 359, 355, 1, -1, -0.7853981633974483, 1.4142135623730951
691, 18, 348, 106, 347, 107, 1, -1, -0.7853981633974483, 1.4142135623730951
691, 19, 611, 129, 609, 130, 2, -1, -0.4636476090008061, 2.23606797749979
691, 20, 32, 157, 31, 158, 1, -1, -0.7853981633974483, 1.4142135623730951
691, 28, 341, 127, 339, 128, 2, -1, -0.4636476090008061, 2.23606797749979
691, 29, 346, 402, 345, 403, 1, -1, -0.7853981633974483, 1.4142135623730951
691, 32, 54, 303, 53, 304, 1, -1, -0.7853981633974483, 1.4142135623730951
691, 35, 433, 100, 431, 101, 2, -1, -0.4636476090008061, 2.23606797749979
691, 37, 9, 194, 8, 195, 1, -1, -0.7853981633974483, 1.4142135623730951
691, 38, 600, 131, 598, 131, 2, 0, 0.0, 2.0
691, 42, 460, 106, 458, 106, 2, 0, 0.0, 2.0
692, 7, 162, 82, 161, 83, 1, -1, -0.7853981633974483, 1.4142135623730951
692, 12, 85, 319, 84, 320, 1, -1, -0.7853981633974483, 1.4142135623730951
692, 14, 310, 405, 309, 406, 1, -1, -0.7853981633974483, 1.4142135623730951
692, 19, 613, 128, 611, 129, 2, -1, -0.4636476090008061, 2.23606797749979
692, 22, 88, 404, 87, 405, 1, -1, -0.7853981633974483, 1.4142135623730951
692, 24, 226, 91, 225, 92, 1, -1, -0.7853981633974483, 1.4142135623730951
692, 27, 477, 77, 476, 78, 1, -1, -0.7853981633974483, 1.4142135623730951
692, 28, 342, 126, 341, 127, 1, -1, -0.7853981633974483, 1.4142135623730951
692, 29, 348, 402, 346, 402, 2, 0, 0.0, 2.0
692, 30, 355, 347, 354, 348, 1, -1, -0.7853981633974483, 1.4142135623730951
692, 32, 55, 302, 54, 303, 1, -1, -0.7853981633974483, 1.4142135623730951
692, 35, 435, 100, 433, 100, 2, 0, 0.0, 2.0
692, 36, 208, 405, 207, 406, 1, -1, -0.7853981633974483, 1.4142135623730951
692, 39, 137, 312, 136, 313, 1, -1, -0.7853981633974483, 1.4142135623730951
692, 40, 391, 350, 390, 351, 1, -1, -0.7853981633974483, 1.4142135623730951
692, 42, 463, 107, 460, 106, 3, 1, 0.3217505543966422, 3.1622776601683795
693, 4, 427, 352, 426, 353, 1, -1, -0.7853981633974483, 1.4142135623730951
693, 6, 506, 91, 504, 92, 2, -1, -0.4636476090008061, 2.23606797749979
693, 7, 163, 81, 162, 82, 1, -1, -0.7853981633974483, 1.4142135623730951
693, 8, 53, 328, 52, 329, 1, -1, -0.7853981633974483, 1.4142135623730951
693, 10, 245, 68, 244, 69, 1, -1, -0.7853981633974483, 1.4142135623730951
693, 14, 312, 404, 310, 405, 2, -1, -0.4636476090008061, 2.23606797749979
693, 15, 362, 353, 361, 354, 1, -1, -0.7853981633974483, 1.4142135623730951
693, 19, 615, 127, 613, 128, 2, -1, -0.4636476090008061, 2.23606797749979
693, 20, 33, 156, 32, 157, 1, -1, -0.7853981633974483, 1.4142135623730951
693, 21, 574, 75, 572, 75, 2, 0, 0.0, 2.0
693, 24, 227, 90, 226, 91, 1, -1, -0.7853981633974483, 1.4142135623730951
693, 27, 478, 76, 477, 77, 1, -1, -0.7853981633974483, 1.4142135623730951
693, 28, 343, 125, 342, 126, 1, -1, -0.7853981633974483, 1.4142135623730951
693, 29, 349, 401, 348, 402, 1, -1, -0.7853981633974483, 1.4142135623730951
693, 30, 357, 346, 355, 347, 2, -1, -0.4636476090008061, 2.23606797749979
693, 31, 173, 88, 172, 89, 1, -1, -0.7853981633974483, 1.4142135623730951
693, 35, 437, 99, 435, 100, 2, -1, -0.4636476090008061, 2.23606797749979
693, 36, 209, 404, 208, 405, 1, -1, -0.7853981633974483, 1.4142135623730951
693, 41, 466, 107, 463, 107, 3, 0, 0.0, 3.0
694, 4, 429, 352, 427, 352, 2, 0, 0.0, 2.0
694, 7, 164, 80, 163, 81, 1, -1, -0.7853981633974483, 1.4142135623730951
694, 10, 246, 67, 245, 68, 1, -1, -0.7853981633974483, 1.4142135623730951
694, 14, 314, 404, 312, 404, 2, 0, 0.0, 2.0
694, 15, 364, 352, 362, 353, 2, -1, -0.4636476090008061, 2.23606797749979
694, 19, 617, 126, 615, 127, 2, -1, -0.4636476090008061, 2.23606797749979
694, 21, 577, 74, 574, 75, 3, -1, -0.3217505543966422, 3.1622776601683795
694, 24, 228, 89, 227, 90, 1, -1, -0.7853981633974483, 1.4142135623730951
694, 27, 344, 124, 343, 125, 1, -1, -0.7853981633974483, 1.4142135623730951
694, 28, 351, 400, 349, 401, 2, -1, -0.4636476090008061, 2.23606797749979
694, 29, 359, 345, 357, 346, 2, -1, -0.4636476090008061, 2.23606797749979
694, 32, 104, 144, 103, 145, 1, -1, -0.7853981633974483, 1.4142135623730951
694, 34, 439, 99, 437, 99, 2, 0, 0.0, 2.0
694, 36, 12, 193, 11, 194, 1, -1, -0.7853981633974483, 1.4142135623730951
694, 37, 604, 131, 602, 131, 2, 0, 0.0, 2.0
694, 40, 468, 106, 466, 107, 2, -1, -0.4636476090008061, 2.23606797749979
695, 9, 312, 406, 310, 407, 2, -1, -0.4636476090008061, 2.23606797749979
695, 12, 162, 82, 162, 84, 0, -2, -1.5707963267948966, 2.0
695, 13, 209, 406, 208, 407, 1, -1, -0.7853981633974483, 1.4142135623730951
695, 15, 259, 350, 258, 351, 1, -1, -0.7853981633974483, 1.4142135623730951
695, 17, 88, 406, 87, 407, 1, -1, -0.7853981633974483, 1.4142135623730951
695, 22, 480, 78, 478, 78, 2, 0, 0.0, 2.0
695, 24, 246, 70, 245, 71, 1, -1, -0.7853981633974483, 1.4142135623730951
695, 26, 169, 192, 168, 193, 1, -1, -0.7853981633974483, 1.4142135623730951
695, 28, 264, 120, 263, 121, 1, -1, -0.7853981633974483, 1.4142135623730951
695, 30, 228, 90, 227, 91, 1, -1, -0.7853981633974483, 1.4142135623730951
695, 31, 349, 404, 348, 405, 1, -1, -0.7853981633974483, 1.4142135623730951
695, 32, 364, 353, 362, 354, 2, -1, -0.4636476090008061, 2.23606797749979
695, 38, 616, 128, 614, 129, 2, -1, -0.4636476090008061, 2.23606797749979
695, 39, 387, 403, 385, 404, 2, -1, -0.4636476090008061, 2.23606797749979
695, 40, 140, 313, 139, 314, 1, -1, -0.7853981633974483, 1.4142135623730951
695, 44, 436, 101, 434, 102, 2, -1, -0.4636476090008061, 2.23606797749979
695, 47, 545, 84, 543, 84, 2, 0, 0.0, 2.0
695, 52, 345, 105, 344, 106, 1, -1, -0.7853981633974483, 1.4142135623730951
696, 2, 509, 93, 508, 94, 1, -1, -0.7853981633974483, 1.4142135623730951
696, 5, 486, 70, 485, 71, 1, -1, -0.7853981633974483, 1.4142135623730951
696, 9, 314, 405, 312, 406, 2, -1, -0.4636476090008061, 2.23606797749979
696, 11, 231, 96, 230, 97, 1, -1, -0.7853981633974483, 1.4142135623730951
696, 17, 89, 405, 88, 406, 1, -1, -0.7853981633974483, 1.4142135623730951
696, 22, 481, 77, 480, 78, 1, -1, -0.7853981633974483, 1.4142135623730951
696, 29, 85, 131, 84, 132, 1, -1, -0.7853981633974483, 1.4142135623730951
696, 30, 229, 88, 228, 90, 1, -2, -1.1071487177940904, 2.23606797749979
696, 31, 351, 403, 349, 404, 2, -1, -0.4636476090008061, 2.23606797749979
696, 32, 366, 352, 364, 353, 2, -1, -0.4636476090008061, 2.23606797749979
696, 33, 575, 74, 573, 73, 2, 1, 0.4636476090008061, 2.23606797749979
696, 37, 618, 128, 616, 128, 2, 0, 0.0, 2.0
696, 38, 388, 402, 387, 403, 1, -1, -0.7853981633974483, 1.4142135623730951
696, 46, 546, 85, 545, 84, 1, 1, 0.7853981633974483, 1.4142135623730951
696, 50, 182, 380, 181, 381, 1, -1, -0.7853981633974483, 1.4142135623730951
696, 51, 346, 104, 345, 105, 1, -1, -0.7853981633974483, 1.4142135623730951
697, 0, 358, 100, 356, 100, 2, 0, 0.0, 2.0
697, 2, 511, 92, 509, 93, 2, -1, -0.4636476090008061, 2.23606797749979
697, 3, 431, 354, 429, 354, 2, 0, 0.0, 2.0
697, 4, 116, 175, 114, 175, 2, 0, 0.0, 2.0
697, 5, 488, 69, 486, 70, 2, -1, -0.4636476090008061, 2.23606797749979
697, 11, 232, 95, 231, 96, 1, -1, -0.7853981633974483, 1.4142135623730951
697, 14, 139, 147, 138, 148, 1, -1, -0.7853981633974483, 1.4142135623730951
697, 19, 89, 321, 87, 321, 2, 0, 0.0, 2.0
697, 21, 33, 155, 33, 157, 0, -2, -1.5707963267948966, 2.0
697, 22, 482, 76, 481, 77, 1, -1, -0.7853981633974483, 1.4142135623730951
697, 26, 171, 191, 170, 192, 1, -1, -0.7853981633974483, 1.4142135623730951
697, 28, 265, 118, 264, 119, 1, -1, -0.7853981633974483, 1.4142135623730951
697, 31, 353, 402, 351, 403, 2, -1, -0.4636476090008061, 2.23606797749979
697, 37, 620, 128, 618, 128, 2, 0, 0.0, 2.0
697, 38, 389, 401, 388, 402, 1, -1, -0.7853981633974483, 1.4142135623730951
697, 41, 305, 363, 304, 364, 1, -1, -0.7853981633974483, 1.4142135623730951
697, 51, 348, 103, 346, 104, 2, -1, -0.4636476090008061, 2.23606797749979
698, 0, 360, 100, 358, 100, 2, 0, 0.0, 2.0
698, 2, 513, 91, 511, 92, 2, -1, -0.4636476090008061, 2.23606797749979
698, 3, 433, 354, 431, 354, 2, 0, 0.0, 2.0
698, 4, 117, 174, 116, 175, 1, -1, -0.7853981633974483, 1.4142135623730951
698, 5, 489, 68, 488, 69, 1, -1, -0.7853981633974483, 1.4142135623730951
698, 7, 57, 330, 56, 331, 1, -1, -0.7853981633974483, 1.4142135623730951
698, 9, 316, 404, 315, 405, 1, -1, -0.7853981633974483, 1.4142135623730951
698, 13, 211, 405, 210, 406, 1, -1, -0.7853981633974483, 1.4142135623730951
698, 16, 238, 406, 237, 407, 1, -1, -0.7853981633974483, 1.4142135623730951
698, 22, 483, 75, 482, 76, 1, -1, -0.7853981633974483, 1.4142135623730951
698, 26, 172, 190, 171, 191, 1, -1, -0.7853981633974483, 1.4142135623730951
698, 29, 87, 130, 85, 130, 2, 0, 0.0, 2.0
698, 31, 355, 401, 353, 402, 2, -1, -0.4636476090008061, 2.23606797749979
698, 32, 368, 351, 367, 352, 1, -1, -0.7853981633974483, 1.4142135623730951
698, 34, 180, 139, 179, 140, 1, -1, -0.7853981633974483, 1.4142135623730951
698, 37, 622, 128, 620, 128, 2, 0, 0.0, 2.0
698, 43, 440, 101, 438, 101, 2, 0, 0.0, 2.0
698, 45, 394, 350, 393, 351, 1, -1, -0.7853981633974483, 1.4142135623730951
698, 46, 549, 85, 547, 85, 2, 0, 0.0, 2.0
699, 0, 362, 100, 360, 100, 2, 0, 0.0, 2.0
699, 2, 515, 90, 513, 91, 2, -1, -0.4636476090008061, 2.23606797749979
699, 3, 435, 353, 433, 354, 2, -1, -0.4636476090008061, 2.23606797749979
699, 4, 118, 173, 117, 174, 1, -1, -0.7853981633974483, 1.4142135623730951
699, 9, 318, 403, 316, 404, 2, -1, -0.4636476090008061, 2.23606797749979
699, 14, 140, 145, 139, 146, 1, -1, -0.7853981633974483, 1.4142135623730951
699, 16, 239, 405, 238, 406, 1, -1, -0.7853981633974483, 1.4142135623730951
699, 22, 484, 74, 483, 75, 1, -1, -0.7853981633974483, 1.4142135623730951
699, 26, 173, 189, 172, 190, 1, -1, -0.7853981633974483, 1.4142135623730951
699, 28, 266, 116, 265, 117, 1, -1, -0.7853981633974483, 1.4142135623730951
699, 29, 88, 129, 87, 130, 1, -1, -0.7853981633974483, 1.4142135623730951
699, 32, 369, 350, 368, 351, 1, -1, -0.7853981633974483, 1.4142135623730951
699, 33, 578, 73, 577, 74, 1, -1, -0.7853981633974483, 1.4142135623730951
699, 34, 178, 142, 180, 139, -2, 3, 2.158798930342464, 3.605551275463989
699, 37, 624, 128, 622, 128, 2, 0, 0.0, 2.0
699, 43, 442, 101, 440, 101, 2, 0, 0.0, 2.0
699, 45, 395, 349, 394, 350, 1, -1, -0.7853981633974483, 1.4142135623730951
699, 46, 550, 84, 549, 85, 1, -1, -0.7853981633974483, 1.4142135623730951
699, 51, 351, 104, 349, 103, 2, 1, 0.4636476090008061, 2.23606797749979
700, 1, 361, 101, 359, 101, 2, 0, 0.0, 2.0
700, 2, 434, 355, 432, 355, 2, 0, 0.0, 2.0
700, 5, 282, 102, 280, 102, 2, 0, 0.0, 2.0
700, 6, 514, 92, 512, 93, 2, -1, -0.4636476090008061, 2.23606797749979
700, 7, 9, 195, 8, 196, 1, -1, -0.7853981633974483, 1.4142135623730951
700, 8, 487, 71, 486, 72, 1, -1, -0.7853981633974483, 1.4142135623730951
700, 10, 166, 81, 165, 82, 1, -1, -0.7853981633974483, 1.4142135623730951
700, 14, 472, 108, 469, 107, 3, 1, 0.3217505543966422, 3.1622776601683795
700, 19, 391, 402, 390, 403, 1, -1, -0.7853981633974483, 1.4142135623730951
700, 22, 22, 199, 21, 198, 1, 1, 0.7853981633974483, 1.4142135623730951
700, 25, 231, 89, 230, 90, 1, -1, -0.7853981633974483, 1.4142135623730951
700, 26, 622, 129, 620, 129, 2, 0, 0.0, 2.0
700, 28, 262, 350, 261, 351, 1, -1, -0.7853981633974483, 1.4142135623730951
700, 31, 307, 364, 306, 365, 1, -1, -0.7853981633974483, 1.4142135623730951
700, 35, 366, 345, 365, 346, 1, -1, -0.7853981633974483, 1.4142135623730951
700, 39, 353, 398, 352, 399, 1, -1, -0.7853981633974483, 1.4142135623730951
700, 40, 304, 126, 303, 127, 1, -1, -0.7853981633974483, 1.4142135623730951
700, 41, 238, 99, 237, 100, 1, -1, -0.7853981633974483, 1.4142135623730951
700, 42, 582, 75, 581, 76, 1, -1, -0.7853981633974483, 1.4142135623730951
700, 43, 382, 395, 381, 396, 1, -1, -0.7853981633974483, 1.4142135623730951
701, 1, 363, 101, 361, 101, 2, 0, 0.0, 2.0
701, 2, 436, 355, 434, 355, 2, 0, 0.0, 2.0
701, 3, 118, 175, 117, 176, 1, -1, -0.7853981633974483, 1.4142135623730951
701, 6, 516, 91, 514, 92, 2, -1, -0.4636476090008061, 2.23606797749979
701, 13, 318, 405, 316, 406, 2, -1, -0.4636476090008061, 2.23606797749979
701, 14, 475, 107, 472, 108, 3, -1, -0.3217505543966422, 3.1622776601683795
701, 19, 393, 402, 391, 402, 2, 0, 0.0, 2.0
701, 21, 144, 376, 143, 377, 1, -1, -0.7853981633974483, 1.4142135623730951
701, 23, 399, 349, 398, 350, 1, -1, -0.7853981633974483, 1.4142135623730951
701, 31, 308, 363, 307, 364, 1, -1, -0.7853981633974483, 1.4142135623730951
701, 39, 355, 397, 353, 398, 2, -1, -0.4636476090008061, 2.23606797749979
701, 41, 239, 98, 238, 99, 1, -1, -0.7853981633974483, 1.4142135623730951
701, 42, 584, 74, 582, 75, 2, -1, -0.4636476090008061, 2.23606797749979
701, 43, 384, 394, 382, 395, 2, -1, -0.4636476090008061, 2.23606797749979
702, 2, 438, 355, 436, 355, 2, 0, 0.0, 2.0
702, 13, 319, 404, 318, 405, 1, -1, -0.7853981633974483, 1.4142135623730951
702, 14, 478, 107, 475, 107, 3, 0, 0.0, 3.0
702, 16, 56, 331, 55, 332, 1, -1, -0.7853981633974483, 1.4142135623730951
702, 22, 25, 199, 23, 199, 2, 0, 0.0, 2.0
702, 24, 37, 156, 36, 157, 1, -1, -0.7853981633974483, 1.4142135623730951
702, 26, 625, 129, 623, 129, 2, 0, 0.0, 2.0
702, 32, 31, 320, 30, 321, 1, -1, -0.7853981633974483, 1.4142135623730951
702, 33, 154, 121, 153, 122, 1, -1, -0.7853981633974483, 1.4142135623730951
702, 34, 368, 344, 367, 345, 1, -1, -0.7853981633974483, 1.4142135623730951
702, 38, 357, 397, 355, 397, 2, 0, 0.0, 2.0
702, 39, 306, 125, 305, 126, 1, -1, -0.7853981633974483, 1.4142135623730951
702, 41, 586, 73, 584, 74, 2, -1, -0.4636476090008061, 2.23606797749979
702, 42, 386, 393, 384, 394, 2, -1, -0.4636476090008061, 2.23606797749979
703, 2, 439, 354, 438, 355, 1, -1, -0.7853981633974483, 1.4142135623730951
703, 4, 190, 70, 189, 71, 1, -1, -0.7853981633974483, 1.4142135623730951
703, 6, 519, 91, 517, 91, 2, 0, 0.0, 2.0
703, 7, 12, 194, 11, 195, 1, -1, -0.7853981633974483, 1.4142135623730951
703, 13, 320, 403, 319, 404, 1, -1, -0.7853981633974483, 1.4142135623730951
703, 14, 479, 106, 478, 107, 1, -1, -0.7853981633974483, 1.4142135623730951
703, 15, 92, 320, 91, 321, 1, -1, -0.7853981633974483, 1.4142135623730951
703, 16, 57, 330, 56, 331, 1, -1, -0.7853981633974483, 1.4142135623730951
703, 19, 396, 402, 394, 402, 2, 0, 0.0, 2.0
703, 20, 167, 341, 166, 342, 1, -1, -0.7853981633974483, 1.4142135623730951
703, 25, 234, 88, 233, 89, 1, -1, -0.7853981633974483, 1.4142135623730951
703, 26, 628, 127, 625, 129, 3, -2, -0.5880026035475675, 3.605551275463989
703, 38, 359, 396, 357, 397, 2, -1, -0.4636476090008061, 2.23606797749979
703, 40, 241, 97, 240, 98, 1, -1, -0.7853981633974483, 1.4142135623730951
703, 41, 589, 72, 586, 73, 3, -1, -0.3217505543966422, 3.1622776601683795
703, 42, 388, 392, 386, 393, 2, -1, -0.4636476090008061, 2.23606797749979
704, 2, 440, 353, 439, 354, 1, -1, -0.7853981633974483, 1.4142135623730951
704, 3, 121, 174, 120, 175, 1, -1, -0.7853981633974483, 1.4142135623730951
704, 5, 286, 101, 285, 102, 1, -1, -0.7853981633974483, 1.4142135623730951
704, 10, 168, 80, 167, 81, 1, -1, -0.7853981633974483, 1.4142135623730951
704, 13, 322, 402, 320, 403, 2, -1, -0.4636476090008061, 2.23606797749979
704, 14, 481, 106, 479, 106, 2, 0, 0.0, 2.0
704, 15, 93, 319, 92, 320, 1, -1, -0.7853981633974483, 1.4142135623730951
704, 16, 58, 329, 57, 330, 1, -1, -0.7853981633974483, 1.4142135623730951
704, 18, 91, 402, 90, 403, 1, -1, -0.7853981633974483, 1.4142135623730951
704, 22, 28, 199, 26, 199, 2, 0, 0.0, 2.0
704, 23, 402, 348, 401, 349, 1, -1, -0.7853981633974483, 1.4142135623730951
704, 26, 630, 127, 628, 127, 2, 0, 0.0, 2.0
704, 30, 310, 362, 309, 363, 1, -1, -0.7853981633974483, 1.4142135623730951
704, 32, 33, 319, 32, 320, 1, -1, -0.7853981633974483, 1.4142135623730951
704, 38, 361, 396, 359, 396, 2, 0, 0.0, 2.0
704, 39, 309, 124, 307, 125, 2, -1, -0.4636476090008061, 2.23606797749979
704, 40, 242, 96, 241, 97, 1, -1, -0.7853981633974483, 1.4142135623730951
704, 41, 590, 71, 589, 72, 1, -1, -0.7853981633974483, 1.4142135623730951
704, 42, 391, 391, 388, 392, 3, -1, -0.3217505543966422, 3.1622776601683795
705, 1, 365, 100, 364, 101, 1, -1, -0.7853981633974483, 1.4142135623730951
705, 3, 438, 354, 437, 355, 1, -1, -0.7853981633974483, 1.4142135623730951
705, 8, 191, 69, 190, 70, 1, -1, -0.7853981633974483, 1.4142135623730951
705, 15, 322, 405, 321, 406, 1, -1, -0.7853981633974483, 1.4142135623730951
705, 18, 93, 321, 92, 322, 1, -1, -0.7853981633974483, 1.4142135623730951
705, 21, 168, 344, 167, 345, 1, -1, -0.7853981633974483, 1.4142135623730951
705, 23, 234, 89, 233, 90, 1, -1, -0.7853981633974483, 1.4142135623730951
705, 26, 628, 130, 626, 130, 2, 0, 0.0, 2.0
705, 27, 253, 69, 252, 70, 1, -1, -0.7853981633974483, 1.4142135623730951
705, 32, 128, 179, 127, 180, 1, -1, -0.7853981633974483, 1.4142135623730951
705, 33, 445, 103, 443, 103, 2, 0, 0.0, 2.0
705, 34, 337, 383, 336, 384, 1, -1, -0.7853981633974483, 1.4142135623730951
705, 35, 401, 349, 399, 350, 2, -1, -0.4636476090008061, 2.23606797749979
705, 36, 310, 131, 308, 132, 2, -1, -0.4636476090008061, 2.23606797749979
705, 37, 612, 132, 611, 133, 1, -1, -0.7853981633974483, 1.4142135623730951
705, 39, 274, 122, 273, 123, 1, -1, -0.7853981633974483, 1.4142135623730951
705, 43, 366, 345, 365, 346, 1, -1, -0.7853981633974483, 1.4142135623730951
705, 48, 587, 75, 586, 76, 1, -1, -0.7853981633974483, 1.4142135623730951
705, 49, 581, 344, 580, 345, 1, -1, -0.7853981633974483, 1.4142135623730951
705, 50, 311, 364, 310, 365, 1, -1, -0.7853981633974483, 1.4142135623730951
705, 52, 581, 137, 578, 138, 3, -1, -0.3217505543966422, 3.1622776601683795
705, 54, 29, 200, 28, 201, 1, -1, -0.7853981633974483, 1.4142135623730951
705, 56, 462, 404, 461, 405, 1, -1, -0.7853981633974483, 1.4142135623730951
706, 1, 366, 99, 365, 100, 1, -1, -0.7853981633974483, 1.4142135623730951
706, 2, 122, 175, 121, 176, 1, -1, -0.7853981633974483, 1.4142135623730951
706, 6, 520, 93, 518, 93, 2, 0, 0.0, 2.0
706, 7, 148, 375, 147, 376, 1, -1, -0.7853981633974483, 1.4142135623730951
706, 8, 192, 68, 191, 69, 1, -1, -0.7853981633974483, 1.4142135623730951
706, 11, 16, 194, 13, 197, 3, -3, -0.7853981633974483, 4.242640687119285
706, 15, 324, 405, 322, 405, 2, 0, 0.0, 2.0
706, 18, 95, 320, 93, 321, 2, -1, -0.4636476090008061, 2.23606797749979
706, 22, 181, 138, 180, 139, 1, -1, -0.7853981633974483, 1.4142135623730951
706, 26, 630, 130, 628, 130, 2, 0, 0.0, 2.0
706, 33, 447, 101, 445, 103, 2, -2, -0.7853981633974483, 2.8284271247461903
706, 34, 338, 382, 337, 383, 1, -1, -0.7853981633974483, 1.4142135623730951
706, 35, 402, 348, 401, 349, 1, -1, -0.7853981633974483, 1.4142135623730951
706, 36, 311, 130, 310, 131, 1, -1, -0.7853981633974483, 1.4142135623730951
706, 37, 613, 131, 612, 132, 1, -1, -0.7853981633974483, 1.4142135623730951
706, 38, 354, 127, 352, 129, 2, -2, -0.7853981633974483, 2.8284271247461903
706, 39, 275, 121, 274, 122, 1, -1, -0.7853981633974483, 1.4142135623730951
706, 43, 367, 344, 366, 345, 1, -1, -0.7853981633974483, 1.4142135623730951
706, 48, 589, 75, 587, 75, 2, 0, 0.0, 2.0
706, 49, 585, 345, 581, 344, 4, 1, 0.24497866312686414, 4.123105625617661
706, 50, 312, 363, 311, 364, 1, -1, -0.7853981633974483, 1.4142135623730951
706, 51, 557, 83, 555, 83, 2, 0, 0.0, 2.0
706, 52, 584, 136, 581, 137, 3, -1, -0.3217505543966422, 3.1622776601683795
706, 56, 463, 403, 462, 404, 1, -1, -0.7853981633974483, 1.4142135623730951
707, 4, 493, 71, 492, 72, 1, -1, -0.7853981633974483, 1.4142135623730951
707, 6, 524, 92, 520, 93, 4, -1, -0.24497866312686414, 4.123105625617661
707, 8, 193, 67, 192, 68, 1, -1, -0.7853981633974483, 1.4142135623730951
707, 11, 17, 193, 16, 194, 1, -1, -0.7853981633974483, 1.4142135623730951
707, 13, 60, 332, 59, 333, 1, -1, -0.7853981633974483, 1.4142135623730951
707, 14, 36, 401, 35, 402, 1, -1, -0.7853981633974483, 1.4142135623730951
707, 21, 169, 343, 168, 344, 1, -1, -0.7853981633974483, 1.4142135623730951
707, 30, 375, 354, 373, 354, 2, 0, 0.0, 2.0
707, 31, 398, 400, 396, 400, 2, 0, 0.0, 2.0
707, 33, 449, 100, 447, 101, 2, -1, -0.4636476090008061, 2.23606797749979
707, 36, 312, 129, 311, 130, 1, -1, -0.7853981633974483, 1.4142135623730951
707, 37, 614, 130, 613, 131, 1, -1, -0.7853981633974483, 1.4142135623730951
707, 38, 355, 126, 354, 127, 1, -1, -0.7853981633974483, 1.4142135623730951
707, 40, 188, 379, 187, 380, 1, -1, -0.7853981633974483, 1.4142135623730951
707, 43, 369, 343, 367, 344, 2, -1, -0.4636476090008061, 2.23606797749979
707, 46, 245, 406, 244, 407, 1, -1, -0.7853981633974483, 1.4142135623730951
707, 50, 559, 83, 557, 83, 2, 0, 0.0, 2.0
707, 51, 587, 136, 584, 136, 3, 0, 0.0, 3.0
707, 53, 30, 199, 29, 201, 1, -2, -1.1071487177940904, 2.23606797749979
707, 54, 41, 158, 39, 158, 2, 0, 0.0, 2.0
708, 3, 442, 354, 440, 354, 2, 0, 0.0, 2.0
708, 8, 194, 66, 193, 67, 1, -1, -0.7853981633974483, 1.4142135623730951
708, 18, 97, 319, 96, 320, 1, -1, -0.7853981633974483, 1.4142135623730951
708, 23, 235, 87, 234, 88, 1, -1, -0.7853981633974483, 1.4142135623730951
708, 26, 632, 129, 631, 130, 1, -1, -0.7853981633974483, 1.4142135623730951
708, 31, 400, 400, 398, 400, 2, 0, 0.0, 2.0
708, 32, 130, 178, 129, 179, 1, -1, -0.7853981633974483, 1.4142135623730951
708, 33, 451, 99, 449, 100, 2, -1, -0.4636476090008061, 2.23606797749979
708, 34, 340, 381, 339, 382, 1, -1, -0.7853981633974483, 1.4142135623730951
708, 35, 404, 347, 403, 348, 1, -1, -0.7853981633974483, 1.4142135623730951
708, 36, 314, 128, 312, 129, 2, -1, -0.4636476090008061, 2.23606797749979
708, 37, 616, 129, 614, 130, 2, -1, -0.4636476090008061, 2.23606797749979
708, 39, 276, 119, 275, 120, 1, -1, -0.7853981633974483, 1.4142135623730951
708, 43, 371, 342, 369, 343, 2, -1, -0.4636476090008061, 2.23606797749979
708, 44, 237, 96, 236, 97, 1, -1, -0.7853981633974483, 1.4142135623730951
708, 46, 246, 405, 245, 406, 1, -1, -0.7853981633974483, 1.4142135623730951
708, 48, 592, 75, 590, 75, 2, 0, 0.0, 2.0
708, 50, 560, 82, 559, 83, 1, -1, -0.7853981633974483, 1.4142135623730951
709, 0, 370, 98, 368, 99, 2, -1, -0.4636476090008061, 2.23606797749979
709, 1, 124, 173, 123, 174, 1, -1, -0.7853981633974483, 1.4142135623730951
709, 3, 496, 71, 494, 71, 2, 0, 0.0, 2.0
709, 4, 288, 105, 287, 106, 1, -1, -0.7853981633974483, 1.4142135623730951
709, 5, 527, 92, 525, 92, 2, 0, 0.0, 2.0
709, 7, 195, 65, 194, 66, 1, -1, -0.7853981633974483, 1.4142135623730951
709, 12, 62, 331, 61, 332, 1, -1, -0.7853981633974483, 1.4142135623730951
709, 18, 220, 406, 219, 407, 1, -1, -0.7853981633974483, 1.4142135623730951
709, 22, 236, 86, 235, 87, 1, -1, -0.7853981633974483, 1.4142135623730951
709, 25, 634, 129, 632, 129, 2, 0, 0.0, 2.0
709, 26, 257, 68, 256, 69, 1, -1, -0.7853981633974483, 1.4142135623730951
709, 29, 378, 354, 376, 354, 2, 0, 0.0, 2.0
709, 30, 402, 399, 400, 400, 2, -1, -0.4636476090008061, 2.23606797749979
709, 32, 453, 99, 451, 99, 2, 0, 0.0, 2.0
709, 33, 341, 380, 340, 381, 1, -1, -0.7853981633974483, 1.4142135623730951
709, 34, 406, 347, 404, 347, 2, 0, 0.0, 2.0
709, 35, 316, 128, 314, 128, 2, 0, 0.0, 2.0
709, 36, 618, 128, 616, 129, 2, -1, -0.4636476090008061, 2.23606797749979
709, 38, 277, 118, 276, 119, 1, -1, -0.7853981633974483, 1.4142135623730951
709, 42, 372, 341, 371, 342, 1, -1, -0.7853981633974483, 1.4142135623730951
709, 43, 238, 95, 237, 96, 1, -1, -0.7853981633974483, 1.4142135623730951
709, 49, 561, 81, 560, 82, 1, -1, -0.7853981633974483, 1.4142135623730951
709, 54, 466, 402, 465, 403, 1, -1, -0.7853981633974483, 1.4142135623730951
710, 2, 370, 100, 369, 101, 1, -1, -0.7853981633974483, 1.4142135623730951
710, 3, 525, 92, 524, 93, 1, -1, -0.7853981633974483, 1.4142135623730951
710, 4, 444, 354, 442, 355, 2, -1, -0.4636476090008061, 2.23606797749979
710, 5, 497, 71, 495, 72, 2, -1, -0.4636476090008061, 2.23606797749979
710, 6, 194, 69, 193, 70, 1, -1, -0.7853981633974483, 1.4142135623730951
710, 10, 62, 332, 61, 333, 1, -1, -0.7853981633974483, 1.4142135623730951
710, 14, 237, 88, 236, 89, 1, -1, -0.7853981633974483, 1.4142135623730951
710, 15, 172, 81, 171, 82, 1, -1, -0.7853981633974483, 1.4142135623730951
710, 16, 633, 130, 631, 131, 2, -1, -0.4636476090008061, 2.23606797749979
710, 19, 326, 405, 325, 406, 1, -1, -0.7853981633974483, 1.4142135623730951
710, 23, 246, 407, 245, 408, 1, -1, -0.7853981633974483, 1.4142135623730951
710, 25, 97, 321, 96, 322, 1, -1, -0.7853981633974483, 1.4142135623730951
710, 31, 594, 76, 592, 76, 2, 0, 0.0, 2.0
710, 34, 561, 86, 559, 85, 2, 1, 0.4636476090008061, 2.23606797749979
710, 36, 437, 349, 435, 349, 2, 0, 0.0, 2.0
710, 40, 618, 131, 616, 132, 2, -1, -0.4636476090008061, 2.23606797749979
710, 41, 182, 194, 181, 195, 1, -1, -0.7853981633974483, 1.4142135623730951
710, 42, 189, 381, 188, 382, 1, -1, -0.7853981633974483, 1.4142135623730951
710, 45, 315, 364, 314, 365, 1, -1, -0.7853981633974483, 1.4142135623730951
710, 46, 451, 102, 449, 102, 2, 0, 0.0, 2.0
710, 48, 316, 132, 314, 132, 2, 0, 0.0, 2.0
710, 50, 427, 132, 425, 133, 2, -1, -0.4636476090008061, 2.23606797749979
710, 51, 251, 396, 249, 396, 2, 0, 0.0, 2.0
710, 52, 405, 348, 403, 349, 2, -1, -0.4636476090008061, 2.23606797749979
710, 53, 34, 91, 33, 92, 1, -1, -0.7853981633974483, 1.4142135623730951
710, 54, 459, 129, 457, 129, 2, 0, 0.0, 2.0
710, 57, 208, 99, 207, 100, 1, -1, -0.7853981633974483, 1.4142135623730951
710, 59, 375, 346, 374, 347, 1, -1, -0.7853981633974483, 1.4142135623730951
710, 61, 181, 140, 182, 138, -1, 2, 2.0344439357957027, 2.23606797749979
711, 1, 124, 174, 123, 175, 1, -1, -0.7853981633974483, 1.4142135623730951
711, 2, 372, 100, 370, 100, 2, 0, 0.0, 2.0
711, 3, 526, 91, 525, 92, 1, -1, -0.7853981633974483, 1.4142135623730951
711, 4, 446, 353, 444, 354, 2, -1, -0.4636476090008061, 2.23606797749979
711, 6, 195, 68, 194, 69, 1, -1, -0.7853981633974483, 1.4142135623730951
711, 10, 63, 331, 62, 332, 1, -1, -0.7853981633974483, 1.4142135623730951
711, 13, 238, 87, 237, 88, 1, -1, -0.7853981633974483, 1.4142135623730951
711, 18, 327, 404, 326, 405, 1, -1, -0.7853981633974483, 1.4142135623730951
711, 20, 219, 407, 218, 408, 1, -1, -0.7853981633974483, 1.4142135623730951
711, 30, 596, 76, 594, 76, 2, 0, 0.0, 2.0
711, 33, 563, 86, 561, 86, 2, 0, 0.0, 2.0
711, 34, 376, 355, 374, 355, 2, 0, 0.0, 2.0
711, 35, 439, 348, 437, 349, 2, -1, -0.4636476090008061, 2.23606797749979
711, 39, 621, 130, 618, 131, 3, -1, -0.3217505543966422, 3.1622776601683795
711, 40, 183, 193, 182, 194, 1, -1, -0.7853981633974483, 1.4142135623730951
711, 42, 158, 121, 157, 122, 1, -1, -0.7853981633974483, 1.4142135623730951
711, 46, 402, 401, 401, 402, 1, -1, -0.7853981633974483, 1.4142135623730951
711, 47, 318, 131, 316, 132, 2, -1, -0.4636476090008061, 2.23606797749979
711, 49, 429, 131, 427, 132, 2, -1, -0.4636476090008061, 2.23606797749979
711, 50, 252, 395, 251, 396, 1, -1, -0.7853981633974483, 1.4142135623730951
711, 51, 407, 348, 405, 348, 2, 0, 0.0, 2.0
711, 57, 239, 97, 238, 98, 1, -1, -0.7853981633974483, 1.4142135623730951
711, 59, 551, 97, 550, 98, 1, -1, -0.7853981633974483, 1.4142135623730951
711, 60, 182, 139, 181, 140, 1, -1, -0.7853981633974483, 1.4142135623730951
711, 63, 277, 122, 276, 123, 1, -1, -0.7853981633974483, 1.4142135623730951
712, 1, 125, 173, 124, 174, 1, -1, -0.7853981633974483, 1.4142135623730951
712, 2, 374, 100, 372, 100, 2, 0, 0.0, 2.0
712, 3, 527, 90, 526, 91, 1, -1, -0.7853981633974483, 1.4142135623730951
712, 4, 448, 352, 446, 353, 2, -1, -0.4636476090008061, 2.23606797749979
712, 5, 500, 70, 498, 71, 2, -1, -0.4636476090008061, 2.23606797749979
712, 6, 196, 67, 195, 68, 1, -1, -0.7853981633974483, 1.4142135623730951
712, 14, 635, 129, 634, 130, 1, -1, -0.7853981633974483, 1.4142135623730951
712, 17, 328, 403, 327, 404, 1, -1, -0.7853981633974483, 1.4142135623730951
712, 18, 367, 398, 366, 399, 1, -1, -0.7853981633974483, 1.4142135623730951
712, 19, 220, 406, 219, 407, 1, -1, -0.7853981633974483, 1.4142135623730951
712, 21, 247, 405, 246, 406, 1, -1, -0.7853981633974483, 1.4142135623730951
712, 24, 344, 383, 343, 384, 1, -1, -0.7853981633974483, 1.4142135623730951
712, 29, 598, 75, 596, 76, 2, -1, -0.4636476090008061, 2.23606797749979
712, 31, 227, 360, 226, 361, 1, -1, -0.7853981633974483, 1.4142135623730951
712, 34, 442, 348, 439, 348, 3, 0, 0.0, 3.0
712, 38, 624, 130, 621, 130, 3, 0, 0.0, 3.0
712, 39, 184, 192, 183, 193, 1, -1, -0.7853981633974483, 1.4142135623730951
712, 44, 453, 103, 452, 102, 1, 1, 0.7853981633974483, 1.4142135623730951
712, 46, 319, 130, 318, 131, 1, -1, -0.7853981633974483, 1.4142135623730951
712, 48, 431, 131, 429, 131, 2, 0, 0.0, 2.0
712, 49, 254, 395, 252, 395, 2, 0, 0.0, 2.0
712, 50, 409, 347, 407, 348, 2, -1, -0.4636476090008061, 2.23606797749979
712, 52, 462, 129, 460, 129, 2, 0, 0.0, 2.0
712, 53, 194, 77, 193, 78, 1, -1, -0.7853981633974483, 1.4142135623730951
712, 55, 209, 97, 208, 98, 1, -1, -0.7853981633974483, 1.4142135623730951
712, 56, 240, 96, 239, 97, 1, -1, -0.7853981633974483, 1.4142135623730951
712, 60, 6, 380, 5, 381, 1, -1, -0.7853981633974483, 1.4142135623730951
713, 1, 126, 172, 125, 173, 1, -1, -0.7853981633974483, 1.4142135623730951
713, 2, 376, 99, 374, 100, 2, -1, -0.4636476090008061, 2.23606797749979
713, 3, 528, 89, 527, 90, 1, -1, -0.7853981633974483, 1.4142135623730951
713, 4, 450, 351, 448, 352, 2, -1, -0.4636476090008061, 2.23606797749979
713, 5, 502, 69, 500, 70, 2, -1, -0.4636476090008061, 2.23606797749979
713, 7, 292, 105, 290, 105, 2, 0, 0.0, 2.0
713, 10, 65, 330, 64, 331, 1, -1, -0.7853981633974483, 1.4142135623730951
713, 16, 172, 340, 171, 341, 1, -1, -0.7853981633974483, 1.4142135623730951
713, 19, 221, 405, 220, 406, 1, -1, -0.7853981633974483, 1.4142135623730951
713, 21, 248, 404, 247, 405, 1, -1, -0.7853981633974483, 1.4142135623730951
713, 22, 260, 71, 259, 72, 1, -1, -0.7853981633974483, 1.4142135623730951
713, 29, 600, 74, 598, 75, 2, -1, -0.4636476090008061, 2.23606797749979
713, 34, 444, 347, 442, 348, 2, -1, -0.4636476090008061, 2.23606797749979
713, 38, 626, 130, 624, 130, 2, 0, 0.0, 2.0
713, 48, 434, 131, 431, 131, 3, 0, 0.0, 3.0
713, 49, 257, 395, 254, 395, 3, 0, 0.0, 3.0
713, 50, 411, 347, 409, 347, 2, 0, 0.0, 2.0
713, 55, 210, 96, 209, 97, 1, -1, -0.7853981633974483, 1.4142135623730951
713, 56, 241, 95, 240, 96, 1, -1, -0.7853981633974483, 1.4142135623730951
714, 1, 127, 171, 126, 172, 1, -1, -0.7853981633974483, 1.4142135623730951
714, 2, 377, 98, 376, 99, 1, -1, -0.7853981633974483, 1.4142135623730951
714, 3, 529, 88, 528, 89, 1, -1, -0.7853981633974483, 1.4142135623730951
714, 4, 452, 350, 450, 351, 2, -1, -0.4636476090008061, 2.23606797749979
714, 5, 504, 68, 502, 69, 2, -1, -0.4636476090008061, 2.23606797749979
714, 6, 198, 66, 197, 67, 1, -1, -0.7853981633974483, 1.4142135623730951
714, 9, 98, 405, 94, 407, 4, -2, -0.4636476090008061, 4.47213595499958
714, 13, 173, 77, 172, 78, 1, -1, -0.7853981633974483, 1.4142135623730951
714, 17, 331, 403, 329, 403, 2, 0, 0.0, 2.0
714, 18, 371, 397, 368, 398, 3, -1, -0.3217505543966422, 3.1622776601683795
714, 22, 261, 70, 260, 71, 1, -1, -0.7853981633974483, 1.4142135623730951
714, 31, 567, 85, 565, 86, 2, -1, -0.4636476090008061, 2.23606797749979
714, 32, 379, 354, 378, 355, 1, -1, -0.7853981633974483, 1.4142135623730951
714, 33, 447, 346, 444, 347, 3, -1, -0.3217505543966422, 3.1622776601683795
714, 35, 114, 146, 111, 147, 3, -1, -0.3217505543966422, 3.1622776601683795
714, 37, 628, 130, 626, 130, 2, 0, 0.0, 2.0
714, 38, 186, 191, 185, 192, 1, -1, -0.7853981633974483, 1.4142135623730951
714, 39, 193, 380, 190, 381, 3, -1, -0.3217505543966422, 3.1622776601683795
714, 40, 159, 118, 158, 119, 1, -1, -0.7853981633974483, 1.4142135623730951
714, 42, 319, 363, 318, 364, 1, -1, -0.7853981633974483, 1.4142135623730951
714, 43, 456, 103, 454, 103, 2, 0, 0.0, 2.0
714, 47, 437, 131, 434, 131, 3, 0, 0.0, 3.0
714, 48, 258, 394, 257, 395, 1, -1, -0.7853981633974483, 1.4142135623730951
714, 50, 39, 89, 36, 90, 3, -1, -0.3217505543966422, 3.1622776601683795
714, 51, 464, 128, 463, 129, 1, -1, -0.7853981633974483, 1.4142135623730951
714, 55, 242, 94, 241, 95, 1, -1, -0.7853981633974483, 1.4142135623730951
714, 57, 555, 97, 553, 97, 2, 0, 0.0, 2.0
714, 61, 279, 120, 278, 121, 1, -1, -0.7853981633974483, 1.4142135623730951
715, 2, 449, 354, 447, 355, 2, -1, -0.4636476090008061, 2.23606797749979
715, 3, 375, 100, 374, 101, 1, -1, -0.7853981633974483, 1.4142135623730951
715, 4, 532, 91, 531, 92, 1, -1, -0.7853981633974483, 1.4142135623730951
715, 5, 503, 70, 501, 71, 2, -1, -0.4636476090008061, 2.23606797749979
715, 9, 261, 72, 260, 73, 1, -1, -0.7853981633974483, 1.4142135623730951
715, 12, 333, 406, 331, 406, 2, 0, 0.0, 2.0
715, 13, 244, 94, 243, 95, 1, -1, -0.7853981633974483, 1.4142135623730951
715, 14, 249, 406, 248, 407, 1, -1, -0.7853981633974483, 1.4142135623730951
715, 17, 380, 354, 379, 355, 1, -1, -0.7853981633974483, 1.4142135623730951
715, 20, 222, 407, 221, 408, 1, -1, -0.7853981633974483, 1.4142135623730951
715, 25, 278, 122, 277, 123, 1, -1, -0.7853981633974483, 1.4142135623730951
715, 30, 487, 108, 484, 107, 3, 1, 0.3217505543966422, 3.1622776601683795
715, 35, 635, 130, 638, 130, -3, 0, 3.141592653589793, 3.0
715, 36, 223, 109, 222, 110, 1, -1, -0.7853981633974483, 1.4142135623730951
715, 39, 566, 343, 565, 344, 1, -1, -0.7853981633974483, 1.4142135623730951
715, 40, 38, 89, 37, 90, 1, -1, -0.7853981633974483, 1.4142135623730951
715, 41, 152, 375, 151, 376, 1, -1, -0.7853981633974483, 1.4142135623730951
715, 44, 310, 348, 309, 349, 1, -1, -0.7853981633974483, 1.4142135623730951
715, 45, 320, 369, 318, 369, 2, 0, 0.0, 2.0
715, 46, 412, 109, 410, 110, 2, -1, -0.4636476090008061, 2.23606797749979
715, 47, 187, 190, 185, 191, 2, -1, -0.4636476090008061, 2.23606797749979
715, 48, 566, 86, 564, 87, 2, -1, -0.4636476090008061, 2.23606797749979
715, 52, 443, 106, 441, 107, 2, -1, -0.4636476090008061, 2.23606797749979
715, 53, 198, 113, 197, 114, 1, -1, -0.7853981633974483, 1.4142135623730951
716, 2, 450, 353, 449, 354, 1, -1, -0.7853981633974483, 1.4142135623730951
716, 3, 376, 99, 375, 100, 1, -1, -0.7853981633974483, 1.4142135623730951
716, 4, 534, 90, 532, 91, 2, -1, -0.4636476090008061, 2.23606797749979
716, 5, 505, 69, 503, 70, 2, -1, -0.4636476090008061, 2.23606797749979
716, 8, 172, 344, 171, 345, 1, -1, -0.7853981633974483, 1.4142135623730951
716, 11, 175, 78, 174, 79, 1, -1, -0.7853981633974483, 1.4142135623730951
716, 13, 245, 93, 244, 94, 1, -1, -0.7853981633974483, 1.4142135623730951
716, 14, 250, 405, 249, 406, 1, -1, -0.7853981633974483, 1.4142135623730951
716, 16, 270, 353, 269, 354, 1, -1, -0.7853981633974483, 1.4142135623730951
716, 25, 279, 121, 278, 122, 1, -1, -0.7853981633974483, 1.4142135623730951
716, 27, 47, 157, 43, 159, 4, -2, -0.4636476090008061, 4.47213595499958
716, 30, 490, 108, 487, 108, 3, 0, 0.0, 3.0
716, 32, 240, 87, 239, 88, 1, -1, -0.7853981633974483, 1.4142135623730951
716, 33, 349, 385, 347, 384, 2, 1, 0.4636476090008061, 2.23606797749979
716, 39, 568, 342, 566, 343, 2, -1, -0.4636476090008061, 2.23606797749979
716, 45, 321, 368, 320, 369, 1, -1, -0.7853981633974483, 1.4142135623730951
716, 46, 414, 108, 412, 109, 2, -1, -0.4636476090008061, 2.23606797749979
716, 47, 188, 189, 187, 190, 1, -1, -0.7853981633974483, 1.4142135623730951
716, 48, 569, 84, 566, 86, 3, -2, -0.5880026035475675, 3.605551275463989
716, 49, 180, 83, 179, 84, 1, -1, -0.7853981633974483, 1.4142135623730951
716, 52, 445, 106, 443, 106, 2, 0, 0.0, 2.0
717, 2, 451, 352, 450, 353, 1, -1, -0.7853981633974483, 1.4142135623730951
717, 3, 378, 98, 376, 99, 2, -1, -0.4636476090008061, 2.23606797749979
717, 4, 535, 89, 534, 90, 1, -1, -0.7853981633974483, 1.4142135623730951
717, 5, 507, 68, 505, 69, 2, -1, -0.4636476090008061, 2.23606797749979
717, 12, 336, 405, 334, 406, 2, -1, -0.4636476090008061, 2.23606797749979
717, 14, 251, 404, 250, 405, 1, -1, -0.7853981633974483, 1.4142135623730951
717, 17, 382, 353, 381, 354, 1, -1, -0.7853981633974483, 1.4142135623730951
717, 23, 363, 131, 362, 132, 1, -1, -0.7853981633974483, 1.4142135623730951
717, 30, 492, 107, 490, 108, 2, -1, -0.4636476090008061, 2.23606797749979
717, 36, 224, 108, 223, 109, 1, -1, -0.7853981633974483, 1.4142135623730951
717, 39, 570, 341, 568, 342, 2, -1, -0.4636476090008061, 2.23606797749979
717, 41, 154, 374, 153, 375, 1, -1, -0.7853981633974483, 1.4142135623730951
717, 42, 65, 183, 64, 184, 1, -1, -0.7853981633974483, 1.4142135623730951
717, 44, 312, 347, 311, 348, 1, -1, -0.7853981633974483, 1.4142135623730951
717, 47, 189, 188, 188, 189, 1, -1, -0.7853981633974483, 1.4142135623730951
717, 48, 570, 83, 569, 84, 1, -1, -0.7853981633974483, 1.4142135623730951
717, 52, 448, 105, 445, 106, 3, -1, -0.3217505543966422, 3.1622776601683795
718, 1, 129, 172, 128, 173, 1, -1, -0.7853981633974483, 1.4142135623730951
718, 3, 379, 97, 378, 98, 1, -1, -0.7853981633974483, 1.4142135623730951
718, 4, 537, 89, 535, 89, 2, 0, 0.0, 2.0
718, 5, 508, 67, 507, 68, 1, -1, -0.7853981633974483, 1.4142135623730951
718, 12, 338, 405, 336, 405, 2, 0, 0.0, 2.0
718, 13, 246, 91, 245, 92, 1, -1, -0.7853981633974483, 1.4142135623730951
718, 14, 252, 403, 251, 404, 1, -1, -0.7853981633974483, 1.4142135623730951
718, 16, 271, 352, 270, 353, 1, -1, -0.7853981633974483, 1.4142135623730951
718, 22, 602, 75, 600, 76, 2, -1, -0.4636476090008061, 2.23606797749979
718, 30, 494, 106, 492, 107, 2, -1, -0.4636476090008061, 2.23606797749979
718, 32, 242, 86, 241, 87, 1, -1, -0.7853981633974483, 1.4142135623730951
718, 38, 459, 102, 457, 103, 2, -1, -0.4636476090008061, 2.23606797749979
718, 39, 573, 340, 570, 341, 3, -1, -0.3217505543966422, 3.1622776601683795
718, 43, 372, 399, 371, 400, 1, -1, -0.7853981633974483, 1.4142135623730951
718, 45, 323, 367, 322, 368, 1, -1, -0.7853981633974483, 1.4142135623730951
718, 46, 417, 108, 415, 108, 2, 0, 0.0, 2.0
718, 47, 190, 187, 189, 188, 1, -1, -0.7853981633974483, 1.4142135623730951
718, 48, 572, 81, 570, 83, 2, -2, -0.7853981633974483, 2.8284271247461903
718, 52, 450, 104, 448, 105, 2, -1, -0.4636476090008061, 2.23606797749979
719, 2, 453, 351, 452, 352, 1, -1, -0.7853981633974483, 1.4142135623730951
719, 4, 539, 89, 537, 89, 2, 0, 0.0, 2.0
719, 9, 264, 71, 263, 72, 1, -1, -0.7853981633974483, 1.4142135623730951
719, 13, 247, 90, 246, 91, 1, -1, -0.7853981633974483, 1.4142135623730951
719, 20, 224, 405, 223, 406, 1, -1, -0.7853981633974483, 1.4142135623730951
719, 22, 604, 74, 602, 75, 2, -1, -0.4636476090008061, 2.23606797749979
719, 30, 496, 106, 494, 106, 2, 0, 0.0, 2.0
719, 32, 243, 85, 242, 86, 1, -1, -0.7853981633974483, 1.4142135623730951
719, 33, 353, 384, 351, 385, 2, -1, -0.4636476090008061, 2.23606797749979
719, 34, 161, 310, 160, 309, 1, 1, 0.7853981633974483, 1.4142135623730951
719, 37, 452, 108, 451, 109, 1, -1, -0.7853981633974483, 1.4142135623730951
719, 38, 460, 101, 459, 102, 1, -1, -0.7853981633974483, 1.4142135623730951
719, 39, 575, 339, 573, 340, 2, -1, -0.4636476090008061, 2.23606797749979
719, 40, 40, 86, 39, 87, 1, -1, -0.7853981633974483, 1.4142135623730951
719, 42, 67, 182, 65, 183, 2, -1, -0.4636476090008061, 2.23606797749979
719, 44, 315, 346, 313, 347, 2, -1, -0.4636476090008061, 2.23606797749979
719, 46, 418, 107, 417, 108, 1, -1, -0.7853981633974483, 1.4142135623730951
719, 47, 191, 186, 190, 187, 1, -1, -0.7853981633974483, 1.4142135623730951
719, 48, 574, 80, 572, 81, 2, -1, -0.4636476090008061, 2.23606797749979
719, 52, 452, 104, 450, 104, 2, 0, 0.0, 2.0
719, 53, 200, 110, 199, 111, 1, -1, -0.7853981633974483, 1.4142135623730951
720, 2, 130, 173, 129, 174, 1, -1, -0.7853981633974483, 1.4142135623730951
720, 5, 453, 354, 452, 355, 1, -1, -0.7853981633974483, 1.4142135623730951
720, 9, 265, 71, 264, 72, 1, -1, -0.7853981633974483, 1.4142135623730951
720, 15, 251, 406, 250, 407, 1, -1, -0.7853981633974483, 1.4142135623730951
720, 16, 73, 330, 72, 331, 1, -1, -0.7853981633974483, 1.4142135623730951
720, 17, 337, 405, 336, 406, 1, -1, -0.7853981633974483, 1.4142135623730951
720, 18, 244, 88, 243, 89, 1, -1, -0.7853981633974483, 1.4142135623730951
720, 19, 33, 194, 32, 195, 1, -1, -0.7853981633974483, 1.4142135623730951
720, 20, 101, 407, 100, 408, 1, -1, -0.7853981633974483, 1.4142135623730951
720, 25, 322, 131, 321, 132, 1, -1, -0.7853981633974483, 1.4142135623730951
720, 32, 573, 84, 571, 84, 2, 0, 0.0, 2.0
720, 34, 409, 400, 408, 401, 1, -1, -0.7853981633974483, 1.4142135623730951
720, 35, 364, 132, 363, 133, 1, -1, -0.7853981633974483, 1.4142135623730951
720, 37, 376, 403, 375, 404, 1, -1, -0.7853981633974483, 1.4142135623730951
720, 38, 111, 317, 110, 318, 1, -1, -0.7853981633974483, 1.4142135623730951
720, 40, 460, 102, 459, 103, 1, -1, -0.7853981633974483, 1.4142135623730951
720, 43, 605, 75, 603, 76, 2, -1, -0.4636476090008061, 2.23606797749979
721, 1, 380, 100, 379, 101, 1, -1, -0.7853981633974483, 1.4142135623730951
721, 3, 537, 92, 535, 93, 2, -1, -0.4636476090008061, 2.23606797749979
721, 5, 454, 353, 453, 354, 1, -1, -0.7853981633974483, 1.4142135623730951
721, 8, 26, 197, 25, 198, 1, -1, -0.7853981633974483, 1.4142135623730951
721, 9, 266, 70, 265, 71, 1, -1, -0.7853981633974483, 1.4142135623730951
721, 10, 225, 406, 224, 407, 1, -1, -0.7853981633974483, 1.4142135623730951
721, 14, 387, 354, 385, 355, 2, -1, -0.4636476090008061, 2.23606797749979
721, 15, 252, 405, 251, 406, 1, -1, -0.7853981633974483, 1.4142135623730951
721, 17, 339, 404, 337, 405, 2, -1, -0.4636476090008061, 2.23606797749979
721, 18, 245, 87, 244, 88, 1, -1, -0.7853981633974483, 1.4142135623730951
721, 19, 35, 193, 33, 194, 2, -1, -0.4636476090008061, 2.23606797749979
721, 21, 376, 106, 375, 107, 1, -1, -0.7853981633974483, 1.4142135623730951
721, 25, 323, 130, 322, 131, 1, -1, -0.7853981633974483, 1.4142135623730951
721, 26, 380, 348, 379, 349, 1, -1, -0.7853981633974483, 1.4142135623730951
721, 28, 503, 77, 502, 78, 1, -1, -0.7853981633974483, 1.4142135623730951
721, 29, 102, 321, 101, 322, 1, -1, -0.7853981633974483, 1.4142135623730951
721, 31, 201, 68, 200, 69, 1, -1, -0.7853981633974483, 1.4142135623730951
721, 32, 575, 84, 573, 84, 2, 0, 0.0, 2.0
721, 38, 112, 316, 111, 317, 1, -1, -0.7853981633974483, 1.4142135623730951
721, 40, 462, 101, 460, 102, 2, -1, -0.4636476090008061, 2.23606797749979
721, 43, 608, 74, 605, 75, 3, -1, -0.3217505543966422, 3.1622776601683795
722, 1, 381, 99, 380, 100, 1, -1, -0.7853981633974483, 1.4142135623730951
722, 7, 508, 70, 507, 71, 1, -1, -0.7853981633974483, 1.4142135623730951
722, 9, 267, 69, 266, 70, 1, -1, -0.7853981633974483, 1.4142135623730951
722, 11, 175, 77, 174, 78, 1, -1, -0.7853981633974483, 1.4142135623730951
722, 13, 274, 352, 273, 353, 1, -1, -0.7853981633974483, 1.4142135623730951
722, 14, 389, 354, 387, 354, 2, 0, 0.0, 2.0
722, 16, 75, 329, 74, 330, 1, -1, -0.7853981633974483, 1.4142135623730951
722, 17, 340, 403, 339, 404, 1, -1, -0.7853981633974483, 1.4142135623730951
722, 18, 246, 86, 245, 87, 1, -1, -0.7853981633974483, 1.4142135623730951
722, 19, 37, 193, 35, 193, 2, 0, 0.0, 2.0
722, 21, 377, 105, 376, 106, 1, -1, -0.7853981633974483, 1.4142135623730951
722, 23, 251, 92, 250, 93, 1, -1, -0.7853981633974483, 1.4142135623730951
722, 25, 324, 129, 323, 130, 1, -1, -0.7853981633974483, 1.4142135623730951
722, 26, 382, 347, 380, 348, 2, -1, -0.4636476090008061, 2.23606797749979
722, 28, 504, 76, 503, 77, 1, -1, -0.7853981633974483, 1.4142135623730951
722, 32, 577, 84, 575, 84, 2, 0, 0.0, 2.0
722, 34, 411, 399, 410, 400, 1, -1, -0.7853981633974483, 1.4142135623730951
722, 37, 378, 402, 377, 403, 1, -1, -0.7853981633974483, 1.4142135623730951
722, 40, 464, 100, 462, 101, 2, -1, -0.4636476090008061, 2.23606797749979
722, 42, 610, 73, 608, 74, 2, -1, -0.4636476090008061, 2.23606797749979
723, 3, 540, 92, 538, 92, 2, 0, 0.0, 2.0
723, 8, 28, 196, 27, 197, 1, -1, -0.7853981633974483, 1.4142135623730951
723, 9, 270, 68, 267, 69, 3, -1, -0.3217505543966422, 3.1622776601683795
723, 10, 227, 405, 225, 406, 2, -1, -0.4636476090008061, 2.23606797749979
723, 11, 176, 75, 175, 77, 1, -2, -1.1071487177940904, 2.23606797749979
723, 13, 276, 352, 274, 352, 2, 0, 0.0, 2.0
723, 14, 391, 353, 389, 354, 2, -1, -0.4636476090008061, 2.23606797749979
723, 15, 253, 404, 252, 405, 1, -1, -0.7853981633974483, 1.4142135623730951
723, 17, 342, 402, 340, 403, 2, -1, -0.4636476090008061, 2.23606797749979
723, 18, 247, 85, 246, 86, 1, -1, -0.7853981633974483, 1.4142135623730951
723, 19, 39, 192, 37, 193, 2, -1, -0.4636476090008061, 2.23606797749979
723, 23, 252, 91, 251, 92, 1, -1, -0.7853981633974483, 1.4142135623730951
723, 25, 325, 128, 324, 129, 1, -1, -0.7853981633974483, 1.4142135623730951
723, 26, 384, 346, 382, 347, 2, -1, -0.4636476090008061, 2.23606797749979
723, 27, 154, 148, 156, 148, -2, 0, 3.141592653589793, 2.0
723, 28, 505, 75, 504, 76, 1, -1, -0.7853981633974483, 1.4142135623730951
723, 29, 103, 319, 102, 320, 1, -1, -0.7853981633974483, 1.4142135623730951
723, 34, 414, 399, 411, 399, 3, 0, 0.0, 3.0
723, 35, 366, 130, 365, 131, 1, -1, -0.7853981633974483, 1.4142135623730951
723, 37, 379, 401, 378, 402, 1, -1, -0.7853981633974483, 1.4142135623730951
723, 38, 115, 316, 113, 316, 2, 0, 0.0, 2.0
723, 40, 466, 99, 464, 100, 2, -1, -0.4636476090008061, 2.23606797749979
723, 42, 612, 72, 610, 73, 2, -1, -0.4636476090008061, 2.23606797749979
723, 45, 333, 397, 332, 398, 1, -1, -0.7853981633974483, 1.4142135623730951
724, 1, 382, 98, 381, 99, 1, -1, -0.7853981633974483, 1.4142135623730951
724, 3, 541, 91, 540, 92, 1, -1, -0.7853981633974483, 1.4142135623730951
724, 7, 510, 69, 509, 70, 1, -1, -0.7853981633974483, 1.4142135623730951
724, 8, 29, 195, 28, 196, 1, -1, -0.7853981633974483, 1.4142135623730951
724, 9, 271, 67, 270, 68, 1, -1, -0.7853981633974483, 1.4142135623730951
724, 11, 177, 74, 176, 75, 1, -1, -0.7853981633974483, 1.4142135623730951
724, 13, 277, 351, 276, 352, 1, -1, -0.7853981633974483, 1.4142135623730951
724, 14, 392, 352, 391, 353, 1, -1, -0.7853981633974483, 1.4142135623730951
724, 17, 344, 401, 342, 402, 2, -1, -0.4636476090008061, 2.23606797749979
724, 18, 248, 84, 247, 85, 1, -1, -0.7853981633974483, 1.4142135623730951
724, 19, 41, 191, 39, 192, 2, -1, -0.4636476090008061, 2.23606797749979
724, 25, 327, 127, 325, 128, 2, -1, -0.4636476090008061, 2.23606797749979
724, 26, 386, 345, 384, 346, 2, -1, -0.4636476090008061, 2.23606797749979
724, 34, 416, 398, 414, 399, 2, -1, -0.4636476090008061, 2.23606797749979
724, 35, 368, 129, 366, 130, 2, -1, -0.4636476090008061, 2.23606797749979
724, 37, 380, 400, 379, 401, 1, -1, -0.7853981633974483, 1.4142135623730951
724, 38, 117, 315, 115, 316, 2, -1, -0.4636476090008061, 2.23606797749979
724, 40, 467, 98, 466, 99, 1, -1, -0.7853981633974483, 1.4142135623730951
725, 0, 384, 100, 382, 101, 2, -1, -0.4636476090008061, 2.23606797749979
725, 3, 176, 73, 176, 75, 0, -2, -1.5707963267948966, 2.0
725, 5, 541, 92, 539, 93, 2, -1, -0.4636476090008061, 2.23606797749979
725, 8, 250, 93, 249, 94, 1, -1, -0.7853981633974483, 1.4142135623730951
725, 9, 29, 197, 28, 198, 1, -1, -0.7853981633974483, 1.4142135623730951
725, 10, 341, 406, 340, 407, 1, -1, -0.7853981633974483, 1.4142135623730951
725, 15, 506, 77, 505, 78, 1, -1, -0.7853981633974483, 1.4142135623730951
725, 17, 271, 71, 269, 72, 2, -1, -0.4636476090008061, 2.23606797749979
725, 18, 15, 379, 14, 380, 1, -1, -0.7853981633974483, 1.4142135623730951
725, 32, 358, 381, 357, 382, 1, -1, -0.7853981633974483, 1.4142135623730951
725, 40, 329, 127, 327, 127, 2, 0, 0.0, 2.0
725, 43, 465, 102, 464, 103, 1, -1, -0.7853981633974483, 1.4142135623730951
725, 44, 214, 86, 213, 87, 1, -1, -0.7853981633974483, 1.4142135623730951
725, 45, 578, 85, 576, 85, 2, 0, 0.0, 2.0
725, 46, 391, 349, 389, 350, 2, -1, -0.4636476090008061, 2.23606797749979
725, 49, 413, 105, 411, 105, 2, 0, 0.0, 2.0
726, 0, 385, 99, 384, 100, 1, -1, -0.7853981633974483, 1.4142135623730951
726, 2, 459, 354, 457, 354, 2, 0, 0.0, 2.0
726, 7, 514, 70, 513, 71, 1, -1, -0.7853981633974483, 1.4142135623730951
726, 8, 251, 92, 250, 93, 1, -1, -0.7853981633974483, 1.4142135623730951
726, 9, 30, 196, 29, 197, 1, -1, -0.7853981633974483, 1.4142135623730951
726, 12, 76, 331, 75, 332, 1, -1, -0.7853981633974483, 1.4142135623730951
726, 13, 256, 407, 255, 408, 1, -1, -0.7853981633974483, 1.4142135623730951
726, 15, 507, 76, 506, 77, 1, -1, -0.7853981633974483, 1.4142135623730951
726, 17, 272, 70, 271, 71, 1, -1, -0.7853981633974483, 1.4142135623730951
726, 19, 230, 406, 229, 407, 1, -1, -0.7853981633974483, 1.4142135623730951
726, 22, 255, 397, 254, 398, 1, -1, -0.7853981633974483, 1.4142135623730951
726, 24, 279, 352, 278, 353, 1, -1, -0.7853981633974483, 1.4142135623730951
726, 25, 106, 321, 105, 322, 1, -1, -0.7853981633974483, 1.4142135623730951
726, 27, 164, 118, 163, 119, 1, -1, -0.7853981633974483, 1.4142135623730951
726, 28, 99, 129, 98, 128, 1, 1, 0.7853981633974483, 1.4142135623730951
726, 32, 360, 380, 358, 381, 2, -1, -0.4636476090008061, 2.23606797749979
726, 40, 331, 126, 329, 127, 2, -1, -0.4636476090008061, 2.23606797749979
726, 43, 467, 101, 465, 102, 2, -1, -0.4636476090008061, 2.23606797749979
726, 46, 392, 348, 391, 349, 1, -1, -0.7853981633974483, 1.4142135623730951
726, 49, 415, 105, 413, 105, 2, 0, 0.0, 2.0
727, 0, 387, 99, 385, 99, 2, 0, 0.0, 2.0
727, 2, 461, 354, 459, 354, 2, 0, 0.0, 2.0
727, 3, 176, 69, 176, 72, 0, -3, -1.5707963267948966, 3.0
727, 8, 252, 90, 251, 92, 1, -2, -1.1071487177940904, 2.23606797749979
727, 10, 343, 405, 342, 406, 1, -1, -0.7853981633974483, 1.4142135623730951
727, 14, 154, 317, 153, 319, 1, -2, -1.1071487177940904, 2.23606797749979
727, 15, 508, 75, 507, 76, 1, -1, -0.7853981633974483, 1.4142135623730951
727, 16, 103, 405, 102, 406, 1, -1, -0.7853981633974483, 1.4142135623730951
727, 20, 158, 376, 157, 377, 1, -1, -0.7853981633974483, 1.4142135623730951
727, 23, 181, 82, 182, 84, -1, -2, -2.0344439357957027, 2.23606797749979
727, 24, 279, 350, 279, 352, 0, -2, -1.5707963267948966, 2.0
727, 29, 330, 367, 329, 366, 1, 1, 0.7853981633974483, 1.4142135623730951
727, 32, 361, 379, 360, 380, 1, -1, -0.7853981633974483, 1.4142135623730951
727, 36, 31, 401, 31, 403, 0, -2, -1.5707963267948966, 2.0
727, 38, 612, 75, 610, 75, 2, 0, 0.0, 2.0
727, 39, 333, 125, 331, 126, 2, -1, -0.4636476090008061, 2.23606797749979
727, 42, 469, 100, 467, 101, 2, -1, -0.4636476090008061, 2.23606797749979
727, 44, 581, 85, 579, 85, 2, 0, 0.0, 2.0
727, 45, 392, 345, 392, 348, 0, -3, -1.5707963267948966, 3.0
727, 47, 75, 362, 75, 364, 0, -2, -1.5707963267948966, 2.0
728, 2, 463, 353, 461, 354, 2, -1, -0.4636476090008061, 2.23606797749979
728, 7, 517, 70, 515, 70, 2, 0, 0.0, 2.0
728, 9, 32, 195, 31, 196, 1, -1, -0.7853981633974483, 1.4142135623730951
728, 10, 345, 404, 343, 405, 2, -1, -0.4636476090008061, 2.23606797749979
728, 15, 509, 74, 508, 75, 1, -1, -0.7853981633974483, 1.4142135623730951
728, 22, 256, 396, 255, 397, 1, -1, -0.7853981633974483, 1.4142135623730951
728, 30, 151, 144, 150, 145, 1, -1, -0.7853981633974483, 1.4142135623730951
728, 32, 362, 378, 361, 379, 1, -1, -0.7853981633974483, 1.4142135623730951
728, 38, 614, 75, 612, 75, 2, 0, 0.0, 2.0
728, 39, 334, 124, 333, 125, 1, -1, -0.7853981633974483, 1.4142135623730951
728, 42, 471, 99, 469, 100, 2, -1, -0.4636476090008061, 2.23606797749979
728, 44, 583, 86, 581, 85, 2, 1, 0.4636476090008061, 2.23606797749979
728, 45, 393, 344, 392, 345, 1, -1, -0.7853981633974483, 1.4142135623730951
728, 46, 39, 400, 38, 401, 1, -1, -0.7853981633974483, 1.4142135623730951
728, 47, 76, 361, 75, 362, 1, -1, -0.7853981633974483, 1.4142135623730951
729, 0, 389, 98, 388, 99, 1, -1, -0.7853981633974483, 1.4142135623730951
729, 4, 303, 105, 302, 106, 1, -1, -0.7853981633974483, 1.4142135623730951
729, 5, 546, 91, 544, 92, 2, -1, -0.4636476090008061, 2.23606797749979
729, 7, 519, 70, 517, 70, 2, 0, 0.0, 2.0
729, 8, 254, 89, 253, 90, 1, -1, -0.7853981633974483, 1.4142135623730951
729, 9, 33, 194, 32, 195, 1, -1, -0.7853981633974483, 1.4142135623730951
729, 10, 346, 403, 345, 404, 1, -1, -0.7853981633974483, 1.4142135623730951
729, 15, 510, 73, 509, 74, 1, -1, -0.7853981633974483, 1.4142135623730951
729, 20, 159, 375, 158, 376, 1, -1, -0.7853981633974483, 1.4142135623730951
729, 24, 280, 349, 279, 350, 1, -1, -0.7853981633974483, 1.4142135623730951
729, 25, 108, 319, 107, 320, 1, -1, -0.7853981633974483, 1.4142135623730951
729, 28, 102, 128, 101, 129, 1, -1, -0.7853981633974483, 1.4142135623730951
729, 32, 364, 377, 362, 378, 2, -1, -0.4636476090008061, 2.23606797749979
729, 35, 288, 122, 287, 121, 1, 1, 0.7853981633974483, 1.4142135623730951
729, 38, 617, 74, 614, 75, 3, -1, -0.3217505543966422, 3.1622776601683795
729, 39, 336, 123, 334, 124, 2, -1, -0.4636476090008061, 2.23606797749979
729, 40, 185, 137, 184, 138, 1, -1, -0.7853981633974483, 1.4142135623730951
729, 42, 472, 98, 471, 99, 1, -1, -0.7853981633974483, 1.4142135623730951
729, 45, 394, 343, 393, 344, 1, -1, -0.7853981633974483, 1.4142135623730951
729, 48, 417, 103, 416, 104, 1, -1, -0.7853981633974483, 1.4142135623730951
730, 0, 238, 174, 237, 175, 1, -1, -0.7853981633974483, 1.4142135623730951
730, 1, 389, 100, 388, 101, 1, -1, -0.7853981633974483, 1.4142135623730951
730, 3, 464, 355, 462, 355, 2, 0, 0.0, 2.0
730, 4, 304, 107, 303, 108, 1, -1, -0.7853981633974483, 1.4142135623730951
730, 5, 547, 91, 544, 92, 3, -1, -0.3217505543966422, 3.1622776601683795
730, 6, 34, 196, 33, 197, 1, -1, -0.7853981633974483, 1.4142135623730951
730, 8, 205, 67, 204, 68, 1, -1, -0.7853981633974483, 1.4142135623730951
730, 17, 282, 353, 281, 352, 1, 1, 0.7853981633974483, 1.4142135623730951
730, 19, 258, 407, 257, 408, 1, -1, -0.7853981633974483, 1.4142135623730951
730, 21, 345, 407, 344, 408, 1, -1, -0.7853981633974483, 1.4142135623730951
730, 23, 333, 367, 331, 367, 2, 0, 0.0, 2.0
730, 24, 617, 76, 615, 76, 2, 0, 0.0, 2.0
730, 28, 252, 85, 251, 86, 1, -1, -0.7853981633974483, 1.4142135623730951
730, 32, 49, 320, 48, 321, 1, -1, -0.7853981633974483, 1.4142135623730951
730, 33, 195, 188, 194, 189, 1, -1, -0.7853981633974483, 1.4142135623730951
730, 37, 364, 383, 362, 384, 2, -1, -0.4636476090008061, 2.23606797749979
730, 38, 74, 185, 73, 186, 1, -1, -0.7853981633974483, 1.4142135623730951
730, 41, 288, 125, 287, 124, 1, 1, 0.7853981633974483, 1.4142135623730951
730, 42, 470, 101, 469, 102, 1, -1, -0.7853981633974483, 1.4142135623730951
730, 43, 375, 126, 374, 127, 1, -1, -0.7853981633974483, 1.4142135623730951
730, 44, 387, 402, 385, 403, 2, -1, -0.4636476090008061, 2.23606797749979
730, 45, 384, 394, 381, 394, 3, 0, 0.0, 3.0
730, 49, 382, 106, 381, 107, 1, -1, -0.7853981633974483, 1.4142135623730951
730, 50, 582, 342, 581, 343, 1, -1, -0.7853981633974483, 1.4142135623730951
730, 51, 225, 92, 224, 93, 1, -1, -0.7853981633974483, 1.4142135623730951
730, 52, 269, 75, 268, 76, 1, -1, -0.7853981633974483, 1.4142135623730951
730, 56, 251, 93, 250, 94, 1, -1, -0.7853981633974483, 1.4142135623730951
730, 61, 80, 305, 79, 306, 1, -1, -0.7853981633974483, 1.4142135623730951
730, 62, 451, 346, 449, 346, 2, 0, 0.0, 2.0
731, 3, 466, 355, 464, 355, 2, 0, 0.0, 2.0
731, 5, 549, 90, 547, 91, 2, -1, -0.4636476090008061, 2.23606797749979
731, 14, 53, 158, 52, 159, 1, -1, -0.7853981633974483, 1.4142135623730951
731, 19, 259, 406, 258, 407, 1, -1, -0.7853981633974483, 1.4142135623730951
731, 21, 346, 406, 345, 407, 1, -1, -0.7853981633974483, 1.4142135623730951
731, 24, 619, 76, 617, 76, 2, 0, 0.0, 2.0
731, 26, 422, 399, 421, 400, 1, -1, -0.7853981633974483, 1.4142135623730951
731, 27, 504, 109, 501, 108, 3, 1, 0.3217505543966422, 3.1622776601683795
731, 28, 253, 84, 252, 85, 1, -1, -0.7853981633974483, 1.4142135623730951
731, 33, 196, 187, 195, 188, 1, -1, -0.7853981633974483, 1.4142135623730951
731, 35, 327, 348, 326, 349, 1, -1, -0.7853981633974483, 1.4142135623730951
731, 37, 366, 382, 364, 383, 2, -1, -0.4636476090008061, 2.23606797749979
731, 44, 389, 402, 387, 402, 2, 0, 0.0, 2.0
731, 45, 387, 393, 384, 394, 3, -1, -0.3217505543966422, 3.1622776601683795
731, 47, 395, 353, 394, 354, 1, -1, -0.7853981633974483, 1.4142135623730951
731, 51, 226, 91, 225, 92, 1, -1, -0.7853981633974483, 1.4142135623730951
731, 53, 413, 395, 411, 396, 2, -1, -0.4636476090008061, 2.23606797749979
731, 62, 385, 345, 384, 346, 1, -1, -0.7853981633974483, 1.4142135623730951
731, 64, 230, 105, 229, 106, 1, -1, -0.7853981633974483, 1.4142135623730951
732, 4, 307, 107, 305, 107, 2, 0, 0.0, 2.0
732, 5, 551, 89, 549, 90, 2, -1, -0.4636476090008061, 2.23606797749979
732, 10, 180, 69, 179, 70, 1, -1, -0.7853981633974483, 1.4142135623730951
732, 11, 91, 361, 90, 362, 1, -1, -0.7853981633974483, 1.4142135623730951
732, 19, 260, 405, 259, 406, 1, -1, -0.7853981633974483, 1.4142135623730951
732, 20, 167, 317, 166, 318, 1, -1, -0.7853981633974483, 1.4142135623730951
732, 26, 423, 398, 422, 399, 1, -1, -0.7853981633974483, 1.4142135623730951
732, 27, 507, 111, 504, 109, 3, 2, 0.5880026035475675, 3.605551275463989
732, 37, 367, 381, 366, 382, 1, -1, -0.7853981633974483, 1.4142135623730951
732, 43, 377, 125, 376, 126, 1, -1, -0.7853981633974483, 1.4142135623730951
732, 44, 391, 401, 389, 402, 2, -1, -0.4636476090008061, 2.23606797749979
732, 45, 389, 392, 387, 393, 2, -1, -0.4636476090008061, 2.23606797749979
732, 46, 208, 382, 207, 383, 1, -1, -0.7853981633974483, 1.4142135623730951
732, 47, 396, 352, 395, 353, 1, -1, -0.7853981633974483, 1.4142135623730951
732, 49, 384, 105, 383, 106, 1, -1, -0.7853981633974483, 1.4142135623730951
732, 50, 584, 341, 583, 342, 1, -1, -0.7853981633974483, 1.4142135623730951
732, 53, 415, 394, 413, 395, 2, -1, -0.4636476090008061, 2.23606797749979
732, 55, 253, 92, 252, 93, 1, -1, -0.7853981633974483, 1.4142135623730951
732, 60, 82, 304, 81, 305, 1, -1, -0.7853981633974483, 1.4142135623730951
732, 62, 388, 344, 385, 345, 3, -1, -0.3217505543966422, 3.1622776601683795
733, 1, 392, 99, 391, 100, 1, -1, -0.7853981633974483, 1.4142135623730951
733, 6, 36, 195, 35, 196, 1, -1, -0.7853981633974483, 1.4142135623730951
733, 21, 348, 405, 347, 406, 1, -1, -0.7853981633974483, 1.4142135623730951
733, 24, 621, 75, 620, 76, 1, -1, -0.7853981633974483, 1.4142135623730951
733, 27, 511, 110, 507, 111, 4, -1, -0.24497866312686414, 4.123105625617661
733, 28, 255, 83, 254, 84, 1, -1, -0.7853981633974483, 1.4142135623730951
733, 30, 478, 133, 478, 130, 0, 3, 1.5707963267948966, 3.0
733, 32, 52, 319, 51, 320, 1, -1, -0.7853981633974483, 1.4142135623730951
733, 33, 198, 186, 197, 187, 1, -1, -0.7853981633974483, 1.4142135623730951
733, 35, 329, 347, 328, 348, 1, -1, -0.7853981633974483, 1.4142135623730951
733, 37, 369, 380, 367, 381, 2, -1, -0.4636476090008061, 2.23606797749979
733, 38, 78, 185, 76, 185, 2, 0, 0.0, 2.0
733, 42, 473, 100, 472, 101, 1, -1, -0.7853981633974483, 1.4142135623730951
733, 43, 378, 124, 377, 125, 1, -1, -0.7853981633974483, 1.4142135623730951
733, 44, 392, 400, 391, 401, 1, -1, -0.7853981633974483, 1.4142135623730951
733, 45, 392, 392, 389, 392, 3, 0, 0.0, 3.0
733, 47, 398, 352, 396, 352, 2, 0, 0.0, 2.0
733, 48, 396, 345, 394, 346, 2, -1, -0.4636476090008061, 2.23606797749979
733, 49, 385, 104, 384, 105, 1, -1, -0.7853981633974483, 1.4142135623730951
733, 50, 586, 339, 584, 341, 2, -2, -0.7853981633974483, 2.8284271247461903
733, 53, 417, 393, 415, 394, 2, -1, -0.4636476090008061, 2.23606797749979
733, 58, 219, 86, 218, 87, 1, -1, -0.7853981633974483, 1.4142135623730951
733, 60, 83, 303, 82, 304, 1, -1, -0.7853981633974483, 1.4142135623730951
733, 62, 391, 343, 388, 344, 3, -1, -0.3217505543966422, 3.1622776601683795
733, 63, 18, 148, 17, 149, 1, -1, -0.7853981633974483, 1.4142135623730951
733, 64, 231, 104, 230, 105, 1, -1, -0.7853981633974483, 1.4142135623730951
734, 3, 469, 354, 468, 355, 1, -1, -0.7853981633974483, 1.4142135623730951
734, 9, 80, 331, 79, 332, 1, -1, -0.7853981633974483, 1.4142135623730951
734, 11, 92, 360, 91, 361, 1, -1, -0.7853981633974483, 1.4142135623730951
734, 13, 162, 376, 161, 377, 1, -1, -0.7853981633974483, 1.4142135623730951
734, 21, 349, 404, 348, 405, 1, -1, -0.7853981633974483, 1.4142135623730951
734, 24, 622, 74, 621, 75, 1, -1, -0.7853981633974483, 1.4142135623730951
734, 27, 514, 110, 511, 110, 3, 0, 0.0, 3.0
734, 30, 476, 133, 478, 133, -2, 0, 3.141592653589793, 2.0
734, 32, 53, 318, 52, 319, 1, -1, -0.7853981633974483, 1.4142135623730951
734, 33, 199, 185, 198, 186, 1, -1, -0.7853981633974483, 1.4142135623730951
734, 35, 330, 346, 329, 347, 1, -1, -0.7853981633974483, 1.4142135623730951
734, 36, 429, 347, 428, 348, 1, -1, -0.7853981633974483, 1.4142135623730951
734, 37, 370, 379, 369, 380, 1, -1, -0.7853981633974483, 1.4142135623730951
734, 44, 394, 399, 392, 400, 2, -1, -0.4636476090008061, 2.23606797749979
734, 45, 395, 391, 392, 392, 3, -1, -0.3217505543966422, 3.1622776601683795
734, 46, 209, 380, 208, 381, 1, -1, -0.7853981633974483, 1.4142135623730951
734, 47, 400, 352, 398, 352, 2, 0, 0.0, 2.0
734, 48, 397, 344, 396, 345, 1, -1, -0.7853981633974483, 1.4142135623730951
734, 50, 588, 338, 586, 339, 2, -1, -0.4636476090008061, 2.23606797749979
734, 52, 273, 74, 272, 75, 1, -1, -0.7853981633974483, 1.4142135623730951
734, 53, 419, 392, 417, 393, 2, -1, -0.4636476090008061, 2.23606797749979
734, 55, 255, 91, 254, 92, 1, -1, -0.7853981633974483, 1.4142135623730951
734, 59, 230, 300, 230, 302, 0, -2, -1.5707963267948966, 2.0
734, 60, 84, 302, 83, 303, 1, -1, -0.7853981633974483, 1.4142135623730951
734, 62, 393, 342, 391, 343, 2, -1, -0.4636476090008061, 2.23606797749979
735, 6, 551, 92, 549, 92, 2, 0, 0.0, 2.0
735, 13, 368, 382, 367, 383, 1, -1, -0.7853981633974483, 1.4142135623730951
735, 21, 391, 398, 390, 399, 1, -1, -0.7853981633974483, 1.4142135623730951
735, 23, 256, 85, 255, 86, 1, -1, -0.7853981633974483, 1.4142135623730951
735, 24, 589, 83, 587, 86, 2, -3, -0.982793723247329, 3.605551275463989
735, 25, 432, 348, 430, 349, 2, -1, -0.4636476090008061, 2.23606797749979
735, 28, 621, 75, 620, 76, 1, -1, -0.7853981633974483, 1.4142135623730951
735, 29, 393, 345, 391, 346, 2, -1, -0.4636476090008061, 2.23606797749979
735, 35, 261, 407, 260, 408, 1, -1, -0.7853981633974483, 1.4142135623730951
735, 38, 476, 102, 474, 102, 2, 0, 0.0, 2.0
735, 45, 261, 94, 259, 95, 2, -1, -0.4636476090008061, 2.23606797749979
735, 49, 56, 157, 55, 158, 1, -1, -0.7853981633974483, 1.4142135623730951
735, 54, 330, 348, 329, 349, 1, -1, -0.7853981633974483, 1.4142135623730951
735, 56, 623, 351, 620, 352, 3, -1, -0.3217505543966422, 3.1622776601683795
735, 60, 519, 137, 519, 139, 0, -2, -1.5707963267948966, 2.0
736, 6, 552, 91, 551, 92, 1, -1, -0.7853981633974483, 1.4142135623730951
736, 13, 370, 381, 368, 382, 2, -1, -0.4636476090008061, 2.23606797749979
736, 15, 208, 69, 207, 70, 1, -1, -0.7853981633974483, 1.4142135623730951
736, 19, 108, 406, 107, 407, 1, -1, -0.7853981633974483, 1.4142135623730951
736, 23, 257, 84, 256, 85, 1, -1, -0.7853981633974483, 1.4142135623730951
736, 27, 354, 405, 352, 405, 2, 0, 0.0, 2.0
736, 28, 623, 74, 621, 75, 2, -1, -0.4636476090008061, 2.23606797749979
736, 29, 395, 344, 393, 345, 2, -1, -0.4636476090008061, 2.23606797749979
736, 33, 427, 402, 425, 402, 2, 0, 0.0, 2.0
736, 35, 262, 406, 261, 407, 1, -1, -0.7853981633974483, 1.4142135623730951
736, 40, 399, 355, 397, 355, 2, 0, 0.0, 2.0
736, 44, 81, 370, 80, 371, 1, -1, -0.7853981633974483, 1.4142135623730951
736, 54, 331, 347, 330, 348, 1, -1, -0.7853981633974483, 1.4142135623730951
736, 56, 626, 351, 623, 351, 3, 0, 0.0, 3.0
737, 2, 396, 101, 395, 102, 1, -1, -0.7853981633974483, 1.4142135623730951
737, 7, 39, 197, 38, 198, 1, -1, -0.7853981633974483, 1.4142135623730951
737, 12, 372, 380, 370, 381, 2, -1, -0.4636476090008061, 2.23606797749979
737, 20, 393, 397, 392, 398, 1, -1, -0.7853981633974483, 1.4142135623730951
737, 23, 592, 83, 590, 83, 2, 0, 0.0, 2.0
737, 24, 435, 348, 433, 348, 2, 0, 0.0, 2.0
737, 25, 110, 321, 109, 322, 1, -1, -0.7853981633974483, 1.4142135623730951
737, 27, 625, 73, 623, 74, 2, -1, -0.4636476090008061, 2.23606797749979
737, 28, 397, 343, 395, 344, 2, -1, -0.4636476090008061, 2.23606797749979
737, 30, 169, 117, 168, 118, 1, -1, -0.7853981633974483, 1.4142135623730951
737, 33, 279, 69, 278, 70, 1, -1, -0.7853981633974483, 1.4142135623730951
737, 34, 263, 405, 262, 406, 1, -1, -0.7853981633974483, 1.4142135623730951
737, 39, 401, 355, 399, 355, 2, 0, 0.0, 2.0
737, 43, 83, 370, 81, 370, 2, 0, 0.0, 2.0
737, 48, 57, 156, 56, 157, 1, -1, -0.7853981633974483, 1.4142135623730951
737, 55, 628, 351, 626, 351, 2, 0, 0.0, 2.0
737, 56, 308, 369, 307, 370, 1, -1, -0.7853981633974483, 1.4142135623730951
738, 1, 470, 354, 469, 355, 1, -1, -0.7853981633974483, 1.4142135623730951
738, 4, 523, 71, 522, 72, 1, -1, -0.7853981633974483, 1.4142135623730951
738, 12, 374, 379, 372, 380, 2, -1, -0.4636476090008061, 2.23606797749979
738, 14, 210, 68, 209, 69, 1, -1, -0.7853981633974483, 1.4142135623730951
738, 18, 109, 405, 108, 406, 1, -1, -0.7853981633974483, 1.4142135623730951
738, 20, 394, 396, 393, 397, 1, -1, -0.7853981633974483, 1.4142135623730951
738, 22, 259, 83, 258, 84, 1, -1, -0.7853981633974483, 1.4142135623730951
738, 23, 594, 83, 592, 83, 2, 0, 0.0, 2.0
738, 24, 436, 347, 435, 348, 1, -1, -0.7853981633974483, 1.4142135623730951
738, 27, 627, 72, 625, 73, 2, -1, -0.4636476090008061, 2.23606797749979
738, 28, 399, 343, 397, 343, 2, 0, 0.0, 2.0
738, 34, 264, 404, 263, 405, 1, -1, -0.7853981633974483, 1.4142135623730951
738, 44, 262, 93, 261, 94, 1, -1, -0.7853981633974483, 1.4142135623730951
738, 54, 340, 367, 339, 368, 1, -1, -0.7853981633974483, 1.4142135623730951
738, 56, 309, 368, 308, 369, 1, -1, -0.7853981633974483, 1.4142135623730951
738, 58, 221, 86, 220, 87, 1, -1, -0.7853981633974483, 1.4142135623730951
739, 1, 472, 353, 470, 354, 2, -1, -0.4636476090008061, 2.23606797749979
739, 2, 398, 100, 397, 101, 1, -1, -0.7853981633974483, 1.4142135623730951
739, 3, 82, 330, 81, 331, 1, -1, -0.7853981633974483, 1.4142135623730951
739, 4, 525, 71, 523, 71, 2, 0, 0.0, 2.0
739, 5, 556, 90, 554, 91, 2, -1, -0.4636476090008061, 2.23606797749979
739, 12, 376, 379, 374, 379, 2, 0, 0.0, 2.0
739, 13, 211, 67, 210, 68, 1, -1, -0.7853981633974483, 1.4142135623730951
739, 19, 396, 395, 394, 396, 2, -1, -0.4636476090008061, 2.23606797749979
739, 22, 596, 83, 594, 83, 2, 0, 0.0, 2.0
739, 25, 358, 405, 356, 405, 2, 0, 0.0, 2.0
739, 26, 630, 71, 627, 72, 3, -1, -0.3217505543966422, 3.1622776601683795
739, 28, 168, 146, 167, 147, 1, -1, -0.7853981633974483, 1.4142135623730951
739, 29, 170, 115, 169, 116, 1, -1, -0.7853981633974483, 1.4142135623730951
739, 33, 265, 403, 264, 404, 1, -1, -0.7853981633974483, 1.4142135623730951
739, 36, 481, 102, 479, 102, 2, 0, 0.0, 2.0
739, 38, 403, 354, 402, 355, 1, -1, -0.7853981633974483, 1.4142135623730951
739, 54, 630, 350, 628, 350, 2, 0, 0.0, 2.0
739, 55, 311, 368, 309, 368, 2, 0, 0.0, 2.0
739, 57, 222, 85, 221, 86, 1, -1, -0.7853981633974483, 1.4142135623730951
740, 0, 473, 355, 471, 355, 2, 0, 0.0, 2.0
740, 2, 399, 102, 397, 102, 2, 0, 0.0, 2.0
740, 4, 525, 71, 523, 72, 2, -1, -0.4636476090008061, 2.23606797749979
740, 6, 558, 91, 554, 91, 4, 0, 0.0, 4.0
740, 10, 211, 69, 210, 70, 1, -1, -0.7853981633974483, 1.4142135623730951
740, 21, 481, 103, 479, 103, 2, 0, 0.0, 2.0
740, 25, 288, 356, 287, 355, 1, 1, 0.7853981633974483, 1.4142135623730951
740, 26, 358, 406, 356, 406, 2, 0, 0.0, 2.0
740, 28, 170, 117, 169, 118, 1, -1, -0.7853981633974483, 1.4142135623730951
740, 29, 628, 75, 626, 76, 2, -1, -0.4636476090008061, 2.23606797749979
740, 30, 260, 84, 259, 85, 1, -1, -0.7853981633974483, 1.4142135623730951
740, 31, 53, 205, 51, 205, 2, 0, 0.0, 2.0
740, 32, 269, 396, 268, 397, 1, -1, -0.7853981633974483, 1.4142135623730951
740, 40, 341, 131, 339, 132, 2, -1, -0.4636476090008061, 2.23606797749979
740, 41, 595, 85, 593, 86, 2, -1, -0.4636476090008061, 2.23606797749979
740, 52, 404, 355, 402, 355, 2, 0, 0.0, 2.0
740, 53, 210, 113, 209, 114, 1, -1, -0.7853981633974483, 1.4142135623730951
740, 59, 81, 185, 80, 186, 1, -1, -0.7853981633974483, 1.4142135623730951
740, 67, 360, 397, 359, 398, 1, -1, -0.7853981633974483, 1.4142135623730951
741, 0, 475, 354, 473, 355, 2, -1, -0.4636476090008061, 2.23606797749979
741, 2, 401, 101, 399, 102, 2, -1, -0.4636476090008061, 2.23606797749979
741, 3, 139, 171, 138, 173, 1, -2, -1.1071487177940904, 2.23606797749979
741, 4, 527, 70, 525, 71, 2, -1, -0.4636476090008061, 2.23606797749979
741, 6, 560, 91, 558, 91, 2, 0, 0.0, 2.0
741, 7, 314, 109, 312, 110, 2, -1, -0.4636476090008061, 2.23606797749979
741, 10, 212, 68, 211, 69, 1, -1, -0.7853981633974483, 1.4142135623730951
741, 15, 239, 407, 238, 408, 1, -1, -0.7853981633974483, 1.4142135623730951
741, 21, 483, 103, 481, 103, 2, 0, 0.0, 2.0
741, 25, 289, 355, 288, 356, 1, -1, -0.7853981633974483, 1.4142135623730951
741, 26, 360, 405, 358, 406, 2, -1, -0.4636476090008061, 2.23606797749979
741, 28, 171, 116, 170, 117, 1, -1, -0.7853981633974483, 1.4142135623730951
741, 29, 630, 75, 628, 75, 2, 0, 0.0, 2.0
741, 31, 54, 204, 53, 205, 1, -1, -0.7853981633974483, 1.4142135623730951
741, 32, 270, 395, 269, 396, 1, -1, -0.7853981633974483, 1.4142135623730951
741, 35, 79, 339, 77, 339, 2, 0, 0.0, 2.0
741, 37, 437, 349, 436, 350, 1, -1, -0.7853981633974483, 1.4142135623730951
741, 40, 343, 131, 341, 131, 2, 0, 0.0, 2.0
741, 41, 597, 85, 595, 85, 2, 0, 0.0, 2.0
741, 48, 190, 79, 189, 80, 1, -1, -0.7853981633974483, 1.4142135623730951
741, 52, 406, 355, 404, 355, 2, 0, 0.0, 2.0
741, 62, 385, 127, 384, 128, 1, -1, -0.7853981633974483, 1.4142135623730951
741, 64, 259, 132, 258, 133, 1, -1, -0.7853981633974483, 1.4142135623730951
741, 67, 361, 396, 360, 397, 1, -1, -0.7853981633974483, 1.4142135623730951
742, 0, 477, 353, 475, 354, 2, -1, -0.4636476090008061, 2.23606797749979
742, 2, 403, 100, 401, 101, 2, -1, -0.4636476090008061, 2.23606797749979
742, 4, 528, 69, 527, 70, 1, -1, -0.7853981633974483, 1.4142135623730951
742, 5, 187, 69, 186, 70, 1, -1, -0.7853981633974483, 1.4142135623730951
742, 7, 316, 109, 314, 109, 2, 0, 0.0, 2.0
742, 10, 215, 67, 212, 68, 3, -1, -0.3217505543966422, 3.1622776601683795
742, 11, 398, 398, 397, 399, 1, -1, -0.7853981633974483, 1.4142135623730951
742, 14, 267, 405, 264, 407, 3, -2, -0.5880026035475675, 3.605551275463989
742, 15, 240, 406, 239, 407, 1, -1, -0.7853981633974483, 1.4142135623730951
742, 19, 232, 299, 232, 301, 0, -2, -1.5707963267948966, 2.0
742, 20, 192, 138, 191, 137, 1, 1, 0.7853981633974483, 1.4142135623730951
742, 21, 486, 103, 483, 103, 3, 0, 0.0, 3.0
742, 22, 263, 340, 261, 339, 2, 1, 0.4636476090008061, 2.23606797749979
742, 25, 290, 354, 289, 355, 1, -1, -0.7853981633974483, 1.4142135623730951
742, 26, 365, 404, 360, 405, 5, -1, -0.19739555984988075, 5.0990195135927845
742, 27, 225, 95, 223, 95, 2, 0, 0.0, 2.0
742, 30, 262, 83, 261, 84, 1, -1, -0.7853981633974483, 1.4142135623730951
742, 32, 271, 394, 270, 395, 1, -1, -0.7853981633974483, 1.4142135623730951
742, 36, 37, 404, 36, 405, 1, -1, -0.7853981633974483, 1.4142135623730951
742, 37, 438, 348, 437, 349, 1, -1, -0.7853981633974483, 1.4142135623730951
742, 38, 169, 148, 168, 149, 1, -1, -0.7853981633974483, 1.4142135623730951
742, 39, 345, 130, 343, 131, 2, -1, -0.4636476090008061, 2.23606797749979
742, 40, 598, 86, 597, 85, 1, 1, 0.7853981633974483, 1.4142135623730951
742, 42, 214, 81, 212, 81, 2, 0, 0.0, 2.0
742, 45, 493, 133, 492, 134, 1, -1, -0.7853981633974483, 1.4142135623730951
742, 46, 343, 367, 342, 368, 1, -1, -0.7853981633974483, 1.4142135623730951
742, 47, 191, 78, 190, 79, 1, -1, -0.7853981633974483, 1.4142135623730951
742, 50, 62, 321, 57, 321, 5, 0, 0.0, 5.0
742, 51, 408, 355, 406, 355, 2, 0, 0.0, 2.0
742, 60, 433, 403, 431, 404, 2, -1, -0.4636476090008061, 2.23606797749979
742, 65, 188, 141, 186, 142, 2, -1, -0.4636476090008061, 2.23606797749979
742, 66, 362, 394, 361, 396, 1, -2, -1.1071487177940904, 2.23606797749979
743, 0, 479, 353, 477, 353, 2, 0, 0.0, 2.0
743, 2, 404, 99, 403, 100, 1, -1, -0.7853981633974483, 1.4142135623730951
743, 3, 140, 169, 139, 170, 1, -1, -0.7853981633974483, 1.4142135623730951
743, 4, 530, 68, 528, 69, 2, -1, -0.4636476090008061, 2.23606797749979
743, 5, 188, 68, 187, 69, 1, -1, -0.7853981633974483, 1.4142135623730951
743, 6, 562, 90, 561, 91, 1, -1, -0.7853981633974483, 1.4142135623730951
743, 7, 318, 108, 316, 109, 2, -1, -0.4636476090008061, 2.23606797749979
743, 10, 216, 66, 215, 67, 1, -1, -0.7853981633974483, 1.4142135623730951
743, 13, 86, 331, 85, 332, 1, -1, -0.7853981633974483, 1.4142135623730951
743, 14, 268, 404, 267, 405, 1, -1, -0.7853981633974483, 1.4142135623730951
743, 15, 241, 405, 240, 406, 1, -1, -0.7853981633974483, 1.4142135623730951
743, 16, 378, 382, 376, 382, 2, 0, 0.0, 2.0
743, 24, 366, 403, 365, 404, 1, -1, -0.7853981633974483, 1.4142135623730951
743, 25, 226, 94, 225, 95, 1, -1, -0.7853981633974483, 1.4142135623730951
743, 26, 172, 114, 171, 115, 1, -1, -0.7853981633974483, 1.4142135623730951
743, 30, 273, 394, 271, 394, 2, 0, 0.0, 2.0
743, 35, 439, 347, 438, 348, 1, -1, -0.7853981633974483, 1.4142135623730951
743, 37, 347, 129, 345, 130, 2, -1, -0.4636476090008061, 2.23606797749979
743, 38, 599, 87, 598, 86, 1, 1, 0.7853981633974483, 1.4142135623730951
743, 43, 495, 133, 493, 133, 2, 0, 0.0, 2.0
743, 57, 434, 402, 433, 403, 1, -1, -0.7853981633974483, 1.4142135623730951
744, 0, 480, 352, 479, 353, 1, -1, -0.7853981633974483, 1.4142135623730951
744, 2, 405, 97, 404, 99, 1, -2, -1.1071487177940904, 2.23606797749979
744, 4, 532, 67, 530, 68, 2, -1, -0.4636476090008061, 2.23606797749979
744, 5, 189, 67, 188, 68, 1, -1, -0.7853981633974483, 1.4142135623730951
744, 6, 563, 89, 562, 90, 1, -1, -0.7853981633974483, 1.4142135623730951
744, 9, 45, 200, 44, 199, 1, 1, 0.7853981633974483, 1.4142135623730951
744, 10, 217, 65, 216, 66, 1, -1, -0.7853981633974483, 1.4142135623730951
744, 15, 242, 404, 241, 405, 1, -1, -0.7853981633974483, 1.4142135623730951
744, 16, 380, 381, 378, 382, 2, -1, -0.4636476090008061, 2.23606797749979
744, 19, 489, 102, 487, 103, 2, -1, -0.4636476090008061, 2.23606797749979
744, 25, 227, 93, 226, 94, 1, -1, -0.7853981633974483, 1.4142135623730951
744, 28, 263, 81, 262, 82, 1, -1, -0.7853981633974483, 1.4142135623730951
744, 30, 274, 393, 273, 394, 1, -1, -0.7853981633974483, 1.4142135623730951
744, 35, 441, 347, 439, 347, 2, 0, 0.0, 2.0
744, 36, 170, 146, 169, 147, 1, -1, -0.7853981633974483, 1.4142135623730951
744, 37, 349, 129, 347, 129, 2, 0, 0.0, 2.0
744, 39, 215, 80, 214, 81, 1, -1, -0.7853981633974483, 1.4142135623730951
744, 42, 497, 133, 495, 133, 2, 0, 0.0, 2.0
744, 44, 193, 77, 192, 78, 1, -1, -0.7853981633974483, 1.4142135623730951
744, 49, 211, 109, 210, 110, 1, -1, -0.7853981633974483, 1.4142135623730951
744, 52, 237, 359, 235, 359, 2, 0, 0.0, 2.0
744, 56, 435, 401, 434, 402, 1, -1, -0.7853981633974483, 1.4142135623730951
744, 62, 362, 391, 362, 393, 0, -2, -1.5707963267948966, 2.0
745, 1, 187, 69, 186, 70, 1, -1, -0.7853981633974483, 1.4142135623730951
745, 3, 479, 354, 477, 355, 2, -1, -0.4636476090008061, 2.23606797749979
745, 4, 563, 91, 561, 92, 2, -1, -0.4636476090008061, 2.23606797749979
745, 5, 529, 70, 528, 71, 1, -1, -0.7853981633974483, 1.4142135623730951
745, 7, 404, 101, 403, 102, 1, -1, -0.7853981633974483, 1.4142135623730951
745, 9, 269, 406, 268, 407, 1, -1, -0.7853981633974483, 1.4142135623730951
745, 13, 216, 68, 215, 69, 1, -1, -0.7853981633974483, 1.4142135623730951
745, 17, 435, 107, 434, 108, 1, -1, -0.7853981633974483, 1.4142135623730951
745, 19, 263, 84, 262, 85, 1, -1, -0.7853981633974483, 1.4142135623730951
745, 21, 269, 397, 268, 398, 1, -1, -0.7853981633974483, 1.4142135623730951
745, 22, 633, 76, 631, 76, 2, 0, 0.0, 2.0
745, 24, 601, 87, 599, 88, 2, -1, -0.4636476090008061, 2.23606797749979
745, 26, 494, 130, 493, 131, 1, -1, -0.7853981633974483, 1.4142135623730951
745, 28, 241, 406, 240, 407, 1, -1, -0.7853981633974483, 1.4142135623730951
745, 31, 299, 129, 298, 130, 1, -1, -0.7853981633974483, 1.4142135623730951
745, 36, 402, 403, 400, 403, 2, 0, 0.0, 2.0
745, 38, 91, 306, 90, 307, 1, -1, -0.7853981633974483, 1.4142135623730951
745, 39, 38, 404, 37, 405, 1, -1, -0.7853981633974483, 1.4142135623730951
745, 44, 348, 131, 346, 132, 2, -1, -0.4636476090008061, 2.23606797749979
745, 48, 148, 179, 147, 181, 1, -2, -1.1071487177940904, 2.23606797749979
745, 49, 221, 82, 220, 84, 1, -2, -1.1071487177940904, 2.23606797749979
745, 54, 389, 127, 387, 128, 2, -1, -0.4636476090008061, 2.23606797749979
745, 55, 49, 302, 48, 303, 1, -1, -0.7853981633974483, 1.4142135623730951
745, 59, 324, 72, 323, 73, 1, -1, -0.7853981633974483, 1.4142135623730951
745, 63, 213, 184, 212, 185, 1, -1, -0.7853981633974483, 1.4142135623730951
746, 3, 480, 353, 479, 354, 1, -1, -0.7853981633974483, 1.4142135623730951
746, 4, 565, 90, 563, 91, 2, -1, -0.4636476090008061, 2.23606797749979
746, 5, 530, 69, 529, 70, 1, -1, -0.7853981633974483, 1.4142135623730951
746, 8, 87, 330, 86, 331, 1, -1, -0.7853981633974483, 1.4142135623730951
746, 13, 217, 67, 216, 68, 1, -1, -0.7853981633974483, 1.4142135623730951
746, 19, 264, 83, 263, 84, 1, -1, -0.7853981633974483, 1.4142135623730951
746, 21, 270, 396, 269, 397, 1, -1, -0.7853981633974483, 1.4142135623730951
746, 22, 635, 76, 633, 76, 2, 0, 0.0, 2.0
746, 23, 214, 380, 213, 381, 1, -1, -0.7853981633974483, 1.4142135623730951
746, 24, 603, 86, 601, 87, 2, -1, -0.4636476090008061, 2.23606797749979
746, 25, 381, 383, 379, 383, 2, 0, 0.0, 2.0
746, 29, 521, 110, 518, 109, 3, 1, 0.3217505543966422, 3.1622776601683795
746, 38, 92, 305, 91, 306, 1, -1, -0.7853981633974483, 1.4142135623730951
746, 42, 85, 186, 84, 187, 1, -1, -0.7853981633974483, 1.4142135623730951
746, 44, 350, 131, 348, 131, 2, 0, 0.0, 2.0
746, 47, 367, 406, 365, 406, 2, 0, 0.0, 2.0
746, 48, 148, 177, 148, 179, 0, -2, -1.5707963267948966, 2.0
746, 55, 50, 301, 49, 302, 1, -1, -0.7853981633974483, 1.4142135623730951
746, 56, 173, 116, 172, 117, 1, -1, -0.7853981633974483, 1.4142135623730951
746, 59, 325, 71, 324, 72, 1, -1, -0.7853981633974483, 1.4142135623730951
746, 62, 262, 92, 261, 93, 1, -1, -0.7853981633974483, 1.4142135623730951
746, 63, 214, 183, 213, 184, 1, -1, -0.7853981633974483, 1.4142135623730951
747, 2, 482, 352, 480, 353, 2, -1, -0.4636476090008061, 2.23606797749979
747, 3, 566, 89, 565, 90, 1, -1, -0.7853981633974483, 1.4142135623730951
747, 8, 271, 405, 270, 406, 1, -1, -0.7853981633974483, 1.4142135623730951
747, 9, 293, 354, 292, 355, 1, -1, -0.7853981633974483, 1.4142135623730951
747, 15, 319, 110, 318, 111, 1, -1, -0.7853981633974483, 1.4142135623730951
747, 18, 265, 82, 264, 83, 1, -1, -0.7853981633974483, 1.4142135623730951
747, 23, 605, 85, 603, 86, 2, -1, -0.4636476090008061, 2.23606797749979
747, 25, 497, 131, 495, 130, 2, 1, 0.4636476090008061, 2.23606797749979
747, 27, 243, 405, 242, 406, 1, -1, -0.7853981633974483, 1.4142135623730951
747, 28, 525, 112, 521, 110, 4, 2, 0.4636476090008061, 4.47213595499958
747, 33, 489, 103, 487, 103, 2, 0, 0.0, 2.0
747, 46, 369, 406, 367, 406, 2, 0, 0.0, 2.0
747, 48, 223, 81, 222, 82, 1, -1, -0.7853981633974483, 1.4142135623730951
747, 54, 51, 300, 50, 301, 1, -1, -0.7853981633974483, 1.4142135623730951
747, 55, 174, 115, 173, 116, 1, -1, -0.7853981633974483, 1.4142135623730951
747, 57, 289, 346, 288, 347, 1, -1, -0.7853981633974483, 1.4142135623730951
747, 58, 326, 70, 325, 71, 1, -1, -0.7853981633974483, 1.4142135623730951
747, 61, 263, 91, 262, 92, 1, -1, -0.7853981633974483, 1.4142135623730951
747, 62, 215, 182, 214, 183, 1, -1, -0.7853981633974483, 1.4142135623730951
748, 0, 188, 66, 187, 67, 1, -1, -0.7853981633974483, 1.4142135623730951
748, 2, 483, 351, 482, 352, 1, -1, -0.7853981633974483, 1.4142135623730951
748, 3, 567, 88, 566, 89, 1, -1, -0.7853981633974483, 1.4142135623730951
748, 4, 532, 68, 530, 69, 2, -1, -0.4636476090008061, 2.23606797749979
748, 8, 272, 404, 271, 405, 1, -1, -0.7853981633974483, 1.4142135623730951
748, 9, 294, 353, 293, 354, 1, -1, -0.7853981633974483, 1.4142135623730951
748, 13, 411, 354, 410, 355, 1, -1, -0.7853981633974483, 1.4142135623730951
748, 23, 608, 84, 605, 85, 3, -1, -0.3217505543966422, 3.1622776601683795
748, 25, 499, 132, 497, 131, 2, 1, 0.4636476090008061, 2.23606797749979
748, 28, 529, 112, 525, 112, 4, 0, 0.0, 4.0
748, 32, 405, 347, 404, 348, 1, -1, -0.7853981633974483, 1.4142135623730951
748, 37, 94, 304, 93, 305, 1, -1, -0.7853981633974483, 1.4142135623730951
748, 46, 371, 405, 369, 406, 2, -1, -0.4636476090008061, 2.23606797749979
748, 48, 224, 80, 223, 81, 1, -1, -0.7853981633974483, 1.4142135623730951
748, 51, 163, 319, 162, 320, 1, -1, -0.7853981633974483, 1.4142135623730951
748, 52, 164, 104, 162, 104, 2, 0, 0.0, 2.0
748, 54, 53, 300, 51, 300, 2, 0, 0.0, 2.0
748, 57, 290, 345, 289, 346, 1, -1, -0.7853981633974483, 1.4142135623730951
748, 62, 216, 181, 215, 182, 1, -1, -0.7853981633974483, 1.4142135623730951
749, 0, 189, 65, 188, 66, 1, -1, -0.7853981633974483, 1.4142135623730951
749, 2, 484, 350, 483, 351, 1, -1, -0.7853981633974483, 1.4142135623730951
749, 3, 569, 87, 567, 88, 2, -1, -0.4636476090008061, 2.23606797749979
749, 7, 88, 328, 87, 329, 1, -1, -0.7853981633974483, 1.4142135623730951
749, 8, 273, 403, 272, 404, 1, -1, -0.7853981633974483, 1.4142135623730951
749, 9, 295, 352, 294, 353, 1, -1, -0.7853981633974483, 1.4142135623730951
749, 12, 220, 66, 219, 67, 1, -1, -0.7853981633974483, 1.4142135623730951
749, 13, 413, 353, 411, 354, 2, -1, -0.4636476090008061, 2.23606797749979
749, 14, 287, 72, 286, 73, 1, -1, -0.7853981633974483, 1.4142135623730951
749, 16, 439, 106, 438, 107, 1, -1, -0.7853981633974483, 1.4142135623730951
749, 18, 266, 80, 265, 81, 1, -1, -0.7853981633974483, 1.4142135623730951
749, 23, 608, 81, 608, 84, 0, -3, -1.5707963267948966, 3.0
749, 24, 384, 382, 383, 383, 1, -1, -0.7853981633974483, 1.4142135623730951
749, 28, 533, 112, 529, 112, 4, 0, 0.0, 4.0
749, 30, 304, 129, 302, 129, 2, 0, 0.0, 2.0
749, 32, 407, 346, 405, 347, 2, -1, -0.4636476090008061, 2.23606797749979
749, 33, 492, 103, 490, 103, 2, 0, 0.0, 2.0
749, 35, 406, 402, 405, 403, 1, -1, -0.7853981633974483, 1.4142135623730951
749, 37, 95, 303, 94, 304, 1, -1, -0.7853981633974483, 1.4142135623730951
749, 46, 372, 404, 371, 405, 1, -1, -0.7853981633974483, 1.4142135623730951
749, 48, 225, 79, 224, 80, 1, -1, -0.7853981633974483, 1.4142135623730951
749, 53, 393, 126, 392, 127, 1, -1, -0.7853981633974483, 1.4142135623730951
749, 55, 175, 113, 174, 114, 1, -1, -0.7853981633974483, 1.4142135623730951
749, 57, 292, 344, 290, 345, 2, -1, -0.4636476090008061, 2.23606797749979
749, 59, 213, 110, 212, 111, 1, -1, -0.7853981633974483, 1.4142135623730951
749, 61, 265, 90, 264, 91, 1, -1, -0.7853981633974483, 1.4142135623730951
749, 62, 218, 180, 216, 181, 2, -1, -0.4636476090008061, 2.23606797749979
750, 2, 483, 353, 482, 354, 1, -1, -0.7853981633974483, 1.4142135623730951
750, 4, 191, 68, 190, 69, 1, -1, -0.7853981633974483, 1.4142135623730951
750, 5, 569, 90, 567, 91, 2, -1, -0.4636476090008061, 2.23606797749979
750, 7, 322, 112, 321, 113, 1, -1, -0.7853981633974483, 1.4142135623730951
750, 8, 288, 71, 287, 72, 1, -1, -0.7853981633974483, 1.4142135623730951
750, 10, 269, 90, 268, 91, 1, -1, -0.7853981633974483, 1.4142135623730951
750, 12, 296, 353, 295, 355, 1, -2, -1.1071487177940904, 2.23606797749979
750, 13, 273, 405, 272, 406, 1, -1, -0.7853981633974483, 1.4142135623730951
750, 14, 404, 107, 403, 108, 1, -1, -0.7853981633974483, 1.4142135623730951
750, 21, 244, 406, 243, 407, 1, -1, -0.7853981633974483, 1.4142135623730951
750, 22, 369, 406, 367, 406, 2, 0, 0.0, 2.0
750, 25, 100, 362, 99, 363, 1, -1, -0.7853981633974483, 1.4142135623730951
750, 31, 596, 97, 594, 98, 2, -1, -0.4636476090008061, 2.23606797749979
750, 34, 266, 83, 265, 84, 1, -1, -0.7853981633974483, 1.4142135623730951
750, 37, 415, 354, 413, 355, 2, -1, -0.4636476090008061, 2.23606797749979
750, 39, 292, 346, 291, 347, 1, -1, -0.7853981633974483, 1.4142135623730951
750, 42, 13, 318, 12, 319, 1, -1, -0.7853981633974483, 1.4142135623730951
750, 45, 216, 184, 215, 185, 1, -1, -0.7853981633974483, 1.4142135623730951
750, 46, 405, 403, 404, 404, 1, -1, -0.7853981633974483, 1.4142135623730951
750, 47, 243, 104, 242, 105, 1, -1, -0.7853981633974483, 1.4142135623730951
750, 49, 385, 382, 383, 383, 2, -1, -0.4636476090008061, 2.23606797749979
750, 50, 351, 127, 350, 128, 1, -1, -0.7853981633974483, 1.4142135623730951
751, 2, 484, 352, 483, 353, 1, -1, -0.7853981633974483, 1.4142135623730951
751, 7, 323, 113, 322, 112, 1, 1, 0.7853981633974483, 1.4142135623730951
751, 8, 289, 70, 288, 71, 1, -1, -0.7853981633974483, 1.4142135623730951
751, 10, 270, 89, 269, 90, 1, -1, -0.7853981633974483, 1.4142135623730951
751, 12, 297, 352, 296, 353, 1, -1, -0.7853981633974483, 1.4142135623730951
751, 14, 405, 106, 404, 107, 1, -1, -0.7853981633974483, 1.4142135623730951
751, 20, 331, 71, 330, 72, 1, -1, -0.7853981633974483, 1.4142135623730951
751, 22, 371, 405, 369, 406, 2, -1, -0.4636476090008061, 2.23606797749979
751, 23, 166, 321, 165, 322, 1, -1, -0.7853981633974483, 1.4142135623730951
751, 27, 493, 103, 491, 104, 2, -1, -0.4636476090008061, 2.23606797749979
751, 29, 392, 131, 391, 132, 1, -1, -0.7853981633974483, 1.4142135623730951
751, 31, 598, 96, 596, 97, 2, -1, -0.4636476090008061, 2.23606797749979
751, 34, 268, 82, 266, 83, 2, -1, -0.4636476090008061, 2.23606797749979
751, 35, 306, 130, 305, 131, 1, -1, -0.7853981633974483, 1.4142135623730951
751, 37, 417, 354, 415, 354, 2, 0, 0.0, 2.0
751, 39, 293, 345, 292, 346, 1, -1, -0.7853981633974483, 1.4142135623730951
751, 41, 350, 368, 349, 369, 1, -1, -0.7853981633974483, 1.4142135623730951
751, 44, 531, 77, 530, 78, 1, -1, -0.7853981633974483, 1.4142135623730951
751, 46, 406, 402, 405, 403, 1, -1, -0.7853981633974483, 1.4142135623730951
751, 47, 244, 103, 243, 104, 1, -1, -0.7853981633974483, 1.4142135623730951
751, 49, 386, 381, 385, 382, 1, -1, -0.7853981633974483, 1.4142135623730951
751, 50, 352, 126, 351, 127, 1, -1, -0.7853981633974483, 1.4142135623730951
751, 52, 169, 344, 168, 345, 1, -1, -0.7853981633974483, 1.4142135623730951
752, 2, 486, 351, 484, 352, 2, -1, -0.4636476090008061, 2.23606797749979
752, 5, 572, 90, 570, 90, 2, 0, 0.0, 2.0
752, 7, 324, 112, 323, 113, 1, -1, -0.7853981633974483, 1.4142135623730951
752, 8, 290, 69, 289, 70, 1, -1, -0.7853981633974483, 1.4142135623730951
752, 11, 51, 201, 50, 202, 1, -1, -0.7853981633974483, 1.4142135623730951
752, 12, 299, 351, 297, 352, 2, -1, -0.4636476090008061, 2.23606797749979
752, 14, 406, 105, 405, 106, 1, -1, -0.7853981633974483, 1.4142135623730951
752, 22, 372, 404, 371, 405, 1, -1, -0.7853981633974483, 1.4142135623730951
752, 27, 495, 102, 493, 103, 2, -1, -0.4636476090008061, 2.23606797749979
752, 31, 599, 95, 598, 96, 1, -1, -0.7853981633974483, 1.4142135623730951
752, 36, 420, 353, 417, 354, 3, -1, -0.3217505543966422, 3.1622776601683795
752, 38, 295, 344, 293, 345, 2, -1, -0.4636476090008061, 2.23606797749979
752, 41, 14, 316, 13, 318, 1, -2, -1.1071487177940904, 2.23606797749979
752, 43, 532, 76, 531, 77, 1, -1, -0.7853981633974483, 1.4142135623730951
752, 45, 407, 401, 406, 402, 1, -1, -0.7853981633974483, 1.4142135623730951
752, 46, 245, 102, 244, 103, 1, -1, -0.7853981633974483, 1.4142135623730951
752, 48, 387, 380, 386, 381, 1, -1, -0.7853981633974483, 1.4142135623730951
752, 49, 353, 125, 352, 126, 1, -1, -0.7853981633974483, 1.4142135623730951
753, 2, 487, 350, 486, 351, 1, -1, -0.7853981633974483, 1.4142135623730951
753, 8, 291, 68, 290, 69, 1, -1, -0.7853981633974483, 1.4142135623730951
753, 13, 276, 404, 275, 405, 1, -1, -0.7853981633974483, 1.4142135623730951
753, 20, 333, 70, 332, 71, 1, -1, -0.7853981633974483, 1.4142135623730951
753, 23, 167, 320, 166, 321, 1, -1, -0.7853981633974483, 1.4142135623730951
753, 27, 497, 101, 495, 102, 2, -1, -0.4636476090008061, 2.23606797749979
753, 29, 394, 129, 392, 130, 2, -1, -0.4636476090008061, 2.23606797749979
753, 33, 269, 80, 268, 81, 1, -1, -0.7853981633974483, 1.4142135623730951
753, 34, 307, 129, 306, 130, 1, -1, -0.7853981633974483, 1.4142135623730951
753, 36, 421, 352, 420, 353, 1, -1, -0.7853981633974483, 1.4142135623730951
753, 37, 466, 130, 465, 131, 1, -1, -0.7853981633974483, 1.4142135623730951
753, 38, 296, 343, 295, 344, 1, -1, -0.7853981633974483, 1.4142135623730951
753, 44, 218, 182, 217, 183, 1, -1, -0.7853981633974483, 1.4142135623730951
753, 46, 246, 101, 245, 102, 1, -1, -0.7853981633974483, 1.4142135623730951
753, 48, 389, 379, 387, 380, 2, -1, -0.4636476090008061, 2.23606797749979
754, 1, 413, 101, 411, 102, 2, -1, -0.4636476090008061, 2.23606797749979
754, 3, 143, 170, 142, 171, 1, -1, -0.7853981633974483, 1.4142135623730951
754, 6, 540, 70, 538, 71, 2, -1, -0.4636476090008061, 2.23606797749979
754, 8, 292, 67, 291, 68, 1, -1, -0.7853981633974483, 1.4142135623730951
754, 9, 89, 329, 88, 330, 1, -1, -0.7853981633974483, 1.4142135623730951
754, 10, 272, 86, 271, 88, 1, -2, -1.1071487177940904, 2.23606797749979
754, 12, 301, 350, 300, 351, 1, -1, -0.7853981633974483, 1.4142135623730951
754, 13, 277, 403, 276, 404, 1, -1, -0.7853981633974483, 1.4142135623730951
754, 19, 173, 145, 172, 146, 1, -1, -0.7853981633974483, 1.4142135623730951
754, 20, 334, 69, 333, 70, 1, -1, -0.7853981633974483, 1.4142135623730951
754, 21, 246, 403, 245, 404, 1, -1, -0.7853981633974483, 1.4142135623730951
754, 22, 374, 403, 373, 404, 1, -1, -0.7853981633974483, 1.4142135623730951
754, 24, 177, 113, 176, 114, 1, -1, -0.7853981633974483, 1.4142135623730951
754, 27, 500, 100, 497, 101, 3, -1, -0.3217505543966422, 3.1622776601683795
754, 31, 602, 94, 600, 95, 2, -1, -0.4636476090008061, 2.23606797749979
754, 33, 270, 79, 269, 80, 1, -1, -0.7853981633974483, 1.4142135623730951
754, 34, 308, 128, 307, 129, 1, -1, -0.7853981633974483, 1.4142135623730951
754, 41, 16, 315, 15, 316, 1, -1, -0.7853981633974483, 1.4142135623730951
754, 45, 409, 400, 408, 401, 1, -1, -0.7853981633974483, 1.4142135623730951
754, 46, 247, 100, 246, 101, 1, -1, -0.7853981633974483, 1.4142135623730951
754, 47, 206, 336, 205, 337, 1, -1, -0.7853981633974483, 1.4142135623730951
754, 48, 390, 378, 389, 379, 1, -1, -0.7853981633974483, 1.4142135623730951
754, 49, 356, 125, 354, 125, 2, 0, 0.0, 2.0
755, 1, 414, 101, 412, 102, 2, -1, -0.4636476090008061, 2.23606797749979
755, 2, 574, 90, 572, 91, 2, -1, -0.4636476090008061, 2.23606797749979
755, 4, 489, 352, 487, 353, 2, -1, -0.4636476090008061, 2.23606797749979
755, 6, 54, 201, 53, 202, 1, -1, -0.7853981633974483, 1.4142135623730951
755, 7, 538, 70, 537, 71, 1, -1, -0.7853981633974483, 1.4142135623730951
755, 12, 375, 405, 373, 406, 2, -1, -0.4636476090008061, 2.23606797749979
755, 15, 535, 78, 533, 78, 2, 0, 0.0, 2.0
755, 17, 279, 128, 278, 129, 1, -1, -0.7853981633974483, 1.4142135623730951
755, 18, 611, 86, 609, 86, 2, 0, 0.0, 2.0
755, 20, 16, 317, 15, 318, 1, -1, -0.7853981633974483, 1.4142135623730951
755, 23, 389, 383, 387, 383, 2, 0, 0.0, 2.0
755, 24, 301, 353, 300, 354, 1, -1, -0.7853981633974483, 1.4142135623730951
755, 29, 355, 126, 354, 127, 1, -1, -0.7853981633974483, 1.4142135623730951
755, 31, 530, 104, 527, 105, 3, -1, -0.3217505543966422, 3.1622776601683795
755, 32, 417, 346, 416, 347, 1, -1, -0.7853981633974483, 1.4142135623730951
755, 33, 103, 364, 102, 365, 1, -1, -0.7853981633974483, 1.4142135623730951
755, 35, 179, 115, 178, 116, 1, -1, -0.7853981633974483, 1.4142135623730951
755, 37, 355, 370, 353, 370, 2, 0, 0.0, 2.0
755, 41, 321, 118, 319, 119, 2, -1, -0.4636476090008061, 2.23606797749979
755, 42, 536, 107, 534, 108, 2, -1, -0.4636476090008061, 2.23606797749979
755, 43, 62, 198, 60, 199, 2, -1, -0.4636476090008061, 2.23606797749979
755, 44, 218, 384, 217, 385, 1, -1, -0.7853981633974483, 1.4142135623730951
756, 1, 416, 100, 414, 101, 2, -1, -0.4636476090008061, 2.23606797749979
756, 2, 576, 89, 574, 90, 2, -1, -0.4636476090008061, 2.23606797749979
756, 3, 145, 171, 144, 172, 1, -1, -0.7853981633974483, 1.4142135623730951
756, 4, 491, 352, 489, 352, 2, 0, 0.0, 2.0
756, 5, 328, 115, 326, 115, 2, 0, 0.0, 2.0
756, 7, 540, 69, 538, 70, 2, -1, -0.4636476090008061, 2.23606797749979
756, 8, 192, 66, 191, 67, 1, -1, -0.7853981633974483, 1.4142135623730951
756, 9, 91, 331, 90, 332, 1, -1, -0.7853981633974483, 1.4142135623730951
756, 12, 377, 404, 375, 405, 2, -1, -0.4636476090008061, 2.23606797749979
756, 14, 247, 406, 246, 407, 1, -1, -0.7853981633974483, 1.4142135623730951
756, 15, 536, 77, 535, 78, 1, -1, -0.7853981633974483, 1.4142135623730951
756, 17, 280, 127, 279, 128, 1, -1, -0.7853981633974483, 1.4142135623730951
756, 18, 613, 85, 611, 86, 2, -1, -0.4636476090008061, 2.23606797749979
756, 20, 17, 316, 16, 317, 1, -1, -0.7853981633974483, 1.4142135623730951
756, 23, 390, 382, 389, 383, 1, -1, -0.7853981633974483, 1.4142135623730951
756, 29, 357, 125, 355, 126, 2, -1, -0.4636476090008061, 2.23606797749979
756, 30, 446, 400, 445, 401, 1, -1, -0.7853981633974483, 1.4142135623730951
756, 31, 532, 104, 530, 104, 2, 0, 0.0, 2.0
756, 34, 269, 87, 268, 88, 1, -1, -0.7853981633974483, 1.4142135623730951
756, 35, 180, 114, 179, 115, 1, -1, -0.7853981633974483, 1.4142135623730951
756, 36, 174, 146, 173, 147, 1, -1, -0.7853981633974483, 1.4142135623730951
756, 41, 323, 118, 321, 118, 2, 0, 0.0, 2.0
756, 42, 538, 107, 536, 107, 2, 0, 0.0, 2.0
756, 43, 65, 197, 62, 198, 3, -1, -0.3217505543966422, 3.1622776601683795
757, 1, 418, 100, 416, 100, 2, 0, 0.0, 2.0
757, 3, 146, 170, 145, 171, 1, -1, -0.7853981633974483, 1.4142135623730951
757, 4, 493, 352, 491, 352, 2, 0, 0.0, 2.0
757, 6, 56, 200, 55, 201, 1, -1, -0.7853981633974483, 1.4142135623730951
757, 7, 542, 69, 540, 69, 2, 0, 0.0, 2.0
757, 12, 379, 404, 377, 404, 2, 0, 0.0, 2.0
757, 15, 538, 77, 536, 77, 2, 0, 0.0, 2.0
757, 18, 616, 85, 613, 85, 3, 0, 0.0, 3.0
757, 23, 391, 381, 390, 382, 1, -1, -0.7853981633974483, 1.4142135623730951
757, 24, 303, 352, 302, 353, 1, -1, -0.7853981633974483, 1.4142135623730951
757, 26, 294, 71, 293, 72, 1, -1, -0.7853981633974483, 1.4142135623730951
757, 29, 358, 124, 357, 125, 1, -1, -0.7853981633974483, 1.4142135623730951
757, 31, 534, 103, 532, 104, 2, -1, -0.4636476090008061, 2.23606797749979
757, 32, 419, 345, 418, 346, 1, -1, -0.7853981633974483, 1.4142135623730951
757, 35, 181, 113, 180, 114, 1, -1, -0.7853981633974483, 1.4142135623730951
757, 39, 310, 130, 309, 131, 1, -1, -0.7853981633974483, 1.4142135623730951
757, 41, 325, 118, 323, 118, 2, 0, 0.0, 2.0
757, 42, 540, 106, 538, 107, 2, -1, -0.4636476090008061, 2.23606797749979
757, 43, 68, 196, 65, 197, 3, -1, -0.3217505543966422, 3.1622776601683795
758, 1, 419, 99, 418, 100, 1, -1, -0.7853981633974483, 1.4142135623730951
758, 2, 579, 88, 577, 89, 2, -1, -0.4636476090008061, 2.23606797749979
758, 4, 495, 351, 493, 352, 2, -1, -0.4636476090008061, 2.23606797749979
758, 12, 380, 403, 379, 404, 1, -1, -0.7853981633974483, 1.4142135623730951
758, 15, 539, 76, 538, 77, 1, -1, -0.7853981633974483, 1.4142135623730951
758, 17, 281, 125, 280, 126, 1, -1, -0.7853981633974483, 1.4142135623730951
758, 20, 18, 314, 17, 315, 1, -1, -0.7853981633974483, 1.4142135623730951
758, 23, 393, 380, 391, 381, 2, -1, -0.4636476090008061, 2.23606797749979
758, 25, 120, 321, 119, 322, 1, -1, -0.7853981633974483, 1.4142135623730951
758, 29, 360, 123, 358, 124, 2, -1, -0.4636476090008061, 2.23606797749979
758, 31, 536, 102, 534, 103, 2, -1, -0.4636476090008061, 2.23606797749979
758, 32, 420, 344, 419, 345, 1, -1, -0.7853981633974483, 1.4142135623730951
758, 35, 182, 112, 181, 113, 1, -1, -0.7853981633974483, 1.4142135623730951
758, 42, 542, 105, 540, 106, 2, -1, -0.4636476090008061, 2.23606797749979
758, 43, 70, 195, 68, 196, 2, -1, -0.4636476090008061, 2.23606797749979
759, 1, 420, 98, 419, 99, 1, -1, -0.7853981633974483, 1.4142135623730951
759, 4, 497, 351, 495, 351, 2, 0, 0.0, 2.0
759, 5, 332, 115, 330, 115, 2, 0, 0.0, 2.0
759, 6, 58, 199, 57, 200, 1, -1, -0.7853981633974483, 1.4142135623730951
759, 7, 545, 69, 543, 69, 2, 0, 0.0, 2.0
759, 12, 382, 402, 380, 403, 2, -1, -0.4636476090008061, 2.23606797749979
759, 14, 249, 404, 248, 405, 1, -1, -0.7853981633974483, 1.4142135623730951
759, 17, 282, 124, 281, 125, 1, -1, -0.7853981633974483, 1.4142135623730951
759, 19, 281, 405, 280, 406, 1, -1, -0.7853981633974483, 1.4142135623730951
759, 20, 19, 313, 18, 314, 1, -1, -0.7853981633974483, 1.4142135623730951
759, 23, 395, 379, 393, 380, 2, -1, -0.4636476090008061, 2.23606797749979
759, 29, 362, 122, 360, 123, 2, -1, -0.4636476090008061, 2.23606797749979
759, 30, 449, 399, 448, 400, 1, -1, -0.7853981633974483, 1.4142135623730951
759, 31, 538, 102, 536, 102, 2, 0, 0.0, 2.0
759, 32, 421, 343, 420, 344, 1, -1, -0.7853981633974483, 1.4142135623730951
759, 34, 272, 86, 271, 87, 1, -1, -0.7853981633974483, 1.4142135623730951
759, 39, 311, 128, 310, 129, 1, -1, -0.7853981633974483, 1.4142135623730951
759, 43, 71, 194, 70, 195, 1, -1, -0.7853981633974483, 1.4142135623730951
759, 44, 222, 383, 221, 384, 1, -1, -0.7853981633974483, 1.4142135623730951
760, 0, 147, 171, 145, 172, 2, -1, -0.4636476090008061, 2.23606797749979
760, 1, 246, 171, 245, 173, 1, -2, -1.1071487177940904, 2.23606797749979
760, 2, 420, 103, 417, 102, 3, 1, 0.3217505543966422, 3.1622776601683795
760, 3, 496, 353, 493, 353, 3, 0, 0.0, 3.0
760, 4, 579, 90, 578, 91, 1, -1, -0.7853981633974483, 1.4142135623730951
760, 5, 544, 71, 542, 71, 2, 0, 0.0, 2.0
760, 7, 59, 201, 57, 202, 2, -1, -0.4636476090008061, 2.23606797749979
760, 9, 331, 116, 329, 116, 2, 0, 0.0, 2.0
760, 10, 395, 381, 393, 382, 2, -1, -0.4636476090008061, 2.23606797749979
760, 11, 176, 378, 175, 379, 1, -1, -0.7853981633974483, 1.4142135623730951
760, 17, 305, 353, 304, 354, 1, -1, -0.7853981633974483, 1.4142135623730951
760, 18, 183, 114, 181, 115, 2, -1, -0.4636476090008061, 2.23606797749979
760, 20, 310, 127, 309, 128, 1, -1, -0.7853981633974483, 1.4142135623730951
760, 27, 163, 143, 162, 144, 1, -1, -0.7853981633974483, 1.4142135623730951
760, 28, 69, 161, 68, 162, 1, -1, -0.7853981633974483, 1.4142135623730951
760, 29, 239, 148, 239, 150, 0, -2, -1.5707963267948966, 2.0
760, 31, 218, 179, 217, 180, 1, -1, -0.7853981633974483, 1.4142135623730951
760, 37, 273, 88, 272, 89, 1, -1, -0.7853981633974483, 1.4142135623730951
760, 40, 439, 395, 438, 396, 1, -1, -0.7853981633974483, 1.4142135623730951
760, 42, 362, 125, 360, 126, 2, -1, -0.4636476090008061, 2.23606797749979
760, 46, 414, 398, 412, 399, 2, -1, -0.4636476090008061, 2.23606797749979
760, 48, 502, 103, 501, 104, 1, -1, -0.7853981633974483, 1.4142135623730951
760, 49, 599, 102, 601, 103, -2, -1, -2.677945044588987, 2.23606797749979
760, 52, 403, 126, 401, 127, 2, -1, -0.4636476090008061, 2.23606797749979
760, 53, 537, 75, 535, 75, 2, 0, 0.0, 2.0
760, 56, 360, 370, 358, 370, 2, 0, 0.0, 2.0
760, 59, 509, 131, 508, 132, 1, -1, -0.7853981633974483, 1.4142135623730951
761, 2, 421, 102, 420, 103, 1, -1, -0.7853981633974483, 1.4142135623730951
761, 3, 497, 352, 496, 353, 1, -1, -0.7853981633974483, 1.4142135623730951
761, 7, 60, 200, 59, 201, 1, -1, -0.7853981633974483, 1.4142135623730951
761, 10, 397, 380, 395, 381, 2, -1, -0.4636476090008061, 2.23606797749979
761, 24, 379, 405, 378, 406, 1, -1, -0.7853981633974483, 1.4142135623730951
761, 26, 123, 322, 122, 323, 1, -1, -0.7853981633974483, 1.4142135623730951
761, 27, 164, 142, 163, 143, 1, -1, -0.7853981633974483, 1.4142135623730951
761, 28, 70, 160, 69, 161, 1, -1, -0.7853981633974483, 1.4142135623730951
761, 32, 238, 300, 237, 301, 1, -1, -0.7853981633974483, 1.4142135623730951
761, 33, 20, 315, 19, 317, 1, -2, -1.1071487177940904, 2.23606797749979
761, 40, 441, 394, 439, 395, 2, -1, -0.4636476090008061, 2.23606797749979
761, 41, 451, 401, 450, 402, 1, -1, -0.7853981633974483, 1.4142135623730951
761, 42, 364, 124, 362, 125, 2, -1, -0.4636476090008061, 2.23606797749979
761, 43, 538, 108, 537, 109, 1, -1, -0.7853981633974483, 1.4142135623730951
761, 44, 226, 78, 225, 79, 1, -1, -0.7853981633974483, 1.4142135623730951
761, 46, 416, 397, 414, 398, 2, -1, -0.4636476090008061, 2.23606797749979
761, 48, 504, 103, 502, 103, 2, 0, 0.0, 2.0
761, 50, 239, 92, 238, 93, 1, -1, -0.7853981633974483, 1.4142135623730951
761, 52, 405, 125, 403, 126, 2, -1, -0.4636476090008061, 2.23606797749979
761, 54, 203, 133, 202, 134, 1, -1, -0.7853981633974483, 1.4142135623730951
761, 59, 510, 130, 509, 131, 1, -1, -0.7853981633974483, 1.4142135623730951
761, 60, 222, 384, 221, 385, 1, -1, -0.7853981633974483, 1.4142135623730951
762, 3, 499, 351, 497, 352, 2, -1, -0.4636476090008061, 2.23606797749979
762, 4, 582, 88, 580, 90, 2, -2, -0.7853981633974483, 2.8284271247461903
762, 7, 62, 199, 60, 200, 2, -1, -0.4636476090008061, 2.23606797749979
762, 9, 334, 116, 332, 116, 2, 0, 0.0, 2.0
762, 10, 398, 379, 397, 380, 1, -1, -0.7853981633974483, 1.4142135623730951
762, 11, 177, 377, 176, 378, 1, -1, -0.7853981633974483, 1.4142135623730951
762, 18, 184, 112, 183, 113, 1, -1, -0.7853981633974483, 1.4142135623730951
762, 20, 311, 126, 310, 127, 1, -1, -0.7853981633974483, 1.4142135623730951
762, 21, 27, 376, 26, 377, 1, -1, -0.7853981633974483, 1.4142135623730951
762, 24, 380, 404, 379, 405, 1, -1, -0.7853981633974483, 1.4142135623730951
762, 28, 71, 159, 70, 160, 1, -1, -0.7853981633974483, 1.4142135623730951
762, 31, 219, 177, 218, 178, 1, -1, -0.7853981633974483, 1.4142135623730951
762, 34, 195, 79, 194, 80, 1, -1, -0.7853981633974483, 1.4142135623730951
762, 37, 275, 87, 274, 88, 1, -1, -0.7853981633974483, 1.4142135623730951
762, 38, 304, 344, 303, 345, 1, -1, -0.7853981633974483, 1.4142135623730951
762, 39, 180, 173, 179, 174, 1, -1, -0.7853981633974483, 1.4142135623730951
762, 40, 443, 393, 441, 394, 2, -1, -0.4636476090008061, 2.23606797749979
762, 41, 452, 400, 451, 401, 1, -1, -0.7853981633974483, 1.4142135623730951
762, 42, 366, 123, 364, 124, 2, -1, -0.4636476090008061, 2.23606797749979
762, 43, 540, 108, 538, 108, 2, 0, 0.0, 2.0
762, 44, 227, 77, 226, 78, 1, -1, -0.7853981633974483, 1.4142135623730951
762, 45, 275, 80, 274, 81, 1, -1, -0.7853981633974483, 1.4142135623730951
762, 46, 418, 396, 416, 397, 2, -1, -0.4636476090008061, 2.23606797749979
762, 50, 240, 91, 239, 92, 1, -1, -0.7853981633974483, 1.4142135623730951
762, 52, 407, 124, 405, 125, 2, -1, -0.4636476090008061, 2.23606797749979
762, 53, 539, 74, 538, 75, 1, -1, -0.7853981633974483, 1.4142135623730951
762, 54, 204, 132, 203, 133, 1, -1, -0.7853981633974483, 1.4142135623730951
762, 55, 176, 143, 175, 144, 1, -1, -0.7853981633974483, 1.4142135623730951
762, 59, 512, 129, 510, 130, 2, -1, -0.4636476090008061, 2.23606797749979
763, 3, 501, 350, 499, 351, 2, -1, -0.4636476090008061, 2.23606797749979
763, 4, 585, 87, 582, 88, 3, -1, -0.3217505543966422, 3.1622776601683795
763, 5, 547, 70, 546, 71, 1, -1, -0.7853981633974483, 1.4142135623730951
763, 18, 185, 111, 184, 112, 1, -1, -0.7853981633974483, 1.4142135623730951
763, 22, 284, 406, 283, 407, 1, -1, -0.7853981633974483, 1.4142135623730951
763, 24, 382, 403, 380, 404, 2, -1, -0.4636476090008061, 2.23606797749979
763, 26, 124, 321, 123, 322, 1, -1, -0.7853981633974483, 1.4142135623730951
763, 35, 427, 354, 425, 354, 2, 0, 0.0, 2.0
763, 37, 305, 343, 304, 344, 1, -1, -0.7853981633974483, 1.4142135623730951
763, 39, 444, 392, 443, 393, 1, -1, -0.7853981633974483, 1.4142135623730951
763, 40, 453, 399, 452, 400, 1, -1, -0.7853981633974483, 1.4142135623730951
763, 41, 368, 122, 366, 123, 2, -1, -0.4636476090008061, 2.23606797749979
763, 42, 542, 109, 540, 108, 2, 1, 0.4636476090008061, 2.23606797749979
763, 45, 420, 395, 418, 396, 2, -1, -0.4636476090008061, 2.23606797749979
763, 47, 507, 103, 505, 103, 2, 0, 0.0, 2.0
763, 48, 602, 104, 599, 102, 3, 2, 0.5880026035475675, 3.605551275463989
763, 49, 241, 90, 240, 91, 1, -1, -0.7853981633974483, 1.4142135623730951
763, 51, 409, 123, 407, 124, 2, -1, -0.4636476090008061, 2.23606797749979
763, 52, 540, 73, 539, 74, 1, -1, -0.7853981633974483, 1.4142135623730951
763, 53, 205, 131, 204, 132, 1, -1, -0.7853981633974483, 1.4142135623730951
763, 58, 514, 129, 512, 129, 2, 0, 0.0, 2.0
764, 3, 502, 349, 501, 350, 1, -1, -0.7853981633974483, 1.4142135623730951
764, 4, 587, 86, 585, 87, 2, -1, -0.4636476090008061, 2.23606797749979
764, 7, 64, 198, 63, 199, 1, -1, -0.7853981633974483, 1.4142135623730951
764, 10, 400, 378, 399, 379, 1, -1, -0.7853981633974483, 1.4142135623730951
764, 15, 252, 405, 251, 406, 1, -1, -0.7853981633974483, 1.4142135623730951
764, 20, 313, 125, 312, 126, 1, -1, -0.7853981633974483, 1.4142135623730951
764, 22, 285, 405, 284, 406, 1, -1, -0.7853981633974483, 1.4142135623730951
764, 23, 119, 405, 118, 406, 1, -1, -0.7853981633974483, 1.4142135623730951
764, 24, 383, 402, 382, 403, 1, -1, -0.7853981633974483, 1.4142135623730951
764, 37, 306, 342, 305, 343, 1, -1, -0.7853981633974483, 1.4142135623730951
764, 39, 447, 391, 444, 392, 3, -1, -0.3217505543966422, 3.1622776601683795
764, 40, 454, 398, 453, 399, 1, -1, -0.7853981633974483, 1.4142135623730951
764, 41, 370, 122, 368, 122, 2, 0, 0.0, 2.0
764, 42, 544, 109, 542, 109, 2, 0, 0.0, 2.0
764, 45, 422, 394, 420, 395, 2, -1, -0.4636476090008061, 2.23606797749979
764, 47, 509, 103, 507, 103, 2, 0, 0.0, 2.0
764, 48, 605, 103, 602, 104, 3, -1, -0.3217505543966422, 3.1622776601683795
764, 51, 411, 123, 409, 123, 2, 0, 0.0, 2.0
764, 55, 365, 370, 363, 370, 2, 0, 0.0, 2.0
764, 57, 621, 88, 619, 89, 2, -1, -0.4636476090008061, 2.23606797749979
764, 58, 516, 130, 514, 129, 2, 1, 0.4636476090008061, 2.23606797749979
765, 1, 499, 350, 498, 352, 1, -2, -1.1071487177940904, 2.23606797749979
765, 2, 548, 71, 547, 72, 1, -1, -0.7853981633974483, 1.4142135623730951
765, 3, 423, 102, 422, 103, 1, -1, -0.7853981633974483, 1.4142135623730951
765, 5, 584, 89, 583, 91, 1, -2, -1.1071487177940904, 2.23606797749979
765, 6, 336, 117, 334, 117, 2, 0, 0.0, 2.0
765, 11, 399, 379, 398, 380, 1, -1, -0.7853981633974483, 1.4142135623730951
765, 21, 545, 112, 543, 113, 2, -1, -0.4636476090008061, 2.23606797749979
765, 24, 422, 398, 420, 399, 2, -1, -0.4636476090008061, 2.23606797749979
765, 25, 276, 87, 275, 88, 1, -1, -0.7853981633974483, 1.4142135623730951
765, 27, 508, 104, 506, 104, 2, 0, 0.0, 2.0
765, 29, 427, 345, 425, 346, 2, -1, -0.4636476090008061, 2.23606797749979
765, 32, 125, 322, 124, 323, 1, -1, -0.7853981633974483, 1.4142135623730951
765, 33, 286, 406, 285, 407, 1, -1, -0.7853981633974483, 1.4142135623730951
765, 34, 385, 404, 383, 405, 2, -1, -0.4636476090008061, 2.23606797749979
765, 35, 363, 370, 362, 371, 1, -1, -0.7853981633974483, 1.4142135623730951
765, 38, 299, 70, 298, 71, 1, -1, -0.7853981633974483, 1.4142135623730951
765, 39, 345, 73, 344, 74, 1, -1, -0.7853981633974483, 1.4142135623730951
765, 41, 186, 114, 185, 115, 1, -1, -0.7853981633974483, 1.4142135623730951
765, 43, 359, 349, 357, 350, 2, -1, -0.4636476090008061, 2.23606797749979
765, 48, 611, 104, 608, 104, 3, 0, 0.0, 3.0
765, 50, 428, 355, 426, 355, 2, 0, 0.0, 2.0
765, 51, 72, 319, 71, 320, 1, -1, -0.7853981633974483, 1.4142135623730951
765, 52, 257, 74, 256, 75, 1, -1, -0.7853981633974483, 1.4142135623730951
765, 55, 492, 346, 490, 345, 2, 1, 0.4636476090008061, 2.23606797749979
765, 63, 389, 346, 387, 347, 2, -1, -0.4636476090008061, 2.23606797749979
765, 65, 624, 88, 621, 89, 3, -1, -0.3217505543966422, 3.1622776601683795
766, 5, 586, 88, 584, 89, 2, -1, -0.4636476090008061, 2.23606797749979
766, 11, 400, 378, 399, 379, 1, -1, -0.7853981633974483, 1.4142135623730951
766, 21, 547, 111, 545, 112, 2, -1, -0.4636476090008061, 2.23606797749979
766, 23, 314, 125, 313, 126, 1, -1, -0.7853981633974483, 1.4142135623730951
766, 24, 423, 397, 422, 398, 1, -1, -0.7853981633974483, 1.4142135623730951
766, 25, 277, 86, 276, 87, 1, -1, -0.7853981633974483, 1.4142135623730951
766, 27, 511, 104, 508, 104, 3, 0, 0.0, 3.0
766, 29, 428, 344, 427, 345, 1, -1, -0.7853981633974483, 1.4142135623730951
766, 31, 517, 133, 515, 133, 2, 0, 0.0, 2.0
766, 33, 287, 405, 286, 406, 1, -1, -0.7853981633974483, 1.4142135623730951
766, 34, 387, 404, 385, 404, 2, 0, 0.0, 2.0
766, 39, 347, 72, 345, 73, 2, -1, -0.4636476090008061, 2.23606797749979
766, 40, 24, 315, 22, 316, 2, -1, -0.4636476090008061, 2.23606797749979
766, 43, 361, 349, 359, 349, 2, 0, 0.0, 2.0
766, 48, 614, 103, 611, 104, 3, -1, -0.3217505543966422, 3.1622776601683795
766, 49, 182, 173, 181, 174, 1, -1, -0.7853981633974483, 1.4142135623730951
766, 50, 430, 355, 428, 355, 2, 0, 0.0, 2.0
766, 51, 73, 318, 72, 319, 1, -1, -0.7853981633974483, 1.4142135623730951
766, 54, 226, 177, 225, 178, 1, -1, -0.7853981633974483, 1.4142135623730951
766, 55, 493, 345, 492, 346, 1, -1, -0.7853981633974483, 1.4142135623730951
766, 58, 408, 126, 407, 127, 1, -1, -0.7853981633974483, 1.4142135623730951
766, 59, 223, 108, 222, 109, 1, -1, -0.7853981633974483, 1.4142135623730951
766, 60, 305, 345, 304, 346, 1, -1, -0.7853981633974483, 1.4142135623730951
766, 63, 391, 346, 389, 346, 2, 0, 0.0, 2.0
766, 64, 481, 376, 480, 377, 1, -1, -0.7853981633974483, 1.4142135623730951
766, 65, 626, 87, 624, 88, 2, -1, -0.4636476090008061, 2.23606797749979
766, 66, 602, 132, 601, 133, 1, -1, -0.7853981633974483, 1.4142135623730951
767, 1, 500, 349, 499, 350, 1, -1, -0.7853981633974483, 1.4142135623730951
767, 3, 426, 101, 424, 102, 2, -1, -0.4636476090008061, 2.23606797749979
767, 5, 588, 88, 586, 88, 2, 0, 0.0, 2.0
767, 6, 339, 117, 337, 117, 2, 0, 0.0, 2.0
767, 7, 225, 68, 224, 69, 1, -1, -0.7853981633974483, 1.4142135623730951
767, 10, 196, 71, 195, 72, 1, -1, -0.7853981633974483, 1.4142135623730951
767, 11, 402, 377, 400, 378, 2, -1, -0.4636476090008061, 2.23606797749979
767, 21, 550, 111, 547, 111, 3, 0, 0.0, 3.0
767, 23, 315, 124, 314, 125, 1, -1, -0.7853981633974483, 1.4142135623730951
767, 25, 278, 85, 277, 86, 1, -1, -0.7853981633974483, 1.4142135623730951
767, 27, 513, 104, 511, 104, 2, 0, 0.0, 2.0
767, 29, 430, 344, 428, 344, 2, 0, 0.0, 2.0
767, 33, 288, 404, 287, 405, 1, -1, -0.7853981633974483, 1.4142135623730951
767, 34, 389, 403, 387, 404, 2, -1, -0.4636476090008061, 2.23606797749979
767, 40, 25, 314, 24, 315, 1, -1, -0.7853981633974483, 1.4142135623730951
767, 41, 187, 112, 186, 113, 1, -1, -0.7853981633974483, 1.4142135623730951
767, 44, 287, 126, 286, 127, 1, -1, -0.7853981633974483, 1.4142135623730951
767, 46, 465, 101, 463, 102, 2, -1, -0.4636476090008061, 2.23606797749979
767, 48, 616, 103, 614, 103, 2, 0, 0.0, 2.0
767, 49, 183, 172, 182, 173, 1, -1, -0.7853981633974483, 1.4142135623730951
767, 50, 432, 355, 430, 355, 2, 0, 0.0, 2.0
767, 55, 494, 344, 493, 345, 1, -1, -0.7853981633974483, 1.4142135623730951
767, 56, 200, 81, 199, 82, 1, -1, -0.7853981633974483, 1.4142135623730951
767, 59, 224, 107, 223, 108, 1, -1, -0.7853981633974483, 1.4142135623730951
767, 61, 457, 404, 455, 404, 2, 0, 0.0, 2.0
767, 64, 482, 375, 481, 376, 1, -1, -0.7853981633974483, 1.4142135623730951
767, 65, 628, 84, 626, 87, 2, -3, -0.982793723247329, 3.605551275463989
768, 0, 151, 169, 150, 170, 1, -1, -0.7853981633974483, 1.4142135623730951
768, 1, 502, 348, 500, 349, 2, -1, -0.4636476090008061, 2.23606797749979
768, 2, 551, 70, 550, 71, 1, -1, -0.7853981633974483, 1.4142135623730951
768, 3, 428, 100, 426, 101, 2, -1, -0.4636476090008061, 2.23606797749979
768, 19, 552, 111, 550, 111, 2, 0, 0.0, 2.0
768, 22, 425, 395, 424, 397, 1, -2, -1.1071487177940904, 2.23606797749979
768, 23, 279, 84, 278, 85, 1, -1, -0.7853981633974483, 1.4142135623730951
768, 25, 514, 105, 513, 104, 1, 1, 0.7853981633974483, 1.4142135623730951
768, 27, 432, 344, 430, 344, 2, 0, 0.0, 2.0
768, 38, 26, 313, 25, 314, 1, -1, -0.7853981633974483, 1.4142135623730951
768, 39, 188, 110, 187, 112, 1, -2, -1.1071487177940904, 2.23606797749979
768, 41, 364, 349, 362, 349, 2, 0, 0.0, 2.0
768, 44, 467, 100, 465, 101, 2, -1, -0.4636476090008061, 2.23606797749979
768, 53, 496, 343, 494, 344, 2, -1, -0.4636476090008061, 2.23606797749979
768, 54, 201, 80, 200, 81, 1, -1, -0.7853981633974483, 1.4142135623730951
768, 56, 410, 125, 409, 126, 1, -1, -0.7853981633974483, 1.4142135623730951
768, 57, 225, 106, 224, 107, 1, -1, -0.7853981633974483, 1.4142135623730951
768, 59, 459, 404, 457, 404, 2, 0, 0.0, 2.0
768, 61, 393, 345, 392, 346, 1, -1, -0.7853981633974483, 1.4142135623730951
768, 62, 484, 375, 482, 375, 2, 0, 0.0, 2.0
768, 64, 604, 131, 603, 132, 1, -1, -0.7853981633974483, 1.4142135623730951
768, 65, 166, 72, 165, 73, 1, -1, -0.7853981633974483, 1.4142135623730951
769, 0, 152, 167, 151, 169, 1, -2, -1.1071487177940904, 2.23606797749979
769, 1, 504, 347, 502, 348, 2, -1, -0.4636476090008061, 2.23606797749979
769, 2, 553, 69, 551, 70, 2, -1, -0.4636476090008061, 2.23606797749979
769, 3, 430, 99, 428, 100, 2, -1, -0.4636476090008061, 2.23606797749979
769, 5, 342, 116, 340, 117, 2, -1, -0.4636476090008061, 2.23606797749979
769, 6, 227, 67, 226, 68, 1, -1, -0.7853981633974483, 1.4142135623730951
769, 9, 404, 376, 403, 377, 1, -1, -0.7853981633974483, 1.4142135623730951
769, 12, 94, 330, 93, 331, 1, -1, -0.7853981633974483, 1.4142135623730951
769, 18, 182, 317, 182, 319, 0, -2, -1.5707963267948966, 2.0
769, 19, 554, 111, 552, 111, 2, 0, 0.0, 2.0
769, 21, 317, 123, 316, 124, 1, -1, -0.7853981633974483, 1.4142135623730951
769, 23, 280, 83, 279, 84, 1, -1, -0.7853981633974483, 1.4142135623730951
769, 25, 515, 104, 514, 105, 1, -1, -0.7853981633974483, 1.4142135623730951
769, 29, 521, 133, 519, 133, 2, 0, 0.0, 2.0
769, 31, 290, 403, 289, 404, 1, -1, -0.7853981633974483, 1.4142135623730951
769, 32, 391, 402, 390, 403, 1, -1, -0.7853981633974483, 1.4142135623730951
769, 33, 367, 369, 366, 370, 1, -1, -0.7853981633974483, 1.4142135623730951
769, 37, 350, 71, 349, 72, 1, -1, -0.7853981633974483, 1.4142135623730951
769, 39, 189, 108, 188, 110, 1, -2, -1.1071487177940904, 2.23606797749979
769, 44, 469, 99, 467, 100, 2, -1, -0.4636476090008061, 2.23606797749979
769, 46, 619, 103, 617, 103, 2, 0, 0.0, 2.0
769, 48, 435, 355, 433, 355, 2, 0, 0.0, 2.0
769, 49, 75, 317, 74, 318, 1, -1, -0.7853981633974483, 1.4142135623730951
769, 53, 499, 341, 496, 343, 3, -2, -0.5880026035475675, 3.605551275463989
769, 57, 226, 105, 225, 106, 1, -1, -0.7853981633974483, 1.4142135623730951
769, 61, 395, 344, 393, 345, 2, -1, -0.4636476090008061, 2.23606797749979
769, 62, 485, 374, 484, 375, 1, -1, -0.7853981633974483, 1.4142135623730951
769, 63, 630, 82, 628, 83, 2, -1, -0.4636476090008061, 2.23606797749979
769, 64, 605, 130, 604, 131, 1, -1, -0.7853981633974483, 1.4142135623730951
770, 1, 554, 71, 552, 72, 2, -1, -0.4636476090008061, 2.23606797749979
770, 2, 505, 351, 503, 351, 2, 0, 0.0, 2.0
770, 5, 430, 101, 428, 102, 2, -1, -0.4636476090008061, 2.23606797749979
770, 6, 590, 90, 588, 90, 2, 0, 0.0, 2.0
770, 8, 67, 201, 66, 202, 1, -1, -0.7853981633974483, 1.4142135623730951
770, 9, 227, 68, 226, 69, 1, -1, -0.7853981633974483, 1.4142135623730951
770, 10, 405, 381, 403, 381, 2, 0, 0.0, 2.0
770, 14, 96, 331, 95, 332, 1, -1, -0.7853981633974483, 1.4142135623730951
770, 16, 189, 111, 188, 113, 1, -2, -1.1071487177940904, 2.23606797749979
770, 18, 312, 354, 311, 355, 1, -1, -0.7853981633974483, 1.4142135623730951
770, 25, 27, 314, 26, 315, 1, -1, -0.7853981633974483, 1.4142135623730951
770, 27, 628, 86, 626, 86, 2, 0, 0.0, 2.0
770, 31, 227, 383, 226, 384, 1, -1, -0.7853981633974483, 1.4142135623730951
770, 32, 460, 404, 458, 404, 2, 0, 0.0, 2.0
770, 34, 320, 129, 319, 130, 1, -1, -0.7853981633974483, 1.4142135623730951
770, 42, 550, 105, 547, 106, 3, -1, -0.3217505543966422, 3.1622776601683795
770, 44, 513, 104, 512, 105, 1, -1, -0.7853981633974483, 1.4142135623730951
770, 45, 241, 84, 240, 85, 1, -1, -0.7853981633974483, 1.4142135623730951
770, 48, 291, 395, 290, 396, 1, -1, -0.7853981633974483, 1.4142135623730951
770, 56, 434, 355, 432, 355, 2, 0, 0.0, 2.0
770, 64, 255, 107, 254, 108, 1, -1, -0.7853981633974483, 1.4142135623730951
770, 67, 94, 341, 92, 341, 2, 0, 0.0, 2.0
770, 68, 372, 126, 370, 127, 2, -1, -0.4636476090008061, 2.23606797749979
770, 69, 619, 101, 617, 101, 2, 0, 0.0, 2.0
770, 71, 506, 111, 506, 113, 0, -2, -1.5707963267948966, 2.0
770, 75, 612, 94, 608, 96, 4, -2, -0.4636476090008061, 4.47213595499958
770, 77, 227, 109, 226, 110, 1, -1, -0.7853981633974483, 1.4142135623730951
770, 78, 479, 132, 478, 133, 1, -1, -0.7853981633974483, 1.4142135623730951
770, 79, 201, 292, 200, 293, 1, -1, -0.7853981633974483, 1.4142135623730951
770, 80, 184, 100, 183, 101, 1, -1, -0.7853981633974483, 1.4142135623730951
770, 82, 380, 72, 379, 73, 1, -1, -0.7853981633974483, 1.4142135623730951
770, 83, 501, 107, 498, 108, 3, -1, -0.3217505543966422, 3.1622776601683795
770, 84, 154, 315, 153, 316, 1, -1, -0.7853981633974483, 1.4142135623730951
771, 1, 556, 70, 554, 71, 2, -1, -0.4636476090008061, 2.23606797749979
771, 2, 508, 350, 505, 351, 3, -1, -0.3217505543966422, 3.1622776601683795
771, 3, 154, 168, 153, 169, 1, -1, -0.7853981633974483, 1.4142135623730951
771, 5, 432, 100, 430, 101, 2, -1, -0.4636476090008061, 2.23606797749979
771, 9, 228, 67, 227, 68, 1, -1, -0.7853981633974483, 1.4142135623730951
771, 16, 190, 110, 189, 111, 1, -1, -0.7853981633974483, 1.4142135623730951
771, 22, 425, 398, 424, 399, 1, -1, -0.7853981633974483, 1.4142135623730951
771, 27, 630, 86, 628, 86, 2, 0, 0.0, 2.0
771, 32, 461, 403, 460, 404, 1, -1, -0.7853981633974483, 1.4142135623730951
771, 33, 467, 349, 465, 349, 2, 0, 0.0, 2.0
771, 34, 321, 128, 320, 129, 1, -1, -0.7853981633974483, 1.4142135623730951
771, 42, 552, 104, 550, 105, 2, -1, -0.4636476090008061, 2.23606797749979
771, 44, 515, 103, 513, 104, 2, -1, -0.4636476090008061, 2.23606797749979
771, 46, 229, 175, 228, 177, 1, -2, -1.1071487177940904, 2.23606797749979
771, 48, 292, 394, 291, 395, 1, -1, -0.7853981633974483, 1.4142135623730951
771, 49, 66, 323, 68, 323, -2, 0, 3.141592653589793, 2.0
771, 56, 436, 354, 434, 355, 2, -1, -0.4636476090008061, 2.23606797749979
771, 58, 8, 141, 7, 140, 1, 1, 0.7853981633974483, 1.4142135623730951
771, 62, 312, 346, 311, 347, 1, -1, -0.7853981633974483, 1.4142135623730951
771, 64, 256, 106, 255, 107, 1, -1, -0.7853981633974483, 1.4142135623730951
771, 69, 621, 100, 619, 101, 2, -1, -0.4636476090008061, 2.23606797749979
771, 73, 54, 399, 55, 401, -1, -2, -2.0344439357957027, 2.23606797749979
771, 75, 614, 93, 612, 94, 2, -1, -0.4636476090008061, 2.23606797749979
771, 77, 228, 108, 227, 109, 1, -1, -0.7853981633974483, 1.4142135623730951
771, 82, 381, 71, 380, 72, 1, -1, -0.7853981633974483, 1.4142135623730951
771, 83, 504, 106, 501, 107, 3, -1, -0.3217505543966422, 3.1622776601683795
772, 1, 558, 69, 556, 70, 2, -1, -0.4636476090008061, 2.23606797749979
772, 2, 511, 349, 508, 350, 3, -1, -0.3217505543966422, 3.1622776601683795
772, 6, 596, 89, 591, 90, 5, -1, -0.19739555984988075, 5.0990195135927845
772, 10, 408, 381, 406, 381, 2, 0, 0.0, 2.0
772, 11, 306, 72, 305, 73, 1, -1, -0.7853981633974483, 1.4142135623730951
772, 15, 261, 407, 259, 408, 2, -1, -0.4636476090008061, 2.23606797749979
772, 18, 314, 353, 313, 354, 1, -1, -0.7853981633974483, 1.4142135623730951
772, 27, 631, 85, 630, 86, 1, -1, -0.7853981633974483, 1.4142135623730951
772, 30, 291, 406, 290, 407, 1, -1, -0.7853981633974483, 1.4142135623730951
772, 32, 462, 402, 461, 403, 1, -1, -0.7853981633974483, 1.4142135623730951
772, 33, 469, 349, 467, 349, 2, 0, 0.0, 2.0
772, 34, 322, 127, 321, 128, 1, -1, -0.7853981633974483, 1.4142135623730951
772, 39, 393, 405, 391, 405, 2, 0, 0.0, 2.0
772, 42, 554, 104, 552, 104, 2, 0, 0.0, 2.0
772, 44, 516, 102, 515, 103, 1, -1, -0.7853981633974483, 1.4142135623730951
772, 48, 294, 393, 292, 394, 2, -1, -0.4636476090008061, 2.23606797749979
772, 49, 290, 124, 289, 125, 1, -1, -0.7853981633974483, 1.4142135623730951
772, 54, 414, 128, 412, 128, 2, 0, 0.0, 2.0
772, 65, 371, 372, 369, 372, 2, 0, 0.0, 2.0
772, 67, 375, 126, 373, 126, 2, 0, 0.0, 2.0
772, 68, 622, 99, 621, 100, 1, -1, -0.7853981633974483, 1.4142135623730951
772, 70, 507, 109, 506, 110, 1, -1, -0.7853981633974483, 1.4142135623730951
772, 74, 617, 92, 614, 93, 3, -1, -0.3217505543966422, 3.1622776601683795
772, 81, 382, 70, 381, 71, 1, -1, -0.7853981633974483, 1.4142135623730951
772, 82, 507, 105, 504, 106, 3, -1, -0.3217505543966422, 3.1622776601683795
773, 1, 559, 68, 558, 69, 1, -1, -0.7853981633974483, 1.4142135623730951
773, 5, 435, 99, 433, 100, 2, -1, -0.4636476090008061, 2.23606797749979
773, 6, 598, 89, 596, 89, 2, 0, 0.0, 2.0
773, 8, 70, 200, 69, 201, 1, -1, -0.7853981633974483, 1.4142135623730951
773, 11, 307, 71, 306, 72, 1, -1, -0.7853981633974483, 1.4142135623730951
773, 18, 315, 352, 314, 353, 1, -1, -0.7853981633974483, 1.4142135623730951
773, 25, 29, 312, 28, 313, 1, -1, -0.7853981633974483, 1.4142135623730951
773, 27, 633, 85, 631, 85, 2, 0, 0.0, 2.0
773, 30, 292, 405, 291, 406, 1, -1, -0.7853981633974483, 1.4142135623730951
773, 32, 463, 401, 462, 402, 1, -1, -0.7853981633974483, 1.4142135623730951
773, 34, 323, 126, 322, 127, 1, -1, -0.7853981633974483, 1.4142135623730951
773, 38, 81, 203, 79, 203, 2, 0, 0.0, 2.0
773, 42, 556, 104, 554, 104, 2, 0, 0.0, 2.0
773, 44, 518, 101, 516, 102, 2, -1, -0.4636476090008061, 2.23606797749979
773, 48, 295, 394, 294, 393, 1, 1, 0.7853981633974483, 1.4142135623730951
773, 54, 416, 128, 414, 128, 2, 0, 0.0, 2.0
773, 55, 438, 353, 437, 354, 1, -1, -0.7853981633974483, 1.4142135623730951
773, 57, 11, 141, 9, 141, 2, 0, 0.0, 2.0
773, 58, 355, 73, 353, 73, 2, 0, 0.0, 2.0
773, 63, 257, 104, 256, 105, 1, -1, -0.7853981633974483, 1.4142135623730951
773, 68, 624, 99, 622, 99, 2, 0, 0.0, 2.0
773, 70, 507, 107, 507, 109, 0, -2, -1.5707963267948966, 2.0
773, 74, 619, 92, 617, 92, 2, 0, 0.0, 2.0
773, 80, 117, 146, 116, 147, 1, -1, -0.7853981633974483, 1.4142135623730951
773, 81, 383, 69, 382, 70, 1, -1, -0.7853981633974483, 1.4142135623730951
774, 1, 560, 67, 559, 68, 1, -1, -0.7853981633974483, 1.4142135623730951
774, 2, 513, 348, 512, 349, 1, -1, -0.7853981633974483, 1.4142135623730951
774, 6, 599, 88, 598, 89, 1, -1, -0.7853981633974483, 1.4142135623730951
774, 8, 71, 199, 70, 200, 1, -1, -0.7853981633974483, 1.4142135623730951
774, 10, 410, 380, 409, 381, 1, -1, -0.7853981633974483, 1.4142135623730951
774, 11, 308, 70, 307, 71, 1, -1, -0.7853981633974483, 1.4142135623730951
774, 13, 126, 405, 122, 407, 4, -2, -0.4636476090008061, 4.47213595499958
774, 15, 262, 405, 261, 406, 1, -1, -0.7853981633974483, 1.4142135623730951
774, 16, 191, 107, 190, 108, 1, -1, -0.7853981633974483, 1.4142135623730951
774, 20, 184, 316, 183, 315, 1, 1, 0.7853981633974483, 1.4142135623730951
774, 22, 431, 398, 427, 398, 4, 0, 0.0, 4.0
774, 27, 635, 86, 633, 85, 2, 1, 0.4636476090008061, 2.23606797749979
774, 30, 293, 404, 292, 405, 1, -1, -0.7853981633974483, 1.4142135623730951
774, 31, 229, 381, 228, 382, 1, -1, -0.7853981633974483, 1.4142135623730951
774, 32, 464, 400, 463, 401, 1, -1, -0.7853981633974483, 1.4142135623730951
774, 33, 472, 348, 470, 349, 2, -1, -0.4636476090008061, 2.23606797749979
774, 35, 137, 144, 134, 146, 3, -2, -0.5880026035475675, 3.605551275463989
774, 39, 395, 404, 394, 405, 1, -1, -0.7853981633974483, 1.4142135623730951
774, 42, 558, 104, 556, 104, 2, 0, 0.0, 2.0
774, 44, 520, 100, 518, 101, 2, -1, -0.4636476090008061, 2.23606797749979
774, 45, 242, 79, 241, 81, 1, -2, -1.1071487177940904, 2.23606797749979
774, 48, 298, 393, 295, 394, 3, -1, -0.3217505543966422, 3.1622776601683795
774, 56, 22, 151, 18, 152, 4, -1, -0.24497866312686414, 4.123105625617661
774, 58, 357, 73, 355, 73, 2, 0, 0.0, 2.0
774, 59, 180, 372, 179, 373, 1, -1, -0.7853981633974483, 1.4142135623730951
774, 64, 73, 92, 70, 93, 3, -1, -0.3217505543966422, 3.1622776601683795
774, 67, 378, 126, 376, 126, 2, 0, 0.0, 2.0
774, 68, 625, 98, 624, 99, 1, -1, -0.7853981633974483, 1.4142135623730951
774, 70, 509, 109, 507, 107, 2, 2, 0.7853981633974483, 2.8284271247461903
774, 72, 55, 396, 54, 397, 1, -1, -0.7853981633974483, 1.4142135623730951
774, 74, 621, 92, 619, 92, 2, 0, 0.0, 2.0
774, 75, 109, 359, 108, 360, 1, -1, -0.7853981633974483, 1.4142135623730951
774, 80, 117, 144, 117, 146, 0, -2, -1.5707963267948966, 2.0
774, 81, 384, 68, 383, 69, 1, -1, -0.7853981633974483, 1.4142135623730951
774, 82, 510, 105, 508, 105, 2, 0, 0.0, 2.0
775, 2, 156, 168, 155, 169, 1, -1, -0.7853981633974483, 1.4142135623730951
775, 3, 510, 349, 509, 350, 1, -1, -0.7853981633974483, 1.4142135623730951
775, 4, 559, 70, 558, 71, 1, -1, -0.7853981633974483, 1.4142135623730951
775, 5, 596, 91, 594, 91, 2, 0, 0.0, 2.0
775, 8, 194, 351, 193, 352, 1, -1, -0.7853981633974483, 1.4142135623730951
775, 10, 73, 203, 71, 203, 2, 0, 0.0, 2.0
775, 11, 317, 354, 316, 355, 1, -1, -0.7853981633974483, 1.4142135623730951
775, 12, 231, 68, 230, 69, 1, -1, -0.7853981633974483, 1.4142135623730951
775, 13, 410, 380, 408, 381, 2, -1, -0.4636476090008061, 2.23606797749979
775, 14, 293, 405, 292, 406, 1, -1, -0.7853981633974483, 1.4142135623730951
775, 15, 307, 72, 306, 73, 1, -1, -0.7853981633974483, 1.4142135623730951
775, 16, 30, 314, 29, 315, 1, -1, -0.7853981633974483, 1.4142135623730951
775, 17, 293, 127, 292, 128, 1, -1, -0.7853981633974483, 1.4142135623730951
775, 19, 321, 125, 320, 126, 1, -1, -0.7853981633974483, 1.4142135623730951
775, 23, 287, 88, 286, 89, 1, -1, -0.7853981633974483, 1.4142135623730951
775, 26, 374, 375, 372, 375, 2, 0, 0.0, 2.0
775, 29, 519, 104, 517, 105, 2, -1, -0.4636476090008061, 2.23606797749979
775, 31, 311, 347, 310, 348, 1, -1, -0.7853981633974483, 1.4142135623730951
775, 32, 192, 110, 191, 111, 1, -1, -0.7853981633974483, 1.4142135623730951
775, 34, 212, 78, 211, 79, 1, -1, -0.7853981633974483, 1.4142135623730951
775, 35, 612, 132, 610, 132, 2, 0, 0.0, 2.0
775, 36, 502, 343, 501, 344, 1, -1, -0.7853981633974483, 1.4142135623730951
775, 38, 230, 377, 229, 378, 1, -1, -0.7853981633974483, 1.4142135623730951
775, 41, 85, 206, 83, 206, 2, 0, 0.0, 2.0
775, 42, 262, 99, 261, 100, 1, -1, -0.7853981633974483, 1.4142135623730951
775, 45, 464, 109, 463, 110, 1, -1, -0.7853981633974483, 1.4142135623730951
775, 47, 72, 300, 71, 301, 1, -1, -0.7853981633974483, 1.4142135623730951
775, 48, 229, 109, 228, 110, 1, -1, -0.7853981633974483, 1.4142135623730951
775, 52, 5, 327, 4, 328, 1, -1, -0.7853981633974483, 1.4142135623730951
775, 53, 13, 141, 12, 142, 1, -1, -0.7853981633974483, 1.4142135623730951
775, 55, 102, 370, 101, 371, 1, -1, -0.7853981633974483, 1.4142135623730951
775, 61, 551, 74, 550, 75, 1, -1, -0.7853981633974483, 1.4142135623730951
775, 64, 469, 350, 467, 351, 2, -1, -0.4636476090008061, 2.23606797749979
775, 71, 557, 395, 556, 394, 1, 1, 0.7853981633974483, 1.4142135623730951
775, 73, 120, 129, 120, 127, 0, 2, 1.5707963267948966, 2.0
775, 76, 273, 128, 270, 128, 3, 0, 0.0, 3.0
775, 80, 206, 294, 205, 295, 1, -1, -0.7853981633974483, 1.4142135623730951
775, 84, 384, 72, 382, 73, 2, -1, -0.4636476090008061, 2.23606797749979
775, 86, 493, 134, 490, 134, 3, 0, 0.0, 3.0
776, 4, 561, 69, 559, 70, 2, -1, -0.4636476090008061, 2.23606797749979
776, 10, 74, 202, 73, 203, 1, -1, -0.7853981633974483, 1.4142135623730951
776, 13, 412, 380, 410, 380, 2, 0, 0.0, 2.0
776, 16, 34, 313, 30, 314, 4, -1, -0.24497866312686414, 4.123105625617661
776, 18, 556, 109, 555, 110, 1, -1, -0.7853981633974483, 1.4142135623730951
776, 20, 261, 407, 260, 408, 1, -1, -0.7853981633974483, 1.4142135623730951
776, 25, 440, 354, 438, 355, 2, -1, -0.4636476090008061, 2.23606797749979
776, 28, 377, 128, 375, 128, 2, 0, 0.0, 2.0
776, 29, 521, 103, 519, 104, 2, -1, -0.4636476090008061, 2.23606797749979
776, 33, 79, 160, 75, 161, 4, -1, -0.24497866312686414, 4.123105625617661
776, 36, 503, 342, 502, 343, 1, -1, -0.7853981633974483, 1.4142135623730951
776, 41, 87, 205, 85, 206, 2, -1, -0.4636476090008061, 2.23606797749979
776, 42, 263, 98, 262, 99, 1, -1, -0.7853981633974483, 1.4142135623730951
776, 43, 29, 128, 27, 128, 2, 0, 0.0, 2.0
776, 47, 74, 299, 72, 300, 2, -1, -0.4636476090008061, 2.23606797749979
776, 49, 634, 90, 633, 89, 1, 1, 0.7853981633974483, 1.4142135623730951
776, 51, 293, 397, 292, 398, 1, -1, -0.7853981633974483, 1.4142135623730951
776, 63, 599, 364, 601, 364, -2, 0, 3.141592653589793, 2.0
776, 64, 471, 349, 469, 350, 2, -1, -0.4636476090008061, 2.23606797749979
776, 72, 245, 300, 244, 299, 1, 1, 0.7853981633974483, 1.4142135623730951
776, 76, 275, 128, 273, 128, 2, 0, 0.0, 2.0
776, 85, 245, 82, 244, 83, 1, -1, -0.7853981633974483, 1.4142135623730951
776, 86, 496, 134, 493, 134, 3, 0, 0.0, 3.0
777, 3, 514, 347, 511, 349, 3, -2, -0.5880026035475675, 3.605551275463989
777, 5, 598, 90, 597, 91, 1, -1, -0.7853981633974483, 1.4142135623730951
777, 7, 202, 68, 201, 69, 1, -1, -0.7853981633974483, 1.4142135623730951
777, 9, 98, 330, 97, 331, 1, -1, -0.7853981633974483, 1.4142135623730951
777, 10, 76, 199, 74, 202, 2, -3, -0.982793723247329, 3.605551275463989
777, 11, 319, 353, 318, 354, 1, -1, -0.7853981633974483, 1.4142135623730951
777, 15, 309, 71, 308, 72, 1, -1, -0.7853981633974483, 1.4142135623730951
777, 17, 296, 125, 294, 127, 2, -2, -0.7853981633974483, 2.8284271247461903
777, 18, 558, 109, 556, 109, 2, 0, 0.0, 2.0
777, 19, 322, 123, 321, 124, 1, -1, -0.7853981633974483, 1.4142135623730951
777, 21, 398, 406, 396, 406, 2, 0, 0.0, 2.0
777, 25, 441, 353, 440, 354, 1, -1, -0.7853981633974483, 1.4142135623730951
777, 26, 377, 375, 375, 375, 2, 0, 0.0, 2.0
777, 27, 131, 323, 129, 324, 2, -1, -0.4636476090008061, 2.23606797749979
777, 28, 379, 126, 377, 128, 2, -2, -0.7853981633974483, 2.8284271247461903
777, 29, 523, 103, 521, 103, 2, 0, 0.0, 2.0
777, 32, 193, 108, 192, 109, 1, -1, -0.7853981633974483, 1.4142135623730951
777, 36, 507, 340, 503, 342, 4, -2, -0.4636476090008061, 4.47213595499958
777, 37, 181, 142, 181, 144, 0, -2, -1.5707963267948966, 2.0
777, 42, 264, 97, 263, 98, 1, -1, -0.7853981633974483, 1.4142135623730951
777, 43, 31, 128, 29, 128, 2, 0, 0.0, 2.0
777, 47, 76, 298, 74, 299, 2, -1, -0.4636476090008061, 2.23606797749979
777, 48, 230, 107, 229, 108, 1, -1, -0.7853981633974483, 1.4142135623730951
777, 50, 432, 347, 431, 348, 1, -1, -0.7853981633974483, 1.4142135623730951
777, 52, 8, 326, 6, 327, 2, -1, -0.4636476090008061, 2.23606797749979
777, 59, 419, 127, 417, 129, 2, -2, -0.7853981633974483, 2.8284271247461903
777, 63, 596, 364, 599, 364, -3, 0, 3.141592653589793, 3.0
777, 64, 472, 348, 471, 349, 1, -1, -0.7853981633974483, 1.4142135623730951
777, 70, 465, 403, 464, 404, 1, -1, -0.7853981633974483, 1.4142135623730951
777, 75, 111, 305, 110, 306, 1, -1, -0.7853981633974483, 1.4142135623730951
777, 76, 277, 128, 275, 128, 2, 0, 0.0, 2.0
777, 84, 386, 71, 385, 72, 1, -1, -0.7853981633974483, 1.4142135623730951
777, 86, 498, 134, 496, 134, 2, 0, 0.0, 2.0
778, 1, 437, 101, 436, 102, 1, -1, -0.7853981633974483, 1.4142135623730951
778, 3, 516, 346, 514, 347, 2, -1, -0.4636476090008061, 2.23606797749979
778, 5, 599, 89, 598, 90, 1, -1, -0.7853981633974483, 1.4142135623730951
778, 11, 320, 352, 319, 353, 1, -1, -0.7853981633974483, 1.4142135623730951
778, 13, 414, 380, 412, 380, 2, 0, 0.0, 2.0
778, 14, 296, 404, 295, 405, 1, -1, -0.7853981633974483, 1.4142135623730951
778, 16, 35, 312, 34, 313, 1, -1, -0.7853981633974483, 1.4142135623730951
778, 18, 560, 110, 558, 109, 2, 1, 0.4636476090008061, 2.23606797749979
778, 20, 263, 406, 262, 407, 1, -1, -0.7853981633974483, 1.4142135623730951
778, 21, 400, 405, 398, 406, 2, -1, -0.4636476090008061, 2.23606797749979
778, 25, 443, 352, 441, 353, 2, -1, -0.4636476090008061, 2.23606797749979
778, 28, 381, 125, 379, 126, 2, -1, -0.4636476090008061, 2.23606797749979
778, 29, 525, 102, 523, 103, 2, -1, -0.4636476090008061, 2.23606797749979
778, 31, 314, 346, 313, 347, 1, -1, -0.7853981633974483, 1.4142135623730951
778, 32, 194, 107, 193, 108, 1, -1, -0.7853981633974483, 1.4142135623730951
778, 36, 511, 338, 507, 340, 4, -2, -0.4636476090008061, 4.47213595499958
778, 40, 86, 203, 86, 205, 0, -2, -1.5707963267948966, 2.0
778, 41, 266, 97, 264, 97, 2, 0, 0.0, 2.0
778, 42, 33, 128, 31, 128, 2, 0, 0.0, 2.0
778, 43, 75, 403, 74, 404, 1, -1, -0.7853981633974483, 1.4142135623730951
778, 46, 78, 297, 76, 298, 2, -1, -0.4636476090008061, 2.23606797749979
778, 53, 35, 374, 34, 375, 1, -1, -0.7853981633974483, 1.4142135623730951
778, 58, 420, 126, 419, 127, 1, -1, -0.7853981633974483, 1.4142135623730951
778, 61, 48, 402, 47, 403, 1, -1, -0.7853981633974483, 1.4142135623730951
778, 62, 594, 364, 596, 364, -2, 0, 3.141592653589793, 2.0
778, 63, 474, 347, 472, 348, 2, -1, -0.4636476090008061, 2.23606797749979
778, 67, 126, 383, 125, 384, 1, -1, -0.7853981633974483, 1.4142135623730951
778, 69, 466, 402, 465, 403, 1, -1, -0.7853981633974483, 1.4142135623730951
778, 78, 185, 374, 184, 375, 1, -1, -0.7853981633974483, 1.4142135623730951
778, 82, 432, 399, 431, 400, 1, -1, -0.7853981633974483, 1.4142135623730951
778, 85, 501, 134, 498, 134, 3, 0, 0.0, 3.0
779, 3, 517, 345, 516, 346, 1, -1, -0.7853981633974483, 1.4142135623730951
779, 5, 602, 87, 599, 89, 3, -2, -0.5880026035475675, 3.605551275463989
779, 10, 78, 198, 77, 199, 1, -1, -0.7853981633974483, 1.4142135623730951
779, 18, 562, 110, 560, 110, 2, 0, 0.0, 2.0
779, 19, 323, 121, 322, 122, 1, -1, -0.7853981633974483, 1.4142135623730951
779, 21, 402, 404, 400, 405, 2, -1, -0.4636476090008061, 2.23606797749979
779, 23, 290, 86, 289, 87, 1, -1, -0.7853981633974483, 1.4142135623730951
779, 25, 445, 352, 443, 352, 2, 0, 0.0, 2.0
779, 31, 316, 345, 314, 346, 2, -1, -0.4636476090008061, 2.23606797749979
779, 32, 195, 106, 194, 107, 1, -1, -0.7853981633974483, 1.4142135623730951
779, 36, 509, 337, 511, 338, -2, -1, -2.677945044588987, 2.23606797749979
779, 42, 35, 128, 33, 128, 2, 0, 0.0, 2.0
779, 45, 20, 149, 19, 150, 1, -1, -0.7853981633974483, 1.4142135623730951
779, 47, 231, 106, 230, 107, 1, -1, -0.7853981633974483, 1.4142135623730951
779, 49, 435, 346, 433, 347, 2, -1, -0.4636476090008061, 2.23606797749979
779, 62, 597, 364, 594, 364, 3, 0, 0.0, 3.0
779, 63, 475, 346, 474, 347, 1, -1, -0.7853981633974483, 1.4142135623730951
779, 69, 468, 401, 466, 402, 2, -1, -0.4636476090008061, 2.23606797749979
779, 75, 280, 128, 278, 128, 2, 0, 0.0, 2.0
779, 82, 433, 398, 432, 399, 1, -1, -0.7853981633974483, 1.4142135623730951
780, 0, 251, 169, 250, 170, 1, -1, -0.7853981633974483, 1.4142135623730951
780, 3, 350, 119, 348, 119, 2, 0, 0.0, 2.0
780, 4, 516, 348, 515, 349, 1, -1, -0.7853981633974483, 1.4142135623730951
780, 5, 204, 68, 203, 69, 1, -1, -0.7853981633974483, 1.4142135623730951
780, 6, 601, 89, 600, 90, 1, -1, -0.7853981633974483, 1.4142135623730951
780, 11, 416, 382, 414, 382, 2, 0, 0.0, 2.0
780, 12, 264, 407, 263, 408, 1, -1, -0.7853981633974483, 1.4142135623730951
780, 15, 321, 354, 319, 355, 2, -1, -0.4636476090008061, 2.23606797749979
780, 20, 327, 124, 324, 125, 3, -1, -0.3217505543966422, 3.1622776601683795
780, 21, 361, 72, 359, 72, 2, 0, 0.0, 2.0
780, 22, 195, 110, 194, 111, 1, -1, -0.7853981633974483, 1.4142135623730951
780, 24, 128, 407, 127, 408, 1, -1, -0.7853981633974483, 1.4142135623730951
780, 25, 562, 113, 560, 113, 2, 0, 0.0, 2.0
780, 29, 530, 131, 529, 132, 1, -1, -0.7853981633974483, 1.4142135623730951
780, 32, 499, 135, 497, 135, 2, 0, 0.0, 2.0
780, 33, 297, 128, 296, 129, 1, -1, -0.7853981633974483, 1.4142135623730951
780, 37, 115, 364, 114, 365, 1, -1, -0.7853981633974483, 1.4142135623730951
780, 39, 227, 172, 227, 174, 0, -2, -1.5707963267948966, 2.0
780, 41, 35, 314, 34, 315, 1, -1, -0.7853981633974483, 1.4142135623730951
780, 46, 436, 403, 435, 404, 1, -1, -0.7853981633974483, 1.4142135623730951
780, 48, 432, 109, 431, 110, 1, -1, -0.7853981633974483, 1.4142135623730951
780, 51, 249, 369, 248, 370, 1, -1, -0.7853981633974483, 1.4142135623730951
780, 53, 380, 132, 378, 132, 2, 0, 0.0, 2.0
780, 55, 317, 347, 315, 348, 2, -1, -0.4636476090008061, 2.23606797749979
780, 56, 573, 100, 571, 101, 2, -1, -0.4636476090008061, 2.23606797749979
780, 58, 9, 327, 8, 328, 1, -1, -0.7853981633974483, 1.4142135623730951
780, 60, 444, 355, 442, 355, 2, 0, 0.0, 2.0
780, 61, 151, 293, 149, 294, 2, -1, -0.4636476090008061, 2.23606797749979
780, 62, 240, 81, 239, 82, 1, -1, -0.7853981633974483, 1.4142135623730951
780, 63, 242, 144, 242, 146, 0, -2, -1.5707963267948966, 2.0
780, 64, 469, 402, 467, 403, 2, -1, -0.4636476090008061, 2.23606797749979
780, 65, 624, 105, 621, 106, 3, -1, -0.3217505543966422, 3.1622776601683795
781, 4, 518, 347, 516, 348, 2, -1, -0.4636476090008061, 2.23606797749979
781, 6, 604, 87, 601, 89, 3, -2, -0.5880026035475675, 3.605551275463989
781, 11, 418, 382, 416, 382, 2, 0, 0.0, 2.0
781, 13, 313, 72, 312, 73, 1, -1, -0.7853981633974483, 1.4142135623730951
781, 14, 290, 87, 289, 88, 1, -1, -0.7853981633974483, 1.4142135623730951
781, 15, 322, 353, 321, 354, 1, -1, -0.7853981633974483, 1.4142135623730951
781, 16, 402, 405, 400, 406, 2, -1, -0.4636476090008061, 2.23606797749979
781, 18, 41, 151, 40, 152, 1, -1, -0.7853981633974483, 1.4142135623730951
781, 25, 564, 111, 562, 113, 2, -2, -0.7853981633974483, 2.8284271247461903
781, 29, 531, 130, 530, 131, 1, -1, -0.7853981633974483, 1.4142135623730951
781, 31, 558, 78, 557, 79, 1, -1, -0.7853981633974483, 1.4142135623730951
781, 38, 380, 375, 378, 375, 2, 0, 0.0, 2.0
781, 40, 526, 104, 524, 104, 2, 0, 0.0, 2.0
781, 41, 35, 312, 35, 314, 0, -2, -1.5707963267948966, 2.0
781, 43, 266, 99, 265, 100, 1, -1, -0.7853981633974483, 1.4142135623730951
781, 46, 437, 402, 436, 403, 1, -1, -0.7853981633974483, 1.4142135623730951
781, 48, 434, 108, 432, 109, 2, -1, -0.4636476090008061, 2.23606797749979
781, 50, 418, 131, 417, 132, 1, -1, -0.7853981633974483, 1.4142135623730951
781, 53, 381, 131, 380, 132, 1, -1, -0.7853981633974483, 1.4142135623730951
781, 55, 319, 346, 317, 347, 2, -1, -0.4636476090008061, 2.23606797749979
781, 56, 576, 99, 573, 100, 3, -1, -0.3217505543966422, 3.1622776601683795
781, 59, 446, 355, 444, 355, 2, 0, 0.0, 2.0
781, 60, 152, 292, 151, 293, 1, -1, -0.7853981633974483, 1.4142135623730951
781, 61, 241, 80, 240, 81, 1, -1, -0.7853981633974483, 1.4142135623730951
781, 63, 471, 401, 469, 402, 2, -1, -0.4636476090008061, 2.23606797749979
781, 64, 627, 104, 624, 105, 3, -1, -0.3217505543966422, 3.1622776601683795
782, 0, 252, 168, 251, 169, 1, -1, -0.7853981633974483, 1.4142135623730951
782, 1, 441, 103, 439, 103, 2, 0, 0.0, 2.0
782, 4, 519, 346, 518, 347, 1, -1, -0.7853981633974483, 1.4142135623730951
782, 6, 606, 86, 604, 87, 2, -1, -0.4636476090008061, 2.23606797749979
782, 8, 564, 71, 563, 72, 1, -1, -0.7853981633974483, 1.4142135623730951
782, 11, 419, 381, 418, 382, 1, -1, -0.7853981633974483, 1.4142135623730951
782, 13, 314, 71, 313, 72, 1, -1, -0.7853981633974483, 1.4142135623730951
782, 14, 292, 86, 290, 87, 2, -1, -0.4636476090008061, 2.23606797749979
782, 15, 323, 352, 322, 353, 1, -1, -0.7853981633974483, 1.4142135623730951
782, 16, 404, 404, 402, 405, 2, -1, -0.4636476090008061, 2.23606797749979
782, 17, 300, 404, 299, 405, 1, -1, -0.7853981633974483, 1.4142135623730951
782, 25, 566, 110, 564, 111, 2, -1, -0.4636476090008061, 2.23606797749979
782, 27, 246, 302, 245, 303, 1, -1, -0.7853981633974483, 1.4142135623730951
782, 29, 533, 131, 531, 130, 2, 1, 0.4636476090008061, 2.23606797749979
782, 31, 560, 77, 558, 78, 2, -1, -0.4636476090008061, 2.23606797749979
782, 34, 287, 353, 286, 354, 1, -1, -0.7853981633974483, 1.4142135623730951
782, 38, 382, 374, 380, 375, 2, -1, -0.4636476090008061, 2.23606797749979
782, 42, 342, 121, 341, 122, 1, -1, -0.7853981633974483, 1.4142135623730951
782, 43, 267, 98, 266, 99, 1, -1, -0.7853981633974483, 1.4142135623730951
782, 46, 438, 401, 437, 402, 1, -1, -0.7853981633974483, 1.4142135623730951
782, 48, 435, 107, 434, 108, 1, -1, -0.7853981633974483, 1.4142135623730951
782, 49, 132, 323, 131, 324, 1, -1, -0.7853981633974483, 1.4142135623730951
782, 53, 383, 130, 381, 131, 2, -1, -0.4636476090008061, 2.23606797749979
782, 55, 321, 345, 319, 346, 2, -1, -0.4636476090008061, 2.23606797749979
782, 56, 578, 98, 576, 99, 2, -1, -0.4636476090008061, 2.23606797749979
782, 59, 448, 354, 446, 355, 2, -1, -0.4636476090008061, 2.23606797749979
782, 62, 473, 401, 471, 401, 2, 0, 0.0, 2.0
782, 63, 630, 103, 627, 104, 3, -1, -0.3217505543966422, 3.1622776601683795
783, 1, 442, 102, 441, 103, 1, -1, -0.7853981633974483, 1.4142135623730951
783, 2, 161, 167, 160, 168, 1, -1, -0.7853981633974483, 1.4142135623730951
783, 4, 520, 345, 519, 346, 1, -1, -0.7853981633974483, 1.4142135623730951
783, 5, 205, 63, 204, 66, 1, -3, -1.2490457723982544, 3.1622776601683795
783, 6, 608, 86, 606, 86, 2, 0, 0.0, 2.0
783, 8, 566, 70, 564, 71, 2, -1, -0.4636476090008061, 2.23606797749979
783, 11, 420, 380, 419, 381, 1, -1, -0.7853981633974483, 1.4142135623730951
783, 12, 266, 405, 265, 406, 1, -1, -0.7853981633974483, 1.4142135623730951
783, 13, 315, 70, 314, 71, 1, -1, -0.7853981633974483, 1.4142135623730951
783, 14, 293, 84, 292, 86, 1, -2, -1.1071487177940904, 2.23606797749979
783, 15, 324, 349, 323, 352, 1, -3, -1.2490457723982544, 3.1622776601683795
783, 16, 405, 403, 404, 404, 1, -1, -0.7853981633974483, 1.4142135623730951
783, 17, 301, 403, 300, 404, 1, -1, -0.7853981633974483, 1.4142135623730951
783, 22, 197, 108, 196, 109, 1, -1, -0.7853981633974483, 1.4142135623730951
783, 23, 177, 324, 177, 326, 0, -2, -1.5707963267948966, 2.0
783, 25, 567, 109, 566, 110, 1, -1, -0.7853981633974483, 1.4142135623730951
783, 28, 535, 132, 533, 131, 2, 1, 0.4636476090008061, 2.23606797749979
783, 29, 561, 76, 560, 77, 1, -1, -0.7853981633974483, 1.4142135623730951
783, 36, 384, 374, 382, 374, 2, 0, 0.0, 2.0
783, 38, 529, 104, 527, 104, 2, 0, 0.0, 2.0
783, 40, 345, 120, 342, 121, 3, -1, -0.3217505543966422, 3.1622776601683795
783, 41, 269, 98, 267, 98, 2, 0, 0.0, 2.0
783, 42, 184, 375, 183, 377, 1, -2, -1.1071487177940904, 2.23606797749979
783, 53, 323, 344, 321, 345, 2, -1, -0.4636476090008061, 2.23606797749979
783, 54, 580, 97, 578, 98, 2, -1, -0.4636476090008061, 2.23606797749979
783, 55, 49, 400, 49, 402, 0, -2, -1.5707963267948966, 2.0
783, 56, 10, 324, 9, 325, 1, -1, -0.7853981633974483, 1.4142135623730951
783, 57, 448, 351, 448, 354, 0, -3, -1.5707963267948966, 3.0
783, 60, 475, 400, 473, 401, 2, -1, -0.4636476090008061, 2.23606797749979
783, 61, 631, 102, 630, 103, 1, -1, -0.7853981633974483, 1.4142135623730951
784, 4, 522, 345, 520, 345, 2, 0, 0.0, 2.0
784, 6, 610, 86, 608, 86, 2, 0, 0.0, 2.0
784, 12, 269, 404, 266, 405, 3, -1, -0.3217505543966422, 3.1622776601683795
784, 13, 318, 69, 315, 70, 3, -1, -0.3217505543966422, 3.1622776601683795
784, 16, 407, 402, 405, 403, 2, -1, -0.4636476090008061, 2.23606797749979
784, 17, 302, 402, 301, 403, 1, -1, -0.7853981633974483, 1.4142135623730951
784, 18, 42, 150, 41, 151, 1, -1, -0.7853981633974483, 1.4142135623730951
784, 20, 330, 123, 329, 124, 1, -1, -0.7853981633974483, 1.4142135623730951
784, 21, 365, 71, 364, 72, 1, -1, -0.7853981633974483, 1.4142135623730951
784, 22, 198, 107, 197, 108, 1, -1, -0.7853981633974483, 1.4142135623730951
784, 25, 569, 108, 567, 109, 2, -1, -0.4636476090008061, 2.23606797749979
784, 26, 247, 301, 246, 302, 1, -1, -0.7853981633974483, 1.4142135623730951
784, 28, 537, 133, 535, 132, 2, 1, 0.4636476090008061, 2.23606797749979
784, 29, 563, 75, 561, 76, 2, -1, -0.4636476090008061, 2.23606797749979
784, 31, 301, 127, 300, 128, 1, -1, -0.7853981633974483, 1.4142135623730951
784, 32, 289, 352, 288, 353, 1, -1, -0.7853981633974483, 1.4142135623730951
784, 36, 386, 373, 384, 374, 2, -1, -0.4636476090008061, 2.23606797749979
784, 38, 532, 104, 529, 104, 3, 0, 0.0, 3.0
784, 40, 347, 120, 345, 120, 2, 0, 0.0, 2.0
784, 41, 270, 97, 269, 98, 1, -1, -0.7853981633974483, 1.4142135623730951
784, 44, 440, 400, 439, 401, 1, -1, -0.7853981633974483, 1.4142135623730951
784, 46, 438, 107, 436, 107, 2, 0, 0.0, 2.0
784, 48, 421, 130, 420, 131, 1, -1, -0.7853981633974483, 1.4142135623730951
784, 54, 50, 399, 49, 400, 1, -1, -0.7853981633974483, 1.4142135623730951
784, 59, 477, 398, 475, 400, 2, -2, -0.7853981633974483, 2.8284271247461903
784, 60, 632, 101, 631, 102, 1, -1, -0.7853981633974483, 1.4142135623730951
785, 0, 444, 103, 442, 103, 2, 0, 0.0, 2.0
785, 3, 522, 348, 520, 348, 2, 0, 0.0, 2.0
785, 5, 355, 121, 353, 121, 2, 0, 0.0, 2.0
785, 11, 420, 380, 419, 381, 1, -1, -0.7853981633974483, 1.4142135623730951
785, 15, 243, 85, 243, 87, 0, -2, -1.5707963267948966, 2.0
785, 21, 290, 86, 289, 87, 1, -1, -0.7853981633974483, 1.4142135623730951
785, 23, 269, 407, 268, 408, 1, -1, -0.7853981633974483, 1.4142135623730951
785, 26, 404, 406, 403, 407, 1, -1, -0.7853981633974483, 1.4142135623730951
785, 28, 302, 406, 300, 406, 2, 0, 0.0, 2.0
785, 31, 38, 313, 37, 314, 1, -1, -0.7853981633974483, 1.4142135623730951
785, 33, 187, 378, 186, 379, 1, -1, -0.7853981633974483, 1.4142135623730951
785, 39, 425, 128, 424, 129, 1, -1, -0.7853981633974483, 1.4142135623730951
785, 42, 365, 72, 363, 72, 2, 0, 0.0, 2.0
785, 43, 531, 106, 529, 106, 2, 0, 0.0, 2.0
785, 44, 231, 77, 230, 78, 1, -1, -0.7853981633974483, 1.4142135623730951
785, 48, 463, 395, 462, 396, 1, -1, -0.7853981633974483, 1.4142135623730951
785, 50, 474, 402, 473, 403, 1, -1, -0.7853981633974483, 1.4142135623730951
786, 0, 446, 103, 444, 103, 2, 0, 0.0, 2.0
786, 3, 524, 348, 522, 348, 2, 0, 0.0, 2.0
786, 11, 421, 379, 420, 380, 1, -1, -0.7853981633974483, 1.4142135623730951
786, 12, 318, 72, 317, 73, 1, -1, -0.7853981633974483, 1.4142135623730951
786, 14, 5, 135, 4, 136, 1, -1, -0.7853981633974483, 1.4142135623730951
786, 20, 328, 123, 327, 124, 1, -1, -0.7853981633974483, 1.4142135623730951
786, 21, 291, 85, 290, 86, 1, -1, -0.7853981633974483, 1.4142135623730951
786, 26, 406, 405, 404, 406, 2, -1, -0.4636476090008061, 2.23606797749979
786, 31, 39, 311, 38, 313, 1, -2, -1.1071487177940904, 2.23606797749979
786, 32, 384, 376, 382, 376, 2, 0, 0.0, 2.0
786, 33, 188, 377, 187, 378, 1, -1, -0.7853981633974483, 1.4142135623730951
786, 41, 302, 398, 301, 399, 1, -1, -0.7853981633974483, 1.4142135623730951
786, 42, 366, 71, 365, 72, 1, -1, -0.7853981633974483, 1.4142135623730951
786, 43, 535, 104, 531, 106, 4, -2, -0.4636476090008061, 4.47213595499958
786, 46, 564, 106, 562, 107, 2, -1, -0.4636476090008061, 2.23606797749979
786, 47, 83, 161, 82, 162, 1, -1, -0.7853981633974483, 1.4142135623730951
786, 50, 475, 401, 474, 402, 1, -1, -0.7853981633974483, 1.4142135623730951
787, 0, 447, 102, 446, 103, 1, -1, -0.7853981633974483, 1.4142135623730951
787, 1, 163, 168, 162, 169, 1, -1, -0.7853981633974483, 1.4142135623730951
787, 3, 526, 348, 524, 348, 2, 0, 0.0, 2.0
787, 4, 609, 89, 607, 89, 2, 0, 0.0, 2.0
787, 6, 571, 72, 569, 72, 2, 0, 0.0, 2.0
787, 7, 201, 108, 200, 109, 1, -1, -0.7853981633974483, 1.4142135623730951
787, 11, 423, 378, 421, 379, 2, -1, -0.4636476090008061, 2.23606797749979
787, 12, 320, 71, 318, 72, 2, -1, -0.4636476090008061, 2.23606797749979
787, 20, 329, 122, 328, 123, 1, -1, -0.7853981633974483, 1.4142135623730951
787, 21, 292, 84, 291, 85, 1, -1, -0.7853981633974483, 1.4142135623730951
787, 23, 271, 406, 270, 407, 1, -1, -0.7853981633974483, 1.4142135623730951
787, 26, 408, 404, 406, 405, 2, -1, -0.4636476090008061, 2.23606797749979
787, 40, 303, 397, 302, 398, 1, -1, -0.7853981633974483, 1.4142135623730951
787, 41, 368, 70, 366, 71, 2, -1, -0.4636476090008061, 2.23606797749979
787, 42, 537, 104, 535, 104, 2, 0, 0.0, 2.0
787, 45, 568, 105, 564, 106, 4, -1, -0.24497866312686414, 4.123105625617661
788, 3, 528, 347, 526, 348, 2, -1, -0.4636476090008061, 2.23606797749979
788, 4, 611, 89, 609, 89, 2, 0, 0.0, 2.0
788, 7, 202, 107, 201, 108, 1, -1, -0.7853981633974483, 1.4142135623730951
788, 8, 105, 330, 104, 331, 1, -1, -0.7853981633974483, 1.4142135623730951
788, 10, 84, 201, 83, 202, 1, -1, -0.7853981633974483, 1.4142135623730951
788, 11, 424, 377, 423, 378, 1, -1, -0.7853981633974483, 1.4142135623730951
788, 12, 322, 71, 320, 71, 2, 0, 0.0, 2.0
788, 14, 6, 134, 5, 135, 1, -1, -0.7853981633974483, 1.4142135623730951
788, 18, 537, 137, 536, 136, 1, 1, 0.7853981633974483, 1.4142135623730951
788, 21, 293, 83, 292, 84, 1, -1, -0.7853981633974483, 1.4142135623730951
788, 22, 272, 405, 271, 406, 1, -1, -0.7853981633974483, 1.4142135623730951
788, 25, 410, 403, 408, 404, 2, -1, -0.4636476090008061, 2.23606797749979
788, 31, 189, 376, 188, 377, 1, -1, -0.7853981633974483, 1.4142135623730951
788, 36, 304, 128, 303, 129, 1, -1, -0.7853981633974483, 1.4142135623730951
788, 37, 428, 127, 427, 128, 1, -1, -0.7853981633974483, 1.4142135623730951
788, 41, 539, 104, 537, 104, 2, 0, 0.0, 2.0
788, 44, 571, 105, 568, 105, 3, 0, 0.0, 3.0
788, 46, 466, 394, 465, 395, 1, -1, -0.7853981633974483, 1.4142135623730951
788, 48, 477, 400, 476, 401, 1, -1, -0.7853981633974483, 1.4142135623730951
789, 0, 450, 101, 448, 102, 2, -1, -0.4636476090008061, 2.23606797749979
789, 1, 165, 167, 164, 168, 1, -1, -0.7853981633974483, 1.4142135623730951
789, 3, 530, 346, 528, 347, 2, -1, -0.4636476090008061, 2.23606797749979
789, 4, 612, 88, 611, 89, 1, -1, -0.7853981633974483, 1.4142135623730951
789, 7, 203, 106, 202, 107, 1, -1, -0.7853981633974483, 1.4142135623730951
789, 10, 86, 200, 84, 201, 2, -1, -0.4636476090008061, 2.23606797749979
789, 11, 426, 376, 424, 377, 2, -1, -0.4636476090008061, 2.23606797749979
789, 17, 131, 404, 130, 405, 1, -1, -0.7853981633974483, 1.4142135623730951
789, 22, 273, 404, 272, 405, 1, -1, -0.7853981633974483, 1.4142135623730951
789, 25, 412, 403, 410, 403, 2, 0, 0.0, 2.0
789, 29, 41, 309, 40, 310, 1, -1, -0.7853981633974483, 1.4142135623730951
789, 30, 387, 375, 386, 376, 1, -1, -0.7853981633974483, 1.4142135623730951
789, 34, 388, 131, 387, 132, 1, -1, -0.7853981633974483, 1.4142135623730951
789, 36, 305, 127, 304, 128, 1, -1, -0.7853981633974483, 1.4142135623730951
789, 37, 429, 126, 428, 127, 1, -1, -0.7853981633974483, 1.4142135623730951
789, 41, 541, 104, 539, 104, 2, 0, 0.0, 2.0
789, 44, 573, 105, 571, 105, 2, 0, 0.0, 2.0
789, 45, 84, 158, 83, 159, 1, -1, -0.7853981633974483, 1.4142135623730951
790, 2, 527, 347, 526, 348, 1, -1, -0.7853981633974483, 1.4142135623730951
790, 4, 613, 89, 611, 90, 2, -1, -0.4636476090008061, 2.23606797749979
790, 11, 426, 378, 424, 379, 2, -1, -0.4636476090008061, 2.23606797749979
790, 13, 7, 133, 6, 134, 1, -1, -0.7853981633974483, 1.4142135623730951
790, 14, 274, 406, 273, 407, 1, -1, -0.7853981633974483, 1.4142135623730951
790, 18, 108, 331, 107, 332, 1, -1, -0.7853981633974483, 1.4142135623730951
790, 23, 252, 303, 251, 304, 1, -1, -0.7853981633974483, 1.4142135623730951
790, 25, 443, 345, 440, 346, 3, -1, -0.3217505543966422, 3.1622776601683795
790, 26, 86, 202, 85, 203, 1, -1, -0.7853981633974483, 1.4142135623730951
790, 32, 540, 136, 540, 138, 0, -2, -1.5707963267948966, 2.0
790, 33, 401, 72, 399, 72, 2, 0, 0.0, 2.0
790, 37, 370, 72, 368, 73, 2, -1, -0.4636476090008061, 2.23606797749979
790, 40, 41, 311, 40, 313, 1, -2, -1.1071487177940904, 2.23606797749979
790, 41, 467, 395, 466, 396, 1, -1, -0.7853981633974483, 1.4142135623730951
790, 44, 391, 126, 389, 127, 2, -1, -0.4636476090008061, 2.23606797749979
790, 45, 5, 352, 4, 353, 1, -1, -0.7853981633974483, 1.4142135623730951
790, 46, 518, 340, 517, 341, 1, -1, -0.7853981633974483, 1.4142135623730951
790, 50, 144, 319, 143, 320, 1, -1, -0.7853981633974483, 1.4142135623730951
790, 51, 171, 147, 170, 148, 1, -1, -0.7853981633974483, 1.4142135623730951
790, 52, 476, 107, 474, 107, 2, 0, 0.0, 2.0
790, 53, 407, 406, 406, 407, 1, -1, -0.7853981633974483, 1.4142135623730951
790, 54, 323, 345, 322, 346, 1, -1, -0.7853981633974483, 1.4142135623730951
790, 56, 270, 400, 269, 401, 1, -1, -0.7853981633974483, 1.4142135623730951
790, 59, 386, 373, 385, 374, 1, -1, -0.7853981633974483, 1.4142135623730951
790, 65, 521, 108, 520, 109, 1, -1, -0.7853981633974483, 1.4142135623730951
791, 2, 528, 346, 527, 347, 1, -1, -0.7853981633974483, 1.4142135623730951
791, 11, 428, 377, 426, 378, 2, -1, -0.4636476090008061, 2.23606797749979
791, 12, 190, 376, 189, 377, 1, -1, -0.7853981633974483, 1.4142135623730951
791, 17, 332, 125, 331, 126, 1, -1, -0.7853981633974483, 1.4142135623730951
791, 22, 304, 397, 303, 396, 1, 1, 0.7853981633974483, 1.4142135623730951
791, 25, 446, 344, 443, 345, 3, -1, -0.3217505543966422, 3.1622776601683795
791, 26, 87, 201, 86, 202, 1, -1, -0.7853981633974483, 1.4142135623730951
791, 27, 129, 128, 128, 129, 1, -1, -0.7853981633974483, 1.4142135623730951
791, 32, 541, 135, 540, 136, 1, -1, -0.7853981633974483, 1.4142135623730951
791, 36, 85, 161, 84, 162, 1, -1, -0.7853981633974483, 1.4142135623730951
791, 38, 538, 106, 536, 106, 2, 0, 0.0, 2.0
791, 40, 42, 310, 41, 311, 1, -1, -0.7853981633974483, 1.4142135623730951
791, 42, 480, 400, 479, 401, 1, -1, -0.7853981633974483, 1.4142135623730951
791, 44, 393, 125, 391, 126, 2, -1, -0.4636476090008061, 2.23606797749979
791, 45, 6, 351, 5, 352, 1, -1, -0.7853981633974483, 1.4142135623730951
791, 50, 145, 318, 144, 319, 1, -1, -0.7853981633974483, 1.4142135623730951
791, 52, 478, 107, 476, 107, 2, 0, 0.0, 2.0
791, 54, 324, 344, 323, 345, 1, -1, -0.7853981633974483, 1.4142135623730951
791, 56, 271, 399, 270, 400, 1, -1, -0.7853981633974483, 1.4142135623730951
791, 63, 294, 353, 293, 354, 1, -1, -0.7853981633974483, 1.4142135623730951
791, 64, 385, 349, 384, 350, 1, -1, -0.7853981633974483, 1.4142135623730951
791, 65, 524, 107, 521, 108, 3, -1, -0.3217505543966422, 3.1622776601683795
792, 2, 529, 345, 528, 346, 1, -1, -0.7853981633974483, 1.4142135623730951
792, 7, 202, 104, 201, 105, 1, -1, -0.7853981633974483, 1.4142135623730951
792, 11, 430, 376, 428, 377, 2, -1, -0.4636476090008061, 2.23606797749979
792, 13, 8, 132, 7, 133, 1, -1, -0.7853981633974483, 1.4142135623730951
792, 17, 333, 124, 332, 125, 1, -1, -0.7853981633974483, 1.4142135623730951
792, 24, 296, 86, 295, 87, 1, -1, -0.7853981633974483, 1.4142135623730951
792, 25, 448, 343, 446, 344, 2, -1, -0.4636476090008061, 2.23606797749979
792, 35, 86, 160, 85, 161, 1, -1, -0.7853981633974483, 1.4142135623730951
792, 37, 540, 106, 538, 106, 2, 0, 0.0, 2.0
792, 39, 43, 309, 42, 310, 1, -1, -0.7853981633974483, 1.4142135623730951
792, 40, 470, 394, 468, 395, 2, -1, -0.4636476090008061, 2.23606797749979
792, 43, 394, 124, 393, 125, 1, -1, -0.7853981633974483, 1.4142135623730951
792, 44, 7, 350, 6, 351, 1, -1, -0.7853981633974483, 1.4142135623730951
792, 45, 519, 339, 518, 340, 1, -1, -0.7853981633974483, 1.4142135623730951
792, 46, 136, 322, 135, 323, 1, -1, -0.7853981633974483, 1.4142135623730951
792, 49, 146, 317, 145, 318, 1, -1, -0.7853981633974483, 1.4142135623730951
792, 50, 173, 146, 172, 147, 1, -1, -0.7853981633974483, 1.4142135623730951
792, 51, 479, 106, 478, 107, 1, -1, -0.7853981633974483, 1.4142135623730951
792, 52, 409, 405, 408, 406, 1, -1, -0.7853981633974483, 1.4142135623730951
792, 55, 272, 398, 271, 399, 1, -1, -0.7853981633974483, 1.4142135623730951
792, 56, 144, 357, 143, 358, 1, -1, -0.7853981633974483, 1.4142135623730951
792, 61, 296, 352, 294, 353, 2, -1, -0.4636476090008061, 2.23606797749979
792, 63, 527, 106, 524, 107, 3, -1, -0.3217505543966422, 3.1622776601683795
793, 2, 532, 344, 529, 345, 3, -1, -0.3217505543966422, 3.1622776601683795
793, 4, 617, 88, 615, 89, 2, -1, -0.4636476090008061, 2.23606797749979
793, 11, 432, 376, 430, 376, 2, 0, 0.0, 2.0
793, 24, 297, 85, 296, 86, 1, -1, -0.7853981633974483, 1.4142135623730951
793, 25, 450, 343, 448, 343, 2, 0, 0.0, 2.0
793, 26, 89, 200, 88, 201, 1, -1, -0.7853981633974483, 1.4142135623730951
793, 27, 130, 126, 129, 127, 1, -1, -0.7853981633974483, 1.4142135623730951
793, 29, 44, 158, 43, 157, 1, 1, 0.7853981633974483, 1.4142135623730951
793, 33, 306, 131, 305, 132, 1, -1, -0.7853981633974483, 1.4142135623730951
793, 34, 309, 405, 308, 406, 1, -1, -0.7853981633974483, 1.4142135623730951
793, 36, 374, 71, 372, 72, 2, -1, -0.4636476090008061, 2.23606797749979
793, 37, 542, 105, 540, 106, 2, -1, -0.4636476090008061, 2.23606797749979
793, 40, 472, 393, 470, 394, 2, -1, -0.4636476090008061, 2.23606797749979
793, 43, 396, 123, 394, 124, 2, -1, -0.4636476090008061, 2.23606797749979
793, 45, 521, 339, 519, 339, 2, 0, 0.0, 2.0
793, 49, 147, 316, 146, 317, 1, -1, -0.7853981633974483, 1.4142135623730951
793, 50, 174, 145, 173, 146, 1, -1, -0.7853981633974483, 1.4142135623730951
793, 52, 411, 405, 409, 405, 2, 0, 0.0, 2.0
793, 54, 258, 93, 257, 94, 1, -1, -0.7853981633974483, 1.4142135623730951
793, 55, 274, 397, 272, 398, 2, -1, -0.4636476090008061, 2.23606797749979
793, 56, 146, 356, 144, 357, 2, -1, -0.4636476090008061, 2.23606797749979
793, 61, 297, 351, 296, 352, 1, -1, -0.7853981633974483, 1.4142135623730951
793, 63, 530, 105, 527, 106, 3, -1, -0.3217505543966422, 3.1622776601683795
794, 2, 534, 343, 532, 344, 2, -1, -0.4636476090008061, 2.23606797749979
794, 3, 452, 103, 451, 104, 1, -1, -0.7853981633974483, 1.4142135623730951
794, 4, 619, 87, 617, 88, 2, -1, -0.4636476090008061, 2.23606797749979
794, 7, 200, 103, 202, 103, -2, 0, 3.141592653589793, 2.0
794, 13, 9, 131, 8, 132, 1, -1, -0.7853981633974483, 1.4142135623730951
794, 14, 277, 405, 276, 406, 1, -1, -0.7853981633974483, 1.4142135623730951
794, 22, 307, 396, 305, 397, 2, -1, -0.4636476090008061, 2.23606797749979
794, 24, 298, 84, 297, 85, 1, -1, -0.7853981633974483, 1.4142135623730951
794, 25, 452, 343, 450, 343, 2, 0, 0.0, 2.0
794, 26, 90, 199, 89, 200, 1, -1, -0.7853981633974483, 1.4142135623730951
794, 34, 310, 404, 309, 405, 1, -1, -0.7853981633974483, 1.4142135623730951
794, 35, 87, 158, 86, 159, 1, -1, -0.7853981633974483, 1.4142135623730951
794, 36, 376, 70, 374, 71, 2, -1, -0.4636476090008061, 2.23606797749979
794, 37, 544, 104, 542, 105, 2, -1, -0.4636476090008061, 2.23606797749979
794, 40, 474, 392, 472, 393, 2, -1, -0.4636476090008061, 2.23606797749979
794, 43, 398, 122, 396, 123, 2, -1, -0.4636476090008061, 2.23606797749979
794, 44, 8, 348, 7, 349, 1, -1, -0.7853981633974483, 1.4142135623730951
794, 45, 524, 338, 521, 339, 3, -1, -0.3217505543966422, 3.1622776601683795
794, 47, 240, 387, 239, 388, 1, -1, -0.7853981633974483, 1.4142135623730951
794, 49, 149, 316, 147, 316, 2, 0, 0.0, 2.0
794, 51, 481, 105, 480, 106, 1, -1, -0.7853981633974483, 1.4142135623730951
794, 52, 412, 404, 411, 405, 1, -1, -0.7853981633974483, 1.4142135623730951
794, 53, 327, 343, 326, 344, 1, -1, -0.7853981633974483, 1.4142135623730951
794, 54, 259, 92, 258, 93, 1, -1, -0.7853981633974483, 1.4142135623730951
794, 55, 276, 396, 274, 397, 2, -1, -0.4636476090008061, 2.23606797749979
794, 56, 149, 356, 146, 356, 3, 0, 0.0, 3.0
794, 61, 298, 350, 297, 351, 1, -1, -0.7853981633974483, 1.4142135623730951
794, 63, 532, 105, 530, 105, 2, 0, 0.0, 2.0
795, 3, 576, 72, 575, 73, 1, -1, -0.7853981633974483, 1.4142135623730951
795, 4, 533, 345, 531, 346, 2, -1, -0.4636476090008061, 2.23606797749979
795, 6, 430, 378, 429, 379, 1, -1, -0.7853981633974483, 1.4142135623730951
795, 7, 618, 88, 616, 88, 2, 0, 0.0, 2.0
795, 13, 99, 199, 97, 200, 2, -1, -0.4636476090008061, 2.23606797749979
795, 14, 90, 200, 89, 201, 1, -1, -0.7853981633974483, 1.4142135623730951
795, 16, 277, 406, 276, 407, 1, -1, -0.7853981633974483, 1.4142135623730951
795, 17, 135, 407, 134, 408, 1, -1, -0.7853981633974483, 1.4142135623730951
795, 18, 254, 306, 253, 305, 1, 1, 0.7853981633974483, 1.4142135623730951
795, 19, 207, 108, 206, 109, 1, -1, -0.7853981633974483, 1.4142135623730951
795, 21, 310, 406, 309, 407, 1, -1, -0.7853981633974483, 1.4142135623730951
795, 23, 138, 323, 137, 324, 1, -1, -0.7853981633974483, 1.4142135623730951
795, 24, 6, 352, 5, 353, 1, -1, -0.7853981633974483, 1.4142135623730951
795, 26, 214, 80, 213, 81, 1, -1, -0.7853981633974483, 1.4142135623730951
795, 29, 542, 105, 540, 106, 2, -1, -0.4636476090008061, 2.23606797749979
795, 31, 299, 351, 298, 352, 1, -1, -0.7853981633974483, 1.4142135623730951
795, 33, 308, 127, 307, 128, 1, -1, -0.7853981633974483, 1.4142135623730951
795, 35, 416, 403, 415, 404, 1, -1, -0.7853981633974483, 1.4142135623730951
795, 38, 485, 403, 483, 403, 2, 0, 0.0, 2.0
795, 40, 86, 319, 85, 320, 1, -1, -0.7853981633974483, 1.4142135623730951
795, 41, 23, 135, 22, 136, 1, -1, -0.7853981633974483, 1.4142135623730951
795, 42, 283, 127, 282, 128, 1, -1, -0.7853981633974483, 1.4142135623730951
795, 52, 29, 150, 28, 151, 1, -1, -0.7853981633974483, 1.4142135623730951
795, 53, 403, 72, 402, 73, 1, -1, -0.7853981633974483, 1.4142135623730951
795, 54, 213, 293, 212, 294, 1, -1, -0.7853981633974483, 1.4142135623730951
795, 57, 45, 310, 44, 311, 1, -1, -0.7853981633974483, 1.4142135623730951
796, 0, 168, 167, 167, 168, 1, -1, -0.7853981633974483, 1.4142135623730951
796, 2, 363, 124, 361, 124, 2, 0, 0.0, 2.0
796, 3, 577, 71, 576, 72, 1, -1, -0.7853981633974483, 1.4142135623730951
796, 4, 535, 344, 533, 345, 2, -1, -0.4636476090008061, 2.23606797749979
796, 5, 455, 103, 453, 104, 2, -1, -0.4636476090008061, 2.23606797749979
796, 6, 431, 377, 430, 378, 1, -1, -0.7853981633974483, 1.4142135623730951
796, 7, 620, 88, 618, 88, 2, 0, 0.0, 2.0
796, 13, 100, 198, 99, 199, 1, -1, -0.7853981633974483, 1.4142135623730951
796, 14, 91, 199, 90, 200, 1, -1, -0.7853981633974483, 1.4142135623730951
796, 16, 278, 405, 277, 406, 1, -1, -0.7853981633974483, 1.4142135623730951
796, 17, 136, 406, 135, 407, 1, -1, -0.7853981633974483, 1.4142135623730951
796, 25, 207, 130, 206, 134, 1, -4, -1.3258176636680326, 4.123105625617661
796, 28, 544, 104, 542, 105, 2, -1, -0.4636476090008061, 2.23606797749979
796, 29, 553, 136, 551, 136, 2, 0, 0.0, 2.0
796, 30, 301, 350, 299, 351, 2, -1, -0.4636476090008061, 2.23606797749979
796, 32, 309, 126, 308, 127, 1, -1, -0.7853981633974483, 1.4142135623730951
796, 33, 417, 402, 416, 403, 1, -1, -0.7853981633974483, 1.4142135623730951
796, 40, 284, 126, 283, 127, 1, -1, -0.7853981633974483, 1.4142135623730951
796, 41, 20, 326, 19, 327, 1, -1, -0.7853981633974483, 1.4142135623730951
796, 50, 404, 71, 403, 72, 1, -1, -0.7853981633974483, 1.4142135623730951
796, 54, 46, 309, 45, 310, 1, -1, -0.7853981633974483, 1.4142135623730951
797, 0, 169, 166, 168, 167, 1, -1, -0.7853981633974483, 1.4142135623730951
797, 1, 257, 165, 257, 167, 0, -2, -1.5707963267948966, 2.0
797, 2, 365, 124, 363, 124, 2, 0, 0.0, 2.0
797, 3, 579, 71, 577, 71, 2, 0, 0.0, 2.0
797, 4, 537, 344, 535, 344, 2, 0, 0.0, 2.0
797, 5, 457, 102, 455, 103, 2, -1, -0.4636476090008061, 2.23606797749979
797, 6, 432, 376, 431, 377, 1, -1, -0.7853981633974483, 1.4142135623730951
797, 7, 622, 86, 620, 88, 2, -2, -0.7853981633974483, 2.8284271247461903
797, 9, 10, 131, 9, 132, 1, -1, -0.7853981633974483, 1.4142135623730951
797, 11, 107, 330, 106, 331, 1, -1, -0.7853981633974483, 1.4142135623730951
797, 12, 202, 354, 201, 355, 1, -1, -0.7853981633974483, 1.4142135623730951
797, 13, 101, 197, 100, 198, 1, -1, -0.7853981633974483, 1.4142135623730951
797, 14, 93, 198, 91, 199, 2, -1, -0.4636476090008061, 2.23606797749979
797, 15, 337, 125, 336, 126, 1, -1, -0.7853981633974483, 1.4142135623730951
797, 16, 279, 404, 278, 405, 1, -1, -0.7853981633974483, 1.4142135623730951
797, 17, 137, 405, 136, 406, 1, -1, -0.7853981633974483, 1.4142135623730951
797, 19, 209, 107, 208, 108, 1, -1, -0.7853981633974483, 1.4142135623730951
797, 21, 312, 405, 311, 406, 1, -1, -0.7853981633974483, 1.4142135623730951
797, 22, 327, 71, 326, 72, 1, -1, -0.7853981633974483, 1.4142135623730951
797, 24, 8, 349, 6, 351, 2, -2, -0.7853981633974483, 2.8284271247461903
797, 28, 546, 103, 544, 104, 2, -1, -0.4636476090008061, 2.23606797749979
797, 29, 555, 136, 553, 136, 2, 0, 0.0, 2.0
797, 30, 302, 349, 301, 350, 1, -1, -0.7853981633974483, 1.4142135623730951
797, 32, 310, 125, 309, 126, 1, -1, -0.7853981633974483, 1.4142135623730951
797, 34, 335, 354, 334, 355, 1, -1, -0.7853981633974483, 1.4142135623730951
797, 35, 309, 395, 307, 396, 2, -1, -0.4636476090008061, 2.23606797749979
797, 39, 24, 133, 23, 134, 1, -1, -0.7853981633974483, 1.4142135623730951
797, 41, 21, 324, 20, 326, 1, -2, -1.1071487177940904, 2.23606797749979
797, 46, 391, 350, 390, 351, 1, -1, -0.7853981633974483, 1.4142135623730951
797, 50, 406, 70, 404, 71, 2, -1, -0.4636476090008061, 2.23606797749979
797, 51, 215, 292, 214, 293, 1, -1, -0.7853981633974483, 1.4142135623730951
797, 54, 48, 308, 46, 309, 2, -1, -0.4636476090008061, 2.23606797749979
798, 0, 170, 165, 169, 166, 1, -1, -0.7853981633974483, 1.4142135623730951
798, 2, 367, 124, 365, 124, 2, 0, 0.0, 2.0
798, 3, 581, 71, 579, 71, 2, 0, 0.0, 2.0
798, 4, 537, 342, 537, 344, 0, -2, -1.5707963267948966, 2.0
798, 5, 459, 101, 457, 102, 2, -1, -0.4636476090008061, 2.23606797749979
798, 6, 433, 375, 432, 376, 1, -1, -0.7853981633974483, 1.4142135623730951
798, 7, 624, 85, 622, 86, 2, -1, -0.4636476090008061, 2.23606797749979
798, 14, 94, 197, 93, 198, 1, -1, -0.7853981633974483, 1.4142135623730951
798, 15, 338, 124, 337, 125, 1, -1, -0.7853981633974483, 1.4142135623730951
798, 19, 210, 106, 209, 107, 1, -1, -0.7853981633974483, 1.4142135623730951
798, 21, 313, 404, 312, 405, 1, -1, -0.7853981633974483, 1.4142135623730951
798, 24, 9, 348, 8, 349, 1, -1, -0.7853981633974483, 1.4142135623730951
798, 26, 216, 79, 215, 80, 1, -1, -0.7853981633974483, 1.4142135623730951
798, 27, 302, 80, 301, 81, 1, -1, -0.7853981633974483, 1.4142135623730951
798, 28, 548, 102, 546, 103, 2, -1, -0.4636476090008061, 2.23606797749979
798, 29, 557, 136, 555, 136, 2, 0, 0.0, 2.0
798, 30, 303, 348, 302, 349, 1, -1, -0.7853981633974483, 1.4142135623730951
798, 33, 419, 401, 418, 402, 1, -1, -0.7853981633974483, 1.4142135623730951
798, 34, 337, 354, 335, 354, 2, 0, 0.0, 2.0
798, 35, 310, 394, 309, 395, 1, -1, -0.7853981633974483, 1.4142135623730951
798, 36, 488, 402, 487, 403, 1, -1, -0.7853981633974483, 1.4142135623730951
798, 37, 240, 103, 239, 104, 1, -1, -0.7853981633974483, 1.4142135623730951
798, 41, 22, 323, 21, 324, 1, -1, -0.7853981633974483, 1.4142135623730951
798, 53, 454, 402, 453, 403, 1, -1, -0.7853981633974483, 1.4142135623730951
799, 0, 171, 164, 170, 165, 1, -1, -0.7853981633974483, 1.4142135623730951
799, 1, 256, 162, 257, 164, -1, -2, -2.0344439357957027, 2.23606797749979
799, 3, 583, 70, 581, 71, 2, -1, -0.4636476090008061, 2.23606797749979
799, 4, 538, 341, 537, 342, 1, -1, -0.7853981633974483, 1.4142135623730951
799, 5, 462, 100, 459, 101, 3, -1, -0.3217505543966422, 3.1622776601683795
799, 6, 435, 375, 433, 375, 2, 0, 0.0, 2.0
799, 7, 626, 84, 624, 85, 2, -1, -0.4636476090008061, 2.23606797749979
799, 9, 11, 129, 10, 130, 1, -1, -0.7853981633974483, 1.4142135623730951
799, 11, 108, 329, 107, 330, 1, -1, -0.7853981633974483, 1.4142135623730951
799, 13, 102, 195, 101, 196, 1, -1, -0.7853981633974483, 1.4142135623730951
799, 14, 95, 196, 94, 197, 1, -1, -0.7853981633974483, 1.4142135623730951
799, 15, 339, 123, 338, 124, 1, -1, -0.7853981633974483, 1.4142135623730951
799, 16, 282, 404, 280, 404, 2, 0, 0.0, 2.0
799, 19, 211, 105, 210, 106, 1, -1, -0.7853981633974483, 1.4142135623730951
799, 28, 549, 101, 548, 102, 1, -1, -0.7853981633974483, 1.4142135623730951
799, 29, 560, 136, 557, 136, 3, 0, 0.0, 3.0
799, 30, 304, 347, 303, 348, 1, -1, -0.7853981633974483, 1.4142135623730951
799, 32, 312, 124, 311, 125, 1, -1, -0.7853981633974483, 1.4142135623730951
799, 33, 420, 400, 419, 401, 1, -1, -0.7853981633974483, 1.4142135623730951
799, 35, 311, 393, 310, 394, 1, -1, -0.7853981633974483, 1.4142135623730951
799, 36, 490, 402, 488, 402, 2, 0, 0.0, 2.0
799, 39, 25, 131, 24, 132, 1, -1, -0.7853981633974483, 1.4142135623730951
799, 40, 286, 125, 285, 126, 1, -1, -0.7853981633974483, 1.4142135623730951
799, 41, 23, 322, 22, 323, 1, -1, -0.7853981633974483, 1.4142135623730951
799, 46, 394, 349, 392, 350, 2, -1, -0.4636476090008061, 2.23606797749979
799, 47, 88, 160, 87, 161, 1, -1, -0.7853981633974483, 1.4142135623730951
799, 50, 408, 69, 407, 70, 1, -1, -0.7853981633974483, 1.4142135623730951
799, 53, 455, 401, 454, 402, 1, -1, -0.7853981633974483, 1.4142135623730951
799, 54, 49, 306, 48, 307, 1, -1, -0.7853981633974483, 1.4142135623730951
800, 0, 171, 167, 170, 168, 1, -1, -0.7853981633974483, 1.4142135623730951
800, 2, 459, 103, 457, 104, 2, -1, -0.4636476090008061, 2.23606797749979
800, 3, 582, 72, 580, 73, 2, -1, -0.4636476090008061, 2.23606797749979
800, 4, 538, 346, 536, 346, 2, 0, 0.0, 2.0
800, 6, 436, 380, 434, 380, 2, 0, 0.0, 2.0
800, 9, 624, 88, 622, 88, 2, 0, 0.0, 2.0
800, 15, 94, 199, 93, 200, 1, -1, -0.7853981633974483, 1.4142135623730951
800, 18, 338, 354, 337, 355, 1, -1, -0.7853981633974483, 1.4142135623730951
800, 22, 314, 406, 313, 407, 1, -1, -0.7853981633974483, 1.4142135623730951
800, 23, 10, 351, 9, 352, 1, -1, -0.7853981633974483, 1.4142135623730951
800, 26, 114, 370, 113, 371, 1, -1, -0.7853981633974483, 1.4142135623730951
800, 27, 421, 404, 419, 405, 2, -1, -0.4636476090008061, 2.23606797749979
800, 28, 454, 398, 453, 399, 1, -1, -0.7853981633974483, 1.4142135623730951
800, 33, 489, 399, 487, 400, 2, -1, -0.4636476090008061, 2.23606797749979
800, 34, 397, 377, 395, 377, 2, 0, 0.0, 2.0
800, 37, 210, 106, 209, 107, 1, -1, -0.7853981633974483, 1.4142135623730951
800, 42, 49, 310, 48, 311, 1, -1, -0.7853981633974483, 1.4142135623730951
800, 43, 401, 125, 400, 126, 1, -1, -0.7853981633974483, 1.4142135623730951
800, 47, 591, 112, 589, 112, 2, 0, 0.0, 2.0
800, 50, 195, 372, 194, 373, 1, -1, -0.7853981633974483, 1.4142135623730951
800, 55, 23, 326, 22, 327, 1, -1, -0.7853981633974483, 1.4142135623730951
800, 56, 439, 126, 438, 127, 1, -1, -0.7853981633974483, 1.4142135623730951
800, 57, 519, 138, 516, 138, 3, 0, 0.0, 3.0
800, 59, 317, 395, 316, 396, 1, -1, -0.7853981633974483, 1.4142135623730951
800, 60, 629, 363, 631, 364, -2, -1, -2.677945044588987, 2.23606797749979
800, 61, 124, 306, 123, 307, 1, -1, -0.7853981633974483, 1.4142135623730951
800, 64, 312, 125, 311, 126, 1, -1, -0.7853981633974483, 1.4142135623730951
800, 65, 576, 77, 575, 78, 1, -1, -0.7853981633974483, 1.4142135623730951
801, 2, 461, 102, 459, 103, 2, -1, -0.4636476090008061, 2.23606797749979
801, 3, 583, 71, 582, 72, 1, -1, -0.7853981633974483, 1.4142135623730951
801, 4, 539, 345, 538, 346, 1, -1, -0.7853981633974483, 1.4142135623730951
801, 14, 282, 406, 281, 407, 1, -1, -0.7853981633974483, 1.4142135623730951
801, 19, 303, 350, 302, 351, 1, -1, -0.7853981633974483, 1.4142135623730951
801, 22, 315, 405, 314, 406, 1, -1, -0.7853981633974483, 1.4142135623730951
801, 24, 555, 135, 553, 135, 2, 0, 0.0, 2.0
801, 28, 456, 398, 454, 398, 2, 0, 0.0, 2.0
801, 32, 491, 399, 489, 399, 2, 0, 0.0, 2.0
801, 34, 549, 103, 547, 104, 2, -1, -0.4636476090008061, 2.23606797749979
801, 36, 211, 105, 210, 106, 1, -1, -0.7853981633974483, 1.4142135623730951
801, 40, 583, 106, 581, 107, 2, -1, -0.4636476090008061, 2.23606797749979
801, 42, 402, 124, 401, 125, 1, -1, -0.7853981633974483, 1.4142135623730951
801, 43, 423, 347, 421, 347, 2, 0, 0.0, 2.0
801, 44, 486, 109, 485, 110, 1, -1, -0.7853981633974483, 1.4142135623730951
801, 46, 593, 112, 591, 112, 2, 0, 0.0, 2.0
801, 47, 58, 403, 57, 404, 1, -1, -0.7853981633974483, 1.4142135623730951
801, 51, 86, 405, 83, 406, 3, -1, -0.3217505543966422, 3.1622776601683795
801, 54, 24, 325, 23, 326, 1, -1, -0.7853981633974483, 1.4142135623730951
801, 55, 440, 125, 439, 126, 1, -1, -0.7853981633974483, 1.4142135623730951
801, 56, 522, 138, 519, 138, 3, 0, 0.0, 3.0
801, 57, 216, 291, 215, 292, 1, -1, -0.7853981633974483, 1.4142135623730951
801, 58, 318, 394, 317, 395, 1, -1, -0.7853981633974483, 1.4142135623730951
801, 64, 578, 76, 576, 77, 2, -1, -0.4636476090008061, 2.23606797749979
802, 1, 463, 101, 461, 102, 2, -1, -0.4636476090008061, 2.23606797749979
802, 2, 585, 70, 583, 71, 2, -1, -0.4636476090008061, 2.23606797749979
802, 3, 541, 344, 539, 345, 2, -1, -0.4636476090008061, 2.23606797749979
802, 8, 626, 87, 625, 88, 1, -1, -0.7853981633974483, 1.4142135623730951
802, 10, 369, 125, 367, 125, 2, 0, 0.0, 2.0
802, 11, 243, 68, 242, 69, 1, -1, -0.7853981633974483, 1.4142135623730951
802, 14, 96, 198, 95, 199, 1, -1, -0.7853981633974483, 1.4142135623730951
802, 18, 304, 349, 303, 350, 1, -1, -0.7853981633974483, 1.4142135623730951
802, 23, 557, 136, 555, 135, 2, 1, 0.4636476090008061, 2.23606797749979
802, 27, 457, 397, 456, 398, 1, -1, -0.7853981633974483, 1.4142135623730951
802, 33, 551, 103, 549, 103, 2, 0, 0.0, 2.0
802, 39, 587, 105, 583, 106, 4, -1, -0.24497866312686414, 4.123105625617661
802, 41, 403, 123, 402, 124, 1, -1, -0.7853981633974483, 1.4142135623730951
802, 45, 595, 112, 593, 112, 2, 0, 0.0, 2.0
802, 54, 441, 124, 440, 125, 1, -1, -0.7853981633974483, 1.4142135623730951
802, 55, 524, 139, 522, 138, 2, 1, 0.4636476090008061, 2.23606797749979
802, 56, 217, 290, 216, 291, 1, -1, -0.7853981633974483, 1.4142135623730951
802, 57, 319, 393, 318, 394, 1, -1, -0.7853981633974483, 1.4142135623730951
802, 58, 625, 362, 628, 363, -3, -1, -2.819842099193151, 3.1622776601683795
802, 59, 126, 305, 125, 306, 1, -1, -0.7853981633974483, 1.4142135623730951
802, 61, 396, 351, 394, 351, 2, 0, 0.0, 2.0
803, 0, 172, 165, 171, 166, 1, -1, -0.7853981633974483, 1.4142135623730951
803, 1, 465, 100, 463, 101, 2, -1, -0.4636476090008061, 2.23606797749979
803, 2, 586, 69, 585, 70, 1, -1, -0.7853981633974483, 1.4142135623730951
803, 3, 543, 343, 541, 344, 2, -1, -0.4636476090008061, 2.23606797749979
803, 7, 13, 131, 12, 132, 1, -1, -0.7853981633974483, 1.4142135623730951
803, 8, 628, 86, 626, 87, 2, -1, -0.4636476090008061, 2.23606797749979
803, 10, 370, 124, 369, 125, 1, -1, -0.7853981633974483, 1.4142135623730951
803, 11, 244, 67, 243, 68, 1, -1, -0.7853981633974483, 1.4142135623730951
803, 12, 332, 72, 331, 73, 1, -1, -0.7853981633974483, 1.4142135623730951
803, 15, 340, 124, 339, 125, 1, -1, -0.7853981633974483, 1.4142135623730951
803, 17, 340, 353, 339, 354, 1, -1, -0.7853981633974483, 1.4142135623730951
803, 18, 305, 348, 304, 349, 1, -1, -0.7853981633974483, 1.4142135623730951
803, 21, 317, 404, 316, 405, 1, -1, -0.7853981633974483, 1.4142135623730951
803, 23, 559, 136, 557, 136, 2, 0, 0.0, 2.0
803, 26, 425, 404, 423, 404, 2, 0, 0.0, 2.0
803, 31, 493, 398, 492, 399, 1, -1, -0.7853981633974483, 1.4142135623730951
803, 32, 400, 376, 399, 377, 1, -1, -0.7853981633974483, 1.4142135623730951
803, 33, 553, 103, 551, 103, 2, 0, 0.0, 2.0
803, 35, 212, 103, 211, 104, 1, -1, -0.7853981633974483, 1.4142135623730951
803, 37, 310, 87, 308, 87, 2, 0, 0.0, 2.0
803, 39, 589, 104, 587, 105, 2, -1, -0.4636476090008061, 2.23606797749979
803, 41, 404, 122, 403, 123, 1, -1, -0.7853981633974483, 1.4142135623730951
803, 43, 487, 107, 486, 108, 1, -1, -0.7853981633974483, 1.4142135623730951
803, 45, 596, 111, 595, 112, 1, -1, -0.7853981633974483, 1.4142135623730951
803, 46, 59, 402, 58, 403, 1, -1, -0.7853981633974483, 1.4142135623730951
803, 51, 126, 192, 125, 193, 1, -1, -0.7853981633974483, 1.4142135623730951
803, 53, 26, 324, 25, 325, 1, -1, -0.7853981633974483, 1.4142135623730951
803, 57, 320, 392, 319, 393, 1, -1, -0.7853981633974483, 1.4142135623730951
803, 61, 398, 351, 396, 351, 2, 0, 0.0, 2.0
803, 62, 314, 124, 313, 125, 1, -1, -0.7853981633974483, 1.4142135623730951
804, 2, 587, 68, 586, 69, 1, -1, -0.7853981633974483, 1.4142135623730951
804, 3, 545, 342, 543, 343, 2, -1, -0.4636476090008061, 2.23606797749979
804, 5, 440, 379, 439, 380, 1, -1, -0.7853981633974483, 1.4142135623730951
804, 8, 630, 86, 628, 86, 2, 0, 0.0, 2.0
804, 11, 245, 66, 244, 67, 1, -1, -0.7853981633974483, 1.4142135623730951
804, 13, 285, 405, 284, 406, 1, -1, -0.7853981633974483, 1.4142135623730951
804, 17, 341, 352, 340, 353, 1, -1, -0.7853981633974483, 1.4142135623730951
804, 18, 306, 347, 305, 348, 1, -1, -0.7853981633974483, 1.4142135623730951
804, 21, 318, 403, 317, 404, 1, -1, -0.7853981633974483, 1.4142135623730951
804, 25, 115, 368, 114, 369, 1, -1, -0.7853981633974483, 1.4142135623730951
804, 31, 494, 397, 493, 398, 1, -1, -0.7853981633974483, 1.4142135623730951
804, 33, 556, 103, 553, 103, 3, 0, 0.0, 3.0
804, 38, 47, 375, 46, 376, 1, -1, -0.7853981633974483, 1.4142135623730951
804, 39, 591, 104, 589, 104, 2, 0, 0.0, 2.0
804, 41, 405, 121, 404, 122, 1, -1, -0.7853981633974483, 1.4142135623730951
804, 45, 598, 110, 596, 111, 2, -1, -0.4636476090008061, 2.23606797749979
804, 48, 197, 371, 196, 372, 1, -1, -0.7853981633974483, 1.4142135623730951
804, 56, 219, 289, 218, 290, 1, -1, -0.7853981633974483, 1.4142135623730951
804, 57, 321, 393, 320, 392, 1, 1, 0.7853981633974483, 1.4142135623730951
804, 58, 625, 359, 625, 362, 0, -3, -1.5707963267948966, 3.0
804, 61, 399, 350, 398, 351, 1, -1, -0.7853981633974483, 1.4142135623730951
805, 1, 256, 163, 257, 165, -1, -2, -2.0344439357957027, 2.23606797749979
805, 3, 544, 345, 542, 345, 2, 0, 0.0, 2.0
805, 5, 374, 127, 372, 127, 2, 0, 0.0, 2.0
805, 7, 631, 89, 628, 89, 3, 0, 0.0, 3.0
805, 9, 587, 71, 585, 72, 2, -1, -0.4636476090008061, 2.23606797749979
805, 12, 99, 199, 97, 199, 2, 0, 0.0, 2.0
805, 13, 344, 354, 342, 355, 2, -1, -0.4636476090008061, 2.23606797749979
805, 14, 441, 378, 439, 379, 2, -1, -0.4636476090008061, 2.23606797749979
805, 15, 247, 68, 244, 69, 3, -1, -0.3217505543966422, 3.1622776601683795
805, 17, 308, 87, 307, 88, 1, -1, -0.7853981633974483, 1.4142135623730951
805, 18, 213, 105, 212, 106, 1, -1, -0.7853981633974483, 1.4142135623730951
805, 19, 320, 405, 317, 406, 3, -1, -0.3217505543966422, 3.1622776601683795
805, 21, 306, 80, 305, 81, 1, -1, -0.7853981633974483, 1.4142135623730951
805, 22, 342, 124, 341, 125, 1, -1, -0.7853981633974483, 1.4142135623730951
805, 24, 55, 155, 53, 156, 2, -1, -0.4636476090008061, 2.23606797749979
805, 25, 543, 113, 541, 114, 2, -1, -0.4636476090008061, 2.23606797749979
805, 27, 316, 125, 315, 126, 1, -1, -0.7853981633974483, 1.4142135623730951
805, 30, 13, 350, 12, 351, 1, -1, -0.7853981633974483, 1.4142135623730951
805, 35, 209, 137, 209, 135, 0, 2, 1.5707963267948966, 2.0
805, 36, 429, 404, 424, 405, 5, -1, -0.19739555984988075, 5.0990195135927845
805, 39, 554, 105, 552, 105, 2, 0, 0.0, 2.0
805, 42, 27, 325, 26, 326, 1, -1, -0.7853981633974483, 1.4142135623730951
805, 43, 461, 403, 459, 403, 2, 0, 0.0, 2.0
805, 46, 311, 345, 308, 346, 3, -1, -0.3217505543966422, 3.1622776601683795
805, 51, 95, 297, 94, 298, 1, -1, -0.7853981633974483, 1.4142135623730951
805, 54, 462, 346, 460, 346, 2, 0, 0.0, 2.0
805, 56, 332, 73, 331, 74, 1, -1, -0.7853981633974483, 1.4142135623730951
805, 57, 244, 82, 242, 82, 2, 0, 0.0, 2.0
805, 58, 262, 82, 259, 83, 3, -1, -0.3217505543966422, 3.1622776601683795
805, 60, 338, 347, 336, 348, 2, -1, -0.4636476090008061, 2.23606797749979
805, 61, 288, 97, 284, 98, 4, -1, -0.24497866312686414, 4.123105625617661
805, 62, 456, 110, 455, 111, 1, -1, -0.7853981633974483, 1.4142135623730951
805, 63, 470, 354, 468, 355, 2, -1, -0.4636476090008061, 2.23606797749979
805, 65, 61, 407, 60, 408, 1, -1, -0.7853981633974483, 1.4142135623730951
805, 73, 260, 94, 258, 94, 2, 0, 0.0, 2.0
805, 74, 307, 352, 304, 352, 3, 0, 0.0, 3.0
805, 75, 117, 365, 116, 366, 1, -1, -0.7853981633974483, 1.4142135623730951
805, 79, 94, 320, 90, 320, 4, 0, 0.0, 4.0
805, 80, 414, 72, 412, 73, 2, -1, -0.4636476090008061, 2.23606797749979
805, 85, 594, 111, 593, 112, 1, -1, -0.7853981633974483, 1.4142135623730951
805, 87, 127, 306, 126, 307, 1, -1, -0.7853981633974483, 1.4142135623730951
805, 88, 101, 353, 100, 354, 1, -1, -0.7853981633974483, 1.4142135623730951
805, 90, 44, 129, 42, 128, 2, 1, 0.4636476090008061, 2.23606797749979
805, 91, 398, 133, 395, 133, 3, 0, 0.0, 3.0
805, 92, 516, 129, 514, 129, 2, 0, 0.0, 2.0
805, 94, 559, 137, 557, 137, 2, 0, 0.0, 2.0
806, 3, 545, 344, 544, 345, 1, -1, -0.7853981633974483, 1.4142135623730951
806, 4, 214, 67, 213, 68, 1, -1, -0.7853981633974483, 1.4142135623730951
806, 7, 633, 89, 631, 89, 2, 0, 0.0, 2.0
806, 9, 588, 70, 587, 71, 1, -1, -0.7853981633974483, 1.4142135623730951
806, 12, 100, 198, 99, 199, 1, -1, -0.7853981633974483, 1.4142135623730951
806, 13, 346, 353, 344, 354, 2, -1, -0.4636476090008061, 2.23606797749979
806, 14, 443, 378, 441, 378, 2, 0, 0.0, 2.0
806, 15, 248, 67, 247, 68, 1, -1, -0.7853981633974483, 1.4142135623730951
806, 17, 309, 86, 308, 87, 1, -1, -0.7853981633974483, 1.4142135623730951
806, 18, 214, 104, 213, 105, 1, -1, -0.7853981633974483, 1.4142135623730951
806, 19, 321, 404, 320, 405, 1, -1, -0.7853981633974483, 1.4142135623730951
806, 21, 307, 79, 306, 80, 1, -1, -0.7853981633974483, 1.4142135623730951
806, 22, 343, 123, 342, 124, 1, -1, -0.7853981633974483, 1.4142135623730951
806, 28, 116, 372, 115, 373, 1, -1, -0.7853981633974483, 1.4142135623730951
806, 29, 387, 71, 386, 72, 1, -1, -0.7853981633974483, 1.4142135623730951
806, 32, 52, 309, 51, 310, 1, -1, -0.7853981633974483, 1.4142135623730951
806, 39, 556, 105, 554, 105, 2, 0, 0.0, 2.0
806, 42, 28, 324, 27, 325, 1, -1, -0.7853981633974483, 1.4142135623730951
806, 43, 462, 402, 461, 403, 1, -1, -0.7853981633974483, 1.4142135623730951
806, 46, 312, 344, 311, 345, 1, -1, -0.7853981633974483, 1.4142135623730951
806, 48, 191, 375, 190, 376, 1, -1, -0.7853981633974483, 1.4142135623730951
806, 51, 96, 296, 95, 297, 1, -1, -0.7853981633974483, 1.4142135623730951
806, 52, 559, 403, 558, 404, 1, -1, -0.7853981633974483, 1.4142135623730951
806, 56, 333, 72, 332, 73, 1, -1, -0.7853981633974483, 1.4142135623730951
806, 58, 263, 81, 262, 82, 1, -1, -0.7853981633974483, 1.4142135623730951
806, 60, 340, 346, 338, 347, 2, -1, -0.4636476090008061, 2.23606797749979
806, 61, 289, 96, 288, 97, 1, -1, -0.7853981633974483, 1.4142135623730951
806, 63, 472, 354, 470, 354, 2, 0, 0.0, 2.0
806, 66, 87, 92, 86, 93, 1, -1, -0.7853981633974483, 1.4142135623730951
806, 69, 72, 398, 71, 399, 1, -1, -0.7853981633974483, 1.4142135623730951
806, 72, 289, 406, 288, 407, 1, -1, -0.7853981633974483, 1.4142135623730951
806, 73, 261, 93, 260, 94, 1, -1, -0.7853981633974483, 1.4142135623730951
806, 74, 308, 351, 307, 352, 1, -1, -0.7853981633974483, 1.4142135623730951
806, 75, 118, 364, 117, 365, 1, -1, -0.7853981633974483, 1.4142135623730951
806, 80, 416, 71, 414, 72, 2, -1, -0.4636476090008061, 2.23606797749979
806, 81, 532, 114, 531, 115, 1, -1, -0.7853981633974483, 1.4142135623730951
806, 85, 595, 110, 594, 111, 1, -1, -0.7853981633974483, 1.4142135623730951
806, 89, 46, 129, 44, 129, 2, 0, 0.0, 2.0
806, 90, 401, 133, 398, 133, 3, 0, 0.0, 3.0
806, 91, 518, 129, 516, 129, 2, 0, 0.0, 2.0
806, 92, 561, 137, 559, 137, 2, 0, 0.0, 2.0
806, 93, 55, 340, 57, 340, -2, 0, 3.141592653589793, 2.0
807, 2, 465, 102, 464, 103, 1, -1, -0.7853981633974483, 1.4142135623730951
807, 3, 547, 343, 545, 344, 2, -1, -0.4636476090008061, 2.23606797749979
807, 7, 635, 89, 633, 89, 2, 0, 0.0, 2.0
807, 13, 348, 352, 346, 353, 2, -1, -0.4636476090008061, 2.23606797749979
807, 15, 249, 66, 248, 67, 1, -1, -0.7853981633974483, 1.4142135623730951
807, 17, 310, 85, 309, 86, 1, -1, -0.7853981633974483, 1.4142135623730951
807, 19, 322, 403, 321, 404, 1, -1, -0.7853981633974483, 1.4142135623730951
807, 21, 308, 78, 307, 79, 1, -1, -0.7853981633974483, 1.4142135623730951
807, 22, 344, 122, 343, 123, 1, -1, -0.7853981633974483, 1.4142135623730951
807, 26, 520, 138, 519, 139, 1, -1, -0.7853981633974483, 1.4142135623730951
807, 29, 388, 70, 387, 71, 1, -1, -0.7853981633974483, 1.4142135623730951
807, 30, 15, 349, 14, 350, 1, -1, -0.7853981633974483, 1.4142135623730951
807, 32, 53, 308, 52, 309, 1, -1, -0.7853981633974483, 1.4142135623730951
807, 39, 558, 105, 556, 105, 2, 0, 0.0, 2.0
807, 42, 30, 323, 28, 324, 2, -1, -0.4636476090008061, 2.23606797749979
807, 43, 463, 401, 462, 402, 1, -1, -0.7853981633974483, 1.4142135623730951
807, 46, 313, 343, 312, 344, 1, -1, -0.7853981633974483, 1.4142135623730951
807, 52, 560, 402, 559, 403, 1, -1, -0.7853981633974483, 1.4142135623730951
807, 54, 462, 347, 463, 346, -1, 1, 2.356194490192345, 1.4142135623730951
807, 55, 409, 125, 407, 125, 2, 0, 0.0, 2.0
807, 56, 334, 71, 333, 72, 1, -1, -0.7853981633974483, 1.4142135623730951
807, 58, 264, 80, 263, 81, 1, -1, -0.7853981633974483, 1.4142135623730951
807, 60, 342, 345, 340, 346, 2, -1, -0.4636476090008061, 2.23606797749979
807, 62, 458, 109, 457, 110, 1, -1, -0.7853981633974483, 1.4142135623730951
807, 63, 474, 354, 472, 354, 2, 0, 0.0, 2.0
807, 67, 404, 379, 402, 379, 2, 0, 0.0, 2.0
807, 72, 290, 405, 289, 406, 1, -1, -0.7853981633974483, 1.4142135623730951
807, 73, 262, 92, 261, 93, 1, -1, -0.7853981633974483, 1.4142135623730951
807, 83, 293, 121, 292, 122, 1, -1, -0.7853981633974483, 1.4142135623730951
807, 84, 597, 109, 595, 110, 2, -1, -0.4636476090008061, 2.23606797749979
807, 85, 128, 305, 127, 306, 1, -1, -0.7853981633974483, 1.4142135623730951
807, 88, 48, 129, 46, 129, 2, 0, 0.0, 2.0
807, 89, 403, 133, 401, 133, 2, 0, 0.0, 2.0
808, 2, 549, 343, 547, 343, 2, 0, 0.0, 2.0
808, 9, 15, 131, 14, 132, 1, -1, -0.7853981633974483, 1.4142135623730951
808, 11, 101, 197, 100, 198, 1, -1, -0.7853981633974483, 1.4142135623730951
808, 12, 349, 351, 348, 352, 1, -1, -0.7853981633974483, 1.4142135623730951
808, 14, 250, 65, 249, 66, 1, -1, -0.7853981633974483, 1.4142135623730951
808, 16, 311, 84, 310, 85, 1, -1, -0.7853981633974483, 1.4142135623730951
808, 17, 215, 102, 214, 103, 1, -1, -0.7853981633974483, 1.4142135623730951
808, 18, 324, 403, 322, 403, 2, 0, 0.0, 2.0
808, 20, 310, 77, 308, 78, 2, -1, -0.4636476090008061, 2.23606797749979
808, 21, 345, 121, 344, 122, 1, -1, -0.7853981633974483, 1.4142135623730951
808, 22, 22, 139, 21, 140, 1, -1, -0.7853981633974483, 1.4142135623730951
808, 24, 547, 112, 545, 113, 2, -1, -0.4636476090008061, 2.23606797749979
808, 30, 54, 307, 53, 308, 1, -1, -0.7853981633974483, 1.4142135623730951
808, 33, 210, 136, 209, 137, 1, -1, -0.7853981633974483, 1.4142135623730951
808, 34, 432, 403, 431, 404, 1, -1, -0.7853981633974483, 1.4142135623730951
808, 36, 187, 350, 186, 351, 1, -1, -0.7853981633974483, 1.4142135623730951
808, 37, 560, 105, 558, 105, 2, 0, 0.0, 2.0
808, 38, 237, 165, 238, 167, -1, -2, -2.0344439357957027, 2.23606797749979
808, 40, 31, 322, 30, 323, 1, -1, -0.7853981633974483, 1.4142135623730951
808, 41, 464, 400, 463, 401, 1, -1, -0.7853981633974483, 1.4142135623730951
808, 49, 98, 295, 97, 296, 1, -1, -0.7853981633974483, 1.4142135623730951
808, 50, 561, 401, 560, 402, 1, -1, -0.7853981633974483, 1.4142135623730951
808, 53, 410, 124, 409, 125, 1, -1, -0.7853981633974483, 1.4142135623730951
808, 54, 336, 70, 334, 71, 2, -1, -0.4636476090008061, 2.23606797749979
808, 55, 246, 80, 245, 81, 1, -1, -0.7853981633974483, 1.4142135623730951
808, 56, 265, 79, 264, 80, 1, -1, -0.7853981633974483, 1.4142135623730951
808, 58, 344, 344, 342, 345, 2, -1, -0.4636476090008061, 2.23606797749979
808, 59, 291, 95, 290, 96, 1, -1, -0.7853981633974483, 1.4142135623730951
808, 61, 475, 353, 474, 354, 1, -1, -0.7853981633974483, 1.4142135623730951
808, 64, 88, 90, 87, 91, 1, -1, -0.7853981633974483, 1.4142135623730951
808, 65, 406, 379, 404, 379, 2, 0, 0.0, 2.0
808, 68, 583, 79, 582, 80, 1, -1, -0.7853981633974483, 1.4142135623730951
808, 70, 291, 404, 290, 405, 1, -1, -0.7853981633974483, 1.4142135623730951
808, 71, 264, 91, 262, 92, 2, -1, -0.4636476090008061, 2.23606797749979
808, 77, 95, 319, 94, 320, 1, -1, -0.7853981633974483, 1.4142135623730951
808, 78, 419, 70, 417, 71, 2, -1, -0.4636476090008061, 2.23606797749979
808, 82, 599, 108, 597, 109, 2, -1, -0.4636476090008061, 2.23606797749979
808, 86, 51, 128, 48, 129, 3, -1, -0.3217505543966422, 3.1622776601683795
808, 87, 405, 132, 403, 133, 2, -1, -0.4636476090008061, 2.23606797749979
808, 89, 563, 136, 562, 137, 1, -1, -0.7853981633974483, 1.4142135623730951
809, 2, 551, 342, 549, 343, 2, -1, -0.4636476090008061, 2.23606797749979
809, 4, 378, 126, 377, 127, 1, -1, -0.7853981633974483, 1.4142135623730951
809, 11, 102, 196, 101, 197, 1, -1, -0.7853981633974483, 1.4142135623730951
809, 12, 350, 350, 349, 351, 1, -1, -0.7853981633974483, 1.4142135623730951
809, 15, 140, 406, 139, 407, 1, -1, -0.7853981633974483, 1.4142135623730951
809, 16, 312, 83, 311, 84, 1, -1, -0.7853981633974483, 1.4142135623730951
809, 18, 325, 402, 324, 403, 1, -1, -0.7853981633974483, 1.4142135623730951
809, 20, 311, 76, 310, 77, 1, -1, -0.7853981633974483, 1.4142135623730951
809, 21, 346, 120, 345, 121, 1, -1, -0.7853981633974483, 1.4142135623730951
809, 22, 23, 138, 22, 139, 1, -1, -0.7853981633974483, 1.4142135623730951
809, 24, 549, 112, 547, 112, 2, 0, 0.0, 2.0
809, 29, 49, 375, 48, 376, 1, -1, -0.7853981633974483, 1.4142135623730951
809, 34, 433, 402, 432, 403, 1, -1, -0.7853981633974483, 1.4142135623730951
809, 37, 562, 105, 560, 105, 2, 0, 0.0, 2.0
809, 41, 465, 399, 464, 400, 1, -1, -0.7853981633974483, 1.4142135623730951
809, 42, 88, 404, 87, 405, 1, -1, -0.7853981633974483, 1.4142135623730951
809, 43, 455, 393, 454, 394, 1, -1, -0.7853981633974483, 1.4142135623730951
809, 44, 316, 343, 314, 343, 2, 0, 0.0, 2.0
809, 45, 222, 76, 221, 77, 1, -1, -0.7853981633974483, 1.4142135623730951
809, 46, 193, 373, 192, 374, 1, -1, -0.7853981633974483, 1.4142135623730951
809, 49, 99, 294, 98, 295, 1, -1, -0.7853981633974483, 1.4142135623730951
809, 51, 128, 190, 127, 191, 1, -1, -0.7853981633974483, 1.4142135623730951
809, 53, 412, 124, 410, 124, 2, 0, 0.0, 2.0
809, 54, 338, 69, 336, 70, 2, -1, -0.4636476090008061, 2.23606797749979
809, 58, 346, 344, 344, 344, 2, 0, 0.0, 2.0
809, 59, 293, 95, 291, 95, 2, 0, 0.0, 2.0
809, 60, 461, 108, 459, 109, 2, -1, -0.4636476090008061, 2.23606797749979
809, 61, 477, 353, 475, 353, 2, 0, 0.0, 2.0
809, 62, 13, 403, 12, 404, 1, -1, -0.7853981633974483, 1.4142135623730951
809, 65, 407, 378, 406, 379, 1, -1, -0.7853981633974483, 1.4142135623730951
809, 70, 293, 403, 291, 404, 2, -1, -0.4636476090008061, 2.23606797749979
809, 72, 312, 351, 310, 351, 2, 0, 0.0, 2.0
809, 74, 248, 387, 247, 388, 1, -1, -0.7853981633974483, 1.4142135623730951
809, 75, 215, 330, 214, 329, 1, 1, 0.7853981633974483, 1.4142135623730951
809, 79, 174, 142, 173, 143, 1, -1, -0.7853981633974483, 1.4142135623730951
809, 82, 601, 108, 599, 108, 2, 0, 0.0, 2.0
809, 87, 407, 132, 405, 132, 2, 0, 0.0, 2.0
809, 89, 565, 135, 563, 136, 2, -1, -0.4636476090008061, 2.23606797749979
810, 1, 548, 343, 546, 345, 2, -2, -0.7853981633974483, 2.8284271247461903
810, 4, 635, 86, 635, 88, 0, -2, -1.5707963267948966, 2.0
810, 8, 102, 198, 101, 199, 1, -1, -0.7853981633974483, 1.4142135623730951
810, 11, 446, 380, 444, 380, 2, 0, 0.0, 2.0
810, 17, 432, 406, 430, 406, 2, 0, 0.0, 2.0
810, 19, 55, 152, 54, 153, 1, -1, -0.7853981633974483, 1.4142135623730951
810, 25, 291, 406, 290, 407, 1, -1, -0.7853981633974483, 1.4142135623730951
810, 26, 475, 355, 473, 355, 2, 0, 0.0, 2.0
810, 28, 258, 82, 257, 83, 1, -1, -0.7853981633974483, 1.4142135623730951
810, 29, 319, 125, 318, 126, 1, -1, -0.7853981633974483, 1.4142135623730951
810, 30, 339, 73, 337, 73, 2, 0, 0.0, 2.0
810, 31, 111, 204, 110, 205, 1, -1, -0.7853981633974483, 1.4142135623730951
810, 32, 583, 79, 582, 80, 1, -1, -0.7853981633974483, 1.4142135623730951
810, 35, 540, 337, 538, 339, 2, -2, -0.7853981633974483, 2.8284271247461903
810, 42, 29, 142, 27, 142, 2, 0, 0.0, 2.0
810, 43, 465, 402, 464, 403, 1, -1, -0.7853981633974483, 1.4142135623730951
810, 46, 543, 109, 542, 110, 1, -1, -0.7853981633974483, 1.4142135623730951
810, 55, 369, 128, 368, 129, 1, -1, -0.7853981633974483, 1.4142135623730951
810, 58, 225, 293, 224, 294, 1, -1, -0.7853981633974483, 1.4142135623730951
810, 59, 37, 150, 36, 151, 1, -1, -0.7853981633974483, 1.4142135623730951
810, 61, 461, 109, 460, 110, 1, -1, -0.7853981633974483, 1.4142135623730951
810, 62, 410, 126, 408, 126, 2, 0, 0.0, 2.0
810, 63, 346, 346, 345, 347, 1, -1, -0.7853981633974483, 1.4142135623730951
810, 64, 497, 402, 496, 403, 1, -1, -0.7853981633974483, 1.4142135623730951
810, 66, 322, 396, 321, 397, 1, -1, -0.7853981633974483, 1.4142135623730951
810, 67, 89, 93, 88, 94, 1, -1, -0.7853981633974483, 1.4142135623730951
810, 72, 421, 71, 419, 72, 2, -1, -0.4636476090008061, 2.23606797749979
810, 79, 294, 127, 293, 128, 1, -1, -0.7853981633974483, 1.4142135623730951
810, 82, 30, 324, 29, 325, 1, -1, -0.7853981633974483, 1.4142135623730951
811, 0, 551, 342, 548, 343, 3, -1, -0.3217505543966422, 3.1622776601683795
811, 2, 469, 104, 468, 103, 1, 1, 0.7853981633974483, 1.4142135623730951
811, 7, 104, 197, 102, 198, 2, -1, -0.4636476090008061, 2.23606797749979
811, 10, 448, 380, 446, 380, 2, 0, 0.0, 2.0
811, 18, 56, 151, 55, 152, 1, -1, -0.7853981633974483, 1.4142135623730951
811, 21, 347, 123, 346, 124, 1, -1, -0.7853981633974483, 1.4142135623730951
811, 22, 216, 106, 215, 107, 1, -1, -0.7853981633974483, 1.4142135623730951
811, 23, 560, 106, 558, 106, 2, 0, 0.0, 2.0
811, 24, 292, 405, 291, 406, 1, -1, -0.7853981633974483, 1.4142135623730951
811, 25, 476, 354, 475, 355, 1, -1, -0.7853981633974483, 1.4142135623730951
811, 27, 259, 81, 258, 82, 1, -1, -0.7853981633974483, 1.4142135623730951
811, 29, 340, 72, 339, 73, 1, -1, -0.7853981633974483, 1.4142135623730951
811, 30, 112, 203, 111, 204, 1, -1, -0.7853981633974483, 1.4142135623730951
811, 31, 584, 78, 583, 79, 1, -1, -0.7853981633974483, 1.4142135623730951
811, 34, 543, 336, 540, 337, 3, -1, -0.3217505543966422, 3.1622776601683795
811, 35, 142, 407, 141, 408, 1, -1, -0.7853981633974483, 1.4142135623730951
811, 36, 293, 100, 291, 100, 2, 0, 0.0, 2.0
811, 41, 31, 141, 29, 142, 2, -1, -0.4636476090008061, 2.23606797749979
811, 42, 466, 401, 465, 402, 1, -1, -0.7853981633974483, 1.4142135623730951
811, 45, 545, 108, 543, 109, 2, -1, -0.4636476090008061, 2.23606797749979
811, 48, 55, 309, 54, 310, 1, -1, -0.7853981633974483, 1.4142135623730951
811, 50, 311, 78, 310, 79, 1, -1, -0.7853981633974483, 1.4142135623730951
811, 52, 129, 190, 128, 191, 1, -1, -0.7853981633974483, 1.4142135623730951
811, 54, 370, 127, 369, 128, 1, -1, -0.7853981633974483, 1.4142135623730951
811, 56, 312, 346, 310, 346, 2, 0, 0.0, 2.0
811, 60, 462, 108, 461, 109, 1, -1, -0.7853981633974483, 1.4142135623730951
811, 62, 347, 345, 346, 346, 1, -1, -0.7853981633974483, 1.4142135623730951
811, 63, 499, 401, 497, 402, 2, -1, -0.4636476090008061, 2.23606797749979
811, 64, 62, 402, 61, 403, 1, -1, -0.7853981633974483, 1.4142135623730951
811, 67, 314, 89, 313, 90, 1, -1, -0.7853981633974483, 1.4142135623730951
811, 68, 493, 111, 493, 113, 0, -2, -1.5707963267948966, 2.0
811, 71, 423, 70, 421, 71, 2, -1, -0.4636476090008061, 2.23606797749979
811, 80, 250, 106, 249, 107, 1, -1, -0.7853981633974483, 1.4142135623730951
811, 81, 31, 323, 30, 324, 1, -1, -0.7853981633974483, 1.4142135623730951
812, 0, 553, 341, 551, 342, 2, -1, -0.4636476090008061, 2.23606797749979
812, 2, 471, 104, 469, 104, 2, 0, 0.0, 2.0
812, 5, 380, 125, 378, 125, 2, 0, 0.0, 2.0
812, 7, 105, 196, 104, 197, 1, -1, -0.7853981633974483, 1.4142135623730951
812, 10, 449, 379, 448, 380, 1, -1, -0.7853981633974483, 1.4142135623730951
812, 13, 266, 371, 265, 372, 1, -1, -0.7853981633974483, 1.4142135623730951
812, 14, 258, 311, 258, 309, 0, 2, 1.5707963267948966, 2.0
812, 16, 435, 405, 433, 406, 2, -1, -0.4636476090008061, 2.23606797749979
812, 21, 348, 122, 347, 123, 1, -1, -0.7853981633974483, 1.4142135623730951
812, 22, 217, 105, 216, 106, 1, -1, -0.7853981633974483, 1.4142135623730951
812, 23, 561, 105, 560, 106, 1, -1, -0.7853981633974483, 1.4142135623730951
812, 24, 293, 404, 292, 405, 1, -1, -0.7853981633974483, 1.4142135623730951
812, 25, 479, 352, 476, 354, 3, -2, -0.5880026035475675, 3.605551275463989
812, 26, 187, 143, 186, 144, 1, -1, -0.7853981633974483, 1.4142135623730951
812, 27, 260, 80, 259, 81, 1, -1, -0.7853981633974483, 1.4142135623730951
812, 29, 342, 71, 340, 72, 2, -1, -0.4636476090008061, 2.23606797749979
812, 30, 112, 201, 112, 203, 0, -2, -1.5707963267948966, 2.0
812, 31, 585, 77, 584, 78, 1, -1, -0.7853981633974483, 1.4142135623730951
812, 34, 545, 335, 543, 336, 2, -1, -0.4636476090008061, 2.23606797749979
812, 38, 450, 125, 449, 126, 1, -1, -0.7853981633974483, 1.4142135623730951
812, 39, 90, 403, 89, 404, 1, -1, -0.7853981633974483, 1.4142135623730951
812, 44, 350, 353, 349, 354, 1, -1, -0.7853981633974483, 1.4142135623730951
812, 45, 548, 106, 545, 108, 3, -2, -0.5880026035475675, 3.605551275463989
812, 48, 56, 308, 55, 309, 1, -1, -0.7853981633974483, 1.4142135623730951
812, 49, 391, 72, 390, 73, 1, -1, -0.7853981633974483, 1.4142135623730951
812, 50, 312, 77, 311, 78, 1, -1, -0.7853981633974483, 1.4142135623730951
812, 54, 371, 126, 370, 127, 1, -1, -0.7853981633974483, 1.4142135623730951
812, 56, 313, 345, 312, 346, 1, -1, -0.7853981633974483, 1.4142135623730951
812, 57, 227, 292, 226, 293, 1, -1, -0.7853981633974483, 1.4142135623730951
812, 58, 38, 148, 37, 149, 1, -1, -0.7853981633974483, 1.4142135623730951
812, 61, 413, 126, 411, 126, 2, 0, 0.0, 2.0
812, 62, 348, 344, 347, 345, 1, -1, -0.7853981633974483, 1.4142135623730951
812, 63, 501, 400, 499, 401, 2, -1, -0.4636476090008061, 2.23606797749979
812, 72, 95, 159, 94, 160, 1, -1, -0.7853981633974483, 1.4142135623730951
812, 76, 58, 127, 57, 126, 1, 1, 0.7853981633974483, 1.4142135623730951
812, 78, 296, 126, 295, 127, 1, -1, -0.7853981633974483, 1.4142135623730951
813, 0, 554, 340, 553, 341, 1, -1, -0.7853981633974483, 1.4142135623730951
813, 2, 473, 103, 471, 104, 2, -1, -0.4636476090008061, 2.23606797749979
813, 5, 382, 125, 380, 125, 2, 0, 0.0, 2.0
813, 9, 594, 73, 592, 73, 2, 0, 0.0, 2.0
813, 10, 450, 378, 449, 379, 1, -1, -0.7853981633974483, 1.4142135623730951
813, 15, 119, 368, 118, 369, 1, -1, -0.7853981633974483, 1.4142135623730951
813, 16, 437, 404, 435, 405, 2, -1, -0.4636476090008061, 2.23606797749979
813, 21, 349, 121, 348, 122, 1, -1, -0.7853981633974483, 1.4142135623730951
813, 23, 564, 104, 561, 105, 3, -1, -0.3217505543966422, 3.1622776601683795
813, 24, 294, 403, 293, 404, 1, -1, -0.7853981633974483, 1.4142135623730951
813, 25, 481, 350, 479, 352, 2, -2, -0.7853981633974483, 2.8284271247461903
813, 26, 261, 79, 260, 80, 1, -1, -0.7853981633974483, 1.4142135623730951
813, 28, 343, 70, 342, 71, 1, -1, -0.7853981633974483, 1.4142135623730951
813, 32, 192, 379, 191, 380, 1, -1, -0.7853981633974483, 1.4142135623730951
813, 33, 547, 335, 545, 335, 2, 0, 0.0, 2.0
813, 41, 468, 400, 467, 401, 1, -1, -0.7853981633974483, 1.4142135623730951
813, 44, 551, 106, 548, 106, 3, 0, 0.0, 3.0
813, 49, 314, 76, 312, 77, 2, -1, -0.4636476090008061, 2.23606797749979
813, 53, 373, 126, 371, 126, 2, 0, 0.0, 2.0
813, 59, 465, 107, 463, 108, 2, -1, -0.4636476090008061, 2.23606797749979
813, 60, 415, 126, 413, 126, 2, 0, 0.0, 2.0
813, 62, 503, 399, 501, 400, 2, -1, -0.4636476090008061, 2.23606797749979
813, 63, 63, 400, 62, 401, 1, -1, -0.7853981633974483, 1.4142135623730951
813, 66, 315, 87, 314, 88, 1, -1, -0.7853981633974483, 1.4142135623730951
813, 69, 426, 70, 424, 70, 2, 0, 0.0, 2.0
813, 74, 60, 127, 58, 127, 2, 0, 0.0, 2.0
813, 78, 251, 105, 250, 106, 1, -1, -0.7853981633974483, 1.4142135623730951
813, 79, 33, 322, 32, 323, 1, -1, -0.7853981633974483, 1.4142135623730951
814, 0, 556, 339, 554, 340, 2, -1, -0.4636476090008061, 2.23606797749979
814, 1, 177, 165, 176, 166, 1, -1, -0.7853981633974483, 1.4142135623730951
814, 4, 218, 64, 217, 65, 1, -1, -0.7853981633974483, 1.4142135623730951
814, 7, 107, 195, 106, 196, 1, -1, -0.7853981633974483, 1.4142135623730951
814, 10, 451, 377, 450, 378, 1, -1, -0.7853981633974483, 1.4142135623730951
814, 12, 267, 370, 266, 371, 1, -1, -0.7853981633974483, 1.4142135623730951
814, 15, 438, 403, 437, 404, 1, -1, -0.7853981633974483, 1.4142135623730951
814, 19, 329, 404, 328, 405, 1, -1, -0.7853981633974483, 1.4142135623730951
814, 21, 218, 103, 217, 104, 1, -1, -0.7853981633974483, 1.4142135623730951
814, 22, 566, 103, 564, 104, 2, -1, -0.4636476090008061, 2.23606797749979
814, 23, 295, 402, 294, 403, 1, -1, -0.7853981633974483, 1.4142135623730951
814, 24, 482, 349, 481, 350, 1, -1, -0.7853981633974483, 1.4142135623730951
814, 27, 344, 69, 343, 70, 1, -1, -0.7853981633974483, 1.4142135623730951
814, 28, 113, 199, 112, 200, 1, -1, -0.7853981633974483, 1.4142135623730951
814, 29, 587, 76, 586, 77, 1, -1, -0.7853981633974483, 1.4142135623730951
814, 32, 550, 334, 547, 335, 3, -1, -0.3217505543966422, 3.1622776601683795
814, 36, 452, 124, 451, 125, 1, -1, -0.7853981633974483, 1.4142135623730951
814, 40, 469, 399, 468, 400, 1, -1, -0.7853981633974483, 1.4142135623730951
814, 42, 352, 352, 351, 353, 1, -1, -0.7853981633974483, 1.4142135623730951
814, 43, 555, 105, 551, 106, 4, -1, -0.24497866312686414, 4.123105625617661
814, 46, 58, 307, 57, 308, 1, -1, -0.7853981633974483, 1.4142135623730951
814, 49, 201, 371, 200, 372, 1, -1, -0.7853981633974483, 1.4142135623730951
814, 54, 316, 345, 314, 345, 2, 0, 0.0, 2.0
814, 58, 467, 107, 465, 107, 2, 0, 0.0, 2.0
814, 59, 417, 125, 415, 126, 2, -1, -0.4636476090008061, 2.23606797749979
814, 61, 505, 398, 503, 399, 2, -1, -0.4636476090008061, 2.23606797749979
814, 63, 326, 395, 324, 396, 2, -1, -0.4636476090008061, 2.23606797749979
814, 68, 428, 70, 426, 70, 2, 0, 0.0, 2.0
814, 73, 61, 126, 60, 127, 1, -1, -0.7853981633974483, 1.4142135623730951
814, 78, 34, 321, 33, 322, 1, -1, -0.7853981633974483, 1.4142135623730951
815, 1, 257, 159, 258, 161, -1, -2, -2.0344439357957027, 2.23606797749979
815, 2, 474, 104, 472, 104, 2, 0, 0.0, 2.0
815, 3, 554, 343, 553, 344, 1, -1, -0.7853981633974483, 1.4142135623730951
815, 6, 596, 73, 594, 73, 2, 0, 0.0, 2.0
815, 9, 105, 197, 104, 198, 1, -1, -0.7853981633974483, 1.4142135623730951
815, 10, 451, 379, 449, 380, 2, -1, -0.4636476090008061, 2.23606797749979
815, 17, 19, 349, 18, 350, 1, -1, -0.7853981633974483, 1.4142135623730951
815, 18, 342, 72, 341, 73, 1, -1, -0.7853981633974483, 1.4142135623730951
815, 19, 133, 367, 132, 368, 1, -1, -0.7853981633974483, 1.4142135623730951
815, 20, 568, 134, 567, 135, 1, -1, -0.7853981633974483, 1.4142135623730951
815, 22, 414, 132, 412, 132, 2, 0, 0.0, 2.0
815, 23, 204, 376, 203, 377, 1, -1, -0.7853981633974483, 1.4142135623730951
815, 25, 295, 99, 294, 100, 1, -1, -0.7853981633974483, 1.4142135623730951
815, 27, 59, 309, 58, 310, 1, -1, -0.7853981633974483, 1.4142135623730951
815, 28, 565, 105, 563, 106, 2, -1, -0.4636476090008061, 2.23606797749979
815, 33, 450, 133, 448, 133, 2, 0, 0.0, 2.0
815, 34, 295, 406, 294, 407, 1, -1, -0.7853981633974483, 1.4142135623730951
815, 35, 352, 353, 351, 354, 1, -1, -0.7853981633974483, 1.4142135623730951
815, 37, 268, 371, 267, 372, 1, -1, -0.7853981633974483, 1.4142135623730951
815, 44, 393, 73, 392, 74, 1, -1, -0.7853981633974483, 1.4142135623730951
815, 46, 316, 352, 315, 353, 1, -1, -0.7853981633974483, 1.4142135623730951
815, 49, 503, 402, 502, 403, 1, -1, -0.7853981633974483, 1.4142135623730951
815, 53, 315, 345, 313, 346, 2, -1, -0.4636476090008061, 2.23606797749979
816, 1, 476, 103, 474, 104, 2, -1, -0.4636476090008061, 2.23606797749979
816, 9, 452, 378, 451, 379, 1, -1, -0.7853981633974483, 1.4142135623730951
816, 11, 330, 404, 329, 405, 1, -1, -0.7853981633974483, 1.4142135623730951
816, 15, 352, 124, 351, 125, 1, -1, -0.7853981633974483, 1.4142135623730951
816, 17, 343, 71, 342, 72, 1, -1, -0.7853981633974483, 1.4142135623730951
816, 18, 134, 366, 133, 367, 1, -1, -0.7853981633974483, 1.4142135623730951
816, 19, 569, 133, 568, 134, 1, -1, -0.7853981633974483, 1.4142135623730951
816, 21, 416, 131, 414, 132, 2, -1, -0.4636476090008061, 2.23606797749979
816, 22, 205, 375, 204, 376, 1, -1, -0.7853981633974483, 1.4142135623730951
816, 26, 60, 308, 59, 309, 1, -1, -0.7853981633974483, 1.4142135623730951
816, 27, 567, 104, 565, 105, 2, -1, -0.4636476090008061, 2.23606797749979
816, 30, 325, 127, 324, 128, 1, -1, -0.7853981633974483, 1.4142135623730951
816, 32, 452, 132, 450, 133, 2, -1, -0.4636476090008061, 2.23606797749979
816, 33, 296, 405, 295, 406, 1, -1, -0.7853981633974483, 1.4142135623730951
816, 37, 167, 143, 168, 145, -1, -2, -2.0344439357957027, 2.23606797749979
816, 39, 203, 133, 203, 135, 0, -2, -1.5707963267948966, 2.0
816, 40, 257, 83, 259, 84, -2, -1, -2.677945044588987, 2.23606797749979
816, 41, 437, 404, 436, 405, 1, -1, -0.7853981633974483, 1.4142135623730951
816, 43, 394, 72, 393, 73, 1, -1, -0.7853981633974483, 1.4142135623730951
816, 45, 317, 351, 316, 352, 1, -1, -0.7853981633974483, 1.4142135623730951
816, 48, 504, 401, 503, 402, 1, -1, -0.7853981633974483, 1.4142135623730951
816, 49, 244, 77, 243, 78, 1, -1, -0.7853981633974483, 1.4142135623730951
816, 51, 134, 191, 133, 192, 1, -1, -0.7853981633974483, 1.4142135623730951
817, 1, 478, 103, 476, 103, 2, 0, 0.0, 2.0
817, 2, 556, 342, 555, 343, 1, -1, -0.7853981633974483, 1.4142135623730951
817, 9, 454, 378, 452, 378, 2, 0, 0.0, 2.0
817, 11, 331, 403, 330, 404, 1, -1, -0.7853981633974483, 1.4142135623730951
817, 16, 20, 348, 19, 349, 1, -1, -0.7853981633974483, 1.4142135623730951
817, 24, 296, 97, 295, 98, 1, -1, -0.7853981633974483, 1.4142135623730951
817, 27, 570, 103, 567, 104, 3, -1, -0.3217505543966422, 3.1622776601683795
817, 28, 316, 85, 315, 86, 1, -1, -0.7853981633974483, 1.4142135623730951
817, 29, 263, 88, 260, 89, 3, -1, -0.3217505543966422, 3.1622776601683795
817, 33, 297, 404, 296, 405, 1, -1, -0.7853981633974483, 1.4142135623730951
817, 34, 354, 352, 353, 353, 1, -1, -0.7853981633974483, 1.4142135623730951
817, 36, 269, 369, 268, 370, 1, -1, -0.7853981633974483, 1.4142135623730951
817, 39, 204, 132, 203, 133, 1, -1, -0.7853981633974483, 1.4142135623730951
817, 40, 438, 403, 437, 404, 1, -1, -0.7853981633974483, 1.4142135623730951
817, 42, 396, 71, 394, 72, 2, -1, -0.4636476090008061, 2.23606797749979
817, 43, 411, 374, 410, 375, 1, -1, -0.7853981633974483, 1.4142135623730951
817, 44, 318, 350, 317, 351, 1, -1, -0.7853981633974483, 1.4142135623730951
817, 45, 351, 345, 350, 346, 1, -1, -0.7853981633974483, 1.4142135623730951
817, 48, 245, 76, 244, 77, 1, -1, -0.7853981633974483, 1.4142135623730951
817, 49, 92, 404, 91, 405, 1, -1, -0.7853981633974483, 1.4142135623730951
817, 50, 136, 190, 134, 191, 2, -1, -0.4636476090008061, 2.23606797749979
817, 51, 317, 344, 316, 345, 1, -1, -0.7853981633974483, 1.4142135623730951
818, 2, 557, 341, 556, 342, 1, -1, -0.7853981633974483, 1.4142135623730951
818, 9, 456, 377, 454, 378, 2, -1, -0.4636476090008061, 2.23606797749979
818, 15, 354, 123, 353, 124, 1, -1, -0.7853981633974483, 1.4142135623730951
818, 19, 572, 133, 570, 133, 2, 0, 0.0, 2.0
818, 22, 206, 373, 205, 374, 1, -1, -0.7853981633974483, 1.4142135623730951
818, 27, 572, 102, 570, 103, 2, -1, -0.4636476090008061, 2.23606797749979
818, 28, 317, 84, 316, 85, 1, -1, -0.7853981633974483, 1.4142135623730951
818, 29, 264, 87, 263, 88, 1, -1, -0.7853981633974483, 1.4142135623730951
818, 40, 439, 402, 438, 403, 1, -1, -0.7853981633974483, 1.4142135623730951
818, 46, 506, 400, 505, 401, 1, -1, -0.7853981633974483, 1.4142135623730951
818, 49, 137, 189, 136, 190, 1, -1, -0.7853981633974483, 1.4142135623730951
819, 2, 560, 341, 557, 341, 3, 0, 0.0, 3.0
819, 8, 108, 196, 107, 197, 1, -1, -0.7853981633974483, 1.4142135623730951
819, 9, 458, 377, 456, 377, 2, 0, 0.0, 2.0
819, 13, 76, 398, 75, 399, 1, -1, -0.7853981633974483, 1.4142135623730951
819, 18, 135, 364, 134, 365, 1, -1, -0.7853981633974483, 1.4142135623730951
819, 19, 574, 133, 572, 133, 2, 0, 0.0, 2.0
819, 21, 419, 130, 418, 131, 1, -1, -0.7853981633974483, 1.4142135623730951
819, 26, 61, 305, 60, 306, 1, -1, -0.7853981633974483, 1.4142135623730951
819, 27, 573, 101, 572, 102, 1, -1, -0.7853981633974483, 1.4142135623730951
819, 29, 265, 88, 264, 87, 1, 1, 0.7853981633974483, 1.4142135623730951
819, 30, 328, 126, 327, 127, 1, -1, -0.7853981633974483, 1.4142135623730951
819, 32, 455, 131, 454, 132, 1, -1, -0.7853981633974483, 1.4142135623730951
819, 40, 441, 401, 439, 402, 2, -1, -0.4636476090008061, 2.23606797749979
819, 41, 399, 71, 397, 71, 2, 0, 0.0, 2.0
819, 42, 414, 373, 412, 374, 2, -1, -0.4636476090008061, 2.23606797749979
819, 43, 321, 349, 319, 350, 2, -1, -0.4636476090008061, 2.23606797749979
819, 44, 354, 344, 352, 345, 2, -1, -0.4636476090008061, 2.23606797749979
819, 47, 247, 75, 246, 76, 1, -1, -0.7853981633974483, 1.4142135623730951
819, 48, 93, 403, 92, 404, 1, -1, -0.7853981633974483, 1.4142135623730951
819, 49, 138, 188, 137, 189, 1, -1, -0.7853981633974483, 1.4142135623730951
819, 50, 320, 343, 318, 344, 2, -1, -0.4636476090008061, 2.23606797749979
820, 1, 560, 343, 558, 343, 2, 0, 0.0, 2.0
820, 2, 479, 105, 477, 105, 2, 0, 0.0, 2.0
820, 5, 457, 378, 455, 379, 2, -1, -0.4636476090008061, 2.23606797749979
820, 11, 206, 375, 205, 376, 1, -1, -0.7853981633974483, 1.4142135623730951
820, 18, 300, 406, 298, 406, 2, 0, 0.0, 2.0
820, 19, 355, 124, 354, 125, 1, -1, -0.7853981633974483, 1.4142135623730951
820, 21, 328, 127, 327, 128, 1, -1, -0.7853981633974483, 1.4142135623730951
820, 23, 474, 345, 471, 346, 3, -1, -0.3217505543966422, 3.1622776601683795
820, 24, 611, 106, 607, 107, 4, -1, -0.24497866312686414, 4.123105625617661
820, 26, 399, 74, 398, 75, 1, -1, -0.7853981633974483, 1.4142135623730951
820, 27, 320, 79, 319, 80, 1, -1, -0.7853981633974483, 1.4142135623730951
820, 28, 22, 350, 21, 351, 1, -1, -0.7853981633974483, 1.4142135623730951
820, 29, 63, 307, 62, 309, 1, -2, -1.1071487177940904, 2.23606797749979
820, 35, 571, 105, 569, 105, 2, 0, 0.0, 2.0
820, 42, 442, 405, 440, 406, 2, -1, -0.4636476090008061, 2.23606797749979
820, 43, 100, 161, 99, 162, 1, -1, -0.7853981633974483, 1.4142135623730951
820, 44, 299, 99, 298, 100, 1, -1, -0.7853981633974483, 1.4142135623730951
820, 47, 454, 131, 453, 132, 1, -1, -0.7853981633974483, 1.4142135623730951
820, 49, 136, 191, 135, 192, 1, -1, -0.7853981633974483, 1.4142135623730951
820, 50, 350, 345, 348, 346, 2, -1, -0.4636476090008061, 2.23606797749979
820, 51, 505, 110, 504, 111, 1, -1, -0.7853981633974483, 1.4142135623730951
820, 54, 413, 351, 411, 351, 2, 0, 0.0, 2.0
820, 55, 476, 404, 474, 405, 2, -1, -0.4636476090008061, 2.23606797749979
820, 57, 37, 323, 36, 324, 1, -1, -0.7853981633974483, 1.4142135623730951
820, 58, 145, 125, 144, 124, 1, 1, 0.7853981633974483, 1.4142135623730951
820, 65, 427, 71, 426, 72, 1, -1, -0.7853981633974483, 1.4142135623730951
820, 67, 321, 352, 320, 353, 1, -1, -0.7853981633974483, 1.4142135623730951
820, 72, 518, 342, 516, 343, 2, -1, -0.4636476090008061, 2.23606797749979
820, 76, 448, 346, 445, 346, 3, 0, 0.0, 3.0
820, 77, 303, 105, 302, 106, 1, -1, -0.7853981633974483, 1.4142135623730951
820, 78, 13, 362, 12, 363, 1, -1, -0.7853981633974483, 1.4142135623730951
821, 1, 564, 343, 560, 343, 4, 0, 0.0, 4.0
821, 5, 458, 377, 457, 378, 1, -1, -0.7853981633974483, 1.4142135623730951
821, 14, 116, 329, 115, 330, 1, -1, -0.7853981633974483, 1.4142135623730951
821, 15, 358, 354, 356, 354, 2, 0, 0.0, 2.0
821, 16, 110, 196, 109, 197, 1, -1, -0.7853981633974483, 1.4142135623730951
821, 18, 301, 405, 300, 406, 1, -1, -0.7853981633974483, 1.4142135623730951
821, 21, 329, 126, 328, 127, 1, -1, -0.7853981633974483, 1.4142135623730951
821, 24, 614, 106, 611, 106, 3, 0, 0.0, 3.0
821, 26, 401, 73, 399, 74, 2, -1, -0.4636476090008061, 2.23606797749979
821, 27, 321, 78, 320, 79, 1, -1, -0.7853981633974483, 1.4142135623730951
821, 28, 23, 349, 22, 350, 1, -1, -0.7853981633974483, 1.4142135623730951
821, 34, 230, 291, 229, 292, 1, -1, -0.7853981633974483, 1.4142135623730951
821, 35, 573, 105, 571, 105, 2, 0, 0.0, 2.0
821, 39, 266, 369, 265, 370, 1, -1, -0.7853981633974483, 1.4142135623730951
821, 41, 496, 395, 495, 396, 1, -1, -0.7853981633974483, 1.4142135623730951
821, 42, 444, 404, 442, 405, 2, -1, -0.4636476090008061, 2.23606797749979
821, 43, 101, 160, 100, 161, 1, -1, -0.7853981633974483, 1.4142135623730951
821, 44, 300, 98, 299, 99, 1, -1, -0.7853981633974483, 1.4142135623730951
821, 45, 416, 377, 415, 378, 1, -1, -0.7853981633974483, 1.4142135623730951
821, 49, 137, 190, 136, 191, 1, -1, -0.7853981633974483, 1.4142135623730951
821, 50, 352, 344, 350, 345, 2, -1, -0.4636476090008061, 2.23606797749979
821, 54, 414, 350, 413, 351, 1, -1, -0.7853981633974483, 1.4142135623730951
821, 58, 146, 126, 145, 125, 1, 1, 0.7853981633974483, 1.4142135623730951
821, 59, 274, 92, 273, 93, 1, -1, -0.7853981633974483, 1.4142135623730951
821, 61, 95, 404, 94, 405, 1, -1, -0.7853981633974483, 1.4142135623730951
821, 62, 487, 352, 485, 353, 2, -1, -0.4636476090008061, 2.23606797749979
821, 67, 322, 351, 321, 352, 1, -1, -0.7853981633974483, 1.4142135623730951
821, 71, 341, 75, 340, 76, 1, -1, -0.7853981633974483, 1.4142135623730951
821, 72, 520, 340, 518, 342, 2, -2, -0.7853981633974483, 2.8284271247461903
821, 76, 451, 346, 448, 346, 3, 0, 0.0, 3.0
821, 79, 319, 88, 318, 89, 1, -1, -0.7853981633974483, 1.4142135623730951
822, 1, 565, 342, 564, 343, 1, -1, -0.7853981633974483, 1.4142135623730951
822, 5, 460, 376, 458, 377, 2, -1, -0.4636476090008061, 2.23606797749979
822, 15, 360, 354, 358, 354, 2, 0, 0.0, 2.0
822, 21, 330, 125, 329, 126, 1, -1, -0.7853981633974483, 1.4142135623730951
822, 23, 477, 344, 475, 345, 2, -1, -0.4636476090008061, 2.23606797749979
822, 24, 617, 106, 614, 106, 3, 0, 0.0, 3.0
822, 26, 403, 72, 401, 73, 2, -1, -0.4636476090008061, 2.23606797749979
822, 27, 322, 77, 321, 78, 1, -1, -0.7853981633974483, 1.4142135623730951
822, 29, 65, 306, 64, 307, 1, -1, -0.7853981633974483, 1.4142135623730951
822, 35, 574, 106, 573, 105, 1, 1, 0.7853981633974483, 1.4142135623730951
822, 36, 420, 131, 419, 132, 1, -1, -0.7853981633974483, 1.4142135623730951
822, 41, 498, 394, 496, 395, 2, -1, -0.4636476090008061, 2.23606797749979
822, 42, 445, 403, 444, 404, 1, -1, -0.7853981633974483, 1.4142135623730951
822, 44, 302, 97, 300, 98, 2, -1, -0.4636476090008061, 2.23606797749979
822, 45, 417, 376, 416, 377, 1, -1, -0.7853981633974483, 1.4142135623730951
822, 47, 455, 129, 454, 130, 1, -1, -0.7853981633974483, 1.4142135623730951
822, 49, 138, 189, 137, 190, 1, -1, -0.7853981633974483, 1.4142135623730951
822, 50, 354, 344, 352, 344, 2, 0, 0.0, 2.0
822, 55, 478, 403, 477, 404, 1, -1, -0.7853981633974483, 1.4142135623730951
822, 57, 39, 322, 38, 323, 1, -1, -0.7853981633974483, 1.4142135623730951
822, 62, 489, 352, 487, 352, 2, 0, 0.0, 2.0
822, 65, 428, 70, 427, 71, 1, -1, -0.7853981633974483, 1.4142135623730951
822, 66, 510, 403, 508, 403, 2, 0, 0.0, 2.0
822, 70, 179, 143, 178, 142, 1, 1, 0.7853981633974483, 1.4142135623730951
822, 71, 343, 74, 341, 75, 2, -1, -0.4636476090008061, 2.23606797749979
822, 72, 521, 339, 520, 340, 1, -1, -0.7853981633974483, 1.4142135623730951
822, 73, 195, 75, 194, 76, 1, -1, -0.7853981633974483, 1.4142135623730951
822, 74, 124, 393, 121, 394, 3, -1, -0.3217505543966422, 3.1622776601683795
822, 76, 454, 345, 451, 346, 3, -1, -0.3217505543966422, 3.1622776601683795
822, 79, 320, 87, 319, 88, 1, -1, -0.7853981633974483, 1.4142135623730951
823, 1, 566, 341, 565, 342, 1, -1, -0.7853981633974483, 1.4142135623730951
823, 4, 601, 72, 600, 73, 1, -1, -0.7853981633974483, 1.4142135623730951
823, 5, 462, 375, 460, 376, 2, -1, -0.4636476090008061, 2.23606797749979
823, 9, 23, 131, 22, 132, 1, -1, -0.7853981633974483, 1.4142135623730951
823, 15, 361, 353, 360, 354, 1, -1, -0.7853981633974483, 1.4142135623730951
823, 16, 111, 194, 110, 195, 1, -1, -0.7853981633974483, 1.4142135623730951
823, 22, 577, 137, 575, 137, 2, 0, 0.0, 2.0
823, 24, 619, 106, 617, 106, 2, 0, 0.0, 2.0
823, 25, 149, 405, 148, 406, 1, -1, -0.7853981633974483, 1.4142135623730951
823, 26, 405, 72, 403, 72, 2, 0, 0.0, 2.0
823, 27, 324, 76, 322, 77, 2, -1, -0.4636476090008061, 2.23606797749979
823, 35, 576, 106, 574, 106, 2, 0, 0.0, 2.0
823, 36, 421, 130, 420, 131, 1, -1, -0.7853981633974483, 1.4142135623730951
823, 39, 268, 370, 267, 369, 1, 1, 0.7853981633974483, 1.4142135623730951
823, 41, 500, 393, 498, 394, 2, -1, -0.4636476090008061, 2.23606797749979
823, 42, 447, 402, 445, 403, 2, -1, -0.4636476090008061, 2.23606797749979
823, 44, 303, 96, 302, 97, 1, -1, -0.7853981633974483, 1.4142135623730951
823, 47, 457, 128, 455, 129, 2, -1, -0.4636476090008061, 2.23606797749979
823, 49, 139, 188, 138, 189, 1, -1, -0.7853981633974483, 1.4142135623730951
823, 50, 356, 343, 354, 344, 2, -1, -0.4636476090008061, 2.23606797749979
823, 51, 508, 111, 506, 110, 2, 1, 0.4636476090008061, 2.23606797749979
823, 55, 479, 402, 478, 403, 1, -1, -0.7853981633974483, 1.4142135623730951
823, 57, 40, 321, 39, 322, 1, -1, -0.7853981633974483, 1.4142135623730951
823, 58, 148, 125, 146, 126, 2, -1, -0.4636476090008061, 2.23606797749979
823, 59, 277, 92, 275, 92, 2, 0, 0.0, 2.0
823, 60, 42, 148, 41, 149, 1, -1, -0.7853981633974483, 1.4142135623730951
823, 62, 491, 352, 489, 352, 2, 0, 0.0, 2.0
823, 64, 216, 135, 215, 136, 1, -1, -0.7853981633974483, 1.4142135623730951
823, 67, 325, 350, 323, 351, 2, -1, -0.4636476090008061, 2.23606797749979
823, 68, 148, 193, 147, 194, 1, -1, -0.7853981633974483, 1.4142135623730951
823, 70, 180, 142, 179, 143, 1, -1, -0.7853981633974483, 1.4142135623730951
823, 71, 344, 73, 343, 74, 1, -1, -0.7853981633974483, 1.4142135623730951
823, 72, 524, 338, 521, 339, 3, -1, -0.3217505543966422, 3.1622776601683795
823, 76, 457, 345, 454, 345, 3, 0, 0.0, 3.0
824, 1, 567, 340, 566, 341, 1, -1, -0.7853981633974483, 1.4142135623730951
824, 2, 483, 104, 482, 105, 1, -1, -0.7853981633974483, 1.4142135623730951
824, 4, 602, 71, 601, 72, 1, -1, -0.7853981633974483, 1.4142135623730951
824, 5, 464, 375, 462, 375, 2, 0, 0.0, 2.0
824, 15, 363, 353, 361, 353, 2, 0, 0.0, 2.0
824, 18, 304, 404, 303, 405, 1, -1, -0.7853981633974483, 1.4142135623730951
824, 19, 359, 123, 358, 124, 1, -1, -0.7853981633974483, 1.4142135623730951
824, 21, 332, 124, 331, 125, 1, -1, -0.7853981633974483, 1.4142135623730951
824, 22, 580, 137, 577, 137, 3, 0, 0.0, 3.0
824, 24, 621, 105, 619, 106, 2, -1, -0.4636476090008061, 2.23606797749979
824, 26, 406, 71, 405, 72, 1, -1, -0.7853981633974483, 1.4142135623730951
824, 28, 24, 346, 23, 347, 1, -1, -0.7853981633974483, 1.4142135623730951
824, 29, 66, 304, 65, 305, 1, -1, -0.7853981633974483, 1.4142135623730951
824, 32, 337, 405, 336, 406, 1, -1, -0.7853981633974483, 1.4142135623730951
824, 35, 578, 107, 576, 106, 2, 1, 0.4636476090008061, 2.23606797749979
824, 41, 502, 392, 500, 393, 2, -1, -0.4636476090008061, 2.23606797749979
824, 42, 448, 401, 447, 402, 1, -1, -0.7853981633974483, 1.4142135623730951
824, 46, 335, 397, 333, 398, 2, -1, -0.4636476090008061, 2.23606797749979
824, 51, 510, 112, 508, 111, 2, 1, 0.4636476090008061, 2.23606797749979
824, 57, 41, 320, 40, 321, 1, -1, -0.7853981633974483, 1.4142135623730951
824, 58, 149, 124, 148, 125, 1, -1, -0.7853981633974483, 1.4142135623730951
824, 62, 493, 351, 491, 352, 2, -1, -0.4636476090008061, 2.23606797749979
824, 64, 217, 134, 216, 135, 1, -1, -0.7853981633974483, 1.4142135623730951
824, 72, 526, 336, 524, 338, 2, -2, -0.7853981633974483, 2.8284271247461903
824, 74, 125, 392, 124, 393, 1, -1, -0.7853981633974483, 1.4142135623730951
824, 75, 147, 379, 149, 379, -2, 0, 3.141592653589793, 2.0
824, 76, 459, 344, 457, 345, 2, -1, -0.4636476090008061, 2.23606797749979
824, 77, 305, 104, 304, 105, 1, -1, -0.7853981633974483, 1.4142135623730951
824, 79, 322, 86, 321, 87, 1, -1, -0.7853981633974483, 1.4142135623730951
825, 0, 566, 341, 564, 343, 2, -2, -0.7853981633974483, 2.8284271247461903
825, 1, 483, 105, 481, 106, 2, -1, -0.4636476090008061, 2.23606797749979
825, 5, 460, 377, 458, 377, 2, 0, 0.0, 2.0
825, 6, 389, 127, 387, 128, 2, -1, -0.4636476090008061, 2.23606797749979
825, 11, 150, 407, 149, 408, 1, -1, -0.7853981633974483, 1.4142135623730951
825, 12, 280, 88, 279, 89, 1, -1, -0.7853981633974483, 1.4142135623730951
825, 14, 25, 350, 24, 351, 1, -1, -0.7853981633974483, 1.4142135623730951
825, 17, 263, 76, 262, 77, 1, -1, -0.7853981633974483, 1.4142135623730951
825, 18, 576, 106, 574, 106, 2, 0, 0.0, 2.0
825, 21, 581, 139, 579, 139, 2, 0, 0.0, 2.0
825, 23, 337, 406, 336, 407, 1, -1, -0.7853981633974483, 1.4142135623730951
825, 24, 448, 403, 446, 404, 2, -1, -0.4636476090008061, 2.23606797749979
825, 27, 305, 405, 304, 406, 1, -1, -0.7853981633974483, 1.4142135623730951
825, 31, 331, 126, 330, 127, 1, -1, -0.7853981633974483, 1.4142135623730951
825, 32, 326, 351, 324, 352, 2, -1, -0.4636476090008061, 2.23606797749979
825, 33, 420, 375, 418, 375, 2, 0, 0.0, 2.0
825, 35, 404, 73, 402, 74, 2, -1, -0.4636476090008061, 2.23606797749979
825, 44, 537, 140, 535, 140, 2, 0, 0.0, 2.0
825, 49, 558, 336, 556, 337, 2, -1, -0.4636476090008061, 2.23606797749979
825, 51, 67, 305, 66, 307, 1, -2, -1.1071487177940904, 2.23606797749979
825, 53, 416, 350, 414, 351, 2, -1, -0.4636476090008061, 2.23606797749979
825, 61, 190, 74, 189, 75, 1, -1, -0.7853981633974483, 1.4142135623730951
825, 63, 219, 130, 218, 131, 1, -1, -0.7853981633974483, 1.4142135623730951
825, 68, 32, 395, 31, 397, 1, -2, -1.1071487177940904, 2.23606797749979
825, 69, 599, 78, 598, 79, 1, -1, -0.7853981633974483, 1.4142135623730951
825, 70, 303, 98, 302, 99, 1, -1, -0.7853981633974483, 1.4142135623730951
825, 71, 215, 180, 214, 181, 1, -1, -0.7853981633974483, 1.4142135623730951
826, 0, 569, 339, 566, 341, 3, -2, -0.5880026035475675, 3.605551275463989
826, 1, 485, 105, 483, 105, 2, 0, 0.0, 2.0
826, 2, 606, 74, 604, 74, 2, 0, 0.0, 2.0
826, 5, 461, 376, 460, 377, 1, -1, -0.7853981633974483, 1.4142135623730951
826, 6, 391, 126, 389, 127, 2, -1, -0.4636476090008061, 2.23606797749979
826, 12, 282, 87, 280, 88, 2, -1, -0.4636476090008061, 2.23606797749979
826, 14, 26, 349, 25, 350, 1, -1, -0.7853981633974483, 1.4142135623730951
826, 16, 113, 194, 111, 195, 2, -1, -0.4636476090008061, 2.23606797749979
826, 17, 264, 75, 263, 76, 1, -1, -0.7853981633974483, 1.4142135623730951
826, 18, 579, 106, 576, 106, 3, 0, 0.0, 3.0
826, 21, 583, 139, 581, 139, 2, 0, 0.0, 2.0
826, 23, 338, 405, 337, 406, 1, -1, -0.7853981633974483, 1.4142135623730951
826, 24, 450, 402, 448, 403, 2, -1, -0.4636476090008061, 2.23606797749979
826, 27, 306, 404, 305, 405, 1, -1, -0.7853981633974483, 1.4142135623730951
826, 28, 352, 72, 351, 73, 1, -1, -0.7853981633974483, 1.4142135623730951
826, 29, 333, 397, 332, 398, 1, -1, -0.7853981633974483, 1.4142135623730951
826, 31, 332, 125, 331, 126, 1, -1, -0.7853981633974483, 1.4142135623730951
826, 32, 328, 350, 326, 351, 2, -1, -0.4636476090008061, 2.23606797749979
826, 38, 224, 102, 223, 103, 1, -1, -0.7853981633974483, 1.4142135623730951
826, 41, 45, 150, 44, 151, 1, -1, -0.7853981633974483, 1.4142135623730951
826, 42, 63, 155, 61, 156, 2, -1, -0.4636476090008061, 2.23606797749979
826, 49, 561, 334, 558, 336, 3, -2, -0.5880026035475675, 3.605551275463989
826, 51, 68, 304, 67, 305, 1, -1, -0.7853981633974483, 1.4142135623730951
826, 55, 617, 113, 615, 113, 2, 0, 0.0, 2.0
826, 56, 41, 321, 40, 322, 1, -1, -0.7853981633974483, 1.4142135623730951
826, 68, 34, 394, 32, 395, 2, -1, -0.4636476090008061, 2.23606797749979
826, 70, 304, 97, 303, 98, 1, -1, -0.7853981633974483, 1.4142135623730951
827, 0, 572, 338, 569, 339, 3, -1, -0.3217505543966422, 3.1622776601683795
827, 1, 487, 104, 485, 105, 2, -1, -0.4636476090008061, 2.23606797749979
827, 2, 608, 73, 606, 74, 2, -1, -0.4636476090008061, 2.23606797749979
827, 4, 182, 166, 181, 167, 1, -1, -0.7853981633974483, 1.4142135623730951
827, 5, 463, 376, 461, 376, 2, 0, 0.0, 2.0
827, 6, 393, 125, 391, 126, 2, -1, -0.4636476090008061, 2.23606797749979
827, 10, 24, 131, 23, 132, 1, -1, -0.7853981633974483, 1.4142135623730951
827, 14, 27, 348, 26, 349, 1, -1, -0.7853981633974483, 1.4142135623730951
827, 15, 118, 328, 117, 329, 1, -1, -0.7853981633974483, 1.4142135623730951
827, 18, 582, 103, 579, 106, 3, -3, -0.7853981633974483, 4.242640687119285
827, 21, 584, 138, 583, 139, 1, -1, -0.7853981633974483, 1.4142135623730951
827, 23, 339, 404, 338, 405, 1, -1, -0.7853981633974483, 1.4142135623730951
827, 24, 451, 401, 450, 402, 1, -1, -0.7853981633974483, 1.4142135623730951
827, 29, 334, 396, 333, 397, 1, -1, -0.7853981633974483, 1.4142135623730951
827, 31, 333, 124, 332, 125, 1, -1, -0.7853981633974483, 1.4142135623730951
827, 32, 329, 349, 328, 350, 1, -1, -0.7853981633974483, 1.4142135623730951
827, 33, 423, 375, 421, 375, 2, 0, 0.0, 2.0
827, 38, 225, 101, 224, 102, 1, -1, -0.7853981633974483, 1.4142135623730951
827, 42, 64, 154, 63, 155, 1, -1, -0.7853981633974483, 1.4142135623730951
827, 43, 543, 141, 541, 141, 2, 0, 0.0, 2.0
827, 44, 540, 140, 538, 140, 2, 0, 0.0, 2.0
827, 49, 563, 334, 561, 334, 2, 0, 0.0, 2.0
827, 53, 418, 349, 417, 350, 1, -1, -0.7853981633974483, 1.4142135623730951
827, 54, 126, 369, 125, 370, 1, -1, -0.7853981633974483, 1.4142135623730951
827, 55, 620, 114, 617, 113, 3, 1, 0.3217505543966422, 3.1622776601683795
827, 64, 69, 403, 68, 404, 1, -1, -0.7853981633974483, 1.4142135623730951
828, 0, 575, 337, 572, 338, 3, -1, -0.3217505543966422, 3.1622776601683795
828, 1, 489, 103, 487, 104, 2, -1, -0.4636476090008061, 2.23606797749979
828, 2, 610, 73, 608, 73, 2, 0, 0.0, 2.0
828, 3, 258, 68, 257, 69, 1, -1, -0.7853981633974483, 1.4142135623730951
828, 5, 464, 375, 463, 376, 1, -1, -0.7853981633974483, 1.4142135623730951
828, 6, 395, 124, 393, 125, 2, -1, -0.4636476090008061, 2.23606797749979
828, 11, 152, 406, 151, 407, 1, -1, -0.7853981633974483, 1.4142135623730951
828, 13, 482, 401, 481, 402, 1, -1, -0.7853981633974483, 1.4142135623730951
828, 14, 28, 347, 27, 348, 1, -1, -0.7853981633974483, 1.4142135623730951
828, 15, 119, 327, 118, 328, 1, -1, -0.7853981633974483, 1.4142135623730951
828, 16, 114, 192, 113, 193, 1, -1, -0.7853981633974483, 1.4142135623730951
828, 18, 584, 103, 582, 103, 2, 0, 0.0, 2.0
828, 19, 362, 124, 361, 125, 1, -1, -0.7853981633974483, 1.4142135623730951
828, 21, 585, 137, 584, 138, 1, -1, -0.7853981633974483, 1.4142135623730951
828, 23, 340, 403, 339, 404, 1, -1, -0.7853981633974483, 1.4142135623730951
828, 24, 453, 400, 451, 401, 2, -1, -0.4636476090008061, 2.23606797749979
828, 26, 363, 354, 362, 355, 1, -1, -0.7853981633974483, 1.4142135623730951
828, 27, 309, 403, 307, 404, 2, -1, -0.4636476090008061, 2.23606797749979
828, 29, 335, 395, 334, 396, 1, -1, -0.7853981633974483, 1.4142135623730951
828, 31, 334, 123, 333, 124, 1, -1, -0.7853981633974483, 1.4142135623730951
828, 42, 65, 153, 64, 154, 1, -1, -0.7853981633974483, 1.4142135623730951
828, 49, 565, 334, 563, 334, 2, 0, 0.0, 2.0
828, 54, 127, 368, 126, 369, 1, -1, -0.7853981633974483, 1.4142135623730951
828, 55, 622, 114, 620, 114, 2, 0, 0.0, 2.0
828, 68, 37, 394, 35, 394, 2, 0, 0.0, 2.0
829, 0, 576, 336, 575, 337, 1, -1, -0.7853981633974483, 1.4142135623730951
829, 1, 491, 102, 489, 103, 2, -1, -0.4636476090008061, 2.23606797749979
829, 2, 612, 72, 610, 73, 2, -1, -0.4636476090008061, 2.23606797749979
829, 3, 259, 67, 258, 68, 1, -1, -0.7853981633974483, 1.4142135623730951
829, 5, 466, 375, 464, 375, 2, 0, 0.0, 2.0
829, 6, 397, 123, 395, 124, 2, -1, -0.4636476090008061, 2.23606797749979
829, 10, 26, 130, 25, 131, 1, -1, -0.7853981633974483, 1.4142135623730951
829, 12, 283, 86, 282, 87, 1, -1, -0.7853981633974483, 1.4142135623730951
829, 16, 115, 190, 114, 192, 1, -2, -1.1071487177940904, 2.23606797749979
829, 18, 585, 102, 584, 103, 1, -1, -0.7853981633974483, 1.4142135623730951
829, 19, 363, 123, 362, 124, 1, -1, -0.7853981633974483, 1.4142135623730951
829, 21, 586, 136, 585, 137, 1, -1, -0.7853981633974483, 1.4142135623730951
829, 23, 341, 402, 340, 403, 1, -1, -0.7853981633974483, 1.4142135623730951
829, 31, 335, 122, 334, 123, 1, -1, -0.7853981633974483, 1.4142135623730951
829, 33, 425, 374, 424, 375, 1, -1, -0.7853981633974483, 1.4142135623730951
829, 38, 226, 99, 225, 100, 1, -1, -0.7853981633974483, 1.4142135623730951
829, 42, 66, 152, 65, 153, 1, -1, -0.7853981633974483, 1.4142135623730951
829, 43, 544, 140, 543, 141, 1, -1, -0.7853981633974483, 1.4142135623730951
829, 44, 542, 139, 541, 140, 1, -1, -0.7853981633974483, 1.4142135623730951
829, 47, 278, 82, 277, 83, 1, -1, -0.7853981633974483, 1.4142135623730951
829, 49, 567, 334, 565, 334, 2, 0, 0.0, 2.0
829, 53, 421, 349, 419, 349, 2, 0, 0.0, 2.0
829, 54, 128, 367, 127, 368, 1, -1, -0.7853981633974483, 1.4142135623730951
829, 55, 625, 114, 622, 114, 3, 0, 0.0, 3.0
829, 56, 44, 319, 42, 320, 2, -1, -0.4636476090008061, 2.23606797749979
829, 64, 70, 402, 69, 403, 1, -1, -0.7853981633974483, 1.4142135623730951
829, 66, 78, 397, 77, 398, 1, -1, -0.7853981633974483, 1.4142135623730951
829, 69, 603, 77, 602, 78, 1, -1, -0.7853981633974483, 1.4142135623730951
829, 70, 307, 96, 306, 97, 1, -1, -0.7853981633974483, 1.4142135623730951
830, 1, 573, 340, 571, 341, 2, -1, -0.4636476090008061, 2.23606797749979
830, 2, 610, 73, 609, 74, 1, -1, -0.7853981633974483, 1.4142135623730951
830, 3, 489, 104, 487, 105, 2, -1, -0.4636476090008061, 2.23606797749979
830, 5, 394, 127, 393, 128, 1, -1, -0.7853981633974483, 1.4142135623730951
830, 7, 467, 376, 465, 377, 2, -1, -0.4636476090008061, 2.23606797749979
830, 9, 27, 131, 26, 132, 1, -1, -0.7853981633974483, 1.4142135623730951
830, 13, 365, 354, 364, 355, 1, -1, -0.7853981633974483, 1.4142135623730951
830, 14, 115, 195, 114, 196, 1, -1, -0.7853981633974483, 1.4142135623730951
830, 17, 332, 348, 330, 349, 2, -1, -0.4636476090008061, 2.23606797749979
830, 21, 355, 73, 353, 73, 2, 0, 0.0, 2.0
830, 23, 626, 115, 623, 116, 3, -1, -0.3217505543966422, 3.1622776601683795
830, 24, 517, 404, 515, 404, 2, 0, 0.0, 2.0
830, 26, 342, 405, 341, 406, 1, -1, -0.7853981633974483, 1.4142135623730951
830, 27, 125, 193, 124, 194, 1, -1, -0.7853981633974483, 1.4142135623730951
830, 28, 271, 134, 270, 135, 1, -1, -0.7853981633974483, 1.4142135623730951
830, 30, 276, 82, 275, 83, 1, -1, -0.7853981633974483, 1.4142135623730951
830, 31, 585, 134, 584, 135, 1, -1, -0.7853981633974483, 1.4142135623730951
830, 34, 583, 106, 581, 106, 2, 0, 0.0, 2.0
830, 39, 45, 320, 44, 322, 1, -2, -1.1071487177940904, 2.23606797749979
830, 40, 426, 380, 424, 380, 2, 0, 0.0, 2.0
830, 41, 329, 85, 328, 86, 1, -1, -0.7853981633974483, 1.4142135623730951
830, 42, 336, 127, 334, 127, 2, 0, 0.0, 2.0
830, 46, 139, 302, 137, 302, 2, 0, 0.0, 2.0
830, 47, 467, 125, 466, 126, 1, -1, -0.7853981633974483, 1.4142135623730951
830, 48, 635, 101, 634, 102, 1, -1, -0.7853981633974483, 1.4142135623730951
830, 52, 72, 404, 71, 405, 1, -1, -0.7853981633974483, 1.4142135623730951
830, 61, 234, 291, 233, 292, 1, -1, -0.7853981633974483, 1.4142135623730951
830, 66, 603, 78, 602, 79, 1, -1, -0.7853981633974483, 1.4142135623730951
830, 68, 430, 124, 429, 125, 1, -1, -0.7853981633974483, 1.4142135623730951
831, 2, 612, 72, 610, 73, 2, -1, -0.4636476090008061, 2.23606797749979
831, 3, 491, 103, 489, 104, 2, -1, -0.4636476090008061, 2.23606797749979
831, 5, 396, 127, 394, 127, 2, 0, 0.0, 2.0
831, 7, 468, 375, 467, 376, 1, -1, -0.7853981633974483, 1.4142135623730951
831, 8, 260, 69, 259, 70, 1, -1, -0.7853981633974483, 1.4142135623730951
831, 14, 116, 194, 115, 195, 1, -1, -0.7853981633974483, 1.4142135623730951
831, 17, 333, 347, 332, 348, 1, -1, -0.7853981633974483, 1.4142135623730951
831, 19, 65, 154, 64, 155, 1, -1, -0.7853981633974483, 1.4142135623730951
831, 22, 310, 405, 308, 406, 2, -1, -0.4636476090008061, 2.23606797749979
831, 23, 627, 114, 626, 115, 1, -1, -0.7853981633974483, 1.4142135623730951
831, 24, 519, 403, 517, 404, 2, -1, -0.4636476090008061, 2.23606797749979
831, 25, 268, 373, 267, 372, 1, 1, 0.7853981633974483, 1.4142135623730951
831, 26, 343, 404, 342, 405, 1, -1, -0.7853981633974483, 1.4142135623730951
831, 27, 126, 192, 125, 193, 1, -1, -0.7853981633974483, 1.4142135623730951
831, 30, 277, 81, 276, 82, 1, -1, -0.7853981633974483, 1.4142135623730951
831, 31, 586, 133, 585, 134, 1, -1, -0.7853981633974483, 1.4142135623730951
831, 37, 453, 404, 451, 404, 2, 0, 0.0, 2.0
831, 39, 46, 319, 45, 320, 1, -1, -0.7853981633974483, 1.4142135623730951
831, 41, 330, 84, 329, 85, 1, -1, -0.7853981633974483, 1.4142135623730951
831, 42, 338, 126, 336, 127, 2, -1, -0.4636476090008061, 2.23606797749979
831, 47, 469, 124, 467, 125, 2, -1, -0.4636476090008061, 2.23606797749979
831, 48, 635, 99, 635, 101, 0, -2, -1.5707963267948966, 2.0
831, 49, 566, 108, 565, 109, 1, -1, -0.7853981633974483, 1.4142135623730951
831, 54, 452, 346, 450, 347, 2, -1, -0.4636476090008061, 2.23606797749979
831, 60, 23, 404, 22, 405, 1, -1, -0.7853981633974483, 1.4142135623730951
831, 64, 412, 73, 411, 74, 1, -1, -0.7853981633974483, 1.4142135623730951
831, 66, 605, 77, 603, 78, 2, -1, -0.4636476090008061, 2.23606797749979
831, 68, 432, 124, 430, 124, 2, 0, 0.0, 2.0
832, 2, 614, 71, 612, 72, 2, -1, -0.4636476090008061, 2.23606797749979
832, 3, 493, 102, 491, 103, 2, -1, -0.4636476090008061, 2.23606797749979
832, 5, 397, 126, 396, 127, 1, -1, -0.7853981633974483, 1.4142135623730951
832, 7, 469, 374, 468, 375, 1, -1, -0.7853981633974483, 1.4142135623730951
832, 8, 261, 68, 260, 69, 1, -1, -0.7853981633974483, 1.4142135623730951
832, 9, 28, 129, 27, 130, 1, -1, -0.7853981633974483, 1.4142135623730951
832, 12, 225, 99, 224, 100, 1, -1, -0.7853981633974483, 1.4142135623730951
832, 13, 367, 353, 366, 354, 1, -1, -0.7853981633974483, 1.4142135623730951
832, 14, 117, 192, 116, 194, 1, -2, -1.1071487177940904, 2.23606797749979
832, 17, 334, 346, 333, 347, 1, -1, -0.7853981633974483, 1.4142135623730951
832, 18, 28, 348, 27, 349, 1, -1, -0.7853981633974483, 1.4142135623730951
832, 22, 311, 404, 310, 405, 1, -1, -0.7853981633974483, 1.4142135623730951
832, 23, 629, 114, 627, 114, 2, 0, 0.0, 2.0
832, 24, 520, 402, 519, 403, 1, -1, -0.7853981633974483, 1.4142135623730951
832, 25, 270, 374, 268, 373, 2, 1, 0.4636476090008061, 2.23606797749979
832, 26, 344, 403, 343, 404, 1, -1, -0.7853981633974483, 1.4142135623730951
832, 27, 127, 191, 126, 192, 1, -1, -0.7853981633974483, 1.4142135623730951
832, 30, 278, 80, 277, 81, 1, -1, -0.7853981633974483, 1.4142135623730951
832, 31, 588, 132, 586, 133, 2, -1, -0.4636476090008061, 2.23606797749979
832, 39, 47, 318, 46, 319, 1, -1, -0.7853981633974483, 1.4142135623730951
832, 40, 429, 379, 427, 380, 2, -1, -0.4636476090008061, 2.23606797749979
832, 41, 331, 83, 330, 84, 1, -1, -0.7853981633974483, 1.4142135623730951
832, 42, 339, 125, 338, 126, 1, -1, -0.7853981633974483, 1.4142135623730951
832, 49, 568, 107, 566, 108, 2, -1, -0.4636476090008061, 2.23606797749979
832, 50, 47, 148, 46, 149, 1, -1, -0.7853981633974483, 1.4142135623730951
832, 51, 193, 140, 192, 142, 1, -2, -1.1071487177940904, 2.23606797749979
832, 54, 454, 345, 452, 346, 2, -1, -0.4636476090008061, 2.23606797749979
832, 64, 413, 72, 412, 73, 1, -1, -0.7853981633974483, 1.4142135623730951
832, 65, 117, 295, 116, 296, 1, -1, -0.7853981633974483, 1.4142135623730951
832, 66, 607, 76, 605, 77, 2, -1, -0.4636476090008061, 2.23606797749979
832, 68, 434, 123, 432, 124, 2, -1, -0.4636476090008061, 2.23606797749979
833, 3, 495, 101, 493, 102, 2, -1, -0.4636476090008061, 2.23606797749979
833, 4, 224, 68, 223, 69, 1, -1, -0.7853981633974483, 1.4142135623730951
833, 5, 398, 125, 397, 126, 1, -1, -0.7853981633974483, 1.4142135623730951
833, 6, 120, 326, 119, 327, 1, -1, -0.7853981633974483, 1.4142135623730951
833, 7, 471, 374, 469, 374, 2, 0, 0.0, 2.0
833, 8, 262, 67, 261, 68, 1, -1, -0.7853981633974483, 1.4142135623730951
833, 9, 29, 128, 28, 129, 1, -1, -0.7853981633974483, 1.4142135623730951
833, 17, 335, 345, 334, 346, 1, -1, -0.7853981633974483, 1.4142135623730951
833, 19, 66, 153, 65, 154, 1, -1, -0.7853981633974483, 1.4142135623730951
833, 20, 367, 125, 366, 126, 1, -1, -0.7853981633974483, 1.4142135623730951
833, 22, 312, 403, 311, 404, 1, -1, -0.7853981633974483, 1.4142135623730951
833, 23, 631, 114, 629, 114, 2, 0, 0.0, 2.0
833, 24, 521, 401, 520, 402, 1, -1, -0.7853981633974483, 1.4142135623730951
833, 26, 346, 403, 344, 403, 2, 0, 0.0, 2.0
833, 27, 128, 190, 127, 191, 1, -1, -0.7853981633974483, 1.4142135623730951
833, 29, 191, 327, 190, 328, 1, -1, -0.7853981633974483, 1.4142135623730951
833, 30, 279, 79, 278, 80, 1, -1, -0.7853981633974483, 1.4142135623730951
833, 31, 590, 131, 588, 132, 2, -1, -0.4636476090008061, 2.23606797749979
833, 34, 587, 106, 585, 106, 2, 0, 0.0, 2.0
833, 40, 430, 378, 429, 379, 1, -1, -0.7853981633974483, 1.4142135623730951
833, 41, 332, 82, 331, 83, 1, -1, -0.7853981633974483, 1.4142135623730951
833, 42, 341, 124, 339, 125, 2, -1, -0.4636476090008061, 2.23606797749979
833, 43, 362, 347, 361, 348, 1, -1, -0.7853981633974483, 1.4142135623730951
833, 44, 486, 398, 485, 399, 1, -1, -0.7853981633974483, 1.4142135623730951
833, 45, 264, 109, 263, 110, 1, -1, -0.7853981633974483, 1.4142135623730951
833, 47, 472, 123, 470, 124, 2, -1, -0.4636476090008061, 2.23606797749979
833, 49, 571, 106, 568, 107, 3, -1, -0.3217505543966422, 3.1622776601683795
833, 54, 456, 344, 454, 345, 2, -1, -0.4636476090008061, 2.23606797749979
833, 59, 220, 178, 219, 179, 1, -1, -0.7853981633974483, 1.4142135623730951
833, 60, 24, 402, 23, 403, 1, -1, -0.7853981633974483, 1.4142135623730951
833, 61, 236, 290, 235, 291, 1, -1, -0.7853981633974483, 1.4142135623730951
833, 62, 145, 190, 144, 191, 1, -1, -0.7853981633974483, 1.4142135623730951
833, 65, 118, 294, 117, 295, 1, -1, -0.7853981633974483, 1.4142135623730951
833, 67, 204, 373, 203, 374, 1, -1, -0.7853981633974483, 1.4142135623730951
833, 68, 436, 123, 434, 123, 2, 0, 0.0, 2.0
834, 1, 579, 340, 576, 340, 3, 0, 0.0, 3.0
834, 2, 616, 70, 615, 71, 1, -1, -0.7853981633974483, 1.4142135623730951
834, 4, 225, 67, 224, 68, 1, -1, -0.7853981633974483, 1.4142135623730951
834, 5, 400, 125, 398, 125, 2, 0, 0.0, 2.0
834, 7, 472, 373, 471, 374, 1, -1, -0.7853981633974483, 1.4142135623730951
834, 8, 263, 66, 262, 67, 1, -1, -0.7853981633974483, 1.4142135623730951
834, 13, 370, 352, 368, 353, 2, -1, -0.4636476090008061, 2.23606797749979
834, 14, 118, 190, 117, 191, 1, -1, -0.7853981633974483, 1.4142135623730951
834, 15, 159, 407, 155, 408, 4, -1, -0.24497866312686414, 4.123105625617661
834, 18, 29, 346, 28, 347, 1, -1, -0.7853981633974483, 1.4142135623730951
834, 20, 369, 124, 367, 125, 2, -1, -0.4636476090008061, 2.23606797749979
834, 21, 359, 72, 358, 73, 1, -1, -0.7853981633974483, 1.4142135623730951
834, 23, 633, 113, 631, 114, 2, -1, -0.4636476090008061, 2.23606797749979
834, 24, 522, 400, 521, 401, 1, -1, -0.7853981633974483, 1.4142135623730951
834, 26, 347, 402, 346, 403, 1, -1, -0.7853981633974483, 1.4142135623730951
834, 27, 129, 189, 128, 190, 1, -1, -0.7853981633974483, 1.4142135623730951
834, 28, 272, 130, 271, 132, 1, -2, -1.1071487177940904, 2.23606797749979
834, 31, 592, 130, 590, 131, 2, -1, -0.4636476090008061, 2.23606797749979
834, 34, 589, 105, 587, 106, 2, -1, -0.4636476090008061, 2.23606797749979
834, 35, 260, 390, 258, 391, 2, -1, -0.4636476090008061, 2.23606797749979
834, 38, 153, 144, 151, 146, 2, -2, -0.7853981633974483, 2.8284271247461903
834, 40, 432, 377, 430, 378, 2, -1, -0.4636476090008061, 2.23606797749979
834, 41, 334, 82, 332, 82, 2, 0, 0.0, 2.0
834, 42, 342, 123, 341, 124, 1, -1, -0.7853981633974483, 1.4142135623730951
834, 43, 364, 346, 362, 347, 2, -1, -0.4636476090008061, 2.23606797749979
834, 44, 490, 398, 486, 398, 4, 0, 0.0, 4.0
834, 49, 574, 106, 571, 106, 3, 0, 0.0, 3.0
834, 50, 50, 145, 47, 147, 3, -2, -0.5880026035475675, 3.605551275463989
834, 54, 458, 343, 456, 344, 2, -1, -0.4636476090008061, 2.23606797749979
834, 62, 148, 188, 145, 190, 3, -2, -0.5880026035475675, 3.605551275463989
834, 68, 437, 122, 436, 123, 1, -1, -0.7853981633974483, 1.4142135623730951
835, 2, 578, 340, 576, 341, 2, -1, -0.4636476090008061, 2.23606797749979
835, 3, 227, 68, 226, 69, 1, -1, -0.7853981633974483, 1.4142135623730951
835, 4, 263, 69, 262, 70, 1, -1, -0.7853981633974483, 1.4142135623730951
835, 5, 493, 105, 492, 104, 1, 1, 0.7853981633974483, 1.4142135623730951
835, 7, 399, 127, 398, 128, 1, -1, -0.7853981633974483, 1.4142135623730951
835, 15, 591, 134, 589, 135, 2, -1, -0.4636476090008061, 2.23606797749979
835, 17, 332, 79, 331, 80, 1, -1, -0.7853981633974483, 1.4142135623730951
835, 19, 369, 124, 367, 125, 2, -1, -0.4636476090008061, 2.23606797749979
835, 20, 30, 348, 29, 349, 1, -1, -0.7853981633974483, 1.4142135623730951
835, 23, 313, 405, 312, 406, 1, -1, -0.7853981633974483, 1.4142135623730951
835, 24, 369, 354, 368, 355, 1, -1, -0.7853981633974483, 1.4142135623730951
835, 25, 457, 404, 455, 404, 2, 0, 0.0, 2.0
835, 26, 347, 405, 346, 406, 1, -1, -0.7853981633974483, 1.4142135623730951
835, 30, 629, 106, 625, 108, 4, -2, -0.4636476090008061, 4.47213595499958
835, 31, 588, 105, 586, 106, 2, -1, -0.4636476090008061, 2.23606797749979
835, 32, 431, 379, 429, 379, 2, 0, 0.0, 2.0
835, 33, 491, 340, 487, 343, 4, -3, -0.6435011087932844, 5.0
835, 34, 415, 73, 413, 74, 2, -1, -0.4636476090008061, 2.23606797749979
835, 41, 481, 111, 480, 112, 1, -1, -0.7853981633974483, 1.4142135623730951
835, 47, 358, 72, 357, 73, 1, -1, -0.7853981633974483, 1.4142135623730951
835, 50, 333, 90, 330, 90, 3, 0, 0.0, 3.0
835, 51, 502, 351, 500, 351, 2, 0, 0.0, 2.0
835, 52, 547, 140, 546, 141, 1, -1, -0.7853981633974483, 1.4142135623730951
835, 54, 115, 353, 114, 354, 1, -1, -0.7853981633974483, 1.4142135623730951
835, 58, 588, 404, 586, 404, 2, 0, 0.0, 2.0
835, 63, 282, 370, 281, 371, 1, -1, -0.7853981633974483, 1.4142135623730951
835, 64, 521, 402, 520, 403, 1, -1, -0.7853981633974483, 1.4142135623730951
835, 66, 231, 80, 230, 81, 1, -1, -0.7853981633974483, 1.4142135623730951
835, 67, 49, 321, 48, 322, 1, -1, -0.7853981633974483, 1.4142135623730951
835, 70, 182, 291, 181, 292, 1, -1, -0.7853981633974483, 1.4142135623730951
835, 71, 575, 107, 572, 108, 3, -1, -0.3217505543966422, 3.1622776601683795
835, 75, 444, 71, 442, 72, 2, -1, -0.4636476090008061, 2.23606797749979
835, 79, 268, 133, 267, 134, 1, -1, -0.7853981633974483, 1.4142135623730951
835, 80, 401, 364, 400, 365, 1, -1, -0.7853981633974483, 1.4142135623730951
835, 81, 74, 404, 73, 405, 1, -1, -0.7853981633974483, 1.4142135623730951
835, 82, 266, 109, 265, 110, 1, -1, -0.7853981633974483, 1.4142135623730951
835, 85, 486, 398, 485, 399, 1, -1, -0.7853981633974483, 1.4142135623730951
835, 87, 211, 401, 210, 402, 1, -1, -0.7853981633974483, 1.4142135623730951
835, 88, 281, 82, 280, 83, 1, -1, -0.7853981633974483, 1.4142135623730951
836, 1, 580, 340, 578, 340, 2, 0, 0.0, 2.0
836, 2, 228, 67, 227, 68, 1, -1, -0.7853981633974483, 1.4142135623730951
836, 3, 264, 68, 263, 69, 1, -1, -0.7853981633974483, 1.4142135623730951
836, 5, 473, 377, 471, 377, 2, 0, 0.0, 2.0
836, 6, 401, 127, 399, 127, 2, 0, 0.0, 2.0
836, 12, 119, 192, 118, 193, 1, -1, -0.7853981633974483, 1.4142135623730951
836, 14, 593, 134, 591, 134, 2, 0, 0.0, 2.0
836, 16, 333, 78, 332, 79, 1, -1, -0.7853981633974483, 1.4142135623730951
836, 18, 371, 123, 369, 124, 2, -1, -0.4636476090008061, 2.23606797749979
836, 21, 314, 404, 313, 405, 1, -1, -0.7853981633974483, 1.4142135623730951
836, 22, 371, 353, 369, 354, 2, -1, -0.4636476090008061, 2.23606797749979
836, 23, 459, 404, 457, 404, 2, 0, 0.0, 2.0
836, 24, 348, 404, 347, 405, 1, -1, -0.7853981633974483, 1.4142135623730951
836, 25, 78, 308, 73, 308, 5, 0, 0.0, 5.0
836, 27, 223, 134, 224, 132, -1, 2, 2.0344439357957027, 2.23606797749979
836, 28, 632, 106, 629, 106, 3, 0, 0.0, 3.0
836, 29, 590, 104, 588, 105, 2, -1, -0.4636476090008061, 2.23606797749979
836, 30, 432, 378, 431, 379, 1, -1, -0.7853981633974483, 1.4142135623730951
836, 31, 496, 338, 491, 340, 5, -2, -0.3805063771123649, 5.385164807134504
836, 32, 418, 73, 415, 73, 3, 0, 0.0, 3.0
836, 38, 238, 292, 237, 293, 1, -1, -0.7853981633974483, 1.4142135623730951
836, 39, 482, 110, 481, 111, 1, -1, -0.7853981633974483, 1.4142135623730951
836, 45, 359, 71, 358, 72, 1, -1, -0.7853981633974483, 1.4142135623730951
836, 48, 335, 89, 333, 90, 2, -1, -0.4636476090008061, 2.23606797749979
836, 49, 504, 351, 502, 351, 2, 0, 0.0, 2.0
836, 50, 550, 140, 547, 140, 3, 0, 0.0, 3.0
836, 52, 117, 352, 115, 353, 2, -1, -0.4636476090008061, 2.23606797749979
836, 53, 313, 98, 312, 99, 1, -1, -0.7853981633974483, 1.4142135623730951
836, 54, 147, 189, 146, 190, 1, -1, -0.7853981633974483, 1.4142135623730951
836, 56, 589, 403, 588, 404, 1, -1, -0.7853981633974483, 1.4142135623730951
836, 58, 436, 125, 435, 126, 1, -1, -0.7853981633974483, 1.4142135623730951
836, 60, 112, 160, 108, 162, 4, -2, -0.4636476090008061, 4.47213595499958
836, 61, 284, 370, 282, 370, 2, 0, 0.0, 2.0
836, 66, 474, 127, 472, 127, 2, 0, 0.0, 2.0
836, 69, 578, 107, 575, 107, 3, 0, 0.0, 3.0
836, 73, 446, 70, 444, 71, 2, -1, -0.4636476090008061, 2.23606797749979
836, 76, 535, 340, 533, 341, 2, -1, -0.4636476090008061, 2.23606797749979
836, 78, 403, 363, 401, 364, 2, -1, -0.4636476090008061, 2.23606797749979
836, 80, 267, 108, 266, 109, 1, -1, -0.7853981633974483, 1.4142135623730951
836, 86, 282, 81, 281, 82, 1, -1, -0.7853981633974483, 1.4142135623730951
837, 1, 583, 339, 580, 340, 3, -1, -0.3217505543966422, 3.1622776601683795
837, 2, 229, 66, 228, 67, 1, -1, -0.7853981633974483, 1.4142135623730951
837, 3, 265, 67, 264, 68, 1, -1, -0.7853981633974483, 1.4142135623730951
837, 4, 495, 104, 494, 105, 1, -1, -0.7853981633974483, 1.4142135623730951
837, 5, 476, 377, 473, 377, 3, 0, 0.0, 3.0
837, 6, 402, 126, 401, 127, 1, -1, -0.7853981633974483, 1.4142135623730951
837, 14, 595, 134, 593, 134, 2, 0, 0.0, 2.0
837, 16, 334, 77, 333, 78, 1, -1, -0.7853981633974483, 1.4142135623730951
837, 18, 373, 122, 371, 123, 2, -1, -0.4636476090008061, 2.23606797749979
837, 20, 315, 403, 314, 404, 1, -1, -0.7853981633974483, 1.4142135623730951
837, 21, 372, 352, 371, 353, 1, -1, -0.7853981633974483, 1.4142135623730951
837, 23, 349, 403, 348, 404, 1, -1, -0.7853981633974483, 1.4142135623730951
837, 27, 634, 106, 632, 106, 2, 0, 0.0, 2.0
837, 28, 592, 103, 590, 104, 2, -1, -0.4636476090008061, 2.23606797749979
837, 29, 433, 377, 432, 378, 1, -1, -0.7853981633974483, 1.4142135623730951
837, 30, 502, 338, 496, 338, 6, 0, 0.0, 6.0
837, 31, 420, 72, 418, 73, 2, -1, -0.4636476090008061, 2.23606797749979
837, 32, 337, 351, 336, 352, 1, -1, -0.7853981633974483, 1.4142135623730951
837, 38, 483, 109, 482, 110, 1, -1, -0.7853981633974483, 1.4142135623730951
837, 43, 340, 122, 339, 123, 1, -1, -0.7853981633974483, 1.4142135623730951
837, 47, 337, 89, 335, 89, 2, 0, 0.0, 2.0
837, 48, 506, 351, 504, 351, 2, 0, 0.0, 2.0
837, 49, 552, 139, 550, 140, 2, -1, -0.4636476090008061, 2.23606797749979
837, 51, 118, 351, 117, 352, 1, -1, -0.7853981633974483, 1.4142135623730951
837, 55, 591, 402, 589, 403, 2, -1, -0.4636476090008061, 2.23606797749979
837, 60, 286, 369, 284, 370, 2, -1, -0.4636476090008061, 2.23606797749979
837, 64, 50, 319, 49, 320, 1, -1, -0.7853981633974483, 1.4142135623730951
837, 68, 581, 106, 578, 107, 3, -1, -0.3217505543966422, 3.1622776601683795
837, 71, 448, 69, 446, 70, 2, -1, -0.4636476090008061, 2.23606797749979
837, 74, 537, 339, 535, 340, 2, -1, -0.4636476090008061, 2.23606797749979
837, 76, 405, 362, 403, 363, 2, -1, -0.4636476090008061, 2.23606797749979
837, 79, 255, 133, 254, 134, 1, -1, -0.7853981633974483, 1.4142135623730951
837, 83, 212, 399, 211, 400, 1, -1, -0.7853981633974483, 1.4142135623730951
837, 84, 283, 80, 282, 81, 1, -1, -0.7853981633974483, 1.4142135623730951
838, 3, 266, 66, 265, 67, 1, -1, -0.7853981633974483, 1.4142135623730951
838, 4, 499, 104, 495, 104, 4, 0, 0.0, 4.0
838, 5, 477, 376, 476, 377, 1, -1, -0.7853981633974483, 1.4142135623730951
838, 8, 618, 73, 616, 73, 2, 0, 0.0, 2.0
838, 12, 120, 190, 119, 191, 1, -1, -0.7853981633974483, 1.4142135623730951
838, 14, 597, 135, 595, 134, 2, 1, 0.4636476090008061, 2.23606797749979
838, 16, 335, 76, 334, 77, 1, -1, -0.7853981633974483, 1.4142135623730951
838, 18, 375, 121, 373, 122, 2, -1, -0.4636476090008061, 2.23606797749979
838, 21, 373, 351, 372, 352, 1, -1, -0.7853981633974483, 1.4142135623730951
838, 22, 461, 403, 460, 404, 1, -1, -0.7853981633974483, 1.4142135623730951
838, 23, 350, 402, 349, 403, 1, -1, -0.7853981633974483, 1.4142135623730951
838, 28, 594, 102, 592, 103, 2, -1, -0.4636476090008061, 2.23606797749979
838, 29, 435, 377, 433, 377, 2, 0, 0.0, 2.0
838, 30, 504, 337, 502, 338, 2, -1, -0.4636476090008061, 2.23606797749979
838, 32, 339, 351, 337, 351, 2, 0, 0.0, 2.0
838, 34, 263, 79, 262, 80, 1, -1, -0.7853981633974483, 1.4142135623730951
838, 36, 155, 126, 154, 124, 1, 2, 1.1071487177940904, 2.23606797749979
838, 38, 486, 113, 483, 109, 3, 4, 0.9272952180016122, 5.0
838, 39, 280, 87, 279, 88, 1, -1, -0.7853981633974483, 1.4142135623730951
838, 46, 196, 138, 195, 139, 1, -1, -0.7853981633974483, 1.4142135623730951
838, 47, 338, 87, 337, 89, 1, -2, -1.1071487177940904, 2.23606797749979
838, 48, 508, 350, 506, 351, 2, -1, -0.4636476090008061, 2.23606797749979
838, 49, 553, 138, 552, 139, 1, -1, -0.7853981633974483, 1.4142135623730951
838, 52, 315, 97, 314, 98, 1, -1, -0.7853981633974483, 1.4142135623730951
838, 57, 439, 124, 437, 125, 2, -1, -0.4636476090008061, 2.23606797749979
838, 60, 288, 368, 286, 369, 2, -1, -0.4636476090008061, 2.23606797749979
838, 61, 523, 401, 522, 402, 1, -1, -0.7853981633974483, 1.4142135623730951
838, 64, 51, 318, 50, 319, 1, -1, -0.7853981633974483, 1.4142135623730951
838, 68, 584, 105, 581, 106, 3, -1, -0.3217505543966422, 3.1622776601683795
838, 71, 450, 68, 448, 69, 2, -1, -0.4636476090008061, 2.23606797749979
838, 74, 539, 338, 537, 339, 2, -1, -0.4636476090008061, 2.23606797749979
838, 84, 285, 79, 283, 80, 2, -1, -0.4636476090008061, 2.23606797749979
839, 1, 585, 338, 584, 339, 1, -1, -0.7853981633974483, 1.4142135623730951
839, 2, 230, 62, 229, 65, 1, -3, -1.2490457723982544, 3.1622776601683795
839, 6, 404, 125, 403, 126, 1, -1, -0.7853981633974483, 1.4142135623730951
839, 10, 219, 358, 218, 359, 1, -1, -0.7853981633974483, 1.4142135623730951
839, 11, 30, 129, 29, 130, 1, -1, -0.7853981633974483, 1.4142135623730951
839, 13, 193, 327, 192, 329, 1, -2, -1.1071487177940904, 2.23606797749979
839, 14, 599, 136, 597, 135, 2, 1, 0.4636476090008061, 2.23606797749979
839, 16, 336, 75, 335, 76, 1, -1, -0.7853981633974483, 1.4142135623730951
839, 18, 376, 120, 375, 121, 1, -1, -0.7853981633974483, 1.4142135623730951
839, 20, 317, 402, 316, 403, 1, -1, -0.7853981633974483, 1.4142135623730951
839, 21, 374, 349, 373, 351, 1, -2, -1.1071487177940904, 2.23606797749979
839, 22, 462, 402, 461, 403, 1, -1, -0.7853981633974483, 1.4142135623730951
839, 23, 351, 401, 350, 402, 1, -1, -0.7853981633974483, 1.4142135623730951
839, 24, 79, 305, 78, 306, 1, -1, -0.7853981633974483, 1.4142135623730951
839, 26, 224, 132, 223, 133, 1, -1, -0.7853981633974483, 1.4142135623730951
839, 28, 596, 100, 594, 102, 2, -2, -0.7853981633974483, 2.8284271247461903
839, 29, 437, 377, 435, 377, 2, 0, 0.0, 2.0
839, 30, 506, 336, 504, 337, 2, -1, -0.4636476090008061, 2.23606797749979
839, 32, 341, 350, 339, 351, 2, -1, -0.4636476090008061, 2.23606797749979
839, 34, 264, 78, 263, 79, 1, -1, -0.7853981633974483, 1.4142135623730951
839, 40, 208, 374, 207, 375, 1, -1, -0.7853981633974483, 1.4142135623730951
839, 47, 339, 84, 338, 87, 1, -3, -1.2490457723982544, 3.1622776601683795
839, 48, 510, 349, 508, 350, 2, -1, -0.4636476090008061, 2.23606797749979
839, 49, 555, 137, 553, 138, 2, -1, -0.4636476090008061, 2.23606797749979
839, 55, 594, 402, 592, 402, 2, 0, 0.0, 2.0
839, 60, 290, 368, 288, 368, 2, 0, 0.0, 2.0
839, 61, 524, 400, 523, 401, 1, -1, -0.7853981633974483, 1.4142135623730951
839, 62, 53, 147, 52, 148, 1, -1, -0.7853981633974483, 1.4142135623730951
839, 63, 232, 77, 232, 80, 0, -3, -1.5707963267948966, 3.0
839, 64, 52, 317, 51, 318, 1, -1, -0.7853981633974483, 1.4142135623730951
839, 68, 585, 104, 584, 105, 1, -1, -0.7853981633974483, 1.4142135623730951
839, 69, 204, 320, 202, 321, 2, -1, -0.4636476090008061, 2.23606797749979
839, 71, 451, 67, 450, 68, 1, -1, -0.7853981633974483, 1.4142135623730951
839, 74, 540, 337, 539, 338, 1, -1, -0.7853981633974483, 1.4142135623730951
839, 77, 75, 401, 74, 403, 1, -2, -1.1071487177940904, 2.23606797749979
839, 78, 270, 107, 269, 108, 1, -1, -0.7853981633974483, 1.4142135623730951
839, 81, 490, 397, 489, 398, 1, -1, -0.7853981633974483, 1.4142135623730951
839, 84, 286, 78, 285, 79, 1, -1, -0.7853981633974483, 1.4142135623730951
840, 3, 406, 126, 405, 127, 1, -1, -0.7853981633974483, 1.4142135623730951
840, 6, 478, 377, 477, 378, 1, -1, -0.7853981633974483, 1.4142135623730951
840, 9, 268, 68, 267, 69, 1, -1, -0.7853981633974483, 1.4142135623730951
840, 13, 230, 66, 229, 67, 1, -1, -0.7853981633974483, 1.4142135623730951
840, 16, 318, 405, 317, 406, 1, -1, -0.7853981633974483, 1.4142135623730951
840, 17, 372, 124, 371, 125, 1, -1, -0.7853981633974483, 1.4142135623730951
840, 21, 436, 378, 435, 379, 1, -1, -0.7853981633974483, 1.4142135623730951
840, 23, 344, 125, 343, 126, 1, -1, -0.7853981633974483, 1.4142135623730951
840, 25, 334, 84, 333, 85, 1, -1, -0.7853981633974483, 1.4142135623730951
840, 28, 562, 143, 560, 143, 2, 0, 0.0, 2.0
840, 31, 613, 80, 611, 81, 2, -1, -0.4636476090008061, 2.23606797749979
840, 36, 495, 402, 494, 403, 1, -1, -0.7853981633974483, 1.4142135623730951
840, 37, 594, 104, 592, 105, 2, -1, -0.4636476090008061, 2.23606797749979
840, 38, 375, 353, 373, 354, 2, -1, -0.4636476090008061, 2.23606797749979
840, 48, 398, 131, 397, 132, 1, -1, -0.7853981633974483, 1.4142135623730951
840, 51, 477, 127, 475, 127, 2, 0, 0.0, 2.0
840, 60, 525, 403, 523, 404, 2, -1, -0.4636476090008061, 2.23606797749979
840, 61, 307, 72, 306, 73, 1, -1, -0.7853981633974483, 1.4142135623730951
840, 65, 74, 151, 72, 152, 2, -1, -0.4636476090008061, 2.23606797749979
840, 71, 228, 105, 228, 107, 0, -2, -1.5707963267948966, 2.0
840, 72, 635, 112, 637, 113, -2, -1, -2.677945044588987, 2.23606797749979
841, 2, 500, 105, 499, 106, 1, -1, -0.7853981633974483, 1.4142135623730951
841, 4, 585, 340, 583, 341, 2, -1, -0.4636476090008061, 2.23606797749979
841, 8, 621, 73, 619, 74, 2, -1, -0.4636476090008061, 2.23606797749979
841, 10, 229, 98, 228, 99, 1, -1, -0.7853981633974483, 1.4142135623730951
841, 11, 123, 193, 122, 194, 1, -1, -0.7853981633974483, 1.4142135623730951
841, 16, 319, 404, 318, 405, 1, -1, -0.7853981633974483, 1.4142135623730951
841, 17, 373, 123, 372, 124, 1, -1, -0.7853981633974483, 1.4142135623730951
841, 19, 364, 73, 362, 74, 2, -1, -0.4636476090008061, 2.23606797749979
841, 21, 438, 378, 436, 378, 2, 0, 0.0, 2.0
841, 25, 335, 83, 334, 84, 1, -1, -0.7853981633974483, 1.4142135623730951
841, 28, 564, 143, 562, 143, 2, 0, 0.0, 2.0
841, 31, 598, 138, 596, 138, 2, 0, 0.0, 2.0
841, 35, 497, 401, 495, 402, 2, -1, -0.4636476090008061, 2.23606797749979
841, 36, 596, 103, 594, 104, 2, -1, -0.4636476090008061, 2.23606797749979
841, 45, 64, 373, 63, 374, 1, -1, -0.7853981633974483, 1.4142135623730951
841, 47, 399, 130, 398, 131, 1, -1, -0.7853981633974483, 1.4142135623730951
841, 52, 151, 190, 150, 191, 1, -1, -0.7853981633974483, 1.4142135623730951
841, 56, 76, 402, 75, 403, 1, -1, -0.7853981633974483, 1.4142135623730951
841, 58, 203, 350, 202, 351, 1, -1, -0.7853981633974483, 1.4142135623730951
841, 62, 53, 319, 52, 320, 1, -1, -0.7853981633974483, 1.4142135623730951
841, 64, 77, 150, 74, 151, 3, -1, -0.3217505543966422, 3.1622776601683795
841, 65, 315, 131, 314, 132, 1, -1, -0.7853981633974483, 1.4142135623730951
841, 70, 229, 104, 228, 105, 1, -1, -0.7853981633974483, 1.4142135623730951
842, 1, 187, 167, 186, 168, 1, -1, -0.7853981633974483, 1.4142135623730951
842, 2, 502, 105, 500, 105, 2, 0, 0.0, 2.0
842, 3, 409, 126, 407, 126, 2, 0, 0.0, 2.0
842, 4, 588, 338, 585, 340, 3, -2, -0.5880026035475675, 3.605551275463989
842, 6, 480, 376, 479, 377, 1, -1, -0.7853981633974483, 1.4142135623730951
842, 8, 623, 72, 621, 73, 2, -1, -0.4636476090008061, 2.23606797749979
842, 9, 269, 67, 268, 68, 1, -1, -0.7853981633974483, 1.4142135623730951
842, 12, 35, 348, 34, 349, 1, -1, -0.7853981633974483, 1.4142135623730951
842, 14, 421, 73, 420, 74, 1, -1, -0.7853981633974483, 1.4142135623730951
842, 17, 374, 122, 373, 123, 1, -1, -0.7853981633974483, 1.4142135623730951
842, 18, 354, 404, 353, 405, 1, -1, -0.7853981633974483, 1.4142135623730951
842, 19, 365, 72, 364, 73, 1, -1, -0.7853981633974483, 1.4142135623730951
842, 21, 440, 378, 438, 378, 2, 0, 0.0, 2.0
842, 25, 336, 82, 335, 83, 1, -1, -0.7853981633974483, 1.4142135623730951
842, 28, 565, 142, 564, 143, 1, -1, -0.7853981633974483, 1.4142135623730951
842, 30, 615, 79, 614, 80, 1, -1, -0.7853981633974483, 1.4142135623730951
842, 33, 161, 407, 160, 408, 1, -1, -0.7853981633974483, 1.4142135623730951
842, 35, 498, 400, 497, 401, 1, -1, -0.7853981633974483, 1.4142135623730951
842, 36, 597, 102, 596, 103, 1, -1, -0.7853981633974483, 1.4142135623730951
842, 39, 55, 149, 54, 150, 1, -1, -0.7853981633974483, 1.4142135623730951
842, 41, 79, 304, 78, 305, 1, -1, -0.7853981633974483, 1.4142135623730951
842, 42, 499, 341, 497, 342, 2, -1, -0.4636476090008061, 2.23606797749979
842, 44, 576, 334, 574, 334, 2, 0, 0.0, 2.0
842, 47, 400, 129, 399, 130, 1, -1, -0.7853981633974483, 1.4142135623730951
842, 51, 319, 99, 317, 99, 2, 0, 0.0, 2.0
842, 56, 77, 401, 76, 402, 1, -1, -0.7853981633974483, 1.4142135623730951
842, 65, 316, 130, 315, 131, 1, -1, -0.7853981633974483, 1.4142135623730951
843, 0, 258, 149, 257, 150, 1, -1, -0.7853981633974483, 1.4142135623730951
843, 2, 505, 104, 502, 105, 3, -1, -0.3217505543966422, 3.1622776601683795
843, 3, 411, 126, 409, 126, 2, 0, 0.0, 2.0
843, 4, 591, 338, 588, 338, 3, 0, 0.0, 3.0
843, 6, 481, 375, 480, 376, 1, -1, -0.7853981633974483, 1.4142135623730951
843, 8, 625, 71, 623, 72, 2, -1, -0.4636476090008061, 2.23606797749979
843, 10, 230, 96, 229, 97, 1, -1, -0.7853981633974483, 1.4142135623730951
843, 11, 124, 192, 123, 193, 1, -1, -0.7853981633974483, 1.4142135623730951
843, 17, 375, 121, 374, 122, 1, -1, -0.7853981633974483, 1.4142135623730951
843, 19, 366, 71, 365, 72, 1, -1, -0.7853981633974483, 1.4142135623730951
843, 20, 281, 125, 280, 126, 1, -1, -0.7853981633974483, 1.4142135623730951
843, 21, 441, 377, 440, 378, 1, -1, -0.7853981633974483, 1.4142135623730951
843, 24, 213, 372, 212, 373, 1, -1, -0.7853981633974483, 1.4142135623730951
843, 28, 567, 140, 565, 142, 2, -2, -0.7853981633974483, 2.8284271247461903
843, 30, 617, 79, 615, 79, 2, 0, 0.0, 2.0
843, 32, 290, 375, 289, 376, 1, -1, -0.7853981633974483, 1.4142135623730951
843, 33, 162, 406, 161, 407, 1, -1, -0.7853981633974483, 1.4142135623730951
843, 35, 499, 399, 498, 400, 1, -1, -0.7853981633974483, 1.4142135623730951
843, 36, 599, 101, 597, 102, 2, -1, -0.4636476090008061, 2.23606797749979
843, 38, 88, 401, 87, 402, 1, -1, -0.7853981633974483, 1.4142135623730951
843, 39, 56, 148, 55, 149, 1, -1, -0.7853981633974483, 1.4142135623730951
843, 40, 444, 126, 442, 126, 2, 0, 0.0, 2.0
843, 41, 80, 302, 79, 304, 1, -2, -1.1071487177940904, 2.23606797749979
843, 42, 501, 340, 499, 341, 2, -1, -0.4636476090008061, 2.23606797749979
843, 43, 465, 404, 464, 405, 1, -1, -0.7853981633974483, 1.4142135623730951
843, 44, 579, 332, 576, 334, 3, -2, -0.5880026035475675, 3.605551275463989
843, 47, 402, 129, 400, 129, 2, 0, 0.0, 2.0
843, 56, 78, 400, 77, 401, 1, -1, -0.7853981633974483, 1.4142135623730951
843, 59, 528, 402, 527, 403, 1, -1, -0.7853981633974483, 1.4142135623730951
843, 60, 309, 71, 308, 72, 1, -1, -0.7853981633974483, 1.4142135623730951
843, 64, 80, 150, 78, 150, 2, 0, 0.0, 2.0
843, 66, 582, 112, 580, 112, 2, 0, 0.0, 2.0
843, 70, 230, 102, 229, 103, 1, -1, -0.7853981633974483, 1.4142135623730951
843, 71, 635, 111, 635, 113, 0, -2, -1.5707963267948966, 2.0
844, 1, 188, 165, 187, 166, 1, -1, -0.7853981633974483, 1.4142135623730951
844, 2, 507, 103, 505, 104, 2, -1, -0.4636476090008061, 2.23606797749979
844, 3, 413, 126, 411, 126, 2, 0, 0.0, 2.0
844, 4, 594, 337, 591, 338, 3, -1, -0.3217505543966422, 3.1622776601683795
844, 6, 483, 374, 481, 375, 2, -1, -0.4636476090008061, 2.23606797749979
844, 8, 627, 71, 625, 71, 2, 0, 0.0, 2.0
844, 10, 231, 95, 230, 96, 1, -1, -0.7853981633974483, 1.4142135623730951
844, 11, 125, 191, 124, 192, 1, -1, -0.7853981633974483, 1.4142135623730951
844, 16, 325, 403, 321, 404, 4, -1, -0.24497866312686414, 4.123105625617661
844, 17, 376, 120, 375, 121, 1, -1, -0.7853981633974483, 1.4142135623730951
844, 19, 369, 70, 366, 71, 3, -1, -0.3217505543966422, 3.1622776601683795
844, 21, 443, 377, 441, 377, 2, 0, 0.0, 2.0
844, 24, 214, 371, 213, 372, 1, -1, -0.7853981633974483, 1.4142135623730951
844, 27, 198, 136, 197, 137, 1, -1, -0.7853981633974483, 1.4142135623730951
844, 28, 569, 139, 567, 140, 2, -1, -0.4636476090008061, 2.23606797749979
844, 30, 619, 78, 617, 79, 2, -1, -0.4636476090008061, 2.23606797749979
844, 31, 601, 137, 600, 138, 1, -1, -0.7853981633974483, 1.4142135623730951
844, 35, 500, 398, 499, 399, 1, -1, -0.7853981633974483, 1.4142135623730951
844, 40, 446, 126, 444, 126, 2, 0, 0.0, 2.0
844, 42, 505, 338, 501, 340, 4, -2, -0.4636476090008061, 4.47213595499958
844, 43, 466, 403, 465, 404, 1, -1, -0.7853981633974483, 1.4142135623730951
844, 44, 582, 331, 579, 332, 3, -1, -0.3217505543966422, 3.1622776601683795
844, 47, 404, 129, 402, 129, 2, 0, 0.0, 2.0
844, 49, 104, 404, 103, 405, 1, -1, -0.7853981633974483, 1.4142135623730951
844, 50, 482, 126, 480, 127, 2, -1, -0.4636476090008061, 2.23606797749979
844, 52, 153, 188, 152, 189, 1, -1, -0.7853981633974483, 1.4142135623730951
844, 54, 375, 344, 374, 345, 1, -1, -0.7853981633974483, 1.4142135623730951
844, 57, 156, 384, 155, 385, 1, -1, -0.7853981633974483, 1.4142135623730951
844, 59, 532, 400, 528, 402, 4, -2, -0.4636476090008061, 4.47213595499958
844, 60, 310, 70, 309, 71, 1, -1, -0.7853981633974483, 1.4142135623730951
844, 63, 17, 361, 15, 363, 2, -2, -0.7853981633974483, 2.8284271247461903
844, 66, 584, 111, 582, 112, 2, -1, -0.4636476090008061, 2.23606797749979
844, 70, 231, 101, 230, 102, 1, -1, -0.7853981633974483, 1.4142135623730951
845, 1, 591, 339, 589, 340, 2, -1, -0.4636476090008061, 2.23606797749979
845, 2, 506, 105, 504, 106, 2, -1, -0.4636476090008061, 2.23606797749979
845, 3, 484, 376, 482, 377, 2, -1, -0.4636476090008061, 2.23606797749979
845, 5, 625, 74, 623, 74, 2, 0, 0.0, 2.0
845, 6, 410, 127, 408, 128, 2, -1, -0.4636476090008061, 2.23606797749979
845, 11, 281, 84, 280, 85, 1, -1, -0.7853981633974483, 1.4142135623730951
845, 15, 368, 72, 367, 73, 1, -1, -0.7853981633974483, 1.4142135623730951
845, 20, 356, 404, 355, 405, 1, -1, -0.7853981633974483, 1.4142135623730951
845, 23, 218, 376, 217, 377, 1, -1, -0.7853981633974483, 1.4142135623730951
845, 24, 380, 123, 377, 124, 3, -1, -0.3217505543966422, 3.1622776601683795
845, 29, 603, 138, 602, 139, 1, -1, -0.7853981633974483, 1.4142135623730951
845, 30, 466, 404, 465, 405, 1, -1, -0.7853981633974483, 1.4142135623730951
845, 33, 324, 404, 322, 405, 2, -1, -0.4636476090008061, 2.23606797749979
845, 34, 372, 345, 369, 346, 3, -1, -0.3217505543966422, 3.1622776601683795
845, 35, 290, 375, 289, 376, 1, -1, -0.7853981633974483, 1.4142135623730951
845, 39, 226, 180, 225, 181, 1, -1, -0.7853981633974483, 1.4142135623730951
845, 40, 262, 78, 261, 79, 1, -1, -0.7853981633974483, 1.4142135623730951
845, 41, 601, 105, 598, 105, 3, 0, 0.0, 3.0
845, 42, 46, 138, 45, 139, 1, -1, -0.7853981633974483, 1.4142135623730951
845, 44, 441, 376, 439, 377, 2, -1, -0.4636476090008061, 2.23606797749979
845, 47, 134, 198, 133, 199, 1, -1, -0.7853981633974483, 1.4142135623730951
845, 48, 345, 352, 344, 353, 1, -1, -0.7853981633974483, 1.4142135623730951
845, 49, 531, 402, 530, 403, 1, -1, -0.7853981633974483, 1.4142135623730951
846, 0, 190, 167, 188, 168, 2, -1, -0.4636476090008061, 2.23606797749979
846, 1, 593, 338, 591, 339, 2, -1, -0.4636476090008061, 2.23606797749979
846, 2, 508, 104, 506, 105, 2, -1, -0.4636476090008061, 2.23606797749979
846, 3, 485, 375, 484, 376, 1, -1, -0.7853981633974483, 1.4142135623730951
846, 4, 232, 96, 231, 97, 1, -1, -0.7853981633974483, 1.4142135623730951
846, 5, 628, 74, 625, 74, 3, 0, 0.0, 3.0
846, 6, 413, 127, 410, 127, 3, 0, 0.0, 3.0
846, 8, 125, 331, 124, 330, 1, 1, 0.7853981633974483, 1.4142135623730951
846, 10, 224, 363, 223, 362, 1, 1, 0.7853981633974483, 1.4142135623730951
846, 15, 369, 71, 368, 72, 1, -1, -0.7853981633974483, 1.4142135623730951
846, 17, 125, 191, 124, 192, 1, -1, -0.7853981633974483, 1.4142135623730951
846, 20, 358, 403, 356, 404, 2, -1, -0.4636476090008061, 2.23606797749979
846, 22, 350, 127, 348, 127, 2, 0, 0.0, 2.0
846, 24, 382, 123, 380, 123, 2, 0, 0.0, 2.0
846, 26, 201, 138, 200, 139, 1, -1, -0.7853981633974483, 1.4142135623730951
846, 29, 604, 137, 603, 138, 1, -1, -0.7853981633974483, 1.4142135623730951
846, 30, 467, 403, 466, 404, 1, -1, -0.7853981633974483, 1.4142135623730951
846, 33, 325, 403, 324, 404, 1, -1, -0.7853981633974483, 1.4142135623730951
846, 34, 374, 344, 372, 345, 2, -1, -0.4636476090008061, 2.23606797749979
846, 44, 443, 375, 441, 376, 2, -1, -0.4636476090008061, 2.23606797749979
846, 46, 153, 189, 152, 190, 1, -1, -0.7853981633974483, 1.4142135623730951
846, 47, 135, 196, 134, 198, 1, -2, -1.1071487177940904, 2.23606797749979
846, 48, 346, 351, 345, 352, 1, -1, -0.7853981633974483, 1.4142135623730951
846, 49, 532, 401, 531, 402, 1, -1, -0.7853981633974483, 1.4142135623730951
847, 1, 595, 337, 593, 338, 2, -1, -0.4636476090008061, 2.23606797749979
847, 3, 487, 374, 485, 375, 2, -1, -0.4636476090008061, 2.23606797749979
847, 4, 233, 95, 232, 96, 1, -1, -0.7853981633974483, 1.4142135623730951
847, 6, 415, 127, 413, 127, 2, 0, 0.0, 2.0
847, 7, 34, 131, 33, 133, 1, -2, -1.1071487177940904, 2.23606797749979
847, 10, 225, 362, 224, 363, 1, -1, -0.7853981633974483, 1.4142135623730951
847, 15, 371, 70, 369, 71, 2, -1, -0.4636476090008061, 2.23606797749979
847, 16, 37, 347, 36, 348, 1, -1, -0.7853981633974483, 1.4142135623730951
847, 17, 126, 189, 125, 191, 1, -2, -1.1071487177940904, 2.23606797749979
847, 20, 359, 402, 358, 403, 1, -1, -0.7853981633974483, 1.4142135623730951
847, 21, 341, 84, 340, 85, 1, -1, -0.7853981633974483, 1.4142135623730951
847, 22, 352, 125, 350, 127, 2, -2, -0.7853981633974483, 2.8284271247461903
847, 23, 218, 375, 217, 376, 1, -1, -0.7853981633974483, 1.4142135623730951
847, 26, 201, 135, 201, 138, 0, -3, -1.5707963267948966, 3.0
847, 29, 605, 136, 604, 137, 1, -1, -0.7853981633974483, 1.4142135623730951
847, 30, 468, 402, 467, 403, 1, -1, -0.7853981633974483, 1.4142135623730951
847, 33, 326, 402, 325, 403, 1, -1, -0.7853981633974483, 1.4142135623730951
847, 34, 376, 343, 374, 344, 2, -1, -0.4636476090008061, 2.23606797749979
847, 35, 291, 373, 290, 374, 1, -1, -0.7853981633974483, 1.4142135623730951
847, 37, 281, 124, 280, 125, 1, -1, -0.7853981633974483, 1.4142135623730951
847, 40, 263, 76, 262, 77, 1, -1, -0.7853981633974483, 1.4142135623730951
847, 41, 604, 105, 602, 105, 2, 0, 0.0, 2.0
847, 43, 157, 327, 159, 326, -2, 1, 2.677945044588987, 2.23606797749979
847, 44, 445, 374, 443, 375, 2, -1, -0.4636476090008061, 2.23606797749979
847, 48, 347, 350, 346, 351, 1, -1, -0.7853981633974483, 1.4142135623730951
847, 49, 533, 400, 532, 401, 1, -1, -0.7853981633974483, 1.4142135623730951
848, 1, 596, 336, 595, 337, 1, -1, -0.7853981633974483, 1.4142135623730951
848, 3, 489, 373, 487, 374, 2, -1, -0.4636476090008061, 2.23606797749979
848, 6, 416, 126, 415, 127, 1, -1, -0.7853981633974483, 1.4142135623730951
848, 15, 38, 346, 37, 347, 1, -1, -0.7853981633974483, 1.4142135623730951
848, 16, 127, 188, 126, 189, 1, -1, -0.7853981633974483, 1.4142135623730951
848, 18, 429, 74, 427, 74, 2, 0, 0.0, 2.0
848, 19, 360, 401, 359, 402, 1, -1, -0.7853981633974483, 1.4142135623730951
848, 20, 342, 83, 341, 84, 1, -1, -0.7853981633974483, 1.4142135623730951
848, 21, 354, 124, 352, 125, 2, -1, -0.4636476090008061, 2.23606797749979
848, 23, 385, 123, 383, 123, 2, 0, 0.0, 2.0
848, 24, 324, 100, 323, 101, 1, -1, -0.7853981633974483, 1.4142135623730951
848, 25, 202, 134, 201, 135, 1, -1, -0.7853981633974483, 1.4142135623730951
848, 29, 469, 401, 468, 402, 1, -1, -0.7853981633974483, 1.4142135623730951
848, 30, 165, 407, 164, 408, 1, -1, -0.7853981633974483, 1.4142135623730951
848, 39, 264, 75, 263, 76, 1, -1, -0.7853981633974483, 1.4142135623730951
848, 40, 606, 105, 604, 105, 2, 0, 0.0, 2.0
848, 43, 447, 373, 445, 374, 2, -1, -0.4636476090008061, 2.23606797749979
848, 46, 135, 194, 134, 196, 1, -2, -1.1071487177940904, 2.23606797749979
848, 47, 348, 349, 347, 350, 1, -1, -0.7853981633974483, 1.4142135623730951
848, 48, 534, 399, 533, 400, 1, -1, -0.7853981633974483, 1.4142135623730951
849, 1, 597, 335, 596, 336, 1, -1, -0.7853981633974483, 1.4142135623730951
849, 3, 490, 372, 489, 373, 1, -1, -0.7853981633974483, 1.4142135623730951
849, 7, 35, 130, 34, 131, 1, -1, -0.7853981633974483, 1.4142135623730951
849, 8, 126, 329, 125, 330, 1, -1, -0.7853981633974483, 1.4142135623730951
849, 14, 39, 345, 38, 346, 1, -1, -0.7853981633974483, 1.4142135623730951
849, 15, 128, 187, 127, 188, 1, -1, -0.7853981633974483, 1.4142135623730951
849, 17, 430, 73, 429, 74, 1, -1, -0.7853981633974483, 1.4142135623730951
849, 18, 361, 400, 360, 401, 1, -1, -0.7853981633974483, 1.4142135623730951
849, 19, 343, 82, 342, 83, 1, -1, -0.7853981633974483, 1.4142135623730951
849, 20, 356, 124, 354, 124, 2, 0, 0.0, 2.0
849, 23, 326, 99, 324, 100, 2, -1, -0.4636476090008061, 2.23606797749979
849, 27, 607, 135, 606, 136, 1, -1, -0.7853981633974483, 1.4142135623730951
849, 28, 471, 400, 469, 401, 2, -1, -0.4636476090008061, 2.23606797749979
849, 31, 328, 401, 327, 402, 1, -1, -0.7853981633974483, 1.4142135623730951
849, 32, 379, 343, 377, 343, 2, 0, 0.0, 2.0
849, 33, 292, 371, 291, 372, 1, -1, -0.7853981633974483, 1.4142135623730951
849, 35, 282, 122, 281, 123, 1, -1, -0.7853981633974483, 1.4142135623730951
849, 39, 608, 105, 606, 105, 2, 0, 0.0, 2.0
849, 42, 449, 373, 447, 373, 2, 0, 0.0, 2.0
849, 44, 155, 187, 154, 188, 1, -1, -0.7853981633974483, 1.4142135623730951
849, 46, 349, 348, 348, 349, 1, -1, -0.7853981633974483, 1.4142135623730951
849, 47, 535, 398, 534, 399, 1, -1, -0.7853981633974483, 1.4142135623730951
850, 2, 595, 339, 593, 339, 2, 0, 0.0, 2.0
850, 4, 511, 106, 509, 106, 2, 0, 0.0, 2.0
850, 10, 235, 97, 234, 98, 1, -1, -0.7853981633974483, 1.4142135623730951
850, 11, 414, 127, 413, 128, 1, -1, -0.7853981633974483, 1.4142135623730951
850, 12, 129, 190, 128, 191, 1, -1, -0.7853981633974483, 1.4142135623730951
850, 15, 39, 348, 38, 349, 1, -1, -0.7853981633974483, 1.4142135623730951
850, 19, 202, 136, 201, 137, 1, -1, -0.7853981633974483, 1.4142135623730951
850, 20, 429, 75, 427, 76, 2, -1, -0.4636476090008061, 2.23606797749979
850, 23, 503, 112, 501, 112, 2, 0, 0.0, 2.0
850, 24, 354, 132, 352, 133, 2, -1, -0.4636476090008061, 2.23606797749979
850, 26, 487, 128, 485, 128, 2, 0, 0.0, 2.0
850, 30, 83, 303, 82, 305, 1, -2, -1.1071487177940904, 2.23606797749979
850, 31, 447, 378, 445, 378, 2, 0, 0.0, 2.0
850, 32, 537, 109, 536, 110, 1, -1, -0.7853981633974483, 1.4142135623730951
850, 36, 350, 353, 348, 353, 2, 0, 0.0, 2.0
850, 37, 472, 404, 470, 405, 2, -1, -0.4636476090008061, 2.23606797749979
850, 38, 328, 403, 327, 404, 1, -1, -0.7853981633974483, 1.4142135623730951
850, 40, 59, 320, 58, 321, 1, -1, -0.7853981633974483, 1.4142135623730951
850, 41, 325, 101, 324, 102, 1, -1, -0.7853981633974483, 1.4142135623730951
850, 42, 503, 341, 502, 342, 1, -1, -0.7853981633974483, 1.4142135623730951
850, 44, 606, 105, 604, 105, 2, 0, 0.0, 2.0
850, 46, 59, 147, 58, 148, 1, -1, -0.7853981633974483, 1.4142135623730951
850, 52, 479, 135, 477, 135, 2, 0, 0.0, 2.0
850, 53, 157, 191, 156, 192, 1, -1, -0.7853981633974483, 1.4142135623730951
850, 57, 519, 348, 517, 349, 2, -1, -0.4636476090008061, 2.23606797749979
850, 58, 324, 132, 323, 133, 1, -1, -0.7853981633974483, 1.4142135623730951
850, 59, 589, 109, 588, 110, 1, -1, -0.7853981633974483, 1.4142135623730951
850, 61, 505, 403, 503, 404, 2, -1, -0.4636476090008061, 2.23606797749979
850, 63, 323, 397, 322, 398, 1, -1, -0.7853981633974483, 1.4142135623730951
851, 2, 596, 338, 595, 339, 1, -1, -0.7853981633974483, 1.4142135623730951
851, 13, 272, 68, 271, 69, 1, -1, -0.7853981633974483, 1.4142135623730951
851, 17, 374, 71, 373, 72, 1, -1, -0.7853981633974483, 1.4142135623730951
851, 23, 505, 111, 503, 112, 2, -1, -0.4636476090008061, 2.23606797749979
851, 24, 356, 131, 354, 132, 2, -1, -0.4636476090008061, 2.23606797749979
851, 28, 608, 134, 606, 135, 2, -1, -0.4636476090008061, 2.23606797749979
851, 30, 84, 302, 83, 303, 1, -1, -0.7853981633974483, 1.4142135623730951
851, 31, 449, 378, 447, 378, 2, 0, 0.0, 2.0
851, 32, 538, 108, 537, 109, 1, -1, -0.7853981633974483, 1.4142135623730951
851, 33, 359, 398, 358, 399, 1, -1, -0.7853981633974483, 1.4142135623730951
851, 36, 352, 352, 350, 353, 2, -1, -0.4636476090008061, 2.23606797749979
851, 37, 474, 403, 472, 404, 2, -1, -0.4636476090008061, 2.23606797749979
851, 38, 329, 402, 328, 403, 1, -1, -0.7853981633974483, 1.4142135623730951
851, 40, 60, 319, 59, 320, 1, -1, -0.7853981633974483, 1.4142135623730951
851, 41, 326, 100, 325, 101, 1, -1, -0.7853981633974483, 1.4142135623730951
851, 42, 506, 338, 503, 341, 3, -3, -0.7853981633974483, 4.242640687119285
851, 46, 60, 146, 59, 147, 1, -1, -0.7853981633974483, 1.4142135623730951
851, 47, 385, 355, 383, 355, 2, 0, 0.0, 2.0
851, 52, 480, 134, 479, 135, 1, -1, -0.7853981633974483, 1.4142135623730951
851, 54, 536, 402, 535, 403, 1, -1, -0.7853981633974483, 1.4142135623730951
851, 55, 281, 128, 280, 129, 1, -1, -0.7853981633974483, 1.4142135623730951
851, 56, 117, 161, 116, 162, 1, -1, -0.7853981633974483, 1.4142135623730951
851, 57, 521, 348, 519, 348, 2, 0, 0.0, 2.0
851, 58, 325, 131, 324, 132, 1, -1, -0.7853981633974483, 1.4142135623730951
851, 59, 590, 108, 589, 109, 1, -1, -0.7853981633974483, 1.4142135623730951
851, 61, 507, 402, 505, 403, 2, -1, -0.4636476090008061, 2.23606797749979
851, 63, 324, 396, 323, 397, 1, -1, -0.7853981633974483, 1.4142135623730951
852, 1, 256, 150, 258, 150, -2, 0, 3.141592653589793, 2.0
852, 2, 598, 338, 596, 338, 2, 0, 0.0, 2.0
852, 4, 514, 106, 512, 106, 2, 0, 0.0, 2.0
852, 6, 489, 375, 487, 376, 2, -1, -0.4636476090008061, 2.23606797749979
852, 11, 416, 126, 415, 127, 1, -1, -0.7853981633974483, 1.4142135623730951
852, 14, 385, 125, 383, 125, 2, 0, 0.0, 2.0
852, 18, 166, 407, 165, 408, 1, -1, -0.7853981633974483, 1.4142135623730951
852, 20, 432, 74, 430, 75, 2, -1, -0.4636476090008061, 2.23606797749979
852, 23, 507, 111, 505, 111, 2, 0, 0.0, 2.0
852, 24, 358, 130, 356, 131, 2, -1, -0.4636476090008061, 2.23606797749979
852, 28, 610, 132, 608, 134, 2, -2, -0.7853981633974483, 2.8284271247461903
852, 31, 451, 378, 449, 378, 2, 0, 0.0, 2.0
852, 32, 539, 107, 538, 108, 1, -1, -0.7853981633974483, 1.4142135623730951
852, 36, 354, 351, 352, 352, 2, -1, -0.4636476090008061, 2.23606797749979
852, 37, 476, 402, 474, 403, 2, -1, -0.4636476090008061, 2.23606797749979
852, 40, 61, 318, 60, 319, 1, -1, -0.7853981633974483, 1.4142135623730951
852, 41, 327, 99, 326, 100, 1, -1, -0.7853981633974483, 1.4142135623730951
852, 42, 509, 336, 506, 338, 3, -2, -0.5880026035475675, 3.605551275463989
852, 44, 609, 104, 607, 105, 2, -1, -0.4636476090008061, 2.23606797749979
852, 46, 61, 145, 60, 146, 1, -1, -0.7853981633974483, 1.4142135623730951
852, 47, 386, 354, 385, 355, 1, -1, -0.7853981633974483, 1.4142135623730951
852, 50, 524, 395, 523, 396, 1, -1, -0.7853981633974483, 1.4142135623730951
852, 52, 481, 133, 480, 134, 1, -1, -0.7853981633974483, 1.4142135623730951
852, 56, 118, 160, 117, 161, 1, -1, -0.7853981633974483, 1.4142135623730951
852, 57, 523, 348, 521, 348, 2, 0, 0.0, 2.0
852, 59, 592, 107, 590, 108, 2, -1, -0.4636476090008061, 2.23606797749979
852, 61, 509, 401, 507, 402, 2, -1, -0.4636476090008061, 2.23606797749979
852, 63, 325, 395, 324, 396, 1, -1, -0.7853981633974483, 1.4142135623730951
853, 1, 600, 337, 598, 338, 2, -1, -0.4636476090008061, 2.23606797749979
853, 2, 633, 74, 631, 75, 2, -1, -0.4636476090008061, 2.23606797749979
853, 10, 418, 125, 416, 126, 2, -1, -0.4636476090008061, 2.23606797749979
853, 13, 386, 124, 385, 125, 1, -1, -0.7853981633974483, 1.4142135623730951
853, 14, 40, 346, 39, 347, 1, -1, -0.7853981633974483, 1.4142135623730951
853, 19, 433, 73, 432, 74, 1, -1, -0.7853981633974483, 1.4142135623730951
853, 20, 240, 75, 239, 76, 1, -1, -0.7853981633974483, 1.4142135623730951
853, 22, 508, 110, 507, 111, 1, -1, -0.7853981633974483, 1.4142135623730951
853, 27, 612, 132, 610, 132, 2, 0, 0.0, 2.0
853, 29, 85, 300, 84, 301, 1, -1, -0.7853981633974483, 1.4142135623730951
853, 36, 478, 401, 476, 402, 2, -1, -0.4636476090008061, 2.23606797749979
853, 39, 62, 317, 61, 318, 1, -1, -0.7853981633974483, 1.4142135623730951
853, 40, 329, 98, 327, 99, 2, -1, -0.4636476090008061, 2.23606797749979
853, 41, 513, 335, 509, 336, 4, -1, -0.24497866312686414, 4.123105625617661
853, 44, 365, 406, 363, 406, 2, 0, 0.0, 2.0
853, 46, 388, 354, 386, 354, 2, 0, 0.0, 2.0
853, 49, 526, 394, 524, 395, 2, -1, -0.4636476090008061, 2.23606797749979
853, 52, 159, 189, 158, 190, 1, -1, -0.7853981633974483, 1.4142135623730951
853, 56, 526, 348, 523, 348, 3, 0, 0.0, 3.0
853, 58, 594, 106, 592, 107, 2, -1, -0.4636476090008061, 2.23606797749979
853, 62, 326, 394, 325, 395, 1, -1, -0.7853981633974483, 1.4142135623730951
854, 1, 602, 336, 600, 337, 2, -1, -0.4636476090008061, 2.23606797749979
854, 2, 635, 74, 633, 74, 2, 0, 0.0, 2.0
854, 3, 517, 105, 515, 106, 2, -1, -0.4636476090008061, 2.23606797749979
854, 5, 492, 375, 490, 375, 2, 0, 0.0, 2.0
854, 6, 36, 130, 35, 131, 1, -1, -0.7853981633974483, 1.4142135623730951
854, 9, 236, 92, 235, 94, 1, -2, -1.1071487177940904, 2.23606797749979
854, 10, 421, 124, 418, 125, 3, -1, -0.3217505543966422, 3.1622776601683795
854, 12, 275, 67, 274, 68, 1, -1, -0.7853981633974483, 1.4142135623730951
854, 17, 167, 406, 166, 407, 1, -1, -0.7853981633974483, 1.4142135623730951
854, 20, 241, 74, 240, 75, 1, -1, -0.7853981633974483, 1.4142135623730951
854, 22, 510, 110, 508, 110, 2, 0, 0.0, 2.0
854, 26, 614, 132, 612, 132, 2, 0, 0.0, 2.0
854, 30, 542, 109, 539, 107, 3, 2, 0.5880026035475675, 3.605551275463989
854, 34, 356, 350, 355, 351, 1, -1, -0.7853981633974483, 1.4142135623730951
854, 35, 480, 400, 478, 401, 2, -1, -0.4636476090008061, 2.23606797749979
854, 38, 63, 316, 62, 317, 1, -1, -0.7853981633974483, 1.4142135623730951
854, 39, 330, 97, 329, 98, 1, -1, -0.7853981633974483, 1.4142135623730951
854, 40, 519, 335, 513, 335, 6, 0, 0.0, 6.0
854, 41, 198, 329, 197, 330, 1, -1, -0.7853981633974483, 1.4142135623730951
854, 42, 611, 103, 610, 104, 1, -1, -0.7853981633974483, 1.4142135623730951
854, 44, 63, 144, 62, 145, 1, -1, -0.7853981633974483, 1.4142135623730951
854, 46, 249, 299, 247, 298, 2, 1, 0.4636476090008061, 2.23606797749979
854, 48, 528, 393, 526, 394, 2, -1, -0.4636476090008061, 2.23606797749979
854, 50, 483, 132, 482, 133, 1, -1, -0.7853981633974483, 1.4142135623730951
854, 52, 539, 401, 538, 402, 1, -1, -0.7853981633974483, 1.4142135623730951
854, 53, 283, 126, 282, 127, 1, -1, -0.7853981633974483, 1.4142135623730951
854, 55, 528, 347, 526, 348, 2, -1, -0.4636476090008061, 2.23606797749979
854, 57, 597, 105, 594, 106, 3, -1, -0.3217505543966422, 3.1622776601683795
854, 59, 512, 400, 510, 401, 2, -1, -0.4636476090008061, 2.23606797749979
854, 61, 328, 394, 326, 394, 2, 0, 0.0, 2.0
855, 1, 635, 74, 633, 75, 2, -1, -0.4636476090008061, 2.23606797749979
855, 2, 515, 107, 514, 106, 1, 1, 0.7853981633974483, 1.4142135623730951
855, 3, 602, 339, 600, 339, 2, 0, 0.0, 2.0
855, 7, 492, 377, 490, 377, 2, 0, 0.0, 2.0
855, 10, 420, 128, 418, 129, 2, -1, -0.4636476090008061, 2.23606797749979
855, 11, 132, 190, 131, 191, 1, -1, -0.7853981633974483, 1.4142135623730951
855, 12, 168, 408, 167, 409, 1, -1, -0.7853981633974483, 1.4142135623730951
855, 13, 388, 125, 387, 126, 1, -1, -0.7853981633974483, 1.4142135623730951
855, 14, 361, 396, 360, 397, 1, -1, -0.7853981633974483, 1.4142135623730951
855, 18, 41, 348, 40, 349, 1, -1, -0.7853981633974483, 1.4142135623730951
855, 20, 333, 403, 332, 404, 1, -1, -0.7853981633974483, 1.4142135623730951
855, 21, 366, 405, 365, 406, 1, -1, -0.7853981633974483, 1.4142135623730951
855, 27, 389, 354, 388, 355, 1, -1, -0.7853981633974483, 1.4142135623730951
855, 28, 478, 403, 476, 404, 2, -1, -0.4636476090008061, 2.23606797749979
855, 29, 544, 112, 542, 112, 2, 0, 0.0, 2.0
855, 33, 611, 104, 609, 105, 2, -1, -0.4636476090008061, 2.23606797749979
855, 36, 330, 99, 329, 100, 1, -1, -0.7853981633974483, 1.4142135623730951
855, 38, 354, 352, 353, 353, 1, -1, -0.7853981633974483, 1.4142135623730951
855, 39, 358, 127, 357, 128, 1, -1, -0.7853981633974483, 1.4142135623730951
855, 41, 86, 302, 85, 303, 1, -1, -0.7853981633974483, 1.4142135623730951
855, 44, 492, 131, 490, 131, 2, 0, 0.0, 2.0
855, 47, 376, 73, 375, 74, 1, -1, -0.7853981633974483, 1.4142135623730951
855, 48, 437, 76, 435, 76, 2, 0, 0.0, 2.0
855, 52, 164, 125, 163, 126, 1, -1, -0.7853981633974483, 1.4142135623730951
855, 56, 598, 106, 594, 107, 4, -1, -0.24497866312686414, 4.123105625617661
855, 61, 260, 133, 259, 134, 1, -1, -0.7853981633974483, 1.4142135623730951
855, 63, 556, 338, 554, 338, 2, 0, 0.0, 2.0
855, 64, 464, 72, 462, 72, 2, 0, 0.0, 2.0
856, 2, 516, 106, 515, 107, 1, -1, -0.7853981633974483, 1.4142135623730951
856, 5, 276, 69, 275, 70, 1, -1, -0.7853981633974483, 1.4142135623730951
856, 7, 494, 377, 492, 377, 2, 0, 0.0, 2.0
856, 10, 422, 128, 420, 128, 2, 0, 0.0, 2.0
856, 13, 389, 124, 388, 125, 1, -1, -0.7853981633974483, 1.4142135623730951
856, 15, 237, 96, 237, 98, 0, -2, -1.5707963267948966, 2.0
856, 16, 79, 153, 77, 154, 2, -1, -0.4636476090008061, 2.23606797749979
856, 18, 42, 347, 41, 348, 1, -1, -0.7853981633974483, 1.4142135623730951
856, 20, 334, 402, 333, 403, 1, -1, -0.7853981633974483, 1.4142135623730951
856, 21, 367, 404, 366, 405, 1, -1, -0.7853981633974483, 1.4142135623730951
856, 25, 63, 145, 62, 146, 1, -1, -0.7853981633974483, 1.4142135623730951
856, 26, 113, 86, 112, 87, 1, -1, -0.7853981633974483, 1.4142135623730951
856, 27, 390, 353, 389, 354, 1, -1, -0.7853981633974483, 1.4142135623730951
856, 28, 479, 402, 478, 403, 1, -1, -0.7853981633974483, 1.4142135623730951
856, 29, 546, 113, 544, 112, 2, 1, 0.4636476090008061, 2.23606797749979
856, 31, 612, 136, 611, 135, 1, 1, 0.7853981633974483, 1.4142135623730951
856, 33, 612, 103, 611, 104, 1, -1, -0.7853981633974483, 1.4142135623730951
856, 35, 453, 379, 451, 379, 2, 0, 0.0, 2.0
856, 36, 331, 98, 330, 99, 1, -1, -0.7853981633974483, 1.4142135623730951
856, 38, 356, 351, 354, 352, 2, -1, -0.4636476090008061, 2.23606797749979
856, 41, 87, 301, 86, 302, 1, -1, -0.7853981633974483, 1.4142135623730951
856, 42, 277, 103, 276, 104, 1, -1, -0.7853981633974483, 1.4142135623730951
856, 48, 438, 75, 437, 76, 1, -1, -0.7853981633974483, 1.4142135623730951
856, 51, 506, 112, 505, 113, 1, -1, -0.7853981633974483, 1.4142135623730951
856, 56, 601, 106, 598, 106, 3, 0, 0.0, 3.0
856, 57, 203, 71, 202, 72, 1, -1, -0.7853981633974483, 1.4142135623730951
856, 62, 64, 319, 63, 320, 1, -1, -0.7853981633974483, 1.4142135623730951
857, 2, 518, 106, 516, 106, 2, 0, 0.0, 2.0
857, 3, 604, 338, 603, 339, 1, -1, -0.7853981633974483, 1.4142135623730951
857, 4, 240, 68, 239, 69, 1, -1, -0.7853981633974483, 1.4142135623730951
857, 5, 277, 68, 276, 69, 1, -1, -0.7853981633974483, 1.4142135623730951
857, 7, 496, 376, 494, 377, 2, -1, -0.4636476090008061, 2.23606797749979
857, 10, 423, 127, 422, 128, 1, -1, -0.7853981633974483, 1.4142135623730951
857, 11, 133, 188, 132, 189, 1, -1, -0.7853981633974483, 1.4142135623730951
857, 12, 170, 407, 169, 408, 1, -1, -0.7853981633974483, 1.4142135623730951
857, 13, 391, 123, 389, 124, 2, -1, -0.4636476090008061, 2.23606797749979
857, 14, 363, 395, 362, 396, 1, -1, -0.7853981633974483, 1.4142135623730951
857, 15, 238, 95, 237, 96, 1, -1, -0.7853981633974483, 1.4142135623730951
857, 19, 205, 135, 204, 136, 1, -1, -0.7853981633974483, 1.4142135623730951
857, 22, 511, 401, 510, 402, 1, -1, -0.7853981633974483, 1.4142135623730951
857, 23, 156, 328, 155, 329, 1, -1, -0.7853981633974483, 1.4142135623730951
857, 24, 299, 82, 298, 83, 1, -1, -0.7853981633974483, 1.4142135623730951
857, 25, 64, 144, 63, 145, 1, -1, -0.7853981633974483, 1.4142135623730951
857, 26, 114, 85, 113, 86, 1, -1, -0.7853981633974483, 1.4142135623730951
857, 27, 391, 352, 390, 353, 1, -1, -0.7853981633974483, 1.4142135623730951
857, 28, 480, 401, 479, 402, 1, -1, -0.7853981633974483, 1.4142135623730951
857, 29, 547, 112, 546, 113, 1, -1, -0.7853981633974483, 1.4142135623730951
857, 31, 614, 138, 612, 136, 2, 2, 0.7853981633974483, 2.8284271247461903
857, 32, 350, 78, 349, 79, 1, -1, -0.7853981633974483, 1.4142135623730951
857, 33, 614, 102, 612, 103, 2, -1, -0.4636476090008061, 2.23606797749979
857, 36, 332, 97, 331, 98, 1, -1, -0.7853981633974483, 1.4142135623730951
857, 38, 358, 350, 356, 351, 2, -1, -0.4636476090008061, 2.23606797749979
857, 47, 378, 72, 377, 73, 1, -1, -0.7853981633974483, 1.4142135623730951
857, 48, 440, 75, 438, 75, 2, 0, 0.0, 2.0
857, 52, 165, 123, 164, 124, 1, -1, -0.7853981633974483, 1.4142135623730951
857, 56, 603, 106, 601, 106, 2, 0, 0.0, 2.0
857, 60, 138, 371, 137, 372, 1, -1, -0.7853981633974483, 1.4142135623730951
857, 61, 261, 132, 260, 133, 1, -1, -0.7853981633974483, 1.4142135623730951
857, 62, 65, 318, 64, 319, 1, -1, -0.7853981633974483, 1.4142135623730951
857, 63, 559, 337, 557, 338, 2, -1, -0.4636476090008061, 2.23606797749979
857, 64, 467, 72, 465, 72, 2, 0, 0.0, 2.0
858, 3, 605, 337, 604, 338, 1, -1, -0.7853981633974483, 1.4142135623730951
858, 7, 498, 375, 496, 376, 2, -1, -0.4636476090008061, 2.23606797749979
858, 10, 424, 126, 423, 127, 1, -1, -0.7853981633974483, 1.4142135623730951
858, 11, 134, 187, 133, 188, 1, -1, -0.7853981633974483, 1.4142135623730951
858, 14, 364, 394, 363, 395, 1, -1, -0.7853981633974483, 1.4142135623730951
858, 16, 81, 151, 79, 152, 2, -1, -0.4636476090008061, 2.23606797749979
858, 17, 276, 391, 275, 392, 1, -1, -0.7853981633974483, 1.4142135623730951
858, 21, 369, 403, 368, 404, 1, -1, -0.7853981633974483, 1.4142135623730951
858, 25, 65, 143, 64, 144, 1, -1, -0.7853981633974483, 1.4142135623730951
858, 28, 481, 400, 480, 401, 1, -1, -0.7853981633974483, 1.4142135623730951
858, 33, 617, 101, 614, 102, 3, -1, -0.3217505543966422, 3.1622776601683795
858, 34, 457, 125, 456, 126, 1, -1, -0.7853981633974483, 1.4142135623730951
858, 41, 88, 300, 87, 301, 1, -1, -0.7853981633974483, 1.4142135623730951
858, 42, 278, 101, 277, 102, 1, -1, -0.7853981633974483, 1.4142135623730951
858, 44, 496, 131, 494, 131, 2, 0, 0.0, 2.0
858, 48, 442, 75, 440, 75, 2, 0, 0.0, 2.0
858, 51, 509, 112, 507, 112, 2, 0, 0.0, 2.0
858, 56, 605, 106, 603, 106, 2, 0, 0.0, 2.0
858, 62, 66, 317, 65, 318, 1, -1, -0.7853981633974483, 1.4142135623730951
858, 63, 561, 336, 559, 337, 2, -1, -0.4636476090008061, 2.23606797749979
858, 64, 469, 72, 467, 72, 2, 0, 0.0, 2.0
859, 2, 521, 105, 519, 106, 2, -1, -0.4636476090008061, 2.23606797749979
859, 3, 608, 336, 605, 337, 3, -1, -0.3217505543966422, 3.1622776601683795
859, 7, 500, 373, 498, 375, 2, -2, -0.7853981633974483, 2.8284271247461903
859, 10, 426, 125, 424, 126, 2, -1, -0.4636476090008061, 2.23606797749979
859, 16, 83, 151, 81, 151, 2, 0, 0.0, 2.0
859, 17, 277, 390, 276, 391, 1, -1, -0.7853981633974483, 1.4142135623730951
859, 20, 338, 402, 336, 402, 2, 0, 0.0, 2.0
859, 21, 370, 402, 369, 403, 1, -1, -0.7853981633974483, 1.4142135623730951
859, 22, 513, 400, 512, 401, 1, -1, -0.7853981633974483, 1.4142135623730951
859, 28, 482, 399, 481, 400, 1, -1, -0.7853981633974483, 1.4142135623730951
859, 29, 550, 112, 548, 112, 2, 0, 0.0, 2.0
859, 31, 617, 138, 615, 138, 2, 0, 0.0, 2.0
859, 32, 352, 77, 351, 78, 1, -1, -0.7853981633974483, 1.4142135623730951
859, 33, 619, 99, 617, 101, 2, -2, -0.7853981633974483, 2.8284271247461903
859, 34, 459, 125, 457, 125, 2, 0, 0.0, 2.0
859, 35, 457, 379, 455, 379, 2, 0, 0.0, 2.0
859, 38, 361, 350, 359, 350, 2, 0, 0.0, 2.0
859, 51, 511, 112, 509, 112, 2, 0, 0.0, 2.0
859, 52, 166, 123, 165, 122, 1, 1, 0.7853981633974483, 1.4142135623730951
859, 54, 300, 89, 299, 90, 1, -1, -0.7853981633974483, 1.4142135623730951
859, 56, 607, 105, 605, 106, 2, -1, -0.4636476090008061, 2.23606797749979
859, 58, 245, 78, 244, 79, 1, -1, -0.7853981633974483, 1.4142135623730951
859, 62, 68, 316, 66, 317, 2, -1, -0.4636476090008061, 2.23606797749979
859, 64, 471, 72, 469, 72, 2, 0, 0.0, 2.0
860, 2, 522, 107, 519, 107, 3, 0, 0.0, 3.0
860, 5, 607, 338, 605, 339, 2, -1, -0.4636476090008061, 2.23606797749979
860, 6, 500, 376, 498, 377, 2, -1, -0.4636476090008061, 2.23606797749979
860, 8, 241, 68, 240, 69, 1, -1, -0.7853981633974483, 1.4142135623730951
860, 9, 428, 124, 426, 125, 2, -1, -0.4636476090008061, 2.23606797749979
860, 12, 240, 93, 239, 95, 1, -2, -1.1071487177940904, 2.23606797749979
860, 14, 393, 354, 391, 355, 2, -1, -0.4636476090008061, 2.23606797749979
860, 20, 135, 189, 134, 190, 1, -1, -0.7853981633974483, 1.4142135623730951
860, 26, 279, 102, 278, 103, 1, -1, -0.7853981633974483, 1.4142135623730951
860, 30, 418, 131, 418, 133, 0, -2, -1.5707963267948966, 2.0
860, 43, 281, 129, 280, 130, 1, -1, -0.7853981633974483, 1.4142135623730951
860, 49, 497, 131, 495, 131, 2, 0, 0.0, 2.0
860, 52, 353, 78, 352, 79, 1, -1, -0.7853981633974483, 1.4142135623730951
860, 53, 521, 341, 519, 342, 2, -1, -0.4636476090008061, 2.23606797749979
860, 54, 362, 126, 361, 127, 1, -1, -0.7853981633974483, 1.4142135623730951
860, 57, 461, 126, 459, 126, 2, 0, 0.0, 2.0
860, 59, 531, 348, 528, 349, 3, -1, -0.3217505543966422, 3.1622776601683795
860, 62, 89, 302, 88, 303, 1, -1, -0.7853981633974483, 1.4142135623730951
860, 63, 585, 144, 583, 144, 2, 0, 0.0, 2.0
860, 65, 85, 154, 84, 155, 1, -1, -0.7853981633974483, 1.4142135623730951
860, 66, 488, 135, 487, 136, 1, -1, -0.7853981633974483, 1.4142135623730951
861, 2, 524, 106, 522, 107, 2, -1, -0.4636476090008061, 2.23606797749979
861, 5, 610, 337, 607, 338, 3, -1, -0.3217505543966422, 3.1622776601683795
861, 6, 502, 375, 500, 376, 2, -1, -0.4636476090008061, 2.23606797749979
861, 8, 242, 67, 241, 68, 1, -1, -0.7853981633974483, 1.4142135623730951
861, 9, 429, 123, 428, 124, 1, -1, -0.7853981633974483, 1.4142135623730951
861, 10, 41, 131, 40, 132, 1, -1, -0.7853981633974483, 1.4142135623730951
861, 14, 395, 353, 393, 354, 2, -1, -0.4636476090008061, 2.23606797749979
861, 18, 618, 137, 617, 138, 1, -1, -0.7853981633974483, 1.4142135623730951
861, 21, 44, 345, 43, 346, 1, -1, -0.7853981633974483, 1.4142135623730951
861, 23, 201, 331, 200, 332, 1, -1, -0.7853981633974483, 1.4142135623730951
861, 24, 482, 403, 481, 404, 1, -1, -0.7853981633974483, 1.4142135623730951
861, 26, 280, 101, 279, 102, 1, -1, -0.7853981633974483, 1.4142135623730951
861, 38, 619, 103, 617, 104, 2, -1, -0.4636476090008061, 2.23606797749979
861, 42, 281, 127, 281, 129, 0, -2, -1.5707963267948966, 2.0
861, 44, 388, 347, 386, 348, 2, -1, -0.4636476090008061, 2.23606797749979
861, 47, 68, 319, 67, 320, 1, -1, -0.7853981633974483, 1.4142135623730951
861, 48, 499, 131, 497, 131, 2, 0, 0.0, 2.0
861, 51, 354, 77, 353, 78, 1, -1, -0.7853981633974483, 1.4142135623730951
861, 52, 524, 339, 521, 341, 3, -2, -0.5880026035475675, 3.605551275463989
861, 53, 364, 125, 362, 126, 2, -1, -0.4636476090008061, 2.23606797749979
861, 56, 463, 126, 461, 126, 2, 0, 0.0, 2.0
861, 58, 533, 347, 531, 348, 2, -1, -0.4636476090008061, 2.23606797749979
861, 59, 469, 71, 467, 72, 2, -1, -0.4636476090008061, 2.23606797749979
861, 62, 586, 143, 585, 144, 1, -1, -0.7853981633974483, 1.4142135623730951
861, 63, 86, 403, 85, 404, 1, -1, -0.7853981633974483, 1.4142135623730951
861, 64, 86, 153, 85, 154, 1, -1, -0.7853981633974483, 1.4142135623730951
861, 65, 490, 134, 488, 135, 2, -1, -0.4636476090008061, 2.23606797749979
862, 1, 526, 105, 524, 106, 2, -1, -0.4636476090008061, 2.23606797749979
862, 4, 612, 336, 610, 337, 2, -1, -0.4636476090008061, 2.23606797749979
862, 5, 505, 374, 502, 375, 3, -1, -0.3217505543966422, 3.1622776601683795
862, 7, 243, 66, 242, 67, 1, -1, -0.7853981633974483, 1.4142135623730951
862, 13, 397, 352, 395, 353, 2, -1, -0.4636476090008061, 2.23606797749979
862, 14, 140, 372, 139, 373, 1, -1, -0.7853981633974483, 1.4142135623730951
862, 19, 136, 187, 135, 188, 1, -1, -0.7853981633974483, 1.4142135623730951
862, 21, 338, 404, 337, 405, 1, -1, -0.7853981633974483, 1.4142135623730951
862, 23, 483, 402, 482, 403, 1, -1, -0.7853981633974483, 1.4142135623730951
862, 25, 281, 100, 280, 101, 1, -1, -0.7853981633974483, 1.4142135623730951
862, 26, 72, 375, 71, 376, 1, -1, -0.7853981633974483, 1.4142135623730951
862, 40, 282, 125, 281, 127, 1, -2, -1.1071487177940904, 2.23606797749979
862, 42, 390, 346, 388, 347, 2, -1, -0.4636476090008061, 2.23606797749979
862, 43, 66, 146, 65, 147, 1, -1, -0.7853981633974483, 1.4142135623730951
862, 44, 361, 399, 360, 398, 1, 1, 0.7853981633974483, 1.4142135623730951
862, 45, 69, 318, 68, 319, 1, -1, -0.7853981633974483, 1.4142135623730951
862, 49, 355, 76, 354, 77, 1, -1, -0.7853981633974483, 1.4142135623730951
862, 50, 522, 339, 524, 339, -2, 0, 3.141592653589793, 2.0
862, 51, 365, 124, 364, 125, 1, -1, -0.7853981633974483, 1.4142135623730951
862, 53, 246, 78, 245, 79, 1, -1, -0.7853981633974483, 1.4142135623730951
862, 54, 465, 125, 463, 126, 2, -1, -0.4636476090008061, 2.23606797749979
862, 56, 536, 346, 533, 347, 3, -1, -0.3217505543966422, 3.1622776601683795
862, 58, 27, 362, 26, 363, 1, -1, -0.7853981633974483, 1.4142135623730951
862, 63, 492, 134, 490, 134, 2, 0, 0.0, 2.0
863, 1, 528, 104, 526, 105, 2, -1, -0.4636476090008061, 2.23606797749979
863, 4, 613, 334, 612, 336, 1, -2, -1.1071487177940904, 2.23606797749979
863, 5, 506, 373, 505, 374, 1, -1, -0.7853981633974483, 1.4142135623730951
863, 7, 244, 65, 243, 66, 1, -1, -0.7853981633974483, 1.4142135623730951
863, 8, 432, 123, 430, 123, 2, 0, 0.0, 2.0
863, 12, 396, 125, 395, 126, 1, -1, -0.7853981633974483, 1.4142135623730951
863, 13, 399, 351, 397, 352, 2, -1, -0.4636476090008061, 2.23606797749979
863, 21, 339, 403, 338, 404, 1, -1, -0.7853981633974483, 1.4142135623730951
863, 23, 485, 401, 483, 402, 2, -1, -0.4636476090008061, 2.23606797749979
863, 25, 282, 99, 281, 100, 1, -1, -0.7853981633974483, 1.4142135623730951
863, 28, 547, 399, 546, 400, 1, -1, -0.7853981633974483, 1.4142135623730951
863, 42, 393, 345, 390, 346, 3, -1, -0.3217505543966422, 3.1622776601683795
863, 43, 67, 145, 66, 146, 1, -1, -0.7853981633974483, 1.4142135623730951
863, 44, 363, 400, 361, 399, 2, 1, 0.4636476090008061, 2.23606797749979
863, 49, 356, 75, 355, 76, 1, -1, -0.7853981633974483, 1.4142135623730951
863, 51, 366, 123, 365, 124, 1, -1, -0.7853981633974483, 1.4142135623730951
863, 53, 466, 124, 465, 125, 1, -1, -0.7853981633974483, 1.4142135623730951
863, 55, 537, 344, 536, 346, 1, -2, -1.1071487177940904, 2.23606797749979
863, 60, 88, 402, 87, 403, 1, -1, -0.7853981633974483, 1.4142135623730951
863, 63, 442, 76, 440, 76, 2, 0, 0.0, 2.0
864, 4, 614, 333, 613, 334, 1, -1, -0.7853981633974483, 1.4142135623730951
864, 5, 508, 372, 506, 373, 2, -1, -0.4636476090008061, 2.23606797749979
864, 6, 282, 69, 281, 70, 1, -1, -0.7853981633974483, 1.4142135623730951
864, 7, 245, 64, 244, 65, 1, -1, -0.7853981633974483, 1.4142135623730951
864, 12, 397, 124, 396, 125, 1, -1, -0.7853981633974483, 1.4142135623730951
864, 13, 401, 350, 399, 351, 2, -1, -0.4636476090008061, 2.23606797749979
864, 17, 615, 135, 618, 135, -3, 0, 3.141592653589793, 3.0
864, 19, 137, 185, 136, 187, 1, -2, -1.1071487177940904, 2.23606797749979
864, 20, 45, 342, 44, 343, 1, -1, -0.7853981633974483, 1.4142135623730951
864, 21, 340, 402, 339, 403, 1, -1, -0.7853981633974483, 1.4142135623730951
864, 25, 283, 98, 282, 99, 1, -1, -0.7853981633974483, 1.4142135623730951
864, 27, 374, 405, 373, 406, 1, -1, -0.7853981633974483, 1.4142135623730951
864, 28, 548, 398, 547, 399, 1, -1, -0.7853981633974483, 1.4142135623730951
864, 31, 207, 132, 206, 133, 1, -1, -0.7853981633974483, 1.4142135623730951
864, 33, 290, 378, 289, 377, 1, 1, 0.7853981633974483, 1.4142135623730951
864, 36, 623, 103, 621, 103, 2, 0, 0.0, 2.0
864, 40, 284, 126, 283, 125, 1, 1, 0.7853981633974483, 1.4142135623730951
864, 42, 395, 344, 393, 345, 2, -1, -0.4636476090008061, 2.23606797749979
864, 44, 365, 400, 363, 400, 2, 0, 0.0, 2.0
864, 45, 70, 317, 69, 318, 1, -1, -0.7853981633974483, 1.4142135623730951
864, 49, 357, 74, 356, 75, 1, -1, -0.7853981633974483, 1.4142135623730951
864, 51, 368, 122, 366, 123, 2, -1, -0.4636476090008061, 2.23606797749979
864, 52, 247, 76, 246, 77, 1, -1, -0.7853981633974483, 1.4142135623730951
864, 53, 467, 123, 466, 124, 1, -1, -0.7853981633974483, 1.4142135623730951
864, 55, 538, 343, 537, 344, 1, -1, -0.7853981633974483, 1.4142135623730951
864, 57, 28, 360, 27, 361, 1, -1, -0.7853981633974483, 1.4142135623730951
864, 59, 585, 144, 586, 143, -1, 1, 2.356194490192345, 1.4142135623730951
865, 3, 613, 337, 611, 337, 2, 0, 0.0, 2.0
865, 5, 432, 126, 430, 127, 2, -1, -0.4636476090008061, 2.23606797749979
865, 6, 282, 69, 281, 70, 1, -1, -0.7853981633974483, 1.4142135623730951
865, 8, 445, 74, 443, 75, 2, -1, -0.4636476090008061, 2.23606797749979
865, 10, 43, 131, 42, 132, 1, -1, -0.7853981633974483, 1.4142135623730951
865, 11, 503, 374, 502, 375, 1, -1, -0.7853981633974483, 1.4142135623730951
865, 12, 398, 124, 396, 125, 2, -1, -0.4636476090008061, 2.23606797749979
865, 15, 143, 187, 142, 188, 1, -1, -0.7853981633974483, 1.4142135623730951
865, 16, 623, 134, 622, 135, 1, -1, -0.7853981633974483, 1.4142135623730951
865, 21, 53, 133, 52, 134, 1, -1, -0.7853981633974483, 1.4142135623730951
865, 22, 518, 401, 517, 402, 1, -1, -0.7853981633974483, 1.4142135623730951
865, 31, 363, 349, 362, 350, 1, -1, -0.7853981633974483, 1.4142135623730951
865, 32, 520, 339, 519, 340, 1, -1, -0.7853981633974483, 1.4142135623730951
865, 33, 70, 320, 69, 321, 1, -1, -0.7853981633974483, 1.4142135623730951
865, 34, 623, 105, 621, 105, 2, 0, 0.0, 2.0
865, 35, 396, 345, 394, 346, 2, -1, -0.4636476090008061, 2.23606797749979
865, 36, 302, 82, 301, 83, 1, -1, -0.7853981633974483, 1.4142135623730951
865, 37, 90, 302, 89, 303, 1, -1, -0.7853981633974483, 1.4142135623730951
865, 38, 465, 125, 464, 126, 1, -1, -0.7853981633974483, 1.4142135623730951
865, 43, 165, 189, 164, 190, 1, -1, -0.7853981633974483, 1.4142135623730951
865, 44, 550, 113, 552, 113, -2, 0, 3.141592653589793, 2.0
865, 52, 502, 132, 500, 132, 2, 0, 0.0, 2.0
865, 54, 422, 130, 421, 131, 1, -1, -0.7853981633974483, 1.4142135623730951
865, 55, 398, 353, 397, 354, 1, -1, -0.7853981633974483, 1.4142135623730951
865, 56, 368, 124, 366, 125, 2, -1, -0.4636476090008061, 2.23606797749979
866, 3, 615, 337, 613, 337, 2, 0, 0.0, 2.0
866, 4, 247, 67, 246, 68, 1, -1, -0.7853981633974483, 1.4142135623730951
866, 5, 434, 126, 432, 126, 2, 0, 0.0, 2.0
866, 12, 400, 124, 398, 124, 2, 0, 0.0, 2.0
866, 15, 145, 186, 143, 187, 2, -1, -0.4636476090008061, 2.23606797749979
866, 16, 624, 133, 623, 134, 1, -1, -0.7853981633974483, 1.4142135623730951
866, 22, 519, 400, 518, 401, 1, -1, -0.7853981633974483, 1.4142135623730951
866, 26, 519, 113, 518, 114, 1, -1, -0.7853981633974483, 1.4142135623730951
866, 27, 223, 377, 222, 378, 1, -1, -0.7853981633974483, 1.4142135623730951
866, 30, 284, 102, 283, 103, 1, -1, -0.7853981633974483, 1.4142135623730951
866, 31, 364, 348, 363, 349, 1, -1, -0.7853981633974483, 1.4142135623730951
866, 32, 524, 336, 520, 339, 4, -3, -0.6435011087932844, 5.0
866, 34, 625, 105, 623, 105, 2, 0, 0.0, 2.0
866, 35, 398, 344, 396, 345, 2, -1, -0.4636476090008061, 2.23606797749979
866, 36, 303, 81, 302, 82, 1, -1, -0.7853981633974483, 1.4142135623730951
866, 38, 466, 124, 465, 125, 1, -1, -0.7853981633974483, 1.4142135623730951
866, 44, 375, 405, 374, 406, 1, -1, -0.7853981633974483, 1.4142135623730951
866, 47, 139, 297, 138, 298, 1, -1, -0.7853981633974483, 1.4142135623730951
866, 53, 423, 129, 422, 130, 1, -1, -0.7853981633974483, 1.4142135623730951
866, 54, 399, 352, 398, 353, 1, -1, -0.7853981633974483, 1.4142135623730951
866, 58, 386, 73, 385, 74, 1, -1, -0.7853981633974483, 1.4142135623730951
867, 2, 529, 106, 527, 107, 2, -1, -0.4636476090008061, 2.23606797749979
867, 3, 617, 336, 615, 337, 2, -1, -0.4636476090008061, 2.23606797749979
867, 4, 248, 66, 247, 67, 1, -1, -0.7853981633974483, 1.4142135623730951
867, 5, 435, 125, 434, 126, 1, -1, -0.7853981633974483, 1.4142135623730951
867, 6, 284, 68, 283, 69, 1, -1, -0.7853981633974483, 1.4142135623730951
867, 8, 447, 73, 446, 74, 1, -1, -0.7853981633974483, 1.4142135623730951
867, 10, 44, 129, 43, 130, 1, -1, -0.7853981633974483, 1.4142135623730951
867, 11, 506, 374, 504, 374, 2, 0, 0.0, 2.0
867, 12, 401, 123, 400, 124, 1, -1, -0.7853981633974483, 1.4142135623730951
867, 15, 146, 185, 145, 186, 1, -1, -0.7853981633974483, 1.4142135623730951
867, 16, 626, 132, 624, 133, 2, -1, -0.4636476090008061, 2.23606797749979
867, 20, 305, 91, 306, 90, -1, 1, 2.356194490192345, 1.4142135623730951
867, 22, 520, 399, 519, 400, 1, -1, -0.7853981633974483, 1.4142135623730951
867, 26, 521, 113, 519, 113, 2, 0, 0.0, 2.0
867, 30, 285, 101, 284, 102, 1, -1, -0.7853981633974483, 1.4142135623730951
867, 31, 365, 347, 364, 348, 1, -1, -0.7853981633974483, 1.4142135623730951
867, 32, 528, 333, 524, 336, 4, -3, -0.6435011087932844, 5.0
867, 33, 72, 319, 71, 320, 1, -1, -0.7853981633974483, 1.4142135623730951
867, 34, 627, 105, 625, 105, 2, 0, 0.0, 2.0
867, 36, 304, 80, 303, 81, 1, -1, -0.7853981633974483, 1.4142135623730951
867, 38, 468, 123, 466, 124, 2, -1, -0.4636476090008061, 2.23606797749979
867, 42, 166, 188, 165, 189, 1, -1, -0.7853981633974483, 1.4142135623730951
867, 43, 547, 112, 549, 113, -2, -1, -2.677945044588987, 2.23606797749979
867, 44, 376, 404, 375, 405, 1, -1, -0.7853981633974483, 1.4142135623730951
867, 45, 303, 374, 302, 375, 1, -1, -0.7853981633974483, 1.4142135623730951
867, 46, 69, 145, 68, 146, 1, -1, -0.7853981633974483, 1.4142135623730951
867, 50, 341, 100, 340, 101, 1, -1, -0.7853981633974483, 1.4142135623730951
867, 51, 505, 132, 503, 132, 2, 0, 0.0, 2.0
867, 53, 424, 128, 423, 129, 1, -1, -0.7853981633974483, 1.4142135623730951
867, 54, 400, 351, 399, 352, 1, -1, -0.7853981633974483, 1.4142135623730951
867, 55, 370, 123, 369, 124, 1, -1, -0.7853981633974483, 1.4142135623730951
868, 1, 531, 106, 529, 106, 2, 0, 0.0, 2.0
868, 2, 619, 336, 617, 336, 2, 0, 0.0, 2.0
868, 3, 249, 65, 248, 66, 1, -1, -0.7853981633974483, 1.4142135623730951
868, 5, 285, 67, 284, 68, 1, -1, -0.7853981633974483, 1.4142135623730951
868, 7, 448, 72, 447, 73, 1, -1, -0.7853981633974483, 1.4142135623730951
868, 8, 233, 365, 232, 364, 1, 1, 0.7853981633974483, 1.4142135623730951
868, 9, 45, 128, 44, 129, 1, -1, -0.7853981633974483, 1.4142135623730951
868, 11, 402, 122, 401, 123, 1, -1, -0.7853981633974483, 1.4142135623730951
868, 12, 142, 371, 141, 372, 1, -1, -0.7853981633974483, 1.4142135623730951
868, 13, 208, 326, 207, 327, 1, -1, -0.7853981633974483, 1.4142135623730951
868, 15, 627, 131, 626, 132, 1, -1, -0.7853981633974483, 1.4142135623730951
868, 25, 523, 113, 521, 113, 2, 0, 0.0, 2.0
868, 29, 286, 100, 285, 101, 1, -1, -0.7853981633974483, 1.4142135623730951
868, 31, 532, 332, 528, 333, 4, -1, -0.24497866312686414, 4.123105625617661
868, 32, 73, 318, 72, 319, 1, -1, -0.7853981633974483, 1.4142135623730951
868, 33, 630, 103, 627, 105, 3, -2, -0.5880026035475675, 3.605551275463989
868, 35, 305, 79, 304, 80, 1, -1, -0.7853981633974483, 1.4142135623730951
868, 37, 470, 122, 468, 123, 2, -1, -0.4636476090008061, 2.23606797749979
868, 39, 344, 404, 343, 405, 1, -1, -0.7853981633974483, 1.4142135623730951
868, 42, 377, 403, 376, 404, 1, -1, -0.7853981633974483, 1.4142135623730951
868, 49, 507, 132, 505, 132, 2, 0, 0.0, 2.0
868, 51, 425, 127, 424, 128, 1, -1, -0.7853981633974483, 1.4142135623730951
868, 52, 401, 350, 400, 351, 1, -1, -0.7853981633974483, 1.4142135623730951
868, 53, 371, 122, 370, 123, 1, -1, -0.7853981633974483, 1.4142135623730951
868, 56, 388, 72, 387, 73, 1, -1, -0.7853981633974483, 1.4142135623730951
869, 1, 533, 106, 531, 106, 2, 0, 0.0, 2.0
869, 2, 622, 336, 619, 336, 3, 0, 0.0, 3.0
869, 3, 251, 65, 249, 65, 2, 0, 0.0, 2.0
869, 4, 438, 125, 436, 125, 2, 0, 0.0, 2.0
869, 5, 288, 65, 285, 67, 3, -2, -0.5880026035475675, 3.605551275463989
869, 6, 242, 91, 241, 92, 1, -1, -0.7853981633974483, 1.4142135623730951
869, 10, 509, 374, 507, 374, 2, 0, 0.0, 2.0
869, 11, 403, 121, 402, 122, 1, -1, -0.7853981633974483, 1.4142135623730951
869, 15, 629, 130, 627, 131, 2, -1, -0.4636476090008061, 2.23606797749979
869, 18, 173, 406, 172, 407, 1, -1, -0.7853981633974483, 1.4142135623730951
869, 19, 307, 90, 305, 91, 2, -1, -0.4636476090008061, 2.23606797749979
869, 21, 523, 399, 521, 399, 2, 0, 0.0, 2.0
869, 24, 288, 80, 286, 80, 2, 0, 0.0, 2.0
869, 25, 525, 112, 523, 113, 2, -1, -0.4636476090008061, 2.23606797749979
869, 29, 287, 99, 286, 100, 1, -1, -0.7853981633974483, 1.4142135623730951
869, 30, 369, 346, 366, 347, 3, -1, -0.3217505543966422, 3.1622776601683795
869, 31, 537, 331, 532, 332, 5, -1, -0.19739555984988075, 5.0990195135927845
869, 33, 632, 103, 630, 103, 2, 0, 0.0, 2.0
869, 35, 308, 79, 305, 79, 3, 0, 0.0, 3.0
869, 36, 91, 299, 90, 300, 1, -1, -0.7853981633974483, 1.4142135623730951
869, 37, 471, 121, 470, 122, 1, -1, -0.7853981633974483, 1.4142135623730951
869, 38, 493, 403, 489, 404, 4, -1, -0.24497866312686414, 4.123105625617661
869, 39, 345, 403, 344, 404, 1, -1, -0.7853981633974483, 1.4142135623730951
869, 42, 381, 401, 377, 403, 4, -2, -0.4636476090008061, 4.47213595499958
869, 43, 304, 373, 303, 374, 1, -1, -0.7853981633974483, 1.4142135623730951
869, 48, 345, 100, 342, 100, 3, 0, 0.0, 3.0
869, 50, 125, 154, 124, 155, 1, -1, -0.7853981633974483, 1.4142135623730951
869, 51, 426, 126, 425, 127, 1, -1, -0.7853981633974483, 1.4142135623730951
869, 52, 402, 349, 401, 350, 1, -1, -0.7853981633974483, 1.4142135623730951
869, 53, 373, 121, 371, 122, 2, -1, -0.4636476090008061, 2.23606797749979
869, 55, 389, 71, 388, 72, 1, -1, -0.7853981633974483, 1.4142135623730951
870, 1, 533, 107, 530, 107, 3, 0, 0.0, 3.0
870, 2, 620, 338, 617, 338, 3, 0, 0.0, 3.0
870, 4, 510, 375, 508, 375, 2, 0, 0.0, 2.0
870, 6, 286, 68, 285, 69, 1, -1, -0.7853981633974483, 1.4142135623730951
870, 8, 403, 124, 402, 125, 1, -1, -0.7853981633974483, 1.4142135623730951
870, 10, 436, 127, 434, 127, 2, 0, 0.0, 2.0
870, 13, 629, 133, 627, 135, 2, -2, -0.7853981633974483, 2.8284271247461903
870, 14, 559, 110, 558, 111, 1, -1, -0.7853981633974483, 1.4142135623730951
870, 15, 297, 126, 296, 127, 1, -1, -0.7853981633974483, 1.4142135623730951
870, 16, 450, 74, 448, 75, 2, -1, -0.4636476090008061, 2.23606797749979
870, 23, 372, 124, 371, 125, 1, -1, -0.7853981633974483, 1.4142135623730951
870, 25, 612, 107, 611, 108, 1, -1, -0.7853981633974483, 1.4142135623730951
870, 27, 359, 85, 358, 86, 1, -1, -0.7853981633974483, 1.4142135623730951
870, 28, 492, 403, 491, 404, 1, -1, -0.7853981633974483, 1.4142135623730951
870, 29, 629, 104, 627, 104, 2, 0, 0.0, 2.0
870, 31, 472, 124, 470, 125, 2, -1, -0.4636476090008061, 2.23606797749979
870, 32, 389, 73, 388, 74, 1, -1, -0.7853981633974483, 1.4142135623730951
870, 34, 466, 378, 464, 379, 2, -1, -0.4636476090008061, 2.23606797749979
870, 35, 345, 403, 344, 404, 1, -1, -0.7853981633974483, 1.4142135623730951
870, 38, 290, 105, 289, 106, 1, -1, -0.7853981633974483, 1.4142135623730951
870, 40, 344, 99, 343, 100, 1, -1, -0.7853981633974483, 1.4142135623730951
870, 41, 340, 131, 339, 132, 1, -1, -0.7853981633974483, 1.4142135623730951
870, 44, 302, 383, 301, 384, 1, -1, -0.7853981633974483, 1.4142135623730951
870, 46, 381, 405, 379, 405, 2, 0, 0.0, 2.0
871, 1, 536, 107, 533, 107, 3, 0, 0.0, 3.0
871, 2, 623, 337, 620, 338, 3, -1, -0.3217505543966422, 3.1622776601683795
871, 4, 512, 375, 510, 375, 2, 0, 0.0, 2.0
871, 7, 45, 129, 44, 130, 1, -1, -0.7853981633974483, 1.4142135623730951
871, 8, 405, 124, 403, 124, 2, 0, 0.0, 2.0
871, 13, 631, 133, 629, 133, 2, 0, 0.0, 2.0
871, 14, 560, 111, 559, 110, 1, 1, 0.7853981633974483, 1.4142135623730951
871, 17, 206, 331, 205, 332, 1, -1, -0.7853981633974483, 1.4142135623730951
871, 19, 140, 186, 139, 187, 1, -1, -0.7853981633974483, 1.4142135623730951
871, 22, 50, 346, 49, 347, 1, -1, -0.7853981633974483, 1.4142135623730951
871, 23, 374, 123, 372, 124, 2, -1, -0.4636476090008061, 2.23606797749979
871, 25, 613, 106, 612, 107, 1, -1, -0.7853981633974483, 1.4142135623730951
871, 28, 493, 402, 492, 403, 1, -1, -0.7853981633974483, 1.4142135623730951
871, 29, 631, 104, 629, 104, 2, 0, 0.0, 2.0
871, 31, 474, 123, 472, 124, 2, -1, -0.4636476090008061, 2.23606797749979
871, 32, 391, 72, 389, 73, 2, -1, -0.4636476090008061, 2.23606797749979
871, 34, 468, 377, 466, 378, 2, -1, -0.4636476090008061, 2.23606797749979
871, 35, 346, 402, 345, 403, 1, -1, -0.7853981633974483, 1.4142135623730951
871, 38, 291, 104, 290, 105, 1, -1, -0.7853981633974483, 1.4142135623730951
871, 41, 341, 130, 340, 131, 1, -1, -0.7853981633974483, 1.4142135623730951
871, 46, 383, 404, 381, 405, 2, -1, -0.4636476090008061, 2.23606797749979
872, 1, 537, 106, 536, 107, 1, -1, -0.7853981633974483, 1.4142135623730951
872, 2, 625, 336, 623, 337, 2, -1, -0.4636476090008061, 2.23606797749979
872, 4, 513, 374, 512, 375, 1, -1, -0.7853981633974483, 1.4142135623730951
872, 6, 288, 67, 287, 68, 1, -1, -0.7853981633974483, 1.4142135623730951
872, 8, 407, 123, 405, 124, 2, -1, -0.4636476090008061, 2.23606797749979
872, 10, 439, 126, 437, 127, 2, -1, -0.4636476090008061, 2.23606797749979
872, 13, 632, 134, 631, 133, 1, 1, 0.7853981633974483, 1.4142135623730951
872, 14, 561, 112, 560, 111, 1, 1, 0.7853981633974483, 1.4142135623730951
872, 15, 299, 125, 298, 126, 1, -1, -0.7853981633974483, 1.4142135623730951
872, 23, 375, 122, 374, 123, 1, -1, -0.7853981633974483, 1.4142135623730951
872, 25, 614, 105, 613, 106, 1, -1, -0.7853981633974483, 1.4142135623730951
872, 28, 494, 401, 493, 402, 1, -1, -0.7853981633974483, 1.4142135623730951
872, 31, 476, 122, 474, 123, 2, -1, -0.4636476090008061, 2.23606797749979
872, 32, 392, 71, 391, 72, 1, -1, -0.7853981633974483, 1.4142135623730951
872, 34, 470, 377, 468, 377, 2, 0, 0.0, 2.0
872, 35, 347, 401, 346, 402, 1, -1, -0.7853981633974483, 1.4142135623730951
872, 38, 292, 103, 291, 104, 1, -1, -0.7853981633974483, 1.4142135623730951
872, 44, 303, 382, 302, 383, 1, -1, -0.7853981633974483, 1.4142135623730951
872, 45, 170, 189, 169, 190, 1, -1, -0.7853981633974483, 1.4142135623730951
872, 46, 385, 403, 383, 404, 2, -1, -0.4636476090008061, 2.23606797749979
873, 2, 626, 335, 625, 336, 1, -1, -0.7853981633974483, 1.4142135623730951
873, 3, 244, 91, 243, 92, 1, -1, -0.7853981633974483, 1.4142135623730951
873, 8, 409, 122, 407, 123, 2, -1, -0.4636476090008061, 2.23606797749979
873, 13, 634, 134, 632, 134, 2, 0, 0.0, 2.0
873, 14, 563, 112, 561, 112, 2, 0, 0.0, 2.0
873, 19, 141, 184, 140, 185, 1, -1, -0.7853981633974483, 1.4142135623730951
873, 23, 376, 121, 375, 122, 1, -1, -0.7853981633974483, 1.4142135623730951
873, 25, 615, 104, 614, 105, 1, -1, -0.7853981633974483, 1.4142135623730951
873, 26, 365, 77, 364, 78, 1, -1, -0.7853981633974483, 1.4142135623730951
873, 27, 362, 84, 361, 85, 1, -1, -0.7853981633974483, 1.4142135623730951
873, 29, 634, 104, 632, 104, 2, 0, 0.0, 2.0
873, 32, 394, 70, 392, 71, 2, -1, -0.4636476090008061, 2.23606797749979
873, 34, 472, 377, 470, 377, 2, 0, 0.0, 2.0
873, 35, 348, 400, 347, 401, 1, -1, -0.7853981633974483, 1.4142135623730951
873, 37, 94, 297, 92, 299, 2, -2, -0.7853981633974483, 2.8284271247461903
873, 38, 293, 102, 292, 103, 1, -1, -0.7853981633974483, 1.4142135623730951
873, 40, 347, 98, 346, 99, 1, -1, -0.7853981633974483, 1.4142135623730951
873, 41, 343, 129, 342, 130, 1, -1, -0.7853981633974483, 1.4142135623730951
874, 1, 540, 105, 538, 106, 2, -1, -0.4636476090008061, 2.23606797749979
874, 2, 627, 334, 626, 335, 1, -1, -0.7853981633974483, 1.4142135623730951
874, 4, 515, 372, 514, 374, 1, -2, -1.1071487177940904, 2.23606797749979
874, 7, 45, 128, 44, 129, 1, -1, -0.7853981633974483, 1.4142135623730951
874, 8, 410, 121, 409, 122, 1, -1, -0.7853981633974483, 1.4142135623730951
874, 10, 442, 126, 440, 126, 2, 0, 0.0, 2.0
874, 14, 565, 115, 563, 112, 2, 3, 0.982793723247329, 3.605551275463989
874, 23, 377, 120, 376, 121, 1, -1, -0.7853981633974483, 1.4142135623730951
874, 25, 617, 103, 615, 104, 2, -1, -0.4636476090008061, 2.23606797749979
874, 28, 496, 400, 495, 401, 1, -1, -0.7853981633974483, 1.4142135623730951
874, 30, 511, 132, 509, 132, 2, 0, 0.0, 2.0
874, 31, 478, 121, 477, 122, 1, -1, -0.7853981633974483, 1.4142135623730951
874, 32, 395, 69, 394, 70, 1, -1, -0.7853981633974483, 1.4142135623730951
874, 35, 349, 399, 348, 400, 1, -1, -0.7853981633974483, 1.4142135623730951
874, 38, 295, 102, 293, 102, 2, 0, 0.0, 2.0
874, 40, 349, 98, 347, 98, 2, 0, 0.0, 2.0
874, 44, 304, 381, 303, 382, 1, -1, -0.7853981633974483, 1.4142135623730951
874, 45, 172, 188, 171, 189, 1, -1, -0.7853981633974483, 1.4142135623730951
874, 46, 388, 403, 386, 403, 2, 0, 0.0, 2.0
875, 1, 539, 107, 536, 108, 3, -1, -0.3217505543966422, 3.1622776601683795
875, 2, 625, 335, 623, 337, 2, -2, -0.7853981633974483, 2.8284271247461903
875, 4, 514, 374, 513, 375, 1, -1, -0.7853981633974483, 1.4142135623730951
875, 5, 443, 126, 441, 126, 2, 0, 0.0, 2.0
875, 12, 409, 124, 407, 125, 2, -1, -0.4636476090008061, 2.23606797749979
875, 16, 364, 83, 363, 84, 1, -1, -0.7853981633974483, 1.4142135623730951
875, 20, 408, 354, 406, 354, 2, 0, 0.0, 2.0
875, 22, 142, 186, 141, 187, 1, -1, -0.7853981633974483, 1.4142135623730951
875, 26, 635, 137, 632, 137, 3, 0, 0.0, 3.0
875, 27, 633, 104, 632, 105, 1, -1, -0.7853981633974483, 1.4142135623730951
875, 29, 497, 404, 496, 405, 1, -1, -0.7853981633974483, 1.4142135623730951
875, 31, 301, 126, 300, 127, 1, -1, -0.7853981633974483, 1.4142135623730951
875, 34, 398, 345, 395, 346, 3, -1, -0.3217505543966422, 3.1622776601683795
875, 35, 476, 124, 475, 125, 1, -1, -0.7853981633974483, 1.4142135623730951
875, 37, 393, 72, 392, 73, 1, -1, -0.7853981633974483, 1.4142135623730951
875, 38, 538, 338, 536, 339, 2, -1, -0.4636476090008061, 2.23606797749979
875, 39, 533, 346, 531, 346, 2, 0, 0.0, 2.0
875, 40, 557, 402, 556, 403, 1, -1, -0.7853981633974483, 1.4142135623730951
875, 42, 618, 107, 615, 108, 3, -1, -0.3217505543966422, 3.1622776601683795
875, 43, 350, 403, 349, 404, 1, -1, -0.7853981633974483, 1.4142135623730951
875, 44, 473, 379, 471, 379, 2, 0, 0.0, 2.0
875, 45, 346, 131, 344, 132, 2, -1, -0.4636476090008061, 2.23606797749979
875, 46, 75, 145, 74, 146, 1, -1, -0.7853981633974483, 1.4142135623730951
875, 50, 233, 344, 232, 343, 1, 1, 0.7853981633974483, 1.4142135623730951
875, 51, 350, 103, 348, 103, 2, 0, 0.0, 2.0
875, 52, 386, 403, 385, 404, 1, -1, -0.7853981633974483, 1.4142135623730951
876, 1, 541, 106, 539, 107, 2, -1, -0.4636476090008061, 2.23606797749979
876, 2, 627, 334, 625, 335, 2, -1, -0.4636476090008061, 2.23606797749979
876, 3, 517, 373, 514, 374, 3, -1, -0.3217505543966422, 3.1622776601683795
876, 10, 308, 378, 307, 380, 1, -2, -1.1071487177940904, 2.23606797749979
876, 11, 411, 123, 409, 124, 2, -1, -0.4636476090008061, 2.23606797749979
876, 15, 365, 82, 364, 83, 1, -1, -0.7853981633974483, 1.4142135623730951
876, 18, 51, 346, 50, 347, 1, -1, -0.7853981633974483, 1.4142135623730951
876, 26, 635, 103, 633, 104, 2, -1, -0.4636476090008061, 2.23606797749979
876, 27, 378, 125, 376, 125, 2, 0, 0.0, 2.0
876, 28, 498, 403, 497, 404, 1, -1, -0.7853981633974483, 1.4142135623730951
876, 30, 302, 125, 301, 126, 1, -1, -0.7853981633974483, 1.4142135623730951
876, 33, 400, 344, 398, 345, 2, -1, -0.4636476090008061, 2.23606797749979
876, 36, 394, 71, 393, 72, 1, -1, -0.7853981633974483, 1.4142135623730951
876, 37, 541, 337, 538, 338, 3, -1, -0.3217505543966422, 3.1622776601683795
876, 38, 535, 345, 533, 346, 2, -1, -0.4636476090008061, 2.23606797749979
876, 39, 558, 401, 557, 402, 1, -1, -0.7853981633974483, 1.4142135623730951
876, 41, 621, 106, 618, 107, 3, -1, -0.3217505543966422, 3.1622776601683795
876, 42, 351, 402, 350, 403, 1, -1, -0.7853981633974483, 1.4142135623730951
876, 43, 475, 378, 473, 379, 2, -1, -0.4636476090008061, 2.23606797749979
876, 45, 76, 144, 75, 145, 1, -1, -0.7853981633974483, 1.4142135623730951
876, 48, 434, 131, 433, 132, 1, -1, -0.7853981633974483, 1.4142135623730951
876, 51, 387, 402, 386, 403, 1, -1, -0.7853981633974483, 1.4142135623730951
876, 52, 95, 298, 94, 299, 1, -1, -0.7853981633974483, 1.4142135623730951
876, 56, 178, 408, 177, 409, 1, -1, -0.7853981633974483, 1.4142135623730951
877, 1, 543, 104, 541, 106, 2, -2, -0.7853981633974483, 2.8284271247461903
877, 2, 630, 334, 627, 334, 3, 0, 0.0, 3.0
877, 3, 518, 372, 517, 373, 1, -1, -0.7853981633974483, 1.4142135623730951
877, 11, 413, 122, 411, 123, 2, -1, -0.4636476090008061, 2.23606797749979
877, 15, 366, 81, 365, 82, 1, -1, -0.7853981633974483, 1.4142135623730951
877, 19, 411, 354, 409, 354, 2, 0, 0.0, 2.0
877, 22, 310, 88, 309, 89, 1, -1, -0.7853981633974483, 1.4142135623730951
877, 24, 455, 74, 452, 75, 3, -1, -0.3217505543966422, 3.1622776601683795
877, 27, 379, 124, 378, 125, 1, -1, -0.7853981633974483, 1.4142135623730951
877, 28, 499, 402, 498, 403, 1, -1, -0.7853981633974483, 1.4142135623730951
877, 30, 304, 124, 302, 125, 2, -1, -0.4636476090008061, 2.23606797749979
877, 31, 568, 117, 566, 116, 2, 1, 0.4636476090008061, 2.23606797749979
877, 32, 402, 343, 400, 344, 2, -1, -0.4636476090008061, 2.23606797749979
877, 35, 395, 70, 394, 71, 1, -1, -0.7853981633974483, 1.4142135623730951
877, 37, 537, 345, 535, 345, 2, 0, 0.0, 2.0
877, 38, 559, 400, 558, 401, 1, -1, -0.7853981633974483, 1.4142135623730951
877, 40, 625, 105, 621, 106, 4, -1, -0.24497866312686414, 4.123105625617661
877, 42, 477, 378, 475, 378, 2, 0, 0.0, 2.0
877, 43, 348, 130, 347, 131, 1, -1, -0.7853981633974483, 1.4142135623730951
877, 44, 77, 143, 76, 144, 1, -1, -0.7853981633974483, 1.4142135623730951
877, 45, 249, 78, 248, 79, 1, -1, -0.7853981633974483, 1.4142135623730951
877, 47, 435, 130, 434, 131, 1, -1, -0.7853981633974483, 1.4142135623730951
877, 49, 352, 102, 351, 103, 1, -1, -0.7853981633974483, 1.4142135623730951
877, 50, 388, 401, 387, 402, 1, -1, -0.7853981633974483, 1.4142135623730951
877, 51, 95, 296, 95, 298, 0, -2, -1.5707963267948966, 2.0
877, 52, 189, 323, 188, 324, 1, -1, -0.7853981633974483, 1.4142135623730951
878, 1, 545, 104, 543, 104, 2, 0, 0.0, 2.0
878, 2, 631, 333, 630, 334, 1, -1, -0.7853981633974483, 1.4142135623730951
878, 3, 520, 371, 518, 372, 2, -1, -0.4636476090008061, 2.23606797749979
878, 4, 446, 125, 445, 126, 1, -1, -0.7853981633974483, 1.4142135623730951
878, 10, 309, 376, 308, 377, 1, -1, -0.7853981633974483, 1.4142135623730951
878, 11, 415, 121, 413, 122, 2, -1, -0.4636476090008061, 2.23606797749979
878, 15, 367, 80, 366, 81, 1, -1, -0.7853981633974483, 1.4142135623730951
878, 16, 255, 70, 254, 71, 1, -1, -0.7853981633974483, 1.4142135623730951
878, 18, 52, 344, 51, 345, 1, -1, -0.7853981633974483, 1.4142135623730951
878, 19, 413, 354, 411, 354, 2, 0, 0.0, 2.0
878, 24, 457, 73, 455, 74, 2, -1, -0.4636476090008061, 2.23606797749979
878, 28, 500, 401, 499, 402, 1, -1, -0.7853981633974483, 1.4142135623730951
878, 29, 306, 123, 304, 124, 2, -1, -0.4636476090008061, 2.23606797749979
878, 30, 571, 119, 568, 117, 3, 2, 0.5880026035475675, 3.605551275463989
878, 31, 404, 342, 402, 343, 2, -1, -0.4636476090008061, 2.23606797749979
878, 32, 480, 124, 478, 124, 2, 0, 0.0, 2.0
878, 35, 544, 336, 542, 337, 2, -1, -0.4636476090008061, 2.23606797749979
878, 36, 538, 344, 537, 345, 1, -1, -0.7853981633974483, 1.4142135623730951
878, 39, 627, 105, 625, 105, 2, 0, 0.0, 2.0
878, 41, 479, 378, 477, 378, 2, 0, 0.0, 2.0
878, 42, 349, 129, 348, 130, 1, -1, -0.7853981633974483, 1.4142135623730951
878, 43, 78, 142, 77, 143, 1, -1, -0.7853981633974483, 1.4142135623730951
878, 46, 436, 129, 435, 130, 1, -1, -0.7853981633974483, 1.4142135623730951
878, 48, 353, 101, 352, 102, 1, -1, -0.7853981633974483, 1.4142135623730951
878, 49, 389, 400, 388, 401, 1, -1, -0.7853981633974483, 1.4142135623730951
879, 1, 547, 104, 545, 104, 2, 0, 0.0, 2.0
879, 2, 633, 332, 631, 333, 2, -1, -0.4636476090008061, 2.23606797749979
879, 3, 522, 370, 520, 371, 2, -1, -0.4636476090008061, 2.23606797749979
879, 4, 448, 125, 446, 125, 2, 0, 0.0, 2.0
879, 6, 48, 129, 47, 130, 1, -1, -0.7853981633974483, 1.4142135623730951
879, 11, 417, 120, 415, 121, 2, -1, -0.4636476090008061, 2.23606797749979
879, 15, 368, 79, 367, 80, 1, -1, -0.7853981633974483, 1.4142135623730951
879, 17, 165, 140, 164, 141, 1, -1, -0.7853981633974483, 1.4142135623730951
879, 21, 143, 185, 142, 186, 1, -1, -0.7853981633974483, 1.4142135623730951
879, 22, 311, 87, 310, 88, 1, -1, -0.7853981633974483, 1.4142135623730951
879, 24, 458, 72, 457, 73, 1, -1, -0.7853981633974483, 1.4142135623730951
879, 25, 633, 137, 635, 137, -2, 0, 3.141592653589793, 2.0
879, 28, 501, 400, 500, 401, 1, -1, -0.7853981633974483, 1.4142135623730951
879, 29, 308, 122, 306, 123, 2, -1, -0.4636476090008061, 2.23606797749979
879, 30, 573, 119, 571, 119, 2, 0, 0.0, 2.0
879, 31, 406, 342, 404, 342, 2, 0, 0.0, 2.0
879, 36, 540, 342, 538, 344, 2, -2, -0.7853981633974483, 2.8284271247461903
879, 39, 629, 105, 627, 105, 2, 0, 0.0, 2.0
879, 40, 355, 402, 353, 402, 2, 0, 0.0, 2.0
879, 42, 350, 128, 349, 129, 1, -1, -0.7853981633974483, 1.4142135623730951
879, 44, 250, 76, 249, 77, 1, -1, -0.7853981633974483, 1.4142135623730951
879, 48, 354, 100, 353, 101, 1, -1, -0.7853981633974483, 1.4142135623730951
879, 52, 128, 156, 128, 158, 0, -2, -1.5707963267948966, 2.0
880, 2, 543, 108, 542, 107, 1, 1, 0.7853981633974483, 1.4142135623730951
880, 3, 631, 335, 630, 336, 1, -1, -0.7853981633974483, 1.4142135623730951
880, 6, 520, 372, 519, 373, 1, -1, -0.7853981633974483, 1.4142135623730951
880, 8, 413, 125, 411, 125, 2, 0, 0.0, 2.0
880, 14, 146, 187, 145, 188, 1, -1, -0.7853981633974483, 1.4142135623730951
880, 17, 412, 355, 410, 355, 2, 0, 0.0, 2.0
880, 20, 355, 403, 354, 404, 1, -1, -0.7853981633974483, 1.4142135623730951
880, 22, 97, 297, 96, 299, 1, -2, -1.1071487177940904, 2.23606797749979
880, 25, 501, 403, 500, 404, 1, -1, -0.7853981633974483, 1.4142135623730951
880, 28, 478, 378, 476, 379, 2, -1, -0.4636476090008061, 2.23606797749979
880, 30, 231, 122, 231, 124, 0, -2, -1.5707963267948966, 2.0
880, 34, 382, 125, 380, 125, 2, 0, 0.0, 2.0
880, 36, 285, 74, 284, 75, 1, -1, -0.7853981633974483, 1.4142135623730951
880, 38, 349, 397, 348, 398, 1, -1, -0.7853981633974483, 1.4142135623730951
880, 39, 461, 76, 459, 77, 2, -1, -0.4636476090008061, 2.23606797749979
880, 43, 532, 402, 531, 403, 1, -1, -0.7853981633974483, 1.4142135623730951
880, 44, 218, 71, 217, 72, 1, -1, -0.7853981633974483, 1.4142135623730951
881, 2, 545, 108, 543, 108, 2, 0, 0.0, 2.0
881, 3, 632, 334, 631, 335, 1, -1, -0.7853981633974483, 1.4142135623730951
881, 6, 522, 371, 520, 372, 2, -1, -0.4636476090008061, 2.23606797749979
881, 9, 446, 127, 444, 128, 2, -1, -0.4636476090008061, 2.23606797749979
881, 12, 294, 69, 293, 70, 1, -1, -0.7853981633974483, 1.4142135623730951
881, 21, 607, 144, 606, 145, 1, -1, -0.7853981633974483, 1.4142135623730951
881, 25, 503, 402, 501, 403, 2, -1, -0.4636476090008061, 2.23606797749979
881, 26, 483, 126, 481, 126, 2, 0, 0.0, 2.0
881, 28, 479, 377, 478, 378, 1, -1, -0.7853981633974483, 1.4142135623730951
881, 30, 232, 121, 231, 122, 1, -1, -0.7853981633974483, 1.4142135623730951
881, 31, 78, 144, 77, 145, 1, -1, -0.7853981633974483, 1.4142135623730951
881, 33, 391, 404, 390, 405, 1, -1, -0.7853981633974483, 1.4142135623730951
881, 43, 533, 401, 532, 402, 1, -1, -0.7853981633974483, 1.4142135623730951
881, 46, 306, 126, 305, 127, 1, -1, -0.7853981633974483, 1.4142135623730951
881, 47, 378, 352, 377, 353, 1, -1, -0.7853981633974483, 1.4142135623730951
881, 49, 370, 74, 369, 75, 1, -1, -0.7853981633974483, 1.4142135623730951
882, 4, 50, 131, 49, 132, 1, -1, -0.7853981633974483, 1.4142135623730951
882, 5, 524, 370, 522, 371, 2, -1, -0.4636476090008061, 2.23606797749979
882, 8, 448, 127, 446, 127, 2, 0, 0.0, 2.0
882, 12, 249, 92, 248, 93, 1, -1, -0.7853981633974483, 1.4142135623730951
882, 13, 147, 186, 146, 187, 1, -1, -0.7853981633974483, 1.4142135623730951
882, 16, 414, 354, 413, 355, 1, -1, -0.7853981633974483, 1.4142135623730951
882, 20, 608, 143, 607, 144, 1, -1, -0.7853981633974483, 1.4142135623730951
882, 24, 504, 401, 503, 402, 1, -1, -0.7853981633974483, 1.4142135623730951
882, 25, 485, 126, 483, 126, 2, 0, 0.0, 2.0
882, 26, 539, 337, 537, 338, 2, -1, -0.4636476090008061, 2.23606797749979
882, 27, 480, 376, 479, 377, 1, -1, -0.7853981633974483, 1.4142135623730951
882, 30, 79, 143, 78, 144, 1, -1, -0.7853981633974483, 1.4142135623730951
882, 32, 392, 403, 391, 404, 1, -1, -0.7853981633974483, 1.4142135623730951
882, 33, 385, 125, 383, 125, 2, 0, 0.0, 2.0
882, 34, 536, 114, 535, 115, 1, -1, -0.7853981633974483, 1.4142135623730951
882, 38, 463, 75, 462, 76, 1, -1, -0.7853981633974483, 1.4142135623730951
882, 41, 125, 405, 124, 406, 1, -1, -0.7853981633974483, 1.4142135623730951
882, 42, 534, 400, 533, 401, 1, -1, -0.7853981633974483, 1.4142135623730951
882, 43, 219, 70, 218, 71, 1, -1, -0.7853981633974483, 1.4142135623730951
882, 45, 307, 125, 306, 126, 1, -1, -0.7853981633974483, 1.4142135623730951
882, 46, 379, 351, 378, 352, 1, -1, -0.7853981633974483, 1.4142135623730951
883, 0, 203, 161, 202, 163, 1, -2, -1.1071487177940904, 2.23606797749979
883, 1, 548, 108, 546, 108, 2, 0, 0.0, 2.0
883, 2, 635, 335, 633, 334, 2, 1, 0.4636476090008061, 2.23606797749979
883, 5, 526, 370, 524, 370, 2, 0, 0.0, 2.0
883, 8, 450, 127, 448, 127, 2, 0, 0.0, 2.0
883, 10, 53, 343, 52, 344, 1, -1, -0.7853981633974483, 1.4142135623730951
883, 13, 149, 185, 147, 186, 2, -1, -0.4636476090008061, 2.23606797749979
883, 16, 415, 353, 414, 354, 1, -1, -0.7853981633974483, 1.4142135623730951
883, 22, 358, 105, 357, 106, 1, -1, -0.7853981633974483, 1.4142135623730951
883, 24, 505, 400, 504, 401, 1, -1, -0.7853981633974483, 1.4142135623730951
883, 26, 543, 334, 539, 337, 4, -3, -0.6435011087932844, 5.0
883, 27, 482, 375, 480, 376, 2, -1, -0.4636476090008061, 2.23606797749979
883, 30, 80, 142, 79, 143, 1, -1, -0.7853981633974483, 1.4142135623730951
883, 32, 393, 402, 392, 403, 1, -1, -0.7853981633974483, 1.4142135623730951
883, 34, 538, 114, 536, 114, 2, 0, 0.0, 2.0
883, 35, 287, 73, 286, 74, 1, -1, -0.7853981633974483, 1.4142135623730951
883, 37, 352, 396, 351, 397, 1, -1, -0.7853981633974483, 1.4142135623730951
883, 38, 465, 75, 463, 75, 2, 0, 0.0, 2.0
883, 42, 535, 399, 534, 400, 1, -1, -0.7853981633974483, 1.4142135623730951
883, 45, 308, 124, 307, 125, 1, -1, -0.7853981633974483, 1.4142135623730951
883, 46, 380, 350, 379, 351, 1, -1, -0.7853981633974483, 1.4142135623730951
884, 1, 550, 109, 548, 108, 2, 1, 0.4636476090008061, 2.23606797749979
884, 7, 418, 125, 416, 125, 2, 0, 0.0, 2.0
884, 8, 452, 127, 450, 127, 2, 0, 0.0, 2.0
884, 12, 250, 90, 249, 91, 1, -1, -0.7853981633974483, 1.4142135623730951
884, 16, 416, 352, 415, 353, 1, -1, -0.7853981633974483, 1.4142135623730951
884, 20, 610, 142, 609, 143, 1, -1, -0.7853981633974483, 1.4142135623730951
884, 21, 99, 294, 98, 295, 1, -1, -0.7853981633974483, 1.4142135623730951
884, 23, 260, 73, 259, 74, 1, -1, -0.7853981633974483, 1.4142135623730951
884, 24, 507, 399, 505, 400, 2, -1, -0.4636476090008061, 2.23606797749979
884, 25, 488, 126, 486, 126, 2, 0, 0.0, 2.0
884, 26, 545, 331, 543, 334, 2, -3, -0.982793723247329, 3.605551275463989
884, 27, 483, 374, 482, 375, 1, -1, -0.7853981633974483, 1.4142135623730951
884, 34, 540, 112, 538, 114, 2, -2, -0.7853981633974483, 2.8284271247461903
884, 37, 353, 395, 352, 396, 1, -1, -0.7853981633974483, 1.4142135623730951
884, 40, 131, 155, 130, 156, 1, -1, -0.7853981633974483, 1.4142135623730951
884, 42, 536, 398, 535, 399, 1, -1, -0.7853981633974483, 1.4142135623730951
884, 46, 381, 349, 380, 350, 1, -1, -0.7853981633974483, 1.4142135623730951
884, 49, 626, 111, 624, 111, 2, 0, 0.0, 2.0
885, 0, 205, 164, 204, 165, 1, -1, -0.7853981633974483, 1.4142135623730951
885, 3, 549, 108, 547, 109, 2, -1, -0.4636476090008061, 2.23606797749979
885, 7, 526, 373, 524, 374, 2, -1, -0.4636476090008061, 2.23606797749979
885, 11, 452, 128, 450, 129, 2, -1, -0.4636476090008061, 2.23606797749979
885, 14, 418, 125, 416, 125, 2, 0, 0.0, 2.0
885, 16, 549, 334, 545, 335, 4, -1, -0.24497866312686414, 4.123105625617661
885, 17, 296, 398, 294, 398, 2, 0, 0.0, 2.0
885, 18, 56, 345, 55, 346, 1, -1, -0.7853981633974483, 1.4142135623730951
885, 23, 385, 131, 383, 132, 2, -1, -0.4636476090008061, 2.23606797749979
885, 26, 465, 73, 463, 74, 2, -1, -0.4636476090008061, 2.23606797749979
885, 29, 417, 355, 415, 355, 2, 0, 0.0, 2.0
885, 32, 576, 112, 575, 113, 1, -1, -0.7853981633974483, 1.4142135623730951
885, 35, 507, 404, 505, 404, 2, 0, 0.0, 2.0
885, 40, 482, 378, 481, 379, 1, -1, -0.7853981633974483, 1.4142135623730951
885, 43, 127, 406, 126, 407, 1, -1, -0.7853981633974483, 1.4142135623730951
885, 44, 358, 402, 357, 403, 1, -1, -0.7853981633974483, 1.4142135623730951
885, 45, 487, 127, 485, 127, 2, 0, 0.0, 2.0
885, 46, 481, 136, 479, 136, 2, 0, 0.0, 2.0
885, 47, 451, 363, 449, 364, 2, -1, -0.4636476090008061, 2.23606797749979
885, 50, 358, 100, 357, 101, 1, -1, -0.7853981633974483, 1.4142135623730951
885, 51, 522, 134, 520, 134, 2, 0, 0.0, 2.0
885, 53, 85, 320, 84, 321, 1, -1, -0.7853981633974483, 1.4142135623730951
885, 68, 243, 116, 242, 117, 1, -1, -0.7853981633974483, 1.4142135623730951
885, 69, 560, 344, 558, 345, 2, -1, -0.4636476090008061, 2.23606797749979
885, 72, 417, 374, 415, 374, 2, 0, 0.0, 2.0
886, 3, 551, 108, 549, 108, 2, 0, 0.0, 2.0
886, 7, 528, 372, 526, 373, 2, -1, -0.4636476090008061, 2.23606797749979
886, 11, 454, 127, 452, 128, 2, -1, -0.4636476090008061, 2.23606797749979
886, 15, 149, 186, 148, 187, 1, -1, -0.7853981633974483, 1.4142135623730951
886, 16, 554, 333, 549, 334, 5, -1, -0.19739555984988075, 5.0990195135927845
886, 19, 537, 402, 536, 403, 1, -1, -0.7853981633974483, 1.4142135623730951
886, 23, 387, 130, 385, 131, 2, -1, -0.4636476090008061, 2.23606797749979
886, 25, 402, 72, 401, 73, 1, -1, -0.7853981633974483, 1.4142135623730951
886, 26, 467, 73, 465, 73, 2, 0, 0.0, 2.0
886, 29, 418, 354, 417, 355, 1, -1, -0.7853981633974483, 1.4142135623730951
886, 32, 577, 111, 576, 112, 1, -1, -0.7853981633974483, 1.4142135623730951
886, 35, 509, 403, 507, 404, 2, -1, -0.4636476090008061, 2.23606797749979
886, 40, 484, 378, 482, 378, 2, 0, 0.0, 2.0
886, 44, 359, 401, 358, 402, 1, -1, -0.7853981633974483, 1.4142135623730951
886, 46, 484, 136, 481, 136, 3, 0, 0.0, 3.0
886, 47, 453, 363, 451, 363, 2, 0, 0.0, 2.0
886, 49, 97, 404, 96, 405, 1, -1, -0.7853981633974483, 1.4142135623730951
886, 50, 359, 99, 358, 100, 1, -1, -0.7853981633974483, 1.4142135623730951
886, 55, 358, 131, 357, 132, 1, -1, -0.7853981633974483, 1.4142135623730951
886, 58, 383, 352, 382, 353, 1, -1, -0.7853981633974483, 1.4142135623730951
886, 69, 562, 344, 560, 344, 2, 0, 0.0, 2.0
887, 7, 530, 372, 528, 372, 2, 0, 0.0, 2.0
887, 11, 456, 126, 454, 127, 2, -1, -0.4636476090008061, 2.23606797749979
887, 16, 555, 334, 554, 333, 1, 1, 0.7853981633974483, 1.4142135623730951
887, 18, 57, 343, 56, 344, 1, -1, -0.7853981633974483, 1.4142135623730951
887, 19, 538, 401, 537, 402, 1, -1, -0.7853981633974483, 1.4142135623730951
887, 21, 178, 124, 177, 125, 1, -1, -0.7853981633974483, 1.4142135623730951
887, 23, 389, 130, 387, 130, 2, 0, 0.0, 2.0
887, 25, 403, 71, 402, 72, 1, -1, -0.7853981633974483, 1.4142135623730951
887, 26, 469, 73, 467, 73, 2, 0, 0.0, 2.0
887, 32, 578, 110, 577, 111, 1, -1, -0.7853981633974483, 1.4142135623730951
887, 35, 511, 402, 509, 403, 2, -1, -0.4636476090008061, 2.23606797749979
887, 40, 486, 378, 484, 378, 2, 0, 0.0, 2.0
887, 41, 377, 77, 375, 78, 2, -1, -0.4636476090008061, 2.23606797749979
887, 49, 360, 98, 359, 99, 1, -1, -0.7853981633974483, 1.4142135623730951
887, 50, 525, 134, 523, 134, 2, 0, 0.0, 2.0
887, 68, 565, 344, 562, 344, 3, 0, 0.0, 3.0
887, 69, 295, 78, 294, 79, 1, -1, -0.7853981633974483, 1.4142135623730951
888, 12, 393, 395, 392, 396, 1, -1, -0.7853981633974483, 1.4142135623730951
888, 14, 421, 124, 420, 125, 1, -1, -0.7853981633974483, 1.4142135623730951
888, 20, 100, 156, 99, 157, 1, -1, -0.7853981633974483, 1.4142135623730951
888, 22, 218, 130, 217, 131, 1, -1, -0.7853981633974483, 1.4142135623730951
888, 35, 512, 401, 511, 402, 1, -1, -0.7853981633974483, 1.4142135623730951
888, 37, 398, 404, 397, 405, 1, -1, -0.7853981633974483, 1.4142135623730951
888, 41, 378, 76, 377, 77, 1, -1, -0.7853981633974483, 1.4142135623730951
888, 44, 491, 127, 489, 127, 2, 0, 0.0, 2.0
888, 46, 456, 362, 454, 363, 2, -1, -0.4636476090008061, 2.23606797749979
888, 49, 361, 97, 360, 98, 1, -1, -0.7853981633974483, 1.4142135623730951
888, 54, 361, 131, 359, 131, 2, 0, 0.0, 2.0
888, 55, 570, 402, 568, 402, 2, 0, 0.0, 2.0
888, 63, 150, 375, 149, 376, 1, -1, -0.7853981633974483, 1.4142135623730951
888, 68, 566, 343, 565, 344, 1, -1, -0.7853981633974483, 1.4142135623730951
889, 0, 205, 159, 205, 161, 0, -2, -1.5707963267948966, 2.0
889, 3, 555, 108, 553, 108, 2, 0, 0.0, 2.0
889, 7, 532, 371, 531, 372, 1, -1, -0.7853981633974483, 1.4142135623730951
889, 8, 261, 67, 259, 67, 2, 0, 0.0, 2.0
889, 11, 459, 125, 457, 126, 2, -1, -0.4636476090008061, 2.23606797749979
889, 12, 394, 394, 393, 395, 1, -1, -0.7853981633974483, 1.4142135623730951
889, 14, 422, 123, 421, 124, 1, -1, -0.7853981633974483, 1.4142135623730951
889, 16, 559, 334, 556, 334, 3, 0, 0.0, 3.0
889, 20, 101, 155, 100, 156, 1, -1, -0.7853981633974483, 1.4142135623730951
889, 21, 179, 122, 178, 123, 1, -1, -0.7853981633974483, 1.4142135623730951
889, 29, 422, 354, 420, 354, 2, 0, 0.0, 2.0
889, 30, 100, 294, 99, 295, 1, -1, -0.7853981633974483, 1.4142135623730951
889, 35, 513, 400, 512, 401, 1, -1, -0.7853981633974483, 1.4142135623730951
889, 37, 400, 404, 398, 404, 2, 0, 0.0, 2.0
889, 40, 488, 377, 487, 378, 1, -1, -0.7853981633974483, 1.4142135623730951
889, 41, 379, 75, 378, 76, 1, -1, -0.7853981633974483, 1.4142135623730951
889, 46, 457, 361, 456, 362, 1, -1, -0.7853981633974483, 1.4142135623730951
889, 49, 363, 96, 361, 97, 2, -1, -0.4636476090008061, 2.23606797749979
889, 50, 528, 134, 526, 134, 2, 0, 0.0, 2.0
889, 52, 88, 319, 87, 320, 1, -1, -0.7853981633974483, 1.4142135623730951
889, 53, 222, 71, 221, 72, 1, -1, -0.7853981633974483, 1.4142135623730951
889, 54, 362, 130, 361, 131, 1, -1, -0.7853981633974483, 1.4142135623730951
889, 60, 518, 138, 516, 139, 2, -1, -0.4636476090008061, 2.23606797749979
889, 67, 244, 112, 243, 113, 1, -1, -0.7853981633974483, 1.4142135623730951
889, 68, 567, 342, 566, 343, 1, -1, -0.7853981633974483, 1.4142135623730951
889, 69, 296, 76, 295, 77, 1, -1, -0.7853981633974483, 1.4142135623730951
890, 3, 460, 125, 458, 126, 2, -1, -0.4636476090008061, 2.23606797749979
890, 5, 261, 68, 260, 69, 1, -1, -0.7853981633974483, 1.4142135623730951
890, 6, 531, 372, 530, 374, 1, -2, -1.1071487177940904, 2.23606797749979
890, 14, 421, 354, 419, 355, 2, -1, -0.4636476090008061, 2.23606797749979
890, 17, 635, 335, 637, 336, -2, -1, -2.677945044588987, 2.23606797749979
890, 27, 151, 375, 150, 376, 1, -1, -0.7853981633974483, 1.4142135623730951
890, 28, 302, 101, 301, 102, 1, -1, -0.7853981633974483, 1.4142135623730951
890, 29, 376, 90, 373, 90, 3, 0, 0.0, 3.0
890, 30, 100, 404, 99, 405, 1, -1, -0.7853981633974483, 1.4142135623730951
890, 35, 391, 125, 390, 126, 1, -1, -0.7853981633974483, 1.4142135623730951
890, 37, 309, 132, 308, 133, 1, -1, -0.7853981633974483, 1.4142135623730951
890, 43, 399, 404, 398, 405, 1, -1, -0.7853981633974483, 1.4142135623730951
890, 45, 220, 132, 219, 133, 1, -1, -0.7853981633974483, 1.4142135623730951
890, 47, 378, 78, 377, 79, 1, -1, -0.7853981633974483, 1.4142135623730951
890, 51, 152, 187, 151, 188, 1, -1, -0.7853981633974483, 1.4142135623730951
890, 52, 572, 401, 570, 402, 2, -1, -0.4636476090008061, 2.23606797749979
890, 58, 565, 344, 564, 345, 1, -1, -0.7853981633974483, 1.4142135623730951
890, 59, 364, 101, 362, 101, 2, 0, 0.0, 2.0
890, 62, 583, 332, 582, 333, 1, -1, -0.7853981633974483, 1.4142135623730951
890, 66, 188, 349, 186, 349, 2, 0, 0.0, 2.0
890, 68, 88, 320, 87, 321, 1, -1, -0.7853981633974483, 1.4142135623730951
890, 69, 393, 396, 392, 397, 1, -1, -0.7853981633974483, 1.4142135623730951
890, 73, 486, 378, 485, 379, 1, -1, -0.7853981633974483, 1.4142135623730951
890, 77, 312, 123, 311, 124, 1, -1, -0.7853981633974483, 1.4142135623730951
890, 78, 453, 131, 452, 132, 1, -1, -0.7853981633974483, 1.4142135623730951
890, 80, 386, 351, 385, 352, 1, -1, -0.7853981633974483, 1.4142135623730951
890, 81, 456, 363, 454, 364, 2, -1, -0.4636476090008061, 2.23606797749979
891, 1, 555, 109, 554, 110, 1, -1, -0.7853981633974483, 1.4142135623730951
891, 3, 461, 124, 460, 125, 1, -1, -0.7853981633974483, 1.4142135623730951
891, 5, 262, 67, 261, 68, 1, -1, -0.7853981633974483, 1.4142135623730951
891, 6, 534, 371, 531, 372, 3, -1, -0.3217505543966422, 3.1622776601683795
891, 9, 469, 74, 468, 75, 1, -1, -0.7853981633974483, 1.4142135623730951
891, 10, 298, 70, 297, 71, 1, -1, -0.7853981633974483, 1.4142135623730951
891, 14, 423, 353, 421, 354, 2, -1, -0.4636476090008061, 2.23606797749979
891, 15, 424, 126, 422, 126, 2, 0, 0.0, 2.0
891, 16, 513, 402, 511, 403, 2, -1, -0.4636476090008061, 2.23606797749979
891, 22, 59, 344, 58, 345, 1, -1, -0.7853981633974483, 1.4142135623730951
891, 28, 303, 100, 302, 101, 1, -1, -0.7853981633974483, 1.4142135623730951
891, 29, 379, 90, 376, 90, 3, 0, 0.0, 3.0
891, 34, 585, 116, 583, 115, 2, 1, 0.4636476090008061, 2.23606797749979
891, 35, 392, 124, 391, 125, 1, -1, -0.7853981633974483, 1.4142135623730951
891, 36, 556, 337, 554, 338, 2, -1, -0.4636476090008061, 2.23606797749979
891, 39, 493, 129, 491, 129, 2, 0, 0.0, 2.0
891, 41, 248, 116, 247, 117, 1, -1, -0.7853981633974483, 1.4142135623730951
891, 43, 400, 403, 399, 404, 1, -1, -0.7853981633974483, 1.4142135623730951
891, 47, 379, 77, 378, 78, 1, -1, -0.7853981633974483, 1.4142135623730951
891, 52, 574, 400, 572, 401, 2, -1, -0.4636476090008061, 2.23606797749979
891, 54, 309, 376, 308, 377, 1, -1, -0.7853981633974483, 1.4142135623730951
891, 57, 102, 156, 101, 157, 1, -1, -0.7853981633974483, 1.4142135623730951
891, 58, 567, 343, 565, 344, 2, -1, -0.4636476090008061, 2.23606797749979
891, 60, 550, 345, 547, 344, 3, 1, 0.3217505543966422, 3.1622776601683795
891, 62, 585, 331, 583, 332, 2, -1, -0.4636476090008061, 2.23606797749979
891, 64, 630, 328, 628, 329, 2, -1, -0.4636476090008061, 2.23606797749979
891, 65, 487, 134, 486, 135, 1, -1, -0.7853981633974483, 1.4142135623730951
891, 69, 394, 395, 393, 396, 1, -1, -0.7853981633974483, 1.4142135623730951
891, 70, 222, 73, 221, 74, 1, -1, -0.7853981633974483, 1.4142135623730951
891, 72, 182, 189, 181, 190, 1, -1, -0.7853981633974483, 1.4142135623730951
891, 73, 488, 377, 486, 378, 2, -1, -0.4636476090008061, 2.23606797749979
891, 75, 601, 78, 599, 79, 2, -1, -0.4636476090008061, 2.23606797749979
891, 78, 454, 130, 453, 131, 1, -1, -0.7853981633974483, 1.4142135623730951
891, 80, 387, 350, 386, 351, 1, -1, -0.7853981633974483, 1.4142135623730951
891, 81, 458, 362, 456, 363, 2, -1, -0.4636476090008061, 2.23606797749979
892, 0, 207, 161, 206, 162, 1, -1, -0.7853981633974483, 1.4142135623730951
892, 1, 557, 108, 555, 109, 2, -1, -0.4636476090008061, 2.23606797749979
892, 3, 462, 123, 461, 124, 1, -1, -0.7853981633974483, 1.4142135623730951
892, 5, 263, 66, 262, 67, 1, -1, -0.7853981633974483, 1.4142135623730951
892, 6, 537, 370, 534, 371, 3, -1, -0.3217505543966422, 3.1622776601683795
892, 10, 299, 69, 298, 70, 1, -1, -0.7853981633974483, 1.4142135623730951
892, 14, 424, 352, 423, 353, 1, -1, -0.7853981633974483, 1.4142135623730951
892, 16, 514, 401, 513, 402, 1, -1, -0.7853981633974483, 1.4142135623730951
892, 29, 382, 90, 379, 90, 3, 0, 0.0, 3.0
892, 30, 101, 403, 100, 404, 1, -1, -0.7853981633974483, 1.4142135623730951
892, 32, 634, 105, 633, 106, 1, -1, -0.7853981633974483, 1.4142135623730951
892, 33, 86, 374, 85, 375, 1, -1, -0.7853981633974483, 1.4142135623730951
892, 34, 587, 117, 585, 116, 2, 1, 0.4636476090008061, 2.23606797749979
892, 36, 559, 336, 556, 337, 3, -1, -0.3217505543966422, 3.1622776601683795
892, 38, 101, 294, 100, 295, 1, -1, -0.7853981633974483, 1.4142135623730951
892, 45, 221, 130, 220, 131, 1, -1, -0.7853981633974483, 1.4142135623730951
892, 47, 381, 76, 379, 77, 2, -1, -0.4636476090008061, 2.23606797749979
892, 48, 265, 78, 264, 79, 1, -1, -0.7853981633974483, 1.4142135623730951
892, 49, 518, 137, 516, 138, 2, -1, -0.4636476090008061, 2.23606797749979
892, 51, 153, 186, 152, 187, 1, -1, -0.7853981633974483, 1.4142135623730951
892, 52, 575, 399, 574, 400, 1, -1, -0.7853981633974483, 1.4142135623730951
892, 57, 103, 155, 102, 156, 1, -1, -0.7853981633974483, 1.4142135623730951
892, 58, 570, 342, 567, 343, 3, -1, -0.3217505543966422, 3.1622776601683795
892, 59, 366, 100, 365, 101, 1, -1, -0.7853981633974483, 1.4142135623730951
892, 60, 553, 344, 550, 345, 3, -1, -0.3217505543966422, 3.1622776601683795
892, 62, 588, 330, 585, 331, 3, -1, -0.3217505543966422, 3.1622776601683795
892, 64, 633, 327, 630, 328, 3, -1, -0.3217505543966422, 3.1622776601683795
892, 68, 90, 319, 89, 320, 1, -1, -0.7853981633974483, 1.4142135623730951
892, 69, 395, 394, 394, 395, 1, -1, -0.7853981633974483, 1.4142135623730951
892, 71, 323, 81, 322, 82, 1, -1, -0.7853981633974483, 1.4142135623730951
892, 72, 183, 188, 182, 189, 1, -1, -0.7853981633974483, 1.4142135623730951
892, 73, 490, 377, 488, 377, 2, 0, 0.0, 2.0
892, 78, 455, 129, 454, 130, 1, -1, -0.7853981633974483, 1.4142135623730951
892, 81, 460, 361, 458, 362, 2, -1, -0.4636476090008061, 2.23606797749979
893, 1, 560, 107, 557, 108, 3, -1, -0.3217505543966422, 3.1622776601683795
893, 4, 248, 371, 247, 372, 1, -1, -0.7853981633974483, 1.4142135623730951
893, 5, 264, 65, 263, 66, 1, -1, -0.7853981633974483, 1.4142135623730951
893, 6, 539, 369, 537, 370, 2, -1, -0.4636476090008061, 2.23606797749979
893, 10, 300, 68, 299, 69, 1, -1, -0.7853981633974483, 1.4142135623730951
893, 14, 426, 352, 424, 352, 2, 0, 0.0, 2.0
893, 16, 515, 400, 514, 401, 1, -1, -0.7853981633974483, 1.4142135623730951
893, 18, 408, 72, 407, 73, 1, -1, -0.7853981633974483, 1.4142135623730951
893, 23, 366, 404, 365, 405, 1, -1, -0.7853981633974483, 1.4142135623730951
893, 29, 384, 89, 382, 90, 2, -1, -0.4636476090008061, 2.23606797749979
893, 35, 394, 123, 393, 124, 1, -1, -0.7853981633974483, 1.4142135623730951
893, 36, 560, 335, 559, 336, 1, -1, -0.7853981633974483, 1.4142135623730951
893, 39, 496, 129, 494, 129, 2, 0, 0.0, 2.0
893, 40, 530, 136, 528, 136, 2, 0, 0.0, 2.0
893, 41, 249, 114, 248, 115, 1, -1, -0.7853981633974483, 1.4142135623730951
893, 43, 402, 402, 401, 403, 1, -1, -0.7853981633974483, 1.4142135623730951
893, 47, 382, 75, 381, 76, 1, -1, -0.7853981633974483, 1.4142135623730951
893, 49, 520, 136, 518, 137, 2, -1, -0.4636476090008061, 2.23606797749979
893, 52, 576, 398, 575, 399, 1, -1, -0.7853981633974483, 1.4142135623730951
893, 54, 310, 374, 309, 375, 1, -1, -0.7853981633974483, 1.4142135623730951
893, 58, 573, 341, 570, 342, 3, -1, -0.3217505543966422, 3.1622776601683795
893, 60, 555, 344, 553, 344, 2, 0, 0.0, 2.0
893, 62, 592, 328, 588, 330, 4, -2, -0.4636476090008061, 4.47213595499958
893, 64, 635, 327, 633, 327, 2, 0, 0.0, 2.0
893, 65, 488, 133, 487, 134, 1, -1, -0.7853981633974483, 1.4142135623730951
893, 69, 396, 393, 395, 394, 1, -1, -0.7853981633974483, 1.4142135623730951
893, 70, 223, 71, 222, 72, 1, -1, -0.7853981633974483, 1.4142135623730951
893, 71, 324, 80, 323, 81, 1, -1, -0.7853981633974483, 1.4142135623730951
893, 72, 184, 187, 183, 188, 1, -1, -0.7853981633974483, 1.4142135623730951
893, 73, 492, 376, 490, 377, 2, -1, -0.4636476090008061, 2.23606797749979
893, 78, 457, 129, 455, 129, 2, 0, 0.0, 2.0
893, 79, 389, 349, 388, 350, 1, -1, -0.7853981633974483, 1.4142135623730951
893, 80, 462, 360, 460, 361, 2, -1, -0.4636476090008061, 2.23606797749979
894, 1, 562, 106, 560, 107, 2, -1, -0.4636476090008061, 2.23606797749979
894, 2, 141, 327, 140, 328, 1, -1, -0.7853981633974483, 1.4142135623730951
894, 3, 466, 123, 463, 123, 3, 0, 0.0, 3.0
894, 5, 265, 64, 264, 65, 1, -1, -0.7853981633974483, 1.4142135623730951
894, 6, 540, 367, 539, 369, 1, -2, -1.1071487177940904, 2.23606797749979
894, 9, 473, 73, 471, 74, 2, -1, -0.4636476090008061, 2.23606797749979
894, 10, 301, 67, 300, 68, 1, -1, -0.7853981633974483, 1.4142135623730951
894, 16, 516, 399, 515, 400, 1, -1, -0.7853981633974483, 1.4142135623730951
894, 23, 367, 403, 366, 404, 1, -1, -0.7853981633974483, 1.4142135623730951
894, 26, 545, 402, 543, 402, 2, 0, 0.0, 2.0
894, 29, 386, 88, 384, 89, 2, -1, -0.4636476090008061, 2.23606797749979
894, 32, 635, 103, 634, 104, 1, -1, -0.7853981633974483, 1.4142135623730951
894, 34, 590, 117, 588, 117, 2, 0, 0.0, 2.0
894, 35, 395, 122, 394, 123, 1, -1, -0.7853981633974483, 1.4142135623730951
894, 36, 558, 335, 560, 335, -2, 0, 3.141592653589793, 2.0
894, 37, 314, 132, 312, 132, 2, 0, 0.0, 2.0
894, 40, 532, 136, 530, 136, 2, 0, 0.0, 2.0
894, 43, 403, 401, 402, 402, 1, -1, -0.7853981633974483, 1.4142135623730951
894, 47, 383, 74, 382, 75, 1, -1, -0.7853981633974483, 1.4142135623730951
894, 48, 266, 77, 265, 78, 1, -1, -0.7853981633974483, 1.4142135623730951
894, 49, 523, 135, 520, 136, 3, -1, -0.3217505543966422, 3.1622776601683795
894, 51, 154, 185, 153, 186, 1, -1, -0.7853981633974483, 1.4142135623730951
894, 52, 577, 397, 576, 398, 1, -1, -0.7853981633974483, 1.4142135623730951
894, 58, 575, 340, 573, 341, 2, -1, -0.4636476090008061, 2.23606797749979
894, 60, 557, 343, 555, 344, 2, -1, -0.4636476090008061, 2.23606797749979
894, 61, 181, 94, 179, 95, 2, -1, -0.4636476090008061, 2.23606797749979
894, 62, 596, 327, 592, 328, 4, -1, -0.24497866312686414, 4.123105625617661
894, 65, 490, 133, 488, 133, 2, 0, 0.0, 2.0
894, 69, 397, 392, 396, 393, 1, -1, -0.7853981633974483, 1.4142135623730951
894, 70, 224, 70, 223, 71, 1, -1, -0.7853981633974483, 1.4142135623730951
894, 72, 185, 186, 184, 187, 1, -1, -0.7853981633974483, 1.4142135623730951
894, 77, 316, 122, 315, 123, 1, -1, -0.7853981633974483, 1.4142135623730951
894, 78, 459, 128, 457, 129, 2, -1, -0.4636476090008061, 2.23606797749979
894, 79, 390, 348, 389, 349, 1, -1, -0.7853981633974483, 1.4142135623730951
894, 80, 464, 360, 462, 360, 2, 0, 0.0, 2.0
895, 2, 561, 108, 559, 109, 2, -1, -0.4636476090008061, 2.23606797749979
895, 4, 465, 125, 463, 126, 2, -1, -0.4636476090008061, 2.23606797749979
895, 5, 266, 65, 265, 68, 1, -3, -1.2490457723982544, 3.1622776601683795
895, 6, 537, 370, 535, 371, 2, -1, -0.4636476090008061, 2.23606797749979
895, 7, 188, 408, 185, 409, 3, -1, -0.3217505543966422, 3.1622776601683795
895, 8, 302, 70, 301, 71, 1, -1, -0.7853981633974483, 1.4142135623730951
895, 13, 218, 329, 217, 330, 1, -1, -0.7853981633974483, 1.4142135623730951
895, 15, 476, 76, 474, 76, 2, 0, 0.0, 2.0
895, 16, 174, 141, 171, 143, 3, -2, -0.5880026035475675, 3.605551275463989
895, 17, 132, 86, 130, 87, 2, -1, -0.4636476090008061, 2.23606797749979
895, 18, 154, 375, 154, 377, 0, -2, -1.5707963267948966, 2.0
895, 21, 391, 350, 390, 351, 1, -1, -0.7853981633974483, 1.4142135623730951
895, 22, 301, 403, 298, 404, 3, -1, -0.3217505543966422, 3.1622776601683795
895, 30, 222, 131, 221, 132, 1, -1, -0.7853981633974483, 1.4142135623730951
895, 31, 405, 404, 403, 405, 2, -1, -0.4636476090008061, 2.23606797749979
895, 32, 497, 129, 495, 130, 2, -1, -0.4636476090008061, 2.23606797749979
895, 33, 103, 295, 102, 296, 1, -1, -0.7853981633974483, 1.4142135623730951
895, 34, 546, 401, 543, 403, 3, -2, -0.5880026035475675, 3.605551275463989
895, 38, 321, 127, 316, 128, 5, -1, -0.19739555984988075, 5.0990195135927845
895, 39, 267, 74, 267, 76, 0, -2, -1.5707963267948966, 2.0
895, 41, 532, 136, 530, 136, 2, 0, 0.0, 2.0
895, 42, 224, 73, 223, 74, 1, -1, -0.7853981633974483, 1.4142135623730951
895, 45, 397, 125, 395, 126, 2, -1, -0.4636476090008061, 2.23606797749979
895, 47, 101, 403, 101, 405, 0, -2, -1.5707963267948966, 2.0
895, 48, 163, 372, 163, 374, 0, -2, -1.5707963267948966, 2.0
895, 49, 90, 144, 86, 145, 4, -1, -0.24497866312686414, 4.123105625617661
895, 52, 589, 119, 587, 118, 2, 1, 0.4636476090008061, 2.23606797749979
895, 53, 632, 369, 630, 369, 2, 0, 0.0, 2.0
895, 54, 411, 75, 410, 76, 1, -1, -0.7853981633974483, 1.4142135623730951
895, 56, 453, 131, 453, 133, 0, -2, -1.5707963267948966, 2.0
895, 57, 326, 81, 325, 82, 1, -1, -0.7853981633974483, 1.4142135623730951
895, 60, 380, 83, 379, 84, 1, -1, -0.7853981633974483, 1.4142135623730951
895, 61, 493, 379, 491, 379, 2, 0, 0.0, 2.0
895, 62, 188, 187, 185, 190, 3, -3, -0.7853981633974483, 4.242640687119285
895, 64, 426, 353, 425, 355, 1, -2, -1.1071487177940904, 2.23606797749979
895, 65, 461, 362, 460, 363, 1, -1, -0.7853981633974483, 1.4142135623730951
895, 67, 575, 402, 574, 403, 1, -1, -0.7853981633974483, 1.4142135623730951
896, 2, 562, 107, 561, 108, 1, -1, -0.7853981633974483, 1.4142135623730951
896, 6, 538, 369, 537, 370, 1, -1, -0.7853981633974483, 1.4142135623730951
896, 8, 304, 69, 302, 70, 2, -1, -0.4636476090008061, 2.23606797749979
896, 12, 428, 125, 427, 126, 1, -1, -0.7853981633974483, 1.4142135623730951
896, 15, 478, 76, 476, 76, 2, 0, 0.0, 2.0
896, 20, 368, 403, 367, 404, 1, -1, -0.7853981633974483, 1.4142135623730951
896, 21, 393, 349, 391, 350, 2, -1, -0.4636476090008061, 2.23606797749979
896, 31, 407, 404, 405, 404, 2, 0, 0.0, 2.0
896, 38, 268, 73, 267, 74, 1, -1, -0.7853981633974483, 1.4142135623730951
896, 39, 154, 187, 153, 188, 1, -1, -0.7853981633974483, 1.4142135623730951
896, 40, 534, 136, 532, 136, 2, 0, 0.0, 2.0
896, 42, 309, 380, 307, 380, 2, 0, 0.0, 2.0
896, 51, 592, 120, 589, 119, 3, 1, 0.3217505543966422, 3.1622776601683795
896, 52, 633, 368, 632, 369, 1, -1, -0.7853981633974483, 1.4142135623730951
896, 53, 412, 74, 411, 75, 1, -1, -0.7853981633974483, 1.4142135623730951
896, 55, 327, 80, 326, 81, 1, -1, -0.7853981633974483, 1.4142135623730951
896, 59, 495, 378, 493, 379, 2, -1, -0.4636476090008061, 2.23606797749979
896, 63, 463, 362, 461, 362, 2, 0, 0.0, 2.0
897, 2, 564, 107, 562, 107, 2, 0, 0.0, 2.0
897, 5, 268, 64, 267, 65, 1, -1, -0.7853981633974483, 1.4142135623730951
897, 6, 539, 368, 538, 369, 1, -1, -0.7853981633974483, 1.4142135623730951
897, 8, 305, 68, 304, 69, 1, -1, -0.7853981633974483, 1.4142135623730951
897, 15, 482, 75, 478, 76, 4, -1, -0.24497866312686414, 4.123105625617661
897, 31, 409, 403, 407, 404, 2, -1, -0.4636476090008061, 2.23606797749979
897, 32, 500, 128, 498, 129, 2, -1, -0.4636476090008061, 2.23606797749979
897, 33, 107, 293, 103, 294, 4, -1, -0.24497866312686414, 4.123105625617661
897, 34, 549, 401, 547, 401, 2, 0, 0.0, 2.0
897, 37, 323, 126, 322, 127, 1, -1, -0.7853981633974483, 1.4142135623730951
897, 39, 156, 186, 154, 187, 2, -1, -0.4636476090008061, 2.23606797749979
897, 40, 536, 136, 534, 136, 2, 0, 0.0, 2.0
897, 42, 311, 379, 309, 380, 2, -1, -0.4636476090008061, 2.23606797749979
897, 43, 311, 105, 310, 106, 1, -1, -0.7853981633974483, 1.4142135623730951
897, 44, 400, 124, 398, 125, 2, -1, -0.4636476090008061, 2.23606797749979
897, 49, 370, 101, 368, 101, 2, 0, 0.0, 2.0
897, 50, 318, 372, 317, 373, 1, -1, -0.7853981633974483, 1.4142135623730951
897, 51, 594, 121, 592, 120, 2, 1, 0.4636476090008061, 2.23606797749979
897, 52, 635, 368, 633, 368, 2, 0, 0.0, 2.0
897, 54, 328, 79, 327, 80, 1, -1, -0.7853981633974483, 1.4142135623730951
897, 57, 382, 82, 381, 83, 1, -1, -0.7853981633974483, 1.4142135623730951
897, 58, 497, 377, 495, 378, 2, -1, -0.4636476090008061, 2.23606797749979
897, 62, 464, 361, 463, 362, 1, -1, -0.7853981633974483, 1.4142135623730951
897, 63, 358, 105, 357, 106, 1, -1, -0.7853981633974483, 1.4142135623730951
897, 64, 577, 401, 576, 402, 1, -1, -0.7853981633974483, 1.4142135623730951
898, 2, 566, 107, 564, 107, 2, 0, 0.0, 2.0
898, 4, 468, 124, 467, 125, 1, -1, -0.7853981633974483, 1.4142135623730951
898, 8, 306, 67, 305, 68, 1, -1, -0.7853981633974483, 1.4142135623730951
898, 12, 430, 124, 429, 125, 1, -1, -0.7853981633974483, 1.4142135623730951
898, 15, 484, 75, 482, 75, 2, 0, 0.0, 2.0
898, 28, 236, 378, 235, 379, 1, -1, -0.7853981633974483, 1.4142135623730951
898, 30, 223, 128, 223, 130, 0, -2, -1.5707963267948966, 2.0
898, 31, 410, 402, 409, 403, 1, -1, -0.7853981633974483, 1.4142135623730951
898, 32, 502, 127, 500, 128, 2, -1, -0.4636476090008061, 2.23606797749979
898, 40, 538, 136, 536, 136, 2, 0, 0.0, 2.0
898, 41, 225, 71, 224, 72, 1, -1, -0.7853981633974483, 1.4142135623730951
898, 44, 402, 123, 400, 124, 2, -1, -0.4636476090008061, 2.23606797749979
898, 46, 103, 402, 102, 403, 1, -1, -0.7853981633974483, 1.4142135623730951
898, 49, 371, 100, 370, 101, 1, -1, -0.7853981633974483, 1.4142135623730951
898, 51, 597, 121, 594, 121, 3, 0, 0.0, 3.0
898, 54, 329, 78, 328, 79, 1, -1, -0.7853981633974483, 1.4142135623730951
898, 57, 499, 376, 497, 377, 2, -1, -0.4636476090008061, 2.23606797749979
898, 58, 190, 185, 189, 186, 1, -1, -0.7853981633974483, 1.4142135623730951
898, 59, 180, 326, 178, 327, 2, -1, -0.4636476090008061, 2.23606797749979
898, 61, 466, 361, 464, 361, 2, 0, 0.0, 2.0
898, 62, 360, 103, 358, 105, 2, -2, -0.7853981633974483, 2.8284271247461903
899, 0, 208, 159, 207, 160, 1, -1, -0.7853981633974483, 1.4142135623730951
899, 2, 567, 108, 566, 107, 1, 1, 0.7853981633974483, 1.4142135623730951
899, 4, 469, 123, 468, 124, 1, -1, -0.7853981633974483, 1.4142135623730951
899, 6, 542, 367, 540, 368, 2, -1, -0.4636476090008061, 2.23606797749979
899, 8, 307, 66, 306, 67, 1, -1, -0.7853981633974483, 1.4142135623730951
899, 10, 58, 130, 57, 131, 1, -1, -0.7853981633974483, 1.4142135623730951
899, 12, 432, 123, 430, 124, 2, -1, -0.4636476090008061, 2.23606797749979
899, 20, 372, 403, 370, 403, 2, 0, 0.0, 2.0
899, 25, 520, 402, 519, 403, 1, -1, -0.7853981633974483, 1.4142135623730951
899, 27, 172, 331, 171, 332, 1, -1, -0.7853981633974483, 1.4142135623730951
899, 30, 224, 127, 223, 128, 1, -1, -0.7853981633974483, 1.4142135623730951
899, 31, 412, 402, 410, 402, 2, 0, 0.0, 2.0
899, 32, 504, 127, 502, 127, 2, 0, 0.0, 2.0
899, 39, 157, 184, 156, 185, 1, -1, -0.7853981633974483, 1.4142135623730951
899, 40, 540, 136, 538, 136, 2, 0, 0.0, 2.0
899, 44, 404, 122, 402, 123, 2, -1, -0.4636476090008061, 2.23606797749979
899, 45, 132, 403, 131, 404, 1, -1, -0.7853981633974483, 1.4142135623730951
899, 51, 596, 119, 597, 121, -1, -2, -2.0344439357957027, 2.23606797749979
899, 54, 330, 77, 329, 78, 1, -1, -0.7853981633974483, 1.4142135623730951
899, 55, 95, 321, 94, 322, 1, -1, -0.7853981633974483, 1.4142135623730951
899, 56, 384, 81, 383, 82, 1, -1, -0.7853981633974483, 1.4142135623730951
899, 57, 501, 376, 499, 376, 2, 0, 0.0, 2.0
899, 58, 191, 184, 190, 185, 1, -1, -0.7853981633974483, 1.4142135623730951
899, 59, 182, 326, 180, 326, 2, 0, 0.0, 2.0
899, 61, 468, 361, 466, 361, 2, 0, 0.0, 2.0
899, 62, 361, 102, 360, 103, 1, -1, -0.7853981633974483, 1.4142135623730951
899, 63, 579, 400, 578, 401, 1, -1, -0.7853981633974483, 1.4142135623730951
900, 3, 307, 69, 306, 70, 1, -1, -0.7853981633974483, 1.4142135623730951
900, 5, 470, 126, 468, 126, 2, 0, 0.0, 2.0
900, 9, 259, 93, 258, 94, 1, -1, -0.7853981633974483, 1.4142135623730951
900, 11, 163, 185, 162, 186, 1, -1, -0.7853981633974483, 1.4142135623730951
900, 12, 433, 125, 431, 126, 2, -1, -0.4636476090008061, 2.23606797749979
900, 15, 166, 371, 165, 372, 1, -1, -0.7853981633974483, 1.4142135623730951
900, 19, 384, 84, 383, 85, 1, -1, -0.7853981633974483, 1.4142135623730951
900, 23, 503, 130, 500, 130, 3, 0, 0.0, 3.0
900, 27, 550, 403, 549, 404, 1, -1, -0.7853981633974483, 1.4142135623730951
900, 28, 420, 345, 418, 346, 2, -1, -0.4636476090008061, 2.23606797749979
900, 32, 564, 333, 561, 334, 3, -1, -0.3217505543966422, 3.1622776601683795
900, 35, 537, 136, 535, 136, 2, 0, 0.0, 2.0
900, 36, 556, 115, 554, 116, 2, -1, -0.4636476090008061, 2.23606797749979
900, 39, 402, 124, 400, 125, 2, -1, -0.4636476090008061, 2.23606797749979
900, 41, 498, 378, 496, 379, 2, -1, -0.4636476090008061, 2.23606797749979
900, 44, 327, 91, 326, 92, 1, -1, -0.7853981633974483, 1.4142135623730951
900, 45, 91, 144, 90, 145, 1, -1, -0.7853981633974483, 1.4142135623730951
900, 49, 410, 403, 409, 404, 1, -1, -0.7853981633974483, 1.4142135623730951
900, 56, 371, 404, 370, 405, 1, -1, -0.7853981633974483, 1.4142135623730951
900, 57, 415, 75, 414, 76, 1, -1, -0.7853981633974483, 1.4142135623730951
900, 58, 105, 404, 104, 405, 1, -1, -0.7853981633974483, 1.4142135623730951
900, 61, 596, 118, 595, 119, 1, -1, -0.7853981633974483, 1.4142135623730951
900, 63, 372, 133, 370, 133, 2, 0, 0.0, 2.0
900, 66, 578, 343, 575, 344, 3, -1, -0.3217505543966422, 3.1622776601683795
900, 72, 322, 126, 321, 127, 1, -1, -0.7853981633974483, 1.4142135623730951
900, 73, 508, 73, 506, 73, 2, 0, 0.0, 2.0
900, 74, 217, 403, 216, 404, 1, -1, -0.7853981633974483, 1.4142135623730951
901, 2, 567, 110, 565, 110, 2, 0, 0.0, 2.0
901, 5, 472, 126, 470, 126, 2, 0, 0.0, 2.0
901, 6, 544, 370, 542, 371, 2, -1, -0.4636476090008061, 2.23606797749979
901, 11, 164, 184, 163, 185, 1, -1, -0.7853981633974483, 1.4142135623730951
901, 12, 435, 125, 433, 125, 2, 0, 0.0, 2.0
901, 22, 432, 354, 430, 354, 2, 0, 0.0, 2.0
901, 23, 505, 130, 503, 130, 2, 0, 0.0, 2.0
901, 27, 551, 402, 550, 403, 1, -1, -0.7853981633974483, 1.4142135623730951
901, 28, 423, 344, 420, 345, 3, -1, -0.3217505543966422, 3.1622776601683795
901, 32, 567, 333, 564, 333, 3, 0, 0.0, 3.0
901, 33, 190, 187, 189, 188, 1, -1, -0.7853981633974483, 1.4142135623730951
901, 35, 539, 136, 537, 136, 2, 0, 0.0, 2.0
901, 36, 557, 114, 556, 115, 1, -1, -0.7853981633974483, 1.4142135623730951
901, 38, 95, 321, 94, 322, 1, -1, -0.7853981633974483, 1.4142135623730951
901, 39, 404, 123, 402, 124, 2, -1, -0.4636476090008061, 2.23606797749979
901, 41, 500, 378, 498, 378, 2, 0, 0.0, 2.0
901, 44, 328, 90, 327, 91, 1, -1, -0.7853981633974483, 1.4142135623730951
901, 49, 411, 402, 410, 403, 1, -1, -0.7853981633974483, 1.4142135623730951
901, 56, 372, 403, 371, 404, 1, -1, -0.7853981633974483, 1.4142135623730951
901, 57, 416, 74, 415, 75, 1, -1, -0.7853981633974483, 1.4142135623730951
901, 63, 374, 133, 372, 133, 2, 0, 0.0, 2.0
901, 65, 305, 81, 304, 82, 1, -1, -0.7853981633974483, 1.4142135623730951
901, 66, 580, 343, 578, 343, 2, 0, 0.0, 2.0
901, 67, 247, 121, 246, 122, 1, -1, -0.7853981633974483, 1.4142135623730951
901, 69, 372, 100, 370, 101, 2, -1, -0.4636476090008061, 2.23606797749979
901, 72, 323, 125, 322, 126, 1, -1, -0.7853981633974483, 1.4142135623730951
901, 73, 509, 72, 508, 73, 1, -1, -0.7853981633974483, 1.4142135623730951
902, 2, 568, 109, 567, 110, 1, -1, -0.7853981633974483, 1.4142135623730951
902, 3, 309, 68, 308, 69, 1, -1, -0.7853981633974483, 1.4142135623730951
902, 5, 474, 125, 472, 126, 2, -1, -0.4636476090008061, 2.23606797749979
902, 6, 548, 370, 544, 370, 4, 0, 0.0, 4.0
902, 8, 61, 132, 60, 133, 1, -1, -0.7853981633974483, 1.4142135623730951
902, 12, 437, 124, 435, 125, 2, -1, -0.4636476090008061, 2.23606797749979
902, 14, 356, 73, 355, 74, 1, -1, -0.7853981633974483, 1.4142135623730951
902, 23, 507, 130, 505, 130, 2, 0, 0.0, 2.0
902, 26, 270, 81, 268, 81, 2, 0, 0.0, 2.0
902, 27, 552, 401, 551, 402, 1, -1, -0.7853981633974483, 1.4142135623730951
902, 28, 426, 343, 423, 344, 3, -1, -0.3217505543966422, 3.1622776601683795
902, 32, 569, 333, 567, 333, 2, 0, 0.0, 2.0
902, 33, 191, 186, 190, 187, 1, -1, -0.7853981633974483, 1.4142135623730951
902, 36, 560, 114, 557, 114, 3, 0, 0.0, 3.0
902, 39, 406, 123, 404, 123, 2, 0, 0.0, 2.0
902, 41, 502, 377, 500, 378, 2, -1, -0.4636476090008061, 2.23606797749979
902, 43, 227, 132, 226, 133, 1, -1, -0.7853981633974483, 1.4142135623730951
902, 44, 329, 89, 328, 90, 1, -1, -0.7853981633974483, 1.4142135623730951
902, 46, 399, 352, 397, 353, 2, -1, -0.4636476090008061, 2.23606797749979
902, 56, 373, 402, 372, 403, 1, -1, -0.7853981633974483, 1.4142135623730951
902, 57, 417, 73, 416, 74, 1, -1, -0.7853981633974483, 1.4142135623730951
902, 61, 597, 117, 596, 118, 1, -1, -0.7853981633974483, 1.4142135623730951
902, 63, 376, 132, 374, 133, 2, -1, -0.4636476090008061, 2.23606797749979
902, 65, 306, 80, 305, 81, 1, -1, -0.7853981633974483, 1.4142135623730951
902, 66, 583, 343, 580, 343, 3, 0, 0.0, 3.0
902, 69, 373, 99, 372, 100, 1, -1, -0.7853981633974483, 1.4142135623730951
902, 71, 241, 399, 240, 400, 1, -1, -0.7853981633974483, 1.4142135623730951
902, 72, 324, 124, 323, 125, 1, -1, -0.7853981633974483, 1.4142135623730951
902, 73, 511, 71, 509, 72, 2, -1, -0.4636476090008061, 2.23606797749979
903, 0, 210, 158, 209, 159, 1, -1, -0.7853981633974483, 1.4142135623730951
903, 2, 570, 109, 568, 109, 2, 0, 0.0, 2.0
903, 5, 476, 125, 474, 125, 2, 0, 0.0, 2.0
903, 7, 486, 75, 484, 75, 2, 0, 0.0, 2.0
903, 19, 386, 82, 385, 83, 1, -1, -0.7853981633974483, 1.4142135623730951
903, 21, 188, 406, 187, 407, 1, -1, -0.7853981633974483, 1.4142135623730951
903, 23, 509, 130, 507, 130, 2, 0, 0.0, 2.0
903, 26, 271, 80, 270, 81, 1, -1, -0.7853981633974483, 1.4142135623730951
903, 27, 553, 400, 552, 401, 1, -1, -0.7853981633974483, 1.4142135623730951
903, 28, 428, 342, 426, 343, 2, -1, -0.4636476090008061, 2.23606797749979
903, 33, 542, 135, 540, 136, 2, -1, -0.4636476090008061, 2.23606797749979
903, 34, 562, 114, 560, 114, 2, 0, 0.0, 2.0
903, 37, 407, 122, 406, 123, 1, -1, -0.7853981633974483, 1.4142135623730951
903, 39, 503, 376, 502, 377, 1, -1, -0.7853981633974483, 1.4142135623730951
903, 44, 401, 352, 399, 352, 2, 0, 0.0, 2.0
903, 45, 627, 146, 629, 146, -2, 0, 3.141592653589793, 2.0
903, 47, 413, 401, 412, 402, 1, -1, -0.7853981633974483, 1.4142135623730951
903, 52, 107, 291, 106, 293, 1, -2, -1.1071487177940904, 2.23606797749979
903, 54, 374, 401, 373, 402, 1, -1, -0.7853981633974483, 1.4142135623730951
903, 55, 419, 72, 417, 73, 2, -1, -0.4636476090008061, 2.23606797749979
903, 58, 598, 116, 597, 117, 1, -1, -0.7853981633974483, 1.4142135623730951
903, 60, 377, 131, 376, 132, 1, -1, -0.7853981633974483, 1.4142135623730951
903, 63, 585, 343, 583, 343, 2, 0, 0.0, 2.0
903, 64, 248, 119, 247, 120, 1, -1, -0.7853981633974483, 1.4142135623730951
903, 66, 375, 99, 373, 99, 2, 0, 0.0, 2.0
903, 67, 154, 324, 153, 325, 1, -1, -0.7853981633974483, 1.4142135623730951
904, 2, 572, 110, 570, 109, 2, 1, 0.4636476090008061, 2.23606797749979
904, 5, 478, 125, 476, 125, 2, 0, 0.0, 2.0
904, 6, 550, 369, 549, 370, 1, -1, -0.7853981633974483, 1.4142135623730951
904, 12, 440, 123, 438, 124, 2, -1, -0.4636476090008061, 2.23606797749979
904, 13, 271, 70, 270, 71, 1, -1, -0.7853981633974483, 1.4142135623730951
904, 19, 387, 81, 386, 82, 1, -1, -0.7853981633974483, 1.4142135623730951
904, 22, 436, 354, 434, 354, 2, 0, 0.0, 2.0
904, 26, 273, 80, 271, 80, 2, 0, 0.0, 2.0
904, 27, 554, 399, 553, 400, 1, -1, -0.7853981633974483, 1.4142135623730951
904, 28, 430, 341, 428, 342, 2, -1, -0.4636476090008061, 2.23606797749979
904, 30, 524, 403, 523, 404, 1, -1, -0.7853981633974483, 1.4142135623730951
904, 32, 193, 185, 192, 186, 1, -1, -0.7853981633974483, 1.4142135623730951
904, 33, 544, 135, 542, 135, 2, 0, 0.0, 2.0
904, 36, 97, 320, 96, 321, 1, -1, -0.7853981633974483, 1.4142135623730951
904, 37, 408, 121, 407, 122, 1, -1, -0.7853981633974483, 1.4142135623730951
904, 39, 505, 375, 503, 376, 2, -1, -0.4636476090008061, 2.23606797749979
904, 46, 175, 333, 174, 334, 1, -1, -0.7853981633974483, 1.4142135623730951
904, 47, 414, 400, 413, 401, 1, -1, -0.7853981633974483, 1.4142135623730951
904, 49, 391, 75, 390, 76, 1, -1, -0.7853981633974483, 1.4142135623730951
904, 53, 376, 400, 374, 401, 2, -1, -0.4636476090008061, 2.23606797749979
904, 54, 420, 71, 419, 72, 1, -1, -0.7853981633974483, 1.4142135623730951
904, 56, 140, 153, 139, 154, 1, -1, -0.7853981633974483, 1.4142135623730951
904, 57, 600, 114, 598, 116, 2, -2, -0.7853981633974483, 2.8284271247461903
904, 59, 380, 130, 377, 131, 3, -1, -0.3217505543966422, 3.1622776601683795
904, 61, 307, 79, 306, 80, 1, -1, -0.7853981633974483, 1.4142135623730951
904, 62, 587, 342, 585, 343, 2, -1, -0.4636476090008061, 2.23606797749979
904, 69, 514, 70, 512, 71, 2, -1, -0.4636476090008061, 2.23606797749979
905, 3, 549, 371, 548, 372, 1, -1, -0.7853981633974483, 1.4142135623730951
905, 4, 475, 126, 473, 126, 2, 0, 0.0, 2.0
905, 16, 160, 186, 159, 187, 1, -1, -0.7853981633974483, 1.4142135623730951
905, 20, 585, 402, 583, 403, 2, -1, -0.4636476090008061, 2.23606797749979
905, 21, 420, 73, 417, 74, 3, -1, -0.3217505543966422, 3.1622776601683795
905, 22, 508, 132, 506, 131, 2, 1, 0.4636476090008061, 2.23606797749979
905, 23, 91, 373, 89, 374, 2, -1, -0.4636476090008061, 2.23606797749979
905, 27, 377, 403, 375, 404, 2, -1, -0.4636476090008061, 2.23606797749979
905, 29, 391, 74, 390, 75, 1, -1, -0.7853981633974483, 1.4142135623730951
905, 36, 543, 137, 541, 137, 2, 0, 0.0, 2.0
905, 37, 314, 101, 313, 102, 1, -1, -0.7853981633974483, 1.4142135623730951
905, 38, 326, 126, 325, 127, 1, -1, -0.7853981633974483, 1.4142135623730951
905, 41, 230, 73, 229, 74, 1, -1, -0.7853981633974483, 1.4142135623730951
905, 44, 330, 88, 329, 89, 1, -1, -0.7853981633974483, 1.4142135623730951
905, 46, 436, 355, 434, 355, 2, 0, 0.0, 2.0
905, 50, 472, 362, 470, 363, 2, -1, -0.4636476090008061, 2.23606797749979
905, 52, 375, 131, 373, 132, 2, -1, -0.4636476090008061, 2.23606797749979
905, 54, 504, 377, 502, 378, 2, -1, -0.4636476090008061, 2.23606797749979
905, 56, 599, 113, 598, 114, 1, -1, -0.7853981633974483, 1.4142135623730951
905, 59, 433, 345, 432, 346, 1, -1, -0.7853981633974483, 1.4142135623730951
906, 3, 550, 370, 549, 371, 1, -1, -0.7853981633974483, 1.4142135623730951
906, 6, 258, 375, 257, 376, 1, -1, -0.7853981633974483, 1.4142135623730951
906, 8, 327, 377, 326, 378, 1, -1, -0.7853981633974483, 1.4142135623730951
906, 10, 440, 124, 438, 125, 2, -1, -0.4636476090008061, 2.23606797749979
906, 13, 488, 76, 487, 77, 1, -1, -0.7853981633974483, 1.4142135623730951
906, 20, 586, 401, 585, 402, 1, -1, -0.7853981633974483, 1.4142135623730951
906, 21, 421, 72, 420, 73, 1, -1, -0.7853981633974483, 1.4142135623730951
906, 24, 65, 342, 64, 343, 1, -1, -0.7853981633974483, 1.4142135623730951
906, 27, 378, 402, 377, 403, 1, -1, -0.7853981633974483, 1.4142135623730951
906, 33, 526, 403, 525, 404, 1, -1, -0.7853981633974483, 1.4142135623730951
906, 36, 545, 137, 543, 137, 2, 0, 0.0, 2.0
906, 38, 328, 125, 326, 126, 2, -1, -0.4636476090008061, 2.23606797749979
906, 42, 574, 336, 572, 336, 2, 0, 0.0, 2.0
906, 44, 331, 87, 330, 88, 1, -1, -0.7853981633974483, 1.4142135623730951
906, 46, 438, 355, 436, 355, 2, 0, 0.0, 2.0
906, 50, 474, 362, 472, 362, 2, 0, 0.0, 2.0
906, 52, 377, 130, 375, 131, 2, -1, -0.4636476090008061, 2.23606797749979
906, 53, 109, 293, 108, 294, 1, -1, -0.7853981633974483, 1.4142135623730951
906, 54, 506, 376, 504, 377, 2, -1, -0.4636476090008061, 2.23606797749979
906, 59, 435, 344, 433, 345, 2, -1, -0.4636476090008061, 2.23606797749979
906, 60, 614, 143, 613, 148, 1, -5, -1.373400766945016, 5.0990195135927845
907, 2, 573, 110, 571, 111, 2, -1, -0.4636476090008061, 2.23606797749979
907, 3, 551, 369, 550, 370, 1, -1, -0.7853981633974483, 1.4142135623730951
907, 8, 328, 375, 327, 377, 1, -2, -1.1071487177940904, 2.23606797749979
907, 10, 441, 123, 440, 124, 1, -1, -0.7853981633974483, 1.4142135623730951
907, 13, 489, 75, 488, 76, 1, -1, -0.7853981633974483, 1.4142135623730951
907, 14, 312, 69, 311, 70, 1, -1, -0.7853981633974483, 1.4142135623730951
907, 16, 161, 185, 160, 186, 1, -1, -0.7853981633974483, 1.4142135623730951
907, 21, 422, 71, 421, 72, 1, -1, -0.7853981633974483, 1.4142135623730951
907, 25, 190, 407, 189, 408, 1, -1, -0.7853981633974483, 1.4142135623730951
907, 27, 379, 401, 378, 402, 1, -1, -0.7853981633974483, 1.4142135623730951
907, 33, 527, 402, 526, 403, 1, -1, -0.7853981633974483, 1.4142135623730951
907, 37, 315, 100, 314, 101, 1, -1, -0.7853981633974483, 1.4142135623730951
907, 38, 329, 124, 328, 125, 1, -1, -0.7853981633974483, 1.4142135623730951
907, 41, 576, 335, 574, 336, 2, -1, -0.4636476090008061, 2.23606797749979
907, 42, 94, 142, 93, 143, 1, -1, -0.7853981633974483, 1.4142135623730951
907, 44, 416, 403, 415, 404, 1, -1, -0.7853981633974483, 1.4142135623730951
907, 45, 440, 355, 438, 355, 2, 0, 0.0, 2.0
907, 46, 409, 124, 408, 125, 1, -1, -0.7853981633974483, 1.4142135623730951
907, 47, 194, 185, 193, 186, 1, -1, -0.7853981633974483, 1.4142135623730951
907, 48, 309, 77, 308, 78, 1, -1, -0.7853981633974483, 1.4142135623730951
907, 49, 475, 361, 474, 362, 1, -1, -0.7853981633974483, 1.4142135623730951
907, 51, 378, 129, 377, 130, 1, -1, -0.7853981633974483, 1.4142135623730951
907, 53, 508, 375, 506, 376, 2, -1, -0.4636476090008061, 2.23606797749979
907, 58, 437, 344, 435, 344, 2, 0, 0.0, 2.0
908, 0, 212, 158, 211, 159, 1, -1, -0.7853981633974483, 1.4142135623730951
908, 2, 575, 109, 573, 110, 2, -1, -0.4636476090008061, 2.23606797749979
908, 3, 554, 368, 551, 369, 3, -1, -0.3217505543966422, 3.1622776601683795
908, 4, 479, 125, 477, 126, 2, -1, -0.4636476090008061, 2.23606797749979
908, 10, 442, 122, 441, 123, 1, -1, -0.7853981633974483, 1.4142135623730951
908, 13, 490, 74, 489, 75, 1, -1, -0.7853981633974483, 1.4142135623730951
908, 17, 312, 405, 311, 406, 1, -1, -0.7853981633974483, 1.4142135623730951
908, 20, 588, 400, 587, 401, 1, -1, -0.7853981633974483, 1.4142135623730951
908, 22, 512, 132, 510, 132, 2, 0, 0.0, 2.0
908, 27, 380, 400, 379, 401, 1, -1, -0.7853981633974483, 1.4142135623730951
908, 33, 528, 401, 527, 402, 1, -1, -0.7853981633974483, 1.4142135623730951
908, 35, 108, 404, 107, 405, 1, -1, -0.7853981633974483, 1.4142135623730951
908, 36, 548, 137, 546, 137, 2, 0, 0.0, 2.0
908, 37, 316, 99, 315, 100, 1, -1, -0.7853981633974483, 1.4142135623730951
908, 38, 330, 123, 329, 124, 1, -1, -0.7853981633974483, 1.4142135623730951
908, 41, 577, 334, 576, 335, 1, -1, -0.7853981633974483, 1.4142135623730951
908, 42, 95, 141, 94, 142, 1, -1, -0.7853981633974483, 1.4142135623730951
908, 44, 417, 402, 416, 403, 1, -1, -0.7853981633974483, 1.4142135623730951
908, 45, 442, 355, 440, 355, 2, 0, 0.0, 2.0
908, 46, 410, 123, 409, 124, 1, -1, -0.7853981633974483, 1.4142135623730951
908, 47, 195, 184, 194, 185, 1, -1, -0.7853981633974483, 1.4142135623730951
908, 48, 310, 76, 309, 77, 1, -1, -0.7853981633974483, 1.4142135623730951
908, 49, 478, 361, 475, 361, 3, 0, 0.0, 3.0
908, 52, 110, 291, 109, 292, 1, -1, -0.7853981633974483, 1.4142135623730951
908, 53, 510, 374, 508, 375, 2, -1, -0.4636476090008061, 2.23606797749979
908, 55, 600, 114, 600, 112, 0, 2, 1.5707963267948966, 2.0
908, 56, 379, 100, 377, 101, 2, -1, -0.4636476090008061, 2.23606797749979
908, 59, 610, 142, 613, 143, -3, -1, -2.819842099193151, 3.1622776601683795
908, 60, 337, 80, 336, 81, 1, -1, -0.7853981633974483, 1.4142135623730951
909, 1, 578, 108, 575, 109, 3, -1, -0.3217505543966422, 3.1622776601683795
909, 2, 556, 368, 554, 368, 2, 0, 0.0, 2.0
909, 3, 480, 124, 479, 125, 1, -1, -0.7853981633974483, 1.4142135623730951
909, 7, 329, 372, 328, 374, 1, -2, -1.1071487177940904, 2.23606797749979
909, 12, 491, 73, 490, 74, 1, -1, -0.7853981633974483, 1.4142135623730951
909, 19, 589, 399, 588, 400, 1, -1, -0.7853981633974483, 1.4142135623730951
909, 21, 514, 132, 512, 132, 2, 0, 0.0, 2.0
909, 26, 382, 399, 380, 400, 2, -1, -0.4636476090008061, 2.23606797749979
909, 28, 396, 74, 394, 74, 2, 0, 0.0, 2.0
909, 32, 529, 400, 528, 401, 1, -1, -0.7853981633974483, 1.4142135623730951
909, 35, 550, 137, 548, 137, 2, 0, 0.0, 2.0
909, 36, 317, 98, 316, 99, 1, -1, -0.7853981633974483, 1.4142135623730951
909, 37, 332, 122, 330, 123, 2, -1, -0.4636476090008061, 2.23606797749979
909, 39, 231, 72, 230, 73, 1, -1, -0.7853981633974483, 1.4142135623730951
909, 41, 96, 140, 95, 141, 1, -1, -0.7853981633974483, 1.4142135623730951
909, 42, 332, 86, 331, 87, 1, -1, -0.7853981633974483, 1.4142135623730951
909, 46, 196, 183, 195, 184, 1, -1, -0.7853981633974483, 1.4142135623730951
909, 48, 480, 359, 478, 361, 2, -2, -0.7853981633974483, 2.8284271247461903
909, 50, 380, 128, 379, 129, 1, -1, -0.7853981633974483, 1.4142135623730951
909, 51, 111, 290, 110, 291, 1, -1, -0.7853981633974483, 1.4142135623730951
909, 52, 511, 373, 510, 374, 1, -1, -0.7853981633974483, 1.4142135623730951
909, 54, 601, 115, 600, 114, 1, 1, 0.7853981633974483, 1.4142135623730951
909, 55, 381, 99, 379, 100, 2, -1, -0.4636476090008061, 2.23606797749979
909, 58, 609, 140, 610, 142, -1, -2, -2.0344439357957027, 2.23606797749979
909, 60, 101, 321, 100, 322, 1, -1, -0.7853981633974483, 1.4142135623730951
910, 2, 577, 110, 575, 111, 2, -1, -0.4636476090008061, 2.23606797749979
910, 3, 481, 125, 478, 126, 3, -1, -0.3217505543966422, 3.1622776601683795
910, 4, 556, 369, 554, 370, 2, -1, -0.4636476090008061, 2.23606797749979
910, 6, 315, 69, 314, 70, 1, -1, -0.7853981633974483, 1.4142135623730951
910, 10, 313, 406, 312, 407, 1, -1, -0.7853981633974483, 1.4142135623730951
910, 11, 260, 375, 259, 376, 1, -1, -0.7853981633974483, 1.4142135623730951
910, 12, 445, 124, 442, 125, 3, -1, -0.3217505543966422, 3.1622776601683795
910, 13, 492, 76, 490, 77, 2, -1, -0.4636476090008061, 2.23606797749979
910, 17, 330, 376, 329, 377, 1, -1, -0.7853981633974483, 1.4142135623730951
910, 22, 319, 101, 317, 102, 2, -1, -0.4636476090008061, 2.23606797749979
910, 25, 514, 131, 511, 133, 3, -2, -0.5880026035475675, 3.605551275463989
910, 26, 548, 137, 546, 137, 2, 0, 0.0, 2.0
910, 29, 544, 332, 543, 333, 1, -1, -0.7853981633974483, 1.4142135623730951
910, 30, 529, 403, 528, 404, 1, -1, -0.7853981633974483, 1.4142135623730951
910, 32, 330, 86, 328, 88, 2, -2, -0.7853981633974483, 2.8284271247461903
910, 34, 112, 292, 111, 293, 1, -1, -0.7853981633974483, 1.4142135623730951
910, 37, 306, 78, 305, 79, 1, -1, -0.7853981633974483, 1.4142135623730951
910, 38, 606, 330, 605, 331, 1, -1, -0.7853981633974483, 1.4142135623730951
910, 41, 511, 376, 508, 378, 3, -2, -0.5880026035475675, 3.605551275463989
910, 44, 560, 403, 558, 404, 2, -1, -0.4636476090008061, 2.23606797749979
910, 47, 590, 401, 589, 402, 1, -1, -0.7853981633974483, 1.4142135623730951
910, 48, 415, 396, 414, 397, 1, -1, -0.7853981633974483, 1.4142135623730951
910, 50, 478, 362, 476, 363, 2, -1, -0.4636476090008061, 2.23606797749979
910, 51, 424, 73, 422, 74, 2, -1, -0.4636476090008061, 2.23606797749979
910, 54, 229, 128, 228, 129, 1, -1, -0.7853981633974483, 1.4142135623730951
910, 55, 203, 325, 201, 326, 2, -1, -0.4636476090008061, 2.23606797749979
910, 60, 178, 122, 177, 123, 1, -1, -0.7853981633974483, 1.4142135623730951
911, 2, 579, 109, 577, 110, 2, -1, -0.4636476090008061, 2.23606797749979
911, 3, 483, 124, 481, 125, 2, -1, -0.4636476090008061, 2.23606797749979
911, 4, 558, 367, 556, 369, 2, -2, -0.7853981633974483, 2.8284271247461903
911, 6, 316, 68, 315, 69, 1, -1, -0.7853981633974483, 1.4142135623730951
911, 8, 150, 331, 149, 332, 1, -1, -0.7853981633974483, 1.4142135623730951
911, 9, 264, 92, 263, 93, 1, -1, -0.7853981633974483, 1.4142135623730951
911, 15, 67, 342, 66, 343, 1, -1, -0.7853981633974483, 1.4142135623730951
911, 17, 331, 375, 330, 376, 1, -1, -0.7853981633974483, 1.4142135623730951
911, 21, 245, 115, 244, 117, 1, -2, -1.1071487177940904, 2.23606797749979
911, 27, 382, 104, 381, 105, 1, -1, -0.7853981633974483, 1.4142135623730951
911, 30, 530, 402, 529, 403, 1, -1, -0.7853981633974483, 1.4142135623730951
911, 34, 113, 291, 112, 292, 1, -1, -0.7853981633974483, 1.4142135623730951
911, 37, 308, 77, 306, 78, 2, -1, -0.4636476090008061, 2.23606797749979
911, 38, 607, 329, 606, 330, 1, -1, -0.7853981633974483, 1.4142135623730951
911, 41, 513, 375, 511, 376, 2, -1, -0.4636476090008061, 2.23606797749979
911, 44, 562, 402, 560, 403, 2, -1, -0.4636476090008061, 2.23606797749979
911, 48, 417, 395, 415, 396, 2, -1, -0.4636476090008061, 2.23606797749979
911, 50, 480, 361, 478, 362, 2, -1, -0.4636476090008061, 2.23606797749979
911, 53, 180, 139, 179, 140, 1, -1, -0.7853981633974483, 1.4142135623730951
911, 57, 102, 321, 101, 322, 1, -1, -0.7853981633974483, 1.4142135623730951
912, 2, 581, 108, 579, 109, 2, -1, -0.4636476090008061, 2.23606797749979
912, 3, 484, 123, 483, 124, 1, -1, -0.7853981633974483, 1.4142135623730951
912, 4, 560, 366, 558, 367, 2, -1, -0.4636476090008061, 2.23606797749979
912, 9, 265, 91, 264, 92, 1, -1, -0.7853981633974483, 1.4142135623730951
912, 12, 448, 123, 446, 124, 2, -1, -0.4636476090008061, 2.23606797749979
912, 13, 494, 75, 493, 76, 1, -1, -0.7853981633974483, 1.4142135623730951
912, 15, 68, 341, 67, 342, 1, -1, -0.7853981633974483, 1.4142135623730951
912, 20, 246, 114, 245, 115, 1, -1, -0.7853981633974483, 1.4142135623730951
912, 26, 383, 103, 382, 104, 1, -1, -0.7853981633974483, 1.4142135623730951
912, 29, 531, 401, 530, 402, 1, -1, -0.7853981633974483, 1.4142135623730951
912, 36, 310, 76, 308, 77, 2, -1, -0.4636476090008061, 2.23606797749979
912, 37, 610, 328, 607, 329, 3, -1, -0.3217505543966422, 3.1622776601683795
912, 40, 515, 374, 513, 375, 2, -1, -0.4636476090008061, 2.23606797749979
912, 43, 564, 402, 562, 402, 2, 0, 0.0, 2.0
912, 44, 75, 140, 74, 139, 1, 1, 0.7853981633974483, 1.4142135623730951
912, 47, 419, 395, 417, 395, 2, 0, 0.0, 2.0
912, 48, 421, 403, 420, 404, 1, -1, -0.7853981633974483, 1.4142135623730951
912, 51, 143, 153, 142, 154, 1, -1, -0.7853981633974483, 1.4142135623730951
913, 0, 214, 155, 213, 157, 1, -2, -1.1071487177940904, 2.23606797749979
913, 1, 256, 145, 258, 146, -2, -1, -2.677945044588987, 2.23606797749979
913, 3, 486, 123, 484, 123, 2, 0, 0.0, 2.0
913, 4, 562, 365, 560, 366, 2, -1, -0.4636476090008061, 2.23606797749979
913, 7, 65, 135, 64, 134, 1, 1, 0.7853981633974483, 1.4142135623730951
913, 8, 151, 330, 150, 331, 1, -1, -0.7853981633974483, 1.4142135623730951
913, 11, 262, 374, 261, 375, 1, -1, -0.7853981633974483, 1.4142135623730951
913, 12, 450, 123, 448, 123, 2, 0, 0.0, 2.0
913, 13, 496, 74, 494, 75, 2, -1, -0.4636476090008061, 2.23606797749979
913, 15, 69, 340, 68, 341, 1, -1, -0.7853981633974483, 1.4142135623730951
913, 16, 384, 403, 383, 404, 1, -1, -0.7853981633974483, 1.4142135623730951
913, 20, 246, 116, 246, 114, 0, 2, 1.5707963267948966, 2.0
913, 24, 517, 132, 516, 131, 1, 1, 0.7853981633974483, 1.4142135623730951
913, 25, 552, 137, 550, 137, 2, 0, 0.0, 2.0
913, 26, 384, 102, 383, 103, 1, -1, -0.7853981633974483, 1.4142135623730951
913, 29, 532, 400, 531, 401, 1, -1, -0.7853981633974483, 1.4142135623730951
913, 31, 333, 85, 332, 86, 1, -1, -0.7853981633974483, 1.4142135623730951
913, 32, 248, 350, 247, 349, 1, 1, 0.7853981633974483, 1.4142135623730951
913, 33, 115, 289, 113, 290, 2, -1, -0.4636476090008061, 2.23606797749979
913, 35, 111, 404, 110, 405, 1, -1, -0.7853981633974483, 1.4142135623730951
913, 37, 612, 327, 610, 328, 2, -1, -0.4636476090008061, 2.23606797749979
913, 40, 517, 374, 515, 374, 2, 0, 0.0, 2.0
913, 41, 580, 337, 578, 338, 2, -1, -0.4636476090008061, 2.23606797749979
913, 43, 565, 401, 564, 402, 1, -1, -0.7853981633974483, 1.4142135623730951
913, 44, 76, 141, 75, 140, 1, 1, 0.7853981633974483, 1.4142135623730951
913, 46, 594, 401, 592, 401, 2, 0, 0.0, 2.0
913, 47, 420, 393, 419, 395, 1, -2, -1.1071487177940904, 2.23606797749979
913, 48, 423, 402, 421, 403, 2, -1, -0.4636476090008061, 2.23606797749979
913, 49, 482, 360, 481, 361, 1, -1, -0.7853981633974483, 1.4142135623730951
913, 57, 264, 149, 264, 151, 0, -2, -1.5707963267948966, 2.0
913, 58, 610, 119, 608, 119, 2, 0, 0.0, 2.0
914, 3, 564, 364, 562, 365, 2, -1, -0.4636476090008061, 2.23606797749979
914, 4, 280, 68, 279, 69, 1, -1, -0.7853981633974483, 1.4142135623730951
914, 10, 263, 373, 262, 374, 1, -1, -0.7853981633974483, 1.4142135623730951
914, 16, 331, 371, 331, 373, 0, -2, -1.5707963267948966, 2.0
914, 20, 323, 100, 322, 101, 1, -1, -0.7853981633974483, 1.4142135623730951
914, 21, 281, 78, 280, 79, 1, -1, -0.7853981633974483, 1.4142135623730951
914, 24, 554, 137, 552, 137, 2, 0, 0.0, 2.0
914, 25, 386, 101, 384, 102, 2, -1, -0.4636476090008061, 2.23606797749979
914, 27, 544, 329, 545, 331, -1, -2, -2.0344439357957027, 2.23606797749979
914, 28, 534, 399, 532, 400, 2, -1, -0.4636476090008061, 2.23606797749979
914, 30, 335, 86, 333, 85, 2, 1, 0.4636476090008061, 2.23606797749979
914, 36, 618, 324, 612, 327, 6, -3, -0.4636476090008061, 6.708203932499369
914, 40, 582, 336, 580, 337, 2, -1, -0.4636476090008061, 2.23606797749979
914, 41, 63, 404, 62, 405, 1, -1, -0.7853981633974483, 1.4142135623730951
914, 42, 566, 400, 565, 401, 1, -1, -0.7853981633974483, 1.4142135623730951
914, 55, 103, 319, 102, 320, 1, -1, -0.7853981633974483, 1.4142135623730951
914, 56, 612, 120, 610, 119, 2, 1, 0.4636476090008061, 2.23606797749979
915, 0, 216, 157, 215, 158, 1, -1, -0.7853981633974483, 1.4142135623730951
915, 4, 263, 375, 262, 376, 1, -1, -0.7853981633974483, 1.4142135623730951
915, 5, 486, 126, 484, 126, 2, 0, 0.0, 2.0
915, 9, 561, 369, 559, 369, 2, 0, 0.0, 2.0
915, 10, 450, 125, 448, 125, 2, 0, 0.0, 2.0
915, 13, 317, 406, 316, 407, 1, -1, -0.7853981633974483, 1.4142135623730951
915, 14, 166, 187, 165, 188, 1, -1, -0.7853981633974483, 1.4142135623730951
915, 16, 268, 94, 267, 95, 1, -1, -0.7853981633974483, 1.4142135623730951
915, 19, 573, 116, 571, 117, 2, -1, -0.4636476090008061, 2.23606797749979
915, 22, 480, 131, 478, 132, 2, -1, -0.4636476090008061, 2.23606797749979
915, 24, 564, 403, 563, 404, 1, -1, -0.7853981633974483, 1.4142135623730951
915, 28, 535, 402, 533, 403, 2, -1, -0.4636476090008061, 2.23606797749979
915, 34, 494, 74, 492, 75, 2, -1, -0.4636476090008061, 2.23606797749979
915, 37, 579, 332, 575, 335, 4, -3, -0.6435011087932844, 5.0
915, 39, 341, 79, 340, 80, 1, -1, -0.7853981633974483, 1.4142135623730951
915, 44, 553, 138, 551, 138, 2, 0, 0.0, 2.0
915, 50, 417, 125, 415, 125, 2, 0, 0.0, 2.0
915, 51, 400, 77, 399, 78, 1, -1, -0.7853981633974483, 1.4142135623730951
915, 52, 323, 99, 322, 100, 1, -1, -0.7853981633974483, 1.4142135623730951
915, 53, 336, 127, 334, 127, 2, 0, 0.0, 2.0
915, 55, 113, 405, 112, 406, 1, -1, -0.7853981633974483, 1.4142135623730951
915, 61, 505, 136, 503, 136, 2, 0, 0.0, 2.0
915, 62, 581, 392, 579, 394, 2, -2, -0.7853981633974483, 2.8284271247461903
915, 63, 596, 397, 594, 398, 2, -1, -0.4636476090008061, 2.23606797749979
915, 65, 411, 353, 409, 354, 2, -1, -0.4636476090008061, 2.23606797749979
915, 68, 340, 89, 339, 90, 1, -1, -0.7853981633974483, 1.4142135623730951
915, 69, 395, 88, 393, 88, 2, 0, 0.0, 2.0
915, 70, 161, 377, 160, 378, 1, -1, -0.7853981633974483, 1.4142135623730951
915, 71, 381, 397, 379, 398, 2, -1, -0.4636476090008061, 2.23606797749979
915, 72, 385, 103, 384, 104, 1, -1, -0.7853981633974483, 1.4142135623730951
915, 75, 622, 78, 620, 78, 2, 0, 0.0, 2.0
915, 78, 514, 376, 512, 377, 2, -1, -0.4636476090008061, 2.23606797749979
915, 80, 366, 74, 365, 75, 1, -1, -0.7853981633974483, 1.4142135623730951
916, 1, 583, 111, 581, 111, 2, 0, 0.0, 2.0
916, 4, 488, 126, 486, 126, 2, 0, 0.0, 2.0
916, 5, 280, 68, 279, 69, 1, -1, -0.7853981633974483, 1.4142135623730951
916, 8, 563, 369, 561, 369, 2, 0, 0.0, 2.0
916, 10, 194, 409, 193, 410, 1, -1, -0.7853981633974483, 1.4142135623730951
916, 12, 318, 405, 317, 406, 1, -1, -0.7853981633974483, 1.4142135623730951
916, 15, 269, 93, 268, 94, 1, -1, -0.7853981633974483, 1.4142135623730951
916, 16, 246, 167, 247, 170, -1, -3, -1.892546881191539, 3.1622776601683795
916, 18, 575, 116, 573, 116, 2, 0, 0.0, 2.0
916, 19, 388, 403, 387, 404, 1, -1, -0.7853981633974483, 1.4142135623730951
916, 20, 115, 289, 114, 290, 1, -1, -0.7853981633974483, 1.4142135623730951
916, 21, 482, 130, 480, 131, 2, -1, -0.4636476090008061, 2.23606797749979
916, 26, 519, 134, 517, 134, 2, 0, 0.0, 2.0
916, 27, 537, 402, 535, 402, 2, 0, 0.0, 2.0
916, 31, 428, 72, 427, 73, 1, -1, -0.7853981633974483, 1.4142135623730951
916, 32, 176, 192, 174, 193, 2, -1, -0.4636476090008061, 2.23606797749979
916, 33, 496, 74, 494, 74, 2, 0, 0.0, 2.0
916, 34, 614, 119, 613, 120, 1, -1, -0.7853981633974483, 1.4142135623730951
916, 36, 583, 329, 579, 332, 4, -3, -0.6435011087932844, 5.0
916, 40, 483, 363, 481, 363, 2, 0, 0.0, 2.0
916, 41, 446, 354, 445, 355, 1, -1, -0.7853981633974483, 1.4142135623730951
916, 43, 555, 138, 553, 138, 2, 0, 0.0, 2.0
916, 49, 419, 125, 417, 125, 2, 0, 0.0, 2.0
916, 50, 401, 76, 400, 77, 1, -1, -0.7853981633974483, 1.4142135623730951
916, 52, 338, 127, 336, 127, 2, 0, 0.0, 2.0
916, 53, 118, 157, 117, 158, 1, -1, -0.7853981633974483, 1.4142135623730951
916, 60, 508, 135, 505, 136, 3, -1, -0.3217505543966422, 3.1622776601683795
916, 61, 583, 391, 581, 392, 2, -1, -0.4636476090008061, 2.23606797749979
916, 63, 438, 347, 437, 348, 1, -1, -0.7853981633974483, 1.4142135623730951
916, 64, 412, 352, 411, 353, 1, -1, -0.7853981633974483, 1.4142135623730951
916, 65, 282, 80, 281, 81, 1, -1, -0.7853981633974483, 1.4142135623730951
916, 68, 397, 88, 395, 88, 2, 0, 0.0, 2.0
916, 70, 383, 397, 381, 397, 2, 0, 0.0, 2.0
916, 71, 386, 102, 385, 103, 1, -1, -0.7853981633974483, 1.4142135623730951
916, 74, 624, 78, 622, 78, 2, 0, 0.0, 2.0
916, 77, 517, 375, 514, 376, 3, -1, -0.3217505543966422, 3.1622776601683795
917, 0, 216, 154, 216, 156, 0, -2, -1.5707963267948966, 2.0
917, 1, 586, 110, 583, 111, 3, -1, -0.3217505543966422, 3.1622776601683795
917, 4, 490, 125, 488, 126, 2, -1, -0.4636476090008061, 2.23606797749979
917, 5, 281, 67, 280, 68, 1, -1, -0.7853981633974483, 1.4142135623730951
917, 8, 565, 369, 563, 369, 2, 0, 0.0, 2.0
917, 12, 319, 404, 318, 405, 1, -1, -0.7853981633974483, 1.4142135623730951
917, 13, 168, 186, 167, 187, 1, -1, -0.7853981633974483, 1.4142135623730951
917, 17, 386, 132, 385, 133, 1, -1, -0.7853981633974483, 1.4142135623730951
917, 18, 577, 116, 575, 116, 2, 0, 0.0, 2.0
917, 20, 116, 288, 115, 289, 1, -1, -0.7853981633974483, 1.4142135623730951
917, 21, 484, 129, 482, 130, 2, -1, -0.4636476090008061, 2.23606797749979
917, 26, 521, 134, 519, 134, 2, 0, 0.0, 2.0
917, 27, 538, 401, 537, 402, 1, -1, -0.7853981633974483, 1.4142135623730951
917, 31, 429, 71, 428, 72, 1, -1, -0.7853981633974483, 1.4142135623730951
917, 32, 177, 190, 176, 192, 1, -2, -1.1071487177940904, 2.23606797749979
917, 33, 498, 73, 496, 74, 2, -1, -0.4636476090008061, 2.23606797749979
917, 34, 616, 118, 614, 119, 2, -1, -0.4636476090008061, 2.23606797749979
917, 36, 588, 328, 583, 329, 5, -1, -0.19739555984988075, 5.0990195135927845
917, 40, 485, 364, 483, 363, 2, 1, 0.4636476090008061, 2.23606797749979
917, 41, 447, 353, 446, 354, 1, -1, -0.7853981633974483, 1.4142135623730951
917, 43, 557, 138, 555, 138, 2, 0, 0.0, 2.0
917, 49, 421, 125, 419, 125, 2, 0, 0.0, 2.0
917, 50, 402, 75, 401, 76, 1, -1, -0.7853981633974483, 1.4142135623730951
917, 59, 232, 125, 231, 126, 1, -1, -0.7853981633974483, 1.4142135623730951
917, 60, 512, 134, 508, 135, 4, -1, -0.24497866312686414, 4.123105625617661
917, 61, 585, 391, 583, 391, 2, 0, 0.0, 2.0
917, 62, 598, 396, 597, 397, 1, -1, -0.7853981633974483, 1.4142135623730951
917, 63, 440, 346, 438, 347, 2, -1, -0.4636476090008061, 2.23606797749979
917, 64, 413, 351, 412, 352, 1, -1, -0.7853981633974483, 1.4142135623730951
917, 67, 341, 87, 340, 88, 1, -1, -0.7853981633974483, 1.4142135623730951
917, 68, 399, 88, 397, 88, 2, 0, 0.0, 2.0
917, 70, 385, 396, 383, 397, 2, -1, -0.4636476090008061, 2.23606797749979
917, 71, 387, 101, 386, 102, 1, -1, -0.7853981633974483, 1.4142135623730951
917, 72, 509, 137, 508, 139, 1, -2, -1.1071487177940904, 2.23606797749979
917, 73, 210, 140, 209, 141, 1, -1, -0.7853981633974483, 1.4142135623730951
917, 77, 519, 374, 517, 375, 2, -1, -0.4636476090008061, 2.23606797749979
917, 78, 104, 320, 103, 321, 1, -1, -0.7853981633974483, 1.4142135623730951
918, 0, 217, 153, 216, 154, 1, -1, -0.7853981633974483, 1.4142135623730951
918, 1, 589, 110, 586, 110, 3, 0, 0.0, 3.0
918, 2, 321, 69, 320, 70, 1, -1, -0.7853981633974483, 1.4142135623730951
918, 3, 264, 372, 263, 373, 1, -1, -0.7853981633974483, 1.4142135623730951
918, 4, 493, 125, 490, 125, 3, 0, 0.0, 3.0
918, 5, 282, 66, 281, 67, 1, -1, -0.7853981633974483, 1.4142135623730951
918, 7, 69, 133, 67, 135, 2, -2, -0.7853981633974483, 2.8284271247461903
918, 8, 567, 368, 565, 369, 2, -1, -0.4636476090008061, 2.23606797749979
918, 9, 454, 125, 452, 125, 2, 0, 0.0, 2.0
918, 12, 320, 403, 319, 404, 1, -1, -0.7853981633974483, 1.4142135623730951
918, 13, 169, 183, 168, 186, 1, -3, -1.2490457723982544, 3.1622776601683795
918, 15, 270, 92, 269, 93, 1, -1, -0.7853981633974483, 1.4142135623730951
918, 17, 387, 131, 386, 132, 1, -1, -0.7853981633974483, 1.4142135623730951
918, 18, 579, 116, 577, 116, 2, 0, 0.0, 2.0
918, 19, 390, 402, 389, 403, 1, -1, -0.7853981633974483, 1.4142135623730951
918, 21, 486, 129, 484, 129, 2, 0, 0.0, 2.0
918, 26, 523, 134, 521, 134, 2, 0, 0.0, 2.0
918, 27, 540, 400, 538, 401, 2, -1, -0.4636476090008061, 2.23606797749979
918, 30, 76, 139, 75, 140, 1, -1, -0.7853981633974483, 1.4142135623730951
918, 33, 500, 73, 498, 73, 2, 0, 0.0, 2.0
918, 34, 618, 116, 616, 118, 2, -2, -0.7853981633974483, 2.8284271247461903
918, 36, 593, 328, 588, 328, 5, 0, 0.0, 5.0
918, 39, 239, 383, 238, 384, 1, -1, -0.7853981633974483, 1.4142135623730951
918, 40, 487, 364, 485, 364, 2, 0, 0.0, 2.0
918, 41, 449, 352, 447, 353, 2, -1, -0.4636476090008061, 2.23606797749979
918, 42, 422, 397, 421, 398, 1, -1, -0.7853981633974483, 1.4142135623730951
918, 43, 560, 136, 557, 138, 3, -2, -0.5880026035475675, 3.605551275463989
918, 49, 422, 123, 421, 125, 1, -2, -1.1071487177940904, 2.23606797749979
918, 50, 404, 74, 402, 75, 2, -1, -0.4636476090008061, 2.23606797749979
918, 55, 190, 124, 189, 125, 1, -1, -0.7853981633974483, 1.4142135623730951
918, 56, 179, 333, 178, 334, 1, -1, -0.7853981633974483, 1.4142135623730951
918, 59, 233, 123, 232, 125, 1, -2, -1.1071487177940904, 2.23606797749979
918, 60, 514, 134, 512, 134, 2, 0, 0.0, 2.0
918, 61, 587, 391, 585, 391, 2, 0, 0.0, 2.0
918, 62, 599, 395, 598, 396, 1, -1, -0.7853981633974483, 1.4142135623730951
918, 63, 442, 345, 440, 346, 2, -1, -0.4636476090008061, 2.23606797749979
918, 64, 414, 350, 413, 351, 1, -1, -0.7853981633974483, 1.4142135623730951
918, 68, 402, 88, 399, 88, 3, 0, 0.0, 3.0
918, 69, 162, 375, 161, 376, 1, -1, -0.7853981633974483, 1.4142135623730951
918, 70, 387, 396, 385, 396, 2, 0, 0.0, 2.0
918, 71, 388, 100, 387, 101, 1, -1, -0.7853981633974483, 1.4142135623730951
918, 72, 511, 136, 509, 137, 2, -1, -0.4636476090008061, 2.23606797749979
918, 73, 211, 139, 210, 140, 1, -1, -0.7853981633974483, 1.4142135623730951
918, 74, 626, 77, 625, 78, 1, -1, -0.7853981633974483, 1.4142135623730951
918, 77, 521, 373, 519, 374, 2, -1, -0.4636476090008061, 2.23606797749979
918, 79, 368, 73, 367, 74, 1, -1, -0.7853981633974483, 1.4142135623730951
919, 1, 591, 110, 589, 110, 2, 0, 0.0, 2.0
919, 3, 265, 371, 264, 372, 1, -1, -0.7853981633974483, 1.4142135623730951
919, 4, 496, 125, 493, 125, 3, 0, 0.0, 3.0
919, 5, 283, 65, 282, 66, 1, -1, -0.7853981633974483, 1.4142135623730951
919, 8, 569, 368, 567, 368, 2, 0, 0.0, 2.0
919, 9, 456, 125, 454, 125, 2, 0, 0.0, 2.0
919, 14, 70, 337, 69, 338, 1, -1, -0.7853981633974483, 1.4142135623730951
919, 18, 580, 115, 579, 116, 1, -1, -0.7853981633974483, 1.4142135623730951
919, 20, 117, 287, 116, 288, 1, -1, -0.7853981633974483, 1.4142135623730951
919, 21, 489, 129, 486, 129, 3, 0, 0.0, 3.0
919, 24, 242, 376, 241, 377, 1, -1, -0.7853981633974483, 1.4142135623730951
919, 25, 223, 155, 222, 156, 1, -1, -0.7853981633974483, 1.4142135623730951
919, 26, 525, 133, 523, 134, 2, -1, -0.4636476090008061, 2.23606797749979
919, 27, 541, 399, 540, 400, 1, -1, -0.7853981633974483, 1.4142135623730951
919, 32, 177, 189, 176, 190, 1, -1, -0.7853981633974483, 1.4142135623730951
919, 33, 502, 72, 500, 73, 2, -1, -0.4636476090008061, 2.23606797749979
919, 34, 620, 114, 618, 116, 2, -2, -0.7853981633974483, 2.8284271247461903
919, 39, 489, 364, 487, 364, 2, 0, 0.0, 2.0
919, 40, 451, 351, 449, 352, 2, -1, -0.4636476090008061, 2.23606797749979
919, 44, 329, 370, 328, 371, 1, -1, -0.7853981633974483, 1.4142135623730951
919, 45, 427, 404, 426, 405, 1, -1, -0.7853981633974483, 1.4142135623730951
919, 48, 424, 123, 422, 123, 2, 0, 0.0, 2.0
919, 49, 405, 73, 404, 74, 1, -1, -0.7853981633974483, 1.4142135623730951
919, 50, 326, 98, 325, 99, 1, -1, -0.7853981633974483, 1.4142135623730951
919, 54, 190, 122, 190, 124, 0, -2, -1.5707963267948966, 2.0
919, 60, 589, 391, 587, 391, 2, 0, 0.0, 2.0
919, 62, 445, 344, 442, 345, 3, -1, -0.3217505543966422, 3.1622776601683795
919, 63, 415, 349, 414, 350, 1, -1, -0.7853981633974483, 1.4142135623730951
919, 64, 284, 79, 283, 80, 1, -1, -0.7853981633974483, 1.4142135623730951
919, 65, 141, 83, 140, 84, 1, -1, -0.7853981633974483, 1.4142135623730951
919, 67, 405, 88, 402, 88, 3, 0, 0.0, 3.0
919, 68, 163, 374, 162, 375, 1, -1, -0.7853981633974483, 1.4142135623730951
919, 70, 390, 99, 388, 100, 2, -1, -0.4636476090008061, 2.23606797749979
919, 71, 511, 138, 511, 136, 0, 2, 1.5707963267948966, 2.0
919, 72, 212, 138, 211, 139, 1, -1, -0.7853981633974483, 1.4142135623730951
919, 75, 260, 119, 259, 120, 1, -1, -0.7853981633974483, 1.4142135623730951
919, 76, 522, 372, 521, 373, 1, -1, -0.7853981633974483, 1.4142135623730951
919, 78, 370, 73, 368, 73, 2, 0, 0.0, 2.0
920, 0, 218, 155, 217, 156, 1, -1, -0.7853981633974483, 1.4142135623730951
920, 1, 589, 112, 586, 112, 3, 0, 0.0, 3.0
920, 4, 284, 68, 283, 69, 1, -1, -0.7853981633974483, 1.4142135623730951
920, 5, 567, 369, 565, 369, 2, 0, 0.0, 2.0
920, 7, 493, 128, 491, 127, 2, 1, 0.4636476090008061, 2.23606797749979
920, 8, 321, 70, 320, 71, 1, -1, -0.7853981633974483, 1.4142135623730951
920, 12, 326, 101, 325, 102, 1, -1, -0.7853981633974483, 1.4142135623730951
920, 16, 321, 405, 320, 406, 1, -1, -0.7853981633974483, 1.4142135623730951
920, 19, 349, 86, 348, 87, 1, -1, -0.7853981633974483, 1.4142135623730951
920, 20, 326, 77, 325, 78, 1, -1, -0.7853981633974483, 1.4142135623730951
920, 25, 558, 138, 556, 138, 2, 0, 0.0, 2.0
920, 27, 240, 131, 239, 133, 1, -2, -1.1071487177940904, 2.23606797749979
920, 30, 539, 402, 538, 403, 1, -1, -0.7853981633974483, 1.4142135623730951
920, 31, 523, 134, 522, 135, 1, -1, -0.7853981633974483, 1.4142135623730951
920, 35, 422, 397, 421, 398, 1, -1, -0.7853981633974483, 1.4142135623730951
920, 37, 451, 353, 449, 354, 2, -1, -0.4636476090008061, 2.23606797749979
920, 38, 618, 119, 617, 120, 1, -1, -0.7853981633974483, 1.4142135623730951
920, 39, 247, 374, 246, 375, 1, -1, -0.7853981633974483, 1.4142135623730951
920, 41, 601, 401, 599, 401, 2, 0, 0.0, 2.0
920, 46, 568, 402, 567, 403, 1, -1, -0.7853981633974483, 1.4142135623730951
920, 47, 429, 404, 428, 405, 1, -1, -0.7853981633974483, 1.4142135623730951
920, 51, 422, 125, 420, 125, 2, 0, 0.0, 2.0
920, 52, 285, 76, 284, 77, 1, -1, -0.7853981633974483, 1.4142135623730951
920, 53, 520, 377, 518, 377, 2, 0, 0.0, 2.0
920, 56, 390, 100, 389, 101, 1, -1, -0.7853981633974483, 1.4142135623730951
920, 58, 331, 374, 330, 375, 1, -1, -0.7853981633974483, 1.4142135623730951
920, 60, 193, 94, 192, 95, 1, -1, -0.7853981633974483, 1.4142135623730951
920, 62, 590, 337, 588, 338, 2, -1, -0.4636476090008061, 2.23606797749979
920, 63, 528, 72, 526, 72, 2, 0, 0.0, 2.0
920, 65, 405, 76, 403, 77, 2, -1, -0.4636476090008061, 2.23606797749979
920, 67, 415, 352, 413, 353, 2, -1, -0.4636476090008061, 2.23606797749979
920, 69, 203, 185, 202, 186, 1, -1, -0.7853981633974483, 1.4142135623730951
921, 4, 285, 67, 284, 68, 1, -1, -0.7853981633974483, 1.4142135623730951
921, 5, 568, 368, 567, 369, 1, -1, -0.7853981633974483, 1.4142135623730951
921, 6, 267, 375, 266, 376, 1, -1, -0.7853981633974483, 1.4142135623730951
921, 8, 322, 69, 321, 70, 1, -1, -0.7853981633974483, 1.4142135623730951
921, 9, 455, 126, 453, 126, 2, 0, 0.0, 2.0
921, 13, 501, 75, 500, 76, 1, -1, -0.7853981633974483, 1.4142135623730951
921, 15, 72, 340, 71, 341, 1, -1, -0.7853981633974483, 1.4142135623730951
921, 16, 322, 404, 321, 405, 1, -1, -0.7853981633974483, 1.4142135623730951
921, 20, 327, 76, 326, 77, 1, -1, -0.7853981633974483, 1.4142135623730951
921, 25, 560, 137, 558, 138, 2, -1, -0.4636476090008061, 2.23606797749979
921, 27, 241, 130, 240, 131, 1, -1, -0.7853981633974483, 1.4142135623730951
921, 28, 234, 123, 233, 125, 1, -2, -1.1071487177940904, 2.23606797749979
921, 30, 540, 401, 539, 402, 1, -1, -0.7853981633974483, 1.4142135623730951
921, 31, 525, 134, 523, 134, 2, 0, 0.0, 2.0
921, 35, 423, 396, 422, 397, 1, -1, -0.7853981633974483, 1.4142135623730951
921, 37, 452, 352, 451, 353, 1, -1, -0.7853981633974483, 1.4142135623730951
921, 41, 603, 401, 601, 401, 2, 0, 0.0, 2.0
921, 47, 430, 403, 429, 404, 1, -1, -0.7853981633974483, 1.4142135623730951
921, 51, 424, 125, 422, 125, 2, 0, 0.0, 2.0
921, 52, 286, 75, 285, 76, 1, -1, -0.7853981633974483, 1.4142135623730951
921, 53, 522, 376, 520, 377, 2, -1, -0.4636476090008061, 2.23606797749979
921, 58, 332, 373, 331, 374, 1, -1, -0.7853981633974483, 1.4142135623730951
921, 63, 530, 71, 528, 72, 2, -1, -0.4636476090008061, 2.23606797749979
921, 64, 306, 129, 305, 130, 1, -1, -0.7853981633974483, 1.4142135623730951
921, 65, 406, 75, 405, 76, 1, -1, -0.7853981633974483, 1.4142135623730951
922, 0, 219, 154, 218, 155, 1, -1, -0.7853981633974483, 1.4142135623730951
922, 1, 592, 111, 590, 112, 2, -1, -0.4636476090008061, 2.23606797749979
922, 4, 286, 66, 285, 67, 1, -1, -0.7853981633974483, 1.4142135623730951
922, 5, 569, 367, 568, 368, 1, -1, -0.7853981633974483, 1.4142135623730951
922, 6, 268, 374, 267, 375, 1, -1, -0.7853981633974483, 1.4142135623730951
922, 7, 496, 128, 494, 128, 2, 0, 0.0, 2.0
922, 9, 457, 126, 455, 126, 2, 0, 0.0, 2.0
922, 13, 503, 75, 501, 75, 2, 0, 0.0, 2.0
922, 17, 172, 186, 171, 187, 1, -1, -0.7853981633974483, 1.4142135623730951
922, 22, 394, 404, 392, 404, 2, 0, 0.0, 2.0
922, 25, 562, 136, 560, 137, 2, -1, -0.4636476090008061, 2.23606797749979
922, 29, 102, 144, 101, 145, 1, -1, -0.7853981633974483, 1.4142135623730951
922, 31, 527, 133, 525, 134, 2, -1, -0.4636476090008061, 2.23606797749979
922, 35, 424, 395, 423, 396, 1, -1, -0.7853981633974483, 1.4142135623730951
922, 37, 453, 351, 452, 352, 1, -1, -0.7853981633974483, 1.4142135623730951
922, 38, 620, 118, 619, 119, 1, -1, -0.7853981633974483, 1.4142135623730951
922, 47, 431, 402, 430, 403, 1, -1, -0.7853981633974483, 1.4142135623730951
922, 51, 426, 125, 424, 125, 2, 0, 0.0, 2.0
922, 52, 287, 74, 286, 75, 1, -1, -0.7853981633974483, 1.4142135623730951
922, 53, 524, 375, 522, 376, 2, -1, -0.4636476090008061, 2.23606797749979
922, 63, 532, 71, 530, 71, 2, 0, 0.0, 2.0
922, 65, 407, 74, 406, 75, 1, -1, -0.7853981633974483, 1.4142135623730951
922, 69, 204, 183, 203, 184, 1, -1, -0.7853981633974483, 1.4142135623730951
923, 1, 593, 110, 592, 111, 1, -1, -0.7853981633974483, 1.4142135623730951
923, 4, 287, 65, 286, 66, 1, -1, -0.7853981633974483, 1.4142135623730951
923, 5, 571, 366, 569, 367, 2, -1, -0.4636476090008061, 2.23606797749979
923, 7, 498, 128, 496, 128, 2, 0, 0.0, 2.0
923, 9, 459, 126, 457, 126, 2, 0, 0.0, 2.0
923, 11, 271, 93, 270, 94, 1, -1, -0.7853981633974483, 1.4142135623730951
923, 13, 505, 74, 503, 75, 2, -1, -0.4636476090008061, 2.23606797749979
923, 16, 324, 403, 323, 404, 1, -1, -0.7853981633974483, 1.4142135623730951
923, 25, 564, 135, 562, 136, 2, -1, -0.4636476090008061, 2.23606797749979
923, 31, 529, 132, 527, 133, 2, -1, -0.4636476090008061, 2.23606797749979
923, 34, 98, 373, 97, 374, 1, -1, -0.7853981633974483, 1.4142135623730951
923, 35, 425, 394, 424, 395, 1, -1, -0.7853981633974483, 1.4142135623730951
923, 37, 454, 350, 453, 351, 1, -1, -0.7853981633974483, 1.4142135623730951
923, 38, 622, 117, 620, 118, 2, -1, -0.4636476090008061, 2.23606797749979
923, 40, 114, 403, 113, 404, 1, -1, -0.7853981633974483, 1.4142135623730951
923, 41, 605, 400, 604, 401, 1, -1, -0.7853981633974483, 1.4142135623730951
923, 43, 434, 72, 433, 73, 1, -1, -0.7853981633974483, 1.4142135623730951
923, 46, 571, 401, 570, 402, 1, -1, -0.7853981633974483, 1.4142135623730951
923, 51, 428, 125, 426, 125, 2, 0, 0.0, 2.0
923, 52, 288, 73, 287, 74, 1, -1, -0.7853981633974483, 1.4142135623730951
923, 60, 195, 93, 194, 94, 1, -1, -0.7853981633974483, 1.4142135623730951
923, 62, 594, 337, 592, 337, 2, 0, 0.0, 2.0
923, 65, 408, 73, 407, 74, 1, -1, -0.7853981633974483, 1.4142135623730951
924, 1, 595, 109, 593, 110, 2, -1, -0.4636476090008061, 2.23606797749979
924, 3, 153, 330, 152, 331, 1, -1, -0.7853981633974483, 1.4142135623730951
924, 4, 289, 64, 287, 65, 2, -1, -0.4636476090008061, 2.23606797749979
924, 5, 573, 365, 571, 366, 2, -1, -0.4636476090008061, 2.23606797749979
924, 7, 500, 127, 498, 128, 2, -1, -0.4636476090008061, 2.23606797749979
924, 9, 461, 126, 459, 126, 2, 0, 0.0, 2.0
924, 21, 243, 382, 242, 383, 1, -1, -0.7853981633974483, 1.4142135623730951
924, 22, 396, 403, 395, 404, 1, -1, -0.7853981633974483, 1.4142135623730951
924, 24, 119, 288, 118, 289, 1, -1, -0.7853981633974483, 1.4142135623730951
924, 25, 566, 135, 564, 135, 2, 0, 0.0, 2.0
924, 31, 531, 132, 529, 132, 2, 0, 0.0, 2.0
924, 35, 455, 349, 454, 350, 1, -1, -0.7853981633974483, 1.4142135623730951
924, 36, 623, 115, 622, 117, 1, -2, -1.1071487177940904, 2.23606797749979
924, 39, 606, 399, 605, 400, 1, -1, -0.7853981633974483, 1.4142135623730951
924, 42, 478, 134, 479, 132, -1, 2, 2.0344439357957027, 2.23606797749979
924, 44, 572, 400, 571, 401, 1, -1, -0.7853981633974483, 1.4142135623730951
924, 45, 433, 401, 432, 402, 1, -1, -0.7853981633974483, 1.4142135623730951
924, 50, 289, 72, 288, 73, 1, -1, -0.7853981633974483, 1.4142135623730951
924, 51, 527, 375, 525, 375, 2, 0, 0.0, 2.0
924, 52, 115, 154, 117, 154, -2, 0, 3.141592653589793, 2.0
924, 60, 596, 336, 594, 337, 2, -1, -0.4636476090008061, 2.23606797749979
924, 63, 409, 72, 408, 73, 1, -1, -0.7853981633974483, 1.4142135623730951
925, 2, 595, 112, 592, 113, 3, -1, -0.3217505543966422, 3.1622776601683795
925, 3, 499, 126, 496, 128, 3, -2, -0.5880026035475675, 3.605551275463989
925, 5, 270, 374, 269, 375, 1, -1, -0.7853981633974483, 1.4142135623730951
925, 6, 574, 368, 571, 369, 3, -1, -0.3217505543966422, 3.1622776601683795
925, 8, 324, 70, 323, 71, 1, -1, -0.7853981633974483, 1.4142135623730951
925, 12, 326, 406, 325, 407, 1, -1, -0.7853981633974483, 1.4142135623730951
925, 17, 458, 125, 456, 126, 2, -1, -0.4636476090008061, 2.23606797749979
925, 22, 247, 377, 246, 378, 1, -1, -0.7853981633974483, 1.4142135623730951
925, 24, 508, 77, 506, 77, 2, 0, 0.0, 2.0
925, 27, 309, 128, 308, 129, 1, -1, -0.7853981633974483, 1.4142135623730951
925, 28, 596, 334, 594, 336, 2, -2, -0.7853981633974483, 2.8284271247461903
925, 29, 104, 144, 103, 145, 1, -1, -0.7853981633974483, 1.4142135623730951
925, 36, 572, 402, 571, 403, 1, -1, -0.7853981633974483, 1.4142135623730951
925, 44, 564, 139, 562, 139, 2, 0, 0.0, 2.0
925, 46, 425, 128, 424, 129, 1, -1, -0.7853981633974483, 1.4142135623730951
925, 47, 534, 71, 532, 72, 2, -1, -0.4636476090008061, 2.23606797749979
925, 48, 593, 342, 591, 344, 2, -2, -0.7853981633974483, 2.8284271247461903
925, 49, 433, 404, 432, 405, 1, -1, -0.7853981633974483, 1.4142135623730951
925, 52, 543, 402, 542, 403, 1, -1, -0.7853981633974483, 1.4142135623730951
925, 56, 395, 403, 394, 404, 1, -1, -0.7853981633974483, 1.4142135623730951
925, 57, 438, 76, 436, 77, 2, -1, -0.4636476090008061, 2.23606797749979
925, 58, 378, 73, 376, 74, 2, -1, -0.4636476090008061, 2.23606797749979
926, 0, 221, 153, 220, 154, 1, -1, -0.7853981633974483, 1.4142135623730951
926, 2, 598, 110, 595, 112, 3, -2, -0.5880026035475675, 3.605551275463989
926, 6, 575, 367, 574, 368, 1, -1, -0.7853981633974483, 1.4142135623730951
926, 12, 327, 405, 326, 406, 1, -1, -0.7853981633974483, 1.4142135623730951
926, 15, 332, 102, 331, 103, 1, -1, -0.7853981633974483, 1.4142135623730951
926, 18, 330, 376, 328, 376, 2, 0, 0.0, 2.0
926, 20, 625, 116, 623, 116, 2, 0, 0.0, 2.0
926, 24, 510, 76, 508, 77, 2, -1, -0.4636476090008061, 2.23606797749979
926, 27, 310, 127, 309, 128, 1, -1, -0.7853981633974483, 1.4142135623730951
926, 33, 422, 352, 421, 353, 1, -1, -0.7853981633974483, 1.4142135623730951
926, 34, 156, 376, 158, 376, -2, 0, 3.141592653589793, 2.0
926, 38, 531, 134, 529, 134, 2, 0, 0.0, 2.0
926, 44, 566, 139, 564, 139, 2, 0, 0.0, 2.0
926, 45, 173, 191, 172, 192, 1, -1, -0.7853981633974483, 1.4142135623730951
926, 46, 427, 127, 425, 128, 2, -1, -0.4636476090008061, 2.23606797749979
926, 48, 595, 341, 593, 342, 2, -1, -0.4636476090008061, 2.23606797749979
926, 49, 435, 403, 433, 404, 2, -1, -0.4636476090008061, 2.23606797749979
926, 50, 121, 291, 120, 292, 1, -1, -0.7853981633974483, 1.4142135623730951
926, 51, 544, 401, 543, 402, 1, -1, -0.7853981633974483, 1.4142135623730951
926, 57, 379, 72, 378, 73, 1, -1, -0.7853981633974483, 1.4142135623730951
927, 0, 222, 152, 221, 153, 1, -1, -0.7853981633974483, 1.4142135623730951
927, 1, 261, 144, 259, 146, 2, -2, -0.7853981633974483, 2.8284271247461903
927, 2, 600, 110, 598, 110, 2, 0, 0.0, 2.0
927, 3, 502, 125, 500, 126, 2, -1, -0.4636476090008061, 2.23606797749979
927, 4, 156, 331, 155, 332, 1, -1, -0.7853981633974483, 1.4142135623730951
927, 5, 272, 373, 271, 374, 1, -1, -0.7853981633974483, 1.4142135623730951
927, 6, 577, 366, 575, 367, 2, -1, -0.4636476090008061, 2.23606797749979
927, 12, 328, 404, 327, 405, 1, -1, -0.7853981633974483, 1.4142135623730951
927, 22, 248, 376, 247, 377, 1, -1, -0.7853981633974483, 1.4142135623730951
927, 24, 512, 76, 510, 76, 2, 0, 0.0, 2.0
927, 34, 154, 376, 156, 376, -2, 0, 3.141592653589793, 2.0
927, 36, 574, 401, 573, 402, 1, -1, -0.7853981633974483, 1.4142135623730951
927, 40, 176, 185, 175, 186, 1, -1, -0.7853981633974483, 1.4142135623730951
927, 41, 408, 82, 407, 83, 1, -1, -0.7853981633974483, 1.4142135623730951
927, 45, 174, 190, 173, 191, 1, -1, -0.7853981633974483, 1.4142135623730951
927, 48, 597, 340, 595, 341, 2, -1, -0.4636476090008061, 2.23606797749979
927, 49, 437, 403, 435, 403, 2, 0, 0.0, 2.0
927, 56, 441, 76, 439, 76, 2, 0, 0.0, 2.0
928, 2, 602, 109, 600, 110, 2, -1, -0.4636476090008061, 2.23606797749979
928, 3, 504, 124, 502, 125, 2, -1, -0.4636476090008061, 2.23606797749979
928, 6, 579, 365, 577, 366, 2, -1, -0.4636476090008061, 2.23606797749979
928, 8, 328, 69, 326, 70, 2, -1, -0.4636476090008061, 2.23606797749979
928, 17, 461, 124, 460, 125, 1, -1, -0.7853981633974483, 1.4142135623730951
928, 20, 628, 117, 626, 116, 2, 1, 0.4636476090008061, 2.23606797749979
928, 24, 513, 75, 512, 76, 1, -1, -0.7853981633974483, 1.4142135623730951
928, 28, 599, 334, 597, 334, 2, 0, 0.0, 2.0
928, 34, 152, 375, 154, 376, -2, -1, -2.677945044588987, 2.23606797749979
928, 38, 534, 135, 532, 134, 2, 1, 0.4636476090008061, 2.23606797749979
928, 44, 569, 139, 567, 139, 2, 0, 0.0, 2.0
928, 45, 175, 189, 174, 190, 1, -1, -0.7853981633974483, 1.4142135623730951
928, 48, 598, 339, 597, 340, 1, -1, -0.7853981633974483, 1.4142135623730951
928, 49, 438, 402, 437, 403, 1, -1, -0.7853981633974483, 1.4142135623730951
928, 55, 398, 402, 397, 403, 1, -1, -0.7853981633974483, 1.4142135623730951
928, 56, 442, 75, 441, 76, 1, -1, -0.7853981633974483, 1.4142135623730951
928, 58, 58, 352, 57, 353, 1, -1, -0.7853981633974483, 1.4142135623730951
929, 0, 223, 150, 222, 151, 1, -1, -0.7853981633974483, 1.4142135623730951
929, 2, 604, 109, 602, 109, 2, 0, 0.0, 2.0
929, 6, 581, 365, 579, 365, 2, 0, 0.0, 2.0
929, 8, 329, 68, 328, 69, 1, -1, -0.7853981633974483, 1.4142135623730951
929, 13, 74, 338, 73, 339, 1, -1, -0.7853981633974483, 1.4142135623730951
929, 17, 462, 123, 461, 124, 1, -1, -0.7853981633974483, 1.4142135623730951
929, 18, 334, 374, 332, 376, 2, -2, -0.7853981633974483, 2.8284271247461903
929, 20, 630, 118, 628, 117, 2, 1, 0.4636476090008061, 2.23606797749979
929, 21, 411, 74, 410, 75, 1, -1, -0.7853981633974483, 1.4142135623730951
929, 22, 249, 375, 248, 376, 1, -1, -0.7853981633974483, 1.4142135623730951
929, 27, 313, 126, 312, 127, 1, -1, -0.7853981633974483, 1.4142135623730951
929, 28, 601, 333, 599, 334, 2, -1, -0.4636476090008061, 2.23606797749979
929, 33, 150, 375, 152, 375, -2, 0, 3.141592653589793, 2.0
929, 35, 576, 400, 575, 401, 1, -1, -0.7853981633974483, 1.4142135623730951
929, 37, 536, 135, 534, 135, 2, 0, 0.0, 2.0
929, 38, 175, 371, 174, 372, 1, -1, -0.7853981633974483, 1.4142135623730951
929, 40, 410, 81, 409, 82, 1, -1, -0.7853981633974483, 1.4142135623730951
929, 42, 206, 181, 205, 182, 1, -1, -0.7853981633974483, 1.4142135623730951
929, 43, 570, 140, 569, 139, 1, 1, 0.7853981633974483, 1.4142135623730951
929, 44, 176, 188, 175, 189, 1, -1, -0.7853981633974483, 1.4142135623730951
929, 47, 600, 338, 598, 339, 2, -1, -0.4636476090008061, 2.23606797749979
929, 48, 440, 401, 438, 402, 2, -1, -0.4636476090008061, 2.23606797749979
929, 50, 547, 400, 546, 401, 1, -1, -0.7853981633974483, 1.4142135623730951
929, 52, 451, 345, 450, 346, 1, -1, -0.7853981633974483, 1.4142135623730951
929, 54, 399, 401, 398, 402, 1, -1, -0.7853981633974483, 1.4142135623730951
929, 55, 443, 74, 442, 75, 1, -1, -0.7853981633974483, 1.4142135623730951
929, 57, 59, 351, 58, 352, 1, -1, -0.7853981633974483, 1.4142135623730951
930, 0, 223, 152, 223, 154, 0, -2, -1.5707963267948966, 2.0
930, 2, 329, 70, 328, 71, 1, -1, -0.7853981633974483, 1.4142135623730951
930, 7, 579, 368, 577, 368, 2, 0, 0.0, 2.0
930, 10, 330, 406, 329, 407, 1, -1, -0.7853981633974483, 1.4142135623730951
930, 13, 463, 125, 462, 126, 1, -1, -0.7853981633974483, 1.4142135623730951
930, 14, 274, 373, 273, 374, 1, -1, -0.7853981633974483, 1.4142135623730951
930, 18, 413, 75, 412, 76, 1, -1, -0.7853981633974483, 1.4142135623730951
930, 19, 410, 83, 409, 84, 1, -1, -0.7853981633974483, 1.4142135623730951
930, 21, 188, 139, 187, 140, 1, -1, -0.7853981633974483, 1.4142135623730951
930, 26, 559, 143, 558, 144, 1, -1, -0.7853981633974483, 1.4142135623730951
930, 27, 348, 126, 347, 127, 1, -1, -0.7853981633974483, 1.4142135623730951
930, 28, 577, 403, 576, 404, 1, -1, -0.7853981633974483, 1.4142135623730951
930, 32, 461, 354, 459, 354, 2, 0, 0.0, 2.0
930, 33, 449, 345, 445, 346, 4, -1, -0.24497866312686414, 4.123105625617661
930, 38, 630, 119, 628, 119, 2, 0, 0.0, 2.0
930, 42, 314, 129, 313, 130, 1, -1, -0.7853981633974483, 1.4142135623730951
930, 50, 595, 331, 591, 334, 4, -3, -0.6435011087932844, 5.0
930, 52, 186, 125, 188, 125, -2, 0, 3.141592653589793, 2.0
930, 54, 438, 404, 437, 405, 1, -1, -0.7853981633974483, 1.4142135623730951
930, 55, 400, 404, 399, 405, 1, -1, -0.7853981633974483, 1.4142135623730951
930, 59, 498, 361, 497, 362, 1, -1, -0.7853981633974483, 1.4142135623730951
930, 60, 352, 80, 351, 81, 1, -1, -0.7853981633974483, 1.4142135623730951
930, 61, 569, 139, 567, 139, 2, 0, 0.0, 2.0
930, 62, 343, 372, 341, 373, 2, -1, -0.4636476090008061, 2.23606797749979
930, 64, 635, 77, 634, 78, 1, -1, -0.7853981633974483, 1.4142135623730951
930, 65, 247, 73, 246, 74, 1, -1, -0.7853981633974483, 1.4142135623730951
930, 67, 425, 353, 423, 353, 2, 0, 0.0, 2.0
930, 71, 610, 400, 608, 401, 2, -1, -0.4636476090008061, 2.23606797749979
930, 72, 531, 375, 529, 376, 2, -1, -0.4636476090008061, 2.23606797749979
930, 74, 433, 125, 431, 126, 2, -1, -0.4636476090008061, 2.23606797749979
930, 75, 399, 132, 398, 133, 1, -1, -0.7853981633974483, 1.4142135623730951
931, 0, 224, 151, 223, 152, 1, -1, -0.7853981633974483, 1.4142135623730951
931, 1, 601, 112, 599, 112, 2, 0, 0.0, 2.0
931, 2, 330, 69, 329, 70, 1, -1, -0.7853981633974483, 1.4142135623730951
931, 4, 505, 127, 503, 127, 2, 0, 0.0, 2.0
931, 7, 581, 368, 579, 368, 2, 0, 0.0, 2.0
931, 10, 332, 405, 330, 406, 2, -1, -0.4636476090008061, 2.23606797749979
931, 16, 278, 92, 277, 93, 1, -1, -0.7853981633974483, 1.4142135623730951
931, 18, 414, 74, 413, 75, 1, -1, -0.7853981633974483, 1.4142135623730951
931, 19, 411, 82, 410, 83, 1, -1, -0.7853981633974483, 1.4142135623730951
931, 26, 560, 142, 559, 143, 1, -1, -0.7853981633974483, 1.4142135623730951
931, 27, 349, 125, 348, 126, 1, -1, -0.7853981633974483, 1.4142135623730951
931, 28, 578, 402, 577, 403, 1, -1, -0.7853981633974483, 1.4142135623730951
931, 31, 179, 186, 178, 187, 1, -1, -0.7853981633974483, 1.4142135623730951
931, 33, 452, 344, 449, 345, 3, -1, -0.3217505543966422, 3.1622776601683795
931, 38, 632, 119, 630, 119, 2, 0, 0.0, 2.0
931, 42, 315, 128, 314, 129, 1, -1, -0.7853981633974483, 1.4142135623730951
931, 43, 124, 290, 123, 291, 1, -1, -0.7853981633974483, 1.4142135623730951
931, 46, 540, 72, 538, 73, 2, -1, -0.4636476090008061, 2.23606797749979
931, 50, 599, 328, 595, 331, 4, -3, -0.6435011087932844, 5.0
931, 53, 439, 403, 438, 404, 1, -1, -0.7853981633974483, 1.4142135623730951
931, 56, 326, 82, 325, 83, 1, -1, -0.7853981633974483, 1.4142135623730951
931, 58, 499, 360, 498, 361, 1, -1, -0.7853981633974483, 1.4142135623730951
931, 59, 353, 79, 352, 80, 1, -1, -0.7853981633974483, 1.4142135623730951
931, 60, 571, 139, 569, 139, 2, 0, 0.0, 2.0
931, 64, 248, 72, 247, 73, 1, -1, -0.7853981633974483, 1.4142135623730951
931, 68, 612, 400, 610, 400, 2, 0, 0.0, 2.0
931, 70, 567, 328, 566, 329, 1, -1, -0.7853981633974483, 1.4142135623730951
931, 71, 435, 124, 433, 125, 2, -1, -0.4636476090008061, 2.23606797749979
931, 72, 401, 132, 399, 132, 2, 0, 0.0, 2.0
932, 0, 226, 150, 224, 151, 2, -1, -0.4636476090008061, 2.23606797749979
932, 1, 603, 112, 601, 112, 2, 0, 0.0, 2.0
932, 2, 333, 68, 330, 69, 3, -1, -0.3217505543966422, 3.1622776601683795
932, 4, 507, 127, 505, 127, 2, 0, 0.0, 2.0
932, 9, 293, 72, 291, 72, 2, 0, 0.0, 2.0
932, 10, 333, 404, 332, 405, 1, -1, -0.7853981633974483, 1.4142135623730951
932, 12, 336, 102, 335, 103, 1, -1, -0.7853981633974483, 1.4142135623730951
932, 13, 466, 124, 464, 125, 2, -1, -0.4636476090008061, 2.23606797749979
932, 14, 276, 372, 275, 373, 1, -1, -0.7853981633974483, 1.4142135623730951
932, 15, 78, 340, 77, 341, 1, -1, -0.7853981633974483, 1.4142135623730951
932, 18, 415, 73, 414, 74, 1, -1, -0.7853981633974483, 1.4142135623730951
932, 22, 215, 143, 214, 144, 1, -1, -0.7853981633974483, 1.4142135623730951
932, 26, 561, 141, 560, 142, 1, -1, -0.7853981633974483, 1.4142135623730951
932, 27, 350, 124, 349, 125, 1, -1, -0.7853981633974483, 1.4142135623730951
932, 28, 579, 401, 578, 402, 1, -1, -0.7853981633974483, 1.4142135623730951
932, 31, 180, 185, 179, 186, 1, -1, -0.7853981633974483, 1.4142135623730951
932, 33, 455, 343, 452, 344, 3, -1, -0.3217505543966422, 3.1622776601683795
932, 34, 537, 136, 535, 136, 2, 0, 0.0, 2.0
932, 35, 552, 402, 548, 403, 4, -1, -0.24497866312686414, 4.123105625617661
932, 36, 195, 124, 195, 122, 0, 2, 1.5707963267948966, 2.0
932, 38, 634, 119, 632, 119, 2, 0, 0.0, 2.0
932, 41, 265, 122, 263, 122, 2, 0, 0.0, 2.0
932, 47, 592, 118, 590, 119, 2, -1, -0.4636476090008061, 2.23606797749979
932, 49, 287, 79, 286, 80, 1, -1, -0.7853981633974483, 1.4142135623730951
932, 50, 605, 326, 599, 328, 6, -2, -0.3217505543966422, 6.324555320336759
932, 53, 442, 401, 439, 403, 3, -2, -0.5880026035475675, 3.605551275463989
932, 54, 403, 403, 401, 404, 2, -1, -0.4636476090008061, 2.23606797749979
932, 55, 247, 335, 246, 334, 1, 1, 0.7853981633974483, 1.4142135623730951
932, 56, 329, 81, 326, 82, 3, -1, -0.3217505543966422, 3.1622776601683795
932, 58, 500, 359, 499, 360, 1, -1, -0.7853981633974483, 1.4142135623730951
932, 59, 355, 78, 353, 79, 2, -1, -0.4636476090008061, 2.23606797749979
932, 60, 573, 139, 571, 139, 2, 0, 0.0, 2.0
932, 61, 345, 371, 344, 372, 1, -1, -0.7853981633974483, 1.4142135623730951
932, 65, 251, 140, 251, 142, 0, -2, -1.5707963267948966, 2.0
932, 66, 430, 352, 426, 353, 4, -1, -0.24497866312686414, 4.123105625617661
932, 68, 614, 399, 612, 400, 2, -1, -0.4636476090008061, 2.23606797749979
932, 69, 534, 374, 532, 375, 2, -1, -0.4636476090008061, 2.23606797749979
932, 72, 403, 131, 401, 132, 2, -1, -0.4636476090008061, 2.23606797749979
932, 73, 402, 100, 399, 101, 3, -1, -0.3217505543966422, 3.1622776601683795
933, 0, 227, 149, 226, 150, 1, -1, -0.7853981633974483, 1.4142135623730951
933, 1, 606, 112, 603, 112, 3, 0, 0.0, 3.0
933, 4, 509, 127, 507, 127, 2, 0, 0.0, 2.0
933, 7, 584, 368, 582, 368, 2, 0, 0.0, 2.0
933, 8, 516, 77, 514, 77, 2, 0, 0.0, 2.0
933, 13, 468, 124, 466, 124, 2, 0, 0.0, 2.0
933, 14, 277, 371, 276, 372, 1, -1, -0.7853981633974483, 1.4142135623730951
933, 18, 416, 72, 415, 73, 1, -1, -0.7853981633974483, 1.4142135623730951
933, 19, 413, 81, 412, 82, 1, -1, -0.7853981633974483, 1.4142135623730951
933, 22, 216, 142, 215, 143, 1, -1, -0.7853981633974483, 1.4142135623730951
933, 26, 562, 140, 561, 141, 1, -1, -0.7853981633974483, 1.4142135623730951
933, 28, 580, 400, 579, 401, 1, -1, -0.7853981633974483, 1.4142135623730951
933, 30, 197, 407, 196, 408, 1, -1, -0.7853981633974483, 1.4142135623730951
933, 31, 181, 184, 180, 185, 1, -1, -0.7853981633974483, 1.4142135623730951
933, 32, 465, 354, 463, 354, 2, 0, 0.0, 2.0
933, 33, 457, 342, 455, 343, 2, -1, -0.4636476090008061, 2.23606797749979
933, 38, 635, 118, 634, 119, 1, -1, -0.7853981633974483, 1.4142135623730951
933, 41, 266, 121, 265, 122, 1, -1, -0.7853981633974483, 1.4142135623730951
933, 42, 317, 127, 316, 128, 1, -1, -0.7853981633974483, 1.4142135623730951
933, 46, 542, 71, 541, 72, 1, -1, -0.7853981633974483, 1.4142135623730951
933, 47, 594, 118, 592, 118, 2, 0, 0.0, 2.0
933, 49, 288, 78, 287, 79, 1, -1, -0.7853981633974483, 1.4142135623730951
933, 50, 606, 325, 605, 326, 1, -1, -0.7853981633974483, 1.4142135623730951
933, 53, 444, 401, 442, 401, 2, 0, 0.0, 2.0
933, 54, 404, 402, 403, 403, 1, -1, -0.7853981633974483, 1.4142135623730951
933, 58, 502, 358, 500, 359, 2, -1, -0.4636476090008061, 2.23606797749979
933, 59, 356, 77, 355, 78, 1, -1, -0.7853981633974483, 1.4142135623730951
933, 60, 575, 139, 573, 139, 2, 0, 0.0, 2.0
933, 61, 347, 371, 345, 371, 2, 0, 0.0, 2.0
933, 64, 250, 71, 249, 72, 1, -1, -0.7853981633974483, 1.4142135623730951
933, 65, 252, 138, 251, 140, 1, -2, -1.1071487177940904, 2.23606797749979
933, 66, 431, 351, 430, 352, 1, -1, -0.7853981633974483, 1.4142135623730951
933, 68, 616, 398, 614, 399, 2, -1, -0.4636476090008061, 2.23606797749979
933, 69, 535, 372, 534, 374, 1, -2, -1.1071487177940904, 2.23606797749979
933, 70, 437, 123, 436, 124, 1, -1, -0.7853981633974483, 1.4142135623730951
933, 71, 405, 130, 403, 131, 2, -1, -0.4636476090008061, 2.23606797749979
933, 72, 403, 99, 402, 100, 1, -1, -0.7853981633974483, 1.4142135623730951
934, 1, 608, 112, 606, 112, 2, 0, 0.0, 2.0
934, 2, 335, 67, 334, 68, 1, -1, -0.7853981633974483, 1.4142135623730951
934, 4, 511, 127, 509, 127, 2, 0, 0.0, 2.0
934, 7, 588, 367, 584, 368, 4, -1, -0.24497866312686414, 4.123105625617661
934, 8, 518, 76, 516, 77, 2, -1, -0.4636476090008061, 2.23606797749979
934, 10, 335, 403, 334, 404, 1, -1, -0.7853981633974483, 1.4142135623730951
934, 12, 337, 101, 336, 102, 1, -1, -0.7853981633974483, 1.4142135623730951
934, 13, 470, 124, 468, 124, 2, 0, 0.0, 2.0
934, 14, 278, 370, 277, 371, 1, -1, -0.7853981633974483, 1.4142135623730951
934, 18, 417, 71, 416, 72, 1, -1, -0.7853981633974483, 1.4142135623730951
934, 19, 414, 80, 413, 81, 1, -1, -0.7853981633974483, 1.4142135623730951
934, 20, 383, 73, 381, 74, 2, -1, -0.4636476090008061, 2.23606797749979
934, 22, 217, 141, 216, 142, 1, -1, -0.7853981633974483, 1.4142135623730951
934, 26, 563, 139, 562, 140, 1, -1, -0.7853981633974483, 1.4142135623730951
934, 28, 581, 399, 580, 400, 1, -1, -0.7853981633974483, 1.4142135623730951
934, 31, 183, 183, 181, 184, 2, -1, -0.4636476090008061, 2.23606797749979
934, 32, 467, 354, 465, 354, 2, 0, 0.0, 2.0
934, 33, 460, 341, 457, 342, 3, -1, -0.3217505543966422, 3.1622776601683795
934, 34, 540, 136, 538, 136, 2, 0, 0.0, 2.0
934, 36, 196, 123, 195, 124, 1, -1, -0.7853981633974483, 1.4142135623730951
934, 37, 221, 139, 220, 140, 1, -1, -0.7853981633974483, 1.4142135623730951
934, 41, 267, 120, 266, 121, 1, -1, -0.7853981633974483, 1.4142135623730951
934, 42, 318, 126, 317, 127, 1, -1, -0.7853981633974483, 1.4142135623730951
934, 43, 126, 288, 125, 289, 1, -1, -0.7853981633974483, 1.4142135623730951
934, 45, 544, 71, 542, 71, 2, 0, 0.0, 2.0
934, 46, 596, 117, 594, 118, 2, -1, -0.4636476090008061, 2.23606797749979
934, 49, 608, 327, 606, 325, 2, 2, 0.7853981633974483, 2.8284271247461903
934, 52, 446, 400, 444, 401, 2, -1, -0.4636476090008061, 2.23606797749979
934, 53, 405, 401, 404, 402, 1, -1, -0.7853981633974483, 1.4142135623730951
934, 55, 330, 79, 329, 80, 1, -1, -0.7853981633974483, 1.4142135623730951
934, 58, 357, 76, 356, 77, 1, -1, -0.7853981633974483, 1.4142135623730951
934, 60, 348, 370, 347, 371, 1, -1, -0.7853981633974483, 1.4142135623730951
934, 63, 251, 70, 250, 71, 1, -1, -0.7853981633974483, 1.4142135623730951
934, 64, 252, 136, 252, 138, 0, -2, -1.5707963267948966, 2.0
934, 65, 432, 350, 431, 351, 1, -1, -0.7853981633974483, 1.4142135623730951
934, 66, 198, 93, 197, 94, 1, -1, -0.7853981633974483, 1.4142135623730951
934, 67, 618, 397, 616, 398, 2, -1, -0.4636476090008061, 2.23606797749979
934, 68, 537, 371, 535, 372, 2, -1, -0.4636476090008061, 2.23606797749979
934, 69, 439, 122, 437, 123, 2, -1, -0.4636476090008061, 2.23606797749979
934, 70, 409, 130, 405, 130, 4, 0, 0.0, 4.0
935, 1, 606, 113, 604, 113, 2, 0, 0.0, 2.0
935, 4, 510, 128, 508, 128, 2, 0, 0.0, 2.0
935, 5, 586, 368, 584, 368, 2, 0, 0.0, 2.0
935, 12, 279, 373, 278, 374, 1, -1, -0.7853981633974483, 1.4142135623730951
935, 16, 335, 405, 334, 406, 1, -1, -0.7853981633974483, 1.4142135623730951
935, 17, 354, 88, 353, 89, 1, -1, -0.7853981633974483, 1.4142135623730951
935, 28, 184, 184, 183, 185, 1, -1, -0.7853981633974483, 1.4142135623730951
935, 30, 295, 75, 294, 76, 1, -1, -0.7853981633974483, 1.4142135623730951
935, 33, 382, 74, 381, 75, 1, -1, -0.7853981633974483, 1.4142135623730951
935, 34, 607, 336, 605, 337, 2, -1, -0.4636476090008061, 2.23606797749979
935, 35, 404, 403, 403, 404, 1, -1, -0.7853981633974483, 1.4142135623730951
935, 36, 345, 373, 344, 374, 1, -1, -0.7853981633974483, 1.4142135623730951
935, 38, 126, 290, 125, 291, 1, -1, -0.7853981633974483, 1.4142135623730951
935, 42, 437, 124, 436, 125, 1, -1, -0.7853981633974483, 1.4142135623730951
935, 44, 535, 374, 534, 375, 1, -1, -0.7853981633974483, 1.4142135623730951
935, 45, 444, 403, 443, 404, 1, -1, -0.7853981633974483, 1.4142135623730951
935, 46, 615, 400, 614, 401, 1, -1, -0.7853981633974483, 1.4142135623730951
935, 47, 466, 355, 464, 355, 2, 0, 0.0, 2.0
935, 49, 526, 138, 524, 139, 2, -1, -0.4636476090008061, 2.23606797749979
935, 50, 352, 126, 351, 127, 1, -1, -0.7853981633974483, 1.4142135623730951
935, 51, 299, 354, 298, 355, 1, -1, -0.7853981633974483, 1.4142135623730951
935, 52, 505, 362, 503, 362, 2, 0, 0.0, 2.0
935, 54, 337, 102, 336, 103, 1, -1, -0.7853981633974483, 1.4142135623730951
935, 56, 318, 129, 317, 130, 1, -1, -0.7853981633974483, 1.4142135623730951
935, 57, 262, 401, 261, 402, 1, -1, -0.7853981633974483, 1.4142135623730951
935, 60, 581, 402, 580, 403, 1, -1, -0.7853981633974483, 1.4142135623730951
935, 68, 561, 142, 560, 143, 1, -1, -0.7853981633974483, 1.4142135623730951
935, 70, 544, 71, 542, 72, 2, -1, -0.4636476090008061, 2.23606797749979
935, 71, 447, 72, 446, 73, 1, -1, -0.7853981633974483, 1.4142135623730951
935, 72, 409, 131, 407, 131, 2, 0, 0.0, 2.0
935, 73, 85, 394, 82, 395, 3, -1, -0.3217505543966422, 3.1622776601683795
936, 0, 228, 150, 227, 151, 1, -1, -0.7853981633974483, 1.4142135623730951
936, 1, 609, 112, 606, 113, 3, -1, -0.3217505543966422, 3.1622776601683795
936, 3, 512, 128, 510, 128, 2, 0, 0.0, 2.0
936, 7, 336, 69, 335, 70, 1, -1, -0.7853981633974483, 1.4142135623730951
936, 14, 336, 404, 335, 405, 1, -1, -0.7853981633974483, 1.4142135623730951
936, 17, 191, 137, 190, 138, 1, -1, -0.7853981633974483, 1.4142135623730951
936, 19, 331, 78, 330, 79, 1, -1, -0.7853981633974483, 1.4142135623730951
936, 20, 471, 125, 469, 125, 2, 0, 0.0, 2.0
936, 21, 80, 338, 79, 339, 1, -1, -0.7853981633974483, 1.4142135623730951
936, 22, 541, 137, 539, 137, 2, 0, 0.0, 2.0
936, 24, 555, 402, 553, 403, 2, -1, -0.4636476090008061, 2.23606797749979
936, 25, 186, 183, 184, 184, 2, -1, -0.4636476090008061, 2.23606797749979
936, 29, 574, 139, 573, 140, 1, -1, -0.7853981633974483, 1.4142135623730951
936, 30, 383, 73, 382, 74, 1, -1, -0.7853981633974483, 1.4142135623730951
936, 32, 406, 402, 404, 403, 2, -1, -0.4636476090008061, 2.23606797749979
936, 34, 498, 132, 496, 132, 2, 0, 0.0, 2.0
936, 37, 109, 144, 108, 145, 1, -1, -0.7853981633974483, 1.4142135623730951
936, 39, 438, 123, 437, 124, 1, -1, -0.7853981633974483, 1.4142135623730951
936, 42, 445, 402, 444, 403, 1, -1, -0.7853981633974483, 1.4142135623730951
936, 43, 617, 399, 615, 400, 2, -1, -0.4636476090008061, 2.23606797749979
936, 44, 468, 355, 466, 355, 2, 0, 0.0, 2.0
936, 45, 627, 118, 627, 120, 0, -2, -1.5707963267948966, 2.0
936, 46, 529, 137, 526, 138, 3, -1, -0.3217505543966422, 3.1622776601683795
936, 47, 354, 125, 352, 126, 2, -1, -0.4636476090008061, 2.23606797749979
936, 48, 300, 353, 299, 354, 1, -1, -0.7853981633974483, 1.4142135623730951
936, 49, 507, 361, 505, 362, 2, -1, -0.4636476090008061, 2.23606797749979
936, 51, 338, 101, 337, 102, 1, -1, -0.7853981633974483, 1.4142135623730951
936, 52, 635, 330, 635, 328, 0, 2, 1.5707963267948966, 2.0
936, 54, 263, 400, 262, 401, 1, -1, -0.7853981633974483, 1.4142135623730951
936, 57, 582, 401, 581, 402, 1, -1, -0.7853981633974483, 1.4142135623730951
936, 61, 237, 120, 237, 122, 0, -2, -1.5707963267948966, 2.0
936, 63, 192, 332, 191, 331, 1, 1, 0.7853981633974483, 1.4142135623730951
936, 64, 405, 101, 404, 102, 1, -1, -0.7853981633974483, 1.4142135623730951
936, 65, 563, 141, 561, 142, 2, -1, -0.4636476090008061, 2.23606797749979
936, 66, 546, 70, 544, 71, 2, -1, -0.4636476090008061, 2.23606797749979
936, 67, 448, 71, 447, 72, 1, -1, -0.7853981633974483, 1.4142135623730951
936, 68, 411, 131, 409, 131, 2, 0, 0.0, 2.0
937, 3, 514, 128, 512, 128, 2, 0, 0.0, 2.0
937, 4, 589, 367, 587, 368, 2, -1, -0.4636476090008061, 2.23606797749979
937, 7, 337, 68, 336, 69, 1, -1, -0.7853981633974483, 1.4142135623730951
937, 9, 520, 75, 518, 76, 2, -1, -0.4636476090008061, 2.23606797749979
937, 11, 281, 372, 280, 373, 1, -1, -0.7853981633974483, 1.4142135623730951
937, 13, 251, 166, 251, 168, 0, -2, -1.5707963267948966, 2.0
937, 14, 337, 403, 336, 404, 1, -1, -0.7853981633974483, 1.4142135623730951
937, 15, 355, 87, 354, 88, 1, -1, -0.7853981633974483, 1.4142135623730951
937, 16, 419, 74, 418, 75, 1, -1, -0.7853981633974483, 1.4142135623730951
937, 19, 332, 77, 331, 78, 1, -1, -0.7853981633974483, 1.4142135623730951
937, 20, 473, 125, 471, 125, 2, 0, 0.0, 2.0
937, 24, 556, 401, 555, 402, 1, -1, -0.7853981633974483, 1.4142135623730951
937, 25, 189, 182, 186, 183, 3, -1, -0.3217505543966422, 3.1622776601683795
937, 29, 576, 139, 574, 139, 2, 0, 0.0, 2.0
937, 32, 407, 401, 406, 402, 1, -1, -0.7853981633974483, 1.4142135623730951
937, 33, 346, 372, 345, 373, 1, -1, -0.7853981633974483, 1.4142135623730951
937, 34, 499, 133, 498, 132, 1, 1, 0.7853981633974483, 1.4142135623730951
937, 35, 127, 288, 126, 289, 1, -1, -0.7853981633974483, 1.4142135623730951
937, 37, 110, 143, 109, 144, 1, -1, -0.7853981633974483, 1.4142135623730951
937, 39, 440, 122, 438, 123, 2, -1, -0.4636476090008061, 2.23606797749979
937, 41, 537, 373, 536, 374, 1, -1, -0.7853981633974483, 1.4142135623730951
937, 42, 446, 401, 445, 402, 1, -1, -0.7853981633974483, 1.4142135623730951
937, 43, 618, 398, 617, 399, 1, -1, -0.7853981633974483, 1.4142135623730951
937, 45, 625, 117, 627, 118, -2, -1, -2.677945044588987, 2.23606797749979
937, 46, 532, 136, 529, 137, 3, -1, -0.3217505543966422, 3.1622776601683795
937, 47, 355, 124, 354, 125, 1, -1, -0.7853981633974483, 1.4142135623730951
937, 48, 301, 352, 300, 353, 1, -1, -0.7853981633974483, 1.4142135623730951
937, 49, 509, 360, 507, 361, 2, -1, -0.4636476090008061, 2.23606797749979
937, 51, 339, 100, 338, 101, 1, -1, -0.7853981633974483, 1.4142135623730951
937, 53, 320, 128, 318, 128, 2, 0, 0.0, 2.0
937, 55, 95, 370, 95, 372, 0, -2, -1.5707963267948966, 2.0
937, 56, 149, 154, 150, 156, -1, -2, -2.0344439357957027, 2.23606797749979
937, 57, 584, 400, 582, 401, 2, -1, -0.4636476090008061, 2.23606797749979
937, 65, 566, 140, 563, 141, 3, -1, -0.3217505543966422, 3.1622776601683795
937, 66, 548, 69, 546, 70, 2, -1, -0.4636476090008061, 2.23606797749979
937, 67, 450, 70, 448, 71, 2, -1, -0.4636476090008061, 2.23606797749979
937, 68, 413, 131, 411, 131, 2, 0, 0.0, 2.0
938, 0, 229, 148, 228, 149, 1, -1, -0.7853981633974483, 1.4142135623730951
938, 4, 590, 366, 589, 367, 1, -1, -0.7853981633974483, 1.4142135623730951
938, 6, 283, 93, 282, 94, 1, -1, -0.7853981633974483, 1.4142135623730951
938, 7, 338, 67, 337, 68, 1, -1, -0.7853981633974483, 1.4142135623730951
938, 9, 522, 75, 520, 75, 2, 0, 0.0, 2.0
938, 11, 282, 371, 281, 372, 1, -1, -0.7853981633974483, 1.4142135623730951
938, 14, 339, 402, 337, 403, 2, -1, -0.4636476090008061, 2.23606797749979
938, 20, 475, 124, 473, 125, 2, -1, -0.4636476090008061, 2.23606797749979
938, 24, 558, 400, 556, 401, 2, -1, -0.4636476090008061, 2.23606797749979
938, 25, 190, 181, 189, 182, 1, -1, -0.7853981633974483, 1.4142135623730951
938, 29, 578, 139, 576, 139, 2, 0, 0.0, 2.0
938, 30, 385, 72, 384, 73, 1, -1, -0.7853981633974483, 1.4142135623730951
938, 31, 611, 336, 609, 336, 2, 0, 0.0, 2.0
938, 32, 409, 400, 407, 401, 2, -1, -0.4636476090008061, 2.23606797749979
938, 37, 111, 142, 110, 143, 1, -1, -0.7853981633974483, 1.4142135623730951
938, 39, 442, 122, 440, 122, 2, 0, 0.0, 2.0
938, 40, 114, 319, 113, 320, 1, -1, -0.7853981633974483, 1.4142135623730951
938, 42, 447, 400, 446, 401, 1, -1, -0.7853981633974483, 1.4142135623730951
938, 43, 619, 397, 618, 398, 1, -1, -0.7853981633974483, 1.4142135623730951
938, 44, 471, 355, 469, 355, 2, 0, 0.0, 2.0
938, 45, 622, 116, 625, 117, -3, -1, -2.819842099193151, 3.1622776601683795
938, 46, 534, 137, 532, 136, 2, 1, 0.4636476090008061, 2.23606797749979
938, 47, 357, 123, 355, 124, 2, -1, -0.4636476090008061, 2.23606797749979
938, 48, 302, 351, 301, 352, 1, -1, -0.7853981633974483, 1.4142135623730951
938, 49, 511, 359, 509, 360, 2, -1, -0.4636476090008061, 2.23606797749979
938, 51, 340, 99, 339, 100, 1, -1, -0.7853981633974483, 1.4142135623730951
938, 57, 586, 399, 584, 400, 2, -1, -0.4636476090008061, 2.23606797749979
938, 65, 568, 140, 566, 140, 2, 0, 0.0, 2.0
938, 66, 549, 68, 548, 69, 1, -1, -0.7853981633974483, 1.4142135623730951
938, 69, 89, 394, 87, 394, 2, 0, 0.0, 2.0
939, 3, 517, 128, 515, 128, 2, 0, 0.0, 2.0
939, 4, 592, 365, 590, 366, 2, -1, -0.4636476090008061, 2.23606797749979
939, 9, 524, 75, 522, 75, 2, 0, 0.0, 2.0
939, 11, 283, 370, 282, 371, 1, -1, -0.7853981633974483, 1.4142135623730951
939, 14, 340, 401, 339, 402, 1, -1, -0.7853981633974483, 1.4142135623730951
939, 15, 357, 86, 356, 87, 1, -1, -0.7853981633974483, 1.4142135623730951
939, 18, 252, 377, 251, 378, 1, -1, -0.7853981633974483, 1.4142135623730951
939, 21, 81, 334, 80, 336, 1, -2, -1.1071487177940904, 2.23606797749979
939, 22, 545, 137, 543, 137, 2, 0, 0.0, 2.0
939, 24, 560, 400, 558, 400, 2, 0, 0.0, 2.0
939, 25, 191, 180, 190, 181, 1, -1, -0.7853981633974483, 1.4142135623730951
939, 28, 579, 138, 578, 139, 1, -1, -0.7853981633974483, 1.4142135623730951
939, 30, 613, 335, 611, 336, 2, -1, -0.4636476090008061, 2.23606797749979
939, 38, 444, 121, 442, 122, 2, -1, -0.4636476090008061, 2.23606797749979
939, 40, 540, 373, 538, 373, 2, 0, 0.0, 2.0
939, 41, 448, 399, 447, 400, 1, -1, -0.7853981633974483, 1.4142135623730951
939, 43, 472, 354, 471, 355, 1, -1, -0.7853981633974483, 1.4142135623730951
939, 44, 536, 137, 534, 137, 2, 0, 0.0, 2.0
939, 45, 359, 122, 357, 123, 2, -1, -0.4636476090008061, 2.23606797749979
939, 46, 303, 350, 302, 351, 1, -1, -0.7853981633974483, 1.4142135623730951
939, 47, 512, 358, 511, 359, 1, -1, -0.7853981633974483, 1.4142135623730951
939, 51, 322, 127, 321, 128, 1, -1, -0.7853981633974483, 1.4142135623730951
939, 52, 265, 398, 264, 399, 1, -1, -0.7853981633974483, 1.4142135623730951
939, 53, 95, 367, 95, 369, 0, -2, -1.5707963267948966, 2.0
939, 55, 588, 398, 586, 399, 2, -1, -0.4636476090008061, 2.23606797749979
939, 61, 191, 333, 192, 332, -1, 1, 2.356194490192345, 1.4142135623730951
939, 63, 570, 141, 568, 140, 2, 1, 0.4636476090008061, 2.23606797749979
939, 64, 550, 67, 549, 68, 1, -1, -0.7853981633974483, 1.4142135623730951
940, 0, 230, 149, 229, 151, 1, -2, -1.1071487177940904, 2.23606797749979
940, 4, 612, 112, 610, 113, 2, -1, -0.4636476090008061, 2.23606797749979
940, 5, 592, 368, 589, 369, 3, -1, -0.3217505543966422, 3.1622776601683795
940, 6, 339, 69, 338, 70, 1, -1, -0.7853981633974483, 1.4142135623730951
940, 7, 283, 372, 282, 373, 1, -1, -0.7853981633974483, 1.4142135623730951
940, 9, 284, 94, 283, 95, 1, -1, -0.7853981633974483, 1.4142135623730951
940, 11, 523, 78, 521, 78, 2, 0, 0.0, 2.0
940, 12, 354, 375, 353, 376, 1, -1, -0.7853981633974483, 1.4142135623730951
940, 14, 339, 405, 338, 406, 1, -1, -0.7853981633974483, 1.4142135623730951
940, 15, 546, 136, 543, 137, 3, -1, -0.3217505543966422, 3.1622776601683795
940, 16, 342, 101, 341, 102, 1, -1, -0.7853981633974483, 1.4142135623730951
940, 18, 471, 355, 469, 355, 2, 0, 0.0, 2.0
940, 19, 474, 126, 472, 126, 2, 0, 0.0, 2.0
940, 20, 82, 338, 81, 339, 1, -1, -0.7853981633974483, 1.4142135623730951
940, 21, 579, 139, 577, 140, 2, -1, -0.4636476090008061, 2.23606797749979
940, 22, 614, 333, 612, 334, 2, -1, -0.4636476090008061, 2.23606797749979
940, 26, 587, 402, 585, 402, 2, 0, 0.0, 2.0
940, 28, 557, 403, 556, 404, 1, -1, -0.7853981633974483, 1.4142135623730951
940, 34, 267, 119, 266, 120, 1, -1, -0.7853981633974483, 1.4142135623730951
940, 38, 410, 403, 408, 404, 2, -1, -0.4636476090008061, 2.23606797749979
940, 39, 510, 361, 508, 362, 2, -1, -0.4636476090008061, 2.23606797749979
940, 41, 152, 155, 151, 156, 1, -1, -0.7853981633974483, 1.4142135623730951
940, 42, 609, 341, 607, 343, 2, -2, -0.7853981633974483, 2.8284271247461903
940, 43, 443, 123, 441, 124, 2, -1, -0.4636476090008061, 2.23606797749979
940, 49, 123, 405, 122, 406, 1, -1, -0.7853981633974483, 1.4142135623730951
940, 51, 408, 132, 406, 132, 2, 0, 0.0, 2.0
940, 52, 357, 126, 356, 127, 1, -1, -0.7853981633974483, 1.4142135623730951
940, 53, 436, 353, 434, 354, 2, -1, -0.4636476090008061, 2.23606797749979
940, 56, 130, 291, 129, 292, 1, -1, -0.7853981633974483, 1.4142135623730951
940, 59, 402, 397, 401, 398, 1, -1, -0.7853981633974483, 1.4142135623730951
940, 60, 353, 87, 352, 88, 1, -1, -0.7853981633974483, 1.4142135623730951
940, 63, 116, 320, 115, 321, 1, -1, -0.7853981633974483, 1.4142135623730951
941, 1, 515, 128, 513, 129, 2, -1, -0.4636476090008061, 2.23606797749979
941, 3, 162, 333, 161, 334, 1, -1, -0.7853981633974483, 1.4142135623730951
941, 4, 616, 111, 612, 112, 4, -1, -0.24497866312686414, 4.123105625617661
941, 5, 594, 368, 592, 368, 2, 0, 0.0, 2.0
941, 7, 284, 371, 283, 372, 1, -1, -0.7853981633974483, 1.4142135623730951
941, 9, 285, 93, 284, 94, 1, -1, -0.7853981633974483, 1.4142135623730951
941, 16, 343, 100, 342, 101, 1, -1, -0.7853981633974483, 1.4142135623730951
941, 18, 472, 354, 471, 355, 1, -1, -0.7853981633974483, 1.4142135623730951
941, 20, 83, 337, 82, 338, 1, -1, -0.7853981633974483, 1.4142135623730951
941, 21, 581, 139, 579, 139, 2, 0, 0.0, 2.0
941, 22, 616, 333, 614, 333, 2, 0, 0.0, 2.0
941, 24, 424, 75, 423, 76, 1, -1, -0.7853981633974483, 1.4142135623730951
941, 25, 328, 78, 327, 79, 1, -1, -0.7853981633974483, 1.4142135623730951
941, 26, 589, 401, 587, 402, 2, -1, -0.4636476090008061, 2.23606797749979
941, 27, 558, 402, 557, 403, 1, -1, -0.7853981633974483, 1.4142135623730951
941, 35, 182, 182, 181, 184, 1, -2, -1.1071487177940904, 2.23606797749979
941, 38, 511, 360, 510, 361, 1, -1, -0.7853981633974483, 1.4142135623730951
941, 39, 266, 400, 265, 401, 1, -1, -0.7853981633974483, 1.4142135623730951
941, 41, 611, 340, 609, 341, 2, -1, -0.4636476090008061, 2.23606797749979
941, 42, 445, 122, 443, 123, 2, -1, -0.4636476090008061, 2.23606797749979
941, 45, 151, 83, 150, 84, 1, -1, -0.7853981633974483, 1.4142135623730951
941, 50, 410, 132, 408, 132, 2, 0, 0.0, 2.0
941, 51, 358, 125, 357, 126, 1, -1, -0.7853981633974483, 1.4142135623730951
941, 52, 438, 352, 436, 353, 2, -1, -0.4636476090008061, 2.23606797749979
941, 53, 620, 400, 619, 401, 1, -1, -0.7853981633974483, 1.4142135623730951
941, 58, 403, 396, 402, 397, 1, -1, -0.7853981633974483, 1.4142135623730951
941, 60, 560, 103, 559, 104, 1, -1, -0.7853981633974483, 1.4142135623730951
941, 63, 387, 73, 385, 74, 2, -1, -0.4636476090008061, 2.23606797749979
942, 0, 231, 146, 230, 148, 1, -2, -1.1071487177940904, 2.23606797749979
942, 1, 517, 127, 515, 128, 2, -1, -0.4636476090008061, 2.23606797749979
942, 4, 619, 110, 616, 111, 3, -1, -0.3217505543966422, 3.1622776601683795
942, 5, 596, 366, 594, 368, 2, -2, -0.7853981633974483, 2.8284271247461903
942, 7, 285, 370, 284, 371, 1, -1, -0.7853981633974483, 1.4142135623730951
942, 9, 286, 92, 285, 93, 1, -1, -0.7853981633974483, 1.4142135623730951
942, 11, 526, 77, 524, 78, 2, -1, -0.4636476090008061, 2.23606797749979
942, 14, 342, 404, 340, 405, 2, -1, -0.4636476090008061, 2.23606797749979
942, 15, 548, 135, 547, 136, 1, -1, -0.7853981633974483, 1.4142135623730951
942, 16, 344, 99, 343, 100, 1, -1, -0.7853981633974483, 1.4142135623730951
942, 20, 84, 335, 83, 337, 1, -2, -1.1071487177940904, 2.23606797749979
942, 21, 583, 138, 581, 139, 2, -1, -0.4636476090008061, 2.23606797749979
942, 23, 411, 104, 410, 105, 1, -1, -0.7853981633974483, 1.4142135623730951
942, 25, 330, 76, 328, 78, 2, -2, -0.7853981633974483, 2.8284271247461903
942, 26, 590, 400, 589, 401, 1, -1, -0.7853981633974483, 1.4142135623730951
942, 33, 268, 116, 267, 118, 1, -2, -1.1071487177940904, 2.23606797749979
942, 35, 183, 181, 182, 182, 1, -1, -0.7853981633974483, 1.4142135623730951
942, 38, 513, 359, 511, 360, 2, -1, -0.4636476090008061, 2.23606797749979
942, 39, 267, 399, 266, 400, 1, -1, -0.7853981633974483, 1.4142135623730951
942, 41, 613, 340, 611, 340, 2, 0, 0.0, 2.0
942, 42, 447, 121, 445, 122, 2, -1, -0.4636476090008061, 2.23606797749979
942, 50, 412, 132, 410, 132, 2, 0, 0.0, 2.0
942, 52, 439, 351, 438, 352, 1, -1, -0.7853981633974483, 1.4142135623730951
942, 53, 622, 399, 620, 400, 2, -1, -0.4636476090008061, 2.23606797749979
942, 55, 132, 290, 131, 291, 1, -1, -0.7853981633974483, 1.4142135623730951
942, 58, 404, 395, 403, 396, 1, -1, -0.7853981633974483, 1.4142135623730951
942, 59, 355, 85, 353, 86, 2, -1, -0.4636476090008061, 2.23606797749979
942, 63, 389, 72, 387, 73, 2, -1, -0.4636476090008061, 2.23606797749979
943, 1, 520, 126, 517, 127, 3, -1, -0.3217505543966422, 3.1622776601683795
943, 4, 622, 110, 619, 110, 3, 0, 0.0, 3.0
943, 5, 597, 365, 596, 366, 1, -1, -0.7853981633974483, 1.4142135623730951
943, 7, 286, 369, 285, 370, 1, -1, -0.7853981633974483, 1.4142135623730951
943, 9, 287, 91, 286, 92, 1, -1, -0.7853981633974483, 1.4142135623730951
943, 11, 528, 76, 526, 77, 2, -1, -0.4636476090008061, 2.23606797749979
943, 14, 343, 403, 342, 404, 1, -1, -0.7853981633974483, 1.4142135623730951
943, 15, 550, 135, 548, 135, 2, 0, 0.0, 2.0
943, 17, 198, 408, 199, 407, -1, 1, 2.356194490192345, 1.4142135623730951
943, 19, 478, 125, 476, 126, 2, -1, -0.4636476090008061, 2.23606797749979
943, 21, 585, 138, 583, 138, 2, 0, 0.0, 2.0
943, 26, 591, 399, 590, 400, 1, -1, -0.7853981633974483, 1.4142135623730951
943, 27, 560, 401, 559, 402, 1, -1, -0.7853981633974483, 1.4142135623730951
943, 32, 193, 134, 192, 135, 1, -1, -0.7853981633974483, 1.4142135623730951
943, 33, 269, 115, 268, 116, 1, -1, -0.7853981633974483, 1.4142135623730951
943, 38, 516, 359, 513, 359, 3, 0, 0.0, 3.0
943, 41, 615, 339, 613, 340, 2, -1, -0.4636476090008061, 2.23606797749979
943, 42, 448, 120, 447, 121, 1, -1, -0.7853981633974483, 1.4142135623730951
943, 50, 414, 132, 412, 132, 2, 0, 0.0, 2.0
943, 51, 360, 124, 359, 125, 1, -1, -0.7853981633974483, 1.4142135623730951
943, 53, 624, 398, 622, 399, 2, -1, -0.4636476090008061, 2.23606797749979
943, 59, 356, 84, 355, 85, 1, -1, -0.7853981633974483, 1.4142135623730951
943, 60, 563, 103, 561, 103, 2, 0, 0.0, 2.0
943, 61, 366, 80, 365, 81, 1, -1, -0.7853981633974483, 1.4142135623730951
943, 63, 390, 71, 389, 72, 1, -1, -0.7853981633974483, 1.4142135623730951
944, 0, 232, 144, 231, 145, 1, -1, -0.7853981633974483, 1.4142135623730951
944, 1, 521, 125, 520, 126, 1, -1, -0.7853981633974483, 1.4142135623730951
944, 4, 624, 109, 622, 110, 2, -1, -0.4636476090008061, 2.23606797749979
944, 5, 600, 364, 597, 365, 3, -1, -0.3217505543966422, 3.1622776601683795
944, 7, 287, 368, 286, 369, 1, -1, -0.7853981633974483, 1.4142135623730951
944, 10, 82, 137, 81, 138, 1, -1, -0.7853981633974483, 1.4142135623730951
944, 11, 530, 75, 528, 76, 2, -1, -0.4636476090008061, 2.23606797749979
944, 15, 552, 135, 550, 135, 2, 0, 0.0, 2.0
944, 18, 476, 354, 474, 354, 2, 0, 0.0, 2.0
944, 19, 480, 125, 478, 125, 2, 0, 0.0, 2.0
944, 21, 587, 138, 585, 138, 2, 0, 0.0, 2.0
944, 27, 561, 400, 560, 401, 1, -1, -0.7853981633974483, 1.4142135623730951
944, 37, 414, 402, 413, 403, 1, -1, -0.7853981633974483, 1.4142135623730951
944, 38, 518, 358, 516, 359, 2, -1, -0.4636476090008061, 2.23606797749979
944, 41, 617, 338, 615, 339, 2, -1, -0.4636476090008061, 2.23606797749979
944, 42, 450, 119, 448, 120, 2, -1, -0.4636476090008061, 2.23606797749979
944, 51, 362, 124, 360, 124, 2, 0, 0.0, 2.0
944, 52, 441, 350, 440, 351, 1, -1, -0.7853981633974483, 1.4142135623730951
944, 54, 454, 403, 452, 404, 2, -1, -0.4636476090008061, 2.23606797749979
944, 55, 133, 289, 132, 290, 1, -1, -0.7853981633974483, 1.4142135623730951
944, 56, 112, 142, 111, 143, 1, -1, -0.7853981633974483, 1.4142135623730951
944, 57, 304, 78, 303, 79, 1, -1, -0.7853981633974483, 1.4142135623730951
944, 58, 407, 394, 405, 395, 2, -1, -0.4636476090008061, 2.23606797749979
944, 60, 564, 102, 563, 103, 1, -1, -0.7853981633974483, 1.4142135623730951
944, 61, 367, 79, 366, 80, 1, -1, -0.7853981633974483, 1.4142135623730951
944, 63, 391, 70, 390, 71, 1, -1, -0.7853981633974483, 1.4142135623730951
945, 3, 618, 112, 616, 113, 2, -1, -0.4636476090008061, 2.23606797749979
945, 5, 288, 371, 287, 372, 1, -1, -0.7853981633974483, 1.4142135623730951
945, 7, 301, 69, 300, 70, 1, -1, -0.7853981633974483, 1.4142135623730951
945, 9, 597, 367, 595, 368, 2, -1, -0.4636476090008061, 2.23606797749979
945, 12, 526, 77, 524, 78, 2, -1, -0.4636476090008061, 2.23606797749979
945, 13, 347, 101, 346, 102, 1, -1, -0.7853981633974483, 1.4142135623730951
945, 16, 551, 137, 549, 137, 2, 0, 0.0, 2.0
945, 18, 476, 354, 474, 355, 2, -1, -0.4636476090008061, 2.23606797749979
945, 21, 480, 125, 478, 126, 2, -1, -0.4636476090008061, 2.23606797749979
945, 23, 303, 78, 302, 79, 1, -1, -0.7853981633974483, 1.4142135623730951
945, 26, 413, 403, 412, 404, 1, -1, -0.7853981633974483, 1.4142135623730951
945, 33, 125, 405, 124, 406, 1, -1, -0.7853981633974483, 1.4142135623730951
945, 34, 447, 122, 446, 123, 1, -1, -0.7853981633974483, 1.4142135623730951
945, 36, 427, 77, 425, 77, 2, 0, 0.0, 2.0
945, 37, 413, 132, 412, 133, 1, -1, -0.7853981633974483, 1.4142135623730951
945, 38, 584, 139, 583, 140, 1, -1, -0.7853981633974483, 1.4142135623730951
945, 40, 548, 373, 546, 375, 2, -2, -0.7853981633974483, 2.8284271247461903
945, 41, 413, 100, 412, 101, 1, -1, -0.7853981633974483, 1.4142135623730951
945, 42, 562, 402, 561, 403, 1, -1, -0.7853981633974483, 1.4142135623730951
945, 43, 353, 374, 352, 375, 1, -1, -0.7853981633974483, 1.4142135623730951
945, 44, 357, 86, 356, 87, 1, -1, -0.7853981633974483, 1.4142135623730951
945, 48, 610, 392, 608, 393, 2, -1, -0.4636476090008061, 2.23606797749979
945, 49, 625, 400, 623, 400, 2, 0, 0.0, 2.0
945, 50, 408, 397, 406, 398, 2, -1, -0.4636476090008061, 2.23606797749979
945, 53, 422, 87, 419, 87, 3, 0, 0.0, 3.0
945, 58, 334, 75, 332, 75, 2, 0, 0.0, 2.0
945, 59, 466, 347, 465, 348, 1, -1, -0.7853981633974483, 1.4142135623730951
945, 62, 258, 73, 257, 74, 1, -1, -0.7853981633974483, 1.4142135623730951
945, 63, 299, 86, 296, 85, 3, 1, 0.3217505543966422, 3.1622776601683795
945, 66, 441, 353, 440, 354, 1, -1, -0.7853981633974483, 1.4142135623730951
946, 3, 619, 111, 618, 112, 1, -1, -0.7853981633974483, 1.4142135623730951
946, 5, 289, 370, 288, 371, 1, -1, -0.7853981633974483, 1.4142135623730951
946, 7, 302, 68, 301, 69, 1, -1, -0.7853981633974483, 1.4142135623730951
946, 9, 599, 366, 597, 367, 2, -1, -0.4636476090008061, 2.23606797749979
946, 11, 288, 95, 287, 96, 1, -1, -0.7853981633974483, 1.4142135623730951
946, 12, 528, 76, 526, 77, 2, -1, -0.4636476090008061, 2.23606797749979
946, 18, 478, 353, 476, 354, 2, -1, -0.4636476090008061, 2.23606797749979
946, 20, 257, 380, 255, 380, 2, 0, 0.0, 2.0
946, 21, 482, 125, 480, 125, 2, 0, 0.0, 2.0
946, 23, 304, 77, 303, 78, 1, -1, -0.7853981633974483, 1.4142135623730951
946, 26, 414, 402, 413, 403, 1, -1, -0.7853981633974483, 1.4142135623730951
946, 29, 456, 73, 455, 74, 1, -1, -0.7853981633974483, 1.4142135623730951
946, 32, 345, 403, 344, 404, 1, -1, -0.7853981633974483, 1.4142135623730951
946, 36, 429, 76, 427, 77, 2, -1, -0.4636476090008061, 2.23606797749979
946, 37, 414, 131, 413, 132, 1, -1, -0.7853981633974483, 1.4142135623730951
946, 38, 586, 139, 584, 139, 2, 0, 0.0, 2.0
946, 39, 395, 74, 394, 75, 1, -1, -0.7853981633974483, 1.4142135623730951
946, 40, 549, 372, 548, 373, 1, -1, -0.7853981633974483, 1.4142135623730951
946, 41, 414, 99, 413, 100, 1, -1, -0.7853981633974483, 1.4142135623730951
946, 42, 563, 401, 562, 402, 1, -1, -0.7853981633974483, 1.4142135623730951
946, 48, 612, 391, 610, 392, 2, -1, -0.4636476090008061, 2.23606797749979
946, 50, 410, 396, 408, 397, 2, -1, -0.4636476090008061, 2.23606797749979
946, 51, 131, 157, 130, 158, 1, -1, -0.7853981633974483, 1.4142135623730951
946, 53, 425, 87, 422, 87, 3, 0, 0.0, 3.0
946, 54, 367, 80, 366, 81, 1, -1, -0.7853981633974483, 1.4142135623730951
946, 60, 133, 289, 132, 290, 1, -1, -0.7853981633974483, 1.4142135623730951
946, 63, 303, 87, 299, 86, 4, 1, 0.24497866312686414, 4.123105625617661
946, 66, 443, 352, 441, 353, 2, -1, -0.4636476090008061, 2.23606797749979
947, 3, 522, 128, 521, 129, 1, -1, -0.7853981633974483, 1.4142135623730951
947, 4, 290, 369, 289, 370, 1, -1, -0.7853981633974483, 1.4142135623730951
947, 6, 304, 67, 302, 68, 2, -1, -0.4636476090008061, 2.23606797749979
947, 8, 601, 365, 599, 366, 2, -1, -0.4636476090008061, 2.23606797749979
947, 15, 554, 137, 552, 137, 2, 0, 0.0, 2.0
947, 17, 480, 352, 478, 353, 2, -1, -0.4636476090008061, 2.23606797749979
947, 20, 484, 125, 482, 125, 2, 0, 0.0, 2.0
947, 22, 306, 76, 304, 77, 2, -1, -0.4636476090008061, 2.23606797749979
947, 28, 457, 72, 456, 73, 1, -1, -0.7853981633974483, 1.4142135623730951
947, 31, 346, 402, 345, 403, 1, -1, -0.7853981633974483, 1.4142135623730951
947, 35, 431, 75, 429, 76, 2, -1, -0.4636476090008061, 2.23606797749979
947, 37, 588, 139, 586, 139, 2, 0, 0.0, 2.0
947, 38, 396, 73, 395, 74, 1, -1, -0.7853981633974483, 1.4142135623730951
947, 39, 551, 371, 549, 372, 2, -1, -0.4636476090008061, 2.23606797749979
947, 40, 415, 98, 414, 99, 1, -1, -0.7853981633974483, 1.4142135623730951
947, 41, 565, 400, 563, 401, 2, -1, -0.4636476090008061, 2.23606797749979
947, 43, 360, 86, 358, 86, 2, 0, 0.0, 2.0
947, 47, 614, 390, 612, 391, 2, -1, -0.4636476090008061, 2.23606797749979
947, 48, 628, 400, 626, 400, 2, 0, 0.0, 2.0
947, 49, 412, 396, 410, 396, 2, 0, 0.0, 2.0
947, 52, 428, 87, 425, 87, 3, 0, 0.0, 3.0
947, 58, 469, 346, 467, 347, 2, -1, -0.4636476090008061, 2.23606797749979
947, 61, 260, 72, 258, 73, 2, -1, -0.4636476090008061, 2.23606797749979
947, 62, 306, 87, 303, 87, 3, 0, 0.0, 3.0
947, 65, 445, 351, 443, 352, 2, -1, -0.4636476090008061, 2.23606797749979
948, 4, 292, 368, 290, 369, 2, -1, -0.4636476090008061, 2.23606797749979
948, 6, 305, 66, 304, 67, 1, -1, -0.7853981633974483, 1.4142135623730951
948, 8, 603, 365, 601, 365, 2, 0, 0.0, 2.0
948, 15, 555, 138, 554, 137, 1, 1, 0.7853981633974483, 1.4142135623730951
948, 17, 482, 351, 480, 352, 2, -1, -0.4636476090008061, 2.23606797749979
948, 19, 258, 378, 257, 379, 1, -1, -0.7853981633974483, 1.4142135623730951
948, 21, 89, 333, 88, 334, 1, -1, -0.7853981633974483, 1.4142135623730951
948, 22, 308, 76, 306, 76, 2, 0, 0.0, 2.0
948, 32, 125, 404, 124, 405, 1, -1, -0.7853981633974483, 1.4142135623730951
948, 35, 433, 74, 431, 75, 2, -1, -0.4636476090008061, 2.23606797749979
948, 36, 416, 130, 415, 131, 1, -1, -0.7853981633974483, 1.4142135623730951
948, 37, 590, 139, 588, 139, 2, 0, 0.0, 2.0
948, 38, 397, 72, 396, 73, 1, -1, -0.7853981633974483, 1.4142135623730951
948, 39, 553, 370, 551, 371, 2, -1, -0.4636476090008061, 2.23606797749979
948, 40, 416, 97, 415, 98, 1, -1, -0.7853981633974483, 1.4142135623730951
948, 41, 566, 399, 565, 400, 1, -1, -0.7853981633974483, 1.4142135623730951
948, 47, 616, 390, 614, 390, 2, 0, 0.0, 2.0
948, 49, 414, 396, 412, 396, 2, 0, 0.0, 2.0
948, 52, 430, 86, 428, 87, 2, -1, -0.4636476090008061, 2.23606797749979
948, 53, 369, 79, 368, 80, 1, -1, -0.7853981633974483, 1.4142135623730951
948, 58, 470, 345, 469, 346, 1, -1, -0.7853981633974483, 1.4142135623730951
948, 61, 263, 72, 260, 72, 3, 0, 0.0, 3.0
948, 62, 309, 87, 306, 87, 3, 0, 0.0, 3.0
948, 65, 446, 350, 445, 351, 1, -1, -0.7853981633974483, 1.4142135623730951
949, 1, 233, 144, 232, 145, 1, -1, -0.7853981633974483, 1.4142135623730951
949, 2, 623, 111, 621, 111, 2, 0, 0.0, 2.0
949, 3, 525, 128, 523, 128, 2, 0, 0.0, 2.0
949, 6, 306, 65, 305, 66, 1, -1, -0.7853981633974483, 1.4142135623730951
949, 8, 604, 364, 603, 365, 1, -1, -0.7853981633974483, 1.4142135623730951
949, 12, 351, 100, 350, 101, 1, -1, -0.7853981633974483, 1.4142135623730951
949, 15, 557, 138, 555, 138, 2, 0, 0.0, 2.0
949, 17, 484, 351, 482, 351, 2, 0, 0.0, 2.0
949, 20, 488, 124, 485, 125, 3, -1, -0.3217505543966422, 3.1622776601683795
949, 22, 309, 75, 308, 76, 1, -1, -0.7853981633974483, 1.4142135623730951
949, 25, 418, 402, 416, 402, 2, 0, 0.0, 2.0
949, 26, 596, 403, 595, 404, 1, -1, -0.7853981633974483, 1.4142135623730951
949, 28, 460, 72, 458, 72, 2, 0, 0.0, 2.0
949, 31, 348, 401, 347, 402, 1, -1, -0.7853981633974483, 1.4142135623730951
949, 33, 452, 121, 450, 122, 2, -1, -0.4636476090008061, 2.23606797749979
949, 35, 435, 73, 433, 74, 2, -1, -0.4636476090008061, 2.23606797749979
949, 36, 417, 129, 416, 130, 1, -1, -0.7853981633974483, 1.4142135623730951
949, 38, 399, 72, 397, 72, 2, 0, 0.0, 2.0
949, 39, 556, 369, 553, 370, 3, -1, -0.3217505543966422, 3.1622776601683795
949, 40, 418, 96, 416, 97, 2, -1, -0.4636476090008061, 2.23606797749979
949, 41, 568, 398, 566, 399, 2, -1, -0.4636476090008061, 2.23606797749979
949, 47, 618, 390, 616, 390, 2, 0, 0.0, 2.0
949, 48, 631, 399, 629, 400, 2, -1, -0.4636476090008061, 2.23606797749979
949, 51, 431, 85, 430, 86, 1, -1, -0.7853981633974483, 1.4142135623730951
949, 55, 78, 403, 77, 404, 1, -1, -0.7853981633974483, 1.4142135623730951
949, 56, 338, 74, 336, 75, 2, -1, -0.4636476090008061, 2.23606797749979
949, 57, 471, 344, 470, 345, 1, -1, -0.7853981633974483, 1.4142135623730951
949, 61, 312, 86, 309, 87, 3, -1, -0.3217505543966422, 3.1622776601683795
950, 3, 622, 113, 620, 113, 2, 0, 0.0, 2.0
950, 4, 526, 129, 524, 129, 2, 0, 0.0, 2.0
950, 5, 292, 370, 291, 371, 1, -1, -0.7853981633974483, 1.4142135623730951
950, 6, 603, 366, 601, 367, 2, -1, -0.4636476090008061, 2.23606797749979
950, 8, 306, 68, 305, 69, 1, -1, -0.7853981633974483, 1.4142135623730951
950, 14, 556, 141, 554, 140, 2, 1, 0.4636476090008061, 2.23606797749979
950, 16, 486, 126, 484, 126, 2, 0, 0.0, 2.0
950, 17, 625, 330, 621, 330, 4, 0, 0.0, 4.0
950, 21, 459, 72, 458, 73, 1, -1, -0.7853981633974483, 1.4142135623730951
950, 22, 451, 395, 450, 396, 1, -1, -0.7853981633974483, 1.4142135623730951
950, 27, 431, 74, 430, 75, 1, -1, -0.7853981633974483, 1.4142135623730951
950, 28, 453, 123, 451, 124, 2, -1, -0.4636476090008061, 2.23606797749979
950, 33, 285, 118, 283, 118, 2, 0, 0.0, 2.0
950, 34, 630, 400, 628, 401, 2, -1, -0.4636476090008061, 2.23606797749979
950, 39, 574, 144, 573, 145, 1, -1, -0.7853981633974483, 1.4142135623730951
950, 44, 201, 117, 200, 118, 1, -1, -0.7853981633974483, 1.4142135623730951
950, 45, 480, 352, 479, 354, 1, -2, -1.1071487177940904, 2.23606797749979
950, 48, 308, 77, 307, 78, 1, -1, -0.7853981633974483, 1.4142135623730951
950, 62, 330, 128, 329, 129, 1, -1, -0.7853981633974483, 1.4142135623730951
950, 64, 447, 352, 445, 353, 2, -1, -0.4636476090008061, 2.23606797749979
950, 65, 268, 76, 267, 77, 1, -1, -0.7853981633974483, 1.4142135623730951
951, 3, 624, 113, 622, 113, 2, 0, 0.0, 2.0
951, 4, 529, 129, 526, 129, 3, 0, 0.0, 3.0
951, 5, 293, 369, 292, 370, 1, -1, -0.7853981633974483, 1.4142135623730951
951, 6, 605, 367, 603, 366, 2, 1, 0.4636476090008061, 2.23606797749979
951, 8, 307, 65, 306, 68, 1, -3, -1.2490457723982544, 3.1622776601683795
951, 14, 559, 138, 556, 141, 3, -3, -0.7853981633974483, 4.242640687119285
951, 16, 488, 126, 486, 126, 2, 0, 0.0, 2.0
951, 18, 260, 379, 259, 380, 1, -1, -0.7853981633974483, 1.4142135623730951
951, 19, 188, 182, 187, 183, 1, -1, -0.7853981633974483, 1.4142135623730951
951, 26, 421, 405, 419, 405, 2, 0, 0.0, 2.0
951, 27, 432, 72, 431, 74, 1, -2, -1.1071487177940904, 2.23606797749979
951, 32, 350, 403, 349, 404, 1, -1, -0.7853981633974483, 1.4142135623730951
951, 34, 632, 400, 630, 400, 2, 0, 0.0, 2.0
951, 35, 593, 139, 590, 141, 3, -2, -0.5880026035475675, 3.605551275463989
951, 37, 569, 403, 567, 403, 2, 0, 0.0, 2.0
951, 45, 481, 350, 480, 352, 1, -2, -1.1071487177940904, 2.23606797749979
951, 46, 106, 372, 105, 373, 1, -1, -0.7853981633974483, 1.4142135623730951
951, 47, 226, 340, 226, 342, 0, -2, -1.5707963267948966, 2.0
951, 48, 309, 75, 308, 77, 1, -2, -1.1071487177940904, 2.23606797749979
951, 50, 126, 409, 125, 410, 1, -1, -0.7853981633974483, 1.4142135623730951
951, 53, 155, 85, 154, 86, 1, -1, -0.7853981633974483, 1.4142135623730951
951, 54, 371, 81, 370, 82, 1, -1, -0.7853981633974483, 1.4142135623730951
951, 57, 558, 71, 557, 72, 1, -1, -0.7853981633974483, 1.4142135623730951
951, 58, 522, 360, 520, 360, 2, 0, 0.0, 2.0
951, 64, 448, 351, 447, 352, 1, -1, -0.7853981633974483, 1.4142135623730951
952, 2, 626, 113, 624, 113, 2, 0, 0.0, 2.0
952, 3, 531, 128, 529, 129, 2, -1, -0.4636476090008061, 2.23606797749979
952, 13, 561, 138, 559, 138, 2, 0, 0.0, 2.0
952, 14, 532, 78, 530, 78, 2, 0, 0.0, 2.0
952, 15, 490, 126, 488, 126, 2, 0, 0.0, 2.0
952, 21, 453, 394, 451, 394, 2, 0, 0.0, 2.0
952, 23, 353, 101, 352, 102, 1, -1, -0.7853981633974483, 1.4142135623730951
952, 25, 422, 404, 421, 405, 1, -1, -0.7853981633974483, 1.4142135623730951
952, 26, 434, 71, 432, 72, 2, -1, -0.4636476090008061, 2.23606797749979
952, 27, 456, 123, 454, 123, 2, 0, 0.0, 2.0
952, 33, 634, 400, 632, 400, 2, 0, 0.0, 2.0
952, 36, 571, 402, 569, 403, 2, -1, -0.4636476090008061, 2.23606797749979
952, 44, 482, 349, 481, 350, 1, -1, -0.7853981633974483, 1.4142135623730951
952, 54, 356, 373, 355, 374, 1, -1, -0.7853981633974483, 1.4142135623730951
952, 56, 559, 70, 558, 71, 1, -1, -0.7853981633974483, 1.4142135623730951
952, 57, 524, 360, 522, 360, 2, 0, 0.0, 2.0
952, 59, 397, 72, 395, 73, 2, -1, -0.4636476090008061, 2.23606797749979
952, 61, 332, 128, 330, 128, 2, 0, 0.0, 2.0
952, 62, 450, 350, 448, 351, 2, -1, -0.4636476090008061, 2.23606797749979
953, 2, 628, 113, 626, 113, 2, 0, 0.0, 2.0
953, 4, 295, 368, 294, 369, 1, -1, -0.7853981633974483, 1.4142135623730951
953, 5, 608, 367, 606, 367, 2, 0, 0.0, 2.0
953, 7, 310, 65, 308, 65, 2, 0, 0.0, 2.0
953, 8, 294, 92, 293, 93, 1, -1, -0.7853981633974483, 1.4142135623730951
953, 11, 347, 70, 346, 71, 1, -1, -0.7853981633974483, 1.4142135623730951
953, 13, 563, 138, 561, 138, 2, 0, 0.0, 2.0
953, 18, 189, 180, 188, 181, 1, -1, -0.7853981633974483, 1.4142135623730951
953, 21, 455, 394, 453, 394, 2, 0, 0.0, 2.0
953, 23, 354, 100, 353, 101, 1, -1, -0.7853981633974483, 1.4142135623730951
953, 26, 435, 70, 434, 71, 1, -1, -0.7853981633974483, 1.4142135623730951
953, 27, 458, 123, 456, 123, 2, 0, 0.0, 2.0
953, 29, 88, 332, 87, 333, 1, -1, -0.7853981633974483, 1.4142135623730951
953, 31, 352, 402, 351, 403, 1, -1, -0.7853981633974483, 1.4142135623730951
953, 33, 635, 399, 634, 400, 1, -1, -0.7853981633974483, 1.4142135623730951
953, 34, 596, 139, 594, 139, 2, 0, 0.0, 2.0
953, 36, 572, 401, 571, 402, 1, -1, -0.7853981633974483, 1.4142135623730951
953, 45, 107, 371, 106, 372, 1, -1, -0.7853981633974483, 1.4142135623730951
953, 49, 126, 408, 125, 409, 1, -1, -0.7853981633974483, 1.4142135623730951
953, 57, 526, 359, 524, 360, 2, -1, -0.4636476090008061, 2.23606797749979
953, 60, 333, 127, 332, 128, 1, -1, -0.7853981633974483, 1.4142135623730951
953, 61, 451, 349, 450, 350, 1, -1, -0.7853981633974483, 1.4142135623730951
954, 5, 610, 366, 608, 367, 2, -1, -0.4636476090008061, 2.23606797749979
954, 16, 628, 331, 626, 330, 2, 1, 0.4636476090008061, 2.23606797749979
954, 18, 190, 179, 189, 180, 1, -1, -0.7853981633974483, 1.4142135623730951
954, 21, 457, 394, 455, 394, 2, 0, 0.0, 2.0
954, 25, 424, 403, 423, 404, 1, -1, -0.7853981633974483, 1.4142135623730951
954, 26, 437, 69, 435, 70, 2, -1, -0.4636476090008061, 2.23606797749979
954, 36, 573, 400, 572, 401, 1, -1, -0.7853981633974483, 1.4142135623730951
954, 44, 484, 348, 483, 349, 1, -1, -0.7853981633974483, 1.4142135623730951
954, 57, 527, 358, 526, 359, 1, -1, -0.7853981633974483, 1.4142135623730951
954, 60, 334, 126, 333, 127, 1, -1, -0.7853981633974483, 1.4142135623730951
954, 62, 272, 75, 271, 76, 1, -1, -0.7853981633974483, 1.4142135623730951
954, 63, 318, 373, 320, 373, -2, 0, 3.141592653589793, 2.0
955, 0, 236, 146, 235, 147, 1, -1, -0.7853981633974483, 1.4142135623730951
955, 10, 354, 405, 351, 406, 3, -1, -0.3217505543966422, 3.1622776601683795
955, 12, 607, 367, 606, 368, 1, -1, -0.7853981633974483, 1.4142135623730951
955, 15, 355, 102, 354, 103, 1, -1, -0.7853981633974483, 1.4142135623730951
955, 19, 471, 345, 470, 346, 1, -1, -0.7853981633974483, 1.4142135623730951
955, 21, 191, 183, 190, 184, 1, -1, -0.7853981633974483, 1.4142135623730951
955, 22, 571, 402, 570, 403, 1, -1, -0.7853981633974483, 1.4142135623730951
955, 23, 534, 77, 533, 78, 1, -1, -0.7853981633974483, 1.4142135623730951
955, 27, 630, 333, 628, 334, 2, -1, -0.4636476090008061, 2.23606797749979
955, 30, 159, 83, 156, 84, 3, -1, -0.3217505543966422, 3.1622776601683795
955, 32, 350, 71, 349, 72, 1, -1, -0.7853981633974483, 1.4142135623730951
955, 34, 423, 404, 422, 405, 1, -1, -0.7853981633974483, 1.4142135623730951
955, 35, 120, 144, 117, 146, 3, -2, -0.5880026035475675, 3.605551275463989
955, 36, 432, 83, 431, 84, 1, -1, -0.7853981633974483, 1.4142135623730951
955, 38, 547, 141, 546, 142, 1, -1, -0.7853981633974483, 1.4142135623730951
955, 39, 458, 125, 456, 125, 2, 0, 0.0, 2.0
955, 40, 526, 360, 525, 361, 1, -1, -0.7853981633974483, 1.4142135623730951
955, 43, 601, 401, 599, 403, 2, -2, -0.7853981633974483, 2.8284271247461903
955, 44, 202, 136, 199, 138, 3, -2, -0.5880026035475675, 3.605551275463989
955, 53, 216, 178, 215, 181, 1, -3, -1.2490457723982544, 3.1622776601683795
955, 55, 466, 76, 465, 77, 1, -1, -0.7853981633974483, 1.4142135623730951
956, 2, 629, 113, 627, 114, 2, -1, -0.4636476090008061, 2.23606797749979
956, 5, 533, 130, 531, 130, 2, 0, 0.0, 2.0
956, 12, 609, 366, 607, 367, 2, -1, -0.4636476090008061, 2.23606797749979
956, 13, 493, 129, 492, 128, 1, 1, 0.7853981633974483, 1.4142135623730951
956, 14, 91, 334, 90, 335, 1, -1, -0.7853981633974483, 1.4142135623730951
956, 15, 356, 101, 355, 102, 1, -1, -0.7853981633974483, 1.4142135623730951
956, 19, 473, 344, 471, 345, 2, -1, -0.4636476090008061, 2.23606797749979
956, 22, 572, 401, 571, 402, 1, -1, -0.7853981633974483, 1.4142135623730951
956, 23, 536, 77, 534, 77, 2, 0, 0.0, 2.0
956, 27, 633, 332, 630, 333, 3, -1, -0.3217505543966422, 3.1622776601683795
956, 28, 134, 400, 133, 401, 1, -1, -0.7853981633974483, 1.4142135623730951
956, 32, 351, 70, 350, 71, 1, -1, -0.7853981633974483, 1.4142135623730951
956, 33, 564, 140, 562, 140, 2, 0, 0.0, 2.0
956, 38, 549, 140, 547, 141, 2, -1, -0.4636476090008061, 2.23606797749979
956, 48, 584, 143, 582, 144, 2, -1, -0.4636476090008061, 2.23606797749979
956, 54, 154, 315, 153, 316, 1, -1, -0.7853981633974483, 1.4142135623730951
956, 55, 467, 75, 466, 76, 1, -1, -0.7853981633974483, 1.4142135623730951
956, 58, 635, 399, 634, 400, 1, -1, -0.7853981633974483, 1.4142135623730951
957, 2, 631, 113, 629, 113, 2, 0, 0.0, 2.0
957, 3, 297, 94, 296, 95, 1, -1, -0.7853981633974483, 1.4142135623730951
957, 4, 298, 369, 297, 370, 1, -1, -0.7853981633974483, 1.4142135623730951
957, 5, 535, 129, 533, 130, 2, -1, -0.4636476090008061, 2.23606797749979
957, 12, 612, 366, 609, 366, 3, 0, 0.0, 3.0
957, 13, 495, 129, 493, 129, 2, 0, 0.0, 2.0
957, 19, 475, 343, 473, 344, 2, -1, -0.4636476090008061, 2.23606797749979
957, 23, 540, 76, 536, 77, 4, -1, -0.24497866312686414, 4.123105625617661
957, 27, 634, 331, 633, 332, 1, -1, -0.7853981633974483, 1.4142135623730951
957, 32, 353, 69, 351, 70, 2, -1, -0.4636476090008061, 2.23606797749979
957, 33, 566, 140, 564, 140, 2, 0, 0.0, 2.0
957, 34, 425, 403, 424, 404, 1, -1, -0.7853981633974483, 1.4142135623730951
957, 35, 122, 143, 121, 144, 1, -1, -0.7853981633974483, 1.4142135623730951
957, 38, 551, 139, 549, 140, 2, -1, -0.4636476090008061, 2.23606797749979
957, 40, 529, 359, 527, 360, 2, -1, -0.4636476090008061, 2.23606797749979
957, 45, 141, 291, 137, 291, 4, 0, 0.0, 4.0
957, 48, 585, 142, 584, 143, 1, -1, -0.7853981633974483, 1.4142135623730951
957, 51, 153, 404, 152, 405, 1, -1, -0.7853981633974483, 1.4142135623730951
957, 55, 469, 75, 467, 75, 2, 0, 0.0, 2.0
958, 1, 634, 113, 631, 113, 3, 0, 0.0, 3.0
958, 2, 298, 93, 297, 94, 1, -1, -0.7853981633974483, 1.4142135623730951
958, 3, 300, 368, 298, 369, 2, -1, -0.4636476090008061, 2.23606797749979
958, 4, 537, 128, 535, 129, 2, -1, -0.4636476090008061, 2.23606797749979
958, 5, 438, 74, 437, 75, 1, -1, -0.7853981633974483, 1.4142135623730951
958, 11, 614, 365, 612, 366, 2, -1, -0.4636476090008061, 2.23606797749979
958, 20, 192, 181, 191, 182, 1, -1, -0.7853981633974483, 1.4142135623730951
958, 27, 136, 398, 134, 399, 2, -1, -0.4636476090008061, 2.23606797749979
958, 31, 355, 69, 353, 69, 2, 0, 0.0, 2.0
958, 32, 568, 139, 566, 140, 2, -1, -0.4636476090008061, 2.23606797749979
958, 33, 426, 402, 425, 403, 1, -1, -0.7853981633974483, 1.4142135623730951
958, 35, 435, 82, 434, 83, 1, -1, -0.7853981633974483, 1.4142135623730951
958, 37, 554, 138, 551, 139, 3, -1, -0.3217505543966422, 3.1622776601683795
958, 39, 531, 358, 529, 359, 2, -1, -0.4636476090008061, 2.23606797749979
958, 42, 605, 401, 603, 401, 2, 0, 0.0, 2.0
958, 46, 598, 141, 597, 142, 1, -1, -0.7853981633974483, 1.4142135623730951
958, 47, 587, 141, 585, 142, 2, -1, -0.4636476090008061, 2.23606797749979
958, 48, 337, 128, 336, 129, 1, -1, -0.7853981633974483, 1.4142135623730951
958, 55, 125, 318, 124, 319, 1, -1, -0.7853981633974483, 1.4142135623730951
959, 1, 635, 112, 634, 113, 1, -1, -0.7853981633974483, 1.4142135623730951
959, 4, 540, 127, 537, 128, 3, -1, -0.3217505543966422, 3.1622776601683795
959, 5, 440, 73, 438, 74, 2, -1, -0.4636476090008061, 2.23606797749979
959, 9, 358, 404, 357, 405, 1, -1, -0.7853981633974483, 1.4142135623730951
959, 11, 616, 364, 614, 365, 2, -1, -0.4636476090008061, 2.23606797749979
959, 18, 477, 341, 475, 342, 2, -1, -0.4636476090008061, 2.23606797749979
959, 27, 137, 397, 136, 398, 1, -1, -0.7853981633974483, 1.4142135623730951
959, 31, 356, 68, 355, 69, 1, -1, -0.7853981633974483, 1.4142135623730951
959, 32, 570, 138, 568, 139, 2, -1, -0.4636476090008061, 2.23606797749979
959, 33, 427, 401, 426, 402, 1, -1, -0.7853981633974483, 1.4142135623730951
959, 35, 436, 81, 435, 82, 1, -1, -0.7853981633974483, 1.4142135623730951
959, 37, 558, 138, 554, 138, 4, 0, 0.0, 4.0
959, 39, 533, 357, 531, 358, 2, -1, -0.4636476090008061, 2.23606797749979
959, 46, 600, 141, 598, 141, 2, 0, 0.0, 2.0
959, 47, 589, 141, 587, 141, 2, 0, 0.0, 2.0
959, 51, 310, 80, 309, 81, 1, -1, -0.7853981633974483, 1.4142135623730951
959, 54, 471, 74, 470, 75, 1, -1, -0.7853981633974483, 1.4142135623730951
960, 0, 238, 146, 237, 147, 1, -1, -0.7853981633974483, 1.4142135623730951
960, 2, 635, 114, 632, 115, 3, -1, -0.3217505543966422, 3.1622776601683795
960, 3, 537, 128, 535, 130, 2, -2, -0.7853981633974483, 2.8284271247461903
960, 6, 301, 370, 300, 371, 1, -1, -0.7853981633974483, 1.4142135623730951
960, 8, 440, 74, 439, 75, 1, -1, -0.7853981633974483, 1.4142135623730951
960, 11, 615, 367, 613, 368, 2, -1, -0.4636476090008061, 2.23606797749979
960, 21, 568, 140, 566, 141, 2, -1, -0.4636476090008061, 2.23606797749979
960, 22, 481, 340, 479, 341, 2, -1, -0.4636476090008061, 2.23606797749979
960, 23, 358, 405, 357, 406, 1, -1, -0.7853981633974483, 1.4142135623730951
960, 29, 353, 79, 352, 80, 1, -1, -0.7853981633974483, 1.4142135623730951
960, 35, 355, 70, 353, 71, 2, -1, -0.4636476090008061, 2.23606797749979
960, 37, 121, 145, 120, 146, 1, -1, -0.7853981633974483, 1.4142135623730951
960, 40, 339, 128, 338, 129, 1, -1, -0.7853981633974483, 1.4142135623730951
960, 41, 462, 395, 460, 396, 2, -1, -0.4636476090008061, 2.23606797749979
960, 42, 601, 140, 600, 141, 1, -1, -0.7853981633974483, 1.4142135623730951
960, 45, 197, 182, 196, 183, 1, -1, -0.7853981633974483, 1.4142135623730951
960, 47, 316, 76, 314, 76, 2, 0, 0.0, 2.0
960, 50, 256, 297, 255, 298, 1, -1, -0.7853981633974483, 1.4142135623730951
960, 51, 77, 347, 76, 348, 1, -1, -0.7853981633974483, 1.4142135623730951
960, 52, 428, 404, 427, 405, 1, -1, -0.7853981633974483, 1.4142135623730951
960, 53, 278, 364, 277, 363, 1, 1, 0.7853981633974483, 1.4142135623730951
960, 54, 491, 352, 489, 352, 2, 0, 0.0, 2.0
960, 56, 468, 403, 467, 404, 1, -1, -0.7853981633974483, 1.4142135623730951
961, 2, 539, 127, 537, 128, 2, -1, -0.4636476090008061, 2.23606797749979
961, 3, 300, 93, 299, 94, 1, -1, -0.7853981633974483, 1.4142135623730951
961, 5, 303, 369, 301, 370, 2, -1, -0.4636476090008061, 2.23606797749979
961, 7, 441, 73, 440, 74, 1, -1, -0.7853981633974483, 1.4142135623730951
961, 15, 544, 79, 542, 79, 2, 0, 0.0, 2.0
961, 18, 360, 102, 359, 103, 1, -1, -0.7853981633974483, 1.4142135623730951
961, 20, 569, 139, 568, 140, 1, -1, -0.7853981633974483, 1.4142135623730951
961, 21, 484, 338, 481, 340, 3, -2, -0.5880026035475675, 3.605551275463989
961, 22, 359, 404, 358, 405, 1, -1, -0.7853981633974483, 1.4142135623730951
961, 23, 496, 129, 494, 129, 2, 0, 0.0, 2.0
961, 30, 191, 186, 191, 188, 0, -2, -1.5707963267948966, 2.0
961, 34, 356, 69, 355, 70, 1, -1, -0.7853981633974483, 1.4142135623730951
961, 38, 463, 123, 462, 124, 1, -1, -0.7853981633974483, 1.4142135623730951
961, 39, 341, 128, 339, 128, 2, 0, 0.0, 2.0
961, 40, 465, 394, 462, 395, 3, -1, -0.3217505543966422, 3.1622776601683795
961, 41, 602, 139, 601, 140, 1, -1, -0.7853981633974483, 1.4142135623730951
961, 46, 317, 75, 316, 76, 1, -1, -0.7853981633974483, 1.4142135623730951
961, 47, 628, 332, 627, 333, 1, -1, -0.7853981633974483, 1.4142135623730951
961, 51, 430, 403, 428, 404, 2, -1, -0.4636476090008061, 2.23606797749979
961, 53, 493, 351, 491, 352, 2, -1, -0.4636476090008061, 2.23606797749979
961, 54, 608, 402, 607, 403, 1, -1, -0.7853981633974483, 1.4142135623730951
961, 55, 470, 402, 468, 403, 2, -1, -0.4636476090008061, 2.23606797749979
962, 2, 541, 127, 539, 127, 2, 0, 0.0, 2.0
962, 3, 301, 92, 300, 93, 1, -1, -0.7853981633974483, 1.4142135623730951
962, 5, 304, 368, 303, 369, 1, -1, -0.7853981633974483, 1.4142135623730951
962, 10, 617, 366, 616, 367, 1, -1, -0.7853981633974483, 1.4142135623730951
962, 19, 571, 138, 569, 139, 2, -1, -0.4636476090008061, 2.23606797749979
962, 20, 487, 337, 484, 338, 3, -1, -0.3217505543966422, 3.1622776601683795
962, 21, 360, 403, 359, 404, 1, -1, -0.7853981633974483, 1.4142135623730951
962, 22, 498, 128, 496, 129, 2, -1, -0.4636476090008061, 2.23606797749979
962, 29, 191, 184, 191, 186, 0, -2, -1.5707963267948966, 2.0
962, 33, 357, 68, 356, 69, 1, -1, -0.7853981633974483, 1.4142135623730951
962, 37, 465, 122, 463, 123, 2, -1, -0.4636476090008061, 2.23606797749979
962, 39, 467, 394, 465, 394, 2, 0, 0.0, 2.0
962, 40, 604, 138, 602, 139, 2, -1, -0.4636476090008061, 2.23606797749979
962, 46, 632, 330, 628, 332, 4, -2, -0.4636476090008061, 4.47213595499958
962, 49, 79, 346, 78, 347, 1, -1, -0.7853981633974483, 1.4142135623730951
962, 50, 431, 402, 430, 403, 1, -1, -0.7853981633974483, 1.4142135623730951
962, 52, 495, 350, 493, 351, 2, -1, -0.4636476090008061, 2.23606797749979
962, 53, 609, 401, 608, 402, 1, -1, -0.7853981633974483, 1.4142135623730951
962, 54, 472, 401, 470, 402, 2, -1, -0.4636476090008061, 2.23606797749979
962, 57, 302, 100, 301, 101, 1, -1, -0.7853981633974483, 1.4142135623730951
963, 2, 543, 126, 541, 127, 2, -1, -0.4636476090008061, 2.23606797749979
963, 8, 408, 74, 407, 75, 1, -1, -0.7853981633974483, 1.4142135623730951
963, 10, 619, 366, 617, 366, 2, 0, 0.0, 2.0
963, 15, 547, 78, 545, 79, 2, -1, -0.4636476090008061, 2.23606797749979
963, 17, 92, 333, 91, 334, 1, -1, -0.7853981633974483, 1.4142135623730951
963, 18, 362, 101, 361, 102, 1, -1, -0.7853981633974483, 1.4142135623730951
963, 19, 574, 137, 571, 138, 3, -1, -0.3217505543966422, 3.1622776601683795
963, 20, 490, 337, 487, 337, 3, 0, 0.0, 3.0
963, 22, 500, 128, 498, 128, 2, 0, 0.0, 2.0
963, 27, 354, 77, 353, 78, 1, -1, -0.7853981633974483, 1.4142135623730951
963, 28, 591, 145, 589, 145, 2, 0, 0.0, 2.0
963, 29, 192, 182, 191, 184, 1, -2, -1.1071487177940904, 2.23606797749979
963, 33, 358, 67, 357, 68, 1, -1, -0.7853981633974483, 1.4142135623730951
963, 37, 467, 121, 465, 122, 2, -1, -0.4636476090008061, 2.23606797749979
963, 38, 342, 127, 341, 128, 1, -1, -0.7853981633974483, 1.4142135623730951
963, 39, 469, 393, 467, 394, 2, -1, -0.4636476090008061, 2.23606797749979
963, 40, 607, 137, 604, 138, 3, -1, -0.3217505543966422, 3.1622776601683795
963, 46, 635, 328, 632, 330, 3, -2, -0.5880026035475675, 3.605551275463989
963, 50, 432, 401, 431, 402, 1, -1, -0.7853981633974483, 1.4142135623730951
963, 52, 497, 349, 495, 350, 2, -1, -0.4636476090008061, 2.23606797749979
963, 53, 610, 400, 609, 401, 1, -1, -0.7853981633974483, 1.4142135623730951
963, 54, 473, 400, 472, 401, 1, -1, -0.7853981633974483, 1.4142135623730951
964, 3, 302, 91, 301, 92, 1, -1, -0.7853981633974483, 1.4142135623730951
964, 5, 306, 367, 305, 368, 1, -1, -0.7853981633974483, 1.4142135623730951
964, 7, 445, 73, 443, 73, 2, 0, 0.0, 2.0
964, 18, 363, 100, 362, 101, 1, -1, -0.7853981633974483, 1.4142135623730951
964, 19, 576, 137, 574, 137, 2, 0, 0.0, 2.0
964, 20, 492, 336, 490, 337, 2, -1, -0.4636476090008061, 2.23606797749979
964, 21, 362, 402, 361, 403, 1, -1, -0.7853981633974483, 1.4142135623730951
964, 22, 502, 128, 500, 128, 2, 0, 0.0, 2.0
964, 25, 355, 76, 354, 77, 1, -1, -0.7853981633974483, 1.4142135623730951
964, 31, 359, 66, 358, 67, 1, -1, -0.7853981633974483, 1.4142135623730951
964, 35, 469, 120, 467, 121, 2, -1, -0.4636476090008061, 2.23606797749979
964, 36, 343, 126, 342, 127, 1, -1, -0.7853981633974483, 1.4142135623730951
964, 37, 472, 393, 469, 393, 3, 0, 0.0, 3.0
964, 38, 608, 136, 607, 137, 1, -1, -0.7853981633974483, 1.4142135623730951
964, 44, 635, 326, 635, 328, 0, -2, -1.5707963267948966, 2.0
964, 48, 433, 400, 432, 401, 1, -1, -0.7853981633974483, 1.4142135623730951
964, 50, 498, 348, 497, 349, 1, -1, -0.7853981633974483, 1.4142135623730951
964, 51, 611, 399, 610, 400, 1, -1, -0.7853981633974483, 1.4142135623730951
964, 52, 475, 399, 473, 400, 2, -1, -0.4636476090008061, 2.23606797749979
965, 2, 542, 129, 540, 129, 2, 0, 0.0, 2.0
965, 3, 635, 113, 638, 114, -3, -1, -2.819842099193151, 3.1622776601683795
965, 5, 620, 367, 618, 367, 2, 0, 0.0, 2.0
965, 13, 472, 74, 471, 75, 1, -1, -0.7853981633974483, 1.4142135623730951
965, 14, 379, 87, 378, 88, 1, -1, -0.7853981633974483, 1.4142135623730951
965, 17, 258, 326, 258, 328, 0, -2, -1.5707963267948966, 2.0
965, 19, 362, 405, 361, 406, 1, -1, -0.7853981633974483, 1.4142135623730951
965, 20, 363, 102, 362, 103, 1, -1, -0.7853981633974483, 1.4142135623730951
965, 21, 354, 78, 353, 79, 1, -1, -0.7853981633974483, 1.4142135623730951
965, 22, 606, 141, 605, 142, 1, -1, -0.7853981633974483, 1.4142135623730951
965, 25, 628, 120, 626, 120, 2, 0, 0.0, 2.0
965, 27, 468, 122, 467, 123, 1, -1, -0.7853981633974483, 1.4142135623730951
965, 28, 412, 76, 411, 77, 1, -1, -0.7853981633974483, 1.4142135623730951
965, 29, 574, 140, 572, 140, 2, 0, 0.0, 2.0
965, 31, 501, 129, 499, 129, 2, 0, 0.0, 2.0
965, 39, 145, 291, 144, 292, 1, -1, -0.7853981633974483, 1.4142135623730951
965, 40, 229, 139, 228, 140, 1, -1, -0.7853981633974483, 1.4142135623730951
965, 42, 278, 73, 276, 74, 2, -1, -0.4636476090008061, 2.23606797749979
965, 43, 534, 133, 532, 134, 2, -1, -0.4636476090008061, 2.23606797749979
965, 49, 569, 371, 567, 372, 2, -1, -0.4636476090008061, 2.23606797749979
965, 51, 320, 79, 318, 79, 2, 0, 0.0, 2.0
965, 52, 635, 335, 637, 335, -2, 0, 3.141592653589793, 2.0
965, 53, 537, 359, 536, 360, 1, -1, -0.7853981633974483, 1.4142135623730951
965, 56, 473, 403, 472, 404, 1, -1, -0.7853981633974483, 1.4142135623730951
966, 2, 544, 129, 542, 129, 2, 0, 0.0, 2.0
966, 5, 622, 366, 620, 367, 2, -1, -0.4636476090008061, 2.23606797749979
966, 7, 307, 369, 306, 370, 1, -1, -0.7853981633974483, 1.4142135623730951
966, 8, 94, 141, 93, 142, 1, -1, -0.7853981633974483, 1.4142135623730951
966, 13, 474, 74, 472, 74, 2, 0, 0.0, 2.0
966, 18, 204, 406, 201, 409, 3, -3, -0.7853981633974483, 4.242640687119285
966, 19, 363, 404, 362, 405, 1, -1, -0.7853981633974483, 1.4142135623730951
966, 20, 364, 101, 363, 102, 1, -1, -0.7853981633974483, 1.4142135623730951
966, 21, 355, 77, 354, 78, 1, -1, -0.7853981633974483, 1.4142135623730951
966, 22, 608, 141, 606, 141, 2, 0, 0.0, 2.0
966, 25, 630, 120, 628, 120, 2, 0, 0.0, 2.0
966, 28, 413, 75, 412, 76, 1, -1, -0.7853981633974483, 1.4142135623730951
966, 29, 575, 139, 574, 140, 1, -1, -0.7853981633974483, 1.4142135623730951
966, 31, 502, 130, 501, 129, 1, 1, 0.7853981633974483, 1.4142135623730951
966, 33, 244, 123, 243, 124, 1, -1, -0.7853981633974483, 1.4142135623730951
966, 41, 572, 73, 570, 74, 2, -1, -0.4636476090008061, 2.23606797749979
966, 42, 279, 72, 278, 73, 1, -1, -0.7853981633974483, 1.4142135623730951
966, 43, 536, 132, 534, 133, 2, -1, -0.4636476090008061, 2.23606797749979
966, 46, 435, 404, 432, 405, 3, -1, -0.3217505543966422, 3.1622776601683795
966, 48, 571, 371, 569, 371, 2, 0, 0.0, 2.0
966, 55, 474, 402, 473, 403, 1, -1, -0.7853981633974483, 1.4142135623730951
966, 56, 268, 130, 266, 130, 2, 0, 0.0, 2.0
967, 2, 547, 129, 544, 129, 3, 0, 0.0, 3.0
967, 5, 626, 366, 622, 366, 4, 0, 0.0, 4.0
967, 7, 308, 368, 307, 369, 1, -1, -0.7853981633974483, 1.4142135623730951
967, 10, 168, 376, 169, 378, -1, -2, -2.0344439357957027, 2.23606797749979
967, 13, 476, 73, 474, 74, 2, -1, -0.4636476090008061, 2.23606797749979
967, 19, 364, 403, 363, 404, 1, -1, -0.7853981633974483, 1.4142135623730951
967, 22, 610, 141, 608, 141, 2, 0, 0.0, 2.0
967, 25, 632, 119, 630, 120, 2, -1, -0.4636476090008061, 2.23606797749979
967, 27, 471, 121, 469, 122, 2, -1, -0.4636476090008061, 2.23606797749979
967, 29, 577, 139, 575, 139, 2, 0, 0.0, 2.0
967, 31, 504, 130, 502, 130, 2, 0, 0.0, 2.0
967, 39, 146, 290, 145, 291, 1, -1, -0.7853981633974483, 1.4142135623730951
967, 41, 574, 72, 572, 73, 2, -1, -0.4636476090008061, 2.23606797749979
967, 42, 280, 71, 279, 72, 1, -1, -0.7853981633974483, 1.4142135623730951
967, 43, 538, 131, 536, 132, 2, -1, -0.4636476090008061, 2.23606797749979
967, 46, 436, 403, 435, 404, 1, -1, -0.7853981633974483, 1.4142135623730951
967, 48, 573, 370, 571, 371, 2, -1, -0.4636476090008061, 2.23606797749979
967, 51, 540, 359, 538, 359, 2, 0, 0.0, 2.0
967, 54, 475, 401, 474, 402, 1, -1, -0.7853981633974483, 1.4142135623730951
968, 0, 549, 129, 547, 129, 2, 0, 0.0, 2.0
968, 3, 628, 367, 626, 366, 2, 1, 0.4636476090008061, 2.23606797749979
968, 5, 310, 367, 308, 368, 2, -1, -0.4636476090008061, 2.23606797749979
968, 10, 478, 73, 476, 73, 2, 0, 0.0, 2.0
968, 11, 381, 85, 380, 86, 1, -1, -0.7853981633974483, 1.4142135623730951
968, 16, 365, 402, 364, 403, 1, -1, -0.7853981633974483, 1.4142135623730951
968, 17, 366, 100, 365, 101, 1, -1, -0.7853981633974483, 1.4142135623730951
968, 19, 612, 141, 610, 141, 2, 0, 0.0, 2.0
968, 22, 635, 119, 632, 119, 3, 0, 0.0, 3.0
968, 23, 548, 77, 547, 78, 1, -1, -0.7853981633974483, 1.4142135623730951
968, 24, 473, 121, 471, 121, 2, 0, 0.0, 2.0
968, 27, 200, 134, 202, 133, -2, 1, 2.677945044588987, 2.23606797749979
968, 29, 209, 138, 214, 137, -5, 1, 2.9441970937399127, 5.0990195135927845
968, 38, 575, 71, 574, 72, 1, -1, -0.7853981633974483, 1.4142135623730951
968, 39, 282, 70, 280, 71, 2, -1, -0.4636476090008061, 2.23606797749979
968, 40, 540, 131, 538, 131, 2, 0, 0.0, 2.0
968, 43, 438, 402, 436, 403, 2, -1, -0.4636476090008061, 2.23606797749979
968, 45, 575, 369, 573, 370, 2, -1, -0.4636476090008061, 2.23606797749979
968, 48, 542, 359, 540, 359, 2, 0, 0.0, 2.0
969, 0, 552, 129, 549, 129, 3, 0, 0.0, 3.0
969, 3, 629, 366, 628, 367, 1, -1, -0.7853981633974483, 1.4142135623730951
969, 5, 311, 366, 310, 367, 1, -1, -0.7853981633974483, 1.4142135623730951
969, 9, 305, 95, 304, 96, 1, -1, -0.7853981633974483, 1.4142135623730951
969, 16, 366, 401, 365, 402, 1, -1, -0.7853981633974483, 1.4142135623730951
969, 17, 367, 99, 366, 100, 1, -1, -0.7853981633974483, 1.4142135623730951
969, 19, 614, 141, 612, 141, 2, 0, 0.0, 2.0
969, 20, 161, 81, 160, 82, 1, -1, -0.7853981633974483, 1.4142135623730951
969, 23, 549, 76, 548, 77, 1, -1, -0.7853981633974483, 1.4142135623730951
969, 24, 475, 120, 473, 121, 2, -1, -0.4636476090008061, 2.23606797749979
969, 25, 415, 73, 414, 74, 1, -1, -0.7853981633974483, 1.4142135623730951
969, 29, 246, 122, 245, 123, 1, -1, -0.7853981633974483, 1.4142135623730951
969, 35, 147, 288, 146, 289, 1, -1, -0.7853981633974483, 1.4142135623730951
969, 37, 577, 70, 575, 71, 2, -1, -0.4636476090008061, 2.23606797749979
969, 38, 284, 69, 282, 70, 2, -1, -0.4636476090008061, 2.23606797749979
969, 39, 543, 131, 540, 131, 3, 0, 0.0, 3.0
969, 42, 440, 401, 438, 402, 2, -1, -0.4636476090008061, 2.23606797749979
969, 44, 577, 368, 575, 369, 2, -1, -0.4636476090008061, 2.23606797749979
969, 46, 324, 78, 323, 79, 1, -1, -0.7853981633974483, 1.4142135623730951
969, 47, 544, 358, 542, 359, 2, -1, -0.4636476090008061, 2.23606797749979
969, 49, 200, 338, 199, 339, 1, -1, -0.7853981633974483, 1.4142135623730951
970, 0, 238, 142, 239, 144, -1, -2, -2.0344439357957027, 2.23606797749979
970, 4, 310, 369, 309, 370, 1, -1, -0.7853981633974483, 1.4142135623730951
970, 5, 321, 69, 320, 70, 1, -1, -0.7853981633974483, 1.4142135623730951
970, 6, 625, 367, 624, 368, 1, -1, -0.7853981633974483, 1.4142135623730951
970, 7, 307, 97, 306, 98, 1, -1, -0.7853981633974483, 1.4142135623730951
970, 8, 449, 74, 448, 75, 1, -1, -0.7853981633974483, 1.4142135623730951
970, 10, 379, 376, 378, 377, 1, -1, -0.7853981633974483, 1.4142135623730951
970, 11, 551, 77, 550, 78, 1, -1, -0.7853981633974483, 1.4142135623730951
970, 12, 366, 405, 365, 406, 1, -1, -0.7853981633974483, 1.4142135623730951
970, 13, 367, 101, 366, 102, 1, -1, -0.7853981633974483, 1.4142135623730951
970, 18, 363, 70, 362, 71, 1, -1, -0.7853981633974483, 1.4142135623730951
970, 20, 97, 333, 96, 334, 1, -1, -0.7853981633974483, 1.4142135623730951
970, 22, 579, 141, 577, 141, 2, 0, 0.0, 2.0
970, 28, 283, 72, 282, 73, 1, -1, -0.7853981633974483, 1.4142135623730951
970, 29, 585, 403, 584, 404, 1, -1, -0.7853981633974483, 1.4142135623730951
970, 32, 147, 290, 146, 291, 1, -1, -0.7853981633974483, 1.4142135623730951
970, 33, 613, 142, 611, 142, 2, 0, 0.0, 2.0
970, 34, 444, 130, 442, 131, 2, -1, -0.4636476090008061, 2.23606797749979
970, 40, 502, 350, 500, 351, 2, -1, -0.4636476090008061, 2.23606797749979
970, 41, 411, 73, 410, 74, 1, -1, -0.7853981633974483, 1.4142135623730951
970, 42, 635, 340, 638, 339, -3, 1, 2.819842099193151, 3.1622776601683795
970, 47, 439, 403, 438, 404, 1, -1, -0.7853981633974483, 1.4142135623730951
970, 48, 347, 128, 346, 129, 1, -1, -0.7853981633974483, 1.4142135623730951
970, 49, 130, 318, 129, 319, 1, -1, -0.7853981633974483, 1.4142135623730951
970, 50, 635, 392, 634, 393, 1, -1, -0.7853981633974483, 1.4142135623730951
970, 51, 305, 365, 303, 365, 2, 0, 0.0, 2.0
970, 56, 385, 125, 384, 126, 1, -1, -0.7853981633974483, 1.4142135623730951
970, 57, 430, 397, 429, 398, 1, -1, -0.7853981633974483, 1.4142135623730951
970, 58, 247, 122, 246, 123, 1, -1, -0.7853981633974483, 1.4142135623730951
970, 61, 617, 401, 615, 402, 2, -1, -0.4636476090008061, 2.23606797749979
970, 62, 574, 371, 573, 372, 1, -1, -0.7853981633974483, 1.4142135623730951
970, 63, 492, 342, 491, 343, 1, -1, -0.7853981633974483, 1.4142135623730951
970, 67, 83, 346, 82, 347, 1, -1, -0.7853981633974483, 1.4142135623730951
971, 1, 174, 336, 173, 337, 1, -1, -0.7853981633974483, 1.4142135623730951
971, 5, 322, 68, 321, 69, 1, -1, -0.7853981633974483, 1.4142135623730951
971, 6, 627, 367, 625, 367, 2, 0, 0.0, 2.0
971, 7, 308, 96, 307, 97, 1, -1, -0.7853981633974483, 1.4142135623730951
971, 8, 450, 73, 449, 74, 1, -1, -0.7853981633974483, 1.4142135623730951
971, 10, 381, 375, 379, 376, 2, -1, -0.4636476090008061, 2.23606797749979
971, 11, 553, 76, 551, 77, 2, -1, -0.4636476090008061, 2.23606797749979
971, 12, 367, 404, 366, 405, 1, -1, -0.7853981633974483, 1.4142135623730951
971, 13, 369, 100, 367, 101, 2, -1, -0.4636476090008061, 2.23606797749979
971, 15, 289, 123, 288, 124, 1, -1, -0.7853981633974483, 1.4142135623730951
971, 16, 164, 81, 163, 82, 1, -1, -0.7853981633974483, 1.4142135623730951
971, 20, 98, 332, 97, 333, 1, -1, -0.7853981633974483, 1.4142135623730951
971, 23, 475, 123, 473, 123, 2, 0, 0.0, 2.0
971, 28, 586, 402, 585, 403, 1, -1, -0.7853981633974483, 1.4142135623730951
971, 29, 195, 180, 194, 181, 1, -1, -0.7853981633974483, 1.4142135623730951
971, 31, 615, 142, 613, 142, 2, 0, 0.0, 2.0
971, 32, 446, 130, 444, 130, 2, 0, 0.0, 2.0
971, 33, 355, 74, 353, 75, 2, -1, -0.4636476090008061, 2.23606797749979
971, 34, 507, 131, 505, 131, 2, 0, 0.0, 2.0
971, 37, 126, 142, 125, 143, 1, -1, -0.7853981633974483, 1.4142135623730951
971, 38, 503, 349, 502, 350, 1, -1, -0.7853981633974483, 1.4142135623730951
971, 39, 413, 72, 411, 73, 2, -1, -0.4636476090008061, 2.23606797749979
971, 47, 131, 317, 130, 318, 1, -1, -0.7853981633974483, 1.4142135623730951
971, 53, 285, 400, 284, 401, 1, -1, -0.7853981633974483, 1.4142135623730951
971, 54, 386, 124, 385, 125, 1, -1, -0.7853981633974483, 1.4142135623730951
971, 55, 432, 397, 430, 397, 2, 0, 0.0, 2.0
971, 58, 482, 74, 480, 74, 2, 0, 0.0, 2.0
971, 59, 619, 400, 617, 401, 2, -1, -0.4636476090008061, 2.23606797749979
971, 60, 576, 371, 574, 371, 2, 0, 0.0, 2.0
971, 61, 494, 341, 492, 342, 2, -1, -0.4636476090008061, 2.23606797749979
971, 65, 84, 345, 83, 346, 1, -1, -0.7853981633974483, 1.4142135623730951
972, 3, 312, 368, 311, 369, 1, -1, -0.7853981633974483, 1.4142135623730951
972, 4, 323, 67, 322, 68, 1, -1, -0.7853981633974483, 1.4142135623730951
972, 5, 628, 366, 627, 367, 1, -1, -0.7853981633974483, 1.4142135623730951
972, 6, 309, 95, 308, 96, 1, -1, -0.7853981633974483, 1.4142135623730951
972, 7, 452, 72, 450, 73, 2, -1, -0.4636476090008061, 2.23606797749979
972, 9, 382, 374, 381, 375, 1, -1, -0.7853981633974483, 1.4142135623730951
972, 12, 371, 99, 369, 100, 2, -1, -0.4636476090008061, 2.23606797749979
972, 14, 290, 122, 289, 123, 1, -1, -0.7853981633974483, 1.4142135623730951
972, 21, 582, 141, 580, 141, 2, 0, 0.0, 2.0
972, 22, 477, 123, 475, 123, 2, 0, 0.0, 2.0
972, 26, 285, 71, 284, 72, 1, -1, -0.7853981633974483, 1.4142135623730951
972, 27, 587, 401, 586, 402, 1, -1, -0.7853981633974483, 1.4142135623730951
972, 29, 148, 289, 147, 290, 1, -1, -0.7853981633974483, 1.4142135623730951
972, 30, 617, 142, 615, 142, 2, 0, 0.0, 2.0
972, 32, 356, 73, 355, 74, 1, -1, -0.7853981633974483, 1.4142135623730951
972, 33, 509, 131, 507, 131, 2, 0, 0.0, 2.0
972, 37, 504, 348, 503, 349, 1, -1, -0.7853981633974483, 1.4142135623730951
972, 38, 415, 71, 413, 72, 2, -1, -0.4636476090008061, 2.23606797749979
972, 42, 133, 404, 132, 405, 1, -1, -0.7853981633974483, 1.4142135623730951
972, 45, 349, 127, 348, 128, 1, -1, -0.7853981633974483, 1.4142135623730951
972, 48, 307, 364, 306, 365, 1, -1, -0.7853981633974483, 1.4142135623730951
972, 53, 387, 123, 386, 124, 1, -1, -0.7853981633974483, 1.4142135623730951
972, 58, 621, 400, 619, 400, 2, 0, 0.0, 2.0
972, 59, 578, 371, 576, 371, 2, 0, 0.0, 2.0
972, 60, 495, 340, 494, 341, 1, -1, -0.7853981633974483, 1.4142135623730951
972, 65, 538, 135, 536, 135, 2, 0, 0.0, 2.0
973, 1, 552, 129, 550, 130, 2, -1, -0.4636476090008061, 2.23606797749979
973, 2, 313, 367, 312, 368, 1, -1, -0.7853981633974483, 1.4142135623730951
973, 3, 325, 66, 323, 67, 2, -1, -0.4636476090008061, 2.23606797749979
973, 4, 631, 365, 628, 366, 3, -1, -0.3217505543966422, 3.1622776601683795
973, 6, 454, 71, 452, 72, 2, -1, -0.4636476090008061, 2.23606797749979
973, 7, 98, 141, 97, 142, 1, -1, -0.7853981633974483, 1.4142135623730951
973, 10, 369, 403, 368, 404, 1, -1, -0.7853981633974483, 1.4142135623730951
973, 11, 372, 98, 371, 99, 1, -1, -0.7853981633974483, 1.4142135623730951
973, 13, 291, 121, 290, 122, 1, -1, -0.7853981633974483, 1.4142135623730951
973, 15, 233, 342, 232, 343, 1, -1, -0.7853981633974483, 1.4142135623730951
973, 16, 365, 69, 364, 70, 1, -1, -0.7853981633974483, 1.4142135623730951
973, 20, 583, 142, 582, 141, 1, 1, 0.7853981633974483, 1.4142135623730951
973, 21, 479, 123, 477, 123, 2, 0, 0.0, 2.0
973, 25, 287, 70, 285, 71, 2, -1, -0.4636476090008061, 2.23606797749979
973, 26, 588, 400, 587, 401, 1, -1, -0.7853981633974483, 1.4142135623730951
973, 29, 619, 141, 617, 142, 2, -1, -0.4636476090008061, 2.23606797749979
973, 36, 506, 346, 504, 348, 2, -2, -0.7853981633974483, 2.8284271247461903
973, 37, 417, 70, 415, 71, 2, -1, -0.4636476090008061, 2.23606797749979
973, 39, 177, 379, 176, 380, 1, -1, -0.7853981633974483, 1.4142135623730951
973, 43, 442, 402, 441, 403, 1, -1, -0.7853981633974483, 1.4142135623730951
973, 44, 350, 126, 349, 127, 1, -1, -0.7853981633974483, 1.4142135623730951
973, 51, 287, 399, 286, 400, 1, -1, -0.7853981633974483, 1.4142135623730951
973, 52, 388, 122, 387, 123, 1, -1, -0.7853981633974483, 1.4142135623730951
973, 53, 435, 396, 433, 397, 2, -1, -0.4636476090008061, 2.23606797749979
973, 56, 484, 73, 483, 74, 1, -1, -0.7853981633974483, 1.4142135623730951
973, 57, 622, 399, 621, 400, 1, -1, -0.7853981633974483, 1.4142135623730951
973, 58, 579, 370, 578, 371, 1, -1, -0.7853981633974483, 1.4142135623730951
973, 59, 497, 339, 495, 340, 2, -1, -0.4636476090008061, 2.23606797749979
973, 64, 541, 136, 538, 135, 3, 1, 0.3217505543966422, 3.1622776601683795
974, 1, 555, 128, 552, 129, 3, -1, -0.3217505543966422, 3.1622776601683795
974, 2, 314, 366, 313, 367, 1, -1, -0.7853981633974483, 1.4142135623730951
974, 3, 326, 65, 325, 66, 1, -1, -0.7853981633974483, 1.4142135623730951
974, 4, 633, 364, 631, 365, 2, -1, -0.4636476090008061, 2.23606797749979
974, 5, 311, 94, 310, 95, 1, -1, -0.7853981633974483, 1.4142135623730951
974, 6, 455, 70, 454, 71, 1, -1, -0.7853981633974483, 1.4142135623730951
974, 8, 383, 373, 382, 374, 1, -1, -0.7853981633974483, 1.4142135623730951
974, 10, 370, 402, 369, 403, 1, -1, -0.7853981633974483, 1.4142135623730951
974, 20, 585, 142, 583, 142, 2, 0, 0.0, 2.0
974, 22, 270, 380, 269, 381, 1, -1, -0.7853981633974483, 1.4142135623730951
974, 26, 589, 399, 588, 400, 1, -1, -0.7853981633974483, 1.4142135623730951
974, 35, 127, 139, 126, 140, 1, -1, -0.7853981633974483, 1.4142135623730951
974, 36, 507, 345, 506, 346, 1, -1, -0.7853981633974483, 1.4142135623730951
974, 37, 418, 69, 417, 70, 1, -1, -0.7853981633974483, 1.4142135623730951
974, 44, 351, 125, 350, 126, 1, -1, -0.7853981633974483, 1.4142135623730951
974, 51, 288, 398, 287, 399, 1, -1, -0.7853981633974483, 1.4142135623730951
974, 52, 390, 122, 388, 122, 2, 0, 0.0, 2.0
974, 54, 249, 119, 248, 120, 1, -1, -0.7853981633974483, 1.4142135623730951
974, 57, 623, 398, 622, 399, 1, -1, -0.7853981633974483, 1.4142135623730951
974, 58, 581, 369, 579, 370, 2, -1, -0.4636476090008061, 2.23606797749979
974, 59, 500, 338, 497, 339, 3, -1, -0.3217505543966422, 3.1622776601683795
974, 60, 198, 115, 198, 117, 0, -2, -1.5707963267948966, 2.0
974, 63, 542, 135, 541, 136, 1, -1, -0.7853981633974483, 1.4142135623730951
975, 2, 327, 69, 325, 70, 2, -1, -0.4636476090008061, 2.23606797749979
975, 3, 555, 128, 553, 130, 2, -2, -0.7853981633974483, 2.8284271247461903
975, 4, 631, 366, 630, 367, 1, -1, -0.7853981633974483, 1.4142135623730951
975, 5, 316, 369, 315, 370, 1, -1, -0.7853981633974483, 1.4142135623730951
975, 6, 455, 74, 453, 75, 2, -1, -0.4636476090008061, 2.23606797749979
975, 7, 365, 69, 364, 70, 1, -1, -0.7853981633974483, 1.4142135623730951
975, 10, 311, 93, 310, 94, 1, -1, -0.7853981633974483, 1.4142135623730951
975, 16, 166, 81, 165, 82, 1, -1, -0.7853981633974483, 1.4142135623730951
975, 20, 372, 102, 370, 102, 2, 0, 0.0, 2.0
975, 25, 100, 332, 99, 333, 1, -1, -0.7853981633974483, 1.4142135623730951
975, 31, 86, 346, 85, 347, 1, -1, -0.7853981633974483, 1.4142135623730951
975, 32, 622, 401, 621, 402, 1, -1, -0.7853981633974483, 1.4142135623730951
975, 35, 568, 144, 567, 145, 1, -1, -0.7853981633974483, 1.4142135623730951
975, 38, 353, 128, 351, 129, 2, -1, -0.4636476090008061, 2.23606797749979
975, 39, 591, 403, 589, 404, 2, -1, -0.4636476090008061, 2.23606797749979
975, 40, 357, 77, 355, 78, 2, -1, -0.4636476090008061, 2.23606797749979
975, 41, 580, 372, 578, 372, 2, 0, 0.0, 2.0
975, 42, 382, 85, 380, 86, 2, -1, -0.4636476090008061, 2.23606797749979
975, 45, 421, 75, 420, 76, 1, -1, -0.7853981633974483, 1.4142135623730951
975, 48, 507, 347, 505, 349, 2, -2, -0.7853981633974483, 2.8284271247461903
975, 49, 129, 145, 128, 146, 1, -1, -0.7853981633974483, 1.4142135623730951
975, 50, 219, 323, 218, 324, 1, -1, -0.7853981633974483, 1.4142135623730951
975, 52, 436, 397, 434, 398, 2, -1, -0.4636476090008061, 2.23606797749979
975, 53, 451, 87, 448, 87, 3, 0, 0.0, 3.0
975, 54, 293, 122, 291, 122, 2, 0, 0.0, 2.0
975, 56, 613, 323, 612, 324, 1, -1, -0.7853981633974483, 1.4142135623730951
975, 57, 485, 73, 484, 74, 1, -1, -0.7853981633974483, 1.4142135623730951
975, 59, 549, 359, 547, 360, 2, -1, -0.4636476090008061, 2.23606797749979
975, 62, 391, 79, 390, 80, 1, -1, -0.7853981633974483, 1.4142135623730951
976, 0, 175, 336, 174, 337, 1, -1, -0.7853981633974483, 1.4142135623730951
976, 2, 328, 68, 327, 69, 1, -1, -0.7853981633974483, 1.4142135623730951
976, 3, 557, 128, 555, 128, 2, 0, 0.0, 2.0
976, 4, 633, 365, 631, 366, 2, -1, -0.4636476090008061, 2.23606797749979
976, 5, 317, 368, 316, 369, 1, -1, -0.7853981633974483, 1.4142135623730951
976, 6, 456, 73, 455, 74, 1, -1, -0.7853981633974483, 1.4142135623730951
976, 8, 555, 78, 554, 79, 1, -1, -0.7853981633974483, 1.4142135623730951
976, 13, 585, 143, 583, 143, 2, 0, 0.0, 2.0
976, 14, 259, 329, 258, 328, 1, 1, 0.7853981633974483, 1.4142135623730951
976, 17, 328, 80, 327, 81, 1, -1, -0.7853981633974483, 1.4142135623730951
976, 20, 373, 101, 372, 102, 1, -1, -0.7853981633974483, 1.4142135623730951
976, 26, 480, 124, 479, 125, 1, -1, -0.7853981633974483, 1.4142135623730951
976, 32, 623, 400, 622, 401, 1, -1, -0.7853981633974483, 1.4142135623730951
976, 33, 513, 131, 511, 132, 2, -1, -0.4636476090008061, 2.23606797749979
976, 35, 569, 143, 568, 144, 1, -1, -0.7853981633974483, 1.4142135623730951
976, 39, 593, 402, 591, 403, 2, -1, -0.4636476090008061, 2.23606797749979
976, 40, 359, 77, 357, 77, 2, 0, 0.0, 2.0
976, 41, 582, 371, 580, 372, 2, -1, -0.4636476090008061, 2.23606797749979
976, 43, 444, 403, 443, 404, 1, -1, -0.7853981633974483, 1.4142135623730951
976, 45, 423, 74, 421, 75, 2, -1, -0.4636476090008061, 2.23606797749979
976, 48, 508, 346, 507, 347, 1, -1, -0.7853981633974483, 1.4142135623730951
976, 52, 438, 396, 436, 397, 2, -1, -0.4636476090008061, 2.23606797749979
976, 53, 453, 86, 451, 87, 2, -1, -0.4636476090008061, 2.23606797749979
976, 54, 295, 122, 293, 122, 2, 0, 0.0, 2.0
976, 56, 614, 322, 613, 323, 1, -1, -0.7853981633974483, 1.4142135623730951
976, 57, 486, 72, 485, 73, 1, -1, -0.7853981633974483, 1.4142135623730951
976, 58, 604, 144, 602, 145, 2, -1, -0.4636476090008061, 2.23606797749979
976, 59, 551, 357, 549, 359, 2, -2, -0.7853981633974483, 2.8284271247461903
976, 60, 108, 369, 108, 371, 0, -2, -1.5707963267948966, 2.0
976, 62, 392, 78, 391, 79, 1, -1, -0.7853981633974483, 1.4142135623730951
976, 65, 274, 127, 273, 128, 1, -1, -0.7853981633974483, 1.4142135623730951
977, 2, 329, 67, 328, 68, 1, -1, -0.7853981633974483, 1.4142135623730951
977, 3, 559, 127, 557, 128, 2, -1, -0.4636476090008061, 2.23606797749979
977, 4, 635, 364, 633, 365, 2, -1, -0.4636476090008061, 2.23606797749979
977, 5, 319, 367, 317, 368, 2, -1, -0.4636476090008061, 2.23606797749979
977, 6, 457, 72, 456, 73, 1, -1, -0.7853981633974483, 1.4142135623730951
977, 8, 557, 78, 555, 78, 2, 0, 0.0, 2.0
977, 20, 374, 100, 373, 101, 1, -1, -0.7853981633974483, 1.4142135623730951
977, 21, 373, 404, 372, 405, 1, -1, -0.7853981633974483, 1.4142135623730951
977, 24, 618, 141, 617, 142, 1, -1, -0.7853981633974483, 1.4142135623730951
977, 26, 482, 124, 480, 124, 2, 0, 0.0, 2.0
977, 33, 515, 130, 513, 131, 2, -1, -0.4636476090008061, 2.23606797749979
977, 34, 572, 142, 569, 143, 3, -1, -0.3217505543966422, 3.1622776601683795
977, 38, 595, 401, 593, 402, 2, -1, -0.4636476090008061, 2.23606797749979
977, 39, 361, 77, 359, 77, 2, 0, 0.0, 2.0
977, 40, 585, 370, 582, 371, 3, -1, -0.3217505543966422, 3.1622776601683795
977, 47, 509, 345, 508, 346, 1, -1, -0.7853981633974483, 1.4142135623730951
977, 48, 131, 144, 130, 145, 1, -1, -0.7853981633974483, 1.4142135623730951
977, 51, 440, 395, 438, 396, 2, -1, -0.4636476090008061, 2.23606797749979
977, 52, 455, 85, 453, 86, 2, -1, -0.4636476090008061, 2.23606797749979
977, 55, 616, 321, 614, 322, 2, -1, -0.4636476090008061, 2.23606797749979
977, 56, 487, 71, 486, 72, 1, -1, -0.7853981633974483, 1.4142135623730951
977, 57, 606, 143, 604, 144, 2, -1, -0.4636476090008061, 2.23606797749979
977, 58, 554, 357, 551, 357, 3, 0, 0.0, 3.0
977, 61, 393, 77, 392, 78, 1, -1, -0.7853981633974483, 1.4142135623730951
978, 3, 561, 127, 559, 127, 2, 0, 0.0, 2.0
978, 5, 320, 366, 319, 367, 1, -1, -0.7853981633974483, 1.4142135623730951
978, 6, 458, 71, 457, 72, 1, -1, -0.7853981633974483, 1.4142135623730951
978, 8, 559, 78, 557, 78, 2, 0, 0.0, 2.0
978, 13, 588, 142, 586, 143, 2, -1, -0.4636476090008061, 2.23606797749979
978, 24, 619, 140, 618, 141, 1, -1, -0.7853981633974483, 1.4142135623730951
978, 25, 101, 328, 100, 330, 1, -2, -1.1071487177940904, 2.23606797749979
978, 26, 483, 123, 482, 124, 1, -1, -0.7853981633974483, 1.4142135623730951
978, 33, 517, 130, 515, 130, 2, 0, 0.0, 2.0
978, 34, 575, 141, 572, 142, 3, -1, -0.3217505543966422, 3.1622776601683795
978, 35, 393, 129, 391, 129, 2, 0, 0.0, 2.0
978, 36, 449, 130, 448, 131, 1, -1, -0.7853981633974483, 1.4142135623730951
978, 38, 596, 400, 595, 401, 1, -1, -0.7853981633974483, 1.4142135623730951
978, 39, 363, 77, 361, 77, 2, 0, 0.0, 2.0
978, 40, 588, 369, 585, 370, 3, -1, -0.3217505543966422, 3.1622776601683795
978, 41, 385, 85, 383, 85, 2, 0, 0.0, 2.0
978, 47, 510, 344, 509, 345, 1, -1, -0.7853981633974483, 1.4142135623730951
978, 48, 132, 143, 131, 144, 1, -1, -0.7853981633974483, 1.4142135623730951
978, 51, 442, 394, 440, 395, 2, -1, -0.4636476090008061, 2.23606797749979
978, 52, 457, 84, 455, 85, 2, -1, -0.4636476090008061, 2.23606797749979
978, 55, 618, 322, 616, 321, 2, 1, 0.4636476090008061, 2.23606797749979
978, 56, 488, 70, 487, 71, 1, -1, -0.7853981633974483, 1.4142135623730951
978, 57, 608, 142, 606, 143, 2, -1, -0.4636476090008061, 2.23606797749979
978, 58, 556, 356, 554, 357, 2, -1, -0.4636476090008061, 2.23606797749979
978, 59, 108, 366, 108, 368, 0, -2, -1.5707963267948966, 2.0
978, 61, 394, 76, 393, 77, 1, -1, -0.7853981633974483, 1.4142135623730951
978, 64, 275, 126, 274, 127, 1, -1, -0.7853981633974483, 1.4142135623730951
979, 1, 330, 65, 329, 66, 1, -1, -0.7853981633974483, 1.4142135623730951
979, 2, 562, 126, 561, 127, 1, -1, -0.7853981633974483, 1.4142135623730951
979, 4, 321, 365, 320, 366, 1, -1, -0.7853981633974483, 1.4142135623730951
979, 5, 459, 70, 458, 71, 1, -1, -0.7853981633974483, 1.4142135623730951
979, 12, 590, 142, 588, 142, 2, 0, 0.0, 2.0
979, 15, 329, 77, 328, 78, 1, -1, -0.7853981633974483, 1.4142135623730951
979, 18, 376, 99, 375, 100, 1, -1, -0.7853981633974483, 1.4142135623730951
979, 19, 375, 403, 374, 404, 1, -1, -0.7853981633974483, 1.4142135623730951
979, 22, 621, 140, 619, 140, 2, 0, 0.0, 2.0
979, 24, 485, 123, 483, 123, 2, 0, 0.0, 2.0
979, 25, 197, 178, 196, 179, 1, -1, -0.7853981633974483, 1.4142135623730951
979, 30, 519, 129, 517, 130, 2, -1, -0.4636476090008061, 2.23606797749979
979, 31, 578, 141, 575, 141, 3, 0, 0.0, 3.0
979, 32, 395, 129, 393, 129, 2, 0, 0.0, 2.0
979, 35, 598, 399, 596, 400, 2, -1, -0.4636476090008061, 2.23606797749979
979, 37, 590, 368, 588, 369, 2, -1, -0.4636476090008061, 2.23606797749979
979, 41, 425, 73, 424, 74, 1, -1, -0.7853981633974483, 1.4142135623730951
979, 44, 512, 343, 510, 344, 2, -1, -0.4636476090008061, 2.23606797749979
979, 45, 133, 142, 132, 143, 1, -1, -0.7853981633974483, 1.4142135623730951
979, 49, 458, 83, 457, 84, 1, -1, -0.7853981633974483, 1.4142135623730951
979, 53, 489, 69, 488, 70, 1, -1, -0.7853981633974483, 1.4142135623730951
979, 54, 611, 142, 608, 142, 3, 0, 0.0, 3.0
979, 55, 559, 356, 556, 356, 3, 0, 0.0, 3.0
979, 56, 106, 364, 108, 366, -2, -2, -2.356194490192345, 2.8284271247461903
979, 60, 151, 290, 150, 291, 1, -1, -0.7853981633974483, 1.4142135623730951
979, 61, 276, 125, 275, 126, 1, -1, -0.7853981633974483, 1.4142135623730951
980, 4, 319, 368, 318, 369, 1, -1, -0.7853981633974483, 1.4142135623730951
980, 5, 330, 67, 329, 68, 1, -1, -0.7853981633974483, 1.4142135623730951
980, 8, 459, 73, 458, 74, 1, -1, -0.7853981633974483, 1.4142135623730951
980, 10, 276, 383, 275, 384, 1, -1, -0.7853981633974483, 1.4142135623730951
980, 17, 589, 142, 587, 143, 2, -1, -0.4636476090008061, 2.23606797749979
980, 20, 595, 403, 594, 404, 1, -1, -0.7853981633974483, 1.4142135623730951
980, 23, 611, 143, 609, 143, 2, 0, 0.0, 2.0
980, 26, 499, 337, 496, 339, 3, -2, -0.5880026035475675, 3.605551275463989
980, 34, 623, 142, 621, 143, 2, -1, -0.4636476090008061, 2.23606797749979
980, 36, 485, 124, 483, 125, 2, -1, -0.4636476090008061, 2.23606797749979
980, 38, 342, 351, 340, 351, 2, 0, 0.0, 2.0
980, 54, 445, 100, 444, 101, 1, -1, -0.7853981633974483, 1.4142135623730951
980, 57, 186, 101, 188, 101, -2, 0, 3.141592653589793, 2.0
981, 2, 561, 129, 559, 129, 2, 0, 0.0, 2.0
981, 7, 460, 72, 459, 73, 1, -1, -0.7853981633974483, 1.4142135623730951
981, 16, 591, 141, 589, 142, 2, -1, -0.4636476090008061, 2.23606797749979
981, 19, 597, 402, 595, 403, 2, -1, -0.4636476090008061, 2.23606797749979
981, 20, 358, 126, 357, 127, 1, -1, -0.7853981633974483, 1.4142135623730951
981, 22, 613, 143, 611, 143, 2, 0, 0.0, 2.0
981, 25, 502, 336, 499, 337, 3, -1, -0.3217505543966422, 3.1622776601683795
981, 33, 625, 141, 623, 142, 2, -1, -0.4636476090008061, 2.23606797749979
981, 34, 376, 404, 375, 405, 1, -1, -0.7853981633974483, 1.4142135623730951
981, 35, 487, 123, 485, 124, 2, -1, -0.4636476090008061, 2.23606797749979
981, 38, 426, 73, 425, 74, 1, -1, -0.7853981633974483, 1.4142135623730951
981, 40, 518, 132, 516, 132, 2, 0, 0.0, 2.0
981, 48, 513, 348, 511, 348, 2, 0, 0.0, 2.0
981, 53, 446, 99, 445, 100, 1, -1, -0.7853981633974483, 1.4142135623730951
981, 56, 184, 100, 186, 101, -2, -1, -2.677945044588987, 2.23606797749979
982, 1, 563, 129, 561, 129, 2, 0, 0.0, 2.0
982, 3, 332, 66, 331, 67, 1, -1, -0.7853981633974483, 1.4142135623730951
982, 11, 370, 69, 369, 70, 1, -1, -0.7853981633974483, 1.4142135623730951
982, 12, 378, 102, 376, 102, 2, 0, 0.0, 2.0
982, 15, 593, 141, 591, 141, 2, 0, 0.0, 2.0
982, 18, 599, 401, 597, 402, 2, -1, -0.4636476090008061, 2.23606797749979
982, 19, 360, 125, 358, 126, 2, -1, -0.4636476090008061, 2.23606797749979
982, 21, 615, 143, 613, 143, 2, 0, 0.0, 2.0
982, 24, 507, 336, 502, 336, 5, 0, 0.0, 5.0
982, 26, 449, 403, 448, 404, 1, -1, -0.7853981633974483, 1.4142135623730951
982, 32, 627, 141, 625, 141, 2, 0, 0.0, 2.0
982, 33, 377, 403, 376, 404, 1, -1, -0.7853981633974483, 1.4142135623730951
982, 34, 489, 122, 487, 123, 2, -1, -0.4636476090008061, 2.23606797749979
982, 36, 344, 350, 343, 351, 1, -1, -0.7853981633974483, 1.4142135623730951
982, 39, 521, 132, 518, 132, 3, 0, 0.0, 3.0
982, 44, 253, 122, 252, 123, 1, -1, -0.7853981633974483, 1.4142135623730951
982, 47, 516, 347, 513, 348, 3, -1, -0.3217505543966422, 3.1622776601683795
982, 48, 490, 403, 489, 404, 1, -1, -0.7853981633974483, 1.4142135623730951
982, 51, 168, 80, 167, 81, 1, -1, -0.7853981633974483, 1.4142135623730951
982, 52, 447, 98, 446, 99, 1, -1, -0.7853981633974483, 1.4142135623730951
982, 55, 183, 101, 184, 100, -1, 1, 2.356194490192345, 1.4142135623730951
983, 1, 565, 129, 563, 129, 2, 0, 0.0, 2.0
983, 7, 563, 79, 561, 79, 2, 0, 0.0, 2.0
983, 15, 595, 141, 593, 141, 2, 0, 0.0, 2.0
983, 17, 384, 373, 383, 374, 1, -1, -0.7853981633974483, 1.4142135623730951
983, 18, 601, 400, 599, 401, 2, -1, -0.4636476090008061, 2.23606797749979
983, 19, 361, 124, 360, 125, 1, -1, -0.7853981633974483, 1.4142135623730951
983, 21, 617, 143, 615, 143, 2, 0, 0.0, 2.0
983, 23, 295, 73, 294, 74, 1, -1, -0.7853981633974483, 1.4142135623730951
983, 29, 482, 391, 481, 392, 1, -1, -0.7853981633974483, 1.4142135623730951
983, 32, 629, 140, 627, 141, 2, -1, -0.4636476090008061, 2.23606797749979
983, 34, 491, 121, 489, 122, 2, -1, -0.4636476090008061, 2.23606797749979
983, 35, 631, 402, 629, 402, 2, 0, 0.0, 2.0
983, 39, 523, 132, 521, 132, 2, 0, 0.0, 2.0
983, 46, 518, 346, 516, 347, 2, -1, -0.4636476090008061, 2.23606797749979
983, 47, 492, 402, 490, 403, 2, -1, -0.4636476090008061, 2.23606797749979
983, 49, 229, 294, 228, 295, 1, -1, -0.7853981633974483, 1.4142135623730951
983, 51, 448, 97, 447, 98, 1, -1, -0.7853981633974483, 1.4142135623730951
984, 1, 568, 129, 565, 129, 3, 0, 0.0, 3.0
984, 2, 323, 367, 322, 368, 1, -1, -0.7853981633974483, 1.4142135623730951
984, 15, 598, 140, 595, 141, 3, -1, -0.3217505543966422, 3.1622776601683795
984, 17, 385, 372, 384, 373, 1, -1, -0.7853981633974483, 1.4142135623730951
984, 21, 619, 143, 617, 143, 2, 0, 0.0, 2.0
984, 22, 297, 72, 295, 73, 2, -1, -0.4636476090008061, 2.23606797749979
984, 23, 505, 337, 506, 336, -1, 1, 2.356194490192345, 1.4142135623730951
984, 25, 451, 402, 450, 403, 1, -1, -0.7853981633974483, 1.4142135623730951
984, 28, 483, 390, 482, 391, 1, -1, -0.7853981633974483, 1.4142135623730951
984, 31, 631, 139, 629, 140, 2, -1, -0.4636476090008061, 2.23606797749979
984, 33, 493, 120, 491, 121, 2, -1, -0.4636476090008061, 2.23606797749979
984, 34, 633, 402, 631, 402, 2, 0, 0.0, 2.0
984, 36, 429, 73, 427, 73, 2, 0, 0.0, 2.0
984, 38, 525, 133, 523, 132, 2, 1, 0.4636476090008061, 2.23606797749979
984, 44, 135, 407, 134, 408, 1, -1, -0.7853981633974483, 1.4142135623730951
984, 45, 520, 345, 518, 346, 2, -1, -0.4636476090008061, 2.23606797749979
984, 46, 493, 401, 492, 402, 1, -1, -0.7853981633974483, 1.4142135623730951
984, 47, 399, 125, 398, 126, 1, -1, -0.7853981633974483, 1.4142135623730951
984, 49, 169, 78, 168, 79, 1, -1, -0.7853981633974483, 1.4142135623730951
984, 50, 449, 96, 448, 97, 1, -1, -0.7853981633974483, 1.4142135623730951
984, 53, 183, 103, 183, 101, 0, 2, 1.5707963267948966, 2.0
985, 3, 566, 130, 564, 130, 2, 0, 0.0, 2.0
985, 5, 464, 73, 463, 74, 1, -1, -0.7853981633974483, 1.4142135623730951
985, 9, 335, 68, 334, 69, 1, -1, -0.7853981633974483, 1.4142135623730951
985, 10, 318, 97, 317, 98, 1, -1, -0.7853981633974483, 1.4142135623730951
985, 12, 379, 404, 378, 405, 1, -1, -0.7853981633974483, 1.4142135623730951
985, 19, 361, 127, 360, 128, 1, -1, -0.7853981633974483, 1.4142135623730951
985, 22, 523, 133, 521, 133, 2, 0, 0.0, 2.0
985, 28, 299, 71, 298, 72, 1, -1, -0.7853981633974483, 1.4142135623730951
985, 31, 600, 403, 599, 404, 1, -1, -0.7853981633974483, 1.4142135623730951
985, 32, 629, 143, 627, 143, 2, 0, 0.0, 2.0
985, 43, 459, 82, 458, 83, 1, -1, -0.7853981633974483, 1.4142135623730951
985, 44, 249, 345, 248, 346, 1, -1, -0.7853981633974483, 1.4142135623730951
985, 45, 330, 81, 329, 82, 1, -1, -0.7853981633974483, 1.4142135623730951
985, 48, 453, 404, 451, 405, 2, -1, -0.4636476090008061, 2.23606797749979
985, 52, 560, 359, 558, 359, 2, 0, 0.0, 2.0
986, 3, 568, 129, 566, 130, 2, -1, -0.4636476090008061, 2.23606797749979
986, 10, 319, 96, 318, 97, 1, -1, -0.7853981633974483, 1.4142135623730951
986, 13, 564, 79, 563, 80, 1, -1, -0.7853981633974483, 1.4142135623730951
986, 14, 382, 102, 381, 103, 1, -1, -0.7853981633974483, 1.4142135623730951
986, 22, 525, 133, 523, 133, 2, 0, 0.0, 2.0
986, 31, 602, 403, 600, 403, 2, 0, 0.0, 2.0
986, 39, 430, 74, 429, 75, 1, -1, -0.7853981633974483, 1.4142135623730951
986, 40, 491, 123, 490, 124, 1, -1, -0.7853981633974483, 1.4142135623730951
986, 42, 93, 348, 92, 349, 1, -1, -0.7853981633974483, 1.4142135623730951
986, 45, 331, 80, 330, 81, 1, -1, -0.7853981633974483, 1.4142135623730951
986, 48, 454, 403, 453, 404, 1, -1, -0.7853981633974483, 1.4142135623730951
986, 52, 562, 359, 560, 359, 2, 0, 0.0, 2.0
987, 5, 466, 72, 465, 73, 1, -1, -0.7853981633974483, 1.4142135623730951
987, 10, 320, 95, 319, 96, 1, -1, -0.7853981633974483, 1.4142135623730951
987, 11, 381, 403, 380, 404, 1, -1, -0.7853981633974483, 1.4142135623730951
987, 12, 566, 78, 564, 79, 2, -1, -0.4636476090008061, 2.23606797749979
987, 18, 364, 127, 362, 127, 2, 0, 0.0, 2.0
987, 32, 134, 145, 133, 146, 1, -1, -0.7853981633974483, 1.4142135623730951
987, 45, 244, 339, 242, 339, 2, 0, 0.0, 2.0
987, 51, 564, 359, 562, 359, 2, 0, 0.0, 2.0
988, 4, 467, 71, 466, 72, 1, -1, -0.7853981633974483, 1.4142135623730951
988, 5, 108, 143, 106, 145, 2, -2, -0.7853981633974483, 2.8284271247461903
988, 17, 365, 126, 364, 127, 1, -1, -0.7853981633974483, 1.4142135623730951
988, 18, 599, 143, 597, 143, 2, 0, 0.0, 2.0
988, 20, 528, 133, 526, 133, 2, 0, 0.0, 2.0
988, 22, 374, 69, 372, 70, 2, -1, -0.4636476090008061, 2.23606797749979
988, 23, 199, 177, 200, 179, -1, -2, -2.0344439357957027, 2.23606797749979
988, 24, 242, 349, 241, 348, 1, 1, 0.7853981633974483, 1.4142135623730951
988, 29, 604, 402, 603, 403, 1, -1, -0.7853981633974483, 1.4142135623730951
988, 33, 381, 374, 378, 373, 3, 1, 0.3217505543966422, 3.1622776601683795
988, 37, 432, 73, 431, 74, 1, -1, -0.7853981633974483, 1.4142135623730951
988, 38, 494, 123, 492, 123, 2, 0, 0.0, 2.0
988, 41, 462, 81, 461, 82, 1, -1, -0.7853981633974483, 1.4142135623730951
988, 44, 246, 339, 244, 339, 2, 0, 0.0, 2.0
988, 46, 456, 402, 455, 403, 1, -1, -0.7853981633974483, 1.4142135623730951
988, 48, 258, 122, 257, 123, 1, -1, -0.7853981633974483, 1.4142135623730951
988, 50, 565, 358, 564, 359, 1, -1, -0.7853981633974483, 1.4142135623730951
988, 53, 208, 342, 206, 343, 2, -1, -0.4636476090008061, 2.23606797749979
989, 1, 572, 128, 570, 129, 2, -1, -0.4636476090008061, 2.23606797749979
989, 3, 468, 70, 467, 71, 1, -1, -0.7853981633974483, 1.4142135623730951
989, 10, 569, 77, 567, 78, 2, -1, -0.4636476090008061, 2.23606797749979
989, 11, 385, 101, 384, 102, 1, -1, -0.7853981633974483, 1.4142135623730951
989, 24, 171, 77, 170, 78, 1, -1, -0.7853981633974483, 1.4142135623730951
989, 27, 332, 361, 330, 361, 2, 0, 0.0, 2.0
989, 29, 634, 143, 632, 143, 2, 0, 0.0, 2.0
989, 32, 383, 375, 381, 374, 2, 1, 0.4636476090008061, 2.23606797749979
989, 42, 333, 78, 332, 79, 1, -1, -0.7853981633974483, 1.4142135623730951
989, 43, 248, 339, 246, 339, 2, 0, 0.0, 2.0
989, 44, 278, 383, 277, 384, 1, -1, -0.7853981633974483, 1.4142135623730951
989, 45, 457, 401, 456, 402, 1, -1, -0.7853981633974483, 1.4142135623730951
989, 49, 566, 357, 565, 358, 1, -1, -0.7853981633974483, 1.4142135623730951
990, 3, 571, 129, 569, 130, 2, -1, -0.4636476090008061, 2.23606797749979
990, 4, 322, 94, 321, 95, 1, -1, -0.7853981633974483, 1.4142135623730951
990, 5, 330, 369, 329, 370, 1, -1, -0.7853981633974483, 1.4142135623730951
990, 6, 468, 73, 467, 74, 1, -1, -0.7853981633974483, 1.4142135623730951
990, 7, 338, 68, 337, 69, 1, -1, -0.7853981633974483, 1.4142135623730951
990, 16, 433, 74, 432, 75, 1, -1, -0.7853981633974483, 1.4142135623730951
990, 18, 384, 405, 383, 406, 1, -1, -0.7853981633974483, 1.4142135623730951
990, 31, 496, 124, 494, 124, 2, 0, 0.0, 2.0
990, 32, 600, 145, 598, 145, 2, 0, 0.0, 2.0
990, 33, 634, 143, 632, 143, 2, 0, 0.0, 2.0
990, 36, 457, 404, 456, 405, 1, -1, -0.7853981633974483, 1.4142135623730951
990, 38, 120, 366, 119, 367, 1, -1, -0.7853981633974483, 1.4142135623730951
990, 43, 524, 345, 522, 346, 2, -1, -0.4636476090008061, 2.23606797749979
990, 45, 565, 358, 564, 359, 1, -1, -0.7853981633974483, 1.4142135623730951
990, 47, 497, 403, 496, 404, 1, -1, -0.7853981633974483, 1.4142135623730951
991, 1, 574, 128, 571, 129, 3, -1, -0.3217505543966422, 3.1622776601683795
991, 3, 331, 368, 330, 369, 1, -1, -0.7853981633974483, 1.4142135623730951
991, 4, 469, 72, 468, 73, 1, -1, -0.7853981633974483, 1.4142135623730951
991, 8, 570, 80, 568, 80, 2, 0, 0.0, 2.0
991, 11, 377, 71, 375, 71, 2, 0, 0.0, 2.0
991, 12, 107, 328, 106, 329, 1, -1, -0.7853981633974483, 1.4142135623730951
991, 16, 385, 404, 384, 405, 1, -1, -0.7853981633974483, 1.4142135623730951
991, 20, 366, 129, 364, 129, 2, 0, 0.0, 2.0
991, 27, 137, 145, 136, 146, 1, -1, -0.7853981633974483, 1.4142135623730951
991, 34, 459, 403, 457, 404, 2, -1, -0.4636476090008061, 2.23606797749979
991, 39, 156, 292, 155, 293, 1, -1, -0.7853981633974483, 1.4142135623730951
991, 41, 525, 342, 524, 345, 1, -3, -1.2490457723982544, 3.1622776601683795
991, 42, 209, 181, 209, 183, 0, -2, -1.5707963267948966, 2.0
991, 43, 567, 357, 565, 358, 2, -1, -0.4636476090008061, 2.23606797749979
991, 45, 499, 402, 497, 403, 2, -1, -0.4636476090008061, 2.23606797749979
991, 47, 382, 74, 381, 75, 1, -1, -0.7853981633974483, 1.4142135623730951
992, 1, 576, 127, 574, 128, 2, -1, -0.4636476090008061, 2.23606797749979
992, 3, 332, 367, 331, 368, 1, -1, -0.7853981633974483, 1.4142135623730951
992, 4, 470, 71, 469, 72, 1, -1, -0.7853981633974483, 1.4142135623730951
992, 8, 572, 79, 570, 80, 2, -1, -0.4636476090008061, 2.23606797749979
992, 11, 379, 71, 377, 71, 2, 0, 0.0, 2.0
992, 14, 435, 73, 434, 74, 1, -1, -0.7853981633974483, 1.4142135623730951
992, 18, 211, 406, 210, 407, 1, -1, -0.7853981633974483, 1.4142135623730951
992, 20, 367, 128, 366, 129, 1, -1, -0.7853981633974483, 1.4142135623730951
992, 22, 343, 78, 341, 78, 2, 0, 0.0, 2.0
992, 26, 138, 144, 137, 145, 1, -1, -0.7853981633974483, 1.4142135623730951
992, 27, 608, 403, 606, 403, 2, 0, 0.0, 2.0
992, 28, 501, 122, 497, 124, 4, -2, -0.4636476090008061, 4.47213595499958
992, 29, 605, 143, 601, 145, 4, -2, -0.4636476090008061, 4.47213595499958
992, 33, 460, 402, 459, 403, 1, -1, -0.7853981633974483, 1.4142135623730951
992, 40, 526, 341, 525, 342, 1, -1, -0.7853981633974483, 1.4142135623730951
992, 42, 569, 356, 567, 357, 2, -1, -0.4636476090008061, 2.23606797749979
992, 44, 501, 401, 499, 402, 2, -1, -0.4636476090008061, 2.23606797749979
992, 46, 383, 73, 382, 74, 1, -1, -0.7853981633974483, 1.4142135623730951
992, 48, 531, 134, 529, 134, 2, 0, 0.0, 2.0
993, 1, 578, 126, 576, 127, 2, -1, -0.4636476090008061, 2.23606797749979
993, 11, 380, 70, 379, 71, 1, -1, -0.7853981633974483, 1.4142135623730951
993, 12, 108, 326, 107, 327, 1, -1, -0.7853981633974483, 1.4142135623730951
993, 13, 388, 103, 387, 104, 1, -1, -0.7853981633974483, 1.4142135623730951
993, 14, 437, 73, 435, 73, 2, 0, 0.0, 2.0
993, 18, 212, 405, 211, 406, 1, -1, -0.7853981633974483, 1.4142135623730951
993, 19, 378, 79, 377, 80, 1, -1, -0.7853981633974483, 1.4142135623730951
993, 22, 344, 77, 343, 78, 1, -1, -0.7853981633974483, 1.4142135623730951
993, 27, 610, 403, 608, 403, 2, 0, 0.0, 2.0
993, 28, 503, 122, 501, 122, 2, 0, 0.0, 2.0
993, 29, 607, 143, 605, 143, 2, 0, 0.0, 2.0
993, 33, 462, 401, 460, 402, 2, -1, -0.4636476090008061, 2.23606797749979
993, 38, 157, 290, 156, 291, 1, -1, -0.7853981633974483, 1.4142135623730951
993, 42, 571, 355, 569, 356, 2, -1, -0.4636476090008061, 2.23606797749979
993, 43, 310, 124, 309, 125, 1, -1, -0.7853981633974483, 1.4142135623730951
993, 44, 503, 400, 501, 401, 2, -1, -0.4636476090008061, 2.23606797749979
993, 46, 384, 72, 383, 73, 1, -1, -0.7853981633974483, 1.4142135623730951
993, 48, 533, 133, 531, 134, 2, -1, -0.4636476090008061, 2.23606797749979
993, 49, 617, 147, 616, 148, 1, -1, -0.7853981633974483, 1.4142135623730951
994, 1, 580, 125, 578, 126, 2, -1, -0.4636476090008061, 2.23606797749979
994, 8, 574, 78, 573, 79, 1, -1, -0.7853981633974483, 1.4142135623730951
994, 9, 279, 381, 278, 382, 1, -1, -0.7853981633974483, 1.4142135623730951
994, 11, 381, 69, 380, 70, 1, -1, -0.7853981633974483, 1.4142135623730951
994, 13, 389, 102, 388, 103, 1, -1, -0.7853981633974483, 1.4142135623730951
994, 16, 388, 403, 387, 404, 1, -1, -0.7853981633974483, 1.4142135623730951
994, 19, 379, 78, 378, 79, 1, -1, -0.7853981633974483, 1.4142135623730951
994, 20, 369, 127, 368, 128, 1, -1, -0.7853981633974483, 1.4142135623730951
994, 29, 609, 143, 607, 143, 2, 0, 0.0, 2.0
994, 31, 598, 72, 596, 73, 2, -1, -0.4636476090008061, 2.23606797749979
994, 33, 463, 400, 462, 401, 1, -1, -0.7853981633974483, 1.4142135623730951
994, 39, 282, 349, 281, 350, 1, -1, -0.7853981633974483, 1.4142135623730951
994, 40, 529, 340, 527, 341, 2, -1, -0.4636476090008061, 2.23606797749979
994, 42, 574, 354, 571, 355, 3, -1, -0.3217505543966422, 3.1622776601683795
994, 44, 504, 399, 503, 400, 1, -1, -0.7853981633974483, 1.4142135623730951
994, 46, 385, 71, 384, 72, 1, -1, -0.7853981633974483, 1.4142135623730951
995, 5, 383, 70, 380, 71, 3, -1, -0.3217505543966422, 3.1622776601683795
995, 7, 325, 95, 324, 96, 1, -1, -0.7853981633974483, 1.4142135623730951
995, 12, 389, 405, 387, 406, 2, -1, -0.4636476090008061, 2.23606797749979
995, 14, 534, 135, 532, 135, 2, 0, 0.0, 2.0
995, 22, 515, 334, 511, 336, 4, -2, -0.4636476090008061, 4.47213595499958
995, 23, 625, 146, 624, 147, 1, -1, -0.7853981633974483, 1.4142135623730951
995, 26, 405, 89, 403, 89, 2, 0, 0.0, 2.0
995, 29, 612, 403, 609, 404, 3, -1, -0.3217505543966422, 3.1622776601683795
995, 30, 378, 80, 376, 81, 2, -1, -0.4636476090008061, 2.23606797749979
995, 32, 316, 121, 312, 122, 4, -1, -0.24497866312686414, 4.123105625617661
995, 33, 504, 403, 501, 404, 3, -1, -0.3217505543966422, 3.1622776601683795
995, 36, 590, 146, 589, 147, 1, -1, -0.7853981633974483, 1.4142135623730951
995, 38, 470, 130, 468, 130, 2, 0, 0.0, 2.0
995, 41, 505, 74, 504, 75, 1, -1, -0.7853981633974483, 1.4142135623730951
995, 50, 528, 345, 526, 345, 2, 0, 0.0, 2.0
995, 56, 612, 396, 610, 396, 2, 0, 0.0, 2.0
995, 57, 210, 107, 208, 108, 2, -1, -0.4636476090008061, 2.23606797749979
995, 58, 604, 370, 602, 371, 2, -1, -0.4636476090008061, 2.23606797749979
996, 0, 334, 369, 333, 370, 1, -1, -0.7853981633974483, 1.4142135623730951
996, 1, 578, 128, 577, 129, 1, -1, -0.7853981633974483, 1.4142135623730951
996, 4, 384, 69, 383, 70, 1, -1, -0.7853981633974483, 1.4142135623730951
996, 11, 390, 404, 389, 405, 1, -1, -0.7853981633974483, 1.4142135623730951
996, 12, 608, 145, 606, 145, 2, 0, 0.0, 2.0
996, 13, 536, 135, 534, 135, 2, 0, 0.0, 2.0
996, 15, 279, 390, 278, 391, 1, -1, -0.7853981633974483, 1.4142135623730951
996, 16, 139, 144, 138, 145, 1, -1, -0.7853981633974483, 1.4142135623730951
996, 21, 519, 332, 515, 334, 4, -2, -0.4636476090008061, 4.47213595499958
996, 22, 626, 145, 625, 146, 1, -1, -0.7853981633974483, 1.4142135623730951
996, 24, 139, 404, 138, 405, 1, -1, -0.7853981633974483, 1.4142135623730951
996, 25, 406, 88, 405, 89, 1, -1, -0.7853981633974483, 1.4142135623730951
996, 27, 175, 377, 176, 379, -1, -2, -2.0344439357957027, 2.23606797749979
996, 29, 379, 79, 378, 80, 1, -1, -0.7853981633974483, 1.4142135623730951
996, 32, 505, 402, 504, 403, 1, -1, -0.7853981633974483, 1.4142135623730951
996, 35, 591, 145, 590, 146, 1, -1, -0.7853981633974483, 1.4142135623730951
996, 36, 438, 77, 436, 77, 2, 0, 0.0, 2.0
996, 40, 506, 73, 505, 74, 1, -1, -0.7853981633974483, 1.4142135623730951
996, 48, 463, 404, 462, 405, 1, -1, -0.7853981633974483, 1.4142135623730951
996, 49, 530, 344, 528, 345, 2, -1, -0.4636476090008061, 2.23606797749979
996, 52, 237, 295, 236, 296, 1, -1, -0.7853981633974483, 1.4142135623730951
996, 54, 177, 75, 176, 76, 1, -1, -0.7853981633974483, 1.4142135623730951
996, 55, 615, 396, 612, 396, 3, 0, 0.0, 3.0
996, 57, 606, 369, 604, 370, 2, -1, -0.4636476090008061, 2.23606797749979
996, 59, 490, 128, 489, 129, 1, -1, -0.7853981633974483, 1.4142135623730951
996, 60, 158, 290, 157, 291, 1, -1, -0.7853981633974483, 1.4142135623730951
997, 0, 335, 368, 334, 369, 1, -1, -0.7853981633974483, 1.4142135623730951
997, 1, 579, 127, 578, 128, 1, -1, -0.7853981633974483, 1.4142135623730951
997, 6, 327, 94, 326, 95, 1, -1, -0.7853981633974483, 1.4142135623730951
997, 7, 578, 81, 576, 82, 2, -1, -0.4636476090008061, 2.23606797749979
997, 9, 389, 102, 388, 103, 1, -1, -0.7853981633974483, 1.4142135623730951
997, 11, 392, 404, 390, 404, 2, 0, 0.0, 2.0
997, 13, 538, 135, 536, 135, 2, 0, 0.0, 2.0
997, 16, 140, 143, 139, 144, 1, -1, -0.7853981633974483, 1.4142135623730951
997, 17, 108, 325, 108, 327, 0, -2, -1.5707963267948966, 2.0
997, 20, 372, 128, 371, 129, 1, -1, -0.7853981633974483, 1.4142135623730951
997, 21, 523, 332, 519, 332, 4, 0, 0.0, 4.0
997, 31, 507, 401, 505, 402, 2, -1, -0.4636476090008061, 2.23606797749979
997, 33, 592, 144, 591, 145, 1, -1, -0.7853981633974483, 1.4142135623730951
997, 38, 507, 72, 506, 73, 1, -1, -0.7853981633974483, 1.4142135623730951
997, 44, 600, 72, 599, 73, 1, -1, -0.7853981633974483, 1.4142135623730951
997, 46, 464, 403, 463, 404, 1, -1, -0.7853981633974483, 1.4142135623730951
997, 47, 532, 343, 530, 344, 2, -1, -0.4636476090008061, 2.23606797749979
997, 51, 466, 82, 465, 83, 1, -1, -0.7853981633974483, 1.4142135623730951
997, 52, 178, 74, 177, 75, 1, -1, -0.7853981633974483, 1.4142135623730951
997, 53, 618, 396, 615, 396, 3, 0, 0.0, 3.0
997, 54, 211, 105, 210, 106, 1, -1, -0.7853981633974483, 1.4142135623730951
997, 55, 608, 368, 606, 369, 2, -1, -0.4636476090008061, 2.23606797749979
997, 57, 491, 127, 490, 128, 1, -1, -0.7853981633974483, 1.4142135623730951
998, 0, 336, 367, 335, 368, 1, -1, -0.7853981633974483, 1.4142135623730951
998, 1, 581, 127, 579, 127, 2, 0, 0.0, 2.0
998, 7, 580, 81, 578, 81, 2, 0, 0.0, 2.0
998, 9, 390, 101, 389, 102, 1, -1, -0.7853981633974483, 1.4142135623730951
998, 11, 394, 403, 392, 404, 2, -1, -0.4636476090008061, 2.23606797749979
998, 12, 611, 145, 609, 145, 2, 0, 0.0, 2.0
998, 13, 540, 135, 538, 135, 2, 0, 0.0, 2.0
998, 15, 280, 389, 279, 390, 1, -1, -0.7853981633974483, 1.4142135623730951
998, 16, 141, 142, 140, 143, 1, -1, -0.7853981633974483, 1.4142135623730951
998, 17, 109, 324, 108, 325, 1, -1, -0.7853981633974483, 1.4142135623730951
998, 19, 247, 353, 246, 352, 1, 1, 0.7853981633974483, 1.4142135623730951
998, 20, 373, 127, 372, 128, 1, -1, -0.7853981633974483, 1.4142135623730951
998, 21, 629, 144, 627, 145, 2, -1, -0.4636476090008061, 2.23606797749979
998, 26, 615, 402, 614, 403, 1, -1, -0.7853981633974483, 1.4142135623730951
998, 27, 381, 78, 380, 79, 1, -1, -0.7853981633974483, 1.4142135623730951
998, 30, 508, 400, 507, 401, 1, -1, -0.7853981633974483, 1.4142135623730951
998, 32, 594, 143, 592, 144, 2, -1, -0.4636476090008061, 2.23606797749979
998, 33, 441, 76, 439, 77, 2, -1, -0.4636476090008061, 2.23606797749979
998, 35, 215, 406, 214, 407, 1, -1, -0.7853981633974483, 1.4142135623730951
998, 37, 509, 71, 507, 72, 2, -1, -0.4636476090008061, 2.23606797749979
998, 39, 212, 343, 211, 344, 1, -1, -0.7853981633974483, 1.4142135623730951
998, 43, 602, 72, 600, 72, 2, 0, 0.0, 2.0
998, 44, 290, 125, 289, 126, 1, -1, -0.7853981633974483, 1.4142135623730951
998, 45, 466, 402, 464, 403, 2, -1, -0.4636476090008061, 2.23606797749979
998, 46, 534, 342, 532, 343, 2, -1, -0.4636476090008061, 2.23606797749979
998, 52, 622, 397, 618, 396, 4, 1, 0.24497866312686414, 4.123105625617661
998, 54, 610, 367, 608, 368, 2, -1, -0.4636476090008061, 2.23606797749979
998, 56, 493, 126, 491, 127, 2, -1, -0.4636476090008061, 2.23606797749979
998, 57, 159, 289, 158, 290, 1, -1, -0.7853981633974483, 1.4142135623730951
999, 41, 624, 396, 622, 397, 2, -1, -0.4636476090008061, 2.23606797749979
1000, 3, 583, 129, 579, 130, 4, -1, -0.24497866312686414, 4.123105625617661
1000, 4, 339, 368, 335, 369, 4, -1, -0.24497866312686414, 4.123105625617661
1000, 5, 347, 69, 344, 70, 3, -1, -0.3217505543966422, 3.1622776601683795
1000, 6, 179, 74, 177, 75, 2, -1, -0.4636476090008061, 2.23606797749979
1000, 7, 330, 98, 327, 99, 3, -1, -0.3217505543966422, 3.1622776601683795
1000, 8, 477, 75, 474, 75, 3, 0, 0.0, 3.0
1000, 9, 579, 80, 576, 80, 3, 0, 0.0, 3.0
1000, 10, 388, 69, 385, 70, 3, -1, -0.3217505543966422, 3.1622776601683795
1000, 11, 114, 148, 112, 148, 2, 0, 0.0, 2.0
1000, 12, 218, 408, 216, 409, 2, -1, -0.4636476090008061, 2.23606797749979
1000, 13, 393, 102, 390, 103, 3, -1, -0.3217505543966422, 3.1622776601683795
1000, 14, 113, 325, 111, 327, 2, -2, -0.7853981633974483, 2.8284271247461903
1000, 15, 249, 348, 248, 347, 1, 1, 0.7853981633974483, 1.4142135623730951
1000, 17, 613, 146, 609, 146, 4, 0, 0.0, 4.0
1000, 18, 248, 355, 247, 354, 1, 1, 0.7853981633974483, 1.4142135623730951
1000, 20, 382, 80, 380, 80, 2, 0, 0.0, 2.0
1000, 21, 597, 145, 593, 146, 4, -1, -0.24497866312686414, 4.123105625617661
1000, 23, 316, 128, 313, 129, 3, -1, -0.3217505543966422, 3.1622776601683795
1000, 24, 440, 74, 436, 75, 4, -1, -0.24497866312686414, 4.123105625617661
1000, 25, 401, 87, 400, 88, 1, -1, -0.7853981633974483, 1.4142135623730951
1000, 26, 618, 403, 614, 404, 4, -1, -0.24497866312686414, 4.123105625617661
1000, 27, 376, 128, 372, 129, 4, -1, -0.24497866312686414, 4.123105625617661
1000, 28, 139, 408, 138, 409, 1, -1, -0.7853981633974483, 1.4142135623730951
1000, 29, 393, 406, 390, 406, 3, 0, 0.0, 3.0
1000, 30, 541, 136, 537, 135, 4, 1, 0.24497866312686414, 4.123105625617661
1000, 33, 282, 383, 280, 384, 2, -1, -0.4636476090008061, 2.23606797749979
1000, 34, 265, 125, 263, 125, 2, 0, 0.0, 2.0
1000, 36, 309, 75, 306, 75, 3, 0, 0.0, 3.0
1000, 37, 221, 329, 220, 328, 1, 1, 0.7853981633974483, 1.4142135623730951
1000, 38, 509, 74, 505, 74, 4, 0, 0.0, 4.0
1000, 39, 506, 126, 503, 126, 3, 0, 0.0, 3.0
1000, 41, 466, 404, 462, 404, 4, 0, 0.0, 4.0
1000, 42, 261, 339, 260, 336, 1, 3, 1.2490457723982544, 3.1622776601683795
1000, 43, 99, 347, 97, 348, 2, -1, -0.4636476090008061, 2.23606797749979
1000, 44, 160, 292, 158, 292, 2, 0, 0.0, 2.0
1000, 45, 169, 151, 168, 153, 1, -2, -1.1071487177940904, 2.23606797749979
1000, 46, 604, 74, 601, 74, 3, 0, 0.0, 3.0
1000, 47, 163, 405, 162, 406, 1, -1, -0.7853981633974483, 1.4142135623730951
1000, 48, 350, 78, 347, 79, 3, -1, -0.3217505543966422, 3.1622776601683795
1000, 49, 283, 391, 281, 392, 2, -1, -0.4636476090008061, 2.23606797749979
1000, 51, 240, 163, 240, 165, 0, -2, -1.5707963267948966, 2.0
1000, 52, 603, 333, 598, 335, 5, -2, -0.3805063771123649, 5.385164807134504
1001, 3, 585, 129, 583, 129, 2, 0, 0.0, 2.0
1001, 4, 341, 367, 339, 368, 2, -1, -0.4636476090008061, 2.23606797749979
1001, 5, 348, 68, 347, 69, 1, -1, -0.7853981633974483, 1.4142135623730951
1001, 7, 331, 97, 330, 98, 1, -1, -0.7853981633974483, 1.4142135623730951
1001, 8, 478, 74, 477, 75, 1, -1, -0.7853981633974483, 1.4142135623730951
1001, 9, 581, 80, 579, 80, 2, 0, 0.0, 2.0
1001, 13, 394, 101, 393, 102, 1, -1, -0.7853981633974483, 1.4142135623730951
1001, 14, 114, 324, 113, 325, 1, -1, -0.7853981633974483, 1.4142135623730951
1001, 17, 615, 145, 613, 146, 2, -1, -0.4636476090008061, 2.23606797749979
1001, 20, 383, 79, 382, 80, 1, -1, -0.7853981633974483, 1.4142135623730951
1001, 21, 600, 145, 597, 145, 3, 0, 0.0, 3.0
1001, 24, 441, 73, 440, 74, 1, -1, -0.7853981633974483, 1.4142135623730951
1001, 27, 377, 127, 376, 128, 1, -1, -0.7853981633974483, 1.4142135623730951
1001, 30, 543, 136, 541, 136, 2, 0, 0.0, 2.0
1001, 39, 508, 125, 506, 126, 2, -1, -0.4636476090008061, 2.23606797749979
1001, 41, 467, 403, 466, 404, 1, -1, -0.7853981633974483, 1.4142135623730951
1001, 46, 606, 73, 604, 74, 2, -1, -0.4636476090008061, 2.23606797749979
1001, 48, 351, 77, 350, 78, 1, -1, -0.7853981633974483, 1.4142135623730951
1001, 49, 284, 390, 283, 391, 1, -1, -0.7853981633974483, 1.4142135623730951
1001, 51, 606, 332, 603, 333, 3, -1, -0.3217505543966422, 3.1622776601683795
1002, 3, 587, 128, 585, 129, 2, -1, -0.4636476090008061, 2.23606797749979
1002, 4, 343, 366, 341, 367, 2, -1, -0.4636476090008061, 2.23606797749979
1002, 6, 180, 71, 179, 73, 1, -2, -1.1071487177940904, 2.23606797749979
1002, 7, 332, 96, 331, 97, 1, -1, -0.7853981633974483, 1.4142135623730951
1002, 8, 480, 73, 478, 74, 2, -1, -0.4636476090008061, 2.23606797749979
1002, 9, 583, 79, 581, 80, 2, -1, -0.4636476090008061, 2.23606797749979
1002, 11, 115, 147, 114, 148, 1, -1, -0.7853981633974483, 1.4142135623730951
1002, 12, 219, 407, 218, 408, 1, -1, -0.7853981633974483, 1.4142135623730951
1002, 13, 395, 100, 394, 101, 1, -1, -0.7853981633974483, 1.4142135623730951
1002, 14, 115, 323, 114, 324, 1, -1, -0.7853981633974483, 1.4142135623730951
1002, 17, 617, 145, 615, 145, 2, 0, 0.0, 2.0
1002, 20, 384, 78, 383, 79, 1, -1, -0.7853981633974483, 1.4142135623730951
1002, 21, 602, 145, 600, 145, 2, 0, 0.0, 2.0
1002, 23, 318, 127, 317, 128, 1, -1, -0.7853981633974483, 1.4142135623730951
1002, 24, 443, 73, 441, 73, 2, 0, 0.0, 2.0
1002, 26, 620, 402, 619, 403, 1, -1, -0.7853981633974483, 1.4142135623730951
1002, 27, 379, 126, 377, 127, 2, -1, -0.4636476090008061, 2.23606797749979
1002, 30, 544, 137, 543, 136, 1, 1, 0.7853981633974483, 1.4142135623730951
1002, 32, 528, 334, 526, 334, 2, 0, 0.0, 2.0
1002, 33, 284, 382, 283, 383, 1, -1, -0.7853981633974483, 1.4142135623730951
1002, 39, 510, 124, 508, 125, 2, -1, -0.4636476090008061, 2.23606797749979
1002, 45, 169, 148, 169, 150, 0, -2, -1.5707963267948966, 2.0
1002, 46, 607, 72, 606, 73, 1, -1, -0.7853981633974483, 1.4142135623730951
1002, 48, 352, 76, 351, 77, 1, -1, -0.7853981633974483, 1.4142135623730951
1002, 49, 285, 389, 284, 390, 1, -1, -0.7853981633974483, 1.4142135623730951
1002, 51, 608, 332, 606, 332, 2, 0, 0.0, 2.0
1003, 4, 350, 67, 349, 68, 1, -1, -0.7853981633974483, 1.4142135623730951
1003, 6, 333, 95, 332, 96, 1, -1, -0.7853981633974483, 1.4142135623730951
1003, 7, 482, 72, 480, 73, 2, -1, -0.4636476090008061, 2.23606797749979
1003, 12, 396, 99, 395, 100, 1, -1, -0.7853981633974483, 1.4142135623730951
1003, 14, 251, 349, 250, 348, 1, 1, 0.7853981633974483, 1.4142135623730951
1003, 16, 620, 144, 617, 145, 3, -1, -0.3217505543966422, 3.1622776601683795
1003, 20, 604, 145, 602, 145, 2, 0, 0.0, 2.0
1003, 23, 444, 72, 443, 73, 1, -1, -0.7853981633974483, 1.4142135623730951
1003, 25, 621, 401, 620, 402, 1, -1, -0.7853981633974483, 1.4142135623730951
1003, 26, 380, 125, 379, 126, 1, -1, -0.7853981633974483, 1.4142135623730951
1003, 28, 396, 405, 395, 406, 1, -1, -0.7853981633974483, 1.4142135623730951
1003, 31, 530, 333, 528, 334, 2, -1, -0.4636476090008061, 2.23606797749979
1003, 32, 285, 381, 284, 382, 1, -1, -0.7853981633974483, 1.4142135623730951
1003, 33, 267, 123, 266, 124, 1, -1, -0.7853981633974483, 1.4142135623730951
1003, 34, 312, 74, 311, 75, 1, -1, -0.7853981633974483, 1.4142135623730951
1003, 37, 511, 123, 510, 124, 1, -1, -0.7853981633974483, 1.4142135623730951
1003, 41, 101, 345, 100, 346, 1, -1, -0.7853981633974483, 1.4142135623730951
1003, 46, 353, 75, 352, 76, 1, -1, -0.7853981633974483, 1.4142135623730951
1003, 47, 287, 389, 285, 389, 2, 0, 0.0, 2.0
1004, 3, 346, 365, 344, 366, 2, -1, -0.4636476090008061, 2.23606797749979
1004, 4, 351, 66, 350, 67, 1, -1, -0.7853981633974483, 1.4142135623730951
1004, 5, 181, 68, 180, 70, 1, -2, -1.1071487177940904, 2.23606797749979
1004, 6, 334, 94, 333, 95, 1, -1, -0.7853981633974483, 1.4142135623730951
1004, 7, 484, 71, 482, 72, 2, -1, -0.4636476090008061, 2.23606797749979
1004, 11, 220, 406, 219, 407, 1, -1, -0.7853981633974483, 1.4142135623730951
1004, 12, 398, 98, 396, 99, 2, -1, -0.4636476090008061, 2.23606797749979
1004, 16, 622, 143, 620, 144, 2, -1, -0.4636476090008061, 2.23606797749979
1004, 20, 606, 145, 604, 145, 2, 0, 0.0, 2.0
1004, 23, 446, 71, 444, 72, 2, -1, -0.4636476090008061, 2.23606797749979
1004, 25, 622, 400, 621, 401, 1, -1, -0.7853981633974483, 1.4142135623730951
1004, 26, 381, 124, 380, 125, 1, -1, -0.7853981633974483, 1.4142135623730951
1004, 28, 397, 404, 396, 405, 1, -1, -0.7853981633974483, 1.4142135623730951
1004, 29, 547, 137, 545, 137, 2, 0, 0.0, 2.0
1004, 31, 531, 332, 530, 333, 1, -1, -0.7853981633974483, 1.4142135623730951
1004, 32, 286, 380, 285, 381, 1, -1, -0.7853981633974483, 1.4142135623730951
1004, 34, 313, 73, 312, 74, 1, -1, -0.7853981633974483, 1.4142135623730951
1004, 37, 513, 122, 511, 123, 2, -1, -0.4636476090008061, 2.23606797749979
1004, 41, 102, 344, 101, 345, 1, -1, -0.7853981633974483, 1.4142135623730951
1004, 44, 609, 71, 608, 72, 1, -1, -0.7853981633974483, 1.4142135623730951
1004, 46, 355, 75, 353, 75, 2, 0, 0.0, 2.0
1004, 47, 288, 388, 287, 389, 1, -1, -0.7853981633974483, 1.4142135623730951
1004, 49, 610, 331, 609, 332, 1, -1, -0.7853981633974483, 1.4142135623730951
1005, 3, 351, 69, 350, 70, 1, -1, -0.7853981633974483, 1.4142135623730951
1005, 8, 482, 73, 481, 74, 1, -1, -0.7853981633974483, 1.4142135623730951
1005, 10, 379, 128, 378, 129, 1, -1, -0.7853981633974483, 1.4142135623730951
1005, 11, 390, 69, 389, 70, 1, -1, -0.7853981633974483, 1.4142135623730951
1005, 12, 182, 73, 181, 74, 1, -1, -0.7853981633974483, 1.4142135623730951
1005, 13, 343, 368, 341, 369, 2, -1, -0.4636476090008061, 2.23606797749979
1005, 15, 285, 383, 284, 384, 1, -1, -0.7853981633974483, 1.4142135623730951
1005, 16, 115, 325, 114, 326, 1, -1, -0.7853981633974483, 1.4142135623730951
1005, 17, 447, 76, 445, 76, 2, 0, 0.0, 2.0
1005, 21, 314, 73, 313, 74, 1, -1, -0.7853981633974483, 1.4142135623730951
1005, 22, 511, 124, 510, 125, 1, -1, -0.7853981633974483, 1.4142135623730951
1005, 23, 618, 145, 616, 146, 2, -1, -0.4636476090008061, 2.23606797749979
1005, 27, 396, 102, 395, 103, 1, -1, -0.7853981633974483, 1.4142135623730951
1005, 29, 545, 137, 542, 137, 3, 0, 0.0, 3.0
1005, 36, 542, 369, 541, 370, 1, -1, -0.7853981633974483, 1.4142135623730951
1005, 41, 268, 123, 267, 124, 1, -1, -0.7853981633974483, 1.4142135623730951
1005, 43, 609, 72, 607, 73, 2, -1, -0.4636476090008061, 2.23606797749979
1005, 47, 292, 127, 291, 128, 1, -1, -0.7853981633974483, 1.4142135623730951
1005, 48, 511, 74, 510, 75, 1, -1, -0.7853981633974483, 1.4142135623730951
1005, 50, 583, 357, 581, 358, 2, -1, -0.4636476090008061, 2.23606797749979
1005, 52, 541, 341, 538, 343, 3, -2, -0.5880026035475675, 3.605551275463989
1005, 54, 472, 404, 470, 404, 2, 0, 0.0, 2.0
1006, 2, 588, 129, 587, 130, 1, -1, -0.7853981633974483, 1.4142135623730951
1006, 3, 353, 68, 351, 69, 2, -1, -0.4636476090008061, 2.23606797749979
1006, 5, 219, 407, 218, 408, 1, -1, -0.7853981633974483, 1.4142135623730951
1006, 8, 484, 72, 482, 73, 2, -1, -0.4636476090008061, 2.23606797749979
1006, 10, 380, 127, 379, 128, 1, -1, -0.7853981633974483, 1.4142135623730951
1006, 11, 391, 68, 390, 69, 1, -1, -0.7853981633974483, 1.4142135623730951
1006, 12, 183, 72, 182, 73, 1, -1, -0.7853981633974483, 1.4142135623730951
1006, 15, 286, 382, 285, 383, 1, -1, -0.7853981633974483, 1.4142135623730951
1006, 20, 314, 125, 312, 126, 2, -1, -0.4636476090008061, 2.23606797749979
1006, 21, 315, 72, 314, 73, 1, -1, -0.7853981633974483, 1.4142135623730951
1006, 22, 513, 123, 511, 124, 2, -1, -0.4636476090008061, 2.23606797749979
1006, 23, 620, 144, 618, 145, 2, -1, -0.4636476090008061, 2.23606797749979
1006, 27, 397, 101, 396, 102, 1, -1, -0.7853981633974483, 1.4142135623730951
1006, 28, 622, 403, 621, 404, 1, -1, -0.7853981633974483, 1.4142135623730951
1006, 36, 544, 368, 542, 369, 2, -1, -0.4636476090008061, 2.23606797749979
1006, 44, 382, 74, 381, 75, 1, -1, -0.7853981633974483, 1.4142135623730951
1006, 45, 214, 345, 213, 346, 1, -1, -0.7853981633974483, 1.4142135623730951
1006, 47, 294, 126, 292, 127, 2, -1, -0.4636476090008061, 2.23606797749979
1006, 50, 585, 356, 583, 357, 2, -1, -0.4636476090008061, 2.23606797749979
1006, 52, 542, 340, 541, 341, 1, -1, -0.7853981633974483, 1.4142135623730951
1007, 2, 590, 128, 588, 129, 2, -1, -0.4636476090008061, 2.23606797749979
1007, 3, 355, 65, 353, 68, 2, -3, -0.982793723247329, 3.605551275463989
1007, 5, 117, 145, 116, 146, 1, -1, -0.7853981633974483, 1.4142135623730951
1007, 7, 485, 70, 484, 72, 1, -2, -1.1071487177940904, 2.23606797749979
1007, 8, 585, 81, 583, 81, 2, 0, 0.0, 2.0
1007, 9, 381, 126, 380, 127, 1, -1, -0.7853981633974483, 1.4142135623730951
1007, 12, 344, 366, 343, 367, 1, -1, -0.7853981633974483, 1.4142135623730951
1007, 14, 287, 381, 286, 382, 1, -1, -0.7853981633974483, 1.4142135623730951
1007, 19, 316, 125, 314, 125, 2, 0, 0.0, 2.0
1007, 20, 316, 71, 315, 72, 1, -1, -0.7853981633974483, 1.4142135623730951
1007, 21, 515, 123, 513, 123, 2, 0, 0.0, 2.0
1007, 22, 621, 143, 620, 144, 1, -1, -0.7853981633974483, 1.4142135623730951
1007, 23, 185, 383, 186, 385, -1, -2, -2.0344439357957027, 2.23606797749979
1007, 25, 398, 100, 397, 101, 1, -1, -0.7853981633974483, 1.4142135623730951
1007, 26, 624, 402, 622, 403, 2, -1, -0.4636476090008061, 2.23606797749979
1007, 29, 602, 150, 601, 151, 1, -1, -0.7853981633974483, 1.4142135623730951
1007, 30, 192, 376, 192, 378, 0, -2, -1.5707963267948966, 2.0
1007, 35, 353, 76, 352, 79, 1, -3, -1.2490457723982544, 3.1622776601683795
1007, 41, 611, 71, 610, 72, 1, -1, -0.7853981633974483, 1.4142135623730951
1007, 42, 384, 74, 382, 74, 2, 0, 0.0, 2.0
1007, 44, 325, 122, 324, 123, 1, -1, -0.7853981633974483, 1.4142135623730951
1007, 45, 295, 125, 294, 126, 1, -1, -0.7853981633974483, 1.4142135623730951
1007, 48, 586, 355, 585, 356, 1, -1, -0.7853981633974483, 1.4142135623730951
1007, 50, 544, 339, 542, 340, 2, -1, -0.4636476090008061, 2.23606797749979
1007, 51, 188, 374, 187, 376, 1, -2, -1.1071487177940904, 2.23606797749979
1008, 2, 592, 127, 590, 128, 2, -1, -0.4636476090008061, 2.23606797749979
1008, 3, 356, 64, 355, 65, 1, -1, -0.7853981633974483, 1.4142135623730951
1008, 7, 486, 69, 485, 70, 1, -1, -0.7853981633974483, 1.4142135623730951
1008, 8, 586, 82, 585, 81, 1, 1, 0.7853981633974483, 1.4142135623730951
1008, 9, 382, 125, 381, 126, 1, -1, -0.7853981633974483, 1.4142135623730951
1008, 10, 393, 67, 392, 68, 1, -1, -0.7853981633974483, 1.4142135623730951
1008, 11, 184, 70, 183, 71, 1, -1, -0.7853981633974483, 1.4142135623730951
1008, 16, 450, 75, 449, 76, 1, -1, -0.7853981633974483, 1.4142135623730951
1008, 20, 317, 70, 316, 71, 1, -1, -0.7853981633974483, 1.4142135623730951
1008, 21, 517, 122, 515, 123, 2, -1, -0.4636476090008061, 2.23606797749979
1008, 22, 623, 142, 621, 143, 2, -1, -0.4636476090008061, 2.23606797749979
1008, 24, 400, 404, 399, 405, 1, -1, -0.7853981633974483, 1.4142135623730951
1008, 26, 626, 401, 624, 402, 2, -1, -0.4636476090008061, 2.23606797749979
1008, 29, 605, 149, 602, 150, 3, -1, -0.3217505543966422, 3.1622776601683795
1008, 39, 271, 122, 270, 123, 1, -1, -0.7853981633974483, 1.4142135623730951
1008, 41, 613, 70, 611, 71, 2, -1, -0.4636476090008061, 2.23606797749979
1008, 48, 587, 354, 586, 355, 1, -1, -0.7853981633974483, 1.4142135623730951
1008, 50, 545, 338, 544, 339, 1, -1, -0.7853981633974483, 1.4142135623730951
1009, 1, 594, 127, 592, 127, 2, 0, 0.0, 2.0
1009, 2, 357, 63, 356, 64, 1, -1, -0.7853981633974483, 1.4142135623730951
1009, 4, 118, 144, 117, 145, 1, -1, -0.7853981633974483, 1.4142135623730951
1009, 6, 488, 68, 486, 69, 2, -1, -0.4636476090008061, 2.23606797749979
1009, 7, 588, 82, 586, 82, 2, 0, 0.0, 2.0
1009, 8, 384, 125, 382, 125, 2, 0, 0.0, 2.0
1009, 11, 346, 365, 345, 366, 1, -1, -0.7853981633974483, 1.4142135623730951
1009, 14, 116, 321, 115, 322, 1, -1, -0.7853981633974483, 1.4142135623730951
1009, 19, 319, 69, 317, 70, 2, -1, -0.4636476090008061, 2.23606797749979
1009, 21, 625, 142, 623, 142, 2, 0, 0.0, 2.0
1009, 25, 628, 401, 626, 401, 2, 0, 0.0, 2.0
1009, 26, 550, 136, 548, 137, 2, -1, -0.4636476090008061, 2.23606797749979
1009, 31, 237, 296, 236, 297, 1, -1, -0.7853981633974483, 1.4142135623730951
1009, 33, 544, 366, 545, 368, -1, -2, -2.0344439357957027, 2.23606797749979
1009, 34, 355, 75, 354, 76, 1, -1, -0.7853981633974483, 1.4142135623730951
1009, 41, 385, 73, 384, 74, 1, -1, -0.7853981633974483, 1.4142135623730951
1009, 47, 588, 352, 587, 354, 1, -2, -1.1071487177940904, 2.23606797749979
1009, 49, 547, 337, 545, 338, 2, -1, -0.4636476090008061, 2.23606797749979
1010, 0, 233, 137, 236, 139, -3, -2, -2.5535900500422257, 3.605551275463989
1010, 1, 594, 128, 591, 129, 3, -1, -0.3217505543966422, 3.1622776601683795
1010, 9, 337, 96, 336, 97, 1, -1, -0.7853981633974483, 1.4142135623730951
1010, 10, 242, 141, 242, 144, 0, -3, -1.5707963267948966, 3.0
1010, 15, 291, 379, 290, 380, 1, -1, -0.7853981633974483, 1.4142135623730951
1010, 19, 402, 102, 401, 103, 1, -1, -0.7853981633974483, 1.4142135623730951
1010, 29, 517, 126, 515, 126, 2, 0, 0.0, 2.0
1010, 35, 478, 405, 476, 405, 2, 0, 0.0, 2.0
1010, 36, 627, 403, 625, 404, 2, -1, -0.4636476090008061, 2.23606797749979
1010, 38, 351, 81, 350, 82, 1, -1, -0.7853981633974483, 1.4142135623730951
1010, 41, 527, 334, 526, 335, 1, -1, -0.7853981633974483, 1.4142135623730951
1010, 43, 289, 388, 288, 389, 1, -1, -0.7853981633974483, 1.4142135623730951
1010, 44, 607, 151, 605, 152, 2, -1, -0.4636476090008061, 2.23606797749979
1010, 47, 350, 362, 349, 363, 1, -1, -0.7853981633974483, 1.4142135623730951
1010, 53, 545, 342, 543, 342, 2, 0, 0.0, 2.0
1010, 55, 404, 371, 402, 371, 2, 0, 0.0, 2.0
1010, 57, 196, 99, 198, 100, -2, -1, -2.677945044588987, 2.23606797749979
1010, 58, 551, 137, 549, 137, 2, 0, 0.0, 2.0
1010, 59, 621, 369, 619, 370, 2, -1, -0.4636476090008061, 2.23606797749979
1010, 60, 151, 339, 149, 341, 2, -2, -0.7853981633974483, 2.8284271247461903
1011, 0, 596, 127, 594, 128, 2, -1, -0.4636476090008061, 2.23606797749979
1011, 14, 292, 378, 291, 379, 1, -1, -0.7853981633974483, 1.4142135623730951
1011, 15, 449, 74, 448, 75, 1, -1, -0.7853981633974483, 1.4142135623730951
1011, 17, 185, 70, 184, 71, 1, -1, -0.7853981633974483, 1.4142135623730951
1011, 21, 483, 82, 482, 83, 1, -1, -0.7853981633974483, 1.4142135623730951
1011, 28, 519, 126, 517, 126, 2, 0, 0.0, 2.0
1011, 29, 624, 146, 622, 146, 2, 0, 0.0, 2.0
1011, 33, 206, 178, 205, 179, 1, -1, -0.7853981633974483, 1.4142135623730951
1011, 34, 480, 405, 478, 405, 2, 0, 0.0, 2.0
1011, 35, 628, 402, 627, 403, 1, -1, -0.7853981633974483, 1.4142135623730951
1011, 37, 352, 80, 351, 81, 1, -1, -0.7853981633974483, 1.4142135623730951
1011, 40, 532, 331, 527, 334, 5, -3, -0.5404195002705842, 5.830951894845301
1011, 42, 290, 387, 289, 388, 1, -1, -0.7853981633974483, 1.4142135623730951
1011, 43, 609, 150, 607, 151, 2, -1, -0.4636476090008061, 2.23606797749979
1011, 52, 546, 341, 545, 342, 1, -1, -0.7853981633974483, 1.4142135623730951
1011, 56, 194, 99, 196, 99, -2, 0, 3.141592653589793, 2.0
1011, 57, 553, 137, 551, 137, 2, 0, 0.0, 2.0
1011, 58, 624, 368, 621, 369, 3, -1, -0.3217505543966422, 3.1622776601683795
1012, 5, 588, 80, 587, 81, 1, -1, -0.7853981633974483, 1.4142135623730951
1012, 6, 491, 73, 489, 73, 2, 0, 0.0, 2.0
1012, 10, 120, 145, 119, 146, 1, -1, -0.7853981633974483, 1.4142135623730951
1012, 13, 293, 377, 292, 378, 1, -1, -0.7853981633974483, 1.4142135623730951
1012, 14, 450, 73, 449, 74, 1, -1, -0.7853981633974483, 1.4142135623730951
1012, 17, 405, 102, 403, 102, 2, 0, 0.0, 2.0
1012, 20, 484, 81, 483, 82, 1, -1, -0.7853981633974483, 1.4142135623730951
1012, 27, 521, 126, 519, 126, 2, 0, 0.0, 2.0
1012, 34, 630, 401, 628, 402, 2, -1, -0.4636476090008061, 2.23606797749979
1012, 35, 332, 100, 331, 101, 1, -1, -0.7853981633974483, 1.4142135623730951
1012, 36, 353, 79, 352, 80, 1, -1, -0.7853981633974483, 1.4142135623730951
1012, 39, 535, 328, 532, 331, 3, -3, -0.7853981633974483, 4.242640687119285
1012, 41, 292, 386, 290, 387, 2, -1, -0.4636476090008061, 2.23606797749979
1012, 42, 610, 149, 609, 150, 1, -1, -0.7853981633974483, 1.4142135623730951
1012, 43, 389, 74, 388, 75, 1, -1, -0.7853981633974483, 1.4142135623730951
1012, 50, 144, 126, 145, 125, -1, 1, 2.356194490192345, 1.4142135623730951
1012, 51, 548, 341, 546, 341, 2, 0, 0.0, 2.0
1012, 55, 192, 99, 194, 99, -2, 0, 3.141592653589793, 2.0
1012, 56, 555, 137, 553, 137, 2, 0, 0.0, 2.0
1012, 57, 626, 367, 624, 368, 2, -1, -0.4636476090008061, 2.23606797749979
1012, 58, 359, 76, 358, 77, 1, -1, -0.7853981633974483, 1.4142135623730951
1012, 60, 615, 71, 614, 72, 1, -1, -0.7853981633974483, 1.4142135623730951
1013, 2, 350, 369, 348, 369, 2, 0, 0.0, 2.0
1013, 4, 224, 406, 223, 407, 1, -1, -0.7853981633974483, 1.4142135623730951
1013, 8, 341, 95, 339, 96, 2, -1, -0.4636476090008061, 2.23606797749979
1013, 12, 151, 399, 150, 400, 1, -1, -0.7853981633974483, 1.4142135623730951
1013, 13, 296, 375, 293, 377, 3, -2, -0.5880026035475675, 3.605551275463989
1013, 14, 451, 72, 450, 73, 1, -1, -0.7853981633974483, 1.4142135623730951
1013, 27, 523, 126, 521, 126, 2, 0, 0.0, 2.0
1013, 28, 628, 146, 625, 146, 3, 0, 0.0, 3.0
1013, 31, 404, 401, 403, 402, 1, -1, -0.7853981633974483, 1.4142135623730951
1013, 33, 483, 405, 481, 405, 2, 0, 0.0, 2.0
1013, 34, 632, 400, 630, 401, 2, -1, -0.4636476090008061, 2.23606797749979
1013, 38, 127, 364, 126, 365, 1, -1, -0.7853981633974483, 1.4142135623730951
1013, 39, 545, 325, 535, 328, 10, -3, -0.2914567944778671, 10.44030650891055
1013, 41, 293, 385, 292, 386, 1, -1, -0.7853981633974483, 1.4142135623730951
1013, 42, 611, 148, 610, 149, 1, -1, -0.7853981633974483, 1.4142135623730951
1013, 47, 223, 115, 222, 116, 1, -1, -0.7853981633974483, 1.4142135623730951
1013, 49, 84, 386, 83, 387, 1, -1, -0.7853981633974483, 1.4142135623730951
1013, 51, 551, 340, 548, 341, 3, -1, -0.3217505543966422, 3.1622776601683795
1013, 53, 407, 370, 406, 371, 1, -1, -0.7853981633974483, 1.4142135623730951
1013, 54, 427, 125, 425, 125, 2, 0, 0.0, 2.0
1013, 55, 191, 100, 192, 99, -1, 1, 2.356194490192345, 1.4142135623730951
1013, 56, 557, 137, 555, 137, 2, 0, 0.0, 2.0
1013, 57, 628, 366, 626, 367, 2, -1, -0.4636476090008061, 2.23606797749979
1014, 0, 600, 127, 598, 127, 2, 0, 0.0, 2.0
1014, 12, 152, 398, 151, 399, 1, -1, -0.7853981633974483, 1.4142135623730951
1014, 13, 300, 374, 296, 375, 4, -1, -0.24497866312686414, 4.123105625617661
1014, 16, 186, 67, 185, 68, 1, -1, -0.7853981633974483, 1.4142135623730951
1014, 18, 118, 321, 117, 322, 1, -1, -0.7853981633974483, 1.4142135623730951
1014, 20, 486, 80, 485, 81, 1, -1, -0.7853981633974483, 1.4142135623730951
1014, 26, 525, 126, 523, 126, 2, 0, 0.0, 2.0
1014, 27, 630, 146, 628, 146, 2, 0, 0.0, 2.0
1014, 32, 484, 404, 483, 405, 1, -1, -0.7853981633974483, 1.4142135623730951
1014, 33, 634, 400, 632, 400, 2, 0, 0.0, 2.0
1014, 34, 334, 98, 332, 99, 2, -1, -0.4636476090008061, 2.23606797749979
1014, 35, 355, 78, 354, 79, 1, -1, -0.7853981633974483, 1.4142135623730951
1014, 36, 521, 72, 519, 73, 2, -1, -0.4636476090008061, 2.23606797749979
1014, 41, 612, 147, 611, 148, 1, -1, -0.7853981633974483, 1.4142135623730951
1014, 43, 321, 73, 320, 74, 1, -1, -0.7853981633974483, 1.4142135623730951
1014, 44, 354, 361, 353, 362, 1, -1, -0.7853981633974483, 1.4142135623730951
1014, 45, 224, 114, 223, 115, 1, -1, -0.7853981633974483, 1.4142135623730951
1014, 48, 141, 127, 143, 126, -2, 1, 2.677945044588987, 2.23606797749979
1014, 49, 553, 339, 551, 340, 2, -1, -0.4636476090008061, 2.23606797749979
1014, 52, 429, 125, 427, 125, 2, 0, 0.0, 2.0
1014, 53, 192, 101, 191, 100, 1, 1, 0.7853981633974483, 1.4142135623730951
1014, 54, 561, 137, 557, 137, 4, 0, 0.0, 4.0
1014, 55, 630, 365, 628, 366, 2, -1, -0.4636476090008061, 2.23606797749979
1015, 1, 600, 129, 597, 129, 3, 0, 0.0, 3.0
1015, 5, 493, 72, 492, 73, 1, -1, -0.7853981633974483, 1.4142135623730951
1015, 8, 227, 407, 223, 408, 4, -1, -0.24497866312686414, 4.123105625617661
1015, 10, 592, 83, 590, 83, 2, 0, 0.0, 2.0
1015, 12, 404, 102, 403, 103, 1, -1, -0.7853981633974483, 1.4142135623730951
1015, 13, 192, 69, 188, 70, 4, -1, -0.24497866312686414, 4.123105625617661
1015, 14, 119, 323, 118, 324, 1, -1, -0.7853981633974483, 1.4142135623730951
1015, 18, 632, 403, 630, 404, 2, -1, -0.4636476090008061, 2.23606797749979
1015, 19, 557, 138, 555, 138, 2, 0, 0.0, 2.0
1015, 20, 481, 404, 480, 405, 1, -1, -0.7853981633974483, 1.4142135623730951
1015, 21, 214, 132, 211, 134, 3, -2, -0.5880026035475675, 3.605551275463989
1015, 24, 409, 405, 405, 406, 4, -1, -0.24497866312686414, 4.123105625617661
1015, 25, 151, 144, 147, 145, 4, -1, -0.24497866312686414, 4.123105625617661
1015, 30, 512, 130, 511, 131, 1, -1, -0.7853981633974483, 1.4142135623730951
1015, 32, 629, 147, 627, 147, 2, 0, 0.0, 2.0
1015, 33, 233, 180, 231, 182, 2, -2, -0.7853981633974483, 2.8284271247461903
1015, 34, 454, 75, 452, 75, 2, 0, 0.0, 2.0
1015, 36, 523, 126, 521, 126, 2, 0, 0.0, 2.0
1015, 42, 491, 133, 489, 133, 2, 0, 0.0, 2.0
1015, 43, 239, 119, 239, 121, 0, -2, -1.5707963267948966, 2.0
1015, 45, 293, 387, 292, 388, 1, -1, -0.7853981633974483, 1.4142135623730951
1015, 46, 233, 145, 234, 147, -1, -2, -2.0344439357957027, 2.23606797749979
1016, 1, 602, 128, 600, 129, 2, -1, -0.4636476090008061, 2.23606797749979
1016, 4, 342, 96, 341, 97, 1, -1, -0.7853981633974483, 1.4142135623730951
1016, 5, 495, 72, 493, 72, 2, 0, 0.0, 2.0
1016, 10, 594, 83, 592, 83, 2, 0, 0.0, 2.0
1016, 11, 295, 379, 294, 380, 1, -1, -0.7853981633974483, 1.4142135623730951
1016, 13, 193, 68, 192, 69, 1, -1, -0.7853981633974483, 1.4142135623730951
1016, 14, 120, 322, 119, 323, 1, -1, -0.7853981633974483, 1.4142135623730951
1016, 17, 353, 369, 351, 369, 2, 0, 0.0, 2.0
1016, 18, 634, 403, 632, 403, 2, 0, 0.0, 2.0
1016, 20, 483, 403, 481, 404, 2, -1, -0.4636476090008061, 2.23606797749979
1016, 31, 363, 77, 361, 77, 2, 0, 0.0, 2.0
1016, 36, 525, 126, 523, 126, 2, 0, 0.0, 2.0
1016, 39, 611, 148, 610, 149, 1, -1, -0.7853981633974483, 1.4142135623730951
1016, 41, 493, 133, 491, 133, 2, 0, 0.0, 2.0
1017, 1, 605, 128, 602, 128, 3, 0, 0.0, 3.0
1017, 4, 343, 95, 342, 96, 1, -1, -0.7853981633974483, 1.4142135623730951
1017, 5, 496, 71, 495, 72, 1, -1, -0.7853981633974483, 1.4142135623730951
1017, 10, 598, 83, 594, 83, 4, 0, 0.0, 4.0
1017, 16, 257, 353, 258, 352, -1, 1, 2.356194490192345, 1.4142135623730951
1017, 18, 635, 402, 634, 403, 1, -1, -0.7853981633974483, 1.4142135623730951
1017, 19, 560, 138, 558, 138, 2, 0, 0.0, 2.0
1017, 20, 484, 402, 483, 403, 1, -1, -0.7853981633974483, 1.4142135623730951
1017, 26, 324, 74, 323, 75, 1, -1, -0.7853981633974483, 1.4142135623730951
1017, 29, 514, 128, 512, 129, 2, -1, -0.4636476090008061, 2.23606797749979
1017, 30, 364, 76, 363, 77, 1, -1, -0.7853981633974483, 1.4142135623730951
1017, 31, 632, 147, 630, 147, 2, 0, 0.0, 2.0
1017, 33, 458, 74, 455, 75, 3, -1, -0.3217505543966422, 3.1622776601683795
1017, 38, 612, 147, 611, 148, 1, -1, -0.7853981633974483, 1.4142135623730951
1017, 43, 295, 386, 294, 387, 1, -1, -0.7853981633974483, 1.4142135623730951
1018, 0, 238, 133, 237, 134, 1, -1, -0.7853981633974483, 1.4142135623730951
1018, 1, 607, 128, 605, 128, 2, 0, 0.0, 2.0
1018, 2, 191, 341, 190, 340, 1, 1, 0.7853981633974483, 1.4142135623730951
1018, 4, 345, 95, 343, 95, 2, 0, 0.0, 2.0
1018, 11, 296, 378, 295, 379, 1, -1, -0.7853981633974483, 1.4142135623730951
1018, 12, 407, 101, 406, 102, 1, -1, -0.7853981633974483, 1.4142135623730951
1018, 17, 356, 368, 354, 369, 2, -1, -0.4636476090008061, 2.23606797749979
1018, 19, 562, 138, 560, 138, 2, 0, 0.0, 2.0
1018, 27, 334, 125, 332, 125, 2, 0, 0.0, 2.0
1018, 29, 518, 127, 514, 128, 4, -1, -0.24497866312686414, 4.123105625617661
1018, 30, 366, 76, 364, 76, 2, 0, 0.0, 2.0
1018, 35, 528, 126, 526, 126, 2, 0, 0.0, 2.0
1018, 36, 226, 329, 228, 329, -2, 0, 3.141592653589793, 2.0
1018, 38, 614, 146, 612, 147, 2, -1, -0.4636476090008061, 2.23606797749979
1018, 46, 355, 362, 353, 362, 2, 0, 0.0, 2.0
1019, 10, 408, 100, 407, 101, 1, -1, -0.7853981633974483, 1.4142135623730951
1019, 11, 195, 66, 194, 67, 1, -1, -0.7853981633974483, 1.4142135623730951
1019, 12, 122, 320, 121, 321, 1, -1, -0.7853981633974483, 1.4142135623730951
1019, 13, 392, 128, 391, 129, 1, -1, -0.7853981633974483, 1.4142135623730951
1019, 15, 358, 368, 356, 368, 2, 0, 0.0, 2.0
1019, 17, 564, 138, 562, 138, 2, 0, 0.0, 2.0
1019, 18, 486, 401, 485, 402, 1, -1, -0.7853981633974483, 1.4142135623730951
1019, 24, 326, 73, 325, 74, 1, -1, -0.7853981633974483, 1.4142135623730951
1019, 25, 335, 124, 334, 125, 1, -1, -0.7853981633974483, 1.4142135623730951
1019, 26, 280, 125, 278, 125, 2, 0, 0.0, 2.0
1019, 27, 520, 126, 518, 127, 2, -1, -0.4636476090008061, 2.23606797749979
1019, 31, 461, 74, 459, 74, 2, 0, 0.0, 2.0
1019, 32, 406, 74, 405, 75, 1, -1, -0.7853981633974483, 1.4142135623730951
1019, 36, 616, 146, 614, 146, 2, 0, 0.0, 2.0
1019, 38, 495, 132, 494, 133, 1, -1, -0.7853981633974483, 1.4142135623730951
1019, 41, 297, 385, 296, 386, 1, -1, -0.7853981633974483, 1.4142135623730951
1020, 3, 364, 69, 362, 68, 2, 1, 0.4636476090008061, 2.23606797749979
1020, 6, 497, 74, 496, 73, 1, 1, 0.7853981633974483, 1.4142135623730951
1020, 9, 192, 68, 191, 69, 1, -1, -0.7853981633974483, 1.4142135623730951
1020, 11, 335, 127, 334, 128, 1, -1, -0.7853981633974483, 1.4142135623730951
1020, 13, 410, 102, 409, 103, 1, -1, -0.7853981633974483, 1.4142135623730951
1020, 16, 392, 127, 391, 128, 1, -1, -0.7853981633974483, 1.4142135623730951
1020, 19, 634, 148, 632, 148, 2, 0, 0.0, 2.0
1020, 20, 411, 405, 410, 406, 1, -1, -0.7853981633974483, 1.4142135623730951
1020, 24, 296, 381, 295, 382, 1, -1, -0.7853981633974483, 1.4142135623730951
1020, 27, 620, 147, 616, 148, 4, -1, -0.24497866312686414, 4.123105625617661
1020, 28, 528, 127, 526, 128, 2, -1, -0.4636476090008061, 2.23606797749979
1020, 29, 545, 334, 543, 335, 2, -1, -0.4636476090008061, 2.23606797749979
1020, 31, 209, 179, 208, 180, 1, -1, -0.7853981633974483, 1.4142135623730951
1020, 38, 556, 341, 554, 342, 2, -1, -0.4636476090008061, 2.23606797749979
1020, 41, 541, 342, 539, 343, 2, -1, -0.4636476090008061, 2.23606797749979
1020, 46, 519, 395, 518, 396, 1, -1, -0.7853981633974483, 1.4142135623730951
1021, 1, 607, 130, 605, 130, 2, 0, 0.0, 2.0
1021, 4, 459, 75, 457, 75, 2, 0, 0.0, 2.0
1021, 10, 336, 126, 335, 127, 1, -1, -0.7853981633974483, 1.4142135623730951
1021, 15, 123, 321, 122, 322, 1, -1, -0.7853981633974483, 1.4142135623730951
1021, 17, 635, 147, 634, 148, 1, -1, -0.7853981633974483, 1.4142135623730951
1021, 18, 412, 404, 411, 405, 1, -1, -0.7853981633974483, 1.4142135623730951
1021, 22, 297, 380, 296, 381, 1, -1, -0.7853981633974483, 1.4142135623730951
1021, 24, 305, 349, 304, 350, 1, -1, -0.7853981633974483, 1.4142135623730951
1021, 25, 624, 147, 620, 147, 4, 0, 0.0, 4.0
1021, 26, 530, 127, 528, 127, 2, 0, 0.0, 2.0
1021, 27, 547, 333, 545, 334, 2, -1, -0.4636476090008061, 2.23606797749979
1021, 31, 624, 73, 622, 73, 2, 0, 0.0, 2.0
1021, 36, 559, 340, 556, 341, 3, -1, -0.3217505543966422, 3.1622776601683795
1021, 38, 565, 139, 563, 139, 2, 0, 0.0, 2.0
1021, 39, 543, 341, 541, 342, 2, -1, -0.4636476090008061, 2.23606797749979
1021, 42, 217, 103, 216, 104, 1, -1, -0.7853981633974483, 1.4142135623730951
1021, 43, 521, 395, 519, 395, 2, 0, 0.0, 2.0
1022, 1, 609, 129, 607, 130, 2, -1, -0.4636476090008061, 2.23606797749979
1022, 5, 500, 74, 498, 74, 2, 0, 0.0, 2.0
1022, 10, 337, 125, 336, 126, 1, -1, -0.7853981633974483, 1.4142135623730951
1022, 12, 230, 407, 229, 408, 1, -1, -0.7853981633974483, 1.4142135623730951
1022, 14, 395, 127, 393, 127, 2, 0, 0.0, 2.0
1022, 22, 298, 379, 297, 380, 1, -1, -0.7853981633974483, 1.4142135623730951
1022, 23, 129, 363, 128, 364, 1, -1, -0.7853981633974483, 1.4142135623730951
1022, 24, 306, 348, 305, 349, 1, -1, -0.7853981633974483, 1.4142135623730951
1022, 25, 627, 147, 624, 147, 3, 0, 0.0, 3.0
1022, 26, 532, 126, 530, 127, 2, -1, -0.4636476090008061, 2.23606797749979
1022, 28, 173, 405, 170, 405, 3, 0, 0.0, 3.0
1022, 29, 210, 178, 209, 179, 1, -1, -0.7853981633974483, 1.4142135623730951
1022, 33, 145, 405, 144, 406, 1, -1, -0.7853981633974483, 1.4142135623730951
1022, 36, 561, 339, 559, 340, 2, -1, -0.4636476090008061, 2.23606797749979
1022, 38, 568, 139, 565, 139, 3, 0, 0.0, 3.0
1022, 39, 545, 340, 543, 341, 2, -1, -0.4636476090008061, 2.23606797749979
1022, 43, 523, 394, 521, 395, 2, -1, -0.4636476090008061, 2.23606797749979
1023, 1, 611, 128, 609, 129, 2, -1, -0.4636476090008061, 2.23606797749979
1023, 8, 195, 67, 194, 68, 1, -1, -0.7853981633974483, 1.4142135623730951
1023, 10, 338, 124, 337, 125, 1, -1, -0.7853981633974483, 1.4142135623730951
1023, 12, 231, 406, 230, 407, 1, -1, -0.7853981633974483, 1.4142135623730951
1023, 14, 397, 127, 395, 127, 2, 0, 0.0, 2.0
1023, 18, 414, 403, 413, 404, 1, -1, -0.7853981633974483, 1.4142135623730951
1023, 22, 299, 378, 298, 379, 1, -1, -0.7853981633974483, 1.4142135623730951
1023, 24, 307, 347, 306, 348, 1, -1, -0.7853981633974483, 1.4142135623730951
1023, 25, 629, 147, 627, 147, 2, 0, 0.0, 2.0
1023, 26, 534, 125, 532, 126, 2, -1, -0.4636476090008061, 2.23606797749979
1023, 36, 562, 337, 561, 339, 1, -2, -1.1071487177940904, 2.23606797749979
1023, 39, 547, 339, 545, 340, 2, -1, -0.4636476090008061, 2.23606797749979
1023, 43, 525, 393, 523, 394, 2, -1, -0.4636476090008061, 2.23606797749979
1024, 1, 613, 127, 611, 128, 2, -1, -0.4636476090008061, 2.23606797749979
1024, 4, 462, 74, 461, 75, 1, -1, -0.7853981633974483, 1.4142135623730951
1024, 7, 601, 83, 600, 84, 1, -1, -0.7853981633974483, 1.4142135623730951
1024, 9, 350, 98, 349, 99, 1, -1, -0.7853981633974483, 1.4142135623730951
1024, 10, 339, 123, 338, 124, 1, -1, -0.7853981633974483, 1.4142135623730951
1024, 11, 414, 101, 413, 102, 1, -1, -0.7853981633974483, 1.4142135623730951
1024, 18, 415, 402, 414, 403, 1, -1, -0.7853981633974483, 1.4142135623730951
1024, 25, 630, 146, 629, 147, 1, -1, -0.7853981633974483, 1.4142135623730951
1024, 26, 536, 124, 534, 125, 2, -1, -0.4636476090008061, 2.23606797749979
1024, 27, 549, 332, 548, 333, 1, -1, -0.7853981633974483, 1.4142135623730951
1024, 36, 563, 336, 562, 337, 1, -1, -0.7853981633974483, 1.4142135623730951
1024, 39, 548, 338, 547, 339, 1, -1, -0.7853981633974483, 1.4142135623730951
1024, 43, 527, 392, 525, 393, 2, -1, -0.4636476090008061, 2.23606797749979
1025, 3, 360, 369, 359, 370, 1, -1, -0.7853981633974483, 1.4142135623730951
1025, 5, 612, 127, 610, 128, 2, -1, -0.4636476090008061, 2.23606797749979
1025, 6, 349, 98, 348, 99, 1, -1, -0.7853981633974483, 1.4142135623730951
1025, 7, 501, 73, 500, 74, 1, -1, -0.7853981633974483, 1.4142135623730951
1025, 8, 127, 148, 126, 149, 1, -1, -0.7853981633974483, 1.4142135623730951
1025, 9, 195, 68, 194, 69, 1, -1, -0.7853981633974483, 1.4142135623730951
1025, 11, 414, 103, 413, 104, 1, -1, -0.7853981633974483, 1.4142135623730951
1025, 15, 462, 74, 460, 75, 2, -1, -0.4636476090008061, 2.23606797749979
1025, 16, 284, 128, 282, 128, 2, 0, 0.0, 2.0
1025, 19, 405, 70, 404, 71, 1, -1, -0.7853981633974483, 1.4142135623730951
1025, 21, 302, 381, 300, 382, 2, -1, -0.4636476090008061, 2.23606797749979
1025, 26, 308, 352, 307, 353, 1, -1, -0.7853981633974483, 1.4142135623730951
1025, 27, 529, 74, 528, 75, 1, -1, -0.7853981633974483, 1.4142135623730951
1025, 29, 544, 333, 543, 334, 1, -1, -0.7853981633974483, 1.4142135623730951
1025, 31, 569, 139, 568, 140, 1, -1, -0.7853981633974483, 1.4142135623730951
1025, 32, 534, 126, 532, 127, 2, -1, -0.4636476090008061, 2.23606797749979
1025, 38, 561, 339, 560, 340, 1, -1, -0.7853981633974483, 1.4142135623730951
1025, 44, 490, 404, 489, 405, 1, -1, -0.7853981633974483, 1.4142135623730951
1025, 46, 336, 129, 335, 130, 1, -1, -0.7853981633974483, 1.4142135623730951
1025, 47, 635, 395, 637, 396, -2, -1, -2.677945044588987, 2.23606797749979
1025, 52, 635, 369, 638, 370, -3, -1, -2.819842099193151, 3.1622776601683795
1026, 0, 259, 137, 260, 139, -1, -2, -2.0344439357957027, 2.23606797749979
1026, 3, 362, 368, 360, 369, 2, -1, -0.4636476090008061, 2.23606797749979
1026, 5, 614, 126, 612, 127, 2, -1, -0.4636476090008061, 2.23606797749979
1026, 6, 350, 97, 349, 98, 1, -1, -0.7853981633974483, 1.4142135623730951
1026, 7, 502, 72, 501, 73, 1, -1, -0.7853981633974483, 1.4142135623730951
1026, 9, 196, 67, 195, 68, 1, -1, -0.7853981633974483, 1.4142135623730951
1026, 14, 415, 404, 414, 405, 1, -1, -0.7853981633974483, 1.4142135623730951
1026, 17, 126, 320, 125, 321, 1, -1, -0.7853981633974483, 1.4142135623730951
1026, 18, 333, 72, 332, 73, 1, -1, -0.7853981633974483, 1.4142135623730951
1026, 19, 406, 69, 405, 70, 1, -1, -0.7853981633974483, 1.4142135623730951
1026, 21, 303, 380, 302, 381, 1, -1, -0.7853981633974483, 1.4142135623730951
1026, 22, 311, 128, 308, 129, 3, -1, -0.3217505543966422, 3.1622776601683795
1026, 29, 548, 330, 544, 333, 4, -3, -0.6435011087932844, 5.0
1026, 31, 571, 138, 569, 139, 2, -1, -0.4636476090008061, 2.23606797749979
1026, 32, 536, 126, 534, 126, 2, 0, 0.0, 2.0
1026, 35, 147, 405, 146, 406, 1, -1, -0.7853981633974483, 1.4142135623730951
1026, 38, 563, 339, 561, 339, 2, 0, 0.0, 2.0
1026, 39, 114, 344, 111, 345, 3, -1, -0.3217505543966422, 3.1622776601683795
1026, 40, 493, 82, 491, 83, 2, -1, -0.4636476090008061, 2.23606797749979
1026, 42, 521, 394, 520, 395, 1, -1, -0.7853981633974483, 1.4142135623730951
1026, 44, 492, 403, 490, 404, 2, -1, -0.4636476090008061, 2.23606797749979
1026, 45, 216, 100, 216, 102, 0, -2, -1.5707963267948966, 2.0
1026, 46, 337, 128, 336, 129, 1, -1, -0.7853981633974483, 1.4142135623730951
1026, 49, 230, 398, 229, 399, 1, -1, -0.7853981633974483, 1.4142135623730951
1027, 0, 259, 135, 259, 137, 0, -2, -1.5707963267948966, 2.0
1027, 2, 370, 69, 369, 70, 1, -1, -0.7853981633974483, 1.4142135623730951
1027, 3, 363, 367, 362, 368, 1, -1, -0.7853981633974483, 1.4142135623730951
1027, 4, 603, 82, 601, 83, 2, -1, -0.4636476090008061, 2.23606797749979
1027, 6, 351, 96, 350, 97, 1, -1, -0.7853981633974483, 1.4142135623730951
1027, 7, 503, 71, 502, 72, 1, -1, -0.7853981633974483, 1.4142135623730951
1027, 9, 197, 66, 196, 67, 1, -1, -0.7853981633974483, 1.4142135623730951
1027, 14, 416, 403, 415, 404, 1, -1, -0.7853981633974483, 1.4142135623730951
1027, 15, 463, 73, 462, 74, 1, -1, -0.7853981633974483, 1.4142135623730951
1027, 19, 407, 68, 406, 69, 1, -1, -0.7853981633974483, 1.4142135623730951
1027, 21, 304, 379, 303, 380, 1, -1, -0.7853981633974483, 1.4142135623730951
1027, 22, 312, 127, 311, 128, 1, -1, -0.7853981633974483, 1.4142135623730951
1027, 25, 238, 121, 238, 123, 0, -2, -1.5707963267948966, 2.0
1027, 27, 532, 74, 530, 74, 2, 0, 0.0, 2.0
1027, 28, 231, 405, 230, 406, 1, -1, -0.7853981633974483, 1.4142135623730951
1027, 29, 551, 327, 548, 330, 3, -3, -0.7853981633974483, 4.242640687119285
1027, 31, 573, 138, 571, 138, 2, 0, 0.0, 2.0
1027, 38, 565, 339, 563, 339, 2, 0, 0.0, 2.0
1027, 40, 495, 82, 493, 82, 2, 0, 0.0, 2.0
1027, 43, 493, 402, 492, 403, 1, -1, -0.7853981633974483, 1.4142135623730951
1027, 45, 338, 127, 337, 128, 1, -1, -0.7853981633974483, 1.4142135623730951
1027, 48, 231, 397, 230, 398, 1, -1, -0.7853981633974483, 1.4142135623730951
1027, 49, 334, 81, 333, 82, 1, -1, -0.7853981633974483, 1.4142135623730951
1028, 0, 259, 133, 259, 135, 0, -2, -1.5707963267948966, 2.0
1028, 2, 371, 68, 370, 69, 1, -1, -0.7853981633974483, 1.4142135623730951
1028, 3, 365, 366, 363, 367, 2, -1, -0.4636476090008061, 2.23606797749979
1028, 6, 353, 95, 351, 96, 2, -1, -0.4636476090008061, 2.23606797749979
1028, 7, 504, 70, 503, 71, 1, -1, -0.7853981633974483, 1.4142135623730951
1028, 9, 198, 65, 197, 66, 1, -1, -0.7853981633974483, 1.4142135623730951
1028, 10, 400, 128, 399, 129, 1, -1, -0.7853981633974483, 1.4142135623730951
1028, 14, 417, 402, 416, 403, 1, -1, -0.7853981633974483, 1.4142135623730951
1028, 17, 127, 318, 126, 319, 1, -1, -0.7853981633974483, 1.4142135623730951
1028, 19, 408, 67, 407, 68, 1, -1, -0.7853981633974483, 1.4142135623730951
1028, 21, 305, 378, 304, 379, 1, -1, -0.7853981633974483, 1.4142135623730951
1028, 22, 313, 126, 312, 127, 1, -1, -0.7853981633974483, 1.4142135623730951
1028, 25, 238, 119, 238, 121, 0, -2, -1.5707963267948966, 2.0
1028, 26, 311, 351, 310, 352, 1, -1, -0.7853981633974483, 1.4142135623730951
1028, 27, 534, 73, 532, 74, 2, -1, -0.4636476090008061, 2.23606797749979
1028, 29, 556, 324, 551, 327, 5, -3, -0.5404195002705842, 5.830951894845301
1028, 31, 575, 138, 573, 138, 2, 0, 0.0, 2.0
1028, 32, 539, 126, 537, 126, 2, 0, 0.0, 2.0
1028, 36, 625, 154, 623, 153, 2, 1, 0.4636476090008061, 2.23606797749979
1028, 37, 567, 339, 565, 339, 2, 0, 0.0, 2.0
1028, 39, 497, 82, 495, 82, 2, 0, 0.0, 2.0
1028, 42, 495, 402, 493, 402, 2, 0, 0.0, 2.0
1028, 43, 339, 126, 338, 127, 1, -1, -0.7853981633974483, 1.4142135623730951
1028, 47, 335, 80, 334, 81, 1, -1, -0.7853981633974483, 1.4142135623730951
1028, 48, 175, 404, 174, 405, 1, -1, -0.7853981633974483, 1.4142135623730951
1029, 0, 260, 132, 259, 133, 1, -1, -0.7853981633974483, 1.4142135623730951
1029, 2, 373, 67, 371, 68, 2, -1, -0.4636476090008061, 2.23606797749979
1029, 3, 367, 365, 365, 366, 2, -1, -0.4636476090008061, 2.23606797749979
1029, 4, 606, 81, 604, 82, 2, -1, -0.4636476090008061, 2.23606797749979
1029, 6, 355, 95, 353, 95, 2, 0, 0.0, 2.0
1029, 7, 505, 69, 504, 70, 1, -1, -0.7853981633974483, 1.4142135623730951
1029, 10, 401, 127, 400, 128, 1, -1, -0.7853981633974483, 1.4142135623730951
1029, 14, 419, 401, 417, 402, 2, -1, -0.4636476090008061, 2.23606797749979
1029, 17, 128, 317, 127, 318, 1, -1, -0.7853981633974483, 1.4142135623730951
1029, 21, 307, 377, 305, 378, 2, -1, -0.4636476090008061, 2.23606797749979
1029, 25, 239, 118, 238, 119, 1, -1, -0.7853981633974483, 1.4142135623730951
1029, 27, 536, 73, 534, 73, 2, 0, 0.0, 2.0
1029, 28, 233, 404, 232, 405, 1, -1, -0.7853981633974483, 1.4142135623730951
1029, 29, 560, 322, 556, 324, 4, -2, -0.4636476090008061, 4.47213595499958
1029, 31, 577, 138, 575, 138, 2, 0, 0.0, 2.0
1029, 32, 541, 126, 539, 126, 2, 0, 0.0, 2.0
1029, 35, 148, 403, 147, 404, 1, -1, -0.7853981633974483, 1.4142135623730951
1029, 36, 627, 154, 625, 154, 2, 0, 0.0, 2.0
1029, 37, 569, 338, 567, 339, 2, -1, -0.4636476090008061, 2.23606797749979
1029, 39, 499, 82, 497, 82, 2, 0, 0.0, 2.0
1029, 42, 497, 401, 495, 402, 2, -1, -0.4636476090008061, 2.23606797749979
1030, 2, 373, 69, 371, 70, 2, -1, -0.4636476090008061, 2.23606797749979
1030, 3, 356, 95, 355, 96, 1, -1, -0.7853981633974483, 1.4142135623730951
1030, 4, 366, 368, 365, 369, 1, -1, -0.7853981633974483, 1.4142135623730951
1030, 5, 618, 128, 616, 129, 2, -1, -0.4636476090008061, 2.23606797749979
1030, 7, 506, 73, 504, 74, 2, -1, -0.4636476090008061, 2.23606797749979
1030, 8, 419, 102, 418, 103, 1, -1, -0.7853981633974483, 1.4142135623730951
1030, 11, 305, 380, 304, 381, 1, -1, -0.7853981633974483, 1.4142135623730951
1030, 12, 411, 69, 409, 70, 2, -1, -0.4636476090008061, 2.23606797749979
1030, 14, 500, 85, 498, 85, 2, 0, 0.0, 2.0
1030, 16, 574, 140, 571, 141, 3, -1, -0.3217505543966422, 3.1622776601683795
1030, 17, 539, 128, 537, 128, 2, 0, 0.0, 2.0
1030, 22, 419, 405, 418, 406, 1, -1, -0.7853981633974483, 1.4142135623730951
1030, 27, 402, 129, 400, 129, 2, 0, 0.0, 2.0
1030, 28, 199, 68, 198, 69, 1, -1, -0.7853981633974483, 1.4142135623730951
1030, 31, 369, 86, 367, 86, 2, 0, 0.0, 2.0
1030, 36, 501, 132, 499, 133, 2, -1, -0.4636476090008061, 2.23606797749979
1030, 39, 374, 79, 373, 80, 1, -1, -0.7853981633974483, 1.4142135623730951
1030, 40, 235, 114, 234, 116, 1, -2, -1.1071487177940904, 2.23606797749979
1030, 42, 630, 73, 629, 74, 1, -1, -0.7853981633974483, 1.4142135623730951
1030, 45, 171, 336, 170, 337, 1, -1, -0.7853981633974483, 1.4142135623730951
1030, 46, 437, 88, 435, 89, 2, -1, -0.4636476090008061, 2.23606797749979
1030, 48, 487, 397, 486, 398, 1, -1, -0.7853981633974483, 1.4142135623730951
1030, 51, 342, 376, 341, 377, 1, -1, -0.7853981633974483, 1.4142135623730951
1030, 52, 149, 405, 148, 406, 1, -1, -0.7853981633974483, 1.4142135623730951
1030, 53, 554, 334, 552, 335, 2, -1, -0.4636476090008061, 2.23606797749979
1031, 1, 375, 68, 373, 69, 2, -1, -0.4636476090008061, 2.23606797749979
1031, 2, 357, 94, 356, 95, 1, -1, -0.7853981633974483, 1.4142135623730951
1031, 4, 620, 128, 618, 128, 2, 0, 0.0, 2.0
1031, 6, 508, 72, 506, 73, 2, -1, -0.4636476090008061, 2.23606797749979
1031, 7, 421, 101, 419, 102, 2, -1, -0.4636476090008061, 2.23606797749979
1031, 9, 607, 83, 606, 84, 1, -1, -0.7853981633974483, 1.4142135623730951
1031, 10, 306, 379, 305, 380, 1, -1, -0.7853981633974483, 1.4142135623730951
1031, 12, 407, 79, 406, 80, 1, -1, -0.7853981633974483, 1.4142135623730951
1031, 13, 503, 85, 500, 85, 3, 0, 0.0, 3.0
1031, 15, 576, 140, 574, 140, 2, 0, 0.0, 2.0
1031, 18, 335, 73, 334, 74, 1, -1, -0.7853981633974483, 1.4142135623730951
1031, 19, 467, 74, 465, 75, 2, -1, -0.4636476090008061, 2.23606797749979
1031, 21, 420, 404, 419, 405, 1, -1, -0.7853981633974483, 1.4142135623730951
1031, 23, 195, 386, 194, 387, 1, -1, -0.7853981633974483, 1.4142135623730951
1031, 24, 177, 405, 176, 406, 1, -1, -0.7853981633974483, 1.4142135623730951
1031, 26, 404, 128, 402, 129, 2, -1, -0.4636476090008061, 2.23606797749979
1031, 30, 372, 86, 369, 86, 3, 0, 0.0, 3.0
1031, 32, 313, 353, 312, 354, 1, -1, -0.7853981633974483, 1.4142135623730951
1031, 38, 376, 78, 374, 79, 2, -1, -0.4636476090008061, 2.23606797749979
1031, 39, 236, 113, 235, 114, 1, -1, -0.7853981633974483, 1.4142135623730951
1031, 41, 632, 73, 630, 73, 2, 0, 0.0, 2.0
1031, 43, 498, 403, 497, 404, 1, -1, -0.7853981633974483, 1.4142135623730951
1031, 45, 438, 87, 437, 88, 1, -1, -0.7853981633974483, 1.4142135623730951
1031, 46, 195, 379, 194, 380, 1, -1, -0.7853981633974483, 1.4142135623730951
1031, 50, 343, 375, 342, 376, 1, -1, -0.7853981633974483, 1.4142135623730951
1031, 52, 555, 333, 554, 334, 1, -1, -0.7853981633974483, 1.4142135623730951
1032, 1, 376, 67, 375, 68, 1, -1, -0.7853981633974483, 1.4142135623730951
1032, 2, 358, 93, 357, 94, 1, -1, -0.7853981633974483, 1.4142135623730951
1032, 3, 368, 367, 367, 368, 1, -1, -0.7853981633974483, 1.4142135623730951
1032, 4, 622, 128, 620, 128, 2, 0, 0.0, 2.0
1032, 6, 510, 71, 508, 72, 2, -1, -0.4636476090008061, 2.23606797749979
1032, 7, 422, 100, 421, 101, 1, -1, -0.7853981633974483, 1.4142135623730951
1032, 9, 609, 82, 607, 83, 2, -1, -0.4636476090008061, 2.23606797749979
1032, 10, 307, 378, 306, 379, 1, -1, -0.7853981633974483, 1.4142135623730951
1032, 12, 408, 78, 407, 79, 1, -1, -0.7853981633974483, 1.4142135623730951
1032, 13, 505, 84, 503, 85, 2, -1, -0.4636476090008061, 2.23606797749979
1032, 14, 235, 407, 234, 408, 1, -1, -0.7853981633974483, 1.4142135623730951
1032, 16, 542, 128, 540, 128, 2, 0, 0.0, 2.0
1032, 17, 259, 359, 260, 358, -1, 1, 2.356194490192345, 1.4142135623730951
1032, 21, 421, 403, 420, 404, 1, -1, -0.7853981633974483, 1.4142135623730951
1032, 25, 406, 127, 404, 128, 2, -1, -0.4636476090008061, 2.23606797749979
1032, 29, 375, 86, 372, 86, 3, 0, 0.0, 3.0
1032, 30, 242, 299, 241, 300, 1, -1, -0.7853981633974483, 1.4142135623730951
1032, 34, 504, 132, 502, 132, 2, 0, 0.0, 2.0
1032, 37, 377, 76, 376, 78, 1, -2, -1.1071487177940904, 2.23606797749979
1032, 38, 237, 111, 236, 113, 1, -2, -1.1071487177940904, 2.23606797749979
1032, 40, 634, 72, 632, 73, 2, -1, -0.4636476090008061, 2.23606797749979
1032, 44, 440, 86, 438, 87, 2, -1, -0.4636476090008061, 2.23606797749979
1032, 46, 489, 396, 488, 397, 1, -1, -0.7853981633974483, 1.4142135623730951
1033, 1, 377, 66, 376, 67, 1, -1, -0.7853981633974483, 1.4142135623730951
1033, 3, 369, 366, 368, 367, 1, -1, -0.7853981633974483, 1.4142135623730951
1033, 4, 624, 128, 622, 128, 2, 0, 0.0, 2.0
1033, 6, 511, 70, 510, 71, 1, -1, -0.7853981633974483, 1.4142135623730951
1033, 7, 424, 99, 422, 100, 2, -1, -0.4636476090008061, 2.23606797749979
1033, 9, 611, 82, 609, 82, 2, 0, 0.0, 2.0
1033, 10, 309, 376, 307, 378, 2, -2, -0.7853981633974483, 2.8284271247461903
1033, 13, 507, 84, 505, 84, 2, 0, 0.0, 2.0
1033, 15, 579, 140, 577, 140, 2, 0, 0.0, 2.0
1033, 16, 544, 128, 542, 128, 2, 0, 0.0, 2.0
1033, 21, 423, 402, 421, 403, 2, -1, -0.4636476090008061, 2.23606797749979
1033, 23, 178, 403, 177, 404, 1, -1, -0.7853981633974483, 1.4142135623730951
1033, 25, 202, 67, 201, 68, 1, -1, -0.7853981633974483, 1.4142135623730951
1033, 27, 539, 73, 538, 74, 1, -1, -0.7853981633974483, 1.4142135623730951
1033, 30, 315, 352, 314, 353, 1, -1, -0.7853981633974483, 1.4142135623730951
1033, 33, 506, 131, 504, 132, 2, -1, -0.4636476090008061, 2.23606797749979
1033, 36, 379, 75, 377, 76, 2, -1, -0.4636476090008061, 2.23606797749979
1033, 39, 635, 71, 634, 72, 1, -1, -0.7853981633974483, 1.4142135623730951
1033, 41, 500, 402, 499, 403, 1, -1, -0.7853981633974483, 1.4142135623730951
1033, 43, 441, 85, 440, 86, 1, -1, -0.7853981633974483, 1.4142135623730951
1033, 45, 490, 395, 489, 396, 1, -1, -0.7853981633974483, 1.4142135623730951
1033, 48, 345, 374, 344, 375, 1, -1, -0.7853981633974483, 1.4142135623730951
1034, 1, 378, 65, 377, 66, 1, -1, -0.7853981633974483, 1.4142135623730951
1034, 3, 370, 365, 369, 366, 1, -1, -0.7853981633974483, 1.4142135623730951
1034, 4, 626, 127, 624, 128, 2, -1, -0.4636476090008061, 2.23606797749979
1034, 6, 512, 69, 511, 70, 1, -1, -0.7853981633974483, 1.4142135623730951
1034, 13, 509, 83, 507, 84, 2, -1, -0.4636476090008061, 2.23606797749979
1034, 15, 581, 140, 579, 140, 2, 0, 0.0, 2.0
1034, 16, 546, 126, 544, 128, 2, -2, -0.7853981633974483, 2.8284271247461903
1034, 19, 471, 73, 469, 74, 2, -1, -0.4636476090008061, 2.23606797749979
1034, 24, 408, 126, 407, 127, 1, -1, -0.7853981633974483, 1.4142135623730951
1034, 25, 203, 66, 202, 67, 1, -1, -0.7853981633974483, 1.4142135623730951
1034, 27, 540, 72, 539, 73, 1, -1, -0.7853981633974483, 1.4142135623730951
1034, 36, 380, 74, 379, 75, 1, -1, -0.7853981633974483, 1.4142135623730951
1034, 41, 501, 401, 500, 402, 1, -1, -0.7853981633974483, 1.4142135623730951
1034, 43, 442, 84, 441, 85, 1, -1, -0.7853981633974483, 1.4142135623730951
1034, 46, 175, 146, 176, 145, -1, 1, 2.356194490192345, 1.4142135623730951
1034, 50, 558, 333, 556, 333, 2, 0, 0.0, 2.0
1035, 3, 378, 68, 376, 69, 2, -1, -0.4636476090008061, 2.23606797749979
1035, 5, 614, 83, 612, 84, 2, -1, -0.4636476090008061, 2.23606797749979
1035, 6, 624, 129, 622, 129, 2, 0, 0.0, 2.0
1035, 7, 511, 72, 510, 73, 1, -1, -0.7853981633974483, 1.4142135623730951
1035, 10, 203, 68, 202, 69, 1, -1, -0.7853981633974483, 1.4142135623730951
1035, 11, 237, 405, 236, 406, 1, -1, -0.7853981633974483, 1.4142135623730951
1035, 12, 312, 378, 311, 379, 1, -1, -0.7853981633974483, 1.4142135623730951
1035, 13, 422, 103, 421, 104, 1, -1, -0.7853981633974483, 1.4142135623730951
1035, 17, 131, 318, 130, 319, 1, -1, -0.7853981633974483, 1.4142135623730951
1035, 18, 406, 126, 405, 127, 1, -1, -0.7853981633974483, 1.4142135623730951
1035, 24, 357, 102, 356, 103, 1, -1, -0.7853981633974483, 1.4142135623730951
1035, 28, 545, 128, 543, 128, 2, 0, 0.0, 2.0
1035, 29, 369, 361, 368, 362, 1, -1, -0.7853981633974483, 1.4142135623730951
1035, 33, 394, 350, 392, 351, 2, -1, -0.4636476090008061, 2.23606797749979
1035, 34, 234, 115, 236, 115, -2, 0, 3.141592653589793, 2.0
1035, 41, 347, 377, 345, 377, 2, 0, 0.0, 2.0
1035, 43, 424, 403, 423, 404, 1, -1, -0.7853981633974483, 1.4142135623730951
1035, 46, 572, 339, 570, 340, 2, -1, -0.4636476090008061, 2.23606797749979
1036, 3, 380, 67, 378, 68, 2, -1, -0.4636476090008061, 2.23606797749979
1036, 7, 512, 71, 511, 72, 1, -1, -0.7853981633974483, 1.4142135623730951
1036, 10, 204, 67, 203, 68, 1, -1, -0.7853981633974483, 1.4142135623730951
1036, 12, 313, 377, 312, 378, 1, -1, -0.7853981633974483, 1.4142135623730951
1036, 13, 424, 102, 422, 103, 2, -1, -0.4636476090008061, 2.23606797749979
1036, 14, 151, 408, 150, 409, 1, -1, -0.7853981633974483, 1.4142135623730951
1036, 15, 473, 74, 472, 75, 1, -1, -0.7853981633974483, 1.4142135623730951
1036, 18, 407, 125, 406, 126, 1, -1, -0.7853981633974483, 1.4142135623730951
1036, 22, 291, 128, 290, 129, 1, -1, -0.7853981633974483, 1.4142135623730951
1036, 23, 358, 101, 357, 102, 1, -1, -0.7853981633974483, 1.4142135623730951
1036, 24, 214, 108, 214, 110, 0, -2, -1.5707963267948966, 2.0
1036, 26, 337, 127, 335, 128, 2, -1, -0.4636476090008061, 2.23606797749979
1036, 27, 548, 128, 545, 128, 3, 0, 0.0, 3.0
1036, 32, 395, 349, 394, 350, 1, -1, -0.7853981633974483, 1.4142135623730951
1036, 33, 233, 113, 234, 115, -1, -2, -2.0344439357957027, 2.23606797749979
1036, 36, 580, 142, 578, 142, 2, 0, 0.0, 2.0
1036, 45, 575, 337, 572, 339, 3, -2, -0.5880026035475675, 3.605551275463989
1037, 3, 382, 67, 380, 67, 2, 0, 0.0, 2.0
1037, 4, 373, 368, 372, 369, 1, -1, -0.7853981633974483, 1.4142135623730951
1037, 7, 513, 70, 512, 71, 1, -1, -0.7853981633974483, 1.4142135623730951
1037, 12, 314, 376, 313, 377, 1, -1, -0.7853981633974483, 1.4142135623730951
1037, 13, 426, 101, 424, 102, 2, -1, -0.4636476090008061, 2.23606797749979
1037, 14, 152, 407, 151, 408, 1, -1, -0.7853981633974483, 1.4142135623730951
1037, 15, 474, 73, 473, 74, 1, -1, -0.7853981633974483, 1.4142135623730951
1037, 18, 409, 124, 407, 125, 2, -1, -0.4636476090008061, 2.23606797749979
1037, 22, 293, 127, 291, 128, 2, -1, -0.4636476090008061, 2.23606797749979
1037, 23, 359, 100, 358, 101, 1, -1, -0.7853981633974483, 1.4142135623730951
1037, 26, 338, 126, 337, 127, 1, -1, -0.7853981633974483, 1.4142135623730951
1037, 28, 371, 360, 370, 361, 1, -1, -0.7853981633974483, 1.4142135623730951
1037, 29, 339, 73, 338, 74, 1, -1, -0.7853981633974483, 1.4142135623730951
1037, 32, 396, 348, 395, 349, 1, -1, -0.7853981633974483, 1.4142135623730951
1037, 35, 582, 142, 580, 142, 2, 0, 0.0, 2.0
1037, 42, 175, 291, 174, 292, 1, -1, -0.7853981633974483, 1.4142135623730951
1037, 44, 577, 336, 575, 337, 2, -1, -0.4636476090008061, 2.23606797749979
1038, 2, 384, 67, 382, 67, 2, 0, 0.0, 2.0
1038, 5, 627, 128, 626, 129, 1, -1, -0.7853981633974483, 1.4142135623730951
1038, 9, 206, 66, 205, 67, 1, -1, -0.7853981633974483, 1.4142135623730951
1038, 10, 240, 404, 239, 405, 1, -1, -0.7853981633974483, 1.4142135623730951
1038, 12, 427, 100, 426, 101, 1, -1, -0.7853981633974483, 1.4142135623730951
1038, 14, 476, 73, 474, 73, 2, 0, 0.0, 2.0
1038, 17, 410, 123, 409, 124, 1, -1, -0.7853981633974483, 1.4142135623730951
1038, 18, 514, 132, 513, 133, 1, -1, -0.7853981633974483, 1.4142135623730951
1038, 21, 294, 126, 293, 127, 1, -1, -0.7853981633974483, 1.4142135623730951
1038, 23, 215, 106, 214, 107, 1, -1, -0.7853981633974483, 1.4142135623730951
1038, 24, 417, 70, 416, 71, 1, -1, -0.7853981633974483, 1.4142135623730951
1038, 25, 340, 126, 338, 126, 2, 0, 0.0, 2.0
1038, 26, 550, 128, 548, 128, 2, 0, 0.0, 2.0
1038, 27, 373, 360, 371, 360, 2, 0, 0.0, 2.0
1038, 28, 340, 72, 339, 73, 1, -1, -0.7853981633974483, 1.4142135623730951
1038, 34, 584, 142, 582, 142, 2, 0, 0.0, 2.0
1038, 38, 351, 377, 349, 377, 2, 0, 0.0, 2.0
1038, 43, 579, 335, 577, 336, 2, -1, -0.4636476090008061, 2.23606797749979
1039, 2, 385, 66, 384, 67, 1, -1, -0.7853981633974483, 1.4142135623730951
1039, 5, 629, 127, 627, 128, 2, -1, -0.4636476090008061, 2.23606797749979
1039, 6, 515, 69, 514, 70, 1, -1, -0.7853981633974483, 1.4142135623730951
1039, 7, 363, 95, 362, 96, 1, -1, -0.7853981633974483, 1.4142135623730951
1039, 9, 207, 65, 206, 66, 1, -1, -0.7853981633974483, 1.4142135623730951
1039, 13, 153, 406, 152, 407, 1, -1, -0.7853981633974483, 1.4142135623730951
1039, 18, 516, 131, 514, 132, 2, -1, -0.4636476090008061, 2.23606797749979
1039, 21, 295, 125, 294, 126, 1, -1, -0.7853981633974483, 1.4142135623730951
1039, 24, 418, 69, 417, 70, 1, -1, -0.7853981633974483, 1.4142135623730951
1039, 25, 342, 126, 340, 126, 2, 0, 0.0, 2.0
1039, 27, 374, 359, 373, 360, 1, -1, -0.7853981633974483, 1.4142135623730951
1039, 28, 342, 71, 340, 72, 2, -1, -0.4636476090008061, 2.23606797749979
1039, 29, 214, 178, 213, 179, 1, -1, -0.7853981633974483, 1.4142135623730951
1039, 31, 399, 347, 397, 348, 2, -1, -0.4636476090008061, 2.23606797749979
1039, 33, 586, 142, 584, 142, 2, 0, 0.0, 2.0
1039, 34, 180, 403, 179, 404, 1, -1, -0.7853981633974483, 1.4142135623730951
1039, 36, 258, 135, 258, 137, 0, -2, -1.5707963267948966, 2.0
1039, 39, 428, 402, 427, 403, 1, -1, -0.7853981633974483, 1.4142135623730951
1039, 42, 580, 334, 579, 335, 1, -1, -0.7853981633974483, 1.4142135623730951
1040, 3, 630, 128, 627, 129, 3, -1, -0.3217505543966422, 3.1622776601683795
1040, 4, 376, 369, 374, 369, 2, 0, 0.0, 2.0
1040, 5, 517, 72, 516, 73, 1, -1, -0.7853981633974483, 1.4142135623730951
1040, 6, 617, 85, 615, 85, 2, 0, 0.0, 2.0
1040, 7, 381, 68, 380, 69, 1, -1, -0.7853981633974483, 1.4142135623730951
1040, 9, 163, 403, 162, 404, 1, -1, -0.7853981633974483, 1.4142135623730951
1040, 15, 412, 127, 410, 128, 2, -1, -0.4636476090008061, 2.23606797749979
1040, 16, 206, 382, 205, 383, 1, -1, -0.7853981633974483, 1.4142135623730951
1040, 17, 429, 102, 427, 103, 2, -1, -0.4636476090008061, 2.23606797749979
1040, 25, 244, 154, 244, 156, 0, -2, -1.5707963267948966, 2.0
1040, 26, 342, 74, 341, 75, 1, -1, -0.7853981633974483, 1.4142135623730951
1040, 27, 318, 378, 316, 379, 2, -1, -0.4636476090008061, 2.23606797749979
1040, 32, 218, 178, 217, 179, 1, -1, -0.7853981633974483, 1.4142135623730951
1040, 36, 259, 319, 260, 318, -1, 1, 2.356194490192345, 1.4142135623730951
1040, 38, 413, 80, 412, 81, 1, -1, -0.7853981633974483, 1.4142135623730951
1040, 39, 437, 84, 435, 84, 2, 0, 0.0, 2.0
1040, 41, 320, 353, 319, 354, 1, -1, -0.7853981633974483, 1.4142135623730951
1041, 0, 264, 132, 263, 133, 1, -1, -0.7853981633974483, 1.4142135623730951
1041, 3, 633, 128, 630, 128, 3, 0, 0.0, 3.0
1041, 5, 518, 71, 517, 72, 1, -1, -0.7853981633974483, 1.4142135623730951
1041, 7, 382, 67, 381, 68, 1, -1, -0.7853981633974483, 1.4142135623730951
1041, 15, 414, 127, 412, 127, 2, 0, 0.0, 2.0
1041, 17, 431, 102, 429, 102, 2, 0, 0.0, 2.0
1041, 19, 136, 361, 135, 362, 1, -1, -0.7853981633974483, 1.4142135623730951
1041, 21, 207, 67, 206, 68, 1, -1, -0.7853981633974483, 1.4142135623730951
1041, 26, 344, 73, 342, 74, 2, -1, -0.4636476090008061, 2.23606797749979
1041, 27, 319, 377, 318, 378, 1, -1, -0.7853981633974483, 1.4142135623730951
1041, 28, 588, 141, 586, 142, 2, -1, -0.4636476090008061, 2.23606797749979
1041, 30, 508, 404, 506, 404, 2, 0, 0.0, 2.0
1041, 31, 345, 82, 344, 83, 1, -1, -0.7853981633974483, 1.4142135623730951
1041, 32, 219, 177, 218, 178, 1, -1, -0.7853981633974483, 1.4142135623730951
1041, 33, 511, 82, 510, 83, 1, -1, -0.7853981633974483, 1.4142135623730951
1041, 34, 539, 393, 537, 394, 2, -1, -0.4636476090008061, 2.23606797749979
1041, 35, 154, 404, 153, 405, 1, -1, -0.7853981633974483, 1.4142135623730951
1041, 36, 414, 79, 413, 80, 1, -1, -0.7853981633974483, 1.4142135623730951
1041, 37, 439, 84, 437, 84, 2, 0, 0.0, 2.0
1042, 3, 635, 127, 633, 128, 2, -1, -0.4636476090008061, 2.23606797749979
1042, 5, 520, 71, 518, 71, 2, 0, 0.0, 2.0
1042, 8, 366, 95, 364, 96, 2, -1, -0.4636476090008061, 2.23606797749979
1042, 11, 420, 69, 419, 70, 1, -1, -0.7853981633974483, 1.4142135623730951
1042, 15, 416, 126, 414, 127, 2, -1, -0.4636476090008061, 2.23606797749979
1042, 17, 433, 102, 431, 102, 2, 0, 0.0, 2.0
1042, 18, 478, 75, 477, 76, 1, -1, -0.7853981633974483, 1.4142135623730951
1042, 26, 345, 72, 344, 73, 1, -1, -0.7853981633974483, 1.4142135623730951
1042, 27, 320, 376, 319, 377, 1, -1, -0.7853981633974483, 1.4142135623730951
1042, 28, 590, 141, 588, 141, 2, 0, 0.0, 2.0
1042, 29, 297, 127, 295, 128, 2, -1, -0.4636476090008061, 2.23606797749979
1042, 30, 510, 404, 508, 404, 2, 0, 0.0, 2.0
1042, 31, 346, 81, 345, 82, 1, -1, -0.7853981633974483, 1.4142135623730951
1042, 32, 221, 176, 219, 177, 2, -1, -0.4636476090008061, 2.23606797749979
1042, 33, 512, 81, 511, 82, 1, -1, -0.7853981633974483, 1.4142135623730951
1042, 34, 540, 392, 539, 393, 1, -1, -0.7853981633974483, 1.4142135623730951
1042, 37, 441, 84, 439, 84, 2, 0, 0.0, 2.0
1042, 38, 548, 74, 546, 74, 2, 0, 0.0, 2.0
1042, 39, 322, 352, 321, 353, 1, -1, -0.7853981633974483, 1.4142135623730951
1043, 0, 265, 131, 264, 132, 1, -1, -0.7853981633974483, 1.4142135623730951
1043, 4, 379, 368, 378, 369, 1, -1, -0.7853981633974483, 1.4142135623730951
1043, 8, 368, 94, 366, 95, 2, -1, -0.4636476090008061, 2.23606797749979
1043, 15, 418, 125, 416, 126, 2, -1, -0.4636476090008061, 2.23606797749979
1043, 18, 480, 74, 478, 75, 2, -1, -0.4636476090008061, 2.23606797749979
1043, 21, 208, 66, 207, 67, 1, -1, -0.7853981633974483, 1.4142135623730951
1043, 25, 244, 150, 244, 152, 0, -2, -1.5707963267948966, 2.0
1043, 26, 346, 71, 345, 72, 1, -1, -0.7853981633974483, 1.4142135623730951
1043, 27, 321, 375, 320, 376, 1, -1, -0.7853981633974483, 1.4142135623730951
1043, 28, 592, 140, 590, 141, 2, -1, -0.4636476090008061, 2.23606797749979
1043, 29, 298, 126, 297, 127, 1, -1, -0.7853981633974483, 1.4142135623730951
1043, 31, 347, 80, 346, 81, 1, -1, -0.7853981633974483, 1.4142135623730951
1043, 38, 550, 74, 548, 74, 2, 0, 0.0, 2.0
1043, 39, 323, 351, 322, 352, 1, -1, -0.7853981633974483, 1.4142135623730951
1044, 5, 622, 85, 620, 85, 2, 0, 0.0, 2.0
1044, 7, 369, 93, 368, 94, 1, -1, -0.7853981633974483, 1.4142135623730951
1044, 20, 209, 65, 208, 66, 1, -1, -0.7853981633974483, 1.4142135623730951
1044, 25, 323, 375, 321, 375, 2, 0, 0.0, 2.0
1044, 26, 595, 139, 592, 140, 3, -1, -0.3217505543966422, 3.1622776601683795
1044, 27, 299, 125, 298, 126, 1, -1, -0.7853981633974483, 1.4142135623730951
1044, 28, 513, 403, 511, 404, 2, -1, -0.4636476090008061, 2.23606797749979
1044, 31, 514, 80, 513, 81, 1, -1, -0.7853981633974483, 1.4142135623730951
1044, 34, 416, 77, 415, 78, 1, -1, -0.7853981633974483, 1.4142135623730951
1044, 37, 324, 350, 323, 351, 1, -1, -0.7853981633974483, 1.4142135623730951
1045, 0, 267, 132, 266, 133, 1, -1, -0.7853981633974483, 1.4142135623730951
1045, 1, 367, 97, 366, 98, 1, -1, -0.7853981633974483, 1.4142135623730951
1045, 4, 523, 73, 521, 73, 2, 0, 0.0, 2.0
1045, 8, 434, 102, 432, 103, 2, -1, -0.4636476090008061, 2.23606797749979
1045, 13, 255, 113, 254, 114, 1, -1, -0.7853981633974483, 1.4142135623730951
1045, 16, 271, 361, 270, 362, 1, -1, -0.7853981633974483, 1.4142135623730951
1045, 19, 231, 105, 230, 106, 1, -1, -0.7853981633974483, 1.4142135623730951
1045, 20, 556, 128, 554, 129, 2, -1, -0.4636476090008061, 2.23606797749979
1045, 22, 321, 376, 320, 377, 1, -1, -0.7853981633974483, 1.4142135623730951
1045, 23, 570, 327, 567, 328, 3, -1, -0.3217505543966422, 3.1622776601683795
1045, 28, 347, 73, 346, 74, 1, -1, -0.7853981633974483, 1.4142135623730951
1045, 29, 324, 352, 323, 353, 1, -1, -0.7853981633974483, 1.4142135623730951
1045, 30, 325, 126, 324, 127, 1, -1, -0.7853981633974483, 1.4142135623730951
1045, 33, 415, 126, 414, 127, 1, -1, -0.7853981633974483, 1.4142135623730951
1045, 34, 356, 125, 355, 126, 1, -1, -0.7853981633974483, 1.4142135623730951
1045, 38, 591, 142, 589, 143, 2, -1, -0.4636476090008061, 2.23606797749979
1045, 40, 388, 78, 386, 78, 2, 0, 0.0, 2.0
1045, 43, 631, 354, 628, 355, 3, -1, -0.3217505543966422, 3.1622776601683795
1045, 47, 216, 178, 215, 179, 1, -1, -0.7853981633974483, 1.4142135623730951
1045, 48, 298, 128, 297, 129, 1, -1, -0.7853981633974483, 1.4142135623730951
1045, 49, 622, 135, 620, 136, 2, -1, -0.4636476090008061, 2.23606797749979
1046, 1, 368, 96, 367, 97, 1, -1, -0.7853981633974483, 1.4142135623730951
1046, 2, 635, 128, 634, 129, 1, -1, -0.7853981633974483, 1.4142135623730951
1046, 4, 525, 72, 523, 73, 2, -1, -0.4636476090008061, 2.23606797749979
1046, 5, 165, 400, 164, 401, 1, -1, -0.7853981633974483, 1.4142135623730951
1046, 6, 387, 69, 386, 70, 1, -1, -0.7853981633974483, 1.4142135623730951
1046, 7, 624, 85, 622, 85, 2, 0, 0.0, 2.0
1046, 8, 435, 101, 434, 102, 1, -1, -0.7853981633974483, 1.4142135623730951
1046, 9, 380, 369, 379, 370, 1, -1, -0.7853981633974483, 1.4142135623730951
1046, 11, 481, 74, 480, 75, 1, -1, -0.7853981633974483, 1.4142135623730951
1046, 13, 257, 112, 255, 113, 2, -1, -0.4636476090008061, 2.23606797749979
1046, 16, 272, 362, 271, 361, 1, 1, 0.7853981633974483, 1.4142135623730951
1046, 18, 558, 127, 556, 128, 2, -1, -0.4636476090008061, 2.23606797749979
1046, 19, 438, 373, 437, 374, 1, -1, -0.7853981633974483, 1.4142135623730951
1046, 20, 322, 375, 321, 376, 1, -1, -0.7853981633974483, 1.4142135623730951
1046, 21, 575, 327, 570, 327, 5, 0, 0.0, 5.0
1046, 25, 422, 70, 421, 71, 1, -1, -0.7853981633974483, 1.4142135623730951
1046, 26, 348, 72, 347, 73, 1, -1, -0.7853981633974483, 1.4142135623730951
1046, 27, 325, 351, 324, 352, 1, -1, -0.7853981633974483, 1.4142135623730951
1046, 36, 593, 142, 591, 142, 2, 0, 0.0, 2.0
1046, 41, 633, 353, 631, 354, 2, -1, -0.4636476090008061, 2.23606797749979
1046, 43, 555, 75, 554, 76, 1, -1, -0.7853981633974483, 1.4142135623730951
1046, 46, 299, 127, 298, 128, 1, -1, -0.7853981633974483, 1.4142135623730951
1047, 0, 268, 130, 267, 131, 1, -1, -0.7853981633974483, 1.4142135623730951
1047, 1, 369, 95, 368, 96, 1, -1, -0.7853981633974483, 1.4142135623730951
1047, 4, 526, 71, 525, 72, 1, -1, -0.7853981633974483, 1.4142135623730951
1047, 7, 626, 85, 624, 85, 2, 0, 0.0, 2.0
1047, 8, 436, 100, 435, 101, 1, -1, -0.7853981633974483, 1.4142135623730951
1047, 9, 382, 369, 380, 369, 2, 0, 0.0, 2.0
1047, 14, 243, 406, 242, 407, 1, -1, -0.7853981633974483, 1.4142135623730951
1047, 18, 559, 126, 558, 127, 1, -1, -0.7853981633974483, 1.4142135623730951
1047, 19, 439, 372, 438, 373, 1, -1, -0.7853981633974483, 1.4142135623730951
1047, 20, 323, 374, 322, 375, 1, -1, -0.7853981633974483, 1.4142135623730951
1047, 28, 327, 125, 326, 126, 1, -1, -0.7853981633974483, 1.4142135623730951
1047, 34, 546, 393, 545, 394, 1, -1, -0.7853981633974483, 1.4142135623730951
1047, 36, 596, 142, 593, 142, 3, 0, 0.0, 3.0
1047, 41, 635, 352, 633, 353, 2, -1, -0.4636476090008061, 2.23606797749979
1047, 42, 406, 351, 405, 352, 1, -1, -0.7853981633974483, 1.4142135623730951
1047, 43, 556, 74, 555, 75, 1, -1, -0.7853981633974483, 1.4142135623730951
1047, 46, 623, 133, 622, 134, 1, -1, -0.7853981633974483, 1.4142135623730951
1048, 4, 528, 71, 526, 71, 2, 0, 0.0, 2.0
1048, 8, 437, 99, 436, 100, 1, -1, -0.7853981633974483, 1.4142135623730951
1048, 17, 561, 126, 559, 126, 2, 0, 0.0, 2.0
1048, 19, 324, 373, 323, 374, 1, -1, -0.7853981633974483, 1.4142135623730951
1048, 22, 211, 65, 210, 66, 1, -1, -0.7853981633974483, 1.4142135623730951
1048, 24, 424, 69, 423, 70, 1, -1, -0.7853981633974483, 1.4142135623730951
1048, 25, 351, 72, 349, 72, 2, 0, 0.0, 2.0
1048, 26, 327, 350, 326, 351, 1, -1, -0.7853981633974483, 1.4142135623730951
1048, 30, 418, 125, 417, 126, 1, -1, -0.7853981633974483, 1.4142135623730951
1048, 32, 231, 322, 230, 323, 1, -1, -0.7853981633974483, 1.4142135623730951
1048, 33, 548, 392, 546, 393, 2, -1, -0.4636476090008061, 2.23606797749979
1048, 35, 598, 142, 596, 142, 2, 0, 0.0, 2.0
1048, 41, 408, 351, 406, 351, 2, 0, 0.0, 2.0
1048, 42, 557, 73, 556, 74, 1, -1, -0.7853981633974483, 1.4142135623730951
1048, 45, 625, 131, 623, 133, 2, -2, -0.7853981633974483, 2.8284271247461903
1049, 1, 371, 94, 370, 95, 1, -1, -0.7853981633974483, 1.4142135623730951
1049, 9, 384, 368, 383, 369, 1, -1, -0.7853981633974483, 1.4142135623730951
1049, 16, 232, 101, 231, 102, 1, -1, -0.7853981633974483, 1.4142135623730951
1049, 19, 325, 372, 324, 373, 1, -1, -0.7853981633974483, 1.4142135623730951
1049, 21, 266, 370, 265, 369, 1, 1, 0.7853981633974483, 1.4142135623730951
1049, 24, 426, 68, 424, 69, 2, -1, -0.4636476090008061, 2.23606797749979
1049, 27, 329, 124, 328, 125, 1, -1, -0.7853981633974483, 1.4142135623730951
1049, 30, 419, 124, 418, 125, 1, -1, -0.7853981633974483, 1.4142135623730951
1049, 33, 549, 391, 548, 392, 1, -1, -0.7853981633974483, 1.4142135623730951
1049, 34, 438, 405, 437, 406, 1, -1, -0.7853981633974483, 1.4142135623730951
1049, 35, 600, 142, 598, 142, 2, 0, 0.0, 2.0
1049, 41, 410, 351, 408, 351, 2, 0, 0.0, 2.0
1049, 42, 559, 72, 557, 73, 2, -1, -0.4636476090008061, 2.23606797749979
1049, 43, 217, 176, 216, 177, 1, -1, -0.7853981633974483, 1.4142135623730951
1049, 44, 302, 126, 301, 127, 1, -1, -0.7853981633974483, 1.4142135623730951
1049, 45, 627, 130, 625, 131, 2, -1, -0.4636476090008061, 2.23606797749979
1050, 7, 484, 76, 483, 77, 1, -1, -0.7853981633974483, 1.4142135623730951
1050, 13, 246, 407, 245, 408, 1, -1, -0.7853981633974483, 1.4142135623730951
1050, 16, 329, 351, 328, 352, 1, -1, -0.7853981633974483, 1.4142135623730951
1050, 19, 534, 380, 533, 381, 1, -1, -0.7853981633974483, 1.4142135623730951
1050, 23, 562, 128, 560, 128, 2, 0, 0.0, 2.0
1050, 24, 599, 143, 597, 143, 2, 0, 0.0, 2.0
1050, 28, 328, 126, 327, 127, 1, -1, -0.7853981633974483, 1.4142135623730951
1050, 32, 438, 405, 437, 406, 1, -1, -0.7853981633974483, 1.4142135623730951
1050, 38, 518, 83, 517, 84, 1, -1, -0.7853981633974483, 1.4142135623730951
1051, 4, 386, 369, 385, 370, 1, -1, -0.7853981633974483, 1.4142135623730951
1051, 6, 627, 86, 625, 86, 2, 0, 0.0, 2.0
1051, 7, 485, 75, 484, 76, 1, -1, -0.7853981633974483, 1.4142135623730951
1051, 9, 422, 129, 420, 129, 2, 0, 0.0, 2.0
1051, 10, 372, 96, 371, 97, 1, -1, -0.7853981633974483, 1.4142135623730951
1051, 12, 247, 406, 246, 407, 1, -1, -0.7853981633974483, 1.4142135623730951
1051, 23, 601, 143, 599, 143, 2, 0, 0.0, 2.0
1051, 24, 578, 330, 577, 331, 1, -1, -0.7853981633974483, 1.4142135623730951
1051, 28, 427, 82, 426, 81, 1, 1, 0.7853981633974483, 1.4142135623730951
1051, 31, 439, 404, 438, 405, 1, -1, -0.7853981633974483, 1.4142135623730951
1051, 34, 159, 405, 158, 406, 1, -1, -0.7853981633974483, 1.4142135623730951
1051, 37, 519, 82, 518, 83, 1, -1, -0.7853981633974483, 1.4142135623730951
1052, 4, 387, 368, 386, 369, 1, -1, -0.7853981633974483, 1.4142135623730951
1052, 12, 248, 405, 247, 406, 1, -1, -0.7853981633974483, 1.4142135623730951
1052, 15, 330, 350, 329, 351, 1, -1, -0.7853981633974483, 1.4142135623730951
1052, 18, 536, 379, 535, 380, 1, -1, -0.7853981633974483, 1.4142135623730951
1052, 20, 361, 126, 360, 127, 1, -1, -0.7853981633974483, 1.4142135623730951
1052, 22, 565, 128, 563, 128, 2, 0, 0.0, 2.0
1052, 23, 603, 143, 601, 143, 2, 0, 0.0, 2.0
1052, 24, 581, 329, 578, 330, 3, -1, -0.3217505543966422, 3.1622776601683795
1052, 27, 330, 125, 329, 126, 1, -1, -0.7853981633974483, 1.4142135623730951
1052, 31, 440, 403, 439, 404, 1, -1, -0.7853981633974483, 1.4142135623730951
1052, 37, 520, 81, 519, 82, 1, -1, -0.7853981633974483, 1.4142135623730951
1053, 4, 388, 367, 387, 368, 1, -1, -0.7853981633974483, 1.4142135623730951
1053, 8, 258, 165, 259, 164, -1, 1, 2.356194490192345, 1.4142135623730951
1053, 14, 440, 103, 439, 104, 1, -1, -0.7853981633974483, 1.4142135623730951
1053, 17, 355, 72, 354, 73, 1, -1, -0.7853981633974483, 1.4142135623730951
1053, 18, 538, 378, 536, 379, 2, -1, -0.4636476090008061, 2.23606797749979
1053, 19, 304, 126, 303, 127, 1, -1, -0.7853981633974483, 1.4142135623730951
1053, 22, 567, 128, 565, 128, 2, 0, 0.0, 2.0
1053, 24, 582, 328, 581, 329, 1, -1, -0.7853981633974483, 1.4142135623730951
1053, 27, 332, 124, 330, 125, 2, -1, -0.4636476090008061, 2.23606797749979
1053, 28, 429, 81, 428, 82, 1, -1, -0.7853981633974483, 1.4142135623730951
1053, 30, 246, 150, 245, 151, 1, -1, -0.7853981633974483, 1.4142135623730951
1053, 31, 441, 402, 440, 403, 1, -1, -0.7853981633974483, 1.4142135623730951
1053, 32, 268, 372, 267, 371, 1, 1, 0.7853981633974483, 1.4142135623730951
1053, 37, 521, 80, 520, 81, 1, -1, -0.7853981633974483, 1.4142135623730951
1054, 1, 269, 128, 268, 130, 1, -2, -1.1071487177940904, 2.23606797749979
1054, 4, 390, 366, 388, 367, 2, -1, -0.4636476090008061, 2.23606797749979
1054, 10, 375, 95, 374, 96, 1, -1, -0.7853981633974483, 1.4142135623730951
1054, 17, 356, 71, 355, 72, 1, -1, -0.7853981633974483, 1.4142135623730951
1054, 18, 539, 377, 538, 378, 1, -1, -0.7853981633974483, 1.4142135623730951
1054, 20, 363, 125, 362, 126, 1, -1, -0.7853981633974483, 1.4142135623730951
1054, 22, 570, 128, 567, 128, 3, 0, 0.0, 3.0
1054, 23, 606, 143, 604, 143, 2, 0, 0.0, 2.0
1054, 24, 581, 329, 582, 328, -1, 1, 2.356194490192345, 1.4142135623730951
1054, 27, 333, 123, 332, 124, 1, -1, -0.7853981633974483, 1.4142135623730951
1054, 34, 160, 402, 159, 403, 1, -1, -0.7853981633974483, 1.4142135623730951
1055, 1, 243, 129, 242, 130, 1, -1, -0.7853981633974483, 1.4142135623730951
1055, 3, 391, 368, 389, 369, 2, -1, -0.4636476090008061, 2.23606797749979
1055, 7, 375, 98, 374, 99, 1, -1, -0.7853981633974483, 1.4142135623730951
1055, 8, 326, 376, 325, 377, 1, -1, -0.7853981633974483, 1.4142135623730951
1055, 10, 429, 71, 428, 72, 1, -1, -0.7853981633974483, 1.4142135623730951
1055, 13, 217, 67, 216, 68, 1, -1, -0.7853981633974483, 1.4142135623730951
1055, 14, 442, 103, 441, 104, 1, -1, -0.7853981633974483, 1.4142135623730951
1055, 18, 425, 128, 424, 129, 1, -1, -0.7853981633974483, 1.4142135623730951
1055, 20, 605, 145, 602, 145, 3, 0, 0.0, 3.0
1055, 23, 441, 405, 440, 406, 1, -1, -0.7853981633974483, 1.4142135623730951
1055, 25, 539, 379, 538, 380, 1, -1, -0.7853981633974483, 1.4142135623730951
1055, 28, 534, 135, 532, 136, 2, -1, -0.4636476090008061, 2.23606797749979
1055, 29, 335, 349, 334, 350, 1, -1, -0.7853981633974483, 1.4142135623730951
1055, 35, 564, 74, 563, 75, 1, -1, -0.7853981633974483, 1.4142135623730951
1055, 38, 522, 403, 520, 404, 2, -1, -0.4636476090008061, 2.23606797749979
1055, 40, 520, 348, 518, 349, 2, -1, -0.4636476090008061, 2.23606797749979
1055, 41, 568, 130, 566, 130, 2, 0, 0.0, 2.0
1055, 45, 563, 401, 561, 402, 2, -1, -0.4636476090008061, 2.23606797749979
1055, 47, 354, 74, 353, 75, 1, -1, -0.7853981633974483, 1.4142135623730951
1056, 0, 272, 129, 271, 130, 1, -1, -0.7853981633974483, 1.4142135623730951
1056, 3, 393, 368, 391, 368, 2, 0, 0.0, 2.0
1056, 4, 394, 70, 393, 71, 1, -1, -0.7853981633974483, 1.4142135623730951
1056, 6, 633, 87, 631, 87, 2, 0, 0.0, 2.0
1056, 10, 430, 70, 429, 71, 1, -1, -0.7853981633974483, 1.4142135623730951
1056, 13, 218, 66, 217, 67, 1, -1, -0.7853981633974483, 1.4142135623730951
1056, 15, 228, 98, 227, 99, 1, -1, -0.7853981633974483, 1.4142135623730951
1056, 20, 607, 144, 605, 145, 2, -1, -0.4636476090008061, 2.23606797749979
1056, 22, 364, 126, 363, 127, 1, -1, -0.7853981633974483, 1.4142135623730951
1056, 25, 540, 377, 539, 379, 1, -2, -1.1071487177940904, 2.23606797749979
1056, 29, 336, 348, 335, 349, 1, -1, -0.7853981633974483, 1.4142135623730951
1056, 35, 565, 73, 564, 74, 1, -1, -0.7853981633974483, 1.4142135623730951
1056, 36, 138, 317, 137, 318, 1, -1, -0.7853981633974483, 1.4142135623730951
1056, 38, 524, 402, 522, 403, 2, -1, -0.4636476090008061, 2.23606797749979
1056, 40, 521, 347, 520, 348, 1, -1, -0.7853981633974483, 1.4142135623730951
1056, 41, 570, 130, 568, 130, 2, 0, 0.0, 2.0
1056, 43, 190, 405, 189, 406, 1, -1, -0.7853981633974483, 1.4142135623730951
1056, 45, 564, 400, 563, 401, 1, -1, -0.7853981633974483, 1.4142135623730951
1056, 46, 556, 133, 555, 134, 1, -1, -0.7853981633974483, 1.4142135623730951
1056, 47, 355, 73, 354, 74, 1, -1, -0.7853981633974483, 1.4142135623730951
1057, 3, 395, 367, 393, 368, 2, -1, -0.4636476090008061, 2.23606797749979
1057, 4, 395, 69, 394, 70, 1, -1, -0.7853981633974483, 1.4142135623730951
1057, 5, 533, 73, 531, 74, 2, -1, -0.4636476090008061, 2.23606797749979
1057, 9, 493, 75, 492, 76, 1, -1, -0.7853981633974483, 1.4142135623730951
1057, 10, 431, 69, 430, 70, 1, -1, -0.7853981633974483, 1.4142135623730951
1057, 13, 219, 65, 218, 66, 1, -1, -0.7853981633974483, 1.4142135623730951
1057, 14, 445, 102, 443, 103, 2, -1, -0.4636476090008061, 2.23606797749979
1057, 15, 229, 97, 228, 98, 1, -1, -0.7853981633974483, 1.4142135623730951
1057, 18, 428, 127, 426, 128, 2, -1, -0.4636476090008061, 2.23606797749979
1057, 22, 365, 125, 364, 126, 1, -1, -0.7853981633974483, 1.4142135623730951
1057, 23, 443, 404, 442, 405, 1, -1, -0.7853981633974483, 1.4142135623730951
1057, 30, 428, 78, 427, 79, 1, -1, -0.7853981633974483, 1.4142135623730951
1057, 31, 250, 407, 249, 408, 1, -1, -0.7853981633974483, 1.4142135623730951
1057, 33, 230, 128, 232, 129, -2, -1, -2.677945044588987, 2.23606797749979
1057, 34, 307, 132, 306, 133, 1, -1, -0.7853981633974483, 1.4142135623730951
1057, 35, 567, 72, 565, 73, 2, -1, -0.4636476090008061, 2.23606797749979
1057, 40, 522, 346, 521, 347, 1, -1, -0.7853981633974483, 1.4142135623730951
1057, 45, 566, 399, 564, 400, 2, -1, -0.4636476090008061, 2.23606797749979
1058, 0, 273, 127, 272, 128, 1, -1, -0.7853981633974483, 1.4142135623730951
1058, 1, 243, 125, 243, 127, 0, -2, -1.5707963267948966, 2.0
1058, 3, 397, 366, 395, 367, 2, -1, -0.4636476090008061, 2.23606797749979
1058, 4, 397, 69, 395, 69, 2, 0, 0.0, 2.0
1058, 5, 534, 72, 533, 73, 1, -1, -0.7853981633974483, 1.4142135623730951
1058, 7, 379, 97, 377, 98, 2, -1, -0.4636476090008061, 2.23606797749979
1058, 8, 328, 374, 327, 375, 1, -1, -0.7853981633974483, 1.4142135623730951
1058, 9, 494, 74, 493, 75, 1, -1, -0.7853981633974483, 1.4142135623730951
1058, 10, 434, 68, 431, 69, 3, -1, -0.3217505543966422, 3.1622776601683795
1058, 13, 220, 64, 219, 65, 1, -1, -0.7853981633974483, 1.4142135623730951
1058, 22, 369, 123, 365, 125, 4, -2, -0.4636476090008061, 4.47213595499958
1058, 23, 444, 403, 443, 404, 1, -1, -0.7853981633974483, 1.4142135623730951
1058, 25, 542, 376, 541, 377, 1, -1, -0.7853981633974483, 1.4142135623730951
1058, 29, 338, 346, 336, 347, 2, -1, -0.4636476090008061, 2.23606797749979
1058, 30, 430, 77, 428, 78, 2, -1, -0.4636476090008061, 2.23606797749979
1058, 31, 251, 406, 250, 407, 1, -1, -0.7853981633974483, 1.4142135623730951
1058, 35, 569, 72, 567, 72, 2, 0, 0.0, 2.0
1058, 38, 526, 401, 525, 402, 1, -1, -0.7853981633974483, 1.4142135623730951
1058, 40, 524, 346, 522, 346, 2, 0, 0.0, 2.0
1058, 41, 572, 129, 571, 130, 1, -1, -0.7853981633974483, 1.4142135623730951
1058, 42, 163, 404, 162, 405, 1, -1, -0.7853981633974483, 1.4142135623730951
1058, 45, 570, 397, 566, 399, 4, -2, -0.4636476090008061, 4.47213595499958
1058, 46, 558, 132, 557, 133, 1, -1, -0.7853981633974483, 1.4142135623730951
1058, 47, 358, 72, 356, 73, 2, -1, -0.4636476090008061, 2.23606797749979
1059, 3, 398, 365, 397, 366, 1, -1, -0.7853981633974483, 1.4142135623730951
1059, 4, 399, 68, 397, 69, 2, -1, -0.4636476090008061, 2.23606797749979
1059, 5, 536, 71, 534, 72, 2, -1, -0.4636476090008061, 2.23606797749979
1059, 7, 380, 96, 379, 97, 1, -1, -0.7853981633974483, 1.4142135623730951
1059, 8, 330, 373, 328, 374, 2, -1, -0.4636476090008061, 2.23606797749979
1059, 9, 495, 73, 494, 74, 1, -1, -0.7853981633974483, 1.4142135623730951
1059, 10, 435, 67, 434, 68, 1, -1, -0.7853981633974483, 1.4142135623730951
1059, 11, 135, 153, 134, 155, 1, -2, -1.1071487177940904, 2.23606797749979
1059, 18, 430, 126, 429, 127, 1, -1, -0.7853981633974483, 1.4142135623730951
1059, 19, 263, 116, 262, 117, 1, -1, -0.7853981633974483, 1.4142135623730951
1059, 20, 611, 143, 609, 144, 2, -1, -0.4636476090008061, 2.23606797749979
1059, 22, 370, 122, 369, 123, 1, -1, -0.7853981633974483, 1.4142135623730951
1059, 23, 445, 402, 444, 403, 1, -1, -0.7853981633974483, 1.4142135623730951
1059, 25, 543, 375, 542, 376, 1, -1, -0.7853981633974483, 1.4142135623730951
1059, 29, 431, 76, 430, 77, 1, -1, -0.7853981633974483, 1.4142135623730951
1059, 31, 272, 364, 271, 365, 1, -1, -0.7853981633974483, 1.4142135623730951
1059, 33, 309, 131, 308, 132, 1, -1, -0.7853981633974483, 1.4142135623730951
1059, 34, 571, 72, 569, 72, 2, 0, 0.0, 2.0
1059, 36, 221, 173, 221, 176, 0, -3, -1.5707963267948966, 3.0
1059, 37, 528, 400, 526, 401, 2, -1, -0.4636476090008061, 2.23606797749979
1059, 40, 574, 128, 572, 129, 2, -1, -0.4636476090008061, 2.23606797749979
1059, 44, 571, 396, 570, 397, 1, -1, -0.7853981633974483, 1.4142135623730951
1059, 45, 561, 131, 558, 132, 3, -1, -0.3217505543966422, 3.1622776601683795
1060, 3, 399, 70, 397, 71, 2, -1, -0.4636476090008061, 2.23606797749979
1060, 4, 396, 369, 394, 370, 2, -1, -0.4636476090008061, 2.23606797749979
1060, 5, 536, 73, 534, 74, 2, -1, -0.4636476090008061, 2.23606797749979
1060, 8, 252, 408, 251, 409, 1, -1, -0.7853981633974483, 1.4142135623730951
1060, 9, 379, 99, 378, 100, 1, -1, -0.7853981633974483, 1.4142135623730951
1060, 11, 430, 82, 429, 83, 1, -1, -0.7853981633974483, 1.4142135623730951
1060, 12, 219, 127, 221, 126, -2, 1, 2.677945044588987, 2.23606797749979
1060, 15, 458, 85, 457, 86, 1, -1, -0.7853981633974483, 1.4142135623730951
1060, 18, 331, 376, 329, 377, 2, -1, -0.4636476090008061, 2.23606797749979
1060, 21, 586, 326, 583, 327, 3, -1, -0.3217505543966422, 3.1622776601683795
1060, 22, 435, 70, 434, 71, 1, -1, -0.7853981633974483, 1.4142135623730951
1060, 25, 529, 86, 526, 86, 3, 0, 0.0, 3.0
1060, 26, 221, 67, 220, 68, 1, -1, -0.7853981633974483, 1.4142135623730951
1060, 27, 566, 74, 564, 74, 2, 0, 0.0, 2.0
1060, 28, 526, 403, 525, 404, 1, -1, -0.7853981633974483, 1.4142135623730951
1060, 29, 310, 131, 309, 132, 1, -1, -0.7853981633974483, 1.4142135623730951
1060, 30, 361, 72, 360, 73, 1, -1, -0.7853981633974483, 1.4142135623730951
1060, 32, 611, 144, 609, 145, 2, -1, -0.4636476090008061, 2.23606797749979
1060, 33, 573, 131, 571, 131, 2, 0, 0.0, 2.0
1060, 35, 601, 336, 599, 337, 2, -1, -0.4636476090008061, 2.23606797749979
1060, 36, 363, 129, 362, 130, 1, -1, -0.7853981633974483, 1.4142135623730951
1060, 43, 229, 181, 228, 182, 1, -1, -0.7853981633974483, 1.4142135623730951
1060, 44, 544, 380, 542, 380, 2, 0, 0.0, 2.0
1060, 45, 338, 353, 337, 354, 1, -1, -0.7853981633974483, 1.4142135623730951
1060, 46, 400, 81, 399, 82, 1, -1, -0.7853981633974483, 1.4142135623730951
1060, 53, 192, 405, 191, 406, 1, -1, -0.7853981633974483, 1.4142135623730951
1060, 54, 525, 347, 523, 348, 2, -1, -0.4636476090008061, 2.23606797749979
1060, 62, 396, 87, 394, 87, 2, 0, 0.0, 2.0
1060, 70, 630, 135, 629, 136, 1, -1, -0.7853981633974483, 1.4142135623730951
1060, 71, 596, 366, 594, 366, 2, 0, 0.0, 2.0
1060, 72, 146, 163, 145, 164, 1, -1, -0.7853981633974483, 1.4142135623730951
1060, 73, 238, 110, 237, 112, 1, -2, -1.1071487177940904, 2.23606797749979
1060, 74, 561, 131, 559, 132, 2, -1, -0.4636476090008061, 2.23606797749979
1061, 0, 244, 126, 244, 128, 0, -2, -1.5707963267948966, 2.0
1061, 3, 400, 69, 399, 70, 1, -1, -0.7853981633974483, 1.4142135623730951
1061, 4, 398, 368, 396, 369, 2, -1, -0.4636476090008061, 2.23606797749979
1061, 5, 538, 72, 536, 73, 2, -1, -0.4636476090008061, 2.23606797749979
1061, 9, 380, 98, 379, 99, 1, -1, -0.7853981633974483, 1.4142135623730951
1061, 10, 447, 103, 446, 104, 1, -1, -0.7853981633974483, 1.4142135623730951
1061, 14, 459, 84, 458, 85, 1, -1, -0.7853981633974483, 1.4142135623730951
1061, 15, 498, 75, 496, 75, 2, 0, 0.0, 2.0
1061, 17, 332, 375, 331, 376, 1, -1, -0.7853981633974483, 1.4142135623730951
1061, 19, 251, 149, 250, 150, 1, -1, -0.7853981633974483, 1.4142135623730951
1061, 20, 591, 325, 586, 326, 5, -1, -0.19739555984988075, 5.0990195135927845
1061, 24, 532, 85, 529, 86, 3, -1, -0.3217505543966422, 3.1622776601683795
1061, 25, 222, 66, 221, 67, 1, -1, -0.7853981633974483, 1.4142135623730951
1061, 27, 527, 402, 526, 403, 1, -1, -0.7853981633974483, 1.4142135623730951
1061, 31, 613, 144, 611, 144, 2, 0, 0.0, 2.0
1061, 34, 604, 336, 601, 336, 3, 0, 0.0, 3.0
1061, 39, 447, 404, 446, 405, 1, -1, -0.7853981633974483, 1.4142135623730951
1061, 41, 230, 180, 229, 181, 1, -1, -0.7853981633974483, 1.4142135623730951
1061, 44, 401, 80, 400, 81, 1, -1, -0.7853981633974483, 1.4142135623730951
1061, 45, 370, 373, 369, 374, 1, -1, -0.7853981633974483, 1.4142135623730951
1061, 48, 558, 393, 557, 394, 1, -1, -0.7853981633974483, 1.4142135623730951
1061, 52, 527, 346, 525, 347, 2, -1, -0.4636476090008061, 2.23606797749979
1061, 60, 398, 87, 396, 87, 2, 0, 0.0, 2.0
1061, 67, 369, 122, 368, 123, 1, -1, -0.7853981633974483, 1.4142135623730951
1061, 70, 147, 162, 146, 163, 1, -1, -0.7853981633974483, 1.4142135623730951
1061, 71, 239, 109, 238, 110, 1, -1, -0.7853981633974483, 1.4142135623730951
1061, 72, 564, 130, 561, 131, 3, -1, -0.3217505543966422, 3.1622776601683795
1062, 2, 274, 126, 273, 127, 1, -1, -0.7853981633974483, 1.4142135623730951
1062, 3, 402, 68, 400, 69, 2, -1, -0.4636476090008061, 2.23606797749979
1062, 5, 540, 71, 538, 72, 2, -1, -0.4636476090008061, 2.23606797749979
1062, 9, 381, 97, 380, 98, 1, -1, -0.7853981633974483, 1.4142135623730951
1062, 10, 448, 102, 447, 103, 1, -1, -0.7853981633974483, 1.4142135623730951
1062, 14, 460, 83, 459, 84, 1, -1, -0.7853981633974483, 1.4142135623730951
1062, 15, 500, 74, 498, 75, 2, -1, -0.4636476090008061, 2.23606797749979
1062, 17, 333, 374, 332, 375, 1, -1, -0.7853981633974483, 1.4142135623730951
1062, 24, 534, 85, 532, 85, 2, 0, 0.0, 2.0
1062, 25, 223, 65, 222, 66, 1, -1, -0.7853981633974483, 1.4142135623730951
1062, 28, 313, 130, 311, 131, 2, -1, -0.4636476090008061, 2.23606797749979
1062, 31, 615, 143, 613, 144, 2, -1, -0.4636476090008061, 2.23606797749979
1062, 32, 577, 130, 574, 131, 3, -1, -0.3217505543966422, 3.1622776601683795
1062, 34, 606, 336, 604, 336, 2, 0, 0.0, 2.0
1062, 35, 364, 128, 363, 129, 1, -1, -0.7853981633974483, 1.4142135623730951
1062, 36, 165, 409, 164, 410, 1, -1, -0.7853981633974483, 1.4142135623730951
1062, 37, 518, 397, 517, 398, 1, -1, -0.7853981633974483, 1.4142135623730951
1062, 39, 448, 403, 447, 404, 1, -1, -0.7853981633974483, 1.4142135623730951
1062, 41, 230, 178, 230, 180, 0, -2, -1.5707963267948966, 2.0
1062, 42, 547, 380, 545, 380, 2, 0, 0.0, 2.0
1062, 44, 402, 79, 401, 80, 1, -1, -0.7853981633974483, 1.4142135623730951
1062, 48, 559, 392, 558, 393, 1, -1, -0.7853981633974483, 1.4142135623730951
1062, 51, 193, 404, 192, 405, 1, -1, -0.7853981633974483, 1.4142135623730951
1062, 52, 529, 345, 527, 346, 2, -1, -0.4636476090008061, 2.23606797749979
1062, 59, 505, 383, 503, 383, 2, 0, 0.0, 2.0
1062, 60, 400, 86, 398, 87, 2, -1, -0.4636476090008061, 2.23606797749979
1062, 64, 231, 346, 230, 347, 1, -1, -0.7853981633974483, 1.4142135623730951
1062, 67, 370, 121, 369, 122, 1, -1, -0.7853981633974483, 1.4142135623730951
1062, 68, 627, 135, 629, 135, -2, 0, 3.141592653589793, 2.0
1062, 71, 240, 108, 239, 109, 1, -1, -0.7853981633974483, 1.4142135623730951
1062, 72, 566, 130, 564, 130, 2, 0, 0.0, 2.0
1063, 3, 404, 65, 402, 68, 2, -3, -0.982793723247329, 3.605551275463989
1063, 4, 400, 367, 399, 368, 1, -1, -0.7853981633974483, 1.4142135623730951
1063, 5, 542, 69, 540, 71, 2, -2, -0.7853981633974483, 2.8284271247461903
1063, 8, 254, 407, 253, 408, 1, -1, -0.7853981633974483, 1.4142135623730951
1063, 9, 382, 96, 381, 97, 1, -1, -0.7853981633974483, 1.4142135623730951
1063, 15, 501, 73, 500, 74, 1, -1, -0.7853981633974483, 1.4142135623730951
1063, 17, 334, 373, 333, 374, 1, -1, -0.7853981633974483, 1.4142135623730951
1063, 18, 432, 127, 431, 128, 1, -1, -0.7853981633974483, 1.4142135623730951
1063, 23, 204, 390, 204, 392, 0, -2, -1.5707963267948966, 2.0
1063, 24, 536, 84, 534, 85, 2, -1, -0.4636476090008061, 2.23606797749979
1063, 25, 224, 64, 223, 65, 1, -1, -0.7853981633974483, 1.4142135623730951
1063, 27, 529, 401, 528, 402, 1, -1, -0.7853981633974483, 1.4142135623730951
1063, 30, 277, 366, 276, 367, 1, -1, -0.7853981633974483, 1.4142135623730951
1063, 31, 617, 143, 615, 143, 2, 0, 0.0, 2.0
1063, 32, 580, 129, 577, 130, 3, -1, -0.3217505543966422, 3.1622776601683795
1063, 34, 608, 336, 606, 336, 2, 0, 0.0, 2.0
1063, 35, 365, 127, 364, 128, 1, -1, -0.7853981633974483, 1.4142135623730951
1063, 36, 165, 407, 165, 409, 0, -2, -1.5707963267948966, 2.0
1063, 37, 519, 396, 518, 397, 1, -1, -0.7853981633974483, 1.4142135623730951
1063, 39, 450, 403, 448, 403, 2, 0, 0.0, 2.0
1063, 42, 549, 380, 547, 380, 2, 0, 0.0, 2.0
1063, 43, 341, 352, 340, 353, 1, -1, -0.7853981633974483, 1.4142135623730951
1063, 44, 403, 76, 402, 79, 1, -3, -1.2490457723982544, 3.1622776601683795
1063, 52, 530, 344, 529, 345, 1, -1, -0.7853981633974483, 1.4142135623730951
1063, 54, 451, 373, 450, 374, 1, -1, -0.7853981633974483, 1.4142135623730951
1063, 58, 142, 360, 141, 361, 1, -1, -0.7853981633974483, 1.4142135623730951
1063, 59, 507, 383, 505, 383, 2, 0, 0.0, 2.0
1063, 60, 399, 84, 400, 86, -1, -2, -2.0344439357957027, 2.23606797749979
1063, 62, 332, 368, 334, 369, -2, -1, -2.677945044588987, 2.23606797749979
1063, 63, 172, 402, 171, 403, 1, -1, -0.7853981633974483, 1.4142135623730951
1063, 65, 258, 324, 257, 322, 1, 2, 1.1071487177940904, 2.23606797749979
1063, 68, 598, 365, 597, 366, 1, -1, -0.7853981633974483, 1.4142135623730951
1063, 71, 569, 130, 566, 130, 3, 0, 0.0, 3.0
1064, 2, 275, 125, 274, 126, 1, -1, -0.7853981633974483, 1.4142135623730951
1064, 3, 405, 64, 404, 65, 1, -1, -0.7853981633974483, 1.4142135623730951
1064, 4, 402, 366, 400, 367, 2, -1, -0.4636476090008061, 2.23606797749979
1064, 11, 432, 80, 431, 81, 1, -1, -0.7853981633974483, 1.4142135623730951
1064, 14, 461, 81, 460, 82, 1, -1, -0.7853981633974483, 1.4142135623730951
1064, 18, 433, 126, 432, 127, 1, -1, -0.7853981633974483, 1.4142135623730951
1064, 24, 225, 63, 224, 64, 1, -1, -0.7853981633974483, 1.4142135623730951
1064, 26, 531, 400, 529, 401, 2, -1, -0.4636476090008061, 2.23606797749979
1064, 30, 619, 144, 617, 143, 2, 1, 0.4636476090008061, 2.23606797749979
1064, 31, 581, 128, 580, 129, 1, -1, -0.7853981633974483, 1.4142135623730951
1064, 33, 609, 335, 608, 336, 1, -1, -0.7853981633974483, 1.4142135623730951
1064, 35, 166, 406, 165, 407, 1, -1, -0.7853981633974483, 1.4142135623730951
1064, 36, 520, 395, 519, 396, 1, -1, -0.7853981633974483, 1.4142135623730951
1064, 38, 451, 402, 450, 403, 1, -1, -0.7853981633974483, 1.4142135623730951
1064, 41, 551, 380, 549, 380, 2, 0, 0.0, 2.0
1064, 42, 342, 351, 341, 352, 1, -1, -0.7853981633974483, 1.4142135623730951
1064, 43, 405, 76, 403, 76, 2, 0, 0.0, 2.0
1064, 47, 561, 391, 560, 392, 1, -1, -0.7853981633974483, 1.4142135623730951
1064, 49, 227, 94, 229, 95, -2, -1, -2.677945044588987, 2.23606797749979
1064, 50, 194, 403, 193, 404, 1, -1, -0.7853981633974483, 1.4142135623730951
1064, 51, 532, 344, 530, 344, 2, 0, 0.0, 2.0
1064, 59, 400, 83, 399, 84, 1, -1, -0.7853981633974483, 1.4142135623730951
1064, 65, 373, 121, 371, 121, 2, 0, 0.0, 2.0
1064, 66, 626, 133, 626, 135, 0, -2, -1.5707963267948966, 2.0
1064, 69, 242, 107, 241, 108, 1, -1, -0.7853981633974483, 1.4142135623730951
1064, 70, 571, 130, 569, 130, 2, 0, 0.0, 2.0
1065, 2, 400, 368, 398, 369, 2, -1, -0.4636476090008061, 2.23606797749979
1065, 5, 224, 67, 223, 68, 1, -1, -0.7853981633974483, 1.4142135623730951
1065, 7, 500, 75, 498, 76, 2, -1, -0.4636476090008061, 2.23606797749979
1065, 9, 451, 103, 450, 104, 1, -1, -0.7853981633974483, 1.4142135623730951
1065, 10, 338, 375, 337, 376, 1, -1, -0.7853981633974483, 1.4142135623730951
1065, 11, 255, 406, 254, 407, 1, -1, -0.7853981633974483, 1.4142135623730951
1065, 12, 174, 401, 173, 402, 1, -1, -0.7853981633974483, 1.4142135623730951
1065, 14, 435, 128, 433, 129, 2, -1, -0.4636476090008061, 2.23606797749979
1065, 15, 422, 350, 421, 351, 1, -1, -0.7853981633974483, 1.4142135623730951
1065, 16, 522, 397, 520, 398, 2, -1, -0.4636476090008061, 2.23606797749979
1065, 22, 439, 70, 438, 71, 1, -1, -0.7853981633974483, 1.4142135623730951
1065, 24, 535, 83, 533, 83, 2, 0, 0.0, 2.0
1065, 28, 580, 130, 577, 131, 3, -1, -0.3217505543966422, 3.1622776601683795
1065, 29, 260, 115, 259, 116, 1, -1, -0.7853981633974483, 1.4142135623730951
1065, 44, 167, 408, 166, 409, 1, -1, -0.7853981633974483, 1.4142135623730951
1066, 0, 276, 125, 275, 126, 1, -1, -0.7853981633974483, 1.4142135623730951
1066, 7, 502, 74, 500, 75, 2, -1, -0.4636476090008061, 2.23606797749979
1066, 9, 452, 102, 451, 103, 1, -1, -0.7853981633974483, 1.4142135623730951
1066, 10, 339, 374, 338, 375, 1, -1, -0.7853981633974483, 1.4142135623730951
1066, 14, 436, 127, 435, 128, 1, -1, -0.7853981633974483, 1.4142135623730951
1066, 16, 524, 396, 522, 397, 2, -1, -0.4636476090008061, 2.23606797749979
1066, 17, 251, 146, 251, 148, 0, -2, -1.5707963267948966, 2.0
1066, 21, 232, 106, 231, 107, 1, -1, -0.7853981633974483, 1.4142135623730951
1066, 27, 595, 328, 593, 329, 2, -1, -0.4636476090008061, 2.23606797749979
1066, 28, 582, 129, 580, 130, 2, -1, -0.4636476090008061, 2.23606797749979
1066, 29, 261, 114, 260, 115, 1, -1, -0.7853981633974483, 1.4142135623730951
1066, 30, 618, 146, 616, 146, 2, 0, 0.0, 2.0
1066, 31, 195, 406, 194, 407, 1, -1, -0.7853981633974483, 1.4142135623730951
1066, 34, 378, 102, 377, 103, 1, -1, -0.7853981633974483, 1.4142135623730951
1066, 35, 571, 74, 569, 75, 2, -1, -0.4636476090008061, 2.23606797749979
1066, 38, 180, 170, 179, 171, 1, -1, -0.7853981633974483, 1.4142135623730951
1067, 3, 386, 95, 385, 96, 1, -1, -0.7853981633974483, 1.4142135623730951
1067, 9, 454, 101, 452, 102, 2, -1, -0.4636476090008061, 2.23606797749979
1067, 13, 365, 73, 364, 74, 1, -1, -0.7853981633974483, 1.4142135623730951
1067, 14, 438, 126, 436, 127, 2, -1, -0.4636476090008061, 2.23606797749979
1067, 16, 526, 395, 524, 396, 2, -1, -0.4636476090008061, 2.23606797749979
1067, 19, 361, 127, 360, 128, 1, -1, -0.7853981633974483, 1.4142135623730951
1067, 21, 233, 105, 232, 106, 1, -1, -0.7853981633974483, 1.4142135623730951
1067, 24, 537, 82, 536, 83, 1, -1, -0.7853981633974483, 1.4142135623730951
1067, 27, 597, 327, 595, 328, 2, -1, -0.4636476090008061, 2.23606797749979
1067, 28, 584, 129, 582, 129, 2, 0, 0.0, 2.0
1067, 30, 620, 146, 618, 146, 2, 0, 0.0, 2.0
1067, 34, 379, 101, 378, 102, 1, -1, -0.7853981633974483, 1.4142135623730951
1067, 35, 573, 73, 571, 74, 2, -1, -0.4636476090008061, 2.23606797749979
1067, 42, 168, 407, 167, 408, 1, -1, -0.7853981633974483, 1.4142135623730951
1068, 2, 402, 366, 401, 367, 1, -1, -0.7853981633974483, 1.4142135623730951
1068, 3, 387, 94, 386, 95, 1, -1, -0.7853981633974483, 1.4142135623730951
1068, 9, 455, 100, 454, 101, 1, -1, -0.7853981633974483, 1.4142135623730951
1068, 10, 341, 373, 340, 374, 1, -1, -0.7853981633974483, 1.4142135623730951
1068, 14, 439, 125, 438, 126, 1, -1, -0.7853981633974483, 1.4142135623730951
1068, 15, 426, 349, 424, 350, 2, -1, -0.4636476090008061, 2.23606797749979
1068, 16, 528, 394, 526, 395, 2, -1, -0.4636476090008061, 2.23606797749979
1068, 17, 251, 143, 251, 145, 0, -2, -1.5707963267948966, 2.0
1068, 19, 362, 126, 361, 127, 1, -1, -0.7853981633974483, 1.4142135623730951
1068, 22, 442, 69, 441, 70, 1, -1, -0.7853981633974483, 1.4142135623730951
1068, 26, 599, 326, 597, 327, 2, -1, -0.4636476090008061, 2.23606797749979
1068, 27, 586, 129, 584, 129, 2, 0, 0.0, 2.0
1068, 28, 262, 113, 261, 114, 1, -1, -0.7853981633974483, 1.4142135623730951
1068, 29, 622, 145, 620, 146, 2, -1, -0.4636476090008061, 2.23606797749979
1068, 30, 196, 405, 195, 406, 1, -1, -0.7853981633974483, 1.4142135623730951
1068, 33, 380, 100, 379, 101, 1, -1, -0.7853981633974483, 1.4142135623730951
1068, 34, 574, 72, 573, 73, 1, -1, -0.7853981633974483, 1.4142135623730951
1068, 39, 535, 404, 533, 404, 2, 0, 0.0, 2.0
1069, 2, 404, 366, 402, 366, 2, 0, 0.0, 2.0
1069, 3, 389, 93, 387, 94, 2, -1, -0.4636476090008061, 2.23606797749979
1069, 5, 228, 66, 227, 67, 1, -1, -0.7853981633974483, 1.4142135623730951
1069, 8, 546, 72, 544, 72, 2, 0, 0.0, 2.0
1069, 9, 457, 99, 455, 100, 2, -1, -0.4636476090008061, 2.23606797749979
1069, 10, 342, 372, 341, 373, 1, -1, -0.7853981633974483, 1.4142135623730951
1069, 12, 176, 398, 174, 399, 2, -1, -0.4636476090008061, 2.23606797749979
1069, 13, 366, 72, 365, 73, 1, -1, -0.7853981633974483, 1.4142135623730951
1069, 14, 441, 124, 439, 125, 2, -1, -0.4636476090008061, 2.23606797749979
1069, 16, 531, 394, 528, 394, 3, 0, 0.0, 3.0
1069, 17, 252, 142, 251, 143, 1, -1, -0.7853981633974483, 1.4142135623730951
1069, 19, 364, 125, 362, 126, 2, -1, -0.4636476090008061, 2.23606797749979
1069, 21, 235, 104, 234, 105, 1, -1, -0.7853981633974483, 1.4142135623730951
1069, 22, 443, 68, 442, 69, 1, -1, -0.7853981633974483, 1.4142135623730951
1069, 24, 540, 82, 538, 82, 2, 0, 0.0, 2.0
1069, 26, 603, 325, 599, 326, 4, -1, -0.24497866312686414, 4.123105625617661
1069, 29, 624, 146, 622, 145, 2, 1, 0.4636476090008061, 2.23606797749979
1069, 30, 197, 404, 196, 405, 1, -1, -0.7853981633974483, 1.4142135623730951
1069, 33, 381, 99, 380, 100, 1, -1, -0.7853981633974483, 1.4142135623730951
1069, 34, 575, 71, 574, 72, 1, -1, -0.7853981633974483, 1.4142135623730951
1069, 39, 537, 404, 535, 404, 2, 0, 0.0, 2.0
1070, 0, 279, 125, 278, 126, 1, -1, -0.7853981633974483, 1.4142135623730951
1070, 7, 342, 373, 341, 374, 1, -1, -0.7853981633974483, 1.4142135623730951
1070, 9, 547, 73, 545, 73, 2, 0, 0.0, 2.0
1070, 19, 439, 128, 438, 129, 1, -1, -0.7853981633974483, 1.4142135623730951
1070, 21, 318, 132, 317, 133, 1, -1, -0.7853981633974483, 1.4142135623730951
1070, 22, 366, 74, 365, 75, 1, -1, -0.7853981633974483, 1.4142135623730951
1070, 23, 270, 131, 270, 133, 0, -2, -1.5707963267948966, 2.0
1070, 26, 455, 103, 454, 104, 1, -1, -0.7853981633974483, 1.4142135623730951
1070, 27, 575, 73, 573, 73, 2, 0, 0.0, 2.0
1070, 32, 623, 146, 621, 146, 2, 0, 0.0, 2.0
1070, 34, 586, 132, 584, 131, 2, 1, 0.4636476090008061, 2.23606797749979
1070, 35, 536, 403, 535, 404, 1, -1, -0.7853981633974483, 1.4142135623730951
1070, 38, 600, 330, 598, 331, 2, -1, -0.4636476090008061, 2.23606797749979
1070, 40, 367, 127, 364, 128, 3, -1, -0.3217505543966422, 3.1622776601683795
1071, 4, 390, 99, 389, 100, 1, -1, -0.7853981633974483, 1.4142135623730951
1071, 7, 343, 372, 342, 373, 1, -1, -0.7853981633974483, 1.4142135623730951
1071, 18, 441, 127, 439, 128, 2, -1, -0.4636476090008061, 2.23606797749979
1071, 20, 319, 131, 318, 132, 1, -1, -0.7853981633974483, 1.4142135623730951
1071, 21, 367, 73, 366, 74, 1, -1, -0.7853981633974483, 1.4142135623730951
1071, 22, 271, 129, 270, 131, 1, -2, -1.1071487177940904, 2.23606797749979
1071, 27, 221, 122, 221, 124, 0, -2, -1.5707963267948966, 2.0
1071, 30, 625, 146, 623, 146, 2, 0, 0.0, 2.0
1071, 36, 601, 329, 600, 330, 1, -1, -0.7853981633974483, 1.4142135623730951
1071, 37, 253, 143, 253, 145, 0, -2, -1.5707963267948966, 2.0
1071, 38, 369, 126, 367, 127, 2, -1, -0.4636476090008061, 2.23606797749979
1071, 41, 439, 79, 438, 80, 1, -1, -0.7853981633974483, 1.4142135623730951
1072, 3, 410, 69, 409, 70, 1, -1, -0.7853981633974483, 1.4142135623730951
1072, 4, 391, 98, 390, 99, 1, -1, -0.7853981633974483, 1.4142135623730951
1072, 7, 345, 371, 343, 372, 2, -1, -0.4636476090008061, 2.23606797749979
1072, 8, 550, 73, 548, 73, 2, 0, 0.0, 2.0
1072, 10, 444, 69, 443, 70, 1, -1, -0.7853981633974483, 1.4142135623730951
1072, 15, 505, 76, 504, 77, 1, -1, -0.7853981633974483, 1.4142135623730951
1072, 18, 442, 126, 441, 127, 1, -1, -0.7853981633974483, 1.4142135623730951
1072, 22, 272, 128, 271, 129, 1, -1, -0.7853981633974483, 1.4142135623730951
1072, 23, 430, 350, 429, 351, 1, -1, -0.7853981633974483, 1.4142135623730951
1072, 25, 458, 102, 456, 103, 2, -1, -0.4636476090008061, 2.23606797749979
1072, 26, 578, 73, 576, 73, 2, 0, 0.0, 2.0
1072, 30, 627, 146, 625, 146, 2, 0, 0.0, 2.0
1072, 32, 589, 132, 587, 132, 2, 0, 0.0, 2.0
1072, 33, 539, 403, 537, 403, 2, 0, 0.0, 2.0
1072, 37, 254, 142, 253, 143, 1, -1, -0.7853981633974483, 1.4142135623730951
1072, 39, 105, 377, 104, 378, 1, -1, -0.7853981633974483, 1.4142135623730951
1073, 5, 407, 369, 405, 369, 2, 0, 0.0, 2.0
1073, 7, 347, 370, 345, 371, 2, -1, -0.4636476090008061, 2.23606797749979
1073, 8, 552, 73, 550, 73, 2, 0, 0.0, 2.0
1073, 14, 506, 75, 505, 76, 1, -1, -0.7853981633974483, 1.4142135623730951
1073, 17, 443, 125, 442, 126, 1, -1, -0.7853981633974483, 1.4142135623730951
1073, 20, 369, 72, 368, 73, 1, -1, -0.7853981633974483, 1.4142135623730951
1073, 24, 460, 101, 458, 102, 2, -1, -0.4636476090008061, 2.23606797749979
1073, 25, 580, 73, 578, 73, 2, 0, 0.0, 2.0
1073, 29, 629, 146, 627, 146, 2, 0, 0.0, 2.0
1073, 31, 591, 132, 589, 132, 2, 0, 0.0, 2.0
1073, 32, 541, 403, 539, 403, 2, 0, 0.0, 2.0
1073, 35, 255, 141, 254, 142, 1, -1, -0.7853981633974483, 1.4142135623730951
1073, 37, 106, 376, 105, 377, 1, -1, -0.7853981633974483, 1.4142135623730951
1074, 0, 281, 122, 280, 123, 1, -1, -0.7853981633974483, 1.4142135623730951
1074, 4, 392, 97, 391, 98, 1, -1, -0.7853981633974483, 1.4142135623730951
1074, 7, 348, 369, 347, 370, 1, -1, -0.7853981633974483, 1.4142135623730951
1074, 11, 141, 157, 140, 158, 1, -1, -0.7853981633974483, 1.4142135623730951
1074, 19, 322, 130, 321, 131, 1, -1, -0.7853981633974483, 1.4142135623730951
1074, 20, 371, 72, 369, 72, 2, 0, 0.0, 2.0
1074, 23, 286, 366, 285, 367, 1, -1, -0.7853981633974483, 1.4142135623730951
1074, 25, 582, 72, 580, 73, 2, -1, -0.4636476090008061, 2.23606797749979
1074, 29, 631, 145, 629, 146, 2, -1, -0.4636476090008061, 2.23606797749979
1074, 31, 593, 132, 591, 132, 2, 0, 0.0, 2.0
1074, 32, 543, 402, 541, 403, 2, -1, -0.4636476090008061, 2.23606797749979
1074, 34, 605, 328, 603, 329, 2, -1, -0.4636476090008061, 2.23606797749979
1074, 35, 255, 139, 255, 141, 0, -2, -1.5707963267948966, 2.0
1075, 0, 281, 124, 280, 125, 1, -1, -0.7853981633974483, 1.4142135623730951
1075, 3, 410, 369, 408, 369, 2, 0, 0.0, 2.0
1075, 5, 394, 95, 393, 96, 1, -1, -0.7853981633974483, 1.4142135623730951
1075, 10, 509, 77, 507, 77, 2, 0, 0.0, 2.0
1075, 16, 590, 130, 588, 132, 2, -2, -0.7853981633974483, 2.8284271247461903
1075, 25, 372, 74, 371, 75, 1, -1, -0.7853981633974483, 1.4142135623730951
1075, 26, 256, 142, 255, 143, 1, -1, -0.7853981633974483, 1.4142135623730951
1075, 29, 542, 404, 540, 405, 2, -1, -0.4636476090008061, 2.23606797749979
1075, 32, 629, 146, 626, 147, 3, -1, -0.3217505543966422, 3.1622776601683795
1075, 33, 321, 128, 320, 129, 1, -1, -0.7853981633974483, 1.4142135623730951
1075, 34, 391, 102, 390, 103, 1, -1, -0.7853981633974483, 1.4142135623730951
1075, 35, 543, 82, 542, 83, 1, -1, -0.7853981633974483, 1.4142135623730951
1075, 38, 599, 326, 595, 328, 4, -2, -0.4636476090008061, 4.47213595499958
1075, 43, 433, 351, 432, 352, 1, -1, -0.7853981633974483, 1.4142135623730951
1075, 45, 578, 136, 576, 136, 2, 0, 0.0, 2.0
1075, 46, 467, 85, 466, 86, 1, -1, -0.7853981633974483, 1.4142135623730951
1076, 2, 413, 69, 411, 69, 2, 0, 0.0, 2.0
1076, 5, 395, 94, 394, 95, 1, -1, -0.7853981633974483, 1.4142135623730951
1076, 8, 224, 122, 222, 124, 2, -2, -0.7853981633974483, 2.8284271247461903
1076, 9, 511, 77, 509, 77, 2, 0, 0.0, 2.0
1076, 10, 262, 407, 259, 408, 3, -1, -0.3217505543966422, 3.1622776601683795
1076, 14, 462, 405, 460, 406, 2, -1, -0.4636476090008061, 2.23606797749979
1076, 18, 235, 67, 232, 68, 3, -1, -0.3217505543966422, 3.1622776601683795
1076, 20, 164, 139, 162, 141, 2, -2, -0.7853981633974483, 2.8284271247461903
1076, 23, 373, 73, 372, 74, 1, -1, -0.7853981633974483, 1.4142135623730951
1076, 24, 257, 141, 256, 142, 1, -1, -0.7853981633974483, 1.4142135623730951
1076, 27, 543, 403, 542, 404, 1, -1, -0.7853981633974483, 1.4142135623730951
1076, 30, 632, 145, 629, 146, 3, -1, -0.3217505543966422, 3.1622776601683795
1076, 33, 544, 81, 543, 82, 1, -1, -0.7853981633974483, 1.4142135623730951
1076, 36, 603, 324, 599, 326, 4, -2, -0.4636476090008061, 4.47213595499958
1076, 37, 362, 405, 361, 406, 1, -1, -0.7853981633974483, 1.4142135623730951
1076, 38, 583, 74, 582, 75, 1, -1, -0.7853981633974483, 1.4142135623730951
1076, 41, 434, 350, 433, 351, 1, -1, -0.7853981633974483, 1.4142135623730951
1076, 43, 579, 135, 578, 136, 1, -1, -0.7853981633974483, 1.4142135623730951
1076, 44, 468, 84, 467, 85, 1, -1, -0.7853981633974483, 1.4142135623730951
1076, 47, 385, 377, 383, 378, 2, -1, -0.4636476090008061, 2.23606797749979
1076, 49, 439, 81, 438, 82, 1, -1, -0.7853981633974483, 1.4142135623730951
1077, 0, 282, 123, 281, 124, 1, -1, -0.7853981633974483, 1.4142135623730951
1077, 2, 414, 70, 413, 69, 1, 1, 0.7853981633974483, 1.4142135623730951
1077, 5, 396, 93, 395, 94, 1, -1, -0.7853981633974483, 1.4142135623730951
1077, 9, 514, 77, 511, 77, 3, 0, 0.0, 3.0
1077, 15, 593, 130, 591, 130, 2, 0, 0.0, 2.0
1077, 21, 346, 375, 345, 376, 1, -1, -0.7853981633974483, 1.4142135623730951
1077, 23, 374, 72, 373, 73, 1, -1, -0.7853981633974483, 1.4142135623730951
1077, 27, 544, 402, 543, 403, 1, -1, -0.7853981633974483, 1.4142135623730951
1077, 30, 634, 144, 632, 145, 2, -1, -0.4636476090008061, 2.23606797749979
1077, 31, 323, 127, 322, 128, 1, -1, -0.7853981633974483, 1.4142135623730951
1077, 33, 545, 80, 544, 81, 1, -1, -0.7853981633974483, 1.4142135623730951
1077, 36, 608, 322, 603, 324, 5, -2, -0.3805063771123649, 5.385164807134504
1077, 40, 188, 145, 184, 148, 4, -3, -0.6435011087932844, 5.0
1077, 41, 436, 350, 434, 350, 2, 0, 0.0, 2.0
1077, 43, 580, 134, 579, 135, 1, -1, -0.7853981633974483, 1.4142135623730951
1077, 44, 469, 83, 468, 84, 1, -1, -0.7853981633974483, 1.4142135623730951
1077, 49, 440, 80, 439, 81, 1, -1, -0.7853981633974483, 1.4142135623730951
1078, 0, 283, 122, 282, 123, 1, -1, -0.7853981633974483, 1.4142135623730951
1078, 3, 413, 368, 412, 369, 1, -1, -0.7853981633974483, 1.4142135623730951
1078, 12, 448, 70, 447, 71, 1, -1, -0.7853981633974483, 1.4142135623730951
1078, 13, 448, 127, 447, 128, 1, -1, -0.7853981633974483, 1.4142135623730951
1078, 14, 464, 404, 463, 405, 1, -1, -0.7853981633974483, 1.4142135623730951
1078, 15, 595, 130, 593, 130, 2, 0, 0.0, 2.0
1078, 19, 243, 97, 242, 98, 1, -1, -0.7853981633974483, 1.4142135623730951
1078, 21, 347, 374, 346, 375, 1, -1, -0.7853981633974483, 1.4142135623730951
1078, 22, 553, 136, 552, 137, 1, -1, -0.7853981633974483, 1.4142135623730951
1078, 23, 375, 71, 374, 72, 1, -1, -0.7853981633974483, 1.4142135623730951
1078, 24, 258, 139, 257, 140, 1, -1, -0.7853981633974483, 1.4142135623730951
1078, 26, 468, 372, 466, 372, 2, 0, 0.0, 2.0
1078, 27, 545, 401, 544, 402, 1, -1, -0.7853981633974483, 1.4142135623730951
1078, 30, 635, 143, 634, 144, 1, -1, -0.7853981633974483, 1.4142135623730951
1078, 31, 324, 126, 323, 127, 1, -1, -0.7853981633974483, 1.4142135623730951
1078, 33, 547, 80, 545, 80, 2, 0, 0.0, 2.0
1078, 36, 613, 321, 608, 322, 5, -1, -0.19739555984988075, 5.0990195135927845
1078, 41, 438, 350, 436, 350, 2, 0, 0.0, 2.0
1078, 43, 581, 133, 580, 134, 1, -1, -0.7853981633974483, 1.4142135623730951
1078, 44, 470, 82, 469, 83, 1, -1, -0.7853981633974483, 1.4142135623730951
1078, 45, 351, 126, 350, 127, 1, -1, -0.7853981633974483, 1.4142135623730951
1078, 47, 388, 377, 386, 377, 2, 0, 0.0, 2.0
1079, 2, 417, 70, 415, 70, 2, 0, 0.0, 2.0
1079, 12, 449, 69, 448, 70, 1, -1, -0.7853981633974483, 1.4142135623730951
1079, 13, 449, 126, 448, 127, 1, -1, -0.7853981633974483, 1.4142135623730951
1079, 22, 556, 134, 553, 136, 3, -2, -0.5880026035475675, 3.605551275463989
1079, 23, 376, 70, 375, 71, 1, -1, -0.7853981633974483, 1.4142135623730951
1079, 24, 259, 138, 258, 139, 1, -1, -0.7853981633974483, 1.4142135623730951
1079, 26, 470, 372, 468, 372, 2, 0, 0.0, 2.0
1079, 31, 325, 125, 324, 126, 1, -1, -0.7853981633974483, 1.4142135623730951
1079, 32, 395, 101, 394, 102, 1, -1, -0.7853981633974483, 1.4142135623730951
1079, 33, 548, 79, 547, 80, 1, -1, -0.7853981633974483, 1.4142135623730951
1079, 36, 614, 320, 613, 321, 1, -1, -0.7853981633974483, 1.4142135623730951
1079, 37, 365, 404, 363, 404, 2, 0, 0.0, 2.0
1079, 39, 271, 107, 270, 108, 1, -1, -0.7853981633974483, 1.4142135623730951
1079, 44, 471, 81, 470, 82, 1, -1, -0.7853981633974483, 1.4142135623730951
1079, 45, 352, 125, 351, 126, 1, -1, -0.7853981633974483, 1.4142135623730951
1079, 47, 390, 378, 388, 377, 2, 1, 0.4636476090008061, 2.23606797749979
1080, 1, 285, 124, 284, 125, 1, -1, -0.7853981633974483, 1.4142135623730951
1080, 11, 465, 104, 464, 105, 1, -1, -0.7853981633974483, 1.4142135623730951
1080, 19, 378, 73, 377, 74, 1, -1, -0.7853981633974483, 1.4142135623730951
1080, 20, 450, 127, 448, 127, 2, 0, 0.0, 2.0
1080, 21, 635, 146, 632, 147, 3, -1, -0.3217505543966422, 3.1622776601683795
1080, 29, 439, 352, 437, 352, 2, 0, 0.0, 2.0
1080, 30, 564, 377, 563, 378, 1, -1, -0.7853981633974483, 1.4142135623730951
1080, 31, 259, 141, 258, 142, 1, -1, -0.7853981633974483, 1.4142135623730951
1080, 33, 610, 329, 608, 330, 2, -1, -0.4636476090008061, 2.23606797749979
1080, 34, 325, 127, 324, 128, 1, -1, -0.7853981633974483, 1.4142135623730951
1080, 35, 355, 351, 354, 352, 1, -1, -0.7853981633974483, 1.4142135623730951
1080, 36, 547, 347, 545, 347, 2, 0, 0.0, 2.0
1080, 38, 546, 404, 545, 405, 1, -1, -0.7853981633974483, 1.4142135623730951
1080, 39, 583, 134, 581, 135, 2, -1, -0.4636476090008061, 2.23606797749979
1080, 41, 523, 382, 521, 383, 2, -1, -0.4636476090008061, 2.23606797749979
1081, 13, 349, 374, 348, 375, 1, -1, -0.7853981633974483, 1.4142135623730951
1081, 16, 386, 126, 385, 127, 1, -1, -0.7853981633974483, 1.4142135623730951
1081, 18, 380, 72, 378, 73, 2, -1, -0.4636476090008061, 2.23606797749979
1081, 19, 452, 126, 450, 127, 2, -1, -0.4636476090008061, 2.23606797749979
1081, 21, 597, 132, 595, 132, 2, 0, 0.0, 2.0
1081, 29, 566, 376, 564, 377, 2, -1, -0.4636476090008061, 2.23606797749979
1081, 30, 260, 140, 259, 141, 1, -1, -0.7853981633974483, 1.4142135623730951
1081, 33, 326, 126, 325, 127, 1, -1, -0.7853981633974483, 1.4142135623730951
1081, 34, 357, 351, 355, 351, 2, 0, 0.0, 2.0
1081, 35, 549, 347, 547, 347, 2, 0, 0.0, 2.0
1081, 37, 547, 403, 546, 404, 1, -1, -0.7853981633974483, 1.4142135623730951
1081, 38, 585, 133, 583, 134, 2, -1, -0.4636476090008061, 2.23606797749979
1081, 40, 525, 381, 523, 382, 2, -1, -0.4636476090008061, 2.23606797749979
1081, 43, 467, 405, 466, 406, 1, -1, -0.7853981633974483, 1.4142135623730951
1081, 44, 455, 74, 454, 75, 1, -1, -0.7853981633974483, 1.4142135623730951
1081, 45, 247, 98, 246, 99, 1, -1, -0.7853981633974483, 1.4142135623730951
1082, 3, 415, 368, 414, 369, 1, -1, -0.7853981633974483, 1.4142135623730951
1082, 4, 418, 70, 417, 71, 1, -1, -0.7853981633974483, 1.4142135623730951
1082, 10, 398, 98, 397, 99, 1, -1, -0.7853981633974483, 1.4142135623730951
1082, 16, 387, 125, 386, 126, 1, -1, -0.7853981633974483, 1.4142135623730951
1082, 18, 381, 71, 380, 72, 1, -1, -0.7853981633974483, 1.4142135623730951
1082, 19, 454, 125, 452, 126, 2, -1, -0.4636476090008061, 2.23606797749979
1082, 21, 599, 131, 597, 132, 2, -1, -0.4636476090008061, 2.23606797749979
1082, 28, 568, 375, 566, 376, 2, -1, -0.4636476090008061, 2.23606797749979
1082, 31, 612, 330, 611, 329, 1, 1, 0.7853981633974483, 1.4142135623730951
1082, 32, 327, 125, 326, 126, 1, -1, -0.7853981633974483, 1.4142135623730951
1082, 34, 550, 346, 549, 347, 1, -1, -0.7853981633974483, 1.4142135623730951
1082, 35, 546, 84, 544, 84, 2, 0, 0.0, 2.0
1082, 36, 549, 402, 547, 403, 2, -1, -0.4636476090008061, 2.23606797749979
1082, 37, 587, 132, 585, 133, 2, -1, -0.4636476090008061, 2.23606797749979
1082, 39, 527, 381, 525, 381, 2, 0, 0.0, 2.0
1082, 42, 468, 404, 467, 405, 1, -1, -0.7853981633974483, 1.4142135623730951
1082, 43, 456, 73, 455, 74, 1, -1, -0.7853981633974483, 1.4142135623730951
1083, 1, 288, 123, 287, 124, 1, -1, -0.7853981633974483, 1.4142135623730951
1083, 4, 419, 69, 418, 70, 1, -1, -0.7853981633974483, 1.4142135623730951
1083, 6, 517, 77, 516, 78, 1, -1, -0.7853981633974483, 1.4142135623730951
1083, 10, 399, 97, 398, 98, 1, -1, -0.7853981633974483, 1.4142135623730951
1083, 11, 469, 104, 467, 104, 2, 0, 0.0, 2.0
1083, 13, 351, 373, 350, 374, 1, -1, -0.7853981633974483, 1.4142135623730951
1083, 16, 388, 124, 387, 125, 1, -1, -0.7853981633974483, 1.4142135623730951
1083, 18, 383, 71, 381, 71, 2, 0, 0.0, 2.0
1083, 21, 601, 131, 599, 131, 2, 0, 0.0, 2.0
1083, 26, 165, 137, 164, 138, 1, -1, -0.7853981633974483, 1.4142135623730951
1083, 27, 443, 351, 441, 352, 2, -1, -0.4636476090008061, 2.23606797749979
1083, 28, 570, 374, 568, 375, 2, -1, -0.4636476090008061, 2.23606797749979
1083, 31, 614, 329, 612, 330, 2, -1, -0.4636476090008061, 2.23606797749979
1083, 32, 328, 124, 327, 125, 1, -1, -0.7853981633974483, 1.4142135623730951
1083, 33, 359, 350, 358, 351, 1, -1, -0.7853981633974483, 1.4142135623730951
1083, 34, 551, 345, 550, 346, 1, -1, -0.7853981633974483, 1.4142135623730951
1083, 35, 548, 84, 546, 84, 2, 0, 0.0, 2.0
1083, 36, 551, 401, 549, 402, 2, -1, -0.4636476090008061, 2.23606797749979
1083, 37, 590, 132, 587, 132, 3, 0, 0.0, 3.0
1083, 39, 528, 380, 527, 381, 1, -1, -0.7853981633974483, 1.4142135623730951
1083, 42, 470, 403, 468, 404, 2, -1, -0.4636476090008061, 2.23606797749979
1083, 43, 457, 72, 456, 73, 1, -1, -0.7853981633974483, 1.4142135623730951
1083, 44, 249, 97, 248, 98, 1, -1, -0.7853981633974483, 1.4142135623730951
1084, 3, 417, 367, 416, 368, 1, -1, -0.7853981633974483, 1.4142135623730951
1084, 4, 420, 68, 419, 69, 1, -1, -0.7853981633974483, 1.4142135623730951
1084, 5, 560, 73, 558, 74, 2, -1, -0.4636476090008061, 2.23606797749979
1084, 11, 470, 103, 469, 104, 1, -1, -0.7853981633974483, 1.4142135623730951
1084, 14, 214, 389, 213, 390, 1, -1, -0.7853981633974483, 1.4142135623730951
1084, 16, 389, 123, 388, 124, 1, -1, -0.7853981633974483, 1.4142135623730951
1084, 18, 385, 70, 383, 71, 2, -1, -0.4636476090008061, 2.23606797749979
1084, 19, 456, 124, 455, 125, 1, -1, -0.7853981633974483, 1.4142135623730951
1084, 21, 603, 131, 601, 131, 2, 0, 0.0, 2.0
1084, 26, 165, 135, 165, 137, 0, -2, -1.5707963267948966, 2.0
1084, 27, 444, 350, 443, 351, 1, -1, -0.7853981633974483, 1.4142135623730951
1084, 28, 571, 373, 570, 374, 1, -1, -0.7853981633974483, 1.4142135623730951
1084, 31, 616, 328, 614, 329, 2, -1, -0.4636476090008061, 2.23606797749979
1084, 32, 330, 123, 328, 124, 2, -1, -0.4636476090008061, 2.23606797749979
1084, 34, 553, 344, 551, 345, 2, -1, -0.4636476090008061, 2.23606797749979
1084, 35, 550, 84, 548, 84, 2, 0, 0.0, 2.0
1084, 36, 553, 400, 551, 401, 2, -1, -0.4636476090008061, 2.23606797749979
1084, 37, 593, 132, 590, 132, 3, 0, 0.0, 3.0
1084, 39, 529, 379, 528, 380, 1, -1, -0.7853981633974483, 1.4142135623730951
1084, 42, 472, 403, 470, 403, 2, 0, 0.0, 2.0
1084, 43, 459, 71, 457, 72, 2, -1, -0.4636476090008061, 2.23606797749979
1084, 44, 250, 96, 249, 97, 1, -1, -0.7853981633974483, 1.4142135623730951
1085, 0, 287, 124, 286, 125, 1, -1, -0.7853981633974483, 1.4142135623730951
1085, 3, 421, 70, 420, 71, 1, -1, -0.7853981633974483, 1.4142135623730951
1085, 4, 418, 368, 417, 369, 1, -1, -0.7853981633974483, 1.4142135623730951
1085, 5, 402, 97, 401, 98, 1, -1, -0.7853981633974483, 1.4142135623730951
1085, 8, 561, 73, 559, 74, 2, -1, -0.4636476090008061, 2.23606797749979
1085, 11, 470, 105, 468, 105, 2, 0, 0.0, 2.0
1085, 12, 292, 368, 291, 369, 1, -1, -0.7853981633974483, 1.4142135623730951
1085, 15, 262, 138, 261, 139, 1, -1, -0.7853981633974483, 1.4142135623730951
1085, 17, 362, 349, 361, 350, 1, -1, -0.7853981633974483, 1.4142135623730951
1085, 20, 330, 127, 328, 128, 2, -1, -0.4636476090008061, 2.23606797749979
1085, 22, 294, 375, 293, 376, 1, -1, -0.7853981633974483, 1.4142135623730951
1085, 23, 353, 375, 352, 376, 1, -1, -0.7853981633974483, 1.4142135623730951
1085, 25, 602, 132, 600, 133, 2, -1, -0.4636476090008061, 2.23606797749979
1085, 29, 415, 87, 412, 87, 3, 0, 0.0, 3.0
1085, 30, 552, 403, 550, 404, 2, -1, -0.4636476090008061, 2.23606797749979
1085, 34, 616, 327, 614, 328, 2, -1, -0.4636476090008061, 2.23606797749979
1085, 35, 591, 136, 589, 136, 2, 0, 0.0, 2.0
1085, 37, 528, 382, 527, 383, 1, -1, -0.7853981633974483, 1.4142135623730951
1085, 38, 569, 377, 568, 378, 1, -1, -0.7853981633974483, 1.4142135623730951
1085, 40, 215, 382, 214, 383, 1, -1, -0.7853981633974483, 1.4142135623730951
1085, 41, 389, 125, 388, 126, 1, -1, -0.7853981633974483, 1.4142135623730951
1085, 42, 630, 334, 627, 335, 3, -1, -0.3217505543966422, 3.1622776601683795
1085, 43, 613, 335, 611, 337, 2, -2, -0.7853981633974483, 2.8284271247461903
1085, 44, 243, 97, 242, 98, 1, -1, -0.7853981633974483, 1.4142135623730951
1085, 47, 358, 126, 356, 127, 2, -1, -0.4636476090008061, 2.23606797749979
1085, 49, 179, 402, 178, 403, 1, -1, -0.7853981633974483, 1.4142135623730951
1085, 52, 458, 73, 457, 74, 1, -1, -0.7853981633974483, 1.4142135623730951
1085, 54, 552, 85, 549, 85, 3, 0, 0.0, 3.0
1085, 55, 593, 74, 591, 75, 2, -1, -0.4636476090008061, 2.23606797749979
1085, 58, 476, 374, 474, 375, 2, -1, -0.4636476090008061, 2.23606797749979
1085, 59, 470, 405, 469, 406, 1, -1, -0.7853981633974483, 1.4142135623730951
1085, 60, 177, 409, 176, 410, 1, -1, -0.7853981633974483, 1.4142135623730951
1085, 61, 371, 109, 370, 110, 1, -1, -0.7853981633974483, 1.4142135623730951
1086, 0, 288, 123, 287, 124, 1, -1, -0.7853981633974483, 1.4142135623730951
1086, 3, 423, 69, 421, 70, 2, -1, -0.4636476090008061, 2.23606797749979
1086, 4, 419, 367, 418, 368, 1, -1, -0.7853981633974483, 1.4142135623730951
1086, 6, 519, 77, 518, 78, 1, -1, -0.7853981633974483, 1.4142135623730951
1086, 8, 563, 72, 561, 73, 2, -1, -0.4636476090008061, 2.23606797749979
1086, 12, 294, 367, 292, 368, 2, -1, -0.4636476090008061, 2.23606797749979
1086, 13, 215, 392, 214, 393, 1, -1, -0.7853981633974483, 1.4142135623730951
1086, 15, 263, 137, 262, 138, 1, -1, -0.7853981633974483, 1.4142135623730951
1086, 17, 363, 348, 362, 349, 1, -1, -0.7853981633974483, 1.4142135623730951
1086, 20, 331, 126, 330, 127, 1, -1, -0.7853981633974483, 1.4142135623730951
1086, 22, 295, 374, 294, 375, 1, -1, -0.7853981633974483, 1.4142135623730951
1086, 23, 355, 374, 353, 375, 2, -1, -0.4636476090008061, 2.23606797749979
1086, 24, 605, 131, 602, 132, 3, -1, -0.3217505543966422, 3.1622776601683795
1086, 28, 418, 87, 415, 87, 3, 0, 0.0, 3.0
1086, 29, 554, 402, 552, 403, 2, -1, -0.4636476090008061, 2.23606797749979
1086, 33, 618, 326, 616, 327, 2, -1, -0.4636476090008061, 2.23606797749979
1086, 36, 529, 381, 528, 382, 1, -1, -0.7853981633974483, 1.4142135623730951
1086, 37, 570, 376, 569, 377, 1, -1, -0.7853981633974483, 1.4142135623730951
1086, 39, 216, 381, 215, 382, 1, -1, -0.7853981633974483, 1.4142135623730951
1086, 40, 390, 124, 389, 125, 1, -1, -0.7853981633974483, 1.4142135623730951
1086, 41, 633, 333, 630, 334, 3, -1, -0.3217505543966422, 3.1622776601683795
1086, 42, 616, 335, 613, 335, 3, 0, 0.0, 3.0
1086, 43, 244, 96, 243, 97, 1, -1, -0.7853981633974483, 1.4142135623730951
1086, 46, 359, 125, 358, 126, 1, -1, -0.7853981633974483, 1.4142135623730951
1086, 49, 582, 392, 580, 392, 2, 0, 0.0, 2.0
1086, 50, 460, 72, 458, 73, 2, -1, -0.4636476090008061, 2.23606797749979
1086, 52, 554, 85, 552, 85, 2, 0, 0.0, 2.0
1086, 53, 594, 73, 593, 74, 1, -1, -0.7853981633974483, 1.4142135623730951
1086, 55, 479, 373, 476, 374, 3, -1, -0.3217505543966422, 3.1622776601683795
1086, 56, 471, 404, 470, 405, 1, -1, -0.7853981633974483, 1.4142135623730951
1086, 58, 373, 108, 371, 109, 2, -1, -0.4636476090008061, 2.23606797749979
1087, 0, 289, 122, 288, 123, 1, -1, -0.7853981633974483, 1.4142135623730951
1087, 1, 249, 120, 248, 122, 1, -2, -1.1071487177940904, 2.23606797749979
1087, 3, 425, 68, 423, 69, 2, -1, -0.4636476090008061, 2.23606797749979
1087, 4, 421, 366, 419, 367, 2, -1, -0.4636476090008061, 2.23606797749979
1087, 6, 520, 76, 519, 77, 1, -1, -0.7853981633974483, 1.4142135623730951
1087, 8, 565, 71, 563, 72, 2, -1, -0.4636476090008061, 2.23606797749979
1087, 11, 472, 106, 471, 105, 1, 1, 0.7853981633974483, 1.4142135623730951
1087, 12, 296, 367, 294, 367, 2, 0, 0.0, 2.0
1087, 15, 264, 135, 263, 137, 1, -2, -1.1071487177940904, 2.23606797749979
1087, 17, 364, 347, 363, 348, 1, -1, -0.7853981633974483, 1.4142135623730951
1087, 22, 296, 373, 295, 374, 1, -1, -0.7853981633974483, 1.4142135623730951
1087, 23, 357, 374, 355, 374, 2, 0, 0.0, 2.0
1087, 24, 607, 130, 605, 131, 2, -1, -0.4636476090008061, 2.23606797749979
1087, 28, 421, 87, 418, 87, 3, 0, 0.0, 3.0
1087, 29, 558, 401, 554, 402, 4, -1, -0.24497866312686414, 4.123105625617661
1087, 34, 593, 136, 591, 136, 2, 0, 0.0, 2.0
1087, 36, 530, 380, 529, 381, 1, -1, -0.7853981633974483, 1.4142135623730951
1087, 37, 571, 375, 570, 376, 1, -1, -0.7853981633974483, 1.4142135623730951
1087, 39, 218, 381, 216, 381, 2, 0, 0.0, 2.0
1087, 40, 391, 123, 390, 124, 1, -1, -0.7853981633974483, 1.4142135623730951
1087, 41, 634, 331, 633, 333, 1, -2, -1.1071487177940904, 2.23606797749979
1087, 42, 618, 334, 616, 335, 2, -1, -0.4636476090008061, 2.23606797749979
1087, 45, 134, 340, 132, 341, 2, -1, -0.4636476090008061, 2.23606797749979
1087, 46, 363, 123, 359, 125, 4, -2, -0.4636476090008061, 4.47213595499958
1087, 50, 461, 71, 460, 72, 1, -1, -0.7853981633974483, 1.4142135623730951
1087, 51, 206, 406, 205, 407, 1, -1, -0.7853981633974483, 1.4142135623730951
1087, 52, 557, 85, 554, 85, 3, 0, 0.0, 3.0
1087, 53, 597, 72, 594, 73, 3, -1, -0.3217505543966422, 3.1622776601683795
1087, 54, 445, 351, 444, 352, 1, -1, -0.7853981633974483, 1.4142135623730951
1087, 55, 482, 372, 479, 373, 3, -1, -0.3217505543966422, 3.1622776601683795
1087, 56, 472, 403, 471, 404, 1, -1, -0.7853981633974483, 1.4142135623730951
1087, 58, 374, 107, 373, 108, 1, -1, -0.7853981633974483, 1.4142135623730951
1088, 0, 290, 121, 289, 122, 1, -1, -0.7853981633974483, 1.4142135623730951
1088, 3, 427, 67, 425, 68, 2, -1, -0.4636476090008061, 2.23606797749979
1088, 4, 423, 365, 421, 366, 2, -1, -0.4636476090008061, 2.23606797749979
1088, 5, 406, 96, 404, 97, 2, -1, -0.4636476090008061, 2.23606797749979
1088, 6, 521, 75, 520, 76, 1, -1, -0.7853981633974483, 1.4142135623730951
1088, 8, 566, 70, 565, 71, 1, -1, -0.7853981633974483, 1.4142135623730951
1088, 12, 298, 366, 296, 367, 2, -1, -0.4636476090008061, 2.23606797749979
1088, 17, 365, 346, 364, 347, 1, -1, -0.7853981633974483, 1.4142135623730951
1088, 22, 297, 372, 296, 373, 1, -1, -0.7853981633974483, 1.4142135623730951
1088, 23, 358, 373, 357, 374, 1, -1, -0.7853981633974483, 1.4142135623730951
1088, 24, 609, 129, 607, 130, 2, -1, -0.4636476090008061, 2.23606797749979
1088, 26, 457, 128, 455, 129, 2, -1, -0.4636476090008061, 2.23606797749979
1088, 28, 423, 86, 421, 87, 2, -1, -0.4636476090008061, 2.23606797749979
1088, 29, 560, 401, 558, 401, 2, 0, 0.0, 2.0
1088, 31, 192, 294, 191, 295, 1, -1, -0.7853981633974483, 1.4142135623730951
1088, 33, 620, 325, 618, 326, 2, -1, -0.4636476090008061, 2.23606797749979
1088, 37, 572, 374, 571, 375, 1, -1, -0.7853981633974483, 1.4142135623730951
1088, 39, 220, 381, 218, 381, 2, 0, 0.0, 2.0
1088, 40, 393, 122, 391, 123, 2, -1, -0.4636476090008061, 2.23606797749979
1088, 42, 620, 334, 618, 334, 2, 0, 0.0, 2.0
1088, 46, 364, 122, 363, 123, 1, -1, -0.7853981633974483, 1.4142135623730951
1088, 47, 181, 400, 180, 401, 1, -1, -0.7853981633974483, 1.4142135623730951
1088, 49, 585, 392, 583, 392, 2, 0, 0.0, 2.0
1088, 50, 462, 70, 461, 71, 1, -1, -0.7853981633974483, 1.4142135623730951
1088, 52, 559, 85, 557, 85, 2, 0, 0.0, 2.0
1088, 53, 598, 71, 597, 72, 1, -1, -0.7853981633974483, 1.4142135623730951
1088, 54, 447, 350, 445, 351, 2, -1, -0.4636476090008061, 2.23606797749979
1088, 55, 484, 371, 482, 372, 2, -1, -0.4636476090008061, 2.23606797749979
1088, 56, 473, 402, 472, 403, 1, -1, -0.7853981633974483, 1.4142135623730951
1089, 0, 291, 120, 290, 121, 1, -1, -0.7853981633974483, 1.4142135623730951
1089, 3, 428, 66, 427, 67, 1, -1, -0.7853981633974483, 1.4142135623730951
1089, 4, 425, 364, 423, 365, 2, -1, -0.4636476090008061, 2.23606797749979
1089, 5, 407, 95, 406, 96, 1, -1, -0.7853981633974483, 1.4142135623730951
1089, 8, 568, 69, 566, 70, 2, -1, -0.4636476090008061, 2.23606797749979
1089, 11, 474, 105, 473, 106, 1, -1, -0.7853981633974483, 1.4142135623730951
1089, 12, 299, 365, 298, 366, 1, -1, -0.7853981633974483, 1.4142135623730951
1089, 14, 244, 68, 243, 69, 1, -1, -0.7853981633974483, 1.4142135623730951
1089, 15, 265, 132, 264, 134, 1, -2, -1.1071487177940904, 2.23606797749979
1089, 16, 266, 404, 265, 405, 1, -1, -0.7853981633974483, 1.4142135623730951
1089, 18, 386, 73, 385, 74, 1, -1, -0.7853981633974483, 1.4142135623730951
1089, 20, 335, 126, 333, 126, 2, 0, 0.0, 2.0
1089, 23, 359, 372, 358, 373, 1, -1, -0.7853981633974483, 1.4142135623730951
1089, 24, 610, 128, 609, 129, 1, -1, -0.7853981633974483, 1.4142135623730951
1089, 27, 424, 85, 423, 86, 1, -1, -0.7853981633974483, 1.4142135623730951
1089, 28, 561, 400, 560, 401, 1, -1, -0.7853981633974483, 1.4142135623730951
1089, 32, 622, 324, 620, 325, 2, -1, -0.4636476090008061, 2.23606797749979
1089, 33, 596, 136, 594, 136, 2, 0, 0.0, 2.0
1089, 37, 222, 380, 220, 381, 2, -1, -0.4636476090008061, 2.23606797749979
1089, 38, 394, 121, 393, 122, 1, -1, -0.7853981633974483, 1.4142135623730951
1089, 40, 622, 333, 620, 334, 2, -1, -0.4636476090008061, 2.23606797749979
1089, 41, 152, 167, 151, 168, 1, -1, -0.7853981633974483, 1.4142135623730951
1089, 43, 365, 121, 364, 122, 1, -1, -0.7853981633974483, 1.4142135623730951
1089, 47, 463, 69, 462, 70, 1, -1, -0.7853981633974483, 1.4142135623730951
1089, 49, 562, 84, 559, 85, 3, -1, -0.3217505543966422, 3.1622776601683795
1089, 50, 599, 70, 598, 71, 1, -1, -0.7853981633974483, 1.4142135623730951
1089, 51, 448, 349, 447, 350, 1, -1, -0.7853981633974483, 1.4142135623730951
1089, 52, 486, 371, 484, 371, 2, 0, 0.0, 2.0
1089, 53, 474, 401, 473, 402, 1, -1, -0.7853981633974483, 1.4142135623730951
1089, 54, 178, 407, 177, 408, 1, -1, -0.7853981633974483, 1.4142135623730951
1090, 1, 213, 346, 212, 347, 1, -1, -0.7853981633974483, 1.4142135623730951
1090, 2, 423, 368, 421, 369, 2, -1, -0.4636476090008061, 2.23606797749979
1090, 3, 565, 72, 564, 73, 1, -1, -0.7853981633974483, 1.4142135623730951
1090, 4, 426, 69, 425, 70, 1, -1, -0.7853981633974483, 1.4142135623730951
1090, 5, 405, 99, 404, 100, 1, -1, -0.7853981633974483, 1.4142135623730951
1090, 7, 245, 68, 244, 69, 1, -1, -0.7853981633974483, 1.4142135623730951
1090, 11, 300, 368, 299, 369, 1, -1, -0.7853981633974483, 1.4142135623730951
1090, 12, 526, 75, 524, 76, 2, -1, -0.4636476090008061, 2.23606797749979
1090, 15, 455, 82, 454, 83, 1, -1, -0.7853981633974483, 1.4142135623730951
1090, 17, 475, 105, 473, 106, 2, -1, -0.4636476090008061, 2.23606797749979
1090, 20, 333, 127, 332, 128, 1, -1, -0.7853981633974483, 1.4142135623730951
1090, 23, 426, 82, 425, 83, 1, -1, -0.7853981633974483, 1.4142135623730951
1090, 24, 460, 70, 459, 71, 1, -1, -0.7853981633974483, 1.4142135623730951
1090, 25, 608, 133, 606, 133, 2, 0, 0.0, 2.0
1090, 27, 558, 403, 557, 404, 1, -1, -0.7853981633974483, 1.4142135623730951
1090, 28, 616, 324, 612, 326, 4, -2, -0.4636476090008061, 4.47213595499958
1090, 34, 265, 136, 264, 138, 1, -2, -1.1071487177940904, 2.23606797749979
1090, 38, 489, 74, 488, 75, 1, -1, -0.7853981633974483, 1.4142135623730951
1090, 40, 484, 85, 483, 86, 1, -1, -0.7853981633974483, 1.4142135623730951
1090, 42, 182, 402, 181, 403, 1, -1, -0.7853981633974483, 1.4142135623730951
1090, 43, 474, 404, 473, 405, 1, -1, -0.7853981633974483, 1.4142135623730951
1090, 45, 635, 334, 633, 334, 2, 0, 0.0, 2.0
1090, 46, 600, 401, 598, 401, 2, 0, 0.0, 2.0
1091, 2, 425, 368, 423, 368, 2, 0, 0.0, 2.0
1091, 3, 566, 71, 565, 72, 1, -1, -0.7853981633974483, 1.4142135623730951
1091, 4, 427, 68, 426, 69, 1, -1, -0.7853981633974483, 1.4142135623730951
1091, 5, 406, 98, 405, 99, 1, -1, -0.7853981633974483, 1.4142135623730951
1091, 7, 247, 68, 245, 68, 2, 0, 0.0, 2.0
1091, 12, 527, 74, 526, 75, 1, -1, -0.7853981633974483, 1.4142135623730951
1091, 22, 547, 396, 546, 397, 1, -1, -0.7853981633974483, 1.4142135623730951
1091, 25, 610, 133, 608, 133, 2, 0, 0.0, 2.0
1091, 27, 559, 402, 558, 403, 1, -1, -0.7853981633974483, 1.4142135623730951
1091, 28, 619, 321, 616, 324, 3, -3, -0.7853981633974483, 4.242640687119285
1091, 33, 385, 74, 384, 75, 1, -1, -0.7853981633974483, 1.4142135623730951
1091, 35, 253, 95, 252, 96, 1, -1, -0.7853981633974483, 1.4142135623730951
1091, 38, 490, 73, 489, 74, 1, -1, -0.7853981633974483, 1.4142135623730951
1091, 43, 476, 403, 474, 404, 2, -1, -0.4636476090008061, 2.23606797749979
1091, 46, 601, 400, 600, 401, 1, -1, -0.7853981633974483, 1.4142135623730951
1092, 0, 293, 122, 292, 123, 1, -1, -0.7853981633974483, 1.4142135623730951
1092, 2, 426, 367, 425, 368, 1, -1, -0.7853981633974483, 1.4142135623730951
1092, 3, 568, 70, 566, 71, 2, -1, -0.4636476090008061, 2.23606797749979
1092, 4, 428, 67, 427, 68, 1, -1, -0.7853981633974483, 1.4142135623730951
1092, 5, 407, 97, 406, 98, 1, -1, -0.7853981633974483, 1.4142135623730951
1092, 7, 248, 67, 247, 68, 1, -1, -0.7853981633974483, 1.4142135623730951
1092, 8, 180, 408, 179, 409, 1, -1, -0.7853981633974483, 1.4142135623730951
1092, 11, 301, 366, 300, 367, 1, -1, -0.7853981633974483, 1.4142135623730951
1092, 12, 529, 73, 527, 74, 2, -1, -0.4636476090008061, 2.23606797749979
1092, 20, 218, 390, 217, 391, 1, -1, -0.7853981633974483, 1.4142135623730951
1092, 22, 427, 81, 426, 82, 1, -1, -0.7853981633974483, 1.4142135623730951
1092, 27, 623, 319, 619, 321, 4, -2, -0.4636476090008061, 4.47213595499958
1092, 28, 244, 337, 245, 336, -1, 1, 2.356194490192345, 1.4142135623730951
1092, 29, 359, 374, 358, 375, 1, -1, -0.7853981633974483, 1.4142135623730951
1092, 31, 598, 74, 596, 74, 2, 0, 0.0, 2.0
1092, 33, 266, 134, 265, 135, 1, -1, -0.7853981633974483, 1.4142135623730951
1092, 34, 254, 94, 253, 95, 1, -1, -0.7853981633974483, 1.4142135623730951
1092, 37, 491, 72, 490, 73, 1, -1, -0.7853981633974483, 1.4142135623730951
1092, 42, 477, 402, 476, 403, 1, -1, -0.7853981633974483, 1.4142135623730951
1092, 45, 602, 399, 601, 400, 1, -1, -0.7853981633974483, 1.4142135623730951
1093, 4, 430, 67, 428, 67, 2, 0, 0.0, 2.0
1093, 6, 152, 159, 151, 160, 1, -1, -0.7853981633974483, 1.4142135623730951
1093, 8, 181, 407, 180, 408, 1, -1, -0.7853981633974483, 1.4142135623730951
1093, 12, 531, 73, 529, 73, 2, 0, 0.0, 2.0
1093, 15, 457, 81, 456, 82, 1, -1, -0.7853981633974483, 1.4142135623730951
1093, 16, 462, 128, 460, 129, 2, -1, -0.4636476090008061, 2.23606797749979
1093, 17, 479, 104, 477, 105, 2, -1, -0.4636476090008061, 2.23606797749979
1093, 19, 337, 127, 335, 127, 2, 0, 0.0, 2.0
1093, 21, 550, 395, 548, 396, 2, -1, -0.4636476090008061, 2.23606797749979
1093, 24, 613, 132, 611, 133, 2, -1, -0.4636476090008061, 2.23606797749979
1093, 27, 630, 318, 623, 319, 7, -1, -0.14189705460416394, 7.0710678118654755
1093, 29, 360, 373, 359, 374, 1, -1, -0.7853981633974483, 1.4142135623730951
1093, 31, 600, 73, 598, 74, 2, -1, -0.4636476090008061, 2.23606797749979
1093, 32, 388, 73, 386, 74, 2, -1, -0.4636476090008061, 2.23606797749979
1093, 33, 267, 133, 266, 134, 1, -1, -0.7853981633974483, 1.4142135623730951
1093, 39, 485, 82, 484, 83, 1, -1, -0.7853981633974483, 1.4142135623730951
1093, 40, 577, 377, 575, 378, 2, -1, -0.4636476090008061, 2.23606797749979
1093, 41, 183, 400, 182, 401, 1, -1, -0.7853981633974483, 1.4142135623730951
1093, 42, 478, 401, 477, 402, 1, -1, -0.7853981633974483, 1.4142135623730951
1094, 4, 432, 67, 430, 67, 2, 0, 0.0, 2.0
1094, 5, 409, 96, 408, 97, 1, -1, -0.7853981633974483, 1.4142135623730951
1094, 10, 269, 404, 268, 405, 1, -1, -0.7853981633974483, 1.4142135623730951
1094, 12, 532, 72, 531, 73, 1, -1, -0.7853981633974483, 1.4142135623730951
1094, 15, 458, 80, 457, 81, 1, -1, -0.7853981633974483, 1.4142135623730951
1094, 16, 463, 127, 462, 128, 1, -1, -0.7853981633974483, 1.4142135623730951
1094, 19, 338, 126, 337, 127, 1, -1, -0.7853981633974483, 1.4142135623730951
1094, 20, 219, 389, 218, 390, 1, -1, -0.7853981633974483, 1.4142135623730951
1094, 21, 552, 394, 550, 395, 2, -1, -0.4636476090008061, 2.23606797749979
1094, 24, 615, 132, 613, 132, 2, 0, 0.0, 2.0
1094, 26, 563, 401, 561, 402, 2, -1, -0.4636476090008061, 2.23606797749979
1094, 27, 628, 316, 630, 318, -2, -2, -2.356194490192345, 2.8284271247461903
1094, 31, 601, 72, 600, 73, 1, -1, -0.7853981633974483, 1.4142135623730951
1094, 32, 389, 72, 388, 73, 1, -1, -0.7853981633974483, 1.4142135623730951
1094, 34, 255, 93, 254, 94, 1, -1, -0.7853981633974483, 1.4142135623730951
1094, 40, 579, 377, 577, 377, 2, 0, 0.0, 2.0
1094, 42, 480, 400, 478, 401, 2, -1, -0.4636476090008061, 2.23606797749979
1094, 45, 604, 398, 603, 399, 1, -1, -0.7853981633974483, 1.4142135623730951
1095, 2, 249, 69, 248, 70, 1, -1, -0.7853981633974483, 1.4142135623730951
1095, 8, 187, 401, 186, 402, 1, -1, -0.7853981633974483, 1.4142135623730951
1095, 9, 272, 407, 271, 408, 1, -1, -0.7853981633974483, 1.4142135623730951
1095, 12, 387, 128, 386, 129, 1, -1, -0.7853981633974483, 1.4142135623730951
1095, 15, 464, 70, 463, 71, 1, -1, -0.7853981633974483, 1.4142135623730951
1095, 17, 627, 328, 625, 329, 2, -1, -0.4636476090008061, 2.23606797749979
1095, 18, 480, 104, 478, 105, 2, -1, -0.4636476090008061, 2.23606797749979
1095, 19, 302, 373, 301, 374, 1, -1, -0.7853981633974483, 1.4142135623730951
1095, 20, 453, 351, 452, 352, 1, -1, -0.7853981633974483, 1.4142135623730951
1095, 21, 183, 409, 182, 410, 1, -1, -0.7853981633974483, 1.4142135623730951
1095, 23, 363, 379, 362, 380, 1, -1, -0.7853981633974483, 1.4142135623730951
1095, 24, 603, 137, 601, 138, 2, -1, -0.4636476090008061, 2.23606797749979
1095, 25, 464, 128, 462, 129, 2, -1, -0.4636476090008061, 2.23606797749979
1095, 28, 337, 131, 336, 132, 1, -1, -0.7853981633974483, 1.4142135623730951
1095, 29, 550, 397, 549, 398, 1, -1, -0.7853981633974483, 1.4142135623730951
1095, 31, 394, 73, 391, 74, 3, -1, -0.3217505543966422, 3.1622776601683795
1095, 32, 404, 103, 403, 104, 1, -1, -0.7853981633974483, 1.4142135623730951
1095, 33, 600, 73, 599, 74, 1, -1, -0.7853981633974483, 1.4142135623730951
1095, 34, 413, 105, 411, 106, 2, -1, -0.4636476090008061, 2.23606797749979
1095, 35, 614, 133, 612, 133, 2, 0, 0.0, 2.0
1095, 37, 570, 135, 569, 136, 1, -1, -0.7853981633974483, 1.4142135623730951
1095, 38, 580, 377, 578, 378, 2, -1, -0.4636476090008061, 2.23606797749979
1096, 3, 432, 69, 431, 70, 1, -1, -0.7853981633974483, 1.4142135623730951
1096, 7, 529, 76, 527, 77, 2, -1, -0.4636476090008061, 2.23606797749979
1096, 11, 219, 391, 218, 392, 1, -1, -0.7853981633974483, 1.4142135623730951
1096, 19, 455, 350, 453, 351, 2, -1, -0.4636476090008061, 2.23606797749979
1096, 22, 364, 378, 363, 379, 1, -1, -0.7853981633974483, 1.4142135623730951
1096, 23, 604, 136, 603, 137, 1, -1, -0.7853981633974483, 1.4142135623730951
1096, 24, 466, 128, 464, 128, 2, 0, 0.0, 2.0
1096, 27, 339, 130, 337, 131, 2, -1, -0.4636476090008061, 2.23606797749979
1096, 28, 552, 396, 550, 397, 2, -1, -0.4636476090008061, 2.23606797749979
1096, 29, 169, 138, 168, 139, 1, -1, -0.7853981633974483, 1.4142135623730951
1096, 30, 395, 72, 394, 73, 1, -1, -0.7853981633974483, 1.4142135623730951
1096, 31, 405, 102, 404, 103, 1, -1, -0.7853981633974483, 1.4142135623730951
1096, 33, 414, 104, 413, 105, 1, -1, -0.7853981633974483, 1.4142135623730951
1096, 37, 582, 376, 580, 377, 2, -1, -0.4636476090008061, 2.23606797749979
1097, 0, 296, 123, 295, 124, 1, -1, -0.7853981633974483, 1.4142135623730951
1097, 7, 531, 75, 529, 76, 2, -1, -0.4636476090008061, 2.23606797749979
1097, 9, 274, 406, 273, 407, 1, -1, -0.7853981633974483, 1.4142135623730951
1097, 16, 629, 327, 628, 328, 1, -1, -0.7853981633974483, 1.4142135623730951
1097, 17, 482, 103, 481, 104, 1, -1, -0.7853981633974483, 1.4142135623730951
1097, 19, 457, 350, 455, 350, 2, 0, 0.0, 2.0
1097, 20, 184, 408, 183, 409, 1, -1, -0.7853981633974483, 1.4142135623730951
1097, 23, 606, 135, 604, 136, 2, -1, -0.4636476090008061, 2.23606797749979
1097, 24, 468, 127, 466, 128, 2, -1, -0.4636476090008061, 2.23606797749979
1097, 26, 565, 404, 563, 404, 2, 0, 0.0, 2.0
1097, 27, 340, 129, 339, 130, 1, -1, -0.7853981633974483, 1.4142135623730951
1097, 28, 554, 395, 552, 396, 2, -1, -0.4636476090008061, 2.23606797749979
1097, 30, 397, 72, 395, 72, 2, 0, 0.0, 2.0
1097, 31, 406, 101, 405, 102, 1, -1, -0.7853981633974483, 1.4142135623730951
1097, 32, 602, 72, 601, 73, 1, -1, -0.7853981633974483, 1.4142135623730951
1097, 33, 416, 103, 414, 104, 2, -1, -0.4636476090008061, 2.23606797749979
1097, 34, 617, 133, 615, 133, 2, 0, 0.0, 2.0
1097, 35, 565, 83, 564, 84, 1, -1, -0.7853981633974483, 1.4142135623730951
1097, 36, 572, 134, 571, 135, 1, -1, -0.7853981633974483, 1.4142135623730951
1097, 37, 584, 376, 582, 376, 2, 0, 0.0, 2.0
1098, 1, 216, 346, 215, 347, 1, -1, -0.7853981633974483, 1.4142135623730951
1098, 4, 573, 72, 572, 73, 1, -1, -0.7853981633974483, 1.4142135623730951
1098, 6, 430, 367, 429, 368, 1, -1, -0.7853981633974483, 1.4142135623730951
1098, 8, 188, 399, 187, 400, 1, -1, -0.7853981633974483, 1.4142135623730951
1098, 12, 389, 125, 387, 126, 2, -1, -0.4636476090008061, 2.23606797749979
1098, 17, 484, 103, 482, 103, 2, 0, 0.0, 2.0
1098, 22, 366, 377, 365, 378, 1, -1, -0.7853981633974483, 1.4142135623730951
1098, 23, 608, 134, 606, 135, 2, -1, -0.4636476090008061, 2.23606797749979
1098, 24, 470, 127, 468, 127, 2, 0, 0.0, 2.0
1098, 25, 229, 386, 228, 387, 1, -1, -0.7853981633974483, 1.4142135623730951
1098, 28, 556, 394, 554, 395, 2, -1, -0.4636476090008061, 2.23606797749979
1098, 31, 407, 100, 406, 101, 1, -1, -0.7853981633974483, 1.4142135623730951
1098, 32, 603, 71, 602, 72, 1, -1, -0.7853981633974483, 1.4142135623730951
1098, 33, 417, 102, 416, 103, 1, -1, -0.7853981633974483, 1.4142135623730951
1098, 36, 573, 133, 572, 134, 1, -1, -0.7853981633974483, 1.4142135623730951
1099, 0, 297, 122, 296, 123, 1, -1, -0.7853981633974483, 1.4142135623730951
1099, 4, 575, 71, 573, 72, 2, -1, -0.4636476090008061, 2.23606797749979
1099, 8, 190, 398, 188, 399, 2, -1, -0.4636476090008061, 2.23606797749979
1099, 10, 416, 95, 414, 96, 2, -1, -0.4636476090008061, 2.23606797749979
1099, 12, 390, 124, 389, 125, 1, -1, -0.7853981633974483, 1.4142135623730951
1099, 16, 632, 326, 630, 327, 2, -1, -0.4636476090008061, 2.23606797749979
1099, 17, 486, 102, 484, 103, 2, -1, -0.4636476090008061, 2.23606797749979
1099, 23, 610, 133, 608, 134, 2, -1, -0.4636476090008061, 2.23606797749979
1099, 24, 472, 126, 470, 127, 2, -1, -0.4636476090008061, 2.23606797749979
1099, 28, 558, 394, 556, 394, 2, 0, 0.0, 2.0
1099, 31, 408, 99, 407, 100, 1, -1, -0.7853981633974483, 1.4142135623730951
1099, 32, 604, 70, 603, 71, 1, -1, -0.7853981633974483, 1.4142135623730951
1099, 34, 620, 133, 618, 133, 2, 0, 0.0, 2.0
1099, 35, 567, 82, 566, 83, 1, -1, -0.7853981633974483, 1.4142135623730951
1099, 36, 574, 134, 573, 133, 1, 1, 0.7853981633974483, 1.4142135623730951
1099, 37, 586, 375, 585, 376, 1, -1, -0.7853981633974483, 1.4142135623730951
1100, 3, 431, 368, 429, 369, 2, -1, -0.4636476090008061, 2.23606797749979
1100, 6, 576, 73, 574, 73, 2, 0, 0.0, 2.0
1100, 8, 417, 101, 415, 101, 2, 0, 0.0, 2.0
1100, 10, 533, 77, 531, 77, 2, 0, 0.0, 2.0
1100, 12, 395, 73, 394, 74, 1, -1, -0.7853981633974483, 1.4142135623730951
1100, 19, 369, 371, 367, 372, 2, -1, -0.4636476090008061, 2.23606797749979
1100, 20, 146, 316, 146, 318, 0, -2, -1.5707963267948966, 2.0
1100, 21, 469, 128, 467, 129, 2, -1, -0.4636476090008061, 2.23606797749979
1100, 23, 308, 369, 307, 370, 1, -1, -0.7853981633974483, 1.4142135623730951
1100, 29, 630, 334, 627, 335, 3, -1, -0.3217505543966422, 3.1622776601683795
1100, 30, 251, 102, 251, 104, 0, -2, -1.5707963267948966, 2.0
1100, 32, 633, 325, 631, 326, 2, -1, -0.4636476090008061, 2.23606797749979
1100, 33, 484, 104, 483, 105, 1, -1, -0.7853981633974483, 1.4142135623730951
1100, 38, 373, 352, 372, 353, 1, -1, -0.7853981633974483, 1.4142135623730951
1100, 41, 117, 374, 116, 375, 1, -1, -0.7853981633974483, 1.4142135623730951
1100, 44, 317, 350, 316, 351, 1, -1, -0.7853981633974483, 1.4142135623730951
1100, 45, 565, 79, 563, 80, 2, -1, -0.4636476090008061, 2.23606797749979
1100, 50, 606, 136, 604, 137, 2, -1, -0.4636476090008061, 2.23606797749979
1100, 51, 542, 382, 541, 383, 1, -1, -0.7853981633974483, 1.4142135623730951
1101, 0, 302, 123, 300, 124, 2, -1, -0.4636476090008061, 2.23606797749979
1101, 3, 433, 367, 431, 368, 2, -1, -0.4636476090008061, 2.23606797749979
1101, 8, 419, 101, 417, 101, 2, 0, 0.0, 2.0
1101, 11, 469, 70, 468, 71, 1, -1, -0.7853981633974483, 1.4142135623730951
1101, 19, 371, 370, 369, 371, 2, -1, -0.4636476090008061, 2.23606797749979
1101, 21, 471, 127, 469, 128, 2, -1, -0.4636476090008061, 2.23606797749979
1101, 22, 461, 351, 459, 351, 2, 0, 0.0, 2.0
1101, 29, 632, 334, 630, 334, 2, 0, 0.0, 2.0
1101, 30, 252, 100, 251, 102, 1, -2, -1.1071487177940904, 2.23606797749979
1101, 32, 635, 324, 633, 325, 2, -1, -0.4636476090008061, 2.23606797749979
1101, 33, 485, 103, 484, 104, 1, -1, -0.7853981633974483, 1.4142135623730951
1101, 38, 374, 351, 373, 352, 1, -1, -0.7853981633974483, 1.4142135623730951
1101, 39, 368, 378, 367, 379, 1, -1, -0.7853981633974483, 1.4142135623730951
1101, 40, 438, 79, 436, 79, 2, 0, 0.0, 2.0
1101, 42, 610, 74, 609, 75, 1, -1, -0.7853981633974483, 1.4142135623730951
1101, 43, 495, 81, 493, 82, 2, -1, -0.4636476090008061, 2.23606797749979
1101, 45, 567, 78, 565, 79, 2, -1, -0.4636476090008061, 2.23606797749979
1101, 46, 275, 113, 274, 114, 1, -1, -0.7853981633974483, 1.4142135623730951
1101, 47, 501, 74, 500, 75, 1, -1, -0.7853981633974483, 1.4142135623730951
1101, 49, 585, 378, 584, 379, 1, -1, -0.7853981633974483, 1.4142135623730951
1101, 50, 608, 135, 606, 136, 2, -1, -0.4636476090008061, 2.23606797749979
1101, 51, 543, 381, 542, 382, 1, -1, -0.7853981633974483, 1.4142135623730951
1102, 3, 435, 367, 433, 367, 2, 0, 0.0, 2.0
1102, 5, 437, 69, 436, 70, 1, -1, -0.7853981633974483, 1.4142135623730951
1102, 6, 579, 73, 577, 73, 2, 0, 0.0, 2.0
1102, 7, 277, 407, 276, 408, 1, -1, -0.7853981633974483, 1.4142135623730951
1102, 8, 421, 101, 419, 101, 2, 0, 0.0, 2.0
1102, 10, 536, 77, 534, 77, 2, 0, 0.0, 2.0
1102, 18, 373, 369, 371, 370, 2, -1, -0.4636476090008061, 2.23606797749979
1102, 25, 344, 131, 343, 132, 1, -1, -0.7853981633974483, 1.4142135623730951
1102, 26, 622, 133, 620, 134, 2, -1, -0.4636476090008061, 2.23606797749979
1102, 28, 634, 333, 632, 334, 2, -1, -0.4636476090008061, 2.23606797749979
1102, 32, 486, 102, 485, 103, 1, -1, -0.7853981633974483, 1.4142135623730951
1102, 34, 570, 404, 568, 404, 2, 0, 0.0, 2.0
1102, 35, 238, 97, 238, 99, 0, -2, -1.5707963267948966, 2.0
1102, 37, 376, 350, 374, 351, 2, -1, -0.4636476090008061, 2.23606797749979
1102, 40, 118, 372, 117, 373, 1, -1, -0.7853981633974483, 1.4142135623730951
1102, 42, 496, 80, 495, 81, 1, -1, -0.7853981633974483, 1.4142135623730951
1102, 44, 569, 77, 567, 78, 2, -1, -0.4636476090008061, 2.23606797749979
1102, 46, 502, 73, 501, 74, 1, -1, -0.7853981633974483, 1.4142135623730951
1102, 49, 610, 134, 608, 135, 2, -1, -0.4636476090008061, 2.23606797749979
1102, 50, 544, 380, 543, 381, 1, -1, -0.7853981633974483, 1.4142135623730951
1103, 3, 437, 366, 435, 367, 2, -1, -0.4636476090008061, 2.23606797749979
1103, 4, 156, 159, 155, 160, 1, -1, -0.7853981633974483, 1.4142135623730951
1103, 5, 438, 68, 437, 69, 1, -1, -0.7853981633974483, 1.4142135623730951
1103, 6, 581, 73, 579, 73, 2, 0, 0.0, 2.0
1103, 8, 423, 101, 421, 101, 2, 0, 0.0, 2.0
1103, 10, 538, 76, 536, 77, 2, -1, -0.4636476090008061, 2.23606797749979
1103, 11, 471, 69, 470, 70, 1, -1, -0.7853981633974483, 1.4142135623730951
1103, 18, 376, 369, 373, 369, 3, 0, 0.0, 3.0
1103, 20, 474, 126, 472, 127, 2, -1, -0.4636476090008061, 2.23606797749979
1103, 26, 625, 133, 622, 133, 3, 0, 0.0, 3.0
1103, 28, 635, 332, 634, 333, 1, -1, -0.7853981633974483, 1.4142135623730951
1103, 34, 572, 404, 570, 404, 2, 0, 0.0, 2.0
1103, 37, 378, 349, 376, 350, 2, -1, -0.4636476090008061, 2.23606797749979
1103, 39, 441, 79, 439, 79, 2, 0, 0.0, 2.0
1103, 40, 119, 370, 118, 372, 1, -2, -1.1071487177940904, 2.23606797749979
1103, 42, 497, 79, 496, 80, 1, -1, -0.7853981633974483, 1.4142135623730951
1103, 44, 571, 76, 569, 77, 2, -1, -0.4636476090008061, 2.23606797749979
1103, 46, 503, 72, 502, 73, 1, -1, -0.7853981633974483, 1.4142135623730951
1103, 47, 213, 406, 212, 407, 1, -1, -0.7853981633974483, 1.4142135623730951
1103, 49, 614, 134, 610, 134, 4, 0, 0.0, 4.0
1103, 50, 545, 379, 544, 380, 1, -1, -0.7853981633974483, 1.4142135623730951
1104, 3, 439, 366, 437, 366, 2, 0, 0.0, 2.0
1104, 8, 425, 101, 423, 101, 2, 0, 0.0, 2.0
1104, 18, 379, 370, 376, 369, 3, 1, 0.3217505543966422, 3.1622776601683795
1104, 20, 476, 126, 474, 126, 2, 0, 0.0, 2.0
1104, 25, 346, 130, 345, 131, 1, -1, -0.7853981633974483, 1.4142135623730951
1104, 26, 627, 132, 625, 133, 2, -1, -0.4636476090008061, 2.23606797749979
1104, 29, 255, 101, 254, 100, 1, 1, 0.7853981633974483, 1.4142135623730951
1104, 33, 574, 403, 572, 404, 2, -1, -0.4636476090008061, 2.23606797749979
1104, 36, 379, 348, 378, 349, 1, -1, -0.7853981633974483, 1.4142135623730951
1104, 43, 572, 75, 571, 76, 1, -1, -0.7853981633974483, 1.4142135623730951
1104, 45, 504, 71, 503, 72, 1, -1, -0.7853981633974483, 1.4142135623730951
1104, 47, 589, 377, 587, 378, 2, -1, -0.4636476090008061, 2.23606797749979
1104, 48, 616, 135, 614, 134, 2, 1, 0.4636476090008061, 2.23606797749979
1104, 49, 547, 378, 545, 379, 2, -1, -0.4636476090008061, 2.23606797749979
1105, 0, 306, 125, 303, 125, 3, 0, 0.0, 3.0
1105, 2, 221, 350, 219, 350, 2, 0, 0.0, 2.0
1105, 6, 158, 159, 157, 160, 1, -1, -0.7853981633974483, 1.4142135623730951
1105, 9, 439, 368, 437, 369, 2, -1, -0.4636476090008061, 2.23606797749979
1105, 12, 422, 97, 420, 97, 2, 0, 0.0, 2.0
1105, 14, 600, 394, 599, 395, 1, -1, -0.7853981633974483, 1.4142135623730951
1105, 15, 256, 158, 256, 161, 0, -3, -1.5707963267948966, 3.0
1105, 20, 346, 132, 345, 133, 1, -1, -0.7853981633974483, 1.4142135623730951
1105, 22, 492, 104, 489, 105, 3, -1, -0.3217505543966422, 3.1622776601683795
1105, 23, 626, 134, 624, 134, 2, 0, 0.0, 2.0
1105, 24, 377, 352, 376, 353, 1, -1, -0.7853981633974483, 1.4142135623730951
1105, 26, 273, 129, 272, 131, 1, -2, -1.1071487177940904, 2.23606797749979
1105, 27, 474, 130, 472, 130, 2, 0, 0.0, 2.0
1105, 33, 464, 351, 462, 352, 2, -1, -0.4636476090008061, 2.23606797749979
1105, 35, 370, 374, 369, 375, 1, -1, -0.7853981633974483, 1.4142135623730951
1105, 37, 493, 83, 492, 84, 1, -1, -0.7853981633974483, 1.4142135623730951
1106, 8, 440, 367, 439, 368, 1, -1, -0.7853981633974483, 1.4142135623730951
1106, 11, 424, 97, 422, 97, 2, 0, 0.0, 2.0
1106, 18, 571, 82, 570, 83, 1, -1, -0.7853981633974483, 1.4142135623730951
1106, 21, 494, 104, 492, 104, 2, 0, 0.0, 2.0
1106, 22, 628, 133, 626, 134, 2, -1, -0.4636476090008061, 2.23606797749979
1106, 23, 378, 351, 377, 352, 1, -1, -0.7853981633974483, 1.4142135623730951
1106, 25, 274, 128, 273, 129, 1, -1, -0.7853981633974483, 1.4142135623730951
1106, 26, 476, 130, 474, 130, 2, 0, 0.0, 2.0
1106, 27, 630, 325, 629, 326, 1, -1, -0.7853981633974483, 1.4142135623730951
1106, 32, 465, 350, 464, 351, 1, -1, -0.7853981633974483, 1.4142135623730951
1106, 37, 614, 74, 613, 75, 1, -1, -0.7853981633974483, 1.4142135623730951
1107, 3, 441, 69, 440, 70, 1, -1, -0.7853981633974483, 1.4142135623730951
1107, 9, 539, 76, 538, 77, 1, -1, -0.7853981633974483, 1.4142135623730951
1107, 13, 602, 393, 601, 394, 1, -1, -0.7853981633974483, 1.4142135623730951
1107, 14, 256, 155, 256, 157, 0, -2, -1.5707963267948966, 2.0
1107, 16, 258, 301, 260, 302, -2, -1, -2.677945044588987, 2.23606797749979
1107, 20, 496, 104, 494, 104, 2, 0, 0.0, 2.0
1107, 21, 630, 132, 628, 133, 2, -1, -0.4636476090008061, 2.23606797749979
1107, 22, 379, 350, 378, 351, 1, -1, -0.7853981633974483, 1.4142135623730951
1107, 24, 275, 127, 274, 128, 1, -1, -0.7853981633974483, 1.4142135623730951
1107, 25, 478, 130, 476, 130, 2, 0, 0.0, 2.0
1107, 26, 633, 322, 630, 325, 3, -3, -0.7853981633974483, 4.242640687119285
1107, 31, 466, 349, 465, 350, 1, -1, -0.7853981633974483, 1.4142135623730951
1107, 36, 615, 73, 614, 74, 1, -1, -0.7853981633974483, 1.4142135623730951
1107, 38, 616, 138, 614, 138, 2, 0, 0.0, 2.0
1108, 0, 308, 124, 307, 125, 1, -1, -0.7853981633974483, 1.4142135623730951
1108, 1, 252, 118, 251, 120, 1, -2, -1.1071487177940904, 2.23606797749979
1108, 8, 442, 366, 441, 367, 1, -1, -0.7853981633974483, 1.4142135623730951
1108, 10, 475, 70, 474, 71, 1, -1, -0.7853981633974483, 1.4142135623730951
1108, 13, 603, 392, 602, 393, 1, -1, -0.7853981633974483, 1.4142135623730951
1108, 18, 573, 81, 572, 82, 1, -1, -0.7853981633974483, 1.4142135623730951
1108, 19, 349, 131, 348, 132, 1, -1, -0.7853981633974483, 1.4142135623730951
1108, 20, 498, 104, 496, 104, 2, 0, 0.0, 2.0
1108, 21, 632, 131, 630, 132, 2, -1, -0.4636476090008061, 2.23606797749979
1108, 24, 276, 126, 275, 127, 1, -1, -0.7853981633974483, 1.4142135623730951
1108, 25, 480, 130, 478, 130, 2, 0, 0.0, 2.0
1108, 26, 635, 320, 633, 322, 2, -2, -0.7853981633974483, 2.8284271247461903
1108, 27, 403, 75, 401, 75, 2, 0, 0.0, 2.0
1108, 31, 468, 348, 466, 349, 2, -1, -0.4636476090008061, 2.23606797749979
1108, 34, 260, 124, 257, 126, 3, -2, -0.5880026035475675, 3.605551275463989
1109, 0, 309, 123, 308, 124, 1, -1, -0.7853981633974483, 1.4142135623730951
1109, 8, 541, 75, 540, 76, 1, -1, -0.7853981633974483, 1.4142135623730951
1109, 10, 427, 96, 426, 97, 1, -1, -0.7853981633974483, 1.4142135623730951
1109, 18, 350, 130, 349, 131, 1, -1, -0.7853981633974483, 1.4142135623730951
1109, 20, 634, 131, 632, 131, 2, 0, 0.0, 2.0
1109, 21, 381, 349, 380, 350, 1, -1, -0.7853981633974483, 1.4142135623730951
1109, 23, 277, 125, 276, 126, 1, -1, -0.7853981633974483, 1.4142135623730951
1109, 24, 482, 130, 480, 130, 2, 0, 0.0, 2.0
1109, 30, 470, 348, 468, 348, 2, 0, 0.0, 2.0
1109, 34, 497, 82, 496, 83, 1, -1, -0.7853981633974483, 1.4142135623730951
1110, 3, 541, 77, 540, 78, 1, -1, -0.7853981633974483, 1.4142135623730951
1110, 6, 442, 369, 440, 369, 2, 0, 0.0, 2.0
1110, 9, 257, 154, 257, 156, 0, -2, -1.5707963267948966, 2.0
1110, 11, 497, 105, 495, 105, 2, 0, 0.0, 2.0
1110, 12, 280, 408, 279, 409, 1, -1, -0.7853981633974483, 1.4142135623730951
1110, 13, 426, 96, 425, 97, 1, -1, -0.7853981633974483, 1.4142135623730951
1110, 15, 374, 373, 373, 374, 1, -1, -0.7853981633974483, 1.4142135623730951
1110, 17, 272, 97, 271, 98, 1, -1, -0.7853981633974483, 1.4142135623730951
1110, 22, 288, 113, 287, 114, 1, -1, -0.7853981633974483, 1.4142135623730951
1110, 24, 494, 405, 493, 406, 1, -1, -0.7853981633974483, 1.4142135623730951
1110, 25, 596, 377, 594, 378, 2, -1, -0.4636476090008061, 2.23606797749979
1110, 27, 606, 392, 605, 393, 1, -1, -0.7853981633974483, 1.4142135623730951
1110, 30, 469, 351, 467, 351, 2, 0, 0.0, 2.0
1110, 32, 480, 130, 478, 130, 2, 0, 0.0, 2.0
1110, 33, 381, 352, 380, 353, 1, -1, -0.7853981633974483, 1.4142135623730951
1110, 34, 172, 130, 170, 131, 2, -1, -0.4636476090008061, 2.23606797749979
1110, 36, 379, 127, 378, 128, 1, -1, -0.7853981633974483, 1.4142135623730951
1110, 40, 619, 74, 617, 75, 2, -1, -0.4636476090008061, 2.23606797749979
1110, 42, 554, 381, 552, 382, 2, -1, -0.4636476090008061, 2.23606797749979
1110, 43, 578, 403, 576, 404, 2, -1, -0.4636476090008061, 2.23606797749979
1110, 44, 578, 342, 577, 343, 1, -1, -0.7853981633974483, 1.4142135623730951
1110, 45, 635, 94, 638, 94, -3, 0, 3.141592653589793, 3.0
1110, 46, 407, 79, 406, 80, 1, -1, -0.7853981633974483, 1.4142135623730951
1110, 53, 384, 108, 383, 109, 1, -1, -0.7853981633974483, 1.4142135623730951
1110, 54, 415, 378, 414, 379, 1, -1, -0.7853981633974483, 1.4142135623730951
1110, 57, 351, 128, 349, 129, 2, -1, -0.4636476090008061, 2.23606797749979
1110, 61, 180, 384, 179, 385, 1, -1, -0.7853981633974483, 1.4142135623730951
1110, 62, 575, 82, 574, 83, 1, -1, -0.7853981633974483, 1.4142135623730951
1110, 63, 497, 375, 496, 376, 1, -1, -0.7853981633974483, 1.4142135623730951
1110, 65, 143, 396, 141, 396, 2, 0, 0.0, 2.0
1111, 1, 223, 349, 222, 350, 1, -1, -0.7853981633974483, 1.4142135623730951
1111, 3, 543, 76, 541, 77, 2, -1, -0.4636476090008061, 2.23606797749979
1111, 6, 444, 369, 442, 369, 2, 0, 0.0, 2.0
1111, 8, 160, 159, 159, 160, 1, -1, -0.7853981633974483, 1.4142135623730951
1111, 11, 499, 105, 497, 105, 2, 0, 0.0, 2.0
1111, 12, 281, 407, 280, 408, 1, -1, -0.7853981633974483, 1.4142135623730951
1111, 18, 314, 371, 312, 371, 2, 0, 0.0, 2.0
1111, 25, 598, 376, 596, 377, 2, -1, -0.4636476090008061, 2.23606797749979
1111, 30, 470, 350, 469, 351, 1, -1, -0.7853981633974483, 1.4142135623730951
1111, 32, 482, 130, 480, 130, 2, 0, 0.0, 2.0
1111, 33, 382, 351, 381, 352, 1, -1, -0.7853981633974483, 1.4142135623730951
1111, 34, 175, 129, 172, 130, 3, -1, -0.3217505543966422, 3.1622776601683795
1111, 36, 380, 126, 379, 127, 1, -1, -0.7853981633974483, 1.4142135623730951
1111, 37, 481, 74, 480, 75, 1, -1, -0.7853981633974483, 1.4142135623730951
1111, 40, 621, 73, 619, 74, 2, -1, -0.4636476090008061, 2.23606797749979
1111, 42, 556, 381, 554, 381, 2, 0, 0.0, 2.0
1111, 43, 580, 402, 578, 403, 2, -1, -0.4636476090008061, 2.23606797749979
1111, 44, 580, 341, 578, 342, 2, -1, -0.4636476090008061, 2.23606797749979
1111, 46, 408, 78, 407, 79, 1, -1, -0.7853981633974483, 1.4142135623730951
1111, 51, 510, 76, 509, 77, 1, -1, -0.7853981633974483, 1.4142135623730951
1111, 53, 385, 107, 384, 108, 1, -1, -0.7853981633974483, 1.4142135623730951
1111, 54, 417, 377, 415, 378, 2, -1, -0.4636476090008061, 2.23606797749979
1111, 57, 352, 127, 351, 128, 1, -1, -0.7853981633974483, 1.4142135623730951
1111, 58, 264, 91, 263, 92, 1, -1, -0.7853981633974483, 1.4142135623730951
1111, 64, 144, 397, 143, 396, 1, 1, 0.7853981633974483, 1.4142135623730951
1112, 2, 311, 124, 310, 125, 1, -1, -0.7853981633974483, 1.4142135623730951
1112, 3, 544, 75, 543, 76, 1, -1, -0.7853981633974483, 1.4142135623730951
1112, 4, 445, 71, 444, 72, 1, -1, -0.7853981633974483, 1.4142135623730951
1112, 6, 445, 368, 444, 369, 1, -1, -0.7853981633974483, 1.4142135623730951
1112, 11, 501, 104, 499, 105, 2, -1, -0.4636476090008061, 2.23606797749979
1112, 12, 282, 406, 281, 407, 1, -1, -0.7853981633974483, 1.4142135623730951
1112, 13, 428, 95, 427, 96, 1, -1, -0.7853981633974483, 1.4142135623730951
1112, 14, 150, 317, 149, 318, 1, -1, -0.7853981633974483, 1.4142135623730951
1112, 15, 376, 372, 375, 373, 1, -1, -0.7853981633974483, 1.4142135623730951
1112, 20, 404, 74, 403, 75, 1, -1, -0.7853981633974483, 1.4142135623730951
1112, 21, 318, 377, 317, 378, 1, -1, -0.7853981633974483, 1.4142135623730951
1112, 24, 496, 404, 495, 405, 1, -1, -0.7853981633974483, 1.4142135623730951
1112, 25, 600, 375, 598, 376, 2, -1, -0.4636476090008061, 2.23606797749979
1112, 26, 634, 135, 632, 134, 2, 1, 0.4636476090008061, 2.23606797749979
1112, 30, 472, 350, 470, 350, 2, 0, 0.0, 2.0
1112, 32, 484, 130, 482, 130, 2, 0, 0.0, 2.0
1112, 33, 383, 350, 382, 351, 1, -1, -0.7853981633974483, 1.4142135623730951
1112, 34, 177, 128, 175, 129, 2, -1, -0.4636476090008061, 2.23606797749979
1112, 36, 381, 125, 380, 126, 1, -1, -0.7853981633974483, 1.4142135623730951
1112, 40, 623, 72, 621, 73, 2, -1, -0.4636476090008061, 2.23606797749979
1112, 42, 558, 380, 556, 381, 2, -1, -0.4636476090008061, 2.23606797749979
1112, 43, 582, 401, 580, 402, 2, -1, -0.4636476090008061, 2.23606797749979
1112, 44, 582, 341, 580, 341, 2, 0, 0.0, 2.0
1112, 46, 410, 78, 408, 78, 2, 0, 0.0, 2.0
1112, 50, 194, 139, 193, 140, 1, -1, -0.7853981633974483, 1.4142135623730951
1112, 51, 511, 75, 510, 76, 1, -1, -0.7853981633974483, 1.4142135623730951
1112, 54, 418, 376, 417, 377, 1, -1, -0.7853981633974483, 1.4142135623730951
1112, 57, 354, 127, 352, 127, 2, 0, 0.0, 2.0
1112, 58, 265, 89, 264, 91, 1, -2, -1.1071487177940904, 2.23606797749979
1112, 62, 499, 374, 498, 375, 1, -1, -0.7853981633974483, 1.4142135623730951
1113, 0, 255, 117, 254, 119, 1, -2, -1.1071487177940904, 2.23606797749979
1113, 2, 312, 123, 311, 124, 1, -1, -0.7853981633974483, 1.4142135623730951
1113, 3, 545, 74, 544, 75, 1, -1, -0.7853981633974483, 1.4142135623730951
1113, 4, 446, 70, 445, 71, 1, -1, -0.7853981633974483, 1.4142135623730951
1113, 6, 447, 367, 445, 368, 2, -1, -0.4636476090008061, 2.23606797749979
1113, 7, 587, 73, 586, 74, 1, -1, -0.7853981633974483, 1.4142135623730951
1113, 12, 283, 405, 282, 406, 1, -1, -0.7853981633974483, 1.4142135623730951
1113, 13, 430, 94, 428, 95, 2, -1, -0.4636476090008061, 2.23606797749979
1113, 18, 315, 370, 314, 371, 1, -1, -0.7853981633974483, 1.4142135623730951
1113, 20, 406, 73, 404, 74, 2, -1, -0.4636476090008061, 2.23606797749979
1113, 21, 319, 376, 318, 377, 1, -1, -0.7853981633974483, 1.4142135623730951
1113, 24, 497, 403, 496, 404, 1, -1, -0.7853981633974483, 1.4142135623730951
1113, 25, 601, 374, 600, 375, 1, -1, -0.7853981633974483, 1.4142135623730951
1113, 30, 473, 349, 472, 350, 1, -1, -0.7853981633974483, 1.4142135623730951
1113, 35, 382, 124, 381, 125, 1, -1, -0.7853981633974483, 1.4142135623730951
1113, 36, 483, 73, 482, 74, 1, -1, -0.7853981633974483, 1.4142135623730951
1113, 39, 626, 71, 623, 72, 3, -1, -0.3217505543966422, 3.1622776601683795
1113, 41, 559, 379, 558, 380, 1, -1, -0.7853981633974483, 1.4142135623730951
1113, 42, 584, 400, 582, 401, 2, -1, -0.4636476090008061, 2.23606797749979
1113, 43, 586, 341, 582, 341, 4, 0, 0.0, 4.0
1113, 45, 411, 77, 410, 78, 1, -1, -0.7853981633974483, 1.4142135623730951
1113, 53, 419, 375, 418, 376, 1, -1, -0.7853981633974483, 1.4142135623730951
1113, 56, 355, 126, 354, 127, 1, -1, -0.7853981633974483, 1.4142135623730951
1113, 60, 579, 82, 577, 82, 2, 0, 0.0, 2.0
1113, 61, 500, 373, 499, 374, 1, -1, -0.7853981633974483, 1.4142135623730951
1114, 2, 313, 122, 312, 123, 1, -1, -0.7853981633974483, 1.4142135623730951
1114, 4, 447, 69, 446, 70, 1, -1, -0.7853981633974483, 1.4142135623730951
1114, 6, 449, 366, 447, 367, 2, -1, -0.4636476090008061, 2.23606797749979
1114, 7, 589, 72, 587, 73, 2, -1, -0.4636476090008061, 2.23606797749979
1114, 10, 504, 104, 502, 104, 2, 0, 0.0, 2.0
1114, 12, 432, 93, 430, 94, 2, -1, -0.4636476090008061, 2.23606797749979
1114, 13, 151, 316, 150, 317, 1, -1, -0.7853981633974483, 1.4142135623730951
1114, 14, 378, 371, 377, 372, 1, -1, -0.7853981633974483, 1.4142135623730951
1114, 17, 316, 369, 315, 370, 1, -1, -0.7853981633974483, 1.4142135623730951
1114, 19, 407, 72, 406, 73, 1, -1, -0.7853981633974483, 1.4142135623730951
1114, 23, 499, 402, 497, 403, 2, -1, -0.4636476090008061, 2.23606797749979
1114, 24, 602, 373, 601, 374, 1, -1, -0.7853981633974483, 1.4142135623730951
1114, 26, 610, 391, 609, 392, 1, -1, -0.7853981633974483, 1.4142135623730951
1114, 29, 475, 349, 473, 349, 2, 0, 0.0, 2.0
1114, 31, 385, 349, 384, 350, 1, -1, -0.7853981633974483, 1.4142135623730951
1114, 32, 176, 125, 177, 127, -1, -2, -2.0344439357957027, 2.23606797749979
1114, 34, 383, 123, 382, 124, 1, -1, -0.7853981633974483, 1.4142135623730951
1114, 35, 484, 72, 483, 73, 1, -1, -0.7853981633974483, 1.4142135623730951
1114, 37, 192, 403, 191, 404, 1, -1, -0.7853981633974483, 1.4142135623730951
1114, 38, 627, 70, 626, 71, 1, -1, -0.7853981633974483, 1.4142135623730951
1114, 40, 560, 378, 559, 379, 1, -1, -0.7853981633974483, 1.4142135623730951
1114, 41, 585, 399, 584, 400, 1, -1, -0.7853981633974483, 1.4142135623730951
1114, 42, 588, 341, 586, 341, 2, 0, 0.0, 2.0
1114, 44, 412, 76, 411, 77, 1, -1, -0.7853981633974483, 1.4142135623730951
1114, 52, 421, 375, 419, 375, 2, 0, 0.0, 2.0
1114, 55, 356, 125, 355, 126, 1, -1, -0.7853981633974483, 1.4142135623730951
1114, 56, 266, 88, 265, 89, 1, -1, -0.7853981633974483, 1.4142135623730951
1114, 59, 580, 81, 579, 82, 1, -1, -0.7853981633974483, 1.4142135623730951
1114, 60, 501, 372, 500, 373, 1, -1, -0.7853981633974483, 1.4142135623730951
1115, 0, 314, 124, 313, 125, 1, -1, -0.7853981633974483, 1.4142135623730951
1115, 2, 261, 70, 260, 71, 1, -1, -0.7853981633974483, 1.4142135623730951
1115, 3, 449, 71, 447, 72, 2, -1, -0.4636476090008061, 2.23606797749979
1115, 4, 448, 367, 446, 368, 2, -1, -0.4636476090008061, 2.23606797749979
1115, 5, 635, 135, 638, 135, -3, 0, 3.141592653589793, 3.0
1115, 6, 590, 73, 588, 74, 2, -1, -0.4636476090008061, 2.23606797749979
1115, 7, 549, 77, 547, 78, 2, -1, -0.4636476090008061, 2.23606797749979
1115, 8, 432, 96, 430, 97, 2, -1, -0.4636476090008061, 2.23606797749979
1115, 10, 413, 127, 412, 128, 1, -1, -0.7853981633974483, 1.4142135623730951
1115, 16, 502, 105, 500, 105, 2, 0, 0.0, 2.0
1115, 17, 443, 362, 441, 362, 2, 0, 0.0, 2.0
1115, 19, 283, 408, 282, 409, 1, -1, -0.7853981633974483, 1.4142135623730951
1115, 21, 408, 74, 407, 75, 1, -1, -0.7853981633974483, 1.4142135623730951
1115, 23, 624, 140, 622, 140, 2, 0, 0.0, 2.0
1115, 24, 600, 376, 599, 377, 1, -1, -0.7853981633974483, 1.4142135623730951
1115, 28, 580, 85, 578, 85, 2, 0, 0.0, 2.0
1115, 31, 355, 127, 354, 128, 1, -1, -0.7853981633974483, 1.4142135623730951
1115, 32, 380, 375, 379, 376, 1, -1, -0.7853981633974483, 1.4142135623730951
1115, 33, 624, 74, 622, 75, 2, -1, -0.4636476090008061, 2.23606797749979
1115, 34, 444, 88, 440, 88, 4, 0, 0.0, 4.0
1115, 35, 387, 350, 386, 351, 1, -1, -0.7853981633974483, 1.4142135623730951
1115, 37, 557, 381, 556, 382, 1, -1, -0.7853981633974483, 1.4142135623730951
1115, 38, 613, 392, 611, 393, 2, -1, -0.4636476090008061, 2.23606797749979
1115, 39, 498, 405, 497, 406, 1, -1, -0.7853981633974483, 1.4142135623730951
1115, 41, 227, 171, 227, 173, 0, -2, -1.5707963267948966, 2.0
1115, 42, 280, 129, 279, 130, 1, -1, -0.7853981633974483, 1.4142135623730951
1115, 45, 586, 343, 584, 343, 2, 0, 0.0, 2.0
1115, 46, 584, 403, 582, 404, 2, -1, -0.4636476090008061, 2.23606797749979
1115, 48, 408, 81, 407, 82, 1, -1, -0.7853981633974483, 1.4142135623730951
1115, 49, 635, 333, 637, 333, -2, 0, 3.141592653589793, 2.0
1115, 50, 267, 92, 266, 93, 1, -1, -0.7853981633974483, 1.4142135623730951
1115, 51, 229, 182, 233, 182, -4, 0, 3.141592653589793, 4.0
1115, 52, 483, 74, 482, 75, 1, -1, -0.7853981633974483, 1.4142135623730951
1115, 53, 514, 75, 513, 76, 1, -1, -0.7853981633974483, 1.4142135623730951
1115, 54, 623, 400, 622, 401, 1, -1, -0.7853981633974483, 1.4142135623730951
1116, 0, 315, 123, 314, 124, 1, -1, -0.7853981633974483, 1.4142135623730951
1116, 2, 262, 69, 261, 70, 1, -1, -0.7853981633974483, 1.4142135623730951
1116, 3, 451, 70, 449, 71, 2, -1, -0.4636476090008061, 2.23606797749979
1116, 4, 450, 366, 448, 367, 2, -1, -0.4636476090008061, 2.23606797749979
1116, 6, 592, 72, 590, 73, 2, -1, -0.4636476090008061, 2.23606797749979
1116, 10, 414, 126, 413, 127, 1, -1, -0.7853981633974483, 1.4142135623730951
1116, 11, 163, 159, 162, 160, 1, -1, -0.7853981633974483, 1.4142135623730951
1116, 19, 284, 407, 283, 408, 1, -1, -0.7853981633974483, 1.4142135623730951
1116, 21, 409, 73, 408, 74, 1, -1, -0.7853981633974483, 1.4142135623730951
1116, 24, 601, 375, 600, 376, 1, -1, -0.7853981633974483, 1.4142135623730951
1116, 28, 582, 85, 580, 85, 2, 0, 0.0, 2.0
1116, 30, 476, 350, 474, 351, 2, -1, -0.4636476090008061, 2.23606797749979
1116, 31, 356, 126, 355, 127, 1, -1, -0.7853981633974483, 1.4142135623730951
1116, 32, 382, 374, 380, 375, 2, -1, -0.4636476090008061, 2.23606797749979
1116, 33, 625, 73, 624, 74, 1, -1, -0.7853981633974483, 1.4142135623730951
1116, 34, 447, 88, 444, 88, 3, 0, 0.0, 3.0
1116, 37, 558, 380, 557, 381, 1, -1, -0.7853981633974483, 1.4142135623730951
1116, 38, 615, 391, 613, 392, 2, -1, -0.4636476090008061, 2.23606797749979
1116, 39, 499, 404, 498, 405, 1, -1, -0.7853981633974483, 1.4142135623730951
1116, 40, 193, 403, 192, 404, 1, -1, -0.7853981633974483, 1.4142135623730951
1116, 42, 281, 128, 280, 129, 1, -1, -0.7853981633974483, 1.4142135623730951
1116, 43, 383, 127, 382, 128, 1, -1, -0.7853981633974483, 1.4142135623730951
1116, 45, 588, 342, 586, 343, 2, -1, -0.4636476090008061, 2.23606797749979
1116, 46, 586, 402, 584, 403, 2, -1, -0.4636476090008061, 2.23606797749979
1116, 48, 409, 80, 408, 81, 1, -1, -0.7853981633974483, 1.4142135623730951
1116, 52, 484, 73, 483, 74, 1, -1, -0.7853981633974483, 1.4142135623730951
1116, 53, 515, 74, 514, 75, 1, -1, -0.7853981633974483, 1.4142135623730951
1116, 54, 624, 399, 623, 400, 1, -1, -0.7853981633974483, 1.4142135623730951
1117, 0, 317, 122, 315, 123, 2, -1, -0.4636476090008061, 2.23606797749979
1117, 2, 263, 68, 262, 69, 1, -1, -0.7853981633974483, 1.4142135623730951
1117, 3, 453, 69, 451, 70, 2, -1, -0.4636476090008061, 2.23606797749979
1117, 4, 452, 366, 450, 366, 2, 0, 0.0, 2.0
1117, 6, 594, 71, 592, 72, 2, -1, -0.4636476090008061, 2.23606797749979
1117, 7, 551, 76, 550, 77, 1, -1, -0.7853981633974483, 1.4142135623730951
1117, 8, 434, 95, 433, 96, 1, -1, -0.7853981633974483, 1.4142135623730951
1117, 10, 415, 125, 414, 126, 1, -1, -0.7853981633974483, 1.4142135623730951
1117, 12, 258, 121, 258, 123, 0, -2, -1.5707963267948966, 2.0
1117, 16, 505, 105, 503, 105, 2, 0, 0.0, 2.0
1117, 17, 446, 362, 444, 362, 2, 0, 0.0, 2.0
1117, 19, 285, 406, 284, 407, 1, -1, -0.7853981633974483, 1.4142135623730951
1117, 21, 411, 72, 409, 73, 2, -1, -0.4636476090008061, 2.23606797749979
1117, 23, 627, 140, 625, 140, 2, 0, 0.0, 2.0
1117, 24, 602, 374, 601, 375, 1, -1, -0.7853981633974483, 1.4142135623730951
1117, 28, 585, 85, 582, 85, 3, 0, 0.0, 3.0
1117, 30, 477, 349, 476, 350, 1, -1, -0.7853981633974483, 1.4142135623730951
1117, 31, 357, 125, 356, 126, 1, -1, -0.7853981633974483, 1.4142135623730951
1117, 32, 383, 373, 382, 374, 1, -1, -0.7853981633974483, 1.4142135623730951
1117, 33, 626, 72, 625, 73, 1, -1, -0.7853981633974483, 1.4142135623730951
1117, 34, 450, 87, 447, 88, 3, -1, -0.3217505543966422, 3.1622776601683795
1117, 38, 618, 390, 615, 391, 3, -1, -0.3217505543966422, 3.1622776601683795
1117, 39, 501, 403, 499, 404, 2, -1, -0.4636476090008061, 2.23606797749979
1117, 43, 384, 126, 383, 127, 1, -1, -0.7853981633974483, 1.4142135623730951
1117, 45, 590, 341, 588, 342, 2, -1, -0.4636476090008061, 2.23606797749979
1117, 46, 588, 401, 586, 402, 2, -1, -0.4636476090008061, 2.23606797749979
1117, 47, 258, 362, 257, 361, 1, 1, 0.7853981633974483, 1.4142135623730951
1117, 48, 410, 79, 409, 80, 1, -1, -0.7853981633974483, 1.4142135623730951
1117, 49, 634, 332, 635, 334, -1, -2, -2.0344439357957027, 2.23606797749979
1117, 50, 269, 91, 268, 92, 1, -1, -0.7853981633974483, 1.4142135623730951
1117, 52, 485, 72, 484, 73, 1, -1, -0.7853981633974483, 1.4142135623730951
1117, 53, 516, 73, 515, 74, 1, -1, -0.7853981633974483, 1.4142135623730951
1117, 54, 626, 399, 624, 399, 2, 0, 0.0, 2.0
1118, 3, 455, 68, 453, 69, 2, -1, -0.4636476090008061, 2.23606797749979
1118, 4, 453, 365, 452, 366, 1, -1, -0.7853981633974483, 1.4142135623730951
1118, 6, 595, 70, 594, 71, 1, -1, -0.7853981633974483, 1.4142135623730951
1118, 7, 553, 75, 551, 76, 2, -1, -0.4636476090008061, 2.23606797749979
1118, 8, 435, 94, 434, 95, 1, -1, -0.7853981633974483, 1.4142135623730951
1118, 10, 416, 124, 415, 125, 1, -1, -0.7853981633974483, 1.4142135623730951
1118, 11, 164, 158, 163, 159, 1, -1, -0.7853981633974483, 1.4142135623730951
1118, 15, 152, 314, 151, 315, 1, -1, -0.7853981633974483, 1.4142135623730951
1118, 17, 447, 361, 446, 362, 1, -1, -0.7853981633974483, 1.4142135623730951
1118, 19, 286, 405, 285, 406, 1, -1, -0.7853981633974483, 1.4142135623730951
1118, 20, 321, 375, 320, 376, 1, -1, -0.7853981633974483, 1.4142135623730951
1118, 21, 412, 71, 411, 72, 1, -1, -0.7853981633974483, 1.4142135623730951
1118, 24, 603, 373, 602, 374, 1, -1, -0.7853981633974483, 1.4142135623730951
1118, 28, 587, 85, 585, 85, 2, 0, 0.0, 2.0
1118, 30, 478, 348, 477, 349, 1, -1, -0.7853981633974483, 1.4142135623730951
1118, 32, 384, 372, 383, 373, 1, -1, -0.7853981633974483, 1.4142135623730951
1118, 33, 627, 71, 626, 72, 1, -1, -0.7853981633974483, 1.4142135623730951
1118, 34, 452, 86, 450, 87, 2, -1, -0.4636476090008061, 2.23606797749979
1118, 35, 390, 349, 388, 350, 2, -1, -0.4636476090008061, 2.23606797749979
1118, 38, 620, 389, 618, 390, 2, -1, -0.4636476090008061, 2.23606797749979
1118, 39, 503, 402, 501, 403, 2, -1, -0.4636476090008061, 2.23606797749979
1118, 43, 386, 125, 384, 126, 2, -1, -0.4636476090008061, 2.23606797749979
1118, 45, 591, 340, 590, 341, 1, -1, -0.7853981633974483, 1.4142135623730951
1118, 46, 590, 401, 588, 401, 2, 0, 0.0, 2.0
1118, 48, 411, 78, 410, 79, 1, -1, -0.7853981633974483, 1.4142135623730951
1118, 49, 635, 331, 634, 332, 1, -1, -0.7853981633974483, 1.4142135623730951
1118, 50, 270, 89, 269, 91, 1, -2, -1.1071487177940904, 2.23606797749979
1118, 52, 486, 71, 485, 72, 1, -1, -0.7853981633974483, 1.4142135623730951
1118, 53, 517, 72, 516, 73, 1, -1, -0.7853981633974483, 1.4142135623730951
1118, 54, 627, 398, 626, 399, 1, -1, -0.7853981633974483, 1.4142135623730951
1119, 3, 457, 65, 455, 68, 2, -3, -0.982793723247329, 3.605551275463989
1119, 4, 454, 364, 453, 365, 1, -1, -0.7853981633974483, 1.4142135623730951
1119, 6, 596, 67, 595, 70, 1, -3, -1.2490457723982544, 3.1622776601683795
1119, 7, 554, 74, 553, 75, 1, -1, -0.7853981633974483, 1.4142135623730951
1119, 8, 436, 93, 435, 94, 1, -1, -0.7853981633974483, 1.4142135623730951
1119, 10, 417, 123, 416, 124, 1, -1, -0.7853981633974483, 1.4142135623730951
1119, 14, 489, 131, 487, 131, 2, 0, 0.0, 2.0
1119, 20, 322, 373, 321, 375, 1, -2, -1.1071487177940904, 2.23606797749979
1119, 21, 414, 70, 412, 71, 2, -1, -0.4636476090008061, 2.23606797749979
1119, 22, 630, 140, 628, 140, 2, 0, 0.0, 2.0
1119, 27, 589, 84, 587, 85, 2, -1, -0.4636476090008061, 2.23606797749979
1119, 28, 234, 384, 232, 385, 2, -1, -0.4636476090008061, 2.23606797749979
1119, 29, 480, 348, 478, 348, 2, 0, 0.0, 2.0
1119, 31, 385, 371, 384, 372, 1, -1, -0.7853981633974483, 1.4142135623730951
1119, 33, 452, 84, 452, 86, 0, -2, -1.5707963267948966, 2.0
1119, 36, 561, 379, 560, 380, 1, -1, -0.7853981633974483, 1.4142135623730951
1119, 37, 624, 389, 620, 389, 4, 0, 0.0, 4.0
1119, 38, 505, 402, 503, 402, 2, 0, 0.0, 2.0
1119, 44, 593, 339, 591, 340, 2, -1, -0.4636476090008061, 2.23606797749979
1119, 45, 591, 400, 590, 401, 1, -1, -0.7853981633974483, 1.4142135623730951
1119, 47, 412, 77, 411, 78, 1, -1, -0.7853981633974483, 1.4142135623730951
1119, 49, 229, 181, 228, 182, 1, -1, -0.7853981633974483, 1.4142135623730951
1119, 50, 487, 70, 486, 71, 1, -1, -0.7853981633974483, 1.4142135623730951
1119, 52, 628, 397, 627, 398, 1, -1, -0.7853981633974483, 1.4142135623730951
1120, 3, 265, 71, 264, 72, 1, -1, -0.7853981633974483, 1.4142135623730951
1120, 4, 454, 366, 452, 367, 2, -1, -0.4636476090008061, 2.23606797749979
1120, 6, 595, 72, 594, 73, 1, -1, -0.7853981633974483, 1.4142135623730951
1120, 10, 287, 407, 286, 408, 1, -1, -0.7853981633974483, 1.4142135623730951
1120, 14, 324, 370, 323, 371, 1, -1, -0.7853981633974483, 1.4142135623730951
1120, 19, 507, 106, 505, 106, 2, 0, 0.0, 2.0
1120, 21, 628, 138, 627, 139, 1, -1, -0.7853981633974483, 1.4142135623730951
1120, 26, 501, 375, 500, 376, 1, -1, -0.7853981633974483, 1.4142135623730951
1120, 29, 613, 395, 611, 395, 2, 0, 0.0, 2.0
1120, 31, 432, 101, 431, 102, 1, -1, -0.7853981633974483, 1.4142135623730951
1120, 35, 485, 72, 484, 73, 1, -1, -0.7853981633974483, 1.4142135623730951
1120, 43, 627, 400, 626, 401, 1, -1, -0.7853981633974483, 1.4142135623730951
1120, 44, 591, 341, 589, 342, 2, -1, -0.4636476090008061, 2.23606797749979
1120, 53, 235, 295, 235, 297, 0, -2, -1.5707963267948966, 2.0
1121, 3, 266, 70, 265, 71, 1, -1, -0.7853981633974483, 1.4142135623730951
1121, 13, 555, 77, 553, 78, 2, -1, -0.4636476090008061, 2.23606797749979
1121, 21, 630, 137, 628, 138, 2, -1, -0.4636476090008061, 2.23606797749979
1121, 22, 492, 132, 490, 132, 2, 0, 0.0, 2.0
1121, 25, 395, 351, 391, 352, 4, -1, -0.24497866312686414, 4.123105625617661
1121, 26, 502, 374, 501, 375, 1, -1, -0.7853981633974483, 1.4142135623730951
1121, 29, 615, 394, 613, 395, 2, -1, -0.4636476090008061, 2.23606797749979
1121, 30, 606, 377, 604, 377, 2, 0, 0.0, 2.0
1121, 33, 563, 382, 561, 382, 2, 0, 0.0, 2.0
1121, 34, 577, 396, 576, 397, 1, -1, -0.7853981633974483, 1.4142135623730951
1121, 35, 488, 71, 485, 72, 3, -1, -0.3217505543966422, 3.1622776601683795
1121, 37, 482, 82, 480, 82, 2, 0, 0.0, 2.0
1121, 42, 272, 104, 269, 104, 3, 0, 0.0, 3.0
1121, 43, 630, 399, 627, 400, 3, -1, -0.3217505543966422, 3.1622776601683795
1121, 44, 593, 340, 591, 341, 2, -1, -0.4636476090008061, 2.23606797749979
1121, 49, 203, 327, 200, 326, 3, 1, 0.3217505543966422, 3.1622776601683795
1121, 50, 415, 80, 413, 80, 2, 0, 0.0, 2.0
1121, 51, 387, 371, 386, 372, 1, -1, -0.7853981633974483, 1.4142135623730951
1122, 4, 456, 365, 455, 366, 1, -1, -0.7853981633974483, 1.4142135623730951
1122, 7, 438, 95, 437, 96, 1, -1, -0.7853981633974483, 1.4142135623730951
1122, 21, 632, 136, 630, 137, 2, -1, -0.4636476090008061, 2.23606797749979
1122, 26, 504, 374, 502, 374, 2, 0, 0.0, 2.0
1122, 30, 608, 377, 606, 377, 2, 0, 0.0, 2.0
1122, 33, 565, 382, 563, 382, 2, 0, 0.0, 2.0
1122, 34, 579, 395, 577, 396, 2, -1, -0.4636476090008061, 2.23606797749979
1122, 35, 490, 70, 488, 71, 2, -1, -0.4636476090008061, 2.23606797749979
1122, 37, 483, 81, 482, 82, 1, -1, -0.7853981633974483, 1.4142135623730951
1122, 44, 595, 339, 593, 340, 2, -1, -0.4636476090008061, 2.23606797749979
1123, 3, 267, 68, 266, 69, 1, -1, -0.7853981633974483, 1.4142135623730951
1123, 6, 598, 71, 597, 72, 1, -1, -0.7853981633974483, 1.4142135623730951
1123, 10, 290, 406, 289, 407, 1, -1, -0.7853981633974483, 1.4142135623730951
1123, 13, 558, 77, 556, 77, 2, 0, 0.0, 2.0
1123, 17, 418, 73, 416, 73, 2, 0, 0.0, 2.0
1123, 20, 629, 74, 627, 74, 2, 0, 0.0, 2.0
1123, 21, 635, 135, 632, 136, 3, -1, -0.3217505543966422, 3.1622776601683795
1123, 26, 506, 373, 504, 374, 2, -1, -0.4636476090008061, 2.23606797749979
1123, 28, 591, 403, 590, 404, 1, -1, -0.7853981633974483, 1.4142135623730951
1123, 29, 617, 393, 616, 394, 1, -1, -0.7853981633974483, 1.4142135623730951
1123, 30, 610, 377, 608, 377, 2, 0, 0.0, 2.0
1123, 33, 567, 382, 565, 382, 2, 0, 0.0, 2.0
1123, 34, 580, 394, 579, 395, 1, -1, -0.7853981633974483, 1.4142135623730951
1123, 35, 491, 69, 490, 70, 1, -1, -0.7853981633974483, 1.4142135623730951
1123, 40, 206, 299, 205, 300, 1, -1, -0.7853981633974483, 1.4142135623730951
1123, 42, 273, 102, 272, 103, 1, -1, -0.7853981633974483, 1.4142135623730951
1123, 44, 598, 339, 595, 339, 3, 0, 0.0, 3.0
1123, 49, 417, 79, 416, 80, 1, -1, -0.7853981633974483, 1.4142135623730951
1123, 50, 389, 370, 388, 371, 1, -1, -0.7853981633974483, 1.4142135623730951
1124, 0, 320, 123, 319, 124, 1, -1, -0.7853981633974483, 1.4142135623730951
1124, 3, 268, 67, 267, 68, 1, -1, -0.7853981633974483, 1.4142135623730951
1124, 6, 600, 71, 598, 71, 2, 0, 0.0, 2.0
1124, 9, 167, 160, 166, 161, 1, -1, -0.7853981633974483, 1.4142135623730951
1124, 10, 291, 405, 290, 406, 1, -1, -0.7853981633974483, 1.4142135623730951
1124, 11, 237, 386, 236, 387, 1, -1, -0.7853981633974483, 1.4142135623730951
1124, 13, 559, 76, 558, 77, 1, -1, -0.7853981633974483, 1.4142135623730951
1124, 16, 198, 400, 197, 401, 1, -1, -0.7853981633974483, 1.4142135623730951
1124, 19, 511, 105, 510, 106, 1, -1, -0.7853981633974483, 1.4142135623730951
1124, 25, 398, 350, 397, 351, 1, -1, -0.7853981633974483, 1.4142135623730951
1124, 26, 507, 372, 506, 373, 1, -1, -0.7853981633974483, 1.4142135623730951
1124, 27, 284, 129, 283, 130, 1, -1, -0.7853981633974483, 1.4142135623730951
1124, 28, 593, 402, 591, 403, 2, -1, -0.4636476090008061, 2.23606797749979
1124, 29, 618, 392, 617, 393, 1, -1, -0.7853981633974483, 1.4142135623730951
1124, 30, 612, 377, 610, 377, 2, 0, 0.0, 2.0
1124, 33, 569, 382, 567, 382, 2, 0, 0.0, 2.0
1124, 34, 581, 393, 580, 394, 1, -1, -0.7853981633974483, 1.4142135623730951
1124, 42, 274, 101, 273, 102, 1, -1, -0.7853981633974483, 1.4142135623730951
1124, 43, 634, 399, 632, 399, 2, 0, 0.0, 2.0
1124, 44, 600, 338, 598, 339, 2, -1, -0.4636476090008061, 2.23606797749979
1124, 48, 174, 338, 173, 339, 1, -1, -0.7853981633974483, 1.4142135623730951
1124, 52, 237, 295, 236, 294, 1, 1, 0.7853981633974483, 1.4142135623730951
1124, 53, 398, 104, 397, 105, 1, -1, -0.7853981633974483, 1.4142135623730951
1125, 3, 456, 367, 455, 368, 1, -1, -0.7853981633974483, 1.4142135623730951
1125, 4, 556, 77, 555, 78, 1, -1, -0.7853981633974483, 1.4142135623730951
1125, 8, 440, 96, 439, 97, 1, -1, -0.7853981633974483, 1.4142135623730951
1125, 15, 513, 105, 511, 106, 2, -1, -0.4636476090008061, 2.23606797749979
1125, 17, 411, 128, 410, 129, 1, -1, -0.7853981633974483, 1.4142135623730951
1125, 18, 635, 137, 633, 137, 2, 0, 0.0, 2.0
1125, 22, 635, 397, 633, 397, 2, 0, 0.0, 2.0
1125, 25, 328, 370, 327, 371, 1, -1, -0.7853981633974483, 1.4142135623730951
1125, 27, 508, 405, 507, 406, 1, -1, -0.7853981633974483, 1.4142135623730951
1125, 28, 485, 349, 484, 350, 1, -1, -0.7853981633974483, 1.4142135623730951
1125, 31, 391, 371, 389, 372, 2, -1, -0.4636476090008061, 2.23606797749979
1125, 32, 361, 132, 360, 133, 1, -1, -0.7853981633974483, 1.4142135623730951
1125, 34, 582, 396, 580, 397, 2, -1, -0.4636476090008061, 2.23606797749979
1125, 37, 610, 377, 608, 377, 2, 0, 0.0, 2.0
1125, 40, 335, 351, 334, 352, 1, -1, -0.7853981633974483, 1.4142135623730951
1125, 41, 619, 392, 618, 393, 1, -1, -0.7853981633974483, 1.4142135623730951
1125, 43, 272, 99, 271, 100, 1, -1, -0.7853981633974483, 1.4142135623730951
1125, 44, 588, 79, 587, 80, 1, -1, -0.7853981633974483, 1.4142135623730951
1125, 45, 516, 81, 515, 82, 1, -1, -0.7853981633974483, 1.4142135623730951
1125, 47, 597, 340, 595, 341, 2, -1, -0.4636476090008061, 2.23606797749979
1125, 49, 619, 76, 617, 76, 2, 0, 0.0, 2.0
1125, 53, 568, 382, 566, 382, 2, 0, 0.0, 2.0
1125, 54, 276, 90, 275, 91, 1, -1, -0.7853981633974483, 1.4142135623730951
1125, 61, 201, 324, 202, 327, -1, -3, -1.892546881191539, 3.1622776601683795
1126, 6, 602, 73, 600, 73, 2, 0, 0.0, 2.0
1126, 7, 269, 69, 268, 70, 1, -1, -0.7853981633974483, 1.4142135623730951
1126, 8, 442, 96, 440, 96, 2, 0, 0.0, 2.0
1126, 15, 514, 104, 513, 105, 1, -1, -0.7853981633974483, 1.4142135623730951
1126, 17, 412, 127, 411, 128, 1, -1, -0.7853981633974483, 1.4142135623730951
1126, 19, 594, 403, 592, 404, 2, -1, -0.4636476090008061, 2.23606797749979
1126, 26, 495, 134, 493, 134, 2, 0, 0.0, 2.0
1126, 27, 509, 404, 508, 405, 1, -1, -0.7853981633974483, 1.4142135623730951
1126, 28, 486, 348, 485, 349, 1, -1, -0.7853981633974483, 1.4142135623730951
1126, 29, 630, 73, 629, 74, 1, -1, -0.7853981633974483, 1.4142135623730951
1126, 30, 293, 115, 292, 116, 1, -1, -0.7853981633974483, 1.4142135623730951
1126, 31, 392, 370, 391, 371, 1, -1, -0.7853981633974483, 1.4142135623730951
1126, 32, 362, 131, 361, 132, 1, -1, -0.7853981633974483, 1.4142135623730951
1126, 34, 583, 395, 582, 396, 1, -1, -0.7853981633974483, 1.4142135623730951
1126, 36, 311, 128, 311, 130, 0, -2, -1.5707963267948966, 2.0
1126, 37, 612, 377, 610, 377, 2, 0, 0.0, 2.0
1126, 38, 418, 74, 417, 75, 1, -1, -0.7853981633974483, 1.4142135623730951
1126, 39, 233, 117, 232, 119, 1, -2, -1.1071487177940904, 2.23606797749979
1126, 41, 620, 391, 619, 392, 1, -1, -0.7853981633974483, 1.4142135623730951
1126, 43, 273, 98, 272, 99, 1, -1, -0.7853981633974483, 1.4142135623730951
1126, 44, 590, 78, 588, 79, 2, -1, -0.4636476090008061, 2.23606797749979
1126, 47, 598, 339, 597, 340, 1, -1, -0.7853981633974483, 1.4142135623730951
1126, 48, 484, 79, 483, 80, 1, -1, -0.7853981633974483, 1.4142135623730951
1126, 49, 621, 75, 619, 76, 2, -1, -0.4636476090008061, 2.23606797749979
1126, 51, 397, 352, 396, 353, 1, -1, -0.7853981633974483, 1.4142135623730951
1126, 53, 570, 381, 568, 382, 2, -1, -0.4636476090008061, 2.23606797749979
1126, 54, 277, 89, 276, 90, 1, -1, -0.7853981633974483, 1.4142135623730951
1126, 57, 461, 80, 459, 80, 2, 0, 0.0, 2.0
1127, 0, 259, 115, 258, 116, 1, -1, -0.7853981633974483, 1.4142135623730951
1127, 2, 325, 125, 323, 125, 2, 0, 0.0, 2.0
1127, 4, 558, 76, 557, 77, 1, -1, -0.7853981633974483, 1.4142135623730951
1127, 5, 460, 69, 459, 70, 1, -1, -0.7853981633974483, 1.4142135623730951
1127, 6, 604, 73, 602, 73, 2, 0, 0.0, 2.0
1127, 8, 444, 96, 442, 96, 2, 0, 0.0, 2.0
1127, 16, 413, 126, 412, 127, 1, -1, -0.7853981633974483, 1.4142135623730951
1127, 18, 596, 403, 594, 403, 2, 0, 0.0, 2.0
1127, 19, 201, 401, 200, 402, 1, -1, -0.7853981633974483, 1.4142135623730951
1127, 27, 488, 348, 486, 348, 2, 0, 0.0, 2.0
1127, 29, 294, 114, 293, 115, 1, -1, -0.7853981633974483, 1.4142135623730951
1127, 30, 394, 369, 392, 370, 2, -1, -0.4636476090008061, 2.23606797749979
1127, 31, 363, 130, 362, 131, 1, -1, -0.7853981633974483, 1.4142135623730951
1127, 33, 585, 394, 583, 395, 2, -1, -0.4636476090008061, 2.23606797749979
1127, 35, 311, 126, 311, 128, 0, -2, -1.5707963267948966, 2.0
1127, 36, 614, 377, 612, 377, 2, 0, 0.0, 2.0
1127, 37, 419, 73, 418, 74, 1, -1, -0.7853981633974483, 1.4142135623730951
1127, 40, 622, 390, 620, 391, 2, -1, -0.4636476090008061, 2.23606797749979
1127, 43, 592, 78, 590, 78, 2, 0, 0.0, 2.0
1127, 44, 518, 80, 517, 81, 1, -1, -0.7853981633974483, 1.4142135623730951
1127, 45, 129, 368, 128, 369, 1, -1, -0.7853981633974483, 1.4142135623730951
1127, 46, 600, 338, 598, 339, 2, -1, -0.4636476090008061, 2.23606797749979
1127, 48, 624, 74, 621, 75, 3, -1, -0.3217505543966422, 3.1622776601683795
1127, 50, 398, 351, 397, 352, 1, -1, -0.7853981633974483, 1.4142135623730951
1127, 52, 572, 380, 570, 381, 2, -1, -0.4636476090008061, 2.23606797749979
1127, 58, 509, 372, 508, 373, 1, -1, -0.7853981633974483, 1.4142135623730951
1128, 3, 460, 367, 458, 367, 2, 0, 0.0, 2.0
1128, 5, 461, 68, 460, 69, 1, -1, -0.7853981633974483, 1.4142135623730951
1128, 6, 606, 73, 604, 73, 2, 0, 0.0, 2.0
1128, 23, 331, 369, 330, 370, 1, -1, -0.7853981633974483, 1.4142135623730951
1128, 24, 498, 134, 496, 134, 2, 0, 0.0, 2.0
1128, 25, 511, 403, 510, 404, 1, -1, -0.7853981633974483, 1.4142135623730951
1128, 26, 489, 347, 488, 348, 1, -1, -0.7853981633974483, 1.4142135623730951
1128, 27, 632, 72, 631, 73, 1, -1, -0.7853981633974483, 1.4142135623730951
1128, 29, 396, 368, 394, 369, 2, -1, -0.4636476090008061, 2.23606797749979
1128, 30, 364, 129, 363, 130, 1, -1, -0.7853981633974483, 1.4142135623730951
1128, 32, 587, 393, 585, 394, 2, -1, -0.4636476090008061, 2.23606797749979
1128, 35, 616, 377, 614, 377, 2, 0, 0.0, 2.0
1128, 41, 275, 97, 274, 98, 1, -1, -0.7853981633974483, 1.4142135623730951
1128, 42, 594, 77, 592, 78, 2, -1, -0.4636476090008061, 2.23606797749979
1128, 43, 519, 79, 518, 80, 1, -1, -0.7853981633974483, 1.4142135623730951
1128, 45, 602, 337, 600, 338, 2, -1, -0.4636476090008061, 2.23606797749979
1128, 46, 486, 78, 485, 79, 1, -1, -0.7853981633974483, 1.4142135623730951
1128, 48, 176, 337, 175, 338, 1, -1, -0.7853981633974483, 1.4142135623730951
1128, 49, 399, 350, 398, 351, 1, -1, -0.7853981633974483, 1.4142135623730951
1128, 51, 574, 380, 572, 380, 2, 0, 0.0, 2.0
1128, 56, 510, 371, 509, 372, 1, -1, -0.7853981633974483, 1.4142135623730951
1129, 0, 260, 113, 259, 114, 1, -1, -0.7853981633974483, 1.4142135623730951
1129, 6, 607, 72, 606, 73, 1, -1, -0.7853981633974483, 1.4142135623730951
1129, 7, 272, 68, 271, 69, 1, -1, -0.7853981633974483, 1.4142135623730951
1129, 8, 447, 96, 445, 96, 2, 0, 0.0, 2.0
1129, 9, 170, 159, 169, 161, 1, -2, -1.1071487177940904, 2.23606797749979
1129, 10, 293, 405, 292, 406, 1, -1, -0.7853981633974483, 1.4142135623730951
1129, 14, 231, 170, 230, 174, 1, -4, -1.3258176636680326, 4.123105625617661
1129, 16, 635, 140, 634, 139, 1, 1, 0.7853981633974483, 1.4142135623730951
1129, 17, 599, 403, 597, 403, 2, 0, 0.0, 2.0
1129, 21, 495, 70, 494, 71, 1, -1, -0.7853981633974483, 1.4142135623730951
1129, 22, 265, 363, 264, 364, 1, -1, -0.7853981633974483, 1.4142135623730951
1129, 23, 333, 369, 331, 369, 2, 0, 0.0, 2.0
1129, 25, 513, 403, 511, 403, 2, 0, 0.0, 2.0
1129, 26, 491, 346, 489, 347, 2, -1, -0.4636476090008061, 2.23606797749979
1129, 29, 399, 368, 396, 368, 3, 0, 0.0, 3.0
1129, 30, 365, 128, 364, 129, 1, -1, -0.7853981633974483, 1.4142135623730951
1129, 32, 589, 392, 587, 393, 2, -1, -0.4636476090008061, 2.23606797749979
1129, 33, 259, 341, 258, 342, 1, -1, -0.7853981633974483, 1.4142135623730951
1129, 34, 314, 125, 312, 126, 2, -1, -0.4636476090008061, 2.23606797749979
1129, 35, 617, 376, 616, 377, 1, -1, -0.7853981633974483, 1.4142135623730951
1129, 36, 421, 72, 420, 73, 1, -1, -0.7853981633974483, 1.4142135623730951
1129, 38, 338, 349, 337, 350, 1, -1, -0.7853981633974483, 1.4142135623730951
1129, 39, 625, 389, 623, 390, 2, -1, -0.4636476090008061, 2.23606797749979
1129, 40, 530, 76, 528, 76, 2, 0, 0.0, 2.0
1129, 42, 596, 76, 594, 77, 2, -1, -0.4636476090008061, 2.23606797749979
1129, 43, 520, 78, 519, 79, 1, -1, -0.7853981633974483, 1.4142135623730951
1129, 44, 130, 366, 129, 367, 1, -1, -0.7853981633974483, 1.4142135623730951
1129, 46, 487, 77, 486, 78, 1, -1, -0.7853981633974483, 1.4142135623730951
1129, 51, 575, 379, 574, 380, 1, -1, -0.7853981633974483, 1.4142135623730951
1129, 55, 465, 79, 463, 80, 2, -1, -0.4636476090008061, 2.23606797749979
1129, 56, 512, 370, 510, 371, 2, -1, -0.4636476090008061, 2.23606797749979
1130, 0, 259, 116, 258, 117, 1, -1, -0.7853981633974483, 1.4142135623730951
1130, 3, 462, 367, 460, 368, 2, -1, -0.4636476090008061, 2.23606797749979
1130, 8, 230, 398, 229, 399, 1, -1, -0.7853981633974483, 1.4142135623730951
1130, 9, 446, 97, 444, 97, 2, 0, 0.0, 2.0
1130, 10, 293, 407, 292, 408, 1, -1, -0.7853981633974483, 1.4142135623730951
1130, 13, 290, 114, 290, 116, 0, -2, -1.5707963267948966, 2.0
1130, 17, 501, 134, 499, 134, 2, 0, 0.0, 2.0
1130, 23, 599, 404, 597, 404, 2, 0, 0.0, 2.0
1130, 24, 615, 376, 614, 377, 1, -1, -0.7853981633974483, 1.4142135623730951
1130, 26, 423, 73, 422, 74, 1, -1, -0.7853981633974483, 1.4142135623730951
1130, 27, 517, 106, 515, 106, 2, 0, 0.0, 2.0
1130, 28, 603, 341, 601, 341, 2, 0, 0.0, 2.0
1130, 29, 491, 349, 490, 350, 1, -1, -0.7853981633974483, 1.4142135623730951
1130, 31, 510, 371, 509, 373, 1, -2, -1.1071487177940904, 2.23606797749979
1130, 37, 573, 382, 572, 383, 1, -1, -0.7853981633974483, 1.4142135623730951
1130, 39, 595, 83, 594, 84, 1, -1, -0.7853981633974483, 1.4142135623730951
1130, 40, 179, 167, 177, 168, 2, -1, -0.4636476090008061, 2.23606797749979
1131, 3, 464, 366, 462, 367, 2, -1, -0.4636476090008061, 2.23606797749979
1131, 9, 448, 97, 446, 97, 2, 0, 0.0, 2.0
1131, 11, 270, 97, 269, 98, 1, -1, -0.7853981633974483, 1.4142135623730951
1131, 16, 496, 70, 495, 71, 1, -1, -0.7853981633974483, 1.4142135623730951
1131, 17, 503, 134, 501, 134, 2, 0, 0.0, 2.0
1131, 24, 616, 375, 615, 376, 1, -1, -0.7853981633974483, 1.4142135623730951
1131, 26, 519, 105, 517, 106, 2, -1, -0.4636476090008061, 2.23606797749979
1131, 27, 605, 340, 603, 341, 2, -1, -0.4636476090008061, 2.23606797749979
1131, 28, 492, 348, 491, 349, 1, -1, -0.7853981633974483, 1.4142135623730951
1131, 30, 511, 370, 510, 371, 1, -1, -0.7853981633974483, 1.4142135623730951
1131, 35, 237, 173, 237, 175, 0, -2, -1.5707963267948966, 2.0
1131, 36, 574, 381, 573, 382, 1, -1, -0.7853981633974483, 1.4142135623730951
1131, 37, 635, 73, 634, 74, 1, -1, -0.7853981633974483, 1.4142135623730951
1131, 38, 596, 82, 595, 83, 1, -1, -0.7853981633974483, 1.4142135623730951
1131, 39, 181, 166, 179, 167, 2, -1, -0.4636476090008061, 2.23606797749979
1132, 0, 260, 114, 259, 115, 1, -1, -0.7853981633974483, 1.4142135623730951
1132, 1, 326, 123, 325, 124, 1, -1, -0.7853981633974483, 1.4142135623730951
1132, 3, 466, 366, 464, 366, 2, 0, 0.0, 2.0
1132, 4, 465, 70, 463, 70, 2, 0, 0.0, 2.0
1132, 5, 608, 72, 606, 73, 2, -1, -0.4636476090008061, 2.23606797749979
1132, 9, 450, 97, 448, 97, 2, 0, 0.0, 2.0
1132, 11, 271, 96, 270, 97, 1, -1, -0.7853981633974483, 1.4142135623730951
1132, 12, 272, 69, 271, 70, 1, -1, -0.7853981633974483, 1.4142135623730951
1132, 13, 292, 112, 290, 113, 2, -1, -0.4636476090008061, 2.23606797749979
1132, 16, 497, 69, 496, 70, 1, -1, -0.7853981633974483, 1.4142135623730951
1132, 17, 505, 134, 503, 134, 2, 0, 0.0, 2.0
1132, 23, 602, 404, 600, 404, 2, 0, 0.0, 2.0
1132, 24, 617, 374, 616, 375, 1, -1, -0.7853981633974483, 1.4142135623730951
1132, 25, 425, 72, 424, 73, 1, -1, -0.7853981633974483, 1.4142135623730951
1132, 26, 521, 104, 519, 105, 2, -1, -0.4636476090008061, 2.23606797749979
1132, 27, 607, 340, 605, 340, 2, 0, 0.0, 2.0
1132, 28, 494, 347, 492, 348, 2, -1, -0.4636476090008061, 2.23606797749979
1132, 30, 512, 369, 511, 370, 1, -1, -0.7853981633974483, 1.4142135623730951
1132, 32, 516, 406, 514, 406, 2, 0, 0.0, 2.0
1132, 35, 238, 172, 237, 173, 1, -1, -0.7853981633974483, 1.4142135623730951
1132, 36, 575, 380, 574, 381, 1, -1, -0.7853981633974483, 1.4142135623730951
1132, 38, 597, 81, 596, 82, 1, -1, -0.7853981633974483, 1.4142135623730951
1132, 39, 182, 165, 181, 166, 1, -1, -0.7853981633974483, 1.4142135623730951
1133, 0, 261, 113, 260, 114, 1, -1, -0.7853981633974483, 1.4142135623730951
1133, 1, 328, 123, 326, 123, 2, 0, 0.0, 2.0
1133, 3, 468, 365, 466, 366, 2, -1, -0.4636476090008061, 2.23606797749979
1133, 4, 467, 70, 465, 70, 2, 0, 0.0, 2.0
1133, 9, 452, 97, 450, 97, 2, 0, 0.0, 2.0
1133, 11, 273, 95, 271, 96, 2, -1, -0.4636476090008061, 2.23606797749979
1133, 16, 498, 68, 497, 69, 1, -1, -0.7853981633974483, 1.4142135623730951
1133, 17, 507, 134, 505, 134, 2, 0, 0.0, 2.0
1133, 23, 604, 404, 602, 404, 2, 0, 0.0, 2.0
1133, 27, 609, 340, 607, 340, 2, 0, 0.0, 2.0
1133, 28, 495, 346, 494, 347, 1, -1, -0.7853981633974483, 1.4142135623730951
1133, 30, 511, 367, 512, 369, -1, -2, -2.0344439357957027, 2.23606797749979
1133, 32, 518, 406, 516, 406, 2, 0, 0.0, 2.0
1133, 36, 576, 379, 575, 380, 1, -1, -0.7853981633974483, 1.4142135623730951
1133, 38, 598, 80, 597, 81, 1, -1, -0.7853981633974483, 1.4142135623730951
1134, 3, 470, 364, 468, 365, 2, -1, -0.4636476090008061, 2.23606797749979
1134, 4, 469, 70, 467, 70, 2, 0, 0.0, 2.0
1134, 5, 611, 72, 609, 72, 2, 0, 0.0, 2.0
1134, 10, 297, 406, 296, 407, 1, -1, -0.7853981633974483, 1.4142135623730951
1134, 17, 509, 134, 507, 134, 2, 0, 0.0, 2.0
1134, 21, 606, 403, 604, 404, 2, -1, -0.4636476090008061, 2.23606797749979
1134, 22, 619, 373, 618, 374, 1, -1, -0.7853981633974483, 1.4142135623730951
1134, 24, 524, 103, 522, 104, 2, -1, -0.4636476090008061, 2.23606797749979
1134, 25, 611, 339, 609, 340, 2, -1, -0.4636476090008061, 2.23606797749979
1134, 26, 496, 345, 495, 346, 1, -1, -0.7853981633974483, 1.4142135623730951
1134, 28, 513, 366, 511, 367, 2, -1, -0.4636476090008061, 2.23606797749979
1134, 29, 165, 363, 164, 364, 1, -1, -0.7853981633974483, 1.4142135623730951
1134, 34, 577, 378, 576, 379, 1, -1, -0.7853981633974483, 1.4142135623730951
1134, 36, 600, 80, 598, 80, 2, 0, 0.0, 2.0
1134, 37, 183, 163, 182, 164, 1, -1, -0.7853981633974483, 1.4142135623730951
1135, 0, 265, 116, 263, 117, 2, -1, -0.4636476090008061, 2.23606797749979
1135, 1, 330, 124, 328, 125, 2, -1, -0.4636476090008061, 2.23606797749979
1135, 7, 467, 367, 466, 368, 1, -1, -0.7853981633974483, 1.4142135623730951
1135, 10, 604, 403, 602, 404, 2, -1, -0.4636476090008061, 2.23606797749979
1135, 11, 499, 70, 498, 71, 1, -1, -0.7853981633974483, 1.4142135623730951
1135, 12, 396, 373, 395, 374, 1, -1, -0.7853981633974483, 1.4142135623730951
1135, 14, 332, 371, 331, 372, 1, -1, -0.7853981633974483, 1.4142135623730951
1135, 16, 495, 348, 494, 349, 1, -1, -0.7853981633974483, 1.4142135623730951
1135, 18, 566, 78, 564, 78, 2, 0, 0.0, 2.0
1135, 20, 461, 359, 460, 360, 1, -1, -0.7853981633974483, 1.4142135623730951
1135, 23, 262, 347, 261, 348, 1, -1, -0.7853981633974483, 1.4142135623730951
1135, 27, 518, 406, 516, 406, 2, 0, 0.0, 2.0
1135, 28, 420, 128, 418, 128, 2, 0, 0.0, 2.0
1135, 29, 405, 352, 404, 353, 1, -1, -0.7853981633974483, 1.4142135623730951
1135, 30, 534, 74, 533, 75, 1, -1, -0.7853981633974483, 1.4142135623730951
1135, 31, 608, 340, 606, 341, 2, -1, -0.4636476090008061, 2.23606797749979
1135, 33, 520, 81, 519, 82, 1, -1, -0.7853981633974483, 1.4142135623730951
1135, 34, 620, 376, 618, 377, 2, -1, -0.4636476090008061, 2.23606797749979
1136, 5, 301, 407, 297, 409, 4, -2, -0.4636476090008061, 4.47213595499958
1136, 6, 278, 69, 275, 70, 3, -1, -0.3217505543966422, 3.1622776601683795
1136, 7, 468, 366, 467, 367, 1, -1, -0.7853981633974483, 1.4142135623730951
1136, 10, 605, 402, 604, 403, 1, -1, -0.7853981633974483, 1.4142135623730951
1136, 16, 498, 347, 495, 348, 3, -1, -0.3217505543966422, 3.1622776601683795
1136, 18, 568, 78, 566, 78, 2, 0, 0.0, 2.0
1136, 19, 429, 74, 427, 74, 2, 0, 0.0, 2.0
1136, 20, 462, 358, 461, 359, 1, -1, -0.7853981633974483, 1.4142135623730951
1136, 21, 238, 120, 235, 120, 3, 0, 0.0, 3.0
1136, 22, 180, 134, 178, 136, 2, -2, -0.7853981633974483, 2.8284271247461903
1136, 26, 506, 135, 504, 135, 2, 0, 0.0, 2.0
1136, 27, 522, 405, 518, 406, 4, -1, -0.24497866312686414, 4.123105625617661
1136, 28, 422, 128, 420, 128, 2, 0, 0.0, 2.0
1136, 29, 406, 351, 405, 352, 1, -1, -0.7853981633974483, 1.4142135623730951
1136, 31, 610, 339, 608, 340, 2, -1, -0.4636476090008061, 2.23606797749979
1136, 32, 522, 105, 520, 106, 2, -1, -0.4636476090008061, 2.23606797749979
1136, 34, 622, 374, 620, 376, 2, -2, -0.7853981633974483, 2.8284271247461903
1137, 1, 331, 123, 330, 124, 1, -1, -0.7853981633974483, 1.4142135623730951
1137, 6, 279, 68, 278, 69, 1, -1, -0.7853981633974483, 1.4142135623730951
1137, 12, 398, 372, 397, 373, 1, -1, -0.7853981633974483, 1.4142135623730951
1137, 16, 500, 346, 498, 347, 2, -1, -0.4636476090008061, 2.23606797749979
1137, 18, 572, 77, 568, 78, 4, -1, -0.24497866312686414, 4.123105625617661
1137, 23, 264, 346, 263, 347, 1, -1, -0.7853981633974483, 1.4142135623730951
1137, 24, 632, 393, 631, 394, 1, -1, -0.7853981633974483, 1.4142135623730951
1137, 25, 340, 367, 338, 367, 2, 0, 0.0, 2.0
1137, 29, 408, 350, 406, 351, 2, -1, -0.4636476090008061, 2.23606797749979
1137, 31, 611, 338, 610, 339, 1, -1, -0.7853981633974483, 1.4142135623730951
1137, 32, 524, 104, 522, 105, 2, -1, -0.4636476090008061, 2.23606797749979
1137, 33, 523, 82, 521, 81, 2, 1, 0.4636476090008061, 2.23606797749979
1137, 34, 624, 373, 622, 374, 2, -1, -0.4636476090008061, 2.23606797749979
1138, 1, 332, 122, 331, 123, 1, -1, -0.7853981633974483, 1.4142135623730951
1138, 3, 469, 71, 468, 72, 1, -1, -0.7853981633974483, 1.4142135623730951
1138, 7, 470, 364, 468, 365, 2, -1, -0.4636476090008061, 2.23606797749979
1138, 8, 613, 73, 611, 74, 2, -1, -0.4636476090008061, 2.23606797749979
1138, 9, 607, 401, 606, 402, 1, -1, -0.7853981633974483, 1.4142135623730951
1138, 15, 501, 344, 500, 346, 1, -2, -1.1071487177940904, 2.23606797749979
1138, 17, 573, 76, 572, 77, 1, -1, -0.7853981633974483, 1.4142135623730951
1138, 22, 265, 345, 264, 346, 1, -1, -0.7853981633974483, 1.4142135623730951
1138, 25, 508, 134, 507, 135, 1, -1, -0.7853981633974483, 1.4142135623730951
1138, 26, 525, 405, 523, 405, 2, 0, 0.0, 2.0
1138, 28, 409, 349, 408, 350, 1, -1, -0.7853981633974483, 1.4142135623730951
1138, 30, 614, 337, 611, 338, 3, -1, -0.3217505543966422, 3.1622776601683795
1138, 31, 526, 104, 524, 104, 2, 0, 0.0, 2.0
1138, 32, 525, 83, 523, 82, 2, 1, 0.4636476090008061, 2.23606797749979
1138, 33, 627, 371, 624, 373, 3, -2, -0.5880026035475675, 3.605551275463989
1139, 8, 615, 73, 613, 73, 2, 0, 0.0, 2.0
1139, 9, 608, 400, 607, 401, 1, -1, -0.7853981633974483, 1.4142135623730951
1139, 13, 335, 370, 334, 371, 1, -1, -0.7853981633974483, 1.4142135623730951
1139, 15, 502, 343, 501, 344, 1, -1, -0.7853981633974483, 1.4142135623730951
1139, 23, 634, 392, 633, 393, 1, -1, -0.7853981633974483, 1.4142135623730951
1139, 26, 527, 405, 525, 405, 2, 0, 0.0, 2.0
1139, 27, 424, 127, 423, 128, 1, -1, -0.7853981633974483, 1.4142135623730951
1139, 28, 410, 348, 409, 349, 1, -1, -0.7853981633974483, 1.4142135623730951
1139, 30, 617, 336, 614, 337, 3, -1, -0.3217505543966422, 3.1622776601683795
1139, 31, 528, 104, 526, 104, 2, 0, 0.0, 2.0
1139, 33, 628, 370, 627, 371, 1, -1, -0.7853981633974483, 1.4142135623730951
1140, 0, 265, 115, 264, 116, 1, -1, -0.7853981633974483, 1.4142135623730951
1140, 2, 334, 125, 333, 126, 1, -1, -0.7853981633974483, 1.4142135623730951
1140, 3, 455, 96, 454, 97, 1, -1, -0.7853981633974483, 1.4142135623730951
1140, 4, 472, 366, 471, 367, 1, -1, -0.7853981633974483, 1.4142135623730951
1140, 5, 573, 77, 571, 78, 2, -1, -0.4636476090008061, 2.23606797749979
1140, 7, 471, 72, 470, 73, 1, -1, -0.7853981633974483, 1.4142135623730951
1140, 10, 614, 74, 613, 75, 1, -1, -0.7853981633974483, 1.4142135623730951
1140, 13, 290, 95, 289, 96, 1, -1, -0.7853981633974483, 1.4142135623730951
1140, 14, 466, 361, 465, 362, 1, -1, -0.7853981633974483, 1.4142135623730951
1140, 16, 501, 346, 500, 347, 1, -1, -0.7853981633974483, 1.4142135623730951
1140, 17, 401, 374, 400, 375, 1, -1, -0.7853981633974483, 1.4142135623730951
1140, 20, 511, 135, 509, 136, 2, -1, -0.4636476090008061, 2.23606797749979
1140, 21, 626, 374, 624, 375, 2, -1, -0.4636476090008061, 2.23606797749979
1140, 23, 336, 372, 335, 373, 1, -1, -0.7853981633974483, 1.4142135623730951
1140, 24, 608, 403, 607, 404, 1, -1, -0.7853981633974483, 1.4142135623730951
1140, 26, 583, 380, 581, 381, 2, -1, -0.4636476090008061, 2.23606797749979
1140, 28, 304, 113, 303, 114, 1, -1, -0.7853981633974483, 1.4142135623730951
1140, 31, 178, 127, 175, 128, 3, -1, -0.3217505543966422, 3.1622776601683795
1140, 34, 523, 405, 522, 406, 1, -1, -0.7853981633974483, 1.4142135623730951
1140, 37, 410, 351, 409, 352, 1, -1, -0.7853981633974483, 1.4142135623730951
1140, 39, 613, 339, 612, 340, 1, -1, -0.7853981633974483, 1.4142135623730951
1140, 40, 528, 106, 526, 106, 2, 0, 0.0, 2.0
1141, 2, 335, 124, 334, 125, 1, -1, -0.7853981633974483, 1.4142135623730951
1141, 3, 457, 96, 455, 96, 2, 0, 0.0, 2.0
1141, 4, 474, 365, 472, 366, 2, -1, -0.4636476090008061, 2.23606797749979
1141, 7, 473, 71, 471, 72, 2, -1, -0.4636476090008061, 2.23606797749979
1141, 10, 616, 73, 614, 74, 2, -1, -0.4636476090008061, 2.23606797749979
1141, 11, 302, 408, 301, 409, 1, -1, -0.7853981633974483, 1.4142135623730951
1141, 13, 291, 94, 290, 95, 1, -1, -0.7853981633974483, 1.4142135623730951
1141, 17, 402, 373, 401, 374, 1, -1, -0.7853981633974483, 1.4142135623730951
1141, 18, 431, 74, 430, 75, 1, -1, -0.7853981633974483, 1.4142135623730951
1141, 20, 513, 135, 511, 135, 2, 0, 0.0, 2.0
1141, 21, 628, 373, 626, 374, 2, -1, -0.4636476090008061, 2.23606797749979
1141, 23, 337, 371, 336, 372, 1, -1, -0.7853981633974483, 1.4142135623730951
1141, 24, 609, 402, 608, 403, 1, -1, -0.7853981633974483, 1.4142135623730951
1141, 26, 585, 379, 583, 380, 2, -1, -0.4636476090008061, 2.23606797749979
1141, 30, 375, 131, 374, 132, 1, -1, -0.7853981633974483, 1.4142135623730951
1141, 37, 412, 351, 410, 351, 2, 0, 0.0, 2.0
1141, 39, 615, 338, 613, 339, 2, -1, -0.4636476090008061, 2.23606797749979
1142, 0, 267, 114, 266, 115, 1, -1, -0.7853981633974483, 1.4142135623730951
1142, 2, 336, 123, 335, 124, 1, -1, -0.7853981633974483, 1.4142135623730951
1142, 3, 459, 96, 457, 96, 2, 0, 0.0, 2.0
1142, 4, 476, 364, 474, 365, 2, -1, -0.4636476090008061, 2.23606797749979
1142, 7, 475, 70, 473, 71, 2, -1, -0.4636476090008061, 2.23606797749979
1142, 10, 618, 72, 616, 73, 2, -1, -0.4636476090008061, 2.23606797749979
1142, 11, 303, 407, 302, 408, 1, -1, -0.7853981633974483, 1.4142135623730951
1142, 14, 469, 360, 467, 361, 2, -1, -0.4636476090008061, 2.23606797749979
1142, 16, 504, 346, 502, 346, 2, 0, 0.0, 2.0
1142, 17, 403, 372, 402, 373, 1, -1, -0.7853981633974483, 1.4142135623730951
1142, 18, 432, 73, 431, 74, 1, -1, -0.7853981633974483, 1.4142135623730951
1142, 20, 515, 135, 513, 135, 2, 0, 0.0, 2.0
1142, 21, 630, 372, 628, 373, 2, -1, -0.4636476090008061, 2.23606797749979
1142, 23, 338, 370, 337, 371, 1, -1, -0.7853981633974483, 1.4142135623730951
1142, 24, 611, 402, 609, 402, 2, 0, 0.0, 2.0
1142, 26, 587, 378, 585, 379, 2, -1, -0.4636476090008061, 2.23606797749979
1142, 28, 306, 112, 305, 113, 1, -1, -0.7853981633974483, 1.4142135623730951
1142, 31, 180, 126, 179, 127, 1, -1, -0.7853981633974483, 1.4142135623730951
1142, 34, 525, 404, 524, 405, 1, -1, -0.7853981633974483, 1.4142135623730951
1142, 38, 300, 131, 299, 132, 1, -1, -0.7853981633974483, 1.4142135623730951
1142, 39, 617, 337, 615, 338, 2, -1, -0.4636476090008061, 2.23606797749979
1143, 2, 338, 122, 336, 123, 2, -1, -0.4636476090008061, 2.23606797749979
1143, 3, 461, 95, 459, 96, 2, -1, -0.4636476090008061, 2.23606797749979
1143, 4, 478, 363, 476, 364, 2, -1, -0.4636476090008061, 2.23606797749979
1143, 6, 280, 69, 279, 70, 1, -1, -0.7853981633974483, 1.4142135623730951
1143, 7, 477, 69, 475, 70, 2, -1, -0.4636476090008061, 2.23606797749979
1143, 8, 177, 159, 176, 160, 1, -1, -0.7853981633974483, 1.4142135623730951
1143, 10, 620, 71, 618, 72, 2, -1, -0.4636476090008061, 2.23606797749979
1143, 11, 304, 406, 303, 407, 1, -1, -0.7853981633974483, 1.4142135623730951
1143, 14, 470, 359, 469, 360, 1, -1, -0.7853981633974483, 1.4142135623730951
1143, 16, 506, 346, 504, 346, 2, 0, 0.0, 2.0
1143, 17, 404, 371, 403, 372, 1, -1, -0.7853981633974483, 1.4142135623730951
1143, 20, 517, 135, 515, 135, 2, 0, 0.0, 2.0
1143, 21, 631, 371, 630, 372, 1, -1, -0.7853981633974483, 1.4142135623730951
1143, 23, 340, 369, 338, 370, 2, -1, -0.4636476090008061, 2.23606797749979
1143, 24, 613, 401, 611, 402, 2, -1, -0.4636476090008061, 2.23606797749979
1143, 26, 588, 377, 587, 378, 1, -1, -0.7853981633974483, 1.4142135623730951
1143, 27, 242, 389, 241, 390, 1, -1, -0.7853981633974483, 1.4142135623730951
1143, 28, 307, 111, 306, 112, 1, -1, -0.7853981633974483, 1.4142135623730951
1143, 30, 377, 130, 376, 131, 1, -1, -0.7853981633974483, 1.4142135623730951
1143, 34, 526, 403, 525, 404, 1, -1, -0.7853981633974483, 1.4142135623730951
1143, 36, 350, 352, 349, 353, 1, -1, -0.7853981633974483, 1.4142135623730951
1143, 38, 301, 130, 300, 131, 1, -1, -0.7853981633974483, 1.4142135623730951
1143, 39, 618, 336, 617, 337, 1, -1, -0.7853981633974483, 1.4142135623730951
1143, 40, 532, 106, 530, 106, 2, 0, 0.0, 2.0
1144, 0, 269, 113, 268, 114, 1, -1, -0.7853981633974483, 1.4142135623730951
1144, 2, 339, 121, 338, 122, 1, -1, -0.7853981633974483, 1.4142135623730951
1144, 3, 463, 94, 461, 95, 2, -1, -0.4636476090008061, 2.23606797749979
1144, 4, 480, 362, 478, 363, 2, -1, -0.4636476090008061, 2.23606797749979
1144, 6, 281, 68, 280, 69, 1, -1, -0.7853981633974483, 1.4142135623730951
1144, 7, 478, 67, 477, 69, 1, -2, -1.1071487177940904, 2.23606797749979
1144, 10, 622, 70, 620, 71, 2, -1, -0.4636476090008061, 2.23606797749979
1144, 11, 305, 405, 304, 406, 1, -1, -0.7853981633974483, 1.4142135623730951
1144, 14, 471, 358, 470, 359, 1, -1, -0.7853981633974483, 1.4142135623730951
1144, 16, 507, 345, 506, 346, 1, -1, -0.7853981633974483, 1.4142135623730951
1144, 17, 406, 370, 404, 371, 2, -1, -0.4636476090008061, 2.23606797749979
1144, 20, 519, 135, 517, 135, 2, 0, 0.0, 2.0
1144, 23, 342, 369, 340, 369, 2, 0, 0.0, 2.0
1144, 24, 615, 400, 613, 401, 2, -1, -0.4636476090008061, 2.23606797749979
1144, 27, 244, 389, 242, 389, 2, 0, 0.0, 2.0
1144, 28, 308, 110, 307, 111, 1, -1, -0.7853981633974483, 1.4142135623730951
1144, 30, 378, 129, 377, 130, 1, -1, -0.7853981633974483, 1.4142135623730951
1144, 31, 179, 124, 180, 126, -1, -2, -2.0344439357957027, 2.23606797749979
1144, 33, 543, 75, 542, 76, 1, -1, -0.7853981633974483, 1.4142135623730951
1144, 34, 527, 402, 526, 403, 1, -1, -0.7853981633974483, 1.4142135623730951
1144, 37, 415, 350, 414, 351, 1, -1, -0.7853981633974483, 1.4142135623730951
1144, 38, 302, 129, 301, 130, 1, -1, -0.7853981633974483, 1.4142135623730951
1144, 39, 620, 335, 618, 336, 2, -1, -0.4636476090008061, 2.23606797749979
1145, 0, 270, 114, 269, 115, 1, -1, -0.7853981633974483, 1.4142135623730951
1145, 2, 338, 124, 337, 125, 1, -1, -0.7853981633974483, 1.4142135623730951
1145, 3, 478, 366, 476, 367, 2, -1, -0.4636476090008061, 2.23606797749979
1145, 5, 478, 70, 476, 71, 2, -1, -0.4636476090008061, 2.23606797749979
1145, 6, 576, 78, 575, 79, 1, -1, -0.7853981633974483, 1.4142135623730951
1145, 7, 620, 73, 618, 74, 2, -1, -0.4636476090008061, 2.23606797749979
1145, 8, 461, 96, 459, 97, 2, -1, -0.4636476090008061, 2.23606797749979
1145, 9, 507, 346, 505, 347, 2, -1, -0.4636476090008061, 2.23606797749979
1145, 12, 178, 160, 177, 161, 1, -1, -0.7853981633974483, 1.4142135623730951
1145, 16, 588, 379, 587, 380, 1, -1, -0.7853981633974483, 1.4142135623730951
1145, 17, 614, 403, 612, 404, 2, -1, -0.4636476090008061, 2.23606797749979
1145, 18, 244, 390, 243, 391, 1, -1, -0.7853981633974483, 1.4142135623730951
1145, 19, 439, 125, 438, 126, 1, -1, -0.7853981633974483, 1.4142135623730951
1145, 21, 342, 368, 340, 369, 2, -1, -0.4636476090008061, 2.23606797749979
1145, 22, 274, 121, 273, 122, 1, -1, -0.7853981633974483, 1.4142135623730951
1145, 26, 434, 74, 433, 75, 1, -1, -0.7853981633974483, 1.4142135623730951
1145, 32, 619, 338, 617, 339, 2, -1, -0.4636476090008061, 2.23606797749979
1145, 33, 342, 376, 341, 377, 1, -1, -0.7853981633974483, 1.4142135623730951
1145, 34, 611, 84, 609, 85, 2, -1, -0.4636476090008061, 2.23606797749979
1145, 36, 352, 353, 350, 353, 2, 0, 0.0, 2.0
1145, 37, 516, 137, 513, 137, 3, 0, 0.0, 3.0
1145, 40, 511, 74, 510, 75, 1, -1, -0.7853981633974483, 1.4142135623730951
1145, 41, 527, 405, 526, 406, 1, -1, -0.7853981633974483, 1.4142135623730951
1145, 42, 416, 350, 414, 351, 2, -1, -0.4636476090008061, 2.23606797749979
1145, 45, 422, 109, 420, 110, 2, -1, -0.4636476090008061, 2.23606797749979
1145, 46, 405, 373, 404, 374, 1, -1, -0.7853981633974483, 1.4142135623730951
1145, 47, 477, 82, 476, 83, 1, -1, -0.7853981633974483, 1.4142135623730951
1145, 48, 420, 404, 419, 405, 1, -1, -0.7853981633974483, 1.4142135623730951
1145, 50, 632, 345, 629, 345, 3, 0, 0.0, 3.0
1146, 0, 271, 113, 270, 114, 1, -1, -0.7853981633974483, 1.4142135623730951
1146, 2, 339, 123, 338, 124, 1, -1, -0.7853981633974483, 1.4142135623730951
1146, 3, 480, 365, 478, 366, 2, -1, -0.4636476090008061, 2.23606797749979
1146, 5, 479, 69, 478, 70, 1, -1, -0.7853981633974483, 1.4142135623730951
1146, 7, 622, 72, 620, 73, 2, -1, -0.4636476090008061, 2.23606797749979
1146, 8, 463, 95, 461, 96, 2, -1, -0.4636476090008061, 2.23606797749979
1146, 9, 508, 345, 507, 346, 1, -1, -0.7853981633974483, 1.4142135623730951
1146, 14, 305, 406, 304, 407, 1, -1, -0.7853981633974483, 1.4142135623730951
1146, 17, 616, 402, 614, 403, 2, -1, -0.4636476090008061, 2.23606797749979
1146, 19, 440, 124, 439, 125, 1, -1, -0.7853981633974483, 1.4142135623730951
1146, 21, 343, 367, 342, 368, 1, -1, -0.7853981633974483, 1.4142135623730951
1146, 25, 535, 106, 533, 106, 2, 0, 0.0, 2.0
1146, 26, 435, 73, 434, 74, 1, -1, -0.7853981633974483, 1.4142135623730951
1146, 32, 621, 337, 619, 338, 2, -1, -0.4636476090008061, 2.23606797749979
1146, 33, 343, 375, 342, 376, 1, -1, -0.7853981633974483, 1.4142135623730951
1146, 34, 613, 84, 611, 84, 2, 0, 0.0, 2.0
1146, 37, 518, 137, 516, 137, 2, 0, 0.0, 2.0
1146, 40, 512, 73, 511, 74, 1, -1, -0.7853981633974483, 1.4142135623730951
1146, 41, 528, 404, 527, 405, 1, -1, -0.7853981633974483, 1.4142135623730951
1146, 45, 423, 108, 422, 109, 1, -1, -0.7853981633974483, 1.4142135623730951
1146, 47, 478, 81, 477, 82, 1, -1, -0.7853981633974483, 1.4142135623730951
1146, 48, 422, 404, 420, 404, 2, 0, 0.0, 2.0
1147, 2, 340, 122, 339, 123, 1, -1, -0.7853981633974483, 1.4142135623730951
1147, 3, 481, 364, 480, 365, 1, -1, -0.7853981633974483, 1.4142135623730951
1147, 5, 480, 68, 479, 69, 1, -1, -0.7853981633974483, 1.4142135623730951
1147, 6, 579, 78, 577, 78, 2, 0, 0.0, 2.0
1147, 7, 624, 71, 622, 72, 2, -1, -0.4636476090008061, 2.23606797749979
1147, 8, 465, 94, 463, 95, 2, -1, -0.4636476090008061, 2.23606797749979
1147, 9, 510, 344, 508, 345, 2, -1, -0.4636476090008061, 2.23606797749979
1147, 14, 306, 405, 305, 406, 1, -1, -0.7853981633974483, 1.4142135623730951
1147, 15, 311, 111, 310, 112, 1, -1, -0.7853981633974483, 1.4142135623730951
1147, 16, 590, 378, 589, 379, 1, -1, -0.7853981633974483, 1.4142135623730951
1147, 17, 618, 401, 616, 402, 2, -1, -0.4636476090008061, 2.23606797749979
1147, 19, 441, 123, 440, 124, 1, -1, -0.7853981633974483, 1.4142135623730951
1147, 22, 275, 119, 274, 120, 1, -1, -0.7853981633974483, 1.4142135623730951
1147, 24, 240, 119, 239, 120, 1, -1, -0.7853981633974483, 1.4142135623730951
1147, 25, 537, 106, 535, 106, 2, 0, 0.0, 2.0
1147, 26, 436, 72, 435, 73, 1, -1, -0.7853981633974483, 1.4142135623730951
1147, 31, 623, 337, 621, 337, 2, 0, 0.0, 2.0
1147, 32, 344, 374, 343, 375, 1, -1, -0.7853981633974483, 1.4142135623730951
1147, 33, 615, 84, 613, 84, 2, 0, 0.0, 2.0
1147, 36, 520, 137, 518, 137, 2, 0, 0.0, 2.0
1147, 39, 514, 72, 512, 73, 2, -1, -0.4636476090008061, 2.23606797749979
1147, 40, 529, 403, 528, 404, 1, -1, -0.7853981633974483, 1.4142135623730951
1147, 42, 304, 127, 303, 128, 1, -1, -0.7853981633974483, 1.4142135623730951
1147, 43, 171, 360, 169, 361, 2, -1, -0.4636476090008061, 2.23606797749979
1147, 44, 424, 106, 423, 108, 1, -2, -1.1071487177940904, 2.23606797749979
1147, 46, 479, 80, 478, 81, 1, -1, -0.7853981633974483, 1.4142135623730951
1147, 49, 634, 344, 632, 344, 2, 0, 0.0, 2.0
1148, 0, 273, 112, 272, 113, 1, -1, -0.7853981633974483, 1.4142135623730951
1148, 1, 241, 354, 240, 355, 1, -1, -0.7853981633974483, 1.4142135623730951
1148, 3, 482, 363, 481, 364, 1, -1, -0.7853981633974483, 1.4142135623730951
1148, 4, 285, 69, 284, 70, 1, -1, -0.7853981633974483, 1.4142135623730951
1148, 5, 481, 67, 480, 68, 1, -1, -0.7853981633974483, 1.4142135623730951
1148, 6, 581, 77, 579, 78, 2, -1, -0.4636476090008061, 2.23606797749979
1148, 7, 626, 70, 624, 71, 2, -1, -0.4636476090008061, 2.23606797749979
1148, 8, 467, 94, 465, 94, 2, 0, 0.0, 2.0
1148, 9, 511, 343, 510, 344, 1, -1, -0.7853981633974483, 1.4142135623730951
1148, 16, 591, 377, 590, 378, 1, -1, -0.7853981633974483, 1.4142135623730951
1148, 17, 620, 400, 618, 401, 2, -1, -0.4636476090008061, 2.23606797749979
1148, 19, 442, 122, 441, 123, 1, -1, -0.7853981633974483, 1.4142135623730951
1148, 22, 276, 117, 275, 119, 1, -2, -1.1071487177940904, 2.23606797749979
1148, 25, 539, 106, 537, 106, 2, 0, 0.0, 2.0
1148, 26, 438, 71, 436, 72, 2, -1, -0.4636476090008061, 2.23606797749979
1148, 28, 472, 358, 471, 359, 1, -1, -0.7853981633974483, 1.4142135623730951
1148, 31, 626, 336, 623, 337, 3, -1, -0.3217505543966422, 3.1622776601683795
1148, 33, 616, 83, 615, 84, 1, -1, -0.7853981633974483, 1.4142135623730951
1148, 35, 355, 352, 354, 353, 1, -1, -0.7853981633974483, 1.4142135623730951
1148, 38, 516, 71, 514, 72, 2, -1, -0.4636476090008061, 2.23606797749979
1148, 39, 531, 402, 529, 403, 2, -1, -0.4636476090008061, 2.23606797749979
1148, 40, 419, 349, 418, 350, 1, -1, -0.7853981633974483, 1.4142135623730951
1148, 41, 305, 126, 304, 127, 1, -1, -0.7853981633974483, 1.4142135623730951
1148, 45, 480, 79, 479, 80, 1, -1, -0.7853981633974483, 1.4142135623730951
1148, 46, 424, 403, 423, 404, 1, -1, -0.7853981633974483, 1.4142135623730951
1149, 0, 274, 111, 273, 112, 1, -1, -0.7853981633974483, 1.4142135623730951
1149, 2, 342, 121, 341, 122, 1, -1, -0.7853981633974483, 1.4142135623730951
1149, 3, 484, 362, 482, 363, 2, -1, -0.4636476090008061, 2.23606797749979
1149, 4, 286, 68, 285, 69, 1, -1, -0.7853981633974483, 1.4142135623730951
1149, 5, 483, 66, 481, 67, 2, -1, -0.4636476090008061, 2.23606797749979
1149, 6, 583, 76, 581, 77, 2, -1, -0.4636476090008061, 2.23606797749979
1149, 7, 627, 69, 626, 70, 1, -1, -0.7853981633974483, 1.4142135623730951
1149, 8, 469, 93, 467, 94, 2, -1, -0.4636476090008061, 2.23606797749979
1149, 14, 308, 404, 307, 405, 1, -1, -0.7853981633974483, 1.4142135623730951
1149, 17, 622, 400, 620, 400, 2, 0, 0.0, 2.0
1149, 19, 443, 121, 442, 122, 1, -1, -0.7853981633974483, 1.4142135623730951
1149, 24, 241, 117, 240, 118, 1, -1, -0.7853981633974483, 1.4142135623730951
1149, 26, 439, 70, 438, 71, 1, -1, -0.7853981633974483, 1.4142135623730951
1149, 31, 628, 336, 626, 336, 2, 0, 0.0, 2.0
1149, 36, 523, 137, 521, 137, 2, 0, 0.0, 2.0
1149, 38, 518, 70, 516, 71, 2, -1, -0.4636476090008061, 2.23606797749979
1149, 39, 532, 401, 531, 402, 1, -1, -0.7853981633974483, 1.4142135623730951
1149, 40, 420, 348, 419, 349, 1, -1, -0.7853981633974483, 1.4142135623730951
1149, 42, 172, 358, 171, 359, 1, -1, -0.7853981633974483, 1.4142135623730951
1149, 45, 482, 79, 480, 79, 2, 0, 0.0, 2.0
1149, 46, 425, 402, 424, 403, 1, -1, -0.7853981633974483, 1.4142135623730951
1149, 48, 632, 343, 634, 343, -2, 0, 3.141592653589793, 2.0
1150, 3, 287, 70, 286, 71, 1, -1, -0.7853981633974483, 1.4142135623730951
1150, 5, 482, 365, 481, 366, 1, -1, -0.7853981633974483, 1.4142135623730951
1150, 12, 308, 408, 307, 409, 1, -1, -0.7853981633974483, 1.4142135623730951
1150, 14, 307, 130, 306, 131, 1, -1, -0.7853981633974483, 1.4142135623730951
1150, 16, 440, 75, 438, 75, 2, 0, 0.0, 2.0
1150, 18, 538, 107, 536, 107, 2, 0, 0.0, 2.0
1150, 19, 180, 160, 179, 161, 1, -1, -0.7853981633974483, 1.4142135623730951
1150, 20, 278, 366, 277, 367, 1, -1, -0.7853981633974483, 1.4142135623730951
1150, 22, 520, 138, 519, 137, 1, 1, 0.7853981633974483, 1.4142135623730951
1150, 23, 619, 403, 618, 404, 1, -1, -0.7853981633974483, 1.4142135623730951
1150, 28, 512, 345, 510, 346, 2, -1, -0.4636476090008061, 2.23606797749979
1150, 34, 288, 79, 287, 80, 1, -1, -0.7853981633974483, 1.4142135623730951
1150, 37, 517, 74, 515, 75, 2, -1, -0.4636476090008061, 2.23606797749979
1150, 40, 536, 83, 535, 84, 1, -1, -0.7853981633974483, 1.4142135623730951
1150, 45, 533, 404, 531, 405, 2, -1, -0.4636476090008061, 2.23606797749979
1150, 47, 606, 396, 605, 397, 1, -1, -0.7853981633974483, 1.4142135623730951
1150, 48, 613, 79, 612, 80, 1, -1, -0.7853981633974483, 1.4142135623730951
1150, 51, 549, 75, 548, 76, 1, -1, -0.7853981633974483, 1.4142135623730951
1150, 54, 552, 132, 551, 133, 1, -1, -0.7853981633974483, 1.4142135623730951
1150, 56, 626, 339, 624, 339, 2, 0, 0.0, 2.0
1150, 58, 345, 132, 344, 133, 1, -1, -0.7853981633974483, 1.4142135623730951
1150, 59, 188, 160, 187, 161, 1, -1, -0.7853981633974483, 1.4142135623730951
1150, 61, 443, 124, 442, 125, 1, -1, -0.7853981633974483, 1.4142135623730951
1150, 62, 632, 137, 630, 137, 2, 0, 0.0, 2.0
1151, 1, 344, 123, 342, 124, 2, -1, -0.4636476090008061, 2.23606797749979
1151, 2, 243, 354, 242, 355, 1, -1, -0.7853981633974483, 1.4142135623730951
1151, 3, 288, 69, 287, 70, 1, -1, -0.7853981633974483, 1.4142135623730951
1151, 5, 483, 364, 482, 365, 1, -1, -0.7853981633974483, 1.4142135623730951
1151, 6, 584, 76, 583, 77, 1, -1, -0.7853981633974483, 1.4142135623730951
1151, 14, 308, 129, 307, 130, 1, -1, -0.7853981633974483, 1.4142135623730951
1151, 17, 531, 373, 530, 374, 1, -1, -0.7853981633974483, 1.4142135623730951
1151, 18, 540, 107, 538, 107, 2, 0, 0.0, 2.0
1151, 22, 522, 138, 520, 138, 2, 0, 0.0, 2.0
1151, 23, 621, 403, 619, 403, 2, 0, 0.0, 2.0
1151, 24, 347, 376, 346, 377, 1, -1, -0.7853981633974483, 1.4142135623730951
1151, 28, 514, 344, 512, 345, 2, -1, -0.4636476090008061, 2.23606797749979
1151, 34, 594, 381, 592, 381, 2, 0, 0.0, 2.0
1151, 35, 518, 73, 517, 74, 1, -1, -0.7853981633974483, 1.4142135623730951
1151, 38, 538, 82, 536, 83, 2, -1, -0.4636476090008061, 2.23606797749979
1151, 43, 535, 403, 533, 404, 2, -1, -0.4636476090008061, 2.23606797749979
1151, 45, 607, 395, 606, 396, 1, -1, -0.7853981633974483, 1.4142135623730951
1151, 49, 550, 74, 549, 75, 1, -1, -0.7853981633974483, 1.4142135623730951
1151, 54, 628, 338, 626, 339, 2, -1, -0.4636476090008061, 2.23606797749979
1151, 56, 346, 131, 345, 132, 1, -1, -0.7853981633974483, 1.4142135623730951
1151, 59, 444, 123, 443, 124, 1, -1, -0.7853981633974483, 1.4142135623730951
1151, 60, 634, 137, 632, 137, 2, 0, 0.0, 2.0
1152, 0, 276, 113, 275, 114, 1, -1, -0.7853981633974483, 1.4142135623730951
1152, 3, 289, 68, 288, 69, 1, -1, -0.7853981633974483, 1.4142135623730951
1152, 6, 585, 75, 584, 76, 1, -1, -0.7853981633974483, 1.4142135623730951
1152, 12, 310, 407, 309, 408, 1, -1, -0.7853981633974483, 1.4142135623730951
1152, 14, 309, 128, 308, 129, 1, -1, -0.7853981633974483, 1.4142135623730951
1152, 16, 442, 74, 441, 75, 1, -1, -0.7853981633974483, 1.4142135623730951
1152, 17, 532, 372, 531, 373, 1, -1, -0.7853981633974483, 1.4142135623730951
1152, 19, 181, 158, 180, 159, 1, -1, -0.7853981633974483, 1.4142135623730951
1152, 22, 622, 402, 621, 403, 1, -1, -0.7853981633974483, 1.4142135623730951
1152, 25, 243, 121, 242, 122, 1, -1, -0.7853981633974483, 1.4142135623730951
1152, 26, 349, 369, 348, 370, 1, -1, -0.7853981633974483, 1.4142135623730951
1152, 27, 516, 342, 514, 344, 2, -2, -0.7853981633974483, 2.8284271247461903
1152, 31, 312, 113, 311, 114, 1, -1, -0.7853981633974483, 1.4142135623730951
1152, 33, 596, 381, 594, 381, 2, 0, 0.0, 2.0
1152, 34, 519, 72, 518, 73, 1, -1, -0.7853981633974483, 1.4142135623730951
1152, 41, 537, 403, 535, 403, 2, 0, 0.0, 2.0
1152, 47, 552, 73, 550, 74, 2, -1, -0.4636476090008061, 2.23606797749979
1152, 52, 629, 337, 628, 338, 1, -1, -0.7853981633974483, 1.4142135623730951
1152, 53, 421, 352, 419, 352, 2, 0, 0.0, 2.0
1153, 1, 345, 122, 344, 123, 1, -1, -0.7853981633974483, 1.4142135623730951
1153, 2, 244, 353, 243, 354, 1, -1, -0.7853981633974483, 1.4142135623730951
1153, 3, 290, 67, 289, 68, 1, -1, -0.7853981633974483, 1.4142135623730951
1153, 4, 485, 70, 484, 71, 1, -1, -0.7853981633974483, 1.4142135623730951
1153, 5, 485, 363, 484, 364, 1, -1, -0.7853981633974483, 1.4142135623730951
1153, 6, 587, 75, 585, 75, 2, 0, 0.0, 2.0
1153, 12, 311, 406, 310, 407, 1, -1, -0.7853981633974483, 1.4142135623730951
1153, 14, 310, 127, 309, 128, 1, -1, -0.7853981633974483, 1.4142135623730951
1153, 16, 444, 73, 442, 74, 2, -1, -0.4636476090008061, 2.23606797749979
1153, 17, 534, 371, 532, 372, 2, -1, -0.4636476090008061, 2.23606797749979
1153, 18, 542, 106, 541, 107, 1, -1, -0.7853981633974483, 1.4142135623730951
1153, 20, 281, 365, 280, 366, 1, -1, -0.7853981633974483, 1.4142135623730951
1153, 21, 525, 138, 523, 138, 2, 0, 0.0, 2.0
1153, 22, 624, 402, 622, 402, 2, 0, 0.0, 2.0
1153, 27, 518, 341, 516, 342, 2, -1, -0.4636476090008061, 2.23606797749979
1153, 28, 464, 101, 463, 102, 1, -1, -0.7853981633974483, 1.4142135623730951
1153, 29, 292, 97, 291, 98, 1, -1, -0.7853981633974483, 1.4142135623730951
1153, 31, 313, 112, 312, 113, 1, -1, -0.7853981633974483, 1.4142135623730951
1153, 33, 598, 381, 596, 381, 2, 0, 0.0, 2.0
1153, 34, 520, 71, 519, 72, 1, -1, -0.7853981633974483, 1.4142135623730951
1153, 37, 540, 81, 539, 82, 1, -1, -0.7853981633974483, 1.4142135623730951
1153, 40, 539, 403, 537, 403, 2, 0, 0.0, 2.0
1153, 43, 616, 78, 615, 79, 1, -1, -0.7853981633974483, 1.4142135623730951
1153, 44, 409, 370, 408, 371, 1, -1, -0.7853981633974483, 1.4142135623730951
1153, 46, 553, 72, 552, 73, 1, -1, -0.7853981633974483, 1.4142135623730951
1153, 49, 549, 131, 551, 131, -2, 0, 3.141592653589793, 2.0
1153, 51, 630, 336, 629, 337, 1, -1, -0.7853981633974483, 1.4142135623730951
1153, 53, 347, 130, 346, 131, 1, -1, -0.7853981633974483, 1.4142135623730951
1153, 55, 446, 122, 445, 123, 1, -1, -0.7853981633974483, 1.4142135623730951
1154, 1, 346, 121, 345, 122, 1, -1, -0.7853981633974483, 1.4142135623730951
1154, 3, 291, 66, 290, 67, 1, -1, -0.7853981633974483, 1.4142135623730951
1154, 4, 487, 70, 485, 70, 2, 0, 0.0, 2.0
1154, 5, 486, 362, 485, 363, 1, -1, -0.7853981633974483, 1.4142135623730951
1154, 8, 629, 73, 627, 73, 2, 0, 0.0, 2.0
1154, 14, 312, 127, 310, 127, 2, 0, 0.0, 2.0
1154, 15, 246, 404, 245, 403, 1, 1, 0.7853981633974483, 1.4142135623730951
1154, 16, 446, 72, 444, 73, 2, -1, -0.4636476090008061, 2.23606797749979
1154, 18, 544, 106, 542, 106, 2, 0, 0.0, 2.0
1154, 22, 625, 401, 624, 402, 1, -1, -0.7853981633974483, 1.4142135623730951
1154, 27, 521, 341, 518, 341, 3, 0, 0.0, 3.0
1154, 28, 465, 100, 464, 101, 1, -1, -0.7853981633974483, 1.4142135623730951
1154, 29, 293, 96, 292, 97, 1, -1, -0.7853981633974483, 1.4142135623730951
1154, 31, 314, 111, 313, 112, 1, -1, -0.7853981633974483, 1.4142135623730951
1154, 34, 521, 70, 520, 71, 1, -1, -0.7853981633974483, 1.4142135623730951
1154, 36, 541, 80, 540, 81, 1, -1, -0.7853981633974483, 1.4142135623730951
1154, 39, 540, 402, 539, 403, 1, -1, -0.7853981633974483, 1.4142135623730951
1154, 42, 617, 77, 616, 78, 1, -1, -0.7853981633974483, 1.4142135623730951
1154, 43, 411, 369, 409, 370, 2, -1, -0.4636476090008061, 2.23606797749979
1154, 44, 205, 135, 204, 136, 1, -1, -0.7853981633974483, 1.4142135623730951
1154, 45, 554, 71, 553, 72, 1, -1, -0.7853981633974483, 1.4142135623730951
1154, 48, 547, 130, 549, 131, -2, -1, -2.677945044588987, 2.23606797749979
1154, 50, 631, 335, 630, 336, 1, -1, -0.7853981633974483, 1.4142135623730951
1154, 51, 423, 351, 422, 352, 1, -1, -0.7853981633974483, 1.4142135623730951
1154, 54, 447, 121, 446, 122, 1, -1, -0.7853981633974483, 1.4142135623730951
1155, 3, 487, 365, 486, 366, 1, -1, -0.7853981633974483, 1.4142135623730951
1155, 4, 470, 96, 469, 97, 1, -1, -0.7853981633974483, 1.4142135623730951
1155, 5, 630, 74, 628, 74, 2, 0, 0.0, 2.0
1155, 6, 292, 70, 290, 70, 2, 0, 0.0, 2.0
1155, 7, 587, 77, 585, 78, 2, -1, -0.4636476090008061, 2.23606797749979
1155, 12, 518, 344, 516, 345, 2, -1, -0.4636476090008061, 2.23606797749979
1155, 14, 434, 127, 433, 128, 1, -1, -0.7853981633974483, 1.4142135623730951
1155, 15, 182, 159, 181, 160, 1, -1, -0.7853981633974483, 1.4142135623730951
1155, 17, 313, 406, 312, 407, 1, -1, -0.7853981633974483, 1.4142135623730951
1155, 18, 517, 70, 516, 71, 1, -1, -0.7853981633974483, 1.4142135623730951
1155, 21, 465, 102, 464, 103, 1, -1, -0.7853981633974483, 1.4142135623730951
1155, 24, 446, 73, 444, 74, 2, -1, -0.4636476090008061, 2.23606797749979
1155, 29, 631, 338, 629, 339, 2, -1, -0.4636476090008061, 2.23606797749979
1155, 32, 598, 381, 596, 381, 2, 0, 0.0, 2.0
1155, 33, 536, 371, 535, 372, 1, -1, -0.7853981633974483, 1.4142135623730951
1155, 35, 412, 369, 409, 370, 3, -1, -0.3217505543966422, 3.1622776601683795
1155, 37, 625, 403, 623, 403, 2, 0, 0.0, 2.0
1155, 40, 316, 116, 315, 117, 1, -1, -0.7853981633974483, 1.4142135623730951
1155, 42, 569, 400, 567, 401, 2, -1, -0.4636476090008061, 2.23606797749979
1155, 43, 311, 128, 310, 129, 1, -1, -0.7853981633974483, 1.4142135623730951
1155, 44, 538, 404, 536, 405, 2, -1, -0.4636476090008061, 2.23606797749979
1155, 45, 617, 79, 615, 80, 2, -1, -0.4636476090008061, 2.23606797749979
1155, 47, 550, 72, 549, 73, 1, -1, -0.7853981633974483, 1.4142135623730951
1155, 48, 408, 126, 407, 127, 1, -1, -0.7853981633974483, 1.4142135623730951
1155, 49, 270, 120, 269, 121, 1, -1, -0.7853981633974483, 1.4142135623730951
1155, 52, 424, 352, 422, 352, 2, 0, 0.0, 2.0
1155, 53, 247, 301, 246, 300, 1, 1, 0.7853981633974483, 1.4142135623730951
1155, 56, 456, 354, 455, 355, 1, -1, -0.7853981633974483, 1.4142135623730951
1155, 58, 429, 405, 428, 406, 1, -1, -0.7853981633974483, 1.4142135623730951
1155, 59, 347, 366, 343, 368, 4, -2, -0.4636476090008061, 4.47213595499958
1155, 61, 245, 365, 242, 364, 3, 1, 0.3217505543966422, 3.1622776601683795
1155, 62, 488, 80, 486, 80, 2, 0, 0.0, 2.0
1155, 63, 479, 83, 478, 84, 1, -1, -0.7853981633974483, 1.4142135623730951
1156, 3, 489, 365, 487, 365, 2, 0, 0.0, 2.0
1156, 5, 632, 74, 630, 74, 2, 0, 0.0, 2.0
1156, 6, 294, 69, 292, 70, 2, -1, -0.4636476090008061, 2.23606797749979
1156, 7, 589, 76, 587, 77, 2, -1, -0.4636476090008061, 2.23606797749979
1156, 12, 519, 343, 518, 344, 1, -1, -0.7853981633974483, 1.4142135623730951
1156, 21, 467, 102, 465, 102, 2, 0, 0.0, 2.0
1156, 25, 352, 369, 351, 370, 1, -1, -0.7853981633974483, 1.4142135623730951
1156, 29, 632, 337, 631, 338, 1, -1, -0.7853981633974483, 1.4142135623730951
1156, 30, 527, 139, 525, 139, 2, 0, 0.0, 2.0
1156, 32, 600, 381, 598, 381, 2, 0, 0.0, 2.0
1156, 33, 537, 370, 536, 371, 1, -1, -0.7853981633974483, 1.4142135623730951
1156, 35, 415, 368, 412, 369, 3, -1, -0.3217505543966422, 3.1622776601683795
1156, 38, 612, 396, 611, 397, 1, -1, -0.7853981633974483, 1.4142135623730951
1156, 39, 390, 127, 389, 128, 1, -1, -0.7853981633974483, 1.4142135623730951
1156, 40, 318, 115, 316, 116, 2, -1, -0.4636476090008061, 2.23606797749979
1156, 42, 571, 400, 569, 400, 2, 0, 0.0, 2.0
1156, 44, 539, 403, 538, 404, 1, -1, -0.7853981633974483, 1.4142135623730951
1156, 45, 619, 78, 617, 79, 2, -1, -0.4636476090008061, 2.23606797749979
1156, 49, 270, 118, 270, 120, 0, -2, -1.5707963267948966, 2.0
1156, 50, 419, 379, 417, 379, 2, 0, 0.0, 2.0
1156, 55, 458, 353, 456, 354, 2, -1, -0.4636476090008061, 2.23606797749979
1156, 57, 430, 404, 429, 405, 1, -1, -0.7853981633974483, 1.4142135623730951
1156, 58, 350, 364, 347, 366, 3, -2, -0.5880026035475675, 3.605551275463989
1156, 59, 300, 101, 299, 102, 1, -1, -0.7853981633974483, 1.4142135623730951
1156, 60, 247, 365, 245, 365, 2, 0, 0.0, 2.0
1157, 3, 490, 364, 489, 365, 1, -1, -0.7853981633974483, 1.4142135623730951
1157, 5, 633, 73, 632, 74, 1, -1, -0.7853981633974483, 1.4142135623730951
1157, 7, 591, 75, 589, 76, 2, -1, -0.4636476090008061, 2.23606797749979
1157, 9, 488, 70, 487, 71, 1, -1, -0.7853981633974483, 1.4142135623730951
1157, 12, 520, 342, 519, 343, 1, -1, -0.7853981633974483, 1.4142135623730951
1157, 17, 316, 405, 314, 406, 2, -1, -0.4636476090008061, 2.23606797749979
1157, 23, 544, 81, 543, 82, 1, -1, -0.7853981633974483, 1.4142135623730951
1157, 25, 354, 369, 352, 369, 2, 0, 0.0, 2.0
1157, 29, 635, 336, 632, 337, 3, -1, -0.3217505543966422, 3.1622776601683795
1157, 32, 602, 381, 600, 381, 2, 0, 0.0, 2.0
1157, 35, 418, 367, 415, 368, 3, -1, -0.3217505543966422, 3.1622776601683795
1157, 37, 628, 403, 626, 403, 2, 0, 0.0, 2.0
1157, 38, 614, 395, 612, 396, 2, -1, -0.4636476090008061, 2.23606797749979
1157, 40, 319, 114, 318, 115, 1, -1, -0.7853981633974483, 1.4142135623730951
1157, 42, 573, 399, 571, 400, 2, -1, -0.4636476090008061, 2.23606797749979
1157, 43, 313, 127, 312, 128, 1, -1, -0.7853981633974483, 1.4142135623730951
1157, 44, 540, 402, 539, 403, 1, -1, -0.7853981633974483, 1.4142135623730951
1157, 45, 620, 77, 619, 78, 1, -1, -0.7853981633974483, 1.4142135623730951
1157, 48, 411, 126, 409, 126, 2, 0, 0.0, 2.0
1157, 49, 272, 118, 270, 118, 2, 0, 0.0, 2.0
1157, 52, 426, 351, 425, 352, 1, -1, -0.7853981633974483, 1.4142135623730951
1157, 55, 460, 352, 458, 353, 2, -1, -0.4636476090008061, 2.23606797749979
1157, 58, 354, 363, 350, 364, 4, -1, -0.24497866312686414, 4.123105625617661
1157, 60, 249, 365, 247, 365, 2, 0, 0.0, 2.0
1157, 62, 481, 82, 480, 83, 1, -1, -0.7853981633974483, 1.4142135623730951
1158, 3, 492, 363, 490, 364, 2, -1, -0.4636476090008061, 2.23606797749979
1158, 5, 634, 72, 633, 73, 1, -1, -0.7853981633974483, 1.4142135623730951
1158, 9, 489, 69, 488, 70, 1, -1, -0.7853981633974483, 1.4142135623730951
1158, 12, 521, 341, 520, 342, 1, -1, -0.7853981633974483, 1.4142135623730951
1158, 14, 435, 124, 434, 125, 1, -1, -0.7853981633974483, 1.4142135623730951
1158, 17, 317, 404, 316, 405, 1, -1, -0.7853981633974483, 1.4142135623730951
1158, 19, 362, 352, 360, 352, 2, 0, 0.0, 2.0
1158, 21, 470, 102, 468, 102, 2, 0, 0.0, 2.0
1158, 23, 545, 80, 544, 81, 1, -1, -0.7853981633974483, 1.4142135623730951
1158, 25, 356, 369, 354, 369, 2, 0, 0.0, 2.0
1158, 26, 353, 377, 351, 377, 2, 0, 0.0, 2.0
1158, 30, 530, 139, 528, 139, 2, 0, 0.0, 2.0
1158, 31, 546, 107, 544, 107, 2, 0, 0.0, 2.0
1158, 32, 604, 381, 602, 381, 2, 0, 0.0, 2.0
1158, 33, 540, 369, 538, 370, 2, -1, -0.4636476090008061, 2.23606797749979
1158, 35, 421, 366, 418, 367, 3, -1, -0.3217505543966422, 3.1622776601683795
1158, 38, 616, 394, 614, 395, 2, -1, -0.4636476090008061, 2.23606797749979
1158, 42, 575, 398, 573, 399, 2, -1, -0.4636476090008061, 2.23606797749979
1158, 43, 314, 126, 313, 127, 1, -1, -0.7853981633974483, 1.4142135623730951
1158, 44, 541, 401, 540, 402, 1, -1, -0.7853981633974483, 1.4142135623730951
1158, 45, 622, 77, 620, 77, 2, 0, 0.0, 2.0
1158, 48, 413, 125, 411, 126, 2, -1, -0.4636476090008061, 2.23606797749979
1158, 53, 246, 304, 247, 303, -1, 1, 2.356194490192345, 1.4142135623730951
1158, 56, 187, 339, 186, 340, 1, -1, -0.7853981633974483, 1.4142135623730951
1158, 57, 432, 403, 431, 404, 1, -1, -0.7853981633974483, 1.4142135623730951
1158, 58, 357, 362, 354, 363, 3, -1, -0.3217505543966422, 3.1622776601683795
1158, 59, 302, 100, 301, 101, 1, -1, -0.7853981633974483, 1.4142135623730951
1158, 60, 251, 366, 249, 365, 2, 1, 0.4636476090008061, 2.23606797749979
1158, 61, 492, 80, 490, 80, 2, 0, 0.0, 2.0
1158, 62, 482, 81, 481, 82, 1, -1, -0.7853981633974483, 1.4142135623730951
1159, 1, 349, 123, 348, 124, 1, -1, -0.7853981633974483, 1.4142135623730951
1159, 3, 494, 363, 492, 363, 2, 0, 0.0, 2.0
1159, 4, 475, 96, 473, 96, 2, 0, 0.0, 2.0
1159, 6, 298, 69, 296, 69, 2, 0, 0.0, 2.0
1159, 9, 490, 68, 489, 69, 1, -1, -0.7853981633974483, 1.4142135623730951
1159, 12, 522, 340, 521, 341, 1, -1, -0.7853981633974483, 1.4142135623730951
1159, 14, 436, 123, 435, 124, 1, -1, -0.7853981633974483, 1.4142135623730951
1159, 19, 363, 351, 362, 352, 1, -1, -0.7853981633974483, 1.4142135623730951
1159, 21, 472, 101, 470, 102, 2, -1, -0.4636476090008061, 2.23606797749979
1159, 22, 546, 79, 545, 80, 1, -1, -0.7853981633974483, 1.4142135623730951
1159, 29, 532, 138, 530, 139, 2, -1, -0.4636476090008061, 2.23606797749979
1159, 30, 548, 106, 546, 107, 2, -1, -0.4636476090008061, 2.23606797749979
1159, 31, 606, 380, 604, 381, 2, -1, -0.4636476090008061, 2.23606797749979
1159, 32, 541, 368, 540, 369, 1, -1, -0.7853981633974483, 1.4142135623730951
1159, 34, 424, 364, 421, 366, 3, -2, -0.5880026035475675, 3.605551275463989
1159, 36, 631, 403, 629, 403, 2, 0, 0.0, 2.0
1159, 37, 619, 393, 616, 394, 3, -1, -0.3217505543966422, 3.1622776601683795
1159, 39, 320, 112, 319, 113, 1, -1, -0.7853981633974483, 1.4142135623730951
1159, 41, 577, 397, 575, 398, 2, -1, -0.4636476090008061, 2.23606797749979
1159, 42, 315, 125, 314, 126, 1, -1, -0.7853981633974483, 1.4142135623730951
1159, 43, 542, 400, 541, 401, 1, -1, -0.7853981633974483, 1.4142135623730951
1159, 44, 624, 76, 622, 77, 2, -1, -0.4636476090008061, 2.23606797749979
1159, 51, 428, 350, 427, 351, 1, -1, -0.7853981633974483, 1.4142135623730951
1159, 54, 463, 351, 461, 352, 2, -1, -0.4636476090008061, 2.23606797749979
1159, 57, 359, 361, 357, 362, 2, -1, -0.4636476090008061, 2.23606797749979
1159, 58, 303, 99, 302, 100, 1, -1, -0.7853981633974483, 1.4142135623730951
1159, 60, 494, 80, 492, 80, 2, 0, 0.0, 2.0
1159, 61, 483, 80, 482, 81, 1, -1, -0.7853981633974483, 1.4142135623730951
1160, 2, 493, 365, 491, 365, 2, 0, 0.0, 2.0
1160, 4, 477, 97, 475, 98, 2, -1, -0.4636476090008061, 2.23606797749979
1160, 7, 592, 78, 590, 78, 2, 0, 0.0, 2.0
1160, 11, 316, 402, 315, 403, 1, -1, -0.7853981633974483, 1.4142135623730951
1160, 17, 530, 139, 528, 140, 2, -1, -0.4636476090008061, 2.23606797749979
1160, 18, 451, 75, 449, 75, 2, 0, 0.0, 2.0
1160, 23, 549, 106, 547, 107, 2, -1, -0.4636476090008061, 2.23606797749979
1160, 25, 364, 351, 363, 352, 1, -1, -0.7853981633974483, 1.4142135623730951
1160, 31, 247, 119, 246, 120, 1, -1, -0.7853981633974483, 1.4142135623730951
1160, 35, 538, 370, 537, 371, 1, -1, -0.7853981633974483, 1.4142135623730951
1160, 41, 603, 381, 602, 382, 1, -1, -0.7853981633974483, 1.4142135623730951
1160, 42, 516, 370, 515, 369, 1, 1, 0.7853981633974483, 1.4142135623730951
1160, 43, 584, 123, 582, 124, 2, -1, -0.4636476090008061, 2.23606797749979
1160, 47, 461, 354, 460, 355, 1, -1, -0.7853981633974483, 1.4142135623730951
1160, 49, 548, 80, 547, 81, 1, -1, -0.7853981633974483, 1.4142135623730951
1160, 50, 393, 127, 392, 128, 1, -1, -0.7853981633974483, 1.4142135623730951
1160, 52, 354, 378, 353, 379, 1, -1, -0.7853981633974483, 1.4142135623730951
1160, 53, 466, 103, 463, 103, 3, 0, 0.0, 3.0
1160, 55, 319, 130, 318, 131, 1, -1, -0.7853981633974483, 1.4142135623730951
1160, 56, 542, 404, 541, 405, 1, -1, -0.7853981633974483, 1.4142135623730951
1160, 58, 493, 81, 491, 81, 2, 0, 0.0, 2.0
1161, 0, 284, 115, 282, 115, 2, 0, 0.0, 2.0
1161, 1, 351, 124, 350, 125, 1, -1, -0.7853981633974483, 1.4142135623730951
1161, 2, 494, 364, 493, 365, 1, -1, -0.7853981633974483, 1.4142135623730951
1161, 11, 317, 401, 316, 402, 1, -1, -0.7853981633974483, 1.4142135623730951
1161, 14, 309, 112, 309, 114, 0, -2, -1.5707963267948966, 2.0
1161, 15, 290, 97, 289, 98, 1, -1, -0.7853981633974483, 1.4142135623730951
1161, 16, 531, 138, 530, 139, 1, -1, -0.7853981633974483, 1.4142135623730951
1161, 18, 525, 344, 522, 345, 3, -1, -0.3217505543966422, 3.1622776601683795
1161, 22, 551, 106, 549, 106, 2, 0, 0.0, 2.0
1161, 33, 540, 368, 538, 370, 2, -2, -0.7853981633974483, 2.8284271247461903
1161, 39, 604, 380, 603, 381, 1, -1, -0.7853981633974483, 1.4142135623730951
1161, 44, 145, 365, 144, 366, 1, -1, -0.7853981633974483, 1.4142135623730951
1161, 46, 624, 83, 623, 84, 1, -1, -0.7853981633974483, 1.4142135623730951
1161, 47, 549, 79, 548, 80, 1, -1, -0.7853981633974483, 1.4142135623730951
1161, 49, 429, 352, 428, 353, 1, -1, -0.7853981633974483, 1.4142135623730951
1161, 50, 356, 378, 354, 378, 2, 0, 0.0, 2.0
1161, 51, 468, 103, 466, 103, 2, 0, 0.0, 2.0
1161, 52, 321, 129, 319, 130, 2, -1, -0.4636476090008061, 2.23606797749979
1162, 2, 496, 363, 494, 364, 2, -1, -0.4636476090008061, 2.23606797749979
1162, 4, 480, 97, 478, 97, 2, 0, 0.0, 2.0
1162, 11, 318, 400, 317, 401, 1, -1, -0.7853981633974483, 1.4142135623730951
1162, 14, 310, 111, 309, 112, 1, -1, -0.7853981633974483, 1.4142135623730951
1162, 15, 291, 96, 290, 97, 1, -1, -0.7853981633974483, 1.4142135623730951
1162, 16, 533, 138, 531, 138, 2, 0, 0.0, 2.0
1162, 22, 553, 106, 551, 106, 2, 0, 0.0, 2.0
1162, 25, 632, 403, 630, 403, 2, 0, 0.0, 2.0
1162, 28, 284, 367, 283, 368, 1, -1, -0.7853981633974483, 1.4142135623730951
1162, 33, 542, 366, 540, 368, 2, -2, -0.7853981633974483, 2.8284271247461903
1162, 39, 606, 380, 604, 380, 2, 0, 0.0, 2.0
1162, 44, 146, 364, 145, 365, 1, -1, -0.7853981633974483, 1.4142135623730951
1162, 45, 463, 353, 462, 354, 1, -1, -0.7853981633974483, 1.4142135623730951
1162, 46, 625, 81, 624, 83, 1, -2, -1.1071487177940904, 2.23606797749979
1162, 47, 550, 78, 549, 79, 1, -1, -0.7853981633974483, 1.4142135623730951
1162, 51, 470, 104, 468, 103, 2, 1, 0.4636476090008061, 2.23606797749979
1162, 52, 323, 128, 321, 129, 2, -1, -0.4636476090008061, 2.23606797749979
1163, 1, 353, 125, 352, 124, 1, 1, 0.7853981633974483, 1.4142135623730951
1163, 2, 498, 363, 496, 363, 2, 0, 0.0, 2.0
1163, 4, 482, 97, 480, 97, 2, 0, 0.0, 2.0
1163, 5, 298, 69, 297, 70, 1, -1, -0.7853981633974483, 1.4142135623730951
1163, 7, 596, 77, 594, 78, 2, -1, -0.4636476090008061, 2.23606797749979
1163, 14, 311, 110, 310, 111, 1, -1, -0.7853981633974483, 1.4142135623730951
1163, 15, 292, 95, 291, 96, 1, -1, -0.7853981633974483, 1.4142135623730951
1163, 18, 527, 343, 526, 344, 1, -1, -0.7853981633974483, 1.4142135623730951
1163, 22, 554, 105, 553, 106, 1, -1, -0.7853981633974483, 1.4142135623730951
1163, 33, 544, 365, 542, 366, 2, -1, -0.4636476090008061, 2.23606797749979
1163, 36, 528, 74, 527, 75, 1, -1, -0.7853981633974483, 1.4142135623730951
1163, 37, 161, 82, 159, 82, 2, 0, 0.0, 2.0
1163, 39, 607, 379, 606, 380, 1, -1, -0.7853981633974483, 1.4142135623730951
1163, 44, 464, 352, 463, 353, 1, -1, -0.7853981633974483, 1.4142135623730951
1163, 45, 626, 80, 625, 81, 1, -1, -0.7853981633974483, 1.4142135623730951
1163, 50, 472, 104, 470, 104, 2, 0, 0.0, 2.0
1163, 51, 324, 127, 323, 128, 1, -1, -0.7853981633974483, 1.4142135623730951
1163, 52, 545, 403, 544, 404, 1, -1, -0.7853981633974483, 1.4142135623730951
1163, 54, 497, 81, 495, 81, 2, 0, 0.0, 2.0
1164, 2, 499, 362, 498, 363, 1, -1, -0.7853981633974483, 1.4142135623730951
1164, 7, 597, 76, 596, 77, 1, -1, -0.7853981633974483, 1.4142135623730951
1164, 14, 313, 109, 311, 110, 2, -1, -0.4636476090008061, 2.23606797749979
1164, 18, 528, 341, 527, 343, 1, -2, -1.1071487177940904, 2.23606797749979
1164, 22, 556, 105, 554, 105, 2, 0, 0.0, 2.0
1164, 24, 367, 350, 366, 351, 1, -1, -0.7853981633974483, 1.4142135623730951
1164, 25, 635, 403, 633, 403, 2, 0, 0.0, 2.0
1164, 33, 545, 362, 544, 365, 1, -3, -1.2490457723982544, 3.1622776601683795
1164, 39, 609, 378, 607, 379, 2, -1, -0.4636476090008061, 2.23606797749979
1164, 44, 466, 351, 464, 352, 2, -1, -0.4636476090008061, 2.23606797749979
1164, 46, 552, 77, 551, 78, 1, -1, -0.7853981633974483, 1.4142135623730951
1164, 48, 432, 351, 431, 352, 1, -1, -0.7853981633974483, 1.4142135623730951
1164, 49, 359, 377, 358, 378, 1, -1, -0.7853981633974483, 1.4142135623730951
1164, 51, 325, 126, 324, 127, 1, -1, -0.7853981633974483, 1.4142135623730951
1165, 1, 252, 357, 251, 358, 1, -1, -0.7853981633974483, 1.4142135623730951
1165, 3, 497, 364, 496, 365, 1, -1, -0.7853981633974483, 1.4142135623730951
1165, 4, 480, 97, 479, 98, 1, -1, -0.7853981633974483, 1.4142135623730951
1165, 5, 299, 69, 298, 70, 1, -1, -0.7853981633974483, 1.4142135623730951
1165, 18, 194, 164, 193, 166, 1, -2, -1.1071487177940904, 2.23606797749979
1165, 20, 285, 352, 284, 353, 1, -1, -0.7853981633974483, 1.4142135623730951
1165, 25, 528, 344, 527, 345, 1, -1, -0.7853981633974483, 1.4142135623730951
1165, 31, 560, 72, 558, 73, 2, -1, -0.4636476090008061, 2.23606797749979
1165, 32, 553, 107, 551, 107, 2, 0, 0.0, 2.0
1165, 33, 608, 380, 606, 381, 2, -1, -0.4636476090008061, 2.23606797749979
1165, 34, 210, 138, 209, 139, 1, -1, -0.7853981633974483, 1.4142135623730951
1165, 41, 230, 405, 229, 408, 1, -3, -1.2490457723982544, 3.1622776601683795
1165, 42, 455, 73, 453, 74, 2, -1, -0.4636476090008061, 2.23606797749979
1165, 43, 359, 379, 358, 380, 1, -1, -0.7853981633974483, 1.4142135623730951
1165, 44, 464, 372, 461, 373, 3, -1, -0.3217505543966422, 3.1622776601683795
1165, 47, 321, 130, 320, 131, 1, -1, -0.7853981633974483, 1.4142135623730951
1166, 0, 354, 123, 353, 124, 1, -1, -0.7853981633974483, 1.4142135623730951
1166, 5, 300, 68, 299, 69, 1, -1, -0.7853981633974483, 1.4142135623730951
1166, 16, 320, 406, 319, 407, 1, -1, -0.7853981633974483, 1.4142135623730951
1166, 18, 194, 162, 194, 164, 0, -2, -1.5707963267948966, 2.0
1166, 25, 529, 343, 528, 344, 1, -1, -0.7853981633974483, 1.4142135623730951
1166, 26, 492, 359, 491, 360, 1, -1, -0.7853981633974483, 1.4142135623730951
1166, 29, 547, 371, 545, 371, 2, 0, 0.0, 2.0
1166, 30, 537, 140, 535, 140, 2, 0, 0.0, 2.0
1166, 32, 555, 106, 553, 107, 2, -1, -0.4636476090008061, 2.23606797749979
1166, 33, 609, 379, 608, 380, 1, -1, -0.7853981633974483, 1.4142135623730951
1166, 35, 549, 404, 547, 405, 2, -1, -0.4636476090008061, 2.23606797749979
1166, 41, 457, 72, 455, 73, 2, -1, -0.4636476090008061, 2.23606797749979
1166, 43, 467, 371, 464, 372, 3, -1, -0.3217505543966422, 3.1622776601683795
1166, 46, 322, 129, 321, 130, 1, -1, -0.7853981633974483, 1.4142135623730951
1166, 47, 222, 352, 221, 353, 1, -1, -0.7853981633974483, 1.4142135623730951
1167, 0, 355, 122, 354, 123, 1, -1, -0.7853981633974483, 1.4142135623730951
1167, 3, 499, 363, 498, 364, 1, -1, -0.7853981633974483, 1.4142135623730951
1167, 5, 301, 67, 300, 68, 1, -1, -0.7853981633974483, 1.4142135623730951
1167, 6, 598, 77, 597, 78, 1, -1, -0.7853981633974483, 1.4142135623730951
1167, 19, 287, 351, 286, 352, 1, -1, -0.7853981633974483, 1.4142135623730951
1167, 21, 251, 118, 250, 119, 1, -1, -0.7853981633974483, 1.4142135623730951
1167, 24, 530, 342, 529, 343, 1, -1, -0.7853981633974483, 1.4142135623730951
1167, 25, 493, 358, 492, 359, 1, -1, -0.7853981633974483, 1.4142135623730951
1167, 26, 362, 367, 360, 367, 2, 0, 0.0, 2.0
1167, 29, 539, 140, 537, 140, 2, 0, 0.0, 2.0
1167, 31, 557, 105, 555, 106, 2, -1, -0.4636476090008061, 2.23606797749979
1167, 32, 611, 378, 609, 379, 2, -1, -0.4636476090008061, 2.23606797749979
1167, 36, 429, 379, 428, 380, 1, -1, -0.7853981633974483, 1.4142135623730951
1167, 37, 551, 80, 549, 80, 2, 0, 0.0, 2.0
1167, 38, 467, 353, 465, 354, 2, -1, -0.4636476090008061, 2.23606797749979
1167, 41, 360, 378, 359, 379, 1, -1, -0.7853981633974483, 1.4142135623730951
1167, 42, 470, 370, 467, 371, 3, -1, -0.3217505543966422, 3.1622776601683795
1167, 45, 323, 128, 322, 129, 1, -1, -0.7853981633974483, 1.4142135623730951
1168, 1, 255, 356, 254, 357, 1, -1, -0.7853981633974483, 1.4142135623730951
1168, 6, 599, 76, 598, 77, 1, -1, -0.7853981633974483, 1.4142135623730951
1168, 8, 496, 72, 495, 73, 1, -1, -0.7853981633974483, 1.4142135623730951
1168, 10, 425, 371, 424, 372, 1, -1, -0.7853981633974483, 1.4142135623730951
1168, 11, 529, 71, 528, 72, 1, -1, -0.7853981633974483, 1.4142135623730951
1168, 12, 371, 351, 370, 352, 1, -1, -0.7853981633974483, 1.4142135623730951
1168, 18, 358, 372, 357, 373, 1, -1, -0.7853981633974483, 1.4142135623730951
1168, 19, 288, 350, 287, 351, 1, -1, -0.7853981633974483, 1.4142135623730951
1168, 23, 532, 341, 530, 342, 2, -1, -0.4636476090008061, 2.23606797749979
1168, 28, 541, 140, 539, 140, 2, 0, 0.0, 2.0
1168, 29, 564, 72, 562, 72, 2, 0, 0.0, 2.0
1168, 30, 559, 104, 557, 105, 2, -1, -0.4636476090008061, 2.23606797749979
1168, 31, 613, 377, 611, 378, 2, -1, -0.4636476090008061, 2.23606797749979
1168, 33, 551, 403, 550, 404, 1, -1, -0.7853981633974483, 1.4142135623730951
1168, 35, 430, 378, 429, 379, 1, -1, -0.7853981633974483, 1.4142135623730951
1168, 36, 553, 80, 551, 80, 2, 0, 0.0, 2.0
1168, 37, 468, 352, 467, 353, 1, -1, -0.7853981633974483, 1.4142135623730951
1168, 39, 460, 71, 458, 72, 2, -1, -0.4636476090008061, 2.23606797749979
1168, 41, 473, 369, 470, 370, 3, -1, -0.3217505543966422, 3.1622776601683795
1168, 44, 324, 127, 323, 128, 1, -1, -0.7853981633974483, 1.4142135623730951
1169, 2, 290, 115, 289, 116, 1, -1, -0.7853981633974483, 1.4142135623730951
1169, 3, 501, 362, 500, 363, 1, -1, -0.7853981633974483, 1.4142135623730951
1169, 4, 485, 96, 483, 97, 2, -1, -0.4636476090008061, 2.23606797749979
1169, 8, 498, 72, 496, 72, 2, 0, 0.0, 2.0
1169, 9, 186, 156, 185, 157, 1, -1, -0.7853981633974483, 1.4142135623730951
1169, 10, 426, 370, 425, 371, 1, -1, -0.7853981633974483, 1.4142135623730951
1169, 15, 323, 405, 322, 406, 1, -1, -0.7853981633974483, 1.4142135623730951
1169, 18, 359, 371, 358, 372, 1, -1, -0.7853981633974483, 1.4142135623730951
1169, 19, 290, 349, 288, 350, 2, -1, -0.4636476090008061, 2.23606797749979
1169, 23, 535, 340, 532, 341, 3, -1, -0.3217505543966422, 3.1622776601683795
1169, 24, 495, 357, 494, 358, 1, -1, -0.7853981633974483, 1.4142135623730951
1169, 29, 566, 72, 564, 72, 2, 0, 0.0, 2.0
1169, 31, 615, 376, 613, 377, 2, -1, -0.4636476090008061, 2.23606797749979
1169, 32, 553, 403, 551, 403, 2, 0, 0.0, 2.0
1169, 37, 231, 403, 230, 404, 1, -1, -0.7853981633974483, 1.4142135623730951
1169, 38, 463, 70, 460, 71, 3, -1, -0.3217505543966422, 3.1622776601683795
1169, 42, 325, 126, 324, 127, 1, -1, -0.7853981633974483, 1.4142135623730951
1169, 44, 181, 315, 181, 317, 0, -2, -1.5707963267948966, 2.0
1170, 0, 357, 124, 356, 125, 1, -1, -0.7853981633974483, 1.4142135623730951
1170, 2, 255, 357, 254, 358, 1, -1, -0.7853981633974483, 1.4142135623730951
1170, 3, 503, 364, 501, 365, 2, -1, -0.4636476090008061, 2.23606797749979
1170, 4, 485, 98, 484, 99, 1, -1, -0.7853981633974483, 1.4142135623730951
1170, 7, 259, 304, 260, 303, -1, 1, 2.356194490192345, 1.4142135623730951
1170, 8, 500, 72, 498, 73, 2, -1, -0.4636476090008061, 2.23606797749979
1170, 15, 552, 404, 551, 405, 1, -1, -0.7853981633974483, 1.4142135623730951
1170, 16, 549, 372, 548, 373, 1, -1, -0.7853981633974483, 1.4142135623730951
1170, 17, 184, 127, 183, 128, 1, -1, -0.7853981633974483, 1.4142135623730951
1170, 21, 533, 342, 532, 343, 1, -1, -0.7853981633974483, 1.4142135623730951
1170, 22, 254, 119, 253, 120, 1, -1, -0.7853981633974483, 1.4142135623730951
1170, 26, 496, 359, 495, 360, 1, -1, -0.7853981633974483, 1.4142135623730951
1170, 27, 363, 380, 361, 380, 2, 0, 0.0, 2.0
1170, 30, 427, 373, 426, 374, 1, -1, -0.7853981633974483, 1.4142135623730951
1170, 32, 560, 106, 557, 107, 3, -1, -0.3217505543966422, 3.1622776601683795
1170, 33, 308, 92, 307, 93, 1, -1, -0.7853981633974483, 1.4142135623730951
1170, 34, 328, 126, 325, 127, 3, -1, -0.3217505543966422, 3.1622776601683795
1170, 37, 614, 379, 612, 380, 2, -1, -0.4636476090008061, 2.23606797749979
1170, 41, 324, 106, 323, 107, 1, -1, -0.7853981633974483, 1.4142135623730951
1170, 44, 492, 89, 488, 88, 4, 1, 0.24497866312686414, 4.123105625617661
1170, 45, 432, 379, 430, 380, 2, -1, -0.4636476090008061, 2.23606797749979
1170, 46, 519, 82, 518, 83, 1, -1, -0.7853981633974483, 1.4142135623730951
1171, 0, 359, 124, 357, 124, 2, 0, 0.0, 2.0
1171, 1, 291, 116, 290, 117, 1, -1, -0.7853981633974483, 1.4142135623730951
1171, 3, 504, 363, 503, 364, 1, -1, -0.7853981633974483, 1.4142135623730951
1171, 4, 487, 98, 485, 98, 2, 0, 0.0, 2.0
1171, 5, 603, 78, 601, 78, 2, 0, 0.0, 2.0
1171, 8, 502, 71, 500, 72, 2, -1, -0.4636476090008061, 2.23606797749979
1171, 10, 323, 407, 322, 408, 1, -1, -0.7853981633974483, 1.4142135623730951
1171, 14, 553, 403, 552, 404, 1, -1, -0.7853981633974483, 1.4142135623730951
1171, 20, 536, 342, 533, 342, 3, 0, 0.0, 3.0
1171, 24, 400, 131, 399, 132, 1, -1, -0.7853981633974483, 1.4142135623730951
1171, 25, 497, 358, 496, 359, 1, -1, -0.7853981633974483, 1.4142135623730951
1171, 26, 365, 380, 363, 380, 2, 0, 0.0, 2.0
1171, 27, 290, 351, 289, 352, 1, -1, -0.7853981633974483, 1.4142135623730951
1171, 29, 428, 372, 427, 373, 1, -1, -0.7853981633974483, 1.4142135623730951
1171, 31, 562, 106, 560, 106, 2, 0, 0.0, 2.0
1171, 33, 330, 125, 328, 126, 2, -1, -0.4636476090008061, 2.23606797749979
1171, 35, 543, 141, 541, 141, 2, 0, 0.0, 2.0
1171, 36, 616, 378, 614, 379, 2, -1, -0.4636476090008061, 2.23606797749979
1171, 38, 362, 130, 361, 131, 1, -1, -0.7853981633974483, 1.4142135623730951
1171, 40, 325, 105, 324, 106, 1, -1, -0.7853981633974483, 1.4142135623730951
1171, 43, 496, 89, 492, 89, 4, 0, 0.0, 4.0
1171, 44, 434, 378, 432, 379, 2, -1, -0.4636476090008061, 2.23606797749979
1171, 46, 438, 351, 437, 352, 1, -1, -0.7853981633974483, 1.4142135623730951
1171, 47, 291, 374, 290, 373, 1, 1, 0.7853981633974483, 1.4142135623730951
1172, 0, 360, 123, 359, 124, 1, -1, -0.7853981633974483, 1.4142135623730951
1172, 3, 506, 362, 504, 363, 2, -1, -0.4636476090008061, 2.23606797749979
1172, 4, 489, 97, 487, 98, 2, -1, -0.4636476090008061, 2.23606797749979
1172, 7, 258, 305, 259, 304, -1, 1, 2.356194490192345, 1.4142135623730951
1172, 8, 504, 70, 502, 71, 2, -1, -0.4636476090008061, 2.23606797749979
1172, 10, 324, 406, 323, 407, 1, -1, -0.7853981633974483, 1.4142135623730951
1172, 13, 532, 71, 531, 72, 1, -1, -0.7853981633974483, 1.4142135623730951
1172, 14, 554, 402, 553, 403, 1, -1, -0.7853981633974483, 1.4142135623730951
1172, 15, 550, 370, 549, 371, 1, -1, -0.7853981633974483, 1.4142135623730951
1172, 18, 255, 397, 254, 398, 1, -1, -0.7853981633974483, 1.4142135623730951
1172, 21, 256, 118, 255, 119, 1, -1, -0.7853981633974483, 1.4142135623730951
1172, 24, 401, 130, 400, 131, 1, -1, -0.7853981633974483, 1.4142135623730951
1172, 25, 499, 357, 497, 358, 2, -1, -0.4636476090008061, 2.23606797749979
1172, 26, 366, 379, 365, 380, 1, -1, -0.7853981633974483, 1.4142135623730951
1172, 27, 291, 350, 290, 351, 1, -1, -0.7853981633974483, 1.4142135623730951
1172, 29, 430, 371, 428, 372, 2, -1, -0.4636476090008061, 2.23606797749979
1172, 31, 564, 106, 562, 106, 2, 0, 0.0, 2.0
1172, 32, 309, 91, 308, 92, 1, -1, -0.7853981633974483, 1.4142135623730951
1172, 33, 331, 124, 330, 125, 1, -1, -0.7853981633974483, 1.4142135623730951
1172, 35, 545, 141, 543, 141, 2, 0, 0.0, 2.0
1172, 36, 618, 377, 616, 378, 2, -1, -0.4636476090008061, 2.23606797749979
1172, 38, 570, 75, 569, 76, 1, -1, -0.7853981633974483, 1.4142135623730951
1172, 39, 326, 104, 325, 105, 1, -1, -0.7853981633974483, 1.4142135623730951
1172, 42, 499, 89, 496, 89, 3, 0, 0.0, 3.0
1172, 43, 436, 377, 434, 378, 2, -1, -0.4636476090008061, 2.23606797749979
1172, 45, 439, 350, 438, 351, 1, -1, -0.7853981633974483, 1.4142135623730951
1172, 49, 164, 345, 163, 344, 1, 1, 0.7853981633974483, 1.4142135623730951
1173, 0, 362, 122, 360, 123, 2, -1, -0.4636476090008061, 2.23606797749979
1173, 1, 294, 116, 292, 116, 2, 0, 0.0, 2.0
1173, 3, 508, 361, 506, 362, 2, -1, -0.4636476090008061, 2.23606797749979
1173, 4, 491, 96, 489, 97, 2, -1, -0.4636476090008061, 2.23606797749979
1173, 6, 306, 69, 305, 70, 1, -1, -0.7853981633974483, 1.4142135623730951
1173, 8, 506, 69, 504, 70, 2, -1, -0.4636476090008061, 2.23606797749979
1173, 14, 555, 401, 554, 402, 1, -1, -0.7853981633974483, 1.4142135623730951
1173, 16, 185, 124, 184, 125, 1, -1, -0.7853981633974483, 1.4142135623730951
1173, 17, 464, 74, 462, 74, 2, 0, 0.0, 2.0
1173, 20, 537, 340, 536, 341, 1, -1, -0.7853981633974483, 1.4142135623730951
1173, 21, 257, 117, 256, 118, 1, -1, -0.7853981633974483, 1.4142135623730951
1173, 23, 402, 129, 401, 130, 1, -1, -0.7853981633974483, 1.4142135623730951
1173, 26, 293, 349, 291, 350, 2, -1, -0.4636476090008061, 2.23606797749979
1173, 27, 297, 122, 296, 123, 1, -1, -0.7853981633974483, 1.4142135623730951
1173, 28, 431, 370, 430, 371, 1, -1, -0.7853981633974483, 1.4142135623730951
1173, 29, 555, 82, 554, 83, 1, -1, -0.7853981633974483, 1.4142135623730951
1173, 30, 566, 105, 564, 106, 2, -1, -0.4636476090008061, 2.23606797749979
1173, 32, 333, 123, 331, 124, 2, -1, -0.4636476090008061, 2.23606797749979
1173, 34, 547, 141, 545, 141, 2, 0, 0.0, 2.0
1173, 36, 364, 129, 363, 130, 1, -1, -0.7853981633974483, 1.4142135623730951
1173, 37, 572, 75, 570, 75, 2, 0, 0.0, 2.0
1173, 38, 327, 103, 326, 104, 1, -1, -0.7853981633974483, 1.4142135623730951
1173, 41, 501, 88, 499, 89, 2, -1, -0.4636476090008061, 2.23606797749979
1173, 42, 438, 377, 436, 377, 2, 0, 0.0, 2.0
1173, 43, 520, 80, 519, 81, 1, -1, -0.7853981633974483, 1.4142135623730951
1173, 44, 441, 350, 439, 350, 2, 0, 0.0, 2.0
1174, 0, 363, 121, 362, 122, 1, -1, -0.7853981633974483, 1.4142135623730951
1174, 1, 295, 115, 294, 116, 1, -1, -0.7853981633974483, 1.4142135623730951
1174, 3, 510, 360, 508, 361, 2, -1, -0.4636476090008061, 2.23606797749979
1174, 4, 493, 95, 491, 96, 2, -1, -0.4636476090008061, 2.23606797749979
1174, 5, 607, 78, 605, 78, 2, 0, 0.0, 2.0
1174, 6, 308, 69, 306, 69, 2, 0, 0.0, 2.0
1174, 8, 508, 68, 506, 69, 2, -1, -0.4636476090008061, 2.23606797749979
1174, 16, 185, 122, 185, 124, 0, -2, -1.5707963267948966, 2.0
1174, 20, 539, 340, 537, 340, 2, 0, 0.0, 2.0
1174, 24, 501, 356, 500, 357, 1, -1, -0.7853981633974483, 1.4142135623730951
1174, 29, 556, 81, 555, 82, 1, -1, -0.7853981633974483, 1.4142135623730951
1174, 30, 568, 104, 566, 105, 2, -1, -0.4636476090008061, 2.23606797749979
1174, 31, 311, 90, 310, 91, 1, -1, -0.7853981633974483, 1.4142135623730951
1174, 32, 334, 122, 333, 123, 1, -1, -0.7853981633974483, 1.4142135623730951
1174, 34, 549, 141, 547, 141, 2, 0, 0.0, 2.0
1174, 35, 620, 376, 619, 377, 1, -1, -0.7853981633974483, 1.4142135623730951
1174, 40, 448, 404, 447, 405, 1, -1, -0.7853981633974483, 1.4142135623730951
1174, 41, 503, 87, 501, 88, 2, -1, -0.4636476090008061, 2.23606797749979
1175, 0, 362, 124, 361, 125, 1, -1, -0.7853981633974483, 1.4142135623730951
1175, 2, 508, 363, 506, 364, 2, -1, -0.4636476090008061, 2.23606797749979
1175, 3, 293, 116, 292, 117, 1, -1, -0.7853981633974483, 1.4142135623730951
1175, 6, 505, 69, 503, 72, 2, -3, -0.982793723247329, 3.605551275463989
1175, 11, 539, 342, 538, 343, 1, -1, -0.7853981633974483, 1.4142135623730951
1175, 12, 258, 150, 259, 153, -1, -3, -1.892546881191539, 3.1622776601683795
1175, 15, 325, 407, 324, 408, 1, -1, -0.7853981633974483, 1.4142135623730951
1175, 16, 258, 401, 257, 402, 1, -1, -0.7853981633974483, 1.4142135623730951
1175, 18, 565, 107, 563, 107, 2, 0, 0.0, 2.0
1175, 25, 572, 74, 571, 75, 1, -1, -0.7853981633974483, 1.4142135623730951
1175, 26, 331, 126, 330, 127, 1, -1, -0.7853981633974483, 1.4142135623730951
1175, 27, 550, 140, 548, 141, 2, -1, -0.4636476090008061, 2.23606797749979
1175, 28, 294, 352, 293, 353, 1, -1, -0.7853981633974483, 1.4142135623730951
1175, 30, 618, 379, 617, 380, 1, -1, -0.7853981633974483, 1.4142135623730951
1175, 31, 259, 408, 258, 410, 1, -2, -1.1071487177940904, 2.23606797749979
1175, 32, 538, 75, 537, 76, 1, -1, -0.7853981633974483, 1.4142135623730951
1175, 36, 494, 357, 493, 359, 1, -2, -1.1071487177940904, 2.23606797749979
1175, 39, 366, 376, 365, 378, 1, -2, -1.1071487177940904, 2.23606797749979
1175, 42, 476, 354, 474, 354, 2, 0, 0.0, 2.0
1175, 44, 436, 378, 435, 380, 1, -2, -1.1071487177940904, 2.23606797749979
1175, 49, 208, 344, 207, 345, 1, -1, -0.7853981633974483, 1.4142135623730951
1175, 50, 432, 127, 431, 128, 1, -1, -0.7853981633974483, 1.4142135623730951
1175, 51, 377, 351, 376, 352, 1, -1, -0.7853981633974483, 1.4142135623730951
1175, 54, 432, 373, 431, 374, 1, -1, -0.7853981633974483, 1.4142135623730951
1175, 56, 365, 369, 364, 370, 1, -1, -0.7853981633974483, 1.4142135623730951
1175, 58, 411, 347, 408, 348, 3, -1, -0.3217505543966422, 3.1622776601683795
1175, 59, 299, 347, 298, 348, 1, -1, -0.7853981633974483, 1.4142135623730951
1175, 60, 635, 105, 637, 105, -2, 0, 3.141592653589793, 2.0
1175, 61, 505, 81, 504, 84, 1, -3, -1.2490457723982544, 3.1622776601683795
1175, 65, 498, 82, 496, 83, 2, -1, -0.4636476090008061, 2.23606797749979
1175, 66, 441, 351, 440, 352, 1, -1, -0.7853981633974483, 1.4142135623730951
1175, 68, 559, 83, 557, 83, 2, 0, 0.0, 2.0
1175, 70, 416, 405, 415, 406, 1, -1, -0.7853981633974483, 1.4142135623730951
1176, 0, 363, 123, 362, 124, 1, -1, -0.7853981633974483, 1.4142135623730951
1176, 2, 510, 362, 508, 363, 2, -1, -0.4636476090008061, 2.23606797749979
1176, 4, 493, 98, 491, 99, 2, -1, -0.4636476090008061, 2.23606797749979
1176, 5, 309, 70, 308, 71, 1, -1, -0.7853981633974483, 1.4142135623730951
1176, 8, 606, 78, 605, 79, 1, -1, -0.7853981633974483, 1.4142135623730951
1176, 11, 541, 341, 539, 342, 2, -1, -0.4636476090008061, 2.23606797749979
1176, 15, 326, 406, 325, 407, 1, -1, -0.7853981633974483, 1.4142135623730951
1176, 17, 328, 108, 327, 109, 1, -1, -0.7853981633974483, 1.4142135623730951
1176, 18, 567, 106, 565, 107, 2, -1, -0.4636476090008061, 2.23606797749979
1176, 19, 258, 119, 257, 120, 1, -1, -0.7853981633974483, 1.4142135623730951
1176, 21, 464, 74, 463, 75, 1, -1, -0.7853981633974483, 1.4142135623730951
1176, 23, 209, 408, 209, 410, 0, -2, -1.5707963267948966, 2.0
1176, 25, 573, 73, 572, 74, 1, -1, -0.7853981633974483, 1.4142135623730951
1176, 26, 332, 125, 331, 126, 1, -1, -0.7853981633974483, 1.4142135623730951
1176, 27, 552, 139, 550, 140, 2, -1, -0.4636476090008061, 2.23606797749979
1176, 28, 295, 351, 294, 352, 1, -1, -0.7853981633974483, 1.4142135623730951
1176, 30, 619, 378, 618, 379, 1, -1, -0.7853981633974483, 1.4142135623730951
1176, 31, 260, 407, 259, 408, 1, -1, -0.7853981633974483, 1.4142135623730951
1176, 40, 558, 370, 557, 371, 1, -1, -0.7853981633974483, 1.4142135623730951
1176, 41, 478, 353, 476, 354, 2, -1, -0.4636476090008061, 2.23606797749979
1176, 43, 437, 377, 436, 378, 1, -1, -0.7853981633974483, 1.4142135623730951
1176, 45, 212, 397, 214, 397, -2, 0, 3.141592653589793, 2.0
1176, 47, 558, 404, 557, 405, 1, -1, -0.7853981633974483, 1.4142135623730951
1176, 49, 433, 126, 432, 127, 1, -1, -0.7853981633974483, 1.4142135623730951
1176, 52, 449, 404, 448, 405, 1, -1, -0.7853981633974483, 1.4142135623730951
1176, 57, 413, 346, 411, 347, 2, -1, -0.4636476090008061, 2.23606797749979
1176, 58, 300, 346, 299, 347, 1, -1, -0.7853981633974483, 1.4142135623730951
1176, 60, 506, 80, 505, 81, 1, -1, -0.7853981633974483, 1.4142135623730951
1176, 61, 517, 123, 516, 124, 1, -1, -0.7853981633974483, 1.4142135623730951
1176, 62, 527, 84, 525, 83, 2, 1, 0.4636476090008061, 2.23606797749979
1176, 63, 170, 398, 171, 400, -1, -2, -2.0344439357957027, 2.23606797749979
1176, 67, 561, 83, 559, 83, 2, 0, 0.0, 2.0
1176, 69, 417, 404, 416, 405, 1, -1, -0.7853981633974483, 1.4142135623730951
1177, 0, 364, 122, 363, 123, 1, -1, -0.7853981633974483, 1.4142135623730951
1177, 1, 263, 358, 262, 359, 1, -1, -0.7853981633974483, 1.4142135623730951
1177, 2, 512, 361, 510, 362, 2, -1, -0.4636476090008061, 2.23606797749979
1177, 4, 495, 97, 493, 98, 2, -1, -0.4636476090008061, 2.23606797749979
1177, 5, 310, 69, 309, 70, 1, -1, -0.7853981633974483, 1.4142135623730951
1177, 6, 507, 68, 506, 69, 1, -1, -0.7853981633974483, 1.4142135623730951
1177, 8, 608, 78, 606, 78, 2, 0, 0.0, 2.0
1177, 15, 327, 405, 326, 406, 1, -1, -0.7853981633974483, 1.4142135623730951
1177, 18, 569, 106, 567, 106, 2, 0, 0.0, 2.0
1177, 19, 259, 118, 258, 119, 1, -1, -0.7853981633974483, 1.4142135623730951
1177, 21, 466, 74, 464, 74, 2, 0, 0.0, 2.0
1177, 25, 574, 72, 573, 73, 1, -1, -0.7853981633974483, 1.4142135623730951
1177, 26, 333, 124, 332, 125, 1, -1, -0.7853981633974483, 1.4142135623730951
1177, 27, 554, 139, 552, 139, 2, 0, 0.0, 2.0
1177, 28, 296, 350, 295, 351, 1, -1, -0.7853981633974483, 1.4142135623730951
1177, 29, 299, 121, 298, 122, 1, -1, -0.7853981633974483, 1.4142135623730951
1177, 30, 620, 377, 619, 378, 1, -1, -0.7853981633974483, 1.4142135623730951
1177, 32, 540, 74, 539, 75, 1, -1, -0.7853981633974483, 1.4142135623730951
1177, 33, 602, 125, 600, 125, 2, 0, 0.0, 2.0
1177, 36, 495, 356, 494, 357, 1, -1, -0.7853981633974483, 1.4142135623730951
1177, 39, 560, 370, 558, 370, 2, 0, 0.0, 2.0
1177, 40, 480, 352, 478, 353, 2, -1, -0.4636476090008061, 2.23606797749979
1177, 46, 560, 403, 558, 404, 2, -1, -0.4636476090008061, 2.23606797749979
1177, 47, 434, 125, 433, 126, 1, -1, -0.7853981633974483, 1.4142135623730951
1177, 48, 379, 350, 378, 351, 1, -1, -0.7853981633974483, 1.4142135623730951
1177, 51, 434, 372, 433, 373, 1, -1, -0.7853981633974483, 1.4142135623730951
1177, 53, 309, 90, 308, 91, 1, -1, -0.7853981633974483, 1.4142135623730951
1177, 54, 415, 346, 413, 346, 2, 0, 0.0, 2.0
1177, 55, 301, 345, 300, 346, 1, -1, -0.7853981633974483, 1.4142135623730951
1177, 57, 508, 80, 506, 80, 2, 0, 0.0, 2.0
1177, 58, 518, 122, 517, 123, 1, -1, -0.7853981633974483, 1.4142135623730951
1177, 59, 529, 84, 527, 84, 2, 0, 0.0, 2.0
1177, 61, 500, 81, 499, 82, 1, -1, -0.7853981633974483, 1.4142135623730951
1177, 64, 563, 83, 561, 83, 2, 0, 0.0, 2.0
1177, 66, 419, 404, 417, 404, 2, 0, 0.0, 2.0
1178, 2, 513, 360, 512, 361, 1, -1, -0.7853981633974483, 1.4142135623730951
1178, 4, 497, 97, 495, 97, 2, 0, 0.0, 2.0
1178, 5, 312, 68, 310, 69, 2, -1, -0.4636476090008061, 2.23606797749979
1178, 7, 257, 305, 258, 304, -1, 1, 2.356194490192345, 1.4142135623730951
1178, 8, 609, 77, 608, 78, 1, -1, -0.7853981633974483, 1.4142135623730951
1178, 11, 544, 340, 542, 341, 2, -1, -0.4636476090008061, 2.23606797749979
1178, 15, 328, 404, 327, 405, 1, -1, -0.7853981633974483, 1.4142135623730951
1178, 17, 329, 106, 328, 107, 1, -1, -0.7853981633974483, 1.4142135623730951
1178, 19, 260, 117, 259, 118, 1, -1, -0.7853981633974483, 1.4142135623730951
1178, 22, 464, 124, 463, 125, 1, -1, -0.7853981633974483, 1.4142135623730951
1178, 27, 557, 138, 554, 139, 3, -1, -0.3217505543966422, 3.1622776601683795
1178, 28, 298, 349, 296, 350, 2, -1, -0.4636476090008061, 2.23606797749979
1178, 29, 300, 120, 299, 121, 1, -1, -0.7853981633974483, 1.4142135623730951
1178, 30, 621, 376, 620, 377, 1, -1, -0.7853981633974483, 1.4142135623730951
1178, 33, 604, 125, 602, 125, 2, 0, 0.0, 2.0
1178, 39, 562, 369, 560, 370, 2, -1, -0.4636476090008061, 2.23606797749979
1178, 42, 440, 377, 438, 377, 2, 0, 0.0, 2.0
1178, 45, 562, 402, 560, 403, 2, -1, -0.4636476090008061, 2.23606797749979
1178, 47, 380, 349, 379, 350, 1, -1, -0.7853981633974483, 1.4142135623730951
1178, 52, 310, 89, 309, 90, 1, -1, -0.7853981633974483, 1.4142135623730951
1178, 53, 417, 346, 415, 346, 2, 0, 0.0, 2.0
1178, 58, 531, 84, 529, 84, 2, 0, 0.0, 2.0
1178, 60, 445, 351, 443, 351, 2, 0, 0.0, 2.0
1178, 61, 212, 111, 211, 112, 1, -1, -0.7853981633974483, 1.4142135623730951
1178, 62, 565, 83, 563, 83, 2, 0, 0.0, 2.0
1178, 64, 420, 403, 419, 404, 1, -1, -0.7853981633974483, 1.4142135623730951
1178, 65, 319, 400, 317, 400, 2, 0, 0.0, 2.0
1179, 2, 514, 359, 513, 360, 1, -1, -0.7853981633974483, 1.4142135623730951
1179, 5, 314, 67, 312, 68, 2, -1, -0.4636476090008061, 2.23606797749979
1179, 8, 611, 76, 609, 77, 2, -1, -0.4636476090008061, 2.23606797749979
1179, 11, 546, 340, 544, 340, 2, 0, 0.0, 2.0
1179, 15, 329, 403, 328, 404, 1, -1, -0.7853981633974483, 1.4142135623730951
1179, 17, 330, 105, 329, 106, 1, -1, -0.7853981633974483, 1.4142135623730951
1179, 18, 572, 106, 570, 106, 2, 0, 0.0, 2.0
1179, 19, 261, 116, 260, 117, 1, -1, -0.7853981633974483, 1.4142135623730951
1179, 22, 465, 123, 464, 124, 1, -1, -0.7853981633974483, 1.4142135623730951
1179, 26, 559, 138, 557, 138, 2, 0, 0.0, 2.0
1179, 27, 300, 348, 298, 349, 2, -1, -0.4636476090008061, 2.23606797749979
1179, 28, 301, 119, 300, 120, 1, -1, -0.7853981633974483, 1.4142135623730951
1179, 29, 622, 375, 621, 376, 1, -1, -0.7853981633974483, 1.4142135623730951
1179, 31, 542, 73, 541, 74, 1, -1, -0.7853981633974483, 1.4142135623730951
1179, 32, 607, 124, 604, 125, 3, -1, -0.3217505543966422, 3.1622776601683795
1179, 33, 404, 130, 403, 131, 1, -1, -0.7853981633974483, 1.4142135623730951
1179, 36, 369, 374, 368, 375, 1, -1, -0.7853981633974483, 1.4142135623730951
1179, 37, 564, 368, 562, 369, 2, -1, -0.4636476090008061, 2.23606797749979
1179, 38, 482, 351, 481, 352, 1, -1, -0.7853981633974483, 1.4142135623730951
1179, 40, 595, 399, 594, 400, 1, -1, -0.7853981633974483, 1.4142135623730951
1179, 42, 564, 402, 562, 402, 2, 0, 0.0, 2.0
1179, 44, 382, 348, 380, 349, 2, -1, -0.4636476090008061, 2.23606797749979
1179, 46, 453, 403, 451, 404, 2, -1, -0.4636476090008061, 2.23606797749979
1179, 48, 369, 368, 368, 369, 1, -1, -0.7853981633974483, 1.4142135623730951
1179, 50, 419, 346, 417, 346, 2, 0, 0.0, 2.0
1179, 51, 304, 344, 302, 345, 2, -1, -0.4636476090008061, 2.23606797749979
1179, 56, 502, 80, 501, 81, 1, -1, -0.7853981633974483, 1.4142135623730951
1180, 1, 365, 123, 364, 124, 1, -1, -0.7853981633974483, 1.4142135623730951
1180, 2, 263, 358, 262, 359, 1, -1, -0.7853981633974483, 1.4142135623730951
1180, 3, 314, 70, 312, 71, 2, -1, -0.4636476090008061, 2.23606797749979
1180, 4, 512, 362, 511, 363, 1, -1, -0.7853981633974483, 1.4142135623730951
1180, 5, 497, 99, 495, 99, 2, 0, 0.0, 2.0
1180, 7, 612, 76, 609, 77, 3, -1, -0.3217505543966422, 3.1622776601683795
1180, 14, 264, 399, 263, 400, 1, -1, -0.7853981633974483, 1.4142135623730951
1180, 18, 544, 341, 543, 343, 1, -2, -1.1071487177940904, 2.23606797749979
1180, 19, 296, 374, 295, 375, 1, -1, -0.7853981633974483, 1.4142135623730951
1180, 21, 336, 127, 335, 128, 1, -1, -0.7853981633974483, 1.4142135623730951
1180, 26, 554, 142, 552, 142, 2, 0, 0.0, 2.0
1180, 27, 492, 107, 490, 107, 2, 0, 0.0, 2.0
1180, 28, 300, 351, 298, 351, 2, 0, 0.0, 2.0
1180, 29, 432, 370, 430, 371, 2, -1, -0.4636476090008061, 2.23606797749979
1180, 36, 357, 129, 356, 130, 1, -1, -0.7853981633974483, 1.4142135623730951
1180, 37, 260, 121, 259, 122, 1, -1, -0.7853981633974483, 1.4142135623730951
1180, 40, 370, 370, 368, 370, 2, 0, 0.0, 2.0
1181, 3, 315, 69, 314, 70, 1, -1, -0.7853981633974483, 1.4142135623730951
1181, 4, 513, 361, 512, 362, 1, -1, -0.7853981633974483, 1.4142135623730951
1181, 7, 614, 75, 612, 76, 2, -1, -0.4636476090008061, 2.23606797749979
1181, 11, 329, 407, 328, 408, 1, -1, -0.7853981633974483, 1.4142135623730951
1181, 18, 545, 340, 544, 341, 1, -1, -0.7853981633974483, 1.4142135623730951
1181, 19, 298, 374, 296, 374, 2, 0, 0.0, 2.0
1181, 20, 572, 107, 570, 108, 2, -1, -0.4636476090008061, 2.23606797749979
1181, 23, 559, 369, 558, 370, 1, -1, -0.7853981633974483, 1.4142135623730951
1181, 25, 624, 379, 622, 379, 2, 0, 0.0, 2.0
1181, 26, 556, 142, 554, 142, 2, 0, 0.0, 2.0
1181, 27, 494, 107, 492, 107, 2, 0, 0.0, 2.0
1181, 28, 301, 350, 300, 351, 1, -1, -0.7853981633974483, 1.4142135623730951
1181, 29, 435, 369, 432, 370, 3, -1, -0.3217505543966422, 3.1622776601683795
1181, 31, 564, 404, 562, 405, 2, -1, -0.4636476090008061, 2.23606797749979
1181, 35, 468, 75, 466, 75, 2, 0, 0.0, 2.0
1181, 36, 358, 128, 357, 129, 1, -1, -0.7853981633974483, 1.4142135623730951
1181, 40, 372, 370, 370, 370, 2, 0, 0.0, 2.0
1182, 3, 316, 68, 315, 69, 1, -1, -0.7853981633974483, 1.4142135623730951
1182, 4, 514, 360, 513, 361, 1, -1, -0.7853981633974483, 1.4142135623730951
1182, 5, 502, 100, 498, 99, 4, 1, 0.24497866312686414, 4.123105625617661
1182, 6, 513, 71, 511, 71, 2, 0, 0.0, 2.0
1182, 7, 616, 75, 614, 75, 2, 0, 0.0, 2.0
1182, 12, 189, 154, 189, 156, 0, -2, -1.5707963267948966, 2.0
1182, 14, 266, 398, 265, 399, 1, -1, -0.7853981633974483, 1.4142135623730951
1182, 15, 266, 338, 264, 337, 2, 1, 0.4636476090008061, 2.23606797749979
1182, 18, 547, 340, 545, 340, 2, 0, 0.0, 2.0
1182, 20, 574, 107, 572, 107, 2, 0, 0.0, 2.0
1182, 25, 626, 379, 624, 379, 2, 0, 0.0, 2.0
1182, 28, 302, 349, 301, 350, 1, -1, -0.7853981633974483, 1.4142135623730951
1182, 29, 438, 368, 435, 369, 3, -1, -0.3217505543966422, 3.1622776601683795
1182, 31, 565, 403, 564, 404, 1, -1, -0.7853981633974483, 1.4142135623730951
1182, 36, 359, 127, 358, 128, 1, -1, -0.7853981633974483, 1.4142135623730951
1182, 37, 261, 119, 260, 120, 1, -1, -0.7853981633974483, 1.4142135623730951
1182, 38, 442, 378, 441, 379, 1, -1, -0.7853981633974483, 1.4142135623730951
1182, 40, 373, 369, 372, 370, 1, -1, -0.7853981633974483, 1.4142135623730951
1183, 1, 367, 122, 366, 123, 1, -1, -0.7853981633974483, 1.4142135623730951
1183, 3, 317, 67, 316, 68, 1, -1, -0.7853981633974483, 1.4142135623730951
1183, 4, 515, 359, 514, 360, 1, -1, -0.7853981633974483, 1.4142135623730951
1183, 7, 618, 74, 616, 75, 2, -1, -0.4636476090008061, 2.23606797749979
1183, 11, 331, 406, 330, 407, 1, -1, -0.7853981633974483, 1.4142135623730951
1183, 14, 267, 397, 266, 398, 1, -1, -0.7853981633974483, 1.4142135623730951
1183, 18, 549, 339, 547, 340, 2, -1, -0.4636476090008061, 2.23606797749979
1183, 20, 576, 106, 574, 107, 2, -1, -0.4636476090008061, 2.23606797749979
1183, 23, 561, 368, 560, 369, 1, -1, -0.7853981633974483, 1.4142135623730951
1183, 25, 628, 379, 626, 379, 2, 0, 0.0, 2.0
1183, 26, 559, 142, 557, 142, 2, 0, 0.0, 2.0
1183, 27, 495, 105, 494, 106, 1, -1, -0.7853981633974483, 1.4142135623730951
1183, 29, 440, 367, 438, 368, 2, -1, -0.4636476090008061, 2.23606797749979
1183, 31, 566, 402, 565, 403, 1, -1, -0.7853981633974483, 1.4142135623730951
1183, 32, 373, 378, 372, 379, 1, -1, -0.7853981633974483, 1.4142135623730951
1183, 40, 375, 368, 373, 369, 2, -1, -0.4636476090008061, 2.23606797749979
1184, 3, 318, 66, 317, 67, 1, -1, -0.7853981633974483, 1.4142135623730951
1184, 4, 517, 358, 515, 359, 2, -1, -0.4636476090008061, 2.23606797749979
1184, 5, 504, 99, 503, 100, 1, -1, -0.7853981633974483, 1.4142135623730951
1184, 7, 619, 73, 618, 74, 1, -1, -0.7853981633974483, 1.4142135623730951
1184, 11, 332, 405, 331, 406, 1, -1, -0.7853981633974483, 1.4142135623730951
1184, 14, 269, 396, 267, 397, 2, -1, -0.4636476090008061, 2.23606797749979
1184, 17, 318, 98, 316, 98, 2, 0, 0.0, 2.0
1184, 18, 551, 338, 549, 339, 2, -1, -0.4636476090008061, 2.23606797749979
1184, 19, 301, 373, 300, 374, 1, -1, -0.7853981633974483, 1.4142135623730951
1184, 22, 265, 408, 264, 409, 1, -1, -0.7853981633974483, 1.4142135623730951
1184, 25, 630, 379, 628, 379, 2, 0, 0.0, 2.0
1184, 26, 560, 141, 559, 142, 1, -1, -0.7853981633974483, 1.4142135623730951
1184, 29, 443, 366, 440, 367, 3, -1, -0.3217505543966422, 3.1622776601683795
1184, 32, 335, 108, 332, 109, 3, -1, -0.3217505543966422, 3.1622776601683795
1184, 34, 472, 75, 470, 75, 2, 0, 0.0, 2.0
1184, 39, 378, 368, 375, 368, 3, 0, 0.0, 3.0
1185, 0, 370, 125, 368, 125, 2, 0, 0.0, 2.0
1185, 3, 514, 70, 513, 71, 1, -1, -0.7853981633974483, 1.4142135623730951
1185, 5, 317, 69, 316, 70, 1, -1, -0.7853981633974483, 1.4142135623730951
1185, 6, 518, 361, 516, 362, 2, -1, -0.4636476090008061, 2.23606797749979
1185, 8, 616, 77, 614, 78, 2, -1, -0.4636476090008061, 2.23606797749979
1185, 9, 341, 127, 340, 128, 1, -1, -0.7853981633974483, 1.4142135623730951
1185, 11, 267, 400, 266, 401, 1, -1, -0.7853981633974483, 1.4142135623730951
1185, 13, 386, 353, 384, 353, 2, 0, 0.0, 2.0
1185, 15, 334, 405, 333, 406, 1, -1, -0.7853981633974483, 1.4142135623730951
1185, 16, 568, 404, 566, 405, 2, -1, -0.4636476090008061, 2.23606797749979
1185, 22, 574, 109, 572, 109, 2, 0, 0.0, 2.0
1185, 23, 549, 341, 548, 342, 1, -1, -0.7853981633974483, 1.4142135623730951
1185, 26, 629, 381, 627, 381, 2, 0, 0.0, 2.0
1185, 27, 294, 123, 293, 124, 1, -1, -0.7853981633974483, 1.4142135623730951
1185, 29, 583, 74, 581, 75, 2, -1, -0.4636476090008061, 2.23606797749979
1185, 31, 312, 101, 311, 103, 1, -2, -1.1071487177940904, 2.23606797749979
1185, 32, 304, 351, 303, 352, 1, -1, -0.7853981633974483, 1.4142135623730951
1185, 34, 249, 314, 249, 312, 0, 2, 1.5707963267948966, 2.0
1185, 38, 459, 131, 458, 132, 1, -1, -0.7853981633974483, 1.4142135623730951
1186, 1, 269, 360, 267, 360, 2, 0, 0.0, 2.0
1186, 2, 304, 119, 302, 118, 2, 1, 0.4636476090008061, 2.23606797749979
1186, 6, 520, 361, 518, 361, 2, 0, 0.0, 2.0
1186, 8, 617, 76, 616, 77, 1, -1, -0.7853981633974483, 1.4142135623730951
1186, 9, 342, 126, 341, 127, 1, -1, -0.7853981633974483, 1.4142135623730951
1186, 15, 335, 404, 334, 405, 1, -1, -0.7853981633974483, 1.4142135623730951
1186, 18, 474, 74, 472, 75, 2, -1, -0.4636476090008061, 2.23606797749979
1186, 22, 576, 109, 574, 109, 2, 0, 0.0, 2.0
1186, 23, 551, 340, 549, 341, 2, -1, -0.4636476090008061, 2.23606797749979
1186, 26, 631, 381, 629, 381, 2, 0, 0.0, 2.0
1186, 27, 295, 122, 294, 123, 1, -1, -0.7853981633974483, 1.4142135623730951
1186, 28, 561, 142, 559, 142, 2, 0, 0.0, 2.0
1186, 29, 585, 74, 583, 74, 2, 0, 0.0, 2.0
1186, 32, 305, 350, 304, 351, 1, -1, -0.7853981633974483, 1.4142135623730951
1186, 34, 250, 316, 249, 314, 1, 2, 1.1071487177940904, 2.23606797749979
1186, 38, 460, 130, 459, 131, 1, -1, -0.7853981633974483, 1.4142135623730951
1187, 1, 271, 360, 269, 360, 2, 0, 0.0, 2.0
1187, 4, 506, 99, 504, 100, 2, -1, -0.4636476090008061, 2.23606797749979
1187, 6, 522, 360, 520, 361, 2, -1, -0.4636476090008061, 2.23606797749979
1187, 18, 476, 74, 474, 74, 2, 0, 0.0, 2.0
1187, 19, 303, 373, 302, 374, 1, -1, -0.7853981633974483, 1.4142135623730951
1187, 23, 553, 339, 551, 340, 2, -1, -0.4636476090008061, 2.23606797749979
1187, 26, 633, 380, 631, 381, 2, -1, -0.4636476090008061, 2.23606797749979
1187, 27, 297, 121, 295, 122, 2, -1, -0.4636476090008061, 2.23606797749979
1187, 28, 563, 141, 561, 142, 2, -1, -0.4636476090008061, 2.23606797749979
1187, 34, 250, 318, 250, 316, 0, 2, 1.5707963267948966, 2.0
1187, 36, 565, 369, 564, 370, 1, -1, -0.7853981633974483, 1.4142135623730951
1188, 1, 273, 360, 271, 360, 2, 0, 0.0, 2.0
1188, 3, 518, 70, 516, 70, 2, 0, 0.0, 2.0
1188, 4, 508, 99, 506, 99, 2, 0, 0.0, 2.0
1188, 6, 524, 359, 522, 360, 2, -1, -0.4636476090008061, 2.23606797749979
1188, 9, 344, 125, 343, 126, 1, -1, -0.7853981633974483, 1.4142135623730951
1188, 13, 388, 351, 387, 352, 1, -1, -0.7853981633974483, 1.4142135623730951
1188, 16, 571, 403, 570, 404, 1, -1, -0.7853981633974483, 1.4142135623730951
1188, 18, 478, 73, 476, 74, 2, -1, -0.4636476090008061, 2.23606797749979
1188, 22, 578, 108, 577, 109, 1, -1, -0.7853981633974483, 1.4142135623730951
1188, 23, 555, 339, 553, 339, 2, 0, 0.0, 2.0
1188, 26, 634, 379, 633, 380, 1, -1, -0.7853981633974483, 1.4142135623730951
1188, 28, 564, 140, 563, 141, 1, -1, -0.7853981633974483, 1.4142135623730951
1188, 31, 313, 99, 312, 100, 1, -1, -0.7853981633974483, 1.4142135623730951
1188, 36, 566, 368, 565, 369, 1, -1, -0.7853981633974483, 1.4142135623730951
1188, 38, 461, 128, 460, 129, 1, -1, -0.7853981633974483, 1.4142135623730951
1189, 0, 374, 124, 373, 125, 1, -1, -0.7853981633974483, 1.4142135623730951
1189, 2, 308, 120, 306, 119, 2, 1, 0.4636476090008061, 2.23606797749979
1189, 4, 511, 98, 508, 99, 3, -1, -0.3217505543966422, 3.1622776601683795
1189, 5, 321, 68, 320, 69, 1, -1, -0.7853981633974483, 1.4142135623730951
1189, 6, 526, 359, 524, 359, 2, 0, 0.0, 2.0
1189, 8, 621, 76, 619, 76, 2, 0, 0.0, 2.0
1189, 10, 256, 150, 258, 150, -2, 0, 3.141592653589793, 2.0
1189, 17, 480, 72, 478, 73, 2, -1, -0.4636476090008061, 2.23606797749979
1189, 19, 331, 108, 330, 109, 1, -1, -0.7853981633974483, 1.4142135623730951
1189, 21, 579, 107, 578, 108, 1, -1, -0.7853981633974483, 1.4142135623730951
1189, 22, 557, 338, 555, 339, 2, -1, -0.4636476090008061, 2.23606797749979
1189, 24, 270, 409, 268, 410, 2, -1, -0.4636476090008061, 2.23606797749979
1189, 25, 635, 378, 634, 379, 1, -1, -0.7853981633974483, 1.4142135623730951
1189, 26, 299, 122, 298, 121, 1, 1, 0.7853981633974483, 1.4142135623730951
1189, 33, 248, 318, 250, 318, -2, 0, 3.141592653589793, 2.0
1189, 34, 379, 377, 377, 378, 2, -1, -0.4636476090008061, 2.23606797749979
1189, 36, 212, 407, 211, 408, 1, -1, -0.7853981633974483, 1.4142135623730951
1189, 37, 462, 127, 461, 128, 1, -1, -0.7853981633974483, 1.4142135623730951
1190, 3, 523, 362, 521, 363, 2, -1, -0.4636476090008061, 2.23606797749979
1190, 4, 509, 99, 507, 100, 2, -1, -0.4636476090008061, 2.23606797749979
1190, 6, 519, 72, 517, 72, 2, 0, 0.0, 2.0
1190, 13, 310, 98, 309, 99, 1, -1, -0.7853981633974483, 1.4142135623730951
1190, 14, 391, 352, 389, 352, 2, 0, 0.0, 2.0
1190, 18, 478, 74, 476, 75, 2, -1, -0.4636476090008061, 2.23606797749979
1190, 19, 580, 108, 579, 109, 1, -1, -0.7853981633974483, 1.4142135623730951
1190, 25, 336, 111, 335, 112, 1, -1, -0.7853981633974483, 1.4142135623730951
1190, 36, 555, 340, 554, 341, 1, -1, -0.7853981633974483, 1.4142135623730951
1190, 38, 633, 380, 632, 381, 1, -1, -0.7853981633974483, 1.4142135623730951
1190, 39, 491, 351, 489, 352, 2, -1, -0.4636476090008061, 2.23606797749979
1190, 40, 312, 126, 310, 126, 2, 0, 0.0, 2.0
1190, 41, 328, 105, 328, 107, 0, -2, -1.5707963267948966, 2.0
1191, 0, 308, 120, 305, 120, 3, 0, 0.0, 3.0
1191, 1, 377, 125, 374, 125, 3, 0, 0.0, 3.0
1191, 2, 275, 361, 272, 361, 3, 0, 0.0, 3.0
1191, 3, 526, 361, 523, 362, 3, -1, -0.3217505543966422, 3.1622776601683795
1191, 4, 511, 98, 509, 99, 2, -1, -0.4636476090008061, 2.23606797749979
1191, 7, 192, 154, 191, 155, 1, -1, -0.7853981633974483, 1.4142135623730951
1191, 10, 346, 128, 345, 129, 1, -1, -0.7853981633974483, 1.4142135623730951
1191, 17, 480, 73, 478, 74, 2, -1, -0.4636476090008061, 2.23606797749979
1191, 18, 582, 107, 580, 108, 2, -1, -0.4636476090008061, 2.23606797749979
1191, 26, 568, 369, 566, 370, 2, -1, -0.4636476090008061, 2.23606797749979
1191, 34, 565, 143, 563, 143, 2, 0, 0.0, 2.0
1191, 36, 214, 409, 213, 410, 1, -1, -0.7853981633974483, 1.4142135623730951
1191, 37, 634, 379, 633, 380, 1, -1, -0.7853981633974483, 1.4142135623730951
1191, 38, 492, 349, 491, 351, 1, -2, -1.1071487177940904, 2.23606797749979
1191, 39, 314, 127, 312, 126, 2, 1, 0.4636476090008061, 2.23606797749979
1192, 0, 309, 121, 308, 120, 1, 1, 0.7853981633974483, 1.4142135623730951
1192, 2, 277, 361, 275, 361, 2, 0, 0.0, 2.0
1192, 3, 527, 360, 526, 361, 1, -1, -0.7853981633974483, 1.4142135623730951
1192, 4, 513, 98, 511, 98, 2, 0, 0.0, 2.0
1192, 9, 258, 311, 259, 310, -1, 1, 2.356194490192345, 1.4142135623730951
1192, 10, 347, 127, 346, 128, 1, -1, -0.7853981633974483, 1.4142135623730951
1192, 11, 270, 409, 269, 410, 1, -1, -0.7853981633974483, 1.4142135623730951
1192, 17, 482, 72, 480, 73, 2, -1, -0.4636476090008061, 2.23606797749979
1192, 18, 583, 106, 582, 107, 1, -1, -0.7853981633974483, 1.4142135623730951
1192, 22, 552, 71, 551, 72, 1, -1, -0.7853981633974483, 1.4142135623730951
1192, 24, 337, 110, 336, 111, 1, -1, -0.7853981633974483, 1.4142135623730951
1192, 26, 569, 368, 568, 369, 1, -1, -0.7853981633974483, 1.4142135623730951
1192, 29, 268, 401, 267, 402, 1, -1, -0.7853981633974483, 1.4142135623730951
1192, 34, 567, 143, 565, 143, 2, 0, 0.0, 2.0
1192, 35, 558, 340, 556, 340, 2, 0, 0.0, 2.0
1192, 37, 635, 378, 634, 379, 1, -1, -0.7853981633974483, 1.4142135623730951
1192, 39, 316, 127, 314, 127, 2, 0, 0.0, 2.0
1193, 3, 528, 359, 527, 360, 1, -1, -0.7853981633974483, 1.4142135623730951
1193, 10, 348, 126, 347, 127, 1, -1, -0.7853981633974483, 1.4142135623730951
1193, 17, 484, 71, 482, 72, 2, -1, -0.4636476090008061, 2.23606797749979
1193, 21, 576, 405, 574, 405, 2, 0, 0.0, 2.0
1193, 24, 338, 109, 337, 110, 1, -1, -0.7853981633974483, 1.4142135623730951
1193, 26, 571, 366, 569, 368, 2, -2, -0.7853981633974483, 2.8284271247461903
1193, 29, 269, 400, 268, 401, 1, -1, -0.7853981633974483, 1.4142135623730951
1193, 31, 580, 82, 578, 82, 2, 0, 0.0, 2.0
1193, 33, 569, 142, 567, 143, 2, -1, -0.4636476090008061, 2.23606797749979
1193, 34, 563, 339, 558, 340, 5, -1, -0.19739555984988075, 5.0990195135927845
1193, 37, 494, 348, 493, 349, 1, -1, -0.7853981633974483, 1.4142135623730951
1193, 39, 281, 354, 279, 354, 2, 0, 0.0, 2.0
1193, 40, 273, 395, 272, 396, 1, -1, -0.7853981633974483, 1.4142135623730951
1194, 2, 279, 360, 278, 361, 1, -1, -0.7853981633974483, 1.4142135623730951
1194, 3, 529, 358, 528, 359, 1, -1, -0.7853981633974483, 1.4142135623730951
1194, 4, 515, 97, 514, 98, 1, -1, -0.7853981633974483, 1.4142135623730951
1194, 9, 349, 125, 348, 126, 1, -1, -0.7853981633974483, 1.4142135623730951
1194, 16, 486, 70, 484, 71, 2, -1, -0.4636476090008061, 2.23606797749979
1194, 17, 586, 105, 584, 106, 2, -1, -0.4636476090008061, 2.23606797749979
1194, 21, 554, 70, 553, 71, 1, -1, -0.7853981633974483, 1.4142135623730951
1194, 25, 574, 364, 571, 366, 3, -2, -0.5880026035475675, 3.605551275463989
1194, 29, 448, 368, 447, 369, 1, -1, -0.7853981633974483, 1.4142135623730951
1194, 32, 571, 142, 569, 142, 2, 0, 0.0, 2.0
1194, 33, 564, 338, 563, 339, 1, -1, -0.7853981633974483, 1.4142135623730951
1194, 36, 495, 347, 494, 348, 1, -1, -0.7853981633974483, 1.4142135623730951
1195, 3, 514, 101, 512, 101, 2, 0, 0.0, 2.0
1195, 4, 626, 79, 624, 79, 2, 0, 0.0, 2.0
1195, 5, 528, 361, 527, 362, 1, -1, -0.7853981633974483, 1.4142135623730951
1195, 8, 258, 311, 259, 310, -1, 1, 2.356194490192345, 1.4142135623730951
1195, 11, 561, 340, 560, 341, 1, -1, -0.7853981633974483, 1.4142135623730951
1195, 15, 523, 72, 522, 73, 1, -1, -0.7853981633974483, 1.4142135623730951
1195, 18, 584, 109, 582, 109, 2, 0, 0.0, 2.0
1195, 19, 339, 406, 338, 407, 1, -1, -0.7853981633974483, 1.4142135623730951
1195, 20, 506, 106, 504, 106, 2, 0, 0.0, 2.0
1195, 23, 349, 126, 348, 127, 1, -1, -0.7853981633974483, 1.4142135623730951
1195, 24, 316, 348, 314, 348, 2, 0, 0.0, 2.0
1195, 25, 494, 350, 493, 351, 1, -1, -0.7853981633974483, 1.4142135623730951
1195, 26, 334, 107, 332, 109, 2, -2, -0.7853981633974483, 2.8284271247461903
1195, 29, 312, 95, 310, 97, 2, -2, -0.7853981633974483, 2.8284271247461903
1195, 30, 519, 355, 518, 356, 1, -1, -0.7853981633974483, 1.4142135623730951
1195, 32, 196, 163, 194, 165, 2, -2, -0.7853981633974483, 2.8284271247461903
1195, 33, 272, 409, 271, 410, 1, -1, -0.7853981633974483, 1.4142135623730951
1195, 35, 571, 367, 570, 368, 1, -1, -0.7853981633974483, 1.4142135623730951
1195, 42, 578, 405, 576, 405, 2, 0, 0.0, 2.0
1195, 43, 570, 143, 568, 143, 2, 0, 0.0, 2.0
1195, 46, 417, 133, 415, 133, 2, 0, 0.0, 2.0
1196, 0, 380, 124, 378, 125, 2, -1, -0.4636476090008061, 2.23606797749979
1196, 3, 516, 101, 514, 101, 2, 0, 0.0, 2.0
1196, 4, 628, 78, 626, 79, 2, -1, -0.4636476090008061, 2.23606797749979
1196, 5, 529, 360, 528, 361, 1, -1, -0.7853981633974483, 1.4142135623730951
1196, 6, 329, 69, 326, 70, 3, -1, -0.3217505543966422, 3.1622776601683795
1196, 8, 267, 115, 265, 117, 2, -2, -0.7853981633974483, 2.8284271247461903
1196, 12, 379, 372, 378, 373, 1, -1, -0.7853981633974483, 1.4142135623730951
1196, 13, 524, 71, 523, 72, 1, -1, -0.7853981633974483, 1.4142135623730951
1196, 14, 196, 131, 193, 133, 3, -2, -0.5880026035475675, 3.605551275463989
1196, 15, 193, 325, 194, 324, -1, 1, 2.356194490192345, 1.4142135623730951
1196, 16, 586, 109, 584, 109, 2, 0, 0.0, 2.0
1196, 17, 343, 405, 339, 406, 4, -1, -0.24497866312686414, 4.123105625617661
1196, 18, 508, 105, 506, 106, 2, -1, -0.4636476090008061, 2.23606797749979
1196, 19, 450, 372, 449, 373, 1, -1, -0.7853981633974483, 1.4142135623730951
1196, 20, 555, 71, 554, 72, 1, -1, -0.7853981633974483, 1.4142135623730951
1196, 21, 350, 125, 349, 126, 1, -1, -0.7853981633974483, 1.4142135623730951
1196, 23, 495, 349, 494, 350, 1, -1, -0.7853981633974483, 1.4142135623730951
1196, 25, 271, 398, 270, 399, 1, -1, -0.7853981633974483, 1.4142135623730951
1196, 26, 307, 376, 306, 377, 1, -1, -0.7853981633974483, 1.4142135623730951
1196, 31, 273, 408, 272, 409, 1, -1, -0.7853981633974483, 1.4142135623730951
1196, 33, 573, 365, 571, 367, 2, -2, -0.7853981633974483, 2.8284271247461903
1196, 34, 548, 81, 547, 82, 1, -1, -0.7853981633974483, 1.4142135623730951
1196, 35, 216, 402, 215, 403, 1, -1, -0.7853981633974483, 1.4142135623730951
1196, 37, 216, 409, 215, 410, 1, -1, -0.7853981633974483, 1.4142135623730951
1196, 38, 383, 379, 382, 380, 1, -1, -0.7853981633974483, 1.4142135623730951
1196, 39, 582, 404, 578, 405, 4, -1, -0.24497866312686414, 4.123105625617661
1196, 40, 572, 143, 570, 143, 2, 0, 0.0, 2.0
1196, 43, 418, 132, 417, 133, 1, -1, -0.7853981633974483, 1.4142135623730951
1197, 2, 282, 360, 281, 361, 1, -1, -0.7853981633974483, 1.4142135623730951
1197, 3, 519, 101, 516, 101, 3, 0, 0.0, 3.0
1197, 4, 632, 78, 628, 78, 4, 0, 0.0, 4.0
1197, 5, 531, 360, 529, 360, 2, 0, 0.0, 2.0
1197, 9, 178, 329, 177, 330, 1, -1, -0.7853981633974483, 1.4142135623730951
1197, 10, 563, 339, 562, 340, 1, -1, -0.7853981633974483, 1.4142135623730951
1197, 12, 380, 371, 379, 372, 1, -1, -0.7853981633974483, 1.4142135623730951
1197, 13, 526, 70, 524, 71, 2, -1, -0.4636476090008061, 2.23606797749979
1197, 16, 588, 109, 586, 109, 2, 0, 0.0, 2.0
1197, 18, 510, 105, 508, 105, 2, 0, 0.0, 2.0
1197, 19, 451, 371, 450, 372, 1, -1, -0.7853981633974483, 1.4142135623730951
1197, 20, 556, 70, 555, 71, 1, -1, -0.7853981633974483, 1.4142135623730951
1197, 21, 351, 124, 350, 125, 1, -1, -0.7853981633974483, 1.4142135623730951
1197, 23, 496, 348, 495, 349, 1, -1, -0.7853981633974483, 1.4142135623730951
1197, 25, 272, 397, 271, 398, 1, -1, -0.7853981633974483, 1.4142135623730951
1197, 27, 314, 94, 313, 95, 1, -1, -0.7853981633974483, 1.4142135623730951
1197, 31, 274, 407, 273, 408, 1, -1, -0.7853981633974483, 1.4142135623730951
1197, 33, 576, 364, 573, 365, 3, -1, -0.3217505543966422, 3.1622776601683795
1197, 34, 550, 80, 548, 81, 2, -1, -0.4636476090008061, 2.23606797749979
1197, 36, 595, 74, 593, 75, 2, -1, -0.4636476090008061, 2.23606797749979
1197, 38, 384, 378, 383, 379, 1, -1, -0.7853981633974483, 1.4142135623730951
1197, 41, 220, 131, 217, 133, 3, -2, -0.5880026035475675, 3.605551275463989
1197, 43, 419, 131, 418, 132, 1, -1, -0.7853981633974483, 1.4142135623730951
1198, 0, 381, 122, 380, 124, 1, -2, -1.1071487177940904, 2.23606797749979
1198, 2, 283, 359, 282, 360, 1, -1, -0.7853981633974483, 1.4142135623730951
1198, 3, 521, 101, 519, 101, 2, 0, 0.0, 2.0
1198, 5, 532, 359, 531, 360, 1, -1, -0.7853981633974483, 1.4142135623730951
1198, 6, 331, 68, 330, 69, 1, -1, -0.7853981633974483, 1.4142135623730951
1198, 10, 564, 338, 563, 339, 1, -1, -0.7853981633974483, 1.4142135623730951
1198, 11, 193, 153, 193, 155, 0, -2, -1.5707963267948966, 2.0
1198, 12, 382, 370, 380, 371, 2, -1, -0.4636476090008061, 2.23606797749979
1198, 13, 529, 69, 526, 70, 3, -1, -0.3217505543966422, 3.1622776601683795
1198, 15, 191, 325, 193, 325, -2, 0, 3.141592653589793, 2.0
1198, 16, 590, 109, 588, 109, 2, 0, 0.0, 2.0
1198, 18, 512, 104, 510, 105, 2, -1, -0.4636476090008061, 2.23606797749979
1198, 19, 453, 370, 451, 371, 2, -1, -0.4636476090008061, 2.23606797749979
1198, 21, 352, 123, 351, 124, 1, -1, -0.7853981633974483, 1.4142135623730951
1198, 22, 320, 348, 318, 348, 2, 0, 0.0, 2.0
1198, 23, 497, 347, 496, 348, 1, -1, -0.7853981633974483, 1.4142135623730951
1198, 24, 337, 106, 336, 107, 1, -1, -0.7853981633974483, 1.4142135623730951
1198, 25, 274, 396, 272, 397, 2, -1, -0.4636476090008061, 2.23606797749979
1198, 27, 314, 96, 314, 94, 0, 2, 1.5707963267948966, 2.0
1198, 28, 522, 354, 521, 355, 1, -1, -0.7853981633974483, 1.4142135623730951
1198, 29, 489, 74, 487, 75, 2, -1, -0.4636476090008061, 2.23606797749979
1198, 30, 197, 160, 197, 162, 0, -2, -1.5707963267948966, 2.0
1198, 31, 275, 406, 274, 407, 1, -1, -0.7853981633974483, 1.4142135623730951
1198, 33, 578, 363, 576, 364, 2, -1, -0.4636476090008061, 2.23606797749979
1198, 34, 552, 80, 550, 80, 2, 0, 0.0, 2.0
1198, 36, 597, 74, 595, 74, 2, 0, 0.0, 2.0
1198, 38, 385, 377, 384, 378, 1, -1, -0.7853981633974483, 1.4142135623730951
1198, 39, 584, 403, 583, 404, 1, -1, -0.7853981633974483, 1.4142135623730951
1198, 40, 575, 143, 573, 143, 2, 0, 0.0, 2.0
1198, 43, 420, 130, 419, 131, 1, -1, -0.7853981633974483, 1.4142135623730951
1199, 0, 382, 121, 381, 122, 1, -1, -0.7853981633974483, 1.4142135623730951
1199, 1, 317, 121, 315, 122, 2, -1, -0.4636476090008061, 2.23606797749979
1199, 2, 285, 358, 283, 359, 2, -1, -0.4636476090008061, 2.23606797749979
1199, 3, 523, 101, 521, 101, 2, 0, 0.0, 2.0
1199, 5, 534, 358, 532, 359, 2, -1, -0.4636476090008061, 2.23606797749979
1199, 6, 332, 67, 331, 68, 1, -1, -0.7853981633974483, 1.4142135623730951
1199, 9, 179, 328, 178, 329, 1, -1, -0.7853981633974483, 1.4142135623730951
1199, 10, 565, 337, 564, 338, 1, -1, -0.7853981633974483, 1.4142135623730951
1199, 12, 384, 369, 382, 370, 2, -1, -0.4636476090008061, 2.23606797749979
1199, 13, 531, 68, 529, 69, 2, -1, -0.4636476090008061, 2.23606797749979
1199, 17, 344, 404, 343, 405, 1, -1, -0.7853981633974483, 1.4142135623730951
1199, 18, 514, 104, 512, 104, 2, 0, 0.0, 2.0
1199, 19, 454, 369, 453, 370, 1, -1, -0.7853981633974483, 1.4142135623730951
1199, 21, 353, 122, 352, 123, 1, -1, -0.7853981633974483, 1.4142135623730951
1199, 22, 322, 347, 320, 348, 2, -1, -0.4636476090008061, 2.23606797749979
1199, 23, 498, 346, 497, 347, 1, -1, -0.7853981633974483, 1.4142135623730951
1199, 25, 276, 396, 274, 396, 2, 0, 0.0, 2.0
1199, 26, 310, 375, 309, 376, 1, -1, -0.7853981633974483, 1.4142135623730951
1199, 28, 524, 353, 522, 354, 2, -1, -0.4636476090008061, 2.23606797749979
1199, 31, 276, 405, 275, 406, 1, -1, -0.7853981633974483, 1.4142135623730951
1199, 34, 553, 79, 552, 80, 1, -1, -0.7853981633974483, 1.4142135623730951
1199, 35, 217, 400, 216, 401, 1, -1, -0.7853981633974483, 1.4142135623730951
1199, 38, 387, 376, 385, 377, 2, -1, -0.4636476090008061, 2.23606797749979
1199, 40, 577, 143, 575, 143, 2, 0, 0.0, 2.0
1200, 0, 284, 360, 283, 361, 1, -1, -0.7853981633974483, 1.4142135623730951
1200, 1, 318, 122, 316, 122, 2, 0, 0.0, 2.0
1200, 2, 383, 124, 381, 125, 2, -1, -0.4636476090008061, 2.23606797749979
1200, 3, 533, 360, 532, 361, 1, -1, -0.7853981633974483, 1.4142135623730951
1200, 7, 195, 152, 195, 155, 0, -3, -1.5707963267948966, 3.0
1200, 8, 519, 101, 517, 101, 2, 0, 0.0, 2.0
1200, 10, 529, 71, 528, 72, 1, -1, -0.7853981633974483, 1.4142135623730951
1200, 12, 567, 340, 565, 341, 2, -1, -0.4636476090008061, 2.23606797749979
1200, 14, 276, 409, 275, 410, 1, -1, -0.7853981633974483, 1.4142135623730951
1200, 17, 525, 354, 523, 355, 2, -1, -0.4636476090008061, 2.23606797749979
1200, 20, 589, 108, 588, 109, 1, -1, -0.7853981633974483, 1.4142135623730951
1200, 21, 382, 131, 381, 132, 1, -1, -0.7853981633974483, 1.4142135623730951
1200, 26, 219, 402, 218, 403, 1, -1, -0.7853981633974483, 1.4142135623730951
1200, 27, 575, 143, 573, 144, 2, -1, -0.4636476090008061, 2.23606797749979
1200, 28, 473, 127, 471, 127, 2, 0, 0.0, 2.0
1200, 29, 558, 73, 557, 72, 1, 1, 0.7853981633974483, 1.4142135623730951
1200, 34, 594, 74, 592, 74, 2, 0, 0.0, 2.0
1200, 35, 353, 125, 352, 126, 1, -1, -0.7853981633974483, 1.4142135623730951
1200, 36, 382, 371, 381, 372, 1, -1, -0.7853981633974483, 1.4142135623730951
1200, 37, 186, 84, 184, 84, 2, 0, 0.0, 2.0
1200, 39, 474, 403, 473, 404, 1, -1, -0.7853981633974483, 1.4142135623730951
1200, 41, 635, 116, 637, 117, -2, -1, -2.677945044588987, 2.23606797749979
1200, 45, 310, 375, 309, 377, 1, -2, -1.1071487177940904, 2.23606797749979
1200, 48, 617, 399, 615, 399, 2, 0, 0.0, 2.0
1200, 49, 583, 82, 582, 83, 1, -1, -0.7853981633974483, 1.4142135623730951
1200, 52, 190, 125, 189, 127, 1, -2, -1.1071487177940904, 2.23606797749979
1200, 54, 425, 128, 424, 130, 1, -2, -1.1071487177940904, 2.23606797749979
1201, 0, 285, 359, 284, 360, 1, -1, -0.7853981633974483, 1.4142135623730951
1201, 1, 320, 121, 318, 122, 2, -1, -0.4636476090008061, 2.23606797749979
1201, 2, 384, 123, 383, 124, 1, -1, -0.7853981633974483, 1.4142135623730951
1201, 3, 536, 359, 533, 360, 3, -1, -0.3217505543966422, 3.1622776601683795
1201, 5, 321, 128, 320, 129, 1, -1, -0.7853981633974483, 1.4142135623730951
1201, 10, 531, 70, 529, 71, 2, -1, -0.4636476090008061, 2.23606797749979
1201, 12, 570, 339, 567, 340, 3, -1, -0.3217505543966422, 3.1622776601683795
1201, 16, 319, 350, 318, 351, 1, -1, -0.7853981633974483, 1.4142135623730951
1201, 17, 527, 353, 525, 354, 2, -1, -0.4636476090008061, 2.23606797749979
1201, 20, 591, 108, 589, 108, 2, 0, 0.0, 2.0
1201, 21, 383, 130, 382, 131, 1, -1, -0.7853981633974483, 1.4142135623730951
1201, 23, 345, 407, 344, 408, 1, -1, -0.7853981633974483, 1.4142135623730951
1201, 27, 577, 143, 575, 143, 2, 0, 0.0, 2.0
1201, 28, 475, 127, 473, 127, 2, 0, 0.0, 2.0
1201, 29, 559, 72, 558, 73, 1, -1, -0.7853981633974483, 1.4142135623730951
1201, 31, 274, 399, 273, 400, 1, -1, -0.7853981633974483, 1.4142135623730951
1201, 32, 490, 75, 488, 76, 2, -1, -0.4636476090008061, 2.23606797749979
1201, 37, 188, 83, 186, 84, 2, -1, -0.4636476090008061, 2.23606797749979
1201, 38, 387, 379, 386, 380, 1, -1, -0.7853981633974483, 1.4142135623730951
1201, 39, 475, 402, 474, 403, 1, -1, -0.7853981633974483, 1.4142135623730951
1201, 42, 521, 82, 520, 83, 1, -1, -0.7853981633974483, 1.4142135623730951
1201, 45, 311, 374, 310, 375, 1, -1, -0.7853981633974483, 1.4142135623730951
1201, 51, 550, 82, 549, 83, 1, -1, -0.7853981633974483, 1.4142135623730951
1201, 52, 191, 124, 190, 125, 1, -1, -0.7853981633974483, 1.4142135623730951
1201, 53, 242, 117, 242, 119, 0, -2, -1.5707963267948966, 2.0
1201, 54, 427, 127, 425, 128, 2, -1, -0.4636476090008061, 2.23606797749979
1202, 0, 286, 358, 285, 359, 1, -1, -0.7853981633974483, 1.4142135623730951
1202, 1, 322, 120, 320, 121, 2, -1, -0.4636476090008061, 2.23606797749979
1202, 2, 385, 122, 384, 123, 1, -1, -0.7853981633974483, 1.4142135623730951
1202, 3, 537, 358, 536, 359, 1, -1, -0.7853981633974483, 1.4142135623730951
1202, 5, 322, 127, 321, 128, 1, -1, -0.7853981633974483, 1.4142135623730951
1202, 8, 522, 101, 520, 101, 2, 0, 0.0, 2.0
1202, 10, 533, 68, 531, 70, 2, -2, -0.7853981633974483, 2.8284271247461903
1202, 12, 573, 339, 570, 339, 3, 0, 0.0, 3.0
1202, 17, 529, 352, 527, 353, 2, -1, -0.4636476090008061, 2.23606797749979
1202, 19, 580, 370, 579, 371, 1, -1, -0.7853981633974483, 1.4142135623730951
1202, 23, 346, 406, 345, 407, 1, -1, -0.7853981633974483, 1.4142135623730951
1202, 27, 579, 143, 577, 143, 2, 0, 0.0, 2.0
1202, 32, 491, 74, 490, 75, 1, -1, -0.7853981633974483, 1.4142135623730951
1202, 36, 384, 370, 383, 371, 1, -1, -0.7853981633974483, 1.4142135623730951
1202, 39, 476, 401, 475, 402, 1, -1, -0.7853981633974483, 1.4142135623730951
1202, 42, 522, 81, 521, 82, 1, -1, -0.7853981633974483, 1.4142135623730951
1202, 44, 585, 404, 584, 405, 1, -1, -0.7853981633974483, 1.4142135623730951
1202, 45, 312, 373, 311, 374, 1, -1, -0.7853981633974483, 1.4142135623730951
1202, 52, 192, 123, 191, 124, 1, -1, -0.7853981633974483, 1.4142135623730951
1203, 0, 287, 357, 286, 358, 1, -1, -0.7853981633974483, 1.4142135623730951
1203, 2, 386, 121, 385, 122, 1, -1, -0.7853981633974483, 1.4142135623730951
1203, 3, 539, 357, 537, 358, 2, -1, -0.4636476090008061, 2.23606797749979
1203, 7, 196, 149, 195, 150, 1, -1, -0.7853981633974483, 1.4142135623730951
1203, 8, 524, 101, 522, 101, 2, 0, 0.0, 2.0
1203, 10, 534, 67, 533, 68, 1, -1, -0.7853981633974483, 1.4142135623730951
1203, 12, 575, 338, 573, 339, 2, -1, -0.4636476090008061, 2.23606797749979
1203, 14, 279, 408, 278, 409, 1, -1, -0.7853981633974483, 1.4142135623730951
1203, 19, 581, 369, 580, 370, 1, -1, -0.7853981633974483, 1.4142135623730951
1203, 20, 594, 108, 592, 108, 2, 0, 0.0, 2.0
1203, 21, 385, 129, 383, 129, 2, 0, 0.0, 2.0
1203, 27, 476, 126, 475, 127, 1, -1, -0.7853981633974483, 1.4142135623730951
1203, 31, 493, 73, 491, 74, 2, -1, -0.4636476090008061, 2.23606797749979
1203, 33, 597, 73, 596, 74, 1, -1, -0.7853981633974483, 1.4142135623730951
1203, 36, 189, 81, 188, 82, 1, -1, -0.7853981633974483, 1.4142135623730951
1203, 37, 390, 378, 388, 379, 2, -1, -0.4636476090008061, 2.23606797749979
1203, 38, 478, 400, 476, 401, 2, -1, -0.4636476090008061, 2.23606797749979
1203, 39, 248, 358, 247, 359, 1, -1, -0.7853981633974483, 1.4142135623730951
1203, 41, 523, 80, 522, 81, 1, -1, -0.7853981633974483, 1.4142135623730951
1203, 43, 586, 403, 585, 404, 1, -1, -0.7853981633974483, 1.4142135623730951
1203, 44, 313, 372, 312, 373, 1, -1, -0.7853981633974483, 1.4142135623730951
1203, 49, 552, 81, 551, 82, 1, -1, -0.7853981633974483, 1.4142135623730951
1203, 50, 193, 122, 192, 123, 1, -1, -0.7853981633974483, 1.4142135623730951
1204, 0, 288, 356, 287, 357, 1, -1, -0.7853981633974483, 1.4142135623730951
1204, 2, 387, 120, 386, 121, 1, -1, -0.7853981633974483, 1.4142135623730951
1204, 3, 540, 356, 539, 357, 1, -1, -0.7853981633974483, 1.4142135623730951
1204, 6, 335, 70, 334, 71, 1, -1, -0.7853981633974483, 1.4142135623730951
1204, 10, 535, 66, 534, 67, 1, -1, -0.7853981633974483, 1.4142135623730951
1204, 12, 577, 338, 575, 338, 2, 0, 0.0, 2.0
1204, 19, 582, 368, 581, 369, 1, -1, -0.7853981633974483, 1.4142135623730951
1204, 20, 596, 108, 594, 108, 2, 0, 0.0, 2.0
1204, 21, 386, 128, 385, 129, 1, -1, -0.7853981633974483, 1.4142135623730951
1204, 22, 348, 405, 347, 406, 1, -1, -0.7853981633974483, 1.4142135623730951
1204, 24, 404, 352, 403, 353, 1, -1, -0.7853981633974483, 1.4142135623730951
1204, 25, 222, 401, 221, 402, 1, -1, -0.7853981633974483, 1.4142135623730951
1204, 27, 477, 125, 476, 126, 1, -1, -0.7853981633974483, 1.4142135623730951
1204, 28, 563, 72, 561, 72, 2, 0, 0.0, 2.0
1204, 31, 494, 72, 493, 73, 1, -1, -0.7853981633974483, 1.4142135623730951
1204, 34, 357, 124, 356, 125, 1, -1, -0.7853981633974483, 1.4142135623730951
1204, 36, 190, 80, 189, 81, 1, -1, -0.7853981633974483, 1.4142135623730951
1204, 37, 391, 377, 390, 378, 1, -1, -0.7853981633974483, 1.4142135623730951
1204, 38, 480, 400, 478, 400, 2, 0, 0.0, 2.0
1204, 43, 587, 402, 586, 403, 1, -1, -0.7853981633974483, 1.4142135623730951
1204, 44, 314, 371, 313, 372, 1, -1, -0.7853981633974483, 1.4142135623730951
1204, 49, 553, 80, 552, 81, 1, -1, -0.7853981633974483, 1.4142135623730951
1204, 50, 192, 120, 193, 122, -1, -2, -2.0344439357957027, 2.23606797749979
1205, 0, 288, 359, 286, 360, 2, -1, -0.4636476090008061, 2.23606797749979
1205, 2, 525, 102, 522, 102, 3, 0, 0.0, 3.0
1205, 4, 388, 123, 387, 124, 1, -1, -0.7853981633974483, 1.4142135623730951
1205, 6, 538, 359, 537, 360, 1, -1, -0.7853981633974483, 1.4142135623730951
1205, 12, 358, 125, 357, 126, 1, -1, -0.7853981633974483, 1.4142135623730951
1205, 13, 347, 406, 346, 407, 1, -1, -0.7853981633974483, 1.4142135623730951
1205, 14, 280, 400, 279, 401, 1, -1, -0.7853981633974483, 1.4142135623730951
1205, 18, 349, 105, 348, 106, 1, -1, -0.7853981633974483, 1.4142135623730951
1205, 22, 595, 110, 593, 110, 2, 0, 0.0, 2.0
1205, 23, 405, 353, 403, 353, 2, 0, 0.0, 2.0
1205, 26, 494, 74, 492, 75, 2, -1, -0.4636476090008061, 2.23606797749979
1205, 27, 571, 339, 570, 340, 1, -1, -0.7853981633974483, 1.4142135623730951
1205, 28, 221, 409, 220, 410, 1, -1, -0.7853981633974483, 1.4142135623730951
1205, 30, 216, 162, 215, 163, 1, -1, -0.7853981633974483, 1.4142135623730951
1205, 35, 504, 348, 503, 349, 1, -1, -0.7853981633974483, 1.4142135623730951
1205, 36, 581, 372, 580, 373, 1, -1, -0.7853981633974483, 1.4142135623730951
1205, 39, 567, 74, 566, 75, 1, -1, -0.7853981633974483, 1.4142135623730951
1205, 40, 502, 371, 500, 372, 2, -1, -0.4636476090008061, 2.23606797749979
1205, 41, 581, 143, 579, 144, 2, -1, -0.4636476090008061, 2.23606797749979
1206, 0, 289, 357, 288, 359, 1, -2, -1.1071487177940904, 2.23606797749979
1206, 2, 527, 102, 525, 102, 2, 0, 0.0, 2.0
1206, 10, 224, 400, 223, 401, 1, -1, -0.7853981633974483, 1.4142135623730951
1206, 17, 324, 351, 322, 351, 2, 0, 0.0, 2.0
1206, 22, 597, 109, 595, 110, 2, -1, -0.4636476090008061, 2.23606797749979
1206, 23, 406, 352, 405, 353, 1, -1, -0.7853981633974483, 1.4142135623730951
1206, 26, 495, 73, 494, 74, 1, -1, -0.7853981633974483, 1.4142135623730951
1206, 34, 478, 404, 477, 405, 1, -1, -0.7853981633974483, 1.4142135623730951
1206, 35, 505, 347, 504, 348, 1, -1, -0.7853981633974483, 1.4142135623730951
1206, 37, 392, 379, 391, 380, 1, -1, -0.7853981633974483, 1.4142135623730951
1206, 38, 346, 364, 345, 365, 1, -1, -0.7853981633974483, 1.4142135623730951
1206, 39, 569, 74, 567, 74, 2, 0, 0.0, 2.0
1206, 40, 505, 369, 502, 371, 3, -2, -0.5880026035475675, 3.605551275463989
1206, 41, 583, 143, 581, 143, 2, 0, 0.0, 2.0
1207, 0, 290, 356, 289, 357, 1, -1, -0.7853981633974483, 1.4142135623730951
1207, 1, 323, 123, 322, 122, 1, 1, 0.7853981633974483, 1.4142135623730951
1207, 2, 529, 101, 527, 102, 2, -1, -0.4636476090008061, 2.23606797749979
1207, 5, 536, 71, 534, 71, 2, 0, 0.0, 2.0
1207, 6, 541, 358, 539, 359, 2, -1, -0.4636476090008061, 2.23606797749979
1207, 9, 338, 71, 337, 72, 1, -1, -0.7853981633974483, 1.4142135623730951
1207, 13, 348, 404, 347, 405, 1, -1, -0.7853981633974483, 1.4142135623730951
1207, 17, 325, 350, 324, 351, 1, -1, -0.7853981633974483, 1.4142135623730951
1207, 20, 604, 75, 602, 76, 2, -1, -0.4636476090008061, 2.23606797749979
1207, 22, 599, 108, 597, 109, 2, -1, -0.4636476090008061, 2.23606797749979
1207, 24, 280, 408, 279, 409, 1, -1, -0.7853981633974483, 1.4142135623730951
1207, 27, 574, 339, 572, 339, 2, 0, 0.0, 2.0
1207, 33, 190, 299, 190, 301, 0, -2, -1.5707963267948966, 2.0
1207, 34, 479, 403, 478, 404, 1, -1, -0.7853981633974483, 1.4142135623730951
1207, 35, 507, 346, 505, 347, 2, -1, -0.4636476090008061, 2.23606797749979
1207, 36, 584, 372, 582, 372, 2, 0, 0.0, 2.0
1207, 37, 393, 378, 392, 379, 1, -1, -0.7853981633974483, 1.4142135623730951
1207, 40, 509, 368, 505, 369, 4, -1, -0.24497866312686414, 4.123105625617661
1207, 41, 585, 143, 583, 143, 2, 0, 0.0, 2.0
1208, 2, 531, 101, 529, 101, 2, 0, 0.0, 2.0
1208, 5, 537, 70, 536, 71, 1, -1, -0.7853981633974483, 1.4142135623730951
1208, 6, 542, 357, 541, 358, 1, -1, -0.7853981633974483, 1.4142135623730951
1208, 12, 360, 124, 359, 125, 1, -1, -0.7853981633974483, 1.4142135623730951
1208, 13, 349, 403, 348, 404, 1, -1, -0.7853981633974483, 1.4142135623730951
1208, 19, 429, 132, 428, 133, 1, -1, -0.7853981633974483, 1.4142135623730951
1208, 20, 606, 75, 604, 75, 2, 0, 0.0, 2.0
1208, 22, 601, 107, 599, 108, 2, -1, -0.4636476090008061, 2.23606797749979
1208, 24, 281, 407, 280, 408, 1, -1, -0.7853981633974483, 1.4142135623730951
1208, 27, 576, 339, 574, 339, 2, 0, 0.0, 2.0
1208, 29, 189, 364, 188, 365, 1, -1, -0.7853981633974483, 1.4142135623730951
1208, 33, 191, 298, 190, 299, 1, -1, -0.7853981633974483, 1.4142135623730951
1208, 35, 508, 345, 507, 346, 1, -1, -0.7853981633974483, 1.4142135623730951
1208, 36, 585, 371, 584, 372, 1, -1, -0.7853981633974483, 1.4142135623730951
1208, 38, 348, 363, 347, 364, 1, -1, -0.7853981633974483, 1.4142135623730951
1208, 39, 571, 73, 570, 74, 1, -1, -0.7853981633974483, 1.4142135623730951
1208, 40, 512, 366, 509, 368, 3, -2, -0.5880026035475675, 3.605551275463989
1208, 41, 587, 142, 585, 143, 2, -1, -0.4636476090008061, 2.23606797749979
1209, 0, 292, 355, 291, 356, 1, -1, -0.7853981633974483, 1.4142135623730951
1209, 6, 543, 356, 542, 357, 1, -1, -0.7853981633974483, 1.4142135623730951
1209, 9, 341, 71, 339, 71, 2, 0, 0.0, 2.0
1209, 13, 350, 402, 349, 403, 1, -1, -0.7853981633974483, 1.4142135623730951
1209, 14, 282, 399, 281, 400, 1, -1, -0.7853981633974483, 1.4142135623730951
1209, 18, 352, 103, 351, 104, 1, -1, -0.7853981633974483, 1.4142135623730951
1209, 19, 430, 131, 429, 132, 1, -1, -0.7853981633974483, 1.4142135623730951
1209, 20, 608, 74, 606, 75, 2, -1, -0.4636476090008061, 2.23606797749979
1209, 21, 393, 370, 392, 371, 1, -1, -0.7853981633974483, 1.4142135623730951
1209, 22, 602, 106, 601, 107, 1, -1, -0.7853981633974483, 1.4142135623730951
1209, 25, 270, 112, 269, 113, 1, -1, -0.7853981633974483, 1.4142135623730951
1209, 26, 498, 72, 497, 73, 1, -1, -0.7853981633974483, 1.4142135623730951
1209, 27, 578, 338, 576, 339, 2, -1, -0.4636476090008061, 2.23606797749979
1209, 34, 482, 403, 480, 403, 2, 0, 0.0, 2.0
1209, 35, 510, 344, 508, 345, 2, -1, -0.4636476090008061, 2.23606797749979
1209, 36, 587, 372, 585, 371, 2, 1, 0.4636476090008061, 2.23606797749979
1209, 38, 349, 362, 348, 363, 1, -1, -0.7853981633974483, 1.4142135623730951
1209, 39, 572, 72, 571, 73, 1, -1, -0.7853981633974483, 1.4142135623730951
1209, 40, 515, 365, 512, 366, 3, -1, -0.3217505543966422, 3.1622776601683795
1209, 41, 590, 141, 587, 142, 3, -1, -0.3217505543966422, 3.1622776601683795
1210, 2, 292, 358, 291, 359, 1, -1, -0.7853981633974483, 1.4142135623730951
1210, 3, 544, 358, 542, 359, 2, -1, -0.4636476090008061, 2.23606797749979
1210, 4, 530, 101, 528, 101, 2, 0, 0.0, 2.0
1210, 5, 341, 72, 340, 73, 1, -1, -0.7853981633974483, 1.4142135623730951
1210, 9, 635, 125, 638, 126, -3, -1, -2.819842099193151, 3.1622776601683795
1210, 13, 577, 339, 576, 340, 1, -1, -0.7853981633974483, 1.4142135623730951
1210, 15, 350, 406, 349, 407, 1, -1, -0.7853981633974483, 1.4142135623730951
1210, 18, 600, 109, 598, 109, 2, 0, 0.0, 2.0
1210, 23, 408, 352, 407, 353, 1, -1, -0.7853981633974483, 1.4142135623730951
1210, 24, 606, 75, 605, 76, 1, -1, -0.7853981633974483, 1.4142135623730951
1210, 25, 459, 370, 457, 371, 2, -1, -0.4636476090008061, 2.23606797749979
1210, 28, 430, 132, 429, 133, 1, -1, -0.7853981633974483, 1.4142135623730951
1210, 35, 586, 144, 584, 145, 2, -1, -0.4636476090008061, 2.23606797749979
1210, 36, 225, 307, 224, 308, 1, -1, -0.7853981633974483, 1.4142135623730951
1210, 38, 388, 370, 386, 371, 2, -1, -0.4636476090008061, 2.23606797749979
1210, 39, 592, 84, 590, 84, 2, 0, 0.0, 2.0
1211, 2, 293, 357, 292, 358, 1, -1, -0.7853981633974483, 1.4142135623730951
1211, 3, 545, 357, 544, 358, 1, -1, -0.7853981633974483, 1.4142135623730951
1211, 5, 342, 71, 341, 72, 1, -1, -0.7853981633974483, 1.4142135623730951
1211, 7, 540, 71, 538, 71, 2, 0, 0.0, 2.0
1211, 12, 361, 126, 360, 127, 1, -1, -0.7853981633974483, 1.4142135623730951
1211, 13, 579, 339, 577, 339, 2, 0, 0.0, 2.0
1211, 15, 351, 405, 350, 406, 1, -1, -0.7853981633974483, 1.4142135623730951
1211, 17, 284, 400, 283, 401, 1, -1, -0.7853981633974483, 1.4142135623730951
1211, 18, 603, 109, 600, 109, 3, 0, 0.0, 3.0
1211, 23, 409, 351, 408, 352, 1, -1, -0.7853981633974483, 1.4142135623730951
1211, 25, 462, 368, 459, 370, 3, -2, -0.5880026035475675, 3.605551275463989
1211, 26, 397, 380, 395, 380, 2, 0, 0.0, 2.0
1211, 32, 253, 405, 252, 406, 1, -1, -0.7853981633974483, 1.4142135623730951
1211, 33, 342, 81, 341, 82, 1, -1, -0.7853981633974483, 1.4142135623730951
1211, 35, 588, 144, 586, 144, 2, 0, 0.0, 2.0
1211, 37, 391, 368, 388, 370, 3, -2, -0.5880026035475675, 3.605551275463989
1211, 38, 594, 84, 592, 84, 2, 0, 0.0, 2.0
1212, 2, 295, 357, 293, 357, 2, 0, 0.0, 2.0
1212, 3, 546, 356, 545, 357, 1, -1, -0.7853981633974483, 1.4142135623730951
1212, 5, 343, 70, 342, 71, 1, -1, -0.7853981633974483, 1.4142135623730951
1212, 12, 362, 125, 361, 126, 1, -1, -0.7853981633974483, 1.4142135623730951
1212, 13, 580, 338, 579, 339, 1, -1, -0.7853981633974483, 1.4142135623730951
1212, 15, 352, 404, 351, 405, 1, -1, -0.7853981633974483, 1.4142135623730951
1212, 22, 225, 408, 224, 409, 1, -1, -0.7853981633974483, 1.4142135623730951
1212, 23, 410, 350, 409, 351, 1, -1, -0.7853981633974483, 1.4142135623730951
1212, 24, 609, 74, 607, 75, 2, -1, -0.4636476090008061, 2.23606797749979
1212, 25, 465, 367, 462, 368, 3, -1, -0.3217505543966422, 3.1622776601683795
1212, 28, 431, 130, 430, 131, 1, -1, -0.7853981633974483, 1.4142135623730951
1212, 30, 276, 117, 275, 118, 1, -1, -0.7853981633974483, 1.4142135623730951
1212, 35, 590, 144, 588, 144, 2, 0, 0.0, 2.0
1212, 37, 394, 367, 391, 368, 3, -1, -0.3217505543966422, 3.1622776601683795
1212, 38, 595, 83, 594, 84, 1, -1, -0.7853981633974483, 1.4142135623730951
1213, 2, 296, 356, 295, 357, 1, -1, -0.7853981633974483, 1.4142135623730951
1213, 3, 548, 355, 546, 356, 2, -1, -0.4636476090008061, 2.23606797749979
1213, 4, 534, 101, 532, 101, 2, 0, 0.0, 2.0
1213, 5, 345, 69, 343, 70, 2, -1, -0.4636476090008061, 2.23606797749979
1213, 7, 542, 70, 541, 71, 1, -1, -0.7853981633974483, 1.4142135623730951
1213, 13, 581, 337, 580, 338, 1, -1, -0.7853981633974483, 1.4142135623730951
1213, 17, 606, 109, 604, 109, 2, 0, 0.0, 2.0
1213, 18, 501, 74, 499, 75, 2, -1, -0.4636476090008061, 2.23606797749979
1213, 19, 329, 351, 328, 352, 1, -1, -0.7853981633974483, 1.4142135623730951
1213, 22, 412, 349, 410, 350, 2, -1, -0.4636476090008061, 2.23606797749979
1213, 23, 611, 73, 609, 74, 2, -1, -0.4636476090008061, 2.23606797749979
1213, 24, 468, 367, 465, 367, 3, 0, 0.0, 3.0
1213, 25, 400, 380, 398, 380, 2, 0, 0.0, 2.0
1213, 28, 397, 371, 396, 372, 1, -1, -0.7853981633974483, 1.4142135623730951
1213, 30, 318, 375, 317, 376, 1, -1, -0.7853981633974483, 1.4142135623730951
1213, 31, 255, 404, 254, 405, 1, -1, -0.7853981633974483, 1.4142135623730951
1213, 32, 344, 80, 343, 81, 1, -1, -0.7853981633974483, 1.4142135623730951
1213, 34, 592, 144, 590, 144, 2, 0, 0.0, 2.0
1213, 36, 397, 365, 394, 367, 3, -2, -0.5880026035475675, 3.605551275463989
1213, 37, 597, 82, 595, 83, 2, -1, -0.4636476090008061, 2.23606797749979
1214, 3, 550, 355, 548, 355, 2, 0, 0.0, 2.0
1214, 4, 536, 101, 534, 101, 2, 0, 0.0, 2.0
1214, 5, 346, 68, 345, 69, 1, -1, -0.7853981633974483, 1.4142135623730951
1214, 7, 543, 69, 542, 70, 1, -1, -0.7853981633974483, 1.4142135623730951
1214, 13, 583, 336, 581, 337, 2, -1, -0.4636476090008061, 2.23606797749979
1214, 17, 608, 109, 606, 109, 2, 0, 0.0, 2.0
1214, 23, 613, 72, 611, 73, 2, -1, -0.4636476090008061, 2.23606797749979
1214, 24, 471, 365, 468, 367, 3, -2, -0.5880026035475675, 3.605551275463989
1214, 25, 401, 379, 400, 380, 1, -1, -0.7853981633974483, 1.4142135623730951
1214, 28, 399, 371, 397, 371, 2, 0, 0.0, 2.0
1214, 29, 277, 115, 276, 116, 1, -1, -0.7853981633974483, 1.4142135623730951
1214, 30, 319, 374, 318, 375, 1, -1, -0.7853981633974483, 1.4142135623730951
1214, 31, 256, 403, 255, 404, 1, -1, -0.7853981633974483, 1.4142135623730951
1214, 34, 594, 144, 592, 144, 2, 0, 0.0, 2.0
1214, 36, 400, 364, 397, 365, 3, -1, -0.3217505543966422, 3.1622776601683795
1214, 37, 598, 81, 597, 82, 1, -1, -0.7853981633974483, 1.4142135623730951
1215, 1, 298, 358, 296, 359, 2, -1, -0.4636476090008061, 2.23606797749979
1215, 2, 396, 124, 395, 125, 1, -1, -0.7853981633974483, 1.4142135623730951
1215, 3, 548, 358, 547, 359, 1, -1, -0.7853981633974483, 1.4142135623730951
1215, 4, 543, 71, 541, 71, 2, 0, 0.0, 2.0
1215, 5, 345, 71, 344, 72, 1, -1, -0.7853981633974483, 1.4142135623730951
1215, 6, 537, 103, 535, 103, 2, 0, 0.0, 2.0
1215, 9, 365, 126, 364, 127, 1, -1, -0.7853981633974483, 1.4142135623730951
1215, 10, 590, 370, 589, 371, 1, -1, -0.7853981633974483, 1.4142135623730951
1215, 11, 320, 376, 319, 377, 1, -1, -0.7853981633974483, 1.4142135623730951
1215, 14, 608, 109, 606, 109, 2, 0, 0.0, 2.0
1215, 15, 413, 352, 412, 353, 1, -1, -0.7853981633974483, 1.4142135623730951
1215, 18, 468, 368, 466, 368, 2, 0, 0.0, 2.0
1215, 19, 583, 339, 581, 339, 2, 0, 0.0, 2.0
1215, 23, 598, 404, 596, 404, 2, 0, 0.0, 2.0
1215, 25, 486, 131, 485, 132, 1, -1, -0.7853981633974483, 1.4142135623730951
1215, 27, 330, 351, 329, 352, 1, -1, -0.7853981633974483, 1.4142135623730951
1215, 29, 612, 74, 611, 75, 1, -1, -0.7853981633974483, 1.4142135623730951
1215, 30, 540, 355, 538, 355, 2, 0, 0.0, 2.0
1215, 31, 577, 75, 576, 76, 1, -1, -0.7853981633974483, 1.4142135623730951
1215, 32, 275, 114, 274, 115, 1, -1, -0.7853981633974483, 1.4142135623730951
1215, 33, 320, 127, 318, 128, 2, -1, -0.4636476090008061, 2.23606797749979
1216, 2, 398, 123, 396, 124, 2, -1, -0.4636476090008061, 2.23606797749979
1216, 3, 550, 357, 548, 358, 2, -1, -0.4636476090008061, 2.23606797749979
1216, 6, 539, 104, 537, 103, 2, 1, 0.4636476090008061, 2.23606797749979
1216, 10, 591, 369, 590, 370, 1, -1, -0.7853981633974483, 1.4142135623730951
1216, 11, 321, 375, 320, 376, 1, -1, -0.7853981633974483, 1.4142135623730951
1216, 14, 610, 109, 608, 109, 2, 0, 0.0, 2.0
1216, 15, 414, 351, 413, 352, 1, -1, -0.7853981633974483, 1.4142135623730951
1216, 18, 470, 368, 468, 368, 2, 0, 0.0, 2.0
1216, 19, 586, 338, 583, 339, 3, -1, -0.3217505543966422, 3.1622776601683795
1216, 20, 356, 405, 355, 406, 1, -1, -0.7853981633974483, 1.4142135623730951
1216, 21, 502, 75, 501, 76, 1, -1, -0.7853981633974483, 1.4142135623730951
1216, 23, 600, 404, 598, 404, 2, 0, 0.0, 2.0
1216, 25, 488, 130, 486, 131, 2, -1, -0.4636476090008061, 2.23606797749979
1216, 29, 613, 73, 612, 74, 1, -1, -0.7853981633974483, 1.4142135623730951
1216, 30, 542, 354, 540, 355, 2, -1, -0.4636476090008061, 2.23606797749979
1216, 31, 578, 74, 577, 75, 1, -1, -0.7853981633974483, 1.4142135623730951
1217, 0, 331, 124, 330, 125, 1, -1, -0.7853981633974483, 1.4142135623730951
1217, 1, 300, 357, 299, 358, 1, -1, -0.7853981633974483, 1.4142135623730951
1217, 3, 552, 356, 550, 357, 2, -1, -0.4636476090008061, 2.23606797749979
1217, 10, 593, 368, 591, 369, 2, -1, -0.4636476090008061, 2.23606797749979
1217, 11, 322, 374, 321, 375, 1, -1, -0.7853981633974483, 1.4142135623730951
1217, 14, 612, 109, 610, 109, 2, 0, 0.0, 2.0
1217, 17, 471, 367, 470, 368, 1, -1, -0.7853981633974483, 1.4142135623730951
1217, 18, 589, 338, 586, 338, 3, 0, 0.0, 3.0
1217, 19, 357, 404, 356, 405, 1, -1, -0.7853981633974483, 1.4142135623730951
1217, 20, 503, 74, 502, 75, 1, -1, -0.7853981633974483, 1.4142135623730951
1217, 21, 329, 97, 328, 98, 1, -1, -0.7853981633974483, 1.4142135623730951
1217, 22, 602, 403, 600, 404, 2, -1, -0.4636476090008061, 2.23606797749979
1217, 26, 332, 350, 331, 351, 1, -1, -0.7853981633974483, 1.4142135623730951
1217, 28, 615, 72, 613, 73, 2, -1, -0.4636476090008061, 2.23606797749979
1217, 29, 544, 353, 542, 354, 2, -1, -0.4636476090008061, 2.23606797749979
1217, 30, 580, 73, 578, 74, 2, -1, -0.4636476090008061, 2.23606797749979
1217, 32, 322, 126, 321, 127, 1, -1, -0.7853981633974483, 1.4142135623730951
1218, 1, 301, 356, 300, 357, 1, -1, -0.7853981633974483, 1.4142135623730951
1218, 3, 554, 356, 552, 356, 2, 0, 0.0, 2.0
1218, 5, 349, 71, 347, 71, 2, 0, 0.0, 2.0
1218, 6, 541, 103, 540, 104, 1, -1, -0.7853981633974483, 1.4142135623730951
1218, 10, 594, 367, 593, 368, 1, -1, -0.7853981633974483, 1.4142135623730951
1218, 11, 323, 373, 322, 374, 1, -1, -0.7853981633974483, 1.4142135623730951
1218, 15, 417, 350, 415, 351, 2, -1, -0.4636476090008061, 2.23606797749979
1218, 18, 590, 337, 589, 338, 1, -1, -0.7853981633974483, 1.4142135623730951
1218, 22, 603, 402, 602, 403, 1, -1, -0.7853981633974483, 1.4142135623730951
1218, 27, 596, 145, 594, 145, 2, 0, 0.0, 2.0
1218, 29, 545, 352, 544, 353, 1, -1, -0.7853981633974483, 1.4142135623730951
1219, 2, 401, 122, 400, 123, 1, -1, -0.7853981633974483, 1.4142135623730951
1219, 3, 555, 355, 554, 356, 1, -1, -0.7853981633974483, 1.4142135623730951
1219, 6, 543, 103, 541, 103, 2, 0, 0.0, 2.0
1219, 9, 368, 125, 367, 126, 1, -1, -0.7853981633974483, 1.4142135623730951
1219, 15, 418, 349, 417, 350, 1, -1, -0.7853981633974483, 1.4142135623730951
1219, 18, 592, 336, 590, 337, 2, -1, -0.4636476090008061, 2.23606797749979
1219, 20, 506, 73, 504, 74, 2, -1, -0.4636476090008061, 2.23606797749979
1219, 21, 330, 96, 329, 97, 1, -1, -0.7853981633974483, 1.4142135623730951
1219, 26, 333, 349, 332, 350, 1, -1, -0.7853981633974483, 1.4142135623730951
1219, 29, 546, 351, 545, 352, 1, -1, -0.7853981633974483, 1.4142135623730951
1220, 4, 541, 102, 539, 103, 2, -1, -0.4636476090008061, 2.23606797749979
1220, 7, 554, 359, 552, 359, 2, 0, 0.0, 2.0
1220, 8, 358, 402, 357, 403, 1, -1, -0.7853981633974483, 1.4142135623730951
1220, 16, 613, 109, 612, 110, 1, -1, -0.7853981633974483, 1.4142135623730951
1220, 17, 604, 81, 603, 82, 1, -1, -0.7853981633974483, 1.4142135623730951
1220, 23, 324, 375, 323, 376, 1, -1, -0.7853981633974483, 1.4142135623730951
1220, 24, 368, 126, 367, 127, 1, -1, -0.7853981633974483, 1.4142135623730951
1220, 26, 595, 367, 594, 368, 1, -1, -0.7853981633974483, 1.4142135623730951
1220, 29, 230, 410, 229, 411, 1, -1, -0.7853981633974483, 1.4142135623730951
1220, 34, 570, 81, 569, 82, 1, -1, -0.7853981633974483, 1.4142135623730951
1220, 35, 602, 403, 601, 404, 1, -1, -0.7853981633974483, 1.4142135623730951
1220, 37, 334, 347, 333, 348, 1, -1, -0.7853981633974483, 1.4142135623730951
1220, 38, 565, 129, 563, 130, 2, -1, -0.4636476090008061, 2.23606797749979
1221, 0, 334, 124, 333, 125, 1, -1, -0.7853981633974483, 1.4142135623730951
1221, 1, 302, 357, 301, 358, 1, -1, -0.7853981633974483, 1.4142135623730951
1221, 2, 401, 124, 400, 125, 1, -1, -0.7853981633974483, 1.4142135623730951
1221, 4, 543, 101, 541, 102, 2, -1, -0.4636476090008061, 2.23606797749979
1221, 7, 555, 358, 554, 359, 1, -1, -0.7853981633974483, 1.4142135623730951
1221, 8, 359, 401, 358, 402, 1, -1, -0.7853981633974483, 1.4142135623730951
1221, 9, 418, 352, 417, 353, 1, -1, -0.7853981633974483, 1.4142135623730951
1221, 13, 589, 338, 588, 339, 1, -1, -0.7853981633974483, 1.4142135623730951
1221, 15, 291, 410, 290, 411, 1, -1, -0.7853981633974483, 1.4142135623730951
1221, 16, 615, 109, 613, 109, 2, 0, 0.0, 2.0
1221, 18, 277, 117, 276, 118, 1, -1, -0.7853981633974483, 1.4142135623730951
1221, 28, 598, 146, 596, 146, 2, 0, 0.0, 2.0
1221, 31, 329, 98, 328, 99, 1, -1, -0.7853981633974483, 1.4142135623730951
1221, 33, 507, 76, 505, 76, 2, 0, 0.0, 2.0
1221, 35, 603, 402, 602, 403, 1, -1, -0.7853981633974483, 1.4142135623730951
1221, 38, 567, 129, 565, 129, 2, 0, 0.0, 2.0
1222, 1, 303, 356, 302, 357, 1, -1, -0.7853981633974483, 1.4142135623730951
1222, 4, 545, 101, 543, 101, 2, 0, 0.0, 2.0
1222, 7, 556, 357, 555, 358, 1, -1, -0.7853981633974483, 1.4142135623730951
1222, 11, 353, 105, 352, 106, 1, -1, -0.7853981633974483, 1.4142135623730951
1222, 16, 616, 108, 615, 109, 1, -1, -0.7853981633974483, 1.4142135623730951
1222, 18, 278, 116, 277, 117, 1, -1, -0.7853981633974483, 1.4142135623730951
1222, 23, 326, 374, 325, 375, 1, -1, -0.7853981633974483, 1.4142135623730951
1222, 26, 598, 366, 596, 367, 2, -1, -0.4636476090008061, 2.23606797749979
1222, 28, 600, 146, 598, 146, 2, 0, 0.0, 2.0
1222, 29, 231, 409, 230, 410, 1, -1, -0.7853981633974483, 1.4142135623730951
1222, 33, 509, 75, 507, 76, 2, -1, -0.4636476090008061, 2.23606797749979
1222, 34, 572, 80, 571, 81, 1, -1, -0.7853981633974483, 1.4142135623730951
1223, 0, 335, 123, 334, 124, 1, -1, -0.7853981633974483, 1.4142135623730951
1223, 1, 305, 355, 303, 356, 2, -1, -0.4636476090008061, 2.23606797749979
1223, 4, 547, 100, 545, 101, 2, -1, -0.4636476090008061, 2.23606797749979
1223, 8, 360, 399, 359, 400, 1, -1, -0.7853981633974483, 1.4142135623730951
1223, 13, 592, 338, 590, 338, 2, 0, 0.0, 2.0
1223, 16, 617, 107, 616, 108, 1, -1, -0.7853981633974483, 1.4142135623730951
1223, 17, 607, 80, 606, 81, 1, -1, -0.7853981633974483, 1.4142135623730951
1223, 24, 371, 125, 370, 126, 1, -1, -0.7853981633974483, 1.4142135623730951
1223, 26, 600, 365, 598, 366, 2, -1, -0.4636476090008061, 2.23606797749979
1223, 28, 602, 146, 600, 146, 2, 0, 0.0, 2.0
1223, 31, 330, 96, 329, 97, 1, -1, -0.7853981633974483, 1.4142135623730951
1223, 33, 511, 74, 509, 75, 2, -1, -0.4636476090008061, 2.23606797749979
1223, 34, 573, 79, 572, 80, 1, -1, -0.7853981633974483, 1.4142135623730951
1223, 37, 336, 346, 335, 347, 1, -1, -0.7853981633974483, 1.4142135623730951
1224, 4, 549, 100, 547, 100, 2, 0, 0.0, 2.0
1224, 5, 550, 71, 549, 72, 1, -1, -0.7853981633974483, 1.4142135623730951
1224, 11, 354, 104, 353, 105, 1, -1, -0.7853981633974483, 1.4142135623730951
1224, 13, 594, 338, 592, 338, 2, 0, 0.0, 2.0
1224, 15, 293, 409, 292, 410, 1, -1, -0.7853981633974483, 1.4142135623730951
1224, 16, 619, 106, 617, 107, 2, -1, -0.4636476090008061, 2.23606797749979
1224, 18, 280, 115, 279, 116, 1, -1, -0.7853981633974483, 1.4142135623730951
1224, 23, 327, 372, 326, 373, 1, -1, -0.7853981633974483, 1.4142135623730951
1224, 24, 372, 124, 371, 125, 1, -1, -0.7853981633974483, 1.4142135623730951
1224, 26, 601, 364, 600, 365, 1, -1, -0.7853981633974483, 1.4142135623730951
1224, 28, 604, 146, 602, 146, 2, 0, 0.0, 2.0
1224, 33, 513, 73, 511, 74, 2, -1, -0.4636476090008061, 2.23606797749979
1224, 37, 337, 345, 336, 346, 1, -1, -0.7853981633974483, 1.4142135623730951
1225, 2, 559, 356, 557, 357, 2, -1, -0.4636476090008061, 2.23606797749979
1225, 3, 405, 125, 403, 125, 2, 0, 0.0, 2.0
1225, 5, 354, 71, 353, 72, 1, -1, -0.7853981633974483, 1.4142135623730951
1225, 8, 326, 96, 325, 98, 1, -2, -1.1071487177940904, 2.23606797749979
1225, 9, 550, 72, 549, 73, 1, -1, -0.7853981633974483, 1.4142135623730951
1225, 13, 594, 338, 592, 339, 2, -1, -0.4636476090008061, 2.23606797749979
1225, 14, 476, 372, 475, 373, 1, -1, -0.7853981633974483, 1.4142135623730951
1225, 15, 402, 373, 401, 374, 1, -1, -0.7853981633974483, 1.4142135623730951
1225, 17, 292, 410, 291, 411, 1, -1, -0.7853981633974483, 1.4142135623730951
1225, 18, 422, 354, 421, 355, 1, -1, -0.7853981633974483, 1.4142135623730951
1225, 21, 373, 128, 372, 129, 1, -1, -0.7853981633974483, 1.4142135623730951
1225, 22, 600, 366, 599, 367, 1, -1, -0.7853981633974483, 1.4142135623730951
1225, 25, 511, 74, 510, 75, 1, -1, -0.7853981633974483, 1.4142135623730951
1225, 28, 603, 145, 601, 146, 2, -1, -0.4636476090008061, 2.23606797749979
1225, 29, 354, 106, 353, 107, 1, -1, -0.7853981633974483, 1.4142135623730951
1225, 30, 615, 109, 614, 110, 1, -1, -0.7853981633974483, 1.4142135623730951
1225, 31, 607, 82, 606, 83, 1, -1, -0.7853981633974483, 1.4142135623730951
1225, 33, 281, 114, 280, 115, 1, -1, -0.7853981633974483, 1.4142135623730951
1225, 34, 559, 81, 557, 82, 2, -1, -0.4636476090008061, 2.23606797749979
1225, 36, 635, 400, 638, 400, -3, 0, 3.141592653589793, 3.0
1225, 38, 483, 379, 481, 380, 2, -1, -0.4636476090008061, 2.23606797749979
1225, 42, 621, 75, 619, 75, 2, 0, 0.0, 2.0
1225, 43, 340, 347, 339, 348, 1, -1, -0.7853981633974483, 1.4142135623730951
1225, 46, 570, 131, 568, 131, 2, 0, 0.0, 2.0
1225, 48, 608, 403, 606, 403, 2, 0, 0.0, 2.0
1225, 51, 540, 90, 536, 89, 4, 1, 0.24497866312686414, 4.123105625617661
1225, 52, 167, 359, 169, 360, -2, -1, -2.677945044588987, 2.23606797749979
1225, 54, 497, 125, 496, 126, 1, -1, -0.7853981633974483, 1.4142135623730951
1226, 0, 305, 355, 304, 357, 1, -2, -1.1071487177940904, 2.23606797749979
1226, 1, 339, 125, 338, 126, 1, -1, -0.7853981633974483, 1.4142135623730951
1226, 2, 561, 355, 559, 356, 2, -1, -0.4636476090008061, 2.23606797749979
1226, 3, 406, 124, 405, 125, 1, -1, -0.7853981633974483, 1.4142135623730951
1226, 5, 355, 70, 354, 71, 1, -1, -0.7853981633974483, 1.4142135623730951
1226, 8, 327, 95, 326, 96, 1, -1, -0.7853981633974483, 1.4142135623730951
1226, 9, 551, 71, 550, 72, 1, -1, -0.7853981633974483, 1.4142135623730951
1226, 12, 290, 401, 289, 402, 1, -1, -0.7853981633974483, 1.4142135623730951
1226, 13, 598, 337, 594, 338, 4, -1, -0.24497866312686414, 4.123105625617661
1226, 14, 477, 371, 476, 372, 1, -1, -0.7853981633974483, 1.4142135623730951
1226, 15, 403, 372, 402, 373, 1, -1, -0.7853981633974483, 1.4142135623730951
1226, 17, 293, 409, 292, 410, 1, -1, -0.7853981633974483, 1.4142135623730951
1226, 21, 374, 127, 373, 128, 1, -1, -0.7853981633974483, 1.4142135623730951
1226, 22, 602, 365, 600, 366, 2, -1, -0.4636476090008061, 2.23606797749979
1226, 25, 513, 73, 511, 74, 2, -1, -0.4636476090008061, 2.23606797749979
1226, 27, 605, 144, 603, 145, 2, -1, -0.4636476090008061, 2.23606797749979
1226, 29, 618, 108, 615, 109, 3, -1, -0.3217505543966422, 3.1622776601683795
1226, 30, 608, 81, 607, 82, 1, -1, -0.7853981633974483, 1.4142135623730951
1226, 31, 583, 72, 582, 73, 1, -1, -0.7853981633974483, 1.4142135623730951
1226, 32, 282, 113, 281, 114, 1, -1, -0.7853981633974483, 1.4142135623730951
1226, 33, 561, 80, 559, 81, 2, -1, -0.4636476090008061, 2.23606797749979
1226, 36, 485, 378, 483, 379, 2, -1, -0.4636476090008061, 2.23606797749979
1226, 37, 538, 110, 537, 111, 1, -1, -0.7853981633974483, 1.4142135623730951
1226, 39, 447, 127, 446, 128, 1, -1, -0.7853981633974483, 1.4142135623730951
1226, 40, 623, 75, 621, 75, 2, 0, 0.0, 2.0
1226, 41, 341, 346, 340, 347, 1, -1, -0.7853981633974483, 1.4142135623730951
1226, 44, 572, 131, 570, 131, 2, 0, 0.0, 2.0
1226, 47, 236, 111, 236, 113, 0, -2, -1.5707963267948966, 2.0
1226, 48, 543, 90, 540, 90, 3, 0, 0.0, 3.0
1226, 51, 498, 124, 497, 125, 1, -1, -0.7853981633974483, 1.4142135623730951
1227, 0, 306, 354, 305, 355, 1, -1, -0.7853981633974483, 1.4142135623730951
1227, 1, 340, 124, 339, 125, 1, -1, -0.7853981633974483, 1.4142135623730951
1227, 2, 563, 354, 561, 355, 2, -1, -0.4636476090008061, 2.23606797749979
1227, 3, 408, 123, 406, 124, 2, -1, -0.4636476090008061, 2.23606797749979
1227, 4, 550, 103, 548, 103, 2, 0, 0.0, 2.0
1227, 8, 328, 94, 327, 95, 1, -1, -0.7853981633974483, 1.4142135623730951
1227, 9, 553, 70, 551, 71, 2, -1, -0.4636476090008061, 2.23606797749979
1227, 11, 292, 400, 290, 401, 2, -1, -0.4636476090008061, 2.23606797749979
1227, 13, 478, 370, 477, 371, 1, -1, -0.7853981633974483, 1.4142135623730951
1227, 14, 404, 371, 403, 372, 1, -1, -0.7853981633974483, 1.4142135623730951
1227, 16, 294, 408, 293, 409, 1, -1, -0.7853981633974483, 1.4142135623730951
1227, 20, 375, 126, 374, 127, 1, -1, -0.7853981633974483, 1.4142135623730951
1227, 21, 604, 363, 602, 365, 2, -2, -0.7853981633974483, 2.8284271247461903
1227, 24, 515, 72, 513, 73, 2, -1, -0.4636476090008061, 2.23606797749979
1227, 25, 608, 144, 605, 144, 3, 0, 0.0, 3.0
1227, 26, 355, 104, 354, 105, 1, -1, -0.7853981633974483, 1.4142135623730951
1227, 27, 620, 108, 618, 108, 2, 0, 0.0, 2.0
1227, 28, 610, 80, 608, 81, 2, -1, -0.4636476090008061, 2.23606797749979
1227, 29, 584, 71, 583, 72, 1, -1, -0.7853981633974483, 1.4142135623730951
1227, 30, 283, 112, 282, 113, 1, -1, -0.7853981633974483, 1.4142135623730951
1227, 31, 565, 79, 561, 80, 4, -1, -0.24497866312686414, 4.123105625617661
1227, 34, 487, 377, 485, 378, 2, -1, -0.4636476090008061, 2.23606797749979
1227, 35, 539, 109, 538, 110, 1, -1, -0.7853981633974483, 1.4142135623730951
1227, 37, 448, 126, 447, 127, 1, -1, -0.7853981633974483, 1.4142135623730951
1227, 41, 552, 351, 550, 352, 2, -1, -0.4636476090008061, 2.23606797749979
1227, 42, 574, 130, 572, 131, 2, -1, -0.4636476090008061, 2.23606797749979
1227, 44, 611, 403, 609, 403, 2, 0, 0.0, 2.0
1227, 46, 548, 90, 543, 90, 5, 0, 0.0, 5.0
1227, 49, 499, 123, 498, 124, 1, -1, -0.7853981633974483, 1.4142135623730951
1228, 1, 342, 123, 340, 124, 2, -1, -0.4636476090008061, 2.23606797749979
1228, 2, 565, 352, 563, 354, 2, -2, -0.7853981633974483, 2.8284271247461903
1228, 3, 410, 122, 408, 123, 2, -1, -0.4636476090008061, 2.23606797749979
1228, 4, 553, 103, 550, 103, 3, 0, 0.0, 3.0
1228, 5, 357, 69, 356, 70, 1, -1, -0.7853981633974483, 1.4142135623730951
1228, 9, 555, 69, 553, 70, 2, -1, -0.4636476090008061, 2.23606797749979
1228, 11, 293, 399, 292, 400, 1, -1, -0.7853981633974483, 1.4142135623730951
1228, 13, 480, 369, 478, 370, 2, -1, -0.4636476090008061, 2.23606797749979
1228, 14, 406, 370, 404, 371, 2, -1, -0.4636476090008061, 2.23606797749979
1228, 15, 235, 402, 234, 403, 1, -1, -0.7853981633974483, 1.4142135623730951
1228, 16, 295, 407, 294, 408, 1, -1, -0.7853981633974483, 1.4142135623730951
1228, 21, 607, 362, 604, 363, 3, -1, -0.3217505543966422, 3.1622776601683795
1228, 26, 357, 104, 355, 104, 2, 0, 0.0, 2.0
1228, 29, 585, 70, 584, 71, 1, -1, -0.7853981633974483, 1.4142135623730951
1228, 30, 284, 111, 283, 112, 1, -1, -0.7853981633974483, 1.4142135623730951
1228, 31, 569, 79, 565, 79, 4, 0, 0.0, 4.0
1228, 34, 489, 376, 487, 377, 2, -1, -0.4636476090008061, 2.23606797749979
1228, 35, 540, 108, 539, 109, 1, -1, -0.7853981633974483, 1.4142135623730951
1228, 37, 449, 125, 448, 126, 1, -1, -0.7853981633974483, 1.4142135623730951
1228, 38, 626, 75, 624, 75, 2, 0, 0.0, 2.0
1228, 39, 344, 346, 342, 346, 2, 0, 0.0, 2.0
1228, 40, 364, 108, 363, 109, 1, -1, -0.7853981633974483, 1.4142135623730951
1228, 41, 554, 350, 552, 351, 2, -1, -0.4636476090008061, 2.23606797749979
1228, 42, 576, 130, 574, 130, 2, 0, 0.0, 2.0
1228, 46, 551, 90, 548, 90, 3, 0, 0.0, 3.0
1229, 0, 308, 353, 307, 354, 1, -1, -0.7853981633974483, 1.4142135623730951
1229, 1, 343, 121, 342, 123, 1, -2, -1.1071487177940904, 2.23606797749979
1229, 2, 566, 351, 565, 352, 1, -1, -0.7853981633974483, 1.4142135623730951
1229, 8, 330, 95, 329, 94, 1, 1, 0.7853981633974483, 1.4142135623730951
1229, 9, 557, 68, 555, 69, 2, -1, -0.4636476090008061, 2.23606797749979
1229, 11, 294, 398, 293, 399, 1, -1, -0.7853981633974483, 1.4142135623730951
1229, 12, 601, 336, 600, 337, 1, -1, -0.7853981633974483, 1.4142135623730951
1229, 14, 408, 369, 406, 370, 2, -1, -0.4636476090008061, 2.23606797749979
1229, 15, 236, 401, 235, 402, 1, -1, -0.7853981633974483, 1.4142135623730951
1229, 16, 296, 406, 295, 407, 1, -1, -0.7853981633974483, 1.4142135623730951
1229, 17, 426, 353, 425, 354, 1, -1, -0.7853981633974483, 1.4142135623730951
1229, 20, 376, 124, 375, 125, 1, -1, -0.7853981633974483, 1.4142135623730951
1229, 21, 613, 364, 607, 362, 6, 2, 0.3217505543966422, 6.324555320336759
1229, 23, 517, 71, 516, 72, 1, -1, -0.7853981633974483, 1.4142135623730951
1229, 25, 359, 104, 357, 104, 2, 0, 0.0, 2.0
1229, 27, 612, 79, 611, 80, 1, -1, -0.7853981633974483, 1.4142135623730951
1229, 29, 285, 110, 284, 111, 1, -1, -0.7853981633974483, 1.4142135623730951
1229, 30, 573, 79, 569, 79, 4, 0, 0.0, 4.0
1229, 31, 220, 155, 220, 157, 0, -2, -1.5707963267948966, 2.0
1229, 33, 491, 375, 489, 376, 2, -1, -0.4636476090008061, 2.23606797749979
1229, 34, 542, 107, 540, 108, 2, -1, -0.4636476090008061, 2.23606797749979
1229, 40, 556, 349, 554, 350, 2, -1, -0.4636476090008061, 2.23606797749979
1229, 43, 614, 403, 612, 403, 2, 0, 0.0, 2.0
1229, 45, 554, 90, 551, 90, 3, 0, 0.0, 3.0
1229, 48, 502, 124, 500, 123, 2, 1, 0.4636476090008061, 2.23606797749979
1230, 0, 310, 355, 309, 356, 1, -1, -0.7853981633974483, 1.4142135623730951
1230, 1, 344, 124, 342, 125, 2, -1, -0.4636476090008061, 2.23606797749979
1230, 2, 565, 356, 563, 357, 2, -1, -0.4636476090008061, 2.23606797749979
1230, 3, 554, 104, 552, 104, 2, 0, 0.0, 2.0
1230, 5, 410, 124, 408, 125, 2, -1, -0.4636476090008061, 2.23606797749979
1230, 8, 557, 71, 555, 72, 2, -1, -0.4636476090008061, 2.23606797749979
1230, 9, 365, 406, 364, 407, 1, -1, -0.7853981633974483, 1.4142135623730951
1230, 12, 599, 338, 598, 339, 1, -1, -0.7853981633974483, 1.4142135623730951
1230, 14, 608, 366, 607, 367, 1, -1, -0.7853981633974483, 1.4142135623730951
1230, 18, 613, 405, 611, 405, 2, 0, 0.0, 2.0
1230, 19, 503, 128, 501, 128, 2, 0, 0.0, 2.0
1230, 21, 555, 351, 553, 352, 2, -1, -0.4636476090008061, 2.23606797749979
1230, 24, 377, 125, 376, 126, 1, -1, -0.7853981633974483, 1.4142135623730951
1230, 25, 587, 72, 586, 73, 1, -1, -0.7853981633974483, 1.4142135623730951
1230, 26, 331, 374, 330, 375, 1, -1, -0.7853981633974483, 1.4142135623730951
1230, 28, 285, 112, 284, 113, 1, -1, -0.7853981633974483, 1.4142135623730951
1230, 29, 327, 84, 324, 85, 3, -1, -0.3217505543966422, 3.1622776601683795
1230, 31, 623, 74, 621, 74, 2, 0, 0.0, 2.0
1230, 33, 410, 131, 408, 132, 2, -1, -0.4636476090008061, 2.23606797749979
1230, 36, 200, 120, 199, 121, 1, -1, -0.7853981633974483, 1.4142135623730951
1230, 37, 576, 81, 574, 81, 2, 0, 0.0, 2.0
1230, 40, 610, 80, 608, 80, 2, 0, 0.0, 2.0
1230, 41, 412, 380, 411, 381, 1, -1, -0.7853981633974483, 1.4142135623730951
1230, 42, 548, 82, 547, 83, 1, -1, -0.7853981633974483, 1.4142135623730951
1230, 44, 275, 132, 274, 133, 1, -1, -0.7853981633974483, 1.4142135623730951
1231, 0, 312, 354, 310, 355, 2, -1, -0.4636476090008061, 2.23606797749979
1231, 1, 346, 123, 344, 124, 2, -1, -0.4636476090008061, 2.23606797749979
1231, 2, 567, 356, 565, 356, 2, 0, 0.0, 2.0
1231, 3, 556, 104, 554, 104, 2, 0, 0.0, 2.0
1231, 8, 559, 68, 557, 71, 2, -3, -0.982793723247329, 3.605551275463989
1231, 11, 343, 351, 342, 352, 1, -1, -0.7853981633974483, 1.4142135623730951
1231, 12, 600, 337, 599, 338, 1, -1, -0.7853981633974483, 1.4142135623730951
1231, 17, 295, 401, 294, 402, 1, -1, -0.7853981633974483, 1.4142135623730951
1231, 18, 614, 404, 613, 405, 1, -1, -0.7853981633974483, 1.4142135623730951
1231, 19, 505, 128, 503, 128, 2, 0, 0.0, 2.0
1231, 21, 557, 350, 555, 351, 2, -1, -0.4636476090008061, 2.23606797749979
1231, 24, 378, 124, 377, 125, 1, -1, -0.7853981633974483, 1.4142135623730951
1231, 28, 286, 111, 285, 112, 1, -1, -0.7853981633974483, 1.4142135623730951
1231, 29, 330, 83, 327, 84, 3, -1, -0.3217505543966422, 3.1622776601683795
1231, 30, 237, 398, 240, 398, -3, 0, 3.141592653589793, 3.0
1231, 31, 625, 74, 623, 74, 2, 0, 0.0, 2.0
1231, 34, 575, 130, 574, 131, 1, -1, -0.7853981633974483, 1.4142135623730951
1231, 36, 201, 119, 200, 120, 1, -1, -0.7853981633974483, 1.4142135623730951
1231, 40, 612, 80, 610, 80, 2, 0, 0.0, 2.0
1231, 41, 413, 378, 412, 380, 1, -2, -1.1071487177940904, 2.23606797749979
1231, 42, 550, 81, 548, 82, 2, -1, -0.4636476090008061, 2.23606797749979
1231, 44, 276, 130, 275, 132, 1, -2, -1.1071487177940904, 2.23606797749979
1232, 1, 348, 122, 346, 123, 2, -1, -0.4636476090008061, 2.23606797749979
1232, 2, 569, 355, 567, 356, 2, -1, -0.4636476090008061, 2.23606797749979
1232, 3, 558, 104, 556, 104, 2, 0, 0.0, 2.0
1232, 11, 344, 350, 343, 351, 1, -1, -0.7853981633974483, 1.4142135623730951
1232, 12, 602, 336, 600, 337, 2, -1, -0.4636476090008061, 2.23606797749979
1232, 13, 237, 409, 236, 410, 1, -1, -0.7853981633974483, 1.4142135623730951
1232, 14, 609, 364, 608, 365, 1, -1, -0.7853981633974483, 1.4142135623730951
1232, 16, 296, 400, 295, 401, 1, -1, -0.7853981633974483, 1.4142135623730951
1232, 17, 615, 403, 614, 404, 1, -1, -0.7853981633974483, 1.4142135623730951
1232, 18, 507, 128, 505, 128, 2, 0, 0.0, 2.0
1232, 20, 559, 350, 557, 350, 2, 0, 0.0, 2.0
1232, 22, 379, 123, 378, 124, 1, -1, -0.7853981633974483, 1.4142135623730951
1232, 23, 590, 72, 588, 72, 2, 0, 0.0, 2.0
1232, 25, 520, 82, 518, 82, 2, 0, 0.0, 2.0
1232, 27, 331, 82, 330, 83, 1, -1, -0.7853981633974483, 1.4142135623730951
1232, 29, 626, 73, 625, 74, 1, -1, -0.7853981633974483, 1.4142135623730951
1232, 30, 623, 109, 622, 110, 1, -1, -0.7853981633974483, 1.4142135623730951
1232, 31, 411, 129, 410, 130, 1, -1, -0.7853981633974483, 1.4142135623730951
1232, 34, 201, 117, 201, 119, 0, -2, -1.5707963267948966, 2.0
1232, 36, 227, 156, 226, 157, 1, -1, -0.7853981633974483, 1.4142135623730951
1232, 38, 614, 80, 612, 80, 2, 0, 0.0, 2.0
1232, 39, 414, 377, 413, 378, 1, -1, -0.7853981633974483, 1.4142135623730951
1232, 40, 551, 80, 550, 81, 1, -1, -0.7853981633974483, 1.4142135623730951
1232, 41, 609, 147, 607, 147, 2, 0, 0.0, 2.0
1232, 42, 277, 129, 276, 130, 1, -1, -0.7853981633974483, 1.4142135623730951
1233, 1, 350, 122, 348, 122, 2, 0, 0.0, 2.0
1233, 2, 571, 354, 569, 355, 2, -1, -0.4636476090008061, 2.23606797749979
1233, 5, 413, 123, 412, 124, 1, -1, -0.7853981633974483, 1.4142135623730951
1233, 6, 359, 72, 358, 73, 1, -1, -0.7853981633974483, 1.4142135623730951
1233, 9, 367, 404, 366, 405, 1, -1, -0.7853981633974483, 1.4142135623730951
1233, 11, 345, 349, 344, 350, 1, -1, -0.7853981633974483, 1.4142135623730951
1233, 12, 604, 335, 602, 336, 2, -1, -0.4636476090008061, 2.23606797749979
1233, 13, 238, 408, 237, 409, 1, -1, -0.7853981633974483, 1.4142135623730951
1233, 17, 616, 402, 615, 403, 1, -1, -0.7853981633974483, 1.4142135623730951
1233, 18, 509, 129, 507, 128, 2, 1, 0.4636476090008061, 2.23606797749979
1233, 20, 561, 349, 559, 350, 2, -1, -0.4636476090008061, 2.23606797749979
1233, 24, 333, 372, 332, 373, 1, -1, -0.7853981633974483, 1.4142135623730951
1233, 26, 288, 110, 287, 111, 1, -1, -0.7853981633974483, 1.4142135623730951
1233, 27, 332, 81, 331, 82, 1, -1, -0.7853981633974483, 1.4142135623730951
1233, 29, 627, 72, 626, 73, 1, -1, -0.7853981633974483, 1.4142135623730951
1233, 30, 625, 109, 623, 109, 2, 0, 0.0, 2.0
1233, 31, 412, 128, 411, 129, 1, -1, -0.7853981633974483, 1.4142135623730951
1233, 32, 579, 129, 576, 130, 3, -1, -0.3217505543966422, 3.1622776601683795
1233, 34, 200, 115, 201, 117, -1, -2, -2.0344439357957027, 2.23606797749979
1233, 39, 552, 79, 551, 80, 1, -1, -0.7853981633974483, 1.4142135623730951
1234, 1, 352, 121, 350, 122, 2, -1, -0.4636476090008061, 2.23606797749979
1234, 2, 572, 353, 571, 354, 1, -1, -0.7853981633974483, 1.4142135623730951
1234, 5, 414, 122, 413, 123, 1, -1, -0.7853981633974483, 1.4142135623730951
1234, 7, 203, 147, 202, 148, 1, -1, -0.7853981633974483, 1.4142135623730951
1234, 12, 606, 334, 604, 335, 2, -1, -0.4636476090008061, 2.23606797749979
1234, 15, 201, 122, 202, 124, -1, -2, -2.0344439357957027, 2.23606797749979
1234, 16, 297, 399, 296, 400, 1, -1, -0.7853981633974483, 1.4142135623730951
1234, 17, 617, 401, 616, 402, 1, -1, -0.7853981633974483, 1.4142135623730951
1234, 19, 429, 352, 428, 353, 1, -1, -0.7853981633974483, 1.4142135623730951
1234, 24, 334, 371, 333, 372, 1, -1, -0.7853981633974483, 1.4142135623730951
1234, 27, 333, 79, 332, 81, 1, -2, -1.1071487177940904, 2.23606797749979
1234, 30, 627, 109, 625, 109, 2, 0, 0.0, 2.0
1234, 31, 413, 127, 412, 128, 1, -1, -0.7853981633974483, 1.4142135623730951
1234, 32, 582, 129, 579, 129, 3, 0, 0.0, 3.0
1234, 34, 200, 113, 200, 115, 0, -2, -1.5707963267948966, 2.0
1234, 38, 416, 376, 415, 377, 1, -1, -0.7853981633974483, 1.4142135623730951
1234, 40, 612, 147, 610, 147, 2, 0, 0.0, 2.0
1234, 41, 278, 127, 277, 128, 1, -1, -0.7853981633974483, 1.4142135623730951
1235, 0, 347, 123, 346, 124, 1, -1, -0.7853981633974483, 1.4142135623730951
1235, 1, 313, 353, 312, 355, 1, -2, -1.1071487177940904, 2.23606797749979
1235, 2, 413, 123, 412, 124, 1, -1, -0.7853981633974483, 1.4142135623730951
1235, 3, 569, 355, 568, 356, 1, -1, -0.7853981633974483, 1.4142135623730951
1235, 4, 559, 105, 557, 105, 2, 0, 0.0, 2.0
1235, 9, 381, 125, 379, 126, 2, -1, -0.4636476090008061, 2.23606797749979
1235, 12, 612, 366, 611, 367, 1, -1, -0.7853981633974483, 1.4142135623730951
1235, 13, 347, 351, 345, 352, 2, -1, -0.4636476090008061, 2.23606797749979
1235, 14, 210, 155, 209, 156, 1, -1, -0.7853981633974483, 1.4142135623730951
1235, 15, 335, 375, 334, 376, 1, -1, -0.7853981633974483, 1.4142135623730951
1235, 17, 431, 353, 430, 354, 1, -1, -0.7853981633974483, 1.4142135623730951
1235, 19, 614, 147, 612, 147, 2, 0, 0.0, 2.0
1235, 22, 481, 370, 480, 371, 1, -1, -0.7853981633974483, 1.4142135623730951
1235, 23, 361, 73, 360, 74, 1, -1, -0.7853981633974483, 1.4142135623730951
1235, 26, 601, 337, 600, 338, 1, -1, -0.7853981633974483, 1.4142135623730951
1235, 27, 631, 75, 630, 76, 1, -1, -0.7853981633974483, 1.4142135623730951
1235, 32, 370, 104, 369, 105, 1, -1, -0.7853981633974483, 1.4142135623730951
1235, 33, 493, 379, 491, 379, 2, 0, 0.0, 2.0
1235, 34, 535, 342, 533, 343, 2, -1, -0.4636476090008061, 2.23606797749979
1235, 36, 614, 83, 613, 84, 1, -1, -0.7853981633974483, 1.4142135623730951
1235, 38, 596, 75, 595, 76, 1, -1, -0.7853981633974483, 1.4142135623730951
1235, 42, 582, 130, 580, 131, 2, -1, -0.4636476090008061, 2.23606797749979
1235, 43, 547, 399, 546, 400, 1, -1, -0.7853981633974483, 1.4142135623730951
1236, 1, 314, 352, 313, 353, 1, -1, -0.7853981633974483, 1.4142135623730951
1236, 2, 414, 122, 413, 123, 1, -1, -0.7853981633974483, 1.4142135623730951
1236, 3, 571, 354, 569, 355, 2, -1, -0.4636476090008061, 2.23606797749979
1236, 4, 561, 105, 559, 105, 2, 0, 0.0, 2.0
1236, 5, 563, 71, 561, 71, 2, 0, 0.0, 2.0
1236, 9, 382, 124, 381, 125, 1, -1, -0.7853981633974483, 1.4142135623730951
1236, 11, 369, 405, 368, 406, 1, -1, -0.7853981633974483, 1.4142135623730951
1236, 12, 613, 365, 612, 366, 1, -1, -0.7853981633974483, 1.4142135623730951
1236, 14, 211, 154, 210, 155, 1, -1, -0.7853981633974483, 1.4142135623730951
1236, 15, 336, 374, 335, 375, 1, -1, -0.7853981633974483, 1.4142135623730951
1236, 18, 301, 398, 300, 399, 1, -1, -0.7853981633974483, 1.4142135623730951
1236, 22, 483, 369, 481, 370, 2, -1, -0.4636476090008061, 2.23606797749979
1236, 26, 603, 336, 601, 337, 2, -1, -0.4636476090008061, 2.23606797749979
1236, 31, 290, 113, 289, 114, 1, -1, -0.7853981633974483, 1.4142135623730951
1236, 33, 494, 378, 493, 379, 1, -1, -0.7853981633974483, 1.4142135623730951
1236, 34, 537, 341, 535, 342, 2, -1, -0.4636476090008061, 2.23606797749979
1236, 37, 408, 370, 407, 371, 1, -1, -0.7853981633974483, 1.4142135623730951
1236, 41, 356, 399, 358, 399, -2, 0, 3.141592653589793, 2.0
1236, 43, 548, 398, 547, 399, 1, -1, -0.7853981633974483, 1.4142135623730951
1237, 0, 349, 122, 348, 123, 1, -1, -0.7853981633974483, 1.4142135623730951
1237, 3, 572, 353, 571, 354, 1, -1, -0.7853981633974483, 1.4142135623730951
1237, 4, 563, 104, 561, 105, 2, -1, -0.4636476090008061, 2.23606797749979
1237, 5, 565, 71, 563, 71, 2, 0, 0.0, 2.0
1237, 12, 614, 364, 613, 365, 1, -1, -0.7853981633974483, 1.4142135623730951
1237, 14, 211, 152, 211, 154, 0, -2, -1.5707963267948966, 2.0
1237, 15, 337, 373, 336, 374, 1, -1, -0.7853981633974483, 1.4142135623730951
1237, 18, 303, 397, 301, 398, 2, -1, -0.4636476090008061, 2.23606797749979
1237, 19, 617, 147, 615, 147, 2, 0, 0.0, 2.0
1237, 22, 485, 368, 483, 369, 2, -1, -0.4636476090008061, 2.23606797749979
1237, 23, 363, 72, 362, 73, 1, -1, -0.7853981633974483, 1.4142135623730951
1237, 24, 630, 109, 629, 110, 1, -1, -0.7853981633974483, 1.4142135623730951
1237, 26, 604, 335, 603, 336, 1, -1, -0.7853981633974483, 1.4142135623730951
1237, 27, 633, 74, 632, 75, 1, -1, -0.7853981633974483, 1.4142135623730951
1237, 31, 291, 112, 290, 113, 1, -1, -0.7853981633974483, 1.4142135623730951
1237, 32, 371, 103, 370, 104, 1, -1, -0.7853981633974483, 1.4142135623730951
1237, 34, 538, 340, 537, 341, 1, -1, -0.7853981633974483, 1.4142135623730951
1237, 37, 411, 368, 408, 370, 3, -2, -0.5880026035475675, 3.605551275463989
1237, 39, 458, 126, 456, 127, 2, -1, -0.4636476090008061, 2.23606797749979
1237, 41, 357, 400, 356, 399, 1, 1, 0.7853981633974483, 1.4142135623730951
1237, 42, 584, 129, 583, 130, 1, -1, -0.7853981633974483, 1.4142135623730951
1237, 45, 524, 82, 523, 83, 1, -1, -0.7853981633974483, 1.4142135623730951
1238, 3, 573, 352, 572, 353, 1, -1, -0.7853981633974483, 1.4142135623730951
1238, 4, 565, 103, 563, 104, 2, -1, -0.4636476090008061, 2.23606797749979
1238, 5, 567, 71, 565, 71, 2, 0, 0.0, 2.0
1238, 8, 258, 320, 260, 321, -2, -1, -2.677945044588987, 2.23606797749979
1238, 11, 371, 404, 370, 405, 1, -1, -0.7853981633974483, 1.4142135623730951
1238, 15, 339, 372, 337, 373, 2, -1, -0.4636476090008061, 2.23606797749979
1238, 18, 305, 396, 303, 397, 2, -1, -0.4636476090008061, 2.23606797749979
1238, 19, 619, 146, 617, 147, 2, -1, -0.4636476090008061, 2.23606797749979
1238, 21, 488, 367, 485, 368, 3, -1, -0.3217505543966422, 3.1622776601683795
1238, 22, 365, 72, 363, 72, 2, 0, 0.0, 2.0
1238, 23, 632, 108, 630, 109, 2, -1, -0.4636476090008061, 2.23606797749979
1238, 25, 605, 334, 604, 335, 1, -1, -0.7853981633974483, 1.4142135623730951
1238, 29, 496, 105, 495, 106, 1, -1, -0.7853981633974483, 1.4142135623730951
1238, 30, 292, 111, 291, 112, 1, -1, -0.7853981633974483, 1.4142135623730951
1238, 31, 372, 102, 371, 103, 1, -1, -0.7853981633974483, 1.4142135623730951
1238, 33, 540, 340, 538, 340, 2, 0, 0.0, 2.0
1238, 36, 415, 367, 411, 368, 4, -1, -0.24497866312686414, 4.123105625617661
1238, 37, 599, 74, 598, 75, 1, -1, -0.7853981633974483, 1.4142135623730951
1238, 39, 526, 75, 524, 76, 2, -1, -0.4636476090008061, 2.23606797749979
1238, 40, 359, 400, 357, 400, 2, 0, 0.0, 2.0
1238, 42, 551, 397, 549, 398, 2, -1, -0.4636476090008061, 2.23606797749979
1238, 44, 526, 82, 524, 82, 2, 0, 0.0, 2.0
1239, 0, 350, 121, 349, 122, 1, -1, -0.7853981633974483, 1.4142135623730951
1239, 2, 416, 121, 415, 122, 1, -1, -0.7853981633974483, 1.4142135623730951
1239, 3, 575, 351, 573, 352, 2, -1, -0.4636476090008061, 2.23606797749979
1239, 4, 568, 102, 565, 103, 3, -1, -0.3217505543966422, 3.1622776601683795
1239, 7, 244, 401, 243, 402, 1, -1, -0.7853981633974483, 1.4142135623730951
1239, 11, 372, 403, 371, 404, 1, -1, -0.7853981633974483, 1.4142135623730951
1239, 18, 308, 395, 305, 396, 3, -1, -0.3217505543966422, 3.1622776601683795
1239, 19, 621, 145, 619, 146, 2, -1, -0.4636476090008061, 2.23606797749979
1239, 21, 490, 366, 488, 367, 2, -1, -0.4636476090008061, 2.23606797749979
1239, 22, 367, 71, 365, 72, 2, -1, -0.4636476090008061, 2.23606797749979
1239, 23, 634, 108, 632, 108, 2, 0, 0.0, 2.0
1239, 25, 607, 333, 605, 334, 2, -1, -0.4636476090008061, 2.23606797749979
1239, 26, 635, 73, 634, 74, 1, -1, -0.7853981633974483, 1.4142135623730951
1239, 28, 293, 110, 292, 111, 1, -1, -0.7853981633974483, 1.4142135623730951
1239, 30, 497, 377, 496, 378, 1, -1, -0.7853981633974483, 1.4142135623730951
1239, 31, 541, 338, 540, 340, 1, -2, -1.1071487177940904, 2.23606797749979
1239, 34, 418, 365, 415, 367, 3, -2, -0.5880026035475675, 3.605551275463989
1239, 35, 600, 73, 599, 74, 1, -1, -0.7853981633974483, 1.4142135623730951
1239, 38, 362, 400, 359, 400, 3, 0, 0.0, 3.0
1239, 42, 527, 81, 526, 82, 1, -1, -0.7853981633974483, 1.4142135623730951
1240, 0, 351, 123, 350, 124, 1, -1, -0.7853981633974483, 1.4142135623730951
1240, 1, 417, 123, 416, 124, 1, -1, -0.7853981633974483, 1.4142135623730951
1240, 3, 574, 354, 573, 355, 1, -1, -0.7853981633974483, 1.4142135623730951
1240, 4, 566, 104, 564, 105, 2, -1, -0.4636476090008061, 2.23606797749979
1240, 5, 566, 70, 564, 71, 2, -1, -0.4636476090008061, 2.23606797749979
1240, 10, 435, 354, 434, 355, 1, -1, -0.7853981633974483, 1.4142135623730951
1240, 11, 366, 73, 365, 74, 1, -1, -0.7853981633974483, 1.4142135623730951
1240, 12, 608, 337, 606, 337, 2, 0, 0.0, 2.0
1240, 13, 372, 406, 371, 407, 1, -1, -0.7853981633974483, 1.4142135623730951
1240, 14, 350, 350, 349, 351, 1, -1, -0.7853981633974483, 1.4142135623730951
1240, 16, 235, 303, 234, 304, 1, -1, -0.7853981633974483, 1.4142135623730951
1240, 17, 385, 124, 384, 125, 1, -1, -0.7853981633974483, 1.4142135623730951
1240, 18, 375, 107, 374, 106, 1, 1, 0.7853981633974483, 1.4142135623730951
1240, 21, 490, 367, 487, 368, 3, -1, -0.3217505543966422, 3.1622776601683795
1240, 23, 632, 110, 630, 111, 2, -1, -0.4636476090008061, 2.23606797749979
1240, 25, 416, 367, 414, 368, 2, -1, -0.4636476090008061, 2.23606797749979
1240, 26, 293, 112, 292, 113, 1, -1, -0.7853981633974483, 1.4142135623730951
1240, 27, 471, 348, 469, 349, 2, -1, -0.4636476090008061, 2.23606797749979
1240, 28, 539, 341, 538, 342, 1, -1, -0.7853981633974483, 1.4142135623730951
1240, 29, 621, 147, 618, 147, 3, 0, 0.0, 3.0
1240, 34, 623, 403, 621, 404, 2, -1, -0.4636476090008061, 2.23606797749979
1241, 2, 319, 353, 317, 354, 2, -1, -0.4636476090008061, 2.23606797749979
1241, 3, 575, 353, 574, 354, 1, -1, -0.7853981633974483, 1.4142135623730951
1241, 8, 245, 402, 244, 403, 1, -1, -0.7853981633974483, 1.4142135623730951
1241, 9, 204, 146, 204, 148, 0, -2, -1.5707963267948966, 2.0
1241, 10, 437, 353, 435, 354, 2, -1, -0.4636476090008061, 2.23606797749979
1241, 11, 367, 72, 366, 73, 1, -1, -0.7853981633974483, 1.4142135623730951
1241, 13, 373, 405, 372, 406, 1, -1, -0.7853981633974483, 1.4142135623730951
1241, 21, 493, 366, 490, 367, 3, -1, -0.3217505543966422, 3.1622776601683795
1241, 22, 421, 379, 420, 380, 1, -1, -0.7853981633974483, 1.4142135623730951
1241, 23, 633, 109, 632, 110, 1, -1, -0.7853981633974483, 1.4142135623730951
1241, 25, 419, 366, 416, 367, 3, -1, -0.3217505543966422, 3.1622776601683795
1241, 26, 294, 111, 293, 112, 1, -1, -0.7853981633974483, 1.4142135623730951
1241, 27, 473, 347, 471, 348, 2, -1, -0.4636476090008061, 2.23606797749979
1241, 28, 540, 340, 539, 341, 1, -1, -0.7853981633974483, 1.4142135623730951
1241, 30, 509, 131, 509, 133, 0, -2, -1.5707963267948966, 2.0
1241, 34, 625, 402, 623, 403, 2, -1, -0.4636476090008061, 2.23606797749979
1242, 2, 320, 352, 319, 353, 1, -1, -0.7853981633974483, 1.4142135623730951
1242, 3, 577, 352, 575, 353, 2, -1, -0.4636476090008061, 2.23606797749979
1242, 10, 439, 353, 437, 353, 2, 0, 0.0, 2.0
1242, 11, 369, 71, 367, 72, 2, -1, -0.4636476090008061, 2.23606797749979
1242, 12, 611, 336, 609, 337, 2, -1, -0.4636476090008061, 2.23606797749979
1242, 17, 387, 123, 386, 124, 1, -1, -0.7853981633974483, 1.4142135623730951
1242, 21, 496, 366, 493, 366, 3, 0, 0.0, 3.0
1242, 23, 635, 108, 633, 109, 2, -1, -0.4636476090008061, 2.23606797749979
1242, 24, 458, 132, 457, 133, 1, -1, -0.7853981633974483, 1.4142135623730951
1242, 25, 423, 365, 419, 366, 4, -1, -0.24497866312686414, 4.123105625617661
1242, 26, 295, 110, 294, 111, 1, -1, -0.7853981633974483, 1.4142135623730951
1242, 27, 474, 346, 473, 347, 1, -1, -0.7853981633974483, 1.4142135623730951
1242, 29, 624, 147, 622, 147, 2, 0, 0.0, 2.0
1242, 34, 627, 401, 625, 402, 2, -1, -0.4636476090008061, 2.23606797749979
1243, 3, 579, 351, 577, 352, 2, -1, -0.4636476090008061, 2.23606797749979
1243, 5, 570, 71, 568, 70, 2, 1, 0.4636476090008061, 2.23606797749979
1243, 10, 440, 352, 439, 353, 1, -1, -0.7853981633974483, 1.4142135623730951
1243, 11, 370, 70, 369, 71, 1, -1, -0.7853981633974483, 1.4142135623730951
1243, 12, 612, 335, 611, 336, 1, -1, -0.7853981633974483, 1.4142135623730951
1243, 13, 375, 404, 374, 405, 1, -1, -0.7853981633974483, 1.4142135623730951
1243, 14, 353, 349, 352, 350, 1, -1, -0.7853981633974483, 1.4142135623730951
1243, 17, 389, 122, 387, 123, 2, -1, -0.4636476090008061, 2.23606797749979
1243, 21, 497, 365, 496, 366, 1, -1, -0.7853981633974483, 1.4142135623730951
1243, 22, 424, 379, 422, 379, 2, 0, 0.0, 2.0
1243, 24, 459, 131, 458, 132, 1, -1, -0.7853981633974483, 1.4142135623730951
1243, 25, 425, 365, 423, 365, 2, 0, 0.0, 2.0
1243, 26, 296, 109, 295, 110, 1, -1, -0.7853981633974483, 1.4142135623730951
1243, 27, 475, 345, 474, 346, 1, -1, -0.7853981633974483, 1.4142135623730951
1243, 28, 543, 339, 541, 340, 2, -1, -0.4636476090008061, 2.23606797749979
1243, 29, 627, 146, 624, 147, 3, -1, -0.3217505543966422, 3.1622776601683795
1243, 30, 505, 130, 508, 131, -3, -1, -2.819842099193151, 3.1622776601683795
1243, 32, 617, 370, 616, 371, 1, -1, -0.7853981633974483, 1.4142135623730951
1243, 34, 629, 401, 627, 401, 2, 0, 0.0, 2.0
1244, 1, 420, 122, 419, 123, 1, -1, -0.7853981633974483, 1.4142135623730951
1244, 3, 580, 350, 579, 351, 1, -1, -0.7853981633974483, 1.4142135623730951
1244, 4, 571, 104, 569, 104, 2, 0, 0.0, 2.0
1244, 9, 442, 351, 440, 352, 2, -1, -0.4636476090008061, 2.23606797749979
1244, 10, 371, 69, 370, 70, 1, -1, -0.7853981633974483, 1.4142135623730951
1244, 20, 499, 365, 497, 365, 2, 0, 0.0, 2.0
1244, 23, 460, 130, 459, 131, 1, -1, -0.7853981633974483, 1.4142135623730951
1244, 24, 427, 365, 425, 365, 2, 0, 0.0, 2.0
1244, 25, 298, 109, 296, 109, 2, 0, 0.0, 2.0
1244, 27, 546, 339, 543, 339, 3, 0, 0.0, 3.0
1244, 28, 629, 146, 627, 146, 2, 0, 0.0, 2.0
1244, 30, 619, 369, 617, 370, 2, -1, -0.4636476090008061, 2.23606797749979
1244, 31, 631, 400, 629, 401, 2, -1, -0.4636476090008061, 2.23606797749979
1245, 1, 421, 123, 419, 124, 2, -1, -0.4636476090008061, 2.23606797749979
1245, 3, 579, 354, 578, 355, 1, -1, -0.7853981633974483, 1.4142135623730951
1245, 9, 440, 352, 439, 353, 1, -1, -0.7853981633974483, 1.4142135623730951
1245, 12, 389, 124, 388, 125, 1, -1, -0.7853981633974483, 1.4142135623730951
1245, 16, 635, 110, 638, 110, -3, 0, 3.141592653589793, 3.0
1245, 17, 628, 403, 627, 404, 1, -1, -0.7853981633974483, 1.4142135623730951
1245, 18, 246, 404, 245, 405, 1, -1, -0.7853981633974483, 1.4142135623730951
1245, 19, 180, 358, 178, 358, 2, 0, 0.0, 2.0
1245, 23, 615, 337, 614, 338, 1, -1, -0.7853981633974483, 1.4142135623730951
1245, 26, 464, 127, 463, 128, 1, -1, -0.7853981633974483, 1.4142135623730951
1245, 28, 627, 147, 625, 147, 2, 0, 0.0, 2.0
1245, 29, 545, 341, 543, 342, 2, -1, -0.4636476090008061, 2.23606797749979
1245, 30, 518, 126, 516, 127, 2, -1, -0.4636476090008061, 2.23606797749979
1245, 31, 263, 114, 262, 115, 1, -1, -0.7853981633974483, 1.4142135623730951
1245, 32, 604, 75, 603, 76, 1, -1, -0.7853981633974483, 1.4142135623730951
1246, 0, 355, 123, 354, 124, 1, -1, -0.7853981633974483, 1.4142135623730951
1246, 1, 422, 122, 421, 123, 1, -1, -0.7853981633974483, 1.4142135623730951
1246, 4, 572, 105, 570, 105, 2, 0, 0.0, 2.0
1246, 9, 441, 351, 440, 352, 1, -1, -0.7853981633974483, 1.4142135623730951
1246, 13, 622, 368, 620, 369, 2, -1, -0.4636476090008061, 2.23606797749979
1246, 15, 378, 404, 377, 405, 1, -1, -0.7853981633974483, 1.4142135623730951
1246, 19, 182, 359, 180, 358, 2, 1, 0.4636476090008061, 2.23606797749979
1246, 20, 343, 375, 342, 376, 1, -1, -0.7853981633974483, 1.4142135623730951
1246, 23, 617, 336, 615, 337, 2, -1, -0.4636476090008061, 2.23606797749979
1246, 26, 465, 126, 464, 127, 1, -1, -0.7853981633974483, 1.4142135623730951
1246, 28, 629, 147, 627, 147, 2, 0, 0.0, 2.0
1246, 29, 547, 340, 545, 341, 2, -1, -0.4636476090008061, 2.23606797749979
1246, 30, 520, 125, 518, 126, 2, -1, -0.4636476090008061, 2.23606797749979
1246, 31, 264, 113, 263, 114, 1, -1, -0.7853981633974483, 1.4142135623730951
1246, 32, 605, 74, 604, 75, 1, -1, -0.7853981633974483, 1.4142135623730951
1247, 0, 356, 122, 355, 123, 1, -1, -0.7853981633974483, 1.4142135623730951
1247, 1, 424, 122, 422, 122, 2, 0, 0.0, 2.0
1247, 2, 324, 353, 323, 354, 1, -1, -0.7853981633974483, 1.4142135623730951
1247, 3, 582, 353, 580, 354, 2, -1, -0.4636476090008061, 2.23606797749979
1247, 4, 574, 105, 572, 105, 2, 0, 0.0, 2.0
1247, 9, 442, 350, 441, 351, 1, -1, -0.7853981633974483, 1.4142135623730951
1247, 21, 310, 409, 309, 410, 1, -1, -0.7853981633974483, 1.4142135623730951
1247, 23, 619, 335, 617, 336, 2, -1, -0.4636476090008061, 2.23606797749979
1247, 26, 467, 126, 465, 126, 2, 0, 0.0, 2.0
1247, 28, 631, 147, 629, 147, 2, 0, 0.0, 2.0
1247, 29, 549, 339, 547, 340, 2, -1, -0.4636476090008061, 2.23606797749979
1247, 30, 521, 124, 520, 125, 1, -1, -0.7853981633974483, 1.4142135623730951
1247, 32, 609, 73, 605, 74, 4, -1, -0.24497866312686414, 4.123105625617661
1248, 0, 357, 121, 356, 122, 1, -1, -0.7853981633974483, 1.4142135623730951
1248, 3, 584, 352, 582, 353, 2, -1, -0.4636476090008061, 2.23606797749979
1248, 4, 576, 105, 574, 105, 2, 0, 0.0, 2.0
1248, 17, 631, 402, 630, 403, 1, -1, -0.7853981633974483, 1.4142135623730951
1248, 21, 311, 408, 310, 409, 1, -1, -0.7853981633974483, 1.4142135623730951
1248, 23, 621, 334, 619, 335, 2, -1, -0.4636476090008061, 2.23606797749979
1248, 26, 468, 125, 467, 126, 1, -1, -0.7853981633974483, 1.4142135623730951
1248, 28, 551, 338, 549, 339, 2, -1, -0.4636476090008061, 2.23606797749979
1248, 29, 523, 124, 521, 124, 2, 0, 0.0, 2.0
1248, 30, 265, 112, 264, 113, 1, -1, -0.7853981633974483, 1.4142135623730951
1249, 3, 586, 351, 584, 352, 2, -1, -0.4636476090008061, 2.23606797749979
1249, 4, 578, 105, 576, 105, 2, 0, 0.0, 2.0
1249, 7, 374, 72, 373, 73, 1, -1, -0.7853981633974483, 1.4142135623730951
1249, 12, 625, 367, 624, 368, 1, -1, -0.7853981633974483, 1.4142135623730951
1249, 14, 381, 403, 380, 404, 1, -1, -0.7853981633974483, 1.4142135623730951
1249, 16, 632, 401, 631, 402, 1, -1, -0.7853981633974483, 1.4142135623730951
1249, 17, 248, 402, 247, 403, 1, -1, -0.7853981633974483, 1.4142135623730951
1249, 19, 345, 374, 344, 375, 1, -1, -0.7853981633974483, 1.4142135623730951
1249, 22, 622, 333, 621, 334, 1, -1, -0.7853981633974483, 1.4142135623730951
1249, 25, 470, 124, 468, 125, 2, -1, -0.4636476090008061, 2.23606797749979
1249, 27, 553, 337, 551, 338, 2, -1, -0.4636476090008061, 2.23606797749979
1249, 28, 525, 125, 523, 124, 2, 1, 0.4636476090008061, 2.23606797749979
1249, 29, 266, 111, 265, 112, 1, -1, -0.7853981633974483, 1.4142135623730951
1250, 1, 326, 354, 325, 355, 1, -1, -0.7853981633974483, 1.4142135623730951
1250, 7, 445, 353, 444, 354, 1, -1, -0.7853981633974483, 1.4142135623730951
1250, 10, 349, 100, 348, 101, 1, -1, -0.7853981633974483, 1.4142135623730951
1250, 11, 379, 402, 378, 403, 1, -1, -0.7853981633974483, 1.4142135623730951
1250, 12, 378, 106, 377, 107, 1, -1, -0.7853981633974483, 1.4142135623730951
1250, 13, 575, 72, 574, 73, 1, -1, -0.7853981633974483, 1.4142135623730951
1250, 14, 375, 73, 374, 74, 1, -1, -0.7853981633974483, 1.4142135623730951
1250, 17, 499, 370, 498, 371, 1, -1, -0.7853981633974483, 1.4142135623730951
1250, 20, 630, 149, 628, 148, 2, 1, 0.4636476090008061, 2.23606797749979
1250, 21, 523, 128, 521, 128, 2, 0, 0.0, 2.0
1250, 22, 358, 352, 357, 353, 1, -1, -0.7853981633974483, 1.4142135623730951
1250, 25, 621, 336, 620, 337, 1, -1, -0.7853981633974483, 1.4142135623730951
1250, 26, 211, 376, 210, 375, 1, 1, 0.7853981633974483, 1.4142135623730951
1250, 27, 630, 80, 629, 81, 1, -1, -0.7853981633974483, 1.4142135623730951
1250, 28, 470, 127, 468, 128, 2, -1, -0.4636476090008061, 2.23606797749979
1250, 29, 625, 366, 623, 367, 2, -1, -0.4636476090008061, 2.23606797749979
1250, 30, 347, 375, 346, 376, 1, -1, -0.7853981633974483, 1.4142135623730951
1250, 32, 598, 132, 596, 133, 2, -1, -0.4636476090008061, 2.23606797749979
1250, 36, 280, 404, 279, 405, 1, -1, -0.7853981633974483, 1.4142135623730951
1250, 39, 554, 367, 551, 368, 3, -1, -0.3217505543966422, 3.1622776601683795
1250, 40, 537, 76, 535, 77, 2, -1, -0.4636476090008061, 2.23606797749979
1251, 1, 327, 353, 326, 354, 1, -1, -0.7853981633974483, 1.4142135623730951
1251, 2, 425, 123, 424, 124, 1, -1, -0.7853981633974483, 1.4142135623730951
1251, 4, 585, 352, 584, 353, 1, -1, -0.7853981633974483, 1.4142135623730951
1251, 11, 380, 401, 379, 402, 1, -1, -0.7853981633974483, 1.4142135623730951
1251, 12, 379, 105, 378, 106, 1, -1, -0.7853981633974483, 1.4142135623730951
1251, 15, 425, 373, 424, 374, 1, -1, -0.7853981633974483, 1.4142135623730951
1251, 16, 309, 398, 308, 399, 1, -1, -0.7853981633974483, 1.4142135623730951
1251, 23, 623, 334, 621, 336, 2, -2, -0.7853981633974483, 2.8284271247461903
1251, 25, 631, 79, 630, 80, 1, -1, -0.7853981633974483, 1.4142135623730951
1251, 26, 471, 126, 470, 127, 1, -1, -0.7853981633974483, 1.4142135623730951
1251, 27, 626, 365, 625, 366, 1, -1, -0.7853981633974483, 1.4142135623730951
1251, 28, 348, 374, 347, 375, 1, -1, -0.7853981633974483, 1.4142135623730951
1251, 30, 600, 132, 598, 132, 2, 0, 0.0, 2.0
1251, 31, 313, 409, 312, 410, 1, -1, -0.7853981633974483, 1.4142135623730951
1251, 32, 249, 404, 248, 405, 1, -1, -0.7853981633974483, 1.4142135623730951
1251, 33, 430, 380, 429, 381, 1, -1, -0.7853981633974483, 1.4142135623730951
1251, 35, 208, 155, 210, 156, -2, -1, -2.677945044588987, 2.23606797749979
1251, 37, 555, 366, 554, 367, 1, -1, -0.7853981633974483, 1.4142135623730951
1251, 38, 538, 75, 537, 76, 1, -1, -0.7853981633974483, 1.4142135623730951
1252, 0, 361, 123, 360, 124, 1, -1, -0.7853981633974483, 1.4142135623730951
1252, 2, 426, 122, 425, 123, 1, -1, -0.7853981633974483, 1.4142135623730951
1252, 3, 579, 105, 577, 106, 2, -1, -0.4636476090008061, 2.23606797749979
1252, 4, 586, 351, 585, 352, 1, -1, -0.7853981633974483, 1.4142135623730951
1252, 8, 239, 300, 238, 301, 1, -1, -0.7853981633974483, 1.4142135623730951
1252, 9, 395, 126, 394, 127, 1, -1, -0.7853981633974483, 1.4142135623730951
1252, 10, 350, 99, 349, 100, 1, -1, -0.7853981633974483, 1.4142135623730951
1252, 11, 381, 400, 380, 401, 1, -1, -0.7853981633974483, 1.4142135623730951
1252, 13, 576, 71, 575, 72, 1, -1, -0.7853981633974483, 1.4142135623730951
1252, 17, 502, 369, 500, 370, 2, -1, -0.4636476090008061, 2.23606797749979
1252, 18, 304, 113, 302, 113, 2, 0, 0.0, 2.0
1252, 23, 625, 334, 623, 334, 2, 0, 0.0, 2.0
1252, 25, 632, 78, 631, 79, 1, -1, -0.7853981633974483, 1.4142135623730951
1252, 26, 473, 125, 471, 126, 2, -1, -0.4636476090008061, 2.23606797749979
1252, 27, 627, 364, 626, 365, 1, -1, -0.7853981633974483, 1.4142135623730951
1252, 28, 349, 373, 348, 374, 1, -1, -0.7853981633974483, 1.4142135623730951
1252, 29, 600, 83, 598, 83, 2, 0, 0.0, 2.0
1252, 30, 601, 133, 600, 132, 1, 1, 0.7853981633974483, 1.4142135623730951
1252, 31, 314, 408, 313, 409, 1, -1, -0.7853981633974483, 1.4142135623730951
1252, 33, 431, 379, 430, 380, 1, -1, -0.7853981633974483, 1.4142135623730951
1252, 34, 281, 402, 280, 403, 1, -1, -0.7853981633974483, 1.4142135623730951
1253, 1, 328, 352, 327, 353, 1, -1, -0.7853981633974483, 1.4142135623730951
1253, 4, 588, 350, 586, 351, 2, -1, -0.4636476090008061, 2.23606797749979
1253, 9, 396, 125, 395, 126, 1, -1, -0.7853981633974483, 1.4142135623730951
1253, 11, 382, 399, 381, 400, 1, -1, -0.7853981633974483, 1.4142135623730951
1253, 13, 578, 70, 576, 71, 2, -1, -0.4636476090008061, 2.23606797749979
1253, 14, 377, 72, 376, 73, 1, -1, -0.7853981633974483, 1.4142135623730951
1253, 15, 427, 372, 426, 373, 1, -1, -0.7853981633974483, 1.4142135623730951
1253, 16, 311, 397, 310, 398, 1, -1, -0.7853981633974483, 1.4142135623730951
1253, 17, 504, 368, 502, 369, 2, -1, -0.4636476090008061, 2.23606797749979
1253, 19, 634, 149, 632, 149, 2, 0, 0.0, 2.0
1253, 20, 527, 127, 525, 128, 2, -1, -0.4636476090008061, 2.23606797749979
1253, 21, 360, 351, 359, 352, 1, -1, -0.7853981633974483, 1.4142135623730951
1253, 23, 626, 333, 625, 334, 1, -1, -0.7853981633974483, 1.4142135623730951
1253, 25, 633, 77, 632, 78, 1, -1, -0.7853981633974483, 1.4142135623730951
1253, 26, 475, 124, 473, 125, 2, -1, -0.4636476090008061, 2.23606797749979
1253, 27, 628, 363, 627, 364, 1, -1, -0.7853981633974483, 1.4142135623730951
1253, 31, 315, 407, 314, 408, 1, -1, -0.7853981633974483, 1.4142135623730951
1253, 32, 251, 403, 250, 404, 1, -1, -0.7853981633974483, 1.4142135623730951
1253, 33, 432, 378, 431, 379, 1, -1, -0.7853981633974483, 1.4142135623730951
1253, 34, 282, 401, 281, 402, 1, -1, -0.7853981633974483, 1.4142135623730951
1254, 3, 582, 105, 580, 105, 2, 0, 0.0, 2.0
1254, 4, 590, 349, 588, 350, 2, -1, -0.4636476090008061, 2.23606797749979
1254, 7, 450, 353, 448, 353, 2, 0, 0.0, 2.0
1254, 10, 352, 98, 351, 99, 1, -1, -0.7853981633974483, 1.4142135623730951
1254, 12, 380, 104, 379, 105, 1, -1, -0.7853981633974483, 1.4142135623730951
1254, 13, 580, 69, 578, 70, 2, -1, -0.4636476090008061, 2.23606797749979
1254, 15, 429, 371, 427, 372, 2, -1, -0.4636476090008061, 2.23606797749979
1254, 16, 314, 396, 311, 397, 3, -1, -0.3217505543966422, 3.1622776601683795
1254, 17, 505, 367, 504, 368, 1, -1, -0.7853981633974483, 1.4142135623730951
1254, 18, 306, 112, 305, 113, 1, -1, -0.7853981633974483, 1.4142135623730951
1254, 20, 529, 128, 527, 127, 2, 1, 0.4636476090008061, 2.23606797749979
1254, 26, 477, 123, 475, 124, 2, -1, -0.4636476090008061, 2.23606797749979
1254, 27, 629, 362, 628, 363, 1, -1, -0.7853981633974483, 1.4142135623730951
1254, 28, 352, 373, 350, 373, 2, 0, 0.0, 2.0
1254, 31, 316, 406, 315, 407, 1, -1, -0.7853981633974483, 1.4142135623730951
1254, 32, 252, 402, 251, 403, 1, -1, -0.7853981633974483, 1.4142135623730951
1254, 33, 434, 377, 432, 378, 2, -1, -0.4636476090008061, 2.23606797749979
1254, 34, 283, 400, 282, 401, 1, -1, -0.7853981633974483, 1.4142135623730951
1254, 37, 540, 74, 539, 75, 1, -1, -0.7853981633974483, 1.4142135623730951
1255, 0, 330, 354, 329, 355, 1, -1, -0.7853981633974483, 1.4142135623730951
1255, 2, 583, 105, 580, 106, 3, -1, -0.3217505543966422, 3.1622776601683795
1255, 3, 591, 352, 589, 353, 2, -1, -0.4636476090008061, 2.23606797749979
1255, 4, 429, 124, 428, 125, 1, -1, -0.7853981633974483, 1.4142135623730951
1255, 5, 580, 72, 578, 73, 2, -1, -0.4636476090008061, 2.23606797749979
1255, 6, 317, 409, 316, 410, 1, -1, -0.7853981633974483, 1.4142135623730951
1255, 12, 622, 335, 621, 336, 1, -1, -0.7853981633974483, 1.4142135623730951
1255, 13, 630, 365, 628, 366, 2, -1, -0.4636476090008061, 2.23606797749979
1255, 15, 252, 410, 251, 411, 1, -1, -0.7853981633974483, 1.4142135623730951
1255, 18, 611, 72, 610, 73, 1, -1, -0.7853981633974483, 1.4142135623730951
1255, 22, 361, 352, 360, 353, 1, -1, -0.7853981633974483, 1.4142135623730951
1255, 23, 236, 146, 235, 147, 1, -1, -0.7853981633974483, 1.4142135623730951
1255, 24, 635, 82, 637, 82, -2, 0, 3.141592653589793, 2.0
1255, 26, 635, 147, 637, 147, -2, 0, 3.141592653589793, 2.0
1255, 31, 252, 400, 251, 401, 1, -1, -0.7853981633974483, 1.4142135623730951
1255, 32, 571, 88, 567, 89, 4, -1, -0.24497866312686414, 4.123105625617661
1255, 35, 603, 135, 601, 134, 2, 1, 0.4636476090008061, 2.23606797749979
1255, 36, 532, 133, 529, 132, 3, 1, 0.3217505543966422, 3.1622776601683795
1255, 37, 429, 372, 427, 373, 2, -1, -0.4636476090008061, 2.23606797749979
1255, 38, 504, 371, 503, 372, 1, -1, -0.7853981633974483, 1.4142135623730951
1255, 39, 512, 378, 510, 379, 2, -1, -0.4636476090008061, 2.23606797749979
1255, 40, 298, 350, 297, 351, 1, -1, -0.7853981633974483, 1.4142135623730951
1255, 41, 603, 81, 602, 82, 1, -1, -0.7853981633974483, 1.4142135623730951
1256, 1, 364, 124, 363, 125, 1, -1, -0.7853981633974483, 1.4142135623730951
1256, 2, 585, 104, 583, 105, 2, -1, -0.4636476090008061, 2.23606797749979
1256, 3, 593, 351, 591, 352, 2, -1, -0.4636476090008061, 2.23606797749979
1256, 4, 430, 123, 429, 124, 1, -1, -0.7853981633974483, 1.4142135623730951
1256, 5, 582, 71, 580, 72, 2, -1, -0.4636476090008061, 2.23606797749979
1256, 6, 318, 408, 317, 409, 1, -1, -0.7853981633974483, 1.4142135623730951
1256, 7, 398, 126, 397, 127, 1, -1, -0.7853981633974483, 1.4142135623730951
1256, 8, 381, 72, 378, 73, 3, -1, -0.3217505543966422, 3.1622776601683795
1256, 9, 388, 404, 384, 406, 4, -2, -0.4636476090008061, 4.47213595499958
1256, 12, 632, 363, 630, 365, 2, -2, -0.7853981633974483, 2.8284271247461903
1256, 18, 587, 81, 585, 83, 2, -2, -0.7853981633974483, 2.8284271247461903
1256, 27, 307, 114, 305, 114, 2, 0, 0.0, 2.0
1256, 28, 368, 130, 367, 131, 1, -1, -0.7853981633974483, 1.4142135623730951
1256, 29, 313, 398, 312, 399, 1, -1, -0.7853981633974483, 1.4142135623730951
1256, 30, 253, 399, 252, 400, 1, -1, -0.7853981633974483, 1.4142135623730951
1256, 31, 574, 88, 571, 88, 3, 0, 0.0, 3.0
1256, 34, 605, 135, 603, 135, 2, 0, 0.0, 2.0
1256, 35, 534, 133, 532, 133, 2, 0, 0.0, 2.0
1256, 36, 431, 371, 429, 372, 2, -1, -0.4636476090008061, 2.23606797749979
1256, 38, 514, 377, 512, 378, 2, -1, -0.4636476090008061, 2.23606797749979
1256, 39, 299, 349, 298, 350, 1, -1, -0.7853981633974483, 1.4142135623730951
1257, 0, 332, 353, 331, 354, 1, -1, -0.7853981633974483, 1.4142135623730951
1257, 1, 365, 123, 364, 124, 1, -1, -0.7853981633974483, 1.4142135623730951
1257, 2, 587, 103, 585, 104, 2, -1, -0.4636476090008061, 2.23606797749979
1257, 3, 595, 350, 593, 351, 2, -1, -0.4636476090008061, 2.23606797749979
1257, 4, 431, 122, 430, 123, 1, -1, -0.7853981633974483, 1.4142135623730951
1257, 5, 583, 70, 582, 71, 1, -1, -0.7853981633974483, 1.4142135623730951
1257, 6, 319, 407, 318, 408, 1, -1, -0.7853981633974483, 1.4142135623730951
1257, 7, 399, 125, 398, 126, 1, -1, -0.7853981633974483, 1.4142135623730951
1257, 8, 382, 71, 381, 72, 1, -1, -0.7853981633974483, 1.4142135623730951
1257, 11, 625, 335, 623, 335, 2, 0, 0.0, 2.0
1257, 12, 634, 362, 632, 363, 2, -1, -0.4636476090008061, 2.23606797749979
1257, 14, 253, 408, 252, 409, 1, -1, -0.7853981633974483, 1.4142135623730951
1257, 15, 451, 355, 449, 354, 2, 1, 0.4636476090008061, 2.23606797749979
1257, 16, 349, 97, 346, 98, 3, -1, -0.3217505543966422, 3.1622776601683795
1257, 17, 613, 71, 612, 72, 1, -1, -0.7853981633974483, 1.4142135623730951
1257, 18, 589, 79, 587, 81, 2, -2, -0.7853981633974483, 2.8284271247461903
1257, 19, 241, 304, 239, 302, 2, 2, 0.7853981633974483, 2.8284271247461903
1257, 21, 362, 350, 361, 351, 1, -1, -0.7853981633974483, 1.4142135623730951
1257, 24, 354, 375, 353, 376, 1, -1, -0.7853981633974483, 1.4142135623730951
1257, 31, 576, 87, 574, 88, 2, -1, -0.4636476090008061, 2.23606797749979
1257, 32, 376, 104, 375, 105, 1, -1, -0.7853981633974483, 1.4142135623730951
1257, 34, 607, 135, 605, 135, 2, 0, 0.0, 2.0
1257, 35, 535, 132, 534, 133, 1, -1, -0.7853981633974483, 1.4142135623730951
1257, 36, 433, 370, 431, 371, 2, -1, -0.4636476090008061, 2.23606797749979
1257, 37, 507, 371, 505, 371, 2, 0, 0.0, 2.0
1257, 38, 516, 376, 514, 377, 2, -1, -0.4636476090008061, 2.23606797749979
1257, 40, 605, 80, 604, 81, 1, -1, -0.7853981633974483, 1.4142135623730951
1258, 0, 333, 352, 332, 353, 1, -1, -0.7853981633974483, 1.4142135623730951
1258, 5, 584, 68, 583, 70, 1, -2, -1.1071487177940904, 2.23606797749979
1258, 7, 400, 124, 399, 125, 1, -1, -0.7853981633974483, 1.4142135623730951
1258, 10, 329, 345, 327, 345, 2, 0, 0.0, 2.0
1258, 11, 629, 335, 625, 335, 4, 0, 0.0, 4.0
1258, 12, 635, 360, 634, 362, 1, -2, -1.1071487177940904, 2.23606797749979
1258, 16, 350, 96, 349, 97, 1, -1, -0.7853981633974483, 1.4142135623730951
1258, 17, 614, 70, 613, 71, 1, -1, -0.7853981633974483, 1.4142135623730951
1258, 18, 591, 78, 589, 79, 2, -1, -0.4636476090008061, 2.23606797749979
1258, 20, 363, 349, 362, 350, 1, -1, -0.7853981633974483, 1.4142135623730951
1258, 23, 355, 374, 354, 375, 1, -1, -0.7853981633974483, 1.4142135623730951
1258, 27, 370, 129, 369, 130, 1, -1, -0.7853981633974483, 1.4142135623730951
1258, 29, 255, 398, 254, 399, 1, -1, -0.7853981633974483, 1.4142135623730951
1258, 30, 578, 87, 576, 87, 2, 0, 0.0, 2.0
1258, 31, 379, 103, 376, 104, 3, -1, -0.3217505543966422, 3.1622776601683795
1258, 32, 212, 376, 211, 377, 1, -1, -0.7853981633974483, 1.4142135623730951
1258, 37, 517, 375, 516, 376, 1, -1, -0.7853981633974483, 1.4142135623730951
1258, 38, 302, 348, 300, 349, 2, -1, -0.4636476090008061, 2.23606797749979
1258, 39, 606, 79, 605, 80, 1, -1, -0.7853981633974483, 1.4142135623730951
1259, 0, 334, 351, 333, 352, 1, -1, -0.7853981633974483, 1.4142135623730951
1259, 1, 368, 122, 366, 123, 2, -1, -0.4636476090008061, 2.23606797749979
1259, 4, 434, 121, 432, 122, 2, -1, -0.4636476090008061, 2.23606797749979
1259, 5, 585, 67, 584, 68, 1, -1, -0.7853981633974483, 1.4142135623730951
1259, 7, 401, 123, 400, 124, 1, -1, -0.7853981633974483, 1.4142135623730951
1259, 10, 331, 344, 329, 345, 2, -1, -0.4636476090008061, 2.23606797749979
1259, 12, 635, 358, 635, 360, 0, -2, -1.5707963267948966, 2.0
1259, 14, 254, 406, 253, 407, 1, -1, -0.7853981633974483, 1.4142135623730951
1259, 18, 593, 78, 591, 78, 2, 0, 0.0, 2.0
1259, 26, 371, 128, 370, 129, 1, -1, -0.7853981633974483, 1.4142135623730951
1259, 29, 579, 86, 578, 87, 1, -1, -0.7853981633974483, 1.4142135623730951
1259, 30, 381, 103, 379, 103, 2, 0, 0.0, 2.0
1259, 33, 537, 131, 536, 132, 1, -1, -0.7853981633974483, 1.4142135623730951
1259, 36, 518, 374, 517, 375, 1, -1, -0.7853981633974483, 1.4142135623730951
1259, 38, 607, 78, 606, 79, 1, -1, -0.7853981633974483, 1.4142135623730951
1260, 0, 367, 123, 366, 124, 1, -1, -0.7853981633974483, 1.4142135623730951
1260, 1, 434, 123, 433, 124, 1, -1, -0.7853981633974483, 1.4142135623730951
1260, 4, 596, 351, 594, 352, 2, -1, -0.4636476090008061, 2.23606797749979
1260, 5, 584, 70, 583, 71, 1, -1, -0.7853981633974483, 1.4142135623730951
1260, 9, 255, 410, 254, 411, 1, -1, -0.7853981633974483, 1.4142135623730951
1260, 12, 321, 400, 319, 401, 2, -1, -0.4636476090008061, 2.23606797749979
1260, 17, 620, 74, 619, 75, 1, -1, -0.7853981633974483, 1.4142135623730951
1260, 19, 367, 353, 366, 354, 1, -1, -0.7853981633974483, 1.4142135623730951
1260, 20, 630, 336, 628, 336, 2, 0, 0.0, 2.0
1260, 22, 321, 409, 320, 410, 1, -1, -0.7853981633974483, 1.4142135623730951
1260, 23, 352, 98, 350, 98, 2, 0, 0.0, 2.0
1260, 24, 603, 82, 602, 83, 1, -1, -0.7853981633974483, 1.4142135623730951
1260, 25, 635, 365, 638, 365, -3, 0, 3.141592653589793, 3.0
1260, 30, 560, 338, 558, 339, 2, -1, -0.4636476090008061, 2.23606797749979
1260, 33, 578, 112, 577, 113, 1, -1, -0.7853981633974483, 1.4142135623730951
1260, 34, 356, 374, 355, 375, 1, -1, -0.7853981633974483, 1.4142135623730951
1260, 35, 546, 76, 544, 77, 2, -1, -0.4636476090008061, 2.23606797749979
1261, 0, 369, 122, 367, 123, 2, -1, -0.4636476090008061, 2.23606797749979
1261, 1, 436, 122, 434, 123, 2, -1, -0.4636476090008061, 2.23606797749979
1261, 3, 589, 106, 587, 106, 2, 0, 0.0, 2.0
1261, 4, 597, 350, 596, 351, 1, -1, -0.7853981633974483, 1.4142135623730951
1261, 7, 258, 402, 257, 403, 1, -1, -0.7853981633974483, 1.4142135623730951
1261, 11, 457, 354, 455, 354, 2, 0, 0.0, 2.0
1261, 12, 322, 399, 321, 400, 1, -1, -0.7853981633974483, 1.4142135623730951
1261, 13, 389, 405, 388, 406, 1, -1, -0.7853981633974483, 1.4142135623730951
1261, 14, 402, 125, 401, 126, 1, -1, -0.7853981633974483, 1.4142135623730951
1261, 17, 621, 73, 620, 74, 1, -1, -0.7853981633974483, 1.4142135623730951
1261, 19, 369, 353, 367, 353, 2, 0, 0.0, 2.0
1261, 20, 631, 335, 630, 336, 1, -1, -0.7853981633974483, 1.4142135623730951
1261, 21, 322, 408, 321, 409, 1, -1, -0.7853981633974483, 1.4142135623730951
1261, 22, 354, 98, 352, 98, 2, 0, 0.0, 2.0
1261, 23, 605, 82, 603, 82, 2, 0, 0.0, 2.0
1261, 28, 387, 105, 386, 106, 1, -1, -0.7853981633974483, 1.4142135623730951
1261, 29, 562, 337, 560, 338, 2, -1, -0.4636476090008061, 2.23606797749979
1261, 30, 481, 128, 479, 128, 2, 0, 0.0, 2.0
1261, 31, 383, 395, 382, 396, 1, -1, -0.7853981633974483, 1.4142135623730951
1261, 32, 580, 112, 578, 112, 2, 0, 0.0, 2.0
1261, 34, 548, 76, 546, 76, 2, 0, 0.0, 2.0
1261, 35, 210, 353, 212, 353, -2, 0, 3.141592653589793, 2.0
1262, 0, 370, 121, 369, 122, 1, -1, -0.7853981633974483, 1.4142135623730951
1262, 1, 438, 121, 436, 122, 2, -1, -0.4636476090008061, 2.23606797749979
1262, 3, 591, 106, 589, 106, 2, 0, 0.0, 2.0
1262, 4, 599, 349, 597, 350, 2, -1, -0.4636476090008061, 2.23606797749979
1262, 9, 257, 409, 256, 410, 1, -1, -0.7853981633974483, 1.4142135623730951
1262, 13, 390, 404, 389, 405, 1, -1, -0.7853981633974483, 1.4142135623730951
1262, 14, 403, 124, 402, 125, 1, -1, -0.7853981633974483, 1.4142135623730951
1262, 17, 622, 72, 621, 73, 1, -1, -0.7853981633974483, 1.4142135623730951
1262, 19, 632, 334, 631, 335, 1, -1, -0.7853981633974483, 1.4142135623730951
1262, 21, 356, 97, 354, 98, 2, -1, -0.4636476090008061, 2.23606797749979
1262, 22, 606, 81, 605, 82, 1, -1, -0.7853981633974483, 1.4142135623730951
1262, 28, 563, 336, 562, 337, 1, -1, -0.7853981633974483, 1.4142135623730951
1262, 30, 385, 395, 383, 395, 2, 0, 0.0, 2.0
1262, 31, 582, 112, 580, 112, 2, 0, 0.0, 2.0
1262, 33, 549, 75, 548, 76, 1, -1, -0.7853981633974483, 1.4142135623730951
1262, 35, 239, 144, 238, 145, 1, -1, -0.7853981633974483, 1.4142135623730951
1263, 0, 371, 120, 370, 121, 1, -1, -0.7853981633974483, 1.4142135623730951
1263, 1, 439, 120, 438, 121, 1, -1, -0.7853981633974483, 1.4142135623730951
1263, 2, 335, 353, 334, 354, 1, -1, -0.7853981633974483, 1.4142135623730951
1263, 3, 594, 106, 591, 106, 3, 0, 0.0, 3.0
1263, 4, 601, 349, 599, 349, 2, 0, 0.0, 2.0
1263, 9, 258, 408, 257, 409, 1, -1, -0.7853981633974483, 1.4142135623730951
1263, 11, 459, 353, 458, 354, 1, -1, -0.7853981633974483, 1.4142135623730951
1263, 13, 391, 403, 390, 404, 1, -1, -0.7853981633974483, 1.4142135623730951
1263, 14, 404, 123, 403, 124, 1, -1, -0.7853981633974483, 1.4142135623730951
1263, 19, 633, 333, 632, 334, 1, -1, -0.7853981633974483, 1.4142135623730951
1263, 20, 324, 407, 323, 408, 1, -1, -0.7853981633974483, 1.4142135623730951
1263, 22, 608, 81, 606, 81, 2, 0, 0.0, 2.0
1263, 28, 564, 335, 563, 336, 1, -1, -0.7853981633974483, 1.4142135623730951
1263, 31, 585, 112, 582, 112, 3, 0, 0.0, 3.0
1263, 33, 551, 74, 549, 75, 2, -1, -0.4636476090008061, 2.23606797749979
1264, 1, 440, 119, 439, 120, 1, -1, -0.7853981633974483, 1.4142135623730951
1264, 2, 336, 352, 335, 353, 1, -1, -0.7853981633974483, 1.4142135623730951
1264, 3, 596, 105, 594, 106, 2, -1, -0.4636476090008061, 2.23606797749979
1264, 4, 603, 348, 601, 349, 2, -1, -0.4636476090008061, 2.23606797749979
1264, 5, 588, 69, 587, 70, 1, -1, -0.7853981633974483, 1.4142135623730951
1264, 11, 460, 352, 459, 353, 1, -1, -0.7853981633974483, 1.4142135623730951
1264, 13, 392, 402, 391, 403, 1, -1, -0.7853981633974483, 1.4142135623730951
1264, 14, 405, 122, 404, 123, 1, -1, -0.7853981633974483, 1.4142135623730951
1264, 18, 634, 332, 633, 333, 1, -1, -0.7853981633974483, 1.4142135623730951
1264, 19, 325, 406, 324, 407, 1, -1, -0.7853981633974483, 1.4142135623730951
1264, 27, 565, 334, 564, 335, 1, -1, -0.7853981633974483, 1.4142135623730951
1264, 30, 587, 111, 585, 112, 2, -1, -0.4636476090008061, 2.23606797749979
1264, 32, 553, 73, 551, 74, 2, -1, -0.4636476090008061, 2.23606797749979
1264, 35, 507, 369, 506, 370, 1, -1, -0.7853981633974483, 1.4142135623730951
1265, 0, 372, 123, 371, 124, 1, -1, -0.7853981633974483, 1.4142135623730951
1265, 3, 595, 106, 592, 106, 3, 0, 0.0, 3.0
1265, 4, 603, 352, 600, 352, 3, 0, 0.0, 3.0
1265, 7, 406, 124, 405, 125, 1, -1, -0.7853981633974483, 1.4142135623730951
1265, 10, 459, 353, 458, 354, 1, -1, -0.7853981633974483, 1.4142135623730951
1265, 11, 325, 398, 323, 399, 2, -1, -0.4636476090008061, 2.23606797749979
1265, 14, 524, 110, 523, 111, 1, -1, -0.7853981633974483, 1.4142135623730951
1265, 15, 369, 351, 368, 352, 1, -1, -0.7853981633974483, 1.4142135623730951
1265, 16, 393, 405, 392, 406, 1, -1, -0.7853981633974483, 1.4142135623730951
1265, 17, 508, 369, 507, 370, 1, -1, -0.7853981633974483, 1.4142135623730951
1265, 23, 259, 410, 258, 411, 1, -1, -0.7853981633974483, 1.4142135623730951
1265, 25, 389, 75, 388, 76, 1, -1, -0.7853981633974483, 1.4142135623730951
1265, 27, 432, 371, 431, 372, 1, -1, -0.7853981633974483, 1.4142135623730951
1265, 28, 235, 140, 235, 142, 0, -2, -1.5707963267948966, 2.0
1265, 29, 566, 339, 564, 339, 2, 0, 0.0, 2.0
1265, 30, 442, 380, 441, 381, 1, -1, -0.7853981633974483, 1.4142135623730951
1265, 32, 520, 377, 519, 378, 1, -1, -0.7853981633974483, 1.4142135623730951
1265, 33, 615, 133, 613, 134, 2, -1, -0.4636476090008061, 2.23606797749979
1265, 34, 225, 318, 224, 319, 1, -1, -0.7853981633974483, 1.4142135623730951
1265, 37, 290, 405, 289, 406, 1, -1, -0.7853981633974483, 1.4142135623730951
1265, 40, 277, 366, 276, 367, 1, -1, -0.7853981633974483, 1.4142135623730951
1265, 41, 537, 402, 536, 403, 1, -1, -0.7853981633974483, 1.4142135623730951
1265, 45, 580, 84, 579, 85, 1, -1, -0.7853981633974483, 1.4142135623730951
1265, 47, 587, 109, 584, 109, 3, 0, 0.0, 3.0
1265, 48, 633, 106, 631, 107, 2, -1, -0.4636476090008061, 2.23606797749979
1265, 51, 539, 126, 537, 126, 2, 0, 0.0, 2.0
1265, 52, 507, 133, 505, 133, 2, 0, 0.0, 2.0
1265, 54, 397, 360, 396, 361, 1, -1, -0.7853981633974483, 1.4142135623730951
1265, 55, 455, 75, 453, 76, 2, -1, -0.4636476090008061, 2.23606797749979
1265, 57, 209, 156, 208, 157, 1, -1, -0.7853981633974483, 1.4142135623730951
1265, 58, 579, 346, 581, 343, -2, 3, 2.158798930342464, 3.605551275463989
1265, 60, 551, 74, 550, 75, 1, -1, -0.7853981633974483, 1.4142135623730951
1265, 62, 277, 112, 276, 113, 1, -1, -0.7853981633974483, 1.4142135623730951
1266, 0, 373, 122, 372, 123, 1, -1, -0.7853981633974483, 1.4142135623730951
1266, 2, 440, 123, 439, 124, 1, -1, -0.7853981633974483, 1.4142135623730951
1266, 4, 604, 351, 603, 352, 1, -1, -0.7853981633974483, 1.4142135623730951
1266, 6, 199, 335, 198, 336, 1, -1, -0.7853981633974483, 1.4142135623730951
1266, 7, 407, 123, 406, 124, 1, -1, -0.7853981633974483, 1.4142135623730951
1266, 10, 460, 352, 459, 353, 1, -1, -0.7853981633974483, 1.4142135623730951
1266, 11, 326, 397, 325, 398, 1, -1, -0.7853981633974483, 1.4142135623730951
1266, 16, 394, 404, 393, 405, 1, -1, -0.7853981633974483, 1.4142135623730951
1266, 17, 510, 368, 508, 369, 2, -1, -0.4636476090008061, 2.23606797749979
1266, 20, 486, 129, 484, 129, 2, 0, 0.0, 2.0
1266, 21, 625, 74, 624, 75, 1, -1, -0.7853981633974483, 1.4142135623730951
1266, 24, 390, 74, 389, 75, 1, -1, -0.7853981633974483, 1.4142135623730951
1266, 26, 435, 370, 432, 371, 3, -1, -0.3217505543966422, 3.1622776601683795
1266, 28, 568, 338, 566, 339, 2, -1, -0.4636476090008061, 2.23606797749979
1266, 33, 226, 317, 225, 318, 1, -1, -0.7853981633974483, 1.4142135623730951
1266, 34, 361, 376, 360, 377, 1, -1, -0.7853981633974483, 1.4142135623730951
1266, 35, 316, 114, 315, 115, 1, -1, -0.7853981633974483, 1.4142135623730951
1266, 36, 291, 404, 290, 405, 1, -1, -0.7853981633974483, 1.4142135623730951
1266, 39, 278, 365, 277, 366, 1, -1, -0.7853981633974483, 1.4142135623730951
1266, 41, 609, 84, 607, 84, 2, 0, 0.0, 2.0
1266, 43, 581, 83, 580, 84, 1, -1, -0.7853981633974483, 1.4142135623730951
1266, 49, 541, 127, 539, 126, 2, 1, 0.4636476090008061, 2.23606797749979
1266, 50, 509, 133, 507, 133, 2, 0, 0.0, 2.0
1266, 55, 210, 155, 209, 156, 1, -1, -0.7853981633974483, 1.4142135623730951
1266, 58, 553, 73, 551, 74, 2, -1, -0.4636476090008061, 2.23606797749979
1266, 60, 278, 111, 277, 112, 1, -1, -0.7853981633974483, 1.4142135623730951
1267, 0, 374, 121, 373, 122, 1, -1, -0.7853981633974483, 1.4142135623730951
1267, 4, 605, 350, 604, 351, 1, -1, -0.7853981633974483, 1.4142135623730951
1267, 5, 592, 71, 590, 71, 2, 0, 0.0, 2.0
1267, 7, 408, 122, 407, 123, 1, -1, -0.7853981633974483, 1.4142135623730951
1267, 10, 461, 351, 460, 352, 1, -1, -0.7853981633974483, 1.4142135623730951
1267, 11, 328, 396, 326, 397, 2, -1, -0.4636476090008061, 2.23606797749979
1267, 15, 371, 350, 370, 351, 1, -1, -0.7853981633974483, 1.4142135623730951
1267, 17, 513, 366, 510, 368, 3, -2, -0.5880026035475675, 3.605551275463989
1267, 23, 213, 299, 212, 300, 1, -1, -0.7853981633974483, 1.4142135623730951
1267, 24, 391, 73, 390, 74, 1, -1, -0.7853981633974483, 1.4142135623730951
1267, 26, 439, 368, 435, 370, 4, -2, -0.4636476090008061, 4.47213595499958
1267, 27, 236, 137, 235, 139, 1, -2, -1.1071487177940904, 2.23606797749979
1267, 28, 569, 337, 568, 338, 1, -1, -0.7853981633974483, 1.4142135623730951
1267, 30, 591, 346, 590, 347, 1, -1, -0.7853981633974483, 1.4142135623730951
1267, 32, 617, 132, 616, 133, 1, -1, -0.7853981633974483, 1.4142135623730951
1267, 35, 317, 113, 316, 114, 1, -1, -0.7853981633974483, 1.4142135623730951
1267, 36, 292, 403, 291, 404, 1, -1, -0.7853981633974483, 1.4142135623730951
1267, 40, 540, 401, 538, 402, 2, -1, -0.4636476090008061, 2.23606797749979
1267, 41, 610, 83, 609, 84, 1, -1, -0.7853981633974483, 1.4142135623730951
1267, 43, 582, 82, 581, 83, 1, -1, -0.7853981633974483, 1.4142135623730951
1267, 45, 590, 108, 588, 109, 2, -1, -0.4636476090008061, 2.23606797749979
1267, 49, 542, 128, 541, 127, 1, 1, 0.7853981633974483, 1.4142135623730951
1267, 50, 511, 133, 509, 133, 2, 0, 0.0, 2.0
1267, 51, 423, 129, 425, 129, -2, 0, 3.141592653589793, 2.0
1267, 52, 399, 358, 398, 360, 1, -2, -1.1071487177940904, 2.23606797749979
1267, 56, 575, 346, 578, 346, -3, 0, 3.141592653589793, 3.0
1267, 57, 578, 399, 577, 400, 1, -1, -0.7853981633974483, 1.4142135623730951
1267, 58, 555, 72, 553, 73, 2, -1, -0.4636476090008061, 2.23606797749979
1267, 59, 444, 371, 443, 372, 1, -1, -0.7853981633974483, 1.4142135623730951
1267, 60, 279, 110, 278, 111, 1, -1, -0.7853981633974483, 1.4142135623730951
1268, 1, 340, 352, 339, 353, 1, -1, -0.7853981633974483, 1.4142135623730951
1268, 2, 442, 121, 440, 122, 2, -1, -0.4636476090008061, 2.23606797749979
1268, 4, 606, 349, 605, 350, 1, -1, -0.7853981633974483, 1.4142135623730951
1268, 9, 462, 350, 461, 351, 1, -1, -0.7853981633974483, 1.4142135623730951
1268, 10, 331, 396, 328, 396, 3, 0, 0.0, 3.0
1268, 12, 244, 301, 243, 302, 1, -1, -0.7853981633974483, 1.4142135623730951
1268, 14, 372, 349, 371, 350, 1, -1, -0.7853981633974483, 1.4142135623730951
1268, 15, 396, 403, 395, 404, 1, -1, -0.7853981633974483, 1.4142135623730951
1268, 16, 516, 364, 513, 366, 3, -2, -0.5880026035475675, 3.605551275463989
1268, 17, 635, 332, 635, 334, 0, -2, -1.5707963267948966, 2.0
1268, 19, 489, 129, 487, 129, 2, 0, 0.0, 2.0
1268, 23, 392, 72, 391, 73, 1, -1, -0.7853981633974483, 1.4142135623730951
1268, 24, 441, 366, 439, 368, 2, -2, -0.7853981633974483, 2.8284271247461903
1268, 26, 570, 336, 569, 337, 1, -1, -0.7853981633974483, 1.4142135623730951
1268, 32, 363, 375, 362, 376, 1, -1, -0.7853981633974483, 1.4142135623730951
1268, 33, 318, 112, 317, 113, 1, -1, -0.7853981633974483, 1.4142135623730951
1268, 35, 368, 96, 367, 97, 1, -1, -0.7853981633974483, 1.4142135623730951
1268, 36, 218, 378, 216, 379, 2, -1, -0.4636476090008061, 2.23606797749979
1268, 37, 279, 363, 278, 364, 1, -1, -0.7853981633974483, 1.4142135623730951
1268, 38, 542, 400, 540, 401, 2, -1, -0.4636476090008061, 2.23606797749979
1268, 41, 583, 81, 582, 82, 1, -1, -0.7853981633974483, 1.4142135623730951
1268, 43, 591, 107, 590, 108, 1, -1, -0.7853981633974483, 1.4142135623730951
1268, 45, 571, 368, 569, 369, 2, -1, -0.4636476090008061, 2.23606797749979
1268, 47, 544, 129, 542, 128, 2, 1, 0.4636476090008061, 2.23606797749979
1268, 48, 512, 134, 511, 133, 1, 1, 0.7853981633974483, 1.4142135623730951
1268, 50, 400, 357, 399, 358, 1, -1, -0.7853981633974483, 1.4142135623730951
1268, 54, 576, 347, 575, 346, 1, 1, 0.7853981633974483, 1.4142135623730951
1268, 55, 580, 398, 578, 399, 2, -1, -0.4636476090008061, 2.23606797749979
1268, 57, 445, 370, 444, 371, 1, -1, -0.7853981633974483, 1.4142135623730951
1268, 58, 281, 110, 279, 110, 2, 0, 0.0, 2.0
1269, 3, 601, 105, 598, 106, 3, -1, -0.3217505543966422, 3.1622776601683795
1269, 4, 608, 347, 606, 349, 2, -2, -0.7853981633974483, 2.8284271247461903
1269, 5, 594, 70, 593, 71, 1, -1, -0.7853981633974483, 1.4142135623730951
1269, 7, 328, 408, 327, 409, 1, -1, -0.7853981633974483, 1.4142135623730951
1269, 8, 264, 402, 263, 403, 1, -1, -0.7853981633974483, 1.4142135623730951
1269, 10, 332, 395, 331, 396, 1, -1, -0.7853981633974483, 1.4142135623730951
1269, 12, 373, 348, 372, 349, 1, -1, -0.7853981633974483, 1.4142135623730951
1269, 13, 397, 402, 396, 403, 1, -1, -0.7853981633974483, 1.4142135623730951
1269, 14, 519, 363, 516, 364, 3, -1, -0.3217505543966422, 3.1622776601683795
1269, 18, 628, 74, 626, 74, 2, 0, 0.0, 2.0
1269, 20, 214, 297, 213, 298, 1, -1, -0.7853981633974483, 1.4142135623730951
1269, 21, 394, 71, 392, 72, 2, -1, -0.4636476090008061, 2.23606797749979
1269, 22, 444, 364, 441, 366, 3, -2, -0.5880026035475675, 3.605551275463989
1269, 24, 572, 336, 570, 336, 2, 0, 0.0, 2.0
1269, 26, 594, 345, 592, 346, 2, -1, -0.4636476090008061, 2.23606797749979
1269, 30, 365, 374, 363, 375, 2, -1, -0.4636476090008061, 2.23606797749979
1269, 31, 319, 111, 318, 112, 1, -1, -0.7853981633974483, 1.4142135623730951
1269, 32, 294, 402, 293, 403, 1, -1, -0.7853981633974483, 1.4142135623730951
1269, 34, 219, 377, 218, 378, 1, -1, -0.7853981633974483, 1.4142135623730951
1269, 39, 584, 80, 583, 81, 1, -1, -0.7853981633974483, 1.4142135623730951
1269, 41, 593, 107, 591, 107, 2, 0, 0.0, 2.0
1269, 43, 575, 366, 571, 368, 4, -2, -0.4636476090008061, 4.47213595499958
1269, 47, 401, 356, 400, 357, 1, -1, -0.7853981633974483, 1.4142135623730951
1269, 48, 460, 75, 458, 75, 2, 0, 0.0, 2.0
1269, 51, 578, 347, 576, 347, 2, 0, 0.0, 2.0
1269, 52, 581, 397, 580, 398, 1, -1, -0.7853981633974483, 1.4142135623730951
1269, 54, 447, 370, 445, 370, 2, 0, 0.0, 2.0
1269, 56, 210, 132, 208, 132, 2, 0, 0.0, 2.0
1270, 0, 339, 353, 338, 354, 1, -1, -0.7853981633974483, 1.4142135623730951
1270, 3, 602, 106, 599, 107, 3, -1, -0.3217505543966422, 3.1622776601683795
1270, 4, 607, 350, 605, 351, 2, -1, -0.4636476090008061, 2.23606797749979
1270, 6, 594, 70, 592, 71, 2, -1, -0.4636476090008061, 2.23606797749979
1270, 9, 411, 125, 410, 126, 1, -1, -0.7853981633974483, 1.4142135623730951
1270, 13, 465, 353, 463, 354, 2, -1, -0.4636476090008061, 2.23606797749979
1270, 17, 218, 154, 217, 155, 1, -1, -0.7853981633974483, 1.4142135623730951
1270, 19, 396, 405, 395, 406, 1, -1, -0.7853981633974483, 1.4142135623730951
1270, 20, 393, 73, 391, 74, 2, -1, -0.4636476090008061, 2.23606797749979
1270, 22, 518, 366, 515, 367, 3, -1, -0.3217505543966422, 3.1622776601683795
1270, 23, 442, 368, 440, 369, 2, -1, -0.4636476090008061, 2.23606797749979
1270, 26, 526, 378, 524, 378, 2, 0, 0.0, 2.0
1270, 27, 490, 131, 488, 131, 2, 0, 0.0, 2.0
1270, 28, 635, 107, 637, 107, -2, 0, 3.141592653589793, 2.0
1270, 29, 284, 366, 283, 367, 1, -1, -0.7853981633974483, 1.4142135623730951
1270, 31, 570, 338, 569, 339, 1, -1, -0.7853981633974483, 1.4142135623730951
1270, 33, 318, 113, 317, 114, 1, -1, -0.7853981633974483, 1.4142135623730951
1270, 34, 231, 121, 230, 123, 1, -2, -1.1071487177940904, 2.23606797749979
1270, 35, 503, 345, 500, 346, 3, -1, -0.3217505543966422, 3.1622776601683795
1270, 40, 295, 404, 294, 405, 1, -1, -0.7853981633974483, 1.4142135623730951
1270, 43, 220, 378, 219, 379, 1, -1, -0.7853981633974483, 1.4142135623730951
1270, 44, 311, 346, 310, 347, 1, -1, -0.7853981633974483, 1.4142135623730951
1270, 45, 542, 402, 541, 403, 1, -1, -0.7853981633974483, 1.4142135623730951
1270, 47, 595, 81, 593, 81, 2, 0, 0.0, 2.0
1270, 48, 545, 130, 544, 131, 1, -1, -0.7853981633974483, 1.4142135623730951
1270, 50, 592, 110, 590, 110, 2, 0, 0.0, 2.0
1270, 51, 447, 381, 445, 381, 2, 0, 0.0, 2.0
1271, 2, 445, 124, 443, 124, 2, 0, 0.0, 2.0
1271, 3, 605, 105, 602, 106, 3, -1, -0.3217505543966422, 3.1622776601683795
1271, 4, 609, 349, 607, 350, 2, -1, -0.4636476090008061, 2.23606797749979
1271, 5, 374, 99, 372, 99, 2, 0, 0.0, 2.0
1271, 7, 211, 147, 211, 149, 0, -2, -1.5707963267948966, 2.0
1271, 9, 412, 124, 411, 125, 1, -1, -0.7853981633974483, 1.4142135623730951
1271, 13, 466, 352, 465, 353, 1, -1, -0.7853981633974483, 1.4142135623730951
1271, 14, 365, 376, 364, 378, 1, -2, -1.1071487177940904, 2.23606797749979
1271, 19, 397, 404, 396, 405, 1, -1, -0.7853981633974483, 1.4142135623730951
1271, 20, 394, 72, 393, 73, 1, -1, -0.7853981633974483, 1.4142135623730951
1271, 22, 522, 365, 518, 366, 4, -1, -0.24497866312686414, 4.123105625617661
1271, 23, 445, 367, 442, 368, 3, -1, -0.3217505543966422, 3.1622776601683795
1271, 24, 329, 399, 328, 400, 1, -1, -0.7853981633974483, 1.4142135623730951
1271, 26, 528, 377, 526, 378, 2, -1, -0.4636476090008061, 2.23606797749979
1271, 27, 493, 129, 490, 131, 3, -2, -0.5880026035475675, 3.605551275463989
1271, 30, 631, 76, 629, 77, 2, -1, -0.4636476090008061, 2.23606797749979
1271, 31, 572, 337, 570, 338, 2, -1, -0.4636476090008061, 2.23606797749979
1271, 32, 365, 127, 365, 129, 0, -2, -1.5707963267948966, 2.0
1271, 35, 505, 345, 503, 345, 2, 0, 0.0, 2.0
1271, 36, 438, 129, 437, 130, 1, -1, -0.7853981633974483, 1.4142135623730951
1271, 38, 493, 347, 491, 347, 2, 0, 0.0, 2.0
1271, 40, 296, 403, 295, 404, 1, -1, -0.7853981633974483, 1.4142135623730951
1271, 42, 614, 84, 612, 84, 2, 0, 0.0, 2.0
1271, 43, 221, 377, 220, 378, 1, -1, -0.7853981633974483, 1.4142135623730951
1271, 45, 544, 401, 542, 402, 2, -1, -0.4636476090008061, 2.23606797749979
1271, 47, 597, 81, 595, 81, 2, 0, 0.0, 2.0
1271, 48, 547, 130, 545, 130, 2, 0, 0.0, 2.0
1271, 50, 594, 109, 592, 110, 2, -1, -0.4636476090008061, 2.23606797749979
1272, 1, 379, 124, 377, 124, 2, 0, 0.0, 2.0
1272, 2, 447, 124, 445, 124, 2, 0, 0.0, 2.0
1272, 3, 607, 104, 605, 105, 2, -1, -0.4636476090008061, 2.23606797749979
1272, 4, 611, 349, 609, 349, 2, 0, 0.0, 2.0
1272, 9, 413, 123, 412, 124, 1, -1, -0.7853981633974483, 1.4142135623730951
1272, 13, 468, 351, 466, 352, 2, -1, -0.4636476090008061, 2.23606797749979
1272, 14, 367, 375, 365, 376, 2, -1, -0.4636476090008061, 2.23606797749979
1272, 20, 395, 71, 394, 72, 1, -1, -0.7853981633974483, 1.4142135623730951
1272, 22, 524, 364, 522, 365, 2, -1, -0.4636476090008061, 2.23606797749979
1272, 23, 447, 367, 445, 367, 2, 0, 0.0, 2.0
1272, 26, 530, 377, 528, 377, 2, 0, 0.0, 2.0
1272, 27, 495, 129, 493, 129, 2, 0, 0.0, 2.0
1272, 30, 633, 75, 631, 76, 2, -1, -0.4636476090008061, 2.23606797749979
1272, 31, 573, 336, 572, 337, 1, -1, -0.7853981633974483, 1.4142135623730951
1272, 32, 366, 125, 365, 127, 1, -2, -1.1071487177940904, 2.23606797749979
1272, 34, 232, 118, 231, 120, 1, -2, -1.1071487177940904, 2.23606797749979
1272, 35, 506, 344, 505, 345, 1, -1, -0.7853981633974483, 1.4142135623730951
1272, 36, 439, 128, 438, 129, 1, -1, -0.7853981633974483, 1.4142135623730951
1272, 38, 495, 346, 493, 347, 2, -1, -0.4636476090008061, 2.23606797749979
1272, 42, 616, 84, 614, 84, 2, 0, 0.0, 2.0
1272, 43, 222, 376, 221, 377, 1, -1, -0.7853981633974483, 1.4142135623730951
1272, 44, 313, 345, 312, 346, 1, -1, -0.7853981633974483, 1.4142135623730951
1272, 45, 546, 400, 544, 401, 2, -1, -0.4636476090008061, 2.23606797749979
1272, 46, 283, 111, 281, 111, 2, 0, 0.0, 2.0
1272, 47, 599, 81, 597, 81, 2, 0, 0.0, 2.0
1272, 48, 550, 131, 547, 130, 3, 1, 0.3217505543966422, 3.1622776601683795
1272, 49, 226, 372, 225, 373, 1, -1, -0.7853981633974483, 1.4142135623730951
1272, 50, 597, 108, 594, 109, 3, -1, -0.3217505543966422, 3.1622776601683795
1272, 51, 450, 381, 448, 381, 2, 0, 0.0, 2.0
1273, 2, 449, 124, 447, 124, 2, 0, 0.0, 2.0
1273, 3, 609, 104, 607, 104, 2, 0, 0.0, 2.0
1273, 4, 612, 348, 611, 349, 1, -1, -0.7853981633974483, 1.4142135623730951
1273, 11, 378, 352, 376, 352, 2, 0, 0.0, 2.0
1273, 13, 469, 350, 468, 351, 1, -1, -0.7853981633974483, 1.4142135623730951
1273, 14, 369, 374, 367, 375, 2, -1, -0.4636476090008061, 2.23606797749979
1273, 17, 218, 152, 217, 153, 1, -1, -0.7853981633974483, 1.4142135623730951
1273, 19, 399, 403, 398, 404, 1, -1, -0.7853981633974483, 1.4142135623730951
1273, 20, 396, 70, 395, 71, 1, -1, -0.7853981633974483, 1.4142135623730951
1273, 22, 527, 363, 524, 364, 3, -1, -0.3217505543966422, 3.1622776601683795
1273, 23, 448, 366, 447, 367, 1, -1, -0.7853981633974483, 1.4142135623730951
1273, 26, 532, 376, 530, 377, 2, -1, -0.4636476090008061, 2.23606797749979
1273, 27, 497, 129, 495, 129, 2, 0, 0.0, 2.0
1273, 30, 635, 75, 633, 75, 2, 0, 0.0, 2.0
1273, 31, 574, 335, 573, 336, 1, -1, -0.7853981633974483, 1.4142135623730951
1273, 32, 369, 124, 366, 125, 3, -1, -0.3217505543966422, 3.1622776601683795
1273, 33, 321, 112, 320, 113, 1, -1, -0.7853981633974483, 1.4142135623730951
1273, 34, 232, 116, 232, 118, 0, -2, -1.5707963267948966, 2.0
1273, 35, 508, 343, 506, 344, 2, -1, -0.4636476090008061, 2.23606797749979
1273, 36, 440, 127, 439, 128, 1, -1, -0.7853981633974483, 1.4142135623730951
1273, 38, 497, 345, 495, 346, 2, -1, -0.4636476090008061, 2.23606797749979
1273, 46, 284, 110, 283, 111, 1, -1, -0.7853981633974483, 1.4142135623730951
1273, 47, 601, 81, 599, 81, 2, 0, 0.0, 2.0
1273, 48, 552, 131, 550, 131, 2, 0, 0.0, 2.0
1273, 50, 599, 107, 597, 108, 2, -1, -0.4636476090008061, 2.23606797749979
1273, 51, 451, 380, 450, 381, 1, -1, -0.7853981633974483, 1.4142135623730951
1273, 52, 596, 343, 595, 344, 1, -1, -0.7853981633974483, 1.4142135623730951
1274, 0, 344, 353, 342, 353, 2, 0, 0.0, 2.0
1274, 1, 381, 123, 380, 124, 1, -1, -0.7853981633974483, 1.4142135623730951
1274, 9, 416, 123, 414, 123, 2, 0, 0.0, 2.0
1274, 14, 371, 375, 369, 374, 2, 1, 0.4636476090008061, 2.23606797749979
1274, 19, 400, 402, 399, 403, 1, -1, -0.7853981633974483, 1.4142135623730951
1274, 20, 397, 69, 396, 70, 1, -1, -0.7853981633974483, 1.4142135623730951
1274, 22, 528, 362, 527, 363, 1, -1, -0.7853981633974483, 1.4142135623730951
1274, 23, 449, 365, 448, 366, 1, -1, -0.7853981633974483, 1.4142135623730951
1274, 26, 534, 376, 532, 376, 2, 0, 0.0, 2.0
1274, 29, 288, 365, 287, 366, 1, -1, -0.7853981633974483, 1.4142135623730951
1274, 31, 576, 334, 574, 335, 2, -1, -0.4636476090008061, 2.23606797749979
1274, 32, 371, 123, 369, 124, 2, -1, -0.4636476090008061, 2.23606797749979
1274, 36, 442, 127, 440, 127, 2, 0, 0.0, 2.0
1274, 38, 498, 344, 497, 345, 1, -1, -0.7853981633974483, 1.4142135623730951
1274, 42, 618, 83, 617, 84, 1, -1, -0.7853981633974483, 1.4142135623730951
1274, 43, 223, 375, 222, 376, 1, -1, -0.7853981633974483, 1.4142135623730951
1274, 44, 315, 344, 314, 345, 1, -1, -0.7853981633974483, 1.4142135623730951
1274, 47, 603, 81, 601, 81, 2, 0, 0.0, 2.0
1274, 48, 554, 131, 552, 131, 2, 0, 0.0, 2.0
1274, 50, 601, 107, 599, 107, 2, 0, 0.0, 2.0
1274, 51, 452, 379, 451, 380, 1, -1, -0.7853981633974483, 1.4142135623730951
1275, 0, 381, 123, 379, 124, 2, -1, -0.4636476090008061, 2.23606797749979
1275, 2, 612, 349, 611, 350, 1, -1, -0.7853981633974483, 1.4142135623730951
1275, 3, 449, 124, 447, 124, 2, 0, 0.0, 2.0
1275, 6, 398, 71, 396, 72, 2, -1, -0.4636476090008061, 2.23606797749979
1275, 13, 331, 409, 330, 410, 1, -1, -0.7853981633974483, 1.4142135623730951
1275, 14, 469, 353, 468, 354, 1, -1, -0.7853981633974483, 1.4142135623730951
1275, 16, 264, 403, 263, 404, 1, -1, -0.7853981633974483, 1.4142135623730951
1275, 24, 576, 338, 574, 339, 2, -1, -0.4636476090008061, 2.23606797749979
1275, 25, 523, 371, 522, 372, 1, -1, -0.7853981633974483, 1.4142135623730951
1275, 28, 391, 82, 390, 83, 1, -1, -0.7853981633974483, 1.4142135623730951
1276, 0, 382, 122, 381, 123, 1, -1, -0.7853981633974483, 1.4142135623730951
1276, 2, 613, 348, 612, 349, 1, -1, -0.7853981633974483, 1.4142135623730951
1276, 3, 450, 123, 449, 124, 1, -1, -0.7853981633974483, 1.4142135623730951
1276, 6, 399, 70, 398, 71, 1, -1, -0.7853981633974483, 1.4142135623730951
1276, 7, 606, 105, 605, 106, 1, -1, -0.7853981633974483, 1.4142135623730951
1276, 10, 416, 125, 415, 126, 1, -1, -0.7853981633974483, 1.4142135623730951
1276, 13, 332, 408, 331, 409, 1, -1, -0.7853981633974483, 1.4142135623730951
1276, 14, 470, 352, 469, 353, 1, -1, -0.7853981633974483, 1.4142135623730951
1276, 22, 372, 378, 370, 378, 2, 0, 0.0, 2.0
1276, 24, 579, 337, 576, 338, 3, -1, -0.3217505543966422, 3.1622776601683795
1277, 0, 386, 122, 382, 122, 4, 0, 0.0, 4.0
1277, 1, 348, 355, 346, 355, 2, 0, 0.0, 2.0
1277, 2, 615, 347, 613, 348, 2, -1, -0.4636476090008061, 2.23606797749979
1277, 3, 452, 123, 450, 123, 2, 0, 0.0, 2.0
1277, 7, 608, 105, 606, 105, 2, 0, 0.0, 2.0
1277, 10, 417, 124, 416, 125, 1, -1, -0.7853981633974483, 1.4142135623730951
1277, 11, 351, 349, 349, 348, 2, 1, 0.4636476090008061, 2.23606797749979
1277, 14, 472, 351, 470, 352, 2, -1, -0.4636476090008061, 2.23606797749979
1277, 23, 581, 336, 579, 337, 2, -1, -0.4636476090008061, 2.23606797749979
1277, 27, 393, 81, 392, 82, 1, -1, -0.7853981633974483, 1.4142135623730951
1278, 2, 617, 347, 615, 347, 2, 0, 0.0, 2.0
1278, 3, 453, 122, 452, 123, 1, -1, -0.7853981633974483, 1.4142135623730951
1278, 7, 610, 105, 608, 105, 2, 0, 0.0, 2.0
1278, 10, 418, 123, 417, 124, 1, -1, -0.7853981633974483, 1.4142135623730951
1278, 14, 474, 350, 472, 351, 2, -1, -0.4636476090008061, 2.23606797749979
1278, 22, 584, 336, 581, 336, 3, 0, 0.0, 3.0
1278, 27, 239, 133, 239, 135, 0, -2, -1.5707963267948966, 2.0
1279, 1, 350, 353, 348, 354, 2, -1, -0.4636476090008061, 2.23606797749979
1279, 2, 619, 347, 617, 347, 2, 0, 0.0, 2.0
1279, 3, 454, 121, 453, 122, 1, -1, -0.7853981633974483, 1.4142135623730951
1279, 4, 601, 72, 599, 72, 2, 0, 0.0, 2.0
1279, 7, 613, 105, 610, 105, 3, 0, 0.0, 3.0
1279, 9, 214, 147, 213, 148, 1, -1, -0.7853981633974483, 1.4142135623730951
1279, 13, 335, 407, 334, 408, 1, -1, -0.7853981633974483, 1.4142135623730951
1279, 14, 475, 349, 474, 350, 1, -1, -0.7853981633974483, 1.4142135623730951
1279, 16, 265, 400, 264, 401, 1, -1, -0.7853981633974483, 1.4142135623730951
1279, 18, 405, 404, 404, 405, 1, -1, -0.7853981633974483, 1.4142135623730951
1279, 22, 586, 335, 584, 336, 2, -1, -0.4636476090008061, 2.23606797749979
1280, 1, 453, 123, 452, 124, 1, -1, -0.7853981633974483, 1.4142135623730951
1280, 2, 613, 106, 610, 107, 3, -1, -0.3217505543966422, 3.1622776601683795
1280, 4, 619, 348, 617, 349, 2, -1, -0.4636476090008061, 2.23606797749979
1280, 5, 474, 353, 473, 354, 1, -1, -0.7853981633974483, 1.4142135623730951
1280, 10, 335, 409, 334, 410, 1, -1, -0.7853981633974483, 1.4142135623730951
1280, 14, 602, 72, 601, 73, 1, -1, -0.7853981633974483, 1.4142135623730951
1280, 20, 402, 107, 401, 108, 1, -1, -0.7853981633974483, 1.4142135623730951
1280, 21, 374, 377, 373, 378, 1, -1, -0.7853981633974483, 1.4142135623730951
1280, 24, 635, 72, 634, 73, 1, -1, -0.7853981633974483, 1.4142135623730951
1280, 25, 555, 126, 554, 127, 1, -1, -0.7853981633974483, 1.4142135623730951
1280, 30, 190, 349, 190, 351, 0, -2, -1.5707963267948966, 2.0
1280, 34, 456, 381, 455, 382, 1, -1, -0.7853981633974483, 1.4142135623730951
1280, 43, 565, 78, 563, 78, 2, 0, 0.0, 2.0
1280, 44, 632, 137, 630, 137, 2, 0, 0.0, 2.0
1280, 45, 411, 358, 410, 359, 1, -1, -0.7853981633974483, 1.4142135623730951
1280, 47, 609, 345, 607, 346, 2, -1, -0.4636476090008061, 2.23606797749979
1280, 48, 603, 108, 601, 109, 2, -1, -0.4636476090008061, 2.23606797749979
1280, 50, 549, 350, 547, 350, 2, 0, 0.0, 2.0
1280, 51, 535, 377, 534, 378, 1, -1, -0.7853981633974483, 1.4142135623730951
1280, 53, 624, 82, 623, 83, 1, -1, -0.7853981633974483, 1.4142135623730951
1281, 0, 387, 124, 386, 125, 1, -1, -0.7853981633974483, 1.4142135623730951
1281, 3, 352, 354, 351, 355, 1, -1, -0.7853981633974483, 1.4142135623730951
1281, 4, 621, 347, 619, 348, 2, -1, -0.4636476090008061, 2.23606797749979
1281, 10, 336, 408, 335, 409, 1, -1, -0.7853981633974483, 1.4142135623730951
1281, 14, 603, 71, 602, 72, 1, -1, -0.7853981633974483, 1.4142135623730951
1281, 16, 528, 369, 527, 370, 1, -1, -0.7853981633974483, 1.4142135623730951
1281, 20, 403, 106, 402, 107, 1, -1, -0.7853981633974483, 1.4142135623730951
1281, 23, 374, 101, 372, 101, 2, 0, 0.0, 2.0
1281, 25, 557, 125, 555, 126, 2, -1, -0.4636476090008061, 2.23606797749979
1281, 26, 450, 373, 449, 374, 1, -1, -0.7853981633974483, 1.4142135623730951
1281, 27, 333, 400, 332, 401, 1, -1, -0.7853981633974483, 1.4142135623730951
1281, 31, 317, 348, 316, 349, 1, -1, -0.7853981633974483, 1.4142135623730951
1281, 34, 457, 380, 456, 381, 1, -1, -0.7853981633974483, 1.4142135623730951
1281, 38, 226, 377, 225, 378, 1, -1, -0.7853981633974483, 1.4142135623730951
1281, 39, 186, 377, 184, 377, 2, 0, 0.0, 2.0
1281, 44, 634, 137, 632, 137, 2, 0, 0.0, 2.0
1281, 46, 290, 111, 289, 112, 1, -1, -0.7853981633974483, 1.4142135623730951
1281, 47, 611, 343, 609, 345, 2, -2, -0.7853981633974483, 2.8284271247461903
1281, 48, 605, 108, 603, 108, 2, 0, 0.0, 2.0
1281, 49, 551, 349, 549, 350, 2, -1, -0.4636476090008061, 2.23606797749979
1281, 50, 536, 376, 535, 377, 1, -1, -0.7853981633974483, 1.4142135623730951
1281, 52, 625, 81, 624, 82, 1, -1, -0.7853981633974483, 1.4142135623730951
1282, 2, 616, 106, 614, 106, 2, 0, 0.0, 2.0
1282, 4, 622, 346, 621, 347, 1, -1, -0.7853981633974483, 1.4142135623730951
1282, 5, 476, 352, 475, 353, 1, -1, -0.7853981633974483, 1.4142135623730951
1282, 10, 337, 407, 336, 408, 1, -1, -0.7853981633974483, 1.4142135623730951
1282, 17, 407, 404, 406, 405, 1, -1, -0.7853981633974483, 1.4142135623730951
1282, 19, 268, 403, 267, 404, 1, -1, -0.7853981633974483, 1.4142135623730951
1282, 23, 375, 100, 374, 101, 1, -1, -0.7853981633974483, 1.4142135623730951
1282, 25, 559, 124, 557, 125, 2, -1, -0.4636476090008061, 2.23606797749979
1282, 27, 335, 399, 333, 400, 2, -1, -0.4636476090008061, 2.23606797749979
1282, 34, 459, 379, 457, 380, 2, -1, -0.4636476090008061, 2.23606797749979
1282, 36, 308, 393, 307, 394, 1, -1, -0.7853981633974483, 1.4142135623730951
1282, 39, 188, 376, 186, 377, 2, -1, -0.4636476090008061, 2.23606797749979
1282, 45, 413, 357, 412, 358, 1, -1, -0.7853981633974483, 1.4142135623730951
1282, 46, 291, 110, 290, 111, 1, -1, -0.7853981633974483, 1.4142135623730951
1282, 47, 612, 342, 611, 343, 1, -1, -0.7853981633974483, 1.4142135623730951
1282, 48, 607, 107, 605, 108, 2, -1, -0.4636476090008061, 2.23606797749979
1282, 49, 553, 348, 551, 349, 2, -1, -0.4636476090008061, 2.23606797749979
1282, 50, 538, 375, 536, 376, 2, -1, -0.4636476090008061, 2.23606797749979
1283, 1, 456, 122, 455, 123, 1, -1, -0.7853981633974483, 1.4142135623730951
1283, 3, 354, 353, 353, 354, 1, -1, -0.7853981633974483, 1.4142135623730951
1283, 4, 624, 345, 622, 346, 2, -1, -0.4636476090008061, 2.23606797749979
1283, 5, 478, 352, 476, 352, 2, 0, 0.0, 2.0
1283, 9, 422, 125, 421, 126, 1, -1, -0.7853981633974483, 1.4142135623730951
1283, 10, 338, 406, 337, 407, 1, -1, -0.7853981633974483, 1.4142135623730951
1283, 14, 606, 70, 604, 71, 2, -1, -0.4636476090008061, 2.23606797749979
1283, 15, 384, 352, 383, 353, 1, -1, -0.7853981633974483, 1.4142135623730951
1283, 16, 530, 368, 529, 369, 1, -1, -0.7853981633974483, 1.4142135623730951
1283, 20, 405, 105, 404, 106, 1, -1, -0.7853981633974483, 1.4142135623730951
1283, 25, 561, 123, 559, 124, 2, -1, -0.4636476090008061, 2.23606797749979
1283, 26, 452, 372, 451, 373, 1, -1, -0.7853981633974483, 1.4142135623730951
1283, 27, 337, 398, 335, 399, 2, -1, -0.4636476090008061, 2.23606797749979
1283, 29, 503, 132, 501, 132, 2, 0, 0.0, 2.0
1283, 31, 318, 347, 317, 348, 1, -1, -0.7853981633974483, 1.4142135623730951
1283, 34, 460, 378, 459, 379, 1, -1, -0.7853981633974483, 1.4142135623730951
1283, 35, 270, 409, 269, 410, 1, -1, -0.7853981633974483, 1.4142135623730951
1283, 37, 241, 132, 240, 133, 1, -1, -0.7853981633974483, 1.4142135623730951
1283, 39, 189, 375, 188, 376, 1, -1, -0.7853981633974483, 1.4142135623730951
1283, 48, 608, 106, 607, 107, 1, -1, -0.7853981633974483, 1.4142135623730951
1283, 49, 555, 348, 553, 348, 2, 0, 0.0, 2.0
1283, 50, 540, 375, 538, 375, 2, 0, 0.0, 2.0
1283, 52, 627, 80, 626, 81, 1, -1, -0.7853981633974483, 1.4142135623730951
1284, 0, 390, 123, 388, 124, 2, -1, -0.4636476090008061, 2.23606797749979
1284, 1, 457, 121, 456, 122, 1, -1, -0.7853981633974483, 1.4142135623730951
1284, 4, 625, 344, 624, 345, 1, -1, -0.7853981633974483, 1.4142135623730951
1284, 9, 423, 124, 422, 125, 1, -1, -0.7853981633974483, 1.4142135623730951
1284, 10, 339, 405, 338, 406, 1, -1, -0.7853981633974483, 1.4142135623730951
1284, 11, 350, 347, 349, 348, 1, -1, -0.7853981633974483, 1.4142135623730951
1284, 12, 406, 73, 404, 73, 2, 0, 0.0, 2.0
1284, 14, 608, 69, 606, 70, 2, -1, -0.4636476090008061, 2.23606797749979
1284, 15, 386, 351, 384, 352, 2, -1, -0.4636476090008061, 2.23606797749979
1284, 16, 532, 367, 530, 368, 2, -1, -0.4636476090008061, 2.23606797749979
1284, 17, 409, 403, 408, 404, 1, -1, -0.7853981633974483, 1.4142135623730951
1284, 19, 270, 402, 269, 403, 1, -1, -0.7853981633974483, 1.4142135623730951
1284, 25, 563, 123, 561, 123, 2, 0, 0.0, 2.0
1284, 26, 454, 371, 452, 372, 2, -1, -0.4636476090008061, 2.23606797749979
1284, 27, 338, 397, 337, 398, 1, -1, -0.7853981633974483, 1.4142135623730951
1284, 29, 505, 132, 503, 132, 2, 0, 0.0, 2.0
1284, 34, 462, 377, 460, 378, 2, -1, -0.4636476090008061, 2.23606797749979
1284, 36, 310, 392, 308, 392, 2, 0, 0.0, 2.0
1284, 47, 609, 105, 608, 106, 1, -1, -0.7853981633974483, 1.4142135623730951
1284, 48, 556, 347, 555, 348, 1, -1, -0.7853981633974483, 1.4142135623730951
1284, 49, 542, 374, 540, 375, 2, -1, -0.4636476090008061, 2.23606797749979
1284, 51, 628, 79, 627, 80, 1, -1, -0.7853981633974483, 1.4142135623730951
1285, 0, 352, 354, 351, 355, 1, -1, -0.7853981633974483, 1.4142135623730951
1285, 1, 389, 124, 388, 125, 1, -1, -0.7853981633974483, 1.4142135623730951
1285, 2, 457, 123, 456, 124, 1, -1, -0.7853981633974483, 1.4142135623730951
1285, 3, 623, 348, 621, 349, 2, -1, -0.4636476090008061, 2.23606797749979
1285, 4, 618, 107, 616, 108, 2, -1, -0.4636476090008061, 2.23606797749979
1285, 5, 608, 72, 606, 73, 2, -1, -0.4636476090008061, 2.23606797749979
1285, 11, 561, 128, 559, 128, 2, 0, 0.0, 2.0
1285, 17, 271, 405, 270, 406, 1, -1, -0.7853981633974483, 1.4142135623730951
1285, 18, 613, 343, 611, 344, 2, -1, -0.4636476090008061, 2.23606797749979
1285, 20, 248, 135, 247, 136, 1, -1, -0.7853981633974483, 1.4142135623730951
1285, 21, 394, 132, 393, 133, 1, -1, -0.7853981633974483, 1.4142135623730951
1285, 25, 342, 409, 341, 410, 1, -1, -0.7853981633974483, 1.4142135623730951
1285, 28, 598, 82, 596, 83, 2, -1, -0.4636476090008061, 2.23606797749979
1285, 33, 612, 81, 611, 82, 1, -1, -0.7853981633974483, 1.4142135623730951
1285, 34, 596, 400, 593, 399, 3, 1, 0.3217505543966422, 3.1622776601683795
1285, 36, 505, 133, 503, 133, 2, 0, 0.0, 2.0
1285, 38, 324, 117, 322, 118, 2, -1, -0.4636476090008061, 2.23606797749979
1285, 41, 542, 377, 540, 378, 2, -1, -0.4636476090008061, 2.23606797749979
1285, 45, 294, 111, 293, 112, 1, -1, -0.7853981633974483, 1.4142135623730951
1286, 0, 354, 353, 352, 354, 2, -1, -0.4636476090008061, 2.23606797749979
1286, 1, 390, 122, 389, 124, 1, -2, -1.1071487177940904, 2.23606797749979
1286, 2, 459, 122, 457, 123, 2, -1, -0.4636476090008061, 2.23606797749979
1286, 3, 625, 347, 623, 348, 2, -1, -0.4636476090008061, 2.23606797749979
1286, 4, 620, 106, 618, 107, 2, -1, -0.4636476090008061, 2.23606797749979
1286, 5, 610, 71, 608, 72, 2, -1, -0.4636476090008061, 2.23606797749979
1286, 7, 480, 354, 479, 355, 1, -1, -0.7853981633974483, 1.4142135623730951
1286, 10, 563, 128, 561, 128, 2, 0, 0.0, 2.0
1286, 12, 406, 71, 405, 72, 1, -1, -0.7853981633974483, 1.4142135623730951
1286, 13, 385, 352, 384, 353, 1, -1, -0.7853981633974483, 1.4142135623730951
1286, 15, 338, 401, 337, 402, 1, -1, -0.7853981633974483, 1.4142135623730951
1286, 17, 615, 342, 613, 343, 2, -1, -0.4636476090008061, 2.23606797749979
1286, 20, 395, 131, 394, 132, 1, -1, -0.7853981633974483, 1.4142135623730951
1286, 24, 343, 408, 342, 409, 1, -1, -0.7853981633974483, 1.4142135623730951
1286, 25, 380, 378, 379, 379, 1, -1, -0.7853981633974483, 1.4142135623730951
1286, 26, 231, 379, 230, 380, 1, -1, -0.7853981633974483, 1.4142135623730951
1286, 27, 599, 81, 598, 82, 1, -1, -0.7853981633974483, 1.4142135623730951
1286, 30, 632, 81, 631, 82, 1, -1, -0.7853981633974483, 1.4142135623730951
1286, 32, 613, 80, 612, 81, 1, -1, -0.7853981633974483, 1.4142135623730951
1286, 34, 308, 404, 307, 405, 1, -1, -0.7853981633974483, 1.4142135623730951
1286, 35, 507, 133, 505, 133, 2, 0, 0.0, 2.0
1286, 37, 326, 116, 324, 117, 2, -1, -0.4636476090008061, 2.23606797749979
1286, 38, 331, 114, 330, 115, 1, -1, -0.7853981633974483, 1.4142135623730951
1286, 41, 354, 101, 353, 102, 1, -1, -0.7853981633974483, 1.4142135623730951
1286, 42, 410, 108, 409, 109, 1, -1, -0.7853981633974483, 1.4142135623730951
1286, 45, 358, 346, 357, 347, 1, -1, -0.7853981633974483, 1.4142135623730951
1287, 0, 356, 352, 354, 353, 2, -1, -0.4636476090008061, 2.23606797749979
1287, 1, 392, 121, 390, 122, 2, -1, -0.4636476090008061, 2.23606797749979
1287, 2, 461, 121, 459, 122, 2, -1, -0.4636476090008061, 2.23606797749979
1287, 3, 627, 346, 625, 347, 2, -1, -0.4636476090008061, 2.23606797749979
1287, 4, 623, 105, 620, 106, 3, -1, -0.3217505543966422, 3.1622776601683795
1287, 5, 611, 68, 610, 71, 1, -3, -1.2490457723982544, 3.1622776601683795
1287, 6, 209, 335, 208, 336, 1, -1, -0.7853981633974483, 1.4142135623730951
1287, 7, 481, 353, 480, 354, 1, -1, -0.7853981633974483, 1.4142135623730951
1287, 8, 218, 144, 217, 146, 1, -2, -1.1071487177940904, 2.23606797749979
1287, 10, 564, 129, 563, 128, 1, 1, 0.7853981633974483, 1.4142135623730951
1287, 11, 426, 127, 424, 127, 2, 0, 0.0, 2.0
1287, 12, 407, 70, 406, 71, 1, -1, -0.7853981633974483, 1.4142135623730951
1287, 15, 339, 400, 338, 401, 1, -1, -0.7853981633974483, 1.4142135623730951
1287, 16, 273, 403, 272, 405, 1, -2, -1.1071487177940904, 2.23606797749979
1287, 17, 617, 341, 615, 342, 2, -1, -0.4636476090008061, 2.23606797749979
1287, 20, 397, 130, 395, 131, 2, -1, -0.4636476090008061, 2.23606797749979
1287, 22, 412, 406, 410, 406, 2, 0, 0.0, 2.0
1287, 24, 344, 406, 343, 408, 1, -2, -1.1071487177940904, 2.23606797749979
1287, 25, 381, 377, 380, 378, 1, -1, -0.7853981633974483, 1.4142135623730951
1287, 26, 232, 378, 231, 379, 1, -1, -0.7853981633974483, 1.4142135623730951
1287, 27, 600, 79, 599, 81, 1, -2, -1.1071487177940904, 2.23606797749979
1287, 29, 634, 81, 632, 81, 2, 0, 0.0, 2.0
1287, 31, 615, 78, 613, 80, 2, -2, -0.7853981633974483, 2.8284271247461903
1287, 33, 309, 403, 308, 404, 1, -1, -0.7853981633974483, 1.4142135623730951
1287, 34, 509, 133, 507, 133, 2, 0, 0.0, 2.0
1287, 36, 327, 117, 326, 116, 1, 1, 0.7853981633974483, 1.4142135623730951
1287, 38, 295, 368, 293, 368, 2, 0, 0.0, 2.0
1287, 39, 544, 375, 543, 377, 1, -2, -1.1071487177940904, 2.23606797749979
1287, 40, 356, 101, 354, 101, 2, 0, 0.0, 2.0
1288, 0, 357, 351, 356, 352, 1, -1, -0.7853981633974483, 1.4142135623730951
1288, 1, 394, 120, 392, 121, 2, -1, -0.4636476090008061, 2.23606797749979
1288, 2, 462, 120, 461, 121, 1, -1, -0.7853981633974483, 1.4142135623730951
1288, 3, 630, 345, 627, 346, 3, -1, -0.3217505543966422, 3.1622776601683795
1288, 4, 625, 105, 623, 105, 2, 0, 0.0, 2.0
1288, 5, 613, 68, 611, 68, 2, 0, 0.0, 2.0
1288, 7, 482, 352, 481, 353, 1, -1, -0.7853981633974483, 1.4142135623730951
1288, 9, 565, 128, 564, 129, 1, -1, -0.7853981633974483, 1.4142135623730951
1288, 10, 427, 126, 426, 127, 1, -1, -0.7853981633974483, 1.4142135623730951
1288, 12, 387, 351, 386, 352, 1, -1, -0.7853981633974483, 1.4142135623730951
1288, 15, 274, 402, 273, 403, 1, -1, -0.7853981633974483, 1.4142135623730951
1288, 16, 620, 340, 617, 341, 3, -1, -0.3217505543966422, 3.1622776601683795
1288, 17, 371, 96, 370, 97, 1, -1, -0.7853981633974483, 1.4142135623730951
1288, 19, 398, 129, 397, 130, 1, -1, -0.7853981633974483, 1.4142135623730951
1288, 20, 402, 102, 400, 103, 2, -1, -0.4636476090008061, 2.23606797749979
1288, 21, 413, 405, 412, 406, 1, -1, -0.7853981633974483, 1.4142135623730951
1288, 23, 345, 405, 344, 406, 1, -1, -0.7853981633974483, 1.4142135623730951
1288, 24, 383, 377, 381, 377, 2, 0, 0.0, 2.0
1288, 28, 635, 80, 634, 81, 1, -1, -0.7853981633974483, 1.4142135623730951
1288, 30, 616, 77, 615, 78, 1, -1, -0.7853981633974483, 1.4142135623730951
1288, 31, 600, 400, 598, 400, 2, 0, 0.0, 2.0
1288, 32, 310, 402, 309, 403, 1, -1, -0.7853981633974483, 1.4142135623730951
1288, 33, 511, 133, 509, 133, 2, 0, 0.0, 2.0
1288, 37, 297, 368, 295, 368, 2, 0, 0.0, 2.0
1288, 39, 357, 100, 356, 101, 1, -1, -0.7853981633974483, 1.4142135623730951
1288, 43, 359, 344, 358, 345, 1, -1, -0.7853981633974483, 1.4142135623730951
1289, 0, 359, 350, 357, 351, 2, -1, -0.4636476090008061, 2.23606797749979
1289, 1, 395, 119, 394, 120, 1, -1, -0.7853981633974483, 1.4142135623730951
1289, 2, 464, 120, 462, 120, 2, 0, 0.0, 2.0
1289, 3, 632, 344, 630, 345, 2, -1, -0.4636476090008061, 2.23606797749979
1289, 4, 628, 104, 625, 105, 3, -1, -0.3217505543966422, 3.1622776601683795
1289, 9, 567, 128, 565, 128, 2, 0, 0.0, 2.0
1289, 10, 428, 125, 427, 126, 1, -1, -0.7853981633974483, 1.4142135623730951
1289, 17, 374, 95, 371, 96, 3, -1, -0.3217505543966422, 3.1622776601683795
1289, 18, 249, 131, 248, 132, 1, -1, -0.7853981633974483, 1.4142135623730951
1289, 20, 404, 101, 402, 102, 2, -1, -0.4636476090008061, 2.23606797749979
1289, 21, 414, 404, 413, 405, 1, -1, -0.7853981633974483, 1.4142135623730951
1289, 23, 346, 404, 345, 405, 1, -1, -0.7853981633974483, 1.4142135623730951
1289, 27, 238, 114, 237, 115, 1, -1, -0.7853981633974483, 1.4142135623730951
1289, 30, 617, 76, 616, 77, 1, -1, -0.7853981633974483, 1.4142135623730951
1289, 32, 311, 401, 310, 402, 1, -1, -0.7853981633974483, 1.4142135623730951
1289, 33, 513, 132, 511, 133, 2, -1, -0.4636476090008061, 2.23606797749979
1289, 38, 546, 374, 545, 375, 1, -1, -0.7853981633974483, 1.4142135623730951
1289, 42, 297, 109, 296, 110, 1, -1, -0.7853981633974483, 1.4142135623730951
1289, 43, 362, 344, 359, 344, 3, 0, 0.0, 3.0
1290, 0, 359, 354, 358, 355, 1, -1, -0.7853981633974483, 1.4142135623730951
1290, 1, 463, 123, 462, 124, 1, -1, -0.7853981633974483, 1.4142135623730951
1290, 2, 630, 348, 628, 348, 2, 0, 0.0, 2.0
1290, 3, 623, 106, 622, 107, 1, -1, -0.7853981633974483, 1.4142135623730951
1290, 4, 395, 123, 394, 124, 1, -1, -0.7853981633974483, 1.4142135623730951
1290, 8, 428, 125, 427, 126, 1, -1, -0.7853981633974483, 1.4142135623730951
1290, 9, 483, 353, 482, 354, 1, -1, -0.7853981633974483, 1.4142135623730951
1290, 14, 510, 133, 508, 133, 2, 0, 0.0, 2.0
1290, 15, 344, 398, 343, 399, 1, -1, -0.7853981633974483, 1.4142135623730951
1290, 20, 239, 113, 239, 115, 0, -2, -1.5707963267948966, 2.0
1290, 24, 244, 132, 244, 134, 0, -2, -1.5707963267948966, 2.0
1290, 26, 601, 400, 600, 401, 1, -1, -0.7853981633974483, 1.4142135623730951
1290, 27, 375, 97, 374, 98, 1, -1, -0.7853981633974483, 1.4142135623730951
1290, 28, 619, 81, 617, 81, 2, 0, 0.0, 2.0
1290, 30, 385, 377, 383, 378, 2, -1, -0.4636476090008061, 2.23606797749979
1290, 32, 567, 132, 565, 131, 2, 1, 0.4636476090008061, 2.23606797749979
1290, 34, 456, 102, 454, 103, 2, -1, -0.4636476090008061, 2.23606797749979
1290, 35, 375, 85, 371, 86, 4, -1, -0.24497866312686414, 4.123105625617661
1290, 36, 334, 115, 333, 116, 1, -1, -0.7853981633974483, 1.4142135623730951
1290, 39, 592, 335, 590, 336, 2, -1, -0.4636476090008061, 2.23606797749979
1290, 40, 310, 405, 309, 406, 1, -1, -0.7853981633974483, 1.4142135623730951
1290, 41, 562, 403, 560, 404, 2, -1, -0.4636476090008061, 2.23606797749979
1290, 44, 318, 96, 317, 97, 1, -1, -0.7853981633974483, 1.4142135623730951
1290, 46, 275, 106, 274, 105, 1, 1, 0.7853981633974483, 1.4142135623730951
1290, 47, 450, 131, 449, 132, 1, -1, -0.7853981633974483, 1.4142135623730951
1290, 50, 595, 367, 593, 368, 2, -1, -0.4636476090008061, 2.23606797749979
1290, 51, 418, 355, 417, 356, 1, -1, -0.7853981633974483, 1.4142135623730951
1290, 52, 234, 83, 231, 84, 3, -1, -0.3217505543966422, 3.1622776601683795
1290, 53, 383, 370, 380, 371, 3, -1, -0.3217505543966422, 3.1622776601683795
1291, 0, 360, 353, 359, 354, 1, -1, -0.7853981633974483, 1.4142135623730951
1291, 2, 631, 347, 630, 348, 1, -1, -0.7853981633974483, 1.4142135623730951
1291, 4, 396, 122, 395, 123, 1, -1, -0.7853981633974483, 1.4142135623730951
1291, 7, 614, 71, 612, 71, 2, 0, 0.0, 2.0
1291, 9, 484, 352, 483, 353, 1, -1, -0.7853981633974483, 1.4142135623730951
1291, 10, 533, 368, 532, 369, 1, -1, -0.7853981633974483, 1.4142135623730951
1291, 13, 346, 408, 345, 409, 1, -1, -0.7853981633974483, 1.4142135623730951
1291, 14, 512, 133, 510, 133, 2, 0, 0.0, 2.0
1291, 15, 345, 397, 344, 398, 1, -1, -0.7853981633974483, 1.4142135623730951
1291, 18, 391, 353, 390, 354, 1, -1, -0.7853981633974483, 1.4142135623730951
1291, 26, 602, 399, 601, 400, 1, -1, -0.7853981633974483, 1.4142135623730951
1291, 27, 377, 97, 375, 97, 2, 0, 0.0, 2.0
1291, 28, 621, 80, 619, 81, 2, -1, -0.4636476090008061, 2.23606797749979
1291, 30, 387, 376, 385, 377, 2, -1, -0.4636476090008061, 2.23606797749979
1291, 31, 214, 330, 216, 330, -2, 0, 3.141592653589793, 2.0
1291, 32, 569, 132, 567, 132, 2, 0, 0.0, 2.0
1291, 33, 410, 103, 409, 104, 1, -1, -0.7853981633974483, 1.4142135623730951
1291, 35, 377, 84, 375, 85, 2, -1, -0.4636476090008061, 2.23606797749979
1291, 39, 594, 334, 592, 335, 2, -1, -0.4636476090008061, 2.23606797749979
1291, 41, 563, 402, 562, 403, 1, -1, -0.7853981633974483, 1.4142135623730951
1291, 42, 545, 376, 544, 377, 1, -1, -0.7853981633974483, 1.4142135623730951
1291, 43, 574, 77, 572, 78, 2, -1, -0.4636476090008061, 2.23606797749979
1291, 50, 598, 365, 595, 367, 3, -2, -0.5880026035475675, 3.605551275463989
1291, 51, 419, 354, 418, 355, 1, -1, -0.7853981633974483, 1.4142135623730951
1291, 52, 235, 82, 234, 83, 1, -1, -0.7853981633974483, 1.4142135623730951
1291, 53, 386, 370, 383, 370, 3, 0, 0.0, 3.0
1292, 1, 465, 122, 464, 123, 1, -1, -0.7853981633974483, 1.4142135623730951
1292, 2, 632, 346, 631, 347, 1, -1, -0.7853981633974483, 1.4142135623730951
1292, 3, 625, 105, 624, 106, 1, -1, -0.7853981633974483, 1.4142135623730951
1292, 4, 397, 121, 396, 122, 1, -1, -0.7853981633974483, 1.4142135623730951
1292, 8, 431, 124, 429, 125, 2, -1, -0.4636476090008061, 2.23606797749979
1292, 9, 486, 351, 484, 352, 2, -1, -0.4636476090008061, 2.23606797749979
1292, 10, 535, 367, 533, 368, 2, -1, -0.4636476090008061, 2.23606797749979
1292, 11, 415, 405, 414, 406, 1, -1, -0.7853981633974483, 1.4142135623730951
1292, 12, 277, 400, 276, 401, 1, -1, -0.7853981633974483, 1.4142135623730951
1292, 14, 514, 133, 512, 133, 2, 0, 0.0, 2.0
1292, 18, 393, 353, 391, 353, 2, 0, 0.0, 2.0
1292, 19, 457, 371, 456, 372, 1, -1, -0.7853981633974483, 1.4142135623730951
1292, 21, 219, 144, 218, 145, 1, -1, -0.7853981633974483, 1.4142135623730951
1292, 26, 603, 398, 602, 399, 1, -1, -0.7853981633974483, 1.4142135623730951
1292, 28, 625, 78, 621, 80, 4, -2, -0.4636476090008061, 4.47213595499958
1292, 30, 389, 376, 387, 376, 2, 0, 0.0, 2.0
1292, 35, 379, 82, 377, 84, 2, -2, -0.7853981633974483, 2.8284271247461903
1292, 37, 236, 374, 235, 375, 1, -1, -0.7853981633974483, 1.4142135623730951
1292, 38, 468, 380, 466, 380, 2, 0, 0.0, 2.0
1292, 39, 596, 334, 594, 334, 2, 0, 0.0, 2.0
1292, 40, 312, 404, 311, 405, 1, -1, -0.7853981633974483, 1.4142135623730951
1292, 41, 564, 401, 563, 402, 1, -1, -0.7853981633974483, 1.4142135623730951
1292, 42, 546, 375, 545, 376, 1, -1, -0.7853981633974483, 1.4142135623730951
1292, 44, 320, 95, 319, 96, 1, -1, -0.7853981633974483, 1.4142135623730951
1292, 46, 297, 368, 296, 369, 1, -1, -0.7853981633974483, 1.4142135623730951
1292, 47, 601, 364, 598, 365, 3, -1, -0.3217505543966422, 3.1622776601683795
1292, 48, 420, 353, 419, 354, 1, -1, -0.7853981633974483, 1.4142135623730951
1292, 49, 236, 81, 235, 82, 1, -1, -0.7853981633974483, 1.4142135623730951
1292, 50, 387, 371, 386, 370, 1, 1, 0.7853981633974483, 1.4142135623730951
1293, 2, 634, 345, 632, 346, 2, -1, -0.4636476090008061, 2.23606797749979
1293, 3, 627, 105, 625, 105, 2, 0, 0.0, 2.0
1293, 4, 398, 120, 397, 121, 1, -1, -0.7853981633974483, 1.4142135623730951
1293, 7, 617, 71, 615, 71, 2, 0, 0.0, 2.0
1293, 8, 432, 123, 431, 124, 1, -1, -0.7853981633974483, 1.4142135623730951
1293, 9, 488, 351, 486, 351, 2, 0, 0.0, 2.0
1293, 10, 538, 365, 535, 367, 3, -2, -0.5880026035475675, 3.605551275463989
1293, 11, 416, 404, 415, 405, 1, -1, -0.7853981633974483, 1.4142135623730951
1293, 12, 279, 399, 277, 400, 2, -1, -0.4636476090008061, 2.23606797749979
1293, 14, 516, 133, 514, 133, 2, 0, 0.0, 2.0
1293, 15, 348, 396, 346, 397, 2, -1, -0.4636476090008061, 2.23606797749979
1293, 18, 394, 352, 393, 353, 1, -1, -0.7853981633974483, 1.4142135623730951
1293, 19, 460, 369, 457, 371, 3, -2, -0.5880026035475675, 3.605551275463989
1293, 24, 244, 128, 244, 130, 0, -2, -1.5707963267948966, 2.0
1293, 26, 604, 397, 603, 398, 1, -1, -0.7853981633974483, 1.4142135623730951
1293, 28, 628, 78, 625, 78, 3, 0, 0.0, 3.0
1293, 30, 391, 375, 389, 376, 2, -1, -0.4636476090008061, 2.23606797749979
1293, 31, 212, 328, 214, 329, -2, -1, -2.677945044588987, 2.23606797749979
1293, 32, 571, 129, 569, 131, 2, -2, -0.7853981633974483, 2.8284271247461903
1293, 33, 413, 103, 411, 103, 2, 0, 0.0, 2.0
1293, 35, 381, 81, 379, 82, 2, -1, -0.4636476090008061, 2.23606797749979
1293, 39, 598, 333, 596, 334, 2, -1, -0.4636476090008061, 2.23606797749979
1293, 43, 577, 77, 575, 77, 2, 0, 0.0, 2.0
1293, 44, 321, 94, 320, 95, 1, -1, -0.7853981633974483, 1.4142135623730951
1293, 46, 298, 367, 297, 368, 1, -1, -0.7853981633974483, 1.4142135623730951
1293, 48, 421, 352, 420, 353, 1, -1, -0.7853981633974483, 1.4142135623730951
1293, 49, 237, 80, 236, 81, 1, -1, -0.7853981633974483, 1.4142135623730951
1293, 50, 389, 371, 387, 371, 2, 0, 0.0, 2.0
1294, 0, 362, 352, 361, 353, 1, -1, -0.7853981633974483, 1.4142135623730951
1294, 2, 635, 344, 634, 345, 1, -1, -0.7853981633974483, 1.4142135623730951
1294, 3, 629, 105, 627, 105, 2, 0, 0.0, 2.0
1294, 9, 489, 350, 488, 351, 1, -1, -0.7853981633974483, 1.4142135623730951
1294, 10, 540, 363, 538, 365, 2, -2, -0.7853981633974483, 2.8284271247461903
1294, 12, 281, 398, 279, 399, 2, -1, -0.4636476090008061, 2.23606797749979
1294, 14, 518, 132, 516, 133, 2, -1, -0.4636476090008061, 2.23606797749979
1294, 15, 350, 395, 348, 396, 2, -1, -0.4636476090008061, 2.23606797749979
1294, 19, 464, 367, 460, 369, 4, -2, -0.4636476090008061, 4.47213595499958
1294, 26, 605, 396, 604, 397, 1, -1, -0.7853981633974483, 1.4142135623730951
1294, 28, 630, 79, 628, 78, 2, 1, 0.4636476090008061, 2.23606797749979
1294, 30, 393, 375, 391, 375, 2, 0, 0.0, 2.0
1294, 31, 210, 327, 212, 328, -2, -1, -2.677945044588987, 2.23606797749979
1294, 32, 572, 128, 571, 129, 1, -1, -0.7853981633974483, 1.4142135623730951
1294, 39, 599, 332, 598, 333, 1, -1, -0.7853981633974483, 1.4142135623730951
1294, 41, 567, 400, 565, 401, 2, -1, -0.4636476090008061, 2.23606797749979
1294, 43, 579, 76, 577, 77, 2, -1, -0.4636476090008061, 2.23606797749979
1294, 44, 322, 93, 321, 94, 1, -1, -0.7853981633974483, 1.4142135623730951
1294, 46, 299, 366, 298, 367, 1, -1, -0.7853981633974483, 1.4142135623730951
1294, 48, 423, 351, 421, 352, 2, -1, -0.4636476090008061, 2.23606797749979
1294, 49, 238, 79, 237, 80, 1, -1, -0.7853981633974483, 1.4142135623730951
1295, 1, 634, 346, 632, 347, 2, -1, -0.4636476090008061, 2.23606797749979
1295, 3, 362, 353, 361, 354, 1, -1, -0.7853981633974483, 1.4142135623730951
1295, 4, 630, 107, 627, 107, 3, 0, 0.0, 3.0
1295, 6, 616, 70, 615, 71, 1, -1, -0.7853981633974483, 1.4142135623730951
1295, 8, 350, 408, 349, 409, 1, -1, -0.7853981633974483, 1.4142135623730951
1295, 10, 540, 365, 537, 367, 3, -2, -0.5880026035475675, 3.605551275463989
1295, 11, 489, 352, 487, 353, 2, -1, -0.4636476090008061, 2.23606797749979
1295, 12, 432, 125, 431, 126, 1, -1, -0.7853981633974483, 1.4142135623730951
1295, 14, 463, 369, 460, 370, 3, -1, -0.3217505543966422, 3.1622776601683795
1295, 15, 349, 399, 348, 400, 1, -1, -0.7853981633974483, 1.4142135623730951
1295, 17, 394, 352, 393, 353, 1, -1, -0.7853981633974483, 1.4142135623730951
1295, 18, 516, 133, 514, 133, 2, 0, 0.0, 2.0
1295, 23, 390, 377, 388, 377, 2, 0, 0.0, 2.0
1295, 24, 605, 399, 604, 400, 1, -1, -0.7853981633974483, 1.4142135623730951
1295, 29, 401, 132, 400, 133, 1, -1, -0.7853981633974483, 1.4142135623730951
1295, 31, 300, 112, 299, 113, 1, -1, -0.7853981633974483, 1.4142135623730951
1295, 33, 337, 118, 336, 119, 1, -1, -0.7853981633974483, 1.4142135623730951
1295, 34, 414, 73, 413, 74, 1, -1, -0.7853981633974483, 1.4142135623730951
1295, 37, 568, 403, 566, 403, 2, 0, 0.0, 2.0
1295, 45, 470, 380, 468, 381, 2, -1, -0.4636476090008061, 2.23606797749979
1296, 1, 635, 345, 634, 346, 1, -1, -0.7853981633974483, 1.4142135623730951
1296, 4, 632, 107, 630, 107, 2, 0, 0.0, 2.0
1296, 10, 544, 364, 540, 365, 4, -1, -0.24497866312686414, 4.123105625617661
1296, 11, 490, 351, 489, 352, 1, -1, -0.7853981633974483, 1.4142135623730951
1296, 12, 434, 124, 432, 125, 2, -1, -0.4636476090008061, 2.23606797749979
1296, 14, 467, 368, 463, 369, 4, -1, -0.24497866312686414, 4.123105625617661
1296, 16, 260, 138, 260, 140, 0, -2, -1.5707963267948966, 2.0
1296, 20, 242, 114, 241, 115, 1, -1, -0.7853981633974483, 1.4142135623730951
1296, 22, 418, 405, 417, 406, 1, -1, -0.7853981633974483, 1.4142135623730951
1296, 24, 607, 398, 605, 399, 2, -1, -0.4636476090008061, 2.23606797749979
1296, 25, 568, 127, 570, 127, -2, 0, 3.141592653589793, 2.0
1296, 28, 403, 131, 401, 132, 2, -1, -0.4636476090008061, 2.23606797749979
1296, 29, 361, 101, 360, 102, 1, -1, -0.7853981633974483, 1.4142135623730951
1296, 30, 301, 111, 300, 112, 1, -1, -0.7853981633974483, 1.4142135623730951
1296, 31, 552, 377, 550, 377, 2, 0, 0.0, 2.0
1296, 32, 338, 117, 337, 118, 1, -1, -0.7853981633974483, 1.4142135623730951
1296, 33, 415, 72, 414, 73, 1, -1, -0.7853981633974483, 1.4142135623730951
1296, 36, 570, 402, 568, 403, 2, -1, -0.4636476090008061, 2.23606797749979
1296, 37, 388, 127, 387, 128, 1, -1, -0.7853981633974483, 1.4142135623730951
1296, 40, 578, 77, 577, 78, 1, -1, -0.7853981633974483, 1.4142135623730951
1296, 42, 320, 395, 319, 396, 1, -1, -0.7853981633974483, 1.4142135623730951
1296, 44, 472, 380, 470, 380, 2, 0, 0.0, 2.0
1297, 2, 401, 123, 400, 124, 1, -1, -0.7853981633974483, 1.4142135623730951
1297, 3, 363, 352, 362, 353, 1, -1, -0.7853981633974483, 1.4142135623730951
1297, 4, 634, 107, 632, 107, 2, 0, 0.0, 2.0
1297, 10, 546, 363, 544, 364, 2, -1, -0.4636476090008061, 2.23606797749979
1297, 11, 492, 350, 490, 351, 2, -1, -0.4636476090008061, 2.23606797749979
1297, 12, 435, 123, 434, 124, 1, -1, -0.7853981633974483, 1.4142135623730951
1297, 14, 470, 367, 467, 368, 3, -1, -0.3217505543966422, 3.1622776601683795
1297, 15, 352, 399, 350, 399, 2, 0, 0.0, 2.0
1297, 17, 395, 351, 394, 352, 1, -1, -0.7853981633974483, 1.4142135623730951
1297, 18, 519, 133, 517, 133, 2, 0, 0.0, 2.0
1297, 23, 392, 376, 391, 377, 1, -1, -0.7853981633974483, 1.4142135623730951
1297, 24, 609, 397, 607, 398, 2, -1, -0.4636476090008061, 2.23606797749979
1297, 25, 565, 127, 568, 127, -3, 0, 3.141592653589793, 3.0
1297, 26, 552, 111, 551, 112, 1, -1, -0.7853981633974483, 1.4142135623730951
1297, 28, 404, 130, 403, 131, 1, -1, -0.7853981633974483, 1.4142135623730951
1297, 30, 302, 110, 301, 111, 1, -1, -0.7853981633974483, 1.4142135623730951
1297, 31, 554, 376, 552, 377, 2, -1, -0.4636476090008061, 2.23606797749979
1297, 33, 416, 71, 415, 72, 1, -1, -0.7853981633974483, 1.4142135623730951
1297, 36, 572, 401, 570, 402, 2, -1, -0.4636476090008061, 2.23606797749979
1297, 37, 390, 126, 388, 127, 2, -1, -0.4636476090008061, 2.23606797749979
1297, 39, 317, 403, 316, 404, 1, -1, -0.7853981633974483, 1.4142135623730951
1297, 40, 580, 76, 578, 77, 2, -1, -0.4636476090008061, 2.23606797749979
1297, 41, 321, 394, 320, 395, 1, -1, -0.7853981633974483, 1.4142135623730951
1298, 10, 550, 362, 546, 363, 4, -1, -0.24497866312686414, 4.123105625617661
1298, 11, 493, 349, 492, 350, 1, -1, -0.7853981633974483, 1.4142135623730951
1298, 12, 436, 122, 435, 123, 1, -1, -0.7853981633974483, 1.4142135623730951
1298, 14, 473, 366, 470, 367, 3, -1, -0.3217505543966422, 3.1622776601683795
1298, 16, 261, 135, 260, 137, 1, -2, -1.1071487177940904, 2.23606797749979
1298, 18, 521, 133, 519, 133, 2, 0, 0.0, 2.0
1298, 19, 214, 120, 213, 121, 1, -1, -0.7853981633974483, 1.4142135623730951
1298, 20, 242, 111, 242, 113, 0, -2, -1.5707963267948966, 2.0
1298, 21, 246, 126, 246, 128, 0, -2, -1.5707963267948966, 2.0
1298, 22, 420, 404, 419, 405, 1, -1, -0.7853981633974483, 1.4142135623730951
1298, 24, 611, 396, 609, 397, 2, -1, -0.4636476090008061, 2.23606797749979
1298, 25, 550, 111, 552, 111, -2, 0, 3.141592653589793, 2.0
1298, 26, 457, 100, 456, 101, 1, -1, -0.7853981633974483, 1.4142135623730951
1298, 27, 405, 129, 404, 130, 1, -1, -0.7853981633974483, 1.4142135623730951
1298, 28, 363, 100, 362, 101, 1, -1, -0.7853981633974483, 1.4142135623730951
1298, 29, 303, 109, 302, 110, 1, -1, -0.7853981633974483, 1.4142135623730951
1298, 30, 556, 375, 554, 376, 2, -1, -0.4636476090008061, 2.23606797749979
1298, 31, 341, 117, 339, 117, 2, 0, 0.0, 2.0
1298, 35, 574, 401, 572, 401, 2, 0, 0.0, 2.0
1298, 36, 391, 125, 390, 126, 1, -1, -0.7853981633974483, 1.4142135623730951
1298, 39, 582, 75, 580, 76, 2, -1, -0.4636476090008061, 2.23606797749979
1298, 40, 323, 394, 321, 394, 2, 0, 0.0, 2.0
1298, 41, 475, 380, 473, 380, 2, 0, 0.0, 2.0
1299, 2, 403, 124, 402, 123, 1, 1, 0.7853981633974483, 1.4142135623730951
1299, 7, 354, 407, 353, 408, 1, -1, -0.7853981633974483, 1.4142135623730951
1299, 9, 552, 362, 550, 362, 2, 0, 0.0, 2.0
1299, 10, 494, 348, 493, 349, 1, -1, -0.7853981633974483, 1.4142135623730951
1299, 13, 475, 366, 473, 366, 2, 0, 0.0, 2.0
1299, 16, 397, 350, 396, 351, 1, -1, -0.7853981633974483, 1.4142135623730951
1299, 18, 215, 119, 214, 120, 1, -1, -0.7853981633974483, 1.4142135623730951
1299, 21, 422, 403, 420, 404, 2, -1, -0.4636476090008061, 2.23606797749979
1299, 23, 613, 395, 611, 396, 2, -1, -0.4636476090008061, 2.23606797749979
1299, 24, 458, 99, 457, 100, 1, -1, -0.7853981633974483, 1.4142135623730951
1299, 26, 364, 99, 363, 100, 1, -1, -0.7853981633974483, 1.4142135623730951
1299, 28, 558, 374, 556, 375, 2, -1, -0.4636476090008061, 2.23606797749979
1299, 30, 419, 70, 417, 71, 2, -1, -0.4636476090008061, 2.23606797749979
1299, 34, 392, 124, 391, 125, 1, -1, -0.7853981633974483, 1.4142135623730951
1299, 37, 584, 74, 582, 75, 2, -1, -0.4636476090008061, 2.23606797749979
1299, 38, 326, 396, 323, 394, 3, 2, 0.5880026035475675, 3.605551275463989
1299, 39, 476, 379, 475, 380, 1, -1, -0.7853981633974483, 1.4142135623730951
1300, 1, 472, 124, 470, 124, 2, 0, 0.0, 2.0
1300, 3, 635, 346, 638, 347, -3, -1, -2.819842099193151, 3.1622776601683795
1300, 7, 261, 138, 260, 140, 1, -2, -1.1071487177940904, 2.23606797749979
1300, 9, 437, 126, 435, 127, 2, -1, -0.4636476090008061, 2.23606797749979
1300, 10, 493, 352, 492, 353, 1, -1, -0.7853981633974483, 1.4142135623730951
1300, 12, 576, 124, 575, 126, 1, -2, -1.1071487177940904, 2.23606797749979
1300, 16, 399, 352, 396, 353, 3, -1, -0.3217505543966422, 3.1622776601683795
1300, 17, 421, 405, 420, 406, 1, -1, -0.7853981633974483, 1.4142135623730951
1300, 22, 355, 409, 353, 409, 2, 0, 0.0, 2.0
1301, 0, 405, 124, 403, 124, 2, 0, 0.0, 2.0
1301, 1, 474, 124, 472, 124, 2, 0, 0.0, 2.0
1301, 5, 622, 73, 621, 72, 1, 1, 0.7853981633974483, 1.4142135623730951
1301, 9, 438, 125, 437, 126, 1, -1, -0.7853981633974483, 1.4142135623730951
1301, 10, 495, 351, 493, 352, 2, -1, -0.4636476090008061, 2.23606797749979
1301, 13, 279, 402, 278, 403, 1, -1, -0.7853981633974483, 1.4142135623730951
1301, 15, 223, 143, 222, 144, 1, -1, -0.7853981633974483, 1.4142135623730951
1301, 16, 400, 351, 399, 352, 1, -1, -0.7853981633974483, 1.4142135623730951
1301, 17, 422, 404, 421, 405, 1, -1, -0.7853981633974483, 1.4142135623730951
1302, 1, 476, 124, 474, 124, 2, 0, 0.0, 2.0
1302, 2, 369, 355, 367, 355, 2, 0, 0.0, 2.0
1302, 7, 262, 136, 261, 137, 1, -1, -0.7853981633974483, 1.4142135623730951
1302, 9, 439, 124, 438, 125, 1, -1, -0.7853981633974483, 1.4142135623730951
1302, 10, 497, 350, 495, 351, 2, -1, -0.4636476090008061, 2.23606797749979
1302, 17, 423, 403, 422, 404, 1, -1, -0.7853981633974483, 1.4142135623730951
1302, 20, 547, 370, 546, 371, 1, -1, -0.7853981633974483, 1.4142135623730951
1303, 0, 407, 123, 406, 124, 1, -1, -0.7853981633974483, 1.4142135623730951
1303, 1, 478, 124, 476, 124, 2, 0, 0.0, 2.0
1303, 2, 370, 354, 369, 355, 1, -1, -0.7853981633974483, 1.4142135623730951
1303, 9, 441, 123, 439, 124, 2, -1, -0.4636476090008061, 2.23606797749979
1303, 10, 499, 350, 497, 350, 2, 0, 0.0, 2.0
1303, 12, 580, 126, 576, 125, 4, 1, 0.24497866312686414, 4.123105625617661
1303, 17, 424, 402, 423, 403, 1, -1, -0.7853981633974483, 1.4142135623730951
1303, 22, 358, 408, 357, 409, 1, -1, -0.7853981633974483, 1.4142135623730951
1304, 0, 408, 122, 407, 123, 1, -1, -0.7853981633974483, 1.4142135623730951
1304, 5, 626, 73, 624, 73, 2, 0, 0.0, 2.0
1304, 6, 263, 134, 262, 135, 1, -1, -0.7853981633974483, 1.4142135623730951
1304, 8, 442, 122, 441, 123, 1, -1, -0.7853981633974483, 1.4142135623730951
1304, 9, 501, 349, 499, 350, 2, -1, -0.4636476090008061, 2.23606797749979
1304, 11, 582, 129, 580, 126, 2, 3, 0.982793723247329, 3.605551275463989
1304, 15, 402, 350, 401, 351, 1, -1, -0.7853981633974483, 1.4142135623730951
1304, 16, 426, 401, 424, 402, 2, -1, -0.4636476090008061, 2.23606797749979
1304, 18, 217, 122, 216, 123, 1, -1, -0.7853981633974483, 1.4142135623730951
1304, 21, 359, 407, 358, 408, 1, -1, -0.7853981633974483, 1.4142135623730951
1305, 0, 476, 124, 474, 124, 2, 0, 0.0, 2.0
1305, 1, 408, 123, 407, 124, 1, -1, -0.7853981633974483, 1.4142135623730951
1305, 2, 371, 354, 370, 355, 1, -1, -0.7853981633974483, 1.4142135623730951
1305, 4, 264, 136, 263, 137, 1, -1, -0.7853981633974483, 1.4142135623730951
1305, 12, 354, 396, 353, 397, 1, -1, -0.7853981633974483, 1.4142135623730951
1305, 14, 498, 351, 497, 352, 1, -1, -0.7853981633974483, 1.4142135623730951
1305, 16, 358, 409, 357, 410, 1, -1, -0.7853981633974483, 1.4142135623730951
1305, 18, 245, 375, 244, 376, 1, -1, -0.7853981633974483, 1.4142135623730951
1305, 19, 425, 404, 424, 405, 1, -1, -0.7853981633974483, 1.4142135623730951
1305, 20, 583, 130, 581, 130, 2, 0, 0.0, 2.0
1305, 23, 400, 379, 398, 379, 2, 0, 0.0, 2.0
1305, 25, 519, 140, 517, 140, 2, 0, 0.0, 2.0
1305, 26, 220, 122, 219, 123, 1, -1, -0.7853981633974483, 1.4142135623730951
1305, 29, 526, 136, 524, 135, 2, 1, 0.4636476090008061, 2.23606797749979
1305, 30, 369, 100, 368, 101, 1, -1, -0.7853981633974483, 1.4142135623730951
1305, 34, 226, 308, 225, 307, 1, 1, 0.7853981633974483, 1.4142135623730951
1305, 36, 399, 128, 398, 129, 1, -1, -0.7853981633974483, 1.4142135623730951
1305, 39, 536, 341, 534, 342, 2, -1, -0.4636476090008061, 2.23606797749979
1306, 0, 478, 124, 476, 124, 2, 0, 0.0, 2.0
1306, 1, 409, 122, 408, 123, 1, -1, -0.7853981633974483, 1.4142135623730951
1306, 11, 474, 373, 473, 374, 1, -1, -0.7853981633974483, 1.4142135623730951
1306, 12, 355, 395, 354, 396, 1, -1, -0.7853981633974483, 1.4142135623730951
1306, 14, 500, 350, 498, 351, 2, -1, -0.4636476090008061, 2.23606797749979
1306, 15, 359, 408, 358, 409, 1, -1, -0.7853981633974483, 1.4142135623730951
1306, 17, 246, 374, 245, 375, 1, -1, -0.7853981633974483, 1.4142135623730951
1306, 24, 520, 139, 519, 140, 1, -1, -0.7853981633974483, 1.4142135623730951
1306, 26, 239, 157, 238, 158, 1, -1, -0.7853981633974483, 1.4142135623730951
1306, 28, 528, 136, 526, 136, 2, 0, 0.0, 2.0
1306, 32, 309, 111, 308, 112, 1, -1, -0.7853981633974483, 1.4142135623730951
1306, 34, 244, 162, 243, 164, 1, -2, -1.1071487177940904, 2.23606797749979
1306, 36, 313, 369, 312, 370, 1, -1, -0.7853981633974483, 1.4142135623730951
1306, 38, 538, 340, 536, 341, 2, -1, -0.4636476090008061, 2.23606797749979
1307, 1, 410, 121, 409, 122, 1, -1, -0.7853981633974483, 1.4142135623730951
1307, 14, 501, 349, 500, 350, 1, -1, -0.7853981633974483, 1.4142135623730951
1307, 15, 360, 407, 359, 408, 1, -1, -0.7853981633974483, 1.4142135623730951
1307, 16, 553, 367, 552, 368, 1, -1, -0.7853981633974483, 1.4142135623730951
1307, 17, 247, 373, 246, 374, 1, -1, -0.7853981633974483, 1.4142135623730951
1307, 18, 427, 403, 426, 404, 1, -1, -0.7853981633974483, 1.4142135623730951
1307, 19, 586, 130, 584, 130, 2, 0, 0.0, 2.0
1307, 24, 521, 138, 520, 139, 1, -1, -0.7853981633974483, 1.4142135623730951
1307, 25, 221, 121, 220, 122, 1, -1, -0.7853981633974483, 1.4142135623730951
1307, 27, 549, 373, 547, 373, 2, 0, 0.0, 2.0
1307, 28, 530, 136, 528, 136, 2, 0, 0.0, 2.0
1307, 29, 371, 99, 369, 100, 2, -1, -0.4636476090008061, 2.23606797749979
1307, 35, 401, 127, 400, 128, 1, -1, -0.7853981633974483, 1.4142135623730951
1307, 38, 540, 339, 538, 340, 2, -1, -0.4636476090008061, 2.23606797749979
1308, 2, 373, 352, 372, 353, 1, -1, -0.7853981633974483, 1.4142135623730951
1308, 6, 227, 141, 226, 142, 1, -1, -0.7853981633974483, 1.4142135623730951
1308, 11, 476, 372, 475, 373, 1, -1, -0.7853981633974483, 1.4142135623730951
1308, 13, 628, 72, 627, 73, 1, -1, -0.7853981633974483, 1.4142135623730951
1308, 15, 361, 406, 360, 407, 1, -1, -0.7853981633974483, 1.4142135623730951
1308, 18, 428, 402, 427, 403, 1, -1, -0.7853981633974483, 1.4142135623730951
1308, 19, 588, 131, 586, 130, 2, 1, 0.4636476090008061, 2.23606797749979
1308, 22, 403, 378, 402, 379, 1, -1, -0.7853981633974483, 1.4142135623730951
1308, 23, 402, 98, 401, 99, 1, -1, -0.7853981633974483, 1.4142135623730951
1308, 24, 522, 137, 521, 138, 1, -1, -0.7853981633974483, 1.4142135623730951
1308, 25, 222, 120, 221, 121, 1, -1, -0.7853981633974483, 1.4142135623730951
1308, 27, 551, 373, 549, 373, 2, 0, 0.0, 2.0
1308, 32, 311, 110, 310, 111, 1, -1, -0.7853981633974483, 1.4142135623730951
1308, 36, 314, 367, 313, 368, 1, -1, -0.7853981633974483, 1.4142135623730951
1308, 38, 541, 338, 540, 339, 1, -1, -0.7853981633974483, 1.4142135623730951
1309, 0, 481, 123, 480, 124, 1, -1, -0.7853981633974483, 1.4142135623730951
1309, 2, 374, 351, 373, 352, 1, -1, -0.7853981633974483, 1.4142135623730951
1309, 4, 265, 132, 264, 133, 1, -1, -0.7853981633974483, 1.4142135623730951
1309, 5, 446, 124, 445, 125, 1, -1, -0.7853981633974483, 1.4142135623730951
1309, 9, 216, 337, 215, 338, 1, -1, -0.7853981633974483, 1.4142135623730951
1309, 10, 403, 351, 402, 352, 1, -1, -0.7853981633974483, 1.4142135623730951
1309, 11, 477, 371, 476, 372, 1, -1, -0.7853981633974483, 1.4142135623730951
1309, 12, 359, 394, 357, 395, 2, -1, -0.4636476090008061, 2.23606797749979
1309, 13, 629, 71, 628, 72, 1, -1, -0.7853981633974483, 1.4142135623730951
1309, 14, 504, 349, 502, 349, 2, 0, 0.0, 2.0
1309, 15, 363, 405, 361, 406, 2, -1, -0.4636476090008061, 2.23606797749979
1309, 16, 556, 366, 554, 367, 2, -1, -0.4636476090008061, 2.23606797749979
1309, 22, 404, 377, 403, 378, 1, -1, -0.7853981633974483, 1.4142135623730951
1309, 23, 403, 97, 402, 98, 1, -1, -0.7853981633974483, 1.4142135623730951
1309, 24, 524, 137, 522, 137, 2, 0, 0.0, 2.0
1309, 27, 553, 373, 551, 373, 2, 0, 0.0, 2.0
1309, 28, 533, 135, 531, 136, 2, -1, -0.4636476090008061, 2.23606797749979
1309, 29, 373, 98, 372, 99, 1, -1, -0.7853981633974483, 1.4142135623730951
1309, 31, 283, 400, 282, 401, 1, -1, -0.7853981633974483, 1.4142135623730951
1309, 34, 244, 158, 244, 160, 0, -2, -1.5707963267948966, 2.0
1309, 35, 402, 125, 401, 126, 1, -1, -0.7853981633974483, 1.4142135623730951
1309, 39, 341, 345, 339, 346, 2, -1, -0.4636476090008061, 2.23606797749979
1310, 5, 447, 125, 446, 126, 1, -1, -0.7853981633974483, 1.4142135623730951
1310, 7, 362, 408, 361, 409, 1, -1, -0.7853981633974483, 1.4142135623730951
1310, 9, 631, 72, 629, 73, 2, -1, -0.4636476090008061, 2.23606797749979
1310, 12, 244, 378, 243, 379, 1, -1, -0.7853981633974483, 1.4142135623730951
1310, 13, 429, 108, 427, 108, 2, 0, 0.0, 2.0
1310, 14, 285, 405, 284, 406, 1, -1, -0.7853981633974483, 1.4142135623730951
1310, 15, 222, 122, 221, 123, 1, -1, -0.7853981633974483, 1.4142135623730951
1310, 17, 556, 367, 555, 368, 1, -1, -0.7853981633974483, 1.4142135623730951
1310, 18, 478, 372, 476, 373, 2, -1, -0.4636476090008061, 2.23606797749979
1310, 19, 233, 334, 231, 333, 2, 1, 0.4636476090008061, 2.23606797749979
1310, 24, 358, 397, 356, 398, 2, -1, -0.4636476090008061, 2.23606797749979
1310, 25, 228, 142, 227, 143, 1, -1, -0.7853981633974483, 1.4142135623730951
1310, 27, 405, 380, 403, 380, 2, 0, 0.0, 2.0
1310, 28, 399, 103, 397, 104, 2, -1, -0.4636476090008061, 2.23606797749979
1310, 29, 590, 131, 589, 132, 1, -1, -0.7853981633974483, 1.4142135623730951
1310, 30, 340, 346, 339, 347, 1, -1, -0.7853981633974483, 1.4142135623730951
1310, 32, 532, 341, 530, 342, 2, -1, -0.4636476090008061, 2.23606797749979
1310, 35, 252, 123, 250, 125, 2, -2, -0.7853981633974483, 2.8284271247461903
1310, 39, 617, 336, 615, 337, 2, -1, -0.4636476090008061, 2.23606797749979
1310, 40, 566, 376, 564, 377, 2, -1, -0.4636476090008061, 2.23606797749979
1310, 42, 428, 397, 427, 398, 1, -1, -0.7853981633974483, 1.4142135623730951
1310, 46, 484, 375, 483, 376, 1, -1, -0.7853981633974483, 1.4142135623730951
1310, 49, 618, 367, 616, 368, 2, -1, -0.4636476090008061, 2.23606797749979
1310, 50, 632, 114, 631, 115, 1, -1, -0.7853981633974483, 1.4142135623730951
1310, 51, 628, 373, 626, 373, 2, 0, 0.0, 2.0
1311, 0, 413, 124, 412, 125, 1, -1, -0.7853981633974483, 1.4142135623730951
1311, 1, 376, 354, 375, 355, 1, -1, -0.7853981633974483, 1.4142135623730951
1311, 2, 482, 126, 481, 125, 1, 1, 0.7853981633974483, 1.4142135623730951
1311, 3, 504, 351, 502, 351, 2, 0, 0.0, 2.0
1311, 5, 448, 124, 447, 125, 1, -1, -0.7853981633974483, 1.4142135623730951
1311, 7, 364, 407, 362, 408, 2, -1, -0.4636476090008061, 2.23606797749979
1311, 9, 633, 71, 631, 72, 2, -1, -0.4636476090008061, 2.23606797749979
1311, 12, 245, 377, 244, 378, 1, -1, -0.7853981633974483, 1.4142135623730951
1311, 13, 430, 107, 429, 108, 1, -1, -0.7853981633974483, 1.4142135623730951
1311, 15, 223, 121, 222, 122, 1, -1, -0.7853981633974483, 1.4142135623730951
1311, 17, 558, 366, 556, 367, 2, -1, -0.4636476090008061, 2.23606797749979
1311, 18, 480, 371, 478, 372, 2, -1, -0.4636476090008061, 2.23606797749979
1311, 19, 232, 335, 233, 334, -1, 1, 2.356194490192345, 1.4142135623730951
1311, 22, 430, 404, 429, 405, 1, -1, -0.7853981633974483, 1.4142135623730951
1311, 23, 312, 111, 311, 112, 1, -1, -0.7853981633974483, 1.4142135623730951
1311, 24, 360, 396, 358, 397, 2, -1, -0.4636476090008061, 2.23606797749979
1311, 26, 343, 119, 342, 120, 1, -1, -0.7853981633974483, 1.4142135623730951
1311, 27, 407, 379, 405, 380, 2, -1, -0.4636476090008061, 2.23606797749979
1311, 28, 400, 102, 399, 103, 1, -1, -0.7853981633974483, 1.4142135623730951
1311, 29, 592, 130, 590, 131, 2, -1, -0.4636476090008061, 2.23606797749979
1311, 30, 341, 345, 340, 346, 1, -1, -0.7853981633974483, 1.4142135623730951
1311, 32, 533, 340, 532, 341, 1, -1, -0.7853981633974483, 1.4142135623730951
1311, 36, 250, 108, 249, 109, 1, -1, -0.7853981633974483, 1.4142135623730951
1311, 38, 327, 405, 326, 406, 1, -1, -0.7853981633974483, 1.4142135623730951
1311, 39, 619, 336, 617, 336, 2, 0, 0.0, 2.0
1311, 40, 568, 376, 566, 376, 2, 0, 0.0, 2.0
1311, 41, 541, 341, 540, 342, 1, -1, -0.7853981633974483, 1.4142135623730951
1311, 42, 429, 396, 428, 397, 1, -1, -0.7853981633974483, 1.4142135623730951
1311, 46, 486, 374, 484, 375, 2, -1, -0.4636476090008061, 2.23606797749979
1311, 49, 621, 365, 618, 367, 3, -2, -0.5880026035475675, 3.605551275463989
1311, 50, 633, 112, 632, 114, 1, -2, -1.1071487177940904, 2.23606797749979
1311, 51, 630, 372, 628, 373, 2, -1, -0.4636476090008061, 2.23606797749979
1311, 52, 197, 380, 196, 381, 1, -1, -0.7853981633974483, 1.4142135623730951
1312, 0, 414, 123, 413, 124, 1, -1, -0.7853981633974483, 1.4142135623730951
1312, 1, 377, 353, 376, 354, 1, -1, -0.7853981633974483, 1.4142135623730951
1312, 2, 483, 125, 482, 126, 1, -1, -0.7853981633974483, 1.4142135623730951
1312, 3, 506, 350, 504, 351, 2, -1, -0.4636476090008061, 2.23606797749979
1312, 7, 365, 406, 364, 407, 1, -1, -0.7853981633974483, 1.4142135623730951
1312, 9, 634, 70, 633, 71, 1, -1, -0.7853981633974483, 1.4142135623730951
1312, 21, 533, 135, 531, 135, 2, 0, 0.0, 2.0
1312, 24, 362, 395, 360, 396, 2, -1, -0.4636476090008061, 2.23606797749979
1312, 26, 344, 118, 343, 119, 1, -1, -0.7853981633974483, 1.4142135623730951
1312, 27, 408, 378, 407, 379, 1, -1, -0.7853981633974483, 1.4142135623730951
1312, 29, 593, 129, 592, 130, 1, -1, -0.7853981633974483, 1.4142135623730951
1312, 30, 342, 344, 341, 345, 1, -1, -0.7853981633974483, 1.4142135623730951
1312, 32, 535, 339, 533, 340, 2, -1, -0.4636476090008061, 2.23606797749979
1312, 33, 623, 82, 621, 83, 2, -1, -0.4636476090008061, 2.23606797749979
1312, 38, 328, 404, 327, 405, 1, -1, -0.7853981633974483, 1.4142135623730951
1312, 39, 620, 335, 619, 336, 1, -1, -0.7853981633974483, 1.4142135623730951
1312, 40, 570, 375, 568, 376, 2, -1, -0.4636476090008061, 2.23606797749979
1312, 41, 542, 340, 541, 341, 1, -1, -0.7853981633974483, 1.4142135623730951
1312, 45, 487, 373, 486, 374, 1, -1, -0.7853981633974483, 1.4142135623730951
1312, 48, 624, 363, 621, 365, 3, -2, -0.5880026035475675, 3.605551275463989
1312, 49, 635, 111, 633, 112, 2, -1, -0.4636476090008061, 2.23606797749979
1312, 50, 632, 371, 630, 372, 2, -1, -0.4636476090008061, 2.23606797749979
1312, 51, 198, 379, 197, 380, 1, -1, -0.7853981633974483, 1.4142135623730951
1313, 0, 416, 122, 414, 123, 2, -1, -0.4636476090008061, 2.23606797749979
1313, 1, 378, 352, 377, 353, 1, -1, -0.7853981633974483, 1.4142135623730951
1313, 2, 484, 124, 483, 125, 1, -1, -0.7853981633974483, 1.4142135623730951
1313, 7, 366, 405, 365, 406, 1, -1, -0.7853981633974483, 1.4142135623730951
1313, 9, 635, 69, 634, 70, 1, -1, -0.7853981633974483, 1.4142135623730951
1313, 13, 431, 105, 430, 106, 1, -1, -0.7853981633974483, 1.4142135623730951
1313, 14, 287, 403, 286, 404, 1, -1, -0.7853981633974483, 1.4142135623730951
1313, 16, 268, 131, 267, 132, 1, -1, -0.7853981633974483, 1.4142135623730951
1313, 17, 559, 365, 558, 366, 1, -1, -0.7853981633974483, 1.4142135623730951
1313, 18, 483, 370, 481, 371, 2, -1, -0.4636476090008061, 2.23606797749979
1313, 21, 536, 135, 533, 135, 3, 0, 0.0, 3.0
1313, 22, 432, 403, 431, 404, 1, -1, -0.7853981633974483, 1.4142135623730951
1313, 24, 364, 394, 362, 395, 2, -1, -0.4636476090008061, 2.23606797749979
1313, 25, 229, 141, 228, 142, 1, -1, -0.7853981633974483, 1.4142135623730951
1313, 26, 345, 117, 344, 118, 1, -1, -0.7853981633974483, 1.4142135623730951
1313, 27, 411, 377, 408, 378, 3, -1, -0.3217505543966422, 3.1622776601683795
1313, 29, 594, 128, 593, 129, 1, -1, -0.7853981633974483, 1.4142135623730951
1313, 30, 343, 343, 342, 344, 1, -1, -0.7853981633974483, 1.4142135623730951
1313, 31, 595, 83, 594, 84, 1, -1, -0.7853981633974483, 1.4142135623730951
1313, 32, 537, 338, 535, 339, 2, -1, -0.4636476090008061, 2.23606797749979
1313, 33, 625, 82, 623, 82, 2, 0, 0.0, 2.0
1313, 39, 622, 335, 620, 335, 2, 0, 0.0, 2.0
1313, 40, 572, 374, 570, 375, 2, -1, -0.4636476090008061, 2.23606797749979
1313, 41, 543, 339, 542, 340, 1, -1, -0.7853981633974483, 1.4142135623730951
1313, 42, 430, 395, 429, 396, 1, -1, -0.7853981633974483, 1.4142135623730951
1313, 45, 489, 372, 487, 373, 2, -1, -0.4636476090008061, 2.23606797749979
1313, 48, 629, 363, 624, 363, 5, 0, 0.0, 5.0
1313, 50, 633, 370, 632, 371, 1, -1, -0.7853981633974483, 1.4142135623730951
1314, 0, 418, 121, 416, 122, 2, -1, -0.4636476090008061, 2.23606797749979
1314, 1, 379, 351, 378, 352, 1, -1, -0.7853981633974483, 1.4142135623730951
1314, 2, 487, 123, 484, 124, 3, -1, -0.3217505543966422, 3.1622776601683795
1314, 3, 508, 349, 507, 350, 1, -1, -0.7853981633974483, 1.4142135623730951
1314, 5, 450, 123, 449, 124, 1, -1, -0.7853981633974483, 1.4142135623730951
1314, 7, 367, 404, 366, 405, 1, -1, -0.7853981633974483, 1.4142135623730951
1314, 10, 431, 72, 430, 73, 1, -1, -0.7853981633974483, 1.4142135623730951
1314, 11, 372, 345, 370, 345, 2, 0, 0.0, 2.0
1314, 13, 432, 104, 431, 105, 1, -1, -0.7853981633974483, 1.4142135623730951
1314, 14, 288, 402, 287, 403, 1, -1, -0.7853981633974483, 1.4142135623730951
1314, 21, 538, 134, 536, 135, 2, -1, -0.4636476090008061, 2.23606797749979
1314, 26, 347, 117, 345, 117, 2, 0, 0.0, 2.0
1314, 27, 413, 377, 411, 377, 2, 0, 0.0, 2.0
1314, 28, 402, 100, 401, 101, 1, -1, -0.7853981633974483, 1.4142135623730951
1314, 29, 595, 127, 594, 128, 1, -1, -0.7853981633974483, 1.4142135623730951
1314, 30, 344, 342, 343, 343, 1, -1, -0.7853981633974483, 1.4142135623730951
1314, 31, 596, 82, 595, 83, 1, -1, -0.7853981633974483, 1.4142135623730951
1314, 32, 539, 337, 537, 338, 2, -1, -0.4636476090008061, 2.23606797749979
1314, 33, 627, 81, 625, 82, 2, -1, -0.4636476090008061, 2.23606797749979
1314, 34, 251, 371, 250, 372, 1, -1, -0.7853981633974483, 1.4142135623730951
1314, 38, 330, 403, 329, 404, 1, -1, -0.7853981633974483, 1.4142135623730951
1314, 39, 624, 334, 622, 335, 2, -1, -0.4636476090008061, 2.23606797749979
1314, 40, 573, 373, 572, 374, 1, -1, -0.7853981633974483, 1.4142135623730951
1314, 41, 543, 337, 543, 339, 0, -2, -1.5707963267948966, 2.0
1314, 42, 431, 394, 430, 395, 1, -1, -0.7853981633974483, 1.4142135623730951
1314, 45, 490, 371, 489, 372, 1, -1, -0.7853981633974483, 1.4142135623730951
1314, 46, 219, 361, 217, 360, 2, 1, 0.4636476090008061, 2.23606797749979
1314, 48, 632, 361, 629, 363, 3, -2, -0.5880026035475675, 3.605551275463989
1314, 50, 635, 370, 633, 370, 2, 0, 0.0, 2.0
1315, 0, 380, 354, 378, 355, 2, -1, -0.4636476090008061, 2.23606797749979
1315, 1, 486, 125, 484, 125, 2, 0, 0.0, 2.0
1315, 2, 418, 124, 416, 125, 2, -1, -0.4636476090008061, 2.23606797749979
1315, 5, 635, 71, 634, 72, 1, -1, -0.7853981633974483, 1.4142135623730951
1315, 7, 452, 125, 451, 126, 1, -1, -0.7853981633974483, 1.4142135623730951
1315, 14, 507, 350, 506, 351, 1, -1, -0.7853981633974483, 1.4142135623730951
1315, 15, 416, 133, 414, 133, 2, 0, 0.0, 2.0
1315, 20, 367, 408, 366, 409, 1, -1, -0.7853981633974483, 1.4142135623730951
1315, 24, 248, 379, 247, 380, 1, -1, -0.7853981633974483, 1.4142135623730951
1315, 26, 594, 126, 593, 127, 1, -1, -0.7853981633974483, 1.4142135623730951
1315, 28, 411, 380, 409, 381, 2, -1, -0.4636476090008061, 2.23606797749979
1315, 30, 271, 132, 270, 133, 1, -1, -0.7853981633974483, 1.4142135623730951
1315, 32, 333, 406, 330, 406, 3, 0, 0.0, 3.0
1315, 34, 627, 400, 625, 400, 2, 0, 0.0, 2.0
1315, 35, 626, 83, 624, 83, 2, 0, 0.0, 2.0
1316, 0, 381, 353, 380, 354, 1, -1, -0.7853981633974483, 1.4142135623730951
1316, 1, 488, 124, 486, 125, 2, -1, -0.4636476090008061, 2.23606797749979
1316, 2, 420, 123, 418, 124, 2, -1, -0.4636476090008061, 2.23606797749979
1316, 8, 225, 120, 224, 121, 1, -1, -0.7853981633974483, 1.4142135623730951
1316, 13, 509, 349, 507, 350, 2, -1, -0.4636476090008061, 2.23606797749979
1316, 14, 417, 132, 416, 133, 1, -1, -0.7853981633974483, 1.4142135623730951
1316, 16, 228, 140, 228, 142, 0, -2, -1.5707963267948966, 2.0
1316, 17, 316, 108, 315, 109, 1, -1, -0.7853981633974483, 1.4142135623730951
1316, 18, 368, 407, 367, 408, 1, -1, -0.7853981633974483, 1.4142135623730951
1316, 19, 538, 136, 536, 136, 2, 0, 0.0, 2.0
1316, 24, 596, 125, 594, 126, 2, -1, -0.4636476090008061, 2.23606797749979
1316, 26, 413, 380, 411, 380, 2, 0, 0.0, 2.0
1316, 33, 627, 82, 626, 83, 1, -1, -0.7853981633974483, 1.4142135623730951
1317, 0, 382, 352, 381, 353, 1, -1, -0.7853981633974483, 1.4142135623730951
1317, 1, 490, 124, 488, 124, 2, 0, 0.0, 2.0
1317, 2, 422, 122, 420, 123, 2, -1, -0.4636476090008061, 2.23606797749979
1317, 7, 376, 348, 375, 349, 1, -1, -0.7853981633974483, 1.4142135623730951
1317, 8, 228, 118, 225, 120, 3, -2, -0.5880026035475675, 3.605551275463989
1317, 11, 436, 404, 433, 405, 3, -1, -0.3217505543966422, 3.1622776601683795
1317, 13, 512, 348, 509, 349, 3, -1, -0.3217505543966422, 3.1622776601683795
1317, 14, 418, 131, 417, 132, 1, -1, -0.7853981633974483, 1.4142135623730951
1317, 15, 425, 104, 424, 105, 1, -1, -0.7853981633974483, 1.4142135623730951
1317, 17, 317, 107, 316, 108, 1, -1, -0.7853981633974483, 1.4142135623730951
1317, 21, 436, 72, 434, 73, 2, -1, -0.4636476090008061, 2.23606797749979
1317, 22, 249, 377, 248, 378, 1, -1, -0.7853981633974483, 1.4142135623730951
1317, 24, 598, 124, 596, 125, 2, -1, -0.4636476090008061, 2.23606797749979
1317, 28, 272, 130, 271, 131, 1, -1, -0.7853981633974483, 1.4142135623730951
1317, 30, 335, 405, 334, 406, 1, -1, -0.7853981633974483, 1.4142135623730951
1317, 31, 358, 118, 355, 119, 3, -1, -0.3217505543966422, 3.1622776601683795
1317, 32, 630, 400, 628, 400, 2, 0, 0.0, 2.0
1318, 0, 384, 351, 382, 352, 2, -1, -0.4636476090008061, 2.23606797749979
1318, 1, 491, 123, 490, 124, 1, -1, -0.7853981633974483, 1.4142135623730951
1318, 2, 423, 121, 422, 122, 1, -1, -0.7853981633974483, 1.4142135623730951
1318, 6, 455, 124, 454, 125, 1, -1, -0.7853981633974483, 1.4142135623730951
1318, 7, 378, 347, 376, 348, 2, -1, -0.4636476090008061, 2.23606797749979
1318, 10, 411, 353, 410, 354, 1, -1, -0.7853981633974483, 1.4142135623730951
1318, 11, 437, 403, 436, 404, 1, -1, -0.7853981633974483, 1.4142135623730951
1318, 13, 514, 348, 512, 348, 2, 0, 0.0, 2.0
1318, 16, 229, 138, 228, 139, 1, -1, -0.7853981633974483, 1.4142135623730951
1318, 18, 370, 406, 369, 407, 1, -1, -0.7853981633974483, 1.4142135623730951
1318, 19, 541, 136, 539, 136, 2, 0, 0.0, 2.0
1318, 20, 289, 408, 288, 409, 1, -1, -0.7853981633974483, 1.4142135623730951
1318, 21, 437, 71, 436, 72, 1, -1, -0.7853981633974483, 1.4142135623730951
1318, 22, 250, 376, 249, 377, 1, -1, -0.7853981633974483, 1.4142135623730951
1318, 24, 600, 123, 598, 124, 2, -1, -0.4636476090008061, 2.23606797749979
1318, 28, 273, 128, 272, 130, 1, -2, -1.1071487177940904, 2.23606797749979
1319, 0, 386, 351, 384, 351, 2, 0, 0.0, 2.0
1319, 2, 424, 120, 423, 121, 1, -1, -0.7853981633974483, 1.4142135623730951
1319, 6, 456, 123, 455, 124, 1, -1, -0.7853981633974483, 1.4142135623730951
1319, 7, 380, 346, 378, 347, 2, -1, -0.4636476090008061, 2.23606797749979
1319, 10, 412, 352, 411, 353, 1, -1, -0.7853981633974483, 1.4142135623730951
1319, 15, 425, 103, 424, 104, 1, -1, -0.7853981633974483, 1.4142135623730951
1319, 16, 318, 106, 317, 107, 1, -1, -0.7853981633974483, 1.4142135623730951
1319, 21, 251, 375, 250, 376, 1, -1, -0.7853981633974483, 1.4142135623730951
1319, 23, 602, 123, 600, 123, 2, 0, 0.0, 2.0
1319, 25, 417, 380, 415, 380, 2, 0, 0.0, 2.0
1319, 29, 337, 404, 336, 405, 1, -1, -0.7853981633974483, 1.4142135623730951
1319, 32, 630, 81, 629, 82, 1, -1, -0.7853981633974483, 1.4142135623730951
1320, 1, 492, 124, 490, 125, 2, -1, -0.4636476090008061, 2.23606797749979
1320, 2, 422, 123, 421, 124, 1, -1, -0.7853981633974483, 1.4142135623730951
1320, 5, 271, 129, 270, 131, 1, -2, -1.1071487177940904, 2.23606797749979
1320, 9, 231, 140, 230, 142, 1, -2, -1.1071487177940904, 2.23606797749979
1320, 15, 228, 119, 227, 120, 1, -1, -0.7853981633974483, 1.4142135623730951
1320, 17, 319, 111, 318, 112, 1, -1, -0.7853981633974483, 1.4142135623730951
1320, 21, 627, 370, 625, 370, 2, 0, 0.0, 2.0
1320, 23, 369, 407, 368, 408, 1, -1, -0.7853981633974483, 1.4142135623730951
1320, 26, 630, 85, 629, 86, 1, -1, -0.7853981633974483, 1.4142135623730951
1320, 28, 560, 367, 559, 368, 1, -1, -0.7853981633974483, 1.4142135623730951
1320, 29, 573, 375, 572, 376, 1, -1, -0.7853981633974483, 1.4142135623730951
1320, 31, 335, 395, 334, 396, 1, -1, -0.7853981633974483, 1.4142135623730951
1320, 37, 401, 98, 400, 99, 1, -1, -0.7853981633974483, 1.4142135623730951
1320, 38, 620, 80, 619, 81, 1, -1, -0.7853981633974483, 1.4142135623730951
1321, 0, 384, 354, 383, 355, 1, -1, -0.7853981633974483, 1.4142135623730951
1321, 1, 494, 124, 492, 124, 2, 0, 0.0, 2.0
1321, 7, 515, 350, 514, 351, 1, -1, -0.7853981633974483, 1.4142135623730951
1321, 12, 257, 104, 256, 105, 1, -1, -0.7853981633974483, 1.4142135623730951
1321, 16, 483, 370, 481, 371, 2, -1, -0.4636476090008061, 2.23606797749979
1321, 19, 439, 404, 438, 405, 1, -1, -0.7853981633974483, 1.4142135623730951
1321, 21, 629, 370, 627, 370, 2, 0, 0.0, 2.0
1321, 22, 382, 100, 381, 101, 1, -1, -0.7853981633974483, 1.4142135623730951
1321, 23, 370, 406, 369, 407, 1, -1, -0.7853981633974483, 1.4142135623730951
1321, 25, 543, 137, 541, 137, 2, 0, 0.0, 2.0
1321, 27, 370, 398, 369, 399, 1, -1, -0.7853981633974483, 1.4142135623730951
1321, 28, 561, 366, 560, 367, 1, -1, -0.7853981633974483, 1.4142135623730951
1321, 33, 416, 381, 415, 382, 1, -1, -0.7853981633974483, 1.4142135623730951
1321, 36, 630, 399, 629, 400, 1, -1, -0.7853981633974483, 1.4142135623730951
1321, 37, 402, 97, 401, 98, 1, -1, -0.7853981633974483, 1.4142135623730951
1321, 38, 621, 79, 620, 80, 1, -1, -0.7853981633974483, 1.4142135623730951
1322, 4, 292, 401, 291, 402, 1, -1, -0.7853981633974483, 1.4142135623730951
1322, 6, 458, 125, 457, 126, 1, -1, -0.7853981633974483, 1.4142135623730951
1322, 7, 517, 349, 515, 350, 2, -1, -0.4636476090008061, 2.23606797749979
1322, 11, 413, 352, 411, 353, 2, -1, -0.4636476090008061, 2.23606797749979
1322, 12, 258, 103, 257, 104, 1, -1, -0.7853981633974483, 1.4142135623730951
1322, 13, 601, 129, 600, 127, 1, 2, 1.1071487177940904, 2.23606797749979
1322, 15, 229, 117, 228, 118, 1, -1, -0.7853981633974483, 1.4142135623730951
1322, 16, 486, 369, 483, 370, 3, -1, -0.3217505543966422, 3.1622776601683795
1322, 17, 320, 109, 319, 110, 1, -1, -0.7853981633974483, 1.4142135623730951
1322, 21, 631, 369, 629, 370, 2, -1, -0.4636476090008061, 2.23606797749979
1322, 25, 545, 137, 543, 137, 2, 0, 0.0, 2.0
1322, 27, 371, 397, 370, 398, 1, -1, -0.7853981633974483, 1.4142135623730951
1322, 28, 563, 365, 561, 366, 2, -1, -0.4636476090008061, 2.23606797749979
1322, 30, 338, 404, 337, 405, 1, -1, -0.7853981633974483, 1.4142135623730951
1322, 33, 418, 381, 416, 381, 2, 0, 0.0, 2.0
1322, 36, 632, 398, 630, 399, 2, -1, -0.4636476090008061, 2.23606797749979
1322, 37, 403, 96, 402, 97, 1, -1, -0.7853981633974483, 1.4142135623730951
1322, 38, 624, 78, 621, 79, 3, -1, -0.3217505543966422, 3.1622776601683795
1323, 4, 293, 400, 292, 401, 1, -1, -0.7853981633974483, 1.4142135623730951
1323, 5, 271, 125, 271, 127, 0, -2, -1.5707963267948966, 2.0
1323, 6, 459, 124, 458, 125, 1, -1, -0.7853981633974483, 1.4142135623730951
1323, 7, 518, 348, 517, 349, 1, -1, -0.7853981633974483, 1.4142135623730951
1323, 9, 231, 136, 231, 138, 0, -2, -1.5707963267948966, 2.0
1323, 13, 603, 130, 601, 129, 2, 1, 0.4636476090008061, 2.23606797749979
1323, 16, 489, 367, 486, 369, 3, -2, -0.5880026035475675, 3.605551275463989
1323, 17, 321, 108, 320, 109, 1, -1, -0.7853981633974483, 1.4142135623730951
1323, 18, 440, 402, 439, 403, 1, -1, -0.7853981633974483, 1.4142135623730951
1323, 20, 634, 370, 631, 369, 3, 1, 0.3217505543966422, 3.1622776601683795
1323, 24, 547, 136, 545, 137, 2, -1, -0.4636476090008061, 2.23606797749979
1323, 25, 633, 84, 632, 85, 1, -1, -0.7853981633974483, 1.4142135623730951
1323, 26, 373, 396, 371, 397, 2, -1, -0.4636476090008061, 2.23606797749979
1323, 27, 566, 363, 563, 365, 3, -2, -0.5880026035475675, 3.605551275463989
1323, 28, 576, 374, 575, 375, 1, -1, -0.7853981633974483, 1.4142135623730951
1323, 29, 339, 403, 338, 404, 1, -1, -0.7853981633974483, 1.4142135623730951
1323, 32, 421, 379, 418, 381, 3, -2, -0.5880026035475675, 3.605551275463989
1323, 33, 417, 93, 416, 94, 1, -1, -0.7853981633974483, 1.4142135623730951
1323, 34, 238, 330, 239, 329, -1, 1, 2.356194490192345, 1.4142135623730951
1323, 35, 634, 397, 632, 398, 2, -1, -0.4636476090008061, 2.23606797749979
1323, 36, 405, 96, 403, 96, 2, 0, 0.0, 2.0
1323, 37, 628, 76, 624, 78, 4, -2, -0.4636476090008061, 4.47213595499958
1324, 0, 387, 353, 386, 354, 1, -1, -0.7853981633974483, 1.4142135623730951
1324, 2, 426, 122, 425, 123, 1, -1, -0.7853981633974483, 1.4142135623730951
1324, 4, 294, 399, 293, 400, 1, -1, -0.7853981633974483, 1.4142135623730951
1324, 5, 272, 124, 271, 125, 1, -1, -0.7853981633974483, 1.4142135623730951
1324, 7, 519, 347, 518, 348, 1, -1, -0.7853981633974483, 1.4142135623730951
1324, 15, 230, 115, 229, 116, 1, -1, -0.7853981633974483, 1.4142135623730951
1324, 16, 491, 365, 489, 367, 2, -2, -0.7853981633974483, 2.8284271247461903
1324, 18, 441, 401, 440, 402, 1, -1, -0.7853981633974483, 1.4142135623730951
1324, 21, 385, 98, 383, 99, 2, -1, -0.4636476090008061, 2.23606797749979
1324, 24, 549, 136, 547, 136, 2, 0, 0.0, 2.0
1324, 25, 634, 83, 633, 84, 1, -1, -0.7853981633974483, 1.4142135623730951
1324, 26, 375, 395, 373, 396, 2, -1, -0.4636476090008061, 2.23606797749979
1324, 27, 568, 361, 566, 363, 2, -2, -0.7853981633974483, 2.8284271247461903
1324, 28, 578, 374, 576, 374, 2, 0, 0.0, 2.0
1324, 29, 340, 402, 339, 403, 1, -1, -0.7853981633974483, 1.4142135623730951
1324, 30, 340, 395, 338, 395, 2, 0, 0.0, 2.0
1324, 32, 423, 379, 421, 379, 2, 0, 0.0, 2.0
1324, 33, 418, 92, 417, 93, 1, -1, -0.7853981633974483, 1.4142135623730951
1324, 34, 237, 331, 238, 330, -1, 1, 2.356194490192345, 1.4142135623730951
1324, 35, 635, 396, 634, 397, 1, -1, -0.7853981633974483, 1.4142135623730951
1324, 36, 407, 96, 405, 96, 2, 0, 0.0, 2.0
1324, 37, 629, 75, 628, 76, 1, -1, -0.7853981633974483, 1.4142135623730951
1325, 1, 426, 123, 425, 124, 1, -1, -0.7853981633974483, 1.4142135623730951
1325, 4, 461, 124, 460, 125, 1, -1, -0.7853981633974483, 1.4142135623730951
1325, 6, 387, 353, 386, 354, 1, -1, -0.7853981633974483, 1.4142135623730951
1325, 7, 519, 350, 517, 351, 2, -1, -0.4636476090008061, 2.23606797749979
1325, 9, 414, 353, 413, 354, 1, -1, -0.7853981633974483, 1.4142135623730951
1325, 10, 491, 369, 488, 370, 3, -1, -0.3217505543966422, 3.1622776601683795
1325, 11, 568, 363, 565, 365, 3, -2, -0.5880026035475675, 3.605551275463989
1325, 12, 374, 399, 373, 400, 1, -1, -0.7853981633974483, 1.4142135623730951
1325, 15, 260, 105, 259, 106, 1, -1, -0.7853981633974483, 1.4142135623730951
1325, 18, 536, 141, 535, 142, 1, -1, -0.7853981633974483, 1.4142135623730951
1325, 20, 407, 98, 405, 98, 2, 0, 0.0, 2.0
1325, 24, 280, 129, 279, 131, 1, -2, -1.1071487177940904, 2.23606797749979
1325, 25, 436, 105, 434, 106, 2, -1, -0.4636476090008061, 2.23606797749979
1325, 26, 443, 76, 442, 77, 1, -1, -0.7853981633974483, 1.4142135623730951
1325, 28, 371, 394, 368, 395, 3, -1, -0.3217505543966422, 3.1622776601683795
1325, 29, 548, 138, 546, 138, 2, 0, 0.0, 2.0
1325, 30, 484, 101, 483, 102, 1, -1, -0.7853981633974483, 1.4142135623730951
1325, 31, 606, 130, 604, 130, 2, 0, 0.0, 2.0
1325, 32, 343, 96, 342, 97, 1, -1, -0.7853981633974483, 1.4142135623730951
1325, 34, 598, 402, 597, 403, 1, -1, -0.7853981633974483, 1.4142135623730951
1325, 35, 499, 380, 497, 380, 2, 0, 0.0, 2.0
1325, 36, 422, 380, 420, 380, 2, 0, 0.0, 2.0
1325, 38, 254, 378, 253, 379, 1, -1, -0.7853981633974483, 1.4142135623730951
1325, 39, 634, 399, 632, 400, 2, -1, -0.4636476090008061, 2.23606797749979
1325, 42, 484, 353, 483, 354, 1, -1, -0.7853981633974483, 1.4142135623730951
1325, 45, 339, 405, 338, 406, 1, -1, -0.7853981633974483, 1.4142135623730951
1325, 47, 546, 340, 544, 340, 2, 0, 0.0, 2.0
1325, 51, 402, 83, 402, 85, 0, -2, -1.5707963267948966, 2.0
1325, 52, 563, 404, 562, 405, 1, -1, -0.7853981633974483, 1.4142135623730951
1326, 4, 462, 123, 461, 124, 1, -1, -0.7853981633974483, 1.4142135623730951
1326, 7, 520, 349, 519, 350, 1, -1, -0.7853981633974483, 1.4142135623730951
1326, 10, 495, 368, 491, 369, 4, -1, -0.24497866312686414, 4.123105625617661
1326, 11, 571, 363, 568, 363, 3, 0, 0.0, 3.0
1326, 12, 376, 399, 374, 399, 2, 0, 0.0, 2.0
1326, 15, 261, 104, 260, 105, 1, -1, -0.7853981633974483, 1.4142135623730951
1326, 16, 323, 109, 322, 110, 1, -1, -0.7853981633974483, 1.4142135623730951
1326, 18, 537, 140, 536, 141, 1, -1, -0.7853981633974483, 1.4142135623730951
1326, 19, 385, 101, 384, 102, 1, -1, -0.7853981633974483, 1.4142135623730951
1326, 23, 442, 402, 441, 403, 1, -1, -0.7853981633974483, 1.4142135623730951
1326, 24, 281, 127, 280, 129, 1, -2, -1.1071487177940904, 2.23606797749979
1326, 26, 445, 75, 443, 76, 2, -1, -0.4636476090008061, 2.23606797749979
1326, 28, 375, 393, 371, 394, 4, -1, -0.24497866312686414, 4.123105625617661
1326, 31, 609, 129, 606, 130, 3, -1, -0.3217505543966422, 3.1622776601683795
1326, 32, 344, 95, 343, 96, 1, -1, -0.7853981633974483, 1.4142135623730951
1326, 34, 599, 401, 598, 402, 1, -1, -0.7853981633974483, 1.4142135623730951
1326, 35, 501, 379, 499, 380, 2, -1, -0.4636476090008061, 2.23606797749979
1326, 36, 424, 380, 422, 380, 2, 0, 0.0, 2.0
1326, 39, 635, 398, 634, 399, 1, -1, -0.7853981633974483, 1.4142135623730951
1326, 42, 485, 352, 484, 353, 1, -1, -0.7853981633974483, 1.4142135623730951
1326, 43, 450, 353, 448, 354, 2, -1, -0.4636476090008061, 2.23606797749979
1326, 44, 345, 395, 344, 396, 1, -1, -0.7853981633974483, 1.4142135623730951
1326, 47, 548, 340, 546, 340, 2, 0, 0.0, 2.0
1326, 49, 298, 103, 297, 104, 1, -1, -0.7853981633974483, 1.4142135623730951
1326, 53, 634, 333, 632, 334, 2, -1, -0.4636476090008061, 2.23606797749979
1326, 54, 607, 78, 606, 79, 1, -1, -0.7853981633974483, 1.4142135623730951
1327, 2, 254, 305, 253, 304, 1, 1, 0.7853981633974483, 1.4142135623730951
1327, 7, 521, 348, 520, 349, 1, -1, -0.7853981633974483, 1.4142135623730951
1327, 9, 416, 352, 415, 353, 1, -1, -0.7853981633974483, 1.4142135623730951
1327, 10, 497, 367, 495, 368, 2, -1, -0.4636476090008061, 2.23606797749979
1327, 11, 575, 362, 571, 363, 4, -1, -0.24497866312686414, 4.123105625617661
1327, 13, 579, 112, 578, 113, 1, -1, -0.7853981633974483, 1.4142135623730951
1327, 16, 324, 108, 323, 109, 1, -1, -0.7853981633974483, 1.4142135623730951
1327, 18, 538, 139, 537, 140, 1, -1, -0.7853981633974483, 1.4142135623730951
1327, 23, 443, 401, 442, 402, 1, -1, -0.7853981633974483, 1.4142135623730951
1327, 24, 282, 126, 281, 127, 1, -1, -0.7853981633974483, 1.4142135623730951
1327, 26, 446, 74, 445, 75, 1, -1, -0.7853981633974483, 1.4142135623730951
1327, 28, 377, 393, 375, 393, 2, 0, 0.0, 2.0
1327, 29, 550, 139, 549, 138, 1, 1, 0.7853981633974483, 1.4142135623730951
1327, 31, 610, 128, 609, 129, 1, -1, -0.7853981633974483, 1.4142135623730951
1327, 34, 601, 400, 599, 401, 2, -1, -0.4636476090008061, 2.23606797749979
1327, 35, 503, 379, 501, 379, 2, 0, 0.0, 2.0
1327, 40, 230, 115, 230, 117, 0, -2, -1.5707963267948966, 2.0
1327, 45, 341, 404, 340, 405, 1, -1, -0.7853981633974483, 1.4142135623730951
1327, 47, 550, 339, 548, 340, 2, -1, -0.4636476090008061, 2.23606797749979
1327, 48, 366, 120, 365, 121, 1, -1, -0.7853981633974483, 1.4142135623730951
1327, 51, 565, 403, 564, 404, 1, -1, -0.7853981633974483, 1.4142135623730951
1328, 1, 429, 122, 428, 123, 1, -1, -0.7853981633974483, 1.4142135623730951
1328, 4, 464, 122, 463, 123, 1, -1, -0.7853981633974483, 1.4142135623730951
1328, 7, 522, 347, 521, 348, 1, -1, -0.7853981633974483, 1.4142135623730951
1328, 9, 417, 351, 416, 352, 1, -1, -0.7853981633974483, 1.4142135623730951
1328, 10, 499, 366, 497, 367, 2, -1, -0.4636476090008061, 2.23606797749979
1328, 11, 578, 361, 575, 362, 3, -1, -0.3217505543966422, 3.1622776601683795
1328, 16, 325, 106, 324, 108, 1, -2, -1.1071487177940904, 2.23606797749979
1328, 18, 540, 138, 538, 139, 2, -1, -0.4636476090008061, 2.23606797749979
1328, 19, 387, 100, 386, 101, 1, -1, -0.7853981633974483, 1.4142135623730951
1328, 20, 409, 97, 408, 98, 1, -1, -0.7853981633974483, 1.4142135623730951
1328, 23, 444, 400, 443, 401, 1, -1, -0.7853981633974483, 1.4142135623730951
1328, 24, 283, 124, 282, 126, 1, -2, -1.1071487177940904, 2.23606797749979
1328, 26, 447, 73, 446, 74, 1, -1, -0.7853981633974483, 1.4142135623730951
1328, 27, 412, 125, 413, 127, -1, -2, -2.0344439357957027, 2.23606797749979
1328, 28, 378, 392, 377, 393, 1, -1, -0.7853981633974483, 1.4142135623730951
1328, 29, 552, 139, 550, 139, 2, 0, 0.0, 2.0
1328, 31, 612, 127, 610, 128, 2, -1, -0.4636476090008061, 2.23606797749979
1328, 34, 602, 399, 601, 400, 1, -1, -0.7853981633974483, 1.4142135623730951
1328, 35, 505, 379, 503, 379, 2, 0, 0.0, 2.0
1328, 44, 347, 396, 346, 395, 1, 1, 0.7853981633974483, 1.4142135623730951
1328, 45, 342, 403, 341, 404, 1, -1, -0.7853981633974483, 1.4142135623730951
1328, 47, 552, 338, 550, 339, 2, -1, -0.4636476090008061, 2.23606797749979
1328, 49, 299, 102, 298, 103, 1, -1, -0.7853981633974483, 1.4142135623730951
1328, 51, 566, 402, 565, 403, 1, -1, -0.7853981633974483, 1.4142135623730951
1328, 54, 608, 77, 607, 78, 1, -1, -0.7853981633974483, 1.4142135623730951
1329, 0, 500, 126, 498, 126, 2, 0, 0.0, 2.0
1329, 1, 430, 121, 429, 122, 1, -1, -0.7853981633974483, 1.4142135623730951
1329, 4, 466, 121, 464, 122, 2, -1, -0.4636476090008061, 2.23606797749979
1329, 7, 524, 346, 522, 347, 2, -1, -0.4636476090008061, 2.23606797749979
1329, 10, 500, 365, 499, 366, 1, -1, -0.7853981633974483, 1.4142135623730951
1329, 11, 579, 360, 578, 361, 1, -1, -0.7853981633974483, 1.4142135623730951
1329, 16, 379, 407, 378, 408, 1, -1, -0.7853981633974483, 1.4142135623730951
1329, 17, 542, 137, 540, 138, 2, -1, -0.4636476090008061, 2.23606797749979
1329, 18, 388, 99, 387, 100, 1, -1, -0.7853981633974483, 1.4142135623730951
1329, 22, 445, 399, 444, 400, 1, -1, -0.7853981633974483, 1.4142135623730951
1329, 23, 284, 123, 283, 124, 1, -1, -0.7853981633974483, 1.4142135623730951
1329, 24, 439, 104, 438, 105, 1, -1, -0.7853981633974483, 1.4142135623730951
1329, 25, 448, 72, 447, 73, 1, -1, -0.7853981633974483, 1.4142135623730951
1329, 26, 415, 123, 412, 125, 3, -2, -0.5880026035475675, 3.605551275463989
1329, 27, 380, 391, 378, 392, 2, -1, -0.4636476090008061, 2.23606797749979
1329, 28, 554, 139, 552, 139, 2, 0, 0.0, 2.0
1329, 30, 613, 125, 612, 127, 1, -2, -1.1071487177940904, 2.23606797749979
1329, 31, 347, 94, 346, 95, 1, -1, -0.7853981633974483, 1.4142135623730951
1329, 33, 604, 398, 602, 399, 2, -1, -0.4636476090008061, 2.23606797749979
1329, 34, 507, 379, 505, 379, 2, 0, 0.0, 2.0
1329, 35, 427, 379, 426, 380, 1, -1, -0.7853981633974483, 1.4142135623730951
1329, 36, 197, 341, 196, 343, 1, -2, -1.1071487177940904, 2.23606797749979
1329, 37, 257, 375, 255, 376, 2, -1, -0.4636476090008061, 2.23606797749979
1329, 39, 231, 113, 230, 114, 1, -1, -0.7853981633974483, 1.4142135623730951
1329, 42, 452, 351, 451, 352, 1, -1, -0.7853981633974483, 1.4142135623730951
1329, 43, 348, 395, 347, 396, 1, -1, -0.7853981633974483, 1.4142135623730951
1329, 48, 300, 101, 299, 102, 1, -1, -0.7853981633974483, 1.4142135623730951
1329, 50, 568, 402, 566, 402, 2, 0, 0.0, 2.0
1330, 1, 431, 124, 429, 124, 2, 0, 0.0, 2.0
1330, 4, 523, 349, 522, 350, 1, -1, -0.7853981633974483, 1.4142135623730951
1330, 6, 467, 124, 465, 125, 2, -1, -0.4636476090008061, 2.23606797749979
1330, 8, 423, 94, 422, 95, 1, -1, -0.7853981633974483, 1.4142135623730951
1330, 14, 613, 130, 612, 131, 1, -1, -0.7853981633974483, 1.4142135623730951
1330, 17, 553, 138, 551, 138, 2, 0, 0.0, 2.0
1330, 20, 605, 401, 603, 402, 2, -1, -0.4636476090008061, 2.23606797749979
1330, 21, 389, 100, 388, 101, 1, -1, -0.7853981633974483, 1.4142135623730951
1330, 23, 427, 382, 425, 383, 2, -1, -0.4636476090008061, 2.23606797749979
1330, 24, 445, 404, 444, 405, 1, -1, -0.7853981633974483, 1.4142135623730951
1330, 25, 280, 128, 279, 129, 1, -1, -0.7853981633974483, 1.4142135623730951
1330, 28, 224, 362, 223, 363, 1, -1, -0.7853981633974483, 1.4142135623730951
1330, 31, 302, 104, 301, 105, 1, -1, -0.7853981633974483, 1.4142135623730951
1330, 33, 263, 104, 262, 105, 1, -1, -0.7853981633974483, 1.4142135623730951
1330, 35, 542, 141, 540, 142, 2, -1, -0.4636476090008061, 2.23606797749979
1330, 39, 582, 376, 580, 376, 2, 0, 0.0, 2.0
1330, 42, 348, 396, 347, 397, 1, -1, -0.7853981633974483, 1.4142135623730951
1330, 43, 351, 97, 350, 98, 1, -1, -0.7853981633974483, 1.4142135623730951
1330, 44, 569, 405, 567, 405, 2, 0, 0.0, 2.0
1330, 46, 231, 386, 229, 386, 2, 0, 0.0, 2.0
1330, 47, 490, 353, 488, 353, 2, 0, 0.0, 2.0
1330, 52, 259, 378, 258, 379, 1, -1, -0.7853981633974483, 1.4142135623730951
1331, 0, 501, 127, 499, 127, 2, 0, 0.0, 2.0
1331, 4, 524, 348, 523, 349, 1, -1, -0.7853981633974483, 1.4142135623730951
1331, 6, 469, 123, 467, 124, 2, -1, -0.4636476090008061, 2.23606797749979
1331, 7, 420, 352, 419, 353, 1, -1, -0.7853981633974483, 1.4142135623730951
1331, 17, 555, 138, 553, 138, 2, 0, 0.0, 2.0
1331, 18, 574, 369, 573, 370, 1, -1, -0.7853981633974483, 1.4142135623730951
1331, 20, 607, 400, 605, 401, 2, -1, -0.4636476090008061, 2.23606797749979
1331, 21, 390, 99, 389, 100, 1, -1, -0.7853981633974483, 1.4142135623730951
1331, 23, 429, 381, 427, 382, 2, -1, -0.4636476090008061, 2.23606797749979
1331, 24, 446, 403, 445, 404, 1, -1, -0.7853981633974483, 1.4142135623730951
1331, 25, 281, 127, 280, 128, 1, -1, -0.7853981633974483, 1.4142135623730951
1331, 27, 453, 354, 452, 355, 1, -1, -0.7853981633974483, 1.4142135623730951
1331, 29, 449, 72, 447, 73, 2, -1, -0.4636476090008061, 2.23606797749979
1331, 33, 264, 102, 263, 104, 1, -2, -1.1071487177940904, 2.23606797749979
1331, 34, 505, 381, 503, 381, 2, 0, 0.0, 2.0
1331, 35, 545, 141, 542, 141, 3, 0, 0.0, 3.0
1331, 36, 327, 109, 326, 110, 1, -1, -0.7853981633974483, 1.4142135623730951
1331, 37, 611, 77, 610, 78, 1, -1, -0.7853981633974483, 1.4142135623730951
1331, 39, 583, 375, 582, 376, 1, -1, -0.7853981633974483, 1.4142135623730951
1331, 43, 352, 96, 351, 97, 1, -1, -0.7853981633974483, 1.4142135623730951
1331, 44, 570, 404, 569, 405, 1, -1, -0.7853981633974483, 1.4142135623730951
1331, 46, 233, 385, 231, 386, 2, -1, -0.4636476090008061, 2.23606797749979
1331, 47, 492, 352, 490, 353, 2, -1, -0.4636476090008061, 2.23606797749979
1331, 50, 224, 407, 223, 408, 1, -1, -0.7853981633974483, 1.4142135623730951
1331, 52, 260, 377, 259, 378, 1, -1, -0.7853981633974483, 1.4142135623730951
1332, 2, 392, 354, 391, 355, 1, -1, -0.7853981633974483, 1.4142135623730951
1332, 4, 526, 347, 524, 348, 2, -1, -0.4636476090008061, 2.23606797749979
1332, 6, 470, 122, 469, 123, 1, -1, -0.7853981633974483, 1.4142135623730951
1332, 17, 557, 138, 555, 138, 2, 0, 0.0, 2.0
1332, 19, 382, 408, 381, 409, 1, -1, -0.7853981633974483, 1.4142135623730951
1332, 21, 391, 98, 390, 99, 1, -1, -0.7853981633974483, 1.4142135623730951
1332, 23, 431, 380, 429, 381, 2, -1, -0.4636476090008061, 2.23606797749979
1332, 24, 447, 402, 446, 403, 1, -1, -0.7853981633974483, 1.4142135623730951
1332, 25, 282, 125, 281, 127, 1, -2, -1.1071487177940904, 2.23606797749979
1332, 26, 295, 408, 294, 409, 1, -1, -0.7853981633974483, 1.4142135623730951
1332, 27, 454, 353, 453, 354, 1, -1, -0.7853981633974483, 1.4142135623730951
1332, 28, 225, 361, 224, 362, 1, -1, -0.7853981633974483, 1.4142135623730951
1332, 29, 451, 71, 449, 72, 2, -1, -0.4636476090008061, 2.23606797749979
1332, 31, 304, 103, 303, 104, 1, -1, -0.7853981633974483, 1.4142135623730951
1332, 32, 346, 405, 344, 406, 2, -1, -0.4636476090008061, 2.23606797749979
1332, 33, 266, 101, 264, 102, 2, -1, -0.4636476090008061, 2.23606797749979
1332, 34, 506, 380, 505, 381, 1, -1, -0.7853981633974483, 1.4142135623730951
1332, 36, 328, 108, 327, 109, 1, -1, -0.7853981633974483, 1.4142135623730951
1332, 37, 612, 76, 611, 77, 1, -1, -0.7853981633974483, 1.4142135623730951
1332, 41, 289, 344, 288, 345, 1, -1, -0.7853981633974483, 1.4142135623730951
1332, 42, 349, 394, 348, 395, 1, -1, -0.7853981633974483, 1.4142135623730951
1332, 43, 353, 95, 352, 96, 1, -1, -0.7853981633974483, 1.4142135623730951
1332, 44, 571, 403, 570, 404, 1, -1, -0.7853981633974483, 1.4142135623730951
1332, 46, 235, 385, 233, 385, 2, 0, 0.0, 2.0
1332, 47, 494, 351, 492, 352, 2, -1, -0.4636476090008061, 2.23606797749979
1332, 50, 225, 406, 224, 407, 1, -1, -0.7853981633974483, 1.4142135623730951
1333, 0, 504, 127, 502, 127, 2, 0, 0.0, 2.0
1333, 1, 434, 123, 433, 124, 1, -1, -0.7853981633974483, 1.4142135623730951
1333, 4, 528, 347, 526, 347, 2, 0, 0.0, 2.0
1333, 6, 472, 122, 470, 122, 2, 0, 0.0, 2.0
1333, 7, 422, 351, 421, 352, 1, -1, -0.7853981633974483, 1.4142135623730951
1333, 14, 616, 129, 615, 130, 1, -1, -0.7853981633974483, 1.4142135623730951
1333, 16, 239, 340, 242, 340, -3, 0, 3.141592653589793, 3.0
1333, 17, 559, 137, 557, 138, 2, -1, -0.4636476090008061, 2.23606797749979
1333, 19, 383, 407, 382, 408, 1, -1, -0.7853981633974483, 1.4142135623730951
1333, 21, 392, 97, 391, 98, 1, -1, -0.7853981633974483, 1.4142135623730951
1333, 23, 433, 379, 431, 380, 2, -1, -0.4636476090008061, 2.23606797749979
1333, 24, 449, 401, 447, 402, 2, -1, -0.4636476090008061, 2.23606797749979
1333, 29, 452, 70, 451, 71, 1, -1, -0.7853981633974483, 1.4142135623730951
1333, 30, 601, 131, 603, 132, -2, -1, -2.677945044588987, 2.23606797749979
1333, 31, 305, 102, 304, 103, 1, -1, -0.7853981633974483, 1.4142135623730951
1333, 34, 507, 379, 506, 380, 1, -1, -0.7853981633974483, 1.4142135623730951
1333, 35, 548, 141, 546, 141, 2, 0, 0.0, 2.0
1333, 36, 329, 107, 328, 108, 1, -1, -0.7853981633974483, 1.4142135623730951
1333, 37, 614, 75, 612, 76, 2, -1, -0.4636476090008061, 2.23606797749979
1333, 41, 290, 343, 289, 344, 1, -1, -0.7853981633974483, 1.4142135623730951
1333, 44, 573, 402, 571, 403, 2, -1, -0.4636476090008061, 2.23606797749979
1333, 47, 495, 350, 494, 351, 1, -1, -0.7853981633974483, 1.4142135623730951
1333, 52, 262, 376, 261, 377, 1, -1, -0.7853981633974483, 1.4142135623730951
1334, 0, 506, 127, 504, 127, 2, 0, 0.0, 2.0
1334, 1, 435, 122, 434, 123, 1, -1, -0.7853981633974483, 1.4142135623730951
1334, 4, 530, 346, 528, 347, 2, -1, -0.4636476090008061, 2.23606797749979
1334, 6, 474, 121, 472, 122, 2, -1, -0.4636476090008061, 2.23606797749979
1334, 7, 423, 350, 422, 351, 1, -1, -0.7853981633974483, 1.4142135623730951
1334, 8, 427, 93, 426, 94, 1, -1, -0.7853981633974483, 1.4142135623730951
1334, 14, 618, 127, 616, 129, 2, -2, -0.7853981633974483, 2.8284271247461903
1334, 17, 562, 136, 559, 137, 3, -1, -0.3217505543966422, 3.1622776601683795
1334, 19, 384, 406, 383, 407, 1, -1, -0.7853981633974483, 1.4142135623730951
1334, 20, 611, 400, 609, 400, 2, 0, 0.0, 2.0
1334, 21, 393, 96, 392, 97, 1, -1, -0.7853981633974483, 1.4142135623730951
1334, 23, 435, 379, 433, 379, 2, 0, 0.0, 2.0
1334, 24, 450, 400, 449, 401, 1, -1, -0.7853981633974483, 1.4142135623730951
1334, 27, 457, 353, 455, 353, 2, 0, 0.0, 2.0
1334, 28, 226, 360, 225, 361, 1, -1, -0.7853981633974483, 1.4142135623730951
1334, 29, 453, 69, 452, 70, 1, -1, -0.7853981633974483, 1.4142135623730951
1334, 31, 306, 101, 305, 102, 1, -1, -0.7853981633974483, 1.4142135623730951
1334, 34, 508, 378, 507, 379, 1, -1, -0.7853981633974483, 1.4142135623730951
1334, 37, 616, 74, 614, 75, 2, -1, -0.4636476090008061, 2.23606797749979
1334, 41, 291, 342, 290, 343, 1, -1, -0.7853981633974483, 1.4142135623730951
1334, 44, 575, 401, 573, 402, 2, -1, -0.4636476090008061, 2.23606797749979
1334, 47, 497, 349, 495, 350, 2, -1, -0.4636476090008061, 2.23606797749979
1335, 5, 528, 348, 527, 349, 1, -1, -0.7853981633974483, 1.4142135623730951
1335, 7, 581, 367, 579, 367, 2, 0, 0.0, 2.0
1335, 9, 425, 352, 424, 353, 1, -1, -0.7853981633974483, 1.4142135623730951
1335, 10, 281, 122, 280, 124, 1, -2, -1.1071487177940904, 2.23606797749979
1335, 15, 617, 125, 615, 126, 2, -1, -0.4636476090008061, 2.23606797749979
1335, 17, 559, 139, 557, 139, 2, 0, 0.0, 2.0
1335, 18, 452, 72, 451, 73, 1, -1, -0.7853981633974483, 1.4142135623730951
1335, 22, 330, 106, 329, 107, 1, -1, -0.7853981633974483, 1.4142135623730951
1335, 23, 433, 381, 431, 382, 2, -1, -0.4636476090008061, 2.23606797749979
1335, 28, 451, 402, 449, 403, 2, -1, -0.4636476090008061, 2.23606797749979
1335, 29, 588, 375, 587, 376, 1, -1, -0.7853981633974483, 1.4142135623730951
1335, 32, 566, 339, 564, 339, 2, 0, 0.0, 2.0
1336, 0, 435, 123, 434, 124, 1, -1, -0.7853981633974483, 1.4142135623730951
1336, 5, 529, 347, 528, 348, 1, -1, -0.7853981633974483, 1.4142135623730951
1336, 10, 282, 121, 281, 122, 1, -1, -0.7853981633974483, 1.4142135623730951
1336, 11, 384, 408, 383, 409, 1, -1, -0.7853981633974483, 1.4142135623730951
1336, 12, 502, 372, 501, 373, 1, -1, -0.7853981633974483, 1.4142135623730951
1336, 14, 618, 123, 617, 125, 1, -2, -1.1071487177940904, 2.23606797749979
1336, 16, 560, 138, 559, 139, 1, -1, -0.7853981633974483, 1.4142135623730951
1336, 17, 454, 71, 452, 72, 2, -1, -0.4636476090008061, 2.23606797749979
1336, 21, 331, 105, 330, 106, 1, -1, -0.7853981633974483, 1.4142135623730951
1336, 22, 434, 380, 433, 381, 1, -1, -0.7853981633974483, 1.4142135623730951
1336, 24, 576, 373, 574, 372, 2, 1, 0.4636476090008061, 2.23606797749979
1336, 25, 348, 405, 347, 406, 1, -1, -0.7853981633974483, 1.4142135623730951
1336, 26, 354, 100, 353, 101, 1, -1, -0.7853981633974483, 1.4142135623730951
1336, 27, 452, 401, 451, 402, 1, -1, -0.7853981633974483, 1.4142135623730951
1336, 31, 568, 338, 566, 339, 2, -1, -0.4636476090008061, 2.23606797749979
1337, 0, 436, 122, 435, 123, 1, -1, -0.7853981633974483, 1.4142135623730951
1337, 5, 530, 346, 529, 347, 1, -1, -0.7853981633974483, 1.4142135623730951
1337, 10, 283, 120, 282, 121, 1, -1, -0.7853981633974483, 1.4142135623730951
1337, 11, 385, 407, 384, 408, 1, -1, -0.7853981633974483, 1.4142135623730951
1337, 12, 503, 371, 502, 372, 1, -1, -0.7853981633974483, 1.4142135623730951
1337, 14, 620, 123, 618, 123, 2, 0, 0.0, 2.0
1337, 19, 235, 113, 234, 114, 1, -1, -0.7853981633974483, 1.4142135623730951
1337, 21, 332, 104, 331, 105, 1, -1, -0.7853981633974483, 1.4142135623730951
1337, 22, 436, 379, 434, 380, 2, -1, -0.4636476090008061, 2.23606797749979
1337, 24, 578, 372, 576, 373, 2, -1, -0.4636476090008061, 2.23606797749979
1337, 26, 355, 99, 354, 100, 1, -1, -0.7853981633974483, 1.4142135623730951
1337, 28, 590, 374, 589, 375, 1, -1, -0.7853981633974483, 1.4142135623730951
1338, 5, 531, 345, 530, 346, 1, -1, -0.7853981633974483, 1.4142135623730951
1338, 7, 584, 366, 583, 367, 1, -1, -0.7853981633974483, 1.4142135623730951
1338, 8, 474, 123, 473, 124, 1, -1, -0.7853981633974483, 1.4142135623730951
1338, 9, 428, 351, 427, 352, 1, -1, -0.7853981633974483, 1.4142135623730951
1338, 11, 386, 406, 385, 407, 1, -1, -0.7853981633974483, 1.4142135623730951
1338, 12, 505, 370, 503, 371, 2, -1, -0.4636476090008061, 2.23606797749979
1338, 13, 380, 398, 379, 399, 1, -1, -0.7853981633974483, 1.4142135623730951
1338, 14, 622, 124, 620, 123, 2, 1, 0.4636476090008061, 2.23606797749979
1338, 19, 236, 112, 235, 113, 1, -1, -0.7853981633974483, 1.4142135623730951
1338, 22, 437, 378, 436, 379, 1, -1, -0.7853981633974483, 1.4142135623730951
1338, 23, 375, 121, 374, 122, 1, -1, -0.7853981633974483, 1.4142135623730951
1338, 24, 580, 372, 578, 372, 2, 0, 0.0, 2.0
1338, 26, 356, 98, 355, 99, 1, -1, -0.7853981633974483, 1.4142135623730951
1338, 27, 454, 400, 453, 401, 1, -1, -0.7853981633974483, 1.4142135623730951
1338, 28, 592, 373, 590, 374, 2, -1, -0.4636476090008061, 2.23606797749979
1339, 1, 398, 354, 396, 355, 2, -1, -0.4636476090008061, 2.23606797749979
1339, 5, 532, 344, 531, 345, 1, -1, -0.7853981633974483, 1.4142135623730951
1339, 7, 585, 365, 584, 366, 1, -1, -0.7853981633974483, 1.4142135623730951
1339, 8, 475, 122, 474, 123, 1, -1, -0.7853981633974483, 1.4142135623730951
1339, 11, 387, 405, 386, 406, 1, -1, -0.7853981633974483, 1.4142135623730951
1339, 12, 506, 369, 505, 370, 1, -1, -0.7853981633974483, 1.4142135623730951
1339, 13, 382, 397, 380, 398, 2, -1, -0.4636476090008061, 2.23606797749979
1339, 14, 624, 124, 622, 124, 2, 0, 0.0, 2.0
1339, 15, 563, 137, 562, 138, 1, -1, -0.7853981633974483, 1.4142135623730951
1339, 16, 458, 71, 456, 71, 2, 0, 0.0, 2.0
1339, 17, 297, 400, 296, 401, 1, -1, -0.7853981633974483, 1.4142135623730951
1339, 21, 438, 377, 437, 378, 1, -1, -0.7853981633974483, 1.4142135623730951
1339, 23, 582, 372, 580, 372, 2, 0, 0.0, 2.0
1339, 24, 351, 404, 350, 405, 1, -1, -0.7853981633974483, 1.4142135623730951
1339, 27, 594, 372, 592, 373, 2, -1, -0.4636476090008061, 2.23606797749979
1339, 30, 570, 337, 569, 338, 1, -1, -0.7853981633974483, 1.4142135623730951
1340, 7, 533, 348, 532, 349, 1, -1, -0.7853981633974483, 1.4142135623730951
1340, 9, 429, 353, 428, 354, 1, -1, -0.7853981633974483, 1.4142135623730951
1340, 10, 564, 139, 562, 139, 2, 0, 0.0, 2.0
1340, 12, 234, 341, 235, 340, -1, 1, 2.356194490192345, 1.4142135623730951
1340, 13, 299, 403, 298, 404, 1, -1, -0.7853981633974483, 1.4142135623730951
1340, 14, 505, 372, 504, 373, 1, -1, -0.7853981633974483, 1.4142135623730951
1340, 15, 584, 366, 583, 367, 1, -1, -0.7853981633974483, 1.4142135623730951
1340, 18, 352, 405, 351, 406, 1, -1, -0.7853981633974483, 1.4142135623730951
1340, 19, 285, 122, 284, 123, 1, -1, -0.7853981633974483, 1.4142135623730951
1340, 21, 237, 117, 236, 118, 1, -1, -0.7853981633974483, 1.4142135623730951
1340, 22, 381, 399, 380, 400, 1, -1, -0.7853981633974483, 1.4142135623730951
1340, 24, 334, 109, 333, 110, 1, -1, -0.7853981633974483, 1.4142135623730951
1340, 25, 594, 376, 592, 376, 2, 0, 0.0, 2.0
1341, 6, 388, 408, 387, 409, 1, -1, -0.7853981633974483, 1.4142135623730951
1341, 7, 534, 347, 533, 348, 1, -1, -0.7853981633974483, 1.4142135623730951
1341, 10, 566, 139, 564, 139, 2, 0, 0.0, 2.0
1341, 12, 300, 402, 299, 403, 1, -1, -0.7853981633974483, 1.4142135623730951
1341, 15, 458, 72, 457, 73, 1, -1, -0.7853981633974483, 1.4142135623730951
1341, 16, 271, 103, 270, 104, 1, -1, -0.7853981633974483, 1.4142135623730951
1341, 17, 353, 404, 352, 405, 1, -1, -0.7853981633974483, 1.4142135623730951
1341, 19, 439, 380, 437, 380, 2, 0, 0.0, 2.0
1341, 20, 238, 116, 237, 117, 1, -1, -0.7853981633974483, 1.4142135623730951
1341, 21, 383, 398, 381, 399, 2, -1, -0.4636476090008061, 2.23606797749979
1341, 23, 335, 108, 334, 109, 1, -1, -0.7853981633974483, 1.4142135623730951
1341, 24, 596, 375, 594, 376, 2, -1, -0.4636476090008061, 2.23606797749979
1342, 0, 398, 354, 397, 355, 1, -1, -0.7853981633974483, 1.4142135623730951
1342, 2, 440, 124, 439, 125, 1, -1, -0.7853981633974483, 1.4142135623730951
1342, 6, 389, 407, 388, 408, 1, -1, -0.7853981633974483, 1.4142135623730951
1342, 7, 535, 346, 534, 347, 1, -1, -0.7853981633974483, 1.4142135623730951
1342, 10, 568, 139, 566, 139, 2, 0, 0.0, 2.0
1342, 12, 301, 401, 300, 402, 1, -1, -0.7853981633974483, 1.4142135623730951
1342, 18, 287, 121, 286, 122, 1, -1, -0.7853981633974483, 1.4142135623730951
1342, 19, 441, 380, 439, 380, 2, 0, 0.0, 2.0
1342, 20, 239, 115, 238, 116, 1, -1, -0.7853981633974483, 1.4142135623730951
1342, 23, 336, 107, 335, 108, 1, -1, -0.7853981633974483, 1.4142135623730951
1342, 24, 598, 374, 596, 375, 2, -1, -0.4636476090008061, 2.23606797749979
1343, 2, 441, 123, 440, 124, 1, -1, -0.7853981633974483, 1.4142135623730951
1343, 6, 390, 405, 389, 407, 1, -2, -1.1071487177940904, 2.23606797749979
1343, 7, 536, 345, 535, 346, 1, -1, -0.7853981633974483, 1.4142135623730951
1343, 8, 479, 125, 477, 126, 2, -1, -0.4636476090008061, 2.23606797749979
1343, 10, 570, 139, 568, 139, 2, 0, 0.0, 2.0
1343, 11, 231, 341, 233, 341, -2, 0, 3.141592653589793, 2.0
1343, 12, 302, 399, 301, 401, 1, -2, -1.1071487177940904, 2.23606797749979
1343, 16, 272, 102, 271, 103, 1, -1, -0.7853981633974483, 1.4142135623730951
1343, 17, 355, 403, 354, 404, 1, -1, -0.7853981633974483, 1.4142135623730951
1343, 18, 288, 120, 287, 121, 1, -1, -0.7853981633974483, 1.4142135623730951
1343, 19, 443, 380, 441, 380, 2, 0, 0.0, 2.0
1343, 24, 600, 372, 598, 374, 2, -2, -0.7853981633974483, 2.8284271247461903
1344, 0, 400, 353, 399, 354, 1, -1, -0.7853981633974483, 1.4142135623730951
1344, 10, 572, 139, 570, 139, 2, 0, 0.0, 2.0
1344, 17, 356, 402, 355, 403, 1, -1, -0.7853981633974483, 1.4142135623730951
1344, 19, 446, 380, 443, 380, 3, 0, 0.0, 3.0
1344, 20, 240, 113, 239, 114, 1, -1, -0.7853981633974483, 1.4142135623730951
1344, 22, 338, 106, 337, 107, 1, -1, -0.7853981633974483, 1.4142135623730951
1344, 23, 602, 372, 600, 372, 2, 0, 0.0, 2.0
1345, 0, 513, 128, 511, 129, 2, -1, -0.4636476090008061, 2.23606797749979
1345, 1, 403, 354, 401, 355, 2, -1, -0.4636476090008061, 2.23606797749979
1345, 2, 444, 123, 442, 124, 2, -1, -0.4636476090008061, 2.23606797749979
1345, 5, 236, 137, 235, 138, 1, -1, -0.7853981633974483, 1.4142135623730951
1345, 6, 538, 348, 537, 349, 1, -1, -0.7853981633974483, 1.4142135623730951
1345, 9, 423, 98, 422, 99, 1, -1, -0.7853981633974483, 1.4142135623730951
1345, 21, 460, 403, 458, 404, 2, -1, -0.4636476090008061, 2.23606797749979
1345, 23, 268, 376, 267, 377, 1, -1, -0.7853981633974483, 1.4142135623730951
1345, 24, 356, 404, 355, 405, 1, -1, -0.7853981633974483, 1.4142135623730951
1345, 25, 585, 367, 584, 368, 1, -1, -0.7853981633974483, 1.4142135623730951
1345, 26, 236, 116, 234, 118, 2, -2, -0.7853981633974483, 2.8284271247461903
1345, 27, 303, 408, 302, 409, 1, -1, -0.7853981633974483, 1.4142135623730951
1345, 28, 442, 132, 440, 132, 2, 0, 0.0, 2.0
1345, 29, 238, 143, 239, 146, -1, -3, -1.892546881191539, 3.1622776601683795
1345, 30, 559, 142, 558, 143, 1, -1, -0.7853981633974483, 1.4142135623730951
1345, 31, 570, 140, 568, 140, 2, 0, 0.0, 2.0
1345, 33, 505, 350, 503, 351, 2, -1, -0.4636476090008061, 2.23606797749979
1345, 35, 274, 104, 273, 105, 1, -1, -0.7853981633974483, 1.4142135623730951
1346, 0, 515, 127, 513, 128, 2, -1, -0.4636476090008061, 2.23606797749979
1346, 1, 404, 353, 403, 354, 1, -1, -0.7853981633974483, 1.4142135623730951
1346, 2, 445, 122, 444, 123, 1, -1, -0.7853981633974483, 1.4142135623730951
1346, 6, 539, 347, 538, 348, 1, -1, -0.7853981633974483, 1.4142135623730951
1346, 9, 424, 97, 423, 98, 1, -1, -0.7853981633974483, 1.4142135623730951
1346, 10, 403, 99, 401, 100, 2, -1, -0.4636476090008061, 2.23606797749979
1346, 11, 338, 107, 337, 108, 1, -1, -0.7853981633974483, 1.4142135623730951
1346, 12, 631, 131, 629, 131, 2, 0, 0.0, 2.0
1346, 14, 391, 407, 390, 408, 1, -1, -0.7853981633974483, 1.4142135623730951
1346, 21, 461, 402, 460, 403, 1, -1, -0.7853981633974483, 1.4142135623730951
1346, 26, 237, 115, 236, 116, 1, -1, -0.7853981633974483, 1.4142135623730951
1346, 27, 304, 407, 303, 408, 1, -1, -0.7853981633974483, 1.4142135623730951
1346, 28, 444, 131, 442, 132, 2, -1, -0.4636476090008061, 2.23606797749979
1346, 33, 507, 349, 505, 350, 2, -1, -0.4636476090008061, 2.23606797749979
1346, 36, 261, 129, 260, 130, 1, -1, -0.7853981633974483, 1.4142135623730951
1347, 0, 517, 126, 515, 127, 2, -1, -0.4636476090008061, 2.23606797749979
1347, 1, 405, 352, 404, 353, 1, -1, -0.7853981633974483, 1.4142135623730951
1347, 2, 447, 121, 445, 122, 2, -1, -0.4636476090008061, 2.23606797749979
1347, 3, 220, 347, 221, 346, -1, 1, 2.356194490192345, 1.4142135623730951
1347, 6, 540, 346, 539, 347, 1, -1, -0.7853981633974483, 1.4142135623730951
1347, 9, 425, 96, 424, 97, 1, -1, -0.7853981633974483, 1.4142135623730951
1347, 10, 405, 98, 403, 99, 2, -1, -0.4636476090008061, 2.23606797749979
1347, 11, 339, 106, 338, 107, 1, -1, -0.7853981633974483, 1.4142135623730951
1347, 12, 633, 130, 631, 131, 2, -1, -0.4636476090008061, 2.23606797749979
1347, 13, 305, 399, 304, 400, 1, -1, -0.7853981633974483, 1.4142135623730951
1347, 14, 392, 406, 391, 407, 1, -1, -0.7853981633974483, 1.4142135623730951
1347, 17, 509, 370, 507, 371, 2, -1, -0.4636476090008061, 2.23606797749979
1347, 19, 240, 110, 239, 111, 1, -1, -0.7853981633974483, 1.4142135623730951
1347, 21, 391, 397, 390, 398, 1, -1, -0.7853981633974483, 1.4142135623730951
1347, 22, 270, 375, 269, 376, 1, -1, -0.7853981633974483, 1.4142135623730951
1347, 24, 587, 366, 586, 367, 1, -1, -0.7853981633974483, 1.4142135623730951
1347, 28, 561, 141, 560, 142, 1, -1, -0.7853981633974483, 1.4142135623730951
1347, 29, 572, 139, 571, 140, 1, -1, -0.7853981633974483, 1.4142135623730951
1347, 30, 445, 380, 444, 381, 1, -1, -0.7853981633974483, 1.4142135623730951
1347, 31, 509, 348, 507, 349, 2, -1, -0.4636476090008061, 2.23606797749979
1347, 33, 276, 103, 275, 104, 1, -1, -0.7853981633974483, 1.4142135623730951
1347, 34, 262, 128, 261, 129, 1, -1, -0.7853981633974483, 1.4142135623730951
1348, 6, 541, 345, 540, 346, 1, -1, -0.7853981633974483, 1.4142135623730951
1348, 8, 293, 122, 292, 123, 1, -1, -0.7853981633974483, 1.4142135623730951
1348, 9, 427, 94, 425, 96, 2, -2, -0.7853981633974483, 2.8284271247461903
1348, 11, 340, 105, 339, 106, 1, -1, -0.7853981633974483, 1.4142135623730951
1348, 12, 634, 128, 633, 130, 1, -2, -1.1071487177940904, 2.23606797749979
1348, 17, 511, 369, 509, 370, 2, -1, -0.4636476090008061, 2.23606797749979
1348, 18, 436, 353, 435, 354, 1, -1, -0.7853981633974483, 1.4142135623730951
1348, 19, 241, 109, 240, 110, 1, -1, -0.7853981633974483, 1.4142135623730951
1348, 22, 271, 374, 270, 375, 1, -1, -0.7853981633974483, 1.4142135623730951
1348, 23, 359, 403, 358, 404, 1, -1, -0.7853981633974483, 1.4142135623730951
1348, 24, 588, 365, 587, 366, 1, -1, -0.7853981633974483, 1.4142135623730951
1348, 25, 239, 116, 238, 115, 1, 1, 0.7853981633974483, 1.4142135623730951
1348, 27, 445, 129, 444, 130, 1, -1, -0.7853981633974483, 1.4142135623730951
1348, 28, 563, 140, 561, 141, 2, -1, -0.4636476090008061, 2.23606797749979
1348, 29, 574, 138, 572, 139, 2, -1, -0.4636476090008061, 2.23606797749979
1348, 30, 446, 379, 445, 380, 1, -1, -0.7853981633974483, 1.4142135623730951
1348, 31, 511, 347, 509, 348, 2, -1, -0.4636476090008061, 2.23606797749979
1348, 34, 263, 127, 262, 128, 1, -1, -0.7853981633974483, 1.4142135623730951
1349, 0, 520, 125, 518, 126, 2, -1, -0.4636476090008061, 2.23606797749979
1349, 1, 408, 351, 406, 352, 2, -1, -0.4636476090008061, 2.23606797749979
1349, 2, 449, 120, 448, 121, 1, -1, -0.7853981633974483, 1.4142135623730951
1349, 6, 543, 344, 541, 345, 2, -1, -0.4636476090008061, 2.23606797749979
1349, 8, 294, 121, 293, 122, 1, -1, -0.7853981633974483, 1.4142135623730951
1349, 9, 428, 93, 427, 94, 1, -1, -0.7853981633974483, 1.4142135623730951
1349, 12, 635, 127, 634, 128, 1, -1, -0.7853981633974483, 1.4142135623730951
1349, 13, 307, 398, 306, 399, 1, -1, -0.7853981633974483, 1.4142135623730951
1349, 17, 513, 368, 511, 369, 2, -1, -0.4636476090008061, 2.23606797749979
1349, 21, 393, 395, 391, 396, 2, -1, -0.4636476090008061, 2.23606797749979
1349, 22, 272, 373, 271, 374, 1, -1, -0.7853981633974483, 1.4142135623730951
1349, 23, 360, 402, 359, 403, 1, -1, -0.7853981633974483, 1.4142135623730951
1349, 24, 590, 364, 588, 365, 2, -1, -0.4636476090008061, 2.23606797749979
1349, 25, 240, 115, 239, 116, 1, -1, -0.7853981633974483, 1.4142135623730951
1349, 27, 446, 128, 445, 129, 1, -1, -0.7853981633974483, 1.4142135623730951
1349, 28, 565, 139, 563, 140, 2, -1, -0.4636476090008061, 2.23606797749979
1349, 29, 576, 138, 574, 138, 2, 0, 0.0, 2.0
1349, 30, 447, 378, 446, 379, 1, -1, -0.7853981633974483, 1.4142135623730951
1349, 31, 512, 346, 511, 347, 1, -1, -0.7853981633974483, 1.4142135623730951
1350, 1, 406, 353, 405, 354, 1, -1, -0.7853981633974483, 1.4142135623730951
1350, 3, 449, 123, 447, 124, 2, -1, -0.4636476090008061, 2.23606797749979
1350, 4, 544, 348, 542, 349, 2, -1, -0.4636476090008061, 2.23606797749979
1350, 7, 513, 368, 510, 370, 3, -2, -0.5880026035475675, 3.605551275463989
1350, 12, 294, 122, 293, 123, 1, -1, -0.7853981633974483, 1.4142135623730951
1350, 13, 634, 126, 633, 127, 1, -1, -0.7853981633974483, 1.4142135623730951
1350, 14, 574, 139, 573, 140, 1, -1, -0.7853981633974483, 1.4142135623730951
1350, 15, 590, 366, 588, 367, 2, -1, -0.4636476090008061, 2.23606797749979
1350, 17, 436, 353, 435, 354, 1, -1, -0.7853981633974483, 1.4142135623730951
1350, 18, 360, 405, 359, 406, 1, -1, -0.7853981633974483, 1.4142135623730951
1350, 19, 510, 348, 509, 349, 1, -1, -0.7853981633974483, 1.4142135623730951
1350, 21, 424, 84, 421, 85, 3, -1, -0.3217505543966422, 3.1622776601683795
1350, 22, 448, 381, 447, 382, 1, -1, -0.7853981633974483, 1.4142135623730951
1350, 23, 389, 394, 386, 396, 3, -2, -0.5880026035475675, 3.605551275463989
1350, 24, 466, 73, 465, 74, 1, -1, -0.7853981633974483, 1.4142135623730951
1350, 26, 341, 107, 340, 108, 1, -1, -0.7853981633974483, 1.4142135623730951
1350, 31, 603, 375, 601, 375, 2, 0, 0.0, 2.0
1350, 33, 266, 128, 265, 129, 1, -1, -0.7853981633974483, 1.4142135623730951
1350, 34, 388, 81, 387, 82, 1, -1, -0.7853981633974483, 1.4142135623730951
1350, 36, 276, 103, 275, 104, 1, -1, -0.7853981633974483, 1.4142135623730951
1350, 37, 555, 379, 554, 380, 1, -1, -0.7853981633974483, 1.4142135623730951
1350, 38, 472, 355, 470, 355, 2, 0, 0.0, 2.0
1350, 41, 602, 115, 599, 116, 3, -1, -0.3217505543966422, 3.1622776601683795
1350, 42, 414, 132, 413, 133, 1, -1, -0.7853981633974483, 1.4142135623730951
1350, 43, 564, 141, 562, 142, 2, -1, -0.4636476090008061, 2.23606797749979
1350, 50, 509, 103, 507, 104, 2, -1, -0.4636476090008061, 2.23606797749979
1350, 51, 368, 99, 367, 100, 1, -1, -0.7853981633974483, 1.4142135623730951
1351, 1, 407, 352, 406, 353, 1, -1, -0.7853981633974483, 1.4142135623730951
1351, 5, 486, 125, 485, 126, 1, -1, -0.7853981633974483, 1.4142135623730951
1351, 6, 517, 366, 513, 368, 4, -2, -0.4636476090008061, 4.47213595499958
1351, 10, 245, 111, 244, 112, 1, -1, -0.7853981633974483, 1.4142135623730951
1351, 12, 635, 125, 634, 126, 1, -1, -0.7853981633974483, 1.4142135623730951
1351, 13, 576, 139, 574, 139, 2, 0, 0.0, 2.0
1351, 14, 593, 365, 590, 366, 3, -1, -0.3217505543966422, 3.1622776601683795
1351, 16, 437, 352, 436, 353, 1, -1, -0.7853981633974483, 1.4142135623730951
1351, 18, 511, 347, 510, 348, 1, -1, -0.7853981633974483, 1.4142135623730951
1351, 20, 426, 83, 424, 84, 2, -1, -0.4636476090008061, 2.23606797749979
1351, 21, 450, 380, 448, 381, 2, -1, -0.4636476090008061, 2.23606797749979
1351, 22, 392, 392, 389, 394, 3, -2, -0.5880026035475675, 3.605551275463989
1351, 25, 342, 106, 341, 107, 1, -1, -0.7853981633974483, 1.4142135623730951
1351, 30, 605, 375, 603, 375, 2, 0, 0.0, 2.0
1351, 32, 267, 127, 266, 128, 1, -1, -0.7853981633974483, 1.4142135623730951
1351, 33, 390, 81, 388, 81, 2, 0, 0.0, 2.0
1351, 36, 556, 378, 555, 379, 1, -1, -0.7853981633974483, 1.4142135623730951
1351, 37, 474, 355, 472, 355, 2, 0, 0.0, 2.0
1351, 38, 320, 106, 319, 107, 1, -1, -0.7853981633974483, 1.4142135623730951
1351, 41, 415, 131, 414, 132, 1, -1, -0.7853981633974483, 1.4142135623730951
1351, 42, 566, 141, 564, 141, 2, 0, 0.0, 2.0
1351, 45, 632, 85, 630, 85, 2, 0, 0.0, 2.0
1351, 49, 511, 102, 509, 103, 2, -1, -0.4636476090008061, 2.23606797749979
1352, 0, 520, 128, 519, 129, 1, -1, -0.7853981633974483, 1.4142135623730951
1352, 5, 488, 124, 486, 125, 2, -1, -0.4636476090008061, 2.23606797749979
1352, 6, 520, 365, 517, 366, 3, -1, -0.3217505543966422, 3.1622776601683795
1352, 10, 246, 110, 245, 111, 1, -1, -0.7853981633974483, 1.4142135623730951
1352, 11, 295, 121, 294, 122, 1, -1, -0.7853981633974483, 1.4142135623730951
1352, 13, 578, 139, 576, 139, 2, 0, 0.0, 2.0
1352, 14, 596, 364, 593, 365, 3, -1, -0.3217505543966422, 3.1622776601683795
1352, 15, 466, 404, 465, 405, 1, -1, -0.7853981633974483, 1.4142135623730951
1352, 18, 512, 346, 511, 347, 1, -1, -0.7853981633974483, 1.4142135623730951
1352, 19, 407, 99, 406, 100, 1, -1, -0.7853981633974483, 1.4142135623730951
1352, 20, 427, 82, 426, 83, 1, -1, -0.7853981633974483, 1.4142135623730951
1352, 21, 451, 379, 450, 380, 1, -1, -0.7853981633974483, 1.4142135623730951
1352, 22, 396, 391, 392, 392, 4, -1, -0.24497866312686414, 4.123105625617661
1352, 25, 343, 105, 342, 106, 1, -1, -0.7853981633974483, 1.4142135623730951
1352, 26, 396, 397, 395, 398, 1, -1, -0.7853981633974483, 1.4142135623730951
1352, 31, 306, 408, 305, 409, 1, -1, -0.7853981633974483, 1.4142135623730951
1352, 32, 268, 126, 267, 127, 1, -1, -0.7853981633974483, 1.4142135623730951
1352, 33, 392, 80, 390, 81, 2, -1, -0.4636476090008061, 2.23606797749979
1352, 34, 526, 378, 524, 379, 2, -1, -0.4636476090008061, 2.23606797749979
1352, 35, 277, 101, 276, 102, 1, -1, -0.7853981633974483, 1.4142135623730951
1352, 36, 558, 378, 556, 378, 2, 0, 0.0, 2.0
1352, 37, 476, 355, 474, 355, 2, 0, 0.0, 2.0
1352, 38, 321, 105, 320, 106, 1, -1, -0.7853981633974483, 1.4142135623730951
1352, 40, 604, 114, 603, 115, 1, -1, -0.7853981633974483, 1.4142135623730951
1352, 41, 416, 130, 415, 131, 1, -1, -0.7853981633974483, 1.4142135623730951
1352, 42, 568, 141, 566, 141, 2, 0, 0.0, 2.0
1352, 45, 634, 85, 632, 85, 2, 0, 0.0, 2.0
1352, 49, 513, 101, 511, 102, 2, -1, -0.4636476090008061, 2.23606797749979
1352, 50, 370, 98, 369, 99, 1, -1, -0.7853981633974483, 1.4142135623730951
1353, 4, 548, 347, 546, 348, 2, -1, -0.4636476090008061, 2.23606797749979
1353, 6, 523, 364, 520, 365, 3, -1, -0.3217505543966422, 3.1622776601683795
1353, 8, 398, 407, 397, 408, 1, -1, -0.7853981633974483, 1.4142135623730951
1353, 9, 308, 399, 307, 400, 1, -1, -0.7853981633974483, 1.4142135623730951
1353, 10, 247, 109, 246, 110, 1, -1, -0.7853981633974483, 1.4142135623730951
1353, 13, 581, 138, 578, 139, 3, -1, -0.3217505543966422, 3.1622776601683795
1353, 14, 599, 363, 596, 364, 3, -1, -0.3217505543966422, 3.1622776601683795
1353, 15, 467, 403, 466, 404, 1, -1, -0.7853981633974483, 1.4142135623730951
1353, 16, 439, 351, 438, 352, 1, -1, -0.7853981633974483, 1.4142135623730951
1353, 17, 363, 404, 362, 405, 1, -1, -0.7853981633974483, 1.4142135623730951
1353, 18, 513, 345, 512, 346, 1, -1, -0.7853981633974483, 1.4142135623730951
1353, 20, 428, 81, 427, 82, 1, -1, -0.7853981633974483, 1.4142135623730951
1353, 21, 453, 378, 451, 379, 2, -1, -0.4636476090008061, 2.23606797749979
1353, 22, 400, 390, 396, 391, 4, -1, -0.24497866312686414, 4.123105625617661
1353, 24, 344, 104, 343, 105, 1, -1, -0.7853981633974483, 1.4142135623730951
1353, 26, 457, 393, 456, 394, 1, -1, -0.7853981633974483, 1.4142135623730951
1353, 29, 607, 374, 606, 375, 1, -1, -0.7853981633974483, 1.4142135623730951
1353, 31, 269, 125, 268, 126, 1, -1, -0.7853981633974483, 1.4142135623730951
1353, 34, 278, 100, 277, 101, 1, -1, -0.7853981633974483, 1.4142135623730951
1353, 35, 559, 377, 558, 378, 1, -1, -0.7853981633974483, 1.4142135623730951
1353, 36, 478, 354, 476, 355, 2, -1, -0.4636476090008061, 2.23606797749979
1353, 37, 322, 104, 321, 105, 1, -1, -0.7853981633974483, 1.4142135623730951
1353, 38, 466, 104, 465, 105, 1, -1, -0.7853981633974483, 1.4142135623730951
1353, 40, 417, 129, 416, 130, 1, -1, -0.7853981633974483, 1.4142135623730951
1353, 41, 569, 142, 568, 141, 1, 1, 0.7853981633974483, 1.4142135623730951
1353, 44, 635, 84, 634, 85, 1, -1, -0.7853981633974483, 1.4142135623730951
1353, 45, 428, 92, 426, 93, 2, -1, -0.4636476090008061, 2.23606797749979
1353, 48, 515, 101, 513, 101, 2, 0, 0.0, 2.0
1353, 49, 371, 97, 370, 98, 1, -1, -0.7853981633974483, 1.4142135623730951
1354, 1, 409, 351, 408, 352, 1, -1, -0.7853981633974483, 1.4142135623730951
1354, 5, 490, 123, 489, 124, 1, -1, -0.7853981633974483, 1.4142135623730951
1354, 6, 526, 363, 523, 364, 3, -1, -0.3217505543966422, 3.1622776601683795
1354, 10, 248, 108, 247, 109, 1, -1, -0.7853981633974483, 1.4142135623730951
1354, 11, 297, 120, 295, 121, 2, -1, -0.4636476090008061, 2.23606797749979
1354, 13, 583, 137, 581, 138, 2, -1, -0.4636476090008061, 2.23606797749979
1354, 14, 602, 362, 599, 363, 3, -1, -0.3217505543966422, 3.1622776601683795
1354, 15, 468, 402, 467, 403, 1, -1, -0.7853981633974483, 1.4142135623730951
1354, 16, 440, 350, 439, 351, 1, -1, -0.7853981633974483, 1.4142135623730951
1354, 18, 515, 344, 513, 345, 2, -1, -0.4636476090008061, 2.23606797749979
1354, 19, 409, 98, 408, 99, 1, -1, -0.7853981633974483, 1.4142135623730951
1354, 20, 429, 80, 428, 81, 1, -1, -0.7853981633974483, 1.4142135623730951
1354, 21, 456, 377, 453, 378, 3, -1, -0.3217505543966422, 3.1622776601683795
1354, 22, 403, 389, 400, 390, 3, -1, -0.3217505543966422, 3.1622776601683795
1354, 24, 345, 103, 344, 104, 1, -1, -0.7853981633974483, 1.4142135623730951
1354, 29, 609, 374, 607, 374, 2, 0, 0.0, 2.0
1354, 31, 270, 124, 269, 125, 1, -1, -0.7853981633974483, 1.4142135623730951
1354, 35, 561, 376, 559, 377, 2, -1, -0.4636476090008061, 2.23606797749979
1354, 36, 480, 354, 478, 354, 2, 0, 0.0, 2.0
1354, 37, 323, 103, 322, 104, 1, -1, -0.7853981633974483, 1.4142135623730951
1354, 38, 467, 103, 466, 104, 1, -1, -0.7853981633974483, 1.4142135623730951
1354, 46, 389, 123, 388, 124, 1, -1, -0.7853981633974483, 1.4142135623730951
1355, 1, 452, 123, 451, 124, 1, -1, -0.7853981633974483, 1.4142135623730951
1355, 3, 548, 348, 547, 349, 1, -1, -0.7853981633974483, 1.4142135623730951
1355, 7, 581, 140, 579, 141, 2, -1, -0.4636476090008061, 2.23606797749979
1355, 8, 302, 127, 301, 128, 1, -1, -0.7853981633974483, 1.4142135623730951
1355, 9, 490, 126, 488, 126, 2, 0, 0.0, 2.0
1355, 14, 247, 111, 246, 112, 1, -1, -0.7853981633974483, 1.4142135623730951
1355, 15, 468, 403, 467, 404, 1, -1, -0.7853981633974483, 1.4142135623730951
1355, 18, 514, 347, 513, 348, 1, -1, -0.7853981633974483, 1.4142135623730951
1355, 21, 609, 375, 607, 375, 2, 0, 0.0, 2.0
1355, 24, 515, 135, 514, 136, 1, -1, -0.7853981633974483, 1.4142135623730951
1355, 26, 345, 108, 344, 109, 1, -1, -0.7853981633974483, 1.4142135623730951
1355, 28, 411, 100, 410, 101, 1, -1, -0.7853981633974483, 1.4142135623730951
1355, 29, 455, 380, 453, 380, 2, 0, 0.0, 2.0
1355, 30, 317, 101, 316, 102, 1, -1, -0.7853981633974483, 1.4142135623730951
1355, 33, 578, 337, 577, 338, 1, -1, -0.7853981633974483, 1.4142135623730951
1355, 34, 570, 144, 568, 144, 2, 0, 0.0, 2.0
1355, 36, 521, 367, 519, 368, 2, -1, -0.4636476090008061, 2.23606797749979
1355, 38, 237, 366, 236, 367, 1, -1, -0.7853981633974483, 1.4142135623730951
1355, 39, 508, 100, 507, 101, 1, -1, -0.7853981633974483, 1.4142135623730951
1355, 40, 529, 380, 527, 380, 2, 0, 0.0, 2.0
1355, 41, 440, 129, 439, 130, 1, -1, -0.7853981633974483, 1.4142135623730951
1356, 0, 524, 131, 523, 130, 1, 1, 0.7853981633974483, 1.4142135623730951
1356, 3, 550, 347, 548, 348, 2, -1, -0.4636476090008061, 2.23606797749979
1356, 6, 442, 353, 440, 354, 2, -1, -0.4636476090008061, 2.23606797749979
1356, 7, 582, 139, 581, 140, 1, -1, -0.7853981633974483, 1.4142135623730951
1356, 9, 492, 125, 490, 126, 2, -1, -0.4636476090008061, 2.23606797749979
1356, 12, 598, 368, 597, 369, 1, -1, -0.7853981633974483, 1.4142135623730951
1356, 14, 248, 110, 247, 111, 1, -1, -0.7853981633974483, 1.4142135623730951
1356, 15, 469, 402, 468, 403, 1, -1, -0.7853981633974483, 1.4142135623730951
1356, 17, 365, 405, 364, 406, 1, -1, -0.7853981633974483, 1.4142135623730951
1356, 18, 515, 346, 514, 347, 1, -1, -0.7853981633974483, 1.4142135623730951
1356, 20, 611, 374, 609, 375, 2, -1, -0.4636476090008061, 2.23606797749979
1356, 23, 516, 134, 515, 135, 1, -1, -0.7853981633974483, 1.4142135623730951
1356, 25, 346, 107, 345, 108, 1, -1, -0.7853981633974483, 1.4142135623730951
1356, 26, 477, 354, 476, 355, 1, -1, -0.7853981633974483, 1.4142135623730951
1356, 28, 456, 379, 455, 380, 1, -1, -0.7853981633974483, 1.4142135623730951
1356, 32, 579, 336, 578, 337, 1, -1, -0.7853981633974483, 1.4142135623730951
1356, 37, 510, 100, 508, 100, 2, 0, 0.0, 2.0
1356, 39, 441, 128, 440, 129, 1, -1, -0.7853981633974483, 1.4142135623730951
1357, 0, 526, 130, 524, 131, 2, -1, -0.4636476090008061, 2.23606797749979
1357, 3, 551, 346, 550, 347, 1, -1, -0.7853981633974483, 1.4142135623730951
1357, 5, 237, 132, 237, 134, 0, -2, -1.5707963267948966, 2.0
1357, 6, 444, 353, 442, 353, 2, 0, 0.0, 2.0
1357, 7, 584, 139, 582, 139, 2, 0, 0.0, 2.0
1357, 8, 304, 126, 303, 127, 1, -1, -0.7853981633974483, 1.4142135623730951
1357, 11, 307, 401, 306, 402, 1, -1, -0.7853981633974483, 1.4142135623730951
1357, 12, 599, 367, 598, 368, 1, -1, -0.7853981633974483, 1.4142135623730951
1357, 14, 249, 109, 248, 110, 1, -1, -0.7853981633974483, 1.4142135623730951
1357, 15, 470, 401, 469, 402, 1, -1, -0.7853981633974483, 1.4142135623730951
1357, 18, 516, 345, 515, 346, 1, -1, -0.7853981633974483, 1.4142135623730951
1357, 20, 613, 374, 611, 374, 2, 0, 0.0, 2.0
1357, 21, 392, 125, 390, 125, 2, 0, 0.0, 2.0
1357, 25, 347, 106, 346, 107, 1, -1, -0.7853981633974483, 1.4142135623730951
1357, 28, 458, 378, 456, 379, 2, -1, -0.4636476090008061, 2.23606797749979
1357, 30, 467, 105, 465, 105, 2, 0, 0.0, 2.0
1357, 32, 581, 337, 579, 336, 2, 1, 0.4636476090008061, 2.23606797749979
1357, 33, 573, 143, 571, 144, 2, -1, -0.4636476090008061, 2.23606797749979
1357, 37, 511, 99, 510, 100, 1, -1, -0.7853981633974483, 1.4142135623730951
1357, 38, 532, 380, 530, 380, 2, 0, 0.0, 2.0
1357, 39, 442, 127, 441, 128, 1, -1, -0.7853981633974483, 1.4142135623730951
1358, 1, 455, 122, 454, 123, 1, -1, -0.7853981633974483, 1.4142135623730951
1358, 2, 412, 352, 411, 353, 1, -1, -0.7853981633974483, 1.4142135623730951
1358, 3, 553, 345, 551, 346, 2, -1, -0.4636476090008061, 2.23606797749979
1358, 6, 446, 352, 444, 353, 2, -1, -0.4636476090008061, 2.23606797749979
1358, 7, 586, 139, 584, 139, 2, 0, 0.0, 2.0
1358, 8, 306, 126, 304, 126, 2, 0, 0.0, 2.0
1358, 9, 495, 124, 493, 125, 2, -1, -0.4636476090008061, 2.23606797749979
1358, 11, 308, 400, 307, 401, 1, -1, -0.7853981633974483, 1.4142135623730951
1358, 12, 600, 366, 599, 367, 1, -1, -0.7853981633974483, 1.4142135623730951
1358, 14, 251, 108, 249, 109, 2, -1, -0.4636476090008061, 2.23606797749979
1358, 15, 472, 400, 470, 401, 2, -1, -0.4636476090008061, 2.23606797749979
1358, 18, 518, 344, 516, 345, 2, -1, -0.4636476090008061, 2.23606797749979
1358, 19, 272, 129, 271, 130, 1, -1, -0.7853981633974483, 1.4142135623730951
1358, 20, 614, 373, 613, 374, 1, -1, -0.7853981633974483, 1.4142135623730951
1358, 22, 518, 133, 517, 134, 1, -1, -0.7853981633974483, 1.4142135623730951
1358, 24, 348, 105, 347, 106, 1, -1, -0.7853981633974483, 1.4142135623730951
1358, 25, 479, 353, 478, 354, 1, -1, -0.7853981633974483, 1.4142135623730951
1358, 26, 413, 98, 412, 99, 1, -1, -0.7853981633974483, 1.4142135623730951
1358, 29, 469, 105, 467, 105, 2, 0, 0.0, 2.0
1358, 31, 582, 336, 581, 337, 1, -1, -0.7853981633974483, 1.4142135623730951
1358, 32, 575, 143, 573, 143, 2, 0, 0.0, 2.0
1358, 36, 513, 99, 511, 99, 2, 0, 0.0, 2.0
1358, 37, 533, 379, 532, 380, 1, -1, -0.7853981633974483, 1.4142135623730951
1358, 38, 443, 125, 442, 127, 1, -2, -1.1071487177940904, 2.23606797749979
1359, 0, 529, 130, 527, 130, 2, 0, 0.0, 2.0
1359, 1, 457, 121, 455, 122, 2, -1, -0.4636476090008061, 2.23606797749979
1359, 3, 554, 344, 553, 345, 1, -1, -0.7853981633974483, 1.4142135623730951
1359, 6, 447, 351, 446, 352, 1, -1, -0.7853981633974483, 1.4142135623730951
1359, 7, 588, 140, 586, 139, 2, 1, 0.4636476090008061, 2.23606797749979
1359, 8, 307, 125, 306, 126, 1, -1, -0.7853981633974483, 1.4142135623730951
1359, 9, 497, 123, 495, 124, 2, -1, -0.4636476090008061, 2.23606797749979
1359, 14, 252, 107, 251, 108, 1, -1, -0.7853981633974483, 1.4142135623730951
1359, 15, 474, 399, 472, 400, 2, -1, -0.4636476090008061, 2.23606797749979
1359, 16, 403, 407, 402, 408, 1, -1, -0.7853981633974483, 1.4142135623730951
1359, 17, 369, 405, 367, 405, 2, 0, 0.0, 2.0
1359, 18, 521, 344, 518, 344, 3, 0, 0.0, 3.0
1359, 19, 273, 128, 272, 129, 1, -1, -0.7853981633974483, 1.4142135623730951
1359, 20, 615, 372, 614, 373, 1, -1, -0.7853981633974483, 1.4142135623730951
1359, 21, 394, 124, 393, 125, 1, -1, -0.7853981633974483, 1.4142135623730951
1359, 24, 349, 104, 348, 105, 1, -1, -0.7853981633974483, 1.4142135623730951
1359, 26, 414, 97, 413, 98, 1, -1, -0.7853981633974483, 1.4142135623730951
1359, 28, 321, 100, 320, 101, 1, -1, -0.7853981633974483, 1.4142135623730951
1359, 29, 471, 105, 469, 105, 2, 0, 0.0, 2.0
1359, 31, 583, 335, 582, 336, 1, -1, -0.7853981633974483, 1.4142135623730951
1359, 36, 514, 98, 513, 99, 1, -1, -0.7853981633974483, 1.4142135623730951
1359, 37, 534, 378, 533, 379, 1, -1, -0.7853981633974483, 1.4142135623730951
1359, 38, 444, 123, 443, 125, 1, -2, -1.1071487177940904, 2.23606797749979
1360, 0, 529, 130, 527, 131, 2, -1, -0.4636476090008061, 2.23606797749979
1360, 1, 458, 124, 456, 124, 2, 0, 0.0, 2.0
1360, 3, 554, 348, 552, 348, 2, 0, 0.0, 2.0
1360, 10, 414, 345, 412, 346, 2, -1, -0.4636476090008061, 2.23606797749979
1360, 11, 304, 122, 303, 123, 1, -1, -0.7853981633974483, 1.4142135623730951
1360, 13, 312, 409, 311, 410, 1, -1, -0.7853981633974483, 1.4142135623730951
1360, 14, 349, 106, 348, 107, 1, -1, -0.7853981633974483, 1.4142135623730951
1360, 15, 404, 408, 403, 409, 1, -1, -0.7853981633974483, 1.4142135623730951
1360, 16, 251, 109, 250, 110, 1, -1, -0.7853981633974483, 1.4142135623730951
1360, 18, 241, 133, 240, 135, 1, -2, -1.1071487177940904, 2.23606797749979
1360, 19, 368, 404, 367, 405, 1, -1, -0.7853981633974483, 1.4142135623730951
1360, 20, 460, 380, 458, 381, 2, -1, -0.4636476090008061, 2.23606797749979
1360, 21, 474, 402, 472, 403, 2, -1, -0.4636476090008061, 2.23606797749979
1360, 23, 533, 379, 532, 380, 1, -1, -0.7853981633974483, 1.4142135623730951
1360, 24, 587, 142, 585, 142, 2, 0, 0.0, 2.0
1360, 28, 415, 100, 414, 101, 1, -1, -0.7853981633974483, 1.4142135623730951
1360, 31, 520, 347, 518, 348, 2, -1, -0.4636476090008061, 2.23606797749979
1360, 32, 270, 124, 269, 125, 1, -1, -0.7853981633974483, 1.4142135623730951
1360, 36, 510, 134, 506, 135, 4, -1, -0.24497866312686414, 4.123105625617661
1361, 0, 531, 130, 529, 130, 2, 0, 0.0, 2.0
1361, 1, 460, 124, 458, 124, 2, 0, 0.0, 2.0
1361, 2, 416, 354, 414, 354, 2, 0, 0.0, 2.0
1361, 3, 556, 347, 554, 348, 2, -1, -0.4636476090008061, 2.23606797749979
1361, 6, 497, 125, 495, 126, 2, -1, -0.4636476090008061, 2.23606797749979
1361, 7, 257, 315, 258, 314, -1, 1, 2.356194490192345, 1.4142135623730951
1361, 11, 305, 121, 304, 122, 1, -1, -0.7853981633974483, 1.4142135623730951
1361, 15, 405, 407, 404, 408, 1, -1, -0.7853981633974483, 1.4142135623730951
1361, 16, 252, 108, 251, 109, 1, -1, -0.7853981633974483, 1.4142135623730951
1361, 21, 476, 401, 474, 402, 2, -1, -0.4636476090008061, 2.23606797749979
1361, 23, 534, 378, 533, 379, 1, -1, -0.7853981633974483, 1.4142135623730951
1361, 24, 589, 142, 587, 142, 2, 0, 0.0, 2.0
1361, 27, 395, 124, 394, 125, 1, -1, -0.7853981633974483, 1.4142135623730951
1361, 28, 417, 99, 415, 100, 2, -1, -0.4636476090008061, 2.23606797749979
1361, 29, 269, 132, 268, 133, 1, -1, -0.7853981633974483, 1.4142135623730951
1361, 31, 522, 347, 520, 347, 2, 0, 0.0, 2.0
1361, 32, 271, 123, 270, 124, 1, -1, -0.7853981633974483, 1.4142135623730951
1361, 33, 604, 365, 603, 366, 1, -1, -0.7853981633974483, 1.4142135623730951
1361, 35, 242, 367, 241, 368, 1, -1, -0.7853981633974483, 1.4142135623730951
1361, 36, 516, 133, 510, 134, 6, -1, -0.16514867741462683, 6.082762530298219
1362, 0, 533, 130, 531, 130, 2, 0, 0.0, 2.0
1362, 1, 462, 124, 460, 124, 2, 0, 0.0, 2.0
1362, 3, 558, 347, 556, 347, 2, 0, 0.0, 2.0
1362, 8, 447, 352, 446, 353, 1, -1, -0.7853981633974483, 1.4142135623730951
1362, 9, 400, 397, 399, 398, 1, -1, -0.7853981633974483, 1.4142135623730951
1362, 13, 313, 407, 312, 408, 1, -1, -0.7853981633974483, 1.4142135623730951
1362, 14, 350, 105, 349, 106, 1, -1, -0.7853981633974483, 1.4142135623730951
1362, 16, 253, 107, 252, 108, 1, -1, -0.7853981633974483, 1.4142135623730951
1362, 19, 370, 403, 369, 404, 1, -1, -0.7853981633974483, 1.4142135623730951
1362, 21, 477, 400, 476, 401, 1, -1, -0.7853981633974483, 1.4142135623730951
1362, 23, 535, 377, 534, 378, 1, -1, -0.7853981633974483, 1.4142135623730951
1362, 27, 396, 123, 395, 124, 1, -1, -0.7853981633974483, 1.4142135623730951
1362, 28, 419, 98, 417, 99, 2, -1, -0.4636476090008061, 2.23606797749979
1362, 29, 270, 131, 269, 132, 1, -1, -0.7853981633974483, 1.4142135623730951
1362, 31, 524, 346, 522, 347, 2, -1, -0.4636476090008061, 2.23606797749979
1362, 32, 272, 122, 271, 123, 1, -1, -0.7853981633974483, 1.4142135623730951
1362, 35, 243, 366, 242, 367, 1, -1, -0.7853981633974483, 1.4142135623730951
1362, 36, 518, 134, 516, 133, 2, 1, 0.4636476090008061, 2.23606797749979
1363, 0, 536, 130, 533, 130, 3, 0, 0.0, 3.0
1363, 1, 464, 124, 462, 124, 2, 0, 0.0, 2.0
1363, 2, 420, 354, 417, 354, 3, 0, 0.0, 3.0
1363, 3, 559, 346, 558, 347, 1, -1, -0.7853981633974483, 1.4142135623730951
1363, 4, 216, 349, 217, 348, -1, 1, 2.356194490192345, 1.4142135623730951
1363, 6, 499, 124, 498, 125, 1, -1, -0.7853981633974483, 1.4142135623730951
1363, 8, 448, 351, 447, 352, 1, -1, -0.7853981633974483, 1.4142135623730951
1363, 9, 401, 396, 400, 397, 1, -1, -0.7853981633974483, 1.4142135623730951
1363, 12, 527, 370, 526, 371, 1, -1, -0.7853981633974483, 1.4142135623730951
1363, 13, 314, 406, 313, 407, 1, -1, -0.7853981633974483, 1.4142135623730951
1363, 14, 351, 104, 350, 105, 1, -1, -0.7853981633974483, 1.4142135623730951
1363, 15, 407, 406, 406, 407, 1, -1, -0.7853981633974483, 1.4142135623730951
1363, 16, 254, 106, 253, 107, 1, -1, -0.7853981633974483, 1.4142135623730951
1363, 19, 371, 402, 370, 403, 1, -1, -0.7853981633974483, 1.4142135623730951
1363, 20, 464, 380, 462, 380, 2, 0, 0.0, 2.0
1363, 21, 478, 399, 477, 400, 1, -1, -0.7853981633974483, 1.4142135623730951
1363, 23, 536, 376, 535, 377, 1, -1, -0.7853981633974483, 1.4142135623730951
1363, 24, 592, 142, 590, 142, 2, 0, 0.0, 2.0
1363, 25, 600, 370, 599, 371, 1, -1, -0.7853981633974483, 1.4142135623730951
1363, 26, 397, 122, 396, 123, 1, -1, -0.7853981633974483, 1.4142135623730951
1363, 27, 421, 98, 419, 98, 2, 0, 0.0, 2.0
1363, 30, 526, 345, 524, 346, 2, -1, -0.4636476090008061, 2.23606797749979
1363, 31, 273, 121, 272, 122, 1, -1, -0.7853981633974483, 1.4142135623730951
1363, 34, 244, 365, 243, 366, 1, -1, -0.7853981633974483, 1.4142135623730951
1363, 35, 520, 134, 518, 134, 2, 0, 0.0, 2.0
1364, 1, 465, 123, 464, 124, 1, -1, -0.7853981633974483, 1.4142135623730951
1364, 2, 421, 353, 420, 354, 1, -1, -0.7853981633974483, 1.4142135623730951
1364, 3, 561, 345, 559, 346, 2, -1, -0.4636476090008061, 2.23606797749979
1364, 6, 501, 124, 499, 124, 2, 0, 0.0, 2.0
1364, 8, 449, 350, 448, 351, 1, -1, -0.7853981633974483, 1.4142135623730951
1364, 9, 402, 395, 401, 396, 1, -1, -0.7853981633974483, 1.4142135623730951
1364, 11, 528, 369, 527, 370, 1, -1, -0.7853981633974483, 1.4142135623730951
1364, 13, 352, 103, 351, 104, 1, -1, -0.7853981633974483, 1.4142135623730951
1364, 14, 408, 405, 407, 406, 1, -1, -0.7853981633974483, 1.4142135623730951
1364, 15, 255, 105, 254, 106, 1, -1, -0.7853981633974483, 1.4142135623730951
1364, 18, 372, 401, 371, 402, 1, -1, -0.7853981633974483, 1.4142135623730951
1364, 19, 467, 378, 464, 380, 3, -2, -0.5880026035475675, 3.605551275463989
1364, 20, 479, 397, 478, 399, 1, -2, -1.1071487177940904, 2.23606797749979
1364, 21, 311, 396, 310, 397, 1, -1, -0.7853981633974483, 1.4142135623730951
1364, 22, 537, 375, 536, 376, 1, -1, -0.7853981633974483, 1.4142135623730951
1364, 23, 596, 140, 592, 142, 4, -2, -0.4636476090008061, 4.47213595499958
1364, 24, 602, 369, 600, 370, 2, -1, -0.4636476090008061, 2.23606797749979
1364, 25, 398, 121, 397, 122, 1, -1, -0.7853981633974483, 1.4142135623730951
1364, 26, 422, 97, 421, 98, 1, -1, -0.7853981633974483, 1.4142135623730951
1364, 27, 272, 130, 271, 131, 1, -1, -0.7853981633974483, 1.4142135623730951
1364, 29, 528, 344, 526, 345, 2, -1, -0.4636476090008061, 2.23606797749979
1364, 30, 275, 121, 273, 121, 2, 0, 0.0, 2.0
1365, 1, 419, 354, 418, 355, 1, -1, -0.7853981633974483, 1.4142135623730951
1365, 5, 558, 346, 557, 347, 1, -1, -0.7853981633974483, 1.4142135623730951
1365, 6, 308, 123, 306, 124, 2, -1, -0.4636476090008061, 2.23606797749979
1365, 7, 530, 370, 528, 371, 2, -1, -0.4636476090008061, 2.23606797749979
1365, 8, 502, 125, 499, 126, 3, -1, -0.3217505543966422, 3.1622776601683795
1365, 9, 408, 407, 407, 408, 1, -1, -0.7853981633974483, 1.4142135623730951
1365, 11, 314, 403, 313, 404, 1, -1, -0.7853981633974483, 1.4142135623730951
1365, 12, 580, 145, 579, 146, 1, -1, -0.7853981633974483, 1.4142135623730951
1365, 13, 608, 365, 607, 366, 1, -1, -0.7853981633974483, 1.4142135623730951
1365, 15, 452, 352, 450, 353, 2, -1, -0.4636476090008061, 2.23606797749979
1365, 17, 604, 371, 602, 372, 2, -1, -0.4636476090008061, 2.23606797749979
1365, 19, 353, 106, 351, 107, 2, -1, -0.4636476090008061, 2.23606797749979
1365, 20, 247, 366, 246, 367, 1, -1, -0.7853981633974483, 1.4142135623730951
1365, 21, 479, 403, 477, 404, 2, -1, -0.4636476090008061, 2.23606797749979
1365, 23, 421, 99, 420, 100, 1, -1, -0.7853981633974483, 1.4142135623730951
1365, 24, 439, 393, 436, 393, 3, 0, 0.0, 3.0
1365, 25, 526, 347, 524, 348, 2, -1, -0.4636476090008061, 2.23606797749979
1365, 27, 481, 72, 480, 73, 1, -1, -0.7853981633974483, 1.4142135623730951
1365, 30, 254, 109, 253, 110, 1, -1, -0.7853981633974483, 1.4142135623730951
1365, 31, 413, 347, 412, 348, 1, -1, -0.7853981633974483, 1.4142135623730951
1365, 34, 287, 371, 286, 372, 1, -1, -0.7853981633974483, 1.4142135623730951
1365, 38, 486, 353, 484, 354, 2, -1, -0.4636476090008061, 2.23606797749979
1365, 39, 604, 405, 602, 406, 2, -1, -0.4636476090008061, 2.23606797749979
1365, 40, 257, 385, 256, 386, 1, -1, -0.7853981633974483, 1.4142135623730951
1366, 1, 420, 353, 419, 354, 1, -1, -0.7853981633974483, 1.4142135623730951
1366, 5, 559, 345, 558, 346, 1, -1, -0.7853981633974483, 1.4142135623730951
1366, 6, 310, 122, 308, 123, 2, -1, -0.4636476090008061, 2.23606797749979
1366, 7, 532, 369, 530, 370, 2, -1, -0.4636476090008061, 2.23606797749979
1366, 9, 410, 406, 408, 407, 2, -1, -0.4636476090008061, 2.23606797749979
1366, 11, 315, 402, 314, 403, 1, -1, -0.7853981633974483, 1.4142135623730951
1366, 12, 581, 144, 580, 145, 1, -1, -0.7853981633974483, 1.4142135623730951
1366, 16, 240, 131, 239, 132, 1, -1, -0.7853981633974483, 1.4142135623730951
1366, 17, 606, 370, 604, 371, 2, -1, -0.4636476090008061, 2.23606797749979
1366, 19, 354, 105, 353, 106, 1, -1, -0.7853981633974483, 1.4142135623730951
1366, 20, 248, 365, 247, 366, 1, -1, -0.7853981633974483, 1.4142135623730951
1366, 21, 480, 402, 479, 403, 1, -1, -0.7853981633974483, 1.4142135623730951
1366, 24, 442, 394, 439, 393, 3, 1, 0.3217505543966422, 3.1622776601683795
1366, 25, 527, 346, 526, 347, 1, -1, -0.7853981633974483, 1.4142135623730951
1366, 26, 595, 141, 593, 141, 2, 0, 0.0, 2.0
1366, 28, 329, 101, 328, 102, 1, -1, -0.7853981633974483, 1.4142135623730951
1366, 29, 403, 399, 402, 400, 1, -1, -0.7853981633974483, 1.4142135623730951
1366, 30, 255, 108, 254, 109, 1, -1, -0.7853981633974483, 1.4142135623730951
1366, 31, 414, 346, 413, 347, 1, -1, -0.7853981633974483, 1.4142135623730951
1366, 32, 467, 381, 465, 381, 2, 0, 0.0, 2.0
1366, 34, 288, 370, 287, 371, 1, -1, -0.7853981633974483, 1.4142135623730951
1366, 35, 372, 405, 371, 406, 1, -1, -0.7853981633974483, 1.4142135623730951
1366, 38, 488, 352, 486, 353, 2, -1, -0.4636476090008061, 2.23606797749979
1366, 39, 605, 404, 604, 405, 1, -1, -0.7853981633974483, 1.4142135623730951
1366, 40, 258, 384, 257, 385, 1, -1, -0.7853981633974483, 1.4142135623730951
1367, 4, 561, 344, 559, 345, 2, -1, -0.4636476090008061, 2.23606797749979
1367, 8, 411, 405, 410, 406, 1, -1, -0.7853981633974483, 1.4142135623730951
1367, 10, 316, 401, 315, 402, 1, -1, -0.7853981633974483, 1.4142135623730951
1367, 11, 582, 143, 581, 144, 1, -1, -0.7853981633974483, 1.4142135623730951
1367, 14, 455, 351, 453, 352, 2, -1, -0.4636476090008061, 2.23606797749979
1367, 16, 608, 369, 606, 370, 2, -1, -0.4636476090008061, 2.23606797749979
1367, 17, 355, 104, 354, 105, 1, -1, -0.7853981633974483, 1.4142135623730951
1367, 19, 482, 402, 480, 402, 2, 0, 0.0, 2.0
1367, 21, 422, 98, 421, 99, 1, -1, -0.7853981633974483, 1.4142135623730951
1367, 22, 444, 394, 442, 394, 2, 0, 0.0, 2.0
1367, 23, 529, 345, 527, 346, 2, -1, -0.4636476090008061, 2.23606797749979
1367, 26, 330, 100, 329, 101, 1, -1, -0.7853981633974483, 1.4142135623730951
1367, 27, 405, 398, 403, 399, 2, -1, -0.4636476090008061, 2.23606797749979
1367, 30, 469, 381, 467, 381, 2, 0, 0.0, 2.0
1367, 32, 289, 369, 288, 370, 1, -1, -0.7853981633974483, 1.4142135623730951
1367, 33, 374, 405, 372, 405, 2, 0, 0.0, 2.0
1367, 36, 490, 351, 488, 352, 2, -1, -0.4636476090008061, 2.23606797749979
1367, 37, 606, 403, 605, 404, 1, -1, -0.7853981633974483, 1.4142135623730951
1367, 38, 260, 384, 258, 384, 2, 0, 0.0, 2.0
1368, 4, 562, 343, 561, 344, 1, -1, -0.7853981633974483, 1.4142135623730951
1368, 8, 412, 404, 411, 405, 1, -1, -0.7853981633974483, 1.4142135623730951
1368, 9, 457, 95, 456, 96, 1, -1, -0.7853981633974483, 1.4142135623730951
1368, 10, 317, 400, 316, 401, 1, -1, -0.7853981633974483, 1.4142135623730951
1368, 11, 583, 142, 582, 143, 1, -1, -0.7853981633974483, 1.4142135623730951
1368, 14, 457, 350, 455, 351, 2, -1, -0.4636476090008061, 2.23606797749979
1368, 17, 356, 103, 355, 104, 1, -1, -0.7853981633974483, 1.4142135623730951
1368, 23, 530, 344, 529, 345, 1, -1, -0.7853981633974483, 1.4142135623730951
1368, 27, 407, 397, 405, 398, 2, -1, -0.4636476090008061, 2.23606797749979
1368, 32, 290, 368, 289, 369, 1, -1, -0.7853981633974483, 1.4142135623730951
1368, 36, 492, 350, 490, 351, 2, -1, -0.4636476090008061, 2.23606797749979
1368, 37, 608, 402, 606, 403, 2, -1, -0.4636476090008061, 2.23606797749979
1368, 38, 262, 383, 260, 384, 2, -1, -0.4636476090008061, 2.23606797749979
1369, 1, 423, 352, 422, 353, 1, -1, -0.7853981633974483, 1.4142135623730951
1369, 2, 468, 124, 466, 125, 2, -1, -0.4636476090008061, 2.23606797749979
1369, 5, 312, 121, 311, 122, 1, -1, -0.7853981633974483, 1.4142135623730951
1369, 6, 535, 368, 533, 369, 2, -1, -0.4636476090008061, 2.23606797749979
1369, 8, 413, 403, 412, 404, 1, -1, -0.7853981633974483, 1.4142135623730951
1369, 10, 318, 399, 317, 400, 1, -1, -0.7853981633974483, 1.4142135623730951
1369, 11, 585, 141, 583, 142, 2, -1, -0.4636476090008061, 2.23606797749979
1369, 12, 612, 364, 611, 365, 1, -1, -0.7853981633974483, 1.4142135623730951
1369, 13, 459, 349, 457, 350, 2, -1, -0.4636476090008061, 2.23606797749979
1369, 14, 241, 128, 240, 129, 1, -1, -0.7853981633974483, 1.4142135623730951
1369, 15, 611, 368, 609, 369, 2, -1, -0.4636476090008061, 2.23606797749979
1369, 16, 357, 102, 356, 103, 1, -1, -0.7853981633974483, 1.4142135623730951
1369, 21, 446, 395, 444, 394, 2, 1, 0.4636476090008061, 2.23606797749979
1369, 22, 532, 344, 530, 344, 2, 0, 0.0, 2.0
1369, 24, 485, 71, 484, 72, 1, -1, -0.7853981633974483, 1.4142135623730951
1369, 25, 332, 99, 331, 100, 1, -1, -0.7853981633974483, 1.4142135623730951
1369, 26, 408, 396, 407, 397, 1, -1, -0.7853981633974483, 1.4142135623730951
1369, 28, 416, 345, 415, 346, 1, -1, -0.7853981633974483, 1.4142135623730951
1369, 29, 472, 380, 470, 381, 2, -1, -0.4636476090008061, 2.23606797749979
1369, 35, 493, 349, 492, 350, 1, -1, -0.7853981633974483, 1.4142135623730951
1369, 36, 609, 401, 608, 402, 1, -1, -0.7853981633974483, 1.4142135623730951
1369, 37, 266, 383, 262, 383, 4, 0, 0.0, 4.0
1369, 38, 594, 334, 592, 334, 2, 0, 0.0, 2.0
1370, 0, 423, 354, 422, 355, 1, -1, -0.7853981633974483, 1.4142135623730951
1370, 1, 539, 132, 537, 133, 2, -1, -0.4636476090008061, 2.23606797749979
1370, 2, 468, 124, 466, 125, 2, -1, -0.4636476090008061, 2.23606797749979
1370, 4, 456, 353, 454, 353, 2, 0, 0.0, 2.0
1370, 13, 312, 124, 310, 124, 2, 0, 0.0, 2.0
1370, 14, 418, 349, 416, 349, 2, 0, 0.0, 2.0
1370, 16, 411, 397, 409, 397, 2, 0, 0.0, 2.0
1370, 17, 257, 112, 256, 113, 1, -1, -0.7853981633974483, 1.4142135623730951
1370, 18, 506, 126, 504, 126, 2, 0, 0.0, 2.0
1370, 19, 412, 407, 411, 408, 1, -1, -0.7853981633974483, 1.4142135623730951
1370, 21, 277, 131, 276, 132, 1, -1, -0.7853981633974483, 1.4142135623730951
1370, 24, 425, 99, 424, 100, 1, -1, -0.7853981633974483, 1.4142135623730951
1370, 29, 586, 145, 584, 146, 2, -1, -0.4636476090008061, 2.23606797749979
1370, 32, 530, 345, 529, 346, 1, -1, -0.7853981633974483, 1.4142135623730951
1370, 33, 598, 143, 596, 143, 2, 0, 0.0, 2.0
1370, 37, 386, 103, 385, 104, 1, -1, -0.7853981633974483, 1.4142135623730951
1370, 39, 471, 380, 469, 380, 2, 0, 0.0, 2.0
1370, 41, 333, 105, 332, 106, 1, -1, -0.7853981633974483, 1.4142135623730951
1371, 0, 424, 353, 423, 354, 1, -1, -0.7853981633974483, 1.4142135623730951
1371, 1, 541, 131, 539, 132, 2, -1, -0.4636476090008061, 2.23606797749979
1371, 2, 469, 123, 468, 124, 1, -1, -0.7853981633974483, 1.4142135623730951
1371, 4, 458, 353, 456, 353, 2, 0, 0.0, 2.0
1371, 8, 357, 104, 356, 105, 1, -1, -0.7853981633974483, 1.4142135623730951
1371, 10, 563, 346, 561, 346, 2, 0, 0.0, 2.0
1371, 14, 419, 348, 418, 349, 1, -1, -0.7853981633974483, 1.4142135623730951
1371, 17, 258, 111, 257, 112, 1, -1, -0.7853981633974483, 1.4142135623730951
1371, 19, 414, 406, 412, 407, 2, -1, -0.4636476090008061, 2.23606797749979
1371, 21, 278, 130, 277, 131, 1, -1, -0.7853981633974483, 1.4142135623730951
1371, 26, 575, 380, 573, 380, 2, 0, 0.0, 2.0
1371, 27, 281, 125, 279, 125, 2, 0, 0.0, 2.0
1371, 28, 290, 102, 289, 103, 1, -1, -0.7853981633974483, 1.4142135623730951
1371, 29, 588, 144, 586, 145, 2, -1, -0.4636476090008061, 2.23606797749979
1371, 30, 232, 345, 234, 345, -2, 0, 3.141592653589793, 2.0
1371, 32, 532, 341, 530, 345, 2, -4, -1.1071487177940904, 4.47213595499958
1371, 33, 600, 142, 598, 143, 2, -1, -0.4636476090008061, 2.23606797749979
1371, 39, 474, 379, 471, 380, 3, -1, -0.3217505543966422, 3.1622776601683795
1372, 0, 426, 352, 424, 353, 2, -1, -0.4636476090008061, 2.23606797749979
1372, 1, 543, 130, 541, 131, 2, -1, -0.4636476090008061, 2.23606797749979
1372, 2, 471, 121, 469, 123, 2, -2, -0.7853981633974483, 2.8284271247461903
1372, 4, 460, 353, 458, 353, 2, 0, 0.0, 2.0
1372, 6, 321, 407, 320, 408, 1, -1, -0.7853981633974483, 1.4142135623730951
1372, 7, 358, 103, 357, 104, 1, -1, -0.7853981633974483, 1.4142135623730951
1372, 8, 320, 401, 319, 402, 1, -1, -0.7853981633974483, 1.4142135623730951
1372, 13, 421, 347, 419, 348, 2, -1, -0.4636476090008061, 2.23606797749979
1372, 14, 413, 396, 412, 397, 1, -1, -0.7853981633974483, 1.4142135623730951
1372, 15, 259, 110, 258, 111, 1, -1, -0.7853981633974483, 1.4142135623730951
1372, 17, 415, 405, 414, 406, 1, -1, -0.7853981633974483, 1.4142135623730951
1372, 19, 280, 129, 278, 130, 2, -1, -0.4636476090008061, 2.23606797749979
1372, 22, 427, 98, 425, 98, 2, 0, 0.0, 2.0
1372, 27, 591, 143, 588, 144, 3, -1, -0.3217505543966422, 3.1622776601683795
1372, 28, 230, 345, 232, 345, -2, 0, 3.141592653589793, 2.0
1372, 30, 533, 340, 532, 341, 1, -1, -0.7853981633974483, 1.4142135623730951
1372, 31, 602, 142, 600, 142, 2, 0, 0.0, 2.0
1372, 33, 487, 73, 486, 74, 1, -1, -0.7853981633974483, 1.4142135623730951
1372, 35, 388, 102, 387, 103, 1, -1, -0.7853981633974483, 1.4142135623730951
1372, 37, 476, 379, 474, 379, 2, 0, 0.0, 2.0
1373, 0, 428, 351, 426, 352, 2, -1, -0.4636476090008061, 2.23606797749979
1373, 1, 545, 129, 543, 130, 2, -1, -0.4636476090008061, 2.23606797749979
1373, 2, 473, 120, 471, 121, 2, -1, -0.4636476090008061, 2.23606797749979
1373, 5, 242, 126, 241, 128, 1, -2, -1.1071487177940904, 2.23606797749979
1373, 7, 359, 102, 358, 103, 1, -1, -0.7853981633974483, 1.4142135623730951
1373, 8, 321, 400, 320, 401, 1, -1, -0.7853981633974483, 1.4142135623730951
1373, 12, 315, 123, 314, 124, 1, -1, -0.7853981633974483, 1.4142135623730951
1373, 13, 423, 347, 421, 347, 2, 0, 0.0, 2.0
1373, 16, 509, 125, 508, 126, 1, -1, -0.7853981633974483, 1.4142135623730951
1373, 19, 282, 129, 280, 129, 2, 0, 0.0, 2.0
1373, 25, 286, 124, 282, 125, 4, -1, -0.24497866312686414, 4.123105625617661
1373, 27, 593, 143, 591, 143, 2, 0, 0.0, 2.0
1373, 28, 228, 344, 230, 345, -2, -1, -2.677945044588987, 2.23606797749979
1373, 31, 604, 141, 602, 142, 2, -1, -0.4636476090008061, 2.23606797749979
1373, 32, 290, 374, 289, 375, 1, -1, -0.7853981633974483, 1.4142135623730951
1373, 34, 243, 350, 241, 349, 2, 1, 0.4636476090008061, 2.23606797749979
1373, 37, 478, 379, 476, 379, 2, 0, 0.0, 2.0
1373, 40, 611, 404, 610, 405, 1, -1, -0.7853981633974483, 1.4142135623730951
1374, 0, 429, 350, 428, 351, 1, -1, -0.7853981633974483, 1.4142135623730951
1374, 1, 547, 128, 545, 129, 2, -1, -0.4636476090008061, 2.23606797749979
1374, 2, 475, 119, 473, 120, 2, -1, -0.4636476090008061, 2.23606797749979
1374, 5, 323, 406, 322, 407, 1, -1, -0.7853981633974483, 1.4142135623730951
1374, 8, 566, 345, 565, 346, 1, -1, -0.7853981633974483, 1.4142135623730951
1374, 12, 425, 346, 423, 347, 2, -1, -0.4636476090008061, 2.23606797749979
1374, 13, 414, 395, 413, 396, 1, -1, -0.7853981633974483, 1.4142135623730951
1374, 16, 416, 404, 415, 405, 1, -1, -0.7853981633974483, 1.4142135623730951
1374, 22, 488, 403, 486, 403, 2, 0, 0.0, 2.0
1374, 24, 287, 123, 286, 124, 1, -1, -0.7853981633974483, 1.4142135623730951
1374, 26, 595, 143, 593, 143, 2, 0, 0.0, 2.0
1374, 27, 226, 343, 228, 344, -2, -1, -2.677945044588987, 2.23606797749979
1374, 28, 380, 405, 379, 406, 1, -1, -0.7853981633974483, 1.4142135623730951
1374, 29, 536, 340, 534, 340, 2, 0, 0.0, 2.0
1374, 30, 605, 140, 604, 141, 1, -1, -0.7853981633974483, 1.4142135623730951
1374, 31, 291, 373, 290, 374, 1, -1, -0.7853981633974483, 1.4142135623730951
1374, 34, 390, 101, 389, 102, 1, -1, -0.7853981633974483, 1.4142135623730951
1374, 35, 408, 126, 406, 126, 2, 0, 0.0, 2.0
1374, 36, 479, 377, 478, 379, 1, -2, -1.1071487177940904, 2.23606797749979
1374, 37, 335, 103, 334, 104, 1, -1, -0.7853981633974483, 1.4142135623730951
1374, 38, 613, 404, 611, 404, 2, 0, 0.0, 2.0
1375, 0, 544, 131, 543, 132, 1, -1, -0.7853981633974483, 1.4142135623730951
1375, 1, 472, 123, 471, 124, 1, -1, -0.7853981633974483, 1.4142135623730951
1375, 2, 428, 353, 427, 354, 1, -1, -0.7853981633974483, 1.4142135623730951
1375, 8, 460, 353, 459, 354, 1, -1, -0.7853981633974483, 1.4142135623730951
1375, 12, 361, 105, 360, 106, 1, -1, -0.7853981633974483, 1.4142135623730951
1375, 14, 416, 406, 415, 407, 1, -1, -0.7853981633974483, 1.4142135623730951
1375, 20, 476, 379, 474, 380, 2, -1, -0.4636476090008061, 2.23606797749979
1375, 22, 495, 351, 494, 352, 1, -1, -0.7853981633974483, 1.4142135623730951
1375, 25, 323, 408, 322, 409, 1, -1, -0.7853981633974483, 1.4142135623730951
1375, 26, 536, 345, 534, 345, 2, 0, 0.0, 2.0
1375, 28, 333, 104, 332, 105, 1, -1, -0.7853981633974483, 1.4142135623730951
1375, 31, 610, 333, 608, 334, 2, -1, -0.4636476090008061, 2.23606797749979
1375, 32, 414, 397, 413, 398, 1, -1, -0.7853981633974483, 1.4142135623730951
1375, 34, 248, 137, 247, 138, 1, -1, -0.7853981633974483, 1.4142135623730951
1375, 35, 290, 373, 289, 374, 1, -1, -0.7853981633974483, 1.4142135623730951
1375, 38, 599, 335, 598, 336, 1, -1, -0.7853981633974483, 1.4142135623730951
1376, 0, 546, 130, 544, 131, 2, -1, -0.4636476090008061, 2.23606797749979
1376, 1, 473, 122, 472, 123, 1, -1, -0.7853981633974483, 1.4142135623730951
1376, 8, 461, 352, 460, 353, 1, -1, -0.7853981633974483, 1.4142135623730951
1376, 9, 569, 346, 568, 347, 1, -1, -0.7853981633974483, 1.4142135623730951
1376, 10, 512, 127, 510, 127, 2, 0, 0.0, 2.0
1376, 11, 261, 338, 260, 337, 1, 1, 0.7853981633974483, 1.4142135623730951
1376, 12, 362, 104, 361, 105, 1, -1, -0.7853981633974483, 1.4142135623730951
1376, 15, 264, 110, 262, 110, 2, 0, 0.0, 2.0
1376, 19, 488, 403, 487, 404, 1, -1, -0.7853981633974483, 1.4142135623730951
1376, 20, 478, 378, 476, 379, 2, -1, -0.4636476090008061, 2.23606797749979
1376, 21, 382, 405, 381, 406, 1, -1, -0.7853981633974483, 1.4142135623730951
1376, 22, 496, 350, 495, 351, 1, -1, -0.7853981633974483, 1.4142135623730951
1376, 23, 615, 366, 614, 367, 1, -1, -0.7853981633974483, 1.4142135623730951
1376, 26, 538, 345, 536, 345, 2, 0, 0.0, 2.0
1376, 27, 619, 152, 615, 153, 4, -1, -0.24497866312686414, 4.123105625617661
1376, 29, 392, 105, 391, 106, 1, -1, -0.7853981633974483, 1.4142135623730951
1376, 30, 592, 146, 590, 146, 2, 0, 0.0, 2.0
1376, 32, 415, 396, 414, 397, 1, -1, -0.7853981633974483, 1.4142135623730951
1376, 34, 249, 136, 248, 137, 1, -1, -0.7853981633974483, 1.4142135623730951
1376, 35, 292, 372, 290, 373, 2, -1, -0.4636476090008061, 2.23606797749979
1376, 37, 584, 384, 583, 385, 1, -1, -0.7853981633974483, 1.4142135623730951
1376, 38, 601, 334, 599, 335, 2, -1, -0.4636476090008061, 2.23606797749979
1377, 1, 474, 121, 473, 122, 1, -1, -0.7853981633974483, 1.4142135623730951
1377, 2, 430, 352, 429, 353, 1, -1, -0.7853981633974483, 1.4142135623730951
1377, 4, 244, 125, 244, 127, 0, -2, -1.5707963267948966, 2.0
1377, 8, 570, 345, 569, 346, 1, -1, -0.7853981633974483, 1.4142135623730951
1377, 11, 363, 103, 362, 104, 1, -1, -0.7853981633974483, 1.4142135623730951
1377, 12, 535, 368, 534, 369, 1, -1, -0.7853981633974483, 1.4142135623730951
1377, 13, 418, 405, 417, 406, 1, -1, -0.7853981633974483, 1.4142135623730951
1377, 14, 268, 108, 264, 110, 4, -2, -0.4636476090008061, 4.47213595499958
1377, 17, 489, 109, 487, 110, 2, -1, -0.4636476090008061, 2.23606797749979
1377, 18, 491, 402, 488, 403, 3, -1, -0.3217505543966422, 3.1622776601683795
1377, 19, 480, 377, 478, 378, 2, -1, -0.4636476090008061, 2.23606797749979
1377, 21, 497, 349, 496, 350, 1, -1, -0.7853981633974483, 1.4142135623730951
1377, 22, 616, 365, 615, 366, 1, -1, -0.7853981633974483, 1.4142135623730951
1377, 24, 324, 406, 323, 407, 1, -1, -0.7853981633974483, 1.4142135623730951
1377, 25, 540, 344, 538, 345, 2, -1, -0.4636476090008061, 2.23606797749979
1377, 29, 594, 146, 592, 146, 2, 0, 0.0, 2.0
1377, 30, 612, 332, 611, 333, 1, -1, -0.7853981633974483, 1.4142135623730951
1377, 31, 416, 395, 415, 396, 1, -1, -0.7853981633974483, 1.4142135623730951
1377, 33, 250, 135, 249, 136, 1, -1, -0.7853981633974483, 1.4142135623730951
1377, 35, 410, 126, 407, 126, 3, 0, 0.0, 3.0
1377, 37, 603, 333, 601, 334, 2, -1, -0.4636476090008061, 2.23606797749979
1378, 1, 475, 120, 474, 121, 1, -1, -0.7853981633974483, 1.4142135623730951
1378, 4, 245, 124, 244, 125, 1, -1, -0.7853981633974483, 1.4142135623730951
1378, 5, 325, 398, 324, 399, 1, -1, -0.7853981633974483, 1.4142135623730951
1378, 7, 463, 353, 462, 352, 1, 1, 0.7853981633974483, 1.4142135623730951
1378, 8, 572, 345, 570, 345, 2, 0, 0.0, 2.0
1378, 12, 537, 366, 535, 368, 2, -2, -0.7853981633974483, 2.8284271247461903
1378, 16, 435, 100, 431, 101, 4, -1, -0.24497866312686414, 4.123105625617661
1378, 19, 482, 376, 480, 377, 2, -1, -0.4636476090008061, 2.23606797749979
1378, 20, 384, 404, 383, 405, 1, -1, -0.7853981633974483, 1.4142135623730951
1378, 21, 498, 348, 497, 349, 1, -1, -0.7853981633974483, 1.4142135623730951
1378, 22, 618, 364, 616, 365, 2, -1, -0.4636476090008061, 2.23606797749979
1378, 25, 541, 343, 540, 344, 1, -1, -0.7853981633974483, 1.4142135623730951
1378, 27, 335, 102, 334, 103, 1, -1, -0.7853981633974483, 1.4142135623730951
1378, 30, 613, 331, 612, 332, 1, -1, -0.7853981633974483, 1.4142135623730951
1378, 31, 417, 394, 416, 395, 1, -1, -0.7853981633974483, 1.4142135623730951
1378, 33, 251, 133, 250, 135, 1, -2, -1.1071487177940904, 2.23606797749979
1378, 35, 411, 125, 410, 126, 1, -1, -0.7853981633974483, 1.4142135623730951
1378, 36, 586, 383, 585, 384, 1, -1, -0.7853981633974483, 1.4142135623730951
1379, 0, 550, 129, 548, 130, 2, -1, -0.4636476090008061, 2.23606797749979
1379, 1, 476, 119, 475, 120, 1, -1, -0.7853981633974483, 1.4142135623730951
1379, 2, 432, 351, 431, 352, 1, -1, -0.7853981633974483, 1.4142135623730951
1379, 4, 327, 397, 325, 398, 2, -1, -0.4636476090008061, 2.23606797749979
1379, 5, 320, 124, 319, 125, 1, -1, -0.7853981633974483, 1.4142135623730951
1379, 8, 516, 127, 514, 127, 2, 0, 0.0, 2.0
1379, 11, 540, 364, 537, 366, 3, -2, -0.5880026035475675, 3.605551275463989
1379, 13, 270, 107, 269, 108, 1, -1, -0.7853981633974483, 1.4142135623730951
1379, 14, 457, 99, 456, 100, 1, -1, -0.7853981633974483, 1.4142135623730951
1379, 16, 492, 109, 490, 109, 2, 0, 0.0, 2.0
1379, 18, 484, 376, 482, 376, 2, 0, 0.0, 2.0
1379, 19, 385, 403, 384, 404, 1, -1, -0.7853981633974483, 1.4142135623730951
1379, 20, 499, 347, 498, 348, 1, -1, -0.7853981633974483, 1.4142135623730951
1379, 21, 620, 363, 618, 364, 2, -1, -0.4636476090008061, 2.23606797749979
1379, 24, 542, 342, 541, 343, 1, -1, -0.7853981633974483, 1.4142135623730951
1379, 25, 618, 151, 620, 152, -2, -1, -2.677945044588987, 2.23606797749979
1379, 28, 597, 146, 595, 146, 2, 0, 0.0, 2.0
1379, 30, 419, 394, 417, 394, 2, 0, 0.0, 2.0
1379, 31, 366, 375, 365, 376, 1, -1, -0.7853981633974483, 1.4142135623730951
1379, 32, 252, 131, 251, 133, 1, -2, -1.1071487177940904, 2.23606797749979
1379, 35, 587, 382, 586, 383, 1, -1, -0.7853981633974483, 1.4142135623730951
1379, 36, 605, 331, 603, 332, 2, -1, -0.4636476090008061, 2.23606797749979
1380, 2, 432, 353, 431, 354, 1, -1, -0.7853981633974483, 1.4142135623730951
1380, 5, 576, 347, 574, 347, 2, 0, 0.0, 2.0
1380, 7, 364, 104, 363, 105, 1, -1, -0.7853981633974483, 1.4142135623730951
1380, 9, 433, 100, 432, 101, 1, -1, -0.7853981633974483, 1.4142135623730951
1380, 10, 298, 102, 297, 103, 1, -1, -0.7853981633974483, 1.4142135623730951
1380, 11, 447, 86, 444, 86, 3, 0, 0.0, 3.0
1380, 18, 620, 365, 618, 366, 2, -1, -0.4636476090008061, 2.23606797749979
1380, 20, 542, 365, 538, 367, 4, -2, -0.4636476090008061, 4.47213595499958
1380, 22, 552, 378, 550, 378, 2, 0, 0.0, 2.0
1380, 25, 325, 407, 324, 408, 1, -1, -0.7853981633974483, 1.4142135623730951
1380, 27, 610, 143, 608, 143, 2, 0, 0.0, 2.0
1380, 29, 539, 138, 538, 139, 1, -1, -0.7853981633974483, 1.4142135623730951
1380, 30, 258, 369, 255, 369, 3, 0, 0.0, 3.0
1380, 31, 414, 393, 411, 395, 3, -2, -0.5880026035475675, 3.605551275463989
1380, 34, 540, 343, 539, 345, 1, -2, -1.1071487177940904, 2.23606797749979
1380, 35, 490, 105, 489, 106, 1, -1, -0.7853981633974483, 1.4142135623730951
1380, 37, 419, 397, 418, 398, 1, -1, -0.7853981633974483, 1.4142135623730951
1380, 38, 544, 371, 543, 372, 1, -1, -0.7853981633974483, 1.4142135623730951
1380, 39, 500, 351, 499, 352, 1, -1, -0.7853981633974483, 1.4142135623730951
1380, 43, 337, 103, 336, 104, 1, -1, -0.7853981633974483, 1.4142135623730951
1381, 4, 578, 347, 576, 347, 2, 0, 0.0, 2.0
1381, 5, 321, 125, 320, 126, 1, -1, -0.7853981633974483, 1.4142135623730951
1381, 6, 365, 103, 364, 104, 1, -1, -0.7853981633974483, 1.4142135623730951
1381, 10, 449, 85, 447, 86, 2, -1, -0.4636476090008061, 2.23606797749979
1381, 11, 468, 354, 466, 355, 2, -1, -0.4636476090008061, 2.23606797749979
1381, 12, 422, 407, 420, 407, 2, 0, 0.0, 2.0
1381, 13, 441, 132, 439, 133, 2, -1, -0.4636476090008061, 2.23606797749979
1381, 14, 515, 127, 514, 128, 1, -1, -0.7853981633974483, 1.4142135623730951
1381, 16, 623, 363, 620, 365, 3, -2, -0.5880026035475675, 3.605551275463989
1381, 17, 247, 127, 246, 128, 1, -1, -0.7853981633974483, 1.4142135623730951
1381, 18, 546, 364, 542, 365, 4, -1, -0.24497866312686414, 4.123105625617661
1381, 19, 290, 129, 289, 130, 1, -1, -0.7853981633974483, 1.4142135623730951
1381, 20, 554, 377, 552, 378, 2, -1, -0.4636476090008061, 2.23606797749979
1381, 21, 482, 379, 480, 379, 2, 0, 0.0, 2.0
1381, 22, 385, 405, 384, 406, 1, -1, -0.7853981633974483, 1.4142135623730951
1381, 24, 460, 128, 462, 128, -2, 0, 3.141592653589793, 2.0
1381, 29, 418, 391, 414, 393, 4, -2, -0.4636476090008061, 4.47213595499958
1381, 32, 543, 342, 540, 343, 3, -1, -0.3217505543966422, 3.1622776601683795
1381, 33, 491, 104, 490, 105, 1, -1, -0.7853981633974483, 1.4142135623730951
1381, 35, 421, 397, 419, 397, 2, 0, 0.0, 2.0
1381, 36, 546, 370, 544, 371, 2, -1, -0.4636476090008061, 2.23606797749979
1381, 37, 502, 350, 500, 351, 2, -1, -0.4636476090008061, 2.23606797749979
1381, 39, 634, 373, 632, 374, 2, -1, -0.4636476090008061, 2.23606797749979
1382, 4, 580, 347, 578, 347, 2, 0, 0.0, 2.0
1382, 5, 322, 124, 321, 125, 1, -1, -0.7853981633974483, 1.4142135623730951
1382, 7, 330, 400, 328, 401, 2, -1, -0.4636476090008061, 2.23606797749979
1382, 10, 450, 84, 449, 85, 1, -1, -0.7853981633974483, 1.4142135623730951
1382, 11, 470, 353, 468, 354, 2, -1, -0.4636476090008061, 2.23606797749979
1382, 16, 625, 362, 623, 363, 2, -1, -0.4636476090008061, 2.23606797749979
1382, 18, 549, 362, 546, 364, 3, -2, -0.5880026035475675, 3.605551275463989
1382, 19, 292, 128, 290, 129, 2, -1, -0.4636476090008061, 2.23606797749979
1382, 20, 556, 377, 554, 377, 2, 0, 0.0, 2.0
1382, 24, 458, 128, 460, 128, -2, 0, 3.141592653589793, 2.0
1382, 25, 613, 143, 611, 143, 2, 0, 0.0, 2.0
1382, 26, 497, 403, 495, 404, 2, -1, -0.4636476090008061, 2.23606797749979
1382, 29, 421, 390, 418, 391, 3, -1, -0.3217505543966422, 3.1622776601683795
1382, 30, 395, 101, 394, 102, 1, -1, -0.7853981633974483, 1.4142135623730951
1382, 32, 546, 341, 543, 342, 3, -1, -0.3217505543966422, 3.1622776601683795
1382, 36, 548, 369, 546, 370, 2, -1, -0.4636476090008061, 2.23606797749979
1382, 37, 504, 349, 502, 350, 2, -1, -0.4636476090008061, 2.23606797749979
1382, 41, 339, 102, 338, 103, 1, -1, -0.7853981633974483, 1.4142135623730951
1383, 2, 435, 352, 434, 353, 1, -1, -0.7853981633974483, 1.4142135623730951
1383, 3, 581, 346, 580, 347, 1, -1, -0.7853981633974483, 1.4142135623730951
1383, 7, 436, 99, 435, 100, 1, -1, -0.7853981633974483, 1.4142135623730951
1383, 8, 300, 101, 299, 102, 1, -1, -0.7853981633974483, 1.4142135623730951
1383, 9, 451, 83, 450, 84, 1, -1, -0.7853981633974483, 1.4142135623730951
1383, 15, 628, 361, 625, 362, 3, -1, -0.3217505543966422, 3.1622776601683795
1383, 17, 553, 361, 549, 362, 4, -1, -0.24497866312686414, 4.123105625617661
1383, 19, 558, 377, 556, 377, 2, 0, 0.0, 2.0
1383, 20, 485, 379, 483, 379, 2, 0, 0.0, 2.0
1383, 21, 387, 404, 386, 405, 1, -1, -0.7853981633974483, 1.4142135623730951
1383, 22, 328, 406, 327, 407, 1, -1, -0.7853981633974483, 1.4142135623730951
1383, 23, 615, 143, 613, 143, 2, 0, 0.0, 2.0
1383, 25, 542, 137, 541, 138, 1, -1, -0.7853981633974483, 1.4142135623730951
1383, 27, 425, 389, 421, 390, 4, -1, -0.24497866312686414, 4.123105625617661
1383, 30, 548, 341, 546, 341, 2, 0, 0.0, 2.0
1383, 33, 423, 396, 422, 397, 1, -1, -0.7853981633974483, 1.4142135623730951
1383, 34, 550, 368, 548, 369, 2, -1, -0.4636476090008061, 2.23606797749979
1383, 35, 506, 349, 504, 349, 2, 0, 0.0, 2.0
1383, 39, 340, 101, 339, 102, 1, -1, -0.7853981633974483, 1.4142135623730951
1384, 0, 554, 132, 552, 132, 2, 0, 0.0, 2.0
1384, 2, 436, 351, 435, 352, 1, -1, -0.7853981633974483, 1.4142135623730951
1384, 3, 582, 345, 581, 346, 1, -1, -0.7853981633974483, 1.4142135623730951
1384, 5, 367, 101, 366, 102, 1, -1, -0.7853981633974483, 1.4142135623730951
1384, 7, 437, 98, 436, 99, 1, -1, -0.7853981633974483, 1.4142135623730951
1384, 8, 301, 100, 300, 101, 1, -1, -0.7853981633974483, 1.4142135623730951
1384, 9, 452, 82, 451, 83, 1, -1, -0.7853981633974483, 1.4142135623730951
1384, 13, 519, 126, 517, 127, 2, -1, -0.4636476090008061, 2.23606797749979
1384, 15, 630, 359, 628, 361, 2, -2, -0.7853981633974483, 2.8284271247461903
1384, 16, 247, 124, 247, 126, 0, -2, -1.5707963267948966, 2.0
1384, 17, 554, 358, 553, 361, 1, -3, -1.2490457723982544, 3.1622776601683795
1384, 18, 294, 127, 293, 128, 1, -1, -0.7853981633974483, 1.4142135623730951
1384, 19, 560, 376, 558, 377, 2, -1, -0.4636476090008061, 2.23606797749979
1384, 20, 487, 378, 485, 379, 2, -1, -0.4636476090008061, 2.23606797749979
1384, 21, 388, 403, 387, 404, 1, -1, -0.7853981633974483, 1.4142135623730951
1384, 24, 499, 402, 498, 403, 1, -1, -0.7853981633974483, 1.4142135623730951
1384, 25, 543, 136, 542, 137, 1, -1, -0.7853981633974483, 1.4142135623730951
1384, 27, 426, 386, 425, 389, 1, -3, -1.2490457723982544, 3.1622776601683795
1384, 30, 549, 339, 548, 341, 1, -2, -1.1071487177940904, 2.23606797749979
1384, 31, 494, 103, 493, 104, 1, -1, -0.7853981633974483, 1.4142135623730951
1384, 32, 272, 108, 271, 109, 1, -1, -0.7853981633974483, 1.4142135623730951
1384, 34, 552, 367, 550, 368, 2, -1, -0.4636476090008061, 2.23606797749979
1384, 35, 508, 347, 506, 349, 2, -2, -0.7853981633974483, 2.8284271247461903
1384, 39, 341, 100, 340, 101, 1, -1, -0.7853981633974483, 1.4142135623730951
1385, 4, 324, 125, 323, 126, 1, -1, -0.7853981633974483, 1.4142135623730951
1385, 5, 580, 346, 579, 347, 1, -1, -0.7853981633974483, 1.4142135623730951
1385, 9, 628, 367, 626, 368, 2, -1, -0.4636476090008061, 2.23606797749979
1385, 11, 368, 104, 367, 105, 1, -1, -0.7853981633974483, 1.4142135623730951
1385, 13, 615, 143, 613, 143, 2, 0, 0.0, 2.0
1385, 14, 602, 147, 601, 148, 1, -1, -0.7853981633974483, 1.4142135623730951
1385, 15, 293, 129, 292, 130, 1, -1, -0.7853981633974483, 1.4142135623730951
1385, 16, 547, 342, 546, 343, 1, -1, -0.7853981633974483, 1.4142135623730951
1385, 17, 471, 354, 470, 355, 1, -1, -0.7853981633974483, 1.4142135623730951
1385, 19, 493, 106, 492, 107, 1, -1, -0.7853981633974483, 1.4142135623730951
1385, 20, 487, 379, 485, 379, 2, 0, 0.0, 2.0
1385, 22, 387, 405, 386, 406, 1, -1, -0.7853981633974483, 1.4142135623730951
1385, 25, 426, 408, 424, 408, 2, 0, 0.0, 2.0
1385, 26, 399, 105, 398, 106, 1, -1, -0.7853981633974483, 1.4142135623730951
1385, 27, 506, 351, 504, 352, 2, -1, -0.4636476090008061, 2.23606797749979
1385, 28, 329, 408, 328, 409, 1, -1, -0.7853981633974483, 1.4142135623730951
1386, 5, 581, 345, 580, 346, 1, -1, -0.7853981633974483, 1.4142135623730951
1386, 9, 440, 100, 439, 101, 1, -1, -0.7853981633974483, 1.4142135623730951
1386, 11, 521, 127, 519, 128, 2, -1, -0.4636476090008061, 2.23606797749979
1386, 12, 617, 143, 615, 143, 2, 0, 0.0, 2.0
1386, 13, 603, 146, 602, 147, 1, -1, -0.7853981633974483, 1.4142135623730951
1386, 14, 294, 128, 293, 129, 1, -1, -0.7853981633974483, 1.4142135623730951
1386, 16, 472, 353, 471, 354, 1, -1, -0.7853981633974483, 1.4142135623730951
1386, 18, 489, 379, 487, 379, 2, 0, 0.0, 2.0
1386, 20, 388, 404, 387, 405, 1, -1, -0.7853981633974483, 1.4142135623730951
1386, 21, 548, 371, 547, 372, 1, -1, -0.7853981633974483, 1.4142135623730951
1386, 23, 428, 408, 426, 408, 2, 0, 0.0, 2.0
1386, 25, 507, 350, 506, 351, 1, -1, -0.7853981633974483, 1.4142135623730951
1387, 1, 554, 134, 553, 133, 1, 1, 0.7853981633974483, 1.4142135623730951
1387, 2, 438, 354, 436, 354, 2, 0, 0.0, 2.0
1387, 5, 583, 345, 581, 345, 2, 0, 0.0, 2.0
1387, 6, 303, 102, 302, 103, 1, -1, -0.7853981633974483, 1.4142135623730951
1387, 7, 328, 401, 327, 402, 1, -1, -0.7853981633974483, 1.4142135623730951
1387, 10, 369, 102, 368, 103, 1, -1, -0.7853981633974483, 1.4142135623730951
1387, 11, 522, 126, 521, 127, 1, -1, -0.7853981633974483, 1.4142135623730951
1387, 12, 619, 143, 617, 143, 2, 0, 0.0, 2.0
1387, 13, 604, 145, 603, 146, 1, -1, -0.7853981633974483, 1.4142135623730951
1387, 14, 295, 127, 294, 128, 1, -1, -0.7853981633974483, 1.4142135623730951
1387, 16, 473, 352, 472, 353, 1, -1, -0.7853981633974483, 1.4142135623730951
1387, 17, 496, 106, 494, 106, 2, 0, 0.0, 2.0
1387, 18, 491, 379, 489, 379, 2, 0, 0.0, 2.0
1387, 21, 549, 370, 548, 371, 1, -1, -0.7853981633974483, 1.4142135623730951
1387, 23, 429, 407, 428, 408, 1, -1, -0.7853981633974483, 1.4142135623730951
1387, 25, 508, 349, 507, 350, 1, -1, -0.7853981633974483, 1.4142135623730951
1387, 26, 330, 407, 329, 408, 1, -1, -0.7853981633974483, 1.4142135623730951
1388, 0, 484, 124, 482, 124, 2, 0, 0.0, 2.0
1388, 1, 556, 134, 554, 134, 2, 0, 0.0, 2.0
1388, 2, 440, 354, 438, 354, 2, 0, 0.0, 2.0
1388, 4, 326, 123, 325, 124, 1, -1, -0.7853981633974483, 1.4142135623730951
1388, 5, 585, 345, 583, 345, 2, 0, 0.0, 2.0
1388, 6, 304, 101, 303, 102, 1, -1, -0.7853981633974483, 1.4142135623730951
1388, 10, 370, 101, 369, 102, 1, -1, -0.7853981633974483, 1.4142135623730951
1388, 11, 524, 125, 522, 126, 2, -1, -0.4636476090008061, 2.23606797749979
1388, 12, 621, 143, 619, 143, 2, 0, 0.0, 2.0
1388, 13, 605, 144, 604, 145, 1, -1, -0.7853981633974483, 1.4142135623730951
1388, 14, 296, 126, 295, 127, 1, -1, -0.7853981633974483, 1.4142135623730951
1388, 15, 550, 341, 548, 341, 2, 0, 0.0, 2.0
1388, 16, 474, 351, 473, 352, 1, -1, -0.7853981633974483, 1.4142135623730951
1388, 17, 498, 106, 496, 106, 2, 0, 0.0, 2.0
1388, 18, 493, 379, 491, 379, 2, 0, 0.0, 2.0
1388, 20, 390, 403, 389, 404, 1, -1, -0.7853981633974483, 1.4142135623730951
1388, 23, 430, 406, 429, 407, 1, -1, -0.7853981633974483, 1.4142135623730951
1388, 24, 402, 104, 401, 105, 1, -1, -0.7853981633974483, 1.4142135623730951
1388, 25, 509, 348, 508, 349, 1, -1, -0.7853981633974483, 1.4142135623730951
1389, 0, 486, 124, 484, 124, 2, 0, 0.0, 2.0
1389, 1, 558, 134, 556, 134, 2, 0, 0.0, 2.0
1389, 4, 327, 122, 326, 123, 1, -1, -0.7853981633974483, 1.4142135623730951
1389, 5, 586, 344, 585, 345, 1, -1, -0.7853981633974483, 1.4142135623730951
1389, 9, 442, 99, 440, 100, 2, -1, -0.4636476090008061, 2.23606797749979
1389, 10, 371, 100, 370, 101, 1, -1, -0.7853981633974483, 1.4142135623730951
1389, 13, 606, 143, 605, 144, 1, -1, -0.7853981633974483, 1.4142135623730951
1389, 15, 552, 340, 550, 341, 2, -1, -0.4636476090008061, 2.23606797749979
1389, 16, 475, 350, 474, 351, 1, -1, -0.7853981633974483, 1.4142135623730951
1389, 17, 500, 105, 498, 106, 2, -1, -0.4636476090008061, 2.23606797749979
1389, 20, 394, 403, 390, 403, 4, 0, 0.0, 4.0
1389, 24, 404, 104, 402, 104, 2, 0, 0.0, 2.0
1389, 25, 510, 347, 509, 348, 1, -1, -0.7853981633974483, 1.4142135623730951
1389, 26, 332, 406, 331, 407, 1, -1, -0.7853981633974483, 1.4142135623730951
1390, 2, 559, 133, 557, 134, 2, -1, -0.4636476090008061, 2.23606797749979
1390, 5, 476, 353, 474, 354, 2, -1, -0.4636476090008061, 2.23606797749979
1390, 6, 585, 345, 583, 346, 2, -1, -0.4636476090008061, 2.23606797749979
1390, 8, 443, 100, 441, 101, 2, -1, -0.4636476090008061, 2.23606797749979
1390, 10, 372, 104, 371, 105, 1, -1, -0.7853981633974483, 1.4142135623730951
1390, 11, 525, 127, 524, 128, 1, -1, -0.7853981633974483, 1.4142135623730951
1390, 13, 327, 125, 326, 126, 1, -1, -0.7853981633974483, 1.4142135623730951
1390, 17, 429, 407, 428, 408, 1, -1, -0.7853981633974483, 1.4142135623730951
1390, 21, 333, 408, 332, 409, 1, -1, -0.7853981633974483, 1.4142135623730951
1390, 22, 491, 379, 490, 380, 1, -1, -0.7853981633974483, 1.4142135623730951
1390, 23, 279, 112, 278, 113, 1, -1, -0.7853981633974483, 1.4142135623730951
1390, 25, 474, 127, 471, 127, 3, 0, 0.0, 3.0
1390, 26, 552, 343, 550, 343, 2, 0, 0.0, 2.0
1390, 27, 420, 126, 419, 127, 1, -1, -0.7853981633974483, 1.4142135623730951
1390, 28, 305, 102, 304, 103, 1, -1, -0.7853981633974483, 1.4142135623730951
1390, 31, 609, 146, 607, 147, 2, -1, -0.4636476090008061, 2.23606797749979
1390, 34, 345, 103, 344, 104, 1, -1, -0.7853981633974483, 1.4142135623730951
1390, 38, 389, 131, 388, 132, 1, -1, -0.7853981633974483, 1.4142135623730951
1391, 2, 561, 132, 559, 133, 2, -1, -0.4636476090008061, 2.23606797749979
1391, 5, 477, 352, 476, 353, 1, -1, -0.7853981633974483, 1.4142135623730951
1391, 6, 587, 344, 585, 345, 2, -1, -0.4636476090008061, 2.23606797749979
1391, 8, 444, 99, 443, 100, 1, -1, -0.7853981633974483, 1.4142135623730951
1391, 9, 250, 123, 249, 124, 1, -1, -0.7853981633974483, 1.4142135623730951
1391, 10, 373, 103, 372, 104, 1, -1, -0.7853981633974483, 1.4142135623730951
1391, 11, 526, 126, 525, 127, 1, -1, -0.7853981633974483, 1.4142135623730951
1391, 13, 328, 124, 327, 125, 1, -1, -0.7853981633974483, 1.4142135623730951
1391, 14, 300, 131, 299, 132, 1, -1, -0.7853981633974483, 1.4142135623730951
1391, 20, 622, 144, 620, 144, 2, 0, 0.0, 2.0
1391, 22, 493, 378, 491, 379, 2, -1, -0.4636476090008061, 2.23606797749979
1391, 25, 476, 127, 474, 127, 2, 0, 0.0, 2.0
1391, 26, 554, 343, 552, 343, 2, 0, 0.0, 2.0
1391, 27, 421, 125, 420, 126, 1, -1, -0.7853981633974483, 1.4142135623730951
1391, 28, 306, 101, 305, 102, 1, -1, -0.7853981633974483, 1.4142135623730951
1391, 31, 611, 145, 609, 146, 2, -1, -0.4636476090008061, 2.23606797749979
1391, 32, 505, 403, 503, 404, 2, -1, -0.4636476090008061, 2.23606797749979
1391, 38, 390, 130, 389, 131, 1, -1, -0.7853981633974483, 1.4142135623730951
1392, 1, 442, 354, 441, 355, 1, -1, -0.7853981633974483, 1.4142135623730951
1392, 2, 563, 132, 561, 132, 2, 0, 0.0, 2.0
1392, 5, 479, 351, 477, 352, 2, -1, -0.4636476090008061, 2.23606797749979
1392, 6, 589, 343, 587, 344, 2, -1, -0.4636476090008061, 2.23606797749979
1392, 8, 446, 98, 444, 99, 2, -1, -0.4636476090008061, 2.23606797749979
1392, 9, 250, 121, 250, 123, 0, -2, -1.5707963267948966, 2.0
1392, 10, 374, 102, 373, 103, 1, -1, -0.7853981633974483, 1.4142135623730951
1392, 14, 301, 130, 300, 131, 1, -1, -0.7853981633974483, 1.4142135623730951
1392, 17, 431, 406, 430, 407, 1, -1, -0.7853981633974483, 1.4142135623730951
1392, 18, 425, 397, 424, 398, 1, -1, -0.7853981633974483, 1.4142135623730951
1392, 20, 624, 143, 622, 144, 2, -1, -0.4636476090008061, 2.23606797749979
1392, 21, 335, 407, 334, 408, 1, -1, -0.7853981633974483, 1.4142135623730951
1392, 22, 495, 377, 493, 378, 2, -1, -0.4636476090008061, 2.23606797749979
1392, 24, 394, 405, 393, 406, 1, -1, -0.7853981633974483, 1.4142135623730951
1392, 25, 477, 129, 476, 127, 1, 2, 1.1071487177940904, 2.23606797749979
1392, 26, 556, 342, 554, 343, 2, -1, -0.4636476090008061, 2.23606797749979
1392, 27, 422, 124, 421, 125, 1, -1, -0.7853981633974483, 1.4142135623730951
1392, 28, 307, 99, 306, 101, 1, -2, -1.1071487177940904, 2.23606797749979
1392, 29, 550, 374, 548, 374, 2, 0, 0.0, 2.0
1392, 31, 613, 145, 611, 145, 2, 0, 0.0, 2.0
1392, 32, 507, 402, 505, 403, 2, -1, -0.4636476090008061, 2.23606797749979
1393, 1, 443, 353, 442, 354, 1, -1, -0.7853981633974483, 1.4142135623730951
1393, 5, 481, 350, 479, 351, 2, -1, -0.4636476090008061, 2.23606797749979
1393, 6, 591, 342, 589, 343, 2, -1, -0.4636476090008061, 2.23606797749979
1393, 8, 447, 97, 446, 98, 1, -1, -0.7853981633974483, 1.4142135623730951
1393, 10, 375, 101, 374, 102, 1, -1, -0.7853981633974483, 1.4142135623730951
1393, 11, 529, 125, 527, 126, 2, -1, -0.4636476090008061, 2.23606797749979
1393, 13, 330, 123, 329, 124, 1, -1, -0.7853981633974483, 1.4142135623730951
1393, 17, 432, 405, 431, 406, 1, -1, -0.7853981633974483, 1.4142135623730951
1393, 18, 426, 396, 425, 397, 1, -1, -0.7853981633974483, 1.4142135623730951
1393, 20, 628, 143, 624, 143, 4, 0, 0.0, 4.0
1393, 22, 497, 376, 495, 377, 2, -1, -0.4636476090008061, 2.23606797749979
1393, 26, 557, 341, 556, 342, 1, -1, -0.7853981633974483, 1.4142135623730951
1393, 27, 423, 123, 422, 124, 1, -1, -0.7853981633974483, 1.4142135623730951
1393, 28, 309, 98, 307, 99, 2, -1, -0.4636476090008061, 2.23606797749979
1393, 29, 552, 374, 550, 374, 2, 0, 0.0, 2.0
1393, 30, 631, 369, 629, 370, 2, -1, -0.4636476090008061, 2.23606797749979
1393, 31, 616, 144, 613, 145, 3, -1, -0.3217505543966422, 3.1622776601683795
1393, 32, 509, 402, 507, 402, 2, 0, 0.0, 2.0
1393, 37, 254, 96, 256, 96, -2, 0, 3.141592653589793, 2.0
1394, 4, 483, 349, 481, 350, 2, -1, -0.4636476090008061, 2.23606797749979
1394, 5, 594, 342, 591, 342, 3, 0, 0.0, 3.0
1394, 6, 498, 108, 497, 109, 1, -1, -0.7853981633974483, 1.4142135623730951
1394, 7, 449, 97, 447, 97, 2, 0, 0.0, 2.0
1394, 8, 250, 118, 250, 120, 0, -2, -1.5707963267948966, 2.0
1394, 9, 376, 100, 375, 101, 1, -1, -0.7853981633974483, 1.4142135623730951
1394, 10, 530, 124, 529, 125, 1, -1, -0.7853981633974483, 1.4142135623730951
1394, 11, 558, 368, 556, 369, 2, -1, -0.4636476090008061, 2.23606797749979
1394, 12, 331, 122, 330, 123, 1, -1, -0.7853981633974483, 1.4142135623730951
1394, 13, 303, 129, 302, 130, 1, -1, -0.7853981633974483, 1.4142135623730951
1394, 16, 434, 404, 432, 405, 2, -1, -0.4636476090008061, 2.23606797749979
1394, 17, 427, 395, 426, 396, 1, -1, -0.7853981633974483, 1.4142135623730951
1394, 21, 498, 375, 497, 376, 1, -1, -0.7853981633974483, 1.4142135623730951
1394, 22, 283, 111, 282, 112, 1, -1, -0.7853981633974483, 1.4142135623730951
1394, 26, 424, 122, 423, 123, 1, -1, -0.7853981633974483, 1.4142135623730951
1394, 27, 311, 97, 309, 98, 2, -1, -0.4636476090008061, 2.23606797749979
1394, 28, 554, 374, 552, 374, 2, 0, 0.0, 2.0
1394, 29, 633, 368, 631, 369, 2, -1, -0.4636476090008061, 2.23606797749979
1394, 30, 618, 144, 616, 144, 2, 0, 0.0, 2.0
1394, 31, 511, 402, 509, 402, 2, 0, 0.0, 2.0
1394, 33, 349, 102, 348, 103, 1, -1, -0.7853981633974483, 1.4142135623730951
1395, 4, 257, 318, 256, 317, 1, 1, 0.7853981633974483, 1.4142135623730951
1395, 5, 588, 344, 586, 345, 2, -1, -0.4636476090008061, 2.23606797749979
1395, 6, 332, 124, 331, 125, 1, -1, -0.7853981633974483, 1.4142135623730951
1395, 7, 309, 100, 309, 102, 0, -2, -1.5707963267948966, 2.0
1395, 9, 559, 369, 557, 370, 2, -1, -0.4636476090008061, 2.23606797749979
1395, 10, 480, 352, 478, 353, 2, -1, -0.4636476090008061, 2.23606797749979
1395, 11, 635, 364, 634, 365, 1, -1, -0.7853981633974483, 1.4142135623730951
1395, 13, 427, 398, 426, 399, 1, -1, -0.7853981633974483, 1.4142135623730951
1395, 15, 557, 342, 556, 343, 1, -1, -0.7853981633974483, 1.4142135623730951
1395, 16, 376, 104, 375, 105, 1, -1, -0.7853981633974483, 1.4142135623730951
1395, 18, 529, 127, 527, 128, 2, -1, -0.4636476090008061, 2.23606797749979
1395, 20, 251, 122, 250, 123, 1, -1, -0.7853981633974483, 1.4142135623730951
1395, 23, 434, 407, 432, 408, 2, -1, -0.4636476090008061, 2.23606797749979
1395, 24, 627, 145, 625, 145, 2, 0, 0.0, 2.0
1395, 25, 447, 99, 445, 100, 2, -1, -0.4636476090008061, 2.23606797749979
1395, 26, 509, 403, 507, 404, 2, -1, -0.4636476090008061, 2.23606797749979
1395, 27, 332, 399, 331, 400, 1, -1, -0.7853981633974483, 1.4142135623730951
1395, 29, 517, 349, 515, 350, 2, -1, -0.4636476090008061, 2.23606797749979
1395, 30, 467, 394, 464, 394, 3, 0, 0.0, 3.0
1395, 32, 498, 378, 496, 379, 2, -1, -0.4636476090008061, 2.23606797749979
1395, 34, 535, 395, 533, 395, 2, 0, 0.0, 2.0
1395, 35, 511, 73, 510, 74, 1, -1, -0.7853981633974483, 1.4142135623730951
1395, 36, 279, 110, 278, 111, 1, -1, -0.7853981633974483, 1.4142135623730951
1395, 37, 415, 132, 414, 133, 1, -1, -0.7853981633974483, 1.4142135623730951
1395, 38, 347, 100, 346, 101, 1, -1, -0.7853981633974483, 1.4142135623730951
1396, 2, 445, 354, 444, 355, 1, -1, -0.7853981633974483, 1.4142135623730951
1396, 5, 590, 343, 588, 344, 2, -1, -0.4636476090008061, 2.23606797749979
1396, 7, 311, 100, 309, 100, 2, 0, 0.0, 2.0
1396, 9, 561, 368, 559, 369, 2, -1, -0.4636476090008061, 2.23606797749979
1396, 10, 482, 352, 480, 352, 2, 0, 0.0, 2.0
1396, 13, 429, 397, 427, 398, 2, -1, -0.4636476090008061, 2.23606797749979
1396, 15, 559, 340, 557, 342, 2, -2, -0.7853981633974483, 2.8284271247461903
1396, 16, 377, 103, 376, 104, 1, -1, -0.7853981633974483, 1.4142135623730951
1396, 17, 303, 125, 302, 126, 1, -1, -0.7853981633974483, 1.4142135623730951
1396, 18, 530, 126, 529, 127, 1, -1, -0.7853981633974483, 1.4142135623730951
1396, 19, 244, 148, 244, 151, 0, -3, -1.5707963267948966, 3.0
1396, 20, 251, 120, 251, 122, 0, -2, -1.5707963267948966, 2.0
1396, 21, 397, 404, 396, 405, 1, -1, -0.7853981633974483, 1.4142135623730951
1396, 24, 629, 144, 627, 145, 2, -1, -0.4636476090008061, 2.23606797749979
1396, 25, 449, 98, 447, 99, 2, -1, -0.4636476090008061, 2.23606797749979
1396, 27, 334, 398, 332, 399, 2, -1, -0.4636476090008061, 2.23606797749979
1396, 28, 485, 92, 483, 92, 2, 0, 0.0, 2.0
1396, 29, 519, 348, 517, 349, 2, -1, -0.4636476090008061, 2.23606797749979
1396, 30, 469, 395, 467, 394, 2, 1, 0.4636476090008061, 2.23606797749979
1396, 32, 500, 377, 498, 378, 2, -1, -0.4636476090008061, 2.23606797749979
1396, 34, 537, 396, 535, 395, 2, 1, 0.4636476090008061, 2.23606797749979
1396, 35, 512, 72, 511, 73, 1, -1, -0.7853981633974483, 1.4142135623730951
1396, 36, 280, 109, 279, 110, 1, -1, -0.7853981633974483, 1.4142135623730951
1396, 37, 415, 130, 415, 132, 0, -2, -1.5707963267948966, 2.0
1397, 5, 592, 342, 590, 343, 2, -1, -0.4636476090008061, 2.23606797749979
1397, 6, 333, 123, 332, 124, 1, -1, -0.7853981633974483, 1.4142135623730951
1397, 7, 313, 100, 311, 100, 2, 0, 0.0, 2.0
1397, 9, 562, 367, 561, 368, 1, -1, -0.7853981633974483, 1.4142135623730951
1397, 10, 483, 351, 482, 352, 1, -1, -0.7853981633974483, 1.4142135623730951
1397, 12, 339, 408, 338, 409, 1, -1, -0.7853981633974483, 1.4142135623730951
1397, 13, 431, 396, 429, 397, 2, -1, -0.4636476090008061, 2.23606797749979
1397, 15, 562, 338, 559, 340, 3, -2, -0.5880026035475675, 3.605551275463989
1397, 16, 378, 102, 377, 103, 1, -1, -0.7853981633974483, 1.4142135623730951
1397, 18, 532, 125, 530, 126, 2, -1, -0.4636476090008061, 2.23606797749979
1397, 20, 398, 403, 397, 404, 1, -1, -0.7853981633974483, 1.4142135623730951
1397, 22, 436, 406, 435, 407, 1, -1, -0.7853981633974483, 1.4142135623730951
1397, 23, 631, 143, 629, 144, 2, -1, -0.4636476090008061, 2.23606797749979
1397, 25, 512, 403, 510, 403, 2, 0, 0.0, 2.0
1397, 26, 335, 397, 334, 398, 1, -1, -0.7853981633974483, 1.4142135623730951
1397, 27, 486, 91, 485, 92, 1, -1, -0.7853981633974483, 1.4142135623730951
1397, 28, 520, 347, 519, 348, 1, -1, -0.7853981633974483, 1.4142135623730951
1397, 29, 471, 395, 469, 395, 2, 0, 0.0, 2.0
1397, 31, 502, 375, 500, 377, 2, -2, -0.7853981633974483, 2.8284271247461903
1397, 34, 514, 72, 512, 72, 2, 0, 0.0, 2.0
1397, 37, 348, 99, 347, 100, 1, -1, -0.7853981633974483, 1.4142135623730951
1398, 5, 594, 341, 592, 342, 2, -1, -0.4636476090008061, 2.23606797749979
1398, 6, 335, 123, 333, 123, 2, 0, 0.0, 2.0
1398, 10, 484, 350, 483, 351, 1, -1, -0.7853981633974483, 1.4142135623730951
1398, 15, 564, 338, 562, 338, 2, 0, 0.0, 2.0
1398, 20, 399, 402, 398, 403, 1, -1, -0.7853981633974483, 1.4142135623730951
1398, 21, 408, 100, 407, 101, 1, -1, -0.7853981633974483, 1.4142135623730951
1398, 23, 633, 143, 631, 143, 2, 0, 0.0, 2.0
1398, 24, 452, 97, 450, 98, 2, -1, -0.4636476090008061, 2.23606797749979
1398, 26, 336, 396, 335, 397, 1, -1, -0.7853981633974483, 1.4142135623730951
1398, 27, 487, 90, 486, 91, 1, -1, -0.7853981633974483, 1.4142135623730951
1398, 28, 522, 346, 520, 347, 2, -1, -0.4636476090008061, 2.23606797749979
1398, 29, 472, 396, 471, 395, 1, 1, 0.7853981633974483, 1.4142135623730951
1398, 31, 503, 374, 502, 375, 1, -1, -0.7853981633974483, 1.4142135623730951
1398, 32, 438, 346, 437, 347, 1, -1, -0.7853981633974483, 1.4142135623730951
1398, 37, 349, 98, 348, 99, 1, -1, -0.7853981633974483, 1.4142135623730951
1399, 0, 495, 126, 493, 126, 2, 0, 0.0, 2.0
1399, 1, 567, 134, 566, 135, 1, -1, -0.7853981633974483, 1.4142135623730951
1399, 5, 595, 340, 594, 341, 1, -1, -0.7853981633974483, 1.4142135623730951
1399, 9, 562, 368, 563, 367, -1, 1, 2.356194490192345, 1.4142135623730951
1399, 10, 486, 349, 484, 350, 2, -1, -0.4636476090008061, 2.23606797749979
1399, 11, 631, 364, 635, 363, -4, 1, 2.896613990462929, 4.123105625617661
1399, 12, 340, 406, 339, 408, 1, -2, -1.1071487177940904, 2.23606797749979
1399, 15, 566, 337, 564, 338, 2, -1, -0.4636476090008061, 2.23606797749979
1399, 16, 380, 101, 379, 102, 1, -1, -0.7853981633974483, 1.4142135623730951
1399, 18, 535, 125, 533, 125, 2, 0, 0.0, 2.0
1399, 20, 400, 401, 399, 402, 1, -1, -0.7853981633974483, 1.4142135623730951
1399, 22, 439, 404, 437, 406, 2, -2, -0.7853981633974483, 2.8284271247461903
1399, 23, 635, 143, 633, 143, 2, 0, 0.0, 2.0
1399, 26, 333, 397, 336, 396, -3, 1, 2.819842099193151, 3.1622776601683795
1399, 27, 489, 89, 487, 90, 2, -1, -0.4636476090008061, 2.23606797749979
1399, 28, 524, 345, 522, 346, 2, -1, -0.4636476090008061, 2.23606797749979
1399, 31, 505, 374, 503, 374, 2, 0, 0.0, 2.0
1399, 32, 439, 345, 438, 346, 1, -1, -0.7853981633974483, 1.4142135623730951
1400, 0, 496, 127, 494, 127, 2, 0, 0.0, 2.0
1400, 1, 569, 136, 567, 136, 2, 0, 0.0, 2.0
1400, 2, 449, 354, 447, 355, 2, -1, -0.4636476090008061, 2.23606797749979
1400, 4, 336, 124, 335, 125, 1, -1, -0.7853981633974483, 1.4142135623730951
1400, 6, 592, 343, 591, 344, 1, -1, -0.7853981633974483, 1.4142135623730951
1400, 9, 563, 340, 562, 341, 1, -1, -0.7853981633974483, 1.4142135623730951
1400, 11, 380, 101, 379, 102, 1, -1, -0.7853981633974483, 1.4142135623730951
1400, 17, 340, 407, 339, 408, 1, -1, -0.7853981633974483, 1.4142135623730951
1400, 18, 503, 378, 501, 378, 2, 0, 0.0, 2.0
1400, 19, 485, 351, 484, 352, 1, -1, -0.7853981633974483, 1.4142135623730951
1400, 20, 253, 120, 252, 121, 1, -1, -0.7853981633974483, 1.4142135623730951
1400, 22, 306, 127, 305, 128, 1, -1, -0.7853981633974483, 1.4142135623730951
1400, 24, 453, 100, 451, 100, 2, 0, 0.0, 2.0
1400, 29, 532, 370, 530, 371, 2, -1, -0.4636476090008061, 2.23606797749979
1400, 30, 355, 101, 354, 102, 1, -1, -0.7853981633974483, 1.4142135623730951
1400, 32, 521, 347, 520, 348, 1, -1, -0.7853981633974483, 1.4142135623730951
1400, 37, 538, 370, 537, 371, 1, -1, -0.7853981633974483, 1.4142135623730951
1401, 0, 498, 127, 496, 127, 2, 0, 0.0, 2.0
1401, 1, 571, 135, 569, 136, 2, -1, -0.4636476090008061, 2.23606797749979
1401, 2, 451, 353, 449, 354, 2, -1, -0.4636476090008061, 2.23606797749979
1401, 4, 337, 123, 336, 124, 1, -1, -0.7853981633974483, 1.4142135623730951
1401, 9, 564, 339, 563, 340, 1, -1, -0.7853981633974483, 1.4142135623730951
1401, 10, 438, 405, 437, 406, 1, -1, -0.7853981633974483, 1.4142135623730951
1401, 11, 381, 100, 380, 101, 1, -1, -0.7853981633974483, 1.4142135623730951
1401, 14, 444, 348, 442, 349, 2, -1, -0.4636476090008061, 2.23606797749979
1401, 17, 341, 406, 340, 407, 1, -1, -0.7853981633974483, 1.4142135623730951
1401, 18, 505, 379, 503, 378, 2, 1, 0.4636476090008061, 2.23606797749979
1401, 19, 487, 351, 485, 351, 2, 0, 0.0, 2.0
1401, 21, 635, 146, 633, 145, 2, 1, 0.4636476090008061, 2.23606797749979
1401, 22, 307, 126, 306, 127, 1, -1, -0.7853981633974483, 1.4142135623730951
1401, 29, 533, 369, 532, 370, 1, -1, -0.7853981633974483, 1.4142135623730951
1401, 30, 356, 100, 355, 101, 1, -1, -0.7853981633974483, 1.4142135623730951
1401, 32, 522, 346, 521, 347, 1, -1, -0.7853981633974483, 1.4142135623730951
1401, 37, 540, 370, 538, 370, 2, 0, 0.0, 2.0
1402, 0, 500, 126, 498, 127, 2, -1, -0.4636476090008061, 2.23606797749979
1402, 1, 573, 134, 571, 135, 2, -1, -0.4636476090008061, 2.23606797749979
1402, 2, 453, 352, 451, 353, 2, -1, -0.4636476090008061, 2.23606797749979
1402, 6, 594, 342, 593, 343, 1, -1, -0.7853981633974483, 1.4142135623730951
1402, 7, 315, 99, 314, 100, 1, -1, -0.7853981633974483, 1.4142135623730951
1402, 14, 446, 347, 444, 348, 2, -1, -0.4636476090008061, 2.23606797749979
1402, 19, 488, 350, 487, 351, 1, -1, -0.7853981633974483, 1.4142135623730951
1402, 23, 536, 128, 534, 129, 2, -1, -0.4636476090008061, 2.23606797749979
1402, 27, 402, 404, 401, 405, 1, -1, -0.7853981633974483, 1.4142135623730951
1402, 28, 535, 367, 533, 369, 2, -2, -0.7853981633974483, 2.8284271247461903
1402, 30, 411, 100, 410, 101, 1, -1, -0.7853981633974483, 1.4142135623730951
1402, 31, 524, 345, 522, 346, 2, -1, -0.4636476090008061, 2.23606797749979
1402, 35, 286, 107, 285, 108, 1, -1, -0.7853981633974483, 1.4142135623730951
1402, 36, 541, 369, 540, 370, 1, -1, -0.7853981633974483, 1.4142135623730951
1403, 0, 501, 125, 500, 126, 1, -1, -0.7853981633974483, 1.4142135623730951
1403, 1, 575, 133, 573, 134, 2, -1, -0.4636476090008061, 2.23606797749979
1403, 2, 455, 351, 453, 352, 2, -1, -0.4636476090008061, 2.23606797749979
1403, 7, 317, 99, 315, 99, 2, 0, 0.0, 2.0
1403, 9, 567, 339, 565, 339, 2, 0, 0.0, 2.0
1403, 10, 440, 404, 439, 405, 1, -1, -0.7853981633974483, 1.4142135623730951
1403, 13, 561, 366, 559, 367, 2, -1, -0.4636476090008061, 2.23606797749979
1403, 14, 448, 346, 446, 347, 2, -1, -0.4636476090008061, 2.23606797749979
1403, 15, 517, 404, 515, 404, 2, 0, 0.0, 2.0
1403, 17, 343, 405, 342, 406, 1, -1, -0.7853981633974483, 1.4142135623730951
1403, 19, 490, 349, 488, 350, 2, -1, -0.4636476090008061, 2.23606797749979
1403, 23, 538, 127, 536, 128, 2, -1, -0.4636476090008061, 2.23606797749979
1403, 25, 609, 380, 608, 381, 1, -1, -0.7853981633974483, 1.4142135623730951
1403, 29, 412, 99, 411, 100, 1, -1, -0.7853981633974483, 1.4142135623730951
1403, 30, 526, 344, 524, 345, 2, -1, -0.4636476090008061, 2.23606797749979
1403, 32, 429, 394, 428, 395, 1, -1, -0.7853981633974483, 1.4142135623730951
1403, 35, 542, 368, 541, 369, 1, -1, -0.7853981633974483, 1.4142135623730951
1404, 1, 577, 133, 575, 133, 2, 0, 0.0, 2.0
1404, 4, 340, 122, 339, 123, 1, -1, -0.7853981633974483, 1.4142135623730951
1404, 8, 343, 398, 342, 399, 1, -1, -0.7853981633974483, 1.4142135623730951
1404, 9, 569, 339, 567, 339, 2, 0, 0.0, 2.0
1404, 10, 441, 403, 440, 404, 1, -1, -0.7853981633974483, 1.4142135623730951
1404, 13, 562, 364, 561, 366, 1, -2, -1.1071487177940904, 2.23606797749979
1404, 14, 450, 346, 448, 346, 2, 0, 0.0, 2.0
1404, 17, 344, 404, 343, 405, 1, -1, -0.7853981633974483, 1.4142135623730951
1404, 18, 509, 378, 507, 379, 2, -1, -0.4636476090008061, 2.23606797749979
1404, 22, 310, 125, 309, 126, 1, -1, -0.7853981633974483, 1.4142135623730951
1404, 24, 457, 99, 455, 100, 2, -1, -0.4636476090008061, 2.23606797749979
1404, 26, 404, 403, 403, 404, 1, -1, -0.7853981633974483, 1.4142135623730951
1404, 27, 536, 366, 535, 367, 1, -1, -0.7853981633974483, 1.4142135623730951
1404, 28, 358, 98, 357, 99, 1, -1, -0.7853981633974483, 1.4142135623730951
1404, 30, 527, 343, 526, 344, 1, -1, -0.7853981633974483, 1.4142135623730951
1404, 32, 431, 393, 429, 394, 2, -1, -0.4636476090008061, 2.23606797749979
1404, 34, 288, 106, 287, 107, 1, -1, -0.7853981633974483, 1.4142135623730951
1405, 0, 502, 127, 500, 127, 2, 0, 0.0, 2.0
1405, 1, 574, 135, 572, 136, 2, -1, -0.4636476090008061, 2.23606797749979
1405, 6, 598, 345, 596, 345, 2, 0, 0.0, 2.0
1405, 7, 343, 398, 342, 399, 1, -1, -0.7853981633974483, 1.4142135623730951
1405, 8, 458, 101, 456, 101, 2, 0, 0.0, 2.0
1405, 9, 317, 101, 316, 102, 1, -1, -0.7853981633974483, 1.4142135623730951
1405, 10, 625, 148, 624, 149, 1, -1, -0.7853981633974483, 1.4142135623730951
1405, 15, 508, 110, 507, 111, 1, -1, -0.7853981633974483, 1.4142135623730951
1405, 16, 565, 367, 563, 368, 2, -1, -0.4636476090008061, 2.23606797749979
1405, 18, 491, 351, 490, 352, 1, -1, -0.7853981633974483, 1.4142135623730951
1405, 21, 250, 155, 250, 157, 0, -2, -1.5707963267948966, 2.0
1405, 22, 569, 341, 567, 341, 2, 0, 0.0, 2.0
1405, 23, 311, 126, 310, 127, 1, -1, -0.7853981633974483, 1.4142135623730951
1405, 24, 508, 378, 506, 378, 2, 0, 0.0, 2.0
1405, 25, 526, 347, 525, 348, 1, -1, -0.7853981633974483, 1.4142135623730951
1405, 26, 282, 110, 280, 112, 2, -2, -0.7853981633974483, 2.8284271247461903
1405, 28, 608, 380, 607, 381, 1, -1, -0.7853981633974483, 1.4142135623730951
1405, 29, 635, 362, 637, 364, -2, -2, -2.356194490192345, 2.8284271247461903
1405, 30, 407, 405, 405, 405, 2, 0, 0.0, 2.0
1405, 32, 434, 393, 431, 395, 3, -2, -0.5880026035475675, 3.605551275463989
1405, 35, 555, 143, 553, 144, 2, -1, -0.4636476090008061, 2.23606797749979
1405, 39, 359, 102, 358, 103, 1, -1, -0.7853981633974483, 1.4142135623730951
1405, 41, 434, 126, 433, 127, 1, -1, -0.7853981633974483, 1.4142135623730951
1405, 43, 280, 83, 278, 83, 2, 0, 0.0, 2.0
1405, 44, 442, 397, 440, 397, 2, 0, 0.0, 2.0
1405, 45, 519, 72, 518, 73, 1, -1, -0.7853981633974483, 1.4142135623730951
1406, 0, 504, 127, 502, 127, 2, 0, 0.0, 2.0
1406, 1, 575, 134, 574, 135, 1, -1, -0.7853981633974483, 1.4142135623730951
1406, 2, 455, 353, 454, 354, 1, -1, -0.7853981633974483, 1.4142135623730951
1406, 3, 341, 124, 340, 125, 1, -1, -0.7853981633974483, 1.4142135623730951
1406, 6, 600, 345, 598, 345, 2, 0, 0.0, 2.0
1406, 7, 345, 397, 343, 398, 2, -1, -0.4636476090008061, 2.23606797749979
1406, 9, 318, 100, 317, 101, 1, -1, -0.7853981633974483, 1.4142135623730951
1406, 10, 627, 148, 625, 148, 2, 0, 0.0, 2.0
1406, 11, 385, 103, 384, 104, 1, -1, -0.7853981633974483, 1.4142135623730951
1406, 12, 246, 145, 246, 147, 0, -2, -1.5707963267948966, 2.0
1406, 16, 568, 365, 565, 367, 3, -2, -0.5880026035475675, 3.605551275463989
1406, 17, 540, 127, 539, 128, 1, -1, -0.7853981633974483, 1.4142135623730951
1406, 18, 493, 350, 491, 351, 2, -1, -0.4636476090008061, 2.23606797749979
1406, 19, 443, 406, 441, 406, 2, 0, 0.0, 2.0
1406, 21, 251, 153, 250, 155, 1, -2, -1.1071487177940904, 2.23606797749979
1406, 22, 571, 341, 569, 341, 2, 0, 0.0, 2.0
1406, 23, 312, 125, 311, 126, 1, -1, -0.7853981633974483, 1.4142135623730951
1406, 24, 511, 376, 508, 378, 3, -2, -0.5880026035475675, 3.605551275463989
1406, 25, 527, 346, 526, 347, 1, -1, -0.7853981633974483, 1.4142135623730951
1406, 26, 284, 110, 282, 110, 2, 0, 0.0, 2.0
1406, 28, 609, 379, 608, 380, 1, -1, -0.7853981633974483, 1.4142135623730951
1406, 31, 485, 99, 484, 100, 1, -1, -0.7853981633974483, 1.4142135623730951
1406, 32, 438, 392, 434, 393, 4, -1, -0.24497866312686414, 4.123105625617661
1406, 34, 274, 129, 273, 131, 1, -2, -1.1071487177940904, 2.23606797749979
1406, 36, 414, 100, 413, 101, 1, -1, -0.7853981633974483, 1.4142135623730951
1406, 37, 289, 105, 288, 106, 1, -1, -0.7853981633974483, 1.4142135623730951
1406, 39, 360, 101, 359, 102, 1, -1, -0.7853981633974483, 1.4142135623730951
1406, 40, 312, 371, 311, 372, 1, -1, -0.7853981633974483, 1.4142135623730951
1406, 43, 282, 83, 280, 83, 2, 0, 0.0, 2.0
1406, 44, 443, 396, 442, 397, 1, -1, -0.7853981633974483, 1.4142135623730951
1407, 0, 506, 127, 504, 127, 2, 0, 0.0, 2.0
1407, 1, 577, 134, 575, 134, 2, 0, 0.0, 2.0
1407, 6, 601, 344, 600, 345, 1, -1, -0.7853981633974483, 1.4142135623730951
1407, 7, 347, 396, 345, 397, 2, -1, -0.4636476090008061, 2.23606797749979
1407, 8, 461, 101, 459, 101, 2, 0, 0.0, 2.0
1407, 9, 319, 99, 318, 100, 1, -1, -0.7853981633974483, 1.4142135623730951
1407, 11, 386, 102, 385, 103, 1, -1, -0.7853981633974483, 1.4142135623730951
1407, 16, 571, 364, 568, 365, 3, -1, -0.3217505543966422, 3.1622776601683795
1407, 17, 541, 126, 540, 127, 1, -1, -0.7853981633974483, 1.4142135623730951
1407, 20, 520, 403, 519, 404, 1, -1, -0.7853981633974483, 1.4142135623730951
1407, 21, 251, 151, 251, 153, 0, -2, -1.5707963267948966, 2.0
1407, 22, 572, 340, 571, 341, 1, -1, -0.7853981633974483, 1.4142135623730951
1407, 23, 313, 124, 312, 125, 1, -1, -0.7853981633974483, 1.4142135623730951
1407, 24, 513, 375, 511, 376, 2, -1, -0.4636476090008061, 2.23606797749979
1407, 25, 528, 345, 527, 346, 1, -1, -0.7853981633974483, 1.4142135623730951
1407, 27, 635, 329, 634, 330, 1, -1, -0.7853981633974483, 1.4142135623730951
1407, 28, 611, 378, 609, 379, 2, -1, -0.4636476090008061, 2.23606797749979
1407, 32, 442, 390, 438, 392, 4, -2, -0.4636476090008061, 4.47213595499958
1407, 34, 275, 128, 274, 129, 1, -1, -0.7853981633974483, 1.4142135623730951
1407, 41, 437, 126, 435, 126, 2, 0, 0.0, 2.0
1407, 43, 283, 82, 282, 83, 1, -1, -0.7853981633974483, 1.4142135623730951
1407, 44, 444, 395, 443, 396, 1, -1, -0.7853981633974483, 1.4142135623730951
1408, 2, 457, 352, 456, 353, 1, -1, -0.7853981633974483, 1.4142135623730951
1408, 3, 343, 123, 342, 124, 1, -1, -0.7853981633974483, 1.4142135623730951
1408, 6, 602, 343, 601, 344, 1, -1, -0.7853981633974483, 1.4142135623730951
1408, 7, 349, 395, 347, 396, 2, -1, -0.4636476090008061, 2.23606797749979
1408, 10, 629, 147, 628, 148, 1, -1, -0.7853981633974483, 1.4142135623730951
1408, 11, 387, 101, 386, 102, 1, -1, -0.7853981633974483, 1.4142135623730951
1408, 13, 347, 407, 346, 408, 1, -1, -0.7853981633974483, 1.4142135623730951
1408, 16, 574, 362, 571, 364, 3, -2, -0.5880026035475675, 3.605551275463989
1408, 18, 495, 349, 494, 350, 1, -1, -0.7853981633974483, 1.4142135623730951
1408, 21, 252, 148, 251, 151, 1, -3, -1.2490457723982544, 3.1622776601683795
1408, 22, 573, 339, 572, 340, 1, -1, -0.7853981633974483, 1.4142135623730951
1408, 25, 530, 345, 528, 345, 2, 0, 0.0, 2.0
1408, 26, 286, 109, 285, 110, 1, -1, -0.7853981633974483, 1.4142135623730951
1408, 28, 612, 377, 611, 378, 1, -1, -0.7853981633974483, 1.4142135623730951
1408, 29, 635, 358, 635, 360, 0, -2, -1.5707963267948966, 2.0
1408, 30, 410, 404, 409, 405, 1, -1, -0.7853981633974483, 1.4142135623730951
1408, 32, 444, 388, 442, 390, 2, -2, -0.7853981633974483, 2.8284271247461903
1408, 35, 553, 142, 555, 142, -2, 0, 3.141592653589793, 2.0
1408, 36, 417, 99, 415, 100, 2, -1, -0.4636476090008061, 2.23606797749979
1408, 37, 291, 104, 290, 105, 1, -1, -0.7853981633974483, 1.4142135623730951
1408, 39, 362, 100, 361, 101, 1, -1, -0.7853981633974483, 1.4142135623730951
1408, 40, 314, 370, 313, 371, 1, -1, -0.7853981633974483, 1.4142135623730951
1408, 41, 439, 126, 437, 126, 2, 0, 0.0, 2.0
1408, 43, 285, 82, 283, 82, 2, 0, 0.0, 2.0
1408, 44, 445, 394, 444, 395, 1, -1, -0.7853981633974483, 1.4142135623730951
1408, 45, 522, 71, 521, 72, 1, -1, -0.7853981633974483, 1.4142135623730951
1409, 1, 579, 133, 578, 134, 1, -1, -0.7853981633974483, 1.4142135623730951
1409, 2, 458, 351, 457, 352, 1, -1, -0.7853981633974483, 1.4142135623730951
1409, 3, 344, 122, 343, 123, 1, -1, -0.7853981633974483, 1.4142135623730951
1409, 6, 603, 342, 602, 343, 1, -1, -0.7853981633974483, 1.4142135623730951
1409, 7, 351, 394, 349, 395, 2, -1, -0.4636476090008061, 2.23606797749979
1409, 10, 630, 146, 629, 147, 1, -1, -0.7853981633974483, 1.4142135623730951
1409, 11, 388, 100, 387, 101, 1, -1, -0.7853981633974483, 1.4142135623730951
1409, 12, 246, 141, 246, 143, 0, -2, -1.5707963267948966, 2.0
1409, 13, 348, 406, 347, 407, 1, -1, -0.7853981633974483, 1.4142135623730951
1409, 14, 256, 116, 255, 117, 1, -1, -0.7853981633974483, 1.4142135623730951
1409, 16, 576, 360, 574, 362, 2, -2, -0.7853981633974483, 2.8284271247461903
1409, 17, 544, 125, 542, 126, 2, -1, -0.4636476090008061, 2.23606797749979
1409, 18, 497, 348, 495, 349, 2, -1, -0.4636476090008061, 2.23606797749979
1409, 20, 522, 402, 521, 403, 1, -1, -0.7853981633974483, 1.4142135623730951
1409, 21, 252, 145, 252, 148, 0, -3, -1.5707963267948966, 3.0
1409, 22, 574, 338, 573, 339, 1, -1, -0.7853981633974483, 1.4142135623730951
1409, 24, 515, 374, 514, 375, 1, -1, -0.7853981633974483, 1.4142135623730951
1409, 25, 532, 344, 530, 345, 2, -1, -0.4636476090008061, 2.23606797749979
1409, 28, 613, 376, 612, 377, 1, -1, -0.7853981633974483, 1.4142135623730951
1409, 31, 486, 98, 485, 99, 1, -1, -0.7853981633974483, 1.4142135623730951
1409, 32, 449, 388, 444, 388, 5, 0, 0.0, 5.0
1409, 33, 223, 348, 225, 348, -2, 0, 3.141592653589793, 2.0
1409, 36, 418, 98, 417, 99, 1, -1, -0.7853981633974483, 1.4142135623730951
1409, 37, 292, 103, 291, 104, 1, -1, -0.7853981633974483, 1.4142135623730951
1409, 43, 286, 81, 285, 82, 1, -1, -0.7853981633974483, 1.4142135623730951
1409, 44, 448, 393, 445, 394, 3, -1, -0.3217505543966422, 3.1622776601683795
1409, 45, 523, 70, 522, 71, 1, -1, -0.7853981633974483, 1.4142135623730951
1410, 4, 605, 343, 604, 345, 1, -2, -1.1071487177940904, 2.23606797749979
1410, 10, 631, 149, 630, 150, 1, -1, -0.7853981633974483, 1.4142135623730951
1410, 13, 574, 364, 571, 365, 3, -1, -0.3217505543966422, 3.1622776601683795
1410, 16, 497, 351, 495, 352, 2, -1, -0.4636476090008061, 2.23606797749979
1410, 20, 523, 403, 522, 404, 1, -1, -0.7853981633974483, 1.4142135623730951
1410, 21, 574, 339, 572, 341, 2, -2, -0.7853981633974483, 2.8284271247461903
1410, 22, 532, 346, 530, 347, 2, -1, -0.4636476090008061, 2.23606797749979
1410, 23, 262, 125, 261, 126, 1, -1, -0.7853981633974483, 1.4142135623730951
1410, 28, 458, 345, 457, 346, 1, -1, -0.7853981633974483, 1.4142135623730951
1410, 29, 292, 108, 291, 109, 1, -1, -0.7853981633974483, 1.4142135623730951
1410, 31, 615, 380, 614, 381, 1, -1, -0.7853981633974483, 1.4142135623730951
1410, 32, 281, 365, 280, 366, 1, -1, -0.7853981633974483, 1.4142135623730951
1410, 33, 465, 132, 464, 133, 1, -1, -0.7853981633974483, 1.4142135623730951
1410, 35, 279, 130, 278, 131, 1, -1, -0.7853981633974483, 1.4142135623730951
1410, 36, 471, 85, 469, 85, 2, 0, 0.0, 2.0
1410, 39, 513, 394, 512, 395, 1, -1, -0.7853981633974483, 1.4142135623730951
1410, 40, 583, 377, 581, 377, 2, 0, 0.0, 2.0
1410, 41, 503, 371, 502, 372, 1, -1, -0.7853981633974483, 1.4142135623730951
1410, 44, 488, 95, 487, 96, 1, -1, -0.7853981633974483, 1.4142135623730951
1410, 45, 410, 399, 408, 399, 2, 0, 0.0, 2.0
1411, 2, 459, 353, 458, 354, 1, -1, -0.7853981633974483, 1.4142135623730951
1411, 4, 607, 342, 605, 343, 2, -1, -0.4636476090008061, 2.23606797749979
1411, 5, 344, 124, 343, 125, 1, -1, -0.7853981633974483, 1.4142135623730951
1411, 6, 258, 117, 257, 118, 1, -1, -0.7853981633974483, 1.4142135623730951
1411, 9, 462, 100, 461, 101, 1, -1, -0.7853981633974483, 1.4142135623730951
1411, 10, 633, 148, 631, 149, 2, -1, -0.4636476090008061, 2.23606797749979
1411, 12, 322, 99, 321, 100, 1, -1, -0.7853981633974483, 1.4142135623730951
1411, 13, 576, 364, 574, 364, 2, 0, 0.0, 2.0
1411, 14, 515, 379, 513, 379, 2, 0, 0.0, 2.0
1411, 15, 450, 407, 448, 407, 2, 0, 0.0, 2.0
1411, 16, 499, 350, 497, 351, 2, -1, -0.4636476090008061, 2.23606797749979
1411, 18, 316, 127, 315, 128, 1, -1, -0.7853981633974483, 1.4142135623730951
1411, 21, 577, 338, 574, 339, 3, -1, -0.3217505543966422, 3.1622776601683795
1411, 22, 534, 346, 532, 346, 2, 0, 0.0, 2.0
1411, 23, 264, 124, 262, 125, 2, -1, -0.4636476090008061, 2.23606797749979
1411, 25, 547, 127, 545, 128, 2, -1, -0.4636476090008061, 2.23606797749979
1411, 26, 419, 103, 418, 104, 1, -1, -0.7853981633974483, 1.4142135623730951
1411, 27, 359, 102, 358, 103, 1, -1, -0.7853981633974483, 1.4142135623730951
1411, 29, 293, 107, 292, 108, 1, -1, -0.7853981633974483, 1.4142135623730951
1411, 31, 617, 379, 615, 380, 2, -1, -0.4636476090008061, 2.23606797749979
1411, 32, 282, 364, 281, 365, 1, -1, -0.7853981633974483, 1.4142135623730951
1411, 33, 467, 131, 465, 132, 2, -1, -0.4636476090008061, 2.23606797749979
1411, 35, 280, 129, 279, 130, 1, -1, -0.7853981633974483, 1.4142135623730951
1411, 37, 499, 91, 497, 91, 2, 0, 0.0, 2.0
1411, 40, 585, 377, 583, 377, 2, 0, 0.0, 2.0
1411, 41, 505, 370, 503, 371, 2, -1, -0.4636476090008061, 2.23606797749979
1411, 42, 440, 398, 439, 399, 1, -1, -0.7853981633974483, 1.4142135623730951
1411, 44, 490, 94, 488, 95, 2, -1, -0.4636476090008061, 2.23606797749979
1412, 0, 581, 136, 579, 136, 2, 0, 0.0, 2.0
1412, 2, 460, 352, 459, 353, 1, -1, -0.7853981633974483, 1.4142135623730951
1412, 4, 609, 341, 607, 342, 2, -1, -0.4636476090008061, 2.23606797749979
1412, 5, 346, 123, 344, 124, 2, -1, -0.4636476090008061, 2.23606797749979
1412, 6, 259, 114, 258, 117, 1, -3, -1.2490457723982544, 3.1622776601683795
1412, 7, 390, 102, 389, 103, 1, -1, -0.7853981633974483, 1.4142135623730951
1412, 8, 246, 140, 248, 144, -2, -4, -2.0344439357957027, 4.47213595499958
1412, 9, 463, 99, 462, 100, 1, -1, -0.7853981633974483, 1.4142135623730951
1412, 10, 635, 147, 633, 148, 2, -1, -0.4636476090008061, 2.23606797749979
1412, 14, 517, 378, 515, 379, 2, -1, -0.4636476090008061, 2.23606797749979
1412, 15, 452, 407, 450, 407, 2, 0, 0.0, 2.0
1412, 16, 500, 349, 499, 350, 1, -1, -0.7853981633974483, 1.4142135623730951
1412, 19, 412, 405, 411, 406, 1, -1, -0.7853981633974483, 1.4142135623730951
1412, 20, 525, 402, 524, 403, 1, -1, -0.7853981633974483, 1.4142135623730951
1412, 21, 580, 337, 577, 338, 3, -1, -0.3217505543966422, 3.1622776601683795
1412, 22, 535, 345, 534, 346, 1, -1, -0.7853981633974483, 1.4142135623730951
1412, 25, 420, 102, 419, 103, 1, -1, -0.7853981633974483, 1.4142135623730951
1412, 26, 360, 101, 359, 102, 1, -1, -0.7853981633974483, 1.4142135623730951
1412, 27, 460, 344, 459, 345, 1, -1, -0.7853981633974483, 1.4142135623730951
1412, 28, 294, 106, 293, 107, 1, -1, -0.7853981633974483, 1.4142135623730951
1412, 30, 619, 378, 617, 379, 2, -1, -0.4636476090008061, 2.23606797749979
1412, 32, 469, 131, 467, 131, 2, 0, 0.0, 2.0
1412, 35, 473, 83, 472, 85, 1, -2, -1.1071487177940904, 2.23606797749979
1412, 39, 587, 377, 585, 377, 2, 0, 0.0, 2.0
1412, 40, 508, 368, 505, 370, 3, -2, -0.5880026035475675, 3.605551275463989
1412, 41, 441, 397, 440, 398, 1, -1, -0.7853981633974483, 1.4142135623730951
1412, 44, 413, 399, 411, 399, 2, 0, 0.0, 2.0
1412, 46, 250, 152, 249, 154, 1, -2, -1.1071487177940904, 2.23606797749979
1413, 2, 461, 351, 460, 352, 1, -1, -0.7853981633974483, 1.4142135623730951
1413, 4, 611, 340, 609, 341, 2, -1, -0.4636476090008061, 2.23606797749979
1413, 7, 391, 101, 390, 102, 1, -1, -0.7853981633974483, 1.4142135623730951
1413, 9, 464, 98, 463, 99, 1, -1, -0.7853981633974483, 1.4142135623730951
1413, 12, 323, 97, 322, 98, 1, -1, -0.7853981633974483, 1.4142135623730951
1413, 14, 519, 377, 517, 378, 2, -1, -0.4636476090008061, 2.23606797749979
1413, 15, 454, 407, 452, 407, 2, 0, 0.0, 2.0
1413, 16, 502, 348, 500, 349, 2, -1, -0.4636476090008061, 2.23606797749979
1413, 19, 413, 404, 412, 405, 1, -1, -0.7853981633974483, 1.4142135623730951
1413, 20, 526, 401, 525, 402, 1, -1, -0.7853981633974483, 1.4142135623730951
1413, 21, 582, 336, 580, 337, 2, -1, -0.4636476090008061, 2.23606797749979
1413, 22, 536, 344, 535, 345, 1, -1, -0.7853981633974483, 1.4142135623730951
1413, 24, 550, 127, 548, 127, 2, 0, 0.0, 2.0
1413, 26, 361, 100, 360, 101, 1, -1, -0.7853981633974483, 1.4142135623730951
1413, 30, 621, 377, 619, 378, 2, -1, -0.4636476090008061, 2.23606797749979
1413, 33, 501, 135, 499, 135, 2, 0, 0.0, 2.0
1413, 39, 589, 377, 587, 377, 2, 0, 0.0, 2.0
1413, 40, 511, 367, 508, 368, 3, -1, -0.3217505543966422, 3.1622776601683795
1413, 42, 528, 73, 527, 74, 1, -1, -0.7853981633974483, 1.4142135623730951
1413, 44, 414, 398, 413, 399, 1, -1, -0.7853981633974483, 1.4142135623730951
1414, 1, 510, 127, 509, 128, 1, -1, -0.7853981633974483, 1.4142135623730951
1414, 4, 614, 339, 611, 340, 3, -1, -0.3217505543966422, 3.1622776601683795
1414, 8, 247, 137, 246, 139, 1, -2, -1.1071487177940904, 2.23606797749979
1414, 11, 573, 142, 571, 142, 2, 0, 0.0, 2.0
1414, 14, 521, 376, 519, 377, 2, -1, -0.4636476090008061, 2.23606797749979
1414, 15, 456, 407, 454, 407, 2, 0, 0.0, 2.0
1414, 16, 503, 347, 502, 348, 1, -1, -0.7853981633974483, 1.4142135623730951
1414, 17, 348, 402, 347, 403, 1, -1, -0.7853981633974483, 1.4142135623730951
1414, 19, 414, 403, 413, 404, 1, -1, -0.7853981633974483, 1.4142135623730951
1414, 20, 527, 400, 526, 401, 1, -1, -0.7853981633974483, 1.4142135623730951
1414, 21, 582, 334, 582, 336, 0, -2, -1.5707963267948966, 2.0
1414, 22, 537, 343, 536, 344, 1, -1, -0.7853981633974483, 1.4142135623730951
1414, 26, 362, 99, 361, 100, 1, -1, -0.7853981633974483, 1.4142135623730951
1414, 28, 295, 104, 294, 105, 1, -1, -0.7853981633974483, 1.4142135623730951
1414, 30, 622, 376, 621, 377, 1, -1, -0.7853981633974483, 1.4142135623730951
1414, 34, 281, 126, 280, 127, 1, -1, -0.7853981633974483, 1.4142135623730951
1414, 40, 513, 366, 511, 367, 2, -1, -0.4636476090008061, 2.23606797749979
1414, 42, 529, 72, 528, 73, 1, -1, -0.7853981633974483, 1.4142135623730951
1414, 43, 493, 93, 492, 94, 1, -1, -0.7853981633974483, 1.4142135623730951
1414, 44, 415, 397, 414, 398, 1, -1, -0.7853981633974483, 1.4142135623730951
1415, 5, 325, 100, 324, 101, 1, -1, -0.7853981633974483, 1.4142135623730951
1415, 7, 349, 125, 347, 125, 2, 0, 0.0, 2.0
1415, 8, 579, 337, 578, 338, 1, -1, -0.7853981633974483, 1.4142135623730951
1415, 9, 414, 404, 413, 405, 1, -1, -0.7853981633974483, 1.4142135623730951
1415, 10, 608, 343, 607, 344, 1, -1, -0.7853981633974483, 1.4142135623730951
1415, 14, 635, 149, 637, 149, -2, 0, 3.141592653589793, 2.0
1415, 15, 446, 397, 445, 398, 1, -1, -0.7853981633974483, 1.4142135623730951
1415, 16, 550, 127, 549, 128, 1, -1, -0.7853981633974483, 1.4142135623730951
1415, 17, 319, 129, 318, 130, 1, -1, -0.7853981633974483, 1.4142135623730951
1415, 18, 519, 377, 517, 378, 2, -1, -0.4636476090008061, 2.23606797749979
1415, 23, 255, 145, 255, 148, 0, -3, -1.5707963267948966, 3.0
1415, 26, 453, 406, 452, 407, 1, -1, -0.7853981633974483, 1.4142135623730951
1415, 28, 264, 123, 263, 125, 1, -2, -1.1071487177940904, 2.23606797749979
1415, 32, 444, 127, 442, 127, 2, 0, 0.0, 2.0
1415, 33, 621, 379, 620, 380, 1, -1, -0.7853981633974483, 1.4142135623730951
1415, 34, 481, 93, 478, 95, 3, -2, -0.5880026035475675, 3.605551275463989
1415, 36, 285, 367, 284, 368, 1, -1, -0.7853981633974483, 1.4142135623730951
1415, 38, 443, 81, 441, 82, 2, -1, -0.4636476090008061, 2.23606797749979
1415, 39, 536, 346, 535, 347, 1, -1, -0.7853981633974483, 1.4142135623730951
1416, 2, 510, 129, 509, 128, 1, 1, 0.7853981633974483, 1.4142135623730951
1416, 7, 350, 124, 349, 125, 1, -1, -0.7853981633974483, 1.4142135623730951
1416, 8, 580, 336, 579, 337, 1, -1, -0.7853981633974483, 1.4142135623730951
1416, 9, 415, 403, 414, 404, 1, -1, -0.7853981633974483, 1.4142135623730951
1416, 11, 393, 102, 392, 103, 1, -1, -0.7853981633974483, 1.4142135623730951
1416, 12, 349, 401, 348, 402, 1, -1, -0.7853981633974483, 1.4142135623730951
1416, 13, 467, 100, 466, 101, 1, -1, -0.7853981633974483, 1.4142135623730951
1416, 16, 551, 126, 550, 127, 1, -1, -0.7853981633974483, 1.4142135623730951
1416, 17, 320, 128, 319, 129, 1, -1, -0.7853981633974483, 1.4142135623730951
1416, 18, 521, 376, 519, 377, 2, -1, -0.4636476090008061, 2.23606797749979
1416, 20, 504, 350, 501, 351, 3, -1, -0.3217505543966422, 3.1622776601683795
1416, 21, 353, 408, 352, 409, 1, -1, -0.7853981633974483, 1.4142135623730951
1416, 22, 524, 107, 523, 108, 1, -1, -0.7853981633974483, 1.4142135623730951
1416, 23, 254, 143, 255, 145, -1, -2, -2.0344439357957027, 2.23606797749979
1416, 25, 528, 403, 527, 404, 1, -1, -0.7853981633974483, 1.4142135623730951
1416, 26, 454, 405, 453, 406, 1, -1, -0.7853981633974483, 1.4142135623730951
1416, 28, 265, 122, 264, 123, 1, -1, -0.7853981633974483, 1.4142135623730951
1416, 30, 298, 108, 296, 109, 2, -1, -0.4636476090008061, 2.23606797749979
1416, 33, 623, 378, 621, 379, 2, -1, -0.4636476090008061, 2.23606797749979
1416, 34, 483, 92, 481, 93, 2, -1, -0.4636476090008061, 2.23606797749979
1416, 37, 575, 371, 574, 372, 1, -1, -0.7853981633974483, 1.4142135623730951
1416, 38, 445, 80, 443, 81, 2, -1, -0.4636476090008061, 2.23606797749979
1416, 39, 537, 345, 536, 346, 1, -1, -0.7853981633974483, 1.4142135623730951
1417, 0, 585, 135, 583, 136, 2, -1, -0.4636476090008061, 2.23606797749979
1417, 1, 465, 354, 463, 354, 2, 0, 0.0, 2.0
1417, 2, 512, 129, 510, 129, 2, 0, 0.0, 2.0
1417, 5, 326, 99, 325, 100, 1, -1, -0.7853981633974483, 1.4142135623730951
1417, 7, 351, 123, 350, 124, 1, -1, -0.7853981633974483, 1.4142135623730951
1417, 10, 609, 342, 608, 343, 1, -1, -0.7853981633974483, 1.4142135623730951
1417, 13, 468, 99, 467, 100, 1, -1, -0.7853981633974483, 1.4142135623730951
1417, 17, 321, 127, 320, 128, 1, -1, -0.7853981633974483, 1.4142135623730951
1417, 18, 523, 375, 521, 376, 2, -1, -0.4636476090008061, 2.23606797749979
1417, 19, 250, 139, 249, 140, 1, -1, -0.7853981633974483, 1.4142135623730951
1417, 21, 354, 407, 353, 408, 1, -1, -0.7853981633974483, 1.4142135623730951
1417, 22, 526, 106, 524, 107, 2, -1, -0.4636476090008061, 2.23606797749979
1417, 23, 254, 141, 254, 143, 0, -2, -1.5707963267948966, 2.0
1417, 24, 427, 104, 425, 104, 2, 0, 0.0, 2.0
1417, 25, 529, 402, 528, 403, 1, -1, -0.7853981633974483, 1.4142135623730951
1417, 26, 455, 404, 454, 405, 1, -1, -0.7853981633974483, 1.4142135623730951
1417, 28, 266, 121, 265, 122, 1, -1, -0.7853981633974483, 1.4142135623730951
1417, 29, 368, 102, 366, 103, 2, -1, -0.4636476090008061, 2.23606797749979
1417, 30, 299, 107, 298, 108, 1, -1, -0.7853981633974483, 1.4142135623730951
1417, 33, 624, 377, 623, 378, 1, -1, -0.7853981633974483, 1.4142135623730951
1417, 34, 486, 91, 483, 92, 3, -1, -0.3217505543966422, 3.1622776601683795
1417, 38, 446, 79, 445, 80, 1, -1, -0.7853981633974483, 1.4142135623730951
1417, 39, 540, 343, 537, 345, 3, -2, -0.5880026035475675, 3.605551275463989
1418, 0, 587, 135, 585, 135, 2, 0, 0.0, 2.0
1418, 5, 327, 98, 326, 99, 1, -1, -0.7853981633974483, 1.4142135623730951
1418, 8, 583, 336, 581, 336, 2, 0, 0.0, 2.0
1418, 9, 417, 402, 416, 403, 1, -1, -0.7853981633974483, 1.4142135623730951
1418, 11, 395, 101, 394, 102, 1, -1, -0.7853981633974483, 1.4142135623730951
1418, 16, 554, 125, 552, 126, 2, -1, -0.4636476090008061, 2.23606797749979
1418, 17, 322, 126, 321, 127, 1, -1, -0.7853981633974483, 1.4142135623730951
1418, 18, 524, 374, 523, 375, 1, -1, -0.7853981633974483, 1.4142135623730951
1418, 20, 506, 348, 505, 350, 1, -2, -1.1071487177940904, 2.23606797749979
1418, 25, 530, 401, 529, 402, 1, -1, -0.7853981633974483, 1.4142135623730951
1418, 26, 456, 403, 455, 404, 1, -1, -0.7853981633974483, 1.4142135623730951
1418, 30, 300, 106, 299, 107, 1, -1, -0.7853981633974483, 1.4142135623730951
1418, 32, 447, 126, 446, 127, 1, -1, -0.7853981633974483, 1.4142135623730951
1418, 33, 625, 376, 624, 377, 1, -1, -0.7853981633974483, 1.4142135623730951
1418, 34, 488, 91, 486, 91, 2, 0, 0.0, 2.0
1418, 37, 577, 370, 576, 371, 1, -1, -0.7853981633974483, 1.4142135623730951
1418, 38, 447, 78, 446, 79, 1, -1, -0.7853981633974483, 1.4142135623730951
1418, 39, 543, 342, 540, 343, 3, -1, -0.3217505543966422, 3.1622776601683795
1419, 2, 514, 128, 513, 129, 1, -1, -0.7853981633974483, 1.4142135623730951
1419, 5, 328, 97, 327, 98, 1, -1, -0.7853981633974483, 1.4142135623730951
1419, 7, 353, 122, 351, 122, 2, 0, 0.0, 2.0
1419, 8, 585, 335, 583, 336, 2, -1, -0.4636476090008061, 2.23606797749979
1419, 10, 612, 342, 610, 342, 2, 0, 0.0, 2.0
1419, 11, 396, 100, 395, 101, 1, -1, -0.7853981633974483, 1.4142135623730951
1419, 12, 352, 400, 351, 401, 1, -1, -0.7853981633974483, 1.4142135623730951
1419, 13, 470, 98, 469, 99, 1, -1, -0.7853981633974483, 1.4142135623730951
1419, 16, 556, 124, 554, 125, 2, -1, -0.4636476090008061, 2.23606797749979
1419, 17, 323, 125, 322, 126, 1, -1, -0.7853981633974483, 1.4142135623730951
1419, 18, 526, 373, 524, 374, 2, -1, -0.4636476090008061, 2.23606797749979
1419, 20, 508, 346, 506, 348, 2, -2, -0.7853981633974483, 2.8284271247461903
1419, 22, 528, 105, 527, 106, 1, -1, -0.7853981633974483, 1.4142135623730951
1419, 25, 532, 400, 530, 401, 2, -1, -0.4636476090008061, 2.23606797749979
1419, 26, 457, 402, 456, 403, 1, -1, -0.7853981633974483, 1.4142135623730951
1419, 27, 582, 365, 581, 366, 1, -1, -0.7853981633974483, 1.4142135623730951
1419, 29, 369, 101, 368, 102, 1, -1, -0.7853981633974483, 1.4142135623730951
1419, 30, 301, 105, 300, 106, 1, -1, -0.7853981633974483, 1.4142135623730951
1419, 32, 449, 125, 447, 126, 2, -1, -0.4636476090008061, 2.23606797749979
1419, 33, 626, 375, 625, 376, 1, -1, -0.7853981633974483, 1.4142135623730951
1419, 34, 491, 92, 488, 91, 3, 1, 0.3217505543966422, 3.1622776601683795
1419, 39, 544, 341, 543, 342, 1, -1, -0.7853981633974483, 1.4142135623730951
1420, 0, 515, 130, 513, 130, 2, 0, 0.0, 2.0
1420, 1, 589, 137, 587, 137, 2, 0, 0.0, 2.0
1420, 2, 467, 355, 465, 355, 2, 0, 0.0, 2.0
1420, 4, 617, 344, 612, 344, 5, 0, 0.0, 5.0
1420, 5, 350, 124, 349, 125, 1, -1, -0.7853981633974483, 1.4142135623730951
1420, 6, 323, 128, 322, 129, 1, -1, -0.7853981633974483, 1.4142135623730951
1420, 8, 524, 107, 522, 107, 2, 0, 0.0, 2.0
1420, 9, 583, 367, 581, 368, 2, -1, -0.4636476090008061, 2.23606797749979
1420, 13, 542, 344, 541, 345, 1, -1, -0.7853981633974483, 1.4142135623730951
1420, 14, 451, 397, 449, 398, 2, -1, -0.4636476090008061, 2.23606797749979
1420, 15, 586, 339, 583, 339, 3, 0, 0.0, 3.0
1420, 16, 300, 110, 299, 111, 1, -1, -0.7853981633974483, 1.4142135623730951
1420, 17, 329, 100, 328, 101, 1, -1, -0.7853981633974483, 1.4142135623730951
1420, 18, 417, 404, 416, 405, 1, -1, -0.7853981633974483, 1.4142135623730951
1420, 19, 507, 349, 505, 350, 2, -1, -0.4636476090008061, 2.23606797749979
1420, 20, 397, 100, 396, 101, 1, -1, -0.7853981633974483, 1.4142135623730951
1420, 21, 458, 407, 456, 407, 2, 0, 0.0, 2.0
1420, 23, 524, 375, 523, 376, 1, -1, -0.7853981633974483, 1.4142135623730951
1420, 25, 555, 127, 553, 128, 2, -1, -0.4636476090008061, 2.23606797749979
1420, 26, 247, 147, 247, 149, 0, -2, -1.5707963267948966, 2.0
1420, 28, 355, 408, 354, 409, 1, -1, -0.7853981633974483, 1.4142135623730951
1420, 30, 492, 97, 491, 98, 1, -1, -0.7853981633974483, 1.4142135623730951
1420, 31, 572, 104, 570, 104, 2, 0, 0.0, 2.0
1420, 32, 284, 127, 282, 128, 2, -1, -0.4636476090008061, 2.23606797749979
1420, 34, 502, 135, 500, 135, 2, 0, 0.0, 2.0
1420, 37, 533, 403, 531, 404, 2, -1, -0.4636476090008061, 2.23606797749979
1420, 38, 627, 382, 626, 383, 1, -1, -0.7853981633974483, 1.4142135623730951
1421, 0, 517, 130, 515, 130, 2, 0, 0.0, 2.0
1421, 1, 591, 137, 589, 137, 2, 0, 0.0, 2.0
1421, 3, 256, 327, 257, 326, -1, 1, 2.356194490192345, 1.4142135623730951
1421, 4, 618, 343, 617, 344, 1, -1, -0.7853981633974483, 1.4142135623730951
1421, 6, 324, 127, 323, 128, 1, -1, -0.7853981633974483, 1.4142135623730951
1421, 8, 526, 108, 524, 107, 2, 1, 0.4636476090008061, 2.23606797749979
1421, 9, 585, 366, 583, 367, 2, -1, -0.4636476090008061, 2.23606797749979
1421, 10, 471, 100, 470, 101, 1, -1, -0.7853981633974483, 1.4142135623730951
1421, 11, 263, 116, 262, 117, 1, -1, -0.7853981633974483, 1.4142135623730951
1421, 13, 543, 343, 542, 344, 1, -1, -0.7853981633974483, 1.4142135623730951
1421, 14, 453, 396, 451, 397, 2, -1, -0.4636476090008061, 2.23606797749979
1421, 15, 588, 339, 586, 339, 2, 0, 0.0, 2.0
1421, 16, 301, 109, 300, 110, 1, -1, -0.7853981633974483, 1.4142135623730951
1421, 17, 331, 99, 329, 100, 2, -1, -0.4636476090008061, 2.23606797749979
1421, 18, 418, 403, 417, 404, 1, -1, -0.7853981633974483, 1.4142135623730951
1421, 19, 509, 348, 507, 349, 2, -1, -0.4636476090008061, 2.23606797749979
1421, 20, 398, 99, 397, 100, 1, -1, -0.7853981633974483, 1.4142135623730951
1421, 21, 460, 406, 458, 407, 2, -1, -0.4636476090008061, 2.23606797749979
1421, 23, 525, 374, 524, 375, 1, -1, -0.7853981633974483, 1.4142135623730951
1421, 25, 557, 127, 555, 127, 2, 0, 0.0, 2.0
1421, 28, 356, 407, 355, 408, 1, -1, -0.7853981633974483, 1.4142135623730951
1421, 29, 493, 96, 492, 97, 1, -1, -0.7853981633974483, 1.4142135623730951
1421, 33, 504, 136, 502, 135, 2, 1, 0.4636476090008061, 2.23606797749979
1421, 36, 535, 402, 533, 403, 2, -1, -0.4636476090008061, 2.23606797749979
1421, 37, 628, 381, 627, 382, 1, -1, -0.7853981633974483, 1.4142135623730951
1422, 5, 353, 122, 351, 124, 2, -2, -0.7853981633974483, 2.8284271247461903
1422, 6, 325, 126, 324, 127, 1, -1, -0.7853981633974483, 1.4142135623730951
1422, 8, 528, 108, 526, 108, 2, 0, 0.0, 2.0
1422, 9, 587, 365, 585, 366, 2, -1, -0.4636476090008061, 2.23606797749979
1422, 10, 472, 99, 471, 100, 1, -1, -0.7853981633974483, 1.4142135623730951
1422, 12, 251, 138, 250, 139, 1, -1, -0.7853981633974483, 1.4142135623730951
1422, 13, 544, 342, 543, 343, 1, -1, -0.7853981633974483, 1.4142135623730951
1422, 14, 455, 395, 453, 396, 2, -1, -0.4636476090008061, 2.23606797749979
1422, 15, 589, 338, 588, 339, 1, -1, -0.7853981633974483, 1.4142135623730951
1422, 16, 302, 108, 301, 109, 1, -1, -0.7853981633974483, 1.4142135623730951
1422, 17, 332, 98, 331, 99, 1, -1, -0.7853981633974483, 1.4142135623730951
1422, 19, 510, 347, 509, 348, 1, -1, -0.7853981633974483, 1.4142135623730951
1422, 21, 462, 405, 460, 406, 2, -1, -0.4636476090008061, 2.23606797749979
1422, 22, 431, 104, 429, 104, 2, 0, 0.0, 2.0
1422, 28, 357, 406, 356, 407, 1, -1, -0.7853981633974483, 1.4142135623730951
1422, 36, 537, 402, 535, 402, 2, 0, 0.0, 2.0
1422, 37, 629, 380, 628, 381, 1, -1, -0.7853981633974483, 1.4142135623730951
1423, 2, 470, 354, 469, 355, 1, -1, -0.7853981633974483, 1.4142135623730951
1423, 4, 620, 342, 619, 343, 1, -1, -0.7853981633974483, 1.4142135623730951
1423, 5, 354, 121, 353, 122, 1, -1, -0.7853981633974483, 1.4142135623730951
1423, 6, 326, 125, 325, 126, 1, -1, -0.7853981633974483, 1.4142135623730951
1423, 8, 530, 109, 528, 108, 2, 1, 0.4636476090008061, 2.23606797749979
1423, 10, 473, 98, 472, 99, 1, -1, -0.7853981633974483, 1.4142135623730951
1423, 11, 264, 114, 263, 115, 1, -1, -0.7853981633974483, 1.4142135623730951
1423, 12, 251, 136, 251, 138, 0, -2, -1.5707963267948966, 2.0
1423, 13, 545, 341, 544, 342, 1, -1, -0.7853981633974483, 1.4142135623730951
1423, 14, 457, 394, 455, 395, 2, -1, -0.4636476090008061, 2.23606797749979
1423, 15, 590, 337, 589, 338, 1, -1, -0.7853981633974483, 1.4142135623730951
1423, 16, 303, 107, 302, 108, 1, -1, -0.7853981633974483, 1.4142135623730951
1423, 18, 420, 402, 419, 403, 1, -1, -0.7853981633974483, 1.4142135623730951
1423, 19, 512, 347, 510, 347, 2, 0, 0.0, 2.0
1423, 20, 400, 98, 399, 99, 1, -1, -0.7853981633974483, 1.4142135623730951
1423, 21, 464, 404, 462, 405, 2, -1, -0.4636476090008061, 2.23606797749979
1423, 22, 432, 103, 431, 104, 1, -1, -0.7853981633974483, 1.4142135623730951
1423, 25, 560, 126, 558, 127, 2, -1, -0.4636476090008061, 2.23606797749979
1423, 28, 358, 405, 357, 406, 1, -1, -0.7853981633974483, 1.4142135623730951
1423, 30, 575, 103, 574, 104, 1, -1, -0.7853981633974483, 1.4142135623730951
1423, 31, 285, 124, 284, 125, 1, -1, -0.7853981633974483, 1.4142135623730951
1423, 32, 369, 102, 368, 103, 1, -1, -0.7853981633974483, 1.4142135623730951
1423, 36, 539, 402, 537, 402, 2, 0, 0.0, 2.0
1423, 37, 631, 380, 629, 380, 2, 0, 0.0, 2.0
1424, 4, 621, 341, 620, 342, 1, -1, -0.7853981633974483, 1.4142135623730951
1424, 5, 355, 120, 354, 121, 1, -1, -0.7853981633974483, 1.4142135623730951
1424, 10, 475, 97, 473, 98, 2, -1, -0.4636476090008061, 2.23606797749979
1424, 11, 265, 113, 264, 114, 1, -1, -0.7853981633974483, 1.4142135623730951
1424, 13, 546, 340, 545, 341, 1, -1, -0.7853981633974483, 1.4142135623730951
1424, 14, 458, 393, 457, 394, 1, -1, -0.7853981633974483, 1.4142135623730951
1424, 15, 591, 336, 590, 337, 1, -1, -0.7853981633974483, 1.4142135623730951
1424, 16, 304, 106, 303, 107, 1, -1, -0.7853981633974483, 1.4142135623730951
1424, 17, 333, 96, 332, 97, 1, -1, -0.7853981633974483, 1.4142135623730951
1424, 18, 421, 401, 420, 402, 1, -1, -0.7853981633974483, 1.4142135623730951
1424, 19, 513, 346, 512, 347, 1, -1, -0.7853981633974483, 1.4142135623730951
1424, 20, 401, 97, 400, 98, 1, -1, -0.7853981633974483, 1.4142135623730951
1424, 23, 529, 373, 527, 374, 2, -1, -0.4636476090008061, 2.23606797749979
1424, 25, 561, 125, 560, 126, 1, -1, -0.7853981633974483, 1.4142135623730951
1424, 26, 247, 142, 247, 144, 0, -2, -1.5707963267948966, 2.0
1424, 27, 454, 346, 456, 346, -2, 0, 3.141592653589793, 2.0
1424, 28, 360, 404, 358, 405, 2, -1, -0.4636476090008061, 2.23606797749979
1424, 30, 577, 103, 575, 103, 2, 0, 0.0, 2.0
1424, 31, 286, 123, 285, 124, 1, -1, -0.7853981633974483, 1.4142135623730951
1424, 32, 370, 101, 369, 102, 1, -1, -0.7853981633974483, 1.4142135623730951
1424, 33, 506, 135, 505, 136, 1, -1, -0.7853981633974483, 1.4142135623730951
1424, 36, 541, 402, 539, 402, 2, 0, 0.0, 2.0
1424, 37, 633, 380, 631, 380, 2, 0, 0.0, 2.0
1425, 4, 619, 343, 618, 344, 1, -1, -0.7853981633974483, 1.4142135623730951
1425, 7, 537, 403, 536, 404, 1, -1, -0.7853981633974483, 1.4142135623730951
1425, 10, 462, 406, 461, 407, 1, -1, -0.7853981633974483, 1.4142135623730951
1425, 11, 540, 73, 538, 74, 2, -1, -0.4636476090008061, 2.23606797749979
1425, 13, 328, 125, 327, 126, 1, -1, -0.7853981633974483, 1.4142135623730951
1425, 14, 475, 100, 474, 101, 1, -1, -0.7853981633974483, 1.4142135623730951
1425, 15, 360, 408, 359, 409, 1, -1, -0.7853981633974483, 1.4142135623730951
1425, 20, 590, 336, 588, 338, 2, -2, -0.7853981633974483, 2.8284271247461903
1425, 21, 589, 370, 587, 370, 2, 0, 0.0, 2.0
1425, 22, 513, 348, 511, 349, 2, -1, -0.4636476090008061, 2.23606797749979
1425, 23, 558, 128, 557, 129, 1, -1, -0.7853981633974483, 1.4142135623730951
1425, 29, 304, 107, 303, 108, 1, -1, -0.7853981633974483, 1.4142135623730951
1425, 30, 530, 376, 529, 377, 1, -1, -0.7853981633974483, 1.4142135623730951
1426, 1, 593, 137, 591, 138, 2, -1, -0.4636476090008061, 2.23606797749979
1426, 4, 621, 342, 619, 343, 2, -1, -0.4636476090008061, 2.23606797749979
1426, 7, 538, 402, 537, 403, 1, -1, -0.7853981633974483, 1.4142135623730951
1426, 8, 358, 126, 357, 127, 1, -1, -0.7853981633974483, 1.4142135623730951
1426, 9, 254, 138, 253, 139, 1, -1, -0.7853981633974483, 1.4142135623730951
1426, 10, 464, 405, 462, 406, 2, -1, -0.4636476090008061, 2.23606797749979
1426, 11, 541, 72, 540, 73, 1, -1, -0.7853981633974483, 1.4142135623730951
1426, 12, 266, 116, 265, 117, 1, -1, -0.7853981633974483, 1.4142135623730951
1426, 14, 476, 99, 475, 100, 1, -1, -0.7853981633974483, 1.4142135623730951
1426, 15, 361, 407, 360, 408, 1, -1, -0.7853981633974483, 1.4142135623730951
1426, 17, 334, 98, 333, 99, 1, -1, -0.7853981633974483, 1.4142135623730951
1426, 19, 402, 102, 401, 103, 1, -1, -0.7853981633974483, 1.4142135623730951
1426, 20, 592, 334, 590, 336, 2, -2, -0.7853981633974483, 2.8284271247461903
1426, 21, 590, 369, 589, 370, 1, -1, -0.7853981633974483, 1.4142135623730951
1426, 23, 560, 127, 558, 128, 2, -1, -0.4636476090008061, 2.23606797749979
1426, 25, 434, 103, 433, 104, 1, -1, -0.7853981633974483, 1.4142135623730951
1426, 26, 549, 344, 547, 344, 2, 0, 0.0, 2.0
1426, 30, 532, 375, 530, 376, 2, -1, -0.4636476090008061, 2.23606797749979
1427, 0, 473, 354, 472, 355, 1, -1, -0.7853981633974483, 1.4142135623730951
1427, 1, 594, 136, 593, 137, 1, -1, -0.7853981633974483, 1.4142135623730951
1427, 4, 623, 341, 621, 342, 2, -1, -0.4636476090008061, 2.23606797749979
1427, 5, 358, 400, 357, 401, 1, -1, -0.7853981633974483, 1.4142135623730951
1427, 8, 359, 125, 358, 126, 1, -1, -0.7853981633974483, 1.4142135623730951
1427, 10, 465, 404, 464, 405, 1, -1, -0.7853981633974483, 1.4142135623730951
1427, 12, 267, 115, 266, 116, 1, -1, -0.7853981633974483, 1.4142135623730951
1427, 13, 330, 124, 329, 125, 1, -1, -0.7853981633974483, 1.4142135623730951
1427, 14, 478, 98, 476, 99, 2, -1, -0.4636476090008061, 2.23606797749979
1427, 19, 403, 101, 402, 102, 1, -1, -0.7853981633974483, 1.4142135623730951
1427, 20, 595, 333, 592, 334, 3, -1, -0.3217505543966422, 3.1622776601683795
1427, 21, 591, 368, 590, 369, 1, -1, -0.7853981633974483, 1.4142135623730951
1427, 23, 562, 126, 560, 127, 2, -1, -0.4636476090008061, 2.23606797749979
1427, 25, 436, 103, 434, 103, 2, 0, 0.0, 2.0
1427, 26, 552, 344, 549, 344, 3, 0, 0.0, 3.0
1427, 29, 307, 107, 305, 107, 2, 0, 0.0, 2.0
1427, 30, 534, 375, 532, 375, 2, 0, 0.0, 2.0
1428, 4, 624, 340, 623, 341, 1, -1, -0.7853981633974483, 1.4142135623730951
1428, 10, 466, 403, 465, 404, 1, -1, -0.7853981633974483, 1.4142135623730951
1428, 12, 268, 114, 267, 115, 1, -1, -0.7853981633974483, 1.4142135623730951
1428, 19, 404, 100, 403, 101, 1, -1, -0.7853981633974483, 1.4142135623730951
1428, 20, 597, 333, 595, 333, 2, 0, 0.0, 2.0
1428, 22, 516, 347, 515, 348, 1, -1, -0.7853981633974483, 1.4142135623730951
1428, 23, 563, 125, 562, 126, 1, -1, -0.7853981633974483, 1.4142135623730951
1428, 24, 208, 345, 207, 346, 1, -1, -0.7853981633974483, 1.4142135623730951
1428, 26, 554, 344, 552, 344, 2, 0, 0.0, 2.0
1428, 30, 535, 374, 534, 375, 1, -1, -0.7853981633974483, 1.4142135623730951
1429, 0, 475, 353, 474, 354, 1, -1, -0.7853981633974483, 1.4142135623730951
1429, 2, 524, 130, 522, 131, 2, -1, -0.4636476090008061, 2.23606797749979
1429, 4, 625, 339, 624, 340, 1, -1, -0.7853981633974483, 1.4142135623730951
1429, 12, 269, 113, 268, 114, 1, -1, -0.7853981633974483, 1.4142135623730951
1429, 15, 364, 406, 363, 407, 1, -1, -0.7853981633974483, 1.4142135623730951
1429, 17, 336, 96, 335, 97, 1, -1, -0.7853981633974483, 1.4142135623730951
1429, 18, 426, 404, 425, 405, 1, -1, -0.7853981633974483, 1.4142135623730951
1429, 19, 405, 99, 404, 100, 1, -1, -0.7853981633974483, 1.4142135623730951
1429, 20, 599, 332, 597, 333, 2, -1, -0.4636476090008061, 2.23606797749979
1429, 22, 518, 347, 516, 347, 2, 0, 0.0, 2.0
1429, 25, 438, 102, 437, 103, 1, -1, -0.7853981633974483, 1.4142135623730951
1429, 26, 556, 343, 554, 344, 2, -1, -0.4636476090008061, 2.23606797749979
1429, 30, 537, 374, 535, 374, 2, 0, 0.0, 2.0
1430, 0, 598, 138, 596, 139, 2, -1, -0.4636476090008061, 2.23606797749979
1430, 1, 524, 130, 522, 131, 2, -1, -0.4636476090008061, 2.23606797749979
1430, 2, 476, 353, 474, 354, 2, -1, -0.4636476090008061, 2.23606797749979
1430, 3, 624, 342, 623, 343, 1, -1, -0.7853981633974483, 1.4142135623730951
1430, 8, 363, 124, 361, 124, 2, 0, 0.0, 2.0
1430, 9, 595, 335, 594, 336, 1, -1, -0.7853981633974483, 1.4142135623730951
1430, 10, 363, 407, 362, 408, 1, -1, -0.7853981633974483, 1.4142135623730951
1430, 12, 566, 128, 563, 128, 3, 0, 0.0, 3.0
1430, 15, 466, 405, 465, 406, 1, -1, -0.7853981633974483, 1.4142135623730951
1430, 16, 406, 101, 404, 102, 2, -1, -0.4636476090008061, 2.23606797749979
1430, 17, 535, 376, 534, 377, 1, -1, -0.7853981633974483, 1.4142135623730951
1430, 18, 542, 403, 541, 404, 1, -1, -0.7853981633974483, 1.4142135623730951
1430, 20, 518, 349, 516, 349, 2, 0, 0.0, 2.0
1430, 21, 253, 135, 253, 137, 0, -2, -1.5707963267948966, 2.0
1430, 26, 470, 348, 468, 349, 2, -1, -0.4636476090008061, 2.23606797749979
1430, 30, 427, 404, 426, 405, 1, -1, -0.7853981633974483, 1.4142135623730951
1430, 32, 435, 101, 434, 102, 1, -1, -0.7853981633974483, 1.4142135623730951
1430, 34, 289, 347, 287, 348, 2, -1, -0.4636476090008061, 2.23606797749979
1431, 0, 600, 138, 598, 138, 2, 0, 0.0, 2.0
1431, 1, 526, 130, 524, 130, 2, 0, 0.0, 2.0
1431, 2, 478, 351, 476, 353, 2, -2, -0.7853981633974483, 2.8284271247461903
1431, 3, 626, 341, 624, 342, 2, -1, -0.4636476090008061, 2.23606797749979
1431, 8, 364, 123, 363, 124, 1, -1, -0.7853981633974483, 1.4142135623730951
1431, 9, 596, 334, 595, 335, 1, -1, -0.7853981633974483, 1.4142135623730951
1431, 12, 568, 127, 566, 128, 2, -1, -0.4636476090008061, 2.23606797749979
1431, 15, 467, 404, 466, 405, 1, -1, -0.7853981633974483, 1.4142135623730951
1431, 16, 408, 100, 406, 101, 2, -1, -0.4636476090008061, 2.23606797749979
1431, 18, 543, 402, 542, 403, 1, -1, -0.7853981633974483, 1.4142135623730951
1431, 19, 334, 369, 333, 370, 1, -1, -0.7853981633974483, 1.4142135623730951
1431, 20, 520, 348, 518, 349, 2, -1, -0.4636476090008061, 2.23606797749979
1431, 25, 308, 109, 307, 110, 1, -1, -0.7853981633974483, 1.4142135623730951
1431, 26, 472, 347, 470, 348, 2, -1, -0.4636476090008061, 2.23606797749979
1431, 27, 299, 367, 298, 368, 1, -1, -0.7853981633974483, 1.4142135623730951
1431, 30, 429, 403, 427, 404, 2, -1, -0.4636476090008061, 2.23606797749979
1431, 34, 290, 346, 289, 347, 1, -1, -0.7853981633974483, 1.4142135623730951
1431, 35, 458, 125, 457, 126, 1, -1, -0.7853981633974483, 1.4142135623730951
1432, 0, 602, 137, 600, 138, 2, -1, -0.4636476090008061, 2.23606797749979
1432, 1, 528, 130, 526, 130, 2, 0, 0.0, 2.0
1432, 2, 480, 350, 478, 351, 2, -1, -0.4636476090008061, 2.23606797749979
1432, 3, 628, 340, 626, 341, 2, -1, -0.4636476090008061, 2.23606797749979
1432, 6, 364, 398, 363, 399, 1, -1, -0.7853981633974483, 1.4142135623730951
1432, 8, 365, 122, 364, 123, 1, -1, -0.7853981633974483, 1.4142135623730951
1432, 10, 365, 406, 364, 407, 1, -1, -0.7853981633974483, 1.4142135623730951
1432, 12, 570, 126, 568, 127, 2, -1, -0.4636476090008061, 2.23606797749979
1432, 13, 269, 114, 268, 115, 1, -1, -0.7853981633974483, 1.4142135623730951
1432, 14, 482, 100, 481, 101, 1, -1, -0.7853981633974483, 1.4142135623730951
1432, 16, 409, 99, 408, 100, 1, -1, -0.7853981633974483, 1.4142135623730951
1432, 17, 537, 375, 536, 376, 1, -1, -0.7853981633974483, 1.4142135623730951
1432, 20, 521, 347, 520, 348, 1, -1, -0.7853981633974483, 1.4142135623730951
1432, 21, 254, 132, 253, 134, 1, -2, -1.1071487177940904, 2.23606797749979
1432, 26, 474, 346, 472, 347, 2, -1, -0.4636476090008061, 2.23606797749979
1432, 27, 300, 366, 299, 367, 1, -1, -0.7853981633974483, 1.4142135623730951
1432, 30, 430, 402, 429, 403, 1, -1, -0.7853981633974483, 1.4142135623730951
1432, 31, 545, 72, 544, 73, 1, -1, -0.7853981633974483, 1.4142135623730951
1433, 0, 604, 136, 602, 137, 2, -1, -0.4636476090008061, 2.23606797749979
1433, 1, 530, 130, 528, 130, 2, 0, 0.0, 2.0
1433, 2, 482, 350, 480, 350, 2, 0, 0.0, 2.0
1433, 5, 365, 397, 364, 398, 1, -1, -0.7853981633974483, 1.4142135623730951
1433, 6, 339, 97, 338, 98, 1, -1, -0.7853981633974483, 1.4142135623730951
1433, 7, 366, 121, 365, 122, 1, -1, -0.7853981633974483, 1.4142135623730951
1433, 8, 599, 334, 597, 334, 2, 0, 0.0, 2.0
1433, 10, 589, 364, 587, 365, 2, -1, -0.4636476090008061, 2.23606797749979
1433, 11, 572, 126, 570, 126, 2, 0, 0.0, 2.0
1433, 12, 270, 113, 269, 114, 1, -1, -0.7853981633974483, 1.4142135623730951
1433, 13, 483, 99, 482, 100, 1, -1, -0.7853981633974483, 1.4142135623730951
1433, 14, 470, 404, 468, 404, 2, 0, 0.0, 2.0
1433, 15, 410, 98, 409, 99, 1, -1, -0.7853981633974483, 1.4142135623730951
1433, 16, 539, 374, 537, 375, 2, -1, -0.4636476090008061, 2.23606797749979
1433, 18, 336, 368, 335, 369, 1, -1, -0.7853981633974483, 1.4142135623730951
1433, 25, 476, 345, 474, 346, 2, -1, -0.4636476090008061, 2.23606797749979
1433, 26, 301, 365, 300, 366, 1, -1, -0.7853981633974483, 1.4142135623730951
1433, 27, 459, 394, 457, 395, 2, -1, -0.4636476090008061, 2.23606797749979
1433, 29, 431, 401, 430, 402, 1, -1, -0.7853981633974483, 1.4142135623730951
1434, 0, 606, 135, 604, 136, 2, -1, -0.4636476090008061, 2.23606797749979
1434, 1, 532, 130, 530, 130, 2, 0, 0.0, 2.0
1434, 2, 484, 349, 482, 350, 2, -1, -0.4636476090008061, 2.23606797749979
1434, 5, 367, 396, 365, 397, 2, -1, -0.4636476090008061, 2.23606797749979
1434, 7, 367, 120, 366, 121, 1, -1, -0.7853981633974483, 1.4142135623730951
1434, 8, 601, 334, 599, 334, 2, 0, 0.0, 2.0
1434, 10, 592, 363, 589, 364, 3, -1, -0.3217505543966422, 3.1622776601683795
1434, 11, 574, 126, 572, 126, 2, 0, 0.0, 2.0
1434, 12, 271, 112, 270, 113, 1, -1, -0.7853981633974483, 1.4142135623730951
1434, 13, 485, 99, 483, 99, 2, 0, 0.0, 2.0
1434, 15, 411, 97, 410, 98, 1, -1, -0.7853981633974483, 1.4142135623730951
1434, 16, 540, 373, 539, 374, 1, -1, -0.7853981633974483, 1.4142135623730951
1434, 19, 523, 346, 522, 347, 1, -1, -0.7853981633974483, 1.4142135623730951
1434, 23, 335, 127, 334, 128, 1, -1, -0.7853981633974483, 1.4142135623730951
1434, 25, 478, 344, 476, 345, 2, -1, -0.4636476090008061, 2.23606797749979
1434, 27, 461, 393, 459, 394, 2, -1, -0.4636476090008061, 2.23606797749979
1434, 30, 547, 71, 546, 72, 1, -1, -0.7853981633974483, 1.4142135623730951
1434, 31, 439, 100, 438, 101, 1, -1, -0.7853981633974483, 1.4142135623730951
1434, 32, 292, 344, 291, 345, 1, -1, -0.7853981633974483, 1.4142135623730951
1434, 33, 462, 125, 460, 125, 2, 0, 0.0, 2.0
1435, 0, 481, 353, 480, 354, 1, -1, -0.7853981633974483, 1.4142135623730951
1435, 1, 603, 137, 601, 138, 2, -1, -0.4636476090008061, 2.23606797749979
1435, 2, 529, 131, 528, 132, 1, -1, -0.7853981633974483, 1.4142135623730951
1435, 8, 571, 128, 569, 128, 2, 0, 0.0, 2.0
1435, 9, 585, 147, 583, 148, 2, -1, -0.4636476090008061, 2.23606797749979
1435, 10, 522, 346, 520, 348, 2, -2, -0.7853981633974483, 2.8284271247461903
1435, 11, 472, 406, 470, 406, 2, 0, 0.0, 2.0
1435, 12, 341, 100, 339, 100, 2, 0, 0.0, 2.0
1435, 14, 366, 400, 365, 401, 1, -1, -0.7853981633974483, 1.4142135623730951
1435, 18, 594, 365, 592, 367, 2, -2, -0.7853981633974483, 2.8284271247461903
1435, 20, 515, 140, 513, 141, 2, -1, -0.4636476090008061, 2.23606797749979
1435, 21, 541, 375, 539, 376, 2, -1, -0.4636476090008061, 2.23606797749979
1435, 22, 306, 110, 304, 111, 2, -1, -0.4636476090008061, 2.23606797749979
1435, 23, 602, 336, 600, 337, 2, -1, -0.4636476090008061, 2.23606797749979
1435, 24, 212, 347, 211, 348, 1, -1, -0.7853981633974483, 1.4142135623730951
1435, 25, 260, 135, 259, 136, 1, -1, -0.7853981633974483, 1.4142135623730951
1435, 27, 270, 115, 269, 116, 1, -1, -0.7853981633974483, 1.4142135623730951
1435, 28, 464, 398, 463, 399, 1, -1, -0.7853981633974483, 1.4142135623730951
1435, 33, 567, 368, 565, 369, 2, -1, -0.4636476090008061, 2.23606797749979
1435, 34, 606, 374, 604, 375, 2, -1, -0.4636476090008061, 2.23606797749979
1435, 35, 537, 110, 536, 111, 1, -1, -0.7853981633974483, 1.4142135623730951
1435, 36, 550, 74, 548, 74, 2, 0, 0.0, 2.0
1436, 0, 482, 352, 481, 353, 1, -1, -0.7853981633974483, 1.4142135623730951
1436, 1, 605, 136, 603, 137, 2, -1, -0.4636476090008061, 2.23606797749979
1436, 2, 531, 131, 529, 131, 2, 0, 0.0, 2.0
1436, 6, 631, 343, 629, 343, 2, 0, 0.0, 2.0
1436, 7, 410, 100, 409, 101, 1, -1, -0.7853981633974483, 1.4142135623730951
1436, 9, 587, 146, 585, 147, 2, -1, -0.4636476090008061, 2.23606797749979
1436, 10, 524, 345, 522, 346, 2, -1, -0.4636476090008061, 2.23606797749979
1436, 12, 343, 100, 341, 100, 2, 0, 0.0, 2.0
1436, 15, 367, 407, 366, 408, 1, -1, -0.7853981633974483, 1.4142135623730951
1436, 16, 266, 365, 262, 366, 4, -1, -0.24497866312686414, 4.123105625617661
1436, 18, 597, 363, 594, 365, 3, -2, -0.5880026035475675, 3.605551275463989
1436, 20, 515, 138, 515, 140, 0, -2, -1.5707963267948966, 2.0
1436, 21, 543, 374, 541, 375, 2, -1, -0.4636476090008061, 2.23606797749979
1436, 22, 308, 109, 306, 110, 2, -1, -0.4636476090008061, 2.23606797749979
1436, 23, 604, 335, 602, 336, 2, -1, -0.4636476090008061, 2.23606797749979
1436, 26, 338, 125, 335, 126, 3, -1, -0.3217505543966422, 3.1622776601683795
1436, 28, 466, 397, 464, 398, 2, -1, -0.4636476090008061, 2.23606797749979
1436, 31, 434, 405, 432, 406, 2, -1, -0.4636476090008061, 2.23606797749979
1436, 33, 568, 367, 567, 368, 1, -1, -0.7853981633974483, 1.4142135623730951
1436, 34, 608, 373, 606, 374, 2, -1, -0.4636476090008061, 2.23606797749979
1436, 35, 538, 108, 537, 110, 1, -2, -1.1071487177940904, 2.23606797749979
1437, 0, 484, 351, 482, 352, 2, -1, -0.4636476090008061, 2.23606797749979
1437, 6, 633, 342, 631, 343, 2, -1, -0.4636476090008061, 2.23606797749979
1437, 7, 411, 99, 410, 100, 1, -1, -0.7853981633974483, 1.4142135623730951
1437, 8, 574, 128, 572, 128, 2, 0, 0.0, 2.0
1437, 9, 525, 344, 524, 345, 1, -1, -0.7853981633974483, 1.4142135623730951
1437, 12, 547, 403, 547, 405, 0, -2, -1.5707963267948966, 2.0
1437, 16, 296, 127, 294, 128, 2, -1, -0.4636476090008061, 2.23606797749979
1437, 17, 600, 362, 597, 363, 3, -1, -0.3217505543966422, 3.1622776601683795
1437, 19, 513, 137, 515, 138, -2, -1, -2.677945044588987, 2.23606797749979
1437, 20, 545, 374, 543, 374, 2, 0, 0.0, 2.0
1437, 21, 309, 108, 308, 109, 1, -1, -0.7853981633974483, 1.4142135623730951
1437, 26, 272, 114, 271, 115, 1, -1, -0.7853981633974483, 1.4142135623730951
1437, 27, 467, 396, 466, 397, 1, -1, -0.7853981633974483, 1.4142135623730951
1437, 28, 307, 368, 306, 369, 1, -1, -0.7853981633974483, 1.4142135623730951
1437, 32, 569, 366, 568, 367, 1, -1, -0.7853981633974483, 1.4142135623730951
1437, 33, 610, 373, 608, 373, 2, 0, 0.0, 2.0
1437, 34, 539, 107, 538, 108, 1, -1, -0.7853981633974483, 1.4142135623730951
1437, 35, 554, 74, 551, 74, 3, 0, 0.0, 3.0
1438, 0, 485, 350, 484, 351, 1, -1, -0.7853981633974483, 1.4142135623730951
1438, 6, 635, 341, 633, 342, 2, -1, -0.4636476090008061, 2.23606797749979
1438, 9, 527, 343, 525, 344, 2, -1, -0.4636476090008061, 2.23606797749979
1438, 10, 476, 406, 474, 406, 2, 0, 0.0, 2.0
1438, 11, 348, 99, 344, 100, 4, -1, -0.24497866312686414, 4.123105625617661
1438, 17, 602, 359, 600, 362, 2, -3, -0.982793723247329, 3.605551275463989
1438, 18, 489, 101, 486, 101, 3, 0, 0.0, 3.0
1438, 20, 547, 373, 545, 374, 2, -1, -0.4636476090008061, 2.23606797749979
1438, 27, 469, 395, 467, 396, 2, -1, -0.4636476090008061, 2.23606797749979
1438, 30, 436, 404, 435, 405, 1, -1, -0.7853981633974483, 1.4142135623730951
1438, 32, 570, 365, 569, 366, 1, -1, -0.7853981633974483, 1.4142135623730951
1438, 33, 612, 373, 610, 373, 2, 0, 0.0, 2.0
1438, 34, 540, 106, 539, 107, 1, -1, -0.7853981633974483, 1.4142135623730951
1438, 35, 555, 73, 554, 74, 1, -1, -0.7853981633974483, 1.4142135623730951
1439, 0, 486, 349, 485, 350, 1, -1, -0.7853981633974483, 1.4142135623730951
1439, 4, 368, 123, 367, 124, 1, -1, -0.7853981633974483, 1.4142135623730951
1439, 8, 577, 128, 575, 128, 2, 0, 0.0, 2.0
1439, 9, 529, 342, 527, 343, 2, -1, -0.4636476090008061, 2.23606797749979
1439, 10, 478, 406, 476, 406, 2, 0, 0.0, 2.0
1439, 17, 606, 359, 602, 359, 4, 0, 0.0, 4.0
1439, 20, 548, 372, 547, 373, 1, -1, -0.7853981633974483, 1.4142135623730951
1439, 21, 312, 109, 310, 108, 2, 1, 0.4636476090008061, 2.23606797749979
1439, 22, 607, 334, 606, 335, 1, -1, -0.7853981633974483, 1.4142135623730951
1439, 25, 273, 113, 272, 114, 1, -1, -0.7853981633974483, 1.4142135623730951
1439, 26, 472, 394, 469, 395, 3, -1, -0.3217505543966422, 3.1622776601683795
1439, 27, 309, 367, 308, 368, 1, -1, -0.7853981633974483, 1.4142135623730951
1439, 28, 337, 372, 336, 373, 1, -1, -0.7853981633974483, 1.4142135623730951
1439, 29, 437, 403, 436, 404, 1, -1, -0.7853981633974483, 1.4142135623730951
1439, 31, 571, 364, 570, 365, 1, -1, -0.7853981633974483, 1.4142135623730951
1439, 32, 614, 372, 612, 373, 2, -1, -0.4636476090008061, 2.23606797749979
1439, 33, 542, 105, 540, 106, 2, -1, -0.4636476090008061, 2.23606797749979
1440, 2, 486, 353, 484, 353, 2, 0, 0.0, 2.0
1440, 3, 370, 124, 369, 125, 1, -1, -0.7853981633974483, 1.4142135623730951
1440, 4, 346, 98, 345, 99, 1, -1, -0.7853981633974483, 1.4142135623730951
1440, 6, 578, 128, 576, 128, 2, 0, 0.0, 2.0
1440, 9, 635, 343, 634, 344, 1, -1, -0.7853981633974483, 1.4142135623730951
1440, 10, 608, 334, 605, 336, 3, -2, -0.5880026035475675, 3.605551275463989
1440, 11, 257, 134, 256, 135, 1, -1, -0.7853981633974483, 1.4142135623730951
1440, 13, 602, 368, 600, 369, 2, -1, -0.4636476090008061, 2.23606797749979
1440, 16, 477, 406, 475, 406, 2, 0, 0.0, 2.0
1440, 17, 529, 345, 527, 346, 2, -1, -0.4636476090008061, 2.23606797749979
1440, 20, 497, 86, 494, 87, 3, -1, -0.3217505543966422, 3.1622776601683795
1440, 21, 547, 375, 545, 375, 2, 0, 0.0, 2.0
1440, 23, 516, 95, 515, 96, 1, -1, -0.7853981633974483, 1.4142135623730951
1440, 24, 438, 400, 437, 401, 1, -1, -0.7853981633974483, 1.4142135623730951
1440, 34, 387, 101, 386, 102, 1, -1, -0.7853981633974483, 1.4142135623730951
1440, 35, 440, 108, 438, 108, 2, 0, 0.0, 2.0
1441, 0, 536, 132, 534, 132, 2, 0, 0.0, 2.0
1441, 2, 487, 352, 486, 353, 1, -1, -0.7853981633974483, 1.4142135623730951
1441, 7, 416, 100, 414, 101, 2, -1, -0.4636476090008061, 2.23606797749979
1441, 8, 492, 100, 490, 101, 2, -1, -0.4636476090008061, 2.23606797749979
1441, 10, 611, 333, 608, 334, 3, -1, -0.3217505543966422, 3.1622776601683795
1441, 13, 603, 367, 602, 368, 1, -1, -0.7853981633974483, 1.4142135623730951
1441, 14, 368, 402, 367, 403, 1, -1, -0.7853981633974483, 1.4142135623730951
1441, 15, 598, 143, 597, 144, 1, -1, -0.7853981633974483, 1.4142135623730951
1441, 16, 479, 406, 477, 406, 2, 0, 0.0, 2.0
1441, 17, 532, 344, 529, 345, 3, -1, -0.3217505543966422, 3.1622776601683795
1441, 20, 498, 85, 497, 86, 1, -1, -0.7853981633974483, 1.4142135623730951
1441, 21, 549, 374, 547, 375, 2, -1, -0.4636476090008061, 2.23606797749979
1441, 24, 439, 399, 438, 400, 1, -1, -0.7853981633974483, 1.4142135623730951
1441, 28, 555, 404, 553, 404, 2, 0, 0.0, 2.0
1441, 34, 388, 100, 387, 101, 1, -1, -0.7853981633974483, 1.4142135623730951
1441, 35, 442, 108, 440, 108, 2, 0, 0.0, 2.0
1442, 2, 488, 351, 487, 352, 1, -1, -0.7853981633974483, 1.4142135623730951
1442, 7, 417, 99, 416, 100, 1, -1, -0.7853981633974483, 1.4142135623730951
1442, 10, 613, 332, 611, 333, 2, -1, -0.4636476090008061, 2.23606797749979
1442, 11, 258, 133, 257, 134, 1, -1, -0.7853981633974483, 1.4142135623730951
1442, 13, 604, 366, 603, 367, 1, -1, -0.7853981633974483, 1.4142135623730951
1442, 15, 600, 143, 598, 143, 2, 0, 0.0, 2.0
1442, 16, 481, 406, 479, 406, 2, 0, 0.0, 2.0
1442, 17, 534, 344, 532, 344, 2, 0, 0.0, 2.0
1442, 19, 528, 137, 527, 138, 1, -1, -0.7853981633974483, 1.4142135623730951
1442, 20, 500, 84, 498, 85, 2, -1, -0.4636476090008061, 2.23606797749979
1442, 21, 551, 374, 549, 374, 2, 0, 0.0, 2.0
1442, 23, 518, 94, 517, 95, 1, -1, -0.7853981633974483, 1.4142135623730951
1442, 24, 441, 398, 439, 399, 2, -1, -0.4636476090008061, 2.23606797749979
1442, 30, 537, 372, 536, 371, 1, 1, 0.7853981633974483, 1.4142135623730951
1442, 35, 444, 108, 442, 108, 2, 0, 0.0, 2.0
1443, 2, 490, 351, 488, 351, 2, 0, 0.0, 2.0
1443, 3, 373, 123, 371, 124, 2, -1, -0.4636476090008061, 2.23606797749979
1443, 4, 349, 97, 347, 98, 2, -1, -0.4636476090008061, 2.23606797749979
1443, 7, 418, 98, 417, 99, 1, -1, -0.7853981633974483, 1.4142135623730951
1443, 8, 494, 99, 493, 100, 1, -1, -0.7853981633974483, 1.4142135623730951
1443, 10, 616, 331, 613, 332, 3, -1, -0.3217505543966422, 3.1622776601683795
1443, 15, 601, 142, 600, 143, 1, -1, -0.7853981633974483, 1.4142135623730951
1443, 16, 482, 405, 481, 406, 1, -1, -0.7853981633974483, 1.4142135623730951
1443, 17, 535, 343, 534, 344, 1, -1, -0.7853981633974483, 1.4142135623730951
1443, 23, 519, 93, 518, 94, 1, -1, -0.7853981633974483, 1.4142135623730951
1443, 24, 442, 397, 441, 398, 1, -1, -0.7853981633974483, 1.4142135623730951
1443, 26, 343, 125, 342, 126, 1, -1, -0.7853981633974483, 1.4142135623730951
1443, 28, 557, 403, 556, 404, 1, -1, -0.7853981633974483, 1.4142135623730951
1443, 31, 301, 126, 300, 127, 1, -1, -0.7853981633974483, 1.4142135623730951
1443, 33, 321, 108, 320, 109, 1, -1, -0.7853981633974483, 1.4142135623730951
1443, 34, 390, 99, 389, 100, 1, -1, -0.7853981633974483, 1.4142135623730951
1443, 35, 446, 108, 444, 108, 2, 0, 0.0, 2.0
1444, 0, 540, 132, 538, 132, 2, 0, 0.0, 2.0
1444, 1, 612, 139, 610, 139, 2, 0, 0.0, 2.0
1444, 2, 491, 350, 490, 351, 1, -1, -0.7853981633974483, 1.4142135623730951
1444, 4, 350, 96, 349, 97, 1, -1, -0.7853981633974483, 1.4142135623730951
1444, 5, 583, 128, 581, 128, 2, 0, 0.0, 2.0
1444, 9, 616, 329, 616, 331, 0, -2, -1.5707963267948966, 2.0
1444, 10, 259, 131, 258, 132, 1, -1, -0.7853981633974483, 1.4142135623730951
1444, 15, 483, 404, 482, 405, 1, -1, -0.7853981633974483, 1.4142135623730951
1444, 16, 537, 343, 535, 343, 2, 0, 0.0, 2.0
1444, 18, 530, 136, 529, 137, 1, -1, -0.7853981633974483, 1.4142135623730951
1444, 19, 502, 83, 501, 84, 1, -1, -0.7853981633974483, 1.4142135623730951
1444, 21, 550, 109, 549, 110, 1, -1, -0.7853981633974483, 1.4142135623730951
1444, 22, 520, 92, 519, 93, 1, -1, -0.7853981633974483, 1.4142135623730951
1444, 23, 444, 396, 442, 397, 2, -1, -0.4636476090008061, 2.23606797749979
1444, 24, 295, 346, 294, 347, 1, -1, -0.7853981633974483, 1.4142135623730951
1444, 27, 558, 402, 557, 403, 1, -1, -0.7853981633974483, 1.4142135623730951
1444, 28, 560, 74, 558, 74, 2, 0, 0.0, 2.0
1444, 29, 540, 371, 538, 372, 2, -1, -0.4636476090008061, 2.23606797749979
1444, 32, 322, 107, 321, 108, 1, -1, -0.7853981633974483, 1.4142135623730951
1444, 34, 448, 108, 446, 108, 2, 0, 0.0, 2.0
1444, 35, 292, 398, 291, 399, 1, -1, -0.7853981633974483, 1.4142135623730951
1445, 0, 612, 139, 610, 139, 2, 0, 0.0, 2.0
1445, 1, 539, 133, 537, 133, 2, 0, 0.0, 2.0
1445, 2, 491, 351, 489, 352, 2, -1, -0.4636476090008061, 2.23606797749979
1445, 8, 371, 401, 370, 402, 1, -1, -0.7853981633974483, 1.4142135623730951
1445, 11, 418, 101, 417, 102, 1, -1, -0.7853981633974483, 1.4142135623730951
1445, 12, 535, 345, 533, 346, 2, -1, -0.4636476090008061, 2.23606797749979
1445, 15, 345, 127, 344, 128, 1, -1, -0.7853981633974483, 1.4142135623730951
1445, 20, 482, 406, 481, 407, 1, -1, -0.7853981633974483, 1.4142135623730951
1445, 21, 442, 404, 441, 405, 1, -1, -0.7853981633974483, 1.4142135623730951
1445, 23, 552, 375, 550, 375, 2, 0, 0.0, 2.0
1445, 24, 388, 103, 387, 104, 1, -1, -0.7853981633974483, 1.4142135623730951
1445, 25, 541, 370, 540, 371, 1, -1, -0.7853981633974483, 1.4142135623730951
1445, 27, 557, 404, 556, 405, 1, -1, -0.7853981633974483, 1.4142135623730951
1445, 28, 569, 342, 567, 342, 2, 0, 0.0, 2.0
1445, 29, 343, 369, 342, 370, 1, -1, -0.7853981633974483, 1.4142135623730951
1445, 30, 264, 141, 263, 142, 1, -1, -0.7853981633974483, 1.4142135623730951
1445, 31, 560, 75, 559, 76, 1, -1, -0.7853981633974483, 1.4142135623730951
1446, 0, 614, 139, 612, 139, 2, 0, 0.0, 2.0
1446, 1, 541, 132, 539, 133, 2, -1, -0.4636476090008061, 2.23606797749979
1446, 2, 492, 350, 491, 351, 1, -1, -0.7853981633974483, 1.4142135623730951
1446, 3, 350, 98, 349, 99, 1, -1, -0.7853981633974483, 1.4142135623730951
1446, 6, 373, 125, 372, 126, 1, -1, -0.7853981633974483, 1.4142135623730951
1446, 11, 419, 100, 418, 101, 1, -1, -0.7853981633974483, 1.4142135623730951
1446, 13, 497, 101, 495, 102, 2, -1, -0.4636476090008061, 2.23606797749979
1446, 16, 582, 127, 580, 128, 2, -1, -0.4636476090008061, 2.23606797749979
1446, 17, 552, 108, 551, 109, 1, -1, -0.7853981633974483, 1.4142135623730951
1446, 18, 613, 333, 612, 334, 1, -1, -0.7853981633974483, 1.4142135623730951
1446, 19, 375, 408, 374, 409, 1, -1, -0.7853981633974483, 1.4142135623730951
1446, 23, 554, 375, 552, 375, 2, 0, 0.0, 2.0
1446, 26, 303, 128, 302, 129, 1, -1, -0.7853981633974483, 1.4142135623730951
1446, 27, 558, 403, 557, 404, 1, -1, -0.7853981633974483, 1.4142135623730951
1446, 28, 571, 341, 569, 342, 2, -1, -0.4636476090008061, 2.23606797749979
1446, 29, 344, 368, 343, 369, 1, -1, -0.7853981633974483, 1.4142135623730951
1446, 30, 265, 140, 264, 141, 1, -1, -0.7853981633974483, 1.4142135623730951
1446, 31, 561, 74, 560, 75, 1, -1, -0.7853981633974483, 1.4142135623730951
1447, 0, 617, 139, 614, 139, 3, 0, 0.0, 3.0
1447, 1, 543, 132, 541, 132, 2, 0, 0.0, 2.0
1447, 2, 494, 350, 492, 350, 2, 0, 0.0, 2.0
1447, 3, 351, 97, 350, 98, 1, -1, -0.7853981633974483, 1.4142135623730951
1447, 6, 375, 124, 373, 125, 2, -1, -0.4636476090008061, 2.23606797749979
1447, 9, 260, 131, 259, 132, 1, -1, -0.7853981633974483, 1.4142135623730951
1447, 11, 421, 99, 419, 100, 2, -1, -0.4636476090008061, 2.23606797749979
1447, 13, 498, 100, 497, 101, 1, -1, -0.7853981633974483, 1.4142135623730951
1447, 15, 347, 126, 346, 127, 1, -1, -0.7853981633974483, 1.4142135623730951
1447, 16, 583, 126, 582, 127, 1, -1, -0.7853981633974483, 1.4142135623730951
1447, 17, 553, 107, 552, 108, 1, -1, -0.7853981633974483, 1.4142135623730951
1447, 18, 615, 333, 613, 333, 2, 0, 0.0, 2.0
1447, 21, 444, 403, 443, 404, 1, -1, -0.7853981633974483, 1.4142135623730951
1447, 23, 557, 373, 554, 375, 3, -2, -0.5880026035475675, 3.605551275463989
1447, 24, 390, 102, 389, 103, 1, -1, -0.7853981633974483, 1.4142135623730951
1447, 27, 559, 402, 558, 403, 1, -1, -0.7853981633974483, 1.4142135623730951
1447, 28, 572, 340, 571, 341, 1, -1, -0.7853981633974483, 1.4142135623730951
1447, 30, 266, 139, 265, 140, 1, -1, -0.7853981633974483, 1.4142135623730951
1447, 31, 562, 73, 561, 74, 1, -1, -0.7853981633974483, 1.4142135623730951
1448, 1, 545, 132, 543, 132, 2, 0, 0.0, 2.0
1448, 2, 496, 349, 494, 350, 2, -1, -0.4636476090008061, 2.23606797749979
1448, 10, 476, 395, 475, 396, 1, -1, -0.7853981633974483, 1.4142135623730951
1448, 11, 422, 98, 421, 99, 1, -1, -0.7853981633974483, 1.4142135623730951
1448, 12, 538, 344, 537, 345, 1, -1, -0.7853981633974483, 1.4142135623730951
1448, 13, 499, 99, 498, 100, 1, -1, -0.7853981633974483, 1.4142135623730951
1448, 14, 611, 366, 609, 366, 2, 0, 0.0, 2.0
1448, 15, 348, 125, 347, 126, 1, -1, -0.7853981633974483, 1.4142135623730951
1448, 16, 585, 125, 583, 126, 2, -1, -0.4636476090008061, 2.23606797749979
1448, 17, 554, 106, 553, 107, 1, -1, -0.7853981633974483, 1.4142135623730951
1448, 18, 618, 333, 615, 333, 3, 0, 0.0, 3.0
1448, 20, 485, 405, 484, 406, 1, -1, -0.7853981633974483, 1.4142135623730951
1448, 21, 445, 402, 444, 403, 1, -1, -0.7853981633974483, 1.4142135623730951
1448, 22, 297, 347, 296, 348, 1, -1, -0.7853981633974483, 1.4142135623730951
1448, 23, 559, 372, 557, 373, 2, -1, -0.4636476090008061, 2.23606797749979
1448, 24, 391, 101, 390, 102, 1, -1, -0.7853981633974483, 1.4142135623730951
1448, 25, 543, 369, 542, 370, 1, -1, -0.7853981633974483, 1.4142135623730951
1448, 26, 305, 127, 304, 128, 1, -1, -0.7853981633974483, 1.4142135623730951
1448, 29, 346, 367, 345, 368, 1, -1, -0.7853981633974483, 1.4142135623730951
1449, 0, 620, 139, 618, 139, 2, 0, 0.0, 2.0
1449, 1, 547, 132, 545, 132, 2, 0, 0.0, 2.0
1449, 2, 498, 348, 496, 349, 2, -1, -0.4636476090008061, 2.23606797749979
1449, 7, 251, 330, 253, 331, -2, -1, -2.677945044588987, 2.23606797749979
1449, 8, 375, 400, 374, 401, 1, -1, -0.7853981633974483, 1.4142135623730951
1449, 10, 478, 395, 476, 395, 2, 0, 0.0, 2.0
1449, 12, 539, 343, 538, 344, 1, -1, -0.7853981633974483, 1.4142135623730951
1449, 15, 349, 124, 348, 125, 1, -1, -0.7853981633974483, 1.4142135623730951
1449, 16, 586, 124, 585, 125, 1, -1, -0.7853981633974483, 1.4142135623730951
1449, 18, 620, 333, 618, 333, 2, 0, 0.0, 2.0
1449, 19, 379, 407, 377, 408, 2, -1, -0.4636476090008061, 2.23606797749979
1449, 20, 487, 404, 485, 405, 2, -1, -0.4636476090008061, 2.23606797749979
1449, 22, 298, 346, 297, 347, 1, -1, -0.7853981633974483, 1.4142135623730951
1449, 23, 561, 372, 559, 372, 2, 0, 0.0, 2.0
1449, 24, 392, 100, 391, 101, 1, -1, -0.7853981633974483, 1.4142135623730951
1449, 26, 306, 126, 305, 127, 1, -1, -0.7853981633974483, 1.4142135623730951
1449, 27, 561, 400, 559, 401, 2, -1, -0.4636476090008061, 2.23606797749979
1449, 28, 574, 339, 573, 340, 1, -1, -0.7853981633974483, 1.4142135623730951
1449, 31, 563, 71, 562, 72, 1, -1, -0.7853981633974483, 1.4142135623730951
1450, 0, 620, 140, 617, 140, 3, 0, 0.0, 3.0
1450, 1, 546, 134, 543, 134, 3, 0, 0.0, 3.0
1450, 2, 497, 351, 494, 352, 3, -1, -0.3217505543966422, 3.1622776601683795
1450, 3, 240, 371, 239, 369, 1, 2, 1.1071487177940904, 2.23606797749979
1450, 7, 612, 366, 611, 367, 1, -1, -0.7853981633974483, 1.4142135623730951
1450, 12, 348, 127, 347, 128, 1, -1, -0.7853981633974483, 1.4142135623730951
1450, 13, 479, 397, 478, 398, 1, -1, -0.7853981633974483, 1.4142135623730951
1450, 14, 499, 102, 497, 102, 2, 0, 0.0, 2.0
1450, 16, 354, 98, 352, 99, 2, -1, -0.4636476090008061, 2.23606797749979
1450, 18, 445, 404, 444, 405, 1, -1, -0.7853981633974483, 1.4142135623730951
1450, 20, 618, 335, 616, 335, 2, 0, 0.0, 2.0
1450, 22, 609, 371, 606, 372, 3, -1, -0.3217505543966422, 3.1622776601683795
1450, 23, 585, 127, 584, 128, 1, -1, -0.7853981633974483, 1.4142135623730951
1450, 26, 486, 406, 485, 407, 1, -1, -0.7853981633974483, 1.4142135623730951
1450, 27, 455, 104, 454, 105, 1, -1, -0.7853981633974483, 1.4142135623730951
1450, 28, 575, 341, 573, 342, 2, -1, -0.4636476090008061, 2.23606797749979
1450, 30, 345, 374, 342, 374, 3, 0, 0.0, 3.0
1450, 33, 579, 393, 578, 394, 1, -1, -0.7853981633974483, 1.4142135623730951
1450, 36, 562, 403, 560, 404, 2, -1, -0.4636476090008061, 2.23606797749979
1451, 1, 548, 134, 546, 134, 2, 0, 0.0, 2.0
1451, 2, 499, 351, 497, 351, 2, 0, 0.0, 2.0
1451, 6, 377, 124, 376, 125, 1, -1, -0.7853981633974483, 1.4142135623730951
1451, 7, 614, 365, 612, 366, 2, -1, -0.4636476090008061, 2.23606797749979
1451, 8, 559, 375, 557, 375, 2, 0, 0.0, 2.0
1451, 9, 329, 111, 328, 112, 1, -1, -0.7853981633974483, 1.4142135623730951
1451, 10, 423, 101, 422, 102, 1, -1, -0.7853981633974483, 1.4142135623730951
1451, 11, 553, 108, 551, 108, 2, 0, 0.0, 2.0
1451, 12, 349, 126, 348, 127, 1, -1, -0.7853981633974483, 1.4142135623730951
1451, 13, 481, 396, 479, 397, 2, -1, -0.4636476090008061, 2.23606797749979
1451, 14, 501, 102, 499, 102, 2, 0, 0.0, 2.0
1451, 15, 379, 408, 378, 409, 1, -1, -0.7853981633974483, 1.4142135623730951
1451, 16, 355, 97, 354, 98, 1, -1, -0.7853981633974483, 1.4142135623730951
1451, 18, 446, 403, 445, 404, 1, -1, -0.7853981633974483, 1.4142135623730951
1451, 20, 620, 335, 618, 335, 2, 0, 0.0, 2.0
1451, 22, 611, 371, 609, 371, 2, 0, 0.0, 2.0
1451, 23, 587, 126, 585, 127, 2, -1, -0.4636476090008061, 2.23606797749979
1451, 24, 540, 345, 539, 346, 1, -1, -0.7853981633974483, 1.4142135623730951
1451, 25, 488, 406, 486, 406, 2, 0, 0.0, 2.0
1451, 27, 577, 339, 575, 341, 2, -2, -0.7853981633974483, 2.8284271247461903
1451, 28, 524, 95, 522, 95, 2, 0, 0.0, 2.0
1451, 29, 347, 373, 345, 374, 2, -1, -0.4636476090008061, 2.23606797749979
1451, 31, 307, 129, 306, 130, 1, -1, -0.7853981633974483, 1.4142135623730951
1451, 32, 581, 392, 579, 393, 2, -1, -0.4636476090008061, 2.23606797749979
1451, 34, 277, 368, 276, 369, 1, -1, -0.7853981633974483, 1.4142135623730951
1451, 35, 564, 402, 562, 403, 2, -1, -0.4636476090008061, 2.23606797749979
1451, 36, 603, 99, 601, 99, 2, 0, 0.0, 2.0
1452, 2, 501, 350, 499, 351, 2, -1, -0.4636476090008061, 2.23606797749979
1452, 6, 378, 123, 377, 124, 1, -1, -0.7853981633974483, 1.4142135623730951
1452, 7, 615, 364, 614, 365, 1, -1, -0.7853981633974483, 1.4142135623730951
1452, 10, 424, 100, 423, 101, 1, -1, -0.7853981633974483, 1.4142135623730951
1452, 12, 350, 125, 349, 126, 1, -1, -0.7853981633974483, 1.4142135623730951
1452, 13, 483, 396, 481, 396, 2, 0, 0.0, 2.0
1452, 14, 502, 101, 501, 102, 1, -1, -0.7853981633974483, 1.4142135623730951
1452, 15, 380, 407, 379, 408, 1, -1, -0.7853981633974483, 1.4142135623730951
1452, 16, 356, 95, 355, 97, 1, -2, -1.1071487177940904, 2.23606797749979
1452, 18, 448, 402, 446, 403, 2, -1, -0.4636476090008061, 2.23606797749979
1452, 19, 302, 346, 301, 347, 1, -1, -0.7853981633974483, 1.4142135623730951
1452, 20, 621, 334, 620, 335, 1, -1, -0.7853981633974483, 1.4142135623730951
1452, 22, 613, 371, 611, 371, 2, 0, 0.0, 2.0
1452, 23, 588, 125, 587, 126, 1, -1, -0.7853981633974483, 1.4142135623730951
1452, 24, 541, 343, 540, 345, 1, -2, -1.1071487177940904, 2.23606797749979
1452, 25, 490, 405, 488, 406, 2, -1, -0.4636476090008061, 2.23606797749979
1452, 27, 580, 338, 577, 339, 3, -1, -0.3217505543966422, 3.1622776601683795
1452, 28, 526, 95, 524, 95, 2, 0, 0.0, 2.0
1452, 29, 348, 372, 347, 373, 1, -1, -0.7853981633974483, 1.4142135623730951
1452, 30, 395, 101, 394, 102, 1, -1, -0.7853981633974483, 1.4142135623730951
1452, 31, 308, 128, 307, 129, 1, -1, -0.7853981633974483, 1.4142135623730951
1452, 32, 585, 392, 581, 392, 4, 0, 0.0, 4.0
1452, 35, 566, 402, 564, 402, 2, 0, 0.0, 2.0
1453, 2, 503, 349, 501, 350, 2, -1, -0.4636476090008061, 2.23606797749979
1453, 8, 562, 375, 560, 375, 2, 0, 0.0, 2.0
1453, 9, 330, 110, 329, 111, 1, -1, -0.7853981633974483, 1.4142135623730951
1453, 10, 425, 99, 424, 100, 1, -1, -0.7853981633974483, 1.4142135623730951
1453, 11, 556, 109, 554, 108, 2, 1, 0.4636476090008061, 2.23606797749979
1453, 12, 351, 124, 350, 125, 1, -1, -0.7853981633974483, 1.4142135623730951
1453, 13, 484, 395, 483, 396, 1, -1, -0.7853981633974483, 1.4142135623730951
1453, 16, 357, 94, 356, 95, 1, -1, -0.7853981633974483, 1.4142135623730951
1453, 19, 303, 345, 302, 346, 1, -1, -0.7853981633974483, 1.4142135623730951
1453, 22, 615, 371, 613, 371, 2, 0, 0.0, 2.0
1453, 23, 590, 125, 588, 125, 2, 0, 0.0, 2.0
1453, 24, 543, 342, 541, 343, 2, -1, -0.4636476090008061, 2.23606797749979
1453, 25, 492, 405, 490, 405, 2, 0, 0.0, 2.0
1453, 27, 582, 337, 580, 338, 2, -1, -0.4636476090008061, 2.23606797749979
1453, 29, 350, 372, 348, 372, 2, 0, 0.0, 2.0
1453, 31, 309, 127, 308, 128, 1, -1, -0.7853981633974483, 1.4142135623730951
1453, 32, 588, 392, 585, 392, 3, 0, 0.0, 3.0
1453, 35, 568, 402, 566, 402, 2, 0, 0.0, 2.0
1453, 36, 606, 99, 604, 99, 2, 0, 0.0, 2.0
1454, 2, 504, 348, 503, 349, 1, -1, -0.7853981633974483, 1.4142135623730951
1454, 8, 565, 374, 562, 375, 3, -1, -0.3217505543966422, 3.1622776601683795
1454, 9, 331, 109, 330, 110, 1, -1, -0.7853981633974483, 1.4142135623730951
1454, 10, 427, 98, 425, 99, 2, -1, -0.4636476090008061, 2.23606797749979
1454, 11, 558, 110, 556, 109, 2, 1, 0.4636476090008061, 2.23606797749979
1454, 12, 352, 123, 351, 124, 1, -1, -0.7853981633974483, 1.4142135623730951
1454, 14, 504, 100, 503, 101, 1, -1, -0.7853981633974483, 1.4142135623730951
1454, 15, 382, 406, 381, 407, 1, -1, -0.7853981633974483, 1.4142135623730951
1454, 16, 359, 93, 357, 94, 2, -1, -0.4636476090008061, 2.23606797749979
1454, 19, 304, 344, 303, 345, 1, -1, -0.7853981633974483, 1.4142135623730951
1454, 20, 623, 333, 622, 334, 1, -1, -0.7853981633974483, 1.4142135623730951
1454, 21, 255, 331, 255, 329, 0, 2, 1.5707963267948966, 2.0
1454, 22, 617, 370, 615, 371, 2, -1, -0.4636476090008061, 2.23606797749979
1454, 23, 592, 124, 590, 125, 2, -1, -0.4636476090008061, 2.23606797749979
1454, 24, 545, 341, 543, 342, 2, -1, -0.4636476090008061, 2.23606797749979
1454, 25, 494, 404, 492, 405, 2, -1, -0.4636476090008061, 2.23606797749979
1454, 27, 584, 336, 582, 337, 2, -1, -0.4636476090008061, 2.23606797749979
1454, 28, 529, 95, 527, 95, 2, 0, 0.0, 2.0
1454, 32, 594, 392, 588, 392, 6, 0, 0.0, 6.0
1454, 33, 604, 146, 603, 145, 1, 1, 0.7853981633974483, 1.4142135623730951
1454, 35, 570, 401, 568, 402, 2, -1, -0.4636476090008061, 2.23606797749979
1455, 2, 501, 350, 500, 351, 1, -1, -0.7853981633974483, 1.4142135623730951
1455, 6, 623, 333, 621, 335, 2, -2, -0.7853981633974483, 2.8284271247461903
1455, 7, 426, 101, 425, 102, 1, -1, -0.7853981633974483, 1.4142135623730951
1455, 8, 556, 110, 555, 111, 1, -1, -0.7853981633974483, 1.4142135623730951
1455, 9, 379, 401, 378, 402, 1, -1, -0.7853981633974483, 1.4142135623730951
1455, 10, 383, 407, 382, 409, 1, -2, -1.1071487177940904, 2.23606797749979
1455, 11, 592, 127, 590, 128, 2, -1, -0.4636476090008061, 2.23606797749979
1455, 13, 492, 405, 491, 407, 1, -2, -1.1071487177940904, 2.23606797749979
1455, 15, 352, 126, 351, 127, 1, -1, -0.7853981633974483, 1.4142135623730951
1455, 16, 285, 117, 284, 118, 1, -1, -0.7853981633974483, 1.4142135623730951
1455, 20, 395, 99, 394, 100, 1, -1, -0.7853981633974483, 1.4142135623730951
1455, 21, 613, 366, 614, 365, -1, 1, 2.356194490192345, 1.4142135623730951
1455, 22, 566, 403, 565, 404, 1, -1, -0.7853981633974483, 1.4142135623730951
1455, 23, 545, 345, 543, 345, 2, 0, 0.0, 2.0
1455, 26, 223, 341, 222, 342, 1, -1, -0.7853981633974483, 1.4142135623730951
1455, 28, 493, 344, 492, 345, 1, -1, -0.7853981633974483, 1.4142135623730951
1455, 29, 469, 132, 468, 133, 1, -1, -0.7853981633974483, 1.4142135623730951
1455, 32, 564, 374, 562, 375, 2, -1, -0.4636476090008061, 2.23606797749979
1455, 33, 524, 394, 521, 394, 3, 0, 0.0, 3.0
1455, 34, 319, 368, 318, 369, 1, -1, -0.7853981633974483, 1.4142135623730951
1455, 36, 312, 132, 311, 133, 1, -1, -0.7853981633974483, 1.4142135623730951
1455, 37, 571, 73, 569, 74, 2, -1, -0.4636476090008061, 2.23606797749979
1455, 39, 592, 394, 590, 394, 2, 0, 0.0, 2.0
1455, 42, 553, 369, 550, 369, 3, 0, 0.0, 3.0
1456, 0, 624, 140, 623, 141, 1, -1, -0.7853981633974483, 1.4142135623730951
1456, 1, 552, 134, 550, 135, 2, -1, -0.4636476090008061, 2.23606797749979
1456, 2, 502, 349, 501, 350, 1, -1, -0.7853981633974483, 1.4142135623730951
1456, 4, 380, 124, 379, 125, 1, -1, -0.7853981633974483, 1.4142135623730951
1456, 5, 506, 101, 504, 102, 2, -1, -0.4636476090008061, 2.23606797749979
1456, 6, 627, 331, 623, 333, 4, -2, -0.4636476090008061, 4.47213595499958
1456, 7, 427, 100, 426, 101, 1, -1, -0.7853981633974483, 1.4142135623730951
1456, 11, 593, 126, 592, 127, 1, -1, -0.7853981633974483, 1.4142135623730951
1456, 12, 450, 404, 449, 405, 1, -1, -0.7853981633974483, 1.4142135623730951
1456, 13, 493, 404, 492, 405, 1, -1, -0.7853981633974483, 1.4142135623730951
1456, 14, 244, 365, 243, 364, 1, 1, 0.7853981633974483, 1.4142135623730951
1456, 17, 527, 95, 526, 96, 1, -1, -0.7853981633974483, 1.4142135623730951
1456, 18, 358, 97, 356, 97, 2, 0, 0.0, 2.0
1456, 22, 568, 402, 566, 403, 2, -1, -0.4636476090008061, 2.23606797749979
1456, 23, 546, 344, 545, 345, 1, -1, -0.7853981633974483, 1.4142135623730951
1456, 25, 459, 104, 458, 105, 1, -1, -0.7853981633974483, 1.4142135623730951
1456, 26, 224, 340, 223, 341, 1, -1, -0.7853981633974483, 1.4142135623730951
1456, 28, 494, 343, 493, 344, 1, -1, -0.7853981633974483, 1.4142135623730951
1456, 29, 470, 131, 469, 132, 1, -1, -0.7853981633974483, 1.4142135623730951
1456, 30, 260, 136, 259, 138, 1, -2, -1.1071487177940904, 2.23606797749979
1456, 31, 327, 113, 326, 114, 1, -1, -0.7853981633974483, 1.4142135623730951
1456, 32, 565, 373, 564, 374, 1, -1, -0.7853981633974483, 1.4142135623730951
1456, 33, 526, 394, 524, 394, 2, 0, 0.0, 2.0
1456, 36, 313, 131, 312, 132, 1, -1, -0.7853981633974483, 1.4142135623730951
1456, 37, 573, 72, 571, 73, 2, -1, -0.4636476090008061, 2.23606797749979
1456, 38, 485, 397, 484, 398, 1, -1, -0.7853981633974483, 1.4142135623730951
1456, 42, 555, 368, 553, 369, 2, -1, -0.4636476090008061, 2.23606797749979
1457, 0, 626, 139, 624, 140, 2, -1, -0.4636476090008061, 2.23606797749979
1457, 2, 503, 348, 502, 349, 1, -1, -0.7853981633974483, 1.4142135623730951
1457, 4, 381, 123, 380, 124, 1, -1, -0.7853981633974483, 1.4142135623730951
1457, 5, 508, 101, 506, 101, 2, 0, 0.0, 2.0
1457, 6, 629, 330, 627, 331, 2, -1, -0.4636476090008061, 2.23606797749979
1457, 7, 428, 99, 427, 100, 1, -1, -0.7853981633974483, 1.4142135623730951
1457, 9, 381, 400, 380, 401, 1, -1, -0.7853981633974483, 1.4142135623730951
1457, 10, 385, 406, 384, 407, 1, -1, -0.7853981633974483, 1.4142135623730951
1457, 11, 595, 126, 593, 126, 2, 0, 0.0, 2.0
1457, 12, 451, 403, 450, 404, 1, -1, -0.7853981633974483, 1.4142135623730951
1457, 13, 494, 403, 493, 404, 1, -1, -0.7853981633974483, 1.4142135623730951
1457, 15, 354, 125, 353, 126, 1, -1, -0.7853981633974483, 1.4142135623730951
1457, 17, 528, 94, 527, 95, 1, -1, -0.7853981633974483, 1.4142135623730951
1457, 18, 360, 96, 358, 97, 2, -1, -0.4636476090008061, 2.23606797749979
1457, 19, 581, 339, 580, 340, 1, -1, -0.7853981633974483, 1.4142135623730951
1457, 22, 569, 401, 568, 402, 1, -1, -0.7853981633974483, 1.4142135623730951
1457, 23, 548, 343, 546, 344, 2, -1, -0.4636476090008061, 2.23606797749979
1457, 26, 225, 339, 224, 340, 1, -1, -0.7853981633974483, 1.4142135623730951
1457, 28, 496, 342, 494, 343, 2, -1, -0.4636476090008061, 2.23606797749979
1457, 30, 261, 135, 260, 136, 1, -1, -0.7853981633974483, 1.4142135623730951
1457, 31, 328, 112, 327, 113, 1, -1, -0.7853981633974483, 1.4142135623730951
1457, 32, 566, 372, 565, 373, 1, -1, -0.7853981633974483, 1.4142135623730951
1457, 33, 527, 395, 526, 394, 1, 1, 0.7853981633974483, 1.4142135623730951
1457, 34, 320, 366, 319, 367, 1, -1, -0.7853981633974483, 1.4142135623730951
1457, 35, 281, 364, 280, 365, 1, -1, -0.7853981633974483, 1.4142135623730951
1457, 37, 575, 72, 573, 72, 2, 0, 0.0, 2.0
1457, 42, 557, 367, 555, 368, 2, -1, -0.4636476090008061, 2.23606797749979
1458, 0, 627, 138, 626, 139, 1, -1, -0.7853981633974483, 1.4142135623730951
1458, 1, 555, 133, 553, 134, 2, -1, -0.4636476090008061, 2.23606797749979
1458, 2, 506, 346, 503, 348, 3, -2, -0.5880026035475675, 3.605551275463989
1458, 4, 382, 122, 381, 123, 1, -1, -0.7853981633974483, 1.4142135623730951
1458, 6, 631, 330, 629, 330, 2, 0, 0.0, 2.0
1458, 10, 386, 405, 385, 406, 1, -1, -0.7853981633974483, 1.4142135623730951
1458, 11, 597, 125, 595, 126, 2, -1, -0.4636476090008061, 2.23606797749979
1458, 13, 495, 402, 494, 403, 1, -1, -0.7853981633974483, 1.4142135623730951
1458, 15, 356, 125, 354, 125, 2, 0, 0.0, 2.0
1458, 17, 529, 93, 528, 94, 1, -1, -0.7853981633974483, 1.4142135623730951
1458, 19, 582, 338, 581, 339, 1, -1, -0.7853981633974483, 1.4142135623730951
1458, 20, 398, 98, 397, 99, 1, -1, -0.7853981633974483, 1.4142135623730951
1458, 21, 614, 365, 613, 366, 1, -1, -0.7853981633974483, 1.4142135623730951
1458, 22, 570, 400, 569, 401, 1, -1, -0.7853981633974483, 1.4142135623730951
1458, 24, 308, 347, 307, 348, 1, -1, -0.7853981633974483, 1.4142135623730951
1458, 26, 226, 338, 225, 339, 1, -1, -0.7853981633974483, 1.4142135623730951
1458, 28, 497, 341, 496, 342, 1, -1, -0.7853981633974483, 1.4142135623730951
1458, 32, 568, 371, 566, 372, 2, -1, -0.4636476090008061, 2.23606797749979
1458, 34, 321, 365, 320, 366, 1, -1, -0.7853981633974483, 1.4142135623730951
1458, 35, 282, 363, 281, 364, 1, -1, -0.7853981633974483, 1.4142135623730951
1458, 37, 577, 72, 575, 72, 2, 0, 0.0, 2.0
1458, 40, 545, 89, 544, 90, 1, -1, -0.7853981633974483, 1.4142135623730951
1458, 42, 559, 366, 557, 367, 2, -1, -0.4636476090008061, 2.23606797749979
1459, 0, 629, 137, 627, 138, 2, -1, -0.4636476090008061, 2.23606797749979
1459, 1, 557, 132, 555, 133, 2, -1, -0.4636476090008061, 2.23606797749979
1459, 2, 508, 345, 506, 346, 2, -1, -0.4636476090008061, 2.23606797749979
1459, 4, 383, 121, 382, 122, 1, -1, -0.7853981633974483, 1.4142135623730951
1459, 5, 511, 101, 509, 101, 2, 0, 0.0, 2.0
1459, 6, 632, 329, 631, 330, 1, -1, -0.7853981633974483, 1.4142135623730951
1459, 7, 430, 98, 429, 99, 1, -1, -0.7853981633974483, 1.4142135623730951
1459, 8, 561, 110, 559, 110, 2, 0, 0.0, 2.0
1459, 9, 383, 399, 382, 400, 1, -1, -0.7853981633974483, 1.4142135623730951
1459, 11, 599, 125, 597, 125, 2, 0, 0.0, 2.0
1459, 12, 453, 402, 452, 403, 1, -1, -0.7853981633974483, 1.4142135623730951
1459, 13, 496, 401, 495, 402, 1, -1, -0.7853981633974483, 1.4142135623730951
1459, 14, 246, 366, 245, 365, 1, 1, 0.7853981633974483, 1.4142135623730951
1459, 18, 363, 95, 361, 96, 2, -1, -0.4636476090008061, 2.23606797749979
1459, 19, 583, 337, 582, 338, 1, -1, -0.7853981633974483, 1.4142135623730951
1459, 21, 615, 364, 614, 365, 1, -1, -0.7853981633974483, 1.4142135623730951
1459, 22, 571, 399, 570, 400, 1, -1, -0.7853981633974483, 1.4142135623730951
1459, 25, 463, 104, 461, 104, 2, 0, 0.0, 2.0
1459, 26, 228, 337, 226, 338, 2, -1, -0.4636476090008061, 2.23606797749979
1459, 28, 500, 340, 497, 341, 3, -1, -0.3217505543966422, 3.1622776601683795
1459, 32, 569, 369, 568, 371, 1, -2, -1.1071487177940904, 2.23606797749979
1459, 34, 322, 364, 321, 365, 1, -1, -0.7853981633974483, 1.4142135623730951
1459, 38, 489, 397, 487, 397, 2, 0, 0.0, 2.0
1459, 40, 546, 88, 545, 89, 1, -1, -0.7853981633974483, 1.4142135623730951
1459, 42, 561, 363, 559, 366, 2, -3, -0.982793723247329, 3.605551275463989
1460, 0, 630, 140, 628, 140, 2, 0, 0.0, 2.0
1460, 1, 556, 134, 554, 135, 2, -1, -0.4636476090008061, 2.23606797749979
1460, 2, 507, 350, 505, 350, 2, 0, 0.0, 2.0
1460, 5, 362, 97, 361, 98, 1, -1, -0.7853981633974483, 1.4142135623730951
1460, 6, 306, 350, 305, 351, 1, -1, -0.7853981633974483, 1.4142135623730951
1460, 8, 510, 102, 508, 102, 2, 0, 0.0, 2.0
1460, 9, 571, 403, 570, 404, 1, -1, -0.7853981633974483, 1.4142135623730951
1460, 10, 385, 399, 384, 400, 1, -1, -0.7853981633974483, 1.4142135623730951
1460, 14, 385, 123, 384, 124, 1, -1, -0.7853981633974483, 1.4142135623730951
1460, 15, 431, 101, 430, 102, 1, -1, -0.7853981633974483, 1.4142135623730951
1460, 16, 596, 127, 594, 128, 2, -1, -0.4636476090008061, 2.23606797749979
1460, 17, 357, 125, 356, 126, 1, -1, -0.7853981633974483, 1.4142135623730951
1460, 18, 618, 365, 617, 366, 1, -1, -0.7853981633974483, 1.4142135623730951
1460, 20, 575, 73, 574, 74, 1, -1, -0.7853981633974483, 1.4142135623730951
1460, 21, 585, 340, 583, 340, 2, 0, 0.0, 2.0
1460, 22, 288, 364, 287, 365, 1, -1, -0.7853981633974483, 1.4142135623730951
1460, 23, 454, 404, 452, 404, 2, 0, 0.0, 2.0
1460, 24, 550, 345, 548, 345, 2, 0, 0.0, 2.0
1460, 25, 485, 394, 483, 395, 2, -1, -0.4636476090008061, 2.23606797749979
1460, 26, 569, 373, 567, 374, 2, -1, -0.4636476090008061, 2.23606797749979
1460, 28, 326, 367, 325, 368, 1, -1, -0.7853981633974483, 1.4142135623730951
1460, 29, 399, 99, 398, 100, 1, -1, -0.7853981633974483, 1.4142135623730951
1460, 30, 603, 150, 601, 150, 2, 0, 0.0, 2.0
1460, 31, 462, 104, 461, 105, 1, -1, -0.7853981633974483, 1.4142135623730951
1460, 33, 327, 112, 326, 113, 1, -1, -0.7853981633974483, 1.4142135623730951
1460, 35, 495, 396, 493, 396, 2, 0, 0.0, 2.0
1460, 36, 562, 111, 560, 111, 2, 0, 0.0, 2.0
1460, 39, 404, 366, 403, 367, 1, -1, -0.7853981633974483, 1.4142135623730951
1460, 40, 521, 129, 519, 129, 2, 0, 0.0, 2.0
1460, 41, 439, 384, 437, 384, 2, 0, 0.0, 2.0
1461, 0, 632, 140, 630, 140, 2, 0, 0.0, 2.0
1461, 1, 558, 134, 556, 134, 2, 0, 0.0, 2.0
1461, 2, 509, 348, 507, 350, 2, -2, -0.7853981633974483, 2.8284271247461903
1461, 10, 630, 332, 629, 333, 1, -1, -0.7853981633974483, 1.4142135623730951
1461, 12, 267, 132, 266, 133, 1, -1, -0.7853981633974483, 1.4142135623730951
1461, 13, 386, 122, 385, 123, 1, -1, -0.7853981633974483, 1.4142135623730951
1461, 15, 598, 126, 596, 127, 2, -1, -0.4636476090008061, 2.23606797749979
1461, 17, 620, 363, 618, 365, 2, -2, -0.7853981633974483, 2.8284271247461903
1461, 20, 587, 339, 585, 340, 2, -1, -0.4636476090008061, 2.23606797749979
1461, 22, 456, 404, 454, 404, 2, 0, 0.0, 2.0
1461, 23, 551, 344, 550, 345, 1, -1, -0.7853981633974483, 1.4142135623730951
1461, 24, 488, 392, 485, 394, 3, -2, -0.5880026035475675, 3.605551275463989
1461, 25, 571, 372, 569, 373, 2, -1, -0.4636476090008061, 2.23606797749979
1461, 26, 315, 127, 314, 128, 1, -1, -0.7853981633974483, 1.4142135623730951
1461, 28, 400, 98, 399, 99, 1, -1, -0.7853981633974483, 1.4142135623730951
1461, 29, 605, 149, 603, 150, 2, -1, -0.4636476090008061, 2.23606797749979
1461, 30, 464, 104, 462, 104, 2, 0, 0.0, 2.0
1461, 32, 328, 111, 327, 112, 1, -1, -0.7853981633974483, 1.4142135623730951
1461, 34, 497, 396, 495, 396, 2, 0, 0.0, 2.0
1461, 35, 564, 111, 562, 111, 2, 0, 0.0, 2.0
1462, 0, 634, 140, 632, 140, 2, 0, 0.0, 2.0
1462, 1, 560, 134, 558, 134, 2, 0, 0.0, 2.0
1462, 2, 511, 346, 509, 348, 2, -2, -0.7853981633974483, 2.8284271247461903
1462, 6, 289, 116, 288, 117, 1, -1, -0.7853981633974483, 1.4142135623730951
1462, 8, 573, 402, 572, 403, 1, -1, -0.7853981633974483, 1.4142135623730951
1462, 9, 387, 398, 386, 399, 1, -1, -0.7853981633974483, 1.4142135623730951
1462, 10, 632, 331, 630, 332, 2, -1, -0.4636476090008061, 2.23606797749979
1462, 11, 389, 407, 388, 408, 1, -1, -0.7853981633974483, 1.4142135623730951
1462, 12, 268, 131, 267, 132, 1, -1, -0.7853981633974483, 1.4142135623730951
1462, 14, 433, 100, 432, 101, 1, -1, -0.7853981633974483, 1.4142135623730951
1462, 15, 600, 126, 598, 126, 2, 0, 0.0, 2.0
1462, 17, 622, 361, 620, 363, 2, -2, -0.7853981633974483, 2.8284271247461903
1462, 18, 498, 405, 496, 405, 2, 0, 0.0, 2.0
1462, 20, 589, 339, 587, 339, 2, 0, 0.0, 2.0
1462, 21, 289, 362, 288, 363, 1, -1, -0.7853981633974483, 1.4142135623730951
1462, 22, 460, 404, 456, 404, 4, 0, 0.0, 4.0
1462, 23, 553, 344, 551, 344, 2, 0, 0.0, 2.0
1462, 24, 491, 391, 488, 392, 3, -1, -0.3217505543966422, 3.1622776601683795
1462, 25, 573, 371, 571, 372, 2, -1, -0.4636476090008061, 2.23606797749979
1462, 27, 327, 365, 326, 366, 1, -1, -0.7853981633974483, 1.4142135623730951
1462, 28, 404, 97, 400, 98, 4, -1, -0.24497866312686414, 4.123105625617661
1462, 29, 606, 148, 605, 149, 1, -1, -0.7853981633974483, 1.4142135623730951
1462, 30, 468, 104, 464, 104, 4, 0, 0.0, 4.0
1462, 32, 329, 110, 328, 111, 1, -1, -0.7853981633974483, 1.4142135623730951
1462, 33, 560, 371, 558, 371, 2, 0, 0.0, 2.0
1462, 34, 498, 395, 497, 396, 1, -1, -0.7853981633974483, 1.4142135623730951
1462, 35, 565, 110, 564, 111, 1, -1, -0.7853981633974483, 1.4142135623730951
1463, 0, 635, 139, 634, 140, 1, -1, -0.7853981633974483, 1.4142135623730951
1463, 1, 562, 134, 560, 134, 2, 0, 0.0, 2.0
1463, 3, 248, 375, 247, 374, 1, 1, 0.7853981633974483, 1.4142135623730951
1463, 4, 366, 96, 364, 97, 2, -1, -0.4636476090008061, 2.23606797749979
1463, 6, 291, 115, 289, 116, 2, -1, -0.4636476090008061, 2.23606797749979
1463, 9, 389, 398, 387, 398, 2, 0, 0.0, 2.0
1463, 10, 634, 331, 632, 331, 2, 0, 0.0, 2.0
1463, 12, 269, 130, 268, 131, 1, -1, -0.7853981633974483, 1.4142135623730951
1463, 14, 434, 99, 433, 100, 1, -1, -0.7853981633974483, 1.4142135623730951
1463, 15, 602, 125, 600, 126, 2, -1, -0.4636476090008061, 2.23606797749979
1463, 17, 624, 359, 622, 361, 2, -2, -0.7853981633974483, 2.8284271247461903
1463, 18, 500, 405, 498, 405, 2, 0, 0.0, 2.0
1463, 20, 590, 338, 589, 339, 1, -1, -0.7853981633974483, 1.4142135623730951
1463, 21, 290, 361, 289, 362, 1, -1, -0.7853981633974483, 1.4142135623730951
1463, 23, 555, 343, 553, 344, 2, -1, -0.4636476090008061, 2.23606797749979
1463, 24, 494, 389, 491, 391, 3, -2, -0.5880026035475675, 3.605551275463989
1463, 25, 575, 371, 573, 371, 2, 0, 0.0, 2.0
1463, 27, 328, 364, 327, 365, 1, -1, -0.7853981633974483, 1.4142135623730951
1463, 28, 406, 96, 404, 97, 2, -1, -0.4636476090008061, 2.23606797749979
1463, 29, 604, 147, 606, 148, -2, -1, -2.677945044588987, 2.23606797749979
1463, 33, 562, 372, 560, 371, 2, 1, 0.4636476090008061, 2.23606797749979
1463, 34, 499, 394, 498, 395, 1, -1, -0.7853981633974483, 1.4142135623730951
1463, 35, 566, 109, 565, 110, 1, -1, -0.7853981633974483, 1.4142135623730951
1463, 38, 406, 365, 405, 366, 1, -1, -0.7853981633974483, 1.4142135623730951
1463, 39, 525, 129, 523, 129, 2, 0, 0.0, 2.0
1464, 1, 563, 133, 562, 134, 1, -1, -0.7853981633974483, 1.4142135623730951
1464, 2, 514, 346, 512, 346, 2, 0, 0.0, 2.0
1464, 9, 391, 397, 389, 398, 2, -1, -0.4636476090008061, 2.23606797749979
1464, 10, 635, 330, 634, 331, 1, -1, -0.7853981633974483, 1.4142135623730951
1464, 12, 270, 129, 269, 130, 1, -1, -0.7853981633974483, 1.4142135623730951
1464, 17, 628, 357, 624, 359, 4, -2, -0.4636476090008061, 4.47213595499958
1464, 21, 291, 359, 290, 361, 1, -2, -1.1071487177940904, 2.23606797749979
1464, 23, 557, 342, 555, 343, 2, -1, -0.4636476090008061, 2.23606797749979
1464, 24, 496, 387, 494, 389, 2, -2, -0.7853981633974483, 2.8284271247461903
1464, 27, 330, 363, 328, 364, 2, -1, -0.4636476090008061, 2.23606797749979
1464, 30, 470, 103, 469, 104, 1, -1, -0.7853981633974483, 1.4142135623730951
1464, 32, 331, 109, 330, 110, 1, -1, -0.7853981633974483, 1.4142135623730951
1464, 33, 564, 372, 562, 372, 2, 0, 0.0, 2.0
1464, 35, 567, 108, 566, 109, 1, -1, -0.7853981633974483, 1.4142135623730951
1464, 38, 408, 364, 406, 365, 2, -1, -0.4636476090008061, 2.23606797749979
1464, 39, 526, 128, 525, 129, 1, -1, -0.7853981633974483, 1.4142135623730951
1464, 40, 443, 383, 442, 384, 1, -1, -0.7853981633974483, 1.4142135623730951
1465, 0, 511, 348, 510, 349, 1, -1, -0.7853981633974483, 1.4142135623730951
1465, 5, 388, 123, 387, 124, 1, -1, -0.7853981633974483, 1.4142135623730951
1465, 6, 515, 102, 513, 103, 2, -1, -0.4636476090008061, 2.23606797749979
1465, 10, 437, 101, 435, 102, 2, -1, -0.4636476090008061, 2.23606797749979
1465, 11, 627, 362, 623, 362, 4, 0, 0.0, 4.0
1465, 12, 635, 333, 633, 333, 2, 0, 0.0, 2.0
1465, 13, 574, 375, 572, 375, 2, 0, 0.0, 2.0
1465, 14, 310, 351, 309, 352, 1, -1, -0.7853981633974483, 1.4142135623730951
1465, 15, 503, 405, 501, 405, 2, 0, 0.0, 2.0
1465, 16, 565, 111, 564, 112, 1, -1, -0.7853981633974483, 1.4142135623730951
1465, 21, 495, 391, 492, 392, 3, -1, -0.3217505543966422, 3.1622776601683795
1465, 23, 555, 344, 553, 344, 2, 0, 0.0, 2.0
1465, 25, 295, 119, 293, 119, 2, 0, 0.0, 2.0
1465, 26, 596, 366, 595, 367, 1, -1, -0.7853981633974483, 1.4142135623730951
1465, 27, 462, 405, 460, 405, 2, 0, 0.0, 2.0
1465, 29, 545, 139, 544, 140, 1, -1, -0.7853981633974483, 1.4142135623730951
1465, 33, 531, 99, 528, 100, 3, -1, -0.3217505543966422, 3.1622776601683795
1465, 36, 540, 97, 538, 98, 2, -1, -0.4636476090008061, 2.23606797749979
1465, 37, 563, 372, 561, 372, 2, 0, 0.0, 2.0
1465, 38, 509, 85, 507, 85, 2, 0, 0.0, 2.0
1465, 39, 358, 371, 357, 372, 1, -1, -0.7853981633974483, 1.4142135623730951
1466, 0, 512, 347, 511, 348, 1, -1, -0.7853981633974483, 1.4142135623730951
1466, 4, 250, 377, 249, 376, 1, 1, 0.7853981633974483, 1.4142135623730951
1466, 5, 390, 122, 388, 123, 2, -1, -0.4636476090008061, 2.23606797749979
1466, 8, 366, 97, 365, 98, 1, -1, -0.7853981633974483, 1.4142135623730951
1466, 11, 630, 361, 627, 362, 3, -1, -0.3217505543966422, 3.1622776601683795
1466, 13, 576, 374, 574, 375, 2, -1, -0.4636476090008061, 2.23606797749979
1466, 15, 505, 405, 503, 405, 2, 0, 0.0, 2.0
1466, 19, 233, 347, 231, 347, 2, 0, 0.0, 2.0
1466, 20, 603, 127, 601, 127, 2, 0, 0.0, 2.0
1466, 21, 499, 390, 495, 391, 4, -1, -0.24497866312686414, 4.123105625617661
1466, 23, 556, 343, 555, 344, 1, -1, -0.7853981633974483, 1.4142135623730951
1466, 24, 318, 128, 317, 129, 1, -1, -0.7853981633974483, 1.4142135623730951
1466, 26, 597, 365, 596, 366, 1, -1, -0.7853981633974483, 1.4142135623730951
1466, 29, 546, 138, 545, 139, 1, -1, -0.7853981633974483, 1.4142135623730951
1466, 33, 533, 99, 531, 99, 2, 0, 0.0, 2.0
1466, 34, 326, 86, 323, 86, 3, 0, 0.0, 3.0
1466, 36, 542, 97, 540, 97, 2, 0, 0.0, 2.0
1466, 37, 565, 371, 563, 372, 2, -1, -0.4636476090008061, 2.23606797749979
1466, 40, 592, 339, 590, 340, 2, -1, -0.4636476090008061, 2.23606797749979
1467, 0, 514, 346, 512, 347, 2, -1, -0.4636476090008061, 2.23606797749979
1467, 1, 563, 135, 562, 134, 1, 1, 0.7853981633974483, 1.4142135623730951
1467, 10, 633, 360, 630, 361, 3, -1, -0.3217505543966422, 3.1622776601683795
1467, 12, 578, 374, 576, 374, 2, 0, 0.0, 2.0
1467, 14, 507, 405, 505, 405, 2, 0, 0.0, 2.0
1467, 15, 567, 109, 565, 110, 2, -1, -0.4636476090008061, 2.23606797749979
1467, 20, 501, 389, 499, 390, 2, -1, -0.4636476090008061, 2.23606797749979
1467, 21, 362, 125, 361, 126, 1, -1, -0.7853981633974483, 1.4142135623730951
1467, 22, 558, 343, 556, 343, 2, 0, 0.0, 2.0
1467, 25, 598, 364, 597, 365, 1, -1, -0.7853981633974483, 1.4142135623730951
1467, 26, 464, 404, 463, 405, 1, -1, -0.7853981633974483, 1.4142135623730951
1467, 28, 547, 137, 546, 138, 1, -1, -0.7853981633974483, 1.4142135623730951
1467, 31, 582, 74, 581, 75, 1, -1, -0.7853981633974483, 1.4142135623730951
1467, 32, 534, 98, 533, 99, 1, -1, -0.7853981633974483, 1.4142135623730951
1467, 33, 331, 86, 326, 86, 5, 0, 0.0, 5.0
1467, 35, 543, 96, 542, 97, 1, -1, -0.7853981633974483, 1.4142135623730951
1467, 36, 566, 370, 565, 371, 1, -1, -0.7853981633974483, 1.4142135623730951
1467, 39, 595, 338, 592, 339, 3, -1, -0.3217505543966422, 3.1622776601683795
1468, 0, 515, 345, 514, 346, 1, -1, -0.7853981633974483, 1.4142135623730951
1468, 1, 565, 135, 563, 135, 2, 0, 0.0, 2.0
1468, 3, 252, 377, 250, 377, 2, 0, 0.0, 2.0
1468, 7, 368, 96, 367, 97, 1, -1, -0.7853981633974483, 1.4142135623730951
1468, 12, 581, 374, 578, 374, 3, 0, 0.0, 3.0
1468, 13, 313, 350, 312, 351, 1, -1, -0.7853981633974483, 1.4142135623730951
1468, 14, 509, 405, 507, 405, 2, 0, 0.0, 2.0
1468, 15, 568, 108, 567, 109, 1, -1, -0.7853981633974483, 1.4142135623730951
1468, 16, 394, 409, 393, 408, 1, 1, 0.7853981633974483, 1.4142135623730951
1468, 18, 235, 346, 234, 347, 1, -1, -0.7853981633974483, 1.4142135623730951
1468, 19, 606, 126, 604, 127, 2, -1, -0.4636476090008061, 2.23606797749979
1468, 20, 503, 388, 501, 389, 2, -1, -0.4636476090008061, 2.23606797749979
1468, 21, 363, 124, 362, 125, 1, -1, -0.7853981633974483, 1.4142135623730951
1468, 22, 560, 341, 558, 343, 2, -2, -0.7853981633974483, 2.8284271247461903
1468, 23, 319, 127, 318, 128, 1, -1, -0.7853981633974483, 1.4142135623730951
1468, 25, 599, 363, 598, 364, 1, -1, -0.7853981633974483, 1.4142135623730951
1468, 26, 465, 403, 464, 404, 1, -1, -0.7853981633974483, 1.4142135623730951
1468, 31, 584, 73, 582, 74, 2, -1, -0.4636476090008061, 2.23606797749979
1468, 32, 536, 96, 534, 98, 2, -2, -0.7853981633974483, 2.8284271247461903
1468, 33, 333, 85, 331, 86, 2, -1, -0.4636476090008061, 2.23606797749979
1468, 35, 544, 95, 543, 96, 1, -1, -0.7853981633974483, 1.4142135623730951
1468, 36, 567, 369, 566, 370, 1, -1, -0.7853981633974483, 1.4142135623730951
1468, 39, 597, 337, 595, 338, 2, -1, -0.4636476090008061, 2.23606797749979
1469, 0, 517, 344, 515, 345, 2, -1, -0.4636476090008061, 2.23606797749979
1469, 3, 253, 378, 252, 377, 1, 1, 0.7853981633974483, 1.4142135623730951
1469, 5, 519, 101, 518, 102, 1, -1, -0.7853981633974483, 1.4142135623730951
1469, 7, 369, 95, 368, 96, 1, -1, -0.7853981633974483, 1.4142135623730951
1469, 10, 634, 359, 633, 360, 1, -1, -0.7853981633974483, 1.4142135623730951
1469, 12, 583, 374, 581, 374, 2, 0, 0.0, 2.0
1469, 14, 511, 405, 509, 405, 2, 0, 0.0, 2.0
1469, 15, 570, 107, 568, 108, 2, -1, -0.4636476090008061, 2.23606797749979
1469, 19, 608, 126, 606, 126, 2, 0, 0.0, 2.0
1469, 21, 364, 123, 363, 124, 1, -1, -0.7853981633974483, 1.4142135623730951
1469, 22, 562, 340, 560, 341, 2, -1, -0.4636476090008061, 2.23606797749979
1469, 27, 580, 403, 579, 404, 1, -1, -0.7853981633974483, 1.4142135623730951
1469, 28, 550, 136, 548, 137, 2, -1, -0.4636476090008061, 2.23606797749979
1469, 30, 391, 401, 390, 402, 1, -1, -0.7853981633974483, 1.4142135623730951
1469, 31, 586, 72, 584, 73, 2, -1, -0.4636476090008061, 2.23606797749979
1469, 33, 335, 84, 333, 85, 2, -1, -0.4636476090008061, 2.23606797749979
1469, 38, 600, 337, 597, 337, 3, 0, 0.0, 3.0
1470, 6, 520, 102, 518, 103, 2, -1, -0.4636476090008061, 2.23606797749979
1470, 16, 395, 408, 394, 409, 1, -1, -0.7853981633974483, 1.4142135623730951
1470, 17, 606, 127, 604, 128, 2, -1, -0.4636476090008061, 2.23606797749979
1470, 19, 559, 342, 558, 343, 1, -1, -0.7853981633974483, 1.4142135623730951
1470, 20, 632, 367, 631, 368, 1, -1, -0.7853981633974483, 1.4142135623730951
1470, 21, 557, 142, 555, 142, 2, 0, 0.0, 2.0
1470, 23, 573, 109, 572, 110, 1, -1, -0.7853981633974483, 1.4142135623730951
1470, 27, 466, 406, 464, 406, 2, 0, 0.0, 2.0
1470, 30, 524, 85, 522, 86, 2, -1, -0.4636476090008061, 2.23606797749979
1470, 33, 408, 100, 407, 101, 1, -1, -0.7853981633974483, 1.4142135623730951
1471, 0, 517, 348, 515, 348, 2, 0, 0.0, 2.0
1471, 11, 586, 74, 584, 75, 2, -1, -0.4636476090008061, 2.23606797749979
1471, 14, 544, 95, 543, 96, 1, -1, -0.7853981633974483, 1.4142135623730951
1471, 16, 396, 407, 395, 408, 1, -1, -0.7853981633974483, 1.4142135623730951
1471, 17, 608, 126, 606, 127, 2, -1, -0.4636476090008061, 2.23606797749979
1471, 18, 315, 351, 314, 352, 1, -1, -0.7853981633974483, 1.4142135623730951
1471, 19, 560, 341, 559, 342, 1, -1, -0.7853981633974483, 1.4142135623730951
1471, 23, 574, 108, 573, 109, 1, -1, -0.7853981633974483, 1.4142135623730951
1471, 24, 336, 367, 335, 368, 1, -1, -0.7853981633974483, 1.4142135623730951
1471, 26, 323, 128, 322, 129, 1, -1, -0.7853981633974483, 1.4142135623730951
1471, 27, 468, 405, 466, 406, 2, -1, -0.4636476090008061, 2.23606797749979
1471, 29, 366, 126, 365, 127, 1, -1, -0.7853981633974483, 1.4142135623730951
1471, 30, 526, 84, 524, 85, 2, -1, -0.4636476090008061, 2.23606797749979
1471, 32, 310, 401, 309, 402, 1, -1, -0.7853981633974483, 1.4142135623730951
1472, 0, 519, 347, 517, 348, 2, -1, -0.4636476090008061, 2.23606797749979
1472, 2, 568, 136, 566, 136, 2, 0, 0.0, 2.0
1472, 4, 255, 378, 254, 377, 1, 1, 0.7853981633974483, 1.4142135623730951
1472, 5, 394, 124, 393, 125, 1, -1, -0.7853981633974483, 1.4142135623730951
1472, 7, 392, 399, 391, 400, 1, -1, -0.7853981633974483, 1.4142135623730951
1472, 8, 371, 97, 370, 98, 1, -1, -0.7853981633974483, 1.4142135623730951
1472, 10, 582, 403, 581, 404, 1, -1, -0.7853981633974483, 1.4142135623730951
1472, 12, 441, 101, 440, 102, 1, -1, -0.7853981633974483, 1.4142135623730951
1472, 13, 508, 405, 507, 406, 1, -1, -0.7853981633974483, 1.4142135623730951
1472, 14, 545, 94, 544, 95, 1, -1, -0.7853981633974483, 1.4142135623730951
1472, 16, 397, 406, 396, 407, 1, -1, -0.7853981633974483, 1.4142135623730951
1472, 17, 610, 125, 608, 126, 2, -1, -0.4636476090008061, 2.23606797749979
1472, 19, 563, 340, 560, 341, 3, -1, -0.3217505543966422, 3.1622776601683795
1472, 20, 634, 366, 633, 367, 1, -1, -0.7853981633974483, 1.4142135623730951
1472, 21, 560, 142, 558, 142, 2, 0, 0.0, 2.0
1472, 23, 575, 107, 574, 108, 1, -1, -0.7853981633974483, 1.4142135623730951
1472, 24, 337, 366, 336, 367, 1, -1, -0.7853981633974483, 1.4142135623730951
1472, 27, 469, 404, 468, 405, 1, -1, -0.7853981633974483, 1.4142135623730951
1472, 30, 527, 83, 526, 84, 1, -1, -0.7853981633974483, 1.4142135623730951
1472, 31, 582, 374, 580, 374, 2, 0, 0.0, 2.0
1472, 33, 410, 99, 409, 100, 1, -1, -0.7853981633974483, 1.4142135623730951
1473, 2, 570, 136, 568, 136, 2, 0, 0.0, 2.0
1473, 10, 583, 402, 582, 403, 1, -1, -0.7853981633974483, 1.4142135623730951
1473, 12, 442, 100, 441, 101, 1, -1, -0.7853981633974483, 1.4142135623730951
1473, 13, 509, 404, 508, 405, 1, -1, -0.7853981633974483, 1.4142135623730951
1473, 14, 546, 93, 545, 94, 1, -1, -0.7853981633974483, 1.4142135623730951
1473, 18, 317, 350, 316, 351, 1, -1, -0.7853981633974483, 1.4142135623730951
1473, 19, 565, 340, 563, 340, 2, 0, 0.0, 2.0
1473, 21, 562, 141, 560, 142, 2, -1, -0.4636476090008061, 2.23606797749979
1473, 23, 577, 106, 575, 107, 2, -1, -0.4636476090008061, 2.23606797749979
1473, 24, 338, 365, 337, 366, 1, -1, -0.7853981633974483, 1.4142135623730951
1473, 27, 470, 403, 469, 404, 1, -1, -0.7853981633974483, 1.4142135623730951
1473, 31, 583, 373, 582, 374, 1, -1, -0.7853981633974483, 1.4142135623730951
1473, 32, 311, 400, 310, 401, 1, -1, -0.7853981633974483, 1.4142135623730951
1474, 0, 522, 346, 520, 347, 2, -1, -0.4636476090008061, 2.23606797749979
1474, 2, 572, 136, 570, 136, 2, 0, 0.0, 2.0
1474, 4, 257, 379, 256, 378, 1, 1, 0.7853981633974483, 1.4142135623730951
1474, 5, 396, 123, 395, 124, 1, -1, -0.7853981633974483, 1.4142135623730951
1474, 8, 372, 96, 371, 97, 1, -1, -0.7853981633974483, 1.4142135623730951
1474, 10, 584, 401, 583, 402, 1, -1, -0.7853981633974483, 1.4142135623730951
1474, 11, 590, 74, 588, 74, 2, 0, 0.0, 2.0
1474, 13, 511, 403, 509, 404, 2, -1, -0.4636476090008061, 2.23606797749979
1474, 19, 567, 339, 565, 340, 2, -1, -0.4636476090008061, 2.23606797749979
1474, 21, 564, 140, 562, 141, 2, -1, -0.4636476090008061, 2.23606797749979
1474, 22, 268, 128, 267, 129, 1, -1, -0.7853981633974483, 1.4142135623730951
1474, 29, 529, 84, 528, 83, 1, 1, 0.7853981633974483, 1.4142135623730951
1474, 30, 584, 372, 583, 373, 1, -1, -0.7853981633974483, 1.4142135623730951
1474, 32, 412, 98, 411, 99, 1, -1, -0.7853981633974483, 1.4142135623730951
1475, 0, 571, 135, 569, 136, 2, -1, -0.4636476090008061, 2.23606797749979
1475, 1, 521, 347, 520, 348, 1, -1, -0.7853981633974483, 1.4142135623730951
1475, 6, 504, 396, 503, 397, 1, -1, -0.7853981633974483, 1.4142135623730951
1475, 8, 635, 364, 636, 365, -1, -1, -2.356194490192345, 1.4142135623730951
1475, 10, 394, 398, 393, 399, 1, -1, -0.7853981633974483, 1.4142135623730951
1475, 11, 399, 408, 398, 409, 1, -1, -0.7853981633974483, 1.4142135623730951
1475, 12, 568, 341, 566, 342, 2, -1, -0.4636476090008061, 2.23606797749979
1475, 16, 511, 405, 510, 406, 1, -1, -0.7853981633974483, 1.4142135623730951
1475, 19, 369, 126, 368, 127, 1, -1, -0.7853981633974483, 1.4142135623730951
1475, 20, 631, 370, 628, 370, 3, 0, 0.0, 3.0
1475, 22, 472, 400, 470, 400, 2, 0, 0.0, 2.0
1475, 24, 301, 119, 299, 119, 2, 0, 0.0, 2.0
1475, 25, 601, 337, 600, 338, 1, -1, -0.7853981633974483, 1.4142135623730951
1475, 27, 628, 146, 627, 147, 1, -1, -0.7853981633974483, 1.4142135623730951
1475, 28, 585, 403, 584, 404, 1, -1, -0.7853981633974483, 1.4142135623730951
1476, 0, 573, 135, 571, 135, 2, 0, 0.0, 2.0
1476, 1, 523, 346, 521, 347, 2, -1, -0.4636476090008061, 2.23606797749979
1476, 2, 526, 104, 524, 104, 2, 0, 0.0, 2.0
1476, 6, 506, 395, 504, 396, 2, -1, -0.4636476090008061, 2.23606797749979
1476, 11, 400, 407, 399, 408, 1, -1, -0.7853981633974483, 1.4142135623730951
1476, 13, 545, 91, 544, 92, 1, -1, -0.7853981633974483, 1.4142135623730951
1476, 15, 613, 127, 611, 128, 2, -1, -0.4636476090008061, 2.23606797749979
1476, 16, 513, 404, 511, 405, 2, -1, -0.4636476090008061, 2.23606797749979
1476, 20, 634, 370, 631, 370, 3, 0, 0.0, 3.0
1476, 23, 585, 373, 584, 374, 1, -1, -0.7853981633974483, 1.4142135623730951
1476, 25, 603, 337, 601, 337, 2, 0, 0.0, 2.0
1476, 26, 326, 127, 325, 128, 1, -1, -0.7853981633974483, 1.4142135623730951
1476, 27, 629, 145, 628, 146, 1, -1, -0.7853981633974483, 1.4142135623730951
1476, 28, 586, 402, 585, 403, 1, -1, -0.7853981633974483, 1.4142135623730951
1476, 32, 297, 369, 296, 370, 1, -1, -0.7853981633974483, 1.4142135623730951
1477, 1, 525, 345, 523, 346, 2, -1, -0.4636476090008061, 2.23606797749979
1477, 2, 527, 103, 526, 104, 1, -1, -0.7853981633974483, 1.4142135623730951
1477, 3, 374, 97, 373, 98, 1, -1, -0.7853981633974483, 1.4142135623730951
1477, 6, 508, 394, 506, 395, 2, -1, -0.4636476090008061, 2.23606797749979
1477, 9, 446, 101, 445, 102, 1, -1, -0.7853981633974483, 1.4142135623730951
1477, 10, 396, 397, 395, 398, 1, -1, -0.7853981633974483, 1.4142135623730951
1477, 13, 546, 90, 545, 91, 1, -1, -0.7853981633974483, 1.4142135623730951
1477, 14, 592, 74, 591, 75, 1, -1, -0.7853981633974483, 1.4142135623730951
1477, 16, 515, 403, 513, 404, 2, -1, -0.4636476090008061, 2.23606797749979
1477, 23, 587, 372, 585, 373, 2, -1, -0.4636476090008061, 2.23606797749979
1477, 25, 605, 337, 603, 337, 2, 0, 0.0, 2.0
1477, 26, 327, 126, 326, 127, 1, -1, -0.7853981633974483, 1.4142135623730951
1477, 28, 588, 401, 586, 402, 2, -1, -0.4636476090008061, 2.23606797749979
1478, 1, 527, 344, 525, 345, 2, -1, -0.4636476090008061, 2.23606797749979
1478, 2, 529, 102, 527, 103, 2, -1, -0.4636476090008061, 2.23606797749979
1478, 3, 375, 96, 374, 97, 1, -1, -0.7853981633974483, 1.4142135623730951
1478, 5, 400, 125, 399, 126, 1, -1, -0.7853981633974483, 1.4142135623730951
1478, 6, 510, 393, 508, 394, 2, -1, -0.4636476090008061, 2.23606797749979
1478, 10, 398, 396, 396, 397, 2, -1, -0.4636476090008061, 2.23606797749979
1478, 11, 403, 406, 401, 407, 2, -1, -0.4636476090008061, 2.23606797749979
1478, 12, 572, 341, 570, 341, 2, 0, 0.0, 2.0
1478, 13, 547, 89, 546, 90, 1, -1, -0.7853981633974483, 1.4142135623730951
1478, 14, 594, 73, 592, 74, 2, -1, -0.4636476090008061, 2.23606797749979
1478, 15, 616, 126, 614, 127, 2, -1, -0.4636476090008061, 2.23606797749979
1478, 16, 518, 402, 515, 403, 3, -1, -0.3217505543966422, 3.1622776601683795
1478, 17, 337, 367, 336, 368, 1, -1, -0.7853981633974483, 1.4142135623730951
1478, 19, 372, 125, 371, 126, 1, -1, -0.7853981633974483, 1.4142135623730951
1478, 22, 476, 399, 474, 400, 2, -1, -0.4636476090008061, 2.23606797749979
1478, 25, 607, 336, 605, 337, 2, -1, -0.4636476090008061, 2.23606797749979
1478, 26, 328, 125, 327, 126, 1, -1, -0.7853981633974483, 1.4142135623730951
1478, 27, 632, 145, 630, 145, 2, 0, 0.0, 2.0
1478, 28, 589, 400, 588, 401, 1, -1, -0.7853981633974483, 1.4142135623730951
1478, 29, 314, 401, 313, 402, 1, -1, -0.7853981633974483, 1.4142135623730951
1478, 30, 348, 110, 347, 111, 1, -1, -0.7853981633974483, 1.4142135623730951
1478, 31, 557, 141, 555, 141, 2, 0, 0.0, 2.0
1478, 32, 299, 368, 298, 369, 1, -1, -0.7853981633974483, 1.4142135623730951
1479, 0, 577, 136, 575, 135, 2, 1, 0.4636476090008061, 2.23606797749979
1479, 1, 529, 343, 527, 344, 2, -1, -0.4636476090008061, 2.23606797749979
1479, 2, 531, 102, 529, 102, 2, 0, 0.0, 2.0
1479, 3, 377, 95, 375, 96, 2, -1, -0.4636476090008061, 2.23606797749979
1479, 6, 511, 392, 510, 393, 1, -1, -0.7853981633974483, 1.4142135623730951
1479, 10, 400, 395, 398, 396, 2, -1, -0.4636476090008061, 2.23606797749979
1479, 11, 404, 405, 403, 406, 1, -1, -0.7853981633974483, 1.4142135623730951
1479, 13, 548, 88, 547, 89, 1, -1, -0.7853981633974483, 1.4142135623730951
1479, 14, 596, 72, 594, 73, 2, -1, -0.4636476090008061, 2.23606797749979
1479, 15, 617, 125, 616, 126, 1, -1, -0.7853981633974483, 1.4142135623730951
1479, 16, 519, 401, 518, 402, 1, -1, -0.7853981633974483, 1.4142135623730951
1479, 19, 374, 124, 372, 125, 2, -1, -0.4636476090008061, 2.23606797749979
1479, 21, 584, 109, 582, 110, 2, -1, -0.4636476090008061, 2.23606797749979
1479, 22, 477, 398, 476, 399, 1, -1, -0.7853981633974483, 1.4142135623730951
1479, 23, 590, 371, 588, 372, 2, -1, -0.4636476090008061, 2.23606797749979
1479, 25, 609, 336, 607, 336, 2, 0, 0.0, 2.0
1479, 26, 329, 124, 328, 125, 1, -1, -0.7853981633974483, 1.4142135623730951
1479, 27, 634, 145, 632, 145, 2, 0, 0.0, 2.0
1479, 28, 591, 399, 589, 400, 2, -1, -0.4636476090008061, 2.23606797749979
1479, 29, 315, 400, 314, 401, 1, -1, -0.7853981633974483, 1.4142135623730951
1479, 30, 349, 109, 348, 110, 1, -1, -0.7853981633974483, 1.4142135623730951
1479, 31, 559, 141, 557, 141, 2, 0, 0.0, 2.0
1480, 0, 576, 136, 575, 137, 1, -1, -0.7853981633974483, 1.4142135623730951
1480, 1, 526, 347, 525, 348, 1, -1, -0.7853981633974483, 1.4142135623730951
1480, 3, 530, 104, 528, 104, 2, 0, 0.0, 2.0
1480, 7, 377, 97, 376, 98, 1, -1, -0.7853981633974483, 1.4142135623730951
1480, 9, 374, 129, 372, 130, 2, -1, -0.4636476090008061, 2.23606797749979
1480, 10, 403, 407, 402, 408, 1, -1, -0.7853981633974483, 1.4142135623730951
1480, 11, 277, 129, 276, 130, 1, -1, -0.7853981633974483, 1.4142135623730951
1480, 12, 607, 337, 606, 338, 1, -1, -0.7853981633974483, 1.4142135623730951
1480, 14, 580, 108, 579, 109, 1, -1, -0.7853981633974483, 1.4142135623730951
1480, 15, 518, 405, 516, 406, 2, -1, -0.4636476090008061, 2.23606797749979
1480, 16, 352, 112, 351, 113, 1, -1, -0.7853981633974483, 1.4142135623730951
1480, 19, 301, 368, 300, 369, 1, -1, -0.7853981633974483, 1.4142135623730951
1480, 21, 400, 401, 398, 402, 2, -1, -0.4636476090008061, 2.23606797749979
1480, 22, 591, 403, 589, 404, 2, -1, -0.4636476090008061, 2.23606797749979
1480, 23, 475, 405, 473, 405, 2, 0, 0.0, 2.0
1480, 24, 577, 368, 576, 369, 1, -1, -0.7853981633974483, 1.4142135623730951
1480, 27, 479, 111, 476, 111, 3, 0, 0.0, 3.0
1480, 28, 596, 74, 594, 75, 2, -1, -0.4636476090008061, 2.23606797749979
1480, 30, 551, 95, 550, 96, 1, -1, -0.7853981633974483, 1.4142135623730951
1481, 1, 527, 346, 526, 347, 1, -1, -0.7853981633974483, 1.4142135623730951
1481, 3, 532, 103, 530, 104, 2, -1, -0.4636476090008061, 2.23606797749979
1481, 7, 378, 96, 377, 97, 1, -1, -0.7853981633974483, 1.4142135623730951
1481, 9, 375, 128, 374, 129, 1, -1, -0.7853981633974483, 1.4142135623730951
1481, 10, 404, 406, 403, 407, 1, -1, -0.7853981633974483, 1.4142135623730951
1481, 12, 608, 336, 607, 337, 1, -1, -0.7853981633974483, 1.4142135623730951
1481, 14, 582, 108, 580, 108, 2, 0, 0.0, 2.0
1481, 15, 519, 404, 518, 405, 1, -1, -0.7853981633974483, 1.4142135623730951
1481, 17, 592, 374, 590, 375, 2, -1, -0.4636476090008061, 2.23606797749979
1481, 18, 322, 352, 321, 353, 1, -1, -0.7853981633974483, 1.4142135623730951
1481, 19, 302, 367, 301, 368, 1, -1, -0.7853981633974483, 1.4142135623730951
1481, 20, 518, 340, 517, 341, 1, -1, -0.7853981633974483, 1.4142135623730951
1481, 21, 402, 400, 400, 401, 2, -1, -0.4636476090008061, 2.23606797749979
1481, 22, 593, 402, 591, 403, 2, -1, -0.4636476090008061, 2.23606797749979
1481, 23, 477, 405, 475, 405, 2, 0, 0.0, 2.0
1481, 24, 578, 367, 577, 368, 1, -1, -0.7853981633974483, 1.4142135623730951
1481, 27, 481, 110, 479, 111, 2, -1, -0.4636476090008061, 2.23606797749979
1481, 28, 598, 73, 596, 74, 2, -1, -0.4636476090008061, 2.23606797749979
1481, 30, 552, 94, 551, 95, 1, -1, -0.7853981633974483, 1.4142135623730951
1481, 31, 633, 147, 632, 148, 1, -1, -0.7853981633974483, 1.4142135623730951
1482, 3, 534, 102, 532, 103, 2, -1, -0.4636476090008061, 2.23606797749979
1482, 6, 451, 102, 449, 102, 2, 0, 0.0, 2.0
1482, 7, 380, 95, 378, 96, 2, -1, -0.4636476090008061, 2.23606797749979
1482, 8, 618, 127, 617, 128, 1, -1, -0.7853981633974483, 1.4142135623730951
1482, 11, 278, 125, 277, 128, 1, -3, -1.2490457723982544, 3.1622776601683795
1482, 13, 307, 119, 305, 121, 2, -2, -0.7853981633974483, 2.8284271247461903
1482, 15, 521, 404, 519, 404, 2, 0, 0.0, 2.0
1482, 17, 596, 372, 592, 374, 4, -2, -0.4636476090008061, 4.47213595499958
1482, 19, 304, 366, 302, 367, 2, -1, -0.4636476090008061, 2.23606797749979
1482, 20, 519, 339, 518, 340, 1, -1, -0.7853981633974483, 1.4142135623730951
1482, 22, 595, 401, 593, 402, 2, -1, -0.4636476090008061, 2.23606797749979
1482, 23, 479, 405, 477, 405, 2, 0, 0.0, 2.0
1482, 24, 580, 366, 578, 367, 2, -1, -0.4636476090008061, 2.23606797749979
1482, 26, 574, 342, 573, 343, 1, -1, -0.7853981633974483, 1.4142135623730951
1482, 27, 483, 109, 481, 110, 2, -1, -0.4636476090008061, 2.23606797749979
1482, 28, 600, 72, 598, 73, 2, -1, -0.4636476090008061, 2.23606797749979
1483, 0, 580, 135, 578, 136, 2, -1, -0.4636476090008061, 2.23606797749979
1483, 1, 529, 345, 528, 346, 1, -1, -0.7853981633974483, 1.4142135623730951
1483, 2, 404, 123, 403, 124, 1, -1, -0.7853981633974483, 1.4142135623730951
1483, 3, 536, 102, 534, 102, 2, 0, 0.0, 2.0
1483, 5, 264, 380, 263, 381, 1, -1, -0.7853981633974483, 1.4142135623730951
1483, 6, 452, 101, 451, 102, 1, -1, -0.7853981633974483, 1.4142135623730951
1483, 7, 382, 94, 380, 95, 2, -1, -0.4636476090008061, 2.23606797749979
1483, 8, 620, 126, 618, 127, 2, -1, -0.4636476090008061, 2.23606797749979
1483, 9, 378, 127, 376, 128, 2, -1, -0.4636476090008061, 2.23606797749979
1483, 10, 406, 405, 405, 406, 1, -1, -0.7853981633974483, 1.4142135623730951
1483, 11, 278, 123, 278, 125, 0, -2, -1.5707963267948966, 2.0
1483, 12, 610, 335, 609, 336, 1, -1, -0.7853981633974483, 1.4142135623730951
1483, 14, 585, 108, 583, 108, 2, 0, 0.0, 2.0
1483, 15, 523, 403, 521, 404, 2, -1, -0.4636476090008061, 2.23606797749979
1483, 17, 598, 371, 596, 372, 2, -1, -0.4636476090008061, 2.23606797749979
1483, 18, 324, 351, 323, 352, 1, -1, -0.7853981633974483, 1.4142135623730951
1483, 21, 404, 399, 403, 400, 1, -1, -0.7853981633974483, 1.4142135623730951
1483, 22, 596, 400, 595, 401, 1, -1, -0.7853981633974483, 1.4142135623730951
1483, 23, 481, 405, 479, 405, 2, 0, 0.0, 2.0
1483, 24, 581, 365, 580, 366, 1, -1, -0.7853981633974483, 1.4142135623730951
1483, 25, 335, 128, 334, 129, 1, -1, -0.7853981633974483, 1.4142135623730951
1483, 26, 575, 341, 574, 342, 1, -1, -0.7853981633974483, 1.4142135623730951
1483, 27, 484, 108, 483, 109, 1, -1, -0.7853981633974483, 1.4142135623730951
1483, 28, 602, 71, 600, 72, 2, -1, -0.4636476090008061, 2.23606797749979
1483, 30, 555, 94, 553, 94, 2, 0, 0.0, 2.0
1484, 1, 530, 344, 529, 345, 1, -1, -0.7853981633974483, 1.4142135623730951
1484, 2, 405, 122, 404, 123, 1, -1, -0.7853981633974483, 1.4142135623730951
1484, 3, 538, 102, 536, 102, 2, 0, 0.0, 2.0
1484, 6, 453, 100, 452, 101, 1, -1, -0.7853981633974483, 1.4142135623730951
1484, 7, 383, 93, 382, 94, 1, -1, -0.7853981633974483, 1.4142135623730951
1484, 8, 622, 126, 620, 126, 2, 0, 0.0, 2.0
1484, 9, 379, 126, 378, 127, 1, -1, -0.7853981633974483, 1.4142135623730951
1484, 10, 407, 404, 406, 405, 1, -1, -0.7853981633974483, 1.4142135623730951
1484, 11, 279, 122, 278, 123, 1, -1, -0.7853981633974483, 1.4142135623730951
1484, 12, 612, 333, 610, 335, 2, -2, -0.7853981633974483, 2.8284271247461903
1484, 15, 525, 402, 523, 403, 2, -1, -0.4636476090008061, 2.23606797749979
1484, 16, 354, 110, 353, 111, 1, -1, -0.7853981633974483, 1.4142135623730951
1484, 19, 306, 365, 305, 366, 1, -1, -0.7853981633974483, 1.4142135623730951
1484, 22, 597, 399, 596, 400, 1, -1, -0.7853981633974483, 1.4142135623730951
1484, 23, 482, 404, 481, 405, 1, -1, -0.7853981633974483, 1.4142135623730951
1484, 25, 336, 127, 335, 128, 1, -1, -0.7853981633974483, 1.4142135623730951
1484, 26, 576, 340, 575, 341, 1, -1, -0.7853981633974483, 1.4142135623730951
1484, 27, 485, 107, 484, 108, 1, -1, -0.7853981633974483, 1.4142135623730951
1484, 28, 604, 71, 602, 71, 2, 0, 0.0, 2.0
1484, 30, 556, 93, 555, 94, 1, -1, -0.7853981633974483, 1.4142135623730951
1485, 0, 581, 137, 579, 138, 2, -1, -0.4636476090008061, 2.23606797749979
1485, 1, 531, 347, 530, 348, 1, -1, -0.7853981633974483, 1.4142135623730951
1485, 3, 383, 96, 381, 97, 2, -1, -0.4636476090008061, 2.23606797749979
1485, 7, 613, 336, 611, 337, 2, -1, -0.4636476090008061, 2.23606797749979
1485, 8, 408, 407, 407, 408, 1, -1, -0.7853981633974483, 1.4142135623730951
1485, 9, 522, 404, 521, 405, 1, -1, -0.7853981633974483, 1.4142135623730951
1485, 10, 623, 127, 621, 128, 2, -1, -0.4636476090008061, 2.23606797749979
1485, 11, 453, 101, 452, 102, 1, -1, -0.7853981633974483, 1.4142135623730951
1485, 12, 595, 403, 594, 404, 1, -1, -0.7853981633974483, 1.4142135623730951
1485, 13, 578, 341, 576, 342, 2, -1, -0.4636476090008061, 2.23606797749979
1485, 14, 585, 112, 583, 111, 2, 1, 0.4636476090008061, 2.23606797749979
1485, 16, 328, 348, 327, 349, 1, -1, -0.7853981633974483, 1.4142135623730951
1485, 18, 278, 126, 277, 127, 1, -1, -0.7853981633974483, 1.4142135623730951
1485, 21, 481, 404, 479, 405, 2, -1, -0.4636476090008061, 2.23606797749979
1485, 22, 378, 126, 377, 127, 1, -1, -0.7853981633974483, 1.4142135623730951
1485, 23, 334, 127, 333, 128, 1, -1, -0.7853981633974483, 1.4142135623730951
1485, 24, 601, 73, 599, 74, 2, -1, -0.4636476090008061, 2.23606797749979
1485, 25, 310, 127, 308, 128, 2, -1, -0.4636476090008061, 2.23606797749979
1485, 26, 522, 341, 521, 342, 1, -1, -0.7853981633974483, 1.4142135623730951
1485, 27, 486, 106, 485, 107, 1, -1, -0.7853981633974483, 1.4142135623730951
1485, 29, 596, 373, 594, 373, 2, 0, 0.0, 2.0
1485, 30, 352, 111, 351, 112, 1, -1, -0.7853981633974483, 1.4142135623730951
1485, 31, 425, 102, 424, 103, 1, -1, -0.7853981633974483, 1.4142135623730951
1485, 35, 583, 83, 582, 84, 1, -1, -0.7853981633974483, 1.4142135623730951
1485, 36, 544, 131, 543, 132, 1, -1, -0.7853981633974483, 1.4142135623730951
1485, 38, 403, 370, 401, 370, 2, 0, 0.0, 2.0
1486, 0, 583, 136, 581, 137, 2, -1, -0.4636476090008061, 2.23606797749979
1486, 1, 533, 346, 531, 347, 2, -1, -0.4636476090008061, 2.23606797749979
1486, 3, 385, 95, 383, 96, 2, -1, -0.4636476090008061, 2.23606797749979
1486, 4, 408, 124, 406, 125, 2, -1, -0.4636476090008061, 2.23606797749979
1486, 5, 537, 103, 535, 104, 2, -1, -0.4636476090008061, 2.23606797749979
1486, 7, 615, 335, 613, 336, 2, -1, -0.4636476090008061, 2.23606797749979
1486, 8, 409, 406, 408, 407, 1, -1, -0.7853981633974483, 1.4142135623730951
1486, 10, 625, 126, 623, 127, 2, -1, -0.4636476090008061, 2.23606797749979
1486, 11, 455, 100, 453, 101, 2, -1, -0.4636476090008061, 2.23606797749979
1486, 12, 596, 402, 595, 403, 1, -1, -0.7853981633974483, 1.4142135623730951
1486, 13, 580, 341, 578, 341, 2, 0, 0.0, 2.0
1486, 20, 514, 397, 513, 398, 1, -1, -0.7853981633974483, 1.4142135623730951
1486, 21, 482, 403, 481, 404, 1, -1, -0.7853981633974483, 1.4142135623730951
1486, 22, 379, 125, 378, 126, 1, -1, -0.7853981633974483, 1.4142135623730951
1486, 24, 603, 72, 601, 73, 2, -1, -0.4636476090008061, 2.23606797749979
1486, 25, 311, 126, 310, 127, 1, -1, -0.7853981633974483, 1.4142135623730951
1486, 26, 524, 341, 522, 341, 2, 0, 0.0, 2.0
1486, 27, 487, 105, 486, 106, 1, -1, -0.7853981633974483, 1.4142135623730951
1486, 28, 555, 96, 554, 97, 1, -1, -0.7853981633974483, 1.4142135623730951
1486, 29, 598, 373, 596, 373, 2, 0, 0.0, 2.0
1486, 31, 426, 101, 425, 102, 1, -1, -0.7853981633974483, 1.4142135623730951
1486, 36, 546, 131, 544, 131, 2, 0, 0.0, 2.0
1486, 38, 405, 370, 403, 370, 2, 0, 0.0, 2.0
1487, 0, 585, 135, 583, 136, 2, -1, -0.4636476090008061, 2.23606797749979
1487, 1, 535, 345, 533, 346, 2, -1, -0.4636476090008061, 2.23606797749979
1487, 3, 387, 95, 385, 95, 2, 0, 0.0, 2.0
1487, 4, 410, 122, 408, 124, 2, -2, -0.7853981633974483, 2.8284271247461903
1487, 5, 538, 102, 537, 103, 1, -1, -0.7853981633974483, 1.4142135623730951
1487, 6, 268, 380, 267, 381, 1, -1, -0.7853981633974483, 1.4142135623730951
1487, 7, 617, 334, 615, 335, 2, -1, -0.4636476090008061, 2.23606797749979
1487, 8, 410, 405, 409, 406, 1, -1, -0.7853981633974483, 1.4142135623730951
1487, 9, 524, 403, 523, 404, 1, -1, -0.7853981633974483, 1.4142135623730951
1487, 10, 627, 125, 625, 126, 2, -1, -0.4636476090008061, 2.23606797749979
1487, 11, 457, 99, 455, 100, 2, -1, -0.4636476090008061, 2.23606797749979
1487, 12, 597, 401, 596, 402, 1, -1, -0.7853981633974483, 1.4142135623730951
1487, 13, 582, 340, 580, 341, 2, -1, -0.4636476090008061, 2.23606797749979
1487, 15, 374, 372, 373, 373, 1, -1, -0.7853981633974483, 1.4142135623730951
1487, 16, 330, 347, 329, 348, 1, -1, -0.7853981633974483, 1.4142135623730951
1487, 17, 408, 398, 407, 399, 1, -1, -0.7853981633974483, 1.4142135623730951
1487, 20, 515, 396, 514, 397, 1, -1, -0.7853981633974483, 1.4142135623730951
1487, 21, 483, 402, 482, 403, 1, -1, -0.7853981633974483, 1.4142135623730951
1487, 22, 380, 124, 379, 125, 1, -1, -0.7853981633974483, 1.4142135623730951
1487, 26, 526, 340, 524, 341, 2, -1, -0.4636476090008061, 2.23606797749979
1487, 34, 572, 88, 571, 89, 1, -1, -0.7853981633974483, 1.4142135623730951
1488, 0, 587, 134, 585, 135, 2, -1, -0.4636476090008061, 2.23606797749979
1488, 1, 537, 344, 535, 345, 2, -1, -0.4636476090008061, 2.23606797749979
1488, 4, 412, 121, 410, 122, 2, -1, -0.4636476090008061, 2.23606797749979
1488, 5, 540, 102, 538, 102, 2, 0, 0.0, 2.0
1488, 7, 619, 334, 617, 334, 2, 0, 0.0, 2.0
1488, 9, 525, 402, 524, 403, 1, -1, -0.7853981633974483, 1.4142135623730951
1488, 10, 628, 124, 627, 125, 1, -1, -0.7853981633974483, 1.4142135623730951
1488, 11, 458, 98, 457, 99, 1, -1, -0.7853981633974483, 1.4142135623730951
1488, 13, 583, 339, 582, 340, 1, -1, -0.7853981633974483, 1.4142135623730951
1488, 17, 409, 397, 408, 398, 1, -1, -0.7853981633974483, 1.4142135623730951
1488, 20, 517, 396, 515, 396, 2, 0, 0.0, 2.0
1488, 21, 485, 402, 483, 402, 2, 0, 0.0, 2.0
1488, 22, 381, 123, 380, 124, 1, -1, -0.7853981633974483, 1.4142135623730951
1488, 26, 528, 339, 526, 340, 2, -1, -0.4636476090008061, 2.23606797749979
1488, 27, 489, 104, 488, 105, 1, -1, -0.7853981633974483, 1.4142135623730951
1488, 28, 556, 95, 555, 96, 1, -1, -0.7853981633974483, 1.4142135623730951
1488, 32, 367, 368, 366, 369, 1, -1, -0.7853981633974483, 1.4142135623730951
1489, 0, 588, 133, 587, 134, 1, -1, -0.7853981633974483, 1.4142135623730951
1489, 1, 539, 343, 537, 344, 2, -1, -0.4636476090008061, 2.23606797749979
1489, 6, 270, 379, 269, 380, 1, -1, -0.7853981633974483, 1.4142135623730951
1489, 7, 620, 333, 619, 334, 1, -1, -0.7853981633974483, 1.4142135623730951
1489, 8, 412, 404, 411, 405, 1, -1, -0.7853981633974483, 1.4142135623730951
1489, 9, 526, 401, 525, 402, 1, -1, -0.7853981633974483, 1.4142135623730951
1489, 10, 631, 123, 628, 124, 3, -1, -0.3217505543966422, 3.1622776601683795
1489, 11, 459, 97, 458, 98, 1, -1, -0.7853981633974483, 1.4142135623730951
1489, 13, 585, 338, 583, 339, 2, -1, -0.4636476090008061, 2.23606797749979
1489, 16, 332, 346, 331, 347, 1, -1, -0.7853981633974483, 1.4142135623730951
1489, 20, 519, 396, 517, 396, 2, 0, 0.0, 2.0
1489, 21, 487, 401, 485, 402, 2, -1, -0.4636476090008061, 2.23606797749979
1489, 26, 530, 338, 528, 339, 2, -1, -0.4636476090008061, 2.23606797749979
1489, 27, 490, 103, 489, 104, 1, -1, -0.7853981633974483, 1.4142135623730951
1489, 34, 575, 88, 573, 88, 2, 0, 0.0, 2.0
1489, 35, 550, 131, 548, 131, 2, 0, 0.0, 2.0
1490, 0, 537, 346, 535, 347, 2, -1, -0.4636476090008061, 2.23606797749979
1490, 1, 587, 137, 585, 138, 2, -1, -0.4636476090008061, 2.23606797749979
1490, 5, 599, 403, 598, 404, 1, -1, -0.7853981633974483, 1.4142135623730951
1490, 8, 411, 124, 410, 125, 1, -1, -0.7853981633974483, 1.4142135623730951
1490, 10, 412, 407, 411, 408, 1, -1, -0.7853981633974483, 1.4142135623730951
1490, 11, 526, 403, 524, 404, 2, -1, -0.4636476090008061, 2.23606797749979
1490, 12, 458, 101, 457, 102, 1, -1, -0.7853981633974483, 1.4142135623730951
1490, 13, 274, 130, 274, 132, 0, -2, -1.5707963267948966, 2.0
1490, 14, 382, 125, 381, 126, 1, -1, -0.7853981633974483, 1.4142135623730951
1490, 16, 626, 127, 625, 128, 1, -1, -0.7853981633974483, 1.4142135623730951
1490, 17, 491, 105, 490, 106, 1, -1, -0.7853981633974483, 1.4142135623730951
1490, 19, 484, 404, 483, 405, 1, -1, -0.7853981633974483, 1.4142135623730951
1490, 25, 514, 392, 512, 394, 2, -2, -0.7853981633974483, 2.8284271247461903
1490, 27, 622, 363, 620, 364, 2, -1, -0.4636476090008061, 2.23606797749979
1490, 30, 430, 107, 428, 108, 2, -1, -0.4636476090008061, 2.23606797749979
1490, 32, 576, 142, 574, 143, 2, -1, -0.4636476090008061, 2.23606797749979
1490, 34, 404, 397, 402, 398, 2, -1, -0.4636476090008061, 2.23606797749979
1490, 35, 587, 368, 586, 369, 1, -1, -0.7853981633974483, 1.4142135623730951
1490, 37, 575, 87, 574, 88, 1, -1, -0.7853981633974483, 1.4142135623730951
1491, 0, 538, 345, 537, 346, 1, -1, -0.7853981633974483, 1.4142135623730951
1491, 1, 589, 137, 587, 137, 2, 0, 0.0, 2.0
1491, 5, 600, 402, 599, 403, 1, -1, -0.7853981633974483, 1.4142135623730951
1491, 6, 606, 74, 605, 75, 1, -1, -0.7853981633974483, 1.4142135623730951
1491, 7, 387, 98, 386, 99, 1, -1, -0.7853981633974483, 1.4142135623730951
1491, 8, 412, 123, 411, 124, 1, -1, -0.7853981633974483, 1.4142135623730951
1491, 12, 459, 100, 458, 101, 1, -1, -0.7853981633974483, 1.4142135623730951
1491, 13, 275, 129, 274, 130, 1, -1, -0.7853981633974483, 1.4142135623730951
1491, 16, 628, 126, 626, 127, 2, -1, -0.4636476090008061, 2.23606797749979
1491, 18, 349, 112, 348, 113, 1, -1, -0.7853981633974483, 1.4142135623730951
1491, 19, 485, 403, 484, 404, 1, -1, -0.7853981633974483, 1.4142135623730951
1491, 20, 619, 335, 618, 336, 1, -1, -0.7853981633974483, 1.4142135623730951
1491, 25, 518, 390, 514, 392, 4, -2, -0.4636476090008061, 4.47213595499958
1491, 30, 431, 106, 430, 107, 1, -1, -0.7853981633974483, 1.4142135623730951
1491, 32, 578, 142, 576, 142, 2, 0, 0.0, 2.0
1491, 33, 411, 399, 410, 400, 1, -1, -0.7853981633974483, 1.4142135623730951
1491, 34, 407, 395, 404, 397, 3, -2, -0.5880026035475675, 3.605551275463989
1491, 35, 589, 368, 587, 368, 2, 0, 0.0, 2.0
1491, 37, 576, 86, 575, 87, 1, -1, -0.7853981633974483, 1.4142135623730951
1492, 0, 539, 344, 538, 345, 1, -1, -0.7853981633974483, 1.4142135623730951
1492, 1, 591, 137, 589, 137, 2, 0, 0.0, 2.0
1492, 5, 601, 401, 600, 402, 1, -1, -0.7853981633974483, 1.4142135623730951
1492, 6, 608, 74, 606, 74, 2, 0, 0.0, 2.0
1492, 9, 332, 351, 331, 352, 1, -1, -0.7853981633974483, 1.4142135623730951
1492, 12, 460, 99, 459, 100, 1, -1, -0.7853981633974483, 1.4142135623730951
1492, 13, 276, 127, 275, 129, 1, -2, -1.1071487177940904, 2.23606797749979
1492, 16, 630, 125, 628, 126, 2, -1, -0.4636476090008061, 2.23606797749979
1492, 17, 493, 104, 492, 105, 1, -1, -0.7853981633974483, 1.4142135623730951
1492, 18, 487, 403, 485, 403, 2, 0, 0.0, 2.0
1492, 19, 621, 335, 619, 335, 2, 0, 0.0, 2.0
1492, 20, 378, 372, 377, 373, 1, -1, -0.7853981633974483, 1.4142135623730951
1492, 21, 314, 365, 313, 366, 1, -1, -0.7853981633974483, 1.4142135623730951
1492, 23, 591, 113, 590, 112, 1, 1, 0.7853981633974483, 1.4142135623730951
1492, 24, 522, 388, 518, 390, 4, -2, -0.4636476090008061, 4.47213595499958
1492, 25, 603, 373, 601, 373, 2, 0, 0.0, 2.0
1492, 26, 625, 363, 623, 363, 2, 0, 0.0, 2.0
1492, 28, 433, 106, 431, 106, 2, 0, 0.0, 2.0
1492, 29, 586, 341, 584, 341, 2, 0, 0.0, 2.0
1492, 31, 413, 399, 411, 399, 2, 0, 0.0, 2.0
1492, 32, 411, 394, 407, 395, 4, -1, -0.24497866312686414, 4.123105625617661
1492, 33, 591, 367, 589, 368, 2, -1, -0.4636476090008061, 2.23606797749979
1492, 35, 577, 85, 576, 86, 1, -1, -0.7853981633974483, 1.4142135623730951
1493, 0, 541, 343, 539, 344, 2, -1, -0.4636476090008061, 2.23606797749979
1493, 1, 593, 136, 591, 137, 2, -1, -0.4636476090008061, 2.23606797749979
1493, 9, 333, 350, 332, 351, 1, -1, -0.7853981633974483, 1.4142135623730951
1493, 11, 530, 403, 528, 403, 2, 0, 0.0, 2.0
1493, 12, 461, 98, 460, 99, 1, -1, -0.7853981633974483, 1.4142135623730951
1493, 13, 277, 126, 276, 127, 1, -1, -0.7853981633974483, 1.4142135623730951
1493, 18, 488, 402, 487, 403, 1, -1, -0.7853981633974483, 1.4142135623730951
1493, 19, 623, 334, 621, 335, 2, -1, -0.4636476090008061, 2.23606797749979
1493, 21, 315, 364, 314, 365, 1, -1, -0.7853981633974483, 1.4142135623730951
1493, 24, 523, 386, 522, 388, 1, -2, -1.1071487177940904, 2.23606797749979
1493, 29, 587, 340, 586, 341, 1, -1, -0.7853981633974483, 1.4142135623730951
1493, 30, 581, 142, 579, 142, 2, 0, 0.0, 2.0
1493, 31, 414, 398, 413, 399, 1, -1, -0.7853981633974483, 1.4142135623730951
1493, 32, 414, 393, 411, 394, 3, -1, -0.3217505543966422, 3.1622776601683795
1493, 33, 593, 366, 591, 367, 2, -1, -0.4636476090008061, 2.23606797749979
1493, 35, 578, 84, 577, 85, 1, -1, -0.7853981633974483, 1.4142135623730951
1494, 0, 543, 342, 541, 343, 2, -1, -0.4636476090008061, 2.23606797749979
1494, 4, 545, 104, 543, 104, 2, 0, 0.0, 2.0
1494, 7, 390, 98, 388, 98, 2, 0, 0.0, 2.0
1494, 9, 334, 349, 333, 350, 1, -1, -0.7853981633974483, 1.4142135623730951
1494, 11, 532, 403, 530, 403, 2, 0, 0.0, 2.0
1494, 16, 633, 125, 631, 125, 2, 0, 0.0, 2.0
1494, 18, 489, 401, 488, 402, 1, -1, -0.7853981633974483, 1.4142135623730951
1494, 19, 626, 334, 623, 334, 3, 0, 0.0, 3.0
1494, 24, 526, 385, 523, 386, 3, -1, -0.3217505543966422, 3.1622776601683795
1494, 25, 606, 373, 604, 373, 2, 0, 0.0, 2.0
1494, 26, 628, 363, 626, 363, 2, 0, 0.0, 2.0
1494, 28, 435, 105, 434, 106, 1, -1, -0.7853981633974483, 1.4142135623730951
1494, 29, 589, 340, 587, 340, 2, 0, 0.0, 2.0
1494, 31, 416, 397, 414, 398, 2, -1, -0.4636476090008061, 2.23606797749979
1494, 32, 417, 392, 414, 393, 3, -1, -0.3217505543966422, 3.1622776601683795
1494, 33, 595, 365, 593, 366, 2, -1, -0.4636476090008061, 2.23606797749979
1494, 35, 579, 83, 578, 84, 1, -1, -0.7853981633974483, 1.4142135623730951
1495, 0, 591, 137, 590, 138, 1, -1, -0.7853981633974483, 1.4142135623730951
1495, 1, 541, 345, 540, 346, 1, -1, -0.7853981633974483, 1.4142135623730951
1495, 2, 259, 341, 258, 340, 1, 1, 0.7853981633974483, 1.4142135623730951
1495, 3, 416, 124, 413, 125, 3, -1, -0.3217505543966422, 3.1622776601683795
1495, 7, 532, 405, 530, 405, 2, 0, 0.0, 2.0
1495, 8, 464, 101, 462, 102, 2, -1, -0.4636476090008061, 2.23606797749979
1495, 9, 334, 350, 332, 351, 2, -1, -0.4636476090008061, 2.23606797749979
1495, 15, 634, 126, 631, 127, 3, -1, -0.3217505543966422, 3.1622776601683795
1495, 16, 605, 373, 604, 374, 1, -1, -0.7853981633974483, 1.4142135623730951
1495, 17, 284, 124, 283, 125, 1, -1, -0.7853981633974483, 1.4142135623730951
1495, 19, 249, 358, 248, 357, 1, 1, 0.7853981633974483, 1.4142135623730951
1495, 21, 489, 404, 488, 405, 1, -1, -0.7853981633974483, 1.4142135623730951
1495, 22, 524, 397, 522, 397, 2, 0, 0.0, 2.0
1495, 25, 386, 126, 385, 127, 1, -1, -0.7853981633974483, 1.4142135623730951
1495, 26, 496, 105, 495, 106, 1, -1, -0.7853981633974483, 1.4142135623730951
1495, 34, 567, 97, 566, 98, 1, -1, -0.7853981633974483, 1.4142135623730951
1495, 35, 625, 336, 623, 337, 2, -1, -0.4636476090008061, 2.23606797749979
1496, 1, 542, 344, 541, 345, 1, -1, -0.7853981633974483, 1.4142135623730951
1496, 3, 417, 123, 416, 124, 1, -1, -0.7853981633974483, 1.4142135623730951
1496, 4, 276, 382, 275, 383, 1, -1, -0.7853981633974483, 1.4142135623730951
1496, 5, 547, 105, 545, 105, 2, 0, 0.0, 2.0
1496, 7, 534, 405, 532, 405, 2, 0, 0.0, 2.0
1496, 8, 466, 101, 464, 101, 2, 0, 0.0, 2.0
1496, 9, 335, 349, 334, 350, 1, -1, -0.7853981633974483, 1.4142135623730951
1496, 10, 317, 365, 316, 366, 1, -1, -0.7853981633974483, 1.4142135623730951
1496, 12, 434, 103, 432, 103, 2, 0, 0.0, 2.0
1496, 15, 607, 372, 605, 373, 2, -1, -0.4636476090008061, 2.23606797749979
1496, 16, 285, 123, 284, 124, 1, -1, -0.7853981633974483, 1.4142135623730951
1496, 17, 606, 404, 604, 404, 2, 0, 0.0, 2.0
1496, 18, 250, 359, 249, 358, 1, 1, 0.7853981633974483, 1.4142135623730951
1496, 20, 491, 404, 489, 404, 2, 0, 0.0, 2.0
1496, 21, 526, 397, 524, 397, 2, 0, 0.0, 2.0
1496, 22, 412, 401, 411, 402, 1, -1, -0.7853981633974483, 1.4142135623730951
1496, 25, 497, 104, 496, 105, 1, -1, -0.7853981633974483, 1.4142135623730951
1496, 26, 327, 403, 326, 404, 1, -1, -0.7853981633974483, 1.4142135623730951
1496, 28, 611, 75, 609, 75, 2, 0, 0.0, 2.0
1496, 29, 589, 341, 587, 341, 2, 0, 0.0, 2.0
1496, 31, 595, 112, 594, 113, 1, -1, -0.7853981633974483, 1.4142135623730951
1496, 32, 556, 132, 555, 133, 1, -1, -0.7853981633974483, 1.4142135623730951
1496, 33, 568, 96, 567, 97, 1, -1, -0.7853981633974483, 1.4142135623730951
1496, 34, 627, 336, 625, 336, 2, 0, 0.0, 2.0
1497, 0, 593, 138, 592, 137, 1, 1, 0.7853981633974483, 1.4142135623730951
1497, 1, 543, 343, 542, 344, 1, -1, -0.7853981633974483, 1.4142135623730951
1497, 3, 419, 122, 417, 123, 2, -1, -0.4636476090008061, 2.23606797749979
1497, 6, 392, 97, 391, 98, 1, -1, -0.7853981633974483, 1.4142135623730951
1497, 7, 536, 405, 534, 405, 2, 0, 0.0, 2.0
1497, 8, 468, 101, 466, 101, 2, 0, 0.0, 2.0
1497, 10, 318, 364, 317, 365, 1, -1, -0.7853981633974483, 1.4142135623730951
1497, 15, 609, 371, 607, 372, 2, -1, -0.4636476090008061, 2.23606797749979
1497, 17, 608, 404, 606, 404, 2, 0, 0.0, 2.0
1497, 20, 492, 403, 491, 404, 1, -1, -0.7853981633974483, 1.4142135623730951
1497, 21, 527, 396, 526, 397, 1, -1, -0.7853981633974483, 1.4142135623730951
1497, 24, 388, 125, 387, 126, 1, -1, -0.7853981633974483, 1.4142135623730951
1497, 26, 328, 402, 327, 403, 1, -1, -0.7853981633974483, 1.4142135623730951
1497, 28, 613, 75, 611, 75, 2, 0, 0.0, 2.0
1497, 29, 591, 341, 589, 341, 2, 0, 0.0, 2.0
1497, 30, 344, 126, 342, 127, 2, -1, -0.4636476090008061, 2.23606797749979
1497, 31, 596, 111, 595, 112, 1, -1, -0.7853981633974483, 1.4142135623730951
1497, 33, 570, 95, 568, 96, 2, -1, -0.4636476090008061, 2.23606797749979
1497, 34, 629, 335, 627, 336, 2, -1, -0.4636476090008061, 2.23606797749979
1498, 1, 544, 342, 543, 343, 1, -1, -0.7853981633974483, 1.4142135623730951
1498, 2, 261, 343, 259, 341, 2, 2, 0.7853981633974483, 2.8284271247461903
1498, 3, 420, 121, 419, 122, 1, -1, -0.7853981633974483, 1.4142135623730951
1498, 4, 278, 381, 277, 382, 1, -1, -0.7853981633974483, 1.4142135623730951
1498, 5, 552, 104, 548, 105, 4, -1, -0.24497866312686414, 4.123105625617661
1498, 6, 396, 96, 392, 97, 4, -1, -0.24497866312686414, 4.123105625617661
1498, 7, 538, 405, 536, 405, 2, 0, 0.0, 2.0
1498, 8, 470, 101, 468, 101, 2, 0, 0.0, 2.0
1498, 13, 318, 122, 317, 123, 1, -1, -0.7853981633974483, 1.4142135623730951
1498, 15, 611, 370, 609, 371, 2, -1, -0.4636476090008061, 2.23606797749979
1498, 16, 286, 121, 285, 122, 1, -1, -0.7853981633974483, 1.4142135623730951
1498, 17, 612, 403, 608, 404, 4, -1, -0.24497866312686414, 4.123105625617661
1498, 18, 252, 360, 251, 359, 1, 1, 0.7853981633974483, 1.4142135623730951
1498, 20, 493, 402, 492, 403, 1, -1, -0.7853981633974483, 1.4142135623730951
1498, 24, 389, 124, 388, 125, 1, -1, -0.7853981633974483, 1.4142135623730951
1498, 26, 329, 401, 328, 402, 1, -1, -0.7853981633974483, 1.4142135623730951
1498, 27, 379, 375, 378, 376, 1, -1, -0.7853981633974483, 1.4142135623730951
1498, 28, 616, 74, 613, 75, 3, -1, -0.3217505543966422, 3.1622776601683795
1498, 29, 592, 340, 591, 341, 1, -1, -0.7853981633974483, 1.4142135623730951
1498, 30, 347, 125, 344, 126, 3, -1, -0.3217505543966422, 3.1622776601683795
1498, 31, 597, 110, 596, 111, 1, -1, -0.7853981633974483, 1.4142135623730951
1498, 33, 571, 94, 570, 95, 1, -1, -0.7853981633974483, 1.4142135623730951
1499, 1, 545, 341, 544, 342, 1, -1, -0.7853981633974483, 1.4142135623730951
1499, 3, 421, 120, 420, 121, 1, -1, -0.7853981633974483, 1.4142135623730951
1499, 7, 540, 405, 538, 405, 2, 0, 0.0, 2.0
1499, 8, 472, 101, 470, 101, 2, 0, 0.0, 2.0
1499, 10, 319, 361, 318, 363, 1, -2, -1.1071487177940904, 2.23606797749979
1499, 11, 419, 407, 418, 408, 1, -1, -0.7853981633974483, 1.4142135623730951
1499, 13, 319, 121, 318, 122, 1, -1, -0.7853981633974483, 1.4142135623730951
1499, 15, 612, 369, 611, 370, 1, -1, -0.7853981633974483, 1.4142135623730951
1499, 17, 614, 403, 612, 403, 2, 0, 0.0, 2.0
1499, 18, 253, 361, 252, 360, 1, 1, 0.7853981633974483, 1.4142135623730951
1499, 19, 586, 144, 584, 144, 2, 0, 0.0, 2.0
1499, 22, 415, 400, 414, 401, 1, -1, -0.7853981633974483, 1.4142135623730951
1499, 24, 393, 123, 389, 124, 4, -1, -0.24497866312686414, 4.123105625617661
1499, 25, 501, 103, 499, 104, 2, -1, -0.4636476090008061, 2.23606797749979
1499, 26, 330, 400, 329, 401, 1, -1, -0.7853981633974483, 1.4142135623730951
1499, 27, 380, 374, 379, 375, 1, -1, -0.7853981633974483, 1.4142135623730951
1499, 29, 594, 339, 592, 340, 2, -1, -0.4636476090008061, 2.23606797749979
1499, 30, 348, 124, 347, 125, 1, -1, -0.7853981633974483, 1.4142135623730951
1499, 31, 599, 107, 597, 110, 2, -3, -0.982793723247329, 3.605551275463989
1499, 33, 573, 93, 571, 94, 2, -1, -0.4636476090008061, 2.23606797749979
1499, 34, 632, 335, 630, 335, 2, 0, 0.0, 2.0
1500, 0, 597, 138, 595, 138, 2, 0, 0.0, 2.0
1500, 1, 546, 344, 545, 345, 1, -1, -0.7853981633974483, 1.4142135623730951
1500, 5, 552, 104, 550, 105, 2, -1, -0.4636476090008061, 2.23606797749979
1500, 6, 635, 127, 638, 127, -3, 0, 3.141592653589793, 3.0
1500, 11, 287, 123, 286, 124, 1, -1, -0.7853981633974483, 1.4142135623730951
1500, 13, 421, 407, 420, 408, 1, -1, -0.7853981633974483, 1.4142135623730951
1500, 14, 537, 405, 536, 406, 1, -1, -0.7853981633974483, 1.4142135623730951
1500, 16, 594, 339, 592, 341, 2, -2, -0.7853981633974483, 2.8284271247461903
1500, 17, 338, 350, 337, 351, 1, -1, -0.7853981633974483, 1.4142135623730951
1500, 18, 601, 367, 599, 367, 2, 0, 0.0, 2.0
1500, 20, 551, 86, 548, 86, 3, 0, 0.0, 3.0
1500, 21, 594, 113, 593, 114, 1, -1, -0.7853981633974483, 1.4142135623730951
1501, 0, 598, 137, 597, 138, 1, -1, -0.7853981633974483, 1.4142135623730951
1501, 1, 547, 343, 546, 344, 1, -1, -0.7853981633974483, 1.4142135623730951
1501, 8, 320, 121, 319, 122, 1, -1, -0.7853981633974483, 1.4142135623730951
1501, 9, 280, 382, 279, 383, 1, -1, -0.7853981633974483, 1.4142135623730951
1501, 11, 288, 122, 287, 123, 1, -1, -0.7853981633974483, 1.4142135623730951
1501, 14, 538, 404, 537, 405, 1, -1, -0.7853981633974483, 1.4142135623730951
1501, 15, 611, 403, 610, 404, 1, -1, -0.7853981633974483, 1.4142135623730951
1501, 16, 597, 338, 594, 339, 3, -1, -0.3217505543966422, 3.1622776601683795
1501, 18, 602, 366, 601, 367, 1, -1, -0.7853981633974483, 1.4142135623730951
1501, 19, 496, 404, 495, 405, 1, -1, -0.7853981633974483, 1.4142135623730951
1501, 20, 552, 85, 551, 86, 1, -1, -0.7853981633974483, 1.4142135623730951
1501, 23, 392, 126, 391, 127, 1, -1, -0.7853981633974483, 1.4142135623730951
1501, 24, 589, 145, 587, 145, 2, 0, 0.0, 2.0
1502, 1, 548, 342, 547, 343, 1, -1, -0.7853981633974483, 1.4142135623730951
1502, 5, 555, 104, 553, 104, 2, 0, 0.0, 2.0
1502, 7, 418, 400, 417, 401, 1, -1, -0.7853981633974483, 1.4142135623730951
1502, 8, 321, 120, 320, 121, 1, -1, -0.7853981633974483, 1.4142135623730951
1502, 11, 290, 121, 288, 122, 2, -1, -0.4636476090008061, 2.23606797749979
1502, 15, 612, 402, 611, 403, 1, -1, -0.7853981633974483, 1.4142135623730951
1502, 16, 598, 337, 597, 338, 1, -1, -0.7853981633974483, 1.4142135623730951
1502, 17, 340, 349, 339, 350, 1, -1, -0.7853981633974483, 1.4142135623730951
1502, 18, 604, 365, 602, 366, 2, -1, -0.4636476090008061, 2.23606797749979
1502, 19, 498, 404, 496, 404, 2, 0, 0.0, 2.0
1502, 20, 553, 83, 552, 85, 1, -2, -1.1071487177940904, 2.23606797749979
1502, 22, 440, 104, 438, 104, 2, 0, 0.0, 2.0
1502, 24, 591, 145, 589, 145, 2, 0, 0.0, 2.0
1503, 0, 601, 137, 599, 137, 2, 0, 0.0, 2.0
1503, 1, 550, 342, 548, 342, 2, 0, 0.0, 2.0
1503, 3, 424, 123, 423, 124, 1, -1, -0.7853981633974483, 1.4142135623730951
1503, 5, 557, 104, 555, 104, 2, 0, 0.0, 2.0
1503, 15, 613, 401, 612, 402, 1, -1, -0.7853981633974483, 1.4142135623730951
1503, 16, 600, 336, 598, 337, 2, -1, -0.4636476090008061, 2.23606797749979
1503, 18, 606, 364, 604, 365, 2, -1, -0.4636476090008061, 2.23606797749979
1503, 19, 500, 404, 498, 404, 2, 0, 0.0, 2.0
1503, 22, 442, 103, 440, 104, 2, -1, -0.4636476090008061, 2.23606797749979
1503, 24, 593, 144, 591, 145, 2, -1, -0.4636476090008061, 2.23606797749979
1504, 0, 603, 137, 601, 137, 2, 0, 0.0, 2.0
1504, 1, 552, 342, 550, 342, 2, 0, 0.0, 2.0
1504, 2, 399, 97, 398, 98, 1, -1, -0.7853981633974483, 1.4142135623730951
1504, 7, 420, 399, 419, 400, 1, -1, -0.7853981633974483, 1.4142135623730951
1504, 8, 324, 119, 322, 120, 2, -1, -0.4636476090008061, 2.23606797749979
1504, 11, 291, 119, 290, 120, 1, -1, -0.7853981633974483, 1.4142135623730951
1504, 13, 424, 405, 423, 406, 1, -1, -0.7853981633974483, 1.4142135623730951
1504, 14, 540, 402, 539, 403, 1, -1, -0.7853981633974483, 1.4142135623730951
1504, 16, 602, 336, 600, 336, 2, 0, 0.0, 2.0
1504, 18, 607, 363, 606, 364, 1, -1, -0.7853981633974483, 1.4142135623730951
1504, 22, 443, 102, 442, 103, 1, -1, -0.7853981633974483, 1.4142135623730951
1504, 24, 594, 143, 593, 144, 1, -1, -0.7853981633974483, 1.4142135623730951
1504, 25, 322, 369, 321, 370, 1, -1, -0.7853981633974483, 1.4142135623730951
1505, 0, 551, 344, 550, 345, 1, -1, -0.7853981633974483, 1.4142135623730951
1505, 1, 602, 139, 600, 139, 2, 0, 0.0, 2.0
1505, 2, 556, 105, 555, 106, 1, -1, -0.7853981633974483, 1.4142135623730951
1505, 3, 425, 124, 424, 125, 1, -1, -0.7853981633974483, 1.4142135623730951
1505, 7, 473, 101, 472, 102, 1, -1, -0.7853981633974483, 1.4142135623730951
1505, 8, 533, 395, 532, 396, 1, -1, -0.7853981633974483, 1.4142135623730951
1505, 10, 425, 407, 424, 408, 1, -1, -0.7853981633974483, 1.4142135623730951
1505, 11, 419, 398, 418, 399, 1, -1, -0.7853981633974483, 1.4142135623730951
1505, 14, 541, 404, 539, 405, 2, -1, -0.4636476090008061, 2.23606797749979
1505, 15, 500, 404, 499, 405, 1, -1, -0.7853981633974483, 1.4142135623730951
1505, 17, 617, 371, 615, 372, 2, -1, -0.4636476090008061, 2.23606797749979
1505, 18, 323, 121, 322, 122, 1, -1, -0.7853981633974483, 1.4142135623730951
1505, 19, 621, 74, 620, 75, 1, -1, -0.7853981633974483, 1.4142135623730951
1505, 20, 601, 338, 598, 340, 3, -2, -0.5880026035475675, 3.605551275463989
1505, 21, 333, 397, 332, 398, 1, -1, -0.7853981633974483, 1.4142135623730951
1505, 22, 614, 403, 613, 404, 1, -1, -0.7853981633974483, 1.4142135623730951
1505, 23, 574, 91, 573, 92, 1, -1, -0.7853981633974483, 1.4142135623730951
1505, 24, 587, 143, 586, 144, 1, -1, -0.7853981633974483, 1.4142135623730951
1505, 27, 538, 336, 537, 337, 1, -1, -0.7853981633974483, 1.4142135623730951
1506, 0, 554, 343, 551, 344, 3, -1, -0.3217505543966422, 3.1622776601683795
1506, 1, 605, 138, 602, 139, 3, -1, -0.3217505543966422, 3.1622776601683795
1506, 2, 557, 104, 556, 105, 1, -1, -0.7853981633974483, 1.4142135623730951
1506, 4, 284, 382, 283, 383, 1, -1, -0.7853981633974483, 1.4142135623730951
1506, 5, 399, 97, 398, 98, 1, -1, -0.7853981633974483, 1.4142135623730951
1506, 6, 266, 344, 265, 345, 1, -1, -0.7853981633974483, 1.4142135623730951
1506, 7, 474, 100, 473, 101, 1, -1, -0.7853981633974483, 1.4142135623730951
1506, 8, 535, 394, 533, 395, 2, -1, -0.4636476090008061, 2.23606797749979
1506, 9, 596, 85, 595, 86, 1, -1, -0.7853981633974483, 1.4142135623730951
1506, 10, 426, 406, 425, 407, 1, -1, -0.7853981633974483, 1.4142135623730951
1506, 11, 420, 397, 419, 398, 1, -1, -0.7853981633974483, 1.4142135623730951
1506, 13, 371, 113, 370, 114, 1, -1, -0.7853981633974483, 1.4142135623730951
1506, 14, 543, 403, 541, 404, 2, -1, -0.4636476090008061, 2.23606797749979
1506, 15, 501, 403, 500, 404, 1, -1, -0.7853981633974483, 1.4142135623730951
1506, 17, 619, 370, 617, 371, 2, -1, -0.4636476090008061, 2.23606797749979
1506, 19, 622, 73, 621, 74, 1, -1, -0.7853981633974483, 1.4142135623730951
1506, 20, 603, 338, 601, 338, 2, 0, 0.0, 2.0
1506, 21, 334, 396, 333, 397, 1, -1, -0.7853981633974483, 1.4142135623730951
1506, 22, 615, 402, 614, 403, 1, -1, -0.7853981633974483, 1.4142135623730951
1506, 23, 575, 90, 574, 91, 1, -1, -0.7853981633974483, 1.4142135623730951
1506, 24, 589, 143, 587, 143, 2, 0, 0.0, 2.0
1506, 25, 286, 120, 285, 121, 1, -1, -0.7853981633974483, 1.4142135623730951
1506, 27, 539, 335, 538, 336, 1, -1, -0.7853981633974483, 1.4142135623730951
1507, 0, 556, 342, 554, 343, 2, -1, -0.4636476090008061, 2.23606797749979
1507, 1, 606, 137, 605, 138, 1, -1, -0.7853981633974483, 1.4142135623730951
1507, 5, 400, 96, 399, 97, 1, -1, -0.7853981633974483, 1.4142135623730951
1507, 8, 537, 393, 535, 394, 2, -1, -0.4636476090008061, 2.23606797749979
1507, 10, 427, 405, 426, 406, 1, -1, -0.7853981633974483, 1.4142135623730951
1507, 11, 421, 396, 420, 397, 1, -1, -0.7853981633974483, 1.4142135623730951
1507, 12, 608, 110, 607, 111, 1, -1, -0.7853981633974483, 1.4142135623730951
1507, 13, 372, 112, 371, 113, 1, -1, -0.7853981633974483, 1.4142135623730951
1507, 14, 545, 402, 543, 403, 2, -1, -0.4636476090008061, 2.23606797749979
1507, 15, 502, 402, 501, 403, 1, -1, -0.7853981633974483, 1.4142135623730951
1507, 17, 620, 369, 619, 370, 1, -1, -0.7853981633974483, 1.4142135623730951
1507, 19, 624, 72, 622, 73, 2, -1, -0.4636476090008061, 2.23606797749979
1507, 22, 616, 401, 615, 402, 1, -1, -0.7853981633974483, 1.4142135623730951
1507, 23, 576, 89, 575, 90, 1, -1, -0.7853981633974483, 1.4142135623730951
1507, 27, 541, 334, 539, 335, 2, -1, -0.4636476090008061, 2.23606797749979
1507, 28, 441, 100, 440, 101, 1, -1, -0.7853981633974483, 1.4142135623730951
1508, 0, 558, 341, 556, 342, 2, -1, -0.4636476090008061, 2.23606797749979
1508, 1, 608, 137, 606, 137, 2, 0, 0.0, 2.0
1508, 2, 559, 103, 558, 104, 1, -1, -0.7853981633974483, 1.4142135623730951
1508, 3, 428, 123, 427, 124, 1, -1, -0.7853981633974483, 1.4142135623730951
1508, 5, 401, 95, 400, 96, 1, -1, -0.7853981633974483, 1.4142135623730951
1508, 8, 538, 392, 537, 393, 1, -1, -0.7853981633974483, 1.4142135623730951
1508, 9, 599, 85, 597, 85, 2, 0, 0.0, 2.0
1508, 10, 428, 404, 427, 405, 1, -1, -0.7853981633974483, 1.4142135623730951
1508, 11, 422, 395, 421, 396, 1, -1, -0.7853981633974483, 1.4142135623730951
1508, 12, 609, 109, 608, 110, 1, -1, -0.7853981633974483, 1.4142135623730951
1508, 14, 547, 401, 545, 402, 2, -1, -0.4636476090008061, 2.23606797749979
1508, 15, 503, 401, 502, 402, 1, -1, -0.7853981633974483, 1.4142135623730951
1508, 17, 622, 368, 620, 369, 2, -1, -0.4636476090008061, 2.23606797749979
1508, 20, 606, 338, 604, 338, 2, 0, 0.0, 2.0
1508, 21, 336, 395, 335, 396, 1, -1, -0.7853981633974483, 1.4142135623730951
1508, 22, 617, 400, 616, 401, 1, -1, -0.7853981633974483, 1.4142135623730951
1508, 23, 577, 88, 576, 89, 1, -1, -0.7853981633974483, 1.4142135623730951
1508, 24, 592, 144, 590, 143, 2, 1, 0.4636476090008061, 2.23606797749979
1508, 25, 287, 119, 286, 120, 1, -1, -0.7853981633974483, 1.4142135623730951
1508, 27, 543, 334, 541, 334, 2, 0, 0.0, 2.0
1508, 28, 442, 99, 441, 100, 1, -1, -0.7853981633974483, 1.4142135623730951
1509, 4, 287, 381, 286, 382, 1, -1, -0.7853981633974483, 1.4142135623730951
1509, 5, 402, 94, 401, 95, 1, -1, -0.7853981633974483, 1.4142135623730951
1509, 8, 539, 391, 538, 392, 1, -1, -0.7853981633974483, 1.4142135623730951
1509, 9, 601, 85, 599, 85, 2, 0, 0.0, 2.0
1509, 10, 429, 403, 428, 404, 1, -1, -0.7853981633974483, 1.4142135623730951
1509, 11, 423, 394, 422, 395, 1, -1, -0.7853981633974483, 1.4142135623730951
1509, 12, 610, 108, 609, 109, 1, -1, -0.7853981633974483, 1.4142135623730951
1509, 13, 374, 111, 373, 112, 1, -1, -0.7853981633974483, 1.4142135623730951
1509, 14, 549, 401, 547, 401, 2, 0, 0.0, 2.0
1509, 15, 504, 400, 503, 401, 1, -1, -0.7853981633974483, 1.4142135623730951
1509, 16, 345, 351, 344, 352, 1, -1, -0.7853981633974483, 1.4142135623730951
1509, 17, 623, 367, 622, 368, 1, -1, -0.7853981633974483, 1.4142135623730951
1509, 20, 608, 337, 606, 338, 2, -1, -0.4636476090008061, 2.23606797749979
1509, 22, 619, 399, 617, 400, 2, -1, -0.4636476090008061, 2.23606797749979
1509, 23, 579, 87, 577, 88, 2, -1, -0.4636476090008061, 2.23606797749979
1509, 24, 593, 145, 592, 144, 1, 1, 0.7853981633974483, 1.4142135623730951
1509, 25, 288, 118, 287, 119, 1, -1, -0.7853981633974483, 1.4142135623730951
1509, 28, 443, 98, 442, 99, 1, -1, -0.7853981633974483, 1.4142135623730951
1510, 3, 287, 382, 286, 383, 1, -1, -0.7853981633974483, 1.4142135623730951
1510, 5, 403, 97, 402, 98, 1, -1, -0.7853981633974483, 1.4142135623730951
1510, 8, 375, 112, 374, 113, 1, -1, -0.7853981633974483, 1.4142135623730951
1510, 9, 608, 109, 607, 110, 1, -1, -0.7853981633974483, 1.4142135623730951
1510, 10, 400, 127, 399, 128, 1, -1, -0.7853981633974483, 1.4142135623730951
1510, 11, 424, 400, 423, 401, 1, -1, -0.7853981633974483, 1.4142135623730951
1510, 15, 548, 405, 546, 406, 2, -1, -0.4636476090008061, 2.23606797749979
1510, 16, 356, 128, 355, 129, 1, -1, -0.7853981633974483, 1.4142135623730951
1510, 18, 597, 87, 595, 88, 2, -1, -0.4636476090008061, 2.23606797749979
1510, 19, 268, 346, 267, 345, 1, 1, 0.7853981633974483, 1.4142135623730951
1510, 21, 505, 404, 503, 405, 2, -1, -0.4636476090008061, 2.23606797749979
1510, 22, 547, 337, 546, 338, 1, -1, -0.7853981633974483, 1.4142135623730951
1510, 23, 626, 74, 624, 75, 2, -1, -0.4636476090008061, 2.23606797749979
1510, 24, 619, 403, 618, 404, 1, -1, -0.7853981633974483, 1.4142135623730951
1510, 27, 450, 371, 448, 371, 2, 0, 0.0, 2.0
1510, 31, 608, 370, 606, 370, 2, 0, 0.0, 2.0
1510, 32, 578, 90, 577, 91, 1, -1, -0.7853981633974483, 1.4142135623730951
1510, 33, 545, 83, 547, 84, -2, -1, -2.677945044588987, 2.23606797749979
1511, 0, 557, 344, 556, 345, 1, -1, -0.7853981633974483, 1.4142135623730951
1511, 2, 563, 106, 561, 106, 2, 0, 0.0, 2.0
1511, 3, 288, 381, 287, 382, 1, -1, -0.7853981633974483, 1.4142135623730951
1511, 5, 405, 96, 403, 97, 2, -1, -0.4636476090008061, 2.23606797749979
1511, 6, 429, 406, 428, 408, 1, -2, -1.1071487177940904, 2.23606797749979
1511, 8, 376, 111, 375, 112, 1, -1, -0.7853981633974483, 1.4142135623730951
1511, 9, 609, 108, 608, 109, 1, -1, -0.7853981633974483, 1.4142135623730951
1511, 10, 401, 126, 400, 127, 1, -1, -0.7853981633974483, 1.4142135623730951
1511, 15, 549, 403, 548, 405, 1, -2, -1.1071487177940904, 2.23606797749979
1511, 16, 357, 127, 356, 128, 1, -1, -0.7853981633974483, 1.4142135623730951
1511, 18, 599, 86, 597, 87, 2, -1, -0.4636476090008061, 2.23606797749979
1511, 21, 506, 403, 505, 404, 1, -1, -0.7853981633974483, 1.4142135623730951
1511, 22, 548, 336, 547, 337, 1, -1, -0.7853981633974483, 1.4142135623730951
1511, 23, 628, 73, 626, 74, 2, -1, -0.4636476090008061, 2.23606797749979
1511, 24, 621, 402, 619, 403, 2, -1, -0.4636476090008061, 2.23606797749979
1511, 25, 607, 339, 606, 340, 1, -1, -0.7853981633974483, 1.4142135623730951
1511, 26, 391, 378, 388, 378, 3, 0, 0.0, 3.0
1511, 30, 367, 368, 362, 369, 5, -1, -0.19739555984988075, 5.0990195135927845
1511, 31, 610, 370, 608, 370, 2, 0, 0.0, 2.0
1511, 32, 580, 89, 578, 90, 2, -1, -0.4636476090008061, 2.23606797749979
1511, 33, 545, 81, 545, 83, 0, -2, -1.5707963267948966, 2.0
1512, 0, 559, 343, 557, 344, 2, -1, -0.4636476090008061, 2.23606797749979
1512, 1, 609, 140, 607, 140, 2, 0, 0.0, 2.0
1512, 2, 565, 105, 563, 106, 2, -1, -0.4636476090008061, 2.23606797749979
1512, 4, 431, 125, 429, 125, 2, 0, 0.0, 2.0
1512, 5, 406, 95, 405, 96, 1, -1, -0.7853981633974483, 1.4142135623730951
1512, 6, 430, 405, 429, 406, 1, -1, -0.7853981633974483, 1.4142135623730951
1512, 8, 377, 110, 376, 111, 1, -1, -0.7853981633974483, 1.4142135623730951
1512, 10, 403, 125, 401, 126, 2, -1, -0.4636476090008061, 2.23606797749979
1512, 16, 358, 126, 357, 127, 1, -1, -0.7853981633974483, 1.4142135623730951
1512, 18, 601, 85, 599, 86, 2, -1, -0.4636476090008061, 2.23606797749979
1512, 21, 507, 402, 506, 403, 1, -1, -0.7853981633974483, 1.4142135623730951
1512, 22, 549, 335, 548, 336, 1, -1, -0.7853981633974483, 1.4142135623730951
1512, 23, 630, 72, 628, 73, 2, -1, -0.4636476090008061, 2.23606797749979
1512, 24, 623, 401, 621, 402, 2, -1, -0.4636476090008061, 2.23606797749979
1512, 25, 609, 339, 607, 339, 2, 0, 0.0, 2.0
1513, 0, 563, 342, 559, 343, 4, -1, -0.24497866312686414, 4.123105625617661
1513, 2, 567, 104, 565, 105, 2, -1, -0.4636476090008061, 2.23606797749979
1513, 5, 408, 95, 406, 95, 2, 0, 0.0, 2.0
1513, 6, 431, 404, 430, 405, 1, -1, -0.7853981633974483, 1.4142135623730951
1513, 9, 612, 108, 610, 108, 2, 0, 0.0, 2.0
1513, 10, 405, 125, 403, 125, 2, 0, 0.0, 2.0
1513, 12, 626, 373, 624, 373, 2, 0, 0.0, 2.0
1513, 14, 351, 347, 350, 348, 1, -1, -0.7853981633974483, 1.4142135623730951
1513, 15, 551, 402, 550, 403, 1, -1, -0.7853981633974483, 1.4142135623730951
1513, 16, 359, 125, 358, 126, 1, -1, -0.7853981633974483, 1.4142135623730951
1513, 18, 603, 84, 601, 85, 2, -1, -0.4636476090008061, 2.23606797749979
1513, 21, 509, 401, 507, 402, 2, -1, -0.4636476090008061, 2.23606797749979
1513, 22, 551, 333, 549, 335, 2, -2, -0.7853981633974483, 2.8284271247461903
1513, 23, 632, 71, 630, 72, 2, -1, -0.4636476090008061, 2.23606797749979
1513, 24, 625, 401, 623, 401, 2, 0, 0.0, 2.0
1513, 25, 611, 339, 609, 339, 2, 0, 0.0, 2.0
1513, 26, 392, 376, 391, 377, 1, -1, -0.7853981633974483, 1.4142135623730951
1513, 32, 583, 89, 581, 89, 2, 0, 0.0, 2.0
1514, 5, 409, 94, 408, 95, 1, -1, -0.7853981633974483, 1.4142135623730951
1514, 7, 481, 101, 480, 102, 1, -1, -0.7853981633974483, 1.4142135623730951
1514, 8, 379, 109, 378, 110, 1, -1, -0.7853981633974483, 1.4142135623730951
1514, 13, 293, 120, 292, 121, 1, -1, -0.7853981633974483, 1.4142135623730951
1514, 14, 353, 346, 351, 347, 2, -1, -0.4636476090008061, 2.23606797749979
1514, 15, 552, 401, 551, 402, 1, -1, -0.7853981633974483, 1.4142135623730951
1514, 16, 360, 124, 359, 125, 1, -1, -0.7853981633974483, 1.4142135623730951
1514, 17, 354, 83, 356, 83, -2, 0, 3.141592653589793, 2.0
1514, 18, 605, 84, 603, 84, 2, 0, 0.0, 2.0
1514, 21, 511, 400, 509, 401, 2, -1, -0.4636476090008061, 2.23606797749979
1514, 23, 634, 70, 632, 71, 2, -1, -0.4636476090008061, 2.23606797749979
1514, 24, 627, 400, 625, 401, 2, -1, -0.4636476090008061, 2.23606797749979
1514, 25, 612, 338, 611, 339, 1, -1, -0.7853981633974483, 1.4142135623730951
1514, 26, 393, 375, 392, 376, 1, -1, -0.7853981633974483, 1.4142135623730951
1514, 28, 329, 370, 328, 371, 1, -1, -0.7853981633974483, 1.4142135623730951
1514, 31, 614, 369, 612, 370, 2, -1, -0.4636476090008061, 2.23606797749979
1514, 32, 585, 89, 583, 89, 2, 0, 0.0, 2.0
1515, 0, 610, 139, 609, 140, 1, -1, -0.7853981633974483, 1.4142135623730951
1515, 1, 563, 344, 561, 345, 2, -1, -0.4636476090008061, 2.23606797749979
1515, 5, 567, 105, 565, 105, 2, 0, 0.0, 2.0
1515, 8, 613, 110, 611, 110, 2, 0, 0.0, 2.0
1515, 9, 632, 74, 630, 75, 2, -1, -0.4636476090008061, 2.23606797749979
1515, 10, 297, 120, 296, 121, 1, -1, -0.7853981633974483, 1.4142135623730951
1515, 14, 554, 338, 552, 339, 2, -1, -0.4636476090008061, 2.23606797749979
1515, 15, 615, 367, 614, 368, 1, -1, -0.7853981633974483, 1.4142135623730951
1515, 16, 537, 393, 536, 394, 1, -1, -0.7853981633974483, 1.4142135623730951
1515, 17, 351, 351, 350, 352, 1, -1, -0.7853981633974483, 1.4142135623730951
1515, 18, 404, 126, 403, 127, 1, -1, -0.7853981633974483, 1.4142135623730951
1515, 20, 625, 403, 623, 404, 2, -1, -0.4636476090008061, 2.23606797749979
1515, 21, 584, 95, 583, 96, 1, -1, -0.7853981633974483, 1.4142135623730951
1515, 24, 358, 127, 357, 128, 1, -1, -0.7853981633974483, 1.4142135623730951
1515, 25, 628, 373, 626, 373, 2, 0, 0.0, 2.0
1515, 26, 510, 112, 507, 112, 3, 0, 0.0, 3.0
1515, 28, 341, 401, 340, 402, 1, -1, -0.7853981633974483, 1.4142135623730951
1515, 29, 296, 128, 295, 129, 1, -1, -0.7853981633974483, 1.4142135623730951
1515, 30, 510, 405, 508, 405, 2, 0, 0.0, 2.0
1515, 31, 425, 397, 424, 398, 1, -1, -0.7853981633974483, 1.4142135623730951
1515, 34, 602, 87, 600, 87, 2, 0, 0.0, 2.0
1515, 38, 578, 393, 576, 392, 2, 1, 0.4636476090008061, 2.23606797749979
1515, 39, 427, 369, 425, 368, 2, 1, 0.4636476090008061, 2.23606797749979
1515, 40, 527, 139, 525, 139, 2, 0, 0.0, 2.0
1516, 0, 612, 139, 610, 139, 2, 0, 0.0, 2.0
1516, 1, 566, 343, 563, 344, 3, -1, -0.3217505543966422, 3.1622776601683795
1516, 2, 410, 96, 408, 97, 2, -1, -0.4636476090008061, 2.23606797749979
1516, 4, 291, 381, 290, 382, 1, -1, -0.7853981633974483, 1.4142135623730951
1516, 5, 569, 105, 567, 105, 2, 0, 0.0, 2.0
1516, 6, 434, 125, 433, 126, 1, -1, -0.7853981633974483, 1.4142135623730951
1516, 9, 634, 73, 632, 74, 2, -1, -0.4636476090008061, 2.23606797749979
1516, 10, 299, 119, 297, 120, 2, -1, -0.4636476090008061, 2.23606797749979
1516, 14, 557, 336, 554, 338, 3, -2, -0.5880026035475675, 3.605551275463989
1516, 16, 539, 392, 537, 393, 2, -1, -0.4636476090008061, 2.23606797749979
1516, 17, 352, 350, 351, 351, 1, -1, -0.7853981633974483, 1.4142135623730951
1516, 18, 405, 125, 404, 126, 1, -1, -0.7853981633974483, 1.4142135623730951
1516, 20, 627, 403, 625, 403, 2, 0, 0.0, 2.0
1516, 22, 433, 399, 432, 400, 1, -1, -0.7853981633974483, 1.4142135623730951
1516, 23, 612, 339, 611, 340, 1, -1, -0.7853981633974483, 1.4142135623730951
1516, 25, 630, 373, 628, 373, 2, 0, 0.0, 2.0
1516, 26, 513, 112, 510, 112, 3, 0, 0.0, 3.0
1516, 28, 342, 400, 341, 401, 1, -1, -0.7853981633974483, 1.4142135623730951
1516, 29, 297, 127, 296, 128, 1, -1, -0.7853981633974483, 1.4142135623730951
1516, 30, 512, 405, 510, 405, 2, 0, 0.0, 2.0
1516, 31, 427, 396, 425, 397, 2, -1, -0.4636476090008061, 2.23606797749979
1516, 33, 532, 83, 531, 84, 1, -1, -0.7853981633974483, 1.4142135623730951
1516, 35, 382, 110, 381, 111, 1, -1, -0.7853981633974483, 1.4142135623730951
1516, 40, 528, 138, 527, 139, 1, -1, -0.7853981633974483, 1.4142135623730951
1517, 0, 614, 138, 612, 139, 2, -1, -0.4636476090008061, 2.23606797749979
1517, 1, 568, 342, 566, 343, 2, -1, -0.4636476090008061, 2.23606797749979
1517, 2, 412, 95, 410, 96, 2, -1, -0.4636476090008061, 2.23606797749979
1517, 3, 273, 348, 272, 347, 1, 1, 0.7853981633974483, 1.4142135623730951
1517, 4, 292, 380, 291, 381, 1, -1, -0.7853981633974483, 1.4142135623730951
1517, 5, 573, 105, 569, 105, 4, 0, 0.0, 4.0
1517, 8, 615, 111, 614, 110, 1, 1, 0.7853981633974483, 1.4142135623730951
1517, 11, 485, 101, 484, 102, 1, -1, -0.7853981633974483, 1.4142135623730951
1517, 13, 434, 406, 433, 407, 1, -1, -0.7853981633974483, 1.4142135623730951
1517, 14, 559, 335, 557, 336, 2, -1, -0.4636476090008061, 2.23606797749979
1517, 15, 617, 366, 616, 367, 1, -1, -0.7853981633974483, 1.4142135623730951
1517, 16, 543, 390, 539, 392, 4, -2, -0.4636476090008061, 4.47213595499958
1517, 18, 406, 124, 405, 125, 1, -1, -0.7853981633974483, 1.4142135623730951
1517, 19, 290, 375, 288, 376, 2, -1, -0.4636476090008061, 2.23606797749979
1517, 22, 434, 398, 433, 399, 1, -1, -0.7853981633974483, 1.4142135623730951
1517, 23, 614, 338, 612, 339, 2, -1, -0.4636476090008061, 2.23606797749979
1517, 24, 360, 126, 359, 127, 1, -1, -0.7853981633974483, 1.4142135623730951
1517, 26, 516, 112, 513, 112, 3, 0, 0.0, 3.0
1517, 27, 331, 130, 329, 130, 2, 0, 0.0, 2.0
1517, 28, 343, 399, 342, 400, 1, -1, -0.7853981633974483, 1.4142135623730951
1517, 29, 298, 126, 297, 127, 1, -1, -0.7853981633974483, 1.4142135623730951
1517, 30, 514, 405, 512, 405, 2, 0, 0.0, 2.0
1517, 31, 429, 395, 427, 396, 2, -1, -0.4636476090008061, 2.23606797749979
1517, 37, 457, 372, 456, 373, 1, -1, -0.7853981633974483, 1.4142135623730951
1518, 0, 617, 137, 614, 138, 3, -1, -0.3217505543966422, 3.1622776601683795
1518, 1, 570, 341, 568, 342, 2, -1, -0.4636476090008061, 2.23606797749979
1518, 4, 294, 380, 292, 380, 2, 0, 0.0, 2.0
1518, 5, 575, 105, 573, 105, 2, 0, 0.0, 2.0
1518, 6, 435, 124, 434, 125, 1, -1, -0.7853981633974483, 1.4142135623730951
1518, 8, 616, 112, 615, 111, 1, 1, 0.7853981633974483, 1.4142135623730951
1518, 10, 301, 118, 300, 119, 1, -1, -0.7853981633974483, 1.4142135623730951
1518, 12, 556, 404, 554, 404, 2, 0, 0.0, 2.0
1518, 13, 435, 405, 434, 406, 1, -1, -0.7853981633974483, 1.4142135623730951
1518, 15, 618, 365, 617, 366, 1, -1, -0.7853981633974483, 1.4142135623730951
1518, 16, 545, 388, 543, 390, 2, -2, -0.7853981633974483, 2.8284271247461903
1518, 17, 354, 349, 353, 350, 1, -1, -0.7853981633974483, 1.4142135623730951
1518, 18, 407, 123, 406, 124, 1, -1, -0.7853981633974483, 1.4142135623730951
1518, 19, 291, 374, 290, 375, 1, -1, -0.7853981633974483, 1.4142135623730951
1518, 20, 629, 402, 628, 403, 1, -1, -0.7853981633974483, 1.4142135623730951
1518, 23, 616, 337, 614, 338, 2, -1, -0.4636476090008061, 2.23606797749979
1518, 25, 633, 373, 631, 373, 2, 0, 0.0, 2.0
1518, 26, 518, 111, 516, 112, 2, -1, -0.4636476090008061, 2.23606797749979
1518, 27, 333, 130, 331, 130, 2, 0, 0.0, 2.0
1518, 28, 345, 398, 343, 399, 2, -1, -0.4636476090008061, 2.23606797749979
1518, 29, 299, 125, 298, 126, 1, -1, -0.7853981633974483, 1.4142135623730951
1518, 31, 432, 394, 429, 395, 3, -1, -0.3217505543966422, 3.1622776601683795
1518, 37, 458, 371, 457, 372, 1, -1, -0.7853981633974483, 1.4142135623730951
1519, 0, 619, 136, 617, 137, 2, -1, -0.4636476090008061, 2.23606797749979
1519, 1, 571, 339, 570, 341, 1, -2, -1.1071487177940904, 2.23606797749979
1519, 3, 274, 349, 273, 348, 1, 1, 0.7853981633974483, 1.4142135623730951
1519, 4, 295, 379, 294, 380, 1, -1, -0.7853981633974483, 1.4142135623730951
1519, 10, 302, 117, 301, 118, 1, -1, -0.7853981633974483, 1.4142135623730951
1519, 11, 487, 100, 486, 101, 1, -1, -0.7853981633974483, 1.4142135623730951
1519, 12, 558, 404, 556, 404, 2, 0, 0.0, 2.0
1519, 14, 561, 334, 559, 335, 2, -1, -0.4636476090008061, 2.23606797749979
1519, 16, 548, 385, 545, 388, 3, -3, -0.7853981633974483, 4.242640687119285
1519, 17, 355, 348, 354, 349, 1, -1, -0.7853981633974483, 1.4142135623730951
1519, 18, 408, 122, 407, 123, 1, -1, -0.7853981633974483, 1.4142135623730951
1519, 20, 630, 401, 629, 402, 1, -1, -0.7853981633974483, 1.4142135623730951
1519, 21, 588, 94, 587, 95, 1, -1, -0.7853981633974483, 1.4142135623730951
1519, 22, 437, 398, 435, 398, 2, 0, 0.0, 2.0
1519, 23, 618, 336, 616, 337, 2, -1, -0.4636476090008061, 2.23606797749979
1519, 25, 635, 373, 633, 373, 2, 0, 0.0, 2.0
1519, 26, 519, 110, 518, 111, 1, -1, -0.7853981633974483, 1.4142135623730951
1519, 27, 335, 129, 333, 130, 2, -1, -0.4636476090008061, 2.23606797749979
1519, 28, 347, 397, 345, 398, 2, -1, -0.4636476090008061, 2.23606797749979
1519, 29, 300, 124, 299, 125, 1, -1, -0.7853981633974483, 1.4142135623730951
1519, 30, 517, 404, 515, 405, 2, -1, -0.4636476090008061, 2.23606797749979
1519, 31, 435, 392, 432, 394, 3, -2, -0.5880026035475675, 3.605551275463989
1519, 32, 335, 370, 333, 371, 2, -1, -0.4636476090008061, 2.23606797749979
1519, 33, 533, 80, 532, 81, 1, -1, -0.7853981633974483, 1.4142135623730951
1519, 34, 607, 86, 605, 87, 2, -1, -0.4636476090008061, 2.23606797749979
1519, 35, 386, 110, 384, 110, 2, 0, 0.0, 2.0
1519, 37, 459, 370, 458, 371, 1, -1, -0.7853981633974483, 1.4142135623730951
1520, 0, 617, 140, 615, 140, 2, 0, 0.0, 2.0
1520, 3, 439, 124, 438, 125, 1, -1, -0.7853981633974483, 1.4142135623730951
1520, 7, 488, 100, 486, 101, 2, -1, -0.4636476090008061, 2.23606797749979
1520, 8, 556, 404, 554, 404, 2, 0, 0.0, 2.0
1520, 11, 547, 390, 544, 391, 3, -1, -0.3217505543966422, 3.1622776601683795
1520, 14, 455, 104, 454, 105, 1, -1, -0.7853981633974483, 1.4142135623730951
1520, 18, 434, 394, 431, 395, 3, -1, -0.3217505543966422, 3.1622776601683795
1520, 19, 409, 125, 408, 126, 1, -1, -0.7853981633974483, 1.4142135623730951
1520, 20, 359, 131, 358, 132, 1, -1, -0.7853981633974483, 1.4142135623730951
1520, 21, 515, 404, 514, 405, 1, -1, -0.7853981633974483, 1.4142135623730951
1520, 24, 459, 372, 458, 373, 1, -1, -0.7853981633974483, 1.4142135623730951
1520, 26, 266, 370, 265, 369, 1, 1, 0.7853981633974483, 1.4142135623730951
1520, 29, 632, 374, 630, 374, 2, 0, 0.0, 2.0
1520, 30, 389, 371, 388, 372, 1, -1, -0.7853981633974483, 1.4142135623730951
1520, 31, 588, 95, 587, 96, 1, -1, -0.7853981633974483, 1.4142135623730951
1520, 32, 265, 362, 263, 362, 2, 0, 0.0, 2.0
1521, 0, 618, 139, 617, 140, 1, -1, -0.7853981633974483, 1.4142135623730951
1521, 3, 441, 123, 439, 124, 2, -1, -0.4636476090008061, 2.23606797749979
1521, 4, 411, 96, 409, 97, 2, -1, -0.4636476090008061, 2.23606797749979
1521, 5, 296, 381, 295, 382, 1, -1, -0.7853981633974483, 1.4142135623730951
1521, 8, 558, 404, 556, 404, 2, 0, 0.0, 2.0
1521, 10, 440, 407, 438, 407, 2, 0, 0.0, 2.0
1521, 11, 551, 389, 547, 390, 4, -1, -0.24497866312686414, 4.123105625617661
1521, 13, 301, 121, 300, 122, 1, -1, -0.7853981633974483, 1.4142135623730951
1521, 14, 456, 103, 455, 104, 1, -1, -0.7853981633974483, 1.4142135623730951
1521, 16, 355, 352, 354, 353, 1, -1, -0.7853981633974483, 1.4142135623730951
1521, 18, 437, 393, 434, 394, 3, -1, -0.3217505543966422, 3.1622776601683795
1521, 19, 410, 124, 409, 125, 1, -1, -0.7853981633974483, 1.4142135623730951
1521, 21, 516, 403, 515, 404, 1, -1, -0.7853981633974483, 1.4142135623730951
1521, 23, 618, 338, 616, 339, 2, -1, -0.4636476090008061, 2.23606797749979
1521, 24, 460, 371, 459, 372, 1, -1, -0.7853981633974483, 1.4142135623730951
1521, 30, 390, 370, 389, 371, 1, -1, -0.7853981633974483, 1.4142135623730951
1521, 33, 596, 147, 595, 149, 1, -2, -1.1071487177940904, 2.23606797749979
1522, 0, 620, 138, 618, 139, 2, -1, -0.4636476090008061, 2.23606797749979
1522, 1, 570, 342, 568, 342, 2, 0, 0.0, 2.0
1522, 2, 276, 351, 275, 350, 1, 1, 0.7853981633974483, 1.4142135623730951
1522, 3, 442, 122, 441, 123, 1, -1, -0.7853981633974483, 1.4142135623730951
1522, 4, 413, 95, 411, 96, 2, -1, -0.4636476090008061, 2.23606797749979
1522, 5, 297, 380, 296, 381, 1, -1, -0.7853981633974483, 1.4142135623730951
1522, 6, 574, 105, 573, 106, 1, -1, -0.7853981633974483, 1.4142135623730951
1522, 7, 491, 99, 489, 100, 2, -1, -0.4636476090008061, 2.23606797749979
1522, 9, 621, 113, 619, 113, 2, 0, 0.0, 2.0
1522, 10, 441, 406, 440, 407, 1, -1, -0.7853981633974483, 1.4142135623730951
1522, 11, 554, 388, 551, 389, 3, -1, -0.3217505543966422, 3.1622776601683795
1522, 12, 398, 376, 397, 377, 1, -1, -0.7853981633974483, 1.4142135623730951
1522, 14, 457, 102, 456, 103, 1, -1, -0.7853981633974483, 1.4142135623730951
1522, 16, 356, 351, 355, 352, 1, -1, -0.7853981633974483, 1.4142135623730951
1522, 18, 440, 392, 437, 393, 3, -1, -0.3217505543966422, 3.1622776601683795
1522, 21, 517, 402, 516, 403, 1, -1, -0.7853981633974483, 1.4142135623730951
1522, 22, 620, 337, 618, 338, 2, -1, -0.4636476090008061, 2.23606797749979
1522, 23, 462, 370, 460, 371, 2, -1, -0.4636476090008061, 2.23606797749979
1522, 26, 335, 367, 334, 368, 1, -1, -0.7853981633974483, 1.4142135623730951
1522, 29, 392, 369, 390, 370, 2, -1, -0.4636476090008061, 2.23606797749979
1522, 31, 267, 363, 266, 362, 1, 1, 0.7853981633974483, 1.4142135623730951
1523, 3, 444, 121, 442, 122, 2, -1, -0.4636476090008061, 2.23606797749979
1523, 5, 298, 379, 297, 380, 1, -1, -0.7853981633974483, 1.4142135623730951
1523, 6, 576, 104, 574, 105, 2, -1, -0.4636476090008061, 2.23606797749979
1523, 7, 493, 98, 491, 99, 2, -1, -0.4636476090008061, 2.23606797749979
1523, 8, 561, 404, 559, 404, 2, 0, 0.0, 2.0
1523, 9, 623, 113, 621, 113, 2, 0, 0.0, 2.0
1523, 11, 556, 387, 554, 388, 2, -1, -0.4636476090008061, 2.23606797749979
1523, 14, 458, 101, 457, 102, 1, -1, -0.7853981633974483, 1.4142135623730951
1523, 16, 357, 350, 356, 351, 1, -1, -0.7853981633974483, 1.4142135623730951
1523, 18, 441, 393, 440, 392, 1, 1, 0.7853981633974483, 1.4142135623730951
1523, 19, 412, 123, 411, 124, 1, -1, -0.7853981633974483, 1.4142135623730951
1523, 20, 361, 130, 360, 131, 1, -1, -0.7853981633974483, 1.4142135623730951
1523, 22, 622, 336, 620, 337, 2, -1, -0.4636476090008061, 2.23606797749979
1523, 23, 463, 369, 462, 370, 1, -1, -0.7853981633974483, 1.4142135623730951
1523, 27, 348, 401, 347, 402, 1, -1, -0.7853981633974483, 1.4142135623730951
1523, 29, 394, 369, 392, 369, 2, 0, 0.0, 2.0
1523, 30, 592, 95, 590, 95, 2, 0, 0.0, 2.0
1523, 31, 269, 364, 267, 363, 2, 1, 0.4636476090008061, 2.23606797749979
1523, 32, 594, 145, 596, 146, -2, -1, -2.677945044588987, 2.23606797749979
1524, 1, 573, 343, 571, 342, 2, 1, 0.4636476090008061, 2.23606797749979
1524, 2, 277, 352, 276, 351, 1, 1, 0.7853981633974483, 1.4142135623730951
1524, 3, 446, 120, 444, 121, 2, -1, -0.4636476090008061, 2.23606797749979
1524, 4, 416, 94, 414, 95, 2, -1, -0.4636476090008061, 2.23606797749979
1524, 5, 299, 378, 298, 379, 1, -1, -0.7853981633974483, 1.4142135623730951
1524, 6, 577, 103, 576, 104, 1, -1, -0.7853981633974483, 1.4142135623730951
1524, 7, 494, 97, 493, 98, 1, -1, -0.7853981633974483, 1.4142135623730951
1524, 8, 563, 404, 561, 404, 2, 0, 0.0, 2.0
1524, 10, 444, 406, 442, 406, 2, 0, 0.0, 2.0
1524, 11, 558, 386, 556, 387, 2, -1, -0.4636476090008061, 2.23606797749979
1524, 14, 459, 100, 458, 101, 1, -1, -0.7853981633974483, 1.4142135623730951
1524, 16, 358, 349, 357, 350, 1, -1, -0.7853981633974483, 1.4142135623730951
1524, 18, 444, 392, 441, 393, 3, -1, -0.3217505543966422, 3.1622776601683795
1524, 21, 520, 401, 518, 402, 2, -1, -0.4636476090008061, 2.23606797749979
1524, 22, 624, 336, 622, 336, 2, 0, 0.0, 2.0
1524, 23, 465, 368, 463, 369, 2, -1, -0.4636476090008061, 2.23606797749979
1524, 29, 396, 369, 394, 369, 2, 0, 0.0, 2.0
1524, 30, 594, 95, 592, 95, 2, 0, 0.0, 2.0
1524, 31, 270, 365, 269, 364, 1, 1, 0.7853981633974483, 1.4142135623730951
1525, 0, 622, 140, 620, 141, 2, -1, -0.4636476090008061, 2.23606797749979
1525, 1, 574, 343, 572, 344, 2, -1, -0.4636476090008061, 2.23606797749979
1525, 2, 417, 97, 416, 98, 1, -1, -0.7853981633974483, 1.4142135623730951
1525, 3, 278, 353, 277, 352, 1, 1, 0.7853981633974483, 1.4142135623730951
1525, 4, 300, 380, 298, 381, 2, -1, -0.4636476090008061, 2.23606797749979
1525, 5, 635, 373, 638, 374, -3, -1, -2.819842099193151, 3.1622776601683795
1525, 6, 444, 123, 443, 124, 1, -1, -0.7853981633974483, 1.4142135623730951
1525, 7, 359, 349, 358, 350, 1, -1, -0.7853981633974483, 1.4142135623730951
1525, 8, 623, 112, 622, 113, 1, -1, -0.7853981633974483, 1.4142135623730951
1525, 9, 578, 105, 576, 106, 2, -1, -0.4636476090008061, 2.23606797749979
1525, 10, 622, 338, 620, 338, 2, 0, 0.0, 2.0
1525, 11, 552, 396, 551, 397, 1, -1, -0.7853981633974483, 1.4142135623730951
1525, 12, 342, 366, 341, 368, 1, -2, -1.1071487177940904, 2.23606797749979
1525, 13, 562, 404, 560, 405, 2, -1, -0.4636476090008061, 2.23606797749979
1525, 14, 492, 100, 491, 101, 1, -1, -0.7853981633974483, 1.4142135623730951
1525, 16, 306, 122, 305, 123, 1, -1, -0.7853981633974483, 1.4142135623730951
1525, 19, 519, 404, 517, 404, 2, 0, 0.0, 2.0
1525, 20, 371, 85, 369, 86, 2, -1, -0.4636476090008061, 2.23606797749979
1525, 22, 413, 125, 412, 126, 1, -1, -0.7853981633974483, 1.4142135623730951
1525, 23, 595, 95, 594, 96, 1, -1, -0.7853981633974483, 1.4142135623730951
1525, 25, 270, 372, 269, 371, 1, 1, 0.7853981633974483, 1.4142135623730951
1525, 30, 564, 86, 562, 86, 2, 0, 0.0, 2.0
1525, 31, 366, 127, 365, 128, 1, -1, -0.7853981633974483, 1.4142135623730951
1525, 32, 348, 401, 347, 402, 1, -1, -0.7853981633974483, 1.4142135623730951
1526, 1, 576, 342, 574, 343, 2, -1, -0.4636476090008061, 2.23606797749979
1526, 6, 445, 122, 444, 123, 1, -1, -0.7853981633974483, 1.4142135623730951
1526, 7, 360, 348, 359, 349, 1, -1, -0.7853981633974483, 1.4142135623730951
1526, 8, 624, 111, 623, 112, 1, -1, -0.7853981633974483, 1.4142135623730951
1526, 9, 581, 105, 578, 105, 3, 0, 0.0, 3.0
1526, 10, 624, 337, 622, 338, 2, -1, -0.4636476090008061, 2.23606797749979
1526, 11, 553, 395, 552, 396, 1, -1, -0.7853981633974483, 1.4142135623730951
1526, 13, 563, 403, 562, 404, 1, -1, -0.7853981633974483, 1.4142135623730951
1526, 14, 494, 99, 492, 100, 2, -1, -0.4636476090008061, 2.23606797749979
1526, 20, 372, 84, 371, 85, 1, -1, -0.7853981633974483, 1.4142135623730951
1526, 22, 414, 124, 413, 125, 1, -1, -0.7853981633974483, 1.4142135623730951
1526, 23, 596, 94, 595, 95, 1, -1, -0.7853981633974483, 1.4142135623730951
1526, 25, 271, 373, 270, 372, 1, 1, 0.7853981633974483, 1.4142135623730951
1526, 30, 566, 86, 564, 86, 2, 0, 0.0, 2.0
1526, 32, 349, 400, 348, 401, 1, -1, -0.7853981633974483, 1.4142135623730951
1527, 0, 625, 140, 623, 140, 2, 0, 0.0, 2.0
1527, 1, 578, 342, 576, 342, 2, 0, 0.0, 2.0
1527, 3, 280, 354, 279, 353, 1, 1, 0.7853981633974483, 1.4142135623730951
1527, 4, 301, 379, 300, 380, 1, -1, -0.7853981633974483, 1.4142135623730951
1527, 6, 446, 121, 445, 122, 1, -1, -0.7853981633974483, 1.4142135623730951
1527, 7, 361, 347, 360, 348, 1, -1, -0.7853981633974483, 1.4142135623730951
1527, 8, 625, 110, 624, 111, 1, -1, -0.7853981633974483, 1.4142135623730951
1527, 9, 583, 105, 581, 105, 2, 0, 0.0, 2.0
1527, 10, 626, 336, 624, 337, 2, -1, -0.4636476090008061, 2.23606797749979
1527, 13, 564, 402, 563, 403, 1, -1, -0.7853981633974483, 1.4142135623730951
1527, 17, 339, 124, 338, 125, 1, -1, -0.7853981633974483, 1.4142135623730951
1527, 18, 445, 407, 444, 408, 1, -1, -0.7853981633974483, 1.4142135623730951
1527, 19, 521, 403, 520, 404, 1, -1, -0.7853981633974483, 1.4142135623730951
1527, 20, 374, 83, 372, 84, 2, -1, -0.4636476090008061, 2.23606797749979
1527, 23, 597, 93, 596, 94, 1, -1, -0.7853981633974483, 1.4142135623730951
1527, 26, 527, 108, 525, 108, 2, 0, 0.0, 2.0
1527, 30, 568, 85, 566, 86, 2, -1, -0.4636476090008061, 2.23606797749979
1527, 31, 368, 126, 367, 127, 1, -1, -0.7853981633974483, 1.4142135623730951
1528, 1, 580, 342, 578, 342, 2, 0, 0.0, 2.0
1528, 2, 420, 96, 419, 97, 1, -1, -0.7853981633974483, 1.4142135623730951
1528, 4, 302, 378, 301, 379, 1, -1, -0.7853981633974483, 1.4142135623730951
1528, 6, 448, 120, 446, 121, 2, -1, -0.4636476090008061, 2.23606797749979
1528, 7, 362, 346, 361, 347, 1, -1, -0.7853981633974483, 1.4142135623730951
1528, 8, 627, 109, 625, 110, 2, -1, -0.4636476090008061, 2.23606797749979
1528, 9, 585, 105, 583, 105, 2, 0, 0.0, 2.0
1528, 10, 628, 336, 626, 336, 2, 0, 0.0, 2.0
1528, 13, 565, 401, 564, 402, 1, -1, -0.7853981633974483, 1.4142135623730951
1528, 18, 446, 406, 445, 407, 1, -1, -0.7853981633974483, 1.4142135623730951
1528, 19, 522, 402, 521, 403, 1, -1, -0.7853981633974483, 1.4142135623730951
1528, 20, 376, 83, 374, 83, 2, 0, 0.0, 2.0
1528, 23, 598, 92, 597, 93, 1, -1, -0.7853981633974483, 1.4142135623730951
1528, 24, 615, 147, 613, 147, 2, 0, 0.0, 2.0
1528, 30, 569, 83, 568, 85, 1, -2, -1.1071487177940904, 2.23606797749979
1528, 31, 369, 125, 368, 126, 1, -1, -0.7853981633974483, 1.4142135623730951
1529, 1, 581, 341, 580, 342, 1, -1, -0.7853981633974483, 1.4142135623730951
1529, 2, 421, 95, 420, 96, 1, -1, -0.7853981633974483, 1.4142135623730951
1529, 4, 303, 377, 302, 378, 1, -1, -0.7853981633974483, 1.4142135623730951
1529, 6, 450, 119, 448, 120, 2, -1, -0.4636476090008061, 2.23606797749979
1529, 8, 629, 108, 627, 109, 2, -1, -0.4636476090008061, 2.23606797749979
1529, 10, 630, 336, 628, 336, 2, 0, 0.0, 2.0
1529, 13, 566, 400, 565, 401, 1, -1, -0.7853981633974483, 1.4142135623730951
1529, 16, 309, 120, 308, 121, 1, -1, -0.7853981633974483, 1.4142135623730951
1529, 19, 524, 401, 522, 402, 2, -1, -0.4636476090008061, 2.23606797749979
1529, 20, 378, 83, 376, 83, 2, 0, 0.0, 2.0
1529, 22, 417, 123, 416, 124, 1, -1, -0.7853981633974483, 1.4142135623730951
1529, 23, 599, 91, 598, 92, 1, -1, -0.7853981633974483, 1.4142135623730951
1529, 24, 617, 147, 615, 147, 2, 0, 0.0, 2.0
1529, 25, 273, 374, 272, 373, 1, 1, 0.7853981633974483, 1.4142135623730951
1529, 26, 530, 107, 528, 108, 2, -1, -0.4636476090008061, 2.23606797749979
1529, 29, 401, 377, 400, 378, 1, -1, -0.7853981633974483, 1.4142135623730951
1530, 0, 628, 141, 626, 141, 2, 0, 0.0, 2.0
1530, 1, 578, 343, 577, 344, 1, -1, -0.7853981633974483, 1.4142135623730951
1530, 2, 421, 97, 420, 98, 1, -1, -0.7853981633974483, 1.4142135623730951
1530, 7, 629, 110, 628, 111, 1, -1, -0.7853981633974483, 1.4142135623730951
1530, 9, 498, 101, 496, 101, 2, 0, 0.0, 2.0
1530, 10, 448, 407, 447, 408, 1, -1, -0.7853981633974483, 1.4142135623730951
1530, 11, 342, 125, 340, 125, 2, 0, 0.0, 2.0
1530, 16, 524, 405, 522, 405, 2, 0, 0.0, 2.0
1530, 18, 352, 403, 351, 404, 1, -1, -0.7853981633974483, 1.4142135623730951
1530, 19, 627, 338, 626, 339, 1, -1, -0.7853981633974483, 1.4142135623730951
1530, 20, 529, 107, 528, 108, 1, -1, -0.7853981633974483, 1.4142135623730951
1530, 23, 601, 96, 600, 97, 1, -1, -0.7853981633974483, 1.4142135623730951
1530, 24, 577, 85, 576, 86, 1, -1, -0.7853981633974483, 1.4142135623730951
1530, 26, 594, 98, 592, 99, 2, -1, -0.4636476090008061, 2.23606797749979
1530, 27, 593, 136, 591, 136, 2, 0, 0.0, 2.0
1530, 28, 417, 125, 416, 126, 1, -1, -0.7853981633974483, 1.4142135623730951
1530, 29, 635, 402, 636, 403, -1, -1, -2.356194490192345, 1.4142135623730951
1531, 1, 580, 342, 578, 343, 2, -1, -0.4636476090008061, 2.23606797749979
1531, 5, 449, 125, 447, 125, 2, 0, 0.0, 2.0
1531, 6, 304, 380, 303, 381, 1, -1, -0.7853981633974483, 1.4142135623730951
1531, 7, 630, 108, 629, 110, 1, -2, -1.1071487177940904, 2.23606797749979
1531, 8, 442, 399, 441, 400, 1, -1, -0.7853981633974483, 1.4142135623730951
1531, 9, 500, 101, 498, 101, 2, 0, 0.0, 2.0
1531, 10, 449, 406, 448, 407, 1, -1, -0.7853981633974483, 1.4142135623730951
1531, 11, 343, 124, 342, 125, 1, -1, -0.7853981633974483, 1.4142135623730951
1531, 12, 558, 394, 557, 395, 1, -1, -0.7853981633974483, 1.4142135623730951
1531, 14, 567, 404, 566, 405, 1, -1, -0.7853981633974483, 1.4142135623730951
1531, 16, 526, 404, 524, 405, 2, -1, -0.4636476090008061, 2.23606797749979
1531, 18, 353, 402, 352, 403, 1, -1, -0.7853981633974483, 1.4142135623730951
1531, 19, 629, 337, 627, 338, 2, -1, -0.4636476090008061, 2.23606797749979
1531, 22, 283, 355, 281, 355, 2, 0, 0.0, 2.0
1531, 24, 578, 83, 577, 85, 1, -2, -1.1071487177940904, 2.23606797749979
1531, 26, 598, 97, 594, 98, 4, -1, -0.24497866312686414, 4.123105625617661
1531, 28, 418, 124, 417, 125, 1, -1, -0.7853981633974483, 1.4142135623730951
1532, 0, 632, 141, 629, 141, 3, 0, 0.0, 3.0
1532, 1, 583, 340, 580, 342, 3, -2, -0.5880026035475675, 3.605551275463989
1532, 3, 586, 106, 584, 106, 2, 0, 0.0, 2.0
1532, 4, 365, 349, 364, 350, 1, -1, -0.7853981633974483, 1.4142135623730951
1532, 5, 450, 124, 449, 125, 1, -1, -0.7853981633974483, 1.4142135623730951
1532, 7, 632, 108, 630, 108, 2, 0, 0.0, 2.0
1532, 8, 443, 398, 442, 399, 1, -1, -0.7853981633974483, 1.4142135623730951
1532, 10, 450, 405, 449, 406, 1, -1, -0.7853981633974483, 1.4142135623730951
1532, 11, 344, 123, 343, 124, 1, -1, -0.7853981633974483, 1.4142135623730951
1532, 12, 560, 393, 558, 394, 2, -1, -0.4636476090008061, 2.23606797749979
1532, 13, 572, 336, 570, 337, 2, -1, -0.4636476090008061, 2.23606797749979
1532, 14, 568, 403, 567, 404, 1, -1, -0.7853981633974483, 1.4142135623730951
1532, 18, 354, 401, 353, 402, 1, -1, -0.7853981633974483, 1.4142135623730951
1532, 19, 630, 336, 629, 337, 1, -1, -0.7853981633974483, 1.4142135623730951
1532, 23, 602, 94, 601, 95, 1, -1, -0.7853981633974483, 1.4142135623730951
1532, 25, 465, 103, 463, 104, 2, -1, -0.4636476090008061, 2.23606797749979
1532, 26, 600, 96, 598, 97, 2, -1, -0.4636476090008061, 2.23606797749979
1532, 27, 596, 136, 594, 136, 2, 0, 0.0, 2.0
1532, 28, 419, 123, 418, 124, 1, -1, -0.7853981633974483, 1.4142135623730951
1533, 0, 635, 141, 632, 141, 3, 0, 0.0, 3.0
1533, 1, 585, 339, 583, 340, 2, -1, -0.4636476090008061, 2.23606797749979
1533, 3, 588, 106, 586, 106, 2, 0, 0.0, 2.0
1533, 7, 633, 107, 632, 108, 1, -1, -0.7853981633974483, 1.4142135623730951
1533, 8, 444, 397, 443, 398, 1, -1, -0.7853981633974483, 1.4142135623730951
1533, 9, 503, 101, 501, 101, 2, 0, 0.0, 2.0
1533, 10, 452, 404, 450, 405, 2, -1, -0.4636476090008061, 2.23606797749979
1533, 11, 345, 122, 344, 123, 1, -1, -0.7853981633974483, 1.4142135623730951
1533, 12, 562, 392, 560, 393, 2, -1, -0.4636476090008061, 2.23606797749979
1533, 13, 575, 335, 572, 336, 3, -1, -0.3217505543966422, 3.1622776601683795
1533, 14, 569, 402, 568, 403, 1, -1, -0.7853981633974483, 1.4142135623730951
1533, 15, 310, 121, 309, 122, 1, -1, -0.7853981633974483, 1.4142135623730951
1533, 16, 528, 403, 527, 404, 1, -1, -0.7853981633974483, 1.4142135623730951
1533, 18, 355, 400, 354, 401, 1, -1, -0.7853981633974483, 1.4142135623730951
1533, 19, 632, 335, 630, 336, 2, -1, -0.4636476090008061, 2.23606797749979
1533, 20, 533, 107, 531, 107, 2, 0, 0.0, 2.0
1533, 23, 603, 93, 602, 94, 1, -1, -0.7853981633974483, 1.4142135623730951
1533, 27, 598, 136, 596, 136, 2, 0, 0.0, 2.0
1534, 1, 588, 338, 585, 339, 3, -1, -0.3217505543966422, 3.1622776601683795
1534, 7, 635, 106, 633, 107, 2, -1, -0.4636476090008061, 2.23606797749979
1534, 8, 446, 396, 444, 397, 2, -1, -0.4636476090008061, 2.23606797749979
1534, 10, 453, 403, 452, 404, 1, -1, -0.7853981633974483, 1.4142135623730951
1534, 11, 346, 121, 345, 122, 1, -1, -0.7853981633974483, 1.4142135623730951
1534, 12, 563, 391, 562, 392, 1, -1, -0.7853981633974483, 1.4142135623730951
1534, 13, 578, 334, 575, 335, 3, -1, -0.3217505543966422, 3.1622776601683795
1534, 14, 571, 401, 569, 402, 2, -1, -0.4636476090008061, 2.23606797749979
1534, 15, 312, 120, 310, 121, 2, -1, -0.4636476090008061, 2.23606797749979
1534, 16, 529, 402, 528, 403, 1, -1, -0.7853981633974483, 1.4142135623730951
1534, 18, 357, 399, 355, 400, 2, -1, -0.4636476090008061, 2.23606797749979
1534, 19, 634, 334, 632, 335, 2, -1, -0.4636476090008061, 2.23606797749979
1534, 20, 535, 107, 533, 107, 2, 0, 0.0, 2.0
1534, 23, 604, 92, 603, 93, 1, -1, -0.7853981633974483, 1.4142135623730951
1534, 25, 468, 103, 466, 103, 2, 0, 0.0, 2.0
1534, 27, 599, 135, 598, 136, 1, -1, -0.7853981633974483, 1.4142135623730951
1534, 28, 422, 122, 420, 123, 2, -1, -0.4636476090008061, 2.23606797749979
1535, 0, 585, 343, 583, 343, 2, 0, 0.0, 2.0
1535, 1, 634, 142, 632, 142, 2, 0, 0.0, 2.0
1535, 2, 425, 97, 424, 98, 1, -1, -0.7853981633974483, 1.4142135623730951
1535, 5, 307, 379, 306, 380, 1, -1, -0.7853981633974483, 1.4142135623730951
1535, 7, 314, 121, 312, 121, 2, 0, 0.0, 2.0
1535, 9, 447, 399, 445, 400, 2, -1, -0.4636476090008061, 2.23606797749979
1535, 10, 572, 404, 570, 405, 2, -1, -0.4636476090008061, 2.23606797749979
1535, 11, 469, 103, 467, 103, 2, 0, 0.0, 2.0
1535, 12, 563, 394, 561, 395, 2, -1, -0.4636476090008061, 2.23606797749979
1535, 13, 453, 407, 451, 408, 2, -1, -0.4636476090008061, 2.23606797749979
1535, 14, 633, 110, 632, 111, 1, -1, -0.7853981633974483, 1.4142135623730951
1535, 16, 346, 123, 345, 124, 1, -1, -0.7853981633974483, 1.4142135623730951
1535, 17, 589, 106, 586, 106, 3, 0, 0.0, 3.0
1535, 18, 285, 353, 284, 354, 1, -1, -0.7853981633974483, 1.4142135623730951
1535, 24, 529, 404, 527, 404, 2, 0, 0.0, 2.0
1535, 27, 634, 333, 632, 334, 2, -1, -0.4636476090008061, 2.23606797749979
1535, 31, 604, 90, 602, 91, 2, -1, -0.4636476090008061, 2.23606797749979
1535, 32, 536, 344, 534, 345, 2, -1, -0.4636476090008061, 2.23606797749979
1536, 0, 586, 342, 585, 343, 1, -1, -0.7853981633974483, 1.4142135623730951
1536, 2, 427, 97, 425, 97, 2, 0, 0.0, 2.0
1536, 3, 454, 124, 453, 125, 1, -1, -0.7853981633974483, 1.4142135623730951
1536, 4, 625, 85, 624, 86, 1, -1, -0.7853981633974483, 1.4142135623730951
1536, 5, 310, 380, 307, 379, 3, 1, 0.3217505543966422, 3.1622776601683795
1536, 7, 316, 120, 314, 121, 2, -1, -0.4636476090008061, 2.23606797749979
1536, 9, 448, 398, 447, 399, 1, -1, -0.7853981633974483, 1.4142135623730951
1536, 10, 574, 403, 572, 404, 2, -1, -0.4636476090008061, 2.23606797749979
1536, 11, 473, 102, 469, 103, 4, -1, -0.24497866312686414, 4.123105625617661
1536, 12, 564, 393, 563, 394, 1, -1, -0.7853981633974483, 1.4142135623730951
1536, 13, 454, 406, 453, 407, 1, -1, -0.7853981633974483, 1.4142135623730951
1536, 16, 347, 122, 346, 123, 1, -1, -0.7853981633974483, 1.4142135623730951
1536, 17, 591, 106, 589, 106, 2, 0, 0.0, 2.0
1536, 24, 533, 404, 529, 404, 4, 0, 0.0, 4.0
1536, 26, 536, 109, 533, 109, 3, 0, 0.0, 3.0
1536, 27, 635, 332, 634, 333, 1, -1, -0.7853981633974483, 1.4142135623730951
1537, 0, 587, 341, 586, 342, 1, -1, -0.7853981633974483, 1.4142135623730951
1537, 2, 428, 96, 427, 97, 1, -1, -0.7853981633974483, 1.4142135623730951
1537, 3, 456, 123, 454, 124, 2, -1, -0.4636476090008061, 2.23606797749979
1537, 5, 311, 379, 310, 380, 1, -1, -0.7853981633974483, 1.4142135623730951
1537, 7, 317, 119, 316, 120, 1, -1, -0.7853981633974483, 1.4142135623730951
1537, 8, 369, 350, 368, 351, 1, -1, -0.7853981633974483, 1.4142135623730951
1537, 12, 566, 393, 564, 393, 2, 0, 0.0, 2.0
1537, 14, 635, 109, 634, 110, 1, -1, -0.7853981633974483, 1.4142135623730951
1537, 16, 349, 121, 347, 122, 2, -1, -0.4636476090008061, 2.23606797749979
1537, 19, 358, 402, 357, 403, 1, -1, -0.7853981633974483, 1.4142135623730951
1537, 20, 600, 136, 598, 137, 2, -1, -0.4636476090008061, 2.23606797749979
1537, 21, 619, 146, 617, 147, 2, -1, -0.4636476090008061, 2.23606797749979
1537, 26, 537, 108, 536, 109, 1, -1, -0.7853981633974483, 1.4142135623730951
1537, 29, 349, 372, 348, 373, 1, -1, -0.7853981633974483, 1.4142135623730951
1537, 31, 607, 89, 605, 90, 2, -1, -0.4636476090008061, 2.23606797749979
1537, 32, 539, 343, 537, 344, 2, -1, -0.4636476090008061, 2.23606797749979
1538, 3, 457, 122, 456, 123, 1, -1, -0.7853981633974483, 1.4142135623730951
1538, 4, 628, 85, 626, 85, 2, 0, 0.0, 2.0
1538, 5, 312, 378, 311, 379, 1, -1, -0.7853981633974483, 1.4142135623730951
1538, 6, 505, 101, 504, 102, 1, -1, -0.7853981633974483, 1.4142135623730951
1538, 7, 318, 118, 317, 119, 1, -1, -0.7853981633974483, 1.4142135623730951
1538, 10, 576, 402, 575, 403, 1, -1, -0.7853981633974483, 1.4142135623730951
1538, 11, 476, 102, 474, 102, 2, 0, 0.0, 2.0
1538, 16, 350, 120, 349, 121, 1, -1, -0.7853981633974483, 1.4142135623730951
1538, 17, 593, 106, 591, 106, 2, 0, 0.0, 2.0
1538, 19, 359, 401, 358, 402, 1, -1, -0.7853981633974483, 1.4142135623730951
1538, 22, 401, 111, 400, 112, 1, -1, -0.7853981633974483, 1.4142135623730951
1538, 23, 379, 128, 378, 129, 1, -1, -0.7853981633974483, 1.4142135623730951
1538, 28, 424, 125, 423, 126, 1, -1, -0.7853981633974483, 1.4142135623730951
1538, 29, 350, 371, 349, 372, 1, -1, -0.7853981633974483, 1.4142135623730951
1538, 30, 608, 88, 607, 89, 1, -1, -0.7853981633974483, 1.4142135623730951
1538, 31, 541, 343, 539, 343, 2, 0, 0.0, 2.0
1539, 0, 589, 340, 588, 341, 1, -1, -0.7853981633974483, 1.4142135623730951
1539, 3, 458, 121, 457, 122, 1, -1, -0.7853981633974483, 1.4142135623730951
1539, 4, 629, 84, 628, 85, 1, -1, -0.7853981633974483, 1.4142135623730951
1539, 5, 313, 377, 312, 378, 1, -1, -0.7853981633974483, 1.4142135623730951
1539, 7, 319, 117, 318, 118, 1, -1, -0.7853981633974483, 1.4142135623730951
1539, 13, 457, 405, 456, 406, 1, -1, -0.7853981633974483, 1.4142135623730951
1539, 17, 595, 105, 593, 106, 2, -1, -0.4636476090008061, 2.23606797749979
1539, 18, 289, 352, 288, 353, 1, -1, -0.7853981633974483, 1.4142135623730951
1539, 19, 360, 400, 359, 401, 1, -1, -0.7853981633974483, 1.4142135623730951
1539, 20, 602, 135, 601, 136, 1, -1, -0.7853981633974483, 1.4142135623730951
1539, 22, 402, 110, 401, 111, 1, -1, -0.7853981633974483, 1.4142135623730951
1539, 23, 380, 127, 379, 128, 1, -1, -0.7853981633974483, 1.4142135623730951
1539, 30, 609, 87, 608, 88, 1, -1, -0.7853981633974483, 1.4142135623730951
1539, 31, 542, 342, 541, 343, 1, -1, -0.7853981633974483, 1.4142135623730951
1540, 0, 635, 142, 638, 142, -3, 0, 3.141592653589793, 3.0
1540, 2, 312, 380, 311, 381, 1, -1, -0.7853981633974483, 1.4142135623730951
1540, 3, 430, 97, 428, 98, 2, -1, -0.4636476090008061, 2.23606797749979
1540, 4, 594, 106, 592, 107, 2, -1, -0.4636476090008061, 2.23606797749979
1540, 5, 458, 124, 457, 125, 1, -1, -0.7853981633974483, 1.4142135623730951
1540, 6, 402, 113, 401, 114, 1, -1, -0.7853981633974483, 1.4142135623730951
1540, 7, 456, 406, 455, 407, 1, -1, -0.7853981633974483, 1.4142135623730951
1540, 9, 428, 127, 427, 128, 1, -1, -0.7853981633974483, 1.4142135623730951
1540, 12, 576, 404, 575, 405, 1, -1, -0.7853981633974483, 1.4142135623730951
1540, 14, 361, 401, 360, 402, 1, -1, -0.7853981633974483, 1.4142135623730951
1540, 17, 291, 354, 289, 355, 2, -1, -0.4636476090008061, 2.23606797749979
1540, 19, 378, 128, 377, 129, 1, -1, -0.7853981633974483, 1.4142135623730951
1540, 21, 607, 89, 606, 90, 1, -1, -0.7853981633974483, 1.4142135623730951
1541, 1, 591, 342, 589, 342, 2, 0, 0.0, 2.0
1541, 2, 313, 379, 312, 380, 1, -1, -0.7853981633974483, 1.4142135623730951
1541, 3, 432, 96, 430, 97, 2, -1, -0.4636476090008061, 2.23606797749979
1541, 4, 596, 105, 594, 106, 2, -1, -0.4636476090008061, 2.23606797749979
1541, 5, 459, 123, 458, 124, 1, -1, -0.7853981633974483, 1.4142135623730951
1541, 10, 508, 103, 506, 103, 2, 0, 0.0, 2.0
1541, 12, 577, 403, 576, 404, 1, -1, -0.7853981633974483, 1.4142135623730951
1541, 13, 349, 122, 348, 123, 1, -1, -0.7853981633974483, 1.4142135623730951
1541, 14, 362, 400, 361, 401, 1, -1, -0.7853981633974483, 1.4142135623730951
1541, 16, 629, 86, 627, 86, 2, 0, 0.0, 2.0
1541, 17, 293, 353, 291, 354, 2, -1, -0.4636476090008061, 2.23606797749979
1541, 18, 311, 371, 310, 372, 1, -1, -0.7853981633974483, 1.4142135623730951
1541, 19, 379, 127, 378, 128, 1, -1, -0.7853981633974483, 1.4142135623730951
1541, 20, 537, 404, 535, 404, 2, 0, 0.0, 2.0
1541, 21, 608, 88, 607, 89, 1, -1, -0.7853981633974483, 1.4142135623730951
1541, 22, 323, 124, 321, 123, 2, 1, 0.4636476090008061, 2.23606797749979
1542, 2, 314, 378, 313, 379, 1, -1, -0.7853981633974483, 1.4142135623730951
1542, 3, 434, 96, 432, 96, 2, 0, 0.0, 2.0
1542, 4, 598, 105, 596, 105, 2, 0, 0.0, 2.0
1542, 6, 404, 112, 403, 113, 1, -1, -0.7853981633974483, 1.4142135623730951
1542, 7, 458, 405, 457, 406, 1, -1, -0.7853981633974483, 1.4142135623730951
1542, 9, 431, 126, 429, 127, 2, -1, -0.4636476090008061, 2.23606797749979
1542, 11, 456, 398, 455, 399, 1, -1, -0.7853981633974483, 1.4142135623730951
1542, 12, 578, 402, 577, 403, 1, -1, -0.7853981633974483, 1.4142135623730951
1542, 16, 631, 86, 629, 86, 2, 0, 0.0, 2.0
1542, 17, 295, 352, 293, 353, 2, -1, -0.4636476090008061, 2.23606797749979
1542, 18, 312, 370, 311, 371, 1, -1, -0.7853981633974483, 1.4142135623730951
1542, 19, 380, 126, 379, 127, 1, -1, -0.7853981633974483, 1.4142135623730951
1542, 21, 609, 87, 608, 88, 1, -1, -0.7853981633974483, 1.4142135623730951
1543, 1, 595, 342, 592, 342, 3, 0, 0.0, 3.0
1543, 2, 315, 377, 314, 378, 1, -1, -0.7853981633974483, 1.4142135623730951
1543, 3, 436, 95, 434, 96, 2, -1, -0.4636476090008061, 2.23606797749979
1543, 4, 600, 104, 598, 105, 2, -1, -0.4636476090008061, 2.23606797749979
1543, 6, 405, 111, 404, 112, 1, -1, -0.7853981633974483, 1.4142135623730951
1543, 8, 374, 349, 373, 350, 1, -1, -0.7853981633974483, 1.4142135623730951
1543, 9, 433, 125, 431, 126, 2, -1, -0.4636476090008061, 2.23606797749979
1543, 15, 570, 396, 569, 397, 1, -1, -0.7853981633974483, 1.4142135623730951
1543, 16, 633, 86, 631, 86, 2, 0, 0.0, 2.0
1543, 18, 313, 369, 312, 370, 1, -1, -0.7853981633974483, 1.4142135623730951
1543, 20, 539, 403, 538, 404, 1, -1, -0.7853981633974483, 1.4142135623730951
1543, 21, 611, 87, 609, 87, 2, 0, 0.0, 2.0
1544, 1, 597, 342, 595, 342, 2, 0, 0.0, 2.0
1544, 2, 316, 376, 315, 377, 1, -1, -0.7853981633974483, 1.4142135623730951
1544, 3, 437, 94, 436, 95, 1, -1, -0.7853981633974483, 1.4142135623730951
1544, 4, 602, 103, 600, 104, 2, -1, -0.4636476090008061, 2.23606797749979
1544, 6, 406, 110, 405, 111, 1, -1, -0.7853981633974483, 1.4142135623730951
1544, 7, 460, 404, 459, 405, 1, -1, -0.7853981633974483, 1.4142135623730951
1544, 8, 375, 348, 374, 349, 1, -1, -0.7853981633974483, 1.4142135623730951
1544, 9, 434, 124, 433, 125, 1, -1, -0.7853981633974483, 1.4142135623730951
1544, 11, 458, 397, 457, 398, 1, -1, -0.7853981633974483, 1.4142135623730951
1544, 12, 580, 401, 579, 402, 1, -1, -0.7853981633974483, 1.4142135623730951
1544, 15, 572, 396, 570, 396, 2, 0, 0.0, 2.0
1544, 16, 635, 85, 633, 86, 2, -1, -0.4636476090008061, 2.23606797749979
1544, 17, 297, 351, 296, 352, 1, -1, -0.7853981633974483, 1.4142135623730951
1544, 18, 315, 369, 313, 369, 2, 0, 0.0, 2.0
1544, 19, 381, 124, 380, 125, 1, -1, -0.7853981633974483, 1.4142135623730951
1544, 20, 540, 402, 539, 403, 1, -1, -0.7853981633974483, 1.4142135623730951
1544, 21, 613, 87, 611, 87, 2, 0, 0.0, 2.0
1544, 22, 324, 122, 323, 123, 1, -1, -0.7853981633974483, 1.4142135623730951
1545, 1, 316, 379, 315, 380, 1, -1, -0.7853981633974483, 1.4142135623730951
1545, 2, 435, 96, 433, 97, 2, -1, -0.4636476090008061, 2.23606797749979
1545, 3, 461, 125, 460, 126, 1, -1, -0.7853981633974483, 1.4142135623730951
1545, 5, 461, 406, 460, 407, 1, -1, -0.7853981633974483, 1.4142135623730951
1545, 6, 614, 92, 612, 92, 2, 0, 0.0, 2.0
1545, 11, 295, 354, 294, 355, 1, -1, -0.7853981633974483, 1.4142135623730951
1545, 13, 571, 396, 570, 397, 1, -1, -0.7853981633974483, 1.4142135623730951
1545, 14, 539, 403, 538, 404, 1, -1, -0.7853981633974483, 1.4142135623730951
1545, 16, 632, 85, 630, 85, 2, 0, 0.0, 2.0
1545, 17, 381, 128, 380, 129, 1, -1, -0.7853981633974483, 1.4142135623730951
1545, 20, 431, 126, 430, 127, 1, -1, -0.7853981633974483, 1.4142135623730951
1545, 21, 451, 397, 449, 397, 2, 0, 0.0, 2.0
1545, 23, 608, 137, 606, 137, 2, 0, 0.0, 2.0
1545, 24, 354, 374, 353, 375, 1, -1, -0.7853981633974483, 1.4142135623730951
1545, 25, 430, 354, 428, 354, 2, 0, 0.0, 2.0
1545, 27, 573, 132, 571, 133, 2, -1, -0.4636476090008061, 2.23606797749979
1545, 28, 560, 83, 559, 84, 1, -1, -0.7853981633974483, 1.4142135623730951
1545, 29, 553, 82, 552, 83, 1, -1, -0.7853981633974483, 1.4142135623730951
1545, 30, 564, 392, 563, 393, 1, -1, -0.7853981633974483, 1.4142135623730951
1545, 32, 555, 362, 553, 362, 2, 0, 0.0, 2.0
1546, 0, 595, 341, 594, 342, 1, -1, -0.7853981633974483, 1.4142135623730951
1546, 1, 318, 378, 316, 379, 2, -1, -0.4636476090008061, 2.23606797749979
1546, 2, 436, 95, 435, 96, 1, -1, -0.7853981633974483, 1.4142135623730951
1546, 6, 616, 92, 614, 92, 2, 0, 0.0, 2.0
1546, 8, 354, 124, 353, 125, 1, -1, -0.7853981633974483, 1.4142135623730951
1546, 12, 600, 106, 598, 106, 2, 0, 0.0, 2.0
1546, 14, 540, 402, 539, 403, 1, -1, -0.7853981633974483, 1.4142135623730951
1546, 15, 483, 373, 482, 374, 1, -1, -0.7853981633974483, 1.4142135623730951
1546, 16, 634, 84, 632, 85, 2, -1, -0.4636476090008061, 2.23606797749979
1546, 17, 382, 127, 381, 128, 1, -1, -0.7853981633974483, 1.4142135623730951
1546, 20, 432, 125, 431, 126, 1, -1, -0.7853981633974483, 1.4142135623730951
1546, 21, 454, 396, 451, 397, 3, -1, -0.3217505543966422, 3.1622776601683795
1546, 25, 431, 353, 430, 354, 1, -1, -0.7853981633974483, 1.4142135623730951
1546, 27, 575, 132, 573, 132, 2, 0, 0.0, 2.0
1546, 29, 555, 82, 553, 82, 2, 0, 0.0, 2.0
1546, 30, 567, 390, 564, 392, 3, -2, -0.5880026035475675, 3.605551275463989
1546, 32, 556, 363, 555, 362, 1, 1, 0.7853981633974483, 1.4142135623730951
1547, 0, 597, 340, 595, 341, 2, -1, -0.4636476090008061, 2.23606797749979
1547, 1, 319, 377, 318, 378, 1, -1, -0.7853981633974483, 1.4142135623730951
1547, 2, 437, 94, 436, 95, 1, -1, -0.7853981633974483, 1.4142135623730951
1547, 3, 464, 125, 462, 125, 2, 0, 0.0, 2.0
1547, 4, 377, 351, 376, 352, 1, -1, -0.7853981633974483, 1.4142135623730951
1547, 6, 618, 92, 616, 92, 2, 0, 0.0, 2.0
1547, 11, 297, 353, 296, 354, 1, -1, -0.7853981633974483, 1.4142135623730951
1547, 13, 573, 395, 572, 396, 1, -1, -0.7853981633974483, 1.4142135623730951
1547, 14, 541, 401, 540, 402, 1, -1, -0.7853981633974483, 1.4142135623730951
1547, 18, 410, 112, 408, 112, 2, 0, 0.0, 2.0
1547, 20, 433, 124, 432, 125, 1, -1, -0.7853981633974483, 1.4142135623730951
1547, 21, 457, 395, 454, 396, 3, -1, -0.3217505543966422, 3.1622776601683795
1547, 22, 540, 136, 539, 137, 1, -1, -0.7853981633974483, 1.4142135623730951
1547, 23, 611, 137, 609, 137, 2, 0, 0.0, 2.0
1547, 25, 432, 352, 431, 353, 1, -1, -0.7853981633974483, 1.4142135623730951
1547, 29, 556, 81, 555, 82, 1, -1, -0.7853981633974483, 1.4142135623730951
1547, 30, 571, 389, 567, 390, 4, -1, -0.24497866312686414, 4.123105625617661
1547, 31, 461, 398, 460, 399, 1, -1, -0.7853981633974483, 1.4142135623730951
1548, 0, 599, 339, 597, 340, 2, -1, -0.4636476090008061, 2.23606797749979
1548, 2, 439, 94, 437, 94, 2, 0, 0.0, 2.0
1548, 3, 465, 124, 464, 125, 1, -1, -0.7853981633974483, 1.4142135623730951
1548, 6, 620, 92, 618, 92, 2, 0, 0.0, 2.0
1548, 8, 356, 123, 355, 124, 1, -1, -0.7853981633974483, 1.4142135623730951
1548, 10, 515, 102, 513, 103, 2, -1, -0.4636476090008061, 2.23606797749979
1548, 11, 298, 352, 297, 353, 1, -1, -0.7853981633974483, 1.4142135623730951
1548, 13, 574, 394, 573, 395, 1, -1, -0.7853981633974483, 1.4142135623730951
1548, 14, 542, 400, 541, 401, 1, -1, -0.7853981633974483, 1.4142135623730951
1548, 15, 485, 372, 484, 373, 1, -1, -0.7853981633974483, 1.4142135623730951
1548, 17, 384, 126, 383, 127, 1, -1, -0.7853981633974483, 1.4142135623730951
1548, 19, 368, 403, 366, 403, 2, 0, 0.0, 2.0
1548, 20, 434, 123, 433, 124, 1, -1, -0.7853981633974483, 1.4142135623730951
1548, 21, 460, 394, 457, 395, 3, -1, -0.3217505543966422, 3.1622776601683795
1548, 25, 433, 351, 432, 352, 1, -1, -0.7853981633974483, 1.4142135623730951
1548, 30, 573, 387, 571, 389, 2, -2, -0.7853981633974483, 2.8284271247461903
1549, 0, 601, 338, 599, 339, 2, -1, -0.4636476090008061, 2.23606797749979
1549, 3, 467, 123, 465, 124, 2, -1, -0.4636476090008061, 2.23606797749979
1549, 4, 379, 350, 378, 351, 1, -1, -0.7853981633974483, 1.4142135623730951
1549, 5, 466, 405, 464, 406, 2, -1, -0.4636476090008061, 2.23606797749979
1549, 6, 622, 92, 620, 92, 2, 0, 0.0, 2.0
1549, 10, 517, 101, 515, 102, 2, -1, -0.4636476090008061, 2.23606797749979
1549, 12, 604, 106, 602, 106, 2, 0, 0.0, 2.0
1549, 13, 576, 393, 574, 394, 2, -1, -0.4636476090008061, 2.23606797749979
1549, 14, 543, 399, 542, 400, 1, -1, -0.7853981633974483, 1.4142135623730951
1549, 15, 487, 371, 485, 372, 2, -1, -0.4636476090008061, 2.23606797749979
1549, 20, 435, 122, 434, 123, 1, -1, -0.7853981633974483, 1.4142135623730951
1549, 21, 462, 393, 460, 394, 2, -1, -0.4636476090008061, 2.23606797749979
1549, 25, 434, 350, 433, 351, 1, -1, -0.7853981633974483, 1.4142135623730951
1549, 29, 577, 386, 573, 387, 4, -1, -0.24497866312686414, 4.123105625617661
1550, 0, 601, 341, 598, 342, 3, -1, -0.3217505543966422, 3.1622776601683795
1550, 1, 321, 379, 320, 380, 1, -1, -0.7853981633974483, 1.4142135623730951
1550, 3, 468, 124, 466, 125, 2, -1, -0.4636476090008061, 2.23606797749979
1550, 4, 325, 120, 324, 121, 1, -1, -0.7853981633974483, 1.4142135623730951
1550, 6, 380, 350, 379, 351, 1, -1, -0.7853981633974483, 1.4142135623730951
1550, 7, 301, 356, 299, 356, 2, 0, 0.0, 2.0
1550, 8, 586, 404, 584, 404, 2, 0, 0.0, 2.0
1550, 9, 605, 107, 602, 107, 3, 0, 0.0, 3.0
1550, 11, 464, 407, 462, 407, 2, 0, 0.0, 2.0
1550, 13, 635, 84, 638, 85, -3, -1, -2.819842099193151, 3.1622776601683795
1550, 15, 460, 395, 457, 396, 3, -1, -0.3217505543966422, 3.1622776601683795
1550, 19, 435, 125, 434, 126, 1, -1, -0.7853981633974483, 1.4142135623730951
1550, 20, 323, 128, 322, 129, 1, -1, -0.7853981633974483, 1.4142135623730951
1550, 21, 464, 399, 463, 400, 1, -1, -0.7853981633974483, 1.4142135623730951
1550, 26, 486, 371, 484, 372, 2, -1, -0.4636476090008061, 2.23606797749979
1551, 0, 603, 340, 601, 341, 2, -1, -0.4636476090008061, 2.23606797749979
1551, 3, 470, 123, 468, 124, 2, -1, -0.4636476090008061, 2.23606797749979
1551, 6, 381, 349, 380, 350, 1, -1, -0.7853981633974483, 1.4142135623730951
1551, 8, 588, 404, 586, 404, 2, 0, 0.0, 2.0
1551, 9, 607, 107, 605, 107, 2, 0, 0.0, 2.0
1551, 14, 619, 94, 618, 95, 1, -1, -0.7853981633974483, 1.4142135623730951
1551, 15, 463, 394, 460, 395, 3, -1, -0.3217505543966422, 3.1622776601683795
1551, 17, 518, 103, 516, 103, 2, 0, 0.0, 2.0
1551, 20, 324, 127, 323, 128, 1, -1, -0.7853981633974483, 1.4142135623730951
1551, 24, 578, 133, 577, 134, 1, -1, -0.7853981633974483, 1.4142135623730951
1551, 26, 488, 370, 486, 371, 2, -1, -0.4636476090008061, 2.23606797749979
1551, 29, 576, 339, 574, 339, 2, 0, 0.0, 2.0
1551, 31, 544, 137, 542, 138, 2, -1, -0.4636476090008061, 2.23606797749979
1551, 32, 434, 352, 433, 353, 1, -1, -0.7853981633974483, 1.4142135623730951
1551, 33, 288, 374, 286, 374, 2, 0, 0.0, 2.0
1552, 0, 604, 339, 603, 340, 1, -1, -0.7853981633974483, 1.4142135623730951
1552, 3, 472, 122, 470, 123, 2, -1, -0.4636476090008061, 2.23606797749979
1552, 8, 590, 404, 588, 404, 2, 0, 0.0, 2.0
1552, 9, 609, 106, 607, 107, 2, -1, -0.4636476090008061, 2.23606797749979
1552, 15, 464, 393, 463, 394, 1, -1, -0.7853981633974483, 1.4142135623730951
1552, 17, 520, 103, 518, 103, 2, 0, 0.0, 2.0
1552, 18, 361, 370, 360, 371, 1, -1, -0.7853981633974483, 1.4142135623730951
1552, 20, 325, 126, 324, 127, 1, -1, -0.7853981633974483, 1.4142135623730951
1552, 24, 579, 132, 578, 133, 1, -1, -0.7853981633974483, 1.4142135623730951
1552, 25, 358, 132, 356, 132, 2, 0, 0.0, 2.0
1552, 26, 490, 369, 488, 370, 2, -1, -0.4636476090008061, 2.23606797749979
1552, 28, 547, 405, 545, 405, 2, 0, 0.0, 2.0
1552, 29, 578, 339, 576, 339, 2, 0, 0.0, 2.0
1552, 31, 546, 137, 544, 137, 2, 0, 0.0, 2.0
1552, 32, 435, 351, 434, 352, 1, -1, -0.7853981633974483, 1.4142135623730951
1553, 0, 605, 338, 604, 339, 1, -1, -0.7853981633974483, 1.4142135623730951
1553, 1, 324, 378, 323, 379, 1, -1, -0.7853981633974483, 1.4142135623730951
1553, 2, 439, 97, 438, 98, 1, -1, -0.7853981633974483, 1.4142135623730951
1553, 3, 473, 121, 472, 122, 1, -1, -0.7853981633974483, 1.4142135623730951
1553, 4, 328, 117, 326, 120, 2, -3, -0.982793723247329, 3.605551275463989
1553, 5, 360, 123, 358, 125, 2, -2, -0.7853981633974483, 2.8284271247461903
1553, 8, 592, 404, 590, 404, 2, 0, 0.0, 2.0
1553, 10, 579, 396, 578, 397, 1, -1, -0.7853981633974483, 1.4142135623730951
1553, 15, 466, 393, 464, 393, 2, 0, 0.0, 2.0
1553, 16, 373, 402, 371, 404, 2, -2, -0.7853981633974483, 2.8284271247461903
1553, 17, 522, 103, 520, 103, 2, 0, 0.0, 2.0
1553, 19, 439, 124, 437, 125, 2, -1, -0.4636476090008061, 2.23606797749979
1553, 20, 327, 124, 325, 126, 2, -2, -0.7853981633974483, 2.8284271247461903
1553, 23, 422, 375, 421, 376, 1, -1, -0.7853981633974483, 1.4142135623730951
1553, 24, 581, 132, 579, 132, 2, 0, 0.0, 2.0
1553, 26, 492, 368, 490, 369, 2, -1, -0.4636476090008061, 2.23606797749979
1553, 27, 401, 113, 400, 114, 1, -1, -0.7853981633974483, 1.4142135623730951
1553, 29, 575, 338, 578, 339, -3, -1, -2.819842099193151, 3.1622776601683795
1553, 31, 548, 136, 546, 137, 2, -1, -0.4636476090008061, 2.23606797749979
1553, 32, 436, 350, 435, 351, 1, -1, -0.7853981633974483, 1.4142135623730951
1553, 33, 291, 375, 289, 374, 2, 1, 0.4636476090008061, 2.23606797749979
1554, 0, 606, 337, 605, 338, 1, -1, -0.7853981633974483, 1.4142135623730951
1554, 1, 326, 377, 324, 378, 2, -1, -0.4636476090008061, 2.23606797749979
1554, 3, 475, 120, 473, 121, 2, -1, -0.4636476090008061, 2.23606797749979
1554, 8, 593, 403, 592, 404, 1, -1, -0.7853981633974483, 1.4142135623730951
1554, 10, 580, 395, 579, 396, 1, -1, -0.7853981633974483, 1.4142135623730951
1554, 12, 389, 127, 388, 128, 1, -1, -0.7853981633974483, 1.4142135623730951
1554, 17, 524, 103, 522, 103, 2, 0, 0.0, 2.0
1554, 18, 363, 369, 362, 370, 1, -1, -0.7853981633974483, 1.4142135623730951
1554, 24, 583, 132, 581, 132, 2, 0, 0.0, 2.0
1554, 25, 360, 132, 358, 132, 2, 0, 0.0, 2.0
1554, 26, 493, 367, 492, 368, 1, -1, -0.7853981633974483, 1.4142135623730951
1554, 28, 550, 405, 548, 405, 2, 0, 0.0, 2.0
1554, 29, 573, 339, 575, 338, -2, 1, 2.677945044588987, 2.23606797749979
1554, 30, 296, 381, 295, 380, 1, 1, 0.7853981633974483, 1.4142135623730951
1554, 31, 550, 136, 548, 136, 2, 0, 0.0, 2.0
1554, 33, 293, 375, 291, 375, 2, 0, 0.0, 2.0
1555, 0, 605, 340, 604, 341, 1, -1, -0.7853981633974483, 1.4142135623730951
1555, 2, 325, 378, 324, 379, 1, -1, -0.7853981633974483, 1.4142135623730951
1555, 4, 384, 349, 383, 350, 1, -1, -0.7853981633974483, 1.4142135623730951
1555, 6, 359, 131, 358, 132, 1, -1, -0.7853981633974483, 1.4142135623730951
1555, 9, 591, 404, 590, 405, 1, -1, -0.7853981633974483, 1.4142135623730951
1555, 10, 464, 400, 463, 401, 1, -1, -0.7853981633974483, 1.4142135623730951
1555, 11, 581, 396, 580, 397, 1, -1, -0.7853981633974483, 1.4142135623730951
1555, 13, 522, 103, 520, 104, 2, -1, -0.4636476090008061, 2.23606797749979
1555, 16, 549, 403, 548, 404, 1, -1, -0.7853981633974483, 1.4142135623730951
1555, 19, 624, 95, 622, 95, 2, 0, 0.0, 2.0
1555, 20, 414, 118, 413, 119, 1, -1, -0.7853981633974483, 1.4142135623730951
1555, 25, 530, 83, 528, 83, 2, 0, 0.0, 2.0
1555, 26, 583, 134, 581, 134, 2, 0, 0.0, 2.0
1555, 27, 521, 132, 519, 132, 2, 0, 0.0, 2.0
1556, 0, 607, 339, 605, 340, 2, -1, -0.4636476090008061, 2.23606797749979
1556, 1, 612, 107, 610, 108, 2, -1, -0.4636476090008061, 2.23606797749979
1556, 4, 385, 348, 384, 349, 1, -1, -0.7853981633974483, 1.4142135623730951
1556, 6, 360, 130, 359, 131, 1, -1, -0.7853981633974483, 1.4142135623730951
1556, 7, 473, 125, 471, 125, 2, 0, 0.0, 2.0
1556, 9, 592, 403, 591, 404, 1, -1, -0.7853981633974483, 1.4142135623730951
1556, 11, 582, 395, 581, 396, 1, -1, -0.7853981633974483, 1.4142135623730951
1556, 12, 329, 125, 328, 126, 1, -1, -0.7853981633974483, 1.4142135623730951
1556, 13, 524, 103, 522, 103, 2, 0, 0.0, 2.0
1556, 14, 307, 356, 305, 356, 2, 0, 0.0, 2.0
1556, 15, 470, 406, 469, 407, 1, -1, -0.7853981633974483, 1.4142135623730951
1556, 16, 551, 402, 549, 403, 2, -1, -0.4636476090008061, 2.23606797749979
1556, 18, 391, 127, 390, 128, 1, -1, -0.7853981633974483, 1.4142135623730951
1556, 19, 626, 95, 624, 95, 2, 0, 0.0, 2.0
1556, 25, 532, 83, 530, 83, 2, 0, 0.0, 2.0
1556, 26, 585, 134, 583, 134, 2, 0, 0.0, 2.0
1557, 1, 614, 106, 612, 107, 2, -1, -0.4636476090008061, 2.23606797749979
1557, 2, 327, 377, 326, 378, 1, -1, -0.7853981633974483, 1.4142135623730951
1557, 3, 444, 98, 442, 98, 2, 0, 0.0, 2.0
1557, 4, 386, 347, 385, 348, 1, -1, -0.7853981633974483, 1.4142135623730951
1557, 5, 365, 370, 364, 371, 1, -1, -0.7853981633974483, 1.4142135623730951
1557, 6, 361, 129, 360, 130, 1, -1, -0.7853981633974483, 1.4142135623730951
1557, 9, 593, 402, 592, 403, 1, -1, -0.7853981633974483, 1.4142135623730951
1557, 12, 330, 124, 329, 125, 1, -1, -0.7853981633974483, 1.4142135623730951
1557, 13, 525, 102, 524, 103, 1, -1, -0.7853981633974483, 1.4142135623730951
1557, 16, 553, 402, 551, 402, 2, 0, 0.0, 2.0
1557, 18, 393, 127, 391, 127, 2, 0, 0.0, 2.0
1557, 21, 294, 385, 293, 384, 1, 1, 0.7853981633974483, 1.4142135623730951
1557, 23, 424, 379, 422, 379, 2, 0, 0.0, 2.0
1557, 24, 439, 352, 438, 353, 1, -1, -0.7853981633974483, 1.4142135623730951
1557, 25, 535, 81, 532, 83, 3, -2, -0.5880026035475675, 3.605551275463989
1557, 26, 587, 133, 585, 134, 2, -1, -0.4636476090008061, 2.23606797749979
1558, 0, 610, 339, 608, 339, 2, 0, 0.0, 2.0
1558, 1, 616, 105, 614, 106, 2, -1, -0.4636476090008061, 2.23606797749979
1558, 3, 447, 97, 444, 98, 3, -1, -0.3217505543966422, 3.1622776601683795
1558, 4, 387, 346, 386, 347, 1, -1, -0.7853981633974483, 1.4142135623730951
1558, 7, 476, 124, 474, 125, 2, -1, -0.4636476090008061, 2.23606797749979
1558, 8, 364, 123, 363, 124, 1, -1, -0.7853981633974483, 1.4142135623730951
1558, 9, 594, 401, 593, 402, 1, -1, -0.7853981633974483, 1.4142135623730951
1558, 10, 467, 399, 466, 400, 1, -1, -0.7853981633974483, 1.4142135623730951
1558, 13, 527, 102, 525, 102, 2, 0, 0.0, 2.0
1558, 14, 311, 356, 308, 356, 3, 0, 0.0, 3.0
1558, 16, 555, 401, 553, 402, 2, -1, -0.4636476090008061, 2.23606797749979
1558, 18, 396, 126, 393, 127, 3, -1, -0.3217505543966422, 3.1622776601683795
1558, 19, 628, 94, 627, 95, 1, -1, -0.7853981633974483, 1.4142135623730951
1558, 20, 421, 119, 416, 118, 5, 1, 0.19739555984988075, 5.0990195135927845
1558, 21, 296, 385, 294, 385, 2, 0, 0.0, 2.0
1558, 24, 440, 351, 439, 352, 1, -1, -0.7853981633974483, 1.4142135623730951
1558, 25, 538, 81, 535, 81, 3, 0, 0.0, 3.0
1558, 26, 591, 132, 587, 133, 4, -1, -0.24497866312686414, 4.123105625617661
1559, 0, 613, 339, 610, 339, 3, 0, 0.0, 3.0
1559, 1, 617, 104, 616, 105, 1, -1, -0.7853981633974483, 1.4142135623730951
1559, 4, 388, 345, 387, 346, 1, -1, -0.7853981633974483, 1.4142135623730951
1559, 5, 367, 369, 366, 370, 1, -1, -0.7853981633974483, 1.4142135623730951
1559, 7, 477, 125, 476, 124, 1, 1, 0.7853981633974483, 1.4142135623730951
1559, 15, 472, 404, 471, 405, 1, -1, -0.7853981633974483, 1.4142135623730951
1559, 16, 556, 400, 555, 401, 1, -1, -0.7853981633974483, 1.4142135623730951
1559, 19, 629, 93, 628, 94, 1, -1, -0.7853981633974483, 1.4142135623730951
1559, 21, 298, 385, 296, 385, 2, 0, 0.0, 2.0
1559, 23, 425, 378, 424, 379, 1, -1, -0.7853981633974483, 1.4142135623730951
1559, 25, 540, 81, 538, 81, 2, 0, 0.0, 2.0
1559, 26, 593, 132, 591, 132, 2, 0, 0.0, 2.0
1560, 0, 613, 341, 610, 341, 3, 0, 0.0, 3.0
1560, 4, 478, 125, 475, 126, 3, -1, -0.3217505543966422, 3.1622776601683795
1560, 5, 389, 350, 387, 350, 2, 0, 0.0, 2.0
1560, 6, 528, 103, 525, 104, 3, -1, -0.3217505543966422, 3.1622776601683795
1560, 11, 333, 371, 332, 372, 1, -1, -0.7853981633974483, 1.4142135623730951
1560, 15, 604, 87, 602, 88, 2, -1, -0.4636476090008061, 2.23606797749979
1560, 16, 554, 403, 553, 404, 1, -1, -0.7853981633974483, 1.4142135623730951
1560, 18, 494, 104, 493, 105, 1, -1, -0.7853981633974483, 1.4142135623730951
1560, 19, 559, 109, 558, 110, 1, -1, -0.7853981633974483, 1.4142135623730951
1560, 24, 587, 335, 588, 334, -1, 1, 2.356194490192345, 1.4142135623730951
1560, 25, 407, 85, 405, 86, 2, -1, -0.4636476090008061, 2.23606797749979
1560, 26, 598, 337, 597, 336, 1, 1, 0.7853981633974483, 1.4142135623730951
1560, 28, 410, 117, 408, 117, 2, 0, 0.0, 2.0
1560, 29, 539, 381, 537, 382, 2, -1, -0.4636476090008061, 2.23606797749979
1560, 30, 577, 399, 575, 399, 2, 0, 0.0, 2.0
1560, 32, 526, 133, 524, 133, 2, 0, 0.0, 2.0
1560, 34, 367, 367, 366, 368, 1, -1, -0.7853981633974483, 1.4142135623730951
1560, 36, 622, 96, 620, 97, 2, -1, -0.4636476090008061, 2.23606797749979
1560, 37, 630, 144, 628, 145, 2, -1, -0.4636476090008061, 2.23606797749979
1560, 38, 425, 378, 424, 379, 1, -1, -0.7853981633974483, 1.4142135623730951
1560, 39, 497, 377, 496, 378, 1, -1, -0.7853981633974483, 1.4142135623730951
1560, 40, 353, 354, 351, 354, 2, 0, 0.0, 2.0
1560, 42, 627, 92, 626, 93, 1, -1, -0.7853981633974483, 1.4142135623730951
1561, 2, 331, 378, 330, 379, 1, -1, -0.7853981633974483, 1.4142135623730951
1561, 5, 390, 349, 389, 350, 1, -1, -0.7853981633974483, 1.4142135623730951
1561, 6, 530, 103, 528, 103, 2, 0, 0.0, 2.0
1561, 7, 469, 399, 468, 400, 1, -1, -0.7853981633974483, 1.4142135623730951
1561, 8, 366, 125, 365, 126, 1, -1, -0.7853981633974483, 1.4142135623730951
1561, 9, 586, 394, 585, 395, 1, -1, -0.7853981633974483, 1.4142135623730951
1561, 10, 597, 404, 595, 405, 2, -1, -0.4636476090008061, 2.23606797749979
1561, 11, 334, 370, 333, 371, 1, -1, -0.7853981633974483, 1.4142135623730951
1561, 13, 475, 406, 474, 407, 1, -1, -0.7853981633974483, 1.4142135623730951
1561, 15, 605, 86, 604, 87, 1, -1, -0.7853981633974483, 1.4142135623730951
1561, 16, 555, 402, 554, 403, 1, -1, -0.7853981633974483, 1.4142135623730951
1561, 19, 561, 109, 559, 109, 2, 0, 0.0, 2.0
1561, 22, 447, 125, 445, 126, 2, -1, -0.4636476090008061, 2.23606797749979
1561, 24, 585, 335, 587, 335, -2, 0, 3.141592653589793, 2.0
1561, 25, 408, 84, 407, 85, 1, -1, -0.7853981633974483, 1.4142135623730951
1561, 30, 581, 399, 577, 399, 4, 0, 0.0, 4.0
1561, 33, 335, 128, 334, 129, 1, -1, -0.7853981633974483, 1.4142135623730951
1561, 36, 624, 95, 622, 96, 2, -1, -0.4636476090008061, 2.23606797749979
1561, 37, 634, 144, 630, 144, 4, 0, 0.0, 4.0
1561, 38, 426, 377, 425, 378, 1, -1, -0.7853981633974483, 1.4142135623730951
1561, 39, 498, 376, 497, 377, 1, -1, -0.7853981633974483, 1.4142135623730951
1561, 40, 355, 354, 353, 354, 2, 0, 0.0, 2.0
1561, 41, 356, 126, 355, 127, 1, -1, -0.7853981633974483, 1.4142135623730951
1561, 42, 628, 91, 627, 92, 1, -1, -0.7853981633974483, 1.4142135623730951
1561, 43, 529, 349, 528, 350, 1, -1, -0.7853981633974483, 1.4142135623730951
1562, 0, 615, 340, 614, 341, 1, -1, -0.7853981633974483, 1.4142135623730951
1562, 2, 332, 377, 331, 378, 1, -1, -0.7853981633974483, 1.4142135623730951
1562, 3, 616, 108, 614, 108, 2, 0, 0.0, 2.0
1562, 5, 391, 348, 390, 349, 1, -1, -0.7853981633974483, 1.4142135623730951
1562, 7, 470, 398, 469, 399, 1, -1, -0.7853981633974483, 1.4142135623730951
1562, 9, 587, 393, 586, 394, 1, -1, -0.7853981633974483, 1.4142135623730951
1562, 10, 599, 403, 597, 404, 2, -1, -0.4636476090008061, 2.23606797749979
1562, 11, 335, 369, 334, 370, 1, -1, -0.7853981633974483, 1.4142135623730951
1562, 12, 336, 122, 334, 122, 2, 0, 0.0, 2.0
1562, 13, 477, 405, 475, 406, 2, -1, -0.4636476090008061, 2.23606797749979
1562, 15, 556, 401, 555, 402, 1, -1, -0.7853981633974483, 1.4142135623730951
1562, 16, 556, 137, 555, 138, 1, -1, -0.7853981633974483, 1.4142135623730951
1562, 17, 497, 104, 495, 104, 2, 0, 0.0, 2.0
1562, 18, 563, 109, 561, 109, 2, 0, 0.0, 2.0
1562, 19, 370, 375, 366, 375, 4, 0, 0.0, 4.0
1562, 21, 451, 124, 447, 125, 4, -1, -0.24497866312686414, 4.123105625617661
1562, 23, 582, 335, 585, 335, -3, 0, 3.141592653589793, 3.0
1562, 24, 409, 83, 408, 84, 1, -1, -0.7853981633974483, 1.4142135623730951
1562, 26, 298, 384, 297, 385, 1, -1, -0.7853981633974483, 1.4142135623730951
1562, 28, 542, 381, 540, 381, 2, 0, 0.0, 2.0
1562, 29, 583, 399, 581, 399, 2, 0, 0.0, 2.0
1562, 30, 551, 395, 550, 396, 1, -1, -0.7853981633974483, 1.4142135623730951
1562, 33, 368, 365, 367, 367, 1, -2, -1.1071487177940904, 2.23606797749979
1562, 34, 625, 139, 623, 139, 2, 0, 0.0, 2.0
1562, 35, 625, 94, 624, 95, 1, -1, -0.7853981633974483, 1.4142135623730951
1562, 37, 427, 376, 426, 377, 1, -1, -0.7853981633974483, 1.4142135623730951
1562, 40, 358, 125, 356, 126, 2, -1, -0.4636476090008061, 2.23606797749979
1562, 41, 630, 89, 628, 91, 2, -2, -0.7853981633974483, 2.8284271247461903
1563, 0, 616, 339, 615, 340, 1, -1, -0.7853981633974483, 1.4142135623730951
1563, 2, 333, 376, 332, 377, 1, -1, -0.7853981633974483, 1.4142135623730951
1563, 3, 618, 108, 616, 108, 2, 0, 0.0, 2.0
1563, 4, 482, 125, 480, 125, 2, 0, 0.0, 2.0
1563, 7, 471, 397, 470, 398, 1, -1, -0.7853981633974483, 1.4142135623730951
1563, 9, 589, 392, 587, 393, 2, -1, -0.4636476090008061, 2.23606797749979
1563, 10, 601, 402, 599, 403, 2, -1, -0.4636476090008061, 2.23606797749979
1563, 11, 336, 368, 335, 369, 1, -1, -0.7853981633974483, 1.4142135623730951
1563, 13, 479, 404, 477, 405, 2, -1, -0.4636476090008061, 2.23606797749979
1563, 18, 564, 108, 563, 109, 1, -1, -0.7853981633974483, 1.4142135623730951
1563, 22, 324, 122, 323, 123, 1, -1, -0.7853981633974483, 1.4142135623730951
1563, 23, 580, 336, 582, 335, -2, 1, 2.677945044588987, 2.23606797749979
1563, 28, 543, 380, 542, 381, 1, -1, -0.7853981633974483, 1.4142135623730951
1563, 29, 585, 400, 583, 399, 2, 1, 0.4636476090008061, 2.23606797749979
1563, 37, 428, 375, 427, 376, 1, -1, -0.7853981633974483, 1.4142135623730951
1563, 40, 359, 124, 358, 125, 1, -1, -0.7853981633974483, 1.4142135623730951
1563, 41, 632, 87, 630, 89, 2, -2, -0.7853981633974483, 2.8284271247461903
1563, 42, 530, 347, 529, 348, 1, -1, -0.7853981633974483, 1.4142135623730951
1564, 0, 617, 338, 616, 339, 1, -1, -0.7853981633974483, 1.4142135623730951
1564, 1, 453, 97, 452, 98, 1, -1, -0.7853981633974483, 1.4142135623730951
1564, 3, 620, 108, 618, 108, 2, 0, 0.0, 2.0
1564, 6, 534, 103, 532, 103, 2, 0, 0.0, 2.0
1564, 7, 473, 396, 471, 397, 2, -1, -0.4636476090008061, 2.23606797749979
1564, 9, 590, 391, 589, 392, 1, -1, -0.7853981633974483, 1.4142135623730951
1564, 10, 603, 401, 601, 402, 2, -1, -0.4636476090008061, 2.23606797749979
1564, 11, 337, 367, 336, 368, 1, -1, -0.7853981633974483, 1.4142135623730951
1564, 13, 480, 403, 479, 404, 1, -1, -0.7853981633974483, 1.4142135623730951
1564, 14, 316, 352, 315, 353, 1, -1, -0.7853981633974483, 1.4142135623730951
1564, 15, 558, 400, 557, 401, 1, -1, -0.7853981633974483, 1.4142135623730951
1564, 16, 559, 137, 557, 137, 2, 0, 0.0, 2.0
1564, 17, 500, 104, 498, 104, 2, 0, 0.0, 2.0
1564, 20, 381, 403, 380, 404, 1, -1, -0.7853981633974483, 1.4142135623730951
1564, 22, 325, 121, 324, 122, 1, -1, -0.7853981633974483, 1.4142135623730951
1564, 23, 584, 336, 580, 336, 4, 0, 0.0, 4.0
1564, 25, 603, 337, 601, 337, 2, 0, 0.0, 2.0
1564, 28, 545, 380, 543, 380, 2, 0, 0.0, 2.0
1564, 29, 586, 399, 585, 400, 1, -1, -0.7853981633974483, 1.4142135623730951
1564, 30, 553, 394, 552, 395, 1, -1, -0.7853981633974483, 1.4142135623730951
1564, 34, 628, 139, 626, 139, 2, 0, 0.0, 2.0
1564, 35, 625, 91, 625, 93, 0, -2, -1.5707963267948966, 2.0
1564, 36, 635, 143, 634, 144, 1, -1, -0.7853981633974483, 1.4142135623730951
1564, 38, 502, 375, 500, 376, 2, -1, -0.4636476090008061, 2.23606797749979
1564, 39, 359, 353, 357, 354, 2, -1, -0.4636476090008061, 2.23606797749979
1564, 41, 634, 85, 632, 87, 2, -2, -0.7853981633974483, 2.8284271247461903
1565, 0, 618, 340, 615, 341, 3, -1, -0.3217505543966422, 3.1622776601683795
1565, 1, 453, 97, 452, 98, 1, -1, -0.7853981633974483, 1.4142135623730951
1565, 3, 482, 126, 480, 126, 2, 0, 0.0, 2.0
1565, 5, 618, 108, 616, 108, 2, 0, 0.0, 2.0
1565, 6, 474, 400, 472, 400, 2, 0, 0.0, 2.0
1565, 7, 601, 405, 599, 405, 2, 0, 0.0, 2.0
1565, 8, 368, 125, 367, 126, 1, -1, -0.7853981633974483, 1.4142135623730951
1565, 9, 608, 333, 606, 335, 2, -2, -0.7853981633974483, 2.8284271247461903
1565, 10, 336, 120, 335, 121, 1, -1, -0.7853981633974483, 1.4142135623730951
1565, 11, 479, 407, 477, 407, 2, 0, 0.0, 2.0
1565, 12, 533, 102, 532, 103, 1, -1, -0.7853981633974483, 1.4142135623730951
1565, 14, 591, 394, 589, 395, 2, -1, -0.4636476090008061, 2.23606797749979
1565, 18, 316, 355, 315, 356, 1, -1, -0.7853981633974483, 1.4142135623730951
1565, 19, 382, 402, 381, 403, 1, -1, -0.7853981633974483, 1.4142135623730951
1565, 21, 373, 376, 371, 376, 2, 0, 0.0, 2.0
1565, 23, 565, 110, 563, 110, 2, 0, 0.0, 2.0
1565, 24, 634, 91, 633, 92, 1, -1, -0.7853981633974483, 1.4142135623730951
1565, 26, 552, 109, 551, 110, 1, -1, -0.7853981633974483, 1.4142135623730951
1565, 28, 559, 403, 558, 404, 1, -1, -0.7853981633974483, 1.4142135623730951
1566, 0, 620, 339, 618, 340, 2, -1, -0.4636476090008061, 2.23606797749979
1566, 2, 337, 378, 335, 379, 2, -1, -0.4636476090008061, 2.23606797749979
1566, 5, 620, 107, 618, 108, 2, -1, -0.4636476090008061, 2.23606797749979
1566, 6, 475, 399, 474, 400, 1, -1, -0.7853981633974483, 1.4142135623730951
1566, 7, 603, 404, 601, 405, 2, -1, -0.4636476090008061, 2.23606797749979
1566, 8, 370, 124, 368, 125, 2, -1, -0.4636476090008061, 2.23606797749979
1566, 9, 611, 332, 608, 333, 3, -1, -0.3217505543966422, 3.1622776601683795
1566, 10, 337, 119, 336, 120, 1, -1, -0.7853981633974483, 1.4142135623730951
1566, 11, 480, 406, 479, 407, 1, -1, -0.7853981633974483, 1.4142135623730951
1566, 12, 535, 102, 533, 102, 2, 0, 0.0, 2.0
1566, 15, 302, 386, 300, 386, 2, 0, 0.0, 2.0
1566, 16, 400, 128, 399, 129, 1, -1, -0.7853981633974483, 1.4142135623730951
1566, 18, 317, 354, 316, 355, 1, -1, -0.7853981633974483, 1.4142135623730951
1566, 21, 374, 375, 373, 376, 1, -1, -0.7853981633974483, 1.4142135623730951
1566, 22, 480, 339, 478, 340, 2, -1, -0.4636476090008061, 2.23606797749979
1566, 23, 567, 110, 565, 110, 2, 0, 0.0, 2.0
1566, 24, 635, 90, 634, 91, 1, -1, -0.7853981633974483, 1.4142135623730951
1566, 27, 452, 126, 450, 126, 2, 0, 0.0, 2.0
1566, 28, 561, 403, 559, 403, 2, 0, 0.0, 2.0
1566, 29, 503, 372, 501, 372, 2, 0, 0.0, 2.0
1566, 30, 561, 139, 559, 139, 2, 0, 0.0, 2.0
1567, 0, 623, 337, 620, 339, 3, -2, -0.5880026035475675, 3.605551275463989
1567, 1, 455, 97, 453, 97, 2, 0, 0.0, 2.0
1567, 3, 485, 126, 483, 126, 2, 0, 0.0, 2.0
1567, 7, 604, 402, 603, 404, 1, -2, -1.1071487177940904, 2.23606797749979
1567, 8, 371, 123, 370, 124, 1, -1, -0.7853981633974483, 1.4142135623730951
1567, 9, 613, 332, 611, 332, 2, 0, 0.0, 2.0
1567, 10, 338, 118, 337, 119, 1, -1, -0.7853981633974483, 1.4142135623730951
1567, 11, 481, 404, 480, 406, 1, -2, -1.1071487177940904, 2.23606797749979
1567, 12, 537, 102, 535, 102, 2, 0, 0.0, 2.0
1567, 16, 401, 127, 400, 128, 1, -1, -0.7853981633974483, 1.4142135623730951
1567, 18, 318, 353, 317, 354, 1, -1, -0.7853981633974483, 1.4142135623730951
1567, 19, 384, 401, 383, 402, 1, -1, -0.7853981633974483, 1.4142135623730951
1567, 20, 501, 104, 499, 105, 2, -1, -0.4636476090008061, 2.23606797749979
1567, 22, 482, 338, 480, 339, 2, -1, -0.4636476090008061, 2.23606797749979
1567, 25, 554, 108, 553, 109, 1, -1, -0.7853981633974483, 1.4142135623730951
1567, 26, 453, 125, 452, 126, 1, -1, -0.7853981633974483, 1.4142135623730951
1567, 29, 563, 139, 561, 139, 2, 0, 0.0, 2.0
1568, 0, 625, 336, 623, 337, 2, -1, -0.4636476090008061, 2.23606797749979
1568, 1, 456, 96, 455, 97, 1, -1, -0.7853981633974483, 1.4142135623730951
1568, 5, 623, 106, 621, 107, 2, -1, -0.4636476090008061, 2.23606797749979
1568, 6, 477, 398, 476, 399, 1, -1, -0.7853981633974483, 1.4142135623730951
1568, 8, 372, 122, 371, 123, 1, -1, -0.7853981633974483, 1.4142135623730951
1568, 10, 339, 117, 338, 118, 1, -1, -0.7853981633974483, 1.4142135623730951
1568, 11, 482, 403, 481, 404, 1, -1, -0.7853981633974483, 1.4142135623730951
1568, 13, 337, 124, 336, 125, 1, -1, -0.7853981633974483, 1.4142135623730951
1568, 18, 319, 352, 318, 353, 1, -1, -0.7853981633974483, 1.4142135623730951
1568, 19, 385, 400, 384, 401, 1, -1, -0.7853981633974483, 1.4142135623730951
1568, 22, 486, 337, 482, 338, 4, -1, -0.24497866312686414, 4.123105625617661
1568, 25, 556, 107, 554, 108, 2, -1, -0.4636476090008061, 2.23606797749979
1568, 26, 454, 124, 453, 125, 1, -1, -0.7853981633974483, 1.4142135623730951
1568, 29, 565, 139, 563, 139, 2, 0, 0.0, 2.0
1568, 30, 449, 354, 448, 355, 1, -1, -0.7853981633974483, 1.4142135623730951
1569, 0, 626, 335, 625, 336, 1, -1, -0.7853981633974483, 1.4142135623730951
1569, 1, 457, 95, 456, 96, 1, -1, -0.7853981633974483, 1.4142135623730951
1569, 3, 488, 126, 486, 126, 2, 0, 0.0, 2.0
1569, 4, 398, 350, 396, 351, 2, -1, -0.4636476090008061, 2.23606797749979
1569, 7, 606, 401, 605, 402, 1, -1, -0.7853981633974483, 1.4142135623730951
1569, 9, 617, 331, 614, 332, 3, -1, -0.3217505543966422, 3.1622776601683795
1569, 10, 340, 116, 339, 117, 1, -1, -0.7853981633974483, 1.4142135623730951
1569, 11, 483, 402, 482, 403, 1, -1, -0.7853981633974483, 1.4142135623730951
1569, 13, 338, 123, 337, 124, 1, -1, -0.7853981633974483, 1.4142135623730951
1569, 16, 402, 125, 401, 126, 1, -1, -0.7853981633974483, 1.4142135623730951
1569, 18, 320, 351, 319, 352, 1, -1, -0.7853981633974483, 1.4142135623730951
1569, 19, 386, 399, 385, 400, 1, -1, -0.7853981633974483, 1.4142135623730951
1569, 21, 377, 374, 376, 375, 1, -1, -0.7853981633974483, 1.4142135623730951
1569, 22, 490, 337, 486, 337, 4, 0, 0.0, 4.0
1569, 23, 571, 110, 569, 110, 2, 0, 0.0, 2.0
1569, 25, 558, 108, 556, 107, 2, 1, 0.4636476090008061, 2.23606797749979
1569, 27, 564, 402, 563, 403, 1, -1, -0.7853981633974483, 1.4142135623730951
1569, 29, 567, 139, 565, 139, 2, 0, 0.0, 2.0
1569, 30, 450, 353, 449, 354, 1, -1, -0.7853981633974483, 1.4142135623730951
1570, 0, 457, 97, 456, 98, 1, -1, -0.7853981633974483, 1.4142135623730951
1570, 2, 339, 379, 338, 380, 1, -1, -0.7853981633974483, 1.4142135623730951
1570, 5, 626, 109, 624, 109, 2, 0, 0.0, 2.0
1570, 6, 484, 406, 482, 407, 2, -1, -0.4636476090008061, 2.23606797749979
1570, 7, 594, 396, 593, 397, 1, -1, -0.7853981633974483, 1.4142135623730951
1570, 9, 605, 403, 604, 404, 1, -1, -0.7853981633974483, 1.4142135623730951
1570, 10, 372, 123, 371, 124, 1, -1, -0.7853981633974483, 1.4142135623730951
1570, 12, 403, 128, 402, 129, 1, -1, -0.7853981633974483, 1.4142135623730951
1570, 16, 505, 106, 503, 106, 2, 0, 0.0, 2.0
1570, 18, 387, 403, 386, 404, 1, -1, -0.7853981633974483, 1.4142135623730951
1570, 23, 565, 404, 563, 404, 2, 0, 0.0, 2.0
1570, 24, 451, 354, 449, 355, 2, -1, -0.4636476090008061, 2.23606797749979
1570, 25, 377, 375, 376, 376, 1, -1, -0.7853981633974483, 1.4142135623730951
1570, 26, 304, 386, 303, 387, 1, -1, -0.7853981633974483, 1.4142135623730951
1570, 27, 321, 354, 319, 355, 2, -1, -0.4636476090008061, 2.23606797749979
1570, 28, 619, 391, 617, 392, 2, -1, -0.4636476090008061, 2.23606797749979
1570, 29, 635, 90, 637, 90, -2, 0, 3.141592653589793, 2.0
1570, 31, 558, 393, 555, 394, 3, -1, -0.3217505543966422, 3.1622776601683795
1570, 32, 454, 126, 453, 127, 1, -1, -0.7853981633974483, 1.4142135623730951
1570, 33, 548, 380, 547, 381, 1, -1, -0.7853981633974483, 1.4142135623730951
1570, 34, 467, 365, 465, 365, 2, 0, 0.0, 2.0
1571, 0, 459, 96, 457, 97, 2, -1, -0.4636476090008061, 2.23606797749979
1571, 2, 341, 378, 339, 379, 2, -1, -0.4636476090008061, 2.23606797749979
1571, 5, 628, 108, 626, 109, 2, -1, -0.4636476090008061, 2.23606797749979
1571, 6, 485, 405, 484, 406, 1, -1, -0.7853981633974483, 1.4142135623730951
1571, 7, 595, 395, 594, 396, 1, -1, -0.7853981633974483, 1.4142135623730951
1571, 8, 539, 104, 537, 104, 2, 0, 0.0, 2.0
1571, 9, 606, 402, 605, 403, 1, -1, -0.7853981633974483, 1.4142135623730951
1571, 10, 373, 122, 372, 123, 1, -1, -0.7853981633974483, 1.4142135623730951
1571, 11, 429, 115, 428, 116, 1, -1, -0.7853981633974483, 1.4142135623730951
1571, 12, 404, 127, 403, 128, 1, -1, -0.7853981633974483, 1.4142135623730951
1571, 13, 342, 118, 340, 119, 2, -1, -0.4636476090008061, 2.23606797749979
1571, 16, 507, 106, 505, 106, 2, 0, 0.0, 2.0
1571, 18, 388, 402, 387, 403, 1, -1, -0.7853981633974483, 1.4142135623730951
1571, 19, 484, 398, 482, 398, 2, 0, 0.0, 2.0
1571, 20, 634, 139, 632, 140, 2, -1, -0.4636476090008061, 2.23606797749979
1571, 23, 566, 403, 565, 404, 1, -1, -0.7853981633974483, 1.4142135623730951
1571, 24, 452, 353, 451, 354, 1, -1, -0.7853981633974483, 1.4142135623730951
1571, 26, 306, 385, 304, 386, 2, -1, -0.4636476090008061, 2.23606797749979
1571, 27, 323, 353, 321, 354, 2, -1, -0.4636476090008061, 2.23606797749979
1571, 28, 620, 390, 619, 391, 1, -1, -0.7853981633974483, 1.4142135623730951
1571, 30, 561, 393, 558, 393, 3, 0, 0.0, 3.0
1571, 31, 455, 125, 454, 126, 1, -1, -0.7853981633974483, 1.4142135623730951
1571, 32, 549, 379, 548, 380, 1, -1, -0.7853981633974483, 1.4142135623730951
1571, 33, 470, 365, 467, 365, 3, 0, 0.0, 3.0
1572, 0, 460, 95, 459, 96, 1, -1, -0.7853981633974483, 1.4142135623730951
1572, 1, 624, 338, 623, 339, 1, -1, -0.7853981633974483, 1.4142135623730951
1572, 5, 630, 107, 628, 108, 2, -1, -0.4636476090008061, 2.23606797749979
1572, 6, 486, 404, 485, 405, 1, -1, -0.7853981633974483, 1.4142135623730951
1572, 7, 596, 394, 595, 395, 1, -1, -0.7853981633974483, 1.4142135623730951
1572, 10, 374, 121, 373, 122, 1, -1, -0.7853981633974483, 1.4142135623730951
1572, 11, 430, 114, 429, 115, 1, -1, -0.7853981633974483, 1.4142135623730951
1572, 12, 405, 126, 404, 127, 1, -1, -0.7853981633974483, 1.4142135623730951
1572, 13, 343, 117, 342, 118, 1, -1, -0.7853981633974483, 1.4142135623730951
1572, 14, 476, 396, 474, 397, 2, -1, -0.4636476090008061, 2.23606797749979
1572, 15, 509, 371, 508, 372, 1, -1, -0.7853981633974483, 1.4142135623730951
1572, 18, 389, 401, 388, 402, 1, -1, -0.7853981633974483, 1.4142135623730951
1572, 20, 635, 138, 634, 139, 1, -1, -0.7853981633974483, 1.4142135623730951
1572, 21, 572, 111, 570, 111, 2, 0, 0.0, 2.0
1572, 22, 566, 139, 564, 140, 2, -1, -0.4636476090008061, 2.23606797749979
1572, 24, 453, 352, 452, 353, 1, -1, -0.7853981633974483, 1.4142135623730951
1572, 26, 308, 384, 306, 385, 2, -1, -0.4636476090008061, 2.23606797749979
1572, 27, 324, 352, 323, 353, 1, -1, -0.7853981633974483, 1.4142135623730951
1572, 28, 624, 390, 620, 390, 4, 0, 0.0, 4.0
1572, 30, 563, 392, 561, 393, 2, -1, -0.4636476090008061, 2.23606797749979
1572, 32, 550, 378, 549, 379, 1, -1, -0.7853981633974483, 1.4142135623730951
1572, 33, 472, 367, 470, 365, 2, 2, 0.7853981633974483, 2.8284271247461903
1573, 0, 462, 95, 460, 95, 2, 0, 0.0, 2.0
1573, 2, 343, 377, 342, 378, 1, -1, -0.7853981633974483, 1.4142135623730951
1573, 5, 632, 106, 630, 107, 2, -1, -0.4636476090008061, 2.23606797749979
1573, 6, 488, 404, 486, 404, 2, 0, 0.0, 2.0
1573, 7, 598, 393, 596, 394, 2, -1, -0.4636476090008061, 2.23606797749979
1573, 9, 609, 402, 607, 402, 2, 0, 0.0, 2.0
1573, 10, 376, 121, 374, 121, 2, 0, 0.0, 2.0
1573, 11, 431, 113, 430, 114, 1, -1, -0.7853981633974483, 1.4142135623730951
1573, 12, 406, 125, 405, 126, 1, -1, -0.7853981633974483, 1.4142135623730951
1573, 13, 344, 116, 343, 117, 1, -1, -0.7853981633974483, 1.4142135623730951
1573, 14, 479, 395, 476, 396, 3, -1, -0.3217505543966422, 3.1622776601683795
1573, 15, 510, 370, 509, 371, 1, -1, -0.7853981633974483, 1.4142135623730951
1573, 17, 335, 373, 332, 373, 3, 0, 0.0, 3.0
1573, 18, 391, 400, 389, 401, 2, -1, -0.4636476090008061, 2.23606797749979
1573, 21, 574, 110, 572, 111, 2, -1, -0.4636476090008061, 2.23606797749979
1573, 22, 568, 138, 566, 139, 2, -1, -0.4636476090008061, 2.23606797749979
1573, 23, 568, 402, 567, 403, 1, -1, -0.7853981633974483, 1.4142135623730951
1573, 24, 454, 351, 453, 352, 1, -1, -0.7853981633974483, 1.4142135623730951
1573, 27, 326, 351, 324, 352, 2, -1, -0.4636476090008061, 2.23606797749979
1573, 28, 627, 390, 624, 390, 3, 0, 0.0, 3.0
1573, 29, 635, 88, 634, 89, 1, -1, -0.7853981633974483, 1.4142135623730951
1573, 30, 565, 392, 563, 392, 2, 0, 0.0, 2.0
1573, 32, 552, 378, 550, 378, 2, 0, 0.0, 2.0
1573, 33, 475, 367, 472, 367, 3, 0, 0.0, 3.0
1574, 0, 464, 94, 462, 95, 2, -1, -0.4636476090008061, 2.23606797749979
1574, 1, 627, 338, 625, 338, 2, 0, 0.0, 2.0
1574, 2, 345, 376, 343, 377, 2, -1, -0.4636476090008061, 2.23606797749979
1574, 5, 634, 105, 632, 106, 2, -1, -0.4636476090008061, 2.23606797749979
1574, 7, 600, 392, 598, 393, 2, -1, -0.4636476090008061, 2.23606797749979
1574, 8, 542, 103, 541, 104, 1, -1, -0.7853981633974483, 1.4142135623730951
1574, 10, 377, 120, 376, 121, 1, -1, -0.7853981633974483, 1.4142135623730951
1574, 11, 432, 112, 431, 113, 1, -1, -0.7853981633974483, 1.4142135623730951
1574, 12, 407, 124, 406, 125, 1, -1, -0.7853981633974483, 1.4142135623730951
1574, 13, 346, 115, 344, 116, 2, -1, -0.4636476090008061, 2.23606797749979
1574, 14, 482, 394, 479, 395, 3, -1, -0.3217505543966422, 3.1622776601683795
1574, 15, 511, 369, 510, 370, 1, -1, -0.7853981633974483, 1.4142135623730951
1574, 16, 511, 106, 509, 106, 2, 0, 0.0, 2.0
1574, 17, 337, 373, 335, 373, 2, 0, 0.0, 2.0
1574, 21, 575, 109, 574, 110, 1, -1, -0.7853981633974483, 1.4142135623730951
1574, 22, 570, 137, 568, 138, 2, -1, -0.4636476090008061, 2.23606797749979
1574, 23, 569, 401, 568, 402, 1, -1, -0.7853981633974483, 1.4142135623730951
1574, 24, 456, 351, 454, 351, 2, 0, 0.0, 2.0
1574, 25, 381, 373, 379, 374, 2, -1, -0.4636476090008061, 2.23606797749979
1574, 27, 328, 350, 326, 351, 2, -1, -0.4636476090008061, 2.23606797749979
1574, 28, 630, 391, 627, 390, 3, 1, 0.3217505543966422, 3.1622776601683795
1574, 31, 458, 124, 457, 125, 1, -1, -0.7853981633974483, 1.4142135623730951
1574, 32, 554, 378, 552, 378, 2, 0, 0.0, 2.0
1575, 0, 629, 340, 627, 340, 2, 0, 0.0, 2.0
1575, 1, 462, 96, 461, 97, 1, -1, -0.7853981633974483, 1.4142135623730951
1575, 2, 345, 378, 343, 379, 2, -1, -0.4636476090008061, 2.23606797749979
1575, 3, 630, 107, 628, 108, 2, -1, -0.4636476090008061, 2.23606797749979
1575, 5, 401, 351, 400, 352, 1, -1, -0.7853981633974483, 1.4142135623730951
1575, 7, 493, 128, 491, 128, 2, 0, 0.0, 2.0
1575, 8, 327, 353, 325, 354, 2, -1, -0.4636476090008061, 2.23606797749979
1575, 10, 377, 123, 376, 124, 1, -1, -0.7853981633974483, 1.4142135623730951
1575, 11, 609, 403, 608, 404, 1, -1, -0.7853981633974483, 1.4142135623730951
1575, 12, 481, 394, 478, 396, 3, -2, -0.5880026035475675, 3.605551275463989
1575, 13, 391, 403, 390, 404, 1, -1, -0.7853981633974483, 1.4142135623730951
1575, 14, 511, 372, 510, 373, 1, -1, -0.7853981633974483, 1.4142135623730951
1575, 16, 599, 396, 598, 397, 1, -1, -0.7853981633974483, 1.4142135623730951
1575, 17, 570, 403, 568, 404, 2, -1, -0.4636476090008061, 2.23606797749979
1575, 19, 435, 114, 433, 114, 2, 0, 0.0, 2.0
1575, 20, 345, 119, 344, 120, 1, -1, -0.7853981633974483, 1.4142135623730951
1575, 21, 570, 139, 568, 140, 2, -1, -0.4636476090008061, 2.23606797749979
1575, 22, 596, 390, 593, 392, 3, -2, -0.5880026035475675, 3.605551275463989
1575, 23, 456, 354, 455, 355, 1, -1, -0.7853981633974483, 1.4142135623730951
1575, 24, 590, 83, 588, 83, 2, 0, 0.0, 2.0
1575, 25, 380, 375, 379, 376, 1, -1, -0.7853981633974483, 1.4142135623730951
1575, 26, 618, 335, 616, 336, 2, -1, -0.4636476090008061, 2.23606797749979
1575, 27, 459, 127, 457, 127, 2, 0, 0.0, 2.0
1575, 28, 542, 133, 540, 133, 2, 0, 0.0, 2.0
1575, 29, 585, 142, 583, 143, 2, -1, -0.4636476090008061, 2.23606797749979
1575, 31, 346, 370, 345, 371, 1, -1, -0.7853981633974483, 1.4142135623730951
1575, 32, 543, 347, 542, 348, 1, -1, -0.7853981633974483, 1.4142135623730951
1575, 35, 406, 127, 405, 128, 1, -1, -0.7853981633974483, 1.4142135623730951
1575, 36, 500, 337, 498, 337, 2, 0, 0.0, 2.0
1575, 37, 582, 83, 580, 83, 2, 0, 0.0, 2.0
1575, 38, 412, 366, 411, 367, 1, -1, -0.7853981633974483, 1.4142135623730951
1576, 0, 631, 340, 629, 340, 2, 0, 0.0, 2.0
1576, 1, 464, 95, 462, 96, 2, -1, -0.4636476090008061, 2.23606797749979
1576, 3, 632, 107, 630, 107, 2, 0, 0.0, 2.0
1576, 4, 489, 406, 487, 406, 2, 0, 0.0, 2.0
1576, 6, 544, 105, 542, 105, 2, 0, 0.0, 2.0
1576, 8, 329, 353, 327, 353, 2, 0, 0.0, 2.0
1576, 9, 314, 387, 312, 387, 2, 0, 0.0, 2.0
1576, 11, 611, 403, 609, 403, 2, 0, 0.0, 2.0
1576, 12, 484, 393, 481, 394, 3, -1, -0.3217505543966422, 3.1622776601683795
1576, 13, 392, 402, 391, 403, 1, -1, -0.7853981633974483, 1.4142135623730951
1576, 14, 512, 371, 511, 372, 1, -1, -0.7853981633974483, 1.4142135623730951
1576, 15, 612, 396, 611, 395, 1, 1, 0.7853981633974483, 1.4142135623730951
1576, 18, 606, 133, 604, 134, 2, -1, -0.4636476090008061, 2.23606797749979
1576, 20, 346, 118, 345, 119, 1, -1, -0.7853981633974483, 1.4142135623730951
1576, 21, 572, 138, 570, 139, 2, -1, -0.4636476090008061, 2.23606797749979
1576, 22, 601, 389, 596, 390, 5, -1, -0.19739555984988075, 5.0990195135927845
1576, 25, 381, 374, 380, 375, 1, -1, -0.7853981633974483, 1.4142135623730951
1576, 26, 620, 334, 618, 335, 2, -1, -0.4636476090008061, 2.23606797749979
1576, 27, 460, 126, 459, 127, 1, -1, -0.7853981633974483, 1.4142135623730951
1576, 28, 544, 132, 542, 133, 2, -1, -0.4636476090008061, 2.23606797749979
1576, 29, 587, 141, 585, 142, 2, -1, -0.4636476090008061, 2.23606797749979
1576, 32, 545, 346, 543, 347, 2, -1, -0.4636476090008061, 2.23606797749979
1576, 34, 367, 353, 366, 354, 1, -1, -0.7853981633974483, 1.4142135623730951
1576, 35, 407, 126, 406, 127, 1, -1, -0.7853981633974483, 1.4142135623730951
1576, 37, 584, 82, 582, 83, 2, -1, -0.4636476090008061, 2.23606797749979
1576, 39, 631, 394, 630, 393, 1, 1, 0.7853981633974483, 1.4142135623730951
1577, 0, 632, 339, 631, 340, 1, -1, -0.7853981633974483, 1.4142135623730951
1577, 3, 634, 107, 632, 107, 2, 0, 0.0, 2.0
1577, 4, 490, 405, 489, 406, 1, -1, -0.7853981633974483, 1.4142135623730951
1577, 5, 403, 350, 402, 351, 1, -1, -0.7853981633974483, 1.4142135623730951
1577, 7, 496, 128, 494, 128, 2, 0, 0.0, 2.0
1577, 8, 331, 353, 329, 353, 2, 0, 0.0, 2.0
1577, 11, 613, 403, 611, 403, 2, 0, 0.0, 2.0
1577, 12, 488, 393, 484, 393, 4, 0, 0.0, 4.0
1577, 13, 393, 401, 392, 402, 1, -1, -0.7853981633974483, 1.4142135623730951
1577, 14, 514, 370, 512, 371, 2, -1, -0.4636476090008061, 2.23606797749979
1577, 15, 614, 396, 612, 396, 2, 0, 0.0, 2.0
1577, 16, 602, 396, 600, 396, 2, 0, 0.0, 2.0
1577, 17, 572, 402, 571, 403, 1, -1, -0.7853981633974483, 1.4142135623730951
1577, 20, 347, 117, 346, 118, 1, -1, -0.7853981633974483, 1.4142135623730951
1577, 21, 573, 137, 572, 138, 1, -1, -0.7853981633974483, 1.4142135623730951
1577, 22, 604, 389, 601, 389, 3, 0, 0.0, 3.0
1577, 23, 458, 353, 457, 354, 1, -1, -0.7853981633974483, 1.4142135623730951
1577, 26, 621, 333, 620, 334, 1, -1, -0.7853981633974483, 1.4142135623730951
1577, 27, 461, 125, 460, 126, 1, -1, -0.7853981633974483, 1.4142135623730951
1577, 28, 546, 132, 544, 132, 2, 0, 0.0, 2.0
1577, 29, 588, 140, 587, 141, 1, -1, -0.7853981633974483, 1.4142135623730951
1577, 34, 368, 352, 367, 353, 1, -1, -0.7853981633974483, 1.4142135623730951
1577, 38, 413, 365, 412, 366, 1, -1, -0.7853981633974483, 1.4142135623730951
1578, 0, 633, 338, 632, 339, 1, -1, -0.7853981633974483, 1.4142135623730951
1578, 1, 466, 94, 465, 95, 1, -1, -0.7853981633974483, 1.4142135623730951
1578, 2, 349, 377, 347, 378, 2, -1, -0.4636476090008061, 2.23606797749979
1578, 4, 492, 405, 490, 405, 2, 0, 0.0, 2.0
1578, 9, 317, 387, 315, 387, 2, 0, 0.0, 2.0
1578, 12, 491, 392, 488, 393, 3, -1, -0.3217505543966422, 3.1622776601683795
1578, 13, 394, 400, 393, 401, 1, -1, -0.7853981633974483, 1.4142135623730951
1578, 14, 515, 369, 514, 370, 1, -1, -0.7853981633974483, 1.4142135623730951
1578, 15, 616, 396, 614, 396, 2, 0, 0.0, 2.0
1578, 18, 609, 133, 607, 133, 2, 0, 0.0, 2.0
1578, 20, 348, 116, 347, 117, 1, -1, -0.7853981633974483, 1.4142135623730951
1578, 22, 606, 387, 604, 389, 2, -2, -0.7853981633974483, 2.8284271247461903
1578, 27, 462, 124, 461, 125, 1, -1, -0.7853981633974483, 1.4142135623730951
1578, 28, 548, 132, 546, 132, 2, 0, 0.0, 2.0
1578, 32, 548, 345, 546, 346, 2, -1, -0.4636476090008061, 2.23606797749979
1578, 34, 369, 351, 368, 352, 1, -1, -0.7853981633974483, 1.4142135623730951
1578, 36, 503, 336, 502, 337, 1, -1, -0.7853981633974483, 1.4142135623730951
1579, 2, 350, 376, 349, 377, 1, -1, -0.7853981633974483, 1.4142135623730951
1579, 4, 494, 405, 492, 405, 2, 0, 0.0, 2.0
1579, 5, 405, 349, 404, 350, 1, -1, -0.7853981633974483, 1.4142135623730951
1579, 8, 333, 352, 332, 353, 1, -1, -0.7853981633974483, 1.4142135623730951
1579, 12, 493, 390, 491, 392, 2, -2, -0.7853981633974483, 2.8284271247461903
1579, 14, 517, 368, 515, 369, 2, -1, -0.4636476090008061, 2.23606797749979
1579, 15, 618, 397, 616, 396, 2, 1, 0.4636476090008061, 2.23606797749979
1579, 20, 349, 115, 348, 116, 1, -1, -0.7853981633974483, 1.4142135623730951
1579, 21, 575, 136, 574, 137, 1, -1, -0.7853981633974483, 1.4142135623730951
1579, 22, 610, 387, 606, 387, 4, 0, 0.0, 4.0
1579, 23, 459, 351, 458, 352, 1, -1, -0.7853981633974483, 1.4142135623730951
1579, 27, 464, 124, 462, 124, 2, 0, 0.0, 2.0
1579, 28, 551, 134, 548, 132, 3, 2, 0.5880026035475675, 3.605551275463989
1579, 34, 370, 350, 369, 351, 1, -1, -0.7853981633974483, 1.4142135623730951
1579, 37, 587, 81, 586, 82, 1, -1, -0.7853981633974483, 1.4142135623730951
1580, 0, 634, 340, 632, 341, 2, -1, -0.4636476090008061, 2.23606797749979
1580, 2, 350, 373, 348, 373, 2, 0, 0.0, 2.0
1580, 3, 332, 353, 330, 354, 2, -1, -0.4636476090008061, 2.23606797749979
1580, 4, 603, 395, 602, 396, 1, -1, -0.7853981633974483, 1.4142135623730951
1580, 5, 380, 122, 379, 123, 1, -1, -0.7853981633974483, 1.4142135623730951
1580, 6, 349, 118, 348, 119, 1, -1, -0.7853981633974483, 1.4142135623730951
1580, 8, 614, 404, 612, 404, 2, 0, 0.0, 2.0
1580, 9, 404, 350, 403, 351, 1, -1, -0.7853981633974483, 1.4142135623730951
1580, 10, 547, 104, 546, 105, 1, -1, -0.7853981633974483, 1.4142135623730951
1580, 11, 496, 128, 495, 129, 1, -1, -0.7853981633974483, 1.4142135623730951
1580, 14, 494, 407, 492, 407, 2, 0, 0.0, 2.0
1580, 16, 465, 125, 464, 126, 1, -1, -0.7853981633974483, 1.4142135623730951
1580, 17, 461, 353, 459, 354, 2, -1, -0.4636476090008061, 2.23606797749979
1580, 18, 574, 403, 573, 404, 1, -1, -0.7853981633974483, 1.4142135623730951
1580, 19, 312, 382, 310, 382, 2, 0, 0.0, 2.0
1581, 0, 635, 339, 634, 340, 1, -1, -0.7853981633974483, 1.4142135623730951
1581, 1, 465, 96, 464, 97, 1, -1, -0.7853981633974483, 1.4142135623730951
1581, 2, 351, 372, 350, 373, 1, -1, -0.7853981633974483, 1.4142135623730951
1581, 3, 333, 352, 332, 353, 1, -1, -0.7853981633974483, 1.4142135623730951
1581, 8, 616, 404, 614, 404, 2, 0, 0.0, 2.0
1581, 12, 624, 334, 622, 335, 2, -1, -0.4636476090008061, 2.23606797749979
1581, 14, 496, 407, 494, 407, 2, 0, 0.0, 2.0
1581, 16, 467, 124, 465, 125, 2, -1, -0.4636476090008061, 2.23606797749979
1581, 17, 462, 352, 461, 353, 1, -1, -0.7853981633974483, 1.4142135623730951
1581, 18, 575, 402, 574, 403, 1, -1, -0.7853981633974483, 1.4142135623730951
1581, 19, 313, 381, 312, 382, 1, -1, -0.7853981633974483, 1.4142135623730951
1581, 21, 386, 375, 385, 376, 1, -1, -0.7853981633974483, 1.4142135623730951
1581, 22, 576, 141, 575, 140, 1, 1, 0.7853981633974483, 1.4142135623730951
1582, 0, 635, 337, 635, 339, 0, -2, -1.5707963267948966, 2.0
1582, 6, 350, 117, 349, 118, 1, -1, -0.7853981633974483, 1.4142135623730951
1582, 8, 618, 403, 616, 404, 2, -1, -0.4636476090008061, 2.23606797749979
1582, 9, 406, 349, 404, 350, 2, -1, -0.4636476090008061, 2.23606797749979
1582, 10, 550, 103, 548, 104, 2, -1, -0.4636476090008061, 2.23606797749979
1582, 11, 499, 128, 497, 128, 2, 0, 0.0, 2.0
1582, 12, 627, 332, 624, 334, 3, -2, -0.5880026035475675, 3.605551275463989
1582, 14, 497, 406, 496, 407, 1, -1, -0.7853981633974483, 1.4142135623730951
1582, 16, 468, 123, 467, 124, 1, -1, -0.7853981633974483, 1.4142135623730951
1582, 17, 463, 351, 462, 352, 1, -1, -0.7853981633974483, 1.4142135623730951
1582, 18, 576, 401, 575, 402, 1, -1, -0.7853981633974483, 1.4142135623730951
1582, 19, 315, 381, 313, 381, 2, 0, 0.0, 2.0
1582, 21, 387, 374, 386, 375, 1, -1, -0.7853981633974483, 1.4142135623730951
1582, 22, 578, 141, 576, 141, 2, 0, 0.0, 2.0
1582, 23, 317, 387, 316, 388, 1, -1, -0.7853981633974483, 1.4142135623730951
1583, 2, 354, 371, 352, 372, 2, -1, -0.4636476090008061, 2.23606797749979
1583, 8, 619, 402, 618, 403, 1, -1, -0.7853981633974483, 1.4142135623730951
1583, 9, 407, 348, 406, 349, 1, -1, -0.7853981633974483, 1.4142135623730951
1583, 10, 552, 103, 550, 103, 2, 0, 0.0, 2.0
1583, 11, 500, 127, 499, 128, 1, -1, -0.7853981633974483, 1.4142135623730951
1583, 12, 630, 331, 627, 332, 3, -1, -0.3217505543966422, 3.1622776601683795
1583, 15, 443, 114, 441, 114, 2, 0, 0.0, 2.0
1583, 16, 470, 122, 468, 123, 2, -1, -0.4636476090008061, 2.23606797749979
1583, 17, 464, 350, 463, 351, 1, -1, -0.7853981633974483, 1.4142135623730951
1583, 18, 577, 400, 576, 401, 1, -1, -0.7853981633974483, 1.4142135623730951
1583, 19, 317, 381, 315, 381, 2, 0, 0.0, 2.0
1583, 21, 388, 373, 387, 374, 1, -1, -0.7853981633974483, 1.4142135623730951
1583, 22, 580, 141, 578, 141, 2, 0, 0.0, 2.0
1583, 24, 613, 135, 611, 135, 2, 0, 0.0, 2.0
1584, 2, 355, 370, 354, 371, 1, -1, -0.7853981633974483, 1.4142135623730951
1584, 5, 384, 121, 383, 122, 1, -1, -0.7853981633974483, 1.4142135623730951
1584, 6, 351, 116, 350, 117, 1, -1, -0.7853981633974483, 1.4142135623730951
1584, 8, 620, 401, 619, 402, 1, -1, -0.7853981633974483, 1.4142135623730951
1584, 9, 408, 347, 407, 348, 1, -1, -0.7853981633974483, 1.4142135623730951
1584, 11, 502, 127, 500, 127, 2, 0, 0.0, 2.0
1584, 12, 628, 332, 630, 331, -2, 1, 2.677945044588987, 2.23606797749979
1584, 14, 499, 405, 498, 406, 1, -1, -0.7853981633974483, 1.4142135623730951
1584, 18, 579, 400, 577, 400, 2, 0, 0.0, 2.0
1584, 21, 389, 372, 388, 373, 1, -1, -0.7853981633974483, 1.4142135623730951
1584, 22, 582, 141, 580, 141, 2, 0, 0.0, 2.0
1584, 24, 615, 135, 613, 135, 2, 0, 0.0, 2.0
1585, 0, 470, 98, 468, 98, 2, 0, 0.0, 2.0
1585, 1, 353, 377, 352, 378, 1, -1, -0.7853981633974483, 1.4142135623730951
1585, 2, 411, 351, 409, 351, 2, 0, 0.0, 2.0
1585, 3, 334, 354, 332, 355, 2, -1, -0.4636476090008061, 2.23606797749979
1585, 6, 384, 123, 383, 124, 1, -1, -0.7853981633974483, 1.4142135623730951
1585, 8, 497, 406, 496, 407, 1, -1, -0.7853981633974483, 1.4142135623730951
1585, 9, 618, 404, 617, 405, 1, -1, -0.7853981633974483, 1.4142135623730951
1585, 10, 552, 106, 550, 106, 2, 0, 0.0, 2.0
1585, 11, 420, 84, 419, 85, 1, -1, -0.7853981633974483, 1.4142135623730951
1585, 12, 587, 139, 584, 140, 3, -1, -0.3217505543966422, 3.1622776601683795
1585, 16, 579, 404, 577, 404, 2, 0, 0.0, 2.0
1585, 17, 447, 378, 446, 379, 1, -1, -0.7853981633974483, 1.4142135623730951
1586, 2, 412, 350, 411, 351, 1, -1, -0.7853981633974483, 1.4142135623730951
1586, 3, 336, 354, 334, 354, 2, 0, 0.0, 2.0
1586, 5, 502, 130, 500, 130, 2, 0, 0.0, 2.0
1586, 6, 386, 123, 384, 123, 2, 0, 0.0, 2.0
1586, 8, 498, 405, 497, 406, 1, -1, -0.7853981633974483, 1.4142135623730951
1586, 11, 421, 83, 420, 84, 1, -1, -0.7853981633974483, 1.4142135623730951
1586, 12, 590, 138, 587, 139, 3, -1, -0.3217505543966422, 3.1622776601683795
1587, 2, 413, 349, 412, 350, 1, -1, -0.7853981633974483, 1.4142135623730951
1587, 4, 611, 393, 610, 394, 1, -1, -0.7853981633974483, 1.4142135623730951
1587, 5, 504, 130, 502, 130, 2, 0, 0.0, 2.0
1587, 6, 387, 122, 386, 123, 1, -1, -0.7853981633974483, 1.4142135623730951
1587, 7, 494, 399, 493, 400, 1, -1, -0.7853981633974483, 1.4142135623730951
1587, 8, 499, 404, 498, 405, 1, -1, -0.7853981633974483, 1.4142135623730951
1587, 9, 620, 403, 619, 404, 1, -1, -0.7853981633974483, 1.4142135623730951
1587, 12, 594, 137, 590, 138, 4, -1, -0.24497866312686414, 4.123105625617661
1587, 16, 582, 404, 580, 404, 2, 0, 0.0, 2.0
1588, 3, 338, 353, 337, 354, 1, -1, -0.7853981633974483, 1.4142135623730951
1588, 5, 506, 130, 504, 130, 2, 0, 0.0, 2.0
1588, 7, 495, 398, 494, 399, 1, -1, -0.7853981633974483, 1.4142135623730951
1588, 8, 500, 403, 499, 404, 1, -1, -0.7853981633974483, 1.4142135623730951
1588, 9, 622, 402, 620, 403, 2, -1, -0.4636476090008061, 2.23606797749979
1588, 10, 556, 105, 554, 106, 2, -1, -0.4636476090008061, 2.23606797749979
1588, 12, 598, 136, 594, 137, 4, -1, -0.24497866312686414, 4.123105625617661
1588, 16, 584, 404, 582, 404, 2, 0, 0.0, 2.0
1589, 0, 474, 97, 473, 98, 1, -1, -0.7853981633974483, 1.4142135623730951
1589, 1, 356, 376, 355, 377, 1, -1, -0.7853981633974483, 1.4142135623730951
1589, 3, 339, 352, 338, 353, 1, -1, -0.7853981633974483, 1.4142135623730951
1589, 4, 614, 392, 612, 393, 2, -1, -0.4636476090008061, 2.23606797749979
1589, 5, 508, 130, 506, 130, 2, 0, 0.0, 2.0
1589, 6, 390, 122, 388, 122, 2, 0, 0.0, 2.0
1589, 7, 497, 397, 495, 398, 2, -1, -0.4636476090008061, 2.23606797749979
1589, 8, 501, 402, 500, 403, 1, -1, -0.7853981633974483, 1.4142135623730951
1589, 9, 624, 401, 622, 402, 2, -1, -0.4636476090008061, 2.23606797749979
1589, 10, 558, 105, 556, 105, 2, 0, 0.0, 2.0
1589, 12, 603, 136, 598, 136, 5, 0, 0.0, 5.0
1589, 16, 586, 404, 584, 404, 2, 0, 0.0, 2.0
1589, 17, 452, 378, 450, 378, 2, 0, 0.0, 2.0
1590, 0, 473, 97, 472, 98, 1, -1, -0.7853981633974483, 1.4142135623730951
1590, 1, 357, 378, 356, 379, 1, -1, -0.7853981633974483, 1.4142135623730951
1590, 2, 413, 349, 412, 350, 1, -1, -0.7853981633974483, 1.4142135623730951
1590, 3, 614, 393, 612, 394, 2, -1, -0.4636476090008061, 2.23606797749979
1590, 4, 507, 131, 505, 131, 2, 0, 0.0, 2.0
1590, 5, 357, 127, 356, 128, 1, -1, -0.7853981633974483, 1.4142135623730951
1590, 6, 497, 398, 495, 399, 2, -1, -0.4636476090008061, 2.23606797749979
1590, 7, 557, 106, 555, 106, 2, 0, 0.0, 2.0
1590, 8, 504, 406, 502, 407, 2, -1, -0.4636476090008061, 2.23606797749979
1590, 9, 388, 131, 386, 132, 2, -1, -0.4636476090008061, 2.23606797749979
1590, 10, 388, 123, 387, 124, 1, -1, -0.7853981633974483, 1.4142135623730951
1590, 11, 341, 354, 340, 355, 1, -1, -0.7853981633974483, 1.4142135623730951
1590, 13, 624, 404, 622, 405, 2, -1, -0.4636476090008061, 2.23606797749979
1590, 15, 470, 355, 468, 355, 2, 0, 0.0, 2.0
1590, 17, 632, 86, 631, 88, 1, -2, -1.1071487177940904, 2.23606797749979
1590, 18, 585, 404, 583, 404, 2, 0, 0.0, 2.0
1590, 19, 405, 403, 403, 403, 2, 0, 0.0, 2.0
1590, 21, 432, 85, 431, 86, 1, -1, -0.7853981633974483, 1.4142135623730951
1590, 22, 351, 122, 350, 123, 1, -1, -0.7853981633974483, 1.4142135623730951
1590, 23, 360, 370, 359, 371, 1, -1, -0.7853981633974483, 1.4142135623730951
1590, 24, 558, 135, 556, 135, 2, 0, 0.0, 2.0
1590, 25, 569, 379, 568, 380, 1, -1, -0.7853981633974483, 1.4142135623730951
1590, 26, 588, 141, 585, 142, 3, -1, -0.3217505543966422, 3.1622776601683795
1590, 27, 584, 116, 581, 116, 3, 0, 0.0, 3.0
1590, 28, 623, 397, 621, 398, 2, -1, -0.4636476090008061, 2.23606797749979
1590, 30, 591, 339, 590, 340, 1, -1, -0.7853981633974483, 1.4142135623730951
1590, 34, 527, 370, 526, 371, 1, -1, -0.7853981633974483, 1.4142135623730951
1590, 35, 414, 106, 413, 108, 1, -2, -1.1071487177940904, 2.23606797749979
1590, 37, 454, 375, 452, 376, 2, -1, -0.4636476090008061, 2.23606797749979
1590, 39, 613, 330, 612, 332, 1, -2, -1.1071487177940904, 2.23606797749979
1590, 40, 419, 127, 418, 128, 1, -1, -0.7853981633974483, 1.4142135623730951
1590, 41, 519, 336, 518, 337, 1, -1, -0.7853981633974483, 1.4142135623730951
1590, 43, 520, 112, 517, 112, 3, 0, 0.0, 3.0
1590, 44, 599, 139, 598, 140, 1, -1, -0.7853981633974483, 1.4142135623730951
1590, 45, 610, 400, 608, 400, 2, 0, 0.0, 2.0
1590, 46, 555, 376, 554, 377, 1, -1, -0.7853981633974483, 1.4142135623730951
1590, 47, 524, 103, 522, 104, 2, -1, -0.4636476090008061, 2.23606797749979
1590, 48, 580, 396, 578, 397, 2, -1, -0.4636476090008061, 2.23606797749979
1590, 49, 634, 335, 632, 336, 2, -1, -0.4636476090008061, 2.23606797749979
1590, 50, 590, 109, 588, 109, 2, 0, 0.0, 2.0
1591, 0, 474, 96, 473, 97, 1, -1, -0.7853981633974483, 1.4142135623730951
1591, 3, 616, 392, 614, 393, 2, -1, -0.4636476090008061, 2.23606797749979
1591, 4, 509, 130, 507, 131, 2, -1, -0.4636476090008061, 2.23606797749979
1591, 5, 359, 126, 357, 127, 2, -1, -0.4636476090008061, 2.23606797749979
1591, 6, 498, 397, 497, 398, 1, -1, -0.7853981633974483, 1.4142135623730951
1591, 7, 559, 106, 557, 106, 2, 0, 0.0, 2.0
1591, 8, 505, 405, 504, 406, 1, -1, -0.7853981633974483, 1.4142135623730951
1591, 9, 390, 130, 388, 131, 2, -1, -0.4636476090008061, 2.23606797749979
1591, 11, 342, 355, 341, 354, 1, 1, 0.7853981633974483, 1.4142135623730951
1591, 13, 626, 404, 624, 404, 2, 0, 0.0, 2.0
1591, 14, 621, 135, 619, 135, 2, 0, 0.0, 2.0
1591, 17, 587, 403, 585, 404, 2, -1, -0.4636476090008061, 2.23606797749979
1591, 18, 407, 403, 405, 403, 2, 0, 0.0, 2.0
1591, 19, 427, 373, 426, 374, 1, -1, -0.7853981633974483, 1.4142135623730951
1591, 20, 432, 83, 432, 85, 0, -2, -1.5707963267948966, 2.0
1591, 22, 361, 369, 360, 370, 1, -1, -0.7853981633974483, 1.4142135623730951
1591, 24, 570, 378, 569, 379, 1, -1, -0.7853981633974483, 1.4142135623730951
1591, 25, 590, 140, 588, 141, 2, -1, -0.4636476090008061, 2.23606797749979
1591, 26, 587, 116, 584, 116, 3, 0, 0.0, 3.0
1591, 27, 624, 396, 623, 397, 1, -1, -0.7853981633974483, 1.4142135623730951
1591, 29, 593, 338, 591, 339, 2, -1, -0.4636476090008061, 2.23606797749979
1591, 30, 438, 118, 437, 119, 1, -1, -0.7853981633974483, 1.4142135623730951
1591, 31, 383, 354, 381, 354, 2, 0, 0.0, 2.0
1591, 32, 449, 114, 448, 115, 1, -1, -0.7853981633974483, 1.4142135623730951
1591, 34, 415, 105, 414, 106, 1, -1, -0.7853981633974483, 1.4142135623730951
1591, 36, 455, 374, 454, 375, 1, -1, -0.7853981633974483, 1.4142135623730951
1591, 38, 616, 330, 613, 330, 3, 0, 0.0, 3.0
1591, 40, 520, 335, 519, 336, 1, -1, -0.7853981633974483, 1.4142135623730951
1591, 42, 522, 112, 520, 112, 2, 0, 0.0, 2.0
1591, 43, 601, 139, 599, 139, 2, 0, 0.0, 2.0
1591, 44, 612, 399, 610, 400, 2, -1, -0.4636476090008061, 2.23606797749979
1591, 47, 582, 395, 580, 396, 2, -1, -0.4636476090008061, 2.23606797749979
1591, 49, 592, 108, 590, 109, 2, -1, -0.4636476090008061, 2.23606797749979
1592, 0, 475, 95, 474, 96, 1, -1, -0.7853981633974483, 1.4142135623730951
1592, 2, 415, 348, 414, 349, 1, -1, -0.7853981633974483, 1.4142135623730951
1592, 3, 618, 392, 616, 392, 2, 0, 0.0, 2.0
1592, 4, 511, 130, 509, 130, 2, 0, 0.0, 2.0
1592, 5, 360, 125, 359, 126, 1, -1, -0.7853981633974483, 1.4142135623730951
1592, 7, 561, 106, 559, 106, 2, 0, 0.0, 2.0
1592, 8, 507, 404, 505, 405, 2, -1, -0.4636476090008061, 2.23606797749979
1592, 9, 392, 129, 390, 130, 2, -1, -0.4636476090008061, 2.23606797749979
1592, 11, 344, 355, 342, 355, 2, 0, 0.0, 2.0
1592, 13, 628, 403, 626, 404, 2, -1, -0.4636476090008061, 2.23606797749979
1592, 15, 473, 355, 471, 355, 2, 0, 0.0, 2.0
1592, 17, 589, 403, 587, 403, 2, 0, 0.0, 2.0
1592, 18, 409, 403, 407, 403, 2, 0, 0.0, 2.0
1592, 19, 429, 373, 427, 373, 2, 0, 0.0, 2.0
1592, 23, 561, 135, 559, 135, 2, 0, 0.0, 2.0
1592, 24, 572, 377, 570, 378, 2, -1, -0.4636476090008061, 2.23606797749979
1592, 25, 592, 140, 590, 140, 2, 0, 0.0, 2.0
1592, 26, 589, 115, 587, 116, 2, -1, -0.4636476090008061, 2.23606797749979
1592, 27, 625, 395, 624, 396, 1, -1, -0.7853981633974483, 1.4142135623730951
1592, 29, 595, 337, 593, 338, 2, -1, -0.4636476090008061, 2.23606797749979
1592, 31, 385, 354, 383, 354, 2, 0, 0.0, 2.0
1592, 33, 529, 369, 528, 370, 1, -1, -0.7853981633974483, 1.4142135623730951
1592, 34, 416, 104, 415, 105, 1, -1, -0.7853981633974483, 1.4142135623730951
1592, 36, 456, 373, 455, 374, 1, -1, -0.7853981633974483, 1.4142135623730951
1592, 37, 327, 390, 325, 390, 2, 0, 0.0, 2.0
1592, 38, 620, 331, 616, 330, 4, 1, 0.24497866312686414, 4.123105625617661
1592, 39, 421, 126, 420, 127, 1, -1, -0.7853981633974483, 1.4142135623730951
1592, 40, 521, 334, 520, 335, 1, -1, -0.7853981633974483, 1.4142135623730951
1592, 41, 427, 363, 426, 364, 1, -1, -0.7853981633974483, 1.4142135623730951
1592, 42, 524, 111, 522, 112, 2, -1, -0.4636476090008061, 2.23606797749979
1592, 43, 603, 139, 601, 139, 2, 0, 0.0, 2.0
1592, 44, 614, 399, 612, 399, 2, 0, 0.0, 2.0
1592, 45, 558, 376, 556, 376, 2, 0, 0.0, 2.0
1592, 46, 527, 103, 525, 103, 2, 0, 0.0, 2.0
1592, 47, 585, 394, 582, 395, 3, -1, -0.3217505543966422, 3.1622776601683795
1592, 49, 594, 107, 592, 108, 2, -1, -0.4636476090008061, 2.23606797749979
1593, 0, 476, 94, 475, 95, 1, -1, -0.7853981633974483, 1.4142135623730951
1593, 4, 513, 130, 511, 130, 2, 0, 0.0, 2.0
1593, 5, 361, 124, 360, 125, 1, -1, -0.7853981633974483, 1.4142135623730951
1593, 6, 500, 396, 498, 397, 2, -1, -0.4636476090008061, 2.23606797749979
1593, 8, 509, 404, 507, 404, 2, 0, 0.0, 2.0
1593, 11, 346, 355, 344, 355, 2, 0, 0.0, 2.0
1593, 13, 629, 402, 628, 403, 1, -1, -0.7853981633974483, 1.4142135623730951
1593, 15, 474, 354, 473, 355, 1, -1, -0.7853981633974483, 1.4142135623730951
1593, 17, 591, 402, 589, 403, 2, -1, -0.4636476090008061, 2.23606797749979
1593, 21, 352, 119, 351, 120, 1, -1, -0.7853981633974483, 1.4142135623730951
1593, 22, 363, 368, 362, 369, 1, -1, -0.7853981633974483, 1.4142135623730951
1593, 24, 574, 376, 572, 377, 2, -1, -0.4636476090008061, 2.23606797749979
1593, 26, 591, 114, 589, 115, 2, -1, -0.4636476090008061, 2.23606797749979
1593, 27, 627, 394, 625, 395, 2, -1, -0.4636476090008061, 2.23606797749979
1593, 28, 478, 125, 477, 126, 1, -1, -0.7853981633974483, 1.4142135623730951
1593, 29, 597, 337, 595, 337, 2, 0, 0.0, 2.0
1593, 30, 439, 116, 438, 117, 1, -1, -0.7853981633974483, 1.4142135623730951
1593, 31, 386, 353, 385, 354, 1, -1, -0.7853981633974483, 1.4142135623730951
1593, 34, 417, 103, 416, 104, 1, -1, -0.7853981633974483, 1.4142135623730951
1593, 38, 622, 331, 620, 331, 2, 0, 0.0, 2.0
1593, 39, 422, 125, 421, 126, 1, -1, -0.7853981633974483, 1.4142135623730951
1593, 42, 525, 110, 524, 111, 1, -1, -0.7853981633974483, 1.4142135623730951
1593, 44, 615, 398, 614, 399, 1, -1, -0.7853981633974483, 1.4142135623730951
1593, 45, 559, 374, 558, 376, 1, -2, -1.1071487177940904, 2.23606797749979
1593, 46, 529, 103, 527, 103, 2, 0, 0.0, 2.0
1593, 47, 587, 394, 585, 394, 2, 0, 0.0, 2.0
1593, 49, 595, 106, 594, 107, 1, -1, -0.7853981633974483, 1.4142135623730951
1594, 1, 361, 377, 360, 378, 1, -1, -0.7853981633974483, 1.4142135623730951
1594, 2, 418, 347, 416, 348, 2, -1, -0.4636476090008061, 2.23606797749979
1594, 4, 515, 130, 513, 130, 2, 0, 0.0, 2.0
1594, 8, 511, 404, 509, 404, 2, 0, 0.0, 2.0
1594, 10, 391, 122, 390, 123, 1, -1, -0.7853981633974483, 1.4142135623730951
1594, 11, 348, 354, 346, 355, 2, -1, -0.4636476090008061, 2.23606797749979
1594, 12, 362, 118, 361, 119, 1, -1, -0.7853981633974483, 1.4142135623730951
1594, 14, 624, 134, 623, 135, 1, -1, -0.7853981633974483, 1.4142135623730951
1594, 15, 475, 353, 474, 354, 1, -1, -0.7853981633974483, 1.4142135623730951
1594, 17, 592, 401, 591, 402, 1, -1, -0.7853981633974483, 1.4142135623730951
1594, 18, 411, 402, 410, 403, 1, -1, -0.7853981633974483, 1.4142135623730951
1594, 22, 365, 367, 363, 368, 2, -1, -0.4636476090008061, 2.23606797749979
1594, 23, 565, 135, 562, 135, 3, 0, 0.0, 3.0
1594, 24, 575, 375, 574, 376, 1, -1, -0.7853981633974483, 1.4142135623730951
1594, 25, 594, 139, 593, 140, 1, -1, -0.7853981633974483, 1.4142135623730951
1594, 26, 593, 113, 591, 114, 2, -1, -0.4636476090008061, 2.23606797749979
1594, 27, 629, 393, 627, 394, 2, -1, -0.4636476090008061, 2.23606797749979
1594, 29, 599, 337, 597, 337, 2, 0, 0.0, 2.0
1594, 32, 452, 113, 451, 114, 1, -1, -0.7853981633974483, 1.4142135623730951
1594, 34, 418, 102, 417, 103, 1, -1, -0.7853981633974483, 1.4142135623730951
1594, 35, 563, 346, 562, 347, 1, -1, -0.7853981633974483, 1.4142135623730951
1594, 39, 423, 124, 422, 125, 1, -1, -0.7853981633974483, 1.4142135623730951
1594, 41, 429, 362, 427, 363, 2, -1, -0.4636476090008061, 2.23606797749979
1594, 42, 526, 109, 525, 110, 1, -1, -0.7853981633974483, 1.4142135623730951
1594, 44, 616, 397, 615, 398, 1, -1, -0.7853981633974483, 1.4142135623730951
1594, 47, 589, 393, 587, 394, 2, -1, -0.4636476090008061, 2.23606797749979
1594, 49, 597, 105, 595, 106, 2, -1, -0.4636476090008061, 2.23606797749979
1595, 2, 419, 350, 418, 351, 1, -1, -0.7853981633974483, 1.4142135623730951
1595, 4, 346, 353, 345, 354, 1, -1, -0.7853981633974483, 1.4142135623730951
1595, 5, 508, 406, 507, 407, 1, -1, -0.7853981633974483, 1.4142135623730951
1595, 7, 618, 395, 617, 396, 1, -1, -0.7853981633974483, 1.4142135623730951
1595, 8, 392, 124, 391, 125, 1, -1, -0.7853981633974483, 1.4142135623730951
1595, 9, 562, 106, 560, 106, 2, 0, 0.0, 2.0
1595, 12, 529, 106, 528, 107, 1, -1, -0.7853981633974483, 1.4142135623730951
1595, 16, 628, 404, 627, 405, 1, -1, -0.7853981633974483, 1.4142135623730951
1595, 17, 590, 403, 588, 404, 2, -1, -0.4636476090008061, 2.23606797749979
1595, 20, 596, 338, 594, 339, 2, -1, -0.4636476090008061, 2.23606797749979
1595, 21, 481, 126, 479, 126, 2, 0, 0.0, 2.0
1595, 24, 595, 111, 593, 112, 2, -1, -0.4636476090008061, 2.23606797749979
1595, 25, 474, 354, 473, 355, 1, -1, -0.7853981633974483, 1.4142135623730951
1595, 26, 353, 121, 352, 122, 1, -1, -0.7853981633974483, 1.4142135623730951
1595, 29, 585, 82, 583, 84, 2, -2, -0.7853981633974483, 2.8284271247461903
1595, 30, 635, 332, 633, 332, 2, 0, 0.0, 2.0
1595, 31, 564, 346, 563, 347, 1, -1, -0.7853981633974483, 1.4142135623730951
1596, 1, 363, 378, 362, 379, 1, -1, -0.7853981633974483, 1.4142135623730951
1596, 2, 420, 349, 419, 350, 1, -1, -0.7853981633974483, 1.4142135623730951
1596, 5, 509, 405, 508, 406, 1, -1, -0.7853981633974483, 1.4142135623730951
1596, 9, 564, 106, 562, 106, 2, 0, 0.0, 2.0
1596, 12, 530, 105, 529, 106, 1, -1, -0.7853981633974483, 1.4142135623730951
1596, 16, 629, 403, 628, 404, 1, -1, -0.7853981633974483, 1.4142135623730951
1596, 17, 592, 402, 590, 403, 2, -1, -0.4636476090008061, 2.23606797749979
1596, 18, 409, 402, 408, 403, 1, -1, -0.7853981633974483, 1.4142135623730951
1596, 20, 597, 337, 596, 338, 1, -1, -0.7853981633974483, 1.4142135623730951
1596, 23, 593, 142, 591, 142, 2, 0, 0.0, 2.0
1596, 24, 596, 110, 595, 111, 1, -1, -0.7853981633974483, 1.4142135623730951
1596, 26, 354, 120, 353, 121, 1, -1, -0.7853981633974483, 1.4142135623730951
1596, 28, 587, 81, 585, 82, 2, -1, -0.4636476090008061, 2.23606797749979
1596, 30, 565, 345, 564, 346, 1, -1, -0.7853981633974483, 1.4142135623730951
1596, 31, 424, 127, 423, 128, 1, -1, -0.7853981633974483, 1.4142135623730951
1596, 32, 564, 135, 563, 136, 1, -1, -0.7853981633974483, 1.4142135623730951
1597, 0, 481, 96, 480, 97, 1, -1, -0.7853981633974483, 1.4142135623730951
1597, 1, 364, 377, 363, 378, 1, -1, -0.7853981633974483, 1.4142135623730951
1597, 8, 393, 123, 392, 124, 1, -1, -0.7853981633974483, 1.4142135623730951
1597, 9, 566, 105, 564, 106, 2, -1, -0.4636476090008061, 2.23606797749979
1597, 12, 532, 105, 530, 105, 2, 0, 0.0, 2.0
1597, 13, 363, 123, 362, 124, 1, -1, -0.7853981633974483, 1.4142135623730951
1597, 18, 410, 401, 409, 402, 1, -1, -0.7853981633974483, 1.4142135623730951
1597, 20, 599, 336, 597, 337, 2, -1, -0.4636476090008061, 2.23606797749979
1597, 23, 595, 142, 593, 142, 2, 0, 0.0, 2.0
1597, 25, 475, 352, 474, 353, 1, -1, -0.7853981633974483, 1.4142135623730951
1597, 26, 356, 119, 354, 120, 2, -1, -0.4636476090008061, 2.23606797749979
1597, 27, 626, 135, 625, 136, 1, -1, -0.7853981633974483, 1.4142135623730951
1597, 28, 583, 82, 587, 81, -4, 1, 2.896613990462929, 4.123105625617661
1597, 30, 566, 344, 565, 345, 1, -1, -0.7853981633974483, 1.4142135623730951
1597, 31, 425, 126, 424, 127, 1, -1, -0.7853981633974483, 1.4142135623730951
1598, 0, 482, 95, 481, 96, 1, -1, -0.7853981633974483, 1.4142135623730951
1598, 1, 366, 376, 364, 377, 2, -1, -0.4636476090008061, 2.23606797749979
1598, 4, 349, 352, 348, 353, 1, -1, -0.7853981633974483, 1.4142135623730951
1598, 5, 511, 404, 510, 405, 1, -1, -0.7853981633974483, 1.4142135623730951
1598, 8, 394, 122, 393, 123, 1, -1, -0.7853981633974483, 1.4142135623730951
1598, 11, 434, 373, 433, 374, 1, -1, -0.7853981633974483, 1.4142135623730951
1598, 12, 534, 105, 532, 105, 2, 0, 0.0, 2.0
1598, 13, 364, 122, 363, 123, 1, -1, -0.7853981633974483, 1.4142135623730951
1598, 15, 456, 115, 455, 116, 1, -1, -0.7853981633974483, 1.4142135623730951
1598, 17, 594, 401, 593, 402, 1, -1, -0.7853981633974483, 1.4142135623730951
1598, 20, 600, 335, 599, 336, 1, -1, -0.7853981633974483, 1.4142135623730951
1598, 21, 485, 126, 483, 126, 2, 0, 0.0, 2.0
1598, 23, 597, 142, 595, 142, 2, 0, 0.0, 2.0
1598, 25, 476, 351, 475, 352, 1, -1, -0.7853981633974483, 1.4142135623730951
1598, 26, 357, 118, 356, 119, 1, -1, -0.7853981633974483, 1.4142135623730951
1598, 27, 628, 134, 626, 135, 2, -1, -0.4636476090008061, 2.23606797749979
1598, 28, 585, 81, 583, 82, 2, -1, -0.4636476090008061, 2.23606797749979
1598, 31, 426, 125, 425, 126, 1, -1, -0.7853981633974483, 1.4142135623730951
1598, 32, 567, 135, 565, 135, 2, 0, 0.0, 2.0
1599, 0, 483, 94, 482, 95, 1, -1, -0.7853981633974483, 1.4142135623730951
1599, 3, 518, 132, 516, 131, 2, 1, 0.4636476090008061, 2.23606797749979
1599, 4, 350, 351, 349, 352, 1, -1, -0.7853981633974483, 1.4142135623730951
1599, 8, 396, 121, 394, 122, 2, -1, -0.4636476090008061, 2.23606797749979
1599, 11, 436, 372, 434, 373, 2, -1, -0.4636476090008061, 2.23606797749979
1599, 13, 365, 121, 364, 122, 1, -1, -0.7853981633974483, 1.4142135623730951
1599, 15, 458, 115, 456, 115, 2, 0, 0.0, 2.0
1599, 18, 412, 400, 411, 401, 1, -1, -0.7853981633974483, 1.4142135623730951
1599, 19, 536, 370, 534, 370, 2, 0, 0.0, 2.0
1599, 20, 602, 334, 600, 335, 2, -1, -0.4636476090008061, 2.23606797749979
1599, 23, 599, 142, 597, 142, 2, 0, 0.0, 2.0
1599, 25, 477, 350, 476, 351, 1, -1, -0.7853981633974483, 1.4142135623730951
1599, 27, 630, 133, 628, 134, 2, -1, -0.4636476090008061, 2.23606797749979
1599, 28, 587, 80, 585, 81, 2, -1, -0.4636476090008061, 2.23606797749979
1599, 29, 632, 331, 635, 332, -3, -1, -2.819842099193151, 3.1622776601683795
1599, 30, 568, 343, 567, 344, 1, -1, -0.7853981633974483, 1.4142135623730951
1599, 31, 427, 124, 426, 125, 1, -1, -0.7853981633974483, 1.4142135623730951
1600, 1, 485, 96, 483, 97, 2, -1, -0.4636476090008061, 2.23606797749979
1600, 3, 567, 107, 565, 107, 2, 0, 0.0, 2.0
1600, 4, 622, 396, 621, 397, 1, -1, -0.7853981633974483, 1.4142135623730951
1600, 5, 632, 403, 631, 404, 1, -1, -0.7853981633974483, 1.4142135623730951
1600, 11, 536, 371, 535, 372, 1, -1, -0.7853981633974483, 1.4142135623730951
1600, 12, 478, 354, 477, 355, 1, -1, -0.7853981633974483, 1.4142135623730951
1600, 13, 351, 352, 349, 353, 2, -1, -0.4636476090008061, 2.23606797749979
1600, 14, 510, 397, 509, 398, 1, -1, -0.7853981633974483, 1.4142135623730951
1600, 18, 602, 144, 600, 144, 2, 0, 0.0, 2.0
1600, 19, 456, 117, 454, 118, 2, -1, -0.4636476090008061, 2.23606797749979
1600, 22, 521, 106, 520, 107, 1, -1, -0.7853981633974483, 1.4142135623730951
1600, 23, 402, 377, 401, 378, 1, -1, -0.7853981633974483, 1.4142135623730951
1600, 24, 593, 403, 592, 404, 1, -1, -0.7853981633974483, 1.4142135623730951
1600, 25, 370, 371, 368, 371, 2, 0, 0.0, 2.0
1600, 27, 588, 110, 587, 111, 1, -1, -0.7853981633974483, 1.4142135623730951
1600, 30, 427, 126, 426, 127, 1, -1, -0.7853981633974483, 1.4142135623730951
1600, 33, 568, 346, 567, 347, 1, -1, -0.7853981633974483, 1.4142135623730951
1600, 34, 555, 338, 553, 339, 2, -1, -0.4636476090008061, 2.23606797749979
1600, 36, 464, 374, 462, 375, 2, -1, -0.4636476090008061, 2.23606797749979
1600, 37, 484, 402, 483, 403, 1, -1, -0.7853981633974483, 1.4142135623730951
1600, 38, 581, 378, 580, 379, 1, -1, -0.7853981633974483, 1.4142135623730951
1600, 39, 583, 394, 582, 395, 1, -1, -0.7853981633974483, 1.4142135623730951
1600, 41, 631, 135, 629, 136, 2, -1, -0.4636476090008061, 2.23606797749979
1600, 44, 592, 82, 589, 83, 3, -1, -0.3217505543966422, 3.1622776601683795
1600, 47, 391, 353, 389, 353, 2, 0, 0.0, 2.0
1600, 48, 627, 336, 625, 337, 2, -1, -0.4636476090008061, 2.23606797749979
1600, 50, 425, 105, 423, 105, 2, 0, 0.0, 2.0
1600, 51, 518, 333, 516, 334, 2, -1, -0.4636476090008061, 2.23606797749979
1601, 0, 367, 378, 366, 379, 1, -1, -0.7853981633974483, 1.4142135623730951
1601, 1, 487, 95, 485, 96, 2, -1, -0.4636476090008061, 2.23606797749979
1601, 2, 423, 350, 422, 351, 1, -1, -0.7853981633974483, 1.4142135623730951
1601, 4, 624, 396, 622, 396, 2, 0, 0.0, 2.0
1601, 5, 633, 402, 632, 403, 1, -1, -0.7853981633974483, 1.4142135623730951
1601, 6, 365, 119, 364, 120, 1, -1, -0.7853981633974483, 1.4142135623730951
1601, 7, 512, 405, 511, 406, 1, -1, -0.7853981633974483, 1.4142135623730951
1601, 8, 397, 123, 396, 124, 1, -1, -0.7853981633974483, 1.4142135623730951
1601, 9, 520, 132, 518, 132, 2, 0, 0.0, 2.0
1601, 10, 502, 396, 500, 397, 2, -1, -0.4636476090008061, 2.23606797749979
1601, 12, 480, 353, 478, 354, 2, -1, -0.4636476090008061, 2.23606797749979
1601, 13, 354, 352, 351, 352, 3, 0, 0.0, 3.0
1601, 14, 511, 396, 510, 397, 1, -1, -0.7853981633974483, 1.4142135623730951
1601, 18, 604, 144, 602, 144, 2, 0, 0.0, 2.0
1601, 19, 457, 116, 456, 117, 1, -1, -0.7853981633974483, 1.4142135623730951
1601, 23, 403, 376, 402, 377, 1, -1, -0.7853981633974483, 1.4142135623730951
1601, 27, 589, 109, 588, 110, 1, -1, -0.7853981633974483, 1.4142135623730951
1601, 28, 486, 127, 484, 127, 2, 0, 0.0, 2.0
1601, 30, 428, 125, 427, 126, 1, -1, -0.7853981633974483, 1.4142135623730951
1601, 31, 631, 393, 630, 394, 1, -1, -0.7853981633974483, 1.4142135623730951
1601, 32, 612, 391, 611, 392, 1, -1, -0.7853981633974483, 1.4142135623730951
1601, 33, 570, 345, 568, 346, 2, -1, -0.4636476090008061, 2.23606797749979
1601, 34, 556, 337, 555, 338, 1, -1, -0.7853981633974483, 1.4142135623730951
1601, 36, 466, 373, 464, 374, 2, -1, -0.4636476090008061, 2.23606797749979
1601, 37, 486, 401, 484, 402, 2, -1, -0.4636476090008061, 2.23606797749979
1601, 38, 582, 377, 581, 378, 1, -1, -0.7853981633974483, 1.4142135623730951
1601, 41, 634, 134, 631, 135, 3, -1, -0.3217505543966422, 3.1622776601683795
1601, 43, 603, 338, 601, 339, 2, -1, -0.4636476090008061, 2.23606797749979
1601, 44, 593, 81, 592, 82, 1, -1, -0.7853981633974483, 1.4142135623730951
1601, 47, 392, 352, 391, 353, 1, -1, -0.7853981633974483, 1.4142135623730951
1601, 48, 630, 335, 627, 336, 3, -1, -0.3217505543966422, 3.1622776601683795
1601, 50, 427, 104, 425, 105, 2, -1, -0.4636476090008061, 2.23606797749979
1601, 51, 520, 333, 518, 333, 2, 0, 0.0, 2.0
1602, 1, 489, 94, 487, 95, 2, -1, -0.4636476090008061, 2.23606797749979
1602, 2, 424, 349, 423, 350, 1, -1, -0.7853981633974483, 1.4142135623730951
1602, 4, 625, 395, 624, 396, 1, -1, -0.7853981633974483, 1.4142135623730951
1602, 6, 366, 118, 365, 119, 1, -1, -0.7853981633974483, 1.4142135623730951
1602, 8, 398, 122, 397, 123, 1, -1, -0.7853981633974483, 1.4142135623730951
1602, 9, 522, 132, 520, 132, 2, 0, 0.0, 2.0
1602, 10, 505, 395, 502, 396, 3, -1, -0.3217505543966422, 3.1622776601683795
1602, 11, 538, 370, 537, 371, 1, -1, -0.7853981633974483, 1.4142135623730951
1602, 12, 482, 352, 480, 353, 2, -1, -0.4636476090008061, 2.23606797749979
1602, 13, 356, 351, 354, 352, 2, -1, -0.4636476090008061, 2.23606797749979
1602, 14, 513, 395, 511, 396, 2, -1, -0.4636476090008061, 2.23606797749979
1602, 18, 606, 143, 604, 144, 2, -1, -0.4636476090008061, 2.23606797749979
1602, 19, 458, 115, 457, 116, 1, -1, -0.7853981633974483, 1.4142135623730951
1602, 20, 602, 112, 600, 112, 2, 0, 0.0, 2.0
1602, 24, 595, 402, 594, 403, 1, -1, -0.7853981633974483, 1.4142135623730951
1602, 25, 372, 370, 371, 371, 1, -1, -0.7853981633974483, 1.4142135623730951
1602, 26, 333, 383, 332, 384, 1, -1, -0.7853981633974483, 1.4142135623730951
1602, 27, 590, 108, 589, 109, 1, -1, -0.7853981633974483, 1.4142135623730951
1602, 29, 570, 136, 569, 137, 1, -1, -0.7853981633974483, 1.4142135623730951
1602, 30, 429, 124, 428, 125, 1, -1, -0.7853981633974483, 1.4142135623730951
1602, 31, 632, 392, 631, 393, 1, -1, -0.7853981633974483, 1.4142135623730951
1602, 32, 615, 389, 612, 391, 3, -2, -0.5880026035475675, 3.605551275463989
1602, 33, 571, 344, 570, 345, 1, -1, -0.7853981633974483, 1.4142135623730951
1602, 34, 558, 336, 556, 337, 2, -1, -0.4636476090008061, 2.23606797749979
1602, 35, 360, 373, 358, 372, 2, 1, 0.4636476090008061, 2.23606797749979
1602, 36, 468, 372, 466, 373, 2, -1, -0.4636476090008061, 2.23606797749979
1602, 37, 488, 400, 486, 401, 2, -1, -0.4636476090008061, 2.23606797749979
1602, 38, 584, 377, 582, 377, 2, 0, 0.0, 2.0
1602, 41, 635, 133, 634, 134, 1, -1, -0.7853981633974483, 1.4142135623730951
1602, 43, 604, 337, 603, 338, 1, -1, -0.7853981633974483, 1.4142135623730951
1602, 46, 608, 83, 606, 84, 2, -1, -0.4636476090008061, 2.23606797749979
1602, 47, 394, 351, 392, 352, 2, -1, -0.4636476090008061, 2.23606797749979
1602, 48, 628, 334, 630, 335, -2, -1, -2.677945044588987, 2.23606797749979
1602, 50, 428, 103, 427, 104, 1, -1, -0.7853981633974483, 1.4142135623730951
1602, 51, 521, 334, 520, 333, 1, 1, 0.7853981633974483, 1.4142135623730951
1603, 0, 370, 377, 368, 378, 2, -1, -0.4636476090008061, 2.23606797749979
1603, 1, 491, 94, 489, 94, 2, 0, 0.0, 2.0
1603, 2, 425, 348, 424, 349, 1, -1, -0.7853981633974483, 1.4142135623730951
1603, 3, 571, 106, 569, 107, 2, -1, -0.4636476090008061, 2.23606797749979
1603, 4, 626, 394, 625, 395, 1, -1, -0.7853981633974483, 1.4142135623730951
1603, 6, 367, 117, 366, 118, 1, -1, -0.7853981633974483, 1.4142135623730951
1603, 7, 514, 404, 513, 405, 1, -1, -0.7853981633974483, 1.4142135623730951
1603, 10, 508, 393, 505, 395, 3, -2, -0.5880026035475675, 3.605551275463989
1603, 11, 539, 369, 538, 370, 1, -1, -0.7853981633974483, 1.4142135623730951
1603, 12, 484, 351, 482, 352, 2, -1, -0.4636476090008061, 2.23606797749979
1603, 13, 358, 350, 356, 351, 2, -1, -0.4636476090008061, 2.23606797749979
1603, 14, 514, 394, 513, 395, 1, -1, -0.7853981633974483, 1.4142135623730951
1603, 16, 416, 403, 415, 404, 1, -1, -0.7853981633974483, 1.4142135623730951
1603, 17, 609, 142, 606, 143, 3, -1, -0.3217505543966422, 3.1622776601683795
1603, 18, 460, 114, 458, 115, 2, -1, -0.4636476090008061, 2.23606797749979
1603, 21, 525, 105, 523, 106, 2, -1, -0.4636476090008061, 2.23606797749979
1603, 23, 597, 402, 595, 402, 2, 0, 0.0, 2.0
1603, 26, 592, 107, 590, 108, 2, -1, -0.4636476090008061, 2.23606797749979
1603, 27, 489, 127, 487, 127, 2, 0, 0.0, 2.0
1603, 28, 572, 135, 570, 136, 2, -1, -0.4636476090008061, 2.23606797749979
1603, 29, 430, 123, 429, 124, 1, -1, -0.7853981633974483, 1.4142135623730951
1603, 31, 619, 387, 615, 389, 4, -2, -0.4636476090008061, 4.47213595499958
1603, 32, 572, 343, 571, 344, 1, -1, -0.7853981633974483, 1.4142135623730951
1603, 33, 560, 336, 558, 336, 2, 0, 0.0, 2.0
1603, 34, 363, 373, 360, 373, 3, 0, 0.0, 3.0
1603, 35, 469, 371, 468, 372, 1, -1, -0.7853981633974483, 1.4142135623730951
1603, 36, 490, 400, 488, 400, 2, 0, 0.0, 2.0
1603, 37, 586, 377, 584, 377, 2, 0, 0.0, 2.0
1603, 38, 587, 393, 585, 394, 2, -1, -0.4636476090008061, 2.23606797749979
1603, 39, 399, 370, 398, 371, 1, -1, -0.7853981633974483, 1.4142135623730951
1603, 42, 606, 337, 604, 337, 2, 0, 0.0, 2.0
1603, 43, 594, 81, 592, 81, 2, 0, 0.0, 2.0
1603, 45, 610, 82, 608, 83, 2, -1, -0.4636476090008061, 2.23606797749979
1603, 47, 625, 334, 628, 334, -3, 0, 3.141592653589793, 3.0
1603, 49, 430, 103, 428, 103, 2, 0, 0.0, 2.0
1604, 0, 372, 376, 370, 377, 2, -1, -0.4636476090008061, 2.23606797749979
1604, 1, 493, 93, 491, 94, 2, -1, -0.4636476090008061, 2.23606797749979
1604, 4, 628, 393, 626, 394, 2, -1, -0.4636476090008061, 2.23606797749979
1604, 6, 368, 116, 367, 117, 1, -1, -0.7853981633974483, 1.4142135623730951
1604, 7, 515, 403, 514, 404, 1, -1, -0.7853981633974483, 1.4142135623730951
1604, 8, 400, 121, 399, 122, 1, -1, -0.7853981633974483, 1.4142135623730951
1604, 10, 511, 392, 508, 393, 3, -1, -0.3217505543966422, 3.1622776601683795
1604, 11, 540, 368, 539, 369, 1, -1, -0.7853981633974483, 1.4142135623730951
1604, 12, 486, 351, 484, 351, 2, 0, 0.0, 2.0
1604, 13, 359, 349, 358, 350, 1, -1, -0.7853981633974483, 1.4142135623730951
1604, 16, 418, 402, 416, 403, 2, -1, -0.4636476090008061, 2.23606797749979
1604, 17, 612, 142, 609, 142, 3, 0, 0.0, 3.0
1604, 20, 339, 391, 337, 391, 2, 0, 0.0, 2.0
1604, 21, 527, 105, 525, 105, 2, 0, 0.0, 2.0
1604, 22, 406, 375, 405, 376, 1, -1, -0.7853981633974483, 1.4142135623730951
1604, 23, 599, 402, 597, 402, 2, 0, 0.0, 2.0
1604, 27, 491, 127, 489, 127, 2, 0, 0.0, 2.0
1604, 28, 574, 134, 572, 135, 2, -1, -0.4636476090008061, 2.23606797749979
1604, 29, 431, 122, 430, 123, 1, -1, -0.7853981633974483, 1.4142135623730951
1604, 30, 634, 391, 632, 392, 2, -1, -0.4636476090008061, 2.23606797749979
1604, 31, 622, 386, 619, 387, 3, -1, -0.3217505543966422, 3.1622776601683795
1604, 32, 574, 342, 572, 343, 2, -1, -0.4636476090008061, 2.23606797749979
1604, 34, 365, 373, 363, 373, 2, 0, 0.0, 2.0
1604, 35, 471, 370, 469, 371, 2, -1, -0.4636476090008061, 2.23606797749979
1604, 36, 492, 399, 490, 400, 2, -1, -0.4636476090008061, 2.23606797749979
1604, 37, 588, 376, 586, 377, 2, -1, -0.4636476090008061, 2.23606797749979
1604, 38, 590, 391, 587, 393, 3, -2, -0.5880026035475675, 3.605551275463989
1604, 39, 400, 369, 399, 370, 1, -1, -0.7853981633974483, 1.4142135623730951
1604, 41, 426, 82, 428, 82, -2, 0, 3.141592653589793, 2.0
1604, 43, 596, 81, 594, 81, 2, 0, 0.0, 2.0
1604, 46, 397, 351, 395, 351, 2, 0, 0.0, 2.0
1604, 47, 623, 334, 625, 334, -2, 0, 3.141592653589793, 2.0
1604, 50, 523, 333, 522, 334, 1, -1, -0.7853981633974483, 1.4142135623730951
1605, 0, 487, 97, 486, 98, 1, -1, -0.7853981633974483, 1.4142135623730951
1605, 1, 372, 378, 370, 379, 2, -1, -0.4636476090008061, 2.23606797749979
1605, 2, 357, 354, 355, 354, 2, 0, 0.0, 2.0
1605, 3, 635, 403, 637, 404, -2, -1, -2.677945044588987, 2.23606797749979
1605, 4, 518, 406, 516, 406, 2, 0, 0.0, 2.0
1605, 5, 572, 107, 570, 107, 2, 0, 0.0, 2.0
1605, 9, 511, 394, 507, 396, 4, -2, -0.4636476090008061, 4.47213595499958
1605, 11, 370, 117, 369, 118, 1, -1, -0.7853981633974483, 1.4142135623730951
1605, 12, 542, 371, 540, 372, 2, -1, -0.4636476090008061, 2.23606797749979
1605, 15, 625, 390, 621, 391, 4, -1, -0.24497866312686414, 4.123105625617661
1605, 19, 406, 377, 405, 378, 1, -1, -0.7853981633974483, 1.4142135623730951
1605, 21, 463, 115, 461, 115, 2, 0, 0.0, 2.0
1605, 23, 483, 352, 482, 353, 1, -1, -0.7853981633974483, 1.4142135623730951
1605, 25, 597, 403, 596, 404, 1, -1, -0.7853981633974483, 1.4142135623730951
1605, 27, 604, 142, 601, 143, 3, -1, -0.3217505543966422, 3.1622776601683795
1605, 28, 466, 378, 464, 379, 2, -1, -0.4636476090008061, 2.23606797749979
1605, 30, 574, 136, 572, 137, 2, -1, -0.4636476090008061, 2.23606797749979
1605, 31, 594, 111, 592, 111, 2, 0, 0.0, 2.0
1605, 32, 589, 393, 587, 394, 2, -1, -0.4636476090008061, 2.23606797749979
1605, 33, 364, 120, 362, 121, 2, -1, -0.4636476090008061, 2.23606797749979
1605, 34, 574, 345, 572, 346, 2, -1, -0.4636476090008061, 2.23606797749979
1605, 35, 419, 403, 417, 404, 2, -1, -0.4636476090008061, 2.23606797749979
1605, 36, 450, 122, 449, 123, 1, -1, -0.7853981633974483, 1.4142135623730951
1605, 38, 433, 127, 432, 128, 1, -1, -0.7853981633974483, 1.4142135623730951
1606, 0, 488, 96, 487, 97, 1, -1, -0.7853981633974483, 1.4142135623730951
1606, 1, 373, 377, 372, 378, 1, -1, -0.7853981633974483, 1.4142135623730951
1606, 2, 358, 353, 357, 354, 1, -1, -0.7853981633974483, 1.4142135623730951
1606, 4, 520, 406, 518, 406, 2, 0, 0.0, 2.0
1606, 5, 574, 107, 572, 107, 2, 0, 0.0, 2.0
1606, 6, 524, 133, 522, 133, 2, 0, 0.0, 2.0
1606, 8, 628, 395, 627, 396, 1, -1, -0.7853981633974483, 1.4142135623730951
1606, 9, 514, 393, 511, 394, 3, -1, -0.3217505543966422, 3.1622776601683795
1606, 11, 371, 116, 370, 117, 1, -1, -0.7853981633974483, 1.4142135623730951
1606, 12, 544, 370, 542, 371, 2, -1, -0.4636476090008061, 2.23606797749979
1606, 13, 401, 121, 400, 122, 1, -1, -0.7853981633974483, 1.4142135623730951
1606, 15, 629, 389, 625, 390, 4, -1, -0.24497866312686414, 4.123105625617661
1606, 17, 616, 142, 615, 143, 1, -1, -0.7853981633974483, 1.4142135623730951
1606, 19, 407, 376, 406, 377, 1, -1, -0.7853981633974483, 1.4142135623730951
1606, 20, 539, 107, 537, 107, 2, 0, 0.0, 2.0
1606, 21, 465, 115, 463, 115, 2, 0, 0.0, 2.0
1606, 22, 605, 112, 603, 112, 2, 0, 0.0, 2.0
1606, 23, 485, 351, 483, 352, 2, -1, -0.4636476090008061, 2.23606797749979
1606, 24, 530, 332, 528, 332, 2, 0, 0.0, 2.0
1606, 25, 598, 402, 597, 403, 1, -1, -0.7853981633974483, 1.4142135623730951
1606, 27, 606, 141, 604, 142, 2, -1, -0.4636476090008061, 2.23606797749979
1606, 28, 467, 377, 466, 378, 1, -1, -0.7853981633974483, 1.4142135623730951
1606, 29, 609, 339, 607, 339, 2, 0, 0.0, 2.0
1606, 30, 576, 135, 574, 136, 2, -1, -0.4636476090008061, 2.23606797749979
1606, 31, 596, 111, 594, 111, 2, 0, 0.0, 2.0
1606, 32, 592, 392, 589, 393, 3, -1, -0.3217505543966422, 3.1622776601683795
1606, 33, 365, 119, 364, 120, 1, -1, -0.7853981633974483, 1.4142135623730951
1606, 34, 576, 344, 574, 345, 2, -1, -0.4636476090008061, 2.23606797749979
1606, 35, 420, 402, 419, 403, 1, -1, -0.7853981633974483, 1.4142135623730951
1606, 38, 434, 126, 433, 127, 1, -1, -0.7853981633974483, 1.4142135623730951
1606, 39, 432, 104, 431, 105, 1, -1, -0.7853981633974483, 1.4142135623730951
1607, 0, 489, 95, 488, 96, 1, -1, -0.7853981633974483, 1.4142135623730951
1607, 1, 374, 376, 373, 377, 1, -1, -0.7853981633974483, 1.4142135623730951
1607, 2, 359, 352, 358, 353, 1, -1, -0.7853981633974483, 1.4142135623730951
1607, 4, 522, 406, 520, 406, 2, 0, 0.0, 2.0
1607, 7, 430, 350, 429, 351, 1, -1, -0.7853981633974483, 1.4142135623730951
1607, 8, 630, 395, 628, 395, 2, 0, 0.0, 2.0
1607, 9, 517, 392, 514, 393, 3, -1, -0.3217505543966422, 3.1622776601683795
1607, 11, 372, 115, 371, 116, 1, -1, -0.7853981633974483, 1.4142135623730951
1607, 12, 546, 369, 544, 370, 2, -1, -0.4636476090008061, 2.23606797749979
1607, 13, 403, 120, 401, 121, 2, -1, -0.4636476090008061, 2.23606797749979
1607, 15, 632, 388, 629, 389, 3, -1, -0.3217505543966422, 3.1622776601683795
1607, 18, 518, 398, 516, 398, 2, 0, 0.0, 2.0
1607, 19, 409, 376, 407, 376, 2, 0, 0.0, 2.0
1607, 20, 541, 107, 539, 107, 2, 0, 0.0, 2.0
1607, 21, 467, 115, 465, 115, 2, 0, 0.0, 2.0
1607, 22, 607, 112, 605, 112, 2, 0, 0.0, 2.0
1607, 23, 487, 350, 485, 351, 2, -1, -0.4636476090008061, 2.23606797749979
1607, 25, 600, 401, 598, 402, 2, -1, -0.4636476090008061, 2.23606797749979
1607, 27, 607, 140, 606, 141, 1, -1, -0.7853981633974483, 1.4142135623730951
1607, 29, 611, 338, 609, 339, 2, -1, -0.4636476090008061, 2.23606797749979
1607, 30, 577, 134, 576, 135, 1, -1, -0.7853981633974483, 1.4142135623730951
1607, 31, 598, 110, 596, 111, 2, -1, -0.4636476090008061, 2.23606797749979
1607, 32, 596, 391, 592, 392, 4, -1, -0.24497866312686414, 4.123105625617661
1607, 33, 366, 118, 365, 119, 1, -1, -0.7853981633974483, 1.4142135623730951
1607, 34, 578, 343, 576, 344, 2, -1, -0.4636476090008061, 2.23606797749979
1607, 35, 421, 401, 420, 402, 1, -1, -0.7853981633974483, 1.4142135623730951
1607, 36, 451, 120, 450, 121, 1, -1, -0.7853981633974483, 1.4142135623730951
1608, 0, 491, 94, 489, 95, 2, -1, -0.4636476090008061, 2.23606797749979
1608, 1, 375, 375, 374, 376, 1, -1, -0.7853981633974483, 1.4142135623730951
1608, 4, 524, 406, 522, 406, 2, 0, 0.0, 2.0
1608, 5, 577, 107, 575, 107, 2, 0, 0.0, 2.0
1608, 6, 527, 134, 525, 133, 2, 1, 0.4636476090008061, 2.23606797749979
1608, 9, 520, 390, 517, 392, 3, -2, -0.5880026035475675, 3.605551275463989
1608, 11, 373, 114, 372, 115, 1, -1, -0.7853981633974483, 1.4142135623730951
1608, 12, 547, 368, 546, 369, 1, -1, -0.7853981633974483, 1.4142135623730951
1608, 13, 404, 119, 403, 120, 1, -1, -0.7853981633974483, 1.4142135623730951
1608, 15, 635, 386, 632, 388, 3, -2, -0.5880026035475675, 3.605551275463989
1608, 19, 410, 375, 409, 376, 1, -1, -0.7853981633974483, 1.4142135623730951
1608, 21, 468, 114, 467, 115, 1, -1, -0.7853981633974483, 1.4142135623730951
1608, 22, 609, 112, 607, 112, 2, 0, 0.0, 2.0
1608, 23, 488, 349, 487, 350, 1, -1, -0.7853981633974483, 1.4142135623730951
1608, 25, 602, 401, 600, 401, 2, 0, 0.0, 2.0
1608, 27, 608, 139, 607, 140, 1, -1, -0.7853981633974483, 1.4142135623730951
1608, 30, 578, 133, 577, 134, 1, -1, -0.7853981633974483, 1.4142135623730951
1608, 32, 599, 390, 596, 391, 3, -1, -0.3217505543966422, 3.1622776601683795
1608, 34, 580, 342, 578, 343, 2, -1, -0.4636476090008061, 2.23606797749979
1609, 1, 376, 374, 375, 375, 1, -1, -0.7853981633974483, 1.4142135623730951
1609, 4, 526, 406, 524, 406, 2, 0, 0.0, 2.0
1609, 7, 432, 349, 431, 350, 1, -1, -0.7853981633974483, 1.4142135623730951
1609, 11, 375, 113, 373, 114, 2, -1, -0.4636476090008061, 2.23606797749979
1609, 12, 549, 367, 547, 368, 2, -1, -0.4636476090008061, 2.23606797749979
1609, 13, 406, 118, 404, 119, 2, -1, -0.4636476090008061, 2.23606797749979
1609, 15, 635, 384, 635, 386, 0, -2, -1.5707963267948966, 2.0
1609, 18, 520, 397, 519, 398, 1, -1, -0.7853981633974483, 1.4142135623730951
1609, 19, 412, 374, 410, 375, 2, -1, -0.4636476090008061, 2.23606797749979
1609, 20, 546, 107, 542, 107, 4, 0, 0.0, 4.0
1609, 22, 614, 112, 609, 112, 5, 0, 0.0, 5.0
1609, 23, 490, 349, 488, 349, 2, 0, 0.0, 2.0
1609, 24, 606, 401, 602, 401, 4, 0, 0.0, 4.0
1609, 26, 609, 138, 608, 139, 1, -1, -0.7853981633974483, 1.4142135623730951
1609, 28, 614, 337, 612, 338, 2, -1, -0.4636476090008061, 2.23606797749979
1609, 30, 601, 109, 599, 110, 2, -1, -0.4636476090008061, 2.23606797749979
1609, 31, 369, 117, 367, 118, 2, -1, -0.4636476090008061, 2.23606797749979
1609, 33, 424, 400, 422, 401, 2, -1, -0.4636476090008061, 2.23606797749979
1610, 0, 492, 96, 491, 97, 1, -1, -0.7853981633974483, 1.4142135623730951
1610, 1, 375, 377, 374, 378, 1, -1, -0.7853981633974483, 1.4142135623730951
1610, 4, 406, 122, 405, 123, 1, -1, -0.7853981633974483, 1.4142135623730951
1610, 6, 631, 395, 630, 396, 1, -1, -0.7853981633974483, 1.4142135623730951
1610, 7, 433, 351, 431, 352, 2, -1, -0.4636476090008061, 2.23606797749979
1610, 9, 488, 352, 487, 353, 1, -1, -0.7853981633974483, 1.4142135623730951
1610, 12, 607, 145, 606, 144, 1, 1, 0.7853981633974483, 1.4142135623730951
1610, 14, 340, 384, 338, 385, 2, -1, -0.4636476090008061, 2.23606797749979
1610, 15, 343, 390, 342, 391, 1, -1, -0.7853981633974483, 1.4142135623730951
1610, 16, 547, 369, 546, 370, 1, -1, -0.7853981633974483, 1.4142135623730951
1610, 23, 496, 127, 494, 128, 2, -1, -0.4636476090008061, 2.23606797749979
1610, 24, 600, 114, 599, 115, 1, -1, -0.7853981633974483, 1.4142135623730951
1610, 25, 474, 374, 472, 375, 2, -1, -0.4636476090008061, 2.23606797749979
1610, 26, 422, 397, 421, 398, 1, -1, -0.7853981633974483, 1.4142135623730951
1610, 28, 580, 344, 578, 345, 2, -1, -0.4636476090008061, 2.23606797749979
1610, 29, 463, 371, 462, 372, 1, -1, -0.7853981633974483, 1.4142135623730951
1610, 30, 408, 370, 406, 371, 2, -1, -0.4636476090008061, 2.23606797749979
1610, 35, 367, 120, 366, 121, 1, -1, -0.7853981633974483, 1.4142135623730951
1610, 36, 597, 150, 596, 151, 1, -1, -0.7853981633974483, 1.4142135623730951
1610, 37, 431, 131, 429, 132, 2, -1, -0.4636476090008061, 2.23606797749979
1610, 38, 635, 138, 637, 138, -2, 0, 3.141592653589793, 2.0
1610, 39, 500, 367, 497, 367, 3, 0, 0.0, 3.0
1610, 40, 612, 362, 610, 363, 2, -1, -0.4636476090008061, 2.23606797749979
1610, 45, 613, 338, 612, 339, 1, -1, -0.7853981633974483, 1.4142135623730951
1610, 46, 584, 83, 582, 83, 2, 0, 0.0, 2.0
1611, 1, 376, 376, 375, 377, 1, -1, -0.7853981633974483, 1.4142135623730951
1611, 4, 407, 121, 406, 122, 1, -1, -0.7853981633974483, 1.4142135623730951
1611, 7, 434, 350, 433, 351, 1, -1, -0.7853981633974483, 1.4142135623730951
1611, 8, 527, 133, 526, 134, 1, -1, -0.7853981633974483, 1.4142135623730951
1611, 9, 489, 351, 488, 352, 1, -1, -0.7853981633974483, 1.4142135623730951
1611, 11, 515, 399, 514, 400, 1, -1, -0.7853981633974483, 1.4142135623730951
1611, 14, 342, 384, 340, 384, 2, 0, 0.0, 2.0
1611, 16, 549, 368, 547, 369, 2, -1, -0.4636476090008061, 2.23606797749979
1611, 19, 444, 374, 443, 375, 1, -1, -0.7853981633974483, 1.4142135623730951
1611, 22, 412, 377, 411, 378, 1, -1, -0.7853981633974483, 1.4142135623730951
1611, 23, 498, 127, 496, 127, 2, 0, 0.0, 2.0
1611, 24, 602, 114, 600, 114, 2, 0, 0.0, 2.0
1611, 28, 582, 343, 580, 344, 2, -1, -0.4636476090008061, 2.23606797749979
1611, 29, 465, 370, 463, 371, 2, -1, -0.4636476090008061, 2.23606797749979
1611, 30, 410, 370, 408, 370, 2, 0, 0.0, 2.0
1611, 36, 598, 149, 597, 150, 1, -1, -0.7853981633974483, 1.4142135623730951
1611, 39, 504, 367, 500, 367, 4, 0, 0.0, 4.0
1611, 40, 614, 362, 612, 362, 2, 0, 0.0, 2.0
1611, 43, 434, 105, 431, 106, 3, -1, -0.3217505543966422, 3.1622776601683795
1611, 45, 615, 337, 613, 338, 2, -1, -0.4636476090008061, 2.23606797749979
1611, 46, 586, 83, 584, 83, 2, 0, 0.0, 2.0
1612, 2, 359, 353, 358, 354, 1, -1, -0.7853981633974483, 1.4142135623730951
1612, 3, 376, 370, 375, 371, 1, -1, -0.7853981633974483, 1.4142135623730951
1612, 7, 435, 349, 434, 350, 1, -1, -0.7853981633974483, 1.4142135623730951
1612, 9, 490, 350, 489, 351, 1, -1, -0.7853981633974483, 1.4142135623730951
1612, 10, 524, 406, 523, 407, 1, -1, -0.7853981633974483, 1.4142135623730951
1612, 12, 610, 145, 608, 145, 2, 0, 0.0, 2.0
1612, 14, 344, 383, 342, 384, 2, -1, -0.4636476090008061, 2.23606797749979
1612, 16, 550, 367, 549, 368, 1, -1, -0.7853981633974483, 1.4142135623730951
1612, 17, 616, 82, 615, 83, 1, -1, -0.7853981633974483, 1.4142135623730951
1612, 22, 413, 376, 412, 377, 1, -1, -0.7853981633974483, 1.4142135623730951
1612, 23, 499, 126, 498, 127, 1, -1, -0.7853981633974483, 1.4142135623730951
1612, 26, 423, 396, 422, 397, 1, -1, -0.7853981633974483, 1.4142135623730951
1612, 28, 584, 343, 582, 343, 2, 0, 0.0, 2.0
1612, 30, 412, 370, 410, 370, 2, 0, 0.0, 2.0
1612, 31, 439, 127, 438, 128, 1, -1, -0.7853981633974483, 1.4142135623730951
1612, 32, 497, 401, 496, 402, 1, -1, -0.7853981633974483, 1.4142135623730951
1612, 36, 600, 149, 598, 149, 2, 0, 0.0, 2.0
1612, 37, 433, 130, 432, 131, 1, -1, -0.7853981633974483, 1.4142135623730951
1612, 39, 507, 367, 504, 367, 3, 0, 0.0, 3.0
1612, 40, 616, 361, 614, 362, 2, -1, -0.4636476090008061, 2.23606797749979
1612, 42, 349, 384, 348, 385, 1, -1, -0.7853981633974483, 1.4142135623730951
1612, 43, 435, 104, 434, 105, 1, -1, -0.7853981633974483, 1.4142135623730951
1612, 46, 588, 83, 586, 83, 2, 0, 0.0, 2.0
1612, 47, 449, 83, 447, 83, 2, 0, 0.0, 2.0
1613, 5, 581, 106, 579, 107, 2, -1, -0.4636476090008061, 2.23606797749979
1613, 7, 436, 348, 435, 349, 1, -1, -0.7853981633974483, 1.4142135623730951
1613, 8, 530, 133, 528, 133, 2, 0, 0.0, 2.0
1613, 9, 491, 349, 490, 350, 1, -1, -0.7853981633974483, 1.4142135623730951
1613, 10, 525, 405, 524, 406, 1, -1, -0.7853981633974483, 1.4142135623730951
1613, 12, 613, 145, 610, 145, 3, 0, 0.0, 3.0
1613, 14, 346, 382, 344, 383, 2, -1, -0.4636476090008061, 2.23606797749979
1613, 16, 552, 366, 550, 367, 2, -1, -0.4636476090008061, 2.23606797749979
1613, 22, 415, 376, 413, 376, 2, 0, 0.0, 2.0
1613, 24, 603, 112, 602, 113, 1, -1, -0.7853981633974483, 1.4142135623730951
1613, 25, 477, 373, 476, 374, 1, -1, -0.7853981633974483, 1.4142135623730951
1613, 27, 583, 137, 581, 137, 2, 0, 0.0, 2.0
1613, 28, 586, 343, 584, 343, 2, 0, 0.0, 2.0
1613, 29, 468, 369, 466, 370, 2, -1, -0.4636476090008061, 2.23606797749979
1613, 30, 414, 369, 412, 370, 2, -1, -0.4636476090008061, 2.23606797749979
1613, 32, 498, 400, 497, 401, 1, -1, -0.7853981633974483, 1.4142135623730951
1613, 33, 624, 136, 623, 138, 1, -2, -1.1071487177940904, 2.23606797749979
1613, 36, 602, 148, 600, 149, 2, -1, -0.4636476090008061, 2.23606797749979
1613, 37, 434, 129, 433, 130, 1, -1, -0.7853981633974483, 1.4142135623730951
1613, 39, 506, 365, 507, 367, -1, -2, -2.0344439357957027, 2.23606797749979
1613, 41, 453, 117, 452, 118, 1, -1, -0.7853981633974483, 1.4142135623730951
1613, 43, 437, 104, 435, 104, 2, 0, 0.0, 2.0
1613, 45, 618, 337, 616, 337, 2, 0, 0.0, 2.0
1613, 46, 592, 83, 588, 83, 4, 0, 0.0, 4.0
1614, 1, 378, 375, 377, 376, 1, -1, -0.7853981633974483, 1.4142135623730951
1614, 5, 583, 105, 581, 106, 2, -1, -0.4636476090008061, 2.23606797749979
1614, 7, 437, 347, 436, 348, 1, -1, -0.7853981633974483, 1.4142135623730951
1614, 8, 532, 133, 530, 133, 2, 0, 0.0, 2.0
1614, 9, 492, 348, 491, 349, 1, -1, -0.7853981633974483, 1.4142135623730951
1614, 10, 526, 404, 525, 405, 1, -1, -0.7853981633974483, 1.4142135623730951
1614, 14, 348, 382, 346, 382, 2, 0, 0.0, 2.0
1614, 15, 348, 390, 346, 390, 2, 0, 0.0, 2.0
1614, 16, 554, 365, 552, 366, 2, -1, -0.4636476090008061, 2.23606797749979
1614, 18, 608, 401, 607, 402, 1, -1, -0.7853981633974483, 1.4142135623730951
1614, 19, 447, 375, 446, 374, 1, 1, 0.7853981633974483, 1.4142135623730951
1614, 20, 471, 118, 469, 118, 2, 0, 0.0, 2.0
1614, 23, 502, 126, 500, 126, 2, 0, 0.0, 2.0
1614, 24, 604, 111, 603, 112, 1, -1, -0.7853981633974483, 1.4142135623730951
1614, 27, 585, 137, 583, 137, 2, 0, 0.0, 2.0
1614, 28, 587, 342, 586, 343, 1, -1, -0.7853981633974483, 1.4142135623730951
1614, 29, 470, 368, 468, 369, 2, -1, -0.4636476090008061, 2.23606797749979
1614, 30, 416, 368, 414, 369, 2, -1, -0.4636476090008061, 2.23606797749979
1614, 31, 442, 127, 440, 127, 2, 0, 0.0, 2.0
1614, 35, 371, 120, 369, 120, 2, 0, 0.0, 2.0
1614, 36, 604, 148, 602, 148, 2, 0, 0.0, 2.0
1614, 37, 435, 128, 434, 129, 1, -1, -0.7853981633974483, 1.4142135623730951
1614, 41, 456, 116, 453, 117, 3, -1, -0.3217505543966422, 3.1622776601683795
1614, 42, 351, 383, 350, 384, 1, -1, -0.7853981633974483, 1.4142135623730951
1614, 43, 439, 103, 437, 104, 2, -1, -0.4636476090008061, 2.23606797749979
1614, 45, 619, 336, 618, 337, 1, -1, -0.7853981633974483, 1.4142135623730951
1614, 46, 593, 82, 592, 83, 1, -1, -0.7853981633974483, 1.4142135623730951
1614, 47, 452, 82, 450, 83, 2, -1, -0.4636476090008061, 2.23606797749979
1615, 5, 348, 391, 346, 391, 2, 0, 0.0, 2.0
1615, 6, 582, 108, 580, 108, 2, 0, 0.0, 2.0
1615, 10, 532, 135, 530, 135, 2, 0, 0.0, 2.0
1615, 12, 492, 350, 491, 351, 1, -1, -0.7853981633974483, 1.4142135623730951
1615, 13, 415, 377, 414, 378, 1, -1, -0.7853981633974483, 1.4142135623730951
1615, 14, 444, 85, 443, 86, 1, -1, -0.7853981633974483, 1.4142135623730951
1615, 21, 585, 137, 582, 138, 3, -1, -0.3217505543966422, 3.1622776601683795
1615, 23, 370, 125, 368, 125, 2, 0, 0.0, 2.0
1615, 26, 472, 117, 470, 117, 2, 0, 0.0, 2.0
1615, 27, 552, 369, 551, 370, 1, -1, -0.7853981633974483, 1.4142135623730951
1615, 28, 449, 375, 448, 376, 1, -1, -0.7853981633974483, 1.4142135623730951
1615, 31, 597, 379, 595, 379, 2, 0, 0.0, 2.0
1615, 34, 347, 382, 344, 382, 3, 0, 0.0, 3.0
1615, 37, 601, 393, 600, 394, 1, -1, -0.7853981633974483, 1.4142135623730951
1615, 41, 420, 400, 418, 400, 2, 0, 0.0, 2.0
1615, 42, 499, 402, 497, 402, 2, 0, 0.0, 2.0
1616, 4, 437, 350, 435, 351, 2, -1, -0.4636476090008061, 2.23606797749979
1616, 6, 584, 108, 582, 108, 2, 0, 0.0, 2.0
1616, 7, 379, 117, 378, 118, 1, -1, -0.7853981633974483, 1.4142135623730951
1616, 8, 366, 355, 364, 355, 2, 0, 0.0, 2.0
1616, 10, 534, 135, 532, 135, 2, 0, 0.0, 2.0
1616, 11, 528, 406, 527, 407, 1, -1, -0.7853981633974483, 1.4142135623730951
1616, 12, 493, 349, 492, 350, 1, -1, -0.7853981633974483, 1.4142135623730951
1616, 16, 609, 403, 608, 404, 1, -1, -0.7853981633974483, 1.4142135623730951
1616, 19, 539, 110, 538, 111, 1, -1, -0.7853981633974483, 1.4142135623730951
1616, 22, 584, 343, 583, 344, 1, -1, -0.7853981633974483, 1.4142135623730951
1616, 23, 372, 125, 370, 125, 2, 0, 0.0, 2.0
1616, 24, 630, 399, 628, 399, 2, 0, 0.0, 2.0
1616, 25, 503, 128, 501, 128, 2, 0, 0.0, 2.0
1616, 26, 474, 117, 472, 117, 2, 0, 0.0, 2.0
1616, 27, 553, 368, 552, 369, 1, -1, -0.7853981633974483, 1.4142135623730951
1616, 29, 439, 132, 437, 132, 2, 0, 0.0, 2.0
1616, 30, 549, 105, 548, 106, 1, -1, -0.7853981633974483, 1.4142135623730951
1616, 31, 598, 378, 597, 379, 1, -1, -0.7853981633974483, 1.4142135623730951
1616, 34, 349, 382, 347, 382, 2, 0, 0.0, 2.0
1616, 36, 618, 337, 617, 338, 1, -1, -0.7853981633974483, 1.4142135623730951
1616, 38, 405, 354, 403, 354, 2, 0, 0.0, 2.0
1616, 40, 515, 401, 513, 401, 2, 0, 0.0, 2.0
1616, 41, 422, 400, 420, 400, 2, 0, 0.0, 2.0
1617, 0, 499, 97, 497, 97, 2, 0, 0.0, 2.0
1617, 1, 382, 378, 380, 378, 2, 0, 0.0, 2.0
1617, 2, 522, 398, 521, 399, 1, -1, -0.7853981633974483, 1.4142135623730951
1617, 4, 438, 349, 437, 350, 1, -1, -0.7853981633974483, 1.4142135623730951
1617, 5, 351, 391, 349, 391, 2, 0, 0.0, 2.0
1617, 6, 586, 107, 584, 108, 2, -1, -0.4636476090008061, 2.23606797749979
1617, 8, 368, 355, 366, 355, 2, 0, 0.0, 2.0
1617, 9, 411, 122, 410, 123, 1, -1, -0.7853981633974483, 1.4142135623730951
1617, 10, 536, 135, 534, 135, 2, 0, 0.0, 2.0
1617, 11, 529, 405, 528, 406, 1, -1, -0.7853981633974483, 1.4142135623730951
1617, 12, 494, 348, 493, 349, 1, -1, -0.7853981633974483, 1.4142135623730951
1617, 16, 610, 402, 609, 403, 1, -1, -0.7853981633974483, 1.4142135623730951
1617, 18, 540, 109, 539, 110, 1, -1, -0.7853981633974483, 1.4142135623730951
1617, 21, 585, 342, 584, 343, 1, -1, -0.7853981633974483, 1.4142135623730951
1617, 22, 374, 125, 372, 125, 2, 0, 0.0, 2.0
1617, 23, 633, 399, 630, 399, 3, 0, 0.0, 3.0
1617, 28, 440, 131, 439, 132, 1, -1, -0.7853981633974483, 1.4142135623730951
1617, 30, 599, 377, 598, 378, 1, -1, -0.7853981633974483, 1.4142135623730951
1617, 31, 624, 139, 623, 140, 1, -1, -0.7853981633974483, 1.4142135623730951
1617, 32, 480, 379, 478, 379, 2, 0, 0.0, 2.0
1617, 36, 603, 392, 602, 393, 1, -1, -0.7853981633974483, 1.4142135623730951
1617, 38, 461, 398, 459, 398, 2, 0, 0.0, 2.0
1617, 39, 518, 401, 515, 401, 3, 0, 0.0, 3.0
1617, 40, 424, 399, 422, 400, 2, -1, -0.4636476090008061, 2.23606797749979
1617, 41, 501, 401, 500, 402, 1, -1, -0.7853981633974483, 1.4142135623730951
1618, 0, 502, 97, 499, 97, 3, 0, 0.0, 3.0
1618, 1, 384, 378, 382, 378, 2, 0, 0.0, 2.0
1618, 2, 524, 397, 522, 398, 2, -1, -0.4636476090008061, 2.23606797749979
1618, 6, 588, 107, 586, 107, 2, 0, 0.0, 2.0
1618, 8, 371, 355, 368, 355, 3, 0, 0.0, 3.0
1618, 10, 538, 135, 536, 135, 2, 0, 0.0, 2.0
1618, 11, 531, 404, 529, 405, 2, -1, -0.4636476090008061, 2.23606797749979
1618, 12, 495, 347, 494, 348, 1, -1, -0.7853981633974483, 1.4142135623730951
1618, 13, 418, 376, 417, 377, 1, -1, -0.7853981633974483, 1.4142135623730951
1618, 15, 611, 401, 610, 402, 1, -1, -0.7853981633974483, 1.4142135623730951
1618, 16, 617, 144, 615, 145, 2, -1, -0.4636476090008061, 2.23606797749979
1618, 17, 541, 108, 540, 109, 1, -1, -0.7853981633974483, 1.4142135623730951
1618, 19, 588, 136, 587, 137, 1, -1, -0.7853981633974483, 1.4142135623730951
1618, 20, 587, 342, 585, 342, 2, 0, 0.0, 2.0
1618, 22, 635, 399, 633, 399, 2, 0, 0.0, 2.0
1618, 23, 506, 128, 504, 128, 2, 0, 0.0, 2.0
1618, 24, 478, 116, 475, 117, 3, -1, -0.3217505543966422, 3.1622776601683795
1618, 25, 555, 367, 554, 368, 1, -1, -0.7853981633974483, 1.4142135623730951
1618, 26, 452, 374, 451, 375, 1, -1, -0.7853981633974483, 1.4142135623730951
1618, 27, 442, 131, 440, 131, 2, 0, 0.0, 2.0
1618, 31, 482, 378, 480, 379, 2, -1, -0.4636476090008061, 2.23606797749979
1618, 32, 351, 381, 350, 382, 1, -1, -0.7853981633974483, 1.4142135623730951
1618, 33, 617, 110, 616, 111, 1, -1, -0.7853981633974483, 1.4142135623730951
1618, 34, 619, 336, 618, 337, 1, -1, -0.7853981633974483, 1.4142135623730951
1618, 35, 604, 391, 603, 392, 1, -1, -0.7853981633974483, 1.4142135623730951
1618, 37, 463, 398, 461, 398, 2, 0, 0.0, 2.0
1618, 38, 520, 401, 518, 401, 2, 0, 0.0, 2.0
1619, 1, 385, 377, 384, 378, 1, -1, -0.7853981633974483, 1.4142135623730951
1619, 2, 525, 396, 524, 397, 1, -1, -0.7853981633974483, 1.4142135623730951
1619, 6, 590, 107, 588, 107, 2, 0, 0.0, 2.0
1619, 9, 413, 121, 412, 122, 1, -1, -0.7853981633974483, 1.4142135623730951
1619, 10, 540, 134, 538, 135, 2, -1, -0.4636476090008061, 2.23606797749979
1619, 11, 533, 404, 531, 404, 2, 0, 0.0, 2.0
1619, 12, 496, 346, 495, 347, 1, -1, -0.7853981633974483, 1.4142135623730951
1619, 13, 419, 375, 418, 376, 1, -1, -0.7853981633974483, 1.4142135623730951
1619, 15, 612, 400, 611, 401, 1, -1, -0.7853981633974483, 1.4142135623730951
1619, 16, 620, 143, 617, 144, 3, -1, -0.3217505543966422, 3.1622776601683795
1619, 17, 542, 107, 541, 108, 1, -1, -0.7853981633974483, 1.4142135623730951
1619, 20, 589, 341, 587, 342, 2, -1, -0.4636476090008061, 2.23606797749979
1619, 21, 377, 124, 375, 125, 2, -1, -0.4636476090008061, 2.23606797749979
1619, 27, 443, 130, 442, 131, 1, -1, -0.7853981633974483, 1.4142135623730951
1619, 29, 602, 376, 600, 377, 2, -1, -0.4636476090008061, 2.23606797749979
1619, 33, 618, 109, 617, 110, 1, -1, -0.7853981633974483, 1.4142135623730951
1619, 35, 605, 390, 604, 391, 1, -1, -0.7853981633974483, 1.4142135623730951
1619, 36, 409, 354, 407, 354, 2, 0, 0.0, 2.0
1619, 38, 522, 401, 520, 401, 2, 0, 0.0, 2.0
1619, 39, 425, 398, 424, 399, 1, -1, -0.7853981633974483, 1.4142135623730951
1619, 40, 504, 401, 502, 401, 2, 0, 0.0, 2.0
1620, 3, 441, 350, 440, 351, 1, -1, -0.7853981633974483, 1.4142135623730951
1620, 4, 420, 374, 419, 375, 1, -1, -0.7853981633974483, 1.4142135623730951
1620, 5, 526, 398, 524, 399, 2, -1, -0.4636476090008061, 2.23606797749979
1620, 7, 534, 407, 532, 407, 2, 0, 0.0, 2.0
1620, 8, 413, 123, 412, 124, 1, -1, -0.7853981633974483, 1.4142135623730951
1620, 10, 540, 134, 538, 134, 2, 0, 0.0, 2.0
1620, 11, 497, 351, 496, 352, 1, -1, -0.7853981633974483, 1.4142135623730951
1620, 12, 459, 85, 457, 86, 2, -1, -0.4636476090008061, 2.23606797749979
1620, 13, 621, 337, 619, 338, 2, -1, -0.4636476090008061, 2.23606797749979
1620, 14, 353, 391, 351, 392, 2, -1, -0.4636476090008061, 2.23606797749979
1620, 16, 379, 123, 377, 124, 2, -1, -0.4636476090008061, 2.23606797749979
1620, 17, 612, 403, 611, 404, 1, -1, -0.7853981633974483, 1.4142135623730951
1620, 19, 431, 403, 430, 404, 1, -1, -0.7853981633974483, 1.4142135623730951
1620, 20, 441, 108, 440, 109, 1, -1, -0.7853981633974483, 1.4142135623730951
1620, 21, 590, 138, 589, 139, 1, -1, -0.7853981633974483, 1.4142135623730951
1621, 0, 506, 98, 504, 98, 2, 0, 0.0, 2.0
1621, 1, 385, 377, 384, 378, 1, -1, -0.7853981633974483, 1.4142135623730951
1621, 3, 442, 349, 441, 350, 1, -1, -0.7853981633974483, 1.4142135623730951
1621, 5, 527, 397, 526, 398, 1, -1, -0.7853981633974483, 1.4142135623730951
1621, 6, 383, 117, 382, 118, 1, -1, -0.7853981633974483, 1.4142135623730951
1621, 7, 536, 406, 534, 407, 2, -1, -0.4636476090008061, 2.23606797749979
1621, 10, 542, 134, 540, 134, 2, 0, 0.0, 2.0
1621, 11, 499, 350, 497, 351, 2, -1, -0.4636476090008061, 2.23606797749979
1621, 13, 622, 336, 621, 337, 1, -1, -0.7853981633974483, 1.4142135623730951
1621, 14, 355, 391, 353, 391, 2, 0, 0.0, 2.0
1621, 15, 557, 374, 555, 374, 2, 0, 0.0, 2.0
1621, 16, 381, 122, 379, 123, 2, -1, -0.4636476090008061, 2.23606797749979
1621, 17, 614, 403, 612, 403, 2, 0, 0.0, 2.0
1621, 19, 433, 402, 431, 403, 2, -1, -0.4636476090008061, 2.23606797749979
1621, 22, 590, 343, 588, 344, 2, -1, -0.4636476090008061, 2.23606797749979
1622, 0, 508, 97, 506, 98, 2, -1, -0.4636476090008061, 2.23606797749979
1622, 1, 387, 377, 385, 377, 2, 0, 0.0, 2.0
1622, 3, 443, 348, 442, 349, 1, -1, -0.7853981633974483, 1.4142135623730951
1622, 4, 422, 373, 421, 374, 1, -1, -0.7853981633974483, 1.4142135623730951
1622, 6, 384, 116, 383, 117, 1, -1, -0.7853981633974483, 1.4142135623730951
1622, 9, 589, 107, 587, 108, 2, -1, -0.4636476090008061, 2.23606797749979
1622, 11, 500, 349, 499, 350, 1, -1, -0.7853981633974483, 1.4142135623730951
1622, 13, 624, 336, 622, 336, 2, 0, 0.0, 2.0
1622, 15, 561, 374, 557, 374, 4, 0, 0.0, 4.0
1622, 16, 383, 121, 381, 122, 2, -1, -0.4636476090008061, 2.23606797749979
1622, 17, 616, 403, 614, 403, 2, 0, 0.0, 2.0
1622, 21, 592, 137, 591, 138, 1, -1, -0.7853981633974483, 1.4142135623730951
1622, 23, 545, 112, 542, 112, 3, 0, 0.0, 3.0
1623, 6, 386, 113, 384, 116, 2, -3, -0.982793723247329, 3.605551275463989
1623, 7, 539, 404, 537, 406, 2, -2, -0.7853981633974483, 2.8284271247461903
1623, 8, 417, 121, 415, 123, 2, -2, -0.7853981633974483, 2.8284271247461903
1623, 9, 591, 107, 589, 107, 2, 0, 0.0, 2.0
1623, 10, 545, 134, 543, 134, 2, 0, 0.0, 2.0
1623, 11, 502, 348, 500, 349, 2, -1, -0.4636476090008061, 2.23606797749979
1623, 13, 627, 335, 624, 336, 3, -1, -0.3217505543966422, 3.1622776601683795
1623, 16, 384, 119, 383, 121, 1, -2, -1.1071487177940904, 2.23606797749979
1623, 18, 412, 353, 411, 354, 1, -1, -0.7853981633974483, 1.4142135623730951
1623, 19, 437, 400, 434, 402, 3, -2, -0.5880026035475675, 3.605551275463989
1623, 21, 594, 136, 592, 137, 2, -1, -0.4636476090008061, 2.23606797749979
1623, 22, 593, 343, 591, 343, 2, 0, 0.0, 2.0
1623, 23, 548, 113, 545, 112, 3, 1, 0.3217505543966422, 3.1622776601683795
1624, 0, 511, 96, 509, 97, 2, -1, -0.4636476090008061, 2.23606797749979
1624, 1, 390, 377, 388, 377, 2, 0, 0.0, 2.0
1624, 2, 375, 354, 374, 355, 1, -1, -0.7853981633974483, 1.4142135623730951
1624, 3, 445, 347, 444, 348, 1, -1, -0.7853981633974483, 1.4142135623730951
1624, 7, 541, 403, 539, 404, 2, -1, -0.4636476090008061, 2.23606797749979
1624, 8, 419, 120, 417, 121, 2, -1, -0.4636476090008061, 2.23606797749979
1624, 11, 503, 347, 502, 348, 1, -1, -0.7853981633974483, 1.4142135623730951
1624, 13, 628, 334, 627, 335, 1, -1, -0.7853981633974483, 1.4142135623730951
1624, 15, 564, 374, 562, 374, 2, 0, 0.0, 2.0
1624, 19, 438, 399, 437, 400, 1, -1, -0.7853981633974483, 1.4142135623730951
1624, 21, 596, 135, 594, 136, 2, -1, -0.4636476090008061, 2.23606797749979
1624, 23, 550, 113, 548, 113, 2, 0, 0.0, 2.0
1625, 0, 507, 97, 506, 98, 1, -1, -0.7853981633974483, 1.4142135623730951
1625, 1, 389, 378, 388, 379, 1, -1, -0.7853981633974483, 1.4142135623730951
1625, 2, 375, 354, 374, 355, 1, -1, -0.7853981633974483, 1.4142135623730951
1625, 3, 449, 350, 446, 351, 3, -1, -0.3217505543966422, 3.1622776601683795
1625, 5, 536, 405, 535, 406, 1, -1, -0.7853981633974483, 1.4142135623730951
1625, 6, 418, 122, 417, 123, 1, -1, -0.7853981633974483, 1.4142135623730951
1625, 7, 593, 108, 590, 108, 3, 0, 0.0, 3.0
1625, 11, 551, 114, 548, 114, 3, 0, 0.0, 3.0
1625, 15, 536, 396, 534, 397, 2, -1, -0.4636476090008061, 2.23606797749979
1625, 18, 459, 376, 457, 376, 2, 0, 0.0, 2.0
1625, 19, 609, 394, 608, 395, 1, -1, -0.7853981633974483, 1.4142135623730951
1625, 21, 502, 350, 501, 351, 1, -1, -0.7853981633974483, 1.4142135623730951
1625, 22, 596, 137, 594, 138, 2, -1, -0.4636476090008061, 2.23606797749979
1625, 23, 384, 126, 382, 127, 2, -1, -0.4636476090008061, 2.23606797749979
1625, 24, 628, 336, 626, 337, 2, -1, -0.4636476090008061, 2.23606797749979
1625, 26, 426, 378, 422, 379, 4, -1, -0.24497866312686414, 4.123105625617661
1625, 27, 633, 143, 632, 144, 1, -1, -0.7853981633974483, 1.4142135623730951
1625, 28, 606, 377, 605, 378, 1, -1, -0.7853981633974483, 1.4142135623730951
1625, 29, 511, 129, 508, 129, 3, 0, 0.0, 3.0
1626, 1, 390, 377, 389, 378, 1, -1, -0.7853981633974483, 1.4142135623730951
1626, 2, 376, 353, 375, 354, 1, -1, -0.7853981633974483, 1.4142135623730951
1626, 3, 451, 350, 449, 350, 2, 0, 0.0, 2.0
1626, 4, 389, 117, 387, 117, 2, 0, 0.0, 2.0
1626, 5, 537, 404, 536, 405, 1, -1, -0.7853981633974483, 1.4142135623730951
1626, 7, 595, 108, 593, 108, 2, 0, 0.0, 2.0
1626, 8, 526, 395, 525, 396, 1, -1, -0.7853981633974483, 1.4142135623730951
1626, 11, 554, 114, 551, 114, 3, 0, 0.0, 3.0
1626, 12, 546, 136, 544, 136, 2, 0, 0.0, 2.0
1626, 13, 626, 146, 623, 145, 3, 1, 0.3217505543966422, 3.1622776601683795
1626, 14, 359, 392, 358, 393, 1, -1, -0.7853981633974483, 1.4142135623730951
1626, 15, 538, 395, 536, 396, 2, -1, -0.4636476090008061, 2.23606797749979
1626, 17, 619, 404, 617, 404, 2, 0, 0.0, 2.0
1626, 18, 461, 376, 459, 376, 2, 0, 0.0, 2.0
1626, 20, 487, 374, 486, 375, 1, -1, -0.7853981633974483, 1.4142135623730951
1626, 21, 503, 349, 502, 350, 1, -1, -0.7853981633974483, 1.4142135623730951
1626, 22, 598, 136, 596, 137, 2, -1, -0.4636476090008061, 2.23606797749979
1626, 23, 387, 125, 384, 126, 3, -1, -0.3217505543966422, 3.1622776601683795
1626, 24, 630, 336, 628, 336, 2, 0, 0.0, 2.0
1626, 27, 607, 376, 606, 377, 1, -1, -0.7853981633974483, 1.4142135623730951
1626, 28, 512, 128, 511, 129, 1, -1, -0.7853981633974483, 1.4142135623730951
1627, 0, 509, 96, 508, 97, 1, -1, -0.7853981633974483, 1.4142135623730951
1627, 1, 391, 376, 390, 377, 1, -1, -0.7853981633974483, 1.4142135623730951
1627, 2, 377, 352, 376, 353, 1, -1, -0.7853981633974483, 1.4142135623730951
1627, 3, 453, 350, 451, 350, 2, 0, 0.0, 2.0
1627, 5, 538, 403, 537, 404, 1, -1, -0.7853981633974483, 1.4142135623730951
1627, 7, 597, 108, 595, 108, 2, 0, 0.0, 2.0
1627, 8, 527, 394, 526, 395, 1, -1, -0.7853981633974483, 1.4142135623730951
1627, 11, 556, 114, 554, 114, 2, 0, 0.0, 2.0
1627, 13, 628, 145, 626, 146, 2, -1, -0.4636476090008061, 2.23606797749979
1627, 15, 540, 395, 538, 395, 2, 0, 0.0, 2.0
1627, 18, 462, 375, 461, 376, 1, -1, -0.7853981633974483, 1.4142135623730951
1627, 21, 504, 348, 503, 349, 1, -1, -0.7853981633974483, 1.4142135623730951
1627, 22, 600, 135, 598, 136, 2, -1, -0.4636476090008061, 2.23606797749979
1627, 23, 389, 124, 387, 125, 2, -1, -0.4636476090008061, 2.23606797749979
1627, 24, 632, 335, 630, 336, 2, -1, -0.4636476090008061, 2.23606797749979
1627, 27, 609, 375, 607, 376, 2, -1, -0.4636476090008061, 2.23606797749979
1628, 1, 392, 375, 391, 376, 1, -1, -0.7853981633974483, 1.4142135623730951
1628, 2, 378, 351, 377, 352, 1, -1, -0.7853981633974483, 1.4142135623730951
1628, 3, 454, 349, 453, 350, 1, -1, -0.7853981633974483, 1.4142135623730951
1628, 5, 539, 402, 538, 403, 1, -1, -0.7853981633974483, 1.4142135623730951
1628, 7, 599, 107, 597, 108, 2, -1, -0.4636476090008061, 2.23606797749979
1628, 8, 528, 393, 527, 394, 1, -1, -0.7853981633974483, 1.4142135623730951
1628, 9, 564, 368, 563, 369, 1, -1, -0.7853981633974483, 1.4142135623730951
1628, 11, 558, 114, 556, 114, 2, 0, 0.0, 2.0
1628, 13, 630, 145, 628, 145, 2, 0, 0.0, 2.0
1628, 17, 622, 403, 620, 404, 2, -1, -0.4636476090008061, 2.23606797749979
1628, 20, 489, 373, 488, 374, 1, -1, -0.7853981633974483, 1.4142135623730951
1628, 21, 505, 347, 504, 348, 1, -1, -0.7853981633974483, 1.4142135623730951
1628, 22, 601, 134, 600, 135, 1, -1, -0.7853981633974483, 1.4142135623730951
1628, 23, 391, 123, 389, 124, 2, -1, -0.4636476090008061, 2.23606797749979
1628, 24, 634, 334, 632, 335, 2, -1, -0.4636476090008061, 2.23606797749979
1628, 26, 631, 141, 633, 141, -2, 0, 3.141592653589793, 2.0
1628, 27, 612, 375, 609, 375, 3, 0, 0.0, 3.0
1629, 0, 510, 95, 509, 96, 1, -1, -0.7853981633974483, 1.4142135623730951
1629, 1, 393, 374, 392, 375, 1, -1, -0.7853981633974483, 1.4142135623730951
1629, 3, 456, 348, 454, 349, 2, -1, -0.4636476090008061, 2.23606797749979
1629, 5, 541, 402, 539, 402, 2, 0, 0.0, 2.0
1629, 6, 423, 122, 421, 122, 2, 0, 0.0, 2.0
1629, 7, 601, 107, 599, 107, 2, 0, 0.0, 2.0
1629, 8, 532, 391, 528, 393, 4, -2, -0.4636476090008061, 4.47213595499958
1629, 9, 565, 367, 564, 368, 1, -1, -0.7853981633974483, 1.4142135623730951
1629, 11, 561, 114, 558, 114, 3, 0, 0.0, 3.0
1629, 14, 363, 392, 361, 392, 2, 0, 0.0, 2.0
1629, 17, 624, 403, 622, 403, 2, 0, 0.0, 2.0
1629, 18, 464, 374, 463, 375, 1, -1, -0.7853981633974483, 1.4142135623730951
1629, 19, 614, 393, 612, 394, 2, -1, -0.4636476090008061, 2.23606797749979
1629, 20, 490, 372, 489, 373, 1, -1, -0.7853981633974483, 1.4142135623730951
1629, 21, 507, 346, 505, 347, 2, -1, -0.4636476090008061, 2.23606797749979
1629, 23, 393, 123, 391, 123, 2, 0, 0.0, 2.0
1629, 24, 635, 333, 634, 334, 1, -1, -0.7853981633974483, 1.4142135623730951
1629, 25, 430, 377, 429, 378, 1, -1, -0.7853981633974483, 1.4142135623730951
1629, 27, 614, 373, 612, 375, 2, -2, -0.7853981633974483, 2.8284271247461903
1629, 28, 516, 127, 514, 128, 2, -1, -0.4636476090008061, 2.23606797749979
1630, 0, 514, 97, 512, 98, 2, -1, -0.4636476090008061, 2.23606797749979
1630, 1, 394, 378, 393, 379, 1, -1, -0.7853981633974483, 1.4142135623730951
1630, 2, 452, 350, 451, 351, 1, -1, -0.7853981633974483, 1.4142135623730951
1630, 3, 379, 354, 378, 355, 1, -1, -0.7853981633974483, 1.4142135623730951
1630, 4, 597, 107, 596, 108, 1, -1, -0.7853981633974483, 1.4142135623730951
1630, 6, 542, 405, 540, 405, 2, 0, 0.0, 2.0
1630, 7, 549, 136, 547, 137, 2, -1, -0.4636476090008061, 2.23606797749979
1630, 9, 566, 369, 565, 370, 1, -1, -0.7853981633974483, 1.4142135623730951
1630, 10, 534, 399, 533, 400, 1, -1, -0.7853981633974483, 1.4142135623730951
1630, 12, 623, 404, 621, 404, 2, 0, 0.0, 2.0
1630, 14, 383, 119, 382, 120, 1, -1, -0.7853981633974483, 1.4142135623730951
1630, 15, 633, 335, 632, 336, 1, -1, -0.7853981633974483, 1.4142135623730951
1630, 19, 506, 349, 505, 350, 1, -1, -0.7853981633974483, 1.4142135623730951
1630, 20, 362, 392, 361, 393, 1, -1, -0.7853981633974483, 1.4142135623730951
1630, 21, 619, 82, 616, 84, 3, -2, -0.5880026035475675, 3.605551275463989
1630, 22, 613, 116, 612, 117, 1, -1, -0.7853981633974483, 1.4142135623730951
1630, 23, 395, 369, 394, 370, 1, -1, -0.7853981633974483, 1.4142135623730951
1630, 24, 565, 109, 563, 110, 2, -1, -0.4636476090008061, 2.23606797749979
1630, 26, 413, 126, 412, 127, 1, -1, -0.7853981633974483, 1.4142135623730951
1630, 27, 489, 378, 488, 379, 1, -1, -0.7853981633974483, 1.4142135623730951
1630, 29, 405, 391, 403, 392, 2, -1, -0.4636476090008061, 2.23606797749979
1630, 34, 624, 117, 622, 118, 2, -1, -0.4636476090008061, 2.23606797749979
1630, 36, 599, 344, 598, 345, 1, -1, -0.7853981633974483, 1.4142135623730951
1630, 37, 453, 106, 451, 106, 2, 0, 0.0, 2.0
1630, 38, 480, 124, 478, 124, 2, 0, 0.0, 2.0
1631, 0, 515, 96, 514, 97, 1, -1, -0.7853981633974483, 1.4142135623730951
1631, 1, 395, 377, 394, 378, 1, -1, -0.7853981633974483, 1.4142135623730951
1631, 3, 381, 353, 379, 354, 2, -1, -0.4636476090008061, 2.23606797749979
1631, 4, 599, 107, 597, 107, 2, 0, 0.0, 2.0
1631, 7, 551, 136, 549, 136, 2, 0, 0.0, 2.0
1631, 9, 567, 368, 566, 369, 1, -1, -0.7853981633974483, 1.4142135623730951
1631, 10, 535, 398, 534, 399, 1, -1, -0.7853981633974483, 1.4142135623730951
1631, 12, 625, 404, 623, 404, 2, 0, 0.0, 2.0
1631, 13, 464, 374, 463, 375, 1, -1, -0.7853981633974483, 1.4142135623730951
1631, 14, 384, 118, 383, 119, 1, -1, -0.7853981633974483, 1.4142135623730951
1631, 15, 635, 335, 633, 335, 2, 0, 0.0, 2.0
1631, 19, 508, 348, 506, 349, 2, -1, -0.4636476090008061, 2.23606797749979
1631, 21, 621, 81, 619, 82, 2, -1, -0.4636476090008061, 2.23606797749979
1631, 24, 567, 108, 565, 109, 2, -1, -0.4636476090008061, 2.23606797749979
1631, 27, 490, 377, 489, 378, 1, -1, -0.7853981633974483, 1.4142135623730951
1631, 29, 408, 390, 405, 391, 3, -1, -0.3217505543966422, 3.1622776601683795
1631, 31, 421, 353, 419, 354, 2, -1, -0.4636476090008061, 2.23606797749979
1631, 32, 387, 373, 385, 373, 2, 0, 0.0, 2.0
1631, 34, 626, 117, 624, 117, 2, 0, 0.0, 2.0
1631, 36, 600, 343, 599, 344, 1, -1, -0.7853981633974483, 1.4142135623730951
1632, 0, 517, 96, 515, 96, 2, 0, 0.0, 2.0
1632, 1, 397, 376, 395, 377, 2, -1, -0.4636476090008061, 2.23606797749979
1632, 2, 455, 350, 453, 350, 2, 0, 0.0, 2.0
1632, 4, 601, 107, 599, 107, 2, 0, 0.0, 2.0
1632, 5, 423, 127, 422, 128, 1, -1, -0.7853981633974483, 1.4142135623730951
1632, 6, 545, 405, 543, 405, 2, 0, 0.0, 2.0
1632, 7, 553, 135, 551, 136, 2, -1, -0.4636476090008061, 2.23606797749979
1632, 9, 568, 367, 567, 368, 1, -1, -0.7853981633974483, 1.4142135623730951
1632, 10, 537, 398, 535, 398, 2, 0, 0.0, 2.0
1632, 12, 627, 403, 625, 404, 2, -1, -0.4636476090008061, 2.23606797749979
1632, 14, 385, 117, 384, 118, 1, -1, -0.7853981633974483, 1.4142135623730951
1632, 16, 444, 402, 443, 403, 1, -1, -0.7853981633974483, 1.4142135623730951
1632, 18, 510, 347, 508, 348, 2, -1, -0.4636476090008061, 2.23606797749979
1632, 19, 365, 391, 363, 392, 2, -1, -0.4636476090008061, 2.23606797749979
1632, 20, 623, 81, 621, 81, 2, 0, 0.0, 2.0
1632, 21, 615, 115, 614, 116, 1, -1, -0.7853981633974483, 1.4142135623730951
1632, 23, 568, 107, 567, 108, 1, -1, -0.7853981633974483, 1.4142135623730951
1632, 24, 604, 139, 602, 139, 2, 0, 0.0, 2.0
1632, 25, 415, 125, 413, 126, 2, -1, -0.4636476090008061, 2.23606797749979
1632, 26, 492, 376, 490, 377, 2, -1, -0.4636476090008061, 2.23606797749979
1632, 28, 410, 390, 408, 390, 2, 0, 0.0, 2.0
1632, 30, 423, 352, 421, 353, 2, -1, -0.4636476090008061, 2.23606797749979
1632, 31, 389, 372, 387, 373, 2, -1, -0.4636476090008061, 2.23606797749979
1632, 35, 601, 342, 600, 343, 1, -1, -0.7853981633974483, 1.4142135623730951
1632, 36, 454, 105, 453, 106, 1, -1, -0.7853981633974483, 1.4142135623730951
1633, 0, 518, 95, 517, 96, 1, -1, -0.7853981633974483, 1.4142135623730951
1633, 1, 399, 376, 397, 376, 2, 0, 0.0, 2.0
1633, 2, 456, 349, 455, 350, 1, -1, -0.7853981633974483, 1.4142135623730951
1633, 3, 383, 352, 382, 353, 1, -1, -0.7853981633974483, 1.4142135623730951
1633, 4, 603, 107, 601, 107, 2, 0, 0.0, 2.0
1633, 6, 546, 404, 545, 405, 1, -1, -0.7853981633974483, 1.4142135623730951
1633, 9, 569, 366, 568, 367, 1, -1, -0.7853981633974483, 1.4142135623730951
1633, 10, 539, 397, 537, 398, 2, -1, -0.4636476090008061, 2.23606797749979
1633, 11, 633, 146, 631, 147, 2, -1, -0.4636476090008061, 2.23606797749979
1633, 12, 628, 402, 627, 403, 1, -1, -0.7853981633974483, 1.4142135623730951
1633, 13, 467, 374, 465, 374, 2, 0, 0.0, 2.0
1633, 16, 445, 401, 444, 402, 1, -1, -0.7853981633974483, 1.4142135623730951
1633, 17, 432, 378, 431, 379, 1, -1, -0.7853981633974483, 1.4142135623730951
1633, 19, 367, 391, 365, 391, 2, 0, 0.0, 2.0
1633, 20, 627, 81, 623, 81, 4, 0, 0.0, 4.0
1633, 23, 570, 107, 568, 107, 2, 0, 0.0, 2.0
1633, 24, 606, 139, 604, 139, 2, 0, 0.0, 2.0
1633, 25, 416, 124, 415, 125, 1, -1, -0.7853981633974483, 1.4142135623730951
1633, 26, 494, 376, 492, 376, 2, 0, 0.0, 2.0
1633, 30, 424, 351, 423, 352, 1, -1, -0.7853981633974483, 1.4142135623730951
1633, 31, 390, 371, 389, 372, 1, -1, -0.7853981633974483, 1.4142135623730951
1633, 33, 628, 116, 627, 117, 1, -1, -0.7853981633974483, 1.4142135623730951
1633, 35, 602, 341, 601, 342, 1, -1, -0.7853981633974483, 1.4142135623730951
1633, 36, 456, 105, 454, 105, 2, 0, 0.0, 2.0
1634, 0, 520, 94, 518, 95, 2, -1, -0.4636476090008061, 2.23606797749979
1634, 1, 400, 375, 399, 376, 1, -1, -0.7853981633974483, 1.4142135623730951
1634, 3, 384, 351, 383, 352, 1, -1, -0.7853981633974483, 1.4142135623730951
1634, 5, 424, 126, 423, 127, 1, -1, -0.7853981633974483, 1.4142135623730951
1634, 6, 548, 404, 546, 404, 2, 0, 0.0, 2.0
1634, 7, 556, 135, 554, 135, 2, 0, 0.0, 2.0
1634, 9, 571, 365, 569, 366, 2, -1, -0.4636476090008061, 2.23606797749979
1634, 10, 541, 396, 539, 397, 2, -1, -0.4636476090008061, 2.23606797749979
1634, 11, 635, 145, 633, 146, 2, -1, -0.4636476090008061, 2.23606797749979
1634, 12, 630, 401, 628, 402, 2, -1, -0.4636476090008061, 2.23606797749979
1634, 14, 388, 116, 386, 117, 2, -1, -0.4636476090008061, 2.23606797749979
1634, 17, 433, 377, 432, 378, 1, -1, -0.7853981633974483, 1.4142135623730951
1634, 18, 513, 346, 511, 347, 2, -1, -0.4636476090008061, 2.23606797749979
1634, 19, 369, 391, 367, 391, 2, 0, 0.0, 2.0
1634, 20, 630, 81, 627, 81, 3, 0, 0.0, 3.0
1634, 23, 572, 107, 570, 107, 2, 0, 0.0, 2.0
1634, 25, 418, 123, 416, 124, 2, -1, -0.4636476090008061, 2.23606797749979
1634, 26, 495, 375, 494, 376, 1, -1, -0.7853981633974483, 1.4142135623730951
1634, 28, 412, 391, 411, 390, 1, 1, 0.7853981633974483, 1.4142135623730951
1634, 29, 543, 333, 546, 333, -3, 0, 3.141592653589793, 3.0
1634, 30, 425, 350, 424, 351, 1, -1, -0.7853981633974483, 1.4142135623730951
1634, 31, 391, 370, 390, 371, 1, -1, -0.7853981633974483, 1.4142135623730951
1634, 34, 523, 130, 522, 131, 1, -1, -0.7853981633974483, 1.4142135623730951
1634, 35, 604, 340, 602, 341, 2, -1, -0.4636476090008061, 2.23606797749979
1635, 0, 517, 98, 515, 98, 2, 0, 0.0, 2.0
1635, 2, 384, 352, 383, 353, 1, -1, -0.7853981633974483, 1.4142135623730951
1635, 5, 540, 399, 538, 400, 2, -1, -0.4636476090008061, 2.23606797749979
1635, 6, 457, 352, 455, 352, 2, 0, 0.0, 2.0
1635, 7, 547, 406, 545, 406, 2, 0, 0.0, 2.0
1635, 8, 635, 336, 637, 336, -2, 0, 3.141592653589793, 2.0
1635, 9, 555, 136, 553, 136, 2, 0, 0.0, 2.0
1635, 10, 426, 123, 425, 124, 1, -1, -0.7853981633974483, 1.4142135623730951
1635, 13, 628, 114, 627, 115, 1, -1, -0.7853981633974483, 1.4142135623730951
1635, 16, 573, 369, 571, 370, 2, -1, -0.4636476090008061, 2.23606797749979
1635, 17, 420, 124, 418, 125, 2, -1, -0.4636476090008061, 2.23606797749979
1635, 18, 388, 118, 387, 119, 1, -1, -0.7853981633974483, 1.4142135623730951
1635, 19, 616, 394, 615, 395, 1, -1, -0.7853981633974483, 1.4142135623730951
1635, 20, 635, 146, 633, 147, 2, -1, -0.4636476090008061, 2.23606797749979
1635, 21, 511, 347, 510, 348, 1, -1, -0.7853981633974483, 1.4142135623730951
1635, 23, 425, 353, 423, 354, 2, -1, -0.4636476090008061, 2.23606797749979
1635, 25, 433, 379, 432, 380, 1, -1, -0.7853981633974483, 1.4142135623730951
1635, 26, 604, 343, 602, 344, 2, -1, -0.4636476090008061, 2.23606797749979
1635, 28, 447, 404, 445, 405, 2, -1, -0.4636476090008061, 2.23606797749979
1635, 29, 487, 371, 486, 372, 1, -1, -0.7853981633974483, 1.4142135623730951
1636, 0, 519, 97, 517, 98, 2, -1, -0.4636476090008061, 2.23606797749979
1636, 1, 400, 377, 399, 378, 1, -1, -0.7853981633974483, 1.4142135623730951
1636, 2, 385, 351, 384, 352, 1, -1, -0.7853981633974483, 1.4142135623730951
1636, 4, 395, 116, 394, 117, 1, -1, -0.7853981633974483, 1.4142135623730951
1636, 5, 542, 398, 540, 399, 2, -1, -0.4636476090008061, 2.23606797749979
1636, 7, 549, 406, 547, 406, 2, 0, 0.0, 2.0
1636, 9, 558, 136, 555, 136, 3, 0, 0.0, 3.0
1636, 10, 427, 122, 426, 123, 1, -1, -0.7853981633974483, 1.4142135623730951
1636, 11, 369, 392, 368, 393, 1, -1, -0.7853981633974483, 1.4142135623730951
1636, 15, 627, 402, 626, 403, 1, -1, -0.7853981633974483, 1.4142135623730951
1636, 16, 575, 368, 573, 369, 2, -1, -0.4636476090008061, 2.23606797749979
1636, 17, 421, 123, 420, 124, 1, -1, -0.7853981633974483, 1.4142135623730951
1636, 18, 390, 117, 388, 118, 2, -1, -0.4636476090008061, 2.23606797749979
1636, 21, 512, 346, 511, 347, 1, -1, -0.7853981633974483, 1.4142135623730951
1636, 23, 427, 352, 425, 353, 2, -1, -0.4636476090008061, 2.23606797749979
1636, 25, 434, 378, 433, 379, 1, -1, -0.7853981633974483, 1.4142135623730951
1636, 26, 605, 342, 604, 343, 1, -1, -0.7853981633974483, 1.4142135623730951
1636, 28, 449, 403, 447, 404, 2, -1, -0.4636476090008061, 2.23606797749979
1636, 31, 364, 386, 363, 387, 1, -1, -0.7853981633974483, 1.4142135623730951
1636, 33, 619, 376, 617, 376, 2, 0, 0.0, 2.0
1637, 0, 521, 96, 519, 97, 2, -1, -0.4636476090008061, 2.23606797749979
1637, 2, 386, 350, 385, 351, 1, -1, -0.7853981633974483, 1.4142135623730951
1637, 4, 396, 115, 395, 116, 1, -1, -0.7853981633974483, 1.4142135623730951
1637, 7, 551, 406, 549, 406, 2, 0, 0.0, 2.0
1637, 9, 560, 136, 558, 136, 2, 0, 0.0, 2.0
1637, 10, 429, 121, 427, 122, 2, -1, -0.4636476090008061, 2.23606797749979
1637, 13, 630, 113, 629, 114, 1, -1, -0.7853981633974483, 1.4142135623730951
1637, 16, 577, 367, 575, 368, 2, -1, -0.4636476090008061, 2.23606797749979
1637, 19, 618, 393, 617, 394, 1, -1, -0.7853981633974483, 1.4142135623730951
1637, 21, 513, 345, 512, 346, 1, -1, -0.7853981633974483, 1.4142135623730951
1637, 23, 429, 351, 427, 352, 2, -1, -0.4636476090008061, 2.23606797749979
1637, 25, 435, 377, 434, 378, 1, -1, -0.7853981633974483, 1.4142135623730951
1637, 26, 607, 341, 605, 342, 2, -1, -0.4636476090008061, 2.23606797749979
1637, 28, 451, 402, 449, 403, 2, -1, -0.4636476090008061, 2.23606797749979
1637, 29, 489, 370, 488, 371, 1, -1, -0.7853981633974483, 1.4142135623730951
1637, 32, 461, 106, 460, 107, 1, -1, -0.7853981633974483, 1.4142135623730951
1637, 33, 621, 376, 619, 376, 2, 0, 0.0, 2.0
1637, 34, 525, 131, 524, 132, 1, -1, -0.7853981633974483, 1.4142135623730951
1638, 1, 402, 376, 401, 377, 1, -1, -0.7853981633974483, 1.4142135623730951
1638, 2, 388, 349, 386, 350, 2, -1, -0.4636476090008061, 2.23606797749979
1638, 4, 398, 114, 396, 115, 2, -1, -0.4636476090008061, 2.23606797749979
1638, 5, 544, 397, 543, 398, 1, -1, -0.7853981633974483, 1.4142135623730951
1638, 6, 461, 352, 459, 352, 2, 0, 0.0, 2.0
1638, 9, 562, 136, 560, 136, 2, 0, 0.0, 2.0
1638, 10, 430, 120, 429, 121, 1, -1, -0.7853981633974483, 1.4142135623730951
1638, 13, 631, 112, 630, 113, 1, -1, -0.7853981633974483, 1.4142135623730951
1638, 15, 629, 401, 628, 402, 1, -1, -0.7853981633974483, 1.4142135623730951
1638, 16, 578, 366, 577, 367, 1, -1, -0.7853981633974483, 1.4142135623730951
1638, 18, 393, 116, 391, 117, 2, -1, -0.4636476090008061, 2.23606797749979
1638, 21, 514, 344, 513, 345, 1, -1, -0.7853981633974483, 1.4142135623730951
1638, 23, 431, 350, 429, 351, 2, -1, -0.4636476090008061, 2.23606797749979
1638, 25, 436, 376, 435, 377, 1, -1, -0.7853981633974483, 1.4142135623730951
1638, 26, 609, 340, 607, 341, 2, -1, -0.4636476090008061, 2.23606797749979
1638, 29, 490, 369, 489, 370, 1, -1, -0.7853981633974483, 1.4142135623730951
1638, 33, 625, 375, 621, 376, 4, -1, -0.24497866312686414, 4.123105625617661
1638, 34, 526, 130, 525, 131, 1, -1, -0.7853981633974483, 1.4142135623730951
1639, 1, 403, 375, 402, 376, 1, -1, -0.7853981633974483, 1.4142135623730951
1639, 2, 389, 348, 388, 349, 1, -1, -0.7853981633974483, 1.4142135623730951
1639, 4, 399, 113, 398, 114, 1, -1, -0.7853981633974483, 1.4142135623730951
1639, 6, 463, 352, 461, 352, 2, 0, 0.0, 2.0
1639, 10, 431, 119, 430, 120, 1, -1, -0.7853981633974483, 1.4142135623730951
1639, 13, 633, 111, 631, 112, 2, -1, -0.4636476090008061, 2.23606797749979
1639, 16, 579, 365, 578, 366, 1, -1, -0.7853981633974483, 1.4142135623730951
1639, 17, 425, 123, 423, 123, 2, 0, 0.0, 2.0
1639, 18, 394, 115, 393, 116, 1, -1, -0.7853981633974483, 1.4142135623730951
1639, 21, 516, 343, 514, 344, 2, -1, -0.4636476090008061, 2.23606797749979
1639, 23, 433, 350, 431, 350, 2, 0, 0.0, 2.0
1639, 25, 437, 375, 436, 376, 1, -1, -0.7853981633974483, 1.4142135623730951
1639, 26, 611, 340, 609, 340, 2, 0, 0.0, 2.0
1639, 28, 453, 401, 452, 402, 1, -1, -0.7853981633974483, 1.4142135623730951
1639, 29, 492, 368, 490, 369, 2, -1, -0.4636476090008061, 2.23606797749979
1639, 30, 566, 111, 565, 112, 1, -1, -0.7853981633974483, 1.4142135623730951
1639, 31, 367, 385, 366, 386, 1, -1, -0.7853981633974483, 1.4142135623730951
1639, 33, 627, 375, 625, 375, 2, 0, 0.0, 2.0
1639, 34, 528, 130, 526, 130, 2, 0, 0.0, 2.0
1640, 0, 522, 97, 520, 97, 2, 0, 0.0, 2.0
1640, 2, 404, 378, 402, 378, 2, 0, 0.0, 2.0
1640, 3, 462, 352, 460, 352, 2, 0, 0.0, 2.0
1640, 5, 399, 116, 398, 117, 1, -1, -0.7853981633974483, 1.4142135623730951
1640, 7, 561, 137, 559, 137, 2, 0, 0.0, 2.0
1640, 8, 552, 405, 551, 406, 1, -1, -0.7853981633974483, 1.4142135623730951
1640, 10, 430, 122, 429, 123, 1, -1, -0.7853981633974483, 1.4142135623730951
1640, 11, 628, 113, 626, 113, 2, 0, 0.0, 2.0
1640, 12, 368, 386, 366, 387, 2, -1, -0.4636476090008061, 2.23606797749979
1640, 13, 516, 347, 515, 348, 1, -1, -0.7853981633974483, 1.4142135623730951
1640, 14, 574, 109, 572, 109, 2, 0, 0.0, 2.0
1640, 15, 562, 109, 560, 109, 2, 0, 0.0, 2.0
1640, 16, 612, 140, 610, 140, 2, 0, 0.0, 2.0
1640, 17, 437, 379, 436, 380, 1, -1, -0.7853981633974483, 1.4142135623730951
1640, 18, 631, 152, 629, 153, 2, -1, -0.4636476090008061, 2.23606797749979
1640, 20, 451, 404, 450, 405, 1, -1, -0.7853981633974483, 1.4142135623730951
1640, 21, 527, 131, 525, 132, 2, -1, -0.4636476090008061, 2.23606797749979
1640, 22, 577, 368, 576, 369, 1, -1, -0.7853981633974483, 1.4142135623730951
1640, 23, 609, 342, 608, 343, 1, -1, -0.7853981633974483, 1.4142135623730951
1640, 24, 493, 370, 491, 371, 2, -1, -0.4636476090008061, 2.23606797749979
1641, 1, 390, 353, 389, 354, 1, -1, -0.7853981633974483, 1.4142135623730951
1641, 2, 405, 377, 404, 378, 1, -1, -0.7853981633974483, 1.4142135623730951
1641, 4, 610, 108, 608, 108, 2, 0, 0.0, 2.0
1641, 5, 400, 115, 399, 116, 1, -1, -0.7853981633974483, 1.4142135623730951
1641, 7, 563, 137, 561, 137, 2, 0, 0.0, 2.0
1641, 8, 553, 404, 552, 405, 1, -1, -0.7853981633974483, 1.4142135623730951
1641, 10, 431, 121, 430, 122, 1, -1, -0.7853981633974483, 1.4142135623730951
1641, 11, 630, 112, 628, 113, 2, -1, -0.4636476090008061, 2.23606797749979
1641, 13, 517, 346, 516, 347, 1, -1, -0.7853981633974483, 1.4142135623730951
1641, 15, 564, 109, 562, 109, 2, 0, 0.0, 2.0
1641, 16, 614, 139, 612, 140, 2, -1, -0.4636476090008061, 2.23606797749979
1641, 17, 438, 378, 437, 379, 1, -1, -0.7853981633974483, 1.4142135623730951
1641, 18, 633, 152, 631, 152, 2, 0, 0.0, 2.0
1641, 20, 452, 403, 451, 404, 1, -1, -0.7853981633974483, 1.4142135623730951
1641, 21, 529, 130, 527, 131, 2, -1, -0.4636476090008061, 2.23606797749979
1641, 22, 578, 367, 577, 368, 1, -1, -0.7853981633974483, 1.4142135623730951
1641, 23, 610, 341, 609, 342, 1, -1, -0.7853981633974483, 1.4142135623730951
1641, 24, 495, 369, 493, 370, 2, -1, -0.4636476090008061, 2.23606797749979
1642, 3, 465, 351, 463, 352, 2, -1, -0.4636476090008061, 2.23606797749979
1642, 5, 401, 114, 400, 115, 1, -1, -0.7853981633974483, 1.4142135623730951
1642, 8, 554, 403, 553, 404, 1, -1, -0.7853981633974483, 1.4142135623730951
1642, 10, 433, 120, 431, 121, 2, -1, -0.4636476090008061, 2.23606797749979
1642, 11, 632, 110, 630, 112, 2, -2, -0.7853981633974483, 2.8284271247461903
1642, 12, 371, 385, 369, 386, 2, -1, -0.4636476090008061, 2.23606797749979
1642, 13, 518, 345, 517, 346, 1, -1, -0.7853981633974483, 1.4142135623730951
1642, 14, 576, 108, 575, 109, 1, -1, -0.7853981633974483, 1.4142135623730951
1642, 15, 566, 108, 564, 109, 2, -1, -0.4636476090008061, 2.23606797749979
1642, 16, 618, 139, 614, 139, 4, 0, 0.0, 4.0
1642, 18, 635, 152, 633, 152, 2, 0, 0.0, 2.0
1642, 19, 634, 403, 633, 404, 1, -1, -0.7853981633974483, 1.4142135623730951
1642, 20, 453, 402, 452, 403, 1, -1, -0.7853981633974483, 1.4142135623730951
1642, 21, 530, 129, 529, 130, 1, -1, -0.7853981633974483, 1.4142135623730951
1642, 22, 580, 366, 578, 367, 2, -1, -0.4636476090008061, 2.23606797749979
1642, 23, 611, 340, 610, 341, 1, -1, -0.7853981633974483, 1.4142135623730951
1642, 24, 497, 368, 495, 369, 2, -1, -0.4636476090008061, 2.23606797749979
1643, 0, 526, 96, 524, 97, 2, -1, -0.4636476090008061, 2.23606797749979
1643, 3, 466, 350, 465, 351, 1, -1, -0.7853981633974483, 1.4142135623730951
1643, 4, 613, 108, 611, 108, 2, 0, 0.0, 2.0
1643, 5, 402, 113, 401, 114, 1, -1, -0.7853981633974483, 1.4142135623730951
1643, 8, 555, 402, 554, 403, 1, -1, -0.7853981633974483, 1.4142135623730951
1643, 10, 434, 119, 433, 120, 1, -1, -0.7853981633974483, 1.4142135623730951
1643, 11, 634, 110, 632, 110, 2, 0, 0.0, 2.0
1643, 12, 373, 385, 371, 385, 2, 0, 0.0, 2.0
1643, 14, 578, 108, 576, 108, 2, 0, 0.0, 2.0
1643, 15, 568, 107, 566, 108, 2, -1, -0.4636476090008061, 2.23606797749979
1643, 16, 619, 138, 618, 139, 1, -1, -0.7853981633974483, 1.4142135623730951
1643, 17, 441, 377, 439, 378, 2, -1, -0.4636476090008061, 2.23606797749979
1643, 19, 635, 402, 634, 403, 1, -1, -0.7853981633974483, 1.4142135623730951
1643, 20, 454, 401, 453, 402, 1, -1, -0.7853981633974483, 1.4142135623730951
1643, 21, 532, 129, 530, 129, 2, 0, 0.0, 2.0
1643, 22, 582, 365, 580, 366, 2, -1, -0.4636476090008061, 2.23606797749979
1643, 23, 613, 340, 611, 340, 2, 0, 0.0, 2.0
1643, 24, 499, 367, 497, 368, 2, -1, -0.4636476090008061, 2.23606797749979
1643, 25, 465, 126, 464, 127, 1, -1, -0.7853981633974483, 1.4142135623730951
1644, 0, 528, 96, 526, 96, 2, 0, 0.0, 2.0
1644, 5, 403, 112, 402, 113, 1, -1, -0.7853981633974483, 1.4142135623730951
1644, 8, 556, 401, 555, 402, 1, -1, -0.7853981633974483, 1.4142135623730951
1644, 10, 435, 118, 434, 119, 1, -1, -0.7853981633974483, 1.4142135623730951
1644, 13, 519, 343, 518, 344, 1, -1, -0.7853981633974483, 1.4142135623730951
1644, 15, 569, 108, 568, 107, 1, 1, 0.7853981633974483, 1.4142135623730951
1644, 16, 622, 137, 619, 138, 3, -1, -0.3217505543966422, 3.1622776601683795
1644, 17, 442, 376, 441, 377, 1, -1, -0.7853981633974483, 1.4142135623730951
1644, 20, 455, 400, 454, 401, 1, -1, -0.7853981633974483, 1.4142135623730951
1644, 21, 534, 128, 532, 129, 2, -1, -0.4636476090008061, 2.23606797749979
1645, 0, 527, 98, 525, 99, 2, -1, -0.4636476090008061, 2.23606797749979
1645, 1, 395, 354, 393, 354, 2, 0, 0.0, 2.0
1645, 2, 408, 377, 406, 378, 2, -1, -0.4636476090008061, 2.23606797749979
1645, 3, 550, 397, 548, 398, 2, -1, -0.4636476090008061, 2.23606797749979
1645, 4, 557, 406, 555, 406, 2, 0, 0.0, 2.0
1645, 5, 404, 115, 403, 116, 1, -1, -0.7853981633974483, 1.4142135623730951
1645, 6, 566, 139, 564, 139, 2, 0, 0.0, 2.0
1645, 7, 465, 351, 464, 352, 1, -1, -0.7853981633974483, 1.4142135623730951
1645, 9, 521, 347, 519, 347, 2, 0, 0.0, 2.0
1645, 10, 406, 370, 405, 371, 1, -1, -0.7853981633974483, 1.4142135623730951
1645, 11, 435, 121, 434, 122, 1, -1, -0.7853981633974483, 1.4142135623730951
1645, 12, 631, 332, 629, 332, 2, 0, 0.0, 2.0
1645, 13, 455, 403, 454, 404, 1, -1, -0.7853981633974483, 1.4142135623730951
1645, 14, 478, 378, 476, 378, 2, 0, 0.0, 2.0
1645, 15, 508, 378, 506, 378, 2, 0, 0.0, 2.0
1645, 16, 583, 367, 581, 368, 2, -1, -0.4636476090008061, 2.23606797749979
1645, 18, 442, 378, 441, 379, 1, -1, -0.7853981633974483, 1.4142135623730951
1645, 20, 434, 354, 432, 354, 2, 0, 0.0, 2.0
1645, 21, 629, 392, 626, 393, 3, -1, -0.3217505543966422, 3.1622776601683795
1645, 23, 466, 110, 463, 111, 3, -1, -0.3217505543966422, 3.1622776601683795
1646, 2, 410, 377, 408, 377, 2, 0, 0.0, 2.0
1646, 3, 552, 396, 550, 397, 2, -1, -0.4636476090008061, 2.23606797749979
1646, 4, 558, 405, 557, 406, 1, -1, -0.7853981633974483, 1.4142135623730951
1646, 5, 405, 114, 404, 115, 1, -1, -0.7853981633974483, 1.4142135623730951
1646, 7, 466, 350, 465, 351, 1, -1, -0.7853981633974483, 1.4142135623730951
1646, 8, 614, 109, 612, 109, 2, 0, 0.0, 2.0
1646, 9, 523, 346, 521, 347, 2, -1, -0.4636476090008061, 2.23606797749979
1646, 10, 407, 369, 406, 370, 1, -1, -0.7853981633974483, 1.4142135623730951
1646, 11, 436, 120, 435, 121, 1, -1, -0.7853981633974483, 1.4142135623730951
1646, 12, 632, 331, 631, 332, 1, -1, -0.7853981633974483, 1.4142135623730951
1646, 14, 479, 377, 478, 378, 1, -1, -0.7853981633974483, 1.4142135623730951
1646, 15, 510, 378, 508, 378, 2, 0, 0.0, 2.0
1646, 17, 443, 377, 442, 378, 1, -1, -0.7853981633974483, 1.4142135623730951
1646, 19, 436, 354, 434, 354, 2, 0, 0.0, 2.0
1646, 20, 632, 391, 629, 392, 3, -1, -0.3217505543966422, 3.1622776601683795
1646, 22, 468, 109, 466, 110, 2, -1, -0.4636476090008061, 2.23606797749979
1646, 23, 534, 359, 536, 360, -2, -1, -2.677945044588987, 2.23606797749979
1647, 2, 412, 377, 410, 377, 2, 0, 0.0, 2.0
1647, 3, 553, 395, 552, 396, 1, -1, -0.7853981633974483, 1.4142135623730951
1647, 4, 560, 405, 558, 405, 2, 0, 0.0, 2.0
1647, 5, 406, 113, 405, 114, 1, -1, -0.7853981633974483, 1.4142135623730951
1647, 6, 568, 138, 567, 139, 1, -1, -0.7853981633974483, 1.4142135623730951
1647, 9, 525, 346, 523, 346, 2, 0, 0.0, 2.0
1647, 10, 408, 368, 407, 369, 1, -1, -0.7853981633974483, 1.4142135623730951
1647, 11, 437, 119, 436, 120, 1, -1, -0.7853981633974483, 1.4142135623730951
1647, 12, 633, 330, 632, 331, 1, -1, -0.7853981633974483, 1.4142135623730951
1647, 13, 458, 402, 456, 403, 2, -1, -0.4636476090008061, 2.23606797749979
1647, 15, 511, 377, 510, 378, 1, -1, -0.7853981633974483, 1.4142135623730951
1647, 17, 444, 376, 443, 377, 1, -1, -0.7853981633974483, 1.4142135623730951
1647, 20, 634, 390, 632, 391, 2, -1, -0.4636476090008061, 2.23606797749979
1647, 22, 470, 108, 468, 109, 2, -1, -0.4636476090008061, 2.23606797749979
1648, 0, 530, 97, 529, 98, 1, -1, -0.7853981633974483, 1.4142135623730951
1648, 1, 398, 353, 397, 354, 1, -1, -0.7853981633974483, 1.4142135623730951
1648, 3, 555, 395, 553, 395, 2, 0, 0.0, 2.0
1648, 4, 562, 404, 560, 405, 2, -1, -0.4636476090008061, 2.23606797749979
1648, 5, 407, 112, 406, 113, 1, -1, -0.7853981633974483, 1.4142135623730951
1648, 6, 569, 137, 568, 138, 1, -1, -0.7853981633974483, 1.4142135623730951
1648, 7, 468, 349, 467, 350, 1, -1, -0.7853981633974483, 1.4142135623730951
1648, 8, 617, 109, 615, 109, 2, 0, 0.0, 2.0
1648, 9, 527, 345, 525, 346, 2, -1, -0.4636476090008061, 2.23606797749979
1648, 12, 635, 329, 633, 330, 2, -1, -0.4636476090008061, 2.23606797749979
1648, 13, 459, 401, 458, 402, 1, -1, -0.7853981633974483, 1.4142135623730951
1648, 14, 482, 377, 480, 377, 2, 0, 0.0, 2.0
1648, 15, 513, 376, 511, 377, 2, -1, -0.4636476090008061, 2.23606797749979
1648, 19, 439, 354, 437, 354, 2, 0, 0.0, 2.0
1648, 22, 472, 108, 470, 108, 2, 0, 0.0, 2.0
1649, 3, 557, 395, 555, 395, 2, 0, 0.0, 2.0
1649, 4, 564, 404, 562, 404, 2, 0, 0.0, 2.0
1649, 5, 408, 111, 407, 112, 1, -1, -0.7853981633974483, 1.4142135623730951
1649, 6, 571, 136, 569, 137, 2, -1, -0.4636476090008061, 2.23606797749979
1649, 7, 470, 348, 468, 349, 2, -1, -0.4636476090008061, 2.23606797749979
1649, 8, 618, 108, 617, 109, 1, -1, -0.7853981633974483, 1.4142135623730951
1649, 9, 529, 344, 527, 345, 2, -1, -0.4636476090008061, 2.23606797749979
1649, 13, 460, 400, 459, 401, 1, -1, -0.7853981633974483, 1.4142135623730951
1649, 19, 441, 354, 439, 354, 2, 0, 0.0, 2.0
1649, 22, 473, 107, 472, 108, 1, -1, -0.7853981633974483, 1.4142135623730951
1650, 1, 413, 378, 411, 378, 2, 0, 0.0, 2.0
1650, 2, 399, 355, 397, 355, 2, 0, 0.0, 2.0
1650, 3, 561, 405, 560, 406, 1, -1, -0.7853981633974483, 1.4142135623730951
1650, 4, 468, 350, 467, 351, 1, -1, -0.7853981633974483, 1.4142135623730951
1650, 5, 570, 139, 568, 139, 2, 0, 0.0, 2.0
1650, 7, 440, 120, 439, 121, 1, -1, -0.7853981633974483, 1.4142135623730951
1650, 8, 407, 115, 406, 116, 1, -1, -0.7853981633974483, 1.4142135623730951
1650, 11, 526, 346, 524, 347, 2, -1, -0.4636476090008061, 2.23606797749979
1650, 12, 382, 393, 380, 394, 2, -1, -0.4636476090008061, 2.23606797749979
1650, 13, 589, 368, 587, 369, 2, -1, -0.4636476090008061, 2.23606797749979
1650, 14, 470, 108, 469, 109, 1, -1, -0.7853981633974483, 1.4142135623730951
1650, 15, 482, 84, 481, 85, 1, -1, -0.7853981633974483, 1.4142135623730951
1650, 16, 509, 119, 507, 119, 2, 0, 0.0, 2.0
1650, 17, 482, 377, 481, 378, 1, -1, -0.7853981633974483, 1.4142135623730951
1650, 18, 460, 403, 459, 404, 1, -1, -0.7853981633974483, 1.4142135623730951
1650, 19, 539, 131, 537, 131, 2, 0, 0.0, 2.0
1650, 22, 623, 140, 621, 140, 2, 0, 0.0, 2.0
1650, 23, 439, 354, 437, 354, 2, 0, 0.0, 2.0
1650, 24, 635, 326, 636, 327, -1, -1, -2.356194490192345, 1.4142135623730951
1650, 25, 494, 123, 493, 124, 1, -1, -0.7853981633974483, 1.4142135623730951
1650, 27, 634, 395, 633, 396, 1, -1, -0.7853981633974483, 1.4142135623730951
1650, 29, 510, 377, 508, 377, 2, 0, 0.0, 2.0
1650, 30, 519, 390, 516, 391, 3, -1, -0.3217505543966422, 3.1622776601683795
1650, 32, 608, 145, 607, 147, 1, -2, -1.1071487177940904, 2.23606797749979
1651, 3, 563, 404, 561, 405, 2, -1, -0.4636476090008061, 2.23606797749979
1651, 4, 470, 349, 468, 350, 2, -1, -0.4636476090008061, 2.23606797749979
1651, 5, 571, 138, 570, 139, 1, -1, -0.7853981633974483, 1.4142135623730951
1651, 7, 441, 119, 440, 120, 1, -1, -0.7853981633974483, 1.4142135623730951
1651, 9, 619, 109, 617, 109, 2, 0, 0.0, 2.0
1651, 11, 527, 345, 526, 346, 1, -1, -0.7853981633974483, 1.4142135623730951
1651, 12, 384, 392, 382, 393, 2, -1, -0.4636476090008061, 2.23606797749979
1651, 16, 510, 118, 509, 119, 1, -1, -0.7853981633974483, 1.4142135623730951
1651, 18, 461, 402, 460, 403, 1, -1, -0.7853981633974483, 1.4142135623730951
1651, 19, 541, 131, 539, 131, 2, 0, 0.0, 2.0
1651, 22, 625, 140, 623, 140, 2, 0, 0.0, 2.0
1651, 23, 441, 353, 439, 354, 2, -1, -0.4636476090008061, 2.23606797749979
1651, 25, 496, 122, 494, 123, 2, -1, -0.4636476090008061, 2.23606797749979
1651, 26, 620, 341, 619, 342, 1, -1, -0.7853981633974483, 1.4142135623730951
1651, 27, 635, 394, 634, 395, 1, -1, -0.7853981633974483, 1.4142135623730951
1651, 29, 511, 376, 510, 377, 1, -1, -0.7853981633974483, 1.4142135623730951
1651, 30, 521, 389, 519, 390, 2, -1, -0.4636476090008061, 2.23606797749979
1651, 32, 610, 144, 608, 145, 2, -1, -0.4636476090008061, 2.23606797749979
1652, 0, 533, 98, 531, 99, 2, -1, -0.4636476090008061, 2.23606797749979
1652, 2, 402, 354, 400, 355, 2, -1, -0.4636476090008061, 2.23606797749979
1652, 3, 564, 403, 563, 404, 1, -1, -0.7853981633974483, 1.4142135623730951
1652, 4, 472, 348, 470, 349, 2, -1, -0.4636476090008061, 2.23606797749979
1652, 5, 573, 138, 571, 138, 2, 0, 0.0, 2.0
1652, 6, 555, 396, 554, 397, 1, -1, -0.7853981633974483, 1.4142135623730951
1652, 7, 443, 119, 441, 119, 2, 0, 0.0, 2.0
1652, 9, 621, 109, 619, 109, 2, 0, 0.0, 2.0
1652, 10, 447, 375, 446, 376, 1, -1, -0.7853981633974483, 1.4142135623730951
1652, 12, 386, 392, 384, 392, 2, 0, 0.0, 2.0
1652, 17, 484, 376, 483, 377, 1, -1, -0.7853981633974483, 1.4142135623730951
1652, 22, 629, 139, 625, 140, 4, -1, -0.24497866312686414, 4.123105625617661
1652, 23, 443, 353, 441, 353, 2, 0, 0.0, 2.0
1652, 26, 621, 340, 620, 341, 1, -1, -0.7853981633974483, 1.4142135623730951
1652, 29, 512, 375, 511, 376, 1, -1, -0.7853981633974483, 1.4142135623730951
1652, 30, 524, 389, 521, 389, 3, 0, 0.0, 3.0
1652, 32, 612, 144, 610, 144, 2, 0, 0.0, 2.0
1653, 1, 416, 377, 415, 378, 1, -1, -0.7853981633974483, 1.4142135623730951
1653, 4, 473, 347, 472, 348, 1, -1, -0.7853981633974483, 1.4142135623730951
1653, 5, 575, 138, 573, 138, 2, 0, 0.0, 2.0
1653, 8, 410, 114, 409, 115, 1, -1, -0.7853981633974483, 1.4142135623730951
1653, 9, 623, 109, 621, 109, 2, 0, 0.0, 2.0
1653, 11, 529, 344, 528, 345, 1, -1, -0.7853981633974483, 1.4142135623730951
1653, 12, 388, 392, 386, 392, 2, 0, 0.0, 2.0
1653, 13, 593, 368, 591, 368, 2, 0, 0.0, 2.0
1653, 17, 485, 375, 484, 376, 1, -1, -0.7853981633974483, 1.4142135623730951
1653, 23, 445, 352, 443, 353, 2, -1, -0.4636476090008061, 2.23606797749979
1653, 28, 576, 111, 575, 112, 1, -1, -0.7853981633974483, 1.4142135623730951
1653, 30, 525, 388, 524, 389, 1, -1, -0.7853981633974483, 1.4142135623730951
1654, 0, 535, 97, 534, 98, 1, -1, -0.7853981633974483, 1.4142135623730951
1654, 3, 566, 402, 565, 403, 1, -1, -0.7853981633974483, 1.4142135623730951
1654, 4, 474, 346, 473, 347, 1, -1, -0.7853981633974483, 1.4142135623730951
1654, 9, 625, 109, 623, 109, 2, 0, 0.0, 2.0
1654, 11, 530, 343, 529, 344, 1, -1, -0.7853981633974483, 1.4142135623730951
1654, 13, 595, 368, 593, 368, 2, 0, 0.0, 2.0
1654, 14, 473, 106, 472, 107, 1, -1, -0.7853981633974483, 1.4142135623730951
1654, 15, 483, 82, 481, 83, 2, -1, -0.4636476090008061, 2.23606797749979
1654, 22, 632, 139, 630, 139, 2, 0, 0.0, 2.0
1654, 25, 499, 121, 498, 122, 1, -1, -0.7853981633974483, 1.4142135623730951
1654, 26, 624, 340, 622, 340, 2, 0, 0.0, 2.0
1654, 28, 577, 110, 576, 111, 1, -1, -0.7853981633974483, 1.4142135623730951
1654, 29, 514, 374, 513, 375, 1, -1, -0.7853981633974483, 1.4142135623730951
1654, 30, 526, 387, 525, 388, 1, -1, -0.7853981633974483, 1.4142135623730951
1654, 32, 615, 143, 613, 144, 2, -1, -0.4636476090008061, 2.23606797749979
1655, 1, 418, 378, 416, 378, 2, 0, 0.0, 2.0
1655, 4, 624, 108, 622, 109, 2, -1, -0.4636476090008061, 2.23606797749979
1655, 5, 559, 399, 558, 400, 1, -1, -0.7853981633974483, 1.4142135623730951
1655, 6, 476, 349, 475, 350, 1, -1, -0.7853981633974483, 1.4142135623730951
1655, 7, 444, 121, 443, 122, 1, -1, -0.7853981633974483, 1.4142135623730951
1655, 10, 530, 345, 529, 346, 1, -1, -0.7853981633974483, 1.4142135623730951
1655, 14, 544, 132, 542, 132, 2, 0, 0.0, 2.0
1655, 15, 635, 395, 637, 396, -2, -1, -2.677945044588987, 2.23606797749979
1655, 16, 404, 123, 403, 124, 1, -1, -0.7853981633974483, 1.4142135623730951
1655, 17, 486, 377, 485, 378, 1, -1, -0.7853981633974483, 1.4142135623730951
1655, 18, 443, 354, 442, 355, 1, -1, -0.7853981633974483, 1.4142135623730951
1655, 21, 452, 380, 450, 380, 2, 0, 0.0, 2.0
1655, 22, 576, 113, 575, 114, 1, -1, -0.7853981633974483, 1.4142135623730951
1655, 23, 438, 128, 436, 129, 2, -1, -0.4636476090008061, 2.23606797749979
1655, 24, 514, 120, 512, 120, 2, 0, 0.0, 2.0
1655, 26, 516, 373, 515, 374, 1, -1, -0.7853981633974483, 1.4142135623730951
1655, 27, 595, 374, 593, 375, 2, -1, -0.4636476090008061, 2.23606797749979
1655, 28, 504, 375, 502, 375, 2, 0, 0.0, 2.0
1656, 0, 536, 98, 535, 99, 1, -1, -0.7853981633974483, 1.4142135623730951
1656, 2, 403, 353, 402, 354, 1, -1, -0.7853981633974483, 1.4142135623730951
1656, 3, 566, 403, 565, 404, 1, -1, -0.7853981633974483, 1.4142135623730951
1656, 4, 626, 107, 624, 108, 2, -1, -0.4636476090008061, 2.23606797749979
1656, 5, 560, 398, 559, 399, 1, -1, -0.7853981633974483, 1.4142135623730951
1656, 6, 477, 348, 476, 349, 1, -1, -0.7853981633974483, 1.4142135623730951
1656, 8, 578, 139, 576, 139, 2, 0, 0.0, 2.0
1656, 10, 531, 344, 530, 345, 1, -1, -0.7853981633974483, 1.4142135623730951
1656, 11, 593, 367, 592, 368, 1, -1, -0.7853981633974483, 1.4142135623730951
1656, 13, 388, 394, 387, 395, 1, -1, -0.7853981633974483, 1.4142135623730951
1656, 14, 546, 132, 544, 132, 2, 0, 0.0, 2.0
1656, 16, 405, 122, 404, 123, 1, -1, -0.7853981633974483, 1.4142135623730951
1656, 17, 487, 376, 486, 377, 1, -1, -0.7853981633974483, 1.4142135623730951
1656, 18, 444, 353, 443, 354, 1, -1, -0.7853981633974483, 1.4142135623730951
1656, 20, 467, 403, 465, 403, 2, 0, 0.0, 2.0
1656, 22, 578, 113, 576, 113, 2, 0, 0.0, 2.0
1656, 23, 439, 127, 438, 128, 1, -1, -0.7853981633974483, 1.4142135623730951
1656, 26, 518, 372, 516, 373, 2, -1, -0.4636476090008061, 2.23606797749979
1656, 27, 596, 373, 595, 374, 1, -1, -0.7853981633974483, 1.4142135623730951
1656, 28, 506, 374, 504, 375, 2, -1, -0.4636476090008061, 2.23606797749979
1657, 0, 538, 97, 536, 98, 2, -1, -0.4636476090008061, 2.23606797749979
1657, 1, 420, 377, 418, 378, 2, -1, -0.4636476090008061, 2.23606797749979
1657, 4, 628, 107, 626, 107, 2, 0, 0.0, 2.0
1657, 5, 561, 397, 560, 398, 1, -1, -0.7853981633974483, 1.4142135623730951
1657, 8, 580, 138, 578, 139, 2, -1, -0.4636476090008061, 2.23606797749979
1657, 10, 532, 343, 531, 344, 1, -1, -0.7853981633974483, 1.4142135623730951
1657, 11, 594, 366, 593, 367, 1, -1, -0.7853981633974483, 1.4142135623730951
1657, 13, 390, 394, 388, 394, 2, 0, 0.0, 2.0
1657, 14, 548, 132, 546, 132, 2, 0, 0.0, 2.0
1657, 17, 489, 376, 487, 376, 2, 0, 0.0, 2.0
1657, 19, 631, 140, 630, 141, 1, -1, -0.7853981633974483, 1.4142135623730951
1657, 22, 579, 112, 578, 113, 1, -1, -0.7853981633974483, 1.4142135623730951
1657, 23, 441, 127, 439, 127, 2, 0, 0.0, 2.0
1657, 26, 519, 371, 518, 372, 1, -1, -0.7853981633974483, 1.4142135623730951
1657, 27, 597, 372, 596, 373, 1, -1, -0.7853981633974483, 1.4142135623730951
1657, 28, 508, 374, 506, 374, 2, 0, 0.0, 2.0
1658, 0, 540, 96, 538, 97, 2, -1, -0.4636476090008061, 2.23606797749979
1658, 1, 422, 376, 420, 377, 2, -1, -0.4636476090008061, 2.23606797749979
1658, 3, 569, 403, 567, 403, 2, 0, 0.0, 2.0
1658, 4, 629, 106, 628, 107, 1, -1, -0.7853981633974483, 1.4142135623730951
1658, 5, 562, 396, 561, 397, 1, -1, -0.7853981633974483, 1.4142135623730951
1658, 6, 479, 347, 478, 348, 1, -1, -0.7853981633974483, 1.4142135623730951
1658, 7, 448, 121, 446, 121, 2, 0, 0.0, 2.0
1658, 9, 416, 116, 414, 116, 2, 0, 0.0, 2.0
1658, 10, 533, 342, 532, 343, 1, -1, -0.7853981633974483, 1.4142135623730951
1658, 12, 408, 372, 406, 371, 2, 1, 0.4636476090008061, 2.23606797749979
1658, 13, 392, 394, 390, 394, 2, 0, 0.0, 2.0
1658, 14, 549, 131, 548, 132, 1, -1, -0.7853981633974483, 1.4142135623730951
1658, 16, 406, 120, 405, 121, 1, -1, -0.7853981633974483, 1.4142135623730951
1658, 17, 491, 375, 489, 376, 2, -1, -0.4636476090008061, 2.23606797749979
1658, 18, 446, 352, 445, 353, 1, -1, -0.7853981633974483, 1.4142135623730951
1658, 19, 632, 139, 631, 140, 1, -1, -0.7853981633974483, 1.4142135623730951
1658, 22, 581, 112, 579, 112, 2, 0, 0.0, 2.0
1658, 23, 442, 126, 441, 127, 1, -1, -0.7853981633974483, 1.4142135623730951
1658, 26, 520, 370, 519, 371, 1, -1, -0.7853981633974483, 1.4142135623730951
1658, 27, 599, 371, 597, 372, 2, -1, -0.4636476090008061, 2.23606797749979
1658, 28, 509, 373, 508, 374, 1, -1, -0.7853981633974483, 1.4142135623730951
1659, 0, 542, 95, 540, 96, 2, -1, -0.4636476090008061, 2.23606797749979
1659, 1, 424, 375, 422, 376, 2, -1, -0.4636476090008061, 2.23606797749979
1659, 2, 406, 352, 405, 353, 1, -1, -0.7853981633974483, 1.4142135623730951
1659, 5, 564, 395, 562, 396, 2, -1, -0.4636476090008061, 2.23606797749979
1659, 6, 481, 346, 479, 347, 2, -1, -0.4636476090008061, 2.23606797749979
1659, 8, 583, 138, 581, 138, 2, 0, 0.0, 2.0
1659, 10, 535, 342, 533, 342, 2, 0, 0.0, 2.0
1659, 11, 596, 365, 595, 366, 1, -1, -0.7853981633974483, 1.4142135623730951
1659, 12, 410, 372, 408, 372, 2, 0, 0.0, 2.0
1659, 13, 394, 393, 392, 394, 2, -1, -0.4636476090008061, 2.23606797749979
1659, 14, 551, 130, 549, 131, 2, -1, -0.4636476090008061, 2.23606797749979
1659, 16, 407, 119, 406, 120, 1, -1, -0.7853981633974483, 1.4142135623730951
1659, 17, 493, 374, 491, 375, 2, -1, -0.4636476090008061, 2.23606797749979
1659, 18, 448, 351, 446, 352, 2, -1, -0.4636476090008061, 2.23606797749979
1659, 19, 633, 138, 632, 139, 1, -1, -0.7853981633974483, 1.4142135623730951
1659, 20, 471, 403, 469, 403, 2, 0, 0.0, 2.0
1659, 22, 583, 112, 581, 112, 2, 0, 0.0, 2.0
1659, 23, 443, 125, 442, 126, 1, -1, -0.7853981633974483, 1.4142135623730951
1659, 24, 519, 120, 517, 120, 2, 0, 0.0, 2.0
1659, 26, 522, 368, 520, 370, 2, -2, -0.7853981633974483, 2.8284271247461903
1659, 27, 601, 370, 599, 371, 2, -1, -0.4636476090008061, 2.23606797749979
1659, 28, 510, 372, 509, 373, 1, -1, -0.7853981633974483, 1.4142135623730951
1660, 0, 542, 98, 541, 99, 1, -1, -0.7853981633974483, 1.4142135623730951
1660, 2, 573, 405, 571, 405, 2, 0, 0.0, 2.0
1660, 5, 582, 140, 580, 140, 2, 0, 0.0, 2.0
1660, 6, 408, 352, 406, 353, 2, -1, -0.4636476090008061, 2.23606797749979
1660, 7, 595, 367, 593, 368, 2, -1, -0.4636476090008061, 2.23606797749979
1660, 9, 414, 124, 412, 124, 2, 0, 0.0, 2.0
1660, 10, 535, 345, 533, 346, 2, -1, -0.4636476090008061, 2.23606797749979
1660, 11, 562, 393, 558, 395, 4, -2, -0.4636476090008061, 4.47213595499958
1660, 12, 480, 349, 479, 350, 1, -1, -0.7853981633974483, 1.4142135623730951
1660, 14, 634, 141, 632, 142, 2, -1, -0.4636476090008061, 2.23606797749979
1660, 19, 584, 115, 581, 115, 3, 0, 0.0, 3.0
1660, 20, 445, 129, 443, 129, 2, 0, 0.0, 2.0
1660, 21, 492, 377, 490, 377, 2, 0, 0.0, 2.0
1661, 0, 544, 97, 542, 98, 2, -1, -0.4636476090008061, 2.23606797749979
1661, 2, 575, 405, 573, 405, 2, 0, 0.0, 2.0
1661, 3, 417, 115, 416, 116, 1, -1, -0.7853981633974483, 1.4142135623730951
1661, 4, 450, 122, 448, 122, 2, 0, 0.0, 2.0
1661, 7, 597, 366, 595, 367, 2, -1, -0.4636476090008061, 2.23606797749979
1661, 8, 628, 109, 627, 110, 1, -1, -0.7853981633974483, 1.4142135623730951
1661, 9, 416, 123, 414, 124, 2, -1, -0.4636476090008061, 2.23606797749979
1661, 10, 537, 344, 535, 345, 2, -1, -0.4636476090008061, 2.23606797749979
1661, 11, 565, 392, 562, 393, 3, -1, -0.3217505543966422, 3.1622776601683795
1661, 12, 482, 348, 480, 349, 2, -1, -0.4636476090008061, 2.23606797749979
1661, 14, 635, 140, 634, 141, 1, -1, -0.7853981633974483, 1.4142135623730951
1661, 17, 415, 373, 412, 373, 3, 0, 0.0, 3.0
1661, 19, 587, 116, 584, 115, 3, 1, 0.3217505543966422, 3.1622776601683795
1661, 20, 447, 129, 445, 129, 2, 0, 0.0, 2.0
1662, 2, 577, 405, 575, 405, 2, 0, 0.0, 2.0
1662, 5, 585, 139, 583, 140, 2, -1, -0.4636476090008061, 2.23606797749979
1662, 6, 410, 351, 409, 352, 1, -1, -0.7853981633974483, 1.4142135623730951
1662, 7, 599, 365, 597, 366, 2, -1, -0.4636476090008061, 2.23606797749979
1662, 9, 418, 122, 416, 123, 2, -1, -0.4636476090008061, 2.23606797749979
1662, 10, 539, 343, 537, 344, 2, -1, -0.4636476090008061, 2.23606797749979
1662, 11, 568, 391, 565, 392, 3, -1, -0.3217505543966422, 3.1622776601683795
1662, 12, 483, 347, 482, 348, 1, -1, -0.7853981633974483, 1.4142135623730951
1662, 15, 454, 379, 453, 380, 1, -1, -0.7853981633974483, 1.4142135623730951
1662, 17, 416, 372, 415, 373, 1, -1, -0.7853981633974483, 1.4142135623730951
1662, 18, 548, 358, 550, 359, -2, -1, -2.677945044588987, 2.23606797749979
1662, 19, 590, 116, 587, 116, 3, 0, 0.0, 3.0
1662, 20, 449, 128, 447, 129, 2, -1, -0.4636476090008061, 2.23606797749979
1663, 0, 547, 96, 545, 97, 2, -1, -0.4636476090008061, 2.23606797749979
1663, 2, 579, 405, 577, 405, 2, 0, 0.0, 2.0
1663, 5, 588, 139, 585, 139, 3, 0, 0.0, 3.0
1663, 6, 411, 350, 410, 351, 1, -1, -0.7853981633974483, 1.4142135623730951
1663, 7, 601, 364, 599, 365, 2, -1, -0.4636476090008061, 2.23606797749979
1663, 9, 419, 121, 418, 122, 1, -1, -0.7853981633974483, 1.4142135623730951
1663, 10, 540, 342, 539, 343, 1, -1, -0.7853981633974483, 1.4142135623730951
1663, 11, 572, 390, 568, 391, 4, -1, -0.24497866312686414, 4.123105625617661
1663, 12, 484, 345, 483, 347, 1, -2, -1.1071487177940904, 2.23606797749979
1663, 13, 395, 394, 393, 395, 2, -1, -0.4636476090008061, 2.23606797749979
1663, 19, 592, 116, 590, 116, 2, 0, 0.0, 2.0
1663, 21, 495, 376, 494, 377, 1, -1, -0.7853981633974483, 1.4142135623730951
1664, 0, 548, 95, 547, 96, 1, -1, -0.7853981633974483, 1.4142135623730951
1664, 1, 425, 377, 424, 378, 1, -1, -0.7853981633974483, 1.4142135623730951
1664, 2, 581, 405, 579, 405, 2, 0, 0.0, 2.0
1664, 5, 590, 139, 588, 139, 2, 0, 0.0, 2.0
1664, 6, 413, 349, 411, 350, 2, -1, -0.4636476090008061, 2.23606797749979
1664, 7, 603, 363, 601, 364, 2, -1, -0.4636476090008061, 2.23606797749979
1664, 10, 542, 341, 540, 342, 2, -1, -0.4636476090008061, 2.23606797749979
1664, 11, 574, 389, 572, 390, 2, -1, -0.4636476090008061, 2.23606797749979
1664, 12, 486, 344, 484, 345, 2, -1, -0.4636476090008061, 2.23606797749979
1664, 15, 456, 378, 455, 379, 1, -1, -0.7853981633974483, 1.4142135623730951
1664, 17, 418, 371, 417, 372, 1, -1, -0.7853981633974483, 1.4142135623730951
1664, 19, 594, 116, 592, 116, 2, 0, 0.0, 2.0
1665, 0, 546, 98, 544, 98, 2, 0, 0.0, 2.0
1665, 1, 427, 377, 426, 378, 1, -1, -0.7853981633974483, 1.4142135623730951
1665, 2, 412, 352, 411, 353, 1, -1, -0.7853981633974483, 1.4142135623730951
1665, 4, 487, 346, 485, 348, 2, -2, -0.7853981633974483, 2.8284271247461903
1665, 5, 577, 406, 575, 406, 2, 0, 0.0, 2.0
1665, 8, 587, 140, 585, 140, 2, 0, 0.0, 2.0
1665, 11, 541, 344, 539, 345, 2, -1, -0.4636476090008061, 2.23606797749979
1665, 12, 455, 354, 453, 354, 2, 0, 0.0, 2.0
1665, 15, 604, 367, 602, 368, 2, -1, -0.4636476090008061, 2.23606797749979
1665, 17, 409, 119, 408, 120, 1, -1, -0.7853981633974483, 1.4142135623730951
1665, 18, 510, 129, 508, 129, 2, 0, 0.0, 2.0
1665, 19, 569, 358, 567, 357, 2, 1, 0.4636476090008061, 2.23606797749979
1665, 21, 635, 341, 638, 342, -3, -1, -2.819842099193151, 3.1622776601683795
1665, 22, 523, 375, 522, 376, 1, -1, -0.7853981633974483, 1.4142135623730951
1665, 23, 496, 377, 495, 378, 1, -1, -0.7853981633974483, 1.4142135623730951
1665, 24, 443, 125, 442, 126, 1, -1, -0.7853981633974483, 1.4142135623730951
1665, 27, 459, 379, 458, 380, 1, -1, -0.7853981633974483, 1.4142135623730951
1666, 0, 548, 97, 546, 98, 2, -1, -0.4636476090008061, 2.23606797749979
1666, 1, 428, 376, 427, 377, 1, -1, -0.7853981633974483, 1.4142135623730951
1666, 2, 413, 351, 412, 352, 1, -1, -0.7853981633974483, 1.4142135623730951
1666, 4, 489, 345, 487, 346, 2, -1, -0.4636476090008061, 2.23606797749979
1666, 5, 579, 406, 577, 406, 2, 0, 0.0, 2.0
1666, 6, 568, 398, 567, 399, 1, -1, -0.7853981633974483, 1.4142135623730951
1666, 7, 421, 115, 420, 116, 1, -1, -0.7853981633974483, 1.4142135623730951
1666, 8, 589, 139, 587, 140, 2, -1, -0.4636476090008061, 2.23606797749979
1666, 11, 542, 343, 541, 344, 1, -1, -0.7853981633974483, 1.4142135623730951
1666, 12, 457, 353, 455, 354, 2, -1, -0.4636476090008061, 2.23606797749979
1666, 14, 474, 404, 473, 405, 1, -1, -0.7853981633974483, 1.4142135623730951
1666, 15, 606, 366, 604, 367, 2, -1, -0.4636476090008061, 2.23606797749979
1666, 17, 410, 118, 409, 119, 1, -1, -0.7853981633974483, 1.4142135623730951
1666, 18, 511, 128, 510, 129, 1, -1, -0.7853981633974483, 1.4142135623730951
1666, 22, 524, 374, 523, 375, 1, -1, -0.7853981633974483, 1.4142135623730951
1666, 24, 445, 124, 443, 125, 2, -1, -0.4636476090008061, 2.23606797749979
1667, 1, 429, 375, 428, 376, 1, -1, -0.7853981633974483, 1.4142135623730951
1667, 2, 415, 350, 413, 351, 2, -1, -0.4636476090008061, 2.23606797749979
1667, 4, 491, 344, 489, 345, 2, -1, -0.4636476090008061, 2.23606797749979
1667, 5, 581, 406, 579, 406, 2, 0, 0.0, 2.0
1667, 6, 569, 397, 568, 398, 1, -1, -0.7853981633974483, 1.4142135623730951
1667, 8, 591, 139, 589, 139, 2, 0, 0.0, 2.0
1667, 10, 454, 121, 453, 122, 1, -1, -0.7853981633974483, 1.4142135623730951
1667, 11, 544, 342, 542, 343, 2, -1, -0.4636476090008061, 2.23606797749979
1667, 12, 458, 352, 457, 353, 1, -1, -0.7853981633974483, 1.4142135623730951
1667, 14, 475, 403, 474, 404, 1, -1, -0.7853981633974483, 1.4142135623730951
1667, 15, 608, 365, 606, 366, 2, -1, -0.4636476090008061, 2.23606797749979
1667, 16, 519, 369, 518, 370, 1, -1, -0.7853981633974483, 1.4142135623730951
1667, 17, 412, 117, 410, 118, 2, -1, -0.4636476090008061, 2.23606797749979
1667, 22, 526, 373, 524, 374, 2, -1, -0.4636476090008061, 2.23606797749979
1667, 23, 498, 376, 497, 377, 1, -1, -0.7853981633974483, 1.4142135623730951
1667, 24, 446, 123, 445, 124, 1, -1, -0.7853981633974483, 1.4142135623730951
1667, 25, 392, 388, 391, 389, 1, -1, -0.7853981633974483, 1.4142135623730951
1668, 2, 416, 349, 415, 350, 1, -1, -0.7853981633974483, 1.4142135623730951
1668, 4, 494, 342, 491, 344, 3, -2, -0.5880026035475675, 3.605551275463989
1668, 5, 582, 405, 581, 406, 1, -1, -0.7853981633974483, 1.4142135623730951
1668, 7, 423, 114, 422, 115, 1, -1, -0.7853981633974483, 1.4142135623730951
1668, 8, 594, 139, 591, 139, 3, 0, 0.0, 3.0
1668, 12, 459, 351, 458, 352, 1, -1, -0.7853981633974483, 1.4142135623730951
1668, 14, 476, 402, 475, 403, 1, -1, -0.7853981633974483, 1.4142135623730951
1668, 15, 609, 364, 608, 365, 1, -1, -0.7853981633974483, 1.4142135623730951
1668, 16, 520, 368, 519, 369, 1, -1, -0.7853981633974483, 1.4142135623730951
1668, 17, 413, 116, 412, 117, 1, -1, -0.7853981633974483, 1.4142135623730951
1668, 18, 513, 127, 512, 128, 1, -1, -0.7853981633974483, 1.4142135623730951
1668, 22, 527, 372, 526, 373, 1, -1, -0.7853981633974483, 1.4142135623730951
1668, 24, 447, 122, 446, 123, 1, -1, -0.7853981633974483, 1.4142135623730951
1668, 26, 553, 137, 552, 138, 1, -1, -0.7853981633974483, 1.4142135623730951
1668, 27, 462, 378, 461, 379, 1, -1, -0.7853981633974483, 1.4142135623730951
1669, 0, 552, 97, 550, 97, 2, 0, 0.0, 2.0
1669, 1, 431, 374, 430, 375, 1, -1, -0.7853981633974483, 1.4142135623730951
1669, 4, 496, 341, 494, 342, 2, -1, -0.4636476090008061, 2.23606797749979
1669, 5, 583, 404, 582, 405, 1, -1, -0.7853981633974483, 1.4142135623730951
1669, 7, 424, 113, 423, 114, 1, -1, -0.7853981633974483, 1.4142135623730951
1669, 8, 596, 139, 594, 139, 2, 0, 0.0, 2.0
1669, 10, 457, 120, 455, 121, 2, -1, -0.4636476090008061, 2.23606797749979
1669, 11, 546, 341, 545, 342, 1, -1, -0.7853981633974483, 1.4142135623730951
1669, 12, 461, 350, 459, 351, 2, -1, -0.4636476090008061, 2.23606797749979
1669, 14, 477, 401, 476, 402, 1, -1, -0.7853981633974483, 1.4142135623730951
1669, 15, 610, 363, 609, 364, 1, -1, -0.7853981633974483, 1.4142135623730951
1669, 16, 522, 367, 520, 368, 2, -1, -0.4636476090008061, 2.23606797749979
1669, 17, 416, 115, 413, 116, 3, -1, -0.3217505543966422, 3.1622776601683795
1669, 18, 514, 126, 513, 127, 1, -1, -0.7853981633974483, 1.4142135623730951
1669, 19, 571, 357, 570, 358, 1, -1, -0.7853981633974483, 1.4142135623730951
1669, 22, 529, 372, 527, 372, 2, 0, 0.0, 2.0
1669, 23, 501, 375, 499, 376, 2, -1, -0.4636476090008061, 2.23606797749979
1669, 24, 449, 121, 447, 122, 2, -1, -0.4636476090008061, 2.23606797749979
1669, 25, 394, 387, 393, 388, 1, -1, -0.7853981633974483, 1.4142135623730951
1669, 26, 555, 136, 553, 137, 2, -1, -0.4636476090008061, 2.23606797749979
1669, 27, 464, 377, 462, 378, 2, -1, -0.4636476090008061, 2.23606797749979
1670, 2, 431, 377, 430, 378, 1, -1, -0.7853981633974483, 1.4142135623730951
1670, 4, 494, 345, 492, 346, 2, -1, -0.4636476090008061, 2.23606797749979
1670, 5, 635, 110, 637, 110, -2, 0, 3.141592653589793, 2.0
1670, 6, 593, 139, 592, 140, 1, -1, -0.7853981633974483, 1.4142135623730951
1670, 7, 424, 115, 423, 116, 1, -1, -0.7853981633974483, 1.4142135623730951
1670, 9, 457, 121, 456, 122, 1, -1, -0.7853981633974483, 1.4142135623730951
1670, 10, 396, 388, 394, 389, 2, -1, -0.4636476090008061, 2.23606797749979
1670, 12, 609, 368, 607, 368, 2, 0, 0.0, 2.0
1670, 13, 522, 368, 520, 369, 2, -1, -0.4636476090008061, 2.23606797749979
1670, 14, 479, 404, 478, 405, 1, -1, -0.7853981633974483, 1.4142135623730951
1670, 16, 486, 135, 485, 136, 1, -1, -0.7853981633974483, 1.4142135623730951
1670, 19, 604, 111, 603, 112, 1, -1, -0.7853981633974483, 1.4142135623730951
1670, 21, 532, 375, 531, 376, 1, -1, -0.7853981633974483, 1.4142135623730951
1670, 22, 630, 87, 628, 87, 2, 0, 0.0, 2.0
1670, 24, 417, 116, 415, 117, 2, -1, -0.4636476090008061, 2.23606797749979
1670, 26, 460, 373, 459, 374, 1, -1, -0.7853981633974483, 1.4142135623730951
1671, 2, 433, 377, 431, 377, 2, 0, 0.0, 2.0
1671, 4, 496, 345, 494, 345, 2, 0, 0.0, 2.0
1671, 6, 595, 140, 593, 139, 2, 1, 0.4636476090008061, 2.23606797749979
1671, 7, 425, 114, 424, 115, 1, -1, -0.7853981633974483, 1.4142135623730951
1671, 8, 583, 405, 582, 406, 1, -1, -0.7853981633974483, 1.4142135623730951
1671, 9, 458, 120, 457, 121, 1, -1, -0.7853981633974483, 1.4142135623730951
1671, 10, 398, 387, 396, 388, 2, -1, -0.4636476090008061, 2.23606797749979
1671, 12, 611, 367, 609, 368, 2, -1, -0.4636476090008061, 2.23606797749979
1671, 13, 524, 367, 522, 368, 2, -1, -0.4636476090008061, 2.23606797749979
1671, 14, 481, 404, 479, 404, 2, 0, 0.0, 2.0
1671, 15, 466, 379, 464, 380, 2, -1, -0.4636476090008061, 2.23606797749979
1671, 17, 546, 343, 545, 344, 1, -1, -0.7853981633974483, 1.4142135623730951
1671, 18, 599, 113, 597, 113, 2, 0, 0.0, 2.0
1671, 20, 459, 353, 458, 354, 1, -1, -0.7853981633974483, 1.4142135623730951
1671, 22, 633, 87, 630, 87, 3, 0, 0.0, 3.0
1671, 24, 419, 116, 417, 116, 2, 0, 0.0, 2.0
1671, 25, 556, 401, 554, 401, 2, 0, 0.0, 2.0
1672, 3, 577, 395, 575, 395, 2, 0, 0.0, 2.0
1672, 4, 498, 344, 496, 345, 2, -1, -0.4636476090008061, 2.23606797749979
1672, 6, 597, 140, 595, 140, 2, 0, 0.0, 2.0
1672, 7, 426, 113, 425, 114, 1, -1, -0.7853981633974483, 1.4142135623730951
1672, 8, 584, 404, 583, 405, 1, -1, -0.7853981633974483, 1.4142135623730951
1672, 9, 459, 119, 458, 120, 1, -1, -0.7853981633974483, 1.4142135623730951
1672, 10, 400, 386, 398, 387, 2, -1, -0.4636476090008061, 2.23606797749979
1672, 11, 404, 396, 402, 396, 2, 0, 0.0, 2.0
1672, 12, 612, 366, 611, 367, 1, -1, -0.7853981633974483, 1.4142135623730951
1672, 13, 526, 366, 524, 367, 2, -1, -0.4636476090008061, 2.23606797749979
1672, 15, 467, 378, 466, 379, 1, -1, -0.7853981633974483, 1.4142135623730951
1672, 17, 547, 342, 546, 343, 1, -1, -0.7853981633974483, 1.4142135623730951
1672, 21, 535, 374, 533, 375, 2, -1, -0.4636476090008061, 2.23606797749979
1672, 22, 634, 86, 633, 87, 1, -1, -0.7853981633974483, 1.4142135623730951
1672, 24, 420, 115, 419, 116, 1, -1, -0.7853981633974483, 1.4142135623730951
1672, 26, 462, 371, 460, 372, 2, -1, -0.4636476090008061, 2.23606797749979
1673, 3, 578, 394, 577, 395, 1, -1, -0.7853981633974483, 1.4142135623730951
1673, 4, 500, 343, 498, 344, 2, -1, -0.4636476090008061, 2.23606797749979
1673, 6, 599, 140, 597, 140, 2, 0, 0.0, 2.0
1673, 7, 427, 112, 426, 113, 1, -1, -0.7853981633974483, 1.4142135623730951
1673, 8, 585, 403, 584, 404, 1, -1, -0.7853981633974483, 1.4142135623730951
1673, 9, 460, 118, 459, 119, 1, -1, -0.7853981633974483, 1.4142135623730951
1673, 10, 402, 385, 400, 386, 2, -1, -0.4636476090008061, 2.23606797749979
1673, 12, 614, 365, 612, 366, 2, -1, -0.4636476090008061, 2.23606797749979
1673, 13, 528, 365, 526, 366, 2, -1, -0.4636476090008061, 2.23606797749979
1673, 14, 484, 403, 482, 404, 2, -1, -0.4636476090008061, 2.23606797749979
1673, 15, 469, 377, 467, 378, 2, -1, -0.4636476090008061, 2.23606797749979
1673, 16, 490, 135, 488, 135, 2, 0, 0.0, 2.0
1673, 17, 548, 341, 547, 342, 1, -1, -0.7853981633974483, 1.4142135623730951
1673, 20, 461, 352, 460, 353, 1, -1, -0.7853981633974483, 1.4142135623730951
1673, 22, 635, 85, 634, 86, 1, -1, -0.7853981633974483, 1.4142135623730951
1673, 23, 562, 134, 561, 135, 1, -1, -0.7853981633974483, 1.4142135623730951
1673, 24, 421, 114, 420, 115, 1, -1, -0.7853981633974483, 1.4142135623730951
1673, 25, 558, 400, 557, 401, 1, -1, -0.7853981633974483, 1.4142135623730951
1673, 26, 464, 370, 462, 371, 2, -1, -0.4636476090008061, 2.23606797749979
1674, 6, 601, 140, 599, 140, 2, 0, 0.0, 2.0
1674, 7, 428, 111, 427, 112, 1, -1, -0.7853981633974483, 1.4142135623730951
1674, 8, 587, 403, 585, 403, 2, 0, 0.0, 2.0
1674, 9, 462, 117, 460, 118, 2, -1, -0.4636476090008061, 2.23606797749979
1674, 10, 404, 385, 402, 385, 2, 0, 0.0, 2.0
1674, 13, 531, 364, 528, 365, 3, -1, -0.3217505543966422, 3.1622776601683795
1674, 14, 486, 402, 484, 403, 2, -1, -0.4636476090008061, 2.23606797749979
1674, 15, 471, 377, 469, 377, 2, 0, 0.0, 2.0
1674, 17, 549, 340, 548, 341, 1, -1, -0.7853981633974483, 1.4142135623730951
1674, 19, 608, 110, 607, 111, 1, -1, -0.7853981633974483, 1.4142135623730951
1674, 20, 463, 352, 461, 352, 2, 0, 0.0, 2.0
1674, 23, 564, 134, 562, 134, 2, 0, 0.0, 2.0
1674, 25, 559, 399, 558, 400, 1, -1, -0.7853981633974483, 1.4142135623730951
1674, 26, 466, 370, 464, 370, 2, 0, 0.0, 2.0
1675, 4, 589, 406, 587, 406, 2, 0, 0.0, 2.0
1675, 6, 598, 142, 597, 141, 1, 1, 0.7853981633974483, 1.4142135623730951
1675, 7, 463, 120, 461, 121, 2, -1, -0.4636476090008061, 2.23606797749979
1675, 8, 498, 345, 496, 345, 2, 0, 0.0, 2.0
1675, 10, 430, 114, 428, 115, 2, -1, -0.4636476090008061, 2.23606797749979
1675, 11, 597, 110, 596, 111, 1, -1, -0.7853981633974483, 1.4142135623730951
1675, 13, 469, 379, 468, 380, 1, -1, -0.7853981633974483, 1.4142135623730951
1675, 14, 464, 353, 462, 354, 2, -1, -0.4636476090008061, 2.23606797749979
1675, 16, 515, 123, 511, 125, 4, -2, -0.4636476090008061, 4.47213595499958
1675, 17, 484, 404, 483, 405, 1, -1, -0.7853981633974483, 1.4142135623730951
1675, 18, 499, 84, 497, 85, 2, -1, -0.4636476090008061, 2.23606797749979
1675, 21, 421, 119, 420, 118, 1, 1, 0.7853981633974483, 1.4142135623730951
1675, 22, 560, 401, 558, 401, 2, 0, 0.0, 2.0
1676, 0, 556, 100, 554, 100, 2, 0, 0.0, 2.0
1676, 3, 580, 395, 579, 396, 1, -1, -0.7853981633974483, 1.4142135623730951
1676, 4, 591, 405, 589, 406, 2, -1, -0.4636476090008061, 2.23606797749979
1676, 6, 600, 142, 598, 142, 2, 0, 0.0, 2.0
1676, 7, 465, 119, 463, 120, 2, -1, -0.4636476090008061, 2.23606797749979
1676, 8, 500, 344, 498, 345, 2, -1, -0.4636476090008061, 2.23606797749979
1676, 9, 551, 344, 549, 344, 2, 0, 0.0, 2.0
1676, 10, 432, 113, 430, 114, 2, -1, -0.4636476090008061, 2.23606797749979
1676, 11, 599, 109, 597, 110, 2, -1, -0.4636476090008061, 2.23606797749979
1676, 12, 535, 122, 533, 122, 2, 0, 0.0, 2.0
1676, 13, 470, 378, 469, 379, 1, -1, -0.7853981633974483, 1.4142135623730951
1676, 14, 465, 352, 464, 353, 1, -1, -0.7853981633974483, 1.4142135623730951
1676, 15, 614, 370, 612, 370, 2, 0, 0.0, 2.0
1676, 16, 518, 122, 515, 123, 3, -1, -0.3217505543966422, 3.1622776601683795
1676, 17, 486, 403, 484, 404, 2, -1, -0.4636476090008061, 2.23606797749979
1676, 18, 501, 83, 499, 84, 2, -1, -0.4636476090008061, 2.23606797749979
1676, 19, 611, 111, 609, 112, 2, -1, -0.4636476090008061, 2.23606797749979
1676, 20, 539, 376, 537, 376, 2, 0, 0.0, 2.0
1676, 21, 423, 119, 421, 119, 2, 0, 0.0, 2.0
1676, 22, 562, 401, 560, 401, 2, 0, 0.0, 2.0
1677, 0, 558, 100, 556, 100, 2, 0, 0.0, 2.0
1677, 1, 438, 377, 436, 378, 2, -1, -0.4636476090008061, 2.23606797749979
1677, 2, 424, 353, 422, 354, 2, -1, -0.4636476090008061, 2.23606797749979
1677, 4, 593, 404, 591, 405, 2, -1, -0.4636476090008061, 2.23606797749979
1677, 5, 408, 396, 406, 396, 2, 0, 0.0, 2.0
1677, 6, 601, 141, 600, 142, 1, -1, -0.7853981633974483, 1.4142135623730951
1677, 7, 467, 118, 465, 119, 2, -1, -0.4636476090008061, 2.23606797749979
1677, 8, 502, 343, 500, 344, 2, -1, -0.4636476090008061, 2.23606797749979
1677, 9, 553, 343, 551, 344, 2, -1, -0.4636476090008061, 2.23606797749979
1677, 10, 433, 112, 432, 113, 1, -1, -0.7853981633974483, 1.4142135623730951
1677, 11, 601, 108, 599, 109, 2, -1, -0.4636476090008061, 2.23606797749979
1677, 12, 537, 122, 535, 122, 2, 0, 0.0, 2.0
1677, 13, 472, 377, 470, 378, 2, -1, -0.4636476090008061, 2.23606797749979
1677, 14, 466, 351, 465, 352, 1, -1, -0.7853981633974483, 1.4142135623730951
1677, 15, 616, 369, 614, 370, 2, -1, -0.4636476090008061, 2.23606797749979
1677, 16, 522, 121, 518, 122, 4, -1, -0.24497866312686414, 4.123105625617661
1677, 17, 487, 402, 486, 403, 1, -1, -0.7853981633974483, 1.4142135623730951
1677, 18, 502, 82, 501, 83, 1, -1, -0.7853981633974483, 1.4142135623730951
1677, 19, 612, 110, 611, 111, 1, -1, -0.7853981633974483, 1.4142135623730951
1677, 20, 540, 375, 539, 376, 1, -1, -0.7853981633974483, 1.4142135623730951
1677, 21, 424, 118, 423, 119, 1, -1, -0.7853981633974483, 1.4142135623730951
1678, 0, 562, 99, 558, 100, 4, -1, -0.24497866312686414, 4.123105625617661
1678, 1, 439, 376, 438, 377, 1, -1, -0.7853981633974483, 1.4142135623730951
1678, 2, 429, 353, 424, 353, 5, 0, 0.0, 5.0
1678, 4, 595, 403, 593, 404, 2, -1, -0.4636476090008061, 2.23606797749979
1678, 5, 410, 396, 408, 396, 2, 0, 0.0, 2.0
1678, 6, 602, 140, 601, 141, 1, -1, -0.7853981633974483, 1.4142135623730951
1678, 7, 469, 117, 467, 118, 2, -1, -0.4636476090008061, 2.23606797749979
1678, 8, 503, 341, 502, 343, 1, -2, -1.1071487177940904, 2.23606797749979
1678, 9, 555, 343, 553, 343, 2, 0, 0.0, 2.0
1678, 10, 435, 111, 433, 112, 2, -1, -0.4636476090008061, 2.23606797749979
1678, 11, 603, 108, 601, 108, 2, 0, 0.0, 2.0
1678, 12, 540, 121, 537, 122, 3, -1, -0.3217505543966422, 3.1622776601683795
1678, 15, 620, 369, 616, 369, 4, 0, 0.0, 4.0
1678, 17, 489, 401, 487, 402, 2, -1, -0.4636476090008061, 2.23606797749979
1678, 18, 503, 81, 502, 82, 1, -1, -0.7853981633974483, 1.4142135623730951
1678, 20, 542, 374, 540, 375, 2, -1, -0.4636476090008061, 2.23606797749979
1678, 21, 425, 117, 424, 118, 1, -1, -0.7853981633974483, 1.4142135623730951
1678, 22, 565, 401, 563, 401, 2, 0, 0.0, 2.0
1679, 1, 441, 376, 439, 376, 2, 0, 0.0, 2.0
1679, 4, 596, 402, 595, 403, 1, -1, -0.7853981633974483, 1.4142135623730951
1679, 7, 470, 116, 469, 117, 1, -1, -0.7853981633974483, 1.4142135623730951
1679, 8, 504, 340, 503, 341, 1, -1, -0.7853981633974483, 1.4142135623730951
1679, 9, 557, 343, 555, 343, 2, 0, 0.0, 2.0
1679, 10, 437, 110, 435, 111, 2, -1, -0.4636476090008061, 2.23606797749979
1679, 11, 605, 107, 603, 108, 2, -1, -0.4636476090008061, 2.23606797749979
1679, 12, 541, 120, 540, 121, 1, -1, -0.7853981633974483, 1.4142135623730951
1679, 15, 622, 369, 620, 369, 2, 0, 0.0, 2.0
1679, 17, 491, 400, 489, 401, 2, -1, -0.4636476090008061, 2.23606797749979
1679, 18, 504, 80, 503, 81, 1, -1, -0.7853981633974483, 1.4142135623730951
1679, 19, 615, 109, 613, 110, 2, -1, -0.4636476090008061, 2.23606797749979
1679, 20, 544, 373, 542, 374, 2, -1, -0.4636476090008061, 2.23606797749979
1679, 21, 426, 116, 425, 117, 1, -1, -0.7853981633974483, 1.4142135623730951
1680, 0, 561, 100, 559, 100, 2, 0, 0.0, 2.0
1680, 3, 504, 343, 502, 344, 2, -1, -0.4636476090008061, 2.23606797749979
1680, 4, 434, 114, 433, 115, 1, -1, -0.7853981633974483, 1.4142135623730951
1680, 5, 591, 404, 590, 405, 1, -1, -0.7853981633974483, 1.4142135623730951
1680, 6, 604, 141, 602, 142, 2, -1, -0.4636476090008061, 2.23606797749979
1680, 8, 467, 120, 466, 121, 1, -1, -0.7853981633974483, 1.4142135623730951
1680, 10, 555, 342, 553, 343, 2, -1, -0.4636476090008061, 2.23606797749979
1680, 11, 509, 85, 508, 86, 1, -1, -0.7853981633974483, 1.4142135623730951
1680, 12, 412, 396, 410, 397, 2, -1, -0.4636476090008061, 2.23606797749979
1680, 15, 608, 325, 607, 326, 1, -1, -0.7853981633974483, 1.4142135623730951
1680, 16, 542, 371, 541, 372, 1, -1, -0.7853981633974483, 1.4142135623730951
1680, 18, 489, 403, 488, 404, 1, -1, -0.7853981633974483, 1.4142135623730951
1680, 19, 470, 354, 468, 354, 2, 0, 0.0, 2.0
1680, 20, 485, 393, 484, 394, 1, -1, -0.7853981633974483, 1.4142135623730951
1680, 21, 522, 398, 521, 399, 1, -1, -0.7853981633974483, 1.4142135623730951
1680, 24, 510, 379, 508, 379, 2, 0, 0.0, 2.0
1680, 26, 623, 372, 622, 373, 1, -1, -0.7853981633974483, 1.4142135623730951
1681, 1, 441, 377, 440, 378, 1, -1, -0.7853981633974483, 1.4142135623730951
1681, 2, 428, 353, 427, 354, 1, -1, -0.7853981633974483, 1.4142135623730951
1681, 3, 506, 341, 504, 343, 2, -2, -0.7853981633974483, 2.8284271247461903
1681, 4, 435, 113, 434, 114, 1, -1, -0.7853981633974483, 1.4142135623730951
1681, 5, 592, 403, 591, 404, 1, -1, -0.7853981633974483, 1.4142135623730951
1681, 6, 606, 141, 604, 141, 2, 0, 0.0, 2.0
1681, 7, 620, 366, 618, 367, 2, -1, -0.4636476090008061, 2.23606797749979
1681, 8, 468, 119, 467, 120, 1, -1, -0.7853981633974483, 1.4142135623730951
1681, 10, 556, 341, 555, 342, 1, -1, -0.7853981633974483, 1.4142135623730951
1681, 11, 510, 84, 509, 85, 1, -1, -0.7853981633974483, 1.4142135623730951
1681, 12, 413, 395, 412, 396, 1, -1, -0.7853981633974483, 1.4142135623730951
1681, 16, 543, 370, 542, 371, 1, -1, -0.7853981633974483, 1.4142135623730951
1681, 18, 490, 402, 489, 403, 1, -1, -0.7853981633974483, 1.4142135623730951
1681, 19, 472, 354, 470, 354, 2, 0, 0.0, 2.0
1681, 21, 524, 398, 522, 398, 2, 0, 0.0, 2.0
1681, 22, 565, 401, 564, 402, 1, -1, -0.7853981633974483, 1.4142135623730951
1681, 24, 511, 378, 510, 379, 1, -1, -0.7853981633974483, 1.4142135623730951
1681, 26, 625, 371, 623, 372, 2, -1, -0.4636476090008061, 2.23606797749979
1682, 3, 508, 340, 506, 341, 2, -1, -0.4636476090008061, 2.23606797749979
1682, 5, 593, 402, 592, 403, 1, -1, -0.7853981633974483, 1.4142135623730951
1682, 6, 608, 140, 606, 141, 2, -1, -0.4636476090008061, 2.23606797749979
1682, 7, 622, 365, 620, 366, 2, -1, -0.4636476090008061, 2.23606797749979
1682, 10, 557, 340, 556, 341, 1, -1, -0.7853981633974483, 1.4142135623730951
1682, 14, 435, 373, 434, 374, 1, -1, -0.7853981633974483, 1.4142135623730951
1682, 16, 545, 369, 543, 370, 2, -1, -0.4636476090008061, 2.23606797749979
1682, 17, 617, 112, 615, 112, 2, 0, 0.0, 2.0
1682, 18, 491, 401, 490, 402, 1, -1, -0.7853981633974483, 1.4142135623730951
1682, 19, 475, 354, 472, 354, 3, 0, 0.0, 3.0
1682, 21, 526, 397, 524, 398, 2, -1, -0.4636476090008061, 2.23606797749979
1682, 22, 567, 401, 565, 401, 2, 0, 0.0, 2.0
1682, 24, 512, 377, 511, 378, 1, -1, -0.7853981633974483, 1.4142135623730951
1682, 25, 524, 126, 522, 127, 2, -1, -0.4636476090008061, 2.23606797749979
1682, 26, 627, 370, 625, 371, 2, -1, -0.4636476090008061, 2.23606797749979
1682, 27, 543, 123, 541, 123, 2, 0, 0.0, 2.0
1682, 28, 609, 113, 608, 114, 1, -1, -0.7853981633974483, 1.4142135623730951
1683, 1, 443, 376, 442, 377, 1, -1, -0.7853981633974483, 1.4142135623730951
1683, 3, 510, 338, 508, 340, 2, -2, -0.7853981633974483, 2.8284271247461903
1683, 5, 595, 402, 593, 402, 2, 0, 0.0, 2.0
1683, 6, 610, 139, 608, 140, 2, -1, -0.4636476090008061, 2.23606797749979
1683, 7, 624, 364, 622, 365, 2, -1, -0.4636476090008061, 2.23606797749979
1683, 8, 470, 118, 469, 119, 1, -1, -0.7853981633974483, 1.4142135623730951
1683, 9, 580, 394, 579, 395, 1, -1, -0.7853981633974483, 1.4142135623730951
1683, 10, 559, 339, 557, 340, 2, -1, -0.4636476090008061, 2.23606797749979
1683, 12, 415, 394, 413, 395, 2, -1, -0.4636476090008061, 2.23606797749979
1683, 15, 610, 324, 609, 325, 1, -1, -0.7853981633974483, 1.4142135623730951
1683, 16, 547, 368, 545, 369, 2, -1, -0.4636476090008061, 2.23606797749979
1683, 17, 622, 112, 617, 112, 5, 0, 0.0, 5.0
1683, 19, 477, 354, 475, 354, 2, 0, 0.0, 2.0
1683, 21, 527, 396, 526, 397, 1, -1, -0.7853981633974483, 1.4142135623730951
1683, 22, 568, 400, 567, 401, 1, -1, -0.7853981633974483, 1.4142135623730951
1683, 23, 575, 133, 573, 133, 2, 0, 0.0, 2.0
1683, 24, 513, 376, 512, 377, 1, -1, -0.7853981633974483, 1.4142135623730951
1683, 25, 526, 126, 524, 126, 2, 0, 0.0, 2.0
1683, 26, 629, 369, 627, 370, 2, -1, -0.4636476090008061, 2.23606797749979
1683, 28, 610, 112, 609, 113, 1, -1, -0.7853981633974483, 1.4142135623730951
1684, 1, 444, 375, 443, 376, 1, -1, -0.7853981633974483, 1.4142135623730951
1684, 2, 432, 352, 430, 353, 2, -1, -0.4636476090008061, 2.23606797749979
1684, 3, 512, 337, 510, 338, 2, -1, -0.4636476090008061, 2.23606797749979
1684, 4, 439, 112, 437, 113, 2, -1, -0.4636476090008061, 2.23606797749979
1684, 6, 613, 139, 610, 139, 3, 0, 0.0, 3.0
1684, 7, 625, 363, 624, 364, 1, -1, -0.7853981633974483, 1.4142135623730951
1684, 9, 582, 393, 580, 394, 2, -1, -0.4636476090008061, 2.23606797749979
1684, 15, 611, 323, 610, 324, 1, -1, -0.7853981633974483, 1.4142135623730951
1684, 16, 548, 367, 547, 368, 1, -1, -0.7853981633974483, 1.4142135623730951
1684, 19, 479, 353, 477, 354, 2, -1, -0.4636476090008061, 2.23606797749979
1684, 21, 528, 395, 527, 396, 1, -1, -0.7853981633974483, 1.4142135623730951
1684, 25, 527, 125, 526, 126, 1, -1, -0.7853981633974483, 1.4142135623730951
1684, 26, 631, 368, 629, 369, 2, -1, -0.4636476090008061, 2.23606797749979
1684, 28, 611, 111, 610, 112, 1, -1, -0.7853981633974483, 1.4142135623730951
1685, 1, 566, 100, 564, 101, 2, -1, -0.4636476090008061, 2.23606797749979
1685, 5, 610, 142, 608, 142, 2, 0, 0.0, 2.0
1685, 6, 438, 114, 437, 115, 1, -1, -0.7853981633974483, 1.4142135623730951
1685, 7, 510, 341, 508, 342, 2, -1, -0.4636476090008061, 2.23606797749979
1685, 8, 586, 394, 583, 396, 3, -2, -0.5880026035475675, 3.605551275463989
1685, 9, 559, 342, 558, 343, 1, -1, -0.7853981633974483, 1.4142135623730951
1685, 10, 475, 354, 474, 355, 1, -1, -0.7853981633974483, 1.4142135623730951
1685, 12, 624, 369, 623, 370, 1, -1, -0.7853981633974483, 1.4142135623730951
1685, 13, 545, 375, 543, 375, 2, 0, 0.0, 2.0
1685, 18, 604, 113, 601, 113, 3, 0, 0.0, 3.0
1685, 19, 428, 122, 425, 122, 3, 0, 0.0, 3.0
1685, 20, 595, 397, 594, 398, 1, -1, -0.7853981633974483, 1.4142135623730951
1686, 0, 433, 353, 432, 354, 1, -1, -0.7853981633974483, 1.4142135623730951
1686, 2, 445, 377, 443, 377, 2, 0, 0.0, 2.0
1686, 3, 598, 405, 596, 405, 2, 0, 0.0, 2.0
1686, 8, 588, 393, 586, 394, 2, -1, -0.4636476090008061, 2.23606797749979
1686, 9, 560, 341, 559, 342, 1, -1, -0.7853981633974483, 1.4142135623730951
1686, 11, 516, 378, 515, 379, 1, -1, -0.7853981633974483, 1.4142135623730951
1686, 12, 625, 368, 624, 369, 1, -1, -0.7853981633974483, 1.4142135623730951
1686, 13, 546, 374, 545, 375, 1, -1, -0.7853981633974483, 1.4142135623730951
1686, 17, 611, 114, 610, 115, 1, -1, -0.7853981633974483, 1.4142135623730951
1686, 18, 606, 113, 604, 113, 2, 0, 0.0, 2.0
1686, 19, 431, 122, 428, 122, 3, 0, 0.0, 3.0
1687, 1, 568, 99, 567, 100, 1, -1, -0.7853981633974483, 1.4142135623730951
1687, 3, 599, 404, 598, 405, 1, -1, -0.7853981633974483, 1.4142135623730951
1687, 7, 513, 340, 511, 341, 2, -1, -0.4636476090008061, 2.23606797749979
1687, 8, 590, 391, 588, 393, 2, -2, -0.7853981633974483, 2.8284271247461903
1687, 9, 562, 341, 560, 341, 2, 0, 0.0, 2.0
1687, 10, 478, 353, 476, 354, 2, -1, -0.4636476090008061, 2.23606797749979
1687, 11, 517, 377, 516, 378, 1, -1, -0.7853981633974483, 1.4142135623730951
1687, 12, 626, 367, 625, 368, 1, -1, -0.7853981633974483, 1.4142135623730951
1687, 13, 548, 373, 546, 374, 2, -1, -0.4636476090008061, 2.23606797749979
1687, 14, 480, 379, 478, 379, 2, 0, 0.0, 2.0
1687, 16, 497, 404, 495, 404, 2, 0, 0.0, 2.0
1687, 17, 612, 113, 611, 114, 1, -1, -0.7853981633974483, 1.4142135623730951
1687, 19, 433, 122, 431, 122, 2, 0, 0.0, 2.0
1688, 1, 570, 99, 568, 99, 2, 0, 0.0, 2.0
1688, 2, 447, 376, 446, 377, 1, -1, -0.7853981633974483, 1.4142135623730951
1688, 3, 601, 404, 599, 404, 2, 0, 0.0, 2.0
1688, 5, 614, 142, 612, 142, 2, 0, 0.0, 2.0
1688, 7, 515, 340, 513, 340, 2, 0, 0.0, 2.0
1688, 8, 593, 389, 590, 391, 3, -2, -0.5880026035475675, 3.605551275463989
1688, 9, 563, 339, 562, 341, 1, -2, -1.1071487177940904, 2.23606797749979
1688, 10, 480, 352, 478, 353, 2, -1, -0.4636476090008061, 2.23606797749979
1688, 11, 518, 376, 517, 377, 1, -1, -0.7853981633974483, 1.4142135623730951
1688, 13, 549, 372, 548, 373, 1, -1, -0.7853981633974483, 1.4142135623730951
1688, 14, 484, 378, 480, 379, 4, -1, -0.24497866312686414, 4.123105625617661
1688, 15, 418, 396, 416, 397, 2, -1, -0.4636476090008061, 2.23606797749979
1688, 17, 613, 112, 612, 113, 1, -1, -0.7853981633974483, 1.4142135623730951
1688, 18, 607, 111, 606, 112, 1, -1, -0.7853981633974483, 1.4142135623730951
1688, 19, 435, 122, 433, 122, 2, 0, 0.0, 2.0
1688, 20, 599, 397, 597, 397, 2, 0, 0.0, 2.0
1689, 1, 571, 98, 570, 99, 1, -1, -0.7853981633974483, 1.4142135623730951
1689, 2, 449, 375, 447, 376, 2, -1, -0.4636476090008061, 2.23606797749979
1689, 3, 603, 403, 601, 404, 2, -1, -0.4636476090008061, 2.23606797749979
1689, 4, 476, 120, 474, 120, 2, 0, 0.0, 2.0
1689, 5, 616, 142, 614, 142, 2, 0, 0.0, 2.0
1689, 7, 516, 339, 515, 340, 1, -1, -0.7853981633974483, 1.4142135623730951
1689, 8, 596, 388, 593, 389, 3, -1, -0.3217505543966422, 3.1622776601683795
1689, 9, 564, 338, 563, 339, 1, -1, -0.7853981633974483, 1.4142135623730951
1689, 10, 483, 351, 480, 352, 3, -1, -0.3217505543966422, 3.1622776601683795
1689, 11, 520, 374, 518, 376, 2, -2, -0.7853981633974483, 2.8284271247461903
1689, 12, 629, 367, 627, 367, 2, 0, 0.0, 2.0
1689, 13, 550, 371, 549, 372, 1, -1, -0.7853981633974483, 1.4142135623730951
1689, 18, 608, 113, 607, 111, 1, 2, 1.1071487177940904, 2.23606797749979
1689, 19, 437, 122, 435, 122, 2, 0, 0.0, 2.0
1690, 0, 572, 99, 571, 100, 1, -1, -0.7853981633974483, 1.4142135623730951
1690, 1, 450, 377, 448, 378, 2, -1, -0.4636476090008061, 2.23606797749979
1690, 2, 446, 371, 444, 372, 2, -1, -0.4636476090008061, 2.23606797749979
1690, 3, 436, 353, 435, 354, 1, -1, -0.7853981633974483, 1.4142135623730951
1690, 4, 602, 405, 600, 405, 2, 0, 0.0, 2.0
1690, 5, 595, 398, 593, 399, 2, -1, -0.4636476090008061, 2.23606797749979
1690, 7, 477, 121, 475, 121, 2, 0, 0.0, 2.0
1690, 9, 630, 365, 628, 366, 2, -1, -0.4636476090008061, 2.23606797749979
1690, 11, 564, 341, 562, 342, 2, -1, -0.4636476090008061, 2.23606797749979
1690, 12, 516, 341, 514, 342, 2, -1, -0.4636476090008061, 2.23606797749979
1690, 13, 470, 127, 468, 128, 2, -1, -0.4636476090008061, 2.23606797749979
1690, 16, 481, 353, 479, 354, 2, -1, -0.4636476090008061, 2.23606797749979
1690, 18, 437, 122, 435, 123, 2, -1, -0.4636476090008061, 2.23606797749979
1690, 20, 584, 356, 586, 356, -2, 0, 3.141592653589793, 2.0
1690, 23, 634, 372, 632, 372, 2, 0, 0.0, 2.0
1691, 0, 573, 98, 572, 99, 1, -1, -0.7853981633974483, 1.4142135623730951
1691, 1, 452, 376, 450, 377, 2, -1, -0.4636476090008061, 2.23606797749979
1691, 2, 447, 370, 446, 371, 1, -1, -0.7853981633974483, 1.4142135623730951
1691, 3, 437, 352, 436, 353, 1, -1, -0.7853981633974483, 1.4142135623730951
1691, 4, 604, 405, 602, 405, 2, 0, 0.0, 2.0
1691, 8, 616, 142, 614, 143, 2, -1, -0.4636476090008061, 2.23606797749979
1691, 11, 566, 340, 564, 341, 2, -1, -0.4636476090008061, 2.23606797749979
1691, 12, 518, 340, 516, 341, 2, -1, -0.4636476090008061, 2.23606797749979
1691, 13, 471, 126, 470, 127, 1, -1, -0.7853981633974483, 1.4142135623730951
1691, 14, 500, 404, 498, 404, 2, 0, 0.0, 2.0
1691, 16, 482, 352, 481, 353, 1, -1, -0.7853981633974483, 1.4142135623730951
1691, 17, 484, 379, 483, 380, 1, -1, -0.7853981633974483, 1.4142135623730951
1691, 19, 519, 377, 517, 378, 2, -1, -0.4636476090008061, 2.23606797749979
1692, 1, 453, 375, 452, 376, 1, -1, -0.7853981633974483, 1.4142135623730951
1692, 2, 448, 369, 447, 370, 1, -1, -0.7853981633974483, 1.4142135623730951
1692, 4, 606, 405, 604, 405, 2, 0, 0.0, 2.0
1692, 6, 445, 115, 443, 115, 2, 0, 0.0, 2.0
1692, 8, 618, 142, 616, 142, 2, 0, 0.0, 2.0
1692, 9, 632, 366, 631, 365, 1, 1, 0.7853981633974483, 1.4142135623730951
1692, 10, 423, 396, 420, 397, 3, -1, -0.3217505543966422, 3.1622776601683795
1692, 12, 519, 339, 518, 340, 1, -1, -0.7853981633974483, 1.4142135623730951
1692, 13, 472, 125, 471, 126, 1, -1, -0.7853981633974483, 1.4142135623730951
1692, 15, 614, 115, 613, 116, 1, -1, -0.7853981633974483, 1.4142135623730951
1692, 16, 484, 351, 482, 352, 2, -1, -0.4636476090008061, 2.23606797749979
1692, 19, 521, 377, 519, 377, 2, 0, 0.0, 2.0
1692, 20, 587, 357, 585, 356, 2, 1, 0.4636476090008061, 2.23606797749979
1692, 21, 552, 124, 550, 124, 2, 0, 0.0, 2.0
1693, 2, 450, 369, 448, 369, 2, 0, 0.0, 2.0
1693, 3, 440, 351, 438, 352, 2, -1, -0.4636476090008061, 2.23606797749979
1693, 4, 608, 405, 606, 405, 2, 0, 0.0, 2.0
1693, 7, 481, 121, 479, 121, 2, 0, 0.0, 2.0
1693, 9, 634, 366, 632, 366, 2, 0, 0.0, 2.0
1693, 11, 569, 339, 567, 340, 2, -1, -0.4636476090008061, 2.23606797749979
1693, 12, 521, 338, 519, 339, 2, -1, -0.4636476090008061, 2.23606797749979
1693, 13, 473, 124, 472, 125, 1, -1, -0.7853981633974483, 1.4142135623730951
1693, 14, 503, 404, 501, 404, 2, 0, 0.0, 2.0
1693, 16, 485, 350, 484, 351, 1, -1, -0.7853981633974483, 1.4142135623730951
1693, 17, 487, 379, 485, 379, 2, 0, 0.0, 2.0
1693, 21, 554, 123, 552, 124, 2, -1, -0.4636476090008061, 2.23606797749979
1694, 1, 455, 374, 454, 375, 1, -1, -0.7853981633974483, 1.4142135623730951
1694, 3, 441, 350, 440, 351, 1, -1, -0.7853981633974483, 1.4142135623730951
1694, 6, 448, 112, 446, 115, 2, -3, -0.982793723247329, 3.605551275463989
1694, 7, 483, 119, 481, 121, 2, -2, -0.7853981633974483, 2.8284271247461903
1694, 9, 635, 365, 634, 366, 1, -1, -0.7853981633974483, 1.4142135623730951
1694, 10, 425, 395, 424, 396, 1, -1, -0.7853981633974483, 1.4142135623730951
1694, 11, 572, 339, 569, 339, 3, 0, 0.0, 3.0
1694, 12, 523, 337, 521, 338, 2, -1, -0.4636476090008061, 2.23606797749979
1694, 13, 475, 124, 473, 124, 2, 0, 0.0, 2.0
1694, 14, 506, 402, 503, 404, 3, -2, -0.5880026035475675, 3.605551275463989
1694, 17, 488, 378, 487, 379, 1, -1, -0.7853981633974483, 1.4142135623730951
1694, 21, 556, 123, 554, 123, 2, 0, 0.0, 2.0
1695, 0, 576, 100, 573, 100, 3, 0, 0.0, 3.0
1695, 1, 441, 352, 440, 353, 1, -1, -0.7853981633974483, 1.4142135623730951
1695, 2, 454, 376, 453, 377, 1, -1, -0.7853981633974483, 1.4142135623730951
1695, 3, 620, 144, 618, 144, 2, 0, 0.0, 2.0
1695, 4, 448, 113, 447, 114, 1, -1, -0.7853981633974483, 1.4142135623730951
1695, 5, 634, 366, 633, 367, 1, -1, -0.7853981633974483, 1.4142135623730951
1695, 6, 482, 120, 480, 121, 2, -1, -0.4636476090008061, 2.23606797749979
1695, 7, 608, 405, 607, 406, 1, -1, -0.7853981633974483, 1.4142135623730951
1695, 8, 519, 340, 518, 341, 1, -1, -0.7853981633974483, 1.4142135623730951
1695, 9, 487, 352, 485, 353, 2, -1, -0.4636476090008061, 2.23606797749979
1695, 10, 599, 398, 598, 399, 1, -1, -0.7853981633974483, 1.4142135623730951
1695, 11, 547, 367, 546, 368, 1, -1, -0.7853981633974483, 1.4142135623730951
1695, 15, 505, 403, 503, 403, 2, 0, 0.0, 2.0
1695, 16, 488, 380, 487, 381, 1, -1, -0.7853981633974483, 1.4142135623730951
1695, 17, 509, 111, 507, 113, 2, -2, -0.7853981633974483, 2.8284271247461903
1695, 19, 635, 373, 637, 373, -2, 0, 3.141592653589793, 2.0
1695, 21, 620, 116, 618, 116, 2, 0, 0.0, 2.0
1695, 23, 470, 127, 469, 128, 1, -1, -0.7853981633974483, 1.4142135623730951
1696, 1, 442, 351, 441, 352, 1, -1, -0.7853981633974483, 1.4142135623730951
1696, 3, 622, 143, 620, 144, 2, -1, -0.4636476090008061, 2.23606797749979
1696, 5, 635, 365, 634, 366, 1, -1, -0.7853981633974483, 1.4142135623730951
1696, 6, 484, 120, 482, 120, 2, 0, 0.0, 2.0
1696, 7, 609, 404, 608, 405, 1, -1, -0.7853981633974483, 1.4142135623730951
1696, 8, 522, 339, 519, 340, 3, -1, -0.3217505543966422, 3.1622776601683795
1696, 9, 488, 351, 487, 352, 1, -1, -0.7853981633974483, 1.4142135623730951
1696, 14, 524, 377, 523, 378, 1, -1, -0.7853981633974483, 1.4142135623730951
1696, 16, 489, 379, 488, 380, 1, -1, -0.7853981633974483, 1.4142135623730951
1696, 17, 511, 110, 509, 111, 2, -1, -0.4636476090008061, 2.23606797749979
1696, 21, 622, 116, 620, 116, 2, 0, 0.0, 2.0
1696, 24, 519, 110, 518, 111, 1, -1, -0.7853981633974483, 1.4142135623730951
1697, 0, 579, 99, 577, 100, 2, -1, -0.4636476090008061, 2.23606797749979
1697, 1, 444, 351, 442, 351, 2, 0, 0.0, 2.0
1697, 2, 456, 375, 455, 376, 1, -1, -0.7853981633974483, 1.4142135623730951
1697, 3, 624, 143, 622, 143, 2, 0, 0.0, 2.0
1697, 4, 451, 113, 449, 113, 2, 0, 0.0, 2.0
1697, 7, 610, 403, 609, 404, 1, -1, -0.7853981633974483, 1.4142135623730951
1697, 8, 524, 338, 522, 339, 2, -1, -0.4636476090008061, 2.23606797749979
1697, 9, 490, 351, 488, 351, 2, 0, 0.0, 2.0
1697, 11, 549, 366, 548, 367, 1, -1, -0.7853981633974483, 1.4142135623730951
1697, 14, 525, 376, 524, 377, 1, -1, -0.7853981633974483, 1.4142135623730951
1697, 15, 508, 403, 506, 403, 2, 0, 0.0, 2.0
1697, 16, 490, 378, 489, 379, 1, -1, -0.7853981633974483, 1.4142135623730951
1697, 17, 513, 109, 511, 110, 2, -1, -0.4636476090008061, 2.23606797749979
1697, 21, 624, 116, 622, 116, 2, 0, 0.0, 2.0
1697, 23, 520, 109, 519, 110, 1, -1, -0.7853981633974483, 1.4142135623730951
1698, 0, 581, 98, 579, 99, 2, -1, -0.4636476090008061, 2.23606797749979
1698, 1, 446, 350, 444, 351, 2, -1, -0.4636476090008061, 2.23606797749979
1698, 2, 457, 374, 456, 375, 1, -1, -0.7853981633974483, 1.4142135623730951
1698, 3, 625, 142, 624, 143, 1, -1, -0.7853981633974483, 1.4142135623730951
1698, 4, 453, 113, 451, 113, 2, 0, 0.0, 2.0
1698, 7, 611, 402, 610, 403, 1, -1, -0.7853981633974483, 1.4142135623730951
1698, 8, 525, 336, 524, 338, 1, -2, -1.1071487177940904, 2.23606797749979
1698, 9, 492, 350, 490, 351, 2, -1, -0.4636476090008061, 2.23606797749979
1698, 11, 550, 365, 549, 366, 1, -1, -0.7853981633974483, 1.4142135623730951
1698, 14, 526, 375, 525, 376, 1, -1, -0.7853981633974483, 1.4142135623730951
1698, 15, 510, 403, 508, 403, 2, 0, 0.0, 2.0
1698, 16, 491, 377, 490, 378, 1, -1, -0.7853981633974483, 1.4142135623730951
1698, 17, 515, 108, 513, 109, 2, -1, -0.4636476090008061, 2.23606797749979
1698, 21, 626, 116, 624, 116, 2, 0, 0.0, 2.0
1698, 23, 522, 108, 520, 109, 2, -1, -0.4636476090008061, 2.23606797749979
1699, 1, 447, 349, 446, 350, 1, -1, -0.7853981633974483, 1.4142135623730951
1699, 2, 459, 373, 457, 374, 2, -1, -0.4636476090008061, 2.23606797749979
1699, 3, 627, 141, 625, 142, 2, -1, -0.4636476090008061, 2.23606797749979
1699, 5, 635, 361, 635, 363, 0, -2, -1.5707963267948966, 2.0
1699, 7, 612, 401, 611, 402, 1, -1, -0.7853981633974483, 1.4142135623730951
1699, 8, 527, 335, 525, 336, 2, -1, -0.4636476090008061, 2.23606797749979
1699, 9, 494, 349, 492, 350, 2, -1, -0.4636476090008061, 2.23606797749979
1699, 11, 551, 364, 550, 365, 1, -1, -0.7853981633974483, 1.4142135623730951
1699, 18, 559, 123, 558, 124, 1, -1, -0.7853981633974483, 1.4142135623730951
1699, 21, 628, 116, 626, 116, 2, 0, 0.0, 2.0
1699, 23, 523, 107, 522, 108, 1, -1, -0.7853981633974483, 1.4142135623730951
1700, 0, 579, 99, 578, 100, 1, -1, -0.7853981633974483, 1.4142135623730951
1700, 1, 447, 353, 445, 353, 2, 0, 0.0, 2.0
1700, 3, 605, 396, 603, 397, 2, -1, -0.4636476090008061, 2.23606797749979
1700, 4, 623, 143, 621, 144, 2, -1, -0.4636476090008061, 2.23606797749979
1700, 6, 614, 406, 612, 406, 2, 0, 0.0, 2.0
1700, 7, 493, 352, 491, 353, 2, -1, -0.4636476090008061, 2.23606797749979
1700, 8, 527, 339, 525, 340, 2, -1, -0.4636476090008061, 2.23606797749979
1700, 9, 552, 367, 550, 368, 2, -1, -0.4636476090008061, 2.23606797749979
1700, 11, 450, 122, 449, 123, 1, -1, -0.7853981633974483, 1.4142135623730951
1700, 12, 475, 124, 474, 125, 1, -1, -0.7853981633974483, 1.4142135623730951
1700, 13, 574, 340, 573, 341, 1, -1, -0.7853981633974483, 1.4142135623730951
1700, 15, 616, 119, 611, 119, 5, 0, 0.0, 5.0
1700, 16, 431, 397, 429, 397, 2, 0, 0.0, 2.0
1700, 17, 625, 117, 623, 118, 2, -1, -0.4636476090008061, 2.23606797749979
1700, 18, 439, 118, 438, 119, 1, -1, -0.7853981633974483, 1.4142135623730951
1700, 19, 482, 127, 481, 128, 1, -1, -0.7853981633974483, 1.4142135623730951
1700, 20, 588, 356, 590, 357, -2, -1, -2.677945044588987, 2.23606797749979
1700, 22, 492, 380, 491, 381, 1, -1, -0.7853981633974483, 1.4142135623730951
1700, 24, 591, 134, 589, 134, 2, 0, 0.0, 2.0
1701, 1, 448, 352, 447, 353, 1, -1, -0.7853981633974483, 1.4142135623730951
1701, 3, 606, 395, 605, 396, 1, -1, -0.7853981633974483, 1.4142135623730951
1701, 4, 627, 142, 623, 143, 4, -1, -0.24497866312686414, 4.123105625617661
1701, 6, 615, 405, 614, 406, 1, -1, -0.7853981633974483, 1.4142135623730951
1701, 7, 494, 351, 493, 352, 1, -1, -0.7853981633974483, 1.4142135623730951
1701, 8, 530, 337, 527, 339, 3, -2, -0.5880026035475675, 3.605551275463989
1701, 9, 554, 366, 552, 367, 2, -1, -0.4636476090008061, 2.23606797749979
1701, 12, 476, 123, 475, 124, 1, -1, -0.7853981633974483, 1.4142135623730951
1701, 13, 575, 339, 574, 340, 1, -1, -0.7853981633974483, 1.4142135623730951
1701, 14, 424, 390, 422, 391, 2, -1, -0.4636476090008061, 2.23606797749979
1701, 15, 620, 120, 616, 119, 4, 1, 0.24497866312686414, 4.123105625617661
1701, 17, 628, 117, 625, 117, 3, 0, 0.0, 3.0
1701, 20, 585, 356, 588, 356, -3, 0, 3.141592653589793, 3.0
1701, 22, 493, 379, 492, 380, 1, -1, -0.7853981633974483, 1.4142135623730951
1702, 1, 449, 351, 448, 352, 1, -1, -0.7853981633974483, 1.4142135623730951
1702, 2, 461, 376, 459, 376, 2, 0, 0.0, 2.0
1702, 3, 607, 394, 606, 395, 1, -1, -0.7853981633974483, 1.4142135623730951
1702, 4, 629, 141, 627, 142, 2, -1, -0.4636476090008061, 2.23606797749979
1702, 6, 617, 404, 615, 405, 2, -1, -0.4636476090008061, 2.23606797749979
1702, 7, 495, 350, 494, 351, 1, -1, -0.7853981633974483, 1.4142135623730951
1702, 8, 532, 337, 530, 337, 2, 0, 0.0, 2.0
1702, 9, 556, 365, 554, 366, 2, -1, -0.4636476090008061, 2.23606797749979
1702, 12, 478, 122, 476, 123, 2, -1, -0.4636476090008061, 2.23606797749979
1702, 14, 425, 389, 424, 390, 1, -1, -0.7853981633974483, 1.4142135623730951
1702, 15, 623, 120, 620, 120, 3, 0, 0.0, 3.0
1702, 16, 434, 397, 432, 397, 2, 0, 0.0, 2.0
1702, 17, 630, 117, 628, 117, 2, 0, 0.0, 2.0
1702, 18, 440, 116, 439, 117, 1, -1, -0.7853981633974483, 1.4142135623730951
1702, 19, 483, 126, 482, 127, 1, -1, -0.7853981633974483, 1.4142135623730951
1702, 20, 512, 405, 510, 405, 2, 0, 0.0, 2.0
1702, 21, 494, 378, 493, 379, 1, -1, -0.7853981633974483, 1.4142135623730951
1703, 0, 583, 99, 581, 99, 2, 0, 0.0, 2.0
1703, 2, 463, 376, 461, 376, 2, 0, 0.0, 2.0
1703, 6, 619, 403, 617, 404, 2, -1, -0.4636476090008061, 2.23606797749979
1703, 7, 497, 349, 495, 350, 2, -1, -0.4636476090008061, 2.23606797749979
1703, 8, 534, 336, 532, 337, 2, -1, -0.4636476090008061, 2.23606797749979
1703, 9, 558, 365, 556, 365, 2, 0, 0.0, 2.0
1703, 12, 480, 121, 478, 122, 2, -1, -0.4636476090008061, 2.23606797749979
1703, 13, 577, 338, 576, 339, 1, -1, -0.7853981633974483, 1.4142135623730951
1703, 14, 427, 389, 425, 389, 2, 0, 0.0, 2.0
1703, 15, 626, 119, 623, 120, 3, -1, -0.3217505543966422, 3.1622776601683795
1703, 17, 633, 117, 630, 117, 3, 0, 0.0, 3.0
1703, 18, 442, 115, 440, 116, 2, -1, -0.4636476090008061, 2.23606797749979
1703, 19, 484, 125, 483, 126, 1, -1, -0.7853981633974483, 1.4142135623730951
1703, 21, 496, 377, 494, 378, 2, -1, -0.4636476090008061, 2.23606797749979
1703, 22, 619, 148, 617, 149, 2, -1, -0.4636476090008061, 2.23606797749979
1704, 2, 465, 375, 463, 376, 2, -1, -0.4636476090008061, 2.23606797749979
1704, 4, 632, 141, 630, 141, 2, 0, 0.0, 2.0
1704, 6, 621, 403, 619, 403, 2, 0, 0.0, 2.0
1704, 7, 499, 347, 497, 349, 2, -2, -0.7853981633974483, 2.8284271247461903
1704, 8, 536, 336, 534, 336, 2, 0, 0.0, 2.0
1704, 9, 560, 364, 558, 365, 2, -1, -0.4636476090008061, 2.23606797749979
1704, 12, 481, 120, 480, 121, 1, -1, -0.7853981633974483, 1.4142135623730951
1704, 13, 578, 337, 577, 338, 1, -1, -0.7853981633974483, 1.4142135623730951
1704, 14, 428, 388, 427, 389, 1, -1, -0.7853981633974483, 1.4142135623730951
1704, 17, 635, 116, 633, 117, 2, -1, -0.4636476090008061, 2.23606797749979
1704, 18, 444, 115, 442, 115, 2, 0, 0.0, 2.0
1704, 20, 515, 405, 513, 405, 2, 0, 0.0, 2.0
1704, 21, 498, 376, 496, 377, 2, -1, -0.4636476090008061, 2.23606797749979
1704, 22, 621, 148, 619, 148, 2, 0, 0.0, 2.0
1704, 23, 596, 133, 594, 134, 2, -1, -0.4636476090008061, 2.23606797749979
1705, 1, 464, 376, 463, 377, 1, -1, -0.7853981633974483, 1.4142135623730951
1705, 3, 534, 337, 532, 338, 2, -1, -0.4636476090008061, 2.23606797749979
1705, 4, 619, 405, 617, 405, 2, 0, 0.0, 2.0
1705, 5, 632, 144, 630, 144, 2, 0, 0.0, 2.0
1705, 6, 456, 114, 455, 115, 1, -1, -0.7853981633974483, 1.4142135623730951
1705, 7, 610, 399, 608, 399, 2, 0, 0.0, 2.0
1705, 8, 492, 121, 490, 122, 2, -1, -0.4636476090008061, 2.23606797749979
1705, 9, 498, 351, 496, 352, 2, -1, -0.4636476090008061, 2.23606797749979
1705, 10, 579, 340, 577, 340, 2, 0, 0.0, 2.0
1705, 12, 550, 132, 548, 133, 2, -1, -0.4636476090008061, 2.23606797749979
1705, 14, 481, 124, 479, 125, 2, -1, -0.4636476090008061, 2.23606797749979
1705, 15, 529, 85, 526, 86, 3, -1, -0.3217505543966422, 3.1622776601683795
1705, 16, 446, 117, 443, 118, 3, -1, -0.3217505543966422, 3.1622776601683795
1705, 17, 567, 125, 565, 125, 2, 0, 0.0, 2.0
1705, 18, 569, 372, 568, 373, 1, -1, -0.7853981633974483, 1.4142135623730951
1706, 1, 466, 376, 464, 376, 2, 0, 0.0, 2.0
1706, 2, 452, 351, 450, 352, 2, -1, -0.4636476090008061, 2.23606797749979
1706, 3, 536, 337, 534, 337, 2, 0, 0.0, 2.0
1706, 4, 621, 405, 619, 405, 2, 0, 0.0, 2.0
1706, 5, 634, 144, 632, 144, 2, 0, 0.0, 2.0
1706, 6, 458, 113, 456, 114, 2, -1, -0.4636476090008061, 2.23606797749979
1706, 7, 612, 398, 610, 399, 2, -1, -0.4636476090008061, 2.23606797749979
1706, 8, 493, 120, 492, 121, 1, -1, -0.7853981633974483, 1.4142135623730951
1706, 9, 500, 350, 498, 351, 2, -1, -0.4636476090008061, 2.23606797749979
1706, 10, 581, 339, 579, 340, 2, -1, -0.4636476090008061, 2.23606797749979
1706, 12, 550, 130, 550, 132, 0, -2, -1.5707963267948966, 2.0
1706, 14, 483, 123, 481, 124, 2, -1, -0.4636476090008061, 2.23606797749979
1706, 15, 532, 85, 529, 85, 3, 0, 0.0, 3.0
1706, 16, 448, 116, 446, 117, 2, -1, -0.4636476090008061, 2.23606797749979
1706, 17, 569, 125, 567, 125, 2, 0, 0.0, 2.0
1706, 18, 571, 371, 569, 372, 2, -1, -0.4636476090008061, 2.23606797749979
1707, 1, 468, 376, 466, 376, 2, 0, 0.0, 2.0
1707, 4, 623, 404, 621, 405, 2, -1, -0.4636476090008061, 2.23606797749979
1707, 6, 460, 112, 458, 113, 2, -1, -0.4636476090008061, 2.23606797749979
1707, 8, 495, 119, 493, 120, 2, -1, -0.4636476090008061, 2.23606797749979
1707, 9, 502, 349, 500, 350, 2, -1, -0.4636476090008061, 2.23606797749979
1707, 10, 583, 339, 581, 339, 2, 0, 0.0, 2.0
1707, 11, 438, 398, 436, 398, 2, 0, 0.0, 2.0
1707, 12, 548, 129, 550, 130, -2, -1, -2.677945044588987, 2.23606797749979
1707, 13, 576, 139, 578, 140, -2, -1, -2.677945044588987, 2.23606797749979
1707, 14, 485, 122, 483, 123, 2, -1, -0.4636476090008061, 2.23606797749979
1707, 15, 534, 84, 532, 85, 2, -1, -0.4636476090008061, 2.23606797749979
1707, 16, 450, 115, 448, 116, 2, -1, -0.4636476090008061, 2.23606797749979
1708, 0, 586, 99, 585, 100, 1, -1, -0.7853981633974483, 1.4142135623730951
1708, 1, 471, 376, 468, 376, 3, 0, 0.0, 3.0
1708, 3, 538, 336, 537, 337, 1, -1, -0.7853981633974483, 1.4142135623730951
1708, 4, 624, 403, 623, 404, 1, -1, -0.7853981633974483, 1.4142135623730951
1708, 6, 462, 112, 460, 112, 2, 0, 0.0, 2.0
1708, 7, 615, 397, 613, 398, 2, -1, -0.4636476090008061, 2.23606797749979
1708, 9, 503, 347, 502, 349, 1, -2, -1.1071487177940904, 2.23606797749979
1708, 10, 585, 339, 583, 339, 2, 0, 0.0, 2.0
1708, 14, 487, 122, 485, 122, 2, 0, 0.0, 2.0
1708, 15, 535, 83, 534, 84, 1, -1, -0.7853981633974483, 1.4142135623730951
1708, 16, 452, 115, 450, 115, 2, 0, 0.0, 2.0
1708, 18, 574, 371, 572, 371, 2, 0, 0.0, 2.0
1709, 3, 539, 335, 538, 336, 1, -1, -0.7853981633974483, 1.4142135623730951
1709, 6, 464, 111, 462, 112, 2, -1, -0.4636476090008061, 2.23606797749979
1709, 8, 498, 119, 496, 119, 2, 0, 0.0, 2.0
1709, 9, 505, 346, 503, 347, 2, -1, -0.4636476090008061, 2.23606797749979
1709, 10, 587, 339, 585, 339, 2, 0, 0.0, 2.0
1709, 12, 545, 127, 548, 128, -3, -1, -2.819842099193151, 3.1622776601683795
1709, 14, 489, 122, 487, 122, 2, 0, 0.0, 2.0
1709, 17, 573, 125, 571, 125, 2, 0, 0.0, 2.0
1709, 18, 576, 371, 574, 371, 2, 0, 0.0, 2.0
1710, 0, 589, 100, 588, 101, 1, -1, -0.7853981633974483, 1.4142135623730951
1710, 1, 454, 353, 452, 353, 2, 0, 0.0, 2.0
1710, 2, 470, 376, 469, 377, 1, -1, -0.7853981633974483, 1.4142135623730951
1710, 3, 621, 404, 620, 405, 1, -1, -0.7853981633974483, 1.4142135623730951
1710, 4, 461, 114, 460, 115, 1, -1, -0.7853981633974483, 1.4142135623730951
1710, 7, 496, 120, 495, 121, 1, -1, -0.7853981633974483, 1.4142135623730951
1710, 8, 503, 349, 502, 350, 1, -1, -0.7853981633974483, 1.4142135623730951
1710, 9, 464, 369, 463, 370, 1, -1, -0.7853981633974483, 1.4142135623730951
1710, 11, 632, 112, 631, 113, 1, -1, -0.7853981633974483, 1.4142135623730951
1710, 12, 539, 339, 537, 339, 2, 0, 0.0, 2.0
1710, 13, 585, 340, 583, 341, 2, -1, -0.4636476090008061, 2.23606797749979
1710, 14, 440, 398, 438, 398, 2, 0, 0.0, 2.0
1710, 17, 502, 379, 501, 380, 1, -1, -0.7853981633974483, 1.4142135623730951
1710, 18, 519, 404, 518, 405, 1, -1, -0.7853981633974483, 1.4142135623730951
1710, 20, 572, 373, 570, 374, 2, -1, -0.4636476090008061, 2.23606797749979
1711, 1, 456, 353, 454, 353, 2, 0, 0.0, 2.0
1711, 2, 471, 375, 470, 376, 1, -1, -0.7853981633974483, 1.4142135623730951
1711, 3, 622, 403, 621, 404, 1, -1, -0.7853981633974483, 1.4142135623730951
1711, 4, 462, 113, 461, 114, 1, -1, -0.7853981633974483, 1.4142135623730951
1711, 7, 498, 119, 496, 120, 2, -1, -0.4636476090008061, 2.23606797749979
1711, 8, 504, 348, 503, 349, 1, -1, -0.7853981633974483, 1.4142135623730951
1711, 12, 541, 338, 539, 339, 2, -1, -0.4636476090008061, 2.23606797749979
1711, 13, 587, 339, 585, 340, 2, -1, -0.4636476090008061, 2.23606797749979
1711, 16, 548, 127, 546, 129, 2, -2, -0.7853981633974483, 2.8284271247461903
1711, 17, 503, 378, 502, 379, 1, -1, -0.7853981633974483, 1.4142135623730951
1711, 18, 521, 403, 519, 404, 2, -1, -0.4636476090008061, 2.23606797749979
1711, 20, 573, 372, 572, 373, 1, -1, -0.7853981633974483, 1.4142135623730951
1711, 21, 486, 126, 485, 127, 1, -1, -0.7853981633974483, 1.4142135623730951
1712, 0, 592, 100, 590, 100, 2, 0, 0.0, 2.0
1712, 3, 623, 402, 622, 403, 1, -1, -0.7853981633974483, 1.4142135623730951
1712, 4, 464, 112, 462, 113, 2, -1, -0.4636476090008061, 2.23606797749979
1712, 7, 499, 118, 498, 119, 1, -1, -0.7853981633974483, 1.4142135623730951
1712, 8, 505, 347, 504, 348, 1, -1, -0.7853981633974483, 1.4142135623730951
1712, 9, 466, 368, 465, 369, 1, -1, -0.7853981633974483, 1.4142135623730951
1712, 10, 616, 398, 615, 399, 1, -1, -0.7853981633974483, 1.4142135623730951
1712, 11, 634, 111, 633, 112, 1, -1, -0.7853981633974483, 1.4142135623730951
1712, 12, 542, 337, 541, 338, 1, -1, -0.7853981633974483, 1.4142135623730951
1712, 13, 588, 338, 587, 339, 1, -1, -0.7853981633974483, 1.4142135623730951
1712, 14, 442, 397, 441, 398, 1, -1, -0.7853981633974483, 1.4142135623730951
1712, 16, 551, 126, 548, 127, 3, -1, -0.3217505543966422, 3.1622776601683795
1712, 17, 504, 377, 503, 378, 1, -1, -0.7853981633974483, 1.4142135623730951
1712, 18, 523, 402, 521, 403, 2, -1, -0.4636476090008061, 2.23606797749979
1712, 20, 574, 371, 573, 372, 1, -1, -0.7853981633974483, 1.4142135623730951
1713, 2, 474, 375, 472, 375, 2, 0, 0.0, 2.0
1713, 3, 624, 401, 623, 402, 1, -1, -0.7853981633974483, 1.4142135623730951
1713, 4, 465, 111, 464, 112, 1, -1, -0.7853981633974483, 1.4142135623730951
1713, 5, 536, 82, 535, 83, 1, -1, -0.7853981633974483, 1.4142135623730951
1713, 7, 501, 117, 499, 118, 2, -1, -0.4636476090008061, 2.23606797749979
1713, 8, 507, 346, 505, 347, 2, -1, -0.4636476090008061, 2.23606797749979
1713, 9, 467, 367, 466, 368, 1, -1, -0.7853981633974483, 1.4142135623730951
1713, 10, 617, 397, 616, 398, 1, -1, -0.7853981633974483, 1.4142135623730951
1713, 12, 544, 335, 542, 337, 2, -2, -0.7853981633974483, 2.8284271247461903
1713, 14, 443, 396, 442, 397, 1, -1, -0.7853981633974483, 1.4142135623730951
1713, 15, 541, 376, 540, 377, 1, -1, -0.7853981633974483, 1.4142135623730951
1713, 16, 554, 126, 551, 126, 3, 0, 0.0, 3.0
1713, 18, 525, 401, 523, 402, 2, -1, -0.4636476090008061, 2.23606797749979
1713, 19, 609, 356, 611, 355, -2, 1, 2.677945044588987, 2.23606797749979
1713, 20, 575, 370, 574, 371, 1, -1, -0.7853981633974483, 1.4142135623730951
1714, 2, 476, 375, 474, 375, 2, 0, 0.0, 2.0
1714, 4, 466, 110, 465, 111, 1, -1, -0.7853981633974483, 1.4142135623730951
1714, 6, 503, 116, 501, 117, 2, -1, -0.4636476090008061, 2.23606797749979
1714, 7, 508, 345, 507, 346, 1, -1, -0.7853981633974483, 1.4142135623730951
1714, 8, 468, 366, 467, 367, 1, -1, -0.7853981633974483, 1.4142135623730951
1714, 9, 618, 396, 617, 397, 1, -1, -0.7853981633974483, 1.4142135623730951
1714, 11, 546, 334, 544, 335, 2, -1, -0.4636476090008061, 2.23606797749979
1714, 14, 542, 375, 541, 376, 1, -1, -0.7853981633974483, 1.4142135623730951
1714, 15, 558, 128, 554, 126, 4, 2, 0.4636476090008061, 4.47213595499958
1714, 17, 527, 400, 525, 401, 2, -1, -0.4636476090008061, 2.23606797749979
1714, 18, 607, 355, 609, 356, -2, -1, -2.677945044588987, 2.23606797749979
1714, 19, 577, 369, 575, 370, 2, -1, -0.4636476090008061, 2.23606797749979
1714, 20, 489, 125, 488, 126, 1, -1, -0.7853981633974483, 1.4142135623730951
1715, 0, 475, 376, 474, 377, 1, -1, -0.7853981633974483, 1.4142135623730951
1715, 1, 460, 352, 459, 353, 1, -1, -0.7853981633974483, 1.4142135623730951
1715, 2, 593, 101, 592, 102, 1, -1, -0.7853981633974483, 1.4142135623730951
1715, 3, 466, 113, 465, 114, 1, -1, -0.7853981633974483, 1.4142135623730951
1715, 4, 628, 404, 626, 404, 2, 0, 0.0, 2.0
1715, 5, 544, 336, 541, 337, 3, -1, -0.3217505543966422, 3.1622776601683795
1715, 6, 502, 120, 500, 121, 2, -1, -0.4636476090008061, 2.23606797749979
1715, 8, 618, 397, 617, 398, 1, -1, -0.7853981633974483, 1.4142135623730951
1715, 9, 635, 145, 637, 145, -2, 0, 3.141592653589793, 2.0
1715, 10, 589, 340, 588, 341, 1, -1, -0.7853981633974483, 1.4142135623730951
1715, 12, 510, 349, 508, 349, 2, 0, 0.0, 2.0
1715, 13, 510, 82, 508, 82, 2, 0, 0.0, 2.0
1715, 14, 568, 365, 566, 366, 2, -1, -0.4636476090008061, 2.23606797749979
1715, 15, 445, 397, 444, 398, 1, -1, -0.7853981633974483, 1.4142135623730951
1715, 19, 436, 395, 435, 396, 1, -1, -0.7853981633974483, 1.4142135623730951
1715, 20, 577, 126, 575, 126, 2, 0, 0.0, 2.0
1715, 22, 612, 393, 609, 394, 3, -1, -0.3217505543966422, 3.1622776601683795
1715, 23, 545, 376, 543, 377, 2, -1, -0.4636476090008061, 2.23606797749979
1715, 24, 491, 125, 490, 126, 1, -1, -0.7853981633974483, 1.4142135623730951
1715, 26, 524, 403, 523, 404, 1, -1, -0.7853981633974483, 1.4142135623730951
1715, 29, 603, 357, 605, 357, -2, 0, 3.141592653589793, 2.0
1715, 30, 557, 363, 555, 364, 2, -1, -0.4636476090008061, 2.23606797749979
1716, 0, 476, 375, 475, 376, 1, -1, -0.7853981633974483, 1.4142135623730951
1716, 1, 461, 351, 460, 352, 1, -1, -0.7853981633974483, 1.4142135623730951
1716, 2, 594, 100, 593, 101, 1, -1, -0.7853981633974483, 1.4142135623730951
1716, 3, 468, 112, 466, 113, 2, -1, -0.4636476090008061, 2.23606797749979
1716, 4, 630, 404, 628, 404, 2, 0, 0.0, 2.0
1716, 5, 545, 335, 544, 336, 1, -1, -0.7853981633974483, 1.4142135623730951
1716, 6, 503, 119, 502, 120, 1, -1, -0.7853981633974483, 1.4142135623730951
1716, 7, 471, 371, 470, 372, 1, -1, -0.7853981633974483, 1.4142135623730951
1716, 8, 619, 396, 618, 397, 1, -1, -0.7853981633974483, 1.4142135623730951
1716, 10, 590, 339, 589, 340, 1, -1, -0.7853981633974483, 1.4142135623730951
1716, 12, 512, 349, 510, 349, 2, 0, 0.0, 2.0
1716, 13, 512, 82, 510, 82, 2, 0, 0.0, 2.0
1716, 14, 571, 365, 568, 365, 3, 0, 0.0, 3.0
1716, 15, 446, 396, 445, 397, 1, -1, -0.7853981633974483, 1.4142135623730951
1716, 17, 515, 398, 514, 399, 1, -1, -0.7853981633974483, 1.4142135623730951
1716, 18, 438, 395, 436, 395, 2, 0, 0.0, 2.0
1716, 21, 616, 390, 612, 393, 4, -3, -0.6435011087932844, 5.0
1716, 22, 546, 375, 545, 376, 1, -1, -0.7853981633974483, 1.4142135623730951
1716, 25, 526, 402, 524, 403, 2, -1, -0.4636476090008061, 2.23606797749979
1716, 27, 610, 134, 608, 134, 2, 0, 0.0, 2.0
1716, 28, 601, 357, 603, 357, -2, 0, 3.141592653589793, 2.0
1716, 29, 555, 362, 557, 363, -2, -1, -2.677945044588987, 2.23606797749979
1717, 0, 478, 374, 476, 375, 2, -1, -0.4636476090008061, 2.23606797749979
1717, 4, 632, 404, 630, 404, 2, 0, 0.0, 2.0
1717, 5, 547, 334, 545, 335, 2, -1, -0.4636476090008061, 2.23606797749979
1717, 6, 504, 118, 503, 119, 1, -1, -0.7853981633974483, 1.4142135623730951
1717, 7, 473, 371, 471, 371, 2, 0, 0.0, 2.0
1717, 8, 621, 395, 619, 396, 2, -1, -0.4636476090008061, 2.23606797749979
1717, 10, 591, 338, 590, 339, 1, -1, -0.7853981633974483, 1.4142135623730951
1717, 11, 635, 112, 635, 110, 0, 2, 1.5707963267948966, 2.0
1717, 12, 514, 348, 512, 349, 2, -1, -0.4636476090008061, 2.23606797749979
1717, 13, 513, 81, 512, 82, 1, -1, -0.7853981633974483, 1.4142135623730951
1717, 14, 574, 364, 571, 365, 3, -1, -0.3217505543966422, 3.1622776601683795
1717, 18, 440, 394, 438, 395, 2, -1, -0.4636476090008061, 2.23606797749979
1717, 21, 620, 390, 616, 390, 4, 0, 0.0, 4.0
1717, 22, 547, 374, 546, 375, 1, -1, -0.7853981633974483, 1.4142135623730951
1717, 23, 493, 124, 492, 125, 1, -1, -0.7853981633974483, 1.4142135623730951
1717, 25, 527, 401, 526, 402, 1, -1, -0.7853981633974483, 1.4142135623730951
1717, 28, 599, 357, 601, 357, -2, 0, 3.141592653589793, 2.0
1717, 29, 556, 364, 555, 362, 1, 2, 1.1071487177940904, 2.23606797749979
1718, 0, 480, 373, 478, 374, 2, -1, -0.4636476090008061, 2.23606797749979
1718, 1, 463, 350, 462, 351, 1, -1, -0.7853981633974483, 1.4142135623730951
1718, 2, 596, 99, 595, 100, 1, -1, -0.7853981633974483, 1.4142135623730951
1718, 3, 470, 111, 469, 112, 1, -1, -0.7853981633974483, 1.4142135623730951
1718, 4, 634, 404, 632, 404, 2, 0, 0.0, 2.0
1718, 5, 549, 334, 547, 334, 2, 0, 0.0, 2.0
1718, 6, 506, 117, 504, 118, 2, -1, -0.4636476090008061, 2.23606797749979
1718, 7, 475, 370, 473, 371, 2, -1, -0.4636476090008061, 2.23606797749979
1718, 8, 623, 394, 621, 395, 2, -1, -0.4636476090008061, 2.23606797749979
1718, 10, 593, 337, 591, 338, 2, -1, -0.4636476090008061, 2.23606797749979
1718, 12, 515, 346, 514, 348, 1, -2, -1.1071487177940904, 2.23606797749979
1718, 13, 514, 80, 513, 81, 1, -1, -0.7853981633974483, 1.4142135623730951
1718, 15, 449, 395, 447, 396, 2, -1, -0.4636476090008061, 2.23606797749979
1718, 18, 441, 393, 440, 394, 1, -1, -0.7853981633974483, 1.4142135623730951
1718, 21, 623, 388, 620, 390, 3, -2, -0.5880026035475675, 3.605551275463989
1718, 24, 583, 373, 581, 373, 2, 0, 0.0, 2.0
1718, 25, 528, 400, 527, 401, 1, -1, -0.7853981633974483, 1.4142135623730951
1718, 28, 597, 356, 599, 357, -2, -1, -2.677945044588987, 2.23606797749979
1719, 0, 482, 372, 480, 373, 2, -1, -0.4636476090008061, 2.23606797749979
1719, 1, 464, 349, 463, 350, 1, -1, -0.7853981633974483, 1.4142135623730951
1719, 2, 597, 98, 596, 99, 1, -1, -0.7853981633974483, 1.4142135623730951
1719, 3, 471, 110, 470, 111, 1, -1, -0.7853981633974483, 1.4142135623730951
1719, 5, 551, 333, 549, 334, 2, -1, -0.4636476090008061, 2.23606797749979
1719, 7, 477, 369, 475, 370, 2, -1, -0.4636476090008061, 2.23606797749979
1719, 8, 626, 394, 623, 394, 3, 0, 0.0, 3.0
1719, 10, 594, 336, 593, 337, 1, -1, -0.7853981633974483, 1.4142135623730951
1719, 12, 516, 345, 515, 346, 1, -1, -0.7853981633974483, 1.4142135623730951
1719, 13, 516, 80, 514, 80, 2, 0, 0.0, 2.0
1719, 19, 582, 126, 580, 126, 2, 0, 0.0, 2.0
1719, 20, 532, 80, 531, 81, 1, -1, -0.7853981633974483, 1.4142135623730951
1719, 21, 625, 387, 623, 388, 2, -1, -0.4636476090008061, 2.23606797749979
1719, 22, 549, 373, 548, 374, 1, -1, -0.7853981633974483, 1.4142135623730951
1719, 24, 585, 372, 583, 373, 2, -1, -0.4636476090008061, 2.23606797749979
1719, 25, 529, 399, 528, 400, 1, -1, -0.7853981633974483, 1.4142135623730951
1719, 26, 538, 138, 536, 138, 2, 0, 0.0, 2.0
1719, 27, 614, 134, 612, 134, 2, 0, 0.0, 2.0
1719, 28, 554, 365, 556, 364, -2, 1, 2.677945044588987, 2.23606797749979
1720, 0, 599, 99, 597, 100, 2, -1, -0.4636476090008061, 2.23606797749979
1720, 2, 466, 353, 464, 354, 2, -1, -0.4636476090008061, 2.23606797749979
1720, 3, 624, 398, 622, 398, 2, 0, 0.0, 2.0
1720, 5, 632, 404, 630, 404, 2, 0, 0.0, 2.0
1720, 6, 506, 119, 505, 120, 1, -1, -0.7853981633974483, 1.4142135623730951
1720, 7, 593, 339, 592, 340, 1, -1, -0.7853981633974483, 1.4142135623730951
1720, 8, 514, 348, 513, 349, 1, -1, -0.7853981633974483, 1.4142135623730951
1720, 9, 468, 369, 467, 370, 1, -1, -0.7853981633974483, 1.4142135623730951
1720, 10, 549, 336, 547, 336, 2, 0, 0.0, 2.0
1720, 11, 530, 403, 528, 403, 2, 0, 0.0, 2.0
1720, 12, 581, 373, 580, 374, 1, -1, -0.7853981633974483, 1.4142135623730951
1720, 13, 549, 375, 548, 376, 1, -1, -0.7853981633974483, 1.4142135623730951
1720, 14, 507, 380, 506, 381, 1, -1, -0.7853981633974483, 1.4142135623730951
1720, 15, 635, 113, 634, 114, 1, -1, -0.7853981633974483, 1.4142135623730951
1720, 16, 450, 397, 448, 398, 2, -1, -0.4636476090008061, 2.23606797749979
1720, 17, 458, 121, 456, 121, 2, 0, 0.0, 2.0
1720, 19, 539, 138, 537, 138, 2, 0, 0.0, 2.0
1720, 20, 463, 114, 462, 115, 1, -1, -0.7853981633974483, 1.4142135623730951
1721, 0, 601, 98, 599, 99, 2, -1, -0.4636476090008061, 2.23606797749979
1721, 1, 483, 374, 481, 375, 2, -1, -0.4636476090008061, 2.23606797749979
1721, 2, 468, 353, 466, 353, 2, 0, 0.0, 2.0
1721, 4, 471, 112, 470, 113, 1, -1, -0.7853981633974483, 1.4142135623730951
1721, 5, 634, 404, 632, 404, 2, 0, 0.0, 2.0
1721, 6, 507, 118, 506, 119, 1, -1, -0.7853981633974483, 1.4142135623730951
1721, 7, 595, 338, 593, 339, 2, -1, -0.4636476090008061, 2.23606797749979
1721, 8, 516, 347, 514, 348, 2, -1, -0.4636476090008061, 2.23606797749979
1721, 9, 469, 368, 468, 369, 1, -1, -0.7853981633974483, 1.4142135623730951
1721, 10, 550, 335, 549, 336, 1, -1, -0.7853981633974483, 1.4142135623730951
1721, 11, 532, 402, 530, 403, 2, -1, -0.4636476090008061, 2.23606797749979
1721, 12, 582, 372, 581, 373, 1, -1, -0.7853981633974483, 1.4142135623730951
1721, 13, 551, 374, 549, 375, 2, -1, -0.4636476090008061, 2.23606797749979
1721, 14, 508, 379, 507, 380, 1, -1, -0.7853981633974483, 1.4142135623730951
1721, 16, 452, 396, 450, 397, 2, -1, -0.4636476090008061, 2.23606797749979
1721, 17, 460, 121, 458, 121, 2, 0, 0.0, 2.0
1721, 19, 541, 138, 539, 138, 2, 0, 0.0, 2.0
1721, 20, 465, 113, 463, 114, 2, -1, -0.4636476090008061, 2.23606797749979
1722, 0, 603, 98, 601, 98, 2, 0, 0.0, 2.0
1722, 1, 485, 374, 483, 374, 2, 0, 0.0, 2.0
1722, 2, 469, 352, 468, 353, 1, -1, -0.7853981633974483, 1.4142135623730951
1722, 3, 626, 397, 625, 398, 1, -1, -0.7853981633974483, 1.4142135623730951
1722, 7, 597, 337, 595, 338, 2, -1, -0.4636476090008061, 2.23606797749979
1722, 8, 518, 345, 516, 347, 2, -2, -0.7853981633974483, 2.8284271247461903
1722, 12, 583, 371, 582, 372, 1, -1, -0.7853981633974483, 1.4142135623730951
1722, 13, 552, 373, 551, 374, 1, -1, -0.7853981633974483, 1.4142135623730951
1722, 16, 453, 395, 452, 396, 1, -1, -0.7853981633974483, 1.4142135623730951
1722, 17, 463, 121, 460, 121, 3, 0, 0.0, 3.0
1722, 19, 543, 137, 541, 138, 2, -1, -0.4636476090008061, 2.23606797749979
1723, 1, 487, 374, 485, 374, 2, 0, 0.0, 2.0
1723, 2, 471, 351, 469, 352, 2, -1, -0.4636476090008061, 2.23606797749979
1723, 3, 627, 396, 626, 397, 1, -1, -0.7853981633974483, 1.4142135623730951
1723, 7, 599, 336, 597, 337, 2, -1, -0.4636476090008061, 2.23606797749979
1723, 8, 521, 344, 518, 345, 3, -1, -0.3217505543966422, 3.1622776601683795
1723, 10, 552, 334, 551, 335, 1, -1, -0.7853981633974483, 1.4142135623730951
1723, 13, 555, 372, 552, 373, 3, -1, -0.3217505543966422, 3.1622776601683795
1723, 16, 454, 394, 453, 395, 1, -1, -0.7853981633974483, 1.4142135623730951
1723, 17, 465, 121, 463, 121, 2, 0, 0.0, 2.0
1723, 18, 630, 354, 629, 355, 1, -1, -0.7853981633974483, 1.4142135623730951
1723, 19, 544, 136, 543, 137, 1, -1, -0.7853981633974483, 1.4142135623730951
1724, 1, 488, 373, 487, 374, 1, -1, -0.7853981633974483, 1.4142135623730951
1724, 2, 473, 351, 471, 351, 2, 0, 0.0, 2.0
1724, 4, 474, 111, 473, 112, 1, -1, -0.7853981633974483, 1.4142135623730951
1724, 7, 601, 335, 599, 336, 2, -1, -0.4636476090008061, 2.23606797749979
1724, 8, 523, 342, 521, 344, 2, -2, -0.7853981633974483, 2.8284271247461903
1724, 10, 554, 334, 552, 334, 2, 0, 0.0, 2.0
1724, 11, 535, 402, 533, 402, 2, 0, 0.0, 2.0
1724, 12, 585, 370, 584, 371, 1, -1, -0.7853981633974483, 1.4142135623730951
1724, 13, 557, 371, 555, 372, 2, -1, -0.4636476090008061, 2.23606797749979
1724, 15, 635, 109, 635, 111, 0, -2, -1.5707963267948966, 2.0
1724, 16, 456, 393, 454, 394, 2, -1, -0.4636476090008061, 2.23606797749979
1724, 17, 467, 121, 465, 121, 2, 0, 0.0, 2.0
1724, 18, 631, 353, 630, 354, 1, -1, -0.7853981633974483, 1.4142135623730951
1724, 19, 546, 136, 544, 136, 2, 0, 0.0, 2.0
1725, 0, 486, 374, 485, 375, 1, -1, -0.7853981633974483, 1.4142135623730951
1725, 1, 604, 100, 602, 101, 2, -1, -0.4636476090008061, 2.23606797749979
1725, 2, 469, 351, 467, 352, 2, -1, -0.4636476090008061, 2.23606797749979
1725, 4, 511, 119, 510, 120, 1, -1, -0.7853981633974483, 1.4142135623730951
1725, 5, 475, 112, 474, 113, 1, -1, -0.7853981633974483, 1.4142135623730951
1725, 6, 555, 336, 553, 337, 2, -1, -0.4636476090008061, 2.23606797749979
1725, 7, 600, 338, 598, 339, 2, -1, -0.4636476090008061, 2.23606797749979
1725, 8, 466, 122, 464, 122, 2, 0, 0.0, 2.0
1725, 9, 522, 347, 520, 348, 2, -1, -0.4636476090008061, 2.23606797749979
1725, 10, 529, 144, 527, 145, 2, -1, -0.4636476090008061, 2.23606797749979
1725, 14, 588, 128, 586, 128, 2, 0, 0.0, 2.0
1725, 15, 535, 404, 533, 404, 2, 0, 0.0, 2.0
1725, 17, 479, 371, 478, 372, 1, -1, -0.7853981633974483, 1.4142135623730951
1725, 18, 500, 126, 499, 127, 1, -1, -0.7853981633974483, 1.4142135623730951
1725, 19, 586, 372, 585, 373, 1, -1, -0.7853981633974483, 1.4142135623730951
1725, 20, 621, 135, 620, 136, 1, -1, -0.7853981633974483, 1.4142135623730951
1725, 21, 554, 114, 551, 114, 3, 0, 0.0, 3.0
1725, 22, 543, 137, 542, 138, 1, -1, -0.7853981633974483, 1.4142135623730951
1725, 23, 555, 375, 554, 376, 1, -1, -0.7853981633974483, 1.4142135623730951
1726, 0, 487, 373, 486, 374, 1, -1, -0.7853981633974483, 1.4142135623730951
1726, 1, 605, 99, 604, 100, 1, -1, -0.7853981633974483, 1.4142135623730951
1726, 2, 471, 351, 469, 351, 2, 0, 0.0, 2.0
1726, 4, 513, 119, 511, 119, 2, 0, 0.0, 2.0
1726, 6, 557, 335, 555, 336, 2, -1, -0.4636476090008061, 2.23606797749979
1726, 7, 601, 337, 600, 338, 1, -1, -0.7853981633974483, 1.4142135623730951
1726, 8, 468, 121, 466, 122, 2, -1, -0.4636476090008061, 2.23606797749979
1726, 9, 524, 346, 522, 347, 2, -1, -0.4636476090008061, 2.23606797749979
1726, 10, 530, 143, 529, 144, 1, -1, -0.7853981633974483, 1.4142135623730951
1726, 11, 614, 355, 616, 355, -2, 0, 3.141592653589793, 2.0
1726, 15, 537, 403, 535, 404, 2, -1, -0.4636476090008061, 2.23606797749979
1726, 16, 517, 380, 516, 381, 1, -1, -0.7853981633974483, 1.4142135623730951
1726, 17, 480, 370, 479, 371, 1, -1, -0.7853981633974483, 1.4142135623730951
1726, 18, 501, 125, 500, 126, 1, -1, -0.7853981633974483, 1.4142135623730951
1726, 19, 589, 372, 586, 372, 3, 0, 0.0, 3.0
1726, 20, 622, 134, 621, 135, 1, -1, -0.7853981633974483, 1.4142135623730951
1726, 23, 557, 374, 555, 375, 2, -1, -0.4636476090008061, 2.23606797749979
1727, 0, 488, 372, 487, 373, 1, -1, -0.7853981633974483, 1.4142135623730951
1727, 1, 607, 98, 605, 99, 2, -1, -0.4636476090008061, 2.23606797749979
1727, 2, 472, 350, 471, 351, 1, -1, -0.7853981633974483, 1.4142135623730951
1727, 4, 515, 119, 513, 119, 2, 0, 0.0, 2.0
1727, 6, 558, 334, 557, 335, 1, -1, -0.7853981633974483, 1.4142135623730951
1727, 7, 603, 337, 601, 337, 2, 0, 0.0, 2.0
1727, 8, 470, 121, 468, 121, 2, 0, 0.0, 2.0
1727, 9, 525, 345, 524, 346, 1, -1, -0.7853981633974483, 1.4142135623730951
1727, 10, 531, 142, 530, 143, 1, -1, -0.7853981633974483, 1.4142135623730951
1727, 11, 611, 355, 614, 355, -3, 0, 3.141592653589793, 3.0
1727, 12, 454, 397, 453, 398, 1, -1, -0.7853981633974483, 1.4142135623730951
1727, 13, 448, 391, 447, 392, 1, -1, -0.7853981633974483, 1.4142135623730951
1727, 15, 539, 403, 537, 403, 2, 0, 0.0, 2.0
1727, 16, 518, 379, 517, 380, 1, -1, -0.7853981633974483, 1.4142135623730951
1727, 17, 481, 369, 480, 370, 1, -1, -0.7853981633974483, 1.4142135623730951
1727, 18, 502, 124, 501, 125, 1, -1, -0.7853981633974483, 1.4142135623730951
1727, 19, 591, 371, 589, 372, 2, -1, -0.4636476090008061, 2.23606797749979
1727, 20, 623, 133, 622, 134, 1, -1, -0.7853981633974483, 1.4142135623730951
1727, 23, 558, 373, 557, 374, 1, -1, -0.7853981633974483, 1.4142135623730951
1728, 2, 473, 349, 472, 350, 1, -1, -0.7853981633974483, 1.4142135623730951
1728, 6, 560, 333, 558, 334, 2, -1, -0.4636476090008061, 2.23606797749979
1728, 8, 472, 121, 470, 121, 2, 0, 0.0, 2.0
1728, 9, 527, 345, 525, 345, 2, 0, 0.0, 2.0
1728, 12, 455, 396, 454, 397, 1, -1, -0.7853981633974483, 1.4142135623730951
1728, 15, 540, 402, 539, 403, 1, -1, -0.7853981633974483, 1.4142135623730951
1728, 16, 519, 378, 518, 379, 1, -1, -0.7853981633974483, 1.4142135623730951
1728, 17, 482, 368, 481, 369, 1, -1, -0.7853981633974483, 1.4142135623730951
1728, 18, 503, 123, 502, 124, 1, -1, -0.7853981633974483, 1.4142135623730951
1728, 19, 593, 370, 591, 371, 2, -1, -0.4636476090008061, 2.23606797749979
1728, 20, 624, 132, 623, 133, 1, -1, -0.7853981633974483, 1.4142135623730951
1728, 23, 559, 372, 558, 373, 1, -1, -0.7853981633974483, 1.4142135623730951
1729, 2, 475, 349, 473, 349, 2, 0, 0.0, 2.0
1729, 6, 562, 332, 560, 333, 2, -1, -0.4636476090008061, 2.23606797749979
1729, 8, 474, 120, 472, 121, 2, -1, -0.4636476090008061, 2.23606797749979
1729, 9, 528, 344, 527, 345, 1, -1, -0.7853981633974483, 1.4142135623730951
1729, 10, 532, 140, 531, 141, 1, -1, -0.7853981633974483, 1.4142135623730951
1729, 11, 614, 356, 610, 355, 4, 1, 0.24497866312686414, 4.123105625617661
1729, 15, 541, 401, 540, 402, 1, -1, -0.7853981633974483, 1.4142135623730951
1729, 16, 521, 377, 519, 378, 2, -1, -0.4636476090008061, 2.23606797749979
1729, 17, 484, 367, 482, 368, 2, -1, -0.4636476090008061, 2.23606797749979
1729, 20, 626, 131, 624, 132, 2, -1, -0.4636476090008061, 2.23606797749979
1729, 22, 548, 137, 546, 137, 2, 0, 0.0, 2.0
1729, 23, 561, 371, 559, 372, 2, -1, -0.4636476090008061, 2.23606797749979
1730, 0, 490, 375, 488, 375, 2, 0, 0.0, 2.0
1730, 2, 473, 351, 472, 352, 1, -1, -0.7853981633974483, 1.4142135623730951
1730, 3, 479, 113, 477, 113, 2, 0, 0.0, 2.0
1730, 4, 527, 347, 525, 347, 2, 0, 0.0, 2.0
1730, 5, 634, 396, 632, 397, 2, -1, -0.4636476090008061, 2.23606797749979
1730, 6, 518, 120, 516, 120, 2, 0, 0.0, 2.0
1730, 7, 582, 365, 581, 366, 1, -1, -0.7853981633974483, 1.4142135623730951
1730, 10, 450, 392, 449, 393, 1, -1, -0.7853981633974483, 1.4142135623730951
1730, 11, 561, 334, 559, 335, 2, -1, -0.4636476090008061, 2.23606797749979
1730, 12, 504, 125, 503, 126, 1, -1, -0.7853981633974483, 1.4142135623730951
1730, 13, 560, 374, 558, 375, 2, -1, -0.4636476090008061, 2.23606797749979
1730, 14, 540, 403, 538, 403, 2, 0, 0.0, 2.0
1730, 15, 601, 333, 600, 334, 1, -1, -0.7853981633974483, 1.4142135623730951
1730, 16, 596, 371, 595, 372, 1, -1, -0.7853981633974483, 1.4142135623730951
1730, 18, 547, 137, 546, 138, 1, -1, -0.7853981633974483, 1.4142135623730951
1730, 19, 520, 380, 519, 381, 1, -1, -0.7853981633974483, 1.4142135623730951
1731, 0, 492, 375, 490, 375, 2, 0, 0.0, 2.0
1731, 2, 475, 351, 473, 351, 2, 0, 0.0, 2.0
1731, 3, 481, 113, 479, 113, 2, 0, 0.0, 2.0
1731, 4, 530, 346, 527, 347, 3, -1, -0.3217505543966422, 3.1622776601683795
1731, 5, 635, 395, 634, 396, 1, -1, -0.7853981633974483, 1.4142135623730951
1731, 6, 520, 120, 518, 120, 2, 0, 0.0, 2.0
1731, 7, 585, 363, 582, 365, 3, -2, -0.5880026035475675, 3.605551275463989
1731, 8, 594, 128, 592, 128, 2, 0, 0.0, 2.0
1731, 10, 452, 391, 450, 392, 2, -1, -0.4636476090008061, 2.23606797749979
1731, 11, 563, 333, 561, 334, 2, -1, -0.4636476090008061, 2.23606797749979
1731, 13, 562, 373, 560, 374, 2, -1, -0.4636476090008061, 2.23606797749979
1731, 15, 603, 332, 601, 333, 2, -1, -0.4636476090008061, 2.23606797749979
1731, 16, 598, 371, 596, 371, 2, 0, 0.0, 2.0
1731, 17, 557, 114, 555, 114, 2, 0, 0.0, 2.0
1731, 19, 522, 379, 520, 380, 2, -1, -0.4636476090008061, 2.23606797749979
1731, 20, 477, 122, 474, 122, 3, 0, 0.0, 3.0
1732, 0, 494, 374, 492, 375, 2, -1, -0.4636476090008061, 2.23606797749979
1732, 1, 611, 100, 609, 100, 2, 0, 0.0, 2.0
1732, 2, 476, 350, 475, 351, 1, -1, -0.7853981633974483, 1.4142135623730951
1732, 3, 483, 113, 481, 113, 2, 0, 0.0, 2.0
1732, 4, 532, 345, 530, 346, 2, -1, -0.4636476090008061, 2.23606797749979
1732, 6, 522, 120, 520, 120, 2, 0, 0.0, 2.0
1732, 7, 588, 362, 585, 363, 3, -1, -0.3217505543966422, 3.1622776601683795
1732, 8, 595, 129, 594, 128, 1, 1, 0.7853981633974483, 1.4142135623730951
1732, 9, 461, 399, 459, 399, 2, 0, 0.0, 2.0
1732, 10, 454, 390, 452, 391, 2, -1, -0.4636476090008061, 2.23606797749979
1732, 11, 564, 332, 563, 333, 1, -1, -0.7853981633974483, 1.4142135623730951
1732, 13, 563, 372, 562, 373, 1, -1, -0.7853981633974483, 1.4142135623730951
1732, 14, 543, 403, 541, 403, 2, 0, 0.0, 2.0
1732, 15, 604, 331, 603, 332, 1, -1, -0.7853981633974483, 1.4142135623730951
1732, 16, 600, 371, 598, 371, 2, 0, 0.0, 2.0
1732, 17, 559, 113, 557, 114, 2, -1, -0.4636476090008061, 2.23606797749979
1732, 19, 523, 378, 522, 379, 1, -1, -0.7853981633974483, 1.4142135623730951
1732, 20, 479, 121, 477, 122, 2, -1, -0.4636476090008061, 2.23606797749979
1733, 0, 496, 373, 494, 374, 2, -1, -0.4636476090008061, 2.23606797749979
1733, 2, 477, 349, 476, 350, 1, -1, -0.7853981633974483, 1.4142135623730951
1733, 4, 534, 344, 532, 345, 2, -1, -0.4636476090008061, 2.23606797749979
1733, 7, 590, 362, 588, 362, 2, 0, 0.0, 2.0
1733, 9, 463, 399, 461, 399, 2, 0, 0.0, 2.0
1733, 10, 456, 389, 454, 390, 2, -1, -0.4636476090008061, 2.23606797749979
1733, 11, 566, 331, 564, 332, 2, -1, -0.4636476090008061, 2.23606797749979
1733, 12, 505, 122, 504, 123, 1, -1, -0.7853981633974483, 1.4142135623730951
1733, 15, 605, 330, 604, 331, 1, -1, -0.7853981633974483, 1.4142135623730951
1733, 16, 602, 371, 600, 371, 2, 0, 0.0, 2.0
1733, 17, 561, 112, 559, 113, 2, -1, -0.4636476090008061, 2.23606797749979
1733, 19, 525, 377, 523, 378, 2, -1, -0.4636476090008061, 2.23606797749979
1733, 20, 481, 120, 479, 121, 2, -1, -0.4636476090008061, 2.23606797749979
1734, 0, 498, 372, 496, 373, 2, -1, -0.4636476090008061, 2.23606797749979
1734, 1, 614, 99, 612, 100, 2, -1, -0.4636476090008061, 2.23606797749979
1734, 2, 478, 348, 477, 349, 1, -1, -0.7853981633974483, 1.4142135623730951
1734, 4, 535, 343, 534, 344, 1, -1, -0.7853981633974483, 1.4142135623730951
1734, 7, 593, 362, 590, 362, 3, 0, 0.0, 3.0
1734, 10, 458, 389, 456, 389, 2, 0, 0.0, 2.0
1734, 11, 568, 330, 566, 331, 2, -1, -0.4636476090008061, 2.23606797749979
1734, 12, 506, 121, 505, 122, 1, -1, -0.7853981633974483, 1.4142135623730951
1734, 13, 565, 371, 564, 372, 1, -1, -0.7853981633974483, 1.4142135623730951
1734, 14, 546, 402, 544, 403, 2, -1, -0.4636476090008061, 2.23606797749979
1734, 16, 604, 371, 602, 371, 2, 0, 0.0, 2.0
1734, 17, 563, 112, 561, 112, 2, 0, 0.0, 2.0
1734, 19, 527, 377, 525, 377, 2, 0, 0.0, 2.0
1735, 1, 496, 375, 494, 375, 2, 0, 0.0, 2.0
1735, 2, 480, 352, 479, 353, 1, -1, -0.7853981633974483, 1.4142135623730951
1735, 4, 533, 347, 531, 348, 2, -1, -0.4636476090008061, 2.23606797749979
1735, 6, 509, 124, 508, 125, 1, -1, -0.7853981633974483, 1.4142135623730951
1735, 8, 632, 395, 634, 394, -2, 1, 2.677945044588987, 2.23606797749979
1735, 9, 566, 333, 564, 334, 2, -1, -0.4636476090008061, 2.23606797749979
1735, 11, 516, 126, 515, 127, 1, -1, -0.7853981633974483, 1.4142135623730951
1735, 13, 471, 117, 470, 118, 1, -1, -0.7853981633974483, 1.4142135623730951
1735, 14, 600, 129, 598, 129, 2, 0, 0.0, 2.0
1735, 16, 526, 379, 524, 380, 2, -1, -0.4636476090008061, 2.23606797749979
1735, 17, 602, 372, 600, 372, 2, 0, 0.0, 2.0
1735, 18, 632, 134, 630, 134, 2, 0, 0.0, 2.0
1736, 0, 614, 101, 612, 101, 2, 0, 0.0, 2.0
1736, 1, 498, 375, 496, 375, 2, 0, 0.0, 2.0
1736, 2, 481, 351, 480, 352, 1, -1, -0.7853981633974483, 1.4142135623730951
1736, 4, 534, 346, 533, 347, 1, -1, -0.7853981633974483, 1.4142135623730951
1736, 6, 510, 123, 509, 124, 1, -1, -0.7853981633974483, 1.4142135623730951
1736, 7, 610, 337, 608, 337, 2, 0, 0.0, 2.0
1736, 9, 568, 332, 566, 333, 2, -1, -0.4636476090008061, 2.23606797749979
1736, 13, 472, 116, 471, 117, 1, -1, -0.7853981633974483, 1.4142135623730951
1736, 16, 527, 378, 526, 379, 1, -1, -0.7853981633974483, 1.4142135623730951
1736, 17, 604, 371, 602, 372, 2, -1, -0.4636476090008061, 2.23606797749979
1737, 0, 616, 101, 614, 101, 2, 0, 0.0, 2.0
1737, 1, 499, 374, 498, 375, 1, -1, -0.7853981633974483, 1.4142135623730951
1737, 2, 483, 350, 481, 351, 2, -1, -0.4636476090008061, 2.23606797749979
1737, 4, 536, 345, 534, 346, 2, -1, -0.4636476090008061, 2.23606797749979
1737, 6, 512, 122, 510, 123, 2, -1, -0.4636476090008061, 2.23606797749979
1737, 7, 612, 337, 610, 337, 2, 0, 0.0, 2.0
1737, 9, 570, 332, 568, 332, 2, 0, 0.0, 2.0
1737, 11, 518, 125, 517, 126, 1, -1, -0.7853981633974483, 1.4142135623730951
1737, 13, 474, 115, 472, 116, 2, -1, -0.4636476090008061, 2.23606797749979
1737, 16, 528, 377, 527, 378, 1, -1, -0.7853981633974483, 1.4142135623730951
1737, 17, 605, 370, 604, 371, 1, -1, -0.7853981633974483, 1.4142135623730951
1737, 18, 635, 134, 633, 134, 2, 0, 0.0, 2.0
1738, 0, 620, 100, 616, 101, 4, -1, -0.24497866312686414, 4.123105625617661
1738, 1, 500, 373, 499, 374, 1, -1, -0.7853981633974483, 1.4142135623730951
1738, 2, 487, 349, 483, 350, 4, -1, -0.24497866312686414, 4.123105625617661
1738, 3, 487, 113, 486, 114, 1, -1, -0.7853981633974483, 1.4142135623730951
1738, 4, 539, 344, 536, 345, 3, -1, -0.3217505543966422, 3.1622776601683795
1738, 5, 524, 119, 523, 120, 1, -1, -0.7853981633974483, 1.4142135623730951
1738, 6, 514, 121, 512, 122, 2, -1, -0.4636476090008061, 2.23606797749979
1738, 7, 614, 337, 612, 337, 2, 0, 0.0, 2.0
1738, 9, 572, 332, 570, 332, 2, 0, 0.0, 2.0
1738, 11, 519, 124, 518, 125, 1, -1, -0.7853981633974483, 1.4142135623730951
1738, 13, 476, 114, 474, 115, 2, -1, -0.4636476090008061, 2.23606797749979
1738, 15, 468, 398, 466, 399, 2, -1, -0.4636476090008061, 2.23606797749979
1738, 16, 529, 376, 528, 377, 1, -1, -0.7853981633974483, 1.4142135623730951
1739, 1, 501, 372, 500, 373, 1, -1, -0.7853981633974483, 1.4142135623730951
1739, 2, 488, 348, 487, 349, 1, -1, -0.7853981633974483, 1.4142135623730951
1739, 3, 488, 112, 487, 113, 1, -1, -0.7853981633974483, 1.4142135623730951
1739, 4, 542, 343, 539, 344, 3, -1, -0.3217505543966422, 3.1622776601683795
1739, 5, 525, 118, 524, 119, 1, -1, -0.7853981633974483, 1.4142135623730951
1739, 6, 516, 120, 514, 121, 2, -1, -0.4636476090008061, 2.23606797749979
1739, 7, 616, 337, 614, 337, 2, 0, 0.0, 2.0
1739, 8, 635, 393, 634, 394, 1, -1, -0.7853981633974483, 1.4142135623730951
1739, 11, 520, 123, 519, 124, 1, -1, -0.7853981633974483, 1.4142135623730951
1739, 12, 570, 374, 568, 375, 2, -1, -0.4636476090008061, 2.23606797749979
1739, 13, 478, 113, 476, 114, 2, -1, -0.4636476090008061, 2.23606797749979
1739, 15, 470, 398, 468, 398, 2, 0, 0.0, 2.0
1739, 16, 530, 375, 529, 376, 1, -1, -0.7853981633974483, 1.4142135623730951
1739, 17, 608, 370, 606, 370, 2, 0, 0.0, 2.0
1740, 1, 486, 351, 485, 352, 1, -1, -0.7853981633974483, 1.4142135623730951
1740, 2, 500, 374, 499, 375, 1, -1, -0.7853981633974483, 1.4142135623730951
1740, 3, 526, 119, 525, 120, 1, -1, -0.7853981633974483, 1.4142135623730951
1740, 4, 490, 113, 488, 114, 2, -1, -0.4636476090008061, 2.23606797749979
1740, 5, 562, 85, 561, 86, 1, -1, -0.7853981633974483, 1.4142135623730951
1740, 8, 477, 115, 475, 116, 2, -1, -0.4636476090008061, 2.23606797749979
1740, 9, 530, 379, 529, 380, 1, -1, -0.7853981633974483, 1.4142135623730951
1740, 11, 571, 375, 569, 375, 2, 0, 0.0, 2.0
1740, 12, 550, 403, 548, 404, 2, -1, -0.4636476090008061, 2.23606797749979
1740, 13, 540, 345, 537, 346, 3, -1, -0.3217505543966422, 3.1622776601683795
1740, 14, 516, 122, 514, 123, 2, -1, -0.4636476090008061, 2.23606797749979
1740, 15, 614, 336, 613, 337, 1, -1, -0.7853981633974483, 1.4142135623730951
1740, 18, 634, 394, 632, 395, 2, -1, -0.4636476090008061, 2.23606797749979
1741, 1, 487, 350, 486, 351, 1, -1, -0.7853981633974483, 1.4142135623730951
1741, 3, 527, 118, 526, 119, 1, -1, -0.7853981633974483, 1.4142135623730951
1741, 5, 494, 368, 493, 369, 1, -1, -0.7853981633974483, 1.4142135623730951
1741, 6, 469, 398, 468, 399, 1, -1, -0.7853981633974483, 1.4142135623730951
1741, 7, 480, 114, 477, 115, 3, -1, -0.3217505543966422, 3.1622776601683795
1741, 8, 531, 378, 530, 379, 1, -1, -0.7853981633974483, 1.4142135623730951
1741, 10, 573, 374, 571, 375, 2, -1, -0.4636476090008061, 2.23606797749979
1741, 12, 542, 344, 540, 345, 2, -1, -0.4636476090008061, 2.23606797749979
1741, 13, 518, 121, 516, 122, 2, -1, -0.4636476090008061, 2.23606797749979
1741, 14, 615, 335, 614, 336, 1, -1, -0.7853981633974483, 1.4142135623730951
1741, 17, 635, 393, 634, 394, 1, -1, -0.7853981633974483, 1.4142135623730951
1741, 19, 536, 82, 534, 82, 2, 0, 0.0, 2.0
1742, 0, 622, 101, 620, 101, 2, 0, 0.0, 2.0
1742, 1, 488, 349, 487, 350, 1, -1, -0.7853981633974483, 1.4142135623730951
1742, 3, 529, 117, 527, 118, 2, -1, -0.4636476090008061, 2.23606797749979
1742, 4, 492, 112, 491, 113, 1, -1, -0.7853981633974483, 1.4142135623730951
1742, 6, 470, 397, 469, 398, 1, -1, -0.7853981633974483, 1.4142135623730951
1742, 7, 482, 114, 480, 114, 2, 0, 0.0, 2.0
1742, 8, 532, 377, 531, 378, 1, -1, -0.7853981633974483, 1.4142135623730951
1742, 9, 575, 333, 573, 334, 2, -1, -0.4636476090008061, 2.23606797749979
1742, 10, 574, 373, 573, 374, 1, -1, -0.7853981633974483, 1.4142135623730951
1742, 11, 552, 402, 551, 403, 1, -1, -0.7853981633974483, 1.4142135623730951
1742, 12, 544, 343, 542, 344, 2, -1, -0.4636476090008061, 2.23606797749979
1742, 13, 520, 120, 518, 121, 2, -1, -0.4636476090008061, 2.23606797749979
1742, 14, 616, 334, 615, 335, 1, -1, -0.7853981633974483, 1.4142135623730951
1742, 16, 635, 391, 635, 393, 0, -2, -1.5707963267948966, 2.0
1742, 18, 538, 82, 536, 82, 2, 0, 0.0, 2.0
1743, 0, 623, 100, 622, 101, 1, -1, -0.7853981633974483, 1.4142135623730951
1743, 1, 489, 348, 488, 349, 1, -1, -0.7853981633974483, 1.4142135623730951
1743, 2, 503, 372, 501, 373, 2, -1, -0.4636476090008061, 2.23606797749979
1743, 3, 531, 117, 529, 117, 2, 0, 0.0, 2.0
1743, 4, 493, 111, 492, 112, 1, -1, -0.7853981633974483, 1.4142135623730951
1743, 7, 484, 114, 482, 114, 2, 0, 0.0, 2.0
1743, 8, 533, 376, 532, 377, 1, -1, -0.7853981633974483, 1.4142135623730951
1743, 9, 577, 333, 575, 333, 2, 0, 0.0, 2.0
1743, 10, 576, 373, 574, 373, 2, 0, 0.0, 2.0
1743, 11, 554, 401, 552, 402, 2, -1, -0.4636476090008061, 2.23606797749979
1743, 12, 545, 342, 544, 343, 1, -1, -0.7853981633974483, 1.4142135623730951
1743, 13, 523, 119, 520, 120, 3, -1, -0.3217505543966422, 3.1622776601683795
1743, 14, 617, 333, 616, 334, 1, -1, -0.7853981633974483, 1.4142135623730951
1743, 18, 539, 81, 538, 82, 1, -1, -0.7853981633974483, 1.4142135623730951
1744, 0, 624, 99, 623, 100, 1, -1, -0.7853981633974483, 1.4142135623730951
1744, 1, 490, 347, 489, 348, 1, -1, -0.7853981633974483, 1.4142135623730951
1744, 2, 505, 371, 503, 372, 2, -1, -0.4636476090008061, 2.23606797749979
1744, 3, 532, 116, 531, 117, 1, -1, -0.7853981633974483, 1.4142135623730951
1744, 4, 495, 110, 493, 111, 2, -1, -0.4636476090008061, 2.23606797749979
1744, 5, 497, 367, 496, 368, 1, -1, -0.7853981633974483, 1.4142135623730951
1744, 6, 472, 396, 471, 397, 1, -1, -0.7853981633974483, 1.4142135623730951
1744, 7, 486, 114, 484, 114, 2, 0, 0.0, 2.0
1744, 9, 578, 332, 577, 333, 1, -1, -0.7853981633974483, 1.4142135623730951
1744, 10, 578, 373, 576, 373, 2, 0, 0.0, 2.0
1744, 11, 556, 400, 554, 401, 2, -1, -0.4636476090008061, 2.23606797749979
1744, 12, 547, 341, 545, 342, 2, -1, -0.4636476090008061, 2.23606797749979
1744, 14, 618, 332, 617, 333, 1, -1, -0.7853981633974483, 1.4142135623730951
1744, 15, 596, 362, 595, 363, 1, -1, -0.7853981633974483, 1.4142135623730951
1744, 18, 540, 80, 539, 81, 1, -1, -0.7853981633974483, 1.4142135623730951
1745, 1, 505, 374, 503, 375, 2, -1, -0.4636476090008061, 2.23606797749979
1745, 2, 491, 349, 490, 350, 1, -1, -0.7853981633974483, 1.4142135623730951
1745, 3, 500, 369, 498, 370, 2, -1, -0.4636476090008061, 2.23606797749979
1745, 4, 532, 119, 530, 120, 2, -1, -0.4636476090008061, 2.23606797749979
1745, 5, 495, 112, 493, 113, 2, -1, -0.4636476090008061, 2.23606797749979
1745, 9, 577, 333, 576, 334, 1, -1, -0.7853981633974483, 1.4142135623730951
1745, 11, 543, 344, 542, 345, 1, -1, -0.7853981633974483, 1.4142135623730951
1745, 13, 589, 135, 589, 137, 0, -2, -1.5707963267948966, 2.0
1745, 15, 555, 402, 553, 403, 2, -1, -0.4636476090008061, 2.23606797749979
1745, 17, 538, 82, 537, 83, 1, -1, -0.7853981633974483, 1.4142135623730951
1746, 0, 624, 101, 623, 102, 1, -1, -0.7853981633974483, 1.4142135623730951
1746, 1, 507, 373, 505, 374, 2, -1, -0.4636476090008061, 2.23606797749979
1746, 2, 492, 348, 491, 349, 1, -1, -0.7853981633974483, 1.4142135623730951
1746, 3, 501, 368, 500, 369, 1, -1, -0.7853981633974483, 1.4142135623730951
1746, 4, 534, 118, 532, 119, 2, -1, -0.4636476090008061, 2.23606797749979
1746, 5, 497, 111, 495, 112, 2, -1, -0.4636476090008061, 2.23606797749979
1746, 6, 619, 337, 618, 338, 1, -1, -0.7853981633974483, 1.4142135623730951
1746, 8, 599, 364, 598, 365, 1, -1, -0.7853981633974483, 1.4142135623730951
1746, 9, 578, 331, 577, 333, 1, -2, -1.1071487177940904, 2.23606797749979
1746, 11, 544, 343, 543, 344, 1, -1, -0.7853981633974483, 1.4142135623730951
1746, 12, 472, 398, 471, 399, 1, -1, -0.7853981633974483, 1.4142135623730951
1746, 15, 557, 401, 555, 402, 2, -1, -0.4636476090008061, 2.23606797749979
1746, 17, 539, 81, 538, 82, 1, -1, -0.7853981633974483, 1.4142135623730951
1747, 0, 625, 100, 624, 101, 1, -1, -0.7853981633974483, 1.4142135623730951
1747, 1, 510, 372, 507, 373, 3, -1, -0.3217505543966422, 3.1622776601683795
1747, 2, 493, 346, 492, 348, 1, -2, -1.1071487177940904, 2.23606797749979
1747, 3, 503, 367, 501, 368, 2, -1, -0.4636476090008061, 2.23606797749979
1747, 4, 536, 117, 534, 118, 2, -1, -0.4636476090008061, 2.23606797749979
1747, 5, 499, 110, 497, 111, 2, -1, -0.4636476090008061, 2.23606797749979
1747, 6, 620, 336, 619, 337, 1, -1, -0.7853981633974483, 1.4142135623730951
1747, 8, 601, 363, 599, 364, 2, -1, -0.4636476090008061, 2.23606797749979
1747, 9, 580, 331, 578, 331, 2, 0, 0.0, 2.0
1747, 11, 545, 342, 544, 343, 1, -1, -0.7853981633974483, 1.4142135623730951
1747, 13, 587, 134, 589, 134, -2, 0, 3.141592653589793, 2.0
1747, 15, 558, 400, 557, 401, 1, -1, -0.7853981633974483, 1.4142135623730951
1747, 16, 611, 371, 609, 372, 2, -1, -0.4636476090008061, 2.23606797749979
1747, 17, 540, 80, 539, 81, 1, -1, -0.7853981633974483, 1.4142135623730951
1748, 1, 511, 371, 510, 372, 1, -1, -0.7853981633974483, 1.4142135623730951
1748, 2, 495, 345, 493, 346, 2, -1, -0.4636476090008061, 2.23606797749979
1748, 4, 537, 116, 536, 117, 1, -1, -0.7853981633974483, 1.4142135623730951
1748, 5, 501, 109, 499, 110, 2, -1, -0.4636476090008061, 2.23606797749979
1748, 6, 622, 335, 620, 336, 2, -1, -0.4636476090008061, 2.23606797749979
1748, 7, 484, 118, 483, 119, 1, -1, -0.7853981633974483, 1.4142135623730951
1748, 8, 603, 362, 601, 363, 2, -1, -0.4636476090008061, 2.23606797749979
1748, 9, 581, 330, 580, 331, 1, -1, -0.7853981633974483, 1.4142135623730951
1748, 10, 574, 113, 573, 114, 1, -1, -0.7853981633974483, 1.4142135623730951
1748, 11, 547, 341, 545, 342, 2, -1, -0.4636476090008061, 2.23606797749979
1748, 12, 474, 397, 473, 398, 1, -1, -0.7853981633974483, 1.4142135623730951
1748, 14, 560, 400, 558, 400, 2, 0, 0.0, 2.0
1748, 15, 613, 370, 611, 371, 2, -1, -0.4636476090008061, 2.23606797749979
1748, 16, 542, 79, 540, 80, 2, -1, -0.4636476090008061, 2.23606797749979
1749, 1, 513, 371, 511, 371, 2, 0, 0.0, 2.0
1749, 2, 496, 344, 495, 345, 1, -1, -0.7853981633974483, 1.4142135623730951
1749, 3, 506, 366, 504, 367, 2, -1, -0.4636476090008061, 2.23606797749979
1749, 4, 539, 115, 537, 116, 2, -1, -0.4636476090008061, 2.23606797749979
1749, 5, 502, 108, 501, 109, 1, -1, -0.7853981633974483, 1.4142135623730951
1749, 6, 624, 334, 622, 335, 2, -1, -0.4636476090008061, 2.23606797749979
1749, 8, 605, 362, 603, 362, 2, 0, 0.0, 2.0
1749, 9, 583, 329, 581, 330, 2, -1, -0.4636476090008061, 2.23606797749979
1749, 10, 575, 112, 574, 113, 1, -1, -0.7853981633974483, 1.4142135623730951
1749, 14, 562, 399, 560, 400, 2, -1, -0.4636476090008061, 2.23606797749979
1749, 16, 543, 78, 542, 79, 1, -1, -0.7853981633974483, 1.4142135623730951
1750, 0, 630, 100, 627, 101, 3, -1, -0.3217505543966422, 3.1622776601683795
1750, 1, 497, 347, 495, 349, 2, -2, -0.7853981633974483, 2.8284271247461903
1750, 2, 510, 374, 509, 375, 1, -1, -0.7853981633974483, 1.4142135623730951
1750, 3, 500, 111, 498, 112, 2, -1, -0.4636476090008061, 2.23606797749979
1750, 4, 537, 119, 535, 120, 2, -1, -0.4636476090008061, 2.23606797749979
1750, 5, 583, 332, 581, 333, 2, -1, -0.4636476090008061, 2.23606797749979
1750, 6, 550, 345, 548, 345, 2, 0, 0.0, 2.0
1750, 7, 540, 379, 538, 379, 2, 0, 0.0, 2.0
1750, 10, 582, 373, 579, 375, 3, -2, -0.5880026035475675, 3.605551275463989
1750, 11, 614, 371, 611, 371, 3, 0, 0.0, 3.0
1750, 12, 626, 337, 623, 338, 3, -1, -0.3217505543966422, 3.1622776601683795
1750, 14, 560, 403, 559, 404, 1, -1, -0.7853981633974483, 1.4142135623730951
1750, 15, 486, 118, 485, 119, 1, -1, -0.7853981633974483, 1.4142135623730951
1751, 0, 631, 99, 630, 100, 1, -1, -0.7853981633974483, 1.4142135623730951
1751, 1, 498, 346, 497, 347, 1, -1, -0.7853981633974483, 1.4142135623730951
1751, 2, 512, 373, 510, 374, 2, -1, -0.4636476090008061, 2.23606797749979
1751, 3, 502, 110, 500, 111, 2, -1, -0.4636476090008061, 2.23606797749979
1751, 4, 539, 118, 537, 119, 2, -1, -0.4636476090008061, 2.23606797749979
1751, 5, 584, 331, 583, 332, 1, -1, -0.7853981633974483, 1.4142135623730951
1751, 6, 552, 345, 550, 345, 2, 0, 0.0, 2.0
1751, 8, 499, 366, 498, 367, 1, -1, -0.7853981633974483, 1.4142135623730951
1751, 9, 479, 398, 477, 399, 2, -1, -0.4636476090008061, 2.23606797749979
1751, 10, 584, 372, 582, 373, 2, -1, -0.4636476090008061, 2.23606797749979
1751, 11, 616, 371, 614, 371, 2, 0, 0.0, 2.0
1751, 12, 628, 336, 626, 337, 2, -1, -0.4636476090008061, 2.23606797749979
1751, 14, 562, 402, 560, 403, 2, -1, -0.4636476090008061, 2.23606797749979
1751, 15, 487, 117, 486, 118, 1, -1, -0.7853981633974483, 1.4142135623730951
1752, 1, 500, 345, 498, 346, 2, -1, -0.4636476090008061, 2.23606797749979
1752, 2, 513, 372, 512, 373, 1, -1, -0.7853981633974483, 1.4142135623730951
1752, 3, 504, 109, 502, 110, 2, -1, -0.4636476090008061, 2.23606797749979
1752, 4, 541, 117, 539, 118, 2, -1, -0.4636476090008061, 2.23606797749979
1752, 5, 585, 330, 584, 331, 1, -1, -0.7853981633974483, 1.4142135623730951
1752, 6, 553, 344, 552, 345, 1, -1, -0.7853981633974483, 1.4142135623730951
1752, 7, 544, 378, 541, 379, 3, -1, -0.3217505543966422, 3.1622776601683795
1752, 9, 480, 397, 479, 398, 1, -1, -0.7853981633974483, 1.4142135623730951
1752, 10, 586, 371, 584, 372, 2, -1, -0.4636476090008061, 2.23606797749979
1752, 11, 618, 371, 616, 371, 2, 0, 0.0, 2.0
1752, 12, 630, 335, 628, 336, 2, -1, -0.4636476090008061, 2.23606797749979
1752, 13, 550, 397, 549, 398, 1, -1, -0.7853981633974483, 1.4142135623730951
1752, 14, 563, 401, 562, 402, 1, -1, -0.7853981633974483, 1.4142135623730951
1752, 16, 618, 130, 616, 130, 2, 0, 0.0, 2.0
1753, 1, 502, 344, 500, 345, 2, -1, -0.4636476090008061, 2.23606797749979
1753, 2, 514, 371, 513, 372, 1, -1, -0.7853981633974483, 1.4142135623730951
1753, 4, 542, 116, 541, 117, 1, -1, -0.7853981633974483, 1.4142135623730951
1753, 6, 554, 343, 553, 344, 1, -1, -0.7853981633974483, 1.4142135623730951
1753, 8, 500, 364, 499, 365, 1, -1, -0.7853981633974483, 1.4142135623730951
1753, 9, 483, 396, 480, 397, 3, -1, -0.3217505543966422, 3.1622776601683795
1753, 10, 588, 370, 586, 371, 2, -1, -0.4636476090008061, 2.23606797749979
1753, 11, 619, 370, 618, 371, 1, -1, -0.7853981633974483, 1.4142135623730951
1753, 12, 632, 334, 630, 335, 2, -1, -0.4636476090008061, 2.23606797749979
1753, 14, 565, 401, 563, 401, 2, 0, 0.0, 2.0
1753, 16, 620, 130, 618, 130, 2, 0, 0.0, 2.0
1754, 0, 634, 98, 633, 99, 1, -1, -0.7853981633974483, 1.4142135623730951
1754, 1, 504, 343, 502, 344, 2, -1, -0.4636476090008061, 2.23606797749979
1754, 2, 515, 370, 514, 371, 1, -1, -0.7853981633974483, 1.4142135623730951
1754, 3, 505, 108, 504, 109, 1, -1, -0.7853981633974483, 1.4142135623730951
1754, 5, 588, 330, 586, 330, 2, 0, 0.0, 2.0
1754, 6, 555, 342, 554, 343, 1, -1, -0.7853981633974483, 1.4142135623730951
1754, 8, 501, 363, 500, 364, 1, -1, -0.7853981633974483, 1.4142135623730951
1754, 9, 485, 395, 483, 396, 2, -1, -0.4636476090008061, 2.23606797749979
1754, 10, 590, 369, 588, 370, 2, -1, -0.4636476090008061, 2.23606797749979
1754, 11, 620, 369, 619, 370, 1, -1, -0.7853981633974483, 1.4142135623730951
1754, 12, 633, 333, 632, 334, 1, -1, -0.7853981633974483, 1.4142135623730951
1754, 15, 490, 115, 488, 116, 2, -1, -0.4636476090008061, 2.23606797749979
1754, 16, 622, 129, 620, 130, 2, -1, -0.4636476090008061, 2.23606797749979
1755, 0, 634, 101, 632, 101, 2, 0, 0.0, 2.0
1755, 1, 499, 345, 498, 346, 1, -1, -0.7853981633974483, 1.4142135623730951
1755, 5, 509, 369, 508, 370, 1, -1, -0.7853981633974483, 1.4142135623730951
1755, 6, 554, 343, 553, 345, 1, -2, -1.1071487177940904, 2.23606797749979
1755, 7, 630, 335, 629, 336, 1, -1, -0.7853981633974483, 1.4142135623730951
1755, 8, 588, 333, 586, 333, 2, 0, 0.0, 2.0
1755, 13, 546, 379, 544, 379, 2, 0, 0.0, 2.0
1755, 14, 492, 120, 489, 120, 3, 0, 0.0, 3.0
1755, 15, 553, 147, 552, 148, 1, -1, -0.7853981633974483, 1.4142135623730951
1755, 16, 599, 366, 597, 366, 2, 0, 0.0, 2.0
1755, 18, 553, 399, 551, 399, 2, 0, 0.0, 2.0
1756, 0, 635, 100, 634, 101, 1, -1, -0.7853981633974483, 1.4142135623730951
1756, 1, 501, 344, 499, 345, 2, -1, -0.4636476090008061, 2.23606797749979
1756, 2, 517, 373, 516, 374, 1, -1, -0.7853981633974483, 1.4142135623730951
1756, 5, 510, 368, 509, 369, 1, -1, -0.7853981633974483, 1.4142135623730951
1756, 6, 557, 342, 554, 343, 3, -1, -0.3217505543966422, 3.1622776601683795
1756, 7, 631, 334, 630, 335, 1, -1, -0.7853981633974483, 1.4142135623730951
1756, 8, 590, 332, 588, 333, 2, -1, -0.4636476090008061, 2.23606797749979
1756, 10, 485, 399, 483, 399, 2, 0, 0.0, 2.0
1756, 11, 621, 130, 620, 131, 1, -1, -0.7853981633974483, 1.4142135623730951
1756, 12, 620, 371, 619, 372, 1, -1, -0.7853981633974483, 1.4142135623730951
1756, 14, 495, 120, 492, 120, 3, 0, 0.0, 3.0
1756, 15, 554, 145, 553, 147, 1, -2, -1.1071487177940904, 2.23606797749979
1756, 16, 603, 367, 599, 366, 4, 1, 0.24497866312686414, 4.123105625617661
1757, 1, 503, 343, 501, 344, 2, -1, -0.4636476090008061, 2.23606797749979
1757, 2, 518, 372, 517, 373, 1, -1, -0.7853981633974483, 1.4142135623730951
1757, 3, 544, 120, 542, 120, 2, 0, 0.0, 2.0
1757, 4, 507, 113, 505, 113, 2, 0, 0.0, 2.0
1757, 5, 511, 367, 510, 368, 1, -1, -0.7853981633974483, 1.4142135623730951
1757, 6, 560, 341, 557, 342, 3, -1, -0.3217505543966422, 3.1622776601683795
1757, 7, 632, 333, 631, 334, 1, -1, -0.7853981633974483, 1.4142135623730951
1757, 8, 592, 331, 590, 332, 2, -1, -0.4636476090008061, 2.23606797749979
1757, 12, 622, 370, 620, 371, 2, -1, -0.4636476090008061, 2.23606797749979
1757, 13, 548, 378, 547, 379, 1, -1, -0.7853981633974483, 1.4142135623730951
1757, 14, 497, 120, 495, 120, 2, 0, 0.0, 2.0
1757, 15, 555, 144, 554, 145, 1, -1, -0.7853981633974483, 1.4142135623730951
1757, 16, 606, 367, 603, 367, 3, 0, 0.0, 3.0
1757, 18, 556, 399, 554, 399, 2, 0, 0.0, 2.0
1758, 1, 504, 342, 503, 343, 1, -1, -0.7853981633974483, 1.4142135623730951
1758, 5, 513, 366, 511, 367, 2, -1, -0.4636476090008061, 2.23606797749979
1758, 6, 561, 340, 560, 341, 1, -1, -0.7853981633974483, 1.4142135623730951
1758, 7, 634, 333, 632, 333, 2, 0, 0.0, 2.0
1758, 8, 594, 330, 592, 331, 2, -1, -0.4636476090008061, 2.23606797749979
1758, 9, 477, 392, 476, 393, 1, -1, -0.7853981633974483, 1.4142135623730951
1758, 10, 487, 398, 486, 399, 1, -1, -0.7853981633974483, 1.4142135623730951
1758, 12, 624, 369, 622, 370, 2, -1, -0.4636476090008061, 2.23606797749979
1758, 13, 549, 377, 548, 378, 1, -1, -0.7853981633974483, 1.4142135623730951
1758, 14, 499, 120, 497, 120, 2, 0, 0.0, 2.0
1758, 17, 558, 399, 556, 399, 2, 0, 0.0, 2.0
1759, 6, 563, 339, 561, 340, 2, -1, -0.4636476090008061, 2.23606797749979
1759, 11, 624, 129, 623, 130, 1, -1, -0.7853981633974483, 1.4142135623730951
1759, 12, 627, 368, 624, 369, 3, -1, -0.3217505543966422, 3.1622776601683795
1759, 13, 551, 376, 549, 377, 2, -1, -0.4636476090008061, 2.23606797749979
1759, 15, 608, 366, 607, 367, 1, -1, -0.7853981633974483, 1.4142135623730951
1759, 17, 560, 399, 558, 399, 2, 0, 0.0, 2.0
1760, 0, 520, 372, 519, 373, 1, -1, -0.7853981633974483, 1.4142135623730951
1760, 1, 505, 345, 503, 346, 2, -1, -0.4636476090008061, 2.23606797749979
1760, 2, 547, 120, 545, 120, 2, 0, 0.0, 2.0
1760, 3, 509, 113, 507, 113, 2, 0, 0.0, 2.0
1760, 4, 478, 392, 477, 393, 1, -1, -0.7853981633974483, 1.4142135623730951
1760, 6, 593, 332, 592, 333, 1, -1, -0.7853981633974483, 1.4142135623730951
1761, 0, 522, 372, 520, 372, 2, 0, 0.0, 2.0
1761, 1, 506, 344, 505, 345, 1, -1, -0.7853981633974483, 1.4142135623730951
1761, 3, 511, 113, 509, 113, 2, 0, 0.0, 2.0
1761, 4, 479, 391, 478, 392, 1, -1, -0.7853981633974483, 1.4142135623730951
1761, 5, 516, 365, 515, 366, 1, -1, -0.7853981633974483, 1.4142135623730951
1761, 6, 594, 330, 593, 332, 1, -2, -1.1071487177940904, 2.23606797749979
1762, 0, 524, 371, 522, 372, 2, -1, -0.4636476090008061, 2.23606797749979
1762, 4, 480, 390, 479, 391, 1, -1, -0.7853981633974483, 1.4142135623730951
1762, 5, 518, 364, 516, 365, 2, -1, -0.4636476090008061, 2.23606797749979
1762, 6, 596, 330, 594, 330, 2, 0, 0.0, 2.0
1763, 2, 551, 120, 549, 120, 2, 0, 0.0, 2.0
1763, 3, 514, 113, 512, 113, 2, 0, 0.0, 2.0
1763, 4, 482, 389, 480, 390, 2, -1, -0.4636476090008061, 2.23606797749979
1763, 5, 520, 363, 518, 364, 2, -1, -0.4636476090008061, 2.23606797749979
1763, 6, 598, 329, 596, 330, 2, -1, -0.4636476090008061, 2.23606797749979
1764, 1, 510, 342, 508, 344, 2, -2, -0.7853981633974483, 2.8284271247461903
1764, 2, 553, 120, 551, 120, 2, 0, 0.0, 2.0
1764, 4, 483, 388, 482, 389, 1, -1, -0.7853981633974483, 1.4142135623730951
1764, 5, 522, 363, 520, 363, 2, 0, 0.0, 2.0
1764, 6, 599, 328, 598, 329, 1, -1, -0.7853981633974483, 1.4142135623730951
1765, 0, 526, 372, 524, 373, 2, -1, -0.4636476090008061, 2.23606797749979
1765, 1, 509, 344, 508, 345, 1, -1, -0.7853981633974483, 1.4142135623730951
1765, 2, 514, 111, 512, 114, 2, -3, -0.982793723247329, 3.605551275463989
1765, 3, 566, 344, 564, 344, 2, 0, 0.0, 2.0
1765, 4, 555, 118, 552, 121, 3, -3, -0.7853981633974483, 4.242640687119285
1765, 7, 598, 331, 597, 332, 1, -1, -0.7853981633974483, 1.4142135623730951
1765, 8, 540, 123, 538, 123, 2, 0, 0.0, 2.0
1765, 11, 577, 85, 576, 86, 1, -1, -0.7853981633974483, 1.4142135623730951
1765, 12, 501, 117, 499, 117, 2, 0, 0.0, 2.0
1765, 13, 620, 362, 618, 364, 2, -2, -0.7853981633974483, 2.8284271247461903
1765, 17, 509, 118, 507, 119, 2, -1, -0.4636476090008061, 2.23606797749979
1765, 19, 485, 392, 483, 393, 2, -1, -0.4636476090008061, 2.23606797749979
1766, 0, 528, 371, 526, 372, 2, -1, -0.4636476090008061, 2.23606797749979
1766, 1, 511, 343, 509, 344, 2, -1, -0.4636476090008061, 2.23606797749979
1766, 2, 516, 111, 514, 111, 2, 0, 0.0, 2.0
1766, 3, 568, 344, 566, 344, 2, 0, 0.0, 2.0
1766, 7, 600, 330, 598, 331, 2, -1, -0.4636476090008061, 2.23606797749979
1766, 8, 541, 122, 540, 123, 1, -1, -0.7853981633974483, 1.4142135623730951
1766, 9, 516, 369, 514, 369, 2, 0, 0.0, 2.0
1766, 11, 502, 116, 501, 117, 1, -1, -0.7853981633974483, 1.4142135623730951
1766, 12, 622, 362, 620, 362, 2, 0, 0.0, 2.0
1766, 13, 597, 373, 596, 374, 1, -1, -0.7853981633974483, 1.4142135623730951
1766, 15, 606, 138, 608, 138, -2, 0, 3.141592653589793, 2.0
1766, 16, 511, 117, 509, 118, 2, -1, -0.4636476090008061, 2.23606797749979
1766, 17, 583, 141, 581, 141, 2, 0, 0.0, 2.0
1766, 18, 487, 392, 485, 392, 2, 0, 0.0, 2.0
1766, 19, 584, 367, 582, 367, 2, 0, 0.0, 2.0
1767, 1, 514, 342, 511, 343, 3, -1, -0.3217505543966422, 3.1622776601683795
1767, 2, 518, 111, 516, 111, 2, 0, 0.0, 2.0
1767, 3, 570, 344, 568, 344, 2, 0, 0.0, 2.0
1767, 4, 557, 117, 556, 118, 1, -1, -0.7853981633974483, 1.4142135623730951
1767, 7, 603, 330, 600, 330, 3, 0, 0.0, 3.0
1767, 8, 542, 121, 541, 122, 1, -1, -0.7853981633974483, 1.4142135623730951
1767, 10, 496, 399, 494, 399, 2, 0, 0.0, 2.0
1767, 11, 503, 115, 502, 116, 1, -1, -0.7853981633974483, 1.4142135623730951
1767, 12, 626, 362, 622, 362, 4, 0, 0.0, 4.0
1767, 13, 598, 372, 597, 373, 1, -1, -0.7853981633974483, 1.4142135623730951
1767, 14, 566, 395, 564, 396, 2, -1, -0.4636476090008061, 2.23606797749979
1767, 16, 513, 117, 511, 117, 2, 0, 0.0, 2.0
1767, 18, 489, 392, 487, 392, 2, 0, 0.0, 2.0
1768, 0, 530, 370, 529, 371, 1, -1, -0.7853981633974483, 1.4142135623730951
1768, 1, 516, 341, 514, 342, 2, -1, -0.4636476090008061, 2.23606797749979
1768, 3, 571, 343, 570, 344, 1, -1, -0.7853981633974483, 1.4142135623730951
1768, 7, 605, 330, 603, 330, 2, 0, 0.0, 2.0
1768, 8, 543, 120, 542, 121, 1, -1, -0.7853981633974483, 1.4142135623730951
1768, 9, 518, 368, 517, 369, 1, -1, -0.7853981633974483, 1.4142135623730951
1768, 10, 498, 399, 496, 399, 2, 0, 0.0, 2.0
1768, 11, 504, 114, 503, 115, 1, -1, -0.7853981633974483, 1.4142135623730951
1768, 13, 600, 372, 598, 372, 2, 0, 0.0, 2.0
1768, 15, 515, 116, 513, 117, 2, -1, -0.4636476090008061, 2.23606797749979
1768, 16, 586, 140, 584, 141, 2, -1, -0.4636476090008061, 2.23606797749979
1768, 17, 491, 391, 489, 392, 2, -1, -0.4636476090008061, 2.23606797749979
1768, 18, 586, 366, 585, 367, 1, -1, -0.7853981633974483, 1.4142135623730951
1769, 0, 531, 369, 530, 370, 1, -1, -0.7853981633974483, 1.4142135623730951
1769, 1, 518, 340, 516, 341, 2, -1, -0.4636476090008061, 2.23606797749979
1769, 3, 572, 342, 571, 343, 1, -1, -0.7853981633974483, 1.4142135623730951
1769, 4, 560, 117, 558, 117, 2, 0, 0.0, 2.0
1769, 7, 607, 330, 605, 330, 2, 0, 0.0, 2.0
1769, 8, 544, 119, 543, 120, 1, -1, -0.7853981633974483, 1.4142135623730951
1769, 9, 519, 367, 518, 368, 1, -1, -0.7853981633974483, 1.4142135623730951
1769, 10, 500, 399, 498, 399, 2, 0, 0.0, 2.0
1769, 11, 505, 113, 504, 114, 1, -1, -0.7853981633974483, 1.4142135623730951
1769, 13, 602, 371, 600, 372, 2, -1, -0.4636476090008061, 2.23606797749979
1770, 0, 529, 372, 528, 373, 1, -1, -0.7853981633974483, 1.4142135623730951
1770, 1, 515, 342, 514, 343, 1, -1, -0.7853981633974483, 1.4142135623730951
1770, 5, 505, 116, 504, 117, 1, -1, -0.7853981633974483, 1.4142135623730951
1770, 6, 605, 332, 603, 332, 2, 0, 0.0, 2.0
1770, 7, 544, 122, 543, 123, 1, -1, -0.7853981633974483, 1.4142135623730951
1770, 8, 571, 343, 570, 344, 1, -1, -0.7853981633974483, 1.4142135623730951
1770, 9, 514, 121, 512, 122, 2, -1, -0.4636476090008061, 2.23606797749979
1770, 10, 498, 398, 497, 399, 1, -1, -0.7853981633974483, 1.4142135623730951
1770, 14, 602, 372, 600, 373, 2, -1, -0.4636476090008061, 2.23606797749979
1770, 16, 561, 377, 559, 378, 2, -1, -0.4636476090008061, 2.23606797749979
1770, 17, 569, 396, 567, 397, 2, -1, -0.4636476090008061, 2.23606797749979
1770, 18, 589, 114, 586, 115, 3, -1, -0.3217505543966422, 3.1622776601683795
1770, 19, 611, 135, 608, 136, 3, -1, -0.3217505543966422, 3.1622776601683795
1770, 20, 635, 369, 634, 370, 1, -1, -0.7853981633974483, 1.4142135623730951
1771, 0, 530, 371, 529, 372, 1, -1, -0.7853981633974483, 1.4142135623730951
1771, 1, 517, 341, 515, 342, 2, -1, -0.4636476090008061, 2.23606797749979
1771, 4, 524, 366, 523, 367, 1, -1, -0.7853981633974483, 1.4142135623730951
1771, 6, 607, 331, 605, 332, 2, -1, -0.4636476090008061, 2.23606797749979
1771, 7, 545, 121, 544, 122, 1, -1, -0.7853981633974483, 1.4142135623730951
1771, 8, 572, 342, 571, 343, 1, -1, -0.7853981633974483, 1.4142135623730951
1771, 10, 499, 397, 498, 398, 1, -1, -0.7853981633974483, 1.4142135623730951
1771, 14, 604, 371, 602, 372, 2, -1, -0.4636476090008061, 2.23606797749979
1771, 16, 563, 376, 561, 377, 2, -1, -0.4636476090008061, 2.23606797749979
1771, 18, 592, 114, 589, 114, 3, 0, 0.0, 3.0
1771, 19, 614, 134, 611, 135, 3, -1, -0.3217505543966422, 3.1622776601683795
1771, 21, 596, 328, 595, 329, 1, -1, -0.7853981633974483, 1.4142135623730951
1771, 22, 489, 388, 488, 389, 1, -1, -0.7853981633974483, 1.4142135623730951
1772, 0, 531, 370, 530, 371, 1, -1, -0.7853981633974483, 1.4142135623730951
1772, 1, 518, 340, 517, 341, 1, -1, -0.7853981633974483, 1.4142135623730951
1772, 3, 522, 113, 520, 113, 2, 0, 0.0, 2.0
1772, 5, 506, 114, 505, 115, 1, -1, -0.7853981633974483, 1.4142135623730951
1772, 6, 608, 330, 607, 331, 1, -1, -0.7853981633974483, 1.4142135623730951
1772, 8, 574, 342, 572, 342, 2, 0, 0.0, 2.0
1772, 10, 500, 396, 499, 397, 1, -1, -0.7853981633974483, 1.4142135623730951
1772, 14, 606, 370, 604, 371, 2, -1, -0.4636476090008061, 2.23606797749979
1772, 15, 564, 82, 563, 83, 1, -1, -0.7853981633974483, 1.4142135623730951
1772, 16, 565, 375, 563, 376, 2, -1, -0.4636476090008061, 2.23606797749979
1772, 17, 571, 395, 570, 396, 1, -1, -0.7853981633974483, 1.4142135623730951
1772, 18, 594, 114, 592, 114, 2, 0, 0.0, 2.0
1772, 19, 618, 134, 614, 134, 4, 0, 0.0, 4.0
1772, 21, 597, 327, 596, 328, 1, -1, -0.7853981633974483, 1.4142135623730951
1772, 22, 491, 388, 489, 388, 2, 0, 0.0, 2.0
1773, 0, 533, 369, 531, 370, 2, -1, -0.4636476090008061, 2.23606797749979
1773, 1, 520, 339, 518, 340, 2, -1, -0.4636476090008061, 2.23606797749979
1773, 2, 561, 120, 559, 120, 2, 0, 0.0, 2.0
1773, 4, 526, 365, 525, 366, 1, -1, -0.7853981633974483, 1.4142135623730951
1773, 5, 508, 113, 506, 114, 2, -1, -0.4636476090008061, 2.23606797749979
1773, 6, 609, 329, 608, 330, 1, -1, -0.7853981633974483, 1.4142135623730951
1773, 7, 548, 120, 546, 121, 2, -1, -0.4636476090008061, 2.23606797749979
1773, 8, 576, 341, 574, 342, 2, -1, -0.4636476090008061, 2.23606797749979
1773, 9, 515, 120, 514, 121, 1, -1, -0.7853981633974483, 1.4142135623730951
1773, 10, 502, 395, 500, 396, 2, -1, -0.4636476090008061, 2.23606797749979
1773, 13, 608, 369, 606, 370, 2, -1, -0.4636476090008061, 2.23606797749979
1773, 15, 566, 374, 565, 375, 1, -1, -0.7853981633974483, 1.4142135623730951
1773, 16, 573, 394, 571, 395, 2, -1, -0.4636476090008061, 2.23606797749979
1773, 17, 597, 114, 594, 114, 3, 0, 0.0, 3.0
1773, 20, 598, 326, 597, 327, 1, -1, -0.7853981633974483, 1.4142135623730951
1773, 21, 492, 387, 491, 388, 1, -1, -0.7853981633974483, 1.4142135623730951
1774, 0, 535, 368, 533, 369, 2, -1, -0.4636476090008061, 2.23606797749979
1774, 1, 521, 338, 520, 339, 1, -1, -0.7853981633974483, 1.4142135623730951
1774, 2, 563, 120, 561, 120, 2, 0, 0.0, 2.0
1774, 5, 510, 113, 508, 113, 2, 0, 0.0, 2.0
1774, 6, 610, 328, 609, 329, 1, -1, -0.7853981633974483, 1.4142135623730951
1774, 7, 550, 119, 548, 120, 2, -1, -0.4636476090008061, 2.23606797749979
1774, 8, 579, 340, 576, 341, 3, -1, -0.3217505543966422, 3.1622776601683795
1774, 9, 516, 119, 515, 120, 1, -1, -0.7853981633974483, 1.4142135623730951
1774, 10, 503, 394, 502, 395, 1, -1, -0.7853981633974483, 1.4142135623730951
1774, 14, 567, 81, 565, 82, 2, -1, -0.4636476090008061, 2.23606797749979
1774, 16, 574, 393, 573, 394, 1, -1, -0.7853981633974483, 1.4142135623730951
1774, 17, 599, 114, 597, 114, 2, 0, 0.0, 2.0
1774, 18, 622, 135, 618, 135, 4, 0, 0.0, 4.0
1774, 20, 600, 325, 598, 326, 2, -1, -0.4636476090008061, 2.23606797749979
1774, 21, 493, 386, 492, 387, 1, -1, -0.7853981633974483, 1.4142135623730951
1775, 1, 535, 372, 533, 373, 2, -1, -0.4636476090008061, 2.23606797749979
1775, 2, 525, 366, 524, 367, 1, -1, -0.7853981633974483, 1.4142135623730951
1775, 4, 563, 120, 562, 121, 1, -1, -0.7853981633974483, 1.4142135623730951
1775, 5, 550, 122, 548, 123, 2, -1, -0.4636476090008061, 2.23606797749979
1775, 6, 510, 115, 508, 116, 2, -1, -0.4636476090008061, 2.23606797749979
1775, 7, 610, 331, 608, 332, 2, -1, -0.4636476090008061, 2.23606797749979
1775, 8, 565, 376, 564, 377, 1, -1, -0.7853981633974483, 1.4142135623730951
1775, 11, 503, 398, 502, 399, 1, -1, -0.7853981633974483, 1.4142135623730951
1775, 13, 578, 344, 576, 344, 2, 0, 0.0, 2.0
1775, 14, 609, 371, 608, 372, 1, -1, -0.7853981633974483, 1.4142135623730951
1776, 0, 524, 341, 522, 342, 2, -1, -0.4636476090008061, 2.23606797749979
1776, 1, 537, 371, 535, 372, 2, -1, -0.4636476090008061, 2.23606797749979
1776, 3, 525, 113, 523, 114, 2, -1, -0.4636476090008061, 2.23606797749979
1776, 4, 565, 120, 563, 120, 2, 0, 0.0, 2.0
1776, 5, 552, 121, 550, 122, 2, -1, -0.4636476090008061, 2.23606797749979
1776, 6, 512, 114, 510, 115, 2, -1, -0.4636476090008061, 2.23606797749979
1776, 7, 611, 330, 610, 331, 1, -1, -0.7853981633974483, 1.4142135623730951
1776, 9, 586, 402, 585, 403, 1, -1, -0.7853981633974483, 1.4142135623730951
1776, 10, 514, 120, 513, 121, 1, -1, -0.7853981633974483, 1.4142135623730951
1776, 12, 616, 139, 618, 139, -2, 0, 3.141592653589793, 2.0
1776, 13, 580, 343, 578, 344, 2, -1, -0.4636476090008061, 2.23606797749979
1777, 0, 528, 340, 524, 341, 4, -1, -0.24497866312686414, 4.123105625617661
1777, 1, 539, 370, 537, 371, 2, -1, -0.4636476090008061, 2.23606797749979
1777, 3, 526, 112, 525, 113, 1, -1, -0.7853981633974483, 1.4142135623730951
1777, 5, 554, 120, 552, 121, 2, -1, -0.4636476090008061, 2.23606797749979
1777, 6, 514, 113, 512, 114, 2, -1, -0.4636476090008061, 2.23606797749979
1777, 7, 613, 330, 611, 330, 2, 0, 0.0, 2.0
1777, 8, 568, 375, 566, 376, 2, -1, -0.4636476090008061, 2.23606797749979
1777, 9, 588, 402, 586, 402, 2, 0, 0.0, 2.0
1777, 10, 515, 119, 514, 120, 1, -1, -0.7853981633974483, 1.4142135623730951
1777, 12, 581, 342, 580, 343, 1, -1, -0.7853981633974483, 1.4142135623730951
1778, 0, 530, 340, 528, 340, 2, 0, 0.0, 2.0
1778, 3, 528, 111, 526, 112, 2, -1, -0.4636476090008061, 2.23606797749979
1778, 4, 568, 119, 566, 120, 2, -1, -0.4636476090008061, 2.23606797749979
1778, 5, 556, 120, 554, 120, 2, 0, 0.0, 2.0
1778, 6, 517, 113, 514, 113, 3, 0, 0.0, 3.0
1778, 7, 614, 329, 613, 330, 1, -1, -0.7853981633974483, 1.4142135623730951
1778, 8, 569, 374, 568, 375, 1, -1, -0.7853981633974483, 1.4142135623730951
1778, 9, 591, 402, 588, 402, 3, 0, 0.0, 3.0
1778, 10, 516, 117, 515, 119, 1, -2, -1.1071487177940904, 2.23606797749979
1778, 11, 507, 397, 505, 398, 2, -1, -0.4636476090008061, 2.23606797749979
1778, 12, 582, 341, 581, 342, 1, -1, -0.7853981633974483, 1.4142135623730951
1778, 13, 612, 370, 610, 370, 2, 0, 0.0, 2.0
1779, 0, 532, 340, 530, 340, 2, 0, 0.0, 2.0
1779, 1, 541, 369, 540, 370, 1, -1, -0.7853981633974483, 1.4142135623730951
1779, 3, 529, 110, 528, 111, 1, -1, -0.7853981633974483, 1.4142135623730951
1779, 4, 570, 118, 568, 119, 2, -1, -0.4636476090008061, 2.23606797749979
1779, 5, 559, 119, 556, 120, 3, -1, -0.3217505543966422, 3.1622776601683795
1779, 6, 519, 113, 517, 113, 2, 0, 0.0, 2.0
1779, 7, 615, 328, 614, 329, 1, -1, -0.7853981633974483, 1.4142135623730951
1779, 8, 570, 373, 569, 374, 1, -1, -0.7853981633974483, 1.4142135623730951
1779, 9, 592, 401, 591, 402, 1, -1, -0.7853981633974483, 1.4142135623730951
1779, 10, 517, 116, 516, 117, 1, -1, -0.7853981633974483, 1.4142135623730951
1779, 11, 509, 397, 507, 397, 2, 0, 0.0, 2.0
1779, 12, 583, 340, 582, 341, 1, -1, -0.7853981633974483, 1.4142135623730951
1779, 13, 614, 370, 612, 370, 2, 0, 0.0, 2.0
1780, 0, 527, 340, 525, 341, 2, -1, -0.4636476090008061, 2.23606797749979
1780, 1, 540, 371, 538, 372, 2, -1, -0.4636476090008061, 2.23606797749979
1780, 2, 569, 119, 567, 120, 2, -1, -0.4636476090008061, 2.23606797749979
1780, 3, 529, 112, 527, 113, 2, -1, -0.4636476090008061, 2.23606797749979
1780, 4, 615, 329, 613, 331, 2, -2, -0.7853981633974483, 2.8284271247461903
1780, 5, 635, 362, 634, 363, 1, -1, -0.7853981633974483, 1.4142135623730951
1780, 6, 527, 364, 526, 365, 1, -1, -0.7853981633974483, 1.4142135623730951
1780, 8, 508, 399, 506, 399, 2, 0, 0.0, 2.0
1780, 9, 556, 123, 555, 124, 1, -1, -0.7853981633974483, 1.4142135623730951
1780, 10, 624, 330, 621, 331, 3, -1, -0.3217505543966422, 3.1622776601683795
1780, 13, 583, 342, 581, 342, 2, 0, 0.0, 2.0
1780, 15, 572, 81, 571, 82, 1, -1, -0.7853981633974483, 1.4142135623730951
1780, 16, 618, 140, 615, 141, 3, -1, -0.3217505543966422, 3.1622776601683795
1781, 0, 528, 338, 527, 340, 1, -2, -1.1071487177940904, 2.23606797749979
1781, 1, 542, 370, 540, 371, 2, -1, -0.4636476090008061, 2.23606797749979
1781, 2, 570, 118, 569, 119, 1, -1, -0.7853981633974483, 1.4142135623730951
1781, 3, 530, 111, 529, 112, 1, -1, -0.7853981633974483, 1.4142135623730951
1781, 6, 529, 363, 527, 364, 2, -1, -0.4636476090008061, 2.23606797749979
1781, 7, 572, 377, 570, 377, 2, 0, 0.0, 2.0
1781, 8, 510, 399, 508, 399, 2, 0, 0.0, 2.0
1781, 10, 625, 329, 624, 330, 1, -1, -0.7853981633974483, 1.4142135623730951
1781, 11, 592, 403, 590, 404, 2, -1, -0.4636476090008061, 2.23606797749979
1781, 13, 585, 342, 583, 342, 2, 0, 0.0, 2.0
1781, 16, 621, 141, 618, 140, 3, 1, 0.3217505543966422, 3.1622776601683795
1782, 0, 529, 337, 528, 338, 1, -1, -0.7853981633974483, 1.4142135623730951
1782, 1, 543, 368, 542, 370, 1, -2, -1.1071487177940904, 2.23606797749979
1782, 2, 571, 117, 570, 118, 1, -1, -0.7853981633974483, 1.4142135623730951
1782, 3, 531, 110, 530, 111, 1, -1, -0.7853981633974483, 1.4142135623730951
1782, 4, 617, 328, 616, 329, 1, -1, -0.7853981633974483, 1.4142135623730951
1782, 7, 573, 376, 572, 377, 1, -1, -0.7853981633974483, 1.4142135623730951
1782, 10, 626, 332, 625, 329, 1, 3, 1.2490457723982544, 3.1622776601683795
1782, 11, 594, 402, 592, 403, 2, -1, -0.4636476090008061, 2.23606797749979
1782, 13, 587, 342, 585, 342, 2, 0, 0.0, 2.0
1782, 16, 623, 141, 621, 141, 2, 0, 0.0, 2.0
1783, 0, 531, 336, 529, 337, 2, -1, -0.4636476090008061, 2.23606797749979
1783, 2, 572, 116, 571, 117, 1, -1, -0.7853981633974483, 1.4142135623730951
1783, 3, 533, 109, 531, 110, 2, -1, -0.4636476090008061, 2.23606797749979
1783, 4, 619, 327, 617, 328, 2, -1, -0.4636476090008061, 2.23606797749979
1783, 8, 513, 398, 511, 399, 2, -1, -0.4636476090008061, 2.23606797749979
1783, 10, 628, 330, 626, 332, 2, -2, -0.7853981633974483, 2.8284271247461903
1783, 11, 596, 401, 594, 402, 2, -1, -0.4636476090008061, 2.23606797749979
1783, 13, 589, 342, 587, 342, 2, 0, 0.0, 2.0
1783, 16, 625, 141, 623, 141, 2, 0, 0.0, 2.0
1784, 0, 532, 335, 531, 336, 1, -1, -0.7853981633974483, 1.4142135623730951
1784, 2, 575, 115, 572, 116, 3, -1, -0.3217505543966422, 3.1622776601683795
1784, 3, 534, 108, 533, 109, 1, -1, -0.7853981633974483, 1.4142135623730951
1784, 4, 621, 326, 619, 327, 2, -1, -0.4636476090008061, 2.23606797749979
1784, 7, 575, 375, 574, 376, 1, -1, -0.7853981633974483, 1.4142135623730951
1784, 8, 515, 398, 513, 398, 2, 0, 0.0, 2.0
1784, 9, 561, 123, 559, 123, 2, 0, 0.0, 2.0
1784, 10, 631, 329, 628, 330, 3, -1, -0.3217505543966422, 3.1622776601683795
1784, 11, 597, 400, 596, 401, 1, -1, -0.7853981633974483, 1.4142135623730951
1784, 13, 592, 342, 589, 342, 3, 0, 0.0, 3.0
1784, 16, 627, 141, 625, 141, 2, 0, 0.0, 2.0
1785, 0, 544, 371, 543, 372, 1, -1, -0.7853981633974483, 1.4142135623730951
1785, 1, 533, 339, 531, 340, 2, -1, -0.4636476090008061, 2.23606797749979
1785, 2, 534, 111, 532, 112, 2, -1, -0.4636476090008061, 2.23606797749979
1785, 3, 619, 329, 617, 330, 2, -1, -0.4636476090008061, 2.23606797749979
1785, 4, 575, 118, 573, 119, 2, -1, -0.4636476090008061, 2.23606797749979
1785, 5, 503, 392, 502, 393, 1, -1, -0.7853981633974483, 1.4142135623730951
1785, 8, 520, 118, 519, 119, 1, -1, -0.7853981633974483, 1.4142135623730951
1785, 9, 620, 372, 619, 373, 1, -1, -0.7853981633974483, 1.4142135623730951
1785, 11, 514, 398, 512, 399, 2, -1, -0.4636476090008061, 2.23606797749979
1785, 13, 608, 360, 607, 361, 1, -1, -0.7853981633974483, 1.4142135623730951
1785, 14, 597, 402, 595, 403, 2, -1, -0.4636476090008061, 2.23606797749979
1785, 16, 583, 148, 582, 149, 1, -1, -0.7853981633974483, 1.4142135623730951
1785, 17, 585, 397, 583, 398, 2, -1, -0.4636476090008061, 2.23606797749979
1785, 18, 541, 365, 539, 366, 2, -1, -0.4636476090008061, 2.23606797749979
1785, 19, 611, 327, 610, 328, 1, -1, -0.7853981633974483, 1.4142135623730951
1786, 0, 545, 370, 544, 371, 1, -1, -0.7853981633974483, 1.4142135623730951
1786, 1, 535, 338, 533, 339, 2, -1, -0.4636476090008061, 2.23606797749979
1786, 2, 536, 110, 534, 111, 2, -1, -0.4636476090008061, 2.23606797749979
1786, 3, 620, 328, 619, 329, 1, -1, -0.7853981633974483, 1.4142135623730951
1786, 4, 577, 117, 575, 118, 2, -1, -0.4636476090008061, 2.23606797749979
1786, 7, 590, 342, 589, 343, 1, -1, -0.7853981633974483, 1.4142135623730951
1786, 8, 521, 117, 520, 118, 1, -1, -0.7853981633974483, 1.4142135623730951
1786, 9, 621, 371, 620, 372, 1, -1, -0.7853981633974483, 1.4142135623730951
1786, 10, 577, 378, 575, 378, 2, 0, 0.0, 2.0
1786, 14, 599, 401, 597, 402, 2, -1, -0.4636476090008061, 2.23606797749979
1786, 16, 584, 147, 583, 148, 1, -1, -0.7853981633974483, 1.4142135623730951
1786, 18, 543, 364, 541, 365, 2, -1, -0.4636476090008061, 2.23606797749979
1786, 19, 612, 326, 611, 327, 1, -1, -0.7853981633974483, 1.4142135623730951
1787, 0, 546, 369, 545, 370, 1, -1, -0.7853981633974483, 1.4142135623730951
1787, 1, 536, 337, 535, 338, 1, -1, -0.7853981633974483, 1.4142135623730951
1787, 2, 537, 109, 536, 110, 1, -1, -0.7853981633974483, 1.4142135623730951
1787, 3, 622, 327, 620, 328, 2, -1, -0.4636476090008061, 2.23606797749979
1787, 4, 578, 116, 577, 117, 1, -1, -0.7853981633974483, 1.4142135623730951
1787, 5, 504, 391, 503, 392, 1, -1, -0.7853981633974483, 1.4142135623730951
1787, 6, 563, 125, 561, 125, 2, 0, 0.0, 2.0
1787, 7, 591, 341, 590, 342, 1, -1, -0.7853981633974483, 1.4142135623730951
1787, 8, 522, 116, 521, 117, 1, -1, -0.7853981633974483, 1.4142135623730951
1787, 9, 622, 370, 621, 371, 1, -1, -0.7853981633974483, 1.4142135623730951
1787, 10, 579, 378, 577, 378, 2, 0, 0.0, 2.0
1787, 12, 629, 140, 631, 140, -2, 0, 3.141592653589793, 2.0
1787, 14, 600, 400, 599, 401, 1, -1, -0.7853981633974483, 1.4142135623730951
1787, 15, 577, 82, 575, 82, 2, 0, 0.0, 2.0
1787, 18, 544, 363, 543, 364, 1, -1, -0.7853981633974483, 1.4142135623730951
1787, 19, 613, 325, 612, 326, 1, -1, -0.7853981633974483, 1.4142135623730951
1788, 0, 547, 368, 546, 369, 1, -1, -0.7853981633974483, 1.4142135623730951
1788, 1, 539, 336, 536, 337, 3, -1, -0.3217505543966422, 3.1622776601683795
1788, 2, 538, 108, 537, 109, 1, -1, -0.7853981633974483, 1.4142135623730951
1788, 3, 623, 326, 622, 327, 1, -1, -0.7853981633974483, 1.4142135623730951
1788, 4, 579, 115, 578, 116, 1, -1, -0.7853981633974483, 1.4142135623730951
1788, 7, 592, 340, 591, 341, 1, -1, -0.7853981633974483, 1.4142135623730951
1788, 8, 523, 115, 522, 116, 1, -1, -0.7853981633974483, 1.4142135623730951
1788, 9, 624, 370, 622, 370, 2, 0, 0.0, 2.0
1788, 10, 580, 377, 579, 378, 1, -1, -0.7853981633974483, 1.4142135623730951
1788, 12, 610, 361, 609, 360, 1, 1, 0.7853981633974483, 1.4142135623730951
1788, 13, 602, 399, 600, 400, 2, -1, -0.4636476090008061, 2.23606797749979
1788, 16, 588, 396, 587, 397, 1, -1, -0.7853981633974483, 1.4142135623730951
1788, 18, 614, 324, 613, 325, 1, -1, -0.7853981633974483, 1.4142135623730951
1789, 1, 541, 335, 539, 336, 2, -1, -0.4636476090008061, 2.23606797749979
1789, 2, 540, 108, 538, 108, 2, 0, 0.0, 2.0
1789, 3, 624, 325, 623, 326, 1, -1, -0.7853981633974483, 1.4142135623730951
1789, 4, 580, 114, 579, 115, 1, -1, -0.7853981633974483, 1.4142135623730951
1789, 5, 506, 390, 505, 391, 1, -1, -0.7853981633974483, 1.4142135623730951
1789, 7, 594, 340, 592, 340, 2, 0, 0.0, 2.0
1789, 9, 627, 369, 624, 370, 3, -1, -0.3217505543966422, 3.1622776601683795
1789, 10, 582, 376, 580, 377, 2, -1, -0.4636476090008061, 2.23606797749979
1789, 11, 518, 398, 516, 398, 2, 0, 0.0, 2.0
1789, 12, 613, 360, 610, 361, 3, -1, -0.3217505543966422, 3.1622776601683795
1789, 13, 603, 398, 602, 399, 1, -1, -0.7853981633974483, 1.4142135623730951
1789, 14, 579, 81, 578, 82, 1, -1, -0.7853981633974483, 1.4142135623730951
1789, 17, 545, 361, 544, 362, 1, -1, -0.7853981633974483, 1.4142135623730951
1789, 18, 615, 323, 614, 324, 1, -1, -0.7853981633974483, 1.4142135623730951
1790, 0, 539, 338, 537, 338, 2, 0, 0.0, 2.0
1790, 1, 550, 371, 548, 371, 2, 0, 0.0, 2.0
1790, 4, 624, 329, 623, 330, 1, -1, -0.7853981633974483, 1.4142135623730951
1790, 5, 507, 392, 506, 393, 1, -1, -0.7853981633974483, 1.4142135623730951
1790, 6, 542, 366, 541, 367, 1, -1, -0.7853981633974483, 1.4142135623730951
1790, 7, 580, 377, 579, 378, 1, -1, -0.7853981633974483, 1.4142135623730951
1790, 8, 594, 342, 592, 343, 2, -1, -0.4636476090008061, 2.23606797749979
1790, 9, 517, 398, 516, 399, 1, -1, -0.7853981633974483, 1.4142135623730951
1790, 11, 565, 124, 564, 125, 1, -1, -0.7853981633974483, 1.4142135623730951
1791, 0, 540, 337, 539, 338, 1, -1, -0.7853981633974483, 1.4142135623730951
1791, 1, 552, 371, 550, 371, 2, 0, 0.0, 2.0
1791, 2, 540, 110, 538, 111, 2, -1, -0.4636476090008061, 2.23606797749979
1791, 3, 580, 118, 579, 119, 1, -1, -0.7853981633974483, 1.4142135623730951
1791, 4, 626, 328, 624, 329, 2, -1, -0.4636476090008061, 2.23606797749979
1791, 5, 509, 391, 507, 392, 2, -1, -0.4636476090008061, 2.23606797749979
1791, 6, 544, 366, 542, 366, 2, 0, 0.0, 2.0
1791, 7, 581, 376, 580, 377, 1, -1, -0.7853981633974483, 1.4142135623730951
1791, 8, 597, 341, 594, 342, 3, -1, -0.3217505543966422, 3.1622776601683795
1791, 12, 579, 82, 576, 82, 3, 0, 0.0, 3.0
1791, 13, 526, 119, 524, 119, 2, 0, 0.0, 2.0
1792, 0, 542, 336, 540, 337, 2, -1, -0.4636476090008061, 2.23606797749979
1792, 1, 554, 370, 552, 371, 2, -1, -0.4636476090008061, 2.23606797749979
1792, 2, 541, 109, 540, 110, 1, -1, -0.7853981633974483, 1.4142135623730951
1792, 3, 581, 117, 580, 118, 1, -1, -0.7853981633974483, 1.4142135623730951
1792, 4, 628, 327, 626, 328, 2, -1, -0.4636476090008061, 2.23606797749979
1792, 5, 511, 390, 509, 391, 2, -1, -0.4636476090008061, 2.23606797749979
1792, 6, 545, 365, 544, 366, 1, -1, -0.7853981633974483, 1.4142135623730951
1792, 7, 583, 375, 581, 376, 2, -1, -0.4636476090008061, 2.23606797749979
1792, 8, 599, 341, 597, 341, 2, 0, 0.0, 2.0
1792, 10, 604, 403, 602, 403, 2, 0, 0.0, 2.0
1792, 11, 568, 124, 566, 124, 2, 0, 0.0, 2.0
1792, 13, 528, 119, 526, 119, 2, 0, 0.0, 2.0
1793, 0, 544, 336, 542, 336, 2, 0, 0.0, 2.0
1793, 3, 583, 116, 581, 117, 2, -1, -0.4636476090008061, 2.23606797749979
1793, 5, 513, 389, 511, 390, 2, -1, -0.4636476090008061, 2.23606797749979
1793, 7, 585, 374, 583, 375, 2, -1, -0.4636476090008061, 2.23606797749979
1793, 8, 601, 341, 599, 341, 2, 0, 0.0, 2.0
1793, 11, 570, 123, 568, 124, 2, -1, -0.4636476090008061, 2.23606797749979
1793, 13, 530, 119, 528, 119, 2, 0, 0.0, 2.0
1794, 0, 545, 335, 544, 336, 1, -1, -0.7853981633974483, 1.4142135623730951
1794, 1, 556, 369, 555, 370, 1, -1, -0.7853981633974483, 1.4142135623730951
1794, 3, 585, 116, 583, 116, 2, 0, 0.0, 2.0
1794, 4, 631, 326, 629, 327, 2, -1, -0.4636476090008061, 2.23606797749979
1794, 5, 515, 388, 513, 389, 2, -1, -0.4636476090008061, 2.23606797749979
1794, 6, 547, 364, 546, 365, 1, -1, -0.7853981633974483, 1.4142135623730951
1794, 7, 586, 373, 585, 374, 1, -1, -0.7853981633974483, 1.4142135623730951
1794, 8, 603, 340, 601, 341, 2, -1, -0.4636476090008061, 2.23606797749979
1794, 12, 582, 81, 581, 82, 1, -1, -0.7853981633974483, 1.4142135623730951
1794, 13, 532, 118, 530, 119, 2, -1, -0.4636476090008061, 2.23606797749979
1795, 0, 544, 338, 542, 338, 2, 0, 0.0, 2.0
1795, 1, 557, 372, 554, 372, 3, 0, 0.0, 3.0
1795, 4, 531, 121, 529, 121, 2, 0, 0.0, 2.0
1795, 5, 629, 329, 628, 330, 1, -1, -0.7853981633974483, 1.4142135623730951
1795, 6, 607, 403, 605, 403, 2, 0, 0.0, 2.0
1795, 7, 523, 399, 521, 399, 2, 0, 0.0, 2.0
1795, 9, 630, 117, 628, 117, 2, 0, 0.0, 2.0
1795, 11, 586, 376, 584, 377, 2, -1, -0.4636476090008061, 2.23606797749979
1795, 12, 571, 125, 569, 126, 2, -1, -0.4636476090008061, 2.23606797749979
1795, 14, 632, 371, 630, 371, 2, 0, 0.0, 2.0
1795, 16, 514, 392, 512, 392, 2, 0, 0.0, 2.0
1795, 17, 620, 325, 618, 326, 2, -1, -0.4636476090008061, 2.23606797749979
1796, 0, 545, 337, 544, 338, 1, -1, -0.7853981633974483, 1.4142135623730951
1796, 1, 558, 371, 557, 372, 1, -1, -0.7853981633974483, 1.4142135623730951
1796, 2, 545, 111, 543, 112, 2, -1, -0.4636476090008061, 2.23606797749979
1796, 3, 585, 117, 584, 118, 1, -1, -0.7853981633974483, 1.4142135623730951
1796, 4, 534, 121, 531, 121, 3, 0, 0.0, 3.0
1796, 6, 609, 402, 607, 403, 2, -1, -0.4636476090008061, 2.23606797749979
1796, 7, 525, 399, 523, 399, 2, 0, 0.0, 2.0
1796, 10, 601, 340, 599, 341, 2, -1, -0.4636476090008061, 2.23606797749979
1796, 11, 588, 375, 586, 376, 2, -1, -0.4636476090008061, 2.23606797749979
1796, 12, 573, 124, 571, 125, 2, -1, -0.4636476090008061, 2.23606797749979
1796, 14, 634, 371, 632, 371, 2, 0, 0.0, 2.0
1796, 16, 516, 391, 514, 392, 2, -1, -0.4636476090008061, 2.23606797749979
1796, 17, 621, 324, 620, 325, 1, -1, -0.7853981633974483, 1.4142135623730951
1797, 0, 546, 336, 545, 337, 1, -1, -0.7853981633974483, 1.4142135623730951
1797, 1, 559, 370, 558, 371, 1, -1, -0.7853981633974483, 1.4142135623730951
1797, 2, 547, 111, 545, 111, 2, 0, 0.0, 2.0
1797, 4, 537, 120, 534, 121, 3, -1, -0.3217505543966422, 3.1622776601683795
1797, 5, 631, 328, 630, 329, 1, -1, -0.7853981633974483, 1.4142135623730951
1797, 7, 527, 399, 525, 399, 2, 0, 0.0, 2.0
1797, 8, 546, 365, 545, 366, 1, -1, -0.7853981633974483, 1.4142135623730951
1797, 9, 631, 115, 630, 116, 1, -1, -0.7853981633974483, 1.4142135623730951
1797, 10, 602, 339, 601, 340, 1, -1, -0.7853981633974483, 1.4142135623730951
1797, 11, 589, 374, 588, 375, 1, -1, -0.7853981633974483, 1.4142135623730951
1797, 12, 575, 123, 573, 124, 2, -1, -0.4636476090008061, 2.23606797749979
1797, 14, 635, 370, 634, 371, 1, -1, -0.7853981633974483, 1.4142135623730951
1797, 16, 518, 391, 516, 391, 2, 0, 0.0, 2.0
1797, 17, 623, 323, 621, 324, 2, -1, -0.4636476090008061, 2.23606797749979
1798, 0, 549, 335, 546, 336, 3, -1, -0.3217505543966422, 3.1622776601683795
1798, 1, 560, 369, 559, 370, 1, -1, -0.7853981633974483, 1.4142135623730951
1798, 2, 549, 111, 547, 111, 2, 0, 0.0, 2.0
1798, 3, 587, 116, 586, 117, 1, -1, -0.7853981633974483, 1.4142135623730951
1798, 4, 539, 120, 537, 120, 2, 0, 0.0, 2.0
1798, 5, 632, 327, 631, 328, 1, -1, -0.7853981633974483, 1.4142135623730951
1798, 6, 612, 402, 610, 402, 2, 0, 0.0, 2.0
1798, 7, 529, 399, 527, 399, 2, 0, 0.0, 2.0
1798, 8, 547, 364, 546, 365, 1, -1, -0.7853981633974483, 1.4142135623730951
1798, 10, 603, 338, 602, 339, 1, -1, -0.7853981633974483, 1.4142135623730951
1798, 11, 591, 373, 589, 374, 2, -1, -0.4636476090008061, 2.23606797749979
1798, 12, 576, 122, 575, 123, 1, -1, -0.7853981633974483, 1.4142135623730951
1798, 13, 597, 396, 596, 397, 1, -1, -0.7853981633974483, 1.4142135623730951
1798, 17, 625, 322, 623, 323, 2, -1, -0.4636476090008061, 2.23606797749979
1799, 0, 551, 334, 549, 335, 2, -1, -0.4636476090008061, 2.23606797749979
1799, 3, 588, 115, 587, 116, 1, -1, -0.7853981633974483, 1.4142135623730951
1799, 7, 530, 398, 529, 399, 1, -1, -0.7853981633974483, 1.4142135623730951
1799, 8, 548, 363, 547, 364, 1, -1, -0.7853981633974483, 1.4142135623730951
1799, 9, 633, 113, 631, 114, 2, -1, -0.4636476090008061, 2.23606797749979
1799, 10, 605, 338, 603, 338, 2, 0, 0.0, 2.0
1799, 11, 593, 372, 591, 373, 2, -1, -0.4636476090008061, 2.23606797749979
1799, 17, 627, 321, 625, 322, 2, -1, -0.4636476090008061, 2.23606797749979
1800, 0, 551, 335, 548, 337, 3, -2, -0.5880026035475675, 3.605551275463989
1800, 3, 633, 329, 631, 329, 2, 0, 0.0, 2.0
1800, 4, 549, 112, 547, 112, 2, 0, 0.0, 2.0
1800, 5, 551, 364, 550, 365, 1, -1, -0.7853981633974483, 1.4142135623730951
1800, 6, 574, 124, 573, 125, 1, -1, -0.7853981633974483, 1.4142135623730951
1800, 7, 606, 342, 604, 342, 2, 0, 0.0, 2.0
1800, 15, 543, 117, 541, 118, 2, -1, -0.4636476090008061, 2.23606797749979
1800, 16, 635, 373, 633, 372, 2, 1, 0.4636476090008061, 2.23606797749979
1800, 19, 597, 148, 595, 148, 2, 0, 0.0, 2.0
1801, 0, 552, 334, 551, 335, 1, -1, -0.7853981633974483, 1.4142135623730951
1801, 1, 562, 370, 560, 371, 2, -1, -0.4636476090008061, 2.23606797749979
1801, 2, 591, 120, 589, 120, 2, 0, 0.0, 2.0
1801, 4, 551, 112, 549, 112, 2, 0, 0.0, 2.0
1801, 5, 552, 363, 551, 364, 1, -1, -0.7853981633974483, 1.4142135623730951
1801, 7, 608, 342, 606, 342, 2, 0, 0.0, 2.0
1801, 8, 529, 399, 527, 400, 2, -1, -0.4636476090008061, 2.23606797749979
1801, 9, 592, 375, 591, 376, 1, -1, -0.7853981633974483, 1.4142135623730951
1801, 10, 535, 117, 534, 118, 1, -1, -0.7853981633974483, 1.4142135623730951
1801, 12, 519, 390, 518, 391, 1, -1, -0.7853981633974483, 1.4142135623730951
1801, 13, 613, 403, 611, 403, 2, 0, 0.0, 2.0
1801, 16, 591, 82, 590, 83, 1, -1, -0.7853981633974483, 1.4142135623730951
1801, 17, 601, 396, 600, 397, 1, -1, -0.7853981633974483, 1.4142135623730951
1802, 0, 554, 333, 552, 334, 2, -1, -0.4636476090008061, 2.23606797749979
1802, 1, 564, 369, 562, 370, 2, -1, -0.4636476090008061, 2.23606797749979
1802, 4, 553, 112, 551, 112, 2, 0, 0.0, 2.0
1802, 5, 553, 362, 552, 363, 1, -1, -0.7853981633974483, 1.4142135623730951
1802, 7, 609, 341, 608, 342, 1, -1, -0.7853981633974483, 1.4142135623730951
1802, 8, 530, 398, 529, 399, 1, -1, -0.7853981633974483, 1.4142135623730951
1802, 9, 594, 374, 592, 375, 2, -1, -0.4636476090008061, 2.23606797749979
1802, 13, 615, 403, 613, 403, 2, 0, 0.0, 2.0
1802, 16, 593, 82, 591, 82, 2, 0, 0.0, 2.0
1802, 17, 602, 395, 601, 396, 1, -1, -0.7853981633974483, 1.4142135623730951
1803, 0, 556, 332, 554, 333, 2, -1, -0.4636476090008061, 2.23606797749979
1803, 1, 565, 368, 564, 369, 1, -1, -0.7853981633974483, 1.4142135623730951
1803, 2, 594, 119, 592, 120, 2, -1, -0.4636476090008061, 2.23606797749979
1803, 4, 555, 112, 553, 112, 2, 0, 0.0, 2.0
1803, 5, 555, 361, 553, 362, 2, -1, -0.4636476090008061, 2.23606797749979
1803, 7, 610, 340, 609, 341, 1, -1, -0.7853981633974483, 1.4142135623730951
1803, 8, 531, 397, 530, 398, 1, -1, -0.7853981633974483, 1.4142135623730951
1803, 9, 596, 373, 594, 374, 2, -1, -0.4636476090008061, 2.23606797749979
1803, 11, 621, 144, 619, 144, 2, 0, 0.0, 2.0
1803, 14, 547, 117, 545, 117, 2, 0, 0.0, 2.0
1803, 17, 603, 394, 602, 395, 1, -1, -0.7853981633974483, 1.4142135623730951
1803, 18, 601, 148, 599, 148, 2, 0, 0.0, 2.0
1804, 0, 558, 331, 556, 332, 2, -1, -0.4636476090008061, 2.23606797749979
1804, 1, 567, 367, 565, 368, 2, -1, -0.4636476090008061, 2.23606797749979
1804, 2, 596, 119, 594, 119, 2, 0, 0.0, 2.0
1804, 6, 575, 120, 574, 121, 1, -1, -0.7853981633974483, 1.4142135623730951
1804, 7, 611, 339, 610, 340, 1, -1, -0.7853981633974483, 1.4142135623730951
1804, 8, 532, 396, 531, 397, 1, -1, -0.7853981633974483, 1.4142135623730951
1804, 14, 549, 117, 547, 117, 2, 0, 0.0, 2.0
1804, 16, 596, 82, 594, 82, 2, 0, 0.0, 2.0
1804, 17, 604, 393, 603, 394, 1, -1, -0.7853981633974483, 1.4142135623730951
1804, 18, 604, 148, 601, 148, 3, 0, 0.0, 3.0
1805, 0, 566, 370, 564, 370, 2, 0, 0.0, 2.0
1805, 4, 580, 123, 579, 124, 1, -1, -0.7853981633974483, 1.4142135623730951
1805, 5, 538, 115, 537, 116, 1, -1, -0.7853981633974483, 1.4142135623730951
1805, 6, 635, 371, 638, 372, -3, -1, -2.819842099193151, 3.1622776601683795
1805, 7, 547, 120, 546, 121, 1, -1, -0.7853981633974483, 1.4142135623730951
1805, 8, 596, 376, 595, 377, 1, -1, -0.7853981633974483, 1.4142135623730951
1805, 10, 611, 342, 609, 343, 2, -1, -0.4636476090008061, 2.23606797749979
1805, 13, 624, 369, 622, 369, 2, 0, 0.0, 2.0
1806, 1, 555, 335, 554, 336, 1, -1, -0.7853981633974483, 1.4142135623730951
1806, 2, 554, 112, 553, 113, 1, -1, -0.7853981633974483, 1.4142135623730951
1806, 3, 597, 120, 595, 120, 2, 0, 0.0, 2.0
1806, 4, 581, 122, 580, 123, 1, -1, -0.7853981633974483, 1.4142135623730951
1806, 5, 539, 114, 538, 115, 1, -1, -0.7853981633974483, 1.4142135623730951
1806, 9, 533, 398, 532, 399, 1, -1, -0.7853981633974483, 1.4142135623730951
1806, 10, 613, 341, 611, 342, 2, -1, -0.4636476090008061, 2.23606797749979
1806, 12, 625, 368, 624, 369, 1, -1, -0.7853981633974483, 1.4142135623730951
1807, 0, 569, 369, 567, 370, 2, -1, -0.4636476090008061, 2.23606797749979
1807, 1, 557, 335, 555, 335, 2, 0, 0.0, 2.0
1807, 2, 555, 111, 554, 112, 1, -1, -0.7853981633974483, 1.4142135623730951
1807, 3, 598, 119, 597, 120, 1, -1, -0.7853981633974483, 1.4142135623730951
1807, 4, 582, 121, 581, 122, 1, -1, -0.7853981633974483, 1.4142135623730951
1807, 5, 541, 114, 539, 114, 2, 0, 0.0, 2.0
1807, 7, 548, 118, 547, 119, 1, -1, -0.7853981633974483, 1.4142135623730951
1807, 9, 534, 397, 533, 398, 1, -1, -0.7853981633974483, 1.4142135623730951
1807, 10, 615, 340, 613, 341, 2, -1, -0.4636476090008061, 2.23606797749979
1807, 12, 627, 367, 625, 368, 2, -1, -0.4636476090008061, 2.23606797749979
1808, 1, 559, 333, 557, 335, 2, -2, -0.7853981633974483, 2.8284271247461903
1808, 2, 557, 110, 555, 111, 2, -1, -0.4636476090008061, 2.23606797749979
1808, 3, 599, 118, 598, 119, 1, -1, -0.7853981633974483, 1.4142135623730951
1808, 4, 583, 120, 582, 121, 1, -1, -0.7853981633974483, 1.4142135623730951
1808, 5, 542, 113, 541, 114, 1, -1, -0.7853981633974483, 1.4142135623730951
1808, 8, 599, 375, 598, 376, 1, -1, -0.7853981633974483, 1.4142135623730951
1808, 9, 535, 396, 534, 397, 1, -1, -0.7853981633974483, 1.4142135623730951
1808, 10, 618, 339, 615, 340, 3, -1, -0.3217505543966422, 3.1622776601683795
1808, 11, 620, 402, 619, 403, 1, -1, -0.7853981633974483, 1.4142135623730951
1808, 12, 628, 366, 627, 367, 1, -1, -0.7853981633974483, 1.4142135623730951
1809, 0, 571, 368, 570, 369, 1, -1, -0.7853981633974483, 1.4142135623730951
1809, 1, 562, 334, 559, 333, 3, 1, 0.3217505543966422, 3.1622776601683795
1809, 2, 558, 109, 557, 110, 1, -1, -0.7853981633974483, 1.4142135623730951
1809, 3, 600, 117, 599, 118, 1, -1, -0.7853981633974483, 1.4142135623730951
1809, 4, 585, 119, 583, 120, 2, -1, -0.4636476090008061, 2.23606797749979
1809, 5, 544, 112, 542, 113, 2, -1, -0.4636476090008061, 2.23606797749979
1809, 9, 537, 396, 535, 396, 2, 0, 0.0, 2.0
1809, 10, 620, 339, 618, 339, 2, 0, 0.0, 2.0
1809, 12, 630, 365, 628, 366, 2, -1, -0.4636476090008061, 2.23606797749979
1810, 0, 563, 336, 561, 336, 2, 0, 0.0, 2.0
1810, 1, 571, 368, 569, 369, 2, -1, -0.4636476090008061, 2.23606797749979
1810, 2, 559, 112, 557, 113, 2, -1, -0.4636476090008061, 2.23606797749979
1810, 3, 544, 114, 542, 115, 2, -1, -0.4636476090008061, 2.23606797749979
1810, 4, 600, 118, 598, 119, 2, -1, -0.4636476090008061, 2.23606797749979
1810, 5, 586, 121, 584, 122, 2, -1, -0.4636476090008061, 2.23606797749979
1810, 6, 601, 375, 600, 376, 1, -1, -0.7853981633974483, 1.4142135623730951
1810, 7, 538, 398, 536, 399, 2, -1, -0.4636476090008061, 2.23606797749979
1810, 8, 621, 403, 620, 404, 1, -1, -0.7853981633974483, 1.4142135623730951
1810, 9, 618, 342, 616, 343, 2, -1, -0.4636476090008061, 2.23606797749979
1810, 10, 557, 363, 556, 364, 1, -1, -0.7853981633974483, 1.4142135623730951
1810, 11, 569, 390, 566, 390, 3, 0, 0.0, 3.0
1810, 14, 593, 119, 591, 120, 2, -1, -0.4636476090008061, 2.23606797749979
1811, 0, 565, 335, 563, 336, 2, -1, -0.4636476090008061, 2.23606797749979
1811, 1, 573, 367, 571, 368, 2, -1, -0.4636476090008061, 2.23606797749979
1811, 2, 561, 111, 559, 112, 2, -1, -0.4636476090008061, 2.23606797749979
1811, 3, 546, 113, 544, 114, 2, -1, -0.4636476090008061, 2.23606797749979
1811, 4, 602, 117, 600, 118, 2, -1, -0.4636476090008061, 2.23606797749979
1811, 5, 588, 120, 586, 121, 2, -1, -0.4636476090008061, 2.23606797749979
1811, 6, 602, 374, 601, 375, 1, -1, -0.7853981633974483, 1.4142135623730951
1811, 7, 540, 397, 538, 398, 2, -1, -0.4636476090008061, 2.23606797749979
1811, 8, 623, 402, 621, 403, 2, -1, -0.4636476090008061, 2.23606797749979
1811, 9, 619, 341, 618, 342, 1, -1, -0.7853981633974483, 1.4142135623730951
1811, 11, 571, 391, 569, 390, 2, 1, 0.4636476090008061, 2.23606797749979
1811, 13, 627, 143, 626, 144, 1, -1, -0.7853981633974483, 1.4142135623730951
1811, 14, 595, 118, 593, 119, 2, -1, -0.4636476090008061, 2.23606797749979
1812, 0, 566, 334, 565, 335, 1, -1, -0.7853981633974483, 1.4142135623730951
1812, 2, 563, 110, 561, 111, 2, -1, -0.4636476090008061, 2.23606797749979
1812, 3, 549, 112, 546, 113, 3, -1, -0.3217505543966422, 3.1622776601683795
1812, 4, 604, 116, 602, 117, 2, -1, -0.4636476090008061, 2.23606797749979
1812, 5, 591, 120, 588, 120, 3, 0, 0.0, 3.0
1812, 7, 542, 396, 540, 397, 2, -1, -0.4636476090008061, 2.23606797749979
1812, 8, 625, 401, 623, 402, 2, -1, -0.4636476090008061, 2.23606797749979
1812, 9, 620, 340, 619, 341, 1, -1, -0.7853981633974483, 1.4142135623730951
1812, 10, 559, 362, 558, 363, 1, -1, -0.7853981633974483, 1.4142135623730951
1812, 11, 573, 391, 571, 391, 2, 0, 0.0, 2.0
1812, 12, 634, 118, 630, 117, 4, 1, 0.24497866312686414, 4.123105625617661
1812, 13, 628, 142, 627, 143, 1, -1, -0.7853981633974483, 1.4142135623730951
1813, 0, 568, 334, 566, 334, 2, 0, 0.0, 2.0
1813, 1, 575, 366, 574, 367, 1, -1, -0.7853981633974483, 1.4142135623730951
1813, 2, 565, 110, 563, 110, 2, 0, 0.0, 2.0
1813, 3, 551, 112, 549, 112, 2, 0, 0.0, 2.0
1813, 4, 606, 115, 604, 116, 2, -1, -0.4636476090008061, 2.23606797749979
1813, 5, 594, 119, 591, 120, 3, -1, -0.3217505543966422, 3.1622776601683795
1813, 6, 604, 373, 603, 374, 1, -1, -0.7853981633974483, 1.4142135623730951
1813, 7, 544, 395, 542, 396, 2, -1, -0.4636476090008061, 2.23606797749979
1813, 8, 627, 400, 625, 401, 2, -1, -0.4636476090008061, 2.23606797749979
1813, 9, 621, 339, 620, 340, 1, -1, -0.7853981633974483, 1.4142135623730951
1813, 11, 575, 391, 573, 391, 2, 0, 0.0, 2.0
1813, 13, 630, 141, 628, 142, 2, -1, -0.4636476090008061, 2.23606797749979
1813, 14, 598, 118, 596, 118, 2, 0, 0.0, 2.0
1813, 15, 602, 81, 601, 82, 1, -1, -0.7853981633974483, 1.4142135623730951
1814, 0, 570, 332, 568, 334, 2, -2, -0.7853981633974483, 2.8284271247461903
1814, 1, 577, 366, 575, 366, 2, 0, 0.0, 2.0
1814, 2, 566, 109, 565, 110, 1, -1, -0.7853981633974483, 1.4142135623730951
1814, 3, 554, 112, 551, 112, 3, 0, 0.0, 3.0
1814, 4, 608, 114, 606, 115, 2, -1, -0.4636476090008061, 2.23606797749979
1814, 7, 546, 394, 544, 395, 2, -1, -0.4636476090008061, 2.23606797749979
1814, 8, 628, 399, 627, 400, 1, -1, -0.7853981633974483, 1.4142135623730951
1814, 9, 622, 338, 621, 339, 1, -1, -0.7853981633974483, 1.4142135623730951
1814, 10, 560, 361, 559, 362, 1, -1, -0.7853981633974483, 1.4142135623730951
1814, 11, 576, 392, 575, 391, 1, 1, 0.7853981633974483, 1.4142135623730951
1814, 12, 635, 113, 635, 118, 0, -5, -1.5707963267948966, 5.0
1814, 13, 632, 140, 630, 141, 2, -1, -0.4636476090008061, 2.23606797749979
1814, 14, 600, 117, 598, 118, 2, -1, -0.4636476090008061, 2.23606797749979
1815, 0, 575, 369, 573, 370, 2, -1, -0.4636476090008061, 2.23606797749979
1815, 1, 569, 334, 568, 335, 1, -1, -0.7853981633974483, 1.4142135623730951
1815, 2, 564, 112, 562, 113, 2, -1, -0.4636476090008061, 2.23606797749979
1815, 3, 606, 118, 604, 119, 2, -1, -0.4636476090008061, 2.23606797749979
1815, 4, 592, 124, 591, 125, 1, -1, -0.7853981633974483, 1.4142135623730951
1815, 5, 566, 365, 564, 366, 2, -1, -0.4636476090008061, 2.23606797749979
1815, 6, 616, 395, 614, 395, 2, 0, 0.0, 2.0
1815, 8, 604, 82, 603, 83, 1, -1, -0.7853981633974483, 1.4142135623730951
1815, 9, 543, 397, 541, 398, 2, -1, -0.4636476090008061, 2.23606797749979
1815, 10, 622, 341, 620, 341, 2, 0, 0.0, 2.0
1815, 11, 608, 375, 605, 376, 3, -1, -0.3217505543966422, 3.1622776601683795
1815, 13, 627, 401, 625, 402, 2, -1, -0.4636476090008061, 2.23606797749979
1816, 1, 572, 334, 569, 334, 3, 0, 0.0, 3.0
1816, 2, 566, 111, 564, 112, 2, -1, -0.4636476090008061, 2.23606797749979
1816, 3, 608, 117, 606, 118, 2, -1, -0.4636476090008061, 2.23606797749979
1816, 4, 593, 123, 592, 124, 1, -1, -0.7853981633974483, 1.4142135623730951
1816, 5, 567, 364, 566, 365, 1, -1, -0.7853981633974483, 1.4142135623730951
1816, 6, 618, 394, 616, 395, 2, -1, -0.4636476090008061, 2.23606797749979
1816, 7, 533, 391, 532, 392, 1, -1, -0.7853981633974483, 1.4142135623730951
1816, 10, 624, 341, 622, 341, 2, 0, 0.0, 2.0
1816, 11, 610, 374, 608, 375, 2, -1, -0.4636476090008061, 2.23606797749979
1816, 13, 629, 401, 627, 401, 2, 0, 0.0, 2.0
1816, 14, 612, 151, 610, 151, 2, 0, 0.0, 2.0
1816, 15, 599, 120, 597, 120, 2, 0, 0.0, 2.0
1817, 0, 578, 369, 576, 369, 2, 0, 0.0, 2.0
1817, 1, 574, 333, 572, 334, 2, -1, -0.4636476090008061, 2.23606797749979
1817, 2, 567, 110, 566, 111, 1, -1, -0.7853981633974483, 1.4142135623730951
1817, 3, 610, 116, 608, 117, 2, -1, -0.4636476090008061, 2.23606797749979
1817, 5, 568, 363, 567, 364, 1, -1, -0.7853981633974483, 1.4142135623730951
1817, 6, 620, 393, 618, 394, 2, -1, -0.4636476090008061, 2.23606797749979
1817, 8, 606, 81, 605, 82, 1, -1, -0.7853981633974483, 1.4142135623730951
1817, 9, 545, 396, 544, 397, 1, -1, -0.7853981633974483, 1.4142135623730951
1817, 10, 626, 341, 624, 341, 2, 0, 0.0, 2.0
1817, 13, 631, 400, 629, 401, 2, -1, -0.4636476090008061, 2.23606797749979
1817, 14, 614, 150, 612, 151, 2, -1, -0.4636476090008061, 2.23606797749979
1817, 15, 601, 119, 599, 120, 2, -1, -0.4636476090008061, 2.23606797749979
1817, 16, 619, 148, 618, 149, 1, -1, -0.7853981633974483, 1.4142135623730951
1818, 0, 580, 369, 578, 369, 2, 0, 0.0, 2.0
1818, 1, 576, 332, 574, 333, 2, -1, -0.4636476090008061, 2.23606797749979
1818, 2, 569, 109, 567, 110, 2, -1, -0.4636476090008061, 2.23606797749979
1818, 3, 612, 115, 610, 116, 2, -1, -0.4636476090008061, 2.23606797749979
1818, 5, 569, 362, 568, 363, 1, -1, -0.7853981633974483, 1.4142135623730951
1818, 6, 622, 392, 620, 393, 2, -1, -0.4636476090008061, 2.23606797749979
1818, 7, 535, 390, 534, 391, 1, -1, -0.7853981633974483, 1.4142135623730951
1818, 8, 607, 80, 606, 81, 1, -1, -0.7853981633974483, 1.4142135623730951
1818, 9, 546, 395, 545, 396, 1, -1, -0.7853981633974483, 1.4142135623730951
1818, 10, 628, 340, 626, 341, 2, -1, -0.4636476090008061, 2.23606797749979
1818, 11, 613, 374, 611, 374, 2, 0, 0.0, 2.0
1818, 13, 633, 399, 631, 400, 2, -1, -0.4636476090008061, 2.23606797749979
1818, 15, 603, 118, 601, 119, 2, -1, -0.4636476090008061, 2.23606797749979
1819, 0, 581, 368, 580, 369, 1, -1, -0.7853981633974483, 1.4142135623730951
1819, 2, 571, 108, 569, 109, 2, -1, -0.4636476090008061, 2.23606797749979
1819, 3, 614, 114, 612, 115, 2, -1, -0.4636476090008061, 2.23606797749979
1819, 5, 571, 361, 569, 362, 2, -1, -0.4636476090008061, 2.23606797749979
1819, 6, 623, 390, 622, 392, 1, -2, -1.1071487177940904, 2.23606797749979
1819, 8, 608, 79, 607, 80, 1, -1, -0.7853981633974483, 1.4142135623730951
1819, 9, 547, 394, 546, 395, 1, -1, -0.7853981633974483, 1.4142135623730951
1819, 10, 630, 340, 628, 340, 2, 0, 0.0, 2.0
1819, 11, 614, 373, 613, 374, 1, -1, -0.7853981633974483, 1.4142135623730951
1819, 13, 635, 398, 633, 399, 2, -1, -0.4636476090008061, 2.23606797749979
1819, 15, 605, 117, 603, 118, 2, -1, -0.4636476090008061, 2.23606797749979
1819, 16, 620, 146, 619, 147, 1, -1, -0.7853981633974483, 1.4142135623730951
1820, 0, 581, 369, 579, 370, 2, -1, -0.4636476090008061, 2.23606797749979
1820, 1, 573, 333, 572, 334, 1, -1, -0.7853981633974483, 1.4142135623730951
1820, 2, 569, 111, 567, 112, 2, -1, -0.4636476090008061, 2.23606797749979
1820, 3, 536, 392, 535, 393, 1, -1, -0.7853981633974483, 1.4142135623730951
1820, 4, 611, 117, 610, 118, 1, -1, -0.7853981633974483, 1.4142135623730951
1820, 5, 549, 398, 547, 399, 2, -1, -0.4636476090008061, 2.23606797749979
1820, 6, 554, 118, 553, 119, 1, -1, -0.7853981633974483, 1.4142135623730951
1820, 7, 573, 366, 571, 366, 2, 0, 0.0, 2.0
1820, 8, 610, 81, 609, 82, 1, -1, -0.7853981633974483, 1.4142135623730951
1820, 10, 627, 342, 626, 343, 1, -1, -0.7853981633974483, 1.4142135623730951
1820, 12, 633, 402, 631, 403, 2, -1, -0.4636476090008061, 2.23606797749979
1821, 0, 582, 368, 581, 369, 1, -1, -0.7853981633974483, 1.4142135623730951
1821, 1, 575, 332, 573, 333, 2, -1, -0.4636476090008061, 2.23606797749979
1821, 2, 571, 110, 569, 111, 2, -1, -0.4636476090008061, 2.23606797749979
1821, 3, 537, 391, 536, 392, 1, -1, -0.7853981633974483, 1.4142135623730951
1821, 4, 612, 116, 611, 117, 1, -1, -0.7853981633974483, 1.4142135623730951
1821, 6, 555, 117, 554, 118, 1, -1, -0.7853981633974483, 1.4142135623730951
1821, 7, 574, 365, 573, 366, 1, -1, -0.7853981633974483, 1.4142135623730951
1821, 10, 628, 341, 627, 342, 1, -1, -0.7853981633974483, 1.4142135623730951
1821, 12, 635, 401, 633, 402, 2, -1, -0.4636476090008061, 2.23606797749979
1821, 13, 598, 124, 596, 124, 2, 0, 0.0, 2.0
1822, 0, 584, 368, 582, 368, 2, 0, 0.0, 2.0
1822, 1, 577, 331, 575, 332, 2, -1, -0.4636476090008061, 2.23606797749979
1822, 2, 572, 109, 571, 110, 1, -1, -0.7853981633974483, 1.4142135623730951
1822, 3, 538, 390, 537, 391, 1, -1, -0.7853981633974483, 1.4142135623730951
1822, 4, 613, 115, 612, 116, 1, -1, -0.7853981633974483, 1.4142135623730951
1822, 5, 552, 398, 550, 398, 2, 0, 0.0, 2.0
1822, 8, 613, 81, 611, 81, 2, 0, 0.0, 2.0
1822, 10, 630, 340, 628, 341, 2, -1, -0.4636476090008061, 2.23606797749979
1823, 1, 579, 330, 577, 331, 2, -1, -0.4636476090008061, 2.23606797749979
1823, 2, 573, 108, 572, 109, 1, -1, -0.7853981633974483, 1.4142135623730951
1823, 3, 540, 388, 538, 390, 2, -2, -0.7853981633974483, 2.8284271247461903
1823, 5, 554, 398, 552, 398, 2, 0, 0.0, 2.0
1823, 6, 558, 116, 556, 117, 2, -1, -0.4636476090008061, 2.23606797749979
1823, 7, 576, 364, 575, 365, 1, -1, -0.7853981633974483, 1.4142135623730951
1823, 10, 632, 339, 630, 340, 2, -1, -0.4636476090008061, 2.23606797749979
1824, 0, 587, 367, 585, 368, 2, -1, -0.4636476090008061, 2.23606797749979
1824, 7, 577, 363, 576, 364, 1, -1, -0.7853981633974483, 1.4142135623730951
1824, 8, 615, 80, 614, 81, 1, -1, -0.7853981633974483, 1.4142135623730951
1824, 10, 634, 337, 632, 339, 2, -2, -0.7853981633974483, 2.8284271247461903
1825, 0, 580, 333, 578, 333, 2, 0, 0.0, 2.0
1825, 1, 585, 369, 584, 370, 1, -1, -0.7853981633974483, 1.4142135623730951
1825, 2, 573, 111, 572, 112, 1, -1, -0.7853981633974483, 1.4142135623730951
1825, 3, 617, 119, 615, 119, 2, 0, 0.0, 2.0
1825, 5, 572, 362, 571, 363, 1, -1, -0.7853981633974483, 1.4142135623730951
1825, 6, 634, 341, 631, 342, 3, -1, -0.3217505543966422, 3.1622776601683795
1825, 7, 554, 399, 552, 399, 2, 0, 0.0, 2.0
1825, 8, 543, 392, 541, 392, 2, 0, 0.0, 2.0
1825, 9, 623, 398, 621, 398, 2, 0, 0.0, 2.0
1825, 10, 617, 375, 616, 376, 1, -1, -0.7853981633974483, 1.4142135623730951
1826, 0, 582, 332, 580, 333, 2, -1, -0.4636476090008061, 2.23606797749979
1826, 1, 586, 368, 585, 369, 1, -1, -0.7853981633974483, 1.4142135623730951
1826, 2, 575, 111, 573, 111, 2, 0, 0.0, 2.0
1826, 3, 619, 119, 617, 119, 2, 0, 0.0, 2.0
1826, 5, 573, 361, 572, 362, 1, -1, -0.7853981633974483, 1.4142135623730951
1826, 6, 635, 340, 634, 341, 1, -1, -0.7853981633974483, 1.4142135623730951
1826, 8, 545, 391, 543, 392, 2, -1, -0.4636476090008061, 2.23606797749979
1826, 9, 625, 398, 623, 398, 2, 0, 0.0, 2.0
1826, 10, 619, 374, 617, 375, 2, -1, -0.4636476090008061, 2.23606797749979
1827, 0, 585, 332, 582, 332, 3, 0, 0.0, 3.0
1827, 1, 587, 367, 586, 368, 1, -1, -0.7853981633974483, 1.4142135623730951
1827, 3, 621, 119, 619, 119, 2, 0, 0.0, 2.0
1827, 5, 574, 360, 573, 361, 1, -1, -0.7853981633974483, 1.4142135623730951
1827, 8, 547, 391, 545, 391, 2, 0, 0.0, 2.0
1827, 10, 620, 373, 619, 374, 1, -1, -0.7853981633974483, 1.4142135623730951
1828, 0, 586, 331, 585, 332, 1, -1, -0.7853981633974483, 1.4142135623730951
1828, 1, 588, 366, 587, 367, 1, -1, -0.7853981633974483, 1.4142135623730951
1828, 3, 623, 119, 621, 119, 2, 0, 0.0, 2.0
1828, 8, 549, 391, 547, 391, 2, 0, 0.0, 2.0
1828, 9, 628, 397, 626, 398, 2, -1, -0.4636476090008061, 2.23606797749979
1829, 0, 588, 330, 586, 331, 2, -1, -0.4636476090008061, 2.23606797749979
1829, 2, 578, 110, 577, 111, 1, -1, -0.7853981633974483, 1.4142135623730951
1829, 3, 625, 119, 623, 119, 2, 0, 0.0, 2.0
1829, 7, 559, 398, 557, 399, 2, -1, -0.4636476090008061, 2.23606797749979
1829, 8, 551, 391, 549, 391, 2, 0, 0.0, 2.0
1829, 9, 629, 396, 628, 397, 1, -1, -0.7853981633974483, 1.4142135623730951
1829, 10, 623, 372, 621, 373, 2, -1, -0.4636476090008061, 2.23606797749979
1830, 0, 590, 369, 588, 370, 2, -1, -0.4636476090008061, 2.23606797749979
1830, 1, 585, 332, 583, 333, 2, -1, -0.4636476090008061, 2.23606797749979
1830, 4, 582, 363, 580, 364, 2, -1, -0.4636476090008061, 2.23606797749979
1830, 6, 629, 398, 627, 399, 2, -1, -0.4636476090008061, 2.23606797749979
1830, 7, 606, 125, 605, 126, 1, -1, -0.7853981633974483, 1.4142135623730951
1830, 8, 619, 83, 618, 84, 1, -1, -0.7853981633974483, 1.4142135623730951
1830, 10, 557, 121, 554, 121, 3, 0, 0.0, 3.0
1830, 11, 628, 81, 626, 82, 2, -1, -0.4636476090008061, 2.23606797749979
1830, 14, 566, 364, 564, 363, 2, 1, 0.4636476090008061, 2.23606797749979
1830, 16, 566, 118, 564, 119, 2, -1, -0.4636476090008061, 2.23606797749979
1831, 0, 592, 368, 590, 369, 2, -1, -0.4636476090008061, 2.23606797749979
1831, 1, 587, 330, 585, 332, 2, -2, -0.7853981633974483, 2.8284271247461903
1831, 3, 623, 119, 621, 119, 2, 0, 0.0, 2.0
1831, 4, 584, 362, 582, 363, 2, -1, -0.4636476090008061, 2.23606797749979
1831, 6, 631, 397, 629, 398, 2, -1, -0.4636476090008061, 2.23606797749979
1831, 7, 608, 124, 606, 125, 2, -1, -0.4636476090008061, 2.23606797749979
1831, 8, 621, 83, 619, 83, 2, 0, 0.0, 2.0
1831, 9, 623, 374, 622, 375, 1, -1, -0.7853981633974483, 1.4142135623730951
1831, 10, 559, 121, 557, 121, 2, 0, 0.0, 2.0
1831, 11, 631, 79, 628, 81, 3, -2, -0.5880026035475675, 3.605551275463989
1831, 14, 569, 364, 566, 364, 3, 0, 0.0, 3.0
1831, 16, 567, 117, 566, 118, 1, -1, -0.7853981633974483, 1.4142135623730951
1832, 0, 594, 368, 592, 368, 2, 0, 0.0, 2.0
1832, 1, 590, 330, 587, 330, 3, 0, 0.0, 3.0
1832, 2, 581, 112, 579, 112, 2, 0, 0.0, 2.0
1832, 4, 585, 361, 584, 362, 1, -1, -0.7853981633974483, 1.4142135623730951
1832, 5, 561, 398, 559, 399, 2, -1, -0.4636476090008061, 2.23606797749979
1832, 6, 632, 396, 631, 397, 1, -1, -0.7853981633974483, 1.4142135623730951
1832, 7, 609, 123, 608, 124, 1, -1, -0.7853981633974483, 1.4142135623730951
1832, 8, 623, 82, 621, 83, 2, -1, -0.4636476090008061, 2.23606797749979
1832, 9, 625, 373, 623, 374, 2, -1, -0.4636476090008061, 2.23606797749979
1832, 10, 560, 120, 559, 121, 1, -1, -0.7853981633974483, 1.4142135623730951
1832, 14, 572, 364, 569, 364, 3, 0, 0.0, 3.0
1832, 16, 568, 116, 567, 117, 1, -1, -0.7853981633974483, 1.4142135623730951
1833, 0, 596, 367, 594, 368, 2, -1, -0.4636476090008061, 2.23606797749979
1833, 1, 592, 329, 590, 330, 2, -1, -0.4636476090008061, 2.23606797749979
1833, 2, 583, 112, 581, 112, 2, 0, 0.0, 2.0
1833, 3, 626, 119, 624, 119, 2, 0, 0.0, 2.0
1833, 4, 586, 360, 585, 361, 1, -1, -0.7853981633974483, 1.4142135623730951
1833, 7, 610, 122, 609, 123, 1, -1, -0.7853981633974483, 1.4142135623730951
1833, 8, 625, 81, 623, 82, 2, -1, -0.4636476090008061, 2.23606797749979
1833, 9, 627, 372, 625, 373, 2, -1, -0.4636476090008061, 2.23606797749979
1833, 10, 561, 119, 560, 120, 1, -1, -0.7853981633974483, 1.4142135623730951
1833, 11, 635, 79, 632, 79, 3, 0, 0.0, 3.0
1833, 12, 551, 390, 550, 391, 1, -1, -0.7853981633974483, 1.4142135623730951
1833, 14, 575, 364, 572, 364, 3, 0, 0.0, 3.0
1833, 16, 569, 115, 568, 116, 1, -1, -0.7853981633974483, 1.4142135623730951
1834, 0, 598, 366, 596, 367, 2, -1, -0.4636476090008061, 2.23606797749979
1834, 1, 594, 328, 592, 329, 2, -1, -0.4636476090008061, 2.23606797749979
1834, 4, 587, 359, 586, 360, 1, -1, -0.7853981633974483, 1.4142135623730951
1834, 6, 635, 395, 633, 396, 2, -1, -0.4636476090008061, 2.23606797749979
1834, 7, 611, 121, 610, 122, 1, -1, -0.7853981633974483, 1.4142135623730951
1834, 8, 626, 80, 625, 81, 1, -1, -0.7853981633974483, 1.4142135623730951
1834, 9, 629, 371, 627, 372, 2, -1, -0.4636476090008061, 2.23606797749979
1834, 11, 634, 83, 635, 79, -1, 4, 1.8157749899217608, 4.123105625617661
1834, 14, 575, 362, 575, 364, 0, -2, -1.5707963267948966, 2.0
1835, 0, 592, 330, 590, 332, 2, -2, -0.7853981633974483, 2.8284271247461903
1835, 1, 596, 368, 595, 369, 1, -1, -0.7853981633974483, 1.4142135623730951
1835, 2, 585, 110, 582, 113, 3, -3, -0.7853981633974483, 4.242640687119285
1835, 3, 628, 118, 625, 120, 3, -2, -0.5880026035475675, 3.605551275463989
1835, 4, 568, 118, 566, 118, 2, 0, 0.0, 2.0
1835, 6, 628, 375, 626, 376, 2, -1, -0.4636476090008061, 2.23606797749979
1835, 9, 624, 82, 623, 83, 1, -1, -0.7853981633974483, 1.4142135623730951
1835, 11, 592, 363, 590, 364, 2, -1, -0.4636476090008061, 2.23606797749979
1835, 12, 580, 116, 577, 118, 3, -2, -0.5880026035475675, 3.605551275463989
1836, 0, 594, 329, 592, 330, 2, -1, -0.4636476090008061, 2.23606797749979
1836, 1, 598, 367, 596, 368, 2, -1, -0.4636476090008061, 2.23606797749979
1836, 2, 586, 109, 585, 110, 1, -1, -0.7853981633974483, 1.4142135623730951
1836, 4, 569, 117, 568, 118, 1, -1, -0.7853981633974483, 1.4142135623730951
1836, 5, 612, 123, 611, 124, 1, -1, -0.7853981633974483, 1.4142135623730951
1836, 6, 630, 374, 628, 375, 2, -1, -0.4636476090008061, 2.23606797749979
1836, 8, 563, 398, 562, 399, 1, -1, -0.7853981633974483, 1.4142135623730951
1836, 9, 626, 81, 624, 82, 2, -1, -0.4636476090008061, 2.23606797749979
1836, 10, 635, 395, 634, 396, 1, -1, -0.7853981633974483, 1.4142135623730951
1836, 11, 594, 362, 592, 363, 2, -1, -0.4636476090008061, 2.23606797749979
1836, 12, 582, 116, 580, 116, 2, 0, 0.0, 2.0
1837, 0, 595, 328, 594, 329, 1, -1, -0.7853981633974483, 1.4142135623730951
1837, 1, 600, 366, 598, 367, 2, -1, -0.4636476090008061, 2.23606797749979
1837, 2, 588, 108, 586, 109, 2, -1, -0.4636476090008061, 2.23606797749979
1837, 3, 631, 118, 629, 118, 2, 0, 0.0, 2.0
1837, 4, 570, 116, 569, 117, 1, -1, -0.7853981633974483, 1.4142135623730951
1837, 5, 613, 122, 612, 123, 1, -1, -0.7853981633974483, 1.4142135623730951
1837, 6, 632, 373, 630, 374, 2, -1, -0.4636476090008061, 2.23606797749979
1837, 8, 564, 397, 563, 398, 1, -1, -0.7853981633974483, 1.4142135623730951
1837, 11, 596, 362, 594, 362, 2, 0, 0.0, 2.0
1837, 12, 583, 115, 582, 116, 1, -1, -0.7853981633974483, 1.4142135623730951
1838, 0, 596, 327, 595, 328, 1, -1, -0.7853981633974483, 1.4142135623730951
1838, 1, 601, 365, 600, 366, 1, -1, -0.7853981633974483, 1.4142135623730951
1838, 2, 590, 108, 588, 108, 2, 0, 0.0, 2.0
1838, 4, 571, 115, 570, 116, 1, -1, -0.7853981633974483, 1.4142135623730951
1838, 5, 614, 121, 613, 122, 1, -1, -0.7853981633974483, 1.4142135623730951
1838, 6, 633, 372, 632, 373, 1, -1, -0.7853981633974483, 1.4142135623730951
1838, 7, 585, 360, 584, 361, 1, -1, -0.7853981633974483, 1.4142135623730951
1838, 8, 566, 396, 564, 397, 2, -1, -0.4636476090008061, 2.23606797749979
1838, 11, 597, 361, 596, 362, 1, -1, -0.7853981633974483, 1.4142135623730951
1838, 12, 585, 115, 583, 115, 2, 0, 0.0, 2.0
1839, 0, 598, 327, 596, 327, 2, 0, 0.0, 2.0
1839, 1, 602, 364, 601, 365, 1, -1, -0.7853981633974483, 1.4142135623730951
1839, 2, 592, 107, 590, 108, 2, -1, -0.4636476090008061, 2.23606797749979
1839, 3, 633, 117, 632, 118, 1, -1, -0.7853981633974483, 1.4142135623730951
1839, 5, 615, 120, 614, 121, 1, -1, -0.7853981633974483, 1.4142135623730951
1839, 6, 634, 371, 633, 372, 1, -1, -0.7853981633974483, 1.4142135623730951
1839, 8, 567, 395, 566, 396, 1, -1, -0.7853981633974483, 1.4142135623730951
1839, 9, 629, 80, 628, 81, 1, -1, -0.7853981633974483, 1.4142135623730951
1839, 11, 598, 360, 597, 361, 1, -1, -0.7853981633974483, 1.4142135623730951
1840, 0, 598, 331, 595, 331, 3, 0, 0.0, 3.0
1840, 1, 601, 367, 600, 368, 1, -1, -0.7853981633974483, 1.4142135623730951
1840, 3, 633, 119, 631, 119, 2, 0, 0.0, 2.0
1840, 4, 616, 122, 615, 123, 1, -1, -0.7853981633974483, 1.4142135623730951
1840, 5, 572, 116, 571, 117, 1, -1, -0.7853981633974483, 1.4142135623730951
1840, 6, 633, 373, 632, 374, 1, -1, -0.7853981633974483, 1.4142135623730951
1840, 7, 569, 398, 567, 399, 2, -1, -0.4636476090008061, 2.23606797749979
1840, 10, 579, 121, 577, 122, 2, -1, -0.4636476090008061, 2.23606797749979
1841, 0, 602, 330, 598, 331, 4, -1, -0.24497866312686414, 4.123105625617661
1841, 1, 602, 366, 601, 367, 1, -1, -0.7853981633974483, 1.4142135623730951
1841, 3, 635, 119, 633, 119, 2, 0, 0.0, 2.0
1841, 4, 617, 121, 616, 122, 1, -1, -0.7853981633974483, 1.4142135623730951
1841, 5, 573, 115, 572, 116, 1, -1, -0.7853981633974483, 1.4142135623730951
1841, 6, 634, 372, 633, 373, 1, -1, -0.7853981633974483, 1.4142135623730951
1841, 7, 571, 398, 569, 398, 2, 0, 0.0, 2.0
1841, 8, 594, 365, 592, 365, 2, 0, 0.0, 2.0
1841, 10, 580, 120, 579, 121, 1, -1, -0.7853981633974483, 1.4142135623730951
1841, 11, 558, 390, 557, 391, 1, -1, -0.7853981633974483, 1.4142135623730951
1842, 4, 618, 120, 617, 121, 1, -1, -0.7853981633974483, 1.4142135623730951
1842, 5, 574, 114, 573, 115, 1, -1, -0.7853981633974483, 1.4142135623730951
1842, 7, 572, 397, 571, 398, 1, -1, -0.7853981633974483, 1.4142135623730951
1842, 8, 596, 364, 594, 365, 2, -1, -0.4636476090008061, 2.23606797749979
1842, 10, 581, 119, 580, 120, 1, -1, -0.7853981633974483, 1.4142135623730951
1843, 0, 605, 330, 602, 330, 3, 0, 0.0, 3.0
1843, 1, 605, 365, 603, 366, 2, -1, -0.4636476090008061, 2.23606797749979
1843, 4, 619, 119, 618, 120, 1, -1, -0.7853981633974483, 1.4142135623730951
1843, 5, 576, 113, 574, 114, 2, -1, -0.4636476090008061, 2.23606797749979
1843, 7, 574, 397, 572, 397, 2, 0, 0.0, 2.0
1843, 8, 597, 363, 596, 364, 1, -1, -0.7853981633974483, 1.4142135623730951
1843, 9, 630, 81, 629, 82, 1, -1, -0.7853981633974483, 1.4142135623730951
1843, 10, 582, 118, 581, 119, 1, -1, -0.7853981633974483, 1.4142135623730951
1844, 0, 606, 329, 605, 330, 1, -1, -0.7853981633974483, 1.4142135623730951
1844, 4, 621, 118, 619, 119, 2, -1, -0.4636476090008061, 2.23606797749979
1844, 5, 578, 112, 576, 113, 2, -1, -0.4636476090008061, 2.23606797749979
1844, 7, 575, 396, 574, 397, 1, -1, -0.7853981633974483, 1.4142135623730951
1844, 8, 598, 362, 597, 363, 1, -1, -0.7853981633974483, 1.4142135623730951
1844, 9, 632, 80, 630, 81, 2, -1, -0.4636476090008061, 2.23606797749979
1844, 10, 583, 117, 582, 118, 1, -1, -0.7853981633974483, 1.4142135623730951
1845, 0, 603, 331, 602, 332, 1, -1, -0.7853981633974483, 1.4142135623730951
1845, 1, 604, 369, 602, 369, 2, 0, 0.0, 2.0
1845, 3, 578, 115, 576, 116, 2, -1, -0.4636476090008061, 2.23606797749979
1845, 5, 622, 122, 620, 123, 2, -1, -0.4636476090008061, 2.23606797749979
1845, 7, 596, 363, 595, 364, 1, -1, -0.7853981633974483, 1.4142135623730951
1845, 8, 572, 398, 571, 399, 1, -1, -0.7853981633974483, 1.4142135623730951
1845, 10, 635, 374, 634, 375, 1, -1, -0.7853981633974483, 1.4142135623730951
1846, 0, 605, 330, 603, 331, 2, -1, -0.4636476090008061, 2.23606797749979
1846, 1, 605, 368, 604, 369, 1, -1, -0.7853981633974483, 1.4142135623730951
1846, 2, 596, 112, 594, 113, 2, -1, -0.4636476090008061, 2.23606797749979
1846, 3, 580, 114, 578, 115, 2, -1, -0.4636476090008061, 2.23606797749979
1846, 5, 624, 121, 622, 122, 2, -1, -0.4636476090008061, 2.23606797749979
1846, 6, 563, 391, 562, 392, 1, -1, -0.7853981633974483, 1.4142135623730951
1846, 7, 597, 362, 596, 363, 1, -1, -0.7853981633974483, 1.4142135623730951
1846, 8, 573, 397, 572, 398, 1, -1, -0.7853981633974483, 1.4142135623730951
1846, 9, 633, 83, 631, 83, 2, 0, 0.0, 2.0
1847, 0, 607, 328, 605, 330, 2, -2, -0.7853981633974483, 2.8284271247461903
1847, 1, 607, 368, 605, 368, 2, 0, 0.0, 2.0
1847, 2, 598, 111, 596, 112, 2, -1, -0.4636476090008061, 2.23606797749979
1847, 3, 582, 113, 580, 114, 2, -1, -0.4636476090008061, 2.23606797749979
1847, 5, 626, 120, 624, 121, 2, -1, -0.4636476090008061, 2.23606797749979
1847, 7, 598, 361, 597, 362, 1, -1, -0.7853981633974483, 1.4142135623730951
1847, 8, 575, 397, 573, 397, 2, 0, 0.0, 2.0
1847, 9, 635, 83, 633, 83, 2, 0, 0.0, 2.0
1848, 0, 608, 327, 607, 328, 1, -1, -0.7853981633974483, 1.4142135623730951
1848, 1, 609, 367, 607, 368, 2, -1, -0.4636476090008061, 2.23606797749979
1848, 2, 600, 110, 598, 111, 2, -1, -0.4636476090008061, 2.23606797749979
1848, 3, 585, 112, 582, 113, 3, -1, -0.3217505543966422, 3.1622776601683795
1848, 5, 628, 119, 626, 120, 2, -1, -0.4636476090008061, 2.23606797749979
1848, 7, 600, 360, 598, 361, 2, -1, -0.4636476090008061, 2.23606797749979
1848, 8, 576, 396, 575, 397, 1, -1, -0.7853981633974483, 1.4142135623730951
1849, 0, 610, 327, 608, 327, 2, 0, 0.0, 2.0
1849, 1, 611, 366, 609, 367, 2, -1, -0.4636476090008061, 2.23606797749979
1849, 2, 601, 109, 600, 110, 1, -1, -0.7853981633974483, 1.4142135623730951
1849, 3, 587, 112, 585, 112, 2, 0, 0.0, 2.0
1849, 5, 630, 118, 628, 119, 2, -1, -0.4636476090008061, 2.23606797749979
1849, 6, 566, 390, 565, 391, 1, -1, -0.7853981633974483, 1.4142135623730951
1849, 7, 602, 359, 600, 360, 2, -1, -0.4636476090008061, 2.23606797749979
1850, 0, 611, 369, 609, 369, 2, 0, 0.0, 2.0
1850, 1, 610, 331, 608, 332, 2, -1, -0.4636476090008061, 2.23606797749979
1850, 2, 600, 113, 598, 113, 2, 0, 0.0, 2.0
1850, 3, 630, 119, 627, 120, 3, -1, -0.3217505543966422, 3.1622776601683795
1850, 4, 566, 391, 565, 392, 1, -1, -0.7853981633974483, 1.4142135623730951
1850, 5, 582, 116, 581, 117, 1, -1, -0.7853981633974483, 1.4142135623730951
1850, 7, 601, 363, 599, 364, 2, -1, -0.4636476090008061, 2.23606797749979
1850, 9, 635, 121, 636, 122, -1, -1, -2.356194490192345, 1.4142135623730951
1851, 0, 613, 368, 611, 369, 2, -1, -0.4636476090008061, 2.23606797749979
1851, 1, 612, 330, 610, 331, 2, -1, -0.4636476090008061, 2.23606797749979
1851, 2, 602, 112, 600, 113, 2, -1, -0.4636476090008061, 2.23606797749979
1851, 3, 633, 119, 630, 119, 3, 0, 0.0, 3.0
1851, 4, 568, 390, 566, 391, 2, -1, -0.4636476090008061, 2.23606797749979
1851, 6, 579, 398, 578, 399, 1, -1, -0.7853981633974483, 1.4142135623730951
1852, 0, 614, 367, 613, 368, 1, -1, -0.7853981633974483, 1.4142135623730951
1852, 1, 614, 328, 612, 330, 2, -2, -0.7853981633974483, 2.8284271247461903
1852, 2, 604, 111, 602, 112, 2, -1, -0.4636476090008061, 2.23606797749979
1852, 3, 635, 118, 633, 119, 2, -1, -0.4636476090008061, 2.23606797749979
1852, 4, 570, 389, 568, 390, 2, -1, -0.4636476090008061, 2.23606797749979
1852, 6, 581, 398, 579, 398, 2, 0, 0.0, 2.0
1852, 10, 623, 365, 621, 365, 2, 0, 0.0, 2.0
1853, 0, 616, 366, 614, 367, 2, -1, -0.4636476090008061, 2.23606797749979
1853, 1, 616, 328, 614, 328, 2, 0, 0.0, 2.0
1853, 2, 606, 110, 604, 111, 2, -1, -0.4636476090008061, 2.23606797749979
1853, 4, 572, 388, 570, 389, 2, -1, -0.4636476090008061, 2.23606797749979
1853, 6, 583, 398, 581, 398, 2, 0, 0.0, 2.0
1853, 7, 604, 362, 603, 363, 1, -1, -0.7853981633974483, 1.4142135623730951
1854, 2, 607, 109, 606, 110, 1, -1, -0.7853981633974483, 1.4142135623730951
1854, 7, 605, 361, 604, 362, 1, -1, -0.7853981633974483, 1.4142135623730951
1855, 1, 616, 368, 615, 369, 1, -1, -0.7853981633974483, 1.4142135623730951
1855, 2, 605, 111, 603, 112, 2, -1, -0.4636476090008061, 2.23606797749979
1855, 3, 572, 391, 570, 392, 2, -1, -0.4636476090008061, 2.23606797749979
1855, 5, 580, 398, 578, 399, 2, -1, -0.4636476090008061, 2.23606797749979
1855, 7, 607, 362, 606, 363, 1, -1, -0.7853981633974483, 1.4142135623730951
1856, 0, 617, 330, 615, 330, 2, 0, 0.0, 2.0
1856, 2, 606, 110, 605, 111, 1, -1, -0.7853981633974483, 1.4142135623730951
1856, 3, 574, 390, 572, 391, 2, -1, -0.4636476090008061, 2.23606797749979
1856, 5, 582, 398, 580, 398, 2, 0, 0.0, 2.0
1857, 0, 619, 329, 617, 330, 2, -1, -0.4636476090008061, 2.23606797749979
1857, 2, 607, 109, 606, 110, 1, -1, -0.7853981633974483, 1.4142135623730951
1857, 3, 576, 390, 574, 390, 2, 0, 0.0, 2.0
1857, 4, 591, 118, 590, 119, 1, -1, -0.7853981633974483, 1.4142135623730951
1857, 5, 584, 398, 582, 398, 2, 0, 0.0, 2.0
1857, 6, 635, 124, 633, 124, 2, 0, 0.0, 2.0
1858, 0, 621, 329, 619, 329, 2, 0, 0.0, 2.0
1858, 1, 619, 367, 618, 368, 1, -1, -0.7853981633974483, 1.4142135623730951
1858, 2, 609, 108, 607, 109, 2, -1, -0.4636476090008061, 2.23606797749979
1858, 3, 578, 390, 576, 390, 2, 0, 0.0, 2.0
1859, 0, 623, 328, 621, 329, 2, -1, -0.4636476090008061, 2.23606797749979
1859, 2, 611, 108, 609, 108, 2, 0, 0.0, 2.0
1859, 4, 593, 117, 592, 118, 1, -1, -0.7853981633974483, 1.4142135623730951
1859, 7, 611, 361, 610, 362, 1, -1, -0.7853981633974483, 1.4142135623730951
1860, 0, 620, 367, 618, 368, 2, -1, -0.4636476090008061, 2.23606797749979
1860, 1, 621, 329, 620, 330, 1, -1, -0.7853981633974483, 1.4142135623730951
1860, 2, 609, 111, 608, 112, 1, -1, -0.7853981633974483, 1.4142135623730951
1860, 3, 635, 124, 637, 124, -2, 0, 3.141592653589793, 2.0
1860, 4, 612, 362, 610, 363, 2, -1, -0.4636476090008061, 2.23606797749979
1860, 5, 589, 399, 587, 399, 2, 0, 0.0, 2.0
1860, 6, 592, 118, 591, 119, 1, -1, -0.7853981633974483, 1.4142135623730951
1861, 0, 622, 366, 620, 367, 2, -1, -0.4636476090008061, 2.23606797749979
1861, 1, 622, 328, 621, 329, 1, -1, -0.7853981633974483, 1.4142135623730951
1861, 2, 610, 110, 609, 111, 1, -1, -0.7853981633974483, 1.4142135623730951
1861, 4, 613, 361, 612, 362, 1, -1, -0.7853981633974483, 1.4142135623730951
1861, 5, 591, 398, 589, 399, 2, -1, -0.4636476090008061, 2.23606797749979
1862, 0, 624, 365, 622, 366, 2, -1, -0.4636476090008061, 2.23606797749979
1862, 1, 623, 327, 622, 328, 1, -1, -0.7853981633974483, 1.4142135623730951
1862, 2, 611, 109, 610, 110, 1, -1, -0.7853981633974483, 1.4142135623730951
1862, 3, 614, 360, 613, 361, 1, -1, -0.7853981633974483, 1.4142135623730951
1862, 4, 592, 397, 591, 398, 1, -1, -0.7853981633974483, 1.4142135623730951
1862, 5, 595, 117, 593, 118, 2, -1, -0.4636476090008061, 2.23606797749979
1863, 0, 626, 364, 624, 365, 2, -1, -0.4636476090008061, 2.23606797749979
1863, 1, 625, 326, 623, 327, 2, -1, -0.4636476090008061, 2.23606797749979
1863, 2, 613, 108, 611, 109, 2, -1, -0.4636476090008061, 2.23606797749979
1863, 3, 616, 359, 614, 360, 2, -1, -0.4636476090008061, 2.23606797749979
1863, 5, 598, 116, 595, 117, 3, -1, -0.3217505543966422, 3.1622776601683795
1864, 0, 628, 363, 626, 364, 2, -1, -0.4636476090008061, 2.23606797749979
1864, 1, 628, 325, 625, 326, 3, -1, -0.3217505543966422, 3.1622776601683795
1864, 3, 618, 359, 616, 359, 2, 0, 0.0, 2.0
1864, 4, 594, 396, 593, 397, 1, -1, -0.7853981633974483, 1.4142135623730951
1865, 0, 628, 329, 626, 330, 2, -1, -0.4636476090008061, 2.23606797749979
1865, 1, 627, 367, 625, 368, 2, -1, -0.4636476090008061, 2.23606797749979
1865, 2, 615, 112, 613, 112, 2, 0, 0.0, 2.0
1865, 5, 615, 364, 613, 365, 2, -1, -0.4636476090008061, 2.23606797749979
1866, 0, 629, 328, 628, 329, 1, -1, -0.7853981633974483, 1.4142135623730951
1866, 3, 593, 398, 592, 399, 1, -1, -0.7853981633974483, 1.4142135623730951
1866, 4, 599, 119, 597, 120, 2, -1, -0.4636476090008061, 2.23606797749979
1866, 5, 617, 363, 615, 364, 2, -1, -0.4636476090008061, 2.23606797749979
1867, 0, 632, 327, 629, 328, 3, -1, -0.3217505543966422, 3.1622776601683795
1867, 1, 630, 366, 628, 367, 2, -1, -0.4636476090008061, 2.23606797749979
1867, 2, 618, 112, 616, 112, 2, 0, 0.0, 2.0
1867, 4, 601, 119, 599, 119, 2, 0, 0.0, 2.0
1868, 0, 634, 327, 632, 327, 2, 0, 0.0, 2.0
1868, 1, 631, 365, 630, 366, 1, -1, -0.7853981633974483, 1.4142135623730951
1868, 2, 620, 111, 618, 112, 2, -1, -0.4636476090008061, 2.23606797749979
1868, 3, 595, 397, 594, 398, 1, -1, -0.7853981633974483, 1.4142135623730951
1868, 4, 602, 118, 601, 119, 1, -1, -0.7853981633974483, 1.4142135623730951
1868, 5, 619, 362, 618, 363, 1, -1, -0.7853981633974483, 1.4142135623730951
1869, 0, 635, 326, 634, 327, 1, -1, -0.7853981633974483, 1.4142135623730951
1869, 1, 632, 364, 631, 365, 1, -1, -0.7853981633974483, 1.4142135623730951
1869, 2, 622, 111, 620, 111, 2, 0, 0.0, 2.0
1869, 4, 604, 118, 602, 118, 2, 0, 0.0, 2.0
1869, 5, 620, 361, 619, 362, 1, -1, -0.7853981633974483, 1.4142135623730951
1870, 0, 634, 328, 632, 328, 2, 0, 0.0, 2.0
1870, 1, 629, 367, 628, 368, 1, -1, -0.7853981633974483, 1.4142135623730951
1870, 4, 594, 398, 593, 399, 1, -1, -0.7853981633974483, 1.4142135623730951
1870, 5, 622, 362, 621, 363, 1, -1, -0.7853981633974483, 1.4142135623730951
1870, 7, 586, 392, 584, 393, 2, -1, -0.4636476090008061, 2.23606797749979
1871, 1, 630, 366, 629, 367, 1, -1, -0.7853981633974483, 1.4142135623730951
1871, 4, 595, 397, 594, 398, 1, -1, -0.7853981633974483, 1.4142135623730951
1871, 6, 628, 390, 626, 390, 2, 0, 0.0, 2.0
1871, 7, 587, 391, 586, 392, 1, -1, -0.7853981633974483, 1.4142135623730951
1872, 1, 631, 365, 630, 366, 1, -1, -0.7853981633974483, 1.4142135623730951
1872, 2, 622, 112, 620, 112, 2, 0, 0.0, 2.0
1872, 4, 597, 397, 595, 397, 2, 0, 0.0, 2.0
1872, 5, 625, 362, 623, 362, 2, 0, 0.0, 2.0
1872, 6, 629, 391, 628, 390, 1, 1, 0.7853981633974483, 1.4142135623730951
1873, 4, 599, 396, 597, 397, 2, -1, -0.4636476090008061, 2.23606797749979
1873, 5, 626, 361, 625, 362, 1, -1, -0.7853981633974483, 1.4142135623730951
1874, 2, 625, 112, 623, 112, 2, 0, 0.0, 2.0
1874, 4, 602, 396, 599, 396, 3, 0, 0.0, 3.0
1874, 5, 627, 360, 626, 361, 1, -1, -0.7853981633974483, 1.4142135623730951
1875, 1, 625, 113, 623, 113, 2, 0, 0.0, 2.0
1875, 2, 607, 115, 606, 116, 1, -1, -0.7853981633974483, 1.4142135623730951
1875, 3, 626, 362, 625, 363, 1, -1, -0.7853981633974483, 1.4142135623730951
1875, 4, 605, 398, 603, 399, 2, -1, -0.4636476090008061, 2.23606797749979
1875, 5, 592, 391, 590, 392, 2, -1, -0.4636476090008061, 2.23606797749979
1875, 7, 635, 329, 637, 330, -2, -1, -2.677945044588987, 2.23606797749979
1876, 2, 608, 114, 607, 115, 1, -1, -0.7853981633974483, 1.4142135623730951
1876, 3, 627, 361, 626, 362, 1, -1, -0.7853981633974483, 1.4142135623730951
1876, 4, 607, 398, 605, 398, 2, 0, 0.0, 2.0
1876, 5, 593, 390, 592, 391, 1, -1, -0.7853981633974483, 1.4142135623730951
1876, 6, 615, 119, 614, 120, 1, -1, -0.7853981633974483, 1.4142135623730951
1877, 1, 627, 112, 626, 113, 1, -1, -0.7853981633974483, 1.4142135623730951
1877, 2, 609, 113, 608, 114, 1, -1, -0.7853981633974483, 1.4142135623730951
1877, 3, 629, 360, 627, 361, 2, -1, -0.4636476090008061, 2.23606797749979
1877, 4, 608, 397, 607, 398, 1, -1, -0.7853981633974483, 1.4142135623730951
1878, 1, 628, 111, 627, 112, 1, -1, -0.7853981633974483, 1.4142135623730951
1878, 2, 611, 112, 609, 113, 2, -1, -0.4636476090008061, 2.23606797749979
1878, 3, 631, 359, 629, 360, 2, -1, -0.4636476090008061, 2.23606797749979
1878, 5, 595, 389, 594, 390, 1, -1, -0.7853981633974483, 1.4142135623730951
1878, 6, 616, 117, 615, 118, 1, -1, -0.7853981633974483, 1.4142135623730951
1879, 2, 613, 111, 611, 112, 2, -1, -0.4636476090008061, 2.23606797749979
1879, 3, 633, 358, 631, 359, 2, -1, -0.4636476090008061, 2.23606797749979
1879, 4, 610, 396, 609, 397, 1, -1, -0.7853981633974483, 1.4142135623730951
1879, 5, 596, 388, 595, 389, 1, -1, -0.7853981633974483, 1.4142135623730951
1879, 6, 617, 116, 616, 117, 1, -1, -0.7853981633974483, 1.4142135623730951
1880, 0, 629, 112, 628, 113, 1, -1, -0.7853981633974483, 1.4142135623730951
1880, 1, 613, 114, 611, 115, 2, -1, -0.4636476090008061, 2.23606797749979
1880, 2, 632, 362, 630, 362, 2, 0, 0.0, 2.0
1880, 4, 635, 366, 637, 367, -2, -1, -2.677945044588987, 2.23606797749979
1880, 5, 610, 398, 608, 398, 2, 0, 0.0, 2.0
1880, 6, 622, 358, 619, 358, 3, 0, 0.0, 3.0
1881, 0, 631, 111, 629, 112, 2, -1, -0.4636476090008061, 2.23606797749979
1881, 1, 615, 113, 613, 114, 2, -1, -0.4636476090008061, 2.23606797749979
1881, 2, 634, 360, 632, 362, 2, -2, -0.7853981633974483, 2.8284271247461903
1881, 3, 597, 391, 596, 392, 1, -1, -0.7853981633974483, 1.4142135623730951
1881, 6, 620, 360, 622, 358, -2, 2, 2.356194490192345, 2.8284271247461903
1882, 0, 633, 110, 631, 111, 2, -1, -0.4636476090008061, 2.23606797749979
1882, 1, 618, 112, 615, 113, 3, -1, -0.3217505543966422, 3.1622776601683795
1882, 2, 635, 359, 634, 360, 1, -1, -0.7853981633974483, 1.4142135623730951
1882, 5, 612, 397, 611, 398, 1, -1, -0.7853981633974483, 1.4142135623730951
1883, 0, 635, 109, 633, 110, 2, -1, -0.4636476090008061, 2.23606797749979
1883, 1, 620, 112, 618, 112, 2, 0, 0.0, 2.0
1883, 3, 600, 390, 598, 391, 2, -1, -0.4636476090008061, 2.23606797749979
1883, 5, 614, 397, 612, 397, 2, 0, 0.0, 2.0
1884, 1, 622, 112, 620, 112, 2, 0, 0.0, 2.0
1884, 3, 602, 389, 600, 390, 2, -1, -0.4636476090008061, 2.23606797749979
1885, 0, 634, 111, 633, 112, 1, -1, -0.7853981633974483, 1.4142135623730951
1885, 3, 602, 391, 600, 392, 2, -1, -0.4636476090008061, 2.23606797749979
1885, 4, 615, 398, 613, 398, 2, 0, 0.0, 2.0
1885, 5, 612, 118, 610, 118, 2, 0, 0.0, 2.0
1885, 7, 592, 387, 589, 388, 3, -1, -0.3217505543966422, 3.1622776601683795
1886, 0, 635, 110, 634, 111, 1, -1, -0.7853981633974483, 1.4142135623730951
1886, 1, 619, 117, 618, 118, 1, -1, -0.7853981633974483, 1.4142135623730951
1886, 3, 604, 390, 602, 391, 2, -1, -0.4636476090008061, 2.23606797749979
1886, 7, 595, 386, 592, 387, 3, -1, -0.3217505543966422, 3.1622776601683795
1886, 8, 610, 390, 609, 391, 1, -1, -0.7853981633974483, 1.4142135623730951
1887, 3, 606, 390, 604, 390, 2, 0, 0.0, 2.0
1887, 4, 618, 397, 616, 398, 2, -1, -0.4636476090008061, 2.23606797749979
1887, 5, 613, 117, 612, 118, 1, -1, -0.7853981633974483, 1.4142135623730951
1887, 6, 622, 360, 620, 360, 2, 0, 0.0, 2.0
1887, 7, 597, 385, 595, 386, 2, -1, -0.4636476090008061, 2.23606797749979
1887, 8, 611, 389, 610, 390, 1, -1, -0.7853981633974483, 1.4142135623730951
1888, 3, 608, 390, 606, 390, 2, 0, 0.0, 2.0
1888, 4, 620, 397, 618, 397, 2, 0, 0.0, 2.0
1888, 6, 625, 360, 622, 360, 3, 0, 0.0, 3.0
1888, 7, 598, 386, 597, 385, 1, 1, 0.7853981633974483, 1.4142135623730951
1889, 1, 620, 118, 619, 117, 1, 1, 0.7853981633974483, 1.4142135623730951
1889, 3, 610, 390, 608, 390, 2, 0, 0.0, 2.0
1889, 7, 602, 386, 598, 386, 4, 0, 0.0, 4.0
1890, 0, 620, 399, 618, 399, 2, 0, 0.0, 2.0
1890, 1, 624, 118, 622, 118, 2, 0, 0.0, 2.0
1890, 2, 634, 113, 632, 114, 2, -1, -0.4636476090008061, 2.23606797749979
1890, 4, 628, 361, 624, 362, 4, -1, -0.24497866312686414, 4.123105625617661
1891, 0, 622, 399, 620, 399, 2, 0, 0.0, 2.0
1891, 1, 625, 117, 624, 118, 1, -1, -0.7853981633974483, 1.4142135623730951
1891, 2, 635, 112, 634, 113, 1, -1, -0.7853981633974483, 1.4142135623730951
1891, 4, 630, 360, 628, 361, 2, -1, -0.4636476090008061, 2.23606797749979
1891, 5, 633, 358, 635, 358, -2, 0, 3.141592653589793, 2.0
1892, 0, 623, 398, 622, 399, 1, -1, -0.7853981633974483, 1.4142135623730951
1892, 1, 626, 116, 625, 117, 1, -1, -0.7853981633974483, 1.4142135623730951
1892, 3, 608, 391, 607, 392, 1, -1, -0.7853981633974483, 1.4142135623730951
1893, 0, 624, 397, 623, 398, 1, -1, -0.7853981633974483, 1.4142135623730951
1893, 1, 628, 115, 626, 116, 2, -1, -0.4636476090008061, 2.23606797749979
1894, 0, 626, 396, 624, 397, 2, -1, -0.4636476090008061, 2.23606797749979
1894, 1, 630, 115, 628, 115, 2, 0, 0.0, 2.0
1894, 3, 610, 390, 609, 391, 1, -1, -0.7853981633974483, 1.4142135623730951
1895, 0, 624, 398, 623, 399, 1, -1, -0.7853981633974483, 1.4142135623730951
1895, 2, 626, 119, 624, 119, 2, 0, 0.0, 2.0
1895, 6, 615, 388, 614, 389, 1, -1, -0.7853981633974483, 1.4142135623730951
1896, 0, 625, 397, 624, 398, 1, -1, -0.7853981633974483, 1.4142135623730951
1896, 1, 629, 119, 626, 119, 3, 0, 0.0, 3.0
1896, 4, 601, 391, 600, 392, 1, -1, -0.7853981633974483, 1.4142135623730951
1897, 0, 626, 396, 625, 397, 1, -1, -0.7853981633974483, 1.4142135623730951
1897, 2, 614, 396, 612, 396, 2, 0, 0.0, 2.0
1897, 3, 635, 118, 633, 118, 2, 0, 0.0, 2.0
1897, 4, 603, 391, 601, 391, 2, 0, 0.0, 2.0
1897, 5, 617, 387, 615, 388, 2, -1, -0.4636476090008061, 2.23606797749979
1897, 6, 617, 120, 614, 120, 3, 0, 0.0, 3.0
1898, 0, 627, 395, 626, 396, 1, -1, -0.7853981633974483, 1.4142135623730951
1898, 1, 632, 119, 630, 119, 2, 0, 0.0, 2.0
1898, 2, 616, 395, 614, 396, 2, -1, -0.4636476090008061, 2.23606797749979
1898, 4, 606, 391, 603, 391, 3, 0, 0.0, 3.0
1898, 6, 621, 120, 617, 120, 4, 0, 0.0, 4.0
1899, 0, 629, 395, 627, 395, 2, 0, 0.0, 2.0
1899, 1, 634, 118, 632, 119, 2, -1, -0.4636476090008061, 2.23606797749979
1899, 2, 618, 394, 616, 395, 2, -1, -0.4636476090008061, 2.23606797749979
1899, 4, 609, 392, 606, 391, 3, 1, 0.3217505543966422, 3.1622776601683795
1899, 5, 620, 387, 618, 387, 2, 0, 0.0, 2.0
1899, 6, 625, 120, 621, 120, 4, 0, 0.0, 4.0
1900, 0, 631, 397, 629, 398, 2, -1, -0.4636476090008061, 2.23606797749979
1900, 1, 617, 395, 615, 396, 2, -1, -0.4636476090008061, 2.23606797749979
1900, 2, 634, 118, 632, 119, 2, -1, -0.4636476090008061, 2.23606797749979
1900, 3, 624, 122, 621, 122, 3, 0, 0.0, 3.0
1901, 0, 633, 396, 631, 397, 2, -1, -0.4636476090008061, 2.23606797749979
1901, 1, 618, 394, 617, 395, 1, -1, -0.7853981633974483, 1.4142135623730951
1901, 2, 635, 117, 634, 118, 1, -1, -0.7853981633974483, 1.4142135623730951
1901, 4, 605, 393, 603, 393, 2, 0, 0.0, 2.0
1902, 0, 635, 395, 633, 396, 2, -1, -0.4636476090008061, 2.23606797749979
1903, 1, 620, 393, 619, 394, 1, -1, -0.7853981633974483, 1.4142135623730951
1903, 3, 629, 122, 626, 122, 3, 0, 0.0, 3.0
1904, 3, 631, 121, 629, 122, 2, -1, -0.4636476090008061, 2.23606797749979
1904, 4, 607, 392, 606, 393, 1, -1, -0.7853981633974483, 1.4142135623730951
1905, 0, 635, 117, 637, 117, -2, 0, 3.141592653589793, 2.0
1905, 1, 622, 391, 621, 392, 1, -1, -0.7853981633974483, 1.4142135623730951
1905, 2, 635, 397, 634, 398, 1, -1, -0.7853981633974483, 1.4142135623730951
1905, 3, 632, 119, 630, 120, 2, -1, -0.4636476090008061, 2.23606797749979
1906, 1, 623, 390, 622, 391, 1, -1, -0.7853981633974483, 1.4142135623730951
1906, 3, 633, 120, 632, 119, 1, 1, 0.7853981633974483, 1.4142135623730951
1907, 1, 624, 389, 623, 390, 1, -1, -0.7853981633974483, 1.4142135623730951
1910, 2, 635, 117, 637, 117, -2, 0, 3.141592653589793, 2.0
1911, 0, 628, 391, 626, 392, 2, -1, -0.4636476090008061, 2.23606797749979
1912, 0, 629, 390, 628, 391, 1, -1, -0.7853981633974483, 1.4142135623730951
1913, 0, 631, 389, 629, 390, 2, -1, -0.4636476090008061, 2.23606797749979
1914, 0, 633, 388, 631, 389, 2, -1, -0.4636476090008061, 2.23606797749979
1915, 0, 632, 390, 630, 391, 2, -1, -0.4636476090008061, 2.23606797749979
1915, 1, 624, 386, 620, 387, 4, -1, -0.24497866312686414, 4.123105625617661
1916, 0, 635, 389, 632, 390, 3, -1, -0.3217505543966422, 3.1622776601683795
1916, 1, 628, 385, 624, 386, 4, -1, -0.24497866312686414, 4.123105625617661
1917, 1, 630, 382, 628, 385, 2, -3, -0.982793723247329, 3.605551275463989
1918, 1, 631, 381, 630, 382, 1, -1, -0.7853981633974483, 1.4142135623730951
1927, 0, 634, 392, 632, 392, 2, 0, 0.0, 2.0
1928, 0, 635, 393, 634, 392, 1, 1, 0.7853981633974483, 1.4142135623730951
1933, 0, 635, 396, 635, 392, 0, 4, 1.5707963267948966, 4.0
1934, 0, 635, 400, 635, 396, 0, 4, 1.5707963267948966, 4.0
