frame,i,x1,y1,x2,y2,x,y,angle,size
1, 0, 830, 117, 830, 122, 0, -5, -1.5707963267948966, 5.0
1, 1, 984, 557, 987, 557, -3, 0, 3.141592653589793, 3.0
1, 2, 814, 95, 814, 99, 0, -4, -1.5707963267948966, 4.0
1, 3, 819, 85, 819, 89, 0, -4, -1.5707963267948966, 4.0
1, 4, 612, 61, 609, 64, 3, -3, -0.7853981633974483, 4.242640687119285
1, 5, 601, 71, 601, 73, 0, -2, -1.5707963267948966, 2.0
1, 6, 743, 36, 742, 34, 1, 2, 1.1071487177940904, 2.23606797749979
1, 7, 479, 447, 478, 450, 1, -3, -1.2490457723982544, 3.1622776601683795
1, 9, 509, 39, 509, 43, 0, -4, -1.5707963267948966, 4.0
1, 10, 544, 54, 544, 56, 0, -2, -1.5707963267948966, 2.0
1, 12, 179, 307, 181, 305, -2, 2, 2.356194490192345, 2.8284271247461903
1, 13, 821, 94, 821, 98, 0, -4, -1.5707963267948966, 4.0
1, 14, 989, 472, 994, 472, -5, 0, 3.141592653589793, 5.0
1, 15, 972, 265, 970, 262, 2, 3, 0.982793723247329, 3.605551275463989
1, 16, 391, 195, 390, 192, 1, 3, 1.2490457723982544, 3.1622776601683795
1, 17, 1002, 486, 1006, 486, -4, 0, 3.141592653589793, 4.0
1, 18, 484, 173, 485, 176, -1, -3, -1.892546881191539, 3.1622776601683795
1, 20, 969, 562, 973, 561, -4, 1, 2.896613990462929, 4.123105625617661
1, 21, 967, 525, 972, 523, -5, 2, 2.761086276477428, 5.385164807134504
1, 22, 508, 343, 506, 347, 2, -4, -1.1071487177940904, 4.47213595499958
1, 23, 794, 390, 796, 394, -2, -4, -2.0344439357957027, 4.47213595499958
1, 24, 515, 301, 513, 305, 2, -4, -1.1071487177940904, 4.47213595499958
1, 25, 495, 169, 496, 173, -1, -4, -1.8157749899217608, 4.123105625617661
1, 27, 800, 111, 800, 116, 0, -5, -1.5707963267948966, 5.0
1, 28, 770, 388, 771, 393, -1, -5, -1.7681918866447774, 5.0990195135927845
1, 29, 989, 226, 986, 224, 3, 2, 0.5880026035475675, 3.605551275463989
1, 30, 460, 449, 462, 452, -2, -3, -2.158798930342464, 3.605551275463989
1, 31, 1152, 112, 1150, 110, 2, 2, 0.7853981633974483, 2.8284271247461903
1, 32, 829, 135, 830, 140, -1, -5, -1.7681918866447774, 5.0990195135927845
1, 33, 984, 489, 988, 489, -4, 0, 3.141592653589793, 4.0
1, 34, 387, 140, 386, 138, 1, 2, 1.1071487177940904, 2.23606797749979
1, 35, 633, 122, 633, 119, 0, 3, 1.5707963267948966, 3.0
1, 36, 289, 344, 288, 345, 1, -1, -0.7853981633974483, 1.4142135623730951
1, 37, 265, 353, 263, 354, 2, -1, -0.4636476090008061, 2.23606797749979
1, 38, 975, 280, 973, 278, 2, 2, 0.7853981633974483, 2.8284271247461903
1, 39, 617, 74, 614, 77, 3, -3, -0.7853981633974483, 4.242640687119285
1, 40, 276, 339, 275, 340, 1, -1, -0.7853981633974483, 1.4142135623730951
1, 41, 75, 574, 73, 572, 2, 2, 0.7853981633974483, 2.8284271247461903
1, 42, 765, 383, 766, 388, -1, -5, -1.7681918866447774, 5.0990195135927845
1, 43, 818, 701, 819, 708, -1, -7, -1.7126933813990606, 7.0710678118654755
1, 44, 578, 48, 579, 50, -1, -2, -2.0344439357957027, 2.23606797749979
1, 45, 607, 139, 607, 141, 0, -2, -1.5707963267948966, 2.0
1, 46, 492, 10, 492, 15, 0, -5, -1.5707963267948966, 5.0
1, 48, 972, 488, 976, 488, -4, 0, 3.141592653589793, 4.0
1, 49, 528, 312, 526, 316, 2, -4, -1.1071487177940904, 4.47213595499958
1, 50, 633, 203, 634, 202, -1, 1, 2.356194490192345, 1.4142135623730951
1, 51, 764, 674, 764, 676, 0, -2, -1.5707963267948966, 2.0
1, 52, 980, 356, 979, 354, 1, 2, 1.1071487177940904, 2.23606797749979
1, 53, 1096, 13, 1095, 14, 1, -1, -0.7853981633974483, 1.4142135623730951
1, 54, 1261, 95, 1267, 94, -6, 1, 2.976443976175166, 6.082762530298219
1, 55, 259, 361, 258, 362, 1, -1, -0.7853981633974483, 1.4142135623730951
1, 57, 146, 37, 144, 38, 2, -1, -0.4636476090008061, 2.23606797749979
1, 58, 287, 359, 286, 360, 1, -1, -0.7853981633974483, 1.4142135623730951
1, 60, 685, 85, 684, 84, 1, 1, 0.7853981633974483, 1.4142135623730951
1, 65, 1003, 249, 1000, 248, 3, 1, 0.3217505543966422, 3.1622776601683795
1, 66, 486, 158, 487, 163, -1, -5, -1.7681918866447774, 5.0990195135927845
1, 68, 619, 131, 618, 133, 1, -2, -1.1071487177940904, 2.23606797749979
1, 69, 1142, 51, 1139, 50, 3, 1, 0.3217505543966422, 3.1622776601683795
1, 70, 1181, 97, 1178, 96, 3, 1, 0.3217505543966422, 3.1622776601683795
1, 71, 496, 243, 496, 245, 0, -2, -1.5707963267948966, 2.0
1, 72, 488, 38, 489, 43, -1, -5, -1.7681918866447774, 5.0990195135927845
1, 73, 283, 353, 282, 354, 1, -1, -0.7853981633974483, 1.4142135623730951
1, 75, 1122, 164, 1120, 161, 2, 3, 0.982793723247329, 3.605551275463989
1, 77, 1003, 230, 1000, 228, 3, 2, 0.5880026035475675, 3.605551275463989
1, 78, 829, 100, 829, 104, 0, -4, -1.5707963267948966, 4.0
1, 80, 485, 452, 483, 455, 2, -3, -0.982793723247329, 3.605551275463989
1, 81, 1147, 19, 1145, 18, 2, 1, 0.4636476090008061, 2.23606797749979
1, 84, 517, 405, 517, 409, 0, -4, -1.5707963267948966, 4.0
1, 85, 212, 376, 215, 373, -3, 3, 2.356194490192345, 4.242640687119285
1, 86, 285, 399, 284, 400, 1, -1, -0.7853981633974483, 1.4142135623730951
1, 88, 783, 114, 781, 117, 2, -3, -0.982793723247329, 3.605551275463989
1, 89, 1065, 54, 1063, 54, 2, 0, 0.0, 2.0
1, 91, 808, 653, 808, 657, 0, -4, -1.5707963267948966, 4.0
1, 92, 995, 219, 992, 216, 3, 3, 0.7853981633974483, 4.242640687119285
1, 93, 1147, 12, 1145, 11, 2, 1, 0.4636476090008061, 2.23606797749979
1, 94, 408, 195, 407, 192, 1, 3, 1.2490457723982544, 3.1622776601683795
1, 97, 280, 362, 278, 363, 2, -1, -0.4636476090008061, 2.23606797749979
1, 100, 1067, 22, 1065, 23, 2, -1, -0.4636476090008061, 2.23606797749979
1, 101, 1137, 142, 1135, 139, 2, 3, 0.982793723247329, 3.605551275463989
1, 104, 84, 643, 82, 641, 2, 2, 0.7853981633974483, 2.8284271247461903
1, 105, 387, 236, 386, 232, 1, 4, 1.3258176636680326, 4.123105625617661
1, 106, 802, 388, 804, 392, -2, -4, -2.0344439357957027, 4.47213595499958
1, 108, 554, 129, 553, 131, 1, -2, -1.1071487177940904, 2.23606797749979
1, 113, 483, 528, 483, 530, 0, -2, -1.5707963267948966, 2.0
1, 116, 1077, 15, 1075, 16, 2, -1, -0.4636476090008061, 2.23606797749979
1, 117, 1002, 258, 1000, 256, 2, 2, 0.7853981633974483, 2.8284271247461903
1, 118, 1176, 56, 1174, 56, 2, 0, 0.0, 2.0
1, 119, 1026, 355, 1024, 352, 2, 3, 0.982793723247329, 3.605551275463989
1, 120, 817, 171, 817, 174, 0, -3, -1.5707963267948966, 3.0
1, 122, 212, 356, 214, 353, -2, 3, 2.158798930342464, 3.605551275463989
1, 124, 667, 131, 665, 130, 2, 1, 0.4636476090008061, 2.23606797749979
1, 126, 475, 432, 475, 436, 0, -4, -1.5707963267948966, 4.0
1, 127, 408, 269, 412, 267, -4, 2, 2.677945044588987, 4.47213595499958
1, 128, 523, 301, 521, 305, 2, -4, -1.1071487177940904, 4.47213595499958
1, 129, 181, 299, 184, 296, -3, 3, 2.356194490192345, 4.242640687119285
1, 130, 782, 336, 782, 341, 0, -5, -1.5707963267948966, 5.0
1, 132, 674, 79, 673, 78, 1, 1, 0.7853981633974483, 1.4142135623730951
1, 133, 1090, 80, 1089, 81, 1, -1, -0.7853981633974483, 1.4142135623730951
1, 134, 1247, 543, 1249, 545, -2, -2, -2.356194490192345, 2.8284271247461903
1, 135, 31, 560, 29, 558, 2, 2, 0.7853981633974483, 2.8284271247461903
1, 136, 620, 92, 617, 95, 3, -3, -0.7853981633974483, 4.242640687119285
1, 139, 584, 55, 585, 57, -1, -2, -2.0344439357957027, 2.23606797749979
1, 140, 258, 371, 256, 373, 2, -2, -0.7853981633974483, 2.8284271247461903
1, 141, 268, 87, 266, 87, 2, 0, 0.0, 2.0
1, 142, 510, 321, 510, 324, 0, -3, -1.5707963267948966, 3.0
1, 144, 503, 252, 503, 259, 0, -7, -1.5707963267948966, 7.0
1, 147, 200, 361, 200, 358, 0, 3, 1.5707963267948966, 3.0
1, 148, 1127, 147, 1125, 145, 2, 2, 0.7853981633974483, 2.8284271247461903
1, 150, 554, 63, 554, 66, 0, -3, -1.5707963267948966, 3.0
1, 152, 81, 624, 80, 625, 1, -1, -0.7853981633974483, 1.4142135623730951
1, 154, 1002, 327, 1000, 325, 2, 2, 0.7853981633974483, 2.8284271247461903
1, 155, 408, 176, 407, 175, 1, 1, 0.7853981633974483, 1.4142135623730951
1, 156, 76, 616, 74, 616, 2, 0, 0.0, 2.0
1, 157, 501, 67, 501, 71, 0, -4, -1.5707963267948966, 4.0
1, 161, 277, 369, 275, 370, 2, -1, -0.4636476090008061, 2.23606797749979
1, 163, 803, 128, 802, 130, 1, -2, -1.1071487177940904, 2.23606797749979
1, 164, 189, 299, 192, 296, -3, 3, 2.356194490192345, 4.242640687119285
1, 165, 280, 330, 279, 332, 1, -2, -1.1071487177940904, 2.23606797749979
1, 166, 975, 298, 973, 295, 2, 3, 0.982793723247329, 3.605551275463989
1, 167, 1261, 491, 1275, 493, -14, -2, -2.999695598985629, 14.142135623730951
1, 168, 510, 31, 511, 34, -1, -3, -1.892546881191539, 3.1622776601683795
1, 170, 270, 344, 268, 345, 2, -1, -0.4636476090008061, 2.23606797749979
2, 0, 830, 114, 830, 117, 0, -3, -1.5707963267948966, 3.0
2, 1, 982, 557, 984, 557, -2, 0, 3.141592653589793, 2.0
2, 2, 814, 92, 814, 95, 0, -3, -1.5707963267948966, 3.0
2, 3, 819, 82, 819, 85, 0, -3, -1.5707963267948966, 3.0
2, 4, 613, 60, 612, 61, 1, -1, -0.7853981633974483, 1.4142135623730951
2, 7, 479, 443, 479, 447, 0, -4, -1.5707963267948966, 4.0
2, 9, 509, 36, 509, 39, 0, -3, -1.5707963267948966, 3.0
2, 10, 544, 52, 544, 54, 0, -2, -1.5707963267948966, 2.0
2, 12, 177, 308, 179, 307, -2, 1, 2.677945044588987, 2.23606797749979
2, 13, 821, 91, 821, 94, 0, -3, -1.5707963267948966, 3.0
2, 14, 984, 472, 989, 472, -5, 0, 3.141592653589793, 5.0
2, 15, 973, 266, 972, 265, 1, 1, 0.7853981633974483, 1.4142135623730951
2, 16, 391, 197, 391, 195, 0, 2, 1.5707963267948966, 2.0
2, 17, 997, 485, 1002, 486, -5, -1, -2.9441970937399127, 5.0990195135927845
2, 18, 483, 169, 484, 173, -1, -4, -1.8157749899217608, 4.123105625617661
2, 20, 966, 562, 969, 562, -3, 0, 3.141592653589793, 3.0
2, 21, 964, 526, 967, 525, -3, 1, 2.819842099193151, 3.1622776601683795
2, 22, 509, 338, 508, 343, 1, -5, -1.373400766945016, 5.0990195135927845
2, 23, 792, 386, 794, 390, -2, -4, -2.0344439357957027, 4.47213595499958
2, 24, 516, 296, 515, 301, 1, -5, -1.373400766945016, 5.0990195135927845
2, 25, 494, 165, 495, 169, -1, -4, -1.8157749899217608, 4.123105625617661
2, 26, 799, 108, 800, 111, -1, -3, -1.892546881191539, 3.1622776601683795
2, 27, 769, 383, 770, 388, -1, -5, -1.7681918866447774, 5.0990195135927845
2, 28, 991, 228, 989, 226, 2, 2, 0.7853981633974483, 2.8284271247461903
2, 29, 459, 445, 460, 449, -1, -4, -1.8157749899217608, 4.123105625617661
2, 30, 1153, 114, 1152, 112, 1, 2, 1.1071487177940904, 2.23606797749979
2, 31, 828, 131, 829, 135, -1, -4, -1.8157749899217608, 4.123105625617661
2, 32, 980, 489, 984, 489, -4, 0, 3.141592653589793, 4.0
2, 34, 632, 124, 633, 122, -1, 2, 2.0344439357957027, 2.23606797749979
2, 36, 266, 352, 265, 353, 1, -1, -0.7853981633974483, 1.4142135623730951
2, 37, 976, 281, 975, 280, 1, 1, 0.7853981633974483, 1.4142135623730951
2, 38, 618, 72, 617, 74, 1, -2, -1.1071487177940904, 2.23606797749979
2, 40, 76, 576, 75, 574, 1, 2, 1.1071487177940904, 2.23606797749979
2, 41, 764, 378, 765, 383, -1, -5, -1.7681918866447774, 5.0990195135927845
2, 42, 817, 696, 818, 701, -1, -5, -1.7681918866447774, 5.0990195135927845
2, 45, 968, 489, 972, 488, -4, 1, 2.896613990462929, 4.123105625617661
2, 46, 528, 307, 528, 312, 0, -5, -1.5707963267948966, 5.0
2, 48, 764, 670, 764, 674, 0, -4, -1.5707963267948966, 4.0
2, 49, 981, 359, 980, 356, 1, 3, 1.2490457723982544, 3.1622776601683795
2, 52, 260, 360, 259, 361, 1, -1, -0.7853981633974483, 1.4142135623730951
2, 54, 148, 33, 146, 37, 2, -4, -1.1071487177940904, 4.47213595499958
2, 60, 1005, 250, 1003, 249, 2, 1, 0.4636476090008061, 2.23606797749979
2, 61, 486, 153, 486, 158, 0, -5, -1.5707963267948966, 5.0
2, 64, 1182, 98, 1181, 97, 1, 1, 0.7853981633974483, 1.4142135623730951
2, 65, 495, 241, 496, 243, -1, -2, -2.0344439357957027, 2.23606797749979
2, 66, 487, 35, 488, 38, -1, -3, -1.892546881191539, 3.1622776601683795
2, 69, 1123, 167, 1122, 164, 1, 3, 1.2490457723982544, 3.1622776601683795
2, 71, 1005, 231, 1003, 230, 2, 1, 0.4636476090008061, 2.23606797749979
2, 72, 828, 97, 829, 100, -1, -3, -1.892546881191539, 3.1622776601683795
2, 73, 486, 448, 485, 452, 1, -4, -1.3258176636680326, 4.123105625617661
2, 77, 517, 401, 517, 405, 0, -4, -1.5707963267948966, 4.0
2, 78, 210, 380, 212, 376, -2, 4, 2.0344439357957027, 4.47213595499958
2, 80, 784, 112, 783, 114, 1, -2, -1.1071487177940904, 2.23606797749979
2, 83, 807, 648, 808, 653, -1, -5, -1.7681918866447774, 5.0990195135927845
2, 84, 997, 221, 995, 219, 2, 2, 0.7853981633974483, 2.8284271247461903
2, 92, 1138, 144, 1137, 142, 1, 2, 1.1071487177940904, 2.23606797749979
2, 96, 387, 238, 387, 236, 0, 2, 1.5707963267948966, 2.0
2, 97, 800, 384, 802, 388, -2, -4, -2.0344439357957027, 4.47213595499958
2, 99, 554, 127, 554, 129, 0, -2, -1.5707963267948966, 2.0
2, 104, 621, 162, 622, 161, -1, 1, 2.356194490192345, 1.4142135623730951
2, 106, 1004, 259, 1002, 258, 2, 1, 0.4636476090008061, 2.23606797749979
2, 108, 1026, 357, 1026, 355, 0, 2, 1.5707963267948966, 2.0
2, 109, 817, 168, 817, 171, 0, -3, -1.5707963267948966, 3.0
2, 110, 211, 358, 212, 356, -1, 2, 2.0344439357957027, 2.23606797749979
2, 113, 475, 426, 475, 432, 0, -6, -1.5707963267948966, 6.0
2, 114, 407, 270, 408, 269, -1, 1, 2.356194490192345, 1.4142135623730951
2, 115, 524, 296, 523, 301, 1, -5, -1.373400766945016, 5.0990195135927845
2, 116, 179, 300, 181, 299, -2, 1, 2.677945044588987, 2.23606797749979
2, 117, 781, 331, 782, 336, -1, -5, -1.7681918866447774, 5.0990195135927845
2, 121, 1243, 542, 1247, 543, -4, -1, -2.896613990462929, 4.123105625617661
2, 122, 33, 562, 31, 560, 2, 2, 0.7853981633974483, 2.8284271247461903
2, 123, 621, 90, 620, 92, 1, -2, -1.1071487177940904, 2.23606797749979
2, 126, 259, 370, 258, 371, 1, -1, -0.7853981633974483, 1.4142135623730951
2, 127, 269, 86, 268, 87, 1, -1, -0.7853981633974483, 1.4142135623730951
2, 128, 510, 316, 510, 321, 0, -5, -1.5707963267948966, 5.0
2, 130, 503, 250, 503, 252, 0, -2, -1.5707963267948966, 2.0
2, 132, 202, 366, 200, 361, 2, 5, 1.1902899496825317, 5.385164807134504
2, 133, 1127, 149, 1127, 147, 0, 2, 1.5707963267948966, 2.0
2, 135, 553, 61, 554, 63, -1, -2, -2.0344439357957027, 2.23606797749979
2, 137, 82, 623, 81, 624, 1, -1, -0.7853981633974483, 1.4142135623730951
2, 139, 1003, 329, 1002, 327, 1, 2, 1.1071487177940904, 2.23606797749979
2, 142, 501, 64, 501, 67, 0, -3, -1.5707963267948966, 3.0
2, 144, 278, 368, 277, 369, 1, -1, -0.7853981633974483, 1.4142135623730951
2, 145, 803, 126, 803, 128, 0, -2, -1.5707963267948966, 2.0
2, 146, 187, 300, 189, 299, -2, 1, 2.677945044588987, 2.23606797749979
2, 148, 976, 300, 975, 298, 1, 2, 1.1071487177940904, 2.23606797749979
2, 149, 1258, 490, 1261, 491, -3, -1, -2.819842099193151, 3.1622776601683795
2, 152, 271, 343, 270, 344, 1, -1, -0.7853981633974483, 1.4142135623730951
3, 0, 830, 112, 830, 114, 0, -2, -1.5707963267948966, 2.0
3, 1, 980, 557, 982, 557, -2, 0, 3.141592653589793, 2.0
3, 2, 814, 89, 814, 92, 0, -3, -1.5707963267948966, 3.0
3, 3, 819, 79, 819, 82, 0, -3, -1.5707963267948966, 3.0
3, 4, 614, 59, 613, 60, 1, -1, -0.7853981633974483, 1.4142135623730951
3, 7, 479, 439, 479, 443, 0, -4, -1.5707963267948966, 4.0
3, 9, 509, 33, 509, 36, 0, -3, -1.5707963267948966, 3.0
3, 11, 175, 309, 177, 308, -2, 1, 2.677945044588987, 2.23606797749979
3, 12, 821, 88, 821, 91, 0, -3, -1.5707963267948966, 3.0
3, 13, 979, 472, 984, 472, -5, 0, 3.141592653589793, 5.0
3, 14, 974, 267, 973, 266, 1, 1, 0.7853981633974483, 1.4142135623730951
3, 16, 992, 485, 997, 485, -5, 0, 3.141592653589793, 5.0
3, 17, 482, 165, 483, 169, -1, -4, -1.8157749899217608, 4.123105625617661
3, 19, 963, 562, 966, 562, -3, 0, 3.141592653589793, 3.0
3, 20, 961, 527, 964, 526, -3, 1, 2.819842099193151, 3.1622776601683795
3, 21, 510, 333, 509, 338, 1, -5, -1.373400766945016, 5.0990195135927845
3, 22, 791, 382, 792, 386, -1, -4, -1.8157749899217608, 4.123105625617661
3, 23, 516, 291, 516, 296, 0, -5, -1.5707963267948966, 5.0
3, 24, 493, 161, 494, 165, -1, -4, -1.8157749899217608, 4.123105625617661
3, 25, 799, 105, 799, 108, 0, -3, -1.5707963267948966, 3.0
3, 26, 768, 378, 769, 383, -1, -5, -1.7681918866447774, 5.0990195135927845
3, 27, 993, 230, 991, 228, 2, 2, 0.7853981633974483, 2.8284271247461903
3, 28, 458, 442, 459, 445, -1, -3, -1.892546881191539, 3.1622776601683795
3, 29, 1154, 116, 1153, 114, 1, 2, 1.1071487177940904, 2.23606797749979
3, 30, 828, 128, 828, 131, 0, -3, -1.5707963267948966, 3.0
3, 31, 975, 490, 980, 489, -5, 1, 2.9441970937399127, 5.0990195135927845
3, 32, 387, 143, 387, 141, 0, 2, 1.5707963267948966, 2.0
3, 33, 631, 126, 632, 124, -1, 2, 2.0344439357957027, 2.23606797749979
3, 35, 267, 351, 266, 352, 1, -1, -0.7853981633974483, 1.4142135623730951
3, 36, 977, 282, 976, 281, 1, 1, 0.7853981633974483, 1.4142135623730951
3, 37, 619, 70, 618, 72, 1, -2, -1.1071487177940904, 2.23606797749979
3, 39, 78, 578, 76, 576, 2, 2, 0.7853981633974483, 2.8284271247461903
3, 40, 763, 373, 764, 378, -1, -5, -1.7681918866447774, 5.0990195135927845
3, 41, 816, 693, 817, 696, -1, -3, -1.892546881191539, 3.1622776601683795
3, 44, 964, 490, 968, 489, -4, 1, 2.896613990462929, 4.123105625617661
3, 45, 528, 302, 528, 307, 0, -5, -1.5707963267948966, 5.0
3, 47, 764, 666, 764, 670, 0, -4, -1.5707963267948966, 4.0
3, 48, 982, 361, 981, 359, 1, 2, 1.1071487177940904, 2.23606797749979
3, 53, 151, 30, 148, 33, 3, -3, -0.7853981633974483, 4.242640687119285
3, 59, 1007, 252, 1005, 250, 2, 2, 0.7853981633974483, 2.8284271247461903
3, 60, 486, 149, 486, 153, 0, -4, -1.5707963267948966, 4.0
3, 63, 1183, 99, 1182, 98, 1, 1, 0.7853981633974483, 1.4142135623730951
3, 65, 486, 32, 487, 35, -1, -3, -1.892546881191539, 3.1622776601683795
3, 67, 1124, 170, 1123, 167, 1, 3, 1.2490457723982544, 3.1622776601683795
3, 69, 1007, 232, 1005, 231, 2, 1, 0.4636476090008061, 2.23606797749979
3, 70, 828, 95, 828, 97, 0, -2, -1.5707963267948966, 2.0
3, 71, 487, 444, 486, 448, 1, -4, -1.3258176636680326, 4.123105625617661
3, 75, 517, 397, 517, 401, 0, -4, -1.5707963267948966, 4.0
3, 76, 209, 383, 210, 380, -1, 3, 1.892546881191539, 3.1622776601683795
3, 78, 785, 110, 784, 112, 1, -2, -1.1071487177940904, 2.23606797749979
3, 81, 806, 643, 807, 648, -1, -5, -1.7681918866447774, 5.0990195135927845
3, 82, 999, 223, 997, 221, 2, 2, 0.7853981633974483, 2.8284271247461903
3, 84, 408, 198, 408, 196, 0, 2, 1.5707963267948966, 2.0
3, 86, 281, 360, 280, 361, 1, -1, -0.7853981633974483, 1.4142135623730951
3, 90, 1139, 147, 1138, 144, 1, 3, 1.2490457723982544, 3.1622776601683795
3, 94, 387, 240, 387, 238, 0, 2, 1.5707963267948966, 2.0
3, 95, 799, 381, 800, 384, -1, -3, -1.892546881191539, 3.1622776601683795
3, 97, 554, 125, 554, 127, 0, -2, -1.5707963267948966, 2.0
3, 103, 1006, 261, 1004, 259, 2, 2, 0.7853981633974483, 2.8284271247461903
3, 105, 1027, 360, 1026, 357, 1, 3, 1.2490457723982544, 3.1622776601683795
3, 106, 817, 166, 817, 168, 0, -2, -1.5707963267948966, 2.0
3, 107, 210, 359, 211, 358, -1, 1, 2.356194490192345, 1.4142135623730951
3, 109, 475, 420, 475, 426, 0, -6, -1.5707963267948966, 6.0
3, 110, 406, 271, 407, 270, -1, 1, 2.356194490192345, 1.4142135623730951
3, 111, 524, 291, 524, 296, 0, -5, -1.5707963267948966, 5.0
3, 112, 177, 302, 179, 300, -2, 2, 2.356194490192345, 2.8284271247461903
3, 113, 780, 326, 781, 331, -1, -5, -1.7681918866447774, 5.0990195135927845
3, 117, 1241, 541, 1243, 542, -2, -1, -2.677945044588987, 2.23606797749979
3, 118, 34, 563, 33, 562, 1, 1, 0.7853981633974483, 1.4142135623730951
3, 119, 622, 88, 621, 90, 1, -2, -1.1071487177940904, 2.23606797749979
3, 122, 270, 85, 269, 86, 1, -1, -0.7853981633974483, 1.4142135623730951
3, 123, 511, 311, 510, 316, 1, -5, -1.373400766945016, 5.0990195135927845
3, 125, 503, 248, 503, 250, 0, -2, -1.5707963267948966, 2.0
3, 127, 200, 368, 202, 366, -2, 2, 2.356194490192345, 2.8284271247461903
3, 128, 1128, 152, 1127, 149, 1, 3, 1.2490457723982544, 3.1622776601683795
3, 131, 83, 622, 82, 623, 1, -1, -0.7853981633974483, 1.4142135623730951
3, 133, 1004, 332, 1003, 329, 1, 3, 1.2490457723982544, 3.1622776601683795
3, 134, 408, 179, 408, 177, 0, 2, 1.5707963267948966, 2.0
3, 136, 501, 62, 501, 64, 0, -2, -1.5707963267948966, 2.0
3, 138, 279, 367, 278, 368, 1, -1, -0.7853981633974483, 1.4142135623730951
3, 139, 803, 124, 803, 126, 0, -2, -1.5707963267948966, 2.0
3, 140, 185, 301, 187, 300, -2, 1, 2.677945044588987, 2.23606797749979
3, 142, 977, 301, 976, 300, 1, 1, 0.7853981633974483, 1.4142135623730951
3, 143, 1255, 489, 1258, 490, -3, -1, -2.819842099193151, 3.1622776601683795
3, 144, 510, 28, 510, 30, 0, -2, -1.5707963267948966, 2.0
3, 146, 272, 342, 271, 343, 1, -1, -0.7853981633974483, 1.4142135623730951
4, 0, 830, 110, 830, 112, 0, -2, -1.5707963267948966, 2.0
4, 1, 977, 557, 980, 557, -3, 0, 3.141592653589793, 3.0
4, 2, 814, 87, 814, 89, 0, -2, -1.5707963267948966, 2.0
4, 3, 819, 77, 819, 79, 0, -2, -1.5707963267948966, 2.0
4, 4, 615, 57, 614, 59, 1, -2, -1.1071487177940904, 2.23606797749979
4, 5, 601, 67, 601, 69, 0, -2, -1.5707963267948966, 2.0
4, 6, 743, 40, 743, 38, 0, 2, 1.5707963267948966, 2.0
4, 7, 478, 435, 479, 439, -1, -4, -1.8157749899217608, 4.123105625617661
4, 9, 509, 30, 509, 33, 0, -3, -1.5707963267948966, 3.0
4, 11, 173, 311, 175, 309, -2, 2, 2.356194490192345, 2.8284271247461903
4, 12, 821, 86, 821, 88, 0, -2, -1.5707963267948966, 2.0
4, 13, 974, 472, 979, 472, -5, 0, 3.141592653589793, 5.0
4, 14, 975, 268, 974, 267, 1, 1, 0.7853981633974483, 1.4142135623730951
4, 16, 987, 485, 992, 485, -5, 0, 3.141592653589793, 5.0
4, 17, 482, 161, 482, 165, 0, -4, -1.5707963267948966, 4.0
4, 19, 960, 562, 963, 562, -3, 0, 3.141592653589793, 3.0
4, 20, 957, 528, 961, 527, -4, 1, 2.896613990462929, 4.123105625617661
4, 21, 510, 328, 510, 333, 0, -5, -1.5707963267948966, 5.0
4, 22, 790, 378, 791, 382, -1, -4, -1.8157749899217608, 4.123105625617661
4, 23, 516, 286, 516, 291, 0, -5, -1.5707963267948966, 5.0
4, 24, 493, 157, 493, 161, 0, -4, -1.5707963267948966, 4.0
4, 25, 799, 102, 799, 105, 0, -3, -1.5707963267948966, 3.0
4, 26, 767, 374, 768, 378, -1, -4, -1.8157749899217608, 4.123105625617661
4, 27, 995, 232, 993, 230, 2, 2, 0.7853981633974483, 2.8284271247461903
4, 28, 457, 439, 458, 442, -1, -3, -1.892546881191539, 3.1622776601683795
4, 29, 1155, 118, 1154, 116, 1, 2, 1.1071487177940904, 2.23606797749979
4, 30, 827, 125, 828, 128, -1, -3, -1.892546881191539, 3.1622776601683795
4, 31, 970, 490, 975, 490, -5, 0, 3.141592653589793, 5.0
4, 32, 387, 145, 387, 143, 0, 2, 1.5707963267948966, 2.0
4, 33, 630, 127, 631, 126, -1, 1, 2.356194490192345, 1.4142135623730951
4, 37, 620, 68, 619, 70, 1, -2, -1.1071487177940904, 2.23606797749979
4, 39, 79, 580, 78, 578, 1, 2, 1.1071487177940904, 2.23606797749979
4, 40, 762, 368, 763, 373, -1, -5, -1.7681918866447774, 5.0990195135927845
4, 41, 815, 690, 816, 693, -1, -3, -1.892546881191539, 3.1622776601683795
4, 42, 607, 135, 607, 137, 0, -2, -1.5707963267948966, 2.0
4, 44, 960, 491, 964, 490, -4, 1, 2.896613990462929, 4.123105625617661
4, 45, 528, 297, 528, 302, 0, -5, -1.5707963267948966, 5.0
4, 47, 764, 661, 764, 666, 0, -5, -1.5707963267948966, 5.0
4, 48, 983, 363, 982, 361, 1, 2, 1.1071487177940904, 2.23606797749979
4, 53, 153, 27, 151, 30, 2, -3, -0.982793723247329, 3.605551275463989
4, 59, 1009, 254, 1007, 252, 2, 2, 0.7853981633974483, 2.8284271247461903
4, 60, 486, 145, 486, 149, 0, -4, -1.5707963267948966, 4.0
4, 63, 1183, 101, 1183, 99, 0, 2, 1.5707963267948966, 2.0
4, 64, 495, 238, 495, 240, 0, -2, -1.5707963267948966, 2.0
4, 65, 485, 29, 486, 32, -1, -3, -1.892546881191539, 3.1622776601683795
4, 67, 1125, 173, 1124, 170, 1, 3, 1.2490457723982544, 3.1622776601683795
4, 69, 1009, 234, 1007, 232, 2, 2, 0.7853981633974483, 2.8284271247461903
4, 70, 828, 93, 828, 95, 0, -2, -1.5707963267948966, 2.0
4, 71, 488, 440, 487, 444, 1, -4, -1.3258176636680326, 4.123105625617661
4, 75, 518, 392, 517, 397, 1, -5, -1.373400766945016, 5.0990195135927845
4, 76, 207, 386, 209, 383, -2, 3, 2.158798930342464, 3.605551275463989
4, 78, 786, 107, 785, 110, 1, -3, -1.2490457723982544, 3.1622776601683795
4, 81, 805, 638, 806, 643, -1, -5, -1.7681918866447774, 5.0990195135927845
4, 82, 1001, 225, 999, 223, 2, 2, 0.7853981633974483, 2.8284271247461903
4, 88, 1139, 150, 1139, 147, 0, 3, 1.5707963267948966, 3.0
4, 91, 386, 242, 387, 240, -1, 2, 2.0344439357957027, 2.23606797749979
4, 92, 798, 377, 799, 381, -1, -4, -1.8157749899217608, 4.123105625617661
4, 93, 1121, 78, 1120, 76, 1, 2, 1.1071487177940904, 2.23606797749979
4, 94, 553, 123, 554, 125, -1, -2, -2.0344439357957027, 2.23606797749979
4, 96, 599, 86, 599, 88, 0, -2, -1.5707963267948966, 2.0
4, 98, 620, 164, 621, 163, -1, 1, 2.356194490192345, 1.4142135623730951
4, 100, 1008, 263, 1006, 261, 2, 2, 0.7853981633974483, 2.8284271247461903
4, 102, 1027, 364, 1027, 360, 0, 4, 1.5707963267948966, 4.0
4, 103, 817, 164, 817, 166, 0, -2, -1.5707963267948966, 2.0
4, 104, 209, 360, 210, 359, -1, 1, 2.356194490192345, 1.4142135623730951
4, 105, 667, 135, 667, 133, 0, 2, 1.5707963267948966, 2.0
4, 106, 474, 414, 475, 420, -1, -6, -1.7359450042095235, 6.082762530298219
4, 108, 524, 286, 524, 291, 0, -5, -1.5707963267948966, 5.0
4, 109, 175, 304, 177, 302, -2, 2, 2.356194490192345, 2.8284271247461903
4, 110, 780, 321, 780, 326, 0, -5, -1.5707963267948966, 5.0
4, 112, 674, 83, 674, 81, 0, 2, 1.5707963267948966, 2.0
4, 114, 1239, 540, 1241, 541, -2, -1, -2.677945044588987, 2.23606797749979
4, 115, 35, 564, 34, 563, 1, 1, 0.7853981633974483, 1.4142135623730951
4, 116, 623, 86, 622, 88, 1, -2, -1.1071487177940904, 2.23606797749979
4, 119, 271, 84, 270, 85, 1, -1, -0.7853981633974483, 1.4142135623730951
4, 120, 511, 306, 511, 311, 0, -5, -1.5707963267948966, 5.0
4, 122, 502, 246, 503, 248, -1, -2, -2.0344439357957027, 2.23606797749979
4, 124, 197, 370, 200, 368, -3, 2, 2.5535900500422257, 3.605551275463989
4, 125, 1129, 155, 1128, 152, 1, 3, 1.2490457723982544, 3.1622776601683795
4, 129, 1005, 334, 1004, 332, 1, 2, 1.1071487177940904, 2.23606797749979
4, 132, 500, 60, 501, 62, -1, -2, -2.0344439357957027, 2.23606797749979
4, 135, 803, 121, 803, 124, 0, -3, -1.5707963267948966, 3.0
4, 136, 183, 303, 185, 301, -2, 2, 2.356194490192345, 2.8284271247461903
4, 139, 1251, 487, 1255, 489, -4, -2, -2.677945044588987, 4.47213595499958
5, 0, 831, 114, 831, 116, 0, -2, -1.5707963267948966, 2.0
5, 2, 799, 106, 799, 109, 0, -3, -1.5707963267948966, 3.0
5, 3, 814, 91, 815, 93, -1, -2, -2.0344439357957027, 2.23606797749979
5, 5, 175, 312, 177, 310, -2, 2, 2.356194490192345, 2.8284271247461903
5, 6, 814, 690, 816, 693, -2, -3, -2.158798930342464, 3.605551275463989
5, 8, 827, 134, 828, 136, -1, -2, -2.0344439357957027, 2.23606797749979
5, 9, 481, 429, 481, 433, 0, -4, -1.5707963267948966, 4.0
5, 10, 819, 81, 820, 83, -1, -2, -2.0344439357957027, 2.23606797749979
5, 11, 815, 682, 816, 685, -1, -3, -1.892546881191539, 3.1622776601683795
5, 13, 606, 68, 605, 70, 1, -2, -1.1071487177940904, 2.23606797749979
5, 17, 483, 161, 484, 164, -1, -3, -1.892546881191539, 3.1622776601683795
5, 19, 996, 537, 1000, 538, -4, -1, -2.896613990462929, 4.123105625617661
5, 20, 614, 59, 613, 61, 1, -2, -1.1071487177940904, 2.23606797749979
5, 21, 823, 91, 823, 93, 0, -2, -1.5707963267948966, 2.0
5, 22, 1261, 532, 1267, 533, -6, -1, -2.976443976175166, 6.082762530298219
5, 23, 1240, 540, 1242, 541, -2, -1, -2.677945044588987, 2.23606797749979
5, 24, 510, 331, 510, 336, 0, -5, -1.5707963267948966, 5.0
5, 25, 495, 163, 496, 166, -1, -3, -1.892546881191539, 3.1622776601683795
5, 27, 516, 289, 516, 294, 0, -5, -1.5707963267948966, 5.0
5, 28, 677, 76, 677, 74, 0, 2, 1.5707963267948966, 2.0
5, 31, 978, 557, 981, 558, -3, -1, -2.819842099193151, 3.1622776601683795
5, 32, 978, 472, 983, 472, -5, 0, 3.141592653589793, 5.0
5, 33, 463, 428, 464, 432, -1, -4, -1.8157749899217608, 4.123105625617661
5, 35, 994, 231, 992, 229, 2, 2, 0.7853981633974483, 2.8284271247461903
5, 37, 632, 126, 633, 125, -1, 1, 2.356194490192345, 1.4142135623730951
5, 38, 984, 364, 983, 362, 1, 2, 1.1071487177940904, 2.23606797749979
5, 39, 619, 69, 618, 72, 1, -3, -1.2490457723982544, 3.1622776601683795
5, 43, 209, 366, 210, 364, -1, 2, 2.0344439357957027, 2.23606797749979
5, 44, 79, 581, 78, 580, 1, 1, 0.7853981633974483, 1.4142135623730951
5, 45, 1005, 405, 1004, 402, 1, 3, 1.2490457723982544, 3.1622776601683795
5, 46, 507, 38, 507, 41, 0, -3, -1.5707963267948966, 3.0
5, 48, 1008, 235, 1006, 233, 2, 2, 0.7853981633974483, 2.8284271247461903
5, 49, 1261, 95, 1268, 95, -7, 0, 3.141592653589793, 7.0
5, 50, 600, 96, 600, 98, 0, -2, -1.5707963267948966, 2.0
5, 54, 486, 151, 487, 154, -1, -3, -1.892546881191539, 3.1622776601683795
5, 57, 173, 365, 176, 363, -3, 2, 2.5535900500422257, 3.605551275463989
5, 58, 806, 636, 806, 640, 0, -4, -1.5707963267948966, 4.0
5, 59, 991, 487, 996, 486, -5, 1, 2.9441970937399127, 5.0990195135927845
5, 60, 975, 490, 980, 490, -5, 0, 3.141592653589793, 5.0
5, 62, 829, 97, 829, 99, 0, -2, -1.5707963267948966, 2.0
5, 63, 156, 29, 153, 32, 3, -3, -0.7853981633974483, 4.242640687119285
5, 64, 675, 83, 675, 81, 0, 2, 1.5707963267948966, 2.0
5, 65, 1127, 172, 1126, 171, 1, 1, 0.7853981633974483, 1.4142135623730951
5, 66, 962, 530, 966, 529, -4, 1, 2.896613990462929, 4.123105625617661
5, 68, 528, 300, 528, 305, 0, -5, -1.5707963267948966, 5.0
5, 70, 793, 384, 794, 388, -1, -4, -1.8157749899217608, 4.123105625617661
5, 71, 744, 103, 745, 102, -1, 1, 2.356194490192345, 1.4142135623730951
5, 72, 495, 241, 496, 243, -1, -2, -2.0344439357957027, 2.23606797749979
5, 73, 674, 162, 673, 161, 1, 1, 0.7853981633974483, 1.4142135623730951
5, 74, 964, 564, 967, 564, -3, 0, 3.141592653589793, 3.0
5, 79, 990, 295, 989, 293, 1, 2, 1.1071487177940904, 2.23606797749979
5, 80, 959, 492, 963, 491, -4, 1, 2.896613990462929, 4.123105625617661
5, 83, 801, 701, 805, 710, -4, -9, -1.9890206563741257, 9.848857801796104
5, 84, 669, 135, 668, 133, 1, 2, 1.1071487177940904, 2.23606797749979
5, 87, 999, 225, 997, 222, 2, 3, 0.982793723247329, 3.605551275463989
5, 89, 265, 56, 264, 57, 1, -1, -0.7853981633974483, 1.4142135623730951
5, 95, 178, 304, 180, 302, -2, 2, 2.356194490192345, 2.8284271247461903
5, 96, 1154, 117, 1153, 115, 1, 2, 1.1071487177940904, 2.23606797749979
5, 98, 554, 128, 555, 130, -1, -2, -2.0344439357957027, 2.23606797749979
5, 103, 1006, 225, 1004, 222, 2, 3, 0.982793723247329, 3.605551275463989
5, 106, 619, 164, 620, 162, -1, 2, 2.0344439357957027, 2.23606797749979
5, 107, 35, 565, 34, 564, 1, 1, 0.7853981633974483, 1.4142135623730951
5, 110, 517, 10, 515, 11, 2, -1, -0.4636476090008061, 2.23606797749979
5, 111, 785, 111, 784, 113, 1, -2, -1.1071487177940904, 2.23606797749979
5, 112, 763, 368, 764, 373, -1, -5, -1.7681918866447774, 5.0990195135927845
5, 114, 1141, 147, 1140, 145, 1, 2, 1.1071487177940904, 2.23606797749979
5, 116, 1172, 144, 1171, 142, 1, 2, 1.1071487177940904, 2.23606797749979
5, 118, 477, 414, 478, 420, -1, -6, -1.7359450042095235, 6.082762530298219
5, 119, 1009, 255, 1007, 253, 2, 2, 0.7853981633974483, 2.8284271247461903
5, 120, 157, 22, 154, 25, 3, -3, -0.7853981633974483, 4.242640687119285
5, 123, 812, 166, 813, 168, -1, -2, -2.0344439357957027, 2.23606797749979
5, 125, 388, 239, 388, 237, 0, 2, 1.5707963267948966, 2.0
5, 127, 765, 377, 766, 380, -1, -3, -1.892546881191539, 3.1622776601683795
5, 128, 514, 301, 514, 306, 0, -5, -1.5707963267948966, 5.0
5, 129, 782, 325, 782, 330, 0, -5, -1.5707963267948966, 5.0
5, 130, 513, 308, 513, 313, 0, -5, -1.5707963267948966, 5.0
5, 131, 519, 382, 519, 387, 0, -5, -1.5707963267948966, 5.0
5, 132, 964, 499, 968, 499, -4, 0, 3.141592653589793, 4.0
5, 135, 502, 60, 502, 62, 0, -2, -1.5707963267948966, 2.0
5, 136, 483, 527, 483, 529, 0, -2, -1.5707963267948966, 2.0
5, 137, 799, 379, 800, 383, -1, -4, -1.8157749899217608, 4.123105625617661
5, 138, 1006, 335, 1004, 333, 2, 2, 0.7853981633974483, 2.8284271247461903
5, 139, 470, 531, 470, 537, 0, -6, -1.5707963267948966, 6.0
5, 141, 1261, 117, 1275, 118, -14, -1, -3.070285188804503, 14.035668847618199
5, 142, 1129, 154, 1128, 152, 1, 2, 1.1071487177940904, 2.23606797749979
6, 0, 830, 112, 831, 114, -1, -2, -2.0344439357957027, 2.23606797749979
6, 2, 799, 103, 799, 106, 0, -3, -1.5707963267948966, 3.0
6, 3, 814, 89, 814, 91, 0, -2, -1.5707963267948966, 2.0
6, 5, 173, 315, 175, 312, -2, 3, 2.158798930342464, 3.605551275463989
6, 6, 812, 687, 814, 690, -2, -3, -2.158798930342464, 3.605551275463989
6, 8, 480, 424, 481, 429, -1, -5, -1.7681918866447774, 5.0990195135927845
6, 9, 819, 79, 819, 81, 0, -2, -1.5707963267948966, 2.0
6, 10, 813, 680, 815, 682, -2, -2, -2.356194490192345, 2.8284271247461903
6, 11, 607, 65, 606, 68, 1, -3, -1.2490457723982544, 3.1622776601683795
6, 14, 482, 158, 483, 161, -1, -3, -1.892546881191539, 3.1622776601683795
6, 15, 745, 40, 744, 39, 1, 1, 0.7853981633974483, 1.4142135623730951
6, 16, 991, 537, 996, 537, -5, 0, 3.141592653589793, 5.0
6, 17, 615, 57, 614, 59, 1, -2, -1.1071487177940904, 2.23606797749979
6, 18, 823, 89, 823, 91, 0, -2, -1.5707963267948966, 2.0
6, 19, 1258, 531, 1261, 532, -3, -1, -2.819842099193151, 3.1622776601683795
6, 20, 510, 326, 510, 331, 0, -5, -1.5707963267948966, 5.0
6, 21, 494, 160, 495, 163, -1, -3, -1.892546881191539, 3.1622776601683795
6, 23, 516, 285, 516, 289, 0, -4, -1.5707963267948966, 4.0
6, 24, 677, 78, 677, 76, 0, 2, 1.5707963267948966, 2.0
6, 25, 1181, 102, 1181, 100, 0, 2, 1.5707963267948966, 2.0
6, 26, 975, 557, 978, 557, -3, 0, 3.141592653589793, 3.0
6, 27, 972, 473, 978, 472, -6, 1, 2.976443976175166, 6.082762530298219
6, 28, 462, 424, 463, 428, -1, -4, -1.8157749899217608, 4.123105625617661
6, 30, 996, 234, 994, 231, 2, 3, 0.982793723247329, 3.605551275463989
6, 32, 631, 127, 632, 126, -1, 1, 2.356194490192345, 1.4142135623730951
6, 33, 985, 366, 984, 364, 1, 2, 1.1071487177940904, 2.23606797749979
6, 34, 620, 66, 619, 69, 1, -3, -1.2490457723982544, 3.1622776601683795
6, 35, 686, 90, 686, 88, 0, 2, 1.5707963267948966, 2.0
6, 36, 388, 145, 388, 143, 0, 2, 1.5707963267948966, 2.0
6, 37, 208, 368, 209, 366, -1, 2, 2.0344439357957027, 2.23606797749979
6, 38, 80, 582, 79, 581, 1, 1, 0.7853981633974483, 1.4142135623730951
6, 39, 1008, 408, 1005, 405, 3, 3, 0.7853981633974483, 4.242640687119285
6, 40, 507, 36, 507, 38, 0, -2, -1.5707963267948966, 2.0
6, 41, 1010, 238, 1008, 235, 2, 3, 0.982793723247329, 3.605551275463989
6, 43, 600, 94, 600, 96, 0, -2, -1.5707963267948966, 2.0
6, 46, 486, 149, 486, 151, 0, -2, -1.5707963267948966, 2.0
6, 49, 170, 367, 173, 365, -3, 2, 2.5535900500422257, 3.605551275463989
6, 50, 805, 632, 806, 636, -1, -4, -1.8157749899217608, 4.123105625617661
6, 51, 986, 488, 991, 487, -5, 1, 2.9441970937399127, 5.0990195135927845
6, 52, 970, 490, 975, 490, -5, 0, 3.141592653589793, 5.0
6, 54, 828, 95, 829, 97, -1, -2, -2.0344439357957027, 2.23606797749979
6, 55, 159, 27, 156, 29, 3, -2, -0.5880026035475675, 3.605551275463989
6, 56, 675, 85, 675, 83, 0, 2, 1.5707963267948966, 2.0
6, 57, 1128, 173, 1127, 172, 1, 1, 0.7853981633974483, 1.4142135623730951
6, 58, 957, 530, 962, 530, -5, 0, 3.141592653589793, 5.0
6, 60, 528, 296, 528, 300, 0, -4, -1.5707963267948966, 4.0
6, 62, 792, 381, 793, 384, -1, -3, -1.892546881191539, 3.1622776601683795
6, 63, 743, 104, 744, 103, -1, 1, 2.356194490192345, 1.4142135623730951
6, 64, 494, 239, 495, 241, -1, -2, -2.0344439357957027, 2.23606797749979
6, 66, 961, 564, 964, 564, -3, 0, 3.141592653589793, 3.0
6, 68, 263, 84, 263, 86, 0, -2, -1.5707963267948966, 2.0
6, 71, 991, 297, 990, 295, 1, 2, 1.1071487177940904, 2.23606797749979
6, 72, 955, 493, 959, 492, -4, 1, 2.896613990462929, 4.123105625617661
6, 75, 799, 697, 801, 701, -2, -4, -2.0344439357957027, 4.47213595499958
6, 76, 669, 137, 669, 135, 0, 2, 1.5707963267948966, 2.0
6, 78, 1001, 228, 999, 225, 2, 3, 0.982793723247329, 3.605551275463989
6, 80, 266, 55, 265, 56, 1, -1, -0.7853981633974483, 1.4142135623730951
6, 85, 176, 308, 178, 304, -2, 4, 2.0344439357957027, 4.47213595499958
6, 86, 1154, 119, 1154, 117, 0, 2, 1.5707963267948966, 2.0
6, 88, 553, 126, 554, 128, -1, -2, -2.0344439357957027, 2.23606797749979
6, 90, 739, 44, 738, 43, 1, 1, 0.7853981633974483, 1.4142135623730951
6, 92, 1008, 228, 1006, 225, 2, 3, 0.982793723247329, 3.605551275463989
6, 93, 1178, 61, 1177, 59, 1, 2, 1.1071487177940904, 2.23606797749979
6, 95, 618, 166, 619, 164, -1, 2, 2.0344439357957027, 2.23606797749979
6, 96, 36, 566, 35, 565, 1, 1, 0.7853981633974483, 1.4142135623730951
6, 99, 519, 10, 517, 10, 2, 0, 0.0, 2.0
6, 100, 785, 108, 785, 111, 0, -3, -1.5707963267948966, 3.0
6, 101, 762, 363, 763, 368, -1, -5, -1.7681918866447774, 5.0990195135927845
6, 103, 1142, 149, 1141, 147, 1, 2, 1.1071487177940904, 2.23606797749979
6, 105, 1173, 145, 1172, 144, 1, 1, 0.7853981633974483, 1.4142135623730951
6, 106, 279, 367, 278, 368, 1, -1, -0.7853981633974483, 1.4142135623730951
6, 107, 476, 408, 477, 414, -1, -6, -1.7359450042095235, 6.082762530298219
6, 108, 1011, 258, 1009, 255, 2, 3, 0.982793723247329, 3.605551275463989
6, 109, 160, 20, 157, 22, 3, -2, -0.5880026035475675, 3.605551275463989
6, 111, 811, 164, 812, 166, -1, -2, -2.0344439357957027, 2.23606797749979
6, 113, 387, 240, 388, 239, -1, 1, 2.356194490192345, 1.4142135623730951
6, 115, 764, 373, 765, 377, -1, -4, -1.8157749899217608, 4.123105625617661
6, 116, 514, 296, 514, 301, 0, -5, -1.5707963267948966, 5.0
6, 117, 782, 321, 782, 325, 0, -4, -1.5707963267948966, 4.0
6, 118, 513, 303, 513, 308, 0, -5, -1.5707963267948966, 5.0
6, 119, 519, 378, 519, 382, 0, -4, -1.5707963267948966, 4.0
6, 120, 960, 500, 964, 499, -4, 1, 2.896613990462929, 4.123105625617661
6, 121, 501, 58, 502, 60, -1, -2, -2.0344439357957027, 2.23606797749979
6, 122, 483, 525, 483, 527, 0, -2, -1.5707963267948966, 2.0
6, 123, 798, 375, 799, 379, -1, -4, -1.8157749899217608, 4.123105625617661
6, 124, 1008, 338, 1006, 335, 2, 3, 0.982793723247329, 3.605551275463989
6, 125, 470, 524, 470, 531, 0, -7, -1.5707963267948966, 7.0
6, 128, 1130, 156, 1129, 154, 1, 2, 1.1071487177940904, 2.23606797749979
7, 0, 829, 109, 830, 112, -1, -3, -1.892546881191539, 3.1622776601683795
7, 1, 267, 350, 266, 351, 1, -1, -0.7853981633974483, 1.4142135623730951
7, 2, 799, 99, 799, 103, 0, -4, -1.5707963267948966, 4.0
7, 3, 814, 85, 814, 89, 0, -4, -1.5707963267948966, 4.0
7, 4, 544, 49, 545, 52, -1, -3, -1.892546881191539, 3.1622776601683795
7, 5, 173, 317, 173, 315, 0, 2, 1.5707963267948966, 2.0
7, 6, 809, 684, 812, 687, -3, -3, -2.356194490192345, 4.242640687119285
7, 8, 480, 421, 480, 424, 0, -3, -1.5707963267948966, 3.0
7, 9, 819, 75, 819, 79, 0, -4, -1.5707963267948966, 4.0
7, 10, 810, 677, 813, 680, -3, -3, -2.356194490192345, 4.242640687119285
7, 11, 609, 61, 607, 65, 2, -4, -1.1071487177940904, 4.47213595499958
7, 14, 482, 154, 482, 158, 0, -4, -1.5707963267948966, 4.0
7, 15, 746, 41, 745, 40, 1, 1, 0.7853981633974483, 1.4142135623730951
7, 16, 986, 535, 991, 537, -5, -2, -2.761086276477428, 5.385164807134504
7, 17, 616, 55, 615, 57, 1, -2, -1.1071487177940904, 2.23606797749979
7, 18, 823, 85, 823, 89, 0, -4, -1.5707963267948966, 4.0
7, 19, 1255, 534, 1258, 531, -3, 3, 2.356194490192345, 4.242640687119285
7, 20, 510, 322, 510, 326, 0, -4, -1.5707963267948966, 4.0
7, 21, 494, 156, 494, 160, 0, -4, -1.5707963267948966, 4.0
7, 22, 285, 353, 284, 354, 1, -1, -0.7853981633974483, 1.4142135623730951
7, 23, 516, 280, 516, 285, 0, -5, -1.5707963267948966, 5.0
7, 24, 677, 82, 677, 78, 0, 4, 1.5707963267948966, 4.0
7, 25, 1182, 105, 1181, 102, 1, 3, 1.2490457723982544, 3.1622776601683795
7, 26, 971, 556, 975, 557, -4, -1, -2.896613990462929, 4.123105625617661
7, 27, 966, 473, 972, 473, -6, 0, 3.141592653589793, 6.0
7, 28, 460, 421, 462, 424, -2, -3, -2.158798930342464, 3.605551275463989
7, 30, 998, 237, 996, 234, 2, 3, 0.982793723247329, 3.605551275463989
7, 31, 1099, 12, 1097, 13, 2, -1, -0.4636476090008061, 2.23606797749979
7, 32, 629, 128, 631, 127, -2, 1, 2.677945044588987, 2.23606797749979
7, 33, 986, 370, 985, 366, 1, 4, 1.3258176636680326, 4.123105625617661
7, 34, 622, 61, 620, 66, 2, -5, -1.1902899496825317, 5.385164807134504
7, 35, 686, 94, 686, 90, 0, 4, 1.5707963267948966, 4.0
7, 36, 389, 148, 388, 145, 1, 3, 1.2490457723982544, 3.1622776601683795
7, 37, 207, 371, 208, 368, -1, 3, 1.892546881191539, 3.1622776601683795
7, 38, 83, 584, 80, 582, 3, 2, 0.5880026035475675, 3.605551275463989
7, 39, 1009, 409, 1008, 408, 1, 1, 0.7853981633974483, 1.4142135623730951
7, 40, 507, 32, 507, 36, 0, -4, -1.5707963267948966, 4.0
7, 41, 1011, 240, 1010, 238, 1, 2, 1.1071487177940904, 2.23606797749979
7, 43, 600, 92, 600, 94, 0, -2, -1.5707963267948966, 2.0
7, 44, 609, 133, 608, 136, 1, -3, -1.2490457723982544, 3.1622776601683795
7, 45, 987, 319, 986, 320, 1, -1, -0.7853981633974483, 1.4142135623730951
7, 46, 486, 145, 486, 149, 0, -4, -1.5707963267948966, 4.0
7, 47, 196, 405, 197, 403, -1, 2, 2.0344439357957027, 2.23606797749979
7, 48, 1135, 183, 1135, 185, 0, -2, -1.5707963267948966, 2.0
7, 49, 167, 369, 170, 367, -3, 2, 2.5535900500422257, 3.605551275463989
7, 50, 805, 629, 805, 632, 0, -3, -1.5707963267948966, 3.0
7, 51, 982, 490, 986, 488, -4, 2, 2.677945044588987, 4.47213595499958
7, 52, 963, 490, 970, 490, -7, 0, 3.141592653589793, 7.0
7, 53, 284, 395, 284, 397, 0, -2, -1.5707963267948966, 2.0
7, 54, 827, 92, 828, 95, -1, -3, -1.892546881191539, 3.1622776601683795
7, 55, 162, 26, 159, 27, 3, -1, -0.3217505543966422, 3.1622776601683795
7, 56, 675, 89, 675, 85, 0, 4, 1.5707963267948966, 4.0
7, 57, 1129, 171, 1128, 173, 1, -2, -1.1071487177940904, 2.23606797749979
7, 58, 953, 530, 957, 530, -4, 0, 3.141592653589793, 4.0
7, 60, 528, 292, 528, 296, 0, -4, -1.5707963267948966, 4.0
7, 62, 791, 377, 792, 381, -1, -4, -1.8157749899217608, 4.123105625617661
7, 64, 493, 237, 494, 239, -1, -2, -2.0344439357957027, 2.23606797749979
7, 65, 677, 161, 675, 162, 2, -1, -0.4636476090008061, 2.23606797749979
7, 66, 958, 563, 961, 564, -3, -1, -2.819842099193151, 3.1622776601683795
7, 70, 505, 194, 506, 197, -1, -3, -1.892546881191539, 3.1622776601683795
7, 71, 993, 299, 991, 297, 2, 2, 0.7853981633974483, 2.8284271247461903
7, 72, 953, 494, 955, 493, -2, 1, 2.677945044588987, 2.23606797749979
7, 73, 681, 150, 680, 153, 1, -3, -1.2490457723982544, 3.1622776601683795
7, 75, 795, 692, 799, 697, -4, -5, -2.2455372690184494, 6.4031242374328485
7, 76, 670, 142, 669, 137, 1, 5, 1.373400766945016, 5.0990195135927845
7, 77, 1002, 231, 1001, 228, 1, 3, 1.2490457723982544, 3.1622776601683795
7, 78, 268, 52, 266, 55, 2, -3, -0.982793723247329, 3.605551275463989
7, 82, 176, 310, 176, 308, 0, 2, 1.5707963267948966, 2.0
7, 83, 1154, 122, 1154, 119, 0, 3, 1.5707963267948966, 3.0
7, 84, 1145, 52, 1144, 51, 1, 1, 0.7853981633974483, 1.4142135623730951
7, 85, 552, 123, 553, 126, -1, -3, -1.892546881191539, 3.1622776601683795
7, 86, 740, 45, 739, 44, 1, 1, 0.7853981633974483, 1.4142135623730951
7, 88, 1010, 231, 1008, 228, 2, 3, 0.982793723247329, 3.605551275463989
7, 89, 1179, 65, 1178, 61, 1, 4, 1.3258176636680326, 4.123105625617661
7, 91, 617, 169, 618, 166, -1, 3, 1.892546881191539, 3.1622776601683795
7, 92, 38, 568, 36, 566, 2, 2, 0.7853981633974483, 2.8284271247461903
7, 93, 403, 268, 404, 267, -1, 1, 2.356194490192345, 1.4142135623730951
7, 95, 784, 104, 785, 108, -1, -4, -1.8157749899217608, 4.123105625617661
7, 96, 761, 357, 762, 363, -1, -6, -1.7359450042095235, 6.082762530298219
7, 97, 272, 341, 271, 342, 1, -1, -0.7853981633974483, 1.4142135623730951
7, 98, 1145, 152, 1142, 149, 3, 3, 0.7853981633974483, 4.242640687119285
7, 100, 1175, 147, 1173, 145, 2, 2, 0.7853981633974483, 2.8284271247461903
7, 101, 280, 365, 279, 367, 1, -2, -1.1071487177940904, 2.23606797749979
7, 102, 475, 403, 476, 408, -1, -5, -1.7681918866447774, 5.0990195135927845
7, 103, 1012, 261, 1011, 258, 1, 3, 1.2490457723982544, 3.1622776601683795
7, 104, 163, 18, 160, 20, 3, -2, -0.5880026035475675, 3.605551275463989
7, 105, 281, 326, 281, 328, 0, -2, -1.5707963267948966, 2.0
7, 106, 810, 161, 811, 164, -1, -3, -1.892546881191539, 3.1622776601683795
7, 108, 386, 242, 387, 240, -1, 2, 2.0344439357957027, 2.23606797749979
7, 109, 763, 367, 764, 373, -1, -6, -1.7359450042095235, 6.082762530298219
7, 110, 514, 292, 514, 296, 0, -4, -1.5707963267948966, 4.0
7, 111, 782, 316, 782, 321, 0, -5, -1.5707963267948966, 5.0
7, 112, 513, 299, 513, 303, 0, -4, -1.5707963267948966, 4.0
7, 113, 519, 373, 519, 378, 0, -5, -1.5707963267948966, 5.0
7, 114, 958, 499, 960, 500, -2, -1, -2.677945044588987, 2.23606797749979
7, 115, 501, 56, 501, 58, 0, -2, -1.5707963267948966, 2.0
7, 116, 482, 522, 483, 525, -1, -3, -1.892546881191539, 3.1622776601683795
7, 117, 797, 371, 798, 375, -1, -4, -1.8157749899217608, 4.123105625617661
7, 118, 1010, 340, 1008, 338, 2, 2, 0.7853981633974483, 2.8284271247461903
7, 119, 470, 515, 470, 524, 0, -9, -1.5707963267948966, 9.0
7, 121, 1257, 117, 1260, 117, -3, 0, 3.141592653589793, 3.0
7, 122, 1133, 158, 1130, 156, 3, 2, 0.5880026035475675, 3.605551275463989
8, 0, 828, 107, 829, 109, -1, -2, -2.0344439357957027, 2.23606797749979
8, 2, 799, 96, 799, 99, 0, -3, -1.5707963267948966, 3.0
8, 3, 814, 83, 814, 85, 0, -2, -1.5707963267948966, 2.0
8, 5, 172, 321, 173, 317, -1, 4, 1.8157749899217608, 4.123105625617661
8, 6, 806, 680, 809, 684, -3, -4, -2.214297435588181, 5.0
8, 8, 479, 416, 480, 421, -1, -5, -1.7681918866447774, 5.0990195135927845
8, 9, 819, 73, 819, 75, 0, -2, -1.5707963267948966, 2.0
8, 10, 808, 671, 810, 677, -2, -6, -1.892546881191539, 6.324555320336759
8, 11, 609, 59, 609, 61, 0, -2, -1.5707963267948966, 2.0
8, 12, 391, 199, 392, 198, -1, 1, 2.356194490192345, 1.4142135623730951
8, 14, 482, 152, 482, 154, 0, -2, -1.5707963267948966, 2.0
8, 16, 981, 534, 986, 535, -5, -1, -2.9441970937399127, 5.0990195135927845
8, 17, 616, 53, 616, 55, 0, -2, -1.5707963267948966, 2.0
8, 18, 823, 83, 823, 85, 0, -2, -1.5707963267948966, 2.0
8, 19, 1254, 535, 1255, 534, -1, 1, 2.356194490192345, 1.4142135623730951
8, 20, 509, 318, 510, 322, -1, -4, -1.8157749899217608, 4.123105625617661
8, 21, 494, 154, 494, 156, 0, -2, -1.5707963267948966, 2.0
8, 23, 516, 276, 516, 280, 0, -4, -1.5707963267948966, 4.0
8, 24, 676, 83, 677, 82, -1, 1, 2.356194490192345, 1.4142135623730951
8, 25, 1182, 107, 1182, 105, 0, 2, 1.5707963267948966, 2.0
8, 26, 967, 555, 971, 556, -4, -1, -2.896613990462929, 4.123105625617661
8, 27, 960, 473, 966, 473, -6, 0, 3.141592653589793, 6.0
8, 28, 460, 416, 460, 421, 0, -5, -1.5707963267948966, 5.0
8, 29, 1000, 240, 998, 237, 2, 3, 0.982793723247329, 3.605551275463989
8, 32, 987, 373, 986, 370, 1, 3, 1.2490457723982544, 3.1622776601683795
8, 33, 623, 59, 622, 61, 1, -2, -1.1071487177940904, 2.23606797749979
8, 36, 207, 373, 207, 371, 0, 2, 1.5707963267948966, 2.0
8, 38, 1010, 413, 1009, 409, 1, 4, 1.3258176636680326, 4.123105625617661
8, 40, 1013, 243, 1011, 240, 2, 3, 0.982793723247329, 3.605551275463989
8, 42, 600, 90, 600, 92, 0, -2, -1.5707963267948966, 2.0
8, 43, 610, 130, 609, 133, 1, -3, -1.2490457723982544, 3.1622776601683795
8, 45, 486, 143, 486, 145, 0, -2, -1.5707963267948966, 2.0
8, 46, 194, 408, 196, 405, -2, 3, 2.158798930342464, 3.605551275463989
8, 48, 165, 372, 167, 369, -2, 3, 2.158798930342464, 3.605551275463989
8, 49, 804, 625, 805, 629, -1, -4, -1.8157749899217608, 4.123105625617661
8, 50, 977, 491, 982, 490, -5, 1, 2.9441970937399127, 5.0990195135927845
8, 51, 957, 490, 963, 490, -6, 0, 3.141592653589793, 6.0
8, 53, 826, 90, 827, 92, -1, -2, -2.0344439357957027, 2.23606797749979
8, 54, 165, 24, 162, 26, 3, -2, -0.5880026035475675, 3.605551275463989
8, 55, 674, 90, 675, 89, -1, 1, 2.356194490192345, 1.4142135623730951
8, 57, 948, 529, 953, 530, -5, -1, -2.9441970937399127, 5.0990195135927845
8, 59, 528, 288, 528, 292, 0, -4, -1.5707963267948966, 4.0
8, 61, 790, 374, 791, 377, -1, -3, -1.892546881191539, 3.1622776601683795
8, 64, 954, 562, 958, 563, -4, -1, -2.896613990462929, 4.123105625617661
8, 68, 504, 191, 505, 194, -1, -3, -1.892546881191539, 3.1622776601683795
8, 69, 993, 302, 993, 299, 0, 3, 1.5707963267948966, 3.0
8, 70, 948, 494, 953, 494, -5, 0, 3.141592653589793, 5.0
8, 73, 795, 687, 795, 692, 0, -5, -1.5707963267948966, 5.0
8, 74, 670, 144, 670, 142, 0, 2, 1.5707963267948966, 2.0
8, 75, 1004, 234, 1002, 231, 2, 3, 0.982793723247329, 3.605551275463989
8, 76, 269, 49, 268, 52, 1, -3, -1.2490457723982544, 3.1622776601683795
8, 80, 175, 314, 176, 310, -1, 4, 1.8157749899217608, 4.123105625617661
8, 83, 551, 121, 552, 123, -1, -2, -2.0344439357957027, 2.23606797749979
8, 86, 1012, 234, 1010, 231, 2, 3, 0.982793723247329, 3.605551275463989
8, 87, 1180, 67, 1179, 65, 1, 2, 1.1071487177940904, 2.23606797749979
8, 89, 616, 172, 617, 169, -1, 3, 1.892546881191539, 3.1622776601683795
8, 90, 39, 569, 38, 568, 1, 1, 0.7853981633974483, 1.4142135623730951
8, 91, 402, 270, 403, 268, -1, 2, 2.0344439357957027, 2.23606797749979
8, 93, 784, 101, 784, 104, 0, -3, -1.5707963267948966, 3.0
8, 94, 761, 352, 761, 357, 0, -5, -1.5707963267948966, 5.0
8, 98, 1175, 149, 1175, 147, 0, 2, 1.5707963267948966, 2.0
8, 100, 474, 398, 475, 403, -1, -5, -1.7681918866447774, 5.0990195135927845
8, 101, 1013, 264, 1012, 261, 1, 3, 1.2490457723982544, 3.1622776601683795
8, 102, 166, 16, 163, 18, 3, -2, -0.5880026035475675, 3.605551275463989
8, 106, 762, 364, 763, 367, -1, -3, -1.892546881191539, 3.1622776601683795
8, 107, 514, 288, 514, 292, 0, -4, -1.5707963267948966, 4.0
8, 108, 782, 313, 782, 316, 0, -3, -1.5707963267948966, 3.0
8, 109, 513, 295, 513, 299, 0, -4, -1.5707963267948966, 4.0
8, 110, 519, 368, 519, 373, 0, -5, -1.5707963267948966, 5.0
8, 111, 953, 499, 958, 499, -5, 0, 3.141592653589793, 5.0
8, 112, 500, 54, 501, 56, -1, -2, -2.0344439357957027, 2.23606797749979
8, 113, 481, 520, 482, 522, -1, -2, -2.0344439357957027, 2.23606797749979
8, 114, 796, 368, 797, 371, -1, -3, -1.892546881191539, 3.1622776601683795
8, 115, 1012, 343, 1010, 340, 2, 3, 0.982793723247329, 3.605551275463989
8, 116, 470, 507, 470, 515, 0, -8, -1.5707963267948966, 8.0
9, 0, 827, 105, 828, 107, -1, -2, -2.0344439357957027, 2.23606797749979
9, 2, 799, 93, 799, 96, 0, -3, -1.5707963267948966, 3.0
9, 3, 814, 80, 814, 83, 0, -3, -1.5707963267948966, 3.0
9, 4, 172, 325, 172, 321, 0, 4, 1.5707963267948966, 4.0
9, 5, 803, 675, 806, 680, -3, -5, -2.1112158270654806, 5.830951894845301
9, 6, 478, 411, 479, 416, -1, -5, -1.7681918866447774, 5.0990195135927845
9, 7, 819, 70, 819, 73, 0, -3, -1.5707963267948966, 3.0
9, 8, 806, 665, 808, 671, -2, -6, -1.892546881191539, 6.324555320336759
9, 9, 610, 56, 609, 59, 1, -3, -1.2490457723982544, 3.1622776601683795
9, 10, 390, 200, 391, 199, -1, 1, 2.356194490192345, 1.4142135623730951
9, 12, 482, 149, 482, 152, 0, -3, -1.5707963267948966, 3.0
9, 14, 977, 532, 981, 534, -4, -2, -2.677945044588987, 4.47213595499958
9, 15, 617, 51, 616, 53, 1, -2, -1.1071487177940904, 2.23606797749979
9, 16, 823, 80, 823, 83, 0, -3, -1.5707963267948966, 3.0
9, 17, 1252, 533, 1254, 535, -2, -2, -2.356194490192345, 2.8284271247461903
9, 18, 509, 315, 509, 318, 0, -3, -1.5707963267948966, 3.0
9, 19, 494, 151, 494, 154, 0, -3, -1.5707963267948966, 3.0
9, 21, 516, 272, 516, 276, 0, -4, -1.5707963267948966, 4.0
9, 24, 963, 554, 967, 555, -4, -1, -2.896613990462929, 4.123105625617661
9, 25, 955, 473, 960, 473, -5, 0, 3.141592653589793, 5.0
9, 26, 459, 411, 460, 416, -1, -5, -1.7681918866447774, 5.0990195135927845
9, 27, 1002, 243, 1000, 240, 2, 3, 0.982793723247329, 3.605551275463989
9, 28, 1100, 11, 1099, 12, 1, -1, -0.7853981633974483, 1.4142135623730951
9, 30, 988, 377, 987, 373, 1, 4, 1.3258176636680326, 4.123105625617661
9, 31, 624, 57, 623, 59, 1, -2, -1.1071487177940904, 2.23606797749979
9, 32, 685, 96, 686, 95, -1, 1, 2.356194490192345, 1.4142135623730951
9, 34, 207, 375, 207, 373, 0, 2, 1.5707963267948966, 2.0
9, 35, 85, 585, 84, 584, 1, 1, 0.7853981633974483, 1.4142135623730951
9, 36, 1010, 415, 1010, 413, 0, 2, 1.5707963267948966, 2.0
9, 38, 1015, 247, 1013, 243, 2, 4, 1.1071487177940904, 4.47213595499958
9, 40, 600, 88, 600, 90, 0, -2, -1.5707963267948966, 2.0
9, 41, 610, 127, 610, 130, 0, -3, -1.5707963267948966, 3.0
9, 42, 486, 141, 486, 143, 0, -2, -1.5707963267948966, 2.0
9, 43, 191, 411, 194, 408, -3, 3, 2.356194490192345, 4.242640687119285
9, 44, 1138, 184, 1136, 183, 2, 1, 0.4636476090008061, 2.23606797749979
9, 45, 163, 374, 165, 372, -2, 2, 2.356194490192345, 2.8284271247461903
9, 46, 803, 621, 804, 625, -1, -4, -1.8157749899217608, 4.123105625617661
9, 47, 972, 492, 977, 491, -5, 1, 2.9441970937399127, 5.0990195135927845
9, 48, 952, 490, 957, 490, -5, 0, 3.141592653589793, 5.0
9, 50, 826, 87, 826, 90, 0, -3, -1.5707963267948966, 3.0
9, 51, 168, 22, 165, 24, 3, -2, -0.5880026035475675, 3.605551275463989
9, 54, 943, 528, 948, 529, -5, -1, -2.9441970937399127, 5.0990195135927845
9, 56, 527, 284, 528, 288, -1, -4, -1.8157749899217608, 4.123105625617661
9, 57, 639, 201, 639, 199, 0, 2, 1.5707963267948966, 2.0
9, 58, 789, 371, 790, 374, -1, -3, -1.892546881191539, 3.1622776601683795
9, 61, 950, 562, 954, 562, -4, 0, 3.141592653589793, 4.0
9, 63, 263, 80, 263, 82, 0, -2, -1.5707963267948966, 2.0
9, 65, 503, 188, 504, 191, -1, -3, -1.892546881191539, 3.1622776601683795
9, 67, 943, 495, 948, 494, -5, 1, 2.9441970937399127, 5.0990195135927845
9, 70, 794, 682, 795, 687, -1, -5, -1.7681918866447774, 5.0990195135927845
9, 72, 1006, 238, 1004, 234, 2, 4, 1.1071487177940904, 4.47213595499958
9, 73, 270, 46, 269, 49, 1, -3, -1.2490457723982544, 3.1622776601683795
9, 77, 174, 317, 175, 314, -1, 3, 1.892546881191539, 3.1622776601683795
9, 80, 550, 119, 551, 121, -1, -2, -2.0344439357957027, 2.23606797749979
9, 83, 1014, 238, 1012, 234, 2, 4, 1.1071487177940904, 4.47213595499958
9, 84, 1181, 69, 1180, 67, 1, 2, 1.1071487177940904, 2.23606797749979
9, 85, 619, 123, 619, 125, 0, -2, -1.5707963267948966, 2.0
9, 86, 615, 175, 616, 172, -1, 3, 1.892546881191539, 3.1622776601683795
9, 87, 40, 570, 39, 569, 1, 1, 0.7853981633974483, 1.4142135623730951
9, 88, 402, 272, 402, 270, 0, 2, 1.5707963267948966, 2.0
9, 89, 522, 11, 521, 10, 1, 1, 0.7853981633974483, 1.4142135623730951
9, 90, 783, 98, 784, 101, -1, -3, -1.892546881191539, 3.1622776601683795
9, 91, 761, 347, 761, 352, 0, -5, -1.5707963267948966, 5.0
9, 95, 1175, 151, 1175, 149, 0, 2, 1.5707963267948966, 2.0
9, 97, 473, 393, 474, 398, -1, -5, -1.7681918866447774, 5.0990195135927845
9, 98, 1014, 267, 1013, 264, 1, 3, 1.2490457723982544, 3.1622776601683795
9, 99, 169, 14, 166, 16, 3, -2, -0.5880026035475675, 3.605551275463989
9, 103, 762, 361, 762, 364, 0, -3, -1.5707963267948966, 3.0
9, 104, 514, 284, 514, 288, 0, -4, -1.5707963267948966, 4.0
9, 105, 782, 310, 782, 313, 0, -3, -1.5707963267948966, 3.0
9, 106, 513, 291, 513, 295, 0, -4, -1.5707963267948966, 4.0
9, 107, 519, 361, 519, 368, 0, -7, -1.5707963267948966, 7.0
9, 108, 948, 499, 953, 499, -5, 0, 3.141592653589793, 5.0
9, 109, 499, 52, 500, 54, -1, -2, -2.0344439357957027, 2.23606797749979
9, 110, 795, 365, 796, 368, -1, -3, -1.892546881191539, 3.1622776601683795
9, 111, 1013, 346, 1012, 343, 1, 3, 1.2490457723982544, 3.1622776601683795
9, 112, 470, 500, 470, 507, 0, -7, -1.5707963267948966, 7.0
10, 1, 813, 84, 813, 87, 0, -3, -1.5707963267948966, 3.0
10, 2, 977, 538, 982, 539, -5, -1, -2.9441970937399127, 5.0990195135927845
10, 3, 829, 109, 830, 112, -1, -3, -1.892546881191539, 3.1622776601683795
10, 4, 957, 559, 961, 560, -4, -1, -2.896613990462929, 4.123105625617661
10, 5, 174, 328, 175, 324, -1, 4, 1.8157749899217608, 4.123105625617661
10, 6, 820, 75, 820, 78, 0, -3, -1.5707963267948966, 3.0
10, 7, 829, 127, 830, 129, -1, -2, -2.0344439357957027, 2.23606797749979
10, 8, 181, 380, 181, 378, 0, 2, 1.5707963267948966, 2.0
10, 9, 820, 84, 821, 87, -1, -3, -1.892546881191539, 3.1622776601683795
10, 10, 1238, 538, 1241, 539, -3, -1, -2.819842099193151, 3.1622776601683795
10, 12, 480, 411, 481, 416, -1, -5, -1.7681918866447774, 5.0990195135927845
10, 14, 496, 157, 496, 160, 0, -3, -1.5707963267948966, 3.0
10, 15, 510, 322, 511, 325, -1, -3, -1.892546881191539, 3.1622776601683795
10, 16, 484, 153, 484, 157, 0, -4, -1.5707963267948966, 4.0
10, 17, 792, 373, 793, 376, -1, -3, -1.892546881191539, 3.1622776601683795
10, 18, 390, 200, 391, 199, -1, 1, 2.356194490192345, 1.4142135623730951
10, 19, 609, 61, 609, 63, 0, -2, -1.5707963267948966, 2.0
10, 21, 516, 280, 517, 283, -1, -3, -1.892546881191539, 3.1622776601683795
10, 22, 573, 45, 575, 46, -2, -1, -2.677945044588987, 2.23606797749979
10, 24, 760, 653, 763, 654, -3, -1, -2.819842099193151, 3.1622776601683795
10, 26, 464, 413, 465, 417, -1, -4, -1.8157749899217608, 4.123105625617661
10, 27, 767, 368, 767, 370, 0, -2, -1.5707963267948966, 2.0
10, 28, 765, 347, 765, 352, 0, -5, -1.5707963267948966, 5.0
10, 29, 1002, 244, 1000, 241, 2, 3, 0.982793723247329, 3.605551275463989
10, 33, 960, 475, 965, 475, -5, 0, 3.141592653589793, 5.0
10, 35, 166, 26, 163, 28, 3, -2, -0.5880026035475675, 3.605551275463989
10, 36, 271, 50, 269, 53, 2, -3, -0.982793723247329, 3.605551275463989
10, 37, 493, 450, 494, 454, -1, -4, -1.8157749899217608, 4.123105625617661
10, 38, 167, 382, 169, 379, -2, 3, 2.158798930342464, 3.605551275463989
10, 39, 800, 97, 800, 100, 0, -3, -1.5707963267948966, 3.0
10, 40, 945, 510, 950, 509, -5, 1, 2.9441970937399127, 5.0990195135927845
10, 41, 983, 532, 987, 533, -4, -1, -2.896613990462929, 4.123105625617661
10, 42, 191, 77, 187, 78, 4, -1, -0.24497866312686414, 4.123105625617661
10, 43, 1183, 108, 1183, 106, 0, 2, 1.5707963267948966, 2.0
10, 44, 828, 91, 829, 94, -1, -3, -1.892546881191539, 3.1622776601683795
10, 45, 213, 373, 214, 370, -1, 3, 1.892546881191539, 3.1622776601683795
10, 46, 1015, 250, 1013, 246, 2, 4, 1.1071487177940904, 4.47213595499958
10, 48, 494, 238, 495, 241, -1, -3, -1.892546881191539, 3.1622776601683795
10, 50, 528, 289, 529, 293, -1, -4, -1.8157749899217608, 4.123105625617661
10, 51, 177, 318, 178, 314, -1, 4, 1.8157749899217608, 4.123105625617661
10, 52, 995, 294, 994, 290, 1, 4, 1.3258176636680326, 4.123105625617661
10, 53, 803, 612, 804, 616, -1, -4, -1.8157749899217608, 4.123105625617661
10, 54, 605, 87, 605, 90, 0, -3, -1.5707963267948966, 3.0
10, 55, 487, 144, 487, 148, 0, -4, -1.5707963267948966, 4.0
10, 58, 481, 526, 482, 528, -1, -2, -2.0344439357957027, 2.23606797749979
10, 59, 1007, 237, 1005, 234, 2, 3, 0.982793723247329, 3.605551275463989
10, 62, 988, 376, 987, 372, 1, 4, 1.3258176636680326, 4.123105625617661
10, 63, 811, 659, 813, 664, -2, -5, -1.9513027039072615, 5.385164807134504
10, 64, 619, 125, 619, 127, 0, -2, -1.5707963267948966, 2.0
10, 65, 622, 62, 621, 64, 1, -2, -1.1071487177940904, 2.23606797749979
10, 66, 1014, 237, 1012, 234, 2, 3, 0.982793723247329, 3.605551275463989
10, 68, 163, 57, 160, 59, 3, -2, -0.5880026035475675, 3.605551275463989
10, 71, 555, 112, 557, 114, -2, -2, -2.356194490192345, 2.8284271247461903
10, 72, 1261, 434, 1269, 438, -8, -4, -2.677945044588987, 8.94427190999916
10, 73, 1181, 66, 1180, 65, 1, 1, 0.7853981633974483, 1.4142135623730951
10, 74, 181, 50, 178, 53, 3, -3, -0.7853981633974483, 4.242640687119285
10, 75, 475, 399, 476, 404, -1, -5, -1.7681918866447774, 5.0990195135927845
10, 76, 185, 318, 186, 314, -1, 4, 1.8157749899217608, 4.123105625617661
10, 78, 634, 214, 635, 213, -1, 1, 2.356194490192345, 1.4142135623730951
10, 79, 1245, 472, 1249, 473, -4, -1, -2.896613990462929, 4.123105625617661
10, 80, 538, 313, 539, 317, -1, -4, -1.8157749899217608, 4.123105625617661
10, 83, 207, 365, 208, 362, -1, 3, 1.892546881191539, 3.1622776601683795
10, 84, 38, 568, 37, 567, 1, 1, 0.7853981633974483, 1.4142135623730951
10, 85, 266, 9, 265, 12, 1, -3, -1.2490457723982544, 3.1622776601683795
10, 86, 957, 491, 962, 492, -5, -1, -2.9441970937399127, 5.0990195135927845
10, 88, 166, 19, 163, 21, 3, -2, -0.5880026035475675, 3.605551275463989
10, 90, 1261, 453, 1270, 457, -9, -4, -2.723368324010564, 9.848857801796104
10, 91, 1003, 338, 1005, 335, -2, 3, 2.158798930342464, 3.605551275463989
10, 92, 515, 292, 516, 295, -1, -3, -1.892546881191539, 3.1622776601683795
10, 94, 615, 18, 616, 17, -1, 1, 2.356194490192345, 1.4142135623730951
10, 95, 990, 249, 989, 246, 1, 3, 1.2490457723982544, 3.1622776601683795
10, 96, 514, 20, 513, 19, 1, 1, 0.7853981633974483, 1.4142135623730951
10, 98, 89, 619, 87, 617, 2, 2, 0.7853981633974483, 2.8284271247461903
10, 99, 550, 127, 551, 129, -1, -2, -2.0344439357957027, 2.23606797749979
10, 101, 1261, 128, 1271, 127, -10, 1, 3.0419240010986313, 10.04987562112089
10, 102, 939, 499, 944, 498, -5, 1, 2.9441970937399127, 5.0990195135927845
10, 104, 1036, 384, 1034, 386, 2, -2, -0.7853981633974483, 2.8284271247461903
10, 105, 410, 203, 410, 201, 0, 2, 1.5707963267948966, 2.0
10, 107, 981, 280, 980, 277, 1, 3, 1.2490457723982544, 3.1622776601683795
10, 108, 504, 185, 504, 189, 0, -4, -1.5707963267948966, 4.0
10, 109, 1007, 351, 1006, 348, 1, 3, 1.2490457723982544, 3.1622776601683795
10, 110, 98, 631, 94, 628, 4, 3, 0.6435011087932844, 5.0
10, 113, 783, 317, 783, 320, 0, -3, -1.5707963267948966, 3.0
10, 116, 618, 174, 619, 172, -1, 2, 2.0344439357957027, 2.23606797749979
10, 117, 1151, 45, 1152, 44, -1, 1, 2.356194490192345, 1.4142135623730951
10, 119, 398, 280, 398, 277, 0, 3, 1.5707963267948966, 3.0
10, 120, 535, 16, 533, 13, 2, 3, 0.982793723247329, 3.605551275463989
10, 121, 968, 557, 974, 558, -6, -1, -2.976443976175166, 6.082762530298219
10, 122, 513, 299, 514, 302, -1, -3, -1.892546881191539, 3.1622776601683795
10, 123, 1132, 92, 1131, 90, 1, 2, 1.1071487177940904, 2.23606797749979
10, 124, 799, 370, 800, 373, -1, -3, -1.892546881191539, 3.1622776601683795
10, 125, 782, 115, 783, 117, -1, -2, -2.0344439357957027, 2.23606797749979
10, 126, 1261, 97, 1270, 97, -9, 0, 3.141592653589793, 9.0
10, 128, 1028, 348, 1027, 344, 1, 4, 1.3258176636680326, 4.123105625617661
10, 129, 84, 585, 83, 584, 1, 1, 0.7853981633974483, 1.4142135623730951
10, 130, 523, 280, 524, 283, -1, -3, -1.892546881191539, 3.1622776601683795
10, 131, 190, 53, 187, 56, 3, -3, -0.7853981633974483, 4.242640687119285
10, 132, 606, 79, 606, 82, 0, -3, -1.5707963267948966, 3.0
10, 133, 948, 502, 953, 501, -5, 1, 2.9441970937399127, 5.0990195135927845
11, 0, 813, 81, 813, 84, 0, -3, -1.5707963267948966, 3.0
11, 1, 972, 537, 977, 538, -5, -1, -2.9441970937399127, 5.0990195135927845
11, 2, 828, 106, 829, 109, -1, -3, -1.892546881191539, 3.1622776601683795
11, 3, 953, 559, 957, 559, -4, 0, 3.141592653589793, 4.0
11, 4, 173, 331, 174, 328, -1, 3, 1.892546881191539, 3.1622776601683795
11, 5, 820, 72, 820, 75, 0, -3, -1.5707963267948966, 3.0
11, 6, 828, 125, 829, 127, -1, -2, -2.0344439357957027, 2.23606797749979
11, 7, 181, 382, 181, 380, 0, 2, 1.5707963267948966, 2.0
11, 8, 820, 81, 820, 84, 0, -3, -1.5707963267948966, 3.0
11, 9, 479, 406, 480, 411, -1, -5, -1.7681918866447774, 5.0990195135927845
11, 11, 496, 153, 496, 157, 0, -4, -1.5707963267948966, 4.0
11, 12, 509, 318, 510, 322, -1, -4, -1.8157749899217608, 4.123105625617661
11, 13, 484, 149, 484, 153, 0, -4, -1.5707963267948966, 4.0
11, 14, 790, 370, 792, 373, -2, -3, -2.158798930342464, 3.605551275463989
11, 15, 390, 202, 390, 200, 0, 2, 1.5707963267948966, 2.0
11, 16, 609, 59, 609, 61, 0, -2, -1.5707963267948966, 2.0
11, 18, 515, 277, 516, 280, -1, -3, -1.892546881191539, 3.1622776601683795
11, 19, 950, 38, 952, 38, -2, 0, 3.141592653589793, 2.0
11, 20, 758, 651, 760, 653, -2, -2, -2.356194490192345, 2.8284271247461903
11, 22, 463, 408, 464, 413, -1, -5, -1.7681918866447774, 5.0990195135927845
11, 23, 767, 365, 767, 368, 0, -3, -1.5707963267948966, 3.0
11, 24, 765, 342, 765, 347, 0, -5, -1.5707963267948966, 5.0
11, 25, 1004, 247, 1002, 244, 2, 3, 0.982793723247329, 3.605551275463989
11, 29, 954, 475, 960, 475, -6, 0, 3.141592653589793, 6.0
11, 31, 169, 24, 166, 26, 3, -2, -0.5880026035475675, 3.605551275463989
11, 32, 273, 47, 271, 50, 2, -3, -0.982793723247329, 3.605551275463989
11, 33, 492, 446, 493, 450, -1, -4, -1.8157749899217608, 4.123105625617661
11, 34, 166, 385, 167, 382, -1, 3, 1.892546881191539, 3.1622776601683795
11, 35, 800, 94, 800, 97, 0, -3, -1.5707963267948966, 3.0
11, 36, 940, 511, 945, 510, -5, 1, 2.9441970937399127, 5.0990195135927845
11, 37, 978, 531, 983, 532, -5, -1, -2.9441970937399127, 5.0990195135927845
11, 38, 194, 77, 191, 77, 3, 0, 0.0, 3.0
11, 40, 827, 88, 828, 91, -1, -3, -1.892546881191539, 3.1622776601683795
11, 41, 212, 376, 213, 373, -1, 3, 1.892546881191539, 3.1622776601683795
11, 42, 1017, 253, 1015, 250, 2, 3, 0.982793723247329, 3.605551275463989
11, 44, 492, 235, 494, 238, -2, -3, -2.158798930342464, 3.605551275463989
11, 46, 527, 286, 528, 289, -1, -3, -1.892546881191539, 3.1622776601683795
11, 47, 176, 322, 177, 318, -1, 4, 1.8157749899217608, 4.123105625617661
11, 48, 996, 297, 995, 294, 1, 3, 1.2490457723982544, 3.1622776601683795
11, 49, 801, 607, 803, 612, -2, -5, -1.9513027039072615, 5.385164807134504
11, 50, 605, 84, 605, 87, 0, -3, -1.5707963267948966, 3.0
11, 51, 487, 140, 487, 144, 0, -4, -1.5707963267948966, 4.0
11, 54, 480, 523, 481, 526, -1, -3, -1.892546881191539, 3.1622776601683795
11, 55, 1010, 240, 1007, 237, 3, 3, 0.7853981633974483, 4.242640687119285
11, 58, 989, 380, 988, 376, 1, 4, 1.3258176636680326, 4.123105625617661
11, 59, 809, 653, 811, 659, -2, -6, -1.892546881191539, 6.324555320336759
11, 61, 622, 60, 622, 62, 0, -2, -1.5707963267948966, 2.0
11, 62, 1017, 240, 1014, 237, 3, 3, 0.7853981633974483, 4.242640687119285
11, 63, 742, 105, 743, 104, -1, 1, 2.356194490192345, 1.4142135623730951
11, 64, 166, 55, 163, 57, 3, -2, -0.5880026035475675, 3.605551275463989
11, 67, 553, 111, 555, 112, -2, -1, -2.677945044588987, 2.23606797749979
11, 68, 1257, 430, 1261, 434, -4, -4, -2.356194490192345, 5.656854249492381
11, 69, 1182, 67, 1181, 66, 1, 1, 0.7853981633974483, 1.4142135623730951
11, 70, 184, 48, 181, 50, 3, -2, -0.5880026035475675, 3.605551275463989
11, 71, 474, 394, 475, 399, -1, -5, -1.7681918866447774, 5.0990195135927845
11, 72, 184, 322, 185, 318, -1, 4, 1.8157749899217608, 4.123105625617661
11, 75, 1242, 471, 1245, 472, -3, -1, -2.819842099193151, 3.1622776601683795
11, 76, 537, 310, 538, 313, -1, -3, -1.892546881191539, 3.1622776601683795
11, 79, 206, 368, 207, 365, -1, 3, 1.892546881191539, 3.1622776601683795
11, 80, 39, 569, 38, 568, 1, 1, 0.7853981633974483, 1.4142135623730951
11, 81, 952, 490, 957, 491, -5, -1, -2.9441970937399127, 5.0990195135927845
11, 83, 169, 17, 166, 19, 3, -2, -0.5880026035475675, 3.605551275463989
11, 84, 388, 245, 388, 243, 0, 2, 1.5707963267948966, 2.0
11, 85, 1257, 449, 1261, 453, -4, -4, -2.356194490192345, 5.656854249492381
11, 86, 1002, 340, 1003, 338, -1, 2, 2.0344439357957027, 2.23606797749979
11, 87, 514, 289, 515, 292, -1, -3, -1.892546881191539, 3.1622776601683795
11, 89, 614, 19, 615, 18, -1, 1, 2.356194490192345, 1.4142135623730951
11, 90, 992, 252, 990, 249, 2, 3, 0.982793723247329, 3.605551275463989
11, 93, 91, 621, 89, 619, 2, 2, 0.7853981633974483, 2.8284271247461903
11, 95, 1260, 132, 1261, 128, -1, 4, 1.8157749899217608, 4.123105625617661
11, 96, 935, 501, 939, 499, -4, 2, 2.677945044588987, 4.47213595499958
11, 98, 1037, 383, 1036, 384, 1, -1, -0.7853981633974483, 1.4142135623730951
11, 99, 410, 205, 410, 203, 0, 2, 1.5707963267948966, 2.0
11, 101, 982, 283, 981, 280, 1, 3, 1.2490457723982544, 3.1622776601683795
11, 102, 503, 181, 504, 185, -1, -4, -1.8157749899217608, 4.123105625617661
11, 103, 1008, 354, 1007, 351, 1, 3, 1.2490457723982544, 3.1622776601683795
11, 104, 101, 635, 98, 631, 3, 4, 0.9272952180016122, 5.0
11, 106, 783, 314, 783, 317, 0, -3, -1.5707963267948966, 3.0
11, 108, 617, 176, 618, 174, -1, 2, 2.0344439357957027, 2.23606797749979
11, 109, 1150, 46, 1151, 45, -1, 1, 2.356194490192345, 1.4142135623730951
11, 111, 398, 283, 398, 280, 0, 3, 1.5707963267948966, 3.0
11, 112, 535, 19, 535, 16, 0, 3, 1.5707963267948966, 3.0
11, 113, 963, 557, 968, 557, -5, 0, 3.141592653589793, 5.0
11, 114, 512, 296, 513, 299, -1, -3, -1.892546881191539, 3.1622776601683795
11, 116, 798, 367, 799, 370, -1, -3, -1.892546881191539, 3.1622776601683795
11, 117, 781, 113, 782, 115, -1, -2, -2.0344439357957027, 2.23606797749979
11, 118, 1260, 98, 1261, 97, -1, 1, 2.356194490192345, 1.4142135623730951
11, 119, 1029, 352, 1028, 348, 1, 4, 1.3258176636680326, 4.123105625617661
11, 120, 85, 586, 84, 585, 1, 1, 0.7853981633974483, 1.4142135623730951
11, 121, 522, 277, 523, 280, -1, -3, -1.892546881191539, 3.1622776601683795
11, 122, 193, 50, 190, 53, 3, -3, -0.7853981633974483, 4.242640687119285
11, 123, 606, 77, 606, 79, 0, -2, -1.5707963267948966, 2.0
11, 124, 943, 503, 948, 502, -5, 1, 2.9441970937399127, 5.0990195135927845
12, 0, 812, 77, 813, 81, -1, -4, -1.8157749899217608, 4.123105625617661
12, 1, 967, 534, 972, 537, -5, -3, -2.601173153319209, 5.830951894845301
12, 2, 827, 101, 828, 106, -1, -5, -1.7681918866447774, 5.0990195135927845
12, 3, 949, 559, 953, 559, -4, 0, 3.141592653589793, 4.0
12, 4, 172, 334, 173, 331, -1, 3, 1.892546881191539, 3.1622776601683795
12, 5, 819, 67, 820, 72, -1, -5, -1.7681918866447774, 5.0990195135927845
12, 6, 827, 121, 828, 125, -1, -4, -1.8157749899217608, 4.123105625617661
12, 7, 180, 385, 181, 382, -1, 3, 1.892546881191539, 3.1622776601683795
12, 8, 819, 77, 820, 81, -1, -4, -1.8157749899217608, 4.123105625617661
12, 9, 478, 402, 479, 406, -1, -4, -1.8157749899217608, 4.123105625617661
12, 10, 743, 42, 744, 40, -1, 2, 2.0344439357957027, 2.23606797749979
12, 11, 496, 148, 496, 153, 0, -5, -1.5707963267948966, 5.0
12, 12, 508, 313, 509, 318, -1, -5, -1.7681918866447774, 5.0990195135927845
12, 13, 483, 145, 484, 149, -1, -4, -1.8157749899217608, 4.123105625617661
12, 14, 788, 366, 790, 370, -2, -4, -2.0344439357957027, 4.47213595499958
12, 15, 390, 205, 390, 202, 0, 3, 1.5707963267948966, 3.0
12, 16, 610, 55, 609, 59, 1, -4, -1.3258176636680326, 4.123105625617661
12, 18, 514, 272, 515, 277, -1, -5, -1.7681918866447774, 5.0990195135927845
12, 19, 948, 38, 950, 38, -2, 0, 3.141592653589793, 2.0
12, 20, 756, 647, 758, 651, -2, -4, -2.0344439357957027, 4.47213595499958
12, 21, 628, 130, 629, 129, -1, 1, 2.356194490192345, 1.4142135623730951
12, 22, 461, 404, 463, 408, -2, -4, -2.0344439357957027, 4.47213595499958
12, 23, 767, 360, 767, 365, 0, -5, -1.5707963267948966, 5.0
12, 24, 765, 336, 765, 342, 0, -6, -1.5707963267948966, 6.0
12, 25, 1005, 250, 1004, 247, 1, 3, 1.2490457723982544, 3.1622776601683795
12, 26, 285, 350, 286, 352, -1, -2, -2.0344439357957027, 2.23606797749979
12, 27, 1147, 19, 1148, 17, -1, 2, 2.0344439357957027, 2.23606797749979
12, 28, 1147, 151, 1145, 150, 2, 1, 0.4636476090008061, 2.23606797749979
12, 29, 948, 475, 954, 475, -6, 0, 3.141592653589793, 6.0
12, 31, 172, 21, 169, 24, 3, -3, -0.7853981633974483, 4.242640687119285
12, 32, 275, 44, 273, 47, 2, -3, -0.982793723247329, 3.605551275463989
12, 33, 491, 442, 492, 446, -1, -4, -1.8157749899217608, 4.123105625617661
12, 34, 164, 387, 166, 385, -2, 2, 2.356194490192345, 2.8284271247461903
12, 35, 799, 89, 800, 94, -1, -5, -1.7681918866447774, 5.0990195135927845
12, 36, 937, 511, 940, 511, -3, 0, 3.141592653589793, 3.0
12, 37, 974, 528, 978, 531, -4, -3, -2.498091544796509, 5.0
12, 38, 196, 76, 194, 77, 2, -1, -0.4636476090008061, 2.23606797749979
12, 40, 827, 84, 827, 88, 0, -4, -1.5707963267948966, 4.0
12, 41, 210, 379, 212, 376, -2, 3, 2.158798930342464, 3.605551275463989
12, 42, 1019, 254, 1017, 253, 2, 1, 0.4636476090008061, 2.23606797749979
12, 43, 490, 232, 492, 235, -2, -3, -2.158798930342464, 3.605551275463989
12, 44, 748, 47, 749, 46, -1, 1, 2.356194490192345, 1.4142135623730951
12, 45, 526, 282, 527, 286, -1, -4, -1.8157749899217608, 4.123105625617661
12, 46, 175, 325, 176, 322, -1, 3, 1.892546881191539, 3.1622776601683795
12, 47, 998, 299, 996, 297, 2, 2, 0.7853981633974483, 2.8284271247461903
12, 48, 800, 604, 801, 607, -1, -3, -1.892546881191539, 3.1622776601683795
12, 49, 606, 80, 605, 84, 1, -4, -1.3258176636680326, 4.123105625617661
12, 50, 487, 135, 487, 140, 0, -5, -1.5707963267948966, 5.0
12, 51, 738, 47, 739, 45, -1, 2, 2.0344439357957027, 2.23606797749979
12, 52, 283, 357, 284, 359, -1, -2, -2.0344439357957027, 2.23606797749979
12, 53, 479, 518, 480, 523, -1, -5, -1.7681918866447774, 5.0990195135927845
12, 54, 1012, 242, 1010, 240, 2, 2, 0.7853981633974483, 2.8284271247461903
12, 57, 990, 383, 989, 380, 1, 3, 1.2490457723982544, 3.1622776601683795
12, 58, 806, 647, 809, 653, -3, -6, -2.0344439357957027, 6.708203932499369
12, 59, 619, 122, 619, 124, 0, -2, -1.5707963267948966, 2.0
12, 60, 623, 56, 622, 60, 1, -4, -1.3258176636680326, 4.123105625617661
12, 61, 1019, 242, 1017, 240, 2, 2, 0.7853981633974483, 2.8284271247461903
12, 62, 741, 106, 742, 105, -1, 1, 2.356194490192345, 1.4142135623730951
12, 63, 168, 52, 166, 55, 2, -3, -0.982793723247329, 3.605551275463989
12, 64, 667, 142, 668, 141, -1, 1, 2.356194490192345, 1.4142135623730951
12, 66, 551, 110, 553, 111, -2, -1, -2.677945044588987, 2.23606797749979
12, 67, 1251, 427, 1257, 430, -6, -3, -2.677945044588987, 6.708203932499369
12, 68, 1184, 68, 1182, 67, 2, 1, 0.4636476090008061, 2.23606797749979
12, 69, 186, 45, 184, 48, 2, -3, -0.982793723247329, 3.605551275463989
12, 70, 472, 388, 474, 394, -2, -6, -1.892546881191539, 6.324555320336759
12, 71, 182, 325, 184, 322, -2, 3, 2.158798930342464, 3.605551275463989
12, 72, 674, 166, 676, 168, -2, -2, -2.356194490192345, 2.8284271247461903
12, 74, 1239, 469, 1242, 471, -3, -2, -2.5535900500422257, 3.605551275463989
12, 75, 536, 307, 537, 310, -1, -3, -1.892546881191539, 3.1622776601683795
12, 77, 80, 639, 82, 642, -2, -3, -2.158798930342464, 3.605551275463989
12, 78, 204, 370, 206, 368, -2, 2, 2.356194490192345, 2.8284271247461903
12, 79, 41, 571, 39, 569, 2, 2, 0.7853981633974483, 2.8284271247461903
12, 80, 947, 490, 952, 490, -5, 0, 3.141592653589793, 5.0
12, 82, 172, 14, 169, 17, 3, -3, -0.7853981633974483, 4.242640687119285
12, 83, 387, 248, 388, 245, -1, 3, 1.892546881191539, 3.1622776601683795
12, 84, 1251, 445, 1257, 449, -6, -4, -2.5535900500422257, 7.211102550927978
12, 86, 513, 285, 514, 289, -1, -4, -1.8157749899217608, 4.123105625617661
12, 88, 993, 255, 992, 252, 1, 3, 1.2490457723982544, 3.1622776601683795
12, 89, 515, 17, 514, 19, 1, -2, -1.1071487177940904, 2.23606797749979
12, 90, 1103, 49, 1102, 50, 1, -1, -0.7853981633974483, 1.4142135623730951
12, 91, 94, 623, 91, 621, 3, 2, 0.5880026035475675, 3.605551275463989
12, 93, 1260, 135, 1260, 132, 0, 3, 1.5707963267948966, 3.0
12, 94, 933, 502, 935, 501, -2, 1, 2.677945044588987, 2.23606797749979
12, 95, 279, 363, 280, 365, -1, -2, -2.0344439357957027, 2.23606797749979
12, 96, 1040, 384, 1037, 383, 3, 1, 0.3217505543966422, 3.1622776601683795
12, 97, 409, 209, 410, 205, -1, 4, 1.8157749899217608, 4.123105625617661
12, 100, 502, 178, 503, 181, -1, -3, -1.892546881191539, 3.1622776601683795
12, 101, 1009, 355, 1008, 354, 1, 1, 0.7853981633974483, 1.4142135623730951
12, 102, 103, 639, 101, 635, 2, 4, 1.1071487177940904, 4.47213595499958
12, 104, 783, 308, 783, 314, 0, -6, -1.5707963267948966, 6.0
12, 105, 1136, 158, 1134, 157, 2, 1, 0.4636476090008061, 2.23606797749979
12, 106, 617, 178, 617, 176, 0, 2, 1.5707963267948966, 2.0
12, 107, 1149, 49, 1150, 46, -1, 3, 1.892546881191539, 3.1622776601683795
12, 108, 1207, 147, 1207, 144, 0, 3, 1.5707963267948966, 3.0
12, 109, 400, 286, 398, 283, 2, 3, 0.982793723247329, 3.605551275463989
12, 111, 958, 557, 963, 557, -5, 0, 3.141592653589793, 5.0
12, 112, 510, 292, 512, 296, -2, -4, -2.0344439357957027, 4.47213595499958
12, 113, 1134, 94, 1133, 92, 1, 2, 1.1071487177940904, 2.23606797749979
12, 114, 796, 363, 798, 367, -2, -4, -2.0344439357957027, 4.47213595499958
12, 115, 780, 111, 781, 113, -1, -2, -2.0344439357957027, 2.23606797749979
12, 116, 1258, 101, 1260, 98, -2, 3, 2.158798930342464, 3.605551275463989
12, 117, 1030, 355, 1029, 352, 1, 3, 1.2490457723982544, 3.1622776601683795
12, 118, 87, 589, 85, 586, 2, 3, 0.982793723247329, 3.605551275463989
12, 119, 520, 272, 522, 277, -2, -5, -1.9513027039072615, 5.385164807134504
12, 120, 195, 46, 193, 50, 2, -4, -1.1071487177940904, 4.47213595499958
12, 121, 607, 73, 606, 77, 1, -4, -1.3258176636680326, 4.123105625617661
12, 122, 940, 502, 943, 503, -3, -1, -2.819842099193151, 3.1622776601683795
13, 0, 811, 74, 812, 77, -1, -3, -1.892546881191539, 3.1622776601683795
13, 1, 963, 533, 967, 534, -4, -1, -2.896613990462929, 4.123105625617661
13, 2, 826, 97, 827, 101, -1, -4, -1.8157749899217608, 4.123105625617661
13, 3, 947, 559, 949, 559, -2, 0, 3.141592653589793, 2.0
13, 4, 171, 337, 172, 334, -1, 3, 1.892546881191539, 3.1622776601683795
13, 5, 818, 64, 819, 67, -1, -3, -1.892546881191539, 3.1622776601683795
13, 6, 826, 117, 827, 121, -1, -4, -1.8157749899217608, 4.123105625617661
13, 7, 179, 388, 180, 385, -1, 3, 1.892546881191539, 3.1622776601683795
13, 8, 818, 74, 819, 77, -1, -3, -1.892546881191539, 3.1622776601683795
13, 9, 477, 398, 478, 402, -1, -4, -1.8157749899217608, 4.123105625617661
13, 10, 742, 44, 743, 42, -1, 2, 2.0344439357957027, 2.23606797749979
13, 11, 495, 143, 496, 148, -1, -5, -1.7681918866447774, 5.0990195135927845
13, 12, 507, 309, 508, 313, -1, -4, -1.8157749899217608, 4.123105625617661
13, 13, 482, 140, 483, 145, -1, -5, -1.7681918866447774, 5.0990195135927845
13, 14, 788, 362, 788, 366, 0, -4, -1.5707963267948966, 4.0
13, 15, 390, 207, 390, 205, 0, 2, 1.5707963267948966, 2.0
13, 18, 513, 267, 514, 272, -1, -5, -1.7681918866447774, 5.0990195135927845
13, 19, 946, 38, 948, 38, -2, 0, 3.141592653589793, 2.0
13, 20, 753, 644, 756, 647, -3, -3, -2.356194490192345, 4.242640687119285
13, 22, 460, 400, 461, 404, -1, -4, -1.8157749899217608, 4.123105625617661
13, 23, 767, 356, 767, 360, 0, -4, -1.5707963267948966, 4.0
13, 24, 765, 332, 765, 336, 0, -4, -1.5707963267948966, 4.0
13, 25, 1008, 251, 1005, 250, 3, 1, 0.3217505543966422, 3.1622776601683795
13, 26, 1146, 20, 1147, 19, -1, 1, 2.356194490192345, 1.4142135623730951
13, 28, 944, 474, 948, 475, -4, -1, -2.896613990462929, 4.123105625617661
13, 30, 174, 18, 172, 21, 2, -3, -0.982793723247329, 3.605551275463989
13, 31, 275, 41, 275, 44, 0, -3, -1.5707963267948966, 3.0
13, 32, 490, 438, 491, 442, -1, -4, -1.8157749899217608, 4.123105625617661
13, 33, 164, 389, 164, 387, 0, 2, 1.5707963267948966, 2.0
13, 34, 798, 87, 799, 89, -1, -2, -2.0344439357957027, 2.23606797749979
13, 35, 932, 511, 937, 511, -5, 0, 3.141592653589793, 5.0
13, 36, 969, 527, 974, 528, -5, -1, -2.9441970937399127, 5.0990195135927845
13, 39, 826, 81, 827, 84, -1, -3, -1.892546881191539, 3.1622776601683795
13, 40, 208, 383, 210, 379, -2, 4, 2.0344439357957027, 4.47213595499958
13, 41, 1021, 256, 1019, 254, 2, 2, 0.7853981633974483, 2.8284271247461903
13, 42, 488, 229, 490, 232, -2, -3, -2.158798930342464, 3.605551275463989
13, 43, 747, 49, 748, 47, -1, 2, 2.0344439357957027, 2.23606797749979
13, 44, 524, 277, 526, 282, -2, -5, -1.9513027039072615, 5.385164807134504
13, 45, 174, 328, 175, 325, -1, 3, 1.892546881191539, 3.1622776601683795
13, 46, 999, 302, 998, 299, 1, 3, 1.2490457723982544, 3.1622776601683795
13, 47, 798, 600, 800, 604, -2, -4, -2.0344439357957027, 4.47213595499958
13, 48, 606, 78, 606, 80, 0, -2, -1.5707963267948966, 2.0
13, 49, 486, 130, 487, 135, -1, -5, -1.7681918866447774, 5.0990195135927845
13, 50, 737, 49, 738, 47, -1, 2, 2.0344439357957027, 2.23606797749979
13, 51, 478, 513, 479, 518, -1, -5, -1.7681918866447774, 5.0990195135927845
13, 52, 1014, 244, 1012, 242, 2, 2, 0.7853981633974483, 2.8284271247461903
13, 55, 992, 387, 990, 383, 2, 4, 1.1071487177940904, 4.47213595499958
13, 56, 803, 642, 806, 647, -3, -5, -2.1112158270654806, 5.830951894845301
13, 58, 623, 54, 623, 56, 0, -2, -1.5707963267948966, 2.0
13, 59, 1022, 244, 1019, 242, 3, 2, 0.5880026035475675, 3.605551275463989
13, 60, 740, 107, 741, 106, -1, 1, 2.356194490192345, 1.4142135623730951
13, 61, 171, 50, 168, 52, 3, -2, -0.5880026035475675, 3.605551275463989
13, 64, 1247, 424, 1251, 427, -4, -3, -2.498091544796509, 5.0
13, 66, 189, 43, 186, 45, 3, -2, -0.5880026035475675, 3.605551275463989
13, 67, 471, 382, 472, 388, -1, -6, -1.7359450042095235, 6.082762530298219
13, 68, 181, 328, 182, 325, -1, 3, 1.892546881191539, 3.1622776601683795
13, 71, 1237, 466, 1239, 469, -2, -3, -2.158798930342464, 3.605551275463989
13, 72, 535, 304, 536, 307, -1, -3, -1.892546881191539, 3.1622776601683795
13, 75, 202, 374, 204, 370, -2, 4, 2.0344439357957027, 4.47213595499958
13, 76, 42, 572, 41, 571, 1, 1, 0.7853981633974483, 1.4142135623730951
13, 77, 943, 490, 947, 490, -4, 0, 3.141592653589793, 4.0
13, 79, 174, 11, 172, 14, 2, -3, -0.982793723247329, 3.605551275463989
13, 80, 387, 250, 387, 248, 0, 2, 1.5707963267948966, 2.0
13, 81, 1247, 441, 1251, 445, -4, -4, -2.356194490192345, 5.656854249492381
13, 82, 511, 281, 513, 285, -2, -4, -2.0344439357957027, 4.47213595499958
13, 84, 995, 257, 993, 255, 2, 2, 0.7853981633974483, 2.8284271247461903
13, 85, 515, 14, 515, 17, 0, -3, -1.5707963267948966, 3.0
13, 87, 96, 625, 94, 623, 2, 2, 0.7853981633974483, 2.8284271247461903
13, 90, 928, 502, 933, 502, -5, 0, 3.141592653589793, 5.0
13, 91, 1041, 387, 1040, 384, 1, 3, 1.2490457723982544, 3.1622776601683795
13, 92, 408, 212, 409, 209, -1, 3, 1.892546881191539, 3.1622776601683795
13, 94, 985, 285, 983, 283, 2, 2, 0.7853981633974483, 2.8284271247461903
13, 95, 501, 175, 502, 178, -1, -3, -1.892546881191539, 3.1622776601683795
13, 96, 1011, 356, 1009, 355, 2, 1, 0.4636476090008061, 2.23606797749979
13, 97, 105, 642, 103, 639, 2, 3, 0.982793723247329, 3.605551275463989
13, 98, 76, 612, 77, 611, -1, 1, 2.356194490192345, 1.4142135623730951
13, 99, 783, 303, 783, 308, 0, -5, -1.5707963267948966, 5.0
13, 102, 1148, 50, 1149, 49, -1, 1, 2.356194490192345, 1.4142135623730951
13, 103, 1206, 149, 1207, 147, -1, 2, 2.0344439357957027, 2.23606797749979
13, 104, 403, 287, 400, 286, 3, 1, 0.3217505543966422, 3.1622776601683795
13, 106, 954, 558, 958, 557, -4, 1, 2.896613990462929, 4.123105625617661
13, 107, 508, 287, 510, 292, -2, -5, -1.9513027039072615, 5.385164807134504
13, 109, 796, 359, 796, 363, 0, -4, -1.5707963267948966, 4.0
13, 110, 1257, 103, 1258, 101, -1, 2, 2.0344439357957027, 2.23606797749979
13, 111, 1031, 358, 1030, 355, 1, 3, 1.2490457723982544, 3.1622776601683795
13, 112, 88, 591, 87, 589, 1, 2, 1.1071487177940904, 2.23606797749979
13, 113, 519, 267, 520, 272, -1, -5, -1.7681918866447774, 5.0990195135927845
13, 114, 197, 44, 195, 46, 2, -2, -0.7853981633974483, 2.8284271247461903
13, 115, 607, 71, 607, 73, 0, -2, -1.5707963267948966, 2.0
13, 116, 935, 502, 940, 502, -5, 0, 3.141592653589793, 5.0
14, 0, 810, 70, 811, 74, -1, -4, -1.8157749899217608, 4.123105625617661
14, 1, 959, 531, 963, 533, -4, -2, -2.677945044588987, 4.47213595499958
14, 2, 825, 93, 826, 97, -1, -4, -1.8157749899217608, 4.123105625617661
14, 3, 945, 559, 947, 559, -2, 0, 3.141592653589793, 2.0
14, 4, 169, 339, 171, 337, -2, 2, 2.356194490192345, 2.8284271247461903
14, 5, 817, 60, 818, 64, -1, -4, -1.8157749899217608, 4.123105625617661
14, 6, 825, 113, 826, 117, -1, -4, -1.8157749899217608, 4.123105625617661
14, 7, 178, 391, 179, 388, -1, 3, 1.892546881191539, 3.1622776601683795
14, 8, 817, 70, 818, 74, -1, -4, -1.8157749899217608, 4.123105625617661
14, 9, 476, 393, 477, 398, -1, -5, -1.7681918866447774, 5.0990195135927845
14, 10, 741, 46, 742, 44, -1, 2, 2.0344439357957027, 2.23606797749979
14, 11, 494, 138, 495, 143, -1, -5, -1.7681918866447774, 5.0990195135927845
14, 12, 505, 304, 507, 309, -2, -5, -1.9513027039072615, 5.385164807134504
14, 13, 481, 135, 482, 140, -1, -5, -1.7681918866447774, 5.0990195135927845
14, 14, 788, 358, 788, 362, 0, -4, -1.5707963267948966, 4.0
14, 15, 389, 209, 390, 207, -1, 2, 2.0344439357957027, 2.23606797749979
14, 16, 610, 52, 610, 54, 0, -2, -1.5707963267948966, 2.0
14, 18, 511, 262, 513, 267, -2, -5, -1.9513027039072615, 5.385164807134504
14, 19, 944, 37, 946, 38, -2, -1, -2.677945044588987, 2.23606797749979
14, 20, 750, 641, 753, 644, -3, -3, -2.356194490192345, 4.242640687119285
14, 21, 627, 132, 628, 131, -1, 1, 2.356194490192345, 1.4142135623730951
14, 22, 459, 396, 460, 400, -1, -4, -1.8157749899217608, 4.123105625617661
14, 23, 767, 352, 767, 356, 0, -4, -1.5707963267948966, 4.0
14, 24, 765, 328, 765, 332, 0, -4, -1.5707963267948966, 4.0
14, 25, 1011, 252, 1008, 251, 3, 1, 0.3217505543966422, 3.1622776601683795
14, 28, 940, 473, 944, 474, -4, -1, -2.896613990462929, 4.123105625617661
14, 30, 176, 15, 174, 18, 2, -3, -0.982793723247329, 3.605551275463989
14, 31, 275, 38, 275, 41, 0, -3, -1.5707963267948966, 3.0
14, 32, 488, 434, 490, 438, -2, -4, -2.0344439357957027, 4.47213595499958
14, 33, 163, 391, 164, 389, -1, 2, 2.0344439357957027, 2.23606797749979
14, 34, 797, 85, 798, 87, -1, -2, -2.0344439357957027, 2.23606797749979
14, 35, 927, 511, 932, 511, -5, 0, 3.141592653589793, 5.0
14, 36, 964, 525, 969, 527, -5, -2, -2.761086276477428, 5.385164807134504
14, 38, 825, 77, 826, 81, -1, -4, -1.8157749899217608, 4.123105625617661
14, 39, 207, 386, 208, 383, -1, 3, 1.892546881191539, 3.1622776601683795
14, 40, 1023, 258, 1021, 256, 2, 2, 0.7853981633974483, 2.8284271247461903
14, 41, 486, 226, 488, 229, -2, -3, -2.158798930342464, 3.605551275463989
14, 42, 746, 50, 747, 49, -1, 1, 2.356194490192345, 1.4142135623730951
14, 43, 522, 272, 524, 277, -2, -5, -1.9513027039072615, 5.385164807134504
14, 44, 172, 330, 174, 328, -2, 2, 2.356194490192345, 2.8284271247461903
14, 45, 1000, 305, 999, 302, 1, 3, 1.2490457723982544, 3.1622776601683795
14, 46, 795, 596, 798, 600, -3, -4, -2.214297435588181, 5.0
14, 47, 606, 76, 606, 78, 0, -2, -1.5707963267948966, 2.0
14, 48, 485, 125, 486, 130, -1, -5, -1.7681918866447774, 5.0990195135927845
14, 49, 736, 51, 737, 49, -1, 2, 2.0344439357957027, 2.23606797749979
14, 50, 477, 506, 478, 513, -1, -7, -1.7126933813990606, 7.0710678118654755
14, 51, 1016, 245, 1014, 244, 2, 1, 0.4636476090008061, 2.23606797749979
14, 54, 994, 391, 992, 387, 2, 4, 1.1071487177940904, 4.47213595499958
14, 55, 800, 636, 803, 642, -3, -6, -2.0344439357957027, 6.708203932499369
14, 57, 622, 52, 623, 54, -1, -2, -2.0344439357957027, 2.23606797749979
14, 58, 1024, 246, 1022, 244, 2, 2, 0.7853981633974483, 2.8284271247461903
14, 60, 173, 47, 171, 50, 2, -3, -0.982793723247329, 3.605551275463989
14, 62, 1243, 421, 1247, 424, -4, -3, -2.498091544796509, 5.0
14, 64, 191, 41, 189, 43, 2, -2, -0.7853981633974483, 2.8284271247461903
14, 65, 470, 376, 471, 382, -1, -6, -1.7359450042095235, 6.082762530298219
14, 66, 179, 330, 181, 328, -2, 2, 2.356194490192345, 2.8284271247461903
14, 68, 1234, 463, 1237, 466, -3, -3, -2.356194490192345, 4.242640687119285
14, 69, 534, 300, 535, 304, -1, -4, -1.8157749899217608, 4.123105625617661
14, 72, 201, 378, 202, 374, -1, 4, 1.8157749899217608, 4.123105625617661
14, 73, 43, 573, 42, 572, 1, 1, 0.7853981633974483, 1.4142135623730951
14, 74, 938, 490, 943, 490, -5, 0, 3.141592653589793, 5.0
14, 76, 176, 8, 174, 11, 2, -3, -0.982793723247329, 3.605551275463989
14, 77, 386, 252, 387, 250, -1, 2, 2.0344439357957027, 2.23606797749979
14, 78, 1243, 437, 1247, 441, -4, -4, -2.356194490192345, 5.656854249492381
14, 79, 509, 276, 511, 281, -2, -5, -1.9513027039072615, 5.385164807134504
14, 81, 996, 258, 995, 257, 1, 1, 0.7853981633974483, 1.4142135623730951
14, 82, 515, 11, 515, 14, 0, -3, -1.5707963267948966, 3.0
14, 84, 98, 628, 96, 625, 2, 3, 0.982793723247329, 3.605551275463989
14, 86, 1259, 137, 1260, 136, -1, 1, 2.356194490192345, 1.4142135623730951
14, 87, 923, 502, 928, 502, -5, 0, 3.141592653589793, 5.0
14, 88, 1042, 391, 1041, 387, 1, 4, 1.3258176636680326, 4.123105625617661
14, 89, 407, 214, 408, 212, -1, 2, 2.0344439357957027, 2.23606797749979
14, 91, 987, 287, 985, 285, 2, 2, 0.7853981633974483, 2.8284271247461903
14, 92, 500, 171, 501, 175, -1, -4, -1.8157749899217608, 4.123105625617661
14, 93, 1013, 358, 1011, 356, 2, 2, 0.7853981633974483, 2.8284271247461903
14, 94, 107, 644, 105, 642, 2, 2, 0.7853981633974483, 2.8284271247461903
14, 96, 783, 298, 783, 303, 0, -5, -1.5707963267948966, 5.0
14, 97, 1136, 161, 1136, 159, 0, 2, 1.5707963267948966, 2.0
14, 100, 1205, 152, 1206, 149, -1, 3, 1.892546881191539, 3.1622776601683795
14, 102, 951, 559, 954, 558, -3, 1, 2.819842099193151, 3.1622776601683795
14, 103, 506, 283, 508, 287, -2, -4, -2.0344439357957027, 4.47213595499958
14, 104, 1133, 96, 1134, 95, -1, 1, 2.356194490192345, 1.4142135623730951
14, 105, 796, 355, 796, 359, 0, -4, -1.5707963267948966, 4.0
14, 106, 1256, 104, 1257, 103, -1, 1, 2.356194490192345, 1.4142135623730951
14, 107, 1032, 361, 1031, 358, 1, 3, 1.2490457723982544, 3.1622776601683795
14, 108, 89, 592, 88, 591, 1, 1, 0.7853981633974483, 1.4142135623730951
14, 109, 517, 262, 519, 267, -2, -5, -1.9513027039072615, 5.385164807134504
14, 110, 198, 42, 197, 44, 1, -2, -1.1071487177940904, 2.23606797749979
14, 111, 607, 69, 607, 71, 0, -2, -1.5707963267948966, 2.0
14, 112, 930, 502, 935, 502, -5, 0, 3.141592653589793, 5.0
15, 0, 828, 98, 829, 102, -1, -4, -1.8157749899217608, 4.123105625617661
15, 1, 813, 75, 814, 79, -1, -4, -1.8157749899217608, 4.123105625617661
15, 2, 170, 335, 172, 334, -2, 1, 2.677945044588987, 2.23606797749979
15, 3, 510, 21, 510, 25, 0, -4, -1.5707963267948966, 4.0
15, 4, 1251, 424, 1255, 428, -4, -4, -2.356194490192345, 5.656854249492381
15, 5, 768, 340, 768, 342, 0, -2, -1.5707963267948966, 2.0
15, 6, 1226, 501, 1231, 502, -5, -1, -2.9441970937399127, 5.0990195135927845
15, 7, 745, 46, 746, 44, -1, 2, 2.0344439357957027, 2.23606797749979
15, 8, 478, 398, 479, 402, -1, -4, -1.8157749899217608, 4.123105625617661
15, 9, 483, 142, 484, 146, -1, -4, -1.8157749899217608, 4.123105625617661
15, 10, 758, 644, 759, 648, -1, -4, -1.8157749899217608, 4.123105625617661
15, 12, 824, 120, 825, 124, -1, -4, -1.8157749899217608, 4.123105625617661
15, 13, 818, 66, 819, 70, -1, -4, -1.8157749899217608, 4.123105625617661
15, 14, 768, 355, 768, 359, 0, -4, -1.5707963267948966, 4.0
15, 15, 1261, 469, 1273, 473, -12, -4, -2.819842099193151, 12.649110640673518
15, 17, 495, 146, 496, 150, -1, -4, -1.8157749899217608, 4.123105625617661
15, 18, 544, 46, 545, 48, -1, -2, -2.0344439357957027, 2.23606797749979
15, 19, 1236, 475, 1239, 477, -3, -2, -2.5535900500422257, 3.605551275463989
15, 20, 959, 535, 963, 537, -4, -2, -2.677945044588987, 4.47213595499958
15, 21, 462, 401, 463, 405, -1, -4, -1.8157749899217608, 4.123105625617661
15, 22, 612, 56, 612, 58, 0, -2, -1.5707963267948966, 2.0
15, 23, 631, 135, 631, 133, 0, 2, 1.5707963267948966, 2.0
15, 24, 928, 513, 933, 513, -5, 0, 3.141592653589793, 5.0
15, 26, 608, 82, 608, 84, 0, -2, -1.5707963267948966, 2.0
15, 27, 938, 478, 943, 479, -5, -1, -2.9441970937399127, 5.0990195135927845
15, 28, 956, 487, 961, 487, -5, 0, 3.141592653589793, 5.0
15, 29, 188, 405, 189, 402, -1, 3, 1.892546881191539, 3.1622776601683795
15, 30, 800, 91, 801, 93, -1, -2, -2.0344439357957027, 2.23606797749979
15, 31, 509, 308, 510, 313, -1, -5, -1.7681918866447774, 5.0990195135927845
15, 32, 791, 363, 792, 367, -1, -4, -1.8157749899217608, 4.123105625617661
15, 33, 514, 267, 515, 272, -1, -5, -1.7681918866447774, 5.0990195135927845
15, 34, 969, 529, 973, 531, -4, -2, -2.677945044588987, 4.47213595499958
15, 35, 486, 133, 487, 137, -1, -4, -1.8157749899217608, 4.123105625617661
15, 36, 1010, 251, 1008, 249, 2, 2, 0.7853981633974483, 2.8284271247461903
15, 37, 946, 40, 948, 41, -2, -1, -2.677945044588987, 2.23606797749979
15, 38, 278, 69, 278, 71, 0, -2, -1.5707963267948966, 2.0
15, 39, 525, 279, 526, 284, -1, -5, -1.7681918866447774, 5.0990195135927845
15, 40, 994, 389, 992, 386, 2, 3, 0.982793723247329, 3.605551275463989
15, 41, 188, 46, 187, 48, 1, -2, -1.1071487177940904, 2.23606797749979
15, 42, 1146, 156, 1146, 154, 0, 2, 1.5707963267948966, 2.0
15, 43, 1022, 257, 1020, 255, 2, 2, 0.7853981633974483, 2.8284271247461903
15, 45, 209, 385, 211, 382, -2, 3, 2.158798930342464, 3.605551275463989
15, 46, 987, 330, 986, 326, 1, 4, 1.3258176636680326, 4.123105625617661
15, 47, 1253, 440, 1257, 445, -4, -5, -2.2455372690184494, 6.4031242374328485
15, 49, 496, 220, 497, 222, -1, -2, -2.0344439357957027, 2.23606797749979
15, 52, 796, 595, 798, 599, -2, -4, -2.0344439357957027, 4.47213595499958
15, 53, 987, 289, 986, 288, 1, 1, 0.7853981633974483, 1.4142135623730951
15, 54, 586, 123, 587, 125, -1, -2, -2.0344439357957027, 2.23606797749979
15, 55, 391, 207, 392, 206, -1, 1, 2.356194490192345, 1.4142135623730951
15, 57, 389, 149, 390, 148, -1, 1, 2.356194490192345, 1.4142135623730951
15, 58, 489, 23, 489, 26, 0, -3, -1.5707963267948966, 3.0
15, 59, 609, 74, 609, 76, 0, -2, -1.5707963267948966, 2.0
15, 60, 1023, 245, 1021, 243, 2, 2, 0.7853981633974483, 2.8284271247461903
15, 61, 737, 51, 738, 49, -1, 2, 2.0344439357957027, 2.23606797749979
15, 62, 1223, 125, 1223, 122, 0, 3, 1.5707963267948966, 3.0
15, 64, 492, 434, 494, 438, -2, -4, -2.0344439357957027, 4.47213595499958
15, 65, 174, 18, 172, 22, 2, -4, -1.1071487177940904, 4.47213595499958
15, 66, 552, 82, 553, 84, -1, -2, -2.0344439357957027, 2.23606797749979
15, 67, 828, 82, 829, 86, -1, -4, -1.8157749899217608, 4.123105625617661
15, 68, 173, 11, 171, 15, 2, -4, -1.1071487177940904, 4.47213595499958
15, 70, 42, 572, 41, 571, 1, 1, 0.7853981633974483, 1.4142135623730951
15, 71, 512, 280, 513, 285, -1, -5, -1.7681918866447774, 5.0990195135927845
15, 73, 502, 46, 502, 48, 0, -2, -1.5707963267948966, 2.0
15, 74, 922, 501, 927, 501, -5, 0, 3.141592653589793, 5.0
15, 75, 1148, 212, 1146, 209, 2, 3, 0.982793723247329, 3.605551275463989
15, 76, 111, 640, 108, 638, 3, 2, 0.5880026035475675, 3.605551275463989
15, 77, 1261, 103, 1267, 103, -6, 0, 3.141592653589793, 6.0
15, 78, 1016, 244, 1014, 242, 2, 2, 0.7853981633974483, 2.8284271247461903
15, 79, 536, 306, 537, 309, -1, -3, -1.892546881191539, 3.1622776601683795
15, 81, 811, 150, 812, 153, -1, -3, -1.892546881191539, 3.1622776601683795
15, 82, 938, 495, 943, 496, -5, -1, -2.9441970937399127, 5.0990195135927845
15, 83, 1040, 391, 1039, 387, 1, 4, 1.3258176636680326, 4.123105625617661
15, 84, 1139, 184, 1139, 182, 0, 2, 1.5707963267948966, 2.0
15, 85, 1231, 496, 1236, 497, -5, -1, -2.9441970937399127, 5.0990195135927845
15, 86, 168, 390, 168, 388, 0, 2, 1.5707963267948966, 2.0
15, 87, 386, 250, 387, 248, -1, 2, 2.0344439357957027, 2.23606797749979
15, 88, 931, 504, 936, 504, -5, 0, 3.141592653589793, 5.0
15, 90, 173, 327, 175, 325, -2, 2, 2.356194490192345, 2.8284271247461903
15, 94, 473, 382, 474, 388, -1, -6, -1.7359450042095235, 6.082762530298219
15, 95, 485, 221, 486, 224, -1, -3, -1.892546881191539, 3.1622776601683795
15, 96, 781, 668, 781, 673, 0, -5, -1.5707963267948966, 5.0
15, 97, 181, 327, 183, 325, -2, 2, 2.356194490192345, 2.8284271247461903
15, 99, 644, 223, 645, 222, -1, 1, 2.356194490192345, 1.4142135623730951
15, 101, 1207, 152, 1207, 149, 0, 3, 1.5707963267948966, 3.0
15, 104, 954, 23, 956, 24, -2, -1, -2.677945044588987, 2.23606797749979
15, 105, 1261, 439, 1272, 443, -11, -4, -2.7928216500058864, 11.704699910719626
15, 106, 1014, 363, 1012, 361, 2, 2, 0.7853981633974483, 2.8284271247461903
15, 107, 1021, 277, 1019, 275, 2, 2, 0.7853981633974483, 2.8284271247461903
15, 108, 1136, 162, 1136, 160, 0, 2, 1.5707963267948966, 2.0
15, 109, 531, 366, 532, 369, -1, -3, -1.892546881191539, 3.1622776601683795
15, 110, 647, 172, 648, 171, -1, 1, 2.356194490192345, 1.4142135623730951
15, 112, 196, 50, 195, 52, 1, -2, -1.1071487177940904, 2.23606797749979
15, 114, 1013, 413, 1011, 411, 2, 2, 0.7853981633974483, 2.8284271247461903
15, 115, 1257, 491, 1260, 496, -3, -5, -2.1112158270654806, 5.830951894845301
15, 116, 1246, 550, 1248, 553, -2, -3, -2.158798930342464, 3.605551275463989
15, 118, 488, 506, 486, 514, 2, -8, -1.3258176636680326, 8.246211251235321
15, 119, 535, 85, 536, 87, -1, -2, -2.0344439357957027, 2.23606797749979
16, 0, 827, 94, 828, 98, -1, -4, -1.8157749899217608, 4.123105625617661
16, 1, 812, 72, 813, 75, -1, -3, -1.892546881191539, 3.1622776601683795
16, 2, 168, 336, 170, 335, -2, 1, 2.677945044588987, 2.23606797749979
16, 3, 510, 18, 510, 21, 0, -3, -1.5707963267948966, 3.0
16, 4, 1248, 420, 1251, 424, -3, -4, -2.214297435588181, 5.0
16, 5, 767, 341, 768, 340, -1, 1, 2.356194490192345, 1.4142135623730951
16, 6, 1223, 501, 1226, 501, -3, 0, 3.141592653589793, 3.0
16, 7, 744, 48, 745, 46, -1, 2, 2.0344439357957027, 2.23606797749979
16, 8, 477, 393, 478, 398, -1, -5, -1.7681918866447774, 5.0990195135927845
16, 9, 482, 139, 483, 142, -1, -3, -1.892546881191539, 3.1622776601683795
16, 10, 756, 640, 758, 644, -2, -4, -2.0344439357957027, 4.47213595499958
16, 12, 823, 116, 824, 120, -1, -4, -1.8157749899217608, 4.123105625617661
16, 13, 817, 63, 818, 66, -1, -3, -1.892546881191539, 3.1622776601683795
16, 14, 768, 350, 768, 355, 0, -5, -1.5707963267948966, 5.0
16, 15, 1257, 464, 1261, 469, -4, -5, -2.2455372690184494, 6.4031242374328485
16, 17, 494, 142, 495, 146, -1, -4, -1.8157749899217608, 4.123105625617661
16, 19, 1234, 473, 1236, 475, -2, -2, -2.356194490192345, 2.8284271247461903
16, 20, 955, 533, 959, 535, -4, -2, -2.677945044588987, 4.47213595499958
16, 21, 461, 397, 462, 401, -1, -4, -1.8157749899217608, 4.123105625617661
16, 22, 612, 54, 612, 56, 0, -2, -1.5707963267948966, 2.0
16, 23, 631, 137, 631, 135, 0, 2, 1.5707963267948966, 2.0
16, 24, 923, 513, 928, 513, -5, 0, 3.141592653589793, 5.0
16, 27, 933, 477, 938, 478, -5, -1, -2.9441970937399127, 5.0990195135927845
16, 28, 951, 487, 956, 487, -5, 0, 3.141592653589793, 5.0
16, 29, 186, 408, 188, 405, -2, 3, 2.158798930342464, 3.605551275463989
16, 30, 799, 89, 800, 91, -1, -2, -2.0344439357957027, 2.23606797749979
16, 31, 508, 303, 509, 308, -1, -5, -1.7681918866447774, 5.0990195135927845
16, 32, 791, 360, 791, 363, 0, -3, -1.5707963267948966, 3.0
16, 33, 513, 262, 514, 267, -1, -5, -1.7681918866447774, 5.0990195135927845
16, 34, 964, 527, 969, 529, -5, -2, -2.761086276477428, 5.385164807134504
16, 35, 485, 130, 486, 133, -1, -3, -1.892546881191539, 3.1622776601683795
16, 36, 1011, 253, 1010, 251, 1, 2, 1.1071487177940904, 2.23606797749979
16, 37, 944, 39, 946, 40, -2, -1, -2.677945044588987, 2.23606797749979
16, 39, 524, 274, 525, 279, -1, -5, -1.7681918866447774, 5.0990195135927845
16, 40, 996, 392, 994, 389, 2, 3, 0.982793723247329, 3.605551275463989
16, 41, 189, 45, 188, 46, 1, -1, -0.7853981633974483, 1.4142135623730951
16, 42, 1146, 159, 1146, 156, 0, 3, 1.5707963267948966, 3.0
16, 43, 1023, 259, 1022, 257, 1, 2, 1.1071487177940904, 2.23606797749979
16, 45, 207, 388, 209, 385, -2, 3, 2.158798930342464, 3.605551275463989
16, 46, 988, 332, 987, 330, 1, 2, 1.1071487177940904, 2.23606797749979
16, 47, 1250, 435, 1253, 440, -3, -5, -2.1112158270654806, 5.830951894845301
16, 49, 495, 218, 496, 220, -1, -2, -2.0344439357957027, 2.23606797749979
16, 50, 668, 144, 669, 143, -1, 1, 2.356194490192345, 1.4142135623730951
16, 52, 794, 591, 796, 595, -2, -4, -2.0344439357957027, 4.47213595499958
16, 53, 988, 291, 987, 289, 1, 2, 1.1071487177940904, 2.23606797749979
16, 54, 390, 208, 391, 207, -1, 1, 2.356194490192345, 1.4142135623730951
16, 56, 388, 150, 389, 149, -1, 1, 2.356194490192345, 1.4142135623730951
16, 57, 489, 20, 489, 23, 0, -3, -1.5707963267948966, 3.0
16, 59, 1024, 247, 1023, 245, 1, 2, 1.1071487177940904, 2.23606797749979
16, 60, 736, 53, 737, 51, -1, 2, 2.0344439357957027, 2.23606797749979
16, 61, 1222, 128, 1223, 125, -1, 3, 1.892546881191539, 3.1622776601683795
16, 63, 490, 431, 492, 434, -2, -3, -2.158798930342464, 3.605551275463989
16, 64, 176, 15, 174, 18, 2, -3, -0.982793723247329, 3.605551275463989
16, 65, 827, 79, 828, 82, -1, -3, -1.892546881191539, 3.1622776601683795
16, 66, 176, 8, 173, 11, 3, -3, -0.7853981633974483, 4.242640687119285
16, 67, 44, 573, 42, 572, 2, 1, 0.4636476090008061, 2.23606797749979
16, 68, 511, 275, 512, 280, -1, -5, -1.7681918866447774, 5.0990195135927845
16, 70, 502, 44, 502, 46, 0, -2, -1.5707963267948966, 2.0
16, 71, 917, 501, 922, 501, -5, 0, 3.141592653589793, 5.0
16, 72, 1150, 215, 1148, 212, 2, 3, 0.982793723247329, 3.605551275463989
16, 73, 113, 643, 111, 640, 2, 3, 0.982793723247329, 3.605551275463989
16, 75, 1017, 246, 1016, 244, 1, 2, 1.1071487177940904, 2.23606797749979
16, 76, 535, 302, 536, 306, -1, -4, -1.8157749899217608, 4.123105625617661
16, 78, 810, 148, 811, 150, -1, -2, -2.0344439357957027, 2.23606797749979
16, 79, 933, 495, 938, 495, -5, 0, 3.141592653589793, 5.0
16, 80, 1041, 394, 1040, 391, 1, 3, 1.2490457723982544, 3.1622776601683795
16, 81, 1139, 186, 1139, 184, 0, 2, 1.5707963267948966, 2.0
16, 82, 1227, 496, 1231, 496, -4, 0, 3.141592653589793, 4.0
16, 83, 168, 392, 168, 390, 0, 2, 1.5707963267948966, 2.0
16, 84, 385, 252, 386, 250, -1, 2, 2.0344439357957027, 2.23606797749979
16, 85, 926, 504, 931, 504, -5, 0, 3.141592653589793, 5.0
16, 87, 171, 328, 173, 327, -2, 1, 2.677945044588987, 2.23606797749979
16, 91, 472, 377, 473, 382, -1, -5, -1.7681918866447774, 5.0990195135927845
16, 92, 484, 218, 485, 221, -1, -3, -1.892546881191539, 3.1622776601683795
16, 93, 780, 664, 781, 668, -1, -4, -1.8157749899217608, 4.123105625617661
16, 94, 179, 328, 181, 327, -2, 1, 2.677945044588987, 2.23606797749979
16, 96, 642, 224, 644, 223, -2, 1, 2.677945044588987, 2.23606797749979
16, 98, 1206, 155, 1207, 152, -1, 3, 1.892546881191539, 3.1622776601683795
16, 101, 951, 23, 954, 23, -3, 0, 3.141592653589793, 3.0
16, 102, 1258, 434, 1261, 439, -3, -5, -2.1112158270654806, 5.830951894845301
16, 103, 1015, 366, 1014, 363, 1, 3, 1.2490457723982544, 3.1622776601683795
16, 104, 1023, 279, 1021, 277, 2, 2, 0.7853981633974483, 2.8284271247461903
16, 105, 1136, 164, 1136, 162, 0, 2, 1.5707963267948966, 2.0
16, 106, 530, 363, 531, 366, -1, -3, -1.892546881191539, 3.1622776601683795
16, 107, 647, 174, 647, 172, 0, 2, 1.5707963267948966, 2.0
16, 109, 197, 49, 196, 50, 1, -1, -0.7853981633974483, 1.4142135623730951
16, 111, 1014, 415, 1013, 413, 1, 2, 1.1071487177940904, 2.23606797749979
16, 112, 1254, 487, 1257, 491, -3, -4, -2.214297435588181, 5.0
16, 113, 1244, 547, 1246, 550, -2, -3, -2.158798930342464, 3.605551275463989
16, 114, 409, 187, 410, 186, -1, 1, 2.356194490192345, 1.4142135623730951
16, 115, 490, 499, 488, 506, 2, -7, -1.2924966677897853, 7.280109889280518
16, 116, 1172, 158, 1172, 156, 0, 2, 1.5707963267948966, 2.0
16, 117, 1001, 429, 999, 427, 2, 2, 0.7853981633974483, 2.8284271247461903
17, 0, 826, 89, 827, 94, -1, -5, -1.7681918866447774, 5.0990195135927845
17, 1, 810, 68, 812, 72, -2, -4, -2.0344439357957027, 4.47213595499958
17, 2, 165, 339, 168, 336, -3, 3, 2.356194490192345, 4.242640687119285
17, 3, 510, 13, 510, 18, 0, -5, -1.5707963267948966, 5.0
17, 4, 1245, 417, 1248, 420, -3, -3, -2.356194490192345, 4.242640687119285
17, 6, 1220, 500, 1223, 501, -3, -1, -2.819842099193151, 3.1622776601683795
17, 7, 742, 50, 744, 48, -2, 2, 2.356194490192345, 2.8284271247461903
17, 8, 477, 389, 477, 393, 0, -4, -1.5707963267948966, 4.0
17, 9, 480, 134, 482, 139, -2, -5, -1.9513027039072615, 5.385164807134504
17, 10, 755, 638, 756, 640, -1, -2, -2.0344439357957027, 2.23606797749979
17, 12, 822, 111, 823, 116, -1, -5, -1.7681918866447774, 5.0990195135927845
17, 13, 815, 59, 817, 63, -2, -4, -2.0344439357957027, 4.47213595499958
17, 14, 770, 349, 768, 350, 2, -1, -0.4636476090008061, 2.23606797749979
17, 15, 1252, 459, 1257, 464, -5, -5, -2.356194490192345, 7.0710678118654755
17, 17, 492, 137, 494, 142, -2, -5, -1.9513027039072615, 5.385164807134504
17, 18, 543, 41, 544, 45, -1, -4, -1.8157749899217608, 4.123105625617661
17, 19, 1231, 472, 1234, 473, -3, -1, -2.819842099193151, 3.1622776601683795
17, 20, 951, 530, 955, 533, -4, -3, -2.498091544796509, 5.0
17, 21, 459, 394, 461, 397, -2, -3, -2.158798930342464, 3.605551275463989
17, 22, 612, 51, 612, 54, 0, -3, -1.5707963267948966, 3.0
17, 23, 631, 141, 631, 137, 0, 4, 1.5707963267948966, 4.0
17, 24, 920, 513, 923, 513, -3, 0, 3.141592653589793, 3.0
17, 25, 676, 86, 676, 82, 0, 4, 1.5707963267948966, 4.0
17, 26, 609, 78, 608, 81, 1, -3, -1.2490457723982544, 3.1622776601683795
17, 27, 928, 475, 933, 477, -5, -2, -2.761086276477428, 5.385164807134504
17, 28, 946, 488, 951, 487, -5, 1, 2.9441970937399127, 5.0990195135927845
17, 29, 183, 410, 186, 408, -3, 2, 2.5535900500422257, 3.605551275463989
17, 30, 797, 85, 799, 89, -2, -4, -2.0344439357957027, 4.47213595499958
17, 31, 507, 299, 508, 303, -1, -4, -1.8157749899217608, 4.123105625617661
17, 32, 790, 356, 791, 360, -1, -4, -1.8157749899217608, 4.123105625617661
17, 33, 513, 257, 513, 262, 0, -5, -1.5707963267948966, 5.0
17, 34, 960, 524, 964, 527, -4, -3, -2.498091544796509, 5.0
17, 35, 483, 125, 485, 130, -2, -5, -1.9513027039072615, 5.385164807134504
17, 36, 1013, 255, 1011, 253, 2, 2, 0.7853981633974483, 2.8284271247461903
17, 37, 941, 38, 944, 39, -3, -1, -2.819842099193151, 3.1622776601683795
17, 38, 279, 66, 278, 68, 1, -2, -1.1071487177940904, 2.23606797749979
17, 39, 524, 270, 524, 274, 0, -4, -1.5707963267948966, 4.0
17, 40, 998, 396, 996, 392, 2, 4, 1.1071487177940904, 4.47213595499958
17, 41, 190, 44, 189, 45, 1, -1, -0.7853981633974483, 1.4142135623730951
17, 42, 1146, 162, 1146, 159, 0, 3, 1.5707963267948966, 3.0
17, 43, 1025, 263, 1023, 259, 2, 4, 1.1071487177940904, 4.47213595499958
17, 44, 685, 99, 685, 95, 0, 4, 1.5707963267948966, 4.0
17, 45, 205, 388, 207, 388, -2, 0, 3.141592653589793, 2.0
17, 46, 989, 334, 988, 332, 1, 2, 1.1071487177940904, 2.23606797749979
17, 47, 1245, 430, 1250, 435, -5, -5, -2.356194490192345, 7.0710678118654755
17, 49, 494, 215, 495, 218, -1, -3, -1.892546881191539, 3.1622776601683795
17, 50, 667, 147, 668, 144, -1, 3, 1.892546881191539, 3.1622776601683795
17, 51, 1186, 110, 1186, 108, 0, 2, 1.5707963267948966, 2.0
17, 52, 793, 589, 794, 591, -1, -2, -2.0344439357957027, 2.23606797749979
17, 53, 989, 294, 988, 291, 1, 3, 1.2490457723982544, 3.1622776601683795
17, 54, 389, 210, 390, 208, -1, 2, 2.0344439357957027, 2.23606797749979
17, 56, 387, 153, 388, 150, -1, 3, 1.892546881191539, 3.1622776601683795
17, 57, 489, 15, 489, 20, 0, -5, -1.5707963267948966, 5.0
17, 58, 610, 70, 609, 73, 1, -3, -1.2490457723982544, 3.1622776601683795
17, 59, 1025, 251, 1024, 247, 1, 4, 1.3258176636680326, 4.123105625617661
17, 60, 734, 55, 736, 53, -2, 2, 2.356194490192345, 2.8284271247461903
17, 61, 1222, 131, 1222, 128, 0, 3, 1.5707963267948966, 3.0
17, 63, 488, 427, 490, 431, -2, -4, -2.0344439357957027, 4.47213595499958
17, 64, 179, 12, 176, 15, 3, -3, -0.7853981633974483, 4.242640687119285
17, 65, 826, 75, 827, 79, -1, -4, -1.8157749899217608, 4.123105625617661
17, 66, 48, 574, 44, 573, 4, 1, 0.24497866312686414, 4.123105625617661
17, 67, 510, 271, 511, 275, -1, -4, -1.8157749899217608, 4.123105625617661
17, 69, 501, 41, 502, 44, -1, -3, -1.892546881191539, 3.1622776601683795
17, 70, 915, 503, 917, 501, -2, 2, 2.356194490192345, 2.8284271247461903
17, 71, 1152, 219, 1150, 215, 2, 4, 1.1071487177940904, 4.47213595499958
17, 72, 113, 647, 113, 643, 0, 4, 1.5707963267948966, 4.0
17, 74, 1018, 250, 1017, 246, 1, 4, 1.3258176636680326, 4.123105625617661
17, 75, 534, 298, 535, 302, -1, -4, -1.8157749899217608, 4.123105625617661
17, 76, 81, 617, 78, 615, 3, 2, 0.5880026035475675, 3.605551275463989
17, 77, 809, 146, 810, 148, -1, -2, -2.0344439357957027, 2.23606797749979
17, 78, 929, 495, 933, 495, -4, 0, 3.141592653589793, 4.0
17, 79, 1043, 397, 1041, 394, 2, 3, 0.982793723247329, 3.605551275463989
17, 80, 1138, 188, 1139, 186, -1, 2, 2.0344439357957027, 2.23606797749979
17, 81, 1223, 495, 1227, 496, -4, -1, -2.896613990462929, 4.123105625617661
17, 82, 167, 394, 168, 392, -1, 2, 2.0344439357957027, 2.23606797749979
17, 83, 383, 254, 385, 252, -2, 2, 2.356194490192345, 2.8284271247461903
17, 84, 923, 503, 926, 504, -3, -1, -2.819842099193151, 3.1622776601683795
17, 86, 168, 331, 171, 328, -3, 3, 2.356194490192345, 4.242640687119285
17, 89, 619, 182, 620, 180, -1, 2, 2.0344439357957027, 2.23606797749979
17, 90, 471, 371, 472, 377, -1, -6, -1.7359450042095235, 6.082762530298219
17, 91, 482, 215, 484, 218, -2, -3, -2.158798930342464, 3.605551275463989
17, 92, 778, 660, 780, 664, -2, -4, -2.0344439357957027, 4.47213595499958
17, 93, 176, 331, 179, 328, -3, 3, 2.356194490192345, 4.242640687119285
17, 95, 639, 226, 642, 224, -3, 2, 2.5535900500422257, 3.605551275463989
17, 96, 672, 93, 672, 89, 0, 4, 1.5707963267948966, 4.0
17, 97, 1206, 159, 1206, 155, 0, 4, 1.5707963267948966, 4.0
17, 99, 1186, 76, 1186, 73, 0, 3, 1.5707963267948966, 3.0
17, 100, 947, 22, 951, 23, -4, -1, -2.896613990462929, 4.123105625617661
17, 101, 1254, 430, 1258, 434, -4, -4, -2.356194490192345, 5.656854249492381
17, 102, 1018, 369, 1015, 366, 3, 3, 0.7853981633974483, 4.242640687119285
17, 103, 1025, 281, 1023, 279, 2, 2, 0.7853981633974483, 2.8284271247461903
17, 104, 1136, 168, 1136, 164, 0, 4, 1.5707963267948966, 4.0
17, 105, 529, 360, 530, 363, -1, -3, -1.892546881191539, 3.1622776601683795
17, 106, 647, 177, 647, 174, 0, 3, 1.5707963267948966, 3.0
17, 108, 198, 48, 197, 49, 1, -1, -0.7853981633974483, 1.4142135623730951
17, 110, 1012, 416, 1014, 415, -2, 1, 2.677945044588987, 2.23606797749979
17, 111, 1251, 484, 1254, 487, -3, -3, -2.356194490192345, 4.242640687119285
17, 112, 1240, 539, 1244, 547, -4, -8, -2.0344439357957027, 8.94427190999916
17, 113, 408, 189, 409, 187, -1, 2, 2.0344439357957027, 2.23606797749979
17, 114, 489, 491, 490, 499, -1, -8, -1.695151321341658, 8.06225774829855
17, 115, 1172, 162, 1172, 158, 0, 4, 1.5707963267948966, 4.0
17, 116, 1004, 429, 1001, 429, 3, 0, 0.0, 3.0
18, 0, 825, 87, 826, 89, -1, -2, -2.0344439357957027, 2.23606797749979
18, 1, 809, 66, 810, 68, -1, -2, -2.0344439357957027, 2.23606797749979
18, 2, 163, 342, 165, 339, -2, 3, 2.158798930342464, 3.605551275463989
18, 3, 509, 10, 510, 13, -1, -3, -1.892546881191539, 3.1622776601683795
18, 4, 1242, 413, 1245, 417, -3, -4, -2.214297435588181, 5.0
18, 5, 1217, 500, 1220, 500, -3, 0, 3.141592653589793, 3.0
18, 7, 477, 384, 477, 389, 0, -5, -1.5707963267948966, 5.0
18, 8, 478, 132, 480, 134, -2, -2, -2.356194490192345, 2.8284271247461903
18, 9, 754, 635, 755, 638, -1, -3, -1.892546881191539, 3.1622776601683795
18, 11, 821, 109, 822, 111, -1, -2, -2.0344439357957027, 2.23606797749979
18, 12, 813, 57, 815, 59, -2, -2, -2.356194490192345, 2.8284271247461903
18, 14, 1248, 457, 1252, 459, -4, -2, -2.677945044588987, 4.47213595499958
18, 16, 490, 134, 492, 137, -2, -3, -2.158798930342464, 3.605551275463989
18, 18, 1228, 468, 1231, 472, -3, -4, -2.214297435588181, 5.0
18, 19, 946, 529, 951, 530, -5, -1, -2.9441970937399127, 5.0990195135927845
18, 20, 458, 390, 459, 394, -1, -4, -1.8157749899217608, 4.123105625617661
18, 21, 612, 49, 612, 51, 0, -2, -1.5707963267948966, 2.0
18, 23, 915, 513, 920, 513, -5, 0, 3.141592653589793, 5.0
18, 24, 676, 88, 676, 86, 0, 2, 1.5707963267948966, 2.0
18, 25, 609, 76, 609, 78, 0, -2, -1.5707963267948966, 2.0
18, 26, 923, 474, 928, 475, -5, -1, -2.9441970937399127, 5.0990195135927845
18, 27, 941, 489, 946, 488, -5, 1, 2.9441970937399127, 5.0990195135927845
18, 28, 181, 412, 183, 410, -2, 2, 2.356194490192345, 2.8284271247461903
18, 29, 796, 82, 797, 85, -1, -3, -1.892546881191539, 3.1622776601683795
18, 30, 506, 294, 507, 299, -1, -5, -1.7681918866447774, 5.0990195135927845
18, 31, 790, 353, 790, 356, 0, -3, -1.5707963267948966, 3.0
18, 32, 513, 252, 513, 257, 0, -5, -1.5707963267948966, 5.0
18, 33, 955, 523, 960, 524, -5, -1, -2.9441970937399127, 5.0990195135927845
18, 34, 481, 123, 483, 125, -2, -2, -2.356194490192345, 2.8284271247461903
18, 35, 1014, 258, 1013, 255, 1, 3, 1.2490457723982544, 3.1622776601683795
18, 36, 939, 37, 941, 38, -2, -1, -2.677945044588987, 2.23606797749979
18, 37, 279, 64, 279, 66, 0, -2, -1.5707963267948966, 2.0
18, 38, 524, 265, 524, 270, 0, -5, -1.5707963267948966, 5.0
18, 39, 999, 398, 998, 396, 1, 2, 1.1071487177940904, 2.23606797749979
18, 40, 191, 42, 190, 44, 1, -2, -1.1071487177940904, 2.23606797749979
18, 41, 1146, 164, 1146, 162, 0, 2, 1.5707963267948966, 2.0
18, 42, 1026, 267, 1025, 263, 1, 4, 1.3258176636680326, 4.123105625617661
18, 43, 685, 101, 685, 99, 0, 2, 1.5707963267948966, 2.0
18, 44, 202, 391, 205, 388, -3, 3, 2.356194490192345, 4.242640687119285
18, 45, 992, 334, 989, 334, 3, 0, 0.0, 3.0
18, 46, 1242, 425, 1245, 430, -3, -5, -2.1112158270654806, 5.830951894845301
18, 48, 493, 213, 494, 215, -1, -2, -2.0344439357957027, 2.23606797749979
18, 49, 667, 149, 667, 147, 0, 2, 1.5707963267948966, 2.0
18, 50, 1185, 112, 1186, 110, -1, 2, 2.0344439357957027, 2.23606797749979
18, 51, 792, 586, 793, 589, -1, -3, -1.892546881191539, 3.1622776601683795
18, 52, 989, 297, 989, 294, 0, 3, 1.5707963267948966, 3.0
18, 53, 388, 211, 389, 210, -1, 1, 2.356194490192345, 1.4142135623730951
18, 55, 386, 155, 387, 153, -1, 2, 2.0344439357957027, 2.23606797749979
18, 57, 610, 68, 610, 70, 0, -2, -1.5707963267948966, 2.0
18, 58, 1025, 255, 1025, 251, 0, 4, 1.5707963267948966, 4.0
18, 60, 1221, 133, 1222, 131, -1, 2, 2.0344439357957027, 2.23606797749979
18, 62, 487, 422, 488, 427, -1, -5, -1.7681918866447774, 5.0990195135927845
18, 63, 180, 11, 179, 12, 1, -1, -0.7853981633974483, 1.4142135623730951
18, 64, 825, 73, 826, 75, -1, -2, -2.0344439357957027, 2.23606797749979
18, 65, 50, 575, 48, 574, 2, 1, 0.4636476090008061, 2.23606797749979
18, 66, 509, 266, 510, 271, -1, -5, -1.7681918866447774, 5.0990195135927845
18, 68, 911, 504, 915, 503, -4, 1, 2.896613990462929, 4.123105625617661
18, 69, 1151, 221, 1152, 219, -1, 2, 2.0344439357957027, 2.23606797749979
18, 70, 111, 650, 113, 647, -2, 3, 2.158798930342464, 3.605551275463989
18, 72, 1018, 254, 1018, 250, 0, 4, 1.5707963267948966, 4.0
18, 73, 533, 294, 534, 298, -1, -4, -1.8157749899217608, 4.123105625617661
18, 74, 83, 619, 81, 617, 2, 2, 0.7853981633974483, 2.8284271247461903
18, 75, 925, 495, 929, 495, -4, 0, 3.141592653589793, 4.0
18, 76, 1044, 400, 1043, 397, 1, 3, 1.2490457723982544, 3.1622776601683795
18, 78, 1219, 495, 1223, 495, -4, 0, 3.141592653589793, 4.0
18, 79, 167, 397, 167, 394, 0, 3, 1.5707963267948966, 3.0
18, 80, 382, 255, 383, 254, -1, 1, 2.356194490192345, 1.4142135623730951
18, 81, 919, 503, 923, 503, -4, 0, 3.141592653589793, 4.0
18, 83, 166, 334, 168, 331, -2, 3, 2.158798930342464, 3.605551275463989
18, 84, 676, 171, 677, 170, -1, 1, 2.356194490192345, 1.4142135623730951
18, 86, 619, 184, 619, 182, 0, 2, 1.5707963267948966, 2.0
18, 87, 470, 366, 471, 371, -1, -5, -1.7681918866447774, 5.0990195135927845
18, 88, 481, 210, 482, 215, -1, -5, -1.7681918866447774, 5.0990195135927845
18, 89, 777, 656, 778, 660, -1, -4, -1.8157749899217608, 4.123105625617661
18, 90, 174, 334, 176, 331, -2, 3, 2.158798930342464, 3.605551275463989
18, 93, 672, 95, 672, 93, 0, 2, 1.5707963267948966, 2.0
18, 94, 1206, 161, 1206, 159, 0, 2, 1.5707963267948966, 2.0
18, 96, 1185, 78, 1186, 76, -1, 2, 2.0344439357957027, 2.23606797749979
18, 97, 945, 22, 947, 22, -2, 0, 3.141592653589793, 2.0
18, 98, 1251, 425, 1254, 430, -3, -5, -2.1112158270654806, 5.830951894845301
18, 99, 1019, 371, 1018, 369, 1, 2, 1.1071487177940904, 2.23606797749979
18, 100, 1026, 284, 1025, 281, 1, 3, 1.2490457723982544, 3.1622776601683795
18, 101, 1136, 170, 1136, 168, 0, 2, 1.5707963267948966, 2.0
18, 102, 528, 357, 529, 360, -1, -3, -1.892546881191539, 3.1622776601683795
18, 103, 647, 179, 647, 177, 0, 2, 1.5707963267948966, 2.0
18, 105, 198, 46, 198, 48, 0, -2, -1.5707963267948966, 2.0
18, 107, 1013, 418, 1012, 416, 1, 2, 1.1071487177940904, 2.23606797749979
18, 108, 1248, 481, 1251, 484, -3, -3, -2.356194490192345, 4.242640687119285
18, 109, 1236, 535, 1240, 539, -4, -4, -2.356194490192345, 5.656854249492381
18, 110, 407, 190, 408, 189, -1, 1, 2.356194490192345, 1.4142135623730951
18, 111, 489, 486, 489, 491, 0, -5, -1.5707963267948966, 5.0
18, 112, 1172, 164, 1172, 162, 0, 2, 1.5707963267948966, 2.0
18, 113, 1006, 430, 1004, 429, 2, 1, 0.4636476090008061, 2.23606797749979
19, 0, 824, 85, 825, 87, -1, -2, -2.0344439357957027, 2.23606797749979
19, 1, 808, 64, 809, 66, -1, -2, -2.0344439357957027, 2.23606797749979
19, 2, 161, 345, 163, 342, -2, 3, 2.158798930342464, 3.605551275463989
19, 4, 1239, 409, 1242, 413, -3, -4, -2.214297435588181, 5.0
19, 5, 1215, 500, 1217, 500, -2, 0, 3.141592653589793, 2.0
19, 7, 476, 379, 477, 384, -1, -5, -1.7681918866447774, 5.0990195135927845
19, 8, 476, 129, 478, 132, -2, -3, -2.158798930342464, 3.605551275463989
19, 9, 753, 632, 754, 635, -1, -3, -1.892546881191539, 3.1622776601683795
19, 11, 820, 107, 821, 109, -1, -2, -2.0344439357957027, 2.23606797749979
19, 12, 811, 55, 813, 57, -2, -2, -2.356194490192345, 2.8284271247461903
19, 13, 769, 346, 770, 348, -1, -2, -2.0344439357957027, 2.23606797749979
19, 14, 1245, 453, 1248, 457, -3, -4, -2.214297435588181, 5.0
19, 16, 488, 131, 490, 134, -2, -3, -2.158798930342464, 3.605551275463989
19, 17, 542, 38, 543, 40, -1, -2, -2.0344439357957027, 2.23606797749979
19, 18, 1225, 464, 1228, 468, -3, -4, -2.214297435588181, 5.0
19, 19, 941, 527, 946, 529, -5, -2, -2.761086276477428, 5.385164807134504
19, 20, 457, 386, 458, 390, -1, -4, -1.8157749899217608, 4.123105625617661
19, 21, 612, 47, 612, 49, 0, -2, -1.5707963267948966, 2.0
19, 23, 910, 513, 915, 513, -5, 0, 3.141592653589793, 5.0
19, 24, 676, 90, 676, 88, 0, 2, 1.5707963267948966, 2.0
19, 25, 609, 73, 609, 76, 0, -3, -1.5707963267948966, 3.0
19, 26, 918, 473, 923, 474, -5, -1, -2.9441970937399127, 5.0990195135927845
19, 27, 936, 490, 941, 489, -5, 1, 2.9441970937399127, 5.0990195135927845
19, 28, 179, 414, 181, 412, -2, 2, 2.356194490192345, 2.8284271247461903
19, 29, 795, 79, 796, 82, -1, -3, -1.892546881191539, 3.1622776601683795
19, 30, 505, 289, 506, 294, -1, -5, -1.7681918866447774, 5.0990195135927845
19, 31, 790, 349, 790, 353, 0, -4, -1.5707963267948966, 4.0
19, 32, 513, 248, 513, 252, 0, -4, -1.5707963267948966, 4.0
19, 33, 950, 521, 955, 523, -5, -2, -2.761086276477428, 5.385164807134504
19, 34, 480, 120, 481, 123, -1, -3, -1.892546881191539, 3.1622776601683795
19, 35, 1015, 261, 1014, 258, 1, 3, 1.2490457723982544, 3.1622776601683795
19, 36, 278, 62, 279, 64, -1, -2, -2.0344439357957027, 2.23606797749979
19, 37, 524, 261, 524, 265, 0, -4, -1.5707963267948966, 4.0
19, 38, 1000, 400, 999, 398, 1, 2, 1.1071487177940904, 2.23606797749979
19, 39, 192, 40, 191, 42, 1, -2, -1.1071487177940904, 2.23606797749979
19, 41, 1027, 271, 1026, 267, 1, 4, 1.3258176636680326, 4.123105625617661
19, 42, 685, 103, 685, 101, 0, 2, 1.5707963267948966, 2.0
19, 43, 200, 393, 202, 391, -2, 2, 2.356194490192345, 2.8284271247461903
19, 45, 1239, 421, 1242, 425, -3, -4, -2.214297435588181, 5.0
19, 47, 492, 210, 493, 213, -1, -3, -1.892546881191539, 3.1622776601683795
19, 49, 1185, 114, 1185, 112, 0, 2, 1.5707963267948966, 2.0
19, 50, 791, 583, 792, 586, -1, -3, -1.892546881191539, 3.1622776601683795
19, 51, 989, 300, 989, 297, 0, 3, 1.5707963267948966, 3.0
19, 54, 385, 157, 386, 155, -1, 2, 2.0344439357957027, 2.23606797749979
19, 56, 610, 65, 610, 68, 0, -3, -1.5707963267948966, 3.0
19, 57, 1026, 259, 1025, 255, 1, 4, 1.3258176636680326, 4.123105625617661
19, 61, 486, 418, 487, 422, -1, -4, -1.8157749899217608, 4.123105625617661
19, 62, 181, 10, 180, 11, 1, -1, -0.7853981633974483, 1.4142135623730951
19, 63, 824, 71, 825, 73, -1, -2, -2.0344439357957027, 2.23606797749979
19, 64, 52, 576, 50, 575, 2, 1, 0.4636476090008061, 2.23606797749979
19, 65, 509, 261, 509, 266, 0, -5, -1.5707963267948966, 5.0
19, 66, 501, 38, 501, 40, 0, -2, -1.5707963267948966, 2.0
19, 67, 907, 505, 911, 504, -4, 1, 2.896613990462929, 4.123105625617661
19, 69, 110, 653, 111, 650, -1, 3, 1.892546881191539, 3.1622776601683795
19, 71, 1019, 258, 1018, 254, 1, 4, 1.3258176636680326, 4.123105625617661
19, 72, 532, 290, 533, 294, -1, -4, -1.8157749899217608, 4.123105625617661
19, 73, 85, 622, 83, 619, 2, 3, 0.982793723247329, 3.605551275463989
19, 74, 921, 495, 925, 495, -4, 0, 3.141592653589793, 4.0
19, 75, 1045, 403, 1044, 400, 1, 3, 1.2490457723982544, 3.1622776601683795
19, 77, 1216, 495, 1219, 495, -3, 0, 3.141592653589793, 3.0
19, 78, 166, 400, 167, 397, -1, 3, 1.892546881191539, 3.1622776601683795
19, 79, 380, 256, 382, 255, -2, 1, 2.677945044588987, 2.23606797749979
19, 80, 915, 503, 919, 503, -4, 0, 3.141592653589793, 4.0
19, 82, 164, 338, 166, 334, -2, 4, 2.0344439357957027, 4.47213595499958
19, 86, 469, 361, 470, 366, -1, -5, -1.7681918866447774, 5.0990195135927845
19, 87, 481, 204, 481, 210, 0, -6, -1.5707963267948966, 6.0
19, 88, 776, 653, 777, 656, -1, -3, -1.892546881191539, 3.1622776601683795
19, 89, 172, 338, 174, 334, -2, 4, 2.0344439357957027, 4.47213595499958
19, 92, 672, 97, 672, 95, 0, 2, 1.5707963267948966, 2.0
19, 94, 545, 22, 544, 23, 1, -1, -0.7853981633974483, 1.4142135623730951
19, 95, 1184, 80, 1185, 78, -1, 2, 2.0344439357957027, 2.23606797749979
19, 96, 943, 22, 945, 22, -2, 0, 3.141592653589793, 2.0
19, 97, 1248, 421, 1251, 425, -3, -4, -2.214297435588181, 5.0
19, 98, 1020, 374, 1019, 371, 1, 3, 1.2490457723982544, 3.1622776601683795
19, 99, 1027, 288, 1026, 284, 1, 4, 1.3258176636680326, 4.123105625617661
19, 101, 527, 354, 528, 357, -1, -3, -1.892546881191539, 3.1622776601683795
19, 104, 198, 43, 198, 46, 0, -3, -1.5707963267948966, 3.0
19, 106, 1013, 421, 1013, 418, 0, 3, 1.5707963267948966, 3.0
19, 107, 1246, 477, 1248, 481, -2, -4, -2.0344439357957027, 4.47213595499958
19, 108, 1232, 531, 1236, 535, -4, -4, -2.356194490192345, 5.656854249492381
19, 109, 406, 192, 407, 190, -1, 2, 2.0344439357957027, 2.23606797749979
19, 110, 486, 483, 489, 486, -3, -3, -2.356194490192345, 4.242640687119285
19, 111, 1172, 166, 1172, 164, 0, 2, 1.5707963267948966, 2.0
19, 112, 1007, 432, 1006, 430, 1, 2, 1.1071487177940904, 2.23606797749979
20, 0, 828, 88, 829, 90, -1, -2, -2.0344439357957027, 2.23606797749979
20, 1, 166, 345, 167, 341, -1, 4, 1.8157749899217608, 4.123105625617661
20, 2, 993, 300, 992, 297, 1, 3, 1.2490457723982544, 3.1622776601683795
20, 4, 798, 84, 799, 87, -1, -3, -1.892546881191539, 3.1622776601683795
20, 5, 611, 76, 611, 78, 0, -2, -1.5707963267948966, 2.0
20, 6, 945, 533, 950, 534, -5, -1, -2.9441970937399127, 5.0990195135927845
20, 7, 478, 379, 478, 384, 0, -5, -1.5707963267948966, 5.0
20, 8, 819, 70, 820, 72, -1, -2, -2.0344439357957027, 2.23606797749979
20, 9, 796, 348, 797, 352, -1, -4, -1.8157749899217608, 4.123105625617661
20, 10, 491, 136, 493, 139, -2, -3, -2.158798930342464, 3.605551275463989
20, 11, 812, 61, 813, 63, -1, -2, -2.0344439357957027, 2.23606797749979
20, 13, 1259, 452, 1263, 457, -4, -5, -2.2455372690184494, 6.4031242374328485
20, 14, 534, 294, 535, 298, -1, -4, -1.8157749899217608, 4.123105625617661
20, 15, 479, 135, 481, 138, -2, -3, -2.158798930342464, 3.605551275463989
20, 16, 918, 549, 922, 549, -4, 0, 3.141592653589793, 4.0
20, 18, 507, 294, 508, 299, -1, -5, -1.7681918866447774, 5.0990195135927845
20, 20, 463, 381, 463, 386, 0, -5, -1.5707963267948966, 5.0
20, 21, 1240, 410, 1243, 414, -3, -4, -2.214297435588181, 5.0
20, 22, 1261, 104, 1265, 104, -4, 0, 3.141592653589793, 4.0
20, 24, 544, 42, 545, 44, -1, -2, -2.0344439357957027, 2.23606797749979
20, 25, 1244, 424, 1247, 429, -3, -5, -2.1112158270654806, 5.830951894845301
20, 26, 494, 218, 495, 220, -1, -2, -2.0344439357957027, 2.23606797749979
20, 27, 1025, 288, 1024, 284, 1, 4, 1.3258176636680326, 4.123105625617661
20, 29, 478, 434, 478, 439, 0, -5, -1.5707963267948966, 5.0
20, 30, 999, 396, 998, 393, 1, 3, 1.2490457723982544, 3.1622776601683795
20, 31, 1226, 456, 1229, 459, -3, -3, -2.356194490192345, 4.242640687119285
20, 33, 482, 127, 484, 129, -2, -2, -2.356194490192345, 2.8284271247461903
20, 34, 939, 488, 944, 487, -5, 1, 2.9441970937399127, 5.0990195135927845
20, 35, 1013, 263, 1012, 260, 1, 3, 1.2490457723982544, 3.1622776601683795
20, 36, 823, 115, 824, 117, -1, -2, -2.0344439357957027, 2.23606797749979
20, 37, 686, 103, 686, 101, 0, 2, 1.5707963267948966, 2.0
20, 38, 669, 150, 669, 148, 0, 2, 1.5707963267948966, 2.0
20, 39, 680, 89, 680, 87, 0, 2, 1.5707963267948966, 2.0
20, 40, 811, 71, 812, 73, -1, -2, -2.0344439357957027, 2.23606797749979
20, 41, 614, 51, 614, 54, 0, -3, -1.5707963267948966, 3.0
20, 44, 515, 255, 515, 259, 0, -4, -1.5707963267948966, 4.0
20, 45, 776, 640, 777, 646, -1, -6, -1.7359450042095235, 6.082762530298219
20, 46, 1026, 269, 1025, 265, 1, 4, 1.3258176636680326, 4.123105625617661
20, 47, 389, 156, 389, 154, 0, 2, 1.5707963267948966, 2.0
20, 49, 921, 478, 926, 479, -5, -1, -2.9441970937399127, 5.0990195135927845
20, 50, 277, 67, 277, 69, 0, -2, -1.5707963267948966, 2.0
20, 51, 612, 68, 612, 71, 0, -3, -1.5707963267948966, 3.0
20, 53, 825, 76, 826, 78, -1, -2, -2.0344439357957027, 2.23606797749979
20, 55, 512, 267, 512, 271, 0, -4, -1.5707963267948966, 4.0
20, 56, 911, 525, 916, 525, -5, 0, 3.141592653589793, 5.0
20, 57, 752, 622, 753, 625, -1, -3, -1.892546881191539, 3.1622776601683795
20, 59, 525, 266, 525, 270, 0, -4, -1.5707963267948966, 4.0
20, 61, 477, 483, 478, 485, -1, -2, -2.0344439357957027, 2.23606797749979
20, 62, 913, 513, 917, 513, -4, 0, 3.141592653589793, 4.0
20, 65, 787, 574, 789, 577, -2, -3, -2.158798930342464, 3.605551275463989
20, 68, 767, 342, 768, 344, -1, -2, -2.0344439357957027, 2.23606797749979
20, 69, 907, 504, 911, 504, -4, 0, 3.141592653589793, 4.0
20, 70, 1217, 499, 1219, 499, -2, 0, 3.141592653589793, 2.0
20, 72, 168, 398, 169, 395, -1, 3, 1.892546881191539, 3.1622776601683795
20, 73, 184, 445, 186, 440, -2, 5, 1.9513027039072615, 5.385164807134504
20, 75, 1261, 475, 1263, 478, -2, -3, -2.158798930342464, 3.605551275463989
20, 76, 284, 49, 283, 53, 1, -4, -1.3258176636680326, 4.123105625617661
20, 77, 813, 145, 814, 147, -1, -2, -2.0344439357957027, 2.23606797749979
20, 78, 169, 336, 170, 332, -1, 4, 1.8157749899217608, 4.123105625617661
20, 80, 936, 479, 941, 479, -5, 0, 3.141592653589793, 5.0
20, 81, 112, 651, 112, 649, 0, 2, 1.5707963267948966, 2.0
20, 83, 1019, 257, 1018, 253, 1, 4, 1.3258176636680326, 4.123105625617661
20, 84, 783, 295, 784, 298, -1, -3, -1.892546881191539, 3.1622776601683795
20, 87, 650, 180, 650, 178, 0, 2, 1.5707963267948966, 2.0
20, 88, 1224, 518, 1227, 520, -3, -2, -2.5535900500422257, 3.605551275463989
20, 89, 1183, 74, 1184, 72, -1, 2, 2.0344439357957027, 2.23606797749979
20, 90, 1022, 367, 1021, 364, 1, 3, 1.2490457723982544, 3.1622776601683795
20, 91, 915, 505, 919, 505, -4, 0, 3.141592653589793, 4.0
20, 94, 178, 336, 179, 332, -1, 4, 1.8157749899217608, 4.123105625617661
20, 95, 953, 526, 958, 527, -5, -1, -2.9441970937399127, 5.0990195135927845
20, 96, 1026, 258, 1025, 254, 1, 4, 1.3258176636680326, 4.123105625617661
20, 97, 182, 13, 180, 15, 2, -2, -0.7853981633974483, 2.8284271247461903
20, 98, 412, 185, 413, 184, -1, 1, 2.356194490192345, 1.4142135623730951
20, 99, 797, 159, 797, 163, 0, -4, -1.5707963267948966, 4.0
20, 101, 1049, 381, 1047, 377, 2, 4, 1.1071487177940904, 4.47213595499958
20, 104, 584, 21, 581, 21, 3, 0, 0.0, 3.0
20, 105, 472, 365, 472, 370, 0, -5, -1.5707963267948966, 5.0
20, 107, 51, 574, 49, 573, 2, 1, 0.4636476090008061, 2.23606797749979
20, 108, 385, 181, 386, 180, -1, 1, 2.356194490192345, 1.4142135623730951
20, 109, 1234, 518, 1239, 522, -5, -4, -2.4668517113662407, 6.4031242374328485
20, 110, 1185, 114, 1186, 111, -1, 3, 1.892546881191539, 3.1622776601683795
20, 111, 675, 96, 675, 94, 0, 2, 1.5707963267948966, 2.0
20, 114, 804, 78, 805, 80, -1, -2, -2.0344439357957027, 2.23606797749979
20, 116, 492, 459, 491, 465, 1, -6, -1.4056476493802699, 6.082762530298219
20, 120, 85, 620, 83, 618, 2, 2, 0.7853981633974483, 2.8284271247461903
20, 121, 488, 200, 488, 204, 0, -4, -1.5707963267948966, 4.0
20, 124, 1261, 137, 1269, 137, -8, 0, 3.141592653589793, 8.0
21, 0, 827, 86, 828, 88, -1, -2, -2.0344439357957027, 2.23606797749979
21, 1, 165, 349, 166, 345, -1, 4, 1.8157749899217608, 4.123105625617661
21, 2, 994, 303, 993, 300, 1, 3, 1.2490457723982544, 3.1622776601683795
21, 4, 797, 81, 798, 84, -1, -3, -1.892546881191539, 3.1622776601683795
21, 5, 611, 74, 611, 76, 0, -2, -1.5707963267948966, 2.0
21, 6, 940, 531, 945, 533, -5, -2, -2.761086276477428, 5.385164807134504
21, 7, 478, 375, 478, 379, 0, -4, -1.5707963267948966, 4.0
21, 8, 817, 69, 819, 70, -2, -1, -2.677945044588987, 2.23606797749979
21, 9, 795, 344, 796, 348, -1, -4, -1.8157749899217608, 4.123105625617661
21, 10, 489, 133, 491, 136, -2, -3, -2.158798930342464, 3.605551275463989
21, 11, 810, 60, 812, 61, -2, -1, -2.677945044588987, 2.23606797749979
21, 13, 1255, 447, 1259, 452, -4, -5, -2.2455372690184494, 6.4031242374328485
21, 14, 533, 291, 534, 294, -1, -3, -1.892546881191539, 3.1622776601683795
21, 15, 477, 132, 479, 135, -2, -3, -2.158798930342464, 3.605551275463989
21, 16, 913, 549, 918, 549, -5, 0, 3.141592653589793, 5.0
21, 18, 506, 290, 507, 294, -1, -4, -1.8157749899217608, 4.123105625617661
21, 20, 463, 376, 463, 381, 0, -5, -1.5707963267948966, 5.0
21, 21, 1236, 406, 1240, 410, -4, -4, -2.356194490192345, 5.656854249492381
21, 24, 544, 40, 544, 42, 0, -2, -1.5707963267948966, 2.0
21, 25, 1240, 419, 1244, 424, -4, -5, -2.2455372690184494, 6.4031242374328485
21, 26, 494, 215, 494, 218, 0, -3, -1.5707963267948966, 3.0
21, 27, 1026, 292, 1025, 288, 1, 4, 1.3258176636680326, 4.123105625617661
21, 29, 477, 432, 478, 434, -1, -2, -2.0344439357957027, 2.23606797749979
21, 30, 1000, 400, 999, 396, 1, 4, 1.3258176636680326, 4.123105625617661
21, 31, 1223, 453, 1226, 456, -3, -3, -2.356194490192345, 4.242640687119285
21, 33, 480, 124, 482, 127, -2, -3, -2.158798930342464, 3.605551275463989
21, 34, 934, 489, 939, 488, -5, 1, 2.9441970937399127, 5.0990195135927845
21, 35, 1014, 266, 1013, 263, 1, 3, 1.2490457723982544, 3.1622776601683795
21, 36, 686, 105, 686, 103, 0, 2, 1.5707963267948966, 2.0
21, 37, 669, 152, 669, 150, 0, 2, 1.5707963267948966, 2.0
21, 38, 680, 91, 680, 89, 0, 2, 1.5707963267948966, 2.0
21, 39, 809, 70, 811, 71, -2, -1, -2.677945044588987, 2.23606797749979
21, 40, 614, 48, 614, 51, 0, -3, -1.5707963267948966, 3.0
21, 43, 515, 251, 515, 255, 0, -4, -1.5707963267948966, 4.0
21, 44, 775, 634, 776, 640, -1, -6, -1.7359450042095235, 6.082762530298219
21, 45, 1027, 273, 1026, 269, 1, 4, 1.3258176636680326, 4.123105625617661
21, 46, 388, 158, 389, 156, -1, 2, 2.0344439357957027, 2.23606797749979
21, 48, 916, 477, 921, 478, -5, -1, -2.9441970937399127, 5.0990195135927845
21, 50, 612, 66, 612, 68, 0, -2, -1.5707963267948966, 2.0
21, 53, 512, 263, 512, 267, 0, -4, -1.5707963267948966, 4.0
21, 54, 907, 525, 911, 525, -4, 0, 3.141592653589793, 4.0
21, 55, 751, 619, 752, 622, -1, -3, -1.892546881191539, 3.1622776601683795
21, 56, 525, 263, 525, 266, 0, -3, -1.5707963267948966, 3.0
21, 57, 1161, 136, 1161, 134, 0, 2, 1.5707963267948966, 2.0
21, 58, 909, 513, 913, 513, -4, 0, 3.141592653589793, 4.0
21, 61, 785, 570, 787, 574, -2, -4, -2.0344439357957027, 4.47213595499958
21, 63, 766, 340, 767, 342, -1, -2, -2.0344439357957027, 2.23606797749979
21, 64, 904, 504, 907, 504, -3, 0, 3.141592653589793, 3.0
21, 65, 1214, 499, 1217, 499, -3, 0, 3.141592653589793, 3.0
21, 67, 167, 401, 168, 398, -1, 3, 1.892546881191539, 3.1622776601683795
21, 68, 182, 452, 184, 445, -2, 7, 1.849095985800008, 7.280109889280518
21, 69, 620, 185, 621, 184, -1, 1, 2.356194490192345, 1.4142135623730951
21, 70, 1259, 472, 1261, 475, -2, -3, -2.158798930342464, 3.605551275463989
21, 71, 285, 47, 284, 49, 1, -2, -1.1071487177940904, 2.23606797749979
21, 72, 812, 143, 813, 145, -1, -2, -2.0344439357957027, 2.23606797749979
21, 73, 168, 339, 169, 336, -1, 3, 1.892546881191539, 3.1622776601683795
21, 74, 258, 27, 258, 29, 0, -2, -1.5707963267948966, 2.0
21, 75, 931, 479, 936, 479, -5, 0, 3.141592653589793, 5.0
21, 78, 1020, 261, 1019, 257, 1, 4, 1.3258176636680326, 4.123105625617661
21, 79, 782, 292, 783, 295, -1, -3, -1.892546881191539, 3.1622776601683795
21, 80, 546, 26, 544, 26, 2, 0, 0.0, 2.0
21, 82, 650, 182, 650, 180, 0, 2, 1.5707963267948966, 2.0
21, 83, 1220, 515, 1224, 518, -4, -3, -2.498091544796509, 5.0
21, 84, 1182, 77, 1183, 74, -1, 3, 1.892546881191539, 3.1622776601683795
21, 85, 1023, 370, 1022, 367, 1, 3, 1.2490457723982544, 3.1622776601683795
21, 86, 911, 505, 915, 505, -4, 0, 3.141592653589793, 4.0
21, 89, 177, 340, 178, 336, -1, 4, 1.8157749899217608, 4.123105625617661
21, 90, 948, 524, 953, 526, -5, -2, -2.761086276477428, 5.385164807134504
21, 91, 1027, 262, 1026, 258, 1, 4, 1.3258176636680326, 4.123105625617661
21, 92, 184, 12, 182, 13, 2, -1, -0.4636476090008061, 2.23606797749979
21, 93, 412, 187, 412, 185, 0, 2, 1.5707963267948966, 2.0
21, 94, 797, 156, 797, 159, 0, -3, -1.5707963267948966, 3.0
21, 96, 1051, 385, 1049, 381, 2, 4, 1.1071487177940904, 4.47213595499958
21, 99, 586, 21, 584, 21, 2, 0, 0.0, 2.0
21, 100, 472, 360, 472, 365, 0, -5, -1.5707963267948966, 5.0
21, 102, 54, 575, 51, 574, 3, 1, 0.3217505543966422, 3.1622776601683795
21, 103, 384, 183, 385, 181, -1, 2, 2.0344439357957027, 2.23606797749979
21, 104, 1229, 515, 1234, 518, -5, -3, -2.601173153319209, 5.830951894845301
21, 105, 1184, 116, 1185, 114, -1, 2, 2.0344439357957027, 2.23606797749979
21, 106, 675, 98, 675, 96, 0, 2, 1.5707963267948966, 2.0
21, 109, 803, 76, 804, 78, -1, -2, -2.0344439357957027, 2.23606797749979
21, 110, 192, 431, 194, 432, -2, -1, -2.677945044588987, 2.23606797749979
21, 111, 493, 451, 492, 459, 1, -8, -1.446441332248135, 8.06225774829855
21, 113, 943, 37, 945, 37, -2, 0, 3.141592653589793, 2.0
21, 115, 88, 621, 85, 620, 3, 1, 0.3217505543966422, 3.1622776601683795
22, 0, 825, 83, 827, 86, -2, -3, -2.158798930342464, 3.605551275463989
22, 1, 165, 351, 165, 349, 0, 2, 1.5707963267948966, 2.0
22, 2, 995, 305, 994, 303, 1, 2, 1.1071487177940904, 2.23606797749979
22, 3, 743, 50, 743, 48, 0, 2, 1.5707963267948966, 2.0
22, 4, 795, 77, 797, 81, -2, -4, -2.0344439357957027, 4.47213595499958
22, 5, 611, 70, 611, 74, 0, -4, -1.5707963267948966, 4.0
22, 6, 936, 527, 940, 531, -4, -4, -2.356194490192345, 5.656854249492381
22, 7, 479, 371, 478, 375, 1, -4, -1.3258176636680326, 4.123105625617661
22, 8, 814, 65, 817, 69, -3, -4, -2.214297435588181, 5.0
22, 9, 795, 339, 795, 344, 0, -5, -1.5707963267948966, 5.0
22, 10, 486, 128, 489, 133, -3, -5, -2.1112158270654806, 5.830951894845301
22, 11, 807, 56, 810, 60, -3, -4, -2.214297435588181, 5.0
22, 12, 1149, 166, 1147, 164, 2, 2, 0.7853981633974483, 2.8284271247461903
22, 13, 1251, 443, 1255, 447, -4, -4, -2.356194490192345, 5.656854249492381
22, 14, 532, 287, 533, 291, -1, -4, -1.8157749899217608, 4.123105625617661
22, 15, 474, 128, 477, 132, -3, -4, -2.214297435588181, 5.0
22, 16, 909, 548, 913, 549, -4, -1, -2.896613990462929, 4.123105625617661
22, 18, 506, 284, 506, 290, 0, -6, -1.5707963267948966, 6.0
22, 19, 1149, 22, 1148, 20, 1, 2, 1.1071487177940904, 2.23606797749979
22, 20, 462, 373, 463, 376, -1, -3, -1.892546881191539, 3.1622776601683795
22, 21, 1232, 403, 1236, 406, -4, -3, -2.498091544796509, 5.0
22, 22, 1259, 106, 1260, 104, -1, 2, 2.0344439357957027, 2.23606797749979
22, 23, 1178, 135, 1176, 134, 2, 1, 0.4636476090008061, 2.23606797749979
22, 24, 543, 37, 544, 40, -1, -3, -1.892546881191539, 3.1622776601683795
22, 25, 1236, 415, 1240, 419, -4, -4, -2.356194490192345, 5.656854249492381
22, 26, 493, 210, 494, 215, -1, -5, -1.7681918866447774, 5.0990195135927845
22, 27, 1028, 295, 1026, 292, 2, 3, 0.982793723247329, 3.605551275463989
22, 29, 477, 428, 477, 432, 0, -4, -1.5707963267948966, 4.0
22, 30, 1001, 404, 1000, 400, 1, 4, 1.3258176636680326, 4.123105625617661
22, 31, 1218, 451, 1223, 453, -5, -2, -2.761086276477428, 5.385164807134504
22, 32, 630, 141, 631, 140, -1, 1, 2.356194490192345, 1.4142135623730951
22, 33, 477, 119, 480, 124, -3, -5, -2.1112158270654806, 5.830951894845301
22, 34, 929, 490, 934, 489, -5, 1, 2.9441970937399127, 5.0990195135927845
22, 35, 1016, 268, 1014, 266, 2, 2, 0.7853981633974483, 2.8284271247461903
22, 36, 687, 108, 686, 105, 1, 3, 1.2490457723982544, 3.1622776601683795
22, 37, 668, 154, 669, 152, -1, 2, 2.0344439357957027, 2.23606797749979
22, 38, 681, 94, 680, 91, 1, 3, 1.2490457723982544, 3.1622776601683795
22, 39, 806, 67, 809, 70, -3, -3, -2.356194490192345, 4.242640687119285
22, 40, 614, 45, 614, 48, 0, -3, -1.5707963267948966, 3.0
22, 41, 389, 215, 389, 212, 0, 3, 1.5707963267948966, 3.0
22, 43, 516, 246, 515, 251, 1, -5, -1.373400766945016, 5.0990195135927845
22, 44, 773, 631, 775, 634, -2, -3, -2.158798930342464, 3.605551275463989
22, 45, 1029, 277, 1027, 273, 2, 4, 1.1071487177940904, 4.47213595499958
22, 46, 386, 161, 388, 158, -2, 3, 2.158798930342464, 3.605551275463989
22, 47, 501, 40, 501, 43, 0, -3, -1.5707963267948966, 3.0
22, 48, 910, 475, 916, 477, -6, -2, -2.819842099193151, 6.324555320336759
22, 49, 278, 64, 277, 66, 1, -2, -1.1071487177940904, 2.23606797749979
22, 50, 613, 62, 612, 66, 1, -4, -1.3258176636680326, 4.123105625617661
22, 53, 512, 258, 512, 263, 0, -5, -1.5707963267948966, 5.0
22, 54, 904, 525, 907, 525, -3, 0, 3.141592653589793, 3.0
22, 55, 750, 615, 751, 619, -1, -4, -1.8157749899217608, 4.123105625617661
22, 56, 526, 259, 525, 263, 1, -4, -1.3258176636680326, 4.123105625617661
22, 57, 1162, 139, 1161, 136, 1, 3, 1.2490457723982544, 3.1622776601683795
22, 58, 906, 513, 909, 513, -3, 0, 3.141592653589793, 3.0
22, 60, 1092, 79, 1091, 80, 1, -1, -0.7853981633974483, 1.4142135623730951
22, 61, 784, 567, 785, 570, -1, -3, -1.892546881191539, 3.1622776601683795
22, 62, 383, 257, 384, 254, -1, 3, 1.892546881191539, 3.1622776601683795
22, 63, 765, 338, 766, 340, -1, -2, -2.0344439357957027, 2.23606797749979
22, 64, 902, 503, 904, 504, -2, -1, -2.677945044588987, 2.23606797749979
22, 65, 1209, 498, 1214, 499, -5, -1, -2.9441970937399127, 5.0990195135927845
22, 66, 735, 55, 735, 53, 0, 2, 1.5707963267948966, 2.0
22, 67, 164, 404, 167, 401, -3, 3, 2.356194490192345, 4.242640687119285
22, 68, 180, 456, 182, 452, -2, 4, 2.0344439357957027, 4.47213595499958
22, 69, 620, 187, 620, 185, 0, 2, 1.5707963267948966, 2.0
22, 70, 1255, 469, 1259, 472, -4, -3, -2.498091544796509, 5.0
22, 71, 288, 46, 285, 47, 3, -1, -0.3217505543966422, 3.1622776601683795
22, 72, 811, 141, 812, 143, -1, -2, -2.0344439357957027, 2.23606797749979
22, 73, 167, 341, 168, 339, -1, 2, 2.0344439357957027, 2.23606797749979
22, 74, 258, 24, 258, 27, 0, -3, -1.5707963267948966, 3.0
22, 75, 926, 479, 931, 479, -5, 0, 3.141592653589793, 5.0
22, 77, 630, 216, 631, 212, -1, 4, 1.8157749899217608, 4.123105625617661
22, 78, 1022, 264, 1020, 261, 2, 3, 0.982793723247329, 3.605551275463989
22, 79, 781, 287, 782, 292, -1, -5, -1.7681918866447774, 5.0990195135927845
22, 80, 548, 27, 546, 26, 2, 1, 0.4636476090008061, 2.23606797749979
22, 81, 1140, 170, 1138, 168, 2, 2, 0.7853981633974483, 2.8284271247461903
22, 82, 650, 184, 650, 182, 0, 2, 1.5707963267948966, 2.0
22, 83, 1218, 512, 1220, 515, -2, -3, -2.158798930342464, 3.605551275463989
22, 84, 1181, 81, 1182, 77, -1, 4, 1.8157749899217608, 4.123105625617661
22, 85, 1026, 372, 1023, 370, 3, 2, 0.5880026035475675, 3.605551275463989
22, 86, 909, 504, 911, 505, -2, -1, -2.677945044588987, 2.23606797749979
22, 87, 1124, 99, 1126, 98, -2, 1, 2.677945044588987, 2.23606797749979
22, 89, 175, 342, 177, 340, -2, 2, 2.356194490192345, 2.8284271247461903
22, 90, 944, 520, 948, 524, -4, -4, -2.356194490192345, 5.656854249492381
22, 91, 1029, 265, 1027, 262, 2, 3, 0.982793723247329, 3.605551275463989
22, 93, 411, 191, 412, 187, -1, 4, 1.8157749899217608, 4.123105625617661
22, 94, 797, 154, 797, 156, 0, -2, -1.5707963267948966, 2.0
22, 96, 1052, 390, 1051, 385, 1, 5, 1.373400766945016, 5.0990195135927845
22, 97, 407, 216, 407, 213, 0, 3, 1.5707963267948966, 3.0
22, 98, 390, 264, 390, 261, 0, 3, 1.5707963267948966, 3.0
22, 100, 472, 355, 472, 360, 0, -5, -1.5707963267948966, 5.0
22, 101, 377, 239, 378, 236, -1, 3, 1.892546881191539, 3.1622776601683795
22, 102, 58, 576, 54, 575, 4, 1, 0.24497866312686414, 4.123105625617661
22, 103, 383, 186, 384, 183, -1, 3, 1.892546881191539, 3.1622776601683795
22, 104, 1227, 512, 1229, 515, -2, -3, -2.158798930342464, 3.605551275463989
22, 105, 1184, 120, 1184, 116, 0, 4, 1.5707963267948966, 4.0
22, 106, 676, 101, 675, 98, 1, 3, 1.2490457723982544, 3.1622776601683795
22, 108, 491, 15, 491, 18, 0, -3, -1.5707963267948966, 3.0
22, 109, 801, 72, 803, 76, -2, -4, -2.0344439357957027, 4.47213595499958
22, 110, 190, 430, 192, 431, -2, -1, -2.677945044588987, 2.23606797749979
22, 111, 492, 447, 493, 451, -1, -4, -1.8157749899217608, 4.123105625617661
22, 113, 941, 36, 943, 37, -2, -1, -2.677945044588987, 2.23606797749979
22, 114, 1208, 160, 1207, 159, 1, 1, 0.7853981633974483, 1.4142135623730951
22, 115, 91, 621, 88, 621, 3, 0, 0.0, 3.0
22, 117, 624, 22, 624, 20, 0, 2, 1.5707963267948966, 2.0
23, 0, 824, 81, 825, 83, -1, -2, -2.0344439357957027, 2.23606797749979
23, 1, 163, 355, 165, 351, -2, 4, 2.0344439357957027, 4.47213595499958
23, 2, 997, 308, 995, 305, 2, 3, 0.982793723247329, 3.605551275463989
23, 4, 794, 74, 795, 77, -1, -3, -1.892546881191539, 3.1622776601683795
23, 5, 611, 68, 611, 70, 0, -2, -1.5707963267948966, 2.0
23, 6, 931, 525, 936, 527, -5, -2, -2.761086276477428, 5.385164807134504
23, 7, 479, 367, 479, 371, 0, -4, -1.5707963267948966, 4.0
23, 8, 812, 62, 814, 65, -2, -3, -2.158798930342464, 3.605551275463989
23, 9, 795, 335, 795, 339, 0, -4, -1.5707963267948966, 4.0
23, 10, 484, 124, 486, 128, -2, -4, -2.0344439357957027, 4.47213595499958
23, 11, 805, 53, 807, 56, -2, -3, -2.158798930342464, 3.605551275463989
23, 12, 1150, 167, 1149, 166, 1, 1, 0.7853981633974483, 1.4142135623730951
23, 13, 1248, 439, 1251, 443, -3, -4, -2.214297435588181, 5.0
23, 14, 532, 284, 532, 287, 0, -3, -1.5707963267948966, 3.0
23, 15, 472, 124, 474, 128, -2, -4, -2.0344439357957027, 4.47213595499958
23, 16, 904, 548, 909, 548, -5, 0, 3.141592653589793, 5.0
23, 18, 506, 281, 506, 284, 0, -3, -1.5707963267948966, 3.0
23, 20, 462, 368, 462, 373, 0, -5, -1.5707963267948966, 5.0
23, 21, 1228, 399, 1232, 403, -4, -4, -2.356194490192345, 5.656854249492381
23, 22, 1258, 107, 1259, 106, -1, 1, 2.356194490192345, 1.4142135623730951
23, 23, 1179, 136, 1178, 135, 1, 1, 0.7853981633974483, 1.4142135623730951
23, 25, 1232, 411, 1236, 415, -4, -4, -2.356194490192345, 5.656854249492381
23, 26, 493, 207, 493, 210, 0, -3, -1.5707963267948966, 3.0
23, 27, 1029, 298, 1028, 295, 1, 3, 1.2490457723982544, 3.1622776601683795
23, 29, 476, 423, 477, 428, -1, -5, -1.7681918866447774, 5.0990195135927845
23, 30, 1002, 408, 1001, 404, 1, 4, 1.3258176636680326, 4.123105625617661
23, 31, 1214, 448, 1218, 451, -4, -3, -2.498091544796509, 5.0
23, 33, 475, 115, 477, 119, -2, -4, -2.0344439357957027, 4.47213595499958
23, 34, 924, 490, 929, 490, -5, 0, 3.141592653589793, 5.0
23, 35, 1018, 270, 1016, 268, 2, 2, 0.7853981633974483, 2.8284271247461903
23, 39, 804, 64, 806, 67, -2, -3, -2.158798930342464, 3.605551275463989
23, 40, 614, 43, 614, 45, 0, -2, -1.5707963267948966, 2.0
23, 41, 389, 217, 389, 215, 0, 2, 1.5707963267948966, 2.0
23, 43, 516, 243, 516, 246, 0, -3, -1.5707963267948966, 3.0
23, 44, 772, 629, 773, 631, -1, -2, -2.0344439357957027, 2.23606797749979
23, 45, 1030, 279, 1029, 277, 1, 2, 1.1071487177940904, 2.23606797749979
23, 47, 501, 38, 501, 40, 0, -2, -1.5707963267948966, 2.0
23, 48, 905, 473, 910, 475, -5, -2, -2.761086276477428, 5.385164807134504
23, 49, 278, 62, 278, 64, 0, -2, -1.5707963267948966, 2.0
23, 50, 613, 60, 613, 62, 0, -2, -1.5707963267948966, 2.0
23, 53, 512, 255, 512, 258, 0, -3, -1.5707963267948966, 3.0
23, 54, 900, 525, 904, 525, -4, 0, 3.141592653589793, 4.0
23, 55, 749, 611, 750, 615, -1, -4, -1.8157749899217608, 4.123105625617661
23, 56, 526, 256, 526, 259, 0, -3, -1.5707963267948966, 3.0
23, 58, 903, 513, 906, 513, -3, 0, 3.141592653589793, 3.0
23, 61, 783, 563, 784, 567, -1, -4, -1.8157749899217608, 4.123105625617661
23, 63, 765, 336, 765, 338, 0, -2, -1.5707963267948966, 2.0
23, 64, 898, 503, 902, 503, -4, 0, 3.141592653589793, 4.0
23, 65, 1204, 494, 1209, 498, -5, -4, -2.4668517113662407, 6.4031242374328485
23, 67, 162, 407, 164, 404, -2, 3, 2.158798930342464, 3.605551275463989
23, 68, 182, 459, 180, 456, 2, 3, 0.982793723247329, 3.605551275463989
23, 70, 1252, 466, 1255, 469, -3, -3, -2.356194490192345, 4.242640687119285
23, 71, 289, 47, 288, 46, 1, 1, 0.7853981633974483, 1.4142135623730951
23, 72, 810, 139, 811, 141, -1, -2, -2.0344439357957027, 2.23606797749979
23, 73, 165, 345, 167, 341, -2, 4, 2.0344439357957027, 4.47213595499958
23, 74, 258, 21, 258, 24, 0, -3, -1.5707963267948966, 3.0
23, 75, 921, 478, 926, 479, -5, -1, -2.9441970937399127, 5.0990195135927845
23, 77, 629, 220, 630, 216, -1, 4, 1.8157749899217608, 4.123105625617661
23, 78, 1023, 266, 1022, 264, 1, 2, 1.1071487177940904, 2.23606797749979
23, 79, 780, 284, 781, 287, -1, -3, -1.892546881191539, 3.1622776601683795
23, 80, 549, 28, 548, 27, 1, 1, 0.7853981633974483, 1.4142135623730951
23, 83, 1218, 510, 1218, 512, 0, -2, -1.5707963267948966, 2.0
23, 84, 1180, 82, 1181, 81, -1, 1, 2.356194490192345, 1.4142135623730951
23, 85, 1027, 375, 1026, 372, 1, 3, 1.2490457723982544, 3.1622776601683795
23, 86, 906, 503, 909, 504, -3, -1, -2.819842099193151, 3.1622776601683795
23, 89, 173, 346, 175, 342, -2, 4, 2.0344439357957027, 4.47213595499958
23, 90, 939, 518, 944, 520, -5, -2, -2.761086276477428, 5.385164807134504
23, 91, 1030, 267, 1029, 265, 1, 2, 1.1071487177940904, 2.23606797749979
23, 94, 796, 152, 797, 154, -1, -2, -2.0344439357957027, 2.23606797749979
23, 96, 1053, 395, 1052, 390, 1, 5, 1.373400766945016, 5.0990195135927845
23, 97, 407, 218, 407, 216, 0, 2, 1.5707963267948966, 2.0
23, 100, 472, 350, 472, 355, 0, -5, -1.5707963267948966, 5.0
23, 101, 377, 241, 377, 239, 0, 2, 1.5707963267948966, 2.0
23, 102, 60, 576, 58, 576, 2, 0, 0.0, 2.0
23, 103, 382, 187, 383, 186, -1, 1, 2.356194490192345, 1.4142135623730951
23, 108, 491, 13, 491, 15, 0, -2, -1.5707963267948966, 2.0
23, 109, 800, 69, 801, 72, -1, -3, -1.892546881191539, 3.1622776601683795
23, 111, 489, 443, 492, 447, -3, -4, -2.214297435588181, 5.0
23, 115, 93, 622, 91, 621, 2, 1, 0.4636476090008061, 2.23606797749979
24, 0, 823, 78, 824, 81, -1, -3, -1.892546881191539, 3.1622776601683795
24, 1, 162, 358, 163, 355, -1, 3, 1.892546881191539, 3.1622776601683795
24, 2, 998, 311, 997, 308, 1, 3, 1.2490457723982544, 3.1622776601683795
24, 3, 743, 53, 743, 51, 0, 2, 1.5707963267948966, 2.0
24, 4, 793, 71, 794, 74, -1, -3, -1.892546881191539, 3.1622776601683795
24, 5, 611, 66, 611, 68, 0, -2, -1.5707963267948966, 2.0
24, 6, 927, 522, 931, 525, -4, -3, -2.498091544796509, 5.0
24, 7, 480, 362, 479, 367, 1, -5, -1.373400766945016, 5.0990195135927845
24, 8, 810, 60, 812, 62, -2, -2, -2.356194490192345, 2.8284271247461903
24, 9, 794, 332, 795, 335, -1, -3, -1.892546881191539, 3.1622776601683795
24, 10, 483, 120, 484, 124, -1, -4, -1.8157749899217608, 4.123105625617661
24, 11, 803, 51, 805, 53, -2, -2, -2.356194490192345, 2.8284271247461903
24, 13, 1244, 434, 1248, 439, -4, -5, -2.2455372690184494, 6.4031242374328485
24, 14, 531, 281, 532, 284, -1, -3, -1.892546881191539, 3.1622776601683795
24, 15, 471, 120, 472, 124, -1, -4, -1.8157749899217608, 4.123105625617661
24, 16, 899, 548, 904, 548, -5, 0, 3.141592653589793, 5.0
24, 18, 506, 278, 506, 281, 0, -3, -1.5707963267948966, 3.0
24, 20, 463, 364, 462, 368, 1, -4, -1.3258176636680326, 4.123105625617661
24, 21, 1224, 396, 1228, 399, -4, -3, -2.498091544796509, 5.0
24, 22, 1257, 108, 1258, 107, -1, 1, 2.356194490192345, 1.4142135623730951
24, 23, 1180, 137, 1179, 136, 1, 1, 0.7853981633974483, 1.4142135623730951
24, 24, 1227, 408, 1232, 411, -5, -3, -2.601173153319209, 5.830951894845301
24, 25, 492, 204, 493, 207, -1, -3, -1.892546881191539, 3.1622776601683795
24, 26, 1030, 300, 1029, 298, 1, 2, 1.1071487177940904, 2.23606797749979
24, 28, 475, 419, 476, 423, -1, -4, -1.8157749899217608, 4.123105625617661
24, 29, 1003, 413, 1002, 408, 1, 5, 1.373400766945016, 5.0990195135927845
24, 30, 1210, 445, 1214, 448, -4, -3, -2.498091544796509, 5.0
24, 31, 628, 142, 629, 141, -1, 1, 2.356194490192345, 1.4142135623730951
24, 32, 474, 111, 475, 115, -1, -4, -1.8157749899217608, 4.123105625617661
24, 33, 920, 490, 924, 490, -4, 0, 3.141592653589793, 4.0
24, 34, 1019, 273, 1018, 270, 1, 3, 1.2490457723982544, 3.1622776601683795
24, 36, 666, 155, 667, 154, -1, 1, 2.356194490192345, 1.4142135623730951
24, 38, 802, 62, 804, 64, -2, -2, -2.356194490192345, 2.8284271247461903
24, 39, 613, 41, 614, 43, -1, -2, -2.0344439357957027, 2.23606797749979
24, 40, 389, 220, 389, 217, 0, 3, 1.5707963267948966, 3.0
24, 42, 517, 240, 516, 243, 1, -3, -1.2490457723982544, 3.1622776601683795
24, 43, 770, 625, 772, 629, -2, -4, -2.0344439357957027, 4.47213595499958
24, 44, 1031, 281, 1030, 279, 1, 2, 1.1071487177940904, 2.23606797749979
24, 46, 501, 36, 501, 38, 0, -2, -1.5707963267948966, 2.0
24, 47, 901, 470, 905, 473, -4, -3, -2.498091544796509, 5.0
24, 49, 613, 58, 613, 60, 0, -2, -1.5707963267948966, 2.0
24, 51, 1138, 188, 1138, 186, 0, 2, 1.5707963267948966, 2.0
24, 52, 513, 252, 512, 255, 1, -3, -1.2490457723982544, 3.1622776601683795
24, 53, 896, 524, 900, 525, -4, -1, -2.896613990462929, 4.123105625617661
24, 54, 748, 606, 749, 611, -1, -5, -1.7681918866447774, 5.0990195135927845
24, 55, 526, 253, 526, 256, 0, -3, -1.5707963267948966, 3.0
24, 57, 900, 513, 903, 513, -3, 0, 3.141592653589793, 3.0
24, 60, 781, 559, 783, 563, -2, -4, -2.0344439357957027, 4.47213595499958
24, 61, 383, 260, 383, 258, 0, 2, 1.5707963267948966, 2.0
24, 62, 764, 333, 765, 336, -1, -3, -1.892546881191539, 3.1622776601683795
24, 63, 894, 502, 898, 503, -4, -1, -2.896613990462929, 4.123105625617661
24, 64, 1199, 488, 1204, 494, -5, -6, -2.2655346029916, 7.810249675906654
24, 65, 735, 58, 735, 56, 0, 2, 1.5707963267948966, 2.0
24, 66, 160, 410, 162, 407, -2, 3, 2.158798930342464, 3.605551275463989
24, 67, 184, 462, 182, 459, 2, 3, 0.982793723247329, 3.605551275463989
24, 69, 1248, 464, 1252, 466, -4, -2, -2.677945044588987, 4.47213595499958
24, 71, 809, 137, 810, 139, -1, -2, -2.0344439357957027, 2.23606797749979
24, 72, 163, 349, 165, 345, -2, 4, 2.0344439357957027, 4.47213595499958
24, 73, 258, 18, 258, 21, 0, -3, -1.5707963267948966, 3.0
24, 74, 916, 477, 921, 478, -5, -1, -2.9441970937399127, 5.0990195135927845
24, 76, 628, 223, 629, 220, -1, 3, 1.892546881191539, 3.1622776601683795
24, 77, 1024, 269, 1023, 266, 1, 3, 1.2490457723982544, 3.1622776601683795
24, 78, 779, 281, 780, 284, -1, -3, -1.892546881191539, 3.1622776601683795
24, 79, 549, 26, 549, 28, 0, -2, -1.5707963267948966, 2.0
24, 80, 1140, 173, 1140, 171, 0, 2, 1.5707963267948966, 2.0
24, 81, 649, 186, 650, 185, -1, 1, 2.356194490192345, 1.4142135623730951
24, 83, 1028, 378, 1027, 375, 1, 3, 1.2490457723982544, 3.1622776601683795
24, 84, 902, 502, 906, 503, -4, -1, -2.896613990462929, 4.123105625617661
24, 86, 171, 350, 173, 346, -2, 4, 2.0344439357957027, 4.47213595499958
24, 87, 934, 515, 939, 518, -5, -3, -2.601173153319209, 5.830951894845301
24, 88, 1031, 270, 1030, 267, 1, 3, 1.2490457723982544, 3.1622776601683795
24, 90, 410, 193, 411, 192, -1, 1, 2.356194490192345, 1.4142135623730951
24, 91, 795, 150, 796, 152, -1, -2, -2.0344439357957027, 2.23606797749979
24, 93, 1053, 399, 1053, 395, 0, 4, 1.5707963267948966, 4.0
24, 94, 408, 221, 407, 218, 1, 3, 1.2490457723982544, 3.1622776601683795
24, 95, 390, 267, 390, 265, 0, 2, 1.5707963267948966, 2.0
24, 97, 472, 345, 472, 350, 0, -5, -1.5707963267948966, 5.0
24, 98, 377, 243, 377, 241, 0, 2, 1.5707963267948966, 2.0
24, 99, 62, 576, 60, 576, 2, 0, 0.0, 2.0
24, 104, 491, 11, 491, 13, 0, -2, -1.5707963267948966, 2.0
24, 105, 799, 66, 800, 69, -1, -3, -1.892546881191539, 3.1622776601683795
24, 107, 487, 443, 489, 443, -2, 0, 3.141592653589793, 2.0
25, 0, 927, 529, 931, 532, -4, -3, -2.498091544796509, 5.0
25, 1, 797, 76, 798, 79, -1, -3, -1.892546881191539, 3.1622776601683795
25, 2, 261, 347, 263, 348, -2, -1, -2.677945044588987, 2.23606797749979
25, 3, 816, 64, 817, 67, -1, -3, -1.892546881191539, 3.1622776601683795
25, 4, 920, 486, 924, 486, -4, 0, 3.141592653589793, 4.0
25, 5, 824, 87, 825, 91, -1, -4, -1.8157749899217608, 4.123105625617661
25, 6, 161, 359, 164, 356, -3, 3, 2.356194490192345, 4.242640687119285
25, 7, 1232, 413, 1236, 416, -4, -3, -2.498091544796509, 5.0
25, 8, 807, 56, 809, 59, -2, -3, -2.158798930342464, 3.605551275463989
25, 9, 408, 220, 408, 217, 0, 3, 1.5707963267948966, 3.0
25, 10, 745, 53, 745, 51, 0, 2, 1.5707963267948966, 2.0
25, 11, 797, 337, 798, 341, -1, -4, -1.8157749899217608, 4.123105625617661
25, 12, 535, 287, 535, 290, 0, -3, -1.5707963267948966, 3.0
25, 13, 1221, 469, 1224, 471, -3, -2, -2.5535900500422257, 3.605551275463989
25, 14, 479, 368, 479, 372, 0, -4, -1.5707963267948966, 4.0
25, 15, 1226, 399, 1231, 402, -5, -3, -2.601173153319209, 5.830951894845301
25, 16, 465, 370, 465, 374, 0, -4, -1.5707963267948966, 4.0
25, 17, 510, 13, 510, 16, 0, -3, -1.5707963267948966, 3.0
25, 18, 488, 127, 489, 132, -1, -5, -1.7681918866447774, 5.0990195135927845
25, 19, 999, 312, 997, 310, 2, 2, 0.7853981633974483, 2.8284271247461903
25, 20, 903, 550, 906, 550, -3, 0, 3.141592653589793, 3.0
25, 22, 477, 126, 478, 131, -1, -5, -1.7681918866447774, 5.0990195135927845
25, 25, 1214, 443, 1218, 446, -4, -3, -2.498091544796509, 5.0
25, 26, 1031, 298, 1029, 296, 2, 2, 0.7853981633974483, 2.8284271247461903
25, 27, 640, 229, 641, 228, -1, 1, 2.356194490192345, 1.4142135623730951
25, 29, 804, 336, 805, 340, -1, -4, -1.8157749899217608, 4.123105625617661
25, 30, 823, 105, 824, 109, -1, -4, -1.8157749899217608, 4.123105625617661
25, 31, 1261, 109, 1264, 107, -3, 2, 2.5535900500422257, 3.605551275463989
25, 33, 613, 70, 613, 72, 0, -2, -1.5707963267948966, 2.0
25, 36, 1004, 411, 1003, 407, 1, 4, 1.3258176636680326, 4.123105625617661
25, 37, 634, 143, 635, 142, -1, 1, 2.356194490192345, 1.4142135623730951
25, 38, 619, 45, 619, 47, 0, -2, -1.5707963267948966, 2.0
25, 40, 508, 287, 508, 291, 0, -4, -1.5707963267948966, 4.0
25, 41, 1135, 189, 1135, 187, 0, 2, 1.5707963267948966, 2.0
25, 42, 479, 117, 480, 121, -1, -4, -1.8157749899217608, 4.123105625617661
25, 43, 513, 258, 513, 262, 0, -4, -1.5707963267948966, 4.0
25, 44, 1032, 279, 1030, 277, 2, 2, 0.7853981633974483, 2.8284271247461903
25, 45, 782, 553, 784, 558, -2, -5, -1.9513027039072615, 5.385164807134504
25, 47, 390, 219, 390, 216, 0, 3, 1.5707963267948966, 3.0
25, 48, 1018, 274, 1016, 272, 2, 2, 0.7853981633974483, 2.8284271247461903
25, 49, 252, 354, 254, 355, -2, -1, -2.677945044588987, 2.23606797749979
25, 50, 892, 524, 896, 524, -4, 0, 3.141592653589793, 4.0
25, 51, 1181, 139, 1180, 137, 1, 2, 1.1071487177940904, 2.23606797749979
25, 52, 490, 12, 491, 15, -1, -3, -1.892546881191539, 3.1622776601683795
25, 54, 823, 70, 824, 73, -1, -3, -1.892546881191539, 3.1622776601683795
25, 55, 615, 62, 615, 64, 0, -2, -1.5707963267948966, 2.0
25, 56, 285, 54, 284, 55, 1, -1, -0.7853981633974483, 1.4142135623730951
25, 58, 742, 581, 743, 585, -1, -4, -1.8157749899217608, 4.123105625617661
25, 59, 518, 246, 517, 250, 1, -4, -1.3258176636680326, 4.123105625617661
25, 60, 1249, 439, 1253, 443, -4, -4, -2.356194490192345, 5.656854249492381
25, 61, 634, 226, 635, 224, -1, 2, 2.0344439357957027, 2.23606797749979
25, 62, 1154, 166, 1153, 165, 1, 1, 0.7853981633974483, 1.4142135623730951
25, 63, 894, 509, 897, 510, -3, -1, -2.819842099193151, 3.1622776601683795
25, 64, 1013, 342, 1012, 338, 1, 4, 1.3258176636680326, 4.123105625617661
25, 66, 527, 259, 527, 262, 0, -3, -1.5707963267948966, 3.0
25, 69, 809, 65, 810, 68, -1, -3, -1.892546881191539, 3.1622776601683795
25, 70, 488, 200, 489, 202, -1, -2, -2.0344439357957027, 2.23606797749979
25, 71, 934, 522, 939, 525, -5, -3, -2.601173153319209, 5.830951894845301
25, 72, 561, 18, 559, 16, 2, 2, 0.7853981633974483, 2.8284271247461903
25, 73, 1027, 381, 1025, 378, 2, 3, 0.982793723247329, 3.605551275463989
25, 74, 164, 350, 167, 347, -3, 3, 2.356194490192345, 4.242640687119285
25, 75, 901, 476, 906, 478, -5, -2, -2.761086276477428, 5.385164807134504
25, 77, 792, 599, 793, 601, -1, -2, -2.0344439357957027, 2.23606797749979
25, 80, 916, 477, 921, 478, -5, -1, -2.9441970937399127, 5.0990195135927845
25, 81, 1031, 267, 1029, 265, 2, 2, 0.7853981633974483, 2.8284271247461903
25, 82, 173, 350, 176, 347, -3, 3, 2.356194490192345, 4.242640687119285
25, 83, 772, 337, 773, 341, -1, -4, -1.8157749899217608, 4.123105625617661
25, 85, 412, 190, 413, 189, -1, 1, 2.356194490192345, 1.4142135623730951
25, 86, 1047, 434, 1046, 431, 1, 3, 1.2490457723982544, 3.1622776601683795
25, 87, 1219, 193, 1219, 190, 0, 3, 1.5707963267948966, 3.0
25, 89, 1195, 478, 1199, 483, -4, -5, -2.2455372690184494, 6.4031242374328485
25, 90, 386, 261, 386, 259, 0, 2, 1.5707963267948966, 2.0
25, 96, 783, 287, 784, 291, -1, -4, -1.8157749899217608, 4.123105625617661
25, 98, 474, 353, 474, 358, 0, -5, -1.5707963267948966, 5.0
25, 100, 739, 58, 739, 56, 0, 2, 1.5707963267948966, 2.0
25, 104, 496, 208, 496, 210, 0, -2, -1.5707963267948966, 2.0
25, 106, 521, 347, 522, 351, -1, -4, -1.8157749899217608, 4.123105625617661
25, 109, 275, 356, 277, 357, -2, -1, -2.677945044588987, 2.23606797749979
25, 110, 268, 333, 270, 333, -2, 0, 3.141592653589793, 2.0
25, 111, 1147, 170, 1146, 169, 1, 1, 0.7853981633974483, 1.4142135623730951
25, 112, 501, 39, 502, 42, -1, -3, -1.892546881191539, 3.1622776601683795
25, 113, 1163, 139, 1163, 137, 0, 2, 1.5707963267948966, 2.0
25, 114, 109, 603, 107, 602, 2, 1, 0.4636476090008061, 2.23606797749979
25, 115, 392, 267, 392, 265, 0, 2, 1.5707963267948966, 2.0
25, 117, 768, 330, 769, 334, -1, -4, -1.8157749899217608, 4.123105625617661
25, 120, 1024, 267, 1022, 265, 2, 2, 0.7853981633974483, 2.8284271247461903
25, 121, 186, 463, 186, 459, 0, 4, 1.5707963267948966, 4.0
25, 122, 380, 243, 380, 241, 0, 2, 1.5707963267948966, 2.0
25, 123, 485, 373, 485, 377, 0, -4, -1.5707963267948966, 4.0
25, 124, 782, 615, 785, 619, -3, -4, -2.214297435588181, 5.0
25, 125, 926, 572, 930, 572, -4, 0, 3.141592653589793, 4.0
25, 129, 1162, 125, 1163, 122, -1, 3, 1.892546881191539, 3.1622776601683795
25, 130, 1261, 144, 1274, 144, -13, 0, 3.141592653589793, 13.0
25, 131, 281, 13, 280, 16, 1, -3, -1.2490457723982544, 3.1622776601683795
25, 132, 485, 9, 485, 11, 0, -2, -1.5707963267948966, 2.0
25, 133, 264, 339, 266, 339, -2, 0, 3.141592653589793, 2.0
25, 134, 748, 586, 749, 590, -1, -4, -1.8157749899217608, 4.123105625617661
26, 0, 922, 526, 927, 529, -5, -3, -2.601173153319209, 5.830951894845301
26, 1, 796, 74, 797, 76, -1, -2, -2.0344439357957027, 2.23606797749979
26, 2, 259, 346, 261, 347, -2, -1, -2.677945044588987, 2.23606797749979
26, 3, 815, 61, 816, 64, -1, -3, -1.892546881191539, 3.1622776601683795
26, 4, 915, 486, 920, 486, -5, 0, 3.141592653589793, 5.0
26, 5, 823, 84, 824, 87, -1, -3, -1.892546881191539, 3.1622776601683795
26, 6, 159, 362, 161, 359, -2, 3, 2.158798930342464, 3.605551275463989
26, 7, 1227, 410, 1232, 413, -5, -3, -2.601173153319209, 5.830951894845301
26, 8, 806, 54, 807, 56, -1, -2, -2.0344439357957027, 2.23606797749979
26, 9, 408, 222, 408, 220, 0, 2, 1.5707963267948966, 2.0
26, 10, 745, 55, 745, 53, 0, 2, 1.5707963267948966, 2.0
26, 11, 796, 334, 797, 337, -1, -3, -1.892546881191539, 3.1622776601683795
26, 12, 535, 283, 535, 287, 0, -4, -1.5707963267948966, 4.0
26, 13, 1218, 466, 1221, 469, -3, -3, -2.356194490192345, 4.242640687119285
26, 14, 479, 364, 479, 368, 0, -4, -1.5707963267948966, 4.0
26, 15, 1221, 396, 1226, 399, -5, -3, -2.601173153319209, 5.830951894845301
26, 16, 465, 366, 465, 370, 0, -4, -1.5707963267948966, 4.0
26, 17, 510, 9, 510, 13, 0, -4, -1.5707963267948966, 4.0
26, 18, 487, 123, 488, 127, -1, -4, -1.8157749899217608, 4.123105625617661
26, 19, 1001, 314, 999, 312, 2, 2, 0.7853981633974483, 2.8284271247461903
26, 20, 901, 551, 903, 550, -2, 1, 2.677945044588987, 2.23606797749979
26, 22, 476, 122, 477, 126, -1, -4, -1.8157749899217608, 4.123105625617661
26, 25, 1210, 441, 1214, 443, -4, -2, -2.677945044588987, 4.47213595499958
26, 26, 1033, 300, 1031, 298, 2, 2, 0.7853981633974483, 2.8284271247461903
26, 27, 639, 230, 640, 229, -1, 1, 2.356194490192345, 1.4142135623730951
26, 28, 1149, 27, 1149, 25, 0, 2, 1.5707963267948966, 2.0
26, 29, 803, 333, 804, 336, -1, -3, -1.892546881191539, 3.1622776601683795
26, 30, 822, 102, 823, 105, -1, -3, -1.892546881191539, 3.1622776601683795
26, 31, 1260, 111, 1261, 109, -1, 2, 2.0344439357957027, 2.23606797749979
26, 36, 1005, 415, 1004, 411, 1, 4, 1.3258176636680326, 4.123105625617661
26, 37, 633, 145, 634, 143, -1, 2, 2.0344439357957027, 2.23606797749979
26, 39, 1150, 216, 1151, 215, -1, 1, 2.356194490192345, 1.4142135623730951
26, 40, 508, 283, 508, 287, 0, -4, -1.5707963267948966, 4.0
26, 41, 1136, 192, 1135, 189, 1, 3, 1.2490457723982544, 3.1622776601683795
26, 42, 478, 113, 479, 117, -1, -4, -1.8157749899217608, 4.123105625617661
26, 43, 514, 254, 513, 258, 1, -4, -1.3258176636680326, 4.123105625617661
26, 44, 1034, 281, 1032, 279, 2, 2, 0.7853981633974483, 2.8284271247461903
26, 45, 780, 548, 782, 553, -2, -5, -1.9513027039072615, 5.385164807134504
26, 47, 390, 222, 390, 219, 0, 3, 1.5707963267948966, 3.0
26, 48, 1020, 277, 1018, 274, 2, 3, 0.982793723247329, 3.605551275463989
26, 49, 888, 524, 892, 524, -4, 0, 3.141592653589793, 4.0
26, 50, 1182, 142, 1181, 139, 1, 3, 1.2490457723982544, 3.1622776601683795
26, 51, 490, 10, 490, 12, 0, -2, -1.5707963267948966, 2.0
26, 53, 822, 67, 823, 70, -1, -3, -1.892546881191539, 3.1622776601683795
26, 54, 616, 60, 615, 62, 1, -2, -1.1071487177940904, 2.23606797749979
26, 57, 741, 577, 742, 581, -1, -4, -1.8157749899217608, 4.123105625617661
26, 58, 518, 242, 518, 246, 0, -4, -1.5707963267948966, 4.0
26, 59, 1245, 434, 1249, 439, -4, -5, -2.2455372690184494, 6.4031242374328485
26, 60, 633, 228, 634, 226, -1, 2, 2.0344439357957027, 2.23606797749979
26, 61, 1155, 168, 1154, 166, 1, 2, 1.1071487177940904, 2.23606797749979
26, 62, 891, 508, 894, 509, -3, -1, -2.819842099193151, 3.1622776601683795
26, 63, 1014, 346, 1013, 342, 1, 4, 1.3258176636680326, 4.123105625617661
26, 65, 527, 255, 527, 259, 0, -4, -1.5707963267948966, 4.0
26, 68, 808, 62, 809, 65, -1, -3, -1.892546881191539, 3.1622776601683795
26, 69, 488, 198, 488, 200, 0, -2, -1.5707963267948966, 2.0
26, 70, 929, 520, 934, 522, -5, -2, -2.761086276477428, 5.385164807134504
26, 71, 563, 20, 561, 18, 2, 2, 0.7853981633974483, 2.8284271247461903
26, 72, 1028, 384, 1027, 381, 1, 3, 1.2490457723982544, 3.1622776601683795
26, 73, 161, 353, 164, 350, -3, 3, 2.356194490192345, 4.242640687119285
26, 74, 896, 474, 901, 476, -5, -2, -2.761086276477428, 5.385164807134504
26, 75, 1143, 64, 1144, 62, -1, 2, 2.0344439357957027, 2.23606797749979
26, 76, 791, 597, 792, 599, -1, -2, -2.0344439357957027, 2.23606797749979
26, 79, 911, 476, 916, 477, -5, -1, -2.9441970937399127, 5.0990195135927845
26, 80, 1033, 270, 1031, 267, 2, 3, 0.982793723247329, 3.605551275463989
26, 81, 170, 353, 173, 350, -3, 3, 2.356194490192345, 4.242640687119285
26, 82, 771, 333, 772, 337, -1, -4, -1.8157749899217608, 4.123105625617661
26, 85, 1048, 437, 1047, 434, 1, 3, 1.2490457723982544, 3.1622776601683795
26, 86, 1219, 195, 1219, 193, 0, 2, 1.5707963267948966, 2.0
26, 88, 1193, 472, 1195, 478, -2, -6, -1.892546881191539, 6.324555320336759
26, 89, 386, 263, 386, 261, 0, 2, 1.5707963267948966, 2.0
26, 92, 194, 430, 196, 430, -2, 0, 3.141592653589793, 2.0
26, 95, 782, 283, 783, 287, -1, -4, -1.8157749899217608, 4.123105625617661
26, 97, 474, 348, 474, 353, 0, -5, -1.5707963267948966, 5.0
26, 99, 739, 60, 739, 58, 0, 2, 1.5707963267948966, 2.0
26, 101, 747, 120, 748, 119, -1, 1, 2.356194490192345, 1.4142135623730951
26, 103, 496, 206, 496, 208, 0, -2, -1.5707963267948966, 2.0
26, 105, 520, 344, 521, 347, -1, -3, -1.892546881191539, 3.1622776601683795
26, 108, 266, 333, 268, 333, -2, 0, 3.141592653589793, 2.0
26, 109, 1148, 172, 1147, 170, 1, 2, 1.1071487177940904, 2.23606797749979
26, 110, 501, 36, 501, 39, 0, -3, -1.5707963267948966, 3.0
26, 111, 1162, 142, 1163, 139, -1, 3, 1.892546881191539, 3.1622776601683795
26, 112, 111, 604, 109, 603, 2, 1, 0.4636476090008061, 2.23606797749979
26, 113, 392, 269, 392, 267, 0, 2, 1.5707963267948966, 2.0
26, 115, 767, 326, 768, 330, -1, -4, -1.8157749899217608, 4.123105625617661
26, 118, 1026, 270, 1024, 267, 2, 3, 0.982793723247329, 3.605551275463989
26, 119, 186, 465, 186, 463, 0, 2, 1.5707963267948966, 2.0
26, 120, 380, 245, 380, 243, 0, 2, 1.5707963267948966, 2.0
26, 121, 485, 369, 485, 373, 0, -4, -1.5707963267948966, 4.0
26, 122, 780, 611, 782, 615, -2, -4, -2.0344439357957027, 4.47213595499958
26, 123, 922, 572, 926, 572, -4, 0, 3.141592653589793, 4.0
26, 127, 1161, 128, 1162, 125, -1, 3, 1.892546881191539, 3.1622776601683795
26, 129, 282, 10, 281, 13, 1, -3, -1.2490457723982544, 3.1622776601683795
26, 130, 262, 338, 264, 339, -2, -1, -2.677945044588987, 2.23606797749979
26, 131, 747, 582, 748, 586, -1, -4, -1.8157749899217608, 4.123105625617661
27, 0, 918, 523, 922, 526, -4, -3, -2.498091544796509, 5.0
27, 1, 795, 71, 796, 74, -1, -3, -1.892546881191539, 3.1622776601683795
27, 2, 256, 345, 259, 346, -3, -1, -2.819842099193151, 3.1622776601683795
27, 3, 813, 56, 815, 61, -2, -5, -1.9513027039072615, 5.385164807134504
27, 4, 911, 487, 915, 486, -4, 1, 2.896613990462929, 4.123105625617661
27, 5, 822, 79, 823, 84, -1, -5, -1.7681918866447774, 5.0990195135927845
27, 6, 157, 364, 159, 362, -2, 2, 2.356194490192345, 2.8284271247461903
27, 7, 1221, 406, 1227, 410, -6, -4, -2.5535900500422257, 7.211102550927978
27, 8, 804, 49, 806, 54, -2, -5, -1.9513027039072615, 5.385164807134504
27, 9, 408, 225, 408, 222, 0, 3, 1.5707963267948966, 3.0
27, 10, 747, 59, 745, 55, 2, 4, 1.1071487177940904, 4.47213595499958
27, 11, 795, 331, 796, 334, -1, -3, -1.892546881191539, 3.1622776601683795
27, 12, 536, 279, 535, 283, 1, -4, -1.3258176636680326, 4.123105625617661
27, 13, 1215, 463, 1218, 466, -3, -3, -2.356194490192345, 4.242640687119285
27, 14, 479, 360, 479, 364, 0, -4, -1.5707963267948966, 4.0
27, 15, 1216, 394, 1221, 396, -5, -2, -2.761086276477428, 5.385164807134504
27, 16, 464, 363, 465, 366, -1, -3, -1.892546881191539, 3.1622776601683795
27, 17, 486, 118, 487, 123, -1, -5, -1.7681918866447774, 5.0990195135927845
27, 18, 1002, 315, 1001, 314, 1, 1, 0.7853981633974483, 1.4142135623730951
27, 19, 899, 551, 901, 551, -2, 0, 3.141592653589793, 2.0
27, 21, 476, 117, 476, 122, 0, -5, -1.5707963267948966, 5.0
27, 24, 1205, 440, 1210, 441, -5, -1, -2.9441970937399127, 5.0990195135927845
27, 25, 1036, 301, 1033, 300, 3, 1, 0.3217505543966422, 3.1622776601683795
27, 26, 638, 231, 639, 230, -1, 1, 2.356194490192345, 1.4142135623730951
27, 27, 1149, 31, 1149, 27, 0, 4, 1.5707963267948966, 4.0
27, 28, 802, 329, 803, 333, -1, -4, -1.8157749899217608, 4.123105625617661
27, 29, 821, 97, 822, 102, -1, -5, -1.7681918866447774, 5.0990195135927845
27, 30, 1259, 115, 1260, 111, -1, 4, 1.8157749899217608, 4.123105625617661
27, 31, 682, 94, 683, 93, -1, 1, 2.356194490192345, 1.4142135623730951
27, 32, 614, 67, 613, 69, 1, -2, -1.1071487177940904, 2.23606797749979
27, 33, 386, 161, 387, 159, -1, 2, 2.0344439357957027, 2.23606797749979
27, 35, 1006, 419, 1005, 415, 1, 4, 1.3258176636680326, 4.123105625617661
27, 36, 632, 149, 633, 145, -1, 4, 1.8157749899217608, 4.123105625617661
27, 39, 509, 279, 508, 283, 1, -4, -1.3258176636680326, 4.123105625617661
27, 40, 1138, 194, 1136, 192, 2, 2, 0.7853981633974483, 2.8284271247461903
27, 41, 478, 108, 478, 113, 0, -5, -1.5707963267948966, 5.0
27, 42, 514, 250, 514, 254, 0, -4, -1.5707963267948966, 4.0
27, 43, 1037, 283, 1034, 281, 3, 2, 0.5880026035475675, 3.605551275463989
27, 44, 778, 545, 780, 548, -2, -3, -2.158798930342464, 3.605551275463989
27, 45, 1082, 20, 1081, 19, 1, 1, 0.7853981633974483, 1.4142135623730951
27, 46, 391, 225, 390, 222, 1, 3, 1.2490457723982544, 3.1622776601683795
27, 47, 1022, 279, 1020, 277, 2, 2, 0.7853981633974483, 2.8284271247461903
27, 48, 885, 525, 888, 524, -3, 1, 2.819842099193151, 3.1622776601683795
27, 49, 1183, 146, 1182, 142, 1, 4, 1.3258176636680326, 4.123105625617661
27, 50, 489, 8, 490, 10, -1, -2, -2.0344439357957027, 2.23606797749979
27, 52, 821, 62, 822, 67, -1, -5, -1.7681918866447774, 5.0990195135927845
27, 53, 618, 58, 616, 60, 2, -2, -0.7853981633974483, 2.8284271247461903
27, 55, 1071, 27, 1070, 26, 1, 1, 0.7853981633974483, 1.4142135623730951
27, 56, 740, 575, 741, 577, -1, -2, -2.0344439357957027, 2.23606797749979
27, 57, 519, 237, 518, 242, 1, -5, -1.373400766945016, 5.0990195135927845
27, 58, 1241, 429, 1245, 434, -4, -5, -2.2455372690184494, 6.4031242374328485
27, 59, 632, 229, 633, 228, -1, 1, 2.356194490192345, 1.4142135623730951
27, 60, 1156, 171, 1155, 168, 1, 3, 1.2490457723982544, 3.1622776601683795
27, 61, 888, 506, 891, 508, -3, -2, -2.5535900500422257, 3.605551275463989
27, 62, 1014, 344, 1014, 346, 0, -2, -1.5707963267948966, 2.0
27, 63, 944, 25, 945, 24, -1, 1, 2.356194490192345, 1.4142135623730951
27, 64, 528, 251, 527, 255, 1, -4, -1.3258176636680326, 4.123105625617661
27, 65, 583, 22, 582, 23, 1, -1, -0.7853981633974483, 1.4142135623730951
27, 66, 422, 255, 421, 251, 1, 4, 1.3258176636680326, 4.123105625617661
27, 67, 806, 57, 808, 62, -2, -5, -1.9513027039072615, 5.385164807134504
27, 68, 487, 196, 488, 198, -1, -2, -2.0344439357957027, 2.23606797749979
27, 69, 924, 517, 929, 520, -5, -3, -2.601173153319209, 5.830951894845301
27, 70, 567, 20, 563, 20, 4, 0, 0.0, 4.0
27, 71, 1031, 386, 1028, 384, 3, 2, 0.5880026035475675, 3.605551275463989
27, 72, 158, 356, 161, 353, -3, 3, 2.356194490192345, 4.242640687119285
27, 73, 891, 472, 896, 474, -5, -2, -2.761086276477428, 5.385164807134504
27, 74, 1144, 67, 1143, 64, 1, 3, 1.2490457723982544, 3.1622776601683795
27, 75, 790, 594, 791, 597, -1, -3, -1.892546881191539, 3.1622776601683795
27, 78, 906, 476, 911, 476, -5, 0, 3.141592653589793, 5.0
27, 79, 1035, 273, 1033, 270, 2, 3, 0.982793723247329, 3.605551275463989
27, 80, 167, 355, 170, 353, -3, 2, 2.5535900500422257, 3.605551275463989
27, 81, 770, 328, 771, 333, -1, -5, -1.7681918866447774, 5.0990195135927845
27, 83, 411, 193, 412, 191, -1, 2, 2.0344439357957027, 2.23606797749979
27, 84, 1051, 438, 1048, 437, 3, 1, 0.3217505543966422, 3.1622776601683795
27, 87, 1190, 467, 1193, 472, -3, -5, -2.1112158270654806, 5.830951894845301
27, 88, 388, 268, 386, 263, 2, 5, 1.1902899496825317, 5.385164807134504
27, 90, 665, 155, 666, 154, -1, 1, 2.356194490192345, 1.4142135623730951
27, 91, 192, 432, 194, 430, -2, 2, 2.356194490192345, 2.8284271247461903
27, 92, 619, 188, 620, 187, -1, 1, 2.356194490192345, 1.4142135623730951
27, 94, 781, 278, 782, 283, -1, -5, -1.7681918866447774, 5.0990195135927845
27, 95, 1210, 166, 1209, 162, 1, 4, 1.3258176636680326, 4.123105625617661
27, 96, 474, 342, 474, 348, 0, -6, -1.5707963267948966, 6.0
27, 97, 1184, 79, 1183, 78, 1, 1, 0.7853981633974483, 1.4142135623730951
27, 98, 741, 63, 739, 60, 2, 3, 0.982793723247329, 3.605551275463989
27, 99, 746, 121, 747, 120, -1, 1, 2.356194490192345, 1.4142135623730951
27, 100, 496, 204, 496, 206, 0, -2, -1.5707963267948966, 2.0
27, 101, 918, 15, 920, 14, -2, 1, 2.677945044588987, 2.23606797749979
27, 102, 520, 340, 520, 344, 0, -4, -1.5707963267948966, 4.0
27, 104, 1089, 56, 1088, 55, 1, 1, 0.7853981633974483, 1.4142135623730951
27, 105, 263, 333, 266, 333, -3, 0, 3.141592653589793, 3.0
27, 106, 1150, 174, 1148, 172, 2, 2, 0.7853981633974483, 2.8284271247461903
27, 108, 1161, 147, 1162, 142, -1, 5, 1.7681918866447774, 5.0990195135927845
27, 109, 114, 605, 111, 604, 3, 1, 0.3217505543966422, 3.1622776601683795
27, 110, 393, 274, 392, 269, 1, 5, 1.373400766945016, 5.0990195135927845
27, 111, 1188, 85, 1187, 84, 1, 1, 0.7853981633974483, 1.4142135623730951
27, 112, 766, 320, 767, 326, -1, -6, -1.7359450042095235, 6.082762530298219
27, 115, 1028, 273, 1026, 270, 2, 3, 0.982793723247329, 3.605551275463989
27, 117, 381, 249, 380, 245, 1, 4, 1.3258176636680326, 4.123105625617661
27, 118, 486, 365, 485, 369, 1, -4, -1.3258176636680326, 4.123105625617661
27, 119, 777, 607, 780, 611, -3, -4, -2.214297435588181, 5.0
27, 120, 919, 572, 922, 572, -3, 0, 3.141592653589793, 3.0
27, 121, 616, 29, 616, 27, 0, 2, 1.5707963267948966, 2.0
27, 122, 674, 104, 674, 102, 0, 2, 1.5707963267948966, 2.0
27, 123, 1188, 123, 1187, 120, 1, 3, 1.2490457723982544, 3.1622776601683795
27, 124, 1160, 132, 1161, 128, -1, 4, 1.8157749899217608, 4.123105625617661
27, 125, 284, 9, 282, 10, 2, -1, -0.4636476090008061, 2.23606797749979
27, 126, 259, 337, 262, 338, -3, -1, -2.819842099193151, 3.1622776601683795
27, 127, 746, 580, 747, 582, -1, -2, -2.0344439357957027, 2.23606797749979
28, 0, 913, 521, 918, 523, -5, -2, -2.761086276477428, 5.385164807134504
28, 1, 794, 69, 795, 71, -1, -2, -2.0344439357957027, 2.23606797749979
28, 2, 812, 53, 813, 56, -1, -3, -1.892546881191539, 3.1622776601683795
28, 3, 906, 487, 911, 487, -5, 0, 3.141592653589793, 5.0
28, 4, 821, 77, 822, 79, -1, -2, -2.0344439357957027, 2.23606797749979
28, 5, 155, 367, 157, 364, -2, 3, 2.158798930342464, 3.605551275463989
28, 6, 1217, 402, 1221, 406, -4, -4, -2.356194490192345, 5.656854249492381
28, 7, 804, 46, 804, 49, 0, -3, -1.5707963267948966, 3.0
28, 9, 748, 60, 747, 59, 1, 1, 0.7853981633974483, 1.4142135623730951
28, 10, 794, 327, 795, 331, -1, -4, -1.8157749899217608, 4.123105625617661
28, 11, 536, 275, 536, 279, 0, -4, -1.5707963267948966, 4.0
28, 12, 1211, 460, 1215, 463, -4, -3, -2.498091544796509, 5.0
28, 13, 478, 357, 479, 360, -1, -3, -1.892546881191539, 3.1622776601683795
28, 14, 1211, 391, 1216, 394, -5, -3, -2.601173153319209, 5.830951894845301
28, 15, 463, 359, 464, 363, -1, -4, -1.8157749899217608, 4.123105625617661
28, 16, 486, 115, 486, 118, 0, -3, -1.5707963267948966, 3.0
28, 17, 1004, 318, 1002, 315, 2, 3, 0.982793723247329, 3.605551275463989
28, 18, 894, 550, 899, 551, -5, -1, -2.9441970937399127, 5.0990195135927845
28, 20, 476, 115, 476, 117, 0, -2, -1.5707963267948966, 2.0
28, 23, 1201, 438, 1205, 440, -4, -2, -2.677945044588987, 4.47213595499958
28, 24, 1038, 304, 1036, 301, 2, 3, 0.982793723247329, 3.605551275463989
28, 27, 801, 325, 802, 329, -1, -4, -1.8157749899217608, 4.123105625617661
28, 28, 820, 94, 821, 97, -1, -3, -1.892546881191539, 3.1622776601683795
28, 31, 615, 66, 614, 67, 1, -1, -0.7853981633974483, 1.4142135623730951
28, 34, 1007, 422, 1006, 419, 1, 3, 1.2490457723982544, 3.1622776601683795
28, 35, 631, 152, 632, 149, -1, 3, 1.892546881191539, 3.1622776601683795
28, 38, 509, 274, 509, 279, 0, -5, -1.5707963267948966, 5.0
28, 39, 1139, 197, 1138, 194, 1, 3, 1.2490457723982544, 3.1622776601683795
28, 40, 478, 106, 478, 108, 0, -2, -1.5707963267948966, 2.0
28, 41, 514, 245, 514, 250, 0, -5, -1.5707963267948966, 5.0
28, 42, 1039, 286, 1037, 283, 2, 3, 0.982793723247329, 3.605551275463989
28, 43, 776, 540, 778, 545, -2, -5, -1.9513027039072615, 5.385164807134504
28, 45, 392, 227, 391, 225, 1, 2, 1.1071487177940904, 2.23606797749979
28, 46, 1024, 282, 1022, 279, 2, 3, 0.982793723247329, 3.605551275463989
28, 47, 881, 526, 885, 525, -4, 1, 2.896613990462929, 4.123105625617661
28, 48, 1184, 149, 1183, 146, 1, 3, 1.2490457723982544, 3.1622776601683795
28, 50, 820, 59, 821, 62, -1, -3, -1.892546881191539, 3.1622776601683795
28, 51, 619, 57, 618, 58, 1, -1, -0.7853981633974483, 1.4142135623730951
28, 54, 739, 571, 740, 575, -1, -4, -1.8157749899217608, 4.123105625617661
28, 55, 519, 232, 519, 237, 0, -5, -1.5707963267948966, 5.0
28, 56, 1237, 425, 1241, 429, -4, -4, -2.356194490192345, 5.656854249492381
28, 58, 1157, 174, 1156, 171, 1, 3, 1.2490457723982544, 3.1622776601683795
28, 59, 884, 505, 888, 506, -4, -1, -2.896613990462929, 4.123105625617661
28, 60, 1015, 346, 1014, 344, 1, 2, 1.1071487177940904, 2.23606797749979
28, 62, 528, 246, 528, 251, 0, -5, -1.5707963267948966, 5.0
28, 64, 422, 257, 422, 255, 0, 2, 1.5707963267948966, 2.0
28, 65, 805, 54, 806, 57, -1, -3, -1.892546881191539, 3.1622776601683795
28, 66, 919, 515, 924, 517, -5, -2, -2.761086276477428, 5.385164807134504
28, 68, 1032, 389, 1031, 386, 1, 3, 1.2490457723982544, 3.1622776601683795
28, 69, 156, 359, 158, 356, -2, 3, 2.158798930342464, 3.605551275463989
28, 70, 886, 471, 891, 472, -5, -1, -2.9441970937399127, 5.0990195135927845
28, 72, 789, 590, 790, 594, -1, -4, -1.8157749899217608, 4.123105625617661
28, 74, 901, 476, 906, 476, -5, 0, 3.141592653589793, 5.0
28, 75, 1037, 277, 1035, 273, 2, 4, 1.1071487177940904, 4.47213595499958
28, 76, 165, 358, 167, 355, -2, 3, 2.158798930342464, 3.605551275463989
28, 77, 769, 324, 770, 328, -1, -4, -1.8157749899217608, 4.123105625617661
28, 80, 1053, 439, 1051, 438, 2, 1, 0.4636476090008061, 2.23606797749979
28, 83, 388, 270, 388, 268, 0, 2, 1.5707963267948966, 2.0
28, 84, 1069, 83, 1068, 82, 1, 1, 0.7853981633974483, 1.4142135623730951
28, 86, 191, 436, 192, 432, -1, 4, 1.8157749899217608, 4.123105625617661
28, 87, 618, 189, 619, 188, -1, 1, 2.356194490192345, 1.4142135623730951
28, 89, 781, 274, 781, 278, 0, -4, -1.5707963267948966, 4.0
28, 90, 1210, 169, 1210, 166, 0, 3, 1.5707963267948966, 3.0
28, 91, 473, 336, 474, 342, -1, -6, -1.7359450042095235, 6.082762530298219
28, 93, 742, 64, 741, 63, 1, 1, 0.7853981633974483, 1.4142135623730951
28, 95, 495, 202, 496, 204, -1, -2, -2.0344439357957027, 2.23606797749979
28, 97, 520, 337, 520, 340, 0, -3, -1.5707963267948966, 3.0
28, 101, 1151, 177, 1150, 174, 1, 3, 1.2490457723982544, 3.1622776601683795
28, 102, 501, 33, 501, 35, 0, -2, -1.5707963267948966, 2.0
28, 103, 1161, 152, 1161, 147, 0, 5, 1.5707963267948966, 5.0
28, 104, 115, 606, 114, 605, 1, 1, 0.7853981633974483, 1.4142135623730951
28, 105, 393, 276, 393, 274, 0, 2, 1.5707963267948966, 2.0
28, 107, 765, 315, 766, 320, -1, -5, -1.7681918866447774, 5.0990195135927845
28, 110, 1030, 277, 1028, 273, 2, 4, 1.1071487177940904, 4.47213595499958
28, 111, 382, 250, 381, 249, 1, 1, 0.7853981633974483, 1.4142135623730951
28, 112, 486, 361, 486, 365, 0, -4, -1.5707963267948966, 4.0
28, 113, 775, 603, 777, 607, -2, -4, -2.0344439357957027, 4.47213595499958
28, 114, 916, 573, 919, 572, -3, 1, 2.819842099193151, 3.1622776601683795
28, 115, 615, 30, 616, 29, -1, 1, 2.356194490192345, 1.4142135623730951
28, 117, 1189, 124, 1188, 123, 1, 1, 0.7853981633974483, 1.4142135623730951
28, 119, 745, 576, 746, 580, -1, -4, -1.8157749899217608, 4.123105625617661
29, 0, 909, 519, 913, 521, -4, -2, -2.677945044588987, 4.47213595499958
29, 1, 793, 67, 794, 69, -1, -2, -2.0344439357957027, 2.23606797749979
29, 2, 811, 50, 812, 53, -1, -3, -1.892546881191539, 3.1622776601683795
29, 3, 901, 487, 906, 487, -5, 0, 3.141592653589793, 5.0
29, 4, 820, 74, 821, 77, -1, -3, -1.892546881191539, 3.1622776601683795
29, 5, 153, 369, 155, 367, -2, 2, 2.356194490192345, 2.8284271247461903
29, 6, 1213, 398, 1217, 402, -4, -4, -2.356194490192345, 5.656854249492381
29, 7, 803, 43, 804, 46, -1, -3, -1.892546881191539, 3.1622776601683795
29, 10, 793, 324, 794, 327, -1, -3, -1.892546881191539, 3.1622776601683795
29, 11, 536, 271, 536, 275, 0, -4, -1.5707963267948966, 4.0
29, 12, 1208, 457, 1211, 460, -3, -3, -2.356194490192345, 4.242640687119285
29, 13, 477, 354, 478, 357, -1, -3, -1.892546881191539, 3.1622776601683795
29, 14, 1207, 387, 1211, 391, -4, -4, -2.356194490192345, 5.656854249492381
29, 15, 462, 355, 463, 359, -1, -4, -1.8157749899217608, 4.123105625617661
29, 16, 486, 113, 486, 115, 0, -2, -1.5707963267948966, 2.0
29, 17, 1005, 321, 1004, 318, 1, 3, 1.2490457723982544, 3.1622776601683795
29, 18, 890, 549, 894, 550, -4, -1, -2.896613990462929, 4.123105625617661
29, 20, 476, 113, 476, 115, 0, -2, -1.5707963267948966, 2.0
29, 23, 1197, 436, 1201, 438, -4, -2, -2.677945044588987, 4.47213595499958
29, 24, 1039, 308, 1038, 304, 1, 4, 1.3258176636680326, 4.123105625617661
29, 27, 800, 321, 801, 325, -1, -4, -1.8157749899217608, 4.123105625617661
29, 28, 819, 91, 820, 94, -1, -3, -1.892546881191539, 3.1622776601683795
29, 31, 616, 65, 615, 66, 1, -1, -0.7853981633974483, 1.4142135623730951
29, 34, 1008, 425, 1007, 422, 1, 3, 1.2490457723982544, 3.1622776601683795
29, 35, 630, 155, 631, 152, -1, 3, 1.892546881191539, 3.1622776601683795
29, 38, 509, 270, 509, 274, 0, -4, -1.5707963267948966, 4.0
29, 39, 1140, 199, 1139, 197, 1, 2, 1.1071487177940904, 2.23606797749979
29, 40, 478, 104, 478, 106, 0, -2, -1.5707963267948966, 2.0
29, 41, 513, 240, 514, 245, -1, -5, -1.7681918866447774, 5.0990195135927845
29, 42, 1040, 290, 1039, 286, 1, 4, 1.3258176636680326, 4.123105625617661
29, 43, 774, 535, 776, 540, -2, -5, -1.9513027039072615, 5.385164807134504
29, 45, 392, 229, 392, 227, 0, 2, 1.5707963267948966, 2.0
29, 46, 1027, 285, 1024, 282, 3, 3, 0.7853981633974483, 4.242640687119285
29, 47, 877, 527, 881, 526, -4, 1, 2.896613990462929, 4.123105625617661
29, 48, 1185, 152, 1184, 149, 1, 3, 1.2490457723982544, 3.1622776601683795
29, 50, 819, 57, 820, 59, -1, -2, -2.0344439357957027, 2.23606797749979
29, 51, 620, 56, 619, 57, 1, -1, -0.7853981633974483, 1.4142135623730951
29, 54, 738, 567, 739, 571, -1, -4, -1.8157749899217608, 4.123105625617661
29, 55, 518, 227, 519, 232, -1, -5, -1.7681918866447774, 5.0990195135927845
29, 56, 1234, 420, 1237, 425, -3, -5, -2.1112158270654806, 5.830951894845301
29, 58, 1158, 177, 1157, 174, 1, 3, 1.2490457723982544, 3.1622776601683795
29, 59, 880, 504, 884, 505, -4, -1, -2.896613990462929, 4.123105625617661
29, 60, 1016, 347, 1015, 346, 1, 1, 0.7853981633974483, 1.4142135623730951
29, 62, 527, 241, 528, 246, -1, -5, -1.7681918866447774, 5.0990195135927845
29, 64, 423, 260, 422, 257, 1, 3, 1.2490457723982544, 3.1622776601683795
29, 65, 804, 51, 805, 54, -1, -3, -1.892546881191539, 3.1622776601683795
29, 66, 914, 513, 919, 515, -5, -2, -2.761086276477428, 5.385164807134504
29, 68, 1033, 393, 1032, 389, 1, 4, 1.3258176636680326, 4.123105625617661
29, 69, 154, 361, 156, 359, -2, 2, 2.356194490192345, 2.8284271247461903
29, 70, 881, 470, 886, 471, -5, -1, -2.9441970937399127, 5.0990195135927845
29, 72, 787, 585, 789, 590, -2, -5, -1.9513027039072615, 5.385164807134504
29, 74, 896, 476, 901, 476, -5, 0, 3.141592653589793, 5.0
29, 75, 1039, 281, 1037, 277, 2, 4, 1.1071487177940904, 4.47213595499958
29, 76, 163, 360, 165, 358, -2, 2, 2.356194490192345, 2.8284271247461903
29, 77, 768, 320, 769, 324, -1, -4, -1.8157749899217608, 4.123105625617661
29, 80, 1055, 441, 1053, 439, 2, 2, 0.7853981633974483, 2.8284271247461903
29, 83, 388, 272, 388, 270, 0, 2, 1.5707963267948966, 2.0
29, 86, 190, 439, 191, 436, -1, 3, 1.892546881191539, 3.1622776601683795
29, 87, 617, 191, 618, 189, -1, 2, 2.0344439357957027, 2.23606797749979
29, 89, 781, 270, 781, 274, 0, -4, -1.5707963267948966, 4.0
29, 90, 1210, 172, 1210, 169, 0, 3, 1.5707963267948966, 3.0
29, 91, 472, 331, 473, 336, -1, -5, -1.7681918866447774, 5.0990195135927845
29, 95, 494, 200, 495, 202, -1, -2, -2.0344439357957027, 2.23606797749979
29, 97, 519, 335, 520, 337, -1, -2, -2.0344439357957027, 2.23606797749979
29, 101, 1152, 180, 1151, 177, 1, 3, 1.2490457723982544, 3.1622776601683795
29, 103, 1161, 156, 1161, 152, 0, 4, 1.5707963267948966, 4.0
29, 104, 116, 607, 115, 606, 1, 1, 0.7853981633974483, 1.4142135623730951
29, 105, 392, 277, 393, 276, -1, 1, 2.356194490192345, 1.4142135623730951
29, 107, 764, 310, 765, 315, -1, -5, -1.7681918866447774, 5.0990195135927845
29, 110, 1032, 280, 1030, 277, 2, 3, 0.982793723247329, 3.605551275463989
29, 111, 383, 251, 382, 250, 1, 1, 0.7853981633974483, 1.4142135623730951
29, 112, 486, 357, 486, 361, 0, -4, -1.5707963267948966, 4.0
29, 113, 773, 599, 775, 603, -2, -4, -2.0344439357957027, 4.47213595499958
29, 114, 913, 575, 916, 573, -3, 2, 2.5535900500422257, 3.605551275463989
29, 116, 674, 107, 674, 105, 0, 2, 1.5707963267948966, 2.0
29, 119, 744, 572, 745, 576, -1, -4, -1.8157749899217608, 4.123105625617661
30, 1, 815, 58, 816, 60, -1, -2, -2.0344439357957027, 2.23606797749979
30, 2, 901, 485, 906, 485, -5, 0, 3.141592653589793, 5.0
30, 3, 822, 81, 823, 83, -1, -2, -2.0344439357957027, 2.23606797749979
30, 4, 1213, 387, 1217, 391, -4, -4, -2.356194490192345, 5.656854249492381
30, 8, 778, 601, 780, 605, -2, -4, -2.0344439357957027, 4.47213595499958
30, 9, 1211, 457, 1214, 460, -3, -3, -2.356194490192345, 4.242640687119285
30, 10, 807, 50, 807, 52, 0, -2, -1.5707963267948966, 2.0
30, 12, 909, 526, 914, 527, -5, -1, -2.9441970937399127, 5.0990195135927845
30, 13, 116, 605, 114, 604, 2, 1, 0.4636476090008061, 2.23606797749979
30, 14, 794, 73, 795, 75, -1, -2, -2.0344439357957027, 2.23606797749979
30, 15, 157, 368, 159, 366, -2, 2, 2.356194490192345, 2.8284271247461903
30, 17, 880, 563, 884, 563, -4, 0, 3.141592653589793, 4.0
30, 18, 479, 351, 480, 355, -1, -4, -1.8157749899217608, 4.123105625617661
30, 19, 822, 96, 823, 100, -1, -4, -1.8157749899217608, 4.123105625617661
30, 20, 536, 276, 537, 280, -1, -4, -1.8157749899217608, 4.123105625617661
30, 22, 464, 353, 465, 357, -1, -4, -1.8157749899217608, 4.123105625617661
30, 27, 1238, 427, 1242, 431, -4, -4, -2.356194490192345, 5.656854249492381
30, 28, 1219, 402, 1223, 406, -4, -4, -2.356194490192345, 5.656854249492381
30, 30, 1261, 113, 1263, 113, -2, 0, 3.141592653589793, 2.0
30, 31, 682, 98, 683, 96, -1, 2, 2.0344439357957027, 2.23606797749979
30, 33, 767, 320, 768, 324, -1, -4, -1.8157749899217608, 4.123105625617661
30, 35, 1028, 388, 1026, 383, 2, 5, 1.1902899496825317, 5.385164807134504
30, 36, 1031, 466, 1029, 463, 2, 3, 0.982793723247329, 3.605551275463989
30, 37, 509, 276, 510, 280, -1, -4, -1.8157749899217608, 4.123105625617661
30, 38, 632, 44, 631, 45, 1, -1, -0.7853981633974483, 1.4142135623730951
30, 40, 157, 424, 160, 422, -3, 2, 2.5535900500422257, 3.605551275463989
30, 41, 689, 112, 689, 110, 0, 2, 1.5707963267948966, 2.0
30, 42, 1009, 423, 1008, 420, 1, 3, 1.2490457723982544, 3.1622776601683795
30, 43, 630, 154, 631, 151, -1, 3, 1.892546881191539, 3.1622776601683795
30, 44, 807, 58, 808, 61, -1, -3, -1.892546881191539, 3.1622776601683795
30, 45, 1185, 467, 1187, 468, -2, -1, -2.677945044588987, 2.23606797749979
30, 51, 388, 164, 388, 162, 0, 2, 1.5707963267948966, 2.0
30, 53, 669, 160, 669, 158, 0, 2, 1.5707963267948966, 2.0
30, 55, 424, 260, 423, 257, 1, 3, 1.2490457723982544, 3.1622776601683795
30, 62, 738, 558, 739, 562, -1, -4, -1.8157749899217608, 4.123105625617661
30, 63, 778, 539, 779, 543, -1, -4, -1.8157749899217608, 4.123105625617661
30, 70, 1039, 291, 1038, 287, 1, 4, 1.3258176636680326, 4.123105625617661
30, 73, 616, 70, 615, 71, 1, -1, -0.7853981633974483, 1.4142135623730951
30, 76, 821, 64, 822, 66, -1, -2, -2.0344439357957027, 2.23606797749979
30, 78, 870, 510, 874, 510, -4, 0, 3.141592653589793, 4.0
30, 79, 514, 247, 515, 251, -1, -4, -1.8157749899217608, 4.123105625617661
30, 80, 483, 446, 483, 448, 0, -2, -1.5707963267948966, 2.0
30, 81, 898, 477, 903, 476, -5, 1, 2.9441970937399127, 5.0990195135927845
30, 85, 786, 578, 788, 583, -2, -5, -1.9513027039072615, 5.385164807134504
30, 87, 196, 448, 197, 444, -1, 4, 1.8157749899217608, 4.123105625617661
30, 88, 796, 331, 796, 335, 0, -4, -1.5707963267948966, 4.0
30, 92, 1158, 177, 1157, 174, 1, 3, 1.2490457723982544, 3.1622776601683795
30, 93, 673, 186, 673, 184, 0, 2, 1.5707963267948966, 2.0
30, 94, 801, 326, 801, 330, 0, -4, -1.5707963267948966, 4.0
30, 96, 1018, 337, 1017, 334, 1, 3, 1.2490457723982544, 3.1622776601683795
30, 97, 1039, 282, 1037, 278, 2, 4, 1.1071487177940904, 4.47213595499958
30, 99, 160, 358, 162, 356, -2, 2, 2.356194490192345, 2.8284271247461903
30, 100, 517, 234, 518, 239, -1, -5, -1.7681918866447774, 5.0990195135927845
30, 101, 790, 587, 792, 592, -2, -5, -1.9513027039072615, 5.385164807134504
30, 102, 617, 190, 618, 188, -1, 2, 2.0344439357957027, 2.23606797749979
30, 105, 272, 18, 271, 19, 1, -1, -0.7853981633974483, 1.4142135623730951
30, 109, 907, 569, 911, 567, -4, 2, 2.677945044588987, 4.47213595499958
30, 110, 1038, 311, 1037, 307, 1, 4, 1.3258176636680326, 4.123105625617661
30, 113, 1185, 148, 1184, 146, 1, 2, 1.1071487177940904, 2.23606797749979
30, 115, 186, 437, 187, 435, -1, 2, 2.0344439357957027, 2.23606797749979
30, 116, 747, 575, 749, 579, -2, -4, -2.0344439357957027, 4.47213595499958
30, 117, 877, 527, 881, 526, -4, 1, 2.896613990462929, 4.123105625617661
30, 120, 1261, 148, 1272, 148, -11, 0, 3.141592653589793, 11.0
30, 123, 286, 24, 285, 26, 1, -2, -1.1071487177940904, 2.23606797749979
30, 124, 1202, 433, 1206, 435, -4, -2, -2.677945044588987, 4.47213595499958
30, 125, 767, 652, 769, 657, -2, -5, -1.9513027039072615, 5.385164807134504
30, 126, 1031, 281, 1029, 277, 2, 4, 1.1071487177940904, 4.47213595499958
30, 127, 1031, 395, 1030, 391, 1, 4, 1.3258176636680326, 4.123105625617661
30, 132, 389, 268, 389, 266, 0, 2, 1.5707963267948966, 2.0
30, 134, 1025, 286, 1023, 283, 2, 3, 0.982793723247329, 3.605551275463989
30, 135, 474, 336, 475, 341, -1, -5, -1.7681918866447774, 5.0990195135927845
30, 137, 783, 276, 783, 280, 0, -4, -1.5707963267948966, 4.0
30, 140, 471, 448, 472, 452, -1, -4, -1.8157749899217608, 4.123105625617661
30, 141, 1145, 184, 1144, 181, 1, 3, 1.2490457723982544, 3.1622776601683795
30, 144, 1004, 323, 1003, 320, 1, 3, 1.2490457723982544, 3.1622776601683795
30, 145, 1215, 499, 1217, 503, -2, -4, -2.0344439357957027, 4.47213595499958
30, 149, 755, 94, 755, 92, 0, 2, 1.5707963267948966, 2.0
30, 151, 1170, 230, 1171, 228, -1, 2, 2.0344439357957027, 2.23606797749979
30, 152, 1060, 408, 1058, 405, 2, 3, 0.982793723247329, 3.605551275463989
30, 155, 1232, 398, 1236, 403, -4, -5, -2.2455372690184494, 6.4031242374328485
30, 157, 774, 333, 775, 335, -1, -2, -2.0344439357957027, 2.23606797749979
30, 158, 528, 324, 529, 326, -1, -2, -2.0344439357957027, 2.23606797749979
31, 1, 814, 56, 815, 58, -1, -2, -2.0344439357957027, 2.23606797749979
31, 2, 896, 485, 901, 485, -5, 0, 3.141592653589793, 5.0
31, 3, 822, 79, 822, 81, 0, -2, -1.5707963267948966, 2.0
31, 4, 1210, 383, 1213, 387, -3, -4, -2.214297435588181, 5.0
31, 8, 776, 597, 778, 601, -2, -4, -2.0344439357957027, 4.47213595499958
31, 9, 1208, 455, 1211, 457, -3, -2, -2.5535900500422257, 3.605551275463989
31, 10, 807, 48, 807, 50, 0, -2, -1.5707963267948966, 2.0
31, 12, 904, 525, 909, 526, -5, -1, -2.9441970937399127, 5.0990195135927845
31, 13, 118, 606, 116, 605, 2, 1, 0.4636476090008061, 2.23606797749979
31, 14, 793, 71, 794, 73, -1, -2, -2.0344439357957027, 2.23606797749979
31, 15, 156, 370, 157, 368, -1, 2, 2.0344439357957027, 2.23606797749979
31, 16, 477, 119, 477, 121, 0, -2, -1.5707963267948966, 2.0
31, 17, 876, 563, 880, 563, -4, 0, 3.141592653589793, 4.0
31, 18, 478, 347, 479, 351, -1, -4, -1.8157749899217608, 4.123105625617661
31, 19, 821, 93, 822, 96, -1, -3, -1.892546881191539, 3.1622776601683795
31, 20, 535, 272, 536, 276, -1, -4, -1.8157749899217608, 4.123105625617661
31, 22, 463, 349, 464, 353, -1, -4, -1.8157749899217608, 4.123105625617661
31, 24, 488, 120, 488, 122, 0, -2, -1.5707963267948966, 2.0
31, 27, 1234, 422, 1238, 427, -4, -5, -2.2455372690184494, 6.4031242374328485
31, 28, 1215, 398, 1219, 402, -4, -4, -2.356194490192345, 5.656854249492381
31, 31, 682, 101, 682, 98, 0, 3, 1.5707963267948966, 3.0
31, 33, 767, 316, 767, 320, 0, -4, -1.5707963267948966, 4.0
31, 35, 1030, 391, 1028, 388, 2, 3, 0.982793723247329, 3.605551275463989
31, 36, 1032, 469, 1031, 466, 1, 3, 1.2490457723982544, 3.1622776601683795
31, 37, 509, 272, 509, 276, 0, -4, -1.5707963267948966, 4.0
31, 38, 633, 43, 632, 44, 1, -1, -0.7853981633974483, 1.4142135623730951
31, 40, 154, 427, 157, 424, -3, 3, 2.356194490192345, 4.242640687119285
31, 41, 689, 115, 689, 112, 0, 3, 1.5707963267948966, 3.0
31, 42, 1010, 426, 1009, 423, 1, 3, 1.2490457723982544, 3.1622776601683795
31, 43, 629, 156, 630, 154, -1, 2, 2.0344439357957027, 2.23606797749979
31, 44, 806, 56, 807, 58, -1, -2, -2.0344439357957027, 2.23606797749979
31, 50, 388, 166, 388, 164, 0, 2, 1.5707963267948966, 2.0
31, 52, 669, 163, 669, 160, 0, 3, 1.5707963267948966, 3.0
31, 54, 424, 263, 424, 260, 0, 3, 1.5707963267948966, 3.0
31, 61, 737, 554, 738, 558, -1, -4, -1.8157749899217608, 4.123105625617661
31, 62, 777, 535, 778, 539, -1, -4, -1.8157749899217608, 4.123105625617661
31, 65, 1084, 22, 1083, 21, 1, 1, 0.7853981633974483, 1.4142135623730951
31, 69, 1041, 295, 1039, 291, 2, 4, 1.1071487177940904, 4.47213595499958
31, 70, 1073, 29, 1072, 28, 1, 1, 0.7853981633974483, 1.4142135623730951
31, 75, 820, 62, 821, 64, -1, -2, -2.0344439357957027, 2.23606797749979
31, 77, 866, 510, 870, 510, -4, 0, 3.141592653589793, 4.0
31, 78, 513, 243, 514, 247, -1, -4, -1.8157749899217608, 4.123105625617661
31, 79, 483, 444, 483, 446, 0, -2, -1.5707963267948966, 2.0
31, 80, 893, 477, 898, 477, -5, 0, 3.141592653589793, 5.0
31, 84, 784, 574, 786, 578, -2, -4, -2.0344439357957027, 4.47213595499958
31, 86, 195, 450, 196, 448, -1, 2, 2.0344439357957027, 2.23606797749979
31, 87, 796, 327, 796, 331, 0, -4, -1.5707963267948966, 4.0
31, 91, 1160, 180, 1158, 177, 2, 3, 0.982793723247329, 3.605551275463989
31, 92, 673, 188, 673, 186, 0, 2, 1.5707963267948966, 2.0
31, 93, 801, 322, 801, 326, 0, -4, -1.5707963267948966, 4.0
31, 95, 1018, 341, 1018, 337, 0, 4, 1.5707963267948966, 4.0
31, 96, 1041, 286, 1039, 282, 2, 4, 1.1071487177940904, 4.47213595499958
31, 98, 159, 361, 160, 358, -1, 3, 1.892546881191539, 3.1622776601683795
31, 99, 516, 230, 517, 234, -1, -4, -1.8157749899217608, 4.123105625617661
31, 100, 788, 583, 790, 587, -2, -4, -2.0344439357957027, 4.47213595499958
31, 101, 616, 193, 617, 190, -1, 3, 1.892546881191539, 3.1622776601683795
31, 104, 273, 17, 272, 18, 1, -1, -0.7853981633974483, 1.4142135623730951
31, 108, 903, 570, 907, 569, -4, 1, 2.896613990462929, 4.123105625617661
31, 109, 1039, 314, 1038, 311, 1, 3, 1.2490457723982544, 3.1622776601683795
31, 112, 1186, 150, 1185, 148, 1, 2, 1.1071487177940904, 2.23606797749979
31, 114, 185, 438, 186, 437, -1, 1, 2.356194490192345, 1.4142135623730951
31, 115, 745, 572, 747, 575, -2, -3, -2.158798930342464, 3.605551275463989
31, 116, 873, 528, 877, 527, -4, 1, 2.896613990462929, 4.123105625617661
31, 122, 287, 23, 286, 24, 1, -1, -0.7853981633974483, 1.4142135623730951
31, 123, 1198, 431, 1202, 433, -4, -2, -2.677945044588987, 4.47213595499958
31, 124, 765, 645, 767, 652, -2, -7, -1.849095985800008, 7.280109889280518
31, 125, 1033, 285, 1031, 281, 2, 4, 1.1071487177940904, 4.47213595499958
31, 126, 1032, 398, 1031, 395, 1, 3, 1.2490457723982544, 3.1622776601683795
31, 131, 389, 270, 389, 268, 0, 2, 1.5707963267948966, 2.0
31, 133, 1028, 288, 1025, 286, 3, 2, 0.5880026035475675, 3.605551275463989
31, 134, 473, 331, 474, 336, -1, -5, -1.7681918866447774, 5.0990195135927845
31, 136, 783, 273, 783, 276, 0, -3, -1.5707963267948966, 3.0
31, 139, 470, 443, 471, 448, -1, -5, -1.7681918866447774, 5.0990195135927845
31, 140, 1146, 187, 1145, 184, 1, 3, 1.2490457723982544, 3.1622776601683795
31, 143, 1004, 325, 1004, 323, 0, 2, 1.5707963267948966, 2.0
31, 144, 1212, 494, 1215, 499, -3, -5, -2.1112158270654806, 5.830951894845301
31, 148, 755, 96, 755, 94, 0, 2, 1.5707963267948966, 2.0
31, 150, 1170, 232, 1170, 230, 0, 2, 1.5707963267948966, 2.0
31, 151, 1061, 411, 1060, 408, 1, 3, 1.2490457723982544, 3.1622776601683795
31, 154, 1228, 393, 1232, 398, -4, -5, -2.2455372690184494, 6.4031242374328485
31, 156, 773, 331, 774, 333, -1, -2, -2.0344439357957027, 2.23606797749979
31, 157, 527, 322, 528, 324, -1, -2, -2.0344439357957027, 2.23606797749979
32, 1, 813, 53, 814, 56, -1, -3, -1.892546881191539, 3.1622776601683795
32, 2, 891, 486, 896, 485, -5, 1, 2.9441970937399127, 5.0990195135927845
32, 3, 821, 76, 822, 79, -1, -3, -1.892546881191539, 3.1622776601683795
32, 4, 1208, 379, 1210, 383, -2, -4, -2.0344439357957027, 4.47213595499958
32, 5, 748, 59, 748, 57, 0, 2, 1.5707963267948966, 2.0
32, 8, 774, 593, 776, 597, -2, -4, -2.0344439357957027, 4.47213595499958
32, 9, 1205, 453, 1208, 455, -3, -2, -2.5535900500422257, 3.605551275463989
32, 10, 807, 45, 807, 48, 0, -3, -1.5707963267948966, 3.0
32, 12, 900, 524, 904, 525, -4, -1, -2.896613990462929, 4.123105625617661
32, 13, 121, 608, 118, 606, 3, 2, 0.5880026035475675, 3.605551275463989
32, 14, 792, 66, 793, 71, -1, -5, -1.7681918866447774, 5.0990195135927845
32, 15, 156, 372, 156, 370, 0, 2, 1.5707963267948966, 2.0
32, 16, 478, 115, 477, 119, 1, -4, -1.3258176636680326, 4.123105625617661
32, 17, 872, 562, 876, 563, -4, -1, -2.896613990462929, 4.123105625617661
32, 18, 477, 344, 478, 347, -1, -3, -1.892546881191539, 3.1622776601683795
32, 19, 819, 89, 821, 93, -2, -4, -2.0344439357957027, 4.47213595499958
32, 20, 534, 268, 535, 272, -1, -4, -1.8157749899217608, 4.123105625617661
32, 21, 1072, 63, 1071, 62, 1, 1, 0.7853981633974483, 1.4142135623730951
32, 22, 462, 346, 463, 349, -1, -3, -1.892546881191539, 3.1622776601683795
32, 24, 489, 117, 488, 120, 1, -3, -1.2490457723982544, 3.1622776601683795
32, 25, 394, 228, 394, 225, 0, 3, 1.5707963267948966, 3.0
32, 27, 1230, 417, 1234, 422, -4, -5, -2.2455372690184494, 6.4031242374328485
32, 28, 1212, 393, 1215, 398, -3, -5, -2.1112158270654806, 5.830951894845301
32, 30, 1261, 116, 1261, 114, 0, 2, 1.5707963267948966, 2.0
32, 31, 681, 105, 682, 101, -1, 4, 1.8157749899217608, 4.123105625617661
32, 33, 767, 311, 767, 316, 0, -5, -1.5707963267948966, 5.0
32, 34, 1088, 72, 1087, 71, 1, 1, 0.7853981633974483, 1.4142135623730951
32, 35, 1030, 393, 1030, 391, 0, 2, 1.5707963267948966, 2.0
32, 37, 508, 267, 509, 272, -1, -5, -1.7681918866447774, 5.0990195135927845
32, 38, 635, 39, 633, 43, 2, -4, -1.1071487177940904, 4.47213595499958
32, 39, 151, 430, 154, 427, -3, 3, 2.356194490192345, 4.242640687119285
32, 40, 689, 119, 689, 115, 0, 4, 1.5707963267948966, 4.0
32, 41, 1011, 429, 1010, 426, 1, 3, 1.2490457723982544, 3.1622776601683795
32, 42, 627, 160, 629, 156, -2, 4, 2.0344439357957027, 4.47213595499958
32, 43, 806, 53, 806, 56, 0, -3, -1.5707963267948966, 3.0
32, 44, 741, 64, 741, 62, 0, 2, 1.5707963267948966, 2.0
32, 46, 511, 9, 510, 11, 1, -2, -1.1071487177940904, 2.23606797749979
32, 47, 1152, 30, 1151, 29, 1, 1, 0.7853981633974483, 1.4142135623730951
32, 48, 1155, 37, 1153, 36, 2, 1, 0.4636476090008061, 2.23606797749979
32, 49, 388, 170, 388, 166, 0, 4, 1.5707963267948966, 4.0
32, 51, 669, 167, 669, 163, 0, 4, 1.5707963267948966, 4.0
32, 52, 424, 267, 424, 263, 0, 4, 1.5707963267948966, 4.0
32, 54, 481, 108, 480, 111, 1, -3, -1.2490457723982544, 3.1622776601683795
32, 59, 736, 549, 737, 554, -1, -5, -1.7681918866447774, 5.0990195135927845
32, 60, 776, 532, 777, 535, -1, -3, -1.892546881191539, 3.1622776601683795
32, 63, 1086, 24, 1084, 22, 2, 2, 0.7853981633974483, 2.8284271247461903
32, 65, 1105, 19, 1104, 18, 1, 1, 0.7853981633974483, 1.4142135623730951
32, 67, 1042, 298, 1041, 295, 1, 3, 1.2490457723982544, 3.1622776601683795
32, 68, 1075, 31, 1073, 29, 2, 2, 0.7853981633974483, 2.8284271247461903
32, 70, 618, 66, 617, 70, 1, -4, -1.3258176636680326, 4.123105625617661
32, 71, 1189, 129, 1189, 125, 0, 4, 1.5707963267948966, 4.0
32, 72, 574, 38, 573, 39, 1, -1, -0.7853981633974483, 1.4142135623730951
32, 73, 819, 59, 820, 62, -1, -3, -1.892546881191539, 3.1622776601683795
32, 75, 863, 508, 866, 510, -3, -2, -2.5535900500422257, 3.605551275463989
32, 76, 511, 238, 513, 243, -2, -5, -1.9513027039072615, 5.385164807134504
32, 77, 888, 478, 893, 477, -5, 1, 2.9441970937399127, 5.0990195135927845
32, 78, 1151, 214, 1150, 215, 1, -1, -0.7853981633974483, 1.4142135623730951
32, 79, 501, 30, 501, 32, 0, -2, -1.5707963267948966, 2.0
32, 81, 781, 572, 784, 574, -3, -2, -2.5535900500422257, 3.605551275463989
32, 83, 192, 451, 195, 450, -3, 1, 2.819842099193151, 3.1622776601683795
32, 84, 796, 323, 796, 327, 0, -4, -1.5707963267948966, 4.0
32, 85, 624, 106, 624, 108, 0, -2, -1.5707963267948966, 2.0
32, 88, 1163, 182, 1160, 180, 3, 2, 0.5880026035475675, 3.605551275463989
32, 89, 675, 189, 673, 188, 2, 1, 0.4636476090008061, 2.23606797749979
32, 90, 801, 317, 801, 322, 0, -5, -1.5707963267948966, 5.0
32, 92, 1019, 343, 1018, 341, 1, 2, 1.1071487177940904, 2.23606797749979
32, 93, 1043, 289, 1041, 286, 2, 3, 0.982793723247329, 3.605551275463989
32, 95, 158, 363, 159, 361, -1, 2, 2.0344439357957027, 2.23606797749979
32, 96, 514, 225, 516, 230, -2, -5, -1.9513027039072615, 5.385164807134504
32, 97, 785, 580, 788, 583, -3, -3, -2.356194490192345, 4.242640687119285
32, 98, 615, 196, 616, 193, -1, 3, 1.892546881191539, 3.1622776601683795
32, 100, 1127, 98, 1126, 96, 1, 2, 1.1071487177940904, 2.23606797749979
32, 101, 275, 16, 273, 17, 2, -1, -0.4636476090008061, 2.23606797749979
32, 105, 901, 567, 903, 570, -2, -3, -2.158798930342464, 3.605551275463989
32, 106, 1040, 316, 1039, 314, 1, 2, 1.1071487177940904, 2.23606797749979
32, 109, 1188, 152, 1186, 150, 2, 2, 0.7853981633974483, 2.8284271247461903
32, 111, 182, 438, 185, 438, -3, 0, 3.141592653589793, 3.0
32, 112, 741, 569, 745, 572, -4, -3, -2.498091544796509, 5.0
32, 113, 869, 529, 873, 528, -4, 1, 2.896613990462929, 4.123105625617661
32, 114, 1150, 70, 1148, 68, 2, 2, 0.7853981633974483, 2.8284271247461903
32, 116, 1261, 151, 1260, 148, 1, 3, 1.2490457723982544, 3.1622776601683795
32, 117, 497, 144, 497, 149, 0, -5, -1.5707963267948966, 5.0
32, 118, 1025, 493, 1024, 491, 1, 2, 1.1071487177940904, 2.23606797749979
32, 119, 289, 22, 287, 23, 2, -1, -0.4636476090008061, 2.23606797749979
32, 120, 1194, 430, 1198, 431, -4, -1, -2.896613990462929, 4.123105625617661
32, 121, 761, 635, 765, 645, -4, -10, -1.9513027039072615, 10.770329614269007
32, 122, 1034, 289, 1033, 285, 1, 4, 1.3258176636680326, 4.123105625617661
32, 123, 1032, 400, 1032, 398, 0, 2, 1.5707963267948966, 2.0
32, 125, 410, 229, 410, 227, 0, 2, 1.5707963267948966, 2.0
32, 126, 1080, 60, 1078, 59, 2, 1, 0.4636476090008061, 2.23606797749979
32, 128, 389, 273, 389, 270, 0, 3, 1.5707963267948966, 3.0
32, 130, 1029, 291, 1028, 288, 1, 3, 1.2490457723982544, 3.1622776601683795
32, 131, 472, 326, 473, 331, -1, -5, -1.7681918866447774, 5.0990195135927845
32, 133, 784, 268, 783, 273, 1, -5, -1.373400766945016, 5.0990195135927845
32, 134, 619, 60, 620, 62, -1, -2, -2.0344439357957027, 2.23606797749979
32, 135, 1091, 60, 1090, 59, 1, 1, 0.7853981633974483, 1.4142135623730951
32, 136, 469, 438, 470, 443, -1, -5, -1.7681918866447774, 5.0990195135927845
32, 137, 1149, 189, 1146, 187, 3, 2, 0.5880026035475675, 3.605551275463989
32, 138, 501, 153, 501, 157, 0, -4, -1.5707963267948966, 4.0
32, 139, 1107, 57, 1106, 55, 1, 2, 1.1071487177940904, 2.23606797749979
32, 140, 1005, 326, 1004, 325, 1, 1, 0.7853981633974483, 1.4142135623730951
32, 141, 1210, 491, 1212, 494, -2, -3, -2.158798930342464, 3.605551275463989
32, 142, 1148, 201, 1146, 202, 2, -1, -0.4636476090008061, 2.23606797749979
32, 143, 1196, 123, 1195, 119, 1, 4, 1.3258176636680326, 4.123105625617661
32, 144, 579, 23, 577, 23, 2, 0, 0.0, 2.0
32, 145, 756, 98, 755, 96, 1, 2, 1.1071487177940904, 2.23606797749979
32, 148, 1063, 415, 1061, 411, 2, 4, 1.1071487177940904, 4.47213595499958
32, 151, 1225, 388, 1228, 393, -3, -5, -2.1112158270654806, 5.830951894845301
32, 152, 1185, 87, 1185, 83, 0, 4, 1.5707963267948966, 4.0
32, 153, 773, 327, 773, 331, 0, -4, -1.5707963267948966, 4.0
32, 154, 526, 320, 527, 322, -1, -2, -2.0344439357957027, 2.23606797749979
33, 1, 886, 488, 891, 486, -5, 2, 2.761086276477428, 5.385164807134504
33, 2, 1206, 374, 1208, 379, -2, -5, -1.9513027039072615, 5.385164807134504
33, 6, 773, 589, 774, 593, -1, -4, -1.8157749899217608, 4.123105625617661
33, 7, 1203, 453, 1205, 453, -2, 0, 3.141592653589793, 2.0
33, 9, 896, 524, 900, 524, -4, 0, 3.141592653589793, 4.0
33, 10, 122, 609, 121, 608, 1, 1, 0.7853981633974483, 1.4142135623730951
33, 11, 791, 64, 792, 66, -1, -2, -2.0344439357957027, 2.23606797749979
33, 12, 156, 375, 156, 372, 0, 3, 1.5707963267948966, 3.0
33, 13, 478, 112, 478, 115, 0, -3, -1.5707963267948966, 3.0
33, 14, 868, 562, 872, 562, -4, 0, 3.141592653589793, 4.0
33, 15, 476, 340, 477, 344, -1, -4, -1.8157749899217608, 4.123105625617661
33, 16, 534, 265, 534, 268, 0, -3, -1.5707963267948966, 3.0
33, 18, 461, 343, 462, 346, -1, -3, -1.892546881191539, 3.1622776601683795
33, 20, 489, 114, 489, 117, 0, -3, -1.5707963267948966, 3.0
33, 23, 1227, 412, 1230, 417, -3, -5, -2.1112158270654806, 5.830951894845301
33, 24, 1210, 388, 1212, 393, -2, -5, -1.9513027039072615, 5.385164807134504
33, 27, 680, 108, 681, 105, -1, 3, 1.892546881191539, 3.1622776601683795
33, 29, 767, 307, 767, 311, 0, -4, -1.5707963267948966, 4.0
33, 31, 1029, 396, 1030, 393, -1, 3, 1.892546881191539, 3.1622776601683795
33, 32, 1033, 471, 1032, 468, 1, 3, 1.2490457723982544, 3.1622776601683795
33, 33, 508, 264, 508, 267, 0, -3, -1.5707963267948966, 3.0
33, 34, 636, 37, 635, 39, 1, -2, -1.1071487177940904, 2.23606797749979
33, 35, 148, 432, 151, 430, -3, 2, 2.5535900500422257, 3.605551275463989
33, 36, 688, 122, 689, 119, -1, 3, 1.892546881191539, 3.1622776601683795
33, 37, 1012, 434, 1011, 429, 1, 5, 1.373400766945016, 5.0990195135927845
33, 38, 626, 161, 627, 160, -1, 1, 2.356194490192345, 1.4142135623730951
33, 43, 388, 173, 388, 170, 0, 3, 1.5707963267948966, 3.0
33, 45, 669, 171, 669, 167, 0, 4, 1.5707963267948966, 4.0
33, 46, 423, 269, 424, 267, -1, 2, 2.0344439357957027, 2.23606797749979
33, 48, 481, 105, 481, 108, 0, -3, -1.5707963267948966, 3.0
33, 53, 734, 545, 736, 549, -2, -4, -2.0344439357957027, 4.47213595499958
33, 54, 774, 528, 776, 532, -2, -4, -2.0344439357957027, 4.47213595499958
33, 56, 185, 467, 186, 466, -1, 1, 2.356194490192345, 1.4142135623730951
33, 58, 640, 228, 640, 226, 0, 2, 1.5707963267948966, 2.0
33, 60, 1044, 302, 1042, 298, 2, 4, 1.1071487177940904, 4.47213595499958
33, 64, 1189, 131, 1189, 129, 0, 2, 1.5707963267948966, 2.0
33, 65, 575, 37, 574, 38, 1, -1, -0.7853981633974483, 1.4142135623730951
33, 67, 859, 508, 863, 508, -4, 0, 3.141592653589793, 4.0
33, 68, 510, 235, 511, 238, -1, -3, -1.892546881191539, 3.1622776601683795
33, 69, 883, 480, 888, 478, -5, 2, 2.761086276477428, 5.385164807134504
33, 70, 1152, 216, 1151, 214, 1, 2, 1.1071487177940904, 2.23606797749979
33, 73, 779, 569, 781, 572, -2, -3, -2.158798930342464, 3.605551275463989
33, 75, 189, 451, 192, 451, -3, 0, 3.141592653589793, 3.0
33, 76, 796, 321, 796, 323, 0, -2, -1.5707963267948966, 2.0
33, 77, 624, 104, 624, 106, 0, -2, -1.5707963267948966, 2.0
33, 80, 1165, 183, 1163, 182, 2, 1, 0.4636476090008061, 2.23606797749979
33, 82, 801, 315, 801, 317, 0, -2, -1.5707963267948966, 2.0
33, 84, 1020, 346, 1019, 343, 1, 3, 1.2490457723982544, 3.1622776601683795
33, 85, 1045, 293, 1043, 289, 2, 4, 1.1071487177940904, 4.47213595499958
33, 87, 158, 366, 158, 363, 0, 3, 1.5707963267948966, 3.0
33, 88, 513, 222, 514, 225, -1, -3, -1.892546881191539, 3.1622776601683795
33, 89, 783, 576, 785, 580, -2, -4, -2.0344439357957027, 4.47213595499958
33, 90, 614, 199, 615, 196, -1, 3, 1.892546881191539, 3.1622776601683795
33, 92, 1128, 99, 1127, 98, 1, 1, 0.7853981633974483, 1.4142135623730951
33, 93, 276, 15, 275, 16, 1, -1, -0.7853981633974483, 1.4142135623730951
33, 97, 899, 566, 901, 567, -2, -1, -2.677945044588987, 2.23606797749979
33, 98, 1042, 319, 1040, 316, 2, 3, 0.982793723247329, 3.605551275463989
33, 101, 1190, 153, 1188, 152, 2, 1, 0.4636476090008061, 2.23606797749979
33, 103, 181, 440, 182, 438, -1, 2, 2.0344439357957027, 2.23606797749979
33, 104, 739, 566, 741, 569, -2, -3, -2.158798930342464, 3.605551275463989
33, 105, 865, 531, 869, 529, -4, 2, 2.677945044588987, 4.47213595499958
33, 108, 1261, 153, 1261, 151, 0, 2, 1.5707963267948966, 2.0
33, 109, 497, 141, 497, 144, 0, -3, -1.5707963267948966, 3.0
33, 111, 290, 21, 289, 22, 1, -1, -0.7853981633974483, 1.4142135623730951
33, 112, 1192, 427, 1194, 430, -2, -3, -2.158798930342464, 3.605551275463989
33, 113, 757, 629, 761, 635, -4, -6, -2.158798930342464, 7.211102550927978
33, 114, 1036, 293, 1034, 289, 2, 4, 1.1071487177940904, 4.47213595499958
33, 115, 1032, 403, 1032, 400, 0, 3, 1.5707963267948966, 3.0
33, 122, 1031, 294, 1029, 291, 2, 3, 0.982793723247329, 3.605551275463989
33, 123, 471, 322, 472, 326, -1, -4, -1.8157749899217608, 4.123105625617661
33, 125, 784, 266, 784, 268, 0, -2, -1.5707963267948966, 2.0
33, 126, 618, 61, 619, 60, -1, 1, 2.356194490192345, 1.4142135623730951
33, 128, 469, 432, 469, 438, 0, -6, -1.5707963267948966, 6.0
33, 129, 1150, 190, 1149, 189, 1, 1, 0.7853981633974483, 1.4142135623730951
33, 130, 501, 150, 501, 153, 0, -3, -1.5707963267948966, 3.0
33, 132, 1006, 328, 1005, 326, 1, 2, 1.1071487177940904, 2.23606797749979
33, 133, 1206, 486, 1210, 491, -4, -5, -2.2455372690184494, 6.4031242374328485
33, 134, 1149, 202, 1148, 201, 1, 1, 0.7853981633974483, 1.4142135623730951
33, 135, 1196, 125, 1196, 123, 0, 2, 1.5707963267948966, 2.0
33, 136, 581, 23, 579, 23, 2, 0, 0.0, 2.0
33, 140, 1064, 419, 1063, 415, 1, 4, 1.3258176636680326, 4.123105625617661
33, 143, 1223, 383, 1225, 388, -2, -5, -1.9513027039072615, 5.385164807134504
33, 144, 1185, 90, 1185, 87, 0, 3, 1.5707963267948966, 3.0
33, 145, 773, 325, 773, 327, 0, -2, -1.5707963267948966, 2.0
33, 146, 525, 318, 526, 320, -1, -2, -2.0344439357957027, 2.23606797749979
34, 1, 881, 490, 886, 488, -5, 2, 2.761086276477428, 5.385164807134504
34, 2, 1204, 369, 1206, 374, -2, -5, -1.9513027039072615, 5.385164807134504
34, 3, 748, 62, 748, 60, 0, 2, 1.5707963267948966, 2.0
34, 6, 771, 585, 773, 589, -2, -4, -2.0344439357957027, 4.47213595499958
34, 7, 1201, 453, 1203, 453, -2, 0, 3.141592653589793, 2.0
34, 9, 892, 525, 896, 524, -4, 1, 2.896613990462929, 4.123105625617661
34, 10, 123, 610, 122, 609, 1, 1, 0.7853981633974483, 1.4142135623730951
34, 11, 790, 62, 791, 64, -1, -2, -2.0344439357957027, 2.23606797749979
34, 12, 156, 378, 156, 375, 0, 3, 1.5707963267948966, 3.0
34, 13, 479, 109, 478, 112, 1, -3, -1.2490457723982544, 3.1622776601683795
34, 14, 863, 561, 868, 562, -5, -1, -2.9441970937399127, 5.0990195135927845
34, 15, 475, 336, 476, 340, -1, -4, -1.8157749899217608, 4.123105625617661
34, 16, 533, 262, 534, 265, -1, -3, -1.892546881191539, 3.1622776601683795
34, 18, 460, 340, 461, 343, -1, -3, -1.892546881191539, 3.1622776601683795
34, 20, 490, 111, 489, 114, 1, -3, -1.2490457723982544, 3.1622776601683795
34, 23, 1224, 408, 1227, 412, -3, -4, -2.214297435588181, 5.0
34, 24, 1208, 383, 1210, 388, -2, -5, -1.9513027039072615, 5.385164807134504
34, 26, 679, 110, 680, 108, -1, 2, 2.0344439357957027, 2.23606797749979
34, 28, 768, 302, 767, 307, 1, -5, -1.373400766945016, 5.0990195135927845
34, 29, 1089, 74, 1088, 73, 1, 1, 0.7853981633974483, 1.4142135623730951
34, 30, 1029, 398, 1029, 396, 0, 2, 1.5707963267948966, 2.0
34, 31, 1034, 475, 1033, 471, 1, 4, 1.3258176636680326, 4.123105625617661
34, 32, 507, 262, 508, 264, -1, -2, -2.0344439357957027, 2.23606797749979
34, 33, 637, 35, 636, 37, 1, -2, -1.1071487177940904, 2.23606797749979
34, 34, 145, 433, 148, 432, -3, 1, 2.819842099193151, 3.1622776601683795
34, 35, 687, 125, 688, 122, -1, 3, 1.892546881191539, 3.1622776601683795
34, 36, 1013, 439, 1012, 434, 1, 5, 1.373400766945016, 5.0990195135927845
34, 37, 625, 162, 626, 161, -1, 1, 2.356194490192345, 1.4142135623730951
34, 38, 741, 67, 741, 65, 0, 2, 1.5707963267948966, 2.0
34, 42, 388, 176, 388, 173, 0, 3, 1.5707963267948966, 3.0
34, 44, 670, 174, 669, 171, 1, 3, 1.2490457723982544, 3.1622776601683795
34, 45, 422, 271, 423, 269, -1, 2, 2.0344439357957027, 2.23606797749979
34, 47, 482, 102, 481, 105, 1, -3, -1.2490457723982544, 3.1622776601683795
34, 52, 732, 541, 734, 545, -2, -4, -2.0344439357957027, 4.47213595499958
34, 53, 773, 525, 774, 528, -1, -3, -1.892546881191539, 3.1622776601683795
34, 55, 183, 469, 185, 467, -2, 2, 2.356194490192345, 2.8284271247461903
34, 57, 640, 231, 640, 228, 0, 3, 1.5707963267948966, 3.0
34, 59, 1047, 305, 1044, 302, 3, 3, 0.7853981633974483, 4.242640687119285
34, 62, 617, 67, 618, 66, -1, 1, 2.356194490192345, 1.4142135623730951
34, 63, 1189, 133, 1189, 131, 0, 2, 1.5707963267948966, 2.0
34, 66, 855, 508, 859, 508, -4, 0, 3.141592653589793, 4.0
34, 67, 509, 233, 510, 235, -1, -2, -2.0344439357957027, 2.23606797749979
34, 68, 878, 482, 883, 480, -5, 2, 2.761086276477428, 5.385164807134504
34, 69, 1154, 219, 1152, 216, 2, 3, 0.982793723247329, 3.605551275463989
34, 72, 778, 565, 779, 569, -1, -4, -1.8157749899217608, 4.123105625617661
34, 74, 185, 450, 189, 451, -4, -1, -2.896613990462929, 4.123105625617661
34, 75, 796, 319, 796, 321, 0, -2, -1.5707963267948966, 2.0
34, 76, 625, 102, 624, 104, 1, -2, -1.1071487177940904, 2.23606797749979
34, 79, 1167, 184, 1165, 183, 2, 1, 0.4636476090008061, 2.23606797749979
34, 80, 676, 190, 675, 189, 1, 1, 0.7853981633974483, 1.4142135623730951
34, 81, 801, 313, 801, 315, 0, -2, -1.5707963267948966, 2.0
34, 83, 1022, 348, 1020, 346, 2, 2, 0.7853981633974483, 2.8284271247461903
34, 84, 1048, 296, 1045, 293, 3, 3, 0.7853981633974483, 4.242640687119285
34, 86, 158, 369, 158, 366, 0, 3, 1.5707963267948966, 3.0
34, 87, 512, 220, 513, 222, -1, -2, -2.0344439357957027, 2.23606797749979
34, 88, 781, 571, 783, 576, -2, -5, -1.9513027039072615, 5.385164807134504
34, 89, 613, 202, 614, 199, -1, 3, 1.892546881191539, 3.1622776601683795
34, 91, 1129, 101, 1128, 99, 1, 2, 1.1071487177940904, 2.23606797749979
34, 92, 277, 13, 276, 15, 1, -2, -1.1071487177940904, 2.23606797749979
34, 96, 1044, 321, 1042, 319, 2, 2, 0.7853981633974483, 2.8284271247461903
34, 98, 1192, 154, 1190, 153, 2, 1, 0.4636476090008061, 2.23606797749979
34, 100, 180, 442, 181, 440, -1, 2, 2.0344439357957027, 2.23606797749979
34, 101, 736, 566, 739, 566, -3, 0, 3.141592653589793, 3.0
34, 102, 861, 534, 865, 531, -4, 3, 2.498091544796509, 5.0
34, 105, 1261, 156, 1261, 153, 0, 3, 1.5707963267948966, 3.0
34, 106, 497, 138, 497, 141, 0, -3, -1.5707963267948966, 3.0
34, 108, 291, 20, 290, 21, 1, -1, -0.7853981633974483, 1.4142135623730951
34, 109, 1190, 424, 1192, 427, -2, -3, -2.158798930342464, 3.605551275463989
34, 110, 754, 623, 757, 629, -3, -6, -2.0344439357957027, 6.708203932499369
34, 111, 1038, 296, 1036, 293, 2, 3, 0.982793723247329, 3.605551275463989
34, 112, 1033, 405, 1032, 403, 1, 2, 1.1071487177940904, 2.23606797749979
34, 113, 409, 231, 410, 230, -1, 1, 2.356194490192345, 1.4142135623730951
34, 116, 389, 276, 389, 274, 0, 2, 1.5707963267948966, 2.0
34, 118, 1034, 297, 1031, 294, 3, 3, 0.7853981633974483, 4.242640687119285
34, 119, 470, 318, 471, 322, -1, -4, -1.8157749899217608, 4.123105625617661
34, 121, 784, 264, 784, 266, 0, -2, -1.5707963267948966, 2.0
34, 124, 469, 426, 469, 432, 0, -6, -1.5707963267948966, 6.0
34, 125, 1152, 191, 1150, 190, 2, 1, 0.4636476090008061, 2.23606797749979
34, 126, 501, 147, 501, 150, 0, -3, -1.5707963267948966, 3.0
34, 128, 1008, 330, 1006, 328, 2, 2, 0.7853981633974483, 2.8284271247461903
34, 129, 1204, 484, 1206, 486, -2, -2, -2.356194490192345, 2.8284271247461903
34, 130, 1151, 203, 1149, 202, 2, 1, 0.4636476090008061, 2.23606797749979
34, 131, 1196, 128, 1196, 125, 0, 3, 1.5707963267948966, 3.0
34, 132, 584, 23, 581, 23, 3, 0, 0.0, 3.0
34, 135, 1065, 423, 1064, 419, 1, 4, 1.3258176636680326, 4.123105625617661
34, 138, 1221, 378, 1223, 383, -2, -5, -1.9513027039072615, 5.385164807134504
34, 139, 1185, 93, 1185, 90, 0, 3, 1.5707963267948966, 3.0
34, 140, 773, 323, 773, 325, 0, -2, -1.5707963267948966, 2.0
34, 141, 524, 316, 525, 318, -1, -2, -2.0344439357957027, 2.23606797749979
35, 1, 1212, 386, 1214, 391, -2, -5, -1.9513027039072615, 5.385164807134504
35, 2, 1207, 372, 1209, 377, -2, -5, -1.9513027039072615, 5.385164807134504
35, 4, 478, 338, 479, 342, -1, -4, -1.8157749899217608, 4.123105625617661
35, 5, 491, 117, 491, 120, 0, -3, -1.5707963267948966, 3.0
35, 7, 157, 381, 157, 378, 0, 3, 1.5707963267948966, 3.0
35, 10, 121, 611, 120, 609, 1, 2, 1.1071487177940904, 2.23606797749979
35, 12, 750, 63, 750, 61, 0, 2, 1.5707963267948966, 2.0
35, 13, 796, 325, 796, 327, 0, -2, -1.5707963267948966, 2.0
35, 14, 1195, 419, 1197, 422, -2, -3, -2.158798930342464, 3.605551275463989
35, 17, 736, 555, 739, 556, -3, -1, -2.819842099193151, 3.1622776601683795
35, 18, 166, 442, 166, 439, 0, 3, 1.5707963267948966, 3.0
35, 19, 478, 113, 478, 117, 0, -4, -1.5707963267948966, 4.0
35, 20, 464, 342, 465, 346, -1, -4, -1.8157749899217608, 4.123105625617661
35, 21, 484, 104, 483, 108, 1, -4, -1.3258176636680326, 4.123105625617661
35, 23, 858, 522, 862, 520, -4, 2, 2.677945044588987, 4.47213595499958
35, 24, 396, 230, 396, 228, 0, 2, 1.5707963267948966, 2.0
35, 26, 515, 229, 516, 231, -1, -2, -2.0344439357957027, 2.23606797749979
35, 29, 742, 68, 742, 66, 0, 2, 1.5707963267948966, 2.0
35, 30, 151, 442, 153, 440, -2, 2, 2.356194490192345, 2.8284271247461903
35, 31, 633, 29, 633, 31, 0, -2, -1.5707963267948966, 2.0
35, 32, 1261, 118, 1266, 117, -5, 1, 2.9441970937399127, 5.0990195135927845
35, 34, 784, 563, 785, 567, -1, -4, -1.8157749899217608, 4.123105625617661
35, 35, 637, 38, 636, 41, 1, -3, -1.2490457723982544, 3.1622776601683795
35, 36, 509, 268, 509, 270, 0, -2, -1.5707963267948966, 2.0
35, 37, 482, 194, 484, 198, -2, -4, -2.0344439357957027, 4.47213595499958
35, 38, 774, 578, 775, 583, -1, -5, -1.7681918866447774, 5.0990195135927845
35, 43, 688, 119, 689, 118, -1, 1, 2.356194490192345, 1.4142135623730951
35, 44, 1015, 439, 1013, 434, 2, 5, 1.1902899496825317, 5.385164807134504
35, 45, 1010, 372, 1009, 371, 1, 1, 0.7853981633974483, 1.4142135623730951
35, 46, 1217, 437, 1220, 441, -3, -4, -2.214297435588181, 5.0
35, 47, 671, 170, 671, 168, 0, 2, 1.5707963267948966, 2.0
35, 48, 628, 158, 629, 157, -1, 1, 2.356194490192345, 1.4142135623730951
35, 49, 1230, 413, 1233, 418, -3, -5, -2.1112158270654806, 5.830951894845301
35, 55, 682, 106, 683, 105, -1, 1, 2.356194490192345, 1.4142135623730951
35, 57, 390, 172, 390, 170, 0, 2, 1.5707963267948966, 2.0
35, 59, 1163, 182, 1161, 181, 2, 1, 0.4636476090008061, 2.23606797749979
35, 60, 774, 519, 775, 523, -1, -4, -1.8157749899217608, 4.123105625617661
35, 66, 886, 491, 890, 489, -4, 2, 2.677945044588987, 4.47213595499958
35, 67, 1049, 307, 1046, 304, 3, 3, 0.7853981633974483, 4.242640687119285
35, 68, 896, 528, 900, 528, -4, 0, 3.141592653589793, 4.0
35, 69, 536, 265, 537, 268, -1, -3, -1.892546881191539, 3.1622776601683795
35, 70, 419, 273, 420, 272, -1, 1, 2.356194490192345, 1.4142135623730951
35, 71, 1026, 352, 1024, 351, 2, 1, 0.4636476090008061, 2.23606797749979
35, 72, 15, 109, 11, 109, 4, 0, 0.0, 4.0
35, 73, 884, 483, 888, 481, -4, 2, 2.677945044588987, 4.47213595499958
35, 75, 1190, 133, 1190, 130, 0, 3, 1.5707963267948966, 3.0
35, 80, 1151, 72, 1150, 71, 1, 1, 0.7853981633974483, 1.4142135623730951
35, 83, 390, 274, 390, 272, 0, 2, 1.5707963267948966, 2.0
35, 90, 201, 431, 201, 428, 0, 3, 1.5707963267948966, 3.0
35, 92, 291, 23, 290, 25, 1, -2, -1.1071487177940904, 2.23606797749979
35, 96, 1151, 202, 1149, 201, 2, 1, 0.4636476090008061, 2.23606797749979
36, 1, 1210, 381, 1212, 386, -2, -5, -1.9513027039072615, 5.385164807134504
36, 2, 1205, 367, 1207, 372, -2, -5, -1.9513027039072615, 5.385164807134504
36, 4, 477, 334, 478, 338, -1, -4, -1.8157749899217608, 4.123105625617661
36, 5, 491, 113, 491, 117, 0, -4, -1.5707963267948966, 4.0
36, 7, 157, 384, 157, 381, 0, 3, 1.5707963267948966, 3.0
36, 10, 123, 612, 121, 611, 2, 1, 0.4636476090008061, 2.23606797749979
36, 12, 749, 65, 750, 63, -1, 2, 2.0344439357957027, 2.23606797749979
36, 13, 795, 323, 796, 325, -1, -2, -2.0344439357957027, 2.23606797749979
36, 14, 1192, 416, 1195, 419, -3, -3, -2.356194490192345, 4.242640687119285
36, 17, 733, 554, 736, 555, -3, -1, -2.819842099193151, 3.1622776601683795
36, 18, 166, 445, 166, 442, 0, 3, 1.5707963267948966, 3.0
36, 19, 478, 109, 478, 113, 0, -4, -1.5707963267948966, 4.0
36, 20, 463, 338, 464, 342, -1, -4, -1.8157749899217608, 4.123105625617661
36, 21, 484, 100, 484, 104, 0, -4, -1.5707963267948966, 4.0
36, 23, 854, 524, 858, 522, -4, 2, 2.677945044588987, 4.47213595499958
36, 24, 396, 232, 396, 230, 0, 2, 1.5707963267948966, 2.0
36, 25, 260, 345, 259, 346, 1, -1, -0.7853981633974483, 1.4142135623730951
36, 26, 514, 226, 515, 229, -1, -3, -1.892546881191539, 3.1622776601683795
36, 28, 742, 70, 742, 68, 0, 2, 1.5707963267948966, 2.0
36, 29, 149, 444, 151, 442, -2, 2, 2.356194490192345, 2.8284271247461903
36, 30, 633, 27, 633, 29, 0, -2, -1.5707963267948966, 2.0
36, 31, 1260, 119, 1261, 118, -1, 1, 2.356194490192345, 1.4142135623730951
36, 33, 782, 559, 784, 563, -2, -4, -2.0344439357957027, 4.47213595499958
36, 34, 638, 36, 637, 38, 1, -2, -1.1071487177940904, 2.23606797749979
36, 35, 508, 266, 509, 268, -1, -2, -2.0344439357957027, 2.23606797749979
36, 36, 481, 191, 482, 194, -1, -3, -1.892546881191539, 3.1622776601683795
36, 37, 773, 573, 774, 578, -1, -5, -1.7681918866447774, 5.0990195135927845
36, 41, 483, 444, 483, 446, 0, -2, -1.5707963267948966, 2.0
36, 42, 687, 120, 688, 119, -1, 1, 2.356194490192345, 1.4142135623730951
36, 43, 1017, 444, 1015, 439, 2, 5, 1.1902899496825317, 5.385164807134504
36, 44, 1013, 376, 1010, 372, 3, 4, 0.9272952180016122, 5.0
36, 45, 1214, 433, 1217, 437, -3, -4, -2.214297435588181, 5.0
36, 46, 670, 171, 671, 170, -1, 1, 2.356194490192345, 1.4142135623730951
36, 48, 1226, 409, 1230, 413, -4, -4, -2.356194490192345, 5.656854249492381
36, 53, 681, 107, 682, 106, -1, 1, 2.356194490192345, 1.4142135623730951
36, 55, 390, 174, 390, 172, 0, 2, 1.5707963267948966, 2.0
36, 57, 1165, 183, 1163, 182, 2, 1, 0.4636476090008061, 2.23606797749979
36, 58, 773, 515, 774, 519, -1, -4, -1.8157749899217608, 4.123105625617661
36, 64, 882, 493, 886, 491, -4, 2, 2.677945044588987, 4.47213595499958
36, 65, 1052, 310, 1049, 307, 3, 3, 0.7853981633974483, 4.242640687119285
36, 66, 892, 529, 896, 528, -4, 1, 2.896613990462929, 4.123105625617661
36, 67, 535, 263, 536, 265, -1, -2, -2.0344439357957027, 2.23606797749979
36, 68, 418, 274, 419, 273, -1, 1, 2.356194490192345, 1.4142135623730951
36, 69, 1027, 355, 1026, 352, 1, 3, 1.2490457723982544, 3.1622776601683795
36, 70, 17, 110, 15, 109, 2, 1, 0.4636476090008061, 2.23606797749979
36, 71, 880, 485, 884, 483, -4, 2, 2.677945044588987, 4.47213595499958
36, 73, 1191, 135, 1190, 133, 1, 2, 1.1071487177940904, 2.23606797749979
36, 80, 390, 276, 390, 274, 0, 2, 1.5707963267948966, 2.0
36, 87, 201, 435, 201, 431, 0, 4, 1.5707963267948966, 4.0
36, 89, 293, 20, 291, 23, 2, -3, -0.982793723247329, 3.605551275463989
37, 0, 255, 352, 254, 353, 1, -1, -0.7853981633974483, 1.4142135623730951
37, 1, 1207, 377, 1210, 381, -3, -4, -2.214297435588181, 5.0
37, 2, 1203, 363, 1205, 367, -2, -4, -2.0344439357957027, 4.47213595499958
37, 3, 815, 51, 815, 55, 0, -4, -1.5707963267948966, 4.0
37, 4, 477, 330, 477, 334, 0, -4, -1.5707963267948966, 4.0
37, 5, 491, 108, 491, 113, 0, -5, -1.5707963267948966, 5.0
37, 6, 940, 29, 943, 28, -3, 1, 2.819842099193151, 3.1622776601683795
37, 7, 158, 386, 157, 384, 1, 2, 1.1071487177940904, 2.23606797749979
37, 9, 808, 42, 808, 46, 0, -4, -1.5707963267948966, 4.0
37, 10, 126, 615, 123, 612, 3, 3, 0.7853981633974483, 4.242640687119285
37, 12, 748, 69, 749, 65, -1, 4, 1.8157749899217608, 4.123105625617661
37, 13, 794, 319, 795, 323, -1, -4, -1.8157749899217608, 4.123105625617661
37, 14, 1189, 415, 1192, 416, -3, -1, -2.819842099193151, 3.1622776601683795
37, 15, 1075, 63, 1073, 62, 2, 1, 0.4636476090008061, 2.23606797749979
37, 17, 730, 552, 733, 554, -3, -2, -2.5535900500422257, 3.605551275463989
37, 18, 166, 449, 166, 445, 0, 4, 1.5707963267948966, 4.0
37, 19, 478, 105, 478, 109, 0, -4, -1.5707963267948966, 4.0
37, 20, 462, 335, 463, 338, -1, -3, -1.892546881191539, 3.1622776601683795
37, 21, 484, 95, 484, 100, 0, -5, -1.5707963267948966, 5.0
37, 23, 851, 524, 854, 524, -3, 0, 3.141592653589793, 3.0
37, 24, 395, 236, 396, 232, -1, 4, 1.8157749899217608, 4.123105625617661
37, 25, 262, 344, 260, 345, 2, -1, -0.4636476090008061, 2.23606797749979
37, 26, 511, 222, 514, 226, -3, -4, -2.214297435588181, 5.0
37, 28, 741, 74, 742, 70, -1, 4, 1.8157749899217608, 4.123105625617661
37, 29, 147, 446, 149, 444, -2, 2, 2.356194490192345, 2.8284271247461903
37, 30, 634, 25, 633, 27, 1, -2, -1.1071487177940904, 2.23606797749979
37, 31, 1258, 122, 1260, 119, -2, 3, 2.158798930342464, 3.605551275463989
37, 32, 629, 246, 630, 245, -1, 1, 2.356194490192345, 1.4142135623730951
37, 33, 779, 555, 782, 559, -3, -4, -2.214297435588181, 5.0
37, 34, 639, 33, 638, 36, 1, -3, -1.2490457723982544, 3.1622776601683795
37, 35, 506, 262, 508, 266, -2, -4, -2.0344439357957027, 4.47213595499958
37, 36, 480, 188, 481, 191, -1, -3, -1.892546881191539, 3.1622776601683795
37, 37, 770, 568, 773, 573, -3, -5, -2.1112158270654806, 5.830951894845301
37, 39, 1153, 37, 1153, 33, 0, 4, 1.5707963267948966, 4.0
37, 41, 482, 440, 483, 444, -1, -4, -1.8157749899217608, 4.123105625617661
37, 42, 687, 122, 687, 120, 0, 2, 1.5707963267948966, 2.0
37, 43, 1018, 446, 1017, 444, 1, 2, 1.1071487177940904, 2.23606797749979
37, 44, 1015, 377, 1013, 376, 2, 1, 0.4636476090008061, 2.23606797749979
37, 45, 1210, 429, 1214, 433, -4, -4, -2.356194490192345, 5.656854249492381
37, 46, 670, 173, 670, 171, 0, 2, 1.5707963267948966, 2.0
37, 47, 628, 163, 628, 159, 0, 4, 1.5707963267948966, 4.0
37, 48, 1222, 404, 1226, 409, -4, -5, -2.2455372690184494, 6.4031242374328485
37, 49, 942, 38, 944, 37, -2, 1, 2.677945044588987, 2.23606797749979
37, 52, 578, 40, 576, 40, 2, 0, 0.0, 2.0
37, 53, 680, 110, 681, 107, -1, 3, 1.892546881191539, 3.1622776601683795
37, 55, 391, 176, 390, 174, 1, 2, 1.1071487177940904, 2.23606797749979
37, 56, 1156, 43, 1156, 40, 0, 3, 1.5707963267948966, 3.0
37, 57, 1167, 186, 1165, 183, 2, 3, 0.982793723247329, 3.605551275463989
37, 58, 771, 512, 773, 515, -2, -3, -2.158798930342464, 3.605551275463989
37, 63, 877, 495, 882, 493, -5, 2, 2.761086276477428, 5.385164807134504
37, 64, 1055, 313, 1052, 310, 3, 3, 0.7853981633974483, 4.242640687119285
37, 65, 888, 528, 892, 529, -4, -1, -2.896613990462929, 4.123105625617661
37, 66, 533, 259, 535, 263, -2, -4, -2.0344439357957027, 4.47213595499958
37, 67, 417, 276, 418, 274, -1, 2, 2.0344439357957027, 2.23606797749979
37, 68, 1027, 358, 1027, 355, 0, 3, 1.5707963267948966, 3.0
37, 69, 19, 110, 17, 110, 2, 0, 0.0, 2.0
37, 70, 875, 488, 880, 485, -5, 3, 2.601173153319209, 5.830951894845301
37, 72, 1191, 138, 1191, 135, 0, 3, 1.5707963267948966, 3.0
37, 74, 1081, 31, 1078, 31, 3, 0, 0.0, 3.0
37, 76, 1151, 76, 1151, 73, 0, 3, 1.5707963267948966, 3.0
37, 79, 391, 280, 390, 276, 1, 4, 1.3258176636680326, 4.123105625617661
37, 81, 1092, 24, 1089, 24, 3, 0, 0.0, 3.0
37, 82, 1108, 21, 1107, 19, 1, 2, 1.1071487177940904, 2.23606797749979
37, 83, 284, 392, 283, 393, 1, -1, -0.7853981633974483, 1.4142135623730951
37, 84, 914, 20, 917, 19, -3, 1, 2.819842099193151, 3.1622776601683795
37, 86, 199, 439, 201, 435, -2, 4, 2.0344439357957027, 4.47213595499958
37, 88, 296, 17, 293, 20, 3, -3, -0.7853981633974483, 4.242640687119285
37, 92, 1154, 203, 1152, 202, 2, 1, 0.4636476090008061, 2.23606797749979
38, 1, 1205, 373, 1207, 377, -2, -4, -2.0344439357957027, 4.47213595499958
38, 2, 1200, 359, 1203, 363, -3, -4, -2.214297435588181, 5.0
38, 3, 815, 48, 815, 51, 0, -3, -1.5707963267948966, 3.0
38, 4, 476, 326, 477, 330, -1, -4, -1.8157749899217608, 4.123105625617661
38, 5, 490, 104, 491, 108, -1, -4, -1.8157749899217608, 4.123105625617661
38, 7, 156, 389, 158, 386, -2, 3, 2.158798930342464, 3.605551275463989
38, 9, 808, 39, 808, 42, 0, -3, -1.5707963267948966, 3.0
38, 10, 127, 618, 126, 615, 1, 3, 1.2490457723982544, 3.1622776601683795
38, 12, 747, 71, 748, 69, -1, 2, 2.0344439357957027, 2.23606797749979
38, 13, 795, 315, 794, 319, 1, -4, -1.3258176636680326, 4.123105625617661
38, 14, 1186, 411, 1189, 415, -3, -4, -2.214297435588181, 5.0
38, 15, 1076, 64, 1075, 63, 1, 1, 0.7853981633974483, 1.4142135623730951
38, 17, 728, 550, 730, 552, -2, -2, -2.356194490192345, 2.8284271247461903
38, 18, 165, 453, 166, 449, -1, 4, 1.8157749899217608, 4.123105625617661
38, 19, 477, 101, 478, 105, -1, -4, -1.8157749899217608, 4.123105625617661
38, 20, 461, 331, 462, 335, -1, -4, -1.8157749899217608, 4.123105625617661
38, 21, 483, 91, 484, 95, -1, -4, -1.8157749899217608, 4.123105625617661
38, 23, 847, 526, 851, 524, -4, 2, 2.677945044588987, 4.47213595499958
38, 24, 394, 239, 395, 236, -1, 3, 1.892546881191539, 3.1622776601683795
38, 26, 509, 218, 511, 222, -2, -4, -2.0344439357957027, 4.47213595499958
38, 28, 740, 76, 741, 74, -1, 2, 2.0344439357957027, 2.23606797749979
38, 29, 146, 449, 147, 446, -1, 3, 1.892546881191539, 3.1622776601683795
38, 31, 1257, 124, 1258, 122, -1, 2, 2.0344439357957027, 2.23606797749979
38, 33, 777, 551, 779, 555, -2, -4, -2.0344439357957027, 4.47213595499958
38, 34, 639, 31, 639, 33, 0, -2, -1.5707963267948966, 2.0
38, 35, 504, 258, 506, 262, -2, -4, -2.0344439357957027, 4.47213595499958
38, 36, 479, 185, 480, 188, -1, -3, -1.892546881191539, 3.1622776601683795
38, 37, 768, 565, 770, 568, -2, -3, -2.158798930342464, 3.605551275463989
38, 41, 481, 435, 482, 440, -1, -5, -1.7681918866447774, 5.0990195135927845
38, 43, 1020, 450, 1018, 446, 2, 4, 1.1071487177940904, 4.47213595499958
38, 44, 1017, 379, 1015, 377, 2, 2, 0.7853981633974483, 2.8284271247461903
38, 45, 1207, 426, 1210, 429, -3, -3, -2.356194490192345, 4.242640687119285
38, 47, 628, 165, 628, 163, 0, 2, 1.5707963267948966, 2.0
38, 48, 1219, 401, 1222, 404, -3, -3, -2.356194490192345, 4.242640687119285
38, 57, 1168, 188, 1167, 186, 1, 2, 1.1071487177940904, 2.23606797749979
38, 58, 769, 508, 771, 512, -2, -4, -2.0344439357957027, 4.47213595499958
38, 62, 873, 497, 877, 495, -4, 2, 2.677945044588987, 4.47213595499958
38, 63, 1057, 316, 1055, 313, 2, 3, 0.982793723247329, 3.605551275463989
38, 64, 884, 529, 888, 528, -4, 1, 2.896613990462929, 4.123105625617661
38, 65, 531, 255, 533, 259, -2, -4, -2.0344439357957027, 4.47213595499958
38, 66, 416, 277, 417, 276, -1, 1, 2.356194490192345, 1.4142135623730951
38, 67, 1029, 360, 1027, 358, 2, 2, 0.7853981633974483, 2.8284271247461903
38, 69, 871, 490, 875, 488, -4, 2, 2.677945044588987, 4.47213595499958
38, 71, 1191, 140, 1191, 138, 0, 2, 1.5707963267948966, 2.0
38, 78, 391, 283, 391, 280, 0, 3, 1.5707963267948966, 3.0
38, 85, 197, 443, 199, 439, -2, 4, 2.0344439357957027, 4.47213595499958
38, 87, 297, 15, 296, 17, 1, -2, -1.1071487177940904, 2.23606797749979
38, 90, 1156, 204, 1154, 203, 2, 1, 0.4636476090008061, 2.23606797749979
39, 1, 1202, 369, 1205, 373, -3, -4, -2.214297435588181, 5.0
39, 2, 1197, 355, 1200, 359, -3, -4, -2.214297435588181, 5.0
39, 3, 815, 45, 815, 48, 0, -3, -1.5707963267948966, 3.0
39, 4, 475, 321, 476, 326, -1, -5, -1.7681918866447774, 5.0990195135927845
39, 5, 489, 101, 490, 104, -1, -3, -1.892546881191539, 3.1622776601683795
39, 6, 937, 29, 939, 29, -2, 0, 3.141592653589793, 2.0
39, 7, 155, 393, 156, 389, -1, 4, 1.8157749899217608, 4.123105625617661
39, 9, 808, 36, 808, 39, 0, -3, -1.5707963267948966, 3.0
39, 10, 129, 620, 127, 618, 2, 2, 0.7853981633974483, 2.8284271247461903
39, 12, 746, 72, 747, 71, -1, 1, 2.356194490192345, 1.4142135623730951
39, 13, 796, 311, 795, 315, 1, -4, -1.3258176636680326, 4.123105625617661
39, 14, 1183, 408, 1186, 411, -3, -3, -2.356194490192345, 4.242640687119285
39, 15, 1077, 65, 1076, 64, 1, 1, 0.7853981633974483, 1.4142135623730951
39, 17, 726, 548, 728, 550, -2, -2, -2.356194490192345, 2.8284271247461903
39, 18, 165, 456, 165, 453, 0, 3, 1.5707963267948966, 3.0
39, 19, 476, 98, 477, 101, -1, -3, -1.892546881191539, 3.1622776601683795
39, 20, 460, 327, 461, 331, -1, -4, -1.8157749899217608, 4.123105625617661
39, 21, 482, 88, 483, 91, -1, -3, -1.892546881191539, 3.1622776601683795
39, 23, 843, 527, 847, 526, -4, 1, 2.896613990462929, 4.123105625617661
39, 24, 394, 242, 394, 239, 0, 3, 1.5707963267948966, 3.0
39, 25, 263, 342, 262, 343, 1, -1, -0.7853981633974483, 1.4142135623730951
39, 26, 508, 214, 509, 218, -1, -4, -1.8157749899217608, 4.123105625617661
39, 28, 739, 77, 740, 76, -1, 1, 2.356194490192345, 1.4142135623730951
39, 29, 146, 452, 146, 449, 0, 3, 1.5707963267948966, 3.0
39, 31, 1256, 126, 1257, 124, -1, 2, 2.0344439357957027, 2.23606797749979
39, 33, 774, 547, 777, 551, -3, -4, -2.214297435588181, 5.0
39, 35, 503, 254, 504, 258, -1, -4, -1.8157749899217608, 4.123105625617661
39, 36, 478, 182, 479, 185, -1, -3, -1.892546881191539, 3.1622776601683795
39, 37, 765, 562, 768, 565, -3, -3, -2.356194490192345, 4.242640687119285
39, 38, 1029, 405, 1029, 403, 0, 2, 1.5707963267948966, 2.0
39, 39, 1153, 40, 1153, 38, 0, 2, 1.5707963267948966, 2.0
39, 41, 481, 429, 481, 435, 0, -6, -1.5707963267948966, 6.0
39, 43, 1023, 454, 1020, 450, 3, 4, 0.9272952180016122, 5.0
39, 44, 1019, 381, 1017, 379, 2, 2, 0.7853981633974483, 2.8284271247461903
39, 45, 1204, 422, 1207, 426, -3, -4, -2.214297435588181, 5.0
39, 47, 628, 168, 628, 165, 0, 3, 1.5707963267948966, 3.0
39, 48, 1215, 398, 1219, 401, -4, -3, -2.498091544796509, 5.0
39, 56, 1156, 46, 1156, 44, 0, 2, 1.5707963267948966, 2.0
39, 57, 1169, 191, 1168, 188, 1, 3, 1.2490457723982544, 3.1622776601683795
39, 58, 766, 504, 769, 508, -3, -4, -2.214297435588181, 5.0
39, 61, 869, 499, 873, 497, -4, 2, 2.677945044588987, 4.47213595499958
39, 62, 1059, 320, 1057, 316, 2, 4, 1.1071487177940904, 4.47213595499958
39, 63, 879, 530, 884, 529, -5, 1, 2.9441970937399127, 5.0990195135927845
39, 64, 529, 251, 531, 255, -2, -4, -2.0344439357957027, 4.47213595499958
39, 65, 416, 279, 416, 277, 0, 2, 1.5707963267948966, 2.0
39, 66, 1031, 362, 1029, 360, 2, 2, 0.7853981633974483, 2.8284271247461903
39, 67, 20, 108, 19, 109, 1, -1, -0.7853981633974483, 1.4142135623730951
39, 68, 866, 491, 871, 490, -5, 1, 2.9441970937399127, 5.0990195135927845
39, 70, 1191, 142, 1191, 140, 0, 2, 1.5707963267948966, 2.0
39, 74, 1150, 78, 1151, 77, -1, 1, 2.356194490192345, 1.4142135623730951
39, 77, 391, 286, 391, 283, 0, 3, 1.5707963267948966, 3.0
39, 82, 911, 20, 913, 20, -2, 0, 3.141592653589793, 2.0
39, 84, 195, 447, 197, 443, -2, 4, 2.0344439357957027, 4.47213595499958
39, 86, 298, 13, 297, 15, 1, -2, -1.1071487177940904, 2.23606797749979
39, 89, 1157, 206, 1156, 204, 1, 2, 1.1071487177940904, 2.23606797749979
40, 1, 1186, 402, 1189, 406, -3, -4, -2.214297435588181, 5.0
40, 2, 1205, 377, 1207, 380, -2, -3, -2.158798930342464, 3.605551275463989
40, 3, 1220, 405, 1223, 408, -3, -3, -2.356194490192345, 4.242640687119285
40, 4, 821, 73, 822, 76, -1, -3, -1.892546881191539, 3.1622776601683795
40, 6, 816, 49, 816, 52, 0, -3, -1.5707963267948966, 3.0
40, 7, 1202, 362, 1204, 366, -2, -4, -2.0344439357957027, 4.47213595499958
40, 12, 809, 41, 809, 44, 0, -3, -1.5707963267948966, 3.0
40, 13, 1192, 147, 1191, 145, 1, 2, 1.1071487177940904, 2.23606797749979
40, 14, 793, 61, 794, 63, -1, -2, -2.0344439357957027, 2.23606797749979
40, 15, 282, 355, 281, 356, 1, -1, -0.7853981633974483, 1.4142135623730951
40, 16, 153, 397, 155, 394, -2, 3, 2.158798930342464, 3.605551275463989
40, 19, 131, 614, 129, 611, 2, 3, 0.982793723247329, 3.605551275463989
40, 20, 771, 565, 774, 567, -3, -2, -2.5535900500422257, 3.605551275463989
40, 21, 775, 309, 774, 313, 1, -4, -1.3258176636680326, 4.123105625617661
40, 22, 490, 107, 491, 110, -1, -3, -1.892546881191539, 3.1622776601683795
40, 24, 1056, 318, 1055, 314, 1, 4, 1.3258176636680326, 4.123105625617661
40, 25, 745, 701, 749, 712, -4, -11, -1.9195673303788037, 11.704699910719626
40, 26, 1184, 430, 1187, 433, -3, -3, -2.356194490192345, 4.242640687119285
40, 27, 1019, 350, 1018, 347, 1, 3, 1.2490457723982544, 3.1622776601683795
40, 28, 797, 317, 797, 320, 0, -3, -1.5707963267948966, 3.0
40, 29, 730, 551, 733, 554, -3, -3, -2.356194490192345, 4.242640687119285
40, 30, 477, 326, 477, 330, 0, -4, -1.5707963267948966, 4.0
40, 31, 728, 701, 727, 714, 1, -13, -1.4940244355251187, 13.038404810405298
40, 32, 534, 256, 535, 260, -1, -4, -1.8157749899217608, 4.123105625617661
40, 34, 819, 90, 820, 92, -1, -2, -2.0344439357957027, 2.23606797749979
40, 35, 478, 106, 479, 108, -1, -2, -2.0344439357957027, 2.23606797749979
40, 36, 841, 529, 846, 528, -5, 1, 2.9441970937399127, 5.0990195135927845
40, 39, 1076, 79, 1076, 77, 0, 2, 1.5707963267948966, 2.0
40, 40, 463, 329, 463, 333, 0, -4, -1.5707963267948966, 4.0
40, 41, 511, 220, 512, 224, -1, -4, -1.8157749899217608, 4.123105625617661
40, 42, 1155, 38, 1155, 36, 0, 2, 1.5707963267948966, 2.0
40, 43, 775, 295, 774, 297, 1, -2, -1.1071487177940904, 2.23606797749979
40, 46, 1166, 191, 1165, 188, 1, 3, 1.2490457723982544, 3.1622776601683795
40, 47, 630, 166, 630, 163, 0, 3, 1.5707963267948966, 3.0
40, 51, 263, 344, 262, 345, 1, -1, -0.7853981633974483, 1.4142135623730951
40, 52, 807, 49, 807, 52, 0, -3, -1.5707963267948966, 3.0
40, 53, 939, 31, 941, 31, -2, 0, 3.141592653589793, 2.0
40, 55, 492, 181, 492, 183, 0, -2, -1.5707963267948966, 2.0
40, 56, 174, 464, 175, 460, -1, 4, 1.8157749899217608, 4.123105625617661
40, 59, 1261, 125, 1264, 123, -3, 2, 2.5535900500422257, 3.605551275463989
40, 60, 164, 457, 165, 454, -1, 3, 1.892546881191539, 3.1622776601683795
40, 61, 767, 504, 770, 508, -3, -4, -2.214297435588181, 5.0
40, 62, 482, 97, 483, 99, -1, -2, -2.0344439357957027, 2.23606797749979
40, 64, 1111, 22, 1110, 21, 1, 1, 0.7853981633974483, 1.4142135623730951
40, 66, 872, 491, 876, 490, -4, 1, 2.896613990462929, 4.123105625617661
40, 67, 1054, 337, 1052, 333, 2, 4, 1.1071487177940904, 4.47213595499958
40, 70, 855, 495, 859, 494, -4, 1, 2.896613990462929, 4.123105625617661
40, 80, 198, 448, 201, 444, -3, 4, 2.214297435588181, 5.0
40, 81, 1024, 456, 1021, 452, 3, 4, 0.9272952180016122, 5.0
40, 85, 507, 261, 508, 265, -1, -4, -1.8157749899217608, 4.123105625617661
40, 88, 821, 55, 821, 58, 0, -3, -1.5707963267948966, 3.0
40, 89, 487, 427, 486, 435, 1, -8, -1.446441332248135, 8.06225774829855
40, 94, 392, 285, 392, 282, 0, 3, 1.5707963267948966, 3.0
40, 100, 236, 23, 234, 24, 2, -1, -0.4636476090008061, 2.23606797749979
40, 101, 871, 560, 875, 558, -4, 2, 2.677945044588987, 4.47213595499958
40, 103, 1219, 376, 1221, 379, -2, -3, -2.158798930342464, 3.605551275463989
40, 104, 1022, 408, 1020, 404, 2, 4, 1.1071487177940904, 4.47213595499958
40, 105, 865, 567, 869, 565, -4, 2, 2.677945044588987, 4.47213595499958
40, 109, 152, 455, 153, 453, -1, 2, 2.0344439357957027, 2.23606797749979
40, 110, 157, 387, 159, 384, -2, 3, 2.158798930342464, 3.605551275463989
40, 111, 412, 242, 412, 239, 0, 3, 1.5707963267948966, 3.0
40, 113, 1170, 249, 1167, 246, 3, 3, 0.7853981633974483, 4.242640687119285
40, 117, 879, 566, 883, 564, -4, 2, 2.677945044588987, 4.47213595499958
40, 118, 80, 587, 80, 584, 0, 3, 1.5707963267948966, 3.0
40, 119, 1070, 456, 1068, 456, 2, 0, 0.0, 2.0
40, 126, 220, 28, 217, 30, 3, -2, -0.5880026035475675, 3.605551275463989
40, 128, 1156, 197, 1155, 194, 1, 3, 1.2490457723982544, 3.1622776601683795
40, 130, 1197, 163, 1196, 160, 1, 3, 1.2490457723982544, 3.1622776601683795
40, 132, 789, 262, 788, 266, 1, -4, -1.3258176636680326, 4.123105625617661
40, 133, 278, 361, 277, 362, 1, -1, -0.7853981633974483, 1.4142135623730951
40, 135, 913, 11, 915, 11, -2, 0, 3.141592653589793, 2.0
40, 136, 1226, 184, 1225, 182, 1, 2, 1.1071487177940904, 2.23606797749979
40, 137, 244, 27, 242, 28, 2, -1, -0.4636476090008061, 2.23606797749979
40, 138, 649, 207, 649, 205, 0, 2, 1.5707963267948966, 2.0
40, 139, 1194, 103, 1193, 102, 1, 1, 0.7853981633974483, 1.4142135623730951
40, 140, 509, 232, 511, 236, -2, -4, -2.0344439357957027, 4.47213595499958
40, 141, 1027, 495, 1025, 493, 2, 2, 0.7853981633974483, 2.8284271247461903
40, 142, 397, 240, 397, 238, 0, 2, 1.5707963267948966, 2.0
40, 144, 507, 239, 509, 243, -2, -4, -2.0344439357957027, 4.47213595499958
40, 145, 1167, 171, 1166, 170, 1, 1, 0.7853981633974483, 1.4142135623730951
40, 147, 1153, 78, 1153, 76, 0, 2, 1.5707963267948966, 2.0
40, 148, 530, 314, 531, 317, -1, -3, -1.892546881191539, 3.1622776601683795
40, 149, 1045, 430, 1043, 427, 2, 3, 0.982793723247329, 3.605551275463989
40, 151, 1138, 111, 1136, 111, 2, 0, 0.0, 2.0
40, 153, 873, 499, 877, 498, -4, 1, 2.896613990462929, 4.123105625617661
40, 154, 611, 38, 612, 37, -1, 1, 2.356194490192345, 1.4142135623730951
40, 159, 166, 389, 168, 385, -2, 4, 2.0344439357957027, 4.47213595499958
40, 160, 481, 180, 482, 182, -1, -2, -2.0344439357957027, 2.23606797749979
40, 161, 470, 312, 471, 317, -1, -5, -1.7681918866447774, 5.0990195135927845
40, 163, 1160, 218, 1159, 216, 1, 2, 1.1071487177940904, 2.23606797749979
40, 166, 524, 235, 526, 239, -2, -4, -2.0344439357957027, 4.47213595499958
40, 167, 1191, 96, 1190, 95, 1, 1, 0.7853981633974483, 1.4142135623730951
40, 169, 496, 135, 497, 137, -1, -2, -2.0344439357957027, 2.23606797749979
40, 170, 1055, 308, 1054, 304, 1, 4, 1.3258176636680326, 4.123105625617661
40, 171, 521, 229, 522, 233, -1, -4, -1.8157749899217608, 4.123105625617661
40, 177, 1232, 226, 1231, 224, 1, 2, 1.1071487177940904, 2.23606797749979
40, 178, 730, 108, 730, 104, 0, 4, 1.5707963267948966, 4.0
40, 180, 1244, 154, 1242, 152, 2, 2, 0.7853981633974483, 2.8284271247461903
40, 181, 74, 598, 73, 595, 1, 3, 1.2490457723982544, 3.1622776601683795
40, 182, 735, 95, 735, 93, 0, 2, 1.5707963267948966, 2.0
40, 183, 1026, 483, 1024, 480, 2, 3, 0.982793723247329, 3.605551275463989
40, 185, 172, 397, 174, 394, -2, 3, 2.158798930342464, 3.605551275463989
40, 186, 119, 647, 118, 643, 1, 4, 1.3258176636680326, 4.123105625617661
40, 188, 1226, 384, 1229, 387, -3, -3, -2.356194490192345, 4.242640687119285
40, 190, 778, 351, 779, 355, -1, -4, -1.8157749899217608, 4.123105625617661
41, 1, 1183, 398, 1186, 402, -3, -4, -2.214297435588181, 5.0
41, 2, 1203, 373, 1205, 377, -2, -4, -2.0344439357957027, 4.47213595499958
41, 3, 1217, 401, 1220, 405, -3, -4, -2.214297435588181, 5.0
41, 4, 820, 70, 821, 73, -1, -3, -1.892546881191539, 3.1622776601683795
41, 6, 815, 47, 816, 49, -1, -2, -2.0344439357957027, 2.23606797749979
41, 7, 1200, 358, 1202, 362, -2, -4, -2.0344439357957027, 4.47213595499958
41, 12, 808, 39, 809, 41, -1, -2, -2.0344439357957027, 2.23606797749979
41, 13, 1192, 149, 1192, 147, 0, 2, 1.5707963267948966, 2.0
41, 15, 151, 400, 153, 397, -2, 3, 2.158798930342464, 3.605551275463989
41, 18, 132, 617, 131, 614, 1, 3, 1.2490457723982544, 3.1622776601683795
41, 19, 768, 563, 771, 565, -3, -2, -2.5535900500422257, 3.605551275463989
41, 20, 776, 305, 775, 309, 1, -4, -1.3258176636680326, 4.123105625617661
41, 21, 489, 105, 490, 107, -1, -2, -2.0344439357957027, 2.23606797749979
41, 23, 1057, 322, 1056, 318, 1, 4, 1.3258176636680326, 4.123105625617661
41, 24, 743, 696, 745, 701, -2, -5, -1.9513027039072615, 5.385164807134504
41, 25, 1181, 432, 1184, 430, -3, 2, 2.5535900500422257, 3.605551275463989
41, 26, 1020, 353, 1019, 350, 1, 3, 1.2490457723982544, 3.1622776601683795
41, 27, 797, 314, 797, 317, 0, -3, -1.5707963267948966, 3.0
41, 28, 729, 549, 730, 551, -1, -2, -2.0344439357957027, 2.23606797749979
41, 29, 477, 322, 477, 326, 0, -4, -1.5707963267948966, 4.0
41, 30, 727, 696, 728, 701, -1, -5, -1.7681918866447774, 5.0990195135927845
41, 31, 532, 252, 534, 256, -2, -4, -2.0344439357957027, 4.47213595499958
41, 32, 682, 111, 682, 109, 0, 2, 1.5707963267948966, 2.0
41, 33, 818, 88, 819, 90, -1, -2, -2.0344439357957027, 2.23606797749979
41, 34, 477, 104, 478, 106, -1, -2, -2.0344439357957027, 2.23606797749979
41, 35, 836, 529, 841, 529, -5, 0, 3.141592653589793, 5.0
41, 37, 1076, 81, 1076, 79, 0, 2, 1.5707963267948966, 2.0
41, 38, 463, 325, 463, 329, 0, -4, -1.5707963267948966, 4.0
41, 39, 510, 216, 511, 220, -1, -4, -1.8157749899217608, 4.123105625617661
41, 40, 1155, 40, 1155, 38, 0, 2, 1.5707963267948966, 2.0
41, 44, 1167, 194, 1166, 191, 1, 3, 1.2490457723982544, 3.1622776601683795
41, 45, 630, 169, 630, 166, 0, 3, 1.5707963267948966, 3.0
41, 50, 806, 46, 807, 49, -1, -3, -1.892546881191539, 3.1622776601683795
41, 51, 937, 31, 939, 31, -2, 0, 3.141592653589793, 2.0
41, 53, 492, 179, 492, 181, 0, -2, -1.5707963267948966, 2.0
41, 54, 173, 467, 174, 464, -1, 3, 1.892546881191539, 3.1622776601683795
41, 56, 1032, 404, 1030, 403, 2, 1, 0.4636476090008061, 2.23606797749979
41, 57, 1260, 127, 1261, 125, -1, 2, 2.0344439357957027, 2.23606797749979
41, 58, 163, 460, 164, 457, -1, 3, 1.892546881191539, 3.1622776601683795
41, 59, 764, 500, 767, 504, -3, -4, -2.214297435588181, 5.0
41, 60, 481, 95, 482, 97, -1, -2, -2.0344439357957027, 2.23606797749979
41, 64, 868, 492, 872, 491, -4, 1, 2.896613990462929, 4.123105625617661
41, 65, 1055, 341, 1054, 337, 1, 4, 1.3258176636680326, 4.123105625617661
41, 67, 390, 176, 391, 175, -1, 1, 2.356194490192345, 1.4142135623730951
41, 68, 850, 495, 855, 495, -5, 0, 3.141592653589793, 5.0
41, 69, 642, 258, 643, 257, -1, 1, 2.356194490192345, 1.4142135623730951
41, 75, 1157, 46, 1157, 44, 0, 2, 1.5707963267948966, 2.0
41, 76, 196, 453, 198, 448, -2, 5, 1.9513027039072615, 5.385164807134504
41, 77, 1026, 459, 1024, 456, 2, 3, 0.982793723247329, 3.605551275463989
41, 81, 506, 257, 507, 261, -1, -4, -1.8157749899217608, 4.123105625617661
41, 83, 913, 22, 915, 22, -2, 0, 3.141592653589793, 2.0
41, 84, 821, 52, 821, 55, 0, -3, -1.5707963267948966, 3.0
41, 85, 488, 422, 487, 427, 1, -5, -1.373400766945016, 5.0990195135927845
41, 90, 392, 288, 392, 285, 0, 3, 1.5707963267948966, 3.0
41, 95, 238, 22, 236, 23, 2, -1, -0.4636476090008061, 2.23606797749979
41, 96, 868, 563, 871, 560, -3, 3, 2.356194490192345, 4.242640687119285
41, 98, 1216, 372, 1219, 376, -3, -4, -2.214297435588181, 5.0
41, 99, 1025, 411, 1022, 408, 3, 3, 0.7853981633974483, 4.242640687119285
41, 100, 862, 568, 865, 567, -3, 1, 2.819842099193151, 3.1622776601683795
41, 103, 151, 457, 152, 455, -1, 2, 2.0344439357957027, 2.23606797749979
41, 104, 155, 390, 157, 387, -2, 3, 2.158798930342464, 3.605551275463989
41, 105, 411, 244, 412, 242, -1, 2, 2.0344439357957027, 2.23606797749979
41, 107, 1172, 251, 1170, 249, 2, 2, 0.7853981633974483, 2.8284271247461903
41, 111, 876, 567, 879, 566, -3, 1, 2.819842099193151, 3.1622776601683795
41, 112, 81, 589, 80, 587, 1, 2, 1.1071487177940904, 2.23606797749979
41, 113, 1073, 457, 1070, 456, 3, 1, 0.3217505543966422, 3.1622776601683795
41, 120, 222, 26, 220, 28, 2, -2, -0.7853981633974483, 2.8284271247461903
41, 122, 1157, 200, 1156, 197, 1, 3, 1.2490457723982544, 3.1622776601683795
41, 124, 1197, 166, 1197, 163, 0, 3, 1.5707963267948966, 3.0
41, 125, 790, 258, 789, 262, 1, -4, -1.3258176636680326, 4.123105625617661
41, 128, 911, 11, 913, 11, -2, 0, 3.141592653589793, 2.0
41, 129, 1227, 187, 1226, 184, 1, 3, 1.2490457723982544, 3.1622776601683795
41, 130, 246, 26, 244, 27, 2, -1, -0.4636476090008061, 2.23606797749979
41, 131, 649, 209, 649, 207, 0, 2, 1.5707963267948966, 2.0
41, 133, 508, 228, 509, 232, -1, -4, -1.8157749899217608, 4.123105625617661
41, 134, 1030, 499, 1027, 495, 3, 4, 0.9272952180016122, 5.0
41, 135, 396, 242, 397, 240, -1, 2, 2.0344439357957027, 2.23606797749979
41, 137, 506, 235, 507, 239, -1, -4, -1.8157749899217608, 4.123105625617661
41, 138, 1167, 173, 1167, 171, 0, 2, 1.5707963267948966, 2.0
41, 140, 1152, 80, 1153, 78, -1, 2, 2.0344439357957027, 2.23606797749979
41, 141, 530, 311, 530, 314, 0, -3, -1.5707963267948966, 3.0
41, 142, 1047, 433, 1045, 430, 2, 3, 0.982793723247329, 3.605551275463989
41, 146, 868, 500, 873, 499, -5, 1, 2.9441970937399127, 5.0990195135927845
41, 147, 609, 38, 611, 38, -2, 0, 3.141592653589793, 2.0
41, 148, 473, 140, 474, 142, -1, -2, -2.0344439357957027, 2.23606797749979
41, 152, 164, 392, 166, 389, -2, 3, 2.158798930342464, 3.605551275463989
41, 153, 481, 177, 481, 180, 0, -3, -1.5707963267948966, 3.0
41, 154, 470, 307, 470, 312, 0, -5, -1.5707963267948966, 5.0
41, 155, 940, 39, 942, 39, -2, 0, 3.141592653589793, 2.0
41, 156, 1160, 220, 1160, 218, 0, 2, 1.5707963267948966, 2.0
41, 159, 523, 231, 524, 235, -1, -4, -1.8157749899217608, 4.123105625617661
41, 162, 495, 132, 496, 135, -1, -3, -1.892546881191539, 3.1622776601683795
41, 163, 1056, 312, 1055, 308, 1, 4, 1.3258176636680326, 4.123105625617661
41, 164, 520, 225, 521, 229, -1, -4, -1.8157749899217608, 4.123105625617661
41, 169, 1233, 228, 1232, 226, 1, 2, 1.1071487177940904, 2.23606797749979
41, 170, 730, 111, 730, 108, 0, 3, 1.5707963267948966, 3.0
41, 172, 1245, 157, 1244, 154, 1, 3, 1.2490457723982544, 3.1622776601683795
41, 173, 75, 600, 74, 598, 1, 2, 1.1071487177940904, 2.23606797749979
41, 174, 735, 98, 735, 95, 0, 3, 1.5707963267948966, 3.0
41, 175, 1028, 487, 1026, 483, 2, 4, 1.1071487177940904, 4.47213595499958
41, 176, 170, 400, 172, 397, -2, 3, 2.158798930342464, 3.605551275463989
41, 177, 121, 650, 119, 647, 2, 3, 0.982793723247329, 3.605551275463989
41, 179, 1224, 380, 1226, 384, -2, -4, -2.0344439357957027, 4.47213595499958
41, 181, 778, 346, 778, 351, 0, -5, -1.5707963267948966, 5.0
42, 1, 1181, 396, 1183, 398, -2, -2, -2.356194490192345, 2.8284271247461903
42, 2, 1201, 369, 1203, 373, -2, -4, -2.0344439357957027, 4.47213595499958
42, 3, 1213, 396, 1217, 401, -4, -5, -2.2455372690184494, 6.4031242374328485
42, 4, 819, 65, 820, 70, -1, -5, -1.7681918866447774, 5.0990195135927845
42, 6, 814, 43, 815, 47, -1, -4, -1.8157749899217608, 4.123105625617661
42, 7, 1198, 354, 1200, 358, -2, -4, -2.0344439357957027, 4.47213595499958
42, 8, 263, 351, 262, 352, 1, -1, -0.7853981633974483, 1.4142135623730951
42, 11, 636, 22, 636, 24, 0, -2, -1.5707963267948966, 2.0
42, 12, 806, 35, 808, 39, -2, -4, -2.0344439357957027, 4.47213595499958
42, 13, 1192, 151, 1192, 149, 0, 2, 1.5707963267948966, 2.0
42, 14, 284, 354, 282, 355, 2, -1, -0.4636476090008061, 2.23606797749979
42, 15, 148, 402, 151, 400, -3, 2, 2.5535900500422257, 3.605551275463989
42, 18, 134, 621, 132, 617, 2, 4, 1.1071487177940904, 4.47213595499958
42, 19, 764, 559, 768, 563, -4, -4, -2.356194490192345, 5.656854249492381
42, 20, 778, 305, 776, 305, 2, 0, 0.0, 2.0
42, 21, 488, 101, 489, 105, -1, -4, -1.8157749899217608, 4.123105625617661
42, 23, 1057, 325, 1057, 322, 0, 3, 1.5707963267948966, 3.0
42, 24, 740, 692, 743, 696, -3, -4, -2.214297435588181, 5.0
42, 25, 1177, 434, 1181, 432, -4, 2, 2.677945044588987, 4.47213595499958
42, 26, 1021, 355, 1020, 353, 1, 2, 1.1071487177940904, 2.23606797749979
42, 27, 797, 311, 797, 314, 0, -3, -1.5707963267948966, 3.0
42, 28, 728, 547, 729, 549, -1, -2, -2.0344439357957027, 2.23606797749979
42, 29, 478, 318, 477, 322, 1, -4, -1.3258176636680326, 4.123105625617661
42, 30, 727, 691, 727, 696, 0, -5, -1.5707963267948966, 5.0
42, 31, 530, 247, 532, 252, -2, -5, -1.9513027039072615, 5.385164807134504
42, 32, 682, 115, 682, 111, 0, 4, 1.5707963267948966, 4.0
42, 33, 817, 84, 818, 88, -1, -4, -1.8157749899217608, 4.123105625617661
42, 34, 476, 101, 477, 104, -1, -3, -1.892546881191539, 3.1622776601683795
42, 35, 832, 528, 836, 529, -4, -1, -2.896613990462929, 4.123105625617661
42, 38, 462, 322, 463, 325, -1, -3, -1.892546881191539, 3.1622776601683795
42, 39, 510, 211, 510, 216, 0, -5, -1.5707963267948966, 5.0
42, 40, 1155, 43, 1155, 40, 0, 3, 1.5707963267948966, 3.0
42, 41, 776, 299, 775, 295, 1, 4, 1.3258176636680326, 4.123105625617661
42, 42, 689, 127, 689, 123, 0, 4, 1.5707963267948966, 4.0
42, 43, 1168, 197, 1167, 194, 1, 3, 1.2490457723982544, 3.1622776601683795
42, 44, 630, 173, 630, 169, 0, 4, 1.5707963267948966, 4.0
42, 45, 671, 178, 671, 174, 0, 4, 1.5707963267948966, 4.0
42, 49, 805, 42, 806, 46, -1, -4, -1.8157749899217608, 4.123105625617661
42, 50, 934, 31, 937, 31, -3, 0, 3.141592653589793, 3.0
42, 52, 491, 177, 492, 179, -1, -2, -2.0344439357957027, 2.23606797749979
42, 53, 171, 470, 173, 467, -2, 3, 2.158798930342464, 3.605551275463989
42, 55, 1035, 403, 1032, 404, 3, -1, -0.3217505543966422, 3.1622776601683795
42, 56, 1258, 129, 1260, 127, -2, 2, 2.356194490192345, 2.8284271247461903
42, 57, 160, 462, 163, 460, -3, 2, 2.5535900500422257, 3.605551275463989
42, 58, 762, 498, 764, 500, -2, -2, -2.356194490192345, 2.8284271247461903
42, 59, 480, 92, 481, 95, -1, -3, -1.892546881191539, 3.1622776601683795
42, 61, 1114, 24, 1112, 22, 2, 2, 0.7853981633974483, 2.8284271247461903
42, 62, 634, 31, 634, 33, 0, -2, -1.5707963267948966, 2.0
42, 63, 863, 493, 868, 492, -5, 1, 2.9441970937399127, 5.0990195135927845
42, 64, 1056, 346, 1055, 341, 1, 5, 1.373400766945016, 5.0990195135927845
42, 66, 390, 179, 390, 176, 0, 3, 1.5707963267948966, 3.0
42, 67, 846, 493, 850, 495, -4, -2, -2.677945044588987, 4.47213595499958
42, 68, 639, 260, 642, 258, -3, 2, 2.5535900500422257, 3.605551275463989
42, 69, 583, 41, 581, 41, 2, 0, 0.0, 2.0
42, 73, 1157, 49, 1157, 46, 0, 3, 1.5707963267948966, 3.0
42, 74, 194, 456, 196, 453, -2, 3, 2.158798930342464, 3.605551275463989
42, 75, 1027, 462, 1026, 459, 1, 3, 1.2490457723982544, 3.1622776601683795
42, 78, 1107, 89, 1106, 88, 1, 1, 0.7853981633974483, 1.4142135623730951
42, 79, 505, 253, 506, 257, -1, -4, -1.8157749899217608, 4.123105625617661
42, 81, 909, 22, 913, 22, -4, 0, 3.141592653589793, 4.0
42, 82, 820, 47, 821, 52, -1, -5, -1.7681918866447774, 5.0990195135927845
42, 83, 487, 418, 488, 422, -1, -4, -1.8157749899217608, 4.123105625617661
42, 85, 1085, 33, 1083, 32, 2, 1, 0.4636476090008061, 2.23606797749979
42, 88, 392, 292, 392, 288, 0, 4, 1.5707963267948966, 4.0
42, 91, 285, 392, 284, 393, 1, -1, -0.7853981633974483, 1.4142135623730951
42, 92, 240, 20, 238, 22, 2, -2, -0.7853981633974483, 2.8284271247461903
42, 93, 864, 563, 868, 563, -4, 0, 3.141592653589793, 4.0
42, 95, 1213, 367, 1216, 372, -3, -5, -2.1112158270654806, 5.830951894845301
42, 96, 1029, 410, 1025, 411, 4, -1, -0.24497866312686414, 4.123105625617661
42, 97, 858, 567, 862, 568, -4, -1, -2.896613990462929, 4.123105625617661
42, 98, 1096, 25, 1094, 24, 2, 1, 0.4636476090008061, 2.23606797749979
42, 99, 150, 459, 151, 457, -1, 2, 2.0344439357957027, 2.23606797749979
42, 100, 152, 393, 155, 390, -3, 3, 2.356194490192345, 4.242640687119285
42, 101, 410, 247, 411, 244, -1, 3, 1.892546881191539, 3.1622776601683795
42, 103, 1173, 256, 1172, 251, 1, 5, 1.373400766945016, 5.0990195135927845
42, 107, 871, 566, 876, 567, -5, -1, -2.9441970937399127, 5.0990195135927845
42, 108, 83, 592, 81, 589, 2, 3, 0.982793723247329, 3.605551275463989
42, 109, 1075, 459, 1073, 457, 2, 2, 0.7853981633974483, 2.8284271247461903
42, 111, 295, 363, 294, 364, 1, -1, -0.7853981633974483, 1.4142135623730951
42, 115, 224, 21, 222, 26, 2, -5, -1.1902899496825317, 5.385164807134504
42, 117, 1158, 203, 1157, 200, 1, 3, 1.2490457723982544, 3.1622776601683795
42, 119, 1198, 169, 1197, 166, 1, 3, 1.2490457723982544, 3.1622776601683795
42, 120, 791, 253, 790, 258, 1, -5, -1.373400766945016, 5.0990195135927845
42, 121, 280, 360, 278, 361, 2, -1, -0.4636476090008061, 2.23606797749979
42, 123, 907, 11, 911, 11, -4, 0, 3.141592653589793, 4.0
42, 124, 1228, 190, 1227, 187, 1, 3, 1.2490457723982544, 3.1622776601683795
42, 125, 248, 24, 246, 26, 2, -2, -0.7853981633974483, 2.8284271247461903
42, 126, 649, 212, 649, 209, 0, 3, 1.5707963267948966, 3.0
42, 127, 1195, 105, 1194, 104, 1, 1, 0.7853981633974483, 1.4142135623730951
42, 128, 508, 223, 508, 228, 0, -5, -1.5707963267948966, 5.0
42, 129, 1032, 500, 1030, 499, 2, 1, 0.4636476090008061, 2.23606797749979
42, 130, 396, 246, 396, 242, 0, 4, 1.5707963267948966, 4.0
42, 132, 505, 230, 506, 235, -1, -5, -1.7681918866447774, 5.0990195135927845
42, 133, 1167, 176, 1167, 173, 0, 3, 1.5707963267948966, 3.0
42, 135, 1151, 84, 1152, 80, -1, 4, 1.8157749899217608, 4.123105625617661
42, 136, 529, 309, 530, 311, -1, -2, -2.0344439357957027, 2.23606797749979
42, 137, 1050, 435, 1047, 433, 3, 2, 0.5880026035475675, 3.605551275463989
42, 140, 290, 350, 288, 350, 2, 0, 0.0, 2.0
42, 141, 863, 501, 868, 500, -5, 1, 2.9441970937399127, 5.0990195135927845
42, 142, 607, 39, 609, 38, -2, 1, 2.677945044588987, 2.23606797749979
42, 143, 472, 136, 473, 140, -1, -4, -1.8157749899217608, 4.123105625617661
42, 146, 617, 217, 617, 213, 0, 4, 1.5707963267948966, 4.0
42, 147, 161, 395, 164, 392, -3, 3, 2.356194490192345, 4.242640687119285
42, 148, 481, 175, 481, 177, 0, -2, -1.5707963267948966, 2.0
42, 149, 471, 302, 470, 307, 1, -5, -1.373400766945016, 5.0990195135927845
42, 150, 938, 39, 940, 39, -2, 0, 3.141592653589793, 2.0
42, 151, 1160, 222, 1160, 220, 0, 2, 1.5707963267948966, 2.0
42, 154, 523, 226, 523, 231, 0, -5, -1.5707963267948966, 5.0
42, 157, 494, 128, 495, 132, -1, -4, -1.8157749899217608, 4.123105625617661
42, 158, 1057, 315, 1056, 312, 1, 3, 1.2490457723982544, 3.1622776601683795
42, 159, 520, 220, 520, 225, 0, -5, -1.5707963267948966, 5.0
42, 164, 1235, 230, 1233, 228, 2, 2, 0.7853981633974483, 2.8284271247461903
42, 165, 729, 113, 730, 111, -1, 2, 2.0344439357957027, 2.23606797749979
42, 167, 1247, 159, 1245, 157, 2, 2, 0.7853981633974483, 2.8284271247461903
42, 168, 77, 603, 75, 600, 2, 3, 0.982793723247329, 3.605551275463989
42, 169, 736, 100, 735, 98, 1, 2, 1.1071487177940904, 2.23606797749979
42, 170, 1032, 490, 1028, 487, 4, 3, 0.6435011087932844, 5.0
42, 171, 166, 402, 170, 400, -4, 2, 2.677945044588987, 4.47213595499958
42, 172, 123, 652, 121, 650, 2, 2, 0.7853981633974483, 2.8284271247461903
42, 174, 1221, 375, 1224, 380, -3, -5, -2.1112158270654806, 5.830951894845301
42, 176, 778, 343, 778, 346, 0, -3, -1.5707963267948966, 3.0
43, 1, 1179, 391, 1181, 396, -2, -5, -1.9513027039072615, 5.385164807134504
43, 2, 1199, 364, 1201, 369, -2, -5, -1.9513027039072615, 5.385164807134504
43, 3, 1211, 391, 1213, 396, -2, -5, -1.9513027039072615, 5.385164807134504
43, 4, 818, 62, 819, 65, -1, -3, -1.892546881191539, 3.1622776601683795
43, 6, 813, 40, 814, 43, -1, -3, -1.892546881191539, 3.1622776601683795
43, 7, 1196, 349, 1198, 354, -2, -5, -1.9513027039072615, 5.385164807134504
43, 11, 637, 21, 636, 22, 1, -1, -0.7853981633974483, 1.4142135623730951
43, 12, 805, 32, 806, 35, -1, -3, -1.892546881191539, 3.1622776601683795
43, 13, 1192, 153, 1192, 151, 0, 2, 1.5707963267948966, 2.0
43, 15, 145, 405, 148, 402, -3, 3, 2.356194490192345, 4.242640687119285
43, 18, 136, 623, 134, 621, 2, 2, 0.7853981633974483, 2.8284271247461903
43, 19, 762, 553, 764, 559, -2, -6, -1.892546881191539, 6.324555320336759
43, 20, 779, 304, 778, 305, 1, -1, -0.7853981633974483, 1.4142135623730951
43, 21, 487, 99, 488, 101, -1, -2, -2.0344439357957027, 2.23606797749979
43, 23, 1058, 329, 1057, 325, 1, 4, 1.3258176636680326, 4.123105625617661
43, 24, 738, 687, 740, 692, -2, -5, -1.9513027039072615, 5.385164807134504
43, 25, 1174, 434, 1177, 434, -3, 0, 3.141592653589793, 3.0
43, 26, 1023, 357, 1021, 355, 2, 2, 0.7853981633974483, 2.8284271247461903
43, 27, 797, 308, 797, 311, 0, -3, -1.5707963267948966, 3.0
43, 28, 726, 544, 728, 547, -2, -3, -2.158798930342464, 3.605551275463989
43, 29, 478, 314, 478, 318, 0, -4, -1.5707963267948966, 4.0
43, 30, 726, 686, 727, 691, -1, -5, -1.7681918866447774, 5.0990195135927845
43, 31, 529, 243, 530, 247, -1, -4, -1.8157749899217608, 4.123105625617661
43, 32, 682, 118, 682, 115, 0, 3, 1.5707963267948966, 3.0
43, 33, 816, 81, 817, 84, -1, -3, -1.892546881191539, 3.1622776601683795
43, 34, 475, 99, 476, 101, -1, -2, -2.0344439357957027, 2.23606797749979
43, 35, 828, 528, 832, 528, -4, 0, 3.141592653589793, 4.0
43, 38, 462, 317, 462, 322, 0, -5, -1.5707963267948966, 5.0
43, 39, 510, 207, 510, 211, 0, -4, -1.5707963267948966, 4.0
43, 42, 689, 130, 689, 127, 0, 3, 1.5707963267948966, 3.0
43, 43, 1169, 200, 1168, 197, 1, 3, 1.2490457723982544, 3.1622776601683795
43, 44, 630, 175, 630, 173, 0, 2, 1.5707963267948966, 2.0
43, 45, 671, 180, 671, 178, 0, 2, 1.5707963267948966, 2.0
43, 49, 804, 39, 805, 42, -1, -3, -1.892546881191539, 3.1622776601683795
43, 52, 491, 175, 491, 177, 0, -2, -1.5707963267948966, 2.0
43, 53, 168, 472, 171, 470, -3, 2, 2.5535900500422257, 3.605551275463989
43, 55, 1037, 404, 1035, 403, 2, 1, 0.4636476090008061, 2.23606797749979
43, 57, 158, 464, 160, 462, -2, 2, 2.356194490192345, 2.8284271247461903
43, 58, 759, 494, 762, 498, -3, -4, -2.214297435588181, 5.0
43, 59, 479, 90, 480, 92, -1, -2, -2.0344439357957027, 2.23606797749979
43, 63, 858, 493, 863, 493, -5, 0, 3.141592653589793, 5.0
43, 64, 1057, 351, 1056, 346, 1, 5, 1.373400766945016, 5.0990195135927845
43, 66, 390, 181, 390, 179, 0, 2, 1.5707963267948966, 2.0
43, 67, 842, 493, 846, 493, -4, 0, 3.141592653589793, 4.0
43, 68, 638, 262, 639, 260, -1, 2, 2.0344439357957027, 2.23606797749979
43, 74, 193, 458, 194, 456, -1, 2, 2.0344439357957027, 2.23606797749979
43, 75, 1029, 465, 1027, 462, 2, 3, 0.982793723247329, 3.605551275463989
43, 79, 504, 249, 505, 253, -1, -4, -1.8157749899217608, 4.123105625617661
43, 81, 907, 22, 909, 22, -2, 0, 3.141592653589793, 2.0
43, 82, 819, 44, 820, 47, -1, -3, -1.892546881191539, 3.1622776601683795
43, 83, 486, 415, 487, 418, -1, -3, -1.892546881191539, 3.1622776601683795
43, 88, 391, 293, 392, 292, -1, 1, 2.356194490192345, 1.4142135623730951
43, 90, 677, 202, 678, 201, -1, 1, 2.356194490192345, 1.4142135623730951
43, 92, 241, 19, 240, 20, 1, -1, -0.7853981633974483, 1.4142135623730951
43, 93, 861, 564, 864, 563, -3, 1, 2.819842099193151, 3.1622776601683795
43, 95, 1211, 362, 1213, 367, -2, -5, -1.9513027039072615, 5.385164807134504
43, 96, 1031, 409, 1029, 410, 2, -1, -0.4636476090008061, 2.23606797749979
43, 97, 856, 566, 858, 567, -2, -1, -2.677945044588987, 2.23606797749979
43, 99, 149, 461, 150, 459, -1, 2, 2.0344439357957027, 2.23606797749979
43, 100, 149, 396, 152, 393, -3, 3, 2.356194490192345, 4.242640687119285
43, 101, 409, 248, 410, 247, -1, 1, 2.356194490192345, 1.4142135623730951
43, 102, 301, 40, 300, 41, 1, -1, -0.7853981633974483, 1.4142135623730951
43, 105, 15, 115, 13, 115, 2, 0, 0.0, 2.0
43, 107, 868, 568, 871, 566, -3, 2, 2.5535900500422257, 3.605551275463989
43, 108, 84, 594, 83, 592, 1, 2, 1.1071487177940904, 2.23606797749979
43, 109, 1077, 463, 1075, 459, 2, 4, 1.1071487177940904, 4.47213595499958
43, 114, 226, 19, 224, 21, 2, -2, -0.7853981633974483, 2.8284271247461903
43, 116, 1159, 206, 1158, 203, 1, 3, 1.2490457723982544, 3.1622776601683795
43, 118, 1199, 171, 1198, 169, 1, 2, 1.1071487177940904, 2.23606797749979
43, 119, 791, 249, 791, 253, 0, -4, -1.5707963267948966, 4.0
43, 122, 904, 11, 907, 11, -3, 0, 3.141592653589793, 3.0
43, 123, 1228, 194, 1228, 190, 0, 4, 1.5707963267948966, 4.0
43, 124, 249, 23, 248, 24, 1, -1, -0.7853981633974483, 1.4142135623730951
43, 125, 649, 215, 649, 212, 0, 3, 1.5707963267948966, 3.0
43, 127, 507, 218, 508, 223, -1, -5, -1.7681918866447774, 5.0990195135927845
43, 128, 1035, 503, 1032, 500, 3, 3, 0.7853981633974483, 4.242640687119285
43, 129, 395, 247, 396, 246, -1, 1, 2.356194490192345, 1.4142135623730951
43, 131, 504, 225, 505, 230, -1, -5, -1.7681918866447774, 5.0990195135927845
43, 132, 1167, 179, 1167, 176, 0, 3, 1.5707963267948966, 3.0
43, 133, 188, 23, 189, 22, -1, 1, 2.356194490192345, 1.4142135623730951
43, 135, 528, 307, 529, 309, -1, -2, -2.0344439357957027, 2.23606797749979
43, 136, 1052, 438, 1050, 435, 2, 3, 0.982793723247329, 3.605551275463989
43, 138, 1137, 114, 1138, 113, -1, 1, 2.356194490192345, 1.4142135623730951
43, 140, 858, 501, 863, 501, -5, 0, 3.141592653589793, 5.0
43, 141, 606, 40, 607, 39, -1, 1, 2.356194490192345, 1.4142135623730951
43, 142, 471, 134, 472, 136, -1, -2, -2.0344439357957027, 2.23606797749979
43, 145, 617, 219, 617, 217, 0, 2, 1.5707963267948966, 2.0
43, 146, 158, 398, 161, 395, -3, 3, 2.356194490192345, 4.242640687119285
43, 147, 481, 172, 481, 175, 0, -3, -1.5707963267948966, 3.0
43, 148, 471, 298, 471, 302, 0, -4, -1.5707963267948966, 4.0
43, 153, 522, 222, 523, 226, -1, -4, -1.8157749899217608, 4.123105625617661
43, 156, 493, 126, 494, 128, -1, -2, -2.0344439357957027, 2.23606797749979
43, 157, 1058, 319, 1057, 315, 1, 4, 1.3258176636680326, 4.123105625617661
43, 158, 520, 216, 520, 220, 0, -4, -1.5707963267948966, 4.0
43, 163, 1237, 232, 1235, 230, 2, 2, 0.7853981633974483, 2.8284271247461903
43, 165, 1248, 162, 1247, 159, 1, 3, 1.2490457723982544, 3.1622776601683795
43, 166, 78, 605, 77, 603, 1, 2, 1.1071487177940904, 2.23606797749979
43, 168, 1034, 492, 1032, 490, 2, 2, 0.7853981633974483, 2.8284271247461903
43, 169, 163, 404, 166, 402, -3, 2, 2.5535900500422257, 3.605551275463989
43, 170, 125, 655, 123, 652, 2, 3, 0.982793723247329, 3.605551275463989
43, 172, 1219, 370, 1221, 375, -2, -5, -1.9513027039072615, 5.385164807134504
43, 174, 778, 340, 778, 343, 0, -3, -1.5707963267948966, 3.0
44, 1, 1177, 386, 1179, 391, -2, -5, -1.9513027039072615, 5.385164807134504
44, 2, 1197, 359, 1199, 364, -2, -5, -1.9513027039072615, 5.385164807134504
44, 3, 1209, 386, 1211, 391, -2, -5, -1.9513027039072615, 5.385164807134504
44, 4, 817, 59, 818, 62, -1, -3, -1.892546881191539, 3.1622776601683795
44, 6, 812, 38, 813, 40, -1, -2, -2.0344439357957027, 2.23606797749979
44, 7, 1194, 344, 1196, 349, -2, -5, -1.9513027039072615, 5.385164807134504
44, 11, 638, 18, 637, 21, 1, -3, -1.2490457723982544, 3.1622776601683795
44, 12, 804, 30, 805, 32, -1, -2, -2.0344439357957027, 2.23606797749979
44, 15, 143, 408, 145, 405, -2, 3, 2.158798930342464, 3.605551275463989
44, 18, 138, 625, 136, 623, 2, 2, 0.7853981633974483, 2.8284271247461903
44, 19, 760, 546, 762, 553, -2, -7, -1.849095985800008, 7.280109889280518
44, 20, 779, 302, 779, 304, 0, -2, -1.5707963267948966, 2.0
44, 21, 486, 97, 487, 99, -1, -2, -2.0344439357957027, 2.23606797749979
44, 23, 1059, 333, 1058, 329, 1, 4, 1.3258176636680326, 4.123105625617661
44, 24, 736, 681, 738, 687, -2, -6, -1.892546881191539, 6.324555320336759
44, 25, 1171, 434, 1174, 434, -3, 0, 3.141592653589793, 3.0
44, 26, 1025, 360, 1023, 357, 2, 3, 0.982793723247329, 3.605551275463989
44, 27, 797, 305, 797, 308, 0, -3, -1.5707963267948966, 3.0
44, 28, 724, 540, 726, 544, -2, -4, -2.0344439357957027, 4.47213595499958
44, 29, 478, 310, 478, 314, 0, -4, -1.5707963267948966, 4.0
44, 30, 725, 681, 726, 686, -1, -5, -1.7681918866447774, 5.0990195135927845
44, 31, 528, 239, 529, 243, -1, -4, -1.8157749899217608, 4.123105625617661
44, 32, 682, 121, 682, 118, 0, 3, 1.5707963267948966, 3.0
44, 33, 815, 79, 816, 81, -1, -2, -2.0344439357957027, 2.23606797749979
44, 34, 474, 97, 475, 99, -1, -2, -2.0344439357957027, 2.23606797749979
44, 35, 824, 528, 828, 528, -4, 0, 3.141592653589793, 4.0
44, 38, 462, 313, 462, 317, 0, -4, -1.5707963267948966, 4.0
44, 39, 510, 203, 510, 207, 0, -4, -1.5707963267948966, 4.0
44, 41, 776, 296, 776, 298, 0, -2, -1.5707963267948966, 2.0
44, 42, 689, 133, 689, 130, 0, 3, 1.5707963267948966, 3.0
44, 43, 1170, 202, 1169, 200, 1, 2, 1.1071487177940904, 2.23606797749979
44, 44, 630, 177, 630, 175, 0, 2, 1.5707963267948966, 2.0
44, 45, 671, 182, 671, 180, 0, 2, 1.5707963267948966, 2.0
44, 49, 803, 37, 804, 39, -1, -2, -2.0344439357957027, 2.23606797749979
44, 51, 491, 173, 491, 175, 0, -2, -1.5707963267948966, 2.0
44, 52, 166, 475, 168, 472, -2, 3, 2.158798930342464, 3.605551275463989
44, 54, 1039, 405, 1037, 404, 2, 1, 0.4636476090008061, 2.23606797749979
44, 56, 157, 467, 158, 464, -1, 3, 1.892546881191539, 3.1622776601683795
44, 57, 757, 490, 759, 494, -2, -4, -2.0344439357957027, 4.47213595499958
44, 58, 478, 88, 479, 90, -1, -2, -2.0344439357957027, 2.23606797749979
44, 62, 853, 493, 858, 493, -5, 0, 3.141592653589793, 5.0
44, 63, 1058, 357, 1057, 351, 1, 6, 1.4056476493802699, 6.082762530298219
44, 65, 390, 183, 390, 181, 0, 2, 1.5707963267948966, 2.0
44, 66, 837, 493, 842, 493, -5, 0, 3.141592653589793, 5.0
44, 69, 1080, 89, 1078, 88, 2, 1, 0.4636476090008061, 2.23606797749979
44, 73, 190, 460, 193, 458, -3, 2, 2.5535900500422257, 3.605551275463989
44, 74, 1031, 468, 1029, 465, 2, 3, 0.982793723247329, 3.605551275463989
44, 78, 503, 245, 504, 249, -1, -4, -1.8157749899217608, 4.123105625617661
44, 80, 905, 22, 907, 22, -2, 0, 3.141592653589793, 2.0
44, 81, 818, 41, 819, 44, -1, -3, -1.892546881191539, 3.1622776601683795
44, 82, 485, 413, 486, 415, -1, -2, -2.0344439357957027, 2.23606797749979
44, 85, 741, 139, 742, 138, -1, 1, 2.356194490192345, 1.4142135623730951
44, 87, 390, 294, 391, 293, -1, 1, 2.356194490192345, 1.4142135623730951
44, 91, 242, 18, 241, 19, 1, -1, -0.7853981633974483, 1.4142135623730951
44, 92, 857, 563, 861, 564, -4, -1, -2.896613990462929, 4.123105625617661
44, 93, 1209, 357, 1211, 362, -2, -5, -1.9513027039072615, 5.385164807134504
44, 94, 1032, 410, 1031, 409, 1, 1, 0.7853981633974483, 1.4142135623730951
44, 95, 853, 565, 856, 566, -3, -1, -2.819842099193151, 3.1622776601683795
44, 97, 148, 464, 149, 461, -1, 3, 1.892546881191539, 3.1622776601683795
44, 98, 147, 399, 149, 396, -2, 3, 2.158798930342464, 3.605551275463989
44, 99, 408, 249, 409, 248, -1, 1, 2.356194490192345, 1.4142135623730951
44, 104, 865, 567, 868, 568, -3, -1, -2.819842099193151, 3.1622776601683795
44, 105, 85, 596, 84, 594, 1, 2, 1.1071487177940904, 2.23606797749979
44, 106, 1079, 466, 1077, 463, 2, 3, 0.982793723247329, 3.605551275463989
44, 111, 228, 17, 226, 19, 2, -2, -0.7853981633974483, 2.8284271247461903
44, 113, 1160, 208, 1159, 206, 1, 2, 1.1071487177940904, 2.23606797749979
44, 115, 1200, 173, 1199, 171, 1, 2, 1.1071487177940904, 2.23606797749979
44, 116, 791, 246, 791, 249, 0, -3, -1.5707963267948966, 3.0
44, 118, 1045, 529, 1046, 528, -1, 1, 2.356194490192345, 1.4142135623730951
44, 119, 902, 11, 904, 11, -2, 0, 3.141592653589793, 2.0
44, 120, 1229, 197, 1228, 194, 1, 3, 1.2490457723982544, 3.1622776601683795
44, 121, 250, 22, 249, 23, 1, -1, -0.7853981633974483, 1.4142135623730951
44, 122, 649, 217, 649, 215, 0, 2, 1.5707963267948966, 2.0
44, 124, 507, 214, 507, 218, 0, -4, -1.5707963267948966, 4.0
44, 125, 1037, 506, 1035, 503, 2, 3, 0.982793723247329, 3.605551275463989
44, 126, 394, 248, 395, 247, -1, 1, 2.356194490192345, 1.4142135623730951
44, 127, 504, 221, 504, 225, 0, -4, -1.5707963267948966, 4.0
44, 128, 1167, 182, 1167, 179, 0, 3, 1.5707963267948966, 3.0
44, 129, 187, 24, 188, 23, -1, 1, 2.356194490192345, 1.4142135623730951
44, 131, 527, 305, 528, 307, -1, -2, -2.0344439357957027, 2.23606797749979
44, 132, 1054, 441, 1052, 438, 2, 3, 0.982793723247329, 3.605551275463989
44, 136, 853, 501, 858, 501, -5, 0, 3.141592653589793, 5.0
44, 138, 470, 131, 471, 134, -1, -3, -1.892546881191539, 3.1622776601683795
44, 141, 616, 221, 617, 219, -1, 2, 2.0344439357957027, 2.23606797749979
44, 142, 155, 401, 158, 398, -3, 3, 2.356194490192345, 4.242640687119285
44, 144, 471, 294, 471, 298, 0, -4, -1.5707963267948966, 4.0
44, 148, 522, 218, 522, 222, 0, -4, -1.5707963267948966, 4.0
44, 151, 492, 123, 493, 126, -1, -3, -1.892546881191539, 3.1622776601683795
44, 152, 1059, 323, 1058, 319, 1, 4, 1.3258176636680326, 4.123105625617661
44, 153, 520, 212, 520, 216, 0, -4, -1.5707963267948966, 4.0
44, 154, 414, 219, 414, 217, 0, 2, 1.5707963267948966, 2.0
44, 158, 1238, 234, 1237, 232, 1, 2, 1.1071487177940904, 2.23606797749979
44, 160, 1248, 165, 1248, 162, 0, 3, 1.5707963267948966, 3.0
44, 161, 79, 607, 78, 605, 1, 2, 1.1071487177940904, 2.23606797749979
44, 163, 1035, 495, 1034, 492, 1, 3, 1.2490457723982544, 3.1622776601683795
44, 164, 160, 407, 163, 404, -3, 3, 2.356194490192345, 4.242640687119285
44, 165, 128, 657, 125, 655, 3, 2, 0.5880026035475675, 3.605551275463989
44, 167, 1217, 365, 1219, 370, -2, -5, -1.9513027039072615, 5.385164807134504
44, 168, 778, 336, 778, 340, 0, -4, -1.5707963267948966, 4.0
45, 1, 1214, 391, 1216, 396, -2, -5, -1.9513027039072615, 5.385164807134504
45, 2, 148, 407, 150, 403, -2, 4, 2.0344439357957027, 4.47213595499958
45, 4, 1025, 368, 1024, 365, 1, 3, 1.2490457723982544, 3.1622776601683795
45, 5, 1182, 393, 1185, 398, -3, -5, -2.1112158270654806, 5.830951894845301
45, 6, 813, 44, 814, 46, -1, -2, -2.0344439357957027, 2.23606797749979
45, 7, 804, 303, 804, 306, 0, -3, -1.5707963267948966, 3.0
45, 8, 819, 65, 820, 68, -1, -3, -1.892546881191539, 3.1622776601683795
45, 9, 1184, 168, 1185, 167, -1, 1, 2.356194490192345, 1.4142135623730951
45, 11, 806, 35, 807, 37, -1, -2, -2.0344439357957027, 2.23606797749979
45, 12, 1196, 351, 1199, 355, -3, -4, -2.214297435588181, 5.0
45, 13, 793, 57, 794, 59, -1, -2, -2.0344439357957027, 2.23606797749979
45, 14, 1198, 364, 1201, 368, -3, -4, -2.214297435588181, 5.0
45, 15, 532, 247, 533, 250, -1, -3, -1.892546881191539, 3.1622776601683795
45, 16, 135, 626, 133, 624, 2, 2, 0.7853981633974483, 2.8284271247461903
45, 17, 479, 313, 479, 316, 0, -3, -1.5707963267948966, 3.0
45, 18, 750, 74, 750, 72, 0, 2, 1.5707963267948966, 2.0
45, 19, 489, 101, 490, 104, -1, -3, -1.892546881191539, 3.1622776601683795
45, 20, 721, 688, 722, 693, -1, -5, -1.7681918866447774, 5.0990195135927845
45, 21, 1169, 200, 1168, 198, 1, 2, 1.1071487177940904, 2.23606797749979
45, 22, 742, 687, 744, 693, -2, -6, -1.892546881191539, 6.324555320336759
45, 23, 505, 248, 506, 252, -1, -4, -1.8157749899217608, 4.123105625617661
45, 25, 638, 21, 638, 24, 0, -3, -1.5707963267948966, 3.0
45, 29, 837, 563, 840, 562, -3, 1, 2.819842099193151, 3.1622776601683795
45, 30, 1061, 336, 1060, 332, 1, 4, 1.3258176636680326, 4.123105625617661
45, 31, 481, 92, 482, 95, -1, -3, -1.892546881191539, 3.1622776601683795
45, 32, 816, 86, 817, 88, -1, -2, -2.0344439357957027, 2.23606797749979
45, 33, 478, 367, 478, 369, 0, -2, -1.5707963267948966, 2.0
45, 34, 479, 100, 480, 103, -1, -3, -1.892546881191539, 3.1622776601683795
45, 36, 1261, 128, 1263, 128, -2, 0, 3.141592653589793, 2.0
45, 38, 626, 56, 627, 58, -1, -2, -2.0344439357957027, 2.23606797749979
45, 42, 512, 209, 512, 213, 0, -4, -1.5707963267948966, 4.0
45, 43, 684, 119, 684, 116, 0, 3, 1.5707963267948966, 3.0
45, 44, 860, 502, 865, 501, -5, 1, 2.9441970937399127, 5.0990195135927845
45, 45, 1031, 467, 1029, 463, 2, 4, 1.1071487177940904, 4.47213595499958
45, 47, 865, 542, 870, 542, -5, 0, 3.141592653589793, 5.0
45, 48, 671, 181, 671, 178, 0, 3, 1.5707963267948966, 3.0
45, 50, 632, 30, 632, 32, 0, -2, -1.5707963267948966, 2.0
45, 51, 464, 314, 464, 318, 0, -4, -1.5707963267948966, 4.0
45, 54, 726, 538, 728, 541, -2, -3, -2.158798930342464, 3.605551275463989
45, 57, 760, 489, 762, 493, -2, -4, -2.0344439357957027, 4.47213595499958
45, 58, 690, 132, 690, 129, 0, 3, 1.5707963267948966, 3.0
45, 61, 805, 44, 806, 46, -1, -2, -2.0344439357957027, 2.23606797749979
45, 62, 749, 556, 750, 560, -1, -4, -1.8157749899217608, 4.123105625617661
45, 64, 823, 529, 828, 529, -5, 0, 3.141592653589793, 5.0
45, 71, 858, 494, 863, 493, -5, 1, 2.9441970937399127, 5.0990195135927845
45, 72, 908, 11, 910, 12, -2, -1, -2.677945044588987, 2.23606797749979
45, 73, 1085, 491, 1084, 490, 1, 1, 0.7853981633974483, 1.4142135623730951
45, 74, 628, 49, 628, 51, 0, -2, -1.5707963267948966, 2.0
45, 75, 743, 79, 743, 77, 0, 2, 1.5707963267948966, 2.0
45, 79, 493, 179, 493, 182, 0, -3, -1.5707963267948966, 3.0
45, 80, 819, 49, 820, 51, -1, -2, -2.0344439357957027, 2.23606797749979
45, 82, 1094, 27, 1093, 26, 1, 1, 0.7853981633974483, 1.4142135623730951
45, 85, 391, 182, 391, 180, 0, 2, 1.5707963267948966, 2.0
45, 87, 1086, 451, 1084, 447, 2, 4, 1.1071487177940904, 4.47213595499958
45, 91, 129, 657, 126, 655, 3, 2, 0.5880026035475675, 3.605551275463989
45, 92, 909, 22, 911, 23, -2, -1, -2.677945044588987, 2.23606797749979
45, 93, 85, 592, 84, 591, 1, 1, 0.7853981633974483, 1.4142135623730951
45, 95, 641, 30, 641, 32, 0, -2, -1.5707963267948966, 2.0
45, 96, 1200, 170, 1199, 169, 1, 1, 0.7853981633974483, 1.4142135623730951
45, 97, 1056, 436, 1054, 433, 2, 3, 0.982793723247329, 3.605551275463989
45, 106, 183, 504, 184, 503, -1, 1, 2.356194490192345, 1.4142135623730951
45, 108, 417, 219, 417, 217, 0, 2, 1.5707963267948966, 2.0
45, 111, 618, 219, 618, 216, 0, 3, 1.5707963267948966, 3.0
45, 114, 473, 299, 473, 303, 0, -4, -1.5707963267948966, 4.0
45, 117, 397, 297, 398, 296, -1, 1, 2.356194490192345, 1.4142135623730951
45, 120, 776, 298, 776, 300, 0, -2, -1.5707963267948966, 2.0
45, 121, 1229, 195, 1228, 192, 1, 3, 1.2490457723982544, 3.1622776601683795
45, 124, 161, 399, 163, 395, -2, 4, 2.0344439357957027, 4.47213595499958
45, 125, 390, 290, 391, 289, -1, 1, 2.356194490192345, 1.4142135623730951
45, 126, 651, 214, 651, 212, 0, 2, 1.5707963267948966, 2.0
45, 127, 791, 254, 791, 257, 0, -3, -1.5707963267948966, 3.0
45, 128, 26, 111, 24, 112, 2, -1, -0.4636476090008061, 2.23606797749979
45, 129, 1160, 205, 1159, 203, 1, 2, 1.1071487177940904, 2.23606797749979
45, 134, 931, 26, 933, 27, -2, -1, -2.677945044588987, 2.23606797749979
45, 135, 151, 399, 153, 395, -2, 4, 2.0344439357957027, 4.47213595499958
45, 140, 150, 465, 151, 461, -1, 4, 1.8157749899217608, 4.123105625617661
45, 144, 1061, 326, 1059, 322, 2, 4, 1.1071487177940904, 4.47213595499958
45, 145, 790, 130, 790, 132, 0, -2, -1.5707963267948966, 2.0
45, 146, 1211, 362, 1214, 367, -3, -5, -2.1112158270654806, 5.830951894845301
45, 147, 1055, 384, 1053, 381, 2, 3, 0.982793723247329, 3.605551275463989
45, 148, 510, 221, 510, 225, 0, -4, -1.5707963267948966, 4.0
45, 150, 174, 501, 176, 499, -2, 2, 2.356194490192345, 2.8284271247461903
45, 151, 1210, 349, 1213, 353, -3, -4, -2.214297435588181, 5.0
45, 152, 388, 212, 388, 210, 0, 2, 1.5707963267948966, 2.0
45, 153, 524, 225, 524, 228, 0, -3, -1.5707963267948966, 3.0
45, 154, 1165, 188, 1165, 184, 0, 4, 1.5707963267948966, 4.0
45, 155, 1261, 161, 1265, 160, -4, 1, 2.896613990462929, 4.123105625617661
45, 156, 1261, 152, 1271, 152, -10, 0, 3.141592653589793, 10.0
45, 158, 647, 49, 647, 51, 0, -2, -1.5707963267948966, 2.0
45, 159, 77, 603, 76, 602, 1, 1, 0.7853981633974483, 1.4142135623730951
45, 160, 529, 297, 530, 299, -1, -2, -2.0344439357957027, 2.23606797749979
45, 161, 1047, 531, 1047, 529, 0, 2, 1.5707963267948966, 2.0
45, 162, 137, 618, 136, 616, 1, 2, 1.1071487177940904, 2.23606797749979
45, 163, 520, 300, 521, 302, -1, -2, -2.0344439357957027, 2.23606797749979
45, 164, 827, 537, 831, 537, -4, 0, 3.141592653589793, 4.0
45, 166, 484, 318, 484, 321, 0, -3, -1.5707963267948966, 3.0
45, 167, 418, 308, 418, 305, 0, 3, 1.5707963267948966, 3.0
45, 168, 1059, 356, 1058, 352, 1, 4, 1.3258176636680326, 4.123105625617661
45, 170, 304, 34, 304, 36, 0, -2, -1.5707963267948966, 2.0
45, 171, 520, 219, 520, 222, 0, -3, -1.5707963267948966, 3.0
46, 1, 1211, 386, 1214, 391, -3, -5, -2.1112158270654806, 5.830951894845301
46, 2, 147, 410, 148, 407, -1, 3, 1.892546881191539, 3.1622776601683795
46, 4, 1026, 371, 1025, 368, 1, 3, 1.2490457723982544, 3.1622776601683795
46, 5, 1179, 389, 1182, 393, -3, -4, -2.214297435588181, 5.0
46, 6, 812, 42, 813, 44, -1, -2, -2.0344439357957027, 2.23606797749979
46, 7, 804, 300, 804, 303, 0, -3, -1.5707963267948966, 3.0
46, 8, 818, 63, 819, 65, -1, -2, -2.0344439357957027, 2.23606797749979
46, 11, 805, 33, 806, 35, -1, -2, -2.0344439357957027, 2.23606797749979
46, 12, 1193, 347, 1196, 351, -3, -4, -2.214297435588181, 5.0
46, 13, 792, 55, 793, 57, -1, -2, -2.0344439357957027, 2.23606797749979
46, 14, 1195, 360, 1198, 364, -3, -4, -2.214297435588181, 5.0
46, 15, 531, 244, 532, 247, -1, -3, -1.892546881191539, 3.1622776601683795
46, 16, 136, 627, 135, 626, 1, 1, 0.7853981633974483, 1.4142135623730951
46, 17, 479, 310, 479, 313, 0, -3, -1.5707963267948966, 3.0
46, 18, 750, 76, 750, 74, 0, 2, 1.5707963267948966, 2.0
46, 19, 488, 98, 489, 101, -1, -3, -1.892546881191539, 3.1622776601683795
46, 20, 721, 683, 721, 688, 0, -5, -1.5707963267948966, 5.0
46, 21, 1170, 201, 1169, 200, 1, 1, 0.7853981633974483, 1.4142135623730951
46, 22, 740, 682, 742, 687, -2, -5, -1.9513027039072615, 5.385164807134504
46, 23, 504, 245, 505, 248, -1, -3, -1.892546881191539, 3.1622776601683795
46, 24, 411, 247, 412, 246, -1, 1, 2.356194490192345, 1.4142135623730951
46, 25, 639, 19, 638, 21, 1, -2, -1.1071487177940904, 2.23606797749979
46, 29, 834, 565, 837, 563, -3, 2, 2.5535900500422257, 3.605551275463989
46, 30, 1063, 339, 1061, 336, 2, 3, 0.982793723247329, 3.605551275463989
46, 31, 480, 89, 481, 92, -1, -3, -1.892546881191539, 3.1622776601683795
46, 32, 815, 84, 816, 86, -1, -2, -2.0344439357957027, 2.23606797749979
46, 33, 478, 97, 479, 100, -1, -3, -1.892546881191539, 3.1622776601683795
46, 37, 625, 54, 626, 56, -1, -2, -2.0344439357957027, 2.23606797749979
46, 40, 512, 206, 512, 209, 0, -3, -1.5707963267948966, 3.0
46, 41, 684, 122, 684, 119, 0, 3, 1.5707963267948966, 3.0
46, 42, 855, 503, 860, 502, -5, 1, 2.9441970937399127, 5.0990195135927845
46, 43, 1032, 471, 1031, 467, 1, 4, 1.3258176636680326, 4.123105625617661
46, 45, 860, 543, 865, 542, -5, 1, 2.9441970937399127, 5.0990195135927845
46, 46, 671, 183, 671, 181, 0, 2, 1.5707963267948966, 2.0
46, 48, 632, 28, 632, 30, 0, -2, -1.5707963267948966, 2.0
46, 49, 464, 310, 464, 314, 0, -4, -1.5707963267948966, 4.0
46, 52, 725, 535, 726, 538, -1, -3, -1.892546881191539, 3.1622776601683795
46, 55, 758, 485, 760, 489, -2, -4, -2.0344439357957027, 4.47213595499958
46, 56, 690, 135, 690, 132, 0, 3, 1.5707963267948966, 3.0
46, 58, 804, 42, 805, 44, -1, -2, -2.0344439357957027, 2.23606797749979
46, 59, 748, 552, 749, 556, -1, -4, -1.8157749899217608, 4.123105625617661
46, 61, 819, 529, 823, 529, -4, 0, 3.141592653589793, 4.0
46, 65, 632, 247, 632, 245, 0, 2, 1.5707963267948966, 2.0
46, 68, 853, 495, 858, 494, -5, 1, 2.9441970937399127, 5.0990195135927845
46, 69, 906, 11, 908, 11, -2, 0, 3.141592653589793, 2.0
46, 70, 1086, 492, 1085, 491, 1, 1, 0.7853981633974483, 1.4142135623730951
46, 71, 627, 47, 628, 49, -1, -2, -2.0344439357957027, 2.23606797749979
46, 72, 743, 81, 743, 79, 0, 2, 1.5707963267948966, 2.0
46, 75, 493, 176, 493, 179, 0, -3, -1.5707963267948966, 3.0
46, 76, 818, 47, 819, 49, -1, -2, -2.0344439357957027, 2.23606797749979
46, 81, 391, 184, 391, 182, 0, 2, 1.5707963267948966, 2.0
46, 83, 1088, 456, 1086, 451, 2, 5, 1.1902899496825317, 5.385164807134504
46, 85, 1087, 36, 1086, 35, 1, 1, 0.7853981633974483, 1.4142135623730951
46, 87, 132, 659, 129, 657, 3, 2, 0.5880026035475675, 3.605551275463989
46, 88, 907, 22, 909, 22, -2, 0, 3.141592653589793, 2.0
46, 89, 86, 593, 85, 592, 1, 1, 0.7853981633974483, 1.4142135623730951
46, 90, 641, 28, 641, 30, 0, -2, -1.5707963267948966, 2.0
46, 91, 1201, 171, 1200, 170, 1, 1, 0.7853981633974483, 1.4142135623730951
46, 92, 1058, 439, 1056, 436, 2, 3, 0.982793723247329, 3.605551275463989
46, 102, 417, 221, 417, 219, 0, 2, 1.5707963267948966, 2.0
46, 105, 618, 221, 618, 219, 0, 2, 1.5707963267948966, 2.0
46, 108, 473, 296, 473, 299, 0, -3, -1.5707963267948966, 3.0
46, 111, 396, 298, 397, 297, -1, 1, 2.356194490192345, 1.4142135623730951
46, 114, 775, 296, 776, 298, -1, -2, -2.0344439357957027, 2.23606797749979
46, 115, 1230, 197, 1229, 195, 1, 2, 1.1071487177940904, 2.23606797749979
46, 116, 1194, 145, 1194, 143, 0, 2, 1.5707963267948966, 2.0
46, 118, 159, 402, 161, 399, -2, 3, 2.158798930342464, 3.605551275463989
46, 119, 389, 291, 390, 290, -1, 1, 2.356194490192345, 1.4142135623730951
46, 120, 651, 217, 651, 214, 0, 3, 1.5707963267948966, 3.0
46, 121, 791, 251, 791, 254, 0, -3, -1.5707963267948966, 3.0
46, 122, 28, 110, 26, 111, 2, -1, -0.4636476090008061, 2.23606797749979
46, 123, 1161, 206, 1160, 205, 1, 1, 0.7853981633974483, 1.4142135623730951
46, 128, 929, 25, 931, 26, -2, -1, -2.677945044588987, 2.23606797749979
46, 129, 149, 402, 151, 399, -2, 3, 2.158798930342464, 3.605551275463989
46, 130, 570, 61, 569, 62, 1, -1, -0.7853981633974483, 1.4142135623730951
46, 133, 1191, 103, 1192, 100, -1, 3, 1.892546881191539, 3.1622776601683795
46, 134, 149, 469, 150, 465, -1, 4, 1.8157749899217608, 4.123105625617661
46, 138, 1063, 330, 1061, 326, 2, 4, 1.1071487177940904, 4.47213595499958
46, 139, 789, 128, 790, 130, -1, -2, -2.0344439357957027, 2.23606797749979
46, 140, 1209, 357, 1211, 362, -2, -5, -1.9513027039072615, 5.385164807134504
46, 141, 1058, 387, 1055, 384, 3, 3, 0.7853981633974483, 4.242640687119285
46, 142, 510, 218, 510, 221, 0, -3, -1.5707963267948966, 3.0
46, 144, 171, 503, 174, 501, -3, 2, 2.5535900500422257, 3.605551275463989
46, 145, 1207, 344, 1210, 349, -3, -5, -2.1112158270654806, 5.830951894845301
46, 146, 388, 215, 388, 212, 0, 3, 1.5707963267948966, 3.0
46, 147, 524, 222, 524, 225, 0, -3, -1.5707963267948966, 3.0
46, 148, 1165, 190, 1165, 188, 0, 2, 1.5707963267948966, 2.0
46, 150, 1260, 153, 1261, 152, -1, 1, 2.356194490192345, 1.4142135623730951
46, 151, 1194, 109, 1194, 107, 0, 2, 1.5707963267948966, 2.0
46, 152, 647, 47, 647, 49, 0, -2, -1.5707963267948966, 2.0
46, 153, 78, 604, 77, 603, 1, 1, 0.7853981633974483, 1.4142135623730951
46, 154, 529, 295, 529, 297, 0, -2, -1.5707963267948966, 2.0
46, 155, 1050, 531, 1047, 531, 3, 0, 0.0, 3.0
46, 156, 138, 619, 137, 618, 1, 1, 0.7853981633974483, 1.4142135623730951
46, 158, 823, 538, 827, 537, -4, 1, 2.896613990462929, 4.123105625617661
46, 160, 484, 315, 484, 318, 0, -3, -1.5707963267948966, 3.0
46, 161, 418, 311, 418, 308, 0, 3, 1.5707963267948966, 3.0
46, 162, 1060, 359, 1059, 356, 1, 3, 1.2490457723982544, 3.1622776601683795
46, 164, 305, 31, 304, 34, 1, -3, -1.2490457723982544, 3.1622776601683795
46, 165, 520, 216, 520, 219, 0, -3, -1.5707963267948966, 3.0
47, 1, 1207, 381, 1211, 386, -4, -5, -2.2455372690184494, 6.4031242374328485
47, 2, 148, 411, 147, 410, 1, 1, 0.7853981633974483, 1.4142135623730951
47, 4, 1028, 373, 1026, 371, 2, 2, 0.7853981633974483, 2.8284271247461903
47, 5, 1176, 387, 1179, 389, -3, -2, -2.5535900500422257, 3.605551275463989
47, 6, 810, 40, 812, 42, -2, -2, -2.356194490192345, 2.8284271247461903
47, 7, 804, 296, 804, 300, 0, -4, -1.5707963267948966, 4.0
47, 8, 817, 60, 818, 63, -1, -3, -1.892546881191539, 3.1622776601683795
47, 9, 1185, 171, 1184, 169, 1, 2, 1.1071487177940904, 2.23606797749979
47, 11, 803, 31, 805, 33, -2, -2, -2.356194490192345, 2.8284271247461903
47, 12, 1190, 344, 1193, 347, -3, -3, -2.356194490192345, 4.242640687119285
47, 13, 791, 51, 792, 55, -1, -4, -1.8157749899217608, 4.123105625617661
47, 14, 1192, 356, 1195, 360, -3, -4, -2.214297435588181, 5.0
47, 15, 530, 240, 531, 244, -1, -4, -1.8157749899217608, 4.123105625617661
47, 16, 138, 630, 136, 627, 2, 3, 0.982793723247329, 3.605551275463989
47, 17, 480, 306, 479, 310, 1, -4, -1.3258176636680326, 4.123105625617661
47, 18, 751, 80, 750, 76, 1, 4, 1.3258176636680326, 4.123105625617661
47, 19, 487, 93, 488, 98, -1, -5, -1.7681918866447774, 5.0990195135927845
47, 20, 722, 679, 721, 683, 1, -4, -1.3258176636680326, 4.123105625617661
47, 21, 1171, 203, 1170, 201, 1, 2, 1.1071487177940904, 2.23606797749979
47, 22, 739, 678, 740, 682, -1, -4, -1.8157749899217608, 4.123105625617661
47, 23, 503, 240, 504, 245, -1, -5, -1.7681918866447774, 5.0990195135927845
47, 24, 410, 250, 411, 247, -1, 3, 1.892546881191539, 3.1622776601683795
47, 25, 640, 16, 639, 19, 1, -3, -1.2490457723982544, 3.1622776601683795
47, 29, 831, 568, 834, 565, -3, 3, 2.356194490192345, 4.242640687119285
47, 30, 1065, 341, 1063, 339, 2, 2, 0.7853981633974483, 2.8284271247461903
47, 31, 479, 84, 480, 89, -1, -5, -1.7681918866447774, 5.0990195135927845
47, 32, 814, 82, 815, 84, -1, -2, -2.0344439357957027, 2.23606797749979
47, 33, 477, 92, 478, 97, -1, -5, -1.7681918866447774, 5.0990195135927845
47, 35, 1259, 129, 1260, 128, -1, 1, 2.356194490192345, 1.4142135623730951
47, 37, 625, 50, 625, 54, 0, -4, -1.5707963267948966, 4.0
47, 40, 513, 201, 512, 206, 1, -5, -1.373400766945016, 5.0990195135927845
47, 41, 685, 126, 684, 122, 1, 4, 1.3258176636680326, 4.123105625617661
47, 42, 850, 504, 855, 503, -5, 1, 2.9441970937399127, 5.0990195135927845
47, 43, 1032, 474, 1032, 471, 0, 3, 1.5707963267948966, 3.0
47, 44, 631, 176, 631, 174, 0, 2, 1.5707963267948966, 2.0
47, 45, 856, 543, 860, 543, -4, 0, 3.141592653589793, 4.0
47, 46, 671, 186, 671, 183, 0, 3, 1.5707963267948966, 3.0
47, 48, 633, 24, 632, 28, 1, -4, -1.3258176636680326, 4.123105625617661
47, 49, 464, 307, 464, 310, 0, -3, -1.5707963267948966, 3.0
47, 52, 724, 533, 725, 535, -1, -2, -2.0344439357957027, 2.23606797749979
47, 53, 1157, 42, 1156, 41, 1, 1, 0.7853981633974483, 1.4142135623730951
47, 55, 757, 482, 758, 485, -1, -3, -1.892546881191539, 3.1622776601683795
47, 56, 691, 139, 690, 135, 1, 4, 1.3258176636680326, 4.123105625617661
47, 58, 802, 40, 804, 42, -2, -2, -2.356194490192345, 2.8284271247461903
47, 59, 746, 548, 748, 552, -2, -4, -2.0344439357957027, 4.47213595499958
47, 60, 1028, 393, 1026, 389, 2, 4, 1.1071487177940904, 4.47213595499958
47, 61, 817, 527, 819, 529, -2, -2, -2.356194490192345, 2.8284271247461903
47, 62, 1119, 25, 1116, 24, 3, 1, 0.3217505543966422, 3.1622776601683795
47, 64, 583, 43, 581, 43, 2, 0, 0.0, 2.0
47, 65, 631, 251, 632, 247, -1, 4, 1.8157749899217608, 4.123105625617661
47, 66, 1084, 68, 1083, 67, 1, 1, 0.7853981633974483, 1.4142135623730951
47, 68, 847, 497, 853, 495, -6, 2, 2.819842099193151, 6.324555320336759
47, 69, 902, 11, 906, 11, -4, 0, 3.141592653589793, 4.0
47, 70, 1087, 495, 1086, 492, 1, 3, 1.2490457723982544, 3.1622776601683795
47, 71, 627, 45, 627, 47, 0, -2, -1.5707963267948966, 2.0
47, 72, 744, 84, 743, 81, 1, 3, 1.2490457723982544, 3.1622776601683795
47, 75, 493, 173, 493, 176, 0, -3, -1.5707963267948966, 3.0
47, 76, 816, 44, 818, 47, -2, -3, -2.158798930342464, 3.605551275463989
47, 78, 1097, 29, 1095, 27, 2, 2, 0.7853981633974483, 2.8284271247461903
47, 81, 390, 189, 391, 184, -1, 5, 1.7681918866447774, 5.0990195135927845
47, 83, 1090, 460, 1088, 456, 2, 4, 1.1071487177940904, 4.47213595499958
47, 84, 638, 94, 637, 96, 1, -2, -1.1071487177940904, 2.23606797749979
47, 85, 1089, 38, 1087, 36, 2, 2, 0.7853981633974483, 2.8284271247461903
47, 86, 587, 51, 585, 51, 2, 0, 0.0, 2.0
47, 87, 134, 659, 132, 659, 2, 0, 0.0, 2.0
47, 88, 903, 21, 907, 22, -4, -1, -2.896613990462929, 4.123105625617661
47, 89, 89, 595, 86, 593, 3, 2, 0.5880026035475675, 3.605551275463989
47, 90, 642, 24, 641, 28, 1, -4, -1.3258176636680326, 4.123105625617661
47, 91, 1204, 173, 1201, 171, 3, 2, 0.5880026035475675, 3.605551275463989
47, 92, 1061, 441, 1058, 439, 3, 2, 0.5880026035475675, 3.605551275463989
47, 93, 1159, 226, 1159, 224, 0, 2, 1.5707963267948966, 2.0
47, 94, 509, 21, 509, 24, 0, -3, -1.5707963267948966, 3.0
47, 99, 1153, 83, 1152, 82, 1, 1, 0.7853981633974483, 1.4142135623730951
47, 101, 180, 504, 182, 504, -2, 0, 3.141592653589793, 2.0
47, 102, 417, 224, 417, 221, 0, 3, 1.5707963267948966, 3.0
47, 105, 618, 223, 618, 221, 0, 2, 1.5707963267948966, 2.0
47, 108, 474, 291, 473, 296, 1, -5, -1.373400766945016, 5.0990195135927845
47, 109, 1159, 49, 1158, 48, 1, 1, 0.7853981633974483, 1.4142135623730951
47, 110, 292, 366, 291, 367, 1, -1, -0.7853981633974483, 1.4142135623730951
47, 111, 396, 302, 396, 298, 0, 4, 1.5707963267948966, 4.0
47, 113, 774, 293, 775, 296, -1, -3, -1.892546881191539, 3.1622776601683795
47, 114, 1232, 201, 1230, 197, 2, 4, 1.1071487177940904, 4.47213595499958
47, 115, 1194, 148, 1194, 145, 0, 3, 1.5707963267948966, 3.0
47, 117, 157, 404, 159, 402, -2, 2, 2.356194490192345, 2.8284271247461903
47, 118, 388, 295, 389, 291, -1, 4, 1.8157749899217608, 4.123105625617661
47, 119, 651, 220, 651, 217, 0, 3, 1.5707963267948966, 3.0
47, 120, 791, 248, 791, 251, 0, -3, -1.5707963267948966, 3.0
47, 121, 31, 109, 28, 110, 3, -1, -0.3217505543966422, 3.1622776601683795
47, 122, 1162, 208, 1161, 206, 1, 2, 1.1071487177940904, 2.23606797749979
47, 123, 751, 141, 752, 140, -1, 1, 2.356194490192345, 1.4142135623730951
47, 126, 396, 251, 396, 247, 0, 4, 1.5707963267948966, 4.0
47, 127, 925, 25, 929, 25, -4, 0, 3.141592653589793, 4.0
47, 128, 148, 403, 149, 402, -1, 1, 2.356194490192345, 1.4142135623730951
47, 129, 572, 60, 570, 61, 2, -1, -0.4636476090008061, 2.23606797749979
47, 130, 1100, 67, 1098, 65, 2, 2, 0.7853981633974483, 2.8284271247461903
47, 132, 1190, 106, 1191, 103, -1, 3, 1.892546881191539, 3.1622776601683795
47, 133, 146, 472, 149, 469, -3, 3, 2.356194490192345, 4.242640687119285
47, 137, 1065, 333, 1063, 330, 2, 3, 0.982793723247329, 3.605551275463989
47, 138, 788, 125, 789, 128, -1, -3, -1.892546881191539, 3.1622776601683795
47, 139, 1206, 353, 1209, 357, -3, -4, -2.214297435588181, 5.0
47, 140, 1060, 387, 1058, 387, 2, 0, 0.0, 2.0
47, 141, 511, 213, 510, 218, 1, -5, -1.373400766945016, 5.0990195135927845
47, 143, 166, 502, 171, 503, -5, -1, -2.9441970937399127, 5.0990195135927845
47, 144, 1203, 340, 1207, 344, -4, -4, -2.356194490192345, 5.656854249492381
47, 145, 387, 218, 388, 215, -1, 3, 1.892546881191539, 3.1622776601683795
47, 146, 524, 218, 524, 222, 0, -4, -1.5707963267948966, 4.0
47, 147, 1166, 192, 1165, 190, 1, 2, 1.1071487177940904, 2.23606797749979
47, 148, 1261, 164, 1261, 162, 0, 2, 1.5707963267948966, 2.0
47, 149, 1260, 155, 1260, 153, 0, 2, 1.5707963267948966, 2.0
47, 150, 1193, 112, 1194, 109, -1, 3, 1.892546881191539, 3.1622776601683795
47, 151, 648, 43, 647, 47, 1, -4, -1.3258176636680326, 4.123105625617661
47, 152, 80, 607, 78, 604, 2, 3, 0.982793723247329, 3.605551275463989
47, 153, 529, 291, 529, 295, 0, -4, -1.5707963267948966, 4.0
47, 154, 1054, 527, 1050, 531, 4, -4, -0.7853981633974483, 5.656854249492381
47, 155, 140, 621, 138, 619, 2, 2, 0.7853981633974483, 2.8284271247461903
47, 156, 520, 297, 520, 299, 0, -2, -1.5707963267948966, 2.0
47, 158, 485, 311, 484, 315, 1, -4, -1.3258176636680326, 4.123105625617661
47, 160, 1062, 362, 1060, 359, 2, 3, 0.982793723247329, 3.605551275463989
47, 162, 306, 29, 305, 31, 1, -2, -1.1071487177940904, 2.23606797749979
47, 163, 521, 211, 520, 216, 1, -5, -1.373400766945016, 5.0990195135927845
48, 1, 1205, 377, 1207, 381, -2, -4, -2.0344439357957027, 4.47213595499958
48, 2, 147, 414, 148, 411, -1, 3, 1.892546881191539, 3.1622776601683795
48, 4, 1030, 375, 1028, 373, 2, 2, 0.7853981633974483, 2.8284271247461903
48, 5, 1174, 383, 1176, 387, -2, -4, -2.0344439357957027, 4.47213595499958
48, 6, 804, 293, 804, 296, 0, -3, -1.5707963267948966, 3.0
48, 7, 816, 58, 817, 60, -1, -2, -2.0344439357957027, 2.23606797749979
48, 10, 1187, 340, 1190, 344, -3, -4, -2.214297435588181, 5.0
48, 11, 791, 48, 791, 51, 0, -3, -1.5707963267948966, 3.0
48, 12, 1189, 352, 1192, 356, -3, -4, -2.214297435588181, 5.0
48, 13, 530, 238, 530, 240, 0, -2, -1.5707963267948966, 2.0
48, 15, 480, 302, 480, 306, 0, -4, -1.5707963267948966, 4.0
48, 16, 751, 82, 751, 80, 0, 2, 1.5707963267948966, 2.0
48, 17, 487, 89, 487, 93, 0, -4, -1.5707963267948966, 4.0
48, 18, 722, 675, 722, 679, 0, -4, -1.5707963267948966, 4.0
48, 19, 1172, 205, 1171, 203, 1, 2, 1.1071487177940904, 2.23606797749979
48, 20, 737, 673, 739, 678, -2, -5, -1.9513027039072615, 5.385164807134504
48, 21, 503, 237, 503, 240, 0, -3, -1.5707963267948966, 3.0
48, 22, 409, 252, 410, 250, -1, 2, 2.0344439357957027, 2.23606797749979
48, 26, 827, 570, 831, 568, -4, 2, 2.677945044588987, 4.47213595499958
48, 27, 1067, 344, 1065, 341, 2, 3, 0.982793723247329, 3.605551275463989
48, 28, 479, 80, 479, 84, 0, -4, -1.5707963267948966, 4.0
48, 29, 477, 88, 477, 92, 0, -4, -1.5707963267948966, 4.0
48, 31, 1258, 130, 1259, 129, -1, 1, 2.356194490192345, 1.4142135623730951
48, 36, 513, 198, 513, 201, 0, -3, -1.5707963267948966, 3.0
48, 37, 686, 127, 685, 126, 1, 1, 0.7853981633974483, 1.4142135623730951
48, 38, 845, 505, 850, 504, -5, 1, 2.9441970937399127, 5.0990195135927845
48, 39, 1033, 478, 1032, 474, 1, 4, 1.3258176636680326, 4.123105625617661
48, 40, 630, 177, 631, 176, -1, 1, 2.356194490192345, 1.4142135623730951
48, 41, 851, 543, 856, 543, -5, 0, 3.141592653589793, 5.0
48, 42, 670, 187, 671, 186, -1, 1, 2.356194490192345, 1.4142135623730951
48, 43, 634, 22, 633, 24, 1, -2, -1.1071487177940904, 2.23606797749979
48, 44, 465, 303, 464, 307, 1, -4, -1.3258176636680326, 4.123105625617661
48, 47, 723, 529, 724, 533, -1, -4, -1.8157749899217608, 4.123105625617661
48, 50, 755, 478, 757, 482, -2, -4, -2.0344439357957027, 4.47213595499958
48, 51, 691, 141, 691, 139, 0, 2, 1.5707963267948966, 2.0
48, 53, 745, 543, 746, 548, -1, -5, -1.7681918866447774, 5.0990195135927845
48, 55, 813, 527, 817, 527, -4, 0, 3.141592653589793, 4.0
48, 59, 630, 255, 631, 251, -1, 4, 1.8157749899217608, 4.123105625617661
48, 62, 842, 498, 847, 497, -5, 1, 2.9441970937399127, 5.0990195135927845
48, 63, 900, 11, 902, 11, -2, 0, 3.141592653589793, 2.0
48, 64, 1088, 498, 1087, 495, 1, 3, 1.2490457723982544, 3.1622776601683795
48, 66, 744, 86, 744, 84, 0, 2, 1.5707963267948966, 2.0
48, 67, 639, 265, 640, 264, -1, 1, 2.356194490192345, 1.4142135623730951
48, 69, 493, 170, 493, 173, 0, -3, -1.5707963267948966, 3.0
48, 73, 389, 191, 390, 189, -1, 2, 2.0344439357957027, 2.23606797749979
48, 74, 1091, 465, 1090, 460, 1, 5, 1.373400766945016, 5.0990195135927845
48, 75, 639, 91, 638, 94, 1, -3, -1.2490457723982544, 3.1622776601683795
48, 78, 135, 660, 134, 659, 1, 1, 0.7853981633974483, 1.4142135623730951
48, 79, 901, 21, 903, 21, -2, 0, 3.141592653589793, 2.0
48, 80, 90, 596, 89, 595, 1, 1, 0.7853981633974483, 1.4142135623730951
48, 81, 643, 22, 642, 24, 1, -2, -1.1071487177940904, 2.23606797749979
48, 82, 1205, 174, 1204, 173, 1, 1, 0.7853981633974483, 1.4142135623730951
48, 83, 1063, 443, 1061, 441, 2, 2, 0.7853981633974483, 2.8284271247461903
48, 84, 1159, 228, 1159, 226, 0, 2, 1.5707963267948966, 2.0
48, 85, 509, 18, 509, 21, 0, -3, -1.5707963267948966, 3.0
48, 91, 178, 504, 180, 504, -2, 0, 3.141592653589793, 2.0
48, 92, 416, 226, 417, 224, -1, 2, 2.0344439357957027, 2.23606797749979
48, 93, 16, 112, 15, 113, 1, -1, -0.7853981633974483, 1.4142135623730951
48, 95, 617, 224, 618, 223, -1, 1, 2.356194490192345, 1.4142135623730951
48, 98, 475, 287, 474, 291, 1, -4, -1.3258176636680326, 4.123105625617661
48, 101, 396, 304, 396, 302, 0, 2, 1.5707963267948966, 2.0
48, 103, 773, 291, 774, 293, -1, -2, -2.0344439357957027, 2.23606797749979
48, 105, 1193, 151, 1194, 148, -1, 3, 1.892546881191539, 3.1622776601683795
48, 106, 155, 408, 157, 404, -2, 4, 2.0344439357957027, 4.47213595499958
48, 107, 388, 297, 388, 295, 0, 2, 1.5707963267948966, 2.0
48, 108, 651, 222, 651, 220, 0, 2, 1.5707963267948966, 2.0
48, 109, 790, 245, 791, 248, -1, -3, -1.892546881191539, 3.1622776601683795
48, 110, 34, 107, 31, 109, 3, -2, -0.5880026035475675, 3.605551275463989
48, 111, 1163, 210, 1162, 208, 1, 2, 1.1071487177940904, 2.23606797749979
48, 112, 750, 142, 751, 141, -1, 1, 2.356194490192345, 1.4142135623730951
48, 115, 396, 253, 396, 251, 0, 2, 1.5707963267948966, 2.0
48, 116, 923, 25, 925, 25, -2, 0, 3.141592653589793, 2.0
48, 117, 147, 407, 148, 403, -1, 4, 1.8157749899217608, 4.123105625617661
48, 118, 573, 59, 572, 60, 1, -1, -0.7853981633974483, 1.4142135623730951
48, 119, 1101, 68, 1100, 67, 1, 1, 0.7853981633974483, 1.4142135623730951
48, 121, 1189, 109, 1190, 106, -1, 3, 1.892546881191539, 3.1622776601683795
48, 122, 143, 474, 146, 472, -3, 2, 2.5535900500422257, 3.605551275463989
48, 125, 1067, 336, 1065, 333, 2, 3, 0.982793723247329, 3.605551275463989
48, 126, 787, 123, 788, 125, -1, -2, -2.0344439357957027, 2.23606797749979
48, 127, 1203, 349, 1206, 353, -3, -4, -2.214297435588181, 5.0
48, 128, 1063, 387, 1060, 387, 3, 0, 0.0, 3.0
48, 129, 511, 210, 511, 213, 0, -3, -1.5707963267948966, 3.0
48, 130, 162, 505, 166, 502, -4, 3, 2.498091544796509, 5.0
48, 131, 1200, 336, 1203, 340, -3, -4, -2.214297435588181, 5.0
48, 132, 386, 220, 387, 218, -1, 2, 2.0344439357957027, 2.23606797749979
48, 133, 524, 216, 524, 218, 0, -2, -1.5707963267948966, 2.0
48, 137, 1192, 115, 1193, 112, -1, 3, 1.892546881191539, 3.1622776601683795
48, 138, 648, 40, 648, 43, 0, -3, -1.5707963267948966, 3.0
48, 139, 81, 608, 80, 607, 1, 1, 0.7853981633974483, 1.4142135623730951
48, 140, 528, 286, 529, 291, -1, -5, -1.7681918866447774, 5.0990195135927845
48, 141, 1056, 529, 1054, 527, 2, 2, 0.7853981633974483, 2.8284271247461903
48, 143, 519, 295, 520, 297, -1, -2, -2.0344439357957027, 2.23606797749979
48, 145, 485, 307, 485, 311, 0, -4, -1.5707963267948966, 4.0
48, 146, 417, 313, 418, 311, -1, 2, 2.0344439357957027, 2.23606797749979
48, 147, 1064, 364, 1062, 362, 2, 2, 0.7853981633974483, 2.8284271247461903
48, 149, 307, 28, 306, 29, 1, -1, -0.7853981633974483, 1.4142135623730951
48, 150, 521, 209, 521, 211, 0, -2, -1.5707963267948966, 2.0
49, 1, 1202, 372, 1205, 377, -3, -5, -2.1112158270654806, 5.830951894845301
49, 2, 146, 417, 147, 414, -1, 3, 1.892546881191539, 3.1622776601683795
49, 4, 1031, 378, 1030, 375, 1, 3, 1.2490457723982544, 3.1622776601683795
49, 5, 1171, 380, 1174, 383, -3, -3, -2.356194490192345, 4.242640687119285
49, 6, 804, 290, 804, 293, 0, -3, -1.5707963267948966, 3.0
49, 9, 1184, 337, 1187, 340, -3, -3, -2.356194490192345, 4.242640687119285
49, 10, 790, 45, 791, 48, -1, -3, -1.892546881191539, 3.1622776601683795
49, 11, 1186, 348, 1189, 352, -3, -4, -2.214297435588181, 5.0
49, 12, 530, 236, 530, 238, 0, -2, -1.5707963267948966, 2.0
49, 13, 139, 633, 138, 631, 1, 2, 1.1071487177940904, 2.23606797749979
49, 14, 481, 297, 480, 302, 1, -5, -1.373400766945016, 5.0990195135927845
49, 15, 752, 84, 751, 82, 1, 2, 1.1071487177940904, 2.23606797749979
49, 16, 487, 85, 487, 89, 0, -4, -1.5707963267948966, 4.0
49, 17, 721, 671, 722, 675, -1, -4, -1.8157749899217608, 4.123105625617661
49, 18, 1173, 207, 1172, 205, 1, 2, 1.1071487177940904, 2.23606797749979
49, 19, 734, 668, 737, 673, -3, -5, -2.1112158270654806, 5.830951894845301
49, 20, 503, 234, 503, 237, 0, -3, -1.5707963267948966, 3.0
49, 21, 409, 254, 409, 252, 0, 2, 1.5707963267948966, 2.0
49, 22, 642, 17, 641, 16, 1, 1, 0.7853981633974483, 1.4142135623730951
49, 25, 822, 571, 827, 570, -5, 1, 2.9441970937399127, 5.0990195135927845
49, 26, 1069, 347, 1067, 344, 2, 3, 0.982793723247329, 3.605551275463989
49, 27, 479, 76, 479, 80, 0, -4, -1.5707963267948966, 4.0
49, 28, 477, 84, 477, 88, 0, -4, -1.5707963267948966, 4.0
49, 30, 1257, 131, 1258, 130, -1, 1, 2.356194490192345, 1.4142135623730951
49, 35, 513, 195, 513, 198, 0, -3, -1.5707963267948966, 3.0
49, 37, 840, 506, 845, 505, -5, 1, 2.9441970937399127, 5.0990195135927845
49, 38, 1034, 482, 1033, 478, 1, 4, 1.3258176636680326, 4.123105625617661
49, 39, 629, 178, 630, 177, -1, 1, 2.356194490192345, 1.4142135623730951
49, 40, 847, 543, 851, 543, -4, 0, 3.141592653589793, 4.0
49, 41, 669, 188, 670, 187, -1, 1, 2.356194490192345, 1.4142135623730951
49, 42, 635, 21, 634, 22, 1, -1, -0.7853981633974483, 1.4142135623730951
49, 43, 465, 299, 465, 303, 0, -4, -1.5707963267948966, 4.0
49, 46, 722, 524, 723, 529, -1, -5, -1.7681918866447774, 5.0990195135927845
49, 49, 753, 474, 755, 478, -2, -4, -2.0344439357957027, 4.47213595499958
49, 52, 744, 540, 745, 543, -1, -3, -1.892546881191539, 3.1622776601683795
49, 53, 1030, 394, 1029, 393, 1, 1, 0.7853981633974483, 1.4142135623730951
49, 54, 808, 527, 813, 527, -5, 0, 3.141592653589793, 5.0
49, 58, 629, 258, 630, 255, -1, 3, 1.892546881191539, 3.1622776601683795
49, 61, 837, 498, 842, 498, -5, 0, 3.141592653589793, 5.0
49, 62, 898, 11, 900, 11, -2, 0, 3.141592653589793, 2.0
49, 63, 1089, 502, 1088, 498, 1, 4, 1.3258176636680326, 4.123105625617661
49, 65, 745, 88, 744, 86, 1, 2, 1.1071487177940904, 2.23606797749979
49, 66, 638, 266, 639, 265, -1, 1, 2.356194490192345, 1.4142135623730951
49, 68, 493, 168, 493, 170, 0, -2, -1.5707963267948966, 2.0
49, 72, 388, 193, 389, 191, -1, 2, 2.0344439357957027, 2.23606797749979
49, 73, 1092, 469, 1091, 465, 1, 4, 1.3258176636680326, 4.123105625617661
49, 74, 639, 89, 639, 91, 0, -2, -1.5707963267948966, 2.0
49, 77, 136, 661, 135, 660, 1, 1, 0.7853981633974483, 1.4142135623730951
49, 78, 899, 21, 901, 21, -2, 0, 3.141592653589793, 2.0
49, 79, 91, 597, 90, 596, 1, 1, 0.7853981633974483, 1.4142135623730951
49, 80, 644, 20, 643, 22, 1, -2, -1.1071487177940904, 2.23606797749979
49, 81, 1206, 175, 1205, 174, 1, 1, 0.7853981633974483, 1.4142135623730951
49, 82, 1065, 446, 1063, 443, 2, 3, 0.982793723247329, 3.605551275463989
49, 83, 1159, 230, 1159, 228, 0, 2, 1.5707963267948966, 2.0
49, 84, 509, 15, 509, 18, 0, -3, -1.5707963267948966, 3.0
49, 90, 176, 503, 178, 504, -2, -1, -2.677945044588987, 2.23606797749979
49, 91, 416, 228, 416, 226, 0, 2, 1.5707963267948966, 2.0
49, 92, 17, 111, 16, 112, 1, -1, -0.7853981633974483, 1.4142135623730951
49, 96, 476, 282, 475, 287, 1, -5, -1.373400766945016, 5.0990195135927845
49, 99, 396, 306, 396, 304, 0, 2, 1.5707963267948966, 2.0
49, 100, 772, 288, 773, 291, -1, -3, -1.892546881191539, 3.1622776601683795
49, 102, 1192, 153, 1193, 151, -1, 2, 2.0344439357957027, 2.23606797749979
49, 103, 153, 412, 155, 408, -2, 4, 2.0344439357957027, 4.47213595499958
49, 104, 388, 299, 388, 297, 0, 2, 1.5707963267948966, 2.0
49, 105, 650, 223, 651, 222, -1, 1, 2.356194490192345, 1.4142135623730951
49, 106, 789, 243, 790, 245, -1, -2, -2.0344439357957027, 2.23606797749979
49, 107, 36, 105, 34, 107, 2, -2, -0.7853981633974483, 2.8284271247461903
49, 108, 1164, 212, 1163, 210, 1, 2, 1.1071487177940904, 2.23606797749979
49, 109, 749, 143, 750, 142, -1, 1, 2.356194490192345, 1.4142135623730951
49, 112, 396, 256, 396, 253, 0, 3, 1.5707963267948966, 3.0
49, 113, 921, 25, 923, 25, -2, 0, 3.141592653589793, 2.0
49, 114, 145, 411, 147, 407, -2, 4, 2.0344439357957027, 4.47213595499958
49, 116, 1102, 69, 1101, 68, 1, 1, 0.7853981633974483, 1.4142135623730951
49, 118, 1188, 112, 1189, 109, -1, 3, 1.892546881191539, 3.1622776601683795
49, 119, 140, 476, 143, 474, -3, 2, 2.5535900500422257, 3.605551275463989
49, 122, 1069, 339, 1067, 336, 2, 3, 0.982793723247329, 3.605551275463989
49, 123, 786, 121, 787, 123, -1, -2, -2.0344439357957027, 2.23606797749979
49, 124, 1199, 345, 1203, 349, -4, -4, -2.356194490192345, 5.656854249492381
49, 125, 1066, 387, 1063, 387, 3, 0, 0.0, 3.0
49, 126, 511, 207, 511, 210, 0, -3, -1.5707963267948966, 3.0
49, 127, 159, 508, 162, 505, -3, 3, 2.356194490192345, 4.242640687119285
49, 128, 1196, 332, 1200, 336, -4, -4, -2.356194490192345, 5.656854249492381
49, 129, 385, 222, 386, 220, -1, 2, 2.0344439357957027, 2.23606797749979
49, 130, 524, 214, 524, 216, 0, -2, -1.5707963267948966, 2.0
49, 131, 1167, 195, 1166, 193, 1, 2, 1.1071487177940904, 2.23606797749979
49, 134, 1191, 118, 1192, 115, -1, 3, 1.892546881191539, 3.1622776601683795
49, 135, 648, 37, 648, 40, 0, -3, -1.5707963267948966, 3.0
49, 136, 82, 609, 81, 608, 1, 1, 0.7853981633974483, 1.4142135623730951
49, 137, 527, 282, 528, 286, -1, -4, -1.8157749899217608, 4.123105625617661
49, 138, 1058, 529, 1056, 529, 2, 0, 0.0, 2.0
49, 139, 141, 624, 140, 622, 1, 2, 1.1071487177940904, 2.23606797749979
49, 140, 518, 293, 519, 295, -1, -2, -2.0344439357957027, 2.23606797749979
49, 142, 486, 303, 485, 307, 1, -4, -1.3258176636680326, 4.123105625617661
49, 143, 415, 313, 417, 313, -2, 0, 3.141592653589793, 2.0
49, 144, 1066, 367, 1064, 364, 2, 3, 0.982793723247329, 3.605551275463989
49, 147, 521, 206, 521, 209, 0, -3, -1.5707963267948966, 3.0
50, 0, 1178, 407, 1180, 410, -2, -3, -2.158798930342464, 3.605551275463989
50, 1, 792, 51, 793, 54, -1, -3, -1.892546881191539, 3.1622776601683795
50, 4, 811, 40, 812, 42, -1, -2, -2.0344439357957027, 2.23606797749979
50, 7, 803, 32, 804, 34, -1, -2, -2.0344439357957027, 2.23606797749979
50, 8, 1175, 382, 1178, 385, -3, -3, -2.356194490192345, 4.242640687119285
50, 9, 144, 425, 146, 421, -2, 4, 2.0344439357957027, 4.47213595499958
50, 10, 806, 295, 806, 299, 0, -4, -1.5707963267948966, 4.0
50, 11, 1189, 353, 1193, 357, -4, -4, -2.356194490192345, 5.656854249492381
50, 12, 851, 546, 855, 546, -4, 0, 3.141592653589793, 4.0
50, 13, 719, 665, 719, 670, 0, -5, -1.5707963267948966, 5.0
50, 15, 1187, 339, 1190, 343, -3, -4, -2.214297435588181, 5.0
50, 16, 488, 92, 489, 96, -1, -4, -1.8157749899217608, 4.123105625617661
50, 17, 753, 80, 752, 79, 1, 1, 0.7853981633974483, 1.4142135623730951
50, 18, 514, 203, 514, 206, 0, -3, -1.5707963267948966, 3.0
50, 19, 820, 57, 821, 59, -1, -2, -2.0344439357957027, 2.23606797749979
50, 20, 477, 92, 478, 96, -1, -4, -1.8157749899217608, 4.123105625617661
50, 21, 1260, 132, 1261, 131, -1, 1, 2.356194490192345, 1.4142135623730951
50, 22, 532, 240, 532, 243, 0, -3, -1.5707963267948966, 3.0
50, 23, 757, 86, 756, 85, 1, 1, 0.7853981633974483, 1.4142135623730951
50, 24, 1206, 379, 1210, 383, -4, -4, -2.356194490192345, 5.656854249492381
50, 27, 816, 82, 817, 84, -1, -2, -2.0344439357957027, 2.23606797749979
50, 28, 1071, 347, 1069, 344, 2, 3, 0.982793723247329, 3.605551275463989
50, 30, 1191, 174, 1191, 172, 0, 2, 1.5707963267948966, 2.0
50, 33, 755, 471, 757, 476, -2, -5, -1.9513027039072615, 5.385164807134504
50, 34, 481, 303, 481, 307, 0, -4, -1.5707963267948966, 4.0
50, 35, 630, 178, 631, 176, -1, 2, 2.0344439357957027, 2.23606797749979
50, 36, 630, 51, 630, 53, 0, -2, -1.5707963267948966, 2.0
50, 39, 842, 507, 847, 506, -5, 1, 2.9441970937399127, 5.0990195135927845
50, 40, 737, 666, 740, 671, -3, -5, -2.1112158270654806, 5.830951894845301
50, 41, 29, 98, 25, 99, 4, -1, -0.24497866312686414, 4.123105625617661
50, 42, 1160, 426, 1165, 430, -5, -4, -2.4668517113662407, 6.4031242374328485
50, 43, 926, 30, 928, 30, -2, 0, 3.141592653589793, 2.0
50, 44, 481, 82, 481, 86, 0, -4, -1.5707963267948966, 4.0
50, 45, 1178, 433, 1179, 435, -1, -2, -2.0344439357957027, 2.23606797749979
50, 48, 812, 538, 816, 538, -4, 0, 3.141592653589793, 4.0
50, 49, 639, 265, 640, 264, -1, 1, 2.356194490192345, 1.4142135623730951
50, 50, 1121, 26, 1119, 26, 2, 0, 0.0, 2.0
50, 51, 505, 241, 505, 244, 0, -3, -1.5707963267948966, 3.0
50, 52, 840, 497, 845, 497, -5, 0, 3.141592653589793, 5.0
50, 53, 1069, 390, 1067, 389, 2, 1, 0.4636476090008061, 2.23606797749979
50, 54, 466, 304, 466, 308, 0, -4, -1.5707963267948966, 4.0
50, 55, 824, 571, 829, 570, -5, 1, 2.9441970937399127, 5.0990195135927845
50, 56, 17, 52, 13, 53, 4, -1, -0.24497866312686414, 4.123105625617661
50, 59, 1046, 405, 1045, 403, 1, 2, 1.1071487177940904, 2.23606797749979
50, 63, 1037, 484, 1036, 480, 1, 4, 1.3258176636680326, 4.123105625617661
50, 64, 803, 41, 804, 43, -1, -2, -2.0344439357957027, 2.23606797749979
50, 65, 903, 12, 905, 13, -2, -1, -2.677945044588987, 2.23606797749979
50, 66, 634, 25, 634, 27, 0, -2, -1.5707963267948966, 2.0
50, 77, 390, 189, 391, 188, -1, 1, 2.356194490192345, 1.4142135623730951
50, 80, 721, 503, 722, 507, -1, -4, -1.8157749899217608, 4.123105625617661
50, 81, 397, 255, 397, 252, 0, 3, 1.5707963267948966, 3.0
50, 83, 745, 86, 744, 85, 1, 1, 0.7853981633974483, 1.4142135623730951
50, 84, 786, 247, 787, 251, -1, -4, -1.8157749899217608, 4.123105625617661
50, 87, 817, 46, 818, 48, -1, -2, -2.0344439357957027, 2.23606797749979
50, 88, 630, 262, 632, 261, -2, 1, 2.677945044588987, 2.23606797749979
50, 91, 914, 60, 915, 59, -1, 1, 2.356194490192345, 1.4142135623730951
50, 93, 905, 22, 907, 23, -2, -1, -2.677945044588987, 2.23606797749979
50, 94, 919, 48, 921, 48, -2, 0, 3.141592653589793, 2.0
50, 95, 1159, 231, 1159, 228, 0, 3, 1.5707963267948966, 3.0
50, 96, 476, 289, 476, 294, 0, -5, -1.5707963267948966, 5.0
50, 98, 644, 25, 643, 27, 1, -2, -1.1071487177940904, 2.23606797749979
50, 101, 1031, 379, 1030, 376, 1, 3, 1.2490457723982544, 3.1622776601683795
50, 102, 782, 294, 782, 298, 0, -4, -1.5707963267948966, 4.0
50, 107, 873, 61, 875, 62, -2, -1, -2.677945044588987, 2.23606797749979
50, 108, 49, 108, 47, 108, 2, 0, 0.0, 2.0
50, 109, 271, 44, 269, 44, 2, 0, 0.0, 2.0
50, 110, 1183, 359, 1186, 363, -3, -4, -2.214297435588181, 5.0
50, 111, 777, 286, 777, 290, 0, -4, -1.5707963267948966, 4.0
50, 112, 142, 472, 145, 470, -3, 2, 2.5535900500422257, 3.605551275463989
50, 114, 90, 597, 88, 596, 2, 1, 0.4636476090008061, 2.23606797749979
50, 115, 417, 222, 418, 220, -1, 2, 2.0344439357957027, 2.23606797749979
50, 117, 645, 17, 643, 16, 2, 1, 0.4636476090008061, 2.23606797749979
50, 121, 166, 480, 169, 478, -3, 2, 2.5535900500422257, 3.605551275463989
50, 122, 1205, 176, 1204, 174, 1, 2, 1.1071487177940904, 2.23606797749979
50, 123, 16, 113, 14, 114, 2, -1, -0.4636476090008061, 2.23606797749979
50, 125, 160, 534, 159, 531, 1, 3, 1.2490457723982544, 3.1622776601683795
50, 126, 518, 298, 519, 301, -1, -3, -1.892546881191539, 3.1622776601683795
50, 127, 16, 60, 12, 62, 4, -2, -0.4636476090008061, 4.47213595499958
50, 129, 1089, 511, 1089, 508, 0, 3, 1.5707963267948966, 3.0
50, 132, 671, 187, 672, 186, -1, 1, 2.356194490192345, 1.4142135623730951
50, 133, 146, 415, 149, 411, -3, 4, 2.214297435588181, 5.0
50, 134, 1261, 157, 1263, 157, -2, 0, 3.141592653589793, 2.0
50, 136, 632, 42, 632, 44, 0, -2, -1.5707963267948966, 2.0
50, 137, 422, 334, 424, 332, -2, 2, 2.356194490192345, 2.8284271247461903
50, 138, 488, 165, 488, 167, 0, -2, -1.5707963267948966, 2.0
50, 140, 1193, 117, 1194, 114, -1, 3, 1.892546881191539, 3.1622776601683795
50, 142, 1063, 454, 1061, 451, 2, 3, 0.982793723247329, 3.605551275463989
50, 145, 1193, 153, 1194, 150, -1, 3, 1.892546881191539, 3.1622776601683795
50, 146, 144, 670, 142, 668, 2, 2, 0.7853981633974483, 2.8284271247461903
50, 148, 1047, 417, 1046, 414, 1, 3, 1.2490457723982544, 3.1622776601683795
50, 149, 1070, 338, 1068, 335, 2, 3, 0.982793723247329, 3.605551275463989
50, 150, 511, 214, 511, 218, 0, -4, -1.5707963267948966, 4.0
50, 151, 391, 297, 391, 295, 0, 2, 1.5707963267948966, 2.0
50, 152, 1203, 351, 1207, 355, -4, -4, -2.356194490192345, 5.656854249492381
50, 155, 1261, 165, 1270, 164, -9, 1, 3.0309354324158977, 9.055385138137417
50, 156, 82, 606, 81, 605, 1, 1, 0.7853981633974483, 1.4142135623730951
50, 157, 826, 498, 831, 498, -5, 0, 3.141592653589793, 5.0
50, 158, 1164, 212, 1163, 210, 1, 2, 1.1071487177940904, 2.23606797749979
51, 0, 1176, 405, 1178, 407, -2, -2, -2.356194490192345, 2.8284271247461903
51, 1, 791, 48, 792, 51, -1, -3, -1.892546881191539, 3.1622776601683795
51, 4, 810, 38, 811, 40, -1, -2, -2.0344439357957027, 2.23606797749979
51, 7, 802, 30, 803, 32, -1, -2, -2.0344439357957027, 2.23606797749979
51, 8, 1172, 379, 1175, 382, -3, -3, -2.356194490192345, 4.242640687119285
51, 9, 142, 428, 144, 425, -2, 3, 2.158798930342464, 3.605551275463989
51, 10, 805, 291, 806, 295, -1, -4, -1.8157749899217608, 4.123105625617661
51, 11, 1186, 350, 1189, 353, -3, -3, -2.356194490192345, 4.242640687119285
51, 12, 847, 545, 851, 546, -4, -1, -2.896613990462929, 4.123105625617661
51, 13, 718, 660, 719, 665, -1, -5, -1.7681918866447774, 5.0990195135927845
51, 15, 1184, 336, 1187, 339, -3, -3, -2.356194490192345, 4.242640687119285
51, 16, 488, 89, 488, 92, 0, -3, -1.5707963267948966, 3.0
51, 18, 514, 199, 514, 203, 0, -4, -1.5707963267948966, 4.0
51, 19, 819, 55, 820, 57, -1, -2, -2.0344439357957027, 2.23606797749979
51, 20, 477, 89, 477, 92, 0, -3, -1.5707963267948966, 3.0
51, 21, 1259, 134, 1260, 132, -1, 2, 2.0344439357957027, 2.23606797749979
51, 22, 532, 237, 532, 240, 0, -3, -1.5707963267948966, 3.0
51, 24, 1203, 375, 1206, 379, -3, -4, -2.214297435588181, 5.0
51, 27, 815, 80, 816, 82, -1, -2, -2.0344439357957027, 2.23606797749979
51, 28, 1073, 350, 1071, 347, 2, 3, 0.982793723247329, 3.605551275463989
51, 30, 1191, 176, 1191, 174, 0, 2, 1.5707963267948966, 2.0
51, 31, 615, 13, 616, 12, -1, 1, 2.356194490192345, 1.4142135623730951
51, 33, 753, 466, 755, 471, -2, -5, -1.9513027039072615, 5.385164807134504
51, 34, 482, 299, 481, 303, 1, -4, -1.3258176636680326, 4.123105625617661
51, 35, 629, 180, 630, 178, -1, 2, 2.0344439357957027, 2.23606797749979
51, 39, 837, 508, 842, 507, -5, 1, 2.9441970937399127, 5.0990195135927845
51, 40, 735, 661, 737, 666, -2, -5, -1.9513027039072615, 5.385164807134504
51, 41, 33, 97, 29, 98, 4, -1, -0.24497866312686414, 4.123105625617661
51, 42, 1156, 421, 1160, 426, -4, -5, -2.2455372690184494, 6.4031242374328485
51, 43, 481, 79, 481, 82, 0, -3, -1.5707963267948966, 3.0
51, 44, 1176, 432, 1178, 433, -2, -1, -2.677945044588987, 2.23606797749979
51, 46, 808, 538, 812, 538, -4, 0, 3.141592653589793, 4.0
51, 47, 638, 266, 639, 265, -1, 1, 2.356194490192345, 1.4142135623730951
51, 49, 505, 237, 505, 241, 0, -4, -1.5707963267948966, 4.0
51, 50, 835, 497, 840, 497, -5, 0, 3.141592653589793, 5.0
51, 51, 1071, 392, 1069, 390, 2, 2, 0.7853981633974483, 2.8284271247461903
51, 52, 466, 300, 466, 304, 0, -4, -1.5707963267948966, 4.0
51, 53, 820, 572, 824, 571, -4, 1, 2.896613990462929, 4.123105625617661
51, 54, 21, 50, 17, 52, 4, -2, -0.4636476090008061, 4.47213595499958
51, 57, 1048, 407, 1046, 405, 2, 2, 0.7853981633974483, 2.8284271247461903
51, 60, 1038, 488, 1037, 484, 1, 4, 1.3258176636680326, 4.123105625617661
51, 61, 802, 39, 803, 41, -1, -2, -2.0344439357957027, 2.23606797749979
51, 62, 901, 12, 903, 12, -2, 0, 3.141592653589793, 2.0
51, 63, 634, 23, 634, 25, 0, -2, -1.5707963267948966, 2.0
51, 74, 389, 190, 390, 189, -1, 1, 2.356194490192345, 1.4142135623730951
51, 77, 720, 500, 721, 503, -1, -3, -1.892546881191539, 3.1622776601683795
51, 78, 397, 258, 397, 255, 0, 3, 1.5707963267948966, 3.0
51, 81, 785, 243, 786, 247, -1, -4, -1.8157749899217608, 4.123105625617661
51, 84, 816, 44, 817, 46, -1, -2, -2.0344439357957027, 2.23606797749979
51, 85, 629, 264, 630, 262, -1, 2, 2.0344439357957027, 2.23606797749979
51, 88, 912, 62, 914, 60, -2, 2, 2.356194490192345, 2.8284271247461903
51, 91, 917, 48, 919, 48, -2, 0, 3.141592653589793, 2.0
51, 92, 1160, 234, 1159, 231, 1, 3, 1.2490457723982544, 3.1622776601683795
51, 93, 477, 284, 476, 289, 1, -5, -1.373400766945016, 5.0990195135927845
51, 95, 645, 24, 644, 25, 1, -1, -0.7853981633974483, 1.4142135623730951
51, 97, 1032, 382, 1031, 379, 1, 3, 1.2490457723982544, 3.1622776601683795
51, 98, 782, 290, 782, 294, 0, -4, -1.5707963267948966, 4.0
51, 102, 50, 107, 49, 108, 1, -1, -0.7853981633974483, 1.4142135623730951
51, 104, 1180, 356, 1183, 359, -3, -3, -2.356194490192345, 4.242640687119285
51, 105, 777, 281, 777, 286, 0, -5, -1.5707963267948966, 5.0
51, 106, 138, 474, 142, 472, -4, 2, 2.677945044588987, 4.47213595499958
51, 108, 91, 599, 90, 597, 1, 2, 1.1071487177940904, 2.23606797749979
51, 109, 416, 224, 417, 222, -1, 2, 2.0344439357957027, 2.23606797749979
51, 115, 164, 483, 166, 480, -2, 3, 2.158798930342464, 3.605551275463989
51, 116, 1206, 179, 1205, 176, 1, 3, 1.2490457723982544, 3.1622776601683795
51, 117, 18, 112, 16, 113, 2, -1, -0.4636476090008061, 2.23606797749979
51, 119, 160, 538, 160, 534, 0, 4, 1.5707963267948966, 4.0
51, 120, 517, 295, 518, 298, -1, -3, -1.892546881191539, 3.1622776601683795
51, 121, 20, 58, 16, 60, 4, -2, -0.4636476090008061, 4.47213595499958
51, 122, 1181, 256, 1181, 254, 0, 2, 1.5707963267948966, 2.0
51, 123, 1090, 513, 1089, 511, 1, 2, 1.1071487177940904, 2.23606797749979
51, 126, 670, 188, 671, 187, -1, 1, 2.356194490192345, 1.4142135623730951
51, 127, 143, 419, 146, 415, -3, 4, 2.214297435588181, 5.0
51, 131, 419, 336, 422, 334, -3, 2, 2.5535900500422257, 3.605551275463989
51, 134, 1192, 119, 1193, 117, -1, 2, 2.0344439357957027, 2.23606797749979
51, 135, 1065, 457, 1063, 454, 2, 3, 0.982793723247329, 3.605551275463989
51, 137, 1192, 156, 1193, 153, -1, 3, 1.892546881191539, 3.1622776601683795
51, 138, 145, 671, 144, 670, 1, 1, 0.7853981633974483, 1.4142135623730951
51, 140, 1049, 420, 1047, 417, 2, 3, 0.982793723247329, 3.605551275463989
51, 141, 1072, 341, 1070, 338, 2, 3, 0.982793723247329, 3.605551275463989
51, 142, 511, 210, 511, 214, 0, -4, -1.5707963267948966, 4.0
51, 143, 391, 299, 391, 297, 0, 2, 1.5707963267948966, 2.0
51, 144, 1199, 347, 1203, 351, -4, -4, -2.356194490192345, 5.656854249492381
51, 148, 83, 608, 82, 606, 1, 2, 1.1071487177940904, 2.23606797749979
51, 149, 821, 497, 826, 498, -5, -1, -2.9441970937399127, 5.0990195135927845
51, 150, 1165, 215, 1164, 212, 1, 3, 1.2490457723982544, 3.1622776601683795
52, 0, 1173, 401, 1176, 405, -3, -4, -2.214297435588181, 5.0
52, 1, 789, 44, 791, 48, -2, -4, -2.0344439357957027, 4.47213595499958
52, 4, 808, 34, 810, 38, -2, -4, -2.0344439357957027, 4.47213595499958
52, 7, 800, 26, 802, 30, -2, -4, -2.0344439357957027, 4.47213595499958
52, 8, 1168, 378, 1172, 379, -4, -1, -2.896613990462929, 4.123105625617661
52, 9, 140, 430, 142, 428, -2, 2, 2.356194490192345, 2.8284271247461903
52, 10, 804, 288, 805, 291, -1, -3, -1.892546881191539, 3.1622776601683795
52, 11, 1183, 348, 1186, 350, -3, -2, -2.5535900500422257, 3.605551275463989
52, 12, 842, 543, 847, 545, -5, -2, -2.761086276477428, 5.385164807134504
52, 13, 718, 655, 718, 660, 0, -5, -1.5707963267948966, 5.0
52, 15, 1180, 333, 1184, 336, -4, -3, -2.498091544796509, 5.0
52, 16, 488, 85, 488, 89, 0, -4, -1.5707963267948966, 4.0
52, 17, 756, 81, 754, 80, 2, 1, 0.4636476090008061, 2.23606797749979
52, 18, 514, 195, 514, 199, 0, -4, -1.5707963267948966, 4.0
52, 19, 817, 51, 819, 55, -2, -4, -2.0344439357957027, 4.47213595499958
52, 20, 477, 85, 477, 89, 0, -4, -1.5707963267948966, 4.0
52, 21, 1258, 137, 1259, 134, -1, 3, 1.892546881191539, 3.1622776601683795
52, 22, 533, 232, 532, 237, 1, -5, -1.373400766945016, 5.0990195135927845
52, 23, 758, 88, 757, 87, 1, 1, 0.7853981633974483, 1.4142135623730951
52, 24, 1199, 370, 1203, 375, -4, -5, -2.2455372690184494, 6.4031242374328485
52, 25, 591, 80, 590, 81, 1, -1, -0.7853981633974483, 1.4142135623730951
52, 26, 1160, 50, 1159, 46, 1, 4, 1.3258176636680326, 4.123105625617661
52, 27, 814, 75, 815, 80, -1, -5, -1.7681918866447774, 5.0990195135927845
52, 28, 1075, 352, 1073, 350, 2, 2, 0.7853981633974483, 2.8284271247461903
52, 30, 1193, 178, 1191, 176, 2, 2, 0.7853981633974483, 2.8284271247461903
52, 31, 615, 16, 615, 13, 0, 3, 1.5707963267948966, 3.0
52, 32, 591, 50, 590, 51, 1, -1, -0.7853981633974483, 1.4142135623730951
52, 33, 751, 462, 753, 466, -2, -4, -2.0344439357957027, 4.47213595499958
52, 34, 483, 295, 482, 299, 1, -4, -1.3258176636680326, 4.123105625617661
52, 35, 627, 184, 629, 180, -2, 4, 2.0344439357957027, 4.47213595499958
52, 36, 630, 48, 630, 50, 0, -2, -1.5707963267948966, 2.0
52, 39, 833, 510, 837, 508, -4, 2, 2.677945044588987, 4.47213595499958
52, 40, 735, 658, 735, 661, 0, -3, -1.5707963267948966, 3.0
52, 41, 36, 97, 33, 97, 3, 0, 0.0, 3.0
52, 42, 1153, 415, 1156, 421, -3, -6, -2.0344439357957027, 6.708203932499369
52, 43, 481, 75, 481, 79, 0, -4, -1.5707963267948966, 4.0
52, 44, 1174, 431, 1176, 432, -2, -1, -2.677945044588987, 2.23606797749979
52, 46, 805, 537, 808, 538, -3, -1, -2.819842099193151, 3.1622776601683795
52, 48, 1125, 27, 1122, 26, 3, 1, 0.3217505543966422, 3.1622776601683795
52, 49, 506, 232, 505, 237, 1, -5, -1.373400766945016, 5.0990195135927845
52, 50, 830, 497, 835, 497, -5, 0, 3.141592653589793, 5.0
52, 51, 1074, 394, 1071, 392, 3, 2, 0.5880026035475675, 3.605551275463989
52, 52, 465, 296, 466, 300, -1, -4, -1.8157749899217608, 4.123105625617661
52, 53, 817, 572, 820, 572, -3, 0, 3.141592653589793, 3.0
52, 54, 25, 48, 21, 50, 4, -2, -0.4636476090008061, 4.47213595499958
52, 56, 1051, 409, 1048, 407, 3, 2, 0.5880026035475675, 3.605551275463989
52, 58, 1038, 436, 1038, 438, 0, -2, -1.5707963267948966, 2.0
52, 59, 1039, 491, 1038, 488, 1, 3, 1.2490457723982544, 3.1622776601683795
52, 60, 800, 35, 802, 39, -2, -4, -2.0344439357957027, 4.47213595499958
52, 61, 898, 12, 901, 12, -3, 0, 3.141592653589793, 3.0
52, 62, 635, 21, 634, 23, 1, -2, -1.1071487177940904, 2.23606797749979
52, 63, 1161, 57, 1160, 53, 1, 4, 1.3258176636680326, 4.123105625617661
52, 65, 428, 288, 427, 286, 1, 2, 1.1071487177940904, 2.23606797749979
52, 69, 574, 60, 573, 61, 1, -1, -0.7853981633974483, 1.4142135623730951
52, 72, 388, 192, 389, 190, -1, 2, 2.0344439357957027, 2.23606797749979
52, 75, 719, 498, 720, 500, -1, -2, -2.0344439357957027, 2.23606797749979
52, 76, 398, 262, 397, 258, 1, 4, 1.3258176636680326, 4.123105625617661
52, 78, 746, 87, 745, 86, 1, 1, 0.7853981633974483, 1.4142135623730951
52, 79, 784, 238, 785, 243, -1, -5, -1.7681918866447774, 5.0990195135927845
52, 82, 814, 39, 816, 44, -2, -5, -1.9513027039072615, 5.385164807134504
52, 84, 1152, 88, 1152, 85, 0, 3, 1.5707963267948966, 3.0
52, 86, 911, 63, 912, 62, -1, 1, 2.356194490192345, 1.4142135623730951
52, 87, 1091, 68, 1088, 68, 3, 0, 0.0, 3.0
52, 88, 901, 22, 904, 22, -3, 0, 3.141592653589793, 3.0
52, 89, 915, 47, 917, 48, -2, -1, -2.677945044588987, 2.23606797749979
52, 90, 1161, 236, 1160, 234, 1, 2, 1.1071487177940904, 2.23606797749979
52, 91, 477, 278, 477, 284, 0, -6, -1.5707963267948966, 6.0
52, 93, 646, 22, 645, 24, 1, -2, -1.1071487177940904, 2.23606797749979
52, 96, 782, 284, 782, 290, 0, -6, -1.5707963267948966, 6.0
52, 99, 743, 138, 743, 136, 0, 2, 1.5707963267948966, 2.0
52, 100, 51, 106, 50, 107, 1, -1, -0.7853981633974483, 1.4142135623730951
52, 102, 1177, 354, 1180, 356, -3, -2, -2.5535900500422257, 3.605551275463989
52, 103, 777, 274, 777, 281, 0, -7, -1.5707963267948966, 7.0
52, 104, 134, 477, 138, 474, -4, 3, 2.498091544796509, 5.0
52, 106, 94, 601, 91, 599, 3, 2, 0.5880026035475675, 3.605551275463989
52, 107, 415, 227, 416, 224, -1, 3, 1.892546881191539, 3.1622776601683795
52, 108, 1236, 201, 1234, 199, 2, 2, 0.7853981633974483, 2.8284271247461903
52, 109, 646, 17, 645, 18, 1, -1, -0.7853981633974483, 1.4142135623730951
52, 112, 163, 485, 164, 483, -1, 2, 2.0344439357957027, 2.23606797749979
52, 113, 1208, 182, 1206, 179, 2, 3, 0.982793723247329, 3.605551275463989
52, 114, 21, 113, 18, 112, 3, 1, 0.3217505543966422, 3.1622776601683795
52, 116, 159, 542, 160, 538, -1, 4, 1.8157749899217608, 4.123105625617661
52, 117, 516, 291, 517, 295, -1, -4, -1.8157749899217608, 4.123105625617661
52, 118, 23, 57, 20, 58, 3, -1, -0.3217505543966422, 3.1622776601683795
52, 120, 1091, 514, 1090, 513, 1, 1, 0.7853981633974483, 1.4142135623730951
52, 123, 669, 190, 670, 188, -1, 2, 2.0344439357957027, 2.23606797749979
52, 124, 140, 421, 143, 419, -3, 2, 2.5535900500422257, 3.605551275463989
52, 125, 1261, 159, 1261, 157, 0, 2, 1.5707963267948966, 2.0
52, 127, 632, 39, 632, 41, 0, -2, -1.5707963267948966, 2.0
52, 128, 416, 337, 419, 336, -3, 1, 2.819842099193151, 3.1622776601683795
52, 131, 1192, 121, 1192, 119, 0, 2, 1.5707963267948966, 2.0
52, 132, 1068, 458, 1065, 457, 3, 1, 0.3217505543966422, 3.1622776601683795
52, 134, 1193, 159, 1192, 156, 1, 3, 1.2490457723982544, 3.1622776601683795
52, 135, 147, 674, 145, 671, 2, 3, 0.982793723247329, 3.605551275463989
52, 136, 1051, 423, 1049, 420, 2, 3, 0.982793723247329, 3.605551275463989
52, 137, 1074, 344, 1072, 341, 2, 3, 0.982793723247329, 3.605551275463989
52, 138, 511, 206, 511, 210, 0, -4, -1.5707963267948966, 4.0
52, 139, 392, 304, 391, 299, 1, 5, 1.373400766945016, 5.0990195135927845
52, 140, 1194, 344, 1199, 347, -5, -3, -2.601173153319209, 5.830951894845301
52, 143, 1261, 168, 1261, 166, 0, 2, 1.5707963267948966, 2.0
52, 144, 86, 609, 83, 608, 3, 1, 0.3217505543966422, 3.1622776601683795
52, 145, 816, 496, 821, 497, -5, -1, -2.9441970937399127, 5.0990195135927845
52, 146, 1166, 217, 1165, 215, 1, 2, 1.1071487177940904, 2.23606797749979
53, 0, 1170, 397, 1173, 401, -3, -4, -2.214297435588181, 5.0
53, 1, 788, 42, 789, 44, -1, -2, -2.0344439357957027, 2.23606797749979
53, 4, 807, 31, 808, 34, -1, -3, -1.892546881191539, 3.1622776601683795
53, 7, 799, 24, 800, 26, -1, -2, -2.0344439357957027, 2.23606797749979
53, 8, 1164, 375, 1168, 378, -4, -3, -2.498091544796509, 5.0
53, 9, 137, 434, 140, 430, -3, 4, 2.214297435588181, 5.0
53, 10, 803, 284, 804, 288, -1, -4, -1.8157749899217608, 4.123105625617661
53, 11, 1180, 346, 1183, 348, -3, -2, -2.5535900500422257, 3.605551275463989
53, 12, 837, 541, 842, 543, -5, -2, -2.761086276477428, 5.385164807134504
53, 13, 717, 650, 718, 655, -1, -5, -1.7681918866447774, 5.0990195135927845
53, 15, 1176, 330, 1180, 333, -4, -3, -2.498091544796509, 5.0
53, 16, 488, 83, 488, 85, 0, -2, -1.5707963267948966, 2.0
53, 18, 513, 190, 514, 195, -1, -5, -1.7681918866447774, 5.0990195135927845
53, 19, 816, 48, 817, 51, -1, -3, -1.892546881191539, 3.1622776601683795
53, 20, 477, 83, 477, 85, 0, -2, -1.5707963267948966, 2.0
53, 21, 1257, 139, 1258, 137, -1, 2, 2.0344439357957027, 2.23606797749979
53, 22, 533, 227, 533, 232, 0, -5, -1.5707963267948966, 5.0
53, 24, 1195, 366, 1199, 370, -4, -4, -2.356194490192345, 5.656854249492381
53, 26, 1161, 52, 1160, 50, 1, 2, 1.1071487177940904, 2.23606797749979
53, 27, 813, 72, 814, 75, -1, -3, -1.892546881191539, 3.1622776601683795
53, 28, 1076, 355, 1075, 352, 1, 3, 1.2490457723982544, 3.1622776601683795
53, 30, 1195, 181, 1193, 178, 2, 3, 0.982793723247329, 3.605551275463989
53, 33, 749, 458, 751, 462, -2, -4, -2.0344439357957027, 4.47213595499958
53, 34, 483, 291, 483, 295, 0, -4, -1.5707963267948966, 4.0
53, 35, 626, 187, 627, 184, -1, 3, 1.892546881191539, 3.1622776601683795
53, 39, 829, 511, 833, 510, -4, 1, 2.896613990462929, 4.123105625617661
53, 40, 733, 653, 735, 658, -2, -5, -1.9513027039072615, 5.385164807134504
53, 41, 38, 98, 36, 97, 2, 1, 0.4636476090008061, 2.23606797749979
53, 42, 1151, 411, 1153, 415, -2, -4, -2.0344439357957027, 4.47213595499958
53, 45, 801, 538, 805, 537, -4, 1, 2.896613990462929, 4.123105625617661
53, 46, 1126, 26, 1125, 27, 1, -1, -0.7853981633974483, 1.4142135623730951
53, 47, 506, 228, 506, 232, 0, -4, -1.5707963267948966, 4.0
53, 48, 825, 496, 830, 497, -5, -1, -2.9441970937399127, 5.0990195135927845
53, 49, 1076, 397, 1074, 394, 2, 3, 0.982793723247329, 3.605551275463989
53, 50, 464, 292, 465, 296, -1, -4, -1.8157749899217608, 4.123105625617661
53, 51, 815, 574, 817, 572, -2, 2, 2.356194490192345, 2.8284271247461903
53, 52, 28, 46, 25, 48, 3, -2, -0.5880026035475675, 3.605551275463989
53, 54, 1051, 413, 1051, 409, 0, 4, 1.5707963267948966, 4.0
53, 57, 1041, 494, 1039, 491, 2, 3, 0.982793723247329, 3.605551275463989
53, 58, 799, 32, 800, 35, -1, -3, -1.892546881191539, 3.1622776601683795
53, 59, 635, 19, 635, 21, 0, -2, -1.5707963267948966, 2.0
53, 60, 1161, 59, 1161, 57, 0, 2, 1.5707963267948966, 2.0
53, 62, 429, 290, 428, 288, 1, 2, 1.1071487177940904, 2.23606797749979
53, 72, 718, 493, 719, 498, -1, -5, -1.7681918866447774, 5.0990195135927845
53, 73, 398, 264, 398, 262, 0, 2, 1.5707963267948966, 2.0
53, 76, 783, 234, 784, 238, -1, -4, -1.8157749899217608, 4.123105625617661
53, 79, 813, 36, 814, 39, -1, -3, -1.892546881191539, 3.1622776601683795
53, 82, 909, 63, 911, 63, -2, 0, 3.141592653589793, 2.0
53, 83, 1092, 69, 1091, 68, 1, 1, 0.7853981633974483, 1.4142135623730951
53, 86, 1163, 239, 1161, 236, 2, 3, 0.982793723247329, 3.605551275463989
53, 87, 476, 273, 477, 278, -1, -5, -1.7681918866447774, 5.0990195135927845
53, 89, 647, 20, 646, 22, 1, -2, -1.1071487177940904, 2.23606797749979
53, 91, 1033, 385, 1032, 383, 1, 2, 1.1071487177940904, 2.23606797749979
53, 92, 781, 281, 782, 284, -1, -3, -1.892546881191539, 3.1622776601683795
53, 95, 743, 140, 743, 138, 0, 2, 1.5707963267948966, 2.0
53, 98, 1174, 352, 1177, 354, -3, -2, -2.5535900500422257, 3.605551275463989
53, 99, 776, 270, 777, 274, -1, -4, -1.8157749899217608, 4.123105625617661
53, 100, 130, 480, 134, 477, -4, 3, 2.498091544796509, 5.0
53, 102, 96, 603, 94, 601, 2, 2, 0.7853981633974483, 2.8284271247461903
53, 104, 1236, 203, 1236, 201, 0, 2, 1.5707963267948966, 2.0
53, 105, 647, 15, 646, 17, 1, -2, -1.1071487177940904, 2.23606797749979
53, 107, 160, 487, 163, 485, -3, 2, 2.5535900500422257, 3.605551275463989
53, 108, 1209, 185, 1208, 182, 1, 3, 1.2490457723982544, 3.1622776601683795
53, 109, 22, 114, 21, 113, 1, 1, 0.7853981633974483, 1.4142135623730951
53, 112, 515, 287, 516, 291, -1, -4, -1.8157749899217608, 4.123105625617661
53, 113, 26, 55, 23, 57, 3, -2, -0.5880026035475675, 3.605551275463989
53, 115, 1092, 517, 1091, 514, 1, 3, 1.2490457723982544, 3.1622776601683795
53, 119, 137, 425, 140, 421, -3, 4, 2.214297435588181, 5.0
53, 123, 415, 338, 416, 337, -1, 1, 2.356194490192345, 1.4142135623730951
53, 124, 488, 161, 488, 163, 0, -2, -1.5707963267948966, 2.0
53, 127, 1070, 461, 1068, 458, 2, 3, 0.982793723247329, 3.605551275463989
53, 128, 1194, 160, 1193, 159, 1, 1, 0.7853981633974483, 1.4142135623730951
53, 129, 148, 676, 147, 674, 1, 2, 1.1071487177940904, 2.23606797749979
53, 130, 1051, 425, 1051, 423, 0, 2, 1.5707963267948966, 2.0
53, 131, 1075, 347, 1074, 344, 1, 3, 1.2490457723982544, 3.1622776601683795
53, 132, 510, 201, 511, 206, -1, -5, -1.7681918866447774, 5.0990195135927845
53, 133, 392, 307, 392, 304, 0, 3, 1.5707963267948966, 3.0
53, 134, 1190, 341, 1194, 344, -4, -3, -2.498091544796509, 5.0
53, 135, 188, 22, 190, 22, -2, 0, 3.141592653589793, 2.0
53, 138, 88, 611, 86, 609, 2, 2, 0.7853981633974483, 2.8284271247461903
53, 139, 811, 495, 816, 496, -5, -1, -2.9441970937399127, 5.0990195135927845
53, 140, 1167, 219, 1166, 217, 1, 2, 1.1071487177940904, 2.23606797749979
54, 0, 1166, 394, 1170, 397, -4, -3, -2.498091544796509, 5.0
54, 1, 787, 40, 788, 42, -1, -2, -2.0344439357957027, 2.23606797749979
54, 4, 806, 28, 807, 31, -1, -3, -1.892546881191539, 3.1622776601683795
54, 6, 798, 21, 799, 24, -1, -3, -1.892546881191539, 3.1622776601683795
54, 7, 1160, 373, 1164, 375, -4, -2, -2.677945044588987, 4.47213595499958
54, 8, 134, 437, 137, 434, -3, 3, 2.356194490192345, 4.242640687119285
54, 9, 803, 280, 803, 284, 0, -4, -1.5707963267948966, 4.0
54, 10, 1177, 344, 1180, 346, -3, -2, -2.5535900500422257, 3.605551275463989
54, 11, 833, 540, 837, 541, -4, -1, -2.896613990462929, 4.123105625617661
54, 12, 716, 645, 717, 650, -1, -5, -1.7681918866447774, 5.0990195135927845
54, 13, 1172, 327, 1176, 330, -4, -3, -2.498091544796509, 5.0
54, 14, 488, 81, 488, 83, 0, -2, -1.5707963267948966, 2.0
54, 16, 512, 186, 513, 190, -1, -4, -1.8157749899217608, 4.123105625617661
54, 17, 815, 45, 816, 48, -1, -3, -1.892546881191539, 3.1622776601683795
54, 18, 477, 81, 477, 83, 0, -2, -1.5707963267948966, 2.0
54, 20, 533, 222, 533, 227, 0, -5, -1.5707963267948966, 5.0
54, 22, 1191, 362, 1195, 366, -4, -4, -2.356194490192345, 5.656854249492381
54, 25, 812, 69, 813, 72, -1, -3, -1.892546881191539, 3.1622776601683795
54, 26, 1077, 358, 1076, 355, 1, 3, 1.2490457723982544, 3.1622776601683795
54, 27, 1196, 184, 1195, 181, 1, 3, 1.2490457723982544, 3.1622776601683795
54, 30, 748, 453, 749, 458, -1, -5, -1.7681918866447774, 5.0990195135927845
54, 31, 483, 287, 483, 291, 0, -4, -1.5707963267948966, 4.0
54, 32, 624, 190, 626, 187, -2, 3, 2.158798930342464, 3.605551275463989
54, 35, 825, 511, 829, 511, -4, 0, 3.141592653589793, 4.0
54, 36, 730, 648, 733, 653, -3, -5, -2.1112158270654806, 5.830951894845301
54, 37, 40, 99, 38, 98, 2, 1, 0.4636476090008061, 2.23606797749979
54, 38, 481, 72, 481, 74, 0, -2, -1.5707963267948966, 2.0
54, 40, 797, 539, 801, 538, -4, 1, 2.896613990462929, 4.123105625617661
54, 42, 505, 224, 506, 228, -1, -4, -1.8157749899217608, 4.123105625617661
54, 43, 820, 496, 825, 496, -5, 0, 3.141592653589793, 5.0
54, 44, 1078, 401, 1076, 397, 2, 4, 1.1071487177940904, 4.47213595499958
54, 45, 463, 287, 464, 292, -1, -5, -1.7681918866447774, 5.0990195135927845
54, 46, 814, 576, 815, 574, -1, 2, 2.0344439357957027, 2.23606797749979
54, 47, 32, 44, 28, 46, 4, -2, -0.4636476090008061, 4.47213595499958
54, 49, 1052, 416, 1051, 413, 1, 3, 1.2490457723982544, 3.1622776601683795
54, 51, 1043, 497, 1041, 494, 2, 3, 0.982793723247329, 3.605551275463989
54, 52, 798, 29, 799, 32, -1, -3, -1.892546881191539, 3.1622776601683795
54, 53, 636, 17, 635, 19, 1, -2, -1.1071487177940904, 2.23606797749979
54, 56, 430, 293, 429, 290, 1, 3, 1.2490457723982544, 3.1622776601683795
54, 65, 717, 489, 718, 493, -1, -4, -1.8157749899217608, 4.123105625617661
54, 69, 783, 230, 783, 234, 0, -4, -1.5707963267948966, 4.0
54, 72, 812, 33, 813, 36, -1, -3, -1.892546881191539, 3.1622776601683795
54, 75, 907, 62, 909, 63, -2, -1, -2.677945044588987, 2.23606797749979
54, 76, 1093, 70, 1092, 69, 1, 1, 0.7853981633974483, 1.4142135623730951
54, 79, 1165, 241, 1163, 239, 2, 2, 0.7853981633974483, 2.8284271247461903
54, 80, 475, 268, 476, 273, -1, -5, -1.7681918866447774, 5.0990195135927845
54, 81, 1112, 93, 1111, 92, 1, 1, 0.7853981633974483, 1.4142135623730951
54, 82, 648, 19, 647, 20, 1, -1, -0.7853981633974483, 1.4142135623730951
54, 84, 1034, 387, 1033, 385, 1, 2, 1.1071487177940904, 2.23606797749979
54, 85, 781, 277, 781, 281, 0, -4, -1.5707963267948966, 4.0
54, 86, 743, 142, 743, 140, 0, 2, 1.5707963267948966, 2.0
54, 89, 1171, 350, 1174, 352, -3, -2, -2.5535900500422257, 3.605551275463989
54, 90, 776, 266, 776, 270, 0, -4, -1.5707963267948966, 4.0
54, 91, 126, 483, 130, 480, -4, 3, 2.498091544796509, 5.0
54, 92, 659, 21, 658, 22, 1, -1, -0.7853981633974483, 1.4142135623730951
54, 93, 98, 605, 96, 603, 2, 2, 0.7853981633974483, 2.8284271247461903
54, 95, 1236, 205, 1236, 203, 0, 2, 1.5707963267948966, 2.0
54, 98, 159, 491, 160, 487, -1, 4, 1.8157749899217608, 4.123105625617661
54, 99, 1211, 188, 1209, 185, 2, 3, 0.982793723247329, 3.605551275463989
54, 102, 514, 283, 515, 287, -1, -4, -1.8157749899217608, 4.123105625617661
54, 103, 30, 53, 26, 55, 4, -2, -0.4636476090008061, 4.47213595499958
54, 105, 1094, 521, 1092, 517, 2, 4, 1.1071487177940904, 4.47213595499958
54, 109, 133, 428, 137, 425, -4, 3, 2.498091544796509, 5.0
54, 110, 1261, 162, 1261, 160, 0, 2, 1.5707963267948966, 2.0
54, 114, 488, 159, 488, 161, 0, -2, -1.5707963267948966, 2.0
54, 117, 1071, 465, 1070, 461, 1, 4, 1.3258176636680326, 4.123105625617661
54, 119, 148, 678, 148, 676, 0, 2, 1.5707963267948966, 2.0
54, 121, 1077, 350, 1075, 347, 2, 3, 0.982793723247329, 3.605551275463989
54, 122, 509, 197, 510, 201, -1, -4, -1.8157749899217608, 4.123105625617661
54, 123, 392, 309, 392, 307, 0, 2, 1.5707963267948966, 2.0
54, 124, 1186, 337, 1190, 341, -4, -4, -2.356194490192345, 5.656854249492381
54, 126, 1261, 171, 1261, 169, 0, 2, 1.5707963267948966, 2.0
54, 127, 90, 613, 88, 611, 2, 2, 0.7853981633974483, 2.8284271247461903
54, 128, 806, 494, 811, 495, -5, -1, -2.9441970937399127, 5.0990195135927845
54, 129, 1168, 222, 1167, 219, 1, 3, 1.2490457723982544, 3.1622776601683795
55, 2, 180, 488, 181, 485, -1, 3, 1.892546881191539, 3.1622776601683795
55, 3, 789, 46, 790, 48, -1, -2, -2.0344439357957027, 2.23606797749979
55, 4, 1172, 397, 1176, 400, -4, -3, -2.498091544796509, 5.0
55, 5, 808, 33, 809, 36, -1, -3, -1.892546881191539, 3.1622776601683795
55, 6, 1176, 329, 1179, 333, -3, -4, -2.214297435588181, 5.0
55, 8, 644, 12, 644, 14, 0, -2, -1.5707963267948966, 2.0
55, 9, 719, 698, 721, 703, -2, -5, -1.9513027039072615, 5.385164807134504
55, 10, 1196, 369, 1200, 373, -4, -4, -2.356194490192345, 5.656854249492381
55, 11, 801, 25, 802, 28, -1, -3, -1.892546881191539, 3.1622776601683795
55, 13, 730, 641, 733, 646, -3, -5, -2.1112158270654806, 5.830951894845301
55, 15, 751, 517, 753, 521, -2, -4, -2.0344439357957027, 4.47213595499958
55, 16, 1047, 360, 1046, 357, 1, 3, 1.2490457723982544, 3.1622776601683795
55, 17, 1052, 410, 1050, 407, 2, 3, 0.982793723247329, 3.605551275463989
55, 18, 514, 192, 515, 196, -1, -4, -1.8157749899217608, 4.123105625617661
55, 19, 1198, 183, 1196, 181, 2, 2, 0.7853981633974483, 2.8284271247461903
55, 20, 490, 89, 490, 91, 0, -2, -1.5707963267948966, 2.0
55, 21, 1150, 405, 1152, 406, -2, -1, -2.677945044588987, 2.23606797749979
55, 22, 483, 287, 483, 291, 0, -4, -1.5707963267948966, 4.0
55, 23, 711, 644, 713, 649, -2, -5, -1.9513027039072615, 5.385164807134504
55, 24, 1163, 374, 1167, 377, -4, -3, -2.498091544796509, 5.0
55, 25, 1075, 403, 1073, 399, 2, 4, 1.1071487177940904, 4.47213595499958
55, 27, 533, 227, 533, 232, 0, -5, -1.5707963267948966, 5.0
55, 28, 816, 55, 817, 58, -1, -3, -1.892546881191539, 3.1622776601683795
55, 30, 479, 88, 479, 90, 0, -2, -1.5707963267948966, 2.0
55, 31, 765, 505, 766, 509, -1, -4, -1.8157749899217608, 4.123105625617661
55, 33, 431, 295, 430, 291, 1, 4, 1.3258176636680326, 4.123105625617661
55, 36, 822, 496, 827, 496, -5, 0, 3.141592653589793, 5.0
55, 38, 798, 546, 802, 545, -4, 1, 2.896613990462929, 4.123105625617661
55, 39, 1163, 51, 1162, 50, 1, 1, 0.7853981633974483, 1.4142135623730951
55, 40, 752, 459, 753, 464, -1, -5, -1.7681918866447774, 5.0990195135927845
55, 41, 637, 20, 637, 22, 0, -2, -1.5707963267948966, 2.0
55, 42, 135, 438, 138, 435, -3, 3, 2.356194490192345, 4.242640687119285
55, 43, 1179, 345, 1182, 348, -3, -3, -2.356194490192345, 4.242640687119285
55, 44, 1067, 464, 1068, 460, -1, 4, 1.8157749899217608, 4.123105625617661
55, 47, 715, 478, 716, 482, -1, -4, -1.8157749899217608, 4.123105625617661
55, 48, 616, 224, 617, 222, -1, 2, 2.0344439357957027, 2.23606797749979
55, 49, 482, 78, 482, 80, 0, -2, -1.5707963267948966, 2.0
55, 51, 629, 188, 630, 185, -1, 3, 1.892546881191539, 3.1622776601683795
55, 52, 829, 47, 831, 48, -2, -1, -2.677945044588987, 2.23606797749979
55, 53, 1070, 544, 1067, 540, 3, 4, 0.9272952180016122, 5.0
55, 55, 1037, 394, 1036, 392, 1, 2, 1.1071487177940904, 2.23606797749979
55, 57, 181, 511, 183, 507, -2, 4, 2.0344439357957027, 4.47213595499958
55, 58, 815, 73, 816, 76, -1, -3, -1.892546881191539, 3.1622776601683795
55, 64, 1179, 432, 1180, 434, -1, -2, -2.0344439357957027, 2.23606797749979
55, 66, 98, 603, 95, 602, 3, 1, 0.3217505543966422, 3.1622776601683795
55, 67, 40, 104, 39, 103, 1, 1, 0.7853981633974483, 1.4142135623730951
55, 69, 466, 289, 467, 293, -1, -4, -1.8157749899217608, 4.123105625617661
55, 72, 801, 34, 802, 37, -1, -3, -1.892546881191539, 3.1622776601683795
55, 74, 838, 38, 840, 39, -2, -1, -2.677945044588987, 2.23606797749979
55, 75, 814, 38, 815, 41, -1, -3, -1.892546881191539, 3.1622776601683795
55, 78, 1044, 499, 1043, 495, 1, 4, 1.3258176636680326, 4.123105625617661
55, 80, 476, 274, 477, 279, -1, -5, -1.7681918866447774, 5.0990195135927845
55, 82, 1079, 364, 1077, 362, 2, 2, 0.7853981633974483, 2.8284271247461903
55, 86, 28, 47, 25, 49, 3, -2, -0.5880026035475675, 3.605551275463989
55, 91, 701, 692, 703, 692, -2, 0, 3.141592653589793, 2.0
55, 93, 1210, 223, 1208, 222, 2, 1, 0.4636476090008061, 2.23606797749979
55, 98, 506, 229, 507, 234, -1, -5, -1.7681918866447774, 5.0990195135927845
55, 99, 163, 502, 164, 498, -1, 4, 1.8157749899217608, 4.123105625617661
55, 101, 484, 380, 484, 382, 0, -2, -1.5707963267948966, 2.0
55, 104, 823, 506, 828, 506, -5, 0, 3.141592653589793, 5.0
55, 106, 494, 149, 495, 152, -1, -3, -1.892546881191539, 3.1622776601683795
55, 107, 837, 544, 839, 546, -2, -2, -2.356194490192345, 2.8284271247461903
55, 108, 1181, 214, 1180, 212, 1, 2, 1.1071487177940904, 2.23606797749979
55, 109, 805, 286, 806, 290, -1, -4, -1.8157749899217608, 4.123105625617661
55, 110, 32, 105, 29, 104, 3, 1, 0.3217505543966422, 3.1622776601683795
55, 113, 761, 499, 762, 502, -1, -3, -1.892546881191539, 3.1622776601683795
55, 114, 1235, 206, 1235, 203, 0, 3, 1.5707963267948966, 3.0
55, 115, 1192, 341, 1196, 345, -4, -4, -2.356194490192345, 5.656854249492381
55, 119, 137, 428, 140, 425, -3, 3, 2.356194490192345, 4.242640687119285
55, 120, 647, 21, 647, 23, 0, -2, -1.5707963267948966, 2.0
55, 124, 842, 581, 845, 581, -3, 0, 3.141592653589793, 3.0
55, 126, 511, 203, 512, 207, -1, -4, -1.8157749899217608, 4.123105625617661
55, 127, 1257, 176, 1256, 173, 1, 3, 1.2490457723982544, 3.1622776601683795
55, 128, 678, 214, 678, 212, 0, 2, 1.5707963267948966, 2.0
55, 129, 1079, 355, 1077, 352, 2, 3, 0.982793723247329, 3.605551275463989
55, 131, 725, 494, 726, 498, -1, -4, -1.8157749899217608, 4.123105625617661
55, 134, 789, 236, 789, 240, 0, -4, -1.5707963267948966, 4.0
55, 135, 778, 284, 778, 286, 0, -2, -1.5707963267948966, 2.0
55, 138, 1108, 94, 1106, 93, 2, 1, 0.4636476090008061, 2.23606797749979
55, 139, 1161, 81, 1161, 79, 0, 2, 1.5707963267948966, 2.0
55, 142, 28, 57, 25, 59, 3, -2, -0.5880026035475675, 3.605551275463989
55, 148, 1145, 132, 1146, 130, -1, 2, 2.0344439357957027, 2.23606797749979
55, 151, 149, 635, 147, 632, 2, 3, 0.982793723247329, 3.605551275463989
55, 152, 526, 279, 527, 281, -1, -2, -2.0344439357957027, 2.23606797749979
55, 153, 1188, 428, 1190, 431, -2, -3, -2.158798930342464, 3.605551275463989
55, 154, 727, 622, 729, 627, -2, -5, -1.9513027039072615, 5.385164807134504
55, 155, 650, 232, 651, 230, -1, 2, 2.0344439357957027, 2.23606797749979
55, 156, 1261, 139, 1264, 139, -3, 0, 3.141592653589793, 3.0
55, 157, 807, 503, 812, 504, -5, -1, -2.9441970937399127, 5.0990195135927845
55, 159, 394, 307, 394, 304, 0, 3, 1.5707963267948966, 3.0
55, 160, 155, 697, 157, 694, -2, 3, 2.158798930342464, 3.605551275463989
55, 162, 1211, 186, 1209, 184, 2, 2, 0.7853981633974483, 2.8284271247461903
56, 1, 178, 490, 180, 488, -2, 2, 2.356194490192345, 2.8284271247461903
56, 2, 788, 44, 789, 46, -1, -2, -2.0344439357957027, 2.23606797749979
56, 3, 1169, 393, 1172, 397, -3, -4, -2.214297435588181, 5.0
56, 4, 807, 30, 808, 33, -1, -3, -1.892546881191539, 3.1622776601683795
56, 5, 1173, 325, 1176, 329, -3, -4, -2.214297435588181, 5.0
56, 7, 645, 11, 644, 12, 1, -1, -0.7853981633974483, 1.4142135623730951
56, 8, 717, 693, 719, 698, -2, -5, -1.9513027039072615, 5.385164807134504
56, 9, 1192, 364, 1196, 369, -4, -5, -2.2455372690184494, 6.4031242374328485
56, 10, 800, 22, 801, 25, -1, -3, -1.892546881191539, 3.1622776601683795
56, 12, 727, 636, 730, 641, -3, -5, -2.1112158270654806, 5.830951894845301
56, 14, 749, 514, 751, 517, -2, -3, -2.158798930342464, 3.605551275463989
56, 15, 1048, 363, 1047, 360, 1, 3, 1.2490457723982544, 3.1622776601683795
56, 16, 1054, 413, 1052, 410, 2, 3, 0.982793723247329, 3.605551275463989
56, 17, 512, 188, 514, 192, -2, -4, -2.0344439357957027, 4.47213595499958
56, 18, 1199, 185, 1198, 183, 1, 2, 1.1071487177940904, 2.23606797749979
56, 19, 491, 87, 490, 89, 1, -2, -1.1071487177940904, 2.23606797749979
56, 20, 1147, 404, 1150, 405, -3, -1, -2.819842099193151, 3.1622776601683795
56, 21, 483, 283, 483, 287, 0, -4, -1.5707963267948966, 4.0
56, 22, 709, 639, 711, 644, -2, -5, -1.9513027039072615, 5.385164807134504
56, 23, 1159, 371, 1163, 374, -4, -3, -2.498091544796509, 5.0
56, 24, 1077, 407, 1075, 403, 2, 4, 1.1071487177940904, 4.47213595499958
56, 26, 533, 222, 533, 227, 0, -5, -1.5707963267948966, 5.0
56, 27, 815, 52, 816, 55, -1, -3, -1.892546881191539, 3.1622776601683795
56, 29, 480, 86, 479, 88, 1, -2, -1.1071487177940904, 2.23606797749979
56, 30, 764, 500, 765, 505, -1, -5, -1.7681918866447774, 5.0990195135927845
56, 32, 431, 298, 431, 295, 0, 3, 1.5707963267948966, 3.0
56, 35, 817, 496, 822, 496, -5, 0, 3.141592653589793, 5.0
56, 37, 794, 547, 798, 546, -4, 1, 2.896613990462929, 4.123105625617661
56, 38, 1164, 52, 1163, 51, 1, 1, 0.7853981633974483, 1.4142135623730951
56, 39, 751, 454, 752, 459, -1, -5, -1.7681918866447774, 5.0990195135927845
56, 40, 638, 19, 637, 20, 1, -1, -0.7853981633974483, 1.4142135623730951
56, 41, 132, 441, 135, 438, -3, 3, 2.356194490192345, 4.242640687119285
56, 42, 1176, 343, 1179, 345, -3, -2, -2.5535900500422257, 3.605551275463989
56, 43, 1067, 467, 1067, 464, 0, 3, 1.5707963267948966, 3.0
56, 46, 714, 474, 715, 478, -1, -4, -1.8157749899217608, 4.123105625617661
56, 47, 615, 226, 616, 224, -1, 2, 2.0344439357957027, 2.23606797749979
56, 48, 483, 76, 482, 78, 1, -2, -1.1071487177940904, 2.23606797749979
56, 50, 627, 190, 629, 188, -2, 2, 2.356194490192345, 2.8284271247461903
56, 51, 1072, 547, 1070, 544, 2, 3, 0.982793723247329, 3.605551275463989
56, 53, 1038, 396, 1037, 394, 1, 2, 1.1071487177940904, 2.23606797749979
56, 54, 898, 13, 900, 13, -2, 0, 3.141592653589793, 2.0
56, 55, 179, 515, 181, 511, -2, 4, 2.0344439357957027, 4.47213595499958
56, 56, 814, 70, 815, 73, -1, -3, -1.892546881191539, 3.1622776601683795
56, 60, 486, 163, 487, 165, -1, -2, -2.0344439357957027, 2.23606797749979
56, 62, 1178, 429, 1179, 432, -1, -3, -1.892546881191539, 3.1622776601683795
56, 64, 100, 604, 98, 603, 2, 1, 0.4636476090008061, 2.23606797749979
56, 65, 41, 105, 40, 104, 1, 1, 0.7853981633974483, 1.4142135623730951
56, 67, 466, 285, 466, 289, 0, -4, -1.5707963267948966, 4.0
56, 70, 800, 31, 801, 34, -1, -3, -1.892546881191539, 3.1622776601683795
56, 71, 686, 219, 686, 217, 0, 2, 1.5707963267948966, 2.0
56, 72, 836, 37, 838, 38, -2, -1, -2.677945044588987, 2.23606797749979
56, 73, 813, 35, 814, 38, -1, -3, -1.892546881191539, 3.1622776601683795
56, 76, 1046, 503, 1044, 499, 2, 4, 1.1071487177940904, 4.47213595499958
56, 78, 475, 269, 476, 274, -1, -5, -1.7681918866447774, 5.0990195135927845
56, 80, 1081, 367, 1079, 364, 2, 3, 0.982793723247329, 3.605551275463989
56, 84, 31, 46, 28, 47, 3, -1, -0.3217505543966422, 3.1622776601683795
56, 86, 1155, 91, 1154, 90, 1, 1, 0.7853981633974483, 1.4142135623730951
56, 89, 699, 691, 701, 692, -2, -1, -2.677945044588987, 2.23606797749979
56, 91, 1212, 224, 1210, 223, 2, 1, 0.4636476090008061, 2.23606797749979
56, 96, 505, 225, 506, 229, -1, -4, -1.8157749899217608, 4.123105625617661
56, 97, 164, 505, 163, 502, 1, 3, 1.2490457723982544, 3.1622776601683795
56, 99, 484, 378, 484, 380, 0, -2, -1.5707963267948966, 2.0
56, 102, 818, 506, 823, 506, -5, 0, 3.141592653589793, 5.0
56, 104, 835, 542, 837, 544, -2, -2, -2.356194490192345, 2.8284271247461903
56, 105, 1183, 215, 1181, 214, 2, 1, 0.4636476090008061, 2.23606797749979
56, 106, 805, 282, 805, 286, 0, -4, -1.5707963267948966, 4.0
56, 107, 34, 106, 32, 105, 2, 1, 0.4636476090008061, 2.23606797749979
56, 110, 760, 494, 761, 499, -1, -5, -1.7681918866447774, 5.0990195135927845
56, 111, 1235, 209, 1235, 206, 0, 3, 1.5707963267948966, 3.0
56, 112, 1188, 336, 1192, 341, -4, -5, -2.2455372690184494, 6.4031242374328485
56, 114, 672, 193, 672, 191, 0, 2, 1.5707963267948966, 2.0
56, 116, 134, 431, 137, 428, -3, 3, 2.356194490192345, 4.242640687119285
56, 120, 740, 565, 741, 568, -1, -3, -1.892546881191539, 3.1622776601683795
56, 121, 840, 581, 842, 581, -2, 0, 3.141592653589793, 2.0
56, 123, 509, 199, 511, 203, -2, -4, -2.0344439357957027, 4.47213595499958
56, 124, 1259, 179, 1257, 176, 2, 3, 0.982793723247329, 3.605551275463989
56, 125, 678, 216, 678, 214, 0, 2, 1.5707963267948966, 2.0
56, 126, 1081, 358, 1079, 355, 2, 3, 0.982793723247329, 3.605551275463989
56, 128, 724, 491, 725, 494, -1, -3, -1.892546881191539, 3.1622776601683795
56, 131, 789, 232, 789, 236, 0, -4, -1.5707963267948966, 4.0
56, 132, 778, 281, 778, 284, 0, -3, -1.5707963267948966, 3.0
56, 135, 1110, 95, 1108, 94, 2, 1, 0.4636476090008061, 2.23606797749979
56, 136, 1162, 82, 1161, 81, 1, 1, 0.7853981633974483, 1.4142135623730951
56, 139, 31, 55, 28, 57, 3, -2, -0.5880026035475675, 3.605551275463989
56, 143, 900, 23, 902, 23, -2, 0, 3.141592653589793, 2.0
56, 145, 1144, 133, 1145, 132, -1, 1, 2.356194490192345, 1.4142135623730951
56, 148, 151, 638, 149, 635, 2, 3, 0.982793723247329, 3.605551275463989
56, 149, 525, 277, 526, 279, -1, -2, -2.0344439357957027, 2.23606797749979
56, 150, 1186, 425, 1188, 428, -2, -3, -2.158798930342464, 3.605551275463989
56, 151, 724, 617, 727, 622, -3, -5, -2.1112158270654806, 5.830951894845301
56, 152, 649, 235, 650, 232, -1, 3, 1.892546881191539, 3.1622776601683795
56, 154, 802, 503, 807, 503, -5, 0, 3.141592653589793, 5.0
56, 156, 394, 309, 394, 307, 0, 2, 1.5707963267948966, 2.0
56, 157, 154, 699, 155, 697, -1, 2, 2.0344439357957027, 2.23606797749979
56, 159, 1213, 188, 1211, 186, 2, 2, 0.7853981633974483, 2.8284271247461903
57, 1, 177, 492, 178, 490, -1, 2, 2.0344439357957027, 2.23606797749979
57, 2, 787, 40, 788, 44, -1, -4, -1.8157749899217608, 4.123105625617661
57, 3, 1165, 391, 1169, 393, -4, -2, -2.677945044588987, 4.47213595499958
57, 4, 806, 26, 807, 30, -1, -4, -1.8157749899217608, 4.123105625617661
57, 5, 1170, 321, 1173, 325, -3, -4, -2.214297435588181, 5.0
57, 7, 647, 8, 645, 11, 2, -3, -0.982793723247329, 3.605551275463989
57, 8, 715, 689, 717, 693, -2, -4, -2.0344439357957027, 4.47213595499958
57, 9, 1188, 360, 1192, 364, -4, -4, -2.356194490192345, 5.656854249492381
57, 10, 799, 17, 800, 22, -1, -5, -1.7681918866447774, 5.0990195135927845
57, 11, 399, 265, 399, 263, 0, 2, 1.5707963267948966, 2.0
57, 12, 725, 632, 727, 636, -2, -4, -2.0344439357957027, 4.47213595499958
57, 13, 755, 88, 755, 84, 0, 4, 1.5707963267948966, 4.0
57, 14, 747, 510, 749, 514, -2, -4, -2.0344439357957027, 4.47213595499958
57, 15, 1049, 367, 1048, 363, 1, 4, 1.3258176636680326, 4.123105625617661
57, 16, 1055, 414, 1054, 413, 1, 1, 0.7853981633974483, 1.4142135623730951
57, 17, 510, 184, 512, 188, -2, -4, -2.0344439357957027, 4.47213595499958
57, 18, 1202, 188, 1199, 185, 3, 3, 0.7853981633974483, 4.242640687119285
57, 19, 493, 83, 491, 87, 2, -4, -1.1071487177940904, 4.47213595499958
57, 20, 1145, 403, 1147, 404, -2, -1, -2.677945044588987, 2.23606797749979
57, 21, 483, 279, 483, 283, 0, -4, -1.5707963267948966, 4.0
57, 22, 708, 635, 709, 639, -1, -4, -1.8157749899217608, 4.123105625617661
57, 23, 1154, 370, 1159, 371, -5, -1, -2.9441970937399127, 5.0990195135927845
57, 24, 1080, 410, 1077, 407, 3, 3, 0.7853981633974483, 4.242640687119285
57, 26, 533, 217, 533, 222, 0, -5, -1.5707963267948966, 5.0
57, 27, 814, 47, 815, 52, -1, -5, -1.7681918866447774, 5.0990195135927845
57, 29, 482, 81, 480, 86, 2, -5, -1.1902899496825317, 5.385164807134504
57, 30, 762, 498, 764, 500, -2, -2, -2.356194490192345, 2.8284271247461903
57, 32, 430, 303, 431, 298, -1, 5, 1.7681918866447774, 5.0990195135927845
57, 33, 633, 46, 632, 47, 1, -1, -0.7853981633974483, 1.4142135623730951
57, 34, 1131, 65, 1129, 64, 2, 1, 0.4636476090008061, 2.23606797749979
57, 35, 811, 497, 817, 496, -6, 1, 2.976443976175166, 6.082762530298219
57, 36, 1084, 83, 1083, 84, 1, -1, -0.7853981633974483, 1.4142135623730951
57, 37, 791, 547, 794, 547, -3, 0, 3.141592653589793, 3.0
57, 38, 1166, 54, 1164, 52, 2, 2, 0.7853981633974483, 2.8284271247461903
57, 39, 751, 450, 751, 454, 0, -4, -1.5707963267948966, 4.0
57, 40, 640, 16, 638, 19, 2, -3, -0.982793723247329, 3.605551275463989
57, 41, 130, 443, 132, 441, -2, 2, 2.356194490192345, 2.8284271247461903
57, 42, 1172, 340, 1176, 343, -4, -3, -2.498091544796509, 5.0
57, 43, 1068, 470, 1067, 467, 1, 3, 1.2490457723982544, 3.1622776601683795
57, 46, 714, 470, 714, 474, 0, -4, -1.5707963267948966, 4.0
57, 47, 613, 229, 615, 226, -2, 3, 2.158798930342464, 3.605551275463989
57, 48, 485, 71, 483, 76, 2, -5, -1.1902899496825317, 5.385164807134504
57, 49, 1094, 73, 1093, 72, 1, 1, 0.7853981633974483, 1.4142135623730951
57, 50, 624, 194, 627, 190, -3, 4, 2.214297435588181, 5.0
57, 51, 1070, 546, 1072, 547, -2, -1, -2.677945044588987, 2.23606797749979
57, 52, 757, 95, 757, 91, 0, 4, 1.5707963267948966, 4.0
57, 53, 1039, 395, 1038, 396, 1, -1, -0.7853981633974483, 1.4142135623730951
57, 54, 895, 13, 898, 13, -3, 0, 3.141592653589793, 3.0
57, 55, 176, 517, 179, 515, -3, 2, 2.5535900500422257, 3.605551275463989
57, 56, 812, 64, 814, 70, -2, -6, -1.892546881191539, 6.324555320336759
57, 57, 688, 132, 688, 128, 0, 4, 1.5707963267948966, 4.0
57, 58, 1128, 28, 1126, 27, 2, 1, 0.4636476090008061, 2.23606797749979
57, 60, 485, 160, 486, 163, -1, -3, -1.892546881191539, 3.1622776601683795
57, 61, 1040, 435, 1038, 435, 2, 0, 0.0, 2.0
57, 62, 1175, 426, 1178, 429, -3, -3, -2.356194490192345, 4.242640687119285
57, 64, 103, 605, 100, 604, 3, 1, 0.3217505543966422, 3.1622776601683795
57, 65, 41, 103, 41, 105, 0, -2, -1.5707963267948966, 2.0
57, 66, 694, 146, 694, 142, 0, 4, 1.5707963267948966, 4.0
57, 67, 465, 282, 466, 285, -1, -3, -1.892546881191539, 3.1622776601683795
57, 68, 390, 197, 390, 193, 0, 4, 1.5707963267948966, 4.0
57, 69, 799, 27, 800, 31, -1, -4, -1.8157749899217608, 4.123105625617661
57, 70, 687, 220, 686, 219, 1, 1, 0.7853981633974483, 1.4142135623730951
57, 71, 832, 36, 836, 37, -4, -1, -2.896613990462929, 4.123105625617661
57, 72, 812, 31, 813, 35, -1, -4, -1.8157749899217608, 4.123105625617661
57, 74, 594, 78, 593, 79, 1, -1, -0.7853981633974483, 1.4142135623730951
57, 75, 1047, 506, 1046, 503, 1, 3, 1.2490457723982544, 3.1622776601683795
57, 76, 577, 58, 576, 59, 1, -1, -0.7853981633974483, 1.4142135623730951
57, 77, 475, 264, 475, 269, 0, -5, -1.5707963267948966, 5.0
57, 79, 1084, 369, 1081, 367, 3, 2, 0.5880026035475675, 3.605551275463989
57, 83, 35, 45, 31, 46, 4, -1, -0.24497866312686414, 4.123105625617661
57, 84, 64, 81, 63, 82, 1, -1, -0.7853981633974483, 1.4142135623730951
57, 85, 1157, 93, 1155, 91, 2, 2, 0.7853981633974483, 2.8284271247461903
57, 86, 1095, 39, 1093, 39, 2, 0, 0.0, 2.0
57, 88, 697, 689, 699, 691, -2, -2, -2.356194490192345, 2.8284271247461903
57, 89, 747, 93, 747, 89, 0, 4, 1.5707963267948966, 4.0
57, 90, 1216, 226, 1212, 224, 4, 2, 0.4636476090008061, 4.47213595499958
57, 95, 504, 219, 505, 225, -1, -6, -1.7359450042095235, 6.082762530298219
57, 96, 162, 505, 164, 505, -2, 0, 3.141592653589793, 2.0
57, 98, 484, 376, 484, 378, 0, -2, -1.5707963267948966, 2.0
57, 99, 1175, 253, 1173, 253, 2, 0, 0.0, 2.0
57, 101, 813, 507, 818, 506, -5, 1, 2.9441970937399127, 5.0990195135927845
57, 103, 831, 539, 835, 542, -4, -3, -2.498091544796509, 5.0
57, 104, 1186, 217, 1183, 215, 3, 2, 0.5880026035475675, 3.605551275463989
57, 105, 804, 278, 805, 282, -1, -4, -1.8157749899217608, 4.123105625617661
57, 106, 36, 105, 34, 106, 2, -1, -0.4636476090008061, 2.23606797749979
57, 109, 758, 492, 760, 494, -2, -2, -2.356194490192345, 2.8284271247461903
57, 110, 1237, 211, 1235, 209, 2, 2, 0.7853981633974483, 2.8284271247461903
57, 111, 1185, 332, 1188, 336, -3, -4, -2.214297435588181, 5.0
57, 112, 674, 198, 672, 193, 2, 5, 1.1902899496825317, 5.385164807134504
57, 113, 1090, 95, 1089, 96, 1, -1, -0.7853981633974483, 1.4142135623730951
57, 114, 131, 434, 134, 431, -3, 3, 2.356194490192345, 4.242640687119285
57, 115, 649, 17, 647, 20, 2, -3, -0.982793723247329, 3.605551275463989
57, 116, 1106, 31, 1104, 31, 2, 0, 0.0, 2.0
57, 117, 1197, 161, 1195, 159, 2, 2, 0.7853981633974483, 2.8284271247461903
57, 118, 737, 554, 740, 565, -3, -11, -1.837048375945822, 11.40175425099138
57, 119, 839, 583, 840, 581, -1, 2, 2.0344439357957027, 2.23606797749979
57, 120, 574, 106, 574, 108, 0, -2, -1.5707963267948966, 2.0
57, 121, 507, 195, 509, 199, -2, -4, -2.0344439357957027, 4.47213595499958
57, 122, 1261, 181, 1259, 179, 2, 2, 0.7853981633974483, 2.8284271247461903
57, 124, 1083, 361, 1081, 358, 2, 3, 0.982793723247329, 3.605551275463989
57, 126, 722, 488, 724, 491, -2, -3, -2.158798930342464, 3.605551275463989
57, 128, 1220, 20, 1221, 22, -1, -2, -2.0344439357957027, 2.23606797749979
57, 129, 790, 227, 789, 232, 1, -5, -1.373400766945016, 5.0990195135927845
57, 130, 779, 277, 778, 281, 1, -4, -1.3258176636680326, 4.123105625617661
57, 134, 1165, 84, 1162, 82, 3, 2, 0.5880026035475675, 3.605551275463989
57, 135, 128, 676, 127, 677, 1, -1, -0.7853981633974483, 1.4142135623730951
57, 137, 35, 54, 31, 55, 4, -1, -0.24497866312686414, 4.123105625617661
57, 138, 1193, 115, 1191, 113, 2, 2, 0.7853981633974483, 2.8284271247461903
57, 141, 897, 23, 900, 23, -3, 0, 3.141592653589793, 3.0
57, 144, 636, 37, 635, 38, 1, -1, -0.7853981633974483, 1.4142135623730951
57, 146, 155, 639, 151, 638, 4, 1, 0.24497866312686414, 4.123105625617661
57, 147, 524, 274, 525, 277, -1, -3, -1.892546881191539, 3.1622776601683795
57, 148, 1182, 423, 1186, 425, -4, -2, -2.677945044588987, 4.47213595499958
57, 149, 722, 612, 724, 617, -2, -5, -1.9513027039072615, 5.385164807134504
57, 150, 648, 239, 649, 235, -1, 4, 1.8157749899217608, 4.123105625617661
57, 152, 797, 502, 802, 503, -5, -1, -2.9441970937399127, 5.0990195135927845
57, 153, 417, 228, 417, 225, 0, 3, 1.5707963267948966, 3.0
57, 154, 394, 312, 394, 309, 0, 3, 1.5707963267948966, 3.0
57, 155, 156, 701, 154, 699, 2, 2, 0.7853981633974483, 2.8284271247461903
57, 157, 1216, 190, 1213, 188, 3, 2, 0.5880026035475675, 3.605551275463989
58, 1, 176, 495, 177, 492, -1, 3, 1.892546881191539, 3.1622776601683795
58, 2, 786, 37, 787, 40, -1, -3, -1.892546881191539, 3.1622776601683795
58, 3, 1163, 388, 1165, 391, -2, -3, -2.158798930342464, 3.605551275463989
58, 4, 805, 23, 806, 26, -1, -3, -1.892546881191539, 3.1622776601683795
58, 5, 1168, 316, 1170, 321, -2, -5, -1.9513027039072615, 5.385164807134504
58, 7, 714, 685, 715, 689, -1, -4, -1.8157749899217608, 4.123105625617661
58, 8, 1185, 356, 1188, 360, -3, -4, -2.214297435588181, 5.0
58, 9, 798, 15, 799, 17, -1, -2, -2.0344439357957027, 2.23606797749979
58, 11, 722, 628, 725, 632, -3, -4, -2.214297435588181, 5.0
58, 12, 754, 90, 755, 88, -1, 2, 2.0344439357957027, 2.23606797749979
58, 13, 745, 505, 747, 510, -2, -5, -1.9513027039072615, 5.385164807134504
58, 14, 1051, 370, 1049, 367, 2, 3, 0.982793723247329, 3.605551275463989
58, 15, 1057, 416, 1055, 414, 2, 2, 0.7853981633974483, 2.8284271247461903
58, 16, 508, 181, 510, 184, -2, -3, -2.158798930342464, 3.605551275463989
58, 17, 1204, 189, 1202, 188, 2, 1, 0.4636476090008061, 2.23606797749979
58, 18, 494, 79, 493, 83, 1, -4, -1.3258176636680326, 4.123105625617661
58, 19, 483, 276, 483, 279, 0, -3, -1.5707963267948966, 3.0
58, 20, 706, 631, 708, 635, -2, -4, -2.0344439357957027, 4.47213595499958
58, 21, 1151, 366, 1154, 370, -3, -4, -2.214297435588181, 5.0
58, 22, 1083, 413, 1080, 410, 3, 3, 0.7853981633974483, 4.242640687119285
58, 24, 533, 213, 533, 217, 0, -4, -1.5707963267948966, 4.0
58, 25, 813, 45, 814, 47, -1, -2, -2.0344439357957027, 2.23606797749979
58, 27, 483, 77, 482, 81, 1, -4, -1.3258176636680326, 4.123105625617661
58, 28, 760, 495, 762, 498, -2, -3, -2.158798930342464, 3.605551275463989
58, 30, 429, 306, 430, 303, -1, 3, 1.892546881191539, 3.1622776601683795
58, 31, 633, 44, 633, 46, 0, -2, -1.5707963267948966, 2.0
58, 33, 806, 498, 811, 497, -5, 1, 2.9441970937399127, 5.0990195135927845
58, 35, 787, 548, 791, 547, -4, 1, 2.896613990462929, 4.123105625617661
58, 37, 750, 445, 751, 450, -1, -5, -1.7681918866447774, 5.0990195135927845
58, 38, 641, 14, 640, 16, 1, -2, -1.1071487177940904, 2.23606797749979
58, 39, 128, 446, 130, 443, -2, 3, 2.158798930342464, 3.605551275463989
58, 40, 1170, 336, 1172, 340, -2, -4, -2.0344439357957027, 4.47213595499958
58, 41, 1069, 471, 1068, 470, 1, 1, 0.7853981633974483, 1.4142135623730951
58, 44, 713, 467, 714, 470, -1, -3, -1.892546881191539, 3.1622776601683795
58, 45, 612, 232, 613, 229, -1, 3, 1.892546881191539, 3.1622776601683795
58, 46, 486, 67, 485, 71, 1, -4, -1.3258176636680326, 4.123105625617661
58, 48, 623, 195, 624, 194, -1, 1, 2.356194490192345, 1.4142135623730951
58, 49, 1071, 550, 1070, 546, 1, 4, 1.3258176636680326, 4.123105625617661
58, 50, 756, 97, 757, 95, -1, 2, 2.0344439357957027, 2.23606797749979
58, 51, 1042, 397, 1039, 395, 3, 2, 0.5880026035475675, 3.605551275463989
58, 53, 172, 520, 176, 517, -4, 3, 2.498091544796509, 5.0
58, 54, 811, 61, 812, 64, -1, -3, -1.892546881191539, 3.1622776601683795
58, 55, 688, 135, 688, 132, 0, 3, 1.5707963267948966, 3.0
58, 56, 1129, 29, 1128, 28, 1, 1, 0.7853981633974483, 1.4142135623730951
58, 57, 484, 157, 485, 160, -1, -3, -1.892546881191539, 3.1622776601683795
58, 58, 1042, 439, 1040, 435, 2, 4, 1.1071487177940904, 4.47213595499958
58, 59, 1171, 423, 1175, 426, -4, -3, -2.498091544796509, 5.0
58, 61, 105, 606, 103, 605, 2, 1, 0.4636476090008061, 2.23606797749979
58, 63, 694, 149, 694, 146, 0, 3, 1.5707963267948966, 3.0
58, 64, 465, 279, 465, 282, 0, -3, -1.5707963267948966, 3.0
58, 65, 390, 199, 390, 197, 0, 2, 1.5707963267948966, 2.0
58, 66, 798, 24, 799, 27, -1, -3, -1.892546881191539, 3.1622776601683795
58, 68, 830, 35, 832, 36, -2, -1, -2.677945044588987, 2.23606797749979
58, 69, 811, 29, 812, 31, -1, -2, -2.0344439357957027, 2.23606797749979
58, 72, 1048, 510, 1047, 506, 1, 4, 1.3258176636680326, 4.123105625617661
58, 74, 474, 261, 475, 264, -1, -3, -1.892546881191539, 3.1622776601683795
58, 75, 1087, 372, 1084, 369, 3, 3, 0.7853981633974483, 4.242640687119285
58, 79, 39, 44, 35, 45, 4, -1, -0.24497866312686414, 4.123105625617661
58, 81, 1159, 93, 1157, 93, 2, 0, 0.0, 2.0
58, 84, 695, 685, 697, 689, -2, -4, -2.0344439357957027, 4.47213595499958
58, 85, 746, 95, 747, 93, -1, 2, 2.0344439357957027, 2.23606797749979
58, 86, 1218, 228, 1216, 226, 2, 2, 0.7853981633974483, 2.8284271247461903
58, 91, 503, 216, 504, 219, -1, -3, -1.892546881191539, 3.1622776601683795
58, 92, 160, 504, 162, 505, -2, -1, -2.677945044588987, 2.23606797749979
58, 95, 1177, 255, 1175, 253, 2, 2, 0.7853981633974483, 2.8284271247461903
58, 97, 809, 508, 813, 507, -4, 1, 2.896613990462929, 4.123105625617661
58, 98, 827, 537, 831, 539, -4, -2, -2.677945044588987, 4.47213595499958
58, 99, 1188, 218, 1186, 217, 2, 1, 0.4636476090008061, 2.23606797749979
58, 100, 804, 274, 804, 278, 0, -4, -1.5707963267948966, 4.0
58, 103, 756, 488, 758, 492, -2, -4, -2.0344439357957027, 4.47213595499958
58, 104, 1239, 213, 1237, 211, 2, 2, 0.7853981633974483, 2.8284271247461903
58, 105, 1183, 327, 1185, 332, -2, -5, -1.9513027039072615, 5.385164807134504
58, 106, 674, 201, 674, 198, 0, 3, 1.5707963267948966, 3.0
58, 108, 129, 438, 131, 434, -2, 4, 2.0344439357957027, 4.47213595499958
58, 109, 650, 15, 649, 17, 1, -2, -1.1071487177940904, 2.23606797749979
58, 112, 735, 548, 737, 554, -2, -6, -1.892546881191539, 6.324555320336759
58, 115, 505, 192, 507, 195, -2, -3, -2.158798930342464, 3.605551275463989
58, 116, 1261, 184, 1261, 181, 0, 3, 1.5707963267948966, 3.0
58, 118, 1086, 364, 1083, 361, 3, 3, 0.7853981633974483, 4.242640687119285
58, 120, 720, 486, 722, 488, -2, -2, -2.356194490192345, 2.8284271247461903
58, 122, 790, 224, 790, 227, 0, -3, -1.5707963267948966, 3.0
58, 123, 780, 274, 779, 277, 1, -3, -1.2490457723982544, 3.1622776601683795
58, 126, 1112, 94, 1111, 95, 1, -1, -0.7853981633974483, 1.4142135623730951
58, 129, 316, 26, 316, 28, 0, -2, -1.5707963267948966, 2.0
58, 130, 39, 53, 35, 54, 4, -1, -0.24497866312686414, 4.123105625617661
58, 134, 895, 23, 897, 23, -2, 0, 3.141592653589793, 2.0
58, 137, 637, 36, 636, 37, 1, -1, -0.7853981633974483, 1.4142135623730951
58, 139, 158, 641, 155, 639, 3, 2, 0.5880026035475675, 3.605551275463989
58, 140, 523, 272, 524, 274, -1, -2, -2.0344439357957027, 2.23606797749979
58, 141, 1178, 421, 1182, 423, -4, -2, -2.677945044588987, 4.47213595499958
58, 142, 719, 607, 722, 612, -3, -5, -2.1112158270654806, 5.830951894845301
58, 143, 647, 241, 648, 239, -1, 2, 2.0344439357957027, 2.23606797749979
58, 145, 793, 503, 797, 502, -4, 1, 2.896613990462929, 4.123105625617661
58, 146, 417, 230, 417, 228, 0, 2, 1.5707963267948966, 2.0
58, 149, 266, 40, 265, 41, 1, -1, -0.7853981633974483, 1.4142135623730951
58, 150, 1218, 191, 1216, 190, 2, 1, 0.4636476090008061, 2.23606797749979
59, 0, 175, 499, 176, 495, -1, 4, 1.8157749899217608, 4.123105625617661
59, 1, 785, 34, 786, 37, -1, -3, -1.892546881191539, 3.1622776601683795
59, 2, 1161, 386, 1163, 388, -2, -2, -2.356194490192345, 2.8284271247461903
59, 3, 804, 21, 805, 23, -1, -2, -2.0344439357957027, 2.23606797749979
59, 4, 1166, 311, 1168, 316, -2, -5, -1.9513027039072615, 5.385164807134504
59, 6, 712, 681, 714, 685, -2, -4, -2.0344439357957027, 4.47213595499958
59, 7, 1182, 352, 1185, 356, -3, -4, -2.214297435588181, 5.0
59, 8, 797, 12, 798, 15, -1, -3, -1.892546881191539, 3.1622776601683795
59, 10, 719, 624, 722, 628, -3, -4, -2.214297435588181, 5.0
59, 11, 753, 92, 754, 90, -1, 2, 2.0344439357957027, 2.23606797749979
59, 12, 743, 501, 745, 505, -2, -4, -2.0344439357957027, 4.47213595499958
59, 13, 1053, 373, 1051, 370, 2, 3, 0.982793723247329, 3.605551275463989
59, 14, 1059, 418, 1057, 416, 2, 2, 0.7853981633974483, 2.8284271247461903
59, 15, 506, 178, 508, 181, -2, -3, -2.158798930342464, 3.605551275463989
59, 16, 1206, 190, 1204, 189, 2, 1, 0.4636476090008061, 2.23606797749979
59, 17, 494, 75, 494, 79, 0, -4, -1.5707963267948966, 4.0
59, 18, 483, 273, 483, 276, 0, -3, -1.5707963267948966, 3.0
59, 19, 704, 627, 706, 631, -2, -4, -2.0344439357957027, 4.47213595499958
59, 20, 1148, 362, 1151, 366, -3, -4, -2.214297435588181, 5.0
59, 21, 1085, 416, 1083, 413, 2, 3, 0.982793723247329, 3.605551275463989
59, 23, 532, 210, 533, 213, -1, -3, -1.892546881191539, 3.1622776601683795
59, 24, 812, 43, 813, 45, -1, -2, -2.0344439357957027, 2.23606797749979
59, 26, 483, 73, 483, 77, 0, -4, -1.5707963267948966, 4.0
59, 27, 758, 492, 760, 495, -2, -3, -2.158798930342464, 3.605551275463989
59, 29, 428, 310, 429, 306, -1, 4, 1.8157749899217608, 4.123105625617661
59, 30, 633, 42, 633, 44, 0, -2, -1.5707963267948966, 2.0
59, 32, 802, 500, 806, 498, -4, 2, 2.677945044588987, 4.47213595499958
59, 34, 783, 549, 787, 548, -4, 1, 2.896613990462929, 4.123105625617661
59, 36, 749, 440, 750, 445, -1, -5, -1.7681918866447774, 5.0990195135927845
59, 37, 641, 11, 641, 14, 0, -3, -1.5707963267948966, 3.0
59, 38, 127, 449, 128, 446, -1, 3, 1.892546881191539, 3.1622776601683795
59, 39, 1168, 332, 1170, 336, -2, -4, -2.0344439357957027, 4.47213595499958
59, 40, 1070, 472, 1069, 471, 1, 1, 0.7853981633974483, 1.4142135623730951
59, 41, 616, 16, 617, 15, -1, 1, 2.356194490192345, 1.4142135623730951
59, 43, 712, 464, 713, 467, -1, -3, -1.892546881191539, 3.1622776601683795
59, 44, 611, 235, 612, 232, -1, 3, 1.892546881191539, 3.1622776601683795
59, 45, 486, 63, 486, 67, 0, -4, -1.5707963267948966, 4.0
59, 47, 622, 196, 623, 195, -1, 1, 2.356194490192345, 1.4142135623730951
59, 48, 1072, 553, 1071, 550, 1, 3, 1.2490457723982544, 3.1622776601683795
59, 49, 755, 99, 756, 97, -1, 2, 2.0344439357957027, 2.23606797749979
59, 50, 1045, 400, 1042, 397, 3, 3, 0.7853981633974483, 4.242640687119285
59, 52, 169, 524, 172, 520, -3, 4, 2.214297435588181, 5.0
59, 53, 810, 58, 811, 61, -1, -3, -1.892546881191539, 3.1622776601683795
59, 54, 688, 137, 688, 135, 0, 2, 1.5707963267948966, 2.0
59, 56, 483, 154, 484, 157, -1, -3, -1.892546881191539, 3.1622776601683795
59, 57, 1044, 443, 1042, 439, 2, 4, 1.1071487177940904, 4.47213595499958
59, 58, 1168, 420, 1171, 423, -3, -3, -2.356194490192345, 4.242640687119285
59, 60, 107, 607, 105, 606, 2, 1, 0.4636476090008061, 2.23606797749979
59, 61, 43, 102, 42, 103, 1, -1, -0.7853981633974483, 1.4142135623730951
59, 62, 694, 152, 694, 149, 0, 3, 1.5707963267948966, 3.0
59, 63, 465, 276, 465, 279, 0, -3, -1.5707963267948966, 3.0
59, 64, 390, 201, 390, 199, 0, 2, 1.5707963267948966, 2.0
59, 65, 797, 21, 798, 24, -1, -3, -1.892546881191539, 3.1622776601683795
59, 67, 828, 34, 830, 35, -2, -1, -2.677945044588987, 2.23606797749979
59, 68, 810, 27, 811, 29, -1, -2, -2.0344439357957027, 2.23606797749979
59, 71, 1050, 514, 1048, 510, 2, 4, 1.1071487177940904, 4.47213595499958
59, 73, 474, 258, 474, 261, 0, -3, -1.5707963267948966, 3.0
59, 74, 1089, 375, 1087, 372, 2, 3, 0.982793723247329, 3.605551275463989
59, 78, 43, 43, 39, 44, 4, -1, -0.24497866312686414, 4.123105625617661
59, 79, 64, 78, 64, 80, 0, -2, -1.5707963267948966, 2.0
59, 83, 694, 682, 695, 685, -1, -3, -1.892546881191539, 3.1622776601683795
59, 84, 745, 97, 746, 95, -1, 2, 2.0344439357957027, 2.23606797749979
59, 85, 1220, 230, 1218, 228, 2, 2, 0.7853981633974483, 2.8284271247461903
59, 90, 502, 214, 503, 216, -1, -2, -2.0344439357957027, 2.23606797749979
59, 91, 158, 509, 160, 504, -2, 5, 1.9513027039072615, 5.385164807134504
59, 93, 1179, 257, 1177, 255, 2, 2, 0.7853981633974483, 2.8284271247461903
59, 95, 805, 509, 809, 508, -4, 1, 2.896613990462929, 4.123105625617661
59, 96, 823, 537, 827, 537, -4, 0, 3.141592653589793, 4.0
59, 97, 1190, 219, 1188, 218, 2, 1, 0.4636476090008061, 2.23606797749979
59, 98, 804, 270, 804, 274, 0, -4, -1.5707963267948966, 4.0
59, 101, 755, 485, 756, 488, -1, -3, -1.892546881191539, 3.1622776601683795
59, 102, 1241, 216, 1239, 213, 2, 3, 0.982793723247329, 3.605551275463989
59, 103, 1181, 322, 1183, 327, -2, -5, -1.9513027039072615, 5.385164807134504
59, 104, 675, 205, 674, 201, 1, 4, 1.3258176636680326, 4.123105625617661
59, 106, 128, 442, 129, 438, -1, 4, 1.8157749899217608, 4.123105625617661
59, 107, 651, 13, 650, 15, 1, -2, -1.1071487177940904, 2.23606797749979
59, 109, 1197, 164, 1197, 162, 0, 2, 1.5707963267948966, 2.0
59, 110, 732, 541, 735, 548, -3, -7, -1.97568811307998, 7.615773105863909
59, 113, 504, 189, 505, 192, -1, -3, -1.892546881191539, 3.1622776601683795
59, 114, 1261, 186, 1261, 184, 0, 2, 1.5707963267948966, 2.0
59, 115, 681, 215, 680, 216, 1, -1, -0.7853981633974483, 1.4142135623730951
59, 116, 1089, 367, 1086, 364, 3, 3, 0.7853981633974483, 4.242640687119285
59, 118, 718, 484, 720, 486, -2, -2, -2.356194490192345, 2.8284271247461903
59, 120, 790, 222, 790, 224, 0, -2, -1.5707963267948966, 2.0
59, 121, 781, 272, 780, 274, 1, -2, -1.1071487177940904, 2.23606797749979
59, 124, 1113, 93, 1112, 94, 1, -1, -0.7853981633974483, 1.4142135623730951
59, 126, 130, 678, 129, 676, 1, 2, 1.1071487177940904, 2.23606797749979
59, 127, 316, 24, 316, 26, 0, -2, -1.5707963267948966, 2.0
59, 128, 43, 52, 39, 53, 4, -1, -0.24497866312686414, 4.123105625617661
59, 135, 637, 34, 637, 36, 0, -2, -1.5707963267948966, 2.0
59, 137, 161, 643, 158, 641, 3, 2, 0.5880026035475675, 3.605551275463989
59, 138, 522, 270, 523, 272, -1, -2, -2.0344439357957027, 2.23606797749979
59, 139, 1174, 418, 1178, 421, -4, -3, -2.498091544796509, 5.0
59, 140, 716, 602, 719, 607, -3, -5, -2.1112158270654806, 5.830951894845301
59, 141, 646, 243, 647, 241, -1, 2, 2.0344439357957027, 2.23606797749979
59, 143, 789, 504, 793, 503, -4, 1, 2.896613990462929, 4.123105625617661
59, 144, 417, 232, 417, 230, 0, 2, 1.5707963267948966, 2.0
59, 145, 394, 315, 394, 313, 0, 2, 1.5707963267948966, 2.0
59, 148, 1220, 192, 1218, 191, 2, 1, 0.4636476090008061, 2.23606797749979
60, 3, 815, 50, 816, 52, -1, -2, -2.0344439357957027, 2.23606797749979
60, 4, 808, 27, 809, 29, -1, -2, -2.0344439357957027, 2.23606797749979
60, 5, 1049, 411, 1046, 408, 3, 3, 0.7853981633974483, 4.242640687119285
60, 7, 649, 9, 648, 10, 1, -1, -0.7853981633974483, 1.4142135623730951
60, 9, 1204, 187, 1203, 186, 1, 1, 0.7853981633974483, 1.4142135623730951
60, 10, 800, 20, 801, 22, -1, -2, -2.0344439357957027, 2.23606797749979
60, 11, 722, 624, 725, 629, -3, -5, -2.1112158270654806, 5.830951894845301
60, 14, 793, 79, 793, 82, 0, -3, -1.5707963267948966, 3.0
60, 15, 1188, 356, 1191, 361, -3, -5, -2.1112158270654806, 5.830951894845301
60, 17, 131, 449, 131, 446, 0, 3, 1.5707963267948966, 3.0
60, 18, 615, 17, 616, 16, -1, 1, 2.356194490192345, 1.4142135623730951
60, 19, 754, 90, 755, 89, -1, 1, 2.356194490192345, 1.4142135623730951
60, 20, 751, 443, 752, 448, -1, -5, -1.7681918866447774, 5.0990195135927845
60, 21, 174, 506, 174, 502, 0, 4, 1.5707963267948966, 4.0
60, 24, 795, 590, 799, 590, -4, 0, 3.141592653589793, 4.0
60, 25, 705, 628, 706, 632, -1, -4, -1.8157749899217608, 4.123105625617661
60, 26, 717, 472, 719, 475, -2, -3, -2.158798930342464, 3.605551275463989
60, 27, 831, 37, 833, 38, -2, -1, -2.677945044588987, 2.23606797749979
60, 29, 482, 80, 482, 84, 0, -4, -1.5707963267948966, 4.0
60, 30, 493, 80, 493, 84, 0, -4, -1.5707963267948966, 4.0
60, 31, 812, 67, 813, 69, -1, -2, -2.0344439357957027, 2.23606797749979
60, 32, 510, 184, 511, 187, -1, -3, -1.892546881191539, 3.1622776601683795
60, 33, 486, 69, 486, 73, 0, -4, -1.5707963267948966, 4.0
60, 36, 332, 15, 330, 18, 2, -3, -0.982793723247329, 3.605551275463989
60, 37, 810, 502, 814, 500, -4, 2, 2.677945044588987, 4.47213595499958
60, 38, 687, 135, 688, 133, -1, 2, 2.0344439357957027, 2.23606797749979
60, 39, 812, 249, 812, 253, 0, -4, -1.5707963267948966, 4.0
60, 40, 911, 49, 913, 49, -2, 0, 3.141592653589793, 2.0
60, 41, 637, 44, 636, 46, 1, -2, -1.1071487177940904, 2.23606797749979
60, 42, 106, 609, 104, 608, 2, 1, 0.4636476090008061, 2.23606797749979
60, 44, 793, 508, 797, 507, -4, 1, 2.896613990462929, 4.123105625617661
60, 45, 647, 15, 646, 18, 1, -3, -1.2490457723982544, 3.1622776601683795
60, 46, 483, 277, 483, 280, 0, -3, -1.5707963267948966, 3.0
60, 47, 1196, 163, 1197, 161, -1, 2, 2.0344439357957027, 2.23606797749979
60, 48, 800, 28, 801, 30, -1, -2, -2.0344439357957027, 2.23606797749979
60, 49, 1165, 389, 1167, 389, -2, 0, 3.141592653589793, 2.0
60, 52, 786, 40, 787, 43, -1, -3, -1.892546881191539, 3.1622776601683795
60, 53, 468, 279, 468, 283, 0, -4, -1.5707963267948966, 4.0
60, 55, 625, 192, 626, 191, -1, 1, 2.356194490192345, 1.4142135623730951
60, 56, 532, 218, 533, 221, -1, -3, -1.892546881191539, 3.1622776601683795
60, 57, 1171, 313, 1173, 318, -2, -5, -1.9513027039072615, 5.385164807134504
60, 58, 1186, 220, 1185, 219, 1, 1, 0.7853981633974483, 1.4142135623730951
60, 60, 1090, 379, 1087, 376, 3, 3, 0.7853981633974483, 4.242640687119285
60, 61, 812, 511, 816, 510, -4, 1, 2.896613990462929, 4.123105625617661
60, 62, 1047, 429, 1044, 425, 3, 4, 0.9272952180016122, 5.0
60, 63, 129, 508, 132, 505, -3, 3, 2.356194490192345, 4.242640687119285
60, 64, 715, 681, 716, 685, -1, -4, -1.8157749899217608, 4.123105625617661
60, 66, 494, 147, 495, 149, -1, -2, -2.0344439357957027, 2.23606797749979
60, 67, 1156, 361, 1158, 365, -2, -4, -2.0344439357957027, 4.47213595499958
60, 68, 484, 378, 484, 380, 0, -2, -1.5707963267948966, 2.0
60, 70, 1172, 330, 1174, 334, -2, -4, -2.0344439357957027, 4.47213595499958
60, 72, 787, 557, 791, 555, -4, 2, 2.677945044588987, 4.47213595499958
60, 73, 677, 202, 676, 199, 1, 3, 1.2490457723982544, 3.1622776601683795
60, 74, 656, 17, 655, 19, 1, -2, -1.1071487177940904, 2.23606797749979
60, 77, 695, 149, 695, 147, 0, 2, 1.5707963267948966, 2.0
60, 78, 811, 274, 811, 277, 0, -3, -1.5707963267948966, 3.0
60, 79, 429, 311, 430, 309, -1, 2, 2.0344439357957027, 2.23606797749979
60, 80, 401, 266, 401, 264, 0, 2, 1.5707963267948966, 2.0
60, 82, 1185, 327, 1187, 332, -2, -5, -1.9513027039072615, 5.385164807134504
60, 83, 505, 223, 506, 225, -1, -2, -2.0344439357957027, 2.23606797749979
60, 84, 760, 489, 762, 492, -2, -3, -2.158798930342464, 3.605551275463989
60, 85, 42, 48, 38, 48, 4, 0, 0.0, 4.0
60, 87, 1044, 451, 1042, 446, 2, 5, 1.1902899496825317, 5.385164807134504
60, 88, 54, 89, 52, 90, 2, -1, -0.4636476090008061, 2.23606797749979
60, 90, 169, 496, 169, 492, 0, 4, 1.5707963267948966, 4.0
60, 92, 641, 20, 640, 22, 1, -2, -1.1071487177940904, 2.23606797749979
60, 94, 391, 200, 391, 198, 0, 2, 1.5707963267948966, 2.0
60, 96, 42, 92, 40, 93, 2, -1, -0.4636476090008061, 2.23606797749979
60, 97, 1052, 516, 1050, 512, 2, 4, 1.1071487177940904, 4.47213595499958
60, 103, 745, 95, 746, 94, -1, 1, 2.356194490192345, 1.4142135623730951
60, 105, 64, 80, 63, 82, 1, -2, -1.1071487177940904, 2.23606797749979
60, 108, 1218, 231, 1216, 230, 2, 1, 0.4636476090008061, 2.23606797749979
60, 111, 749, 499, 750, 503, -1, -4, -1.8157749899217608, 4.123105625617661
60, 112, 132, 440, 133, 437, -1, 3, 1.892546881191539, 3.1622776601683795
60, 113, 483, 156, 484, 159, -1, -3, -1.892546881191539, 3.1622776601683795
60, 114, 813, 33, 814, 35, -1, -2, -2.0344439357957027, 2.23606797749979
60, 118, 477, 266, 477, 269, 0, -3, -1.5707963267948966, 3.0
60, 119, 41, 56, 37, 57, 4, -1, -0.24497866312686414, 4.123105625617661
60, 120, 1170, 418, 1175, 422, -5, -4, -2.4668517113662407, 6.4031242374328485
60, 123, 792, 231, 792, 233, 0, -2, -1.5707963267948966, 2.0
60, 124, 39, 86, 36, 87, 3, -1, -0.3217505543966422, 3.1622776601683795
60, 126, 41, 78, 37, 79, 4, -1, -0.24497866312686414, 4.123105625617661
60, 127, 801, 98, 801, 100, 0, -2, -1.5707963267948966, 2.0
60, 129, 521, 194, 522, 196, -1, -2, -2.0344439357957027, 2.23606797749979
60, 131, 800, 241, 800, 244, 0, -3, -1.5707963267948966, 3.0
60, 137, 395, 312, 395, 310, 0, 2, 1.5707963267948966, 2.0
60, 140, 639, 270, 640, 266, -1, 4, 1.8157749899217608, 4.123105625617661
60, 141, 772, 63, 772, 65, 0, -2, -1.5707963267948966, 2.0
60, 142, 718, 605, 721, 610, -3, -5, -2.1112158270654806, 5.830951894845301
60, 143, 1169, 406, 1171, 406, -2, 0, 3.141592653589793, 2.0
60, 144, 1091, 368, 1088, 365, 3, 3, 0.7853981633974483, 4.242640687119285
60, 146, 778, 112, 779, 114, -1, -2, -2.0344439357957027, 2.23606797749979
60, 147, 1243, 215, 1240, 213, 3, 2, 0.5880026035475675, 3.605551275463989
60, 148, 1196, 125, 1196, 123, 0, 2, 1.5707963267948966, 2.0
60, 151, 613, 238, 614, 235, -1, 3, 1.892546881191539, 3.1622776601683795
60, 156, 1256, 227, 1253, 225, 3, 2, 0.5880026035475675, 3.605551275463989
60, 157, 915, 32, 917, 32, -2, 0, 3.141592653589793, 2.0
60, 160, 702, 23, 699, 22, 3, 1, 0.3217505543966422, 3.1622776601683795
60, 161, 496, 309, 496, 313, 0, -4, -1.5707963267948966, 4.0
60, 163, 509, 196, 510, 199, -1, -3, -1.892546881191539, 3.1622776601683795
60, 165, 680, 142, 681, 140, -1, 2, 2.0344439357957027, 2.23606797749979
60, 168, 618, 91, 619, 90, -1, 1, 2.356194490192345, 1.4142135623730951
60, 170, 1077, 488, 1075, 486, 2, 2, 0.7853981633974483, 2.8284271247461903
60, 171, 731, 538, 734, 544, -3, -6, -2.0344439357957027, 6.708203932499369
60, 172, 1136, 121, 1134, 120, 2, 1, 0.4636476090008061, 2.23606797749979
60, 173, 514, 265, 515, 268, -1, -3, -1.892546881191539, 3.1622776601683795
60, 176, 414, 240, 414, 237, 0, 3, 1.5707963267948966, 3.0
60, 181, 692, 680, 694, 683, -2, -3, -2.158798930342464, 3.605551275463989
60, 183, 159, 641, 156, 640, 3, 1, 0.3217505543966422, 3.1622776601683795
60, 184, 407, 352, 407, 349, 0, 3, 1.5707963267948966, 3.0
60, 185, 399, 318, 399, 316, 0, 2, 1.5707963267948966, 2.0
60, 186, 415, 267, 415, 265, 0, 2, 1.5707963267948966, 2.0
60, 187, 1219, 191, 1217, 190, 2, 1, 0.4636476090008061, 2.23606797749979
60, 189, 142, 440, 144, 437, -2, 3, 2.158798930342464, 3.605551275463989
60, 191, 1103, 515, 1101, 516, 2, -1, -0.4636476090008061, 2.23606797749979
60, 194, 740, 113, 740, 111, 0, 2, 1.5707963267948966, 2.0
60, 195, 1050, 443, 1048, 440, 2, 3, 0.982793723247329, 3.605551275463989
60, 197, 665, 21, 664, 22, 1, -1, -0.7853981633974483, 1.4142135623730951
60, 198, 511, 9, 511, 11, 0, -2, -1.5707963267948966, 2.0
60, 200, 402, 207, 402, 205, 0, 2, 1.5707963267948966, 2.0
60, 202, 639, 35, 638, 36, 1, -1, -0.7853981633974483, 1.4142135623730951
60, 203, 508, 203, 509, 206, -1, -3, -1.892546881191539, 3.1622776601683795
60, 204, 1193, 118, 1193, 116, 0, 2, 1.5707963267948966, 2.0
60, 205, 1217, 180, 1215, 179, 2, 1, 0.4636476090008061, 2.23606797749979
61, 2, 807, 25, 808, 27, -1, -2, -2.0344439357957027, 2.23606797749979
61, 3, 1052, 414, 1049, 411, 3, 3, 0.7853981633974483, 4.242640687119285
61, 6, 1206, 188, 1204, 187, 2, 1, 0.4636476090008061, 2.23606797749979
61, 7, 800, 18, 800, 20, 0, -2, -1.5707963267948966, 2.0
61, 8, 719, 619, 722, 624, -3, -5, -2.1112158270654806, 5.830951894845301
61, 11, 793, 76, 793, 79, 0, -3, -1.5707963267948966, 3.0
61, 12, 1185, 352, 1188, 356, -3, -4, -2.214297435588181, 5.0
61, 14, 130, 452, 131, 449, -1, 3, 1.892546881191539, 3.1622776601683795
61, 15, 614, 18, 615, 17, -1, 1, 2.356194490192345, 1.4142135623730951
61, 16, 753, 91, 754, 90, -1, 1, 2.356194490192345, 1.4142135623730951
61, 17, 750, 438, 751, 443, -1, -5, -1.7681918866447774, 5.0990195135927845
61, 18, 174, 510, 174, 506, 0, 4, 1.5707963267948966, 4.0
61, 20, 791, 590, 795, 590, -4, 0, 3.141592653589793, 4.0
61, 21, 704, 623, 705, 628, -1, -5, -1.7681918866447774, 5.0990195135927845
61, 22, 715, 471, 717, 472, -2, -1, -2.677945044588987, 2.23606797749979
61, 23, 829, 36, 831, 37, -2, -1, -2.677945044588987, 2.23606797749979
61, 25, 482, 76, 482, 80, 0, -4, -1.5707963267948966, 4.0
61, 26, 493, 76, 493, 80, 0, -4, -1.5707963267948966, 4.0
61, 27, 811, 65, 812, 67, -1, -2, -2.0344439357957027, 2.23606797749979
61, 28, 508, 182, 510, 184, -2, -2, -2.356194490192345, 2.8284271247461903
61, 29, 486, 65, 486, 69, 0, -4, -1.5707963267948966, 4.0
61, 31, 334, 14, 332, 15, 2, -1, -0.4636476090008061, 2.23606797749979
61, 32, 806, 504, 810, 502, -4, 2, 2.677945044588987, 4.47213595499958
61, 33, 686, 137, 687, 135, -1, 2, 2.0344439357957027, 2.23606797749979
61, 34, 812, 245, 812, 249, 0, -4, -1.5707963267948966, 4.0
61, 35, 909, 49, 911, 49, -2, 0, 3.141592653589793, 2.0
61, 36, 638, 41, 637, 44, 1, -3, -1.2490457723982544, 3.1622776601683795
61, 37, 108, 610, 106, 609, 2, 1, 0.4636476090008061, 2.23606797749979
61, 39, 789, 510, 793, 508, -4, 2, 2.677945044588987, 4.47213595499958
61, 40, 648, 12, 647, 15, 1, -3, -1.2490457723982544, 3.1622776601683795
61, 41, 483, 273, 483, 277, 0, -4, -1.5707963267948966, 4.0
61, 42, 1195, 166, 1196, 163, -1, 3, 1.892546881191539, 3.1622776601683795
61, 43, 799, 26, 800, 28, -1, -2, -2.0344439357957027, 2.23606797749979
61, 44, 1163, 391, 1165, 389, -2, 2, 2.356194490192345, 2.8284271247461903
61, 46, 786, 37, 786, 40, 0, -3, -1.5707963267948966, 3.0
61, 47, 468, 275, 468, 279, 0, -4, -1.5707963267948966, 4.0
61, 49, 624, 193, 625, 192, -1, 1, 2.356194490192345, 1.4142135623730951
61, 50, 531, 216, 532, 218, -1, -2, -2.0344439357957027, 2.23606797749979
61, 51, 1170, 308, 1171, 313, -1, -5, -1.7681918866447774, 5.0990195135927845
61, 52, 1187, 221, 1186, 220, 1, 1, 0.7853981633974483, 1.4142135623730951
61, 54, 1092, 382, 1090, 379, 2, 3, 0.982793723247329, 3.605551275463989
61, 55, 808, 513, 812, 511, -4, 2, 2.677945044588987, 4.47213595499958
61, 56, 1050, 432, 1047, 429, 3, 3, 0.7853981633974483, 4.242640687119285
61, 57, 126, 511, 129, 508, -3, 3, 2.356194490192345, 4.242640687119285
61, 58, 714, 676, 715, 681, -1, -5, -1.7681918866447774, 5.0990195135927845
61, 60, 493, 145, 494, 147, -1, -2, -2.0344439357957027, 2.23606797749979
61, 61, 1154, 358, 1156, 361, -2, -3, -2.158798930342464, 3.605551275463989
61, 62, 484, 376, 484, 378, 0, -2, -1.5707963267948966, 2.0
61, 64, 1170, 326, 1172, 330, -2, -4, -2.0344439357957027, 4.47213595499958
61, 66, 784, 559, 787, 557, -3, 2, 2.5535900500422257, 3.605551275463989
61, 67, 677, 205, 677, 202, 0, 3, 1.5707963267948966, 3.0
61, 68, 657, 16, 656, 17, 1, -1, -0.7853981633974483, 1.4142135623730951
61, 71, 694, 151, 695, 149, -1, 2, 2.0344439357957027, 2.23606797749979
61, 72, 811, 271, 811, 274, 0, -3, -1.5707963267948966, 3.0
61, 73, 428, 312, 429, 311, -1, 1, 2.356194490192345, 1.4142135623730951
61, 74, 401, 268, 401, 266, 0, 2, 1.5707963267948966, 2.0
61, 75, 781, 274, 781, 276, 0, -2, -1.5707963267948966, 2.0
61, 76, 1183, 323, 1185, 327, -2, -4, -2.0344439357957027, 4.47213595499958
61, 77, 504, 221, 505, 223, -1, -2, -2.0344439357957027, 2.23606797749979
61, 78, 758, 485, 760, 489, -2, -4, -2.0344439357957027, 4.47213595499958
61, 79, 46, 47, 42, 48, 4, -1, -0.24497866312686414, 4.123105625617661
61, 81, 1046, 453, 1044, 451, 2, 2, 0.7853981633974483, 2.8284271247461903
61, 82, 56, 88, 54, 89, 2, -1, -0.4636476090008061, 2.23606797749979
61, 84, 169, 499, 169, 496, 0, 3, 1.5707963267948966, 3.0
61, 86, 642, 17, 641, 20, 1, -3, -1.2490457723982544, 3.1622776601683795
61, 88, 391, 203, 391, 200, 0, 3, 1.5707963267948966, 3.0
61, 90, 45, 91, 42, 92, 3, -1, -0.3217505543966422, 3.1622776601683795
61, 91, 1054, 520, 1052, 516, 2, 4, 1.1071487177940904, 4.47213595499958
61, 97, 744, 96, 745, 95, -1, 1, 2.356194490192345, 1.4142135623730951
61, 99, 65, 79, 64, 80, 1, -1, -0.7853981633974483, 1.4142135623730951
61, 102, 1220, 232, 1218, 231, 2, 1, 0.4636476090008061, 2.23606797749979
61, 105, 748, 495, 749, 499, -1, -4, -1.8157749899217608, 4.123105625617661
61, 106, 131, 443, 132, 440, -1, 3, 1.892546881191539, 3.1622776601683795
61, 107, 482, 152, 483, 156, -1, -4, -1.8157749899217608, 4.123105625617661
61, 108, 812, 31, 813, 33, -1, -2, -2.0344439357957027, 2.23606797749979
61, 111, 477, 262, 477, 266, 0, -4, -1.5707963267948966, 4.0
61, 112, 45, 55, 41, 56, 4, -1, -0.24497866312686414, 4.123105625617661
61, 113, 1168, 416, 1170, 418, -2, -2, -2.356194490192345, 2.8284271247461903
61, 115, 792, 229, 792, 231, 0, -2, -1.5707963267948966, 2.0
61, 116, 43, 85, 39, 86, 4, -1, -0.24497866312686414, 4.123105625617661
61, 118, 45, 77, 41, 78, 4, -1, -0.24497866312686414, 4.123105625617661
61, 119, 800, 96, 801, 98, -1, -2, -2.0344439357957027, 2.23606797749979
61, 121, 519, 192, 521, 194, -2, -2, -2.356194490192345, 2.8284271247461903
61, 123, 800, 238, 800, 241, 0, -3, -1.5707963267948966, 3.0
61, 127, 48, 108, 47, 109, 1, -1, -0.7853981633974483, 1.4142135623730951
61, 128, 395, 314, 395, 312, 0, 2, 1.5707963267948966, 2.0
61, 131, 638, 274, 639, 270, -1, 4, 1.8157749899217608, 4.123105625617661
61, 132, 772, 61, 772, 63, 0, -2, -1.5707963267948966, 2.0
61, 133, 715, 600, 718, 605, -3, -5, -2.1112158270654806, 5.830951894845301
61, 134, 1167, 405, 1169, 406, -2, -1, -2.677945044588987, 2.23606797749979
61, 135, 1093, 371, 1091, 368, 2, 3, 0.982793723247329, 3.605551275463989
61, 137, 777, 108, 778, 112, -1, -4, -1.8157749899217608, 4.123105625617661
61, 138, 1246, 217, 1243, 215, 3, 2, 0.5880026035475675, 3.605551275463989
61, 139, 1196, 128, 1196, 125, 0, 3, 1.5707963267948966, 3.0
61, 142, 612, 240, 613, 238, -1, 2, 2.0344439357957027, 2.23606797749979
61, 143, 651, 73, 651, 75, 0, -2, -1.5707963267948966, 2.0
61, 147, 1259, 229, 1256, 227, 3, 2, 0.5880026035475675, 3.605551275463989
61, 148, 913, 32, 915, 32, -2, 0, 3.141592653589793, 2.0
61, 151, 704, 23, 702, 23, 2, 0, 0.0, 2.0
61, 152, 496, 305, 496, 309, 0, -4, -1.5707963267948966, 4.0
61, 154, 507, 194, 509, 196, -2, -2, -2.356194490192345, 2.8284271247461903
61, 156, 679, 144, 680, 142, -1, 2, 2.0344439357957027, 2.23606797749979
61, 159, 617, 92, 618, 91, -1, 1, 2.356194490192345, 1.4142135623730951
61, 161, 1080, 490, 1077, 488, 3, 2, 0.5880026035475675, 3.605551275463989
61, 162, 730, 535, 731, 538, -1, -3, -1.892546881191539, 3.1622776601683795
61, 163, 1138, 124, 1136, 121, 2, 3, 0.982793723247329, 3.605551275463989
61, 164, 513, 260, 514, 265, -1, -5, -1.7681918866447774, 5.0990195135927845
61, 167, 414, 243, 414, 240, 0, 3, 1.5707963267948966, 3.0
61, 172, 690, 677, 692, 680, -2, -3, -2.158798930342464, 3.605551275463989
61, 173, 763, 128, 763, 126, 0, 2, 1.5707963267948966, 2.0
61, 174, 162, 642, 159, 641, 3, 1, 0.3217505543966422, 3.1622776601683795
61, 175, 406, 356, 407, 352, -1, 4, 1.8157749899217608, 4.123105625617661
61, 176, 399, 320, 399, 318, 0, 2, 1.5707963267948966, 2.0
61, 177, 415, 270, 415, 267, 0, 3, 1.5707963267948966, 3.0
61, 178, 1221, 192, 1219, 191, 2, 1, 0.4636476090008061, 2.23606797749979
61, 180, 140, 443, 142, 440, -2, 3, 2.158798930342464, 3.605551275463989
61, 181, 1236, 245, 1235, 244, 1, 1, 0.7853981633974483, 1.4142135623730951
61, 182, 1106, 515, 1103, 515, 3, 0, 0.0, 3.0
61, 184, 740, 115, 740, 113, 0, 2, 1.5707963267948966, 2.0
61, 185, 1052, 444, 1050, 443, 2, 1, 0.4636476090008061, 2.23606797749979
61, 186, 667, 21, 665, 21, 2, 0, 0.0, 2.0
61, 187, 402, 209, 402, 207, 0, 2, 1.5707963267948966, 2.0
61, 189, 639, 33, 639, 35, 0, -2, -1.5707963267948966, 2.0
61, 190, 507, 201, 508, 203, -1, -2, -2.0344439357957027, 2.23606797749979
61, 191, 1193, 120, 1193, 118, 0, 2, 1.5707963267948966, 2.0
61, 192, 1219, 181, 1217, 180, 2, 1, 0.4636476090008061, 2.23606797749979
62, 1, 1134, 66, 1132, 65, 2, 1, 0.4636476090008061, 2.23606797749979
62, 2, 806, 22, 807, 25, -1, -3, -1.892546881191539, 3.1622776601683795
62, 3, 1054, 416, 1052, 414, 2, 2, 0.7853981633974483, 2.8284271247461903
62, 6, 1208, 191, 1206, 188, 2, 3, 0.982793723247329, 3.605551275463989
62, 7, 800, 15, 800, 18, 0, -3, -1.5707963267948966, 3.0
62, 8, 717, 615, 719, 619, -2, -4, -2.0344439357957027, 4.47213595499958
62, 9, 921, 33, 923, 33, -2, 0, 3.141592653589793, 2.0
62, 10, 1258, 141, 1260, 139, -2, 2, 2.356194490192345, 2.8284271247461903
62, 11, 793, 72, 793, 76, 0, -4, -1.5707963267948966, 4.0
62, 12, 1181, 347, 1185, 352, -4, -5, -2.2455372690184494, 6.4031242374328485
62, 14, 131, 453, 130, 452, 1, 1, 0.7853981633974483, 1.4142135623730951
62, 15, 613, 21, 614, 18, -1, 3, 1.892546881191539, 3.1622776601683795
62, 16, 752, 92, 753, 91, -1, 1, 2.356194490192345, 1.4142135623730951
62, 17, 749, 434, 750, 438, -1, -4, -1.8157749899217608, 4.123105625617661
62, 18, 173, 514, 174, 510, -1, 4, 1.8157749899217608, 4.123105625617661
62, 20, 787, 590, 791, 590, -4, 0, 3.141592653589793, 4.0
62, 21, 703, 618, 704, 623, -1, -5, -1.7681918866447774, 5.0990195135927845
62, 22, 712, 469, 715, 471, -3, -2, -2.5535900500422257, 3.605551275463989
62, 23, 826, 35, 829, 36, -3, -1, -2.819842099193151, 3.1622776601683795
62, 25, 482, 71, 482, 76, 0, -5, -1.5707963267948966, 5.0
62, 26, 493, 71, 493, 76, 0, -5, -1.5707963267948966, 5.0
62, 27, 810, 62, 811, 65, -1, -3, -1.892546881191539, 3.1622776601683795
62, 28, 505, 178, 508, 182, -3, -4, -2.214297435588181, 5.0
62, 29, 486, 60, 486, 65, 0, -5, -1.5707963267948966, 5.0
62, 31, 336, 14, 334, 14, 2, 0, 0.0, 2.0
62, 32, 802, 506, 806, 504, -4, 2, 2.677945044588987, 4.47213595499958
62, 33, 685, 140, 686, 137, -1, 3, 1.892546881191539, 3.1622776601683795
62, 34, 813, 241, 812, 245, 1, -4, -1.3258176636680326, 4.123105625617661
62, 35, 906, 49, 909, 49, -3, 0, 3.141592653589793, 3.0
62, 36, 639, 36, 638, 41, 1, -5, -1.373400766945016, 5.0990195135927845
62, 37, 111, 611, 108, 610, 3, 1, 0.3217505543966422, 3.1622776601683795
62, 38, 577, 104, 576, 105, 1, -1, -0.7853981633974483, 1.4142135623730951
62, 39, 785, 512, 789, 510, -4, 2, 2.677945044588987, 4.47213595499958
62, 40, 649, 8, 648, 12, 1, -4, -1.3258176636680326, 4.123105625617661
62, 41, 483, 269, 483, 273, 0, -4, -1.5707963267948966, 4.0
62, 42, 1195, 169, 1195, 166, 0, 3, 1.5707963267948966, 3.0
62, 43, 798, 23, 799, 26, -1, -3, -1.892546881191539, 3.1622776601683795
62, 44, 1162, 388, 1163, 391, -1, -3, -1.892546881191539, 3.1622776601683795
62, 45, 1169, 54, 1167, 53, 2, 1, 0.4636476090008061, 2.23606797749979
62, 46, 785, 33, 786, 37, -1, -4, -1.8157749899217608, 4.123105625617661
62, 47, 467, 272, 468, 275, -1, -3, -1.892546881191539, 3.1622776601683795
62, 48, 1132, 30, 1130, 29, 2, 1, 0.4636476090008061, 2.23606797749979
62, 49, 624, 196, 624, 193, 0, 3, 1.5707963267948966, 3.0
62, 50, 528, 211, 531, 216, -3, -5, -2.1112158270654806, 5.830951894845301
62, 51, 1168, 304, 1170, 308, -2, -4, -2.0344439357957027, 4.47213595499958
62, 52, 1189, 224, 1187, 221, 2, 3, 0.982793723247329, 3.605551275463989
62, 54, 1095, 384, 1092, 382, 3, 2, 0.5880026035475675, 3.605551275463989
62, 55, 803, 515, 808, 513, -5, 2, 2.761086276477428, 5.385164807134504
62, 56, 1052, 435, 1050, 432, 2, 3, 0.982793723247329, 3.605551275463989
62, 57, 123, 514, 126, 511, -3, 3, 2.356194490192345, 4.242640687119285
62, 58, 712, 671, 714, 676, -2, -5, -1.9513027039072615, 5.385164807134504
62, 60, 493, 143, 493, 145, 0, -2, -1.5707963267948966, 2.0
62, 61, 1151, 357, 1154, 358, -3, -1, -2.819842099193151, 3.1622776601683795
62, 62, 484, 371, 484, 376, 0, -5, -1.5707963267948966, 5.0
62, 64, 1167, 322, 1170, 326, -3, -4, -2.214297435588181, 5.0
62, 65, 1100, 41, 1097, 40, 3, 1, 0.3217505543966422, 3.1622776601683795
62, 66, 782, 559, 784, 559, -2, 0, 3.141592653589793, 2.0
62, 67, 677, 208, 677, 205, 0, 3, 1.5707963267948966, 3.0
62, 68, 659, 13, 657, 16, 2, -3, -0.982793723247329, 3.605551275463989
62, 71, 693, 153, 694, 151, -1, 2, 2.0344439357957027, 2.23606797749979
62, 72, 812, 266, 811, 271, 1, -5, -1.373400766945016, 5.0990195135927845
62, 73, 426, 313, 428, 312, -2, 1, 2.677945044588987, 2.23606797749979
62, 74, 401, 271, 401, 268, 0, 3, 1.5707963267948966, 3.0
62, 75, 782, 270, 781, 274, 1, -4, -1.3258176636680326, 4.123105625617661
62, 76, 1180, 318, 1183, 323, -3, -5, -2.1112158270654806, 5.830951894845301
62, 77, 502, 216, 504, 221, -2, -5, -1.9513027039072615, 5.385164807134504
62, 78, 756, 481, 758, 485, -2, -4, -2.0344439357957027, 4.47213595499958
62, 79, 50, 46, 46, 47, 4, -1, -0.24497866312686414, 4.123105625617661
62, 80, 1171, 203, 1170, 204, 1, -1, -0.7853981633974483, 1.4142135623730951
62, 81, 1048, 456, 1046, 453, 2, 3, 0.982793723247329, 3.605551275463989
62, 82, 58, 87, 56, 88, 2, -1, -0.4636476090008061, 2.23606797749979
62, 84, 168, 503, 169, 499, -1, 4, 1.8157749899217608, 4.123105625617661
62, 86, 643, 13, 642, 17, 1, -4, -1.3258176636680326, 4.123105625617661
62, 87, 81, 137, 81, 139, 0, -2, -1.5707963267948966, 2.0
62, 88, 392, 207, 391, 203, 1, 4, 1.3258176636680326, 4.123105625617661
62, 89, 48, 90, 45, 91, 3, -1, -0.3217505543966422, 3.1622776601683795
62, 90, 1056, 522, 1054, 520, 2, 2, 0.7853981633974483, 2.8284271247461903
62, 92, 1115, 90, 1113, 91, 2, -1, -0.4636476090008061, 2.23606797749979
62, 93, 1111, 33, 1108, 32, 3, 1, 0.3217505543966422, 3.1622776601683795
62, 96, 743, 98, 744, 96, -1, 2, 2.0344439357957027, 2.23606797749979
62, 97, 1170, 61, 1168, 60, 2, 1, 0.4636476090008061, 2.23606797749979
62, 98, 65, 77, 65, 79, 0, -2, -1.5707963267948966, 2.0
62, 101, 1223, 232, 1220, 232, 3, 0, 0.0, 3.0
62, 104, 746, 492, 748, 495, -2, -3, -2.158798930342464, 3.605551275463989
62, 105, 130, 445, 131, 443, -1, 2, 2.0344439357957027, 2.23606797749979
62, 106, 482, 148, 482, 152, 0, -4, -1.5707963267948966, 4.0
62, 107, 811, 29, 812, 31, -1, -2, -2.0344439357957027, 2.23606797749979
62, 108, 1164, 95, 1162, 93, 2, 2, 0.7853981633974483, 2.8284271247461903
62, 110, 477, 257, 477, 262, 0, -5, -1.5707963267948966, 5.0
62, 111, 48, 54, 45, 55, 3, -1, -0.3217505543966422, 3.1622776601683795
62, 112, 1168, 413, 1168, 416, 0, -3, -1.5707963267948966, 3.0
62, 114, 793, 224, 792, 229, 1, -5, -1.373400766945016, 5.0990195135927845
62, 115, 45, 84, 43, 85, 2, -1, -0.4636476090008061, 2.23606797749979
62, 117, 48, 77, 45, 77, 3, 0, 0.0, 3.0
62, 118, 799, 93, 800, 96, -1, -3, -1.892546881191539, 3.1622776601683795
62, 119, 165, 19, 166, 18, -1, 1, 2.356194490192345, 1.4142135623730951
62, 120, 516, 188, 519, 192, -3, -4, -2.214297435588181, 5.0
62, 121, 1129, 71, 1127, 70, 2, 1, 0.4636476090008061, 2.23606797749979
62, 122, 801, 234, 800, 238, 1, -4, -1.3258176636680326, 4.123105625617661
62, 125, 313, 26, 311, 28, 2, -2, -0.7853981633974483, 2.8284271247461903
62, 126, 50, 107, 48, 108, 2, -1, -0.4636476090008061, 2.23606797749979
62, 127, 395, 318, 395, 314, 0, 4, 1.5707963267948966, 4.0
62, 129, 1192, 273, 1193, 272, -1, 1, 2.356194490192345, 1.4142135623730951
62, 131, 713, 595, 715, 600, -2, -5, -1.9513027039072615, 5.385164807134504
62, 133, 1095, 374, 1093, 371, 2, 3, 0.982793723247329, 3.605551275463989
62, 135, 776, 106, 777, 108, -1, -2, -2.0344439357957027, 2.23606797749979
62, 136, 1249, 218, 1246, 217, 3, 1, 0.3217505543966422, 3.1622776601683795
62, 137, 1196, 132, 1196, 128, 0, 4, 1.5707963267948966, 4.0
62, 140, 611, 241, 612, 240, -1, 1, 2.356194490192345, 1.4142135623730951
62, 141, 652, 71, 651, 73, 1, -2, -1.1071487177940904, 2.23606797749979
62, 142, 182, 30, 184, 30, -2, 0, 3.141592653589793, 2.0
62, 145, 1261, 231, 1259, 229, 2, 2, 0.7853981633974483, 2.8284271247461903
62, 146, 910, 32, 913, 32, -3, 0, 3.141592653589793, 3.0
62, 147, 581, 110, 580, 111, 1, -1, -0.7853981633974483, 1.4142135623730951
62, 148, 820, 578, 823, 577, -3, 1, 2.819842099193151, 3.1622776601683795
62, 149, 705, 22, 704, 23, 1, -1, -0.7853981633974483, 1.4142135623730951
62, 150, 496, 301, 496, 305, 0, -4, -1.5707963267948966, 4.0
62, 152, 505, 190, 507, 194, -2, -4, -2.0344439357957027, 4.47213595499958
62, 154, 678, 147, 679, 144, -1, 3, 1.892546881191539, 3.1622776601683795
62, 159, 1084, 492, 1080, 490, 4, 2, 0.4636476090008061, 4.47213595499958
62, 160, 730, 530, 730, 535, 0, -5, -1.5707963267948966, 5.0
62, 162, 514, 256, 513, 260, 1, -4, -1.3258176636680326, 4.123105625617661
62, 165, 414, 245, 414, 243, 0, 2, 1.5707963267948966, 2.0
62, 168, 266, 39, 265, 40, 1, -1, -0.7853981633974483, 1.4142135623730951
62, 169, 1104, 73, 1103, 72, 1, 1, 0.7853981633974483, 1.4142135623730951
62, 170, 763, 131, 763, 128, 0, 3, 1.5707963267948966, 3.0
62, 171, 165, 643, 162, 642, 3, 1, 0.3217505543966422, 3.1622776601683795
62, 172, 408, 360, 406, 356, 2, 4, 1.1071487177940904, 4.47213595499958
62, 173, 399, 323, 399, 320, 0, 3, 1.5707963267948966, 3.0
62, 174, 414, 274, 415, 270, -1, 4, 1.8157749899217608, 4.123105625617661
62, 175, 1224, 194, 1221, 192, 3, 2, 0.5880026035475675, 3.605551275463989
62, 176, 1170, 84, 1168, 83, 2, 1, 0.4636476090008061, 2.23606797749979
62, 177, 138, 445, 140, 443, -2, 2, 2.356194490192345, 2.8284271247461903
62, 178, 1239, 247, 1236, 245, 3, 2, 0.5880026035475675, 3.605551275463989
62, 179, 1109, 519, 1106, 515, 3, 4, 0.9272952180016122, 5.0
62, 181, 740, 119, 740, 115, 0, 4, 1.5707963267948966, 4.0
62, 182, 1053, 447, 1052, 444, 1, 3, 1.2490457723982544, 3.1622776601683795
62, 183, 670, 21, 667, 21, 3, 0, 0.0, 3.0
62, 184, 403, 213, 402, 209, 1, 4, 1.3258176636680326, 4.123105625617661
62, 186, 640, 29, 639, 33, 1, -4, -1.3258176636680326, 4.123105625617661
62, 187, 504, 197, 507, 201, -3, -4, -2.214297435588181, 5.0
62, 188, 1193, 123, 1193, 120, 0, 3, 1.5707963267948966, 3.0
62, 189, 1221, 184, 1219, 181, 2, 3, 0.982793723247329, 3.605551275463989
63, 2, 805, 20, 806, 22, -1, -2, -2.0344439357957027, 2.23606797749979
63, 3, 1055, 419, 1054, 416, 1, 3, 1.2490457723982544, 3.1622776601683795
63, 6, 1209, 194, 1208, 191, 1, 3, 1.2490457723982544, 3.1622776601683795
63, 7, 800, 13, 800, 15, 0, -2, -1.5707963267948966, 2.0
63, 8, 715, 610, 717, 615, -2, -5, -1.9513027039072615, 5.385164807134504
63, 10, 1257, 142, 1258, 141, -1, 1, 2.356194490192345, 1.4142135623730951
63, 11, 792, 69, 793, 72, -1, -3, -1.892546881191539, 3.1622776601683795
63, 12, 1178, 344, 1181, 347, -3, -3, -2.356194490192345, 4.242640687119285
63, 14, 130, 456, 131, 453, -1, 3, 1.892546881191539, 3.1622776601683795
63, 15, 612, 22, 613, 21, -1, 1, 2.356194490192345, 1.4142135623730951
63, 17, 747, 429, 749, 434, -2, -5, -1.9513027039072615, 5.385164807134504
63, 18, 172, 516, 173, 514, -1, 2, 2.0344439357957027, 2.23606797749979
63, 20, 783, 590, 787, 590, -4, 0, 3.141592653589793, 4.0
63, 21, 703, 614, 703, 618, 0, -4, -1.5707963267948966, 4.0
63, 22, 710, 467, 712, 469, -2, -2, -2.356194490192345, 2.8284271247461903
63, 24, 482, 68, 482, 71, 0, -3, -1.5707963267948966, 3.0
63, 25, 492, 68, 493, 71, -1, -3, -1.892546881191539, 3.1622776601683795
63, 26, 503, 175, 505, 178, -2, -3, -2.158798930342464, 3.605551275463989
63, 27, 485, 58, 486, 60, -1, -2, -2.0344439357957027, 2.23606797749979
63, 29, 337, 13, 336, 14, 1, -1, -0.7853981633974483, 1.4142135623730951
63, 30, 798, 509, 802, 506, -4, 3, 2.498091544796509, 5.0
63, 32, 814, 237, 813, 241, 1, -4, -1.3258176636680326, 4.123105625617661
63, 33, 904, 49, 906, 49, -2, 0, 3.141592653589793, 2.0
63, 34, 639, 33, 639, 36, 0, -3, -1.5707963267948966, 3.0
63, 35, 112, 612, 111, 611, 1, 1, 0.7853981633974483, 1.4142135623730951
63, 37, 781, 515, 785, 512, -4, 3, 2.498091544796509, 5.0
63, 38, 483, 264, 483, 269, 0, -5, -1.5707963267948966, 5.0
63, 39, 1196, 172, 1195, 169, 1, 3, 1.2490457723982544, 3.1622776601683795
63, 40, 798, 21, 798, 23, 0, -2, -1.5707963267948966, 2.0
63, 41, 1160, 384, 1162, 388, -2, -4, -2.0344439357957027, 4.47213595499958
63, 43, 784, 31, 785, 33, -1, -2, -2.0344439357957027, 2.23606797749979
63, 44, 466, 268, 467, 272, -1, -4, -1.8157749899217608, 4.123105625617661
63, 46, 624, 198, 624, 196, 0, 2, 1.5707963267948966, 2.0
63, 47, 526, 208, 528, 211, -2, -3, -2.158798930342464, 3.605551275463989
63, 48, 1166, 300, 1168, 304, -2, -4, -2.0344439357957027, 4.47213595499958
63, 49, 1190, 226, 1189, 224, 1, 2, 1.1071487177940904, 2.23606797749979
63, 51, 1097, 387, 1095, 384, 2, 3, 0.982793723247329, 3.605551275463989
63, 52, 799, 517, 803, 515, -4, 2, 2.677945044588987, 4.47213595499958
63, 53, 1054, 439, 1052, 435, 2, 4, 1.1071487177940904, 4.47213595499958
63, 54, 121, 517, 123, 514, -2, 3, 2.158798930342464, 3.605551275463989
63, 55, 710, 666, 712, 671, -2, -5, -1.9513027039072615, 5.385164807134504
63, 57, 493, 141, 493, 143, 0, -2, -1.5707963267948966, 2.0
63, 58, 1149, 353, 1151, 357, -2, -4, -2.0344439357957027, 4.47213595499958
63, 59, 484, 366, 484, 371, 0, -5, -1.5707963267948966, 5.0
63, 61, 1165, 318, 1167, 322, -2, -4, -2.0344439357957027, 4.47213595499958
63, 63, 779, 561, 782, 559, -3, 2, 2.5535900500422257, 3.605551275463989
63, 65, 660, 11, 659, 13, 1, -2, -1.1071487177940904, 2.23606797749979
63, 69, 813, 263, 812, 266, 1, -3, -1.2490457723982544, 3.1622776601683795
63, 70, 425, 314, 426, 313, -1, 1, 2.356194490192345, 1.4142135623730951
63, 71, 400, 274, 401, 271, -1, 3, 1.892546881191539, 3.1622776601683795
63, 72, 782, 266, 782, 270, 0, -4, -1.5707963267948966, 4.0
63, 73, 1178, 315, 1180, 318, -2, -3, -2.158798930342464, 3.605551275463989
63, 74, 501, 213, 502, 216, -1, -3, -1.892546881191539, 3.1622776601683795
63, 75, 754, 477, 756, 481, -2, -4, -2.0344439357957027, 4.47213595499958
63, 76, 54, 45, 50, 46, 4, -1, -0.24497866312686414, 4.123105625617661
63, 78, 1050, 458, 1048, 456, 2, 2, 0.7853981633974483, 2.8284271247461903
63, 79, 60, 86, 58, 87, 2, -1, -0.4636476090008061, 2.23606797749979
63, 81, 167, 507, 168, 503, -1, 4, 1.8157749899217608, 4.123105625617661
63, 83, 643, 10, 643, 13, 0, -3, -1.5707963267948966, 3.0
63, 86, 52, 89, 48, 90, 4, -1, -0.24497866312686414, 4.123105625617661
63, 87, 1058, 526, 1056, 522, 2, 4, 1.1071487177940904, 4.47213595499958
63, 89, 1116, 89, 1115, 90, 1, -1, -0.7853981633974483, 1.4142135623730951
63, 95, 66, 76, 65, 77, 1, -1, -0.7853981633974483, 1.4142135623730951
63, 97, 1063, 473, 1061, 472, 2, 1, 0.4636476090008061, 2.23606797749979
63, 98, 1225, 234, 1223, 232, 2, 2, 0.7853981633974483, 2.8284271247461903
63, 101, 744, 489, 746, 492, -2, -3, -2.158798930342464, 3.605551275463989
63, 102, 129, 448, 130, 445, -1, 3, 1.892546881191539, 3.1622776601683795
63, 103, 482, 144, 482, 148, 0, -4, -1.5707963267948966, 4.0
63, 104, 810, 27, 811, 29, -1, -2, -2.0344439357957027, 2.23606797749979
63, 107, 476, 252, 477, 257, -1, -5, -1.7681918866447774, 5.0990195135927845
63, 108, 52, 52, 48, 54, 4, -2, -0.4636476090008061, 4.47213595499958
63, 109, 1166, 412, 1168, 413, -2, -1, -2.677945044588987, 2.23606797749979
63, 111, 794, 220, 793, 224, 1, -4, -1.3258176636680326, 4.123105625617661
63, 112, 49, 82, 45, 84, 4, -2, -0.4636476090008061, 4.47213595499958
63, 114, 51, 76, 48, 77, 3, -1, -0.3217505543966422, 3.1622776601683795
63, 115, 798, 91, 799, 93, -1, -2, -2.0344439357957027, 2.23606797749979
63, 117, 514, 185, 516, 188, -2, -3, -2.158798930342464, 3.605551275463989
63, 119, 802, 231, 801, 234, 1, -3, -1.2490457723982544, 3.1622776601683795
63, 121, 314, 24, 313, 26, 1, -2, -1.1071487177940904, 2.23606797749979
63, 122, 52, 106, 50, 107, 2, -1, -0.4636476090008061, 2.23606797749979
63, 123, 395, 321, 395, 318, 0, 3, 1.5707963267948966, 3.0
63, 125, 1193, 274, 1192, 273, 1, 1, 0.7853981633974483, 1.4142135623730951
63, 127, 711, 590, 713, 595, -2, -5, -1.9513027039072615, 5.385164807134504
63, 128, 1164, 400, 1167, 404, -3, -4, -2.214297435588181, 5.0
63, 129, 1097, 378, 1095, 374, 2, 4, 1.1071487177940904, 4.47213595499958
63, 131, 775, 103, 776, 106, -1, -3, -1.892546881191539, 3.1622776601683795
63, 132, 1252, 218, 1249, 218, 3, 0, 0.0, 3.0
63, 133, 1196, 135, 1196, 132, 0, 3, 1.5707963267948966, 3.0
63, 137, 653, 69, 652, 71, 1, -2, -1.1071487177940904, 2.23606797749979
63, 138, 180, 30, 182, 30, -2, 0, 3.141592653589793, 2.0
63, 141, 1261, 234, 1261, 231, 0, 3, 1.5707963267948966, 3.0
63, 143, 817, 580, 820, 578, -3, 2, 2.5535900500422257, 3.605551275463989
63, 145, 495, 297, 496, 301, -1, -4, -1.8157749899217608, 4.123105625617661
63, 147, 503, 187, 505, 190, -2, -3, -2.158798930342464, 3.605551275463989
63, 148, 753, 153, 753, 150, 0, 3, 1.5707963267948966, 3.0
63, 154, 1087, 495, 1084, 492, 3, 3, 0.7853981633974483, 4.242640687119285
63, 155, 730, 528, 730, 530, 0, -2, -1.5707963267948966, 2.0
63, 156, 1140, 125, 1138, 124, 2, 1, 0.4636476090008061, 2.23606797749979
63, 157, 514, 254, 514, 256, 0, -2, -1.5707963267948966, 2.0
63, 158, 1060, 461, 1058, 461, 2, 0, 0.0, 2.0
63, 160, 414, 247, 414, 245, 0, 2, 1.5707963267948966, 2.0
63, 163, 267, 37, 266, 39, 1, -2, -1.1071487177940904, 2.23606797749979
63, 166, 167, 644, 165, 643, 2, 1, 0.4636476090008061, 2.23606797749979
63, 167, 410, 363, 408, 360, 2, 3, 0.982793723247329, 3.605551275463989
63, 168, 399, 326, 399, 323, 0, 3, 1.5707963267948966, 3.0
63, 169, 414, 277, 414, 274, 0, 3, 1.5707963267948966, 3.0
63, 170, 1225, 196, 1224, 194, 1, 2, 1.1071487177940904, 2.23606797749979
63, 172, 136, 449, 138, 445, -2, 4, 2.0344439357957027, 4.47213595499958
63, 173, 1241, 250, 1239, 247, 2, 3, 0.982793723247329, 3.605551275463989
63, 174, 1112, 523, 1109, 519, 3, 4, 0.9272952180016122, 5.0
63, 175, 1151, 133, 1150, 132, 1, 1, 0.7853981633974483, 1.4142135623730951
63, 177, 1055, 449, 1053, 447, 2, 2, 0.7853981633974483, 2.8284271247461903
63, 178, 672, 22, 670, 21, 2, 1, 0.4636476090008061, 2.23606797749979
63, 181, 640, 26, 640, 29, 0, -3, -1.5707963267948966, 3.0
63, 182, 502, 194, 504, 197, -2, -3, -2.158798930342464, 3.605551275463989
63, 183, 1193, 126, 1193, 123, 0, 3, 1.5707963267948966, 3.0
63, 184, 1222, 187, 1221, 184, 1, 3, 1.2490457723982544, 3.1622776601683795
64, 2, 805, 18, 805, 20, 0, -2, -1.5707963267948966, 2.0
64, 3, 1056, 421, 1055, 419, 1, 2, 1.1071487177940904, 2.23606797749979
64, 6, 1210, 197, 1209, 194, 1, 3, 1.2490457723982544, 3.1622776601683795
64, 7, 800, 11, 800, 13, 0, -2, -1.5707963267948966, 2.0
64, 8, 713, 604, 715, 610, -2, -6, -1.892546881191539, 6.324555320336759
64, 10, 1256, 143, 1257, 142, -1, 1, 2.356194490192345, 1.4142135623730951
64, 11, 791, 67, 792, 69, -1, -2, -2.0344439357957027, 2.23606797749979
64, 12, 1175, 341, 1178, 344, -3, -3, -2.356194490192345, 4.242640687119285
64, 14, 129, 460, 130, 456, -1, 4, 1.8157749899217608, 4.123105625617661
64, 15, 611, 23, 612, 22, -1, 1, 2.356194490192345, 1.4142135623730951
64, 17, 745, 424, 747, 429, -2, -5, -1.9513027039072615, 5.385164807134504
64, 18, 170, 518, 172, 516, -2, 2, 2.356194490192345, 2.8284271247461903
64, 20, 779, 589, 783, 590, -4, -1, -2.896613990462929, 4.123105625617661
64, 21, 702, 610, 703, 614, -1, -4, -1.8157749899217608, 4.123105625617661
64, 22, 709, 465, 710, 467, -1, -2, -2.0344439357957027, 2.23606797749979
64, 24, 482, 66, 482, 68, 0, -2, -1.5707963267948966, 2.0
64, 25, 492, 66, 492, 68, 0, -2, -1.5707963267948966, 2.0
64, 26, 501, 171, 503, 175, -2, -4, -2.0344439357957027, 4.47213595499958
64, 27, 484, 56, 485, 58, -1, -2, -2.0344439357957027, 2.23606797749979
64, 30, 794, 512, 798, 509, -4, 3, 2.498091544796509, 5.0
64, 32, 815, 234, 814, 237, 1, -3, -1.2490457723982544, 3.1622776601683795
64, 33, 902, 49, 904, 49, -2, 0, 3.141592653589793, 2.0
64, 34, 639, 30, 639, 33, 0, -3, -1.5707963267948966, 3.0
64, 35, 113, 613, 112, 612, 1, 1, 0.7853981633974483, 1.4142135623730951
64, 37, 778, 517, 781, 515, -3, 2, 2.5535900500422257, 3.605551275463989
64, 38, 483, 259, 483, 264, 0, -5, -1.5707963267948966, 5.0
64, 39, 1196, 175, 1196, 172, 0, 3, 1.5707963267948966, 3.0
64, 40, 798, 19, 798, 21, 0, -2, -1.5707963267948966, 2.0
64, 41, 1157, 380, 1160, 384, -3, -4, -2.214297435588181, 5.0
64, 43, 783, 28, 784, 31, -1, -3, -1.892546881191539, 3.1622776601683795
64, 44, 465, 264, 466, 268, -1, -4, -1.8157749899217608, 4.123105625617661
64, 46, 624, 201, 624, 198, 0, 3, 1.5707963267948966, 3.0
64, 47, 524, 204, 526, 208, -2, -4, -2.0344439357957027, 4.47213595499958
64, 48, 1164, 296, 1166, 300, -2, -4, -2.0344439357957027, 4.47213595499958
64, 49, 1191, 229, 1190, 226, 1, 3, 1.2490457723982544, 3.1622776601683795
64, 51, 1098, 390, 1097, 387, 1, 3, 1.2490457723982544, 3.1622776601683795
64, 52, 795, 520, 799, 517, -4, 3, 2.498091544796509, 5.0
64, 54, 119, 520, 121, 517, -2, 3, 2.158798930342464, 3.605551275463989
64, 55, 709, 663, 710, 666, -1, -3, -1.892546881191539, 3.1622776601683795
64, 57, 493, 139, 493, 141, 0, -2, -1.5707963267948966, 2.0
64, 58, 1146, 350, 1149, 353, -3, -3, -2.356194490192345, 4.242640687119285
64, 59, 485, 360, 484, 366, 1, -6, -1.4056476493802699, 6.082762530298219
64, 61, 1163, 314, 1165, 318, -2, -4, -2.0344439357957027, 4.47213595499958
64, 63, 776, 564, 779, 561, -3, 3, 2.356194490192345, 4.242640687119285
64, 65, 660, 9, 660, 11, 0, -2, -1.5707963267948966, 2.0
64, 69, 814, 259, 813, 263, 1, -4, -1.3258176636680326, 4.123105625617661
64, 70, 424, 315, 425, 314, -1, 1, 2.356194490192345, 1.4142135623730951
64, 71, 399, 277, 400, 274, -1, 3, 1.892546881191539, 3.1622776601683795
64, 72, 783, 262, 782, 266, 1, -4, -1.3258176636680326, 4.123105625617661
64, 73, 1176, 311, 1178, 315, -2, -4, -2.0344439357957027, 4.47213595499958
64, 74, 499, 209, 501, 213, -2, -4, -2.0344439357957027, 4.47213595499958
64, 75, 752, 474, 754, 477, -2, -3, -2.158798930342464, 3.605551275463989
64, 76, 58, 43, 54, 45, 4, -2, -0.4636476090008061, 4.47213595499958
64, 79, 62, 86, 60, 86, 2, 0, 0.0, 2.0
64, 81, 165, 511, 167, 507, -2, 4, 2.0344439357957027, 4.47213595499958
64, 86, 54, 89, 52, 89, 2, 0, 0.0, 2.0
64, 87, 1061, 529, 1058, 526, 3, 3, 0.7853981633974483, 4.242640687119285
64, 89, 1117, 88, 1116, 89, 1, -1, -0.7853981633974483, 1.4142135623730951
64, 95, 68, 76, 66, 76, 2, 0, 0.0, 2.0
64, 97, 1067, 474, 1063, 473, 4, 1, 0.24497866312686414, 4.123105625617661
64, 98, 1227, 237, 1225, 234, 2, 3, 0.982793723247329, 3.605551275463989
64, 101, 743, 487, 744, 489, -1, -2, -2.0344439357957027, 2.23606797749979
64, 102, 128, 452, 129, 448, -1, 4, 1.8157749899217608, 4.123105625617661
64, 103, 482, 141, 482, 144, 0, -3, -1.5707963267948966, 3.0
64, 104, 810, 25, 810, 27, 0, -2, -1.5707963267948966, 2.0
64, 107, 476, 247, 476, 252, 0, -5, -1.5707963267948966, 5.0
64, 108, 56, 50, 52, 52, 4, -2, -0.4636476090008061, 4.47213595499958
64, 110, 795, 216, 794, 220, 1, -4, -1.3258176636680326, 4.123105625617661
64, 111, 52, 80, 49, 82, 3, -2, -0.5880026035475675, 3.605551275463989
64, 113, 53, 75, 51, 76, 2, -1, -0.4636476090008061, 2.23606797749979
64, 114, 797, 89, 798, 91, -1, -2, -2.0344439357957027, 2.23606797749979
64, 116, 512, 181, 514, 185, -2, -4, -2.0344439357957027, 4.47213595499958
64, 118, 803, 228, 802, 231, 1, -3, -1.2490457723982544, 3.1622776601683795
64, 120, 316, 22, 314, 24, 2, -2, -0.7853981633974483, 2.8284271247461903
64, 121, 53, 105, 52, 106, 1, -1, -0.7853981633974483, 1.4142135623730951
64, 122, 394, 324, 395, 321, -1, 3, 1.892546881191539, 3.1622776601683795
64, 124, 1195, 274, 1193, 274, 2, 0, 0.0, 2.0
64, 126, 710, 585, 711, 590, -1, -5, -1.7681918866447774, 5.0990195135927845
64, 127, 1163, 398, 1164, 400, -1, -2, -2.0344439357957027, 2.23606797749979
64, 128, 1098, 382, 1097, 378, 1, 4, 1.3258176636680326, 4.123105625617661
64, 130, 774, 101, 775, 103, -1, -2, -2.0344439357957027, 2.23606797749979
64, 131, 1254, 218, 1252, 218, 2, 0, 0.0, 2.0
64, 132, 1197, 138, 1196, 135, 1, 3, 1.2490457723982544, 3.1622776601683795
64, 135, 653, 67, 653, 69, 0, -2, -1.5707963267948966, 2.0
64, 138, 610, 53, 611, 52, -1, 1, 2.356194490192345, 1.4142135623730951
64, 139, 1260, 237, 1261, 234, -1, 3, 1.892546881191539, 3.1622776601683795
64, 141, 814, 580, 817, 580, -3, 0, 3.141592653589793, 3.0
64, 143, 494, 292, 495, 297, -1, -5, -1.7681918866447774, 5.0990195135927845
64, 145, 501, 183, 503, 187, -2, -4, -2.0344439357957027, 4.47213595499958
64, 152, 1091, 497, 1087, 495, 4, 2, 0.4636476090008061, 4.47213595499958
64, 154, 1142, 126, 1140, 125, 2, 1, 0.4636476090008061, 2.23606797749979
64, 156, 1061, 458, 1060, 461, 1, -3, -1.2490457723982544, 3.1622776601683795
64, 161, 268, 36, 267, 37, 1, -1, -0.7853981633974483, 1.4142135623730951
64, 164, 168, 645, 167, 644, 1, 1, 0.7853981633974483, 1.4142135623730951
64, 165, 411, 364, 410, 363, 1, 1, 0.7853981633974483, 1.4142135623730951
64, 166, 399, 329, 399, 326, 0, 3, 1.5707963267948966, 3.0
64, 167, 414, 280, 414, 277, 0, 3, 1.5707963267948966, 3.0
64, 168, 1226, 199, 1225, 196, 1, 3, 1.2490457723982544, 3.1622776601683795
64, 169, 1172, 85, 1171, 84, 1, 1, 0.7853981633974483, 1.4142135623730951
64, 170, 134, 453, 136, 449, -2, 4, 2.0344439357957027, 4.47213595499958
64, 171, 1244, 253, 1241, 250, 3, 3, 0.7853981633974483, 4.242640687119285
64, 172, 1115, 526, 1112, 523, 3, 3, 0.7853981633974483, 4.242640687119285
64, 173, 1152, 134, 1151, 133, 1, 1, 0.7853981633974483, 1.4142135623730951
64, 176, 674, 22, 672, 22, 2, 0, 0.0, 2.0
64, 178, 1066, 567, 1064, 566, 2, 1, 0.4636476090008061, 2.23606797749979
64, 179, 640, 24, 640, 26, 0, -2, -1.5707963267948966, 2.0
64, 180, 500, 190, 502, 194, -2, -4, -2.0344439357957027, 4.47213595499958
64, 181, 1194, 129, 1193, 126, 1, 3, 1.2490457723982544, 3.1622776601683795
64, 182, 1223, 190, 1222, 187, 1, 3, 1.2490457723982544, 3.1622776601683795
65, 0, 818, 239, 817, 243, 1, -4, -1.3258176636680326, 4.123105625617661
65, 2, 1148, 345, 1151, 348, -3, -3, -2.356194490192345, 4.242640687119285
65, 3, 712, 470, 713, 472, -1, -2, -2.0344439357957027, 2.23606797749979
65, 4, 641, 37, 640, 39, 1, -2, -1.1071487177940904, 2.23606797749979
65, 5, 808, 23, 808, 26, 0, -3, -1.5707963267948966, 3.0
65, 6, 1179, 348, 1182, 351, -3, -3, -2.356194490192345, 4.242640687119285
65, 7, 125, 468, 127, 465, -2, 3, 2.158798930342464, 3.605551275463989
65, 9, 1056, 422, 1055, 420, 1, 2, 1.1071487177940904, 2.23606797749979
65, 11, 279, 327, 279, 329, 0, -2, -1.5707963267948966, 2.0
65, 12, 801, 14, 801, 17, 0, -3, -1.5707963267948966, 3.0
65, 14, 528, 211, 530, 214, -2, -3, -2.158798930342464, 3.605551275463989
65, 15, 814, 46, 815, 48, -1, -2, -2.0344439357957027, 2.23606797749979
65, 16, 698, 606, 699, 610, -1, -4, -1.8157749899217608, 4.123105625617661
65, 17, 138, 525, 139, 522, -1, 3, 1.892546881191539, 3.1622776601683795
65, 18, 804, 231, 803, 235, 1, -4, -1.3258176636680326, 4.123105625617661
65, 19, 787, 33, 787, 35, 0, -2, -1.5707963267948966, 2.0
65, 21, 1210, 196, 1209, 193, 1, 3, 1.2490457723982544, 3.1622776601683795
65, 23, 717, 602, 719, 607, -2, -5, -1.9513027039072615, 5.385164807134504
65, 24, 494, 74, 494, 76, 0, -2, -1.5707963267948966, 2.0
65, 25, 484, 75, 484, 77, 0, -2, -1.5707963267948966, 2.0
65, 27, 166, 511, 168, 508, -2, 3, 2.158798930342464, 3.605551275463989
65, 28, 175, 518, 177, 517, -2, 1, 2.677945044588987, 2.23606797749979
65, 29, 111, 613, 110, 612, 1, 1, 0.7853981633974483, 1.4142135623730951
65, 31, 810, 62, 811, 64, -1, -2, -2.0344439357957027, 2.23606797749979
65, 32, 486, 63, 486, 65, 0, -2, -1.5707963267948966, 2.0
65, 34, 1259, 145, 1260, 143, -1, 2, 2.0344439357957027, 2.23606797749979
65, 35, 495, 146, 495, 148, 0, -2, -1.5707963267948966, 2.0
65, 36, 747, 428, 749, 432, -2, -4, -2.0344439357957027, 4.47213595499958
65, 37, 507, 177, 508, 181, -1, -4, -1.8157749899217608, 4.123105625617661
65, 40, 468, 267, 469, 271, -1, -4, -1.8157749899217608, 4.123105625617661
65, 41, 801, 22, 801, 25, 0, -3, -1.5707963267948966, 3.0
65, 43, 1177, 318, 1180, 321, -3, -3, -2.356194490192345, 4.242640687119285
65, 45, 484, 263, 484, 268, 0, -5, -1.5707963267948966, 5.0
65, 46, 781, 518, 785, 515, -4, 3, 2.498091544796509, 5.0
65, 48, 631, 199, 631, 196, 0, 3, 1.5707963267948966, 3.0
65, 49, 55, 90, 52, 91, 3, -1, -0.3217505543966422, 3.1622776601683795
65, 50, 1097, 392, 1096, 389, 1, 3, 1.2490457723982544, 3.1622776601683795
65, 51, 580, 106, 579, 107, 1, -1, -0.7853981633974483, 1.4142135623730951
65, 52, 791, 70, 792, 73, -1, -3, -1.892546881191539, 3.1622776601683795
65, 53, 651, 11, 650, 13, 1, -2, -1.1071487177940904, 2.23606797749979
65, 54, 55, 44, 51, 46, 4, -2, -0.4636476090008061, 4.47213595499958
65, 56, 1199, 172, 1198, 170, 1, 2, 1.1071487177940904, 2.23606797749979
65, 57, 1170, 56, 1169, 55, 1, 1, 0.7853981633974483, 1.4142135623730951
65, 62, 1191, 228, 1190, 225, 1, 3, 1.2490457723982544, 3.1622776601683795
65, 63, 615, 22, 616, 21, -1, 1, 2.356194490192345, 1.4142135623730951
65, 64, 776, 561, 780, 559, -4, 2, 2.677945044588987, 4.47213595499958
65, 65, 643, 14, 643, 16, 0, -2, -1.5707963267948966, 2.0
65, 66, 1101, 43, 1099, 43, 2, 0, 0.0, 2.0
65, 67, 1171, 63, 1170, 62, 1, 1, 0.7853981633974483, 1.4142135623730951
65, 68, 1168, 301, 1170, 305, -2, -4, -2.0344439357957027, 4.47213595499958
65, 70, 803, 522, 806, 519, -3, 3, 2.356194490192345, 4.242640687119285
65, 73, 1252, 218, 1250, 217, 2, 1, 0.4636476090008061, 2.23606797749979
65, 75, 1133, 30, 1132, 31, 1, -1, -0.7853981633974483, 1.4142135623730951
65, 80, 124, 529, 126, 526, -2, 3, 2.158798930342464, 3.605551275463989
65, 82, 489, 139, 489, 141, 0, -2, -1.5707963267948966, 2.0
65, 85, 490, 363, 488, 368, 2, -5, -1.1902899496825317, 5.385164807134504
65, 86, 1184, 257, 1183, 255, 1, 2, 1.1071487177940904, 2.23606797749979
65, 87, 402, 266, 403, 264, -1, 2, 2.0344439357957027, 2.23606797749979
65, 88, 1113, 34, 1111, 34, 2, 0, 0.0, 2.0
65, 89, 814, 30, 814, 32, 0, -2, -1.5707963267948966, 2.0
65, 90, 799, 512, 802, 509, -3, 3, 2.356194490192345, 4.242640687119285
65, 91, 868, 52, 870, 53, -2, -1, -2.677945044588987, 2.23606797749979
65, 92, 516, 185, 518, 189, -2, -4, -2.0344439357957027, 4.47213595499958
65, 104, 415, 277, 415, 274, 0, 3, 1.5707963267948966, 3.0
65, 108, 145, 530, 147, 527, -2, 3, 2.158798930342464, 3.605551275463989
65, 109, 784, 266, 783, 270, 1, -4, -1.3258176636680326, 4.123105625617661
65, 110, 1065, 558, 1061, 554, 4, 4, 0.7853981633974483, 5.656854249492381
65, 111, 796, 222, 795, 226, 1, -4, -1.3258176636680326, 4.123105625617661
65, 113, 165, 521, 167, 520, -2, 1, 2.677945044588987, 2.23606797749979
65, 115, 786, 252, 786, 255, 0, -3, -1.5707963267948966, 3.0
65, 116, 503, 214, 504, 218, -1, -4, -1.8157749899217608, 4.123105625617661
65, 117, 723, 646, 725, 646, -2, 0, 3.141592653589793, 2.0
65, 118, 814, 267, 813, 270, 1, -3, -1.2490457723982544, 3.1622776601683795
65, 119, 1064, 533, 1061, 530, 3, 3, 0.7853981633974483, 4.242640687119285
65, 120, 708, 658, 710, 661, -2, -3, -2.158798930342464, 3.605551275463989
65, 122, 809, 557, 813, 555, -4, 2, 2.677945044588987, 4.47213595499958
65, 124, 394, 322, 395, 319, -1, 3, 1.892546881191539, 3.1622776601683795
65, 126, 477, 252, 477, 257, 0, -5, -1.5707963267948966, 5.0
65, 127, 54, 53, 50, 55, 4, -2, -0.4636476090008061, 4.47213595499958
65, 128, 651, 72, 650, 74, 1, -2, -1.1071487177940904, 2.23606797749979
65, 130, 642, 28, 642, 30, 0, -2, -1.5707963267948966, 2.0
65, 131, 1196, 290, 1193, 287, 3, 3, 0.7853981633974483, 4.242640687119285
65, 132, 611, 54, 612, 53, -1, 1, 2.356194490192345, 1.4142135623730951
65, 133, 1227, 243, 1225, 241, 2, 2, 0.7853981633974483, 2.8284271247461903
65, 134, 1223, 199, 1222, 196, 1, 3, 1.2490457723982544, 3.1622776601683795
65, 139, 128, 459, 130, 455, -2, 4, 2.0344439357957027, 4.47213595499958
65, 141, 1254, 248, 1254, 245, 0, 3, 1.5707963267948966, 3.0
65, 146, 658, 16, 657, 18, 1, -2, -1.1071487177940904, 2.23606797749979
65, 147, 53, 105, 50, 106, 3, -1, -0.3217505543966422, 3.1622776601683795
65, 148, 527, 266, 527, 269, 0, -3, -1.5707963267948966, 3.0
65, 154, 585, 111, 584, 112, 1, -1, -0.7853981633974483, 1.4142135623730951
65, 155, 54, 77, 51, 79, 3, -2, -0.5880026035475675, 3.605551275463989
65, 156, 1093, 444, 1090, 443, 3, 1, 0.3217505543966422, 3.1622776601683795
65, 158, 640, 295, 640, 293, 0, 2, 1.5707963267948966, 2.0
65, 159, 1091, 499, 1088, 496, 3, 3, 0.7853981633974483, 4.242640687119285
65, 160, 819, 584, 823, 581, -4, 3, 2.498091544796509, 5.0
65, 162, 1176, 361, 1179, 364, -3, -3, -2.356194490192345, 4.242640687119285
65, 164, 1197, 127, 1196, 125, 1, 2, 1.1071487177940904, 2.23606797749979
65, 166, 1200, 134, 1199, 132, 1, 2, 1.1071487177940904, 2.23606797749979
65, 167, 798, 96, 799, 98, -1, -2, -2.0344439357957027, 2.23606797749979
65, 170, 685, 646, 686, 648, -1, -2, -2.0344439357957027, 2.23606797749979
65, 171, 399, 275, 400, 273, -1, 2, 2.0344439357957027, 2.23606797749979
65, 173, 1164, 318, 1167, 322, -3, -4, -2.214297435588181, 5.0
65, 174, 1097, 383, 1096, 379, 1, 4, 1.3258176636680326, 4.123105625617661
65, 179, 1261, 170, 1267, 170, -6, 0, 3.141592653589793, 6.0
65, 182, 1182, 220, 1183, 217, -1, 3, 1.892546881191539, 3.1622776601683795
65, 183, 1050, 428, 1049, 426, 1, 2, 1.1071487177940904, 2.23606797749979
65, 185, 712, 583, 714, 588, -2, -5, -1.9513027039072615, 5.385164807134504
65, 186, 143, 701, 140, 701, 3, 0, 0.0, 3.0
65, 188, 495, 297, 496, 301, -1, -4, -1.8157749899217608, 4.123105625617661
65, 189, 1181, 235, 1180, 232, 1, 3, 1.2490457723982544, 3.1622776601683795
65, 190, 1152, 137, 1150, 135, 2, 2, 0.7853981633974483, 2.8284271247461903
65, 192, 503, 195, 505, 199, -2, -4, -2.0344439357957027, 4.47213595499958
65, 194, 1071, 571, 1067, 566, 4, 5, 0.8960553845713439, 6.4031242374328485
65, 195, 709, 598, 711, 603, -2, -5, -1.9513027039072615, 5.385164807134504
65, 196, 775, 549, 779, 548, -4, 1, 2.896613990462929, 4.123105625617661
65, 197, 401, 329, 401, 326, 0, 3, 1.5707963267948966, 3.0
65, 198, 138, 459, 140, 455, -2, 4, 2.0344439357957027, 4.47213595499958
66, 0, 818, 236, 818, 239, 0, -3, -1.5707963267948966, 3.0
66, 2, 1145, 341, 1148, 345, -3, -4, -2.214297435588181, 5.0
66, 3, 710, 468, 712, 470, -2, -2, -2.356194490192345, 2.8284271247461903
66, 4, 641, 35, 641, 37, 0, -2, -1.5707963267948966, 2.0
66, 5, 807, 20, 808, 23, -1, -3, -1.892546881191539, 3.1622776601683795
66, 6, 1175, 345, 1179, 348, -4, -3, -2.498091544796509, 5.0
66, 7, 123, 472, 125, 468, -2, 4, 2.0344439357957027, 4.47213595499958
66, 9, 1058, 424, 1056, 422, 2, 2, 0.7853981633974483, 2.8284271247461903
66, 11, 800, 11, 801, 14, -1, -3, -1.892546881191539, 3.1622776601683795
66, 13, 526, 207, 528, 211, -2, -4, -2.0344439357957027, 4.47213595499958
66, 14, 813, 44, 814, 46, -1, -2, -2.0344439357957027, 2.23606797749979
66, 15, 697, 601, 698, 606, -1, -5, -1.7681918866447774, 5.0990195135927845
66, 16, 137, 527, 138, 525, -1, 2, 2.0344439357957027, 2.23606797749979
66, 17, 805, 227, 804, 231, 1, -4, -1.3258176636680326, 4.123105625617661
66, 18, 786, 31, 787, 33, -1, -2, -2.0344439357957027, 2.23606797749979
66, 20, 1211, 199, 1210, 196, 1, 3, 1.2490457723982544, 3.1622776601683795
66, 22, 714, 597, 717, 602, -3, -5, -2.1112158270654806, 5.830951894845301
66, 23, 493, 72, 494, 74, -1, -2, -2.0344439357957027, 2.23606797749979
66, 24, 483, 73, 484, 75, -1, -2, -2.0344439357957027, 2.23606797749979
66, 26, 164, 513, 166, 511, -2, 2, 2.356194490192345, 2.8284271247461903
66, 27, 172, 519, 175, 518, -3, 1, 2.819842099193151, 3.1622776601683795
66, 28, 112, 615, 111, 613, 1, 2, 1.1071487177940904, 2.23606797749979
66, 30, 809, 60, 810, 62, -1, -2, -2.0344439357957027, 2.23606797749979
66, 31, 485, 61, 486, 63, -1, -2, -2.0344439357957027, 2.23606797749979
66, 32, 183, 12, 184, 11, -1, 1, 2.356194490192345, 1.4142135623730951
66, 33, 1258, 146, 1259, 145, -1, 1, 2.356194490192345, 1.4142135623730951
66, 34, 495, 144, 495, 146, 0, -2, -1.5707963267948966, 2.0
66, 35, 745, 424, 747, 428, -2, -4, -2.0344439357957027, 4.47213595499958
66, 36, 506, 173, 507, 177, -1, -4, -1.8157749899217608, 4.123105625617661
66, 39, 468, 264, 468, 267, 0, -3, -1.5707963267948966, 3.0
66, 40, 800, 19, 801, 22, -1, -3, -1.892546881191539, 3.1622776601683795
66, 42, 1174, 314, 1177, 318, -3, -4, -2.214297435588181, 5.0
66, 44, 484, 259, 484, 263, 0, -4, -1.5707963267948966, 4.0
66, 45, 778, 520, 781, 518, -3, 2, 2.5535900500422257, 3.605551275463989
66, 47, 631, 202, 631, 199, 0, 3, 1.5707963267948966, 3.0
66, 48, 58, 89, 55, 90, 3, -1, -0.3217505543966422, 3.1622776601683795
66, 49, 1098, 395, 1097, 392, 1, 3, 1.2490457723982544, 3.1622776601683795
66, 51, 790, 68, 791, 70, -1, -2, -2.0344439357957027, 2.23606797749979
66, 52, 651, 9, 651, 11, 0, -2, -1.5707963267948966, 2.0
66, 53, 59, 42, 55, 44, 4, -2, -0.4636476090008061, 4.47213595499958
66, 55, 1199, 174, 1199, 172, 0, 2, 1.5707963267948966, 2.0
66, 60, 1192, 231, 1191, 228, 1, 3, 1.2490457723982544, 3.1622776601683795
66, 61, 614, 23, 615, 22, -1, 1, 2.356194490192345, 1.4142135623730951
66, 62, 773, 563, 776, 561, -3, 2, 2.5535900500422257, 3.605551275463989
66, 63, 643, 12, 643, 14, 0, -2, -1.5707963267948966, 2.0
66, 64, 1103, 43, 1101, 43, 2, 0, 0.0, 2.0
66, 66, 1166, 297, 1168, 301, -2, -4, -2.0344439357957027, 4.47213595499958
66, 68, 799, 525, 803, 522, -4, 3, 2.498091544796509, 5.0
66, 71, 1253, 219, 1252, 218, 1, 1, 0.7853981633974483, 1.4142135623730951
66, 78, 122, 531, 124, 529, -2, 2, 2.356194490192345, 2.8284271247461903
66, 79, 489, 136, 489, 139, 0, -3, -1.5707963267948966, 3.0
66, 82, 491, 358, 490, 363, 1, -5, -1.373400766945016, 5.0990195135927845
66, 83, 1184, 259, 1184, 257, 0, 2, 1.5707963267948966, 2.0
66, 84, 401, 268, 402, 266, -1, 2, 2.0344439357957027, 2.23606797749979
66, 86, 813, 27, 814, 30, -1, -3, -1.892546881191539, 3.1622776601683795
66, 87, 796, 515, 799, 512, -3, 3, 2.356194490192345, 4.242640687119285
66, 88, 514, 181, 516, 185, -2, -4, -2.0344439357957027, 4.47213595499958
66, 97, 414, 280, 415, 277, -1, 3, 1.892546881191539, 3.1622776601683795
66, 101, 143, 533, 145, 530, -2, 3, 2.158798930342464, 3.605551275463989
66, 102, 785, 262, 784, 266, 1, -4, -1.3258176636680326, 4.123105625617661
66, 103, 1068, 561, 1065, 558, 3, 3, 0.7853981633974483, 4.242640687119285
66, 104, 797, 218, 796, 222, 1, -4, -1.3258176636680326, 4.123105625617661
66, 106, 162, 522, 165, 521, -3, 1, 2.819842099193151, 3.1622776601683795
66, 108, 786, 250, 786, 252, 0, -2, -1.5707963267948966, 2.0
66, 109, 501, 210, 503, 214, -2, -4, -2.0344439357957027, 4.47213595499958
66, 110, 720, 645, 723, 646, -3, -1, -2.819842099193151, 3.1622776601683795
66, 111, 814, 264, 814, 267, 0, -3, -1.5707963267948966, 3.0
66, 112, 1066, 536, 1064, 533, 2, 3, 0.982793723247329, 3.605551275463989
66, 113, 706, 655, 708, 658, -2, -3, -2.158798930342464, 3.605551275463989
66, 115, 805, 559, 809, 557, -4, 2, 2.677945044588987, 4.47213595499958
66, 117, 393, 325, 394, 322, -1, 3, 1.892546881191539, 3.1622776601683795
66, 119, 477, 247, 477, 252, 0, -5, -1.5707963267948966, 5.0
66, 120, 58, 51, 54, 53, 4, -2, -0.4636476090008061, 4.47213595499958
66, 121, 652, 70, 651, 72, 1, -2, -1.1071487177940904, 2.23606797749979
66, 122, 1149, 400, 1150, 402, -1, -2, -2.0344439357957027, 2.23606797749979
66, 123, 642, 26, 642, 28, 0, -2, -1.5707963267948966, 2.0
66, 124, 1199, 292, 1196, 290, 3, 2, 0.5880026035475675, 3.605551275463989
66, 126, 1228, 246, 1227, 243, 1, 3, 1.2490457723982544, 3.1622776601683795
66, 127, 1224, 202, 1223, 199, 1, 3, 1.2490457723982544, 3.1622776601683795
66, 132, 126, 463, 128, 459, -2, 4, 2.0344439357957027, 4.47213595499958
66, 134, 1255, 250, 1254, 248, 1, 2, 1.1071487177940904, 2.23606797749979
66, 139, 658, 14, 658, 16, 0, -2, -1.5707963267948966, 2.0
66, 140, 55, 104, 53, 105, 2, -1, -0.4636476090008061, 2.23606797749979
66, 141, 526, 263, 527, 266, -1, -3, -1.892546881191539, 3.1622776601683795
66, 147, 56, 75, 54, 77, 2, -2, -0.7853981633974483, 2.8284271247461903
66, 148, 1096, 445, 1093, 444, 3, 1, 0.3217505543966422, 3.1622776601683795
66, 150, 639, 297, 640, 295, -1, 2, 2.0344439357957027, 2.23606797749979
66, 151, 1094, 502, 1091, 499, 3, 3, 0.7853981633974483, 4.242640687119285
66, 152, 816, 584, 819, 584, -3, 0, 3.141592653589793, 3.0
66, 154, 1172, 358, 1176, 361, -4, -3, -2.498091544796509, 5.0
66, 155, 1198, 129, 1197, 127, 1, 2, 1.1071487177940904, 2.23606797749979
66, 157, 1201, 136, 1200, 134, 1, 2, 1.1071487177940904, 2.23606797749979
66, 158, 797, 94, 798, 96, -1, -2, -2.0344439357957027, 2.23606797749979
66, 161, 684, 644, 685, 646, -1, -2, -2.0344439357957027, 2.23606797749979
66, 162, 397, 277, 399, 275, -2, 2, 2.356194490192345, 2.8284271247461903
66, 163, 1161, 314, 1164, 318, -3, -4, -2.214297435588181, 5.0
66, 164, 1098, 387, 1097, 383, 1, 4, 1.3258176636680326, 4.123105625617661
66, 171, 1182, 222, 1182, 220, 0, 2, 1.5707963267948966, 2.0
66, 172, 1051, 430, 1050, 428, 1, 2, 1.1071487177940904, 2.23606797749979
66, 174, 710, 578, 712, 583, -2, -5, -1.9513027039072615, 5.385164807134504
66, 175, 145, 701, 143, 701, 2, 0, 0.0, 2.0
66, 177, 494, 292, 495, 297, -1, -5, -1.7681918866447774, 5.0990195135927845
66, 178, 1182, 238, 1181, 235, 1, 3, 1.2490457723982544, 3.1622776601683795
66, 179, 1154, 139, 1152, 137, 2, 2, 0.7853981633974483, 2.8284271247461903
66, 181, 501, 191, 503, 195, -2, -4, -2.0344439357957027, 4.47213595499958
66, 183, 1073, 575, 1071, 571, 2, 4, 1.1071487177940904, 4.47213595499958
66, 184, 707, 593, 709, 598, -2, -5, -1.9513027039072615, 5.385164807134504
66, 185, 772, 550, 775, 549, -3, 1, 2.819842099193151, 3.1622776601683795
66, 186, 401, 332, 401, 329, 0, 3, 1.5707963267948966, 3.0
66, 187, 136, 463, 138, 459, -2, 4, 2.0344439357957027, 4.47213595499958
67, 0, 817, 232, 818, 236, -1, -4, -1.8157749899217608, 4.123105625617661
67, 1, 254, 346, 254, 348, 0, -2, -1.5707963267948966, 2.0
67, 2, 1142, 338, 1145, 341, -3, -3, -2.356194490192345, 4.242640687119285
67, 3, 708, 464, 710, 468, -2, -4, -2.0344439357957027, 4.47213595499958
67, 4, 642, 32, 641, 35, 1, -3, -1.2490457723982544, 3.1622776601683795
67, 5, 806, 15, 807, 20, -1, -5, -1.7681918866447774, 5.0990195135927845
67, 6, 1171, 340, 1175, 345, -4, -5, -2.2455372690184494, 6.4031242374328485
67, 7, 121, 474, 123, 472, -2, 2, 2.356194490192345, 2.8284271247461903
67, 9, 1059, 425, 1058, 424, 1, 1, 0.7853981633974483, 1.4142135623730951
67, 10, 279, 324, 279, 326, 0, -2, -1.5707963267948966, 2.0
67, 11, 799, 6, 800, 11, -1, -5, -1.7681918866447774, 5.0990195135927845
67, 12, 165, 652, 163, 651, 2, 1, 0.4636476090008061, 2.23606797749979
67, 13, 524, 202, 526, 207, -2, -5, -1.9513027039072615, 5.385164807134504
67, 14, 812, 41, 813, 44, -1, -3, -1.892546881191539, 3.1622776601683795
67, 15, 697, 596, 697, 601, 0, -5, -1.5707963267948966, 5.0
67, 16, 134, 530, 137, 527, -3, 3, 2.356194490192345, 4.242640687119285
67, 17, 807, 223, 805, 227, 2, -4, -1.1071487177940904, 4.47213595499958
67, 18, 784, 28, 786, 31, -2, -3, -2.158798930342464, 3.605551275463989
67, 20, 1213, 201, 1211, 199, 2, 2, 0.7853981633974483, 2.8284271247461903
67, 22, 711, 593, 714, 597, -3, -4, -2.214297435588181, 5.0
67, 23, 492, 68, 493, 72, -1, -4, -1.8157749899217608, 4.123105625617661
67, 24, 482, 69, 483, 73, -1, -4, -1.8157749899217608, 4.123105625617661
67, 25, 1138, 68, 1136, 67, 2, 1, 0.4636476090008061, 2.23606797749979
67, 26, 163, 515, 164, 513, -1, 2, 2.0344439357957027, 2.23606797749979
67, 27, 170, 521, 172, 519, -2, 2, 2.356194490192345, 2.8284271247461903
67, 28, 115, 617, 112, 615, 3, 2, 0.5880026035475675, 3.605551275463989
67, 29, 1101, 74, 1098, 74, 3, 0, 0.0, 3.0
67, 30, 808, 56, 809, 60, -1, -4, -1.8157749899217608, 4.123105625617661
67, 31, 483, 57, 485, 61, -2, -4, -2.0344439357957027, 4.47213595499958
67, 32, 182, 13, 183, 12, -1, 1, 2.356194490192345, 1.4142135623730951
67, 33, 1257, 148, 1258, 146, -1, 2, 2.0344439357957027, 2.23606797749979
67, 34, 495, 141, 495, 144, 0, -3, -1.5707963267948966, 3.0
67, 35, 742, 419, 745, 424, -3, -5, -2.1112158270654806, 5.830951894845301
67, 36, 505, 168, 506, 173, -1, -5, -1.7681918866447774, 5.0990195135927845
67, 38, 695, 154, 695, 152, 0, 2, 1.5707963267948966, 2.0
67, 39, 467, 261, 468, 264, -1, -3, -1.892546881191539, 3.1622776601683795
67, 40, 799, 14, 800, 19, -1, -5, -1.7681918866447774, 5.0990195135927845
67, 41, 260, 350, 260, 352, 0, -2, -1.5707963267948966, 2.0
67, 42, 1170, 309, 1174, 314, -4, -5, -2.2455372690184494, 6.4031242374328485
67, 43, 486, 255, 484, 259, 2, -4, -1.1071487177940904, 4.47213595499958
67, 44, 775, 522, 778, 520, -3, 2, 2.5535900500422257, 3.605551275463989
67, 46, 631, 205, 631, 202, 0, 3, 1.5707963267948966, 3.0
67, 47, 60, 89, 58, 89, 2, 0, 0.0, 2.0
67, 48, 1100, 398, 1098, 395, 2, 3, 0.982793723247329, 3.605551275463989
67, 49, 583, 106, 581, 106, 2, 0, 0.0, 2.0
67, 50, 788, 66, 790, 68, -2, -2, -2.356194490192345, 2.8284271247461903
67, 51, 63, 40, 59, 42, 4, -2, -0.4636476090008061, 4.47213595499958
67, 52, 752, 97, 751, 93, 1, 4, 1.3258176636680326, 4.123105625617661
67, 53, 1202, 176, 1199, 174, 3, 2, 0.5880026035475675, 3.605551275463989
67, 54, 1171, 60, 1170, 57, 1, 3, 1.2490457723982544, 3.1622776601683795
67, 57, 684, 140, 684, 138, 0, 2, 1.5707963267948966, 2.0
67, 58, 1193, 233, 1192, 231, 1, 2, 1.1071487177940904, 2.23606797749979
67, 60, 771, 563, 773, 563, -2, 0, 3.141592653589793, 2.0
67, 61, 645, 10, 643, 12, 2, -2, -0.7853981633974483, 2.8284271247461903
67, 62, 1107, 43, 1103, 43, 4, 0, 0.0, 4.0
67, 63, 1172, 67, 1171, 64, 1, 3, 1.2490457723982544, 3.1622776601683795
67, 64, 1162, 293, 1166, 297, -4, -4, -2.356194490192345, 5.656854249492381
67, 65, 759, 103, 758, 99, 1, 4, 1.3258176636680326, 4.123105625617661
67, 66, 795, 527, 799, 525, -4, 2, 2.677945044588987, 4.47213595499958
67, 68, 392, 207, 393, 205, -1, 2, 2.0344439357957027, 2.23606797749979
67, 69, 1256, 223, 1253, 219, 3, 4, 0.9272952180016122, 5.0
67, 71, 1135, 29, 1133, 29, 2, 0, 0.0, 2.0
67, 74, 1115, 86, 1113, 87, 2, -1, -0.4636476090008061, 2.23606797749979
67, 75, 119, 534, 122, 531, -3, 3, 2.356194490192345, 4.242640687119285
67, 76, 489, 132, 489, 136, 0, -4, -1.5707963267948966, 4.0
67, 78, 588, 39, 588, 41, 0, -2, -1.5707963267948966, 2.0
67, 79, 490, 355, 491, 358, -1, -3, -1.892546881191539, 3.1622776601683795
67, 80, 1185, 261, 1184, 259, 1, 2, 1.1071487177940904, 2.23606797749979
67, 81, 400, 269, 401, 268, -1, 1, 2.356194490192345, 1.4142135623730951
67, 82, 1118, 34, 1114, 34, 4, 0, 0.0, 4.0
67, 83, 812, 23, 813, 27, -1, -4, -1.8157749899217608, 4.123105625617661
67, 84, 792, 518, 796, 515, -4, 3, 2.498091544796509, 5.0
67, 85, 513, 177, 514, 181, -1, -4, -1.8157749899217608, 4.123105625617661
67, 86, 1171, 199, 1170, 200, 1, -1, -0.7853981633974483, 1.4142135623730951
67, 89, 647, 242, 647, 240, 0, 2, 1.5707963267948966, 2.0
67, 92, 738, 525, 739, 527, -1, -2, -2.0344439357957027, 2.23606797749979
67, 94, 413, 284, 414, 280, -1, 4, 1.8157749899217608, 4.123105625617661
67, 98, 140, 536, 143, 533, -3, 3, 2.356194490192345, 4.242640687119285
67, 99, 787, 261, 785, 262, 2, -1, -0.4636476090008061, 2.23606797749979
67, 100, 1070, 564, 1068, 561, 2, 3, 0.982793723247329, 3.605551275463989
67, 101, 798, 213, 797, 218, 1, -5, -1.373400766945016, 5.0990195135927845
67, 103, 161, 524, 162, 522, -1, 2, 2.0344439357957027, 2.23606797749979
67, 104, 697, 22, 696, 23, 1, -1, -0.7853981633974483, 1.4142135623730951
67, 106, 499, 205, 501, 210, -2, -5, -1.9513027039072615, 5.385164807134504
67, 107, 717, 643, 720, 645, -3, -2, -2.5535900500422257, 3.605551275463989
67, 108, 814, 260, 814, 264, 0, -4, -1.5707963267948966, 4.0
67, 109, 1068, 539, 1066, 536, 2, 3, 0.982793723247329, 3.605551275463989
67, 110, 705, 650, 706, 655, -1, -5, -1.7681918866447774, 5.0990195135927845
67, 112, 801, 560, 805, 559, -4, 1, 2.896613990462929, 4.123105625617661
67, 114, 391, 329, 393, 325, -2, 4, 2.0344439357957027, 4.47213595499958
67, 116, 477, 241, 477, 247, 0, -6, -1.5707963267948966, 6.0
67, 117, 61, 50, 58, 51, 3, -1, -0.3217505543966422, 3.1622776601683795
67, 118, 653, 68, 652, 70, 1, -2, -1.1071487177940904, 2.23606797749979
67, 119, 1148, 398, 1149, 400, -1, -2, -2.0344439357957027, 2.23606797749979
67, 120, 644, 23, 642, 26, 2, -3, -0.982793723247329, 3.605551275463989
67, 121, 1201, 295, 1199, 292, 2, 3, 0.982793723247329, 3.605551275463989
67, 123, 1230, 247, 1228, 246, 2, 1, 0.4636476090008061, 2.23606797749979
67, 124, 1226, 206, 1224, 202, 2, 4, 1.1071487177940904, 4.47213595499958
67, 125, 164, 22, 165, 21, -1, 1, 2.356194490192345, 1.4142135623730951
67, 129, 123, 466, 126, 463, -3, 3, 2.356194490192345, 4.242640687119285
67, 131, 1256, 249, 1255, 250, 1, -1, -0.7853981633974483, 1.4142135623730951
67, 135, 282, 318, 282, 320, 0, -2, -1.5707963267948966, 2.0
67, 136, 659, 11, 658, 14, 1, -3, -1.2490457723982544, 3.1622776601683795
67, 137, 56, 105, 55, 104, 1, 1, 0.7853981633974483, 1.4142135623730951
67, 138, 525, 260, 526, 263, -1, -3, -1.892546881191539, 3.1622776601683795
67, 141, 247, 332, 247, 334, 0, -2, -1.5707963267948966, 2.0
67, 142, 704, 21, 703, 22, 1, -1, -0.7853981633974483, 1.4142135623730951
67, 144, 59, 74, 56, 75, 3, -1, -0.3217505543966422, 3.1622776601683795
67, 145, 1099, 447, 1096, 445, 3, 2, 0.5880026035475675, 3.605551275463989
67, 146, 636, 300, 639, 297, -3, 3, 2.356194490192345, 4.242640687119285
67, 147, 1098, 504, 1094, 502, 4, 2, 0.4636476090008061, 4.47213595499958
67, 148, 813, 584, 816, 584, -3, 0, 3.141592653589793, 3.0
67, 149, 515, 255, 516, 257, -1, -2, -2.0344439357957027, 2.23606797749979
67, 150, 1168, 354, 1172, 358, -4, -4, -2.356194490192345, 5.656854249492381
67, 151, 1201, 132, 1198, 129, 3, 3, 0.7853981633974483, 4.242640687119285
67, 152, 416, 248, 416, 246, 0, 2, 1.5707963267948966, 2.0
67, 153, 1204, 139, 1201, 136, 3, 3, 0.7853981633974483, 4.242640687119285
67, 154, 796, 90, 797, 94, -1, -4, -1.8157749899217608, 4.123105625617661
67, 155, 1105, 99, 1104, 100, 1, -1, -0.7853981633974483, 1.4142135623730951
67, 156, 739, 128, 738, 130, 1, -2, -1.1071487177940904, 2.23606797749979
67, 157, 682, 643, 684, 644, -2, -1, -2.677945044588987, 2.23606797749979
67, 158, 395, 281, 397, 277, -2, 4, 2.0344439357957027, 4.47213595499958
67, 159, 1157, 311, 1161, 314, -4, -3, -2.498091544796509, 5.0
67, 160, 1100, 390, 1098, 387, 2, 3, 0.982793723247329, 3.605551275463989
67, 162, 1111, 73, 1108, 73, 3, 0, 0.0, 3.0
67, 163, 763, 130, 763, 128, 0, 2, 1.5707963267948966, 2.0
67, 164, 680, 151, 680, 149, 0, 2, 1.5707963267948966, 2.0
67, 167, 1183, 223, 1182, 222, 1, 1, 0.7853981633974483, 1.4142135623730951
67, 168, 1052, 431, 1051, 430, 1, 1, 0.7853981633974483, 1.4142135623730951
67, 169, 1163, 101, 1163, 98, 0, 3, 1.5707963267948966, 3.0
67, 170, 708, 573, 710, 578, -2, -5, -1.9513027039072615, 5.385164807134504
67, 171, 146, 700, 145, 701, 1, -1, -0.7853981633974483, 1.4142135623730951
67, 173, 493, 287, 494, 292, -1, -5, -1.7681918866447774, 5.0990195135927845
67, 174, 1184, 241, 1182, 238, 2, 3, 0.982793723247329, 3.605551275463989
67, 175, 1156, 141, 1154, 139, 2, 2, 0.7853981633974483, 2.8284271247461903
67, 177, 500, 186, 501, 191, -1, -5, -1.7681918866447774, 5.0990195135927845
67, 179, 1075, 574, 1073, 575, 2, -1, -0.4636476090008061, 2.23606797749979
67, 180, 705, 588, 707, 593, -2, -5, -1.9513027039072615, 5.385164807134504
67, 181, 770, 553, 772, 550, -2, 3, 2.158798930342464, 3.605551275463989
67, 182, 399, 336, 401, 332, -2, 4, 2.0344439357957027, 4.47213595499958
67, 183, 133, 466, 136, 463, -3, 3, 2.356194490192345, 4.242640687119285
68, 0, 817, 229, 817, 232, 0, -3, -1.5707963267948966, 3.0
68, 1, 1139, 334, 1142, 338, -3, -4, -2.214297435588181, 5.0
68, 2, 706, 460, 708, 464, -2, -4, -2.0344439357957027, 4.47213595499958
68, 4, 805, 12, 806, 15, -1, -3, -1.892546881191539, 3.1622776601683795
68, 5, 1168, 337, 1171, 340, -3, -3, -2.356194490192345, 4.242640687119285
68, 6, 118, 476, 121, 474, -3, 2, 2.5535900500422257, 3.605551275463989
68, 8, 1061, 428, 1059, 425, 2, 3, 0.982793723247329, 3.605551275463989
68, 9, 166, 653, 165, 652, 1, 1, 0.7853981633974483, 1.4142135623730951
68, 10, 523, 198, 524, 202, -1, -4, -1.8157749899217608, 4.123105625617661
68, 11, 811, 39, 812, 41, -1, -2, -2.0344439357957027, 2.23606797749979
68, 12, 695, 591, 697, 596, -2, -5, -1.9513027039072615, 5.385164807134504
68, 13, 131, 533, 134, 530, -3, 3, 2.356194490192345, 4.242640687119285
68, 14, 807, 219, 807, 223, 0, -4, -1.5707963267948966, 4.0
68, 15, 783, 26, 784, 28, -1, -2, -2.0344439357957027, 2.23606797749979
68, 17, 1214, 203, 1213, 201, 1, 2, 1.1071487177940904, 2.23606797749979
68, 18, 709, 588, 711, 593, -2, -5, -1.9513027039072615, 5.385164807134504
68, 19, 491, 65, 492, 68, -1, -3, -1.892546881191539, 3.1622776601683795
68, 20, 481, 66, 482, 69, -1, -3, -1.892546881191539, 3.1622776601683795
68, 21, 1139, 69, 1138, 68, 1, 1, 0.7853981633974483, 1.4142135623730951
68, 22, 161, 518, 163, 515, -2, 3, 2.158798930342464, 3.605551275463989
68, 23, 167, 524, 170, 521, -3, 3, 2.356194490192345, 4.242640687119285
68, 24, 116, 619, 115, 617, 1, 2, 1.1071487177940904, 2.23606797749979
68, 26, 807, 54, 808, 56, -1, -2, -2.0344439357957027, 2.23606797749979
68, 27, 482, 54, 483, 57, -1, -3, -1.892546881191539, 3.1622776601683795
68, 29, 1256, 149, 1257, 148, -1, 1, 2.356194490192345, 1.4142135623730951
68, 30, 495, 139, 495, 141, 0, -2, -1.5707963267948966, 2.0
68, 31, 740, 414, 742, 419, -2, -5, -1.9513027039072615, 5.385164807134504
68, 32, 504, 164, 505, 168, -1, -4, -1.8157749899217608, 4.123105625617661
68, 35, 467, 257, 467, 261, 0, -4, -1.5707963267948966, 4.0
68, 36, 798, 11, 799, 14, -1, -3, -1.892546881191539, 3.1622776601683795
68, 37, 1167, 305, 1170, 309, -3, -4, -2.214297435588181, 5.0
68, 38, 486, 251, 486, 255, 0, -4, -1.5707963267948966, 4.0
68, 39, 772, 524, 775, 522, -3, 2, 2.5535900500422257, 3.605551275463989
68, 41, 631, 207, 631, 205, 0, 2, 1.5707963267948966, 2.0
68, 43, 1102, 401, 1100, 398, 2, 3, 0.982793723247329, 3.605551275463989
68, 45, 67, 38, 63, 40, 4, -2, -0.4636476090008061, 4.47213595499958
68, 46, 752, 99, 752, 97, 0, 2, 1.5707963267948966, 2.0
68, 52, 1194, 235, 1193, 233, 1, 2, 1.1071487177940904, 2.23606797749979
68, 54, 768, 565, 771, 563, -3, 2, 2.5535900500422257, 3.605551275463989
68, 56, 1108, 42, 1107, 43, 1, -1, -0.7853981633974483, 1.4142135623730951
68, 58, 1160, 289, 1162, 293, -2, -4, -2.0344439357957027, 4.47213595499958
68, 59, 759, 105, 759, 103, 0, 2, 1.5707963267948966, 2.0
68, 60, 791, 529, 795, 527, -4, 2, 2.677945044588987, 4.47213595499958
68, 62, 391, 208, 392, 207, -1, 1, 2.356194490192345, 1.4142135623730951
68, 63, 1257, 226, 1256, 223, 1, 3, 1.2490457723982544, 3.1622776601683795
68, 68, 117, 537, 119, 534, -2, 3, 2.158798930342464, 3.605551275463989
68, 71, 488, 352, 490, 355, -2, -3, -2.158798930342464, 3.605551275463989
68, 73, 399, 270, 400, 269, -1, 1, 2.356194490192345, 1.4142135623730951
68, 74, 1119, 33, 1118, 34, 1, -1, -0.7853981633974483, 1.4142135623730951
68, 75, 811, 20, 812, 23, -1, -3, -1.892546881191539, 3.1622776601683795
68, 76, 789, 520, 792, 518, -3, 2, 2.5535900500422257, 3.605551275463989
68, 77, 512, 173, 513, 177, -1, -4, -1.8157749899217608, 4.123105625617661
68, 79, 1092, 95, 1091, 94, 1, 1, 0.7853981633974483, 1.4142135623730951
68, 81, 647, 244, 647, 242, 0, 2, 1.5707963267948966, 2.0
68, 82, 738, 522, 738, 525, 0, -3, -1.5707963267948966, 3.0
68, 83, 412, 285, 413, 284, -1, 1, 2.356194490192345, 1.4142135623730951
68, 87, 136, 539, 140, 536, -4, 3, 2.498091544796509, 5.0
68, 88, 787, 259, 787, 261, 0, -2, -1.5707963267948966, 2.0
68, 89, 1070, 566, 1070, 564, 0, 2, 1.5707963267948966, 2.0
68, 90, 798, 209, 798, 213, 0, -4, -1.5707963267948966, 4.0
68, 92, 159, 527, 161, 524, -2, 3, 2.158798930342464, 3.605551275463989
68, 93, 785, 252, 786, 251, -1, 1, 2.356194490192345, 1.4142135623730951
68, 94, 498, 200, 499, 205, -1, -5, -1.7681918866447774, 5.0990195135927845
68, 95, 714, 639, 717, 643, -3, -4, -2.214297435588181, 5.0
68, 96, 814, 256, 814, 260, 0, -4, -1.5707963267948966, 4.0
68, 97, 1070, 542, 1068, 539, 2, 3, 0.982793723247329, 3.605551275463989
68, 98, 703, 646, 705, 650, -2, -4, -2.0344439357957027, 4.47213595499958
68, 100, 797, 562, 801, 560, -4, 2, 2.677945044588987, 4.47213595499958
68, 102, 389, 330, 391, 329, -2, 1, 2.677945044588987, 2.23606797749979
68, 104, 477, 237, 477, 241, 0, -4, -1.5707963267948966, 4.0
68, 105, 65, 48, 61, 50, 4, -2, -0.4636476090008061, 4.47213595499958
68, 110, 1231, 249, 1230, 247, 1, 2, 1.1071487177940904, 2.23606797749979
68, 111, 1227, 208, 1226, 206, 1, 2, 1.1071487177940904, 2.23606797749979
68, 116, 120, 469, 123, 466, -3, 3, 2.356194490192345, 4.242640687119285
68, 118, 1257, 251, 1256, 249, 1, 2, 1.1071487177940904, 2.23606797749979
68, 124, 524, 258, 525, 260, -1, -2, -2.0344439357957027, 2.23606797749979
68, 128, 61, 73, 59, 74, 2, -1, -0.4636476090008061, 2.23606797749979
68, 129, 1102, 449, 1099, 447, 3, 2, 0.5880026035475675, 3.605551275463989
68, 130, 636, 302, 636, 300, 0, 2, 1.5707963267948966, 2.0
68, 131, 1101, 507, 1098, 504, 3, 3, 0.7853981633974483, 4.242640687119285
68, 132, 810, 584, 813, 584, -3, 0, 3.141592653589793, 3.0
68, 133, 514, 253, 515, 255, -1, -2, -2.0344439357957027, 2.23606797749979
68, 134, 1165, 350, 1168, 354, -3, -4, -2.214297435588181, 5.0
68, 135, 1202, 133, 1201, 132, 1, 1, 0.7853981633974483, 1.4142135623730951
68, 136, 415, 249, 416, 248, -1, 1, 2.356194490192345, 1.4142135623730951
68, 137, 1205, 140, 1204, 139, 1, 1, 0.7853981633974483, 1.4142135623730951
68, 138, 795, 87, 796, 90, -1, -3, -1.892546881191539, 3.1622776601683795
68, 141, 394, 282, 395, 281, -1, 1, 2.356194490192345, 1.4142135623730951
68, 142, 1154, 307, 1157, 311, -3, -4, -2.214297435588181, 5.0
68, 143, 1102, 393, 1100, 390, 2, 3, 0.982793723247329, 3.605551275463989
68, 146, 763, 132, 763, 130, 0, 2, 1.5707963267948966, 2.0
68, 151, 1054, 433, 1052, 431, 2, 2, 0.7853981633974483, 2.8284271247461903
68, 152, 1162, 102, 1163, 101, -1, 1, 2.356194490192345, 1.4142135623730951
68, 153, 706, 568, 708, 573, -2, -5, -1.9513027039072615, 5.385164807134504
68, 156, 493, 283, 493, 287, 0, -4, -1.5707963267948966, 4.0
68, 157, 1185, 243, 1184, 241, 1, 2, 1.1071487177940904, 2.23606797749979
68, 158, 1157, 142, 1156, 141, 1, 1, 0.7853981633974483, 1.4142135623730951
68, 160, 499, 181, 500, 186, -1, -5, -1.7681918866447774, 5.0990195135927845
68, 162, 1076, 577, 1075, 574, 1, 3, 1.2490457723982544, 3.1622776601683795
68, 163, 703, 583, 705, 588, -2, -5, -1.9513027039072615, 5.385164807134504
68, 164, 767, 555, 770, 553, -3, 2, 2.5535900500422257, 3.605551275463989
68, 165, 397, 337, 399, 336, -2, 1, 2.677945044588987, 2.23606797749979
68, 166, 130, 469, 133, 466, -3, 3, 2.356194490192345, 4.242640687119285
69, 0, 816, 226, 817, 229, -1, -3, -1.892546881191539, 3.1622776601683795
69, 1, 1136, 330, 1139, 334, -3, -4, -2.214297435588181, 5.0
69, 2, 704, 456, 706, 460, -2, -4, -2.0344439357957027, 4.47213595499958
69, 4, 804, 9, 805, 12, -1, -3, -1.892546881191539, 3.1622776601683795
69, 5, 1165, 333, 1168, 337, -3, -4, -2.214297435588181, 5.0
69, 6, 115, 479, 118, 476, -3, 3, 2.356194490192345, 4.242640687119285
69, 7, 1063, 431, 1061, 428, 2, 3, 0.982793723247329, 3.605551275463989
69, 8, 167, 654, 166, 653, 1, 1, 0.7853981633974483, 1.4142135623730951
69, 9, 522, 194, 523, 198, -1, -4, -1.8157749899217608, 4.123105625617661
69, 10, 810, 37, 811, 39, -1, -2, -2.0344439357957027, 2.23606797749979
69, 11, 694, 586, 695, 591, -1, -5, -1.7681918866447774, 5.0990195135927845
69, 12, 129, 536, 131, 533, -2, 3, 2.158798930342464, 3.605551275463989
69, 13, 807, 215, 807, 219, 0, -4, -1.5707963267948966, 4.0
69, 14, 1215, 205, 1214, 203, 1, 2, 1.1071487177940904, 2.23606797749979
69, 15, 707, 583, 709, 588, -2, -5, -1.9513027039072615, 5.385164807134504
69, 16, 490, 62, 491, 65, -1, -3, -1.892546881191539, 3.1622776601683795
69, 17, 480, 63, 481, 66, -1, -3, -1.892546881191539, 3.1622776601683795
69, 18, 1140, 70, 1139, 69, 1, 1, 0.7853981633974483, 1.4142135623730951
69, 19, 158, 521, 161, 518, -3, 3, 2.356194490192345, 4.242640687119285
69, 20, 164, 527, 167, 524, -3, 3, 2.356194490192345, 4.242640687119285
69, 21, 117, 622, 116, 619, 1, 3, 1.2490457723982544, 3.1622776601683795
69, 23, 806, 51, 807, 54, -1, -3, -1.892546881191539, 3.1622776601683795
69, 24, 481, 51, 482, 54, -1, -3, -1.892546881191539, 3.1622776601683795
69, 27, 495, 137, 495, 139, 0, -2, -1.5707963267948966, 2.0
69, 28, 738, 409, 740, 414, -2, -5, -1.9513027039072615, 5.385164807134504
69, 29, 504, 160, 504, 164, 0, -4, -1.5707963267948966, 4.0
69, 31, 695, 157, 695, 155, 0, 2, 1.5707963267948966, 2.0
69, 32, 467, 253, 467, 257, 0, -4, -1.5707963267948966, 4.0
69, 33, 797, 8, 798, 11, -1, -3, -1.892546881191539, 3.1622776601683795
69, 34, 1165, 301, 1167, 305, -2, -4, -2.0344439357957027, 4.47213595499958
69, 35, 486, 247, 486, 251, 0, -4, -1.5707963267948966, 4.0
69, 36, 769, 526, 772, 524, -3, 2, 2.5535900500422257, 3.605551275463989
69, 40, 1104, 404, 1102, 401, 2, 3, 0.982793723247329, 3.605551275463989
69, 42, 70, 37, 67, 38, 3, -1, -0.3217505543966422, 3.1622776601683795
69, 43, 752, 101, 752, 99, 0, 2, 1.5707963267948966, 2.0
69, 48, 684, 143, 684, 141, 0, 2, 1.5707963267948966, 2.0
69, 49, 1195, 236, 1194, 235, 1, 1, 0.7853981633974483, 1.4142135623730951
69, 51, 765, 567, 768, 565, -3, 2, 2.5535900500422257, 3.605551275463989
69, 54, 1157, 285, 1160, 289, -3, -4, -2.214297435588181, 5.0
69, 55, 759, 107, 759, 105, 0, 2, 1.5707963267948966, 2.0
69, 56, 787, 532, 791, 529, -4, 3, 2.498091544796509, 5.0
69, 58, 1258, 229, 1257, 226, 1, 3, 1.2490457723982544, 3.1622776601683795
69, 62, 116, 540, 117, 537, -1, 3, 1.892546881191539, 3.1622776601683795
69, 64, 334, 13, 333, 15, 1, -2, -1.1071487177940904, 2.23606797749979
69, 65, 487, 350, 488, 352, -1, -2, -2.0344439357957027, 2.23606797749979
69, 67, 398, 271, 399, 270, -1, 1, 2.356194490192345, 1.4142135623730951
69, 69, 810, 17, 811, 20, -1, -3, -1.892546881191539, 3.1622776601683795
69, 70, 785, 523, 789, 520, -4, 3, 2.498091544796509, 5.0
69, 71, 511, 169, 512, 173, -1, -4, -1.8157749899217608, 4.123105625617661
69, 72, 1171, 203, 1171, 200, 0, 3, 1.5707963267948966, 3.0
69, 75, 647, 246, 647, 244, 0, 2, 1.5707963267948966, 2.0
69, 76, 737, 517, 738, 522, -1, -5, -1.7681918866447774, 5.0990195135927845
69, 77, 411, 286, 412, 285, -1, 1, 2.356194490192345, 1.4142135623730951
69, 78, 684, 233, 685, 232, -1, 1, 2.356194490192345, 1.4142135623730951
69, 81, 132, 541, 136, 539, -4, 2, 2.677945044588987, 4.47213595499958
69, 82, 786, 256, 787, 259, -1, -3, -1.892546881191539, 3.1622776601683795
69, 83, 1070, 569, 1070, 566, 0, 3, 1.5707963267948966, 3.0
69, 84, 798, 206, 798, 209, 0, -3, -1.5707963267948966, 3.0
69, 86, 157, 530, 159, 527, -2, 3, 2.158798930342464, 3.605551275463989
69, 87, 784, 250, 785, 252, -1, -2, -2.0344439357957027, 2.23606797749979
69, 88, 496, 196, 498, 200, -2, -4, -2.0344439357957027, 4.47213595499958
69, 89, 712, 634, 714, 639, -2, -5, -1.9513027039072615, 5.385164807134504
69, 90, 814, 252, 814, 256, 0, -4, -1.5707963267948966, 4.0
69, 91, 1071, 546, 1070, 542, 1, 4, 1.3258176636680326, 4.123105625617661
69, 92, 701, 641, 703, 646, -2, -5, -1.9513027039072615, 5.385164807134504
69, 94, 794, 564, 797, 562, -3, 2, 2.5535900500422257, 3.605551275463989
69, 96, 387, 331, 389, 330, -2, 1, 2.677945044588987, 2.23606797749979
69, 98, 478, 233, 477, 237, 1, -4, -1.3258176636680326, 4.123105625617661
69, 99, 69, 47, 65, 48, 4, -1, -0.24497866312686414, 4.123105625617661
69, 100, 653, 65, 653, 67, 0, -2, -1.5707963267948966, 2.0
69, 104, 1232, 251, 1231, 249, 1, 2, 1.1071487177940904, 2.23606797749979
69, 105, 1228, 209, 1227, 208, 1, 1, 0.7853981633974483, 1.4142135623730951
69, 109, 117, 472, 120, 469, -3, 3, 2.356194490192345, 4.242640687119285
69, 111, 1258, 252, 1257, 251, 1, 1, 0.7853981633974483, 1.4142135623730951
69, 113, 420, 345, 420, 342, 0, 3, 1.5707963267948966, 3.0
69, 117, 523, 256, 524, 258, -1, -2, -2.0344439357957027, 2.23606797749979
69, 120, 63, 71, 61, 73, 2, -2, -0.7853981633974483, 2.8284271247461903
69, 121, 1104, 452, 1102, 449, 2, 3, 0.982793723247329, 3.605551275463989
69, 123, 1104, 510, 1101, 507, 3, 3, 0.7853981633974483, 4.242640687119285
69, 124, 807, 584, 810, 584, -3, 0, 3.141592653589793, 3.0
69, 125, 513, 251, 514, 253, -1, -2, -2.0344439357957027, 2.23606797749979
69, 126, 1162, 346, 1165, 350, -3, -4, -2.214297435588181, 5.0
69, 128, 414, 250, 415, 249, -1, 1, 2.356194490192345, 1.4142135623730951
69, 130, 794, 84, 795, 87, -1, -3, -1.892546881191539, 3.1622776601683795
69, 132, 739, 131, 739, 129, 0, 2, 1.5707963267948966, 2.0
69, 133, 393, 283, 394, 282, -1, 1, 2.356194490192345, 1.4142135623730951
69, 134, 1152, 302, 1154, 307, -2, -5, -1.9513027039072615, 5.385164807134504
69, 135, 1104, 396, 1102, 393, 2, 3, 0.982793723247329, 3.605551275463989
69, 137, 763, 134, 763, 132, 0, 2, 1.5707963267948966, 2.0
69, 138, 680, 154, 680, 152, 0, 2, 1.5707963267948966, 2.0
69, 141, 1056, 436, 1054, 433, 2, 3, 0.982793723247329, 3.605551275463989
69, 143, 704, 563, 706, 568, -2, -5, -1.9513027039072615, 5.385164807134504
69, 145, 1089, 609, 1089, 607, 0, 2, 1.5707963267948966, 2.0
69, 146, 493, 280, 493, 283, 0, -3, -1.5707963267948966, 3.0
69, 147, 1186, 244, 1185, 243, 1, 1, 0.7853981633974483, 1.4142135623730951
69, 148, 1157, 144, 1157, 142, 0, 2, 1.5707963267948966, 2.0
69, 150, 498, 177, 499, 181, -1, -4, -1.8157749899217608, 4.123105625617661
69, 152, 1077, 581, 1076, 577, 1, 4, 1.3258176636680326, 4.123105625617661
69, 153, 701, 578, 703, 583, -2, -5, -1.9513027039072615, 5.385164807134504
69, 154, 764, 557, 767, 555, -3, 2, 2.5535900500422257, 3.605551275463989
69, 155, 396, 338, 397, 337, -1, 1, 2.356194490192345, 1.4142135623730951
69, 156, 127, 472, 130, 469, -3, 3, 2.356194490192345, 4.242640687119285
70, 0, 786, 29, 787, 31, -1, -2, -2.0344439357957027, 2.23606797749979
70, 1, 1172, 338, 1174, 342, -2, -4, -2.0344439357957027, 4.47213595499958
70, 2, 1141, 335, 1144, 340, -3, -5, -2.1112158270654806, 5.830951894845301
70, 3, 1065, 442, 1062, 439, 3, 3, 0.7853981633974483, 4.242640687119285
70, 4, 817, 233, 817, 236, 0, -3, -1.5707963267948966, 3.0
70, 5, 812, 259, 812, 262, 0, -3, -1.5707963267948966, 3.0
70, 6, 711, 459, 712, 462, -1, -3, -1.892546881191539, 3.1622776601683795
70, 7, 166, 656, 165, 655, 1, 1, 0.7853981633974483, 1.4142135623730951
70, 8, 1135, 377, 1137, 377, -2, 0, 3.141592653589793, 2.0
70, 9, 1215, 204, 1213, 202, 2, 2, 0.7853981633974483, 2.8284271247461903
70, 10, 804, 694, 804, 699, 0, -5, -1.5707963267948966, 5.0
70, 12, 165, 535, 167, 533, -2, 2, 2.356194490192345, 2.8284271247461903
70, 13, 693, 587, 694, 592, -1, -5, -1.7681918866447774, 5.0990195135927845
70, 14, 759, 106, 759, 104, 0, 2, 1.5707963267948966, 2.0
70, 15, 643, 32, 643, 34, 0, -2, -1.5707963267948966, 2.0
70, 16, 526, 201, 527, 204, -1, -3, -1.892546881191539, 3.1622776601683795
70, 17, 118, 479, 121, 476, -3, 3, 2.356194490192345, 4.242640687119285
70, 18, 117, 621, 116, 619, 1, 2, 1.1071487177940904, 2.23606797749979
70, 19, 807, 15, 808, 18, -1, -3, -1.892546881191539, 3.1622776601683795
70, 20, 470, 253, 470, 257, 0, -4, -1.5707963267948966, 4.0
70, 21, 1170, 306, 1173, 311, -3, -5, -2.1112158270654806, 5.830951894845301
70, 22, 913, 30, 915, 31, -2, -1, -2.677945044588987, 2.23606797749979
70, 23, 813, 39, 814, 41, -1, -2, -2.0344439357957027, 2.23606797749979
70, 25, 712, 585, 714, 590, -2, -5, -1.9513027039072615, 5.385164807134504
70, 26, 485, 252, 485, 255, 0, -3, -1.5707963267948966, 3.0
70, 27, 1070, 545, 1069, 540, 1, 5, 1.373400766945016, 5.0990195135927845
70, 28, 689, 144, 689, 142, 0, 2, 1.5707963267948966, 2.0
70, 29, 846, 15, 848, 16, -2, -1, -2.677945044588987, 2.23606797749979
70, 30, 761, 569, 765, 567, -4, 2, 2.677945044588987, 4.47213595499958
70, 31, 771, 595, 774, 592, -3, 3, 2.356194490192345, 4.242640687119285
70, 32, 491, 66, 492, 69, -1, -3, -1.892546881191539, 3.1622776601683795
70, 34, 505, 166, 506, 170, -1, -4, -1.8157749899217608, 4.123105625617661
70, 35, 772, 527, 776, 525, -4, 2, 2.677945044588987, 4.47213595499958
70, 36, 677, 210, 677, 208, 0, 2, 1.5707963267948966, 2.0
70, 38, 810, 56, 811, 58, -1, -2, -2.0344439357957027, 2.23606797749979
70, 39, 819, 32, 820, 34, -1, -2, -2.0344439357957027, 2.23606797749979
70, 40, 484, 57, 485, 60, -1, -3, -1.892546881191539, 3.1622776601683795
70, 41, 66, 41, 63, 42, 3, -1, -0.3217505543966422, 3.1622776601683795
70, 43, 482, 68, 483, 71, -1, -3, -1.892546881191539, 3.1622776601683795
70, 44, 792, 532, 796, 530, -4, 2, 2.677945044588987, 4.47213595499958
70, 45, 805, 220, 805, 224, 0, -4, -1.5707963267948966, 4.0
70, 47, 742, 413, 744, 419, -2, -6, -1.892546881191539, 6.324555320336759
70, 48, 696, 158, 696, 156, 0, 2, 1.5707963267948966, 2.0
70, 49, 1081, 472, 1080, 467, 1, 5, 1.373400766945016, 5.0990195135927845
70, 50, 1195, 235, 1194, 234, 1, 1, 0.7853981633974483, 1.4142135623730951
70, 51, 707, 689, 708, 691, -1, -2, -2.0344439357957027, 2.23606797749979
70, 53, 916, 42, 918, 42, -2, 0, 3.141592653589793, 2.0
70, 58, 1066, 452, 1063, 450, 3, 2, 0.5880026035475675, 3.605551275463989
70, 60, 711, 633, 713, 638, -2, -5, -1.9513027039072615, 5.385164807134504
70, 61, 820, 693, 820, 699, 0, -6, -1.5707963267948966, 6.0
70, 62, 694, 239, 694, 237, 0, 2, 1.5707963267948966, 2.0
70, 68, 500, 203, 501, 207, -1, -4, -1.8157749899217608, 4.123105625617661
70, 69, 392, 209, 393, 208, -1, 1, 2.356194490192345, 1.4142135623730951
70, 70, 20, 429, 18, 429, 2, 0, 0.0, 2.0
70, 74, 789, 521, 793, 519, -4, 2, 2.677945044588987, 4.47213595499958
70, 75, 752, 100, 752, 98, 0, 2, 1.5707963267948966, 2.0
70, 79, 484, 305, 484, 307, 0, -2, -1.5707963267948966, 2.0
70, 81, 705, 640, 708, 644, -3, -4, -2.214297435588181, 5.0
70, 82, 764, 135, 764, 132, 0, 3, 1.5707963267948966, 3.0
70, 83, 400, 271, 401, 270, -1, 1, 2.356194490192345, 1.4142135623730951
70, 84, 800, 16, 801, 19, -1, -3, -1.892546881191539, 3.1622776601683795
70, 86, 798, 587, 800, 586, -2, 1, 2.677945044588987, 2.23606797749979
70, 89, 1185, 262, 1184, 263, 1, -1, -0.7853981633974483, 1.4142135623730951
70, 90, 414, 282, 415, 281, -1, 1, 2.356194490192345, 1.4142135623730951
70, 92, 812, 22, 813, 25, -1, -3, -1.892546881191539, 3.1622776601683795
70, 94, 1261, 181, 1263, 182, -2, -1, -2.677945044588987, 2.23606797749979
70, 97, 515, 176, 516, 179, -1, -3, -1.892546881191539, 3.1622776601683795
70, 98, 1102, 511, 1100, 508, 2, 3, 0.982793723247329, 3.605551275463989
70, 100, 523, 248, 524, 250, -1, -2, -2.0344439357957027, 2.23606797749979
70, 101, 335, 15, 334, 17, 1, -2, -1.1071487177940904, 2.23606797749979
70, 103, 1255, 226, 1255, 223, 0, 3, 1.5707963267948966, 3.0
70, 105, 479, 240, 479, 244, 0, -4, -1.5707963267948966, 4.0
70, 107, 1132, 529, 1130, 524, 2, 5, 1.1902899496825317, 5.385164807134504
70, 108, 1108, 407, 1105, 405, 3, 2, 0.5880026035475675, 3.605551275463989
70, 113, 818, 44, 819, 46, -1, -2, -2.0344439357957027, 2.23606797749979
70, 115, 418, 348, 418, 344, 0, 4, 1.5707963267948966, 4.0
70, 116, 142, 560, 146, 557, -4, 3, 2.498091544796509, 5.0
70, 118, 503, 177, 504, 181, -1, -4, -1.8157749899217608, 4.123105625617661
70, 119, 651, 250, 651, 247, 0, 3, 1.5707963267948966, 3.0
70, 120, 390, 327, 392, 326, -2, 1, 2.677945044588987, 2.23606797749979
70, 122, 497, 140, 497, 143, 0, -3, -1.5707963267948966, 3.0
70, 124, 790, 701, 791, 708, -1, -7, -1.7126933813990606, 7.0710678118654755
70, 125, 1261, 198, 1274, 195, -13, 3, 2.9147938055359073, 13.341664064126334
70, 128, 1096, 516, 1094, 514, 2, 2, 0.7853981633974483, 2.8284271247461903
70, 132, 1229, 206, 1228, 205, 1, 1, 0.7853981633974483, 1.4142135623730951
70, 135, 1163, 290, 1165, 295, -2, -5, -1.9513027039072615, 5.385164807134504
70, 136, 66, 50, 63, 51, 3, -1, -0.3217505543966422, 3.1622776601683795
70, 138, 1185, 243, 1184, 241, 1, 2, 1.1071487177940904, 2.23606797749979
70, 141, 708, 566, 710, 571, -2, -5, -1.9513027039072615, 5.385164807134504
70, 144, 1171, 207, 1171, 203, 0, 4, 1.5707963267948966, 4.0
70, 145, 784, 252, 785, 255, -1, -3, -1.892546881191539, 3.1622776601683795
70, 146, 719, 638, 721, 642, -2, -4, -2.0344439357957027, 4.47213595499958
70, 147, 1261, 171, 1268, 171, -7, 0, 3.141592653589793, 7.0
70, 148, 752, 442, 754, 446, -2, -4, -2.0344439357957027, 4.47213595499958
70, 149, 120, 539, 122, 536, -2, 3, 2.158798930342464, 3.605551275463989
70, 150, 1131, 575, 1129, 573, 2, 2, 0.7853981633974483, 2.8284271247461903
70, 151, 800, 594, 802, 594, -2, 0, 3.141592653589793, 2.0
70, 152, 797, 212, 797, 215, 0, -3, -1.5707963267948966, 3.0
70, 155, 757, 170, 758, 169, -1, 1, 2.356194490192345, 1.4142135623730951
70, 157, 1182, 197, 1182, 194, 0, 3, 1.5707963267948966, 3.0
70, 158, 120, 469, 123, 466, -3, 3, 2.356194490192345, 4.242640687119285
70, 159, 645, 25, 645, 27, 0, -2, -1.5707963267948966, 2.0
70, 161, 515, 253, 516, 255, -1, -2, -2.0344439357957027, 2.23606797749979
70, 162, 1149, 403, 1151, 407, -2, -4, -2.0344439357957027, 4.47213595499958
70, 163, 1063, 474, 1061, 470, 2, 4, 1.1071487177940904, 4.47213595499958
70, 164, 397, 280, 398, 279, -1, 1, 2.356194490192345, 1.4142135623730951
70, 168, 158, 527, 161, 525, -3, 2, 2.5535900500422257, 3.605551275463989
70, 169, 1158, 307, 1160, 311, -2, -4, -2.0344439357957027, 4.47213595499958
70, 170, 501, 184, 502, 188, -1, -4, -1.8157749899217608, 4.123105625617661
70, 173, 389, 238, 390, 237, -1, 1, 2.356194490192345, 1.4142135623730951
70, 175, 681, 155, 681, 153, 0, 2, 1.5707963267948966, 2.0
70, 176, 1059, 446, 1056, 443, 3, 3, 0.7853981633974483, 4.242640687119285
70, 177, 1104, 461, 1101, 459, 3, 2, 0.5880026035475675, 3.605551275463989
70, 179, 1169, 350, 1171, 353, -2, -3, -2.158798930342464, 3.605551275463989
70, 181, 131, 469, 134, 466, -3, 3, 2.356194490192345, 4.242640687119285
71, 0, 785, 27, 786, 29, -1, -2, -2.0344439357957027, 2.23606797749979
71, 1, 1170, 335, 1172, 338, -2, -3, -2.158798930342464, 3.605551275463989
71, 2, 1138, 331, 1141, 335, -3, -4, -2.214297435588181, 5.0
71, 3, 1067, 444, 1065, 442, 2, 2, 0.7853981633974483, 2.8284271247461903
71, 4, 816, 230, 817, 233, -1, -3, -1.892546881191539, 3.1622776601683795
71, 5, 812, 256, 812, 259, 0, -3, -1.5707963267948966, 3.0
71, 6, 710, 456, 711, 459, -1, -3, -1.892546881191539, 3.1622776601683795
71, 7, 167, 657, 166, 656, 1, 1, 0.7853981633974483, 1.4142135623730951
71, 8, 1133, 376, 1135, 377, -2, -1, -2.677945044588987, 2.23606797749979
71, 9, 1217, 205, 1215, 204, 2, 1, 0.4636476090008061, 2.23606797749979
71, 10, 804, 689, 804, 694, 0, -5, -1.5707963267948966, 5.0
71, 12, 162, 537, 165, 535, -3, 2, 2.5535900500422257, 3.605551275463989
71, 13, 692, 582, 693, 587, -1, -5, -1.7681918866447774, 5.0990195135927845
71, 14, 759, 108, 759, 106, 0, 2, 1.5707963267948966, 2.0
71, 15, 643, 30, 643, 32, 0, -2, -1.5707963267948966, 2.0
71, 16, 525, 198, 526, 201, -1, -3, -1.892546881191539, 3.1622776601683795
71, 17, 116, 482, 118, 479, -2, 3, 2.158798930342464, 3.605551275463989
71, 18, 118, 624, 117, 621, 1, 3, 1.2490457723982544, 3.1622776601683795
71, 19, 806, 12, 807, 15, -1, -3, -1.892546881191539, 3.1622776601683795
71, 20, 470, 249, 470, 253, 0, -4, -1.5707963267948966, 4.0
71, 21, 1167, 301, 1170, 306, -3, -5, -2.1112158270654806, 5.830951894845301
71, 22, 911, 30, 913, 30, -2, 0, 3.141592653589793, 2.0
71, 23, 812, 37, 813, 39, -1, -2, -2.0344439357957027, 2.23606797749979
71, 25, 710, 580, 712, 585, -2, -5, -1.9513027039072615, 5.385164807134504
71, 26, 485, 249, 485, 252, 0, -3, -1.5707963267948966, 3.0
71, 27, 1071, 550, 1070, 545, 1, 5, 1.373400766945016, 5.0990195135927845
71, 28, 689, 147, 689, 144, 0, 3, 1.5707963267948966, 3.0
71, 29, 844, 14, 846, 15, -2, -1, -2.677945044588987, 2.23606797749979
71, 30, 757, 571, 761, 569, -4, 2, 2.677945044588987, 4.47213595499958
71, 31, 769, 598, 771, 595, -2, 3, 2.158798930342464, 3.605551275463989
71, 32, 490, 63, 491, 66, -1, -3, -1.892546881191539, 3.1622776601683795
71, 34, 504, 163, 505, 166, -1, -3, -1.892546881191539, 3.1622776601683795
71, 35, 769, 529, 772, 527, -3, 2, 2.5535900500422257, 3.605551275463989
71, 36, 677, 212, 677, 210, 0, 2, 1.5707963267948966, 2.0
71, 38, 809, 53, 810, 56, -1, -3, -1.892546881191539, 3.1622776601683795
71, 39, 818, 30, 819, 32, -1, -2, -2.0344439357957027, 2.23606797749979
71, 40, 483, 54, 484, 57, -1, -3, -1.892546881191539, 3.1622776601683795
71, 41, 70, 41, 66, 41, 4, 0, 0.0, 4.0
71, 43, 481, 65, 482, 68, -1, -3, -1.892546881191539, 3.1622776601683795
71, 44, 788, 534, 792, 532, -4, 2, 2.677945044588987, 4.47213595499958
71, 45, 805, 217, 805, 220, 0, -3, -1.5707963267948966, 3.0
71, 47, 740, 408, 742, 413, -2, -5, -1.9513027039072615, 5.385164807134504
71, 48, 696, 161, 696, 158, 0, 3, 1.5707963267948966, 3.0
71, 49, 1082, 476, 1081, 472, 1, 4, 1.3258176636680326, 4.123105625617661
71, 50, 1197, 236, 1195, 235, 2, 1, 0.4636476090008061, 2.23606797749979
71, 51, 706, 685, 707, 689, -1, -4, -1.8157749899217608, 4.123105625617661
71, 53, 914, 42, 916, 42, -2, 0, 3.141592653589793, 2.0
71, 58, 1068, 454, 1066, 452, 2, 2, 0.7853981633974483, 2.8284271247461903
71, 60, 709, 628, 711, 633, -2, -5, -1.9513027039072615, 5.385164807134504
71, 61, 819, 687, 820, 693, -1, -6, -1.7359450042095235, 6.082762530298219
71, 62, 693, 241, 694, 239, -1, 2, 2.0344439357957027, 2.23606797749979
71, 64, 151, 584, 153, 583, -2, 1, 2.677945044588987, 2.23606797749979
71, 67, 499, 200, 500, 203, -1, -3, -1.892546881191539, 3.1622776601683795
71, 68, 392, 211, 392, 209, 0, 2, 1.5707963267948966, 2.0
71, 69, 23, 429, 20, 429, 3, 0, 0.0, 3.0
71, 73, 785, 523, 789, 521, -4, 2, 2.677945044588987, 4.47213595499958
71, 74, 752, 102, 752, 100, 0, 2, 1.5707963267948966, 2.0
71, 78, 484, 303, 484, 305, 0, -2, -1.5707963267948966, 2.0
71, 80, 702, 636, 705, 640, -3, -4, -2.214297435588181, 5.0
71, 81, 764, 137, 764, 135, 0, 2, 1.5707963267948966, 2.0
71, 83, 799, 13, 800, 16, -1, -3, -1.892546881191539, 3.1622776601683795
71, 84, 796, 589, 798, 587, -2, 2, 2.356194490192345, 2.8284271247461903
71, 87, 1186, 261, 1185, 262, 1, -1, -0.7853981633974483, 1.4142135623730951
71, 88, 413, 283, 414, 282, -1, 1, 2.356194490192345, 1.4142135623730951
71, 90, 811, 19, 812, 22, -1, -3, -1.892546881191539, 3.1622776601683795
71, 95, 514, 173, 515, 176, -1, -3, -1.892546881191539, 3.1622776601683795
71, 96, 1104, 514, 1102, 511, 2, 3, 0.982793723247329, 3.605551275463989
71, 97, 1104, 77, 1103, 76, 1, 1, 0.7853981633974483, 1.4142135623730951
71, 98, 522, 246, 523, 248, -1, -2, -2.0344439357957027, 2.23606797749979
71, 101, 1256, 229, 1255, 226, 1, 3, 1.2490457723982544, 3.1622776601683795
71, 103, 479, 237, 479, 240, 0, -3, -1.5707963267948966, 3.0
71, 105, 1134, 534, 1132, 529, 2, 5, 1.1902899496825317, 5.385164807134504
71, 106, 1111, 409, 1108, 407, 3, 2, 0.5880026035475675, 3.605551275463989
71, 108, 660, 11, 660, 13, 0, -2, -1.5707963267948966, 2.0
71, 110, 817, 42, 818, 44, -1, -2, -2.0344439357957027, 2.23606797749979
71, 111, 1141, 386, 1143, 387, -2, -1, -2.677945044588987, 2.23606797749979
71, 112, 417, 350, 418, 348, -1, 2, 2.0344439357957027, 2.23606797749979
71, 113, 140, 563, 142, 560, -2, 3, 2.158798930342464, 3.605551275463989
71, 114, 502, 174, 503, 177, -1, -3, -1.892546881191539, 3.1622776601683795
71, 115, 651, 252, 651, 250, 0, 2, 1.5707963267948966, 2.0
71, 116, 388, 328, 390, 327, -2, 1, 2.677945044588987, 2.23606797749979
71, 117, 497, 137, 497, 140, 0, -3, -1.5707963267948966, 3.0
71, 119, 789, 697, 790, 701, -1, -4, -1.8157749899217608, 4.123105625617661
71, 120, 1261, 201, 1261, 198, 0, 3, 1.5707963267948966, 3.0
71, 122, 628, 282, 628, 280, 0, 2, 1.5707963267948966, 2.0
71, 123, 1098, 519, 1096, 516, 2, 3, 0.982793723247329, 3.605551275463989
71, 124, 164, 21, 165, 20, -1, 1, 2.356194490192345, 1.4142135623730951
71, 127, 1230, 207, 1229, 206, 1, 1, 0.7853981633974483, 1.4142135623730951
71, 130, 1160, 285, 1163, 290, -3, -5, -2.1112158270654806, 5.830951894845301
71, 131, 70, 49, 66, 50, 4, -1, -0.24497866312686414, 4.123105625617661
71, 133, 1186, 245, 1185, 243, 1, 2, 1.1071487177940904, 2.23606797749979
71, 135, 707, 561, 708, 566, -1, -5, -1.7681918866447774, 5.0990195135927845
71, 138, 1172, 210, 1171, 207, 1, 3, 1.2490457723982544, 3.1622776601683795
71, 139, 783, 250, 784, 252, -1, -2, -2.0344439357957027, 2.23606797749979
71, 140, 717, 634, 719, 638, -2, -4, -2.0344439357957027, 4.47213595499958
71, 142, 750, 438, 752, 442, -2, -4, -2.0344439357957027, 4.47213595499958
71, 143, 118, 542, 120, 539, -2, 3, 2.158798930342464, 3.605551275463989
71, 144, 1132, 577, 1131, 575, 1, 2, 1.1071487177940904, 2.23606797749979
71, 145, 798, 595, 800, 594, -2, 1, 2.677945044588987, 2.23606797749979
71, 146, 797, 210, 797, 212, 0, -2, -1.5707963267948966, 2.0
71, 149, 756, 171, 757, 170, -1, 1, 2.356194490192345, 1.4142135623730951
71, 151, 1182, 200, 1182, 197, 0, 3, 1.5707963267948966, 3.0
71, 152, 117, 473, 120, 469, -3, 4, 2.214297435588181, 5.0
71, 153, 645, 23, 645, 25, 0, -2, -1.5707963267948966, 2.0
71, 155, 514, 251, 515, 253, -1, -2, -2.0344439357957027, 2.23606797749979
71, 156, 1146, 398, 1149, 403, -3, -5, -2.1112158270654806, 5.830951894845301
71, 157, 1065, 478, 1063, 474, 2, 4, 1.1071487177940904, 4.47213595499958
71, 158, 396, 281, 397, 280, -1, 1, 2.356194490192345, 1.4142135623730951
71, 162, 154, 528, 158, 527, -4, 1, 2.896613990462929, 4.123105625617661
71, 163, 1155, 303, 1158, 307, -3, -4, -2.214297435588181, 5.0
71, 164, 500, 181, 501, 184, -1, -3, -1.892546881191539, 3.1622776601683795
71, 167, 388, 240, 389, 238, -1, 2, 2.0344439357957027, 2.23606797749979
71, 169, 681, 157, 681, 155, 0, 2, 1.5707963267948966, 2.0
71, 170, 1061, 448, 1059, 446, 2, 2, 0.7853981633974483, 2.8284271247461903
71, 171, 1106, 464, 1104, 461, 2, 3, 0.982793723247329, 3.605551275463989
71, 173, 1167, 347, 1169, 350, -2, -3, -2.158798930342464, 3.605551275463989
71, 175, 128, 472, 131, 469, -3, 3, 2.356194490192345, 4.242640687119285
72, 0, 783, 23, 785, 27, -2, -4, -2.0344439357957027, 4.47213595499958
72, 1, 1167, 332, 1170, 335, -3, -3, -2.356194490192345, 4.242640687119285
72, 2, 1135, 328, 1138, 331, -3, -3, -2.356194490192345, 4.242640687119285
72, 4, 816, 226, 816, 230, 0, -4, -1.5707963267948966, 4.0
72, 5, 812, 252, 812, 256, 0, -4, -1.5707963267948966, 4.0
72, 6, 710, 454, 710, 456, 0, -2, -1.5707963267948966, 2.0
72, 7, 169, 661, 167, 657, 2, 4, 1.1071487177940904, 4.47213595499958
72, 8, 1131, 376, 1133, 376, -2, 0, 3.141592653589793, 2.0
72, 9, 1220, 207, 1217, 205, 3, 2, 0.5880026035475675, 3.605551275463989
72, 10, 803, 685, 804, 689, -1, -4, -1.8157749899217608, 4.123105625617661
72, 12, 158, 534, 162, 537, -4, -3, -2.498091544796509, 5.0
72, 13, 692, 577, 692, 582, 0, -5, -1.5707963267948966, 5.0
72, 14, 760, 111, 759, 108, 1, 3, 1.2490457723982544, 3.1622776601683795
72, 15, 644, 25, 643, 30, 1, -5, -1.373400766945016, 5.0990195135927845
72, 16, 523, 194, 525, 198, -2, -4, -2.0344439357957027, 4.47213595499958
72, 17, 116, 484, 116, 482, 0, 2, 1.5707963267948966, 2.0
72, 18, 119, 626, 118, 624, 1, 2, 1.1071487177940904, 2.23606797749979
72, 19, 804, 7, 806, 12, -2, -5, -1.9513027039072615, 5.385164807134504
72, 20, 470, 246, 470, 249, 0, -3, -1.5707963267948966, 3.0
72, 21, 1164, 297, 1167, 301, -3, -4, -2.214297435588181, 5.0
72, 22, 908, 29, 911, 30, -3, -1, -2.819842099193151, 3.1622776601683795
72, 23, 811, 34, 812, 37, -1, -3, -1.892546881191539, 3.1622776601683795
72, 25, 708, 577, 710, 580, -2, -3, -2.158798930342464, 3.605551275463989
72, 26, 486, 245, 485, 249, 1, -4, -1.3258176636680326, 4.123105625617661
72, 27, 1071, 553, 1071, 550, 0, 3, 1.5707963267948966, 3.0
72, 28, 689, 150, 689, 147, 0, 3, 1.5707963267948966, 3.0
72, 29, 841, 12, 844, 14, -3, -2, -2.5535900500422257, 3.605551275463989
72, 30, 754, 571, 757, 571, -3, 0, 3.141592653589793, 3.0
72, 31, 765, 599, 769, 598, -4, 1, 2.896613990462929, 4.123105625617661
72, 32, 490, 58, 490, 63, 0, -5, -1.5707963267948966, 5.0
72, 34, 503, 158, 504, 163, -1, -5, -1.7681918866447774, 5.0990195135927845
72, 35, 767, 530, 769, 529, -2, 1, 2.677945044588987, 2.23606797749979
72, 36, 677, 215, 677, 212, 0, 3, 1.5707963267948966, 3.0
72, 38, 808, 49, 809, 53, -1, -4, -1.8157749899217608, 4.123105625617661
72, 39, 817, 27, 818, 30, -1, -3, -1.892546881191539, 3.1622776601683795
72, 40, 483, 49, 483, 54, 0, -5, -1.5707963267948966, 5.0
72, 41, 73, 41, 70, 41, 3, 0, 0.0, 3.0
72, 42, 1172, 63, 1171, 62, 1, 1, 0.7853981633974483, 1.4142135623730951
72, 43, 480, 60, 481, 65, -1, -5, -1.7681918866447774, 5.0990195135927845
72, 44, 784, 536, 788, 534, -4, 2, 2.677945044588987, 4.47213595499958
72, 45, 805, 213, 805, 217, 0, -4, -1.5707963267948966, 4.0
72, 47, 739, 403, 740, 408, -1, -5, -1.7681918866447774, 5.0990195135927845
72, 48, 696, 165, 696, 161, 0, 4, 1.5707963267948966, 4.0
72, 49, 1083, 474, 1082, 476, 1, -2, -1.1071487177940904, 2.23606797749979
72, 50, 1200, 238, 1197, 236, 3, 2, 0.5880026035475675, 3.605551275463989
72, 51, 702, 677, 706, 685, -4, -8, -2.0344439357957027, 8.94427190999916
72, 52, 912, 41, 914, 42, -2, -1, -2.677945044588987, 2.23606797749979
72, 53, 484, 344, 484, 347, 0, -3, -1.5707963267948966, 3.0
72, 54, 629, 209, 629, 207, 0, 2, 1.5707963267948966, 2.0
72, 57, 1069, 455, 1068, 454, 1, 1, 0.7853981633974483, 1.4142135623730951
72, 59, 707, 623, 709, 628, -2, -5, -1.9513027039072615, 5.385164807134504
72, 60, 819, 683, 819, 687, 0, -4, -1.5707963267948966, 4.0
72, 61, 690, 241, 693, 241, -3, 0, 3.141592653589793, 3.0
72, 62, 1203, 178, 1203, 176, 0, 2, 1.5707963267948966, 2.0
72, 63, 150, 585, 151, 584, -1, 1, 2.356194490192345, 1.4142135623730951
72, 64, 652, 69, 651, 71, 1, -2, -1.1071487177940904, 2.23606797749979
72, 65, 1141, 31, 1138, 31, 3, 0, 0.0, 3.0
72, 66, 498, 195, 499, 200, -1, -5, -1.7681918866447774, 5.0990195135927845
72, 67, 392, 215, 392, 211, 0, 4, 1.5707963267948966, 4.0
72, 68, 26, 426, 23, 429, 3, -3, -0.7853981633974483, 4.242640687119285
72, 69, 1110, 44, 1107, 44, 3, 0, 0.0, 3.0
72, 71, 647, 7, 646, 11, 1, -4, -1.3258176636680326, 4.123105625617661
72, 72, 781, 526, 785, 523, -4, 3, 2.498091544796509, 5.0
72, 73, 754, 104, 752, 102, 2, 2, 0.7853981633974483, 2.8284271247461903
72, 74, 1122, 35, 1119, 35, 3, 0, 0.0, 3.0
72, 76, 1077, 509, 1076, 508, 1, 1, 0.7853981633974483, 1.4142135623730951
72, 77, 484, 299, 484, 303, 0, -4, -1.5707963267948966, 4.0
72, 78, 1173, 70, 1172, 69, 1, 1, 0.7853981633974483, 1.4142135623730951
72, 79, 698, 632, 702, 636, -4, -4, -2.356194490192345, 5.656854249492381
72, 80, 765, 141, 764, 137, 1, 4, 1.3258176636680326, 4.123105625617661
72, 81, 399, 276, 400, 272, -1, 4, 1.8157749899217608, 4.123105625617661
72, 82, 797, 9, 799, 13, -2, -4, -2.0344439357957027, 4.47213595499958
72, 83, 794, 588, 796, 589, -2, -1, -2.677945044588987, 2.23606797749979
72, 86, 1188, 262, 1186, 261, 2, 1, 0.4636476090008061, 2.23606797749979
72, 87, 412, 285, 413, 283, -1, 2, 2.0344439357957027, 2.23606797749979
72, 89, 809, 14, 811, 19, -2, -5, -1.9513027039072615, 5.385164807134504
72, 92, 513, 168, 514, 173, -1, -5, -1.7681918866447774, 5.0990195135927845
72, 93, 1107, 517, 1104, 514, 3, 3, 0.7853981633974483, 4.242640687119285
72, 95, 521, 241, 522, 246, -1, -5, -1.7681918866447774, 5.0990195135927845
72, 97, 1102, 92, 1102, 90, 0, 2, 1.5707963267948966, 2.0
72, 98, 1258, 233, 1256, 229, 2, 4, 1.1071487177940904, 4.47213595499958
72, 100, 480, 232, 479, 237, 1, -5, -1.373400766945016, 5.0990195135927845
72, 101, 1135, 538, 1134, 534, 1, 4, 1.3258176636680326, 4.123105625617661
72, 102, 1114, 411, 1111, 409, 3, 2, 0.5880026035475675, 3.605551275463989
72, 104, 661, 7, 660, 11, 1, -4, -1.3258176636680326, 4.123105625617661
72, 105, 815, 40, 817, 42, -2, -2, -2.356194490192345, 2.8284271247461903
72, 106, 1139, 386, 1141, 386, -2, 0, 3.141592653589793, 2.0
72, 107, 415, 349, 417, 350, -2, -1, -2.677945044588987, 2.23606797749979
72, 108, 137, 565, 140, 563, -3, 2, 2.5535900500422257, 3.605551275463989
72, 109, 501, 169, 502, 174, -1, -5, -1.7681918866447774, 5.0990195135927845
72, 110, 651, 255, 651, 252, 0, 3, 1.5707963267948966, 3.0
72, 111, 386, 331, 388, 328, -2, 3, 2.158798930342464, 3.605551275463989
72, 112, 497, 135, 497, 137, 0, -2, -1.5707963267948966, 2.0
72, 113, 1167, 104, 1166, 103, 1, 1, 0.7853981633974483, 1.4142135623730951
72, 114, 788, 693, 789, 697, -1, -4, -1.8157749899217608, 4.123105625617661
72, 115, 1261, 206, 1261, 201, 0, 5, 1.5707963267948966, 5.0
72, 117, 628, 287, 628, 282, 0, 5, 1.5707963267948966, 5.0
72, 118, 1101, 521, 1098, 519, 3, 2, 0.5880026035475675, 3.605551275463989
72, 119, 162, 22, 164, 21, -2, 1, 2.677945044588987, 2.23606797749979
72, 120, 1233, 208, 1230, 207, 3, 1, 0.3217505543966422, 3.1622776601683795
72, 123, 1156, 282, 1160, 285, -4, -3, -2.498091544796509, 5.0
72, 124, 73, 48, 70, 49, 3, -1, -0.3217505543966422, 3.1622776601683795
72, 126, 1188, 247, 1186, 245, 2, 2, 0.7853981633974483, 2.8284271247461903
72, 128, 706, 556, 707, 561, -1, -5, -1.7681918866447774, 5.0990195135927845
72, 131, 1173, 211, 1172, 210, 1, 1, 0.7853981633974483, 1.4142135623730951
72, 132, 782, 247, 783, 250, -1, -3, -1.892546881191539, 3.1622776601683795
72, 133, 715, 630, 717, 634, -2, -4, -2.0344439357957027, 4.47213595499958
72, 135, 748, 436, 750, 438, -2, -2, -2.356194490192345, 2.8284271247461903
72, 136, 115, 544, 118, 542, -3, 2, 2.5535900500422257, 3.605551275463989
72, 137, 1134, 578, 1132, 577, 2, 1, 0.4636476090008061, 2.23606797749979
72, 138, 797, 592, 798, 595, -1, -3, -1.892546881191539, 3.1622776601683795
72, 139, 797, 206, 797, 210, 0, -4, -1.5707963267948966, 4.0
72, 140, 1173, 93, 1172, 92, 1, 1, 0.7853981633974483, 1.4142135623730951
72, 141, 705, 20, 703, 21, 2, -1, -0.4636476090008061, 2.23606797749979
72, 144, 1183, 199, 1182, 200, 1, -1, -0.7853981633974483, 1.4142135623730951
72, 145, 115, 475, 117, 473, -2, 2, 2.356194490192345, 2.8284271247461903
72, 146, 646, 19, 645, 23, 1, -4, -1.3258176636680326, 4.123105625617661
72, 147, 513, 248, 514, 251, -1, -3, -1.892546881191539, 3.1622776601683795
72, 148, 1144, 397, 1146, 398, -2, -1, -2.677945044588987, 2.23606797749979
72, 149, 1067, 478, 1065, 478, 2, 0, 0.0, 2.0
72, 150, 395, 284, 396, 281, -1, 3, 1.892546881191539, 3.1622776601683795
72, 152, 698, 20, 696, 21, 2, -1, -0.4636476090008061, 2.23606797749979
72, 154, 150, 527, 154, 528, -4, -1, -2.896613990462929, 4.123105625617661
72, 155, 1151, 300, 1155, 303, -4, -3, -2.498091544796509, 5.0
72, 156, 499, 176, 500, 181, -1, -5, -1.7681918866447774, 5.0990195135927845
72, 158, 1200, 135, 1200, 131, 0, 4, 1.5707963267948966, 4.0
72, 159, 387, 243, 388, 240, -1, 3, 1.892546881191539, 3.1622776601683795
72, 161, 682, 160, 681, 157, 1, 3, 1.2490457723982544, 3.1622776601683795
72, 163, 1108, 467, 1106, 464, 2, 3, 0.982793723247329, 3.605551275463989
72, 165, 1164, 344, 1167, 347, -3, -3, -2.356194490192345, 4.242640687119285
72, 166, 1127, 68, 1125, 68, 2, 0, 0.0, 2.0
72, 167, 126, 475, 128, 472, -2, 3, 2.158798930342464, 3.605551275463989
73, 0, 782, 21, 783, 23, -1, -2, -2.0344439357957027, 2.23606797749979
73, 1, 1164, 328, 1167, 332, -3, -4, -2.214297435588181, 5.0
73, 2, 1133, 324, 1135, 328, -2, -4, -2.0344439357957027, 4.47213595499958
73, 3, 1070, 446, 1068, 444, 2, 2, 0.7853981633974483, 2.8284271247461903
73, 4, 815, 222, 816, 226, -1, -4, -1.8157749899217608, 4.123105625617661
73, 5, 811, 250, 812, 252, -1, -2, -2.0344439357957027, 2.23606797749979
73, 6, 709, 450, 710, 454, -1, -4, -1.8157749899217608, 4.123105625617661
73, 7, 169, 664, 169, 661, 0, 3, 1.5707963267948966, 3.0
73, 8, 1129, 376, 1131, 376, -2, 0, 3.141592653589793, 2.0
73, 9, 1222, 209, 1220, 207, 2, 2, 0.7853981633974483, 2.8284271247461903
73, 10, 803, 680, 803, 685, 0, -5, -1.5707963267948966, 5.0
73, 12, 155, 538, 158, 534, -3, 4, 2.214297435588181, 5.0
73, 13, 691, 572, 692, 577, -1, -5, -1.7681918866447774, 5.0990195135927845
73, 15, 644, 22, 644, 25, 0, -3, -1.5707963267948966, 3.0
73, 16, 522, 192, 523, 194, -1, -2, -2.0344439357957027, 2.23606797749979
73, 17, 115, 487, 116, 484, -1, 3, 1.892546881191539, 3.1622776601683795
73, 18, 120, 629, 119, 626, 1, 3, 1.2490457723982544, 3.1622776601683795
73, 19, 470, 242, 470, 246, 0, -4, -1.5707963267948966, 4.0
73, 20, 1161, 292, 1164, 297, -3, -5, -2.1112158270654806, 5.830951894845301
73, 21, 810, 32, 811, 34, -1, -2, -2.0344439357957027, 2.23606797749979
73, 23, 706, 572, 708, 577, -2, -5, -1.9513027039072615, 5.385164807134504
73, 24, 486, 241, 486, 245, 0, -4, -1.5707963267948966, 4.0
73, 25, 1072, 557, 1071, 553, 1, 4, 1.3258176636680326, 4.123105625617661
73, 26, 689, 152, 689, 150, 0, 2, 1.5707963267948966, 2.0
73, 27, 839, 11, 841, 12, -2, -1, -2.677945044588987, 2.23606797749979
73, 28, 750, 573, 754, 571, -4, 2, 2.677945044588987, 4.47213595499958
73, 29, 762, 601, 765, 599, -3, 2, 2.5535900500422257, 3.605551275463989
73, 30, 489, 54, 490, 58, -1, -4, -1.8157749899217608, 4.123105625617661
73, 32, 503, 156, 503, 158, 0, -2, -1.5707963267948966, 2.0
73, 33, 763, 532, 767, 530, -4, 2, 2.677945044588987, 4.47213595499958
73, 34, 677, 217, 677, 215, 0, 2, 1.5707963267948966, 2.0
73, 36, 807, 47, 808, 49, -1, -2, -2.0344439357957027, 2.23606797749979
73, 37, 816, 25, 817, 27, -1, -2, -2.0344439357957027, 2.23606797749979
73, 38, 482, 45, 483, 49, -1, -4, -1.8157749899217608, 4.123105625617661
73, 39, 77, 41, 73, 41, 4, 0, 0.0, 4.0
73, 41, 479, 56, 480, 60, -1, -4, -1.8157749899217608, 4.123105625617661
73, 42, 781, 538, 784, 536, -3, 2, 2.5535900500422257, 3.605551275463989
73, 43, 805, 210, 805, 213, 0, -3, -1.5707963267948966, 3.0
73, 45, 738, 397, 739, 403, -1, -6, -1.7359450042095235, 6.082762530298219
73, 46, 696, 167, 696, 165, 0, 2, 1.5707963267948966, 2.0
73, 47, 1085, 475, 1083, 474, 2, 1, 0.4636476090008061, 2.23606797749979
73, 48, 1201, 240, 1200, 238, 1, 2, 1.1071487177940904, 2.23606797749979
73, 49, 698, 670, 702, 677, -4, -7, -2.0899424410414196, 8.06225774829855
73, 50, 483, 341, 484, 344, -1, -3, -1.892546881191539, 3.1622776601683795
73, 54, 1071, 457, 1069, 455, 2, 2, 0.7853981633974483, 2.8284271247461903
73, 56, 705, 619, 707, 623, -2, -4, -2.0344439357957027, 4.47213595499958
73, 57, 818, 677, 819, 683, -1, -6, -1.7359450042095235, 6.082762530298219
73, 58, 688, 242, 690, 241, -2, 1, 2.677945044588987, 2.23606797749979
73, 59, 1203, 180, 1203, 178, 0, 2, 1.5707963267948966, 2.0
73, 60, 148, 584, 150, 585, -2, -1, -2.677945044588987, 2.23606797749979
73, 61, 653, 67, 652, 69, 1, -2, -1.1071487177940904, 2.23606797749979
73, 63, 497, 193, 498, 195, -1, -2, -2.0344439357957027, 2.23606797749979
73, 64, 391, 218, 392, 215, -1, 3, 1.892546881191539, 3.1622776601683795
73, 65, 28, 427, 26, 426, 2, 1, 0.4636476090008061, 2.23606797749979
73, 68, 777, 528, 781, 526, -4, 2, 2.677945044588987, 4.47213595499958
73, 72, 484, 296, 484, 299, 0, -3, -1.5707963267948966, 3.0
73, 74, 696, 630, 698, 632, -2, -2, -2.356194490192345, 2.8284271247461903
73, 75, 765, 143, 765, 141, 0, 2, 1.5707963267948966, 2.0
73, 76, 399, 278, 399, 276, 0, 2, 1.5707963267948966, 2.0
73, 77, 791, 582, 794, 588, -3, -6, -2.0344439357957027, 6.708203932499369
73, 80, 1189, 264, 1188, 262, 1, 2, 1.1071487177940904, 2.23606797749979
73, 81, 411, 286, 412, 285, -1, 1, 2.356194490192345, 1.4142135623730951
73, 83, 808, 12, 809, 14, -1, -2, -2.0344439357957027, 2.23606797749979
73, 86, 512, 166, 513, 168, -1, -2, -2.0344439357957027, 2.23606797749979
73, 87, 1110, 519, 1107, 517, 3, 2, 0.5880026035475675, 3.605551275463989
73, 89, 519, 235, 521, 241, -2, -6, -1.892546881191539, 6.324555320336759
73, 90, 334, 12, 334, 14, 0, -2, -1.5707963267948966, 2.0
73, 92, 1259, 236, 1258, 233, 1, 3, 1.2490457723982544, 3.1622776601683795
73, 94, 481, 228, 480, 232, 1, -4, -1.3258176636680326, 4.123105625617661
73, 95, 1136, 543, 1135, 538, 1, 5, 1.373400766945016, 5.0990195135927845
73, 96, 1116, 414, 1114, 411, 2, 3, 0.982793723247329, 3.605551275463989
73, 98, 1136, 385, 1139, 386, -3, -1, -2.819842099193151, 3.1622776601683795
73, 99, 414, 351, 415, 349, -1, 2, 2.0344439357957027, 2.23606797749979
73, 100, 134, 566, 137, 565, -3, 1, 2.819842099193151, 3.1622776601683795
73, 101, 501, 167, 501, 169, 0, -2, -1.5707963267948966, 2.0
73, 102, 651, 257, 651, 255, 0, 2, 1.5707963267948966, 2.0
73, 103, 385, 333, 386, 331, -1, 2, 2.0344439357957027, 2.23606797749979
73, 104, 497, 133, 497, 135, 0, -2, -1.5707963267948966, 2.0
73, 106, 787, 688, 788, 693, -1, -5, -1.7681918866447774, 5.0990195135927845
73, 107, 1261, 208, 1261, 206, 0, 2, 1.5707963267948966, 2.0
73, 108, 180, 39, 181, 38, -1, 1, 2.356194490192345, 1.4142135623730951
73, 109, 627, 291, 628, 287, -1, 4, 1.8157749899217608, 4.123105625617661
73, 110, 1103, 523, 1101, 521, 2, 2, 0.7853981633974483, 2.8284271247461903
73, 112, 1235, 210, 1233, 208, 2, 2, 0.7853981633974483, 2.8284271247461903
73, 114, 1153, 278, 1156, 282, -3, -4, -2.214297435588181, 5.0
73, 115, 77, 47, 73, 48, 4, -1, -0.24497866312686414, 4.123105625617661
73, 116, 1189, 249, 1188, 247, 1, 2, 1.1071487177940904, 2.23606797749979
73, 118, 704, 551, 706, 556, -2, -5, -1.9513027039072615, 5.385164807134504
73, 121, 1174, 212, 1173, 211, 1, 1, 0.7853981633974483, 1.4142135623730951
73, 122, 781, 244, 782, 247, -1, -3, -1.892546881191539, 3.1622776601683795
73, 123, 713, 626, 715, 630, -2, -4, -2.0344439357957027, 4.47213595499958
73, 124, 1259, 172, 1260, 171, -1, 1, 2.356194490192345, 1.4142135623730951
73, 125, 112, 547, 115, 544, -3, 3, 2.356194490192345, 4.242640687119285
73, 126, 1135, 580, 1134, 578, 1, 2, 1.1071487177940904, 2.23606797749979
73, 127, 795, 583, 797, 592, -2, -9, -1.7894652726688385, 9.219544457292887
73, 128, 797, 204, 797, 206, 0, -2, -1.5707963267948966, 2.0
73, 133, 1184, 198, 1183, 199, 1, -1, -0.7853981633974483, 1.4142135623730951
73, 134, 114, 478, 115, 475, -1, 3, 1.892546881191539, 3.1622776601683795
73, 135, 646, 16, 646, 19, 0, -3, -1.5707963267948966, 3.0
73, 136, 512, 246, 513, 248, -1, -2, -2.0344439357957027, 2.23606797749979
73, 137, 1140, 395, 1144, 397, -4, -2, -2.677945044588987, 4.47213595499958
73, 139, 394, 286, 395, 284, -1, 2, 2.0344439357957027, 2.23606797749979
73, 141, 699, 19, 698, 20, 1, -1, -0.7853981633974483, 1.4142135623730951
73, 143, 147, 531, 150, 527, -3, 4, 2.214297435588181, 5.0
73, 144, 1148, 296, 1151, 300, -3, -4, -2.214297435588181, 5.0
73, 145, 499, 174, 499, 176, 0, -2, -1.5707963267948966, 2.0
73, 147, 1200, 137, 1200, 135, 0, 2, 1.5707963267948966, 2.0
73, 148, 386, 246, 387, 243, -1, 3, 1.892546881191539, 3.1622776601683795
73, 149, 682, 162, 682, 160, 0, 2, 1.5707963267948966, 2.0
73, 150, 1064, 450, 1062, 448, 2, 2, 0.7853981633974483, 2.8284271247461903
73, 151, 1110, 468, 1108, 467, 2, 1, 0.4636476090008061, 2.23606797749979
73, 153, 1161, 342, 1164, 344, -3, -2, -2.5535900500422257, 3.605551275463989
73, 155, 124, 478, 126, 475, -2, 3, 2.158798930342464, 3.605551275463989
74, 0, 781, 18, 782, 21, -1, -3, -1.892546881191539, 3.1622776601683795
74, 1, 1161, 324, 1164, 328, -3, -4, -2.214297435588181, 5.0
74, 2, 1130, 320, 1133, 324, -3, -4, -2.214297435588181, 5.0
74, 3, 1072, 448, 1070, 446, 2, 2, 0.7853981633974483, 2.8284271247461903
74, 4, 813, 218, 815, 222, -2, -4, -2.0344439357957027, 4.47213595499958
74, 5, 810, 248, 811, 250, -1, -2, -2.0344439357957027, 2.23606797749979
74, 6, 709, 446, 709, 450, 0, -4, -1.5707963267948966, 4.0
74, 7, 170, 667, 169, 664, 1, 3, 1.2490457723982544, 3.1622776601683795
74, 8, 1126, 377, 1129, 376, -3, 1, 2.819842099193151, 3.1622776601683795
74, 9, 1224, 211, 1222, 209, 2, 2, 0.7853981633974483, 2.8284271247461903
74, 10, 803, 676, 803, 680, 0, -4, -1.5707963267948966, 4.0
74, 12, 152, 540, 155, 538, -3, 2, 2.5535900500422257, 3.605551275463989
74, 13, 690, 568, 691, 572, -1, -4, -1.8157749899217608, 4.123105625617661
74, 15, 644, 20, 644, 22, 0, -2, -1.5707963267948966, 2.0
74, 16, 521, 190, 522, 192, -1, -2, -2.0344439357957027, 2.23606797749979
74, 17, 114, 490, 115, 487, -1, 3, 1.892546881191539, 3.1622776601683795
74, 18, 120, 633, 120, 629, 0, 4, 1.5707963267948966, 4.0
74, 19, 470, 238, 470, 242, 0, -4, -1.5707963267948966, 4.0
74, 20, 1158, 288, 1161, 292, -3, -4, -2.214297435588181, 5.0
74, 21, 809, 30, 810, 32, -1, -2, -2.0344439357957027, 2.23606797749979
74, 22, 704, 567, 706, 572, -2, -5, -1.9513027039072615, 5.385164807134504
74, 23, 486, 237, 486, 241, 0, -4, -1.5707963267948966, 4.0
74, 24, 1073, 561, 1072, 557, 1, 4, 1.3258176636680326, 4.123105625617661
74, 25, 689, 154, 689, 152, 0, 2, 1.5707963267948966, 2.0
74, 26, 837, 10, 839, 11, -2, -1, -2.677945044588987, 2.23606797749979
74, 27, 746, 575, 750, 573, -4, 2, 2.677945044588987, 4.47213595499958
74, 28, 758, 603, 762, 601, -4, 2, 2.677945044588987, 4.47213595499958
74, 29, 489, 51, 489, 54, 0, -3, -1.5707963267948966, 3.0
74, 31, 503, 154, 503, 156, 0, -2, -1.5707963267948966, 2.0
74, 32, 760, 534, 763, 532, -3, 2, 2.5535900500422257, 3.605551275463989
74, 33, 677, 219, 677, 217, 0, 2, 1.5707963267948966, 2.0
74, 34, 806, 45, 807, 47, -1, -2, -2.0344439357957027, 2.23606797749979
74, 35, 482, 42, 482, 45, 0, -3, -1.5707963267948966, 3.0
74, 36, 81, 41, 77, 41, 4, 0, 0.0, 4.0
74, 38, 479, 53, 479, 56, 0, -3, -1.5707963267948966, 3.0
74, 39, 778, 540, 781, 538, -3, 2, 2.5535900500422257, 3.605551275463989
74, 40, 804, 207, 805, 210, -1, -3, -1.892546881191539, 3.1622776601683795
74, 42, 737, 391, 738, 397, -1, -6, -1.7359450042095235, 6.082762530298219
74, 43, 696, 169, 696, 167, 0, 2, 1.5707963267948966, 2.0
74, 44, 1087, 475, 1085, 475, 2, 0, 0.0, 2.0
74, 45, 1202, 243, 1201, 240, 1, 3, 1.2490457723982544, 3.1622776601683795
74, 46, 694, 664, 698, 670, -4, -6, -2.158798930342464, 7.211102550927978
74, 47, 482, 338, 483, 341, -1, -3, -1.892546881191539, 3.1622776601683795
74, 48, 627, 210, 628, 209, -1, 1, 2.356194490192345, 1.4142135623730951
74, 51, 1073, 459, 1071, 457, 2, 2, 0.7853981633974483, 2.8284271247461903
74, 53, 703, 616, 705, 619, -2, -3, -2.158798930342464, 3.605551275463989
74, 54, 817, 671, 818, 677, -1, -6, -1.7359450042095235, 6.082762530298219
74, 55, 687, 243, 688, 242, -1, 1, 2.356194490192345, 1.4142135623730951
74, 56, 1202, 183, 1203, 180, -1, 3, 1.892546881191539, 3.1622776601683795
74, 57, 145, 583, 148, 584, -3, -1, -2.819842099193151, 3.1622776601683795
74, 58, 654, 65, 653, 67, 1, -2, -1.1071487177940904, 2.23606797749979
74, 59, 1143, 32, 1142, 31, 1, 1, 0.7853981633974483, 1.4142135623730951
74, 60, 496, 191, 497, 193, -1, -2, -2.0344439357957027, 2.23606797749979
74, 61, 390, 221, 391, 218, -1, 3, 1.892546881191539, 3.1622776601683795
74, 62, 29, 428, 28, 427, 1, 1, 0.7853981633974483, 1.4142135623730951
74, 65, 773, 531, 777, 528, -4, 3, 2.498091544796509, 5.0
74, 69, 483, 291, 484, 296, -1, -5, -1.7681918866447774, 5.0990195135927845
74, 71, 694, 630, 696, 630, -2, 0, 3.141592653589793, 2.0
74, 72, 765, 145, 765, 143, 0, 2, 1.5707963267948966, 2.0
74, 73, 399, 281, 399, 278, 0, 3, 1.5707963267948966, 3.0
74, 74, 787, 579, 791, 582, -4, -3, -2.498091544796509, 5.0
74, 76, 635, 300, 636, 299, -1, 1, 2.356194490192345, 1.4142135623730951
74, 77, 1190, 267, 1189, 264, 1, 3, 1.2490457723982544, 3.1622776601683795
74, 78, 410, 288, 411, 286, -1, 2, 2.0344439357957027, 2.23606797749979
74, 81, 512, 164, 512, 166, 0, -2, -1.5707963267948966, 2.0
74, 82, 1112, 522, 1110, 519, 2, 3, 0.982793723247329, 3.605551275463989
74, 84, 517, 230, 519, 235, -2, -5, -1.9513027039072615, 5.385164807134504
74, 85, 335, 10, 334, 12, 1, -2, -1.1071487177940904, 2.23606797749979
74, 86, 1103, 94, 1102, 93, 1, 1, 0.7853981633974483, 1.4142135623730951
74, 87, 1260, 238, 1259, 236, 1, 2, 1.1071487177940904, 2.23606797749979
74, 89, 482, 224, 481, 228, 1, -4, -1.3258176636680326, 4.123105625617661
74, 90, 1137, 548, 1136, 543, 1, 5, 1.373400766945016, 5.0990195135927845
74, 91, 1118, 417, 1116, 414, 2, 3, 0.982793723247329, 3.605551275463989
74, 92, 1133, 384, 1136, 385, -3, -1, -2.819842099193151, 3.1622776601683795
74, 93, 413, 352, 414, 351, -1, 1, 2.356194490192345, 1.4142135623730951
74, 94, 131, 567, 134, 566, -3, 1, 2.819842099193151, 3.1622776601683795
74, 95, 501, 165, 501, 167, 0, -2, -1.5707963267948966, 2.0
74, 96, 651, 259, 651, 257, 0, 2, 1.5707963267948966, 2.0
74, 97, 385, 335, 385, 333, 0, 2, 1.5707963267948966, 2.0
74, 98, 497, 131, 497, 133, 0, -2, -1.5707963267948966, 2.0
74, 100, 786, 683, 787, 688, -1, -5, -1.7681918866447774, 5.0990195135927845
74, 101, 1261, 210, 1261, 208, 0, 2, 1.5707963267948966, 2.0
74, 102, 179, 40, 180, 39, -1, 1, 2.356194490192345, 1.4142135623730951
74, 103, 626, 295, 627, 291, -1, 4, 1.8157749899217608, 4.123105625617661
74, 104, 1106, 525, 1103, 523, 3, 2, 0.5880026035475675, 3.605551275463989
74, 105, 160, 23, 161, 22, -1, 1, 2.356194490192345, 1.4142135623730951
74, 106, 1237, 212, 1235, 210, 2, 2, 0.7853981633974483, 2.8284271247461903
74, 108, 1149, 274, 1153, 278, -4, -4, -2.356194490192345, 5.656854249492381
74, 109, 81, 47, 77, 47, 4, 0, 0.0, 4.0
74, 110, 1190, 252, 1189, 249, 1, 3, 1.2490457723982544, 3.1622776601683795
74, 111, 702, 546, 704, 551, -2, -5, -1.9513027039072615, 5.385164807134504
74, 114, 1175, 213, 1174, 212, 1, 1, 0.7853981633974483, 1.4142135623730951
74, 115, 780, 241, 781, 244, -1, -3, -1.892546881191539, 3.1622776601683795
74, 116, 712, 623, 713, 626, -1, -3, -1.892546881191539, 3.1622776601683795
74, 118, 109, 549, 112, 547, -3, 2, 2.5535900500422257, 3.605551275463989
74, 119, 1136, 582, 1135, 580, 1, 2, 1.1071487177940904, 2.23606797749979
74, 120, 791, 579, 795, 583, -4, -4, -2.356194490192345, 5.656854249492381
74, 121, 796, 201, 797, 204, -1, -3, -1.892546881191539, 3.1622776601683795
74, 123, 708, 20, 706, 20, 2, 0, 0.0, 2.0
74, 126, 113, 481, 114, 478, -1, 3, 1.892546881191539, 3.1622776601683795
74, 127, 646, 14, 646, 16, 0, -2, -1.5707963267948966, 2.0
74, 128, 511, 243, 512, 246, -1, -3, -1.892546881191539, 3.1622776601683795
74, 129, 1136, 393, 1140, 395, -4, -2, -2.677945044588987, 4.47213595499958
74, 130, 1069, 480, 1068, 478, 1, 2, 1.1071487177940904, 2.23606797749979
74, 131, 394, 289, 394, 286, 0, 3, 1.5707963267948966, 3.0
74, 132, 701, 19, 699, 19, 2, 0, 0.0, 2.0
74, 134, 145, 536, 147, 531, -2, 5, 1.9513027039072615, 5.385164807134504
74, 135, 1145, 292, 1148, 296, -3, -4, -2.214297435588181, 5.0
74, 136, 499, 172, 499, 174, 0, -2, -1.5707963267948966, 2.0
74, 138, 1200, 140, 1200, 137, 0, 3, 1.5707963267948966, 3.0
74, 139, 385, 249, 386, 246, -1, 3, 1.892546881191539, 3.1622776601683795
74, 140, 682, 164, 682, 162, 0, 2, 1.5707963267948966, 2.0
74, 141, 1065, 452, 1064, 450, 1, 2, 1.1071487177940904, 2.23606797749979
74, 142, 1112, 469, 1110, 468, 2, 1, 0.4636476090008061, 2.23606797749979
74, 144, 1158, 340, 1161, 342, -3, -2, -2.5535900500422257, 3.605551275463989
74, 146, 122, 481, 124, 478, -2, 3, 2.158798930342464, 3.605551275463989
75, 0, 815, 223, 817, 227, -2, -4, -2.0344439357957027, 4.47213595499958
75, 1, 1140, 349, 1142, 352, -2, -3, -2.158798930342464, 3.605551275463989
75, 2, 1164, 324, 1167, 328, -3, -4, -2.214297435588181, 5.0
75, 3, 786, 25, 787, 27, -1, -2, -2.0344439357957027, 2.23606797749979
75, 4, 805, 671, 805, 675, 0, -4, -1.5707963267948966, 4.0
75, 5, 805, 10, 806, 12, -1, -2, -2.0344439357957027, 2.23606797749979
75, 6, 1135, 322, 1138, 326, -3, -4, -2.214297435588181, 5.0
75, 7, 480, 698, 480, 703, 0, -5, -1.5707963267948966, 5.0
75, 8, 689, 566, 690, 571, -1, -5, -1.7681918866447774, 5.0990195135927845
75, 9, 1222, 211, 1221, 208, 1, 3, 1.2490457723982544, 3.1622776601683795
75, 10, 114, 496, 114, 494, 0, 2, 1.5707963267948966, 2.0
75, 11, 173, 661, 172, 658, 1, 3, 1.2490457723982544, 3.1622776601683795
75, 12, 819, 669, 820, 675, -1, -6, -1.7359450042095235, 6.082762530298219
75, 13, 463, 700, 464, 704, -1, -4, -1.8157749899217608, 4.123105625617661
75, 14, 1257, 150, 1258, 149, -1, 1, 2.356194490192345, 1.4142135623730951
75, 15, 811, 253, 812, 256, -1, -3, -1.892546881191539, 3.1622776601683795
75, 16, 707, 566, 709, 571, -2, -5, -1.9513027039072615, 5.385164807134504
75, 17, 841, 30, 843, 31, -2, -1, -2.677945044588987, 2.23606797749979
75, 19, 646, 27, 646, 29, 0, -2, -1.5707963267948966, 2.0
75, 20, 524, 196, 525, 199, -1, -3, -1.892546881191539, 3.1622776601683795
75, 21, 907, 31, 909, 32, -2, -1, -2.677945044588987, 2.23606797749979
75, 23, 1163, 294, 1166, 298, -3, -4, -2.214297435588181, 5.0
75, 24, 492, 58, 492, 61, 0, -3, -1.5707963267948966, 3.0
75, 25, 798, 11, 799, 13, -1, -2, -2.0344439357957027, 2.23606797749979
75, 26, 765, 602, 767, 601, -2, 1, 2.677945044588987, 2.23606797749979
75, 27, 506, 160, 506, 163, 0, -3, -1.5707963267948966, 3.0
75, 29, 482, 57, 482, 60, 0, -3, -1.5707963267948966, 3.0
75, 30, 818, 26, 819, 28, -1, -2, -2.0344439357957027, 2.23606797749979
75, 31, 1090, 469, 1088, 467, 2, 2, 0.7853981633974483, 2.8284271247461903
75, 32, 484, 48, 484, 51, 0, -3, -1.5707963267948966, 3.0
75, 34, 707, 430, 708, 435, -1, -5, -1.7681918866447774, 5.0990195135927845
75, 35, 760, 538, 764, 535, -4, 3, 2.498091544796509, 5.0
75, 36, 80, 41, 76, 41, 4, 0, 0.0, 4.0
75, 37, 36, 441, 37, 439, -1, 2, 2.0344439357957027, 2.23606797749979
75, 38, 777, 530, 781, 527, -4, 3, 2.498091544796509, 5.0
75, 39, 498, 197, 499, 200, -1, -3, -1.892546881191539, 3.1622776601683795
75, 41, 392, 219, 393, 216, -1, 3, 1.892546881191539, 3.1622776601683795
75, 43, 1187, 268, 1186, 265, 1, 3, 1.2490457723982544, 3.1622776601683795
75, 45, 697, 167, 697, 165, 0, 2, 1.5707963267948966, 2.0
75, 47, 488, 242, 488, 246, 0, -4, -1.5707963267948966, 4.0
75, 48, 1078, 563, 1077, 559, 1, 4, 1.3258176636680326, 4.123105625617661
75, 49, 628, 211, 629, 209, -1, 2, 2.0344439357957027, 2.23606797749979
75, 50, 91, 85, 88, 87, 3, -2, -0.5880026035475675, 3.605551275463989
75, 51, 1082, 417, 1081, 414, 1, 3, 1.2490457723982544, 3.1622776601683795
75, 55, 740, 398, 741, 403, -1, -5, -1.7681918866447774, 5.0990195135927845
75, 56, 333, 15, 332, 16, 1, -1, -0.7853981633974483, 1.4142135623730951
75, 57, 473, 243, 473, 247, 0, -4, -1.5707963267948966, 4.0
75, 58, 811, 16, 812, 18, -1, -2, -2.0344439357957027, 2.23606797749979
75, 59, 809, 51, 810, 53, -1, -2, -2.0344439357957027, 2.23606797749979
75, 60, 1072, 453, 1071, 451, 1, 2, 1.1071487177940904, 2.23606797749979
75, 62, 1098, 524, 1095, 520, 3, 4, 0.9272952180016122, 5.0
75, 64, 119, 632, 119, 629, 0, 3, 1.5707963267948966, 3.0
75, 67, 482, 230, 482, 235, 0, -5, -1.5707963267948966, 5.0
75, 68, 834, 41, 836, 42, -2, -1, -2.677945044588987, 2.23606797749979
75, 69, 841, 12, 843, 13, -2, -1, -2.677945044588987, 2.23606797749979
75, 70, 840, 701, 842, 709, -2, -8, -1.8157749899217608, 8.246211251235321
75, 72, 785, 244, 786, 247, -1, -3, -1.892546881191539, 3.1622776601683795
75, 73, 636, 301, 637, 300, -1, 1, 2.356194490192345, 1.4142135623730951
75, 74, 321, 19, 320, 20, 1, -1, -0.7853981633974483, 1.4142135623730951
75, 75, 828, 21, 830, 22, -2, -1, -2.677945044588987, 2.23606797749979
75, 77, 112, 99, 109, 100, 3, -1, -0.3217505543966422, 3.1622776601683795
75, 80, 503, 171, 503, 174, 0, -3, -1.5707963267948966, 3.0
75, 82, 781, 541, 785, 539, -4, 2, 2.677945044588987, 4.47213595499958
75, 83, 1261, 182, 1263, 181, -2, 1, 2.677945044588987, 2.23606797749979
75, 84, 791, 681, 792, 685, -1, -4, -1.8157749899217608, 4.123105625617661
75, 85, 79, 50, 75, 51, 4, -1, -0.24497866312686414, 4.123105625617661
75, 86, 1205, 240, 1204, 238, 1, 2, 1.1071487177940904, 2.23606797749979
75, 87, 751, 436, 752, 438, -1, -2, -2.0344439357957027, 2.23606797749979
75, 89, 707, 21, 704, 22, 3, -1, -0.3217505543966422, 3.1622776601683795
75, 91, 515, 170, 515, 173, 0, -3, -1.5707963267948966, 3.0
75, 92, 163, 21, 164, 20, -1, 1, 2.356194490192345, 1.4142135623730951
75, 95, 514, 251, 515, 254, -1, -3, -1.892546881191539, 3.1622776601683795
75, 96, 1102, 537, 1101, 534, 1, 3, 1.2490457723982544, 3.1622776601683795
75, 97, 1154, 280, 1157, 283, -3, -3, -2.356194490192345, 4.242640687119285
75, 98, 796, 206, 797, 209, -1, -3, -1.892546881191539, 3.1622776601683795
75, 99, 1204, 182, 1204, 179, 0, 3, 1.5707963267948966, 3.0
75, 100, 401, 281, 401, 278, 0, 3, 1.5707963267948966, 3.0
75, 101, 677, 218, 678, 216, -1, 2, 2.0344439357957027, 2.23606797749979
75, 104, 419, 373, 422, 371, -3, 2, 2.5535900500422257, 3.605551275463989
75, 105, 850, 30, 852, 31, -2, -1, -2.677945044588987, 2.23606797749979
75, 107, 1235, 213, 1234, 210, 1, 3, 1.2490457723982544, 3.1622776601683795
75, 110, 1261, 285, 1263, 285, -2, 0, 3.141592653589793, 2.0
75, 111, 799, 80, 800, 82, -1, -2, -2.0344439357957027, 2.23606797749979
75, 112, 794, 258, 794, 261, 0, -3, -1.5707963267948966, 3.0
75, 118, 389, 247, 390, 245, -1, 2, 2.0344439357957027, 2.23606797749979
75, 119, 421, 380, 424, 378, -3, 2, 2.5535900500422257, 3.605551275463989
75, 120, 703, 546, 705, 551, -2, -5, -1.9513027039072615, 5.385164807134504
75, 122, 1258, 236, 1258, 234, 0, 2, 1.5707963267948966, 2.0
75, 123, 412, 289, 413, 288, -1, 1, 2.356194490192345, 1.4142135623730951
75, 124, 1202, 139, 1202, 136, 0, 3, 1.5707963267948966, 3.0
75, 125, 419, 255, 420, 252, -1, 3, 1.892546881191539, 3.1622776601683795
75, 126, 1118, 423, 1116, 420, 2, 3, 0.982793723247329, 3.605551275463989
75, 127, 1110, 529, 1107, 527, 3, 2, 0.5880026035475675, 3.605551275463989
75, 128, 1150, 295, 1153, 299, -3, -4, -2.214297435588181, 5.0
75, 129, 1204, 146, 1204, 143, 0, 3, 1.5707963267948966, 3.0
75, 130, 482, 340, 482, 344, 0, -4, -1.5707963267948966, 4.0
75, 131, 782, 94, 783, 96, -1, -2, -2.0344439357957027, 2.23606797749979
75, 132, 38, 449, 39, 446, -1, 3, 1.892546881191539, 3.1622776601683795
75, 133, 1211, 295, 1210, 293, 1, 2, 1.1071487177940904, 2.23606797749979
75, 136, 399, 289, 399, 286, 0, 3, 1.5707963267948966, 3.0
75, 137, 856, 26, 858, 27, -2, -1, -2.677945044588987, 2.23606797749979
75, 139, 1233, 256, 1232, 254, 1, 2, 1.1071487177940904, 2.23606797749979
75, 140, 716, 613, 717, 616, -1, -3, -1.892546881191539, 3.1622776601683795
75, 143, 699, 561, 701, 566, -2, -5, -1.9513027039072615, 5.385164807134504
75, 145, 1125, 340, 1128, 343, -3, -3, -2.356194490192345, 4.242640687119285
75, 146, 1135, 592, 1134, 591, 1, 1, 0.7853981633974483, 1.4142135623730951
75, 147, 700, 576, 702, 582, -2, -6, -1.892546881191539, 6.324555320336759
75, 149, 182, 38, 183, 37, -1, 1, 2.356194490192345, 1.4142135623730951
75, 150, 889, 11, 891, 12, -2, -1, -2.677945044588987, 2.23606797749979
75, 152, 1142, 384, 1142, 386, 0, -2, -1.5707963267948966, 2.0
75, 153, 769, 620, 771, 619, -2, 1, 2.677945044588987, 2.23606797749979
75, 154, 792, 74, 793, 76, -1, -2, -2.0344439357957027, 2.23606797749979
75, 156, 630, 297, 631, 296, -1, 1, 2.356194490192345, 1.4142135623730951
75, 157, 164, 36, 165, 34, -1, 2, 2.0344439357957027, 2.23606797749979
75, 158, 1198, 293, 1199, 292, -1, 1, 2.356194490192345, 1.4142135623730951
75, 159, 140, 557, 142, 554, -2, 3, 2.158798930342464, 3.605551275463989
75, 160, 115, 486, 116, 483, -1, 3, 1.892546881191539, 3.1622776601683795
75, 161, 907, 22, 909, 23, -2, -1, -2.677945044588987, 2.23606797749979
75, 164, 1197, 246, 1196, 243, 1, 3, 1.2490457723982544, 3.1622776601683795
75, 165, 1190, 250, 1189, 247, 1, 3, 1.2490457723982544, 3.1622776601683795
76, 0, 813, 220, 815, 223, -2, -3, -2.158798930342464, 3.605551275463989
76, 1, 1137, 345, 1140, 349, -3, -4, -2.214297435588181, 5.0
76, 2, 1161, 320, 1164, 324, -3, -4, -2.214297435588181, 5.0
76, 3, 785, 23, 786, 25, -1, -2, -2.0344439357957027, 2.23606797749979
76, 4, 805, 667, 805, 671, 0, -4, -1.5707963267948966, 4.0
76, 5, 1132, 319, 1135, 322, -3, -3, -2.356194490192345, 4.242640687119285
76, 6, 480, 693, 480, 698, 0, -5, -1.5707963267948966, 5.0
76, 7, 688, 561, 689, 566, -1, -5, -1.7681918866447774, 5.0990195135927845
76, 8, 1223, 214, 1222, 211, 1, 3, 1.2490457723982544, 3.1622776601683795
76, 9, 114, 498, 114, 496, 0, 2, 1.5707963267948966, 2.0
76, 10, 174, 665, 173, 661, 1, 4, 1.3258176636680326, 4.123105625617661
76, 11, 819, 663, 819, 669, 0, -6, -1.5707963267948966, 6.0
76, 12, 462, 696, 463, 700, -1, -4, -1.8157749899217608, 4.123105625617661
76, 13, 1256, 151, 1257, 150, -1, 1, 2.356194490192345, 1.4142135623730951
76, 14, 810, 250, 811, 253, -1, -3, -1.892546881191539, 3.1622776601683795
76, 15, 705, 561, 707, 566, -2, -5, -1.9513027039072615, 5.385164807134504
76, 16, 839, 29, 841, 30, -2, -1, -2.677945044588987, 2.23606797749979
76, 18, 646, 25, 646, 27, 0, -2, -1.5707963267948966, 2.0
76, 19, 523, 193, 524, 196, -1, -3, -1.892546881191539, 3.1622776601683795
76, 20, 905, 30, 907, 31, -2, -1, -2.677945044588987, 2.23606797749979
76, 22, 1159, 290, 1163, 294, -4, -4, -2.356194490192345, 5.656854249492381
76, 23, 492, 56, 492, 58, 0, -2, -1.5707963267948966, 2.0
76, 24, 763, 602, 765, 602, -2, 0, 3.141592653589793, 2.0
76, 25, 505, 157, 506, 160, -1, -3, -1.892546881191539, 3.1622776601683795
76, 26, 482, 55, 482, 57, 0, -2, -1.5707963267948966, 2.0
76, 27, 816, 25, 818, 26, -2, -1, -2.677945044588987, 2.23606797749979
76, 28, 1091, 472, 1090, 469, 1, 3, 1.2490457723982544, 3.1622776601683795
76, 29, 484, 46, 484, 48, 0, -2, -1.5707963267948966, 2.0
76, 31, 706, 426, 707, 430, -1, -4, -1.8157749899217608, 4.123105625617661
76, 32, 756, 541, 760, 538, -4, 3, 2.498091544796509, 5.0
76, 33, 84, 40, 80, 41, 4, -1, -0.24497866312686414, 4.123105625617661
76, 34, 773, 533, 777, 530, -4, 3, 2.498091544796509, 5.0
76, 35, 497, 194, 498, 197, -1, -3, -1.892546881191539, 3.1622776601683795
76, 37, 391, 221, 392, 219, -1, 2, 2.0344439357957027, 2.23606797749979
76, 38, 1188, 271, 1187, 268, 1, 3, 1.2490457723982544, 3.1622776601683795
76, 42, 488, 238, 488, 242, 0, -4, -1.5707963267948966, 4.0
76, 43, 1079, 567, 1078, 563, 1, 4, 1.3258176636680326, 4.123105625617661
76, 44, 627, 213, 628, 211, -1, 2, 2.0344439357957027, 2.23606797749979
76, 45, 94, 83, 91, 85, 3, -2, -0.5880026035475675, 3.605551275463989
76, 46, 1082, 420, 1082, 417, 0, 3, 1.5707963267948966, 3.0
76, 49, 739, 393, 740, 398, -1, -5, -1.7681918866447774, 5.0990195135927845
76, 50, 334, 14, 333, 15, 1, -1, -0.7853981633974483, 1.4142135623730951
76, 51, 473, 239, 473, 243, 0, -4, -1.5707963267948966, 4.0
76, 52, 1073, 454, 1072, 453, 1, 1, 0.7853981633974483, 1.4142135623730951
76, 54, 1100, 526, 1098, 524, 2, 2, 0.7853981633974483, 2.8284271247461903
76, 56, 119, 635, 119, 632, 0, 3, 1.5707963267948966, 3.0
76, 59, 482, 225, 482, 230, 0, -5, -1.5707963267948966, 5.0
76, 60, 832, 40, 834, 41, -2, -1, -2.677945044588987, 2.23606797749979
76, 61, 839, 11, 841, 12, -2, -1, -2.677945044588987, 2.23606797749979
76, 62, 839, 697, 840, 701, -1, -4, -1.8157749899217608, 4.123105625617661
76, 64, 784, 240, 785, 244, -1, -4, -1.8157749899217608, 4.123105625617661
76, 65, 635, 302, 636, 301, -1, 1, 2.356194490192345, 1.4142135623730951
76, 66, 323, 19, 321, 19, 2, 0, 0.0, 2.0
76, 67, 826, 20, 828, 21, -2, -1, -2.677945044588987, 2.23606797749979
76, 68, 114, 99, 112, 99, 2, 0, 0.0, 2.0
76, 71, 503, 168, 503, 171, 0, -3, -1.5707963267948966, 3.0
76, 72, 777, 543, 781, 541, -4, 2, 2.677945044588987, 4.47213595499958
76, 73, 1260, 183, 1261, 182, -1, 1, 2.356194490192345, 1.4142135623730951
76, 74, 790, 676, 791, 681, -1, -5, -1.7681918866447774, 5.0990195135927845
76, 75, 82, 49, 79, 50, 3, -1, -0.3217505543966422, 3.1622776601683795
76, 76, 1206, 243, 1205, 240, 1, 3, 1.2490457723982544, 3.1622776601683795
76, 77, 750, 434, 751, 436, -1, -2, -2.0344439357957027, 2.23606797749979
76, 78, 711, 21, 707, 21, 4, 0, 0.0, 4.0
76, 80, 514, 167, 515, 170, -1, -3, -1.892546881191539, 3.1622776601683795
76, 81, 162, 22, 163, 21, -1, 1, 2.356194490192345, 1.4142135623730951
76, 82, 1124, 37, 1123, 36, 1, 1, 0.7853981633974483, 1.4142135623730951
76, 84, 513, 248, 514, 251, -1, -3, -1.892546881191539, 3.1622776601683795
76, 85, 1103, 538, 1102, 537, 1, 1, 0.7853981633974483, 1.4142135623730951
76, 86, 1150, 277, 1154, 280, -4, -3, -2.498091544796509, 5.0
76, 87, 795, 202, 796, 206, -1, -4, -1.8157749899217608, 4.123105625617661
76, 88, 1203, 185, 1204, 182, -1, 3, 1.892546881191539, 3.1622776601683795
76, 89, 401, 284, 401, 281, 0, 3, 1.5707963267948966, 3.0
76, 90, 676, 220, 677, 218, -1, 2, 2.0344439357957027, 2.23606797749979
76, 92, 415, 374, 419, 373, -4, 1, 2.896613990462929, 4.123105625617661
76, 93, 848, 29, 850, 30, -2, -1, -2.677945044588987, 2.23606797749979
76, 95, 1236, 216, 1235, 213, 1, 3, 1.2490457723982544, 3.1622776601683795
76, 99, 798, 78, 799, 80, -1, -2, -2.0344439357957027, 2.23606797749979
76, 100, 793, 254, 794, 258, -1, -4, -1.8157749899217608, 4.123105625617661
76, 105, 388, 249, 389, 247, -1, 2, 2.0344439357957027, 2.23606797749979
76, 106, 417, 382, 421, 380, -4, 2, 2.677945044588987, 4.47213595499958
76, 107, 701, 541, 703, 546, -2, -5, -1.9513027039072615, 5.385164807134504
76, 110, 411, 290, 412, 289, -1, 1, 2.356194490192345, 1.4142135623730951
76, 111, 1201, 143, 1202, 139, -1, 4, 1.8157749899217608, 4.123105625617661
76, 112, 418, 257, 419, 255, -1, 2, 2.0344439357957027, 2.23606797749979
76, 113, 1120, 426, 1118, 423, 2, 3, 0.982793723247329, 3.605551275463989
76, 114, 1112, 531, 1110, 529, 2, 2, 0.7853981633974483, 2.8284271247461903
76, 115, 1146, 292, 1150, 295, -4, -3, -2.498091544796509, 5.0
76, 116, 1203, 150, 1204, 146, -1, 4, 1.8157749899217608, 4.123105625617661
76, 117, 481, 336, 482, 340, -1, -4, -1.8157749899217608, 4.123105625617661
76, 118, 781, 91, 782, 94, -1, -3, -1.892546881191539, 3.1622776601683795
76, 119, 38, 451, 38, 449, 0, 2, 1.5707963267948966, 2.0
76, 120, 1212, 298, 1211, 295, 1, 3, 1.2490457723982544, 3.1622776601683795
76, 121, 1103, 104, 1102, 103, 1, 1, 0.7853981633974483, 1.4142135623730951
76, 122, 399, 292, 399, 289, 0, 3, 1.5707963267948966, 3.0
76, 123, 854, 25, 856, 26, -2, -1, -2.677945044588987, 2.23606797749979
76, 125, 1234, 258, 1233, 256, 1, 2, 1.1071487177940904, 2.23606797749979
76, 126, 715, 610, 716, 613, -1, -3, -1.892546881191539, 3.1622776601683795
76, 129, 697, 556, 699, 561, -2, -5, -1.9513027039072615, 5.385164807134504
76, 130, 408, 367, 409, 366, -1, 1, 2.356194490192345, 1.4142135623730951
76, 131, 1122, 336, 1125, 340, -3, -4, -2.214297435588181, 5.0
76, 133, 698, 571, 700, 576, -2, -5, -1.9513027039072615, 5.385164807134504
76, 134, 75, 79, 73, 79, 2, 0, 0.0, 2.0
76, 135, 181, 39, 182, 38, -1, 1, 2.356194490192345, 1.4142135623730951
76, 136, 887, 10, 889, 11, -2, -1, -2.677945044588987, 2.23606797749979
76, 138, 767, 620, 769, 620, -2, 0, 3.141592653589793, 2.0
76, 139, 791, 71, 792, 74, -1, -3, -1.892546881191539, 3.1622776601683795
76, 140, 629, 299, 630, 297, -1, 2, 2.0344439357957027, 2.23606797749979
76, 141, 163, 37, 164, 36, -1, 1, 2.356194490192345, 1.4142135623730951
76, 143, 137, 559, 140, 557, -3, 2, 2.5535900500422257, 3.605551275463989
76, 144, 113, 489, 115, 486, -2, 3, 2.158798930342464, 3.605551275463989
76, 145, 905, 21, 907, 22, -2, -1, -2.677945044588987, 2.23606797749979
76, 146, 687, 199, 688, 198, -1, 1, 2.356194490192345, 1.4142135623730951
76, 147, 1198, 249, 1197, 246, 1, 3, 1.2490457723982544, 3.1622776601683795
76, 148, 1191, 253, 1190, 250, 1, 3, 1.2490457723982544, 3.1622776601683795
77, 0, 811, 217, 813, 220, -2, -3, -2.158798930342464, 3.605551275463989
77, 1, 1133, 343, 1137, 345, -4, -2, -2.677945044588987, 4.47213595499958
77, 2, 1157, 316, 1161, 320, -4, -4, -2.356194490192345, 5.656854249492381
77, 3, 784, 19, 785, 23, -1, -4, -1.8157749899217608, 4.123105625617661
77, 4, 803, 665, 805, 667, -2, -2, -2.356194490192345, 2.8284271247461903
77, 5, 1128, 317, 1132, 319, -4, -2, -2.677945044588987, 4.47213595499958
77, 6, 481, 690, 480, 693, 1, -3, -1.2490457723982544, 3.1622776601683795
77, 7, 688, 557, 688, 561, 0, -4, -1.5707963267948966, 4.0
77, 8, 1225, 216, 1223, 214, 2, 2, 0.7853981633974483, 2.8284271247461903
77, 9, 113, 500, 114, 498, -1, 2, 2.0344439357957027, 2.23606797749979
77, 10, 174, 669, 174, 665, 0, 4, 1.5707963267948966, 4.0
77, 11, 819, 660, 819, 663, 0, -3, -1.5707963267948966, 3.0
77, 12, 462, 693, 462, 696, 0, -3, -1.5707963267948966, 3.0
77, 13, 1254, 154, 1256, 151, -2, 3, 2.158798930342464, 3.605551275463989
77, 14, 808, 246, 810, 250, -2, -4, -2.0344439357957027, 4.47213595499958
77, 15, 703, 556, 705, 561, -2, -5, -1.9513027039072615, 5.385164807134504
77, 16, 835, 28, 839, 29, -4, -1, -2.896613990462929, 4.123105625617661
77, 17, 762, 114, 762, 110, 0, 4, 1.5707963267948966, 4.0
77, 18, 647, 22, 646, 25, 1, -3, -1.2490457723982544, 3.1622776601683795
77, 19, 522, 189, 523, 193, -1, -4, -1.8157749899217608, 4.123105625617661
77, 20, 902, 29, 905, 30, -3, -1, -2.819842099193151, 3.1622776601683795
77, 21, 183, 15, 184, 13, -1, 2, 2.0344439357957027, 2.23606797749979
77, 22, 1155, 287, 1159, 290, -4, -3, -2.498091544796509, 5.0
77, 23, 492, 54, 492, 56, 0, -2, -1.5707963267948966, 2.0
77, 24, 760, 601, 763, 602, -3, -1, -2.819842099193151, 3.1622776601683795
77, 25, 505, 152, 505, 157, 0, -5, -1.5707963267948966, 5.0
77, 26, 482, 53, 482, 55, 0, -2, -1.5707963267948966, 2.0
77, 27, 814, 23, 816, 25, -2, -2, -2.356194490192345, 2.8284271247461903
77, 28, 1091, 475, 1091, 472, 0, 3, 1.5707963267948966, 3.0
77, 29, 484, 44, 484, 46, 0, -2, -1.5707963267948966, 2.0
77, 30, 754, 107, 755, 103, -1, 4, 1.8157749899217608, 4.123105625617661
77, 31, 705, 423, 706, 426, -1, -3, -1.892546881191539, 3.1622776601683795
77, 32, 754, 541, 756, 541, -2, 0, 3.141592653589793, 2.0
77, 33, 88, 39, 84, 40, 4, -1, -0.24497866312686414, 4.123105625617661
77, 34, 769, 536, 773, 533, -4, 3, 2.498091544796509, 5.0
77, 35, 497, 190, 497, 194, 0, -4, -1.5707963267948966, 4.0
77, 36, 1187, 219, 1185, 221, 2, -2, -0.7853981633974483, 2.8284271247461903
77, 37, 389, 225, 391, 221, -2, 4, 2.0344439357957027, 4.47213595499958
77, 40, 696, 171, 697, 168, -1, 3, 1.892546881191539, 3.1622776601683795
77, 41, 691, 155, 691, 153, 0, 2, 1.5707963267948966, 2.0
77, 42, 488, 234, 488, 238, 0, -4, -1.5707963267948966, 4.0
77, 43, 1079, 570, 1079, 567, 0, 3, 1.5707963267948966, 3.0
77, 44, 626, 217, 627, 213, -1, 4, 1.8157749899217608, 4.123105625617661
77, 45, 97, 82, 94, 83, 3, -1, -0.3217505543966422, 3.1622776601683795
77, 46, 1082, 424, 1082, 420, 0, 4, 1.5707963267948966, 4.0
77, 47, 1113, 46, 1111, 44, 2, 2, 0.7853981633974483, 2.8284271247461903
77, 48, 151, 582, 153, 582, -2, 0, 3.141592653589793, 2.0
77, 49, 738, 388, 739, 393, -1, -5, -1.7681918866447774, 5.0990195135927845
77, 50, 336, 14, 334, 14, 2, 0, 0.0, 2.0
77, 51, 472, 235, 473, 239, -1, -4, -1.8157749899217608, 4.123105625617661
77, 52, 1074, 452, 1073, 454, 1, -2, -1.1071487177940904, 2.23606797749979
77, 53, 1173, 66, 1172, 64, 1, 2, 1.1071487177940904, 2.23606797749979
77, 54, 1102, 525, 1100, 526, 2, -1, -0.4636476090008061, 2.23606797749979
77, 55, 618, 31, 617, 28, 1, 3, 1.2490457723982544, 3.1622776601683795
77, 56, 118, 639, 119, 635, -1, 4, 1.8157749899217608, 4.123105625617661
77, 58, 1146, 34, 1143, 32, 3, 2, 0.5880026035475675, 3.605551275463989
77, 59, 482, 219, 482, 225, 0, -6, -1.5707963267948966, 6.0
77, 60, 828, 39, 832, 40, -4, -1, -2.896613990462929, 4.123105625617661
77, 61, 835, 10, 839, 11, -4, -1, -2.896613990462929, 4.123105625617661
77, 62, 836, 696, 839, 697, -3, -1, -2.819842099193151, 3.1622776601683795
77, 63, 490, 126, 490, 128, 0, -2, -1.5707963267948966, 2.0
77, 64, 783, 235, 784, 240, -1, -5, -1.7681918866447774, 5.0990195135927845
77, 65, 634, 303, 635, 302, -1, 1, 2.356194490192345, 1.4142135623730951
77, 66, 325, 19, 323, 19, 2, 0, 0.0, 2.0
77, 67, 823, 19, 826, 20, -3, -1, -2.819842099193151, 3.1622776601683795
77, 68, 116, 99, 114, 99, 2, 0, 0.0, 2.0
77, 69, 500, 85, 500, 88, 0, -3, -1.5707963267948966, 3.0
77, 70, 503, 163, 503, 168, 0, -5, -1.5707963267948966, 5.0
77, 71, 773, 545, 777, 543, -4, 2, 2.677945044588987, 4.47213595499958
77, 72, 1259, 184, 1260, 183, -1, 1, 2.356194490192345, 1.4142135623730951
77, 73, 787, 672, 790, 676, -3, -4, -2.214297435588181, 5.0
77, 74, 85, 48, 82, 49, 3, -1, -0.3217505543966422, 3.1622776601683795
77, 75, 1207, 245, 1206, 243, 1, 2, 1.1071487177940904, 2.23606797749979
77, 76, 750, 432, 750, 434, 0, -2, -1.5707963267948966, 2.0
77, 78, 429, 324, 429, 322, 0, 2, 1.5707963267948966, 2.0
77, 79, 514, 162, 514, 167, 0, -5, -1.5707963267948966, 5.0
77, 80, 161, 25, 162, 22, -1, 3, 1.892546881191539, 3.1622776601683795
77, 81, 1126, 39, 1124, 37, 2, 2, 0.7853981633974483, 2.8284271247461903
77, 83, 512, 245, 513, 248, -1, -3, -1.892546881191539, 3.1622776601683795
77, 84, 1104, 537, 1103, 538, 1, -1, -0.7853981633974483, 1.4142135623730951
77, 85, 1146, 273, 1150, 277, -4, -4, -2.356194490192345, 5.656854249492381
77, 86, 794, 197, 795, 202, -1, -5, -1.7681918866447774, 5.0990195135927845
77, 87, 1205, 188, 1203, 185, 2, 3, 0.982793723247329, 3.605551275463989
77, 88, 400, 286, 401, 284, -1, 2, 2.0344439357957027, 2.23606797749979
77, 89, 674, 223, 676, 220, -2, 3, 2.158798930342464, 3.605551275463989
77, 91, 411, 375, 415, 374, -4, 1, 2.896613990462929, 4.123105625617661
77, 92, 845, 28, 848, 29, -3, -1, -2.819842099193151, 3.1622776601683795
77, 94, 1238, 219, 1236, 216, 2, 3, 0.982793723247329, 3.605551275463989
77, 97, 797, 75, 798, 78, -1, -3, -1.892546881191539, 3.1622776601683795
77, 98, 793, 249, 793, 254, 0, -5, -1.5707963267948966, 5.0
77, 100, 12, 430, 11, 431, 1, -1, -0.7853981633974483, 1.4142135623730951
77, 101, 1167, 105, 1166, 103, 1, 2, 1.1071487177940904, 2.23606797749979
77, 102, 1143, 95, 1141, 94, 2, 1, 0.4636476090008061, 2.23606797749979
77, 103, 386, 252, 388, 249, -2, 3, 2.158798930342464, 3.605551275463989
77, 104, 413, 384, 417, 382, -4, 2, 2.677945044588987, 4.47213595499958
77, 105, 699, 536, 701, 541, -2, -5, -1.9513027039072615, 5.385164807134504
77, 106, 1175, 73, 1174, 71, 1, 2, 1.1071487177940904, 2.23606797749979
77, 107, 1259, 239, 1258, 237, 1, 2, 1.1071487177940904, 2.23606797749979
77, 108, 410, 291, 411, 290, -1, 1, 2.356194490192345, 1.4142135623730951
77, 109, 1200, 146, 1201, 143, -1, 3, 1.892546881191539, 3.1622776601683795
77, 110, 417, 261, 418, 257, -1, 4, 1.8157749899217608, 4.123105625617661
77, 111, 1122, 429, 1120, 426, 2, 3, 0.982793723247329, 3.605551275463989
77, 112, 1114, 532, 1112, 531, 2, 1, 0.4636476090008061, 2.23606797749979
77, 113, 1142, 290, 1146, 292, -4, -2, -2.677945044588987, 4.47213595499958
77, 114, 1202, 153, 1203, 150, -1, 3, 1.892546881191539, 3.1622776601683795
77, 115, 479, 330, 481, 336, -2, -6, -1.892546881191539, 6.324555320336759
77, 116, 780, 89, 781, 91, -1, -2, -2.0344439357957027, 2.23606797749979
77, 117, 39, 453, 38, 451, 1, 2, 1.1071487177940904, 2.23606797749979
77, 118, 1213, 299, 1212, 298, 1, 1, 0.7853981633974483, 1.4142135623730951
77, 120, 399, 295, 399, 292, 0, 3, 1.5707963267948966, 3.0
77, 121, 851, 25, 854, 25, -3, 0, 3.141592653589793, 3.0
77, 123, 1237, 262, 1234, 258, 3, 4, 0.9272952180016122, 5.0
77, 124, 712, 606, 715, 610, -3, -4, -2.214297435588181, 5.0
77, 126, 767, 145, 767, 143, 0, 2, 1.5707963267948966, 2.0
77, 127, 695, 551, 697, 556, -2, -5, -1.9513027039072615, 5.385164807134504
77, 128, 405, 369, 408, 367, -3, 2, 2.5535900500422257, 3.605551275463989
77, 129, 1118, 333, 1122, 336, -4, -3, -2.498091544796509, 5.0
77, 130, 1136, 596, 1135, 593, 1, 3, 1.2490457723982544, 3.1622776601683795
77, 131, 697, 566, 698, 571, -1, -5, -1.7681918866447774, 5.0990195135927845
77, 133, 884, 9, 887, 10, -3, -1, -2.819842099193151, 3.1622776601683795
77, 134, 765, 620, 767, 620, -2, 0, 3.141592653589793, 2.0
77, 135, 790, 67, 791, 71, -1, -4, -1.8157749899217608, 4.123105625617661
77, 137, 161, 39, 163, 37, -2, 2, 2.356194490192345, 2.8284271247461903
77, 139, 135, 560, 137, 559, -2, 1, 2.677945044588987, 2.23606797749979
77, 140, 111, 491, 113, 489, -2, 2, 2.356194490192345, 2.8284271247461903
77, 141, 902, 21, 905, 21, -3, 0, 3.141592653589793, 3.0
77, 142, 686, 202, 687, 199, -1, 3, 1.892546881191539, 3.1622776601683795
77, 143, 1200, 251, 1198, 249, 2, 2, 0.7853981633974483, 2.8284271247461903
77, 144, 1193, 254, 1191, 253, 2, 1, 0.4636476090008061, 2.23606797749979
78, 0, 811, 214, 811, 217, 0, -3, -1.5707963267948966, 3.0
78, 1, 1131, 341, 1133, 343, -2, -2, -2.356194490192345, 2.8284271247461903
78, 2, 1153, 312, 1157, 316, -4, -4, -2.356194490192345, 5.656854249492381
78, 3, 783, 17, 784, 19, -1, -2, -2.0344439357957027, 2.23606797749979
78, 4, 798, 662, 803, 665, -5, -3, -2.601173153319209, 5.830951894845301
78, 5, 1125, 314, 1128, 317, -3, -3, -2.356194490192345, 4.242640687119285
78, 6, 482, 685, 481, 690, 1, -5, -1.373400766945016, 5.0990195135927845
78, 7, 687, 552, 688, 557, -1, -5, -1.7681918866447774, 5.0990195135927845
78, 8, 1227, 219, 1225, 216, 2, 3, 0.982793723247329, 3.605551275463989
78, 9, 110, 503, 113, 500, -3, 3, 2.356194490192345, 4.242640687119285
78, 10, 174, 672, 174, 669, 0, 3, 1.5707963267948966, 3.0
78, 11, 819, 654, 819, 660, 0, -6, -1.5707963267948966, 6.0
78, 12, 462, 689, 462, 693, 0, -4, -1.5707963267948966, 4.0
78, 13, 1253, 155, 1254, 154, -1, 1, 2.356194490192345, 1.4142135623730951
78, 14, 807, 242, 808, 246, -1, -4, -1.8157749899217608, 4.123105625617661
78, 15, 701, 551, 703, 556, -2, -5, -1.9513027039072615, 5.385164807134504
78, 16, 833, 27, 835, 28, -2, -1, -2.677945044588987, 2.23606797749979
78, 17, 762, 116, 762, 114, 0, 2, 1.5707963267948966, 2.0
78, 18, 647, 20, 647, 22, 0, -2, -1.5707963267948966, 2.0
78, 19, 521, 184, 522, 189, -1, -5, -1.7681918866447774, 5.0990195135927845
78, 20, 900, 28, 902, 29, -2, -1, -2.677945044588987, 2.23606797749979
78, 22, 1151, 284, 1155, 287, -4, -3, -2.498091544796509, 5.0
78, 23, 492, 52, 492, 54, 0, -2, -1.5707963267948966, 2.0
78, 24, 756, 602, 760, 601, -4, 1, 2.896613990462929, 4.123105625617661
78, 25, 504, 148, 505, 152, -1, -4, -1.8157749899217608, 4.123105625617661
78, 26, 482, 51, 482, 53, 0, -2, -1.5707963267948966, 2.0
78, 27, 812, 22, 814, 23, -2, -1, -2.677945044588987, 2.23606797749979
78, 28, 1092, 477, 1091, 475, 1, 2, 1.1071487177940904, 2.23606797749979
78, 29, 484, 42, 484, 44, 0, -2, -1.5707963267948966, 2.0
78, 30, 753, 109, 754, 107, -1, 2, 2.0344439357957027, 2.23606797749979
78, 31, 704, 419, 705, 423, -1, -4, -1.8157749899217608, 4.123105625617661
78, 32, 750, 543, 754, 541, -4, 2, 2.677945044588987, 4.47213595499958
78, 33, 91, 37, 88, 39, 3, -2, -0.5880026035475675, 3.605551275463989
78, 34, 765, 539, 769, 536, -4, 3, 2.498091544796509, 5.0
78, 35, 496, 186, 497, 190, -1, -4, -1.8157749899217608, 4.123105625617661
78, 36, 1188, 218, 1187, 219, 1, -1, -0.7853981633974483, 1.4142135623730951
78, 37, 388, 226, 389, 225, -1, 1, 2.356194490192345, 1.4142135623730951
78, 42, 487, 229, 488, 234, -1, -5, -1.7681918866447774, 5.0990195135927845
78, 43, 1080, 574, 1079, 570, 1, 4, 1.3258176636680326, 4.123105625617661
78, 44, 625, 220, 626, 217, -1, 3, 1.892546881191539, 3.1622776601683795
78, 45, 100, 82, 97, 82, 3, 0, 0.0, 3.0
78, 46, 1082, 427, 1082, 424, 0, 3, 1.5707963267948966, 3.0
78, 48, 150, 583, 151, 582, -1, 1, 2.356194490192345, 1.4142135623730951
78, 49, 737, 384, 738, 388, -1, -4, -1.8157749899217608, 4.123105625617661
78, 50, 338, 12, 336, 14, 2, -2, -0.7853981633974483, 2.8284271247461903
78, 51, 471, 231, 472, 235, -1, -4, -1.8157749899217608, 4.123105625617661
78, 52, 1076, 455, 1074, 452, 2, 3, 0.982793723247329, 3.605551275463989
78, 56, 118, 641, 118, 639, 0, 2, 1.5707963267948966, 2.0
78, 58, 1148, 34, 1146, 34, 2, 0, 0.0, 2.0
78, 59, 481, 214, 482, 219, -1, -5, -1.7681918866447774, 5.0990195135927845
78, 60, 826, 38, 828, 39, -2, -1, -2.677945044588987, 2.23606797749979
78, 61, 833, 9, 835, 10, -2, -1, -2.677945044588987, 2.23606797749979
78, 62, 834, 692, 836, 696, -2, -4, -2.0344439357957027, 4.47213595499958
78, 63, 489, 124, 490, 126, -1, -2, -2.0344439357957027, 2.23606797749979
78, 64, 782, 232, 783, 235, -1, -3, -1.892546881191539, 3.1622776601683795
78, 67, 821, 18, 823, 19, -2, -1, -2.677945044588987, 2.23606797749979
78, 69, 500, 83, 500, 85, 0, -2, -1.5707963267948966, 2.0
78, 70, 502, 159, 503, 163, -1, -4, -1.8157749899217608, 4.123105625617661
78, 71, 769, 548, 773, 545, -4, 3, 2.498091544796509, 5.0
78, 73, 785, 667, 787, 672, -2, -5, -1.9513027039072615, 5.385164807134504
78, 74, 88, 46, 85, 48, 3, -2, -0.5880026035475675, 3.605551275463989
78, 75, 1209, 248, 1207, 245, 2, 3, 0.982793723247329, 3.605551275463989
78, 76, 749, 430, 750, 432, -1, -2, -2.0344439357957027, 2.23606797749979
78, 77, 713, 18, 711, 21, 2, -3, -0.982793723247329, 3.605551275463989
78, 78, 429, 327, 429, 324, 0, 3, 1.5707963267948966, 3.0
78, 79, 513, 158, 514, 162, -1, -4, -1.8157749899217608, 4.123105625617661
78, 80, 160, 26, 161, 25, -1, 1, 2.356194490192345, 1.4142135623730951
78, 83, 511, 242, 512, 245, -1, -3, -1.892546881191539, 3.1622776601683795
78, 84, 1102, 539, 1104, 537, -2, 2, 2.356194490192345, 2.8284271247461903
78, 85, 1142, 270, 1146, 273, -4, -3, -2.498091544796509, 5.0
78, 86, 794, 192, 794, 197, 0, -5, -1.5707963267948966, 5.0
78, 87, 1205, 191, 1205, 188, 0, 3, 1.5707963267948966, 3.0
78, 88, 400, 288, 400, 286, 0, 2, 1.5707963267948966, 2.0
78, 89, 672, 223, 674, 223, -2, 0, 3.141592653589793, 2.0
78, 91, 410, 378, 411, 375, -1, 3, 1.892546881191539, 3.1622776601683795
78, 92, 843, 27, 845, 28, -2, -1, -2.677945044588987, 2.23606797749979
78, 94, 1240, 222, 1238, 219, 2, 3, 0.982793723247329, 3.605551275463989
78, 97, 792, 246, 793, 249, -1, -3, -1.892546881191539, 3.1622776601683795
78, 100, 1144, 96, 1143, 95, 1, 1, 0.7853981633974483, 1.4142135623730951
78, 101, 385, 253, 386, 252, -1, 1, 2.356194490192345, 1.4142135623730951
78, 102, 412, 386, 413, 384, -1, 2, 2.0344439357957027, 2.23606797749979
78, 103, 697, 531, 699, 536, -2, -5, -1.9513027039072615, 5.385164807134504
78, 106, 409, 293, 410, 291, -1, 2, 2.0344439357957027, 2.23606797749979
78, 107, 1200, 149, 1200, 146, 0, 3, 1.5707963267948966, 3.0
78, 108, 416, 262, 417, 261, -1, 1, 2.356194490192345, 1.4142135623730951
78, 109, 1125, 432, 1122, 429, 3, 3, 0.7853981633974483, 4.242640687119285
78, 110, 1113, 536, 1114, 532, -1, 4, 1.8157749899217608, 4.123105625617661
78, 111, 1138, 287, 1142, 290, -4, -3, -2.498091544796509, 5.0
78, 112, 1201, 156, 1202, 153, -1, 3, 1.892546881191539, 3.1622776601683795
78, 113, 478, 326, 479, 330, -1, -4, -1.8157749899217608, 4.123105625617661
78, 114, 779, 87, 780, 89, -1, -2, -2.0344439357957027, 2.23606797749979
78, 116, 1214, 302, 1213, 299, 1, 3, 1.2490457723982544, 3.1622776601683795
78, 117, 1105, 103, 1104, 104, 1, -1, -0.7853981633974483, 1.4142135623730951
78, 118, 399, 297, 399, 295, 0, 2, 1.5707963267948966, 2.0
78, 119, 849, 24, 851, 25, -2, -1, -2.677945044588987, 2.23606797749979
78, 121, 1239, 264, 1237, 262, 2, 2, 0.7853981633974483, 2.8284271247461903
78, 122, 710, 602, 712, 606, -2, -4, -2.0344439357957027, 4.47213595499958
78, 125, 694, 546, 695, 551, -1, -5, -1.7681918866447774, 5.0990195135927845
78, 126, 403, 372, 405, 369, -2, 3, 2.158798930342464, 3.605551275463989
78, 127, 1115, 332, 1118, 333, -3, -1, -2.819842099193151, 3.1622776601683795
78, 128, 1136, 600, 1136, 596, 0, 4, 1.5707963267948966, 4.0
78, 129, 695, 561, 697, 566, -2, -5, -1.9513027039072615, 5.385164807134504
78, 131, 763, 622, 765, 620, -2, 2, 2.356194490192345, 2.8284271247461903
78, 133, 160, 40, 161, 39, -1, 1, 2.356194490192345, 1.4142135623730951
78, 135, 132, 563, 135, 560, -3, 3, 2.356194490192345, 4.242640687119285
78, 136, 108, 494, 111, 491, -3, 3, 2.356194490192345, 4.242640687119285
78, 137, 900, 20, 902, 21, -2, -1, -2.677945044588987, 2.23606797749979
78, 138, 685, 203, 686, 202, -1, 1, 2.356194490192345, 1.4142135623730951
78, 139, 1202, 254, 1200, 251, 2, 3, 0.982793723247329, 3.605551275463989
78, 140, 1195, 257, 1193, 254, 2, 3, 0.982793723247329, 3.605551275463989
79, 0, 811, 211, 811, 214, 0, -3, -1.5707963267948966, 3.0
79, 1, 1128, 337, 1131, 341, -3, -4, -2.214297435588181, 5.0
79, 2, 1149, 309, 1153, 312, -4, -3, -2.498091544796509, 5.0
79, 3, 782, 15, 783, 17, -1, -2, -2.0344439357957027, 2.23606797749979
79, 4, 796, 658, 798, 662, -2, -4, -2.0344439357957027, 4.47213595499958
79, 5, 1121, 312, 1125, 314, -4, -2, -2.677945044588987, 4.47213595499958
79, 6, 483, 680, 482, 685, 1, -5, -1.373400766945016, 5.0990195135927845
79, 7, 686, 548, 687, 552, -1, -4, -1.8157749899217608, 4.123105625617661
79, 8, 1229, 222, 1227, 219, 2, 3, 0.982793723247329, 3.605551275463989
79, 9, 107, 506, 110, 503, -3, 3, 2.356194490192345, 4.242640687119285
79, 10, 174, 675, 174, 672, 0, 3, 1.5707963267948966, 3.0
79, 11, 819, 648, 819, 654, 0, -6, -1.5707963267948966, 6.0
79, 12, 462, 685, 462, 689, 0, -4, -1.5707963267948966, 4.0
79, 13, 1252, 157, 1253, 155, -1, 2, 2.0344439357957027, 2.23606797749979
79, 14, 806, 239, 807, 242, -1, -3, -1.892546881191539, 3.1622776601683795
79, 15, 699, 546, 701, 551, -2, -5, -1.9513027039072615, 5.385164807134504
79, 16, 831, 26, 833, 27, -2, -1, -2.677945044588987, 2.23606797749979
79, 17, 761, 119, 762, 116, -1, 3, 1.892546881191539, 3.1622776601683795
79, 19, 520, 179, 521, 184, -1, -5, -1.7681918866447774, 5.0990195135927845
79, 20, 898, 27, 900, 28, -2, -1, -2.677945044588987, 2.23606797749979
79, 21, 181, 16, 182, 15, -1, 1, 2.356194490192345, 1.4142135623730951
79, 22, 1147, 282, 1151, 284, -4, -2, -2.677945044588987, 4.47213595499958
79, 23, 492, 50, 492, 52, 0, -2, -1.5707963267948966, 2.0
79, 24, 754, 603, 756, 602, -2, 1, 2.677945044588987, 2.23606797749979
79, 25, 503, 145, 504, 148, -1, -3, -1.892546881191539, 3.1622776601683795
79, 26, 482, 49, 482, 51, 0, -2, -1.5707963267948966, 2.0
79, 27, 810, 21, 812, 22, -2, -1, -2.677945044588987, 2.23606797749979
79, 28, 1093, 478, 1092, 477, 1, 1, 0.7853981633974483, 1.4142135623730951
79, 29, 484, 40, 484, 42, 0, -2, -1.5707963267948966, 2.0
79, 30, 752, 112, 753, 109, -1, 3, 1.892546881191539, 3.1622776601683795
79, 31, 704, 415, 704, 419, 0, -4, -1.5707963267948966, 4.0
79, 32, 747, 545, 750, 543, -3, 2, 2.5535900500422257, 3.605551275463989
79, 33, 94, 35, 91, 37, 3, -2, -0.5880026035475675, 3.605551275463989
79, 34, 761, 542, 765, 539, -4, 3, 2.498091544796509, 5.0
79, 35, 495, 183, 496, 186, -1, -3, -1.892546881191539, 3.1622776601683795
79, 37, 387, 227, 388, 226, -1, 1, 2.356194490192345, 1.4142135623730951
79, 38, 1190, 272, 1189, 270, 1, 2, 1.1071487177940904, 2.23606797749979
79, 40, 694, 172, 695, 171, -1, 1, 2.356194490192345, 1.4142135623730951
79, 41, 689, 156, 690, 155, -1, 1, 2.356194490192345, 1.4142135623730951
79, 42, 486, 224, 487, 229, -1, -5, -1.7681918866447774, 5.0990195135927845
79, 43, 1081, 578, 1080, 574, 1, 4, 1.3258176636680326, 4.123105625617661
79, 44, 623, 223, 625, 220, -2, 3, 2.158798930342464, 3.605551275463989
79, 45, 102, 83, 100, 82, 2, 1, 0.4636476090008061, 2.23606797749979
79, 46, 1082, 430, 1082, 427, 0, 3, 1.5707963267948966, 3.0
79, 48, 148, 585, 150, 583, -2, 2, 2.356194490192345, 2.8284271247461903
79, 49, 736, 381, 737, 384, -1, -3, -1.892546881191539, 3.1622776601683795
79, 50, 339, 13, 338, 12, 1, 1, 0.7853981633974483, 1.4142135623730951
79, 51, 470, 226, 471, 231, -1, -5, -1.7681918866447774, 5.0990195135927845
79, 52, 1079, 457, 1076, 455, 3, 2, 0.5880026035475675, 3.605551275463989
79, 53, 1173, 69, 1173, 67, 0, 2, 1.5707963267948966, 2.0
79, 54, 1102, 528, 1101, 525, 1, 3, 1.2490457723982544, 3.1622776601683795
79, 56, 118, 643, 118, 641, 0, 2, 1.5707963267948966, 2.0
79, 58, 1149, 35, 1148, 34, 1, 1, 0.7853981633974483, 1.4142135623730951
79, 59, 480, 209, 481, 214, -1, -5, -1.7681918866447774, 5.0990195135927845
79, 60, 824, 38, 826, 38, -2, 0, 3.141592653589793, 2.0
79, 61, 833, 687, 834, 692, -1, -5, -1.7681918866447774, 5.0990195135927845
79, 62, 781, 229, 782, 232, -1, -3, -1.892546881191539, 3.1622776601683795
79, 65, 819, 17, 821, 18, -2, -1, -2.677945044588987, 2.23606797749979
79, 67, 500, 81, 500, 83, 0, -2, -1.5707963267948966, 2.0
79, 68, 501, 156, 502, 159, -1, -3, -1.892546881191539, 3.1622776601683795
79, 69, 765, 550, 769, 548, -4, 2, 2.677945044588987, 4.47213595499958
79, 71, 783, 662, 785, 667, -2, -5, -1.9513027039072615, 5.385164807134504
79, 72, 91, 44, 88, 46, 3, -2, -0.5880026035475675, 3.605551275463989
79, 73, 1210, 251, 1209, 248, 1, 3, 1.2490457723982544, 3.1622776601683795
79, 74, 717, 19, 713, 18, 4, 1, 0.24497866312686414, 4.123105625617661
79, 75, 429, 331, 429, 327, 0, 4, 1.5707963267948966, 4.0
79, 76, 512, 155, 513, 158, -1, -3, -1.892546881191539, 3.1622776601683795
79, 77, 159, 27, 160, 26, -1, 1, 2.356194490192345, 1.4142135623730951
79, 80, 510, 239, 511, 242, -1, -3, -1.892546881191539, 3.1622776601683795
79, 81, 1102, 542, 1102, 539, 0, 3, 1.5707963267948966, 3.0
79, 82, 1138, 267, 1142, 270, -4, -3, -2.498091544796509, 5.0
79, 83, 794, 188, 794, 192, 0, -4, -1.5707963267948966, 4.0
79, 84, 1205, 194, 1205, 191, 0, 3, 1.5707963267948966, 3.0
79, 85, 400, 290, 400, 288, 0, 2, 1.5707963267948966, 2.0
79, 86, 670, 224, 672, 223, -2, 1, 2.677945044588987, 2.23606797749979
79, 88, 409, 379, 410, 378, -1, 1, 2.356194490192345, 1.4142135623730951
79, 89, 841, 26, 843, 27, -2, -1, -2.677945044588987, 2.23606797749979
79, 90, 1135, 101, 1136, 100, -1, 1, 2.356194490192345, 1.4142135623730951
79, 91, 1242, 226, 1240, 222, 2, 4, 1.1071487177940904, 4.47213595499958
79, 94, 791, 244, 792, 246, -1, -2, -2.0344439357957027, 2.23606797749979
79, 95, 15, 432, 13, 430, 2, 2, 0.7853981633974483, 2.8284271247461903
79, 96, 1166, 108, 1167, 106, -1, 2, 2.0344439357957027, 2.23606797749979
79, 98, 384, 255, 385, 253, -1, 2, 2.0344439357957027, 2.23606797749979
79, 100, 696, 526, 697, 531, -1, -5, -1.7681918866447774, 5.0990195135927845
79, 101, 1175, 76, 1175, 74, 0, 2, 1.5707963267948966, 2.0
79, 103, 409, 295, 409, 293, 0, 2, 1.5707963267948966, 2.0
79, 104, 1199, 151, 1200, 149, -1, 2, 2.0344439357957027, 2.23606797749979
79, 105, 415, 264, 416, 262, -1, 2, 2.0344439357957027, 2.23606797749979
79, 106, 1127, 435, 1125, 432, 2, 3, 0.982793723247329, 3.605551275463989
79, 107, 1114, 541, 1113, 536, 1, 5, 1.373400766945016, 5.0990195135927845
79, 108, 1134, 285, 1138, 287, -4, -2, -2.677945044588987, 4.47213595499958
79, 109, 1200, 158, 1201, 156, -1, 2, 2.0344439357957027, 2.23606797749979
79, 110, 477, 322, 478, 326, -1, -4, -1.8157749899217608, 4.123105625617661
79, 111, 777, 86, 779, 87, -2, -1, -2.677945044588987, 2.23606797749979
79, 112, 1213, 304, 1214, 302, -1, 2, 2.0344439357957027, 2.23606797749979
79, 114, 399, 299, 399, 297, 0, 2, 1.5707963267948966, 2.0
79, 115, 847, 23, 849, 24, -2, -1, -2.677945044588987, 2.23606797749979
79, 117, 1240, 266, 1239, 264, 1, 2, 1.1071487177940904, 2.23606797749979
79, 118, 708, 597, 710, 602, -2, -5, -1.9513027039072615, 5.385164807134504
79, 120, 766, 147, 767, 146, -1, 1, 2.356194490192345, 1.4142135623730951
79, 121, 692, 541, 694, 546, -2, -5, -1.9513027039072615, 5.385164807134504
79, 122, 402, 374, 403, 372, -1, 2, 2.0344439357957027, 2.23606797749979
79, 123, 1112, 329, 1115, 332, -3, -3, -2.356194490192345, 4.242640687119285
79, 124, 1137, 601, 1136, 600, 1, 1, 0.7853981633974483, 1.4142135623730951
79, 125, 693, 556, 695, 561, -2, -5, -1.9513027039072615, 5.385164807134504
79, 127, 760, 625, 763, 622, -3, 3, 2.356194490192345, 4.242640687119285
79, 129, 159, 41, 160, 40, -1, 1, 2.356194490192345, 1.4142135623730951
79, 131, 131, 566, 132, 563, -1, 3, 1.892546881191539, 3.1622776601683795
79, 132, 105, 498, 108, 494, -3, 4, 2.214297435588181, 5.0
79, 133, 898, 19, 900, 20, -2, -1, -2.677945044588987, 2.23606797749979
79, 134, 684, 204, 685, 203, -1, 1, 2.356194490192345, 1.4142135623730951
79, 135, 1203, 257, 1202, 254, 1, 3, 1.2490457723982544, 3.1622776601683795
79, 136, 1196, 260, 1195, 257, 1, 3, 1.2490457723982544, 3.1622776601683795
80, 0, 836, 28, 838, 29, -2, -1, -2.677945044588987, 2.23606797749979
80, 1, 1108, 344, 1111, 347, -3, -3, -2.356194490192345, 4.242640687119285
80, 2, 783, 19, 785, 21, -2, -2, -2.356194490192345, 2.8284271247461903
80, 3, 483, 679, 482, 683, 1, -4, -1.3258176636680326, 4.123105625617661
80, 4, 149, 563, 152, 560, -3, 3, 2.356194490192345, 4.242640687119285
80, 5, 1132, 339, 1136, 343, -4, -4, -2.356194490192345, 5.656854249492381
80, 6, 685, 550, 686, 555, -1, -5, -1.7681918866447774, 5.0990195135927845
80, 7, 811, 25, 813, 26, -2, -1, -2.677945044588987, 2.23606797749979
80, 8, 1229, 222, 1227, 219, 2, 3, 0.982793723247329, 3.605551275463989
80, 9, 1100, 489, 1098, 488, 2, 1, 0.4636476090008061, 2.23606797749979
80, 10, 184, 17, 185, 16, -1, 1, 2.356194490192345, 1.4142135623730951
80, 11, 465, 678, 465, 682, 0, -4, -1.5707963267948966, 4.0
80, 12, 172, 677, 172, 674, 0, 3, 1.5707963267948966, 3.0
80, 13, 1125, 319, 1129, 321, -4, -2, -2.677945044588987, 4.47213595499958
80, 14, 101, 514, 104, 512, -3, 2, 2.5535900500422257, 3.605551275463989
80, 15, 822, 640, 822, 646, 0, -6, -1.5707963267948966, 6.0
80, 16, 523, 185, 523, 189, 0, -4, -1.5707963267948966, 4.0
80, 18, 807, 642, 807, 646, 0, -4, -1.5707963267948966, 4.0
80, 19, 1093, 439, 1092, 436, 1, 3, 1.2490457723982544, 3.1622776601683795
80, 20, 706, 407, 706, 411, 0, -4, -1.5707963267948966, 4.0
80, 21, 1255, 155, 1256, 153, -1, 2, 2.0344439357957027, 2.23606797749979
80, 22, 703, 549, 705, 554, -2, -5, -1.9513027039072615, 5.385164807134504
80, 23, 483, 53, 483, 55, 0, -2, -1.5707963267948966, 2.0
80, 24, 472, 230, 473, 234, -1, -4, -1.8157749899217608, 4.123105625617661
80, 25, 755, 111, 756, 108, -1, 3, 1.892546881191539, 3.1622776601683795
80, 27, 1083, 473, 1081, 472, 2, 1, 0.4636476090008061, 2.23606797749979
80, 28, 908, 31, 910, 32, -2, -1, -2.677945044588987, 2.23606797749979
80, 29, 1111, 630, 1108, 626, 3, 4, 0.9272952180016122, 5.0
80, 30, 504, 151, 506, 155, -2, -4, -2.0344439357957027, 4.47213595499958
80, 31, 761, 118, 762, 115, -1, 3, 1.892546881191539, 3.1622776601683795
80, 32, 432, 334, 432, 329, 0, 5, 1.5707963267948966, 5.0
80, 33, 493, 54, 493, 56, 0, -2, -1.5707963267948966, 2.0
80, 34, 485, 45, 485, 47, 0, -2, -1.5707963267948966, 2.0
80, 35, 746, 551, 750, 549, -4, 2, 2.677945044588987, 4.47213595499958
80, 36, 630, 222, 632, 218, -2, 4, 2.0344439357957027, 4.47213595499958
80, 38, 761, 543, 765, 540, -4, 3, 2.498091544796509, 5.0
80, 39, 102, 91, 101, 89, 1, 2, 1.1071487177940904, 2.23606797749979
80, 41, 697, 171, 698, 170, -1, 1, 2.356194490192345, 1.4142135623730951
80, 42, 1152, 287, 1156, 290, -4, -3, -2.498091544796509, 5.0
80, 43, 1174, 69, 1174, 67, 0, 2, 1.5707963267948966, 2.0
80, 44, 747, 427, 748, 429, -1, -2, -2.0344439357957027, 2.23606797749979
80, 47, 91, 38, 88, 40, 3, -2, -0.5880026035475675, 3.605551275463989
80, 48, 769, 622, 771, 620, -2, 2, 2.356194490192345, 2.8284271247461903
80, 50, 783, 239, 784, 241, -1, -2, -2.0344439357957027, 2.23606797749979
80, 51, 1078, 509, 1076, 508, 2, 1, 0.4636476090008061, 2.23606797749979
80, 52, 822, 22, 824, 22, -2, 0, 3.141592653589793, 2.0
80, 54, 690, 156, 691, 155, -1, 1, 2.356194490192345, 1.4142135623730951
80, 57, 1148, 36, 1146, 35, 2, 1, 0.4636476090008061, 2.23606797749979
80, 58, 689, 249, 690, 248, -1, 1, 2.356194490192345, 1.4142135623730951
80, 59, 91, 46, 88, 48, 3, -2, -0.5880026035475675, 3.605551275463989
80, 60, 502, 161, 503, 165, -1, -4, -1.8157749899217608, 4.123105625617661
80, 61, 675, 596, 676, 598, -1, -2, -2.0344439357957027, 2.23606797749979
80, 62, 390, 223, 391, 222, -1, 1, 2.356194490192345, 1.4142135623730951
80, 64, 738, 388, 739, 392, -1, -4, -1.8157749899217608, 4.123105625617661
80, 65, 120, 641, 120, 639, 0, 2, 1.5707963267948966, 2.0
80, 66, 746, 183, 746, 181, 0, 2, 1.5707963267948966, 2.0
80, 67, 514, 160, 515, 164, -1, -4, -1.8157749899217608, 4.123105625617661
80, 68, 497, 188, 498, 192, -1, -4, -1.8157749899217608, 4.123105625617661
80, 71, 97, 84, 94, 83, 3, 1, 0.3217505543966422, 3.1622776601683795
80, 72, 902, 45, 904, 46, -2, -1, -2.677945044588987, 2.23606797749979
80, 73, 1167, 109, 1167, 107, 0, 2, 1.5707963267948966, 2.0
80, 75, 851, 31, 853, 31, -2, 0, 3.141592653589793, 2.0
80, 77, 487, 227, 488, 232, -1, -5, -1.7681918866447774, 5.0990195135927845
80, 80, 418, 256, 419, 255, -1, 1, 2.356194490192345, 1.4142135623730951
80, 81, 162, 27, 163, 25, -1, 2, 2.0344439357957027, 2.23606797749979
80, 82, 1261, 274, 1273, 271, -12, 3, 2.896613990462929, 12.36931687685298
80, 83, 128, 577, 131, 574, -3, 3, 2.356194490192345, 4.242640687119285
80, 84, 783, 690, 783, 698, 0, -8, -1.5707963267948966, 8.0
80, 86, 481, 218, 482, 222, -1, -4, -1.8157749899217608, 4.123105625617661
80, 87, 411, 298, 411, 296, 0, 2, 1.5707963267948966, 2.0
80, 88, 766, 554, 770, 552, -4, 2, 2.677945044588987, 4.47213595499958
80, 89, 1155, 314, 1159, 317, -4, -3, -2.498091544796509, 5.0
80, 91, 151, 586, 154, 583, -3, 3, 2.356194490192345, 4.242640687119285
80, 92, 750, 117, 751, 114, -1, 3, 1.892546881191539, 3.1622776601683795
80, 94, 89, 97, 88, 95, 1, 2, 1.1071487177940904, 2.23606797749979
80, 96, 410, 289, 411, 287, -1, 2, 2.0344439357957027, 2.23606797749979
80, 97, 806, 12, 808, 14, -2, -2, -2.356194490192345, 2.8284271247461903
80, 100, 751, 434, 752, 436, -1, -2, -2.0344439357957027, 2.23606797749979
80, 101, 836, 12, 838, 12, -2, 0, 3.141592653589793, 2.0
80, 102, 812, 701, 812, 706, 0, -5, -1.5707963267948966, 5.0
80, 103, 423, 328, 423, 323, 0, 5, 1.5707963267948966, 5.0
80, 104, 810, 246, 811, 249, -1, -3, -1.892546881191539, 3.1622776601683795
80, 105, 841, 677, 842, 680, -1, -3, -1.892546881191539, 3.1622776601683795
80, 107, 862, 43, 866, 45, -4, -2, -2.677945044588987, 4.47213595499958
80, 108, 698, 529, 700, 534, -2, -5, -1.9513027039072615, 5.385164807134504
80, 109, 1195, 275, 1193, 273, 2, 2, 0.7853981633974483, 2.8284271247461903
80, 110, 754, 616, 757, 614, -3, 2, 2.5535900500422257, 3.605551275463989
80, 111, 691, 600, 692, 605, -1, -5, -1.7681918866447774, 5.0990195135927845
80, 112, 1085, 580, 1084, 575, 1, 5, 1.373400766945016, 5.0990195135927845
80, 113, 616, 261, 617, 259, -1, 2, 2.0344439357957027, 2.23606797749979
80, 115, 1142, 272, 1147, 275, -5, -3, -2.601173153319209, 5.830951894845301
80, 116, 843, 27, 845, 28, -2, -1, -2.677945044588987, 2.23606797749979
80, 117, 797, 196, 797, 200, 0, -4, -1.5707963267948966, 4.0
80, 118, 489, 318, 490, 320, -1, -2, -2.0344439357957027, 2.23606797749979
80, 120, 1261, 286, 1263, 285, -2, 1, 2.677945044588987, 2.23606797749979
80, 121, 791, 679, 792, 687, -1, -8, -1.695151321341658, 8.06225774829855
80, 122, 711, 581, 712, 586, -1, -5, -1.7681918866447774, 5.0990195135927845
80, 123, 766, 148, 767, 146, -1, 2, 2.0344439357957027, 2.23606797749979
80, 128, 1136, 605, 1134, 607, 2, -2, -0.7853981633974483, 2.8284271247461903
80, 129, 1239, 263, 1237, 261, 2, 2, 0.7853981633974483, 2.8284271247461903
80, 131, 32, 403, 30, 401, 2, 2, 0.7853981633974483, 2.8284271247461903
80, 132, 738, 146, 739, 144, -1, 2, 2.0344439357957027, 2.23606797749979
80, 133, 730, 15, 729, 14, 1, 1, 0.7853981633974483, 1.4142135623730951
80, 134, 173, 701, 170, 702, 3, -1, -0.3217505543966422, 3.1622776601683795
80, 135, 1261, 241, 1261, 239, 0, 2, 1.5707963267948966, 2.0
80, 136, 1261, 182, 1263, 182, -2, 0, 3.141592653589793, 2.0
80, 138, 387, 252, 388, 251, -1, 1, 2.356194490192345, 1.4142135623730951
80, 139, 1113, 357, 1115, 360, -2, -3, -2.158798930342464, 3.605551275463989
80, 140, 1139, 288, 1143, 291, -4, -3, -2.498091544796509, 5.0
80, 141, 737, 592, 740, 591, -3, 1, 2.819842099193151, 3.1622776601683795
80, 142, 712, 412, 712, 416, 0, -4, -1.5707963267948966, 4.0
80, 144, 697, 559, 699, 564, -2, -5, -1.9513027039072615, 5.385164807134504
80, 147, 789, 246, 790, 248, -1, -2, -2.0344439357957027, 2.23606797749979
80, 148, 1211, 254, 1209, 251, 2, 3, 0.982793723247329, 3.605551275463989
80, 150, 1201, 148, 1201, 146, 0, 2, 1.5707963267948966, 2.0
80, 151, 812, 219, 813, 222, -1, -3, -1.892546881191539, 3.1622776601683795
80, 152, 1204, 191, 1204, 189, 0, 2, 1.5707963267948966, 2.0
80, 153, 401, 292, 402, 290, -1, 2, 2.0344439357957027, 2.23606797749979
80, 156, 163, 42, 164, 40, -1, 2, 2.0344439357957027, 2.23606797749979
80, 158, 175, 670, 175, 667, 0, 3, 1.5707963267948966, 3.0
80, 160, 1131, 443, 1128, 441, 3, 2, 0.5880026035475675, 3.605551275463989
80, 161, 123, 622, 123, 620, 0, 2, 1.5707963267948966, 2.0
80, 163, 388, 330, 389, 328, -1, 2, 2.0344439357957027, 2.23606797749979
80, 164, 1128, 73, 1127, 72, 1, 1, 0.7853981633974483, 1.4142135623730951
80, 165, 649, 14, 649, 16, 0, -2, -1.5707963267948966, 2.0
80, 167, 791, 651, 794, 655, -3, -4, -2.214297435588181, 5.0
80, 168, 511, 244, 513, 247, -2, -3, -2.158798930342464, 3.605551275463989
80, 169, 389, 345, 390, 341, -1, 4, 1.8157749899217608, 4.123105625617661
80, 170, 397, 298, 398, 296, -1, 2, 2.0344439357957027, 2.23606797749979
80, 171, 1205, 155, 1205, 153, 0, 2, 1.5707963267948966, 2.0
80, 173, 831, 699, 832, 703, -1, -4, -1.8157749899217608, 4.123105625617661
80, 175, 712, 574, 713, 578, -1, -4, -1.8157749899217608, 4.123105625617661
80, 176, 1172, 194, 1173, 191, -1, 3, 1.892546881191539, 3.1622776601683795
80, 177, 1137, 79, 1136, 78, 1, 1, 0.7853981633974483, 1.4142135623730951
80, 179, 675, 223, 676, 222, -1, 1, 2.356194490192345, 1.4142135623730951
80, 180, 500, 82, 500, 84, 0, -2, -1.5707963267948966, 2.0
80, 181, 694, 544, 695, 549, -1, -5, -1.7681918866447774, 5.0990195135927845
80, 182, 1114, 547, 1113, 544, 1, 3, 1.2490457723982544, 3.1622776601683795
80, 183, 1203, 260, 1201, 257, 2, 3, 0.982793723247329, 3.605551275463989
80, 184, 885, 9, 887, 10, -2, -1, -2.677945044588987, 2.23606797749979
80, 185, 766, 135, 767, 132, -1, 3, 1.892546881191539, 3.1622776601683795
80, 186, 827, 36, 829, 37, -2, -1, -2.677945044588987, 2.23606797749979
80, 187, 1079, 483, 1078, 481, 1, 2, 1.1071487177940904, 2.23606797749979
80, 189, 1148, 82, 1147, 81, 1, 1, 0.7853981633974483, 1.4142135623730951
80, 190, 1223, 315, 1223, 313, 0, 2, 1.5707963267948966, 2.0
80, 192, 1131, 432, 1128, 429, 3, 3, 0.7853981633974483, 4.242640687119285
80, 193, 1175, 76, 1175, 74, 0, 2, 1.5707963267948966, 2.0
80, 194, 742, 132, 743, 129, -1, 3, 1.892546881191539, 3.1622776601683795
80, 195, 1159, 154, 1160, 152, -1, 2, 2.0344439357957027, 2.23606797749979
80, 196, 112, 650, 112, 648, 0, 2, 1.5707963267948966, 2.0
80, 197, 694, 202, 695, 201, -1, 1, 2.356194490192345, 1.4142135623730951
80, 198, 101, 568, 105, 566, -4, 2, 2.677945044588987, 4.47213595499958
80, 199, 1174, 98, 1174, 96, 0, 2, 1.5707963267948966, 2.0
80, 200, 649, 269, 650, 266, -1, 3, 1.892546881191539, 3.1622776601683795
80, 201, 740, 610, 744, 608, -4, 2, 2.677945044588987, 4.47213595499958
80, 202, 501, 168, 502, 172, -1, -4, -1.8157749899217608, 4.123105625617661
80, 203, 119, 512, 122, 509, -3, 3, 2.356194490192345, 4.242640687119285
80, 204, 1148, 566, 1146, 562, 2, 4, 1.1071487177940904, 4.47213595499958
80, 205, 832, 20, 834, 20, -2, 0, 3.141592653589793, 2.0
80, 206, 104, 505, 107, 502, -3, 3, 2.356194490192345, 4.242640687119285
80, 207, 1149, 272, 1154, 275, -5, -3, -2.601173153319209, 5.830951894845301
80, 208, 20, 419, 18, 416, 2, 3, 0.982793723247329, 3.605551275463989
80, 210, 380, 314, 381, 312, -1, 2, 2.0344439357957027, 2.23606797749979
80, 211, 715, 421, 716, 425, -1, -4, -1.8157749899217608, 4.123105625617661
81, 0, 834, 27, 836, 28, -2, -1, -2.677945044588987, 2.23606797749979
81, 1, 1106, 344, 1108, 344, -2, 0, 3.141592653589793, 2.0
81, 2, 781, 17, 783, 19, -2, -2, -2.356194490192345, 2.8284271247461903
81, 3, 484, 675, 483, 679, 1, -4, -1.3258176636680326, 4.123105625617661
81, 4, 146, 565, 149, 563, -3, 2, 2.5535900500422257, 3.605551275463989
81, 5, 1128, 336, 1132, 339, -4, -3, -2.498091544796509, 5.0
81, 6, 684, 545, 685, 550, -1, -5, -1.7681918866447774, 5.0990195135927845
81, 7, 809, 24, 811, 25, -2, -1, -2.677945044588987, 2.23606797749979
81, 8, 1231, 224, 1229, 222, 2, 2, 0.7853981633974483, 2.8284271247461903
81, 9, 1102, 490, 1100, 489, 2, 1, 0.4636476090008061, 2.23606797749979
81, 11, 465, 674, 465, 678, 0, -4, -1.5707963267948966, 4.0
81, 12, 172, 679, 172, 677, 0, 2, 1.5707963267948966, 2.0
81, 13, 1121, 317, 1125, 319, -4, -2, -2.677945044588987, 4.47213595499958
81, 14, 98, 517, 101, 514, -3, 3, 2.356194490192345, 4.242640687119285
81, 15, 822, 634, 822, 640, 0, -6, -1.5707963267948966, 6.0
81, 16, 522, 181, 523, 185, -1, -4, -1.8157749899217608, 4.123105625617661
81, 18, 808, 638, 807, 642, 1, -4, -1.3258176636680326, 4.123105625617661
81, 19, 1094, 442, 1093, 439, 1, 3, 1.2490457723982544, 3.1622776601683795
81, 20, 706, 403, 706, 407, 0, -4, -1.5707963267948966, 4.0
81, 21, 1254, 156, 1255, 155, -1, 1, 2.356194490192345, 1.4142135623730951
81, 22, 701, 544, 703, 549, -2, -5, -1.9513027039072615, 5.385164807134504
81, 23, 483, 50, 483, 53, 0, -3, -1.5707963267948966, 3.0
81, 24, 471, 227, 472, 230, -1, -3, -1.892546881191539, 3.1622776601683795
81, 25, 754, 114, 755, 111, -1, 3, 1.892546881191539, 3.1622776601683795
81, 27, 1085, 474, 1083, 473, 2, 1, 0.4636476090008061, 2.23606797749979
81, 28, 1113, 633, 1111, 630, 2, 3, 0.982793723247329, 3.605551275463989
81, 29, 503, 147, 504, 151, -1, -4, -1.8157749899217608, 4.123105625617661
81, 30, 760, 121, 761, 118, -1, 3, 1.892546881191539, 3.1622776601683795
81, 31, 432, 338, 432, 334, 0, 4, 1.5707963267948966, 4.0
81, 32, 493, 51, 493, 54, 0, -3, -1.5707963267948966, 3.0
81, 33, 485, 42, 485, 45, 0, -3, -1.5707963267948966, 3.0
81, 34, 742, 554, 746, 551, -4, 3, 2.498091544796509, 5.0
81, 35, 628, 225, 630, 222, -2, 3, 2.158798930342464, 3.605551275463989
81, 37, 757, 546, 761, 543, -4, 3, 2.498091544796509, 5.0
81, 38, 103, 92, 102, 91, 1, 1, 0.7853981633974483, 1.4142135623730951
81, 39, 696, 172, 697, 171, -1, 1, 2.356194490192345, 1.4142135623730951
81, 40, 1148, 284, 1152, 287, -4, -3, -2.498091544796509, 5.0
81, 41, 1174, 71, 1174, 69, 0, 2, 1.5707963267948966, 2.0
81, 42, 746, 424, 747, 427, -1, -3, -1.892546881191539, 3.1622776601683795
81, 45, 94, 37, 91, 38, 3, -1, -0.3217505543966422, 3.1622776601683795
81, 46, 767, 624, 769, 622, -2, 2, 2.356194490192345, 2.8284271247461903
81, 48, 783, 236, 783, 239, 0, -3, -1.5707963267948966, 3.0
81, 49, 1081, 512, 1078, 509, 3, 3, 0.7853981633974483, 4.242640687119285
81, 50, 820, 21, 822, 22, -2, -1, -2.677945044588987, 2.23606797749979
81, 52, 689, 157, 690, 156, -1, 1, 2.356194490192345, 1.4142135623730951
81, 55, 1150, 37, 1148, 36, 2, 1, 0.4636476090008061, 2.23606797749979
81, 56, 688, 250, 689, 249, -1, 1, 2.356194490192345, 1.4142135623730951
81, 57, 94, 44, 91, 46, 3, -2, -0.5880026035475675, 3.605551275463989
81, 58, 501, 157, 502, 161, -1, -4, -1.8157749899217608, 4.123105625617661
81, 59, 674, 593, 675, 596, -1, -3, -1.892546881191539, 3.1622776601683795
81, 60, 389, 224, 390, 223, -1, 1, 2.356194490192345, 1.4142135623730951
81, 62, 738, 383, 738, 388, 0, -5, -1.5707963267948966, 5.0
81, 63, 120, 643, 120, 641, 0, 2, 1.5707963267948966, 2.0
81, 64, 747, 185, 746, 183, 1, 2, 1.1071487177940904, 2.23606797749979
81, 65, 513, 156, 514, 160, -1, -4, -1.8157749899217608, 4.123105625617661
81, 66, 496, 184, 497, 188, -1, -4, -1.8157749899217608, 4.123105625617661
81, 69, 99, 85, 97, 84, 2, 1, 0.4636476090008061, 2.23606797749979
81, 70, 900, 44, 902, 45, -2, -1, -2.677945044588987, 2.23606797749979
81, 71, 1167, 111, 1167, 109, 0, 2, 1.5707963267948966, 2.0
81, 73, 849, 31, 851, 31, -2, 0, 3.141592653589793, 2.0
81, 75, 486, 223, 487, 227, -1, -4, -1.8157749899217608, 4.123105625617661
81, 78, 417, 257, 418, 256, -1, 1, 2.356194490192345, 1.4142135623730951
81, 79, 161, 28, 162, 27, -1, 1, 2.356194490192345, 1.4142135623730951
81, 81, 126, 581, 128, 577, -2, 4, 2.0344439357957027, 4.47213595499958
81, 82, 782, 685, 783, 690, -1, -5, -1.7681918866447774, 5.0990195135927845
81, 84, 480, 215, 481, 218, -1, -3, -1.892546881191539, 3.1622776601683795
81, 85, 410, 300, 411, 298, -1, 2, 2.0344439357957027, 2.23606797749979
81, 86, 762, 556, 766, 554, -4, 2, 2.677945044588987, 4.47213595499958
81, 87, 1151, 310, 1155, 314, -4, -4, -2.356194490192345, 5.656854249492381
81, 89, 148, 590, 151, 586, -3, 4, 2.214297435588181, 5.0
81, 90, 749, 120, 750, 117, -1, 3, 1.892546881191539, 3.1622776601683795
81, 92, 90, 98, 89, 97, 1, 1, 0.7853981633974483, 1.4142135623730951
81, 94, 409, 292, 410, 289, -1, 3, 1.892546881191539, 3.1622776601683795
81, 95, 804, 10, 806, 12, -2, -2, -2.356194490192345, 2.8284271247461903
81, 96, 750, 431, 751, 434, -1, -3, -1.892546881191539, 3.1622776601683795
81, 97, 834, 11, 836, 12, -2, -1, -2.677945044588987, 2.23606797749979
81, 98, 812, 696, 812, 701, 0, -5, -1.5707963267948966, 5.0
81, 99, 423, 333, 423, 328, 0, 5, 1.5707963267948966, 5.0
81, 100, 809, 243, 810, 246, -1, -3, -1.892546881191539, 3.1622776601683795
81, 101, 840, 674, 841, 677, -1, -3, -1.892546881191539, 3.1622776601683795
81, 103, 859, 42, 862, 43, -3, -1, -2.819842099193151, 3.1622776601683795
81, 104, 697, 524, 698, 529, -1, -5, -1.7681918866447774, 5.0990195135927845
81, 105, 1197, 277, 1195, 275, 2, 2, 0.7853981633974483, 2.8284271247461903
81, 106, 751, 619, 754, 616, -3, 3, 2.356194490192345, 4.242640687119285
81, 107, 690, 595, 691, 600, -1, -5, -1.7681918866447774, 5.0990195135927845
81, 108, 1087, 585, 1085, 580, 2, 5, 1.1902899496825317, 5.385164807134504
81, 109, 615, 264, 616, 261, -1, 3, 1.892546881191539, 3.1622776601683795
81, 111, 1137, 269, 1142, 272, -5, -3, -2.601173153319209, 5.830951894845301
81, 112, 841, 26, 843, 27, -2, -1, -2.677945044588987, 2.23606797749979
81, 113, 797, 193, 797, 196, 0, -3, -1.5707963267948966, 3.0
81, 114, 488, 316, 489, 318, -1, -2, -2.0344439357957027, 2.23606797749979
81, 115, 1260, 287, 1261, 286, -1, 1, 2.356194490192345, 1.4142135623730951
81, 116, 790, 673, 791, 679, -1, -6, -1.7359450042095235, 6.082762530298219
81, 117, 710, 578, 711, 581, -1, -3, -1.892546881191539, 3.1622776601683795
81, 118, 765, 150, 766, 148, -1, 2, 2.0344439357957027, 2.23606797749979
81, 123, 1139, 601, 1136, 605, 3, -4, -0.9272952180016122, 5.0
81, 124, 1241, 265, 1239, 263, 2, 2, 0.7853981633974483, 2.8284271247461903
81, 127, 737, 148, 738, 146, -1, 2, 2.0344439357957027, 2.23606797749979
81, 128, 731, 14, 730, 15, 1, -1, -0.7853981633974483, 1.4142135623730951
81, 129, 175, 701, 173, 701, 2, 0, 0.0, 2.0
81, 130, 1261, 243, 1261, 241, 0, 2, 1.5707963267948966, 2.0
81, 133, 386, 253, 387, 252, -1, 1, 2.356194490192345, 1.4142135623730951
81, 134, 1134, 285, 1139, 288, -5, -3, -2.601173153319209, 5.830951894845301
81, 135, 734, 593, 737, 592, -3, 1, 2.819842099193151, 3.1622776601683795
81, 136, 712, 408, 712, 412, 0, -4, -1.5707963267948966, 4.0
81, 138, 695, 554, 697, 559, -2, -5, -1.9513027039072615, 5.385164807134504
81, 141, 789, 244, 789, 246, 0, -2, -1.5707963267948966, 2.0
81, 142, 1213, 257, 1211, 254, 2, 3, 0.982793723247329, 3.605551275463989
81, 145, 811, 217, 812, 219, -1, -2, -2.0344439357957027, 2.23606797749979
81, 146, 1205, 192, 1204, 191, 1, 1, 0.7853981633974483, 1.4142135623730951
81, 147, 400, 294, 401, 292, -1, 2, 2.0344439357957027, 2.23606797749979
81, 150, 162, 43, 163, 42, -1, 1, 2.356194490192345, 1.4142135623730951
81, 152, 175, 673, 175, 670, 0, 3, 1.5707963267948966, 3.0
81, 153, 1103, 656, 1102, 654, 1, 2, 1.1071487177940904, 2.23606797749979
81, 154, 1134, 445, 1131, 443, 3, 2, 0.5880026035475675, 3.605551275463989
81, 157, 387, 332, 388, 330, -1, 2, 2.0344439357957027, 2.23606797749979
81, 158, 1129, 74, 1128, 73, 1, 1, 0.7853981633974483, 1.4142135623730951
81, 160, 788, 647, 791, 651, -3, -4, -2.214297435588181, 5.0
81, 161, 510, 242, 511, 244, -1, -2, -2.0344439357957027, 2.23606797749979
81, 162, 388, 349, 389, 345, -1, 4, 1.8157749899217608, 4.123105625617661
81, 163, 396, 300, 397, 298, -1, 2, 2.0344439357957027, 2.23606797749979
81, 166, 829, 696, 831, 699, -2, -3, -2.158798930342464, 3.605551275463989
81, 168, 711, 570, 712, 574, -1, -4, -1.8157749899217608, 4.123105625617661
81, 169, 1171, 197, 1172, 194, -1, 3, 1.892546881191539, 3.1622776601683795
81, 170, 1138, 80, 1137, 79, 1, 1, 0.7853981633974483, 1.4142135623730951
81, 172, 673, 224, 675, 223, -2, 1, 2.677945044588987, 2.23606797749979
81, 173, 500, 79, 500, 82, 0, -3, -1.5707963267948966, 3.0
81, 174, 692, 539, 694, 544, -2, -5, -1.9513027039072615, 5.385164807134504
81, 175, 1115, 549, 1114, 547, 1, 2, 1.1071487177940904, 2.23606797749979
81, 176, 1205, 262, 1203, 260, 2, 2, 0.7853981633974483, 2.8284271247461903
81, 177, 765, 138, 766, 135, -1, 3, 1.892546881191539, 3.1622776601683795
81, 178, 825, 35, 827, 36, -2, -1, -2.677945044588987, 2.23606797749979
81, 179, 1081, 485, 1079, 483, 2, 2, 0.7853981633974483, 2.8284271247461903
81, 181, 1149, 83, 1148, 82, 1, 1, 0.7853981633974483, 1.4142135623730951
81, 184, 1134, 435, 1131, 432, 3, 3, 0.7853981633974483, 4.242640687119285
81, 185, 1175, 78, 1175, 76, 0, 2, 1.5707963267948966, 2.0
81, 186, 742, 134, 742, 132, 0, 2, 1.5707963267948966, 2.0
81, 187, 1158, 156, 1159, 154, -1, 2, 2.0344439357957027, 2.23606797749979
81, 188, 112, 652, 112, 650, 0, 2, 1.5707963267948966, 2.0
81, 189, 693, 203, 694, 202, -1, 1, 2.356194490192345, 1.4142135623730951
81, 190, 97, 570, 101, 568, -4, 2, 2.677945044588987, 4.47213595499958
81, 191, 1174, 100, 1174, 98, 0, 2, 1.5707963267948966, 2.0
81, 192, 648, 272, 649, 269, -1, 3, 1.892546881191539, 3.1622776601683795
81, 193, 736, 612, 740, 610, -4, 2, 2.677945044588987, 4.47213595499958
81, 194, 500, 164, 501, 168, -1, -4, -1.8157749899217608, 4.123105625617661
81, 195, 116, 515, 119, 512, -3, 3, 2.356194490192345, 4.242640687119285
81, 196, 1150, 570, 1148, 566, 2, 4, 1.1071487177940904, 4.47213595499958
81, 197, 830, 19, 832, 20, -2, -1, -2.677945044588987, 2.23606797749979
81, 198, 101, 508, 104, 505, -3, 3, 2.356194490192345, 4.242640687119285
81, 199, 1144, 269, 1149, 272, -5, -3, -2.601173153319209, 5.830951894845301
81, 200, 21, 421, 20, 419, 1, 2, 1.1071487177940904, 2.23606797749979
81, 202, 379, 316, 380, 314, -1, 2, 2.0344439357957027, 2.23606797749979
81, 203, 714, 417, 715, 421, -1, -4, -1.8157749899217608, 4.123105625617661
82, 0, 830, 26, 834, 27, -4, -1, -2.896613990462929, 4.123105625617661
82, 1, 1103, 343, 1106, 344, -3, -1, -2.819842099193151, 3.1622776601683795
82, 2, 778, 15, 781, 17, -3, -2, -2.5535900500422257, 3.605551275463989
82, 3, 485, 672, 484, 675, 1, -3, -1.2490457723982544, 3.1622776601683795
82, 4, 143, 568, 146, 565, -3, 3, 2.356194490192345, 4.242640687119285
82, 5, 1124, 334, 1128, 336, -4, -2, -2.677945044588987, 4.47213595499958
82, 6, 684, 541, 684, 545, 0, -4, -1.5707963267948966, 4.0
82, 7, 807, 22, 809, 24, -2, -2, -2.356194490192345, 2.8284271247461903
82, 8, 1234, 226, 1231, 224, 3, 2, 0.5880026035475675, 3.605551275463989
82, 9, 1102, 492, 1102, 490, 0, 2, 1.5707963267948966, 2.0
82, 10, 181, 18, 183, 17, -2, 1, 2.677945044588987, 2.23606797749979
82, 11, 464, 671, 465, 674, -1, -3, -1.892546881191539, 3.1622776601683795
82, 12, 172, 683, 172, 679, 0, 4, 1.5707963267948966, 4.0
82, 13, 1117, 315, 1121, 317, -4, -2, -2.677945044588987, 4.47213595499958
82, 14, 96, 519, 98, 517, -2, 2, 2.356194490192345, 2.8284271247461903
82, 15, 823, 630, 822, 634, 1, -4, -1.3258176636680326, 4.123105625617661
82, 16, 521, 177, 522, 181, -1, -4, -1.8157749899217608, 4.123105625617661
82, 17, 808, 634, 808, 638, 0, -4, -1.5707963267948966, 4.0
82, 18, 1095, 445, 1094, 442, 1, 3, 1.2490457723982544, 3.1622776601683795
82, 19, 706, 399, 706, 403, 0, -4, -1.5707963267948966, 4.0
82, 20, 1253, 157, 1254, 156, -1, 1, 2.356194490192345, 1.4142135623730951
82, 21, 699, 539, 701, 544, -2, -5, -1.9513027039072615, 5.385164807134504
82, 22, 484, 45, 483, 50, 1, -5, -1.373400766945016, 5.0990195135927845
82, 23, 470, 223, 471, 227, -1, -4, -1.8157749899217608, 4.123105625617661
82, 24, 753, 118, 754, 114, -1, 4, 1.8157749899217608, 4.123105625617661
82, 25, 648, 22, 647, 23, 1, -1, -0.7853981633974483, 1.4142135623730951
82, 26, 1086, 472, 1085, 474, 1, -2, -1.1071487177940904, 2.23606797749979
82, 28, 500, 142, 503, 147, -3, -5, -2.1112158270654806, 5.830951894845301
82, 29, 758, 125, 760, 121, -2, 4, 2.0344439357957027, 4.47213595499958
82, 30, 431, 342, 432, 338, -1, 4, 1.8157749899217608, 4.123105625617661
82, 31, 494, 46, 493, 51, 1, -5, -1.373400766945016, 5.0990195135927845
82, 32, 486, 37, 485, 42, 1, -5, -1.373400766945016, 5.0990195135927845
82, 33, 739, 554, 742, 554, -3, 0, 3.141592653589793, 3.0
82, 34, 625, 229, 628, 225, -3, 4, 2.214297435588181, 5.0
82, 36, 753, 549, 757, 546, -4, 3, 2.498091544796509, 5.0
82, 38, 695, 176, 696, 172, -1, 4, 1.8157749899217608, 4.123105625617661
82, 39, 1144, 281, 1148, 284, -4, -3, -2.498091544796509, 5.0
82, 40, 1174, 75, 1174, 71, 0, 4, 1.5707963267948966, 4.0
82, 41, 745, 421, 746, 424, -1, -3, -1.892546881191539, 3.1622776601683795
82, 44, 98, 36, 94, 37, 4, -1, -0.24497866312686414, 4.123105625617661
82, 45, 766, 625, 767, 624, -1, 1, 2.356194490192345, 1.4142135623730951
82, 46, 663, 54, 663, 56, 0, -2, -1.5707963267948966, 2.0
82, 47, 783, 233, 783, 236, 0, -3, -1.5707963267948966, 3.0
82, 48, 1082, 513, 1081, 512, 1, 1, 0.7853981633974483, 1.4142135623730951
82, 49, 817, 20, 820, 21, -3, -1, -2.819842099193151, 3.1622776601683795
82, 50, 1114, 81, 1111, 80, 3, 1, 0.3217505543966422, 3.1622776601683795
82, 51, 687, 161, 689, 157, -2, 4, 2.0344439357957027, 4.47213595499958
82, 52, 1114, 51, 1113, 50, 1, 1, 0.7853981633974483, 1.4142135623730951
82, 54, 1154, 38, 1150, 37, 4, 1, 0.24497866312686414, 4.123105625617661
82, 56, 97, 43, 94, 44, 3, -1, -0.3217505543966422, 3.1622776601683795
82, 57, 498, 153, 501, 157, -3, -4, -2.214297435588181, 5.0
82, 58, 674, 589, 674, 593, 0, -4, -1.5707963267948966, 4.0
82, 59, 388, 227, 389, 224, -1, 3, 1.892546881191539, 3.1622776601683795
82, 60, 738, 378, 738, 383, 0, -5, -1.5707963267948966, 5.0
82, 61, 120, 647, 120, 643, 0, 4, 1.5707963267948966, 4.0
82, 62, 747, 187, 747, 185, 0, 2, 1.5707963267948966, 2.0
82, 63, 511, 152, 513, 156, -2, -4, -2.0344439357957027, 4.47213595499958
82, 64, 494, 180, 496, 184, -2, -4, -2.0344439357957027, 4.47213595499958
82, 67, 100, 83, 99, 85, 1, -2, -1.1071487177940904, 2.23606797749979
82, 68, 898, 43, 900, 44, -2, -1, -2.677945044588987, 2.23606797749979
82, 69, 1167, 115, 1167, 111, 0, 4, 1.5707963267948966, 4.0
82, 71, 846, 31, 849, 31, -3, 0, 3.141592653589793, 3.0
82, 72, 1126, 43, 1125, 42, 1, 1, 0.7853981633974483, 1.4142135623730951
82, 73, 485, 218, 486, 223, -1, -5, -1.7681918866447774, 5.0990195135927845
82, 74, 742, 16, 744, 17, -2, -1, -2.677945044588987, 2.23606797749979
82, 76, 416, 260, 417, 257, -1, 3, 1.892546881191539, 3.1622776601683795
82, 77, 160, 30, 161, 28, -1, 2, 2.0344439357957027, 2.23606797749979
82, 79, 128, 586, 126, 581, 2, 5, 1.1902899496825317, 5.385164807134504
82, 80, 780, 683, 782, 685, -2, -2, -2.356194490192345, 2.8284271247461903
82, 81, 1203, 293, 1200, 292, 3, 1, 0.3217505543966422, 3.1622776601683795
82, 82, 479, 210, 480, 215, -1, -5, -1.7681918866447774, 5.0990195135927845
82, 83, 408, 301, 410, 300, -2, 1, 2.677945044588987, 2.23606797749979
82, 84, 759, 558, 762, 556, -3, 2, 2.5535900500422257, 3.605551275463989
82, 85, 1147, 307, 1151, 310, -4, -3, -2.498091544796509, 5.0
82, 86, 10, 428, 10, 434, 0, -6, -1.5707963267948966, 6.0
82, 87, 144, 592, 148, 590, -4, 2, 2.677945044588987, 4.47213595499958
82, 88, 748, 124, 749, 120, -1, 4, 1.8157749899217608, 4.123105625617661
82, 91, 408, 293, 409, 292, -1, 1, 2.356194490192345, 1.4142135623730951
82, 92, 802, 9, 804, 10, -2, -1, -2.677945044588987, 2.23606797749979
82, 93, 748, 428, 750, 431, -2, -3, -2.158798930342464, 3.605551275463989
82, 94, 830, 11, 834, 11, -4, 0, 3.141592653589793, 4.0
82, 95, 812, 691, 812, 696, 0, -5, -1.5707963267948966, 5.0
82, 96, 422, 336, 423, 333, -1, 3, 1.892546881191539, 3.1622776601683795
82, 97, 808, 239, 809, 243, -1, -4, -1.8157749899217608, 4.123105625617661
82, 98, 838, 671, 840, 674, -2, -3, -2.158798930342464, 3.605551275463989
82, 100, 856, 42, 859, 42, -3, 0, 3.141592653589793, 3.0
82, 101, 695, 519, 697, 524, -2, -5, -1.9513027039072615, 5.385164807134504
82, 102, 1200, 277, 1197, 277, 3, 0, 0.0, 3.0
82, 103, 750, 621, 751, 619, -1, 2, 2.0344439357957027, 2.23606797749979
82, 104, 690, 592, 690, 595, 0, -3, -1.5707963267948966, 3.0
82, 105, 1088, 588, 1087, 585, 1, 3, 1.2490457723982544, 3.1622776601683795
82, 106, 613, 266, 615, 264, -2, 2, 2.356194490192345, 2.8284271247461903
82, 108, 1133, 265, 1137, 269, -4, -4, -2.356194490192345, 5.656854249492381
82, 109, 838, 25, 841, 26, -3, -1, -2.819842099193151, 3.1622776601683795
82, 110, 797, 188, 797, 193, 0, -5, -1.5707963267948966, 5.0
82, 111, 487, 314, 488, 316, -1, -2, -2.0344439357957027, 2.23606797749979
82, 114, 708, 573, 710, 578, -2, -5, -1.9513027039072615, 5.385164807134504
82, 115, 764, 154, 765, 150, -1, 4, 1.8157749899217608, 4.123105625617661
82, 118, 1140, 600, 1139, 601, 1, -1, -0.7853981633974483, 1.4142135623730951
82, 119, 1242, 268, 1241, 265, 1, 3, 1.2490457723982544, 3.1622776601683795
82, 122, 736, 153, 737, 148, -1, 5, 1.7681918866447774, 5.0990195135927845
82, 125, 1261, 246, 1261, 243, 0, 3, 1.5707963267948966, 3.0
82, 128, 385, 256, 386, 253, -1, 3, 1.892546881191539, 3.1622776601683795
82, 129, 1129, 283, 1134, 285, -5, -2, -2.761086276477428, 5.385164807134504
82, 130, 730, 594, 734, 593, -4, 1, 2.896613990462929, 4.123105625617661
82, 131, 712, 404, 712, 408, 0, -4, -1.5707963267948966, 4.0
82, 132, 626, 66, 625, 65, 1, 1, 0.7853981633974483, 1.4142135623730951
82, 133, 694, 549, 695, 554, -1, -5, -1.7681918866447774, 5.0990195135927845
82, 136, 789, 240, 789, 244, 0, -4, -1.5707963267948966, 4.0
82, 137, 1216, 258, 1213, 257, 3, 1, 0.3217505543966422, 3.1622776601683795
82, 138, 614, 100, 613, 98, 1, 2, 1.1071487177940904, 2.23606797749979
82, 139, 1203, 151, 1201, 149, 2, 2, 0.7853981633974483, 2.8284271247461903
82, 140, 810, 214, 811, 217, -1, -3, -1.892546881191539, 3.1622776601683795
82, 141, 1206, 195, 1205, 192, 1, 3, 1.2490457723982544, 3.1622776601683795
82, 142, 399, 296, 400, 294, -1, 2, 2.0344439357957027, 2.23606797749979
82, 144, 161, 45, 162, 43, -1, 2, 2.0344439357957027, 2.23606797749979
82, 146, 175, 676, 175, 673, 0, 3, 1.5707963267948966, 3.0
82, 147, 1101, 655, 1103, 656, -2, -1, -2.677945044588987, 2.23606797749979
82, 148, 1137, 447, 1134, 445, 3, 2, 0.5880026035475675, 3.605551275463989
82, 149, 123, 625, 123, 623, 0, 2, 1.5707963267948966, 2.0
82, 150, 385, 335, 387, 332, -2, 3, 2.158798930342464, 3.605551275463989
82, 151, 1131, 74, 1129, 74, 2, 0, 0.0, 2.0
82, 152, 651, 11, 649, 13, 2, -2, -0.7853981633974483, 2.8284271247461903
82, 153, 785, 643, 788, 647, -3, -4, -2.214297435588181, 5.0
82, 154, 510, 240, 510, 242, 0, -2, -1.5707963267948966, 2.0
82, 155, 385, 352, 388, 349, -3, 3, 2.356194490192345, 4.242640687119285
82, 156, 394, 304, 396, 300, -2, 4, 2.0344439357957027, 4.47213595499958
82, 157, 1207, 158, 1205, 156, 2, 2, 0.7853981633974483, 2.8284271247461903
82, 159, 825, 693, 829, 696, -4, -3, -2.498091544796509, 5.0
82, 161, 710, 566, 711, 570, -1, -4, -1.8157749899217608, 4.123105625617661
82, 162, 1171, 201, 1171, 197, 0, 4, 1.5707963267948966, 4.0
82, 163, 1141, 81, 1138, 80, 3, 1, 0.3217505543966422, 3.1622776601683795
82, 164, 671, 227, 673, 224, -2, 3, 2.158798930342464, 3.605551275463989
82, 165, 500, 74, 500, 79, 0, -5, -1.5707963267948966, 5.0
82, 166, 690, 534, 692, 539, -2, -5, -1.9513027039072615, 5.385164807134504
82, 167, 1115, 551, 1115, 549, 0, 2, 1.5707963267948966, 2.0
82, 168, 1208, 264, 1205, 262, 3, 2, 0.5880026035475675, 3.605551275463989
82, 169, 764, 143, 765, 138, -1, 5, 1.7681918866447774, 5.0990195135927845
82, 170, 821, 34, 825, 35, -4, -1, -2.896613990462929, 4.123105625617661
82, 173, 1151, 85, 1149, 83, 2, 2, 0.7853981633974483, 2.8284271247461903
82, 176, 1136, 438, 1134, 435, 2, 3, 0.982793723247329, 3.605551275463989
82, 177, 1175, 82, 1175, 78, 0, 4, 1.5707963267948966, 4.0
82, 178, 742, 139, 742, 134, 0, 5, 1.5707963267948966, 5.0
82, 179, 1157, 157, 1158, 156, -1, 1, 2.356194490192345, 1.4142135623730951
82, 180, 112, 655, 112, 652, 0, 3, 1.5707963267948966, 3.0
82, 181, 692, 206, 693, 203, -1, 3, 1.892546881191539, 3.1622776601683795
82, 182, 93, 572, 97, 570, -4, 2, 2.677945044588987, 4.47213595499958
82, 183, 1174, 104, 1174, 100, 0, 4, 1.5707963267948966, 4.0
82, 184, 647, 276, 648, 272, -1, 4, 1.8157749899217608, 4.123105625617661
82, 185, 732, 611, 736, 612, -4, -1, -2.896613990462929, 4.123105625617661
82, 186, 498, 160, 500, 164, -2, -4, -2.0344439357957027, 4.47213595499958
82, 187, 113, 517, 116, 515, -3, 2, 2.5535900500422257, 3.605551275463989
82, 188, 1152, 575, 1150, 570, 2, 5, 1.1902899496825317, 5.385164807134504
82, 189, 826, 19, 830, 19, -4, 0, 3.141592653589793, 4.0
82, 190, 98, 511, 101, 508, -3, 3, 2.356194490192345, 4.242640687119285
82, 191, 1139, 266, 1144, 269, -5, -3, -2.601173153319209, 5.830951894845301
82, 192, 22, 423, 21, 421, 1, 2, 1.1071487177940904, 2.23606797749979
82, 194, 377, 321, 379, 316, -2, 5, 1.9513027039072615, 5.385164807134504
82, 195, 713, 413, 714, 417, -1, -4, -1.8157749899217608, 4.123105625617661
83, 0, 828, 25, 830, 26, -2, -1, -2.677945044588987, 2.23606797749979
83, 1, 1101, 343, 1103, 343, -2, 0, 3.141592653589793, 2.0
83, 2, 485, 667, 485, 672, 0, -5, -1.5707963267948966, 5.0
83, 3, 142, 571, 143, 568, -1, 3, 1.892546881191539, 3.1622776601683795
83, 4, 1120, 331, 1124, 334, -4, -3, -2.498091544796509, 5.0
83, 5, 683, 537, 684, 541, -1, -4, -1.8157749899217608, 4.123105625617661
83, 6, 1236, 228, 1234, 226, 2, 2, 0.7853981633974483, 2.8284271247461903
83, 7, 1105, 493, 1102, 492, 3, 1, 0.3217505543966422, 3.1622776601683795
83, 8, 179, 18, 181, 18, -2, 0, 3.141592653589793, 2.0
83, 9, 463, 667, 464, 671, -1, -4, -1.8157749899217608, 4.123105625617661
83, 10, 171, 685, 172, 683, -1, 2, 2.0344439357957027, 2.23606797749979
83, 11, 1113, 312, 1117, 315, -4, -3, -2.498091544796509, 5.0
83, 12, 94, 523, 96, 519, -2, 4, 2.0344439357957027, 4.47213595499958
83, 13, 823, 624, 823, 630, 0, -6, -1.5707963267948966, 6.0
83, 14, 520, 174, 521, 177, -1, -3, -1.892546881191539, 3.1622776601683795
83, 15, 808, 629, 808, 634, 0, -5, -1.5707963267948966, 5.0
83, 16, 1096, 448, 1095, 445, 1, 3, 1.2490457723982544, 3.1622776601683795
83, 17, 706, 397, 706, 399, 0, -2, -1.5707963267948966, 2.0
83, 19, 697, 534, 699, 539, -2, -5, -1.9513027039072615, 5.385164807134504
83, 20, 484, 42, 484, 45, 0, -3, -1.5707963267948966, 3.0
83, 21, 469, 221, 470, 223, -1, -2, -2.0344439357957027, 2.23606797749979
83, 22, 752, 120, 753, 118, -1, 2, 2.0344439357957027, 2.23606797749979
83, 23, 649, 21, 648, 22, 1, -1, -0.7853981633974483, 1.4142135623730951
83, 24, 1089, 475, 1086, 472, 3, 3, 0.7853981633974483, 4.242640687119285
83, 25, 1114, 637, 1113, 634, 1, 3, 1.2490457723982544, 3.1622776601683795
83, 26, 499, 139, 500, 142, -1, -3, -1.892546881191539, 3.1622776601683795
83, 27, 757, 126, 758, 125, -1, 1, 2.356194490192345, 1.4142135623730951
83, 28, 429, 346, 431, 342, -2, 4, 2.0344439357957027, 4.47213595499958
83, 29, 494, 43, 494, 46, 0, -3, -1.5707963267948966, 3.0
83, 30, 486, 34, 486, 37, 0, -3, -1.5707963267948966, 3.0
83, 31, 734, 557, 739, 554, -5, 3, 2.601173153319209, 5.830951894845301
83, 32, 624, 231, 625, 229, -1, 2, 2.0344439357957027, 2.23606797749979
83, 34, 749, 552, 753, 549, -4, 3, 2.498091544796509, 5.0
83, 36, 694, 179, 695, 176, -1, 3, 1.892546881191539, 3.1622776601683795
83, 37, 1140, 277, 1144, 281, -4, -4, -2.356194490192345, 5.656854249492381
83, 38, 1174, 77, 1174, 75, 0, 2, 1.5707963267948966, 2.0
83, 39, 744, 417, 745, 421, -1, -4, -1.8157749899217608, 4.123105625617661
83, 42, 101, 36, 98, 36, 3, 0, 0.0, 3.0
83, 43, 764, 626, 766, 625, -2, 1, 2.677945044588987, 2.23606797749979
83, 45, 783, 231, 783, 233, 0, -2, -1.5707963267948966, 2.0
83, 46, 1085, 517, 1082, 513, 3, 4, 0.9272952180016122, 5.0
83, 47, 1115, 82, 1114, 81, 1, 1, 0.7853981633974483, 1.4142135623730951
83, 48, 686, 164, 687, 161, -1, 3, 1.892546881191539, 3.1622776601683795
83, 51, 1156, 38, 1154, 38, 2, 0, 0.0, 2.0
83, 52, 687, 252, 688, 251, -1, 1, 2.356194490192345, 1.4142135623730951
83, 53, 100, 42, 97, 43, 3, -1, -0.3217505543966422, 3.1622776601683795
83, 54, 497, 150, 498, 153, -1, -3, -1.892546881191539, 3.1622776601683795
83, 55, 673, 584, 674, 589, -1, -5, -1.7681918866447774, 5.0990195135927845
83, 56, 387, 229, 388, 227, -1, 2, 2.0344439357957027, 2.23606797749979
83, 57, 738, 374, 738, 378, 0, -4, -1.5707963267948966, 4.0
83, 58, 120, 649, 120, 647, 0, 2, 1.5707963267948966, 2.0
83, 60, 510, 149, 511, 152, -1, -3, -1.892546881191539, 3.1622776601683795
83, 61, 493, 178, 494, 180, -1, -2, -2.0344439357957027, 2.23606797749979
83, 64, 101, 82, 100, 83, 1, -1, -0.7853981633974483, 1.4142135623730951
83, 65, 896, 43, 898, 43, -2, 0, 3.141592653589793, 2.0
83, 66, 1167, 117, 1167, 115, 0, 2, 1.5707963267948966, 2.0
83, 68, 844, 31, 846, 31, -2, 0, 3.141592653589793, 2.0
83, 70, 484, 216, 485, 218, -1, -2, -2.0344439357957027, 2.23606797749979
83, 72, 635, 301, 636, 300, -1, 1, 2.356194490192345, 1.4142135623730951
83, 73, 415, 262, 416, 260, -1, 2, 2.0344439357957027, 2.23606797749979
83, 74, 159, 31, 160, 30, -1, 1, 2.356194490192345, 1.4142135623730951
83, 76, 126, 587, 128, 586, -2, 1, 2.677945044588987, 2.23606797749979
83, 77, 777, 678, 780, 683, -3, -5, -2.1112158270654806, 5.830951894845301
83, 78, 1205, 296, 1203, 293, 2, 3, 0.982793723247329, 3.605551275463989
83, 79, 478, 208, 479, 210, -1, -2, -2.0344439357957027, 2.23606797749979
83, 80, 407, 302, 408, 301, -1, 1, 2.356194490192345, 1.4142135623730951
83, 81, 755, 560, 759, 558, -4, 2, 2.677945044588987, 4.47213595499958
83, 82, 1143, 304, 1147, 307, -4, -3, -2.498091544796509, 5.0
83, 83, 10, 425, 10, 428, 0, -3, -1.5707963267948966, 3.0
83, 84, 140, 595, 144, 592, -4, 3, 2.498091544796509, 5.0
83, 85, 747, 126, 748, 124, -1, 2, 2.0344439357957027, 2.23606797749979
83, 88, 407, 294, 408, 293, -1, 1, 2.356194490192345, 1.4142135623730951
83, 89, 747, 424, 748, 428, -1, -4, -1.8157749899217608, 4.123105625617661
83, 90, 828, 11, 830, 11, -2, 0, 3.141592653589793, 2.0
83, 91, 812, 687, 812, 691, 0, -4, -1.5707963267948966, 4.0
83, 92, 420, 340, 422, 336, -2, 4, 2.0344439357957027, 4.47213595499958
83, 93, 807, 237, 808, 239, -1, -2, -2.0344439357957027, 2.23606797749979
83, 94, 837, 666, 838, 671, -1, -5, -1.7681918866447774, 5.0990195135927845
83, 95, 756, 174, 757, 173, -1, 1, 2.356194490192345, 1.4142135623730951
83, 96, 853, 42, 856, 42, -3, 0, 3.141592653589793, 3.0
83, 97, 693, 514, 695, 519, -2, -5, -1.9513027039072615, 5.385164807134504
83, 98, 1202, 278, 1200, 277, 2, 1, 0.4636476090008061, 2.23606797749979
83, 99, 747, 623, 750, 621, -3, 2, 2.5535900500422257, 3.605551275463989
83, 100, 689, 588, 690, 592, -1, -4, -1.8157749899217608, 4.123105625617661
83, 101, 1089, 593, 1088, 588, 1, 5, 1.373400766945016, 5.0990195135927845
83, 102, 612, 269, 613, 266, -1, 3, 1.892546881191539, 3.1622776601683795
83, 104, 1129, 261, 1133, 265, -4, -4, -2.356194490192345, 5.656854249492381
83, 105, 836, 24, 838, 25, -2, -1, -2.677945044588987, 2.23606797749979
83, 106, 797, 186, 797, 188, 0, -2, -1.5707963267948966, 2.0
83, 108, 788, 667, 791, 673, -3, -6, -2.0344439357957027, 6.708203932499369
83, 109, 707, 568, 708, 573, -1, -5, -1.7681918866447774, 5.0990195135927845
83, 110, 763, 158, 764, 154, -1, 4, 1.8157749899217608, 4.123105625617661
83, 113, 1143, 599, 1140, 600, 3, -1, -0.3217505543966422, 3.1622776601683795
83, 114, 1244, 270, 1242, 268, 2, 2, 0.7853981633974483, 2.8284271247461903
83, 116, 35, 404, 34, 403, 1, 1, 0.7853981633974483, 1.4142135623730951
83, 117, 735, 157, 736, 153, -1, 4, 1.8157749899217608, 4.123105625617661
83, 120, 1261, 249, 1261, 246, 0, 3, 1.5707963267948966, 3.0
83, 122, 384, 258, 385, 256, -1, 2, 2.0344439357957027, 2.23606797749979
83, 123, 1125, 279, 1129, 283, -4, -4, -2.356194490192345, 5.656854249492381
83, 124, 727, 595, 730, 594, -3, 1, 2.819842099193151, 3.1622776601683795
83, 125, 712, 402, 712, 404, 0, -2, -1.5707963267948966, 2.0
83, 127, 692, 544, 694, 549, -2, -5, -1.9513027039072615, 5.385164807134504
83, 129, 408, 381, 409, 379, -1, 2, 2.0344439357957027, 2.23606797749979
83, 130, 789, 238, 789, 240, 0, -2, -1.5707963267948966, 2.0
83, 131, 1218, 260, 1216, 258, 2, 2, 0.7853981633974483, 2.8284271247461903
83, 132, 614, 103, 614, 100, 0, 3, 1.5707963267948966, 3.0
83, 134, 809, 212, 810, 214, -1, -2, -2.0344439357957027, 2.23606797749979
83, 136, 398, 297, 399, 296, -1, 1, 2.356194490192345, 1.4142135623730951
83, 142, 1139, 451, 1137, 447, 2, 4, 1.1071487177940904, 4.47213595499958
83, 144, 384, 337, 385, 335, -1, 2, 2.0344439357957027, 2.23606797749979
83, 145, 1133, 75, 1131, 74, 2, 1, 0.4636476090008061, 2.23606797749979
83, 146, 652, 10, 651, 11, 1, -1, -0.7853981633974483, 1.4142135623730951
83, 147, 784, 638, 785, 643, -1, -5, -1.7681918866447774, 5.0990195135927845
83, 148, 509, 238, 510, 240, -1, -2, -2.0344439357957027, 2.23606797749979
83, 149, 384, 354, 385, 352, -1, 2, 2.0344439357957027, 2.23606797749979
83, 150, 393, 306, 394, 304, -1, 2, 2.0344439357957027, 2.23606797749979
83, 153, 826, 688, 825, 693, 1, -5, -1.373400766945016, 5.0990195135927845
83, 155, 709, 561, 710, 566, -1, -5, -1.7681918866447774, 5.0990195135927845
83, 156, 1170, 204, 1171, 201, -1, 3, 1.892546881191539, 3.1622776601683795
83, 157, 1143, 83, 1141, 81, 2, 2, 0.7853981633974483, 2.8284271247461903
83, 158, 670, 230, 671, 227, -1, 3, 1.892546881191539, 3.1622776601683795
83, 159, 500, 72, 500, 74, 0, -2, -1.5707963267948966, 2.0
83, 160, 688, 529, 690, 534, -2, -5, -1.9513027039072615, 5.385164807134504
83, 162, 1210, 266, 1208, 264, 2, 2, 0.7853981633974483, 2.8284271247461903
83, 163, 763, 145, 764, 143, -1, 2, 2.0344439357957027, 2.23606797749979
83, 164, 819, 33, 821, 34, -2, -1, -2.677945044588987, 2.23606797749979
83, 165, 1083, 487, 1081, 485, 2, 2, 0.7853981633974483, 2.8284271247461903
83, 167, 1152, 86, 1151, 85, 1, 1, 0.7853981633974483, 1.4142135623730951
83, 170, 1138, 441, 1136, 438, 2, 3, 0.982793723247329, 3.605551275463989
83, 171, 1175, 84, 1175, 82, 0, 2, 1.5707963267948966, 2.0
83, 172, 741, 142, 742, 139, -1, 3, 1.892546881191539, 3.1622776601683795
83, 173, 1155, 158, 1157, 157, -2, 1, 2.677945044588987, 2.23606797749979
83, 174, 112, 657, 112, 655, 0, 2, 1.5707963267948966, 2.0
83, 175, 691, 209, 692, 206, -1, 3, 1.892546881191539, 3.1622776601683795
83, 176, 89, 573, 93, 572, -4, 1, 2.896613990462929, 4.123105625617661
83, 177, 1174, 106, 1174, 104, 0, 2, 1.5707963267948966, 2.0
83, 178, 646, 279, 647, 276, -1, 3, 1.892546881191539, 3.1622776601683795
83, 179, 728, 612, 732, 611, -4, 1, 2.896613990462929, 4.123105625617661
83, 180, 497, 157, 498, 160, -1, -3, -1.892546881191539, 3.1622776601683795
83, 181, 110, 520, 113, 517, -3, 3, 2.356194490192345, 4.242640687119285
83, 182, 1154, 580, 1152, 575, 2, 5, 1.1902899496825317, 5.385164807134504
83, 183, 824, 18, 826, 19, -2, -1, -2.677945044588987, 2.23606797749979
83, 184, 96, 515, 98, 511, -2, 4, 2.0344439357957027, 4.47213595499958
83, 185, 1135, 262, 1139, 266, -4, -4, -2.356194490192345, 5.656854249492381
83, 188, 376, 324, 377, 321, -1, 3, 1.892546881191539, 3.1622776601683795
83, 189, 712, 411, 713, 413, -1, -2, -2.0344439357957027, 2.23606797749979
84, 0, 826, 24, 828, 25, -2, -1, -2.677945044588987, 2.23606797749979
84, 2, 485, 662, 485, 667, 0, -5, -1.5707963267948966, 5.0
84, 3, 142, 574, 142, 571, 0, 3, 1.5707963267948966, 3.0
84, 4, 1118, 329, 1120, 331, -2, -2, -2.356194490192345, 2.8284271247461903
84, 5, 682, 533, 683, 537, -1, -4, -1.8157749899217608, 4.123105625617661
84, 6, 1238, 230, 1236, 228, 2, 2, 0.7853981633974483, 2.8284271247461903
84, 7, 1109, 495, 1105, 493, 4, 2, 0.4636476090008061, 4.47213595499958
84, 8, 177, 18, 179, 18, -2, 0, 3.141592653589793, 2.0
84, 9, 462, 663, 463, 667, -1, -4, -1.8157749899217608, 4.123105625617661
84, 10, 170, 687, 171, 685, -1, 2, 2.0344439357957027, 2.23606797749979
84, 11, 1109, 309, 1113, 312, -4, -3, -2.498091544796509, 5.0
84, 12, 92, 526, 94, 523, -2, 3, 2.158798930342464, 3.605551275463989
84, 13, 823, 619, 823, 624, 0, -5, -1.5707963267948966, 5.0
84, 14, 519, 171, 520, 174, -1, -3, -1.892546881191539, 3.1622776601683795
84, 15, 808, 625, 808, 629, 0, -4, -1.5707963267948966, 4.0
84, 16, 1098, 451, 1096, 448, 2, 3, 0.982793723247329, 3.605551275463989
84, 17, 706, 395, 706, 397, 0, -2, -1.5707963267948966, 2.0
84, 19, 695, 529, 697, 534, -2, -5, -1.9513027039072615, 5.385164807134504
84, 20, 483, 38, 484, 42, -1, -4, -1.8157749899217608, 4.123105625617661
84, 21, 468, 219, 469, 221, -1, -2, -2.0344439357957027, 2.23606797749979
84, 22, 751, 121, 752, 120, -1, 1, 2.356194490192345, 1.4142135623730951
84, 23, 650, 20, 649, 21, 1, -1, -0.7853981633974483, 1.4142135623730951
84, 24, 1092, 478, 1089, 475, 3, 3, 0.7853981633974483, 4.242640687119285
84, 25, 1114, 640, 1114, 637, 0, 3, 1.5707963267948966, 3.0
84, 26, 497, 137, 499, 139, -2, -2, -2.356194490192345, 2.8284271247461903
84, 27, 756, 127, 757, 126, -1, 1, 2.356194490192345, 1.4142135623730951
84, 28, 427, 350, 429, 346, -2, 4, 2.0344439357957027, 4.47213595499958
84, 29, 493, 40, 494, 43, -1, -3, -1.892546881191539, 3.1622776601683795
84, 30, 485, 30, 486, 34, -1, -4, -1.8157749899217608, 4.123105625617661
84, 31, 730, 560, 734, 557, -4, 3, 2.498091544796509, 5.0
84, 32, 623, 233, 624, 231, -1, 2, 2.0344439357957027, 2.23606797749979
84, 34, 745, 555, 749, 552, -4, 3, 2.498091544796509, 5.0
84, 36, 693, 182, 694, 179, -1, 3, 1.892546881191539, 3.1622776601683795
84, 37, 1137, 273, 1140, 277, -3, -4, -2.214297435588181, 5.0
84, 38, 1174, 79, 1174, 77, 0, 2, 1.5707963267948966, 2.0
84, 39, 743, 413, 744, 417, -1, -4, -1.8157749899217608, 4.123105625617661
84, 42, 104, 36, 101, 36, 3, 0, 0.0, 3.0
84, 43, 761, 627, 764, 626, -3, 1, 2.819842099193151, 3.1622776601683795
84, 45, 783, 229, 783, 231, 0, -2, -1.5707963267948966, 2.0
84, 46, 1088, 521, 1085, 517, 3, 4, 0.9272952180016122, 5.0
84, 47, 1116, 83, 1115, 82, 1, 1, 0.7853981633974483, 1.4142135623730951
84, 48, 685, 167, 686, 164, -1, 3, 1.892546881191539, 3.1622776601683795
84, 51, 1158, 38, 1156, 38, 2, 0, 0.0, 2.0
84, 53, 103, 42, 100, 42, 3, 0, 0.0, 3.0
84, 54, 495, 148, 497, 150, -2, -2, -2.356194490192345, 2.8284271247461903
84, 55, 672, 579, 673, 584, -1, -5, -1.7681918866447774, 5.0990195135927845
84, 56, 386, 231, 387, 229, -1, 2, 2.0344439357957027, 2.23606797749979
84, 57, 738, 369, 738, 374, 0, -5, -1.5707963267948966, 5.0
84, 58, 120, 651, 120, 649, 0, 2, 1.5707963267948966, 2.0
84, 60, 508, 147, 510, 149, -2, -2, -2.356194490192345, 2.8284271247461903
84, 61, 492, 176, 493, 178, -1, -2, -2.0344439357957027, 2.23606797749979
84, 64, 102, 81, 101, 82, 1, -1, -0.7853981633974483, 1.4142135623730951
84, 66, 842, 30, 844, 31, -2, -1, -2.677945044588987, 2.23606797749979
84, 68, 483, 214, 484, 216, -1, -2, -2.0344439357957027, 2.23606797749979
84, 70, 635, 304, 635, 301, 0, 3, 1.5707963267948966, 3.0
84, 71, 414, 264, 415, 262, -1, 2, 2.0344439357957027, 2.23606797749979
84, 74, 123, 588, 126, 587, -3, 1, 2.819842099193151, 3.1622776601683795
84, 75, 775, 677, 777, 678, -2, -1, -2.677945044588987, 2.23606797749979
84, 76, 1207, 298, 1205, 296, 2, 2, 0.7853981633974483, 2.8284271247461903
84, 77, 477, 206, 478, 208, -1, -2, -2.0344439357957027, 2.23606797749979
84, 78, 406, 304, 407, 302, -1, 2, 2.0344439357957027, 2.23606797749979
84, 79, 751, 562, 755, 560, -4, 2, 2.677945044588987, 4.47213595499958
84, 80, 1139, 302, 1143, 304, -4, -2, -2.677945044588987, 4.47213595499958
84, 82, 137, 598, 140, 595, -3, 3, 2.356194490192345, 4.242640687119285
84, 83, 746, 127, 747, 126, -1, 1, 2.356194490192345, 1.4142135623730951
84, 85, 406, 296, 407, 294, -1, 2, 2.0344439357957027, 2.23606797749979
84, 86, 746, 420, 747, 424, -1, -4, -1.8157749899217608, 4.123105625617661
84, 87, 826, 10, 828, 11, -2, -1, -2.677945044588987, 2.23606797749979
84, 88, 812, 682, 812, 687, 0, -5, -1.5707963267948966, 5.0
84, 89, 418, 344, 420, 340, -2, 4, 2.0344439357957027, 4.47213595499958
84, 90, 806, 235, 807, 237, -1, -2, -2.0344439357957027, 2.23606797749979
84, 91, 836, 661, 837, 666, -1, -5, -1.7681918866447774, 5.0990195135927845
84, 93, 692, 509, 693, 514, -1, -5, -1.7681918866447774, 5.0990195135927845
84, 94, 1204, 279, 1202, 278, 2, 1, 0.4636476090008061, 2.23606797749979
84, 95, 745, 625, 747, 623, -2, 2, 2.356194490192345, 2.8284271247461903
84, 96, 689, 586, 689, 588, 0, -2, -1.5707963267948966, 2.0
84, 97, 1090, 598, 1089, 593, 1, 5, 1.373400766945016, 5.0990195135927845
84, 98, 611, 273, 612, 269, -1, 4, 1.8157749899217608, 4.123105625617661
84, 100, 1125, 257, 1129, 261, -4, -4, -2.356194490192345, 5.656854249492381
84, 101, 834, 23, 836, 24, -2, -1, -2.677945044588987, 2.23606797749979
84, 102, 797, 184, 797, 186, 0, -2, -1.5707963267948966, 2.0
84, 104, 786, 663, 788, 667, -2, -4, -2.0344439357957027, 4.47213595499958
84, 105, 706, 564, 707, 568, -1, -4, -1.8157749899217608, 4.123105625617661
84, 106, 762, 161, 763, 158, -1, 3, 1.892546881191539, 3.1622776601683795
84, 109, 1146, 599, 1143, 599, 3, 0, 0.0, 3.0
84, 110, 1246, 272, 1244, 270, 2, 2, 0.7853981633974483, 2.8284271247461903
84, 112, 36, 405, 35, 404, 1, 1, 0.7853981633974483, 1.4142135623730951
84, 113, 734, 161, 735, 157, -1, 4, 1.8157749899217608, 4.123105625617661
84, 116, 1261, 253, 1261, 249, 0, 4, 1.5707963267948966, 4.0
84, 118, 383, 261, 384, 258, -1, 3, 1.892546881191539, 3.1622776601683795
84, 119, 1122, 275, 1125, 279, -3, -4, -2.214297435588181, 5.0
84, 120, 724, 596, 727, 595, -3, 1, 2.819842099193151, 3.1622776601683795
84, 121, 712, 400, 712, 402, 0, -2, -1.5707963267948966, 2.0
84, 123, 690, 539, 692, 544, -2, -5, -1.9513027039072615, 5.385164807134504
84, 124, 407, 382, 408, 381, -1, 1, 2.356194490192345, 1.4142135623730951
84, 125, 789, 236, 789, 238, 0, -2, -1.5707963267948966, 2.0
84, 126, 1220, 262, 1218, 260, 2, 2, 0.7853981633974483, 2.8284271247461903
84, 127, 614, 106, 614, 103, 0, 3, 1.5707963267948966, 3.0
84, 128, 1204, 153, 1203, 152, 1, 1, 0.7853981633974483, 1.4142135623730951
84, 129, 809, 210, 809, 212, 0, -2, -1.5707963267948966, 2.0
84, 130, 1207, 197, 1206, 196, 1, 1, 0.7853981633974483, 1.4142135623730951
84, 131, 397, 299, 398, 297, -1, 2, 2.0344439357957027, 2.23606797749979
84, 137, 1142, 455, 1139, 451, 3, 4, 0.9272952180016122, 5.0
84, 139, 383, 340, 384, 337, -1, 3, 1.892546881191539, 3.1622776601683795
84, 140, 1135, 76, 1133, 75, 2, 1, 0.4636476090008061, 2.23606797749979
84, 141, 653, 9, 652, 10, 1, -1, -0.7853981633974483, 1.4142135623730951
84, 142, 783, 633, 784, 638, -1, -5, -1.7681918866447774, 5.0990195135927845
84, 143, 509, 236, 509, 238, 0, -2, -1.5707963267948966, 2.0
84, 144, 383, 356, 384, 354, -1, 2, 2.0344439357957027, 2.23606797749979
84, 145, 392, 308, 393, 306, -1, 2, 2.0344439357957027, 2.23606797749979
84, 146, 1208, 160, 1207, 159, 1, 1, 0.7853981633974483, 1.4142135623730951
84, 148, 827, 683, 826, 688, 1, -5, -1.373400766945016, 5.0990195135927845
84, 150, 708, 557, 709, 561, -1, -4, -1.8157749899217608, 4.123105625617661
84, 151, 1170, 206, 1170, 204, 0, 2, 1.5707963267948966, 2.0
84, 152, 1144, 85, 1143, 83, 1, 2, 1.1071487177940904, 2.23606797749979
84, 153, 669, 233, 670, 230, -1, 3, 1.892546881191539, 3.1622776601683795
84, 154, 499, 69, 500, 72, -1, -3, -1.892546881191539, 3.1622776601683795
84, 155, 687, 524, 688, 529, -1, -5, -1.7681918866447774, 5.0990195135927845
84, 157, 1212, 268, 1210, 266, 2, 2, 0.7853981633974483, 2.8284271247461903
84, 158, 762, 147, 763, 145, -1, 2, 2.0344439357957027, 2.23606797749979
84, 159, 817, 32, 819, 33, -2, -1, -2.677945044588987, 2.23606797749979
84, 160, 1086, 490, 1083, 487, 3, 3, 0.7853981633974483, 4.242640687119285
84, 162, 1153, 88, 1152, 86, 1, 2, 1.1071487177940904, 2.23606797749979
84, 163, 1140, 444, 1138, 441, 2, 3, 0.982793723247329, 3.605551275463989
84, 164, 1175, 86, 1175, 84, 0, 2, 1.5707963267948966, 2.0
84, 165, 741, 145, 741, 142, 0, 3, 1.5707963267948966, 3.0
84, 166, 1154, 159, 1155, 158, -1, 1, 2.356194490192345, 1.4142135623730951
84, 167, 112, 659, 112, 657, 0, 2, 1.5707963267948966, 2.0
84, 168, 690, 212, 691, 209, -1, 3, 1.892546881191539, 3.1622776601683795
84, 169, 85, 574, 89, 573, -4, 1, 2.896613990462929, 4.123105625617661
84, 170, 1174, 108, 1174, 106, 0, 2, 1.5707963267948966, 2.0
84, 171, 645, 282, 646, 279, -1, 3, 1.892546881191539, 3.1622776601683795
84, 172, 724, 613, 728, 612, -4, 1, 2.896613990462929, 4.123105625617661
84, 173, 495, 155, 497, 157, -2, -2, -2.356194490192345, 2.8284271247461903
84, 174, 107, 523, 110, 520, -3, 3, 2.356194490192345, 4.242640687119285
84, 175, 1156, 585, 1154, 580, 2, 5, 1.1902899496825317, 5.385164807134504
84, 176, 822, 17, 824, 18, -2, -1, -2.677945044588987, 2.23606797749979
84, 177, 94, 519, 96, 515, -2, 4, 2.0344439357957027, 4.47213595499958
84, 178, 1132, 258, 1135, 262, -3, -4, -2.214297435588181, 5.0
84, 179, 24, 422, 23, 423, 1, -1, -0.7853981633974483, 1.4142135623730951
84, 181, 375, 327, 376, 324, -1, 3, 1.892546881191539, 3.1622776601683795
84, 182, 711, 409, 712, 411, -1, -2, -2.0344439357957027, 2.23606797749979
85, 0, 780, 16, 781, 18, -1, -2, -2.0344439357957027, 2.23606797749979
85, 1, 1123, 332, 1125, 333, -2, -1, -2.677945044588987, 2.23606797749979
85, 2, 794, 646, 794, 649, 0, -3, -1.5707963267948966, 3.0
85, 3, 1142, 275, 1145, 279, -3, -4, -2.214297435588181, 5.0
85, 4, 810, 620, 809, 624, 1, -4, -1.3258176636680326, 4.123105625617661
85, 5, 834, 28, 836, 29, -2, -1, -2.677945044588987, 2.23606797749979
85, 6, 181, 20, 183, 19, -2, 1, 2.677945044588987, 2.23606797749979
85, 8, 1235, 227, 1233, 225, 2, 2, 0.7853981633974483, 2.8284271247461903
85, 9, 494, 48, 494, 51, 0, -3, -1.5707963267948966, 3.0
85, 10, 442, 701, 443, 718, -1, -17, -1.6295521495106193, 17.029386365926403
85, 12, 466, 653, 467, 657, -1, -4, -1.8157749899217608, 4.123105625617661
85, 15, 141, 593, 142, 588, -1, 5, 1.7681918866447774, 5.0990195135927845
85, 16, 730, 564, 734, 561, -4, 3, 2.498091544796509, 5.0
85, 17, 500, 145, 502, 147, -2, -2, -2.356194490192345, 2.8284271247461903
85, 18, 826, 619, 825, 624, 1, -5, -1.373400766945016, 5.0990195135927845
85, 19, 699, 533, 701, 538, -2, -5, -1.9513027039072615, 5.385164807134504
85, 20, 95, 529, 96, 526, -1, 3, 1.892546881191539, 3.1622776601683795
85, 22, 484, 655, 484, 659, 0, -4, -1.5707963267948966, 4.0
85, 23, 682, 535, 682, 540, 0, -5, -1.5707963267948966, 5.0
85, 26, 709, 401, 710, 403, -1, -2, -2.0344439357957027, 2.23606797749979
85, 27, 627, 227, 628, 226, -1, 1, 2.356194490192345, 1.4142135623730951
85, 29, 688, 165, 689, 162, -1, 3, 1.892546881191539, 3.1622776601683795
85, 30, 486, 37, 487, 40, -1, -3, -1.892546881191539, 3.1622776601683795
85, 32, 813, 216, 813, 218, 0, -2, -1.5707963267948966, 2.0
85, 37, 816, 680, 816, 685, 0, -5, -1.5707963267948966, 5.0
85, 38, 673, 234, 674, 230, -1, 4, 1.8157749899217608, 4.123105625617661
85, 39, 484, 48, 484, 51, 0, -3, -1.5707963267948966, 3.0
85, 41, 809, 239, 810, 241, -1, -2, -2.0344439357957027, 2.23606797749979
85, 42, 696, 180, 697, 177, -1, 3, 1.892546881191539, 3.1622776601683795
85, 43, 1096, 490, 1094, 487, 2, 3, 0.982793723247329, 3.605551275463989
85, 44, 739, 375, 740, 380, -1, -5, -1.7681918866447774, 5.0990195135927845
85, 45, 1208, 197, 1207, 195, 1, 2, 1.1071487177940904, 2.23606797749979
85, 46, 102, 38, 99, 38, 3, 0, 0.0, 3.0
85, 51, 1154, 38, 1152, 38, 2, 0, 0.0, 2.0
85, 52, 1216, 260, 1214, 258, 2, 2, 0.7853981633974483, 2.8284271247461903
85, 53, 750, 565, 754, 563, -4, 2, 2.677945044588987, 4.47213595499958
85, 54, 472, 225, 473, 227, -1, -2, -2.0344439357957027, 2.23606797749979
85, 55, 1115, 84, 1114, 83, 1, 1, 0.7853981633974483, 1.4142135623730951
85, 56, 486, 221, 487, 224, -1, -3, -1.892546881191539, 3.1622776601683795
85, 57, 834, 12, 836, 12, -2, 0, 3.141592653589793, 2.0
85, 58, 1132, 506, 1130, 504, 2, 2, 0.7853981633974483, 2.8284271247461903
85, 59, 1147, 607, 1144, 605, 3, 2, 0.5880026035475675, 3.605551275463989
85, 61, 651, 21, 650, 23, 1, -2, -1.1071487177940904, 2.23606797749979
85, 62, 745, 555, 749, 552, -4, 3, 2.498091544796509, 5.0
85, 64, 119, 96, 118, 97, 1, -1, -0.7853981633974483, 1.4142135623730951
85, 67, 521, 176, 522, 179, -1, -3, -1.892546881191539, 3.1622776601683795
85, 69, 92, 590, 96, 587, -4, 3, 2.498091544796509, 5.0
85, 71, 495, 183, 496, 185, -1, -2, -2.0344439357957027, 2.23606797749979
85, 73, 391, 230, 391, 227, 0, 3, 1.5707963267948966, 3.0
85, 74, 1107, 552, 1107, 550, 0, 2, 1.5707963267948966, 2.0
85, 76, 509, 154, 511, 156, -2, -2, -2.356194490192345, 2.8284271247461903
85, 77, 497, 254, 498, 257, -1, -3, -1.892546881191539, 3.1622776601683795
85, 80, 385, 340, 386, 337, -1, 3, 1.892546881191539, 3.1622776601683795
85, 81, 848, 29, 850, 29, -2, 0, 3.141592653589793, 2.0
85, 82, 668, 582, 670, 586, -2, -4, -2.0344439357957027, 4.47213595499958
85, 85, 805, 200, 805, 202, 0, -2, -1.5707963267948966, 2.0
85, 86, 499, 156, 501, 158, -2, -2, -2.356194490192345, 2.8284271247461903
85, 87, 101, 47, 98, 47, 3, 0, 0.0, 3.0
85, 88, 748, 422, 749, 425, -1, -3, -1.892546881191539, 3.1622776601683795
85, 90, 100, 77, 98, 77, 2, 0, 0.0, 2.0
85, 91, 1261, 195, 1264, 195, -3, 0, 3.141592653589793, 3.0
85, 92, 1131, 366, 1135, 371, -4, -5, -2.2455372690184494, 6.4031242374328485
85, 95, 1107, 453, 1106, 450, 1, 3, 1.2490457723982544, 3.1622776601683795
85, 98, 798, 192, 798, 194, 0, -2, -1.5707963267948966, 2.0
85, 99, 826, 26, 828, 27, -2, -1, -2.677945044588987, 2.23606797749979
85, 100, 789, 668, 789, 671, 0, -3, -1.5707963267948966, 3.0
85, 101, 122, 649, 122, 646, 0, 3, 1.5707963267948966, 3.0
85, 103, 418, 263, 419, 260, -1, 3, 1.892546881191539, 3.1622776601683795
85, 105, 387, 265, 388, 263, -1, 2, 2.0344439357957027, 2.23606797749979
85, 107, 1204, 282, 1202, 280, 2, 2, 0.7853981633974483, 2.8284271247461903
85, 108, 1247, 273, 1245, 271, 2, 2, 0.7853981633974483, 2.8284271247461903
85, 109, 101, 70, 98, 70, 3, 0, 0.0, 3.0
85, 111, 637, 306, 637, 302, 0, 4, 1.5707963267948966, 4.0
85, 112, 1133, 261, 1135, 265, -2, -4, -2.0344439357957027, 4.47213595499958
85, 113, 420, 347, 423, 343, -3, 4, 2.214297435588181, 5.0
85, 115, 690, 172, 691, 169, -1, 3, 1.892546881191539, 3.1622776601683795
85, 116, 426, 355, 428, 351, -2, 4, 2.0344439357957027, 4.47213595499958
85, 117, 1143, 460, 1140, 457, 3, 3, 0.7853981633974483, 4.242640687119285
85, 118, 36, 467, 35, 466, 1, 1, 0.7853981633974483, 1.4142135623730951
85, 119, 177, 677, 177, 675, 0, 2, 1.5707963267948966, 2.0
85, 121, 694, 543, 695, 548, -1, -5, -1.7681918866447774, 5.0990195135927845
85, 123, 1261, 184, 1263, 183, -2, 1, 2.677945044588987, 2.23606797749979
85, 124, 740, 631, 742, 628, -2, 3, 2.158798930342464, 3.605551275463989
85, 125, 830, 677, 833, 681, -3, -4, -2.214297435588181, 5.0
85, 126, 1116, 306, 1119, 310, -3, -4, -2.214297435588181, 5.0
85, 129, 13, 361, 12, 359, 1, 2, 1.1071487177940904, 2.23606797749979
85, 130, 399, 296, 400, 294, -1, 2, 2.0344439357957027, 2.23606797749979
85, 131, 476, 212, 477, 214, -1, -2, -2.0344439357957027, 2.23606797749979
85, 132, 104, 81, 103, 82, 1, -1, -0.7853981633974483, 1.4142135623730951
85, 133, 1092, 602, 1090, 596, 2, 6, 1.2490457723982544, 6.324555320336759
85, 134, 610, 276, 611, 272, -1, 4, 1.8157749899217608, 4.123105625617661
85, 137, 96, 520, 98, 516, -2, 4, 2.0344439357957027, 4.47213595499958
85, 138, 499, 666, 498, 670, 1, -4, -1.3258176636680326, 4.123105625617661
85, 140, 695, 515, 696, 520, -1, -5, -1.7681918866447774, 5.0990195135927845
85, 141, 898, 44, 900, 45, -2, -1, -2.677945044588987, 2.23606797749979
85, 143, 402, 388, 403, 387, -1, 1, 2.356194490192345, 1.4142135623730951
85, 144, 1215, 191, 1214, 190, 1, 1, 0.7853981633974483, 1.4142135623730951
85, 146, 736, 554, 740, 551, -4, 3, 2.498091544796509, 5.0
85, 147, 1130, 277, 1132, 281, -2, -4, -2.0344439357957027, 4.47213595499958
85, 151, 1148, 282, 1151, 286, -3, -4, -2.214297435588181, 5.0
85, 153, 763, 36, 764, 38, -1, -2, -2.0344439357957027, 2.23606797749979
85, 157, 1141, 261, 1143, 265, -2, -4, -2.0344439357957027, 4.47213595499958
85, 158, 690, 529, 691, 534, -1, -5, -1.7681918866447774, 5.0990195135927845
85, 159, 1092, 496, 1090, 493, 2, 3, 0.982793723247329, 3.605551275463989
85, 160, 485, 118, 486, 120, -1, -2, -2.0344439357957027, 2.23606797749979
85, 161, 750, 645, 753, 641, -3, 4, 2.214297435588181, 5.0
85, 162, 1250, 232, 1248, 230, 2, 2, 0.7853981633974483, 2.8284271247461903
85, 164, 694, 632, 694, 638, 0, -6, -1.5707963267948966, 6.0
85, 165, 1210, 266, 1208, 264, 2, 2, 0.7853981633974483, 2.8284271247461903
85, 166, 844, 653, 844, 658, 0, -5, -1.5707963267948966, 5.0
85, 168, 1143, 448, 1141, 445, 2, 3, 0.982793723247329, 3.605551275463989
85, 169, 115, 78, 113, 80, 2, -2, -0.7853981633974483, 2.8284271247461903
85, 171, 761, 623, 763, 620, -2, 3, 2.158798930342464, 3.605551275463989
85, 173, 114, 66, 111, 67, 3, -1, -0.3217505543966422, 3.1622776601683795
85, 174, 677, 264, 677, 262, 0, 2, 1.5707963267948966, 2.0
85, 175, 1188, 235, 1188, 232, 0, 3, 1.5707963267948966, 3.0
85, 176, 386, 353, 387, 350, -1, 3, 1.892546881191539, 3.1622776601683795
85, 177, 654, 13, 653, 14, 1, -1, -0.7853981633974483, 1.4142135623730951
85, 178, 745, 414, 746, 417, -1, -3, -1.892546881191539, 3.1622776601683795
85, 180, 499, 701, 498, 712, 1, -11, -1.4801364395941514, 11.045361017187261
85, 181, 721, 472, 723, 478, -2, -6, -1.892546881191539, 6.324555320336759
85, 183, 138, 635, 140, 633, -2, 2, 2.356194490192345, 2.8284271247461903
85, 184, 1134, 691, 1133, 688, 1, 3, 1.2490457723982544, 3.1622776601683795
85, 185, 682, 523, 683, 528, -1, -5, -1.7681918866447774, 5.0990195135927845
85, 186, 43, 410, 42, 408, 1, 2, 1.1071487177940904, 2.23606797749979
85, 187, 1114, 637, 1114, 634, 0, 3, 1.5707963267948966, 3.0
85, 189, 790, 640, 790, 643, 0, -3, -1.5707963267948966, 3.0
85, 191, 1173, 206, 1173, 204, 0, 2, 1.5707963267948966, 2.0
85, 192, 1129, 358, 1133, 359, -4, -1, -2.896613990462929, 4.123105625617661
85, 194, 1261, 251, 1264, 248, -3, 3, 2.356194490192345, 4.242640687119285
86, 0, 779, 14, 780, 16, -1, -2, -2.0344439357957027, 2.23606797749979
86, 1, 1121, 332, 1123, 332, -2, 0, 3.141592653589793, 2.0
86, 2, 795, 642, 794, 646, 1, -4, -1.3258176636680326, 4.123105625617661
86, 3, 1139, 271, 1142, 275, -3, -4, -2.214297435588181, 5.0
86, 4, 811, 616, 810, 620, 1, -4, -1.3258176636680326, 4.123105625617661
86, 5, 832, 28, 834, 28, -2, 0, 3.141592653589793, 2.0
86, 6, 180, 21, 181, 20, -1, 1, 2.356194490192345, 1.4142135623730951
86, 8, 1236, 230, 1235, 227, 1, 3, 1.2490457723982544, 3.1622776601683795
86, 9, 493, 46, 494, 48, -1, -2, -2.0344439357957027, 2.23606797749979
86, 10, 442, 697, 442, 701, 0, -4, -1.5707963267948966, 4.0
86, 11, 787, 235, 787, 237, 0, -2, -1.5707963267948966, 2.0
86, 12, 465, 648, 466, 653, -1, -5, -1.7681918866447774, 5.0990195135927845
86, 15, 140, 597, 141, 593, -1, 4, 1.8157749899217608, 4.123105625617661
86, 16, 726, 567, 730, 564, -4, 3, 2.498091544796509, 5.0
86, 17, 498, 144, 500, 145, -2, -1, -2.677945044588987, 2.23606797749979
86, 18, 826, 614, 826, 619, 0, -5, -1.5707963267948966, 5.0
86, 19, 698, 528, 699, 533, -1, -5, -1.7681918866447774, 5.0990195135927845
86, 20, 95, 532, 95, 529, 0, 3, 1.5707963267948966, 3.0
86, 22, 483, 651, 484, 655, -1, -4, -1.8157749899217608, 4.123105625617661
86, 23, 682, 530, 682, 535, 0, -5, -1.5707963267948966, 5.0
86, 26, 708, 399, 709, 401, -1, -2, -2.0344439357957027, 2.23606797749979
86, 27, 626, 228, 627, 227, -1, 1, 2.356194490192345, 1.4142135623730951
86, 29, 687, 168, 688, 165, -1, 3, 1.892546881191539, 3.1622776601683795
86, 30, 485, 35, 486, 37, -1, -2, -2.0344439357957027, 2.23606797749979
86, 32, 813, 214, 813, 216, 0, -2, -1.5707963267948966, 2.0
86, 37, 815, 677, 816, 680, -1, -3, -1.892546881191539, 3.1622776601683795
86, 38, 673, 238, 673, 234, 0, 4, 1.5707963267948966, 4.0
86, 39, 483, 46, 484, 48, -1, -2, -2.0344439357957027, 2.23606797749979
86, 41, 808, 237, 809, 239, -1, -2, -2.0344439357957027, 2.23606797749979
86, 42, 695, 183, 696, 180, -1, 3, 1.892546881191539, 3.1622776601683795
86, 43, 1097, 492, 1096, 490, 1, 2, 1.1071487177940904, 2.23606797749979
86, 44, 738, 370, 739, 375, -1, -5, -1.7681918866447774, 5.0990195135927845
86, 45, 1208, 199, 1208, 197, 0, 2, 1.5707963267948966, 2.0
86, 46, 106, 38, 102, 38, 4, 0, 0.0, 4.0
86, 52, 1217, 262, 1216, 260, 1, 2, 1.1071487177940904, 2.23606797749979
86, 53, 746, 568, 750, 565, -4, 3, 2.498091544796509, 5.0
86, 54, 471, 222, 472, 225, -1, -3, -1.892546881191539, 3.1622776601683795
86, 55, 1116, 85, 1115, 84, 1, 1, 0.7853981633974483, 1.4142135623730951
86, 56, 485, 218, 486, 221, -1, -3, -1.892546881191539, 3.1622776601683795
86, 57, 832, 12, 834, 12, -2, 0, 3.141592653589793, 2.0
86, 58, 1135, 508, 1132, 506, 3, 2, 0.5880026035475675, 3.605551275463989
86, 59, 1150, 610, 1147, 607, 3, 3, 0.7853981633974483, 4.242640687119285
86, 61, 652, 19, 651, 21, 1, -2, -1.1071487177940904, 2.23606797749979
86, 62, 741, 558, 745, 555, -4, 3, 2.498091544796509, 5.0
86, 68, 89, 593, 92, 590, -3, 3, 2.356194490192345, 4.242640687119285
86, 71, 391, 233, 391, 230, 0, 3, 1.5707963267948966, 3.0
86, 72, 1108, 554, 1107, 552, 1, 2, 1.1071487177940904, 2.23606797749979
86, 74, 507, 152, 509, 154, -2, -2, -2.356194490192345, 2.8284271247461903
86, 75, 496, 252, 497, 254, -1, -2, -2.0344439357957027, 2.23606797749979
86, 78, 384, 343, 385, 340, -1, 3, 1.892546881191539, 3.1622776601683795
86, 79, 846, 29, 848, 29, -2, 0, 3.141592653589793, 2.0
86, 80, 666, 578, 668, 582, -2, -4, -2.0344439357957027, 4.47213595499958
86, 83, 805, 198, 805, 200, 0, -2, -1.5707963267948966, 2.0
86, 84, 497, 155, 499, 156, -2, -1, -2.677945044588987, 2.23606797749979
86, 85, 105, 47, 101, 47, 4, 0, 0.0, 4.0
86, 86, 747, 420, 748, 422, -1, -2, -2.0344439357957027, 2.23606797749979
86, 88, 103, 77, 100, 77, 3, 0, 0.0, 3.0
86, 90, 1127, 362, 1131, 366, -4, -4, -2.356194490192345, 5.656854249492381
86, 93, 1108, 457, 1107, 453, 1, 4, 1.3258176636680326, 4.123105625617661
86, 96, 798, 190, 798, 192, 0, -2, -1.5707963267948966, 2.0
86, 97, 824, 26, 826, 26, -2, 0, 3.141592653589793, 2.0
86, 98, 791, 664, 789, 668, 2, -4, -1.1071487177940904, 4.47213595499958
86, 99, 123, 651, 122, 649, 1, 2, 1.1071487177940904, 2.23606797749979
86, 101, 418, 266, 418, 263, 0, 3, 1.5707963267948966, 3.0
86, 103, 387, 268, 387, 265, 0, 3, 1.5707963267948966, 3.0
86, 105, 1205, 284, 1204, 282, 1, 2, 1.1071487177940904, 2.23606797749979
86, 106, 1249, 275, 1247, 273, 2, 2, 0.7853981633974483, 2.8284271247461903
86, 107, 104, 70, 101, 70, 3, 0, 0.0, 3.0
86, 109, 636, 311, 637, 306, -1, 5, 1.7681918866447774, 5.0990195135927845
86, 110, 1131, 257, 1133, 261, -2, -4, -2.0344439357957027, 4.47213595499958
86, 111, 418, 350, 420, 347, -2, 3, 2.158798930342464, 3.605551275463989
86, 113, 689, 175, 690, 172, -1, 3, 1.892546881191539, 3.1622776601683795
86, 114, 424, 358, 426, 355, -2, 3, 2.158798930342464, 3.605551275463989
86, 115, 1145, 463, 1143, 460, 2, 3, 0.982793723247329, 3.605551275463989
86, 116, 38, 468, 36, 467, 2, 1, 0.4636476090008061, 2.23606797749979
86, 117, 177, 680, 177, 677, 0, 3, 1.5707963267948966, 3.0
86, 119, 693, 537, 694, 543, -1, -6, -1.7359450042095235, 6.082762530298219
86, 121, 1260, 186, 1261, 184, -1, 2, 2.0344439357957027, 2.23606797749979
86, 122, 739, 633, 740, 631, -1, 2, 2.0344439357957027, 2.23606797749979
86, 123, 826, 674, 830, 677, -4, -3, -2.498091544796509, 5.0
86, 124, 1113, 303, 1116, 306, -3, -3, -2.356194490192345, 4.242640687119285
86, 127, 14, 363, 13, 361, 1, 2, 1.1071487177940904, 2.23606797749979
86, 128, 399, 298, 399, 296, 0, 2, 1.5707963267948966, 2.0
86, 129, 475, 209, 476, 212, -1, -3, -1.892546881191539, 3.1622776601683795
86, 130, 106, 81, 104, 81, 2, 0, 0.0, 2.0
86, 131, 1094, 607, 1092, 602, 2, 5, 1.1902899496825317, 5.385164807134504
86, 132, 609, 279, 610, 276, -1, 3, 1.892546881191539, 3.1622776601683795
86, 134, 1208, 160, 1208, 158, 0, 2, 1.5707963267948966, 2.0
86, 135, 95, 524, 96, 520, -1, 4, 1.8157749899217608, 4.123105625617661
86, 136, 500, 662, 499, 666, 1, -4, -1.3258176636680326, 4.123105625617661
86, 138, 694, 510, 695, 515, -1, -5, -1.7681918866447774, 5.0990195135927845
86, 141, 401, 390, 402, 388, -1, 2, 2.0344439357957027, 2.23606797749979
86, 142, 1215, 193, 1215, 191, 0, 2, 1.5707963267948966, 2.0
86, 144, 732, 558, 736, 554, -4, 4, 2.356194490192345, 5.656854249492381
86, 145, 1128, 273, 1130, 277, -2, -4, -2.0344439357957027, 4.47213595499958
86, 147, 880, 21, 882, 21, -2, 0, 3.141592653589793, 2.0
86, 149, 1145, 278, 1148, 282, -3, -4, -2.214297435588181, 5.0
86, 152, 1204, 154, 1204, 152, 0, 2, 1.5707963267948966, 2.0
86, 154, 1139, 257, 1141, 261, -2, -4, -2.0344439357957027, 4.47213595499958
86, 155, 689, 524, 690, 529, -1, -5, -1.7681918866447774, 5.0990195135927845
86, 156, 1093, 498, 1092, 496, 1, 2, 1.1071487177940904, 2.23606797749979
86, 157, 484, 116, 485, 118, -1, -2, -2.0344439357957027, 2.23606797749979
86, 158, 748, 647, 750, 645, -2, 2, 2.356194490192345, 2.8284271247461903
86, 159, 1252, 234, 1250, 232, 2, 2, 0.7853981633974483, 2.8284271247461903
86, 161, 694, 626, 694, 632, 0, -6, -1.5707963267948966, 6.0
86, 162, 1212, 268, 1210, 266, 2, 2, 0.7853981633974483, 2.8284271247461903
86, 163, 844, 648, 844, 653, 0, -5, -1.5707963267948966, 5.0
86, 165, 1144, 451, 1143, 448, 1, 3, 1.2490457723982544, 3.1622776601683795
86, 166, 117, 78, 115, 78, 2, 0, 0.0, 2.0
86, 168, 761, 627, 761, 623, 0, 4, 1.5707963267948966, 4.0
86, 170, 116, 65, 114, 66, 2, -1, -0.4636476090008061, 2.23606797749979
86, 171, 677, 267, 677, 264, 0, 3, 1.5707963267948966, 3.0
86, 172, 1188, 237, 1188, 235, 0, 2, 1.5707963267948966, 2.0
86, 173, 385, 356, 386, 353, -1, 3, 1.892546881191539, 3.1622776601683795
86, 174, 655, 12, 654, 13, 1, -1, -0.7853981633974483, 1.4142135623730951
86, 175, 744, 412, 745, 414, -1, -2, -2.0344439357957027, 2.23606797749979
86, 177, 499, 693, 499, 701, 0, -8, -1.5707963267948966, 8.0
86, 178, 719, 465, 721, 472, -2, -7, -1.849095985800008, 7.280109889280518
86, 180, 135, 636, 138, 635, -3, 1, 2.819842099193151, 3.1622776601683795
86, 181, 1130, 693, 1134, 691, -4, 2, 2.677945044588987, 4.47213595499958
86, 182, 681, 518, 682, 523, -1, -5, -1.7681918866447774, 5.0990195135927845
86, 183, 45, 412, 43, 410, 2, 2, 0.7853981633974483, 2.8284271247461903
86, 184, 1115, 639, 1114, 637, 1, 2, 1.1071487177940904, 2.23606797749979
86, 186, 791, 636, 790, 640, 1, -4, -1.3258176636680326, 4.123105625617661
86, 189, 1125, 357, 1129, 358, -4, -1, -2.896613990462929, 4.123105625617661
86, 191, 1261, 255, 1261, 251, 0, 4, 1.5707963267948966, 4.0
87, 0, 778, 10, 779, 14, -1, -4, -1.8157749899217608, 4.123105625617661
87, 1, 1119, 334, 1121, 332, -2, 2, 2.356194490192345, 2.8284271247461903
87, 2, 797, 640, 795, 642, 2, -2, -0.7853981633974483, 2.8284271247461903
87, 3, 1136, 266, 1139, 271, -3, -5, -2.1112158270654806, 5.830951894845301
87, 4, 811, 613, 811, 616, 0, -3, -1.5707963267948966, 3.0
87, 5, 829, 28, 832, 28, -3, 0, 3.141592653589793, 3.0
87, 6, 178, 22, 180, 21, -2, 1, 2.677945044588987, 2.23606797749979
87, 7, 1256, 161, 1256, 158, 0, 3, 1.5707963267948966, 3.0
87, 8, 1239, 232, 1236, 230, 3, 2, 0.5880026035475675, 3.605551275463989
87, 9, 492, 42, 493, 46, -1, -4, -1.8157749899217608, 4.123105625617661
87, 10, 443, 691, 442, 697, 1, -6, -1.4056476493802699, 6.082762530298219
87, 11, 788, 231, 787, 235, 1, -4, -1.3258176636680326, 4.123105625617661
87, 12, 464, 644, 465, 648, -1, -4, -1.8157749899217608, 4.123105625617661
87, 15, 139, 601, 140, 597, -1, 4, 1.8157749899217608, 4.123105625617661
87, 16, 723, 569, 726, 567, -3, 2, 2.5535900500422257, 3.605551275463989
87, 17, 494, 141, 498, 144, -4, -3, -2.498091544796509, 5.0
87, 18, 827, 611, 826, 614, 1, -3, -1.2490457723982544, 3.1622776601683795
87, 19, 696, 523, 698, 528, -2, -5, -1.9513027039072615, 5.385164807134504
87, 21, 620, 40, 620, 37, 0, 3, 1.5707963267948966, 3.0
87, 22, 483, 648, 483, 651, 0, -3, -1.5707963267948966, 3.0
87, 23, 683, 525, 682, 530, 1, -5, -1.373400766945016, 5.0990195135927845
87, 25, 624, 323, 625, 322, -1, 1, 2.356194490192345, 1.4142135623730951
87, 26, 705, 398, 708, 399, -3, -1, -2.819842099193151, 3.1622776601683795
87, 27, 625, 232, 626, 228, -1, 4, 1.8157749899217608, 4.123105625617661
87, 29, 685, 171, 687, 168, -2, 3, 2.158798930342464, 3.605551275463989
87, 30, 484, 31, 485, 35, -1, -4, -1.8157749899217608, 4.123105625617661
87, 32, 813, 209, 813, 214, 0, -5, -1.5707963267948966, 5.0
87, 34, 760, 125, 760, 122, 0, 3, 1.5707963267948966, 3.0
87, 36, 754, 118, 754, 115, 0, 3, 1.5707963267948966, 3.0
87, 37, 814, 673, 815, 677, -1, -4, -1.8157749899217608, 4.123105625617661
87, 38, 673, 241, 673, 238, 0, 3, 1.5707963267948966, 3.0
87, 39, 482, 42, 483, 46, -1, -4, -1.8157749899217608, 4.123105625617661
87, 40, 1118, 53, 1116, 51, 2, 2, 0.7853981633974483, 2.8284271247461903
87, 41, 807, 233, 808, 237, -1, -4, -1.8157749899217608, 4.123105625617661
87, 42, 693, 186, 695, 183, -2, 3, 2.158798930342464, 3.605551275463989
87, 43, 1098, 491, 1097, 492, 1, -1, -0.7853981633974483, 1.4142135623730951
87, 44, 737, 366, 738, 370, -1, -4, -1.8157749899217608, 4.123105625617661
87, 45, 1209, 203, 1208, 199, 1, 4, 1.3258176636680326, 4.123105625617661
87, 46, 109, 38, 106, 38, 3, 0, 0.0, 3.0
87, 48, 1176, 77, 1175, 75, 1, 2, 1.1071487177940904, 2.23606797749979
87, 49, 1130, 44, 1128, 42, 2, 2, 0.7853981633974483, 2.8284271247461903
87, 50, 1159, 38, 1155, 38, 4, 0, 0.0, 4.0
87, 51, 1219, 265, 1217, 262, 2, 3, 0.982793723247329, 3.605551275463989
87, 52, 742, 570, 746, 568, -4, 2, 2.677945044588987, 4.47213595499958
87, 53, 469, 217, 471, 222, -2, -5, -1.9513027039072615, 5.385164807134504
87, 54, 1117, 87, 1116, 85, 1, 2, 1.1071487177940904, 2.23606797749979
87, 55, 484, 213, 485, 218, -1, -5, -1.7681918866447774, 5.0990195135927845
87, 56, 829, 11, 832, 12, -3, -1, -2.819842099193151, 3.1622776601683795
87, 57, 1134, 516, 1135, 508, -1, 8, 1.695151321341658, 8.06225774829855
87, 58, 1154, 612, 1150, 610, 4, 2, 0.4636476090008061, 4.47213595499958
87, 60, 654, 16, 652, 19, 2, -3, -0.982793723247329, 3.605551275463989
87, 61, 737, 561, 741, 558, -4, 3, 2.498091544796509, 5.0
87, 62, 1171, 118, 1169, 116, 2, 2, 0.7853981633974483, 2.8284271247461903
87, 63, 122, 95, 120, 96, 2, -1, -0.4636476090008061, 2.23606797749979
87, 66, 750, 124, 750, 121, 0, 3, 1.5707963267948966, 3.0
87, 67, 85, 596, 89, 593, -4, 3, 2.498091544796509, 5.0
87, 68, 1178, 245, 1179, 244, -1, 1, 2.356194490192345, 1.4142135623730951
87, 70, 390, 237, 391, 233, -1, 4, 1.8157749899217608, 4.123105625617661
87, 71, 1112, 552, 1108, 554, 4, -2, -0.4636476090008061, 4.47213595499958
87, 73, 503, 149, 507, 152, -4, -3, -2.498091544796509, 5.0
87, 74, 494, 248, 496, 252, -2, -4, -2.0344439357957027, 4.47213595499958
87, 77, 383, 346, 384, 343, -1, 3, 1.892546881191539, 3.1622776601683795
87, 78, 844, 28, 846, 29, -2, -1, -2.677945044588987, 2.23606797749979
87, 79, 665, 576, 666, 578, -1, -2, -2.0344439357957027, 2.23606797749979
87, 82, 806, 194, 805, 198, 1, -4, -1.3258176636680326, 4.123105625617661
87, 83, 493, 152, 497, 155, -4, -3, -2.498091544796509, 5.0
87, 84, 108, 46, 105, 47, 3, -1, -0.3217505543966422, 3.1622776601683795
87, 85, 746, 417, 747, 420, -1, -3, -1.892546881191539, 3.1622776601683795
87, 87, 105, 76, 103, 77, 2, -1, -0.4636476090008061, 2.23606797749979
87, 89, 1126, 360, 1127, 362, -1, -2, -2.0344439357957027, 2.23606797749979
87, 92, 1108, 461, 1108, 457, 0, 4, 1.5707963267948966, 4.0
87, 93, 1107, 97, 1106, 96, 1, 1, 0.7853981633974483, 1.4142135623730951
87, 94, 1177, 85, 1176, 83, 1, 2, 1.1071487177940904, 2.23606797749979
87, 95, 799, 186, 798, 190, 1, -4, -1.3258176636680326, 4.123105625617661
87, 96, 820, 26, 824, 26, -4, 0, 3.141592653589793, 4.0
87, 97, 794, 661, 791, 664, 3, -3, -0.7853981633974483, 4.242640687119285
87, 98, 124, 653, 123, 651, 1, 2, 1.1071487177940904, 2.23606797749979
87, 100, 417, 270, 418, 266, -1, 4, 1.8157749899217608, 4.123105625617661
87, 102, 386, 271, 387, 268, -1, 3, 1.892546881191539, 3.1622776601683795
87, 104, 1207, 283, 1205, 284, 2, -1, -0.4636476090008061, 2.23606797749979
87, 105, 1252, 276, 1249, 275, 3, 1, 0.3217505543966422, 3.1622776601683795
87, 106, 106, 69, 104, 70, 2, -1, -0.4636476090008061, 2.23606797749979
87, 109, 1128, 253, 1131, 257, -3, -4, -2.214297435588181, 5.0
87, 110, 415, 351, 418, 350, -3, 1, 2.819842099193151, 3.1622776601683795
87, 112, 687, 178, 689, 175, -2, 3, 2.158798930342464, 3.605551275463989
87, 113, 422, 359, 424, 358, -2, 1, 2.677945044588987, 2.23606797749979
87, 114, 1147, 466, 1145, 463, 2, 3, 0.982793723247329, 3.605551275463989
87, 115, 40, 466, 38, 468, 2, -2, -0.7853981633974483, 2.8284271247461903
87, 116, 177, 684, 177, 680, 0, 4, 1.5707963267948966, 4.0
87, 118, 692, 531, 693, 537, -1, -6, -1.7359450042095235, 6.082762530298219
87, 119, 1261, 286, 1260, 285, 1, 1, 0.7853981633974483, 1.4142135623730951
87, 120, 1259, 188, 1260, 186, -1, 2, 2.0344439357957027, 2.23606797749979
87, 121, 736, 634, 739, 633, -3, 1, 2.819842099193151, 3.1622776601683795
87, 122, 824, 670, 826, 674, -2, -4, -2.0344439357957027, 4.47213595499958
87, 123, 1110, 301, 1113, 303, -3, -2, -2.5535900500422257, 3.605551275463989
87, 124, 158, 29, 160, 29, -2, 0, 3.141592653589793, 2.0
87, 126, 15, 365, 14, 363, 1, 2, 1.1071487177940904, 2.23606797749979
87, 127, 399, 301, 399, 298, 0, 3, 1.5707963267948966, 3.0
87, 128, 473, 203, 475, 209, -2, -6, -1.892546881191539, 6.324555320336759
87, 129, 109, 81, 106, 81, 3, 0, 0.0, 3.0
87, 130, 1095, 609, 1094, 607, 1, 2, 1.1071487177940904, 2.23606797749979
87, 131, 608, 283, 609, 279, -1, 4, 1.8157749899217608, 4.123105625617661
87, 133, 1208, 164, 1208, 160, 0, 4, 1.5707963267948966, 4.0
87, 134, 95, 526, 95, 524, 0, 2, 1.5707963267948966, 2.0
87, 135, 502, 658, 500, 662, 2, -4, -1.1071487177940904, 4.47213595499958
87, 137, 694, 505, 694, 510, 0, -5, -1.5707963267948966, 5.0
87, 138, 895, 44, 897, 44, -2, 0, 3.141592653589793, 2.0
87, 140, 401, 392, 401, 390, 0, 2, 1.5707963267948966, 2.0
87, 141, 1216, 197, 1215, 193, 1, 4, 1.3258176636680326, 4.123105625617661
87, 143, 728, 561, 732, 558, -4, 3, 2.498091544796509, 5.0
87, 144, 1125, 269, 1128, 273, -3, -4, -2.214297435588181, 5.0
87, 145, 741, 19, 738, 19, 3, 0, 0.0, 3.0
87, 146, 877, 21, 880, 21, -3, 0, 3.141592653589793, 3.0
87, 148, 1142, 273, 1145, 278, -3, -5, -2.1112158270654806, 5.830951894845301
87, 151, 1204, 158, 1204, 154, 0, 4, 1.5707963267948966, 4.0
87, 153, 1136, 253, 1139, 257, -3, -4, -2.214297435588181, 5.0
87, 154, 688, 519, 689, 524, -1, -5, -1.7681918866447774, 5.0990195135927845
87, 156, 483, 113, 484, 116, -1, -3, -1.892546881191539, 3.1622776601683795
87, 157, 746, 645, 748, 647, -2, -2, -2.356194490192345, 2.8284271247461903
87, 158, 1254, 237, 1252, 234, 2, 3, 0.982793723247329, 3.605551275463989
87, 160, 693, 615, 694, 626, -1, -11, -1.6614562139956417, 11.045361017187261
87, 161, 1214, 271, 1212, 268, 2, 3, 0.982793723247329, 3.605551275463989
87, 162, 843, 645, 844, 648, -1, -3, -1.892546881191539, 3.1622776601683795
87, 164, 1145, 454, 1144, 451, 1, 3, 1.2490457723982544, 3.1622776601683795
87, 165, 120, 78, 117, 78, 3, 0, 0.0, 3.0
87, 167, 762, 628, 761, 627, 1, 1, 0.7853981633974483, 1.4142135623730951
87, 168, 656, 57, 656, 59, 0, -2, -1.5707963267948966, 2.0
87, 169, 119, 64, 116, 65, 3, -1, -0.3217505543966422, 3.1622776601683795
87, 170, 678, 271, 677, 267, 1, 4, 1.3258176636680326, 4.123105625617661
87, 172, 384, 359, 385, 356, -1, 3, 1.892546881191539, 3.1622776601683795
87, 173, 657, 9, 655, 12, 2, -3, -0.982793723247329, 3.605551275463989
87, 174, 743, 409, 744, 412, -1, -3, -1.892546881191539, 3.1622776601683795
87, 176, 498, 685, 499, 693, -1, -8, -1.695151321341658, 8.06225774829855
87, 177, 718, 460, 719, 465, -1, -5, -1.7681918866447774, 5.0990195135927845
87, 178, 31, 458, 28, 459, 3, -1, -0.3217505543966422, 3.1622776601683795
87, 179, 131, 640, 135, 636, -4, 4, 2.356194490192345, 5.656854249492381
87, 180, 1130, 697, 1130, 693, 0, 4, 1.5707963267948966, 4.0
87, 181, 681, 513, 681, 518, 0, -5, -1.5707963267948966, 5.0
87, 182, 48, 412, 45, 412, 3, 0, 0.0, 3.0
87, 183, 1116, 640, 1115, 639, 1, 1, 0.7853981633974483, 1.4142135623730951
87, 185, 792, 633, 791, 636, 1, -3, -1.2490457723982544, 3.1622776601683795
87, 186, 325, 17, 324, 18, 1, -1, -0.7853981633974483, 1.4142135623730951
87, 187, 1174, 208, 1173, 207, 1, 1, 0.7853981633974483, 1.4142135623730951
87, 189, 1261, 259, 1261, 255, 0, 4, 1.5707963267948966, 4.0
88, 1, 1118, 332, 1119, 334, -1, -2, -2.0344439357957027, 2.23606797749979
88, 2, 798, 639, 797, 640, 1, -1, -0.7853981633974483, 1.4142135623730951
88, 3, 1134, 262, 1136, 266, -2, -4, -2.0344439357957027, 4.47213595499958
88, 4, 811, 609, 811, 613, 0, -4, -1.5707963267948966, 4.0
88, 5, 827, 27, 829, 28, -2, -1, -2.677945044588987, 2.23606797749979
88, 7, 1255, 162, 1256, 161, -1, 1, 2.356194490192345, 1.4142135623730951
88, 8, 1240, 236, 1239, 232, 1, 4, 1.3258176636680326, 4.123105625617661
88, 9, 444, 687, 443, 691, 1, -4, -1.3258176636680326, 4.123105625617661
88, 10, 788, 228, 788, 231, 0, -3, -1.5707963267948966, 3.0
88, 11, 464, 639, 464, 644, 0, -5, -1.5707963267948966, 5.0
88, 14, 138, 605, 139, 601, -1, 4, 1.8157749899217608, 4.123105625617661
88, 15, 720, 573, 723, 569, -3, 4, 2.214297435588181, 5.0
88, 16, 492, 139, 494, 141, -2, -2, -2.356194490192345, 2.8284271247461903
88, 17, 827, 606, 827, 611, 0, -5, -1.5707963267948966, 5.0
88, 18, 695, 517, 696, 523, -1, -6, -1.7359450042095235, 6.082762530298219
88, 19, 95, 536, 96, 532, -1, 4, 1.8157749899217608, 4.123105625617661
88, 20, 620, 42, 620, 40, 0, 2, 1.5707963267948966, 2.0
88, 21, 483, 644, 483, 648, 0, -4, -1.5707963267948966, 4.0
88, 22, 683, 520, 683, 525, 0, -5, -1.5707963267948966, 5.0
88, 25, 704, 396, 705, 398, -1, -2, -2.0344439357957027, 2.23606797749979
88, 26, 625, 235, 625, 232, 0, 3, 1.5707963267948966, 3.0
88, 28, 683, 173, 685, 171, -2, 2, 2.356194490192345, 2.8284271247461903
88, 30, 813, 205, 813, 209, 0, -4, -1.5707963267948966, 4.0
88, 32, 760, 127, 760, 125, 0, 2, 1.5707963267948966, 2.0
88, 34, 754, 120, 754, 118, 0, 2, 1.5707963267948966, 2.0
88, 35, 814, 665, 814, 673, 0, -8, -1.5707963267948966, 8.0
88, 36, 672, 243, 673, 241, -1, 2, 2.0344439357957027, 2.23606797749979
88, 38, 807, 230, 807, 233, 0, -3, -1.5707963267948966, 3.0
88, 39, 691, 188, 693, 186, -2, 2, 2.356194490192345, 2.8284271247461903
88, 40, 1100, 494, 1098, 491, 2, 3, 0.982793723247329, 3.605551275463989
88, 41, 736, 362, 737, 366, -1, -4, -1.8157749899217608, 4.123105625617661
88, 42, 1209, 206, 1209, 203, 0, 3, 1.5707963267948966, 3.0
88, 43, 113, 38, 109, 38, 4, 0, 0.0, 4.0
88, 48, 1220, 269, 1219, 265, 1, 4, 1.3258176636680326, 4.123105625617661
88, 49, 739, 573, 742, 570, -3, 3, 2.356194490192345, 4.242640687119285
88, 50, 468, 213, 469, 217, -1, -4, -1.8157749899217608, 4.123105625617661
88, 52, 483, 208, 484, 213, -1, -5, -1.7681918866447774, 5.0990195135927845
88, 53, 827, 10, 829, 11, -2, -1, -2.677945044588987, 2.23606797749979
88, 54, 1137, 520, 1134, 516, 3, 4, 0.9272952180016122, 5.0
88, 55, 1157, 615, 1154, 612, 3, 3, 0.7853981633974483, 4.242640687119285
88, 57, 655, 14, 654, 16, 1, -2, -1.1071487177940904, 2.23606797749979
88, 58, 734, 565, 737, 561, -3, 4, 2.214297435588181, 5.0
88, 60, 124, 94, 122, 95, 2, -1, -0.4636476090008061, 2.23606797749979
88, 63, 750, 126, 750, 124, 0, 2, 1.5707963267948966, 2.0
88, 64, 81, 598, 85, 596, -4, 2, 2.677945044588987, 4.47213595499958
88, 67, 390, 240, 390, 237, 0, 3, 1.5707963267948966, 3.0
88, 68, 1116, 555, 1112, 552, 4, 3, 0.6435011087932844, 5.0
88, 70, 501, 147, 503, 149, -2, -2, -2.356194490192345, 2.8284271247461903
88, 71, 493, 244, 494, 248, -1, -4, -1.8157749899217608, 4.123105625617661
88, 72, 1147, 148, 1147, 146, 0, 2, 1.5707963267948966, 2.0
88, 74, 382, 349, 383, 346, -1, 3, 1.892546881191539, 3.1622776601683795
88, 75, 842, 27, 844, 28, -2, -1, -2.677945044588987, 2.23606797749979
88, 76, 664, 571, 665, 576, -1, -5, -1.7681918866447774, 5.0990195135927845
88, 78, 806, 190, 806, 194, 0, -4, -1.5707963267948966, 4.0
88, 79, 491, 150, 493, 152, -2, -2, -2.356194490192345, 2.8284271247461903
88, 80, 112, 45, 108, 46, 4, -1, -0.24497866312686414, 4.123105625617661
88, 81, 746, 413, 746, 417, 0, -4, -1.5707963267948966, 4.0
88, 82, 1222, 316, 1220, 316, 2, 0, 0.0, 2.0
88, 83, 108, 76, 105, 76, 3, 0, 0.0, 3.0
88, 84, 1258, 196, 1259, 195, -1, 1, 2.356194490192345, 1.4142135623730951
88, 85, 1124, 357, 1126, 360, -2, -3, -2.158798930342464, 3.605551275463989
88, 87, 666, 48, 666, 50, 0, -2, -1.5707963267948966, 2.0
88, 88, 1108, 465, 1108, 461, 0, 4, 1.5707963267948966, 4.0
88, 91, 799, 182, 799, 186, 0, -4, -1.5707963267948966, 4.0
88, 92, 818, 25, 820, 26, -2, -1, -2.677945044588987, 2.23606797749979
88, 93, 795, 657, 794, 661, 1, -4, -1.3258176636680326, 4.123105625617661
88, 94, 124, 656, 124, 653, 0, 3, 1.5707963267948966, 3.0
88, 96, 417, 273, 417, 270, 0, 3, 1.5707963267948966, 3.0
88, 98, 386, 274, 386, 271, 0, 3, 1.5707963267948966, 3.0
88, 100, 1209, 286, 1207, 283, 2, 3, 0.982793723247329, 3.605551275463989
88, 101, 1254, 278, 1252, 276, 2, 2, 0.7853981633974483, 2.8284271247461903
88, 102, 110, 69, 106, 69, 4, 0, 0.0, 4.0
88, 104, 634, 312, 635, 311, -1, 1, 2.356194490192345, 1.4142135623730951
88, 105, 1126, 249, 1128, 253, -2, -4, -2.0344439357957027, 4.47213595499958
88, 106, 411, 353, 415, 351, -4, 2, 2.677945044588987, 4.47213595499958
88, 108, 685, 180, 687, 178, -2, 2, 2.356194490192345, 2.8284271247461903
88, 109, 420, 360, 422, 359, -2, 1, 2.677945044588987, 2.23606797749979
88, 110, 1148, 470, 1147, 466, 1, 4, 1.3258176636680326, 4.123105625617661
88, 111, 43, 465, 40, 466, 3, -1, -0.3217505543966422, 3.1622776601683795
88, 112, 178, 688, 177, 684, 1, 4, 1.3258176636680326, 4.123105625617661
88, 113, 1143, 108, 1142, 107, 1, 1, 0.7853981633974483, 1.4142135623730951
88, 114, 691, 525, 692, 531, -1, -6, -1.7359450042095235, 6.082762530298219
88, 116, 1258, 189, 1259, 188, -1, 1, 2.356194490192345, 1.4142135623730951
88, 117, 733, 634, 736, 634, -3, 0, 3.141592653589793, 3.0
88, 118, 824, 665, 824, 670, 0, -5, -1.5707963267948966, 5.0
88, 119, 1107, 297, 1110, 301, -3, -4, -2.214297435588181, 5.0
88, 122, 16, 367, 15, 365, 1, 2, 1.1071487177940904, 2.23606797749979
88, 123, 399, 303, 399, 301, 0, 2, 1.5707963267948966, 2.0
88, 124, 472, 198, 473, 203, -1, -5, -1.7681918866447774, 5.0990195135927845
88, 125, 112, 81, 109, 81, 3, 0, 0.0, 3.0
88, 126, 1097, 613, 1095, 609, 2, 4, 1.1071487177940904, 4.47213595499958
88, 127, 607, 285, 608, 283, -1, 2, 2.0344439357957027, 2.23606797749979
88, 129, 1208, 167, 1208, 164, 0, 3, 1.5707963267948966, 3.0
88, 130, 96, 529, 95, 526, 1, 3, 1.2490457723982544, 3.1622776601683795
88, 131, 505, 655, 502, 658, 3, -3, -0.7853981633974483, 4.242640687119285
88, 133, 694, 500, 694, 505, 0, -5, -1.5707963267948966, 5.0
88, 136, 402, 394, 401, 392, 1, 2, 1.1071487177940904, 2.23606797749979
88, 137, 1216, 200, 1216, 197, 0, 3, 1.5707963267948966, 3.0
88, 139, 725, 565, 728, 561, -3, 4, 2.214297435588181, 5.0
88, 140, 1123, 265, 1125, 269, -2, -4, -2.0344439357957027, 4.47213595499958
88, 141, 744, 19, 741, 19, 3, 0, 0.0, 3.0
88, 144, 1140, 270, 1142, 273, -2, -3, -2.158798930342464, 3.605551275463989
88, 147, 1204, 161, 1204, 158, 0, 3, 1.5707963267948966, 3.0
88, 149, 1134, 249, 1136, 253, -2, -4, -2.0344439357957027, 4.47213595499958
88, 150, 688, 514, 688, 519, 0, -5, -1.5707963267948966, 5.0
88, 151, 1096, 500, 1094, 498, 2, 2, 0.7853981633974483, 2.8284271247461903
88, 152, 482, 108, 483, 113, -1, -5, -1.7681918866447774, 5.0990195135927845
88, 153, 742, 648, 746, 645, -4, 3, 2.498091544796509, 5.0
88, 154, 1255, 241, 1254, 237, 1, 4, 1.3258176636680326, 4.123105625617661
88, 156, 693, 612, 693, 615, 0, -3, -1.5707963267948966, 3.0
88, 157, 1215, 275, 1214, 271, 1, 4, 1.3258176636680326, 4.123105625617661
88, 158, 842, 641, 843, 645, -1, -4, -1.8157749899217608, 4.123105625617661
88, 160, 1145, 458, 1145, 454, 0, 4, 1.5707963267948966, 4.0
88, 161, 123, 77, 120, 78, 3, -1, -0.3217505543966422, 3.1622776601683795
88, 164, 656, 55, 656, 57, 0, -2, -1.5707963267948966, 2.0
88, 165, 122, 63, 119, 64, 3, -1, -0.3217505543966422, 3.1622776601683795
88, 166, 677, 272, 678, 271, -1, 1, 2.356194490192345, 1.4142135623730951
88, 168, 383, 363, 384, 359, -1, 4, 1.8157749899217608, 4.123105625617661
88, 169, 742, 405, 743, 409, -1, -4, -1.8157749899217608, 4.123105625617661
88, 171, 497, 679, 498, 685, -1, -6, -1.7359450042095235, 6.082762530298219
88, 172, 717, 455, 718, 460, -1, -5, -1.7681918866447774, 5.0990195135927845
88, 173, 34, 456, 31, 458, 3, -2, -0.5880026035475675, 3.605551275463989
88, 174, 129, 642, 131, 640, -2, 2, 2.356194490192345, 2.8284271247461903
88, 176, 681, 508, 681, 513, 0, -5, -1.5707963267948966, 5.0
88, 177, 50, 414, 48, 412, 2, 2, 0.7853981633974483, 2.8284271247461903
88, 179, 1114, 109, 1113, 108, 1, 1, 0.7853981633974483, 1.4142135623730951
88, 180, 794, 630, 792, 633, 2, -3, -0.982793723247329, 3.605551275463989
88, 181, 326, 16, 325, 17, 1, -1, -0.7853981633974483, 1.4142135623730951
88, 184, 1261, 262, 1261, 259, 0, 3, 1.5707963267948966, 3.0
89, 0, 1116, 327, 1118, 332, -2, -5, -1.9513027039072615, 5.385164807134504
89, 1, 800, 637, 798, 639, 2, -2, -0.7853981633974483, 2.8284271247461903
89, 2, 1132, 259, 1134, 262, -2, -3, -2.158798930342464, 3.605551275463989
89, 3, 810, 605, 811, 609, -1, -4, -1.8157749899217608, 4.123105625617661
89, 4, 825, 27, 827, 27, -2, 0, 3.141592653589793, 2.0
89, 5, 176, 23, 177, 22, -1, 1, 2.356194490192345, 1.4142135623730951
89, 6, 1254, 164, 1255, 162, -1, 2, 2.0344439357957027, 2.23606797749979
89, 7, 1241, 239, 1240, 236, 1, 3, 1.2490457723982544, 3.1622776601683795
89, 8, 445, 682, 444, 687, 1, -5, -1.373400766945016, 5.0990195135927845
89, 9, 788, 225, 788, 228, 0, -3, -1.5707963267948966, 3.0
89, 10, 464, 634, 464, 639, 0, -5, -1.5707963267948966, 5.0
89, 12, 136, 607, 138, 605, -2, 2, 2.356194490192345, 2.8284271247461903
89, 13, 717, 577, 720, 573, -3, 4, 2.214297435588181, 5.0
89, 14, 490, 137, 492, 139, -2, -2, -2.356194490192345, 2.8284271247461903
89, 15, 827, 601, 827, 606, 0, -5, -1.5707963267948966, 5.0
89, 16, 694, 512, 695, 517, -1, -5, -1.7681918866447774, 5.0990195135927845
89, 17, 94, 540, 95, 536, -1, 4, 1.8157749899217608, 4.123105625617661
89, 18, 620, 44, 620, 42, 0, 2, 1.5707963267948966, 2.0
89, 19, 483, 640, 483, 644, 0, -4, -1.5707963267948966, 4.0
89, 20, 683, 515, 683, 520, 0, -5, -1.5707963267948966, 5.0
89, 22, 703, 394, 704, 396, -1, -2, -2.0344439357957027, 2.23606797749979
89, 23, 625, 238, 625, 235, 0, 3, 1.5707963267948966, 3.0
89, 25, 681, 175, 683, 173, -2, 2, 2.356194490192345, 2.8284271247461903
89, 27, 813, 201, 813, 205, 0, -4, -1.5707963267948966, 4.0
89, 29, 760, 130, 760, 127, 0, 3, 1.5707963267948966, 3.0
89, 31, 754, 123, 754, 120, 0, 3, 1.5707963267948966, 3.0
89, 32, 813, 660, 814, 665, -1, -5, -1.7681918866447774, 5.0990195135927845
89, 33, 671, 245, 672, 243, -1, 2, 2.0344439357957027, 2.23606797749979
89, 35, 808, 226, 807, 230, 1, -4, -1.3258176636680326, 4.123105625617661
89, 36, 689, 189, 691, 188, -2, 1, 2.677945044588987, 2.23606797749979
89, 37, 1103, 496, 1100, 494, 3, 2, 0.5880026035475675, 3.605551275463989
89, 38, 735, 358, 736, 362, -1, -4, -1.8157749899217608, 4.123105625617661
89, 39, 1208, 210, 1209, 206, -1, 4, 1.8157749899217608, 4.123105625617661
89, 40, 117, 38, 113, 38, 4, 0, 0.0, 4.0
89, 44, 1161, 39, 1160, 38, 1, 1, 0.7853981633974483, 1.4142135623730951
89, 45, 1221, 273, 1220, 269, 1, 4, 1.3258176636680326, 4.123105625617661
89, 46, 736, 576, 739, 573, -3, 3, 2.356194490192345, 4.242640687119285
89, 47, 467, 208, 468, 213, -1, -5, -1.7681918866447774, 5.0990195135927845
89, 49, 482, 203, 483, 208, -1, -5, -1.7681918866447774, 5.0990195135927845
89, 50, 825, 10, 827, 10, -2, 0, 3.141592653589793, 2.0
89, 51, 1140, 524, 1137, 520, 3, 4, 0.9272952180016122, 5.0
89, 52, 1159, 617, 1157, 615, 2, 2, 0.7853981633974483, 2.8284271247461903
89, 54, 655, 12, 655, 14, 0, -2, -1.5707963267948966, 2.0
89, 55, 731, 569, 734, 565, -3, 4, 2.214297435588181, 5.0
89, 57, 126, 94, 124, 94, 2, 0, 0.0, 2.0
89, 60, 750, 129, 750, 126, 0, 3, 1.5707963267948966, 3.0
89, 61, 78, 599, 81, 598, -3, 1, 2.819842099193151, 3.1622776601683795
89, 64, 390, 242, 390, 240, 0, 2, 1.5707963267948966, 2.0
89, 65, 1119, 555, 1116, 555, 3, 0, 0.0, 3.0
89, 67, 499, 144, 501, 147, -2, -3, -2.158798930342464, 3.605551275463989
89, 68, 492, 239, 493, 244, -1, -5, -1.7681918866447774, 5.0990195135927845
89, 69, 1147, 150, 1147, 148, 0, 2, 1.5707963267948966, 2.0
89, 71, 380, 352, 382, 349, -2, 3, 2.158798930342464, 3.605551275463989
89, 72, 840, 26, 842, 27, -2, -1, -2.677945044588987, 2.23606797749979
89, 73, 663, 566, 664, 571, -1, -5, -1.7681918866447774, 5.0990195135927845
89, 75, 806, 187, 806, 190, 0, -3, -1.5707963267948966, 3.0
89, 76, 489, 148, 491, 150, -2, -2, -2.356194490192345, 2.8284271247461903
89, 77, 116, 44, 112, 45, 4, -1, -0.24497866312686414, 4.123105625617661
89, 78, 745, 409, 746, 413, -1, -4, -1.8157749899217608, 4.123105625617661
89, 80, 112, 75, 108, 76, 4, -1, -0.24497866312686414, 4.123105625617661
89, 81, 1258, 198, 1258, 196, 0, 2, 1.5707963267948966, 2.0
89, 82, 1120, 356, 1124, 357, -4, -1, -2.896613990462929, 4.123105625617661
89, 85, 1108, 469, 1108, 465, 0, 4, 1.5707963267948966, 4.0
89, 88, 799, 179, 799, 182, 0, -3, -1.5707963267948966, 3.0
89, 89, 816, 25, 818, 25, -2, 0, 3.141592653589793, 2.0
89, 90, 796, 654, 795, 657, 1, -3, -1.2490457723982544, 3.1622776601683795
89, 91, 123, 660, 124, 656, -1, 4, 1.8157749899217608, 4.123105625617661
89, 93, 417, 276, 417, 273, 0, 3, 1.5707963267948966, 3.0
89, 95, 386, 277, 386, 274, 0, 3, 1.5707963267948966, 3.0
89, 97, 1210, 289, 1209, 286, 1, 3, 1.2490457723982544, 3.1622776601683795
89, 98, 1256, 280, 1254, 278, 2, 2, 0.7853981633974483, 2.8284271247461903
89, 99, 113, 68, 110, 69, 3, -1, -0.3217505543966422, 3.1622776601683795
89, 102, 1124, 246, 1126, 249, -2, -3, -2.158798930342464, 3.605551275463989
89, 103, 408, 354, 411, 353, -3, 1, 2.819842099193151, 3.1622776601683795
89, 105, 683, 182, 685, 180, -2, 2, 2.356194490192345, 2.8284271247461903
89, 106, 418, 360, 420, 360, -2, 0, 3.141592653589793, 2.0
89, 107, 1149, 474, 1148, 470, 1, 4, 1.3258176636680326, 4.123105625617661
89, 108, 44, 461, 43, 465, 1, -4, -1.3258176636680326, 4.123105625617661
89, 109, 179, 692, 178, 688, 1, 4, 1.3258176636680326, 4.123105625617661
89, 110, 1144, 109, 1143, 108, 1, 1, 0.7853981633974483, 1.4142135623730951
89, 111, 690, 519, 691, 525, -1, -6, -1.7359450042095235, 6.082762530298219
89, 113, 1258, 191, 1258, 189, 0, 2, 1.5707963267948966, 2.0
89, 114, 731, 636, 733, 634, -2, 2, 2.356194490192345, 2.8284271247461903
89, 115, 823, 660, 824, 665, -1, -5, -1.7681918866447774, 5.0990195135927845
89, 116, 1104, 293, 1107, 297, -3, -4, -2.214297435588181, 5.0
89, 119, 16, 369, 16, 367, 0, 2, 1.5707963267948966, 2.0
89, 120, 398, 305, 399, 303, -1, 2, 2.0344439357957027, 2.23606797749979
89, 121, 471, 193, 472, 198, -1, -5, -1.7681918866447774, 5.0990195135927845
89, 122, 115, 80, 112, 81, 3, -1, -0.3217505543966422, 3.1622776601683795
89, 123, 1099, 618, 1097, 613, 2, 5, 1.1902899496825317, 5.385164807134504
89, 124, 607, 287, 607, 285, 0, 2, 1.5707963267948966, 2.0
89, 126, 1208, 171, 1208, 167, 0, 4, 1.5707963267948966, 4.0
89, 127, 96, 532, 96, 529, 0, 3, 1.5707963267948966, 3.0
89, 128, 508, 651, 505, 655, 3, -4, -0.9272952180016122, 5.0
89, 130, 694, 495, 694, 500, 0, -5, -1.5707963267948966, 5.0
89, 131, 892, 44, 894, 44, -2, 0, 3.141592653589793, 2.0
89, 134, 1216, 204, 1216, 200, 0, 4, 1.5707963267948966, 4.0
89, 136, 722, 569, 725, 565, -3, 4, 2.214297435588181, 5.0
89, 137, 1121, 261, 1123, 265, -2, -4, -2.0344439357957027, 4.47213595499958
89, 138, 747, 19, 744, 19, 3, 0, 0.0, 3.0
89, 141, 1137, 268, 1140, 270, -3, -2, -2.5535900500422257, 3.605551275463989
89, 144, 1204, 165, 1204, 161, 0, 4, 1.5707963267948966, 4.0
89, 145, 317, 18, 316, 19, 1, -1, -0.7853981633974483, 1.4142135623730951
89, 146, 1132, 246, 1134, 249, -2, -3, -2.158798930342464, 3.605551275463989
89, 147, 688, 509, 688, 514, 0, -5, -1.5707963267948966, 5.0
89, 148, 1098, 502, 1096, 500, 2, 2, 0.7853981633974483, 2.8284271247461903
89, 149, 482, 102, 482, 108, 0, -6, -1.5707963267948966, 6.0
89, 150, 738, 649, 742, 648, -4, 1, 2.896613990462929, 4.123105625617661
89, 151, 1256, 245, 1255, 241, 1, 4, 1.3258176636680326, 4.123105625617661
89, 153, 691, 608, 693, 612, -2, -4, -2.0344439357957027, 4.47213595499958
89, 154, 1216, 279, 1215, 275, 1, 4, 1.3258176636680326, 4.123105625617661
89, 155, 841, 637, 842, 641, -1, -4, -1.8157749899217608, 4.123105625617661
89, 157, 1146, 461, 1145, 458, 1, 3, 1.2490457723982544, 3.1622776601683795
89, 158, 126, 76, 123, 77, 3, -1, -0.3217505543966422, 3.1622776601683795
89, 160, 657, 53, 656, 55, 1, -2, -1.1071487177940904, 2.23606797749979
89, 161, 125, 62, 122, 63, 3, -1, -0.3217505543966422, 3.1622776601683795
89, 164, 381, 366, 383, 363, -2, 3, 2.158798930342464, 3.605551275463989
89, 165, 741, 401, 742, 405, -1, -4, -1.8157749899217608, 4.123105625617661
89, 167, 496, 673, 497, 679, -1, -6, -1.7359450042095235, 6.082762530298219
89, 168, 717, 449, 717, 455, 0, -6, -1.5707963267948966, 6.0
89, 169, 36, 455, 34, 456, 2, -1, -0.4636476090008061, 2.23606797749979
89, 170, 126, 644, 129, 642, -3, 2, 2.5535900500422257, 3.605551275463989
89, 172, 681, 503, 681, 508, 0, -5, -1.5707963267948966, 5.0
89, 173, 52, 416, 50, 414, 2, 2, 0.7853981633974483, 2.8284271247461903
89, 176, 795, 627, 794, 630, 1, -3, -1.2490457723982544, 3.1622776601683795
89, 177, 327, 15, 326, 16, 1, -1, -0.7853981633974483, 1.4142135623730951
89, 180, 1261, 265, 1261, 262, 0, 3, 1.5707963267948966, 3.0
90, 0, 91, 551, 91, 548, 0, 3, 1.5707963267948966, 3.0
90, 1, 708, 399, 709, 401, -1, -2, -2.0344439357957027, 2.23606797749979
90, 3, 798, 624, 797, 627, 1, -3, -1.2490457723982544, 3.1622776601683795
90, 4, 1105, 512, 1103, 510, 2, 2, 0.7853981633974483, 2.8284271247461903
90, 7, 484, 635, 484, 639, 0, -4, -1.5707963267948966, 4.0
90, 8, 829, 595, 829, 600, 0, -5, -1.5707963267948966, 5.0
90, 9, 741, 579, 744, 576, -3, 3, 2.356194490192345, 4.242640687119285
90, 10, 1108, 292, 1111, 295, -3, -3, -2.356194490192345, 4.242640687119285
90, 11, 805, 29, 807, 30, -2, -1, -2.677945044588987, 2.23606797749979
90, 12, 814, 596, 814, 600, 0, -4, -1.5707963267948966, 4.0
90, 13, 621, 42, 621, 40, 0, 2, 1.5707963267948966, 2.0
90, 14, 829, 29, 831, 29, -2, 0, 3.141592653589793, 2.0
90, 15, 506, 669, 509, 675, -3, -6, -2.0344439357957027, 6.708203932499369
90, 16, 1240, 239, 1239, 236, 1, 3, 1.2490457723982544, 3.1622776601683795
90, 18, 84, 618, 86, 614, -2, 4, 2.0344439357957027, 4.47213595499958
90, 19, 495, 140, 498, 143, -3, -3, -2.356194490192345, 4.242640687119285
90, 20, 1147, 315, 1147, 317, 0, -2, -1.5707963267948966, 2.0
90, 21, 1261, 168, 1262, 166, -1, 2, 2.0344439357957027, 2.23606797749979
90, 23, 1135, 268, 1138, 270, -3, -2, -2.5535900500422257, 3.605551275463989
90, 24, 178, 23, 179, 22, -1, 1, 2.356194490192345, 1.4142135623730951
90, 26, 1115, 475, 1115, 472, 0, 3, 1.5707963267948966, 3.0
90, 27, 698, 516, 699, 521, -1, -5, -1.7681918866447774, 5.0990195135927845
90, 28, 782, 47, 783, 49, -1, -2, -2.0344439357957027, 2.23606797749979
90, 29, 469, 634, 469, 639, 0, -5, -1.5707963267948966, 5.0
90, 32, 146, 609, 147, 604, -1, 5, 1.7681918866447774, 5.0990195135927845
90, 33, 1255, 164, 1256, 162, -1, 2, 2.0344439357957027, 2.23606797749979
90, 37, 680, 516, 681, 521, -1, -5, -1.7681918866447774, 5.0990195135927845
90, 38, 829, 14, 831, 14, -2, 0, 3.141592653589793, 2.0
90, 39, 672, 240, 673, 239, -1, 1, 2.356194490192345, 1.4142135623730951
90, 40, 722, 579, 725, 575, -3, 4, 2.214297435588181, 5.0
90, 42, 116, 37, 112, 38, 4, -1, -0.24497866312686414, 4.123105625617661
90, 43, 504, 148, 507, 151, -3, -3, -2.356194490192345, 4.242640687119285
90, 44, 20, 375, 20, 373, 0, 2, 1.5707963267948966, 2.0
90, 45, 762, 130, 762, 127, 0, 3, 1.5707963267948966, 3.0
90, 46, 492, 701, 493, 708, -1, -7, -1.7126933813990606, 7.0710678118654755
90, 47, 656, 16, 655, 19, 1, -3, -1.2490457723982544, 3.1622776601683795
90, 48, 471, 213, 472, 218, -1, -5, -1.7681918866447774, 5.0990195135927845
90, 49, 1208, 209, 1208, 205, 0, 4, 1.5707963267948966, 4.0
90, 51, 846, 27, 848, 28, -2, -1, -2.677945044588987, 2.23606797749979
90, 53, 755, 123, 755, 120, 0, 3, 1.5707963267948966, 3.0
90, 55, 102, 611, 103, 607, -1, 4, 1.8157749899217608, 4.123105625617661
90, 56, 136, 597, 137, 593, -1, 4, 1.8157749899217608, 4.123105625617661
90, 57, 401, 304, 402, 302, -1, 2, 2.0344439357957027, 2.23606797749979
90, 58, 684, 171, 685, 170, -1, 1, 2.356194490192345, 1.4142135623730951
90, 59, 739, 362, 740, 366, -1, -4, -1.8157749899217608, 4.123105625617661
90, 61, 691, 187, 692, 186, -1, 1, 2.356194490192345, 1.4142135623730951
90, 62, 447, 688, 446, 693, 1, -5, -1.373400766945016, 5.0990195135927845
90, 65, 114, 82, 111, 83, 3, -1, -0.3217505543966422, 3.1622776601683795
90, 66, 1223, 273, 1222, 269, 1, 4, 1.3258176636680326, 4.123105625617661
90, 74, 126, 80, 123, 81, 3, -1, -0.3217505543966422, 3.1622776601683795
90, 76, 637, 336, 638, 333, -1, 3, 1.892546881191539, 3.1622776601683795
90, 79, 380, 349, 382, 346, -2, 3, 2.158798930342464, 3.605551275463989
90, 80, 800, 183, 800, 187, 0, -4, -1.5707963267948966, 4.0
90, 82, 628, 237, 628, 233, 0, 4, 1.5707963267948966, 4.0
90, 84, 497, 665, 498, 671, -1, -6, -1.7359450042095235, 6.082762530298219
90, 88, 484, 210, 485, 215, -1, -5, -1.7681918866447774, 5.0990195135927845
90, 90, 391, 239, 391, 237, 0, 2, 1.5707963267948966, 2.0
90, 91, 813, 23, 815, 23, -2, 0, 3.141592653589793, 2.0
90, 92, 665, 50, 665, 52, 0, -2, -1.5707963267948966, 2.0
90, 96, 751, 130, 751, 127, 0, 3, 1.5707963267948966, 3.0
90, 97, 1165, 624, 1162, 623, 3, 1, 0.3217505543966422, 3.1622776601683795
90, 98, 736, 570, 739, 566, -3, 4, 2.214297435588181, 5.0
90, 99, 514, 228, 515, 231, -1, -3, -1.892546881191539, 3.1622776601683795
90, 100, 807, 192, 807, 196, 0, -4, -1.5707963267948966, 4.0
90, 101, 822, 28, 824, 28, -2, 0, 3.141592653589793, 2.0
90, 102, 810, 230, 810, 233, 0, -3, -1.5707963267948966, 3.0
90, 103, 114, 100, 112, 100, 2, 0, 0.0, 2.0
90, 104, 115, 47, 111, 48, 4, -1, -0.24497866312686414, 4.123105625617661
90, 105, 1123, 267, 1126, 270, -3, -3, -2.356194490192345, 4.242640687119285
90, 106, 726, 570, 729, 566, -3, 4, 2.214297435588181, 5.0
90, 107, 1198, 257, 1197, 255, 1, 2, 1.1071487177940904, 2.23606797749979
90, 110, 762, 197, 762, 195, 0, 2, 1.5707963267948966, 2.0
90, 112, 1108, 542, 1106, 541, 2, 1, 0.4636476090008061, 2.23606797749979
90, 115, 494, 151, 496, 154, -2, -3, -2.158798930342464, 3.605551275463989
90, 116, 180, 692, 179, 688, 1, 4, 1.3258176636680326, 4.123105625617661
90, 117, 493, 303, 492, 308, 1, -5, -1.373400766945016, 5.0990195135927845
90, 118, 1152, 481, 1150, 478, 2, 3, 0.982793723247329, 3.605551275463989
90, 123, 692, 525, 693, 530, -1, -5, -1.7681918866447774, 5.0990195135927845
90, 127, 395, 308, 396, 306, -1, 2, 2.0344439357957027, 2.23606797749979
90, 130, 1103, 622, 1101, 617, 2, 5, 1.1902899496825317, 5.385164807134504
90, 131, 114, 71, 111, 72, 3, -1, -0.3217505543966422, 3.1622776601683795
90, 132, 1129, 251, 1131, 254, -2, -3, -2.158798930342464, 3.605551275463989
90, 134, 767, 160, 767, 158, 0, 2, 1.5707963267948966, 2.0
90, 135, 477, 200, 478, 204, -1, -4, -1.8157749899217608, 4.123105625617661
90, 136, 1261, 261, 1269, 259, -8, 2, 2.896613990462929, 8.246211251235321
90, 137, 130, 65, 127, 66, 3, -1, -0.3217505543966422, 3.1622776601683795
90, 139, 671, 549, 672, 553, -1, -4, -1.8157749899217608, 4.123105625617661
90, 141, 403, 318, 404, 315, -1, 3, 1.892546881191539, 3.1622776601683795
90, 142, 384, 365, 386, 362, -2, 3, 2.158798930342464, 3.605551275463989
90, 145, 801, 603, 802, 606, -1, -3, -1.892546881191539, 3.1622776601683795
90, 147, 846, 630, 847, 634, -1, -4, -1.8157749899217608, 4.123105625617661
90, 148, 688, 250, 689, 249, -1, 1, 2.356194490192345, 1.4142135623730951
90, 149, 1098, 518, 1097, 515, 1, 3, 1.2490457723982544, 3.1622776601683795
90, 150, 1128, 588, 1126, 585, 2, 3, 0.982793723247329, 3.605551275463989
90, 151, 1136, 307, 1137, 310, -1, -3, -1.892546881191539, 3.1622776601683795
90, 152, 1208, 170, 1208, 166, 0, 4, 1.5707963267948966, 4.0
90, 153, 713, 620, 716, 618, -3, 2, 2.5535900500422257, 3.605551275463989
90, 154, 713, 602, 716, 598, -3, 4, 2.214297435588181, 5.0
90, 156, 697, 497, 697, 502, 0, -5, -1.5707963267948966, 5.0
90, 159, 343, 11, 342, 12, 1, -1, -0.7853981633974483, 1.4142135623730951
90, 163, 690, 511, 691, 516, -1, -5, -1.7681918866447774, 5.0990195135927845
90, 166, 418, 271, 418, 269, 0, 2, 1.5707963267948966, 2.0
90, 167, 392, 319, 394, 315, -2, 4, 2.0344439357957027, 4.47213595499958
90, 170, 492, 178, 494, 181, -2, -3, -2.158798930342464, 3.605551275463989
90, 171, 801, 652, 800, 655, 1, -3, -1.2490457723982544, 3.1622776601683795
90, 173, 94, 616, 95, 613, -1, 3, 1.892546881191539, 3.1622776601683795
90, 174, 1129, 701, 1130, 704, -1, -3, -1.892546881191539, 3.1622776601683795
90, 176, 888, 58, 889, 57, -1, 1, 2.356194490192345, 1.4142135623730951
90, 177, 1138, 287, 1140, 291, -2, -4, -2.0344439357957027, 4.47213595499958
90, 178, 820, 686, 819, 687, 1, -1, -0.7853981633974483, 1.4142135623730951
90, 181, 439, 701, 437, 717, 2, -16, -1.446441332248135, 16.1245154965971
90, 182, 495, 243, 496, 247, -1, -4, -1.8157749899217608, 4.123105625617661
90, 183, 1139, 111, 1137, 109, 2, 2, 0.7853981633974483, 2.8284271247461903
90, 186, 1128, 313, 1131, 316, -3, -3, -2.356194490192345, 4.242640687119285
90, 187, 319, 17, 317, 18, 2, -1, -0.4636476090008061, 2.23606797749979
90, 188, 1258, 202, 1258, 200, 0, 2, 1.5707963267948966, 2.0
90, 191, 817, 652, 818, 658, -1, -6, -1.7359450042095235, 6.082762530298219
90, 192, 1149, 150, 1149, 148, 0, 2, 1.5707963267948966, 2.0
90, 193, 686, 178, 687, 177, -1, 1, 2.356194490192345, 1.4142135623730951
90, 194, 682, 505, 683, 510, -1, -5, -1.7681918866447774, 5.0990195135927845
90, 195, 757, 647, 757, 644, 0, 3, 1.5707963267948966, 3.0
90, 196, 894, 46, 896, 46, -2, 0, 3.141592653589793, 2.0
90, 197, 815, 206, 815, 210, 0, -4, -1.5707963267948966, 4.0
90, 198, 119, 662, 120, 657, -1, 5, 1.7681918866447774, 5.0990195135927845
90, 199, 799, 39, 801, 39, -2, 0, 3.141592653589793, 2.0
90, 201, 111, 616, 115, 614, -4, 2, 2.677945044588987, 4.47213595499958
90, 202, 797, 48, 800, 48, -3, 0, 3.141592653589793, 3.0
90, 203, 1255, 243, 1254, 239, 1, 4, 1.3258176636680326, 4.123105625617661
90, 204, 1261, 286, 1268, 284, -7, 2, 2.8632929945846817, 7.280109889280518
90, 206, 414, 362, 416, 361, -2, 1, 2.677945044588987, 2.23606797749979
90, 207, 788, 228, 788, 232, 0, -4, -1.5707963267948966, 4.0
90, 208, 1227, 338, 1224, 335, 3, 3, 0.7853981633974483, 4.242640687119285
90, 209, 676, 182, 677, 181, -1, 1, 2.356194490192345, 1.4142135623730951
90, 210, 610, 289, 610, 287, 0, 2, 1.5707963267948966, 2.0
90, 211, 1100, 535, 1098, 534, 2, 1, 0.4636476090008061, 2.23606797749979
90, 213, 793, 264, 794, 268, -1, -4, -1.8157749899217608, 4.123105625617661
90, 214, 1206, 162, 1206, 159, 0, 3, 1.5707963267948966, 3.0
90, 217, 767, 145, 767, 142, 0, 3, 1.5707963267948966, 3.0
90, 218, 1136, 252, 1138, 255, -2, -3, -2.158798930342464, 3.605551275463989
90, 219, 628, 76, 628, 74, 0, 2, 1.5707963267948966, 2.0
90, 220, 1149, 537, 1146, 536, 3, 1, 0.3217505543966422, 3.1622776601683795
90, 221, 715, 629, 717, 627, -2, 2, 2.356194490192345, 2.8284271247461903
90, 222, 1189, 216, 1190, 213, -1, 3, 1.892546881191539, 3.1622776601683795
90, 223, 131, 604, 133, 599, -2, 5, 1.9513027039072615, 5.385164807134504
90, 224, 110, 548, 112, 546, -2, 2, 2.356194490192345, 2.8284271247461903
90, 225, 104, 540, 106, 537, -2, 3, 2.158798930342464, 3.605551275463989
90, 227, 720, 636, 722, 633, -2, 3, 2.158798930342464, 3.605551275463989
90, 228, 685, 602, 687, 605, -2, -3, -2.158798930342464, 3.605551275463989
90, 229, 1215, 276, 1214, 272, 1, 4, 1.3258176636680326, 4.123105625617661
90, 230, 454, 644, 454, 649, 0, -5, -1.5707963267948966, 5.0
90, 231, 176, 46, 177, 45, -1, 1, 2.356194490192345, 1.4142135623730951
91, 0, 90, 555, 91, 551, -1, 4, 1.8157749899217608, 4.123105625617661
91, 1, 707, 397, 708, 399, -1, -2, -2.0344439357957027, 2.23606797749979
91, 3, 799, 623, 798, 624, 1, -1, -0.7853981633974483, 1.4142135623730951
91, 4, 1107, 515, 1105, 512, 2, 3, 0.982793723247329, 3.605551275463989
91, 7, 484, 631, 484, 635, 0, -4, -1.5707963267948966, 4.0
91, 8, 829, 590, 829, 595, 0, -5, -1.5707963267948966, 5.0
91, 9, 738, 582, 741, 579, -3, 3, 2.356194490192345, 4.242640687119285
91, 10, 1105, 289, 1108, 292, -3, -3, -2.356194490192345, 4.242640687119285
91, 11, 803, 28, 805, 29, -2, -1, -2.677945044588987, 2.23606797749979
91, 12, 814, 592, 814, 596, 0, -4, -1.5707963267948966, 4.0
91, 14, 827, 29, 829, 29, -2, 0, 3.141592653589793, 2.0
91, 15, 505, 664, 506, 669, -1, -5, -1.7681918866447774, 5.0990195135927845
91, 16, 1241, 242, 1240, 239, 1, 3, 1.2490457723982544, 3.1622776601683795
91, 18, 82, 621, 84, 618, -2, 3, 2.158798930342464, 3.605551275463989
91, 19, 493, 137, 495, 140, -2, -3, -2.158798930342464, 3.605551275463989
91, 20, 1146, 313, 1147, 315, -1, -2, -2.0344439357957027, 2.23606797749979
91, 21, 1260, 171, 1261, 168, -1, 3, 1.892546881191539, 3.1622776601683795
91, 23, 1133, 265, 1135, 268, -2, -3, -2.158798930342464, 3.605551275463989
91, 24, 177, 24, 178, 23, -1, 1, 2.356194490192345, 1.4142135623730951
91, 26, 1116, 478, 1115, 475, 1, 3, 1.2490457723982544, 3.1622776601683795
91, 27, 697, 511, 698, 516, -1, -5, -1.7681918866447774, 5.0990195135927845
91, 28, 781, 45, 782, 47, -1, -2, -2.0344439357957027, 2.23606797749979
91, 29, 469, 629, 469, 634, 0, -5, -1.5707963267948966, 5.0
91, 32, 144, 614, 146, 609, -2, 5, 1.9513027039072615, 5.385164807134504
91, 33, 1254, 166, 1255, 164, -1, 2, 2.0344439357957027, 2.23606797749979
91, 36, 679, 511, 680, 516, -1, -5, -1.7681918866447774, 5.0990195135927845
91, 37, 827, 13, 829, 14, -2, -1, -2.677945044588987, 2.23606797749979
91, 38, 671, 241, 672, 240, -1, 1, 2.356194490192345, 1.4142135623730951
91, 39, 719, 583, 722, 579, -3, 4, 2.214297435588181, 5.0
91, 41, 119, 36, 116, 37, 3, -1, -0.3217505543966422, 3.1622776601683795
91, 42, 502, 145, 504, 148, -2, -3, -2.158798930342464, 3.605551275463989
91, 43, 21, 377, 20, 375, 1, 2, 1.1071487177940904, 2.23606797749979
91, 44, 762, 133, 762, 130, 0, 3, 1.5707963267948966, 3.0
91, 45, 492, 696, 492, 701, 0, -5, -1.5707963267948966, 5.0
91, 46, 657, 13, 656, 16, 1, -3, -1.2490457723982544, 3.1622776601683795
91, 47, 470, 208, 471, 213, -1, -5, -1.7681918866447774, 5.0990195135927845
91, 48, 1209, 212, 1208, 209, 1, 3, 1.2490457723982544, 3.1622776601683795
91, 50, 844, 26, 846, 27, -2, -1, -2.677945044588987, 2.23606797749979
91, 51, 1119, 55, 1118, 54, 1, 1, 0.7853981633974483, 1.4142135623730951
91, 52, 755, 126, 755, 123, 0, 3, 1.5707963267948966, 3.0
91, 54, 101, 615, 102, 611, -1, 4, 1.8157749899217608, 4.123105625617661
91, 55, 135, 602, 136, 597, -1, 5, 1.7681918866447774, 5.0990195135927845
91, 56, 400, 306, 401, 304, -1, 2, 2.0344439357957027, 2.23606797749979
91, 57, 683, 172, 684, 171, -1, 1, 2.356194490192345, 1.4142135623730951
91, 58, 738, 358, 739, 362, -1, -4, -1.8157749899217608, 4.123105625617661
91, 60, 690, 188, 691, 187, -1, 1, 2.356194490192345, 1.4142135623730951
91, 61, 448, 683, 447, 688, 1, -5, -1.373400766945016, 5.0990195135927845
91, 63, 118, 82, 114, 82, 4, 0, 0.0, 4.0
91, 64, 1224, 277, 1223, 273, 1, 4, 1.3258176636680326, 4.123105625617661
91, 67, 1132, 47, 1131, 46, 1, 1, 0.7853981633974483, 1.4142135623730951
91, 70, 130, 80, 126, 80, 4, 0, 0.0, 4.0
91, 72, 635, 339, 637, 336, -2, 3, 2.158798930342464, 3.605551275463989
91, 73, 1160, 41, 1159, 40, 1, 1, 0.7853981633974483, 1.4142135623730951
91, 75, 378, 352, 380, 349, -2, 3, 2.158798930342464, 3.605551275463989
91, 76, 800, 179, 800, 183, 0, -4, -1.5707963267948966, 4.0
91, 78, 628, 241, 628, 237, 0, 4, 1.5707963267948966, 4.0
91, 80, 497, 660, 497, 665, 0, -5, -1.5707963267948966, 5.0
91, 84, 483, 205, 484, 210, -1, -5, -1.7681918866447774, 5.0990195135927845
91, 86, 390, 240, 391, 239, -1, 1, 2.356194490192345, 1.4142135623730951
91, 87, 811, 22, 813, 23, -2, -1, -2.677945044588987, 2.23606797749979
91, 88, 666, 48, 665, 50, 1, -2, -1.1071487177940904, 2.23606797749979
91, 91, 751, 133, 751, 130, 0, 3, 1.5707963267948966, 3.0
91, 92, 1167, 626, 1165, 624, 2, 2, 0.7853981633974483, 2.8284271247461903
91, 93, 733, 573, 736, 570, -3, 3, 2.356194490192345, 4.242640687119285
91, 94, 513, 225, 514, 228, -1, -3, -1.892546881191539, 3.1622776601683795
91, 95, 807, 188, 807, 192, 0, -4, -1.5707963267948966, 4.0
91, 96, 820, 28, 822, 28, -2, 0, 3.141592653589793, 2.0
91, 97, 810, 227, 810, 230, 0, -3, -1.5707963267948966, 3.0
91, 98, 116, 100, 114, 100, 2, 0, 0.0, 2.0
91, 99, 119, 45, 115, 47, 4, -2, -0.4636476090008061, 4.47213595499958
91, 100, 1121, 264, 1123, 267, -2, -3, -2.158798930342464, 3.605551275463989
91, 101, 723, 573, 726, 570, -3, 3, 2.356194490192345, 4.242640687119285
91, 102, 1197, 260, 1198, 257, -1, 3, 1.892546881191539, 3.1622776601683795
91, 104, 762, 199, 762, 197, 0, 2, 1.5707963267948966, 2.0
91, 105, 1109, 543, 1108, 542, 1, 1, 0.7853981633974483, 1.4142135623730951
91, 107, 492, 148, 494, 151, -2, -3, -2.158798930342464, 3.605551275463989
91, 108, 181, 696, 180, 692, 1, 4, 1.3258176636680326, 4.123105625617661
91, 109, 493, 300, 493, 303, 0, -3, -1.5707963267948966, 3.0
91, 110, 1154, 484, 1152, 481, 2, 3, 0.982793723247329, 3.605551275463989
91, 114, 691, 520, 692, 525, -1, -5, -1.7681918866447774, 5.0990195135927845
91, 118, 393, 310, 395, 308, -2, 2, 2.356194490192345, 2.8284271247461903
91, 121, 1105, 627, 1103, 622, 2, 5, 1.1902899496825317, 5.385164807134504
91, 122, 117, 70, 114, 71, 3, -1, -0.3217505543966422, 3.1622776601683795
91, 123, 1127, 248, 1129, 251, -2, -3, -2.158798930342464, 3.605551275463989
91, 125, 767, 163, 767, 160, 0, 3, 1.5707963267948966, 3.0
91, 126, 476, 195, 477, 200, -1, -5, -1.7681918866447774, 5.0990195135927845
91, 128, 133, 65, 130, 65, 3, 0, 0.0, 3.0
91, 130, 670, 547, 671, 549, -1, -2, -2.0344439357957027, 2.23606797749979
91, 132, 402, 320, 403, 318, -1, 2, 2.0344439357957027, 2.23606797749979
91, 133, 382, 368, 384, 365, -2, 3, 2.158798930342464, 3.605551275463989
91, 135, 799, 599, 801, 603, -2, -4, -2.0344439357957027, 4.47213595499958
91, 137, 845, 626, 846, 630, -1, -4, -1.8157749899217608, 4.123105625617661
91, 138, 687, 253, 688, 250, -1, 3, 1.892546881191539, 3.1622776601683795
91, 139, 1100, 521, 1098, 518, 2, 3, 0.982793723247329, 3.605551275463989
91, 140, 1128, 592, 1128, 588, 0, 4, 1.5707963267948966, 4.0
91, 141, 1134, 304, 1136, 307, -2, -3, -2.158798930342464, 3.605551275463989
91, 142, 1208, 174, 1208, 170, 0, 4, 1.5707963267948966, 4.0
91, 143, 710, 622, 713, 620, -3, 2, 2.5535900500422257, 3.605551275463989
91, 144, 710, 605, 713, 602, -3, 3, 2.356194490192345, 4.242640687119285
91, 146, 697, 493, 697, 497, 0, -4, -1.5707963267948966, 4.0
91, 151, 690, 506, 690, 511, 0, -5, -1.5707963267948966, 5.0
91, 154, 418, 273, 418, 271, 0, 2, 1.5707963267948966, 2.0
91, 155, 390, 322, 392, 319, -2, 3, 2.158798930342464, 3.605551275463989
91, 158, 490, 174, 492, 178, -2, -4, -2.0344439357957027, 4.47213595499958
91, 159, 802, 649, 801, 652, 1, -3, -1.2490457723982544, 3.1622776601683795
91, 161, 94, 619, 94, 616, 0, 3, 1.5707963267948966, 3.0
91, 165, 1136, 284, 1138, 287, -2, -3, -2.158798930342464, 3.605551275463989
91, 166, 821, 685, 820, 686, 1, -1, -0.7853981633974483, 1.4142135623730951
91, 169, 440, 697, 439, 701, 1, -4, -1.3258176636680326, 4.123105625617661
91, 170, 494, 239, 495, 243, -1, -4, -1.8157749899217608, 4.123105625617661
91, 171, 1142, 113, 1139, 111, 3, 2, 0.5880026035475675, 3.605551275463989
91, 173, 1125, 310, 1128, 313, -3, -3, -2.356194490192345, 4.242640687119285
91, 174, 321, 16, 319, 17, 2, -1, -0.4636476090008061, 2.23606797749979
91, 175, 1259, 204, 1258, 202, 1, 2, 1.1071487177940904, 2.23606797749979
91, 177, 816, 647, 817, 652, -1, -5, -1.7681918866447774, 5.0990195135927845
91, 178, 1150, 151, 1149, 150, 1, 1, 0.7853981633974483, 1.4142135623730951
91, 179, 685, 179, 686, 178, -1, 1, 2.356194490192345, 1.4142135623730951
91, 180, 682, 500, 682, 505, 0, -5, -1.5707963267948966, 5.0
91, 181, 757, 651, 757, 647, 0, 4, 1.5707963267948966, 4.0
91, 182, 892, 46, 894, 46, -2, 0, 3.141592653589793, 2.0
91, 183, 815, 202, 815, 206, 0, -4, -1.5707963267948966, 4.0
91, 184, 119, 666, 119, 662, 0, 4, 1.5707963267948966, 4.0
91, 185, 797, 39, 799, 39, -2, 0, 3.141592653589793, 2.0
91, 187, 109, 620, 111, 616, -2, 4, 2.0344439357957027, 4.47213595499958
91, 188, 795, 48, 797, 48, -2, 0, 3.141592653589793, 2.0
91, 189, 1256, 246, 1255, 243, 1, 3, 1.2490457723982544, 3.1622776601683795
91, 190, 1261, 290, 1261, 286, 0, 4, 1.5707963267948966, 4.0
91, 192, 412, 364, 414, 362, -2, 2, 2.356194490192345, 2.8284271247461903
91, 193, 788, 226, 788, 228, 0, -2, -1.5707963267948966, 2.0
91, 194, 1228, 341, 1227, 338, 1, 3, 1.2490457723982544, 3.1622776601683795
91, 195, 675, 183, 676, 182, -1, 1, 2.356194490192345, 1.4142135623730951
91, 196, 609, 291, 610, 289, -1, 2, 2.0344439357957027, 2.23606797749979
91, 197, 1102, 536, 1100, 535, 2, 1, 0.4636476090008061, 2.23606797749979
91, 199, 792, 260, 793, 264, -1, -4, -1.8157749899217608, 4.123105625617661
91, 200, 1206, 166, 1206, 162, 0, 4, 1.5707963267948966, 4.0
91, 202, 767, 148, 767, 145, 0, 3, 1.5707963267948966, 3.0
91, 203, 1134, 249, 1136, 252, -2, -3, -2.158798930342464, 3.605551275463989
91, 205, 1152, 539, 1149, 537, 3, 2, 0.5880026035475675, 3.605551275463989
91, 206, 712, 631, 715, 629, -3, 2, 2.5535900500422257, 3.605551275463989
91, 207, 1189, 219, 1189, 216, 0, 3, 1.5707963267948966, 3.0
91, 208, 130, 608, 131, 604, -1, 4, 1.8157749899217608, 4.123105625617661
91, 209, 108, 551, 110, 548, -2, 3, 2.158798930342464, 3.605551275463989
91, 210, 102, 543, 104, 540, -2, 3, 2.158798930342464, 3.605551275463989
91, 212, 717, 639, 720, 636, -3, 3, 2.356194490192345, 4.242640687119285
91, 213, 1216, 280, 1215, 276, 1, 4, 1.3258176636680326, 4.123105625617661
91, 214, 454, 639, 454, 644, 0, -5, -1.5707963267948966, 5.0
91, 215, 175, 47, 176, 46, -1, 1, 2.356194490192345, 1.4142135623730951
92, 0, 90, 557, 90, 555, 0, 2, 1.5707963267948966, 2.0
92, 1, 706, 394, 707, 397, -1, -3, -1.892546881191539, 3.1622776601683795
92, 7, 485, 628, 484, 631, 1, -3, -1.2490457723982544, 3.1622776601683795
92, 8, 829, 587, 829, 590, 0, -3, -1.5707963267948966, 3.0
92, 9, 735, 585, 738, 582, -3, 3, 2.356194490192345, 4.242640687119285
92, 10, 1102, 286, 1105, 289, -3, -3, -2.356194490192345, 4.242640687119285
92, 11, 800, 27, 803, 28, -3, -1, -2.819842099193151, 3.1622776601683795
92, 12, 812, 589, 814, 592, -2, -3, -2.158798930342464, 3.605551275463989
92, 13, 621, 46, 621, 43, 0, 3, 1.5707963267948966, 3.0
92, 14, 824, 29, 827, 29, -3, 0, 3.141592653589793, 3.0
92, 15, 506, 658, 505, 664, 1, -6, -1.4056476493802699, 6.082762530298219
92, 16, 1243, 244, 1241, 242, 2, 2, 0.7853981633974483, 2.8284271247461903
92, 18, 79, 624, 82, 621, -3, 3, 2.356194490192345, 4.242640687119285
92, 19, 490, 132, 493, 137, -3, -5, -2.1112158270654806, 5.830951894845301
92, 20, 1142, 311, 1146, 313, -4, -2, -2.677945044588987, 4.47213595499958
92, 21, 1259, 174, 1260, 171, -1, 3, 1.892546881191539, 3.1622776601683795
92, 23, 1129, 261, 1133, 265, -4, -4, -2.356194490192345, 5.656854249492381
92, 24, 175, 27, 177, 24, -2, 3, 2.158798930342464, 3.605551275463989
92, 26, 1117, 482, 1116, 478, 1, 4, 1.3258176636680326, 4.123105625617661
92, 27, 695, 506, 697, 511, -2, -5, -1.9513027039072615, 5.385164807134504
92, 28, 779, 41, 781, 45, -2, -4, -2.0344439357957027, 4.47213595499958
92, 29, 468, 625, 469, 629, -1, -4, -1.8157749899217608, 4.123105625617661
92, 32, 141, 618, 144, 614, -3, 4, 2.214297435588181, 5.0
92, 33, 1253, 170, 1254, 166, -1, 4, 1.8157749899217608, 4.123105625617661
92, 36, 680, 507, 679, 511, 1, -4, -1.3258176636680326, 4.123105625617661
92, 37, 824, 12, 827, 13, -3, -1, -2.819842099193151, 3.1622776601683795
92, 38, 669, 244, 671, 241, -2, 3, 2.158798930342464, 3.605551275463989
92, 39, 718, 586, 719, 583, -1, 3, 1.892546881191539, 3.1622776601683795
92, 40, 1177, 84, 1177, 80, 0, 4, 1.5707963267948966, 4.0
92, 41, 123, 35, 119, 36, 4, -1, -0.24497866312686414, 4.123105625617661
92, 42, 500, 140, 502, 145, -2, -5, -1.9513027039072615, 5.385164807134504
92, 43, 23, 379, 21, 377, 2, 2, 0.7853981633974483, 2.8284271247461903
92, 44, 763, 137, 762, 133, 1, 4, 1.3258176636680326, 4.123105625617661
92, 45, 491, 694, 492, 696, -1, -2, -2.0344439357957027, 2.23606797749979
92, 46, 658, 10, 657, 13, 1, -3, -1.2490457723982544, 3.1622776601683795
92, 47, 469, 204, 470, 208, -1, -4, -1.8157749899217608, 4.123105625617661
92, 48, 1211, 215, 1209, 212, 2, 3, 0.982793723247329, 3.605551275463989
92, 50, 841, 25, 844, 26, -3, -1, -2.819842099193151, 3.1622776601683795
92, 51, 1121, 57, 1119, 55, 2, 2, 0.7853981633974483, 2.8284271247461903
92, 52, 756, 129, 755, 126, 1, 3, 1.2490457723982544, 3.1622776601683795
92, 53, 147, 93, 145, 93, 2, 0, 0.0, 2.0
92, 54, 101, 619, 101, 615, 0, 4, 1.5707963267948966, 4.0
92, 55, 134, 606, 135, 602, -1, 4, 1.8157749899217608, 4.123105625617661
92, 56, 398, 309, 400, 306, -2, 3, 2.158798930342464, 3.605551275463989
92, 57, 682, 174, 683, 172, -1, 2, 2.0344439357957027, 2.23606797749979
92, 58, 736, 353, 738, 358, -2, -5, -1.9513027039072615, 5.385164807134504
92, 60, 688, 191, 690, 188, -2, 3, 2.158798930342464, 3.605551275463989
92, 61, 449, 679, 448, 683, 1, -4, -1.3258176636680326, 4.123105625617661
92, 63, 121, 81, 118, 82, 3, -1, -0.3217505543966422, 3.1622776601683795
92, 64, 1226, 280, 1224, 277, 2, 3, 0.982793723247329, 3.605551275463989
92, 67, 1134, 49, 1132, 47, 2, 2, 0.7853981633974483, 2.8284271247461903
92, 70, 132, 79, 130, 80, 2, -1, -0.4636476090008061, 2.23606797749979
92, 71, 1164, 80, 1162, 78, 2, 2, 0.7853981633974483, 2.8284271247461903
92, 72, 631, 343, 635, 339, -4, 4, 2.356194490192345, 5.656854249492381
92, 73, 1162, 43, 1160, 41, 2, 2, 0.7853981633974483, 2.8284271247461903
92, 75, 375, 354, 378, 352, -3, 2, 2.5535900500422257, 3.605551275463989
92, 76, 800, 174, 800, 179, 0, -5, -1.5707963267948966, 5.0
92, 77, 628, 244, 628, 241, 0, 3, 1.5707963267948966, 3.0
92, 78, 1213, 306, 1212, 305, 1, 1, 0.7853981633974483, 1.4142135623730951
92, 79, 497, 654, 497, 660, 0, -6, -1.5707963267948966, 6.0
92, 80, 1127, 89, 1126, 87, 1, 2, 1.1071487177940904, 2.23606797749979
92, 82, 1172, 125, 1172, 121, 0, 4, 1.5707963267948966, 4.0
92, 83, 483, 200, 483, 205, 0, -5, -1.5707963267948966, 5.0
92, 85, 390, 243, 390, 240, 0, 3, 1.5707963267948966, 3.0
92, 86, 808, 21, 811, 22, -3, -1, -2.819842099193151, 3.1622776601683795
92, 90, 753, 136, 751, 133, 2, 3, 0.982793723247329, 3.605551275463989
92, 91, 1169, 631, 1167, 626, 2, 5, 1.1902899496825317, 5.385164807134504
92, 92, 730, 576, 733, 573, -3, 3, 2.356194490192345, 4.242640687119285
92, 93, 512, 222, 513, 225, -1, -3, -1.892546881191539, 3.1622776601683795
92, 94, 807, 184, 807, 188, 0, -4, -1.5707963267948966, 4.0
92, 95, 817, 28, 820, 28, -3, 0, 3.141592653589793, 3.0
92, 96, 810, 223, 810, 227, 0, -4, -1.5707963267948966, 4.0
92, 97, 119, 100, 116, 100, 3, 0, 0.0, 3.0
92, 98, 122, 45, 119, 45, 3, 0, 0.0, 3.0
92, 99, 1117, 261, 1121, 264, -4, -3, -2.498091544796509, 5.0
92, 100, 721, 576, 723, 573, -2, 3, 2.158798930342464, 3.605551275463989
92, 101, 1193, 262, 1197, 260, -4, 2, 2.677945044588987, 4.47213595499958
92, 103, 760, 201, 762, 199, -2, 2, 2.356194490192345, 2.8284271247461903
92, 104, 1112, 545, 1109, 543, 3, 2, 0.5880026035475675, 3.605551275463989
92, 106, 490, 144, 492, 148, -2, -4, -2.0344439357957027, 4.47213595499958
92, 107, 183, 699, 181, 696, 2, 3, 0.982793723247329, 3.605551275463989
92, 108, 493, 296, 493, 300, 0, -4, -1.5707963267948966, 4.0
92, 109, 1157, 486, 1154, 484, 3, 2, 0.5880026035475675, 3.605551275463989
92, 110, 157, 34, 158, 32, -1, 2, 2.0344439357957027, 2.23606797749979
92, 113, 690, 515, 691, 520, -1, -5, -1.7681918866447774, 5.0990195135927845
92, 115, 1178, 91, 1178, 87, 0, 4, 1.5707963267948966, 4.0
92, 117, 390, 313, 393, 310, -3, 3, 2.356194490192345, 4.242640687119285
92, 120, 1106, 631, 1105, 627, 1, 4, 1.3258176636680326, 4.123105625617661
92, 121, 120, 69, 117, 70, 3, -1, -0.3217505543966422, 3.1622776601683795
92, 122, 1124, 244, 1127, 248, -3, -4, -2.214297435588181, 5.0
92, 124, 767, 166, 767, 163, 0, 3, 1.5707963267948966, 3.0
92, 125, 476, 189, 476, 195, 0, -6, -1.5707963267948966, 6.0
92, 126, 1261, 264, 1261, 262, 0, 2, 1.5707963267948966, 2.0
92, 127, 136, 67, 133, 65, 3, 2, 0.5880026035475675, 3.605551275463989
92, 130, 400, 322, 402, 320, -2, 2, 2.356194490192345, 2.8284271247461903
92, 131, 380, 371, 382, 368, -2, 3, 2.158798930342464, 3.605551275463989
92, 133, 797, 595, 799, 599, -2, -4, -2.0344439357957027, 4.47213595499958
92, 135, 843, 623, 845, 626, -2, -3, -2.158798930342464, 3.605551275463989
92, 136, 686, 256, 687, 253, -1, 3, 1.892546881191539, 3.1622776601683795
92, 137, 1101, 522, 1100, 521, 1, 1, 0.7853981633974483, 1.4142135623730951
92, 138, 1128, 594, 1128, 592, 0, 2, 1.5707963267948966, 2.0
92, 139, 1129, 301, 1134, 304, -5, -3, -2.601173153319209, 5.830951894845301
92, 140, 1209, 177, 1208, 174, 1, 3, 1.2490457723982544, 3.1622776601683795
92, 141, 708, 624, 710, 622, -2, 2, 2.356194490192345, 2.8284271247461903
92, 142, 708, 608, 710, 605, -2, 3, 2.158798930342464, 3.605551275463989
92, 144, 696, 488, 697, 493, -1, -5, -1.7681918866447774, 5.0990195135927845
92, 148, 618, 81, 618, 77, 0, 4, 1.5707963267948966, 4.0
92, 149, 689, 501, 690, 506, -1, -5, -1.7681918866447774, 5.0990195135927845
92, 152, 418, 277, 418, 273, 0, 4, 1.5707963267948966, 4.0
92, 153, 387, 326, 390, 322, -3, 4, 2.214297435588181, 5.0
92, 156, 488, 170, 490, 174, -2, -4, -2.0344439357957027, 4.47213595499958
92, 157, 806, 648, 802, 649, 4, -1, -0.24497866312686414, 4.123105625617661
92, 159, 93, 623, 94, 619, -1, 4, 1.8157749899217608, 4.123105625617661
92, 162, 885, 59, 887, 58, -2, 1, 2.677945044588987, 2.23606797749979
92, 163, 1131, 282, 1136, 284, -5, -2, -2.761086276477428, 5.385164807134504
92, 164, 820, 683, 821, 685, -1, -2, -2.0344439357957027, 2.23606797749979
92, 167, 441, 693, 440, 697, 1, -4, -1.3258176636680326, 4.123105625617661
92, 168, 493, 235, 494, 239, -1, -4, -1.8157749899217608, 4.123105625617661
92, 171, 1121, 307, 1125, 310, -4, -3, -2.498091544796509, 5.0
92, 172, 322, 17, 321, 16, 1, 1, 0.7853981633974483, 1.4142135623730951
92, 173, 1261, 207, 1259, 204, 2, 3, 0.982793723247329, 3.605551275463989
92, 174, 1116, 88, 1116, 86, 0, 2, 1.5707963267948966, 2.0
92, 175, 816, 644, 816, 647, 0, -3, -1.5707963267948966, 3.0
92, 176, 1151, 152, 1150, 151, 1, 1, 0.7853981633974483, 1.4142135623730951
92, 177, 683, 181, 685, 179, -2, 2, 2.356194490192345, 2.8284271247461903
92, 178, 682, 495, 682, 500, 0, -5, -1.5707963267948966, 5.0
92, 179, 755, 654, 757, 651, -2, 3, 2.158798930342464, 3.605551275463989
92, 180, 889, 46, 892, 46, -3, 0, 3.141592653589793, 3.0
92, 181, 815, 198, 815, 202, 0, -4, -1.5707963267948966, 4.0
92, 183, 793, 39, 797, 39, -4, 0, 3.141592653589793, 4.0
92, 184, 1178, 114, 1178, 110, 0, 4, 1.5707963267948966, 4.0
92, 185, 106, 624, 109, 620, -3, 4, 2.214297435588181, 5.0
92, 186, 792, 47, 795, 48, -3, -1, -2.819842099193151, 3.1622776601683795
92, 187, 1258, 249, 1256, 246, 2, 3, 0.982793723247329, 3.605551275463989
92, 188, 1261, 288, 1261, 290, 0, -2, -1.5707963267948966, 2.0
92, 189, 612, 83, 612, 81, 0, 2, 1.5707963267948966, 2.0
92, 190, 411, 366, 412, 364, -1, 2, 2.0344439357957027, 2.23606797749979
92, 191, 788, 224, 788, 226, 0, -2, -1.5707963267948966, 2.0
92, 192, 1228, 344, 1228, 341, 0, 3, 1.5707963267948966, 3.0
92, 193, 673, 185, 675, 183, -2, 2, 2.356194490192345, 2.8284271247461903
92, 194, 609, 294, 609, 291, 0, 3, 1.5707963267948966, 3.0
92, 195, 1105, 540, 1102, 536, 3, 4, 0.9272952180016122, 5.0
92, 197, 791, 257, 792, 260, -1, -3, -1.892546881191539, 3.1622776601683795
92, 198, 1207, 169, 1206, 166, 1, 3, 1.2490457723982544, 3.1622776601683795
92, 199, 159, 46, 160, 45, -1, 1, 2.356194490192345, 1.4142135623730951
92, 200, 767, 152, 767, 148, 0, 4, 1.5707963267948966, 4.0
92, 201, 1130, 245, 1134, 249, -4, -4, -2.356194490192345, 5.656854249492381
92, 202, 628, 81, 628, 77, 0, 4, 1.5707963267948966, 4.0
92, 203, 1155, 539, 1152, 539, 3, 0, 0.0, 3.0
92, 204, 709, 631, 712, 631, -3, 0, 3.141592653589793, 3.0
92, 205, 1190, 222, 1189, 219, 1, 3, 1.2490457723982544, 3.1622776601683795
92, 206, 128, 612, 130, 608, -2, 4, 2.0344439357957027, 4.47213595499958
92, 207, 105, 553, 108, 551, -3, 2, 2.5535900500422257, 3.605551275463989
92, 208, 100, 546, 102, 543, -2, 3, 2.158798930342464, 3.605551275463989
92, 210, 714, 640, 717, 639, -3, 1, 2.819842099193151, 3.1622776601683795
92, 211, 1217, 283, 1216, 280, 1, 3, 1.2490457723982544, 3.1622776601683795
92, 212, 454, 634, 454, 639, 0, -5, -1.5707963267948966, 5.0
92, 213, 174, 48, 175, 47, -1, 1, 2.356194490192345, 1.4142135623730951
93, 0, 88, 561, 90, 557, -2, 4, 2.0344439357957027, 4.47213595499958
93, 1, 705, 392, 706, 394, -1, -2, -2.0344439357957027, 2.23606797749979
93, 3, 798, 624, 799, 623, -1, 1, 2.356194490192345, 1.4142135623730951
93, 4, 1110, 518, 1108, 515, 2, 3, 0.982793723247329, 3.605551275463989
93, 7, 485, 624, 485, 628, 0, -4, -1.5707963267948966, 4.0
93, 8, 828, 581, 829, 587, -1, -6, -1.7359450042095235, 6.082762530298219
93, 9, 732, 589, 735, 585, -3, 4, 2.214297435588181, 5.0
93, 10, 1099, 283, 1102, 286, -3, -3, -2.356194490192345, 4.242640687119285
93, 11, 798, 26, 800, 27, -2, -1, -2.677945044588987, 2.23606797749979
93, 12, 811, 585, 812, 589, -1, -4, -1.8157749899217608, 4.123105625617661
93, 15, 506, 653, 506, 658, 0, -5, -1.5707963267948966, 5.0
93, 16, 1245, 247, 1243, 244, 2, 3, 0.982793723247329, 3.605551275463989
93, 17, 78, 627, 79, 624, -1, 3, 1.892546881191539, 3.1622776601683795
93, 18, 489, 128, 490, 132, -1, -4, -1.8157749899217608, 4.123105625617661
93, 19, 1139, 309, 1142, 311, -3, -2, -2.5535900500422257, 3.605551275463989
93, 20, 1259, 176, 1259, 174, 0, 2, 1.5707963267948966, 2.0
93, 22, 1127, 258, 1129, 261, -2, -3, -2.158798930342464, 3.605551275463989
93, 23, 174, 28, 175, 27, -1, 1, 2.356194490192345, 1.4142135623730951
93, 25, 1118, 485, 1117, 482, 1, 3, 1.2490457723982544, 3.1622776601683795
93, 26, 695, 501, 695, 506, 0, -5, -1.5707963267948966, 5.0
93, 27, 777, 40, 779, 41, -2, -1, -2.677945044588987, 2.23606797749979
93, 28, 468, 620, 468, 625, 0, -5, -1.5707963267948966, 5.0
93, 31, 139, 622, 141, 618, -2, 4, 2.0344439357957027, 4.47213595499958
93, 32, 1253, 172, 1253, 170, 0, 2, 1.5707963267948966, 2.0
93, 35, 680, 502, 680, 507, 0, -5, -1.5707963267948966, 5.0
93, 36, 668, 245, 669, 244, -1, 1, 2.356194490192345, 1.4142135623730951
93, 37, 716, 590, 718, 586, -2, 4, 2.0344439357957027, 4.47213595499958
93, 39, 126, 33, 123, 35, 3, -2, -0.5880026035475675, 3.605551275463989
93, 40, 499, 136, 500, 140, -1, -4, -1.8157749899217608, 4.123105625617661
93, 41, 24, 380, 23, 379, 1, 1, 0.7853981633974483, 1.4142135623730951
93, 42, 764, 139, 763, 137, 1, 2, 1.1071487177940904, 2.23606797749979
93, 43, 491, 689, 491, 694, 0, -5, -1.5707963267948966, 5.0
93, 45, 469, 200, 469, 204, 0, -4, -1.5707963267948966, 4.0
93, 46, 1211, 218, 1211, 215, 0, 3, 1.5707963267948966, 3.0
93, 48, 1122, 58, 1121, 57, 1, 1, 0.7853981633974483, 1.4142135623730951
93, 49, 757, 131, 756, 129, 1, 2, 1.1071487177940904, 2.23606797749979
93, 51, 101, 624, 101, 619, 0, 5, 1.5707963267948966, 5.0
93, 52, 132, 609, 134, 606, -2, 3, 2.158798930342464, 3.605551275463989
93, 53, 397, 311, 398, 309, -1, 2, 2.0344439357957027, 2.23606797749979
93, 54, 681, 175, 682, 174, -1, 1, 2.356194490192345, 1.4142135623730951
93, 55, 735, 349, 736, 353, -1, -4, -1.8157749899217608, 4.123105625617661
93, 57, 687, 192, 688, 191, -1, 1, 2.356194490192345, 1.4142135623730951
93, 58, 449, 674, 449, 679, 0, -5, -1.5707963267948966, 5.0
93, 60, 125, 80, 121, 81, 4, -1, -0.24497866312686414, 4.123105625617661
93, 61, 1228, 283, 1226, 280, 2, 3, 0.982793723247329, 3.605551275463989
93, 64, 1135, 50, 1134, 49, 1, 1, 0.7853981633974483, 1.4142135623730951
93, 66, 134, 80, 132, 79, 2, 1, 0.4636476090008061, 2.23606797749979
93, 67, 1165, 81, 1164, 80, 1, 1, 0.7853981633974483, 1.4142135623730951
93, 68, 630, 346, 631, 343, -1, 3, 1.892546881191539, 3.1622776601683795
93, 69, 1163, 44, 1162, 43, 1, 1, 0.7853981633974483, 1.4142135623730951
93, 71, 373, 357, 375, 354, -2, 3, 2.158798930342464, 3.605551275463989
93, 72, 799, 171, 800, 174, -1, -3, -1.892546881191539, 3.1622776601683795
93, 73, 628, 247, 628, 244, 0, 3, 1.5707963267948966, 3.0
93, 75, 497, 649, 497, 654, 0, -5, -1.5707963267948966, 5.0
93, 78, 1172, 127, 1172, 125, 0, 2, 1.5707963267948966, 2.0
93, 79, 482, 196, 483, 200, -1, -4, -1.8157749899217608, 4.123105625617661
93, 81, 389, 244, 390, 243, -1, 1, 2.356194490192345, 1.4142135623730951
93, 82, 806, 20, 808, 21, -2, -1, -2.677945044588987, 2.23606797749979
93, 83, 667, 46, 666, 47, 1, -1, -0.7853981633974483, 1.4142135623730951
93, 86, 754, 138, 753, 136, 1, 2, 1.1071487177940904, 2.23606797749979
93, 87, 1171, 636, 1169, 631, 2, 5, 1.1902899496825317, 5.385164807134504
93, 88, 728, 580, 730, 576, -2, 4, 2.0344439357957027, 4.47213595499958
93, 89, 510, 220, 512, 222, -2, -2, -2.356194490192345, 2.8284271247461903
93, 90, 806, 181, 807, 184, -1, -3, -1.892546881191539, 3.1622776601683795
93, 92, 810, 220, 810, 223, 0, -3, -1.5707963267948966, 3.0
93, 93, 122, 100, 119, 100, 3, 0, 0.0, 3.0
93, 94, 125, 43, 122, 45, 3, -2, -0.5880026035475675, 3.605551275463989
93, 95, 1115, 258, 1117, 261, -2, -3, -2.158798930342464, 3.605551275463989
93, 96, 719, 580, 721, 576, -2, 4, 2.0344439357957027, 4.47213595499958
93, 97, 1192, 263, 1193, 262, -1, 1, 2.356194490192345, 1.4142135623730951
93, 100, 1116, 548, 1112, 545, 4, 3, 0.6435011087932844, 5.0
93, 102, 488, 140, 490, 144, -2, -4, -2.0344439357957027, 4.47213595499958
93, 103, 184, 701, 183, 699, 1, 2, 1.1071487177940904, 2.23606797749979
93, 104, 492, 294, 493, 296, -1, -2, -2.0344439357957027, 2.23606797749979
93, 105, 1160, 490, 1157, 486, 3, 4, 0.9272952180016122, 5.0
93, 106, 156, 35, 157, 34, -1, 1, 2.356194490192345, 1.4142135623730951
93, 109, 690, 510, 690, 515, 0, -5, -1.5707963267948966, 5.0
93, 111, 1178, 93, 1178, 91, 0, 2, 1.5707963267948966, 2.0
93, 113, 388, 315, 390, 313, -2, 2, 2.356194490192345, 2.8284271247461903
93, 116, 1107, 636, 1106, 631, 1, 5, 1.373400766945016, 5.0990195135927845
93, 117, 123, 67, 120, 69, 3, -2, -0.5880026035475675, 3.605551275463989
93, 118, 1122, 241, 1124, 244, -2, -3, -2.158798930342464, 3.605551275463989
93, 120, 767, 168, 767, 166, 0, 2, 1.5707963267948966, 2.0
93, 121, 476, 185, 476, 189, 0, -4, -1.5707963267948966, 4.0
93, 122, 1261, 266, 1261, 264, 0, 2, 1.5707963267948966, 2.0
93, 123, 138, 69, 136, 67, 2, 2, 0.7853981633974483, 2.8284271247461903
93, 126, 399, 324, 400, 322, -1, 2, 2.0344439357957027, 2.23606797749979
93, 127, 378, 373, 380, 371, -2, 2, 2.356194490192345, 2.8284271247461903
93, 129, 797, 590, 797, 595, 0, -5, -1.5707963267948966, 5.0
93, 131, 843, 618, 843, 623, 0, -5, -1.5707963267948966, 5.0
93, 132, 685, 259, 686, 256, -1, 3, 1.892546881191539, 3.1622776601683795
93, 133, 1103, 525, 1101, 522, 2, 3, 0.982793723247329, 3.605551275463989
93, 135, 1126, 298, 1129, 301, -3, -3, -2.356194490192345, 4.242640687119285
93, 136, 1210, 180, 1209, 177, 1, 3, 1.2490457723982544, 3.1622776601683795
93, 137, 706, 626, 708, 624, -2, 2, 2.356194490192345, 2.8284271247461903
93, 138, 706, 612, 708, 608, -2, 4, 2.0344439357957027, 4.47213595499958
93, 140, 696, 484, 696, 488, 0, -4, -1.5707963267948966, 4.0
93, 141, 1160, 164, 1159, 163, 1, 1, 0.7853981633974483, 1.4142135623730951
93, 143, 617, 82, 618, 81, -1, 1, 2.356194490192345, 1.4142135623730951
93, 144, 689, 496, 689, 501, 0, -5, -1.5707963267948966, 5.0
93, 146, 413, 389, 414, 387, -1, 2, 2.0344439357957027, 2.23606797749979
93, 148, 385, 328, 387, 326, -2, 2, 2.356194490192345, 2.8284271247461903
93, 151, 486, 166, 488, 170, -2, -4, -2.0344439357957027, 4.47213595499958
93, 152, 807, 642, 806, 648, 1, -6, -1.4056476493802699, 6.082762530298219
93, 154, 92, 627, 93, 623, -1, 4, 1.8157749899217608, 4.123105625617661
93, 158, 1128, 280, 1131, 282, -3, -2, -2.5535900500422257, 3.605551275463989
93, 159, 820, 681, 820, 683, 0, -2, -1.5707963267948966, 2.0
93, 160, 1118, 115, 1117, 114, 1, 1, 0.7853981633974483, 1.4142135623730951
93, 161, 441, 688, 441, 693, 0, -5, -1.5707963267948966, 5.0
93, 162, 492, 232, 493, 235, -1, -3, -1.892546881191539, 3.1622776601683795
93, 165, 1118, 304, 1121, 307, -3, -3, -2.356194490192345, 4.242640687119285
93, 166, 324, 16, 322, 17, 2, -1, -0.4636476090008061, 2.23606797749979
93, 167, 1261, 209, 1261, 207, 0, 2, 1.5707963267948966, 2.0
93, 169, 816, 640, 816, 644, 0, -4, -1.5707963267948966, 4.0
93, 170, 1152, 153, 1151, 152, 1, 1, 0.7853981633974483, 1.4142135623730951
93, 171, 682, 182, 683, 181, -1, 1, 2.356194490192345, 1.4142135623730951
93, 172, 682, 490, 682, 495, 0, -5, -1.5707963267948966, 5.0
93, 173, 752, 657, 755, 654, -3, 3, 2.356194490192345, 4.242640687119285
93, 175, 814, 196, 815, 198, -1, -2, -2.0344439357957027, 2.23606797749979
93, 176, 119, 671, 119, 667, 0, 4, 1.5707963267948966, 4.0
93, 177, 791, 38, 793, 39, -2, -1, -2.677945044588987, 2.23606797749979
93, 178, 1178, 116, 1178, 114, 0, 2, 1.5707963267948966, 2.0
93, 179, 104, 629, 106, 624, -2, 5, 1.9513027039072615, 5.385164807134504
93, 180, 790, 46, 792, 47, -2, -1, -2.677945044588987, 2.23606797749979
93, 181, 1260, 251, 1258, 249, 2, 2, 0.7853981633974483, 2.8284271247461903
93, 182, 1261, 291, 1261, 288, 0, 3, 1.5707963267948966, 3.0
93, 183, 611, 84, 612, 83, -1, 1, 2.356194490192345, 1.4142135623730951
93, 184, 410, 369, 411, 366, -1, 3, 1.892546881191539, 3.1622776601683795
93, 185, 788, 222, 788, 224, 0, -2, -1.5707963267948966, 2.0
93, 187, 672, 186, 673, 185, -1, 1, 2.356194490192345, 1.4142135623730951
93, 188, 609, 296, 609, 294, 0, 2, 1.5707963267948966, 2.0
93, 189, 1108, 543, 1105, 540, 3, 3, 0.7853981633974483, 4.242640687119285
93, 191, 790, 255, 791, 257, -1, -2, -2.0344439357957027, 2.23606797749979
93, 192, 1208, 172, 1207, 169, 1, 3, 1.2490457723982544, 3.1622776601683795
93, 193, 158, 47, 159, 46, -1, 1, 2.356194490192345, 1.4142135623730951
93, 194, 767, 154, 767, 152, 0, 2, 1.5707963267948966, 2.0
93, 195, 1128, 242, 1130, 245, -2, -3, -2.158798930342464, 3.605551275463989
93, 197, 1157, 543, 1155, 539, 2, 4, 1.1071487177940904, 4.47213595499958
93, 198, 707, 633, 709, 631, -2, 2, 2.356194490192345, 2.8284271247461903
93, 199, 1190, 225, 1190, 222, 0, 3, 1.5707963267948966, 3.0
93, 200, 127, 615, 128, 612, -1, 3, 1.892546881191539, 3.1622776601683795
93, 201, 102, 556, 105, 553, -3, 3, 2.356194490192345, 4.242640687119285
93, 202, 98, 550, 100, 546, -2, 4, 2.0344439357957027, 4.47213595499958
93, 204, 711, 641, 714, 640, -3, 1, 2.819842099193151, 3.1622776601683795
93, 205, 1218, 286, 1217, 283, 1, 3, 1.2490457723982544, 3.1622776601683795
93, 206, 454, 629, 454, 634, 0, -5, -1.5707963267948966, 5.0
94, 0, 86, 565, 88, 561, -2, 4, 2.0344439357957027, 4.47213595499958
94, 1, 704, 389, 705, 392, -1, -3, -1.892546881191539, 3.1622776601683795
94, 4, 1112, 521, 1110, 518, 2, 3, 0.982793723247329, 3.605551275463989
94, 7, 484, 619, 485, 624, -1, -5, -1.7681918866447774, 5.0990195135927845
94, 8, 827, 576, 828, 581, -1, -5, -1.7681918866447774, 5.0990195135927845
94, 9, 729, 593, 732, 589, -3, 4, 2.214297435588181, 5.0
94, 10, 1097, 280, 1099, 283, -2, -3, -2.158798930342464, 3.605551275463989
94, 11, 796, 25, 798, 26, -2, -1, -2.677945044588987, 2.23606797749979
94, 12, 811, 580, 811, 585, 0, -5, -1.5707963267948966, 5.0
94, 15, 506, 647, 506, 653, 0, -6, -1.5707963267948966, 6.0
94, 16, 1247, 249, 1245, 247, 2, 2, 0.7853981633974483, 2.8284271247461903
94, 17, 77, 631, 78, 627, -1, 4, 1.8157749899217608, 4.123105625617661
94, 18, 488, 124, 489, 128, -1, -4, -1.8157749899217608, 4.123105625617661
94, 19, 1136, 306, 1139, 309, -3, -3, -2.356194490192345, 4.242640687119285
94, 20, 1259, 178, 1259, 176, 0, 2, 1.5707963267948966, 2.0
94, 22, 1125, 255, 1127, 258, -2, -3, -2.158798930342464, 3.605551275463989
94, 23, 173, 29, 174, 28, -1, 1, 2.356194490192345, 1.4142135623730951
94, 25, 1120, 488, 1118, 485, 2, 3, 0.982793723247329, 3.605551275463989
94, 26, 695, 496, 695, 501, 0, -5, -1.5707963267948966, 5.0
94, 27, 775, 39, 777, 40, -2, -1, -2.677945044588987, 2.23606797749979
94, 28, 467, 615, 468, 620, -1, -5, -1.7681918866447774, 5.0990195135927845
94, 31, 137, 626, 139, 622, -2, 4, 2.0344439357957027, 4.47213595499958
94, 32, 1253, 174, 1253, 172, 0, 2, 1.5707963267948966, 2.0
94, 35, 680, 497, 680, 502, 0, -5, -1.5707963267948966, 5.0
94, 36, 667, 247, 668, 245, -1, 2, 2.0344439357957027, 2.23606797749979
94, 37, 713, 594, 716, 590, -3, 4, 2.214297435588181, 5.0
94, 38, 1177, 87, 1177, 85, 0, 2, 1.5707963267948966, 2.0
94, 39, 129, 32, 126, 33, 3, -1, -0.3217505543966422, 3.1622776601683795
94, 40, 498, 132, 499, 136, -1, -4, -1.8157749899217608, 4.123105625617661
94, 41, 25, 381, 24, 380, 1, 1, 0.7853981633974483, 1.4142135623730951
94, 42, 765, 141, 764, 139, 1, 2, 1.1071487177940904, 2.23606797749979
94, 43, 491, 684, 491, 689, 0, -5, -1.5707963267948966, 5.0
94, 44, 469, 197, 469, 200, 0, -3, -1.5707963267948966, 3.0
94, 45, 1212, 220, 1211, 218, 1, 2, 1.1071487177940904, 2.23606797749979
94, 47, 1123, 59, 1122, 58, 1, 1, 0.7853981633974483, 1.4142135623730951
94, 48, 758, 132, 757, 131, 1, 1, 0.7853981633974483, 1.4142135623730951
94, 50, 98, 628, 101, 624, -3, 4, 2.214297435588181, 5.0
94, 51, 130, 613, 132, 609, -2, 4, 2.0344439357957027, 4.47213595499958
94, 52, 396, 313, 397, 311, -1, 2, 2.0344439357957027, 2.23606797749979
94, 53, 680, 177, 681, 175, -1, 2, 2.0344439357957027, 2.23606797749979
94, 54, 733, 345, 735, 349, -2, -4, -2.0344439357957027, 4.47213595499958
94, 56, 686, 194, 687, 192, -1, 2, 2.0344439357957027, 2.23606797749979
94, 57, 448, 670, 449, 674, -1, -4, -1.8157749899217608, 4.123105625617661
94, 59, 129, 79, 125, 80, 4, -1, -0.24497866312686414, 4.123105625617661
94, 60, 1230, 285, 1228, 283, 2, 2, 0.7853981633974483, 2.8284271247461903
94, 63, 1136, 51, 1135, 50, 1, 1, 0.7853981633974483, 1.4142135623730951
94, 65, 135, 81, 134, 80, 1, 1, 0.7853981633974483, 1.4142135623730951
94, 66, 1166, 82, 1165, 81, 1, 1, 0.7853981633974483, 1.4142135623730951
94, 67, 630, 348, 630, 346, 0, 2, 1.5707963267948966, 2.0
94, 68, 1164, 45, 1163, 44, 1, 1, 0.7853981633974483, 1.4142135623730951
94, 70, 371, 358, 373, 357, -2, 1, 2.677945044588987, 2.23606797749979
94, 71, 799, 169, 799, 171, 0, -2, -1.5707963267948966, 2.0
94, 72, 628, 250, 628, 247, 0, 3, 1.5707963267948966, 3.0
94, 74, 497, 643, 497, 649, 0, -6, -1.5707963267948966, 6.0
94, 77, 1172, 129, 1172, 127, 0, 2, 1.5707963267948966, 2.0
94, 78, 482, 193, 482, 196, 0, -3, -1.5707963267948966, 3.0
94, 80, 388, 245, 389, 244, -1, 1, 2.356194490192345, 1.4142135623730951
94, 84, 755, 139, 754, 138, 1, 1, 0.7853981633974483, 1.4142135623730951
94, 85, 1173, 641, 1171, 636, 2, 5, 1.1902899496825317, 5.385164807134504
94, 86, 726, 584, 728, 580, -2, 4, 2.0344439357957027, 4.47213595499958
94, 87, 509, 218, 510, 220, -1, -2, -2.0344439357957027, 2.23606797749979
94, 88, 806, 179, 806, 181, 0, -2, -1.5707963267948966, 2.0
94, 90, 810, 217, 810, 220, 0, -3, -1.5707963267948966, 3.0
94, 91, 124, 101, 122, 100, 2, 1, 0.4636476090008061, 2.23606797749979
94, 92, 128, 42, 125, 43, 3, -1, -0.3217505543966422, 3.1622776601683795
94, 93, 1114, 254, 1115, 258, -1, -4, -1.8157749899217608, 4.123105625617661
94, 94, 717, 584, 719, 580, -2, 4, 2.0344439357957027, 4.47213595499958
94, 98, 1119, 552, 1116, 548, 3, 4, 0.9272952180016122, 5.0
94, 99, 487, 136, 488, 140, -1, -4, -1.8157749899217608, 4.123105625617661
94, 101, 491, 292, 492, 294, -1, -2, -2.0344439357957027, 2.23606797749979
94, 102, 1163, 493, 1160, 490, 3, 3, 0.7853981633974483, 4.242640687119285
94, 103, 155, 36, 156, 35, -1, 1, 2.356194490192345, 1.4142135623730951
94, 106, 690, 505, 690, 510, 0, -5, -1.5707963267948966, 5.0
94, 107, 10, 427, 10, 429, 0, -2, -1.5707963267948966, 2.0
94, 108, 1178, 95, 1178, 93, 0, 2, 1.5707963267948966, 2.0
94, 110, 386, 317, 388, 315, -2, 2, 2.356194490192345, 2.8284271247461903
94, 113, 1108, 641, 1107, 636, 1, 5, 1.373400766945016, 5.0990195135927845
94, 114, 126, 67, 123, 67, 3, 0, 0.0, 3.0
94, 115, 1121, 238, 1122, 241, -1, -3, -1.892546881191539, 3.1622776601683795
94, 117, 767, 171, 767, 168, 0, 3, 1.5707963267948966, 3.0
94, 118, 476, 182, 476, 185, 0, -3, -1.5707963267948966, 3.0
94, 119, 1261, 268, 1261, 266, 0, 2, 1.5707963267948966, 2.0
94, 120, 140, 70, 138, 69, 2, 1, 0.4636476090008061, 2.23606797749979
94, 123, 398, 326, 399, 324, -1, 2, 2.0344439357957027, 2.23606797749979
94, 124, 376, 375, 378, 373, -2, 2, 2.356194490192345, 2.8284271247461903
94, 126, 797, 585, 797, 590, 0, -5, -1.5707963267948966, 5.0
94, 128, 843, 613, 843, 618, 0, -5, -1.5707963267948966, 5.0
94, 129, 684, 261, 685, 259, -1, 2, 2.0344439357957027, 2.23606797749979
94, 130, 1105, 528, 1103, 525, 2, 3, 0.982793723247329, 3.605551275463989
94, 132, 1123, 294, 1126, 298, -3, -4, -2.214297435588181, 5.0
94, 133, 1211, 182, 1210, 180, 1, 2, 1.1071487177940904, 2.23606797749979
94, 134, 704, 630, 706, 626, -2, 4, 2.0344439357957027, 4.47213595499958
94, 135, 704, 616, 706, 612, -2, 4, 2.0344439357957027, 4.47213595499958
94, 137, 696, 479, 696, 484, 0, -5, -1.5707963267948966, 5.0
94, 138, 1161, 165, 1160, 164, 1, 1, 0.7853981633974483, 1.4142135623730951
94, 140, 616, 83, 617, 82, -1, 1, 2.356194490192345, 1.4142135623730951
94, 141, 689, 491, 689, 496, 0, -5, -1.5707963267948966, 5.0
94, 143, 412, 393, 413, 389, -1, 4, 1.8157749899217608, 4.123105625617661
94, 144, 417, 279, 418, 278, -1, 1, 2.356194490192345, 1.4142135623730951
94, 145, 383, 330, 385, 328, -2, 2, 2.356194490192345, 2.8284271247461903
94, 148, 485, 162, 486, 166, -1, -4, -1.8157749899217608, 4.123105625617661
94, 149, 806, 636, 807, 642, -1, -6, -1.7359450042095235, 6.082762530298219
94, 151, 89, 631, 92, 627, -3, 4, 2.214297435588181, 5.0
94, 155, 1125, 278, 1128, 280, -3, -2, -2.5535900500422257, 3.605551275463989
94, 156, 819, 679, 820, 681, -1, -2, -2.0344439357957027, 2.23606797749979
94, 158, 441, 683, 441, 688, 0, -5, -1.5707963267948966, 5.0
94, 159, 491, 230, 492, 232, -1, -2, -2.0344439357957027, 2.23606797749979
94, 162, 1116, 300, 1118, 304, -2, -4, -2.0344439357957027, 4.47213595499958
94, 163, 328, 15, 324, 16, 4, -1, -0.24497866312686414, 4.123105625617661
94, 166, 816, 635, 816, 640, 0, -5, -1.5707963267948966, 5.0
94, 167, 1153, 154, 1152, 153, 1, 1, 0.7853981633974483, 1.4142135623730951
94, 168, 681, 184, 682, 182, -1, 2, 2.0344439357957027, 2.23606797749979
94, 169, 682, 485, 682, 490, 0, -5, -1.5707963267948966, 5.0
94, 170, 749, 660, 752, 657, -3, 3, 2.356194490192345, 4.242640687119285
94, 171, 886, 46, 888, 46, -2, 0, 3.141592653589793, 2.0
94, 172, 813, 194, 814, 196, -1, -2, -2.0344439357957027, 2.23606797749979
94, 173, 120, 674, 119, 671, 1, 3, 1.2490457723982544, 3.1622776601683795
94, 174, 789, 37, 791, 38, -2, -1, -2.677945044588987, 2.23606797749979
94, 175, 1178, 118, 1178, 116, 0, 2, 1.5707963267948966, 2.0
94, 176, 100, 632, 104, 629, -4, 3, 2.498091544796509, 5.0
94, 177, 788, 46, 790, 46, -2, 0, 3.141592653589793, 2.0
94, 178, 1261, 253, 1260, 251, 1, 2, 1.1071487177940904, 2.23606797749979
94, 179, 1261, 294, 1261, 291, 0, 3, 1.5707963267948966, 3.0
94, 180, 610, 85, 611, 84, -1, 1, 2.356194490192345, 1.4142135623730951
94, 181, 409, 374, 410, 369, -1, 5, 1.7681918866447774, 5.0990195135927845
94, 184, 671, 188, 672, 186, -1, 2, 2.0344439357957027, 2.23606797749979
94, 185, 609, 299, 609, 296, 0, 3, 1.5707963267948966, 3.0
94, 186, 1110, 546, 1108, 543, 2, 3, 0.982793723247329, 3.605551275463989
94, 188, 789, 252, 790, 255, -1, -3, -1.892546881191539, 3.1622776601683795
94, 189, 1209, 174, 1208, 172, 1, 2, 1.1071487177940904, 2.23606797749979
94, 190, 157, 48, 158, 47, -1, 1, 2.356194490192345, 1.4142135623730951
94, 191, 767, 156, 767, 154, 0, 2, 1.5707963267948966, 2.0
94, 192, 1127, 239, 1128, 242, -1, -3, -1.892546881191539, 3.1622776601683795
94, 194, 1159, 546, 1157, 543, 2, 3, 0.982793723247329, 3.605551275463989
94, 195, 705, 636, 707, 633, -2, 3, 2.158798930342464, 3.605551275463989
94, 196, 1191, 228, 1190, 225, 1, 3, 1.2490457723982544, 3.1622776601683795
94, 197, 126, 618, 127, 615, -1, 3, 1.892546881191539, 3.1622776601683795
94, 198, 100, 560, 102, 556, -2, 4, 2.0344439357957027, 4.47213595499958
94, 199, 96, 554, 98, 550, -2, 4, 2.0344439357957027, 4.47213595499958
94, 201, 708, 642, 711, 641, -3, 1, 2.819842099193151, 3.1622776601683795
94, 202, 1220, 288, 1218, 286, 2, 2, 0.7853981633974483, 2.8284271247461903
94, 203, 454, 624, 454, 629, 0, -5, -1.5707963267948966, 5.0
95, 0, 84, 569, 87, 566, -3, 3, 2.356194490192345, 4.242640687119285
95, 1, 815, 571, 816, 576, -1, -5, -1.7681918866447774, 5.0990195135927845
95, 2, 457, 695, 455, 700, 2, -5, -1.1902899496825317, 5.385164807134504
95, 3, 829, 571, 830, 576, -1, -5, -1.7681918866447774, 5.0990195135927845
95, 5, 498, 616, 498, 621, 0, -5, -1.5707963267948966, 5.0
95, 6, 671, 246, 672, 244, -1, 2, 2.0344439357957027, 2.23606797749979
95, 7, 407, 394, 408, 390, -1, 4, 1.8157749899217608, 4.123105625617661
95, 8, 484, 618, 485, 622, -1, -4, -1.8157749899217608, 4.123105625617661
95, 9, 813, 222, 814, 225, -1, -3, -1.892546881191539, 3.1622776601683795
95, 11, 802, 27, 804, 28, -2, -1, -2.677945044588987, 2.23606797749979
95, 13, 712, 666, 715, 662, -3, 4, 2.214297435588181, 5.0
95, 14, 707, 393, 708, 397, -1, -4, -1.8157749899217608, 4.123105625617661
95, 15, 1167, 82, 1166, 81, 1, 1, 0.7853981633974483, 1.4142135623730951
95, 16, 492, 131, 493, 134, -1, -3, -1.892546881191539, 3.1622776601683795
95, 17, 1253, 171, 1254, 170, -1, 1, 2.356194490192345, 1.4142135623730951
95, 18, 799, 20, 801, 21, -2, -1, -2.677945044588987, 2.23606797749979
95, 19, 1101, 284, 1103, 286, -2, -2, -2.356194490192345, 2.8284271247461903
95, 20, 682, 502, 682, 507, 0, -5, -1.5707963267948966, 5.0
95, 23, 1247, 249, 1245, 247, 2, 2, 0.7853981633974483, 2.8284271247461903
95, 24, 489, 38, 490, 41, -1, -3, -1.892546881191539, 3.1622776601683795
95, 25, 482, 28, 483, 31, -1, -3, -1.892546881191539, 3.1622776601683795
95, 29, 176, 29, 177, 28, -1, 1, 2.356194490192345, 1.4142135623730951
95, 30, 699, 505, 700, 510, -1, -5, -1.7681918866447774, 5.0990195135927845
95, 34, 396, 312, 397, 310, -1, 2, 2.0344439357957027, 2.23606797749979
95, 36, 1130, 259, 1132, 263, -2, -4, -2.0344439357957027, 4.47213595499958
95, 37, 1125, 492, 1124, 489, 1, 3, 1.2490457723982544, 3.1622776601683795
95, 38, 469, 618, 470, 623, -1, -5, -1.7681918866447774, 5.0990195135927845
95, 39, 56, 457, 53, 456, 3, 1, 0.3217505543966422, 3.1622776601683795
95, 41, 1261, 176, 1262, 175, -1, 1, 2.356194490192345, 1.4142135623730951
95, 43, 733, 600, 736, 596, -3, 4, 2.214297435588181, 5.0
95, 44, 1123, 58, 1122, 57, 1, 1, 0.7853981633974483, 1.4142135623730951
95, 45, 1177, 85, 1177, 83, 0, 2, 1.5707963267948966, 2.0
95, 46, 135, 82, 132, 82, 3, 0, 0.0, 3.0
95, 47, 496, 685, 496, 689, 0, -4, -1.5707963267948966, 4.0
95, 48, 127, 35, 124, 36, 3, -1, -0.3217505543966422, 3.1622776601683795
95, 51, 682, 178, 683, 175, -1, 3, 1.892546881191539, 3.1622776601683795
95, 53, 139, 630, 141, 627, -2, 3, 2.158798930342464, 3.605551275463989
95, 55, 677, 270, 678, 269, -1, 1, 2.356194490192345, 1.4142135623730951
95, 56, 807, 186, 808, 188, -1, -2, -2.0344439357957027, 2.23606797749979
95, 57, 1139, 312, 1143, 313, -4, -1, -2.896613990462929, 4.123105625617661
95, 59, 130, 621, 132, 617, -2, 4, 2.0344439357957027, 4.47213595499958
95, 60, 689, 193, 690, 191, -1, 2, 2.0344439357957027, 2.23606797749979
95, 61, 484, 203, 484, 205, 0, -2, -1.5707963267948966, 2.0
95, 62, 739, 358, 740, 362, -1, -4, -1.8157749899217608, 4.123105625617661
95, 63, 127, 95, 125, 93, 2, 2, 0.7853981633974483, 2.8284271247461903
95, 64, 1226, 282, 1224, 280, 2, 2, 0.7853981633974483, 2.8284271247461903
95, 68, 729, 452, 729, 456, 0, -4, -1.5707963267948966, 4.0
95, 70, 818, 629, 819, 635, -1, -6, -1.7359450042095235, 6.082762530298219
95, 71, 137, 92, 136, 91, 1, 1, 0.7853981633974483, 1.4142135623730951
95, 74, 470, 204, 471, 207, -1, -3, -1.892546881191539, 3.1622776601683795
95, 75, 480, 36, 481, 39, -1, -3, -1.892546881191539, 3.1622776601683795
95, 76, 502, 139, 503, 142, -1, -3, -1.892546881191539, 3.1622776601683795
95, 77, 686, 270, 687, 269, -1, 1, 2.356194490192345, 1.4142135623730951
95, 78, 630, 246, 630, 244, 0, 2, 1.5707963267948966, 2.0
95, 79, 125, 44, 122, 45, 3, -1, -0.3217505543966422, 3.1622776601683795
95, 80, 449, 672, 450, 676, -1, -4, -1.8157749899217608, 4.123105625617661
95, 83, 82, 634, 83, 630, -1, 4, 1.8157749899217608, 4.123105625617661
95, 84, 1212, 217, 1211, 216, 1, 1, 0.7853981633974483, 1.4142135623730951
95, 85, 27, 381, 26, 380, 1, 1, 0.7853981633974483, 1.4142135623730951
95, 87, 759, 129, 758, 128, 1, 1, 0.7853981633974483, 1.4142135623730951
95, 88, 488, 167, 489, 171, -1, -4, -1.8157749899217608, 4.123105625617661
95, 91, 1163, 45, 1162, 44, 1, 1, 0.7853981633974483, 1.4142135623730951
95, 93, 446, 693, 445, 697, 1, -4, -1.3258176636680326, 4.123105625617661
95, 96, 501, 676, 500, 681, 1, -5, -1.373400766945016, 5.0990195135927845
95, 97, 715, 598, 718, 594, -3, 4, 2.214297435588181, 5.0
95, 98, 686, 601, 687, 605, -1, -4, -1.8157749899217608, 4.123105625617661
95, 99, 1104, 336, 1106, 338, -2, -2, -2.356194490192345, 2.8284271247461903
95, 100, 1100, 321, 1103, 319, -3, 2, 2.5535900500422257, 3.605551275463989
95, 101, 1135, 49, 1134, 48, 1, 1, 0.7853981633974483, 1.4142135623730951
95, 102, 492, 141, 493, 145, -1, -4, -1.8157749899217608, 4.123105625617661
95, 104, 800, 178, 801, 180, -1, -2, -2.0344439357957027, 2.23606797749979
95, 105, 1130, 283, 1133, 286, -3, -3, -2.356194490192345, 4.242640687119285
95, 107, 1214, 291, 1213, 289, 1, 2, 1.1071487177940904, 2.23606797749979
95, 109, 114, 648, 114, 645, 0, 3, 1.5707963267948966, 3.0
95, 110, 673, 546, 674, 550, -1, -4, -1.8157749899217608, 4.123105625617661
95, 113, 1112, 639, 1110, 634, 2, 5, 1.1902899496825317, 5.385164807134504
95, 115, 1114, 531, 1112, 529, 2, 2, 0.7853981633974483, 2.8284271247461903
95, 116, 1127, 299, 1130, 303, -3, -4, -2.214297435588181, 5.0
95, 119, 389, 245, 390, 243, -1, 2, 2.0344439357957027, 2.23606797749979
95, 122, 478, 192, 478, 195, 0, -3, -1.5707963267948966, 3.0
95, 123, 728, 588, 731, 584, -3, 4, 2.214297435588181, 5.0
95, 124, 490, 101, 490, 103, 0, -2, -1.5707963267948966, 2.0
95, 125, 769, 171, 769, 168, 0, 3, 1.5707963267948966, 3.0
95, 126, 691, 512, 691, 517, 0, -5, -1.5707963267948966, 5.0
95, 127, 1119, 258, 1121, 262, -2, -4, -2.0344439357957027, 4.47213595499958
95, 128, 804, 580, 804, 585, 0, -5, -1.5707963267948966, 5.0
95, 130, 1127, 117, 1126, 116, 1, 1, 0.7853981633974483, 1.4142135623730951
95, 131, 1164, 498, 1161, 495, 3, 3, 0.7853981633974483, 4.242640687119285
95, 132, 130, 75, 127, 76, 3, -1, -0.3217505543966422, 3.1622776601683795
95, 136, 1178, 676, 1177, 674, 1, 2, 1.1071487177940904, 2.23606797749979
95, 138, 718, 588, 721, 584, -3, 4, 2.214297435588181, 5.0
95, 139, 1261, 266, 1275, 264, -14, 2, 2.999695598985629, 14.142135623730951
95, 140, 379, 374, 381, 372, -2, 2, 2.356194490192345, 2.8284271247461903
95, 141, 90, 638, 93, 635, -3, 3, 2.356194490192345, 4.242640687119285
95, 143, 707, 550, 708, 555, -1, -5, -1.7681918866447774, 5.0990195135927845
95, 146, 470, 611, 471, 616, -1, -5, -1.7681918866447774, 5.0990195135927845
95, 147, 617, 80, 618, 79, -1, 1, 2.356194490192345, 1.4142135623730951
95, 148, 497, 642, 498, 647, -1, -5, -1.7681918866447774, 5.0990195135927845
95, 149, 184, 701, 183, 703, 1, -2, -1.1071487177940904, 2.23606797749979
95, 151, 1179, 92, 1180, 90, -1, 2, 2.0344439357957027, 2.23606797749979
95, 154, 388, 326, 389, 324, -1, 2, 2.0344439357957027, 2.23606797749979
95, 157, 746, 377, 747, 382, -1, -5, -1.7681918866447774, 5.0990195135927845
95, 158, 1194, 228, 1193, 225, 1, 3, 1.2490457723982544, 3.1622776601683795
95, 161, 474, 701, 473, 717, 1, -16, -1.5083775167989393, 16.0312195418814
95, 162, 385, 275, 386, 273, -1, 2, 2.0344439357957027, 2.23606797749979
95, 164, 510, 211, 511, 213, -1, -2, -2.0344439357957027, 2.23606797749979
95, 166, 390, 317, 391, 315, -1, 2, 2.0344439357957027, 2.23606797749979
95, 167, 702, 644, 705, 642, -3, 2, 2.5535900500422257, 3.605551275463989
95, 169, 1174, 127, 1175, 125, -1, 2, 2.0344439357957027, 2.23606797749979
95, 172, 1212, 179, 1211, 177, 1, 2, 1.1071487177940904, 2.23606797749979
95, 173, 1156, 552, 1154, 551, 2, 1, 0.4636476090008061, 2.23606797749979
95, 175, 691, 499, 691, 504, 0, -5, -1.5707963267948966, 5.0
95, 176, 415, 286, 416, 285, -1, 1, 2.356194490192345, 1.4142135623730951
95, 177, 497, 107, 497, 110, 0, -3, -1.5707963267948966, 3.0
95, 178, 1129, 568, 1127, 565, 2, 3, 0.982793723247329, 3.605551275463989
95, 181, 697, 486, 697, 491, 0, -5, -1.5707963267948966, 5.0
95, 183, 87, 560, 90, 556, -3, 4, 2.214297435588181, 5.0
95, 185, 14, 388, 12, 387, 2, 1, 0.4636476090008061, 2.23606797749979
95, 186, 1106, 345, 1107, 347, -1, -2, -2.0344439357957027, 2.23606797749979
95, 187, 1126, 243, 1127, 247, -1, -4, -1.8157749899217608, 4.123105625617661
95, 189, 418, 277, 419, 276, -1, 1, 2.356194490192345, 1.4142135623730951
95, 190, 403, 327, 404, 325, -1, 2, 2.0344439357957027, 2.23606797749979
95, 191, 740, 635, 743, 632, -3, 3, 2.356194490192345, 4.242640687119285
95, 193, 1179, 625, 1178, 620, 1, 5, 1.373400766945016, 5.0990195135927845
95, 195, 850, 602, 850, 608, 0, -6, -1.5707963267948966, 6.0
95, 196, 649, 290, 649, 286, 0, 4, 1.5707963267948966, 4.0
95, 197, 609, 299, 610, 295, -1, 4, 1.8157749899217608, 4.123105625617661
95, 198, 415, 399, 416, 395, -1, 4, 1.8157749899217608, 4.123105625617661
95, 199, 1179, 116, 1180, 114, -1, 2, 2.0344439357957027, 2.23606797749979
95, 200, 1210, 172, 1209, 170, 1, 2, 1.1071487177940904, 2.23606797749979
95, 201, 675, 185, 676, 183, -1, 2, 2.0344439357957027, 2.23606797749979
95, 202, 684, 493, 684, 498, 0, -5, -1.5707963267948966, 5.0
95, 203, 23, 445, 21, 442, 2, 3, 0.982793723247329, 3.605551275463989
95, 204, 683, 185, 684, 182, -1, 3, 1.892546881191539, 3.1622776601683795
95, 205, 1112, 355, 1113, 357, -1, -2, -2.0344439357957027, 2.23606797749979
95, 206, 1144, 600, 1142, 597, 2, 3, 0.982793723247329, 3.605551275463989
95, 208, 788, 67, 790, 68, -2, -1, -2.677945044588987, 2.23606797749979
95, 209, 1132, 244, 1134, 248, -2, -4, -2.0344439357957027, 4.47213595499958
95, 211, 705, 622, 707, 618, -2, 4, 2.0344439357957027, 4.47213595499958
95, 212, 501, 214, 502, 216, -1, -2, -2.0344439357957027, 2.23606797749979
95, 214, 811, 652, 811, 661, 0, -9, -1.5707963267948966, 9.0
95, 216, 892, 40, 894, 40, -2, 0, 3.141592653589793, 2.0
95, 217, 375, 359, 377, 358, -2, 1, 2.677945044588987, 2.23606797749979
95, 218, 684, 485, 684, 490, 0, -5, -1.5707963267948966, 5.0
95, 220, 704, 635, 706, 632, -2, 3, 2.158798930342464, 3.605551275463989
95, 222, 157, 14, 158, 13, -1, 1, 2.356194490192345, 1.4142135623730951
95, 223, 1256, 281, 1255, 279, 1, 2, 1.1071487177940904, 2.23606797749979
95, 225, 749, 662, 753, 660, -4, 2, 2.677945044588987, 4.47213595499958
95, 226, 1149, 174, 1148, 172, 1, 2, 1.1071487177940904, 2.23606797749979
95, 227, 99, 560, 102, 556, -3, 4, 2.214297435588181, 5.0
95, 229, 344, 13, 342, 14, 2, -1, -0.4636476090008061, 2.23606797749979
95, 230, 1261, 252, 1260, 250, 1, 2, 1.1071487177940904, 2.23606797749979
96, 0, 81, 572, 84, 569, -3, 3, 2.356194490192345, 4.242640687119285
96, 1, 814, 566, 815, 571, -1, -5, -1.7681918866447774, 5.0990195135927845
96, 2, 459, 691, 457, 695, 2, -4, -1.1071487177940904, 4.47213595499958
96, 3, 828, 566, 829, 571, -1, -5, -1.7681918866447774, 5.0990195135927845
96, 4, 497, 611, 498, 616, -1, -5, -1.7681918866447774, 5.0990195135927845
96, 5, 670, 248, 671, 246, -1, 2, 2.0344439357957027, 2.23606797749979
96, 6, 406, 397, 407, 394, -1, 3, 1.892546881191539, 3.1622776601683795
96, 7, 483, 614, 484, 618, -1, -4, -1.8157749899217608, 4.123105625617661
96, 8, 812, 219, 813, 222, -1, -3, -1.892546881191539, 3.1622776601683795
96, 10, 709, 670, 712, 666, -3, 4, 2.214297435588181, 5.0
96, 11, 706, 389, 707, 393, -1, -4, -1.8157749899217608, 4.123105625617661
96, 12, 1168, 83, 1167, 82, 1, 1, 0.7853981633974483, 1.4142135623730951
96, 13, 491, 128, 492, 131, -1, -3, -1.892546881191539, 3.1622776601683795
96, 14, 1252, 172, 1253, 171, -1, 1, 2.356194490192345, 1.4142135623730951
96, 15, 1099, 284, 1101, 284, -2, 0, 3.141592653589793, 2.0
96, 16, 683, 498, 682, 502, 1, -4, -1.3258176636680326, 4.123105625617661
96, 18, 1249, 251, 1247, 249, 2, 2, 0.7853981633974483, 2.8284271247461903
96, 19, 488, 34, 489, 38, -1, -4, -1.8157749899217608, 4.123105625617661
96, 20, 481, 25, 482, 28, -1, -3, -1.892546881191539, 3.1622776601683795
96, 24, 175, 30, 176, 29, -1, 1, 2.356194490192345, 1.4142135623730951
96, 25, 698, 500, 699, 505, -1, -5, -1.7681918866447774, 5.0990195135927845
96, 27, 395, 315, 396, 312, -1, 3, 1.892546881191539, 3.1622776601683795
96, 28, 1128, 255, 1130, 259, -2, -4, -2.0344439357957027, 4.47213595499958
96, 29, 1126, 495, 1125, 492, 1, 3, 1.2490457723982544, 3.1622776601683795
96, 30, 468, 613, 469, 618, -1, -5, -1.7681918866447774, 5.0990195135927845
96, 31, 58, 458, 56, 457, 2, 1, 0.4636476090008061, 2.23606797749979
96, 33, 1260, 177, 1261, 176, -1, 1, 2.356194490192345, 1.4142135623730951
96, 35, 730, 603, 733, 600, -3, 3, 2.356194490192345, 4.242640687119285
96, 36, 1124, 59, 1123, 58, 1, 1, 0.7853981633974483, 1.4142135623730951
96, 37, 1177, 87, 1177, 85, 0, 2, 1.5707963267948966, 2.0
96, 38, 137, 82, 135, 82, 2, 0, 0.0, 2.0
96, 39, 495, 681, 496, 685, -1, -4, -1.8157749899217608, 4.123105625617661
96, 40, 130, 34, 127, 35, 3, -1, -0.3217505543966422, 3.1622776601683795
96, 42, 681, 181, 682, 178, -1, 3, 1.892546881191539, 3.1622776601683795
96, 43, 137, 632, 139, 630, -2, 2, 2.356194490192345, 2.8284271247461903
96, 45, 676, 271, 677, 270, -1, 1, 2.356194490192345, 1.4142135623730951
96, 46, 806, 184, 807, 186, -1, -2, -2.0344439357957027, 2.23606797749979
96, 47, 1136, 312, 1139, 312, -3, 0, 3.141592653589793, 3.0
96, 49, 128, 624, 130, 621, -2, 3, 2.158798930342464, 3.605551275463989
96, 50, 688, 196, 689, 193, -1, 3, 1.892546881191539, 3.1622776601683795
96, 51, 484, 201, 484, 203, 0, -2, -1.5707963267948966, 2.0
96, 52, 738, 353, 739, 358, -1, -5, -1.7681918866447774, 5.0990195135927845
96, 53, 129, 96, 127, 95, 2, 1, 0.4636476090008061, 2.23606797749979
96, 54, 1228, 284, 1226, 282, 2, 2, 0.7853981633974483, 2.8284271247461903
96, 56, 729, 447, 729, 452, 0, -5, -1.5707963267948966, 5.0
96, 57, 817, 624, 818, 629, -1, -5, -1.7681918866447774, 5.0990195135927845
96, 60, 470, 202, 470, 204, 0, -2, -1.5707963267948966, 2.0
96, 61, 479, 33, 480, 36, -1, -3, -1.892546881191539, 3.1622776601683795
96, 62, 501, 136, 502, 139, -1, -3, -1.892546881191539, 3.1622776601683795
96, 63, 685, 271, 686, 270, -1, 1, 2.356194490192345, 1.4142135623730951
96, 64, 630, 248, 630, 246, 0, 2, 1.5707963267948966, 2.0
96, 65, 128, 43, 125, 44, 3, -1, -0.3217505543966422, 3.1622776601683795
96, 66, 448, 668, 449, 672, -1, -4, -1.8157749899217608, 4.123105625617661
96, 68, 81, 637, 82, 634, -1, 3, 1.892546881191539, 3.1622776601683795
96, 70, 29, 383, 27, 381, 2, 2, 0.7853981633974483, 2.8284271247461903
96, 72, 487, 164, 488, 167, -1, -3, -1.892546881191539, 3.1622776601683795
96, 74, 1164, 46, 1163, 45, 1, 1, 0.7853981633974483, 1.4142135623730951
96, 76, 447, 689, 446, 693, 1, -4, -1.3258176636680326, 4.123105625617661
96, 78, 501, 671, 501, 676, 0, -5, -1.5707963267948966, 5.0
96, 79, 712, 602, 715, 598, -3, 4, 2.214297435588181, 5.0
96, 80, 685, 598, 686, 601, -1, -3, -1.892546881191539, 3.1622776601683795
96, 81, 1102, 335, 1104, 336, -2, -1, -2.677945044588987, 2.23606797749979
96, 82, 1097, 322, 1100, 321, -3, 1, 2.819842099193151, 3.1622776601683795
96, 83, 1137, 50, 1135, 49, 2, 1, 0.4636476090008061, 2.23606797749979
96, 84, 491, 138, 492, 141, -1, -3, -1.892546881191539, 3.1622776601683795
96, 86, 799, 176, 800, 178, -1, -2, -2.0344439357957027, 2.23606797749979
96, 87, 1127, 280, 1130, 283, -3, -3, -2.356194490192345, 4.242640687119285
96, 89, 1215, 293, 1214, 291, 1, 2, 1.1071487177940904, 2.23606797749979
96, 91, 111, 652, 114, 648, -3, 4, 2.214297435588181, 5.0
96, 92, 673, 542, 673, 546, 0, -4, -1.5707963267948966, 4.0
96, 93, 625, 324, 626, 323, -1, 1, 2.356194490192345, 1.4142135623730951
96, 94, 1113, 644, 1112, 639, 1, 5, 1.373400766945016, 5.0990195135927845
96, 95, 157, 39, 158, 38, -1, 1, 2.356194490192345, 1.4142135623730951
96, 96, 1116, 533, 1114, 531, 2, 2, 0.7853981633974483, 2.8284271247461903
96, 97, 1124, 296, 1127, 299, -3, -3, -2.356194490192345, 4.242640687119285
96, 99, 388, 247, 389, 245, -1, 2, 2.0344439357957027, 2.23606797749979
96, 101, 478, 190, 478, 192, 0, -2, -1.5707963267948966, 2.0
96, 102, 725, 592, 728, 588, -3, 4, 2.214297435588181, 5.0
96, 103, 489, 99, 490, 101, -1, -2, -2.0344439357957027, 2.23606797749979
96, 104, 769, 173, 769, 171, 0, 2, 1.5707963267948966, 2.0
96, 105, 691, 506, 691, 512, 0, -6, -1.5707963267948966, 6.0
96, 106, 1117, 254, 1119, 258, -2, -4, -2.0344439357957027, 4.47213595499958
96, 107, 803, 575, 804, 580, -1, -5, -1.7681918866447774, 5.0990195135927845
96, 109, 1167, 501, 1164, 498, 3, 3, 0.7853981633974483, 4.242640687119285
96, 110, 131, 74, 130, 75, 1, -1, -0.7853981633974483, 1.4142135623730951
96, 112, 1178, 678, 1178, 676, 0, 2, 1.5707963267948966, 2.0
96, 113, 715, 592, 718, 588, -3, 4, 2.214297435588181, 5.0
96, 115, 376, 376, 379, 374, -3, 2, 2.5535900500422257, 3.605551275463989
96, 116, 88, 642, 90, 638, -2, 4, 2.0344439357957027, 4.47213595499958
96, 117, 1179, 247, 1179, 245, 0, 2, 1.5707963267948966, 2.0
96, 118, 706, 545, 707, 550, -1, -5, -1.7681918866447774, 5.0990195135927845
96, 119, 469, 606, 470, 611, -1, -5, -1.7681918866447774, 5.0990195135927845
96, 121, 496, 637, 497, 642, -1, -5, -1.7681918866447774, 5.0990195135927845
96, 124, 1178, 94, 1179, 92, -1, 2, 2.0344439357957027, 2.23606797749979
96, 126, 386, 328, 388, 326, -2, 2, 2.356194490192345, 2.8284271247461903
96, 128, 744, 373, 746, 377, -2, -4, -2.0344439357957027, 4.47213595499958
96, 129, 1194, 232, 1194, 228, 0, 4, 1.5707963267948966, 4.0
96, 131, 1129, 90, 1128, 89, 1, 1, 0.7853981633974483, 1.4142135623730951
96, 132, 474, 695, 474, 701, 0, -6, -1.5707963267948966, 6.0
96, 133, 384, 276, 385, 275, -1, 1, 2.356194490192345, 1.4142135623730951
96, 135, 509, 209, 510, 211, -1, -2, -2.0344439357957027, 2.23606797749979
96, 137, 389, 319, 390, 317, -1, 2, 2.0344439357957027, 2.23606797749979
96, 138, 699, 646, 702, 644, -3, 2, 2.5535900500422257, 3.605551275463989
96, 139, 1173, 129, 1174, 127, -1, 2, 2.0344439357957027, 2.23606797749979
96, 140, 1213, 180, 1212, 179, 1, 1, 0.7853981633974483, 1.4142135623730951
96, 141, 1158, 554, 1156, 552, 2, 2, 0.7853981633974483, 2.8284271247461903
96, 142, 691, 494, 691, 499, 0, -5, -1.5707963267948966, 5.0
96, 143, 414, 287, 415, 286, -1, 1, 2.356194490192345, 1.4142135623730951
96, 144, 497, 105, 497, 107, 0, -2, -1.5707963267948966, 2.0
96, 145, 1130, 570, 1129, 568, 1, 2, 1.1071487177940904, 2.23606797749979
96, 147, 777, 44, 779, 44, -2, 0, 3.141592653589793, 2.0
96, 148, 697, 481, 697, 486, 0, -5, -1.5707963267948966, 5.0
96, 150, 84, 564, 87, 560, -3, 4, 2.214297435588181, 5.0
96, 151, 16, 390, 14, 388, 2, 2, 0.7853981633974483, 2.8284271247461903
96, 152, 1104, 343, 1106, 345, -2, -2, -2.356194490192345, 2.8284271247461903
96, 153, 1125, 239, 1126, 243, -1, -4, -1.8157749899217608, 4.123105625617661
96, 154, 1134, 551, 1131, 551, 3, 0, 0.0, 3.0
96, 155, 417, 278, 418, 277, -1, 1, 2.356194490192345, 1.4142135623730951
96, 156, 402, 329, 403, 327, -1, 2, 2.0344439357957027, 2.23606797749979
96, 157, 737, 638, 740, 635, -3, 3, 2.356194490192345, 4.242640687119285
96, 158, 1180, 631, 1179, 625, 1, 6, 1.4056476493802699, 6.082762530298219
96, 160, 850, 597, 850, 602, 0, -5, -1.5707963267948966, 5.0
96, 161, 649, 293, 649, 290, 0, 3, 1.5707963267948966, 3.0
96, 162, 608, 302, 609, 299, -1, 3, 1.892546881191539, 3.1622776601683795
96, 163, 414, 403, 415, 399, -1, 4, 1.8157749899217608, 4.123105625617661
96, 164, 1178, 118, 1179, 116, -1, 2, 2.0344439357957027, 2.23606797749979
96, 165, 1211, 173, 1210, 172, 1, 1, 0.7853981633974483, 1.4142135623730951
96, 166, 674, 188, 675, 185, -1, 3, 1.892546881191539, 3.1622776601683795
96, 167, 684, 488, 684, 493, 0, -5, -1.5707963267948966, 5.0
96, 168, 25, 447, 23, 445, 2, 2, 0.7853981633974483, 2.8284271247461903
96, 169, 682, 188, 683, 185, -1, 3, 1.892546881191539, 3.1622776601683795
96, 170, 1111, 352, 1112, 355, -1, -3, -1.892546881191539, 3.1622776601683795
96, 171, 1148, 603, 1144, 600, 4, 3, 0.6435011087932844, 5.0
96, 173, 786, 66, 788, 67, -2, -1, -2.677945044588987, 2.23606797749979
96, 174, 1131, 240, 1132, 244, -1, -4, -1.8157749899217608, 4.123105625617661
96, 175, 703, 625, 705, 622, -2, 3, 2.158798930342464, 3.605551275463989
96, 176, 500, 212, 501, 214, -1, -2, -2.0344439357957027, 2.23606797749979
96, 177, 1145, 83, 1144, 82, 1, 1, 0.7853981633974483, 1.4142135623730951
96, 178, 811, 641, 811, 652, 0, -11, -1.5707963267948966, 11.0
96, 180, 373, 360, 375, 359, -2, 1, 2.677945044588987, 2.23606797749979
96, 181, 684, 480, 684, 485, 0, -5, -1.5707963267948966, 5.0
96, 183, 702, 638, 704, 635, -2, 3, 2.158798930342464, 3.605551275463989
96, 184, 156, 15, 157, 14, -1, 1, 2.356194490192345, 1.4142135623730951
96, 185, 1257, 283, 1256, 281, 1, 2, 1.1071487177940904, 2.23606797749979
96, 186, 745, 664, 749, 662, -4, 2, 2.677945044588987, 4.47213595499958
96, 188, 96, 563, 99, 560, -3, 3, 2.356194490192345, 4.242640687119285
96, 190, 345, 12, 344, 13, 1, -1, -0.7853981633974483, 1.4142135623730951
96, 191, 1261, 254, 1261, 252, 0, 2, 1.5707963267948966, 2.0
97, 0, 80, 574, 81, 572, -1, 2, 2.0344439357957027, 2.23606797749979
97, 1, 813, 562, 814, 566, -1, -4, -1.8157749899217608, 4.123105625617661
97, 2, 461, 686, 459, 691, 2, -5, -1.1902899496825317, 5.385164807134504
97, 3, 827, 562, 828, 566, -1, -4, -1.8157749899217608, 4.123105625617661
97, 4, 497, 607, 497, 611, 0, -4, -1.5707963267948966, 4.0
97, 5, 669, 251, 670, 248, -1, 3, 1.892546881191539, 3.1622776601683795
97, 6, 404, 398, 406, 397, -2, 1, 2.677945044588987, 2.23606797749979
97, 7, 484, 611, 483, 614, 1, -3, -1.2490457723982544, 3.1622776601683795
97, 8, 812, 215, 812, 219, 0, -4, -1.5707963267948966, 4.0
97, 9, 896, 31, 899, 31, -3, 0, 3.141592653589793, 3.0
97, 10, 705, 675, 709, 670, -4, 5, 2.2455372690184494, 6.4031242374328485
97, 11, 705, 386, 706, 389, -1, -3, -1.892546881191539, 3.1622776601683795
97, 12, 1169, 85, 1168, 83, 1, 2, 1.1071487177940904, 2.23606797749979
97, 13, 490, 124, 491, 128, -1, -4, -1.8157749899217608, 4.123105625617661
97, 14, 1252, 174, 1252, 172, 0, 2, 1.5707963267948966, 2.0
97, 15, 1096, 283, 1099, 284, -3, -1, -2.819842099193151, 3.1622776601683795
97, 16, 684, 494, 683, 498, 1, -4, -1.3258176636680326, 4.123105625617661
97, 17, 1252, 253, 1249, 251, 3, 2, 0.5880026035475675, 3.605551275463989
97, 18, 487, 29, 488, 34, -1, -5, -1.7681918866447774, 5.0990195135927845
97, 19, 480, 20, 481, 25, -1, -5, -1.7681918866447774, 5.0990195135927845
97, 20, 794, 625, 794, 630, 0, -5, -1.5707963267948966, 5.0
97, 21, 1122, 93, 1120, 92, 2, 1, 0.4636476090008061, 2.23606797749979
97, 22, 174, 32, 175, 30, -1, 2, 2.0344439357957027, 2.23606797749979
97, 23, 697, 496, 698, 500, -1, -4, -1.8157749899217608, 4.123105625617661
97, 24, 659, 10, 657, 13, 2, -3, -0.982793723247329, 3.605551275463989
97, 25, 393, 318, 395, 315, -2, 3, 2.158798930342464, 3.605551275463989
97, 26, 1126, 250, 1128, 255, -2, -5, -1.9513027039072615, 5.385164807134504
97, 27, 1126, 499, 1126, 495, 0, 4, 1.5707963267948966, 4.0
97, 28, 466, 610, 468, 613, -2, -3, -2.158798930342464, 3.605551275463989
97, 29, 60, 459, 58, 458, 2, 1, 0.4636476090008061, 2.23606797749979
97, 31, 1261, 179, 1260, 177, 1, 2, 1.1071487177940904, 2.23606797749979
97, 33, 727, 605, 730, 603, -3, 2, 2.5535900500422257, 3.605551275463989
97, 34, 1128, 60, 1124, 59, 4, 1, 0.24497866312686414, 4.123105625617661
97, 35, 1177, 90, 1177, 87, 0, 3, 1.5707963267948966, 3.0
97, 36, 137, 77, 137, 82, 0, -5, -1.5707963267948966, 5.0
97, 37, 493, 678, 495, 681, -2, -3, -2.158798930342464, 3.605551275463989
97, 38, 134, 33, 130, 34, 4, -1, -0.24497866312686414, 4.123105625617661
97, 39, 623, 48, 622, 47, 1, 1, 0.7853981633974483, 1.4142135623730951
97, 40, 680, 184, 681, 181, -1, 3, 1.892546881191539, 3.1622776601683795
97, 41, 135, 630, 137, 632, -2, -2, -2.356194490192345, 2.8284271247461903
97, 42, 897, 40, 900, 40, -3, 0, 3.141592653589793, 3.0
97, 43, 674, 271, 676, 271, -2, 0, 3.141592653589793, 2.0
97, 44, 805, 180, 806, 184, -1, -4, -1.8157749899217608, 4.123105625617661
97, 46, 124, 626, 128, 624, -4, 2, 2.677945044588987, 4.47213595499958
97, 47, 687, 199, 688, 196, -1, 3, 1.892546881191539, 3.1622776601683795
97, 48, 484, 197, 484, 201, 0, -4, -1.5707963267948966, 4.0
97, 49, 736, 348, 738, 353, -2, -5, -1.9513027039072615, 5.385164807134504
97, 50, 131, 96, 129, 96, 2, 0, 0.0, 2.0
97, 51, 1231, 286, 1228, 284, 3, 2, 0.5880026035475675, 3.605551275463989
97, 52, 765, 140, 765, 138, 0, 2, 1.5707963267948966, 2.0
97, 53, 730, 438, 729, 447, 1, -9, -1.460139105621001, 9.055385138137417
97, 54, 817, 620, 817, 624, 0, -4, -1.5707963267948966, 4.0
97, 55, 137, 91, 137, 93, 0, -2, -1.5707963267948966, 2.0
97, 57, 470, 197, 470, 202, 0, -5, -1.5707963267948966, 5.0
97, 58, 478, 28, 479, 33, -1, -5, -1.7681918866447774, 5.0990195135927845
97, 59, 500, 132, 501, 136, -1, -4, -1.8157749899217608, 4.123105625617661
97, 60, 682, 271, 685, 271, -3, 0, 3.141592653589793, 3.0
97, 61, 630, 251, 630, 248, 0, 3, 1.5707963267948966, 3.0
97, 62, 131, 42, 128, 43, 3, -1, -0.3217505543966422, 3.1622776601683795
97, 63, 448, 663, 448, 668, 0, -5, -1.5707963267948966, 5.0
97, 65, 79, 641, 81, 637, -2, 4, 2.0344439357957027, 4.47213595499958
97, 66, 1213, 220, 1212, 218, 1, 2, 1.1071487177940904, 2.23606797749979
97, 67, 32, 386, 29, 383, 3, 3, 0.7853981633974483, 4.242640687119285
97, 68, 759, 132, 759, 130, 0, 2, 1.5707963267948966, 2.0
97, 69, 485, 159, 487, 164, -2, -5, -1.9513027039072615, 5.385164807134504
97, 70, 665, 47, 665, 49, 0, -2, -1.5707963267948966, 2.0
97, 71, 1166, 48, 1164, 46, 2, 2, 0.7853981633974483, 2.8284271247461903
97, 72, 754, 139, 754, 137, 0, 2, 1.5707963267948966, 2.0
97, 73, 449, 684, 447, 689, 2, -5, -1.1902899496825317, 5.385164807134504
97, 74, 500, 667, 501, 671, -1, -4, -1.8157749899217608, 4.123105625617661
97, 75, 709, 604, 712, 602, -3, 2, 2.5535900500422257, 3.605551275463989
97, 76, 684, 592, 685, 598, -1, -6, -1.7359450042095235, 6.082762530298219
97, 77, 1100, 333, 1102, 335, -2, -2, -2.356194490192345, 2.8284271247461903
97, 78, 1094, 323, 1097, 322, -3, 1, 2.819842099193151, 3.1622776601683795
97, 79, 1140, 51, 1137, 50, 3, 1, 0.3217505543966422, 3.1622776601683795
97, 80, 490, 133, 491, 138, -1, -5, -1.7681918866447774, 5.0990195135927845
97, 82, 798, 173, 799, 176, -1, -3, -1.892546881191539, 3.1622776601683795
97, 83, 1124, 279, 1127, 280, -3, -1, -2.819842099193151, 3.1622776601683795
97, 84, 819, 28, 821, 28, -2, 0, 3.141592653589793, 2.0
97, 85, 1218, 295, 1215, 293, 3, 2, 0.5880026035475675, 3.605551275463989
97, 87, 112, 653, 111, 652, 1, 1, 0.7853981633974483, 1.4142135623730951
97, 88, 673, 538, 673, 542, 0, -4, -1.5707963267948966, 4.0
97, 89, 624, 328, 625, 324, -1, 4, 1.8157749899217608, 4.123105625617661
97, 90, 1113, 647, 1113, 644, 0, 3, 1.5707963267948966, 3.0
97, 91, 155, 40, 157, 39, -2, 1, 2.677945044588987, 2.23606797749979
97, 92, 1117, 532, 1116, 533, 1, -1, -0.7853981633974483, 1.4142135623730951
97, 93, 1120, 293, 1124, 296, -4, -3, -2.498091544796509, 5.0
97, 95, 387, 251, 388, 247, -1, 4, 1.8157749899217608, 4.123105625617661
97, 96, 1222, 317, 1221, 316, 1, 1, 0.7853981633974483, 1.4142135623730951
97, 97, 478, 185, 478, 190, 0, -5, -1.5707963267948966, 5.0
97, 98, 721, 595, 725, 592, -4, 3, 2.498091544796509, 5.0
97, 99, 488, 97, 489, 99, -1, -2, -2.0344439357957027, 2.23606797749979
97, 100, 770, 176, 769, 173, 1, 3, 1.2490457723982544, 3.1622776601683795
97, 101, 691, 502, 691, 506, 0, -4, -1.5707963267948966, 4.0
97, 102, 1114, 251, 1117, 254, -3, -3, -2.356194490192345, 4.242640687119285
97, 103, 801, 571, 803, 575, -2, -4, -2.0344439357957027, 4.47213595499958
97, 105, 1169, 503, 1167, 501, 2, 2, 0.7853981633974483, 2.8284271247461903
97, 106, 133, 72, 131, 74, 2, -2, -0.7853981633974483, 2.8284271247461903
97, 107, 1179, 680, 1178, 678, 1, 2, 1.1071487177940904, 2.23606797749979
97, 108, 711, 595, 715, 592, -4, 3, 2.498091544796509, 5.0
97, 109, 1261, 270, 1261, 267, 0, 3, 1.5707963267948966, 3.0
97, 110, 373, 378, 376, 376, -3, 2, 2.5535900500422257, 3.605551275463989
97, 111, 85, 646, 88, 642, -3, 4, 2.214297435588181, 5.0
97, 112, 1181, 250, 1179, 247, 2, 3, 0.982793723247329, 3.605551275463989
97, 113, 706, 542, 706, 545, 0, -3, -1.5707963267948966, 3.0
97, 114, 468, 603, 469, 606, -1, -3, -1.892546881191539, 3.1622776601683795
97, 115, 617, 83, 617, 81, 0, 2, 1.5707963267948966, 2.0
97, 116, 496, 631, 496, 637, 0, -6, -1.5707963267948966, 6.0
97, 117, 188, 701, 185, 701, 3, 0, 0.0, 3.0
97, 118, 1177, 98, 1178, 94, -1, 4, 1.8157749899217608, 4.123105625617661
97, 120, 384, 332, 386, 328, -2, 4, 2.0344439357957027, 4.47213595499958
97, 122, 742, 370, 744, 373, -2, -3, -2.158798930342464, 3.605551275463989
97, 123, 1194, 236, 1194, 232, 0, 4, 1.5707963267948966, 4.0
97, 125, 1132, 92, 1129, 90, 3, 2, 0.5880026035475675, 3.605551275463989
97, 126, 476, 690, 474, 695, 2, -5, -1.1902899496825317, 5.385164807134504
97, 127, 382, 280, 384, 276, -2, 4, 2.0344439357957027, 4.47213595499958
97, 128, 1159, 164, 1158, 163, 1, 1, 0.7853981633974483, 1.4142135623730951
97, 129, 508, 206, 509, 209, -1, -3, -1.892546881191539, 3.1622776601683795
97, 130, 749, 192, 749, 190, 0, 2, 1.5707963267948966, 2.0
97, 131, 388, 322, 389, 319, -1, 3, 1.892546881191539, 3.1622776601683795
97, 132, 696, 646, 699, 646, -3, 0, 3.141592653589793, 3.0
97, 133, 1172, 133, 1173, 129, -1, 4, 1.8157749899217608, 4.123105625617661
97, 134, 1215, 183, 1213, 180, 2, 3, 0.982793723247329, 3.605551275463989
97, 135, 1161, 555, 1158, 554, 3, 1, 0.3217505543966422, 3.1622776601683795
97, 136, 691, 490, 691, 494, 0, -4, -1.5707963267948966, 4.0
97, 137, 413, 289, 414, 287, -1, 2, 2.0344439357957027, 2.23606797749979
97, 138, 496, 102, 497, 105, -1, -3, -1.892546881191539, 3.1622776601683795
97, 139, 1132, 574, 1130, 570, 2, 4, 1.1071487177940904, 4.47213595499958
97, 141, 774, 44, 777, 44, -3, 0, 3.141592653589793, 3.0
97, 142, 697, 476, 697, 481, 0, -5, -1.5707963267948966, 5.0
97, 144, 82, 566, 84, 564, -2, 2, 2.356194490192345, 2.8284271247461903
97, 145, 19, 392, 16, 390, 3, 2, 0.5880026035475675, 3.605551275463989
97, 146, 1101, 340, 1104, 343, -3, -3, -2.356194490192345, 4.242640687119285
97, 147, 1122, 234, 1125, 239, -3, -5, -2.1112158270654806, 5.830951894845301
97, 148, 1135, 553, 1134, 551, 1, 2, 1.1071487177940904, 2.23606797749979
97, 149, 416, 280, 417, 278, -1, 2, 2.0344439357957027, 2.23606797749979
97, 150, 401, 330, 402, 329, -1, 1, 2.356194490192345, 1.4142135623730951
97, 151, 735, 642, 737, 638, -2, 4, 2.0344439357957027, 4.47213595499958
97, 152, 1181, 636, 1180, 631, 1, 5, 1.373400766945016, 5.0990195135927845
97, 153, 884, 61, 886, 60, -2, 1, 2.677945044588987, 2.23606797749979
97, 154, 848, 593, 850, 597, -2, -4, -2.0344439357957027, 4.47213595499958
97, 155, 649, 296, 649, 293, 0, 3, 1.5707963267948966, 3.0
97, 156, 607, 304, 608, 302, -1, 2, 2.0344439357957027, 2.23606797749979
97, 157, 412, 405, 414, 403, -2, 2, 2.356194490192345, 2.8284271247461903
97, 158, 1177, 122, 1178, 118, -1, 4, 1.8157749899217608, 4.123105625617661
97, 159, 1213, 176, 1211, 173, 2, 3, 0.982793723247329, 3.605551275463989
97, 160, 674, 191, 674, 188, 0, 3, 1.5707963267948966, 3.0
97, 161, 684, 483, 684, 488, 0, -5, -1.5707963267948966, 5.0
97, 162, 27, 447, 25, 447, 2, 0, 0.0, 2.0
97, 163, 681, 191, 682, 188, -1, 3, 1.892546881191539, 3.1622776601683795
97, 164, 1107, 347, 1111, 352, -4, -5, -2.2455372690184494, 6.4031242374328485
97, 165, 1147, 607, 1148, 603, -1, 4, 1.8157749899217608, 4.123105625617661
97, 167, 783, 65, 786, 66, -3, -1, -2.819842099193151, 3.1622776601683795
97, 168, 1128, 235, 1131, 240, -3, -5, -2.1112158270654806, 5.830951894845301
97, 169, 700, 628, 703, 625, -3, 3, 2.356194490192345, 4.242640687119285
97, 170, 499, 210, 500, 212, -1, -2, -2.0344439357957027, 2.23606797749979
97, 171, 1148, 85, 1145, 83, 3, 2, 0.5880026035475675, 3.605551275463989
97, 172, 812, 635, 811, 641, 1, -6, -1.4056476493802699, 6.082762530298219
97, 173, 889, 40, 891, 40, -2, 0, 3.141592653589793, 2.0
97, 174, 369, 362, 373, 360, -4, 2, 2.677945044588987, 4.47213595499958
97, 175, 684, 475, 684, 480, 0, -5, -1.5707963267948966, 5.0
97, 176, 776, 55, 778, 55, -2, 0, 3.141592653589793, 2.0
97, 177, 700, 640, 702, 638, -2, 2, 2.356194490192345, 2.8284271247461903
97, 178, 155, 17, 156, 15, -1, 2, 2.0344439357957027, 2.23606797749979
97, 179, 1261, 286, 1257, 283, 4, 3, 0.6435011087932844, 5.0
97, 180, 744, 662, 745, 664, -1, -2, -2.0344439357957027, 2.23606797749979
97, 181, 1151, 176, 1150, 174, 1, 2, 1.1071487177940904, 2.23606797749979
97, 182, 94, 566, 96, 563, -2, 3, 2.158798930342464, 3.605551275463989
97, 183, 157, 51, 159, 51, -2, 0, 3.141592653589793, 2.0
97, 184, 1261, 256, 1261, 254, 0, 2, 1.5707963267948966, 2.0
98, 0, 80, 576, 80, 574, 0, 2, 1.5707963267948966, 2.0
98, 1, 813, 557, 813, 562, 0, -5, -1.5707963267948966, 5.0
98, 2, 462, 681, 461, 686, 1, -5, -1.373400766945016, 5.0990195135927845
98, 3, 826, 558, 827, 562, -1, -4, -1.8157749899217608, 4.123105625617661
98, 4, 497, 603, 497, 607, 0, -4, -1.5707963267948966, 4.0
98, 5, 669, 254, 669, 251, 0, 3, 1.5707963267948966, 3.0
98, 7, 484, 607, 484, 611, 0, -4, -1.5707963267948966, 4.0
98, 8, 811, 213, 812, 215, -1, -2, -2.0344439357957027, 2.23606797749979
98, 9, 894, 31, 896, 31, -2, 0, 3.141592653589793, 2.0
98, 10, 702, 678, 705, 675, -3, 3, 2.356194490192345, 4.242640687119285
98, 11, 704, 382, 705, 386, -1, -4, -1.8157749899217608, 4.123105625617661
98, 13, 489, 122, 490, 124, -1, -2, -2.0344439357957027, 2.23606797749979
98, 15, 1092, 282, 1096, 283, -4, -1, -2.896613990462929, 4.123105625617661
98, 16, 684, 489, 684, 494, 0, -5, -1.5707963267948966, 5.0
98, 17, 1254, 256, 1252, 253, 2, 3, 0.982793723247329, 3.605551275463989
98, 18, 486, 27, 487, 29, -1, -2, -2.0344439357957027, 2.23606797749979
98, 19, 480, 18, 480, 20, 0, -2, -1.5707963267948966, 2.0
98, 20, 794, 621, 794, 625, 0, -4, -1.5707963267948966, 4.0
98, 23, 696, 491, 697, 496, -1, -5, -1.7681918866447774, 5.0990195135927845
98, 25, 392, 321, 393, 318, -1, 3, 1.892546881191539, 3.1622776601683795
98, 26, 1124, 246, 1126, 250, -2, -4, -2.0344439357957027, 4.47213595499958
98, 27, 1126, 503, 1126, 499, 0, 4, 1.5707963267948966, 4.0
98, 28, 465, 605, 466, 610, -1, -5, -1.7681918866447774, 5.0990195135927845
98, 29, 62, 461, 60, 459, 2, 2, 0.7853981633974483, 2.8284271247461903
98, 32, 723, 608, 727, 605, -4, 3, 2.498091544796509, 5.0
98, 33, 1130, 60, 1128, 60, 2, 0, 0.0, 2.0
98, 34, 1176, 91, 1177, 90, -1, 1, 2.356194490192345, 1.4142135623730951
98, 35, 138, 76, 137, 77, 1, -1, -0.7853981633974483, 1.4142135623730951
98, 36, 493, 674, 493, 678, 0, -4, -1.5707963267948966, 4.0
98, 37, 137, 33, 134, 33, 3, 0, 0.0, 3.0
98, 39, 679, 187, 680, 184, -1, 3, 1.892546881191539, 3.1622776601683795
98, 40, 132, 631, 135, 630, -3, 1, 2.819842099193151, 3.1622776601683795
98, 42, 672, 271, 674, 271, -2, 0, 3.141592653589793, 2.0
98, 43, 804, 178, 805, 180, -1, -2, -2.0344439357957027, 2.23606797749979
98, 45, 120, 629, 124, 626, -4, 3, 2.498091544796509, 5.0
98, 46, 686, 202, 687, 199, -1, 3, 1.892546881191539, 3.1622776601683795
98, 47, 484, 194, 484, 197, 0, -3, -1.5707963267948966, 3.0
98, 48, 735, 343, 736, 348, -1, -5, -1.7681918866447774, 5.0990195135927845
98, 50, 1233, 289, 1231, 286, 2, 3, 0.982793723247329, 3.605551275463989
98, 51, 765, 142, 765, 140, 0, 2, 1.5707963267948966, 2.0
98, 52, 730, 433, 730, 438, 0, -5, -1.5707963267948966, 5.0
98, 53, 817, 616, 817, 620, 0, -4, -1.5707963267948966, 4.0
98, 56, 470, 194, 470, 197, 0, -3, -1.5707963267948966, 3.0
98, 57, 477, 26, 478, 28, -1, -2, -2.0344439357957027, 2.23606797749979
98, 58, 500, 130, 500, 132, 0, -2, -1.5707963267948966, 2.0
98, 59, 679, 270, 682, 271, -3, -1, -2.819842099193151, 3.1622776601683795
98, 60, 629, 252, 630, 251, -1, 1, 2.356194490192345, 1.4142135623730951
98, 61, 135, 42, 131, 42, 4, 0, 0.0, 4.0
98, 62, 448, 658, 448, 663, 0, -5, -1.5707963267948966, 5.0
98, 64, 77, 646, 79, 641, -2, 5, 1.9513027039072615, 5.385164807134504
98, 66, 35, 389, 32, 386, 3, 3, 0.7853981633974483, 4.242640687119285
98, 67, 759, 134, 759, 132, 0, 2, 1.5707963267948966, 2.0
98, 68, 484, 157, 485, 159, -1, -2, -2.0344439357957027, 2.23606797749979
98, 71, 754, 141, 754, 139, 0, 2, 1.5707963267948966, 2.0
98, 72, 449, 680, 449, 684, 0, -4, -1.5707963267948966, 4.0
98, 73, 499, 663, 500, 667, -1, -4, -1.8157749899217608, 4.123105625617661
98, 74, 705, 607, 709, 604, -4, 3, 2.498091544796509, 5.0
98, 75, 682, 586, 684, 592, -2, -6, -1.892546881191539, 6.324555320336759
98, 76, 1098, 332, 1100, 333, -2, -1, -2.677945044588987, 2.23606797749979
98, 77, 1142, 51, 1140, 51, 2, 0, 0.0, 2.0
98, 78, 490, 131, 490, 133, 0, -2, -1.5707963267948966, 2.0
98, 79, 797, 171, 798, 173, -1, -2, -2.0344439357957027, 2.23606797749979
98, 80, 1121, 277, 1124, 279, -3, -2, -2.5535900500422257, 3.605551275463989
98, 81, 1220, 298, 1218, 295, 2, 3, 0.982793723247329, 3.605551275463989
98, 83, 109, 655, 112, 653, -3, 2, 2.5535900500422257, 3.605551275463989
98, 84, 673, 534, 673, 538, 0, -4, -1.5707963267948966, 4.0
98, 85, 623, 332, 624, 328, -1, 4, 1.8157749899217608, 4.123105625617661
98, 86, 1114, 652, 1113, 647, 1, 5, 1.373400766945016, 5.0990195135927845
98, 88, 1118, 535, 1117, 532, 1, 3, 1.2490457723982544, 3.1622776601683795
98, 89, 1117, 292, 1120, 293, -3, -1, -2.819842099193151, 3.1622776601683795
98, 91, 386, 254, 387, 251, -1, 3, 1.892546881191539, 3.1622776601683795
98, 92, 1222, 320, 1222, 317, 0, 3, 1.5707963267948966, 3.0
98, 93, 478, 182, 478, 185, 0, -3, -1.5707963267948966, 3.0
98, 94, 717, 598, 721, 595, -4, 3, 2.498091544796509, 5.0
98, 97, 690, 496, 691, 502, -1, -6, -1.7359450042095235, 6.082762530298219
98, 98, 1112, 248, 1114, 251, -2, -3, -2.158798930342464, 3.605551275463989
98, 99, 800, 567, 801, 571, -1, -4, -1.8157749899217608, 4.123105625617661
98, 101, 1171, 507, 1169, 503, 2, 4, 1.1071487177940904, 4.47213595499958
98, 103, 1180, 684, 1179, 680, 1, 4, 1.3258176636680326, 4.123105625617661
98, 104, 707, 599, 711, 595, -4, 4, 2.356194490192345, 5.656854249492381
98, 105, 1261, 272, 1261, 270, 0, 2, 1.5707963267948966, 2.0
98, 106, 372, 380, 373, 378, -1, 2, 2.0344439357957027, 2.23606797749979
98, 107, 83, 650, 85, 646, -2, 4, 2.0344439357957027, 4.47213595499958
98, 108, 1182, 253, 1181, 250, 1, 3, 1.2490457723982544, 3.1622776601683795
98, 109, 706, 539, 706, 542, 0, -3, -1.5707963267948966, 3.0
98, 110, 467, 598, 468, 603, -1, -5, -1.7681918866447774, 5.0990195135927845
98, 112, 495, 626, 496, 631, -1, -5, -1.7681918866447774, 5.0990195135927845
98, 114, 1176, 100, 1177, 98, -1, 2, 2.0344439357957027, 2.23606797749979
98, 116, 383, 335, 384, 332, -1, 3, 1.892546881191539, 3.1622776601683795
98, 118, 1194, 239, 1194, 236, 0, 3, 1.5707963267948966, 3.0
98, 121, 477, 685, 476, 690, 1, -5, -1.373400766945016, 5.0990195135927845
98, 122, 381, 283, 382, 280, -1, 3, 1.892546881191539, 3.1622776601683795
98, 124, 507, 203, 508, 206, -1, -3, -1.892546881191539, 3.1622776601683795
98, 126, 387, 325, 388, 322, -1, 3, 1.892546881191539, 3.1622776601683795
98, 127, 693, 648, 696, 646, -3, 2, 2.5535900500422257, 3.605551275463989
98, 128, 1171, 135, 1172, 133, -1, 2, 2.0344439357957027, 2.23606797749979
98, 130, 1164, 558, 1161, 555, 3, 3, 0.7853981633974483, 4.242640687119285
98, 131, 690, 485, 691, 490, -1, -5, -1.7681918866447774, 5.0990195135927845
98, 132, 412, 291, 413, 289, -1, 2, 2.0344439357957027, 2.23606797749979
98, 134, 1133, 577, 1132, 574, 1, 3, 1.2490457723982544, 3.1622776601683795
98, 136, 772, 43, 774, 44, -2, -1, -2.677945044588987, 2.23606797749979
98, 137, 697, 471, 697, 476, 0, -5, -1.5707963267948966, 5.0
98, 139, 81, 569, 82, 566, -1, 3, 1.892546881191539, 3.1622776601683795
98, 140, 22, 395, 19, 392, 3, 3, 0.7853981633974483, 4.242640687119285
98, 141, 1098, 337, 1101, 340, -3, -3, -2.356194490192345, 4.242640687119285
98, 142, 1120, 230, 1122, 234, -2, -4, -2.0344439357957027, 4.47213595499958
98, 143, 1135, 557, 1135, 553, 0, 4, 1.5707963267948966, 4.0
98, 144, 415, 282, 416, 280, -1, 2, 2.0344439357957027, 2.23606797749979
98, 145, 400, 331, 401, 330, -1, 1, 2.356194490192345, 1.4142135623730951
98, 146, 732, 645, 735, 642, -3, 3, 2.356194490192345, 4.242640687119285
98, 147, 1181, 641, 1181, 636, 0, 5, 1.5707963267948966, 5.0
98, 148, 882, 61, 884, 61, -2, 0, 3.141592653589793, 2.0
98, 149, 847, 588, 848, 593, -1, -5, -1.7681918866447774, 5.0990195135927845
98, 150, 649, 299, 649, 296, 0, 3, 1.5707963267948966, 3.0
98, 152, 410, 407, 412, 405, -2, 2, 2.356194490192345, 2.8284271247461903
98, 153, 1176, 124, 1177, 122, -1, 2, 2.0344439357957027, 2.23606797749979
98, 155, 673, 194, 674, 191, -1, 3, 1.892546881191539, 3.1622776601683795
98, 156, 683, 478, 684, 483, -1, -5, -1.7681918866447774, 5.0990195135927845
98, 157, 29, 448, 27, 447, 2, 1, 0.4636476090008061, 2.23606797749979
98, 158, 680, 194, 681, 191, -1, 3, 1.892546881191539, 3.1622776601683795
98, 159, 1104, 343, 1107, 347, -3, -4, -2.214297435588181, 5.0
98, 160, 1149, 607, 1147, 607, 2, 0, 0.0, 2.0
98, 161, 781, 64, 783, 65, -2, -1, -2.677945044588987, 2.23606797749979
98, 162, 1126, 231, 1128, 235, -2, -4, -2.0344439357957027, 4.47213595499958
98, 163, 697, 631, 700, 628, -3, 3, 2.356194490192345, 4.242640687119285
98, 164, 498, 208, 499, 210, -1, -2, -2.0344439357957027, 2.23606797749979
98, 165, 1149, 86, 1148, 85, 1, 1, 0.7853981633974483, 1.4142135623730951
98, 166, 812, 633, 812, 635, 0, -2, -1.5707963267948966, 2.0
98, 167, 367, 365, 369, 362, -2, 3, 2.158798930342464, 3.605551275463989
98, 168, 683, 470, 684, 475, -1, -5, -1.7681918866447774, 5.0990195135927845
98, 170, 697, 643, 700, 640, -3, 3, 2.356194490192345, 4.242640687119285
98, 172, 1261, 289, 1261, 286, 0, 3, 1.5707963267948966, 3.0
98, 173, 742, 661, 744, 662, -2, -1, -2.677945044588987, 2.23606797749979
98, 174, 1150, 177, 1151, 176, -1, 1, 2.356194490192345, 1.4142135623730951
98, 175, 92, 569, 94, 566, -2, 3, 2.158798930342464, 3.605551275463989
98, 177, 1261, 259, 1261, 256, 0, 3, 1.5707963267948966, 3.0
99, 0, 79, 578, 80, 576, -1, 2, 2.0344439357957027, 2.23606797749979
99, 1, 813, 552, 813, 557, 0, -5, -1.5707963267948966, 5.0
99, 2, 462, 676, 462, 681, 0, -5, -1.5707963267948966, 5.0
99, 3, 826, 554, 826, 558, 0, -4, -1.5707963267948966, 4.0
99, 4, 498, 599, 497, 603, 1, -4, -1.3258176636680326, 4.123105625617661
99, 5, 669, 257, 669, 254, 0, 3, 1.5707963267948966, 3.0
99, 6, 401, 397, 403, 398, -2, -1, -2.677945044588987, 2.23606797749979
99, 7, 484, 603, 484, 607, 0, -4, -1.5707963267948966, 4.0
99, 8, 810, 210, 811, 213, -1, -3, -1.892546881191539, 3.1622776601683795
99, 9, 892, 30, 894, 31, -2, -1, -2.677945044588987, 2.23606797749979
99, 10, 698, 681, 702, 678, -4, 3, 2.498091544796509, 5.0
99, 11, 703, 378, 704, 382, -1, -4, -1.8157749899217608, 4.123105625617661
99, 13, 489, 120, 489, 122, 0, -2, -1.5707963267948966, 2.0
99, 15, 1088, 281, 1092, 282, -4, -1, -2.896613990462929, 4.123105625617661
99, 16, 684, 484, 684, 489, 0, -5, -1.5707963267948966, 5.0
99, 17, 1256, 259, 1254, 256, 2, 3, 0.982793723247329, 3.605551275463989
99, 18, 485, 25, 486, 27, -1, -2, -2.0344439357957027, 2.23606797749979
99, 19, 479, 16, 480, 18, -1, -2, -2.0344439357957027, 2.23606797749979
99, 20, 793, 616, 794, 621, -1, -5, -1.7681918866447774, 5.0990195135927845
99, 21, 1125, 94, 1123, 93, 2, 1, 0.4636476090008061, 2.23606797749979
99, 23, 695, 486, 696, 491, -1, -5, -1.7681918866447774, 5.0990195135927845
99, 24, 391, 324, 392, 321, -1, 3, 1.892546881191539, 3.1622776601683795
99, 25, 1122, 242, 1124, 246, -2, -4, -2.0344439357957027, 4.47213595499958
99, 26, 1126, 507, 1126, 503, 0, 4, 1.5707963267948966, 4.0
99, 27, 464, 600, 465, 605, -1, -5, -1.7681918866447774, 5.0990195135927845
99, 31, 719, 611, 723, 608, -4, 3, 2.498091544796509, 5.0
99, 32, 1132, 59, 1130, 60, 2, -1, -0.4636476090008061, 2.23606797749979
99, 34, 139, 75, 138, 76, 1, -1, -0.7853981633974483, 1.4142135623730951
99, 35, 140, 33, 137, 33, 3, 0, 0.0, 3.0
99, 37, 678, 190, 679, 187, -1, 3, 1.892546881191539, 3.1622776601683795
99, 38, 129, 636, 132, 631, -3, 5, 2.1112158270654806, 5.830951894845301
99, 39, 894, 40, 896, 40, -2, 0, 3.141592653589793, 2.0
99, 40, 670, 270, 672, 271, -2, -1, -2.677945044588987, 2.23606797749979
99, 41, 803, 176, 804, 178, -1, -2, -2.0344439357957027, 2.23606797749979
99, 42, 62, 483, 61, 484, 1, -1, -0.7853981633974483, 1.4142135623730951
99, 43, 117, 632, 120, 629, -3, 3, 2.356194490192345, 4.242640687119285
99, 44, 685, 205, 686, 202, -1, 3, 1.892546881191539, 3.1622776601683795
99, 45, 483, 190, 484, 194, -1, -4, -1.8157749899217608, 4.123105625617661
99, 46, 735, 338, 735, 343, 0, -5, -1.5707963267948966, 5.0
99, 48, 1235, 292, 1233, 289, 2, 3, 0.982793723247329, 3.605551275463989
99, 49, 765, 144, 765, 142, 0, 2, 1.5707963267948966, 2.0
99, 50, 729, 430, 730, 433, -1, -3, -1.892546881191539, 3.1622776601683795
99, 51, 816, 611, 817, 616, -1, -5, -1.7681918866447774, 5.0990195135927845
99, 54, 470, 190, 470, 194, 0, -4, -1.5707963267948966, 4.0
99, 55, 476, 24, 477, 26, -1, -2, -2.0344439357957027, 2.23606797749979
99, 56, 500, 128, 500, 130, 0, -2, -1.5707963267948966, 2.0
99, 57, 677, 269, 679, 270, -2, -1, -2.677945044588987, 2.23606797749979
99, 58, 628, 254, 629, 252, -1, 2, 2.0344439357957027, 2.23606797749979
99, 59, 139, 42, 135, 42, 4, 0, 0.0, 4.0
99, 60, 447, 653, 448, 658, -1, -5, -1.7681918866447774, 5.0990195135927845
99, 62, 75, 650, 77, 646, -2, 4, 2.0344439357957027, 4.47213595499958
99, 64, 38, 393, 35, 389, 3, 4, 0.9272952180016122, 5.0
99, 65, 759, 136, 759, 134, 0, 2, 1.5707963267948966, 2.0
99, 66, 483, 155, 484, 157, -1, -2, -2.0344439357957027, 2.23606797749979
99, 69, 753, 143, 754, 141, -1, 2, 2.0344439357957027, 2.23606797749979
99, 70, 449, 676, 449, 680, 0, -4, -1.5707963267948966, 4.0
99, 71, 497, 660, 499, 663, -2, -3, -2.158798930342464, 3.605551275463989
99, 72, 701, 611, 705, 607, -4, 4, 2.356194490192345, 5.656854249492381
99, 73, 680, 581, 682, 586, -2, -5, -1.9513027039072615, 5.385164807134504
99, 74, 1096, 331, 1098, 332, -2, -1, -2.677945044588987, 2.23606797749979
99, 75, 1144, 51, 1142, 51, 2, 0, 0.0, 2.0
99, 76, 490, 129, 490, 131, 0, -2, -1.5707963267948966, 2.0
99, 77, 796, 169, 797, 171, -1, -2, -2.0344439357957027, 2.23606797749979
99, 78, 1119, 276, 1121, 277, -2, -1, -2.677945044588987, 2.23606797749979
99, 79, 1222, 301, 1220, 298, 2, 3, 0.982793723247329, 3.605551275463989
99, 81, 106, 658, 109, 655, -3, 3, 2.356194490192345, 4.242640687119285
99, 82, 673, 530, 673, 534, 0, -4, -1.5707963267948966, 4.0
99, 83, 622, 336, 623, 332, -1, 4, 1.8157749899217608, 4.123105625617661
99, 84, 1115, 658, 1114, 652, 1, 6, 1.4056476493802699, 6.082762530298219
99, 86, 1120, 538, 1118, 535, 2, 3, 0.982793723247329, 3.605551275463989
99, 87, 1115, 291, 1117, 292, -2, -1, -2.677945044588987, 2.23606797749979
99, 89, 385, 257, 386, 254, -1, 3, 1.892546881191539, 3.1622776601683795
99, 90, 1222, 323, 1222, 320, 0, 3, 1.5707963267948966, 3.0
99, 91, 478, 178, 478, 182, 0, -4, -1.5707963267948966, 4.0
99, 92, 713, 602, 717, 598, -4, 4, 2.356194490192345, 5.656854249492381
99, 94, 689, 491, 690, 496, -1, -5, -1.7681918866447774, 5.0990195135927845
99, 95, 1110, 245, 1112, 248, -2, -3, -2.158798930342464, 3.605551275463989
99, 96, 799, 563, 800, 567, -1, -4, -1.8157749899217608, 4.123105625617661
99, 98, 1173, 511, 1171, 507, 2, 4, 1.1071487177940904, 4.47213595499958
99, 100, 1181, 688, 1180, 684, 1, 4, 1.3258176636680326, 4.123105625617661
99, 101, 703, 603, 707, 599, -4, 4, 2.356194490192345, 5.656854249492381
99, 102, 1261, 274, 1261, 272, 0, 2, 1.5707963267948966, 2.0
99, 103, 371, 382, 372, 380, -1, 2, 2.0344439357957027, 2.23606797749979
99, 104, 81, 653, 83, 650, -2, 3, 2.158798930342464, 3.605551275463989
99, 105, 1183, 255, 1182, 253, 1, 2, 1.1071487177940904, 2.23606797749979
99, 106, 706, 536, 706, 539, 0, -3, -1.5707963267948966, 3.0
99, 107, 466, 593, 467, 598, -1, -5, -1.7681918866447774, 5.0990195135927845
99, 109, 494, 623, 495, 626, -1, -3, -1.892546881191539, 3.1622776601683795
99, 113, 382, 339, 383, 335, -1, 4, 1.8157749899217608, 4.123105625617661
99, 115, 1194, 241, 1194, 239, 0, 2, 1.5707963267948966, 2.0
99, 118, 478, 680, 477, 685, 1, -5, -1.373400766945016, 5.0990195135927845
99, 119, 380, 286, 381, 283, -1, 3, 1.892546881191539, 3.1622776601683795
99, 121, 505, 199, 507, 203, -2, -4, -2.0344439357957027, 4.47213595499958
99, 123, 386, 328, 387, 325, -1, 3, 1.892546881191539, 3.1622776601683795
99, 124, 690, 650, 693, 648, -3, 2, 2.5535900500422257, 3.605551275463989
99, 125, 1170, 136, 1171, 135, -1, 1, 2.356194490192345, 1.4142135623730951
99, 127, 1167, 561, 1164, 558, 3, 3, 0.7853981633974483, 4.242640687119285
99, 128, 689, 480, 690, 485, -1, -5, -1.7681918866447774, 5.0990195135927845
99, 129, 411, 293, 412, 291, -1, 2, 2.0344439357957027, 2.23606797749979
99, 130, 495, 99, 496, 101, -1, -2, -2.0344439357957027, 2.23606797749979
99, 131, 1134, 579, 1133, 577, 1, 2, 1.1071487177940904, 2.23606797749979
99, 133, 770, 42, 772, 43, -2, -1, -2.677945044588987, 2.23606797749979
99, 134, 696, 466, 697, 471, -1, -5, -1.7681918866447774, 5.0990195135927845
99, 135, 1113, 112, 1112, 111, 1, 1, 0.7853981633974483, 1.4142135623730951
99, 136, 80, 572, 81, 569, -1, 3, 1.892546881191539, 3.1622776601683795
99, 137, 25, 398, 22, 395, 3, 3, 0.7853981633974483, 4.242640687119285
99, 138, 1096, 334, 1098, 337, -2, -3, -2.158798930342464, 3.605551275463989
99, 139, 1118, 226, 1120, 230, -2, -4, -2.0344439357957027, 4.47213595499958
99, 140, 1135, 560, 1135, 557, 0, 3, 1.5707963267948966, 3.0
99, 141, 414, 284, 415, 282, -1, 2, 2.0344439357957027, 2.23606797749979
99, 142, 399, 333, 400, 331, -1, 2, 2.0344439357957027, 2.23606797749979
99, 143, 727, 647, 732, 645, -5, 2, 2.761086276477428, 5.385164807134504
99, 144, 1182, 646, 1181, 641, 1, 5, 1.373400766945016, 5.0990195135927845
99, 146, 846, 583, 847, 588, -1, -5, -1.7681918866447774, 5.0990195135927845
99, 147, 649, 301, 649, 299, 0, 2, 1.5707963267948966, 2.0
99, 149, 407, 409, 410, 407, -3, 2, 2.5535900500422257, 3.605551275463989
99, 150, 1175, 125, 1176, 124, -1, 1, 2.356194490192345, 1.4142135623730951
99, 152, 672, 197, 673, 194, -1, 3, 1.892546881191539, 3.1622776601683795
99, 153, 682, 473, 683, 478, -1, -5, -1.7681918866447774, 5.0990195135927845
99, 154, 31, 449, 29, 448, 2, 1, 0.4636476090008061, 2.23606797749979
99, 155, 679, 197, 680, 194, -1, 3, 1.892546881191539, 3.1622776601683795
99, 156, 1101, 340, 1104, 343, -3, -3, -2.356194490192345, 4.242640687119285
99, 157, 1152, 607, 1149, 607, 3, 0, 0.0, 3.0
99, 158, 1124, 226, 1126, 231, -2, -5, -1.9513027039072615, 5.385164807134504
99, 159, 694, 634, 697, 631, -3, 3, 2.356194490192345, 4.242640687119285
99, 160, 497, 205, 498, 208, -1, -3, -1.892546881191539, 3.1622776601683795
99, 161, 1150, 87, 1149, 86, 1, 1, 0.7853981633974483, 1.4142135623730951
99, 163, 366, 367, 367, 365, -1, 2, 2.0344439357957027, 2.23606797749979
99, 164, 682, 466, 683, 470, -1, -4, -1.8157749899217608, 4.123105625617661
99, 166, 694, 646, 697, 643, -3, 3, 2.356194490192345, 4.242640687119285
99, 168, 1261, 292, 1261, 289, 0, 3, 1.5707963267948966, 3.0
99, 169, 738, 656, 742, 661, -4, -5, -2.2455372690184494, 6.4031242374328485
99, 171, 90, 572, 92, 569, -2, 3, 2.158798930342464, 3.605551275463989
99, 172, 1261, 262, 1261, 259, 0, 3, 1.5707963267948966, 3.0
100, 1, 391, 322, 392, 319, -1, 3, 1.892546881191539, 3.1622776601683795
100, 2, 830, 551, 830, 555, 0, -4, -1.5707963267948966, 4.0
100, 3, 493, 126, 493, 128, 0, -2, -1.5707963267948966, 2.0
100, 4, 459, 677, 459, 682, 0, -5, -1.5707963267948966, 5.0
100, 5, 383, 284, 384, 281, -1, 3, 1.892546881191539, 3.1622776601683795
100, 6, 816, 552, 816, 556, 0, -4, -1.5707963267948966, 4.0
100, 7, 486, 596, 486, 600, 0, -4, -1.5707963267948966, 4.0
100, 8, 813, 213, 814, 216, -1, -3, -1.892546881191539, 3.1622776601683795
100, 10, 895, 30, 897, 31, -2, -1, -2.677945044588987, 2.23606797749979
100, 11, 80, 586, 80, 584, 0, 2, 1.5707963267948966, 2.0
100, 12, 702, 611, 706, 607, -4, 4, 2.356194490192345, 5.656854249492381
100, 13, 708, 681, 710, 679, -2, 2, 2.356194490192345, 2.8284271247461903
100, 14, 1255, 258, 1252, 255, 3, 3, 0.7853981633974483, 4.242640687119285
100, 16, 795, 13, 796, 16, -1, -3, -1.892546881191539, 3.1622776601683795
100, 18, 1091, 287, 1095, 289, -4, -2, -2.677945044588987, 4.47213595499958
100, 19, 469, 597, 470, 601, -1, -4, -1.8157749899217608, 4.123105625617661
100, 20, 660, 10, 660, 12, 0, -2, -1.5707963267948966, 2.0
100, 21, 488, 32, 489, 34, -1, -2, -2.0344439357957027, 2.23606797749979
100, 22, 683, 484, 683, 489, 0, -5, -1.5707963267948966, 5.0
100, 23, 481, 22, 482, 24, -1, -2, -2.0344439357957027, 2.23606797749979
100, 24, 1126, 247, 1128, 252, -2, -5, -1.9513027039072615, 5.385164807134504
100, 26, 1124, 93, 1122, 92, 2, 1, 0.4636476090008061, 2.23606797749979
100, 27, 1125, 295, 1126, 297, -1, -2, -2.0344439357957027, 2.23606797749979
100, 28, 766, 144, 766, 141, 0, 3, 1.5707963267948966, 3.0
100, 29, 699, 487, 700, 492, -1, -5, -1.7681918866447774, 5.0990195135927845
100, 30, 1132, 514, 1133, 510, -1, 4, 1.8157749899217608, 4.123105625617661
100, 31, 1142, 570, 1140, 567, 2, 3, 0.982793723247329, 3.605551275463989
100, 33, 896, 40, 898, 40, -2, 0, 3.141592653589793, 2.0
100, 36, 736, 339, 736, 344, 0, -5, -1.5707963267948966, 5.0
100, 37, 681, 187, 682, 185, -1, 2, 2.0344439357957027, 2.23606797749979
100, 38, 1161, 618, 1160, 614, 1, 4, 1.3258176636680326, 4.123105625617661
100, 40, 486, 160, 487, 163, -1, -3, -1.892546881191539, 3.1622776601683795
100, 41, 1217, 320, 1216, 317, 1, 3, 1.2490457723982544, 3.1622776601683795
100, 43, 149, 79, 148, 81, 1, -2, -1.1071487177940904, 2.23606797749979
100, 45, 743, 173, 744, 172, -1, 1, 2.356194490192345, 1.4142135623730951
100, 46, 38, 393, 35, 390, 3, 3, 0.7853981633974483, 4.242640687119285
100, 47, 471, 195, 471, 200, 0, -5, -1.5707963267948966, 5.0
100, 48, 763, 137, 764, 134, -1, 3, 1.892546881191539, 3.1622776601683795
100, 49, 65, 437, 64, 435, 1, 2, 1.1071487177940904, 2.23606797749979
100, 50, 479, 31, 480, 33, -1, -2, -2.0344439357957027, 2.23606797749979
100, 51, 502, 135, 502, 137, 0, -2, -1.5707963267948966, 2.0
100, 52, 139, 35, 136, 35, 3, 0, 0.0, 3.0
100, 53, 633, 348, 634, 347, -1, 1, 2.356194490192345, 1.4142135623730951
100, 55, 687, 204, 688, 201, -1, 3, 1.892546881191539, 3.1622776601683795
100, 57, 1118, 663, 1117, 658, 1, 5, 1.373400766945016, 5.0990195135927845
100, 58, 754, 142, 755, 139, -1, 3, 1.892546881191539, 3.1622776601683795
100, 59, 1119, 561, 1119, 559, 0, 2, 1.5707963267948966, 2.0
100, 60, 500, 213, 501, 216, -1, -3, -1.892546881191539, 3.1622776601683795
100, 61, 810, 17, 810, 19, 0, -2, -1.5707963267948966, 2.0
100, 62, 83, 487, 79, 484, 4, 3, 0.6435011087932844, 5.0
100, 63, 484, 194, 485, 198, -1, -4, -1.8157749899217608, 4.123105625617661
100, 64, 1261, 273, 1273, 270, -12, 3, 2.896613990462929, 12.36931687685298
100, 65, 138, 45, 134, 45, 4, 0, 0.0, 4.0
100, 66, 1124, 551, 1123, 549, 1, 2, 1.1071487177940904, 2.23606797749979
100, 69, 629, 251, 630, 250, -1, 1, 2.356194490192345, 1.4142135623730951
100, 70, 688, 687, 692, 683, -4, 4, 2.356194490192345, 5.656854249492381
100, 71, 804, 180, 806, 183, -2, -3, -2.158798930342464, 3.605551275463989
100, 72, 1214, 222, 1214, 220, 0, 2, 1.5707963267948966, 2.0
100, 73, 479, 183, 479, 188, 0, -5, -1.5707963267948966, 5.0
100, 74, 704, 374, 705, 379, -1, -5, -1.7681918866447774, 5.0990195135927845
100, 76, 417, 293, 418, 290, -1, 3, 1.892546881191539, 3.1622776601683795
100, 77, 448, 678, 449, 682, -1, -4, -1.8157749899217608, 4.123105625617661
100, 78, 498, 651, 500, 655, -2, -4, -2.0344439357957027, 4.47213595499958
100, 79, 1115, 247, 1117, 251, -2, -4, -2.0344439357957027, 4.47213595499958
100, 80, 1143, 51, 1141, 51, 2, 0, 0.0, 2.0
100, 82, 672, 41, 671, 42, 1, -1, -0.7853981633974483, 1.4142135623730951
100, 83, 750, 208, 750, 206, 0, 2, 1.5707963267948966, 2.0
100, 84, 492, 137, 492, 139, 0, -2, -1.5707963267948966, 2.0
100, 85, 1130, 59, 1128, 59, 2, 0, 0.0, 2.0
100, 87, 165, 94, 162, 96, 3, -2, -0.5880026035475675, 3.605551275463989
100, 88, 452, 651, 453, 656, -1, -5, -1.7681918866447774, 5.0990195135927845
100, 89, 671, 256, 671, 253, 0, 3, 1.5707963267948966, 3.0
100, 90, 188, 701, 188, 715, 0, -14, -1.5707963267948966, 14.0
100, 91, 480, 287, 481, 290, -1, -3, -1.892546881191539, 3.1622776601683795
100, 92, 786, 212, 787, 215, -1, -3, -1.892546881191539, 3.1622776601683795
100, 95, 723, 613, 727, 610, -4, 3, 2.498091544796509, 5.0
100, 96, 691, 494, 692, 499, -1, -5, -1.7681918866447774, 5.0990195135927845
100, 97, 803, 561, 804, 565, -1, -4, -1.8157749899217608, 4.123105625617661
100, 98, 717, 601, 721, 597, -4, 4, 2.356194490192345, 5.656854249492381
100, 99, 811, 194, 812, 197, -1, -3, -1.892546881191539, 3.1622776601683795
100, 100, 802, 593, 803, 599, -1, -6, -1.7359450042095235, 6.082762530298219
100, 101, 1181, 267, 1181, 265, 0, 2, 1.5707963267948966, 2.0
100, 103, 707, 529, 707, 532, 0, -3, -1.5707963267948966, 3.0
100, 104, 684, 468, 685, 473, -1, -5, -1.7681918866447774, 5.0990195135927845
100, 105, 819, 611, 819, 614, 0, -3, -1.5707963267948966, 3.0
100, 107, 50, 454, 50, 450, 0, 4, 1.5707963267948966, 4.0
100, 109, 387, 254, 388, 251, -1, 3, 1.892546881191539, 3.1622776601683795
100, 110, 688, 567, 689, 569, -1, -2, -2.0344439357957027, 2.23606797749979
100, 111, 675, 527, 675, 531, 0, -4, -1.5707963267948966, 4.0
100, 112, 410, 430, 413, 428, -3, 2, 2.5535900500422257, 3.605551275463989
100, 115, 85, 498, 83, 496, 2, 2, 0.7853981633974483, 2.8284271247461903
100, 116, 1237, 291, 1235, 288, 2, 3, 0.982793723247329, 3.605551275463989
100, 117, 798, 172, 799, 175, -1, -3, -1.892546881191539, 3.1622776601683795
100, 118, 772, 71, 773, 73, -1, -2, -2.0344439357957027, 2.23606797749979
100, 119, 626, 340, 627, 338, -1, 2, 2.0344439357957027, 2.23606797749979
100, 120, 387, 328, 388, 325, -1, 3, 1.892546881191539, 3.1622776601683795
100, 121, 697, 468, 698, 473, -1, -5, -1.7681918866447774, 5.0990195135927845
100, 122, 1215, 184, 1215, 182, 0, 2, 1.5707963267948966, 2.0
100, 123, 1120, 233, 1123, 237, -3, -4, -2.214297435588181, 5.0
100, 124, 848, 582, 849, 586, -1, -4, -1.8157749899217608, 4.123105625617661
100, 128, 409, 423, 412, 421, -3, 2, 2.5535900500422257, 3.605551275463989
100, 129, 690, 482, 691, 487, -1, -5, -1.7681918866447774, 5.0990195135927845
100, 130, 1179, 700, 1178, 698, 1, 2, 1.1071487177940904, 2.23606797749979
100, 131, 680, 576, 681, 578, -1, -2, -2.0344439357957027, 2.23606797749979
100, 132, 674, 195, 675, 193, -1, 2, 2.0344439357957027, 2.23606797749979
100, 133, 1113, 113, 1112, 112, 1, 1, 0.7853981633974483, 1.4142135623730951
100, 134, 1261, 306, 1265, 303, -4, 3, 2.498091544796509, 5.0
100, 135, 505, 198, 506, 201, -1, -3, -1.892546881191539, 3.1622776601683795
100, 137, 768, 180, 769, 179, -1, 1, 2.356194490192345, 1.4142135623730951
100, 138, 386, 337, 387, 333, -1, 4, 1.8157749899217608, 4.123105625617661
100, 139, 1212, 177, 1212, 175, 0, 2, 1.5707963267948966, 2.0
100, 140, 156, 668, 156, 665, 0, 3, 1.5707963267948966, 3.0
100, 141, 470, 590, 471, 594, -1, -4, -1.8157749899217608, 4.123105625617661
100, 142, 707, 602, 711, 598, -4, 4, 2.356194490192345, 5.656854249492381
100, 143, 1152, 87, 1151, 86, 1, 1, 0.7853981633974483, 1.4142135623730951
100, 145, 23, 399, 21, 396, 2, 3, 0.982793723247329, 3.605551275463989
100, 147, 137, 75, 136, 76, 1, -1, -0.7853981633974483, 1.4142135623730951
100, 148, 376, 382, 377, 379, -1, 3, 1.892546881191539, 3.1622776601683795
100, 149, 682, 195, 683, 192, -1, 3, 1.892546881191539, 3.1622776601683795
100, 150, 82, 577, 83, 574, -1, 3, 1.892546881191539, 3.1622776601683795
101, 0, 499, 632, 499, 629, 0, 3, 1.5707963267948966, 3.0
101, 1, 390, 325, 391, 322, -1, 3, 1.892546881191539, 3.1622776601683795
101, 2, 830, 547, 830, 551, 0, -4, -1.5707963267948966, 4.0
101, 3, 493, 124, 493, 126, 0, -2, -1.5707963267948966, 2.0
101, 4, 458, 673, 459, 677, -1, -4, -1.8157749899217608, 4.123105625617661
101, 5, 382, 287, 383, 284, -1, 3, 1.892546881191539, 3.1622776601683795
101, 6, 816, 548, 816, 552, 0, -4, -1.5707963267948966, 4.0
101, 7, 486, 592, 486, 596, 0, -4, -1.5707963267948966, 4.0
101, 8, 811, 210, 813, 213, -2, -3, -2.158798930342464, 3.605551275463989
101, 9, 1256, 176, 1257, 175, -1, 1, 2.356194490192345, 1.4142135623730951
101, 10, 893, 30, 895, 30, -2, 0, 3.141592653589793, 2.0
101, 11, 80, 589, 80, 586, 0, 3, 1.5707963267948966, 3.0
101, 12, 698, 615, 702, 611, -4, 4, 2.356194490192345, 5.656854249492381
101, 13, 706, 684, 708, 681, -2, 3, 2.158798930342464, 3.605551275463989
101, 14, 1257, 261, 1255, 258, 2, 3, 0.982793723247329, 3.605551275463989
101, 16, 794, 11, 795, 13, -1, -2, -2.0344439357957027, 2.23606797749979
101, 18, 1088, 285, 1091, 287, -3, -2, -2.5535900500422257, 3.605551275463989
101, 19, 469, 593, 469, 597, 0, -4, -1.5707963267948966, 4.0
101, 21, 683, 479, 683, 484, 0, -5, -1.5707963267948966, 5.0
101, 23, 1123, 243, 1126, 247, -3, -4, -2.214297435588181, 5.0
101, 25, 1125, 94, 1124, 93, 1, 1, 0.7853981633974483, 1.4142135623730951
101, 26, 1123, 292, 1125, 295, -2, -3, -2.158798930342464, 3.605551275463989
101, 27, 765, 147, 766, 144, -1, 3, 1.892546881191539, 3.1622776601683795
101, 28, 698, 482, 699, 487, -1, -5, -1.7681918866447774, 5.0990195135927845
101, 29, 1132, 518, 1132, 514, 0, 4, 1.5707963267948966, 4.0
101, 30, 1144, 573, 1142, 570, 2, 3, 0.982793723247329, 3.605551275463989
101, 31, 894, 40, 896, 40, -2, 0, 3.141592653589793, 2.0
101, 34, 736, 334, 736, 339, 0, -5, -1.5707963267948966, 5.0
101, 35, 680, 189, 681, 187, -1, 2, 2.0344439357957027, 2.23606797749979
101, 36, 1159, 621, 1161, 618, -2, 3, 2.158798930342464, 3.605551275463989
101, 37, 1146, 104, 1145, 105, 1, -1, -0.7853981633974483, 1.4142135623730951
101, 38, 485, 158, 486, 160, -1, -2, -2.0344439357957027, 2.23606797749979
101, 39, 1218, 323, 1217, 320, 1, 3, 1.2490457723982544, 3.1622776601683795
101, 41, 151, 78, 149, 79, 2, -1, -0.4636476090008061, 2.23606797749979
101, 43, 742, 175, 743, 173, -1, 2, 2.0344439357957027, 2.23606797749979
101, 44, 41, 396, 38, 393, 3, 3, 0.7853981633974483, 4.242640687119285
101, 45, 471, 191, 471, 195, 0, -4, -1.5707963267948966, 4.0
101, 46, 762, 140, 763, 137, -1, 3, 1.892546881191539, 3.1622776601683795
101, 47, 67, 439, 65, 437, 2, 2, 0.7853981633974483, 2.8284271247461903
101, 49, 502, 133, 502, 135, 0, -2, -1.5707963267948966, 2.0
101, 50, 143, 35, 139, 35, 4, 0, 0.0, 4.0
101, 51, 632, 349, 633, 348, -1, 1, 2.356194490192345, 1.4142135623730951
101, 53, 686, 206, 687, 204, -1, 2, 2.0344439357957027, 2.23606797749979
101, 55, 1119, 668, 1118, 663, 1, 5, 1.373400766945016, 5.0990195135927845
101, 56, 753, 145, 754, 142, -1, 3, 1.892546881191539, 3.1622776601683795
101, 58, 499, 210, 500, 213, -1, -3, -1.892546881191539, 3.1622776601683795
101, 59, 810, 15, 810, 17, 0, -2, -1.5707963267948966, 2.0
101, 60, 84, 490, 83, 487, 1, 3, 1.2490457723982544, 3.1622776601683795
101, 61, 483, 190, 484, 194, -1, -4, -1.8157749899217608, 4.123105625617661
101, 62, 1261, 276, 1261, 273, 0, 3, 1.5707963267948966, 3.0
101, 63, 142, 45, 138, 45, 4, 0, 0.0, 4.0
101, 64, 1125, 552, 1124, 551, 1, 1, 0.7853981633974483, 1.4142135623730951
101, 67, 628, 253, 629, 251, -1, 2, 2.0344439357957027, 2.23606797749979
101, 68, 686, 691, 688, 687, -2, 4, 2.0344439357957027, 4.47213595499958
101, 69, 802, 177, 804, 180, -2, -3, -2.158798930342464, 3.605551275463989
101, 70, 1214, 225, 1214, 222, 0, 3, 1.5707963267948966, 3.0
101, 71, 479, 179, 479, 183, 0, -4, -1.5707963267948966, 4.0
101, 72, 704, 369, 704, 374, 0, -5, -1.5707963267948966, 5.0
101, 74, 416, 296, 417, 293, -1, 3, 1.892546881191539, 3.1622776601683795
101, 75, 447, 674, 448, 678, -1, -4, -1.8157749899217608, 4.123105625617661
101, 76, 497, 647, 498, 651, -1, -4, -1.8157749899217608, 4.123105625617661
101, 77, 1113, 244, 1115, 247, -2, -3, -2.158798930342464, 3.605551275463989
101, 80, 673, 40, 672, 41, 1, -1, -0.7853981633974483, 1.4142135623730951
101, 81, 750, 210, 750, 208, 0, 2, 1.5707963267948966, 2.0
101, 82, 492, 135, 492, 137, 0, -2, -1.5707963267948966, 2.0
101, 85, 168, 92, 165, 94, 3, -2, -0.5880026035475675, 3.605551275463989
101, 86, 452, 646, 452, 651, 0, -5, -1.5707963267948966, 5.0
101, 87, 669, 258, 671, 256, -2, 2, 2.356194490192345, 2.8284271247461903
101, 89, 479, 283, 480, 287, -1, -4, -1.8157749899217608, 4.123105625617661
101, 90, 785, 208, 786, 212, -1, -4, -1.8157749899217608, 4.123105625617661
101, 92, 719, 616, 723, 613, -4, 3, 2.498091544796509, 5.0
101, 93, 691, 488, 691, 494, 0, -6, -1.5707963267948966, 6.0
101, 94, 801, 557, 803, 561, -2, -4, -2.0344439357957027, 4.47213595499958
101, 95, 713, 605, 717, 601, -4, 4, 2.356194490192345, 5.656854249492381
101, 96, 809, 190, 811, 194, -2, -4, -2.0344439357957027, 4.47213595499958
101, 97, 801, 586, 802, 593, -1, -7, -1.7126933813990606, 7.0710678118654755
101, 98, 1182, 269, 1181, 267, 1, 2, 1.1071487177940904, 2.23606797749979
101, 100, 707, 526, 707, 529, 0, -3, -1.5707963267948966, 3.0
101, 101, 683, 463, 684, 468, -1, -5, -1.7681918866447774, 5.0990195135927845
101, 102, 819, 608, 819, 611, 0, -3, -1.5707963267948966, 3.0
101, 104, 52, 457, 50, 454, 2, 3, 0.982793723247329, 3.605551275463989
101, 106, 386, 257, 387, 254, -1, 3, 1.892546881191539, 3.1622776601683795
101, 107, 687, 565, 688, 567, -1, -2, -2.0344439357957027, 2.23606797749979
101, 108, 675, 523, 675, 527, 0, -4, -1.5707963267948966, 4.0
101, 109, 406, 432, 410, 430, -4, 2, 2.677945044588987, 4.47213595499958
101, 112, 87, 501, 85, 498, 2, 3, 0.982793723247329, 3.605551275463989
101, 113, 1238, 295, 1237, 291, 1, 4, 1.3258176636680326, 4.123105625617661
101, 114, 796, 169, 798, 172, -2, -3, -2.158798930342464, 3.605551275463989
101, 115, 771, 69, 772, 71, -1, -2, -2.0344439357957027, 2.23606797749979
101, 116, 625, 342, 626, 340, -1, 2, 2.0344439357957027, 2.23606797749979
101, 117, 386, 331, 387, 328, -1, 3, 1.892546881191539, 3.1622776601683795
101, 118, 696, 463, 697, 468, -1, -5, -1.7681918866447774, 5.0990195135927845
101, 119, 1214, 187, 1215, 184, -1, 3, 1.892546881191539, 3.1622776601683795
101, 120, 1117, 230, 1120, 233, -3, -3, -2.356194490192345, 4.242640687119285
101, 121, 847, 578, 848, 582, -1, -4, -1.8157749899217608, 4.123105625617661
101, 125, 405, 424, 409, 423, -4, 1, 2.896613990462929, 4.123105625617661
101, 126, 689, 476, 690, 482, -1, -6, -1.7359450042095235, 6.082762530298219
101, 127, 1180, 701, 1179, 700, 1, 1, 0.7853981633974483, 1.4142135623730951
101, 128, 679, 573, 680, 576, -1, -3, -1.892546881191539, 3.1622776601683795
101, 129, 673, 197, 674, 195, -1, 2, 2.0344439357957027, 2.23606797749979
101, 131, 1261, 309, 1261, 306, 0, 3, 1.5707963267948966, 3.0
101, 132, 504, 196, 505, 198, -1, -2, -2.0344439357957027, 2.23606797749979
101, 134, 767, 181, 768, 180, -1, 1, 2.356194490192345, 1.4142135623730951
101, 135, 386, 340, 386, 337, 0, 3, 1.5707963267948966, 3.0
101, 136, 1211, 180, 1212, 177, -1, 3, 1.892546881191539, 3.1622776601683795
101, 137, 156, 670, 156, 668, 0, 2, 1.5707963267948966, 2.0
101, 138, 469, 586, 470, 590, -1, -4, -1.8157749899217608, 4.123105625617661
101, 139, 703, 606, 707, 602, -4, 4, 2.356194490192345, 5.656854249492381
101, 140, 1153, 88, 1152, 87, 1, 1, 0.7853981633974483, 1.4142135623730951
101, 142, 26, 402, 23, 399, 3, 3, 0.7853981633974483, 4.242640687119285
101, 143, 721, 421, 722, 423, -1, -2, -2.0344439357957027, 2.23606797749979
101, 144, 139, 73, 137, 75, 2, -2, -0.7853981633974483, 2.8284271247461903
101, 145, 375, 385, 376, 382, -1, 3, 1.892546881191539, 3.1622776601683795
101, 146, 681, 197, 682, 195, -1, 2, 2.0344439357957027, 2.23606797749979
101, 147, 81, 580, 82, 577, -1, 3, 1.892546881191539, 3.1622776601683795
102, 0, 499, 637, 499, 632, 0, 5, 1.5707963267948966, 5.0
102, 1, 388, 328, 390, 325, -2, 3, 2.158798930342464, 3.605551275463989
102, 2, 830, 544, 830, 547, 0, -3, -1.5707963267948966, 3.0
102, 3, 493, 119, 493, 124, 0, -5, -1.5707963267948966, 5.0
102, 4, 457, 669, 458, 673, -1, -4, -1.8157749899217608, 4.123105625617661
102, 5, 379, 290, 382, 287, -3, 3, 2.356194490192345, 4.242640687119285
102, 6, 815, 545, 816, 548, -1, -3, -1.892546881191539, 3.1622776601683795
102, 7, 487, 589, 486, 592, 1, -3, -1.2490457723982544, 3.1622776601683795
102, 8, 808, 207, 811, 210, -3, -3, -2.356194490192345, 4.242640687119285
102, 9, 1255, 179, 1256, 176, -1, 3, 1.892546881191539, 3.1622776601683795
102, 10, 889, 29, 893, 30, -4, -1, -2.896613990462929, 4.123105625617661
102, 11, 79, 591, 80, 589, -1, 2, 2.0344439357957027, 2.23606797749979
102, 12, 696, 616, 698, 615, -2, 1, 2.677945044588987, 2.23606797749979
102, 13, 705, 686, 706, 684, -1, 2, 2.0344439357957027, 2.23606797749979
102, 14, 1260, 263, 1257, 261, 3, 2, 0.5880026035475675, 3.605551275463989
102, 16, 793, 12, 794, 11, -1, 1, 2.356194490192345, 1.4142135623730951
102, 17, 406, 328, 408, 329, -2, -1, -2.677945044588987, 2.23606797749979
102, 18, 1085, 284, 1088, 285, -3, -1, -2.819842099193151, 3.1622776601683795
102, 19, 468, 590, 469, 593, -1, -3, -1.892546881191539, 3.1622776601683795
102, 20, 683, 475, 683, 479, 0, -4, -1.5707963267948966, 4.0
102, 21, 480, 19, 481, 21, -1, -2, -2.0344439357957027, 2.23606797749979
102, 22, 1120, 240, 1123, 243, -3, -3, -2.356194490192345, 4.242640687119285
102, 23, 412, 370, 414, 368, -2, 2, 2.356194490192345, 2.8284271247461903
102, 24, 1127, 95, 1125, 94, 2, 1, 0.4636476090008061, 2.23606797749979
102, 25, 1119, 289, 1123, 292, -4, -3, -2.498091544796509, 5.0
102, 26, 763, 151, 765, 147, -2, 4, 2.0344439357957027, 4.47213595499958
102, 27, 696, 478, 698, 482, -2, -4, -2.0344439357957027, 4.47213595499958
102, 28, 1132, 522, 1132, 518, 0, 4, 1.5707963267948966, 4.0
102, 29, 1143, 577, 1144, 573, -1, 4, 1.8157749899217608, 4.123105625617661
102, 30, 891, 39, 894, 40, -3, -1, -2.819842099193151, 3.1622776601683795
102, 32, 143, 95, 142, 96, 1, -1, -0.7853981633974483, 1.4142135623730951
102, 33, 735, 329, 736, 334, -1, -5, -1.7681918866447774, 5.0990195135927845
102, 34, 678, 193, 680, 189, -2, 4, 2.0344439357957027, 4.47213595499958
102, 35, 1160, 624, 1159, 621, 1, 3, 1.2490457723982544, 3.1622776601683795
102, 37, 484, 154, 485, 158, -1, -4, -1.8157749899217608, 4.123105625617661
102, 38, 1220, 320, 1218, 323, 2, -3, -0.982793723247329, 3.605551275463989
102, 39, 154, 76, 151, 78, 3, -2, -0.5880026035475675, 3.605551275463989
102, 40, 624, 55, 624, 51, 0, 4, 1.5707963267948966, 4.0
102, 41, 741, 177, 742, 175, -1, 2, 2.0344439357957027, 2.23606797749979
102, 42, 43, 398, 41, 396, 2, 2, 0.7853981633974483, 2.8284271247461903
102, 43, 469, 187, 471, 191, -2, -4, -2.0344439357957027, 4.47213595499958
102, 44, 761, 144, 762, 140, -1, 4, 1.8157749899217608, 4.123105625617661
102, 45, 70, 441, 67, 439, 3, 2, 0.5880026035475675, 3.605551275463989
102, 46, 478, 27, 479, 30, -1, -3, -1.892546881191539, 3.1622776601683795
102, 47, 502, 128, 502, 133, 0, -5, -1.5707963267948966, 5.0
102, 49, 630, 351, 632, 349, -2, 2, 2.356194490192345, 2.8284271247461903
102, 50, 1169, 48, 1167, 47, 2, 1, 0.4636476090008061, 2.23606797749979
102, 51, 684, 209, 686, 206, -2, 3, 2.158798930342464, 3.605551275463989
102, 53, 1119, 672, 1119, 668, 0, 4, 1.5707963267948966, 4.0
102, 54, 752, 150, 753, 145, -1, 5, 1.7681918866447774, 5.0990195135927845
102, 55, 1119, 560, 1119, 562, 0, -2, -1.5707963267948966, 2.0
102, 56, 498, 207, 499, 210, -1, -3, -1.892546881191539, 3.1622776601683795
102, 57, 812, 13, 810, 15, 2, -2, -0.7853981633974483, 2.8284271247461903
102, 58, 81, 489, 84, 490, -3, -1, -2.819842099193151, 3.1622776601683795
102, 59, 481, 186, 483, 190, -2, -4, -2.0344439357957027, 4.47213595499958
102, 60, 1261, 278, 1261, 276, 0, 2, 1.5707963267948966, 2.0
102, 61, 145, 45, 142, 45, 3, 0, 0.0, 3.0
102, 62, 1127, 551, 1125, 552, 2, -1, -0.4636476090008061, 2.23606797749979
102, 63, 419, 374, 420, 372, -1, 2, 2.0344439357957027, 2.23606797749979
102, 64, 58, 481, 60, 481, -2, 0, 3.141592653589793, 2.0
102, 65, 626, 256, 628, 253, -2, 3, 2.158798930342464, 3.605551275463989
102, 66, 683, 695, 686, 691, -3, 4, 2.214297435588181, 5.0
102, 67, 801, 172, 802, 177, -1, -5, -1.7681918866447774, 5.0990195135927845
102, 68, 1214, 228, 1214, 225, 0, 3, 1.5707963267948966, 3.0
102, 69, 477, 174, 479, 179, -2, -5, -1.9513027039072615, 5.385164807134504
102, 70, 704, 365, 704, 369, 0, -4, -1.5707963267948966, 4.0
102, 72, 414, 298, 416, 296, -2, 2, 2.356194490192345, 2.8284271247461903
102, 73, 446, 670, 447, 674, -1, -4, -1.8157749899217608, 4.123105625617661
102, 74, 497, 651, 497, 647, 0, 4, 1.5707963267948966, 4.0
102, 75, 1110, 242, 1113, 244, -3, -2, -2.5535900500422257, 3.605551275463989
102, 76, 1147, 52, 1144, 51, 3, 1, 0.3217505543966422, 3.1622776601683795
102, 77, 1177, 98, 1178, 97, -1, 1, 2.356194490192345, 1.4142135623730951
102, 79, 751, 212, 750, 210, 1, 2, 1.1071487177940904, 2.23606797749979
102, 80, 491, 131, 492, 135, -1, -4, -1.8157749899217608, 4.123105625617661
102, 81, 1134, 59, 1131, 59, 3, 0, 0.0, 3.0
102, 82, 153, 38, 155, 38, -2, 0, 3.141592653589793, 2.0
102, 83, 172, 91, 168, 92, 4, -1, -0.24497866312686414, 4.123105625617661
102, 84, 451, 640, 452, 646, -1, -6, -1.7359450042095235, 6.082762530298219
102, 85, 667, 260, 669, 258, -2, 2, 2.356194490192345, 2.8284271247461903
102, 87, 477, 280, 479, 283, -2, -3, -2.158798930342464, 3.605551275463989
102, 88, 782, 203, 785, 208, -3, -5, -2.1112158270654806, 5.830951894845301
102, 90, 716, 618, 719, 616, -3, 2, 2.5535900500422257, 3.605551275463989
102, 91, 691, 483, 691, 488, 0, -5, -1.5707963267948966, 5.0
102, 92, 798, 553, 801, 557, -3, -4, -2.214297435588181, 5.0
102, 93, 710, 608, 713, 605, -3, 3, 2.356194490192345, 4.242640687119285
102, 94, 808, 185, 809, 190, -1, -5, -1.7681918866447774, 5.0990195135927845
102, 95, 801, 579, 801, 586, 0, -7, -1.5707963267948966, 7.0
102, 96, 1183, 270, 1182, 269, 1, 1, 0.7853981633974483, 1.4142135623730951
102, 97, 1169, 85, 1168, 84, 1, 1, 0.7853981633974483, 1.4142135623730951
102, 98, 705, 523, 707, 526, -2, -3, -2.158798930342464, 3.605551275463989
102, 99, 681, 459, 683, 463, -2, -4, -2.0344439357957027, 4.47213595499958
102, 100, 818, 604, 819, 608, -1, -4, -1.8157749899217608, 4.123105625617661
102, 101, 54, 460, 52, 457, 2, 3, 0.982793723247329, 3.605551275463989
102, 102, 1260, 212, 1261, 211, -1, 1, 2.356194490192345, 1.4142135623730951
102, 103, 383, 260, 386, 257, -3, 3, 2.356194490192345, 4.242640687119285
102, 104, 687, 561, 687, 565, 0, -4, -1.5707963267948966, 4.0
102, 105, 675, 521, 675, 523, 0, -2, -1.5707963267948966, 2.0
102, 106, 401, 434, 406, 432, -5, 2, 2.761086276477428, 5.385164807134504
102, 107, 1170, 133, 1171, 132, -1, 1, 2.356194490192345, 1.4142135623730951
102, 108, 86, 503, 87, 501, -1, 2, 2.0344439357957027, 2.23606797749979
102, 109, 1239, 296, 1238, 295, 1, 1, 0.7853981633974483, 1.4142135623730951
102, 110, 794, 164, 796, 169, -2, -5, -1.9513027039072615, 5.385164807134504
102, 111, 769, 66, 771, 69, -2, -3, -2.158798930342464, 3.605551275463989
102, 112, 623, 343, 625, 342, -2, 1, 2.677945044588987, 2.23606797749979
102, 113, 385, 333, 386, 331, -1, 2, 2.0344439357957027, 2.23606797749979
102, 114, 695, 458, 696, 463, -1, -5, -1.7681918866447774, 5.0990195135927845
102, 115, 1212, 190, 1214, 187, -2, 3, 2.158798930342464, 3.605551275463989
102, 116, 1114, 227, 1117, 230, -3, -3, -2.356194490192345, 4.242640687119285
102, 117, 844, 575, 847, 578, -3, -3, -2.356194490192345, 4.242640687119285
102, 118, 621, 125, 623, 125, -2, 0, 3.141592653589793, 2.0
102, 119, 1180, 234, 1181, 231, -1, 3, 1.892546881191539, 3.1622776601683795
102, 121, 401, 425, 405, 424, -4, 1, 2.896613990462929, 4.123105625617661
102, 122, 688, 471, 689, 476, -1, -5, -1.7681918866447774, 5.0990195135927845
102, 124, 679, 568, 679, 573, 0, -5, -1.5707963267948966, 5.0
102, 125, 671, 200, 673, 197, -2, 3, 2.158798930342464, 3.605551275463989
102, 126, 1117, 115, 1114, 113, 3, 2, 0.5880026035475675, 3.605551275463989
102, 127, 1261, 313, 1261, 309, 0, 4, 1.5707963267948966, 4.0
102, 128, 501, 194, 504, 196, -3, -2, -2.5535900500422257, 3.605551275463989
102, 129, 1135, 95, 1133, 94, 2, 1, 0.4636476090008061, 2.23606797749979
102, 130, 766, 184, 767, 181, -1, 3, 1.892546881191539, 3.1622776601683795
102, 131, 386, 343, 386, 340, 0, 3, 1.5707963267948966, 3.0
102, 132, 1210, 183, 1211, 180, -1, 3, 1.892546881191539, 3.1622776601683795
102, 133, 155, 674, 156, 670, -1, 4, 1.8157749899217608, 4.123105625617661
102, 134, 467, 584, 469, 586, -2, -2, -2.356194490192345, 2.8284271247461903
102, 135, 700, 608, 703, 606, -3, 2, 2.5535900500422257, 3.605551275463989
102, 136, 1155, 90, 1153, 88, 2, 2, 0.7853981633974483, 2.8284271247461903
102, 137, 618, 89, 618, 86, 0, 3, 1.5707963267948966, 3.0
102, 138, 29, 404, 26, 402, 3, 2, 0.5880026035475675, 3.605551275463989
102, 139, 720, 419, 721, 421, -1, -2, -2.0344439357957027, 2.23606797749979
102, 140, 141, 71, 139, 73, 2, -2, -0.7853981633974483, 2.8284271247461903
102, 141, 373, 388, 375, 385, -2, 3, 2.158798930342464, 3.605551275463989
102, 142, 679, 201, 681, 197, -2, 4, 2.0344439357957027, 4.47213595499958
102, 143, 82, 582, 81, 580, 1, 2, 1.1071487177940904, 2.23606797749979
103, 0, 499, 639, 499, 637, 0, 2, 1.5707963267948966, 2.0
103, 1, 387, 332, 388, 328, -1, 4, 1.8157749899217608, 4.123105625617661
103, 2, 830, 540, 830, 544, 0, -4, -1.5707963267948966, 4.0
103, 3, 493, 116, 493, 119, 0, -3, -1.5707963267948966, 3.0
103, 4, 455, 665, 457, 669, -2, -4, -2.0344439357957027, 4.47213595499958
103, 5, 377, 293, 379, 290, -2, 3, 2.158798930342464, 3.605551275463989
103, 6, 813, 541, 815, 545, -2, -4, -2.0344439357957027, 4.47213595499958
103, 7, 487, 584, 487, 589, 0, -5, -1.5707963267948966, 5.0
103, 8, 806, 204, 808, 207, -2, -3, -2.158798930342464, 3.605551275463989
103, 9, 1254, 182, 1255, 179, -1, 3, 1.892546881191539, 3.1622776601683795
103, 10, 887, 29, 889, 29, -2, 0, 3.141592653589793, 2.0
103, 11, 77, 595, 79, 591, -2, 4, 2.0344439357957027, 4.47213595499958
103, 12, 693, 620, 696, 616, -3, 4, 2.214297435588181, 5.0
103, 13, 703, 688, 705, 686, -2, 2, 2.356194490192345, 2.8284271247461903
103, 14, 1261, 266, 1260, 263, 1, 3, 1.2490457723982544, 3.1622776601683795
103, 16, 793, 16, 793, 12, 0, 4, 1.5707963267948966, 4.0
103, 18, 1083, 282, 1085, 284, -2, -2, -2.356194490192345, 2.8284271247461903
103, 19, 467, 585, 468, 590, -1, -5, -1.7681918866447774, 5.0990195135927845
103, 20, 682, 471, 683, 475, -1, -4, -1.8157749899217608, 4.123105625617661
103, 22, 1117, 238, 1120, 240, -3, -2, -2.5535900500422257, 3.605551275463989
103, 23, 411, 373, 412, 370, -1, 3, 1.892546881191539, 3.1622776601683795
103, 24, 1128, 96, 1127, 95, 1, 1, 0.7853981633974483, 1.4142135623730951
103, 25, 1117, 287, 1119, 289, -2, -2, -2.356194490192345, 2.8284271247461903
103, 26, 762, 154, 763, 151, -1, 3, 1.892546881191539, 3.1622776601683795
103, 27, 695, 474, 696, 478, -1, -4, -1.8157749899217608, 4.123105625617661
103, 28, 1136, 523, 1132, 522, 4, 1, 0.24497866312686414, 4.123105625617661
103, 29, 1144, 578, 1143, 577, 1, 1, 0.7853981633974483, 1.4142135623730951
103, 30, 889, 39, 891, 39, -2, 0, 3.141592653589793, 2.0
103, 32, 145, 95, 143, 95, 2, 0, 0.0, 2.0
103, 33, 735, 326, 735, 329, 0, -3, -1.5707963267948966, 3.0
103, 34, 677, 194, 678, 193, -1, 1, 2.356194490192345, 1.4142135623730951
103, 35, 1160, 628, 1160, 624, 0, 4, 1.5707963267948966, 4.0
103, 37, 483, 151, 484, 154, -1, -3, -1.892546881191539, 3.1622776601683795
103, 38, 1222, 319, 1220, 320, 2, -1, -0.4636476090008061, 2.23606797749979
103, 39, 158, 75, 154, 76, 4, -1, -0.24497866312686414, 4.123105625617661
103, 40, 624, 57, 624, 55, 0, 2, 1.5707963267948966, 2.0
103, 41, 740, 180, 741, 177, -1, 3, 1.892546881191539, 3.1622776601683795
103, 42, 46, 401, 43, 398, 3, 3, 0.7853981633974483, 4.242640687119285
103, 43, 468, 183, 469, 187, -1, -4, -1.8157749899217608, 4.123105625617661
103, 44, 760, 147, 761, 144, -1, 3, 1.892546881191539, 3.1622776601683795
103, 45, 72, 444, 70, 441, 2, 3, 0.982793723247329, 3.605551275463989
103, 47, 502, 125, 502, 128, 0, -3, -1.5707963267948966, 3.0
103, 49, 629, 352, 630, 351, -1, 1, 2.356194490192345, 1.4142135623730951
103, 50, 1170, 49, 1169, 48, 1, 1, 0.7853981633974483, 1.4142135623730951
103, 51, 683, 211, 684, 209, -1, 2, 2.0344439357957027, 2.23606797749979
103, 53, 1120, 677, 1119, 672, 1, 5, 1.373400766945016, 5.0990195135927845
103, 54, 751, 153, 752, 150, -1, 3, 1.892546881191539, 3.1622776601683795
103, 55, 1122, 561, 1119, 560, 3, 1, 0.3217505543966422, 3.1622776601683795
103, 56, 497, 204, 498, 207, -1, -3, -1.892546881191539, 3.1622776601683795
103, 58, 79, 488, 81, 489, -2, -1, -2.677945044588987, 2.23606797749979
103, 59, 480, 182, 481, 186, -1, -4, -1.8157749899217608, 4.123105625617661
103, 60, 1261, 281, 1261, 278, 0, 3, 1.5707963267948966, 3.0
103, 61, 147, 44, 145, 45, 2, -1, -0.4636476090008061, 2.23606797749979
103, 62, 1130, 553, 1127, 551, 3, 2, 0.5880026035475675, 3.605551275463989
103, 63, 418, 377, 419, 374, -1, 3, 1.892546881191539, 3.1622776601683795
103, 65, 625, 260, 626, 256, -1, 4, 1.8157749899217608, 4.123105625617661
103, 66, 681, 698, 683, 695, -2, 3, 2.158798930342464, 3.605551275463989
103, 67, 800, 169, 801, 172, -1, -3, -1.892546881191539, 3.1622776601683795
103, 68, 1213, 232, 1214, 228, -1, 4, 1.8157749899217608, 4.123105625617661
103, 69, 476, 170, 477, 174, -1, -4, -1.8157749899217608, 4.123105625617661
103, 70, 704, 361, 704, 365, 0, -4, -1.5707963267948966, 4.0
103, 72, 412, 301, 414, 298, -2, 3, 2.158798930342464, 3.605551275463989
103, 73, 444, 666, 446, 670, -2, -4, -2.0344439357957027, 4.47213595499958
103, 75, 1107, 240, 1110, 242, -3, -2, -2.5535900500422257, 3.605551275463989
103, 79, 751, 214, 751, 212, 0, 2, 1.5707963267948966, 2.0
103, 80, 491, 128, 491, 131, 0, -3, -1.5707963267948966, 3.0
103, 81, 1135, 60, 1134, 59, 1, 1, 0.7853981633974483, 1.4142135623730951
103, 83, 174, 91, 172, 91, 2, 0, 0.0, 2.0
103, 84, 450, 635, 451, 640, -1, -5, -1.7681918866447774, 5.0990195135927845
103, 85, 665, 263, 667, 260, -2, 3, 2.158798930342464, 3.605551275463989
103, 87, 475, 277, 477, 280, -2, -3, -2.158798930342464, 3.605551275463989
103, 88, 781, 200, 782, 203, -1, -3, -1.892546881191539, 3.1622776601683795
103, 90, 712, 621, 716, 618, -4, 3, 2.498091544796509, 5.0
103, 91, 690, 479, 691, 483, -1, -4, -1.8157749899217608, 4.123105625617661
103, 92, 796, 549, 798, 553, -2, -4, -2.0344439357957027, 4.47213595499958
103, 93, 707, 612, 710, 608, -3, 4, 2.214297435588181, 5.0
103, 94, 807, 182, 808, 185, -1, -3, -1.892546881191539, 3.1622776601683795
103, 95, 800, 574, 801, 579, -1, -5, -1.7681918866447774, 5.0990195135927845
103, 98, 704, 520, 705, 523, -1, -3, -1.892546881191539, 3.1622776601683795
103, 99, 680, 455, 681, 459, -1, -4, -1.8157749899217608, 4.123105625617661
103, 100, 818, 602, 818, 604, 0, -2, -1.5707963267948966, 2.0
103, 101, 56, 463, 54, 460, 2, 3, 0.982793723247329, 3.605551275463989
103, 102, 1259, 214, 1260, 212, -1, 2, 2.0344439357957027, 2.23606797749979
103, 103, 381, 263, 383, 260, -2, 3, 2.158798930342464, 3.605551275463989
103, 104, 686, 559, 687, 561, -1, -2, -2.0344439357957027, 2.23606797749979
103, 105, 675, 519, 675, 521, 0, -2, -1.5707963267948966, 2.0
103, 106, 400, 437, 401, 434, -1, 3, 1.892546881191539, 3.1622776601683795
103, 107, 1169, 134, 1170, 133, -1, 1, 2.356194490192345, 1.4142135623730951
103, 108, 85, 506, 86, 503, -1, 3, 1.892546881191539, 3.1622776601683795
103, 109, 1241, 298, 1239, 296, 2, 2, 0.7853981633974483, 2.8284271247461903
103, 110, 793, 161, 794, 164, -1, -3, -1.892546881191539, 3.1622776601683795
103, 111, 767, 64, 769, 66, -2, -2, -2.356194490192345, 2.8284271247461903
103, 113, 384, 337, 385, 333, -1, 4, 1.8157749899217608, 4.123105625617661
103, 114, 694, 454, 695, 458, -1, -4, -1.8157749899217608, 4.123105625617661
103, 115, 1211, 194, 1212, 190, -1, 4, 1.8157749899217608, 4.123105625617661
103, 116, 1110, 225, 1114, 227, -4, -2, -2.677945044588987, 4.47213595499958
103, 117, 843, 570, 844, 575, -1, -5, -1.7681918866447774, 5.0990195135927845
103, 119, 1179, 237, 1180, 234, -1, 3, 1.892546881191539, 3.1622776601683795
103, 120, 609, 304, 610, 303, -1, 1, 2.356194490192345, 1.4142135623730951
103, 121, 400, 429, 401, 425, -1, 4, 1.8157749899217608, 4.123105625617661
103, 122, 687, 467, 688, 471, -1, -4, -1.8157749899217608, 4.123105625617661
103, 125, 670, 201, 671, 200, -1, 1, 2.356194490192345, 1.4142135623730951
103, 126, 1118, 117, 1117, 115, 1, 2, 1.1071487177940904, 2.23606797749979
103, 127, 1261, 316, 1261, 313, 0, 3, 1.5707963267948966, 3.0
103, 128, 500, 192, 501, 194, -1, -2, -2.0344439357957027, 2.23606797749979
103, 130, 766, 187, 766, 184, 0, 3, 1.5707963267948966, 3.0
103, 131, 386, 347, 386, 343, 0, 4, 1.5707963267948966, 4.0
103, 132, 1209, 187, 1210, 183, -1, 4, 1.8157749899217608, 4.123105625617661
103, 133, 155, 678, 155, 674, 0, 4, 1.5707963267948966, 4.0
103, 134, 467, 579, 467, 584, 0, -5, -1.5707963267948966, 5.0
103, 135, 696, 612, 700, 608, -4, 4, 2.356194490192345, 5.656854249492381
103, 136, 1156, 91, 1155, 90, 1, 1, 0.7853981633974483, 1.4142135623730951
103, 137, 618, 91, 618, 89, 0, 2, 1.5707963267948966, 2.0
103, 138, 32, 406, 29, 404, 3, 2, 0.5880026035475675, 3.605551275463989
103, 140, 145, 71, 141, 71, 4, 0, 0.0, 4.0
103, 141, 372, 393, 373, 388, -1, 5, 1.7681918866447774, 5.0990195135927845
103, 142, 678, 203, 679, 201, -1, 2, 2.0344439357957027, 2.23606797749979
103, 143, 82, 586, 82, 582, 0, 4, 1.5707963267948966, 4.0
104, 1, 386, 336, 387, 332, -1, 4, 1.8157749899217608, 4.123105625617661
104, 2, 830, 536, 830, 540, 0, -4, -1.5707963267948966, 4.0
104, 3, 492, 113, 493, 116, -1, -3, -1.892546881191539, 3.1622776601683795
104, 4, 453, 661, 455, 665, -2, -4, -2.0344439357957027, 4.47213595499958
104, 5, 375, 295, 377, 293, -2, 2, 2.356194490192345, 2.8284271247461903
104, 6, 811, 537, 813, 541, -2, -4, -2.0344439357957027, 4.47213595499958
104, 7, 487, 579, 487, 584, 0, -5, -1.5707963267948966, 5.0
104, 8, 804, 200, 806, 204, -2, -4, -2.0344439357957027, 4.47213595499958
104, 9, 1253, 184, 1254, 182, -1, 2, 2.0344439357957027, 2.23606797749979
104, 10, 884, 29, 887, 29, -3, 0, 3.141592653589793, 3.0
104, 11, 74, 599, 77, 595, -3, 4, 2.214297435588181, 5.0
104, 12, 689, 624, 693, 620, -4, 4, 2.356194490192345, 5.656854249492381
104, 13, 699, 691, 703, 688, -4, 3, 2.498091544796509, 5.0
104, 14, 1261, 269, 1261, 266, 0, 3, 1.5707963267948966, 3.0
104, 16, 792, 18, 793, 16, -1, 2, 2.0344439357957027, 2.23606797749979
104, 18, 1080, 280, 1083, 282, -3, -2, -2.5535900500422257, 3.605551275463989
104, 19, 467, 580, 467, 585, 0, -5, -1.5707963267948966, 5.0
104, 20, 681, 467, 682, 471, -1, -4, -1.8157749899217608, 4.123105625617661
104, 21, 480, 16, 480, 18, 0, -2, -1.5707963267948966, 2.0
104, 22, 1114, 235, 1117, 238, -3, -3, -2.356194490192345, 4.242640687119285
104, 23, 410, 377, 411, 373, -1, 4, 1.8157749899217608, 4.123105625617661
104, 25, 1114, 285, 1117, 287, -3, -2, -2.5535900500422257, 3.605551275463989
104, 26, 761, 156, 762, 154, -1, 2, 2.0344439357957027, 2.23606797749979
104, 27, 694, 469, 695, 474, -1, -5, -1.7681918866447774, 5.0990195135927845
104, 28, 1138, 525, 1136, 523, 2, 2, 0.7853981633974483, 2.8284271247461903
104, 30, 887, 39, 889, 39, -2, 0, 3.141592653589793, 2.0
104, 32, 147, 95, 145, 95, 2, 0, 0.0, 2.0
104, 33, 735, 322, 735, 326, 0, -4, -1.5707963267948966, 4.0
104, 34, 676, 195, 677, 194, -1, 1, 2.356194490192345, 1.4142135623730951
104, 35, 1159, 631, 1160, 628, -1, 3, 1.892546881191539, 3.1622776601683795
104, 37, 482, 148, 483, 151, -1, -3, -1.892546881191539, 3.1622776601683795
104, 38, 1225, 319, 1222, 319, 3, 0, 0.0, 3.0
104, 39, 161, 74, 158, 75, 3, -1, -0.3217505543966422, 3.1622776601683795
104, 40, 624, 59, 624, 57, 0, 2, 1.5707963267948966, 2.0
104, 41, 740, 183, 740, 180, 0, 3, 1.5707963267948966, 3.0
104, 42, 49, 404, 46, 401, 3, 3, 0.7853981633974483, 4.242640687119285
104, 43, 467, 179, 468, 183, -1, -4, -1.8157749899217608, 4.123105625617661
104, 44, 759, 149, 760, 147, -1, 2, 2.0344439357957027, 2.23606797749979
104, 45, 75, 446, 72, 444, 3, 2, 0.5880026035475675, 3.605551275463989
104, 46, 478, 24, 478, 26, 0, -2, -1.5707963267948966, 2.0
104, 47, 501, 122, 502, 125, -1, -3, -1.892546881191539, 3.1622776601683795
104, 51, 682, 212, 683, 211, -1, 1, 2.356194490192345, 1.4142135623730951
104, 53, 1122, 682, 1120, 677, 2, 5, 1.1902899496825317, 5.385164807134504
104, 54, 750, 155, 751, 153, -1, 2, 2.0344439357957027, 2.23606797749979
104, 55, 1125, 562, 1122, 561, 3, 1, 0.3217505543966422, 3.1622776601683795
104, 56, 496, 201, 497, 204, -1, -3, -1.892546881191539, 3.1622776601683795
104, 58, 78, 484, 79, 488, -1, -4, -1.8157749899217608, 4.123105625617661
104, 59, 478, 178, 480, 182, -2, -4, -2.0344439357957027, 4.47213595499958
104, 60, 1261, 284, 1261, 281, 0, 3, 1.5707963267948966, 3.0
104, 61, 148, 43, 147, 44, 1, -1, -0.7853981633974483, 1.4142135623730951
104, 62, 1133, 554, 1130, 553, 3, 1, 0.3217505543966422, 3.1622776601683795
104, 63, 417, 381, 418, 377, -1, 4, 1.8157749899217608, 4.123105625617661
104, 64, 58, 480, 57, 481, 1, -1, -0.7853981633974483, 1.4142135623730951
104, 65, 624, 264, 625, 260, -1, 4, 1.8157749899217608, 4.123105625617661
104, 66, 678, 701, 681, 698, -3, 3, 2.356194490192345, 4.242640687119285
104, 67, 799, 165, 800, 169, -1, -4, -1.8157749899217608, 4.123105625617661
104, 68, 1212, 235, 1213, 232, -1, 3, 1.892546881191539, 3.1622776601683795
104, 69, 475, 166, 476, 170, -1, -4, -1.8157749899217608, 4.123105625617661
104, 70, 704, 357, 704, 361, 0, -4, -1.5707963267948966, 4.0
104, 72, 410, 303, 412, 301, -2, 2, 2.356194490192345, 2.8284271247461903
104, 73, 443, 662, 444, 666, -1, -4, -1.8157749899217608, 4.123105625617661
104, 74, 497, 655, 497, 652, 0, 3, 1.5707963267948966, 3.0
104, 75, 1104, 238, 1107, 240, -3, -2, -2.5535900500422257, 3.605551275463989
104, 80, 490, 125, 491, 128, -1, -3, -1.892546881191539, 3.1622776601683795
104, 84, 450, 630, 450, 635, 0, -5, -1.5707963267948966, 5.0
104, 85, 662, 264, 665, 263, -3, 1, 2.819842099193151, 3.1622776601683795
104, 87, 473, 273, 475, 277, -2, -4, -2.0344439357957027, 4.47213595499958
104, 88, 780, 197, 781, 200, -1, -3, -1.892546881191539, 3.1622776601683795
104, 90, 709, 624, 712, 621, -3, 3, 2.356194490192345, 4.242640687119285
104, 91, 689, 474, 690, 479, -1, -5, -1.7681918866447774, 5.0990195135927845
104, 92, 794, 544, 796, 549, -2, -5, -1.9513027039072615, 5.385164807134504
104, 93, 703, 616, 707, 612, -4, 4, 2.356194490192345, 5.656854249492381
104, 94, 806, 179, 807, 182, -1, -3, -1.892546881191539, 3.1622776601683795
104, 95, 800, 570, 800, 574, 0, -4, -1.5707963267948966, 4.0
104, 98, 703, 516, 704, 520, -1, -4, -1.8157749899217608, 4.123105625617661
104, 99, 679, 450, 680, 455, -1, -5, -1.7681918866447774, 5.0990195135927845
104, 100, 818, 600, 818, 602, 0, -2, -1.5707963267948966, 2.0
104, 101, 58, 464, 56, 463, 2, 1, 0.4636476090008061, 2.23606797749979
104, 102, 1258, 215, 1259, 214, -1, 1, 2.356194490192345, 1.4142135623730951
104, 103, 379, 264, 381, 263, -2, 1, 2.677945044588987, 2.23606797749979
104, 104, 686, 557, 686, 559, 0, -2, -1.5707963267948966, 2.0
104, 105, 675, 517, 675, 519, 0, -2, -1.5707963267948966, 2.0
104, 106, 399, 438, 400, 437, -1, 1, 2.356194490192345, 1.4142135623730951
104, 109, 1243, 300, 1241, 298, 2, 2, 0.7853981633974483, 2.8284271247461903
104, 110, 792, 157, 793, 161, -1, -4, -1.8157749899217608, 4.123105625617661
104, 111, 765, 62, 767, 64, -2, -2, -2.356194490192345, 2.8284271247461903
104, 113, 383, 340, 384, 337, -1, 3, 1.892546881191539, 3.1622776601683795
104, 114, 693, 449, 694, 454, -1, -5, -1.7681918866447774, 5.0990195135927845
104, 115, 1210, 197, 1211, 194, -1, 3, 1.892546881191539, 3.1622776601683795
104, 116, 1106, 222, 1110, 225, -4, -3, -2.498091544796509, 5.0
104, 117, 842, 566, 843, 570, -1, -4, -1.8157749899217608, 4.123105625617661
104, 118, 1178, 240, 1179, 237, -1, 3, 1.892546881191539, 3.1622776601683795
104, 119, 608, 305, 609, 304, -1, 1, 2.356194490192345, 1.4142135623730951
104, 120, 399, 431, 400, 429, -1, 2, 2.0344439357957027, 2.23606797749979
104, 121, 686, 462, 687, 467, -1, -5, -1.7681918866447774, 5.0990195135927845
104, 122, 1184, 701, 1182, 701, 2, 0, 0.0, 2.0
104, 124, 669, 202, 670, 201, -1, 1, 2.356194490192345, 1.4142135623730951
104, 125, 1119, 118, 1118, 117, 1, 1, 0.7853981633974483, 1.4142135623730951
104, 126, 1261, 318, 1261, 316, 0, 2, 1.5707963267948966, 2.0
104, 127, 499, 190, 500, 192, -1, -2, -2.0344439357957027, 2.23606797749979
104, 129, 766, 189, 766, 187, 0, 2, 1.5707963267948966, 2.0
104, 130, 385, 350, 386, 347, -1, 3, 1.892546881191539, 3.1622776601683795
104, 131, 1207, 191, 1209, 187, -2, 4, 2.0344439357957027, 4.47213595499958
104, 132, 155, 681, 155, 678, 0, 3, 1.5707963267948966, 3.0
104, 133, 467, 574, 467, 579, 0, -5, -1.5707963267948966, 5.0
104, 134, 692, 616, 696, 612, -4, 4, 2.356194490192345, 5.656854249492381
104, 137, 35, 408, 32, 406, 3, 2, 0.5880026035475675, 3.605551275463989
104, 138, 149, 71, 145, 71, 4, 0, 0.0, 4.0
104, 139, 371, 397, 372, 393, -1, 4, 1.8157749899217608, 4.123105625617661
104, 140, 677, 204, 678, 203, -1, 1, 2.356194490192345, 1.4142135623730951
104, 141, 81, 590, 82, 586, -1, 4, 1.8157749899217608, 4.123105625617661
105, 1, 301, 348, 301, 350, 0, -2, -1.5707963267948966, 2.0
105, 2, 832, 528, 832, 532, 0, -4, -1.5707963267948966, 4.0
105, 4, 819, 527, 819, 531, 0, -4, -1.5707963267948966, 4.0
105, 5, 492, 116, 493, 121, -1, -5, -1.7681918866447774, 5.0990195135927845
105, 7, 488, 575, 487, 579, 1, -4, -1.3258176636680326, 4.123105625617661
105, 9, 70, 612, 72, 609, -2, 3, 2.158798930342464, 3.605551275463989
105, 10, 101, 674, 103, 672, -2, 2, 2.356194490192345, 2.8284271247461903
105, 11, 390, 333, 390, 331, 0, 2, 1.5707963267948966, 2.0
105, 12, 1261, 270, 1262, 268, -1, 2, 2.0344439357957027, 2.23606797749979
105, 14, 448, 657, 449, 661, -1, -4, -1.8157749899217608, 4.123105625617661
105, 15, 1084, 282, 1086, 285, -2, -3, -2.158798930342464, 3.605551275463989
105, 16, 699, 471, 699, 476, 0, -5, -1.5707963267948966, 5.0
105, 17, 1151, 535, 1149, 532, 2, 3, 0.982793723247329, 3.605551275463989
105, 18, 471, 574, 471, 578, 0, -4, -1.5707963267948966, 4.0
105, 20, 682, 470, 682, 475, 0, -5, -1.5707963267948966, 5.0
105, 21, 505, 643, 504, 642, 1, 1, 0.7853981633974483, 1.4142135623730951
105, 22, 797, 565, 796, 568, 1, -3, -1.2490457723982544, 3.1622776601683795
105, 23, 482, 17, 482, 21, 0, -4, -1.5707963267948966, 4.0
105, 24, 821, 28, 821, 30, 0, -2, -1.5707963267948966, 2.0
105, 26, 688, 627, 692, 624, -4, 3, 2.498091544796509, 5.0
105, 28, 491, 30, 491, 34, 0, -4, -1.5707963267948966, 4.0
105, 29, 470, 185, 471, 189, -1, -4, -1.8157749899217608, 4.123105625617661
105, 31, 808, 208, 809, 212, -1, -4, -1.8157749899217608, 4.123105625617661
105, 34, 827, 31, 828, 33, -1, -2, -2.0344439357957027, 2.23606797749979
105, 36, 537, 72, 537, 74, 0, -2, -1.5707963267948966, 2.0
105, 39, 890, 40, 892, 41, -2, -1, -2.677945044588987, 2.23606797749979
105, 41, 485, 98, 486, 101, -1, -3, -1.892546881191539, 3.1622776601683795
105, 42, 161, 80, 157, 80, 4, 0, 0.0, 4.0
105, 43, 378, 291, 380, 290, -2, 1, 2.677945044588987, 2.23606797749979
105, 44, 1118, 239, 1121, 243, -3, -4, -2.214297435588181, 5.0
105, 45, 1100, 289, 1101, 294, -1, -5, -1.7681918866447774, 5.0990195135927845
105, 46, 1103, 330, 1103, 332, 0, -2, -1.5707963267948966, 2.0
105, 48, 479, 25, 479, 29, 0, -4, -1.5707963267948966, 4.0
105, 50, 704, 349, 704, 353, 0, -4, -1.5707963267948966, 4.0
105, 53, 889, 31, 891, 32, -2, -1, -2.677945044588987, 2.23606797749979
105, 54, 581, 36, 581, 38, 0, -2, -1.5707963267948966, 2.0
105, 55, 823, 586, 823, 590, 0, -4, -1.5707963267948966, 4.0
105, 56, 422, 382, 422, 378, 0, 4, 1.5707963267948966, 4.0
105, 58, 627, 263, 628, 260, -1, 3, 1.892546881191539, 3.1622776601683795
105, 65, 477, 171, 478, 176, -1, -5, -1.7681918866447774, 5.0990195135927845
105, 66, 797, 163, 797, 167, 0, -4, -1.5707963267948966, 4.0
105, 68, 782, 204, 783, 207, -1, -3, -1.892546881191539, 3.1622776601683795
105, 69, 439, 654, 440, 658, -1, -4, -1.8157749899217608, 4.123105625617661
105, 71, 1170, 48, 1169, 49, 1, -1, -0.7853981633974483, 1.4142135623730951
105, 73, 122, 655, 125, 657, -3, -2, -2.5535900500422257, 3.605551275463989
105, 74, 674, 513, 674, 517, 0, -4, -1.5707963267948966, 4.0
105, 76, 148, 93, 145, 94, 3, -1, -0.3217505543966422, 3.1622776601683795
105, 77, 1107, 240, 1110, 243, -3, -3, -2.356194490192345, 4.242640687119285
105, 79, 1182, 701, 1180, 712, 2, -11, -1.3909428270024184, 11.180339887498949
105, 81, 704, 618, 708, 614, -4, 4, 2.356194490192345, 5.656854249492381
105, 82, 502, 125, 502, 130, 0, -5, -1.5707963267948966, 5.0
105, 83, 747, 372, 747, 374, 0, -2, -1.5707963267948966, 2.0
105, 84, 491, 127, 491, 131, 0, -4, -1.5707963267948966, 4.0
105, 85, 485, 640, 484, 644, 1, -4, -1.3258176636680326, 4.123105625617661
105, 86, 149, 43, 147, 44, 2, -1, -0.4636476090008061, 2.23606797749979
105, 87, 301, 366, 301, 368, 0, -2, -1.5707963267948966, 2.0
105, 89, 811, 185, 811, 188, 0, -3, -1.5707963267948966, 3.0
105, 91, 450, 629, 450, 634, 0, -5, -1.5707963267948966, 5.0
105, 93, 692, 479, 692, 484, 0, -5, -1.5707963267948966, 5.0
105, 94, 736, 329, 736, 333, 0, -4, -1.5707963267948966, 4.0
105, 95, 49, 402, 46, 401, 3, 1, 0.3217505543966422, 3.1622776601683795
105, 97, 886, 44, 887, 46, -1, -2, -2.0344439357957027, 2.23606797749979
105, 98, 812, 631, 812, 633, 0, -2, -1.5707963267948966, 2.0
105, 101, 60, 482, 59, 483, 1, -1, -0.7853981633974483, 1.4142135623730951
105, 102, 1214, 233, 1214, 230, 0, 3, 1.5707963267948966, 3.0
105, 104, 468, 668, 469, 672, -1, -4, -1.8157749899217608, 4.123105625617661
105, 105, 781, 56, 782, 58, -1, -2, -2.0344439357957027, 2.23606797749979
105, 106, 482, 182, 483, 187, -1, -5, -1.7681918866447774, 5.0990195135927845
105, 107, 609, 304, 610, 303, -1, 1, 2.356194490192345, 1.4142135623730951
105, 108, 843, 40, 844, 42, -1, -2, -2.0344439357957027, 2.23606797749979
105, 109, 803, 170, 803, 174, 0, -4, -1.5707963267948966, 4.0
105, 111, 174, 93, 173, 94, 1, -1, -0.7853981633974483, 1.4142135623730951
105, 112, 1084, 310, 1086, 316, -2, -6, -1.892546881191539, 6.324555320336759
105, 113, 1126, 683, 1124, 678, 2, 5, 1.1902899496825317, 5.385164807134504
105, 114, 1099, 319, 1100, 321, -1, -2, -2.0344439357957027, 2.23606797749979
105, 116, 805, 579, 804, 583, 1, -4, -1.3258176636680326, 4.123105625617661
105, 118, 412, 376, 411, 371, 1, 5, 1.373400766945016, 5.0990195135927845
105, 120, 1136, 60, 1134, 61, 2, -1, -0.4636476090008061, 2.23606797749979
105, 122, 788, 210, 789, 213, -1, -3, -1.892546881191539, 3.1622776601683795
105, 127, 837, 580, 839, 584, -2, -4, -2.0344439357957027, 4.47213595499958
105, 130, 690, 466, 690, 471, 0, -5, -1.5707963267948966, 5.0
105, 132, 36, 409, 33, 408, 3, 1, 0.3217505543966422, 3.1622776601683795
105, 133, 486, 152, 487, 157, -1, -5, -1.7681918866447774, 5.0990195135927845
105, 134, 679, 678, 683, 676, -4, 2, 2.677945044588987, 4.47213595499958
105, 135, 745, 171, 745, 168, 0, 3, 1.5707963267948966, 3.0
105, 136, 61, 463, 58, 462, 3, 1, 0.3217505543966422, 3.1622776601683795
105, 142, 151, 78, 148, 78, 3, 0, 0.0, 3.0
105, 143, 1149, 53, 1147, 53, 2, 0, 0.0, 2.0
105, 144, 69, 667, 73, 665, -4, 2, 2.677945044588987, 4.47213595499958
105, 145, 705, 697, 708, 694, -3, 3, 2.356194490192345, 4.242640687119285
105, 148, 1213, 195, 1214, 193, -1, 2, 2.0344439357957027, 2.23606797749979
105, 151, 672, 42, 671, 43, 1, -1, -0.7853981633974483, 1.4142135623730951
105, 158, 695, 453, 696, 458, -1, -5, -1.7681918866447774, 5.0990195135927845
105, 160, 1240, 300, 1237, 299, 3, 1, 0.3217505543966422, 3.1622776601683795
105, 161, 1088, 276, 1090, 279, -2, -3, -2.158798930342464, 3.605551275463989
105, 162, 158, 678, 157, 675, 1, 3, 1.2490457723982544, 3.1622776601683795
105, 165, 1130, 615, 1127, 608, 3, 7, 1.1659045405098132, 7.615773105863909
105, 166, 413, 295, 415, 294, -2, 1, 2.677945044588987, 2.23606797749979
105, 168, 1127, 593, 1126, 588, 1, 5, 1.373400766945016, 5.0990195135927845
105, 169, 745, 365, 745, 367, 0, -2, -1.5707963267948966, 2.0
106, 0, 260, 348, 260, 350, 0, -2, -1.5707963267948966, 2.0
106, 2, 832, 524, 832, 528, 0, -4, -1.5707963267948966, 4.0
106, 4, 820, 523, 819, 527, 1, -4, -1.3258176636680326, 4.123105625617661
106, 5, 492, 111, 492, 116, 0, -5, -1.5707963267948966, 5.0
106, 7, 489, 570, 488, 575, 1, -5, -1.373400766945016, 5.0990195135927845
106, 9, 68, 616, 70, 612, -2, 4, 2.0344439357957027, 4.47213595499958
106, 10, 98, 676, 101, 674, -3, 2, 2.5535900500422257, 3.605551275463989
106, 11, 390, 335, 390, 333, 0, 2, 1.5707963267948966, 2.0
106, 13, 251, 342, 251, 344, 0, -2, -1.5707963267948966, 2.0
106, 14, 446, 653, 448, 657, -2, -4, -2.0344439357957027, 4.47213595499958
106, 15, 1082, 279, 1084, 282, -2, -3, -2.158798930342464, 3.605551275463989
106, 16, 698, 466, 699, 471, -1, -5, -1.7681918866447774, 5.0990195135927845
106, 17, 1152, 538, 1151, 535, 1, 3, 1.2490457723982544, 3.1622776601683795
106, 18, 471, 570, 471, 574, 0, -4, -1.5707963267948966, 4.0
106, 20, 682, 465, 682, 470, 0, -5, -1.5707963267948966, 5.0
106, 21, 507, 643, 505, 643, 2, 0, 0.0, 2.0
106, 22, 796, 559, 797, 565, -1, -6, -1.7359450042095235, 6.082762530298219
106, 23, 483, 13, 482, 17, 1, -4, -1.3258176636680326, 4.123105625617661
106, 24, 821, 26, 821, 28, 0, -2, -1.5707963267948966, 2.0
106, 25, 1138, 574, 1136, 573, 2, 1, 0.4636476090008061, 2.23606797749979
106, 26, 684, 630, 688, 627, -4, 3, 2.498091544796509, 5.0
106, 28, 491, 26, 491, 30, 0, -4, -1.5707963267948966, 4.0
106, 29, 470, 181, 470, 185, 0, -4, -1.5707963267948966, 4.0
106, 31, 807, 204, 808, 208, -1, -4, -1.8157749899217608, 4.123105625617661
106, 34, 827, 29, 827, 31, 0, -2, -1.5707963267948966, 2.0
106, 36, 537, 70, 537, 72, 0, -2, -1.5707963267948966, 2.0
106, 40, 484, 95, 485, 98, -1, -3, -1.892546881191539, 3.1622776601683795
106, 41, 164, 80, 161, 80, 3, 0, 0.0, 3.0
106, 42, 376, 292, 378, 291, -2, 1, 2.677945044588987, 2.23606797749979
106, 43, 1115, 235, 1118, 239, -3, -4, -2.214297435588181, 5.0
106, 44, 1099, 285, 1100, 289, -1, -4, -1.8157749899217608, 4.123105625617661
106, 45, 1103, 328, 1103, 330, 0, -2, -1.5707963267948966, 2.0
106, 47, 479, 21, 479, 25, 0, -4, -1.5707963267948966, 4.0
106, 49, 705, 345, 704, 349, 1, -4, -1.3258176636680326, 4.123105625617661
106, 52, 887, 30, 889, 31, -2, -1, -2.677945044588987, 2.23606797749979
106, 53, 581, 34, 581, 36, 0, -2, -1.5707963267948966, 2.0
106, 54, 823, 582, 823, 586, 0, -4, -1.5707963267948966, 4.0
106, 55, 422, 387, 422, 382, 0, 5, 1.5707963267948966, 5.0
106, 57, 626, 266, 627, 263, -1, 3, 1.892546881191539, 3.1622776601683795
106, 58, 148, 34, 147, 35, 1, -1, -0.7853981633974483, 1.4142135623730951
106, 59, 1128, 118, 1126, 118, 2, 0, 0.0, 2.0
106, 61, 688, 562, 688, 564, 0, -2, -1.5707963267948966, 2.0
106, 62, 253, 349, 253, 351, 0, -2, -1.5707963267948966, 2.0
106, 64, 476, 167, 477, 171, -1, -4, -1.8157749899217608, 4.123105625617661
106, 65, 797, 159, 797, 163, 0, -4, -1.5707963267948966, 4.0
106, 67, 782, 201, 782, 204, 0, -3, -1.5707963267948966, 3.0
106, 68, 438, 650, 439, 654, -1, -4, -1.8157749899217608, 4.123105625617661
106, 70, 1172, 47, 1170, 48, 2, -1, -0.4636476090008061, 2.23606797749979
106, 72, 120, 657, 122, 655, -2, 2, 2.356194490192345, 2.8284271247461903
106, 73, 674, 509, 674, 513, 0, -4, -1.5707963267948966, 4.0
106, 75, 151, 93, 148, 93, 3, 0, 0.0, 3.0
106, 76, 1104, 237, 1107, 240, -3, -3, -2.356194490192345, 4.242640687119285
106, 78, 1184, 699, 1182, 701, 2, -2, -0.7853981633974483, 2.8284271247461903
106, 80, 700, 622, 704, 618, -4, 4, 2.356194490192345, 5.656854249492381
106, 81, 501, 120, 502, 125, -1, -5, -1.7681918866447774, 5.0990195135927845
106, 82, 747, 369, 747, 372, 0, -3, -1.5707963267948966, 3.0
106, 83, 491, 122, 491, 127, 0, -5, -1.5707963267948966, 5.0
106, 84, 486, 636, 485, 640, 1, -4, -1.3258176636680326, 4.123105625617661
106, 85, 151, 42, 149, 43, 2, -1, -0.4636476090008061, 2.23606797749979
106, 86, 301, 364, 301, 366, 0, -2, -1.5707963267948966, 2.0
106, 88, 811, 181, 811, 185, 0, -4, -1.5707963267948966, 4.0
106, 89, 546, 32, 546, 34, 0, -2, -1.5707963267948966, 2.0
106, 90, 450, 624, 450, 629, 0, -5, -1.5707963267948966, 5.0
106, 92, 692, 474, 692, 479, 0, -5, -1.5707963267948966, 5.0
106, 93, 736, 325, 736, 329, 0, -4, -1.5707963267948966, 4.0
106, 94, 52, 403, 49, 402, 3, 1, 0.3217505543966422, 3.1622776601683795
106, 99, 62, 482, 60, 482, 2, 0, 0.0, 2.0
106, 100, 1214, 236, 1214, 233, 0, 3, 1.5707963267948966, 3.0
106, 102, 467, 664, 468, 668, -1, -4, -1.8157749899217608, 4.123105625617661
106, 103, 781, 54, 781, 56, 0, -2, -1.5707963267948966, 2.0
106, 104, 481, 178, 482, 182, -1, -4, -1.8157749899217608, 4.123105625617661
106, 105, 608, 306, 609, 304, -1, 2, 2.0344439357957027, 2.23606797749979
106, 106, 842, 38, 843, 40, -1, -2, -2.0344439357957027, 2.23606797749979
106, 107, 803, 166, 803, 170, 0, -4, -1.5707963267948966, 4.0
106, 109, 175, 92, 174, 93, 1, -1, -0.7853981633974483, 1.4142135623730951
106, 110, 1083, 304, 1084, 310, -1, -6, -1.7359450042095235, 6.082762530298219
106, 111, 1128, 688, 1126, 683, 2, 5, 1.1902899496825317, 5.385164807134504
106, 112, 1099, 317, 1099, 319, 0, -2, -1.5707963267948966, 2.0
106, 114, 806, 574, 805, 579, 1, -5, -1.373400766945016, 5.0990195135927845
106, 116, 412, 381, 412, 376, 0, 5, 1.5707963267948966, 5.0
106, 118, 1138, 59, 1136, 60, 2, -1, -0.4636476090008061, 2.23606797749979
106, 119, 722, 421, 722, 423, 0, -2, -1.5707963267948966, 2.0
106, 120, 788, 207, 788, 210, 0, -3, -1.5707963267948966, 3.0
106, 121, 590, 44, 590, 46, 0, -2, -1.5707963267948966, 2.0
106, 123, 85, 148, 85, 150, 0, -2, -1.5707963267948966, 2.0
106, 125, 836, 576, 837, 580, -1, -4, -1.8157749899217608, 4.123105625617661
106, 128, 690, 461, 690, 466, 0, -5, -1.5707963267948966, 5.0
106, 130, 39, 410, 36, 409, 3, 1, 0.3217505543966422, 3.1622776601683795
106, 131, 486, 147, 486, 152, 0, -5, -1.5707963267948966, 5.0
106, 132, 675, 680, 679, 678, -4, 2, 2.677945044588987, 4.47213595499958
106, 133, 746, 173, 745, 171, 1, 2, 1.1071487177940904, 2.23606797749979
106, 134, 64, 464, 61, 463, 3, 1, 0.3217505543966422, 3.1622776601683795
106, 140, 153, 78, 151, 78, 2, 0, 0.0, 2.0
106, 141, 1151, 52, 1149, 53, 2, -1, -0.4636476090008061, 2.23606797749979
106, 142, 65, 670, 69, 667, -4, 3, 2.498091544796509, 5.0
106, 143, 703, 700, 705, 697, -2, 3, 2.158798930342464, 3.605551275463989
106, 144, 245, 329, 245, 331, 0, -2, -1.5707963267948966, 2.0
106, 146, 1213, 197, 1213, 195, 0, 2, 1.5707963267948966, 2.0
106, 147, 61, 75, 61, 77, 0, -2, -1.5707963267948966, 2.0
106, 149, 673, 40, 672, 42, 1, -2, -1.1071487177940904, 2.23606797749979
106, 150, 791, 10, 792, 12, -1, -2, -2.0344439357957027, 2.23606797749979
106, 155, 291, 376, 291, 378, 0, -2, -1.5707963267948966, 2.0
106, 156, 695, 448, 695, 453, 0, -5, -1.5707963267948966, 5.0
106, 158, 1243, 301, 1240, 300, 3, 1, 0.3217505543966422, 3.1622776601683795
106, 159, 1086, 273, 1088, 276, -2, -3, -2.158798930342464, 3.605551275463989
106, 160, 158, 681, 158, 678, 0, 3, 1.5707963267948966, 3.0
106, 161, 1230, 340, 1227, 341, 3, -1, -0.3217505543966422, 3.1622776601683795
106, 163, 1133, 619, 1130, 615, 3, 4, 0.9272952180016122, 5.0
106, 164, 411, 296, 413, 295, -2, 1, 2.677945044588987, 2.23606797749979
106, 166, 1130, 599, 1127, 593, 3, 6, 1.1071487177940904, 6.708203932499369
106, 167, 745, 362, 745, 365, 0, -3, -1.5707963267948966, 3.0
106, 168, 76, 148, 76, 150, 0, -2, -1.5707963267948966, 2.0
106, 169, 79, 133, 79, 135, 0, -2, -1.5707963267948966, 2.0
106, 170, 124, 684, 125, 683, -1, 1, 2.356194490192345, 1.4142135623730951
107, 2, 833, 521, 832, 524, 1, -3, -1.2490457723982544, 3.1622776601683795
107, 4, 821, 519, 820, 523, 1, -4, -1.3258176636680326, 4.123105625617661
107, 5, 491, 106, 492, 111, -1, -5, -1.7681918866447774, 5.0990195135927845
107, 6, 1256, 186, 1256, 183, 0, 3, 1.5707963267948966, 3.0
107, 7, 491, 567, 489, 570, 2, -3, -0.982793723247329, 3.605551275463989
107, 8, 177, 33, 177, 31, 0, 2, 1.5707963267948966, 2.0
107, 9, 67, 618, 68, 616, -1, 2, 2.0344439357957027, 2.23606797749979
107, 10, 101, 682, 98, 676, 3, 6, 1.1071487177940904, 6.708203932499369
107, 11, 389, 337, 390, 335, -1, 2, 2.0344439357957027, 2.23606797749979
107, 12, 1261, 273, 1261, 271, 0, 2, 1.5707963267948966, 2.0
107, 14, 444, 649, 446, 653, -2, -4, -2.0344439357957027, 4.47213595499958
107, 15, 1078, 276, 1082, 279, -4, -3, -2.498091544796509, 5.0
107, 16, 696, 462, 698, 466, -2, -4, -2.0344439357957027, 4.47213595499958
107, 17, 1152, 542, 1152, 538, 0, 4, 1.5707963267948966, 4.0
107, 18, 471, 566, 471, 570, 0, -4, -1.5707963267948966, 4.0
107, 20, 682, 460, 682, 465, 0, -5, -1.5707963267948966, 5.0
107, 22, 795, 553, 796, 559, -1, -6, -1.7359450042095235, 6.082762530298219
107, 23, 483, 8, 483, 13, 0, -5, -1.5707963267948966, 5.0
107, 24, 1139, 572, 1138, 574, 1, -2, -1.1071487177940904, 2.23606797749979
107, 25, 682, 630, 684, 630, -2, 0, 3.141592653589793, 2.0
107, 27, 491, 21, 491, 26, 0, -5, -1.5707963267948966, 5.0
107, 28, 469, 177, 470, 181, -1, -4, -1.8157749899217608, 4.123105625617661
107, 29, 407, 331, 409, 328, -2, 3, 2.158798930342464, 3.605551275463989
107, 30, 806, 200, 807, 204, -1, -4, -1.8157749899217608, 4.123105625617661
107, 38, 483, 93, 484, 95, -1, -2, -2.0344439357957027, 2.23606797749979
107, 39, 166, 81, 164, 80, 2, 1, 0.4636476090008061, 2.23606797749979
107, 40, 374, 295, 376, 292, -2, 3, 2.158798930342464, 3.605551275463989
107, 41, 1111, 232, 1115, 235, -4, -3, -2.498091544796509, 5.0
107, 42, 1095, 283, 1099, 285, -4, -2, -2.677945044588987, 4.47213595499958
107, 43, 1103, 325, 1103, 328, 0, -3, -1.5707963267948966, 3.0
107, 45, 479, 16, 479, 21, 0, -5, -1.5707963267948966, 5.0
107, 46, 766, 152, 765, 150, 1, 2, 1.1071487177940904, 2.23606797749979
107, 47, 706, 341, 705, 345, 1, -4, -1.3258176636680326, 4.123105625617661
107, 48, 1179, 95, 1178, 92, 1, 3, 1.2490457723982544, 3.1622776601683795
107, 49, 758, 144, 757, 142, 1, 2, 1.1071487177940904, 2.23606797749979
107, 50, 883, 30, 887, 30, -4, 0, 3.141592653589793, 4.0
107, 52, 823, 577, 823, 582, 0, -5, -1.5707963267948966, 5.0
107, 53, 421, 391, 422, 387, -1, 4, 1.8157749899217608, 4.123105625617661
107, 54, 675, 290, 676, 289, -1, 1, 2.356194490192345, 1.4142135623730951
107, 55, 624, 270, 626, 266, -2, 4, 2.0344439357957027, 4.47213595499958
107, 57, 1130, 118, 1128, 118, 2, 0, 0.0, 2.0
107, 59, 688, 557, 688, 562, 0, -5, -1.5707963267948966, 5.0
107, 61, 684, 212, 685, 208, -1, 4, 1.8157749899217608, 4.123105625617661
107, 62, 475, 163, 476, 167, -1, -4, -1.8157749899217608, 4.123105625617661
107, 63, 797, 156, 797, 159, 0, -3, -1.5707963267948966, 3.0
107, 64, 754, 151, 753, 149, 1, 2, 1.1071487177940904, 2.23606797749979
107, 65, 781, 197, 782, 201, -1, -4, -1.8157749899217608, 4.123105625617661
107, 66, 437, 646, 438, 650, -1, -4, -1.8157749899217608, 4.123105625617661
107, 67, 628, 57, 627, 55, 1, 2, 1.1071487177940904, 2.23606797749979
107, 68, 1175, 48, 1172, 47, 3, 1, 0.3217505543966422, 3.1622776601683795
107, 69, 676, 195, 678, 191, -2, 4, 2.0344439357957027, 4.47213595499958
107, 70, 116, 659, 120, 657, -4, 2, 2.677945044588987, 4.47213595499958
107, 71, 674, 503, 674, 509, 0, -6, -1.5707963267948966, 6.0
107, 73, 152, 94, 151, 93, 1, 1, 0.7853981633974483, 1.4142135623730951
107, 74, 1100, 235, 1104, 237, -4, -2, -2.677945044588987, 4.47213595499958
107, 76, 1185, 700, 1184, 699, 1, 1, 0.7853981633974483, 1.4142135623730951
107, 77, 1170, 137, 1170, 133, 0, 4, 1.5707963267948966, 4.0
107, 78, 697, 625, 700, 622, -3, 3, 2.356194490192345, 4.242640687119285
107, 79, 500, 115, 501, 120, -1, -5, -1.7681918866447774, 5.0990195135927845
107, 80, 747, 364, 747, 369, 0, -5, -1.5707963267948966, 5.0
107, 81, 490, 117, 491, 122, -1, -5, -1.7681918866447774, 5.0990195135927845
107, 82, 487, 632, 486, 636, 1, -4, -1.3258176636680326, 4.123105625617661
107, 83, 153, 42, 151, 42, 2, 0, 0.0, 2.0
107, 86, 810, 178, 811, 181, -1, -3, -1.892546881191539, 3.1622776601683795
107, 88, 450, 619, 450, 624, 0, -5, -1.5707963267948966, 5.0
107, 90, 692, 469, 692, 474, 0, -5, -1.5707963267948966, 5.0
107, 91, 737, 320, 736, 325, 1, -5, -1.373400766945016, 5.0990195135927845
107, 92, 56, 406, 52, 403, 4, 3, 0.6435011087932844, 5.0
107, 94, 812, 628, 812, 630, 0, -2, -1.5707963267948966, 2.0
107, 97, 64, 485, 62, 482, 2, 3, 0.982793723247329, 3.605551275463989
107, 98, 1216, 239, 1214, 236, 2, 3, 0.982793723247329, 3.605551275463989
107, 100, 466, 659, 467, 664, -1, -5, -1.7681918866447774, 5.0990195135927845
107, 101, 780, 52, 781, 54, -1, -2, -2.0344439357957027, 2.23606797749979
107, 102, 480, 174, 481, 178, -1, -4, -1.8157749899217608, 4.123105625617661
107, 103, 607, 309, 608, 306, -1, 3, 1.892546881191539, 3.1622776601683795
107, 104, 840, 37, 842, 38, -2, -1, -2.677945044588987, 2.23606797749979
107, 105, 802, 163, 803, 166, -1, -3, -1.892546881191539, 3.1622776601683795
107, 108, 1129, 691, 1128, 688, 1, 3, 1.2490457723982544, 3.1622776601683795
107, 109, 1098, 315, 1099, 317, -1, -2, -2.0344439357957027, 2.23606797749979
107, 111, 807, 569, 806, 574, 1, -5, -1.373400766945016, 5.0990195135927845
107, 113, 411, 385, 412, 381, -1, 4, 1.8157749899217608, 4.123105625617661
107, 114, 381, 263, 383, 259, -2, 4, 2.0344439357957027, 4.47213595499958
107, 115, 1141, 61, 1138, 59, 3, 2, 0.5880026035475675, 3.605551275463989
107, 116, 722, 419, 722, 421, 0, -2, -1.5707963267948966, 2.0
107, 117, 788, 203, 788, 207, 0, -4, -1.5707963267948966, 4.0
107, 122, 837, 571, 836, 576, 1, -5, -1.373400766945016, 5.0990195135927845
107, 124, 689, 456, 690, 461, -1, -5, -1.7681918866447774, 5.0990195135927845
107, 126, 42, 411, 39, 410, 3, 1, 0.3217505543966422, 3.1622776601683795
107, 127, 485, 143, 486, 147, -1, -4, -1.8157749899217608, 4.123105625617661
107, 128, 671, 680, 675, 680, -4, 0, 3.141592653589793, 4.0
107, 129, 747, 177, 746, 173, 1, 4, 1.3258176636680326, 4.123105625617661
107, 130, 66, 466, 64, 464, 2, 2, 0.7853981633974483, 2.8284271247461903
107, 131, 1180, 102, 1180, 99, 0, 3, 1.5707963267948966, 3.0
107, 132, 372, 378, 373, 374, -1, 4, 1.8157749899217608, 4.123105625617661
107, 133, 762, 206, 761, 203, 1, 3, 1.2490457723982544, 3.1622776601683795
107, 136, 156, 78, 153, 78, 3, 0, 0.0, 3.0
107, 137, 1154, 54, 1151, 52, 3, 2, 0.5880026035475675, 3.605551275463989
107, 138, 61, 672, 65, 670, -4, 2, 2.677945044588987, 4.47213595499958
107, 142, 1213, 201, 1213, 197, 0, 4, 1.5707963267948966, 4.0
107, 146, 789, 9, 791, 10, -2, -1, -2.677945044588987, 2.23606797749979
107, 147, 669, 203, 671, 199, -2, 4, 2.0344439357957027, 4.47213595499958
107, 152, 694, 443, 695, 448, -1, -5, -1.7681918866447774, 5.0990195135927845
107, 154, 1245, 301, 1243, 301, 2, 0, 0.0, 2.0
107, 155, 1083, 270, 1086, 273, -3, -3, -2.356194490192345, 4.242640687119285
107, 156, 156, 685, 158, 681, -2, 4, 2.0344439357957027, 4.47213595499958
107, 160, 409, 300, 411, 296, -2, 4, 2.0344439357957027, 4.47213595499958
107, 161, 1156, 640, 1157, 639, -1, 1, 2.356194490192345, 1.4142135623730951
107, 162, 1131, 604, 1130, 599, 1, 5, 1.373400766945016, 5.0990195135927845
107, 163, 746, 357, 745, 362, 1, -5, -1.373400766945016, 5.0990195135927845
107, 166, 122, 687, 124, 684, -2, 3, 2.158798930342464, 3.605551275463989
108, 0, 833, 517, 833, 521, 0, -4, -1.5707963267948966, 4.0
108, 1, 821, 515, 821, 519, 0, -4, -1.5707963267948966, 4.0
108, 2, 489, 103, 491, 106, -2, -3, -2.158798930342464, 3.605551275463989
108, 4, 492, 562, 491, 567, 1, -5, -1.373400766945016, 5.0990195135927845
108, 6, 64, 622, 67, 618, -3, 4, 2.214297435588181, 5.0
108, 7, 103, 691, 101, 682, 2, 9, 1.3521273809209546, 9.219544457292887
108, 8, 388, 339, 389, 337, -1, 2, 2.0344439357957027, 2.23606797749979
108, 10, 442, 645, 444, 649, -2, -4, -2.0344439357957027, 4.47213595499958
108, 11, 1075, 272, 1078, 276, -3, -4, -2.214297435588181, 5.0
108, 12, 694, 457, 696, 462, -2, -5, -1.9513027039072615, 5.385164807134504
108, 13, 1152, 546, 1152, 542, 0, 4, 1.5707963267948966, 4.0
108, 14, 471, 561, 471, 566, 0, -5, -1.5707963267948966, 5.0
108, 15, 681, 455, 682, 460, -1, -5, -1.7681918866447774, 5.0990195135927845
108, 16, 507, 636, 507, 642, 0, -6, -1.5707963267948966, 6.0
108, 17, 795, 550, 795, 553, 0, -3, -1.5707963267948966, 3.0
108, 18, 1140, 576, 1139, 572, 1, 4, 1.3258176636680326, 4.123105625617661
108, 19, 678, 632, 682, 630, -4, 2, 2.677945044588987, 4.47213595499958
108, 20, 490, 18, 491, 21, -1, -3, -1.892546881191539, 3.1622776601683795
108, 21, 468, 175, 469, 177, -1, -2, -2.0344439357957027, 2.23606797749979
108, 22, 406, 335, 407, 331, -1, 4, 1.8157749899217608, 4.123105625617661
108, 23, 804, 198, 806, 200, -2, -2, -2.356194490192345, 2.8284271247461903
108, 24, 481, 91, 483, 93, -2, -2, -2.356194490192345, 2.8284271247461903
108, 25, 167, 83, 166, 81, 1, 2, 1.1071487177940904, 2.23606797749979
108, 26, 372, 296, 374, 295, -2, 1, 2.677945044588987, 2.23606797749979
108, 27, 1107, 229, 1111, 232, -4, -3, -2.498091544796509, 5.0
108, 28, 1091, 280, 1095, 283, -4, -3, -2.498091544796509, 5.0
108, 29, 1101, 322, 1103, 325, -2, -3, -2.158798930342464, 3.605551275463989
108, 30, 478, 13, 479, 16, -1, -3, -1.892546881191539, 3.1622776601683795
108, 32, 706, 338, 706, 341, 0, -3, -1.5707963267948966, 3.0
108, 33, 1178, 97, 1179, 95, -1, 2, 2.0344439357957027, 2.23606797749979
108, 35, 880, 29, 883, 30, -3, -1, -2.819842099193151, 3.1622776601683795
108, 36, 822, 573, 823, 577, -1, -4, -1.8157749899217608, 4.123105625617661
108, 37, 418, 396, 421, 391, -3, 5, 2.1112158270654806, 5.830951894845301
108, 38, 674, 291, 675, 290, -1, 1, 2.356194490192345, 1.4142135623730951
108, 39, 622, 272, 624, 270, -2, 2, 2.356194490192345, 2.8284271247461903
108, 42, 687, 553, 688, 557, -1, -4, -1.8157749899217608, 4.123105625617661
108, 43, 682, 214, 684, 212, -2, 2, 2.356194490192345, 2.8284271247461903
108, 44, 473, 160, 475, 163, -2, -3, -2.158798930342464, 3.605551275463989
108, 45, 796, 154, 797, 156, -1, -2, -2.0344439357957027, 2.23606797749979
108, 47, 780, 195, 781, 197, -1, -2, -2.0344439357957027, 2.23606797749979
108, 48, 436, 642, 437, 646, -1, -4, -1.8157749899217608, 4.123105625617661
108, 51, 674, 197, 676, 195, -2, 2, 2.356194490192345, 2.8284271247461903
108, 52, 113, 661, 116, 659, -3, 2, 2.5535900500422257, 3.605551275463989
108, 53, 673, 498, 674, 503, -1, -5, -1.7681918866447774, 5.0990195135927845
108, 54, 154, 95, 152, 94, 2, 1, 0.4636476090008061, 2.23606797749979
108, 55, 1096, 233, 1100, 235, -4, -2, -2.677945044588987, 4.47213595499958
108, 56, 1187, 700, 1185, 700, 2, 0, 0.0, 2.0
108, 57, 1169, 139, 1170, 137, -1, 2, 2.0344439357957027, 2.23606797749979
108, 58, 693, 628, 697, 625, -4, 3, 2.498091544796509, 5.0
108, 59, 498, 112, 500, 115, -2, -3, -2.158798930342464, 3.605551275463989
108, 60, 746, 359, 747, 364, -1, -5, -1.7681918866447774, 5.0990195135927845
108, 61, 488, 114, 490, 117, -2, -3, -2.158798930342464, 3.605551275463989
108, 62, 487, 628, 487, 632, 0, -4, -1.5707963267948966, 4.0
108, 63, 153, 40, 153, 42, 0, -2, -1.5707963267948966, 2.0
108, 64, 809, 176, 810, 178, -1, -2, -2.0344439357957027, 2.23606797749979
108, 65, 450, 614, 450, 619, 0, -5, -1.5707963267948966, 5.0
108, 66, 1146, 176, 1148, 176, -2, 0, 3.141592653589793, 2.0
108, 67, 691, 464, 692, 469, -1, -5, -1.7681918866447774, 5.0990195135927845
108, 68, 737, 315, 737, 320, 0, -5, -1.5707963267948966, 5.0
108, 71, 811, 624, 812, 628, -1, -4, -1.8157749899217608, 4.123105625617661
108, 72, 66, 488, 64, 485, 2, 3, 0.982793723247329, 3.605551275463989
108, 73, 1216, 241, 1216, 239, 0, 2, 1.5707963267948966, 2.0
108, 75, 465, 654, 466, 659, -1, -5, -1.7681918866447774, 5.0990195135927845
108, 76, 778, 51, 780, 52, -2, -1, -2.677945044588987, 2.23606797749979
108, 77, 479, 172, 480, 174, -1, -2, -2.0344439357957027, 2.23606797749979
108, 78, 605, 312, 607, 309, -2, 3, 2.158798930342464, 3.605551275463989
108, 79, 838, 36, 840, 37, -2, -1, -2.677945044588987, 2.23606797749979
108, 80, 801, 161, 802, 163, -1, -2, -2.0344439357957027, 2.23606797749979
108, 82, 1130, 696, 1129, 691, 1, 5, 1.373400766945016, 5.0990195135927845
108, 83, 1096, 313, 1098, 315, -2, -2, -2.356194490192345, 2.8284271247461903
108, 84, 808, 564, 807, 569, 1, -5, -1.373400766945016, 5.0990195135927845
108, 85, 173, 56, 173, 58, 0, -2, -1.5707963267948966, 2.0
108, 86, 408, 389, 411, 385, -3, 4, 2.214297435588181, 5.0
108, 87, 379, 264, 381, 263, -2, 1, 2.677945044588987, 2.23606797749979
108, 89, 721, 415, 722, 419, -1, -4, -1.8157749899217608, 4.123105625617661
108, 90, 787, 201, 788, 203, -1, -2, -2.0344439357957027, 2.23606797749979
108, 92, 836, 567, 837, 571, -1, -4, -1.8157749899217608, 4.123105625617661
108, 93, 688, 451, 689, 456, -1, -5, -1.7681918866447774, 5.0990195135927845
108, 95, 484, 140, 485, 143, -1, -3, -1.892546881191539, 3.1622776601683795
108, 96, 668, 682, 671, 680, -3, 2, 2.5535900500422257, 3.605551275463989
108, 99, 1179, 104, 1180, 102, -1, 2, 2.0344439357957027, 2.23606797749979
108, 100, 370, 380, 372, 378, -2, 2, 2.356194490192345, 2.8284271247461903
108, 101, 762, 210, 762, 206, 0, 4, 1.5707963267948966, 4.0
108, 104, 158, 79, 156, 78, 2, 1, 0.4636476090008061, 2.23606797749979
108, 106, 57, 673, 61, 672, -4, 1, 2.896613990462929, 4.123105625617661
108, 107, 700, 701, 703, 701, -3, 0, 3.141592653589793, 3.0
108, 108, 1212, 202, 1213, 201, -1, 1, 2.356194490192345, 1.4142135623730951
108, 109, 59, 74, 61, 75, -2, -1, -2.677945044588987, 2.23606797749979
108, 111, 667, 205, 669, 203, -2, 2, 2.356194490192345, 2.8284271247461903
108, 114, 693, 438, 694, 443, -1, -5, -1.7681918866447774, 5.0990195135927845
108, 116, 1247, 302, 1245, 301, 2, 1, 0.4636476090008061, 2.23606797749979
108, 117, 1080, 267, 1083, 270, -3, -3, -2.356194490192345, 4.242640687119285
108, 118, 154, 689, 156, 685, -2, 4, 2.0344439357957027, 4.47213595499958
108, 119, 1233, 342, 1230, 340, 3, 2, 0.5880026035475675, 3.605551275463989
108, 120, 1134, 621, 1133, 618, 1, 3, 1.2490457723982544, 3.1622776601683795
108, 121, 407, 301, 409, 300, -2, 1, 2.677945044588987, 2.23606797749979
108, 123, 1130, 608, 1131, 604, -1, 4, 1.8157749899217608, 4.123105625617661
108, 124, 745, 352, 746, 357, -1, -5, -1.7681918866447774, 5.0990195135927845
108, 126, 119, 691, 122, 687, -3, 4, 2.214297435588181, 5.0
109, 0, 833, 513, 833, 517, 0, -4, -1.5707963267948966, 4.0
109, 1, 821, 511, 821, 515, 0, -4, -1.5707963267948966, 4.0
109, 2, 488, 100, 489, 103, -1, -3, -1.892546881191539, 3.1622776601683795
109, 4, 493, 557, 492, 562, 1, -5, -1.373400766945016, 5.0990195135927845
109, 6, 61, 626, 64, 622, -3, 4, 2.214297435588181, 5.0
109, 7, 101, 693, 103, 691, -2, 2, 2.356194490192345, 2.8284271247461903
109, 8, 387, 340, 388, 339, -1, 1, 2.356194490192345, 1.4142135623730951
109, 9, 1261, 276, 1261, 274, 0, 2, 1.5707963267948966, 2.0
109, 10, 441, 641, 442, 645, -1, -4, -1.8157749899217608, 4.123105625617661
109, 11, 1073, 267, 1075, 272, -2, -5, -1.9513027039072615, 5.385164807134504
109, 12, 693, 452, 694, 457, -1, -5, -1.7681918866447774, 5.0990195135927845
109, 13, 1152, 550, 1152, 546, 0, 4, 1.5707963267948966, 4.0
109, 14, 471, 556, 471, 561, 0, -5, -1.5707963267948966, 5.0
109, 15, 680, 450, 681, 455, -1, -5, -1.7681918866447774, 5.0990195135927845
109, 16, 507, 631, 507, 636, 0, -5, -1.5707963267948966, 5.0
109, 17, 795, 548, 795, 550, 0, -2, -1.5707963267948966, 2.0
109, 18, 1142, 580, 1140, 576, 2, 4, 1.1071487177940904, 4.47213595499958
109, 19, 674, 635, 678, 632, -4, 3, 2.498091544796509, 5.0
109, 20, 489, 15, 490, 18, -1, -3, -1.892546881191539, 3.1622776601683795
109, 21, 467, 172, 468, 175, -1, -3, -1.892546881191539, 3.1622776601683795
109, 22, 405, 337, 406, 335, -1, 2, 2.0344439357957027, 2.23606797749979
109, 23, 803, 196, 804, 198, -1, -2, -2.0344439357957027, 2.23606797749979
109, 24, 480, 88, 481, 91, -1, -3, -1.892546881191539, 3.1622776601683795
109, 25, 168, 84, 167, 83, 1, 1, 0.7853981633974483, 1.4142135623730951
109, 26, 370, 297, 372, 296, -2, 1, 2.677945044588987, 2.23606797749979
109, 27, 1104, 225, 1107, 229, -3, -4, -2.214297435588181, 5.0
109, 28, 1088, 276, 1091, 280, -3, -4, -2.214297435588181, 5.0
109, 29, 1099, 318, 1101, 322, -2, -4, -2.0344439357957027, 4.47213595499958
109, 30, 477, 10, 478, 13, -1, -3, -1.892546881191539, 3.1622776601683795
109, 32, 707, 335, 706, 338, 1, -3, -1.2490457723982544, 3.1622776601683795
109, 35, 877, 28, 880, 29, -3, -1, -2.819842099193151, 3.1622776601683795
109, 36, 821, 570, 822, 573, -1, -3, -1.892546881191539, 3.1622776601683795
109, 37, 415, 400, 418, 396, -3, 4, 2.214297435588181, 5.0
109, 38, 673, 292, 674, 291, -1, 1, 2.356194490192345, 1.4142135623730951
109, 39, 620, 273, 622, 272, -2, 1, 2.677945044588987, 2.23606797749979
109, 41, 1132, 116, 1131, 118, 1, -2, -1.1071487177940904, 2.23606797749979
109, 42, 687, 548, 687, 553, 0, -5, -1.5707963267948966, 5.0
109, 43, 681, 216, 682, 214, -1, 2, 2.0344439357957027, 2.23606797749979
109, 44, 471, 157, 473, 160, -2, -3, -2.158798930342464, 3.605551275463989
109, 45, 795, 152, 796, 154, -1, -2, -2.0344439357957027, 2.23606797749979
109, 47, 780, 193, 780, 195, 0, -2, -1.5707963267948966, 2.0
109, 48, 435, 638, 436, 642, -1, -4, -1.8157749899217608, 4.123105625617661
109, 51, 672, 199, 674, 197, -2, 2, 2.356194490192345, 2.8284271247461903
109, 52, 111, 663, 113, 661, -2, 2, 2.356194490192345, 2.8284271247461903
109, 53, 672, 494, 673, 498, -1, -4, -1.8157749899217608, 4.123105625617661
109, 54, 157, 95, 154, 95, 3, 0, 0.0, 3.0
109, 55, 1093, 230, 1096, 233, -3, -3, -2.356194490192345, 4.242640687119285
109, 56, 1190, 701, 1187, 700, 3, 1, 0.3217505543966422, 3.1622776601683795
109, 57, 1168, 140, 1169, 139, -1, 1, 2.356194490192345, 1.4142135623730951
109, 58, 689, 631, 693, 628, -4, 3, 2.498091544796509, 5.0
109, 59, 497, 109, 498, 112, -1, -3, -1.892546881191539, 3.1622776601683795
109, 60, 745, 354, 746, 359, -1, -5, -1.7681918866447774, 5.0990195135927845
109, 61, 487, 111, 488, 114, -1, -3, -1.892546881191539, 3.1622776601683795
109, 62, 487, 625, 487, 628, 0, -3, -1.5707963267948966, 3.0
109, 64, 808, 174, 809, 176, -1, -2, -2.0344439357957027, 2.23606797749979
109, 65, 450, 609, 450, 614, 0, -5, -1.5707963267948966, 5.0
109, 66, 690, 459, 691, 464, -1, -5, -1.7681918866447774, 5.0990195135927845
109, 67, 737, 310, 737, 315, 0, -5, -1.5707963267948966, 5.0
109, 68, 57, 408, 56, 407, 1, 1, 0.7853981633974483, 1.4142135623730951
109, 69, 631, 348, 632, 346, -1, 2, 2.0344439357957027, 2.23606797749979
109, 70, 810, 619, 811, 624, -1, -5, -1.7681918866447774, 5.0990195135927845
109, 71, 67, 489, 66, 488, 1, 1, 0.7853981633974483, 1.4142135623730951
109, 73, 464, 649, 465, 654, -1, -5, -1.7681918866447774, 5.0990195135927845
109, 74, 776, 49, 778, 51, -2, -2, -2.356194490192345, 2.8284271247461903
109, 75, 478, 169, 479, 172, -1, -3, -1.892546881191539, 3.1622776601683795
109, 76, 604, 316, 605, 312, -1, 4, 1.8157749899217608, 4.123105625617661
109, 77, 800, 159, 801, 161, -1, -2, -2.0344439357957027, 2.23606797749979
109, 79, 1132, 701, 1130, 696, 2, 5, 1.1902899496825317, 5.385164807134504
109, 80, 1095, 311, 1096, 313, -1, -2, -2.0344439357957027, 2.23606797749979
109, 81, 809, 560, 808, 564, 1, -4, -1.3258176636680326, 4.123105625617661
109, 82, 173, 53, 173, 56, 0, -3, -1.5707963267948966, 3.0
109, 83, 405, 394, 408, 389, -3, 5, 2.1112158270654806, 5.830951894845301
109, 84, 378, 265, 379, 264, -1, 1, 2.356194490192345, 1.4142135623730951
109, 86, 719, 410, 721, 415, -2, -5, -1.9513027039072615, 5.385164807134504
109, 87, 787, 199, 787, 201, 0, -2, -1.5707963267948966, 2.0
109, 89, 834, 563, 836, 567, -2, -4, -2.0344439357957027, 4.47213595499958
109, 90, 687, 446, 688, 451, -1, -5, -1.7681918866447774, 5.0990195135927845
109, 91, 43, 413, 42, 412, 1, 1, 0.7853981633974483, 1.4142135623730951
109, 92, 483, 137, 484, 140, -1, -3, -1.892546881191539, 3.1622776601683795
109, 93, 665, 684, 668, 682, -3, 2, 2.5535900500422257, 3.605551275463989
109, 96, 1178, 105, 1179, 104, -1, 1, 2.356194490192345, 1.4142135623730951
109, 97, 369, 381, 370, 380, -1, 1, 2.356194490192345, 1.4142135623730951
109, 98, 762, 212, 762, 210, 0, 2, 1.5707963267948966, 2.0
109, 101, 53, 674, 57, 673, -4, 1, 2.896613990462929, 4.123105625617661
109, 102, 698, 701, 700, 701, -2, 0, 3.141592653589793, 2.0
109, 104, 672, 36, 673, 38, -1, -2, -2.0344439357957027, 2.23606797749979
109, 105, 665, 207, 667, 205, -2, 2, 2.356194490192345, 2.8284271247461903
109, 106, 622, 125, 623, 124, -1, 1, 2.356194490192345, 1.4142135623730951
109, 107, 693, 433, 693, 438, 0, -5, -1.5707963267948966, 5.0
109, 108, 1250, 303, 1247, 302, 3, 1, 0.3217505543966422, 3.1622776601683795
109, 109, 1077, 263, 1080, 267, -3, -4, -2.214297435588181, 5.0
109, 110, 152, 693, 154, 689, -2, 4, 2.0344439357957027, 4.47213595499958
109, 111, 1236, 345, 1233, 342, 3, 3, 0.7853981633974483, 4.242640687119285
109, 112, 1132, 620, 1134, 621, -2, -1, -2.677945044588987, 2.23606797749979
109, 113, 405, 301, 407, 301, -2, 0, 3.141592653589793, 2.0
109, 114, 1159, 640, 1156, 640, 3, 0, 0.0, 3.0
109, 115, 1129, 611, 1130, 608, -1, 3, 1.892546881191539, 3.1622776601683795
109, 116, 745, 347, 745, 352, 0, -5, -1.5707963267948966, 5.0
109, 117, 116, 693, 119, 691, -3, 2, 2.5535900500422257, 3.605551275463989
110, 0, 807, 533, 806, 537, 1, -4, -1.3258176636680326, 4.123105625617661
110, 1, 491, 558, 491, 562, 0, -4, -1.5707963267948966, 4.0
110, 2, 836, 510, 836, 514, 0, -4, -1.5707963267948966, 4.0
110, 4, 824, 509, 823, 513, 1, -4, -1.3258176636680326, 4.123105625617661
110, 5, 808, 560, 807, 564, 1, -4, -1.3258176636680326, 4.123105625617661
110, 6, 1261, 277, 1272, 274, -11, 3, 2.875340604438868, 11.40175425099138
110, 7, 490, 110, 491, 112, -1, -2, -2.0344439357957027, 2.23606797749979
110, 8, 807, 201, 808, 203, -1, -2, -2.0344439357957027, 2.23606797749979
110, 9, 673, 642, 677, 639, -4, 3, 2.498091544796509, 5.0
110, 11, 445, 643, 445, 647, 0, -4, -1.5707963267948966, 4.0
110, 12, 63, 628, 65, 625, -2, 3, 2.158798930342464, 3.605551275463989
110, 13, 785, 201, 785, 203, 0, -2, -1.5707963267948966, 2.0
110, 14, 464, 625, 464, 629, 0, -4, -1.5707963267948966, 4.0
110, 15, 1093, 282, 1095, 285, -2, -3, -2.158798930342464, 3.605551275463989
110, 16, 451, 613, 451, 617, 0, -4, -1.5707963267948966, 4.0
110, 18, 868, 9, 870, 10, -2, -1, -2.677945044588987, 2.23606797749979
110, 19, 1111, 229, 1114, 234, -3, -5, -2.1112158270654806, 5.830951894845301
110, 21, 489, 23, 490, 26, -1, -3, -1.892546881191539, 3.1622776601683795
110, 22, 476, 556, 476, 560, 0, -4, -1.5707963267948966, 4.0
110, 24, 682, 456, 681, 460, 1, -4, -1.3258176636680326, 4.123105625617661
110, 25, 785, 35, 787, 36, -2, -1, -2.677945044588987, 2.23606797749979
110, 26, 696, 455, 698, 460, -2, -5, -1.9513027039072615, 5.385164807134504
110, 27, 1149, 593, 1148, 591, 1, 2, 1.1071487177940904, 2.23606797749979
110, 28, 1170, 141, 1171, 139, -1, 2, 2.0344439357957027, 2.23606797749979
110, 29, 759, 147, 759, 145, 0, 2, 1.5707963267948966, 2.0
110, 30, 481, 9, 482, 12, -1, -3, -1.892546881191539, 3.1622776601683795
110, 33, 883, 39, 886, 40, -3, -1, -2.819842099193151, 3.1622776601683795
110, 34, 1159, 555, 1160, 551, -1, 4, 1.8157749899217608, 4.123105625617661
110, 36, 659, 270, 660, 267, -1, 3, 1.892546881191539, 3.1622776601683795
110, 38, 767, 155, 767, 153, 0, 2, 1.5707963267948966, 2.0
110, 39, 1079, 274, 1081, 278, -2, -4, -2.0344439357957027, 4.47213595499958
110, 40, 468, 178, 469, 181, -1, -3, -1.892546881191539, 3.1622776601683795
110, 41, 1261, 189, 1262, 188, -1, 1, 2.356194490192345, 1.4142135623730951
110, 43, 379, 303, 380, 302, -1, 1, 2.356194490192345, 1.4142135623730951
110, 44, 168, 87, 166, 88, 2, -1, -0.4636476090008061, 2.23606797749979
110, 45, 485, 267, 486, 269, -1, -2, -2.0344439357957027, 2.23606797749979
110, 46, 786, 23, 788, 24, -2, -1, -2.677945044588987, 2.23606797749979
110, 47, 685, 216, 686, 213, -1, 3, 1.892546881191539, 3.1622776601683795
110, 48, 667, 501, 668, 505, -1, -4, -1.8157749899217608, 4.123105625617661
110, 49, 755, 154, 755, 152, 0, 2, 1.5707963267948966, 2.0
110, 50, 838, 564, 839, 569, -1, -5, -1.7681918866447774, 5.0990195135927845
110, 51, 438, 638, 437, 642, 1, -4, -1.3258176636680326, 4.123105625617661
110, 52, 480, 18, 481, 21, -1, -3, -1.892546881191539, 3.1622776601683795
110, 53, 489, 86, 490, 88, -1, -2, -2.0344439357957027, 2.23606797749979
110, 54, 878, 31, 881, 32, -3, -1, -2.819842099193151, 3.1622776601683795
110, 55, 475, 166, 476, 168, -1, -2, -2.0344439357957027, 2.23606797749979
110, 56, 115, 693, 116, 690, -1, 3, 1.892546881191539, 3.1622776601683795
110, 57, 398, 352, 399, 351, -1, 1, 2.356194490192345, 1.4142135623730951
110, 58, 709, 339, 709, 342, 0, -3, -1.5707963267948966, 3.0
110, 59, 809, 181, 810, 183, -1, -2, -2.0344439357957027, 2.23606797749979
110, 62, 413, 403, 415, 400, -2, 3, 2.158798930342464, 3.605551275463989
110, 65, 406, 342, 407, 341, -1, 1, 2.356194490192345, 1.4142135623730951
110, 66, 1255, 310, 1253, 308, 2, 2, 0.7853981633974483, 2.8284271247461903
110, 67, 874, 43, 876, 44, -2, -1, -2.677945044588987, 2.23606797749979
110, 71, 676, 200, 678, 197, -2, 3, 2.158798930342464, 3.605551275463989
110, 72, 485, 146, 486, 148, -1, -2, -2.0344439357957027, 2.23606797749979
110, 73, 796, 158, 797, 160, -1, -2, -2.0344439357957027, 2.23606797749979
110, 74, 500, 118, 501, 120, -1, -2, -2.0344439357957027, 2.23606797749979
110, 75, 710, 695, 712, 694, -2, 1, 2.677945044588987, 2.23606797749979
110, 76, 740, 321, 740, 326, 0, -5, -1.5707963267948966, 5.0
110, 77, 1099, 231, 1102, 234, -3, -3, -2.356194490192345, 4.242640687119285
110, 79, 489, 120, 490, 122, -1, -2, -2.0344439357957027, 2.23606797749979
110, 80, 84, 456, 83, 454, 1, 2, 1.1071487177940904, 2.23606797749979
110, 82, 689, 630, 693, 627, -4, 3, 2.498091544796509, 5.0
110, 83, 384, 346, 385, 344, -1, 2, 2.0344439357957027, 2.23606797749979
110, 84, 1140, 64, 1139, 63, 1, 1, 0.7853981633974483, 1.4142135623730951
110, 85, 1134, 701, 1132, 703, 2, -2, -0.7853981633974483, 2.8284271247461903
110, 86, 452, 654, 453, 659, -1, -5, -1.7681918866447774, 5.0990195135927845
110, 87, 691, 463, 692, 469, -1, -6, -1.7359450042095235, 6.082762530298219
110, 90, 619, 270, 620, 269, -1, 1, 2.356194490192345, 1.4142135623730951
110, 91, 55, 409, 54, 407, 1, 2, 1.1071487177940904, 2.23606797749979
110, 92, 41, 415, 39, 413, 2, 2, 0.7853981633974483, 2.8284271247461903
110, 93, 1195, 620, 1192, 619, 3, 1, 0.3217505543966422, 3.1622776601683795
110, 98, 1103, 215, 1106, 219, -3, -4, -2.214297435588181, 5.0
110, 99, 388, 439, 389, 437, -1, 2, 2.0344439357957027, 2.23606797749979
110, 100, 485, 179, 486, 181, -1, -2, -2.0344439357957027, 2.23606797749979
110, 101, 678, 207, 680, 204, -2, 3, 2.158798930342464, 3.605551275463989
110, 102, 695, 642, 699, 639, -4, 3, 2.498091544796509, 5.0
110, 105, 852, 542, 852, 547, 0, -5, -1.5707963267948966, 5.0
110, 106, 1143, 601, 1142, 599, 1, 2, 1.1071487177940904, 2.23606797749979
110, 107, 71, 507, 70, 505, 1, 2, 1.1071487177940904, 2.23606797749979
110, 108, 412, 300, 413, 299, -1, 1, 2.356194490192345, 1.4142135623730951
110, 109, 394, 273, 395, 272, -1, 1, 2.356194490192345, 1.4142135623730951
110, 110, 1153, 56, 1152, 55, 1, 1, 0.7853981633974483, 1.4142135623730951
110, 113, 686, 701, 687, 711, -1, -10, -1.6704649792860586, 10.04987562112089
110, 115, 606, 318, 607, 315, -1, 3, 1.892546881191539, 3.1622776601683795
110, 120, 670, 207, 671, 204, -1, 3, 1.892546881191539, 3.1622776601683795
110, 121, 688, 453, 689, 458, -1, -5, -1.7681918866447774, 5.0990195135927845
110, 123, 381, 265, 382, 264, -1, 1, 2.356194490192345, 1.4142135623730951
110, 124, 659, 305, 662, 299, -3, 6, 2.0344439357957027, 6.708203932499369
110, 125, 502, 194, 503, 196, -1, -2, -2.0344439357957027, 2.23606797749979
110, 126, 373, 385, 374, 383, -1, 2, 2.0344439357957027, 2.23606797749979
110, 128, 493, 641, 493, 643, 0, -2, -1.5707963267948966, 2.0
110, 129, 104, 701, 105, 708, -1, -7, -1.7126933813990606, 7.0710678118654755
110, 131, 481, 86, 482, 88, -1, -2, -2.0344439357957027, 2.23606797749979
110, 132, 803, 166, 803, 168, 0, -2, -1.5707963267948966, 2.0
110, 133, 763, 219, 763, 217, 0, 2, 1.5707963267948966, 2.0
110, 134, 154, 690, 157, 687, -3, 3, 2.356194490192345, 4.242640687119285
110, 135, 811, 621, 812, 627, -1, -6, -1.7359450042095235, 6.082762530298219
110, 137, 692, 437, 693, 442, -1, -5, -1.7681918866447774, 5.0990195135927845
110, 138, 743, 352, 744, 357, -1, -5, -1.7681918866447774, 5.0990195135927845
110, 139, 1199, 562, 1198, 557, 1, 5, 1.373400766945016, 5.0990195135927845
110, 140, 1249, 314, 1246, 312, 3, 2, 0.5880026035475675, 3.605551275463989
110, 141, 1099, 322, 1101, 327, -2, -5, -1.9513027039072615, 5.385164807134504
110, 144, 1242, 362, 1241, 360, 1, 2, 1.1071487177940904, 2.23606797749979
110, 145, 634, 351, 634, 347, 0, 4, 1.5707963267948966, 4.0
110, 146, 483, 691, 484, 695, -1, -4, -1.8157749899217608, 4.123105625617661
110, 147, 495, 45, 496, 49, -1, -4, -1.8157749899217608, 4.123105625617661
110, 150, 1177, 248, 1178, 245, -1, 3, 1.892546881191539, 3.1622776601683795
110, 151, 1200, 268, 1199, 265, 1, 3, 1.2490457723982544, 3.1622776601683795
110, 152, 701, 646, 705, 644, -4, 2, 2.677945044588987, 4.47213595499958
110, 153, 41, 401, 39, 399, 2, 2, 0.7853981633974483, 2.8284271247461903
110, 154, 1165, 676, 1162, 673, 3, 3, 0.7853981633974483, 4.242640687119285
110, 155, 378, 409, 379, 407, -1, 2, 2.0344439357957027, 2.23606797749979
110, 157, 486, 628, 486, 632, 0, -4, -1.5707963267948966, 4.0
110, 158, 175, 57, 174, 59, 1, -2, -1.1071487177940904, 2.23606797749979
110, 159, 747, 362, 748, 366, -1, -4, -1.8157749899217608, 4.123105625617661
110, 162, 505, 568, 504, 572, 1, -4, -1.3258176636680326, 4.123105625617661
110, 163, 62, 691, 65, 688, -3, 3, 2.356194490192345, 4.242640687119285
110, 164, 790, 46, 792, 47, -2, -1, -2.677945044588987, 2.23606797749979
111, 0, 808, 531, 807, 533, 1, -2, -1.1071487177940904, 2.23606797749979
111, 1, 492, 554, 491, 558, 1, -4, -1.3258176636680326, 4.123105625617661
111, 2, 836, 506, 836, 510, 0, -4, -1.5707963267948966, 4.0
111, 3, 824, 505, 824, 509, 0, -4, -1.5707963267948966, 4.0
111, 4, 808, 554, 808, 560, 0, -6, -1.5707963267948966, 6.0
111, 5, 1261, 280, 1261, 277, 0, 3, 1.5707963267948966, 3.0
111, 6, 489, 108, 490, 110, -1, -2, -2.0344439357957027, 2.23606797749979
111, 7, 805, 198, 807, 201, -2, -3, -2.158798930342464, 3.605551275463989
111, 8, 669, 645, 673, 642, -4, 3, 2.498091544796509, 5.0
111, 10, 446, 639, 445, 643, 1, -4, -1.3258176636680326, 4.123105625617661
111, 11, 62, 631, 63, 628, -1, 3, 1.892546881191539, 3.1622776601683795
111, 12, 784, 198, 785, 201, -1, -3, -1.892546881191539, 3.1622776601683795
111, 13, 465, 621, 464, 625, 1, -4, -1.3258176636680326, 4.123105625617661
111, 14, 1091, 280, 1093, 282, -2, -2, -2.356194490192345, 2.8284271247461903
111, 15, 451, 608, 451, 613, 0, -5, -1.5707963267948966, 5.0
111, 17, 1108, 225, 1111, 229, -3, -4, -2.214297435588181, 5.0
111, 18, 488, 20, 489, 23, -1, -3, -1.892546881191539, 3.1622776601683795
111, 19, 476, 552, 476, 556, 0, -4, -1.5707963267948966, 4.0
111, 20, 682, 452, 682, 456, 0, -4, -1.5707963267948966, 4.0
111, 21, 783, 34, 785, 35, -2, -1, -2.677945044588987, 2.23606797749979
111, 22, 695, 450, 696, 455, -1, -5, -1.7681918866447774, 5.0990195135927845
111, 23, 1150, 595, 1149, 593, 1, 2, 1.1071487177940904, 2.23606797749979
111, 24, 1169, 143, 1170, 141, -1, 2, 2.0344439357957027, 2.23606797749979
111, 25, 759, 150, 759, 147, 0, 3, 1.5707963267948966, 3.0
111, 26, 880, 38, 883, 39, -3, -1, -2.819842099193151, 3.1622776601683795
111, 27, 1159, 559, 1159, 555, 0, 4, 1.5707963267948966, 4.0
111, 28, 657, 273, 659, 270, -2, 3, 2.158798930342464, 3.605551275463989
111, 30, 767, 158, 767, 155, 0, 3, 1.5707963267948966, 3.0
111, 31, 1077, 270, 1079, 274, -2, -4, -2.0344439357957027, 4.47213595499958
111, 32, 467, 175, 468, 178, -1, -3, -1.892546881191539, 3.1622776601683795
111, 34, 1178, 96, 1178, 94, 0, 2, 1.5707963267948966, 2.0
111, 35, 377, 304, 379, 303, -2, 1, 2.677945044588987, 2.23606797749979
111, 37, 484, 264, 485, 267, -1, -3, -1.892546881191539, 3.1622776601683795
111, 38, 784, 22, 786, 23, -2, -1, -2.677945044588987, 2.23606797749979
111, 39, 683, 219, 685, 216, -2, 3, 2.158798930342464, 3.605551275463989
111, 40, 666, 498, 667, 501, -1, -3, -1.892546881191539, 3.1622776601683795
111, 41, 755, 156, 755, 154, 0, 2, 1.5707963267948966, 2.0
111, 42, 838, 558, 838, 564, 0, -6, -1.5707963267948966, 6.0
111, 43, 439, 634, 438, 638, 1, -4, -1.3258176636680326, 4.123105625617661
111, 44, 479, 15, 480, 18, -1, -3, -1.892546881191539, 3.1622776601683795
111, 45, 488, 84, 489, 86, -1, -2, -2.0344439357957027, 2.23606797749979
111, 46, 875, 30, 878, 31, -3, -1, -2.819842099193151, 3.1622776601683795
111, 47, 474, 163, 475, 166, -1, -3, -1.892546881191539, 3.1622776601683795
111, 48, 114, 697, 115, 693, -1, 4, 1.8157749899217608, 4.123105625617661
111, 49, 396, 354, 398, 352, -2, 2, 2.356194490192345, 2.8284271247461903
111, 50, 709, 336, 709, 339, 0, -3, -1.5707963267948966, 3.0
111, 51, 808, 179, 809, 181, -1, -2, -2.0344439357957027, 2.23606797749979
111, 52, 411, 404, 413, 403, -2, 1, 2.677945044588987, 2.23606797749979
111, 54, 404, 342, 406, 342, -2, 0, 3.141592653589793, 2.0
111, 55, 1256, 313, 1255, 310, 1, 3, 1.2490457723982544, 3.1622776601683795
111, 56, 872, 42, 874, 43, -2, -1, -2.677945044588987, 2.23606797749979
111, 59, 674, 203, 676, 200, -2, 3, 2.158798930342464, 3.605551275463989
111, 60, 484, 144, 485, 146, -1, -2, -2.0344439357957027, 2.23606797749979
111, 61, 795, 155, 796, 158, -1, -3, -1.892546881191539, 3.1622776601683795
111, 62, 499, 116, 500, 118, -1, -2, -2.0344439357957027, 2.23606797749979
111, 63, 709, 696, 710, 695, -1, 1, 2.356194490192345, 1.4142135623730951
111, 64, 740, 316, 740, 321, 0, -5, -1.5707963267948966, 5.0
111, 65, 1096, 228, 1099, 231, -3, -3, -2.356194490192345, 4.242640687119285
111, 66, 1177, 52, 1176, 51, 1, 1, 0.7853981633974483, 1.4142135623730951
111, 67, 488, 118, 489, 120, -1, -2, -2.0344439357957027, 2.23606797749979
111, 68, 85, 458, 84, 456, 1, 2, 1.1071487177940904, 2.23606797749979
111, 69, 685, 633, 689, 630, -4, 3, 2.498091544796509, 5.0
111, 70, 382, 349, 384, 346, -2, 3, 2.158798930342464, 3.605551275463989
111, 72, 1136, 701, 1134, 701, 2, 0, 0.0, 2.0
111, 73, 452, 649, 452, 654, 0, -5, -1.5707963267948966, 5.0
111, 74, 690, 458, 691, 463, -1, -5, -1.7681918866447774, 5.0990195135927845
111, 76, 618, 271, 619, 270, -1, 1, 2.356194490192345, 1.4142135623730951
111, 77, 56, 412, 55, 409, 1, 3, 1.2490457723982544, 3.1622776601683795
111, 78, 42, 418, 41, 415, 1, 3, 1.2490457723982544, 3.1622776601683795
111, 79, 1199, 620, 1195, 620, 4, 0, 0.0, 4.0
111, 80, 671, 38, 672, 40, -1, -2, -2.0344439357957027, 2.23606797749979
111, 83, 1100, 210, 1103, 215, -3, -5, -2.1112158270654806, 5.830951894845301
111, 84, 386, 442, 388, 439, -2, 3, 2.158798930342464, 3.605551275463989
111, 85, 483, 176, 485, 179, -2, -3, -2.158798930342464, 3.605551275463989
111, 86, 676, 210, 678, 207, -2, 3, 2.158798930342464, 3.605551275463989
111, 87, 691, 645, 695, 642, -4, 3, 2.498091544796509, 5.0
111, 88, 580, 43, 581, 45, -1, -2, -2.0344439357957027, 2.23606797749979
111, 89, 852, 537, 852, 542, 0, -5, -1.5707963267948966, 5.0
111, 90, 1144, 604, 1143, 601, 1, 3, 1.2490457723982544, 3.1622776601683795
111, 92, 410, 302, 412, 300, -2, 2, 2.356194490192345, 2.8284271247461903
111, 93, 392, 275, 394, 273, -2, 2, 2.356194490192345, 2.8284271247461903
111, 95, 771, 188, 772, 187, -1, 1, 2.356194490192345, 1.4142135623730951
111, 98, 605, 321, 606, 318, -1, 3, 1.892546881191539, 3.1622776601683795
111, 102, 668, 210, 670, 207, -2, 3, 2.158798930342464, 3.605551275463989
111, 103, 687, 448, 688, 453, -1, -5, -1.7681918866447774, 5.0990195135927845
111, 105, 379, 267, 381, 265, -2, 2, 2.356194490192345, 2.8284271247461903
111, 106, 657, 307, 659, 305, -2, 2, 2.356194490192345, 2.8284271247461903
111, 107, 501, 192, 502, 194, -1, -2, -2.0344439357957027, 2.23606797749979
111, 108, 371, 388, 373, 385, -2, 3, 2.158798930342464, 3.605551275463989
111, 109, 493, 639, 493, 641, 0, -2, -1.5707963267948966, 2.0
111, 110, 101, 701, 104, 701, -3, 0, 3.141592653589793, 3.0
111, 112, 480, 84, 481, 86, -1, -2, -2.0344439357957027, 2.23606797749979
111, 113, 802, 164, 803, 166, -1, -2, -2.0344439357957027, 2.23606797749979
111, 114, 763, 221, 763, 219, 0, 2, 1.5707963267948966, 2.0
111, 115, 151, 693, 154, 690, -3, 3, 2.356194490192345, 4.242640687119285
111, 116, 811, 615, 811, 621, 0, -6, -1.5707963267948966, 6.0
111, 118, 692, 432, 692, 437, 0, -5, -1.5707963267948966, 5.0
111, 119, 742, 348, 743, 352, -1, -4, -1.8157749899217608, 4.123105625617661
111, 120, 1200, 567, 1199, 562, 1, 5, 1.373400766945016, 5.0990195135927845
111, 121, 1250, 317, 1249, 314, 1, 3, 1.2490457723982544, 3.1622776601683795
111, 122, 1096, 317, 1099, 322, -3, -5, -2.1112158270654806, 5.830951894845301
111, 123, 1245, 367, 1242, 362, 3, 5, 1.0303768265243125, 5.830951894845301
111, 124, 633, 355, 634, 351, -1, 4, 1.8157749899217608, 4.123105625617661
111, 125, 482, 686, 483, 691, -1, -5, -1.7681918866447774, 5.0990195135927845
111, 126, 493, 42, 495, 45, -2, -3, -2.158798930342464, 3.605551275463989
111, 127, 390, 340, 391, 339, -1, 1, 2.356194490192345, 1.4142135623730951
111, 128, 1257, 368, 1257, 366, 0, 2, 1.5707963267948966, 2.0
111, 129, 1176, 251, 1177, 248, -1, 3, 1.892546881191539, 3.1622776601683795
111, 130, 1200, 271, 1200, 268, 0, 3, 1.5707963267948966, 3.0
111, 131, 698, 649, 701, 646, -3, 3, 2.356194490192345, 4.242640687119285
111, 132, 42, 404, 41, 401, 1, 3, 1.2490457723982544, 3.1622776601683795
111, 133, 1168, 679, 1165, 676, 3, 3, 0.7853981633974483, 4.242640687119285
111, 134, 377, 413, 378, 409, -1, 4, 1.8157749899217608, 4.123105625617661
111, 135, 487, 623, 486, 628, 1, -5, -1.373400766945016, 5.0990195135927845
111, 136, 176, 55, 175, 57, 1, -2, -1.1071487177940904, 2.23606797749979
111, 137, 746, 359, 747, 362, -1, -3, -1.892546881191539, 3.1622776601683795
111, 140, 506, 564, 505, 568, 1, -4, -1.3258176636680326, 4.123105625617661
111, 141, 59, 694, 62, 691, -3, 3, 2.356194490192345, 4.242640687119285
111, 142, 788, 45, 790, 46, -2, -1, -2.677945044588987, 2.23606797749979
112, 0, 811, 529, 808, 531, 3, -2, -0.5880026035475675, 3.605551275463989
112, 1, 493, 551, 492, 554, 1, -3, -1.2490457723982544, 3.1622776601683795
112, 2, 836, 503, 836, 506, 0, -3, -1.5707963267948966, 3.0
112, 3, 825, 501, 824, 505, 1, -4, -1.3258176636680326, 4.123105625617661
112, 4, 810, 550, 808, 554, 2, -4, -1.1071487177940904, 4.47213595499958
112, 5, 1261, 283, 1261, 280, 0, 3, 1.5707963267948966, 3.0
112, 6, 487, 105, 489, 108, -2, -3, -2.158798930342464, 3.605551275463989
112, 7, 803, 194, 805, 198, -2, -4, -2.0344439357957027, 4.47213595499958
112, 8, 666, 648, 669, 645, -3, 3, 2.356194490192345, 4.242640687119285
112, 9, 175, 35, 176, 34, -1, 1, 2.356194490192345, 1.4142135623730951
112, 10, 449, 635, 446, 639, 3, -4, -0.9272952180016122, 5.0
112, 12, 784, 195, 784, 198, 0, -3, -1.5707963267948966, 3.0
112, 13, 465, 618, 465, 621, 0, -3, -1.5707963267948966, 3.0
112, 14, 1089, 278, 1091, 280, -2, -2, -2.356194490192345, 2.8284271247461903
112, 15, 451, 603, 451, 608, 0, -5, -1.5707963267948966, 5.0
112, 16, 1257, 189, 1256, 186, 1, 3, 1.2490457723982544, 3.1622776601683795
112, 17, 1105, 221, 1108, 225, -3, -4, -2.214297435588181, 5.0
112, 18, 486, 17, 488, 20, -2, -3, -2.158798930342464, 3.605551275463989
112, 19, 475, 549, 476, 552, -1, -3, -1.892546881191539, 3.1622776601683795
112, 20, 683, 448, 682, 452, 1, -4, -1.3258176636680326, 4.123105625617661
112, 21, 781, 34, 783, 34, -2, 0, 3.141592653589793, 2.0
112, 22, 694, 445, 695, 450, -1, -5, -1.7681918866447774, 5.0990195135927845
112, 24, 1169, 147, 1169, 143, 0, 4, 1.5707963267948966, 4.0
112, 25, 760, 153, 759, 150, 1, 3, 1.2490457723982544, 3.1622776601683795
112, 26, 876, 38, 880, 38, -4, 0, 3.141592653589793, 4.0
112, 27, 1159, 563, 1159, 559, 0, 4, 1.5707963267948966, 4.0
112, 28, 656, 277, 657, 273, -1, 4, 1.8157749899217608, 4.123105625617661
112, 29, 1216, 244, 1215, 241, 1, 3, 1.2490457723982544, 3.1622776601683795
112, 30, 768, 161, 767, 158, 1, 3, 1.2490457723982544, 3.1622776601683795
112, 31, 1076, 268, 1077, 270, -1, -2, -2.0344439357957027, 2.23606797749979
112, 32, 465, 170, 467, 175, -2, -5, -1.9513027039072615, 5.385164807134504
112, 33, 1261, 193, 1261, 190, 0, 3, 1.5707963267948966, 3.0
112, 34, 1179, 99, 1178, 96, 1, 3, 1.2490457723982544, 3.1622776601683795
112, 35, 375, 307, 377, 304, -2, 3, 2.158798930342464, 3.605551275463989
112, 37, 484, 259, 484, 264, 0, -5, -1.5707963267948966, 5.0
112, 38, 782, 20, 784, 22, -2, -2, -2.356194490192345, 2.8284271247461903
112, 39, 681, 222, 683, 219, -2, 3, 2.158798930342464, 3.605551275463989
112, 40, 665, 496, 666, 498, -1, -2, -2.0344439357957027, 2.23606797749979
112, 41, 757, 158, 755, 156, 2, 2, 0.7853981633974483, 2.8284271247461903
112, 42, 839, 552, 838, 558, 1, -6, -1.4056476493802699, 6.082762530298219
112, 43, 441, 631, 439, 634, 2, -3, -0.982793723247329, 3.605551275463989
112, 44, 477, 12, 479, 15, -2, -3, -2.158798930342464, 3.605551275463989
112, 45, 487, 82, 488, 84, -1, -2, -2.0344439357957027, 2.23606797749979
112, 46, 871, 29, 875, 30, -4, -1, -2.896613990462929, 4.123105625617661
112, 47, 472, 157, 474, 163, -2, -6, -1.892546881191539, 6.324555320336759
112, 48, 113, 701, 114, 697, -1, 4, 1.8157749899217608, 4.123105625617661
112, 49, 394, 355, 396, 354, -2, 1, 2.677945044588987, 2.23606797749979
112, 50, 708, 333, 709, 336, -1, -3, -1.892546881191539, 3.1622776601683795
112, 51, 808, 175, 808, 179, 0, -4, -1.5707963267948966, 4.0
112, 52, 408, 405, 411, 404, -3, 1, 2.819842099193151, 3.1622776601683795
112, 53, 1136, 98, 1133, 96, 3, 2, 0.5880026035475675, 3.605551275463989
112, 54, 401, 342, 404, 342, -3, 0, 3.141592653589793, 3.0
112, 55, 1258, 315, 1256, 313, 2, 2, 0.7853981633974483, 2.8284271247461903
112, 56, 869, 42, 872, 42, -3, 0, 3.141592653589793, 3.0
112, 57, 626, 61, 627, 58, -1, 3, 1.892546881191539, 3.1622776601683795
112, 58, 156, 40, 156, 38, 0, 2, 1.5707963267948966, 2.0
112, 59, 672, 206, 674, 203, -2, 3, 2.158798930342464, 3.605551275463989
112, 60, 482, 142, 484, 144, -2, -2, -2.356194490192345, 2.8284271247461903
112, 61, 795, 150, 795, 155, 0, -5, -1.5707963267948966, 5.0
112, 62, 497, 113, 499, 116, -2, -3, -2.158798930342464, 3.605551275463989
112, 63, 709, 699, 709, 696, 0, 3, 1.5707963267948966, 3.0
112, 64, 740, 311, 740, 316, 0, -5, -1.5707963267948966, 5.0
112, 65, 1093, 225, 1096, 228, -3, -3, -2.356194490192345, 4.242640687119285
112, 66, 1180, 54, 1177, 52, 3, 2, 0.5880026035475675, 3.605551275463989
112, 67, 486, 115, 488, 118, -2, -3, -2.158798930342464, 3.605551275463989
112, 68, 87, 460, 85, 458, 2, 2, 0.7853981633974483, 2.8284271247461903
112, 69, 682, 637, 685, 633, -3, 4, 2.214297435588181, 5.0
112, 70, 380, 352, 382, 349, -2, 3, 2.158798930342464, 3.605551275463989
112, 71, 1142, 68, 1140, 65, 2, 3, 0.982793723247329, 3.605551275463989
112, 72, 1139, 701, 1136, 701, 3, 0, 0.0, 3.0
112, 73, 454, 644, 452, 649, 2, -5, -1.1902899496825317, 5.385164807134504
112, 74, 689, 454, 690, 458, -1, -4, -1.8157749899217608, 4.123105625617661
112, 76, 618, 275, 618, 271, 0, 4, 1.5707963267948966, 4.0
112, 77, 57, 415, 56, 412, 1, 3, 1.2490457723982544, 3.1622776601683795
112, 78, 44, 421, 42, 418, 2, 3, 0.982793723247329, 3.605551275463989
112, 79, 1202, 624, 1199, 620, 3, 4, 0.9272952180016122, 5.0
112, 83, 1097, 205, 1100, 210, -3, -5, -2.1112158270654806, 5.830951894845301
112, 84, 385, 445, 386, 442, -1, 3, 1.892546881191539, 3.1622776601683795
112, 85, 482, 172, 483, 176, -1, -4, -1.8157749899217608, 4.123105625617661
112, 86, 674, 213, 676, 210, -2, 3, 2.158798930342464, 3.605551275463989
112, 87, 688, 648, 691, 645, -3, 3, 2.356194490192345, 4.242640687119285
112, 89, 851, 534, 852, 537, -1, -3, -1.892546881191539, 3.1622776601683795
112, 90, 1145, 605, 1144, 604, 1, 1, 0.7853981633974483, 1.4142135623730951
112, 92, 408, 306, 410, 302, -2, 4, 2.0344439357957027, 4.47213595499958
112, 93, 389, 277, 392, 275, -3, 2, 2.5535900500422257, 3.605551275463989
112, 94, 1155, 58, 1153, 56, 2, 2, 0.7853981633974483, 2.8284271247461903
112, 95, 771, 192, 771, 188, 0, 4, 1.5707963267948966, 4.0
112, 96, 155, 23, 156, 20, -1, 3, 1.892546881191539, 3.1622776601683795
112, 98, 604, 324, 605, 321, -1, 3, 1.892546881191539, 3.1622776601683795
112, 99, 1129, 115, 1127, 115, 2, 0, 0.0, 2.0
112, 101, 1165, 105, 1164, 103, 1, 2, 1.1071487177940904, 2.23606797749979
112, 102, 666, 213, 668, 210, -2, 3, 2.158798930342464, 3.605551275463989
112, 103, 687, 444, 687, 448, 0, -4, -1.5707963267948966, 4.0
112, 104, 1216, 206, 1215, 202, 1, 4, 1.3258176636680326, 4.123105625617661
112, 105, 378, 271, 379, 267, -1, 4, 1.8157749899217608, 4.123105625617661
112, 106, 657, 312, 657, 307, 0, 5, 1.5707963267948966, 5.0
112, 107, 500, 189, 501, 192, -1, -3, -1.892546881191539, 3.1622776601683795
112, 108, 369, 390, 371, 388, -2, 2, 2.356194490192345, 2.8284271247461903
112, 109, 494, 638, 493, 639, 1, -1, -0.7853981633974483, 1.4142135623730951
112, 110, 97, 701, 101, 701, -4, 0, 3.141592653589793, 4.0
112, 111, 1139, 130, 1138, 128, 1, 2, 1.1071487177940904, 2.23606797749979
112, 112, 479, 82, 480, 84, -1, -2, -2.0344439357957027, 2.23606797749979
112, 113, 802, 159, 802, 164, 0, -5, -1.5707963267948966, 5.0
112, 114, 764, 222, 763, 221, 1, 1, 0.7853981633974483, 1.4142135623730951
112, 115, 149, 696, 151, 693, -2, 3, 2.158798930342464, 3.605551275463989
112, 116, 811, 606, 811, 615, 0, -9, -1.5707963267948966, 9.0
112, 118, 693, 427, 692, 432, 1, -5, -1.373400766945016, 5.0990195135927845
112, 119, 742, 344, 742, 348, 0, -4, -1.5707963267948966, 4.0
112, 120, 1201, 570, 1200, 567, 1, 3, 1.2490457723982544, 3.1622776601683795
112, 121, 1252, 319, 1250, 317, 2, 2, 0.7853981633974483, 2.8284271247461903
112, 122, 1093, 314, 1096, 317, -3, -3, -2.356194490192345, 4.242640687119285
112, 123, 1245, 363, 1245, 367, 0, -4, -1.5707963267948966, 4.0
112, 125, 481, 672, 482, 686, -1, -14, -1.642103791580187, 14.035668847618199
112, 126, 492, 39, 493, 42, -1, -3, -1.892546881191539, 3.1622776601683795
112, 127, 389, 342, 390, 340, -1, 2, 2.0344439357957027, 2.23606797749979
112, 128, 1257, 366, 1257, 368, 0, -2, -1.5707963267948966, 2.0
112, 129, 1177, 253, 1176, 251, 1, 2, 1.1071487177940904, 2.23606797749979
112, 130, 1200, 274, 1200, 271, 0, 3, 1.5707963267948966, 3.0
112, 131, 695, 652, 698, 649, -3, 3, 2.356194490192345, 4.242640687119285
112, 132, 44, 407, 42, 404, 2, 3, 0.982793723247329, 3.605551275463989
112, 133, 1170, 682, 1168, 679, 2, 3, 0.982793723247329, 3.605551275463989
112, 134, 376, 416, 377, 413, -1, 3, 1.892546881191539, 3.1622776601683795
112, 135, 488, 620, 487, 623, 1, -3, -1.2490457723982544, 3.1622776601683795
112, 136, 176, 53, 176, 55, 0, -2, -1.5707963267948966, 2.0
112, 137, 746, 356, 746, 359, 0, -3, -1.5707963267948966, 3.0
112, 138, 621, 96, 621, 94, 0, 2, 1.5707963267948966, 2.0
112, 139, 1161, 92, 1159, 90, 2, 2, 0.7853981633974483, 2.8284271247461903
112, 140, 509, 561, 506, 564, 3, -3, -0.7853981633974483, 4.242640687119285
112, 141, 56, 698, 59, 694, -3, 4, 2.214297435588181, 5.0
112, 142, 786, 45, 788, 45, -2, 0, 3.141592653589793, 2.0
113, 0, 812, 528, 811, 529, 1, -1, -0.7853981633974483, 1.4142135623730951
113, 1, 492, 546, 493, 551, -1, -5, -1.7681918866447774, 5.0990195135927845
113, 2, 836, 498, 836, 503, 0, -5, -1.5707963267948966, 5.0
113, 3, 826, 497, 825, 501, 1, -4, -1.3258176636680326, 4.123105625617661
113, 4, 811, 547, 810, 550, 1, -3, -1.2490457723982544, 3.1622776601683795
113, 5, 1261, 286, 1261, 283, 0, 3, 1.5707963267948966, 3.0
113, 6, 486, 103, 487, 105, -1, -2, -2.0344439357957027, 2.23606797749979
113, 7, 803, 191, 803, 194, 0, -3, -1.5707963267948966, 3.0
113, 8, 663, 652, 666, 648, -3, 4, 2.214297435588181, 5.0
113, 10, 451, 631, 449, 635, 2, -4, -1.1071487177940904, 4.47213595499958
113, 11, 62, 635, 63, 631, -1, 4, 1.8157749899217608, 4.123105625617661
113, 12, 784, 193, 784, 195, 0, -2, -1.5707963267948966, 2.0
113, 13, 466, 615, 465, 618, 1, -3, -1.2490457723982544, 3.1622776601683795
113, 14, 451, 598, 451, 603, 0, -5, -1.5707963267948966, 5.0
113, 16, 1103, 217, 1105, 221, -2, -4, -2.0344439357957027, 4.47213595499958
113, 17, 475, 545, 475, 549, 0, -4, -1.5707963267948966, 4.0
113, 18, 683, 443, 683, 448, 0, -5, -1.5707963267948966, 5.0
113, 19, 694, 440, 694, 445, 0, -5, -1.5707963267948966, 5.0
113, 20, 1154, 597, 1151, 595, 3, 2, 0.5880026035475675, 3.605551275463989
113, 22, 761, 156, 760, 153, 1, 3, 1.2490457723982544, 3.1622776601683795
113, 23, 874, 37, 876, 38, -2, -1, -2.677945044588987, 2.23606797749979
113, 24, 1159, 568, 1159, 563, 0, 5, 1.5707963267948966, 5.0
113, 25, 655, 280, 656, 277, -1, 3, 1.892546881191539, 3.1622776601683795
113, 26, 1216, 246, 1216, 244, 0, 2, 1.5707963267948966, 2.0
113, 27, 769, 164, 768, 161, 1, 3, 1.2490457723982544, 3.1622776601683795
113, 28, 1075, 265, 1076, 268, -1, -3, -1.892546881191539, 3.1622776601683795
113, 29, 464, 166, 465, 170, -1, -4, -1.8157749899217608, 4.123105625617661
113, 31, 1180, 100, 1179, 99, 1, 1, 0.7853981633974483, 1.4142135623730951
113, 32, 374, 309, 375, 307, -1, 2, 2.0344439357957027, 2.23606797749979
113, 34, 484, 256, 484, 259, 0, -3, -1.5707963267948966, 3.0
113, 35, 781, 17, 782, 20, -1, -3, -1.892546881191539, 3.1622776601683795
113, 36, 679, 225, 681, 222, -2, 3, 2.158798930342464, 3.605551275463989
113, 37, 664, 491, 665, 496, -1, -5, -1.7681918866447774, 5.0990195135927845
113, 38, 758, 161, 757, 158, 1, 3, 1.2490457723982544, 3.1622776601683795
113, 39, 839, 547, 839, 552, 0, -5, -1.5707963267948966, 5.0
113, 40, 443, 627, 441, 631, 2, -4, -1.1071487177940904, 4.47213595499958
113, 41, 487, 80, 487, 82, 0, -2, -1.5707963267948966, 2.0
113, 42, 869, 29, 871, 29, -2, 0, 3.141592653589793, 2.0
113, 43, 471, 153, 472, 157, -1, -4, -1.8157749899217608, 4.123105625617661
113, 45, 391, 357, 394, 355, -3, 2, 2.5535900500422257, 3.605551275463989
113, 46, 707, 331, 708, 333, -1, -2, -2.0344439357957027, 2.23606797749979
113, 47, 808, 171, 808, 175, 0, -4, -1.5707963267948966, 4.0
113, 48, 405, 406, 408, 405, -3, 1, 2.819842099193151, 3.1622776601683795
113, 49, 1138, 99, 1136, 98, 2, 1, 0.4636476090008061, 2.23606797749979
113, 50, 399, 341, 401, 342, -2, -1, -2.677945044588987, 2.23606797749979
113, 51, 1260, 318, 1258, 315, 2, 3, 0.982793723247329, 3.605551275463989
113, 52, 867, 42, 869, 42, -2, 0, 3.141592653589793, 2.0
113, 53, 626, 63, 626, 61, 0, 2, 1.5707963267948966, 2.0
113, 54, 155, 41, 156, 40, -1, 1, 2.356194490192345, 1.4142135623730951
113, 55, 670, 209, 672, 206, -2, 3, 2.158798930342464, 3.605551275463989
113, 56, 481, 140, 482, 142, -1, -2, -2.0344439357957027, 2.23606797749979
113, 57, 795, 146, 795, 150, 0, -4, -1.5707963267948966, 4.0
113, 58, 496, 111, 497, 113, -1, -2, -2.0344439357957027, 2.23606797749979
113, 59, 708, 701, 709, 699, -1, 2, 2.0344439357957027, 2.23606797749979
113, 60, 740, 306, 740, 311, 0, -5, -1.5707963267948966, 5.0
113, 61, 1091, 222, 1093, 225, -2, -3, -2.158798930342464, 3.605551275463989
113, 62, 1181, 55, 1180, 54, 1, 1, 0.7853981633974483, 1.4142135623730951
113, 63, 485, 113, 486, 115, -1, -2, -2.0344439357957027, 2.23606797749979
113, 64, 88, 463, 87, 460, 1, 3, 1.2490457723982544, 3.1622776601683795
113, 65, 679, 641, 682, 637, -3, 4, 2.214297435588181, 5.0
113, 66, 378, 355, 380, 352, -2, 3, 2.158798930342464, 3.605551275463989
113, 68, 1141, 701, 1139, 701, 2, 0, 0.0, 2.0
113, 69, 456, 639, 454, 644, 2, -5, -1.1902899496825317, 5.385164807134504
113, 70, 688, 449, 689, 454, -1, -5, -1.7681918866447774, 5.0990195135927845
113, 72, 617, 277, 618, 275, -1, 2, 2.0344439357957027, 2.23606797749979
113, 73, 58, 419, 57, 415, 1, 4, 1.3258176636680326, 4.123105625617661
113, 74, 45, 425, 44, 421, 1, 4, 1.3258176636680326, 4.123105625617661
113, 75, 1205, 629, 1202, 624, 3, 5, 1.0303768265243125, 5.830951894845301
113, 78, 1095, 201, 1097, 205, -2, -4, -2.0344439357957027, 4.47213595499958
113, 79, 384, 447, 385, 445, -1, 2, 2.0344439357957027, 2.23606797749979
113, 80, 482, 169, 482, 172, 0, -3, -1.5707963267948966, 3.0
113, 81, 672, 216, 674, 213, -2, 3, 2.158798930342464, 3.605551275463989
113, 82, 685, 651, 688, 648, -3, 3, 2.356194490192345, 4.242640687119285
113, 84, 850, 529, 851, 534, -1, -5, -1.7681918866447774, 5.0990195135927845
113, 85, 1148, 608, 1145, 605, 3, 3, 0.7853981633974483, 4.242640687119285
113, 86, 72, 510, 71, 509, 1, 1, 0.7853981633974483, 1.4142135623730951
113, 87, 407, 309, 408, 306, -1, 3, 1.892546881191539, 3.1622776601683795
113, 88, 388, 280, 389, 277, -1, 3, 1.892546881191539, 3.1622776601683795
113, 90, 771, 195, 771, 192, 0, 3, 1.5707963267948966, 3.0
113, 91, 154, 24, 155, 23, -1, 1, 2.356194490192345, 1.4142135623730951
113, 92, 683, 701, 687, 701, -4, 0, 3.141592653589793, 4.0
113, 93, 603, 327, 604, 324, -1, 3, 1.892546881191539, 3.1622776601683795
113, 95, 629, 140, 630, 139, -1, 1, 2.356194490192345, 1.4142135623730951
113, 96, 1166, 106, 1165, 105, 1, 1, 0.7853981633974483, 1.4142135623730951
113, 97, 664, 216, 666, 213, -2, 3, 2.158798930342464, 3.605551275463989
113, 98, 687, 439, 687, 444, 0, -5, -1.5707963267948966, 5.0
113, 99, 1216, 208, 1216, 206, 0, 2, 1.5707963267948966, 2.0
113, 100, 377, 274, 378, 271, -1, 3, 1.892546881191539, 3.1622776601683795
113, 101, 657, 314, 657, 312, 0, 2, 1.5707963267948966, 2.0
113, 102, 499, 187, 500, 189, -1, -2, -2.0344439357957027, 2.23606797749979
113, 103, 367, 393, 369, 390, -2, 3, 2.158798930342464, 3.605551275463989
113, 104, 95, 701, 97, 701, -2, 0, 3.141592653589793, 2.0
113, 106, 479, 79, 479, 82, 0, -3, -1.5707963267948966, 3.0
113, 107, 802, 155, 802, 159, 0, -4, -1.5707963267948966, 4.0
113, 108, 764, 224, 764, 222, 0, 2, 1.5707963267948966, 2.0
113, 109, 146, 699, 149, 696, -3, 3, 2.356194490192345, 4.242640687119285
113, 110, 811, 599, 811, 606, 0, -7, -1.5707963267948966, 7.0
113, 112, 693, 422, 693, 427, 0, -5, -1.5707963267948966, 5.0
113, 113, 742, 341, 742, 344, 0, -3, -1.5707963267948966, 3.0
113, 114, 1203, 574, 1201, 570, 2, 4, 1.1071487177940904, 4.47213595499958
113, 115, 1254, 322, 1252, 319, 2, 3, 0.982793723247329, 3.605551275463989
113, 116, 1090, 312, 1093, 314, -3, -2, -2.5535900500422257, 3.605551275463989
113, 117, 631, 356, 632, 355, -1, 1, 2.356194490192345, 1.4142135623730951
113, 118, 480, 665, 481, 672, -1, -7, -1.7126933813990606, 7.0710678118654755
113, 119, 491, 37, 492, 39, -1, -2, -2.0344439357957027, 2.23606797749979
113, 120, 388, 344, 389, 342, -1, 2, 2.0344439357957027, 2.23606797749979
113, 123, 1200, 278, 1200, 274, 0, 4, 1.5707963267948966, 4.0
113, 124, 692, 655, 695, 652, -3, 3, 2.356194490192345, 4.242640687119285
113, 125, 46, 411, 44, 407, 2, 4, 1.1071487177940904, 4.47213595499958
113, 126, 1170, 686, 1170, 682, 0, 4, 1.5707963267948966, 4.0
113, 127, 375, 420, 376, 416, -1, 4, 1.8157749899217608, 4.123105625617661
113, 128, 488, 618, 488, 620, 0, -2, -1.5707963267948966, 2.0
113, 129, 178, 52, 176, 53, 2, -1, -0.4636476090008061, 2.23606797749979
113, 130, 746, 352, 746, 356, 0, -4, -1.5707963267948966, 4.0
113, 133, 510, 557, 509, 561, 1, -4, -1.3258176636680326, 4.123105625617661
113, 134, 53, 701, 56, 698, -3, 3, 2.356194490192345, 4.242640687119285
113, 135, 784, 44, 786, 45, -2, -1, -2.677945044588987, 2.23606797749979
114, 1, 491, 541, 492, 546, -1, -5, -1.7681918866447774, 5.0990195135927845
114, 2, 836, 493, 836, 498, 0, -5, -1.5707963267948966, 5.0
114, 3, 826, 493, 826, 497, 0, -4, -1.5707963267948966, 4.0
114, 4, 812, 545, 811, 547, 1, -2, -1.1071487177940904, 2.23606797749979
114, 5, 1261, 289, 1261, 286, 0, 3, 1.5707963267948966, 3.0
114, 6, 484, 100, 486, 103, -2, -3, -2.158798930342464, 3.605551275463989
114, 7, 803, 188, 803, 191, 0, -3, -1.5707963267948966, 3.0
114, 8, 660, 656, 663, 652, -3, 4, 2.214297435588181, 5.0
114, 9, 453, 627, 451, 631, 2, -4, -1.1071487177940904, 4.47213595499958
114, 10, 61, 639, 62, 635, -1, 4, 1.8157749899217608, 4.123105625617661
114, 12, 467, 614, 466, 615, 1, -1, -0.7853981633974483, 1.4142135623730951
114, 13, 451, 593, 451, 598, 0, -5, -1.5707963267948966, 5.0
114, 14, 1256, 191, 1257, 190, -1, 1, 2.356194490192345, 1.4142135623730951
114, 15, 1101, 213, 1103, 217, -2, -4, -2.0344439357957027, 4.47213595499958
114, 16, 474, 541, 475, 545, -1, -4, -1.8157749899217608, 4.123105625617661
114, 17, 683, 438, 683, 443, 0, -5, -1.5707963267948966, 5.0
114, 18, 694, 435, 694, 440, 0, -5, -1.5707963267948966, 5.0
114, 19, 1157, 599, 1154, 597, 3, 2, 0.5880026035475675, 3.605551275463989
114, 21, 762, 159, 761, 156, 1, 3, 1.2490457723982544, 3.1622776601683795
114, 22, 871, 36, 874, 37, -3, -1, -2.819842099193151, 3.1622776601683795
114, 23, 1161, 571, 1159, 568, 2, 3, 0.982793723247329, 3.605551275463989
114, 24, 654, 283, 655, 280, -1, 3, 1.892546881191539, 3.1622776601683795
114, 25, 1215, 249, 1216, 246, -1, 3, 1.892546881191539, 3.1622776601683795
114, 26, 770, 167, 769, 164, 1, 3, 1.2490457723982544, 3.1622776601683795
114, 27, 1074, 261, 1075, 265, -1, -4, -1.8157749899217608, 4.123105625617661
114, 28, 463, 161, 464, 166, -1, -5, -1.7681918866447774, 5.0990195135927845
114, 29, 1260, 195, 1261, 194, -1, 1, 2.356194490192345, 1.4142135623730951
114, 31, 373, 312, 374, 309, -1, 3, 1.892546881191539, 3.1622776601683795
114, 33, 483, 253, 484, 256, -1, -3, -1.892546881191539, 3.1622776601683795
114, 34, 780, 14, 781, 17, -1, -3, -1.892546881191539, 3.1622776601683795
114, 35, 676, 227, 679, 225, -3, 2, 2.5535900500422257, 3.605551275463989
114, 36, 663, 488, 664, 491, -1, -3, -1.892546881191539, 3.1622776601683795
114, 37, 759, 164, 758, 161, 1, 3, 1.2490457723982544, 3.1622776601683795
114, 38, 839, 542, 839, 547, 0, -5, -1.5707963267948966, 5.0
114, 39, 446, 623, 443, 627, 3, -4, -0.9272952180016122, 5.0
114, 40, 486, 78, 487, 80, -1, -2, -2.0344439357957027, 2.23606797749979
114, 41, 866, 29, 869, 29, -3, 0, 3.141592653589793, 3.0
114, 42, 469, 148, 471, 153, -2, -5, -1.9513027039072615, 5.385164807134504
114, 44, 388, 360, 391, 357, -3, 3, 2.356194490192345, 4.242640687119285
114, 45, 705, 328, 707, 331, -2, -3, -2.158798930342464, 3.605551275463989
114, 46, 808, 168, 808, 171, 0, -3, -1.5707963267948966, 3.0
114, 47, 402, 408, 405, 406, -3, 2, 2.5535900500422257, 3.605551275463989
114, 48, 1139, 100, 1138, 99, 1, 1, 0.7853981633974483, 1.4142135623730951
114, 49, 397, 340, 399, 341, -2, -1, -2.677945044588987, 2.23606797749979
114, 50, 1261, 321, 1260, 318, 1, 3, 1.2490457723982544, 3.1622776601683795
114, 51, 865, 42, 867, 42, -2, 0, 3.141592653589793, 2.0
114, 52, 625, 65, 626, 63, -1, 2, 2.0344439357957027, 2.23606797749979
114, 53, 154, 42, 155, 41, -1, 1, 2.356194490192345, 1.4142135623730951
114, 54, 667, 211, 670, 209, -3, 2, 2.5535900500422257, 3.605551275463989
114, 55, 479, 137, 481, 140, -2, -3, -2.158798930342464, 3.605551275463989
114, 56, 794, 142, 795, 146, -1, -4, -1.8157749899217608, 4.123105625617661
114, 57, 494, 108, 496, 111, -2, -3, -2.158798930342464, 3.605551275463989
114, 58, 707, 697, 708, 701, -1, -4, -1.8157749899217608, 4.123105625617661
114, 59, 739, 301, 740, 306, -1, -5, -1.7681918866447774, 5.0990195135927845
114, 60, 1089, 218, 1091, 222, -2, -4, -2.0344439357957027, 4.47213595499958
114, 61, 1182, 56, 1181, 55, 1, 1, 0.7853981633974483, 1.4142135623730951
114, 62, 483, 110, 485, 113, -2, -3, -2.158798930342464, 3.605551275463989
114, 63, 89, 466, 88, 463, 1, 3, 1.2490457723982544, 3.1622776601683795
114, 64, 676, 645, 679, 641, -3, 4, 2.214297435588181, 5.0
114, 65, 376, 358, 378, 355, -2, 3, 2.158798930342464, 3.605551275463989
114, 67, 1143, 701, 1141, 701, 2, 0, 0.0, 2.0
114, 68, 457, 634, 456, 639, 1, -5, -1.373400766945016, 5.0990195135927845
114, 69, 687, 444, 688, 449, -1, -5, -1.7681918866447774, 5.0990195135927845
114, 71, 617, 280, 617, 277, 0, 3, 1.5707963267948966, 3.0
114, 72, 59, 423, 58, 419, 1, 4, 1.3258176636680326, 4.123105625617661
114, 73, 46, 428, 45, 425, 1, 3, 1.2490457723982544, 3.1622776601683795
114, 74, 1207, 634, 1205, 629, 2, 5, 1.1902899496825317, 5.385164807134504
114, 75, 671, 34, 671, 36, 0, -2, -1.5707963267948966, 2.0
114, 76, 1093, 197, 1095, 201, -2, -4, -2.0344439357957027, 4.47213595499958
114, 78, 481, 165, 482, 169, -1, -4, -1.8157749899217608, 4.123105625617661
114, 79, 669, 218, 672, 216, -3, 2, 2.5535900500422257, 3.605551275463989
114, 80, 682, 654, 685, 651, -3, 3, 2.356194490192345, 4.242640687119285
114, 81, 850, 524, 850, 529, 0, -5, -1.5707963267948966, 5.0
114, 82, 1151, 612, 1148, 608, 3, 4, 0.9272952180016122, 5.0
114, 84, 405, 312, 407, 309, -2, 3, 2.158798930342464, 3.605551275463989
114, 85, 386, 284, 388, 280, -2, 4, 2.0344439357957027, 4.47213595499958
114, 87, 771, 197, 771, 195, 0, 2, 1.5707963267948966, 2.0
114, 88, 153, 25, 154, 24, -1, 1, 2.356194490192345, 1.4142135623730951
114, 89, 681, 701, 683, 701, -2, 0, 3.141592653589793, 2.0
114, 90, 602, 330, 603, 327, -1, 3, 1.892546881191539, 3.1622776601683795
114, 92, 628, 141, 629, 140, -1, 1, 2.356194490192345, 1.4142135623730951
114, 94, 661, 218, 664, 216, -3, 2, 2.5535900500422257, 3.605551275463989
114, 95, 687, 434, 687, 439, 0, -5, -1.5707963267948966, 5.0
114, 96, 1215, 211, 1216, 208, -1, 3, 1.892546881191539, 3.1622776601683795
114, 97, 375, 277, 377, 274, -2, 3, 2.158798930342464, 3.605551275463989
114, 98, 656, 315, 657, 314, -1, 1, 2.356194490192345, 1.4142135623730951
114, 99, 498, 184, 499, 187, -1, -3, -1.892546881191539, 3.1622776601683795
114, 100, 365, 396, 367, 393, -2, 3, 2.158798930342464, 3.605551275463989
114, 103, 478, 77, 479, 79, -1, -2, -2.0344439357957027, 2.23606797749979
114, 104, 801, 151, 802, 155, -1, -4, -1.8157749899217608, 4.123105625617661
114, 105, 763, 226, 764, 224, -1, 2, 2.0344439357957027, 2.23606797749979
114, 106, 144, 701, 146, 699, -2, 2, 2.356194490192345, 2.8284271247461903
114, 107, 813, 591, 811, 599, 2, -8, -1.3258176636680326, 8.246211251235321
114, 109, 693, 417, 693, 422, 0, -5, -1.5707963267948966, 5.0
114, 110, 741, 337, 742, 341, -1, -4, -1.8157749899217608, 4.123105625617661
114, 111, 1205, 578, 1203, 574, 2, 4, 1.1071487177940904, 4.47213595499958
114, 112, 1255, 325, 1254, 322, 1, 3, 1.2490457723982544, 3.1622776601683795
114, 113, 1088, 310, 1090, 312, -2, -2, -2.356194490192345, 2.8284271247461903
114, 115, 480, 660, 480, 665, 0, -5, -1.5707963267948966, 5.0
114, 116, 490, 35, 491, 37, -1, -2, -2.0344439357957027, 2.23606797749979
114, 117, 387, 346, 388, 344, -1, 2, 2.0344439357957027, 2.23606797749979
114, 120, 1200, 282, 1200, 278, 0, 4, 1.5707963267948966, 4.0
114, 121, 689, 658, 692, 655, -3, 3, 2.356194490192345, 4.242640687119285
114, 122, 47, 415, 46, 411, 1, 4, 1.3258176636680326, 4.123105625617661
114, 123, 1170, 689, 1170, 686, 0, 3, 1.5707963267948966, 3.0
114, 124, 373, 423, 375, 420, -2, 3, 2.158798930342464, 3.605551275463989
114, 125, 487, 615, 488, 618, -1, -3, -1.892546881191539, 3.1622776601683795
114, 126, 181, 51, 178, 52, 3, -1, -0.3217505543966422, 3.1622776601683795
114, 127, 745, 348, 746, 352, -1, -4, -1.8157749899217608, 4.123105625617661
114, 129, 1163, 93, 1162, 92, 1, 1, 0.7853981633974483, 1.4142135623730951
114, 130, 511, 553, 510, 557, 1, -4, -1.3258176636680326, 4.123105625617661
114, 131, 50, 701, 53, 701, -3, 0, 3.141592653589793, 3.0
114, 132, 782, 43, 784, 44, -2, -1, -2.677945044588987, 2.23606797749979
115, 1, 840, 486, 840, 491, 0, -5, -1.5707963267948966, 5.0
115, 2, 687, 655, 689, 651, -2, 4, 2.0344439357957027, 4.47213595499958
115, 3, 376, 313, 377, 310, -1, 3, 1.892546881191539, 3.1622776601683795
115, 6, 61, 651, 61, 649, 0, 2, 1.5707963267948966, 2.0
115, 7, 493, 536, 493, 541, 0, -5, -1.5707963267948966, 5.0
115, 8, 487, 104, 489, 107, -2, -3, -2.158798930342464, 3.605551275463989
115, 9, 1108, 262, 1108, 264, 0, -2, -1.5707963267948966, 2.0
115, 10, 1215, 249, 1215, 246, 0, 3, 1.5707963267948966, 3.0
115, 11, 1106, 218, 1107, 222, -1, -4, -1.8157749899217608, 4.123105625617661
115, 12, 681, 438, 681, 443, 0, -5, -1.5707963267948966, 5.0
115, 13, 1172, 580, 1171, 577, 1, 3, 1.2490457723982544, 3.1622776601683795
115, 15, 1159, 621, 1157, 618, 2, 3, 0.982793723247329, 3.605551275463989
115, 16, 783, 16, 784, 18, -1, -2, -2.0344439357957027, 2.23606797749979
115, 18, 51, 701, 55, 717, -4, -16, -1.8157749899217608, 16.492422502470642
115, 19, 453, 619, 450, 622, 3, -3, -0.7853981633974483, 4.242640687119285
115, 20, 826, 486, 826, 490, 0, -4, -1.5707963267948966, 4.0
115, 23, 457, 588, 456, 593, 1, -5, -1.373400766945016, 5.0990195135927845
115, 27, 771, 164, 769, 162, 2, 2, 0.7853981633974483, 2.8284271247461903
115, 28, 875, 42, 878, 43, -3, -1, -2.819842099193151, 3.1622776601683795
115, 31, 389, 366, 392, 363, -3, 3, 2.356194490192345, 4.242640687119285
115, 32, 119, 701, 119, 707, 0, -6, -1.5707963267948966, 6.0
115, 33, 477, 534, 478, 538, -1, -4, -1.8157749899217608, 4.123105625617661
115, 34, 486, 17, 487, 19, -1, -2, -2.0344439357957027, 2.23606797749979
115, 35, 1099, 205, 1100, 209, -1, -4, -1.8157749899217608, 4.123105625617661
115, 36, 691, 485, 691, 489, 0, -4, -1.5707963267948966, 4.0
115, 37, 1257, 190, 1258, 189, -1, 1, 2.356194490192345, 1.4142135623730951
115, 38, 697, 438, 697, 443, 0, -5, -1.5707963267948966, 5.0
115, 39, 1158, 627, 1156, 625, 2, 2, 0.7853981633974483, 2.8284271247461903
115, 40, 1261, 194, 1264, 193, -3, 1, 2.819842099193151, 3.1622776601683795
115, 41, 490, 85, 490, 87, 0, -2, -1.5707963267948966, 2.0
115, 42, 1180, 652, 1178, 647, 2, 5, 1.1902899496825317, 5.385164807134504
115, 43, 445, 613, 443, 616, 2, -3, -0.982793723247329, 3.605551275463989
115, 44, 862, 18, 862, 20, 0, -2, -1.5707963267948966, 2.0
115, 45, 657, 278, 658, 277, -1, 1, 2.356194490192345, 1.4142135623730951
115, 48, 495, 113, 497, 116, -2, -3, -2.158798930342464, 3.605551275463989
115, 49, 764, 156, 762, 154, 2, 2, 0.7853981633974483, 2.8284271247461903
115, 53, 665, 658, 667, 653, -2, 5, 1.9513027039072615, 5.385164807134504
115, 54, 671, 207, 673, 206, -2, 1, 2.677945044588987, 2.23606797749979
115, 55, 74, 701, 74, 713, 0, -12, -1.5707963267948966, 12.0
115, 56, 760, 163, 758, 161, 2, 2, 0.7853981633974483, 2.8284271247461903
115, 58, 626, 65, 627, 63, -1, 2, 2.0344439357957027, 2.23606797749979
115, 60, 205, 82, 201, 83, 4, -1, -0.24497866312686414, 4.123105625617661
115, 61, 466, 166, 467, 171, -1, -5, -1.7681918866447774, 5.0990195135927845
115, 62, 1179, 99, 1178, 98, 1, 1, 0.7853981633974483, 1.4142135623730951
115, 63, 478, 14, 479, 16, -1, -2, -2.0344439357957027, 2.23606797749979
115, 65, 635, 381, 635, 377, 0, 4, 1.5707963267948966, 4.0
115, 66, 1259, 324, 1257, 321, 2, 3, 0.982793723247329, 3.605551275463989
115, 67, 658, 683, 661, 679, -3, 4, 2.214297435588181, 5.0
115, 69, 486, 254, 486, 258, 0, -4, -1.5707963267948966, 4.0
115, 70, 473, 607, 471, 608, 2, -1, -0.4636476090008061, 2.23606797749979
115, 71, 367, 398, 369, 395, -2, 3, 2.158798930342464, 3.605551275463989
115, 72, 709, 337, 710, 340, -1, -3, -1.892546881191539, 3.1622776601683795
115, 73, 472, 154, 473, 159, -1, -5, -1.7681918866447774, 5.0990195135927845
115, 74, 679, 223, 681, 222, -2, 1, 2.677945044588987, 2.23606797749979
115, 75, 681, 646, 683, 642, -2, 4, 2.0344439357957027, 4.47213595499958
115, 76, 1181, 54, 1179, 54, 2, 0, 0.0, 2.0
115, 77, 173, 92, 172, 93, 1, -1, -0.7853981633974483, 1.4142135623730951
115, 78, 171, 74, 169, 75, 2, -1, -0.4636476090008061, 2.23606797749979
115, 79, 1216, 209, 1216, 206, 0, 3, 1.5707963267948966, 3.0
115, 80, 48, 429, 46, 426, 2, 3, 0.982793723247329, 3.605551275463989
115, 81, 1075, 258, 1076, 262, -1, -4, -1.8157749899217608, 4.123105625617661
115, 82, 1141, 100, 1139, 99, 2, 1, 0.4636476090008061, 2.23606797749979
115, 84, 691, 447, 691, 452, 0, -5, -1.5707963267948966, 5.0
115, 85, 84, 530, 81, 529, 3, 1, 0.3217505543966422, 3.1622776601683795
115, 86, 620, 279, 620, 276, 0, 3, 1.5707963267948966, 3.0
115, 87, 1157, 651, 1155, 647, 2, 4, 1.1071487177940904, 4.47213595499958
115, 88, 685, 525, 686, 527, -1, -2, -2.0344439357957027, 2.23606797749979
115, 90, 741, 308, 741, 312, 0, -4, -1.5707963267948966, 4.0
115, 92, 62, 423, 61, 419, 1, 4, 1.3258176636680326, 4.123105625617661
115, 93, 459, 630, 457, 634, 2, -4, -1.1071487177940904, 4.47213595499958
115, 96, 184, 72, 181, 74, 3, -2, -0.5880026035475675, 3.605551275463989
115, 102, 796, 149, 796, 153, 0, -4, -1.5707963267948966, 4.0
115, 103, 872, 31, 874, 32, -2, -1, -2.677945044588987, 2.23606797749979
115, 106, 806, 194, 806, 197, 0, -3, -1.5707963267948966, 3.0
115, 109, 48, 480, 46, 477, 2, 3, 0.982793723247329, 3.605551275463989
115, 110, 1094, 219, 1096, 223, -2, -4, -2.0344439357957027, 4.47213595499958
115, 113, 368, 414, 370, 411, -2, 3, 2.158798930342464, 3.605551275463989
115, 116, 577, 47, 577, 49, 0, -2, -1.5707963267948966, 2.0
115, 117, 695, 420, 695, 425, 0, -5, -1.5707963267948966, 5.0
115, 118, 378, 360, 380, 357, -2, 3, 2.158798930342464, 3.605551275463989
115, 120, 768, 42, 769, 44, -1, -2, -2.0344439357957027, 2.23606797749979
115, 122, 1261, 225, 1265, 223, -4, 2, 2.677945044588987, 4.47213595499958
115, 125, 828, 583, 828, 585, 0, -2, -1.5707963267948966, 2.0
115, 126, 1202, 304, 1201, 299, 1, 5, 1.373400766945016, 5.0990195135927845
115, 127, 1088, 287, 1089, 289, -1, -2, -2.0344439357957027, 2.23606797749979
115, 128, 392, 284, 393, 281, -1, 3, 1.892546881191539, 3.1622776601683795
115, 131, 483, 139, 484, 143, -1, -4, -1.8157749899217608, 4.123105625617661
115, 132, 151, 701, 152, 700, -1, 1, 2.356194490192345, 1.4142135623730951
115, 134, 379, 275, 380, 272, -1, 3, 1.892546881191539, 3.1622776601683795
115, 136, 1209, 650, 1207, 646, 2, 4, 1.1071487177940904, 4.47213595499958
115, 137, 747, 339, 748, 342, -1, -3, -1.892546881191539, 3.1622776601683795
115, 142, 828, 544, 828, 546, 0, -2, -1.5707963267948966, 2.0
115, 143, 730, 391, 730, 393, 0, -2, -1.5707963267948966, 2.0
115, 144, 48, 472, 46, 469, 2, 3, 0.982793723247329, 3.605551275463989
115, 145, 486, 115, 488, 118, -2, -3, -2.158798930342464, 3.605551275463989
115, 147, 690, 436, 690, 441, 0, -5, -1.5707963267948966, 5.0
115, 148, 673, 214, 675, 213, -2, 1, 2.677945044588987, 2.23606797749979
115, 149, 815, 493, 815, 497, 0, -4, -1.5707963267948966, 4.0
115, 150, 485, 655, 484, 661, 1, -6, -1.4056476493802699, 6.082762530298219
115, 151, 519, 598, 518, 606, 1, -8, -1.446441332248135, 8.06225774829855
115, 152, 48, 417, 46, 413, 2, 4, 1.1071487177940904, 4.47213595499958
115, 153, 633, 99, 633, 97, 0, 2, 1.5707963267948966, 2.0
115, 155, 1248, 335, 1246, 331, 2, 4, 1.1071487177940904, 4.47213595499958
115, 157, 503, 191, 504, 193, -1, -2, -2.0344439357957027, 2.23606797749979
115, 158, 803, 158, 803, 162, 0, -4, -1.5707963267948966, 4.0
115, 159, 409, 309, 410, 306, -1, 3, 1.892546881191539, 3.1622776601683795
115, 160, 1084, 303, 1085, 305, -1, -2, -2.0344439357957027, 2.23606797749979
115, 162, 1213, 202, 1213, 199, 0, 3, 1.5707963267948966, 3.0
115, 163, 1163, 700, 1162, 698, 1, 2, 1.1071487177940904, 2.23606797749979
115, 166, 621, 148, 621, 146, 0, 2, 1.5707963267948966, 2.0
115, 168, 1164, 93, 1162, 92, 2, 1, 0.4636476090008061, 2.23606797749979
115, 169, 486, 169, 486, 172, 0, -3, -1.5707963267948966, 3.0
115, 171, 1203, 209, 1203, 206, 0, 3, 1.5707963267948966, 3.0
115, 174, 1198, 257, 1198, 255, 0, 2, 1.5707963267948966, 2.0
115, 175, 478, 165, 479, 169, -1, -4, -1.8157749899217608, 4.123105625617661
115, 176, 837, 467, 837, 473, 0, -6, -1.5707963267948966, 6.0
115, 177, 465, 542, 465, 547, 0, -5, -1.5707963267948966, 5.0
115, 178, 855, 518, 855, 523, 0, -5, -1.5707963267948966, 5.0
115, 179, 1224, 244, 1224, 241, 0, 3, 1.5707963267948966, 3.0
115, 181, 384, 358, 387, 355, -3, 3, 2.356194490192345, 4.242640687119285
115, 182, 108, 698, 109, 694, -1, 4, 1.8157749899217608, 4.123105625617661
115, 183, 90, 462, 88, 459, 2, 3, 0.982793723247329, 3.605551275463989
115, 184, 763, 25, 763, 28, 0, -3, -1.5707963267948966, 3.0
115, 185, 663, 215, 665, 214, -2, 1, 2.677945044588987, 2.23606797749979
115, 186, 674, 35, 673, 37, 1, -2, -1.1071487177940904, 2.23606797749979
116, 1, 840, 481, 840, 486, 0, -5, -1.5707963267948966, 5.0
116, 2, 684, 658, 687, 655, -3, 3, 2.356194490192345, 4.242640687119285
116, 3, 375, 315, 376, 313, -1, 2, 2.0344439357957027, 2.23606797749979
116, 6, 61, 654, 61, 651, 0, 3, 1.5707963267948966, 3.0
116, 7, 493, 531, 493, 536, 0, -5, -1.5707963267948966, 5.0
116, 8, 486, 101, 487, 104, -1, -3, -1.892546881191539, 3.1622776601683795
116, 9, 1108, 260, 1108, 262, 0, -2, -1.5707963267948966, 2.0
116, 10, 1215, 253, 1215, 249, 0, 4, 1.5707963267948966, 4.0
116, 11, 1104, 215, 1106, 218, -2, -3, -2.158798930342464, 3.605551275463989
116, 12, 681, 434, 681, 438, 0, -4, -1.5707963267948966, 4.0
116, 13, 1173, 583, 1172, 580, 1, 3, 1.2490457723982544, 3.1622776601683795
116, 15, 1161, 623, 1159, 621, 2, 2, 0.7853981633974483, 2.8284271247461903
116, 16, 782, 14, 783, 16, -1, -2, -2.0344439357957027, 2.23606797749979
116, 19, 456, 615, 453, 619, 3, -4, -0.9272952180016122, 5.0
116, 20, 826, 481, 826, 486, 0, -5, -1.5707963267948966, 5.0
116, 23, 458, 583, 457, 588, 1, -5, -1.373400766945016, 5.0990195135927845
116, 27, 773, 165, 771, 164, 2, 1, 0.4636476090008061, 2.23606797749979
116, 28, 873, 41, 875, 42, -2, -1, -2.677945044588987, 2.23606797749979
116, 31, 387, 369, 389, 366, -2, 3, 2.158798930342464, 3.605551275463989
116, 33, 477, 529, 477, 534, 0, -5, -1.5707963267948966, 5.0
116, 34, 485, 15, 486, 17, -1, -2, -2.0344439357957027, 2.23606797749979
116, 35, 1098, 202, 1099, 205, -1, -3, -1.892546881191539, 3.1622776601683795
116, 36, 691, 481, 691, 485, 0, -4, -1.5707963267948966, 4.0
116, 37, 1257, 192, 1257, 190, 0, 2, 1.5707963267948966, 2.0
116, 38, 697, 434, 697, 438, 0, -4, -1.5707963267948966, 4.0
116, 39, 1160, 629, 1158, 627, 2, 2, 0.7853981633974483, 2.8284271247461903
116, 40, 1261, 196, 1261, 194, 0, 2, 1.5707963267948966, 2.0
116, 42, 1181, 657, 1180, 652, 1, 5, 1.373400766945016, 5.0990195135927845
116, 43, 447, 610, 445, 613, 2, -3, -0.982793723247329, 3.605551275463989
116, 44, 862, 16, 862, 18, 0, -2, -1.5707963267948966, 2.0
116, 45, 656, 279, 657, 278, -1, 1, 2.356194490192345, 1.4142135623730951
116, 48, 494, 110, 495, 113, -1, -3, -1.892546881191539, 3.1622776601683795
116, 49, 766, 157, 764, 156, 2, 1, 0.4636476090008061, 2.23606797749979
116, 53, 663, 662, 665, 658, -2, 4, 2.0344439357957027, 4.47213595499958
116, 54, 669, 208, 671, 207, -2, 1, 2.677945044588987, 2.23606797749979
116, 56, 762, 164, 760, 163, 2, 1, 0.4636476090008061, 2.23606797749979
116, 58, 625, 67, 626, 65, -1, 2, 2.0344439357957027, 2.23606797749979
116, 60, 208, 83, 205, 82, 3, 1, 0.3217505543966422, 3.1622776601683795
116, 61, 465, 162, 466, 166, -1, -4, -1.8157749899217608, 4.123105625617661
116, 62, 1180, 100, 1179, 99, 1, 1, 0.7853981633974483, 1.4142135623730951
116, 63, 477, 12, 478, 14, -1, -2, -2.0344439357957027, 2.23606797749979
116, 65, 634, 385, 635, 381, -1, 4, 1.8157749899217608, 4.123105625617661
116, 66, 1261, 327, 1259, 324, 2, 3, 0.982793723247329, 3.605551275463989
116, 67, 656, 688, 658, 683, -2, 5, 1.9513027039072615, 5.385164807134504
116, 69, 486, 251, 486, 254, 0, -3, -1.5707963267948966, 3.0
116, 70, 475, 607, 473, 607, 2, 0, 0.0, 2.0
116, 71, 365, 401, 367, 398, -2, 3, 2.158798930342464, 3.605551275463989
116, 72, 708, 335, 709, 337, -1, -2, -2.0344439357957027, 2.23606797749979
116, 73, 471, 149, 472, 154, -1, -5, -1.7681918866447774, 5.0990195135927845
116, 74, 677, 224, 679, 223, -2, 1, 2.677945044588987, 2.23606797749979
116, 75, 678, 650, 681, 646, -3, 4, 2.214297435588181, 5.0
116, 76, 1183, 55, 1181, 54, 2, 1, 0.4636476090008061, 2.23606797749979
116, 77, 174, 91, 173, 92, 1, -1, -0.7853981633974483, 1.4142135623730951
116, 78, 173, 73, 171, 74, 2, -1, -0.4636476090008061, 2.23606797749979
116, 79, 1216, 213, 1216, 209, 0, 4, 1.5707963267948966, 4.0
116, 80, 50, 432, 48, 429, 2, 3, 0.982793723247329, 3.605551275463989
116, 81, 1074, 254, 1075, 258, -1, -4, -1.8157749899217608, 4.123105625617661
116, 82, 1143, 101, 1141, 100, 2, 1, 0.4636476090008061, 2.23606797749979
116, 84, 691, 443, 691, 447, 0, -4, -1.5707963267948966, 4.0
116, 85, 85, 528, 84, 530, 1, -2, -1.1071487177940904, 2.23606797749979
116, 86, 620, 283, 620, 279, 0, 4, 1.5707963267948966, 4.0
116, 87, 1159, 655, 1157, 651, 2, 4, 1.1071487177940904, 4.47213595499958
116, 90, 740, 304, 741, 308, -1, -4, -1.8157749899217608, 4.123105625617661
116, 92, 63, 427, 62, 423, 1, 4, 1.3258176636680326, 4.123105625617661
116, 93, 461, 626, 459, 630, 2, -4, -1.1071487177940904, 4.47213595499958
116, 96, 187, 70, 184, 72, 3, -2, -0.5880026035475675, 3.605551275463989
116, 102, 796, 145, 796, 149, 0, -4, -1.5707963267948966, 4.0
116, 103, 870, 30, 872, 31, -2, -1, -2.677945044588987, 2.23606797749979
116, 106, 806, 191, 806, 194, 0, -3, -1.5707963267948966, 3.0
116, 109, 50, 483, 48, 480, 2, 3, 0.982793723247329, 3.605551275463989
116, 110, 1092, 215, 1094, 219, -2, -4, -2.0344439357957027, 4.47213595499958
116, 112, 366, 417, 368, 414, -2, 3, 2.158798930342464, 3.605551275463989
116, 114, 606, 336, 606, 334, 0, 2, 1.5707963267948966, 2.0
116, 116, 695, 416, 695, 420, 0, -4, -1.5707963267948966, 4.0
116, 117, 376, 363, 378, 360, -2, 3, 2.158798930342464, 3.605551275463989
116, 119, 768, 40, 768, 42, 0, -2, -1.5707963267948966, 2.0
116, 121, 1261, 228, 1261, 225, 0, 3, 1.5707963267948966, 3.0
116, 122, 1131, 116, 1130, 115, 1, 1, 0.7853981633974483, 1.4142135623730951
116, 124, 828, 580, 828, 583, 0, -3, -1.5707963267948966, 3.0
116, 125, 1203, 308, 1202, 304, 1, 4, 1.3258176636680326, 4.123105625617661
116, 126, 1087, 284, 1088, 287, -1, -3, -1.892546881191539, 3.1622776601683795
116, 127, 391, 287, 392, 284, -1, 3, 1.892546881191539, 3.1622776601683795
116, 130, 482, 135, 483, 139, -1, -4, -1.8157749899217608, 4.123105625617661
116, 133, 378, 278, 379, 275, -1, 3, 1.892546881191539, 3.1622776601683795
116, 135, 1210, 653, 1209, 650, 1, 3, 1.2490457723982544, 3.1622776601683795
116, 136, 746, 336, 747, 339, -1, -3, -1.892546881191539, 3.1622776601683795
116, 141, 828, 542, 828, 544, 0, -2, -1.5707963267948966, 2.0
116, 142, 730, 389, 730, 391, 0, -2, -1.5707963267948966, 2.0
116, 143, 50, 475, 48, 472, 2, 3, 0.982793723247329, 3.605551275463989
116, 144, 484, 111, 486, 115, -2, -4, -2.0344439357957027, 4.47213595499958
116, 146, 690, 432, 690, 436, 0, -4, -1.5707963267948966, 4.0
116, 147, 671, 215, 673, 214, -2, 1, 2.677945044588987, 2.23606797749979
116, 148, 815, 488, 815, 493, 0, -5, -1.5707963267948966, 5.0
116, 149, 486, 650, 485, 655, 1, -5, -1.373400766945016, 5.0990195135927845
116, 150, 519, 590, 519, 598, 0, -8, -1.5707963267948966, 8.0
116, 151, 50, 421, 48, 417, 2, 4, 1.1071487177940904, 4.47213595499958
116, 152, 633, 101, 633, 99, 0, 2, 1.5707963267948966, 2.0
116, 154, 1250, 338, 1248, 335, 2, 3, 0.982793723247329, 3.605551275463989
116, 156, 502, 188, 503, 191, -1, -3, -1.892546881191539, 3.1622776601683795
116, 157, 803, 154, 803, 158, 0, -4, -1.5707963267948966, 4.0
116, 158, 408, 312, 409, 309, -1, 3, 1.892546881191539, 3.1622776601683795
116, 159, 1083, 301, 1084, 303, -1, -2, -2.0344439357957027, 2.23606797749979
116, 161, 1213, 206, 1213, 202, 0, 4, 1.5707963267948966, 4.0
116, 162, 1164, 701, 1163, 700, 1, 1, 0.7853981633974483, 1.4142135623730951
116, 167, 1166, 94, 1164, 93, 2, 1, 0.4636476090008061, 2.23606797749979
116, 168, 486, 165, 486, 169, 0, -4, -1.5707963267948966, 4.0
116, 170, 1203, 213, 1203, 209, 0, 4, 1.5707963267948966, 4.0
116, 173, 1197, 260, 1198, 257, -1, 3, 1.892546881191539, 3.1622776601683795
116, 174, 477, 161, 478, 165, -1, -4, -1.8157749899217608, 4.123105625617661
116, 175, 837, 461, 837, 467, 0, -6, -1.5707963267948966, 6.0
116, 176, 466, 537, 465, 542, 1, -5, -1.373400766945016, 5.0990195135927845
116, 177, 855, 513, 855, 518, 0, -5, -1.5707963267948966, 5.0
116, 178, 1224, 248, 1224, 244, 0, 4, 1.5707963267948966, 4.0
116, 180, 382, 361, 384, 358, -2, 3, 2.158798930342464, 3.605551275463989
116, 181, 107, 701, 108, 698, -1, 3, 1.892546881191539, 3.1622776601683795
116, 182, 92, 465, 90, 462, 2, 3, 0.982793723247329, 3.605551275463989
116, 183, 763, 22, 763, 25, 0, -3, -1.5707963267948966, 3.0
116, 184, 661, 216, 663, 215, -2, 1, 2.677945044588987, 2.23606797749979
116, 185, 675, 33, 674, 35, 1, -2, -1.1071487177940904, 2.23606797749979
117, 0, 839, 476, 840, 481, -1, -5, -1.7681918866447774, 5.0990195135927845
117, 1, 681, 662, 684, 658, -3, 4, 2.214297435588181, 5.0
117, 2, 372, 317, 375, 315, -3, 2, 2.5535900500422257, 3.605551275463989
117, 3, 805, 525, 806, 524, -1, 1, 2.356194490192345, 1.4142135623730951
117, 4, 61, 656, 61, 654, 0, 2, 1.5707963267948966, 2.0
117, 5, 493, 527, 493, 531, 0, -4, -1.5707963267948966, 4.0
117, 6, 483, 96, 486, 101, -3, -5, -2.1112158270654806, 5.830951894845301
117, 7, 1107, 257, 1108, 260, -1, -3, -1.892546881191539, 3.1622776601683795
117, 8, 1216, 256, 1215, 253, 1, 3, 1.2490457723982544, 3.1622776601683795
117, 9, 1100, 211, 1104, 215, -4, -4, -2.356194490192345, 5.656854249492381
117, 10, 682, 430, 681, 434, 1, -4, -1.3258176636680326, 4.123105625617661
117, 11, 1173, 587, 1173, 583, 0, 4, 1.5707963267948966, 4.0
117, 12, 1162, 622, 1161, 623, 1, -1, -0.7853981633974483, 1.4142135623730951
117, 13, 780, 12, 782, 14, -2, -2, -2.356194490192345, 2.8284271247461903
117, 15, 47, 701, 50, 701, -3, 0, 3.141592653589793, 3.0
117, 16, 459, 611, 456, 615, 3, -4, -0.9272952180016122, 5.0
117, 17, 825, 477, 826, 481, -1, -4, -1.8157749899217608, 4.123105625617661
117, 19, 459, 577, 458, 583, 1, -6, -1.4056476493802699, 6.082762530298219
117, 20, 248, 339, 250, 340, -2, -1, -2.677945044588987, 2.23606797749979
117, 21, 774, 167, 773, 165, 1, 2, 1.1071487177940904, 2.23606797749979
117, 22, 869, 40, 873, 41, -4, -1, -2.896613990462929, 4.123105625617661
117, 24, 385, 371, 387, 369, -2, 2, 2.356194490192345, 2.8284271247461903
117, 25, 116, 701, 118, 701, -2, 0, 3.141592653589793, 2.0
117, 26, 476, 525, 477, 529, -1, -4, -1.8157749899217608, 4.123105625617661
117, 27, 482, 10, 485, 15, -3, -5, -2.1112158270654806, 5.830951894845301
117, 28, 1094, 198, 1098, 202, -4, -4, -2.356194490192345, 5.656854249492381
117, 29, 690, 478, 691, 481, -1, -3, -1.892546881191539, 3.1622776601683795
117, 30, 1256, 196, 1257, 192, -1, 4, 1.8157749899217608, 4.123105625617661
117, 31, 696, 429, 697, 434, -1, -5, -1.7681918866447774, 5.0990195135927845
117, 33, 1259, 200, 1261, 196, -2, 4, 2.0344439357957027, 4.47213595499958
117, 34, 489, 82, 490, 84, -1, -2, -2.0344439357957027, 2.23606797749979
117, 35, 1182, 654, 1181, 657, 1, -3, -1.2490457723982544, 3.1622776601683795
117, 36, 450, 606, 447, 610, 3, -4, -0.9272952180016122, 5.0
117, 38, 653, 282, 656, 279, -3, 3, 2.356194490192345, 4.242640687119285
117, 39, 492, 105, 494, 110, -2, -5, -1.9513027039072615, 5.385164807134504
117, 40, 768, 159, 766, 157, 2, 2, 0.7853981633974483, 2.8284271247461903
117, 41, 1174, 147, 1174, 145, 0, 2, 1.5707963267948966, 2.0
117, 42, 663, 665, 663, 662, 0, 3, 1.5707963267948966, 3.0
117, 43, 665, 210, 669, 208, -4, 2, 2.677945044588987, 4.47213595499958
117, 44, 71, 701, 73, 701, -2, 0, 3.141592653589793, 2.0
117, 45, 764, 166, 762, 164, 2, 2, 0.7853981633974483, 2.8284271247461903
117, 46, 623, 70, 625, 67, -2, 3, 2.158798930342464, 3.605551275463989
117, 48, 463, 158, 465, 162, -2, -4, -2.0344439357957027, 4.47213595499958
117, 49, 1180, 102, 1180, 100, 0, 2, 1.5707963267948966, 2.0
117, 50, 474, 7, 477, 12, -3, -5, -2.1112158270654806, 5.830951894845301
117, 51, 630, 389, 634, 385, -4, 4, 2.356194490192345, 5.656854249492381
117, 52, 1261, 329, 1261, 327, 0, 2, 1.5707963267948966, 2.0
117, 53, 654, 692, 656, 688, -2, 4, 2.0344439357957027, 4.47213595499958
117, 54, 486, 248, 486, 251, 0, -3, -1.5707963267948966, 3.0
117, 56, 361, 403, 365, 401, -4, 2, 2.677945044588987, 4.47213595499958
117, 57, 706, 333, 708, 335, -2, -2, -2.356194490192345, 2.8284271247461903
117, 58, 470, 144, 471, 149, -1, -5, -1.7681918866447774, 5.0990195135927845
117, 59, 673, 227, 677, 224, -4, 3, 2.498091544796509, 5.0
117, 60, 676, 655, 678, 650, -2, 5, 1.9513027039072615, 5.385164807134504
117, 61, 1187, 55, 1183, 55, 4, 0, 0.0, 4.0
117, 62, 176, 90, 174, 91, 2, -1, -0.4636476090008061, 2.23606797749979
117, 63, 175, 72, 173, 73, 2, -1, -0.4636476090008061, 2.23606797749979
117, 64, 1215, 216, 1216, 213, -1, 3, 1.892546881191539, 3.1622776601683795
117, 65, 51, 435, 50, 432, 1, 3, 1.2490457723982544, 3.1622776601683795
117, 66, 1071, 251, 1074, 254, -3, -3, -2.356194490192345, 4.242640687119285
117, 67, 1144, 103, 1143, 101, 1, 2, 1.1071487177940904, 2.23606797749979
117, 68, 691, 438, 691, 443, 0, -5, -1.5707963267948966, 5.0
117, 69, 86, 527, 85, 528, 1, -1, -0.7853981633974483, 1.4142135623730951
117, 70, 620, 286, 620, 283, 0, 3, 1.5707963267948966, 3.0
117, 71, 1162, 657, 1159, 655, 3, 2, 0.5880026035475675, 3.605551275463989
117, 73, 738, 299, 740, 304, -2, -5, -1.9513027039072615, 5.385164807134504
117, 74, 63, 430, 63, 427, 0, 3, 1.5707963267948966, 3.0
117, 75, 463, 621, 461, 626, 2, -5, -1.1902899496825317, 5.385164807134504
117, 76, 621, 103, 622, 100, -1, 3, 1.892546881191539, 3.1622776601683795
117, 77, 190, 68, 187, 70, 3, -2, -0.5880026035475675, 3.605551275463989
117, 78, 82, 146, 84, 146, -2, 0, 3.141592653589793, 2.0
117, 79, 151, 49, 153, 48, -2, 1, 2.677945044588987, 2.23606797749979
117, 81, 794, 140, 796, 145, -2, -5, -1.9513027039072615, 5.385164807134504
117, 82, 866, 29, 870, 30, -4, -1, -2.896613990462929, 4.123105625617661
117, 83, 1147, 68, 1145, 67, 2, 1, 0.4636476090008061, 2.23606797749979
117, 84, 804, 187, 806, 191, -2, -4, -2.0344439357957027, 4.47213595499958
117, 85, 550, 28, 551, 30, -1, -2, -2.0344439357957027, 2.23606797749979
117, 87, 50, 485, 50, 483, 0, 2, 1.5707963267948966, 2.0
117, 88, 1088, 212, 1092, 215, -4, -3, -2.498091544796509, 5.0
117, 89, 362, 419, 366, 417, -4, 2, 2.677945044588987, 4.47213595499958
117, 90, 1158, 59, 1157, 58, 1, 1, 0.7853981633974483, 1.4142135623730951
117, 91, 605, 340, 606, 336, -1, 4, 1.8157749899217608, 4.123105625617661
117, 92, 576, 44, 577, 46, -1, -2, -2.0344439357957027, 2.23606797749979
117, 93, 696, 411, 695, 416, 1, -5, -1.373400766945016, 5.0990195135927845
117, 94, 373, 366, 376, 363, -3, 3, 2.356194490192345, 4.242640687119285
117, 95, 1261, 232, 1261, 228, 0, 4, 1.5707963267948966, 4.0
117, 96, 1131, 118, 1131, 116, 0, 2, 1.5707963267948966, 2.0
117, 98, 828, 578, 828, 580, 0, -2, -1.5707963267948966, 2.0
117, 99, 1204, 313, 1203, 308, 1, 5, 1.373400766945016, 5.0990195135927845
117, 100, 1084, 282, 1087, 284, -3, -2, -2.5535900500422257, 3.605551275463989
117, 101, 387, 289, 391, 287, -4, 2, 2.677945044588987, 4.47213595499958
117, 102, 152, 23, 154, 23, -2, 0, 3.141592653589793, 2.0
117, 104, 479, 132, 482, 135, -3, -3, -2.356194490192345, 4.242640687119285
117, 105, 148, 701, 150, 701, -2, 0, 3.141592653589793, 2.0
117, 106, 376, 282, 378, 278, -2, 4, 2.0344439357957027, 4.47213595499958
117, 107, 753, 221, 751, 218, 2, 3, 0.982793723247329, 3.605551275463989
117, 108, 1210, 655, 1210, 653, 0, 2, 1.5707963267948966, 2.0
117, 109, 744, 333, 746, 336, -2, -3, -2.158798930342464, 3.605551275463989
117, 110, 76, 133, 78, 133, -2, 0, 3.141592653589793, 2.0
117, 112, 828, 539, 828, 542, 0, -3, -1.5707963267948966, 3.0
117, 113, 729, 387, 730, 389, -1, -2, -2.0344439357957027, 2.23606797749979
117, 114, 50, 477, 50, 475, 0, 2, 1.5707963267948966, 2.0
117, 115, 482, 106, 484, 111, -2, -5, -1.9513027039072615, 5.385164807134504
117, 117, 690, 427, 690, 432, 0, -5, -1.5707963267948966, 5.0
117, 118, 667, 218, 671, 215, -4, 3, 2.498091544796509, 5.0
117, 119, 814, 484, 815, 488, -1, -4, -1.8157749899217608, 4.123105625617661
117, 120, 486, 647, 486, 650, 0, -3, -1.5707963267948966, 3.0
117, 121, 517, 584, 519, 590, -2, -6, -1.892546881191539, 6.324555320336759
117, 122, 51, 424, 50, 421, 1, 3, 1.2490457723982544, 3.1622776601683795
117, 123, 631, 105, 633, 101, -2, 4, 2.0344439357957027, 4.47213595499958
117, 124, 1252, 340, 1250, 338, 2, 2, 0.7853981633974483, 2.8284271247461903
117, 125, 501, 185, 502, 188, -1, -3, -1.892546881191539, 3.1622776601683795
117, 126, 802, 150, 803, 154, -1, -4, -1.8157749899217608, 4.123105625617661
117, 127, 406, 315, 408, 312, -2, 3, 2.158798930342464, 3.605551275463989
117, 128, 1081, 300, 1083, 301, -2, -1, -2.677945044588987, 2.23606797749979
117, 130, 1213, 209, 1213, 206, 0, 3, 1.5707963267948966, 3.0
117, 132, 867, 56, 870, 55, -3, 1, 2.819842099193151, 3.1622776601683795
117, 133, 623, 150, 621, 149, 2, 1, 0.4636476090008061, 2.23606797749979
117, 134, 632, 136, 631, 138, 1, -2, -1.1071487177940904, 2.23606797749979
117, 135, 1168, 95, 1166, 94, 2, 1, 0.4636476090008061, 2.23606797749979
117, 136, 484, 160, 486, 165, -2, -5, -1.9513027039072615, 5.385164807134504
117, 138, 1204, 216, 1203, 213, 1, 3, 1.2490457723982544, 3.1622776601683795
117, 139, 642, 328, 643, 324, -1, 4, 1.8157749899217608, 4.123105625617661
117, 141, 1195, 265, 1197, 260, -2, 5, 1.9513027039072615, 5.385164807134504
117, 142, 476, 156, 477, 161, -1, -5, -1.7681918866447774, 5.0990195135927845
117, 143, 837, 455, 837, 461, 0, -6, -1.5707963267948966, 6.0
117, 144, 466, 532, 466, 537, 0, -5, -1.5707963267948966, 5.0
117, 145, 855, 508, 855, 513, 0, -5, -1.5707963267948966, 5.0
117, 146, 1224, 252, 1224, 248, 0, 4, 1.5707963267948966, 4.0
117, 147, 379, 364, 382, 361, -3, 3, 2.356194490192345, 4.242640687119285
117, 149, 93, 467, 92, 465, 1, 2, 1.1071487177940904, 2.23606797749979
117, 150, 763, 17, 763, 22, 0, -5, -1.5707963267948966, 5.0
117, 151, 657, 218, 661, 216, -4, 2, 2.677945044588987, 4.47213595499958
118, 0, 839, 471, 839, 476, 0, -5, -1.5707963267948966, 5.0
118, 1, 679, 666, 681, 662, -2, 4, 2.0344439357957027, 4.47213595499958
118, 2, 371, 319, 372, 317, -1, 2, 2.0344439357957027, 2.23606797749979
118, 3, 806, 524, 805, 525, 1, -1, -0.7853981633974483, 1.4142135623730951
118, 4, 61, 660, 61, 656, 0, 4, 1.5707963267948966, 4.0
118, 5, 494, 523, 493, 527, 1, -4, -1.3258176636680326, 4.123105625617661
118, 6, 483, 92, 483, 96, 0, -4, -1.5707963267948966, 4.0
118, 7, 1106, 255, 1107, 257, -1, -2, -2.0344439357957027, 2.23606797749979
118, 8, 1217, 260, 1216, 256, 1, 4, 1.3258176636680326, 4.123105625617661
118, 9, 1099, 208, 1100, 211, -1, -3, -1.892546881191539, 3.1622776601683795
118, 10, 683, 425, 682, 430, 1, -5, -1.373400766945016, 5.0990195135927845
118, 11, 1174, 590, 1173, 587, 1, 3, 1.2490457723982544, 3.1622776601683795
118, 12, 1164, 623, 1162, 622, 2, 1, 0.4636476090008061, 2.23606797749979
118, 16, 462, 607, 459, 611, 3, -4, -0.9272952180016122, 5.0
118, 17, 825, 472, 825, 477, 0, -5, -1.5707963267948966, 5.0
118, 19, 461, 573, 459, 577, 2, -4, -1.1071487177940904, 4.47213595499958
118, 22, 867, 39, 869, 40, -2, -1, -2.677945044588987, 2.23606797749979
118, 23, 814, 519, 813, 521, 1, -2, -1.1071487177940904, 2.23606797749979
118, 24, 384, 373, 385, 371, -1, 2, 2.0344439357957027, 2.23606797749979
118, 25, 113, 701, 116, 701, -3, 0, 3.141592653589793, 3.0
118, 26, 476, 520, 476, 525, 0, -5, -1.5707963267948966, 5.0
118, 28, 1093, 195, 1094, 198, -1, -3, -1.892546881191539, 3.1622776601683795
118, 29, 690, 474, 690, 478, 0, -4, -1.5707963267948966, 4.0
118, 30, 1256, 199, 1256, 196, 0, 3, 1.5707963267948966, 3.0
118, 31, 697, 424, 696, 429, 1, -5, -1.373400766945016, 5.0990195135927845
118, 32, 1161, 630, 1160, 629, 1, 1, 0.7853981633974483, 1.4142135623730951
118, 33, 1259, 203, 1259, 200, 0, 3, 1.5707963267948966, 3.0
118, 34, 489, 80, 489, 82, 0, -2, -1.5707963267948966, 2.0
118, 35, 1184, 655, 1182, 654, 2, 1, 0.4636476090008061, 2.23606797749979
118, 36, 452, 602, 450, 606, 2, -4, -1.1071487177940904, 4.47213595499958
118, 38, 652, 283, 653, 282, -1, 1, 2.356194490192345, 1.4142135623730951
118, 39, 491, 101, 492, 105, -1, -4, -1.8157749899217608, 4.123105625617661
118, 40, 769, 160, 768, 159, 1, 1, 0.7853981633974483, 1.4142135623730951
118, 41, 1175, 148, 1174, 147, 1, 1, 0.7853981633974483, 1.4142135623730951
118, 42, 663, 669, 663, 665, 0, 4, 1.5707963267948966, 4.0
118, 43, 664, 211, 665, 210, -1, 1, 2.356194490192345, 1.4142135623730951
118, 45, 765, 167, 764, 166, 1, 1, 0.7853981633974483, 1.4142135623730951
118, 46, 622, 71, 623, 70, -1, 1, 2.356194490192345, 1.4142135623730951
118, 47, 210, 82, 209, 83, 1, -1, -0.7853981633974483, 1.4142135623730951
118, 48, 463, 155, 463, 158, 0, -3, -1.5707963267948966, 3.0
118, 49, 1181, 103, 1180, 102, 1, 1, 0.7853981633974483, 1.4142135623730951
118, 50, 628, 392, 630, 389, -2, 3, 2.158798930342464, 3.605551275463989
118, 51, 1261, 331, 1261, 329, 0, 2, 1.5707963267948966, 2.0
118, 52, 653, 697, 654, 692, -1, 5, 1.7681918866447774, 5.0990195135927845
118, 53, 486, 246, 486, 248, 0, -2, -1.5707963267948966, 2.0
118, 54, 475, 609, 475, 606, 0, 3, 1.5707963267948966, 3.0
118, 55, 359, 406, 361, 403, -2, 3, 2.158798930342464, 3.605551275463989
118, 56, 706, 331, 706, 333, 0, -2, -1.5707963267948966, 2.0
118, 57, 470, 141, 470, 144, 0, -3, -1.5707963267948966, 3.0
118, 58, 672, 228, 673, 227, -1, 1, 2.356194490192345, 1.4142135623730951
118, 59, 675, 660, 676, 655, -1, 5, 1.7681918866447774, 5.0990195135927845
118, 60, 1190, 55, 1187, 55, 3, 0, 0.0, 3.0
118, 61, 179, 89, 176, 90, 3, -1, -0.3217505543966422, 3.1622776601683795
118, 62, 177, 71, 175, 72, 2, -1, -0.4636476090008061, 2.23606797749979
118, 63, 1216, 220, 1215, 216, 1, 4, 1.3258176636680326, 4.123105625617661
118, 64, 53, 438, 51, 435, 2, 3, 0.982793723247329, 3.605551275463989
118, 65, 1070, 248, 1071, 251, -1, -3, -1.892546881191539, 3.1622776601683795
118, 66, 1145, 104, 1144, 103, 1, 1, 0.7853981633974483, 1.4142135623730951
118, 67, 692, 433, 691, 438, 1, -5, -1.373400766945016, 5.0990195135927845
118, 69, 620, 290, 620, 286, 0, 4, 1.5707963267948966, 4.0
118, 70, 1164, 659, 1162, 657, 2, 2, 0.7853981633974483, 2.8284271247461903
118, 72, 737, 296, 738, 299, -1, -3, -1.892546881191539, 3.1622776601683795
118, 73, 65, 433, 63, 430, 2, 3, 0.982793723247329, 3.605551275463989
118, 74, 465, 616, 463, 621, 2, -5, -1.1902899496825317, 5.385164807134504
118, 76, 193, 67, 190, 68, 3, -1, -0.3217505543966422, 3.1622776601683795
118, 79, 685, 27, 684, 28, 1, -1, -0.7853981633974483, 1.4142135623730951
118, 80, 794, 137, 794, 140, 0, -3, -1.5707963267948966, 3.0
118, 81, 1149, 68, 1147, 68, 2, 0, 0.0, 2.0
118, 82, 804, 184, 804, 187, 0, -3, -1.5707963267948966, 3.0
118, 85, 52, 488, 50, 485, 2, 3, 0.982793723247329, 3.605551275463989
118, 86, 1087, 209, 1088, 212, -1, -3, -1.892546881191539, 3.1622776601683795
118, 87, 360, 421, 362, 419, -2, 2, 2.356194490192345, 2.8284271247461903
118, 88, 1160, 59, 1158, 59, 2, 0, 0.0, 2.0
118, 89, 605, 342, 605, 340, 0, 2, 1.5707963267948966, 2.0
118, 91, 697, 406, 696, 411, 1, -5, -1.373400766945016, 5.0990195135927845
118, 92, 371, 368, 373, 366, -2, 2, 2.356194490192345, 2.8284271247461903
118, 93, 1261, 234, 1261, 232, 0, 2, 1.5707963267948966, 2.0
118, 94, 1132, 119, 1131, 118, 1, 1, 0.7853981633974483, 1.4142135623730951
118, 95, 179, 30, 178, 31, 1, -1, -0.7853981633974483, 1.4142135623730951
118, 97, 1201, 316, 1204, 313, -3, 3, 2.356194490192345, 4.242640687119285
118, 98, 1082, 278, 1084, 282, -2, -4, -2.0344439357957027, 4.47213595499958
118, 99, 386, 290, 387, 289, -1, 1, 2.356194490192345, 1.4142135623730951
118, 102, 478, 128, 479, 132, -1, -4, -1.8157749899217608, 4.123105625617661
118, 104, 375, 283, 376, 282, -1, 1, 2.356194490192345, 1.4142135623730951
118, 105, 754, 223, 753, 221, 1, 2, 1.1071487177940904, 2.23606797749979
118, 106, 1212, 655, 1210, 655, 2, 0, 0.0, 2.0
118, 107, 743, 329, 744, 333, -1, -4, -1.8157749899217608, 4.123105625617661
118, 110, 828, 535, 828, 539, 0, -4, -1.5707963267948966, 4.0
118, 112, 52, 480, 50, 477, 2, 3, 0.982793723247329, 3.605551275463989
118, 113, 481, 102, 482, 106, -1, -4, -1.8157749899217608, 4.123105625617661
118, 115, 691, 422, 690, 427, 1, -5, -1.373400766945016, 5.0990195135927845
118, 116, 666, 219, 667, 218, -1, 1, 2.356194490192345, 1.4142135623730951
118, 117, 815, 479, 814, 484, 1, -5, -1.373400766945016, 5.0990195135927845
118, 119, 519, 582, 517, 584, 2, -2, -0.7853981633974483, 2.8284271247461903
118, 120, 53, 427, 51, 424, 2, 3, 0.982793723247329, 3.605551275463989
118, 122, 1255, 342, 1252, 340, 3, 2, 0.5880026035475675, 3.605551275463989
118, 123, 500, 183, 501, 185, -1, -2, -2.0344439357957027, 2.23606797749979
118, 124, 802, 147, 802, 150, 0, -3, -1.5707963267948966, 3.0
118, 125, 405, 317, 406, 315, -1, 2, 2.0344439357957027, 2.23606797749979
118, 128, 1214, 213, 1213, 209, 1, 4, 1.3258176636680326, 4.123105625617661
118, 130, 866, 57, 867, 56, -1, 1, 2.356194490192345, 1.4142135623730951
118, 133, 1169, 96, 1168, 95, 1, 1, 0.7853981633974483, 1.4142135623730951
118, 134, 484, 157, 484, 160, 0, -3, -1.5707963267948966, 3.0
118, 136, 1205, 219, 1204, 216, 1, 3, 1.2490457723982544, 3.1622776601683795
118, 137, 642, 331, 642, 328, 0, 3, 1.5707963267948966, 3.0
118, 139, 1196, 268, 1195, 265, 1, 3, 1.2490457723982544, 3.1622776601683795
118, 140, 476, 153, 476, 156, 0, -3, -1.5707963267948966, 3.0
118, 141, 837, 450, 837, 455, 0, -5, -1.5707963267948966, 5.0
118, 142, 467, 527, 466, 532, 1, -5, -1.373400766945016, 5.0990195135927845
118, 143, 856, 503, 855, 508, 1, -5, -1.373400766945016, 5.0990195135927845
118, 144, 1224, 256, 1224, 252, 0, 4, 1.5707963267948966, 4.0
118, 145, 378, 366, 379, 364, -1, 2, 2.0344439357957027, 2.23606797749979
118, 146, 104, 701, 107, 701, -3, 0, 3.141592653589793, 3.0
118, 147, 95, 470, 93, 467, 2, 3, 0.982793723247329, 3.605551275463989
118, 148, 763, 15, 763, 17, 0, -2, -1.5707963267948966, 2.0
118, 149, 656, 219, 657, 218, -1, 1, 2.356194490192345, 1.4142135623730951
118, 150, 676, 31, 675, 32, 1, -1, -0.7853981633974483, 1.4142135623730951
119, 0, 839, 467, 839, 471, 0, -4, -1.5707963267948966, 4.0
119, 1, 677, 670, 679, 666, -2, 4, 2.0344439357957027, 4.47213595499958
119, 2, 370, 321, 371, 319, -1, 2, 2.0344439357957027, 2.23606797749979
119, 3, 807, 520, 806, 524, 1, -4, -1.3258176636680326, 4.123105625617661
119, 4, 60, 664, 61, 660, -1, 4, 1.8157749899217608, 4.123105625617661
119, 5, 494, 519, 494, 523, 0, -4, -1.5707963267948966, 4.0
119, 6, 483, 88, 483, 92, 0, -4, -1.5707963267948966, 4.0
119, 7, 1105, 252, 1106, 255, -1, -3, -1.892546881191539, 3.1622776601683795
119, 8, 1218, 263, 1217, 260, 1, 3, 1.2490457723982544, 3.1622776601683795
119, 9, 1097, 205, 1099, 208, -2, -3, -2.158798930342464, 3.605551275463989
119, 10, 684, 420, 683, 425, 1, -5, -1.373400766945016, 5.0990195135927845
119, 11, 1174, 594, 1174, 590, 0, 4, 1.5707963267948966, 4.0
119, 12, 1166, 626, 1164, 623, 2, 3, 0.982793723247329, 3.605551275463989
119, 15, 465, 603, 462, 607, 3, -4, -0.9272952180016122, 5.0
119, 16, 824, 467, 825, 472, -1, -5, -1.7681918866447774, 5.0990195135927845
119, 17, 462, 569, 461, 573, 1, -4, -1.3258176636680326, 4.123105625617661
119, 19, 865, 38, 867, 39, -2, -1, -2.677945044588987, 2.23606797749979
119, 20, 814, 516, 814, 519, 0, -3, -1.5707963267948966, 3.0
119, 21, 383, 375, 384, 373, -1, 2, 2.0344439357957027, 2.23606797749979
119, 22, 110, 701, 113, 701, -3, 0, 3.141592653589793, 3.0
119, 23, 476, 515, 476, 520, 0, -5, -1.5707963267948966, 5.0
119, 24, 1092, 192, 1093, 195, -1, -3, -1.892546881191539, 3.1622776601683795
119, 25, 690, 470, 690, 474, 0, -4, -1.5707963267948966, 4.0
119, 26, 1256, 201, 1256, 199, 0, 2, 1.5707963267948966, 2.0
119, 27, 698, 419, 697, 424, 1, -5, -1.373400766945016, 5.0990195135927845
119, 28, 1162, 631, 1161, 630, 1, 1, 0.7853981633974483, 1.4142135623730951
119, 29, 1259, 205, 1259, 203, 0, 2, 1.5707963267948966, 2.0
119, 30, 489, 78, 489, 80, 0, -2, -1.5707963267948966, 2.0
119, 31, 1187, 657, 1184, 655, 3, 2, 0.5880026035475675, 3.605551275463989
119, 32, 454, 598, 452, 602, 2, -4, -1.1071487177940904, 4.47213595499958
119, 35, 491, 97, 491, 101, 0, -4, -1.5707963267948966, 4.0
119, 36, 770, 161, 769, 160, 1, 1, 0.7853981633974483, 1.4142135623730951
119, 38, 663, 673, 663, 669, 0, 4, 1.5707963267948966, 4.0
119, 39, 663, 212, 664, 211, -1, 1, 2.356194490192345, 1.4142135623730951
119, 40, 69, 700, 71, 701, -2, -1, -2.677945044588987, 2.23606797749979
119, 41, 766, 168, 765, 167, 1, 1, 0.7853981633974483, 1.4142135623730951
119, 43, 211, 81, 210, 82, 1, -1, -0.7853981633974483, 1.4142135623730951
119, 44, 463, 152, 463, 155, 0, -3, -1.5707963267948966, 3.0
119, 46, 628, 395, 628, 392, 0, 3, 1.5707963267948966, 3.0
119, 47, 1261, 333, 1261, 331, 0, 2, 1.5707963267948966, 2.0
119, 48, 652, 701, 653, 697, -1, 4, 1.8157749899217608, 4.123105625617661
119, 49, 485, 244, 486, 246, -1, -2, -2.0344439357957027, 2.23606797749979
119, 50, 477, 604, 475, 609, 2, -5, -1.1902899496825317, 5.385164807134504
119, 51, 357, 408, 359, 406, -2, 2, 2.356194490192345, 2.8284271247461903
119, 52, 705, 329, 706, 331, -1, -2, -2.0344439357957027, 2.23606797749979
119, 53, 470, 138, 470, 141, 0, -3, -1.5707963267948966, 3.0
119, 54, 671, 229, 672, 228, -1, 1, 2.356194490192345, 1.4142135623730951
119, 55, 674, 665, 675, 660, -1, 5, 1.7681918866447774, 5.0990195135927845
119, 56, 1192, 55, 1190, 55, 2, 0, 0.0, 2.0
119, 57, 182, 88, 179, 89, 3, -1, -0.3217505543966422, 3.1622776601683795
119, 58, 179, 70, 177, 71, 2, -1, -0.4636476090008061, 2.23606797749979
119, 59, 1217, 224, 1216, 220, 1, 4, 1.3258176636680326, 4.123105625617661
119, 60, 54, 440, 53, 438, 1, 2, 1.1071487177940904, 2.23606797749979
119, 61, 1068, 245, 1070, 248, -2, -3, -2.158798930342464, 3.605551275463989
119, 62, 1146, 105, 1145, 104, 1, 1, 0.7853981633974483, 1.4142135623730951
119, 63, 693, 428, 692, 433, 1, -5, -1.373400766945016, 5.0990195135927845
119, 64, 620, 293, 620, 290, 0, 3, 1.5707963267948966, 3.0
119, 65, 1165, 662, 1164, 659, 1, 3, 1.2490457723982544, 3.1622776601683795
119, 67, 736, 292, 737, 296, -1, -4, -1.8157749899217608, 4.123105625617661
119, 68, 66, 435, 65, 433, 1, 2, 1.1071487177940904, 2.23606797749979
119, 69, 468, 611, 465, 616, 3, -5, -1.0303768265243125, 5.830951894845301
119, 70, 620, 105, 621, 104, -1, 1, 2.356194490192345, 1.4142135623730951
119, 71, 196, 67, 193, 67, 3, 0, 0.0, 3.0
119, 73, 686, 26, 685, 27, 1, -1, -0.7853981633974483, 1.4142135623730951
119, 74, 794, 135, 794, 137, 0, -2, -1.5707963267948966, 2.0
119, 76, 803, 181, 804, 184, -1, -3, -1.892546881191539, 3.1622776601683795
119, 78, 53, 491, 52, 488, 1, 3, 1.2490457723982544, 3.1622776601683795
119, 79, 1086, 206, 1087, 209, -1, -3, -1.892546881191539, 3.1622776601683795
119, 80, 357, 423, 360, 421, -3, 2, 2.5535900500422257, 3.605551275463989
119, 81, 1162, 59, 1160, 59, 2, 0, 0.0, 2.0
119, 82, 605, 344, 605, 342, 0, 2, 1.5707963267948966, 2.0
119, 83, 576, 41, 576, 43, 0, -2, -1.5707963267948966, 2.0
119, 84, 698, 401, 697, 406, 1, -5, -1.373400766945016, 5.0990195135927845
119, 85, 370, 370, 371, 368, -1, 2, 2.0344439357957027, 2.23606797749979
119, 86, 1261, 236, 1261, 234, 0, 2, 1.5707963267948966, 2.0
119, 88, 180, 29, 179, 30, 1, -1, -0.7853981633974483, 1.4142135623730951
119, 89, 828, 575, 828, 577, 0, -2, -1.5707963267948966, 2.0
119, 90, 1199, 318, 1201, 316, -2, 2, 2.356194490192345, 2.8284271247461903
119, 91, 1080, 274, 1082, 278, -2, -4, -2.0344439357957027, 4.47213595499958
119, 92, 385, 291, 386, 290, -1, 1, 2.356194490192345, 1.4142135623730951
119, 94, 477, 124, 478, 128, -1, -4, -1.8157749899217608, 4.123105625617661
119, 96, 374, 284, 375, 283, -1, 1, 2.356194490192345, 1.4142135623730951
119, 97, 755, 225, 754, 223, 1, 2, 1.1071487177940904, 2.23606797749979
119, 98, 1214, 655, 1212, 655, 2, 0, 0.0, 2.0
119, 99, 742, 325, 743, 329, -1, -4, -1.8157749899217608, 4.123105625617661
119, 101, 1158, 191, 1157, 190, 1, 1, 0.7853981633974483, 1.4142135623730951
119, 102, 828, 531, 828, 535, 0, -4, -1.5707963267948966, 4.0
119, 103, 54, 483, 52, 480, 2, 3, 0.982793723247329, 3.605551275463989
119, 104, 481, 98, 481, 102, 0, -4, -1.5707963267948966, 4.0
119, 105, 692, 417, 691, 422, 1, -5, -1.373400766945016, 5.0990195135927845
119, 106, 665, 220, 666, 219, -1, 1, 2.356194490192345, 1.4142135623730951
119, 107, 814, 475, 815, 479, -1, -4, -1.8157749899217608, 4.123105625617661
119, 108, 520, 580, 519, 582, 1, -2, -1.1071487177940904, 2.23606797749979
119, 109, 54, 430, 53, 427, 1, 3, 1.2490457723982544, 3.1622776601683795
119, 110, 630, 107, 631, 106, -1, 1, 2.356194490192345, 1.4142135623730951
119, 111, 1257, 344, 1255, 342, 2, 2, 0.7853981633974483, 2.8284271247461903
119, 112, 499, 181, 500, 183, -1, -2, -2.0344439357957027, 2.23606797749979
119, 113, 801, 145, 802, 147, -1, -2, -2.0344439357957027, 2.23606797749979
119, 114, 404, 319, 405, 317, -1, 2, 2.0344439357957027, 2.23606797749979
119, 116, 1215, 217, 1214, 213, 1, 4, 1.3258176636680326, 4.123105625617661
119, 122, 484, 154, 484, 157, 0, -3, -1.5707963267948966, 3.0
119, 124, 1206, 222, 1205, 219, 1, 3, 1.2490457723982544, 3.1622776601683795
119, 125, 642, 334, 642, 331, 0, 3, 1.5707963267948966, 3.0
119, 127, 1197, 271, 1196, 268, 1, 3, 1.2490457723982544, 3.1622776601683795
119, 128, 476, 150, 476, 153, 0, -3, -1.5707963267948966, 3.0
119, 129, 836, 444, 837, 450, -1, -6, -1.7359450042095235, 6.082762530298219
119, 130, 468, 522, 467, 527, 1, -5, -1.373400766945016, 5.0990195135927845
119, 131, 856, 498, 856, 503, 0, -5, -1.5707963267948966, 5.0
119, 132, 1224, 259, 1224, 256, 0, 3, 1.5707963267948966, 3.0
119, 133, 377, 368, 378, 366, -1, 2, 2.0344439357957027, 2.23606797749979
119, 134, 102, 701, 104, 701, -2, 0, 3.141592653589793, 2.0
119, 135, 96, 472, 95, 470, 1, 2, 1.1071487177940904, 2.23606797749979
119, 136, 762, 13, 763, 15, -1, -2, -2.0344439357957027, 2.23606797749979
119, 137, 655, 220, 656, 219, -1, 1, 2.356194490192345, 1.4142135623730951
119, 138, 677, 30, 676, 31, 1, -1, -0.7853981633974483, 1.4142135623730951
120, 0, 827, 469, 828, 473, -1, -4, -1.8157749899217608, 4.123105625617661
120, 1, 683, 675, 685, 671, -2, 4, 2.0344439357957027, 4.47213595499958
120, 2, 395, 374, 396, 373, -1, 1, 2.356194490192345, 1.4142135623730951
120, 3, 840, 470, 841, 474, -1, -4, -1.8157749899217608, 4.123105625617661
120, 4, 495, 520, 495, 524, 0, -4, -1.5707963267948966, 4.0
120, 8, 807, 185, 808, 188, -1, -3, -1.892546881191539, 3.1622776601683795
120, 9, 1256, 198, 1257, 196, -1, 2, 2.0344439357957027, 2.23606797749979
120, 10, 486, 95, 487, 99, -1, -4, -1.8157749899217608, 4.123105625617661
120, 11, 516, 546, 518, 551, -2, -5, -1.9513027039072615, 5.385164807134504
120, 12, 655, 284, 656, 282, -1, 2, 2.0344439357957027, 2.23606797749979
120, 13, 686, 424, 685, 429, 1, -5, -1.373400766945016, 5.0990195135927845
120, 14, 506, 545, 507, 551, -1, -6, -1.7359450042095235, 6.082762530298219
120, 15, 1217, 262, 1217, 259, 0, 3, 1.5707963267948966, 3.0
120, 16, 56, 677, 58, 673, -2, 4, 2.0344439357957027, 4.47213595499958
120, 17, 391, 443, 393, 439, -2, 4, 2.0344439357957027, 4.47213595499958
120, 18, 773, 168, 774, 167, -1, 1, 2.356194490192345, 1.4142135623730951
120, 19, 1107, 261, 1109, 263, -2, -2, -2.356194490192345, 2.8284271247461903
120, 20, 464, 597, 462, 601, 2, -4, -1.1071487177940904, 4.47213595499958
120, 21, 479, 519, 480, 524, -1, -5, -1.7681918866447774, 5.0990195135927845
120, 22, 814, 27, 816, 27, -2, 0, 3.141592653589793, 2.0
120, 24, 763, 19, 764, 21, -1, -2, -2.0344439357957027, 2.23606797749979
120, 25, 484, 10, 485, 13, -1, -3, -1.892546881191539, 3.1622776601683795
120, 26, 465, 159, 466, 161, -1, -2, -2.0344439357957027, 2.23606797749979
120, 27, 1191, 660, 1189, 657, 2, 3, 0.982793723247329, 3.605551275463989
120, 28, 1070, 243, 1073, 246, -3, -3, -2.356194490192345, 4.242640687119285
120, 30, 654, 701, 655, 697, -1, 4, 1.8157749899217608, 4.123105625617661
120, 31, 827, 26, 829, 27, -2, -1, -2.677945044588987, 2.23606797749979
120, 32, 1101, 212, 1103, 215, -2, -3, -2.158798930342464, 3.605551275463989
120, 33, 767, 161, 767, 159, 0, 2, 1.5707963267948966, 2.0
120, 34, 700, 427, 700, 432, 0, -5, -1.5707963267948966, 5.0
120, 35, 870, 38, 873, 39, -3, -1, -2.819842099193151, 3.1622776601683795
120, 37, 501, 588, 502, 592, -1, -4, -1.8157749899217608, 4.123105625617661
120, 38, 387, 347, 389, 344, -2, 3, 2.158798930342464, 3.605551275463989
120, 40, 762, 167, 762, 165, 0, 2, 1.5707963267948966, 2.0
120, 41, 1198, 701, 1195, 704, 3, -3, -0.7853981633974483, 4.242640687119285
120, 43, 494, 104, 495, 107, -1, -3, -1.892546881191539, 3.1622776601683795
120, 44, 676, 229, 678, 227, -2, 2, 2.356194490192345, 2.8284271247461903
120, 45, 478, 243, 479, 245, -1, -2, -2.0344439357957027, 2.23606797749979
120, 46, 660, 676, 661, 672, -1, 4, 1.8157749899217608, 4.123105625617661
120, 47, 676, 465, 676, 469, 0, -4, -1.5707963267948966, 4.0
120, 48, 1261, 203, 1264, 201, -3, 2, 2.5535900500422257, 3.605551275463989
120, 49, 667, 212, 669, 210, -2, 2, 2.356194490192345, 2.8284271247461903
120, 50, 1094, 198, 1096, 201, -2, -3, -2.158798930342464, 3.605551275463989
120, 53, 456, 590, 455, 595, 1, -5, -1.373400766945016, 5.0990195135927845
120, 54, 385, 373, 386, 371, -1, 2, 2.0344439357957027, 2.23606797749979
120, 55, 795, 143, 796, 145, -1, -2, -2.0344439357957027, 2.23606797749979
120, 56, 578, 41, 578, 43, 0, -2, -1.5707963267948966, 2.0
120, 59, 807, 165, 809, 167, -2, -2, -2.356194490192345, 2.8284271247461903
120, 60, 53, 442, 52, 439, 1, 3, 1.2490457723982544, 3.1622776601683795
120, 61, 692, 434, 692, 439, 0, -5, -1.5707963267948966, 5.0
120, 63, 707, 334, 708, 337, -1, -3, -1.892546881191539, 3.1622776601683795
120, 64, 827, 581, 827, 584, 0, -3, -1.5707963267948966, 3.0
120, 65, 1173, 150, 1174, 149, -1, 1, 2.356194490192345, 1.4142135623730951
120, 66, 189, 73, 185, 73, 4, 0, 0.0, 4.0
120, 68, 478, 157, 479, 159, -1, -2, -2.0344439357957027, 2.23606797749979
120, 69, 692, 701, 695, 705, -3, -4, -2.214297435588181, 5.0
120, 71, 180, 86, 178, 86, 2, 0, 0.0, 2.0
120, 72, 373, 319, 375, 317, -2, 2, 2.356194490192345, 2.8284271247461903
120, 73, 1180, 599, 1181, 595, -1, 4, 1.8157749899217608, 4.123105625617661
120, 74, 462, 571, 461, 576, 1, -5, -1.373400766945016, 5.0990195135927845
120, 75, 59, 493, 59, 491, 0, 2, 1.5707963267948966, 2.0
120, 77, 472, 147, 473, 149, -1, -2, -2.0344439357957027, 2.23606797749979
120, 79, 622, 290, 622, 287, 0, 3, 1.5707963267948966, 3.0
120, 81, 1218, 222, 1217, 219, 1, 3, 1.2490457723982544, 3.1622776601683795
120, 84, 866, 29, 868, 30, -2, -1, -2.677945044588987, 2.23606797749979
120, 85, 406, 316, 407, 315, -1, 1, 2.356194490192345, 1.4142135623730951
120, 86, 195, 77, 194, 76, 1, 1, 0.7853981633974483, 1.4142135623730951
120, 87, 738, 300, 740, 304, -2, -4, -2.0344439357957027, 4.47213595499958
120, 89, 149, 701, 151, 710, -2, -9, -1.7894652726688385, 9.219544457292887
120, 90, 676, 666, 678, 662, -2, 4, 2.0344439357957027, 4.47213595499958
120, 92, 1261, 338, 1261, 336, 0, 2, 1.5707963267948966, 2.0
120, 94, 1226, 256, 1226, 253, 0, 3, 1.5707963267948966, 3.0
120, 95, 697, 409, 697, 414, 0, -5, -1.5707963267948966, 5.0
120, 96, 816, 477, 817, 482, -1, -5, -1.7681918866447774, 5.0990195135927845
120, 97, 68, 433, 67, 431, 1, 2, 1.1071487177940904, 2.23606797749979
120, 98, 480, 129, 481, 133, -1, -4, -1.8157749899217608, 4.123105625617661
120, 99, 1098, 251, 1101, 254, -3, -3, -2.356194490192345, 4.242640687119285
120, 101, 92, 505, 90, 503, 2, 2, 0.7853981633974483, 2.8284271247461903
120, 103, 661, 311, 662, 310, -1, 1, 2.356194490192345, 1.4142135623730951
120, 104, 836, 40, 838, 41, -2, -1, -2.677945044588987, 2.23606797749979
120, 107, 1162, 110, 1160, 109, 2, 1, 0.4636476090008061, 2.23606797749979
120, 109, 1158, 192, 1157, 191, 1, 1, 0.7853981633974483, 1.4142135623730951
120, 110, 646, 332, 646, 328, 0, 4, 1.5707963267948966, 4.0
120, 111, 685, 520, 686, 524, -1, -4, -1.8157749899217608, 4.123105625617661
120, 112, 401, 448, 403, 444, -2, 4, 2.0344439357957027, 4.47213595499958
120, 113, 672, 223, 674, 221, -2, 2, 2.356194490192345, 2.8284271247461903
120, 114, 389, 291, 391, 289, -2, 2, 2.356194490192345, 2.8284271247461903
120, 115, 372, 368, 374, 366, -2, 2, 2.356194490192345, 2.8284271247461903
120, 116, 1216, 213, 1215, 210, 1, 3, 1.2490457723982544, 3.1622776601683795
120, 118, 1090, 212, 1092, 215, -2, -3, -2.158798930342464, 3.605551275463989
120, 119, 493, 178, 494, 180, -1, -2, -2.0344439357957027, 2.23606797749979
120, 121, 1261, 333, 1266, 331, -5, 2, 2.761086276477428, 5.385164807134504
120, 123, 1198, 270, 1198, 267, 0, 3, 1.5707963267948966, 3.0
120, 124, 1255, 364, 1254, 365, 1, -1, -0.7853981633974483, 1.4142135623730951
120, 126, 483, 104, 484, 108, -1, -4, -1.8157749899217608, 4.123105625617661
120, 129, 479, 611, 478, 616, 1, -5, -1.373400766945016, 5.0990195135927845
120, 130, 830, 45, 832, 46, -2, -1, -2.677945044588987, 2.23606797749979
120, 131, 1168, 653, 1167, 649, 1, 4, 1.3258176636680326, 4.123105625617661
120, 132, 693, 422, 693, 427, 0, -5, -1.5707963267948966, 5.0
120, 135, 1076, 238, 1079, 241, -3, -3, -2.356194490192345, 4.242640687119285
120, 136, 1181, 114, 1182, 113, -1, 1, 2.356194490192345, 1.4142135623730951
120, 138, 362, 423, 365, 421, -3, 2, 2.5535900500422257, 3.605551275463989
120, 139, 376, 281, 378, 280, -2, 1, 2.677945044588987, 2.23606797749979
120, 140, 1261, 368, 1260, 369, 1, -1, -0.7853981633974483, 1.4142135623730951
120, 141, 1168, 106, 1167, 105, 1, 1, 0.7853981633974483, 1.4142135623730951
120, 142, 1171, 640, 1170, 638, 1, 2, 1.1071487177940904, 2.23606797749979
120, 143, 1180, 139, 1181, 138, -1, 1, 2.356194490192345, 1.4142135623730951
120, 144, 500, 172, 501, 174, -1, -2, -2.0344439357957027, 2.23606797749979
120, 145, 381, 366, 382, 364, -1, 2, 2.0344439357957027, 2.23606797749979
120, 146, 632, 105, 633, 104, -1, 1, 2.356194490192345, 1.4142135623730951
120, 147, 809, 527, 809, 531, 0, -4, -1.5707963267948966, 4.0
120, 148, 671, 304, 673, 300, -2, 4, 2.0344439357957027, 4.47213595499958
120, 150, 606, 344, 607, 341, -1, 3, 1.892546881191539, 3.1622776601683795
120, 151, 99, 483, 98, 481, 1, 2, 1.1071487177940904, 2.23606797749979
120, 152, 471, 610, 469, 614, 2, -4, -1.1071487177940904, 4.47213595499958
120, 154, 491, 75, 492, 77, -1, -2, -2.0344439357957027, 2.23606797749979
120, 155, 818, 524, 818, 528, 0, -4, -1.5707963267948966, 4.0
120, 156, 48, 687, 50, 683, -2, 4, 2.0344439357957027, 4.47213595499958
121, 0, 827, 464, 827, 469, 0, -5, -1.5707963267948966, 5.0
121, 1, 681, 679, 683, 675, -2, 4, 2.0344439357957027, 4.47213595499958
121, 2, 394, 376, 395, 374, -1, 2, 2.0344439357957027, 2.23606797749979
121, 3, 840, 465, 840, 470, 0, -5, -1.5707963267948966, 5.0
121, 4, 495, 515, 495, 520, 0, -5, -1.5707963267948966, 5.0
121, 8, 1256, 200, 1256, 198, 0, 2, 1.5707963267948966, 2.0
121, 9, 485, 93, 486, 95, -1, -2, -2.0344439357957027, 2.23606797749979
121, 10, 515, 541, 516, 546, -1, -5, -1.7681918866447774, 5.0990195135927845
121, 11, 654, 287, 655, 284, -1, 3, 1.892546881191539, 3.1622776601683795
121, 12, 687, 419, 686, 424, 1, -5, -1.373400766945016, 5.0990195135927845
121, 13, 506, 540, 506, 545, 0, -5, -1.5707963267948966, 5.0
121, 14, 1218, 265, 1217, 262, 1, 3, 1.2490457723982544, 3.1622776601683795
121, 15, 55, 681, 56, 677, -1, 4, 1.8157749899217608, 4.123105625617661
121, 16, 390, 446, 391, 443, -1, 3, 1.892546881191539, 3.1622776601683795
121, 17, 772, 171, 773, 168, -1, 3, 1.892546881191539, 3.1622776601683795
121, 18, 1105, 258, 1107, 261, -2, -3, -2.158798930342464, 3.605551275463989
121, 19, 466, 592, 464, 597, 2, -5, -1.1902899496825317, 5.385164807134504
121, 20, 479, 515, 479, 519, 0, -4, -1.5707963267948966, 4.0
121, 24, 1192, 664, 1191, 660, 1, 4, 1.3258176636680326, 4.123105625617661
121, 25, 1068, 241, 1070, 243, -2, -2, -2.356194490192345, 2.8284271247461903
121, 26, 624, 69, 625, 68, -1, 1, 2.356194490192345, 1.4142135623730951
121, 29, 1099, 210, 1101, 212, -2, -2, -2.356194490192345, 2.8284271247461903
121, 30, 767, 164, 767, 161, 0, 3, 1.5707963267948966, 3.0
121, 31, 700, 422, 700, 427, 0, -5, -1.5707963267948966, 5.0
121, 32, 868, 38, 870, 38, -2, 0, 3.141592653589793, 2.0
121, 34, 501, 585, 501, 588, 0, -3, -1.5707963267948966, 3.0
121, 35, 385, 350, 387, 347, -2, 3, 2.158798930342464, 3.605551275463989
121, 37, 762, 171, 762, 167, 0, 4, 1.5707963267948966, 4.0
121, 38, 1203, 700, 1198, 701, 5, -1, -0.19739555984988075, 5.0990195135927845
121, 39, 777, 174, 778, 172, -1, 2, 2.0344439357957027, 2.23606797749979
121, 40, 493, 102, 494, 104, -1, -2, -2.0344439357957027, 2.23606797749979
121, 41, 675, 232, 676, 229, -1, 3, 1.892546881191539, 3.1622776601683795
121, 43, 660, 680, 660, 676, 0, 4, 1.5707963267948966, 4.0
121, 44, 676, 460, 676, 465, 0, -5, -1.5707963267948966, 5.0
121, 45, 1261, 205, 1261, 203, 0, 2, 1.5707963267948966, 2.0
121, 46, 666, 216, 667, 212, -1, 4, 1.8157749899217608, 4.123105625617661
121, 47, 1093, 195, 1094, 198, -1, -3, -1.892546881191539, 3.1622776601683795
121, 50, 457, 585, 456, 590, 1, -5, -1.373400766945016, 5.0990195135927845
121, 51, 384, 376, 385, 373, -1, 3, 1.892546881191539, 3.1622776601683795
121, 55, 805, 164, 807, 165, -2, -1, -2.677945044588987, 2.23606797749979
121, 56, 54, 445, 53, 442, 1, 3, 1.2490457723982544, 3.1622776601683795
121, 57, 693, 429, 692, 434, 1, -5, -1.373400766945016, 5.0990195135927845
121, 59, 706, 332, 707, 334, -1, -2, -2.0344439357957027, 2.23606797749979
121, 60, 827, 578, 827, 581, 0, -3, -1.5707963267948966, 3.0
121, 61, 1173, 152, 1173, 150, 0, 2, 1.5707963267948966, 2.0
121, 62, 192, 74, 189, 73, 3, 1, 0.3217505543966422, 3.1622776601683795
121, 63, 768, 237, 768, 235, 0, 2, 1.5707963267948966, 2.0
121, 65, 690, 701, 692, 701, -2, 0, 3.141592653589793, 2.0
121, 66, 381, 466, 382, 465, -1, 1, 2.356194490192345, 1.4142135623730951
121, 67, 182, 87, 180, 86, 2, 1, 0.4636476090008061, 2.23606797749979
121, 68, 372, 321, 373, 319, -1, 2, 2.0344439357957027, 2.23606797749979
121, 69, 1179, 603, 1180, 599, -1, 4, 1.8157749899217608, 4.123105625617661
121, 70, 463, 567, 462, 571, 1, -4, -1.3258176636680326, 4.123105625617661
121, 71, 59, 496, 59, 493, 0, 3, 1.5707963267948966, 3.0
121, 72, 1188, 57, 1187, 56, 1, 1, 0.7853981633974483, 1.4142135623730951
121, 74, 1149, 70, 1148, 69, 1, 1, 0.7853981633974483, 1.4142135623730951
121, 75, 622, 293, 622, 290, 0, 3, 1.5707963267948966, 3.0
121, 76, 623, 153, 624, 152, -1, 1, 2.356194490192345, 1.4142135623730951
121, 77, 1219, 225, 1218, 222, 1, 3, 1.2490457723982544, 3.1622776601683795
121, 79, 82, 149, 83, 148, -1, 1, 2.356194490192345, 1.4142135623730951
121, 80, 864, 29, 866, 29, -2, 0, 3.141592653589793, 2.0
121, 81, 405, 319, 406, 316, -1, 3, 1.892546881191539, 3.1622776601683795
121, 82, 196, 79, 195, 77, 1, 2, 1.1071487177940904, 2.23606797749979
121, 83, 737, 296, 738, 300, -1, -4, -1.8157749899217608, 4.123105625617661
121, 86, 675, 670, 676, 666, -1, 4, 1.8157749899217608, 4.123105625617661
121, 88, 1261, 341, 1261, 338, 0, 3, 1.5707963267948966, 3.0
121, 90, 1226, 259, 1226, 256, 0, 3, 1.5707963267948966, 3.0
121, 91, 698, 404, 697, 409, 1, -5, -1.373400766945016, 5.0990195135927845
121, 92, 816, 472, 816, 477, 0, -5, -1.5707963267948966, 5.0
121, 93, 69, 436, 68, 433, 1, 3, 1.2490457723982544, 3.1622776601683795
121, 94, 479, 127, 480, 129, -1, -2, -2.0344439357957027, 2.23606797749979
121, 95, 1096, 248, 1098, 251, -2, -3, -2.158798930342464, 3.605551275463989
121, 97, 95, 507, 92, 505, 3, 2, 0.5880026035475675, 3.605551275463989
121, 98, 1161, 61, 1160, 60, 1, 1, 0.7853981633974483, 1.4142135623730951
121, 99, 660, 312, 661, 311, -1, 1, 2.356194490192345, 1.4142135623730951
121, 100, 834, 40, 836, 40, -2, 0, 3.141592653589793, 2.0
121, 103, 1163, 112, 1162, 110, 1, 2, 1.1071487177940904, 2.23606797749979
121, 105, 1158, 194, 1158, 192, 0, 2, 1.5707963267948966, 2.0
121, 106, 646, 336, 646, 332, 0, 4, 1.5707963267948966, 4.0
121, 107, 684, 515, 685, 520, -1, -5, -1.7681918866447774, 5.0990195135927845
121, 108, 400, 452, 401, 448, -1, 4, 1.8157749899217608, 4.123105625617661
121, 109, 671, 226, 672, 223, -1, 3, 1.892546881191539, 3.1622776601683795
121, 110, 387, 293, 389, 291, -2, 2, 2.356194490192345, 2.8284271247461903
121, 111, 371, 372, 372, 368, -1, 4, 1.8157749899217608, 4.123105625617661
121, 112, 1217, 216, 1216, 213, 1, 3, 1.2490457723982544, 3.1622776601683795
121, 114, 1089, 209, 1090, 212, -1, -3, -1.892546881191539, 3.1622776601683795
121, 116, 1261, 336, 1261, 333, 0, 3, 1.5707963267948966, 3.0
121, 117, 856, 21, 858, 21, -2, 0, 3.141592653589793, 2.0
121, 118, 1198, 273, 1198, 270, 0, 3, 1.5707963267948966, 3.0
121, 120, 1157, 102, 1156, 101, 1, 1, 0.7853981633974483, 1.4142135623730951
121, 121, 482, 102, 483, 104, -1, -2, -2.0344439357957027, 2.23606797749979
121, 122, 152, 25, 153, 24, -1, 1, 2.356194490192345, 1.4142135623730951
121, 124, 480, 606, 479, 611, 1, -5, -1.373400766945016, 5.0990195135927845
121, 125, 828, 45, 830, 45, -2, 0, 3.141592653589793, 2.0
121, 126, 1169, 656, 1168, 653, 1, 3, 1.2490457723982544, 3.1622776601683795
121, 127, 694, 417, 693, 422, 1, -5, -1.373400766945016, 5.0990195135927845
121, 130, 1074, 236, 1076, 238, -2, -2, -2.356194490192345, 2.8284271247461903
121, 131, 1181, 116, 1181, 114, 0, 2, 1.5707963267948966, 2.0
121, 132, 274, 317, 275, 316, -1, 1, 2.356194490192345, 1.4142135623730951
121, 133, 360, 426, 362, 423, -2, 3, 2.158798930342464, 3.605551275463989
121, 134, 374, 283, 376, 281, -2, 2, 2.356194490192345, 2.8284271247461903
121, 136, 1169, 107, 1168, 106, 1, 1, 0.7853981633974483, 1.4142135623730951
121, 137, 1172, 641, 1171, 640, 1, 1, 0.7853981633974483, 1.4142135623730951
121, 138, 1180, 141, 1180, 139, 0, 2, 1.5707963267948966, 2.0
121, 139, 380, 370, 381, 366, -1, 4, 1.8157749899217608, 4.123105625617661
121, 140, 631, 107, 632, 105, -1, 2, 2.0344439357957027, 2.23606797749979
121, 141, 809, 523, 809, 527, 0, -4, -1.5707963267948966, 4.0
121, 142, 670, 306, 671, 304, -1, 2, 2.0344439357957027, 2.23606797749979
121, 144, 606, 347, 606, 344, 0, 3, 1.5707963267948966, 3.0
121, 145, 100, 485, 99, 483, 1, 2, 1.1071487177940904, 2.23606797749979
121, 146, 473, 605, 471, 610, 2, -5, -1.1902899496825317, 5.385164807134504
121, 148, 819, 520, 818, 524, 1, -4, -1.3258176636680326, 4.123105625617661
121, 149, 47, 691, 48, 687, -1, 4, 1.8157749899217608, 4.123105625617661
122, 0, 826, 461, 827, 464, -1, -3, -1.892546881191539, 3.1622776601683795
122, 1, 678, 682, 681, 679, -3, 3, 2.356194490192345, 4.242640687119285
122, 2, 393, 377, 394, 376, -1, 1, 2.356194490192345, 1.4142135623730951
122, 3, 840, 462, 840, 465, 0, -3, -1.5707963267948966, 3.0
122, 4, 495, 511, 495, 515, 0, -4, -1.5707963267948966, 4.0
122, 5, 589, 38, 589, 40, 0, -2, -1.5707963267948966, 2.0
122, 6, 275, 323, 276, 325, -1, -2, -2.0344439357957027, 2.23606797749979
122, 8, 1257, 202, 1256, 200, 1, 2, 1.1071487177940904, 2.23606797749979
122, 9, 485, 88, 485, 93, 0, -5, -1.5707963267948966, 5.0
122, 10, 514, 536, 515, 541, -1, -5, -1.7681918866447774, 5.0990195135927845
122, 11, 653, 290, 654, 287, -1, 3, 1.892546881191539, 3.1622776601683795
122, 12, 688, 415, 687, 419, 1, -4, -1.3258176636680326, 4.123105625617661
122, 13, 506, 535, 506, 540, 0, -5, -1.5707963267948966, 5.0
122, 14, 1221, 268, 1218, 265, 3, 3, 0.7853981633974483, 4.242640687119285
122, 15, 54, 684, 55, 681, -1, 3, 1.892546881191539, 3.1622776601683795
122, 16, 389, 448, 390, 446, -1, 2, 2.0344439357957027, 2.23606797749979
122, 17, 771, 174, 772, 171, -1, 3, 1.892546881191539, 3.1622776601683795
122, 18, 1101, 255, 1105, 258, -4, -3, -2.498091544796509, 5.0
122, 19, 468, 587, 466, 592, 2, -5, -1.1902899496825317, 5.385164807134504
122, 20, 478, 511, 479, 515, -1, -4, -1.8157749899217608, 4.123105625617661
122, 21, 812, 25, 813, 27, -1, -2, -2.0344439357957027, 2.23606797749979
122, 22, 299, 362, 300, 364, -1, -2, -2.0344439357957027, 2.23606797749979
122, 23, 465, 154, 465, 158, 0, -4, -1.5707963267948966, 4.0
122, 24, 1191, 669, 1192, 664, -1, 5, 1.7681918866447774, 5.0990195135927845
122, 25, 1064, 237, 1068, 241, -4, -4, -2.356194490192345, 5.656854249492381
122, 28, 824, 24, 826, 26, -2, -2, -2.356194490192345, 2.8284271247461903
122, 29, 1097, 205, 1099, 210, -2, -5, -1.9513027039072615, 5.385164807134504
122, 30, 767, 168, 767, 164, 0, 4, 1.5707963267948966, 4.0
122, 31, 699, 419, 700, 422, -1, -3, -1.892546881191539, 3.1622776601683795
122, 32, 865, 36, 868, 38, -3, -2, -2.5535900500422257, 3.605551275463989
122, 33, 582, 28, 582, 31, 0, -3, -1.5707963267948966, 3.0
122, 34, 500, 581, 501, 585, -1, -4, -1.8157749899217608, 4.123105625617661
122, 35, 383, 352, 385, 350, -2, 2, 2.356194490192345, 2.8284271247461903
122, 37, 763, 174, 762, 171, 1, 3, 1.2490457723982544, 3.1622776601683795
122, 38, 1207, 701, 1203, 700, 4, 1, 0.24497866312686414, 4.123105625617661
122, 39, 776, 175, 777, 174, -1, 1, 2.356194490192345, 1.4142135623730951
122, 40, 493, 97, 493, 102, 0, -5, -1.5707963267948966, 5.0
122, 41, 673, 236, 675, 232, -2, 4, 2.0344439357957027, 4.47213595499958
122, 42, 476, 240, 477, 243, -1, -3, -1.892546881191539, 3.1622776601683795
122, 43, 660, 684, 660, 680, 0, 4, 1.5707963267948966, 4.0
122, 44, 676, 456, 676, 460, 0, -4, -1.5707963267948966, 4.0
122, 45, 1261, 207, 1261, 205, 0, 2, 1.5707963267948966, 2.0
122, 46, 664, 220, 666, 216, -2, 4, 2.0344439357957027, 4.47213595499958
122, 47, 1091, 190, 1093, 195, -2, -5, -1.9513027039072615, 5.385164807134504
122, 48, 316, 394, 316, 396, 0, -2, -1.5707963267948966, 2.0
122, 49, 457, 580, 457, 585, 0, -5, -1.5707963267948966, 5.0
122, 50, 383, 379, 384, 376, -1, 3, 1.892546881191539, 3.1622776601683795
122, 51, 578, 38, 578, 41, 0, -3, -1.5707963267948966, 3.0
122, 53, 548, 98, 548, 100, 0, -2, -1.5707963267948966, 2.0
122, 54, 803, 160, 805, 164, -2, -4, -2.0344439357957027, 4.47213595499958
122, 55, 57, 447, 54, 445, 3, 2, 0.5880026035475675, 3.605551275463989
122, 56, 693, 425, 693, 429, 0, -4, -1.5707963267948966, 4.0
122, 57, 256, 369, 256, 371, 0, -2, -1.5707963267948966, 2.0
122, 58, 706, 328, 706, 332, 0, -4, -1.5707963267948966, 4.0
122, 59, 827, 568, 827, 578, 0, -10, -1.5707963267948966, 10.0
122, 60, 1173, 154, 1173, 152, 0, 2, 1.5707963267948966, 2.0
122, 61, 194, 73, 192, 74, 2, -1, -0.4636476090008061, 2.23606797749979
122, 62, 768, 239, 768, 237, 0, 2, 1.5707963267948966, 2.0
122, 63, 478, 151, 478, 156, 0, -5, -1.5707963267948966, 5.0
122, 64, 688, 701, 690, 701, -2, 0, 3.141592653589793, 2.0
122, 66, 369, 323, 372, 321, -3, 2, 2.5535900500422257, 3.605551275463989
122, 67, 1180, 607, 1179, 603, 1, 4, 1.3258176636680326, 4.123105625617661
122, 68, 463, 562, 463, 567, 0, -5, -1.5707963267948966, 5.0
122, 69, 60, 497, 59, 496, 1, 1, 0.7853981633974483, 1.4142135623730951
122, 70, 1192, 57, 1188, 57, 4, 0, 0.0, 4.0
122, 71, 472, 141, 472, 146, 0, -5, -1.5707963267948966, 5.0
122, 72, 1152, 71, 1149, 70, 3, 1, 0.3217505543966422, 3.1622776601683795
122, 73, 622, 296, 622, 293, 0, 3, 1.5707963267948966, 3.0
122, 74, 622, 151, 623, 153, -1, -2, -2.0344439357957027, 2.23606797749979
122, 75, 1221, 228, 1219, 225, 2, 3, 0.982793723247329, 3.605551275463989
122, 76, 328, 410, 329, 412, -1, -2, -2.0344439357957027, 2.23606797749979
122, 77, 81, 147, 82, 149, -1, -2, -2.0344439357957027, 2.23606797749979
122, 78, 861, 27, 864, 29, -3, -2, -2.5535900500422257, 3.605551275463989
122, 79, 403, 320, 405, 319, -2, 1, 2.677945044588987, 2.23606797749979
122, 81, 735, 291, 737, 296, -2, -5, -1.9513027039072615, 5.385164807134504
122, 82, 624, 376, 624, 373, 0, 3, 1.5707963267948966, 3.0
122, 84, 673, 674, 675, 670, -2, 4, 2.0344439357957027, 4.47213595499958
122, 85, 97, 543, 98, 545, -1, -2, -2.0344439357957027, 2.23606797749979
122, 86, 1261, 343, 1261, 341, 0, 2, 1.5707963267948966, 2.0
122, 88, 1228, 262, 1226, 259, 2, 3, 0.982793723247329, 3.605551275463989
122, 89, 699, 399, 698, 404, 1, -5, -1.373400766945016, 5.0990195135927845
122, 90, 814, 468, 816, 472, -2, -4, -2.0344439357957027, 4.47213595499958
122, 91, 72, 439, 69, 436, 3, 3, 0.7853981633974483, 4.242640687119285
122, 92, 478, 122, 479, 127, -1, -5, -1.7681918866447774, 5.0990195135927845
122, 93, 1092, 245, 1096, 248, -4, -3, -2.498091544796509, 5.0
122, 95, 97, 508, 95, 507, 2, 1, 0.4636476090008061, 2.23606797749979
122, 96, 1164, 62, 1161, 61, 3, 1, 0.3217505543966422, 3.1622776601683795
122, 97, 659, 313, 660, 312, -1, 1, 2.356194490192345, 1.4142135623730951
122, 98, 831, 39, 834, 40, -3, -1, -2.819842099193151, 3.1622776601683795
122, 99, 286, 381, 286, 383, 0, -2, -1.5707963267948966, 2.0
122, 101, 1165, 113, 1163, 112, 2, 1, 0.4636476090008061, 2.23606797749979
122, 103, 1159, 195, 1158, 194, 1, 1, 0.7853981633974483, 1.4142135623730951
122, 104, 646, 338, 646, 336, 0, 2, 1.5707963267948966, 2.0
122, 105, 683, 508, 684, 515, -1, -7, -1.7126933813990606, 7.0710678118654755
122, 106, 397, 453, 400, 452, -3, 1, 2.819842099193151, 3.1622776601683795
122, 107, 669, 230, 671, 226, -2, 4, 2.0344439357957027, 4.47213595499958
122, 108, 384, 295, 387, 293, -3, 2, 2.5535900500422257, 3.605551275463989
122, 109, 370, 376, 371, 372, -1, 4, 1.8157749899217608, 4.123105625617661
122, 110, 1220, 219, 1217, 216, 3, 3, 0.7853981633974483, 4.242640687119285
122, 111, 1146, 104, 1144, 104, 2, 0, 0.0, 2.0
122, 112, 1087, 205, 1089, 209, -2, -4, -2.0344439357957027, 4.47213595499958
122, 113, 1185, 289, 1184, 290, 1, -1, -0.7853981633974483, 1.4142135623730951
122, 114, 1261, 338, 1261, 336, 0, 2, 1.5707963267948966, 2.0
122, 115, 856, 19, 856, 21, 0, -2, -1.5707963267948966, 2.0
122, 116, 1200, 276, 1198, 273, 2, 3, 0.982793723247329, 3.605551275463989
122, 117, 1258, 365, 1256, 364, 2, 1, 0.4636476090008061, 2.23606797749979
122, 118, 1159, 102, 1157, 102, 2, 0, 0.0, 2.0
122, 119, 482, 97, 482, 102, 0, -5, -1.5707963267948966, 5.0
122, 120, 151, 26, 152, 25, -1, 1, 2.356194490192345, 1.4142135623730951
122, 122, 481, 602, 480, 606, 1, -4, -1.3258176636680326, 4.123105625617661
122, 123, 826, 44, 828, 45, -2, -1, -2.677945044588987, 2.23606797749979
122, 124, 1170, 654, 1169, 656, 1, -2, -1.1071487177940904, 2.23606797749979
122, 125, 694, 413, 694, 417, 0, -4, -1.5707963267948966, 4.0
122, 126, 242, 327, 243, 329, -1, -2, -2.0344439357957027, 2.23606797749979
122, 127, 1071, 233, 1074, 236, -3, -3, -2.356194490192345, 4.242640687119285
122, 128, 1181, 119, 1181, 116, 0, 3, 1.5707963267948966, 3.0
122, 129, 273, 315, 274, 317, -1, -2, -2.0344439357957027, 2.23606797749979
122, 130, 357, 429, 360, 426, -3, 3, 2.356194490192345, 4.242640687119285
122, 131, 371, 285, 374, 283, -3, 2, 2.5535900500422257, 3.605551275463989
122, 133, 1171, 107, 1169, 107, 2, 0, 0.0, 2.0
122, 134, 1174, 641, 1172, 641, 2, 0, 0.0, 2.0
122, 135, 1180, 143, 1180, 141, 0, 2, 1.5707963267948966, 2.0
122, 136, 378, 374, 380, 370, -2, 4, 2.0344439357957027, 4.47213595499958
122, 137, 630, 108, 631, 107, -1, 1, 2.356194490192345, 1.4142135623730951
122, 138, 808, 515, 809, 523, -1, -8, -1.695151321341658, 8.06225774829855
122, 139, 668, 306, 670, 306, -2, 0, 3.141592653589793, 2.0
122, 140, 606, 350, 606, 347, 0, 3, 1.5707963267948966, 3.0
122, 141, 102, 484, 100, 485, 2, -1, -0.4636476090008061, 2.23606797749979
122, 142, 474, 601, 473, 605, 1, -4, -1.3258176636680326, 4.123105625617661
122, 143, 238, 319, 238, 321, 0, -2, -1.5707963267948966, 2.0
122, 144, 819, 515, 819, 520, 0, -5, -1.5707963267948966, 5.0
122, 145, 46, 693, 47, 691, -1, 2, 2.0344439357957027, 2.23606797749979
123, 0, 826, 457, 826, 461, 0, -4, -1.5707963267948966, 4.0
123, 1, 677, 686, 678, 682, -1, 4, 1.8157749899217608, 4.123105625617661
123, 2, 392, 379, 393, 377, -1, 2, 2.0344439357957027, 2.23606797749979
123, 3, 841, 458, 840, 462, 1, -4, -1.3258176636680326, 4.123105625617661
123, 4, 495, 506, 495, 511, 0, -5, -1.5707963267948966, 5.0
123, 7, 174, 41, 175, 40, -1, 1, 2.356194490192345, 1.4142135623730951
123, 10, 513, 531, 514, 536, -1, -5, -1.7681918866447774, 5.0990195135927845
123, 11, 653, 293, 653, 290, 0, 3, 1.5707963267948966, 3.0
123, 12, 688, 410, 688, 415, 0, -5, -1.5707963267948966, 5.0
123, 13, 506, 530, 506, 535, 0, -5, -1.5707963267948966, 5.0
123, 14, 1222, 269, 1221, 268, 1, 1, 0.7853981633974483, 1.4142135623730951
123, 15, 53, 688, 54, 684, -1, 4, 1.8157749899217608, 4.123105625617661
123, 16, 388, 449, 389, 448, -1, 1, 2.356194490192345, 1.4142135623730951
123, 17, 770, 177, 771, 174, -1, 3, 1.892546881191539, 3.1622776601683795
123, 18, 1098, 253, 1101, 255, -3, -2, -2.5535900500422257, 3.605551275463989
123, 19, 470, 585, 468, 587, 2, -2, -0.7853981633974483, 2.8284271247461903
123, 20, 477, 506, 478, 511, -1, -5, -1.7681918866447774, 5.0990195135927845
123, 23, 465, 152, 465, 154, 0, -2, -1.5707963267948966, 2.0
123, 24, 1191, 673, 1191, 669, 0, 4, 1.5707963267948966, 4.0
123, 25, 1062, 235, 1064, 237, -2, -2, -2.356194490192345, 2.8284271247461903
123, 28, 1096, 202, 1097, 205, -1, -3, -1.892546881191539, 3.1622776601683795
123, 29, 767, 171, 767, 168, 0, 3, 1.5707963267948966, 3.0
123, 30, 698, 414, 699, 419, -1, -5, -1.7681918866447774, 5.0990195135927845
123, 31, 863, 35, 865, 36, -2, -1, -2.677945044588987, 2.23606797749979
123, 33, 500, 577, 500, 581, 0, -4, -1.5707963267948966, 4.0
123, 34, 382, 355, 383, 352, -1, 3, 1.892546881191539, 3.1622776601683795
123, 35, 180, 29, 179, 27, 1, 2, 1.1071487177940904, 2.23606797749979
123, 36, 763, 178, 763, 174, 0, 4, 1.5707963267948966, 4.0
123, 37, 1210, 701, 1207, 701, 3, 0, 0.0, 3.0
123, 38, 775, 177, 776, 175, -1, 2, 2.0344439357957027, 2.23606797749979
123, 40, 672, 240, 673, 236, -1, 4, 1.8157749899217608, 4.123105625617661
123, 41, 475, 238, 476, 240, -1, -2, -2.0344439357957027, 2.23606797749979
123, 42, 659, 689, 660, 684, -1, 5, 1.7681918866447774, 5.0990195135927845
123, 43, 676, 451, 676, 456, 0, -5, -1.5707963267948966, 5.0
123, 45, 663, 224, 664, 220, -1, 4, 1.8157749899217608, 4.123105625617661
123, 46, 1090, 187, 1091, 190, -1, -3, -1.892546881191539, 3.1622776601683795
123, 48, 457, 578, 457, 580, 0, -2, -1.5707963267948966, 2.0
123, 49, 383, 383, 383, 379, 0, 4, 1.5707963267948966, 4.0
123, 53, 802, 158, 803, 160, -1, -2, -2.0344439357957027, 2.23606797749979
123, 54, 59, 450, 57, 447, 2, 3, 0.982793723247329, 3.605551275463989
123, 55, 693, 420, 693, 425, 0, -5, -1.5707963267948966, 5.0
123, 57, 705, 324, 706, 328, -1, -4, -1.8157749899217608, 4.123105625617661
123, 58, 827, 562, 827, 568, 0, -6, -1.5707963267948966, 6.0
123, 59, 1173, 156, 1173, 154, 0, 2, 1.5707963267948966, 2.0
123, 60, 195, 72, 194, 73, 1, -1, -0.7853981633974483, 1.4142135623730951
123, 61, 769, 240, 768, 239, 1, 1, 0.7853981633974483, 1.4142135623730951
123, 62, 478, 149, 478, 151, 0, -2, -1.5707963267948966, 2.0
123, 63, 686, 701, 688, 701, -2, 0, 3.141592653589793, 2.0
123, 64, 186, 86, 183, 87, 3, -1, -0.3217505543966422, 3.1622776601683795
123, 65, 368, 326, 369, 323, -1, 3, 1.892546881191539, 3.1622776601683795
123, 66, 1181, 610, 1180, 607, 1, 3, 1.2490457723982544, 3.1622776601683795
123, 67, 462, 559, 463, 562, -1, -3, -1.892546881191539, 3.1622776601683795
123, 68, 61, 499, 60, 497, 1, 2, 1.1071487177940904, 2.23606797749979
123, 70, 472, 138, 472, 141, 0, -3, -1.5707963267948966, 3.0
123, 71, 1154, 72, 1152, 71, 2, 1, 0.4636476090008061, 2.23606797749979
123, 72, 621, 298, 622, 296, -1, 2, 2.0344439357957027, 2.23606797749979
123, 74, 1222, 229, 1221, 228, 1, 1, 0.7853981633974483, 1.4142135623730951
123, 78, 402, 322, 403, 320, -1, 2, 2.0344439357957027, 2.23606797749979
123, 79, 197, 77, 196, 78, 1, -1, -0.7853981633974483, 1.4142135623730951
123, 80, 734, 286, 735, 291, -1, -5, -1.7681918866447774, 5.0990195135927845
123, 81, 623, 380, 624, 376, -1, 4, 1.8157749899217608, 4.123105625617661
123, 83, 672, 678, 673, 674, -1, 4, 1.8157749899217608, 4.123105625617661
123, 85, 1261, 346, 1261, 343, 0, 3, 1.5707963267948966, 3.0
123, 87, 1229, 263, 1228, 262, 1, 1, 0.7853981633974483, 1.4142135623730951
123, 88, 699, 394, 699, 399, 0, -5, -1.5707963267948966, 5.0
123, 89, 814, 464, 814, 468, 0, -4, -1.5707963267948966, 4.0
123, 90, 74, 442, 72, 439, 2, 3, 0.982793723247329, 3.605551275463989
123, 91, 478, 120, 478, 122, 0, -2, -1.5707963267948966, 2.0
123, 92, 1090, 242, 1092, 245, -2, -3, -2.158798930342464, 3.605551275463989
123, 94, 99, 509, 97, 508, 2, 1, 0.4636476090008061, 2.23606797749979
123, 95, 1166, 63, 1164, 62, 2, 1, 0.4636476090008061, 2.23606797749979
123, 96, 657, 314, 659, 313, -2, 1, 2.677945044588987, 2.23606797749979
123, 98, 1166, 114, 1165, 113, 1, 1, 0.7853981633974483, 1.4142135623730951
123, 99, 1160, 196, 1159, 195, 1, 1, 0.7853981633974483, 1.4142135623730951
123, 100, 646, 341, 646, 338, 0, 3, 1.5707963267948966, 3.0
123, 101, 683, 501, 683, 508, 0, -7, -1.5707963267948966, 7.0
123, 102, 395, 456, 397, 453, -2, 3, 2.158798930342464, 3.605551275463989
123, 103, 668, 234, 669, 230, -1, 4, 1.8157749899217608, 4.123105625617661
123, 104, 383, 297, 384, 295, -1, 2, 2.0344439357957027, 2.23606797749979
123, 105, 370, 380, 370, 376, 0, 4, 1.5707963267948966, 4.0
123, 106, 1221, 220, 1220, 219, 1, 1, 0.7853981633974483, 1.4142135623730951
123, 108, 1086, 201, 1087, 205, -1, -4, -1.8157749899217608, 4.123105625617661
123, 109, 1186, 293, 1185, 289, 1, 4, 1.3258176636680326, 4.123105625617661
123, 110, 1261, 342, 1261, 338, 0, 4, 1.5707963267948966, 4.0
123, 112, 1200, 281, 1200, 276, 0, 5, 1.5707963267948966, 5.0
123, 113, 1259, 368, 1258, 365, 1, 3, 1.2490457723982544, 3.1622776601683795
123, 114, 1160, 103, 1159, 102, 1, 1, 0.7853981633974483, 1.4142135623730951
123, 118, 481, 597, 481, 602, 0, -5, -1.5707963267948966, 5.0
123, 119, 1172, 655, 1170, 654, 2, 1, 0.4636476090008061, 2.23606797749979
123, 120, 694, 408, 694, 413, 0, -5, -1.5707963267948966, 5.0
123, 122, 1069, 230, 1071, 233, -2, -3, -2.158798930342464, 3.605551275463989
123, 123, 1180, 121, 1181, 119, -1, 2, 2.0344439357957027, 2.23606797749979
123, 125, 356, 432, 357, 429, -1, 3, 1.892546881191539, 3.1622776601683795
123, 126, 370, 287, 371, 285, -1, 2, 2.0344439357957027, 2.23606797749979
123, 127, 1261, 372, 1261, 369, 0, 3, 1.5707963267948966, 3.0
123, 129, 1177, 643, 1174, 641, 3, 2, 0.5880026035475675, 3.605551275463989
123, 130, 1179, 145, 1180, 143, -1, 2, 2.0344439357957027, 2.23606797749979
123, 131, 377, 378, 378, 374, -1, 4, 1.8157749899217608, 4.123105625617661
123, 132, 629, 109, 630, 108, -1, 1, 2.356194490192345, 1.4142135623730951
123, 133, 807, 510, 808, 515, -1, -5, -1.7681918866447774, 5.0990195135927845
123, 134, 666, 306, 668, 306, -2, 0, 3.141592653589793, 2.0
123, 135, 606, 352, 606, 350, 0, 2, 1.5707963267948966, 2.0
123, 137, 475, 596, 474, 601, 1, -5, -1.373400766945016, 5.0990195135927845
123, 139, 819, 511, 819, 515, 0, -4, -1.5707963267948966, 4.0
123, 140, 45, 696, 46, 693, -1, 3, 1.892546881191539, 3.1622776601683795
124, 0, 826, 453, 826, 457, 0, -4, -1.5707963267948966, 4.0
124, 1, 675, 690, 677, 686, -2, 4, 2.0344439357957027, 4.47213595499958
124, 2, 391, 381, 392, 379, -1, 2, 2.0344439357957027, 2.23606797749979
124, 3, 841, 455, 841, 458, 0, -3, -1.5707963267948966, 3.0
124, 4, 494, 501, 495, 506, -1, -5, -1.7681918866447774, 5.0990195135927845
124, 5, 173, 43, 174, 41, -1, 2, 2.0344439357957027, 2.23606797749979
124, 8, 511, 526, 513, 531, -2, -5, -1.9513027039072615, 5.385164807134504
124, 9, 653, 296, 653, 293, 0, 3, 1.5707963267948966, 3.0
124, 10, 688, 405, 688, 410, 0, -5, -1.5707963267948966, 5.0
124, 11, 504, 525, 506, 530, -2, -5, -1.9513027039072615, 5.385164807134504
124, 13, 53, 692, 53, 688, 0, 4, 1.5707963267948966, 4.0
124, 14, 386, 448, 388, 449, -2, -1, -2.677945044588987, 2.23606797749979
124, 15, 769, 179, 770, 177, -1, 2, 2.0344439357957027, 2.23606797749979
124, 16, 1095, 250, 1098, 253, -3, -3, -2.356194490192345, 4.242640687119285
124, 17, 472, 582, 470, 585, 2, -3, -0.982793723247329, 3.605551275463989
124, 18, 476, 501, 477, 506, -1, -5, -1.7681918866447774, 5.0990195135927845
124, 19, 465, 148, 465, 152, 0, -4, -1.5707963267948966, 4.0
124, 20, 1191, 676, 1191, 673, 0, 3, 1.5707963267948966, 3.0
124, 21, 1060, 233, 1062, 235, -2, -2, -2.356194490192345, 2.8284271247461903
124, 22, 622, 71, 623, 70, -1, 1, 2.356194490192345, 1.4142135623730951
124, 23, 650, 701, 652, 701, -2, 0, 3.141592653589793, 2.0
124, 24, 1094, 198, 1096, 202, -2, -4, -2.0344439357957027, 4.47213595499958
124, 25, 766, 174, 767, 171, -1, 3, 1.892546881191539, 3.1622776601683795
124, 26, 697, 409, 698, 414, -1, -5, -1.7681918866447774, 5.0990195135927845
124, 27, 861, 34, 863, 35, -2, -1, -2.677945044588987, 2.23606797749979
124, 28, 499, 572, 500, 577, -1, -5, -1.7681918866447774, 5.0990195135927845
124, 29, 381, 359, 382, 355, -1, 4, 1.8157749899217608, 4.123105625617661
124, 30, 180, 31, 180, 29, 0, 2, 1.5707963267948966, 2.0
124, 31, 762, 181, 763, 178, -1, 3, 1.892546881191539, 3.1622776601683795
124, 32, 1214, 701, 1210, 701, 4, 0, 0.0, 4.0
124, 33, 774, 178, 775, 177, -1, 1, 2.356194490192345, 1.4142135623730951
124, 34, 670, 244, 672, 240, -2, 4, 2.0344439357957027, 4.47213595499958
124, 35, 474, 235, 475, 238, -1, -3, -1.892546881191539, 3.1622776601683795
124, 36, 657, 693, 659, 689, -2, 4, 2.0344439357957027, 4.47213595499958
124, 37, 676, 446, 676, 451, 0, -5, -1.5707963267948966, 5.0
124, 39, 662, 227, 663, 224, -1, 3, 1.892546881191539, 3.1622776601683795
124, 40, 1088, 183, 1090, 187, -2, -4, -2.0344439357957027, 4.47213595499958
124, 42, 457, 575, 457, 578, 0, -3, -1.5707963267948966, 3.0
124, 43, 382, 386, 383, 383, -1, 3, 1.892546881191539, 3.1622776601683795
124, 46, 800, 156, 802, 158, -2, -2, -2.356194490192345, 2.8284271247461903
124, 47, 60, 453, 59, 450, 1, 3, 1.2490457723982544, 3.1622776601683795
124, 48, 693, 415, 693, 420, 0, -5, -1.5707963267948966, 5.0
124, 50, 704, 320, 705, 324, -1, -4, -1.8157749899217608, 4.123105625617661
124, 51, 828, 555, 827, 562, 1, -7, -1.4288992721907328, 7.0710678118654755
124, 52, 1172, 158, 1173, 156, -1, 2, 2.0344439357957027, 2.23606797749979
124, 53, 195, 70, 195, 72, 0, -2, -1.5707963267948966, 2.0
124, 54, 770, 241, 769, 240, 1, 1, 0.7853981633974483, 1.4142135623730951
124, 55, 477, 145, 478, 149, -1, -4, -1.8157749899217608, 4.123105625617661
124, 56, 684, 701, 686, 701, -2, 0, 3.141592653589793, 2.0
124, 57, 185, 84, 186, 86, -1, -2, -2.0344439357957027, 2.23606797749979
124, 58, 366, 328, 368, 326, -2, 2, 2.356194490192345, 2.8284271247461903
124, 59, 1183, 612, 1181, 610, 2, 2, 0.7853981633974483, 2.8284271247461903
124, 60, 461, 555, 462, 559, -1, -4, -1.8157749899217608, 4.123105625617661
124, 61, 62, 502, 61, 499, 1, 3, 1.2490457723982544, 3.1622776601683795
124, 63, 471, 134, 472, 138, -1, -4, -1.8157749899217608, 4.123105625617661
124, 64, 1155, 73, 1154, 72, 1, 1, 0.7853981633974483, 1.4142135623730951
124, 65, 620, 299, 621, 298, -1, 1, 2.356194490192345, 1.4142135623730951
124, 69, 858, 26, 860, 27, -2, -1, -2.677945044588987, 2.23606797749979
124, 70, 400, 323, 402, 322, -2, 1, 2.677945044588987, 2.23606797749979
124, 71, 197, 75, 197, 77, 0, -2, -1.5707963267948966, 2.0
124, 72, 733, 281, 734, 286, -1, -5, -1.7681918866447774, 5.0990195135927845
124, 73, 622, 384, 623, 380, -1, 4, 1.8157749899217608, 4.123105625617661
124, 75, 670, 682, 672, 678, -2, 4, 2.0344439357957027, 4.47213595499958
124, 77, 1261, 349, 1261, 346, 0, 3, 1.5707963267948966, 3.0
124, 79, 699, 389, 699, 394, 0, -5, -1.5707963267948966, 5.0
124, 80, 813, 460, 814, 464, -1, -4, -1.8157749899217608, 4.123105625617661
124, 81, 76, 445, 74, 442, 2, 3, 0.982793723247329, 3.605551275463989
124, 82, 477, 118, 478, 120, -1, -2, -2.0344439357957027, 2.23606797749979
124, 83, 1088, 238, 1090, 242, -2, -4, -2.0344439357957027, 4.47213595499958
124, 84, 152, 52, 153, 51, -1, 1, 2.356194490192345, 1.4142135623730951
124, 85, 100, 511, 99, 509, 1, 2, 1.1071487177940904, 2.23606797749979
124, 86, 1167, 64, 1166, 63, 1, 1, 0.7853981633974483, 1.4142135623730951
124, 87, 655, 314, 657, 314, -2, 0, 3.141592653589793, 2.0
124, 90, 646, 344, 646, 341, 0, 3, 1.5707963267948966, 3.0
124, 91, 682, 498, 683, 501, -1, -3, -1.892546881191539, 3.1622776601683795
124, 92, 392, 459, 395, 456, -3, 3, 2.356194490192345, 4.242640687119285
124, 93, 667, 238, 668, 234, -1, 4, 1.8157749899217608, 4.123105625617661
124, 94, 381, 299, 383, 297, -2, 2, 2.356194490192345, 2.8284271247461903
124, 95, 369, 384, 370, 380, -1, 4, 1.8157749899217608, 4.123105625617661
124, 98, 1084, 197, 1086, 201, -2, -4, -2.0344439357957027, 4.47213595499958
124, 99, 1187, 297, 1186, 293, 1, 4, 1.3258176636680326, 4.123105625617661
124, 100, 1261, 345, 1261, 342, 0, 3, 1.5707963267948966, 3.0
124, 101, 853, 18, 855, 19, -2, -1, -2.677945044588987, 2.23606797749979
124, 102, 1199, 285, 1200, 281, -1, 4, 1.8157749899217608, 4.123105625617661
124, 103, 1259, 371, 1259, 368, 0, 3, 1.5707963267948966, 3.0
124, 105, 481, 94, 482, 96, -1, -2, -2.0344439357957027, 2.23606797749979
124, 106, 150, 28, 151, 27, -1, 1, 2.356194490192345, 1.4142135623730951
124, 107, 481, 591, 481, 597, 0, -6, -1.5707963267948966, 6.0
124, 108, 1174, 656, 1172, 655, 2, 1, 0.4636476090008061, 2.23606797749979
124, 109, 694, 403, 694, 408, 0, -5, -1.5707963267948966, 5.0
124, 110, 1067, 226, 1069, 230, -2, -4, -2.0344439357957027, 4.47213595499958
124, 111, 1179, 123, 1180, 121, -1, 2, 2.0344439357957027, 2.23606797749979
124, 113, 355, 435, 356, 432, -1, 3, 1.892546881191539, 3.1622776601683795
124, 114, 368, 289, 370, 287, -2, 2, 2.356194490192345, 2.8284271247461903
124, 115, 1261, 375, 1261, 372, 0, 3, 1.5707963267948966, 3.0
124, 117, 1180, 644, 1177, 643, 3, 1, 0.3217505543966422, 3.1622776601683795
124, 118, 1178, 147, 1179, 145, -1, 2, 2.0344439357957027, 2.23606797749979
124, 119, 376, 382, 377, 378, -1, 4, 1.8157749899217608, 4.123105625617661
124, 120, 628, 110, 629, 109, -1, 1, 2.356194490192345, 1.4142135623730951
124, 121, 806, 502, 807, 510, -1, -8, -1.695151321341658, 8.06225774829855
124, 122, 664, 305, 666, 306, -2, -1, -2.677945044588987, 2.23606797749979
124, 123, 605, 353, 606, 352, -1, 1, 2.356194490192345, 1.4142135623730951
124, 125, 477, 592, 475, 596, 2, -4, -1.1071487177940904, 4.47213595499958
124, 127, 818, 505, 819, 511, -1, -6, -1.7359450042095235, 6.082762530298219
124, 128, 44, 699, 45, 696, -1, 3, 1.892546881191539, 3.1622776601683795
125, 1, 844, 450, 843, 454, 1, -4, -1.3258176636680326, 4.123105625617661
125, 2, 680, 692, 682, 688, -2, 4, 2.0344439357957027, 4.47213595499958
125, 3, 495, 505, 495, 509, 0, -4, -1.5707963267948966, 4.0
125, 4, 805, 178, 807, 181, -2, -3, -2.158798930342464, 3.605551275463989
125, 5, 831, 450, 830, 454, 1, -4, -1.3258176636680326, 4.123105625617661
125, 6, 471, 581, 469, 585, 2, -4, -1.1071487177940904, 4.47213595499958
125, 7, 540, 32, 541, 34, -1, -2, -2.0344439357957027, 2.23606797749979
125, 8, 370, 324, 371, 322, -1, 2, 2.0344439357957027, 2.23606797749979
125, 9, 172, 44, 173, 43, -1, 1, 2.356194490192345, 1.4142135623730951
125, 10, 487, 90, 487, 92, 0, -2, -1.5707963267948966, 2.0
125, 11, 508, 508, 509, 512, -1, -4, -1.8157749899217608, 4.123105625617661
125, 14, 1098, 250, 1101, 253, -3, -3, -2.356194490192345, 4.242640687119285
125, 15, 688, 407, 687, 412, 1, -5, -1.373400766945016, 5.0990195135927845
125, 18, 382, 374, 382, 371, 0, 3, 1.5707963267948966, 3.0
125, 20, 385, 385, 384, 382, 1, 3, 1.2490457723982544, 3.1622776601683795
125, 21, 198, 26, 194, 26, 4, 0, 0.0, 4.0
125, 22, 763, 16, 763, 18, 0, -2, -1.5707963267948966, 2.0
125, 27, 701, 408, 701, 413, 0, -5, -1.5707963267948966, 5.0
125, 30, 767, 170, 768, 168, -1, 2, 2.0344439357957027, 2.23606797749979
125, 35, 466, 150, 466, 154, 0, -4, -1.5707963267948966, 4.0
125, 38, 1169, 680, 1166, 679, 3, 1, 0.3217505543966422, 3.1622776601683795
125, 41, 656, 293, 656, 290, 0, 3, 1.5707963267948966, 3.0
125, 42, 481, 506, 482, 510, -1, -4, -1.8157749899217608, 4.123105625617661
125, 45, 495, 99, 495, 101, 0, -2, -1.5707963267948966, 2.0
125, 46, 763, 178, 763, 175, 0, 3, 1.5707963267948966, 3.0
125, 48, 1098, 201, 1099, 206, -1, -5, -1.7681918866447774, 5.0990195135927845
125, 51, 52, 695, 52, 692, 0, 3, 1.5707963267948966, 3.0
125, 52, 674, 239, 675, 236, -1, 3, 1.892546881191539, 3.1622776601683795
125, 53, 1064, 239, 1066, 242, -2, -3, -2.158798930342464, 3.605551275463989
125, 54, 507, 527, 507, 533, 0, -6, -1.5707963267948966, 6.0
125, 55, 783, 8, 783, 11, 0, -3, -1.5707963267948966, 3.0
125, 57, 482, 72, 482, 74, 0, -2, -1.5707963267948966, 2.0
125, 59, 548, 25, 549, 27, -1, -2, -2.0344439357957027, 2.23606797749979
125, 60, 1261, 206, 1265, 206, -4, 0, 3.141592653589793, 4.0
125, 61, 1173, 701, 1171, 701, 2, 0, 0.0, 2.0
125, 64, 1175, 675, 1173, 674, 2, 1, 0.4636476090008061, 2.23606797749979
125, 66, 1205, 689, 1203, 686, 2, 3, 0.982793723247329, 3.605551275463989
125, 67, 1091, 188, 1093, 192, -2, -4, -2.0344439357957027, 4.47213595499958
125, 68, 103, 489, 101, 488, 2, 1, 0.4636476090008061, 2.23606797749979
125, 69, 792, 137, 793, 140, -1, -3, -1.892546881191539, 3.1622776601683795
125, 70, 474, 139, 474, 143, 0, -4, -1.5707963267948966, 4.0
125, 71, 479, 149, 479, 153, 0, -4, -1.5707963267948966, 4.0
125, 72, 708, 321, 708, 325, 0, -4, -1.5707963267948966, 4.0
125, 74, 656, 693, 658, 689, -2, 4, 2.0344439357957027, 4.47213595499958
125, 76, 709, 450, 709, 453, 0, -3, -1.5707963267948966, 3.0
125, 77, 738, 287, 738, 292, 0, -5, -1.5707963267948966, 5.0
125, 79, 480, 124, 480, 126, 0, -2, -1.5707963267948966, 2.0
125, 80, 825, 537, 826, 539, -1, -2, -2.0344439357957027, 2.23606797749979
125, 84, 667, 223, 667, 219, 0, 4, 1.5707963267948966, 4.0
125, 85, 211, 84, 210, 85, 1, -1, -0.7853981633974483, 1.4142135623730951
125, 86, 1198, 627, 1197, 624, 1, 3, 1.2490457723982544, 3.1622776601683795
125, 88, 503, 569, 503, 575, 0, -6, -1.5707963267948966, 6.0
125, 89, 577, 108, 579, 110, -2, -2, -2.356194490192345, 2.8284271247461903
125, 92, 60, 449, 58, 447, 2, 2, 0.7853981633974483, 2.8284271247461903
125, 93, 1186, 302, 1185, 299, 1, 3, 1.2490457723982544, 3.1622776601683795
125, 94, 111, 542, 109, 541, 2, 1, 0.4636476090008061, 2.23606797749979
125, 95, 818, 458, 819, 462, -1, -4, -1.8157749899217608, 4.123105625617661
125, 96, 197, 34, 193, 35, 4, -1, -0.24497866312686414, 4.123105625617661
125, 97, 674, 683, 676, 679, -2, 4, 2.0344439357957027, 4.47213595499958
125, 99, 462, 580, 460, 584, 2, -4, -1.1071487177940904, 4.47213595499958
125, 100, 680, 448, 679, 452, 1, -4, -1.3258176636680326, 4.123105625617661
125, 102, 683, 28, 683, 30, 0, -2, -1.5707963267948966, 2.0
125, 104, 1154, 72, 1152, 72, 2, 0, 0.0, 2.0
125, 105, 623, 384, 624, 381, -1, 3, 1.892546881191539, 3.1622776601683795
125, 106, 804, 159, 806, 162, -2, -3, -2.158798930342464, 3.605551275463989
125, 107, 76, 443, 73, 440, 3, 3, 0.7853981633974483, 4.242640687119285
125, 108, 1259, 366, 1257, 364, 2, 2, 0.7853981633974483, 2.8284271247461903
125, 111, 815, 486, 816, 492, -1, -6, -1.7359450042095235, 6.082762530298219
125, 112, 860, 27, 862, 28, -2, -1, -2.677945044588987, 2.23606797749979
125, 113, 403, 330, 404, 328, -1, 2, 2.0344439357957027, 2.23606797749979
125, 114, 695, 417, 694, 422, 1, -5, -1.373400766945016, 5.0990195135927845
125, 116, 382, 466, 383, 465, -1, 1, 2.356194490192345, 1.4142135623730951
125, 117, 700, 392, 700, 397, 0, -5, -1.5707963267948966, 5.0
125, 118, 693, 489, 693, 491, 0, -2, -1.5707963267948966, 2.0
125, 121, 484, 100, 484, 102, 0, -2, -1.5707963267948966, 2.0
125, 123, 836, 555, 835, 561, 1, -6, -1.4056476493802699, 6.082762530298219
125, 124, 1223, 227, 1222, 226, 1, 1, 0.7853981633974483, 1.4142135623730951
125, 125, 476, 238, 476, 241, 0, -3, -1.5707963267948966, 3.0
125, 126, 1261, 393, 1268, 394, -7, -1, -2.999695598985629, 7.0710678118654755
125, 127, 1261, 238, 1265, 239, -4, -1, -2.896613990462929, 4.123105625617661
125, 130, 66, 500, 64, 498, 2, 2, 0.7853981633974483, 2.8284271247461903
125, 131, 1073, 229, 1075, 232, -2, -3, -2.158798930342464, 3.605551275463989
125, 133, 688, 394, 688, 399, 0, -5, -1.5707963267948966, 5.0
125, 134, 1173, 155, 1174, 154, -1, 1, 2.356194490192345, 1.4142135623730951
125, 135, 865, 37, 867, 38, -2, -1, -2.677945044588987, 2.23606797749979
125, 137, 1087, 202, 1088, 206, -1, -4, -1.8157749899217608, 4.123105625617661
125, 138, 1167, 63, 1165, 63, 2, 0, 0.0, 2.0
125, 139, 749, 211, 748, 208, 1, 3, 1.2490457723982544, 3.1622776601683795
125, 140, 387, 298, 388, 295, -1, 3, 1.892546881191539, 3.1622776601683795
125, 141, 396, 475, 398, 472, -2, 3, 2.158798930342464, 3.605551275463989
125, 142, 808, 497, 809, 505, -1, -8, -1.695151321341658, 8.06225774829855
125, 146, 684, 493, 684, 495, 0, -2, -1.5707963267948966, 2.0
125, 150, 839, 432, 838, 437, 1, -5, -1.373400766945016, 5.0990195135927845
125, 151, 464, 559, 463, 563, 1, -4, -1.3258176636680326, 4.123105625617661
125, 152, 1260, 356, 1258, 353, 2, 3, 0.982793723247329, 3.605551275463989
125, 153, 1096, 241, 1098, 244, -2, -3, -2.158798930342464, 3.605551275463989
125, 156, 731, 372, 731, 377, 0, -5, -1.5707963267948966, 5.0
125, 158, 512, 521, 513, 526, -1, -5, -1.7681918866447774, 5.0990195135927845
125, 160, 493, 173, 494, 176, -1, -3, -1.892546881191539, 3.1622776601683795
125, 162, 1198, 291, 1198, 288, 0, 3, 1.5707963267948966, 3.0
125, 164, 659, 232, 660, 228, -1, 4, 1.8157749899217608, 4.123105625617661
125, 168, 488, 61, 489, 64, -1, -3, -1.892546881191539, 3.1622776601683795
125, 169, 373, 289, 374, 286, -1, 3, 1.892546881191539, 3.1622776601683795
125, 170, 397, 485, 398, 481, -1, 4, 1.8157749899217608, 4.123105625617661
125, 171, 387, 366, 388, 363, -1, 3, 1.892546881191539, 3.1622776601683795
125, 172, 774, 29, 774, 31, 0, -2, -1.5707963267948966, 2.0
125, 174, 486, 594, 485, 599, 1, -5, -1.373400766945016, 5.0990195135927845
125, 178, 636, 15, 637, 14, -1, 1, 2.356194490192345, 1.4142135623730951
125, 180, 755, 198, 754, 195, 1, 3, 1.2490457723982544, 3.1622776601683795
125, 181, 798, 145, 799, 148, -1, -3, -1.892546881191539, 3.1622776601683795
125, 182, 172, 72, 174, 72, -2, 0, 3.141592653589793, 2.0
125, 183, 368, 387, 368, 383, 0, 4, 1.5707963267948966, 4.0
125, 186, 1261, 348, 1265, 345, -4, 3, 2.498091544796509, 5.0
125, 187, 1178, 696, 1176, 692, 2, 4, 1.1071487177940904, 4.47213595499958
125, 189, 1178, 663, 1175, 663, 3, 0, 0.0, 3.0
125, 191, 647, 257, 648, 254, -1, 3, 1.892546881191539, 3.1622776601683795
125, 192, 860, 474, 860, 479, 0, -5, -1.5707963267948966, 5.0
125, 194, 499, 159, 500, 163, -1, -4, -1.8157749899217608, 4.123105625617661
125, 195, 359, 419, 359, 416, 0, 3, 1.5707963267948966, 3.0
125, 196, 587, 109, 588, 111, -1, -2, -2.0344439357957027, 2.23606797749979
125, 197, 60, 436, 57, 433, 3, 3, 0.7853981633974483, 4.242640687119285
126, 1, 845, 447, 844, 450, 1, -3, -1.2490457723982544, 3.1622776601683795
126, 2, 678, 695, 680, 692, -2, 3, 2.158798930342464, 3.605551275463989
126, 3, 495, 500, 495, 505, 0, -5, -1.5707963267948966, 5.0
126, 4, 804, 174, 805, 178, -1, -4, -1.8157749899217608, 4.123105625617661
126, 5, 832, 446, 831, 450, 1, -4, -1.3258176636680326, 4.123105625617661
126, 6, 472, 576, 471, 581, 1, -5, -1.373400766945016, 5.0990195135927845
126, 7, 540, 30, 540, 32, 0, -2, -1.5707963267948966, 2.0
126, 8, 369, 326, 370, 324, -1, 2, 2.0344439357957027, 2.23606797749979
126, 10, 488, 87, 487, 90, 1, -3, -1.2490457723982544, 3.1622776601683795
126, 11, 507, 504, 508, 508, -1, -4, -1.8157749899217608, 4.123105625617661
126, 14, 1097, 248, 1098, 250, -1, -2, -2.0344439357957027, 2.23606797749979
126, 15, 689, 402, 688, 407, 1, -5, -1.373400766945016, 5.0990195135927845
126, 18, 381, 378, 382, 374, -1, 4, 1.8157749899217608, 4.123105625617661
126, 19, 590, 37, 590, 39, 0, -2, -1.5707963267948966, 2.0
126, 20, 386, 388, 385, 385, 1, 3, 1.2490457723982544, 3.1622776601683795
126, 21, 202, 25, 198, 26, 4, -1, -0.24497866312686414, 4.123105625617661
126, 22, 764, 13, 763, 16, 1, -3, -1.2490457723982544, 3.1622776601683795
126, 25, 1149, 105, 1147, 105, 2, 0, 0.0, 2.0
126, 27, 701, 403, 701, 408, 0, -5, -1.5707963267948966, 5.0
126, 31, 1221, 268, 1220, 267, 1, 1, 0.7853981633974483, 1.4142135623730951
126, 35, 466, 146, 466, 150, 0, -4, -1.5707963267948966, 4.0
126, 38, 1172, 684, 1169, 680, 3, 4, 0.9272952180016122, 5.0
126, 39, 578, 37, 578, 39, 0, -2, -1.5707963267948966, 2.0
126, 41, 656, 296, 656, 293, 0, 3, 1.5707963267948966, 3.0
126, 42, 480, 502, 481, 506, -1, -4, -1.8157749899217608, 4.123105625617661
126, 43, 1156, 107, 1154, 107, 2, 0, 0.0, 2.0
126, 45, 496, 96, 495, 99, 1, -3, -1.2490457723982544, 3.1622776601683795
126, 47, 1197, 99, 1195, 99, 2, 0, 0.0, 2.0
126, 48, 1097, 196, 1098, 201, -1, -5, -1.7681918866447774, 5.0990195135927845
126, 49, 543, 104, 542, 106, 1, -2, -1.1071487177940904, 2.23606797749979
126, 51, 53, 698, 52, 695, 1, 3, 1.2490457723982544, 3.1622776601683795
126, 52, 674, 242, 674, 239, 0, 3, 1.5707963267948966, 3.0
126, 53, 1063, 235, 1064, 239, -1, -4, -1.8157749899217608, 4.123105625617661
126, 54, 506, 522, 507, 527, -1, -5, -1.7681918866447774, 5.0990195135927845
126, 56, 482, 70, 482, 72, 0, -2, -1.5707963267948966, 2.0
126, 58, 548, 23, 548, 25, 0, -2, -1.5707963267948966, 2.0
126, 60, 1176, 701, 1173, 701, 3, 0, 0.0, 3.0
126, 61, 582, 27, 582, 29, 0, -2, -1.5707963267948966, 2.0
126, 62, 1194, 59, 1192, 59, 2, 0, 0.0, 2.0
126, 63, 1178, 678, 1175, 675, 3, 3, 0.7853981633974483, 4.242640687119285
126, 65, 1206, 691, 1205, 689, 1, 2, 1.1071487177940904, 2.23606797749979
126, 66, 1090, 184, 1091, 188, -1, -4, -1.8157749899217608, 4.123105625617661
126, 67, 105, 491, 103, 489, 2, 2, 0.7853981633974483, 2.8284271247461903
126, 68, 791, 133, 792, 137, -1, -4, -1.8157749899217608, 4.123105625617661
126, 69, 474, 135, 474, 139, 0, -4, -1.5707963267948966, 4.0
126, 70, 479, 144, 479, 149, 0, -5, -1.5707963267948966, 5.0
126, 71, 708, 317, 708, 321, 0, -4, -1.5707963267948966, 4.0
126, 72, 938, 21, 938, 23, 0, -2, -1.5707963267948966, 2.0
126, 73, 654, 697, 656, 693, -2, 4, 2.0344439357957027, 4.47213595499958
126, 74, 551, 98, 550, 99, 1, -1, -0.7853981633974483, 1.4142135623730951
126, 75, 709, 447, 709, 450, 0, -3, -1.5707963267948966, 3.0
126, 76, 738, 283, 738, 287, 0, -4, -1.5707963267948966, 4.0
126, 77, 623, 297, 623, 295, 0, 2, 1.5707963267948966, 2.0
126, 78, 480, 121, 480, 124, 0, -3, -1.5707963267948966, 3.0
126, 79, 825, 535, 825, 537, 0, -2, -1.5707963267948966, 2.0
126, 80, 1165, 118, 1163, 118, 2, 0, 0.0, 2.0
126, 83, 667, 226, 667, 223, 0, 3, 1.5707963267948966, 3.0
126, 84, 212, 82, 211, 84, 1, -2, -1.1071487177940904, 2.23606797749979
126, 85, 1201, 629, 1198, 627, 3, 2, 0.5880026035475675, 3.605551275463989
126, 87, 503, 564, 503, 569, 0, -5, -1.5707963267948966, 5.0
126, 88, 576, 106, 577, 108, -1, -2, -2.0344439357957027, 2.23606797749979
126, 89, 204, 86, 203, 87, 1, -1, -0.7853981633974483, 1.4142135623730951
126, 91, 63, 451, 60, 449, 3, 2, 0.5880026035475675, 3.605551275463989
126, 92, 1187, 304, 1186, 302, 1, 2, 1.1071487177940904, 2.23606797749979
126, 93, 113, 542, 111, 542, 2, 0, 0.0, 2.0
126, 94, 817, 454, 818, 458, -1, -4, -1.8157749899217608, 4.123105625617661
126, 95, 201, 33, 197, 34, 4, -1, -0.24497866312686414, 4.123105625617661
126, 96, 672, 687, 674, 683, -2, 4, 2.0344439357957027, 4.47213595499958
126, 97, 463, 575, 462, 580, 1, -5, -1.373400766945016, 5.0990195135927845
126, 98, 681, 445, 680, 448, 1, -3, -1.2490457723982544, 3.1622776601683795
126, 100, 684, 26, 683, 28, 1, -2, -1.1071487177940904, 2.23606797749979
126, 102, 1157, 72, 1154, 72, 3, 0, 0.0, 3.0
126, 103, 622, 388, 623, 384, -1, 4, 1.8157749899217608, 4.123105625617661
126, 104, 803, 155, 804, 159, -1, -4, -1.8157749899217608, 4.123105625617661
126, 105, 79, 446, 76, 443, 3, 3, 0.7853981633974483, 4.242640687119285
126, 106, 1261, 367, 1259, 366, 2, 1, 0.4636476090008061, 2.23606797749979
126, 108, 1211, 11, 1210, 12, 1, -1, -0.7853981633974483, 1.4142135623730951
126, 109, 814, 480, 815, 486, -1, -6, -1.7359450042095235, 6.082762530298219
126, 110, 859, 25, 860, 27, -1, -2, -2.0344439357957027, 2.23606797749979
126, 111, 402, 332, 403, 330, -1, 2, 2.0344439357957027, 2.23606797749979
126, 112, 696, 412, 695, 417, 1, -5, -1.373400766945016, 5.0990195135927845
126, 114, 381, 467, 382, 466, -1, 1, 2.356194490192345, 1.4142135623730951
126, 115, 700, 387, 700, 392, 0, -5, -1.5707963267948966, 5.0
126, 116, 693, 486, 693, 489, 0, -3, -1.5707963267948966, 3.0
126, 119, 485, 97, 484, 100, 1, -3, -1.2490457723982544, 3.1622776601683795
126, 121, 836, 549, 836, 555, 0, -6, -1.5707963267948966, 6.0
126, 122, 1224, 228, 1223, 227, 1, 1, 0.7853981633974483, 1.4142135623730951
126, 123, 475, 234, 476, 238, -1, -4, -1.8157749899217608, 4.123105625617661
126, 128, 68, 502, 66, 500, 2, 2, 0.7853981633974483, 2.8284271247461903
126, 129, 1072, 225, 1073, 229, -1, -4, -1.8157749899217608, 4.123105625617661
126, 131, 688, 389, 688, 394, 0, -5, -1.5707963267948966, 5.0
126, 133, 864, 35, 865, 37, -1, -2, -2.0344439357957027, 2.23606797749979
126, 135, 1086, 197, 1087, 202, -1, -5, -1.7681918866447774, 5.0990195135927845
126, 136, 1170, 63, 1167, 63, 3, 0, 0.0, 3.0
126, 137, 750, 214, 749, 211, 1, 3, 1.2490457723982544, 3.1622776601683795
126, 138, 386, 300, 387, 298, -1, 2, 2.0344439357957027, 2.23606797749979
126, 139, 393, 478, 396, 475, -3, 3, 2.356194490192345, 4.242640687119285
126, 140, 807, 490, 808, 497, -1, -7, -1.7126933813990606, 7.0710678118654755
126, 144, 684, 490, 684, 493, 0, -3, -1.5707963267948966, 3.0
126, 145, 1191, 103, 1189, 103, 2, 0, 0.0, 2.0
126, 148, 840, 427, 839, 432, 1, -5, -1.373400766945016, 5.0990195135927845
126, 149, 465, 554, 464, 559, 1, -5, -1.373400766945016, 5.0990195135927845
126, 150, 1261, 358, 1260, 356, 1, 2, 1.1071487177940904, 2.23606797749979
126, 151, 1094, 239, 1096, 241, -2, -2, -2.356194490192345, 2.8284271247461903
126, 154, 731, 369, 731, 372, 0, -3, -1.5707963267948966, 3.0
126, 155, 1220, 219, 1219, 218, 1, 1, 0.7853981633974483, 1.4142135623730951
126, 156, 511, 516, 512, 521, -1, -5, -1.7681918866447774, 5.0990195135927845
126, 158, 493, 170, 493, 173, 0, -3, -1.5707963267948966, 3.0
126, 159, 1155, 197, 1154, 196, 1, 1, 0.7853981633974483, 1.4142135623730951
126, 160, 1199, 292, 1198, 291, 1, 1, 0.7853981633974483, 1.4142135623730951
126, 162, 659, 234, 659, 232, 0, 2, 1.5707963267948966, 2.0
126, 166, 488, 58, 488, 61, 0, -3, -1.5707963267948966, 3.0
126, 167, 372, 291, 373, 289, -1, 2, 2.0344439357957027, 2.23606797749979
126, 168, 395, 488, 397, 485, -2, 3, 2.158798930342464, 3.605551275463989
126, 169, 386, 367, 387, 366, -1, 1, 2.356194490192345, 1.4142135623730951
126, 170, 774, 27, 774, 29, 0, -2, -1.5707963267948966, 2.0
126, 171, 1210, 227, 1209, 226, 1, 1, 0.7853981633974483, 1.4142135623730951
126, 172, 488, 589, 486, 594, 2, -5, -1.1902899496825317, 5.385164807134504
126, 178, 756, 201, 755, 198, 1, 3, 1.2490457723982544, 3.1622776601683795
126, 179, 797, 141, 798, 145, -1, -4, -1.8157749899217608, 4.123105625617661
126, 181, 369, 390, 368, 387, 1, 3, 1.2490457723982544, 3.1622776601683795
126, 184, 1261, 350, 1261, 348, 0, 2, 1.5707963267948966, 2.0
126, 185, 1179, 700, 1178, 696, 1, 4, 1.3258176636680326, 4.123105625617661
126, 187, 1181, 662, 1178, 663, 3, -1, -0.3217505543966422, 3.1622776601683795
126, 189, 646, 260, 647, 257, -1, 3, 1.892546881191539, 3.1622776601683795
126, 190, 861, 469, 860, 474, 1, -5, -1.373400766945016, 5.0990195135927845
126, 191, 1174, 100, 1172, 100, 2, 0, 0.0, 2.0
126, 193, 359, 422, 359, 419, 0, 3, 1.5707963267948966, 3.0
126, 194, 586, 107, 587, 109, -1, -2, -2.0344439357957027, 2.23606797749979
126, 195, 63, 439, 60, 436, 3, 3, 0.7853981633974483, 4.242640687119285
127, 1, 845, 443, 845, 447, 0, -4, -1.5707963267948966, 4.0
127, 2, 675, 698, 678, 695, -3, 3, 2.356194490192345, 4.242640687119285
127, 3, 495, 496, 495, 500, 0, -4, -1.5707963267948966, 4.0
127, 4, 801, 171, 804, 174, -3, -3, -2.356194490192345, 4.242640687119285
127, 5, 833, 442, 832, 446, 1, -4, -1.3258176636680326, 4.123105625617661
127, 6, 473, 571, 472, 576, 1, -5, -1.373400766945016, 5.0990195135927845
127, 7, 538, 29, 540, 30, -2, -1, -2.677945044588987, 2.23606797749979
127, 8, 367, 330, 369, 326, -2, 4, 2.0344439357957027, 4.47213595499958
127, 9, 171, 49, 172, 45, -1, 4, 1.8157749899217608, 4.123105625617661
127, 10, 488, 82, 488, 87, 0, -5, -1.5707963267948966, 5.0
127, 11, 506, 500, 507, 504, -1, -4, -1.8157749899217608, 4.123105625617661
127, 14, 1095, 245, 1097, 248, -2, -3, -2.158798930342464, 3.605551275463989
127, 15, 690, 397, 689, 402, 1, -5, -1.373400766945016, 5.0990195135927845
127, 16, 626, 74, 626, 71, 0, 3, 1.5707963267948966, 3.0
127, 17, 393, 372, 395, 372, -2, 0, 3.141592653589793, 2.0
127, 18, 380, 379, 381, 378, -1, 1, 2.356194490192345, 1.4142135623730951
127, 20, 385, 390, 386, 388, -1, 2, 2.0344439357957027, 2.23606797749979
127, 21, 205, 26, 202, 25, 3, 1, 0.3217505543966422, 3.1622776601683795
127, 22, 764, 10, 764, 13, 0, -3, -1.5707963267948966, 3.0
127, 23, 632, 398, 632, 396, 0, 2, 1.5707963267948966, 2.0
127, 25, 1152, 107, 1149, 105, 3, 2, 0.5880026035475675, 3.605551275463989
127, 27, 701, 398, 701, 403, 0, -5, -1.5707963267948966, 5.0
127, 30, 766, 174, 767, 171, -1, 3, 1.892546881191539, 3.1622776601683795
127, 31, 1222, 272, 1221, 268, 1, 4, 1.3258176636680326, 4.123105625617661
127, 33, 1260, 203, 1260, 200, 0, 3, 1.5707963267948966, 3.0
127, 35, 464, 141, 466, 146, -2, -5, -1.9513027039072615, 5.385164807134504
127, 36, 1197, 317, 1198, 315, -1, 2, 2.0344439357957027, 2.23606797749979
127, 38, 1174, 690, 1172, 684, 2, 6, 1.2490457723982544, 6.324555320336759
127, 40, 653, 298, 656, 296, -3, 2, 2.5535900500422257, 3.605551275463989
127, 41, 478, 498, 480, 502, -2, -4, -2.0344439357957027, 4.47213595499958
127, 42, 1159, 109, 1156, 107, 3, 2, 0.5880026035475675, 3.605551275463989
127, 44, 496, 91, 496, 96, 0, -5, -1.5707963267948966, 5.0
127, 45, 763, 183, 763, 179, 0, 4, 1.5707963267948966, 4.0
127, 46, 1199, 102, 1197, 99, 2, 3, 0.982793723247329, 3.605551275463989
127, 47, 1093, 192, 1097, 196, -4, -4, -2.356194490192345, 5.656854249492381
127, 49, 408, 425, 408, 421, 0, 4, 1.5707963267948966, 4.0
127, 50, 54, 699, 53, 698, 1, 1, 0.7853981633974483, 1.4142135623730951
127, 51, 673, 246, 674, 242, -1, 4, 1.8157749899217608, 4.123105625617661
127, 52, 1060, 232, 1063, 235, -3, -3, -2.356194490192345, 4.242640687119285
127, 53, 505, 518, 506, 522, -1, -4, -1.8157749899217608, 4.123105625617661
127, 56, 546, 22, 548, 23, -2, -1, -2.677945044588987, 2.23606797749979
127, 57, 1261, 209, 1261, 206, 0, 3, 1.5707963267948966, 3.0
127, 59, 1196, 62, 1194, 59, 2, 3, 0.982793723247329, 3.605551275463989
127, 60, 1180, 680, 1178, 678, 2, 2, 0.7853981633974483, 2.8284271247461903
127, 62, 1206, 693, 1206, 691, 0, 2, 1.5707963267948966, 2.0
127, 63, 1086, 180, 1090, 184, -4, -4, -2.356194490192345, 5.656854249492381
127, 64, 107, 492, 105, 491, 2, 1, 0.4636476090008061, 2.23606797749979
127, 65, 789, 128, 791, 133, -2, -5, -1.9513027039072615, 5.385164807134504
127, 66, 473, 130, 474, 135, -1, -5, -1.7681918866447774, 5.0990195135927845
127, 67, 478, 139, 479, 144, -1, -5, -1.7681918866447774, 5.0990195135927845
127, 68, 708, 313, 708, 317, 0, -4, -1.5707963267948966, 4.0
127, 70, 653, 701, 654, 697, -1, 4, 1.8157749899217608, 4.123105625617661
127, 72, 708, 445, 709, 447, -1, -2, -2.0344439357957027, 2.23606797749979
127, 73, 737, 278, 738, 283, -1, -5, -1.7681918866447774, 5.0990195135927845
127, 74, 622, 300, 623, 297, -1, 3, 1.892546881191539, 3.1622776601683795
127, 75, 480, 117, 480, 121, 0, -4, -1.5707963267948966, 4.0
127, 77, 1167, 120, 1165, 118, 2, 2, 0.7853981633974483, 2.8284271247461903
127, 78, 153, 59, 154, 56, -1, 3, 1.892546881191539, 3.1622776601683795
127, 80, 666, 229, 667, 226, -1, 3, 1.892546881191539, 3.1622776601683795
127, 81, 214, 82, 212, 82, 2, 0, 0.0, 2.0
127, 82, 1200, 633, 1201, 629, -1, 4, 1.8157749899217608, 4.123105625617661
127, 84, 502, 562, 503, 564, -1, -2, -2.0344439357957027, 2.23606797749979
127, 85, 573, 104, 576, 106, -3, -2, -2.5535900500422257, 3.605551275463989
127, 88, 65, 454, 63, 451, 2, 3, 0.982793723247329, 3.605551275463989
127, 89, 1189, 305, 1187, 304, 2, 1, 0.4636476090008061, 2.23606797749979
127, 90, 114, 541, 113, 542, 1, -1, -0.7853981633974483, 1.4142135623730951
127, 91, 814, 450, 817, 454, -3, -4, -2.214297435588181, 5.0
127, 92, 204, 33, 201, 33, 3, 0, 0.0, 3.0
127, 93, 669, 691, 672, 687, -3, 4, 2.214297435588181, 5.0
127, 94, 463, 570, 463, 575, 0, -5, -1.5707963267948966, 5.0
127, 95, 681, 442, 681, 445, 0, -3, -1.5707963267948966, 3.0
127, 97, 685, 25, 684, 26, 1, -1, -0.7853981633974483, 1.4142135623730951
127, 98, 624, 153, 625, 152, -1, 1, 2.356194490192345, 1.4142135623730951
127, 99, 1160, 74, 1157, 72, 3, 2, 0.5880026035475675, 3.605551275463989
127, 100, 620, 390, 622, 388, -2, 2, 2.356194490192345, 2.8284271247461903
127, 101, 801, 150, 803, 155, -2, -5, -1.9513027039072615, 5.385164807134504
127, 102, 79, 449, 79, 446, 0, 3, 1.5707963267948966, 3.0
127, 106, 815, 477, 814, 480, 1, -3, -1.2490457723982544, 3.1622776601683795
127, 107, 855, 24, 859, 25, -4, -1, -2.896613990462929, 4.123105625617661
127, 108, 401, 335, 402, 332, -1, 3, 1.892546881191539, 3.1622776601683795
127, 109, 696, 407, 696, 412, 0, -5, -1.5707963267948966, 5.0
127, 111, 378, 469, 381, 467, -3, 2, 2.5535900500422257, 3.605551275463989
127, 112, 700, 382, 700, 387, 0, -5, -1.5707963267948966, 5.0
127, 116, 485, 92, 485, 97, 0, -5, -1.5707963267948966, 5.0
127, 118, 835, 545, 836, 549, -1, -4, -1.8157749899217608, 4.123105625617661
127, 119, 1223, 231, 1224, 228, -1, 3, 1.892546881191539, 3.1622776601683795
127, 120, 473, 232, 475, 234, -2, -2, -2.356194490192345, 2.8284271247461903
127, 122, 1260, 238, 1261, 237, -1, 1, 2.356194490192345, 1.4142135623730951
127, 125, 68, 504, 68, 502, 0, 2, 1.5707963267948966, 2.0
127, 126, 1069, 223, 1072, 225, -3, -2, -2.5535900500422257, 3.605551275463989
127, 127, 1180, 150, 1181, 146, -1, 4, 1.8157749899217608, 4.123105625617661
127, 128, 688, 384, 688, 389, 0, -5, -1.5707963267948966, 5.0
127, 129, 1172, 160, 1173, 156, -1, 4, 1.8157749899217608, 4.123105625617661
127, 130, 861, 34, 864, 35, -3, -1, -2.819842099193151, 3.1622776601683795
127, 132, 1082, 194, 1086, 197, -4, -3, -2.498091544796509, 5.0
127, 133, 1173, 65, 1170, 63, 3, 2, 0.5880026035475675, 3.605551275463989
127, 134, 750, 217, 750, 214, 0, 3, 1.5707963267948966, 3.0
127, 135, 382, 302, 386, 300, -4, 2, 2.677945044588987, 4.47213595499958
127, 136, 389, 480, 393, 478, -4, 2, 2.677945044588987, 4.47213595499958
127, 137, 808, 488, 807, 490, 1, -2, -1.1071487177940904, 2.23606797749979
127, 139, 619, 110, 620, 107, -1, 3, 1.892546881191539, 3.1622776601683795
127, 140, 631, 112, 632, 108, -1, 4, 1.8157749899217608, 4.123105625617661
127, 141, 685, 489, 684, 490, 1, -1, -0.7853981633974483, 1.4142135623730951
127, 142, 1193, 106, 1191, 103, 2, 3, 0.982793723247329, 3.605551275463989
127, 143, 72, 148, 74, 147, -2, 1, 2.677945044588987, 2.23606797749979
127, 144, 152, 33, 153, 30, -1, 3, 1.892546881191539, 3.1622776601683795
127, 145, 841, 422, 840, 427, 1, -5, -1.373400766945016, 5.0990195135927845
127, 146, 465, 548, 465, 554, 0, -6, -1.5707963267948966, 6.0
127, 148, 1093, 235, 1094, 239, -1, -4, -1.8157749899217608, 4.123105625617661
127, 150, 779, 200, 779, 197, 0, 3, 1.5707963267948966, 3.0
127, 151, 729, 366, 731, 369, -2, -3, -2.158798930342464, 3.605551275463989
127, 152, 1220, 223, 1220, 219, 0, 4, 1.5707963267948966, 4.0
127, 153, 510, 512, 511, 516, -1, -4, -1.8157749899217608, 4.123105625617661
127, 154, 1182, 124, 1182, 121, 0, 3, 1.5707963267948966, 3.0
127, 155, 1154, 199, 1155, 197, -1, 2, 2.0344439357957027, 2.23606797749979
127, 156, 1200, 291, 1199, 292, 1, -1, -0.7853981633974483, 1.4142135623730951
127, 157, 1156, 128, 1154, 126, 2, 2, 0.7853981633974483, 2.8284271247461903
127, 158, 658, 237, 659, 234, -1, 3, 1.892546881191539, 3.1622776601683795
127, 163, 371, 295, 372, 291, -1, 4, 1.8157749899217608, 4.123105625617661
127, 164, 391, 491, 395, 488, -4, 3, 2.498091544796509, 5.0
127, 165, 383, 367, 386, 367, -3, 0, 3.141592653589793, 3.0
127, 167, 1210, 231, 1210, 227, 0, 4, 1.5707963267948966, 4.0
127, 168, 489, 585, 488, 589, 1, -4, -1.3258176636680326, 4.123105625617661
127, 172, 635, 15, 636, 14, -1, 1, 2.356194490192345, 1.4142135623730951
127, 174, 757, 206, 756, 201, 1, 5, 1.373400766945016, 5.0990195135927845
127, 175, 795, 136, 797, 141, -2, -5, -1.9513027039072615, 5.385164807134504
127, 176, 169, 74, 171, 72, -2, 2, 2.356194490192345, 2.8284271247461903
127, 177, 370, 392, 369, 390, 1, 2, 1.1071487177940904, 2.23606797749979
127, 178, 155, 69, 156, 68, -1, 1, 2.356194490192345, 1.4142135623730951
127, 180, 1261, 352, 1261, 350, 0, 2, 1.5707963267948966, 2.0
127, 181, 1177, 701, 1179, 700, -2, 1, 2.677945044588987, 2.23606797749979
127, 183, 1185, 664, 1181, 662, 4, 2, 0.4636476090008061, 4.47213595499958
127, 185, 645, 264, 646, 260, -1, 4, 1.8157749899217608, 4.123105625617661
127, 186, 861, 464, 861, 469, 0, -5, -1.5707963267948966, 5.0
127, 187, 1176, 102, 1174, 100, 2, 2, 0.7853981633974483, 2.8284271247461903
127, 188, 497, 158, 499, 158, -2, 0, 3.141592653589793, 2.0
127, 189, 357, 424, 359, 422, -2, 2, 2.356194490192345, 2.8284271247461903
127, 190, 65, 443, 63, 439, 2, 4, 1.1071487177940904, 4.47213595499958
128, 0, 845, 439, 845, 443, 0, -4, -1.5707963267948966, 4.0
128, 1, 672, 701, 675, 698, -3, 3, 2.356194490192345, 4.242640687119285
128, 2, 495, 491, 495, 496, 0, -5, -1.5707963267948966, 5.0
128, 3, 799, 168, 801, 171, -2, -3, -2.158798930342464, 3.605551275463989
128, 4, 833, 437, 833, 442, 0, -5, -1.5707963267948966, 5.0
128, 5, 473, 567, 473, 571, 0, -4, -1.5707963267948966, 4.0
128, 6, 365, 333, 367, 330, -2, 3, 2.158798930342464, 3.605551275463989
128, 8, 488, 79, 488, 82, 0, -3, -1.5707963267948966, 3.0
128, 9, 505, 495, 506, 500, -1, -5, -1.7681918866447774, 5.0990195135927845
128, 10, 1092, 244, 1095, 245, -3, -1, -2.819842099193151, 3.1622776601683795
128, 11, 690, 393, 690, 397, 0, -4, -1.5707963267948966, 4.0
128, 13, 378, 383, 380, 379, -2, 4, 2.0344439357957027, 4.47213595499958
128, 14, 384, 393, 385, 390, -1, 3, 1.892546881191539, 3.1622776601683795
128, 15, 208, 26, 205, 26, 3, 0, 0.0, 3.0
128, 18, 1154, 108, 1152, 107, 2, 1, 0.4636476090008061, 2.23606797749979
128, 19, 701, 394, 701, 398, 0, -4, -1.5707963267948966, 4.0
128, 20, 765, 175, 766, 174, -1, 1, 2.356194490192345, 1.4142135623730951
128, 21, 1221, 275, 1222, 272, -1, 3, 1.892546881191539, 3.1622776601683795
128, 23, 463, 137, 464, 141, -1, -4, -1.8157749899217608, 4.123105625617661
128, 25, 1175, 694, 1174, 690, 1, 4, 1.3258176636680326, 4.123105625617661
128, 26, 652, 301, 653, 298, -1, 3, 1.892546881191539, 3.1622776601683795
128, 27, 477, 494, 478, 498, -1, -4, -1.8157749899217608, 4.123105625617661
128, 28, 1161, 110, 1159, 109, 2, 1, 0.4636476090008061, 2.23606797749979
128, 29, 496, 88, 496, 91, 0, -3, -1.5707963267948966, 3.0
128, 31, 1200, 103, 1199, 102, 1, 1, 0.7853981633974483, 1.4142135623730951
128, 32, 1090, 189, 1093, 192, -3, -3, -2.356194490192345, 4.242640687119285
128, 34, 408, 429, 408, 425, 0, 4, 1.5707963267948966, 4.0
128, 35, 54, 701, 54, 699, 0, 2, 1.5707963267948966, 2.0
128, 36, 672, 248, 673, 246, -1, 2, 2.0344439357957027, 2.23606797749979
128, 37, 1058, 230, 1060, 232, -2, -2, -2.356194490192345, 2.8284271247461903
128, 40, 1178, 701, 1175, 701, 3, 0, 0.0, 3.0
128, 41, 1197, 63, 1196, 62, 1, 1, 0.7853981633974483, 1.4142135623730951
128, 42, 1184, 681, 1180, 680, 4, 1, 0.24497866312686414, 4.123105625617661
128, 43, 1207, 692, 1206, 693, 1, -1, -0.7853981633974483, 1.4142135623730951
128, 44, 1083, 177, 1086, 180, -3, -3, -2.356194490192345, 4.242640687119285
128, 45, 109, 493, 107, 492, 2, 1, 0.4636476090008061, 2.23606797749979
128, 46, 787, 125, 789, 128, -2, -3, -2.158798930342464, 3.605551275463989
128, 47, 472, 126, 473, 130, -1, -4, -1.8157749899217608, 4.123105625617661
128, 48, 477, 135, 478, 139, -1, -4, -1.8157749899217608, 4.123105625617661
128, 49, 708, 308, 708, 313, 0, -5, -1.5707963267948966, 5.0
128, 51, 651, 701, 653, 701, -2, 0, 3.141592653589793, 2.0
128, 53, 708, 441, 708, 445, 0, -4, -1.5707963267948966, 4.0
128, 54, 737, 275, 737, 278, 0, -3, -1.5707963267948966, 3.0
128, 55, 621, 303, 622, 300, -1, 3, 1.892546881191539, 3.1622776601683795
128, 56, 480, 114, 480, 117, 0, -3, -1.5707963267948966, 3.0
128, 59, 152, 60, 153, 59, -1, 1, 2.356194490192345, 1.4142135623730951
128, 61, 665, 231, 666, 229, -1, 2, 2.0344439357957027, 2.23606797749979
128, 62, 216, 81, 214, 82, 2, -1, -0.4636476090008061, 2.23606797749979
128, 63, 1202, 636, 1200, 633, 2, 3, 0.982793723247329, 3.605551275463989
128, 64, 502, 558, 502, 562, 0, -4, -1.5707963267948966, 4.0
128, 65, 571, 102, 573, 104, -2, -2, -2.356194490192345, 2.8284271247461903
128, 67, 67, 457, 65, 454, 2, 3, 0.982793723247329, 3.605551275463989
128, 68, 1189, 308, 1189, 305, 0, 3, 1.5707963267948966, 3.0
128, 70, 812, 446, 814, 450, -2, -4, -2.0344439357957027, 4.47213595499958
128, 71, 207, 33, 204, 33, 3, 0, 0.0, 3.0
128, 72, 666, 695, 669, 691, -3, 4, 2.214297435588181, 5.0
128, 73, 462, 566, 463, 570, -1, -4, -1.8157749899217608, 4.123105625617661
128, 74, 681, 439, 681, 442, 0, -3, -1.5707963267948966, 3.0
128, 75, 686, 23, 685, 25, 1, -2, -1.1071487177940904, 2.23606797749979
128, 77, 1162, 74, 1160, 74, 2, 0, 0.0, 2.0
128, 79, 800, 147, 801, 150, -1, -3, -1.892546881191539, 3.1622776601683795
128, 80, 81, 453, 79, 449, 2, 4, 1.1071487177940904, 4.47213595499958
128, 81, 1261, 369, 1261, 367, 0, 2, 1.5707963267948966, 2.0
128, 83, 816, 475, 815, 477, 1, -2, -1.1071487177940904, 2.23606797749979
128, 84, 853, 23, 855, 24, -2, -1, -2.677945044588987, 2.23606797749979
128, 85, 399, 337, 401, 335, -2, 2, 2.356194490192345, 2.8284271247461903
128, 86, 696, 403, 696, 407, 0, -4, -1.5707963267948966, 4.0
128, 87, 376, 470, 378, 469, -2, 1, 2.677945044588987, 2.23606797749979
128, 88, 700, 378, 700, 382, 0, -4, -1.5707963267948966, 4.0
128, 89, 692, 483, 693, 485, -1, -2, -2.0344439357957027, 2.23606797749979
128, 92, 485, 89, 485, 92, 0, -3, -1.5707963267948966, 3.0
128, 93, 1222, 235, 1223, 231, -1, 4, 1.8157749899217608, 4.123105625617661
128, 94, 472, 229, 473, 232, -1, -3, -1.892546881191539, 3.1622776601683795
128, 97, 69, 506, 68, 504, 1, 2, 1.1071487177940904, 2.23606797749979
128, 98, 1067, 221, 1069, 223, -2, -2, -2.356194490192345, 2.8284271247461903
128, 99, 1179, 151, 1180, 150, -1, 1, 2.356194490192345, 1.4142135623730951
128, 100, 688, 380, 688, 384, 0, -4, -1.5707963267948966, 4.0
128, 101, 1171, 161, 1172, 160, -1, 1, 2.356194490192345, 1.4142135623730951
128, 102, 859, 33, 861, 34, -2, -1, -2.677945044588987, 2.23606797749979
128, 103, 1080, 191, 1082, 194, -2, -3, -2.158798930342464, 3.605551275463989
128, 104, 1175, 65, 1173, 65, 2, 0, 0.0, 2.0
128, 105, 750, 219, 750, 217, 0, 2, 1.5707963267948966, 2.0
128, 106, 380, 305, 382, 302, -2, 3, 2.158798930342464, 3.605551275463989
128, 107, 388, 483, 389, 480, -1, 3, 1.892546881191539, 3.1622776601683795
128, 108, 806, 484, 808, 488, -2, -4, -2.0344439357957027, 4.47213595499958
128, 109, 618, 112, 619, 110, -1, 2, 2.0344439357957027, 2.23606797749979
128, 110, 631, 114, 631, 112, 0, 2, 1.5707963267948966, 2.0
128, 111, 1194, 107, 1193, 106, 1, 1, 0.7853981633974483, 1.4142135623730951
128, 114, 841, 417, 841, 422, 0, -5, -1.5707963267948966, 5.0
128, 115, 464, 543, 465, 548, -1, -5, -1.7681918866447774, 5.0990195135927845
128, 116, 1261, 361, 1261, 359, 0, 2, 1.5707963267948966, 2.0
128, 117, 1089, 234, 1093, 235, -4, -1, -2.896613990462929, 4.123105625617661
128, 120, 728, 364, 729, 366, -1, -2, -2.0344439357957027, 2.23606797749979
128, 121, 1219, 227, 1220, 223, -1, 4, 1.8157749899217608, 4.123105625617661
128, 127, 657, 238, 658, 237, -1, 1, 2.356194490192345, 1.4142135623730951
128, 130, 369, 298, 371, 295, -2, 3, 2.158798930342464, 3.605551275463989
128, 131, 390, 493, 391, 491, -1, 2, 2.0344439357957027, 2.23606797749979
128, 132, 381, 366, 383, 367, -2, -1, -2.677945044588987, 2.23606797749979
128, 134, 1209, 235, 1210, 231, -1, 4, 1.8157749899217608, 4.123105625617661
128, 135, 488, 581, 489, 585, -1, -4, -1.8157749899217608, 4.123105625617661
128, 139, 758, 208, 757, 206, 1, 2, 1.1071487177940904, 2.23606797749979
128, 140, 794, 133, 795, 136, -1, -3, -1.892546881191539, 3.1622776601683795
128, 142, 370, 395, 370, 392, 0, 3, 1.5707963267948966, 3.0
128, 144, 1261, 355, 1261, 352, 0, 3, 1.5707963267948966, 3.0
128, 145, 1180, 701, 1177, 701, 3, 0, 0.0, 3.0
128, 147, 1189, 665, 1185, 664, 4, 1, 0.24497866312686414, 4.123105625617661
128, 148, 644, 266, 645, 264, -1, 2, 2.0344439357957027, 2.23606797749979
128, 149, 861, 459, 861, 464, 0, -5, -1.5707963267948966, 5.0
128, 150, 1177, 103, 1176, 102, 1, 1, 0.7853981633974483, 1.4142135623730951
128, 151, 356, 426, 357, 424, -1, 2, 2.0344439357957027, 2.23606797749979
128, 152, 67, 447, 65, 443, 2, 4, 1.1071487177940904, 4.47213595499958
129, 0, 845, 435, 845, 439, 0, -4, -1.5707963267948966, 4.0
129, 1, 669, 701, 672, 701, -3, 0, 3.141592653589793, 3.0
129, 2, 495, 487, 495, 491, 0, -4, -1.5707963267948966, 4.0
129, 3, 797, 165, 799, 168, -2, -3, -2.158798930342464, 3.605551275463989
129, 4, 833, 432, 833, 437, 0, -5, -1.5707963267948966, 5.0
129, 5, 471, 563, 473, 567, -2, -4, -2.0344439357957027, 4.47213595499958
129, 6, 363, 336, 365, 333, -2, 3, 2.158798930342464, 3.605551275463989
129, 8, 487, 75, 488, 79, -1, -4, -1.8157749899217608, 4.123105625617661
129, 9, 505, 490, 505, 495, 0, -5, -1.5707963267948966, 5.0
129, 10, 1090, 243, 1092, 244, -2, -1, -2.677945044588987, 2.23606797749979
129, 11, 690, 389, 690, 393, 0, -4, -1.5707963267948966, 4.0
129, 12, 626, 77, 626, 75, 0, 2, 1.5707963267948966, 2.0
129, 13, 378, 386, 378, 383, 0, 3, 1.5707963267948966, 3.0
129, 14, 384, 396, 384, 393, 0, 3, 1.5707963267948966, 3.0
129, 15, 211, 26, 208, 26, 3, 0, 0.0, 3.0
129, 17, 1156, 109, 1154, 108, 2, 1, 0.4636476090008061, 2.23606797749979
129, 18, 701, 390, 701, 394, 0, -4, -1.5707963267948966, 4.0
129, 19, 764, 176, 765, 175, -1, 1, 2.356194490192345, 1.4142135623730951
129, 20, 1220, 278, 1221, 275, -1, 3, 1.892546881191539, 3.1622776601683795
129, 21, 1259, 206, 1260, 204, -1, 2, 2.0344439357957027, 2.23606797749979
129, 22, 462, 133, 463, 137, -1, -4, -1.8157749899217608, 4.123105625617661
129, 25, 650, 304, 652, 301, -2, 3, 2.158798930342464, 3.605551275463989
129, 26, 476, 490, 477, 494, -1, -4, -1.8157749899217608, 4.123105625617661
129, 27, 1162, 111, 1161, 110, 1, 1, 0.7853981633974483, 1.4142135623730951
129, 28, 496, 84, 496, 88, 0, -4, -1.5707963267948966, 4.0
129, 31, 1087, 186, 1090, 189, -3, -3, -2.356194490192345, 4.242640687119285
129, 32, 543, 100, 543, 102, 0, -2, -1.5707963267948966, 2.0
129, 33, 408, 434, 408, 429, 0, 5, 1.5707963267948966, 5.0
129, 35, 671, 250, 672, 248, -1, 2, 2.0344439357957027, 2.23606797749979
129, 36, 1056, 228, 1058, 230, -2, -2, -2.356194490192345, 2.8284271247461903
129, 37, 505, 520, 505, 518, 0, 2, 1.5707963267948966, 2.0
129, 38, 1260, 212, 1261, 210, -1, 2, 2.0344439357957027, 2.23606797749979
129, 41, 1188, 684, 1184, 681, 4, 3, 0.6435011087932844, 5.0
129, 42, 1209, 693, 1207, 692, 2, 1, 0.4636476090008061, 2.23606797749979
129, 43, 1080, 174, 1083, 177, -3, -3, -2.356194490192345, 4.242640687119285
129, 44, 111, 495, 109, 493, 2, 2, 0.7853981633974483, 2.8284271247461903
129, 45, 786, 122, 787, 125, -1, -3, -1.892546881191539, 3.1622776601683795
129, 46, 471, 122, 472, 126, -1, -4, -1.8157749899217608, 4.123105625617661
129, 47, 476, 131, 477, 135, -1, -4, -1.8157749899217608, 4.123105625617661
129, 48, 708, 304, 708, 308, 0, -4, -1.5707963267948966, 4.0
129, 50, 649, 701, 651, 701, -2, 0, 3.141592653589793, 2.0
129, 52, 708, 437, 708, 441, 0, -4, -1.5707963267948966, 4.0
129, 53, 736, 272, 737, 275, -1, -3, -1.892546881191539, 3.1622776601683795
129, 54, 620, 307, 621, 303, -1, 4, 1.8157749899217608, 4.123105625617661
129, 55, 480, 110, 480, 114, 0, -4, -1.5707963267948966, 4.0
129, 60, 664, 233, 665, 231, -1, 2, 2.0344439357957027, 2.23606797749979
129, 61, 218, 80, 216, 81, 2, -1, -0.4636476090008061, 2.23606797749979
129, 62, 1204, 639, 1202, 636, 2, 3, 0.982793723247329, 3.605551275463989
129, 63, 502, 555, 502, 558, 0, -3, -1.5707963267948966, 3.0
129, 64, 569, 99, 571, 102, -2, -3, -2.158798930342464, 3.605551275463989
129, 65, 206, 84, 205, 85, 1, -1, -0.7853981633974483, 1.4142135623730951
129, 66, 69, 460, 67, 457, 2, 3, 0.982793723247329, 3.605551275463989
129, 67, 1189, 310, 1189, 308, 0, 2, 1.5707963267948966, 2.0
129, 68, 113, 545, 114, 542, -1, 3, 1.892546881191539, 3.1622776601683795
129, 69, 810, 443, 812, 446, -2, -3, -2.158798930342464, 3.605551275463989
129, 70, 210, 32, 207, 33, 3, -1, -0.3217505543966422, 3.1622776601683795
129, 71, 664, 699, 666, 695, -2, 4, 2.0344439357957027, 4.47213595499958
129, 72, 460, 562, 462, 566, -2, -4, -2.0344439357957027, 4.47213595499958
129, 73, 681, 435, 681, 439, 0, -4, -1.5707963267948966, 4.0
129, 74, 686, 21, 686, 23, 0, -2, -1.5707963267948966, 2.0
129, 76, 1164, 74, 1162, 74, 2, 0, 0.0, 2.0
129, 78, 799, 144, 800, 147, -1, -3, -1.892546881191539, 3.1622776601683795
129, 79, 83, 456, 81, 453, 2, 3, 0.982793723247329, 3.605551275463989
129, 80, 1261, 371, 1261, 369, 0, 2, 1.5707963267948966, 2.0
129, 81, 608, 351, 609, 350, -1, 1, 2.356194490192345, 1.4142135623730951
129, 82, 814, 471, 816, 475, -2, -4, -2.0344439357957027, 4.47213595499958
129, 83, 851, 21, 853, 23, -2, -2, -2.356194490192345, 2.8284271247461903
129, 84, 397, 340, 399, 337, -2, 3, 2.158798930342464, 3.605551275463989
129, 85, 696, 399, 696, 403, 0, -4, -1.5707963267948966, 4.0
129, 87, 700, 374, 700, 378, 0, -4, -1.5707963267948966, 4.0
129, 91, 485, 85, 485, 89, 0, -4, -1.5707963267948966, 4.0
129, 92, 1221, 239, 1222, 235, -1, 4, 1.8157749899217608, 4.123105625617661
129, 93, 470, 226, 472, 229, -2, -3, -2.158798930342464, 3.605551275463989
129, 95, 70, 509, 69, 506, 1, 3, 1.2490457723982544, 3.1622776601683795
129, 96, 1065, 219, 1067, 221, -2, -2, -2.356194490192345, 2.8284271247461903
129, 97, 1178, 152, 1179, 151, -1, 1, 2.356194490192345, 1.4142135623730951
129, 98, 688, 376, 688, 380, 0, -4, -1.5707963267948966, 4.0
129, 100, 857, 31, 859, 33, -2, -2, -2.356194490192345, 2.8284271247461903
129, 101, 1077, 188, 1080, 191, -3, -3, -2.356194490192345, 4.242640687119285
129, 102, 1177, 65, 1175, 65, 2, 0, 0.0, 2.0
129, 103, 750, 221, 750, 219, 0, 2, 1.5707963267948966, 2.0
129, 104, 378, 308, 380, 305, -2, 3, 2.158798930342464, 3.605551275463989
129, 105, 387, 484, 388, 483, -1, 1, 2.356194490192345, 1.4142135623730951
129, 106, 804, 480, 806, 484, -2, -4, -2.0344439357957027, 4.47213595499958
129, 107, 618, 114, 618, 112, 0, 2, 1.5707963267948966, 2.0
129, 108, 631, 116, 631, 114, 0, 2, 1.5707963267948966, 2.0
129, 109, 1195, 108, 1194, 107, 1, 1, 0.7853981633974483, 1.4142135623730951
129, 112, 841, 413, 841, 417, 0, -4, -1.5707963267948966, 4.0
129, 113, 463, 537, 464, 543, -1, -6, -1.7359450042095235, 6.082762530298219
129, 114, 1261, 363, 1261, 361, 0, 2, 1.5707963267948966, 2.0
129, 115, 1086, 231, 1089, 234, -3, -3, -2.356194490192345, 4.242640687119285
129, 118, 727, 362, 728, 364, -1, -2, -2.0344439357957027, 2.23606797749979
129, 119, 1218, 231, 1219, 227, -1, 4, 1.8157749899217608, 4.123105625617661
129, 120, 510, 509, 510, 511, 0, -2, -1.5707963267948966, 2.0
129, 124, 1156, 129, 1157, 128, -1, 1, 2.356194490192345, 1.4142135623730951
129, 125, 656, 240, 657, 238, -1, 2, 2.0344439357957027, 2.23606797749979
129, 126, 367, 301, 369, 298, -2, 3, 2.158798930342464, 3.605551275463989
129, 129, 774, 23, 774, 25, 0, -2, -1.5707963267948966, 2.0
129, 130, 1209, 239, 1209, 235, 0, 4, 1.5707963267948966, 4.0
129, 131, 487, 576, 488, 581, -1, -5, -1.7681918866447774, 5.0990195135927845
129, 134, 759, 209, 758, 208, 1, 1, 0.7853981633974483, 1.4142135623730951
129, 135, 793, 130, 794, 133, -1, -3, -1.892546881191539, 3.1622776601683795
129, 136, 370, 398, 370, 395, 0, 3, 1.5707963267948966, 3.0
129, 138, 1261, 358, 1261, 355, 0, 3, 1.5707963267948966, 3.0
129, 141, 1193, 667, 1189, 665, 4, 2, 0.4636476090008061, 4.47213595499958
129, 142, 643, 267, 644, 266, -1, 1, 2.356194490192345, 1.4142135623730951
129, 143, 861, 454, 861, 459, 0, -5, -1.5707963267948966, 5.0
129, 144, 1178, 104, 1177, 103, 1, 1, 0.7853981633974483, 1.4142135623730951
129, 145, 356, 429, 356, 426, 0, 3, 1.5707963267948966, 3.0
129, 146, 69, 450, 67, 447, 2, 3, 0.982793723247329, 3.605551275463989
130, 1, 846, 434, 846, 438, 0, -4, -1.5707963267948966, 4.0
130, 3, 510, 529, 510, 526, 0, 3, 1.5707963267948966, 3.0
130, 4, 366, 336, 368, 333, -2, 3, 2.158798930342464, 3.605551275463989
130, 5, 626, 79, 626, 77, 0, 2, 1.5707963267948966, 2.0
130, 6, 488, 82, 489, 86, -1, -4, -1.8157749899217608, 4.123105625617661
130, 7, 816, 457, 816, 461, 0, -4, -1.5707963267948966, 4.0
130, 8, 833, 431, 833, 436, 0, -5, -1.5707963267948966, 5.0
130, 10, 70, 465, 68, 462, 2, 3, 0.982793723247329, 3.605551275463989
130, 11, 495, 484, 495, 489, 0, -5, -1.5707963267948966, 5.0
130, 12, 1259, 208, 1260, 205, -1, 3, 1.892546881191539, 3.1622776601683795
130, 13, 217, 70, 214, 71, 3, -1, -0.3217505543966422, 3.1622776601683795
130, 15, 1062, 234, 1064, 236, -2, -2, -2.356194490192345, 2.8284271247461903
130, 16, 1156, 110, 1154, 109, 2, 1, 0.4636476090008061, 2.23606797749979
130, 18, 1092, 194, 1095, 197, -3, -3, -2.356194490192345, 4.242640687119285
130, 19, 688, 397, 688, 401, 0, -4, -1.5707963267948966, 4.0
130, 21, 800, 172, 801, 175, -1, -3, -1.892546881191539, 3.1622776601683795
130, 22, 465, 141, 466, 144, -1, -3, -1.892546881191539, 3.1622776601683795
130, 24, 481, 486, 482, 490, -1, -4, -1.8157749899217608, 4.123105625617661
130, 27, 210, 26, 207, 27, 3, -1, -0.3217505543966422, 3.1622776601683795
130, 28, 704, 400, 704, 404, 0, -4, -1.5707963267948966, 4.0
130, 30, 378, 462, 379, 459, -1, 3, 1.892546881191539, 3.1622776601683795
130, 31, 1206, 690, 1204, 689, 2, 1, 0.4636476090008061, 2.23606797749979
130, 32, 1199, 104, 1198, 103, 1, 1, 0.7853981633974483, 1.4142135623730951
130, 33, 674, 701, 677, 703, -3, -2, -2.5535900500422257, 3.605551275463989
130, 35, 236, 81, 234, 81, 2, 0, 0.0, 2.0
130, 36, 1215, 650, 1215, 646, 0, 4, 1.5707963267948966, 4.0
130, 37, 837, 488, 837, 491, 0, -3, -1.5707963267948966, 3.0
130, 39, 387, 397, 387, 394, 0, 3, 1.5707963267948966, 3.0
130, 41, 411, 435, 411, 430, 0, 5, 1.5707963267948966, 5.0
130, 42, 1074, 244, 1076, 246, -2, -2, -2.356194490192345, 2.8284271247461903
130, 44, 478, 139, 479, 143, -1, -4, -1.8157749899217608, 4.123105625617661
130, 45, 1081, 195, 1084, 197, -3, -2, -2.5535900500422257, 3.605551275463989
130, 46, 1245, 701, 1245, 709, 0, -8, -1.5707963267948966, 8.0
130, 47, 205, 86, 204, 87, 1, -1, -0.7853981633974483, 1.4142135623730951
130, 48, 707, 296, 707, 300, 0, -4, -1.5707963267948966, 4.0
130, 49, 122, 560, 124, 560, -2, 0, 3.141592653589793, 2.0
130, 50, 802, 152, 803, 154, -1, -2, -2.0344439357957027, 2.23606797749979
130, 51, 496, 91, 497, 94, -1, -3, -1.892546881191539, 3.1622776601683795
130, 53, 1261, 212, 1266, 209, -5, 3, 2.601173153319209, 5.830951894845301
130, 54, 1085, 181, 1088, 184, -3, -3, -2.356194490192345, 4.242640687119285
130, 55, 468, 565, 469, 569, -1, -4, -1.8157749899217608, 4.123105625617661
130, 58, 463, 539, 464, 544, -1, -5, -1.7681918866447774, 5.0990195135927845
130, 59, 577, 103, 578, 105, -1, -2, -2.0344439357957027, 2.23606797749979
130, 60, 855, 25, 857, 26, -2, -1, -2.677945044588987, 2.23606797749979
130, 62, 673, 246, 674, 245, -1, 1, 2.356194490192345, 1.4142135623730951
130, 64, 400, 427, 400, 422, 0, 5, 1.5707963267948966, 5.0
130, 65, 811, 474, 812, 477, -1, -3, -1.892546881191539, 3.1622776601683795
130, 67, 606, 351, 607, 349, -1, 2, 2.0344439357957027, 2.23606797749979
130, 69, 660, 231, 661, 229, -1, 2, 2.0344439357957027, 2.23606797749979
130, 70, 697, 406, 697, 410, 0, -4, -1.5707963267948966, 4.0
130, 71, 469, 130, 470, 133, -1, -3, -1.892546881191539, 3.1622776601683795
130, 72, 682, 438, 682, 441, 0, -3, -1.5707963267948966, 3.0
130, 77, 790, 129, 791, 132, -1, -3, -1.892546881191539, 3.1622776601683795
130, 78, 652, 701, 653, 704, -1, -3, -1.892546881191539, 3.1622776601683795
130, 79, 87, 458, 84, 455, 3, 3, 0.7853981633974483, 4.242640687119285
130, 81, 1057, 260, 1061, 264, -4, -4, -2.356194490192345, 5.656854249492381
130, 85, 376, 385, 376, 383, 0, 2, 1.5707963267948966, 2.0
130, 87, 738, 279, 738, 281, 0, -2, -1.5707963267948966, 2.0
130, 88, 667, 699, 670, 695, -3, 4, 2.214297435588181, 5.0
130, 91, 504, 597, 503, 602, 1, -5, -1.373400766945016, 5.0990195135927845
130, 93, 1174, 65, 1172, 65, 2, 0, 0.0, 2.0
130, 94, 701, 381, 701, 385, 0, -4, -1.5707963267948966, 4.0
130, 96, 209, 35, 206, 36, 3, -1, -0.3217505543966422, 3.1622776601683795
130, 97, 484, 576, 485, 580, -1, -4, -1.8157749899217608, 4.123105625617661
130, 102, 1161, 75, 1159, 75, 2, 0, 0.0, 2.0
130, 103, 1261, 249, 1273, 247, -12, 2, 2.976443976175166, 12.165525060596439
130, 104, 621, 308, 622, 304, -1, 4, 1.8157749899217608, 4.123105625617661
130, 105, 1221, 278, 1221, 274, 0, 4, 1.5707963267948966, 4.0
130, 107, 861, 35, 863, 36, -2, -1, -2.677945044588987, 2.23606797749979
130, 108, 458, 565, 460, 569, -2, -4, -2.0344439357957027, 4.47213595499958
130, 109, 480, 69, 481, 71, -1, -2, -2.0344439357957027, 2.23606797749979
130, 110, 1197, 64, 1196, 63, 1, 1, 0.7853981633974483, 1.4142135623730951
130, 112, 373, 398, 373, 395, 0, 3, 1.5707963267948966, 3.0
130, 113, 1261, 375, 1266, 375, -5, 0, 3.141592653589793, 5.0
130, 119, 1223, 239, 1224, 235, -1, 4, 1.8157749899217608, 4.123105625617661
130, 122, 621, 115, 621, 113, 0, 2, 1.5707963267948966, 2.0
130, 123, 69, 452, 67, 449, 2, 3, 0.982793723247329, 3.605551275463989
130, 125, 1261, 394, 1267, 394, -6, 0, 3.141592653589793, 6.0
130, 126, 485, 92, 485, 95, 0, -3, -1.5707963267948966, 3.0
130, 128, 398, 341, 400, 338, -2, 3, 2.158798930342464, 3.605551275463989
130, 130, 1200, 700, 1198, 698, 2, 2, 0.7853981633974483, 2.8284271247461903
130, 131, 657, 237, 658, 236, -1, 1, 2.356194490192345, 1.4142135623730951
130, 132, 843, 417, 843, 421, 0, -4, -1.5707963267948966, 4.0
130, 133, 696, 395, 696, 399, 0, -4, -1.5707963267948966, 4.0
130, 135, 1064, 272, 1066, 274, -2, -2, -2.356194490192345, 2.8284271247461903
130, 136, 490, 170, 491, 173, -1, -3, -1.892546881191539, 3.1622776601683795
130, 137, 689, 384, 689, 388, 0, -4, -1.5707963267948966, 4.0
130, 138, 861, 465, 861, 469, 0, -4, -1.5707963267948966, 4.0
130, 139, 403, 335, 405, 332, -2, 3, 2.158798930342464, 3.605551275463989
130, 140, 1155, 122, 1155, 120, 0, 2, 1.5707963267948966, 2.0
130, 141, 1177, 103, 1176, 102, 1, 1, 0.7853981633974483, 1.4142135623730951
130, 142, 732, 343, 733, 350, -1, -7, -1.7126933813990606, 7.0710678118654755
130, 143, 1208, 239, 1209, 235, -1, 4, 1.8157749899217608, 4.123105625617661
130, 146, 124, 569, 125, 567, -1, 2, 2.0344439357957027, 2.23606797749979
130, 148, 480, 222, 481, 224, -1, -2, -2.0344439357957027, 2.23606797749979
130, 150, 633, 114, 633, 112, 0, 2, 1.5707963267948966, 2.0
130, 153, 1245, 646, 1243, 643, 2, 3, 0.982793723247329, 3.605551275463989
130, 154, 1218, 231, 1219, 227, -1, 4, 1.8157749899217608, 4.123105625617661
130, 155, 796, 137, 797, 140, -1, -3, -1.892546881191539, 3.1622776601683795
130, 156, 842, 507, 842, 516, 0, -9, -1.5707963267948966, 9.0
130, 159, 383, 309, 385, 306, -2, 3, 2.158798930342464, 3.605551275463989
130, 160, 482, 118, 482, 121, 0, -3, -1.5707963267948966, 3.0
130, 162, 1067, 228, 1069, 230, -2, -2, -2.356194490192345, 2.8284271247461903
130, 163, 1261, 244, 1266, 242, -5, 2, 2.761086276477428, 5.385164807134504
130, 164, 384, 352, 386, 349, -2, 3, 2.158798930342464, 3.605551275463989
130, 165, 369, 300, 371, 297, -2, 3, 2.158798930342464, 3.605551275463989
130, 166, 507, 492, 507, 497, 0, -5, -1.5707963267948966, 5.0
130, 167, 1261, 212, 1278, 210, -17, 2, 3.024483909022929, 17.11724276862369
130, 168, 503, 550, 505, 549, -2, 1, 2.677945044588987, 2.23606797749979
130, 169, 1261, 362, 1275, 359, -14, 3, 2.930499320367047, 14.317821063276353
130, 170, 823, 439, 823, 443, 0, -4, -1.5707963267948966, 4.0
130, 174, 1231, 272, 1231, 268, 0, 4, 1.5707963267948966, 4.0
130, 175, 207, 69, 204, 69, 3, 0, 0.0, 3.0
130, 177, 647, 361, 648, 358, -1, 3, 1.892546881191539, 3.1622776601683795
131, 1, 847, 430, 846, 434, 1, -4, -1.3258176636680326, 4.123105625617661
131, 3, 510, 532, 510, 529, 0, 3, 1.5707963267948966, 3.0
131, 4, 364, 339, 366, 336, -2, 3, 2.158798930342464, 3.605551275463989
131, 5, 626, 81, 626, 79, 0, 2, 1.5707963267948966, 2.0
131, 6, 487, 79, 488, 82, -1, -3, -1.892546881191539, 3.1622776601683795
131, 7, 817, 453, 816, 457, 1, -4, -1.3258176636680326, 4.123105625617661
131, 8, 834, 426, 833, 431, 1, -5, -1.373400766945016, 5.0990195135927845
131, 9, 73, 467, 70, 465, 3, 2, 0.5880026035475675, 3.605551275463989
131, 10, 495, 479, 495, 484, 0, -5, -1.5707963267948966, 5.0
131, 11, 1258, 211, 1259, 208, -1, 3, 1.892546881191539, 3.1622776601683795
131, 12, 221, 69, 217, 70, 4, -1, -0.24497866312686414, 4.123105625617661
131, 14, 1060, 233, 1062, 234, -2, -1, -2.677945044588987, 2.23606797749979
131, 15, 1157, 111, 1156, 110, 1, 1, 0.7853981633974483, 1.4142135623730951
131, 17, 1089, 191, 1092, 194, -3, -3, -2.356194490192345, 4.242640687119285
131, 18, 688, 393, 688, 397, 0, -4, -1.5707963267948966, 4.0
131, 20, 799, 169, 800, 172, -1, -3, -1.892546881191539, 3.1622776601683795
131, 21, 464, 139, 465, 141, -1, -2, -2.0344439357957027, 2.23606797749979
131, 23, 480, 482, 481, 486, -1, -4, -1.8157749899217608, 4.123105625617661
131, 26, 213, 25, 210, 26, 3, -1, -0.3217505543966422, 3.1622776601683795
131, 27, 704, 396, 704, 400, 0, -4, -1.5707963267948966, 4.0
131, 28, 693, 486, 693, 489, 0, -3, -1.5707963267948966, 3.0
131, 29, 376, 464, 378, 462, -2, 2, 2.356194490192345, 2.8284271247461903
131, 30, 1208, 691, 1206, 690, 2, 1, 0.4636476090008061, 2.23606797749979
131, 32, 671, 701, 674, 701, -3, 0, 3.141592653589793, 3.0
131, 34, 238, 81, 236, 81, 2, 0, 0.0, 2.0
131, 35, 1215, 654, 1215, 650, 0, 4, 1.5707963267948966, 4.0
131, 36, 837, 484, 837, 488, 0, -4, -1.5707963267948966, 4.0
131, 38, 386, 400, 387, 397, -1, 3, 1.892546881191539, 3.1622776601683795
131, 40, 411, 440, 411, 435, 0, 5, 1.5707963267948966, 5.0
131, 41, 1072, 242, 1074, 244, -2, -2, -2.356194490192345, 2.8284271247461903
131, 43, 477, 136, 478, 139, -1, -3, -1.892546881191539, 3.1622776601683795
131, 44, 1078, 192, 1081, 195, -3, -3, -2.356194490192345, 4.242640687119285
131, 45, 1247, 701, 1245, 701, 2, 0, 0.0, 2.0
131, 46, 207, 85, 205, 86, 2, -1, -0.4636476090008061, 2.23606797749979
131, 47, 707, 291, 707, 296, 0, -5, -1.5707963267948966, 5.0
131, 48, 121, 561, 122, 560, -1, 1, 2.356194490192345, 1.4142135623730951
131, 49, 801, 150, 802, 152, -1, -2, -2.0344439357957027, 2.23606797749979
131, 50, 495, 87, 496, 91, -1, -4, -1.8157749899217608, 4.123105625617661
131, 52, 1260, 215, 1261, 212, -1, 3, 1.892546881191539, 3.1622776601683795
131, 53, 1082, 178, 1085, 181, -3, -3, -2.356194490192345, 4.242640687119285
131, 54, 466, 561, 468, 565, -2, -4, -2.0344439357957027, 4.47213595499958
131, 56, 462, 534, 463, 539, -1, -5, -1.7681918866447774, 5.0990195135927845
131, 57, 577, 101, 577, 103, 0, -2, -1.5707963267948966, 2.0
131, 58, 853, 24, 855, 25, -2, -1, -2.677945044588987, 2.23606797749979
131, 59, 766, 184, 765, 182, 1, 2, 1.1071487177940904, 2.23606797749979
131, 60, 672, 247, 673, 246, -1, 1, 2.356194490192345, 1.4142135623730951
131, 62, 400, 432, 400, 427, 0, 5, 1.5707963267948966, 5.0
131, 63, 812, 470, 811, 474, 1, -4, -1.3258176636680326, 4.123105625617661
131, 65, 605, 353, 606, 351, -1, 2, 2.0344439357957027, 2.23606797749979
131, 66, 659, 232, 660, 231, -1, 1, 2.356194490192345, 1.4142135623730951
131, 67, 697, 402, 697, 406, 0, -4, -1.5707963267948966, 4.0
131, 68, 468, 127, 469, 130, -1, -3, -1.892546881191539, 3.1622776601683795
131, 69, 682, 433, 682, 438, 0, -5, -1.5707963267948966, 5.0
131, 73, 789, 126, 790, 129, -1, -3, -1.892546881191539, 3.1622776601683795
131, 74, 649, 701, 652, 701, -3, 0, 3.141592653589793, 3.0
131, 75, 90, 461, 87, 458, 3, 3, 0.7853981633974483, 4.242640687119285
131, 77, 1054, 255, 1057, 260, -3, -5, -2.1112158270654806, 5.830951894845301
131, 80, 375, 388, 376, 385, -1, 3, 1.892546881191539, 3.1622776601683795
131, 82, 738, 276, 738, 279, 0, -3, -1.5707963267948966, 3.0
131, 83, 664, 701, 667, 699, -3, 2, 2.5535900500422257, 3.605551275463989
131, 86, 503, 594, 504, 597, -1, -3, -1.892546881191539, 3.1622776601683795
131, 88, 1176, 65, 1174, 65, 2, 0, 0.0, 2.0
131, 89, 700, 377, 701, 381, -1, -4, -1.8157749899217608, 4.123105625617661
131, 91, 213, 34, 209, 35, 4, -1, -0.24497866312686414, 4.123105625617661
131, 92, 483, 573, 484, 576, -1, -3, -1.892546881191539, 3.1622776601683795
131, 96, 1163, 75, 1161, 75, 2, 0, 0.0, 2.0
131, 98, 620, 312, 621, 308, -1, 4, 1.8157749899217608, 4.123105625617661
131, 99, 1221, 282, 1221, 278, 0, 4, 1.5707963267948966, 4.0
131, 101, 859, 34, 861, 35, -2, -1, -2.677945044588987, 2.23606797749979
131, 102, 456, 561, 458, 565, -2, -4, -2.0344439357957027, 4.47213595499958
131, 103, 479, 67, 480, 69, -1, -2, -2.0344439357957027, 2.23606797749979
131, 104, 1198, 65, 1197, 64, 1, 1, 0.7853981633974483, 1.4142135623730951
131, 106, 372, 401, 373, 398, -1, 3, 1.892546881191539, 3.1622776601683795
131, 112, 499, 158, 499, 160, 0, -2, -1.5707963267948966, 2.0
131, 113, 1222, 243, 1223, 239, -1, 4, 1.8157749899217608, 4.123105625617661
131, 116, 621, 117, 621, 115, 0, 2, 1.5707963267948966, 2.0
131, 117, 72, 455, 69, 452, 3, 3, 0.7853981633974483, 4.242640687119285
131, 119, 1261, 396, 1261, 394, 0, 2, 1.5707963267948966, 2.0
131, 120, 484, 89, 485, 92, -1, -3, -1.892546881191539, 3.1622776601683795
131, 121, 1145, 129, 1143, 129, 2, 0, 0.0, 2.0
131, 122, 396, 344, 398, 341, -2, 3, 2.158798930342464, 3.605551275463989
131, 124, 1202, 701, 1200, 700, 2, 1, 0.4636476090008061, 2.23606797749979
131, 125, 656, 238, 657, 237, -1, 1, 2.356194490192345, 1.4142135623730951
131, 126, 844, 413, 843, 417, 1, -4, -1.3258176636680326, 4.123105625617661
131, 127, 696, 391, 696, 395, 0, -4, -1.5707963267948966, 4.0
131, 129, 1062, 268, 1064, 272, -2, -4, -2.0344439357957027, 4.47213595499958
131, 130, 489, 167, 490, 170, -1, -3, -1.892546881191539, 3.1622776601683795
131, 131, 688, 380, 689, 384, -1, -4, -1.8157749899217608, 4.123105625617661
131, 132, 861, 460, 861, 465, 0, -5, -1.5707963267948966, 5.0
131, 133, 401, 338, 403, 335, -2, 3, 2.158798930342464, 3.605551275463989
131, 135, 1178, 104, 1177, 103, 1, 1, 0.7853981633974483, 1.4142135623730951
131, 136, 731, 338, 732, 343, -1, -5, -1.7681918866447774, 5.0990195135927845
131, 137, 1207, 243, 1208, 239, -1, 4, 1.8157749899217608, 4.123105625617661
131, 139, 123, 571, 124, 569, -1, 2, 2.0344439357957027, 2.23606797749979
131, 140, 1167, 108, 1166, 107, 1, 1, 0.7853981633974483, 1.4142135623730951
131, 141, 479, 220, 480, 222, -1, -2, -2.0344439357957027, 2.23606797749979
131, 143, 633, 116, 633, 114, 0, 2, 1.5707963267948966, 2.0
131, 146, 1247, 650, 1245, 646, 2, 4, 1.1071487177940904, 4.47213595499958
131, 147, 1217, 235, 1218, 231, -1, 4, 1.8157749899217608, 4.123105625617661
131, 148, 795, 135, 796, 137, -1, -2, -2.0344439357957027, 2.23606797749979
131, 149, 842, 499, 842, 507, 0, -8, -1.5707963267948966, 8.0
131, 151, 381, 311, 383, 309, -2, 2, 2.356194490192345, 2.8284271247461903
131, 152, 482, 114, 482, 118, 0, -4, -1.5707963267948966, 4.0
131, 154, 1065, 227, 1067, 228, -2, -1, -2.677945044588987, 2.23606797749979
131, 156, 382, 354, 384, 352, -2, 2, 2.356194490192345, 2.8284271247461903
131, 157, 367, 302, 369, 300, -2, 2, 2.356194490192345, 2.8284271247461903
131, 158, 507, 488, 507, 492, 0, -4, -1.5707963267948966, 4.0
131, 159, 1260, 215, 1261, 212, -1, 3, 1.892546881191539, 3.1622776601683795
131, 161, 1261, 364, 1261, 362, 0, 2, 1.5707963267948966, 2.0
131, 162, 823, 434, 823, 439, 0, -5, -1.5707963267948966, 5.0
131, 166, 1231, 276, 1231, 272, 0, 4, 1.5707963267948966, 4.0
131, 167, 210, 70, 207, 69, 3, 1, 0.3217505543966422, 3.1622776601683795
131, 169, 646, 364, 647, 361, -1, 3, 1.892546881191539, 3.1622776601683795
132, 1, 848, 427, 847, 430, 1, -3, -1.2490457723982544, 3.1622776601683795
132, 3, 510, 535, 510, 532, 0, 3, 1.5707963267948966, 3.0
132, 4, 360, 342, 364, 339, -4, 3, 2.498091544796509, 5.0
132, 5, 627, 84, 626, 81, 1, 3, 1.2490457723982544, 3.1622776601683795
132, 6, 486, 74, 487, 79, -1, -5, -1.7681918866447774, 5.0990195135927845
132, 7, 817, 451, 817, 453, 0, -2, -1.5707963267948966, 2.0
132, 8, 835, 422, 834, 426, 1, -4, -1.3258176636680326, 4.123105625617661
132, 9, 76, 469, 73, 467, 3, 2, 0.5880026035475675, 3.605551275463989
132, 10, 496, 475, 495, 479, 1, -4, -1.3258176636680326, 4.123105625617661
132, 11, 1258, 214, 1258, 211, 0, 3, 1.5707963267948966, 3.0
132, 12, 225, 69, 221, 69, 4, 0, 0.0, 4.0
132, 14, 1056, 230, 1060, 233, -4, -3, -2.498091544796509, 5.0
132, 15, 1159, 112, 1157, 111, 2, 1, 0.4636476090008061, 2.23606797749979
132, 17, 1085, 188, 1089, 191, -4, -3, -2.498091544796509, 5.0
132, 18, 689, 388, 688, 393, 1, -5, -1.373400766945016, 5.0990195135927845
132, 20, 798, 165, 799, 169, -1, -4, -1.8157749899217608, 4.123105625617661
132, 21, 463, 136, 464, 139, -1, -3, -1.892546881191539, 3.1622776601683795
132, 23, 479, 479, 480, 482, -1, -3, -1.892546881191539, 3.1622776601683795
132, 26, 216, 24, 213, 25, 3, -1, -0.3217505543966422, 3.1622776601683795
132, 27, 702, 392, 704, 396, -2, -4, -2.0344439357957027, 4.47213595499958
132, 28, 694, 481, 693, 486, 1, -5, -1.373400766945016, 5.0990195135927845
132, 29, 373, 466, 376, 464, -3, 2, 2.5535900500422257, 3.605551275463989
132, 30, 1210, 691, 1208, 691, 2, 0, 0.0, 2.0
132, 31, 1201, 105, 1199, 104, 2, 1, 0.4636476090008061, 2.23606797749979
132, 32, 668, 701, 671, 701, -3, 0, 3.141592653589793, 3.0
132, 34, 239, 80, 238, 81, 1, -1, -0.7853981633974483, 1.4142135623730951
132, 35, 1215, 658, 1215, 654, 0, 4, 1.5707963267948966, 4.0
132, 36, 837, 480, 837, 484, 0, -4, -1.5707963267948966, 4.0
132, 38, 384, 404, 386, 400, -2, 4, 2.0344439357957027, 4.47213595499958
132, 39, 779, 184, 778, 182, 1, 2, 1.1071487177940904, 2.23606797749979
132, 40, 410, 445, 411, 440, -1, 5, 1.7681918866447774, 5.0990195135927845
132, 41, 1069, 238, 1072, 242, -3, -4, -2.214297435588181, 5.0
132, 43, 476, 132, 477, 136, -1, -4, -1.8157749899217608, 4.123105625617661
132, 44, 1073, 189, 1078, 192, -5, -3, -2.601173153319209, 5.830951894845301
132, 45, 1245, 701, 1247, 701, -2, 0, 3.141592653589793, 2.0
132, 46, 210, 85, 207, 85, 3, 0, 0.0, 3.0
132, 47, 707, 288, 707, 291, 0, -3, -1.5707963267948966, 3.0
132, 48, 122, 563, 121, 561, 1, 2, 1.1071487177940904, 2.23606797749979
132, 49, 800, 147, 801, 150, -1, -3, -1.892546881191539, 3.1622776601683795
132, 50, 494, 82, 495, 87, -1, -5, -1.7681918866447774, 5.0990195135927845
132, 52, 1259, 218, 1260, 215, -1, 3, 1.892546881191539, 3.1622776601683795
132, 53, 1078, 174, 1082, 178, -4, -4, -2.356194490192345, 5.656854249492381
132, 54, 464, 557, 466, 561, -2, -4, -2.0344439357957027, 4.47213595499958
132, 56, 461, 529, 462, 534, -1, -5, -1.7681918866447774, 5.0990195135927845
132, 57, 577, 99, 577, 101, 0, -2, -1.5707963267948966, 2.0
132, 58, 850, 22, 853, 24, -3, -2, -2.5535900500422257, 3.605551275463989
132, 59, 767, 187, 766, 184, 1, 3, 1.2490457723982544, 3.1622776601683795
132, 60, 671, 250, 672, 247, -1, 3, 1.892546881191539, 3.1622776601683795
132, 62, 399, 436, 400, 432, -1, 4, 1.8157749899217608, 4.123105625617661
132, 63, 814, 467, 812, 470, 2, -3, -0.982793723247329, 3.605551275463989
132, 64, 826, 531, 827, 537, -1, -6, -1.7359450042095235, 6.082762530298219
132, 65, 604, 357, 605, 353, -1, 4, 1.8157749899217608, 4.123105625617661
132, 66, 656, 235, 659, 232, -3, 3, 2.356194490192345, 4.242640687119285
132, 67, 697, 397, 697, 402, 0, -5, -1.5707963267948966, 5.0
132, 68, 466, 123, 468, 127, -2, -4, -2.0344439357957027, 4.47213595499958
132, 69, 682, 428, 682, 433, 0, -5, -1.5707963267948966, 5.0
132, 73, 788, 122, 789, 126, -1, -4, -1.8157749899217608, 4.123105625617661
132, 74, 647, 701, 649, 701, -2, 0, 3.141592653589793, 2.0
132, 75, 93, 464, 90, 461, 3, 3, 0.7853981633974483, 4.242640687119285
132, 76, 744, 310, 744, 313, 0, -3, -1.5707963267948966, 3.0
132, 77, 1052, 250, 1054, 255, -2, -5, -1.9513027039072615, 5.385164807134504
132, 80, 375, 391, 375, 388, 0, 3, 1.5707963267948966, 3.0
132, 82, 738, 271, 738, 276, 0, -5, -1.5707963267948966, 5.0
132, 83, 662, 701, 664, 701, -2, 0, 3.141592653589793, 2.0
132, 86, 500, 591, 503, 594, -3, -3, -2.356194490192345, 4.242640687119285
132, 88, 1180, 66, 1176, 65, 4, 1, 0.24497866312686414, 4.123105625617661
132, 89, 700, 372, 700, 377, 0, -5, -1.5707963267948966, 5.0
132, 91, 216, 33, 213, 34, 3, -1, -0.3217505543966422, 3.1622776601683795
132, 92, 483, 569, 483, 573, 0, -4, -1.5707963267948966, 4.0
132, 93, 101, 543, 99, 543, 2, 0, 0.0, 2.0
132, 94, 151, 57, 152, 56, -1, 1, 2.356194490192345, 1.4142135623730951
132, 95, 1166, 125, 1166, 123, 0, 2, 1.5707963267948966, 2.0
132, 96, 1167, 76, 1163, 75, 4, 1, 0.24497866312686414, 4.123105625617661
132, 98, 618, 315, 620, 312, -2, 3, 2.158798930342464, 3.605551275463989
132, 99, 1223, 285, 1221, 282, 2, 3, 0.982793723247329, 3.605551275463989
132, 100, 553, 102, 552, 104, 1, -2, -1.1071487177940904, 2.23606797749979
132, 101, 856, 33, 859, 34, -3, -1, -2.819842099193151, 3.1622776601683795
132, 102, 455, 557, 456, 561, -1, -4, -1.8157749899217608, 4.123105625617661
132, 103, 478, 65, 479, 67, -1, -2, -2.0344439357957027, 2.23606797749979
132, 104, 1200, 66, 1198, 65, 2, 1, 0.4636476090008061, 2.23606797749979
132, 105, 371, 405, 372, 401, -1, 4, 1.8157749899217608, 4.123105625617661
132, 107, 910, 18, 909, 19, 1, -1, -0.7853981633974483, 1.4142135623730951
132, 111, 498, 156, 499, 158, -1, -2, -2.0344439357957027, 2.23606797749979
132, 112, 1221, 247, 1222, 243, -1, 4, 1.8157749899217608, 4.123105625617661
132, 114, 387, 486, 386, 485, 1, 1, 0.7853981633974483, 1.4142135623730951
132, 115, 621, 120, 621, 117, 0, 3, 1.5707963267948966, 3.0
132, 116, 75, 457, 72, 455, 3, 2, 0.5880026035475675, 3.605551275463989
132, 117, 782, 46, 784, 46, -2, 0, 3.141592653589793, 2.0
132, 118, 1261, 394, 1261, 396, 0, -2, -1.5707963267948966, 2.0
132, 119, 483, 84, 484, 89, -1, -5, -1.7681918866447774, 5.0990195135927845
132, 120, 1147, 130, 1145, 129, 2, 1, 0.4636476090008061, 2.23606797749979
132, 121, 393, 348, 396, 344, -3, 4, 2.214297435588181, 5.0
132, 122, 1202, 317, 1199, 317, 3, 0, 0.0, 3.0
132, 123, 1203, 700, 1202, 701, 1, -1, -0.7853981633974483, 1.4142135623730951
132, 124, 654, 241, 656, 238, -2, 3, 2.158798930342464, 3.605551275463989
132, 125, 845, 408, 844, 413, 1, -5, -1.373400766945016, 5.0990195135927845
132, 126, 696, 386, 696, 391, 0, -5, -1.5707963267948966, 5.0
132, 128, 1061, 262, 1062, 268, -1, -6, -1.7359450042095235, 6.082762530298219
132, 129, 488, 164, 489, 167, -1, -3, -1.892546881191539, 3.1622776601683795
132, 130, 688, 375, 688, 380, 0, -5, -1.5707963267948966, 5.0
132, 131, 862, 455, 861, 460, 1, -5, -1.373400766945016, 5.0990195135927845
132, 132, 399, 342, 401, 338, -2, 4, 2.0344439357957027, 4.47213595499958
132, 133, 1156, 126, 1155, 123, 1, 3, 1.2490457723982544, 3.1622776601683795
132, 134, 1181, 106, 1178, 104, 3, 2, 0.5880026035475675, 3.605551275463989
132, 135, 728, 335, 731, 338, -3, -3, -2.356194490192345, 4.242640687119285
132, 136, 1207, 246, 1207, 243, 0, 3, 1.5707963267948966, 3.0
132, 138, 123, 573, 123, 571, 0, 2, 1.5707963267948966, 2.0
132, 139, 1169, 108, 1167, 108, 2, 0, 0.0, 2.0
132, 140, 479, 218, 479, 220, 0, -2, -1.5707963267948966, 2.0
132, 142, 633, 119, 633, 116, 0, 3, 1.5707963267948966, 3.0
132, 145, 1251, 652, 1247, 650, 4, 2, 0.4636476090008061, 4.47213595499958
132, 146, 1216, 238, 1217, 235, -1, 3, 1.892546881191539, 3.1622776601683795
132, 147, 794, 131, 795, 135, -1, -4, -1.8157749899217608, 4.123105625617661
132, 148, 841, 497, 842, 499, -1, -2, -2.0344439357957027, 2.23606797749979
132, 149, 850, 57, 852, 57, -2, 0, 3.141592653589793, 2.0
132, 150, 377, 313, 381, 311, -4, 2, 2.677945044588987, 4.47213595499958
132, 151, 481, 109, 482, 114, -1, -5, -1.7681918866447774, 5.0990195135927845
132, 153, 1061, 224, 1065, 227, -4, -3, -2.498091544796509, 5.0
132, 155, 379, 357, 382, 354, -3, 3, 2.356194490192345, 4.242640687119285
132, 156, 364, 305, 367, 302, -3, 3, 2.356194490192345, 4.242640687119285
132, 157, 508, 484, 507, 488, 1, -4, -1.3258176636680326, 4.123105625617661
132, 158, 1259, 218, 1260, 215, -1, 3, 1.892546881191539, 3.1622776601683795
132, 159, 504, 550, 503, 549, 1, 1, 0.7853981633974483, 1.4142135623730951
132, 160, 1261, 366, 1261, 364, 0, 2, 1.5707963267948966, 2.0
132, 161, 820, 430, 823, 434, -3, -4, -2.214297435588181, 5.0
132, 162, 786, 218, 785, 215, 1, 3, 1.2490457723982544, 3.1622776601683795
132, 163, 1182, 151, 1181, 150, 1, 1, 0.7853981633974483, 1.4142135623730951
132, 165, 1232, 279, 1231, 276, 1, 3, 1.2490457723982544, 3.1622776601683795
132, 166, 214, 70, 210, 70, 4, 0, 0.0, 4.0
132, 168, 646, 367, 646, 364, 0, 3, 1.5707963267948966, 3.0
133, 1, 849, 423, 848, 427, 1, -4, -1.3258176636680326, 4.123105625617661
133, 4, 358, 344, 360, 342, -2, 2, 2.356194490192345, 2.8284271247461903
133, 6, 485, 72, 486, 74, -1, -2, -2.0344439357957027, 2.23606797749979
133, 7, 818, 448, 817, 451, 1, -3, -1.2490457723982544, 3.1622776601683795
133, 8, 835, 418, 835, 422, 0, -4, -1.5707963267948966, 4.0
133, 9, 78, 471, 76, 469, 2, 2, 0.7853981633974483, 2.8284271247461903
133, 10, 496, 470, 496, 475, 0, -5, -1.5707963267948966, 5.0
133, 11, 1258, 216, 1258, 214, 0, 2, 1.5707963267948966, 2.0
133, 12, 227, 71, 225, 69, 2, 2, 0.7853981633974483, 2.8284271247461903
133, 14, 1053, 228, 1056, 230, -3, -2, -2.5535900500422257, 3.605551275463989
133, 15, 1160, 113, 1159, 112, 1, 1, 0.7853981633974483, 1.4142135623730951
133, 16, 769, 173, 770, 172, -1, 1, 2.356194490192345, 1.4142135623730951
133, 17, 1082, 185, 1085, 188, -3, -3, -2.356194490192345, 4.242640687119285
133, 18, 689, 383, 689, 388, 0, -5, -1.5707963267948966, 5.0
133, 20, 797, 163, 798, 165, -1, -2, -2.0344439357957027, 2.23606797749979
133, 21, 462, 134, 463, 136, -1, -2, -2.0344439357957027, 2.23606797749979
133, 23, 479, 475, 479, 479, 0, -4, -1.5707963267948966, 4.0
133, 26, 219, 22, 216, 24, 3, -2, -0.5880026035475675, 3.605551275463989
133, 27, 701, 387, 702, 392, -1, -5, -1.7681918866447774, 5.0990195135927845
133, 28, 695, 475, 694, 481, 1, -6, -1.4056476493802699, 6.082762530298219
133, 29, 372, 469, 373, 466, -1, 3, 1.892546881191539, 3.1622776601683795
133, 30, 1214, 693, 1210, 691, 4, 2, 0.4636476090008061, 4.47213595499958
133, 32, 666, 701, 668, 701, -2, 0, 3.141592653589793, 2.0
133, 35, 1217, 661, 1215, 658, 2, 3, 0.982793723247329, 3.605551275463989
133, 36, 838, 475, 837, 480, 1, -5, -1.373400766945016, 5.0990195135927845
133, 38, 383, 406, 384, 404, -1, 2, 2.0344439357957027, 2.23606797749979
133, 39, 779, 186, 779, 184, 0, 2, 1.5707963267948966, 2.0
133, 40, 407, 450, 410, 445, -3, 5, 2.1112158270654806, 5.830951894845301
133, 41, 1066, 236, 1069, 238, -3, -2, -2.5535900500422257, 3.605551275463989
133, 43, 475, 130, 476, 132, -1, -2, -2.0344439357957027, 2.23606797749979
133, 44, 1070, 186, 1073, 189, -3, -3, -2.356194490192345, 4.242640687119285
133, 46, 211, 86, 210, 85, 1, 1, 0.7853981633974483, 1.4142135623730951
133, 47, 707, 285, 707, 288, 0, -3, -1.5707963267948966, 3.0
133, 49, 493, 79, 494, 82, -1, -3, -1.892546881191539, 3.1622776601683795
133, 50, 1259, 220, 1259, 218, 0, 2, 1.5707963267948966, 2.0
133, 51, 1074, 171, 1078, 174, -4, -3, -2.498091544796509, 5.0
133, 52, 461, 553, 464, 557, -3, -4, -2.214297435588181, 5.0
133, 54, 460, 524, 461, 529, -1, -5, -1.7681918866447774, 5.0990195135927845
133, 56, 768, 190, 767, 187, 1, 3, 1.2490457723982544, 3.1622776601683795
133, 57, 670, 252, 671, 250, -1, 2, 2.0344439357957027, 2.23606797749979
133, 59, 397, 441, 399, 436, -2, 5, 1.9513027039072615, 5.385164807134504
133, 60, 817, 464, 814, 467, 3, -3, -0.7853981633974483, 4.242640687119285
133, 61, 825, 526, 826, 531, -1, -5, -1.7681918866447774, 5.0990195135927845
133, 62, 603, 361, 604, 357, -1, 4, 1.8157749899217608, 4.123105625617661
133, 63, 655, 237, 656, 235, -1, 2, 2.0344439357957027, 2.23606797749979
133, 64, 697, 392, 697, 397, 0, -5, -1.5707963267948966, 5.0
133, 65, 465, 121, 466, 123, -1, -2, -2.0344439357957027, 2.23606797749979
133, 66, 681, 423, 682, 428, -1, -5, -1.7681918866447774, 5.0990195135927845
133, 69, 656, 334, 657, 333, -1, 1, 2.356194490192345, 1.4142135623730951
133, 71, 95, 466, 93, 464, 2, 2, 0.7853981633974483, 2.8284271247461903
133, 72, 744, 307, 744, 310, 0, -3, -1.5707963267948966, 3.0
133, 73, 1050, 251, 1052, 250, -2, 1, 2.677945044588987, 2.23606797749979
133, 76, 374, 392, 375, 391, -1, 1, 2.356194490192345, 1.4142135623730951
133, 78, 738, 267, 738, 271, 0, -4, -1.5707963267948966, 4.0
133, 79, 660, 701, 662, 701, -2, 0, 3.141592653589793, 2.0
133, 84, 700, 367, 700, 372, 0, -5, -1.5707963267948966, 5.0
133, 85, 219, 31, 216, 33, 3, -2, -0.5880026035475675, 3.605551275463989
133, 86, 481, 565, 483, 569, -2, -4, -2.0344439357957027, 4.47213595499958
133, 87, 102, 544, 101, 543, 1, 1, 0.7853981633974483, 1.4142135623730951
133, 88, 150, 58, 151, 57, -1, 1, 2.356194490192345, 1.4142135623730951
133, 89, 1166, 127, 1166, 125, 0, 2, 1.5707963267948966, 2.0
133, 91, 616, 318, 618, 315, -2, 3, 2.158798930342464, 3.605551275463989
133, 92, 1223, 288, 1223, 285, 0, 3, 1.5707963267948966, 3.0
133, 94, 854, 32, 856, 33, -2, -1, -2.677945044588987, 2.23606797749979
133, 95, 453, 553, 455, 557, -2, -4, -2.0344439357957027, 4.47213595499958
133, 96, 477, 63, 478, 65, -1, -2, -2.0344439357957027, 2.23606797749979
133, 98, 370, 407, 371, 405, -1, 2, 2.0344439357957027, 2.23606797749979
133, 99, 1261, 379, 1261, 376, 0, 3, 1.5707963267948966, 3.0
133, 104, 497, 154, 498, 156, -1, -2, -2.0344439357957027, 2.23606797749979
133, 105, 1220, 249, 1221, 247, -1, 2, 2.0344439357957027, 2.23606797749979
133, 109, 77, 459, 75, 457, 2, 2, 0.7853981633974483, 2.8284271247461903
133, 111, 1261, 396, 1261, 394, 0, 2, 1.5707963267948966, 2.0
133, 112, 482, 81, 483, 84, -1, -3, -1.892546881191539, 3.1622776601683795
133, 113, 1148, 131, 1147, 130, 1, 1, 0.7853981633974483, 1.4142135623730951
133, 114, 391, 350, 393, 348, -2, 2, 2.356194490192345, 2.8284271247461903
133, 116, 1206, 701, 1203, 700, 3, 1, 0.3217505543966422, 3.1622776601683795
133, 117, 653, 243, 654, 241, -1, 2, 2.0344439357957027, 2.23606797749979
133, 118, 846, 403, 845, 408, 1, -5, -1.373400766945016, 5.0990195135927845
133, 119, 696, 381, 696, 386, 0, -5, -1.5707963267948966, 5.0
133, 121, 487, 162, 488, 164, -1, -2, -2.0344439357957027, 2.23606797749979
133, 122, 687, 370, 688, 375, -1, -5, -1.7681918866447774, 5.0990195135927845
133, 123, 863, 449, 862, 455, 1, -6, -1.4056476493802699, 6.082762530298219
133, 124, 397, 344, 399, 342, -2, 2, 2.356194490192345, 2.8284271247461903
133, 125, 1156, 128, 1156, 126, 0, 2, 1.5707963267948966, 2.0
133, 126, 1182, 107, 1181, 106, 1, 1, 0.7853981633974483, 1.4142135623730951
133, 127, 727, 333, 728, 335, -1, -2, -2.0344439357957027, 2.23606797749979
133, 128, 1206, 249, 1207, 246, -1, 3, 1.892546881191539, 3.1622776601683795
133, 131, 478, 216, 479, 218, -1, -2, -2.0344439357957027, 2.23606797749979
133, 135, 1253, 655, 1251, 652, 2, 3, 0.982793723247329, 3.605551275463989
133, 136, 1215, 240, 1216, 238, -1, 2, 2.0344439357957027, 2.23606797749979
133, 138, 375, 315, 377, 313, -2, 2, 2.356194490192345, 2.8284271247461903
133, 139, 480, 106, 481, 109, -1, -3, -1.892546881191539, 3.1622776601683795
133, 141, 1058, 222, 1061, 224, -3, -2, -2.5535900500422257, 3.605551275463989
133, 143, 378, 361, 379, 357, -1, 4, 1.8157749899217608, 4.123105625617661
133, 144, 362, 306, 364, 305, -2, 1, 2.677945044588987, 2.23606797749979
133, 145, 508, 479, 508, 484, 0, -5, -1.5707963267948966, 5.0
133, 146, 1259, 220, 1259, 218, 0, 2, 1.5707963267948966, 2.0
133, 148, 1261, 368, 1261, 366, 0, 2, 1.5707963267948966, 2.0
133, 149, 820, 426, 820, 430, 0, -4, -1.5707963267948966, 4.0
133, 150, 786, 221, 786, 218, 0, 3, 1.5707963267948966, 3.0
133, 153, 1232, 282, 1232, 279, 0, 3, 1.5707963267948966, 3.0
133, 154, 216, 71, 214, 70, 2, 1, 0.4636476090008061, 2.23606797749979
133, 155, 633, 16, 633, 14, 0, 2, 1.5707963267948966, 2.0
133, 156, 645, 371, 646, 367, -1, 4, 1.8157749899217608, 4.123105625617661
134, 1, 850, 419, 849, 423, 1, -4, -1.3258176636680326, 4.123105625617661
134, 4, 356, 346, 358, 344, -2, 2, 2.356194490192345, 2.8284271247461903
134, 6, 484, 70, 485, 72, -1, -2, -2.0344439357957027, 2.23606797749979
134, 7, 820, 445, 818, 448, 2, -3, -0.982793723247329, 3.605551275463989
134, 8, 836, 413, 835, 418, 1, -5, -1.373400766945016, 5.0990195135927845
134, 9, 80, 473, 78, 471, 2, 2, 0.7853981633974483, 2.8284271247461903
134, 10, 496, 465, 496, 470, 0, -5, -1.5707963267948966, 5.0
134, 12, 228, 73, 227, 71, 1, 2, 1.1071487177940904, 2.23606797749979
134, 14, 1051, 225, 1053, 228, -2, -3, -2.158798930342464, 3.605551275463989
134, 15, 1161, 114, 1160, 113, 1, 1, 0.7853981633974483, 1.4142135623730951
134, 17, 1079, 182, 1082, 185, -3, -3, -2.356194490192345, 4.242640687119285
134, 18, 689, 378, 689, 383, 0, -5, -1.5707963267948966, 5.0
134, 20, 461, 132, 462, 134, -1, -2, -2.0344439357957027, 2.23606797749979
134, 22, 479, 470, 479, 475, 0, -5, -1.5707963267948966, 5.0
134, 25, 222, 21, 219, 22, 3, -1, -0.3217505543966422, 3.1622776601683795
134, 26, 701, 382, 701, 387, 0, -5, -1.5707963267948966, 5.0
134, 27, 696, 470, 695, 475, 1, -5, -1.373400766945016, 5.0990195135927845
134, 28, 371, 472, 372, 469, -1, 3, 1.892546881191539, 3.1622776601683795
134, 29, 1218, 695, 1214, 693, 4, 2, 0.4636476090008061, 4.47213595499958
134, 34, 1219, 662, 1217, 661, 2, 1, 0.4636476090008061, 2.23606797749979
134, 35, 839, 468, 838, 475, 1, -7, -1.4288992721907328, 7.0710678118654755
134, 37, 382, 409, 383, 406, -1, 3, 1.892546881191539, 3.1622776601683795
134, 38, 780, 188, 779, 186, 1, 2, 1.1071487177940904, 2.23606797749979
134, 39, 405, 455, 407, 450, -2, 5, 1.9513027039072615, 5.385164807134504
134, 40, 1064, 233, 1066, 236, -2, -3, -2.158798930342464, 3.605551275463989
134, 42, 474, 128, 475, 130, -1, -2, -2.0344439357957027, 2.23606797749979
134, 43, 1067, 183, 1070, 186, -3, -3, -2.356194490192345, 4.242640687119285
134, 44, 1249, 701, 1246, 701, 3, 0, 0.0, 3.0
134, 45, 212, 87, 211, 86, 1, 1, 0.7853981633974483, 1.4142135623730951
134, 46, 708, 282, 707, 285, 1, -3, -1.2490457723982544, 3.1622776601683795
134, 48, 492, 77, 493, 79, -1, -2, -2.0344439357957027, 2.23606797749979
134, 50, 1071, 167, 1074, 171, -3, -4, -2.214297435588181, 5.0
134, 51, 459, 549, 461, 553, -2, -4, -2.0344439357957027, 4.47213595499958
134, 53, 460, 519, 460, 524, 0, -5, -1.5707963267948966, 5.0
134, 55, 769, 193, 768, 190, 1, 3, 1.2490457723982544, 3.1622776601683795
134, 56, 669, 254, 670, 252, -1, 2, 2.0344439357957027, 2.23606797749979
134, 58, 395, 446, 397, 441, -2, 5, 1.9513027039072615, 5.385164807134504
134, 59, 821, 461, 817, 464, 4, -3, -0.6435011087932844, 5.0
134, 60, 825, 519, 825, 526, 0, -7, -1.5707963267948966, 7.0
134, 61, 602, 365, 603, 361, -1, 4, 1.8157749899217608, 4.123105625617661
134, 62, 654, 239, 655, 237, -1, 2, 2.0344439357957027, 2.23606797749979
134, 63, 697, 387, 697, 392, 0, -5, -1.5707963267948966, 5.0
134, 64, 464, 119, 465, 121, -1, -2, -2.0344439357957027, 2.23606797749979
134, 65, 681, 419, 681, 423, 0, -4, -1.5707963267948966, 4.0
134, 68, 655, 335, 656, 334, -1, 1, 2.356194490192345, 1.4142135623730951
134, 70, 97, 468, 95, 466, 2, 2, 0.7853981633974483, 2.8284271247461903
134, 71, 744, 303, 744, 307, 0, -4, -1.5707963267948966, 4.0
134, 74, 374, 394, 374, 392, 0, 2, 1.5707963267948966, 2.0
134, 76, 738, 263, 738, 267, 0, -4, -1.5707963267948966, 4.0
134, 82, 700, 362, 700, 367, 0, -5, -1.5707963267948966, 5.0
134, 83, 222, 29, 219, 31, 3, -2, -0.5880026035475675, 3.605551275463989
134, 84, 480, 561, 481, 565, -1, -4, -1.8157749899217608, 4.123105625617661
134, 85, 104, 548, 102, 544, 2, 4, 1.1071487177940904, 4.47213595499958
134, 87, 1166, 129, 1166, 127, 0, 2, 1.5707963267948966, 2.0
134, 89, 615, 321, 616, 318, -1, 3, 1.892546881191539, 3.1622776601683795
134, 90, 1224, 290, 1223, 288, 1, 2, 1.1071487177940904, 2.23606797749979
134, 92, 451, 549, 453, 553, -2, -4, -2.0344439357957027, 4.47213595499958
134, 93, 476, 61, 477, 63, -1, -2, -2.0344439357957027, 2.23606797749979
134, 95, 369, 410, 370, 407, -1, 3, 1.892546881191539, 3.1622776601683795
134, 96, 1261, 382, 1261, 379, 0, 3, 1.5707963267948966, 3.0
134, 99, 723, 356, 724, 359, -1, -3, -1.892546881191539, 3.1622776601683795
134, 101, 496, 152, 497, 154, -1, -2, -2.0344439357957027, 2.23606797749979
134, 102, 1220, 251, 1220, 249, 0, 2, 1.5707963267948966, 2.0
134, 104, 387, 489, 387, 487, 0, 2, 1.5707963267948966, 2.0
134, 106, 79, 461, 77, 459, 2, 2, 0.7853981633974483, 2.8284271247461903
134, 109, 481, 79, 482, 81, -1, -2, -2.0344439357957027, 2.23606797749979
134, 110, 1149, 132, 1148, 131, 1, 1, 0.7853981633974483, 1.4142135623730951
134, 111, 389, 352, 391, 350, -2, 2, 2.356194490192345, 2.8284271247461903
134, 112, 1201, 320, 1202, 317, -1, 3, 1.892546881191539, 3.1622776601683795
134, 113, 1209, 701, 1206, 701, 3, 0, 0.0, 3.0
134, 114, 652, 245, 653, 243, -1, 2, 2.0344439357957027, 2.23606797749979
134, 115, 847, 398, 846, 403, 1, -5, -1.373400766945016, 5.0990195135927845
134, 116, 696, 376, 696, 381, 0, -5, -1.5707963267948966, 5.0
134, 118, 486, 160, 487, 162, -1, -2, -2.0344439357957027, 2.23606797749979
134, 119, 687, 365, 687, 370, 0, -5, -1.5707963267948966, 5.0
134, 120, 864, 444, 863, 449, 1, -5, -1.373400766945016, 5.0990195135927845
134, 121, 395, 346, 397, 344, -2, 2, 2.356194490192345, 2.8284271247461903
134, 122, 1157, 129, 1156, 128, 1, 1, 0.7853981633974483, 1.4142135623730951
134, 123, 1183, 108, 1182, 107, 1, 1, 0.7853981633974483, 1.4142135623730951
134, 125, 1206, 251, 1206, 249, 0, 2, 1.5707963267948966, 2.0
134, 128, 478, 214, 478, 216, 0, -2, -1.5707963267948966, 2.0
134, 132, 1256, 657, 1253, 655, 3, 2, 0.5880026035475675, 3.605551275463989
134, 133, 1215, 242, 1215, 240, 0, 2, 1.5707963267948966, 2.0
134, 134, 847, 57, 849, 57, -2, 0, 3.141592653589793, 2.0
134, 135, 373, 317, 375, 315, -2, 2, 2.356194490192345, 2.8284271247461903
134, 136, 479, 104, 480, 106, -1, -2, -2.0344439357957027, 2.23606797749979
134, 138, 1056, 219, 1058, 222, -2, -3, -2.158798930342464, 3.605551275463989
134, 140, 377, 364, 378, 361, -1, 3, 1.892546881191539, 3.1622776601683795
134, 141, 361, 308, 362, 306, -1, 2, 2.0344439357957027, 2.23606797749979
134, 142, 508, 475, 508, 479, 0, -4, -1.5707963267948966, 4.0
134, 144, 505, 549, 504, 550, 1, -1, -0.7853981633974483, 1.4142135623730951
134, 145, 1261, 370, 1261, 368, 0, 2, 1.5707963267948966, 2.0
134, 146, 821, 422, 820, 426, 1, -4, -1.3258176636680326, 4.123105625617661
134, 147, 787, 224, 786, 221, 1, 3, 1.2490457723982544, 3.1622776601683795
134, 149, 1231, 285, 1232, 282, -1, 3, 1.892546881191539, 3.1622776601683795
134, 150, 219, 72, 216, 71, 3, 1, 0.3217505543966422, 3.1622776601683795
134, 151, 633, 18, 633, 16, 0, 2, 1.5707963267948966, 2.0
134, 152, 645, 374, 645, 371, 0, 3, 1.5707963267948966, 3.0
135, 1, 851, 419, 851, 423, 0, -4, -1.5707963267948966, 4.0
135, 2, 826, 441, 824, 444, 2, -3, -0.982793723247329, 3.605551275463989
135, 3, 488, 76, 488, 78, 0, -2, -1.5707963267948966, 2.0
135, 4, 482, 468, 482, 473, 0, -5, -1.5707963267948966, 5.0
135, 8, 458, 549, 460, 553, -2, -4, -2.0344439357957027, 4.47213595499958
135, 10, 839, 416, 838, 421, 1, -5, -1.373400766945016, 5.0990195135927845
135, 11, 79, 474, 77, 472, 2, 2, 0.7853981633974483, 2.8284271247461903
135, 14, 362, 346, 364, 344, -2, 2, 2.356194490192345, 2.8284271247461903
135, 16, 221, 23, 218, 24, 3, -1, -0.3217505543966422, 3.1622776601683795
135, 17, 497, 468, 496, 473, 1, -5, -1.373400766945016, 5.0990195135927845
135, 20, 228, 79, 227, 77, 1, 2, 1.1071487177940904, 2.23606797749979
135, 21, 1085, 187, 1088, 191, -3, -4, -2.214297435588181, 5.0
135, 24, 778, 167, 778, 169, 0, -2, -1.5707963267948966, 2.0
135, 25, 467, 126, 468, 128, -1, -2, -2.0344439357957027, 2.23606797749979
135, 27, 464, 137, 465, 139, -1, -2, -2.0344439357957027, 2.23606797749979
135, 28, 403, 459, 405, 456, -2, 3, 2.158798930342464, 3.605551275463989
135, 29, 802, 148, 802, 150, 0, -2, -1.5707963267948966, 2.0
135, 31, 103, 555, 101, 551, 2, 4, 1.1071487177940904, 4.47213595499958
135, 32, 384, 406, 385, 403, -1, 3, 1.892546881191539, 3.1622776601683795
135, 33, 220, 81, 218, 79, 2, 2, 0.7853981633974483, 2.8284271247461903
135, 34, 710, 286, 710, 289, 0, -3, -1.5707963267948966, 3.0
135, 35, 450, 545, 452, 549, -2, -4, -2.0344439357957027, 4.47213595499958
135, 37, 1069, 236, 1072, 239, -3, -3, -2.356194490192345, 4.242640687119285
135, 38, 1056, 230, 1059, 233, -3, -3, -2.356194490192345, 4.242640687119285
135, 43, 691, 383, 690, 388, 1, -5, -1.373400766945016, 5.0990195135927845
135, 44, 1232, 680, 1232, 676, 0, 4, 1.5707963267948966, 4.0
135, 45, 461, 522, 462, 527, -1, -5, -1.7681918866447774, 5.0990195135927845
135, 47, 1223, 289, 1222, 286, 1, 3, 1.2490457723982544, 3.1622776601683795
135, 49, 510, 538, 510, 540, 0, -2, -1.5707963267948966, 2.0
135, 50, 704, 386, 705, 390, -1, -4, -1.8157749899217608, 4.123105625617661
135, 51, 782, 193, 781, 190, 1, 3, 1.2490457723982544, 3.1622776601683795
135, 52, 122, 519, 120, 516, 2, 3, 0.982793723247329, 3.605551275463989
135, 53, 496, 85, 496, 87, 0, -2, -1.5707963267948966, 2.0
135, 54, 1261, 216, 1267, 216, -6, 0, 3.141592653589793, 6.0
135, 57, 740, 270, 739, 274, 1, -4, -1.3258176636680326, 4.123105625617661
135, 58, 672, 254, 673, 251, -1, 3, 1.892546881191539, 3.1622776601683795
135, 59, 1077, 174, 1080, 178, -3, -4, -2.214297435588181, 5.0
135, 60, 488, 59, 488, 61, 0, -2, -1.5707963267948966, 2.0
135, 61, 699, 392, 699, 397, 0, -5, -1.5707963267948966, 5.0
135, 64, 769, 193, 768, 190, 1, 3, 1.2490457723982544, 3.1622776601683795
135, 65, 662, 237, 663, 234, -1, 3, 1.892546881191539, 3.1622776601683795
135, 67, 603, 366, 604, 362, -1, 4, 1.8157749899217608, 4.123105625617661
135, 68, 649, 336, 650, 334, -1, 2, 2.0344439357957027, 2.23606797749979
135, 69, 773, 186, 772, 183, 1, 3, 1.2490457723982544, 3.1622776601683795
135, 70, 477, 135, 477, 137, 0, -2, -1.5707963267948966, 2.0
135, 72, 559, 99, 558, 100, 1, -1, -0.7853981633974483, 1.4142135623730951
135, 73, 633, 398, 633, 395, 0, 3, 1.5707963267948966, 3.0
135, 74, 221, 31, 218, 33, 3, -2, -0.5880026035475675, 3.605551275463989
135, 78, 644, 310, 645, 307, -1, 3, 1.892546881191539, 3.1622776601683795
135, 84, 659, 701, 662, 714, -3, -13, -1.7975951748487824, 13.341664064126334
135, 88, 865, 450, 865, 454, 0, -4, -1.5707963267948966, 4.0
135, 89, 398, 343, 399, 342, -1, 1, 2.356194490192345, 1.4142135623730951
135, 90, 225, 69, 223, 68, 2, 1, 0.4636476090008061, 2.23606797749979
135, 92, 775, 154, 775, 157, 0, -3, -1.5707963267948966, 3.0
135, 96, 1084, 174, 1087, 178, -3, -4, -2.214297435588181, 5.0
135, 97, 1076, 277, 1077, 280, -1, -3, -1.892546881191539, 3.1622776601683795
135, 98, 96, 468, 94, 466, 2, 2, 0.7853981633974483, 2.8284271247461903
135, 100, 482, 111, 482, 113, 0, -2, -1.5707963267948966, 2.0
135, 101, 1224, 248, 1223, 246, 1, 2, 1.1071487177940904, 2.23606797749979
135, 102, 398, 451, 400, 447, -2, 4, 2.0344439357957027, 4.47213595499958
135, 103, 909, 21, 908, 20, 1, 1, 0.7853981633974483, 1.4142135623730951
135, 106, 654, 245, 655, 242, -1, 3, 1.892546881191539, 3.1622776601683795
135, 107, 153, 57, 154, 56, -1, 1, 2.356194490192345, 1.4142135623730951
135, 110, 1181, 67, 1179, 67, 2, 0, 0.0, 2.0
135, 112, 392, 377, 393, 373, -1, 4, 1.8157749899217608, 4.123105625617661
135, 113, 1261, 256, 1277, 256, -16, 0, 3.141592653589793, 16.0
135, 114, 624, 317, 625, 315, -1, 2, 2.0344439357957027, 2.23606797749979
135, 117, 895, 16, 893, 15, 2, 1, 0.4636476090008061, 2.23606797749979
135, 118, 744, 299, 744, 304, 0, -5, -1.5707963267948966, 5.0
135, 119, 1074, 188, 1077, 191, -3, -3, -2.356194490192345, 4.242640687119285
135, 120, 359, 338, 360, 336, -1, 2, 2.0344439357957027, 2.23606797749979
135, 124, 696, 14, 696, 16, 0, -2, -1.5707963267948966, 2.0
135, 125, 677, 426, 677, 430, 0, -4, -1.5707963267948966, 4.0
135, 129, 827, 467, 826, 472, 1, -5, -1.373400766945016, 5.0990195135927845
135, 130, 370, 406, 371, 403, -1, 3, 1.892546881191539, 3.1622776601683795
135, 131, 487, 163, 488, 165, -1, -2, -2.0344439357957027, 2.23606797749979
135, 132, 383, 371, 384, 368, -1, 3, 1.892546881191539, 3.1622776601683795
135, 133, 1213, 240, 1213, 238, 0, 2, 1.5707963267948966, 2.0
135, 134, 474, 531, 474, 534, 0, -3, -1.5707963267948966, 3.0
135, 135, 723, 356, 724, 361, -1, -5, -1.7681918866447774, 5.0990195135927845
135, 136, 1182, 108, 1181, 107, 1, 1, 0.7853981633974483, 1.4142135623730951
135, 137, 380, 314, 381, 313, -1, 1, 2.356194490192345, 1.4142135623730951
135, 138, 1087, 215, 1090, 218, -3, -3, -2.356194490192345, 4.242640687119285
135, 140, 829, 519, 828, 527, 1, -8, -1.446441332248135, 8.06225774829855
135, 142, 155, 72, 156, 71, -1, 1, 2.356194490192345, 1.4142135623730951
135, 143, 1186, 293, 1186, 289, 0, 4, 1.5707963267948966, 4.0
135, 144, 486, 86, 486, 88, 0, -2, -1.5707963267948966, 2.0
135, 145, 656, 335, 657, 333, -1, 2, 2.0344439357957027, 2.23606797749979
135, 146, 900, 21, 898, 21, 2, 0, 0.0, 2.0
135, 147, 1160, 208, 1161, 207, -1, 1, 2.356194490192345, 1.4142135623730951
135, 148, 781, 265, 781, 262, 0, 3, 1.5707963267948966, 3.0
135, 149, 1239, 683, 1239, 679, 0, 4, 1.5707963267948966, 4.0
135, 150, 787, 226, 786, 223, 1, 3, 1.2490457723982544, 3.1622776601683795
135, 151, 846, 31, 848, 32, -2, -1, -2.677945044588987, 2.23606797749979
135, 155, 697, 380, 697, 385, 0, -5, -1.5707963267948966, 5.0
135, 156, 1231, 283, 1231, 280, 0, 3, 1.5707963267948966, 3.0
135, 160, 1209, 249, 1209, 247, 0, 2, 1.5707963267948966, 2.0
135, 164, 700, 473, 698, 477, 2, -4, -1.1071487177940904, 4.47213595499958
135, 169, 467, 560, 470, 564, -3, -4, -2.214297435588181, 5.0
135, 170, 690, 19, 690, 21, 0, -2, -1.5707963267948966, 2.0
135, 171, 78, 461, 76, 459, 2, 2, 0.7853981633974483, 2.8284271247461903
135, 172, 829, 423, 828, 427, 1, -4, -1.3258176636680326, 4.123105625617661
135, 173, 469, 478, 469, 483, 0, -5, -1.5707963267948966, 5.0
135, 174, 368, 467, 368, 463, 0, 4, 1.5707963267948966, 4.0
135, 175, 1167, 127, 1167, 125, 0, 2, 1.5707963267948966, 2.0
135, 176, 371, 304, 372, 303, -1, 1, 2.356194490192345, 1.4142135623730951
135, 178, 508, 479, 508, 483, 0, -4, -1.5707963267948966, 4.0
135, 180, 377, 498, 378, 494, -1, 4, 1.8157749899217608, 4.123105625617661
135, 183, 849, 400, 848, 405, 1, -5, -1.373400766945016, 5.0990195135927845
136, 1, 851, 415, 851, 419, 0, -4, -1.5707963267948966, 4.0
136, 2, 827, 438, 826, 441, 1, -3, -1.2490457723982544, 3.1622776601683795
136, 3, 487, 74, 488, 76, -1, -2, -2.0344439357957027, 2.23606797749979
136, 4, 482, 463, 482, 468, 0, -5, -1.5707963267948966, 5.0
136, 8, 456, 545, 458, 549, -2, -4, -2.0344439357957027, 4.47213595499958
136, 9, 839, 412, 839, 416, 0, -4, -1.5707963267948966, 4.0
136, 10, 80, 476, 79, 474, 1, 2, 1.1071487177940904, 2.23606797749979
136, 12, 361, 347, 362, 346, -1, 1, 2.356194490192345, 1.4142135623730951
136, 14, 224, 22, 221, 23, 3, -1, -0.3217505543966422, 3.1622776601683795
136, 15, 498, 463, 497, 468, 1, -5, -1.373400766945016, 5.0990195135927845
136, 18, 229, 80, 228, 79, 1, 1, 0.7853981633974483, 1.4142135623730951
136, 19, 1083, 183, 1085, 187, -2, -4, -2.0344439357957027, 4.47213595499958
136, 22, 778, 164, 778, 167, 0, -3, -1.5707963267948966, 3.0
136, 23, 466, 124, 467, 126, -1, -2, -2.0344439357957027, 2.23606797749979
136, 25, 463, 135, 464, 137, -1, -2, -2.0344439357957027, 2.23606797749979
136, 26, 401, 461, 403, 459, -2, 2, 2.356194490192345, 2.8284271247461903
136, 27, 801, 146, 802, 148, -1, -2, -2.0344439357957027, 2.23606797749979
136, 29, 105, 557, 103, 555, 2, 2, 0.7853981633974483, 2.8284271247461903
136, 30, 383, 409, 384, 406, -1, 3, 1.892546881191539, 3.1622776601683795
136, 31, 222, 83, 220, 81, 2, 2, 0.7853981633974483, 2.8284271247461903
136, 32, 710, 283, 710, 286, 0, -3, -1.5707963267948966, 3.0
136, 33, 449, 541, 450, 545, -1, -4, -1.8157749899217608, 4.123105625617661
136, 35, 1067, 232, 1069, 236, -2, -4, -2.0344439357957027, 4.47213595499958
136, 36, 1054, 226, 1056, 230, -2, -4, -2.0344439357957027, 4.47213595499958
136, 41, 692, 378, 691, 383, 1, -5, -1.373400766945016, 5.0990195135927845
136, 42, 1233, 684, 1232, 680, 1, 4, 1.3258176636680326, 4.123105625617661
136, 43, 460, 517, 461, 522, -1, -5, -1.7681918866447774, 5.0990195135927845
136, 45, 1224, 291, 1223, 289, 1, 2, 1.1071487177940904, 2.23606797749979
136, 46, 481, 220, 481, 222, 0, -2, -1.5707963267948966, 2.0
136, 47, 510, 535, 510, 538, 0, -3, -1.5707963267948966, 3.0
136, 48, 703, 381, 704, 386, -1, -5, -1.7681918866447774, 5.0990195135927845
136, 49, 783, 195, 782, 193, 1, 2, 1.1071487177940904, 2.23606797749979
136, 50, 123, 521, 122, 519, 1, 2, 1.1071487177940904, 2.23606797749979
136, 51, 495, 83, 496, 85, -1, -2, -2.0344439357957027, 2.23606797749979
136, 54, 740, 265, 740, 270, 0, -5, -1.5707963267948966, 5.0
136, 55, 671, 257, 672, 254, -1, 3, 1.892546881191539, 3.1622776601683795
136, 56, 1075, 170, 1077, 174, -2, -4, -2.0344439357957027, 4.47213595499958
136, 57, 488, 57, 488, 59, 0, -2, -1.5707963267948966, 2.0
136, 58, 699, 387, 699, 392, 0, -5, -1.5707963267948966, 5.0
136, 61, 771, 196, 769, 193, 2, 3, 0.982793723247329, 3.605551275463989
136, 62, 661, 240, 662, 237, -1, 3, 1.892546881191539, 3.1622776601683795
136, 63, 602, 370, 603, 366, -1, 4, 1.8157749899217608, 4.123105625617661
136, 64, 648, 338, 649, 336, -1, 2, 2.0344439357957027, 2.23606797749979
136, 65, 775, 188, 773, 186, 2, 2, 0.7853981633974483, 2.8284271247461903
136, 66, 477, 133, 477, 135, 0, -2, -1.5707963267948966, 2.0
136, 68, 560, 97, 559, 99, 1, -2, -1.1071487177940904, 2.23606797749979
136, 69, 633, 402, 633, 398, 0, 4, 1.5707963267948966, 4.0
136, 70, 224, 29, 221, 31, 3, -2, -0.5880026035475675, 3.605551275463989
136, 74, 643, 313, 644, 310, -1, 3, 1.892546881191539, 3.1622776601683795
136, 77, 1168, 76, 1166, 76, 2, 0, 0.0, 2.0
136, 82, 865, 446, 865, 450, 0, -4, -1.5707963267948966, 4.0
136, 83, 397, 344, 398, 343, -1, 1, 2.356194490192345, 1.4142135623730951
136, 86, 775, 150, 775, 154, 0, -4, -1.5707963267948966, 4.0
136, 90, 1081, 170, 1084, 174, -3, -4, -2.214297435588181, 5.0
136, 91, 1075, 273, 1076, 277, -1, -4, -1.8157749899217608, 4.123105625617661
136, 92, 98, 470, 96, 468, 2, 2, 0.7853981633974483, 2.8284271247461903
136, 94, 482, 109, 482, 111, 0, -2, -1.5707963267948966, 2.0
136, 96, 395, 453, 398, 451, -3, 2, 2.5535900500422257, 3.605551275463989
136, 97, 911, 20, 909, 21, 2, -1, -0.4636476090008061, 2.23606797749979
136, 100, 653, 248, 654, 245, -1, 3, 1.892546881191539, 3.1622776601683795
136, 103, 1183, 67, 1181, 67, 2, 0, 0.0, 2.0
136, 105, 391, 381, 392, 377, -1, 4, 1.8157749899217608, 4.123105625617661
136, 107, 623, 319, 624, 317, -1, 2, 2.0344439357957027, 2.23606797749979
136, 109, 896, 15, 895, 16, 1, -1, -0.7853981633974483, 1.4142135623730951
136, 110, 744, 294, 744, 299, 0, -5, -1.5707963267948966, 5.0
136, 111, 1072, 184, 1074, 188, -2, -4, -2.0344439357957027, 4.47213595499958
136, 112, 358, 339, 359, 338, -1, 1, 2.356194490192345, 1.4142135623730951
136, 116, 696, 12, 696, 14, 0, -2, -1.5707963267948966, 2.0
136, 117, 677, 423, 677, 426, 0, -3, -1.5707963267948966, 3.0
136, 121, 828, 465, 827, 467, 1, -2, -1.1071487177940904, 2.23606797749979
136, 122, 369, 409, 370, 406, -1, 3, 1.892546881191539, 3.1622776601683795
136, 123, 486, 161, 487, 163, -1, -2, -2.0344439357957027, 2.23606797749979
136, 124, 382, 374, 383, 371, -1, 3, 1.892546881191539, 3.1622776601683795
136, 126, 474, 528, 474, 531, 0, -3, -1.5707963267948966, 3.0
136, 127, 722, 351, 723, 356, -1, -5, -1.7681918866447774, 5.0990195135927845
136, 128, 1183, 109, 1182, 108, 1, 1, 0.7853981633974483, 1.4142135623730951
136, 129, 379, 315, 380, 314, -1, 1, 2.356194490192345, 1.4142135623730951
136, 130, 1084, 212, 1087, 215, -3, -3, -2.356194490192345, 4.242640687119285
136, 131, 829, 512, 829, 519, 0, -7, -1.5707963267948966, 7.0
136, 133, 154, 73, 155, 72, -1, 1, 2.356194490192345, 1.4142135623730951
136, 134, 1185, 297, 1186, 293, -1, 4, 1.8157749899217608, 4.123105625617661
136, 135, 485, 84, 486, 86, -1, -2, -2.0344439357957027, 2.23606797749979
136, 136, 655, 336, 656, 335, -1, 1, 2.356194490192345, 1.4142135623730951
136, 137, 901, 20, 900, 21, 1, -1, -0.7853981633974483, 1.4142135623730951
136, 138, 1159, 209, 1160, 208, -1, 1, 2.356194490192345, 1.4142135623730951
136, 139, 780, 267, 781, 265, -1, 2, 2.0344439357957027, 2.23606797749979
136, 140, 1239, 687, 1239, 683, 0, 4, 1.5707963267948966, 4.0
136, 141, 788, 229, 787, 226, 1, 3, 1.2490457723982544, 3.1622776601683795
136, 145, 697, 375, 697, 380, 0, -5, -1.5707963267948966, 5.0
136, 146, 1231, 285, 1231, 283, 0, 2, 1.5707963267948966, 2.0
136, 150, 1209, 251, 1209, 249, 0, 2, 1.5707963267948966, 2.0
136, 154, 702, 469, 700, 473, 2, -4, -1.1071487177940904, 4.47213595499958
136, 158, 464, 556, 467, 560, -3, -4, -2.214297435588181, 5.0
136, 159, 690, 17, 690, 19, 0, -2, -1.5707963267948966, 2.0
136, 160, 80, 463, 78, 461, 2, 2, 0.7853981633974483, 2.8284271247461903
136, 161, 828, 419, 829, 423, -1, -4, -1.8157749899217608, 4.123105625617661
136, 162, 469, 473, 469, 478, 0, -5, -1.5707963267948966, 5.0
136, 163, 368, 471, 368, 467, 0, 4, 1.5707963267948966, 4.0
136, 164, 1168, 128, 1167, 127, 1, 1, 0.7853981633974483, 1.4142135623730951
136, 165, 370, 305, 371, 304, -1, 1, 2.356194490192345, 1.4142135623730951
136, 167, 508, 474, 508, 479, 0, -5, -1.5707963267948966, 5.0
136, 168, 376, 503, 377, 498, -1, 5, 1.7681918866447774, 5.0990195135927845
136, 171, 849, 394, 849, 400, 0, -6, -1.5707963267948966, 6.0
137, 1, 851, 412, 851, 415, 0, -3, -1.5707963267948966, 3.0
137, 3, 486, 71, 487, 74, -1, -3, -1.892546881191539, 3.1622776601683795
137, 4, 482, 459, 482, 463, 0, -4, -1.5707963267948966, 4.0
137, 8, 455, 542, 456, 545, -1, -3, -1.892546881191539, 3.1622776601683795
137, 9, 839, 408, 839, 412, 0, -4, -1.5707963267948966, 4.0
137, 10, 82, 478, 80, 476, 2, 2, 0.7853981633974483, 2.8284271247461903
137, 11, 359, 350, 361, 347, -2, 3, 2.158798930342464, 3.605551275463989
137, 13, 228, 22, 224, 22, 4, 0, 0.0, 4.0
137, 14, 499, 459, 498, 463, 1, -4, -1.3258176636680326, 4.123105625617661
137, 15, 175, 51, 175, 49, 0, 2, 1.5707963267948966, 2.0
137, 16, 541, 28, 540, 29, 1, -1, -0.7853981633974483, 1.4142135623730951
137, 17, 230, 79, 229, 80, 1, -1, -0.7853981633974483, 1.4142135623730951
137, 18, 1080, 179, 1083, 183, -3, -4, -2.214297435588181, 5.0
137, 20, 627, 85, 628, 83, -1, 2, 2.0344439357957027, 2.23606797749979
137, 21, 778, 159, 778, 164, 0, -5, -1.5707963267948966, 5.0
137, 22, 465, 119, 466, 124, -1, -5, -1.7681918866447774, 5.0990195135927845
137, 24, 462, 131, 463, 135, -1, -4, -1.8157749899217608, 4.123105625617661
137, 25, 399, 461, 401, 461, -2, 0, 3.141592653589793, 2.0
137, 26, 801, 141, 801, 146, 0, -5, -1.5707963267948966, 5.0
137, 27, 548, 20, 547, 21, 1, -1, -0.7853981633974483, 1.4142135623730951
137, 29, 381, 411, 383, 409, -2, 2, 2.356194490192345, 2.8284271247461903
137, 30, 225, 83, 222, 83, 3, 0, 0.0, 3.0
137, 31, 710, 280, 710, 283, 0, -3, -1.5707963267948966, 3.0
137, 32, 448, 537, 449, 541, -1, -4, -1.8157749899217608, 4.123105625617661
137, 34, 1065, 231, 1067, 232, -2, -1, -2.677945044588987, 2.23606797749979
137, 35, 1052, 222, 1054, 226, -2, -4, -2.0344439357957027, 4.47213595499958
137, 37, 1174, 168, 1174, 164, 0, 4, 1.5707963267948966, 4.0
137, 38, 235, 84, 234, 85, 1, -1, -0.7853981633974483, 1.4142135623730951
137, 40, 693, 374, 692, 378, 1, -4, -1.3258176636680326, 4.123105625617661
137, 41, 1233, 688, 1233, 684, 0, 4, 1.5707963267948966, 4.0
137, 42, 460, 512, 460, 517, 0, -5, -1.5707963267948966, 5.0
137, 44, 1226, 294, 1224, 291, 2, 3, 0.982793723247329, 3.605551275463989
137, 45, 481, 216, 481, 220, 0, -4, -1.5707963267948966, 4.0
137, 46, 510, 531, 510, 535, 0, -4, -1.5707963267948966, 4.0
137, 47, 702, 377, 703, 381, -1, -4, -1.8157749899217608, 4.123105625617661
137, 48, 784, 197, 783, 195, 1, 2, 1.1071487177940904, 2.23606797749979
137, 49, 125, 523, 123, 521, 2, 2, 0.7853981633974483, 2.8284271247461903
137, 50, 494, 80, 495, 83, -1, -3, -1.892546881191539, 3.1622776601683795
137, 53, 740, 260, 740, 265, 0, -5, -1.5707963267948966, 5.0
137, 54, 670, 260, 671, 257, -1, 3, 1.892546881191539, 3.1622776601683795
137, 55, 1072, 165, 1075, 170, -3, -5, -2.1112158270654806, 5.830951894845301
137, 56, 488, 55, 488, 57, 0, -2, -1.5707963267948966, 2.0
137, 57, 699, 383, 699, 387, 0, -4, -1.5707963267948966, 4.0
137, 60, 773, 198, 771, 196, 2, 2, 0.7853981633974483, 2.8284271247461903
137, 61, 659, 244, 661, 240, -2, 4, 2.0344439357957027, 4.47213595499958
137, 62, 602, 373, 602, 370, 0, 3, 1.5707963267948966, 3.0
137, 63, 647, 341, 648, 338, -1, 3, 1.892546881191539, 3.1622776601683795
137, 64, 777, 190, 775, 188, 2, 2, 0.7853981633974483, 2.8284271247461903
137, 65, 477, 129, 477, 133, 0, -4, -1.5707963267948966, 4.0
137, 67, 561, 94, 560, 97, 1, -3, -1.2490457723982544, 3.1622776601683795
137, 68, 633, 404, 633, 402, 0, 2, 1.5707963267948966, 2.0
137, 69, 228, 29, 224, 29, 4, 0, 0.0, 4.0
137, 70, 776, 27, 775, 29, 1, -2, -1.1071487177940904, 2.23606797749979
137, 73, 642, 316, 643, 313, -1, 3, 1.892546881191539, 3.1622776601683795
137, 76, 1171, 78, 1168, 76, 3, 2, 0.5880026035475675, 3.605551275463989
137, 81, 863, 444, 865, 446, -2, -2, -2.356194490192345, 2.8284271247461903
137, 82, 396, 348, 397, 344, -1, 4, 1.8157749899217608, 4.123105625617661
137, 83, 228, 67, 226, 69, 2, -2, -0.7853981633974483, 2.8284271247461903
137, 84, 1206, 106, 1204, 104, 2, 2, 0.7853981633974483, 2.8284271247461903
137, 85, 775, 147, 775, 150, 0, -3, -1.5707963267948966, 3.0
137, 89, 1078, 165, 1081, 170, -3, -5, -2.1112158270654806, 5.830951894845301
137, 90, 1072, 267, 1075, 273, -3, -6, -2.0344439357957027, 6.708203932499369
137, 91, 100, 473, 98, 470, 2, 3, 0.982793723247329, 3.605551275463989
137, 92, 1165, 112, 1164, 111, 1, 1, 0.7853981633974483, 1.4142135623730951
137, 93, 481, 107, 482, 109, -1, -2, -2.0344439357957027, 2.23606797749979
137, 94, 1226, 253, 1224, 249, 2, 4, 1.1071487177940904, 4.47213595499958
137, 95, 392, 453, 395, 453, -3, 0, 3.141592653589793, 3.0
137, 96, 909, 19, 911, 20, -2, -1, -2.677945044588987, 2.23606797749979
137, 97, 494, 586, 494, 588, 0, -2, -1.5707963267948966, 2.0
137, 99, 652, 252, 653, 248, -1, 4, 1.8157749899217608, 4.123105625617661
137, 100, 152, 59, 152, 57, 0, 2, 1.5707963267948966, 2.0
137, 101, 1204, 66, 1201, 65, 3, 1, 0.3217505543966422, 3.1622776601683795
137, 102, 1186, 69, 1183, 67, 3, 2, 0.5880026035475675, 3.605551275463989
137, 106, 624, 323, 623, 319, 1, 4, 1.3258176636680326, 4.123105625617661
137, 109, 744, 292, 744, 294, 0, -2, -1.5707963267948966, 2.0
137, 110, 1069, 181, 1072, 184, -3, -3, -2.356194490192345, 4.242640687119285
137, 111, 356, 342, 358, 339, -2, 3, 2.158798930342464, 3.605551275463989
137, 115, 677, 420, 677, 423, 0, -3, -1.5707963267948966, 3.0
137, 119, 831, 464, 828, 465, 3, -1, -0.3217505543966422, 3.1622776601683795
137, 120, 369, 413, 369, 409, 0, 4, 1.5707963267948966, 4.0
137, 121, 485, 156, 486, 161, -1, -5, -1.7681918866447774, 5.0990195135927845
137, 123, 1215, 244, 1213, 241, 2, 3, 0.982793723247329, 3.605551275463989
137, 124, 474, 524, 474, 528, 0, -4, -1.5707963267948966, 4.0
137, 125, 721, 345, 722, 351, -1, -6, -1.7359450042095235, 6.082762530298219
137, 126, 1185, 110, 1183, 109, 2, 1, 0.4636476090008061, 2.23606797749979
137, 127, 377, 318, 379, 315, -2, 3, 2.158798930342464, 3.605551275463989
137, 128, 1080, 209, 1084, 212, -4, -3, -2.498091544796509, 5.0
137, 129, 830, 503, 829, 512, 1, -9, -1.460139105621001, 9.055385138137417
137, 130, 622, 125, 622, 123, 0, 2, 1.5707963267948966, 2.0
137, 131, 154, 75, 154, 73, 0, 2, 1.5707963267948966, 2.0
137, 132, 1185, 301, 1185, 297, 0, 4, 1.5707963267948966, 4.0
137, 133, 484, 81, 485, 84, -1, -3, -1.892546881191539, 3.1622776601683795
137, 135, 1158, 210, 1159, 209, -1, 1, 2.356194490192345, 1.4142135623730951
137, 136, 781, 268, 780, 267, 1, 1, 0.7853981633974483, 1.4142135623730951
137, 137, 1239, 692, 1239, 687, 0, 5, 1.5707963267948966, 5.0
137, 138, 791, 231, 788, 229, 3, 2, 0.5880026035475675, 3.605551275463989
137, 139, 633, 121, 633, 119, 0, 2, 1.5707963267948966, 2.0
137, 142, 697, 370, 697, 375, 0, -5, -1.5707963267948966, 5.0
137, 143, 1233, 288, 1231, 285, 2, 3, 0.982793723247329, 3.605551275463989
137, 146, 152, 35, 152, 33, 0, 2, 1.5707963267948966, 2.0
137, 147, 1211, 254, 1209, 251, 2, 3, 0.982793723247329, 3.605551275463989
137, 151, 700, 464, 702, 469, -2, -5, -1.9513027039072615, 5.385164807134504
137, 154, 126, 578, 125, 577, 1, 1, 0.7853981633974483, 1.4142135623730951
137, 155, 462, 552, 464, 556, -2, -4, -2.0344439357957027, 4.47213595499958
137, 157, 82, 466, 80, 463, 2, 3, 0.982793723247329, 3.605551275463989
137, 158, 827, 415, 828, 419, -1, -4, -1.8157749899217608, 4.123105625617661
137, 159, 470, 468, 469, 473, 1, -5, -1.373400766945016, 5.0990195135927845
137, 160, 368, 475, 368, 471, 0, 4, 1.5707963267948966, 4.0
137, 161, 1170, 130, 1168, 128, 2, 2, 0.7853981633974483, 2.8284271247461903
137, 162, 369, 309, 370, 305, -1, 4, 1.8157749899217608, 4.123105625617661
137, 163, 1191, 146, 1190, 144, 1, 2, 1.1071487177940904, 2.23606797749979
137, 164, 509, 470, 508, 474, 1, -4, -1.3258176636680326, 4.123105625617661
137, 165, 377, 507, 376, 503, 1, 4, 1.3258176636680326, 4.123105625617661
137, 166, 540, 61, 539, 62, 1, -1, -0.7853981633974483, 1.4142135623730951
137, 168, 850, 388, 849, 394, 1, -6, -1.4056476493802699, 6.082762530298219
138, 1, 851, 407, 851, 412, 0, -5, -1.5707963267948966, 5.0
138, 3, 485, 69, 486, 71, -1, -2, -2.0344439357957027, 2.23606797749979
138, 4, 482, 454, 482, 459, 0, -5, -1.5707963267948966, 5.0
138, 8, 455, 538, 455, 542, 0, -4, -1.5707963267948966, 4.0
138, 9, 839, 404, 839, 408, 0, -4, -1.5707963267948966, 4.0
138, 10, 84, 481, 82, 478, 2, 3, 0.982793723247329, 3.605551275463989
138, 11, 358, 351, 359, 350, -1, 1, 2.356194490192345, 1.4142135623730951
138, 13, 231, 21, 228, 22, 3, -1, -0.3217505543966422, 3.1622776601683795
138, 14, 500, 454, 499, 459, 1, -5, -1.373400766945016, 5.0990195135927845
138, 18, 1079, 175, 1080, 179, -1, -4, -1.8157749899217608, 4.123105625617661
138, 21, 777, 156, 778, 159, -1, -3, -1.892546881191539, 3.1622776601683795
138, 22, 464, 115, 465, 119, -1, -4, -1.8157749899217608, 4.123105625617661
138, 24, 461, 127, 462, 131, -1, -4, -1.8157749899217608, 4.123105625617661
138, 25, 396, 462, 399, 461, -3, 1, 2.819842099193151, 3.1622776601683795
138, 26, 801, 137, 801, 141, 0, -4, -1.5707963267948966, 4.0
138, 29, 379, 414, 381, 411, -2, 3, 2.158798930342464, 3.605551275463989
138, 31, 709, 278, 710, 280, -1, -2, -2.0344439357957027, 2.23606797749979
138, 32, 448, 533, 448, 537, 0, -4, -1.5707963267948966, 4.0
138, 34, 1064, 229, 1065, 231, -1, -2, -2.0344439357957027, 2.23606797749979
138, 35, 1051, 218, 1052, 222, -1, -4, -1.8157749899217608, 4.123105625617661
138, 37, 1174, 170, 1174, 168, 0, 2, 1.5707963267948966, 2.0
138, 40, 693, 369, 693, 374, 0, -5, -1.5707963267948966, 5.0
138, 41, 1234, 691, 1233, 688, 1, 3, 1.2490457723982544, 3.1622776601683795
138, 42, 460, 507, 460, 512, 0, -5, -1.5707963267948966, 5.0
138, 44, 1227, 296, 1226, 294, 1, 2, 1.1071487177940904, 2.23606797749979
138, 45, 481, 212, 481, 216, 0, -4, -1.5707963267948966, 4.0
138, 46, 510, 529, 510, 531, 0, -2, -1.5707963267948966, 2.0
138, 47, 702, 372, 702, 377, 0, -5, -1.5707963267948966, 5.0
138, 48, 785, 198, 784, 197, 1, 1, 0.7853981633974483, 1.4142135623730951
138, 49, 126, 525, 125, 523, 1, 2, 1.1071487177940904, 2.23606797749979
138, 50, 493, 78, 494, 80, -1, -2, -2.0344439357957027, 2.23606797749979
138, 52, 939, 18, 939, 20, 0, -2, -1.5707963267948966, 2.0
138, 53, 740, 255, 740, 260, 0, -5, -1.5707963267948966, 5.0
138, 54, 669, 263, 670, 260, -1, 3, 1.892546881191539, 3.1622776601683795
138, 55, 1070, 161, 1072, 165, -2, -4, -2.0344439357957027, 4.47213595499958
138, 57, 699, 378, 699, 383, 0, -5, -1.5707963267948966, 5.0
138, 61, 657, 247, 659, 244, -2, 3, 2.158798930342464, 3.605551275463989
138, 62, 602, 377, 602, 373, 0, 4, 1.5707963267948966, 4.0
138, 64, 778, 191, 777, 190, 1, 1, 0.7853981633974483, 1.4142135623730951
138, 65, 477, 125, 477, 129, 0, -4, -1.5707963267948966, 4.0
138, 66, 766, 250, 765, 249, 1, 1, 0.7853981633974483, 1.4142135623730951
138, 67, 562, 91, 561, 94, 1, -3, -1.2490457723982544, 3.1622776601683795
138, 68, 633, 407, 633, 404, 0, 3, 1.5707963267948966, 3.0
138, 69, 231, 28, 228, 29, 3, -1, -0.3217505543966422, 3.1622776601683795
138, 72, 641, 319, 642, 316, -1, 3, 1.892546881191539, 3.1622776601683795
138, 79, 863, 439, 863, 444, 0, -5, -1.5707963267948966, 5.0
138, 80, 395, 350, 396, 348, -1, 2, 2.0344439357957027, 2.23606797749979
138, 81, 229, 66, 228, 67, 1, -1, -0.7853981633974483, 1.4142135623730951
138, 83, 774, 145, 775, 147, -1, -2, -2.0344439357957027, 2.23606797749979
138, 87, 1077, 161, 1078, 165, -1, -4, -1.8157749899217608, 4.123105625617661
138, 88, 1070, 264, 1072, 267, -2, -3, -2.158798930342464, 3.605551275463989
138, 89, 102, 477, 100, 473, 2, 4, 1.1071487177940904, 4.47213595499958
138, 91, 480, 105, 481, 107, -1, -2, -2.0344439357957027, 2.23606797749979
138, 92, 1227, 254, 1226, 253, 1, 1, 0.7853981633974483, 1.4142135623730951
138, 93, 388, 455, 392, 453, -4, 2, 2.677945044588987, 4.47213595499958
138, 95, 493, 583, 494, 586, -1, -3, -1.892546881191539, 3.1622776601683795
138, 97, 651, 255, 652, 252, -1, 3, 1.892546881191539, 3.1622776601683795
138, 102, 388, 381, 390, 381, -2, 0, 3.141592653589793, 2.0
138, 104, 624, 325, 624, 323, 0, 2, 1.5707963267948966, 2.0
138, 107, 744, 288, 744, 292, 0, -4, -1.5707963267948966, 4.0
138, 108, 1068, 177, 1069, 181, -1, -4, -1.8157749899217608, 4.123105625617661
138, 109, 355, 344, 356, 342, -1, 2, 2.0344439357957027, 2.23606797749979
138, 113, 677, 415, 677, 420, 0, -5, -1.5707963267948966, 5.0
138, 114, 843, 495, 843, 498, 0, -3, -1.5707963267948966, 3.0
138, 117, 832, 460, 831, 464, 1, -4, -1.3258176636680326, 4.123105625617661
138, 118, 368, 417, 369, 413, -1, 4, 1.8157749899217608, 4.123105625617661
138, 119, 484, 153, 485, 156, -1, -3, -1.892546881191539, 3.1622776601683795
138, 120, 1216, 245, 1215, 244, 1, 1, 0.7853981633974483, 1.4142135623730951
138, 121, 474, 520, 474, 524, 0, -4, -1.5707963267948966, 4.0
138, 122, 720, 341, 721, 345, -1, -4, -1.8157749899217608, 4.123105625617661
138, 124, 376, 320, 377, 318, -1, 2, 2.0344439357957027, 2.23606797749979
138, 125, 830, 498, 830, 503, 0, -5, -1.5707963267948966, 5.0
138, 127, 153, 76, 154, 75, -1, 1, 2.356194490192345, 1.4142135623730951
138, 128, 1185, 304, 1185, 301, 0, 3, 1.5707963267948966, 3.0
138, 129, 483, 79, 484, 81, -1, -2, -2.0344439357957027, 2.23606797749979
138, 133, 1240, 696, 1239, 692, 1, 4, 1.3258176636680326, 4.123105625617661
138, 134, 792, 234, 791, 231, 1, 3, 1.2490457723982544, 3.1622776601683795
138, 138, 697, 365, 697, 370, 0, -5, -1.5707963267948966, 5.0
138, 139, 1234, 289, 1233, 288, 1, 1, 0.7853981633974483, 1.4142135623730951
138, 147, 698, 461, 700, 464, -2, -3, -2.158798930342464, 3.605551275463989
138, 150, 127, 579, 126, 578, 1, 1, 0.7853981633974483, 1.4142135623730951
138, 151, 461, 548, 462, 552, -1, -4, -1.8157749899217608, 4.123105625617661
138, 153, 84, 469, 82, 466, 2, 3, 0.982793723247329, 3.605551275463989
138, 154, 828, 410, 827, 415, 1, -5, -1.373400766945016, 5.0990195135927845
138, 155, 471, 463, 470, 468, 1, -5, -1.373400766945016, 5.0990195135927845
138, 156, 368, 479, 368, 475, 0, 4, 1.5707963267948966, 4.0
138, 157, 1171, 131, 1170, 130, 1, 1, 0.7853981633974483, 1.4142135623730951
138, 158, 368, 311, 369, 309, -1, 2, 2.0344439357957027, 2.23606797749979
138, 160, 509, 465, 509, 470, 0, -5, -1.5707963267948966, 5.0
138, 161, 379, 510, 377, 507, 2, 3, 0.982793723247329, 3.605551275463989
138, 164, 850, 382, 850, 388, 0, -6, -1.5707963267948966, 6.0
139, 0, 851, 402, 851, 407, 0, -5, -1.5707963267948966, 5.0
139, 1, 826, 439, 827, 438, -1, 1, 2.356194490192345, 1.4142135623730951
139, 2, 484, 67, 485, 69, -1, -2, -2.0344439357957027, 2.23606797749979
139, 3, 481, 450, 482, 454, -1, -4, -1.8157749899217608, 4.123105625617661
139, 6, 455, 534, 455, 538, 0, -4, -1.5707963267948966, 4.0
139, 7, 839, 399, 839, 404, 0, -5, -1.5707963267948966, 5.0
139, 8, 86, 484, 84, 481, 2, 3, 0.982793723247329, 3.605551275463989
139, 9, 357, 353, 358, 351, -1, 2, 2.0344439357957027, 2.23606797749979
139, 10, 234, 20, 231, 21, 3, -1, -0.3217505543966422, 3.1622776601683795
139, 11, 500, 449, 500, 454, 0, -5, -1.5707963267948966, 5.0
139, 15, 1078, 170, 1079, 175, -1, -5, -1.7681918866447774, 5.0990195135927845
139, 16, 626, 87, 627, 86, -1, 1, 2.356194490192345, 1.4142135623730951
139, 17, 777, 154, 777, 156, 0, -2, -1.5707963267948966, 2.0
139, 18, 463, 110, 464, 115, -1, -5, -1.7681918866447774, 5.0990195135927845
139, 19, 460, 122, 461, 127, -1, -5, -1.7681918866447774, 5.0990195135927845
139, 20, 394, 463, 396, 462, -2, 1, 2.677945044588987, 2.23606797749979
139, 21, 801, 133, 801, 137, 0, -4, -1.5707963267948966, 4.0
139, 24, 377, 417, 379, 414, -2, 3, 2.158798930342464, 3.605551275463989
139, 26, 708, 276, 709, 278, -1, -2, -2.0344439357957027, 2.23606797749979
139, 27, 448, 529, 448, 533, 0, -4, -1.5707963267948966, 4.0
139, 28, 1063, 227, 1064, 229, -1, -2, -2.0344439357957027, 2.23606797749979
139, 29, 1049, 214, 1051, 218, -2, -4, -2.0344439357957027, 4.47213595499958
139, 33, 693, 365, 693, 369, 0, -4, -1.5707963267948966, 4.0
139, 34, 1235, 694, 1234, 691, 1, 3, 1.2490457723982544, 3.1622776601683795
139, 35, 460, 503, 460, 507, 0, -4, -1.5707963267948966, 4.0
139, 36, 1227, 298, 1227, 296, 0, 2, 1.5707963267948966, 2.0
139, 37, 481, 209, 481, 212, 0, -3, -1.5707963267948966, 3.0
139, 38, 510, 527, 510, 529, 0, -2, -1.5707963267948966, 2.0
139, 39, 702, 368, 702, 372, 0, -4, -1.5707963267948966, 4.0
139, 41, 127, 527, 126, 525, 1, 2, 1.1071487177940904, 2.23606797749979
139, 42, 492, 75, 493, 78, -1, -3, -1.892546881191539, 3.1622776601683795
139, 44, 940, 13, 939, 18, 1, -5, -1.373400766945016, 5.0990195135927845
139, 45, 739, 250, 740, 255, -1, -5, -1.7681918866447774, 5.0990195135927845
139, 46, 667, 266, 669, 263, -2, 3, 2.158798930342464, 3.605551275463989
139, 47, 1069, 157, 1070, 161, -1, -4, -1.8157749899217608, 4.123105625617661
139, 48, 488, 52, 488, 54, 0, -2, -1.5707963267948966, 2.0
139, 49, 699, 374, 699, 378, 0, -4, -1.5707963267948966, 4.0
139, 52, 655, 249, 657, 247, -2, 2, 2.356194490192345, 2.8284271247461903
139, 53, 602, 380, 602, 377, 0, 3, 1.5707963267948966, 3.0
139, 56, 476, 120, 477, 125, -1, -5, -1.7681918866447774, 5.0990195135927845
139, 57, 767, 252, 766, 250, 1, 2, 1.1071487177940904, 2.23606797749979
139, 58, 562, 88, 562, 91, 0, -3, -1.5707963267948966, 3.0
139, 59, 633, 409, 633, 407, 0, 2, 1.5707963267948966, 2.0
139, 60, 234, 27, 231, 28, 3, -1, -0.3217505543966422, 3.1622776601683795
139, 61, 776, 24, 776, 26, 0, -2, -1.5707963267948966, 2.0
139, 62, 641, 322, 641, 319, 0, 3, 1.5707963267948966, 3.0
139, 64, 1173, 79, 1172, 78, 1, 1, 0.7853981633974483, 1.4142135623730951
139, 67, 863, 434, 863, 439, 0, -5, -1.5707963267948966, 5.0
139, 68, 394, 352, 395, 350, -1, 2, 2.0344439357957027, 2.23606797749979
139, 69, 230, 65, 229, 66, 1, -1, -0.7853981633974483, 1.4142135623730951
139, 74, 1076, 157, 1077, 161, -1, -4, -1.8157749899217608, 4.123105625617661
139, 75, 1067, 262, 1070, 264, -3, -2, -2.5535900500422257, 3.605551275463989
139, 76, 104, 481, 102, 477, 2, 4, 1.1071487177940904, 4.47213595499958
139, 78, 479, 103, 480, 105, -1, -2, -2.0344439357957027, 2.23606797749979
139, 79, 1227, 256, 1227, 254, 0, 2, 1.5707963267948966, 2.0
139, 80, 385, 458, 388, 455, -3, 3, 2.356194490192345, 4.242640687119285
139, 82, 492, 578, 493, 583, -1, -5, -1.7681918866447774, 5.0990195135927845
139, 84, 649, 258, 651, 255, -2, 3, 2.158798930342464, 3.605551275463989
139, 88, 386, 380, 388, 381, -2, -1, -2.677945044588987, 2.23606797749979
139, 89, 1261, 260, 1261, 258, 0, 2, 1.5707963267948966, 2.0
139, 90, 624, 327, 624, 325, 0, 2, 1.5707963267948966, 2.0
139, 91, 632, 170, 633, 169, -1, 1, 2.356194490192345, 1.4142135623730951
139, 93, 743, 285, 744, 288, -1, -3, -1.892546881191539, 3.1622776601683795
139, 94, 1067, 172, 1068, 177, -1, -5, -1.7681918866447774, 5.0990195135927845
139, 95, 354, 346, 355, 344, -1, 2, 2.0344439357957027, 2.23606797749979
139, 98, 676, 411, 677, 415, -1, -4, -1.8157749899217608, 4.123105625617661
139, 99, 843, 493, 843, 495, 0, -2, -1.5707963267948966, 2.0
139, 101, 832, 458, 832, 460, 0, -2, -1.5707963267948966, 2.0
139, 102, 366, 421, 368, 417, -2, 4, 2.0344439357957027, 4.47213595499958
139, 103, 483, 150, 484, 153, -1, -3, -1.892546881191539, 3.1622776601683795
139, 104, 1216, 247, 1216, 245, 0, 2, 1.5707963267948966, 2.0
139, 105, 474, 516, 474, 520, 0, -4, -1.5707963267948966, 4.0
139, 106, 719, 338, 720, 341, -1, -3, -1.892546881191539, 3.1622776601683795
139, 108, 375, 323, 376, 320, -1, 3, 1.892546881191539, 3.1622776601683795
139, 109, 830, 493, 830, 498, 0, -5, -1.5707963267948966, 5.0
139, 110, 621, 127, 622, 126, -1, 1, 2.356194490192345, 1.4142135623730951
139, 111, 152, 77, 153, 76, -1, 1, 2.356194490192345, 1.4142135623730951
139, 112, 1185, 306, 1185, 304, 0, 2, 1.5707963267948966, 2.0
139, 113, 481, 76, 483, 79, -2, -3, -2.158798930342464, 3.605551275463989
139, 117, 1242, 699, 1240, 696, 2, 3, 0.982793723247329, 3.605551275463989
139, 118, 793, 236, 792, 234, 1, 2, 1.1071487177940904, 2.23606797749979
139, 119, 632, 123, 633, 122, -1, 1, 2.356194490192345, 1.4142135623730951
139, 120, 171, 80, 172, 79, -1, 1, 2.356194490192345, 1.4142135623730951
139, 121, 697, 361, 697, 365, 0, -4, -1.5707963267948966, 4.0
139, 122, 1235, 291, 1234, 289, 1, 2, 1.1071487177940904, 2.23606797749979
139, 128, 697, 459, 698, 461, -1, -2, -2.0344439357957027, 2.23606797749979
139, 130, 128, 578, 127, 579, 1, -1, -0.7853981633974483, 1.4142135623730951
139, 131, 461, 544, 461, 548, 0, -4, -1.5707963267948966, 4.0
139, 133, 86, 472, 84, 469, 2, 3, 0.982793723247329, 3.605551275463989
139, 134, 828, 405, 828, 410, 0, -5, -1.5707963267948966, 5.0
139, 135, 470, 459, 471, 463, -1, -4, -1.8157749899217608, 4.123105625617661
139, 136, 367, 483, 368, 479, -1, 4, 1.8157749899217608, 4.123105625617661
139, 137, 1172, 132, 1171, 131, 1, 1, 0.7853981633974483, 1.4142135623730951
139, 138, 367, 313, 368, 311, -1, 2, 2.0344439357957027, 2.23606797749979
139, 140, 509, 460, 509, 465, 0, -5, -1.5707963267948966, 5.0
139, 143, 849, 377, 850, 382, -1, -5, -1.7681918866447774, 5.0990195135927845
140, 0, 358, 350, 359, 348, -1, 2, 2.0344439357957027, 2.23606797749979
140, 1, 853, 398, 854, 403, -1, -5, -1.7681918866447774, 5.0990195135927845
140, 2, 1225, 295, 1225, 293, 0, 2, 1.5707963267948966, 2.0
140, 3, 842, 397, 843, 402, -1, -5, -1.7681918866447774, 5.0990195135927845
140, 4, 511, 514, 510, 518, 1, -4, -1.3258176636680326, 4.123105625617661
140, 5, 85, 486, 84, 483, 1, 3, 1.2490457723982544, 3.1622776601683795
140, 6, 486, 69, 487, 73, -1, -4, -1.8157749899217608, 4.123105625617661
140, 8, 234, 23, 230, 23, 4, 0, 0.0, 4.0
140, 9, 485, 455, 485, 459, 0, -4, -1.5707963267948966, 4.0
140, 10, 586, 30, 587, 32, -1, -2, -2.0344439357957027, 2.23606797749979
140, 13, 692, 369, 692, 373, 0, -4, -1.5707963267948966, 4.0
140, 14, 627, 87, 628, 86, -1, 1, 2.356194490192345, 1.4142135623730951
140, 15, 458, 538, 457, 541, 1, -3, -1.2490457723982544, 3.1622776601683795
140, 16, 466, 114, 467, 119, -1, -5, -1.7681918866447774, 5.0990195135927845
140, 17, 452, 532, 451, 536, 1, -4, -1.3258176636680326, 4.123105625617661
140, 18, 639, 430, 639, 425, 0, 5, 1.5707963267948966, 5.0
140, 19, 942, 17, 941, 19, 1, -2, -1.1071487177940904, 2.23606797749979
140, 21, 1082, 176, 1084, 180, -2, -4, -2.0344439357957027, 4.47213595499958
140, 22, 1053, 220, 1054, 223, -1, -3, -1.892546881191539, 3.1622776601683795
140, 23, 644, 321, 645, 318, -1, 3, 1.892546881191539, 3.1622776601683795
140, 24, 843, 497, 843, 499, 0, -2, -1.5707963267948966, 2.0
140, 25, 790, 116, 790, 120, 0, -4, -1.5707963267948966, 4.0
140, 26, 498, 454, 498, 459, 0, -5, -1.5707963267948966, 5.0
140, 28, 494, 79, 495, 82, -1, -3, -1.892546881191539, 3.1622776601683795
140, 30, 463, 127, 464, 131, -1, -4, -1.8157749899217608, 4.123105625617661
140, 33, 463, 510, 463, 514, 0, -4, -1.5707963267948966, 4.0
140, 34, 1261, 216, 1266, 215, -5, 1, 2.9441970937399127, 5.0990195135927845
140, 35, 668, 264, 670, 261, -2, 3, 2.158798930342464, 3.605551275463989
140, 36, 378, 395, 380, 395, -2, 0, 3.141592653589793, 2.0
140, 39, 384, 405, 386, 404, -2, 1, 2.677945044588987, 2.23606797749979
140, 41, 230, 66, 229, 67, 1, -1, -0.7853981633974483, 1.4142135623730951
140, 42, 849, 21, 851, 22, -2, -1, -2.677945044588987, 2.23606797749979
140, 43, 707, 371, 707, 375, 0, -4, -1.5707963267948966, 4.0
140, 44, 381, 419, 383, 416, -2, 3, 2.158798930342464, 3.605551275463989
140, 46, 711, 284, 712, 287, -1, -3, -1.892546881191539, 3.1622776601683795
140, 47, 1081, 163, 1082, 167, -1, -4, -1.8157749899217608, 4.123105625617661
140, 48, 579, 22, 580, 24, -1, -2, -2.0344439357957027, 2.23606797749979
140, 49, 89, 540, 88, 538, 1, 2, 1.1071487177940904, 2.23606797749979
140, 50, 242, 64, 240, 65, 2, -1, -0.4636476090008061, 2.23606797749979
140, 51, 229, 52, 226, 53, 3, -1, -0.3217505543966422, 3.1622776601683795
140, 52, 799, 161, 799, 164, 0, -3, -1.5707963267948966, 3.0
140, 53, 255, 79, 252, 81, 3, -2, -0.5880026035475675, 3.605551275463989
140, 55, 475, 125, 476, 129, -1, -4, -1.8157749899217608, 4.123105625617661
140, 57, 700, 379, 700, 383, 0, -4, -1.5707963267948966, 4.0
140, 58, 232, 31, 228, 32, 4, -1, -0.24497866312686414, 4.123105625617661
140, 59, 1261, 222, 1275, 220, -14, 2, 2.999695598985629, 14.142135623730951
140, 60, 475, 518, 474, 521, 1, -3, -1.2490457723982544, 3.1622776601683795
140, 61, 801, 18, 803, 19, -2, -1, -2.677945044588987, 2.23606797749979
140, 62, 1171, 80, 1170, 79, 1, 1, 0.7853981633974483, 1.4142135623730951
140, 63, 1253, 701, 1252, 702, 1, -1, -0.7853981633974483, 1.4142135623730951
140, 64, 659, 246, 661, 244, -2, 2, 2.356194490192345, 2.8284271247461903
140, 67, 1261, 255, 1277, 255, -16, 0, 3.141592653589793, 16.0
140, 68, 480, 104, 481, 108, -1, -4, -1.8157749899217608, 4.123105625617661
140, 69, 1070, 258, 1072, 260, -2, -2, -2.356194490192345, 2.8284271247461903
140, 73, 740, 256, 741, 261, -1, -5, -1.7681918866447774, 5.0990195135927845
140, 74, 832, 405, 832, 410, 0, -5, -1.5707963267948966, 5.0
140, 75, 700, 414, 700, 418, 0, -4, -1.5707963267948966, 4.0
140, 76, 580, 99, 581, 101, -1, -2, -2.0344439357957027, 2.23606797749979
140, 77, 489, 56, 489, 58, 0, -2, -1.5707963267948966, 2.0
140, 80, 360, 471, 361, 468, -1, 3, 1.892546881191539, 3.1622776601683795
140, 81, 1227, 254, 1227, 252, 0, 2, 1.5707963267948966, 2.0
140, 82, 483, 209, 483, 213, 0, -4, -1.5707963267948966, 4.0
140, 83, 816, 24, 818, 24, -2, 0, 3.141592653589793, 2.0
140, 85, 104, 480, 102, 476, 2, 4, 1.1071487177940904, 4.47213595499958
140, 86, 620, 326, 620, 323, 0, 3, 1.5707963267948966, 3.0
140, 87, 843, 452, 843, 455, 0, -3, -1.5707963267948966, 3.0
140, 88, 395, 356, 396, 353, -1, 3, 1.892546881191539, 3.1622776601683795
140, 89, 607, 386, 606, 383, 1, 3, 1.2490457723982544, 3.1622776601683795
140, 90, 686, 408, 686, 412, 0, -4, -1.5707963267948966, 4.0
140, 91, 651, 255, 653, 252, -2, 3, 2.158798930342464, 3.605551275463989
140, 92, 378, 323, 379, 320, -1, 3, 1.892546881191539, 3.1622776601683795
140, 93, 464, 546, 464, 552, 0, -6, -1.5707963267948966, 6.0
140, 94, 563, 89, 563, 92, 0, -3, -1.5707963267948966, 3.0
140, 95, 632, 168, 633, 167, -1, 1, 2.356194490192345, 1.4142135623730951
140, 96, 621, 125, 622, 123, -1, 2, 2.0344439357957027, 2.23606797749979
140, 97, 703, 440, 703, 445, 0, -5, -1.5707963267948966, 5.0
140, 98, 620, 174, 621, 171, -1, 3, 1.892546881191539, 3.1622776601683795
140, 100, 805, 24, 807, 25, -2, -1, -2.677945044588987, 2.23606797749979
140, 101, 153, 36, 154, 35, -1, 1, 2.356194490192345, 1.4142135623730951
140, 102, 1070, 177, 1072, 181, -2, -4, -2.0344439357957027, 4.47213595499958
140, 103, 364, 314, 365, 311, -1, 3, 1.892546881191539, 3.1622776601683795
140, 106, 1185, 72, 1184, 71, 1, 1, 0.7853981633974483, 1.4142135623730951
140, 107, 498, 447, 498, 452, 0, -5, -1.5707963267948966, 5.0
140, 110, 1211, 255, 1211, 253, 0, 2, 1.5707963267948966, 2.0
140, 111, 1205, 345, 1206, 342, -1, 3, 1.892546881191539, 3.1622776601683795
140, 112, 794, 234, 793, 233, 1, 1, 0.7853981633974483, 1.4142135623730951
140, 115, 499, 151, 499, 153, 0, -2, -1.5707963267948966, 2.0
140, 116, 1066, 230, 1067, 232, -1, -2, -2.0344439357957027, 2.23606797749979
140, 119, 747, 292, 747, 295, 0, -3, -1.5707963267948966, 3.0
140, 120, 727, 304, 727, 308, 0, -4, -1.5707963267948966, 4.0
140, 121, 592, 57, 593, 59, -1, -2, -2.0344439357957027, 2.23606797749979
140, 123, 367, 419, 369, 416, -2, 3, 2.158798930342464, 3.605551275463989
140, 124, 849, 381, 850, 386, -1, -5, -1.7681918866447774, 5.0990195135927845
140, 125, 849, 53, 851, 55, -2, -2, -2.356194490192345, 2.8284271247461903
140, 126, 1235, 289, 1235, 287, 0, 2, 1.5707963267948966, 2.0
140, 128, 803, 138, 803, 142, 0, -4, -1.5707963267948966, 4.0
140, 129, 1261, 701, 1259, 705, 2, -4, -1.1071487177940904, 4.47213595499958
140, 130, 497, 545, 497, 547, 0, -2, -1.5707963267948966, 2.0
140, 131, 489, 441, 489, 446, 0, -5, -1.5707963267948966, 5.0
140, 134, 664, 258, 666, 255, -2, 3, 2.158798930342464, 3.605551275463989
140, 135, 699, 367, 699, 371, 0, -4, -1.5707963267948966, 4.0
140, 136, 513, 526, 513, 529, 0, -3, -1.5707963267948966, 3.0
140, 137, 482, 127, 483, 131, -1, -4, -1.8157749899217608, 4.123105625617661
140, 138, 1222, 246, 1222, 244, 0, 2, 1.5707963267948966, 2.0
140, 139, 669, 311, 670, 309, -1, 2, 2.0344439357957027, 2.23606797749979
140, 141, 1161, 216, 1163, 215, -2, 1, 2.677945044588987, 2.23606797749979
140, 142, 633, 125, 634, 123, -1, 2, 2.0344439357957027, 2.23606797749979
140, 144, 1065, 243, 1067, 246, -2, -3, -2.158798930342464, 3.605551275463989
140, 145, 160, 81, 161, 80, -1, 1, 2.356194490192345, 1.4142135623730951
140, 146, 368, 479, 369, 476, -1, 3, 1.892546881191539, 3.1622776601683795
140, 147, 484, 80, 485, 83, -1, -3, -1.892546881191539, 3.1622776601683795
140, 149, 693, 362, 693, 366, 0, -4, -1.5707963267948966, 4.0
140, 150, 587, 103, 588, 105, -1, -2, -2.0344439357957027, 2.23606797749979
140, 151, 870, 422, 870, 427, 0, -5, -1.5707963267948966, 5.0
140, 152, 133, 533, 132, 530, 1, 3, 1.2490457723982544, 3.1622776601683795
141, 0, 357, 352, 358, 350, -1, 2, 2.0344439357957027, 2.23606797749979
141, 1, 852, 393, 853, 398, -1, -5, -1.7681918866447774, 5.0990195135927845
141, 2, 1225, 298, 1225, 295, 0, 3, 1.5707963267948966, 3.0
141, 3, 841, 393, 842, 397, -1, -4, -1.8157749899217608, 4.123105625617661
141, 4, 512, 508, 511, 514, 1, -6, -1.4056476493802699, 6.082762530298219
141, 5, 86, 490, 85, 486, 1, 4, 1.3258176636680326, 4.123105625617661
141, 6, 484, 65, 486, 69, -2, -4, -2.0344439357957027, 4.47213595499958
141, 8, 237, 22, 234, 23, 3, -1, -0.3217505543966422, 3.1622776601683795
141, 9, 484, 451, 485, 455, -1, -4, -1.8157749899217608, 4.123105625617661
141, 10, 585, 28, 586, 30, -1, -2, -2.0344439357957027, 2.23606797749979
141, 11, 820, 446, 821, 445, -1, 1, 2.356194490192345, 1.4142135623730951
141, 12, 692, 365, 692, 369, 0, -4, -1.5707963267948966, 4.0
141, 13, 626, 88, 627, 87, -1, 1, 2.356194490192345, 1.4142135623730951
141, 14, 460, 534, 458, 538, 2, -4, -1.1071487177940904, 4.47213595499958
141, 15, 465, 109, 466, 114, -1, -5, -1.7681918866447774, 5.0990195135927845
141, 16, 453, 528, 452, 532, 1, -4, -1.3258176636680326, 4.123105625617661
141, 17, 639, 435, 639, 430, 0, 5, 1.5707963267948966, 5.0
141, 18, 943, 16, 942, 17, 1, -1, -0.7853981633974483, 1.4142135623730951
141, 20, 1081, 172, 1082, 176, -1, -4, -1.8157749899217608, 4.123105625617661
141, 21, 1052, 216, 1053, 220, -1, -4, -1.8157749899217608, 4.123105625617661
141, 22, 643, 324, 644, 321, -1, 3, 1.892546881191539, 3.1622776601683795
141, 23, 790, 112, 790, 116, 0, -4, -1.5707963267948966, 4.0
141, 24, 498, 449, 498, 454, 0, -5, -1.5707963267948966, 5.0
141, 25, 492, 75, 494, 79, -2, -4, -2.0344439357957027, 4.47213595499958
141, 27, 462, 123, 463, 127, -1, -4, -1.8157749899217608, 4.123105625617661
141, 29, 463, 506, 463, 510, 0, -4, -1.5707963267948966, 4.0
141, 31, 666, 266, 668, 264, -2, 2, 2.356194490192345, 2.8284271247461903
141, 32, 376, 394, 378, 395, -2, -1, -2.677945044588987, 2.23606797749979
141, 34, 382, 406, 384, 405, -2, 1, 2.677945044588987, 2.23606797749979
141, 36, 232, 65, 230, 66, 2, -1, -0.4636476090008061, 2.23606797749979
141, 37, 847, 20, 849, 21, -2, -1, -2.677945044588987, 2.23606797749979
141, 38, 707, 367, 707, 371, 0, -4, -1.5707963267948966, 4.0
141, 39, 379, 422, 381, 419, -2, 3, 2.158798930342464, 3.605551275463989
141, 41, 710, 281, 711, 284, -1, -3, -1.892546881191539, 3.1622776601683795
141, 42, 1080, 159, 1081, 163, -1, -4, -1.8157749899217608, 4.123105625617661
141, 43, 578, 20, 579, 22, -1, -2, -2.0344439357957027, 2.23606797749979
141, 44, 90, 543, 89, 540, 1, 3, 1.2490457723982544, 3.1622776601683795
141, 45, 244, 63, 242, 64, 2, -1, -0.4636476090008061, 2.23606797749979
141, 46, 232, 51, 229, 52, 3, -1, -0.3217505543966422, 3.1622776601683795
141, 47, 799, 158, 799, 161, 0, -3, -1.5707963267948966, 3.0
141, 48, 258, 77, 255, 79, 3, -2, -0.5880026035475675, 3.605551275463989
141, 49, 474, 120, 475, 125, -1, -5, -1.7681918866447774, 5.0990195135927845
141, 50, 700, 375, 700, 379, 0, -4, -1.5707963267948966, 4.0
141, 51, 235, 30, 232, 31, 3, -1, -0.3217505543966422, 3.1622776601683795
141, 53, 476, 515, 475, 518, 1, -3, -1.2490457723982544, 3.1622776601683795
141, 54, 799, 17, 801, 18, -2, -1, -2.677945044588987, 2.23606797749979
141, 56, 1255, 701, 1253, 701, 2, 0, 0.0, 2.0
141, 57, 657, 248, 659, 246, -2, 2, 2.356194490192345, 2.8284271247461903
141, 59, 1261, 260, 1261, 255, 0, 5, 1.5707963267948966, 5.0
141, 60, 479, 100, 480, 104, -1, -4, -1.8157749899217608, 4.123105625617661
141, 61, 1068, 256, 1070, 258, -2, -2, -2.356194490192345, 2.8284271247461903
141, 62, 712, 412, 712, 414, 0, -2, -1.5707963267948966, 2.0
141, 64, 739, 251, 740, 256, -1, -5, -1.7681918866447774, 5.0990195135927845
141, 65, 832, 400, 832, 405, 0, -5, -1.5707963267948966, 5.0
141, 66, 700, 410, 700, 414, 0, -4, -1.5707963267948966, 4.0
141, 67, 579, 97, 580, 99, -1, -2, -2.0344439357957027, 2.23606797749979
141, 68, 489, 53, 489, 56, 0, -3, -1.5707963267948966, 3.0
141, 70, 358, 474, 360, 471, -2, 3, 2.158798930342464, 3.605551275463989
141, 71, 1227, 257, 1227, 254, 0, 3, 1.5707963267948966, 3.0
141, 72, 483, 205, 483, 209, 0, -4, -1.5707963267948966, 4.0
141, 73, 814, 23, 816, 24, -2, -1, -2.677945044588987, 2.23606797749979
141, 74, 105, 484, 104, 480, 1, 4, 1.3258176636680326, 4.123105625617661
141, 75, 620, 329, 620, 326, 0, 3, 1.5707963267948966, 3.0
141, 76, 843, 449, 843, 452, 0, -3, -1.5707963267948966, 3.0
141, 77, 394, 359, 395, 356, -1, 3, 1.892546881191539, 3.1622776601683795
141, 78, 607, 388, 607, 386, 0, 2, 1.5707963267948966, 2.0
141, 79, 686, 404, 686, 408, 0, -4, -1.5707963267948966, 4.0
141, 80, 649, 257, 651, 255, -2, 2, 2.356194490192345, 2.8284271247461903
141, 81, 376, 326, 378, 323, -2, 3, 2.158798930342464, 3.605551275463989
141, 82, 465, 541, 464, 546, 1, -5, -1.373400766945016, 5.0990195135927845
141, 83, 563, 86, 563, 89, 0, -3, -1.5707963267948966, 3.0
141, 86, 702, 434, 703, 440, -1, -6, -1.7359450042095235, 6.082762530298219
141, 87, 619, 177, 620, 174, -1, 3, 1.892546881191539, 3.1622776601683795
141, 88, 803, 23, 805, 24, -2, -1, -2.677945044588987, 2.23606797749979
141, 89, 152, 37, 153, 36, -1, 1, 2.356194490192345, 1.4142135623730951
141, 90, 1069, 173, 1070, 177, -1, -4, -1.8157749899217608, 4.123105625617661
141, 91, 363, 317, 364, 314, -1, 3, 1.892546881191539, 3.1622776601683795
141, 95, 498, 442, 498, 447, 0, -5, -1.5707963267948966, 5.0
141, 98, 1211, 258, 1211, 255, 0, 3, 1.5707963267948966, 3.0
141, 99, 1205, 348, 1205, 345, 0, 3, 1.5707963267948966, 3.0
141, 100, 795, 235, 794, 234, 1, 1, 0.7853981633974483, 1.4142135623730951
141, 101, 902, 18, 901, 19, 1, -1, -0.7853981633974483, 1.4142135623730951
141, 102, 909, 17, 908, 18, 1, -1, -0.7853981633974483, 1.4142135623730951
141, 103, 499, 148, 499, 151, 0, -3, -1.5707963267948966, 3.0
141, 104, 125, 579, 125, 581, 0, -2, -1.5707963267948966, 2.0
141, 105, 551, 67, 551, 69, 0, -2, -1.5707963267948966, 2.0
141, 106, 746, 289, 747, 292, -1, -3, -1.892546881191539, 3.1622776601683795
141, 107, 726, 300, 727, 304, -1, -4, -1.8157749899217608, 4.123105625617661
141, 108, 591, 55, 592, 57, -1, -2, -2.0344439357957027, 2.23606797749979
141, 109, 552, 27, 552, 29, 0, -2, -1.5707963267948966, 2.0
141, 110, 365, 422, 367, 419, -2, 3, 2.158798930342464, 3.605551275463989
141, 111, 849, 376, 849, 381, 0, -5, -1.5707963267948966, 5.0
141, 112, 847, 51, 849, 53, -2, -2, -2.356194490192345, 2.8284271247461903
141, 113, 1236, 292, 1235, 289, 1, 3, 1.2490457723982544, 3.1622776601683795
141, 115, 802, 134, 803, 138, -1, -4, -1.8157749899217608, 4.123105625617661
141, 117, 497, 543, 497, 545, 0, -2, -1.5707963267948966, 2.0
141, 118, 488, 436, 489, 441, -1, -5, -1.7681918866447774, 5.0990195135927845
141, 121, 662, 260, 664, 258, -2, 2, 2.356194490192345, 2.8284271247461903
141, 122, 699, 363, 699, 367, 0, -4, -1.5707963267948966, 4.0
141, 123, 513, 522, 513, 526, 0, -4, -1.5707963267948966, 4.0
141, 124, 481, 123, 482, 127, -1, -4, -1.8157749899217608, 4.123105625617661
141, 125, 1222, 249, 1222, 246, 0, 3, 1.5707963267948966, 3.0
141, 126, 668, 312, 669, 311, -1, 1, 2.356194490192345, 1.4142135623730951
141, 128, 1160, 217, 1161, 216, -1, 1, 2.356194490192345, 1.4142135623730951
141, 129, 632, 126, 633, 125, -1, 1, 2.356194490192345, 1.4142135623730951
141, 130, 1064, 241, 1065, 243, -1, -2, -2.0344439357957027, 2.23606797749979
141, 132, 367, 482, 368, 479, -1, 3, 1.892546881191539, 3.1622776601683795
141, 133, 482, 76, 484, 80, -2, -4, -2.0344439357957027, 4.47213595499958
141, 135, 693, 358, 693, 362, 0, -4, -1.5707963267948966, 4.0
141, 136, 586, 100, 587, 103, -1, -3, -1.892546881191539, 3.1622776601683795
141, 137, 870, 418, 870, 422, 0, -4, -1.5707963267948966, 4.0
141, 138, 134, 536, 133, 533, 1, 3, 1.2490457723982544, 3.1622776601683795
142, 0, 355, 355, 357, 352, -2, 3, 2.158798930342464, 3.605551275463989
142, 1, 851, 389, 852, 393, -1, -4, -1.8157749899217608, 4.123105625617661
142, 2, 1225, 301, 1225, 298, 0, 3, 1.5707963267948966, 3.0
142, 3, 840, 389, 841, 393, -1, -4, -1.8157749899217608, 4.123105625617661
142, 4, 512, 501, 512, 508, 0, -7, -1.5707963267948966, 7.0
142, 5, 87, 491, 86, 490, 1, 1, 0.7853981633974483, 1.4142135623730951
142, 6, 482, 60, 484, 65, -2, -5, -1.9513027039072615, 5.385164807134504
142, 7, 173, 53, 173, 51, 0, 2, 1.5707963267948966, 2.0
142, 8, 240, 21, 237, 22, 3, -1, -0.3217505543966422, 3.1622776601683795
142, 9, 482, 448, 484, 451, -2, -3, -2.158798930342464, 3.605551275463989
142, 10, 584, 25, 585, 28, -1, -3, -1.892546881191539, 3.1622776601683795
142, 11, 820, 443, 820, 446, 0, -3, -1.5707963267948966, 3.0
142, 12, 693, 361, 692, 365, 1, -4, -1.3258176636680326, 4.123105625617661
142, 13, 624, 90, 626, 88, -2, 2, 2.356194490192345, 2.8284271247461903
142, 14, 462, 531, 460, 534, 2, -3, -0.982793723247329, 3.605551275463989
142, 15, 465, 104, 465, 109, 0, -5, -1.5707963267948966, 5.0
142, 16, 455, 525, 453, 528, 2, -3, -0.982793723247329, 3.605551275463989
142, 17, 638, 439, 639, 435, -1, 4, 1.8157749899217608, 4.123105625617661
142, 18, 945, 15, 943, 16, 2, -1, -0.4636476090008061, 2.23606797749979
142, 19, 774, 201, 773, 198, 1, 3, 1.2490457723982544, 3.1622776601683795
142, 20, 1079, 167, 1081, 172, -2, -5, -1.9513027039072615, 5.385164807134504
142, 21, 1050, 212, 1052, 216, -2, -4, -2.0344439357957027, 4.47213595499958
142, 22, 640, 327, 643, 324, -3, 3, 2.356194490192345, 4.242640687119285
142, 23, 789, 107, 790, 112, -1, -5, -1.7681918866447774, 5.0990195135927845
142, 24, 498, 445, 498, 449, 0, -4, -1.5707963267948966, 4.0
142, 25, 490, 70, 492, 75, -2, -5, -1.9513027039072615, 5.385164807134504
142, 26, 544, 26, 542, 28, 2, -2, -0.7853981633974483, 2.8284271247461903
142, 27, 461, 118, 462, 123, -1, -5, -1.7681918866447774, 5.0990195135927845
142, 28, 550, 18, 548, 20, 2, -2, -0.7853981633974483, 2.8284271247461903
142, 29, 461, 502, 463, 506, -2, -4, -2.0344439357957027, 4.47213595499958
142, 30, 1261, 219, 1261, 217, 0, 2, 1.5707963267948966, 2.0
142, 31, 663, 269, 666, 266, -3, 3, 2.356194490192345, 4.242640687119285
142, 32, 373, 393, 376, 394, -3, -1, -2.819842099193151, 3.1622776601683795
142, 33, 237, 82, 235, 83, 2, -1, -0.4636476090008061, 2.23606797749979
142, 34, 379, 407, 382, 406, -3, 1, 2.819842099193151, 3.1622776601683795
142, 35, 1178, 174, 1176, 171, 2, 3, 0.982793723247329, 3.605551275463989
142, 36, 235, 64, 232, 65, 3, -1, -0.3217505543966422, 3.1622776601683795
142, 37, 844, 19, 847, 20, -3, -1, -2.819842099193151, 3.1622776601683795
142, 38, 706, 363, 707, 367, -1, -4, -1.8157749899217608, 4.123105625617661
142, 39, 377, 425, 379, 422, -2, 3, 2.158798930342464, 3.605551275463989
142, 40, 1169, 114, 1167, 113, 2, 1, 0.4636476090008061, 2.23606797749979
142, 41, 709, 278, 710, 281, -1, -3, -1.892546881191539, 3.1622776601683795
142, 42, 1078, 154, 1080, 159, -2, -5, -1.9513027039072615, 5.385164807134504
142, 43, 577, 17, 578, 20, -1, -3, -1.892546881191539, 3.1622776601683795
142, 44, 90, 545, 90, 543, 0, 2, 1.5707963267948966, 2.0
142, 45, 247, 62, 244, 63, 3, -1, -0.3217505543966422, 3.1622776601683795
142, 46, 234, 51, 232, 51, 2, 0, 0.0, 2.0
142, 47, 798, 154, 799, 158, -1, -4, -1.8157749899217608, 4.123105625617661
142, 48, 263, 77, 258, 77, 5, 0, 0.0, 5.0
142, 49, 474, 115, 474, 120, 0, -5, -1.5707963267948966, 5.0
142, 50, 700, 370, 700, 375, 0, -5, -1.5707963267948966, 5.0
142, 51, 238, 29, 235, 30, 3, -1, -0.3217505543966422, 3.1622776601683795
142, 52, 1261, 225, 1261, 223, 0, 2, 1.5707963267948966, 2.0
142, 53, 477, 513, 476, 515, 1, -2, -1.1071487177940904, 2.23606797749979
142, 54, 797, 16, 799, 17, -2, -1, -2.677945044588987, 2.23606797749979
142, 55, 1174, 82, 1172, 80, 2, 2, 0.7853981633974483, 2.8284271247461903
142, 57, 653, 251, 657, 248, -4, 3, 2.498091544796509, 5.0
142, 58, 1210, 68, 1207, 66, 3, 2, 0.5880026035475675, 3.605551275463989
142, 59, 1261, 264, 1261, 260, 0, 4, 1.5707963267948966, 4.0
142, 60, 478, 96, 479, 100, -1, -4, -1.8157749899217608, 4.123105625617661
142, 61, 1066, 254, 1068, 256, -2, -2, -2.356194490192345, 2.8284271247461903
142, 62, 711, 409, 712, 412, -1, -3, -1.892546881191539, 3.1622776601683795
142, 63, 778, 194, 778, 191, 0, 3, 1.5707963267948966, 3.0
142, 64, 738, 245, 739, 251, -1, -6, -1.7359450042095235, 6.082762530298219
142, 65, 831, 396, 832, 400, -1, -4, -1.8157749899217608, 4.123105625617661
142, 66, 699, 406, 700, 410, -1, -4, -1.8157749899217608, 4.123105625617661
142, 67, 579, 95, 579, 97, 0, -2, -1.5707963267948966, 2.0
142, 68, 489, 51, 489, 53, 0, -2, -1.5707963267948966, 2.0
142, 69, 658, 329, 660, 330, -2, -1, -2.677945044588987, 2.23606797749979
142, 70, 355, 476, 358, 474, -3, 2, 2.5535900500422257, 3.605551275463989
142, 71, 1226, 260, 1227, 257, -1, 3, 1.892546881191539, 3.1622776601683795
142, 72, 483, 201, 483, 205, 0, -4, -1.5707963267948966, 4.0
142, 73, 812, 22, 814, 23, -2, -1, -2.677945044588987, 2.23606797749979
142, 74, 105, 487, 105, 484, 0, 3, 1.5707963267948966, 3.0
142, 75, 620, 332, 620, 329, 0, 3, 1.5707963267948966, 3.0
142, 76, 843, 445, 843, 449, 0, -4, -1.5707963267948966, 4.0
142, 77, 393, 363, 394, 359, -1, 4, 1.8157749899217608, 4.123105625617661
142, 78, 608, 391, 607, 388, 1, 3, 1.2490457723982544, 3.1622776601683795
142, 79, 686, 399, 686, 404, 0, -5, -1.5707963267948966, 5.0
142, 80, 646, 260, 649, 257, -3, 3, 2.356194490192345, 4.242640687119285
142, 81, 373, 328, 376, 326, -3, 2, 2.5535900500422257, 3.605551275463989
142, 82, 466, 536, 465, 541, 1, -5, -1.373400766945016, 5.0990195135927845
142, 83, 563, 84, 563, 86, 0, -2, -1.5707963267948966, 2.0
142, 85, 620, 129, 621, 126, -1, 3, 1.892546881191539, 3.1622776601683795
142, 86, 701, 429, 702, 434, -1, -5, -1.7681918866447774, 5.0990195135927845
142, 87, 619, 180, 619, 177, 0, 3, 1.5707963267948966, 3.0
142, 88, 801, 22, 803, 23, -2, -1, -2.677945044588987, 2.23606797749979
142, 89, 151, 40, 152, 37, -1, 3, 1.892546881191539, 3.1622776601683795
142, 90, 1067, 170, 1069, 173, -2, -3, -2.158798930342464, 3.605551275463989
142, 91, 362, 320, 363, 317, -1, 3, 1.892546881191539, 3.1622776601683795
142, 92, 1161, 131, 1160, 132, 1, -1, -0.7853981633974483, 1.4142135623730951
142, 93, 645, 375, 645, 372, 0, 3, 1.5707963267948966, 3.0
142, 94, 1188, 74, 1186, 72, 2, 2, 0.7853981633974483, 2.8284271247461903
142, 95, 498, 438, 498, 442, 0, -4, -1.5707963267948966, 4.0
142, 96, 277, 309, 277, 311, 0, -2, -1.5707963267948966, 2.0
142, 97, 1188, 305, 1187, 306, 1, -1, -0.7853981633974483, 1.4142135623730951
142, 98, 1212, 261, 1211, 258, 1, 3, 1.2490457723982544, 3.1622776601683795
142, 99, 1206, 349, 1205, 348, 1, 1, 0.7853981633974483, 1.4142135623730951
142, 100, 796, 236, 795, 235, 1, 1, 0.7853981633974483, 1.4142135623730951
142, 101, 905, 18, 902, 18, 3, 0, 0.0, 3.0
142, 102, 912, 17, 909, 17, 3, 0, 0.0, 3.0
142, 103, 498, 145, 499, 148, -1, -3, -1.892546881191539, 3.1622776601683795
142, 104, 126, 577, 125, 579, 1, -2, -1.1071487177940904, 2.23606797749979
142, 105, 551, 65, 551, 67, 0, -2, -1.5707963267948966, 2.0
142, 106, 745, 285, 746, 289, -1, -4, -1.8157749899217608, 4.123105625617661
142, 107, 726, 296, 726, 300, 0, -4, -1.5707963267948966, 4.0
142, 108, 589, 53, 591, 55, -2, -2, -2.356194490192345, 2.8284271247461903
142, 109, 554, 25, 552, 27, 2, -2, -0.7853981633974483, 2.8284271247461903
142, 110, 363, 426, 365, 422, -2, 4, 2.0344439357957027, 4.47213595499958
142, 111, 848, 371, 849, 376, -1, -5, -1.7681918866447774, 5.0990195135927845
142, 112, 845, 48, 847, 51, -2, -3, -2.158798930342464, 3.605551275463989
142, 113, 1237, 295, 1236, 292, 1, 3, 1.2490457723982544, 3.1622776601683795
142, 114, 151, 62, 152, 59, -1, 3, 1.892546881191539, 3.1622776601683795
142, 115, 801, 129, 802, 134, -1, -5, -1.7681918866447774, 5.0990195135927845
142, 117, 495, 542, 497, 543, -2, -1, -2.677945044588987, 2.23606797749979
142, 118, 486, 431, 488, 436, -2, -5, -1.9513027039072615, 5.385164807134504
142, 121, 659, 262, 662, 260, -3, 2, 2.5535900500422257, 3.605551275463989
142, 122, 699, 358, 699, 363, 0, -5, -1.5707963267948966, 5.0
142, 123, 512, 518, 513, 522, -1, -4, -1.8157749899217608, 4.123105625617661
142, 124, 480, 118, 481, 123, -1, -5, -1.7681918866447774, 5.0990195135927845
142, 125, 1222, 252, 1222, 249, 0, 3, 1.5707963267948966, 3.0
142, 126, 667, 314, 668, 312, -1, 2, 2.0344439357957027, 2.23606797749979
142, 127, 786, 196, 786, 193, 0, 3, 1.5707963267948966, 3.0
142, 129, 631, 130, 632, 126, -1, 4, 1.8157749899217608, 4.123105625617661
142, 130, 1063, 239, 1064, 241, -1, -2, -2.0344439357957027, 2.23606797749979
142, 131, 159, 83, 159, 81, 0, 2, 1.5707963267948966, 2.0
142, 132, 364, 484, 367, 482, -3, 2, 2.5535900500422257, 3.605551275463989
142, 133, 480, 71, 482, 76, -2, -5, -1.9513027039072615, 5.385164807134504
142, 135, 693, 354, 693, 358, 0, -4, -1.5707963267948966, 4.0
142, 136, 585, 98, 586, 100, -1, -2, -2.0344439357957027, 2.23606797749979
142, 137, 869, 412, 870, 418, -1, -6, -1.7359450042095235, 6.082762530298219
142, 138, 136, 537, 134, 536, 2, 1, 0.4636476090008061, 2.23606797749979
143, 0, 354, 358, 355, 355, -1, 3, 1.892546881191539, 3.1622776601683795
143, 1, 850, 384, 851, 389, -1, -5, -1.7681918866447774, 5.0990195135927845
143, 2, 1225, 305, 1225, 301, 0, 4, 1.5707963267948966, 4.0
143, 3, 839, 384, 840, 389, -1, -5, -1.7681918866447774, 5.0990195135927845
143, 4, 512, 495, 512, 501, 0, -6, -1.5707963267948966, 6.0
143, 5, 88, 494, 87, 491, 1, 3, 1.2490457723982544, 3.1622776601683795
143, 6, 481, 57, 482, 60, -1, -3, -1.892546881191539, 3.1622776601683795
143, 7, 172, 54, 173, 53, -1, 1, 2.356194490192345, 1.4142135623730951
143, 8, 244, 20, 240, 21, 4, -1, -0.24497866312686414, 4.123105625617661
143, 9, 481, 444, 482, 448, -1, -4, -1.8157749899217608, 4.123105625617661
143, 10, 583, 23, 584, 25, -1, -2, -2.0344439357957027, 2.23606797749979
143, 11, 820, 439, 820, 443, 0, -4, -1.5707963267948966, 4.0
143, 12, 694, 357, 693, 361, 1, -4, -1.3258176636680326, 4.123105625617661
143, 13, 623, 91, 624, 90, -1, 1, 2.356194490192345, 1.4142135623730951
143, 14, 464, 527, 462, 531, 2, -4, -1.1071487177940904, 4.47213595499958
143, 15, 465, 101, 465, 104, 0, -3, -1.5707963267948966, 3.0
143, 16, 457, 522, 455, 525, 2, -3, -0.982793723247329, 3.605551275463989
143, 17, 636, 442, 638, 439, -2, 3, 2.158798930342464, 3.605551275463989
143, 19, 774, 204, 774, 201, 0, 3, 1.5707963267948966, 3.0
143, 20, 1077, 164, 1079, 167, -2, -3, -2.158798930342464, 3.605551275463989
143, 21, 1049, 208, 1050, 212, -1, -4, -1.8157749899217608, 4.123105625617661
143, 22, 639, 329, 640, 327, -1, 2, 2.0344439357957027, 2.23606797749979
143, 23, 788, 104, 789, 107, -1, -3, -1.892546881191539, 3.1622776601683795
143, 24, 497, 440, 498, 445, -1, -5, -1.7681918866447774, 5.0990195135927845
143, 25, 489, 66, 490, 70, -1, -4, -1.8157749899217608, 4.123105625617661
143, 26, 545, 25, 544, 26, 1, -1, -0.7853981633974483, 1.4142135623730951
143, 27, 460, 115, 461, 118, -1, -3, -1.892546881191539, 3.1622776601683795
143, 28, 551, 17, 550, 18, 1, -1, -0.7853981633974483, 1.4142135623730951
143, 29, 461, 498, 461, 502, 0, -4, -1.5707963267948966, 4.0
143, 30, 1261, 222, 1261, 219, 0, 3, 1.5707963267948966, 3.0
143, 31, 662, 270, 663, 269, -1, 1, 2.356194490192345, 1.4142135623730951
143, 32, 371, 394, 373, 393, -2, 1, 2.677945044588987, 2.23606797749979
143, 33, 238, 81, 237, 82, 1, -1, -0.7853981633974483, 1.4142135623730951
143, 34, 378, 410, 379, 407, -1, 3, 1.892546881191539, 3.1622776601683795
143, 35, 1179, 175, 1178, 174, 1, 1, 0.7853981633974483, 1.4142135623730951
143, 36, 238, 63, 235, 64, 3, -1, -0.3217505543966422, 3.1622776601683795
143, 37, 842, 18, 844, 19, -2, -1, -2.677945044588987, 2.23606797749979
143, 38, 706, 359, 706, 363, 0, -4, -1.5707963267948966, 4.0
143, 39, 376, 428, 377, 425, -1, 3, 1.892546881191539, 3.1622776601683795
143, 40, 1170, 115, 1169, 114, 1, 1, 0.7853981633974483, 1.4142135623730951
143, 41, 1077, 151, 1078, 154, -1, -3, -1.892546881191539, 3.1622776601683795
143, 42, 576, 15, 577, 17, -1, -2, -2.0344439357957027, 2.23606797749979
143, 43, 91, 549, 90, 545, 1, 4, 1.3258176636680326, 4.123105625617661
143, 44, 250, 61, 247, 62, 3, -1, -0.3217505543966422, 3.1622776601683795
143, 45, 237, 50, 234, 51, 3, -1, -0.3217505543966422, 3.1622776601683795
143, 46, 798, 152, 798, 154, 0, -2, -1.5707963267948966, 2.0
143, 47, 265, 77, 263, 77, 2, 0, 0.0, 2.0
143, 48, 473, 112, 474, 115, -1, -3, -1.892546881191539, 3.1622776601683795
143, 49, 701, 365, 700, 370, 1, -5, -1.373400766945016, 5.0990195135927845
143, 50, 242, 28, 238, 29, 4, -1, -0.24497866312686414, 4.123105625617661
143, 51, 1261, 228, 1261, 225, 0, 3, 1.5707963267948966, 3.0
143, 52, 478, 510, 477, 513, 1, -3, -1.2490457723982544, 3.1622776601683795
143, 56, 651, 252, 653, 251, -2, 1, 2.677945044588987, 2.23606797749979
143, 57, 1211, 69, 1210, 68, 1, 1, 0.7853981633974483, 1.4142135623730951
143, 58, 1261, 269, 1261, 264, 0, 5, 1.5707963267948966, 5.0
143, 59, 477, 92, 478, 96, -1, -4, -1.8157749899217608, 4.123105625617661
143, 60, 710, 405, 711, 409, -1, -4, -1.8157749899217608, 4.123105625617661
143, 61, 778, 196, 778, 194, 0, 2, 1.5707963267948966, 2.0
143, 62, 737, 242, 738, 245, -1, -3, -1.892546881191539, 3.1622776601683795
143, 63, 830, 391, 831, 396, -1, -5, -1.7681918866447774, 5.0990195135927845
143, 64, 699, 402, 699, 406, 0, -4, -1.5707963267948966, 4.0
143, 65, 489, 49, 489, 51, 0, -2, -1.5707963267948966, 2.0
143, 66, 657, 330, 658, 329, -1, 1, 2.356194490192345, 1.4142135623730951
143, 67, 353, 479, 355, 476, -2, 3, 2.158798930342464, 3.605551275463989
143, 68, 1226, 264, 1226, 260, 0, 4, 1.5707963267948966, 4.0
143, 69, 483, 199, 483, 201, 0, -2, -1.5707963267948966, 2.0
143, 71, 106, 491, 105, 487, 1, 4, 1.3258176636680326, 4.123105625617661
143, 72, 620, 336, 620, 332, 0, 4, 1.5707963267948966, 4.0
143, 73, 843, 441, 843, 445, 0, -4, -1.5707963267948966, 4.0
143, 74, 392, 366, 393, 363, -1, 3, 1.892546881191539, 3.1622776601683795
143, 75, 608, 393, 608, 391, 0, 2, 1.5707963267948966, 2.0
143, 76, 686, 394, 686, 399, 0, -5, -1.5707963267948966, 5.0
143, 77, 645, 261, 646, 260, -1, 1, 2.356194490192345, 1.4142135623730951
143, 78, 372, 331, 373, 328, -1, 3, 1.892546881191539, 3.1622776601683795
143, 79, 467, 531, 466, 536, 1, -5, -1.373400766945016, 5.0990195135927845
143, 82, 619, 131, 620, 129, -1, 2, 2.0344439357957027, 2.23606797749979
143, 83, 700, 427, 701, 429, -1, -2, -2.0344439357957027, 2.23606797749979
143, 85, 150, 41, 151, 40, -1, 1, 2.356194490192345, 1.4142135623730951
143, 86, 1066, 167, 1067, 170, -1, -3, -1.892546881191539, 3.1622776601683795
143, 87, 361, 323, 362, 320, -1, 3, 1.892546881191539, 3.1622776601683795
143, 89, 645, 378, 645, 375, 0, 3, 1.5707963267948966, 3.0
143, 91, 497, 433, 498, 438, -1, -5, -1.7681918866447774, 5.0990195135927845
143, 92, 1189, 307, 1188, 305, 1, 2, 1.1071487177940904, 2.23606797749979
143, 93, 1212, 265, 1212, 261, 0, 4, 1.5707963267948966, 4.0
143, 94, 1207, 351, 1206, 349, 1, 2, 1.1071487177940904, 2.23606797749979
143, 96, 907, 18, 905, 18, 2, 0, 0.0, 2.0
143, 97, 915, 17, 912, 17, 3, 0, 0.0, 3.0
143, 98, 497, 143, 498, 145, -1, -2, -2.0344439357957027, 2.23606797749979
143, 99, 127, 575, 126, 577, 1, -2, -1.1071487177940904, 2.23606797749979
143, 101, 744, 281, 745, 285, -1, -4, -1.8157749899217608, 4.123105625617661
143, 102, 726, 294, 726, 296, 0, -2, -1.5707963267948966, 2.0
143, 103, 555, 24, 554, 25, 1, -1, -0.7853981633974483, 1.4142135623730951
143, 104, 362, 429, 363, 426, -1, 3, 1.892546881191539, 3.1622776601683795
143, 105, 847, 366, 848, 371, -1, -5, -1.7681918866447774, 5.0990195135927845
143, 106, 1237, 299, 1237, 295, 0, 4, 1.5707963267948966, 4.0
143, 107, 150, 63, 151, 62, -1, 1, 2.356194490192345, 1.4142135623730951
143, 108, 800, 127, 801, 129, -1, -2, -2.0344439357957027, 2.23606797749979
143, 110, 484, 426, 486, 431, -2, -5, -1.9513027039072615, 5.385164807134504
143, 113, 658, 263, 659, 262, -1, 1, 2.356194490192345, 1.4142135623730951
143, 114, 700, 353, 699, 358, 1, -5, -1.373400766945016, 5.0990195135927845
143, 115, 512, 515, 512, 518, 0, -3, -1.5707963267948966, 3.0
143, 116, 479, 115, 480, 118, -1, -3, -1.892546881191539, 3.1622776601683795
143, 117, 1222, 256, 1222, 252, 0, 4, 1.5707963267948966, 4.0
143, 118, 666, 316, 667, 314, -1, 2, 2.0344439357957027, 2.23606797749979
143, 119, 786, 198, 786, 196, 0, 2, 1.5707963267948966, 2.0
143, 121, 630, 132, 631, 130, -1, 2, 2.0344439357957027, 2.23606797749979
143, 122, 1061, 235, 1063, 239, -2, -4, -2.0344439357957027, 4.47213595499958
143, 124, 362, 487, 364, 484, -2, 3, 2.158798930342464, 3.605551275463989
143, 125, 479, 67, 480, 71, -1, -4, -1.8157749899217608, 4.123105625617661
143, 127, 694, 349, 693, 354, 1, -5, -1.373400766945016, 5.0990195135927845
143, 128, 868, 407, 869, 412, -1, -5, -1.7681918866447774, 5.0990195135927845
143, 129, 138, 539, 136, 537, 2, 2, 0.7853981633974483, 2.8284271247461903
144, 0, 353, 361, 354, 358, -1, 3, 1.892546881191539, 3.1622776601683795
144, 1, 850, 379, 850, 384, 0, -5, -1.5707963267948966, 5.0
144, 2, 1226, 309, 1225, 305, 1, 4, 1.3258176636680326, 4.123105625617661
144, 3, 839, 379, 839, 384, 0, -5, -1.5707963267948966, 5.0
144, 4, 512, 488, 512, 495, 0, -7, -1.5707963267948966, 7.0
144, 5, 89, 498, 88, 494, 1, 4, 1.3258176636680326, 4.123105625617661
144, 6, 480, 54, 481, 57, -1, -3, -1.892546881191539, 3.1622776601683795
144, 8, 248, 18, 244, 20, 4, -2, -0.4636476090008061, 4.47213595499958
144, 9, 480, 439, 481, 444, -1, -5, -1.7681918866447774, 5.0990195135927845
144, 10, 583, 21, 583, 23, 0, -2, -1.5707963267948966, 2.0
144, 11, 820, 435, 820, 439, 0, -4, -1.5707963267948966, 4.0
144, 12, 695, 352, 694, 357, 1, -5, -1.373400766945016, 5.0990195135927845
144, 14, 466, 523, 464, 527, 2, -4, -1.1071487177940904, 4.47213595499958
144, 15, 465, 98, 465, 101, 0, -3, -1.5707963267948966, 3.0
144, 16, 459, 519, 457, 522, 2, -3, -0.982793723247329, 3.605551275463989
144, 17, 634, 445, 636, 442, -2, 3, 2.158798930342464, 3.605551275463989
144, 18, 947, 14, 946, 15, 1, -1, -0.7853981633974483, 1.4142135623730951
144, 19, 774, 207, 774, 204, 0, 3, 1.5707963267948966, 3.0
144, 20, 1076, 161, 1077, 164, -1, -3, -1.892546881191539, 3.1622776601683795
144, 21, 1048, 204, 1049, 208, -1, -4, -1.8157749899217608, 4.123105625617661
144, 22, 638, 331, 639, 329, -1, 2, 2.0344439357957027, 2.23606797749979
144, 23, 787, 101, 788, 104, -1, -3, -1.892546881191539, 3.1622776601683795
144, 24, 497, 435, 497, 440, 0, -5, -1.5707963267948966, 5.0
144, 25, 489, 62, 489, 66, 0, -4, -1.5707963267948966, 4.0
144, 26, 546, 23, 545, 25, 1, -2, -1.1071487177940904, 2.23606797749979
144, 27, 460, 112, 460, 115, 0, -3, -1.5707963267948966, 3.0
144, 28, 552, 15, 551, 17, 1, -2, -1.1071487177940904, 2.23606797749979
144, 29, 461, 493, 461, 498, 0, -5, -1.5707963267948966, 5.0
144, 30, 1261, 224, 1261, 222, 0, 2, 1.5707963267948966, 2.0
144, 31, 661, 271, 662, 270, -1, 1, 2.356194490192345, 1.4142135623730951
144, 32, 370, 395, 371, 394, -1, 1, 2.356194490192345, 1.4142135623730951
144, 33, 240, 80, 238, 81, 2, -1, -0.4636476090008061, 2.23606797749979
144, 34, 377, 411, 378, 410, -1, 1, 2.356194490192345, 1.4142135623730951
144, 36, 242, 62, 238, 63, 4, -1, -0.24497866312686414, 4.123105625617661
144, 37, 840, 17, 842, 18, -2, -1, -2.677945044588987, 2.23606797749979
144, 38, 707, 354, 706, 359, 1, -5, -1.373400766945016, 5.0990195135927845
144, 39, 375, 430, 376, 428, -1, 2, 2.0344439357957027, 2.23606797749979
144, 40, 1172, 115, 1170, 115, 2, 0, 0.0, 2.0
144, 41, 1076, 148, 1077, 151, -1, -3, -1.892546881191539, 3.1622776601683795
144, 42, 576, 13, 576, 15, 0, -2, -1.5707963267948966, 2.0
144, 43, 92, 553, 91, 549, 1, 4, 1.3258176636680326, 4.123105625617661
144, 44, 254, 60, 250, 61, 4, -1, -0.24497866312686414, 4.123105625617661
144, 45, 240, 48, 237, 50, 3, -2, -0.5880026035475675, 3.605551275463989
144, 46, 797, 149, 798, 152, -1, -3, -1.892546881191539, 3.1622776601683795
144, 47, 266, 76, 265, 77, 1, -1, -0.7853981633974483, 1.4142135623730951
144, 48, 473, 109, 473, 112, 0, -3, -1.5707963267948966, 3.0
144, 49, 702, 360, 701, 365, 1, -5, -1.373400766945016, 5.0990195135927845
144, 50, 246, 26, 242, 28, 4, -2, -0.4636476090008061, 4.47213595499958
144, 51, 1261, 230, 1261, 228, 0, 2, 1.5707963267948966, 2.0
144, 52, 479, 506, 478, 510, 1, -4, -1.3258176636680326, 4.123105625617661
144, 53, 797, 13, 797, 15, 0, -2, -1.5707963267948966, 2.0
144, 55, 650, 253, 651, 252, -1, 1, 2.356194490192345, 1.4142135623730951
144, 57, 1261, 271, 1261, 269, 0, 2, 1.5707963267948966, 2.0
144, 58, 476, 88, 477, 92, -1, -4, -1.8157749899217608, 4.123105625617661
144, 59, 710, 401, 710, 405, 0, -4, -1.5707963267948966, 4.0
144, 60, 778, 199, 778, 196, 0, 3, 1.5707963267948966, 3.0
144, 61, 736, 239, 737, 242, -1, -3, -1.892546881191539, 3.1622776601683795
144, 62, 830, 386, 830, 391, 0, -5, -1.5707963267948966, 5.0
144, 63, 699, 398, 699, 402, 0, -4, -1.5707963267948966, 4.0
144, 64, 489, 47, 489, 49, 0, -2, -1.5707963267948966, 2.0
144, 65, 656, 334, 657, 330, -1, 4, 1.8157749899217608, 4.123105625617661
144, 66, 351, 481, 353, 479, -2, 2, 2.356194490192345, 2.8284271247461903
144, 67, 1226, 268, 1226, 264, 0, 4, 1.5707963267948966, 4.0
144, 68, 483, 197, 483, 199, 0, -2, -1.5707963267948966, 2.0
144, 69, 107, 495, 106, 491, 1, 4, 1.3258176636680326, 4.123105625617661
144, 70, 621, 339, 620, 336, 1, 3, 1.2490457723982544, 3.1622776601683795
144, 71, 843, 437, 843, 441, 0, -4, -1.5707963267948966, 4.0
144, 72, 391, 369, 392, 366, -1, 3, 1.892546881191539, 3.1622776601683795
144, 73, 608, 395, 608, 393, 0, 2, 1.5707963267948966, 2.0
144, 74, 686, 388, 686, 394, 0, -6, -1.5707963267948966, 6.0
144, 75, 644, 262, 645, 261, -1, 1, 2.356194490192345, 1.4142135623730951
144, 76, 371, 334, 372, 331, -1, 3, 1.892546881191539, 3.1622776601683795
144, 77, 469, 526, 467, 531, 2, -5, -1.1902899496825317, 5.385164807134504
144, 79, 618, 132, 619, 131, -1, 1, 2.356194490192345, 1.4142135623730951
144, 83, 1065, 164, 1066, 167, -1, -3, -1.892546881191539, 3.1622776601683795
144, 84, 360, 325, 361, 323, -1, 2, 2.0344439357957027, 2.23606797749979
144, 86, 646, 381, 645, 378, 1, 3, 1.2490457723982544, 3.1622776601683795
144, 88, 496, 428, 497, 433, -1, -5, -1.7681918866447774, 5.0990195135927845
144, 89, 1190, 308, 1189, 307, 1, 1, 0.7853981633974483, 1.4142135623730951
144, 90, 1212, 269, 1212, 265, 0, 4, 1.5707963267948966, 4.0
144, 91, 1207, 353, 1207, 351, 0, 2, 1.5707963267948966, 2.0
144, 93, 910, 17, 907, 18, 3, -1, -0.3217505543966422, 3.1622776601683795
144, 94, 919, 16, 915, 17, 4, -1, -0.24497866312686414, 4.123105625617661
144, 95, 496, 140, 497, 143, -1, -3, -1.892546881191539, 3.1622776601683795
144, 96, 128, 574, 127, 575, 1, -1, -0.7853981633974483, 1.4142135623730951
144, 97, 551, 62, 551, 64, 0, -2, -1.5707963267948966, 2.0
144, 98, 743, 277, 744, 281, -1, -4, -1.8157749899217608, 4.123105625617661
144, 99, 726, 291, 726, 294, 0, -3, -1.5707963267948966, 3.0
144, 100, 556, 22, 555, 24, 1, -2, -1.1071487177940904, 2.23606797749979
144, 101, 361, 431, 362, 429, -1, 2, 2.0344439357957027, 2.23606797749979
144, 102, 846, 360, 847, 366, -1, -6, -1.7359450042095235, 6.082762530298219
144, 103, 1237, 303, 1237, 299, 0, 4, 1.5707963267948966, 4.0
144, 105, 799, 124, 800, 127, -1, -3, -1.892546881191539, 3.1622776601683795
144, 106, 483, 421, 484, 426, -1, -5, -1.7681918866447774, 5.0990195135927845
144, 109, 657, 264, 658, 263, -1, 1, 2.356194490192345, 1.4142135623730951
144, 110, 701, 348, 700, 353, 1, -5, -1.373400766945016, 5.0990195135927845
144, 111, 512, 511, 512, 515, 0, -4, -1.5707963267948966, 4.0
144, 112, 479, 112, 479, 115, 0, -3, -1.5707963267948966, 3.0
144, 113, 1222, 260, 1222, 256, 0, 4, 1.5707963267948966, 4.0
144, 114, 665, 318, 666, 316, -1, 2, 2.0344439357957027, 2.23606797749979
144, 115, 786, 201, 786, 198, 0, 3, 1.5707963267948966, 3.0
144, 117, 629, 133, 630, 132, -1, 1, 2.356194490192345, 1.4142135623730951
144, 118, 1060, 231, 1061, 235, -1, -4, -1.8157749899217608, 4.123105625617661
144, 120, 361, 489, 362, 487, -1, 2, 2.0344439357957027, 2.23606797749979
144, 121, 479, 63, 479, 67, 0, -4, -1.5707963267948966, 4.0
144, 123, 695, 344, 694, 349, 1, -5, -1.373400766945016, 5.0990195135927845
144, 124, 868, 402, 868, 407, 0, -5, -1.5707963267948966, 5.0
144, 125, 140, 541, 138, 539, 2, 2, 0.7853981633974483, 2.8284271247461903
145, 2, 854, 385, 854, 389, 0, -4, -1.5707963267948966, 4.0
145, 3, 359, 363, 360, 361, -1, 2, 2.0344439357957027, 2.23606797749979
145, 4, 587, 27, 587, 29, 0, -2, -1.5707963267948966, 2.0
145, 6, 1083, 215, 1084, 217, -1, -2, -2.0344439357957027, 2.23606797749979
145, 8, 484, 61, 485, 65, -1, -4, -1.8157749899217608, 4.123105625617661
145, 9, 92, 504, 91, 500, 1, 4, 1.3258176636680326, 4.123105625617661
145, 10, 244, 64, 240, 65, 4, -1, -0.24497866312686414, 4.123105625617661
145, 11, 484, 438, 484, 442, 0, -4, -1.5707963267948966, 4.0
145, 12, 245, 19, 241, 21, 4, -2, -0.4636476090008061, 4.47213595499958
145, 13, 841, 385, 841, 389, 0, -4, -1.5707963267948966, 4.0
145, 14, 801, 151, 801, 154, 0, -3, -1.5707963267948966, 3.0
145, 16, 552, 18, 551, 19, 1, -1, -0.7853981633974483, 1.4142135623730951
145, 17, 1261, 225, 1268, 223, -7, 2, 2.8632929945846817, 7.280109889280518
145, 19, 1227, 310, 1226, 306, 1, 4, 1.3258176636680326, 4.123105625617661
145, 20, 498, 436, 498, 441, 0, -5, -1.5707963267948966, 5.0
145, 21, 465, 514, 463, 517, 2, -3, -0.982793723247329, 3.605551275463989
145, 23, 775, 207, 775, 204, 0, 3, 1.5707963267948966, 3.0
145, 27, 265, 79, 264, 80, 1, -1, -0.7853981633974483, 1.4142135623730951
145, 28, 579, 18, 579, 20, 0, -2, -1.5707963267948966, 2.0
145, 29, 459, 508, 457, 511, 2, -3, -0.982793723247329, 3.605551275463989
145, 30, 467, 108, 467, 110, 0, -2, -1.5707963267948966, 2.0
145, 31, 546, 26, 545, 27, 1, -1, -0.7853981633974483, 1.4142135623730951
145, 32, 696, 356, 695, 361, 1, -5, -1.373400766945016, 5.0990195135927845
145, 33, 254, 65, 251, 65, 3, 0, 0.0, 3.0
145, 35, 380, 426, 380, 424, 0, 2, 1.5707963267948966, 2.0
145, 36, 1078, 169, 1079, 172, -1, -3, -1.892546881191539, 3.1622776601683795
145, 37, 493, 69, 493, 73, 0, -4, -1.5707963267948966, 4.0
145, 38, 823, 34, 825, 34, -2, 0, 3.141592653589793, 2.0
145, 39, 709, 359, 709, 364, 0, -5, -1.5707963267948966, 5.0
145, 42, 704, 366, 703, 371, 1, -5, -1.373400766945016, 5.0990195135927845
145, 43, 665, 267, 666, 266, -1, 1, 2.356194490192345, 1.4142135623730951
145, 44, 475, 117, 475, 119, 0, -2, -1.5707963267948966, 2.0
145, 45, 641, 327, 642, 326, -1, 1, 2.356194490192345, 1.4142135623730951
145, 46, 792, 12, 791, 14, 1, -2, -1.1071487177940904, 2.23606797749979
145, 49, 1261, 231, 1277, 228, -16, 3, 2.9562447035940984, 16.278820596099706
145, 51, 1048, 203, 1050, 206, -2, -3, -2.158798930342464, 3.605551275463989
145, 53, 844, 20, 846, 21, -2, -1, -2.677945044588987, 2.23606797749979
145, 54, 1181, 175, 1180, 174, 1, 1, 0.7853981633974483, 1.4142135623730951
145, 55, 1212, 69, 1210, 69, 2, 0, 0.0, 2.0
145, 56, 789, 110, 789, 112, 0, -2, -1.5707963267948966, 2.0
145, 57, 1173, 116, 1171, 116, 2, 0, 0.0, 2.0
145, 58, 479, 95, 479, 98, 0, -3, -1.5707963267948966, 3.0
145, 59, 240, 80, 237, 81, 3, -1, -0.3217505543966422, 3.1622776601683795
145, 60, 781, 16, 781, 18, 0, -2, -1.5707963267948966, 2.0
145, 63, 696, 445, 696, 450, 0, -5, -1.5707963267948966, 5.0
145, 64, 463, 118, 463, 120, 0, -2, -1.5707963267948966, 2.0
145, 68, 1228, 268, 1228, 264, 0, 4, 1.5707963267948966, 4.0
145, 69, 387, 500, 387, 497, 0, 3, 1.5707963267948966, 3.0
145, 70, 524, 484, 524, 490, 0, -6, -1.5707963267948966, 6.0
145, 71, 710, 281, 711, 283, -1, -2, -2.0344439357957027, 2.23606797749979
145, 72, 1079, 156, 1080, 159, -1, -3, -1.892546881191539, 3.1622776601683795
145, 73, 831, 393, 832, 397, -1, -4, -1.8157749899217608, 4.123105625617661
145, 74, 495, 539, 495, 541, 0, -2, -1.5707963267948966, 2.0
145, 75, 243, 51, 240, 53, 3, -2, -0.5880026035475675, 3.605551275463989
145, 77, 737, 245, 738, 248, -1, -3, -1.892546881191539, 3.1622776601683795
145, 79, 687, 394, 687, 399, 0, -5, -1.5707963267948966, 5.0
145, 81, 244, 28, 240, 30, 4, -2, -0.4636476090008061, 4.47213595499958
145, 83, 780, 200, 780, 197, 0, 3, 1.5707963267948966, 3.0
145, 84, 802, 132, 802, 134, 0, -2, -1.5707963267948966, 2.0
145, 85, 1068, 168, 1069, 171, -1, -3, -1.892546881191539, 3.1622776601683795
145, 86, 507, 495, 507, 500, 0, -5, -1.5707963267948966, 5.0
145, 87, 357, 481, 358, 479, -1, 2, 2.0344439357957027, 2.23606797749979
145, 88, 475, 199, 475, 201, 0, -2, -1.5707963267948966, 2.0
145, 89, 92, 556, 90, 552, 2, 4, 1.1071487177940904, 4.47213595499958
145, 95, 788, 208, 788, 205, 0, 3, 1.5707963267948966, 3.0
145, 97, 611, 394, 611, 392, 0, 2, 1.5707963267948966, 2.0
145, 98, 650, 251, 651, 250, -1, 1, 2.356194490192345, 1.4142135623730951
145, 100, 614, 135, 615, 134, -1, 1, 2.356194490192345, 1.4142135623730951
145, 101, 557, 25, 556, 27, 1, -2, -1.1071487177940904, 2.23606797749979
145, 102, 950, 19, 949, 20, 1, -1, -0.7853981633974483, 1.4142135623730951
145, 103, 760, 239, 760, 237, 0, 2, 1.5707963267948966, 2.0
145, 104, 1079, 207, 1080, 209, -1, -2, -2.0344439357957027, 2.23606797749979
145, 105, 575, 28, 575, 30, 0, -2, -1.5707963267948966, 2.0
145, 106, 491, 545, 491, 547, 0, -2, -1.5707963267948966, 2.0
145, 107, 651, 379, 650, 376, 1, 3, 1.2490457723982544, 3.1622776601683795
145, 109, 1056, 247, 1056, 249, 0, -2, -1.5707963267948966, 2.0
145, 110, 849, 368, 849, 373, 0, -5, -1.5707963267948966, 5.0
145, 111, 394, 360, 394, 357, 0, 3, 1.5707963267948966, 3.0
145, 118, 939, 15, 938, 16, 1, -1, -0.7853981633974483, 1.4142135623730951
145, 120, 260, 49, 256, 49, 4, 0, 0.0, 4.0
145, 121, 1210, 366, 1213, 363, -3, 3, 2.356194490192345, 4.242640687119285
145, 122, 630, 337, 629, 334, 1, 3, 1.2490457723982544, 3.1622776601683795
145, 124, 1207, 319, 1206, 315, 1, 4, 1.3258176636680326, 4.123105625617661
145, 125, 800, 16, 800, 18, 0, -2, -1.5707963267948966, 2.0
145, 127, 472, 520, 470, 525, 2, -5, -1.1902899496825317, 5.385164807134504
145, 129, 716, 402, 715, 407, 1, -5, -1.373400766945016, 5.0990195135927845
145, 131, 1225, 260, 1224, 256, 1, 4, 1.3258176636680326, 4.123105625617661
145, 132, 1237, 303, 1237, 299, 0, 4, 1.5707963267948966, 4.0
145, 133, 845, 32, 847, 34, -2, -2, -2.356194490192345, 2.8284271247461903
145, 134, 377, 333, 377, 331, 0, 2, 1.5707963267948966, 2.0
145, 138, 774, 284, 772, 281, 2, 3, 0.982793723247329, 3.605551275463989
145, 139, 648, 260, 649, 259, -1, 1, 2.356194490192345, 1.4142135623730951
145, 140, 110, 494, 109, 491, 1, 3, 1.2490457723982544, 3.1622776601683795
145, 141, 660, 339, 660, 335, 0, 4, 1.5707963267948966, 4.0
145, 143, 512, 445, 510, 449, 2, -4, -1.1071487177940904, 4.47213595499958
145, 145, 782, 265, 781, 266, 1, -1, -0.7853981633974483, 1.4142135623730951
145, 146, 1154, 203, 1153, 201, 1, 2, 1.1071487177940904, 2.23606797749979
145, 148, 396, 505, 396, 501, 0, 4, 1.5707963267948966, 4.0
145, 150, 839, 458, 839, 460, 0, -2, -1.5707963267948966, 2.0
145, 151, 1214, 268, 1213, 264, 1, 4, 1.3258176636680326, 4.123105625617661
145, 152, 632, 130, 633, 129, -1, 1, 2.356194490192345, 1.4142135623730951
145, 156, 486, 423, 487, 428, -1, -5, -1.7681918866447774, 5.0990195135927845
145, 157, 367, 490, 367, 488, 0, 2, 1.5707963267948966, 2.0
145, 158, 1188, 164, 1187, 163, 1, 1, 0.7853981633974483, 1.4142135623730951
145, 160, 396, 484, 396, 481, 0, 3, 1.5707963267948966, 3.0
145, 161, 491, 140, 491, 142, 0, -2, -1.5707963267948966, 2.0
145, 164, 511, 468, 511, 475, 0, -7, -1.5707963267948966, 7.0
145, 167, 139, 545, 136, 543, 3, 2, 0.5880026035475675, 3.605551275463989
145, 169, 105, 490, 103, 487, 2, 3, 0.982793723247329, 3.605551275463989
145, 170, 479, 521, 478, 525, 1, -4, -1.3258176636680326, 4.123105625617661
145, 171, 362, 323, 363, 321, -1, 2, 2.0344439357957027, 2.23606797749979
146, 2, 854, 381, 854, 385, 0, -4, -1.5707963267948966, 4.0
146, 3, 358, 365, 359, 363, -1, 2, 2.0344439357957027, 2.23606797749979
146, 6, 1082, 213, 1083, 215, -1, -2, -2.0344439357957027, 2.23606797749979
146, 8, 484, 58, 484, 61, 0, -3, -1.5707963267948966, 3.0
146, 9, 93, 507, 92, 504, 1, 3, 1.2490457723982544, 3.1622776601683795
146, 10, 247, 64, 244, 64, 3, 0, 0.0, 3.0
146, 11, 484, 434, 484, 438, 0, -4, -1.5707963267948966, 4.0
146, 12, 249, 18, 245, 19, 4, -1, -0.24497866312686414, 4.123105625617661
146, 13, 841, 381, 841, 385, 0, -4, -1.5707963267948966, 4.0
146, 14, 801, 149, 801, 151, 0, -2, -1.5707963267948966, 2.0
146, 16, 554, 16, 552, 18, 2, -2, -0.7853981633974483, 2.8284271247461903
146, 17, 1261, 228, 1261, 225, 0, 3, 1.5707963267948966, 3.0
146, 19, 1229, 314, 1227, 310, 2, 4, 1.1071487177940904, 4.47213595499958
146, 20, 498, 431, 498, 436, 0, -5, -1.5707963267948966, 5.0
146, 21, 467, 511, 465, 514, 2, -3, -0.982793723247329, 3.605551275463989
146, 23, 775, 210, 775, 207, 0, 3, 1.5707963267948966, 3.0
146, 27, 266, 78, 265, 79, 1, -1, -0.7853981633974483, 1.4142135623730951
146, 29, 462, 505, 459, 508, 3, -3, -0.7853981633974483, 4.242640687119285
146, 30, 467, 106, 467, 108, 0, -2, -1.5707963267948966, 2.0
146, 31, 547, 24, 546, 26, 1, -2, -1.1071487177940904, 2.23606797749979
146, 32, 697, 351, 696, 356, 1, -5, -1.373400766945016, 5.0990195135927845
146, 33, 257, 66, 254, 65, 3, 1, 0.3217505543966422, 3.1622776601683795
146, 35, 380, 428, 380, 426, 0, 2, 1.5707963267948966, 2.0
146, 36, 1077, 167, 1078, 169, -1, -2, -2.0344439357957027, 2.23606797749979
146, 37, 493, 66, 493, 69, 0, -3, -1.5707963267948966, 3.0
146, 39, 709, 355, 709, 359, 0, -4, -1.5707963267948966, 4.0
146, 42, 704, 361, 704, 366, 0, -5, -1.5707963267948966, 5.0
146, 43, 664, 268, 665, 267, -1, 1, 2.356194490192345, 1.4142135623730951
146, 44, 475, 115, 475, 117, 0, -2, -1.5707963267948966, 2.0
146, 45, 640, 328, 641, 327, -1, 1, 2.356194490192345, 1.4142135623730951
146, 46, 793, 10, 792, 12, 1, -2, -1.1071487177940904, 2.23606797749979
146, 49, 1261, 233, 1261, 231, 0, 2, 1.5707963267948966, 2.0
146, 51, 1047, 200, 1048, 203, -1, -3, -1.892546881191539, 3.1622776601683795
146, 53, 842, 19, 844, 20, -2, -1, -2.677945044588987, 2.23606797749979
146, 54, 1182, 176, 1181, 175, 1, 1, 0.7853981633974483, 1.4142135623730951
146, 55, 1214, 69, 1212, 69, 2, 0, 0.0, 2.0
146, 56, 789, 108, 789, 110, 0, -2, -1.5707963267948966, 2.0
146, 57, 1175, 116, 1173, 116, 2, 0, 0.0, 2.0
146, 58, 479, 92, 479, 95, 0, -3, -1.5707963267948966, 3.0
146, 59, 243, 79, 240, 80, 3, -1, -0.3217505543966422, 3.1622776601683795
146, 63, 696, 439, 696, 445, 0, -6, -1.5707963267948966, 6.0
146, 64, 463, 116, 463, 118, 0, -2, -1.5707963267948966, 2.0
146, 68, 1229, 272, 1228, 268, 1, 4, 1.3258176636680326, 4.123105625617661
146, 69, 387, 503, 387, 500, 0, 3, 1.5707963267948966, 3.0
146, 70, 523, 478, 524, 484, -1, -6, -1.7359450042095235, 6.082762530298219
146, 71, 710, 279, 710, 281, 0, -2, -1.5707963267948966, 2.0
146, 72, 1078, 153, 1079, 156, -1, -3, -1.892546881191539, 3.1622776601683795
146, 73, 831, 389, 831, 393, 0, -4, -1.5707963267948966, 4.0
146, 74, 496, 537, 495, 539, 1, -2, -1.1071487177940904, 2.23606797749979
146, 75, 245, 50, 243, 51, 2, -1, -0.4636476090008061, 2.23606797749979
146, 77, 736, 241, 737, 245, -1, -4, -1.8157749899217608, 4.123105625617661
146, 79, 687, 389, 687, 394, 0, -5, -1.5707963267948966, 5.0
146, 81, 248, 27, 244, 28, 4, -1, -0.24497866312686414, 4.123105625617661
146, 83, 780, 203, 780, 200, 0, 3, 1.5707963267948966, 3.0
146, 84, 802, 130, 802, 132, 0, -2, -1.5707963267948966, 2.0
146, 85, 1067, 165, 1068, 168, -1, -3, -1.892546881191539, 3.1622776601683795
146, 86, 507, 491, 507, 495, 0, -4, -1.5707963267948966, 4.0
146, 87, 356, 483, 357, 481, -1, 2, 2.0344439357957027, 2.23606797749979
146, 89, 94, 560, 92, 556, 2, 4, 1.1071487177940904, 4.47213595499958
146, 95, 788, 211, 788, 208, 0, 3, 1.5707963267948966, 3.0
146, 97, 611, 396, 611, 394, 0, 2, 1.5707963267948966, 2.0
146, 100, 613, 136, 614, 135, -1, 1, 2.356194490192345, 1.4142135623730951
146, 101, 558, 23, 557, 25, 1, -2, -1.1071487177940904, 2.23606797749979
146, 103, 761, 242, 760, 239, 1, 3, 1.2490457723982544, 3.1622776601683795
146, 104, 1078, 204, 1079, 207, -1, -3, -1.892546881191539, 3.1622776601683795
146, 105, 575, 26, 575, 28, 0, -2, -1.5707963267948966, 2.0
146, 106, 491, 543, 491, 545, 0, -2, -1.5707963267948966, 2.0
146, 107, 652, 382, 651, 379, 1, 3, 1.2490457723982544, 3.1622776601683795
146, 108, 580, 94, 580, 96, 0, -2, -1.5707963267948966, 2.0
146, 110, 849, 363, 849, 368, 0, -5, -1.5707963267948966, 5.0
146, 111, 394, 362, 394, 360, 0, 2, 1.5707963267948966, 2.0
146, 120, 264, 51, 260, 49, 4, 2, 0.4636476090008061, 4.47213595499958
146, 121, 1207, 368, 1210, 366, -3, 2, 2.5535900500422257, 3.605551275463989
146, 122, 631, 340, 630, 337, 1, 3, 1.2490457723982544, 3.1622776601683795
146, 124, 1208, 322, 1207, 319, 1, 3, 1.2490457723982544, 3.1622776601683795
146, 127, 474, 516, 472, 520, 2, -4, -1.1071487177940904, 4.47213595499958
146, 128, 717, 398, 716, 402, 1, -4, -1.3258176636680326, 4.123105625617661
146, 130, 1226, 263, 1225, 260, 1, 3, 1.2490457723982544, 3.1622776601683795
146, 131, 1237, 307, 1237, 303, 0, 4, 1.5707963267948966, 4.0
146, 132, 843, 31, 845, 32, -2, -1, -2.677945044588987, 2.23606797749979
146, 133, 377, 335, 377, 333, 0, 2, 1.5707963267948966, 2.0
146, 137, 776, 287, 774, 284, 2, 3, 0.982793723247329, 3.605551275463989
146, 138, 647, 261, 648, 260, -1, 1, 2.356194490192345, 1.4142135623730951
146, 139, 111, 497, 110, 494, 1, 3, 1.2490457723982544, 3.1622776601683795
146, 140, 659, 343, 660, 339, -1, 4, 1.8157749899217608, 4.123105625617661
146, 141, 151, 40, 152, 39, -1, 1, 2.356194490192345, 1.4142135623730951
146, 142, 514, 441, 512, 445, 2, -4, -1.1071487177940904, 4.47213595499958
146, 145, 1155, 207, 1154, 203, 1, 4, 1.3258176636680326, 4.123105625617661
146, 147, 396, 507, 396, 505, 0, 2, 1.5707963267948966, 2.0
146, 150, 1216, 271, 1214, 268, 2, 3, 0.982793723247329, 3.605551275463989
146, 151, 631, 131, 632, 130, -1, 1, 2.356194490192345, 1.4142135623730951
146, 155, 485, 418, 486, 423, -1, -5, -1.7681918866447774, 5.0990195135927845
146, 156, 367, 493, 367, 490, 0, 3, 1.5707963267948966, 3.0
146, 157, 1189, 165, 1188, 164, 1, 1, 0.7853981633974483, 1.4142135623730951
146, 159, 396, 486, 396, 484, 0, 2, 1.5707963267948966, 2.0
146, 163, 511, 462, 511, 468, 0, -6, -1.5707963267948966, 6.0
146, 164, 1188, 131, 1187, 130, 1, 1, 0.7853981633974483, 1.4142135623730951
146, 166, 142, 546, 139, 545, 3, 1, 0.3217505543966422, 3.1622776601683795
146, 167, 1191, 109, 1189, 109, 2, 0, 0.0, 2.0
146, 168, 106, 493, 105, 490, 1, 3, 1.2490457723982544, 3.1622776601683795
146, 169, 480, 516, 479, 521, 1, -5, -1.373400766945016, 5.0990195135927845
146, 170, 361, 325, 362, 323, -1, 2, 2.0344439357957027, 2.23606797749979
147, 2, 855, 378, 854, 381, 1, -3, -1.2490457723982544, 3.1622776601683795
147, 3, 356, 368, 358, 365, -2, 3, 2.158798930342464, 3.605551275463989
147, 4, 587, 24, 587, 26, 0, -2, -1.5707963267948966, 2.0
147, 5, 172, 55, 173, 54, -1, 1, 2.356194490192345, 1.4142135623730951
147, 6, 1079, 209, 1082, 213, -3, -4, -2.214297435588181, 5.0
147, 8, 484, 55, 484, 58, 0, -3, -1.5707963267948966, 3.0
147, 9, 95, 510, 93, 507, 2, 3, 0.982793723247329, 3.605551275463989
147, 10, 251, 64, 247, 64, 4, 0, 0.0, 4.0
147, 11, 484, 429, 484, 434, 0, -5, -1.5707963267948966, 5.0
147, 12, 253, 16, 249, 18, 4, -2, -0.4636476090008061, 4.47213595499958
147, 13, 841, 377, 841, 381, 0, -4, -1.5707963267948966, 4.0
147, 14, 801, 145, 801, 149, 0, -4, -1.5707963267948966, 4.0
147, 16, 557, 13, 554, 16, 3, -3, -0.7853981633974483, 4.242640687119285
147, 17, 1261, 232, 1261, 228, 0, 4, 1.5707963267948966, 4.0
147, 19, 1232, 317, 1229, 314, 3, 3, 0.7853981633974483, 4.242640687119285
147, 20, 498, 427, 498, 431, 0, -4, -1.5707963267948966, 4.0
147, 21, 469, 507, 467, 511, 2, -4, -1.1071487177940904, 4.47213595499958
147, 23, 775, 214, 775, 210, 0, 4, 1.5707963267948966, 4.0
147, 26, 1060, 252, 1060, 255, 0, -3, -1.5707963267948966, 3.0
147, 27, 267, 77, 266, 78, 1, -1, -0.7853981633974483, 1.4142135623730951
147, 28, 579, 15, 579, 17, 0, -2, -1.5707963267948966, 2.0
147, 29, 465, 501, 462, 505, 3, -4, -0.9272952180016122, 5.0
147, 30, 468, 102, 467, 106, 1, -4, -1.3258176636680326, 4.123105625617661
147, 31, 550, 21, 547, 24, 3, -3, -0.7853981633974483, 4.242640687119285
147, 32, 698, 347, 697, 351, 1, -4, -1.3258176636680326, 4.123105625617661
147, 33, 259, 67, 257, 66, 2, 1, 0.4636476090008061, 2.23606797749979
147, 34, 547, 96, 547, 98, 0, -2, -1.5707963267948966, 2.0
147, 35, 379, 430, 380, 428, -1, 2, 2.0344439357957027, 2.23606797749979
147, 36, 1076, 162, 1077, 167, -1, -5, -1.7681918866447774, 5.0990195135927845
147, 37, 493, 62, 493, 66, 0, -4, -1.5707963267948966, 4.0
147, 38, 708, 351, 709, 355, -1, -4, -1.8157749899217608, 4.123105625617661
147, 40, 623, 93, 625, 92, -2, 1, 2.677945044588987, 2.23606797749979
147, 41, 704, 357, 704, 361, 0, -4, -1.5707963267948966, 4.0
147, 42, 663, 272, 664, 268, -1, 4, 1.8157749899217608, 4.123105625617661
147, 43, 476, 111, 475, 115, 1, -4, -1.3258176636680326, 4.123105625617661
147, 44, 640, 332, 640, 328, 0, 4, 1.5707963267948966, 4.0
147, 45, 794, 9, 793, 10, 1, -1, -0.7853981633974483, 1.4142135623730951
147, 48, 1261, 236, 1261, 233, 0, 3, 1.5707963267948966, 3.0
147, 50, 1044, 196, 1047, 200, -3, -4, -2.214297435588181, 5.0
147, 52, 838, 17, 842, 19, -4, -2, -2.677945044588987, 4.47213595499958
147, 53, 1184, 179, 1182, 176, 2, 3, 0.982793723247329, 3.605551275463989
147, 54, 1218, 71, 1214, 69, 4, 2, 0.4636476090008061, 4.47213595499958
147, 55, 788, 105, 789, 108, -1, -3, -1.892546881191539, 3.1622776601683795
147, 56, 1176, 118, 1175, 116, 1, 2, 1.1071487177940904, 2.23606797749979
147, 57, 479, 87, 479, 92, 0, -5, -1.5707963267948966, 5.0
147, 58, 245, 80, 243, 79, 2, 1, 0.4636476090008061, 2.23606797749979
147, 59, 781, 13, 781, 15, 0, -2, -1.5707963267948966, 2.0
147, 62, 696, 433, 696, 439, 0, -6, -1.5707963267948966, 6.0
147, 63, 464, 112, 463, 116, 1, -4, -1.3258176636680326, 4.123105625617661
147, 66, 1179, 83, 1176, 82, 3, 1, 0.3217505543966422, 3.1622776601683795
147, 67, 1230, 275, 1229, 272, 1, 3, 1.2490457723982544, 3.1622776601683795
147, 68, 385, 503, 387, 503, -2, 0, 3.141592653589793, 2.0
147, 69, 520, 472, 523, 478, -3, -6, -2.0344439357957027, 6.708203932499369
147, 70, 709, 274, 710, 279, -1, -5, -1.7681918866447774, 5.0990195135927845
147, 71, 1077, 148, 1078, 153, -1, -5, -1.7681918866447774, 5.0990195135927845
147, 72, 830, 385, 831, 389, -1, -4, -1.8157749899217608, 4.123105625617661
147, 73, 496, 535, 496, 537, 0, -2, -1.5707963267948966, 2.0
147, 74, 248, 51, 245, 50, 3, 1, 0.3217505543966422, 3.1622776601683795
147, 76, 734, 236, 736, 241, -2, -5, -1.9513027039072615, 5.385164807134504
147, 77, 482, 43, 482, 45, 0, -2, -1.5707963267948966, 2.0
147, 78, 687, 385, 687, 389, 0, -4, -1.5707963267948966, 4.0
147, 80, 251, 26, 248, 27, 3, -1, -0.3217505543966422, 3.1622776601683795
147, 82, 780, 207, 780, 203, 0, 4, 1.5707963267948966, 4.0
147, 83, 801, 127, 802, 130, -1, -3, -1.892546881191539, 3.1622776601683795
147, 84, 1066, 161, 1067, 165, -1, -4, -1.8157749899217608, 4.123105625617661
147, 85, 507, 485, 507, 491, 0, -6, -1.5707963267948966, 6.0
147, 86, 354, 485, 356, 483, -2, 2, 2.356194490192345, 2.8284271247461903
147, 87, 475, 196, 475, 198, 0, -2, -1.5707963267948966, 2.0
147, 88, 94, 563, 94, 560, 0, 3, 1.5707963267948966, 3.0
147, 94, 788, 215, 788, 211, 0, 4, 1.5707963267948966, 4.0
147, 97, 649, 256, 650, 252, -1, 4, 1.8157749899217608, 4.123105625617661
147, 99, 611, 139, 613, 136, -2, 3, 2.158798930342464, 3.605551275463989
147, 100, 561, 20, 558, 23, 3, -3, -0.7853981633974483, 4.242640687119285
147, 101, 951, 17, 950, 18, 1, -1, -0.7853981633974483, 1.4142135623730951
147, 102, 762, 246, 761, 242, 1, 4, 1.3258176636680326, 4.123105625617661
147, 103, 1076, 199, 1078, 204, -2, -5, -1.9513027039072615, 5.385164807134504
147, 104, 575, 24, 575, 26, 0, -2, -1.5707963267948966, 2.0
147, 105, 492, 540, 491, 543, 1, -3, -1.2490457723982544, 3.1622776601683795
147, 106, 653, 383, 652, 382, 1, 1, 0.7853981633974483, 1.4142135623730951
147, 107, 581, 93, 580, 94, 1, -1, -0.7853981633974483, 1.4142135623730951
147, 108, 1055, 244, 1056, 246, -1, -2, -2.0344439357957027, 2.23606797749979
147, 109, 850, 358, 849, 363, 1, -5, -1.373400766945016, 5.0990195135927845
147, 110, 394, 366, 394, 362, 0, 4, 1.5707963267948966, 4.0
147, 115, 730, 328, 730, 332, 0, -4, -1.5707963267948966, 4.0
147, 119, 267, 52, 264, 51, 3, 1, 0.3217505543966422, 3.1622776601683795
147, 120, 1205, 370, 1207, 368, -2, 2, 2.356194490192345, 2.8284271247461903
147, 121, 632, 343, 631, 340, 1, 3, 1.2490457723982544, 3.1622776601683795
147, 123, 1209, 325, 1208, 322, 1, 3, 1.2490457723982544, 3.1622776601683795
147, 124, 650, 357, 650, 355, 0, 2, 1.5707963267948966, 2.0
147, 125, 476, 512, 474, 516, 2, -4, -1.1071487177940904, 4.47213595499958
147, 128, 1228, 266, 1226, 263, 2, 3, 0.982793723247329, 3.605551275463989
147, 129, 1238, 310, 1237, 307, 1, 3, 1.2490457723982544, 3.1622776601683795
147, 130, 840, 29, 843, 31, -3, -2, -2.5535900500422257, 3.605551275463989
147, 131, 376, 339, 377, 335, -1, 4, 1.8157749899217608, 4.123105625617661
147, 133, 1192, 74, 1189, 73, 3, 1, 0.3217505543966422, 3.1622776601683795
147, 134, 374, 416, 375, 415, -1, 1, 2.356194490192345, 1.4142135623730951
147, 135, 777, 289, 776, 287, 1, 2, 1.1071487177940904, 2.23606797749979
147, 136, 646, 265, 647, 261, -1, 4, 1.8157749899217608, 4.123105625617661
147, 137, 113, 500, 111, 497, 2, 3, 0.982793723247329, 3.605551275463989
147, 138, 658, 344, 659, 343, -1, 1, 2.356194490192345, 1.4142135623730951
147, 139, 150, 41, 151, 40, -1, 1, 2.356194490192345, 1.4142135623730951
147, 140, 516, 437, 514, 441, 2, -4, -1.1071487177940904, 4.47213595499958
147, 142, 784, 266, 783, 265, 1, 1, 0.7853981633974483, 1.4142135623730951
147, 145, 394, 507, 396, 507, -2, 0, 3.141592653589793, 2.0
147, 148, 1218, 273, 1216, 271, 2, 2, 0.7853981633974483, 2.8284271247461903
147, 149, 630, 133, 631, 131, -1, 2, 2.0344439357957027, 2.23606797749979
147, 150, 1165, 132, 1164, 130, 1, 2, 1.1071487177940904, 2.23606797749979
147, 153, 484, 413, 485, 418, -1, -5, -1.7681918866447774, 5.0990195135927845
147, 154, 367, 496, 367, 493, 0, 3, 1.5707963267948966, 3.0
147, 155, 1191, 168, 1189, 165, 2, 3, 0.982793723247329, 3.605551275463989
147, 158, 491, 136, 491, 139, 0, -3, -1.5707963267948966, 3.0
147, 161, 511, 456, 511, 462, 0, -6, -1.5707963267948966, 6.0
147, 162, 1189, 133, 1188, 131, 1, 2, 1.1071487177940904, 2.23606797749979
147, 164, 144, 545, 142, 546, 2, -1, -0.4636476090008061, 2.23606797749979
147, 165, 1194, 110, 1191, 109, 3, 1, 0.3217505543966422, 3.1622776601683795
147, 166, 108, 496, 106, 493, 2, 3, 0.982793723247329, 3.605551275463989
147, 167, 482, 512, 480, 516, 2, -4, -1.1071487177940904, 4.47213595499958
147, 168, 360, 329, 361, 325, -1, 4, 1.8157749899217608, 4.123105625617661
147, 169, 946, 23, 945, 24, 1, -1, -0.7853981633974483, 1.4142135623730951
148, 2, 855, 374, 855, 378, 0, -4, -1.5707963267948966, 4.0
148, 3, 355, 369, 356, 368, -1, 1, 2.356194490192345, 1.4142135623730951
148, 6, 1077, 206, 1079, 209, -2, -3, -2.158798930342464, 3.605551275463989
148, 9, 97, 512, 95, 510, 2, 2, 0.7853981633974483, 2.8284271247461903
148, 10, 255, 64, 251, 64, 4, 0, 0.0, 4.0
148, 11, 484, 425, 484, 429, 0, -4, -1.5707963267948966, 4.0
148, 12, 256, 15, 253, 16, 3, -1, -0.3217505543966422, 3.1622776601683795
148, 13, 841, 373, 841, 377, 0, -4, -1.5707963267948966, 4.0
148, 14, 800, 142, 801, 145, -1, -3, -1.892546881191539, 3.1622776601683795
148, 16, 558, 11, 557, 13, 1, -2, -1.1071487177940904, 2.23606797749979
148, 17, 1261, 234, 1261, 232, 0, 2, 1.5707963267948966, 2.0
148, 19, 1233, 319, 1232, 317, 1, 2, 1.1071487177940904, 2.23606797749979
148, 20, 498, 423, 498, 427, 0, -4, -1.5707963267948966, 4.0
148, 21, 471, 503, 469, 507, 2, -4, -1.1071487177940904, 4.47213595499958
148, 23, 775, 216, 775, 214, 0, 2, 1.5707963267948966, 2.0
148, 26, 1059, 249, 1060, 252, -1, -3, -1.892546881191539, 3.1622776601683795
148, 29, 466, 496, 465, 501, 1, -5, -1.373400766945016, 5.0990195135927845
148, 30, 468, 100, 468, 102, 0, -2, -1.5707963267948966, 2.0
148, 31, 551, 19, 550, 21, 1, -2, -1.1071487177940904, 2.23606797749979
148, 32, 698, 342, 698, 347, 0, -5, -1.5707963267948966, 5.0
148, 33, 260, 68, 259, 67, 1, 1, 0.7853981633974483, 1.4142135623730951
148, 35, 378, 432, 379, 430, -1, 2, 2.0344439357957027, 2.23606797749979
148, 36, 1075, 158, 1076, 162, -1, -4, -1.8157749899217608, 4.123105625617661
148, 37, 493, 60, 493, 62, 0, -2, -1.5707963267948966, 2.0
148, 38, 708, 346, 708, 351, 0, -5, -1.5707963267948966, 5.0
148, 41, 704, 352, 704, 357, 0, -5, -1.5707963267948966, 5.0
148, 42, 662, 275, 663, 272, -1, 3, 1.892546881191539, 3.1622776601683795
148, 43, 476, 109, 476, 111, 0, -2, -1.5707963267948966, 2.0
148, 44, 640, 334, 640, 332, 0, 2, 1.5707963267948966, 2.0
148, 49, 1042, 193, 1044, 196, -2, -3, -2.158798930342464, 3.605551275463989
148, 51, 835, 16, 838, 17, -3, -1, -2.819842099193151, 3.1622776601683795
148, 53, 1220, 71, 1218, 71, 2, 0, 0.0, 2.0
148, 54, 787, 103, 788, 105, -1, -2, -2.0344439357957027, 2.23606797749979
148, 55, 1177, 119, 1176, 118, 1, 1, 0.7853981633974483, 1.4142135623730951
148, 56, 479, 85, 479, 87, 0, -2, -1.5707963267948966, 2.0
148, 57, 246, 81, 245, 80, 1, 1, 0.7853981633974483, 1.4142135623730951
148, 59, 624, 423, 625, 420, -1, 3, 1.892546881191539, 3.1622776601683795
148, 61, 695, 431, 696, 433, -1, -2, -2.0344439357957027, 2.23606797749979
148, 62, 464, 109, 464, 112, 0, -3, -1.5707963267948966, 3.0
148, 66, 1231, 278, 1230, 275, 1, 3, 1.2490457723982544, 3.1622776601683795
148, 68, 521, 471, 520, 472, 1, -1, -0.7853981633974483, 1.4142135623730951
148, 69, 708, 270, 709, 274, -1, -4, -1.8157749899217608, 4.123105625617661
148, 70, 1076, 144, 1077, 148, -1, -4, -1.8157749899217608, 4.123105625617661
148, 71, 829, 380, 830, 385, -1, -5, -1.7681918866447774, 5.0990195135927845
148, 72, 496, 533, 496, 535, 0, -2, -1.5707963267948966, 2.0
148, 73, 251, 49, 248, 51, 3, -2, -0.5880026035475675, 3.605551275463989
148, 75, 733, 231, 734, 236, -1, -5, -1.7681918866447774, 5.0990195135927845
148, 77, 687, 380, 687, 385, 0, -5, -1.5707963267948966, 5.0
148, 79, 254, 25, 251, 26, 3, -1, -0.3217505543966422, 3.1622776601683795
148, 82, 800, 124, 801, 127, -1, -3, -1.892546881191539, 3.1622776601683795
148, 83, 1065, 158, 1066, 161, -1, -3, -1.892546881191539, 3.1622776601683795
148, 84, 507, 480, 507, 485, 0, -5, -1.5707963267948966, 5.0
148, 85, 354, 488, 354, 485, 0, 3, 1.5707963267948966, 3.0
148, 86, 474, 194, 475, 196, -1, -2, -2.0344439357957027, 2.23606797749979
148, 87, 95, 564, 94, 563, 1, 1, 0.7853981633974483, 1.4142135623730951
148, 95, 611, 400, 611, 397, 0, 3, 1.5707963267948966, 3.0
148, 96, 648, 259, 649, 256, -1, 3, 1.892546881191539, 3.1622776601683795
148, 98, 610, 141, 611, 139, -1, 2, 2.0344439357957027, 2.23606797749979
148, 99, 562, 18, 561, 20, 1, -2, -1.1071487177940904, 2.23606797749979
148, 101, 762, 250, 762, 246, 0, 4, 1.5707963267948966, 4.0
148, 102, 1074, 196, 1076, 199, -2, -3, -2.158798930342464, 3.605551275463989
148, 103, 575, 22, 575, 24, 0, -2, -1.5707963267948966, 2.0
148, 105, 654, 386, 653, 383, 1, 3, 1.2490457723982544, 3.1622776601683795
148, 107, 1054, 242, 1055, 244, -1, -2, -2.0344439357957027, 2.23606797749979
148, 108, 851, 353, 850, 358, 1, -5, -1.373400766945016, 5.0990195135927845
148, 114, 730, 323, 730, 328, 0, -5, -1.5707963267948966, 5.0
148, 118, 269, 51, 267, 52, 2, -1, -0.4636476090008061, 2.23606797749979
148, 120, 632, 345, 632, 343, 0, 2, 1.5707963267948966, 2.0
148, 122, 1211, 328, 1209, 325, 2, 3, 0.982793723247329, 3.605551275463989
148, 123, 649, 359, 650, 357, -1, 2, 2.0344439357957027, 2.23606797749979
148, 124, 478, 508, 476, 512, 2, -4, -1.1071487177940904, 4.47213595499958
148, 125, 717, 394, 717, 397, 0, -3, -1.5707963267948966, 3.0
148, 127, 1230, 268, 1228, 266, 2, 2, 0.7853981633974483, 2.8284271247461903
148, 128, 1239, 313, 1238, 310, 1, 3, 1.2490457723982544, 3.1622776601683795
148, 129, 838, 28, 840, 29, -2, -1, -2.677945044588987, 2.23606797749979
148, 130, 375, 340, 376, 339, -1, 1, 2.356194490192345, 1.4142135623730951
148, 135, 645, 268, 646, 265, -1, 3, 1.892546881191539, 3.1622776601683795
148, 136, 114, 502, 113, 500, 1, 2, 1.1071487177940904, 2.23606797749979
148, 139, 517, 433, 516, 437, 1, -4, -1.3258176636680326, 4.123105625617661
148, 141, 784, 269, 784, 266, 0, 3, 1.5707963267948966, 3.0
148, 142, 1158, 207, 1156, 207, 2, 0, 0.0, 2.0
148, 143, 392, 510, 394, 507, -2, 3, 2.158798930342464, 3.605551275463989
148, 145, 1220, 275, 1218, 273, 2, 2, 0.7853981633974483, 2.8284271247461903
148, 146, 629, 134, 630, 133, -1, 1, 2.356194490192345, 1.4142135623730951
148, 150, 483, 408, 484, 413, -1, -5, -1.7681918866447774, 5.0990195135927845
148, 151, 367, 499, 367, 496, 0, 3, 1.5707963267948966, 3.0
148, 154, 395, 484, 395, 486, 0, -2, -1.5707963267948966, 2.0
148, 155, 491, 134, 491, 136, 0, -2, -1.5707963267948966, 2.0
148, 158, 511, 450, 511, 456, 0, -6, -1.5707963267948966, 6.0
148, 161, 146, 546, 144, 545, 2, 1, 0.4636476090008061, 2.23606797749979
148, 163, 109, 498, 108, 496, 1, 2, 1.1071487177940904, 2.23606797749979
148, 164, 484, 508, 482, 512, 2, -4, -1.1071487177940904, 4.47213595499958
148, 165, 359, 330, 360, 329, -1, 1, 2.356194490192345, 1.4142135623730951
149, 2, 856, 370, 855, 374, 1, -4, -1.3258176636680326, 4.123105625617661
149, 3, 354, 371, 355, 369, -1, 2, 2.0344439357957027, 2.23606797749979
149, 6, 1075, 203, 1077, 206, -2, -3, -2.158798930342464, 3.605551275463989
149, 9, 99, 514, 97, 512, 2, 2, 0.7853981633974483, 2.8284271247461903
149, 10, 258, 64, 255, 64, 3, 0, 0.0, 3.0
149, 11, 484, 420, 484, 425, 0, -5, -1.5707963267948966, 5.0
149, 12, 259, 14, 256, 15, 3, -1, -0.3217505543966422, 3.1622776601683795
149, 13, 841, 368, 841, 373, 0, -5, -1.5707963267948966, 5.0
149, 14, 799, 139, 800, 142, -1, -3, -1.892546881191539, 3.1622776601683795
149, 16, 559, 9, 558, 11, 1, -2, -1.1071487177940904, 2.23606797749979
149, 19, 1234, 321, 1233, 319, 1, 2, 1.1071487177940904, 2.23606797749979
149, 20, 498, 419, 498, 423, 0, -4, -1.5707963267948966, 4.0
149, 21, 473, 498, 471, 503, 2, -5, -1.1902899496825317, 5.385164807134504
149, 26, 1058, 244, 1059, 249, -1, -5, -1.7681918866447774, 5.0990195135927845
149, 29, 467, 491, 466, 496, 1, -5, -1.373400766945016, 5.0990195135927845
149, 30, 468, 96, 468, 100, 0, -4, -1.5707963267948966, 4.0
149, 31, 552, 17, 551, 19, 1, -2, -1.1071487177940904, 2.23606797749979
149, 32, 698, 337, 698, 342, 0, -5, -1.5707963267948966, 5.0
149, 34, 547, 93, 547, 95, 0, -2, -1.5707963267948966, 2.0
149, 35, 378, 434, 378, 432, 0, 2, 1.5707963267948966, 2.0
149, 36, 1074, 155, 1075, 158, -1, -3, -1.892546881191539, 3.1622776601683795
149, 37, 493, 58, 493, 60, 0, -2, -1.5707963267948966, 2.0
149, 38, 708, 341, 708, 346, 0, -5, -1.5707963267948966, 5.0
149, 41, 704, 347, 704, 352, 0, -5, -1.5707963267948966, 5.0
149, 42, 661, 278, 662, 275, -1, 3, 1.892546881191539, 3.1622776601683795
149, 43, 476, 105, 476, 109, 0, -4, -1.5707963267948966, 4.0
149, 44, 640, 336, 640, 334, 0, 2, 1.5707963267948966, 2.0
149, 49, 1041, 191, 1042, 193, -1, -2, -2.0344439357957027, 2.23606797749979
149, 51, 833, 15, 835, 16, -2, -1, -2.677945044588987, 2.23606797749979
149, 53, 1222, 71, 1220, 71, 2, 0, 0.0, 2.0
149, 54, 786, 101, 787, 103, -1, -2, -2.0344439357957027, 2.23606797749979
149, 56, 479, 83, 479, 85, 0, -2, -1.5707963267948966, 2.0
149, 57, 248, 82, 246, 81, 2, 1, 0.4636476090008061, 2.23606797749979
149, 58, 781, 10, 781, 12, 0, -2, -1.5707963267948966, 2.0
149, 59, 624, 428, 624, 423, 0, 5, 1.5707963267948966, 5.0
149, 61, 694, 429, 695, 431, -1, -2, -2.0344439357957027, 2.23606797749979
149, 62, 464, 105, 464, 109, 0, -4, -1.5707963267948966, 4.0
149, 66, 1233, 280, 1231, 278, 2, 2, 0.7853981633974483, 2.8284271247461903
149, 67, 522, 470, 521, 471, 1, -1, -0.7853981633974483, 1.4142135623730951
149, 68, 707, 267, 708, 270, -1, -3, -1.892546881191539, 3.1622776601683795
149, 69, 1075, 141, 1076, 144, -1, -3, -1.892546881191539, 3.1622776601683795
149, 70, 828, 375, 829, 380, -1, -5, -1.7681918866447774, 5.0990195135927845
149, 72, 254, 49, 251, 49, 3, 0, 0.0, 3.0
149, 74, 732, 226, 733, 231, -1, -5, -1.7681918866447774, 5.0990195135927845
149, 75, 687, 376, 687, 380, 0, -4, -1.5707963267948966, 4.0
149, 77, 257, 24, 254, 25, 3, -1, -0.3217505543966422, 3.1622776601683795
149, 80, 799, 121, 800, 124, -1, -3, -1.892546881191539, 3.1622776601683795
149, 81, 1064, 155, 1065, 158, -1, -3, -1.892546881191539, 3.1622776601683795
149, 82, 508, 475, 507, 480, 1, -5, -1.373400766945016, 5.0990195135927845
149, 83, 353, 490, 354, 488, -1, 2, 2.0344439357957027, 2.23606797749979
149, 84, 473, 191, 474, 194, -1, -3, -1.892546881191539, 3.1622776601683795
149, 85, 96, 566, 95, 564, 1, 2, 1.1071487177940904, 2.23606797749979
149, 93, 611, 402, 611, 400, 0, 2, 1.5707963267948966, 2.0
149, 94, 647, 262, 648, 259, -1, 3, 1.892546881191539, 3.1622776601683795
149, 97, 563, 16, 562, 18, 1, -2, -1.1071487177940904, 2.23606797749979
149, 98, 952, 16, 950, 17, 2, -1, -0.4636476090008061, 2.23606797749979
149, 99, 762, 253, 762, 250, 0, 3, 1.5707963267948966, 3.0
149, 100, 1073, 193, 1074, 196, -1, -3, -1.892546881191539, 3.1622776601683795
149, 103, 655, 389, 654, 386, 1, 3, 1.2490457723982544, 3.1622776601683795
149, 105, 1053, 239, 1054, 242, -1, -3, -1.892546881191539, 3.1622776601683795
149, 106, 852, 348, 851, 353, 1, -5, -1.373400766945016, 5.0990195135927845
149, 107, 393, 368, 394, 367, -1, 1, 2.356194490192345, 1.4142135623730951
149, 112, 730, 318, 730, 323, 0, -5, -1.5707963267948966, 5.0
149, 114, 941, 14, 940, 15, 1, -1, -0.7853981633974483, 1.4142135623730951
149, 115, 1168, 222, 1167, 221, 1, 1, 0.7853981633974483, 1.4142135623730951
149, 116, 271, 50, 269, 51, 2, -1, -0.4636476090008061, 2.23606797749979
149, 120, 1212, 332, 1211, 328, 1, 4, 1.3258176636680326, 4.123105625617661
149, 121, 648, 360, 649, 359, -1, 1, 2.356194490192345, 1.4142135623730951
149, 122, 480, 504, 478, 508, 2, -4, -1.1071487177940904, 4.47213595499958
149, 123, 717, 392, 717, 394, 0, -2, -1.5707963267948966, 2.0
149, 124, 1170, 139, 1169, 138, 1, 1, 0.7853981633974483, 1.4142135623730951
149, 125, 1232, 270, 1230, 268, 2, 2, 0.7853981633974483, 2.8284271247461903
149, 126, 1240, 315, 1239, 313, 1, 2, 1.1071487177940904, 2.23606797749979
149, 127, 836, 27, 838, 28, -2, -1, -2.677945044588987, 2.23606797749979
149, 128, 374, 342, 375, 340, -1, 2, 2.0344439357957027, 2.23606797749979
149, 133, 644, 271, 645, 268, -1, 3, 1.892546881191539, 3.1622776601683795
149, 134, 116, 504, 114, 502, 2, 2, 0.7853981633974483, 2.8284271247461903
149, 136, 518, 429, 517, 433, 1, -4, -1.3258176636680326, 4.123105625617661
149, 138, 784, 271, 784, 269, 0, 2, 1.5707963267948966, 2.0
149, 139, 1160, 209, 1158, 207, 2, 2, 0.7853981633974483, 2.8284271247461903
149, 140, 389, 512, 392, 510, -3, 2, 2.5535900500422257, 3.605551275463989
149, 142, 1222, 277, 1220, 275, 2, 2, 0.7853981633974483, 2.8284271247461903
149, 147, 482, 404, 483, 408, -1, -4, -1.8157749899217608, 4.123105625617661
149, 148, 367, 502, 367, 499, 0, 3, 1.5707963267948966, 3.0
149, 151, 395, 482, 395, 484, 0, -2, -1.5707963267948966, 2.0
149, 152, 490, 131, 491, 134, -1, -3, -1.892546881191539, 3.1622776601683795
149, 155, 511, 445, 511, 450, 0, -5, -1.5707963267948966, 5.0
149, 158, 148, 546, 146, 546, 2, 0, 0.0, 2.0
149, 159, 1197, 110, 1195, 110, 2, 0, 0.0, 2.0
149, 160, 111, 500, 109, 498, 2, 2, 0.7853981633974483, 2.8284271247461903
149, 161, 486, 504, 484, 508, 2, -4, -1.1071487177940904, 4.47213595499958
149, 162, 358, 331, 359, 330, -1, 1, 2.356194490192345, 1.4142135623730951
150, 0, 858, 366, 857, 370, 1, -4, -1.3258176636680326, 4.123105625617661
150, 5, 1078, 206, 1080, 210, -2, -4, -2.0344439357957027, 4.47213595499958
150, 6, 498, 423, 499, 427, -1, -4, -1.8157749899217608, 4.123105625617661
150, 7, 846, 364, 845, 369, 1, -5, -1.373400766945016, 5.0990195135927845
150, 8, 510, 445, 511, 450, -1, -5, -1.7681918866447774, 5.0990195135927845
150, 9, 146, 584, 143, 582, 3, 2, 0.5880026035475675, 3.605551275463989
150, 10, 487, 425, 487, 429, 0, -4, -1.5707963267948966, 4.0
150, 11, 381, 421, 382, 420, -1, 1, 2.356194490192345, 1.4142135623730951
150, 12, 257, 17, 253, 18, 4, -1, -0.24497866312686414, 4.123105625617661
150, 13, 829, 406, 829, 411, 0, -5, -1.5707963267948966, 5.0
150, 14, 354, 363, 355, 361, -1, 2, 2.0344439357957027, 2.23606797749979
150, 15, 99, 514, 97, 511, 2, 3, 0.982793723247329, 3.605551275463989
150, 16, 267, 79, 265, 79, 2, 0, 0.0, 2.0
150, 17, 801, 144, 802, 147, -1, -3, -1.892546881191539, 3.1622776601683795
150, 18, 487, 57, 487, 59, 0, -2, -1.5707963267948966, 2.0
150, 21, 1261, 230, 1271, 229, -10, 1, 3.0419240010986313, 10.04987562112089
150, 23, 557, 14, 556, 16, 1, -2, -1.1071487177940904, 2.23606797749979
150, 26, 517, 440, 518, 445, -1, -5, -1.7681918866447774, 5.0990195135927845
150, 28, 472, 100, 472, 104, 0, -4, -1.5707963267948966, 4.0
150, 29, 474, 493, 472, 497, 2, -4, -1.1071487177940904, 4.47213595499958
150, 32, 381, 440, 381, 436, 0, 4, 1.5707963267948966, 4.0
150, 34, 470, 473, 469, 476, 1, -3, -1.2490457723982544, 3.1622776601683795
150, 35, 476, 109, 476, 113, 0, -4, -1.5707963267948966, 4.0
150, 36, 551, 21, 550, 23, 1, -2, -1.1071487177940904, 2.23606797749979
150, 37, 494, 65, 494, 67, 0, -2, -1.5707963267948966, 2.0
150, 42, 1077, 161, 1078, 165, -1, -4, -1.8157749899217608, 4.123105625617661
150, 43, 256, 26, 252, 27, 4, -1, -0.24497866312686414, 4.123105625617661
150, 46, 664, 277, 665, 273, -1, 4, 1.8157749899217608, 4.123105625617661
150, 48, 1078, 148, 1079, 152, -1, -4, -1.8157749899217608, 4.123105625617661
150, 49, 1067, 159, 1068, 163, -1, -4, -1.8157749899217608, 4.123105625617661
150, 50, 464, 489, 463, 493, 1, -4, -1.3258176636680326, 4.123105625617661
150, 51, 737, 237, 738, 242, -1, -5, -1.7681918866447774, 5.0990195135927845
150, 53, 788, 104, 789, 107, -1, -3, -1.892546881191539, 3.1622776601683795
150, 55, 656, 367, 657, 365, -1, 2, 2.0344439357957027, 2.23606797749979
150, 56, 642, 334, 642, 331, 0, 3, 1.5707963267948966, 3.0
150, 58, 627, 433, 627, 429, 0, 4, 1.5707963267948966, 4.0
150, 59, 1219, 72, 1217, 72, 2, 0, 0.0, 2.0
150, 60, 705, 350, 705, 355, 0, -5, -1.5707963267948966, 5.0
150, 63, 1233, 318, 1232, 317, 1, 1, 0.7853981633974483, 1.4142135623730951
150, 71, 703, 387, 703, 390, 0, -3, -1.5707963267948966, 3.0
150, 72, 840, 20, 842, 21, -2, -1, -2.677945044588987, 2.23606797749979
150, 73, 480, 88, 480, 91, 0, -3, -1.5707963267948966, 3.0
150, 74, 697, 341, 697, 346, 0, -5, -1.5707963267948966, 5.0
150, 75, 802, 126, 802, 129, 0, -3, -1.5707963267948966, 3.0
150, 76, 464, 110, 464, 114, 0, -4, -1.5707963267948966, 4.0
150, 77, 779, 146, 780, 149, -1, -3, -1.892546881191539, 3.1622776601683795
150, 78, 510, 478, 510, 483, 0, -5, -1.5707963267948966, 5.0
150, 79, 655, 260, 656, 257, -1, 3, 1.892546881191539, 3.1622776601683795
150, 82, 1045, 195, 1047, 198, -2, -3, -2.158798930342464, 3.605551275463989
150, 83, 711, 343, 711, 348, 0, -5, -1.5707963267948966, 5.0
150, 87, 1234, 277, 1233, 275, 1, 2, 1.1071487177940904, 2.23606797749979
150, 88, 474, 194, 474, 197, 0, -3, -1.5707963267948966, 3.0
150, 90, 1195, 348, 1194, 344, 1, 4, 1.3258176636680326, 4.123105625617661
150, 92, 491, 138, 492, 141, -1, -3, -1.892546881191539, 3.1622776601683795
150, 93, 1075, 197, 1077, 201, -2, -4, -2.0344439357957027, 4.47213595499958
150, 95, 562, 23, 561, 24, 1, -1, -0.7853981633974483, 1.4142135623730951
150, 102, 718, 379, 718, 382, 0, -3, -1.5707963267948966, 3.0
150, 105, 710, 273, 711, 276, -1, -3, -1.892546881191539, 3.1622776601683795
150, 106, 116, 504, 114, 501, 2, 3, 0.982793723247329, 3.605551275463989
150, 109, 141, 596, 139, 594, 2, 2, 0.7853981633974483, 2.8284271247461903
150, 110, 375, 339, 376, 337, -1, 2, 2.0344439357957027, 2.23606797749979
150, 111, 765, 252, 764, 250, 1, 2, 1.1071487177940904, 2.23606797749979
150, 113, 854, 349, 853, 354, 1, -5, -1.373400766945016, 5.0990195135927845
150, 116, 850, 417, 849, 421, 1, -4, -1.3258176636680326, 4.123105625617661
150, 118, 147, 553, 145, 553, 2, 0, 0.0, 2.0
150, 119, 647, 270, 648, 266, -1, 4, 1.8157749899217608, 4.123105625617661
150, 121, 1190, 134, 1190, 132, 0, 2, 1.5707963267948966, 2.0
150, 125, 840, 457, 840, 459, 0, -2, -1.5707963267948966, 2.0
150, 126, 1169, 222, 1168, 221, 1, 1, 0.7853981633974483, 1.4142135623730951
150, 127, 702, 422, 702, 424, 0, -2, -1.5707963267948966, 2.0
150, 129, 660, 270, 661, 267, -1, 3, 1.892546881191539, 3.1622776601683795
150, 132, 486, 412, 487, 416, -1, -4, -1.8157749899217608, 4.123105625617661
150, 134, 372, 401, 373, 398, -1, 3, 1.892546881191539, 3.1622776601683795
150, 137, 1191, 169, 1191, 167, 0, 2, 1.5707963267948966, 2.0
150, 138, 1157, 229, 1155, 225, 2, 4, 1.1071487177940904, 4.47213595499958
150, 140, 691, 380, 691, 383, 0, -3, -1.5707963267948966, 3.0
150, 141, 1219, 277, 1218, 275, 1, 2, 1.1071487177940904, 2.23606797749979
150, 142, 107, 569, 105, 567, 2, 2, 0.7853981633974483, 2.8284271247461903
150, 143, 111, 499, 109, 496, 2, 3, 0.982793723247329, 3.605551275463989
150, 145, 1054, 187, 1055, 190, -1, -3, -1.892546881191539, 3.1622776601683795
150, 146, 1261, 245, 1277, 244, -16, 1, 3.079173843593836, 16.0312195418814
150, 148, 260, 61, 258, 62, 2, -1, -0.4636476090008061, 2.23606797749979
150, 151, 484, 66, 484, 68, 0, -2, -1.5707963267948966, 2.0
150, 152, 656, 400, 656, 397, 0, 3, 1.5707963267948966, 3.0
150, 153, 834, 372, 835, 377, -1, -5, -1.7681918866447774, 5.0990195135927845
150, 154, 636, 299, 637, 296, -1, 3, 1.892546881191539, 3.1622776601683795
150, 155, 1207, 118, 1205, 117, 2, 1, 0.4636476090008061, 2.23606797749979
150, 156, 626, 344, 626, 342, 0, 2, 1.5707963267948966, 2.0
150, 159, 368, 441, 367, 437, 1, 4, 1.3258176636680326, 4.123105625617661
150, 160, 511, 428, 511, 433, 0, -5, -1.5707963267948966, 5.0
150, 163, 394, 535, 397, 532, -3, 3, 2.356194490192345, 4.242640687119285
150, 164, 872, 389, 872, 394, 0, -5, -1.5707963267948966, 5.0
150, 166, 1225, 268, 1224, 266, 1, 2, 1.1071487177940904, 2.23606797749979
150, 167, 732, 321, 732, 327, 0, -6, -1.5707963267948966, 6.0
150, 169, 375, 429, 375, 427, 0, 2, 1.5707963267948966, 2.0
150, 170, 650, 361, 651, 360, -1, 1, 2.356194490192345, 1.4142135623730951
151, 0, 858, 362, 858, 366, 0, -4, -1.5707963267948966, 4.0
151, 5, 1076, 203, 1078, 206, -2, -3, -2.158798930342464, 3.605551275463989
151, 6, 497, 419, 498, 423, -1, -4, -1.8157749899217608, 4.123105625617661
151, 7, 847, 359, 846, 364, 1, -5, -1.373400766945016, 5.0990195135927845
151, 8, 509, 440, 510, 445, -1, -5, -1.7681918866447774, 5.0990195135927845
151, 9, 149, 585, 146, 584, 3, 1, 0.3217505543966422, 3.1622776601683795
151, 10, 486, 421, 487, 425, -1, -4, -1.8157749899217608, 4.123105625617661
151, 11, 380, 422, 381, 421, -1, 1, 2.356194490192345, 1.4142135623730951
151, 12, 261, 17, 257, 17, 4, 0, 0.0, 4.0
151, 13, 830, 403, 829, 406, 1, -3, -1.2490457723982544, 3.1622776601683795
151, 14, 353, 365, 354, 363, -1, 2, 2.0344439357957027, 2.23606797749979
151, 15, 101, 517, 99, 514, 2, 3, 0.982793723247329, 3.605551275463989
151, 17, 800, 141, 801, 144, -1, -3, -1.892546881191539, 3.1622776601683795
151, 18, 487, 55, 487, 57, 0, -2, -1.5707963267948966, 2.0
151, 23, 558, 13, 557, 14, 1, -1, -0.7853981633974483, 1.4142135623730951
151, 26, 516, 435, 517, 440, -1, -5, -1.7681918866447774, 5.0990195135927845
151, 28, 472, 97, 472, 100, 0, -3, -1.5707963267948966, 3.0
151, 29, 476, 491, 474, 493, 2, -2, -0.7853981633974483, 2.8284271247461903
151, 32, 382, 444, 381, 440, 1, 4, 1.3258176636680326, 4.123105625617661
151, 34, 470, 471, 470, 473, 0, -2, -1.5707963267948966, 2.0
151, 35, 476, 105, 476, 109, 0, -4, -1.5707963267948966, 4.0
151, 36, 552, 20, 551, 21, 1, -1, -0.7853981633974483, 1.4142135623730951
151, 37, 494, 63, 494, 65, 0, -2, -1.5707963267948966, 2.0
151, 42, 1076, 157, 1077, 161, -1, -4, -1.8157749899217608, 4.123105625617661
151, 43, 260, 25, 256, 26, 4, -1, -0.24497866312686414, 4.123105625617661
151, 46, 664, 281, 664, 277, 0, 4, 1.5707963267948966, 4.0
151, 48, 1077, 144, 1078, 148, -1, -4, -1.8157749899217608, 4.123105625617661
151, 49, 1066, 156, 1067, 159, -1, -3, -1.892546881191539, 3.1622776601683795
151, 50, 465, 487, 464, 489, 1, -2, -1.1071487177940904, 2.23606797749979
151, 51, 736, 233, 737, 237, -1, -4, -1.8157749899217608, 4.123105625617661
151, 52, 787, 101, 788, 104, -1, -3, -1.892546881191539, 3.1622776601683795
151, 54, 654, 368, 656, 367, -2, 1, 2.677945044588987, 2.23606797749979
151, 55, 642, 337, 642, 334, 0, 3, 1.5707963267948966, 3.0
151, 56, 779, 213, 778, 212, 1, 1, 0.7853981633974483, 1.4142135623730951
151, 57, 627, 437, 627, 433, 0, 4, 1.5707963267948966, 4.0
151, 58, 1221, 72, 1219, 72, 2, 0, 0.0, 2.0
151, 59, 705, 346, 705, 350, 0, -4, -1.5707963267948966, 4.0
151, 61, 622, 97, 623, 96, -1, 1, 2.356194490192345, 1.4142135623730951
151, 62, 1234, 319, 1233, 318, 1, 1, 0.7853981633974483, 1.4142135623730951
151, 70, 703, 383, 703, 387, 0, -4, -1.5707963267948966, 4.0
151, 71, 838, 19, 840, 20, -2, -1, -2.677945044588987, 2.23606797749979
151, 72, 480, 86, 480, 88, 0, -2, -1.5707963267948966, 2.0
151, 73, 697, 337, 697, 341, 0, -4, -1.5707963267948966, 4.0
151, 74, 801, 123, 802, 126, -1, -3, -1.892546881191539, 3.1622776601683795
151, 75, 464, 106, 464, 110, 0, -4, -1.5707963267948966, 4.0
151, 76, 778, 142, 779, 146, -1, -4, -1.8157749899217608, 4.123105625617661
151, 77, 511, 473, 510, 478, 1, -5, -1.373400766945016, 5.0990195135927845
151, 78, 655, 264, 655, 260, 0, 4, 1.5707963267948966, 4.0
151, 80, 782, 206, 781, 205, 1, 1, 0.7853981633974483, 1.4142135623730951
151, 81, 1043, 192, 1045, 195, -2, -3, -2.158798930342464, 3.605551275463989
151, 82, 711, 339, 711, 343, 0, -4, -1.5707963267948966, 4.0
151, 83, 551, 92, 551, 94, 0, -2, -1.5707963267948966, 2.0
151, 86, 1235, 278, 1234, 277, 1, 1, 0.7853981633974483, 1.4142135623730951
151, 87, 473, 191, 474, 194, -1, -3, -1.892546881191539, 3.1622776601683795
151, 89, 1196, 352, 1195, 348, 1, 4, 1.3258176636680326, 4.123105625617661
151, 91, 490, 136, 491, 138, -1, -2, -2.0344439357957027, 2.23606797749979
151, 92, 1073, 194, 1075, 197, -2, -3, -2.158798930342464, 3.605551275463989
151, 94, 563, 22, 562, 23, 1, -1, -0.7853981633974483, 1.4142135623730951
151, 101, 718, 376, 718, 379, 0, -3, -1.5707963267948966, 3.0
151, 104, 709, 270, 710, 273, -1, -3, -1.892546881191539, 3.1622776601683795
151, 105, 118, 507, 116, 504, 2, 3, 0.982793723247329, 3.605551275463989
151, 106, 1188, 121, 1187, 120, 1, 1, 0.7853981633974483, 1.4142135623730951
151, 108, 143, 597, 141, 596, 2, 1, 0.4636476090008061, 2.23606797749979
151, 109, 374, 341, 375, 339, -1, 2, 2.0344439357957027, 2.23606797749979
151, 112, 855, 345, 854, 349, 1, -4, -1.3258176636680326, 4.123105625617661
151, 114, 850, 414, 850, 417, 0, -3, -1.5707963267948966, 3.0
151, 117, 647, 273, 647, 270, 0, 3, 1.5707963267948966, 3.0
151, 119, 1191, 136, 1190, 134, 1, 2, 1.1071487177940904, 2.23606797749979
151, 123, 840, 454, 840, 457, 0, -3, -1.5707963267948966, 3.0
151, 124, 1171, 222, 1169, 222, 2, 0, 0.0, 2.0
151, 125, 702, 420, 702, 422, 0, -2, -1.5707963267948966, 2.0
151, 126, 783, 13, 783, 15, 0, -2, -1.5707963267948966, 2.0
151, 127, 659, 274, 660, 270, -1, 4, 1.8157749899217608, 4.123105625617661
151, 130, 485, 408, 486, 412, -1, -4, -1.8157749899217608, 4.123105625617661
151, 132, 371, 404, 372, 401, -1, 3, 1.892546881191539, 3.1622776601683795
151, 135, 1191, 171, 1191, 169, 0, 2, 1.5707963267948966, 2.0
151, 136, 1159, 231, 1157, 229, 2, 2, 0.7853981633974483, 2.8284271247461903
151, 137, 614, 146, 614, 144, 0, 2, 1.5707963267948966, 2.0
151, 138, 691, 378, 691, 380, 0, -2, -1.5707963267948966, 2.0
151, 139, 1220, 279, 1219, 277, 1, 2, 1.1071487177940904, 2.23606797749979
151, 140, 109, 570, 107, 569, 2, 1, 0.4636476090008061, 2.23606797749979
151, 141, 113, 502, 111, 499, 2, 3, 0.982793723247329, 3.605551275463989
151, 143, 1053, 184, 1054, 187, -1, -3, -1.892546881191539, 3.1622776601683795
151, 146, 261, 60, 260, 61, 1, -1, -0.7853981633974483, 1.4142135623730951
151, 148, 393, 367, 394, 365, -1, 2, 2.0344439357957027, 2.23606797749979
151, 149, 484, 64, 484, 66, 0, -2, -1.5707963267948966, 2.0
151, 150, 656, 403, 656, 400, 0, 3, 1.5707963267948966, 3.0
151, 151, 834, 367, 834, 372, 0, -5, -1.5707963267948966, 5.0
151, 152, 636, 303, 636, 299, 0, 4, 1.5707963267948966, 4.0
151, 153, 1209, 120, 1207, 118, 2, 2, 0.7853981633974483, 2.8284271247461903
151, 154, 626, 346, 626, 344, 0, 2, 1.5707963267948966, 2.0
151, 157, 369, 444, 368, 441, 1, 3, 1.2490457723982544, 3.1622776601683795
151, 158, 511, 424, 511, 428, 0, -4, -1.5707963267948966, 4.0
151, 161, 390, 537, 394, 535, -4, 2, 2.677945044588987, 4.47213595499958
151, 162, 872, 384, 872, 389, 0, -5, -1.5707963267948966, 5.0
151, 164, 1226, 270, 1225, 268, 1, 2, 1.1071487177940904, 2.23606797749979
151, 165, 731, 317, 732, 321, -1, -4, -1.8157749899217608, 4.123105625617661
151, 167, 375, 431, 375, 429, 0, 2, 1.5707963267948966, 2.0
151, 168, 648, 361, 650, 361, -2, 0, 3.141592653589793, 2.0
151, 169, 1196, 112, 1195, 111, 1, 1, 0.7853981633974483, 1.4142135623730951
152, 0, 859, 358, 858, 362, 1, -4, -1.3258176636680326, 4.123105625617661
152, 3, 589, 22, 588, 24, 1, -2, -1.1071487177940904, 2.23606797749979
152, 5, 496, 415, 497, 419, -1, -4, -1.8157749899217608, 4.123105625617661
152, 6, 848, 355, 847, 359, 1, -4, -1.3258176636680326, 4.123105625617661
152, 7, 507, 436, 509, 440, -2, -4, -2.0344439357957027, 4.47213595499958
152, 8, 152, 584, 149, 585, 3, -1, -0.3217505543966422, 3.1622776601683795
152, 9, 485, 417, 486, 421, -1, -4, -1.8157749899217608, 4.123105625617661
152, 11, 264, 17, 261, 17, 3, 0, 0.0, 3.0
152, 12, 831, 399, 830, 403, 1, -4, -1.3258176636680326, 4.123105625617661
152, 13, 351, 369, 353, 365, -2, 4, 2.0344439357957027, 4.47213595499958
152, 14, 103, 519, 101, 517, 2, 2, 0.7853981633974483, 2.8284271247461903
152, 15, 267, 77, 268, 79, -1, -2, -2.0344439357957027, 2.23606797749979
152, 16, 799, 137, 800, 141, -1, -4, -1.8157749899217608, 4.123105625617661
152, 17, 488, 50, 487, 55, 1, -5, -1.373400766945016, 5.0990195135927845
152, 18, 583, 13, 581, 15, 2, -2, -0.7853981633974483, 2.8284271247461903
152, 19, 171, 57, 172, 56, -1, 1, 2.356194490192345, 1.4142135623730951
152, 21, 404, 481, 404, 476, 0, 5, 1.5707963267948966, 5.0
152, 22, 560, 11, 558, 13, 2, -2, -0.7853981633974483, 2.8284271247461903
152, 24, 260, 73, 259, 74, 1, -1, -0.7853981633974483, 1.4142135623730951
152, 25, 514, 430, 516, 435, -2, -5, -1.9513027039072615, 5.385164807134504
152, 27, 472, 92, 472, 97, 0, -5, -1.5707963267948966, 5.0
152, 28, 479, 490, 476, 491, 3, -1, -0.3217505543966422, 3.1622776601683795
152, 31, 382, 447, 382, 444, 0, 3, 1.5707963267948966, 3.0
152, 32, 792, 217, 790, 213, 2, 4, 1.1071487177940904, 4.47213595499958
152, 34, 476, 101, 476, 105, 0, -4, -1.5707963267948966, 4.0
152, 35, 554, 17, 552, 20, 2, -3, -0.982793723247329, 3.605551275463989
152, 36, 495, 58, 494, 63, 1, -5, -1.373400766945016, 5.0990195135927845
152, 41, 1074, 152, 1076, 157, -2, -5, -1.9513027039072615, 5.385164807134504
152, 42, 263, 24, 260, 25, 3, -1, -0.3217505543966422, 3.1622776601683795
152, 45, 664, 285, 664, 281, 0, 4, 1.5707963267948966, 4.0
152, 47, 1075, 139, 1077, 144, -2, -5, -1.9513027039072615, 5.385164807134504
152, 48, 1064, 152, 1066, 156, -2, -4, -2.0344439357957027, 4.47213595499958
152, 50, 735, 228, 736, 233, -1, -5, -1.7681918866447774, 5.0990195135927845
152, 51, 786, 95, 787, 101, -1, -6, -1.7359450042095235, 6.082762530298219
152, 53, 651, 366, 654, 368, -3, -2, -2.5535900500422257, 3.605551275463989
152, 54, 642, 340, 642, 337, 0, 3, 1.5707963267948966, 3.0
152, 55, 781, 216, 779, 213, 2, 3, 0.982793723247329, 3.605551275463989
152, 56, 627, 440, 627, 437, 0, 3, 1.5707963267948966, 3.0
152, 57, 1225, 73, 1221, 72, 4, 1, 0.24497866312686414, 4.123105625617661
152, 58, 705, 341, 705, 346, 0, -5, -1.5707963267948966, 5.0
152, 60, 621, 100, 622, 97, -1, 3, 1.892546881191539, 3.1622776601683795
152, 61, 1236, 322, 1234, 319, 2, 3, 0.982793723247329, 3.605551275463989
152, 62, 1183, 85, 1180, 84, 3, 1, 0.3217505543966422, 3.1622776601683795
152, 64, 580, 22, 578, 24, 2, -2, -0.7853981633974483, 2.8284271247461903
152, 69, 704, 378, 703, 383, 1, -5, -1.373400766945016, 5.0990195135927845
152, 70, 834, 17, 838, 19, -4, -2, -2.677945044588987, 4.47213595499958
152, 71, 481, 81, 480, 86, 1, -5, -1.373400766945016, 5.0990195135927845
152, 72, 697, 332, 697, 337, 0, -5, -1.5707963267948966, 5.0
152, 73, 802, 119, 801, 123, 1, -4, -1.3258176636680326, 4.123105625617661
152, 74, 463, 101, 464, 106, -1, -5, -1.7681918866447774, 5.0990195135927845
152, 75, 777, 135, 778, 142, -1, -7, -1.7126933813990606, 7.0710678118654755
152, 76, 511, 468, 511, 473, 0, -5, -1.5707963267948966, 5.0
152, 77, 655, 267, 655, 264, 0, 3, 1.5707963267948966, 3.0
152, 79, 784, 209, 782, 206, 2, 3, 0.982793723247329, 3.605551275463989
152, 80, 1041, 188, 1043, 192, -2, -4, -2.0344439357957027, 4.47213595499958
152, 81, 711, 334, 711, 339, 0, -5, -1.5707963267948966, 5.0
152, 82, 552, 89, 551, 92, 1, -3, -1.2490457723982544, 3.1622776601683795
152, 83, 498, 534, 497, 537, 1, -3, -1.2490457723982544, 3.1622776601683795
152, 85, 1237, 282, 1235, 278, 2, 4, 1.1071487177940904, 4.47213595499958
152, 86, 472, 189, 473, 191, -1, -2, -2.0344439357957027, 2.23606797749979
152, 88, 1198, 354, 1196, 352, 2, 2, 0.7853981633974483, 2.8284271247461903
152, 90, 489, 133, 490, 136, -1, -3, -1.892546881191539, 3.1622776601683795
152, 91, 1071, 193, 1073, 194, -2, -1, -2.677945044588987, 2.23606797749979
152, 92, 563, 86, 562, 88, 1, -2, -1.1071487177940904, 2.23606797749979
152, 93, 565, 20, 563, 22, 2, -2, -0.7853981633974483, 2.8284271247461903
152, 97, 1176, 118, 1175, 117, 1, 1, 0.7853981633974483, 1.4142135623730951
152, 100, 717, 373, 718, 376, -1, -3, -1.892546881191539, 3.1622776601683795
152, 103, 710, 266, 709, 270, 1, -4, -1.3258176636680326, 4.123105625617661
152, 104, 119, 510, 118, 507, 1, 3, 1.2490457723982544, 3.1622776601683795
152, 105, 1189, 122, 1188, 121, 1, 1, 0.7853981633974483, 1.4142135623730951
152, 107, 146, 597, 143, 597, 3, 0, 0.0, 3.0
152, 108, 371, 344, 374, 341, -3, 3, 2.356194490192345, 4.242640687119285
152, 109, 766, 251, 765, 253, 1, -2, -1.1071487177940904, 2.23606797749979
152, 110, 1188, 187, 1188, 184, 0, 3, 1.5707963267948966, 3.0
152, 111, 856, 340, 855, 345, 1, -5, -1.373400766945016, 5.0990195135927845
152, 112, 149, 43, 150, 42, -1, 1, 2.356194490192345, 1.4142135623730951
152, 113, 850, 411, 850, 414, 0, -3, -1.5707963267948966, 3.0
152, 115, 150, 554, 148, 553, 2, 1, 0.4636476090008061, 2.23606797749979
152, 116, 648, 276, 647, 273, 1, 3, 1.2490457723982544, 3.1622776601683795
152, 118, 1192, 137, 1191, 136, 1, 1, 0.7853981633974483, 1.4142135623730951
152, 120, 1197, 76, 1194, 75, 3, 1, 0.3217505543966422, 3.1622776601683795
152, 123, 1173, 222, 1171, 222, 2, 0, 0.0, 2.0
152, 124, 702, 418, 702, 420, 0, -2, -1.5707963267948966, 2.0
152, 125, 786, 9, 783, 13, 3, -4, -0.9272952180016122, 5.0
152, 126, 659, 277, 659, 274, 0, 3, 1.5707963267948966, 3.0
152, 129, 483, 404, 485, 408, -2, -4, -2.0344439357957027, 4.47213595499958
152, 131, 370, 406, 371, 404, -1, 2, 2.0344439357957027, 2.23606797749979
152, 134, 1192, 175, 1191, 171, 1, 4, 1.3258176636680326, 4.123105625617661
152, 135, 1163, 232, 1159, 231, 4, 1, 0.24497866312686414, 4.123105625617661
152, 136, 614, 149, 614, 146, 0, 3, 1.5707963267948966, 3.0
152, 137, 692, 376, 691, 378, 1, -2, -1.1071487177940904, 2.23606797749979
152, 138, 1222, 282, 1220, 279, 2, 3, 0.982793723247329, 3.605551275463989
152, 139, 110, 569, 109, 570, 1, -1, -0.7853981633974483, 1.4142135623730951
152, 140, 114, 505, 113, 502, 1, 3, 1.2490457723982544, 3.1622776601683795
152, 142, 1051, 181, 1053, 184, -2, -3, -2.158798930342464, 3.605551275463989
152, 144, 631, 138, 632, 135, -1, 3, 1.892546881191539, 3.1622776601683795
152, 145, 263, 59, 261, 60, 2, -1, -0.4636476090008061, 2.23606797749979
152, 146, 395, 473, 396, 469, -1, 4, 1.8157749899217608, 4.123105625617661
152, 147, 392, 369, 393, 367, -1, 2, 2.0344439357957027, 2.23606797749979
152, 148, 485, 59, 484, 64, 1, -5, -1.373400766945016, 5.0990195135927845
152, 149, 656, 406, 656, 403, 0, 3, 1.5707963267948966, 3.0
152, 150, 832, 363, 834, 367, -2, -4, -2.0344439357957027, 4.47213595499958
152, 151, 636, 307, 636, 303, 0, 4, 1.5707963267948966, 4.0
152, 152, 1211, 122, 1209, 120, 2, 2, 0.7853981633974483, 2.8284271247461903
152, 153, 626, 349, 626, 346, 0, 3, 1.5707963267948966, 3.0
152, 156, 370, 447, 369, 444, 1, 3, 1.2490457723982544, 3.1622776601683795
152, 157, 511, 419, 511, 424, 0, -5, -1.5707963267948966, 5.0
152, 160, 387, 540, 390, 537, -3, 3, 2.356194490192345, 4.242640687119285
152, 161, 873, 378, 872, 384, 1, -6, -1.4056476493802699, 6.082762530298219
152, 162, 941, 12, 940, 13, 1, -1, -0.7853981633974483, 1.4142135623730951
152, 163, 1228, 274, 1226, 270, 2, 4, 1.1071487177940904, 4.47213595499958
152, 164, 730, 314, 731, 317, -1, -3, -1.892546881191539, 3.1622776601683795
152, 166, 375, 433, 375, 431, 0, 2, 1.5707963267948966, 2.0
152, 167, 646, 360, 648, 361, -2, -1, -2.677945044588987, 2.23606797749979
152, 168, 1198, 113, 1196, 112, 2, 1, 0.4636476090008061, 2.23606797749979
153, 0, 860, 354, 859, 358, 1, -4, -1.3258176636680326, 4.123105625617661
153, 3, 495, 410, 496, 415, -1, -5, -1.7681918866447774, 5.0990195135927845
153, 4, 848, 351, 848, 355, 0, -4, -1.5707963267948966, 4.0
153, 5, 506, 432, 507, 436, -1, -4, -1.8157749899217608, 4.123105625617661
153, 7, 484, 413, 485, 417, -1, -4, -1.8157749899217608, 4.123105625617661
153, 9, 268, 17, 264, 17, 4, 0, 0.0, 4.0
153, 10, 831, 395, 831, 399, 0, -4, -1.5707963267948966, 4.0
153, 11, 350, 372, 351, 369, -1, 3, 1.892546881191539, 3.1622776601683795
153, 12, 105, 522, 103, 519, 2, 3, 0.982793723247329, 3.605551275463989
153, 14, 798, 134, 799, 137, -1, -3, -1.892546881191539, 3.1622776601683795
153, 15, 488, 46, 488, 50, 0, -4, -1.5707963267948966, 4.0
153, 17, 170, 58, 171, 57, -1, 1, 2.356194490192345, 1.4142135623730951
153, 19, 405, 486, 404, 481, 1, 5, 1.373400766945016, 5.0990195135927845
153, 23, 512, 426, 514, 430, -2, -4, -2.0344439357957027, 4.47213595499958
153, 25, 471, 88, 472, 92, -1, -4, -1.8157749899217608, 4.123105625617661
153, 26, 482, 488, 479, 490, 3, -2, -0.5880026035475675, 3.605551275463989
153, 29, 383, 451, 382, 447, 1, 4, 1.3258176636680326, 4.123105625617661
153, 30, 793, 220, 792, 217, 1, 3, 1.2490457723982544, 3.1622776601683795
153, 31, 469, 469, 469, 471, 0, -2, -1.5707963267948966, 2.0
153, 32, 475, 97, 476, 101, -1, -4, -1.8157749899217608, 4.123105625617661
153, 34, 495, 55, 495, 58, 0, -3, -1.5707963267948966, 3.0
153, 38, 1073, 148, 1074, 152, -1, -4, -1.8157749899217608, 4.123105625617661
153, 39, 267, 24, 263, 24, 4, 0, 0.0, 4.0
153, 41, 664, 288, 664, 285, 0, 3, 1.5707963267948966, 3.0
153, 43, 1074, 136, 1075, 139, -1, -3, -1.892546881191539, 3.1622776601683795
153, 44, 1063, 149, 1064, 152, -1, -3, -1.892546881191539, 3.1622776601683795
153, 45, 467, 485, 466, 487, 1, -2, -1.1071487177940904, 2.23606797749979
153, 46, 735, 224, 735, 228, 0, -4, -1.5707963267948966, 4.0
153, 47, 785, 91, 786, 95, -1, -4, -1.8157749899217608, 4.123105625617661
153, 49, 649, 365, 651, 366, -2, -1, -2.677945044588987, 2.23606797749979
153, 50, 642, 343, 642, 340, 0, 3, 1.5707963267948966, 3.0
153, 51, 782, 219, 781, 216, 1, 3, 1.2490457723982544, 3.1622776601683795
153, 53, 1227, 73, 1225, 73, 2, 0, 0.0, 2.0
153, 54, 705, 337, 705, 341, 0, -4, -1.5707963267948966, 4.0
153, 55, 620, 102, 621, 100, -1, 2, 2.0344439357957027, 2.23606797749979
153, 56, 1236, 324, 1236, 322, 0, 2, 1.5707963267948966, 2.0
153, 57, 1184, 86, 1183, 85, 1, 1, 0.7853981633974483, 1.4142135623730951
153, 61, 704, 374, 704, 378, 0, -4, -1.5707963267948966, 4.0
153, 62, 832, 16, 834, 17, -2, -1, -2.677945044588987, 2.23606797749979
153, 63, 481, 78, 481, 81, 0, -3, -1.5707963267948966, 3.0
153, 64, 697, 328, 697, 332, 0, -4, -1.5707963267948966, 4.0
153, 65, 802, 116, 802, 119, 0, -3, -1.5707963267948966, 3.0
153, 66, 462, 97, 463, 101, -1, -4, -1.8157749899217608, 4.123105625617661
153, 67, 776, 131, 777, 135, -1, -4, -1.8157749899217608, 4.123105625617661
153, 68, 510, 463, 511, 468, -1, -5, -1.7681918866447774, 5.0990195135927845
153, 69, 655, 270, 655, 267, 0, 3, 1.5707963267948966, 3.0
153, 71, 784, 212, 784, 209, 0, 3, 1.5707963267948966, 3.0
153, 72, 1040, 185, 1041, 188, -1, -3, -1.892546881191539, 3.1622776601683795
153, 73, 710, 330, 711, 334, -1, -4, -1.8157749899217608, 4.123105625617661
153, 74, 552, 87, 552, 89, 0, -2, -1.5707963267948966, 2.0
153, 75, 498, 531, 498, 534, 0, -3, -1.5707963267948966, 3.0
153, 77, 1238, 285, 1237, 282, 1, 3, 1.2490457723982544, 3.1622776601683795
153, 78, 471, 186, 472, 189, -1, -3, -1.892546881191539, 3.1622776601683795
153, 80, 1200, 355, 1198, 354, 2, 1, 0.4636476090008061, 2.23606797749979
153, 82, 488, 130, 489, 133, -1, -3, -1.892546881191539, 3.1622776601683795
153, 83, 1069, 190, 1071, 193, -2, -3, -2.158798930342464, 3.605551275463989
153, 92, 717, 369, 717, 373, 0, -4, -1.5707963267948966, 4.0
153, 95, 710, 262, 710, 266, 0, -4, -1.5707963267948966, 4.0
153, 96, 121, 514, 119, 510, 2, 4, 1.1071487177940904, 4.47213595499958
153, 100, 370, 347, 371, 344, -1, 3, 1.892546881191539, 3.1622776601683795
153, 102, 1188, 189, 1188, 187, 0, 2, 1.5707963267948966, 2.0
153, 103, 856, 336, 856, 340, 0, -4, -1.5707963267948966, 4.0
153, 105, 850, 409, 850, 411, 0, -2, -1.5707963267948966, 2.0
153, 106, 151, 556, 150, 554, 1, 2, 1.1071487177940904, 2.23606797749979
153, 107, 648, 279, 648, 276, 0, 3, 1.5707963267948966, 3.0
153, 109, 1194, 138, 1192, 137, 2, 1, 0.4636476090008061, 2.23606797749979
153, 113, 1175, 222, 1173, 222, 2, 0, 0.0, 2.0
153, 115, 659, 280, 659, 277, 0, 3, 1.5707963267948966, 3.0
153, 118, 482, 399, 483, 404, -1, -5, -1.7681918866447774, 5.0990195135927845
153, 120, 369, 410, 370, 406, -1, 4, 1.8157749899217608, 4.123105625617661
153, 123, 1192, 177, 1192, 175, 0, 2, 1.5707963267948966, 2.0
153, 124, 1165, 232, 1163, 232, 2, 0, 0.0, 2.0
153, 125, 613, 150, 614, 149, -1, 1, 2.356194490192345, 1.4142135623730951
153, 126, 692, 373, 692, 376, 0, -3, -1.5707963267948966, 3.0
153, 127, 1223, 285, 1222, 282, 1, 3, 1.2490457723982544, 3.1622776601683795
153, 128, 111, 570, 110, 569, 1, 1, 0.7853981633974483, 1.4142135623730951
153, 129, 116, 508, 114, 505, 2, 3, 0.982793723247329, 3.605551275463989
153, 130, 488, 30, 489, 32, -1, -2, -2.0344439357957027, 2.23606797749979
153, 131, 1050, 177, 1051, 181, -1, -4, -1.8157749899217608, 4.123105625617661
153, 133, 630, 140, 631, 138, -1, 2, 2.0344439357957027, 2.23606797749979
153, 134, 264, 58, 263, 59, 1, -1, -0.7853981633974483, 1.4142135623730951
153, 135, 395, 477, 395, 473, 0, 4, 1.5707963267948966, 4.0
153, 136, 392, 372, 392, 369, 0, 3, 1.5707963267948966, 3.0
153, 137, 485, 55, 485, 59, 0, -4, -1.5707963267948966, 4.0
153, 138, 656, 408, 656, 406, 0, 2, 1.5707963267948966, 2.0
153, 139, 832, 359, 832, 363, 0, -4, -1.5707963267948966, 4.0
153, 140, 636, 310, 636, 307, 0, 3, 1.5707963267948966, 3.0
153, 142, 626, 353, 626, 349, 0, 4, 1.5707963267948966, 4.0
153, 144, 371, 450, 370, 447, 1, 3, 1.2490457723982544, 3.1622776601683795
153, 145, 509, 415, 511, 419, -2, -4, -2.0344439357957027, 4.47213595499958
153, 148, 386, 542, 387, 540, -1, 2, 2.0344439357957027, 2.23606797749979
153, 149, 873, 374, 873, 378, 0, -4, -1.5707963267948966, 4.0
153, 150, 942, 11, 941, 12, 1, -1, -0.7853981633974483, 1.4142135623730951
153, 151, 1229, 277, 1228, 274, 1, 3, 1.2490457723982544, 3.1622776601683795
153, 152, 729, 312, 730, 314, -1, -2, -2.0344439357957027, 2.23606797749979
153, 154, 376, 436, 375, 433, 1, 3, 1.2490457723982544, 3.1622776601683795
153, 155, 645, 361, 646, 360, -1, 1, 2.356194490192345, 1.4142135623730951
154, 0, 861, 350, 860, 354, 1, -4, -1.3258176636680326, 4.123105625617661
154, 1, 589, 19, 589, 21, 0, -2, -1.5707963267948966, 2.0
154, 2, 494, 405, 495, 410, -1, -5, -1.7681918866447774, 5.0990195135927845
154, 3, 849, 347, 848, 351, 1, -4, -1.3258176636680326, 4.123105625617661
154, 4, 504, 428, 506, 432, -2, -4, -2.0344439357957027, 4.47213595499958
154, 5, 151, 585, 152, 584, -1, 1, 2.356194490192345, 1.4142135623730951
154, 6, 483, 408, 484, 413, -1, -5, -1.7681918866447774, 5.0990195135927845
154, 8, 271, 17, 268, 17, 3, 0, 0.0, 3.0
154, 9, 832, 392, 831, 395, 1, -3, -1.2490457723982544, 3.1622776601683795
154, 10, 349, 375, 350, 372, -1, 3, 1.892546881191539, 3.1622776601683795
154, 11, 107, 525, 105, 522, 2, 3, 0.982793723247329, 3.605551275463989
154, 13, 797, 131, 798, 134, -1, -3, -1.892546881191539, 3.1622776601683795
154, 14, 488, 43, 488, 46, 0, -3, -1.5707963267948966, 3.0
154, 15, 584, 10, 583, 12, 1, -2, -1.1071487177940904, 2.23606797749979
154, 16, 169, 59, 170, 58, -1, 1, 2.356194490192345, 1.4142135623730951
154, 18, 406, 491, 405, 486, 1, 5, 1.373400766945016, 5.0990195135927845
154, 21, 261, 71, 260, 72, 1, -1, -0.7853981633974483, 1.4142135623730951
154, 22, 510, 422, 512, 426, -2, -4, -2.0344439357957027, 4.47213595499958
154, 24, 470, 84, 471, 88, -1, -4, -1.8157749899217608, 4.123105625617661
154, 25, 484, 485, 482, 488, 2, -3, -0.982793723247329, 3.605551275463989
154, 27, 383, 454, 383, 451, 0, 3, 1.5707963267948966, 3.0
154, 28, 794, 223, 793, 220, 1, 3, 1.2490457723982544, 3.1622776601683795
154, 29, 469, 465, 469, 469, 0, -4, -1.5707963267948966, 4.0
154, 30, 474, 93, 475, 97, -1, -4, -1.8157749899217608, 4.123105625617661
154, 32, 495, 51, 495, 55, 0, -4, -1.5707963267948966, 4.0
154, 34, 1071, 145, 1073, 148, -2, -3, -2.158798930342464, 3.605551275463989
154, 35, 271, 24, 267, 24, 4, 0, 0.0, 4.0
154, 37, 664, 291, 664, 288, 0, 3, 1.5707963267948966, 3.0
154, 39, 1072, 133, 1074, 136, -2, -3, -2.158798930342464, 3.605551275463989
154, 40, 1061, 147, 1063, 149, -2, -2, -2.356194490192345, 2.8284271247461903
154, 41, 468, 482, 467, 485, 1, -3, -1.2490457723982544, 3.1622776601683795
154, 42, 735, 220, 735, 224, 0, -4, -1.5707963267948966, 4.0
154, 43, 785, 88, 785, 91, 0, -3, -1.5707963267948966, 3.0
154, 44, 648, 367, 649, 365, -1, 2, 2.0344439357957027, 2.23606797749979
154, 45, 641, 346, 642, 343, -1, 3, 1.892546881191539, 3.1622776601683795
154, 46, 783, 222, 782, 219, 1, 3, 1.2490457723982544, 3.1622776601683795
154, 48, 1229, 73, 1227, 73, 2, 0, 0.0, 2.0
154, 49, 704, 333, 705, 337, -1, -4, -1.8157749899217608, 4.123105625617661
154, 50, 620, 104, 620, 102, 0, 2, 1.5707963267948966, 2.0
154, 51, 1236, 327, 1236, 324, 0, 3, 1.5707963267948966, 3.0
154, 52, 1185, 87, 1184, 86, 1, 1, 0.7853981633974483, 1.4142135623730951
154, 53, 580, 19, 580, 21, 0, -2, -1.5707963267948966, 2.0
154, 55, 704, 370, 704, 374, 0, -4, -1.5707963267948966, 4.0
154, 56, 830, 15, 832, 16, -2, -1, -2.677945044588987, 2.23606797749979
154, 57, 481, 74, 481, 78, 0, -4, -1.5707963267948966, 4.0
154, 58, 696, 324, 697, 328, -1, -4, -1.8157749899217608, 4.123105625617661
154, 59, 802, 113, 802, 116, 0, -3, -1.5707963267948966, 3.0
154, 60, 461, 93, 462, 97, -1, -4, -1.8157749899217608, 4.123105625617661
154, 61, 775, 127, 776, 131, -1, -4, -1.8157749899217608, 4.123105625617661
154, 62, 509, 458, 510, 463, -1, -5, -1.7681918866447774, 5.0990195135927845
154, 63, 655, 273, 655, 270, 0, 3, 1.5707963267948966, 3.0
154, 64, 785, 215, 784, 212, 1, 3, 1.2490457723982544, 3.1622776601683795
154, 65, 1039, 182, 1040, 185, -1, -3, -1.892546881191539, 3.1622776601683795
154, 66, 709, 326, 710, 330, -1, -4, -1.8157749899217608, 4.123105625617661
154, 67, 552, 85, 552, 87, 0, -2, -1.5707963267948966, 2.0
154, 68, 498, 527, 498, 531, 0, -4, -1.5707963267948966, 4.0
154, 70, 1238, 289, 1238, 285, 0, 4, 1.5707963267948966, 4.0
154, 71, 470, 183, 471, 186, -1, -3, -1.892546881191539, 3.1622776601683795
154, 73, 1202, 358, 1200, 355, 2, 3, 0.982793723247329, 3.605551275463989
154, 75, 487, 127, 488, 130, -1, -3, -1.892546881191539, 3.1622776601683795
154, 76, 1065, 188, 1069, 190, -4, -2, -2.677945044588987, 4.47213595499958
154, 82, 716, 366, 717, 369, -1, -3, -1.892546881191539, 3.1622776601683795
154, 83, 710, 257, 710, 262, 0, -5, -1.5707963267948966, 5.0
154, 84, 122, 517, 121, 514, 1, 3, 1.2490457723982544, 3.1622776601683795
154, 87, 369, 350, 370, 347, -1, 3, 1.892546881191539, 3.1622776601683795
154, 89, 1187, 190, 1188, 189, -1, 1, 2.356194490192345, 1.4142135623730951
154, 90, 857, 332, 856, 336, 1, -4, -1.3258176636680326, 4.123105625617661
154, 91, 147, 44, 148, 43, -1, 1, 2.356194490192345, 1.4142135623730951
154, 92, 850, 406, 850, 409, 0, -3, -1.5707963267948966, 3.0
154, 93, 152, 558, 151, 556, 1, 2, 1.1071487177940904, 2.23606797749979
154, 94, 648, 282, 648, 279, 0, 3, 1.5707963267948966, 3.0
154, 96, 1195, 140, 1194, 138, 1, 2, 1.1071487177940904, 2.23606797749979
154, 98, 1199, 77, 1198, 76, 1, 1, 0.7853981633974483, 1.4142135623730951
154, 100, 1175, 224, 1175, 222, 0, 2, 1.5707963267948966, 2.0
154, 102, 659, 283, 659, 280, 0, 3, 1.5707963267948966, 3.0
154, 105, 481, 394, 482, 399, -1, -5, -1.7681918866447774, 5.0990195135927845
154, 107, 368, 414, 369, 410, -1, 4, 1.8157749899217608, 4.123105625617661
154, 110, 1191, 179, 1192, 177, -1, 2, 2.0344439357957027, 2.23606797749979
154, 111, 1165, 234, 1165, 232, 0, 2, 1.5707963267948966, 2.0
154, 112, 612, 151, 613, 150, -1, 1, 2.356194490192345, 1.4142135623730951
154, 113, 692, 370, 692, 373, 0, -3, -1.5707963267948966, 3.0
154, 114, 1223, 288, 1223, 285, 0, 3, 1.5707963267948966, 3.0
154, 115, 112, 572, 111, 570, 1, 2, 1.1071487177940904, 2.23606797749979
154, 116, 117, 511, 116, 508, 1, 3, 1.2490457723982544, 3.1622776601683795
154, 117, 487, 28, 488, 30, -1, -2, -2.0344439357957027, 2.23606797749979
154, 118, 1049, 174, 1050, 177, -1, -3, -1.892546881191539, 3.1622776601683795
154, 120, 629, 143, 630, 140, -1, 3, 1.892546881191539, 3.1622776601683795
154, 121, 265, 57, 264, 58, 1, -1, -0.7853981633974483, 1.4142135623730951
154, 122, 396, 482, 395, 477, 1, 5, 1.373400766945016, 5.0990195135927845
154, 123, 391, 375, 392, 372, -1, 3, 1.892546881191539, 3.1622776601683795
154, 124, 485, 52, 485, 55, 0, -3, -1.5707963267948966, 3.0
154, 125, 655, 410, 656, 408, -1, 2, 2.0344439357957027, 2.23606797749979
154, 126, 832, 355, 832, 359, 0, -4, -1.5707963267948966, 4.0
154, 127, 635, 313, 636, 310, -1, 3, 1.892546881191539, 3.1622776601683795
154, 128, 1213, 123, 1212, 122, 1, 1, 0.7853981633974483, 1.4142135623730951
154, 129, 626, 357, 626, 353, 0, 4, 1.5707963267948966, 4.0
154, 130, 371, 453, 371, 450, 0, 3, 1.5707963267948966, 3.0
154, 131, 507, 411, 509, 415, -2, -4, -2.0344439357957027, 4.47213595499958
154, 133, 873, 370, 873, 374, 0, -4, -1.5707963267948966, 4.0
154, 135, 1229, 281, 1229, 277, 0, 4, 1.5707963267948966, 4.0
154, 136, 728, 310, 729, 312, -1, -2, -2.0344439357957027, 2.23606797749979
154, 138, 377, 439, 376, 436, 1, 3, 1.2490457723982544, 3.1622776601683795
154, 139, 644, 363, 645, 361, -1, 2, 2.0344439357957027, 2.23606797749979
155, 0, 498, 409, 499, 413, -1, -4, -1.8157749899217608, 4.123105625617661
155, 2, 861, 354, 860, 358, 1, -4, -1.3258176636680326, 4.123105625617661
155, 4, 591, 22, 591, 24, 0, -2, -1.5707963267948966, 2.0
155, 5, 849, 353, 848, 357, 1, -4, -1.3258176636680326, 4.123105625617661
155, 6, 485, 413, 486, 417, -1, -4, -1.8157749899217608, 4.123105625617661
155, 7, 109, 527, 107, 524, 2, 3, 0.982793723247329, 3.605551275463989
155, 8, 488, 48, 489, 52, -1, -4, -1.8157749899217608, 4.123105625617661
155, 9, 408, 490, 407, 485, 1, 5, 1.373400766945016, 5.0990195135927845
155, 10, 268, 18, 265, 18, 3, 0, 0.0, 3.0
155, 11, 832, 369, 831, 374, 1, -5, -1.373400766945016, 5.0990195135927845
155, 12, 370, 438, 371, 435, -1, 3, 1.892546881191539, 3.1622776601683795
155, 13, 837, 376, 836, 380, 1, -4, -1.3258176636680326, 4.123105625617661
155, 14, 357, 380, 358, 378, -1, 2, 2.0344439357957027, 2.23606797749979
155, 15, 172, 618, 170, 616, 2, 2, 0.7853981633974483, 2.8284271247461903
155, 16, 584, 12, 584, 14, 0, -2, -1.5707963267948966, 2.0
155, 17, 794, 223, 794, 219, 0, 4, 1.5707963267948966, 4.0
155, 19, 1045, 189, 1046, 192, -1, -3, -1.892546881191539, 3.1622776601683795
155, 20, 513, 425, 514, 429, -1, -4, -1.8157749899217608, 4.123105625617661
155, 22, 171, 61, 172, 59, -1, 2, 2.0344439357957027, 2.23606797749979
155, 23, 836, 401, 835, 404, 1, -3, -1.2490457723982544, 3.1622776601683795
155, 26, 624, 104, 624, 102, 0, 2, 1.5707963267948966, 2.0
155, 27, 384, 452, 384, 449, 0, 3, 1.5707963267948966, 3.0
155, 28, 509, 431, 510, 435, -1, -4, -1.8157749899217608, 4.123105625617661
155, 31, 1261, 236, 1275, 234, -14, 2, 2.999695598985629, 14.142135623730951
155, 32, 1076, 141, 1078, 144, -2, -3, -2.158798930342464, 3.605551275463989
155, 34, 468, 90, 469, 94, -1, -4, -1.8157749899217608, 4.123105625617661
155, 35, 267, 27, 264, 27, 3, 0, 0.0, 3.0
155, 36, 1075, 153, 1077, 156, -2, -3, -2.158798930342464, 3.605551275463989
155, 38, 580, 22, 580, 24, 0, -2, -1.5707963267948966, 2.0
155, 39, 463, 101, 464, 104, -1, -3, -1.892546881191539, 3.1622776601683795
155, 40, 1237, 287, 1237, 283, 0, 4, 1.5707963267948966, 4.0
155, 41, 840, 454, 840, 457, 0, -3, -1.5707963267948966, 3.0
155, 42, 710, 250, 710, 255, 0, -5, -1.5707963267948966, 5.0
155, 43, 294, 75, 291, 77, 3, -2, -0.5880026035475675, 3.605551275463989
155, 44, 275, 61, 273, 63, 2, -2, -0.7853981633974483, 2.8284271247461903
155, 45, 664, 287, 665, 285, -1, 2, 2.0344439357957027, 2.23606797749979
155, 46, 1226, 74, 1224, 74, 2, 0, 0.0, 2.0
155, 47, 475, 99, 476, 103, -1, -4, -1.8157749899217608, 4.123105625617661
155, 48, 1056, 201, 1057, 203, -1, -2, -2.0344439357957027, 2.23606797749979
155, 49, 706, 342, 707, 346, -1, -4, -1.8157749899217608, 4.123105625617661
155, 50, 494, 57, 495, 61, -1, -4, -1.8157749899217608, 4.123105625617661
155, 51, 789, 96, 789, 99, 0, -3, -1.5707963267948966, 3.0
155, 52, 125, 518, 124, 515, 1, 3, 1.2490457723982544, 3.1622776601683795
155, 53, 834, 16, 836, 17, -2, -1, -2.677945044588987, 2.23606797749979
155, 55, 1064, 153, 1066, 155, -2, -2, -2.356194490192345, 2.8284271247461903
155, 56, 480, 486, 480, 490, 0, -4, -1.5707963267948966, 4.0
155, 58, 697, 333, 698, 337, -1, -4, -1.8157749899217608, 4.123105625617661
155, 59, 1184, 87, 1183, 86, 1, 1, 0.7853981633974483, 1.4142135623730951
155, 60, 795, 296, 794, 294, 1, 2, 1.1071487177940904, 2.23606797749979
155, 62, 553, 18, 553, 20, 0, -2, -1.5707963267948966, 2.0
155, 63, 737, 228, 738, 231, -1, -3, -1.892546881191539, 3.1622776601683795
155, 64, 651, 271, 651, 269, 0, 2, 1.5707963267948966, 2.0
155, 65, 703, 421, 703, 423, 0, -2, -1.5707963267948966, 2.0
155, 66, 781, 222, 780, 219, 1, 3, 1.2490457723982544, 3.1622776601683795
155, 67, 610, 403, 611, 402, -1, 1, 2.356194490192345, 1.4142135623730951
155, 69, 564, 19, 564, 21, 0, -2, -1.5707963267948966, 2.0
155, 71, 803, 119, 803, 121, 0, -2, -1.5707963267948966, 2.0
155, 72, 371, 452, 371, 450, 0, 2, 1.5707963267948966, 2.0
155, 74, 490, 31, 491, 33, -1, -2, -2.0344439357957027, 2.23606797749979
155, 75, 798, 254, 798, 251, 0, 3, 1.5707963267948966, 3.0
155, 76, 1236, 327, 1236, 323, 0, 4, 1.5707963267948966, 4.0
155, 81, 510, 465, 511, 470, -1, -5, -1.7681918866447774, 5.0990195135927845
155, 82, 791, 216, 790, 212, 1, 4, 1.3258176636680326, 4.123105625617661
155, 83, 151, 69, 152, 68, -1, 1, 2.356194490192345, 1.4142135623730951
155, 84, 711, 334, 712, 338, -1, -4, -1.8157749899217608, 4.123105625617661
155, 85, 352, 372, 353, 370, -1, 2, 2.0344439357957027, 2.23606797749979
155, 88, 482, 82, 482, 85, 0, -3, -1.5707963267948966, 3.0
155, 89, 648, 279, 649, 277, -1, 2, 2.0344439357957027, 2.23606797749979
155, 90, 498, 123, 498, 125, 0, -2, -1.5707963267948966, 2.0
155, 91, 1222, 287, 1222, 283, 0, 4, 1.5707963267948966, 4.0
155, 92, 803, 136, 803, 139, 0, -3, -1.5707963267948966, 3.0
155, 95, 857, 338, 856, 343, 1, -5, -1.373400766945016, 5.0990195135927845
155, 96, 1185, 187, 1186, 186, -1, 1, 2.356194490192345, 1.4142135623730951
155, 97, 631, 143, 632, 141, -1, 2, 2.0344439357957027, 2.23606797749979
155, 98, 841, 28, 843, 29, -2, -1, -2.677945044588987, 2.23606797749979
155, 99, 172, 89, 173, 88, -1, 1, 2.356194490192345, 1.4142135623730951
155, 101, 1193, 176, 1193, 174, 0, 2, 1.5707963267948966, 2.0
155, 104, 388, 384, 389, 381, -1, 3, 1.892546881191539, 3.1622776601683795
155, 106, 622, 180, 624, 180, -2, 0, 3.141592653589793, 2.0
155, 107, 399, 483, 398, 477, 1, 6, 1.4056476493802699, 6.082762530298219
155, 108, 508, 414, 509, 418, -1, -4, -1.8157749899217608, 4.123105625617661
155, 110, 473, 487, 472, 491, 1, -4, -1.3258176636680326, 4.123105625617661
155, 111, 991, 14, 988, 13, 3, 1, 0.3217505543966422, 3.1622776601683795
155, 112, 756, 17, 756, 19, 0, -2, -1.5707963267948966, 2.0
155, 114, 661, 281, 661, 279, 0, 2, 1.5707963267948966, 2.0
155, 115, 618, 142, 619, 140, -1, 2, 2.0344439357957027, 2.23606797749979
155, 116, 374, 349, 375, 346, -1, 3, 1.892546881191539, 3.1622776601683795
155, 117, 613, 151, 614, 149, -1, 2, 2.0344439357957027, 2.23606797749979
155, 118, 144, 14, 145, 13, -1, 1, 2.356194490192345, 1.4142135623730951
155, 119, 628, 467, 629, 463, -1, 4, 1.8157749899217608, 4.123105625617661
155, 121, 627, 356, 627, 352, 0, 4, 1.5707963267948966, 4.0
155, 123, 786, 146, 786, 148, 0, -2, -1.5707963267948966, 2.0
155, 125, 1165, 233, 1165, 231, 0, 2, 1.5707963267948966, 2.0
155, 126, 481, 105, 482, 109, -1, -4, -1.8157749899217608, 4.123105625617661
155, 127, 485, 57, 486, 61, -1, -4, -1.8157749899217608, 4.123105625617661
155, 128, 360, 340, 361, 337, -1, 3, 1.892546881191539, 3.1622776601683795
155, 129, 869, 361, 868, 365, 1, -4, -1.3258176636680326, 4.123105625617661
155, 131, 484, 399, 485, 404, -1, -5, -1.7681918866447774, 5.0990195135927845
155, 133, 360, 505, 360, 501, 0, 4, 1.5707963267948966, 4.0
155, 134, 1199, 134, 1198, 132, 1, 2, 1.1071487177940904, 2.23606797749979
155, 135, 120, 513, 119, 510, 1, 3, 1.2490457723982544, 3.1622776601683795
155, 137, 1192, 138, 1191, 136, 1, 2, 1.1071487177940904, 2.23606797749979
155, 138, 154, 20, 155, 19, -1, 1, 2.356194490192345, 1.4142135623730951
155, 139, 470, 178, 471, 181, -1, -3, -1.892546881191539, 3.1622776601683795
155, 140, 477, 179, 478, 181, -1, -2, -2.0344439357957027, 2.23606797749979
156, 0, 497, 405, 498, 409, -1, -4, -1.8157749899217608, 4.123105625617661
156, 1, 862, 350, 861, 354, 1, -4, -1.3258176636680326, 4.123105625617661
156, 2, 591, 19, 591, 22, 0, -3, -1.5707963267948966, 3.0
156, 3, 850, 349, 849, 353, 1, -4, -1.3258176636680326, 4.123105625617661
156, 4, 484, 409, 485, 413, -1, -4, -1.8157749899217608, 4.123105625617661
156, 5, 111, 530, 109, 527, 2, 3, 0.982793723247329, 3.605551275463989
156, 6, 487, 44, 488, 48, -1, -4, -1.8157749899217608, 4.123105625617661
156, 7, 408, 494, 408, 490, 0, 4, 1.5707963267948966, 4.0
156, 8, 271, 17, 268, 18, 3, -1, -0.3217505543966422, 3.1622776601683795
156, 9, 832, 364, 832, 369, 0, -5, -1.5707963267948966, 5.0
156, 10, 370, 441, 370, 438, 0, 3, 1.5707963267948966, 3.0
156, 11, 838, 371, 837, 376, 1, -5, -1.373400766945016, 5.0990195135927845
156, 12, 355, 382, 357, 380, -2, 2, 2.356194490192345, 2.8284271247461903
156, 13, 171, 621, 172, 618, -1, 3, 1.892546881191539, 3.1622776601683795
156, 14, 584, 9, 584, 12, 0, -3, -1.5707963267948966, 3.0
156, 15, 795, 226, 794, 223, 1, 3, 1.2490457723982544, 3.1622776601683795
156, 16, 1044, 187, 1045, 189, -1, -2, -2.0344439357957027, 2.23606797749979
156, 17, 512, 422, 513, 425, -1, -3, -1.892546881191539, 3.1622776601683795
156, 18, 170, 62, 171, 61, -1, 1, 2.356194490192345, 1.4142135623730951
156, 19, 837, 398, 836, 401, 1, -3, -1.2490457723982544, 3.1622776601683795
156, 20, 267, 76, 266, 77, 1, -1, -0.7853981633974483, 1.4142135623730951
156, 21, 623, 106, 624, 104, -1, 2, 2.0344439357957027, 2.23606797749979
156, 22, 384, 455, 384, 452, 0, 3, 1.5707963267948966, 3.0
156, 23, 508, 428, 509, 431, -1, -3, -1.892546881191539, 3.1622776601683795
156, 25, 1074, 138, 1076, 141, -2, -3, -2.158798930342464, 3.605551275463989
156, 27, 467, 87, 468, 90, -1, -3, -1.892546881191539, 3.1622776601683795
156, 28, 270, 26, 267, 27, 3, -1, -0.3217505543966422, 3.1622776601683795
156, 29, 1073, 150, 1075, 153, -2, -3, -2.158798930342464, 3.605551275463989
156, 30, 580, 20, 580, 22, 0, -2, -1.5707963267948966, 2.0
156, 31, 462, 98, 463, 101, -1, -3, -1.892546881191539, 3.1622776601683795
156, 32, 1236, 291, 1237, 287, -1, 4, 1.8157749899217608, 4.123105625617661
156, 33, 839, 448, 840, 454, -1, -6, -1.7359450042095235, 6.082762530298219
156, 34, 710, 245, 710, 250, 0, -5, -1.5707963267948966, 5.0
156, 35, 296, 75, 294, 75, 2, 0, 0.0, 2.0
156, 36, 277, 59, 275, 61, 2, -2, -0.7853981633974483, 2.8284271247461903
156, 37, 664, 289, 664, 287, 0, 2, 1.5707963267948966, 2.0
156, 39, 474, 96, 475, 99, -1, -3, -1.892546881191539, 3.1622776601683795
156, 40, 1055, 199, 1056, 201, -1, -2, -2.0344439357957027, 2.23606797749979
156, 41, 705, 337, 706, 342, -1, -5, -1.7681918866447774, 5.0990195135927845
156, 42, 493, 53, 494, 57, -1, -4, -1.8157749899217608, 4.123105625617661
156, 43, 789, 93, 789, 96, 0, -3, -1.5707963267948966, 3.0
156, 44, 126, 521, 125, 518, 1, 3, 1.2490457723982544, 3.1622776601683795
156, 45, 832, 15, 834, 16, -2, -1, -2.677945044588987, 2.23606797749979
156, 47, 1062, 151, 1064, 153, -2, -2, -2.356194490192345, 2.8284271247461903
156, 48, 480, 481, 480, 486, 0, -5, -1.5707963267948966, 5.0
156, 49, 581, 92, 581, 94, 0, -2, -1.5707963267948966, 2.0
156, 50, 696, 328, 697, 333, -1, -5, -1.7681918866447774, 5.0990195135927845
156, 52, 795, 299, 795, 296, 0, 3, 1.5707963267948966, 3.0
156, 53, 1210, 375, 1209, 374, 1, 1, 0.7853981633974483, 1.4142135623730951
156, 55, 737, 225, 737, 228, 0, -3, -1.5707963267948966, 3.0
156, 56, 651, 273, 651, 271, 0, 2, 1.5707963267948966, 2.0
156, 57, 703, 418, 703, 421, 0, -3, -1.5707963267948966, 3.0
156, 58, 782, 225, 781, 222, 1, 3, 1.2490457723982544, 3.1622776601683795
156, 59, 609, 404, 610, 403, -1, 1, 2.356194490192345, 1.4142135623730951
156, 61, 802, 117, 803, 119, -1, -2, -2.0344439357957027, 2.23606797749979
156, 62, 371, 454, 371, 452, 0, 2, 1.5707963267948966, 2.0
156, 63, 490, 29, 490, 31, 0, -2, -1.5707963267948966, 2.0
156, 64, 798, 257, 798, 254, 0, 3, 1.5707963267948966, 3.0
156, 65, 1236, 331, 1236, 327, 0, 4, 1.5707963267948966, 4.0
156, 69, 508, 461, 510, 465, -2, -4, -2.0344439357957027, 4.47213595499958
156, 70, 792, 219, 791, 216, 1, 3, 1.2490457723982544, 3.1622776601683795
156, 72, 710, 329, 711, 334, -1, -5, -1.7681918866447774, 5.0990195135927845
156, 73, 351, 374, 352, 372, -1, 2, 2.0344439357957027, 2.23606797749979
156, 75, 481, 79, 482, 82, -1, -3, -1.892546881191539, 3.1622776601683795
156, 76, 648, 281, 648, 279, 0, 2, 1.5707963267948966, 2.0
156, 77, 497, 121, 498, 123, -1, -2, -2.0344439357957027, 2.23606797749979
156, 78, 1222, 291, 1222, 287, 0, 4, 1.5707963267948966, 4.0
156, 79, 802, 133, 803, 136, -1, -3, -1.892546881191539, 3.1622776601683795
156, 81, 858, 333, 857, 338, 1, -5, -1.373400766945016, 5.0990195135927845
156, 82, 1184, 188, 1185, 187, -1, 1, 2.356194490192345, 1.4142135623730951
156, 83, 630, 144, 631, 143, -1, 1, 2.356194490192345, 1.4142135623730951
156, 84, 839, 27, 841, 28, -2, -1, -2.677945044588987, 2.23606797749979
156, 85, 170, 89, 172, 89, -2, 0, 3.141592653589793, 2.0
156, 89, 387, 387, 388, 384, -1, 3, 1.892546881191539, 3.1622776601683795
156, 91, 400, 489, 399, 483, 1, 6, 1.4056476493802699, 6.082762530298219
156, 92, 507, 409, 508, 414, -1, -5, -1.7681918866447774, 5.0990195135927845
156, 94, 473, 482, 473, 487, 0, -5, -1.5707963267948966, 5.0
156, 95, 993, 15, 991, 14, 2, 1, 0.4636476090008061, 2.23606797749979
156, 96, 757, 13, 756, 17, 1, -4, -1.3258176636680326, 4.123105625617661
156, 97, 661, 283, 661, 281, 0, 2, 1.5707963267948966, 2.0
156, 98, 617, 144, 618, 142, -1, 2, 2.0344439357957027, 2.23606797749979
156, 99, 372, 352, 374, 349, -2, 3, 2.158798930342464, 3.605551275463989
156, 100, 612, 152, 613, 151, -1, 1, 2.356194490192345, 1.4142135623730951
156, 102, 628, 471, 628, 467, 0, 4, 1.5707963267948966, 4.0
156, 104, 626, 360, 627, 356, -1, 4, 1.8157749899217608, 4.123105625617661
156, 106, 786, 144, 786, 146, 0, -2, -1.5707963267948966, 2.0
156, 108, 480, 101, 481, 105, -1, -4, -1.8157749899217608, 4.123105625617661
156, 109, 484, 53, 485, 57, -1, -4, -1.8157749899217608, 4.123105625617661
156, 110, 359, 344, 360, 340, -1, 4, 1.8157749899217608, 4.123105625617661
156, 111, 870, 356, 869, 361, 1, -5, -1.373400766945016, 5.0990195135927845
156, 113, 483, 394, 484, 399, -1, -5, -1.7681918866447774, 5.0990195135927845
156, 114, 360, 508, 360, 505, 0, 3, 1.5707963267948966, 3.0
156, 115, 1200, 136, 1199, 134, 1, 2, 1.1071487177940904, 2.23606797749979
156, 116, 121, 516, 120, 513, 1, 3, 1.2490457723982544, 3.1622776601683795
156, 118, 1192, 140, 1192, 138, 0, 2, 1.5707963267948966, 2.0
156, 120, 469, 175, 470, 178, -1, -3, -1.892546881191539, 3.1622776601683795
156, 121, 476, 177, 477, 179, -1, -2, -2.0344439357957027, 2.23606797749979
157, 0, 497, 401, 497, 405, 0, -4, -1.5707963267948966, 4.0
157, 1, 863, 347, 862, 350, 1, -3, -1.2490457723982544, 3.1622776601683795
157, 2, 592, 14, 591, 19, 1, -5, -1.373400766945016, 5.0990195135927845
157, 3, 850, 345, 850, 349, 0, -4, -1.5707963267948966, 4.0
157, 4, 484, 405, 484, 409, 0, -4, -1.5707963267948966, 4.0
157, 5, 113, 532, 111, 530, 2, 2, 0.7853981633974483, 2.8284271247461903
157, 6, 486, 40, 487, 44, -1, -4, -1.8157749899217608, 4.123105625617661
157, 7, 407, 499, 408, 494, -1, 5, 1.7681918866447774, 5.0990195135927845
157, 8, 275, 16, 271, 17, 4, -1, -0.24497866312686414, 4.123105625617661
157, 9, 832, 359, 832, 364, 0, -5, -1.5707963267948966, 5.0
157, 11, 839, 366, 838, 371, 1, -5, -1.373400766945016, 5.0990195135927845
157, 12, 352, 386, 355, 382, -3, 4, 2.214297435588181, 5.0
157, 13, 166, 620, 171, 621, -5, -1, -2.9441970937399127, 5.0990195135927845
157, 14, 796, 229, 795, 226, 1, 3, 1.2490457723982544, 3.1622776601683795
157, 15, 1042, 184, 1044, 187, -2, -3, -2.158798930342464, 3.605551275463989
157, 17, 169, 65, 170, 62, -1, 3, 1.892546881191539, 3.1622776601683795
157, 18, 838, 396, 837, 398, 1, -2, -1.1071487177940904, 2.23606797749979
157, 19, 269, 75, 267, 76, 2, -1, -0.4636476090008061, 2.23606797749979
157, 20, 623, 110, 623, 106, 0, 4, 1.5707963267948966, 4.0
157, 21, 383, 459, 384, 455, -1, 4, 1.8157749899217608, 4.123105625617661
157, 23, 1070, 134, 1074, 138, -4, -4, -2.356194490192345, 5.656854249492381
157, 25, 465, 82, 467, 87, -2, -5, -1.9513027039072615, 5.385164807134504
157, 26, 273, 26, 270, 26, 3, 0, 0.0, 3.0
157, 27, 1069, 146, 1073, 150, -4, -4, -2.356194490192345, 5.656854249492381
157, 28, 581, 16, 580, 20, 1, -4, -1.3258176636680326, 4.123105625617661
157, 29, 460, 93, 462, 98, -2, -5, -1.9513027039072615, 5.385164807134504
157, 30, 1235, 294, 1236, 291, -1, 3, 1.892546881191539, 3.1622776601683795
157, 31, 839, 439, 839, 448, 0, -9, -1.5707963267948966, 9.0
157, 32, 709, 241, 710, 245, -1, -4, -1.8157749899217608, 4.123105625617661
157, 33, 299, 75, 296, 75, 3, 0, 0.0, 3.0
157, 34, 280, 58, 277, 59, 3, -1, -0.3217505543966422, 3.1622776601683795
157, 35, 663, 292, 664, 289, -1, 3, 1.892546881191539, 3.1622776601683795
157, 36, 1230, 75, 1227, 74, 3, 1, 0.3217505543966422, 3.1622776601683795
157, 37, 473, 91, 474, 96, -1, -5, -1.7681918866447774, 5.0990195135927845
157, 38, 1053, 197, 1055, 199, -2, -2, -2.356194490192345, 2.8284271247461903
157, 39, 704, 333, 705, 337, -1, -4, -1.8157749899217608, 4.123105625617661
157, 40, 492, 48, 493, 53, -1, -5, -1.7681918866447774, 5.0990195135927845
157, 41, 789, 89, 789, 93, 0, -4, -1.5707963267948966, 4.0
157, 42, 127, 524, 126, 521, 1, 3, 1.2490457723982544, 3.1622776601683795
157, 43, 829, 13, 832, 15, -3, -2, -2.5535900500422257, 3.605551275463989
157, 44, 1178, 121, 1177, 120, 1, 1, 0.7853981633974483, 1.4142135623730951
157, 45, 1058, 148, 1062, 151, -4, -3, -2.498091544796509, 5.0
157, 46, 481, 477, 480, 481, 1, -4, -1.3258176636680326, 4.123105625617661
157, 47, 580, 89, 581, 92, -1, -3, -1.892546881191539, 3.1622776601683795
157, 48, 696, 324, 696, 328, 0, -4, -1.5707963267948966, 4.0
157, 49, 1188, 88, 1185, 87, 3, 1, 0.3217505543966422, 3.1622776601683795
157, 50, 794, 301, 795, 299, -1, 2, 2.0344439357957027, 2.23606797749979
157, 51, 1213, 375, 1210, 375, 3, 0, 0.0, 3.0
157, 52, 553, 14, 553, 17, 0, -3, -1.5707963267948966, 3.0
157, 53, 736, 220, 737, 225, -1, -5, -1.7681918866447774, 5.0990195135927845
157, 54, 650, 277, 651, 273, -1, 4, 1.8157749899217608, 4.123105625617661
157, 55, 703, 410, 703, 418, 0, -8, -1.5707963267948966, 8.0
157, 56, 784, 227, 782, 225, 2, 2, 0.7853981633974483, 2.8284271247461903
157, 57, 608, 408, 609, 404, -1, 4, 1.8157749899217608, 4.123105625617661
157, 58, 564, 16, 564, 18, 0, -2, -1.5707963267948966, 2.0
157, 59, 801, 113, 802, 117, -1, -4, -1.8157749899217608, 4.123105625617661
157, 60, 370, 458, 371, 454, -1, 4, 1.8157749899217608, 4.123105625617661
157, 61, 489, 27, 490, 29, -1, -2, -2.0344439357957027, 2.23606797749979
157, 62, 800, 261, 798, 257, 2, 4, 1.1071487177940904, 4.47213595499958
157, 63, 1239, 333, 1236, 331, 3, 2, 0.5880026035475675, 3.605551275463989
157, 65, 562, 85, 562, 87, 0, -2, -1.5707963267948966, 2.0
157, 66, 954, 19, 952, 18, 2, 1, 0.4636476090008061, 2.23606797749979
157, 67, 505, 459, 508, 461, -3, -2, -2.5535900500422257, 3.605551275463989
157, 68, 794, 222, 792, 219, 2, 3, 0.982793723247329, 3.605551275463989
157, 69, 149, 71, 150, 69, -1, 2, 2.0344439357957027, 2.23606797749979
157, 70, 708, 325, 710, 329, -2, -4, -2.0344439357957027, 4.47213595499958
157, 71, 349, 378, 351, 374, -2, 4, 2.0344439357957027, 4.47213595499958
157, 72, 480, 74, 481, 79, -1, -5, -1.7681918866447774, 5.0990195135927845
157, 73, 647, 284, 648, 281, -1, 3, 1.892546881191539, 3.1622776601683795
157, 74, 496, 118, 497, 121, -1, -3, -1.892546881191539, 3.1622776601683795
157, 75, 1223, 294, 1222, 291, 1, 3, 1.2490457723982544, 3.1622776601683795
157, 76, 801, 129, 802, 133, -1, -4, -1.8157749899217608, 4.123105625617661
157, 77, 859, 328, 858, 333, 1, -5, -1.373400766945016, 5.0990195135927845
157, 78, 1184, 190, 1184, 188, 0, 2, 1.5707963267948966, 2.0
157, 79, 629, 146, 630, 144, -1, 2, 2.0344439357957027, 2.23606797749979
157, 80, 836, 25, 839, 27, -3, -2, -2.5535900500422257, 3.605551275463989
157, 81, 167, 90, 170, 89, -3, 1, 2.819842099193151, 3.1622776601683795
157, 82, 1190, 126, 1189, 125, 1, 1, 0.7853981633974483, 1.4142135623730951
157, 83, 1193, 179, 1193, 177, 0, 2, 1.5707963267948966, 2.0
157, 84, 1207, 146, 1209, 146, -2, 0, 3.141592653589793, 2.0
157, 85, 386, 389, 387, 387, -1, 2, 2.0344439357957027, 2.23606797749979
157, 87, 399, 494, 400, 489, -1, 5, 1.7681918866447774, 5.0990195135927845
157, 88, 507, 405, 507, 409, 0, -4, -1.5707963267948966, 4.0
157, 89, 1202, 78, 1199, 77, 3, 1, 0.3217505543966422, 3.1622776601683795
157, 90, 472, 478, 473, 482, -1, -4, -1.8157749899217608, 4.123105625617661
157, 91, 995, 16, 993, 15, 2, 1, 0.4636476090008061, 2.23606797749979
157, 92, 758, 10, 757, 13, 1, -3, -1.2490457723982544, 3.1622776601683795
157, 93, 660, 286, 661, 283, -1, 3, 1.892546881191539, 3.1622776601683795
157, 94, 616, 148, 617, 144, -1, 4, 1.8157749899217608, 4.123105625617661
157, 95, 369, 355, 372, 352, -3, 3, 2.356194490192345, 4.242640687119285
157, 96, 611, 156, 612, 152, -1, 4, 1.8157749899217608, 4.123105625617661
157, 97, 145, 18, 144, 15, 1, 3, 1.2490457723982544, 3.1622776601683795
157, 98, 631, 477, 628, 471, 3, 6, 1.1071487177940904, 6.708203932499369
157, 100, 625, 363, 626, 360, -1, 3, 1.892546881191539, 3.1622776601683795
157, 102, 785, 140, 786, 144, -1, -4, -1.8157749899217608, 4.123105625617661
157, 103, 479, 97, 480, 101, -1, -4, -1.8157749899217608, 4.123105625617661
157, 104, 483, 48, 484, 53, -1, -5, -1.7681918866447774, 5.0990195135927845
157, 105, 358, 347, 359, 344, -1, 3, 1.892546881191539, 3.1622776601683795
157, 106, 871, 352, 870, 356, 1, -4, -1.3258176636680326, 4.123105625617661
157, 107, 482, 389, 483, 394, -1, -5, -1.7681918866447774, 5.0990195135927845
157, 108, 359, 512, 360, 508, -1, 4, 1.8157749899217608, 4.123105625617661
157, 110, 122, 519, 121, 516, 1, 3, 1.2490457723982544, 3.1622776601683795
157, 112, 1193, 142, 1192, 140, 1, 2, 1.1071487177940904, 2.23606797749979
157, 113, 154, 24, 154, 21, 0, 3, 1.5707963267948966, 3.0
157, 114, 468, 173, 469, 175, -1, -2, -2.0344439357957027, 2.23606797749979
157, 115, 475, 175, 476, 177, -1, -2, -2.0344439357957027, 2.23606797749979
158, 0, 496, 397, 497, 401, -1, -4, -1.8157749899217608, 4.123105625617661
158, 1, 863, 343, 863, 347, 0, -4, -1.5707963267948966, 4.0
158, 2, 592, 12, 592, 14, 0, -2, -1.5707963267948966, 2.0
158, 3, 850, 341, 850, 345, 0, -4, -1.5707963267948966, 4.0
158, 4, 483, 401, 484, 405, -1, -4, -1.8157749899217608, 4.123105625617661
158, 5, 116, 535, 113, 532, 3, 3, 0.7853981633974483, 4.242640687119285
158, 6, 485, 38, 486, 40, -1, -2, -2.0344439357957027, 2.23606797749979
158, 7, 405, 504, 407, 499, -2, 5, 1.9513027039072615, 5.385164807134504
158, 8, 278, 14, 275, 16, 3, -2, -0.5880026035475675, 3.605551275463989
158, 9, 832, 355, 832, 359, 0, -4, -1.5707963267948966, 4.0
158, 11, 840, 362, 839, 366, 1, -4, -1.3258176636680326, 4.123105625617661
158, 12, 350, 388, 352, 386, -2, 2, 2.356194490192345, 2.8284271247461903
158, 13, 167, 619, 166, 620, 1, -1, -0.7853981633974483, 1.4142135623730951
158, 14, 798, 231, 796, 229, 2, 2, 0.7853981633974483, 2.8284271247461903
158, 15, 1040, 182, 1042, 184, -2, -2, -2.356194490192345, 2.8284271247461903
158, 17, 168, 66, 169, 65, -1, 1, 2.356194490192345, 1.4142135623730951
158, 18, 838, 392, 838, 396, 0, -4, -1.5707963267948966, 4.0
158, 19, 271, 74, 269, 75, 2, -1, -0.4636476090008061, 2.23606797749979
158, 21, 382, 462, 383, 459, -1, 3, 1.892546881191539, 3.1622776601683795
158, 22, 508, 432, 508, 429, 0, 3, 1.5707963267948966, 3.0
158, 23, 1067, 131, 1070, 134, -3, -3, -2.356194490192345, 4.242640687119285
158, 24, 464, 80, 465, 82, -1, -2, -2.0344439357957027, 2.23606797749979
158, 25, 276, 24, 273, 26, 3, -2, -0.5880026035475675, 3.605551275463989
158, 26, 1067, 143, 1069, 146, -2, -3, -2.158798930342464, 3.605551275463989
158, 27, 581, 14, 581, 16, 0, -2, -1.5707963267948966, 2.0
158, 28, 459, 91, 460, 93, -1, -2, -2.0344439357957027, 2.23606797749979
158, 29, 1234, 298, 1235, 294, -1, 4, 1.8157749899217608, 4.123105625617661
158, 30, 839, 434, 839, 439, 0, -5, -1.5707963267948966, 5.0
158, 31, 709, 237, 709, 241, 0, -4, -1.5707963267948966, 4.0
158, 33, 283, 58, 280, 58, 3, 0, 0.0, 3.0
158, 34, 662, 293, 663, 292, -1, 1, 2.356194490192345, 1.4142135623730951
158, 36, 472, 89, 473, 91, -1, -2, -2.0344439357957027, 2.23606797749979
158, 37, 1051, 194, 1053, 197, -2, -3, -2.158798930342464, 3.605551275463989
158, 38, 703, 328, 704, 333, -1, -5, -1.7681918866447774, 5.0990195135927845
158, 39, 491, 45, 492, 48, -1, -3, -1.892546881191539, 3.1622776601683795
158, 41, 129, 527, 127, 524, 2, 3, 0.982793723247329, 3.605551275463989
158, 42, 827, 12, 829, 13, -2, -1, -2.677945044588987, 2.23606797749979
158, 44, 1056, 146, 1058, 148, -2, -2, -2.356194490192345, 2.8284271247461903
158, 45, 480, 474, 481, 477, -1, -3, -1.892546881191539, 3.1622776601683795
158, 46, 579, 87, 580, 89, -1, -2, -2.0344439357957027, 2.23606797749979
158, 47, 696, 319, 696, 324, 0, -5, -1.5707963267948966, 5.0
158, 48, 1190, 88, 1188, 88, 2, 0, 0.0, 2.0
158, 50, 1215, 373, 1213, 375, 2, -2, -0.7853981633974483, 2.8284271247461903
158, 52, 736, 217, 736, 220, 0, -3, -1.5707963267948966, 3.0
158, 53, 649, 278, 650, 277, -1, 1, 2.356194490192345, 1.4142135623730951
158, 54, 703, 404, 703, 410, 0, -6, -1.5707963267948966, 6.0
158, 55, 786, 229, 784, 227, 2, 2, 0.7853981633974483, 2.8284271247461903
158, 56, 607, 411, 608, 408, -1, 3, 1.892546881191539, 3.1622776601683795
158, 59, 369, 461, 370, 458, -1, 3, 1.892546881191539, 3.1622776601683795
158, 60, 489, 25, 489, 27, 0, -2, -1.5707963267948966, 2.0
158, 61, 801, 264, 800, 261, 1, 3, 1.2490457723982544, 3.1622776601683795
158, 62, 1239, 336, 1239, 333, 0, 3, 1.5707963267948966, 3.0
158, 63, 384, 544, 384, 542, 0, 2, 1.5707963267948966, 2.0
158, 65, 955, 20, 954, 19, 1, 1, 0.7853981633974483, 1.4142135623730951
158, 66, 504, 454, 505, 459, -1, -5, -1.7681918866447774, 5.0990195135927845
158, 67, 796, 224, 794, 222, 2, 2, 0.7853981633974483, 2.8284271247461903
158, 69, 707, 320, 708, 325, -1, -5, -1.7681918866447774, 5.0990195135927845
158, 70, 348, 380, 349, 378, -1, 2, 2.0344439357957027, 2.23606797749979
158, 71, 479, 71, 480, 74, -1, -3, -1.892546881191539, 3.1622776601683795
158, 72, 646, 285, 647, 284, -1, 1, 2.356194490192345, 1.4142135623730951
158, 73, 495, 116, 496, 118, -1, -2, -2.0344439357957027, 2.23606797749979
158, 74, 1223, 298, 1223, 294, 0, 4, 1.5707963267948966, 4.0
158, 75, 800, 127, 801, 129, -1, -2, -2.0344439357957027, 2.23606797749979
158, 76, 859, 323, 859, 328, 0, -5, -1.5707963267948966, 5.0
158, 78, 628, 147, 629, 146, -1, 1, 2.356194490192345, 1.4142135623730951
158, 79, 834, 24, 836, 25, -2, -1, -2.677945044588987, 2.23606797749979
158, 83, 1208, 147, 1207, 146, 1, 1, 0.7853981633974483, 1.4142135623730951
158, 84, 385, 392, 386, 389, -1, 3, 1.892546881191539, 3.1622776601683795
158, 86, 397, 498, 399, 494, -2, 4, 2.0344439357957027, 4.47213595499958
158, 87, 506, 400, 507, 405, -1, -5, -1.7681918866447774, 5.0990195135927845
158, 88, 1204, 78, 1202, 78, 2, 0, 0.0, 2.0
158, 89, 470, 474, 472, 478, -2, -4, -2.0344439357957027, 4.47213595499958
158, 92, 659, 287, 660, 286, -1, 1, 2.356194490192345, 1.4142135623730951
158, 93, 615, 149, 616, 148, -1, 1, 2.356194490192345, 1.4142135623730951
158, 94, 367, 358, 369, 355, -2, 3, 2.158798930342464, 3.605551275463989
158, 95, 610, 158, 611, 156, -1, 2, 2.0344439357957027, 2.23606797749979
158, 97, 631, 480, 631, 477, 0, 3, 1.5707963267948966, 3.0
158, 98, 623, 366, 625, 363, -2, 3, 2.158798930342464, 3.605551275463989
158, 99, 784, 138, 785, 140, -1, -2, -2.0344439357957027, 2.23606797749979
158, 100, 479, 95, 479, 97, 0, -2, -1.5707963267948966, 2.0
158, 101, 482, 45, 483, 48, -1, -3, -1.892546881191539, 3.1622776601683795
158, 102, 356, 350, 358, 347, -2, 3, 2.158798930342464, 3.605551275463989
158, 103, 871, 347, 871, 352, 0, -5, -1.5707963267948966, 5.0
158, 104, 481, 384, 482, 389, -1, -5, -1.7681918866447774, 5.0990195135927845
158, 105, 359, 514, 359, 512, 0, 2, 1.5707963267948966, 2.0
158, 106, 1201, 138, 1200, 137, 1, 1, 0.7853981633974483, 1.4142135623730951
158, 107, 124, 522, 122, 519, 2, 3, 0.982793723247329, 3.605551275463989
158, 111, 468, 170, 468, 173, 0, -3, -1.5707963267948966, 3.0
158, 112, 475, 173, 475, 175, 0, -2, -1.5707963267948966, 2.0
159, 0, 496, 393, 496, 397, 0, -4, -1.5707963267948966, 4.0
159, 1, 863, 339, 863, 343, 0, -4, -1.5707963267948966, 4.0
159, 2, 592, 10, 592, 12, 0, -2, -1.5707963267948966, 2.0
159, 3, 850, 337, 850, 341, 0, -4, -1.5707963267948966, 4.0
159, 4, 483, 397, 483, 401, 0, -4, -1.5707963267948966, 4.0
159, 5, 118, 538, 116, 535, 2, 3, 0.982793723247329, 3.605551275463989
159, 6, 485, 36, 485, 38, 0, -2, -1.5707963267948966, 2.0
159, 7, 403, 509, 405, 504, -2, 5, 1.9513027039072615, 5.385164807134504
159, 8, 281, 13, 278, 14, 3, -1, -0.3217505543966422, 3.1622776601683795
159, 9, 832, 352, 832, 355, 0, -3, -1.5707963267948966, 3.0
159, 10, 369, 444, 370, 442, -1, 2, 2.0344439357957027, 2.23606797749979
159, 11, 840, 360, 840, 362, 0, -2, -1.5707963267948966, 2.0
159, 12, 348, 391, 350, 388, -2, 3, 2.158798930342464, 3.605551275463989
159, 13, 168, 615, 167, 619, 1, -4, -1.3258176636680326, 4.123105625617661
159, 14, 799, 233, 798, 231, 1, 2, 1.1071487177940904, 2.23606797749979
159, 15, 1038, 180, 1040, 182, -2, -2, -2.356194490192345, 2.8284271247461903
159, 17, 167, 67, 168, 66, -1, 1, 2.356194490192345, 1.4142135623730951
159, 18, 838, 389, 838, 392, 0, -3, -1.5707963267948966, 3.0
159, 19, 274, 74, 271, 74, 3, 0, 0.0, 3.0
159, 21, 381, 465, 382, 462, -1, 3, 1.892546881191539, 3.1622776601683795
159, 22, 508, 435, 508, 432, 0, 3, 1.5707963267948966, 3.0
159, 23, 1064, 129, 1067, 131, -3, -2, -2.5535900500422257, 3.605551275463989
159, 24, 463, 78, 464, 80, -1, -2, -2.0344439357957027, 2.23606797749979
159, 25, 279, 22, 276, 24, 3, -2, -0.5880026035475675, 3.605551275463989
159, 26, 1065, 141, 1067, 143, -2, -2, -2.356194490192345, 2.8284271247461903
159, 27, 581, 12, 581, 14, 0, -2, -1.5707963267948966, 2.0
159, 28, 458, 89, 459, 91, -1, -2, -2.0344439357957027, 2.23606797749979
159, 29, 1234, 302, 1234, 298, 0, 4, 1.5707963267948966, 4.0
159, 30, 840, 428, 839, 434, 1, -6, -1.4056476493802699, 6.082762530298219
159, 31, 709, 234, 709, 237, 0, -3, -1.5707963267948966, 3.0
159, 33, 286, 59, 283, 58, 3, 1, 0.3217505543966422, 3.1622776601683795
159, 34, 661, 294, 662, 293, -1, 1, 2.356194490192345, 1.4142135623730951
159, 35, 1232, 76, 1231, 75, 1, 1, 0.7853981633974483, 1.4142135623730951
159, 36, 471, 87, 472, 89, -1, -2, -2.0344439357957027, 2.23606797749979
159, 37, 1049, 193, 1051, 194, -2, -1, -2.677945044588987, 2.23606797749979
159, 38, 703, 323, 703, 328, 0, -5, -1.5707963267948966, 5.0
159, 39, 491, 43, 491, 45, 0, -2, -1.5707963267948966, 2.0
159, 40, 789, 86, 789, 88, 0, -2, -1.5707963267948966, 2.0
159, 41, 131, 530, 129, 527, 2, 3, 0.982793723247329, 3.605551275463989
159, 42, 825, 11, 827, 12, -2, -1, -2.677945044588987, 2.23606797749979
159, 43, 1180, 122, 1179, 121, 1, 1, 0.7853981633974483, 1.4142135623730951
159, 44, 1054, 144, 1056, 146, -2, -2, -2.356194490192345, 2.8284271247461903
159, 45, 478, 471, 480, 474, -2, -3, -2.158798930342464, 3.605551275463989
159, 46, 579, 85, 579, 87, 0, -2, -1.5707963267948966, 2.0
159, 47, 696, 314, 696, 319, 0, -5, -1.5707963267948966, 5.0
159, 48, 1192, 88, 1190, 88, 2, 0, 0.0, 2.0
159, 50, 1217, 375, 1215, 373, 2, 2, 0.7853981633974483, 2.8284271247461903
159, 52, 736, 214, 736, 217, 0, -3, -1.5707963267948966, 3.0
159, 53, 648, 279, 649, 278, -1, 1, 2.356194490192345, 1.4142135623730951
159, 54, 703, 401, 703, 404, 0, -3, -1.5707963267948966, 3.0
159, 55, 787, 230, 786, 229, 1, 1, 0.7853981633974483, 1.4142135623730951
159, 56, 606, 415, 607, 411, -1, 4, 1.8157749899217608, 4.123105625617661
159, 59, 368, 464, 369, 461, -1, 3, 1.892546881191539, 3.1622776601683795
159, 60, 489, 23, 489, 25, 0, -2, -1.5707963267948966, 2.0
159, 61, 802, 267, 801, 264, 1, 3, 1.2490457723982544, 3.1622776601683795
159, 62, 1240, 340, 1239, 336, 1, 4, 1.3258176636680326, 4.123105625617661
159, 63, 384, 546, 384, 544, 0, 2, 1.5707963267948966, 2.0
159, 65, 955, 22, 955, 20, 0, 2, 1.5707963267948966, 2.0
159, 66, 503, 451, 504, 454, -1, -3, -1.892546881191539, 3.1622776601683795
159, 67, 798, 226, 796, 224, 2, 2, 0.7853981633974483, 2.8284271247461903
159, 69, 707, 315, 707, 320, 0, -5, -1.5707963267948966, 5.0
159, 70, 346, 383, 348, 380, -2, 3, 2.158798930342464, 3.605551275463989
159, 71, 479, 69, 479, 71, 0, -2, -1.5707963267948966, 2.0
159, 72, 645, 287, 646, 285, -1, 2, 2.0344439357957027, 2.23606797749979
159, 73, 494, 114, 495, 116, -1, -2, -2.0344439357957027, 2.23606797749979
159, 74, 1223, 302, 1223, 298, 0, 4, 1.5707963267948966, 4.0
159, 76, 859, 317, 859, 323, 0, -6, -1.5707963267948966, 6.0
159, 83, 384, 395, 385, 392, -1, 3, 1.892546881191539, 3.1622776601683795
159, 84, 637, 445, 638, 444, -1, 1, 2.356194490192345, 1.4142135623730951
159, 85, 395, 503, 397, 498, -2, 5, 1.9513027039072615, 5.385164807134504
159, 86, 505, 395, 506, 400, -1, -5, -1.7681918866447774, 5.0990195135927845
159, 87, 1206, 78, 1204, 78, 2, 0, 0.0, 2.0
159, 88, 468, 470, 470, 474, -2, -4, -2.0344439357957027, 4.47213595499958
159, 90, 658, 288, 659, 287, -1, 1, 2.356194490192345, 1.4142135623730951
159, 91, 614, 150, 615, 149, -1, 1, 2.356194490192345, 1.4142135623730951
159, 92, 365, 360, 367, 358, -2, 2, 2.356194490192345, 2.8284271247461903
159, 93, 609, 161, 610, 158, -1, 3, 1.892546881191539, 3.1622776601683795
159, 95, 630, 481, 631, 480, -1, 1, 2.356194490192345, 1.4142135623730951
159, 96, 622, 369, 623, 366, -1, 3, 1.892546881191539, 3.1622776601683795
159, 98, 481, 43, 482, 45, -1, -2, -2.0344439357957027, 2.23606797749979
159, 99, 354, 352, 356, 350, -2, 2, 2.356194490192345, 2.8284271247461903
159, 100, 871, 342, 871, 347, 0, -5, -1.5707963267948966, 5.0
159, 101, 480, 379, 481, 384, -1, -5, -1.7681918866447774, 5.0990195135927845
159, 102, 359, 517, 359, 514, 0, 3, 1.5707963267948966, 3.0
159, 104, 126, 525, 124, 522, 2, 3, 0.982793723247329, 3.605551275463989
159, 106, 1194, 143, 1193, 142, 1, 1, 0.7853981633974483, 1.4142135623730951
159, 108, 467, 166, 468, 170, -1, -4, -1.8157749899217608, 4.123105625617661
159, 109, 474, 171, 475, 173, -1, -2, -2.0344439357957027, 2.23606797749979
160, 0, 864, 337, 864, 341, 0, -4, -1.5707963267948966, 4.0
160, 1, 497, 393, 497, 397, 0, -4, -1.5707963267948966, 4.0
160, 3, 279, 15, 276, 16, 3, -1, -0.3217505543966422, 3.1622776601683795
160, 6, 353, 391, 355, 388, -2, 3, 2.158798930342464, 3.605551275463989
160, 7, 119, 542, 117, 539, 2, 3, 0.982793723247329, 3.605551275463989
160, 8, 851, 336, 851, 340, 0, -4, -1.5707963267948966, 4.0
160, 10, 799, 230, 798, 229, 1, 1, 0.7853981633974483, 1.4142135623730951
160, 11, 466, 86, 467, 88, -1, -2, -2.0344439357957027, 2.23606797749979
160, 12, 484, 395, 484, 399, 0, -4, -1.5707963267948966, 4.0
160, 14, 1261, 243, 1275, 241, -14, 2, 2.999695598985629, 14.142135623730951
160, 16, 274, 72, 271, 72, 3, 0, 0.0, 3.0
160, 17, 287, 66, 285, 64, 2, 2, 0.7853981633974483, 2.8284271247461903
160, 18, 1069, 135, 1072, 138, -3, -3, -2.356194490192345, 4.242640687119285
160, 19, 1055, 232, 1056, 234, -1, -2, -2.0344439357957027, 2.23606797749979
160, 20, 170, 65, 171, 64, -1, 1, 2.356194490192345, 1.4142135623730951
160, 22, 278, 24, 275, 26, 3, -2, -0.5880026035475675, 3.605551275463989
160, 23, 1041, 186, 1043, 188, -2, -2, -2.356194490192345, 2.8284271247461903
160, 24, 610, 414, 610, 410, 0, 4, 1.5707963267948966, 4.0
160, 25, 476, 177, 477, 179, -1, -2, -2.0344439357957027, 2.23606797749979
160, 26, 1059, 147, 1061, 149, -2, -2, -2.356194490192345, 2.8284271247461903
160, 27, 790, 92, 790, 94, 0, -2, -1.5707963267948966, 2.0
160, 28, 370, 462, 370, 459, 0, 3, 1.5707963267948966, 3.0
160, 29, 508, 496, 508, 498, 0, -2, -1.5707963267948966, 2.0
160, 30, 1233, 118, 1232, 117, 1, 1, 0.7853981633974483, 1.4142135623730951
160, 31, 706, 327, 706, 332, 0, -5, -1.5707963267948966, 5.0
160, 32, 1070, 147, 1072, 150, -2, -3, -2.158798930342464, 3.605551275463989
160, 34, 280, 59, 277, 58, 3, 1, 0.3217505543966422, 3.1622776601683795
160, 35, 786, 228, 785, 227, 1, 1, 0.7853981633974483, 1.4142135623730951
160, 36, 384, 461, 385, 458, -1, 3, 1.892546881191539, 3.1622776601683795
160, 37, 1238, 300, 1238, 297, 0, 3, 1.5707963267948966, 3.0
160, 38, 664, 293, 665, 291, -1, 2, 2.0344439357957027, 2.23606797749979
160, 39, 360, 516, 360, 513, 0, 3, 1.5707963267948966, 3.0
160, 40, 401, 516, 403, 512, -2, 4, 2.0344439357957027, 4.47213595499958
160, 42, 710, 235, 710, 238, 0, -3, -1.5707963267948966, 3.0
160, 43, 697, 320, 697, 325, 0, -5, -1.5707963267948966, 5.0
160, 44, 490, 30, 490, 32, 0, -2, -1.5707963267948966, 2.0
160, 45, 462, 96, 463, 98, -1, -2, -2.0344439357957027, 2.23606797749979
160, 46, 1182, 123, 1181, 122, 1, 1, 0.7853981633974483, 1.4142135623730951
160, 47, 1238, 342, 1237, 338, 1, 4, 1.3258176636680326, 4.123105625617661
160, 48, 135, 533, 133, 530, 2, 3, 0.982793723247329, 3.605551275463989
160, 49, 797, 137, 798, 139, -1, -2, -2.0344439357957027, 2.23606797749979
160, 50, 562, 85, 562, 87, 0, -2, -1.5707963267948966, 2.0
160, 53, 494, 51, 495, 53, -1, -2, -2.0344439357957027, 2.23606797749979
160, 54, 1190, 89, 1188, 89, 2, 0, 0.0, 2.0
160, 55, 481, 75, 482, 77, -1, -2, -2.0344439357957027, 2.23606797749979
160, 56, 474, 95, 475, 97, -1, -2, -2.0344439357957027, 2.23606797749979
160, 57, 711, 320, 711, 325, 0, -5, -1.5707963267948966, 5.0
160, 60, 1188, 127, 1187, 126, 1, 1, 0.7853981633974483, 1.4142135623730951
160, 63, 649, 277, 650, 275, -1, 2, 2.0344439357957027, 2.23606797749979
160, 64, 650, 380, 651, 379, -1, 1, 2.356194490192345, 1.4142135623730951
160, 65, 647, 284, 648, 283, -1, 1, 2.356194490192345, 1.4142135623730951
160, 66, 736, 216, 736, 219, 0, -3, -1.5707963267948966, 3.0
160, 68, 860, 321, 860, 326, 0, -5, -1.5707963267948966, 5.0
160, 69, 725, 304, 726, 306, -1, -2, -2.0344439357957027, 2.23606797749979
160, 73, 797, 222, 796, 221, 1, 1, 0.7853981633974483, 1.4142135623730951
160, 74, 805, 18, 807, 18, -2, 0, 3.141592653589793, 2.0
160, 75, 146, 599, 144, 597, 2, 2, 0.7853981633974483, 2.8284271247461903
160, 77, 803, 266, 802, 263, 1, 3, 1.2490457723982544, 3.1622776601683795
160, 80, 1204, 80, 1202, 80, 2, 0, 0.0, 2.0
160, 82, 827, 13, 829, 14, -2, -1, -2.677945044588987, 2.23606797749979
160, 87, 877, 360, 877, 365, 0, -5, -1.5707963267948966, 5.0
160, 89, 468, 446, 469, 450, -1, -4, -1.8157749899217608, 4.123105625617661
160, 90, 1198, 346, 1198, 342, 0, 4, 1.5707963267948966, 4.0
160, 91, 484, 51, 485, 53, -1, -2, -2.0344439357957027, 2.23606797749979
160, 92, 716, 348, 716, 350, 0, -2, -1.5707963267948966, 2.0
160, 93, 1223, 301, 1223, 298, 0, 3, 1.5707963267948966, 3.0
160, 98, 777, 118, 777, 121, 0, -3, -1.5707963267948966, 3.0
160, 99, 390, 388, 392, 385, -2, 3, 2.158798930342464, 3.605551275463989
160, 100, 778, 132, 778, 134, 0, -2, -1.5707963267948966, 2.0
160, 102, 743, 250, 744, 253, -1, -3, -1.892546881191539, 3.1622776601683795
160, 104, 1227, 292, 1227, 289, 0, 3, 1.5707963267948966, 3.0
160, 105, 1226, 122, 1225, 121, 1, 1, 0.7853981633974483, 1.4142135623730951
160, 106, 842, 343, 842, 347, 0, -4, -1.5707963267948966, 4.0
160, 107, 1071, 174, 1073, 176, -2, -2, -2.356194490192345, 2.8284271247461903
160, 110, 509, 399, 509, 404, 0, -5, -1.5707963267948966, 5.0
160, 111, 357, 349, 358, 347, -1, 2, 2.0344439357957027, 2.23606797749979
160, 113, 497, 121, 498, 123, -1, -2, -2.0344439357957027, 2.23606797749979
160, 114, 1230, 77, 1229, 76, 1, 1, 0.7853981633974483, 1.4142135623730951
160, 115, 707, 402, 707, 405, 0, -3, -1.5707963267948966, 3.0
160, 116, 841, 429, 841, 435, 0, -6, -1.5707963267948966, 6.0
160, 117, 370, 359, 372, 357, -2, 2, 2.356194490192345, 2.8284271247461903
160, 118, 350, 383, 351, 380, -1, 3, 1.892546881191539, 3.1622776601683795
160, 120, 636, 353, 637, 351, -1, 2, 2.0344439357957027, 2.23606797749979
160, 121, 118, 528, 116, 525, 2, 3, 0.982793723247329, 3.605551275463989
160, 122, 1208, 406, 1208, 404, 0, 2, 1.5707963267948966, 2.0
160, 123, 612, 158, 613, 156, -1, 2, 2.0344439357957027, 2.23606797749979
160, 124, 618, 147, 619, 146, -1, 1, 2.356194490192345, 1.4142135623730951
160, 125, 484, 381, 484, 386, 0, -5, -1.5707963267948966, 5.0
160, 127, 363, 349, 365, 347, -2, 2, 2.356194490192345, 2.8284271247461903
160, 128, 378, 560, 378, 555, 0, 5, 1.5707963267948966, 5.0
160, 129, 709, 306, 709, 311, 0, -5, -1.5707963267948966, 5.0
160, 130, 1211, 325, 1210, 322, 1, 3, 1.2490457723982544, 3.1622776601683795
160, 132, 802, 132, 803, 134, -1, -2, -2.0344439357957027, 2.23606797749979
160, 133, 698, 306, 698, 311, 0, -5, -1.5707963267948966, 5.0
160, 134, 465, 471, 467, 474, -2, -3, -2.158798930342464, 3.605551275463989
160, 138, 1209, 120, 1208, 119, 1, 1, 0.7853981633974483, 1.4142135623730951
160, 140, 1234, 292, 1234, 289, 0, 3, 1.5707963267948966, 3.0
160, 141, 634, 313, 635, 312, -1, 1, 2.356194490192345, 1.4142135623730951
160, 143, 1211, 156, 1210, 155, 1, 1, 0.7853981633974483, 1.4142135623730951
160, 145, 701, 391, 701, 393, 0, -2, -1.5707963267948966, 2.0
160, 146, 625, 367, 626, 364, -1, 3, 1.892546881191539, 3.1622776601683795
160, 149, 1074, 154, 1076, 157, -2, -3, -2.158798930342464, 3.605551275463989
160, 150, 655, 427, 655, 423, 0, 4, 1.5707963267948966, 4.0
160, 151, 704, 318, 704, 323, 0, -5, -1.5707963267948966, 5.0
160, 152, 484, 122, 485, 125, -1, -3, -1.892546881191539, 3.1622776601683795
160, 154, 1203, 361, 1202, 362, 1, -1, -0.7853981633974483, 1.4142135623730951
160, 156, 493, 382, 493, 387, 0, -5, -1.5707963267948966, 5.0
160, 157, 826, 23, 828, 24, -2, -1, -2.677945044588987, 2.23606797749979
161, 0, 864, 332, 864, 337, 0, -5, -1.5707963267948966, 5.0
161, 1, 496, 388, 497, 393, -1, -5, -1.7681918866447774, 5.0990195135927845
161, 3, 282, 14, 279, 15, 3, -1, -0.3217505543966422, 3.1622776601683795
161, 4, 512, 441, 512, 439, 0, 2, 1.5707963267948966, 2.0
161, 6, 352, 394, 353, 391, -1, 3, 1.892546881191539, 3.1622776601683795
161, 7, 121, 545, 119, 542, 2, 3, 0.982793723247329, 3.605551275463989
161, 8, 850, 332, 851, 336, -1, -4, -1.8157749899217608, 4.123105625617661
161, 9, 623, 109, 624, 108, -1, 1, 2.356194490192345, 1.4142135623730951
161, 10, 800, 231, 799, 230, 1, 1, 0.7853981633974483, 1.4142135623730951
161, 11, 465, 84, 466, 86, -1, -2, -2.0344439357957027, 2.23606797749979
161, 12, 484, 391, 484, 395, 0, -4, -1.5707963267948966, 4.0
161, 13, 380, 419, 381, 418, -1, 1, 2.356194490192345, 1.4142135623730951
161, 16, 275, 73, 274, 72, 1, 1, 0.7853981633974483, 1.4142135623730951
161, 17, 288, 68, 287, 66, 1, 2, 1.1071487177940904, 2.23606797749979
161, 18, 1066, 132, 1069, 135, -3, -3, -2.356194490192345, 4.242640687119285
161, 19, 1054, 229, 1055, 232, -1, -3, -1.892546881191539, 3.1622776601683795
161, 21, 281, 23, 278, 24, 3, -1, -0.3217505543966422, 3.1622776601683795
161, 22, 1039, 184, 1041, 186, -2, -2, -2.356194490192345, 2.8284271247461903
161, 23, 610, 418, 610, 414, 0, 4, 1.5707963267948966, 4.0
161, 24, 476, 175, 476, 177, 0, -2, -1.5707963267948966, 2.0
161, 25, 1057, 145, 1059, 147, -2, -2, -2.356194490192345, 2.8284271247461903
161, 27, 369, 466, 370, 462, -1, 4, 1.8157749899217608, 4.123105625617661
161, 28, 507, 493, 508, 496, -1, -3, -1.892546881191539, 3.1622776601683795
161, 29, 1234, 119, 1233, 118, 1, 1, 0.7853981633974483, 1.4142135623730951
161, 30, 705, 322, 706, 327, -1, -5, -1.7681918866447774, 5.0990195135927845
161, 31, 1068, 144, 1070, 147, -2, -3, -2.158798930342464, 3.605551275463989
161, 33, 282, 60, 280, 59, 2, 1, 0.4636476090008061, 2.23606797749979
161, 34, 787, 229, 786, 228, 1, 1, 0.7853981633974483, 1.4142135623730951
161, 35, 383, 464, 384, 461, -1, 3, 1.892546881191539, 3.1622776601683795
161, 36, 1238, 303, 1238, 300, 0, 3, 1.5707963267948966, 3.0
161, 37, 664, 295, 664, 293, 0, 2, 1.5707963267948966, 2.0
161, 38, 360, 520, 360, 516, 0, 4, 1.5707963267948966, 4.0
161, 39, 399, 520, 401, 516, -2, 4, 2.0344439357957027, 4.47213595499958
161, 40, 710, 233, 710, 235, 0, -2, -1.5707963267948966, 2.0
161, 41, 697, 315, 697, 320, 0, -5, -1.5707963267948966, 5.0
161, 42, 490, 28, 490, 30, 0, -2, -1.5707963267948966, 2.0
161, 43, 461, 94, 462, 96, -1, -2, -2.0344439357957027, 2.23606797749979
161, 44, 1183, 124, 1182, 123, 1, 1, 0.7853981633974483, 1.4142135623730951
161, 45, 1239, 345, 1238, 342, 1, 3, 1.2490457723982544, 3.1622776601683795
161, 46, 137, 536, 135, 533, 2, 3, 0.982793723247329, 3.605551275463989
161, 47, 796, 135, 797, 137, -1, -2, -2.0344439357957027, 2.23606797749979
161, 52, 1192, 89, 1190, 89, 2, 0, 0.0, 2.0
161, 54, 473, 93, 474, 95, -1, -2, -2.0344439357957027, 2.23606797749979
161, 55, 711, 315, 711, 320, 0, -5, -1.5707963267948966, 5.0
161, 56, 854, 420, 854, 422, 0, -2, -1.5707963267948966, 2.0
161, 61, 648, 279, 649, 277, -1, 2, 2.0344439357957027, 2.23606797749979
161, 62, 649, 381, 650, 380, -1, 1, 2.356194490192345, 1.4142135623730951
161, 63, 646, 286, 647, 284, -1, 2, 2.0344439357957027, 2.23606797749979
161, 64, 736, 212, 736, 216, 0, -4, -1.5707963267948966, 4.0
161, 66, 859, 316, 860, 321, -1, -5, -1.7681918866447774, 5.0990195135927845
161, 67, 724, 301, 725, 304, -1, -3, -1.892546881191539, 3.1622776601683795
161, 68, 149, 72, 150, 71, -1, 1, 2.356194490192345, 1.4142135623730951
161, 71, 798, 223, 797, 222, 1, 1, 0.7853981633974483, 1.4142135623730951
161, 72, 803, 18, 805, 18, -2, 0, 3.141592653589793, 2.0
161, 73, 148, 603, 146, 599, 2, 4, 1.1071487177940904, 4.47213595499958
161, 75, 804, 269, 803, 266, 1, 3, 1.2490457723982544, 3.1622776601683795
161, 77, 583, 15, 583, 17, 0, -2, -1.5707963267948966, 2.0
161, 78, 1206, 80, 1204, 80, 2, 0, 0.0, 2.0
161, 80, 825, 12, 827, 13, -2, -1, -2.677945044588987, 2.23606797749979
161, 83, 144, 616, 143, 613, 1, 3, 1.2490457723982544, 3.1622776601683795
161, 84, 877, 355, 877, 360, 0, -5, -1.5707963267948966, 5.0
161, 86, 467, 442, 468, 446, -1, -4, -1.8157749899217608, 4.123105625617661
161, 87, 1198, 350, 1198, 346, 0, 4, 1.5707963267948966, 4.0
161, 89, 1223, 304, 1223, 301, 0, 3, 1.5707963267948966, 3.0
161, 93, 778, 115, 777, 118, 1, -3, -1.2490457723982544, 3.1622776601683795
161, 94, 388, 391, 390, 388, -2, 3, 2.158798930342464, 3.605551275463989
161, 95, 778, 130, 778, 132, 0, -2, -1.5707963267948966, 2.0
161, 97, 743, 246, 743, 250, 0, -4, -1.5707963267948966, 4.0
161, 99, 1227, 295, 1227, 292, 0, 3, 1.5707963267948966, 3.0
161, 101, 842, 338, 842, 343, 0, -5, -1.5707963267948966, 5.0
161, 102, 1069, 171, 1071, 174, -2, -3, -2.158798930342464, 3.605551275463989
161, 105, 508, 394, 509, 399, -1, -5, -1.7681918866447774, 5.0990195135927845
161, 106, 356, 351, 357, 349, -1, 2, 2.0344439357957027, 2.23606797749979
161, 108, 1231, 78, 1230, 77, 1, 1, 0.7853981633974483, 1.4142135623730951
161, 109, 707, 400, 707, 402, 0, -2, -1.5707963267948966, 2.0
161, 110, 842, 423, 841, 429, 1, -6, -1.4056476493802699, 6.082762530298219
161, 111, 369, 361, 370, 359, -1, 2, 2.0344439357957027, 2.23606797749979
161, 112, 349, 386, 350, 383, -1, 3, 1.892546881191539, 3.1622776601683795
161, 114, 635, 355, 636, 353, -1, 2, 2.0344439357957027, 2.23606797749979
161, 115, 120, 531, 118, 528, 2, 3, 0.982793723247329, 3.605551275463989
161, 117, 611, 160, 612, 158, -1, 2, 2.0344439357957027, 2.23606797749979
161, 118, 617, 148, 618, 147, -1, 1, 2.356194490192345, 1.4142135623730951
161, 119, 484, 376, 484, 381, 0, -5, -1.5707963267948966, 5.0
161, 121, 362, 351, 363, 349, -1, 2, 2.0344439357957027, 2.23606797749979
161, 122, 378, 567, 378, 560, 0, 7, 1.5707963267948966, 7.0
161, 123, 709, 301, 709, 306, 0, -5, -1.5707963267948966, 5.0
161, 124, 1212, 329, 1211, 325, 1, 4, 1.3258176636680326, 4.123105625617661
161, 126, 802, 130, 802, 132, 0, -2, -1.5707963267948966, 2.0
161, 127, 698, 301, 698, 306, 0, -5, -1.5707963267948966, 5.0
161, 128, 463, 468, 465, 471, -2, -3, -2.158798930342464, 3.605551275463989
161, 132, 1210, 121, 1209, 120, 1, 1, 0.7853981633974483, 1.4142135623730951
161, 134, 1234, 295, 1234, 292, 0, 3, 1.5707963267948966, 3.0
161, 135, 633, 315, 634, 313, -1, 2, 2.0344439357957027, 2.23606797749979
161, 137, 1212, 157, 1211, 156, 1, 1, 0.7853981633974483, 1.4142135623730951
161, 139, 701, 389, 701, 391, 0, -2, -1.5707963267948966, 2.0
161, 140, 624, 370, 625, 367, -1, 3, 1.892546881191539, 3.1622776601683795
161, 141, 1175, 144, 1174, 143, 1, 1, 0.7853981633974483, 1.4142135623730951
161, 143, 1072, 151, 1074, 154, -2, -3, -2.158798930342464, 3.605551275463989
161, 144, 655, 430, 655, 427, 0, 3, 1.5707963267948966, 3.0
161, 145, 704, 313, 704, 318, 0, -5, -1.5707963267948966, 5.0
161, 146, 483, 119, 484, 122, -1, -3, -1.892546881191539, 3.1622776601683795
161, 147, 637, 454, 637, 451, 0, 3, 1.5707963267948966, 3.0
161, 148, 1205, 360, 1203, 361, 2, -1, -0.4636476090008061, 2.23606797749979
161, 150, 493, 377, 493, 382, 0, -5, -1.5707963267948966, 5.0
161, 151, 824, 22, 826, 23, -2, -1, -2.677945044588987, 2.23606797749979
162, 0, 864, 328, 864, 332, 0, -4, -1.5707963267948966, 4.0
162, 1, 496, 384, 496, 388, 0, -4, -1.5707963267948966, 4.0
162, 2, 594, 14, 593, 16, 1, -2, -1.1071487177940904, 2.23606797749979
162, 3, 285, 13, 282, 14, 3, -1, -0.3217505543966422, 3.1622776601683795
162, 6, 350, 397, 352, 394, -2, 3, 2.158798930342464, 3.605551275463989
162, 7, 123, 548, 121, 545, 2, 3, 0.982793723247329, 3.605551275463989
162, 8, 849, 328, 850, 332, -1, -4, -1.8157749899217608, 4.123105625617661
162, 9, 622, 112, 623, 109, -1, 3, 1.892546881191539, 3.1622776601683795
162, 10, 801, 235, 800, 231, 1, 4, 1.3258176636680326, 4.123105625617661
162, 11, 463, 79, 465, 84, -2, -5, -1.9513027039072615, 5.385164807134504
162, 12, 484, 387, 484, 391, 0, -4, -1.5707963267948966, 4.0
162, 13, 379, 422, 380, 419, -1, 3, 1.892546881191539, 3.1622776601683795
162, 17, 1063, 128, 1066, 132, -3, -4, -2.214297435588181, 5.0
162, 18, 1053, 225, 1054, 229, -1, -4, -1.8157749899217608, 4.123105625617661
162, 20, 284, 22, 281, 23, 3, -1, -0.3217505543966422, 3.1622776601683795
162, 21, 1036, 180, 1039, 184, -3, -4, -2.214297435588181, 5.0
162, 22, 610, 420, 610, 418, 0, 2, 1.5707963267948966, 2.0
162, 23, 476, 172, 476, 175, 0, -3, -1.5707963267948966, 3.0
162, 24, 1054, 143, 1057, 145, -3, -2, -2.5535900500422257, 3.605551275463989
162, 25, 791, 87, 790, 91, 1, -4, -1.3258176636680326, 4.123105625617661
162, 26, 369, 469, 369, 466, 0, 3, 1.5707963267948966, 3.0
162, 27, 505, 491, 507, 493, -2, -2, -2.356194490192345, 2.8284271247461903
162, 28, 1236, 122, 1234, 119, 2, 3, 0.982793723247329, 3.605551275463989
162, 29, 704, 317, 705, 322, -1, -5, -1.7681918866447774, 5.0990195135927845
162, 30, 1065, 140, 1068, 144, -3, -4, -2.214297435588181, 5.0
162, 31, 283, 59, 282, 60, 1, -1, -0.7853981633974483, 1.4142135623730951
162, 32, 789, 232, 787, 229, 2, 3, 0.982793723247329, 3.605551275463989
162, 33, 381, 467, 383, 464, -2, 3, 2.158798930342464, 3.605551275463989
162, 34, 1240, 307, 1238, 303, 2, 4, 1.1071487177940904, 4.47213595499958
162, 35, 664, 299, 664, 295, 0, 4, 1.5707963267948966, 4.0
162, 36, 359, 523, 360, 520, -1, 3, 1.892546881191539, 3.1622776601683795
162, 37, 397, 523, 399, 520, -2, 3, 2.158798930342464, 3.605551275463989
162, 38, 710, 231, 710, 233, 0, -2, -1.5707963267948966, 2.0
162, 39, 698, 311, 697, 315, 1, -4, -1.3258176636680326, 4.123105625617661
162, 40, 490, 26, 490, 28, 0, -2, -1.5707963267948966, 2.0
162, 41, 459, 89, 461, 94, -2, -5, -1.9513027039072615, 5.385164807134504
162, 42, 1185, 126, 1183, 124, 2, 2, 0.7853981633974483, 2.8284271247461903
162, 43, 1242, 347, 1239, 345, 3, 2, 0.5880026035475675, 3.605551275463989
162, 44, 138, 539, 137, 536, 1, 3, 1.2490457723982544, 3.1622776601683795
162, 45, 796, 131, 796, 135, 0, -4, -1.5707963267948966, 4.0
162, 49, 493, 48, 494, 50, -1, -2, -2.0344439357957027, 2.23606797749979
162, 50, 1195, 91, 1192, 89, 3, 2, 0.5880026035475675, 3.605551275463989
162, 51, 481, 72, 481, 74, 0, -2, -1.5707963267948966, 2.0
162, 52, 471, 88, 473, 93, -2, -5, -1.9513027039072615, 5.385164807134504
162, 53, 711, 310, 711, 315, 0, -5, -1.5707963267948966, 5.0
162, 54, 854, 417, 854, 420, 0, -3, -1.5707963267948966, 3.0
162, 56, 1190, 130, 1188, 128, 2, 2, 0.7853981633974483, 2.8284271247461903
162, 59, 647, 282, 648, 279, -1, 3, 1.892546881191539, 3.1622776601683795
162, 61, 646, 289, 646, 286, 0, 3, 1.5707963267948966, 3.0
162, 62, 736, 207, 736, 212, 0, -5, -1.5707963267948966, 5.0
162, 63, 814, 35, 816, 35, -2, 0, 3.141592653589793, 2.0
162, 64, 859, 311, 859, 316, 0, -5, -1.5707963267948966, 5.0
162, 65, 723, 295, 724, 301, -1, -6, -1.7359450042095235, 6.082762530298219
162, 66, 148, 74, 149, 72, -1, 2, 2.0344439357957027, 2.23606797749979
162, 69, 799, 227, 798, 223, 1, 4, 1.3258176636680326, 4.123105625617661
162, 70, 801, 18, 803, 18, -2, 0, 3.141592653589793, 2.0
162, 71, 150, 605, 148, 603, 2, 2, 0.7853981633974483, 2.8284271247461903
162, 73, 806, 271, 804, 269, 2, 2, 0.7853981633974483, 2.8284271247461903
162, 75, 584, 13, 583, 15, 1, -2, -1.1071487177940904, 2.23606797749979
162, 76, 1209, 82, 1206, 80, 3, 2, 0.5880026035475675, 3.605551275463989
162, 78, 822, 11, 825, 12, -3, -1, -2.819842099193151, 3.1622776601683795
162, 80, 1186, 194, 1185, 191, 1, 3, 1.2490457723982544, 3.1622776601683795
162, 81, 146, 619, 144, 616, 2, 3, 0.982793723247329, 3.605551275463989
162, 82, 878, 349, 877, 355, 1, -6, -1.4056476493802699, 6.082762530298219
162, 84, 465, 438, 467, 442, -2, -4, -2.0344439357957027, 4.47213595499958
162, 85, 1199, 355, 1198, 350, 1, 5, 1.373400766945016, 5.0990195135927845
162, 87, 1225, 306, 1223, 304, 2, 2, 0.7853981633974483, 2.8284271247461903
162, 89, 632, 152, 632, 149, 0, 3, 1.5707963267948966, 3.0
162, 90, 1194, 145, 1194, 142, 0, 3, 1.5707963267948966, 3.0
162, 91, 779, 111, 778, 115, 1, -4, -1.3258176636680326, 4.123105625617661
162, 92, 386, 395, 388, 391, -2, 4, 2.0344439357957027, 4.47213595499958
162, 93, 778, 125, 778, 130, 0, -5, -1.5707963267948966, 5.0
162, 95, 742, 241, 743, 246, -1, -5, -1.7681918866447774, 5.0990195135927845
162, 96, 1194, 180, 1193, 178, 1, 2, 1.1071487177940904, 2.23606797749979
162, 97, 1229, 298, 1227, 295, 2, 3, 0.982793723247329, 3.605551275463989
162, 98, 1228, 126, 1226, 123, 2, 3, 0.982793723247329, 3.605551275463989
162, 99, 842, 334, 842, 338, 0, -4, -1.5707963267948966, 4.0
162, 100, 1065, 168, 1069, 171, -4, -3, -2.498091544796509, 5.0
162, 101, 804, 111, 803, 115, 1, -4, -1.3258176636680326, 4.123105625617661
162, 103, 508, 390, 508, 394, 0, -4, -1.5707963267948966, 4.0
162, 104, 355, 355, 356, 351, -1, 4, 1.8157749899217608, 4.123105625617661
162, 106, 1233, 81, 1231, 78, 2, 3, 0.982793723247329, 3.605551275463989
162, 107, 706, 397, 707, 400, -1, -3, -1.892546881191539, 3.1622776601683795
162, 108, 843, 418, 842, 423, 1, -5, -1.373400766945016, 5.0990195135927845
162, 109, 367, 364, 369, 361, -2, 3, 2.158798930342464, 3.605551275463989
162, 110, 347, 389, 349, 386, -2, 3, 2.158798930342464, 3.605551275463989
162, 112, 635, 359, 635, 355, 0, 4, 1.5707963267948966, 4.0
162, 113, 122, 534, 120, 531, 2, 3, 0.982793723247329, 3.605551275463989
162, 115, 610, 163, 611, 160, -1, 3, 1.892546881191539, 3.1622776601683795
162, 116, 616, 151, 617, 148, -1, 3, 1.892546881191539, 3.1622776601683795
162, 117, 484, 372, 484, 376, 0, -4, -1.5707963267948966, 4.0
162, 119, 361, 355, 362, 351, -1, 4, 1.8157749899217608, 4.123105625617661
162, 120, 380, 574, 378, 567, 2, 7, 1.2924966677897853, 7.280109889280518
162, 121, 710, 296, 709, 301, 1, -5, -1.373400766945016, 5.0990195135927845
162, 122, 1213, 332, 1212, 329, 1, 3, 1.2490457723982544, 3.1622776601683795
162, 124, 802, 126, 802, 130, 0, -4, -1.5707963267948966, 4.0
162, 125, 699, 296, 698, 301, 1, -5, -1.373400766945016, 5.0990195135927845
162, 126, 461, 465, 463, 468, -2, -3, -2.158798930342464, 3.605551275463989
162, 127, 482, 99, 482, 101, 0, -2, -1.5707963267948966, 2.0
162, 129, 1212, 124, 1210, 121, 2, 3, 0.982793723247329, 3.605551275463989
162, 130, 1196, 155, 1196, 153, 0, 2, 1.5707963267948966, 2.0
162, 131, 1236, 299, 1234, 295, 2, 4, 1.1071487177940904, 4.47213595499958
162, 132, 633, 318, 633, 315, 0, 3, 1.5707963267948966, 3.0
162, 133, 647, 38, 647, 36, 0, 2, 1.5707963267948966, 2.0
162, 134, 1215, 158, 1212, 157, 3, 1, 0.3217505543966422, 3.1622776601683795
162, 135, 150, 86, 151, 85, -1, 1, 2.356194490192345, 1.4142135623730951
162, 136, 701, 387, 701, 389, 0, -2, -1.5707963267948966, 2.0
162, 137, 624, 373, 624, 370, 0, 3, 1.5707963267948966, 3.0
162, 138, 1176, 146, 1175, 144, 1, 2, 1.1071487177940904, 2.23606797749979
162, 140, 1069, 146, 1072, 151, -3, -5, -2.1112158270654806, 5.830951894845301
162, 141, 655, 432, 655, 430, 0, 2, 1.5707963267948966, 2.0
162, 142, 704, 308, 704, 313, 0, -5, -1.5707963267948966, 5.0
162, 143, 482, 114, 483, 119, -1, -5, -1.7681918866447774, 5.0990195135927845
162, 144, 637, 456, 637, 454, 0, 2, 1.5707963267948966, 2.0
162, 145, 1207, 365, 1205, 360, 2, 5, 1.1902899496825317, 5.385164807134504
162, 147, 493, 372, 493, 377, 0, -5, -1.5707963267948966, 5.0
162, 148, 821, 22, 824, 22, -3, 0, 3.141592653589793, 3.0
163, 0, 864, 324, 864, 328, 0, -4, -1.5707963267948966, 4.0
163, 1, 496, 380, 496, 384, 0, -4, -1.5707963267948966, 4.0
163, 3, 288, 13, 285, 13, 3, 0, 0.0, 3.0
163, 6, 350, 400, 350, 397, 0, 3, 1.5707963267948966, 3.0
163, 7, 124, 551, 123, 548, 1, 3, 1.2490457723982544, 3.1622776601683795
163, 8, 849, 325, 849, 328, 0, -3, -1.5707963267948966, 3.0
163, 9, 621, 114, 622, 112, -1, 2, 2.0344439357957027, 2.23606797749979
163, 10, 802, 238, 801, 235, 1, 3, 1.2490457723982544, 3.1622776601683795
163, 11, 462, 76, 463, 79, -1, -3, -1.892546881191539, 3.1622776601683795
163, 12, 484, 383, 484, 387, 0, -4, -1.5707963267948966, 4.0
163, 13, 378, 425, 379, 422, -1, 3, 1.892546881191539, 3.1622776601683795
163, 15, 279, 74, 275, 73, 4, 1, 0.24497866312686414, 4.123105625617661
163, 16, 289, 69, 288, 68, 1, 1, 0.7853981633974483, 1.4142135623730951
163, 17, 1061, 124, 1063, 128, -2, -4, -2.0344439357957027, 4.47213595499958
163, 18, 1052, 223, 1053, 225, -1, -2, -2.0344439357957027, 2.23606797749979
163, 20, 287, 22, 284, 22, 3, 0, 0.0, 3.0
163, 21, 1035, 177, 1036, 180, -1, -3, -1.892546881191539, 3.1622776601683795
163, 22, 610, 424, 610, 420, 0, 4, 1.5707963267948966, 4.0
163, 23, 476, 170, 476, 172, 0, -2, -1.5707963267948966, 2.0
163, 24, 1052, 141, 1054, 143, -2, -2, -2.356194490192345, 2.8284271247461903
163, 25, 792, 84, 791, 87, 1, -3, -1.2490457723982544, 3.1622776601683795
163, 26, 368, 473, 369, 469, -1, 4, 1.8157749899217608, 4.123105625617661
163, 28, 1237, 123, 1236, 122, 1, 1, 0.7853981633974483, 1.4142135623730951
163, 29, 704, 314, 704, 317, 0, -3, -1.5707963267948966, 3.0
163, 30, 1063, 137, 1065, 140, -2, -3, -2.158798930342464, 3.605551275463989
163, 32, 789, 235, 789, 232, 0, 3, 1.5707963267948966, 3.0
163, 33, 380, 471, 381, 467, -1, 4, 1.8157749899217608, 4.123105625617661
163, 34, 1242, 310, 1240, 307, 2, 3, 0.982793723247329, 3.605551275463989
163, 35, 664, 303, 664, 299, 0, 4, 1.5707963267948966, 4.0
163, 36, 358, 526, 359, 523, -1, 3, 1.892546881191539, 3.1622776601683795
163, 37, 396, 526, 397, 523, -1, 3, 1.892546881191539, 3.1622776601683795
163, 39, 698, 308, 698, 311, 0, -3, -1.5707963267948966, 3.0
163, 40, 490, 24, 490, 26, 0, -2, -1.5707963267948966, 2.0
163, 41, 458, 86, 459, 89, -1, -3, -1.892546881191539, 3.1622776601683795
163, 42, 1186, 127, 1185, 126, 1, 1, 0.7853981633974483, 1.4142135623730951
163, 43, 1244, 350, 1242, 347, 2, 3, 0.982793723247329, 3.605551275463989
163, 44, 139, 543, 138, 539, 1, 4, 1.3258176636680326, 4.123105625617661
163, 45, 796, 129, 796, 131, 0, -2, -1.5707963267948966, 2.0
163, 49, 1196, 92, 1195, 91, 1, 1, 0.7853981633974483, 1.4142135623730951
163, 50, 470, 85, 471, 88, -1, -3, -1.892546881191539, 3.1622776601683795
163, 51, 711, 307, 711, 310, 0, -3, -1.5707963267948966, 3.0
163, 52, 854, 415, 854, 417, 0, -2, -1.5707963267948966, 2.0
163, 57, 646, 286, 647, 282, -1, 4, 1.8157749899217608, 4.123105625617661
163, 58, 649, 384, 649, 382, 0, 2, 1.5707963267948966, 2.0
163, 59, 646, 293, 646, 289, 0, 4, 1.5707963267948966, 4.0
163, 60, 736, 203, 736, 207, 0, -4, -1.5707963267948966, 4.0
163, 61, 812, 35, 814, 35, -2, 0, 3.141592653589793, 2.0
163, 62, 859, 307, 859, 311, 0, -4, -1.5707963267948966, 4.0
163, 63, 722, 292, 723, 295, -1, -3, -1.892546881191539, 3.1622776601683795
163, 64, 147, 75, 148, 74, -1, 1, 2.356194490192345, 1.4142135623730951
163, 67, 799, 230, 799, 227, 0, 3, 1.5707963267948966, 3.0
163, 69, 149, 603, 150, 605, -1, -2, -2.0344439357957027, 2.23606797749979
163, 71, 806, 273, 806, 271, 0, 2, 1.5707963267948966, 2.0
163, 72, 994, 16, 992, 15, 2, 1, 0.4636476090008061, 2.23606797749979
163, 77, 1186, 196, 1186, 194, 0, 2, 1.5707963267948966, 2.0
163, 78, 147, 623, 146, 619, 1, 4, 1.3258176636680326, 4.123105625617661
163, 79, 878, 345, 878, 349, 0, -4, -1.5707963267948966, 4.0
163, 81, 464, 434, 465, 438, -1, -4, -1.8157749899217608, 4.123105625617661
163, 82, 1199, 360, 1199, 355, 0, 5, 1.5707963267948966, 5.0
163, 84, 1227, 309, 1225, 306, 2, 3, 0.982793723247329, 3.605551275463989
163, 86, 632, 154, 632, 152, 0, 2, 1.5707963267948966, 2.0
163, 87, 1194, 147, 1194, 145, 0, 2, 1.5707963267948966, 2.0
163, 89, 385, 397, 386, 395, -1, 2, 2.0344439357957027, 2.23606797749979
163, 90, 778, 123, 778, 125, 0, -2, -1.5707963267948966, 2.0
163, 92, 741, 237, 742, 241, -1, -4, -1.8157749899217608, 4.123105625617661
163, 93, 1194, 182, 1194, 180, 0, 2, 1.5707963267948966, 2.0
163, 94, 1231, 300, 1229, 298, 2, 2, 0.7853981633974483, 2.8284271247461903
163, 95, 1229, 127, 1228, 126, 1, 1, 0.7853981633974483, 1.4142135623730951
163, 96, 842, 331, 842, 334, 0, -3, -1.5707963267948966, 3.0
163, 97, 1063, 167, 1065, 168, -2, -1, -2.677945044588987, 2.23606797749979
163, 98, 804, 108, 804, 111, 0, -3, -1.5707963267948966, 3.0
163, 100, 508, 387, 508, 390, 0, -3, -1.5707963267948966, 3.0
163, 101, 354, 357, 355, 355, -1, 2, 2.0344439357957027, 2.23606797749979
163, 102, 986, 19, 984, 19, 2, 0, 0.0, 2.0
163, 103, 1234, 83, 1233, 81, 1, 2, 1.1071487177940904, 2.23606797749979
163, 104, 705, 395, 706, 397, -1, -2, -2.0344439357957027, 2.23606797749979
163, 105, 843, 413, 843, 418, 0, -5, -1.5707963267948966, 5.0
163, 106, 366, 367, 367, 364, -1, 3, 1.892546881191539, 3.1622776601683795
163, 107, 346, 392, 347, 389, -1, 3, 1.892546881191539, 3.1622776601683795
163, 109, 635, 363, 635, 359, 0, 4, 1.5707963267948966, 4.0
163, 110, 123, 538, 122, 534, 1, 4, 1.3258176636680326, 4.123105625617661
163, 112, 609, 164, 610, 163, -1, 1, 2.356194490192345, 1.4142135623730951
163, 113, 615, 152, 616, 151, -1, 1, 2.356194490192345, 1.4142135623730951
163, 114, 484, 368, 484, 372, 0, -4, -1.5707963267948966, 4.0
163, 116, 360, 358, 361, 355, -1, 3, 1.892546881191539, 3.1622776601683795
163, 117, 382, 578, 380, 574, 2, 4, 1.1071487177940904, 4.47213595499958
163, 118, 710, 293, 710, 296, 0, -3, -1.5707963267948966, 3.0
163, 119, 1214, 336, 1213, 332, 1, 4, 1.3258176636680326, 4.123105625617661
163, 121, 803, 123, 802, 126, 1, -3, -1.2490457723982544, 3.1622776601683795
163, 122, 699, 293, 699, 296, 0, -3, -1.5707963267948966, 3.0
163, 123, 458, 462, 461, 465, -3, -3, -2.356194490192345, 4.242640687119285
163, 124, 482, 97, 482, 99, 0, -2, -1.5707963267948966, 2.0
163, 126, 1213, 125, 1212, 124, 1, 1, 0.7853981633974483, 1.4142135623730951
163, 127, 1196, 157, 1196, 155, 0, 2, 1.5707963267948966, 2.0
163, 128, 1238, 301, 1236, 299, 2, 2, 0.7853981633974483, 2.8284271247461903
163, 129, 633, 322, 633, 318, 0, 4, 1.5707963267948966, 4.0
163, 131, 1216, 159, 1215, 158, 1, 1, 0.7853981633974483, 1.4142135623730951
163, 132, 149, 87, 150, 86, -1, 1, 2.356194490192345, 1.4142135623730951
163, 133, 701, 385, 701, 387, 0, -2, -1.5707963267948966, 2.0
163, 134, 624, 376, 624, 373, 0, 3, 1.5707963267948966, 3.0
163, 135, 1177, 149, 1176, 146, 1, 3, 1.2490457723982544, 3.1622776601683795
163, 137, 1067, 143, 1069, 146, -2, -3, -2.158798930342464, 3.605551275463989
163, 139, 704, 305, 704, 308, 0, -3, -1.5707963267948966, 3.0
163, 140, 482, 112, 482, 114, 0, -2, -1.5707963267948966, 2.0
163, 141, 637, 458, 637, 456, 0, 2, 1.5707963267948966, 2.0
163, 142, 1207, 369, 1207, 365, 0, 4, 1.5707963267948966, 4.0
163, 144, 493, 368, 493, 372, 0, -4, -1.5707963267948966, 4.0
163, 145, 819, 22, 821, 22, -2, 0, 3.141592653589793, 2.0
164, 0, 864, 321, 864, 324, 0, -3, -1.5707963267948966, 3.0
164, 1, 496, 376, 496, 380, 0, -4, -1.5707963267948966, 4.0
164, 3, 291, 13, 288, 13, 3, 0, 0.0, 3.0
164, 5, 350, 403, 350, 400, 0, 3, 1.5707963267948966, 3.0
164, 6, 125, 555, 124, 551, 1, 4, 1.3258176636680326, 4.123105625617661
164, 7, 849, 322, 849, 325, 0, -3, -1.5707963267948966, 3.0
164, 8, 620, 116, 621, 114, -1, 2, 2.0344439357957027, 2.23606797749979
164, 9, 802, 242, 802, 238, 0, 4, 1.5707963267948966, 4.0
164, 10, 461, 72, 462, 76, -1, -4, -1.8157749899217608, 4.123105625617661
164, 11, 484, 379, 484, 383, 0, -4, -1.5707963267948966, 4.0
164, 12, 377, 427, 378, 425, -1, 2, 2.0344439357957027, 2.23606797749979
164, 16, 1059, 121, 1061, 124, -2, -3, -2.158798930342464, 3.605551275463989
164, 17, 1051, 221, 1052, 223, -1, -2, -2.0344439357957027, 2.23606797749979
164, 19, 290, 22, 287, 22, 3, 0, 0.0, 3.0
164, 20, 1034, 173, 1035, 177, -1, -4, -1.8157749899217608, 4.123105625617661
164, 21, 610, 427, 610, 424, 0, 3, 1.5707963267948966, 3.0
164, 22, 475, 167, 476, 170, -1, -3, -1.892546881191539, 3.1622776601683795
164, 23, 1050, 139, 1052, 141, -2, -2, -2.356194490192345, 2.8284271247461903
164, 24, 793, 81, 792, 84, 1, -3, -1.2490457723982544, 3.1622776601683795
164, 25, 367, 477, 368, 473, -1, 4, 1.8157749899217608, 4.123105625617661
164, 28, 704, 311, 704, 314, 0, -3, -1.5707963267948966, 3.0
164, 29, 1062, 134, 1063, 137, -1, -3, -1.892546881191539, 3.1622776601683795
164, 31, 789, 239, 789, 235, 0, 4, 1.5707963267948966, 4.0
164, 32, 379, 475, 380, 471, -1, 4, 1.8157749899217608, 4.123105625617661
164, 33, 1244, 312, 1242, 310, 2, 2, 0.7853981633974483, 2.8284271247461903
164, 34, 663, 307, 664, 303, -1, 4, 1.8157749899217608, 4.123105625617661
164, 35, 357, 529, 358, 526, -1, 3, 1.892546881191539, 3.1622776601683795
164, 36, 395, 529, 396, 526, -1, 3, 1.892546881191539, 3.1622776601683795
164, 37, 698, 305, 698, 308, 0, -3, -1.5707963267948966, 3.0
164, 38, 490, 22, 490, 24, 0, -2, -1.5707963267948966, 2.0
164, 39, 457, 82, 458, 86, -1, -4, -1.8157749899217608, 4.123105625617661
164, 40, 1187, 128, 1186, 127, 1, 1, 0.7853981633974483, 1.4142135623730951
164, 41, 1246, 353, 1244, 350, 2, 3, 0.982793723247329, 3.605551275463989
164, 42, 140, 547, 139, 543, 1, 4, 1.3258176636680326, 4.123105625617661
164, 43, 796, 127, 796, 129, 0, -2, -1.5707963267948966, 2.0
164, 48, 469, 81, 470, 85, -1, -4, -1.8157749899217608, 4.123105625617661
164, 49, 711, 304, 711, 307, 0, -3, -1.5707963267948966, 3.0
164, 50, 854, 413, 854, 415, 0, -2, -1.5707963267948966, 2.0
164, 55, 645, 290, 646, 286, -1, 4, 1.8157749899217608, 4.123105625617661
164, 57, 646, 296, 646, 293, 0, 3, 1.5707963267948966, 3.0
164, 58, 736, 199, 736, 203, 0, -4, -1.5707963267948966, 4.0
164, 59, 810, 35, 812, 35, -2, 0, 3.141592653589793, 2.0
164, 60, 859, 304, 859, 307, 0, -3, -1.5707963267948966, 3.0
164, 61, 721, 289, 722, 292, -1, -3, -1.892546881191539, 3.1622776601683795
164, 62, 146, 76, 147, 75, -1, 1, 2.356194490192345, 1.4142135623730951
164, 65, 799, 234, 799, 230, 0, 4, 1.5707963267948966, 4.0
164, 67, 149, 606, 149, 603, 0, 3, 1.5707963267948966, 3.0
164, 69, 806, 275, 806, 273, 0, 2, 1.5707963267948966, 2.0
164, 72, 1211, 83, 1210, 82, 1, 1, 0.7853981633974483, 1.4142135623730951
164, 75, 1186, 199, 1186, 196, 0, 3, 1.5707963267948966, 3.0
164, 76, 147, 625, 147, 623, 0, 2, 1.5707963267948966, 2.0
164, 77, 877, 342, 878, 345, -1, -3, -1.892546881191539, 3.1622776601683795
164, 79, 463, 431, 464, 434, -1, -3, -1.892546881191539, 3.1622776601683795
164, 80, 1200, 364, 1199, 360, 1, 4, 1.3258176636680326, 4.123105625617661
164, 82, 1229, 311, 1227, 309, 2, 2, 0.7853981633974483, 2.8284271247461903
164, 84, 631, 156, 632, 154, -1, 2, 2.0344439357957027, 2.23606797749979
164, 85, 1194, 149, 1194, 147, 0, 2, 1.5707963267948966, 2.0
164, 87, 384, 399, 385, 397, -1, 2, 2.0344439357957027, 2.23606797749979
164, 88, 778, 121, 778, 123, 0, -2, -1.5707963267948966, 2.0
164, 90, 740, 233, 741, 237, -1, -4, -1.8157749899217608, 4.123105625617661
164, 91, 1194, 184, 1194, 182, 0, 2, 1.5707963267948966, 2.0
164, 92, 1233, 303, 1231, 300, 2, 3, 0.982793723247329, 3.605551275463989
164, 93, 1230, 128, 1229, 127, 1, 1, 0.7853981633974483, 1.4142135623730951
164, 94, 842, 328, 842, 331, 0, -3, -1.5707963267948966, 3.0
164, 96, 804, 105, 804, 108, 0, -3, -1.5707963267948966, 3.0
164, 98, 508, 384, 508, 387, 0, -3, -1.5707963267948966, 3.0
164, 99, 353, 360, 354, 357, -1, 3, 1.892546881191539, 3.1622776601683795
164, 100, 1235, 84, 1234, 83, 1, 1, 0.7853981633974483, 1.4142135623730951
164, 101, 843, 408, 843, 413, 0, -5, -1.5707963267948966, 5.0
164, 102, 365, 370, 366, 367, -1, 3, 1.892546881191539, 3.1622776601683795
164, 103, 346, 395, 346, 392, 0, 3, 1.5707963267948966, 3.0
164, 105, 635, 367, 635, 363, 0, 4, 1.5707963267948966, 4.0
164, 106, 124, 542, 123, 538, 1, 4, 1.3258176636680326, 4.123105625617661
164, 108, 608, 165, 609, 164, -1, 1, 2.356194490192345, 1.4142135623730951
164, 109, 614, 153, 615, 152, -1, 1, 2.356194490192345, 1.4142135623730951
164, 110, 485, 364, 484, 368, 1, -4, -1.3258176636680326, 4.123105625617661
164, 112, 359, 361, 360, 358, -1, 3, 1.892546881191539, 3.1622776601683795
164, 113, 383, 580, 382, 578, 1, 2, 1.1071487177940904, 2.23606797749979
164, 114, 710, 291, 710, 293, 0, -2, -1.5707963267948966, 2.0
164, 115, 1215, 340, 1214, 336, 1, 4, 1.3258176636680326, 4.123105625617661
164, 117, 804, 120, 803, 123, 1, -3, -1.2490457723982544, 3.1622776601683795
164, 118, 699, 291, 699, 293, 0, -2, -1.5707963267948966, 2.0
164, 119, 456, 459, 458, 462, -2, -3, -2.158798930342464, 3.605551275463989
164, 120, 482, 94, 482, 97, 0, -3, -1.5707963267948966, 3.0
164, 122, 1214, 127, 1213, 125, 1, 2, 1.1071487177940904, 2.23606797749979
164, 123, 1196, 159, 1196, 157, 0, 2, 1.5707963267948966, 2.0
164, 124, 1240, 304, 1238, 301, 2, 3, 0.982793723247329, 3.605551275463989
164, 125, 633, 326, 633, 322, 0, 4, 1.5707963267948966, 4.0
164, 128, 148, 88, 149, 87, -1, 1, 2.356194490192345, 1.4142135623730951
164, 129, 701, 382, 701, 385, 0, -3, -1.5707963267948966, 3.0
164, 130, 625, 379, 624, 376, 1, 3, 1.2490457723982544, 3.1622776601683795
164, 131, 1177, 152, 1177, 149, 0, 3, 1.5707963267948966, 3.0
164, 133, 1066, 140, 1067, 143, -1, -3, -1.892546881191539, 3.1622776601683795
164, 135, 704, 302, 704, 305, 0, -3, -1.5707963267948966, 3.0
164, 136, 481, 109, 482, 112, -1, -3, -1.892546881191539, 3.1622776601683795
164, 137, 637, 460, 637, 458, 0, 2, 1.5707963267948966, 2.0
164, 138, 1206, 373, 1207, 369, -1, 4, 1.8157749899217608, 4.123105625617661
164, 140, 493, 364, 493, 368, 0, -4, -1.5707963267948966, 4.0
164, 141, 817, 22, 819, 22, -2, 0, 3.141592653589793, 2.0
165, 2, 863, 325, 864, 328, -1, -3, -1.892546881191539, 3.1622776601683795
165, 4, 497, 382, 497, 385, 0, -3, -1.5707963267948966, 3.0
165, 5, 290, 16, 287, 16, 3, 0, 0.0, 3.0
165, 6, 1067, 127, 1068, 130, -1, -3, -1.892546881191539, 3.1622776601683795
165, 7, 622, 115, 623, 113, -1, 2, 2.0344439357957027, 2.23606797749979
165, 8, 801, 241, 801, 237, 0, 4, 1.5707963267948966, 4.0
165, 9, 852, 324, 852, 327, 0, -3, -1.5707963267948966, 3.0
165, 11, 484, 382, 484, 386, 0, -4, -1.5707963267948966, 4.0
165, 12, 367, 479, 368, 475, -1, 4, 1.8157749899217608, 4.123105625617661
165, 14, 13, 410, 11, 408, 2, 2, 0.7853981633974483, 2.8284271247461903
165, 16, 645, 385, 645, 383, 0, 2, 1.5707963267948966, 2.0
165, 19, 793, 86, 792, 89, 1, -3, -1.2490457723982544, 3.1622776601683795
165, 20, 465, 77, 466, 81, -1, -4, -1.8157749899217608, 4.123105625617661
165, 22, 1243, 353, 1241, 350, 2, 3, 0.982793723247329, 3.605551275463989
165, 23, 1067, 139, 1068, 142, -1, -3, -1.892546881191539, 3.1622776601683795
165, 25, 487, 39, 488, 41, -1, -2, -2.0344439357957027, 2.23606797749979
165, 27, 125, 553, 123, 550, 2, 3, 0.982793723247329, 3.605551275463989
165, 28, 288, 25, 285, 25, 3, 0, 0.0, 3.0
165, 29, 1222, 386, 1221, 383, 1, 3, 1.2490457723982544, 3.1622776601683795
165, 32, 1055, 218, 1056, 221, -1, -3, -1.892546881191539, 3.1622776601683795
165, 33, 699, 312, 699, 315, 0, -3, -1.5707963267948966, 3.0
165, 34, 361, 533, 362, 530, -1, 3, 1.892546881191539, 3.1622776601683795
165, 35, 664, 305, 665, 301, -1, 4, 1.8157749899217608, 4.123105625617661
165, 36, 1188, 198, 1188, 195, 0, 3, 1.5707963267948966, 3.0
165, 38, 635, 376, 635, 372, 0, 4, 1.5707963267948966, 4.0
165, 39, 286, 47, 284, 47, 2, 0, 0.0, 2.0
165, 40, 1245, 308, 1243, 306, 2, 2, 0.7853981633974483, 2.8284271247461903
165, 41, 788, 240, 788, 236, 0, 4, 1.5707963267948966, 4.0
165, 43, 637, 366, 637, 362, 0, 4, 1.5707963267948966, 4.0
165, 45, 351, 398, 352, 395, -1, 3, 1.892546881191539, 3.1622776601683795
165, 48, 16, 436, 14, 434, 2, 2, 0.7853981633974483, 2.8284271247461903
165, 49, 1039, 178, 1040, 182, -1, -4, -1.8157749899217608, 4.123105625617661
165, 53, 804, 107, 803, 110, 1, -3, -1.2490457723982544, 3.1622776601683795
165, 54, 141, 545, 140, 542, 1, 3, 1.2490457723982544, 3.1622776601683795
165, 56, 706, 318, 706, 321, 0, -3, -1.5707963267948966, 3.0
165, 57, 645, 478, 645, 474, 0, 4, 1.5707963267948966, 4.0
165, 58, 170, 596, 169, 593, 1, 3, 1.2490457723982544, 3.1622776601683795
165, 59, 712, 311, 712, 314, 0, -3, -1.5707963267948966, 3.0
165, 60, 465, 435, 466, 438, -1, -3, -1.892546881191539, 3.1622776601683795
165, 61, 382, 441, 383, 439, -1, 2, 2.0344439357957027, 2.23606797749979
165, 65, 780, 126, 780, 128, 0, -2, -1.5707963267948966, 2.0
165, 67, 494, 47, 495, 49, -1, -2, -2.0344439357957027, 2.23606797749979
165, 68, 1055, 138, 1056, 141, -1, -3, -1.892546881191539, 3.1622776601683795
165, 69, 455, 459, 457, 461, -2, -2, -2.356194490192345, 2.8284271247461903
165, 71, 461, 86, 462, 90, -1, -4, -1.8157749899217608, 4.123105625617661
165, 72, 994, 18, 993, 19, 1, -1, -0.7853981633974483, 1.4142135623730951
165, 73, 285, 54, 283, 54, 2, 0, 0.0, 2.0
165, 75, 507, 391, 508, 394, -1, -3, -1.892546881191539, 3.1622776601683795
165, 77, 614, 438, 614, 435, 0, 3, 1.5707963267948966, 3.0
165, 79, 772, 272, 772, 270, 0, 2, 1.5707963267948966, 2.0
165, 81, 844, 332, 844, 335, 0, -3, -1.5707963267948966, 3.0
165, 82, 1195, 91, 1194, 90, 1, 1, 0.7853981633974483, 1.4142135623730951
165, 83, 472, 86, 473, 90, -1, -4, -1.8157749899217608, 4.123105625617661
165, 84, 649, 289, 650, 285, -1, 4, 1.8157749899217608, 4.123105625617661
165, 85, 793, 233, 793, 229, 0, 4, 1.5707963267948966, 4.0
165, 86, 739, 210, 739, 214, 0, -4, -1.5707963267948966, 4.0
165, 87, 479, 170, 479, 173, 0, -3, -1.5707963267948966, 3.0
165, 90, 1188, 128, 1187, 127, 1, 1, 0.7853981633974483, 1.4142135623730951
165, 92, 646, 297, 647, 293, -1, 4, 1.8157749899217608, 4.123105625617661
165, 93, 481, 73, 482, 75, -1, -2, -2.0344439357957027, 2.23606797749979
165, 96, 632, 478, 633, 477, -1, 1, 2.356194490192345, 1.4142135623730951
165, 97, 388, 396, 389, 393, -1, 3, 1.892546881191539, 3.1622776601683795
165, 99, 300, 57, 298, 57, 2, 0, 0.0, 2.0
165, 104, 702, 297, 702, 300, 0, -3, -1.5707963267948966, 3.0
165, 105, 484, 48, 485, 50, -1, -2, -2.0344439357957027, 2.23606797749979
165, 106, 370, 468, 371, 464, -1, 4, 1.8157749899217608, 4.123105625617661
165, 107, 726, 284, 727, 286, -1, -2, -2.0344439357957027, 2.23606797749979
165, 110, 1234, 300, 1232, 298, 2, 2, 0.7853981633974483, 2.8284271247461903
165, 112, 370, 368, 370, 364, 0, 4, 1.5707963267948966, 4.0
165, 113, 1195, 187, 1195, 184, 0, 3, 1.5707963267948966, 3.0
165, 115, 1201, 364, 1200, 361, 1, 3, 1.2490457723982544, 3.1622776601683795
165, 116, 1216, 128, 1215, 127, 1, 1, 0.7853981633974483, 1.4142135623730951
165, 118, 382, 476, 384, 473, -2, 3, 2.158798930342464, 3.605551275463989
165, 119, 1229, 309, 1227, 307, 2, 2, 0.7853981633974483, 2.8284271247461903
165, 121, 377, 468, 378, 464, -1, 4, 1.8157749899217608, 4.123105625617661
165, 122, 859, 310, 860, 313, -1, -3, -1.892546881191539, 3.1622776601683795
165, 123, 149, 75, 150, 74, -1, 1, 2.356194490192345, 1.4142135623730951
165, 126, 706, 350, 706, 353, 0, -3, -1.5707963267948966, 3.0
165, 129, 396, 536, 397, 532, -1, 4, 1.8157749899217608, 4.123105625617661
165, 130, 630, 153, 631, 151, -1, 2, 2.0344439357957027, 2.23606797749979
165, 132, 810, 36, 812, 36, -2, 0, 3.141592653589793, 2.0
165, 133, 1051, 188, 1052, 190, -1, -2, -2.0344439357957027, 2.23606797749979
165, 134, 617, 152, 618, 150, -1, 2, 2.0344439357957027, 2.23606797749979
165, 135, 1209, 84, 1208, 83, 1, 1, 0.7853981633974483, 1.4142135623730951
165, 136, 785, 314, 783, 311, 2, 3, 0.982793723247329, 3.605551275463989
165, 145, 1193, 147, 1194, 145, -1, 2, 2.0344439357957027, 2.23606797749979
165, 148, 499, 120, 499, 122, 0, -2, -1.5707963267948966, 2.0
165, 150, 501, 465, 502, 471, -1, -6, -1.7359450042095235, 6.082762530298219
165, 151, 486, 370, 486, 374, 0, -4, -1.5707963267948966, 4.0
165, 152, 147, 639, 147, 636, 0, 3, 1.5707963267948966, 3.0
165, 154, 805, 259, 805, 256, 0, 3, 1.5707963267948966, 3.0
165, 155, 611, 163, 612, 161, -1, 2, 2.0344439357957027, 2.23606797749979
165, 157, 617, 200, 618, 197, -1, 3, 1.892546881191539, 3.1622776601683795
165, 159, 848, 398, 848, 403, 0, -5, -1.5707963267948966, 5.0
165, 161, 355, 358, 356, 355, -1, 3, 1.892546881191539, 3.1622776601683795
165, 162, 712, 297, 712, 300, 0, -3, -1.5707963267948966, 3.0
165, 164, 1184, 145, 1184, 142, 0, 3, 1.5707963267948966, 3.0
165, 165, 474, 391, 474, 395, 0, -4, -1.5707963267948966, 4.0
165, 167, 22, 430, 20, 428, 2, 2, 0.7853981633974483, 2.8284271247461903
165, 169, 492, 28, 492, 30, 0, -2, -1.5707963267948966, 2.0
165, 170, 20, 469, 19, 468, 1, 1, 0.7853981633974483, 1.4142135623730951
165, 171, 463, 463, 465, 465, -2, -2, -2.356194490192345, 2.8284271247461903
165, 172, 871, 331, 872, 334, -1, -3, -1.892546881191539, 3.1622776601683795
165, 173, 362, 358, 363, 355, -1, 3, 1.892546881191539, 3.1622776601683795
165, 175, 125, 539, 123, 536, 2, 3, 0.982793723247329, 3.605551275463989
165, 176, 722, 292, 723, 294, -1, -2, -2.0344439357957027, 2.23606797749979
165, 177, 1177, 251, 1177, 246, 0, 5, 1.5707963267948966, 5.0
165, 178, 659, 355, 660, 352, -1, 3, 1.892546881191539, 3.1622776601683795
165, 180, 647, 463, 646, 460, 1, 3, 1.2490457723982544, 3.1622776601683795
165, 181, 125, 614, 126, 613, -1, 1, 2.356194490192345, 1.4142135623730951
165, 183, 633, 325, 633, 321, 0, 4, 1.5707963267948966, 4.0
165, 186, 1234, 82, 1233, 81, 1, 1, 0.7853981633974483, 1.4142135623730951
166, 2, 862, 322, 863, 325, -1, -3, -1.892546881191539, 3.1622776601683795
166, 4, 497, 378, 497, 382, 0, -4, -1.5707963267948966, 4.0
166, 5, 293, 16, 290, 16, 3, 0, 0.0, 3.0
166, 6, 1066, 124, 1067, 127, -1, -3, -1.892546881191539, 3.1622776601683795
166, 7, 621, 118, 622, 115, -1, 3, 1.892546881191539, 3.1622776601683795
166, 8, 801, 245, 801, 241, 0, 4, 1.5707963267948966, 4.0
166, 9, 851, 321, 852, 324, -1, -3, -1.892546881191539, 3.1622776601683795
166, 10, 371, 449, 372, 448, -1, 1, 2.356194490192345, 1.4142135623730951
166, 11, 484, 378, 484, 382, 0, -4, -1.5707963267948966, 4.0
166, 12, 365, 484, 367, 479, -2, 5, 1.9513027039072615, 5.385164807134504
166, 14, 15, 412, 13, 410, 2, 2, 0.7853981633974483, 2.8284271247461903
166, 16, 645, 387, 645, 385, 0, 2, 1.5707963267948966, 2.0
166, 19, 793, 83, 793, 86, 0, -3, -1.5707963267948966, 3.0
166, 20, 465, 73, 465, 77, 0, -4, -1.5707963267948966, 4.0
166, 22, 1244, 356, 1243, 353, 1, 3, 1.2490457723982544, 3.1622776601683795
166, 23, 1066, 136, 1067, 139, -1, -3, -1.892546881191539, 3.1622776601683795
166, 25, 486, 37, 487, 39, -1, -2, -2.0344439357957027, 2.23606797749979
166, 27, 126, 556, 125, 553, 1, 3, 1.2490457723982544, 3.1622776601683795
166, 28, 291, 26, 288, 25, 3, 1, 0.3217505543966422, 3.1622776601683795
166, 29, 1222, 389, 1222, 386, 0, 3, 1.5707963267948966, 3.0
166, 32, 1054, 216, 1055, 218, -1, -2, -2.0344439357957027, 2.23606797749979
166, 33, 699, 309, 699, 312, 0, -3, -1.5707963267948966, 3.0
166, 34, 360, 537, 361, 533, -1, 4, 1.8157749899217608, 4.123105625617661
166, 35, 663, 309, 664, 305, -1, 4, 1.8157749899217608, 4.123105625617661
166, 36, 1188, 201, 1188, 198, 0, 3, 1.5707963267948966, 3.0
166, 38, 636, 379, 635, 376, 1, 3, 1.2490457723982544, 3.1622776601683795
166, 39, 289, 47, 286, 47, 3, 0, 0.0, 3.0
166, 40, 1246, 311, 1245, 308, 1, 3, 1.2490457723982544, 3.1622776601683795
166, 41, 788, 244, 788, 240, 0, 4, 1.5707963267948966, 4.0
166, 43, 637, 370, 637, 366, 0, 4, 1.5707963267948966, 4.0
166, 45, 350, 402, 351, 398, -1, 4, 1.8157749899217608, 4.123105625617661
166, 48, 18, 438, 16, 436, 2, 2, 0.7853981633974483, 2.8284271247461903
166, 49, 1038, 174, 1039, 178, -1, -4, -1.8157749899217608, 4.123105625617661
166, 53, 804, 104, 804, 107, 0, -3, -1.5707963267948966, 3.0
166, 54, 141, 548, 141, 545, 0, 3, 1.5707963267948966, 3.0
166, 56, 706, 315, 706, 318, 0, -3, -1.5707963267948966, 3.0
166, 57, 645, 481, 645, 478, 0, 3, 1.5707963267948966, 3.0
166, 58, 170, 598, 170, 596, 0, 2, 1.5707963267948966, 2.0
166, 59, 712, 308, 712, 311, 0, -3, -1.5707963267948966, 3.0
166, 60, 464, 432, 465, 435, -1, -3, -1.892546881191539, 3.1622776601683795
166, 61, 380, 442, 382, 441, -2, 1, 2.677945044588987, 2.23606797749979
166, 63, 1208, 408, 1209, 407, -1, 1, 2.356194490192345, 1.4142135623730951
166, 65, 780, 123, 780, 126, 0, -3, -1.5707963267948966, 3.0
166, 67, 493, 45, 494, 47, -1, -2, -2.0344439357957027, 2.23606797749979
166, 68, 1054, 135, 1055, 138, -1, -3, -1.892546881191539, 3.1622776601683795
166, 69, 454, 456, 455, 459, -1, -3, -1.892546881191539, 3.1622776601683795
166, 71, 460, 82, 461, 86, -1, -4, -1.8157749899217608, 4.123105625617661
166, 73, 287, 54, 285, 54, 2, 0, 0.0, 2.0
166, 75, 507, 387, 507, 391, 0, -4, -1.5707963267948966, 4.0
166, 77, 615, 441, 614, 438, 1, 3, 1.2490457723982544, 3.1622776601683795
166, 79, 772, 274, 772, 272, 0, 2, 1.5707963267948966, 2.0
166, 81, 843, 329, 844, 332, -1, -3, -1.892546881191539, 3.1622776601683795
166, 82, 1196, 92, 1195, 91, 1, 1, 0.7853981633974483, 1.4142135623730951
166, 83, 471, 83, 472, 86, -1, -3, -1.892546881191539, 3.1622776601683795
166, 84, 648, 293, 649, 289, -1, 4, 1.8157749899217608, 4.123105625617661
166, 85, 793, 237, 793, 233, 0, 4, 1.5707963267948966, 4.0
166, 86, 739, 206, 739, 210, 0, -4, -1.5707963267948966, 4.0
166, 87, 479, 167, 479, 170, 0, -3, -1.5707963267948966, 3.0
166, 92, 645, 301, 646, 297, -1, 4, 1.8157749899217608, 4.123105625617661
166, 93, 480, 70, 481, 73, -1, -3, -1.892546881191539, 3.1622776601683795
166, 97, 387, 399, 388, 396, -1, 3, 1.892546881191539, 3.1622776601683795
166, 99, 302, 56, 300, 57, 2, -1, -0.4636476090008061, 2.23606797749979
166, 104, 702, 294, 702, 297, 0, -3, -1.5707963267948966, 3.0
166, 105, 483, 46, 484, 48, -1, -2, -2.0344439357957027, 2.23606797749979
166, 106, 368, 472, 370, 468, -2, 4, 2.0344439357957027, 4.47213595499958
166, 107, 725, 282, 726, 284, -1, -2, -2.0344439357957027, 2.23606797749979
166, 110, 1235, 303, 1234, 300, 1, 3, 1.2490457723982544, 3.1622776601683795
166, 112, 369, 372, 370, 368, -1, 4, 1.8157749899217608, 4.123105625617661
166, 113, 1195, 190, 1195, 187, 0, 3, 1.5707963267948966, 3.0
166, 115, 1202, 367, 1201, 364, 1, 3, 1.2490457723982544, 3.1622776601683795
166, 116, 1217, 129, 1216, 128, 1, 1, 0.7853981633974483, 1.4142135623730951
166, 118, 380, 479, 382, 476, -2, 3, 2.158798930342464, 3.605551275463989
166, 119, 1230, 312, 1229, 309, 1, 3, 1.2490457723982544, 3.1622776601683795
166, 120, 628, 199, 629, 198, -1, 1, 2.356194490192345, 1.4142135623730951
166, 121, 375, 471, 377, 468, -2, 3, 2.158798930342464, 3.605551275463989
166, 122, 858, 306, 859, 310, -1, -4, -1.8157749899217608, 4.123105625617661
166, 123, 148, 76, 149, 75, -1, 1, 2.356194490192345, 1.4142135623730951
166, 124, 836, 372, 836, 375, 0, -3, -1.5707963267948966, 3.0
166, 126, 706, 348, 706, 350, 0, -2, -1.5707963267948966, 2.0
166, 129, 397, 539, 396, 536, 1, 3, 1.2490457723982544, 3.1622776601683795
166, 130, 629, 155, 630, 153, -1, 2, 2.0344439357957027, 2.23606797749979
166, 132, 807, 36, 810, 36, -3, 0, 3.141592653589793, 3.0
166, 133, 1051, 186, 1051, 188, 0, -2, -1.5707963267948966, 2.0
166, 134, 616, 154, 617, 152, -1, 2, 2.0344439357957027, 2.23606797749979
166, 135, 1210, 85, 1209, 84, 1, 1, 0.7853981633974483, 1.4142135623730951
166, 136, 786, 317, 785, 314, 1, 3, 1.2490457723982544, 3.1622776601683795
166, 144, 717, 351, 717, 353, 0, -2, -1.5707963267948966, 2.0
166, 145, 1192, 149, 1193, 147, -1, 2, 2.0344439357957027, 2.23606797749979
166, 148, 499, 118, 499, 120, 0, -2, -1.5707963267948966, 2.0
166, 150, 500, 459, 501, 465, -1, -6, -1.7359450042095235, 6.082762530298219
166, 151, 486, 366, 486, 370, 0, -4, -1.5707963267948966, 4.0
166, 152, 147, 641, 147, 639, 0, 2, 1.5707963267948966, 2.0
166, 154, 805, 263, 805, 259, 0, 4, 1.5707963267948966, 4.0
166, 155, 610, 165, 611, 163, -1, 2, 2.0344439357957027, 2.23606797749979
166, 157, 616, 203, 617, 200, -1, 3, 1.892546881191539, 3.1622776601683795
166, 159, 848, 392, 848, 398, 0, -6, -1.5707963267948966, 6.0
166, 161, 354, 362, 355, 358, -1, 4, 1.8157749899217608, 4.123105625617661
166, 162, 712, 294, 712, 297, 0, -3, -1.5707963267948966, 3.0
166, 164, 1184, 147, 1184, 145, 0, 2, 1.5707963267948966, 2.0
166, 165, 474, 387, 474, 391, 0, -4, -1.5707963267948966, 4.0
166, 167, 24, 431, 22, 430, 2, 1, 0.4636476090008061, 2.23606797749979
166, 168, 492, 26, 492, 28, 0, -2, -1.5707963267948966, 2.0
166, 169, 22, 472, 20, 469, 2, 3, 0.982793723247329, 3.605551275463989
166, 170, 461, 461, 463, 463, -2, -2, -2.356194490192345, 2.8284271247461903
166, 171, 870, 328, 871, 331, -1, -3, -1.892546881191539, 3.1622776601683795
166, 172, 361, 362, 362, 358, -1, 4, 1.8157749899217608, 4.123105625617661
166, 174, 127, 542, 125, 539, 2, 3, 0.982793723247329, 3.605551275463989
166, 175, 722, 290, 722, 292, 0, -2, -1.5707963267948966, 2.0
166, 176, 1178, 255, 1177, 251, 1, 4, 1.3258176636680326, 4.123105625617661
166, 177, 659, 358, 659, 355, 0, 3, 1.5707963267948966, 3.0
166, 179, 648, 464, 647, 463, 1, 1, 0.7853981633974483, 1.4142135623730951
166, 180, 124, 617, 125, 614, -1, 3, 1.892546881191539, 3.1622776601683795
166, 182, 633, 329, 633, 325, 0, 4, 1.5707963267948966, 4.0
166, 184, 149, 51, 150, 50, -1, 1, 2.356194490192345, 1.4142135623730951
166, 185, 1235, 83, 1234, 82, 1, 1, 0.7853981633974483, 1.4142135623730951
167, 2, 861, 318, 862, 322, -1, -4, -1.8157749899217608, 4.123105625617661
167, 4, 497, 374, 497, 378, 0, -4, -1.5707963267948966, 4.0
167, 5, 296, 17, 293, 16, 3, 1, 0.3217505543966422, 3.1622776601683795
167, 6, 1065, 119, 1066, 124, -1, -5, -1.7681918866447774, 5.0990195135927845
167, 7, 619, 122, 621, 118, -2, 4, 2.0344439357957027, 4.47213595499958
167, 8, 800, 249, 801, 245, -1, 4, 1.8157749899217608, 4.123105625617661
167, 9, 850, 317, 851, 321, -1, -4, -1.8157749899217608, 4.123105625617661
167, 10, 369, 450, 371, 449, -2, 1, 2.677945044588987, 2.23606797749979
167, 11, 484, 374, 484, 378, 0, -4, -1.5707963267948966, 4.0
167, 12, 364, 488, 365, 484, -1, 4, 1.8157749899217608, 4.123105625617661
167, 16, 646, 389, 645, 387, 1, 2, 1.1071487177940904, 2.23606797749979
167, 17, 802, 18, 804, 18, -2, 0, 3.141592653589793, 2.0
167, 19, 794, 78, 793, 83, 1, -5, -1.373400766945016, 5.0990195135927845
167, 20, 464, 68, 465, 73, -1, -5, -1.7681918866447774, 5.0990195135927845
167, 22, 1246, 359, 1244, 356, 2, 3, 0.982793723247329, 3.605551275463989
167, 23, 1065, 131, 1066, 136, -1, -5, -1.7681918866447774, 5.0990195135927845
167, 25, 484, 32, 486, 37, -2, -5, -1.9513027039072615, 5.385164807134504
167, 27, 127, 558, 126, 556, 1, 2, 1.1071487177940904, 2.23606797749979
167, 28, 294, 25, 291, 26, 3, -1, -0.3217505543966422, 3.1622776601683795
167, 29, 1223, 391, 1222, 389, 1, 2, 1.1071487177940904, 2.23606797749979
167, 30, 1236, 126, 1235, 124, 1, 2, 1.1071487177940904, 2.23606797749979
167, 32, 1052, 214, 1054, 216, -2, -2, -2.356194490192345, 2.8284271247461903
167, 33, 700, 305, 699, 309, 1, -4, -1.3258176636680326, 4.123105625617661
167, 34, 357, 540, 360, 537, -3, 3, 2.356194490192345, 4.242640687119285
167, 35, 662, 313, 663, 309, -1, 4, 1.8157749899217608, 4.123105625617661
167, 36, 1189, 205, 1188, 201, 1, 4, 1.3258176636680326, 4.123105625617661
167, 37, 854, 418, 854, 422, 0, -4, -1.5707963267948966, 4.0
167, 38, 637, 382, 636, 379, 1, 3, 1.2490457723982544, 3.1622776601683795
167, 39, 291, 47, 289, 47, 2, 0, 0.0, 2.0
167, 40, 1246, 314, 1246, 311, 0, 3, 1.5707963267948966, 3.0
167, 41, 788, 247, 788, 244, 0, 3, 1.5707963267948966, 3.0
167, 42, 638, 373, 637, 370, 1, 3, 1.2490457723982544, 3.1622776601683795
167, 44, 348, 405, 350, 402, -2, 3, 2.158798930342464, 3.605551275463989
167, 47, 21, 439, 18, 438, 3, 1, 0.3217505543966422, 3.1622776601683795
167, 48, 1036, 171, 1038, 174, -2, -3, -2.158798930342464, 3.605551275463989
167, 51, 495, 493, 497, 497, -2, -4, -2.0344439357957027, 4.47213595499958
167, 52, 805, 100, 804, 104, 1, -4, -1.3258176636680326, 4.123105625617661
167, 53, 140, 551, 141, 548, -1, 3, 1.892546881191539, 3.1622776601683795
167, 55, 706, 310, 706, 315, 0, -5, -1.5707963267948966, 5.0
167, 56, 646, 482, 645, 481, 1, 1, 0.7853981633974483, 1.4142135623730951
167, 57, 170, 602, 170, 598, 0, 4, 1.5707963267948966, 4.0
167, 58, 712, 303, 712, 308, 0, -5, -1.5707963267948966, 5.0
167, 59, 464, 427, 464, 432, 0, -5, -1.5707963267948966, 5.0
167, 60, 377, 443, 380, 442, -3, 1, 2.819842099193151, 3.1622776601683795
167, 61, 292, 60, 289, 60, 3, 0, 0.0, 3.0
167, 63, 765, 42, 767, 42, -2, 0, 3.141592653589793, 2.0
167, 64, 780, 120, 780, 123, 0, -3, -1.5707963267948966, 3.0
167, 66, 491, 40, 493, 45, -2, -5, -1.9513027039072615, 5.385164807134504
167, 67, 1052, 131, 1054, 135, -2, -4, -2.0344439357957027, 4.47213595499958
167, 68, 453, 452, 454, 456, -1, -4, -1.8157749899217608, 4.123105625617661
167, 70, 459, 77, 460, 82, -1, -5, -1.7681918866447774, 5.0990195135927845
167, 72, 289, 54, 287, 54, 2, 0, 0.0, 2.0
167, 73, 653, 382, 652, 381, 1, 1, 0.7853981633974483, 1.4142135623730951
167, 74, 507, 383, 507, 387, 0, -4, -1.5707963267948966, 4.0
167, 76, 616, 443, 615, 441, 1, 2, 1.1071487177940904, 2.23606797749979
167, 78, 773, 277, 772, 274, 1, 3, 1.2490457723982544, 3.1622776601683795
167, 80, 842, 325, 843, 329, -1, -4, -1.8157749899217608, 4.123105625617661
167, 81, 1198, 95, 1196, 92, 2, 3, 0.982793723247329, 3.605551275463989
167, 82, 470, 78, 471, 83, -1, -5, -1.7681918866447774, 5.0990195135927845
167, 83, 646, 296, 648, 293, -2, 3, 2.158798930342464, 3.605551275463989
167, 84, 793, 240, 793, 237, 0, 3, 1.5707963267948966, 3.0
167, 85, 738, 200, 739, 206, -1, -6, -1.7359450042095235, 6.082762530298219
167, 86, 479, 164, 479, 167, 0, -3, -1.5707963267948966, 3.0
167, 88, 700, 391, 701, 394, -1, -3, -1.892546881191539, 3.1622776601683795
167, 89, 1188, 130, 1188, 128, 0, 2, 1.5707963267948966, 2.0
167, 91, 644, 304, 645, 301, -1, 3, 1.892546881191539, 3.1622776601683795
167, 92, 479, 65, 480, 70, -1, -5, -1.7681918866447774, 5.0990195135927845
167, 96, 385, 403, 387, 399, -2, 4, 2.0344439357957027, 4.47213595499958
167, 98, 305, 56, 302, 56, 3, 0, 0.0, 3.0
167, 101, 655, 432, 655, 430, 0, 2, 1.5707963267948966, 2.0
167, 103, 703, 290, 702, 294, 1, -4, -1.3258176636680326, 4.123105625617661
167, 104, 481, 41, 483, 46, -2, -5, -1.9513027039072615, 5.385164807134504
167, 105, 366, 475, 368, 472, -2, 3, 2.158798930342464, 3.605551275463989
167, 106, 724, 280, 725, 282, -1, -2, -2.0344439357957027, 2.23606797749979
167, 109, 1236, 306, 1235, 303, 1, 3, 1.2490457723982544, 3.1622776601683795
167, 111, 365, 374, 369, 372, -4, 2, 2.677945044588987, 4.47213595499958
167, 112, 1196, 194, 1195, 190, 1, 4, 1.3258176636680326, 4.123105625617661
167, 113, 392, 554, 393, 552, -1, 2, 2.0344439357957027, 2.23606797749979
167, 114, 1203, 366, 1202, 367, 1, -1, -0.7853981633974483, 1.4142135623730951
167, 115, 1220, 131, 1217, 129, 3, 2, 0.5880026035475675, 3.605551275463989
167, 116, 1197, 132, 1196, 130, 1, 2, 1.1071487177940904, 2.23606797749979
167, 117, 378, 482, 380, 479, -2, 3, 2.158798930342464, 3.605551275463989
167, 118, 1232, 315, 1230, 312, 2, 3, 0.982793723247329, 3.605551275463989
167, 120, 374, 474, 375, 471, -1, 3, 1.892546881191539, 3.1622776601683795
167, 121, 857, 301, 858, 306, -1, -5, -1.7681918866447774, 5.0990195135927845
167, 122, 147, 79, 148, 76, -1, 3, 1.892546881191539, 3.1622776601683795
167, 123, 836, 367, 836, 372, 0, -5, -1.5707963267948966, 5.0
167, 124, 785, 14, 787, 14, -2, 0, 3.141592653589793, 2.0
167, 125, 706, 343, 706, 348, 0, -5, -1.5707963267948966, 5.0
167, 126, 1231, 130, 1229, 128, 2, 2, 0.7853981633974483, 2.8284271247461903
167, 128, 399, 540, 397, 539, 2, 1, 0.4636476090008061, 2.23606797749979
167, 129, 628, 158, 629, 155, -1, 3, 1.892546881191539, 3.1622776601683795
167, 131, 804, 36, 807, 36, -3, 0, 3.141592653589793, 3.0
167, 132, 615, 157, 616, 154, -1, 3, 1.892546881191539, 3.1622776601683795
167, 133, 1212, 88, 1210, 85, 2, 3, 0.982793723247329, 3.605551275463989
167, 134, 789, 320, 786, 317, 3, 3, 0.7853981633974483, 4.242640687119285
167, 142, 717, 347, 717, 351, 0, -4, -1.5707963267948966, 4.0
167, 143, 1192, 151, 1192, 149, 0, 2, 1.5707963267948966, 2.0
167, 146, 498, 116, 499, 118, -1, -2, -2.0344439357957027, 2.23606797749979
167, 149, 486, 362, 486, 366, 0, -4, -1.5707963267948966, 4.0
167, 150, 146, 639, 147, 641, -1, -2, -2.0344439357957027, 2.23606797749979
167, 151, 143, 20, 145, 19, -2, 1, 2.677945044588987, 2.23606797749979
167, 152, 805, 270, 805, 263, 0, 7, 1.5707963267948966, 7.0
167, 153, 609, 168, 610, 165, -1, 3, 1.892546881191539, 3.1622776601683795
167, 155, 615, 205, 616, 203, -1, 2, 2.0344439357957027, 2.23606797749979
167, 157, 848, 390, 848, 392, 0, -2, -1.5707963267948966, 2.0
167, 159, 354, 365, 354, 362, 0, 3, 1.5707963267948966, 3.0
167, 160, 713, 289, 712, 294, 1, -5, -1.373400766945016, 5.0990195135927845
167, 162, 1185, 148, 1184, 147, 1, 1, 0.7853981633974483, 1.4142135623730951
167, 163, 473, 383, 474, 387, -1, -4, -1.8157749899217608, 4.123105625617661
167, 165, 26, 431, 24, 431, 2, 0, 0.0, 2.0
167, 166, 492, 24, 492, 26, 0, -2, -1.5707963267948966, 2.0
167, 167, 25, 474, 22, 472, 3, 2, 0.5880026035475675, 3.605551275463989
167, 168, 460, 458, 461, 461, -1, -3, -1.892546881191539, 3.1622776601683795
167, 169, 870, 324, 870, 328, 0, -4, -1.5707963267948966, 4.0
167, 170, 360, 366, 361, 362, -1, 4, 1.8157749899217608, 4.123105625617661
167, 171, 154, 28, 155, 27, -1, 1, 2.356194490192345, 1.4142135623730951
167, 172, 129, 545, 127, 542, 2, 3, 0.982793723247329, 3.605551275463989
167, 173, 723, 287, 722, 290, 1, -3, -1.2490457723982544, 3.1622776601683795
167, 174, 1178, 259, 1178, 255, 0, 4, 1.5707963267948966, 4.0
167, 175, 659, 361, 659, 358, 0, 3, 1.5707963267948966, 3.0
167, 178, 123, 620, 124, 617, -1, 3, 1.892546881191539, 3.1622776601683795
167, 180, 633, 331, 633, 329, 0, 2, 1.5707963267948966, 2.0
167, 182, 148, 52, 149, 51, -1, 1, 2.356194490192345, 1.4142135623730951
167, 183, 1237, 85, 1235, 83, 2, 2, 0.7853981633974483, 2.8284271247461903
168, 2, 860, 313, 861, 318, -1, -5, -1.7681918866447774, 5.0990195135927845
168, 4, 497, 369, 497, 374, 0, -5, -1.5707963267948966, 5.0
168, 5, 299, 17, 296, 17, 3, 0, 0.0, 3.0
168, 6, 1064, 117, 1065, 119, -1, -2, -2.0344439357957027, 2.23606797749979
168, 7, 618, 125, 619, 122, -1, 3, 1.892546881191539, 3.1622776601683795
168, 8, 799, 252, 800, 249, -1, 3, 1.892546881191539, 3.1622776601683795
168, 9, 849, 312, 850, 317, -1, -5, -1.7681918866447774, 5.0990195135927845
168, 10, 367, 450, 369, 450, -2, 0, 3.141592653589793, 2.0
168, 11, 484, 370, 484, 374, 0, -4, -1.5707963267948966, 4.0
168, 12, 363, 491, 364, 488, -1, 3, 1.892546881191539, 3.1622776601683795
168, 14, 17, 414, 15, 412, 2, 2, 0.7853981633974483, 2.8284271247461903
168, 16, 645, 391, 646, 389, -1, 2, 2.0344439357957027, 2.23606797749979
168, 19, 793, 76, 794, 78, -1, -2, -2.0344439357957027, 2.23606797749979
168, 20, 464, 66, 464, 68, 0, -2, -1.5707963267948966, 2.0
168, 22, 1246, 363, 1246, 359, 0, 4, 1.5707963267948966, 4.0
168, 23, 1064, 129, 1065, 131, -1, -2, -2.0344439357957027, 2.23606797749979
168, 25, 483, 30, 484, 32, -1, -2, -2.0344439357957027, 2.23606797749979
168, 27, 128, 561, 127, 558, 1, 3, 1.2490457723982544, 3.1622776601683795
168, 28, 297, 25, 294, 25, 3, 0, 0.0, 3.0
168, 29, 1223, 393, 1223, 391, 0, 2, 1.5707963267948966, 2.0
168, 30, 1237, 127, 1236, 126, 1, 1, 0.7853981633974483, 1.4142135623730951
168, 32, 700, 301, 700, 305, 0, -4, -1.5707963267948966, 4.0
168, 33, 355, 543, 357, 540, -2, 3, 2.158798930342464, 3.605551275463989
168, 34, 661, 316, 662, 313, -1, 3, 1.892546881191539, 3.1622776601683795
168, 35, 1189, 207, 1189, 205, 0, 2, 1.5707963267948966, 2.0
168, 36, 854, 414, 854, 418, 0, -4, -1.5707963267948966, 4.0
168, 37, 636, 385, 637, 382, -1, 3, 1.892546881191539, 3.1622776601683795
168, 38, 294, 47, 291, 47, 3, 0, 0.0, 3.0
168, 39, 1246, 318, 1246, 314, 0, 4, 1.5707963267948966, 4.0
168, 40, 787, 250, 788, 247, -1, 3, 1.892546881191539, 3.1622776601683795
168, 41, 637, 376, 638, 373, -1, 3, 1.892546881191539, 3.1622776601683795
168, 43, 347, 408, 348, 405, -1, 3, 1.892546881191539, 3.1622776601683795
168, 46, 24, 440, 21, 439, 3, 1, 0.3217505543966422, 3.1622776601683795
168, 47, 1035, 167, 1036, 171, -1, -4, -1.8157749899217608, 4.123105625617661
168, 50, 493, 490, 495, 493, -2, -3, -2.158798930342464, 3.605551275463989
168, 51, 805, 98, 805, 100, 0, -2, -1.5707963267948966, 2.0
168, 52, 140, 554, 140, 551, 0, 3, 1.5707963267948966, 3.0
168, 54, 706, 306, 706, 310, 0, -4, -1.5707963267948966, 4.0
168, 56, 170, 605, 170, 602, 0, 3, 1.5707963267948966, 3.0
168, 57, 712, 299, 712, 303, 0, -4, -1.5707963267948966, 4.0
168, 58, 464, 422, 464, 427, 0, -5, -1.5707963267948966, 5.0
168, 59, 375, 442, 377, 443, -2, -1, -2.677945044588987, 2.23606797749979
168, 60, 294, 60, 292, 60, 2, 0, 0.0, 2.0
168, 65, 490, 37, 491, 40, -1, -3, -1.892546881191539, 3.1622776601683795
168, 66, 1051, 128, 1052, 131, -1, -3, -1.892546881191539, 3.1622776601683795
168, 67, 453, 448, 453, 452, 0, -4, -1.5707963267948966, 4.0
168, 69, 459, 75, 459, 77, 0, -2, -1.5707963267948966, 2.0
168, 71, 292, 54, 289, 54, 3, 0, 0.0, 3.0
168, 73, 507, 378, 507, 383, 0, -5, -1.5707963267948966, 5.0
168, 75, 616, 447, 616, 443, 0, 4, 1.5707963267948966, 4.0
168, 77, 773, 281, 773, 277, 0, 4, 1.5707963267948966, 4.0
168, 79, 841, 320, 842, 325, -1, -5, -1.7681918866447774, 5.0990195135927845
168, 81, 470, 76, 470, 78, 0, -2, -1.5707963267948966, 2.0
168, 82, 645, 299, 646, 296, -1, 3, 1.892546881191539, 3.1622776601683795
168, 83, 792, 243, 793, 240, -1, 3, 1.892546881191539, 3.1622776601683795
168, 84, 737, 197, 738, 200, -1, -3, -1.892546881191539, 3.1622776601683795
168, 85, 479, 162, 479, 164, 0, -2, -1.5707963267948966, 2.0
168, 87, 699, 388, 700, 391, -1, -3, -1.892546881191539, 3.1622776601683795
168, 90, 643, 307, 644, 304, -1, 3, 1.892546881191539, 3.1622776601683795
168, 91, 478, 62, 479, 65, -1, -3, -1.892546881191539, 3.1622776601683795
168, 94, 384, 407, 385, 403, -1, 4, 1.8157749899217608, 4.123105625617661
168, 96, 307, 55, 305, 56, 2, -1, -0.4636476090008061, 2.23606797749979
168, 99, 655, 435, 655, 432, 0, 3, 1.5707963267948966, 3.0
168, 101, 703, 286, 703, 290, 0, -4, -1.5707963267948966, 4.0
168, 102, 480, 38, 481, 41, -1, -3, -1.892546881191539, 3.1622776601683795
168, 103, 365, 478, 366, 475, -1, 3, 1.892546881191539, 3.1622776601683795
168, 104, 724, 278, 724, 280, 0, -2, -1.5707963267948966, 2.0
168, 107, 1236, 310, 1236, 306, 0, 4, 1.5707963267948966, 4.0
168, 109, 363, 378, 365, 374, -2, 4, 2.0344439357957027, 4.47213595499958
168, 110, 1196, 197, 1196, 194, 0, 3, 1.5707963267948966, 3.0
168, 111, 392, 559, 392, 554, 0, 5, 1.5707963267948966, 5.0
168, 112, 1205, 366, 1203, 366, 2, 0, 0.0, 2.0
168, 113, 1221, 132, 1220, 131, 1, 1, 0.7853981633974483, 1.4142135623730951
168, 115, 377, 485, 378, 482, -1, 3, 1.892546881191539, 3.1622776601683795
168, 116, 1233, 318, 1232, 315, 1, 3, 1.2490457723982544, 3.1622776601683795
168, 118, 373, 478, 374, 474, -1, 4, 1.8157749899217608, 4.123105625617661
168, 119, 856, 296, 857, 301, -1, -5, -1.7681918866447774, 5.0990195135927845
168, 120, 146, 81, 147, 79, -1, 2, 2.0344439357957027, 2.23606797749979
168, 121, 835, 362, 836, 367, -1, -5, -1.7681918866447774, 5.0990195135927845
168, 123, 706, 339, 706, 343, 0, -4, -1.5707963267948966, 4.0
168, 124, 1232, 131, 1231, 130, 1, 1, 0.7853981633974483, 1.4142135623730951
168, 126, 399, 545, 399, 540, 0, 5, 1.5707963267948966, 5.0
168, 127, 627, 160, 628, 158, -1, 2, 2.0344439357957027, 2.23606797749979
168, 130, 614, 160, 615, 157, -1, 3, 1.892546881191539, 3.1622776601683795
168, 132, 789, 322, 789, 320, 0, 2, 1.5707963267948966, 2.0
168, 140, 717, 343, 717, 347, 0, -4, -1.5707963267948966, 4.0
168, 141, 1193, 153, 1192, 151, 1, 2, 1.1071487177940904, 2.23606797749979
168, 144, 497, 114, 498, 116, -1, -2, -2.0344439357957027, 2.23606797749979
168, 147, 486, 357, 486, 362, 0, -5, -1.5707963267948966, 5.0
168, 148, 146, 642, 146, 639, 0, 3, 1.5707963267948966, 3.0
168, 149, 142, 21, 143, 20, -1, 1, 2.356194490192345, 1.4142135623730951
168, 150, 805, 274, 805, 270, 0, 4, 1.5707963267948966, 4.0
168, 151, 608, 170, 609, 168, -1, 2, 2.0344439357957027, 2.23606797749979
168, 153, 615, 207, 615, 205, 0, 2, 1.5707963267948966, 2.0
168, 156, 353, 369, 354, 365, -1, 4, 1.8157749899217608, 4.123105625617661
168, 157, 714, 285, 713, 289, 1, -4, -1.3258176636680326, 4.123105625617661
168, 159, 1186, 149, 1185, 148, 1, 1, 0.7853981633974483, 1.4142135623730951
168, 160, 472, 378, 473, 383, -1, -5, -1.7681918866447774, 5.0990195135927845
168, 162, 28, 432, 26, 431, 2, 1, 0.4636476090008061, 2.23606797749979
168, 165, 460, 455, 460, 458, 0, -3, -1.5707963267948966, 3.0
168, 166, 869, 319, 870, 324, -1, -5, -1.7681918866447774, 5.0990195135927845
168, 167, 359, 370, 360, 366, -1, 4, 1.8157749899217608, 4.123105625617661
168, 168, 153, 29, 154, 28, -1, 1, 2.356194490192345, 1.4142135623730951
168, 169, 131, 548, 129, 545, 2, 3, 0.982793723247329, 3.605551275463989
168, 170, 724, 285, 723, 287, 1, -2, -1.1071487177940904, 2.23606797749979
168, 171, 1176, 261, 1178, 259, -2, 2, 2.356194490192345, 2.8284271247461903
168, 172, 660, 363, 659, 361, 1, 2, 1.1071487177940904, 2.23606797749979
168, 174, 647, 467, 648, 464, -1, 3, 1.892546881191539, 3.1622776601683795
168, 175, 123, 624, 123, 620, 0, 4, 1.5707963267948966, 4.0
168, 177, 632, 334, 633, 331, -1, 3, 1.892546881191539, 3.1622776601683795
168, 179, 147, 53, 148, 52, -1, 1, 2.356194490192345, 1.4142135623730951
169, 0, 859, 308, 860, 313, -1, -5, -1.7681918866447774, 5.0990195135927845
169, 1, 496, 364, 497, 369, -1, -5, -1.7681918866447774, 5.0990195135927845
169, 2, 302, 17, 299, 17, 3, 0, 0.0, 3.0
169, 3, 1063, 115, 1064, 117, -1, -2, -2.0344439357957027, 2.23606797749979
169, 4, 616, 127, 618, 125, -2, 2, 2.356194490192345, 2.8284271247461903
169, 5, 798, 254, 799, 252, -1, 2, 2.0344439357957027, 2.23606797749979
169, 6, 848, 307, 849, 312, -1, -5, -1.7681918866447774, 5.0990195135927845
169, 7, 365, 450, 367, 450, -2, 0, 3.141592653589793, 2.0
169, 8, 483, 366, 484, 370, -1, -4, -1.8157749899217608, 4.123105625617661
169, 9, 362, 494, 363, 491, -1, 3, 1.892546881191539, 3.1622776601683795
169, 11, 19, 416, 17, 414, 2, 2, 0.7853981633974483, 2.8284271247461903
169, 13, 644, 393, 645, 391, -1, 2, 2.0344439357957027, 2.23606797749979
169, 15, 793, 74, 793, 76, 0, -2, -1.5707963267948966, 2.0
169, 16, 464, 64, 464, 66, 0, -2, -1.5707963267948966, 2.0
169, 18, 1246, 367, 1246, 363, 0, 4, 1.5707963267948966, 4.0
169, 19, 1063, 127, 1064, 129, -1, -2, -2.0344439357957027, 2.23606797749979
169, 21, 482, 28, 483, 30, -1, -2, -2.0344439357957027, 2.23606797749979
169, 23, 129, 564, 128, 561, 1, 3, 1.2490457723982544, 3.1622776601683795
169, 24, 301, 25, 297, 25, 4, 0, 0.0, 4.0
169, 25, 1224, 389, 1223, 393, 1, -4, -1.3258176636680326, 4.123105625617661
169, 26, 1238, 128, 1237, 127, 1, 1, 0.7853981633974483, 1.4142135623730951
169, 27, 700, 296, 700, 301, 0, -5, -1.5707963267948966, 5.0
169, 28, 353, 545, 355, 543, -2, 2, 2.356194490192345, 2.8284271247461903
169, 29, 660, 318, 661, 316, -1, 2, 2.0344439357957027, 2.23606797749979
169, 30, 1189, 209, 1189, 207, 0, 2, 1.5707963267948966, 2.0
169, 31, 854, 408, 854, 414, 0, -6, -1.5707963267948966, 6.0
169, 32, 636, 389, 636, 385, 0, 4, 1.5707963267948966, 4.0
169, 33, 297, 47, 294, 47, 3, 0, 0.0, 3.0
169, 34, 1246, 322, 1246, 318, 0, 4, 1.5707963267948966, 4.0
169, 35, 786, 253, 787, 250, -1, 3, 1.892546881191539, 3.1622776601683795
169, 36, 636, 379, 637, 376, -1, 3, 1.892546881191539, 3.1622776601683795
169, 38, 345, 411, 347, 408, -2, 3, 2.158798930342464, 3.605551275463989
169, 41, 26, 441, 24, 440, 2, 1, 0.4636476090008061, 2.23606797749979
169, 42, 1034, 163, 1035, 167, -1, -4, -1.8157749899217608, 4.123105625617661
169, 45, 492, 485, 493, 490, -1, -5, -1.7681918866447774, 5.0990195135927845
169, 46, 805, 96, 805, 98, 0, -2, -1.5707963267948966, 2.0
169, 47, 139, 557, 140, 554, -1, 3, 1.892546881191539, 3.1622776601683795
169, 48, 706, 301, 706, 306, 0, -5, -1.5707963267948966, 5.0
169, 49, 171, 609, 170, 605, 1, 4, 1.3258176636680326, 4.123105625617661
169, 50, 712, 294, 712, 299, 0, -5, -1.5707963267948966, 5.0
169, 51, 463, 418, 464, 422, -1, -4, -1.8157749899217608, 4.123105625617661
169, 53, 296, 59, 294, 60, 2, -1, -0.4636476090008061, 2.23606797749979
169, 55, 780, 117, 780, 119, 0, -2, -1.5707963267948966, 2.0
169, 57, 489, 34, 490, 37, -1, -3, -1.892546881191539, 3.1622776601683795
169, 58, 1050, 126, 1051, 128, -1, -2, -2.0344439357957027, 2.23606797749979
169, 59, 453, 444, 453, 448, 0, -4, -1.5707963267948966, 4.0
169, 60, 459, 73, 459, 75, 0, -2, -1.5707963267948966, 2.0
169, 62, 295, 54, 292, 54, 3, 0, 0.0, 3.0
169, 64, 506, 373, 507, 378, -1, -5, -1.7681918866447774, 5.0990195135927845
169, 65, 616, 451, 616, 447, 0, 4, 1.5707963267948966, 4.0
169, 66, 773, 286, 773, 281, 0, 5, 1.5707963267948966, 5.0
169, 68, 840, 316, 841, 320, -1, -4, -1.8157749899217608, 4.123105625617661
169, 70, 470, 74, 470, 76, 0, -2, -1.5707963267948966, 2.0
169, 71, 644, 301, 645, 299, -1, 2, 2.0344439357957027, 2.23606797749979
169, 72, 791, 246, 792, 243, -1, 3, 1.892546881191539, 3.1622776601683795
169, 73, 736, 195, 737, 197, -1, -2, -2.0344439357957027, 2.23606797749979
169, 74, 479, 160, 479, 162, 0, -2, -1.5707963267948966, 2.0
169, 75, 698, 384, 699, 388, -1, -4, -1.8157749899217608, 4.123105625617661
169, 77, 642, 309, 643, 307, -1, 2, 2.0344439357957027, 2.23606797749979
169, 78, 477, 59, 478, 62, -1, -3, -1.892546881191539, 3.1622776601683795
169, 79, 794, 308, 795, 305, -1, 3, 1.892546881191539, 3.1622776601683795
169, 81, 383, 411, 384, 407, -1, 4, 1.8157749899217608, 4.123105625617661
169, 82, 310, 54, 307, 55, 3, -1, -0.3217505543966422, 3.1622776601683795
169, 84, 655, 438, 655, 435, 0, 3, 1.5707963267948966, 3.0
169, 85, 703, 281, 703, 286, 0, -5, -1.5707963267948966, 5.0
169, 86, 479, 35, 480, 38, -1, -3, -1.892546881191539, 3.1622776601683795
169, 87, 364, 481, 365, 478, -1, 3, 1.892546881191539, 3.1622776601683795
169, 88, 723, 276, 724, 278, -1, -2, -2.0344439357957027, 2.23606797749979
169, 91, 1236, 314, 1236, 310, 0, 4, 1.5707963267948966, 4.0
169, 93, 362, 382, 363, 378, -1, 4, 1.8157749899217608, 4.123105625617661
169, 94, 1196, 200, 1196, 197, 0, 3, 1.5707963267948966, 3.0
169, 95, 392, 564, 392, 559, 0, 5, 1.5707963267948966, 5.0
169, 96, 1207, 366, 1205, 366, 2, 0, 0.0, 2.0
169, 97, 1222, 133, 1221, 132, 1, 1, 0.7853981633974483, 1.4142135623730951
169, 99, 377, 488, 377, 485, 0, 3, 1.5707963267948966, 3.0
169, 100, 1234, 321, 1233, 318, 1, 3, 1.2490457723982544, 3.1622776601683795
169, 102, 372, 481, 373, 478, -1, 3, 1.892546881191539, 3.1622776601683795
169, 103, 856, 291, 856, 296, 0, -5, -1.5707963267948966, 5.0
169, 104, 145, 82, 146, 81, -1, 1, 2.356194490192345, 1.4142135623730951
169, 105, 833, 357, 835, 362, -2, -5, -1.9513027039072615, 5.385164807134504
169, 107, 706, 335, 706, 339, 0, -4, -1.5707963267948966, 4.0
169, 108, 1233, 132, 1232, 131, 1, 1, 0.7853981633974483, 1.4142135623730951
169, 110, 399, 549, 399, 545, 0, 4, 1.5707963267948966, 4.0
169, 111, 626, 162, 627, 160, -1, 2, 2.0344439357957027, 2.23606797749979
169, 113, 613, 162, 614, 160, -1, 2, 2.0344439357957027, 2.23606797749979
169, 121, 717, 339, 717, 343, 0, -4, -1.5707963267948966, 4.0
169, 125, 496, 112, 497, 114, -1, -2, -2.0344439357957027, 2.23606797749979
169, 127, 485, 352, 486, 357, -1, -5, -1.7681918866447774, 5.0990195135927845
169, 128, 147, 646, 146, 642, 1, 4, 1.3258176636680326, 4.123105625617661
169, 130, 804, 277, 805, 274, -1, 3, 1.892546881191539, 3.1622776601683795
169, 131, 607, 172, 608, 170, -1, 2, 2.0344439357957027, 2.23606797749979
169, 135, 352, 373, 353, 369, -1, 4, 1.8157749899217608, 4.123105625617661
169, 136, 714, 280, 714, 285, 0, -5, -1.5707963267948966, 5.0
169, 138, 470, 374, 472, 378, -2, -4, -2.0344439357957027, 4.47213595499958
169, 140, 30, 433, 28, 432, 2, 1, 0.4636476090008061, 2.23606797749979
169, 143, 461, 452, 460, 455, 1, -3, -1.2490457723982544, 3.1622776601683795
169, 144, 869, 314, 869, 319, 0, -5, -1.5707963267948966, 5.0
169, 145, 358, 374, 359, 370, -1, 4, 1.8157749899217608, 4.123105625617661
169, 146, 152, 30, 153, 29, -1, 1, 2.356194490192345, 1.4142135623730951
169, 147, 132, 551, 131, 548, 1, 3, 1.2490457723982544, 3.1622776601683795
169, 148, 724, 283, 724, 285, 0, -2, -1.5707963267948966, 2.0
169, 149, 1175, 262, 1176, 261, -1, 1, 2.356194490192345, 1.4142135623730951
169, 150, 661, 365, 660, 363, 1, 2, 1.1071487177940904, 2.23606797749979
169, 152, 647, 470, 647, 467, 0, 3, 1.5707963267948966, 3.0
169, 153, 124, 628, 123, 624, 1, 4, 1.3258176636680326, 4.123105625617661
169, 154, 631, 337, 632, 334, -1, 3, 1.892546881191539, 3.1622776601683795
169, 156, 146, 54, 147, 53, -1, 1, 2.356194490192345, 1.4142135623730951
170, 0, 864, 312, 864, 316, 0, -4, -1.5707963267948966, 4.0
170, 1, 326, 72, 325, 71, 1, 1, 0.7853981633974483, 1.4142135623730951
170, 3, 1224, 376, 1224, 373, 0, 3, 1.5707963267948966, 3.0
170, 5, 366, 491, 366, 488, 0, 3, 1.5707963267948966, 3.0
170, 6, 132, 624, 131, 620, 1, 4, 1.3258176636680326, 4.123105625617661
170, 7, 850, 312, 851, 316, -1, -4, -1.8157749899217608, 4.123105625617661
170, 9, 301, 17, 298, 18, 3, -1, -0.3217505543966422, 3.1622776601683795
170, 10, 130, 575, 129, 571, 1, 4, 1.3258176636680326, 4.123105625617661
170, 11, 801, 250, 802, 249, -1, 1, 2.356194490192345, 1.4142135623730951
170, 12, 497, 368, 498, 373, -1, -5, -1.7681918866447774, 5.0990195135927845
170, 13, 1066, 122, 1067, 124, -1, -2, -2.0344439357957027, 2.23606797749979
170, 14, 620, 124, 621, 122, -1, 2, 2.0344439357957027, 2.23606797749979
170, 15, 484, 369, 485, 373, -1, -4, -1.8157749899217608, 4.123105625617661
170, 16, 1247, 367, 1246, 363, 1, 4, 1.3258176636680326, 4.123105625617661
170, 18, 1038, 165, 1039, 169, -1, -4, -1.8157749899217608, 4.123105625617661
170, 19, 468, 72, 468, 74, 0, -2, -1.5707963267948966, 2.0
170, 20, 172, 656, 171, 657, 1, -1, -0.7853981633974483, 1.4142135623730951
170, 21, 296, 60, 294, 61, 2, -1, -0.4636476090008061, 2.23606797749979
170, 22, 646, 401, 647, 398, -1, 3, 1.892546881191539, 3.1622776601683795
170, 23, 467, 422, 467, 427, 0, -5, -1.5707963267948966, 5.0
170, 24, 309, 58, 306, 59, 3, -1, -0.3217505543966422, 3.1622776601683795
170, 27, 638, 377, 638, 375, 0, 2, 1.5707963267948966, 2.0
170, 28, 25, 445, 24, 444, 1, 1, 0.7853981633974483, 1.4142135623730951
170, 30, 637, 387, 637, 384, 0, 3, 1.5707963267948966, 3.0
170, 31, 708, 307, 708, 312, 0, -5, -1.5707963267948966, 5.0
170, 32, 297, 48, 294, 49, 3, -1, -0.3217505543966422, 3.1622776601683795
170, 34, 146, 566, 147, 563, -1, 3, 1.892546881191539, 3.1622776601683795
170, 35, 300, 26, 296, 27, 4, -1, -0.24497866312686414, 4.123105625617661
170, 36, 485, 33, 486, 35, -1, -2, -2.0344439357957027, 2.23606797749979
170, 37, 701, 297, 701, 302, 0, -5, -1.5707963267948966, 5.0
170, 38, 456, 445, 456, 448, 0, -3, -1.5707963267948966, 3.0
170, 40, 1192, 206, 1191, 205, 1, 1, 0.7853981633974483, 1.4142135623730951
170, 42, 350, 413, 351, 410, -1, 3, 1.892546881191539, 3.1622776601683795
170, 43, 663, 315, 664, 313, -1, 2, 2.0344439357957027, 2.23606797749979
170, 44, 471, 160, 472, 162, -1, -2, -2.0344439357957027, 2.23606797749979
170, 45, 1054, 132, 1055, 134, -1, -2, -2.0344439357957027, 2.23606797749979
170, 46, 126, 629, 125, 624, 1, 5, 1.373400766945016, 5.0990195135927845
170, 47, 1247, 323, 1247, 319, 0, 4, 1.5707963267948966, 4.0
170, 49, 1214, 143, 1213, 142, 1, 1, 0.7853981633974483, 1.4142135623730951
170, 50, 786, 250, 787, 248, -1, 2, 2.0344439357957027, 2.23606797749979
170, 51, 480, 63, 481, 66, -1, -3, -1.892546881191539, 3.1622776601683795
170, 52, 563, 14, 564, 16, -1, -2, -2.0344439357957027, 2.23606797749979
170, 53, 510, 419, 510, 425, 0, -6, -1.5707963267948966, 6.0
170, 54, 842, 320, 843, 324, -1, -4, -1.8157749899217608, 4.123105625617661
170, 55, 371, 475, 372, 471, -1, 4, 1.8157749899217608, 4.123105625617661
170, 57, 492, 40, 493, 43, -1, -3, -1.892546881191539, 3.1622776601683795
170, 58, 619, 457, 619, 453, 0, 4, 1.5707963267948966, 4.0
170, 59, 715, 300, 715, 305, 0, -5, -1.5707963267948966, 5.0
170, 60, 462, 81, 462, 83, 0, -2, -1.5707963267948966, 2.0
170, 62, 562, 87, 562, 89, 0, -2, -1.5707963267948966, 2.0
170, 66, 644, 307, 645, 305, -1, 2, 2.0344439357957027, 2.23606797749979
170, 67, 738, 204, 739, 206, -1, -2, -2.0344439357957027, 2.23606797749979
170, 68, 473, 81, 473, 83, 0, -2, -1.5707963267948966, 2.0
170, 69, 483, 41, 484, 44, -1, -3, -1.892546881191539, 3.1622776601683795
170, 71, 504, 428, 504, 433, 0, -5, -1.5707963267948966, 5.0
170, 72, 791, 243, 792, 241, -1, 2, 2.0344439357957027, 2.23606797749979
170, 73, 798, 243, 799, 241, -1, 2, 2.0344439357957027, 2.23606797749979
170, 76, 507, 377, 508, 382, -1, -5, -1.7681918866447774, 5.0990195135927845
170, 78, 1238, 429, 1236, 426, 2, 3, 0.982793723247329, 3.605551275463989
170, 79, 368, 381, 369, 377, -1, 4, 1.8157749899217608, 4.123105625617661
170, 82, 772, 287, 772, 283, 0, 4, 1.5707963267948966, 4.0
170, 83, 994, 19, 992, 19, 2, 0, 0.0, 2.0
170, 84, 660, 435, 659, 431, 1, 4, 1.3258176636680326, 4.123105625617661
170, 85, 365, 483, 366, 479, -1, 4, 1.8157749899217608, 4.123105625617661
170, 87, 462, 451, 461, 454, 1, -3, -1.2490457723982544, 3.1622776601683795
170, 88, 633, 166, 635, 166, -2, 0, 3.141592653589793, 2.0
170, 90, 391, 564, 391, 560, 0, 4, 1.5707963267948966, 4.0
170, 92, 148, 80, 149, 78, -1, 2, 2.0344439357957027, 2.23606797749979
170, 93, 1034, 21, 1032, 20, 2, 1, 0.4636476090008061, 2.23606797749979
170, 94, 613, 163, 615, 161, -2, 2, 2.356194490192345, 2.8284271247461903
170, 95, 487, 356, 488, 361, -1, -5, -1.7681918866447774, 5.0990195135927845
170, 97, 313, 45, 310, 46, 3, -1, -0.3217505543966422, 3.1622776601683795
170, 98, 857, 408, 857, 415, 0, -7, -1.5707963267948966, 7.0
170, 99, 858, 297, 858, 302, 0, -5, -1.5707963267948966, 5.0
170, 101, 1237, 314, 1236, 310, 1, 4, 1.3258176636680326, 4.123105625617661
170, 103, 719, 342, 719, 346, 0, -4, -1.5707963267948966, 4.0
170, 104, 517, 430, 516, 436, 1, -6, -1.4056476493802699, 6.082762530298219
170, 105, 21, 414, 20, 412, 1, 2, 1.1071487177940904, 2.23606797749979
170, 107, 170, 96, 171, 95, -1, 1, 2.356194490192345, 1.4142135623730951
170, 108, 386, 408, 387, 404, -1, 4, 1.8157749899217608, 4.123105625617661
170, 109, 145, 23, 146, 22, -1, 1, 2.356194490192345, 1.4142135623730951
170, 111, 1196, 155, 1195, 154, 1, 1, 0.7853981633974483, 1.4142135623730951
170, 113, 32, 439, 30, 438, 2, 1, 0.4636476090008061, 2.23606797749979
170, 114, 478, 430, 478, 433, 0, -3, -1.5707963267948966, 3.0
170, 116, 871, 318, 871, 322, 0, -4, -1.5707963267948966, 4.0
170, 119, 150, 55, 151, 54, -1, 1, 2.356194490192345, 1.4142135623730951
170, 122, 1200, 162, 1199, 160, 1, 2, 1.1071487177940904, 2.23606797749979
170, 123, 782, 120, 782, 122, 0, -2, -1.5707963267948966, 2.0
170, 124, 375, 470, 377, 466, -2, 4, 2.0344439357957027, 4.47213595499958
170, 125, 1233, 323, 1232, 320, 1, 3, 1.2490457723982544, 3.1622776601683795
170, 126, 468, 456, 468, 461, 0, -5, -1.5707963267948966, 5.0
170, 127, 646, 299, 647, 297, -1, 2, 2.0344439357957027, 2.23606797749979
170, 128, 479, 150, 479, 153, 0, -3, -1.5707963267948966, 3.0
170, 129, 811, 291, 811, 287, 0, 4, 1.5707963267948966, 4.0
170, 130, 155, 31, 156, 30, -1, 1, 2.356194490192345, 1.4142135623730951
170, 131, 401, 546, 401, 543, 0, 3, 1.5707963267948966, 3.0
170, 133, 150, 95, 151, 93, -1, 2, 2.0344439357957027, 2.23606797749979
170, 134, 1219, 138, 1218, 137, 1, 1, 0.7853981633974483, 1.4142135623730951
170, 136, 184, 621, 183, 617, 1, 4, 1.3258176636680326, 4.123105625617661
170, 137, 1199, 195, 1198, 193, 1, 2, 1.1071487177940904, 2.23606797749979
170, 138, 693, 333, 693, 338, 0, -5, -1.5707963267948966, 5.0
170, 139, 649, 506, 651, 502, -2, 4, 2.0344439357957027, 4.47213595499958
170, 141, 704, 286, 704, 291, 0, -5, -1.5707963267948966, 5.0
170, 143, 397, 569, 397, 565, 0, 4, 1.5707963267948966, 4.0
170, 144, 1245, 314, 1244, 310, 1, 4, 1.3258176636680326, 4.123105625617661
170, 145, 354, 372, 355, 368, -1, 4, 1.8157749899217608, 4.123105625617661
170, 146, 802, 125, 803, 127, -1, -2, -2.0344439357957027, 2.23606797749979
170, 147, 805, 271, 806, 269, -1, 2, 2.0344439357957027, 2.23606797749979
170, 148, 1201, 170, 1200, 168, 1, 2, 1.1071487177940904, 2.23606797749979
170, 151, 156, 569, 157, 566, -1, 3, 1.892546881191539, 3.1622776601683795
170, 152, 658, 309, 659, 307, -1, 2, 2.0344439357957027, 2.23606797749979
170, 153, 361, 372, 362, 368, -1, 4, 1.8157749899217608, 4.123105625617661
170, 154, 631, 337, 632, 335, -1, 2, 2.0344439357957027, 2.23606797749979
170, 155, 715, 287, 715, 292, 0, -5, -1.5707963267948966, 5.0
170, 156, 18, 439, 16, 438, 2, 1, 0.4636476090008061, 2.23606797749979
170, 157, 708, 298, 708, 303, 0, -5, -1.5707963267948966, 5.0
170, 159, 472, 378, 474, 382, -2, -4, -2.0344439357957027, 4.47213595499958
171, 0, 864, 308, 864, 312, 0, -4, -1.5707963267948966, 4.0
171, 3, 1225, 379, 1224, 376, 1, 3, 1.2490457723982544, 3.1622776601683795
171, 5, 365, 494, 366, 491, -1, 3, 1.892546881191539, 3.1622776601683795
171, 6, 133, 628, 132, 624, 1, 4, 1.3258176636680326, 4.123105625617661
171, 7, 850, 308, 850, 312, 0, -4, -1.5707963267948966, 4.0
171, 8, 304, 16, 301, 17, 3, -1, -0.3217505543966422, 3.1622776601683795
171, 9, 130, 579, 130, 575, 0, 4, 1.5707963267948966, 4.0
171, 11, 496, 363, 497, 368, -1, -5, -1.7681918866447774, 5.0990195135927845
171, 12, 1065, 120, 1066, 122, -1, -2, -2.0344439357957027, 2.23606797749979
171, 13, 618, 125, 620, 124, -2, 1, 2.677945044588987, 2.23606797749979
171, 14, 483, 365, 484, 369, -1, -4, -1.8157749899217608, 4.123105625617661
171, 15, 1249, 370, 1247, 367, 2, 3, 0.982793723247329, 3.605551275463989
171, 16, 1037, 162, 1038, 165, -1, -3, -1.892546881191539, 3.1622776601683795
171, 17, 468, 70, 468, 72, 0, -2, -1.5707963267948966, 2.0
171, 19, 300, 59, 296, 60, 4, -1, -0.24497866312686414, 4.123105625617661
171, 20, 646, 404, 646, 401, 0, 3, 1.5707963267948966, 3.0
171, 21, 466, 418, 467, 422, -1, -4, -1.8157749899217608, 4.123105625617661
171, 22, 312, 58, 309, 58, 3, 0, 0.0, 3.0
171, 24, 637, 379, 638, 377, -1, 2, 2.0344439357957027, 2.23606797749979
171, 25, 26, 447, 25, 445, 1, 2, 1.1071487177940904, 2.23606797749979
171, 27, 637, 391, 637, 387, 0, 4, 1.5707963267948966, 4.0
171, 28, 707, 302, 708, 307, -1, -5, -1.7681918866447774, 5.0990195135927845
171, 29, 300, 47, 297, 48, 3, -1, -0.3217505543966422, 3.1622776601683795
171, 31, 145, 570, 146, 566, -1, 4, 1.8157749899217608, 4.123105625617661
171, 32, 304, 25, 300, 26, 4, -1, -0.24497866312686414, 4.123105625617661
171, 33, 485, 31, 485, 33, 0, -2, -1.5707963267948966, 2.0
171, 34, 701, 292, 701, 297, 0, -5, -1.5707963267948966, 5.0
171, 35, 456, 442, 456, 445, 0, -3, -1.5707963267948966, 3.0
171, 37, 1193, 207, 1192, 206, 1, 1, 0.7853981633974483, 1.4142135623730951
171, 39, 348, 416, 350, 413, -2, 3, 2.158798930342464, 3.605551275463989
171, 40, 662, 316, 663, 315, -1, 1, 2.356194490192345, 1.4142135623730951
171, 41, 470, 158, 471, 160, -1, -2, -2.0344439357957027, 2.23606797749979
171, 42, 1053, 130, 1054, 132, -1, -2, -2.0344439357957027, 2.23606797749979
171, 43, 127, 633, 126, 629, 1, 4, 1.3258176636680326, 4.123105625617661
171, 44, 1248, 327, 1247, 323, 1, 4, 1.3258176636680326, 4.123105625617661
171, 48, 479, 60, 480, 63, -1, -3, -1.892546881191539, 3.1622776601683795
171, 49, 562, 12, 563, 14, -1, -2, -2.0344439357957027, 2.23606797749979
171, 50, 510, 413, 510, 419, 0, -6, -1.5707963267948966, 6.0
171, 51, 841, 316, 842, 320, -1, -4, -1.8157749899217608, 4.123105625617661
171, 52, 370, 478, 371, 475, -1, 3, 1.892546881191539, 3.1622776601683795
171, 54, 491, 37, 492, 40, -1, -3, -1.892546881191539, 3.1622776601683795
171, 55, 619, 460, 619, 457, 0, 3, 1.5707963267948966, 3.0
171, 56, 714, 295, 715, 300, -1, -5, -1.7681918866447774, 5.0990195135927845
171, 57, 462, 79, 462, 81, 0, -2, -1.5707963267948966, 2.0
171, 58, 299, 77, 297, 77, 2, 0, 0.0, 2.0
171, 59, 562, 85, 562, 87, 0, -2, -1.5707963267948966, 2.0
171, 60, 488, 19, 488, 21, 0, -2, -1.5707963267948966, 2.0
171, 62, 643, 308, 644, 307, -1, 1, 2.356194490192345, 1.4142135623730951
171, 63, 737, 202, 738, 204, -1, -2, -2.0344439357957027, 2.23606797749979
171, 65, 482, 38, 483, 41, -1, -3, -1.892546881191539, 3.1622776601683795
171, 67, 503, 424, 504, 428, -1, -4, -1.8157749899217608, 4.123105625617661
171, 68, 790, 244, 791, 243, -1, 1, 2.356194490192345, 1.4142135623730951
171, 69, 797, 244, 798, 243, -1, 1, 2.356194490192345, 1.4142135623730951
171, 70, 167, 684, 166, 686, 1, -2, -1.1071487177940904, 2.23606797749979
171, 71, 506, 372, 507, 377, -1, -5, -1.7681918866447774, 5.0990195135927845
171, 72, 1239, 432, 1238, 429, 1, 3, 1.2490457723982544, 3.1622776601683795
171, 73, 366, 384, 368, 381, -2, 3, 2.158798930342464, 3.605551275463989
171, 76, 772, 290, 772, 287, 0, 3, 1.5707963267948966, 3.0
171, 77, 996, 19, 994, 19, 2, 0, 0.0, 2.0
171, 78, 661, 439, 660, 435, 1, 4, 1.3258176636680326, 4.123105625617661
171, 79, 364, 487, 365, 483, -1, 4, 1.8157749899217608, 4.123105625617661
171, 80, 463, 448, 462, 451, 1, -3, -1.2490457723982544, 3.1622776601683795
171, 81, 631, 166, 633, 166, -2, 0, 3.141592653589793, 2.0
171, 83, 391, 567, 391, 564, 0, 3, 1.5707963267948966, 3.0
171, 86, 611, 165, 613, 163, -2, 2, 2.356194490192345, 2.8284271247461903
171, 87, 486, 351, 487, 356, -1, -5, -1.7681918866447774, 5.0990195135927845
171, 88, 316, 45, 313, 45, 3, 0, 0.0, 3.0
171, 89, 857, 402, 857, 408, 0, -6, -1.5707963267948966, 6.0
171, 90, 858, 292, 858, 297, 0, -5, -1.5707963267948966, 5.0
171, 92, 1238, 318, 1237, 314, 1, 4, 1.3258176636680326, 4.123105625617661
171, 94, 719, 337, 719, 342, 0, -5, -1.5707963267948966, 5.0
171, 95, 517, 425, 517, 430, 0, -5, -1.5707963267948966, 5.0
171, 96, 22, 416, 21, 414, 1, 2, 1.1071487177940904, 2.23606797749979
171, 97, 169, 97, 170, 96, -1, 1, 2.356194490192345, 1.4142135623730951
171, 98, 385, 412, 386, 408, -1, 4, 1.8157749899217608, 4.123105625617661
171, 99, 144, 24, 145, 23, -1, 1, 2.356194490192345, 1.4142135623730951
171, 100, 368, 447, 370, 447, -2, 0, 3.141592653589793, 2.0
171, 103, 33, 441, 32, 439, 1, 2, 1.1071487177940904, 2.23606797749979
171, 104, 478, 426, 478, 430, 0, -4, -1.5707963267948966, 4.0
171, 105, 871, 314, 871, 318, 0, -4, -1.5707963267948966, 4.0
171, 107, 149, 56, 150, 55, -1, 1, 2.356194490192345, 1.4142135623730951
171, 110, 1201, 163, 1200, 162, 1, 1, 0.7853981633974483, 1.4142135623730951
171, 111, 374, 473, 375, 470, -1, 3, 1.892546881191539, 3.1622776601683795
171, 112, 1234, 326, 1233, 323, 1, 3, 1.2490457723982544, 3.1622776601683795
171, 113, 468, 451, 468, 456, 0, -5, -1.5707963267948966, 5.0
171, 114, 645, 301, 646, 299, -1, 2, 2.0344439357957027, 2.23606797749979
171, 115, 479, 146, 479, 150, 0, -4, -1.5707963267948966, 4.0
171, 116, 811, 293, 811, 291, 0, 2, 1.5707963267948966, 2.0
171, 117, 154, 32, 155, 31, -1, 1, 2.356194490192345, 1.4142135623730951
171, 118, 400, 547, 401, 546, -1, 1, 2.356194490192345, 1.4142135623730951
171, 120, 149, 96, 150, 95, -1, 1, 2.356194490192345, 1.4142135623730951
171, 123, 185, 625, 184, 621, 1, 4, 1.3258176636680326, 4.123105625617661
171, 125, 693, 328, 693, 333, 0, -5, -1.5707963267948966, 5.0
171, 126, 649, 508, 649, 506, 0, 2, 1.5707963267948966, 2.0
171, 128, 704, 281, 704, 286, 0, -5, -1.5707963267948966, 5.0
171, 130, 397, 572, 397, 569, 0, 3, 1.5707963267948966, 3.0
171, 131, 1246, 318, 1245, 314, 1, 4, 1.3258176636680326, 4.123105625617661
171, 132, 353, 376, 354, 372, -1, 4, 1.8157749899217608, 4.123105625617661
171, 133, 801, 123, 802, 125, -1, -2, -2.0344439357957027, 2.23606797749979
171, 136, 155, 572, 156, 569, -1, 3, 1.892546881191539, 3.1622776601683795
171, 137, 657, 310, 658, 309, -1, 1, 2.356194490192345, 1.4142135623730951
171, 138, 360, 376, 361, 372, -1, 4, 1.8157749899217608, 4.123105625617661
171, 139, 630, 339, 631, 337, -1, 2, 2.0344439357957027, 2.23606797749979
171, 140, 714, 282, 715, 287, -1, -5, -1.7681918866447774, 5.0990195135927845
171, 142, 707, 293, 708, 298, -1, -5, -1.7681918866447774, 5.0990195135927845
171, 143, 470, 374, 472, 378, -2, -4, -2.0344439357957027, 4.47213595499958
172, 0, 864, 304, 864, 308, 0, -4, -1.5707963267948966, 4.0
172, 1, 329, 71, 327, 72, 2, -1, -0.4636476090008061, 2.23606797749979
172, 2, 172, 74, 173, 72, -1, 2, 2.0344439357957027, 2.23606797749979
172, 3, 1227, 382, 1225, 379, 2, 3, 0.982793723247329, 3.605551275463989
172, 5, 365, 497, 365, 494, 0, 3, 1.5707963267948966, 3.0
172, 6, 132, 629, 133, 628, -1, 1, 2.356194490192345, 1.4142135623730951
172, 7, 849, 304, 850, 308, -1, -4, -1.8157749899217608, 4.123105625617661
172, 8, 307, 14, 304, 16, 3, -2, -0.5880026035475675, 3.605551275463989
172, 9, 130, 583, 130, 579, 0, 4, 1.5707963267948966, 4.0
172, 10, 801, 255, 801, 251, 0, 4, 1.5707963267948966, 4.0
172, 11, 495, 359, 496, 363, -1, -4, -1.8157749899217608, 4.123105625617661
172, 12, 1064, 116, 1065, 120, -1, -4, -1.8157749899217608, 4.123105625617661
172, 13, 615, 127, 618, 125, -3, 2, 2.5535900500422257, 3.605551275463989
172, 14, 481, 362, 483, 365, -2, -3, -2.158798930342464, 3.605551275463989
172, 15, 1252, 372, 1249, 370, 3, 2, 0.5880026035475675, 3.605551275463989
172, 16, 1035, 158, 1037, 162, -2, -4, -2.0344439357957027, 4.47213595499958
172, 17, 468, 66, 468, 70, 0, -4, -1.5707963267948966, 4.0
172, 18, 170, 655, 172, 655, -2, 0, 3.141592653589793, 2.0
172, 19, 303, 60, 300, 59, 3, 1, 0.3217505543966422, 3.1622776601683795
172, 20, 646, 407, 646, 404, 0, 3, 1.5707963267948966, 3.0
172, 21, 465, 414, 466, 418, -1, -4, -1.8157749899217608, 4.123105625617661
172, 22, 315, 58, 312, 58, 3, 0, 0.0, 3.0
172, 23, 798, 19, 800, 20, -2, -1, -2.677945044588987, 2.23606797749979
172, 24, 635, 382, 637, 379, -2, 3, 2.158798930342464, 3.605551275463989
172, 25, 27, 449, 26, 447, 1, 2, 1.1071487177940904, 2.23606797749979
172, 26, 1192, 135, 1191, 133, 1, 2, 1.1071487177940904, 2.23606797749979
172, 27, 636, 394, 637, 391, -1, 3, 1.892546881191539, 3.1622776601683795
172, 28, 707, 298, 707, 302, 0, -4, -1.5707963267948966, 4.0
172, 29, 302, 48, 300, 47, 2, 1, 0.4636476090008061, 2.23606797749979
172, 30, 794, 78, 794, 81, 0, -3, -1.5707963267948966, 3.0
172, 31, 144, 574, 145, 570, -1, 4, 1.8157749899217608, 4.123105625617661
172, 32, 307, 24, 304, 25, 3, -1, -0.3217505543966422, 3.1622776601683795
172, 33, 485, 28, 485, 31, 0, -3, -1.5707963267948966, 3.0
172, 34, 701, 287, 701, 292, 0, -5, -1.5707963267948966, 5.0
172, 35, 458, 439, 456, 442, 2, -3, -0.982793723247329, 3.605551275463989
172, 36, 50, 79, 52, 79, -2, 0, 3.141592653589793, 2.0
172, 37, 1195, 210, 1193, 207, 2, 3, 0.982793723247329, 3.605551275463989
172, 39, 346, 419, 348, 416, -2, 3, 2.158798930342464, 3.605551275463989
172, 40, 662, 320, 662, 316, 0, 4, 1.5707963267948966, 4.0
172, 41, 469, 156, 470, 158, -1, -2, -2.0344439357957027, 2.23606797749979
172, 42, 1052, 126, 1053, 130, -1, -4, -1.8157749899217608, 4.123105625617661
172, 44, 1248, 330, 1248, 327, 0, 3, 1.5707963267948966, 3.0
172, 46, 786, 255, 786, 251, 0, 4, 1.5707963267948966, 4.0
172, 47, 478, 56, 479, 60, -1, -4, -1.8157749899217608, 4.123105625617661
172, 48, 560, 9, 562, 12, -2, -3, -2.158798930342464, 3.605551275463989
172, 49, 509, 405, 510, 413, -1, -8, -1.695151321341658, 8.06225774829855
172, 50, 838, 312, 841, 316, -3, -4, -2.214297435588181, 5.0
172, 52, 783, 15, 785, 15, -2, 0, 3.141592653589793, 2.0
172, 53, 491, 33, 491, 37, 0, -4, -1.5707963267948966, 4.0
172, 54, 618, 462, 619, 460, -1, 2, 2.0344439357957027, 2.23606797749979
172, 55, 713, 291, 714, 295, -1, -4, -1.8157749899217608, 4.123105625617661
172, 56, 462, 75, 462, 79, 0, -4, -1.5707963267948966, 4.0
172, 57, 302, 77, 299, 77, 3, 0, 0.0, 3.0
172, 58, 562, 82, 562, 85, 0, -3, -1.5707963267948966, 3.0
172, 59, 487, 17, 488, 19, -1, -2, -2.0344439357957027, 2.23606797749979
172, 60, 763, 43, 765, 43, -2, 0, 3.141592653589793, 2.0
172, 61, 643, 311, 643, 308, 0, 3, 1.5707963267948966, 3.0
172, 62, 735, 197, 737, 202, -2, -5, -1.9513027039072615, 5.385164807134504
172, 63, 473, 77, 473, 80, 0, -3, -1.5707963267948966, 3.0
172, 64, 482, 34, 482, 38, 0, -4, -1.5707963267948966, 4.0
172, 65, 1198, 100, 1197, 97, 1, 3, 1.2490457723982544, 3.1622776601683795
172, 66, 501, 421, 503, 424, -2, -3, -2.158798930342464, 3.605551275463989
172, 67, 790, 248, 790, 244, 0, 4, 1.5707963267948966, 4.0
172, 68, 797, 248, 797, 244, 0, 4, 1.5707963267948966, 4.0
172, 69, 506, 367, 506, 372, 0, -5, -1.5707963267948966, 5.0
172, 70, 1237, 432, 1239, 432, -2, 0, 3.141592653589793, 2.0
172, 71, 363, 386, 366, 384, -3, 2, 2.5535900500422257, 3.605551275463989
172, 73, 71, 150, 73, 151, -2, -1, -2.677945044588987, 2.23606797749979
172, 75, 999, 20, 996, 19, 3, 1, 0.3217505543966422, 3.1622776601683795
172, 76, 662, 441, 661, 439, 1, 2, 1.1071487177940904, 2.23606797749979
172, 77, 364, 489, 364, 487, 0, 2, 1.5707963267948966, 2.0
172, 78, 465, 445, 463, 448, 2, -3, -0.982793723247329, 3.605551275463989
172, 79, 629, 166, 631, 166, -2, 0, 3.141592653589793, 2.0
172, 81, 147, 84, 148, 81, -1, 3, 1.892546881191539, 3.1622776601683795
172, 83, 609, 167, 611, 165, -2, 2, 2.356194490192345, 2.8284271247461903
172, 84, 484, 347, 486, 351, -2, -4, -2.0344439357957027, 4.47213595499958
172, 85, 319, 46, 316, 45, 3, 1, 0.3217505543966422, 3.1622776601683795
172, 86, 857, 399, 857, 402, 0, -3, -1.5707963267948966, 3.0
172, 87, 858, 287, 858, 292, 0, -5, -1.5707963267948966, 5.0
172, 88, 10, 459, 10, 462, 0, -3, -1.5707963267948966, 3.0
172, 89, 1239, 321, 1238, 318, 1, 3, 1.2490457723982544, 3.1622776601683795
172, 91, 718, 334, 719, 337, -1, -3, -1.892546881191539, 3.1622776601683795
172, 92, 516, 419, 517, 425, -1, -6, -1.7359450042095235, 6.082762530298219
172, 93, 24, 418, 22, 416, 2, 2, 0.7853981633974483, 2.8284271247461903
172, 95, 384, 416, 385, 412, -1, 4, 1.8157749899217608, 4.123105625617661
172, 96, 141, 27, 144, 24, -3, 3, 2.356194490192345, 4.242640687119285
172, 97, 367, 449, 368, 447, -1, 2, 2.0344439357957027, 2.23606797749979
172, 98, 1198, 157, 1196, 156, 2, 1, 0.4636476090008061, 2.23606797749979
172, 99, 34, 442, 33, 441, 1, 1, 0.7853981633974483, 1.4142135623730951
172, 100, 478, 422, 478, 426, 0, -4, -1.5707963267948966, 4.0
172, 101, 872, 310, 871, 314, 1, -4, -1.3258176636680326, 4.123105625617661
172, 102, 1212, 91, 1211, 89, 1, 2, 1.1071487177940904, 2.23606797749979
172, 103, 147, 59, 149, 56, -2, 3, 2.158798930342464, 3.605551275463989
172, 104, 1241, 86, 1238, 85, 3, 1, 0.3217505543966422, 3.1622776601683795
172, 106, 1203, 165, 1201, 163, 2, 2, 0.7853981633974483, 2.8284271247461903
172, 107, 373, 474, 374, 473, -1, 1, 2.356194490192345, 1.4142135623730951
172, 108, 1236, 328, 1234, 326, 2, 2, 0.7853981633974483, 2.8284271247461903
172, 109, 469, 447, 468, 451, 1, -4, -1.3258176636680326, 4.123105625617661
172, 110, 645, 305, 645, 301, 0, 4, 1.5707963267948966, 4.0
172, 111, 477, 141, 479, 146, -2, -5, -1.9513027039072615, 5.385164807134504
172, 113, 151, 35, 154, 32, -3, 3, 2.356194490192345, 4.242640687119285
172, 115, 148, 98, 149, 96, -1, 2, 2.0344439357957027, 2.23606797749979
172, 116, 1220, 140, 1219, 139, 1, 1, 0.7853981633974483, 1.4142135623730951
172, 117, 68, 108, 70, 108, -2, 0, 3.141592653589793, 2.0
172, 118, 186, 627, 185, 625, 1, 2, 1.1071487177940904, 2.23606797749979
172, 119, 1202, 198, 1199, 196, 3, 2, 0.5880026035475675, 3.605551275463989
172, 120, 693, 324, 693, 328, 0, -4, -1.5707963267948966, 4.0
172, 121, 648, 510, 649, 508, -1, 2, 2.0344439357957027, 2.23606797749979
172, 122, 772, 48, 774, 48, -2, 0, 3.141592653589793, 2.0
172, 123, 703, 277, 704, 281, -1, -4, -1.8157749899217608, 4.123105625617661
172, 124, 396, 573, 397, 572, -1, 1, 2.356194490192345, 1.4142135623730951
172, 125, 1248, 321, 1246, 318, 2, 3, 0.982793723247329, 3.605551275463989
172, 126, 352, 379, 353, 376, -1, 3, 1.892546881191539, 3.1622776601683795
172, 127, 801, 120, 801, 123, 0, -3, -1.5707963267948966, 3.0
172, 128, 805, 274, 805, 272, 0, 2, 1.5707963267948966, 2.0
172, 129, 1203, 173, 1201, 171, 2, 2, 0.7853981633974483, 2.8284271247461903
172, 130, 153, 576, 155, 572, -2, 4, 2.0344439357957027, 4.47213595499958
172, 131, 657, 314, 657, 310, 0, 4, 1.5707963267948966, 4.0
172, 132, 359, 380, 360, 376, -1, 4, 1.8157749899217608, 4.123105625617661
172, 133, 630, 343, 630, 339, 0, 4, 1.5707963267948966, 4.0
172, 134, 713, 278, 714, 282, -1, -4, -1.8157749899217608, 4.123105625617661
172, 135, 19, 442, 18, 440, 1, 2, 1.1071487177940904, 2.23606797749979
172, 136, 707, 289, 707, 293, 0, -4, -1.5707963267948966, 4.0
172, 137, 468, 370, 470, 374, -2, -4, -2.0344439357957027, 4.47213595499958
173, 0, 864, 299, 864, 304, 0, -5, -1.5707963267948966, 5.0
173, 2, 171, 75, 172, 74, -1, 1, 2.356194490192345, 1.4142135623730951
173, 3, 1229, 385, 1227, 382, 2, 3, 0.982793723247329, 3.605551275463989
173, 5, 365, 500, 365, 497, 0, 3, 1.5707963267948966, 3.0
173, 6, 132, 632, 132, 629, 0, 3, 1.5707963267948966, 3.0
173, 7, 849, 299, 849, 304, 0, -5, -1.5707963267948966, 5.0
173, 8, 310, 13, 307, 14, 3, -1, -0.3217505543966422, 3.1622776601683795
173, 9, 130, 588, 130, 583, 0, 5, 1.5707963267948966, 5.0
173, 10, 801, 257, 801, 255, 0, 2, 1.5707963267948966, 2.0
173, 11, 494, 354, 495, 359, -1, -5, -1.7681918866447774, 5.0990195135927845
173, 12, 1063, 114, 1064, 116, -1, -2, -2.0344439357957027, 2.23606797749979
173, 13, 614, 128, 615, 127, -1, 1, 2.356194490192345, 1.4142135623730951
173, 14, 480, 358, 481, 362, -1, -4, -1.8157749899217608, 4.123105625617661
173, 15, 1254, 375, 1252, 372, 2, 3, 0.982793723247329, 3.605551275463989
173, 16, 1034, 156, 1035, 158, -1, -2, -2.0344439357957027, 2.23606797749979
173, 17, 468, 64, 468, 66, 0, -2, -1.5707963267948966, 2.0
173, 19, 306, 60, 303, 60, 3, 0, 0.0, 3.0
173, 20, 646, 410, 646, 407, 0, 3, 1.5707963267948966, 3.0
173, 21, 464, 410, 465, 414, -1, -4, -1.8157749899217608, 4.123105625617661
173, 22, 317, 59, 315, 58, 2, 1, 0.4636476090008061, 2.23606797749979
173, 24, 635, 384, 635, 382, 0, 2, 1.5707963267948966, 2.0
173, 25, 28, 451, 27, 449, 1, 2, 1.1071487177940904, 2.23606797749979
173, 27, 636, 397, 636, 394, 0, 3, 1.5707963267948966, 3.0
173, 28, 707, 293, 707, 298, 0, -5, -1.5707963267948966, 5.0
173, 29, 304, 47, 302, 48, 2, -1, -0.4636476090008061, 2.23606797749979
173, 30, 794, 76, 794, 78, 0, -2, -1.5707963267948966, 2.0
173, 31, 144, 578, 144, 574, 0, 4, 1.5707963267948966, 4.0
173, 32, 310, 23, 307, 24, 3, -1, -0.3217505543966422, 3.1622776601683795
173, 34, 700, 282, 701, 287, -1, -5, -1.7681918866447774, 5.0990195135927845
173, 35, 459, 435, 458, 439, 1, -4, -1.3258176636680326, 4.123105625617661
173, 37, 1196, 211, 1195, 210, 1, 1, 0.7853981633974483, 1.4142135623730951
173, 39, 345, 422, 346, 419, -1, 3, 1.892546881191539, 3.1622776601683795
173, 40, 662, 323, 662, 320, 0, 3, 1.5707963267948966, 3.0
173, 41, 1052, 124, 1052, 126, 0, -2, -1.5707963267948966, 2.0
173, 42, 126, 636, 126, 633, 0, 3, 1.5707963267948966, 3.0
173, 43, 1250, 334, 1248, 330, 2, 4, 1.1071487177940904, 4.47213595499958
173, 45, 786, 258, 786, 255, 0, 3, 1.5707963267948966, 3.0
173, 47, 508, 397, 509, 405, -1, -8, -1.695151321341658, 8.06225774829855
173, 48, 836, 308, 838, 312, -2, -4, -2.0344439357957027, 4.47213595499958
173, 49, 370, 481, 370, 479, 0, 2, 1.5707963267948966, 2.0
173, 52, 618, 465, 618, 462, 0, 3, 1.5707963267948966, 3.0
173, 53, 712, 286, 713, 291, -1, -5, -1.7681918866447774, 5.0990195135927845
173, 54, 462, 73, 462, 75, 0, -2, -1.5707963267948966, 2.0
173, 55, 305, 76, 302, 77, 3, -1, -0.3217505543966422, 3.1622776601683795
173, 56, 562, 80, 562, 82, 0, -2, -1.5707963267948966, 2.0
173, 58, 643, 313, 643, 311, 0, 2, 1.5707963267948966, 2.0
173, 59, 734, 194, 735, 197, -1, -3, -1.892546881191539, 3.1622776601683795
173, 60, 473, 75, 473, 77, 0, -2, -1.5707963267948966, 2.0
173, 63, 501, 417, 501, 421, 0, -4, -1.5707963267948966, 4.0
173, 64, 790, 251, 790, 248, 0, 3, 1.5707963267948966, 3.0
173, 65, 797, 251, 797, 248, 0, 3, 1.5707963267948966, 3.0
173, 66, 506, 362, 506, 367, 0, -5, -1.5707963267948966, 5.0
173, 67, 1235, 436, 1237, 432, -2, 4, 2.0344439357957027, 4.47213595499958
173, 68, 362, 389, 363, 386, -1, 3, 1.892546881191539, 3.1622776601683795
173, 69, 632, 481, 632, 479, 0, 2, 1.5707963267948966, 2.0
173, 72, 1001, 22, 999, 20, 2, 2, 0.7853981633974483, 2.8284271247461903
173, 73, 663, 445, 662, 441, 1, 4, 1.3258176636680326, 4.123105625617661
173, 74, 364, 492, 364, 489, 0, 3, 1.5707963267948966, 3.0
173, 75, 467, 441, 465, 445, 2, -4, -1.1071487177940904, 4.47213595499958
173, 78, 146, 86, 147, 84, -1, 2, 2.0344439357957027, 2.23606797749979
173, 80, 608, 169, 609, 167, -1, 2, 2.0344439357957027, 2.23606797749979
173, 81, 483, 343, 484, 347, -1, -4, -1.8157749899217608, 4.123105625617661
173, 82, 321, 47, 319, 46, 2, 1, 0.4636476090008061, 2.23606797749979
173, 83, 856, 396, 857, 399, -1, -3, -1.892546881191539, 3.1622776601683795
173, 84, 858, 282, 858, 287, 0, -5, -1.5707963267948966, 5.0
173, 86, 1241, 325, 1239, 321, 2, 4, 1.1071487177940904, 4.47213595499958
173, 87, 1162, 241, 1161, 238, 1, 3, 1.2490457723982544, 3.1622776601683795
173, 88, 718, 330, 718, 334, 0, -4, -1.5707963267948966, 4.0
173, 89, 516, 413, 516, 419, 0, -6, -1.5707963267948966, 6.0
173, 90, 26, 421, 24, 418, 2, 3, 0.982793723247329, 3.605551275463989
173, 92, 384, 419, 384, 416, 0, 3, 1.5707963267948966, 3.0
173, 93, 139, 29, 141, 27, -2, 2, 2.356194490192345, 2.8284271247461903
173, 94, 367, 452, 367, 449, 0, 3, 1.5707963267948966, 3.0
173, 96, 35, 444, 34, 442, 1, 2, 1.1071487177940904, 2.23606797749979
173, 97, 478, 417, 478, 422, 0, -5, -1.5707963267948966, 5.0
173, 98, 872, 305, 872, 310, 0, -5, -1.5707963267948966, 5.0
173, 100, 146, 61, 147, 59, -1, 2, 2.0344439357957027, 2.23606797749979
173, 105, 1238, 331, 1236, 328, 2, 3, 0.982793723247329, 3.605551275463989
173, 106, 470, 442, 469, 447, 1, -5, -1.373400766945016, 5.0990195135927845
173, 107, 645, 307, 645, 305, 0, 2, 1.5707963267948966, 2.0
173, 110, 150, 37, 151, 35, -1, 2, 2.0344439357957027, 2.23606797749979
173, 112, 147, 99, 148, 98, -1, 1, 2.356194490192345, 1.4142135623730951
173, 115, 187, 630, 186, 627, 1, 3, 1.2490457723982544, 3.1622776601683795
173, 116, 1203, 199, 1202, 198, 1, 1, 0.7853981633974483, 1.4142135623730951
173, 117, 693, 320, 693, 324, 0, -4, -1.5707963267948966, 4.0
173, 120, 702, 272, 703, 277, -1, -5, -1.7681918866447774, 5.0990195135927845
173, 121, 395, 577, 396, 573, -1, 4, 1.8157749899217608, 4.123105625617661
173, 122, 1250, 325, 1248, 321, 2, 4, 1.1071487177940904, 4.47213595499958
173, 123, 351, 381, 352, 379, -1, 2, 2.0344439357957027, 2.23606797749979
173, 124, 801, 118, 801, 120, 0, -2, -1.5707963267948966, 2.0
173, 125, 805, 276, 805, 274, 0, 2, 1.5707963267948966, 2.0
173, 126, 1204, 174, 1203, 173, 1, 1, 0.7853981633974483, 1.4142135623730951
173, 127, 152, 580, 153, 576, -1, 4, 1.8157749899217608, 4.123105625617661
173, 128, 657, 317, 657, 314, 0, 3, 1.5707963267948966, 3.0
173, 129, 358, 382, 359, 380, -1, 2, 2.0344439357957027, 2.23606797749979
173, 130, 630, 345, 630, 343, 0, 2, 1.5707963267948966, 2.0
173, 131, 712, 273, 713, 278, -1, -5, -1.7681918866447774, 5.0990195135927845
173, 132, 21, 444, 19, 442, 2, 2, 0.7853981633974483, 2.8284271247461903
173, 133, 706, 284, 707, 289, -1, -5, -1.7681918866447774, 5.0990195135927845
173, 134, 468, 366, 468, 370, 0, -4, -1.5707963267948966, 4.0
174, 0, 864, 295, 864, 299, 0, -4, -1.5707963267948966, 4.0
174, 2, 170, 76, 171, 75, -1, 1, 2.356194490192345, 1.4142135623730951
174, 3, 1231, 388, 1229, 385, 2, 3, 0.982793723247329, 3.605551275463989
174, 5, 365, 504, 365, 500, 0, 4, 1.5707963267948966, 4.0
174, 7, 849, 295, 849, 299, 0, -4, -1.5707963267948966, 4.0
174, 8, 313, 12, 310, 13, 3, -1, -0.3217505543966422, 3.1622776601683795
174, 9, 130, 592, 130, 588, 0, 4, 1.5707963267948966, 4.0
174, 10, 801, 260, 801, 257, 0, 3, 1.5707963267948966, 3.0
174, 11, 493, 350, 494, 354, -1, -4, -1.8157749899217608, 4.123105625617661
174, 12, 1063, 112, 1063, 114, 0, -2, -1.5707963267948966, 2.0
174, 13, 613, 129, 614, 128, -1, 1, 2.356194490192345, 1.4142135623730951
174, 14, 479, 354, 480, 358, -1, -4, -1.8157749899217608, 4.123105625617661
174, 15, 1256, 378, 1254, 375, 2, 3, 0.982793723247329, 3.605551275463989
174, 16, 1033, 154, 1034, 156, -1, -2, -2.0344439357957027, 2.23606797749979
174, 17, 468, 62, 468, 64, 0, -2, -1.5707963267948966, 2.0
174, 18, 169, 658, 169, 655, 0, 3, 1.5707963267948966, 3.0
174, 19, 310, 60, 306, 60, 4, 0, 0.0, 4.0
174, 20, 646, 413, 646, 410, 0, 3, 1.5707963267948966, 3.0
174, 21, 464, 406, 464, 410, 0, -4, -1.5707963267948966, 4.0
174, 22, 318, 60, 317, 59, 1, 1, 0.7853981633974483, 1.4142135623730951
174, 24, 635, 386, 635, 384, 0, 2, 1.5707963267948966, 2.0
174, 25, 29, 453, 28, 451, 1, 2, 1.1071487177940904, 2.23606797749979
174, 27, 636, 400, 636, 397, 0, 3, 1.5707963267948966, 3.0
174, 28, 706, 289, 707, 293, -1, -4, -1.8157749899217608, 4.123105625617661
174, 29, 307, 46, 304, 47, 3, -1, -0.3217505543966422, 3.1622776601683795
174, 30, 794, 74, 794, 76, 0, -2, -1.5707963267948966, 2.0
174, 31, 144, 582, 144, 578, 0, 4, 1.5707963267948966, 4.0
174, 32, 313, 22, 310, 23, 3, -1, -0.3217505543966422, 3.1622776601683795
174, 34, 699, 278, 700, 282, -1, -4, -1.8157749899217608, 4.123105625617661
174, 35, 460, 431, 459, 435, 1, -4, -1.3258176636680326, 4.123105625617661
174, 37, 1197, 212, 1196, 211, 1, 1, 0.7853981633974483, 1.4142135623730951
174, 39, 344, 425, 345, 422, -1, 3, 1.892546881191539, 3.1622776601683795
174, 40, 662, 326, 662, 323, 0, 3, 1.5707963267948966, 3.0
174, 41, 1052, 121, 1052, 124, 0, -3, -1.5707963267948966, 3.0
174, 42, 126, 638, 126, 636, 0, 2, 1.5707963267948966, 2.0
174, 43, 1253, 338, 1250, 334, 3, 4, 0.9272952180016122, 5.0
174, 45, 786, 261, 786, 258, 0, 3, 1.5707963267948966, 3.0
174, 47, 507, 388, 508, 397, -1, -9, -1.6814535479687922, 9.055385138137417
174, 48, 835, 304, 836, 308, -1, -4, -1.8157749899217608, 4.123105625617661
174, 49, 370, 483, 370, 481, 0, 2, 1.5707963267948966, 2.0
174, 52, 618, 467, 618, 465, 0, 2, 1.5707963267948966, 2.0
174, 53, 711, 282, 712, 286, -1, -4, -1.8157749899217608, 4.123105625617661
174, 54, 462, 70, 462, 73, 0, -3, -1.5707963267948966, 3.0
174, 55, 307, 77, 305, 76, 2, 1, 0.4636476090008061, 2.23606797749979
174, 56, 562, 78, 562, 80, 0, -2, -1.5707963267948966, 2.0
174, 58, 643, 316, 643, 313, 0, 3, 1.5707963267948966, 3.0
174, 59, 733, 190, 734, 194, -1, -4, -1.8157749899217608, 4.123105625617661
174, 60, 473, 72, 473, 75, 0, -3, -1.5707963267948966, 3.0
174, 63, 500, 413, 501, 417, -1, -4, -1.8157749899217608, 4.123105625617661
174, 64, 790, 254, 790, 251, 0, 3, 1.5707963267948966, 3.0
174, 65, 797, 254, 797, 251, 0, 3, 1.5707963267948966, 3.0
174, 66, 505, 358, 506, 362, -1, -4, -1.8157749899217608, 4.123105625617661
174, 68, 361, 392, 362, 389, -1, 3, 1.892546881191539, 3.1622776601683795
174, 69, 632, 485, 632, 481, 0, 4, 1.5707963267948966, 4.0
174, 73, 664, 449, 663, 445, 1, 4, 1.3258176636680326, 4.123105625617661
174, 74, 364, 495, 364, 492, 0, 3, 1.5707963267948966, 3.0
174, 75, 468, 437, 467, 441, 1, -4, -1.3258176636680326, 4.123105625617661
174, 78, 146, 88, 146, 86, 0, 2, 1.5707963267948966, 2.0
174, 80, 607, 171, 608, 169, -1, 2, 2.0344439357957027, 2.23606797749979
174, 81, 482, 339, 483, 343, -1, -4, -1.8157749899217608, 4.123105625617661
174, 82, 323, 48, 321, 47, 2, 1, 0.4636476090008061, 2.23606797749979
174, 83, 854, 393, 856, 396, -2, -3, -2.158798930342464, 3.605551275463989
174, 84, 858, 278, 858, 282, 0, -4, -1.5707963267948966, 4.0
174, 85, 9, 462, 10, 460, -1, 2, 2.0344439357957027, 2.23606797749979
174, 86, 1244, 328, 1241, 325, 3, 3, 0.7853981633974483, 4.242640687119285
174, 87, 1163, 246, 1162, 241, 1, 5, 1.373400766945016, 5.0990195135927845
174, 88, 717, 326, 718, 330, -1, -4, -1.8157749899217608, 4.123105625617661
174, 89, 515, 407, 516, 413, -1, -6, -1.7359450042095235, 6.082762530298219
174, 90, 28, 424, 26, 421, 2, 3, 0.982793723247329, 3.605551275463989
174, 92, 384, 421, 384, 419, 0, 2, 1.5707963267948966, 2.0
174, 93, 137, 30, 139, 29, -2, 1, 2.677945044588987, 2.23606797749979
174, 94, 366, 455, 367, 452, -1, 3, 1.892546881191539, 3.1622776601683795
174, 96, 36, 446, 35, 444, 1, 2, 1.1071487177940904, 2.23606797749979
174, 97, 477, 412, 478, 417, -1, -5, -1.7681918866447774, 5.0990195135927845
174, 98, 871, 301, 872, 305, -1, -4, -1.8157749899217608, 4.123105625617661
174, 100, 145, 63, 146, 61, -1, 2, 2.0344439357957027, 2.23606797749979
174, 101, 1242, 88, 1241, 87, 1, 1, 0.7853981633974483, 1.4142135623730951
174, 102, 1222, 163, 1221, 162, 1, 1, 0.7853981633974483, 1.4142135623730951
174, 105, 1241, 334, 1238, 331, 3, 3, 0.7853981633974483, 4.242640687119285
174, 106, 471, 438, 470, 442, 1, -4, -1.3258176636680326, 4.123105625617661
174, 107, 645, 310, 645, 307, 0, 3, 1.5707963267948966, 3.0
174, 109, 149, 38, 150, 37, -1, 1, 2.356194490192345, 1.4142135623730951
174, 111, 147, 101, 147, 99, 0, 2, 1.5707963267948966, 2.0
174, 114, 188, 634, 187, 630, 1, 4, 1.3258176636680326, 4.123105625617661
174, 115, 1204, 200, 1203, 199, 1, 1, 0.7853981633974483, 1.4142135623730951
174, 116, 692, 317, 693, 320, -1, -3, -1.892546881191539, 3.1622776601683795
174, 118, 701, 268, 702, 272, -1, -4, -1.8157749899217608, 4.123105625617661
174, 119, 392, 580, 395, 577, -3, 3, 2.356194490192345, 4.242640687119285
174, 120, 1253, 328, 1250, 325, 3, 3, 0.7853981633974483, 4.242640687119285
174, 121, 350, 384, 351, 381, -1, 3, 1.892546881191539, 3.1622776601683795
174, 122, 801, 116, 801, 118, 0, -2, -1.5707963267948966, 2.0
174, 123, 805, 278, 805, 276, 0, 2, 1.5707963267948966, 2.0
174, 125, 152, 584, 152, 580, 0, 4, 1.5707963267948966, 4.0
174, 126, 657, 320, 657, 317, 0, 3, 1.5707963267948966, 3.0
174, 127, 357, 384, 358, 382, -1, 2, 2.0344439357957027, 2.23606797749979
174, 128, 629, 348, 630, 345, -1, 3, 1.892546881191539, 3.1622776601683795
174, 129, 711, 269, 712, 273, -1, -4, -1.8157749899217608, 4.123105625617661
174, 130, 23, 447, 21, 444, 2, 3, 0.982793723247329, 3.605551275463989
174, 131, 705, 280, 706, 284, -1, -4, -1.8157749899217608, 4.123105625617661
174, 132, 468, 362, 468, 366, 0, -4, -1.5707963267948966, 4.0
175, 1, 863, 297, 864, 301, -1, -4, -1.8157749899217608, 4.123105625617661
175, 2, 364, 449, 366, 446, -2, 3, 2.158798930342464, 3.605551275463989
175, 3, 171, 75, 172, 74, -1, 1, 2.356194490192345, 1.4142135623730951
175, 5, 851, 296, 852, 300, -1, -4, -1.8157749899217608, 4.123105625617661
175, 6, 1232, 394, 1230, 391, 2, 3, 0.982793723247329, 3.605551275463989
175, 7, 638, 397, 638, 395, 0, 2, 1.5707963267948966, 2.0
175, 9, 368, 503, 367, 500, 1, 3, 1.2490457723982544, 3.1622776601683795
175, 10, 594, 10, 595, 12, -1, -2, -2.0344439357957027, 2.23606797749979
175, 11, 483, 357, 484, 361, -1, -4, -1.8157749899217608, 4.123105625617661
175, 12, 803, 260, 803, 256, 0, 4, 1.5707963267948966, 4.0
175, 13, 1066, 116, 1066, 119, 0, -3, -1.5707963267948966, 3.0
175, 14, 617, 128, 618, 127, -1, 1, 2.356194490192345, 1.4142135623730951
175, 16, 349, 424, 350, 421, -1, 3, 1.892546881191539, 3.1622776601683795
175, 17, 313, 15, 309, 16, 4, -1, -0.24497866312686414, 4.123105625617661
175, 19, 1195, 137, 1194, 136, 1, 1, 0.7853981633974483, 1.4142135623730951
175, 20, 495, 355, 496, 359, -1, -4, -1.8157749899217608, 4.123105625617661
175, 21, 306, 73, 304, 71, 2, 2, 0.7853981633974483, 2.8284271247461903
175, 22, 1067, 172, 1068, 175, -1, -3, -1.892546881191539, 3.1622776601683795
175, 23, 806, 100, 806, 103, 0, -3, -1.5707963267948966, 3.0
175, 24, 318, 69, 317, 68, 1, 1, 0.7853981633974483, 1.4142135623730951
175, 25, 133, 593, 132, 589, 1, 4, 1.3258176636680326, 4.123105625617661
175, 27, 1253, 382, 1251, 379, 2, 3, 0.982793723247329, 3.605551275463989
175, 28, 467, 432, 465, 436, 2, -4, -1.1071487177940904, 4.47213595499958
175, 29, 313, 62, 311, 61, 2, 1, 0.4636476090008061, 2.23606797749979
175, 30, 702, 289, 702, 293, 0, -4, -1.5707963267948966, 4.0
175, 31, 470, 67, 470, 70, 0, -3, -1.5707963267948966, 3.0
175, 34, 709, 295, 709, 299, 0, -4, -1.5707963267948966, 4.0
175, 35, 1196, 211, 1195, 210, 1, 1, 0.7853981633974483, 1.4142135623730951
175, 37, 1064, 128, 1064, 131, 0, -3, -1.5707963267948966, 3.0
175, 39, 835, 337, 836, 342, -1, -5, -1.7681918866447774, 5.0990195135927845
175, 40, 848, 388, 849, 390, -1, -2, -2.0344439357957027, 2.23606797749979
175, 41, 1054, 126, 1054, 129, 0, -3, -1.5707963267948966, 3.0
175, 42, 461, 426, 459, 430, 2, -4, -1.1071487177940904, 4.47213595499958
175, 43, 150, 583, 149, 580, 1, 3, 1.2490457723982544, 3.1622776601683795
175, 44, 138, 648, 138, 645, 0, 3, 1.5707963267948966, 3.0
175, 47, 794, 78, 794, 80, 0, -2, -1.5707963267948966, 2.0
175, 48, 311, 23, 307, 24, 4, -1, -0.24497866312686414, 4.123105625617661
175, 50, 801, 334, 801, 330, 0, 4, 1.5707963267948966, 4.0
175, 51, 518, 394, 519, 402, -1, -8, -1.695151321341658, 8.06225774829855
175, 52, 713, 288, 714, 292, -1, -4, -1.8157749899217608, 4.123105625617661
175, 54, 368, 496, 368, 493, 0, 3, 1.5707963267948966, 3.0
175, 55, 799, 251, 799, 248, 0, 3, 1.5707963267948966, 3.0
175, 56, 1255, 340, 1253, 336, 2, 4, 1.1071487177940904, 4.47213595499958
175, 57, 490, 107, 491, 109, -1, -2, -2.0344439357957027, 2.23606797749979
175, 59, 473, 76, 473, 79, 0, -3, -1.5707963267948966, 3.0
175, 60, 734, 192, 735, 196, -1, -4, -1.8157749899217608, 4.123105625617661
175, 61, 833, 327, 834, 332, -1, -5, -1.7681918866447774, 5.0990195135927845
175, 62, 468, 158, 469, 160, -1, -2, -2.0344439357957027, 2.23606797749979
175, 64, 622, 469, 622, 467, 0, 2, 1.5707963267948966, 2.0
175, 66, 789, 259, 789, 255, 0, 4, 1.5707963267948966, 4.0
175, 69, 638, 385, 638, 382, 0, 3, 1.5707963267948966, 3.0
175, 72, 607, 177, 607, 175, 0, 2, 1.5707963267948966, 2.0
175, 74, 840, 345, 841, 349, -1, -4, -1.8157749899217608, 4.123105625617661
175, 75, 804, 119, 804, 121, 0, -2, -1.5707963267948966, 2.0
175, 76, 860, 282, 860, 286, 0, -4, -1.5707963267948966, 4.0
175, 78, 664, 323, 664, 320, 0, 3, 1.5707963267948966, 3.0
175, 81, 710, 224, 711, 228, -1, -4, -1.8157749899217608, 4.123105625617661
175, 84, 462, 75, 462, 78, 0, -3, -1.5707963267948966, 3.0
175, 85, 636, 478, 636, 475, 0, 3, 1.5707963267948966, 3.0
175, 86, 659, 317, 659, 314, 0, 3, 1.5707963267948966, 3.0
175, 87, 170, 661, 170, 657, 0, 4, 1.5707963267948966, 4.0
175, 88, 480, 59, 480, 61, 0, -2, -1.5707963267948966, 2.0
175, 89, 654, 307, 654, 303, 0, 4, 1.5707963267948966, 4.0
175, 90, 400, 600, 403, 598, -3, 2, 2.5535900500422257, 3.605551275463989
175, 91, 646, 317, 646, 313, 0, 4, 1.5707963267948966, 4.0
175, 92, 476, 411, 477, 414, -1, -3, -1.892546881191539, 3.1622776601683795
175, 93, 1203, 199, 1202, 198, 1, 1, 0.7853981633974483, 1.4142135623730951
175, 95, 783, 117, 784, 120, -1, -3, -1.892546881191539, 3.1622776601683795
175, 96, 1241, 338, 1238, 335, 3, 3, 0.7853981633974483, 4.242640687119285
175, 98, 665, 457, 665, 453, 0, 4, 1.5707963267948966, 4.0
175, 99, 634, 490, 634, 485, 0, 5, 1.5707963267948966, 5.0
175, 100, 367, 390, 368, 388, -1, 2, 2.0344439357957027, 2.23606797749979
175, 101, 148, 87, 148, 85, 0, 2, 1.5707963267948966, 2.0
175, 102, 149, 60, 150, 59, -1, 1, 2.356194490192345, 1.4142135623730951
175, 103, 658, 409, 658, 407, 0, 2, 1.5707963267948966, 2.0
175, 104, 505, 412, 506, 416, -1, -4, -1.8157749899217608, 4.123105625617661
175, 105, 479, 438, 479, 442, 0, -4, -1.5707963267948966, 4.0
175, 106, 466, 408, 466, 411, 0, -3, -1.5707963267948966, 3.0
175, 107, 485, 344, 486, 348, -1, -4, -1.8157749899217608, 4.123105625617661
175, 110, 1209, 408, 1208, 407, 1, 1, 0.7853981633974483, 1.4142135623730951
175, 111, 1041, 209, 1042, 212, -1, -3, -1.892546881191539, 3.1622776601683795
175, 113, 1167, 244, 1166, 240, 1, 4, 1.3258176636680326, 4.123105625617661
175, 115, 344, 416, 345, 413, -1, 3, 1.892546881191539, 3.1622776601683795
175, 117, 551, 10, 552, 12, -1, -2, -2.0344439357957027, 2.23606797749979
175, 118, 472, 439, 471, 443, 1, -4, -1.3258176636680326, 4.123105625617661
175, 119, 706, 364, 707, 366, -1, -2, -2.0344439357957027, 2.23606797749979
175, 120, 743, 211, 744, 213, -1, -2, -2.0344439357957027, 2.23606797749979
175, 123, 1242, 89, 1241, 88, 1, 1, 0.7853981633974483, 1.4142135623730951
175, 125, 141, 29, 143, 27, -2, 2, 2.356194490192345, 2.8284271247461903
175, 127, 379, 493, 379, 491, 0, 2, 1.5707963267948966, 2.0
175, 129, 648, 410, 648, 408, 0, 2, 1.5707963267948966, 2.0
175, 130, 188, 637, 187, 634, 1, 3, 1.2490457723982544, 3.1622776601683795
175, 131, 841, 305, 843, 308, -2, -3, -2.158798930342464, 3.605551275463989
175, 133, 507, 363, 507, 367, 0, -4, -1.5707963267948966, 4.0
175, 136, 870, 303, 871, 307, -1, -4, -1.8157749899217608, 4.123105625617661
175, 137, 632, 347, 632, 343, 0, 4, 1.5707963267948966, 4.0
175, 138, 611, 167, 612, 166, -1, 1, 2.356194490192345, 1.4142135623730951
175, 139, 383, 503, 383, 499, 0, 4, 1.5707963267948966, 4.0
175, 140, 150, 102, 150, 100, 0, 2, 1.5707963267948966, 2.0
175, 142, 386, 416, 386, 414, 0, 2, 1.5707963267948966, 2.0
175, 144, 29, 496, 26, 495, 3, 1, 0.3217505543966422, 3.1622776601683795
175, 145, 713, 274, 714, 278, -1, -4, -1.8157749899217608, 4.123105625617661
176, 1, 862, 294, 863, 297, -1, -3, -1.892546881191539, 3.1622776601683795
176, 2, 362, 452, 364, 449, -2, 3, 2.158798930342464, 3.605551275463989
176, 3, 170, 76, 171, 75, -1, 1, 2.356194490192345, 1.4142135623730951
176, 5, 850, 293, 851, 296, -1, -3, -1.892546881191539, 3.1622776601683795
176, 6, 1233, 398, 1232, 394, 1, 4, 1.3258176636680326, 4.123105625617661
176, 7, 638, 399, 638, 397, 0, 2, 1.5707963267948966, 2.0
176, 9, 369, 506, 368, 503, 1, 3, 1.2490457723982544, 3.1622776601683795
176, 10, 482, 354, 483, 357, -1, -3, -1.892546881191539, 3.1622776601683795
176, 11, 803, 264, 803, 260, 0, 4, 1.5707963267948966, 4.0
176, 12, 1066, 113, 1066, 116, 0, -3, -1.5707963267948966, 3.0
176, 13, 616, 129, 617, 128, -1, 1, 2.356194490192345, 1.4142135623730951
176, 15, 348, 427, 349, 424, -1, 3, 1.892546881191539, 3.1622776601683795
176, 16, 317, 14, 313, 15, 4, -1, -0.24497866312686414, 4.123105625617661
176, 18, 1196, 138, 1195, 137, 1, 1, 0.7853981633974483, 1.4142135623730951
176, 19, 495, 351, 495, 355, 0, -4, -1.5707963267948966, 4.0
176, 20, 308, 75, 306, 73, 2, 2, 0.7853981633974483, 2.8284271247461903
176, 21, 1066, 169, 1067, 172, -1, -3, -1.892546881191539, 3.1622776601683795
176, 22, 806, 97, 806, 100, 0, -3, -1.5707963267948966, 3.0
176, 23, 319, 70, 318, 69, 1, 1, 0.7853981633974483, 1.4142135623730951
176, 24, 134, 597, 133, 593, 1, 4, 1.3258176636680326, 4.123105625617661
176, 25, 407, 538, 407, 536, 0, 2, 1.5707963267948966, 2.0
176, 26, 1255, 385, 1253, 382, 2, 3, 0.982793723247329, 3.605551275463989
176, 27, 469, 429, 467, 432, 2, -3, -0.982793723247329, 3.605551275463989
176, 28, 315, 63, 313, 62, 2, 1, 0.4636476090008061, 2.23606797749979
176, 29, 702, 286, 702, 289, 0, -3, -1.5707963267948966, 3.0
176, 30, 470, 64, 470, 67, 0, -3, -1.5707963267948966, 3.0
176, 33, 709, 292, 709, 295, 0, -3, -1.5707963267948966, 3.0
176, 34, 1197, 213, 1196, 211, 1, 2, 1.1071487177940904, 2.23606797749979
176, 36, 1064, 125, 1064, 128, 0, -3, -1.5707963267948966, 3.0
176, 38, 835, 332, 835, 337, 0, -5, -1.5707963267948966, 5.0
176, 40, 1053, 123, 1054, 126, -1, -3, -1.892546881191539, 3.1622776601683795
176, 41, 462, 423, 461, 426, 1, -3, -1.2490457723982544, 3.1622776601683795
176, 42, 151, 586, 150, 583, 1, 3, 1.2490457723982544, 3.1622776601683795
176, 43, 138, 650, 138, 648, 0, 2, 1.5707963267948966, 2.0
176, 44, 487, 27, 487, 29, 0, -2, -1.5707963267948966, 2.0
176, 46, 794, 75, 794, 78, 0, -3, -1.5707963267948966, 3.0
176, 47, 314, 22, 311, 23, 3, -1, -0.3217505543966422, 3.1622776601683795
176, 49, 801, 339, 801, 334, 0, 5, 1.5707963267948966, 5.0
176, 50, 517, 387, 518, 394, -1, -7, -1.7126933813990606, 7.0710678118654755
176, 51, 713, 285, 713, 288, 0, -3, -1.5707963267948966, 3.0
176, 52, 369, 499, 368, 496, 1, 3, 1.2490457723982544, 3.1622776601683795
176, 53, 799, 254, 799, 251, 0, 3, 1.5707963267948966, 3.0
176, 54, 1257, 343, 1255, 340, 2, 3, 0.982793723247329, 3.605551275463989
176, 55, 489, 105, 490, 107, -1, -2, -2.0344439357957027, 2.23606797749979
176, 57, 473, 73, 473, 76, 0, -3, -1.5707963267948966, 3.0
176, 58, 733, 188, 734, 192, -1, -4, -1.8157749899217608, 4.123105625617661
176, 59, 833, 322, 833, 327, 0, -5, -1.5707963267948966, 5.0
176, 60, 467, 155, 468, 158, -1, -3, -1.892546881191539, 3.1622776601683795
176, 62, 484, 36, 484, 38, 0, -2, -1.5707963267948966, 2.0
176, 63, 790, 263, 789, 259, 1, 4, 1.3258176636680326, 4.123105625617661
176, 66, 638, 388, 638, 385, 0, 3, 1.5707963267948966, 3.0
176, 71, 840, 340, 840, 345, 0, -5, -1.5707963267948966, 5.0
176, 72, 804, 117, 804, 119, 0, -2, -1.5707963267948966, 2.0
176, 73, 859, 279, 860, 282, -1, -3, -1.892546881191539, 3.1622776601683795
176, 75, 664, 327, 664, 323, 0, 4, 1.5707963267948966, 4.0
176, 77, 582, 9, 582, 11, 0, -2, -1.5707963267948966, 2.0
176, 78, 709, 220, 710, 224, -1, -4, -1.8157749899217608, 4.123105625617661
176, 81, 462, 71, 462, 75, 0, -4, -1.5707963267948966, 4.0
176, 82, 635, 480, 636, 478, -1, 2, 2.0344439357957027, 2.23606797749979
176, 83, 659, 321, 659, 317, 0, 4, 1.5707963267948966, 4.0
176, 84, 170, 663, 170, 661, 0, 2, 1.5707963267948966, 2.0
176, 85, 480, 57, 480, 59, 0, -2, -1.5707963267948966, 2.0
176, 86, 654, 311, 654, 307, 0, 4, 1.5707963267948966, 4.0
176, 87, 396, 601, 400, 600, -4, 1, 2.896613990462929, 4.123105625617661
176, 88, 647, 321, 646, 317, 1, 4, 1.3258176636680326, 4.123105625617661
176, 89, 476, 409, 476, 411, 0, -2, -1.5707963267948966, 2.0
176, 90, 1204, 201, 1203, 199, 1, 2, 1.1071487177940904, 2.23606797749979
176, 91, 487, 19, 487, 21, 0, -2, -1.5707963267948966, 2.0
176, 92, 783, 114, 783, 117, 0, -3, -1.5707963267948966, 3.0
176, 93, 1244, 341, 1241, 338, 3, 3, 0.7853981633974483, 4.242640687119285
176, 95, 665, 460, 665, 457, 0, 3, 1.5707963267948966, 3.0
176, 96, 633, 494, 634, 490, -1, 4, 1.8157749899217608, 4.123105625617661
176, 97, 366, 392, 367, 390, -1, 2, 2.0344439357957027, 2.23606797749979
176, 98, 147, 88, 148, 87, -1, 1, 2.356194490192345, 1.4142135623730951
176, 99, 148, 61, 149, 60, -1, 1, 2.356194490192345, 1.4142135623730951
176, 101, 504, 407, 505, 412, -1, -5, -1.7681918866447774, 5.0990195135927845
176, 102, 480, 434, 479, 438, 1, -4, -1.3258176636680326, 4.123105625617661
176, 103, 466, 405, 466, 408, 0, -3, -1.5707963267948966, 3.0
176, 104, 484, 340, 485, 344, -1, -4, -1.8157749899217608, 4.123105625617661
176, 106, 1211, 409, 1209, 408, 2, 1, 0.4636476090008061, 2.23606797749979
176, 107, 1041, 206, 1041, 209, 0, -3, -1.5707963267948966, 3.0
176, 109, 1168, 246, 1167, 244, 1, 2, 1.1071487177940904, 2.23606797749979
176, 111, 343, 418, 344, 416, -1, 2, 2.0344439357957027, 2.23606797749979
176, 113, 473, 435, 472, 439, 1, -4, -1.3258176636680326, 4.123105625617661
176, 114, 706, 362, 706, 364, 0, -2, -1.5707963267948966, 2.0
176, 115, 742, 209, 743, 211, -1, -2, -2.0344439357957027, 2.23606797749979
176, 116, 396, 529, 397, 528, -1, 1, 2.356194490192345, 1.4142135623730951
176, 118, 1243, 90, 1242, 89, 1, 1, 0.7853981633974483, 1.4142135623730951
176, 120, 139, 30, 141, 29, -2, 1, 2.677945044588987, 2.23606797749979
176, 122, 379, 496, 379, 493, 0, 3, 1.5707963267948966, 3.0
176, 124, 648, 412, 648, 410, 0, 2, 1.5707963267948966, 2.0
176, 125, 188, 639, 188, 637, 0, 2, 1.5707963267948966, 2.0
176, 126, 839, 302, 841, 305, -2, -3, -2.158798930342464, 3.605551275463989
176, 128, 507, 359, 507, 363, 0, -4, -1.5707963267948966, 4.0
176, 131, 869, 300, 870, 303, -1, -3, -1.892546881191539, 3.1622776601683795
176, 132, 632, 351, 632, 347, 0, 4, 1.5707963267948966, 4.0
176, 133, 610, 168, 611, 167, -1, 1, 2.356194490192345, 1.4142135623730951
176, 134, 383, 506, 383, 503, 0, 3, 1.5707963267948966, 3.0
176, 137, 386, 418, 386, 416, 0, 2, 1.5707963267948966, 2.0
176, 139, 32, 497, 29, 496, 3, 1, 0.3217505543966422, 3.1622776601683795
176, 140, 712, 271, 713, 274, -1, -3, -1.892546881191539, 3.1622776601683795
177, 1, 862, 289, 862, 294, 0, -5, -1.5707963267948966, 5.0
177, 2, 360, 455, 362, 452, -2, 3, 2.158798930342464, 3.605551275463989
177, 3, 169, 77, 170, 76, -1, 1, 2.356194490192345, 1.4142135623730951
177, 5, 849, 289, 850, 293, -1, -4, -1.8157749899217608, 4.123105625617661
177, 6, 1231, 403, 1233, 398, -2, 5, 1.9513027039072615, 5.385164807134504
177, 7, 638, 401, 638, 399, 0, 2, 1.5707963267948966, 2.0
177, 9, 371, 508, 369, 506, 2, 2, 0.7853981633974483, 2.8284271247461903
177, 10, 481, 350, 482, 354, -1, -4, -1.8157749899217608, 4.123105625617661
177, 11, 803, 267, 803, 264, 0, 3, 1.5707963267948966, 3.0
177, 12, 1064, 108, 1066, 113, -2, -5, -1.9513027039072615, 5.385164807134504
177, 13, 615, 133, 616, 129, -1, 4, 1.8157749899217608, 4.123105625617661
177, 15, 346, 430, 348, 427, -2, 3, 2.158798930342464, 3.605551275463989
177, 16, 320, 13, 317, 14, 3, -1, -0.3217505543966422, 3.1622776601683795
177, 18, 1197, 140, 1196, 138, 1, 2, 1.1071487177940904, 2.23606797749979
177, 19, 495, 347, 495, 351, 0, -4, -1.5707963267948966, 4.0
177, 20, 309, 74, 308, 75, 1, -1, -0.7853981633974483, 1.4142135623730951
177, 21, 1064, 167, 1066, 169, -2, -2, -2.356194490192345, 2.8284271247461903
177, 22, 807, 93, 806, 97, 1, -4, -1.3258176636680326, 4.123105625617661
177, 24, 135, 600, 134, 597, 1, 3, 1.2490457723982544, 3.1622776601683795
177, 25, 407, 543, 407, 538, 0, 5, 1.5707963267948966, 5.0
177, 26, 1258, 388, 1255, 385, 3, 3, 0.7853981633974483, 4.242640687119285
177, 27, 471, 425, 469, 429, 2, -4, -1.1071487177940904, 4.47213595499958
177, 28, 317, 61, 315, 63, 2, -2, -0.7853981633974483, 2.8284271247461903
177, 29, 701, 281, 702, 286, -1, -5, -1.7681918866447774, 5.0990195135927845
177, 30, 470, 59, 470, 64, 0, -5, -1.5707963267948966, 5.0
177, 33, 708, 287, 709, 292, -1, -5, -1.7681918866447774, 5.0990195135927845
177, 34, 1198, 217, 1197, 213, 1, 4, 1.3258176636680326, 4.123105625617661
177, 36, 1063, 120, 1064, 125, -1, -5, -1.7681918866447774, 5.0990195135927845
177, 38, 835, 328, 835, 332, 0, -4, -1.5707963267948966, 4.0
177, 39, 847, 385, 848, 387, -1, -2, -2.0344439357957027, 2.23606797749979
177, 40, 1052, 118, 1053, 123, -1, -5, -1.7681918866447774, 5.0990195135927845
177, 41, 463, 418, 462, 423, 1, -5, -1.373400766945016, 5.0990195135927845
177, 42, 151, 589, 151, 586, 0, 3, 1.5707963267948966, 3.0
177, 44, 488, 23, 487, 27, 1, -4, -1.3258176636680326, 4.123105625617661
177, 45, 48, 79, 50, 79, -2, 0, 3.141592653589793, 2.0
177, 46, 794, 70, 794, 75, 0, -5, -1.5707963267948966, 5.0
177, 47, 317, 21, 314, 22, 3, -1, -0.3217505543966422, 3.1622776601683795
177, 48, 800, 342, 801, 339, -1, 3, 1.892546881191539, 3.1622776601683795
177, 49, 516, 381, 517, 387, -1, -6, -1.7359450042095235, 6.082762530298219
177, 50, 712, 280, 713, 285, -1, -5, -1.7681918866447774, 5.0990195135927845
177, 51, 370, 502, 369, 499, 1, 3, 1.2490457723982544, 3.1622776601683795
177, 52, 800, 257, 799, 254, 1, 3, 1.2490457723982544, 3.1622776601683795
177, 53, 1260, 346, 1257, 343, 3, 3, 0.7853981633974483, 4.242640687119285
177, 54, 488, 102, 489, 105, -1, -3, -1.892546881191539, 3.1622776601683795
177, 56, 473, 68, 473, 73, 0, -5, -1.5707963267948966, 5.0
177, 57, 732, 183, 733, 188, -1, -5, -1.7681918866447774, 5.0990195135927845
177, 58, 833, 317, 833, 322, 0, -5, -1.5707963267948966, 5.0
177, 59, 466, 152, 467, 155, -1, -3, -1.892546881191539, 3.1622776601683795
177, 61, 485, 32, 484, 36, 1, -4, -1.3258176636680326, 4.123105625617661
177, 62, 791, 265, 790, 263, 1, 2, 1.1071487177940904, 2.23606797749979
177, 65, 638, 390, 638, 388, 0, 2, 1.5707963267948966, 2.0
177, 66, 495, 32, 494, 36, 1, -4, -1.3258176636680326, 4.123105625617661
177, 67, 817, 11, 819, 11, -2, 0, 3.141592653589793, 2.0
177, 69, 761, 44, 763, 44, -2, 0, 3.141592653589793, 2.0
177, 70, 840, 337, 840, 340, 0, -3, -1.5707963267948966, 3.0
177, 71, 804, 112, 804, 117, 0, -5, -1.5707963267948966, 5.0
177, 72, 859, 273, 859, 279, 0, -6, -1.5707963267948966, 6.0
177, 73, 780, 15, 782, 15, -2, 0, 3.141592653589793, 2.0
177, 74, 665, 330, 664, 327, 1, 3, 1.2490457723982544, 3.1622776601683795
177, 76, 708, 216, 709, 220, -1, -4, -1.8157749899217608, 4.123105625617661
177, 77, 1199, 102, 1198, 100, 1, 2, 1.1071487177940904, 2.23606797749979
177, 78, 71, 151, 72, 150, -1, 1, 2.356194490192345, 1.4142135623730951
177, 79, 461, 66, 462, 71, -1, -5, -1.7681918866447774, 5.0990195135927845
177, 80, 635, 483, 635, 480, 0, 3, 1.5707963267948966, 3.0
177, 81, 659, 323, 659, 321, 0, 2, 1.5707963267948966, 2.0
177, 83, 481, 53, 480, 57, 1, -4, -1.3258176636680326, 4.123105625617661
177, 84, 655, 314, 654, 311, 1, 3, 1.2490457723982544, 3.1622776601683795
177, 85, 392, 604, 396, 601, -4, 3, 2.498091544796509, 5.0
177, 86, 649, 323, 647, 321, 2, 2, 0.7853981633974483, 2.8284271247461903
177, 87, 477, 405, 476, 409, 1, -4, -1.3258176636680326, 4.123105625617661
177, 88, 1206, 205, 1204, 201, 2, 4, 1.1071487177940904, 4.47213595499958
177, 89, 487, 16, 487, 19, 0, -3, -1.5707963267948966, 3.0
177, 90, 782, 109, 783, 114, -1, -5, -1.7681918866447774, 5.0990195135927845
177, 91, 1247, 343, 1244, 341, 3, 2, 0.5880026035475675, 3.605551275463989
177, 93, 665, 464, 665, 460, 0, 4, 1.5707963267948966, 4.0
177, 94, 633, 497, 633, 494, 0, 3, 1.5707963267948966, 3.0
177, 95, 363, 395, 366, 392, -3, 3, 2.356194490192345, 4.242640687119285
177, 96, 146, 91, 147, 88, -1, 3, 1.892546881191539, 3.1622776601683795
177, 97, 146, 63, 148, 61, -2, 2, 2.356194490192345, 2.8284271247461903
177, 99, 504, 402, 504, 407, 0, -5, -1.5707963267948966, 5.0
177, 100, 482, 430, 480, 434, 2, -4, -1.1071487177940904, 4.47213595499958
177, 101, 467, 400, 466, 405, 1, -5, -1.373400766945016, 5.0990195135927845
177, 102, 483, 335, 484, 340, -1, -5, -1.7681918866447774, 5.0990195135927845
177, 104, 1213, 410, 1211, 409, 2, 1, 0.4636476090008061, 2.23606797749979
177, 105, 1040, 202, 1041, 206, -1, -4, -1.8157749899217608, 4.123105625617661
177, 106, 1169, 247, 1168, 246, 1, 1, 0.7853981633974483, 1.4142135623730951
177, 108, 341, 421, 343, 418, -2, 3, 2.158798930342464, 3.605551275463989
177, 110, 475, 432, 473, 435, 2, -3, -0.982793723247329, 3.605551275463989
177, 111, 394, 532, 396, 529, -2, 3, 2.158798930342464, 3.605551275463989
177, 113, 1245, 92, 1243, 90, 2, 2, 0.7853981633974483, 2.8284271247461903
177, 114, 1026, 22, 1025, 23, 1, -1, -0.7853981633974483, 1.4142135623730951
177, 115, 136, 32, 139, 30, -3, 2, 2.5535900500422257, 3.605551275463989
177, 117, 379, 499, 379, 496, 0, 3, 1.5707963267948966, 3.0
177, 121, 837, 299, 839, 302, -2, -3, -2.158798930342464, 3.605551275463989
177, 122, 1213, 93, 1212, 91, 1, 2, 1.1071487177940904, 2.23606797749979
177, 123, 508, 355, 507, 359, 1, -4, -1.3258176636680326, 4.123105625617661
177, 126, 869, 295, 869, 300, 0, -5, -1.5707963267948966, 5.0
177, 127, 633, 354, 632, 351, 1, 3, 1.2490457723982544, 3.1622776601683795
177, 128, 610, 170, 610, 168, 0, 2, 1.5707963267948966, 2.0
177, 129, 382, 509, 383, 506, -1, 3, 1.892546881191539, 3.1622776601683795
177, 130, 149, 104, 150, 103, -1, 1, 2.356194490192345, 1.4142135623730951
177, 132, 385, 421, 386, 418, -1, 3, 1.892546881191539, 3.1622776601683795
177, 134, 36, 497, 32, 497, 4, 0, 0.0, 4.0
177, 135, 710, 267, 712, 271, -2, -4, -2.0344439357957027, 4.47213595499958
178, 1, 862, 285, 862, 289, 0, -4, -1.5707963267948966, 4.0
178, 2, 359, 458, 360, 455, -1, 3, 1.892546881191539, 3.1622776601683795
178, 4, 325, 75, 324, 76, 1, -1, -0.7853981633974483, 1.4142135623730951
178, 5, 849, 285, 849, 289, 0, -4, -1.5707963267948966, 4.0
178, 6, 1232, 404, 1231, 403, 1, 1, 0.7853981633974483, 1.4142135623730951
178, 7, 638, 403, 638, 401, 0, 2, 1.5707963267948966, 2.0
178, 9, 372, 512, 371, 508, 1, 4, 1.3258176636680326, 4.123105625617661
178, 10, 480, 347, 481, 350, -1, -3, -1.892546881191539, 3.1622776601683795
178, 11, 804, 271, 803, 267, 1, 4, 1.3258176636680326, 4.123105625617661
178, 12, 1063, 105, 1064, 108, -1, -3, -1.892546881191539, 3.1622776601683795
178, 13, 615, 136, 615, 133, 0, 3, 1.5707963267948966, 3.0
178, 14, 370, 479, 371, 478, -1, 1, 2.356194490192345, 1.4142135623730951
178, 15, 345, 432, 346, 430, -1, 2, 2.0344439357957027, 2.23606797749979
178, 16, 323, 13, 320, 13, 3, 0, 0.0, 3.0
178, 18, 1198, 141, 1197, 140, 1, 1, 0.7853981633974483, 1.4142135623730951
178, 19, 494, 343, 495, 347, -1, -4, -1.8157749899217608, 4.123105625617661
178, 21, 1063, 164, 1064, 167, -1, -3, -1.892546881191539, 3.1622776601683795
178, 22, 807, 90, 807, 93, 0, -3, -1.5707963267948966, 3.0
178, 23, 320, 68, 320, 70, 0, -2, -1.5707963267948966, 2.0
178, 24, 136, 603, 135, 600, 1, 3, 1.2490457723982544, 3.1622776601683795
178, 25, 408, 548, 407, 543, 1, 5, 1.373400766945016, 5.0990195135927845
178, 26, 1259, 390, 1258, 388, 1, 2, 1.1071487177940904, 2.23606797749979
178, 27, 472, 421, 471, 425, 1, -4, -1.3258176636680326, 4.123105625617661
178, 28, 317, 57, 317, 61, 0, -4, -1.5707963267948966, 4.0
178, 29, 700, 278, 701, 281, -1, -3, -1.892546881191539, 3.1622776601683795
178, 30, 470, 55, 470, 59, 0, -4, -1.5707963267948966, 4.0
178, 33, 707, 284, 708, 287, -1, -3, -1.892546881191539, 3.1622776601683795
178, 34, 1198, 219, 1198, 217, 0, 2, 1.5707963267948966, 2.0
178, 36, 1062, 117, 1063, 120, -1, -3, -1.892546881191539, 3.1622776601683795
178, 38, 836, 326, 835, 328, 1, -2, -1.1071487177940904, 2.23606797749979
178, 39, 847, 383, 847, 385, 0, -2, -1.5707963267948966, 2.0
178, 40, 1051, 114, 1052, 118, -1, -4, -1.8157749899217608, 4.123105625617661
178, 41, 463, 414, 463, 418, 0, -4, -1.5707963267948966, 4.0
178, 42, 152, 592, 151, 589, 1, 3, 1.2490457723982544, 3.1622776601683795
178, 43, 139, 654, 138, 651, 1, 3, 1.2490457723982544, 3.1622776601683795
178, 44, 488, 21, 488, 23, 0, -2, -1.5707963267948966, 2.0
178, 46, 794, 67, 794, 70, 0, -3, -1.5707963267948966, 3.0
178, 47, 320, 21, 317, 21, 3, 0, 0.0, 3.0
178, 48, 799, 345, 800, 342, -1, 3, 1.892546881191539, 3.1622776601683795
178, 49, 515, 375, 516, 381, -1, -6, -1.7359450042095235, 6.082762530298219
178, 50, 711, 277, 712, 280, -1, -3, -1.892546881191539, 3.1622776601683795
178, 51, 371, 505, 370, 502, 1, 3, 1.2490457723982544, 3.1622776601683795
178, 52, 801, 260, 800, 257, 1, 3, 1.2490457723982544, 3.1622776601683795
178, 53, 1261, 349, 1260, 346, 1, 3, 1.2490457723982544, 3.1622776601683795
178, 54, 488, 99, 488, 102, 0, -3, -1.5707963267948966, 3.0
178, 55, 473, 64, 473, 68, 0, -4, -1.5707963267948966, 4.0
178, 56, 732, 179, 732, 183, 0, -4, -1.5707963267948966, 4.0
178, 57, 833, 313, 833, 317, 0, -4, -1.5707963267948966, 4.0
178, 58, 465, 149, 466, 152, -1, -3, -1.892546881191539, 3.1622776601683795
178, 60, 485, 29, 485, 32, 0, -3, -1.5707963267948966, 3.0
178, 61, 792, 268, 791, 265, 1, 3, 1.2490457723982544, 3.1622776601683795
178, 63, 638, 393, 638, 390, 0, 3, 1.5707963267948966, 3.0
178, 64, 495, 29, 495, 32, 0, -3, -1.5707963267948966, 3.0
178, 68, 841, 336, 840, 337, 1, -1, -0.7853981633974483, 1.4142135623730951
178, 69, 804, 109, 804, 112, 0, -3, -1.5707963267948966, 3.0
178, 70, 859, 269, 859, 273, 0, -4, -1.5707963267948966, 4.0
178, 72, 666, 334, 665, 330, 1, 4, 1.3258176636680326, 4.123105625617661
178, 74, 708, 212, 708, 216, 0, -4, -1.5707963267948966, 4.0
178, 77, 461, 62, 461, 66, 0, -4, -1.5707963267948966, 4.0
178, 78, 635, 486, 635, 483, 0, 3, 1.5707963267948966, 3.0
178, 79, 660, 327, 659, 323, 1, 4, 1.3258176636680326, 4.123105625617661
178, 80, 171, 664, 170, 662, 1, 2, 1.1071487177940904, 2.23606797749979
178, 81, 481, 50, 481, 53, 0, -3, -1.5707963267948966, 3.0
178, 82, 656, 317, 655, 314, 1, 3, 1.2490457723982544, 3.1622776601683795
178, 83, 391, 607, 392, 604, -1, 3, 1.892546881191539, 3.1622776601683795
178, 84, 650, 326, 649, 323, 1, 3, 1.2490457723982544, 3.1622776601683795
178, 85, 478, 401, 477, 405, 1, -4, -1.3258176636680326, 4.123105625617661
178, 86, 1206, 207, 1206, 205, 0, 2, 1.5707963267948966, 2.0
178, 87, 487, 14, 487, 16, 0, -2, -1.5707963267948966, 2.0
178, 88, 782, 107, 782, 109, 0, -2, -1.5707963267948966, 2.0
178, 89, 1248, 346, 1247, 343, 1, 3, 1.2490457723982544, 3.1622776601683795
178, 91, 665, 467, 665, 464, 0, 3, 1.5707963267948966, 3.0
178, 92, 633, 500, 633, 497, 0, 3, 1.5707963267948966, 3.0
178, 93, 362, 398, 363, 395, -1, 3, 1.892546881191539, 3.1622776601683795
178, 95, 145, 64, 146, 63, -1, 1, 2.356194490192345, 1.4142135623730951
178, 97, 504, 397, 504, 402, 0, -5, -1.5707963267948966, 5.0
178, 98, 483, 425, 482, 430, 1, -5, -1.373400766945016, 5.0990195135927845
178, 99, 468, 396, 467, 400, 1, -4, -1.3258176636680326, 4.123105625617661
178, 100, 483, 332, 483, 335, 0, -3, -1.5707963267948966, 3.0
178, 102, 1216, 413, 1213, 410, 3, 3, 0.7853981633974483, 4.242640687119285
178, 103, 1039, 199, 1040, 202, -1, -3, -1.892546881191539, 3.1622776601683795
178, 104, 1171, 249, 1169, 247, 2, 2, 0.7853981633974483, 2.8284271247461903
178, 105, 1180, 261, 1179, 259, 1, 2, 1.1071487177940904, 2.23606797749979
178, 106, 340, 423, 341, 421, -1, 2, 2.0344439357957027, 2.23606797749979
178, 107, 476, 427, 475, 432, 1, -5, -1.373400766945016, 5.0990195135927845
178, 108, 394, 536, 394, 532, 0, 4, 1.5707963267948966, 4.0
178, 110, 1246, 94, 1245, 92, 1, 2, 1.1071487177940904, 2.23606797749979
178, 113, 380, 502, 379, 499, 1, 3, 1.2490457723982544, 3.1622776601683795
178, 115, 648, 415, 648, 413, 0, 2, 1.5707963267948966, 2.0
178, 117, 836, 295, 837, 299, -1, -4, -1.8157749899217608, 4.123105625617661
178, 119, 507, 351, 508, 355, -1, -4, -1.8157749899217608, 4.123105625617661
178, 122, 869, 291, 869, 295, 0, -4, -1.5707963267948966, 4.0
178, 123, 634, 358, 633, 354, 1, 4, 1.3258176636680326, 4.123105625617661
178, 125, 383, 512, 382, 509, 1, 3, 1.2490457723982544, 3.1622776601683795
178, 128, 384, 424, 385, 421, -1, 3, 1.892546881191539, 3.1622776601683795
178, 130, 37, 499, 36, 497, 1, 2, 1.1071487177940904, 2.23606797749979
178, 131, 709, 264, 710, 267, -1, -3, -1.892546881191539, 3.1622776601683795
179, 0, 862, 280, 862, 285, 0, -5, -1.5707963267948966, 5.0
179, 1, 357, 461, 359, 458, -2, 3, 2.158798930342464, 3.605551275463989
179, 2, 167, 78, 168, 77, -1, 1, 2.356194490192345, 1.4142135623730951
179, 4, 849, 281, 849, 285, 0, -4, -1.5707963267948966, 4.0
179, 5, 1235, 408, 1232, 404, 3, 4, 0.9272952180016122, 5.0
179, 6, 638, 405, 638, 403, 0, 2, 1.5707963267948966, 2.0
179, 7, 372, 516, 372, 512, 0, 4, 1.5707963267948966, 4.0
179, 8, 479, 344, 480, 347, -1, -3, -1.892546881191539, 3.1622776601683795
179, 9, 805, 274, 804, 271, 1, 3, 1.2490457723982544, 3.1622776601683795
179, 10, 1061, 102, 1063, 105, -2, -3, -2.158798930342464, 3.605551275463989
179, 11, 615, 138, 615, 136, 0, 2, 1.5707963267948966, 2.0
179, 13, 344, 435, 345, 432, -1, 3, 1.892546881191539, 3.1622776601683795
179, 14, 326, 13, 323, 13, 3, 0, 0.0, 3.0
179, 16, 1199, 142, 1198, 141, 1, 1, 0.7853981633974483, 1.4142135623730951
179, 17, 493, 340, 494, 343, -1, -3, -1.892546881191539, 3.1622776601683795
179, 18, 310, 72, 309, 73, 1, -1, -0.7853981633974483, 1.4142135623730951
179, 19, 1062, 161, 1063, 164, -1, -3, -1.892546881191539, 3.1622776601683795
179, 20, 808, 88, 807, 90, 1, -2, -1.1071487177940904, 2.23606797749979
179, 22, 137, 606, 136, 603, 1, 3, 1.2490457723982544, 3.1622776601683795
179, 23, 409, 554, 408, 548, 1, 6, 1.4056476493802699, 6.082762530298219
179, 24, 1260, 393, 1259, 390, 1, 3, 1.2490457723982544, 3.1622776601683795
179, 25, 473, 417, 472, 421, 1, -4, -1.3258176636680326, 4.123105625617661
179, 27, 699, 275, 700, 278, -1, -3, -1.892546881191539, 3.1622776601683795
179, 28, 469, 52, 470, 55, -1, -3, -1.892546881191539, 3.1622776601683795
179, 30, 706, 281, 707, 284, -1, -3, -1.892546881191539, 3.1622776601683795
179, 31, 1198, 221, 1198, 219, 0, 2, 1.5707963267948966, 2.0
179, 32, 1061, 114, 1062, 117, -1, -3, -1.892546881191539, 3.1622776601683795
179, 33, 837, 323, 836, 326, 1, -3, -1.2490457723982544, 3.1622776601683795
179, 34, 846, 380, 847, 383, -1, -3, -1.892546881191539, 3.1622776601683795
179, 35, 1050, 111, 1051, 114, -1, -3, -1.892546881191539, 3.1622776601683795
179, 36, 463, 410, 463, 414, 0, -4, -1.5707963267948966, 4.0
179, 37, 152, 595, 152, 592, 0, 3, 1.5707963267948966, 3.0
179, 38, 140, 657, 139, 654, 1, 3, 1.2490457723982544, 3.1622776601683795
179, 39, 488, 18, 488, 21, 0, -3, -1.5707963267948966, 3.0
179, 41, 794, 65, 794, 67, 0, -2, -1.5707963267948966, 2.0
179, 42, 324, 21, 320, 21, 4, 0, 0.0, 4.0
179, 43, 800, 347, 799, 345, 1, 2, 1.1071487177940904, 2.23606797749979
179, 44, 514, 370, 515, 375, -1, -5, -1.7681918866447774, 5.0990195135927845
179, 45, 710, 274, 711, 277, -1, -3, -1.892546881191539, 3.1622776601683795
179, 46, 371, 509, 371, 505, 0, 4, 1.5707963267948966, 4.0
179, 47, 802, 263, 801, 260, 1, 3, 1.2490457723982544, 3.1622776601683795
179, 48, 1261, 352, 1261, 349, 0, 3, 1.5707963267948966, 3.0
179, 49, 488, 95, 488, 99, 0, -4, -1.5707963267948966, 4.0
179, 50, 472, 61, 473, 64, -1, -3, -1.892546881191539, 3.1622776601683795
179, 51, 732, 175, 732, 179, 0, -4, -1.5707963267948966, 4.0
179, 52, 833, 309, 833, 313, 0, -4, -1.5707963267948966, 4.0
179, 53, 464, 146, 465, 149, -1, -3, -1.892546881191539, 3.1622776601683795
179, 55, 485, 26, 485, 29, 0, -3, -1.5707963267948966, 3.0
179, 56, 793, 271, 792, 268, 1, 3, 1.2490457723982544, 3.1622776601683795
179, 58, 638, 396, 638, 393, 0, 3, 1.5707963267948966, 3.0
179, 59, 495, 26, 495, 29, 0, -3, -1.5707963267948966, 3.0
179, 62, 842, 334, 841, 336, 1, -2, -1.1071487177940904, 2.23606797749979
179, 63, 804, 106, 804, 109, 0, -3, -1.5707963267948966, 3.0
179, 64, 859, 264, 859, 269, 0, -5, -1.5707963267948966, 5.0
179, 66, 667, 338, 666, 334, 1, 4, 1.3258176636680326, 4.123105625617661
179, 68, 708, 207, 708, 212, 0, -5, -1.5707963267948966, 5.0
179, 69, 1200, 103, 1199, 102, 1, 1, 0.7853981633974483, 1.4142135623730951
179, 71, 460, 59, 461, 62, -1, -3, -1.892546881191539, 3.1622776601683795
179, 72, 636, 488, 635, 486, 1, 2, 1.1071487177940904, 2.23606797749979
179, 73, 661, 331, 660, 327, 1, 4, 1.3258176636680326, 4.123105625617661
179, 74, 172, 668, 171, 664, 1, 4, 1.3258176636680326, 4.123105625617661
179, 75, 481, 47, 481, 50, 0, -3, -1.5707963267948966, 3.0
179, 76, 657, 320, 656, 317, 1, 3, 1.2490457723982544, 3.1622776601683795
179, 78, 651, 329, 650, 326, 1, 3, 1.2490457723982544, 3.1622776601683795
179, 79, 477, 397, 478, 401, -1, -4, -1.8157749899217608, 4.123105625617661
179, 80, 1206, 209, 1206, 207, 0, 2, 1.5707963267948966, 2.0
179, 81, 487, 12, 487, 14, 0, -2, -1.5707963267948966, 2.0
179, 82, 782, 104, 782, 107, 0, -3, -1.5707963267948966, 3.0
179, 83, 1249, 349, 1248, 346, 1, 3, 1.2490457723982544, 3.1622776601683795
179, 85, 665, 470, 665, 467, 0, 3, 1.5707963267948966, 3.0
179, 86, 633, 504, 633, 500, 0, 4, 1.5707963267948966, 4.0
179, 87, 361, 402, 362, 398, -1, 4, 1.8157749899217608, 4.123105625617661
179, 91, 504, 393, 504, 397, 0, -4, -1.5707963267948966, 4.0
179, 92, 484, 420, 483, 425, 1, -5, -1.373400766945016, 5.0990195135927845
179, 93, 467, 392, 468, 396, -1, -4, -1.8157749899217608, 4.123105625617661
179, 94, 482, 329, 483, 332, -1, -3, -1.892546881191539, 3.1622776601683795
179, 96, 1219, 415, 1216, 413, 3, 2, 0.5880026035475675, 3.605551275463989
179, 97, 1038, 197, 1039, 199, -1, -2, -2.0344439357957027, 2.23606797749979
179, 98, 1173, 252, 1171, 249, 2, 3, 0.982793723247329, 3.605551275463989
179, 99, 1182, 263, 1180, 261, 2, 2, 0.7853981633974483, 2.8284271247461903
179, 100, 339, 425, 340, 423, -1, 2, 2.0344439357957027, 2.23606797749979
179, 101, 477, 423, 476, 427, 1, -4, -1.3258176636680326, 4.123105625617661
179, 102, 395, 540, 394, 536, 1, 4, 1.3258176636680326, 4.123105625617661
179, 104, 1247, 96, 1246, 94, 1, 2, 1.1071487177940904, 2.23606797749979
179, 107, 381, 506, 380, 502, 1, 4, 1.3258176636680326, 4.123105625617661
179, 109, 648, 417, 648, 415, 0, 2, 1.5707963267948966, 2.0
179, 111, 836, 292, 836, 295, 0, -3, -1.5707963267948966, 3.0
179, 113, 506, 347, 507, 351, -1, -4, -1.8157749899217608, 4.123105625617661
179, 116, 869, 286, 869, 291, 0, -5, -1.5707963267948966, 5.0
179, 117, 635, 362, 634, 358, 1, 4, 1.3258176636680326, 4.123105625617661
179, 119, 384, 516, 383, 512, 1, 4, 1.3258176636680326, 4.123105625617661
179, 122, 383, 427, 384, 424, -1, 3, 1.892546881191539, 3.1622776601683795
179, 123, 36, 501, 37, 499, -1, 2, 2.0344439357957027, 2.23606797749979
179, 124, 708, 261, 709, 264, -1, -3, -1.892546881191539, 3.1622776601683795
180, 0, 495, 345, 496, 349, -1, -4, -1.8157749899217608, 4.123105625617661
180, 1, 864, 287, 864, 292, 0, -5, -1.5707963267948966, 5.0
180, 2, 837, 304, 837, 308, 0, -4, -1.5707963267948966, 4.0
180, 4, 341, 427, 342, 424, -1, 3, 1.892546881191539, 3.1622776601683795
180, 5, 170, 79, 171, 78, -1, 1, 2.356194490192345, 1.4142135623730951
180, 6, 808, 272, 807, 270, 1, 2, 1.1071487177940904, 2.23606797749979
180, 7, 506, 367, 507, 372, -1, -5, -1.7681918866447774, 5.0990195135927845
180, 8, 853, 286, 853, 291, 0, -5, -1.5707963267948966, 5.0
180, 9, 470, 416, 470, 419, 0, -3, -1.5707963267948966, 3.0
180, 12, 323, 15, 320, 15, 3, 0, 0.0, 3.0
180, 13, 617, 136, 618, 133, -1, 3, 1.892546881191539, 3.1622776601683795
180, 14, 489, 22, 489, 25, 0, -3, -1.5707963267948966, 3.0
180, 15, 412, 553, 411, 547, 1, 6, 1.4056476493802699, 6.082762530298219
180, 16, 139, 607, 138, 604, 1, 3, 1.2490457723982544, 3.1622776601683795
180, 17, 363, 484, 363, 481, 0, 3, 1.5707963267948966, 3.0
180, 18, 469, 58, 470, 61, -1, -3, -1.892546881191539, 3.1622776601683795
180, 20, 483, 348, 484, 352, -1, -4, -1.8157749899217608, 4.123105625617661
180, 21, 334, 75, 333, 76, 1, -1, -0.7853981633974483, 1.4142135623730951
180, 23, 370, 518, 370, 515, 0, 3, 1.5707963267948966, 3.0
180, 25, 795, 70, 795, 73, 0, -3, -1.5707963267948966, 3.0
180, 26, 155, 597, 155, 594, 0, 3, 1.5707963267948966, 3.0
180, 28, 619, 468, 620, 467, -1, 1, 2.356194490192345, 1.4142135623730951
180, 30, 1062, 108, 1064, 111, -2, -3, -2.158798930342464, 3.605551275463989
180, 31, 1035, 155, 1035, 158, 0, -3, -1.5707963267948966, 3.0
180, 32, 639, 397, 639, 394, 0, 3, 1.5707963267948966, 3.0
180, 33, 708, 287, 709, 291, -1, -4, -1.8157749899217608, 4.123105625617661
180, 34, 1053, 118, 1054, 121, -1, -3, -1.892546881191539, 3.1622776601683795
180, 36, 36, 484, 34, 482, 2, 2, 0.7853981633974483, 2.8284271247461903
180, 38, 793, 269, 792, 267, 1, 2, 1.1071487177940904, 2.23606797749979
180, 40, 322, 23, 319, 24, 3, -1, -0.3217505543966422, 3.1622776601683795
180, 41, 1259, 391, 1258, 388, 1, 3, 1.2490457723982544, 3.1622776601683795
180, 43, 1063, 158, 1064, 162, -1, -4, -1.8157749899217608, 4.123105625617661
180, 45, 1045, 167, 1046, 170, -1, -3, -1.892546881191539, 3.1622776601683795
180, 46, 668, 337, 667, 333, 1, 4, 1.3258176636680326, 4.123105625617661
180, 47, 1261, 349, 1260, 346, 1, 3, 1.2490457723982544, 3.1622776601683795
180, 48, 357, 573, 357, 570, 0, 3, 1.5707963267948966, 3.0
180, 49, 1063, 120, 1064, 123, -1, -3, -1.892546881191539, 3.1622776601683795
180, 50, 473, 66, 474, 70, -1, -4, -1.8157749899217608, 4.123105625617661
180, 51, 735, 186, 735, 189, 0, -3, -1.5707963267948966, 3.0
180, 52, 701, 282, 702, 286, -1, -4, -1.8157749899217608, 4.123105625617661
180, 53, 713, 279, 714, 283, -1, -4, -1.8157749899217608, 4.123105625617661
180, 54, 485, 30, 485, 33, 0, -3, -1.5707963267948966, 3.0
180, 57, 507, 398, 507, 402, 0, -4, -1.5707963267948966, 4.0
180, 58, 636, 533, 637, 526, -1, 7, 1.7126933813990606, 7.0710678118654755
180, 61, 708, 362, 708, 365, 0, -3, -1.5707963267948966, 3.0
180, 65, 467, 396, 469, 399, -2, -3, -2.158798930342464, 3.605551275463989
180, 69, 664, 331, 663, 327, 1, 4, 1.3258176636680326, 4.123105625617661
180, 70, 861, 273, 861, 278, 0, -5, -1.5707963267948966, 5.0
180, 71, 653, 394, 653, 392, 0, 2, 1.5707963267948966, 2.0
180, 72, 1221, 401, 1220, 400, 1, 1, 0.7853981633974483, 1.4142135623730951
180, 73, 43, 464, 40, 463, 3, 1, 0.3217505543966422, 3.1622776601683795
180, 74, 401, 546, 400, 541, 1, 5, 1.373400766945016, 5.0990195135927845
180, 77, 372, 510, 372, 507, 0, 3, 1.5707963267948966, 3.0
180, 78, 496, 30, 496, 33, 0, -3, -1.5707963267948966, 3.0
180, 80, 461, 67, 462, 70, -1, -3, -1.892546881191539, 3.1622776601683795
180, 81, 482, 53, 482, 56, 0, -3, -1.5707963267948966, 3.0
180, 82, 660, 320, 659, 317, 1, 3, 1.2490457723982544, 3.1622776601683795
180, 83, 653, 321, 652, 318, 1, 3, 1.2490457723982544, 3.1622776601683795
180, 85, 651, 330, 649, 326, 2, 4, 1.1071487177940904, 4.47213595499958
180, 87, 804, 263, 803, 261, 1, 2, 1.1071487177940904, 2.23606797749979
180, 90, 383, 435, 384, 432, -1, 3, 1.892546881191539, 3.1622776601683795
180, 91, 505, 351, 506, 355, -1, -4, -1.8157749899217608, 4.123105625617661
180, 92, 812, 307, 811, 303, 1, 4, 1.3258176636680326, 4.123105625617661
180, 95, 1246, 349, 1245, 345, 1, 4, 1.3258176636680326, 4.123105625617661
180, 96, 1205, 208, 1205, 205, 0, 3, 1.5707963267948966, 3.0
180, 99, 195, 692, 194, 691, 1, 1, 0.7853981633974483, 1.4142135623730951
180, 104, 848, 382, 849, 386, -1, -4, -1.8157749899217608, 4.123105625617661
180, 105, 637, 362, 636, 358, 1, 4, 1.3258176636680326, 4.123105625617661
180, 106, 711, 267, 712, 271, -1, -4, -1.8157749899217608, 4.123105625617661
180, 107, 365, 401, 366, 397, -1, 4, 1.8157749899217608, 4.123105625617661
180, 109, 1205, 173, 1205, 171, 0, 2, 1.5707963267948966, 2.0
180, 110, 479, 427, 478, 431, 1, -4, -1.3258176636680326, 4.123105625617661
180, 111, 807, 93, 807, 96, 0, -3, -1.5707963267948966, 3.0
180, 117, 467, 144, 467, 147, 0, -3, -1.5707963267948966, 3.0
180, 118, 871, 293, 871, 298, 0, -5, -1.5707963267948966, 5.0
180, 120, 20, 489, 19, 487, 1, 2, 1.1071487177940904, 2.23606797749979
180, 121, 195, 701, 195, 713, 0, -12, -1.5707963267948966, 12.0
180, 122, 1196, 219, 1196, 217, 0, 2, 1.5707963267948966, 2.0
180, 124, 330, 58, 329, 60, 1, -2, -1.1071487177940904, 2.23606797749979
180, 125, 626, 228, 627, 226, -1, 2, 2.0344439357957027, 2.23606797749979
181, 0, 494, 341, 495, 345, -1, -4, -1.8157749899217608, 4.123105625617661
181, 1, 864, 282, 864, 287, 0, -5, -1.5707963267948966, 5.0
181, 2, 837, 300, 837, 304, 0, -4, -1.5707963267948966, 4.0
181, 3, 340, 430, 341, 427, -1, 3, 1.892546881191539, 3.1622776601683795
181, 5, 809, 274, 808, 272, 1, 2, 1.1071487177940904, 2.23606797749979
181, 6, 505, 362, 506, 367, -1, -5, -1.7681918866447774, 5.0990195135927845
181, 7, 853, 281, 853, 286, 0, -5, -1.5707963267948966, 5.0
181, 8, 470, 414, 470, 416, 0, -2, -1.5707963267948966, 2.0
181, 10, 327, 15, 323, 15, 4, 0, 0.0, 4.0
181, 11, 617, 139, 617, 136, 0, 3, 1.5707963267948966, 3.0
181, 12, 489, 19, 489, 22, 0, -3, -1.5707963267948966, 3.0
181, 13, 412, 557, 412, 553, 0, 4, 1.5707963267948966, 4.0
181, 14, 140, 610, 139, 607, 1, 3, 1.2490457723982544, 3.1622776601683795
181, 15, 362, 487, 363, 484, -1, 3, 1.892546881191539, 3.1622776601683795
181, 16, 468, 56, 469, 58, -1, -2, -2.0344439357957027, 2.23606797749979
181, 18, 482, 344, 483, 348, -1, -4, -1.8157749899217608, 4.123105625617661
181, 19, 336, 74, 334, 75, 2, -1, -0.4636476090008061, 2.23606797749979
181, 21, 370, 521, 370, 518, 0, 3, 1.5707963267948966, 3.0
181, 23, 795, 67, 795, 70, 0, -3, -1.5707963267948966, 3.0
181, 24, 155, 600, 155, 597, 0, 3, 1.5707963267948966, 3.0
181, 26, 618, 469, 619, 468, -1, 1, 2.356194490192345, 1.4142135623730951
181, 28, 1060, 106, 1062, 108, -2, -2, -2.356194490192345, 2.8284271247461903
181, 29, 1034, 153, 1035, 155, -1, -2, -2.0344439357957027, 2.23606797749979
181, 30, 638, 400, 639, 397, -1, 3, 1.892546881191539, 3.1622776601683795
181, 31, 707, 283, 708, 287, -1, -4, -1.8157749899217608, 4.123105625617661
181, 32, 1051, 116, 1053, 118, -2, -2, -2.356194490192345, 2.8284271247461903
181, 34, 39, 486, 36, 484, 3, 2, 0.5880026035475675, 3.605551275463989
181, 36, 794, 271, 793, 269, 1, 2, 1.1071487177940904, 2.23606797749979
181, 38, 326, 23, 322, 23, 4, 0, 0.0, 4.0
181, 39, 1260, 394, 1259, 391, 1, 3, 1.2490457723982544, 3.1622776601683795
181, 41, 1062, 154, 1063, 158, -1, -4, -1.8157749899217608, 4.123105625617661
181, 42, 495, 456, 495, 458, 0, -2, -1.5707963267948966, 2.0
181, 43, 1044, 164, 1045, 167, -1, -3, -1.892546881191539, 3.1622776601683795
181, 44, 670, 340, 668, 337, 2, 3, 0.982793723247329, 3.605551275463989
181, 45, 1261, 353, 1261, 349, 0, 4, 1.5707963267948966, 4.0
181, 46, 357, 576, 357, 573, 0, 3, 1.5707963267948966, 3.0
181, 47, 1061, 117, 1063, 120, -2, -3, -2.158798930342464, 3.605551275463989
181, 48, 472, 63, 473, 66, -1, -3, -1.892546881191539, 3.1622776601683795
181, 49, 735, 183, 735, 186, 0, -3, -1.5707963267948966, 3.0
181, 50, 700, 278, 701, 282, -1, -4, -1.8157749899217608, 4.123105625617661
181, 51, 712, 275, 713, 279, -1, -4, -1.8157749899217608, 4.123105625617661
181, 52, 485, 27, 485, 30, 0, -3, -1.5707963267948966, 3.0
181, 55, 507, 394, 507, 398, 0, -4, -1.5707963267948966, 4.0
181, 56, 635, 538, 636, 533, -1, 5, 1.7681918866447774, 5.0990195135927845
181, 59, 708, 359, 708, 362, 0, -3, -1.5707963267948966, 3.0
181, 62, 465, 394, 467, 396, -2, -2, -2.356194490192345, 2.8284271247461903
181, 65, 666, 334, 664, 331, 2, 3, 0.982793723247329, 3.605551275463989
181, 66, 861, 268, 861, 273, 0, -5, -1.5707963267948966, 5.0
181, 67, 653, 396, 653, 394, 0, 2, 1.5707963267948966, 2.0
181, 68, 1222, 403, 1221, 401, 1, 2, 1.1071487177940904, 2.23606797749979
181, 69, 46, 466, 43, 464, 3, 2, 0.5880026035475675, 3.605551275463989
181, 70, 403, 552, 401, 546, 2, 6, 1.2490457723982544, 6.324555320336759
181, 72, 1194, 172, 1193, 171, 1, 1, 0.7853981633974483, 1.4142135623730951
181, 73, 371, 513, 372, 510, -1, 3, 1.892546881191539, 3.1622776601683795
181, 74, 495, 27, 496, 30, -1, -3, -1.892546881191539, 3.1622776601683795
181, 76, 460, 65, 461, 67, -1, -2, -2.0344439357957027, 2.23606797749979
181, 77, 482, 50, 482, 53, 0, -3, -1.5707963267948966, 3.0
181, 78, 662, 323, 660, 320, 2, 3, 0.982793723247329, 3.605551275463989
181, 79, 655, 324, 653, 321, 2, 3, 0.982793723247329, 3.605551275463989
181, 81, 653, 333, 651, 330, 2, 3, 0.982793723247329, 3.605551275463989
181, 83, 805, 265, 804, 263, 1, 2, 1.1071487177940904, 2.23606797749979
181, 86, 382, 438, 383, 435, -1, 3, 1.892546881191539, 3.1622776601683795
181, 87, 504, 347, 505, 351, -1, -4, -1.8157749899217608, 4.123105625617661
181, 88, 813, 310, 812, 307, 1, 3, 1.2490457723982544, 3.1622776601683795
181, 91, 1247, 352, 1246, 349, 1, 3, 1.2490457723982544, 3.1622776601683795
181, 92, 1205, 211, 1205, 208, 0, 3, 1.5707963267948966, 3.0
181, 95, 196, 693, 195, 692, 1, 1, 0.7853981633974483, 1.4142135623730951
181, 99, 848, 376, 848, 382, 0, -6, -1.5707963267948966, 6.0
181, 100, 638, 366, 637, 362, 1, 4, 1.3258176636680326, 4.123105625617661
181, 101, 710, 263, 711, 267, -1, -4, -1.8157749899217608, 4.123105625617661
181, 102, 364, 405, 365, 401, -1, 4, 1.8157749899217608, 4.123105625617661
181, 103, 1205, 175, 1205, 173, 0, 2, 1.5707963267948966, 2.0
181, 104, 480, 424, 479, 427, 1, -3, -1.2490457723982544, 3.1622776601683795
181, 105, 807, 91, 807, 93, 0, -2, -1.5707963267948966, 2.0
181, 110, 467, 142, 467, 144, 0, -2, -1.5707963267948966, 2.0
181, 111, 871, 288, 871, 293, 0, -5, -1.5707963267948966, 5.0
181, 113, 20, 491, 20, 489, 0, 2, 1.5707963267948966, 2.0
181, 114, 197, 701, 195, 701, 2, 0, 0.0, 2.0
181, 115, 1196, 221, 1196, 219, 0, 2, 1.5707963267948966, 2.0
181, 117, 332, 57, 330, 58, 2, -1, -0.4636476090008061, 2.23606797749979
181, 118, 625, 229, 626, 228, -1, 1, 2.356194490192345, 1.4142135623730951
182, 0, 493, 337, 494, 341, -1, -4, -1.8157749899217608, 4.123105625617661
182, 1, 863, 278, 864, 282, -1, -4, -1.8157749899217608, 4.123105625617661
182, 2, 836, 298, 837, 300, -1, -2, -2.0344439357957027, 2.23606797749979
182, 3, 338, 435, 340, 430, -2, 5, 1.9513027039072615, 5.385164807134504
182, 4, 168, 80, 169, 79, -1, 1, 2.356194490192345, 1.4142135623730951
182, 5, 810, 278, 809, 274, 1, 4, 1.3258176636680326, 4.123105625617661
182, 6, 503, 357, 505, 362, -2, -5, -1.9513027039072615, 5.385164807134504
182, 7, 852, 278, 853, 281, -1, -3, -1.892546881191539, 3.1622776601683795
182, 8, 471, 411, 470, 414, 1, -3, -1.2490457723982544, 3.1622776601683795
182, 9, 326, 73, 324, 74, 2, -1, -0.4636476090008061, 2.23606797749979
182, 10, 330, 15, 327, 15, 3, 0, 0.0, 3.0
182, 11, 617, 144, 617, 139, 0, 5, 1.5707963267948966, 5.0
182, 12, 488, 16, 489, 19, -1, -3, -1.892546881191539, 3.1622776601683795
182, 13, 412, 561, 412, 557, 0, 4, 1.5707963267948966, 4.0
182, 14, 143, 612, 140, 610, 3, 2, 0.5880026035475675, 3.605551275463989
182, 15, 360, 486, 362, 487, -2, -1, -2.677945044588987, 2.23606797749979
182, 16, 467, 52, 468, 56, -1, -4, -1.8157749899217608, 4.123105625617661
182, 17, 793, 21, 795, 21, -2, 0, 3.141592653589793, 2.0
182, 18, 480, 340, 482, 344, -2, -4, -2.0344439357957027, 4.47213595499958
182, 19, 338, 73, 336, 74, 2, -1, -0.4636476090008061, 2.23606797749979
182, 21, 369, 524, 370, 521, -1, 3, 1.892546881191539, 3.1622776601683795
182, 23, 796, 64, 795, 67, 1, -3, -1.2490457723982544, 3.1622776601683795
182, 24, 154, 603, 155, 600, -1, 3, 1.892546881191539, 3.1622776601683795
182, 25, 47, 80, 49, 80, -2, 0, 3.141592653589793, 2.0
182, 26, 617, 472, 618, 469, -1, 3, 1.892546881191539, 3.1622776601683795
182, 28, 1057, 103, 1060, 106, -3, -3, -2.356194490192345, 4.242640687119285
182, 29, 1033, 150, 1034, 153, -1, -3, -1.892546881191539, 3.1622776601683795
182, 30, 637, 403, 638, 400, -1, 3, 1.892546881191539, 3.1622776601683795
182, 31, 706, 279, 707, 283, -1, -4, -1.8157749899217608, 4.123105625617661
182, 32, 1048, 112, 1051, 116, -3, -4, -2.214297435588181, 5.0
182, 34, 42, 488, 39, 486, 3, 2, 0.5880026035475675, 3.605551275463989
182, 35, 371, 478, 373, 479, -2, -1, -2.677945044588987, 2.23606797749979
182, 36, 796, 274, 794, 271, 2, 3, 0.982793723247329, 3.605551275463989
182, 37, 1198, 140, 1197, 139, 1, 1, 0.7853981633974483, 1.4142135623730951
182, 38, 329, 23, 326, 23, 3, 0, 0.0, 3.0
182, 39, 1261, 397, 1260, 394, 1, 3, 1.2490457723982544, 3.1622776601683795
182, 40, 1059, 150, 1062, 154, -3, -4, -2.214297435588181, 5.0
182, 41, 495, 453, 495, 456, 0, -3, -1.5707963267948966, 3.0
182, 42, 1043, 162, 1044, 164, -1, -2, -2.0344439357957027, 2.23606797749979
182, 43, 672, 344, 670, 340, 2, 4, 1.1071487177940904, 4.47213595499958
182, 44, 1261, 356, 1261, 353, 0, 3, 1.5707963267948966, 3.0
182, 45, 357, 580, 357, 576, 0, 4, 1.5707963267948966, 4.0
182, 46, 1058, 113, 1061, 117, -3, -4, -2.214297435588181, 5.0
182, 47, 471, 59, 472, 63, -1, -4, -1.8157749899217608, 4.123105625617661
182, 48, 735, 178, 735, 183, 0, -5, -1.5707963267948966, 5.0
182, 49, 700, 274, 700, 278, 0, -4, -1.5707963267948966, 4.0
182, 50, 711, 270, 712, 275, -1, -5, -1.7681918866447774, 5.0990195135927845
182, 51, 484, 22, 485, 27, -1, -5, -1.7681918866447774, 5.0990195135927845
182, 54, 505, 389, 507, 394, -2, -5, -1.9513027039072615, 5.385164807134504
182, 55, 637, 545, 635, 538, 2, 7, 1.2924966677897853, 7.280109889280518
182, 56, 787, 330, 787, 327, 0, 3, 1.5707963267948966, 3.0
182, 57, 708, 353, 708, 359, 0, -6, -1.5707963267948966, 6.0
182, 58, 759, 45, 761, 45, -2, 0, 3.141592653589793, 2.0
182, 60, 463, 391, 465, 394, -2, -3, -2.158798930342464, 3.605551275463989
182, 61, 1234, 449, 1232, 446, 2, 3, 0.982793723247329, 3.605551275463989
182, 62, 778, 15, 780, 15, -2, 0, 3.141592653589793, 2.0
182, 63, 668, 338, 666, 334, 2, 4, 1.1071487177940904, 4.47213595499958
182, 64, 860, 263, 861, 268, -1, -5, -1.7681918866447774, 5.0990195135927845
182, 65, 653, 398, 653, 396, 0, 2, 1.5707963267948966, 2.0
182, 66, 1224, 407, 1222, 403, 2, 4, 1.1071487177940904, 4.47213595499958
182, 67, 47, 467, 46, 466, 1, 1, 0.7853981633974483, 1.4142135623730951
182, 68, 403, 556, 403, 552, 0, 4, 1.5707963267948966, 4.0
182, 69, 560, 74, 561, 76, -1, -2, -2.0344439357957027, 2.23606797749979
182, 70, 1195, 174, 1194, 172, 1, 2, 1.1071487177940904, 2.23606797749979
182, 71, 370, 517, 371, 513, -1, 4, 1.8157749899217608, 4.123105625617661
182, 72, 494, 22, 495, 27, -1, -5, -1.7681918866447774, 5.0990195135927845
182, 74, 459, 61, 460, 65, -1, -4, -1.8157749899217608, 4.123105625617661
182, 75, 482, 46, 482, 50, 0, -4, -1.5707963267948966, 4.0
182, 76, 664, 326, 662, 323, 2, 3, 0.982793723247329, 3.605551275463989
182, 77, 657, 327, 655, 324, 2, 3, 0.982793723247329, 3.605551275463989
182, 79, 655, 335, 653, 333, 2, 2, 0.7853981633974483, 2.8284271247461903
182, 81, 806, 268, 805, 265, 1, 3, 1.2490457723982544, 3.1622776601683795
182, 83, 62, 135, 64, 135, -2, 0, 3.141592653589793, 2.0
182, 84, 382, 440, 382, 438, 0, 2, 1.5707963267948966, 2.0
182, 85, 503, 343, 504, 347, -1, -4, -1.8157749899217608, 4.123105625617661
182, 86, 815, 314, 813, 310, 2, 4, 1.1071487177940904, 4.47213595499958
182, 87, 639, 409, 640, 408, -1, 1, 2.356194490192345, 1.4142135623730951
182, 89, 1249, 354, 1247, 352, 2, 2, 0.7853981633974483, 2.8284271247461903
182, 90, 1205, 215, 1205, 211, 0, 4, 1.5707963267948966, 4.0
182, 92, 1203, 105, 1201, 104, 2, 1, 0.4636476090008061, 2.23606797749979
182, 93, 193, 695, 196, 693, -3, 2, 2.5535900500422257, 3.605551275463989
182, 94, 1035, 22, 1033, 22, 2, 0, 0.0, 2.0
182, 95, 848, 371, 848, 376, 0, -5, -1.5707963267948966, 5.0
182, 96, 640, 369, 638, 366, 2, 3, 0.982793723247329, 3.605551275463989
182, 97, 709, 258, 710, 263, -1, -5, -1.7681918866447774, 5.0990195135927845
182, 98, 360, 407, 364, 405, -4, 2, 2.677945044588987, 4.47213595499958
182, 99, 1205, 178, 1205, 175, 0, 3, 1.5707963267948966, 3.0
182, 100, 482, 421, 480, 424, 2, -3, -0.982793723247329, 3.605551275463989
182, 101, 807, 87, 807, 91, 0, -4, -1.5707963267948966, 4.0
182, 102, 785, 12, 787, 12, -2, 0, 3.141592653589793, 2.0
182, 106, 467, 140, 467, 142, 0, -2, -1.5707963267948966, 2.0
182, 107, 871, 284, 871, 288, 0, -4, -1.5707963267948966, 4.0
182, 108, 1217, 95, 1215, 93, 2, 2, 0.7853981633974483, 2.8284271247461903
182, 109, 20, 493, 20, 491, 0, 2, 1.5707963267948966, 2.0
182, 110, 194, 701, 197, 701, -3, 0, 3.141592653589793, 3.0
182, 111, 1196, 224, 1196, 221, 0, 3, 1.5707963267948966, 3.0
182, 112, 66, 108, 68, 108, -2, 0, 3.141592653589793, 2.0
182, 113, 335, 55, 332, 57, 3, -2, -0.5880026035475675, 3.605551275463989
182, 114, 623, 230, 625, 229, -2, 1, 2.677945044588987, 2.23606797749979
183, 0, 492, 332, 493, 337, -1, -5, -1.7681918866447774, 5.0990195135927845
183, 1, 862, 273, 863, 278, -1, -5, -1.7681918866447774, 5.0990195135927845
183, 2, 835, 296, 836, 298, -1, -2, -2.0344439357957027, 2.23606797749979
183, 3, 337, 439, 338, 435, -1, 4, 1.8157749899217608, 4.123105625617661
183, 5, 810, 280, 810, 278, 0, 2, 1.5707963267948966, 2.0
183, 6, 501, 354, 503, 357, -2, -3, -2.158798930342464, 3.605551275463989
183, 7, 851, 274, 852, 278, -1, -4, -1.8157749899217608, 4.123105625617661
183, 8, 471, 408, 471, 411, 0, -3, -1.5707963267948966, 3.0
183, 10, 333, 15, 330, 15, 3, 0, 0.0, 3.0
183, 11, 617, 146, 617, 144, 0, 2, 1.5707963267948966, 2.0
183, 12, 487, 14, 488, 16, -1, -2, -2.0344439357957027, 2.23606797749979
183, 13, 410, 567, 412, 561, -2, 6, 1.892546881191539, 6.324555320336759
183, 14, 145, 615, 143, 612, 2, 3, 0.982793723247329, 3.605551275463989
183, 15, 358, 488, 360, 486, -2, 2, 2.356194490192345, 2.8284271247461903
183, 17, 479, 335, 480, 340, -1, -5, -1.7681918866447774, 5.0990195135927845
183, 18, 340, 72, 338, 73, 2, -1, -0.4636476090008061, 2.23606797749979
183, 20, 368, 528, 369, 524, -1, 4, 1.8157749899217608, 4.123105625617661
183, 23, 155, 606, 154, 603, 1, 3, 1.2490457723982544, 3.1622776601683795
183, 25, 616, 475, 617, 472, -1, 3, 1.892546881191539, 3.1622776601683795
183, 26, 1055, 101, 1057, 103, -2, -2, -2.356194490192345, 2.8284271247461903
183, 27, 637, 405, 637, 403, 0, 2, 1.5707963267948966, 2.0
183, 28, 705, 274, 706, 279, -1, -5, -1.7681918866447774, 5.0990195135927845
183, 29, 1046, 110, 1048, 112, -2, -2, -2.356194490192345, 2.8284271247461903
183, 31, 43, 490, 42, 488, 1, 2, 1.1071487177940904, 2.23606797749979
183, 33, 796, 276, 796, 274, 0, 2, 1.5707963267948966, 2.0
183, 35, 332, 22, 329, 23, 3, -1, -0.3217505543966422, 3.1622776601683795
183, 36, 1261, 400, 1261, 397, 0, 3, 1.5707963267948966, 3.0
183, 37, 1058, 145, 1059, 150, -1, -5, -1.7681918866447774, 5.0990195135927845
183, 38, 494, 450, 495, 453, -1, -3, -1.892546881191539, 3.1622776601683795
183, 39, 673, 346, 672, 344, 1, 2, 1.1071487177940904, 2.23606797749979
183, 40, 1261, 360, 1261, 356, 0, 4, 1.5707963267948966, 4.0
183, 41, 356, 584, 357, 580, -1, 4, 1.8157749899217608, 4.123105625617661
183, 42, 1056, 111, 1058, 113, -2, -2, -2.356194490192345, 2.8284271247461903
183, 43, 735, 176, 735, 178, 0, -2, -1.5707963267948966, 2.0
183, 44, 699, 269, 700, 274, -1, -5, -1.7681918866447774, 5.0990195135927845
183, 45, 710, 265, 711, 270, -1, -5, -1.7681918866447774, 5.0990195135927845
183, 46, 483, 20, 484, 22, -1, -2, -2.0344439357957027, 2.23606797749979
183, 48, 503, 384, 505, 389, -2, -5, -1.9513027039072615, 5.385164807134504
183, 49, 638, 549, 637, 545, 1, 4, 1.3258176636680326, 4.123105625617661
183, 50, 787, 332, 787, 330, 0, 2, 1.5707963267948966, 2.0
183, 51, 708, 349, 708, 353, 0, -4, -1.5707963267948966, 4.0
183, 54, 463, 388, 463, 391, 0, -3, -1.5707963267948966, 3.0
183, 55, 1236, 449, 1234, 449, 2, 0, 0.0, 2.0
183, 56, 776, 15, 778, 15, -2, 0, 3.141592653589793, 2.0
183, 57, 669, 340, 668, 338, 1, 2, 1.1071487177940904, 2.23606797749979
183, 58, 859, 258, 860, 263, -1, -5, -1.7681918866447774, 5.0990195135927845
183, 59, 653, 401, 653, 398, 0, 3, 1.5707963267948966, 3.0
183, 60, 1224, 409, 1224, 407, 0, 2, 1.5707963267948966, 2.0
183, 61, 49, 470, 47, 467, 2, 3, 0.982793723247329, 3.605551275463989
183, 62, 401, 561, 403, 556, -2, 5, 1.9513027039072615, 5.385164807134504
183, 64, 369, 521, 370, 517, -1, 4, 1.8157749899217608, 4.123105625617661
183, 65, 493, 20, 494, 22, -1, -2, -2.0344439357957027, 2.23606797749979
183, 67, 481, 44, 482, 46, -1, -2, -2.0344439357957027, 2.23606797749979
183, 68, 665, 328, 664, 326, 1, 2, 1.1071487177940904, 2.23606797749979
183, 69, 658, 329, 657, 327, 1, 2, 1.1071487177940904, 2.23606797749979
183, 71, 656, 337, 655, 335, 1, 2, 1.1071487177940904, 2.23606797749979
183, 73, 806, 270, 806, 268, 0, 2, 1.5707963267948966, 2.0
183, 76, 381, 444, 382, 440, -1, 4, 1.8157749899217608, 4.123105625617661
183, 77, 502, 339, 503, 343, -1, -4, -1.8157749899217608, 4.123105625617661
183, 78, 815, 317, 815, 314, 0, 3, 1.5707963267948966, 3.0
183, 79, 638, 411, 639, 409, -1, 2, 2.0344439357957027, 2.23606797749979
183, 81, 1250, 357, 1249, 354, 1, 3, 1.2490457723982544, 3.1622776601683795
183, 82, 1204, 217, 1205, 215, -1, 2, 2.0344439357957027, 2.23606797749979
183, 85, 193, 701, 193, 695, 0, 6, 1.5707963267948966, 6.0
183, 87, 846, 368, 848, 371, -2, -3, -2.158798930342464, 3.605551275463989
183, 88, 641, 372, 640, 369, 1, 3, 1.2490457723982544, 3.1622776601683795
183, 89, 708, 253, 709, 258, -1, -5, -1.7681918866447774, 5.0990195135927845
183, 90, 358, 410, 360, 407, -2, 3, 2.158798930342464, 3.605551275463989
183, 91, 1205, 180, 1205, 178, 0, 2, 1.5707963267948966, 2.0
183, 92, 482, 418, 482, 421, 0, -3, -1.5707963267948966, 3.0
183, 98, 467, 138, 467, 140, 0, -2, -1.5707963267948966, 2.0
183, 99, 870, 279, 871, 284, -1, -5, -1.7681918866447774, 5.0990195135927845
183, 102, 192, 701, 194, 701, -2, 0, 3.141592653589793, 2.0
183, 103, 1196, 226, 1196, 224, 0, 2, 1.5707963267948966, 2.0
183, 105, 338, 54, 335, 55, 3, -1, -0.3217505543966422, 3.1622776601683795
183, 106, 622, 232, 623, 230, -1, 2, 2.0344439357957027, 2.23606797749979
184, 0, 491, 327, 492, 332, -1, -5, -1.7681918866447774, 5.0990195135927845
184, 1, 861, 268, 862, 273, -1, -5, -1.7681918866447774, 5.0990195135927845
184, 2, 834, 294, 835, 296, -1, -2, -2.0344439357957027, 2.23606797749979
184, 3, 336, 443, 337, 439, -1, 4, 1.8157749899217608, 4.123105625617661
184, 5, 810, 283, 810, 280, 0, 3, 1.5707963267948966, 3.0
184, 6, 500, 352, 501, 354, -1, -2, -2.0344439357957027, 2.23606797749979
184, 7, 849, 270, 851, 274, -2, -4, -2.0344439357957027, 4.47213595499958
184, 8, 471, 404, 471, 408, 0, -4, -1.5707963267948966, 4.0
184, 9, 329, 73, 327, 73, 2, 0, 0.0, 2.0
184, 10, 336, 15, 333, 15, 3, 0, 0.0, 3.0
184, 13, 408, 573, 410, 567, -2, 6, 1.892546881191539, 6.324555320336759
184, 14, 147, 619, 145, 615, 2, 4, 1.1071487177940904, 4.47213595499958
184, 15, 357, 489, 358, 488, -1, 1, 2.356194490192345, 1.4142135623730951
184, 17, 478, 331, 479, 335, -1, -4, -1.8157749899217608, 4.123105625617661
184, 18, 342, 72, 340, 72, 2, 0, 0.0, 2.0
184, 20, 367, 532, 368, 528, -1, 4, 1.8157749899217608, 4.123105625617661
184, 23, 156, 609, 155, 606, 1, 3, 1.2490457723982544, 3.1622776601683795
184, 25, 615, 478, 616, 475, -1, 3, 1.892546881191539, 3.1622776601683795
184, 26, 1053, 99, 1055, 101, -2, -2, -2.356194490192345, 2.8284271247461903
184, 27, 637, 408, 637, 405, 0, 3, 1.5707963267948966, 3.0
184, 28, 704, 269, 705, 274, -1, -5, -1.7681918866447774, 5.0990195135927845
184, 29, 1044, 108, 1046, 110, -2, -2, -2.356194490192345, 2.8284271247461903
184, 32, 796, 279, 796, 276, 0, 3, 1.5707963267948966, 3.0
184, 34, 335, 22, 332, 22, 3, 0, 0.0, 3.0
184, 35, 1261, 403, 1261, 400, 0, 3, 1.5707963267948966, 3.0
184, 36, 1056, 141, 1058, 145, -2, -4, -2.0344439357957027, 4.47213595499958
184, 37, 494, 445, 494, 450, 0, -5, -1.5707963267948966, 5.0
184, 38, 674, 348, 673, 346, 1, 2, 1.1071487177940904, 2.23606797749979
184, 39, 1261, 364, 1261, 360, 0, 4, 1.5707963267948966, 4.0
184, 40, 355, 588, 356, 584, -1, 4, 1.8157749899217608, 4.123105625617661
184, 41, 1054, 109, 1056, 111, -2, -2, -2.356194490192345, 2.8284271247461903
184, 42, 735, 174, 735, 176, 0, -2, -1.5707963267948966, 2.0
184, 43, 699, 264, 699, 269, 0, -5, -1.5707963267948966, 5.0
184, 44, 709, 260, 710, 265, -1, -5, -1.7681918866447774, 5.0990195135927845
184, 45, 501, 379, 503, 384, -2, -5, -1.9513027039072615, 5.385164807134504
184, 46, 638, 551, 638, 549, 0, 2, 1.5707963267948966, 2.0
184, 48, 708, 346, 708, 349, 0, -3, -1.5707963267948966, 3.0
184, 51, 462, 385, 463, 388, -1, -3, -1.892546881191539, 3.1622776601683795
184, 52, 1238, 448, 1236, 449, 2, -1, -0.4636476090008061, 2.23606797749979
184, 53, 774, 15, 776, 15, -2, 0, 3.141592653589793, 2.0
184, 54, 670, 342, 669, 340, 1, 2, 1.1071487177940904, 2.23606797749979
184, 55, 858, 253, 859, 258, -1, -5, -1.7681918866447774, 5.0990195135927845
184, 56, 653, 404, 653, 401, 0, 3, 1.5707963267948966, 3.0
184, 57, 1224, 412, 1224, 409, 0, 3, 1.5707963267948966, 3.0
184, 58, 50, 471, 49, 470, 1, 1, 0.7853981633974483, 1.4142135623730951
184, 59, 400, 566, 401, 561, -1, 5, 1.7681918866447774, 5.0990195135927845
184, 61, 368, 525, 369, 521, -1, 4, 1.8157749899217608, 4.123105625617661
184, 64, 481, 42, 481, 44, 0, -2, -1.5707963267948966, 2.0
184, 65, 666, 330, 665, 328, 1, 2, 1.1071487177940904, 2.23606797749979
184, 66, 659, 331, 658, 329, 1, 2, 1.1071487177940904, 2.23606797749979
184, 67, 657, 339, 656, 337, 1, 2, 1.1071487177940904, 2.23606797749979
184, 69, 806, 273, 806, 270, 0, 3, 1.5707963267948966, 3.0
184, 70, 143, 64, 144, 63, -1, 1, 2.356194490192345, 1.4142135623730951
184, 72, 380, 448, 381, 444, -1, 4, 1.8157749899217608, 4.123105625617661
184, 73, 501, 334, 502, 339, -1, -5, -1.7681918866447774, 5.0990195135927845
184, 74, 815, 319, 815, 317, 0, 2, 1.5707963267948966, 2.0
184, 75, 638, 414, 638, 411, 0, 3, 1.5707963267948966, 3.0
184, 76, 1251, 360, 1250, 357, 1, 3, 1.2490457723982544, 3.1622776601683795
184, 77, 1204, 219, 1204, 217, 0, 2, 1.5707963267948966, 2.0
184, 81, 1038, 22, 1036, 22, 2, 0, 0.0, 2.0
184, 82, 844, 365, 846, 368, -2, -3, -2.158798930342464, 3.605551275463989
184, 83, 642, 375, 641, 372, 1, 3, 1.2490457723982544, 3.1622776601683795
184, 84, 707, 248, 708, 253, -1, -5, -1.7681918866447774, 5.0990195135927845
184, 85, 356, 413, 358, 410, -2, 3, 2.158798930342464, 3.605551275463989
184, 86, 1205, 182, 1205, 180, 0, 2, 1.5707963267948966, 2.0
184, 87, 482, 414, 482, 418, 0, -4, -1.5707963267948966, 4.0
184, 89, 782, 12, 784, 12, -2, 0, 3.141592653589793, 2.0
184, 93, 467, 136, 467, 138, 0, -2, -1.5707963267948966, 2.0
184, 94, 869, 274, 870, 279, -1, -5, -1.7681918866447774, 5.0990195135927845
184, 95, 1218, 97, 1217, 96, 1, 1, 0.7853981633974483, 1.4142135623730951
184, 98, 1196, 228, 1196, 226, 0, 2, 1.5707963267948966, 2.0
184, 100, 341, 53, 338, 54, 3, -1, -0.3217505543966422, 3.1622776601683795
185, 1, 494, 332, 495, 337, -1, -5, -1.7681918866447774, 5.0990195135927845
185, 2, 864, 270, 865, 275, -1, -5, -1.7681918866447774, 5.0990195135927845
185, 3, 337, 442, 339, 438, -2, 4, 2.0344439357957027, 4.47213595499958
185, 4, 852, 271, 853, 275, -1, -4, -1.8157749899217608, 4.123105625617661
185, 5, 334, 15, 331, 16, 3, -1, -0.3217505543966422, 3.1622776601683795
185, 7, 340, 61, 337, 61, 3, 0, 0.0, 3.0
185, 8, 1051, 103, 1053, 105, -2, -2, -2.356194490192345, 2.8284271247461903
185, 9, 799, 68, 798, 69, 1, -1, -0.7853981633974483, 1.4142135623730951
185, 10, 168, 82, 169, 81, -1, 1, 2.356194490192345, 1.4142135623730951
185, 11, 810, 282, 810, 278, 0, 4, 1.5707963267948966, 4.0
185, 12, 52, 479, 51, 478, 1, 1, 0.7853981633974483, 1.4142135623730951
185, 16, 368, 530, 369, 526, -1, 4, 1.8157749899217608, 4.123105625617661
185, 18, 328, 74, 326, 74, 2, 0, 0.0, 2.0
185, 19, 835, 311, 836, 310, -1, 1, 2.356194490192345, 1.4142135623730951
185, 20, 616, 478, 617, 475, -1, 3, 1.892546881191539, 3.1622776601683795
185, 21, 149, 628, 147, 626, 2, 2, 0.7853981633974483, 2.8284271247461903
185, 22, 481, 335, 482, 340, -1, -5, -1.7681918866447774, 5.0990195135927845
185, 23, 166, 620, 165, 617, 1, 3, 1.2490457723982544, 3.1622776601683795
185, 25, 46, 81, 48, 81, -2, 0, 3.141592653589793, 2.0
185, 27, 474, 409, 474, 413, 0, -4, -1.5707963267948966, 4.0
185, 29, 1036, 23, 1033, 23, 3, 0, 0.0, 3.0
185, 31, 1048, 115, 1050, 117, -2, -2, -2.356194490192345, 2.8284271247461903
185, 34, 333, 24, 330, 25, 3, -1, -0.3217505543966422, 3.1622776601683795
185, 35, 858, 257, 860, 262, -2, -5, -1.9513027039072615, 5.385164807134504
185, 37, 502, 339, 503, 344, -1, -5, -1.7681918866447774, 5.0990195135927845
185, 38, 844, 279, 844, 283, 0, -4, -1.5707963267948966, 4.0
185, 39, 371, 523, 372, 519, -1, 4, 1.8157749899217608, 4.123105625617661
185, 41, 409, 588, 410, 582, -1, 6, 1.7359450042095235, 6.082762530298219
185, 46, 641, 408, 640, 405, 1, 3, 1.2490457723982544, 3.1622776601683795
185, 47, 707, 274, 708, 279, -1, -5, -1.7681918866447774, 5.0990195135927845
185, 48, 329, 58, 326, 58, 3, 0, 0.0, 3.0
185, 49, 673, 343, 672, 342, 1, 1, 0.7853981633974483, 1.4142135623730951
185, 51, 700, 269, 701, 274, -1, -5, -1.7681918866447774, 5.0990195135927845
185, 53, 468, 385, 469, 389, -1, -4, -1.8157749899217608, 4.123105625617661
185, 56, 780, 313, 781, 312, -1, 1, 2.356194490192345, 1.4142135623730951
185, 58, 722, 258, 722, 260, 0, -2, -1.5707963267948966, 2.0
185, 59, 709, 193, 709, 196, 0, -3, -1.5707963267948966, 3.0
185, 60, 55, 509, 53, 507, 2, 2, 0.7853981633974483, 2.8284271247461903
185, 61, 655, 337, 655, 335, 0, 2, 1.5707963267948966, 2.0
185, 62, 1261, 365, 1264, 361, -3, 4, 2.214297435588181, 5.0
185, 65, 796, 279, 796, 275, 0, 4, 1.5707963267948966, 4.0
185, 66, 711, 267, 712, 271, -1, -4, -1.8157749899217608, 4.123105625617661
185, 67, 43, 456, 41, 454, 2, 2, 0.7853981633974483, 2.8284271247461903
185, 70, 1261, 405, 1262, 402, -1, 3, 1.892546881191539, 3.1622776601683795
185, 71, 735, 176, 735, 178, 0, -2, -1.5707963267948966, 2.0
185, 72, 1059, 115, 1061, 117, -2, -2, -2.356194490192345, 2.8284271247461903
185, 73, 356, 583, 357, 579, -1, 4, 1.8157749899217608, 4.123105625617661
185, 75, 402, 576, 404, 570, -2, 6, 1.892546881191539, 6.324555320336759
185, 76, 360, 509, 360, 507, 0, 2, 1.5707963267948966, 2.0
185, 77, 1251, 142, 1250, 141, 1, 1, 0.7853981633974483, 1.4142135623730951
185, 78, 1034, 178, 1035, 182, -1, -4, -1.8157749899217608, 4.123105625617661
185, 79, 146, 94, 147, 93, -1, 1, 2.356194490192345, 1.4142135623730951
185, 81, 66, 109, 68, 109, -2, 0, 3.141592653589793, 2.0
185, 83, 1249, 364, 1248, 361, 1, 3, 1.2490457723982544, 3.1622776601683795
185, 84, 501, 390, 502, 395, -1, -5, -1.7681918866447774, 5.0990195135927845
185, 85, 658, 329, 658, 327, 0, 2, 1.5707963267948966, 2.0
185, 88, 1208, 179, 1207, 178, 1, 1, 0.7853981633974483, 1.4142135623730951
185, 90, 379, 449, 380, 445, -1, 4, 1.8157749899217608, 4.123105625617661
185, 91, 472, 62, 473, 64, -1, -2, -2.0344439357957027, 2.23606797749979
185, 92, 465, 407, 466, 411, -1, -4, -1.8157749899217608, 4.123105625617661
185, 93, 806, 273, 806, 269, 0, 4, 1.5707963267948966, 4.0
185, 95, 789, 351, 789, 347, 0, 4, 1.5707963267948966, 4.0
185, 96, 482, 323, 483, 328, -1, -5, -1.7681918866447774, 5.0990195135927845
185, 98, 656, 408, 656, 404, 0, 4, 1.5707963267948966, 4.0
185, 101, 179, 701, 180, 706, -1, -5, -1.7681918866447774, 5.0990195135927845
185, 105, 855, 358, 855, 360, 0, -2, -1.5707963267948966, 2.0
185, 107, 1222, 410, 1221, 407, 1, 3, 1.2490457723982544, 3.1622776601683795
185, 109, 59, 475, 57, 473, 2, 2, 0.7853981633974483, 2.8284271247461903
185, 110, 711, 345, 711, 347, 0, -2, -1.5707963267948966, 2.0
185, 113, 1204, 107, 1203, 106, 1, 1, 0.7853981633974483, 1.4142135623730951
185, 114, 642, 369, 641, 367, 1, 2, 1.1071487177940904, 2.23606797749979
185, 116, 169, 110, 169, 108, 0, 2, 1.5707963267948966, 2.0
185, 117, 365, 460, 366, 457, -1, 3, 1.892546881191539, 3.1622776601683795
185, 118, 647, 417, 647, 414, 0, 3, 1.5707963267948966, 3.0
185, 119, 1254, 356, 1254, 352, 0, 4, 1.5707963267948966, 4.0
185, 120, 13, 485, 11, 482, 2, 3, 0.982793723247329, 3.605551275463989
185, 123, 498, 91, 499, 93, -1, -2, -2.0344439357957027, 2.23606797749979
185, 126, 816, 321, 816, 319, 0, 2, 1.5707963267948966, 2.0
185, 127, 711, 255, 711, 259, 0, -4, -1.5707963267948966, 4.0
185, 128, 805, 118, 805, 120, 0, -2, -1.5707963267948966, 2.0
185, 129, 1234, 389, 1233, 386, 1, 3, 1.2490457723982544, 3.1622776601683795
185, 131, 535, 699, 536, 706, -1, -7, -1.7126933813990606, 7.0710678118654755
185, 132, 44, 113, 46, 113, -2, 0, 3.141592653589793, 2.0
185, 134, 146, 67, 147, 66, -1, 1, 2.356194490192345, 1.4142135623730951
186, 0, 493, 327, 494, 332, -1, -5, -1.7681918866447774, 5.0990195135927845
186, 1, 862, 265, 864, 270, -2, -5, -1.9513027039072615, 5.385164807134504
186, 2, 335, 446, 337, 442, -2, 4, 2.0344439357957027, 4.47213595499958
186, 3, 850, 267, 852, 271, -2, -4, -2.0344439357957027, 4.47213595499958
186, 4, 337, 14, 334, 15, 3, -1, -0.3217505543966422, 3.1622776601683795
186, 5, 342, 61, 340, 61, 2, 0, 0.0, 2.0
186, 6, 1048, 101, 1051, 103, -3, -2, -2.5535900500422257, 3.605551275463989
186, 7, 799, 66, 799, 68, 0, -2, -1.5707963267948966, 2.0
186, 8, 167, 83, 168, 82, -1, 1, 2.356194490192345, 1.4142135623730951
186, 9, 809, 285, 810, 282, -1, 3, 1.892546881191539, 3.1622776601683795
186, 10, 54, 480, 52, 479, 2, 1, 0.4636476090008061, 2.23606797749979
186, 14, 367, 534, 368, 530, -1, 4, 1.8157749899217608, 4.123105625617661
186, 16, 331, 74, 328, 74, 3, 0, 0.0, 3.0
186, 17, 834, 312, 835, 311, -1, 1, 2.356194490192345, 1.4142135623730951
186, 18, 615, 481, 616, 478, -1, 3, 1.892546881191539, 3.1622776601683795
186, 19, 151, 631, 149, 628, 2, 3, 0.982793723247329, 3.605551275463989
186, 20, 480, 330, 481, 335, -1, -5, -1.7681918866447774, 5.0990195135927845
186, 21, 167, 624, 166, 620, 1, 4, 1.3258176636680326, 4.123105625617661
186, 23, 44, 81, 46, 81, -2, 0, 3.141592653589793, 2.0
186, 25, 473, 405, 474, 409, -1, -4, -1.8157749899217608, 4.123105625617661
186, 27, 1039, 23, 1036, 23, 3, 0, 0.0, 3.0
186, 29, 1045, 113, 1048, 115, -3, -2, -2.5535900500422257, 3.605551275463989
186, 32, 336, 23, 333, 24, 3, -1, -0.3217505543966422, 3.1622776601683795
186, 33, 856, 253, 858, 257, -2, -4, -2.0344439357957027, 4.47213595499958
186, 35, 501, 334, 502, 339, -1, -5, -1.7681918866447774, 5.0990195135927845
186, 36, 843, 275, 844, 279, -1, -4, -1.8157749899217608, 4.123105625617661
186, 37, 370, 526, 371, 523, -1, 3, 1.892546881191539, 3.1622776601683795
186, 38, 776, 16, 778, 16, -2, 0, 3.141592653589793, 2.0
186, 39, 408, 592, 409, 588, -1, 4, 1.8157749899217608, 4.123105625617661
186, 44, 643, 412, 641, 408, 2, 4, 1.1071487177940904, 4.47213595499958
186, 45, 706, 269, 707, 274, -1, -5, -1.7681918866447774, 5.0990195135927845
186, 46, 331, 59, 329, 58, 2, 1, 0.4636476090008061, 2.23606797749979
186, 47, 674, 344, 673, 343, 1, 1, 0.7853981633974483, 1.4142135623730951
186, 49, 699, 264, 700, 269, -1, -5, -1.7681918866447774, 5.0990195135927845
186, 51, 466, 381, 468, 385, -2, -4, -2.0344439357957027, 4.47213595499958
186, 52, 502, 364, 502, 362, 0, 2, 1.5707963267948966, 2.0
186, 53, 779, 314, 780, 313, -1, 1, 2.356194490192345, 1.4142135623730951
186, 54, 721, 256, 722, 258, -1, -2, -2.0344439357957027, 2.23606797749979
186, 55, 709, 190, 709, 193, 0, -3, -1.5707963267948966, 3.0
186, 56, 57, 511, 55, 509, 2, 2, 0.7853981633974483, 2.8284271247461903
186, 57, 655, 339, 655, 337, 0, 2, 1.5707963267948966, 2.0
186, 58, 1261, 369, 1261, 365, 0, 4, 1.5707963267948966, 4.0
186, 59, 647, 512, 648, 511, -1, 1, 2.356194490192345, 1.4142135623730951
186, 61, 796, 283, 796, 279, 0, 4, 1.5707963267948966, 4.0
186, 62, 710, 263, 711, 267, -1, -4, -1.8157749899217608, 4.123105625617661
186, 63, 45, 458, 43, 456, 2, 2, 0.7853981633974483, 2.8284271247461903
186, 66, 1261, 408, 1261, 405, 0, 3, 1.5707963267948966, 3.0
186, 67, 735, 174, 735, 176, 0, -2, -1.5707963267948966, 2.0
186, 68, 1056, 113, 1059, 115, -3, -2, -2.5535900500422257, 3.605551275463989
186, 69, 355, 587, 356, 583, -1, 4, 1.8157749899217608, 4.123105625617661
186, 70, 787, 104, 787, 106, 0, -2, -1.5707963267948966, 2.0
186, 71, 400, 583, 402, 576, -2, 7, 1.849095985800008, 7.280109889280518
186, 72, 359, 510, 360, 509, -1, 1, 2.356194490192345, 1.4142135623730951
186, 77, 1249, 367, 1249, 364, 0, 3, 1.5707963267948966, 3.0
186, 78, 499, 386, 501, 390, -2, -4, -2.0344439357957027, 4.47213595499958
186, 79, 658, 331, 658, 329, 0, 2, 1.5707963267948966, 2.0
186, 83, 377, 453, 379, 449, -2, 4, 2.0344439357957027, 4.47213595499958
186, 84, 471, 60, 472, 62, -1, -2, -2.0344439357957027, 2.23606797749979
186, 85, 464, 403, 465, 407, -1, -4, -1.8157749899217608, 4.123105625617661
186, 86, 806, 277, 806, 273, 0, 4, 1.5707963267948966, 4.0
186, 88, 789, 355, 789, 351, 0, 4, 1.5707963267948966, 4.0
186, 89, 481, 318, 482, 323, -1, -5, -1.7681918866447774, 5.0990195135927845
186, 91, 656, 411, 656, 408, 0, 3, 1.5707963267948966, 3.0
186, 97, 854, 356, 855, 358, -1, -2, -2.0344439357957027, 2.23606797749979
186, 99, 1223, 414, 1222, 410, 1, 4, 1.3258176636680326, 4.123105625617661
186, 101, 61, 476, 59, 475, 2, 1, 0.4636476090008061, 2.23606797749979
186, 102, 710, 343, 711, 345, -1, -2, -2.0344439357957027, 2.23606797749979
186, 105, 1205, 108, 1204, 107, 1, 1, 0.7853981633974483, 1.4142135623730951
186, 106, 643, 371, 642, 369, 1, 2, 1.1071487177940904, 2.23606797749979
186, 108, 169, 112, 169, 110, 0, 2, 1.5707963267948966, 2.0
186, 109, 363, 463, 365, 460, -2, 3, 2.158798930342464, 3.605551275463989
186, 110, 648, 421, 647, 417, 1, 4, 1.3258176636680326, 4.123105625617661
186, 111, 1254, 360, 1254, 356, 0, 4, 1.5707963267948966, 4.0
186, 112, 15, 488, 13, 485, 2, 3, 0.982793723247329, 3.605551275463989
186, 117, 816, 323, 816, 321, 0, 2, 1.5707963267948966, 2.0
186, 118, 710, 251, 711, 255, -1, -4, -1.8157749899217608, 4.123105625617661
186, 119, 1235, 393, 1234, 389, 1, 4, 1.3258176636680326, 4.123105625617661
186, 121, 534, 692, 535, 699, -1, -7, -1.7126933813990606, 7.0710678118654755
186, 122, 42, 113, 44, 113, -2, 0, 3.141592653589793, 2.0
186, 124, 145, 68, 146, 67, -1, 1, 2.356194490192345, 1.4142135623730951
187, 0, 493, 323, 493, 327, 0, -4, -1.5707963267948966, 4.0
187, 1, 860, 260, 862, 265, -2, -5, -1.9513027039072615, 5.385164807134504
187, 2, 333, 450, 335, 446, -2, 4, 2.0344439357957027, 4.47213595499958
187, 3, 847, 263, 850, 267, -3, -4, -2.214297435588181, 5.0
187, 4, 341, 13, 337, 14, 4, -1, -0.24497866312686414, 4.123105625617661
187, 5, 345, 62, 342, 61, 3, 1, 0.3217505543966422, 3.1622776601683795
187, 6, 1044, 97, 1048, 101, -4, -4, -2.356194490192345, 5.656854249492381
187, 7, 801, 63, 799, 66, 2, -3, -0.982793723247329, 3.605551275463989
187, 8, 165, 87, 167, 83, -2, 4, 2.0344439357957027, 4.47213595499958
187, 9, 807, 288, 809, 285, -2, 3, 2.158798930342464, 3.605551275463989
187, 10, 56, 482, 54, 480, 2, 2, 0.7853981633974483, 2.8284271247461903
187, 12, 488, 14, 489, 17, -1, -3, -1.892546881191539, 3.1622776601683795
187, 14, 366, 537, 367, 534, -1, 3, 1.892546881191539, 3.1622776601683795
187, 15, 618, 146, 619, 143, -1, 3, 1.892546881191539, 3.1622776601683795
187, 16, 333, 76, 331, 74, 2, 2, 0.7853981633974483, 2.8284271247461903
187, 19, 153, 635, 151, 631, 2, 4, 1.1071487177940904, 4.47213595499958
187, 20, 479, 326, 480, 330, -1, -4, -1.8157749899217608, 4.123105625617661
187, 21, 167, 628, 167, 624, 0, 4, 1.5707963267948966, 4.0
187, 23, 40, 81, 44, 81, -4, 0, 3.141592653589793, 4.0
187, 25, 474, 401, 473, 405, 1, -4, -1.3258176636680326, 4.123105625617661
187, 26, 790, 22, 792, 22, -2, 0, 3.141592653589793, 2.0
187, 29, 1041, 110, 1045, 113, -4, -3, -2.498091544796509, 5.0
187, 32, 339, 22, 336, 23, 3, -1, -0.3217505543966422, 3.1622776601683795
187, 33, 853, 249, 856, 253, -3, -4, -2.214297435588181, 5.0
187, 35, 501, 330, 501, 334, 0, -4, -1.5707963267948966, 4.0
187, 36, 841, 271, 843, 275, -2, -4, -2.0344439357957027, 4.47213595499958
187, 37, 368, 529, 370, 526, -2, 3, 2.158798930342464, 3.605551275463989
187, 38, 774, 16, 776, 16, -2, 0, 3.141592653589793, 2.0
187, 39, 406, 595, 408, 592, -2, 3, 2.158798930342464, 3.605551275463989
187, 40, 60, 137, 62, 136, -2, 1, 2.677945044588987, 2.23606797749979
187, 41, 757, 46, 759, 46, -2, 0, 3.141592653589793, 2.0
187, 42, 645, 416, 643, 412, 2, 4, 1.1071487177940904, 4.47213595499958
187, 43, 705, 264, 706, 269, -1, -5, -1.7681918866447774, 5.0990195135927845
187, 44, 335, 59, 331, 59, 4, 0, 0.0, 4.0
187, 45, 675, 348, 674, 344, 1, 4, 1.3258176636680326, 4.123105625617661
187, 47, 699, 259, 699, 264, 0, -5, -1.5707963267948966, 5.0
187, 48, 1198, 143, 1197, 141, 1, 2, 1.1071487177940904, 2.23606797749979
187, 49, 464, 377, 466, 381, -2, -4, -2.0344439357957027, 4.47213595499958
187, 50, 503, 367, 502, 364, 1, 3, 1.2490457723982544, 3.1622776601683795
187, 52, 720, 251, 721, 256, -1, -5, -1.7681918866447774, 5.0990195135927845
187, 53, 710, 187, 709, 190, 1, -3, -1.2490457723982544, 3.1622776601683795
187, 54, 59, 516, 57, 511, 2, 5, 1.1902899496825317, 5.385164807134504
187, 55, 657, 342, 655, 339, 2, 3, 0.982793723247329, 3.605551275463989
187, 56, 1261, 372, 1261, 369, 0, 3, 1.5707963267948966, 3.0
187, 57, 647, 516, 647, 512, 0, 4, 1.5707963267948966, 4.0
187, 58, 815, 13, 817, 13, -2, 0, 3.141592653589793, 2.0
187, 59, 796, 286, 796, 283, 0, 3, 1.5707963267948966, 3.0
187, 60, 709, 258, 710, 263, -1, -5, -1.7681918866447774, 5.0990195135927845
187, 63, 1202, 230, 1201, 227, 1, 3, 1.2490457723982544, 3.1622776601683795
187, 64, 1261, 411, 1261, 408, 0, 3, 1.5707963267948966, 3.0
187, 65, 736, 169, 735, 174, 1, -5, -1.373400766945016, 5.0990195135927845
187, 66, 1052, 109, 1056, 113, -4, -4, -2.356194490192345, 5.656854249492381
187, 67, 354, 591, 355, 587, -1, 4, 1.8157749899217608, 4.123105625617661
187, 68, 789, 100, 787, 104, 2, -4, -1.1071487177940904, 4.47213595499958
187, 69, 398, 587, 400, 583, -2, 4, 2.0344439357957027, 4.47213595499958
187, 71, 1254, 143, 1252, 142, 2, 1, 0.4636476090008061, 2.23606797749979
187, 72, 145, 97, 146, 95, -1, 2, 2.0344439357957027, 2.23606797749979
187, 73, 1206, 148, 1205, 146, 1, 2, 1.1071487177940904, 2.23606797749979
187, 74, 61, 110, 65, 109, -4, 1, 2.896613990462929, 4.123105625617661
187, 75, 1251, 370, 1249, 367, 2, 3, 0.982793723247329, 3.605551275463989
187, 76, 498, 382, 499, 386, -1, -4, -1.8157749899217608, 4.123105625617661
187, 77, 658, 334, 658, 331, 0, 3, 1.5707963267948966, 3.0
187, 80, 1208, 183, 1208, 180, 0, 3, 1.5707963267948966, 3.0
187, 81, 376, 456, 377, 453, -1, 3, 1.892546881191539, 3.1622776601683795
187, 82, 470, 55, 471, 60, -1, -5, -1.7681918866447774, 5.0990195135927845
187, 83, 461, 399, 464, 403, -3, -4, -2.214297435588181, 5.0
187, 84, 805, 280, 806, 277, -1, 3, 1.892546881191539, 3.1622776601683795
187, 85, 615, 221, 616, 216, -1, 5, 1.7681918866447774, 5.0990195135927845
187, 86, 790, 358, 789, 355, 1, 3, 1.2490457723982544, 3.1622776601683795
187, 87, 480, 314, 481, 318, -1, -4, -1.8157749899217608, 4.123105625617661
187, 91, 495, 22, 496, 24, -1, -2, -2.0344439357957027, 2.23606797749979
187, 92, 178, 701, 179, 700, -1, 1, 2.356194490192345, 1.4142135623730951
187, 95, 812, 21, 814, 21, -2, 0, 3.141592653589793, 2.0
187, 96, 1225, 418, 1223, 414, 2, 4, 1.1071487177940904, 4.47213595499958
187, 98, 63, 477, 61, 476, 2, 1, 0.4636476090008061, 2.23606797749979
187, 99, 709, 341, 710, 343, -1, -2, -2.0344439357957027, 2.23606797749979
187, 102, 1207, 111, 1205, 108, 2, 3, 0.982793723247329, 3.605551275463989
187, 103, 645, 374, 643, 371, 2, 3, 0.982793723247329, 3.605551275463989
187, 104, 146, 108, 147, 106, -1, 2, 2.0344439357957027, 2.23606797749979
187, 105, 168, 115, 169, 112, -1, 3, 1.892546881191539, 3.1622776601683795
187, 106, 361, 466, 363, 463, -2, 3, 2.158798930342464, 3.605551275463989
187, 107, 649, 423, 648, 421, 1, 2, 1.1071487177940904, 2.23606797749979
187, 108, 1255, 363, 1254, 360, 1, 3, 1.2490457723982544, 3.1622776601683795
187, 110, 811, 86, 809, 90, 2, -4, -1.1071487177940904, 4.47213595499958
187, 111, 498, 87, 498, 90, 0, -3, -1.5707963267948966, 3.0
187, 113, 1207, 218, 1206, 215, 1, 3, 1.2490457723982544, 3.1622776601683795
187, 115, 709, 246, 710, 251, -1, -5, -1.7681918866447774, 5.0990195135927845
187, 116, 1236, 396, 1235, 393, 1, 3, 1.2490457723982544, 3.1622776601683795
187, 118, 533, 682, 534, 692, -1, -10, -1.6704649792860586, 10.04987562112089
187, 119, 38, 113, 42, 113, -4, 0, 3.141592653589793, 4.0
187, 121, 144, 71, 145, 68, -1, 3, 1.892546881191539, 3.1622776601683795
187, 122, 1209, 191, 1208, 189, 1, 2, 1.1071487177940904, 2.23606797749979
187, 123, 139, 38, 139, 35, 0, 3, 1.5707963267948966, 3.0
188, 0, 493, 318, 493, 323, 0, -5, -1.5707963267948966, 5.0
188, 1, 858, 257, 860, 260, -2, -3, -2.158798930342464, 3.605551275463989
188, 2, 332, 453, 333, 450, -1, 3, 1.892546881191539, 3.1622776601683795
188, 3, 845, 260, 847, 263, -2, -3, -2.158798930342464, 3.605551275463989
188, 4, 344, 12, 341, 13, 3, -1, -0.3217505543966422, 3.1622776601683795
188, 5, 346, 63, 345, 62, 1, 1, 0.7853981633974483, 1.4142135623730951
188, 6, 1041, 94, 1044, 97, -3, -3, -2.356194490192345, 4.242640687119285
188, 7, 802, 61, 801, 63, 1, -2, -1.1071487177940904, 2.23606797749979
188, 8, 164, 89, 165, 87, -1, 2, 2.0344439357957027, 2.23606797749979
188, 9, 806, 292, 807, 288, -1, 4, 1.8157749899217608, 4.123105625617661
188, 10, 57, 484, 56, 482, 1, 2, 1.1071487177940904, 2.23606797749979
188, 12, 487, 12, 488, 14, -1, -2, -2.0344439357957027, 2.23606797749979
188, 14, 365, 541, 366, 537, -1, 4, 1.8157749899217608, 4.123105625617661
188, 15, 617, 147, 618, 146, -1, 1, 2.356194490192345, 1.4142135623730951
188, 16, 335, 78, 333, 76, 2, 2, 0.7853981633974483, 2.8284271247461903
188, 18, 615, 485, 615, 481, 0, 4, 1.5707963267948966, 4.0
188, 19, 154, 639, 153, 635, 1, 4, 1.3258176636680326, 4.123105625617661
188, 20, 478, 321, 479, 326, -1, -5, -1.7681918866447774, 5.0990195135927845
188, 21, 168, 632, 167, 628, 1, 4, 1.3258176636680326, 4.123105625617661
188, 23, 38, 81, 40, 81, -2, 0, 3.141592653589793, 2.0
188, 24, 473, 398, 474, 401, -1, -3, -1.892546881191539, 3.1622776601683795
188, 26, 1042, 22, 1040, 23, 2, -1, -0.4636476090008061, 2.23606797749979
188, 28, 1039, 107, 1041, 110, -2, -3, -2.158798930342464, 3.605551275463989
188, 31, 342, 21, 339, 22, 3, -1, -0.3217505543966422, 3.1622776601683795
188, 32, 851, 246, 853, 249, -2, -3, -2.158798930342464, 3.605551275463989
188, 34, 500, 325, 501, 330, -1, -5, -1.7681918866447774, 5.0990195135927845
188, 35, 839, 268, 841, 271, -2, -3, -2.158798930342464, 3.605551275463989
188, 36, 366, 533, 368, 529, -2, 4, 2.0344439357957027, 4.47213595499958
188, 37, 772, 16, 774, 16, -2, 0, 3.141592653589793, 2.0
188, 38, 404, 598, 406, 595, -2, 3, 2.158798930342464, 3.605551275463989
188, 41, 647, 420, 645, 416, 2, 4, 1.1071487177940904, 4.47213595499958
188, 42, 704, 261, 705, 264, -1, -3, -1.892546881191539, 3.1622776601683795
188, 43, 337, 60, 335, 59, 2, 1, 0.4636476090008061, 2.23606797749979
188, 44, 676, 351, 675, 348, 1, 3, 1.2490457723982544, 3.1622776601683795
188, 46, 698, 256, 699, 259, -1, -3, -1.892546881191539, 3.1622776601683795
188, 47, 1199, 144, 1198, 143, 1, 1, 0.7853981633974483, 1.4142135623730951
188, 48, 463, 372, 464, 377, -1, -5, -1.7681918866447774, 5.0990195135927845
188, 49, 503, 370, 503, 367, 0, 3, 1.5707963267948966, 3.0
188, 50, 779, 318, 779, 315, 0, 3, 1.5707963267948966, 3.0
188, 51, 719, 248, 720, 251, -1, -3, -1.892546881191539, 3.1622776601683795
188, 54, 658, 345, 657, 342, 1, 3, 1.2490457723982544, 3.1622776601683795
188, 55, 1261, 375, 1261, 372, 0, 3, 1.5707963267948966, 3.0
188, 56, 646, 519, 647, 516, -1, 3, 1.892546881191539, 3.1622776601683795
188, 58, 795, 290, 796, 286, -1, 4, 1.8157749899217608, 4.123105625617661
188, 59, 708, 255, 709, 258, -1, -3, -1.892546881191539, 3.1622776601683795
188, 60, 47, 462, 45, 459, 2, 3, 0.982793723247329, 3.605551275463989
188, 63, 1261, 415, 1261, 411, 0, 4, 1.5707963267948966, 4.0
188, 64, 736, 165, 736, 169, 0, -4, -1.5707963267948966, 4.0
188, 65, 1050, 106, 1052, 109, -2, -3, -2.158798930342464, 3.605551275463989
188, 66, 353, 595, 354, 591, -1, 4, 1.8157749899217608, 4.123105625617661
188, 67, 790, 98, 789, 100, 1, -2, -1.1071487177940904, 2.23606797749979
188, 68, 397, 588, 398, 587, -1, 1, 2.356194490192345, 1.4142135623730951
188, 71, 144, 98, 145, 97, -1, 1, 2.356194490192345, 1.4142135623730951
188, 73, 59, 110, 61, 110, -2, 0, 3.141592653589793, 2.0
188, 74, 1253, 373, 1251, 370, 2, 3, 0.982793723247329, 3.605551275463989
188, 75, 658, 337, 658, 334, 0, 3, 1.5707963267948966, 3.0
188, 79, 374, 459, 376, 456, -2, 3, 2.158798930342464, 3.605551275463989
188, 80, 469, 51, 470, 55, -1, -4, -1.8157749899217608, 4.123105625617661
188, 81, 459, 395, 461, 399, -2, -4, -2.0344439357957027, 4.47213595499958
188, 82, 804, 284, 805, 280, -1, 4, 1.8157749899217608, 4.123105625617661
188, 83, 614, 225, 615, 221, -1, 4, 1.8157749899217608, 4.123105625617661
188, 84, 791, 360, 790, 358, 1, 2, 1.1071487177940904, 2.23606797749979
188, 85, 479, 309, 480, 314, -1, -5, -1.7681918866447774, 5.0990195135927845
188, 87, 657, 415, 656, 412, 1, 3, 1.2490457723982544, 3.1622776601683795
188, 93, 1226, 420, 1225, 418, 1, 2, 1.1071487177940904, 2.23606797749979
188, 95, 64, 478, 63, 477, 1, 1, 0.7853981633974483, 1.4142135623730951
188, 96, 708, 339, 709, 341, -1, -2, -2.0344439357957027, 2.23606797749979
188, 99, 1208, 112, 1207, 111, 1, 1, 0.7853981633974483, 1.4142135623730951
188, 100, 646, 377, 645, 374, 1, 3, 1.2490457723982544, 3.1622776601683795
188, 101, 145, 109, 146, 108, -1, 1, 2.356194490192345, 1.4142135623730951
188, 102, 166, 115, 168, 115, -2, 0, 3.141592653589793, 2.0
188, 103, 359, 470, 361, 466, -2, 4, 2.0344439357957027, 4.47213595499958
188, 104, 650, 426, 649, 423, 1, 3, 1.2490457723982544, 3.1622776601683795
188, 105, 1257, 366, 1255, 363, 2, 3, 0.982793723247329, 3.605551275463989
188, 106, 19, 490, 16, 488, 3, 2, 0.5880026035475675, 3.605551275463989
188, 107, 812, 83, 811, 86, 1, -3, -1.2490457723982544, 3.1622776601683795
188, 108, 498, 85, 498, 87, 0, -2, -1.5707963267948966, 2.0
188, 111, 816, 327, 816, 324, 0, 3, 1.5707963267948966, 3.0
188, 112, 708, 244, 709, 246, -1, -2, -2.0344439357957027, 2.23606797749979
188, 113, 1237, 400, 1236, 396, 1, 4, 1.3258176636680326, 4.123105625617661
188, 115, 532, 674, 533, 682, -1, -8, -1.695151321341658, 8.06225774829855
188, 116, 36, 113, 38, 113, -2, 0, 3.141592653589793, 2.0
188, 118, 143, 72, 144, 71, -1, 1, 2.356194490192345, 1.4142135623730951
188, 120, 139, 40, 139, 38, 0, 2, 1.5707963267948966, 2.0
189, 0, 492, 313, 493, 318, -1, -5, -1.7681918866447774, 5.0990195135927845
189, 1, 856, 254, 858, 257, -2, -3, -2.158798930342464, 3.605551275463989
189, 2, 331, 456, 332, 453, -1, 3, 1.892546881191539, 3.1622776601683795
189, 3, 843, 257, 845, 260, -2, -3, -2.158798930342464, 3.605551275463989
189, 4, 347, 11, 344, 12, 3, -1, -0.3217505543966422, 3.1622776601683795
189, 5, 347, 64, 346, 63, 1, 1, 0.7853981633974483, 1.4142135623730951
189, 6, 1039, 91, 1041, 94, -2, -3, -2.158798930342464, 3.605551275463989
189, 7, 803, 58, 802, 61, 1, -3, -1.2490457723982544, 3.1622776601683795
189, 9, 805, 296, 806, 292, -1, 4, 1.8157749899217608, 4.123105625617661
189, 10, 58, 486, 57, 484, 1, 2, 1.1071487177940904, 2.23606797749979
189, 12, 486, 10, 487, 12, -1, -2, -2.0344439357957027, 2.23606797749979
189, 14, 364, 545, 365, 541, -1, 4, 1.8157749899217608, 4.123105625617661
189, 15, 616, 149, 617, 147, -1, 2, 2.0344439357957027, 2.23606797749979
189, 16, 336, 79, 335, 78, 1, 1, 0.7853981633974483, 1.4142135623730951
189, 17, 832, 307, 833, 311, -1, -4, -1.8157749899217608, 4.123105625617661
189, 18, 615, 490, 615, 485, 0, 5, 1.5707963267948966, 5.0
189, 19, 155, 643, 154, 639, 1, 4, 1.3258176636680326, 4.123105625617661
189, 20, 477, 317, 478, 321, -1, -4, -1.8157749899217608, 4.123105625617661
189, 21, 169, 636, 168, 632, 1, 4, 1.3258176636680326, 4.123105625617661
189, 24, 471, 394, 473, 398, -2, -4, -2.0344439357957027, 4.47213595499958
189, 26, 1047, 22, 1042, 22, 5, 0, 0.0, 5.0
189, 28, 1037, 104, 1039, 107, -2, -3, -2.158798930342464, 3.605551275463989
189, 31, 345, 20, 342, 21, 3, -1, -0.3217505543966422, 3.1622776601683795
189, 32, 849, 243, 851, 246, -2, -3, -2.158798930342464, 3.605551275463989
189, 34, 499, 320, 500, 325, -1, -5, -1.7681918866447774, 5.0990195135927845
189, 35, 837, 265, 839, 268, -2, -3, -2.158798930342464, 3.605551275463989
189, 36, 364, 537, 366, 533, -2, 4, 2.0344439357957027, 4.47213595499958
189, 37, 770, 17, 772, 16, -2, 1, 2.677945044588987, 2.23606797749979
189, 38, 402, 600, 404, 598, -2, 2, 2.356194490192345, 2.8284271247461903
189, 41, 649, 424, 647, 420, 2, 4, 1.1071487177940904, 4.47213595499958
189, 42, 703, 259, 704, 261, -1, -2, -2.0344439357957027, 2.23606797749979
189, 43, 339, 61, 337, 60, 2, 1, 0.4636476090008061, 2.23606797749979
189, 44, 676, 355, 676, 351, 0, 4, 1.5707963267948966, 4.0
189, 46, 697, 254, 698, 256, -1, -2, -2.0344439357957027, 2.23606797749979
189, 47, 1200, 145, 1199, 144, 1, 1, 0.7853981633974483, 1.4142135623730951
189, 48, 462, 368, 463, 372, -1, -4, -1.8157749899217608, 4.123105625617661
189, 50, 779, 322, 779, 318, 0, 4, 1.5707963267948966, 4.0
189, 51, 718, 245, 719, 248, -1, -3, -1.892546881191539, 3.1622776601683795
189, 53, 59, 514, 59, 516, 0, -2, -1.5707963267948966, 2.0
189, 54, 659, 349, 658, 345, 1, 4, 1.3258176636680326, 4.123105625617661
189, 55, 1261, 378, 1261, 375, 0, 3, 1.5707963267948966, 3.0
189, 56, 645, 520, 646, 519, -1, 1, 2.356194490192345, 1.4142135623730951
189, 58, 794, 294, 795, 290, -1, 4, 1.8157749899217608, 4.123105625617661
189, 59, 707, 253, 708, 255, -1, -2, -2.0344439357957027, 2.23606797749979
189, 60, 49, 464, 47, 462, 2, 2, 0.7853981633974483, 2.8284271247461903
189, 62, 1261, 419, 1261, 415, 0, 4, 1.5707963267948966, 4.0
189, 63, 736, 161, 736, 165, 0, -4, -1.5707963267948966, 4.0
189, 64, 1048, 103, 1050, 106, -2, -3, -2.158798930342464, 3.605551275463989
189, 65, 352, 599, 353, 595, -1, 4, 1.8157749899217608, 4.123105625617661
189, 66, 790, 96, 790, 98, 0, -2, -1.5707963267948966, 2.0
189, 67, 396, 590, 397, 588, -1, 2, 2.0344439357957027, 2.23606797749979
189, 70, 1207, 150, 1206, 149, 1, 1, 0.7853981633974483, 1.4142135623730951
189, 71, 57, 110, 59, 110, -2, 0, 3.141592653589793, 2.0
189, 72, 1255, 376, 1253, 373, 2, 3, 0.982793723247329, 3.605551275463989
189, 73, 658, 341, 658, 337, 0, 4, 1.5707963267948966, 4.0
189, 77, 373, 461, 374, 459, -1, 2, 2.0344439357957027, 2.23606797749979
189, 78, 468, 47, 469, 51, -1, -4, -1.8157749899217608, 4.123105625617661
189, 79, 457, 391, 459, 395, -2, -4, -2.0344439357957027, 4.47213595499958
189, 80, 803, 288, 804, 284, -1, 4, 1.8157749899217608, 4.123105625617661
189, 81, 614, 229, 614, 225, 0, 4, 1.5707963267948966, 4.0
189, 83, 478, 304, 479, 309, -1, -5, -1.7681918866447774, 5.0990195135927845
189, 85, 657, 417, 657, 415, 0, 2, 1.5707963267948966, 2.0
189, 87, 181, 701, 179, 701, 2, 0, 0.0, 2.0
189, 91, 1227, 424, 1226, 420, 1, 4, 1.3258176636680326, 4.123105625617661
189, 93, 65, 479, 64, 478, 1, 1, 0.7853981633974483, 1.4142135623730951
189, 94, 1209, 113, 1208, 112, 1, 1, 0.7853981633974483, 1.4142135623730951
189, 95, 647, 381, 646, 377, 1, 4, 1.3258176636680326, 4.123105625617661
189, 98, 358, 473, 359, 470, -1, 3, 1.892546881191539, 3.1622776601683795
189, 99, 652, 429, 650, 426, 2, 3, 0.982793723247329, 3.605551275463989
189, 100, 1259, 369, 1257, 366, 2, 3, 0.982793723247329, 3.605551275463989
189, 101, 21, 492, 19, 490, 2, 2, 0.7853981633974483, 2.8284271247461903
189, 102, 813, 80, 812, 83, 1, -3, -1.2490457723982544, 3.1622776601683795
189, 106, 816, 331, 816, 327, 0, 4, 1.5707963267948966, 4.0
189, 107, 707, 242, 708, 244, -1, -2, -2.0344439357957027, 2.23606797749979
189, 108, 1238, 404, 1237, 400, 1, 4, 1.3258176636680326, 4.123105625617661
189, 109, 532, 670, 532, 674, 0, -4, -1.5707963267948966, 4.0
189, 110, 34, 113, 36, 113, -2, 0, 3.141592653589793, 2.0
189, 112, 1209, 194, 1209, 192, 0, 2, 1.5707963267948966, 2.0
189, 113, 140, 42, 139, 40, 1, 2, 1.1071487177940904, 2.23606797749979
190, 2, 859, 262, 861, 266, -2, -4, -2.0344439357957027, 4.47213595499958
190, 4, 491, 320, 492, 324, -1, -4, -1.8157749899217608, 4.123105625617661
190, 5, 617, 148, 618, 146, -1, 2, 2.0344439357957027, 2.23606797749979
190, 6, 167, 89, 168, 88, -1, 1, 2.356194490192345, 1.4142135623730951
190, 7, 344, 14, 341, 15, 3, -1, -0.3217505543966422, 3.1622776601683795
190, 8, 847, 262, 849, 266, -2, -4, -2.0344439357957027, 4.47213595499958
190, 11, 61, 467, 59, 465, 2, 2, 0.7853981633974483, 2.8284271247461903
190, 14, 337, 453, 338, 450, -1, 3, 1.892546881191539, 3.1622776601683795
190, 15, 467, 46, 468, 50, -1, -4, -1.8157749899217608, 4.123105625617661
190, 16, 809, 294, 810, 291, -1, 3, 1.892546881191539, 3.1622776601683795
190, 18, 1045, 96, 1047, 99, -2, -3, -2.158798930342464, 3.605551275463989
190, 20, 803, 61, 802, 64, 1, -3, -1.2490457723982544, 3.1622776601683795
190, 23, 364, 548, 366, 544, -2, 4, 2.0344439357957027, 4.47213595499958
190, 25, 489, 14, 490, 16, -1, -2, -2.0344439357957027, 2.23606797749979
190, 26, 343, 23, 340, 24, 3, -1, -0.3217505543966422, 3.1622776601683795
190, 28, 153, 645, 153, 641, 0, 4, 1.5707963267948966, 4.0
190, 30, 479, 320, 480, 325, -1, -5, -1.7681918866447774, 5.0990195135927845
190, 32, 173, 637, 173, 633, 0, 4, 1.5707963267948966, 4.0
190, 33, 1054, 107, 1056, 110, -2, -3, -2.158798930342464, 3.605551275463989
190, 34, 855, 357, 855, 359, 0, -2, -1.5707963267948966, 2.0
190, 36, 372, 489, 373, 485, -1, 4, 1.8157749899217608, 4.123105625617661
190, 37, 350, 601, 351, 597, -1, 4, 1.8157749899217608, 4.123105625617661
190, 40, 651, 422, 650, 418, 1, 4, 1.3258176636680326, 4.123105625617661
190, 42, 1261, 421, 1266, 418, -5, 3, 2.601173153319209, 5.830951894845301
190, 43, 46, 508, 44, 506, 2, 2, 0.7853981633974483, 2.8284271247461903
190, 44, 401, 607, 402, 606, -1, 1, 2.356194490192345, 1.4142135623730951
190, 46, 736, 167, 736, 171, 0, -4, -1.5707963267948966, 4.0
190, 48, 658, 349, 657, 345, 1, 4, 1.3258176636680326, 4.123105625617661
190, 49, 1030, 146, 1031, 149, -1, -3, -1.892546881191539, 3.1622776601683795
190, 50, 699, 262, 700, 265, -1, -3, -1.892546881191539, 3.1622776601683795
190, 51, 1261, 376, 1268, 374, -7, 2, 2.8632929945846817, 7.280109889280518
190, 52, 705, 267, 706, 270, -1, -3, -1.892546881191539, 3.1622776601683795
190, 55, 207, 688, 206, 685, 1, 3, 1.2490457723982544, 3.1622776601683795
190, 56, 483, 21, 484, 24, -1, -3, -1.892546881191539, 3.1622776601683795
190, 57, 463, 371, 465, 375, -2, -4, -2.0344439357957027, 4.47213595499958
190, 58, 480, 405, 481, 408, -1, -3, -1.892546881191539, 3.1622776601683795
190, 59, 42, 81, 44, 81, -2, 0, 3.141592653589793, 2.0
190, 60, 1246, 449, 1246, 446, 0, 3, 1.5707963267948966, 3.0
190, 63, 1043, 108, 1045, 111, -2, -3, -2.158798930342464, 3.605551275463989
190, 64, 62, 111, 64, 111, -2, 0, 3.141592653589793, 2.0
190, 65, 793, 292, 794, 289, -1, 3, 1.892546881191539, 3.1622776601683795
190, 67, 786, 313, 786, 309, 0, 4, 1.5707963267948966, 4.0
190, 69, 711, 261, 712, 264, -1, -3, -1.892546881191539, 3.1622776601683795
190, 70, 618, 505, 618, 500, 0, 5, 1.5707963267948966, 5.0
190, 71, 146, 100, 147, 99, -1, 1, 2.356194490192345, 1.4142135623730951
190, 72, 460, 55, 461, 59, -1, -4, -1.8157749899217608, 4.123105625617661
190, 73, 676, 355, 676, 351, 0, 4, 1.5707963267948966, 4.0
190, 74, 813, 82, 812, 85, 1, -3, -1.2490457723982544, 3.1622776601683795
190, 75, 490, 421, 491, 423, -1, -2, -2.0344439357957027, 2.23606797749979
190, 77, 805, 286, 806, 283, -1, 3, 1.892546881191539, 3.1622776601683795
190, 78, 840, 270, 842, 274, -2, -4, -2.0344439357957027, 4.47213595499958
190, 80, 494, 21, 495, 23, -1, -2, -2.0344439357957027, 2.23606797749979
190, 81, 1253, 377, 1251, 374, 2, 3, 0.982793723247329, 3.605551275463989
190, 82, 63, 494, 61, 492, 2, 2, 0.7853981633974483, 2.8284271247461903
190, 83, 482, 44, 483, 47, -1, -3, -1.892546881191539, 3.1622776601683795
190, 84, 1223, 429, 1222, 424, 1, 5, 1.373400766945016, 5.0990195135927845
190, 85, 853, 250, 855, 253, -2, -3, -2.158798930342464, 3.605551275463989
190, 87, 364, 486, 365, 483, -1, 3, 1.892546881191539, 3.1622776601683795
190, 89, 651, 542, 652, 538, -1, 4, 1.8157749899217608, 4.123105625617661
190, 92, 715, 300, 716, 302, -1, -2, -2.0344439357957027, 2.23606797749979
190, 94, 476, 134, 476, 138, 0, -4, -1.5707963267948966, 4.0
190, 98, 39, 106, 41, 106, -2, 0, 3.141592653589793, 2.0
190, 100, 531, 676, 532, 684, -1, -8, -1.695151321341658, 8.06225774829855
190, 101, 777, 326, 777, 322, 0, 4, 1.5707963267948966, 4.0
190, 105, 837, 311, 838, 314, -1, -3, -1.892546881191539, 3.1622776601683795
190, 108, 481, 309, 482, 314, -1, -5, -1.7681918866447774, 5.0990195135927845
190, 109, 501, 327, 502, 331, -1, -4, -1.8157749899217608, 4.123105625617661
190, 110, 458, 392, 460, 396, -2, -4, -2.0344439357957027, 4.47213595499958
190, 111, 1210, 110, 1208, 110, 2, 0, 0.0, 2.0
190, 113, 359, 606, 360, 602, -1, 4, 1.8157749899217608, 4.123105625617661
190, 114, 380, 453, 381, 451, -1, 2, 2.0344439357957027, 2.23606797749979
190, 115, 472, 54, 473, 58, -1, -4, -1.8157749899217608, 4.123105625617661
190, 116, 366, 540, 368, 536, -2, 4, 2.0344439357957027, 4.47213595499958
190, 117, 660, 340, 660, 336, 0, 4, 1.5707963267948966, 4.0
190, 118, 672, 349, 672, 345, 0, 4, 1.5707963267948966, 4.0
190, 120, 645, 511, 645, 507, 0, 4, 1.5707963267948966, 4.0
190, 122, 817, 333, 817, 330, 0, 3, 1.5707963267948966, 3.0
190, 125, 868, 301, 869, 305, -1, -4, -1.8157749899217608, 4.123105625617661
190, 126, 360, 424, 361, 421, -1, 3, 1.892546881191539, 3.1622776601683795
190, 127, 655, 528, 655, 525, 0, 3, 1.5707963267948966, 3.0
190, 128, 851, 311, 852, 314, -1, -3, -1.892546881191539, 3.1622776601683795
190, 130, 1058, 19, 1057, 17, 1, 2, 1.1071487177940904, 2.23606797749979
190, 131, 71, 489, 69, 487, 2, 2, 0.7853981633974483, 2.8284271247461903
190, 133, 1259, 367, 1257, 365, 2, 2, 0.7853981633974483, 2.8284271247461903
190, 134, 667, 339, 667, 335, 0, 4, 1.5707963267948966, 4.0
190, 135, 790, 99, 789, 102, 1, -3, -1.2490457723982544, 3.1622776601683795
190, 136, 645, 381, 644, 377, 1, 4, 1.3258176636680326, 4.123105625617661
190, 139, 791, 131, 791, 135, 0, -4, -1.5707963267948966, 4.0
190, 140, 639, 546, 640, 545, -1, 1, 2.356194490192345, 1.4142135623730951
191, 2, 857, 258, 859, 262, -2, -4, -2.0344439357957027, 4.47213595499958
191, 4, 490, 316, 491, 320, -1, -4, -1.8157749899217608, 4.123105625617661
191, 5, 616, 151, 617, 148, -1, 3, 1.892546881191539, 3.1622776601683795
191, 6, 166, 90, 167, 89, -1, 1, 2.356194490192345, 1.4142135623730951
191, 7, 347, 13, 344, 14, 3, -1, -0.3217505543966422, 3.1622776601683795
191, 8, 845, 258, 847, 262, -2, -4, -2.0344439357957027, 4.47213595499958
191, 11, 63, 470, 61, 467, 2, 3, 0.982793723247329, 3.605551275463989
191, 12, 799, 32, 801, 32, -2, 0, 3.141592653589793, 2.0
191, 14, 336, 455, 337, 453, -1, 2, 2.0344439357957027, 2.23606797749979
191, 15, 467, 42, 467, 46, 0, -4, -1.5707963267948966, 4.0
191, 16, 808, 296, 809, 294, -1, 2, 2.0344439357957027, 2.23606797749979
191, 18, 1043, 93, 1045, 96, -2, -3, -2.158798930342464, 3.605551275463989
191, 20, 804, 58, 803, 61, 1, -3, -1.2490457723982544, 3.1622776601683795
191, 22, 362, 552, 364, 548, -2, 4, 2.0344439357957027, 4.47213595499958
191, 23, 354, 75, 352, 76, 2, -1, -0.4636476090008061, 2.23606797749979
191, 24, 488, 12, 489, 14, -1, -2, -2.0344439357957027, 2.23606797749979
191, 25, 346, 23, 343, 23, 3, 0, 0.0, 3.0
191, 27, 153, 649, 153, 645, 0, 4, 1.5707963267948966, 4.0
191, 29, 478, 316, 479, 320, -1, -4, -1.8157749899217608, 4.123105625617661
191, 30, 173, 641, 173, 637, 0, 4, 1.5707963267948966, 4.0
191, 31, 1052, 104, 1054, 107, -2, -3, -2.158798930342464, 3.605551275463989
191, 32, 855, 354, 855, 357, 0, -3, -1.5707963267948966, 3.0
191, 34, 371, 492, 372, 489, -1, 3, 1.892546881191539, 3.1622776601683795
191, 35, 349, 605, 350, 601, -1, 4, 1.8157749899217608, 4.123105625617661
191, 37, 653, 426, 651, 422, 2, 4, 1.1071487177940904, 4.47213595499958
191, 38, 1202, 146, 1201, 145, 1, 1, 0.7853981633974483, 1.4142135623730951
191, 39, 1261, 424, 1261, 421, 0, 3, 1.5707963267948966, 3.0
191, 40, 48, 509, 46, 508, 2, 1, 0.4636476090008061, 2.23606797749979
191, 41, 400, 608, 401, 607, -1, 1, 2.356194490192345, 1.4142135623730951
191, 43, 736, 163, 736, 167, 0, -4, -1.5707963267948966, 4.0
191, 45, 659, 352, 658, 349, 1, 3, 1.2490457723982544, 3.1622776601683795
191, 46, 1028, 142, 1030, 146, -2, -4, -2.0344439357957027, 4.47213595499958
191, 47, 698, 259, 699, 262, -1, -3, -1.892546881191539, 3.1622776601683795
191, 48, 1261, 379, 1261, 376, 0, 3, 1.5707963267948966, 3.0
191, 49, 704, 264, 705, 267, -1, -3, -1.892546881191539, 3.1622776601683795
191, 51, 207, 692, 207, 688, 0, 4, 1.5707963267948966, 4.0
191, 52, 482, 18, 483, 21, -1, -3, -1.892546881191539, 3.1622776601683795
191, 53, 462, 366, 463, 371, -1, -5, -1.7681918866447774, 5.0990195135927845
191, 54, 478, 402, 480, 405, -2, -3, -2.158798930342464, 3.605551275463989
191, 55, 40, 81, 42, 81, -2, 0, 3.141592653589793, 2.0
191, 56, 1247, 451, 1246, 449, 1, 2, 1.1071487177940904, 2.23606797749979
191, 59, 1041, 104, 1043, 108, -2, -4, -2.0344439357957027, 4.47213595499958
191, 60, 60, 111, 62, 111, -2, 0, 3.141592653589793, 2.0
191, 61, 792, 295, 793, 292, -1, 3, 1.892546881191539, 3.1622776601683795
191, 63, 786, 317, 786, 313, 0, 4, 1.5707963267948966, 4.0
191, 65, 711, 258, 711, 261, 0, -3, -1.5707963267948966, 3.0
191, 66, 618, 509, 618, 505, 0, 4, 1.5707963267948966, 4.0
191, 67, 145, 101, 146, 100, -1, 1, 2.356194490192345, 1.4142135623730951
191, 68, 460, 51, 460, 55, 0, -4, -1.5707963267948966, 4.0
191, 69, 676, 359, 676, 355, 0, 4, 1.5707963267948966, 4.0
191, 70, 814, 79, 813, 82, 1, -3, -1.2490457723982544, 3.1622776601683795
191, 72, 804, 289, 805, 286, -1, 3, 1.892546881191539, 3.1622776601683795
191, 73, 838, 266, 840, 270, -2, -4, -2.0344439357957027, 4.47213595499958
191, 74, 341, 51, 340, 52, 1, -1, -0.7853981633974483, 1.4142135623730951
191, 75, 493, 19, 494, 21, -1, -2, -2.0344439357957027, 2.23606797749979
191, 76, 1255, 379, 1253, 377, 2, 2, 0.7853981633974483, 2.8284271247461903
191, 77, 66, 496, 63, 494, 3, 2, 0.5880026035475675, 3.605551275463989
191, 78, 481, 42, 482, 44, -1, -2, -2.0344439357957027, 2.23606797749979
191, 79, 1225, 434, 1223, 429, 2, 5, 1.1902899496825317, 5.385164807134504
191, 80, 851, 246, 853, 250, -2, -4, -2.0344439357957027, 4.47213595499958
191, 81, 1198, 233, 1198, 231, 0, 2, 1.5707963267948966, 2.0
191, 82, 363, 488, 364, 486, -1, 2, 2.0344439357957027, 2.23606797749979
191, 84, 651, 545, 651, 542, 0, 3, 1.5707963267948966, 3.0
191, 87, 714, 298, 715, 300, -1, -2, -2.0344439357957027, 2.23606797749979
191, 88, 1077, 23, 1075, 22, 2, 1, 0.4636476090008061, 2.23606797749979
191, 89, 476, 131, 476, 134, 0, -3, -1.5707963267948966, 3.0
191, 91, 664, 441, 663, 442, 1, -1, -0.7853981633974483, 1.4142135623730951
191, 93, 37, 106, 39, 106, -2, 0, 3.141592653589793, 2.0
191, 95, 530, 668, 531, 676, -1, -8, -1.695151321341658, 8.06225774829855
191, 96, 777, 331, 777, 326, 0, 5, 1.5707963267948966, 5.0
191, 99, 836, 309, 837, 311, -1, -2, -2.0344439357957027, 2.23606797749979
191, 102, 481, 305, 481, 309, 0, -4, -1.5707963267948966, 4.0
191, 103, 500, 323, 501, 327, -1, -4, -1.8157749899217608, 4.123105625617661
191, 104, 456, 388, 458, 392, -2, -4, -2.0344439357957027, 4.47213595499958
191, 107, 358, 610, 359, 606, -1, 4, 1.8157749899217608, 4.123105625617661
191, 108, 379, 455, 380, 453, -1, 2, 2.0344439357957027, 2.23606797749979
191, 109, 472, 50, 472, 54, 0, -4, -1.5707963267948966, 4.0
191, 110, 364, 544, 366, 540, -2, 4, 2.0344439357957027, 4.47213595499958
191, 111, 660, 344, 660, 340, 0, 4, 1.5707963267948966, 4.0
191, 112, 672, 353, 672, 349, 0, 4, 1.5707963267948966, 4.0
191, 114, 645, 516, 645, 511, 0, 5, 1.5707963267948966, 5.0
191, 116, 817, 337, 817, 333, 0, 4, 1.5707963267948966, 4.0
191, 119, 866, 297, 868, 301, -2, -4, -2.0344439357957027, 4.47213595499958
191, 120, 359, 427, 360, 424, -1, 3, 1.892546881191539, 3.1622776601683795
191, 121, 656, 532, 655, 528, 1, 4, 1.3258176636680326, 4.123105625617661
191, 122, 850, 308, 851, 311, -1, -3, -1.892546881191539, 3.1622776601683795
191, 124, 1060, 20, 1058, 19, 2, 1, 0.4636476090008061, 2.23606797749979
191, 125, 73, 491, 71, 489, 2, 2, 0.7853981633974483, 2.8284271247461903
191, 127, 1261, 370, 1259, 367, 2, 3, 0.982793723247329, 3.605551275463989
191, 128, 667, 343, 667, 339, 0, 4, 1.5707963267948966, 4.0
191, 129, 791, 97, 790, 99, 1, -2, -1.1071487177940904, 2.23606797749979
191, 130, 646, 384, 645, 381, 1, 3, 1.2490457723982544, 3.1622776601683795
191, 133, 791, 128, 791, 131, 0, -3, -1.5707963267948966, 3.0
191, 134, 638, 547, 639, 546, -1, 1, 2.356194490192345, 1.4142135623730951
192, 2, 855, 254, 857, 258, -2, -4, -2.0344439357957027, 4.47213595499958
192, 4, 490, 312, 490, 316, 0, -4, -1.5707963267948966, 4.0
192, 5, 614, 155, 616, 151, -2, 4, 2.0344439357957027, 4.47213595499958
192, 6, 166, 92, 166, 90, 0, 2, 1.5707963267948966, 2.0
192, 7, 350, 13, 347, 13, 3, 0, 0.0, 3.0
192, 8, 843, 255, 845, 258, -2, -3, -2.158798930342464, 3.605551275463989
192, 9, 32, 512, 31, 511, 1, 1, 0.7853981633974483, 1.4142135623730951
192, 11, 64, 471, 63, 470, 1, 1, 0.7853981633974483, 1.4142135623730951
192, 12, 797, 32, 799, 32, -2, 0, 3.141592653589793, 2.0
192, 14, 334, 458, 336, 455, -2, 3, 2.158798930342464, 3.605551275463989
192, 15, 467, 37, 467, 42, 0, -5, -1.5707963267948966, 5.0
192, 16, 808, 299, 808, 296, 0, 3, 1.5707963267948966, 3.0
192, 18, 1042, 88, 1043, 93, -1, -5, -1.7681918866447774, 5.0990195135927845
192, 19, 503, 373, 503, 375, 0, -2, -1.5707963267948966, 2.0
192, 20, 805, 54, 804, 58, 1, -4, -1.3258176636680326, 4.123105625617661
192, 21, 347, 58, 346, 59, 1, -1, -0.7853981633974483, 1.4142135623730951
192, 22, 361, 555, 362, 552, -1, 3, 1.892546881191539, 3.1622776601683795
192, 23, 352, 75, 354, 75, -2, 0, 3.141592653589793, 2.0
192, 24, 487, 8, 488, 12, -1, -4, -1.8157749899217608, 4.123105625617661
192, 25, 350, 22, 346, 23, 4, -1, -0.24497866312686414, 4.123105625617661
192, 27, 154, 651, 153, 649, 1, 2, 1.1071487177940904, 2.23606797749979
192, 28, 786, 24, 788, 24, -2, 0, 3.141592653589793, 2.0
192, 29, 478, 312, 478, 316, 0, -4, -1.5707963267948966, 4.0
192, 30, 172, 644, 173, 641, -1, 3, 1.892546881191539, 3.1622776601683795
192, 31, 1050, 99, 1052, 104, -2, -5, -1.9513027039072615, 5.385164807134504
192, 32, 854, 348, 855, 354, -1, -6, -1.7359450042095235, 6.082762530298219
192, 33, 368, 492, 371, 492, -3, 0, 3.141592653589793, 3.0
192, 34, 348, 611, 349, 605, -1, 6, 1.7359450042095235, 6.082762530298219
192, 35, 59, 141, 60, 139, -1, 2, 2.0344439357957027, 2.23606797749979
192, 36, 654, 429, 653, 426, 1, 3, 1.2490457723982544, 3.1622776601683795
192, 37, 1204, 148, 1202, 146, 2, 2, 0.7853981633974483, 2.8284271247461903
192, 38, 1261, 426, 1261, 424, 0, 2, 1.5707963267948966, 2.0
192, 39, 49, 510, 48, 509, 1, 1, 0.7853981633974483, 1.4142135623730951
192, 40, 399, 611, 400, 608, -1, 3, 1.892546881191539, 3.1622776601683795
192, 42, 735, 157, 736, 163, -1, -6, -1.7359450042095235, 6.082762530298219
192, 44, 660, 356, 659, 352, 1, 4, 1.3258176636680326, 4.123105625617661
192, 45, 1026, 139, 1028, 142, -2, -3, -2.158798930342464, 3.605551275463989
192, 46, 698, 254, 698, 259, 0, -5, -1.5707963267948966, 5.0
192, 47, 1261, 381, 1261, 379, 0, 2, 1.5707963267948966, 2.0
192, 48, 703, 259, 704, 264, -1, -5, -1.7681918866447774, 5.0990195135927845
192, 49, 756, 47, 758, 47, -2, 0, 3.141592653589793, 2.0
192, 50, 207, 695, 207, 692, 0, 3, 1.5707963267948966, 3.0
192, 51, 481, 13, 482, 18, -1, -5, -1.7681918866447774, 5.0990195135927845
192, 52, 460, 362, 462, 366, -2, -4, -2.0344439357957027, 4.47213595499958
192, 53, 477, 399, 478, 402, -1, -3, -1.892546881191539, 3.1622776601683795
192, 54, 37, 81, 40, 81, -3, 0, 3.141592653589793, 3.0
192, 55, 1247, 453, 1247, 451, 0, 2, 1.5707963267948966, 2.0
192, 58, 1039, 100, 1041, 104, -2, -4, -2.0344439357957027, 4.47213595499958
192, 59, 57, 112, 60, 111, -3, 1, 2.819842099193151, 3.1622776601683795
192, 60, 793, 299, 792, 295, 1, 4, 1.3258176636680326, 4.123105625617661
192, 62, 786, 322, 786, 317, 0, 5, 1.5707963267948966, 5.0
192, 64, 710, 253, 711, 258, -1, -5, -1.7681918866447774, 5.0990195135927845
192, 65, 619, 510, 618, 509, 1, 1, 0.7853981633974483, 1.4142135623730951
192, 66, 144, 102, 145, 101, -1, 1, 2.356194490192345, 1.4142135623730951
192, 67, 460, 46, 460, 51, 0, -5, -1.5707963267948966, 5.0
192, 68, 676, 362, 676, 359, 0, 3, 1.5707963267948966, 3.0
192, 69, 816, 76, 814, 79, 2, -3, -0.982793723247329, 3.605551275463989
192, 70, 804, 293, 804, 289, 0, 4, 1.5707963267948966, 4.0
192, 71, 836, 262, 838, 266, -2, -4, -2.0344439357957027, 4.47213595499958
192, 72, 344, 51, 341, 51, 3, 0, 0.0, 3.0
192, 73, 492, 14, 493, 19, -1, -5, -1.7681918866447774, 5.0990195135927845
192, 74, 1257, 381, 1255, 379, 2, 2, 0.7853981633974483, 2.8284271247461903
192, 75, 69, 497, 66, 496, 3, 1, 0.3217505543966422, 3.1622776601683795
192, 76, 481, 38, 481, 42, 0, -4, -1.5707963267948966, 4.0
192, 77, 1226, 436, 1225, 434, 1, 2, 1.1071487177940904, 2.23606797749979
192, 78, 849, 242, 851, 246, -2, -4, -2.0344439357957027, 4.47213595499958
192, 79, 1199, 237, 1198, 233, 1, 4, 1.3258176636680326, 4.123105625617661
192, 80, 361, 487, 363, 488, -2, -1, -2.677945044588987, 2.23606797749979
192, 85, 713, 292, 714, 298, -1, -6, -1.7359450042095235, 6.082762530298219
192, 86, 1075, 21, 1077, 23, -2, -2, -2.356194490192345, 2.8284271247461903
192, 87, 476, 128, 476, 131, 0, -3, -1.5707963267948966, 3.0
192, 89, 666, 440, 664, 441, 2, -1, -0.4636476090008061, 2.23606797749979
192, 91, 34, 106, 37, 106, -3, 0, 3.141592653589793, 3.0
192, 93, 528, 659, 530, 668, -2, -9, -1.7894652726688385, 9.219544457292887
192, 94, 776, 334, 777, 331, -1, 3, 1.892546881191539, 3.1622776601683795
192, 96, 1249, 151, 1249, 149, 0, 2, 1.5707963267948966, 2.0
192, 97, 833, 303, 836, 309, -3, -6, -2.0344439357957027, 6.708203932499369
192, 100, 481, 300, 481, 305, 0, -5, -1.5707963267948966, 5.0
192, 101, 499, 318, 500, 323, -1, -5, -1.7681918866447774, 5.0990195135927845
192, 102, 453, 385, 456, 388, -3, -3, -2.356194490192345, 4.242640687119285
192, 103, 1214, 111, 1211, 110, 3, 1, 0.3217505543966422, 3.1622776601683795
192, 105, 357, 614, 358, 610, -1, 4, 1.8157749899217608, 4.123105625617661
192, 106, 377, 459, 379, 455, -2, 4, 2.0344439357957027, 4.47213595499958
192, 107, 472, 45, 472, 50, 0, -5, -1.5707963267948966, 5.0
192, 108, 362, 548, 364, 544, -2, 4, 2.0344439357957027, 4.47213595499958
192, 109, 660, 347, 660, 344, 0, 3, 1.5707963267948966, 3.0
192, 110, 672, 356, 672, 353, 0, 3, 1.5707963267948966, 3.0
192, 112, 645, 521, 645, 516, 0, 5, 1.5707963267948966, 5.0
192, 114, 817, 340, 817, 337, 0, 3, 1.5707963267948966, 3.0
192, 115, 1256, 148, 1256, 146, 0, 2, 1.5707963267948966, 2.0
192, 117, 863, 294, 866, 297, -3, -3, -2.356194490192345, 4.242640687119285
192, 118, 356, 429, 359, 427, -3, 2, 2.5535900500422257, 3.605551275463989
192, 120, 848, 304, 850, 308, -2, -4, -2.0344439357957027, 4.47213595499958
192, 121, 70, 151, 72, 150, -2, 1, 2.677945044588987, 2.23606797749979
192, 123, 76, 492, 73, 491, 3, 1, 0.3217505543966422, 3.1622776601683795
192, 124, 1208, 222, 1207, 219, 1, 3, 1.2490457723982544, 3.1622776601683795
192, 125, 1261, 373, 1261, 370, 0, 3, 1.5707963267948966, 3.0
192, 126, 667, 346, 667, 343, 0, 3, 1.5707963267948966, 3.0
192, 128, 648, 386, 646, 384, 2, 2, 0.7853981633974483, 2.8284271247461903
192, 131, 793, 124, 791, 128, 2, -4, -1.1071487177940904, 4.47213595499958
192, 132, 775, 14, 778, 14, -3, 0, 3.141592653589793, 3.0
193, 2, 854, 249, 855, 254, -1, -5, -1.7681918866447774, 5.0990195135927845
193, 4, 490, 309, 490, 312, 0, -3, -1.5707963267948966, 3.0
193, 5, 613, 158, 614, 155, -1, 3, 1.892546881191539, 3.1622776601683795
193, 7, 353, 13, 350, 13, 3, 0, 0.0, 3.0
193, 8, 842, 250, 843, 255, -1, -5, -1.7681918866447774, 5.0990195135927845
193, 9, 34, 513, 32, 512, 2, 1, 0.4636476090008061, 2.23606797749979
193, 11, 66, 472, 64, 471, 2, 1, 0.4636476090008061, 2.23606797749979
193, 12, 795, 32, 797, 32, -2, 0, 3.141592653589793, 2.0
193, 14, 333, 461, 334, 458, -1, 3, 1.892546881191539, 3.1622776601683795
193, 15, 467, 35, 467, 37, 0, -2, -1.5707963267948966, 2.0
193, 16, 808, 301, 808, 299, 0, 2, 1.5707963267948966, 2.0
193, 18, 1041, 85, 1042, 88, -1, -3, -1.892546881191539, 3.1622776601683795
193, 19, 503, 371, 503, 373, 0, -2, -1.5707963267948966, 2.0
193, 20, 805, 52, 805, 54, 0, -2, -1.5707963267948966, 2.0
193, 22, 360, 559, 361, 555, -1, 4, 1.8157749899217608, 4.123105625617661
193, 24, 353, 22, 350, 22, 3, 0, 0.0, 3.0
193, 26, 155, 655, 154, 651, 1, 4, 1.3258176636680326, 4.123105625617661
193, 27, 784, 24, 786, 24, -2, 0, 3.141592653589793, 2.0
193, 28, 478, 309, 478, 312, 0, -3, -1.5707963267948966, 3.0
193, 29, 172, 647, 172, 644, 0, 3, 1.5707963267948966, 3.0
193, 30, 1049, 96, 1050, 99, -1, -3, -1.892546881191539, 3.1622776601683795
193, 31, 853, 342, 854, 348, -1, -6, -1.7359450042095235, 6.082762530298219
193, 32, 366, 492, 368, 492, -2, 0, 3.141592653589793, 2.0
193, 33, 347, 615, 348, 611, -1, 4, 1.8157749899217608, 4.123105625617661
193, 35, 655, 433, 654, 429, 1, 4, 1.3258176636680326, 4.123105625617661
193, 37, 1261, 429, 1261, 426, 0, 3, 1.5707963267948966, 3.0
193, 38, 51, 512, 49, 510, 2, 2, 0.7853981633974483, 2.8284271247461903
193, 39, 399, 615, 399, 611, 0, 4, 1.5707963267948966, 4.0
193, 41, 735, 153, 735, 157, 0, -4, -1.5707963267948966, 4.0
193, 43, 660, 359, 660, 356, 0, 3, 1.5707963267948966, 3.0
193, 44, 1025, 135, 1026, 139, -1, -4, -1.8157749899217608, 4.123105625617661
193, 45, 697, 250, 698, 254, -1, -4, -1.8157749899217608, 4.123105625617661
193, 46, 1261, 384, 1261, 381, 0, 3, 1.5707963267948966, 3.0
193, 47, 703, 255, 703, 259, 0, -4, -1.5707963267948966, 4.0
193, 49, 207, 698, 207, 695, 0, 3, 1.5707963267948966, 3.0
193, 50, 480, 10, 481, 13, -1, -3, -1.892546881191539, 3.1622776601683795
193, 51, 459, 359, 460, 362, -1, -3, -1.892546881191539, 3.1622776601683795
193, 52, 476, 397, 477, 399, -1, -2, -2.0344439357957027, 2.23606797749979
193, 54, 1247, 457, 1247, 453, 0, 4, 1.5707963267948966, 4.0
193, 57, 1038, 97, 1039, 100, -1, -3, -1.892546881191539, 3.1622776601683795
193, 59, 793, 301, 793, 299, 0, 2, 1.5707963267948966, 2.0
193, 61, 787, 323, 786, 322, 1, 1, 0.7853981633974483, 1.4142135623730951
193, 63, 710, 249, 710, 253, 0, -4, -1.5707963267948966, 4.0
193, 64, 619, 514, 619, 510, 0, 4, 1.5707963267948966, 4.0
193, 65, 143, 103, 144, 102, -1, 1, 2.356194490192345, 1.4142135623730951
193, 66, 460, 44, 460, 46, 0, -2, -1.5707963267948966, 2.0
193, 67, 676, 366, 676, 362, 0, 4, 1.5707963267948966, 4.0
193, 68, 816, 74, 816, 76, 0, -2, -1.5707963267948966, 2.0
193, 69, 804, 295, 804, 293, 0, 2, 1.5707963267948966, 2.0
193, 70, 835, 258, 836, 262, -1, -4, -1.8157749899217608, 4.123105625617661
193, 71, 346, 51, 344, 51, 2, 0, 0.0, 2.0
193, 72, 491, 11, 492, 14, -1, -3, -1.892546881191539, 3.1622776601683795
193, 73, 1259, 384, 1257, 381, 2, 3, 0.982793723247329, 3.605551275463989
193, 74, 71, 498, 69, 497, 2, 1, 0.4636476090008061, 2.23606797749979
193, 75, 481, 35, 481, 38, 0, -3, -1.5707963267948966, 3.0
193, 76, 1227, 438, 1226, 436, 1, 2, 1.1071487177940904, 2.23606797749979
193, 77, 848, 237, 849, 242, -1, -5, -1.7681918866447774, 5.0990195135927845
193, 78, 1199, 240, 1199, 237, 0, 3, 1.5707963267948966, 3.0
193, 79, 360, 488, 361, 487, -1, 1, 2.356194490192345, 1.4142135623730951
193, 84, 713, 288, 713, 292, 0, -4, -1.5707963267948966, 4.0
193, 86, 476, 126, 476, 128, 0, -2, -1.5707963267948966, 2.0
193, 88, 668, 439, 666, 440, 2, -1, -0.4636476090008061, 2.23606797749979
193, 91, 528, 651, 528, 659, 0, -8, -1.5707963267948966, 8.0
193, 92, 777, 337, 776, 334, 1, 3, 1.2490457723982544, 3.1622776601683795
193, 95, 831, 299, 833, 303, -2, -4, -2.0344439357957027, 4.47213595499958
193, 98, 481, 297, 481, 300, 0, -3, -1.5707963267948966, 3.0
193, 99, 499, 315, 499, 318, 0, -3, -1.5707963267948966, 3.0
193, 100, 451, 382, 453, 385, -2, -3, -2.158798930342464, 3.605551275463989
193, 101, 1215, 112, 1214, 111, 1, 1, 0.7853981633974483, 1.4142135623730951
193, 103, 356, 618, 357, 614, -1, 4, 1.8157749899217608, 4.123105625617661
193, 104, 376, 463, 377, 459, -1, 4, 1.8157749899217608, 4.123105625617661
193, 105, 472, 43, 472, 45, 0, -2, -1.5707963267948966, 2.0
193, 106, 361, 551, 362, 548, -1, 3, 1.892546881191539, 3.1622776601683795
193, 107, 660, 351, 660, 347, 0, 4, 1.5707963267948966, 4.0
193, 108, 672, 359, 672, 356, 0, 3, 1.5707963267948966, 3.0
193, 110, 645, 526, 645, 521, 0, 5, 1.5707963267948966, 5.0
193, 115, 860, 291, 863, 294, -3, -3, -2.356194490192345, 4.242640687119285
193, 116, 354, 432, 356, 429, -2, 3, 2.158798930342464, 3.605551275463989
193, 117, 655, 536, 655, 532, 0, 4, 1.5707963267948966, 4.0
193, 118, 847, 302, 848, 304, -1, -2, -2.0344439357957027, 2.23606797749979
193, 121, 78, 493, 76, 492, 2, 1, 0.4636476090008061, 2.23606797749979
193, 122, 1207, 225, 1208, 222, -1, 3, 1.892546881191539, 3.1622776601683795
193, 123, 1261, 376, 1261, 373, 0, 3, 1.5707963267948966, 3.0
193, 124, 667, 350, 667, 346, 0, 4, 1.5707963267948966, 4.0
193, 125, 791, 94, 791, 96, 0, -2, -1.5707963267948966, 2.0
193, 126, 649, 390, 648, 386, 1, 4, 1.3258176636680326, 4.123105625617661
193, 129, 794, 122, 793, 124, 1, -2, -1.1071487177940904, 2.23606797749979
194, 2, 853, 244, 854, 249, -1, -5, -1.7681918866447774, 5.0990195135927845
194, 4, 490, 306, 490, 309, 0, -3, -1.5707963267948966, 3.0
194, 5, 612, 161, 613, 158, -1, 3, 1.892546881191539, 3.1622776601683795
194, 7, 356, 13, 353, 13, 3, 0, 0.0, 3.0
194, 8, 841, 245, 842, 250, -1, -5, -1.7681918866447774, 5.0990195135927845
194, 9, 37, 515, 34, 513, 3, 2, 0.5880026035475675, 3.605551275463989
194, 11, 68, 474, 66, 472, 2, 2, 0.7853981633974483, 2.8284271247461903
194, 13, 332, 464, 333, 461, -1, 3, 1.892546881191539, 3.1622776601683795
194, 14, 467, 33, 467, 35, 0, -2, -1.5707963267948966, 2.0
194, 15, 809, 304, 808, 301, 1, 3, 1.2490457723982544, 3.1622776601683795
194, 17, 1040, 82, 1041, 85, -1, -3, -1.892546881191539, 3.1622776601683795
194, 18, 503, 369, 503, 371, 0, -2, -1.5707963267948966, 2.0
194, 19, 805, 50, 805, 52, 0, -2, -1.5707963267948966, 2.0
194, 21, 359, 562, 360, 559, -1, 3, 1.892546881191539, 3.1622776601683795
194, 23, 356, 22, 353, 22, 3, 0, 0.0, 3.0
194, 25, 156, 659, 155, 655, 1, 4, 1.3258176636680326, 4.123105625617661
194, 26, 782, 24, 784, 24, -2, 0, 3.141592653589793, 2.0
194, 27, 478, 306, 478, 309, 0, -3, -1.5707963267948966, 3.0
194, 28, 171, 650, 172, 647, -1, 3, 1.892546881191539, 3.1622776601683795
194, 29, 1048, 93, 1049, 96, -1, -3, -1.892546881191539, 3.1622776601683795
194, 30, 851, 338, 853, 342, -2, -4, -2.0344439357957027, 4.47213595499958
194, 31, 365, 493, 366, 492, -1, 1, 2.356194490192345, 1.4142135623730951
194, 32, 346, 619, 347, 615, -1, 4, 1.8157749899217608, 4.123105625617661
194, 34, 655, 436, 655, 433, 0, 3, 1.5707963267948966, 3.0
194, 36, 1261, 432, 1261, 429, 0, 3, 1.5707963267948966, 3.0
194, 37, 53, 514, 51, 512, 2, 2, 0.7853981633974483, 2.8284271247461903
194, 38, 398, 620, 399, 615, -1, 5, 1.7681918866447774, 5.0990195135927845
194, 39, 734, 150, 735, 153, -1, -3, -1.892546881191539, 3.1622776601683795
194, 41, 660, 362, 660, 359, 0, 3, 1.5707963267948966, 3.0
194, 42, 1024, 131, 1025, 135, -1, -4, -1.8157749899217608, 4.123105625617661
194, 43, 697, 246, 697, 250, 0, -4, -1.5707963267948966, 4.0
194, 44, 1261, 387, 1261, 384, 0, 3, 1.5707963267948966, 3.0
194, 45, 703, 251, 703, 255, 0, -4, -1.5707963267948966, 4.0
194, 47, 207, 701, 207, 698, 0, 3, 1.5707963267948966, 3.0
194, 48, 458, 356, 459, 359, -1, -3, -1.892546881191539, 3.1622776601683795
194, 49, 475, 395, 476, 397, -1, -2, -2.0344439357957027, 2.23606797749979
194, 51, 1248, 459, 1247, 457, 1, 2, 1.1071487177940904, 2.23606797749979
194, 54, 1037, 94, 1038, 97, -1, -3, -1.892546881191539, 3.1622776601683795
194, 56, 793, 303, 793, 301, 0, 2, 1.5707963267948966, 2.0
194, 60, 710, 245, 710, 249, 0, -4, -1.5707963267948966, 4.0
194, 61, 620, 518, 619, 514, 1, 4, 1.3258176636680326, 4.123105625617661
194, 62, 142, 104, 143, 103, -1, 1, 2.356194490192345, 1.4142135623730951
194, 63, 460, 42, 460, 44, 0, -2, -1.5707963267948966, 2.0
194, 64, 676, 370, 676, 366, 0, 4, 1.5707963267948966, 4.0
194, 65, 817, 72, 816, 74, 1, -2, -1.1071487177940904, 2.23606797749979
194, 66, 805, 297, 804, 295, 1, 2, 1.1071487177940904, 2.23606797749979
194, 67, 834, 254, 835, 258, -1, -4, -1.8157749899217608, 4.123105625617661
194, 68, 348, 51, 346, 51, 2, 0, 0.0, 2.0
194, 69, 490, 8, 491, 11, -1, -3, -1.892546881191539, 3.1622776601683795
194, 70, 1261, 387, 1259, 384, 2, 3, 0.982793723247329, 3.605551275463989
194, 71, 72, 500, 71, 498, 1, 2, 1.1071487177940904, 2.23606797749979
194, 72, 480, 32, 481, 35, -1, -3, -1.892546881191539, 3.1622776601683795
194, 73, 1228, 439, 1227, 438, 1, 1, 0.7853981633974483, 1.4142135623730951
194, 74, 847, 232, 848, 237, -1, -5, -1.7681918866447774, 5.0990195135927845
194, 75, 1199, 243, 1199, 240, 0, 3, 1.5707963267948966, 3.0
194, 76, 360, 490, 360, 488, 0, 2, 1.5707963267948966, 2.0
194, 80, 713, 284, 713, 288, 0, -4, -1.5707963267948966, 4.0
194, 82, 476, 124, 476, 126, 0, -2, -1.5707963267948966, 2.0
194, 84, 669, 441, 668, 439, 1, 2, 1.1071487177940904, 2.23606797749979
194, 87, 528, 644, 528, 651, 0, -7, -1.5707963267948966, 7.0
194, 88, 778, 339, 777, 337, 1, 2, 1.1071487177940904, 2.23606797749979
194, 91, 829, 293, 831, 299, -2, -6, -1.892546881191539, 6.324555320336759
194, 93, 481, 293, 481, 297, 0, -4, -1.5707963267948966, 4.0
194, 94, 499, 312, 499, 315, 0, -3, -1.5707963267948966, 3.0
194, 95, 449, 380, 451, 382, -2, -2, -2.356194490192345, 2.8284271247461903
194, 98, 355, 622, 356, 618, -1, 4, 1.8157749899217608, 4.123105625617661
194, 99, 375, 467, 376, 463, -1, 4, 1.8157749899217608, 4.123105625617661
194, 100, 472, 41, 472, 43, 0, -2, -1.5707963267948966, 2.0
194, 101, 360, 554, 361, 551, -1, 3, 1.892546881191539, 3.1622776601683795
194, 102, 660, 355, 660, 351, 0, 4, 1.5707963267948966, 4.0
194, 103, 672, 363, 672, 359, 0, 4, 1.5707963267948966, 4.0
194, 105, 644, 529, 645, 526, -1, 3, 1.892546881191539, 3.1622776601683795
194, 110, 857, 288, 860, 291, -3, -3, -2.356194490192345, 4.242640687119285
194, 111, 352, 435, 354, 432, -2, 3, 2.158798930342464, 3.605551275463989
194, 112, 655, 539, 655, 536, 0, 3, 1.5707963267948966, 3.0
194, 113, 846, 300, 847, 302, -1, -2, -2.0344439357957027, 2.23606797749979
194, 116, 80, 495, 78, 493, 2, 2, 0.7853981633974483, 2.8284271247461903
194, 117, 1207, 228, 1207, 225, 0, 3, 1.5707963267948966, 3.0
194, 118, 1261, 380, 1261, 376, 0, 4, 1.5707963267948966, 4.0
194, 119, 667, 353, 667, 350, 0, 3, 1.5707963267948966, 3.0
194, 120, 791, 92, 791, 94, 0, -2, -1.5707963267948966, 2.0
194, 121, 650, 394, 649, 390, 1, 4, 1.3258176636680326, 4.123105625617661
194, 123, 795, 120, 794, 122, 1, -2, -1.1071487177940904, 2.23606797749979
195, 1, 858, 247, 858, 252, 0, -5, -1.5707963267948966, 5.0
195, 3, 1043, 90, 1044, 92, -1, -2, -2.0344439357957027, 2.23606797749979
195, 4, 354, 16, 351, 16, 3, 0, 0.0, 3.0
195, 5, 1261, 433, 1273, 429, -12, 4, 2.819842099193151, 12.649110640673518
195, 7, 846, 248, 847, 253, -1, -5, -1.7681918866447774, 5.0990195135927845
195, 8, 492, 312, 492, 315, 0, -3, -1.5707963267948966, 3.0
195, 9, 338, 468, 339, 464, -1, 4, 1.8157749899217608, 4.123105625617661
195, 11, 158, 665, 157, 661, 1, 4, 1.3258176636680326, 4.123105625617661
195, 12, 361, 562, 362, 559, -1, 3, 1.892546881191539, 3.1622776601683795
195, 13, 616, 156, 617, 154, -1, 2, 2.0344439357957027, 2.23606797749979
195, 14, 378, 69, 375, 70, 3, -1, -0.3217505543966422, 3.1622776601683795
195, 15, 812, 302, 811, 299, 1, 3, 1.2490457723982544, 3.1622776601683795
195, 16, 659, 362, 659, 359, 0, 3, 1.5707963267948966, 3.0
195, 18, 366, 534, 368, 528, -2, 6, 1.892546881191539, 6.324555320336759
195, 19, 158, 701, 158, 715, 0, -14, -1.5707963267948966, 14.0
195, 21, 352, 25, 349, 25, 3, 0, 0.0, 3.0
195, 22, 1052, 101, 1053, 103, -1, -2, -2.0344439357957027, 2.23606797749979
195, 23, 1041, 100, 1042, 103, -1, -3, -1.892546881191539, 3.1622776601683795
195, 27, 461, 362, 462, 365, -1, -3, -1.892546881191539, 3.1622776601683795
195, 30, 480, 311, 480, 315, 0, -4, -1.5707963267948966, 4.0
195, 31, 349, 620, 349, 615, 0, 5, 1.5707963267948966, 5.0
195, 32, 177, 657, 178, 653, -1, 4, 1.8157749899217608, 4.123105625617661
195, 34, 783, 26, 785, 26, -2, 0, 3.141592653589793, 2.0
195, 35, 349, 59, 347, 59, 2, 0, 0.0, 2.0
195, 36, 705, 256, 706, 261, -1, -5, -1.7681918866447774, 5.0990195135927845
195, 37, 503, 363, 503, 365, 0, -2, -1.5707963267948966, 2.0
195, 38, 1261, 388, 1275, 384, -14, 4, 2.8632929945846817, 14.560219778561036
195, 39, 1250, 443, 1250, 441, 0, 2, 1.5707963267948966, 2.0
195, 42, 59, 144, 60, 143, -1, 1, 2.356194490192345, 1.4142135623730951
195, 43, 498, 369, 499, 371, -1, -2, -2.0344439357957027, 2.23606797749979
195, 46, 796, 300, 795, 297, 1, 3, 1.2490457723982544, 3.1622776601683795
195, 48, 1200, 240, 1200, 237, 0, 3, 1.5707963267948966, 3.0
195, 50, 471, 125, 471, 127, 0, -2, -1.5707963267948966, 2.0
195, 51, 853, 235, 853, 240, 0, -5, -1.5707963267948966, 5.0
195, 52, 350, 46, 347, 46, 3, 0, 0.0, 3.0
195, 53, 699, 251, 700, 256, -1, -5, -1.7681918866447774, 5.0990195135927845
195, 54, 70, 501, 69, 499, 1, 2, 1.1071487177940904, 2.23606797749979
195, 55, 1027, 134, 1028, 138, -1, -4, -1.8157749899217608, 4.123105625617661
195, 56, 360, 58, 358, 58, 2, 0, 0.0, 2.0
195, 57, 736, 160, 737, 162, -1, -2, -2.0344439357957027, 2.23606797749979
195, 58, 705, 247, 706, 252, -1, -5, -1.7681918866447774, 5.0990195135927845
195, 59, 1204, 166, 1205, 163, -1, 3, 1.892546881191539, 3.1622776601683795
195, 62, 145, 100, 146, 99, -1, 1, 2.356194490192345, 1.4142135623730951
195, 63, 667, 502, 666, 498, 1, 4, 1.3258176636680326, 4.123105625617661
195, 67, 808, 293, 807, 290, 1, 3, 1.2490457723982544, 3.1622776601683795
195, 68, 502, 321, 502, 324, 0, -3, -1.5707963267948966, 3.0
195, 69, 1050, 91, 1051, 93, -1, -2, -2.0344439357957027, 2.23606797749979
195, 70, 679, 368, 679, 365, 0, 3, 1.5707963267948966, 3.0
195, 71, 391, 638, 392, 633, -1, 5, 1.7681918866447774, 5.0990195135927845
195, 72, 656, 436, 656, 433, 0, 3, 1.5707963267948966, 3.0
195, 76, 453, 384, 454, 387, -1, -3, -1.892546881191539, 3.1622776601683795
195, 77, 838, 257, 840, 261, -2, -4, -2.0344439357957027, 4.47213595499958
195, 78, 532, 653, 532, 660, 0, -7, -1.5707963267948966, 7.0
195, 79, 485, 15, 485, 18, 0, -3, -1.5707963267948966, 3.0
195, 81, 1259, 387, 1258, 384, 1, 3, 1.2490457723982544, 3.1622776601683795
195, 82, 79, 496, 77, 494, 2, 2, 0.7853981633974483, 2.8284271247461903
195, 83, 482, 37, 482, 40, 0, -3, -1.5707963267948966, 3.0
195, 85, 519, 684, 519, 689, 0, -5, -1.5707963267948966, 5.0
195, 86, 473, 394, 474, 396, -1, -2, -2.0344439357957027, 2.23606797749979
195, 88, 379, 465, 380, 461, -1, 4, 1.8157749899217608, 4.123105625617661
195, 91, 674, 362, 674, 359, 0, 3, 1.5707963267948966, 3.0
195, 92, 647, 397, 647, 393, 0, 4, 1.5707963267948966, 4.0
195, 94, 45, 522, 41, 520, 4, 2, 0.4636476090008061, 4.47213595499958
195, 95, 800, 294, 799, 291, 1, 3, 1.2490457723982544, 3.1622776601683795
195, 96, 669, 352, 669, 349, 0, 3, 1.5707963267948966, 3.0
195, 97, 401, 620, 401, 617, 0, 3, 1.5707963267948966, 3.0
195, 99, 804, 370, 804, 368, 0, 2, 1.5707963267948966, 2.0
195, 101, 379, 560, 380, 557, -1, 3, 1.892546881191539, 3.1622776601683795
195, 103, 622, 527, 622, 523, 0, 4, 1.5707963267948966, 4.0
195, 105, 508, 373, 509, 375, -1, -2, -2.0344439357957027, 2.23606797749979
195, 109, 655, 577, 657, 574, -2, 3, 2.158798930342464, 3.605551275463989
195, 110, 494, 13, 494, 16, 0, -3, -1.5707963267948966, 3.0
195, 112, 1254, 496, 1253, 490, 1, 6, 1.4056476493802699, 6.082762530298219
195, 116, 700, 328, 702, 334, -2, -6, -1.892546881191539, 6.324555320336759
195, 118, 716, 289, 716, 293, 0, -4, -1.5707963267948966, 4.0
195, 122, 792, 95, 792, 97, 0, -2, -1.5707963267948966, 2.0
195, 123, 662, 353, 662, 350, 0, 3, 1.5707963267948966, 3.0
195, 126, 865, 253, 865, 258, 0, -5, -1.5707963267948966, 5.0
195, 127, 1211, 192, 1211, 190, 0, 2, 1.5707963267948966, 2.0
195, 128, 1228, 117, 1227, 116, 1, 1, 0.7853981633974483, 1.4142135623730951
195, 131, 1261, 379, 1263, 375, -2, 4, 2.0344439357957027, 4.47213595499958
196, 1, 858, 242, 858, 247, 0, -5, -1.5707963267948966, 5.0
196, 3, 1042, 88, 1043, 90, -1, -2, -2.0344439357957027, 2.23606797749979
196, 4, 357, 16, 354, 16, 3, 0, 0.0, 3.0
196, 5, 1261, 437, 1261, 433, 0, 4, 1.5707963267948966, 4.0
196, 7, 846, 243, 846, 248, 0, -5, -1.5707963267948966, 5.0
196, 8, 492, 308, 492, 312, 0, -4, -1.5707963267948966, 4.0
196, 9, 337, 472, 338, 468, -1, 4, 1.8157749899217608, 4.123105625617661
196, 11, 159, 669, 158, 665, 1, 4, 1.3258176636680326, 4.123105625617661
196, 12, 360, 566, 361, 562, -1, 4, 1.8157749899217608, 4.123105625617661
196, 13, 615, 158, 616, 156, -1, 2, 2.0344439357957027, 2.23606797749979
196, 14, 381, 69, 378, 69, 3, 0, 0.0, 3.0
196, 15, 812, 306, 812, 302, 0, 4, 1.5707963267948966, 4.0
196, 16, 659, 365, 659, 362, 0, 3, 1.5707963267948966, 3.0
196, 18, 364, 539, 366, 534, -2, 5, 1.9513027039072615, 5.385164807134504
196, 21, 355, 25, 352, 25, 3, 0, 0.0, 3.0
196, 22, 1051, 99, 1052, 101, -1, -2, -2.0344439357957027, 2.23606797749979
196, 23, 1040, 98, 1041, 100, -1, -2, -2.0344439357957027, 2.23606797749979
196, 24, 357, 511, 359, 511, -2, 0, 3.141592653589793, 2.0
196, 26, 460, 358, 461, 362, -1, -4, -1.8157749899217608, 4.123105625617661
196, 29, 480, 307, 480, 311, 0, -4, -1.5707963267948966, 4.0
196, 30, 349, 624, 349, 620, 0, 4, 1.5707963267948966, 4.0
196, 31, 176, 661, 177, 657, -1, 4, 1.8157749899217608, 4.123105625617661
196, 32, 781, 26, 783, 26, -2, 0, 3.141592653589793, 2.0
196, 33, 351, 58, 349, 59, 2, -1, -0.4636476090008061, 2.23606797749979
196, 34, 704, 251, 705, 256, -1, -5, -1.7681918866447774, 5.0990195135927845
196, 35, 503, 360, 503, 363, 0, -3, -1.5707963267948966, 3.0
196, 36, 1261, 391, 1261, 388, 0, 3, 1.5707963267948966, 3.0
196, 37, 1250, 446, 1250, 443, 0, 3, 1.5707963267948966, 3.0
196, 40, 58, 146, 59, 144, -1, 2, 2.0344439357957027, 2.23606797749979
196, 41, 497, 366, 498, 369, -1, -3, -1.892546881191539, 3.1622776601683795
196, 44, 797, 304, 796, 300, 1, 4, 1.3258176636680326, 4.123105625617661
196, 46, 1200, 243, 1200, 240, 0, 3, 1.5707963267948966, 3.0
196, 47, 37, 82, 39, 82, -2, 0, 3.141592653589793, 2.0
196, 48, 853, 230, 853, 235, 0, -5, -1.5707963267948966, 5.0
196, 49, 353, 46, 350, 46, 3, 0, 0.0, 3.0
196, 50, 698, 246, 699, 251, -1, -5, -1.7681918866447774, 5.0990195135927845
196, 51, 71, 503, 70, 501, 1, 2, 1.1071487177940904, 2.23606797749979
196, 52, 1026, 130, 1027, 134, -1, -4, -1.8157749899217608, 4.123105625617661
196, 53, 362, 57, 360, 58, 2, -1, -0.4636476090008061, 2.23606797749979
196, 54, 735, 158, 736, 160, -1, -2, -2.0344439357957027, 2.23606797749979
196, 55, 704, 242, 705, 247, -1, -5, -1.7681918866447774, 5.0990195135927845
196, 56, 1204, 168, 1204, 166, 0, 2, 1.5707963267948966, 2.0
196, 58, 144, 101, 145, 100, -1, 1, 2.356194490192345, 1.4142135623730951
196, 59, 668, 505, 667, 502, 1, 3, 1.2490457723982544, 3.1622776601683795
196, 60, 461, 48, 461, 50, 0, -2, -1.5707963267948966, 2.0
196, 63, 809, 297, 808, 293, 1, 4, 1.3258176636680326, 4.123105625617661
196, 64, 502, 317, 502, 321, 0, -4, -1.5707963267948966, 4.0
196, 65, 1049, 89, 1050, 91, -1, -2, -2.0344439357957027, 2.23606797749979
196, 66, 679, 371, 679, 368, 0, 3, 1.5707963267948966, 3.0
196, 67, 390, 641, 391, 638, -1, 3, 1.892546881191539, 3.1622776601683795
196, 68, 656, 439, 656, 436, 0, 3, 1.5707963267948966, 3.0
196, 72, 452, 381, 453, 384, -1, -3, -1.892546881191539, 3.1622776601683795
196, 73, 836, 252, 838, 257, -2, -5, -1.9513027039072615, 5.385164807134504
196, 74, 532, 647, 532, 653, 0, -6, -1.5707963267948966, 6.0
196, 75, 485, 13, 485, 15, 0, -2, -1.5707963267948966, 2.0
196, 76, 730, 236, 730, 238, 0, -2, -1.5707963267948966, 2.0
196, 77, 1260, 390, 1259, 387, 1, 3, 1.2490457723982544, 3.1622776601683795
196, 78, 81, 499, 79, 496, 2, 3, 0.982793723247329, 3.605551275463989
196, 79, 482, 35, 482, 37, 0, -2, -1.5707963267948966, 2.0
196, 80, 519, 679, 519, 684, 0, -5, -1.5707963267948966, 5.0
196, 81, 471, 391, 473, 394, -2, -3, -2.158798930342464, 3.605551275463989
196, 83, 378, 469, 379, 465, -1, 4, 1.8157749899217608, 4.123105625617661
196, 86, 674, 365, 674, 362, 0, 3, 1.5707963267948966, 3.0
196, 87, 647, 400, 647, 397, 0, 3, 1.5707963267948966, 3.0
196, 89, 48, 525, 45, 522, 3, 3, 0.7853981633974483, 4.242640687119285
196, 90, 801, 298, 800, 294, 1, 4, 1.3258176636680326, 4.123105625617661
196, 91, 669, 355, 669, 352, 0, 3, 1.5707963267948966, 3.0
196, 92, 400, 623, 401, 620, -1, 3, 1.892546881191539, 3.1622776601683795
196, 94, 805, 372, 804, 370, 1, 2, 1.1071487177940904, 2.23606797749979
196, 96, 378, 564, 379, 560, -1, 4, 1.8157749899217608, 4.123105625617661
196, 97, 622, 531, 622, 527, 0, 4, 1.5707963267948966, 4.0
196, 99, 507, 370, 508, 373, -1, -3, -1.892546881191539, 3.1622776601683795
196, 101, 654, 580, 655, 577, -1, 3, 1.892546881191539, 3.1622776601683795
196, 102, 494, 11, 494, 13, 0, -2, -1.5707963267948966, 2.0
196, 104, 1256, 503, 1254, 496, 2, 7, 1.2924966677897853, 7.280109889280518
196, 105, 146, 115, 147, 114, -1, 1, 2.356194490192345, 1.4142135623730951
196, 107, 1214, 114, 1213, 113, 1, 1, 0.7853981633974483, 1.4142135623730951
196, 108, 699, 324, 700, 328, -1, -4, -1.8157749899217608, 4.123105625617661
196, 109, 716, 285, 716, 289, 0, -4, -1.5707963267948966, 4.0
196, 112, 1205, 154, 1204, 153, 1, 1, 0.7853981633974483, 1.4142135623730951
196, 114, 662, 356, 662, 353, 0, 3, 1.5707963267948966, 3.0
196, 117, 864, 248, 865, 253, -1, -5, -1.7681918866447774, 5.0990195135927845
196, 118, 1211, 195, 1211, 192, 0, 3, 1.5707963267948966, 3.0
196, 119, 1229, 118, 1228, 117, 1, 1, 0.7853981633974483, 1.4142135623730951
196, 122, 1261, 383, 1261, 379, 0, 4, 1.5707963267948966, 4.0
197, 1, 858, 238, 858, 242, 0, -4, -1.5707963267948966, 4.0
197, 3, 1040, 85, 1042, 88, -2, -3, -2.158798930342464, 3.605551275463989
197, 4, 360, 16, 357, 16, 3, 0, 0.0, 3.0
197, 5, 1261, 441, 1261, 437, 0, 4, 1.5707963267948966, 4.0
197, 6, 470, 38, 469, 41, 1, -3, -1.2490457723982544, 3.1622776601683795
197, 7, 845, 239, 846, 243, -1, -4, -1.8157749899217608, 4.123105625617661
197, 8, 492, 304, 492, 308, 0, -4, -1.5707963267948966, 4.0
197, 9, 335, 475, 337, 472, -2, 3, 2.158798930342464, 3.605551275463989
197, 10, 160, 671, 159, 669, 1, 2, 1.1071487177940904, 2.23606797749979
197, 11, 360, 569, 360, 566, 0, 3, 1.5707963267948966, 3.0
197, 12, 613, 161, 615, 158, -2, 3, 2.158798930342464, 3.605551275463989
197, 13, 383, 70, 381, 69, 2, 1, 0.4636476090008061, 2.23606797749979
197, 14, 812, 309, 812, 306, 0, 3, 1.5707963267948966, 3.0
197, 15, 660, 369, 659, 365, 1, 4, 1.3258176636680326, 4.123105625617661
197, 17, 363, 543, 364, 539, -1, 4, 1.8157749899217608, 4.123105625617661
197, 18, 161, 701, 159, 701, 2, 0, 0.0, 2.0
197, 20, 358, 25, 355, 25, 3, 0, 0.0, 3.0
197, 21, 1049, 96, 1051, 99, -2, -3, -2.158798930342464, 3.605551275463989
197, 22, 1038, 94, 1040, 98, -2, -4, -2.0344439357957027, 4.47213595499958
197, 23, 355, 511, 357, 511, -2, 0, 3.141592653589793, 2.0
197, 25, 461, 353, 460, 358, 1, -5, -1.373400766945016, 5.0990195135927845
197, 26, 1251, 153, 1251, 151, 0, 2, 1.5707963267948966, 2.0
197, 27, 353, 76, 351, 76, 2, 0, 0.0, 2.0
197, 28, 479, 303, 480, 307, -1, -4, -1.8157749899217608, 4.123105625617661
197, 29, 350, 629, 349, 624, 1, 5, 1.373400766945016, 5.0990195135927845
197, 30, 175, 665, 176, 661, -1, 4, 1.8157749899217608, 4.123105625617661
197, 31, 778, 26, 781, 26, -3, 0, 3.141592653589793, 3.0
197, 32, 354, 58, 351, 58, 3, 0, 0.0, 3.0
197, 33, 704, 247, 704, 251, 0, -4, -1.5707963267948966, 4.0
197, 34, 503, 354, 503, 360, 0, -6, -1.5707963267948966, 6.0
197, 35, 1261, 393, 1261, 391, 0, 2, 1.5707963267948966, 2.0
197, 36, 1250, 449, 1250, 446, 0, 3, 1.5707963267948966, 3.0
197, 37, 806, 54, 805, 56, 1, -2, -1.1071487177940904, 2.23606797749979
197, 38, 34, 106, 36, 106, -2, 0, 3.141592653589793, 2.0
197, 39, 56, 148, 58, 146, -2, 2, 2.356194490192345, 2.8284271247461903
197, 40, 496, 362, 497, 366, -1, -4, -1.8157749899217608, 4.123105625617661
197, 41, 56, 113, 58, 113, -2, 0, 3.141592653589793, 2.0
197, 42, 754, 48, 756, 48, -2, 0, 3.141592653589793, 2.0
197, 43, 798, 307, 797, 304, 1, 3, 1.2490457723982544, 3.1622776601683795
197, 45, 1202, 246, 1200, 243, 2, 3, 0.982793723247329, 3.605551275463989
197, 46, 35, 82, 37, 82, -2, 0, 3.141592653589793, 2.0
197, 47, 853, 225, 853, 230, 0, -5, -1.5707963267948966, 5.0
197, 48, 355, 46, 353, 46, 2, 0, 0.0, 2.0
197, 49, 698, 242, 698, 246, 0, -4, -1.5707963267948966, 4.0
197, 50, 72, 505, 71, 503, 1, 2, 1.1071487177940904, 2.23606797749979
197, 51, 1023, 126, 1026, 130, -3, -4, -2.214297435588181, 5.0
197, 52, 365, 56, 362, 57, 3, -1, -0.3217505543966422, 3.1622776601683795
197, 53, 734, 155, 735, 158, -1, -3, -1.892546881191539, 3.1622776601683795
197, 54, 703, 238, 704, 242, -1, -4, -1.8157749899217608, 4.123105625617661
197, 57, 143, 103, 144, 101, -1, 2, 2.0344439357957027, 2.23606797749979
197, 59, 462, 45, 461, 48, 1, -3, -1.2490457723982544, 3.1622776601683795
197, 61, 292, 318, 293, 317, -1, 1, 2.356194490192345, 1.4142135623730951
197, 62, 810, 300, 809, 297, 1, 3, 1.2490457723982544, 3.1622776601683795
197, 63, 502, 313, 502, 317, 0, -4, -1.5707963267948966, 4.0
197, 64, 1047, 86, 1049, 89, -2, -3, -2.158798930342464, 3.605551275463989
197, 65, 681, 375, 679, 371, 2, 4, 1.1071487177940904, 4.47213595499958
197, 66, 388, 642, 390, 641, -2, 1, 2.677945044588987, 2.23606797749979
197, 67, 656, 442, 656, 439, 0, 3, 1.5707963267948966, 3.0
197, 68, 1258, 154, 1258, 152, 0, 2, 1.5707963267948966, 2.0
197, 70, 816, 77, 815, 79, 1, -2, -1.1071487177940904, 2.23606797749979
197, 71, 452, 377, 452, 381, 0, -4, -1.5707963267948966, 4.0
197, 72, 833, 249, 836, 252, -3, -3, -2.356194490192345, 4.242640687119285
197, 73, 531, 638, 532, 647, -1, -9, -1.6814535479687922, 9.055385138137417
197, 74, 486, 10, 485, 13, 1, -3, -1.2490457723982544, 3.1622776601683795
197, 75, 1261, 392, 1260, 390, 1, 2, 1.1071487177940904, 2.23606797749979
197, 76, 82, 501, 81, 499, 1, 2, 1.1071487177940904, 2.23606797749979
197, 77, 482, 31, 482, 35, 0, -4, -1.5707963267948966, 4.0
197, 78, 520, 673, 519, 679, 1, -6, -1.4056476493802699, 6.082762530298219
197, 79, 469, 386, 471, 391, -2, -5, -1.9513027039072615, 5.385164807134504
197, 81, 377, 473, 378, 469, -1, 4, 1.8157749899217608, 4.123105625617661
197, 82, 297, 343, 296, 344, 1, -1, -0.7853981633974483, 1.4142135623730951
197, 83, 1076, 22, 1074, 22, 2, 0, 0.0, 2.0
197, 84, 675, 369, 674, 365, 1, 4, 1.3258176636680326, 4.123105625617661
197, 85, 648, 403, 647, 400, 1, 3, 1.2490457723982544, 3.1622776601683795
197, 86, 639, 548, 639, 546, 0, 2, 1.5707963267948966, 2.0
197, 88, 802, 301, 801, 298, 1, 3, 1.2490457723982544, 3.1622776601683795
197, 89, 670, 359, 669, 355, 1, 4, 1.3258176636680326, 4.123105625617661
197, 90, 398, 623, 400, 623, -2, 0, 3.141592653589793, 2.0
197, 92, 806, 373, 805, 372, 1, 1, 0.7853981633974483, 1.4142135623730951
197, 93, 473, 46, 472, 49, 1, -3, -1.2490457723982544, 3.1622776601683795
197, 94, 377, 567, 378, 564, -1, 3, 1.892546881191539, 3.1622776601683795
197, 95, 622, 534, 622, 531, 0, 3, 1.5707963267948966, 3.0
197, 96, 507, 366, 507, 370, 0, -4, -1.5707963267948966, 4.0
197, 97, 654, 582, 654, 580, 0, 2, 1.5707963267948966, 2.0
197, 98, 494, 8, 494, 11, 0, -3, -1.5707963267948966, 3.0
197, 99, 1259, 508, 1256, 503, 3, 5, 1.0303768265243125, 5.830951894845301
197, 100, 145, 116, 146, 115, -1, 1, 2.356194490192345, 1.4142135623730951
197, 101, 1216, 153, 1215, 152, 1, 1, 0.7853981633974483, 1.4142135623730951
197, 102, 1216, 116, 1214, 114, 2, 2, 0.7853981633974483, 2.8284271247461903
197, 103, 698, 322, 699, 324, -1, -2, -2.0344439357957027, 2.23606797749979
197, 104, 715, 282, 716, 285, -1, -3, -1.892546881191539, 3.1622776601683795
197, 106, 276, 308, 278, 307, -2, 1, 2.677945044588987, 2.23606797749979
197, 107, 1206, 155, 1205, 154, 1, 1, 0.7853981633974483, 1.4142135623730951
197, 108, 792, 91, 792, 94, 0, -3, -1.5707963267948966, 3.0
197, 109, 662, 360, 662, 356, 0, 4, 1.5707963267948966, 4.0
197, 111, 712, 191, 712, 193, 0, -2, -1.5707963267948966, 2.0
197, 112, 864, 244, 864, 248, 0, -4, -1.5707963267948966, 4.0
197, 113, 1212, 199, 1211, 195, 1, 4, 1.3258176636680326, 4.123105625617661
197, 114, 1231, 120, 1229, 118, 2, 2, 0.7853981633974483, 2.8284271247461903
197, 115, 44, 136, 45, 135, -1, 1, 2.356194490192345, 1.4142135623730951
197, 116, 1261, 385, 1261, 383, 0, 2, 1.5707963267948966, 2.0
198, 0, 857, 235, 858, 238, -1, -3, -1.892546881191539, 3.1622776601683795
198, 2, 1039, 83, 1040, 85, -1, -2, -2.0344439357957027, 2.23606797749979
198, 3, 363, 15, 360, 16, 3, -1, -0.3217505543966422, 3.1622776601683795
198, 4, 1259, 444, 1261, 441, -2, 3, 2.158798930342464, 3.605551275463989
198, 5, 470, 36, 470, 38, 0, -2, -1.5707963267948966, 2.0
198, 6, 844, 236, 845, 239, -1, -3, -1.892546881191539, 3.1622776601683795
198, 7, 492, 299, 492, 304, 0, -5, -1.5707963267948966, 5.0
198, 8, 334, 478, 335, 475, -1, 3, 1.892546881191539, 3.1622776601683795
198, 9, 160, 675, 160, 671, 0, 4, 1.5707963267948966, 4.0
198, 10, 360, 573, 360, 569, 0, 4, 1.5707963267948966, 4.0
198, 11, 612, 162, 613, 161, -1, 1, 2.356194490192345, 1.4142135623730951
198, 13, 813, 313, 812, 309, 1, 4, 1.3258176636680326, 4.123105625617661
198, 14, 661, 371, 660, 369, 1, 2, 1.1071487177940904, 2.23606797749979
198, 15, 362, 546, 363, 543, -1, 3, 1.892546881191539, 3.1622776601683795
198, 18, 361, 24, 358, 25, 3, -1, -0.3217505543966422, 3.1622776601683795
198, 19, 1048, 94, 1049, 96, -1, -2, -2.0344439357957027, 2.23606797749979
198, 20, 1037, 92, 1038, 94, -1, -2, -2.0344439357957027, 2.23606797749979
198, 23, 461, 348, 461, 353, 0, -5, -1.5707963267948966, 5.0
198, 25, 355, 76, 353, 76, 2, 0, 0.0, 2.0
198, 26, 478, 298, 479, 303, -1, -5, -1.7681918866447774, 5.0990195135927845
198, 27, 350, 632, 350, 629, 0, 3, 1.5707963267948966, 3.0
198, 28, 174, 668, 175, 665, -1, 3, 1.892546881191539, 3.1622776601683795
198, 29, 776, 26, 778, 26, -2, 0, 3.141592653589793, 2.0
198, 30, 358, 57, 354, 58, 4, -1, -0.24497866312686414, 4.123105625617661
198, 31, 703, 243, 704, 247, -1, -4, -1.8157749899217608, 4.123105625617661
198, 32, 503, 349, 503, 354, 0, -5, -1.5707963267948966, 5.0
198, 33, 1261, 396, 1261, 393, 0, 3, 1.5707963267948966, 3.0
198, 34, 1251, 452, 1250, 449, 1, 3, 1.2490457723982544, 3.1622776601683795
198, 38, 495, 358, 496, 362, -1, -4, -1.8157749899217608, 4.123105625617661
198, 41, 799, 310, 798, 307, 1, 3, 1.2490457723982544, 3.1622776601683795
198, 43, 1202, 248, 1202, 246, 0, 2, 1.5707963267948966, 2.0
198, 45, 852, 222, 853, 225, -1, -3, -1.892546881191539, 3.1622776601683795
198, 46, 358, 45, 355, 46, 3, -1, -0.3217505543966422, 3.1622776601683795
198, 47, 697, 238, 698, 242, -1, -4, -1.8157749899217608, 4.123105625617661
198, 48, 73, 507, 72, 505, 1, 2, 1.1071487177940904, 2.23606797749979
198, 49, 1021, 124, 1023, 126, -2, -2, -2.356194490192345, 2.8284271247461903
198, 50, 369, 55, 365, 56, 4, -1, -0.24497866312686414, 4.123105625617661
198, 51, 733, 153, 734, 155, -1, -2, -2.0344439357957027, 2.23606797749979
198, 52, 702, 234, 703, 238, -1, -4, -1.8157749899217608, 4.123105625617661
198, 55, 669, 509, 668, 506, 1, 3, 1.2490457723982544, 3.1622776601683795
198, 56, 462, 43, 462, 45, 0, -2, -1.5707963267948966, 2.0
198, 59, 811, 304, 810, 300, 1, 4, 1.3258176636680326, 4.123105625617661
198, 60, 502, 308, 502, 313, 0, -5, -1.5707963267948966, 5.0
198, 61, 1046, 84, 1047, 86, -1, -2, -2.0344439357957027, 2.23606797749979
198, 62, 682, 377, 681, 375, 1, 2, 1.1071487177940904, 2.23606797749979
198, 63, 386, 641, 388, 642, -2, -1, -2.677945044588987, 2.23606797749979
198, 64, 655, 444, 656, 442, -1, 2, 2.0344439357957027, 2.23606797749979
198, 67, 816, 75, 816, 77, 0, -2, -1.5707963267948966, 2.0
198, 68, 452, 373, 452, 377, 0, -4, -1.5707963267948966, 4.0
198, 69, 831, 246, 833, 249, -2, -3, -2.158798930342464, 3.605551275463989
198, 70, 531, 632, 531, 638, 0, -6, -1.5707963267948966, 6.0
198, 72, 1261, 395, 1261, 392, 0, 3, 1.5707963267948966, 3.0
198, 73, 83, 503, 82, 501, 1, 2, 1.1071487177940904, 2.23606797749979
198, 74, 482, 29, 482, 31, 0, -2, -1.5707963267948966, 2.0
198, 75, 520, 668, 520, 673, 0, -5, -1.5707963267948966, 5.0
198, 76, 469, 382, 469, 386, 0, -4, -1.5707963267948966, 4.0
198, 78, 376, 477, 377, 473, -1, 4, 1.8157749899217608, 4.123105625617661
198, 80, 1078, 22, 1076, 22, 2, 0, 0.0, 2.0
198, 81, 676, 371, 675, 369, 1, 2, 1.1071487177940904, 2.23606797749979
198, 82, 649, 405, 648, 403, 1, 2, 1.1071487177940904, 2.23606797749979
198, 83, 639, 550, 639, 548, 0, 2, 1.5707963267948966, 2.0
198, 84, 52, 527, 49, 525, 3, 2, 0.5880026035475675, 3.605551275463989
198, 85, 803, 305, 802, 301, 1, 4, 1.3258176636680326, 4.123105625617661
198, 86, 671, 361, 670, 359, 1, 2, 1.1071487177940904, 2.23606797749979
198, 87, 397, 620, 398, 623, -1, -3, -1.892546881191539, 3.1622776601683795
198, 89, 806, 375, 806, 373, 0, 2, 1.5707963267948966, 2.0
198, 90, 473, 44, 473, 46, 0, -2, -1.5707963267948966, 2.0
198, 91, 376, 571, 377, 567, -1, 4, 1.8157749899217608, 4.123105625617661
198, 92, 622, 537, 622, 534, 0, 3, 1.5707963267948966, 3.0
198, 93, 507, 361, 507, 366, 0, -5, -1.5707963267948966, 5.0
198, 95, 1260, 512, 1259, 508, 1, 4, 1.3258176636680326, 4.123105625617661
198, 96, 144, 117, 145, 116, -1, 1, 2.356194490192345, 1.4142135623730951
198, 99, 697, 320, 698, 322, -1, -2, -2.0344439357957027, 2.23606797749979
198, 100, 714, 278, 715, 282, -1, -4, -1.8157749899217608, 4.123105625617661
198, 104, 792, 89, 792, 91, 0, -2, -1.5707963267948966, 2.0
198, 105, 663, 362, 662, 360, 1, 2, 1.1071487177940904, 2.23606797749979
198, 107, 863, 241, 864, 244, -1, -3, -1.892546881191539, 3.1622776601683795
198, 108, 1212, 201, 1212, 199, 0, 2, 1.5707963267948966, 2.0
198, 111, 1261, 387, 1261, 385, 0, 2, 1.5707963267948966, 2.0
199, 0, 856, 232, 857, 235, -1, -3, -1.892546881191539, 3.1622776601683795
199, 1, 1038, 81, 1039, 83, -1, -2, -2.0344439357957027, 2.23606797749979
199, 2, 366, 14, 363, 15, 3, -1, -0.3217505543966422, 3.1622776601683795
199, 3, 1258, 447, 1259, 444, -1, 3, 1.892546881191539, 3.1622776601683795
199, 4, 470, 34, 470, 36, 0, -2, -1.5707963267948966, 2.0
199, 5, 843, 233, 844, 236, -1, -3, -1.892546881191539, 3.1622776601683795
199, 6, 491, 294, 492, 299, -1, -5, -1.7681918866447774, 5.0990195135927845
199, 7, 333, 481, 334, 478, -1, 3, 1.892546881191539, 3.1622776601683795
199, 8, 160, 679, 160, 675, 0, 4, 1.5707963267948966, 4.0
199, 9, 360, 576, 360, 573, 0, 3, 1.5707963267948966, 3.0
199, 10, 611, 163, 612, 162, -1, 1, 2.356194490192345, 1.4142135623730951
199, 11, 385, 69, 384, 70, 1, -1, -0.7853981633974483, 1.4142135623730951
199, 12, 814, 316, 813, 313, 1, 3, 1.2490457723982544, 3.1622776601683795
199, 13, 662, 373, 661, 371, 1, 2, 1.1071487177940904, 2.23606797749979
199, 14, 361, 547, 362, 546, -1, 1, 2.356194490192345, 1.4142135623730951
199, 17, 364, 23, 361, 24, 3, -1, -0.3217505543966422, 3.1622776601683795
199, 18, 1047, 92, 1048, 94, -1, -2, -2.0344439357957027, 2.23606797749979
199, 19, 1036, 90, 1037, 92, -1, -2, -2.0344439357957027, 2.23606797749979
199, 22, 461, 344, 461, 348, 0, -4, -1.5707963267948966, 4.0
199, 24, 357, 75, 355, 76, 2, -1, -0.4636476090008061, 2.23606797749979
199, 25, 477, 293, 478, 298, -1, -5, -1.7681918866447774, 5.0990195135927845
199, 26, 351, 635, 350, 632, 1, 3, 1.2490457723982544, 3.1622776601683795
199, 27, 173, 671, 174, 668, -1, 3, 1.892546881191539, 3.1622776601683795
199, 29, 362, 57, 358, 57, 4, 0, 0.0, 4.0
199, 30, 702, 239, 703, 243, -1, -4, -1.8157749899217608, 4.123105625617661
199, 31, 503, 343, 503, 349, 0, -6, -1.5707963267948966, 6.0
199, 32, 1261, 399, 1261, 396, 0, 3, 1.5707963267948966, 3.0
199, 33, 1253, 454, 1251, 452, 2, 2, 0.7853981633974483, 2.8284271247461903
199, 34, 806, 51, 806, 53, 0, -2, -1.5707963267948966, 2.0
199, 37, 494, 354, 495, 358, -1, -4, -1.8157749899217608, 4.123105625617661
199, 40, 800, 313, 799, 310, 1, 3, 1.2490457723982544, 3.1622776601683795
199, 42, 1203, 249, 1202, 248, 1, 1, 0.7853981633974483, 1.4142135623730951
199, 44, 851, 219, 852, 222, -1, -3, -1.892546881191539, 3.1622776601683795
199, 45, 361, 44, 358, 45, 3, -1, -0.3217505543966422, 3.1622776601683795
199, 46, 696, 234, 697, 238, -1, -4, -1.8157749899217608, 4.123105625617661
199, 47, 74, 510, 73, 507, 1, 3, 1.2490457723982544, 3.1622776601683795
199, 48, 1019, 122, 1021, 124, -2, -2, -2.356194490192345, 2.8284271247461903
199, 49, 372, 55, 369, 55, 3, 0, 0.0, 3.0
199, 50, 732, 150, 733, 153, -1, -3, -1.892546881191539, 3.1622776601683795
199, 51, 701, 230, 702, 234, -1, -4, -1.8157749899217608, 4.123105625617661
199, 54, 669, 512, 669, 509, 0, 3, 1.5707963267948966, 3.0
199, 55, 462, 41, 462, 43, 0, -2, -1.5707963267948966, 2.0
199, 58, 812, 308, 811, 304, 1, 4, 1.3258176636680326, 4.123105625617661
199, 59, 501, 303, 502, 308, -1, -5, -1.7681918866447774, 5.0990195135927845
199, 60, 1045, 82, 1046, 84, -1, -2, -2.0344439357957027, 2.23606797749979
199, 61, 682, 379, 682, 377, 0, 2, 1.5707963267948966, 2.0
199, 62, 655, 446, 655, 444, 0, 2, 1.5707963267948966, 2.0
199, 65, 816, 72, 816, 75, 0, -3, -1.5707963267948966, 3.0
199, 66, 452, 369, 452, 373, 0, -4, -1.5707963267948966, 4.0
199, 67, 830, 243, 831, 246, -1, -3, -1.892546881191539, 3.1622776601683795
199, 68, 530, 627, 531, 632, -1, -5, -1.7681918866447774, 5.0990195135927845
199, 69, 1261, 398, 1261, 395, 0, 3, 1.5707963267948966, 3.0
199, 70, 84, 505, 83, 503, 1, 2, 1.1071487177940904, 2.23606797749979
199, 71, 482, 27, 482, 29, 0, -2, -1.5707963267948966, 2.0
199, 72, 520, 664, 520, 668, 0, -4, -1.5707963267948966, 4.0
199, 73, 468, 377, 469, 382, -1, -5, -1.7681918866447774, 5.0990195135927845
199, 75, 375, 480, 376, 477, -1, 3, 1.892546881191539, 3.1622776601683795
199, 77, 1080, 22, 1078, 22, 2, 0, 0.0, 2.0
199, 78, 677, 373, 676, 371, 1, 2, 1.1071487177940904, 2.23606797749979
199, 79, 650, 407, 649, 405, 1, 2, 1.1071487177940904, 2.23606797749979
199, 80, 639, 555, 639, 550, 0, 5, 1.5707963267948966, 5.0
199, 81, 54, 530, 52, 527, 2, 3, 0.982793723247329, 3.605551275463989
199, 82, 804, 308, 803, 305, 1, 3, 1.2490457723982544, 3.1622776601683795
199, 83, 672, 363, 671, 361, 1, 2, 1.1071487177940904, 2.23606797749979
199, 84, 397, 618, 397, 620, 0, -2, -1.5707963267948966, 2.0
199, 85, 805, 377, 806, 375, -1, 2, 2.0344439357957027, 2.23606797749979
199, 86, 473, 42, 473, 44, 0, -2, -1.5707963267948966, 2.0
199, 87, 376, 574, 376, 571, 0, 3, 1.5707963267948966, 3.0
199, 88, 622, 539, 622, 537, 0, 2, 1.5707963267948966, 2.0
199, 89, 507, 356, 507, 361, 0, -5, -1.5707963267948966, 5.0
199, 90, 1258, 514, 1260, 512, -2, 2, 2.356194490192345, 2.8284271247461903
199, 91, 143, 118, 144, 117, -1, 1, 2.356194490192345, 1.4142135623730951
199, 94, 697, 318, 697, 320, 0, -2, -1.5707963267948966, 2.0
199, 95, 713, 275, 714, 278, -1, -3, -1.892546881191539, 3.1622776601683795
199, 99, 792, 86, 792, 89, 0, -3, -1.5707963267948966, 3.0
199, 100, 664, 364, 663, 362, 1, 2, 1.1071487177940904, 2.23606797749979
199, 102, 862, 238, 863, 241, -1, -3, -1.892546881191539, 3.1622776601683795
199, 106, 1261, 389, 1261, 387, 0, 2, 1.5707963267948966, 2.0
200, 1, 857, 238, 858, 241, -1, -3, -1.892546881191539, 3.1622776601683795
200, 2, 829, 263, 830, 267, -1, -4, -1.8157749899217608, 4.123105625617661
200, 3, 492, 298, 493, 303, -1, -5, -1.7681918866447774, 5.0990195135927845
200, 4, 365, 14, 362, 15, 3, -1, -0.3217505543966422, 3.1622776601683795
200, 5, 1041, 84, 1042, 87, -1, -3, -1.892546881191539, 3.1622776601683795
200, 6, 181, 682, 182, 679, -1, 3, 1.892546881191539, 3.1622776601683795
200, 7, 162, 691, 162, 687, 0, 4, 1.5707963267948966, 4.0
200, 9, 362, 576, 362, 573, 0, 3, 1.5707963267948966, 3.0
200, 10, 363, 59, 359, 59, 4, 0, 0.0, 4.0
200, 11, 1256, 461, 1254, 458, 2, 3, 0.982793723247329, 3.605551275463989
200, 14, 818, 74, 817, 77, 1, -3, -1.2490457723982544, 3.1622776601683795
200, 15, 471, 35, 471, 38, 0, -3, -1.5707963267948966, 3.0
200, 16, 464, 350, 464, 354, 0, -4, -1.5707963267948966, 4.0
200, 18, 1261, 452, 1278, 447, -17, 5, 2.8555412118724752, 17.72004514666935
200, 19, 816, 315, 815, 312, 1, 3, 1.2490457723982544, 3.1622776601683795
200, 20, 844, 239, 845, 242, -1, -3, -1.892546881191539, 3.1622776601683795
200, 23, 663, 371, 662, 368, 1, 3, 1.2490457723982544, 3.1622776601683795
200, 24, 363, 22, 360, 24, 3, -2, -0.5880026035475675, 3.605551275463989
200, 25, 1049, 95, 1050, 98, -1, -3, -1.892546881191539, 3.1622776601683795
200, 26, 479, 298, 480, 302, -1, -4, -1.8157749899217608, 4.123105625617661
200, 29, 358, 73, 355, 73, 3, 0, 0.0, 3.0
200, 32, 852, 226, 853, 229, -1, -3, -1.892546881191539, 3.1622776601683795
200, 33, 485, 11, 485, 13, 0, -2, -1.5707963267948966, 2.0
200, 34, 679, 447, 677, 444, 2, 3, 0.982793723247329, 3.605551275463989
200, 35, 704, 247, 705, 250, -1, -3, -1.892546881191539, 3.1622776601683795
200, 36, 627, 538, 627, 536, 0, 2, 1.5707963267948966, 2.0
200, 37, 682, 376, 681, 373, 1, 3, 1.2490457723982544, 3.1622776601683795
200, 38, 1038, 95, 1039, 98, -1, -3, -1.892546881191539, 3.1622776601683795
200, 39, 1033, 176, 1034, 178, -1, -2, -2.0344439357957027, 2.23606797749979
200, 41, 806, 53, 806, 55, 0, -2, -1.5707963267948966, 2.0
200, 45, 354, 506, 355, 502, -1, 4, 1.8157749899217608, 4.123105625617661
200, 46, 534, 636, 534, 643, 0, -7, -1.5707963267948966, 7.0
200, 47, 657, 444, 657, 442, 0, 2, 1.5707963267948966, 2.0
200, 49, 375, 646, 374, 642, 1, 4, 1.3258176636680326, 4.123105625617661
200, 50, 455, 367, 454, 372, 1, -5, -1.373400766945016, 5.0990195135927845
200, 51, 1022, 127, 1023, 129, -1, -2, -2.0344439357957027, 2.23606797749979
200, 52, 371, 60, 369, 59, 2, 1, 0.4636476090008061, 2.23606797749979
200, 53, 829, 277, 831, 279, -2, -2, -2.356194490192345, 2.8284271247461903
200, 54, 737, 158, 738, 161, -1, -3, -1.892546881191539, 3.1622776601683795
200, 57, 801, 313, 799, 310, 2, 3, 0.982793723247329, 3.605551275463989
200, 58, 1206, 247, 1205, 246, 1, 1, 0.7853981633974483, 1.4142135623730951
200, 59, 564, 65, 565, 67, -1, -2, -2.0344439357957027, 2.23606797749979
200, 61, 379, 47, 377, 46, 2, 1, 0.4636476090008061, 2.23606797749979
200, 62, 1051, 140, 1053, 142, -2, -2, -2.356194490192345, 2.8284271247461903
200, 63, 702, 314, 703, 316, -1, -2, -2.0344439357957027, 2.23606797749979
200, 65, 699, 242, 700, 245, -1, -3, -1.892546881191539, 3.1622776601683795
200, 66, 468, 123, 469, 125, -1, -2, -2.0344439357957027, 2.23606797749979
200, 67, 713, 265, 714, 269, -1, -4, -1.8157749899217608, 4.123105625617661
200, 68, 1214, 199, 1213, 198, 1, 1, 0.7853981633974483, 1.4142135623730951
200, 70, 59, 538, 56, 536, 3, 2, 0.5880026035475675, 3.605551275463989
200, 71, 1247, 466, 1246, 463, 1, 3, 1.2490457723982544, 3.1622776601683795
200, 72, 641, 559, 641, 554, 0, 5, 1.5707963267948966, 5.0
200, 73, 491, 78, 492, 80, -1, -2, -2.0344439357957027, 2.23606797749979
200, 74, 500, 306, 501, 311, -1, -5, -1.7681918866447774, 5.0990195135927845
200, 75, 482, 33, 482, 35, 0, -2, -1.5707963267948966, 2.0
200, 78, 471, 378, 471, 383, 0, -5, -1.5707963267948966, 5.0
200, 79, 499, 352, 499, 356, 0, -4, -1.5707963267948966, 4.0
200, 80, 30, 504, 26, 504, 4, 0, 0.0, 4.0
200, 82, 709, 238, 710, 241, -1, -3, -1.892546881191539, 3.1622776601683795
200, 83, 1261, 404, 1264, 402, -3, 2, 2.5535900500422257, 3.605551275463989
200, 86, 463, 44, 463, 47, 0, -3, -1.5707963267948966, 3.0
200, 88, 147, 118, 148, 116, -1, 2, 2.0344439357957027, 2.23606797749979
200, 89, 800, 358, 800, 356, 0, 2, 1.5707963267948966, 2.0
200, 90, 678, 370, 677, 367, 1, 3, 1.2490457723982544, 3.1622776601683795
200, 91, 729, 237, 729, 239, 0, -2, -1.5707963267948966, 2.0
200, 93, 520, 665, 520, 670, 0, -5, -1.5707963267948966, 5.0
200, 94, 144, 102, 145, 101, -1, 1, 2.356194490192345, 1.4142135623730951
200, 96, 1212, 235, 1211, 234, 1, 1, 0.7853981633974483, 1.4142135623730951
200, 98, 813, 307, 811, 304, 2, 3, 0.982793723247329, 3.605551275463989
200, 99, 806, 307, 804, 304, 2, 3, 0.982793723247329, 3.605551275463989
200, 100, 1204, 186, 1203, 185, 1, 1, 0.7853981633974483, 1.4142135623730951
200, 101, 474, 44, 474, 47, 0, -3, -1.5707963267948966, 3.0
200, 102, 665, 361, 664, 358, 1, 3, 1.2490457723982544, 3.1622776601683795
200, 103, 1049, 128, 1050, 131, -1, -3, -1.892546881191539, 3.1622776601683795
200, 106, 672, 361, 671, 358, 1, 3, 1.2490457723982544, 3.1622776601683795
200, 107, 649, 404, 649, 401, 0, 3, 1.5707963267948966, 3.0
200, 110, 483, 287, 484, 292, -1, -5, -1.7681918866447774, 5.0990195135927845
200, 111, 821, 351, 820, 347, 1, 4, 1.3258176636680326, 4.123105625617661
200, 112, 674, 527, 673, 523, 1, 4, 1.3258176636680326, 4.123105625617661
200, 114, 647, 542, 647, 539, 0, 3, 1.5707963267948966, 3.0
200, 115, 863, 244, 864, 247, -1, -3, -1.892546881191539, 3.1622776601683795
200, 116, 556, 59, 557, 61, -1, -2, -2.0344439357957027, 2.23606797749979
200, 118, 814, 95, 814, 97, 0, -2, -1.5707963267948966, 2.0
200, 119, 362, 44, 359, 45, 3, -1, -0.3217505543966422, 3.1622776601683795
200, 120, 487, 404, 488, 411, -1, -7, -1.7126933813990606, 7.0710678118654755
200, 121, 379, 574, 380, 571, -1, 3, 1.892546881191539, 3.1622776601683795
200, 122, 78, 562, 75, 561, 3, 1, 0.3217505543966422, 3.1622776601683795
200, 124, 798, 91, 798, 94, 0, -3, -1.5707963267948966, 3.0
200, 127, 516, 689, 516, 694, 0, -5, -1.5707963267948966, 5.0
200, 129, 511, 355, 511, 360, 0, -5, -1.5707963267948966, 5.0
200, 130, 377, 478, 378, 475, -1, 3, 1.892546881191539, 3.1622776601683795
200, 132, 469, 306, 470, 310, -1, -4, -1.8157749899217608, 4.123105625617661
200, 133, 699, 227, 700, 230, -1, -3, -1.892546881191539, 3.1622776601683795
200, 134, 1049, 85, 1050, 88, -1, -3, -1.892546881191539, 3.1622776601683795
200, 135, 744, 171, 745, 174, -1, -3, -1.892546881191539, 3.1622776601683795
200, 136, 1215, 209, 1214, 208, 1, 1, 0.7853981633974483, 1.4142135623730951
200, 138, 524, 659, 524, 664, 0, -5, -1.5707963267948966, 5.0
200, 139, 695, 308, 696, 310, -1, -2, -2.0344439357957027, 2.23606797749979
200, 140, 847, 314, 848, 318, -1, -4, -1.8157749899217608, 4.123105625617661
200, 143, 708, 227, 709, 230, -1, -3, -1.892546881191539, 3.1622776601683795
200, 144, 76, 514, 75, 511, 1, 3, 1.2490457723982544, 3.1622776601683795
200, 147, 460, 373, 459, 377, 1, -4, -1.3258176636680326, 4.123105625617661
200, 148, 712, 188, 713, 191, -1, -3, -1.892546881191539, 3.1622776601683795
200, 149, 82, 489, 81, 486, 1, 3, 1.2490457723982544, 3.1622776601683795
200, 150, 857, 284, 858, 287, -1, -3, -1.892546881191539, 3.1622776601683795
200, 151, 1261, 395, 1269, 392, -8, 3, 2.782821983319221, 8.54400374531753
201, 1, 856, 235, 857, 238, -1, -3, -1.892546881191539, 3.1622776601683795
201, 2, 828, 258, 829, 263, -1, -5, -1.7681918866447774, 5.0990195135927845
201, 3, 491, 293, 492, 298, -1, -5, -1.7681918866447774, 5.0990195135927845
201, 4, 368, 13, 365, 14, 3, -1, -0.3217505543966422, 3.1622776601683795
201, 5, 1040, 81, 1041, 84, -1, -3, -1.892546881191539, 3.1622776601683795
201, 6, 181, 686, 181, 682, 0, 4, 1.5707963267948966, 4.0
201, 7, 162, 695, 162, 691, 0, 4, 1.5707963267948966, 4.0
201, 9, 362, 579, 362, 576, 0, 3, 1.5707963267948966, 3.0
201, 10, 366, 59, 363, 59, 3, 0, 0.0, 3.0
201, 11, 1258, 464, 1256, 461, 2, 3, 0.982793723247329, 3.605551275463989
201, 14, 818, 71, 818, 74, 0, -3, -1.5707963267948966, 3.0
201, 15, 471, 32, 471, 35, 0, -3, -1.5707963267948966, 3.0
201, 16, 464, 345, 464, 350, 0, -5, -1.5707963267948966, 5.0
201, 18, 1260, 454, 1261, 452, -1, 2, 2.0344439357957027, 2.23606797749979
201, 19, 818, 318, 816, 315, 2, 3, 0.982793723247329, 3.605551275463989
201, 20, 843, 236, 844, 239, -1, -3, -1.892546881191539, 3.1622776601683795
201, 21, 406, 614, 406, 612, 0, 2, 1.5707963267948966, 2.0
201, 22, 614, 162, 615, 161, -1, 1, 2.356194490192345, 1.4142135623730951
201, 23, 664, 374, 663, 371, 1, 3, 1.2490457723982544, 3.1622776601683795
201, 24, 366, 21, 363, 22, 3, -1, -0.3217505543966422, 3.1622776601683795
201, 25, 1048, 92, 1049, 95, -1, -3, -1.892546881191539, 3.1622776601683795
201, 26, 478, 294, 479, 298, -1, -4, -1.8157749899217608, 4.123105625617661
201, 27, 362, 72, 358, 73, 4, -1, -0.24497866312686414, 4.123105625617661
201, 30, 851, 223, 852, 226, -1, -3, -1.892546881191539, 3.1622776601683795
201, 31, 485, 9, 485, 11, 0, -2, -1.5707963267948966, 2.0
201, 32, 680, 451, 679, 447, 1, 4, 1.3258176636680326, 4.123105625617661
201, 33, 703, 245, 704, 247, -1, -2, -2.0344439357957027, 2.23606797749979
201, 35, 683, 379, 682, 376, 1, 3, 1.2490457723982544, 3.1622776601683795
201, 36, 1037, 91, 1038, 95, -1, -4, -1.8157749899217608, 4.123105625617661
201, 37, 1032, 174, 1033, 176, -1, -2, -2.0344439357957027, 2.23606797749979
201, 39, 806, 50, 806, 53, 0, -3, -1.5707963267948966, 3.0
201, 43, 353, 509, 354, 506, -1, 3, 1.892546881191539, 3.1622776601683795
201, 44, 534, 629, 534, 636, 0, -7, -1.5707963267948966, 7.0
201, 45, 657, 446, 657, 444, 0, 2, 1.5707963267948966, 2.0
201, 47, 374, 649, 375, 646, -1, 3, 1.892546881191539, 3.1622776601683795
201, 48, 456, 362, 455, 367, 1, -5, -1.373400766945016, 5.0990195135927845
201, 49, 1020, 125, 1022, 127, -2, -2, -2.356194490192345, 2.8284271247461903
201, 50, 372, 62, 371, 60, 1, 2, 1.1071487177940904, 2.23606797749979
201, 51, 827, 274, 829, 277, -2, -3, -2.158798930342464, 3.605551275463989
201, 52, 736, 154, 737, 158, -1, -4, -1.8157749899217608, 4.123105625617661
201, 55, 803, 316, 801, 313, 2, 3, 0.982793723247329, 3.605551275463989
201, 56, 1207, 248, 1206, 247, 1, 1, 0.7853981633974483, 1.4142135623730951
201, 57, 564, 63, 564, 65, 0, -2, -1.5707963267948966, 2.0
201, 59, 381, 48, 379, 47, 2, 1, 0.4636476090008061, 2.23606797749979
201, 60, 1049, 138, 1051, 140, -2, -2, -2.356194490192345, 2.8284271247461903
201, 61, 702, 312, 702, 314, 0, -2, -1.5707963267948966, 2.0
201, 62, 397, 605, 397, 603, 0, 2, 1.5707963267948966, 2.0
201, 63, 698, 239, 699, 242, -1, -3, -1.892546881191539, 3.1622776601683795
201, 64, 467, 121, 468, 123, -1, -2, -2.0344439357957027, 2.23606797749979
201, 65, 712, 262, 713, 265, -1, -3, -1.892546881191539, 3.1622776601683795
201, 68, 61, 541, 59, 538, 2, 3, 0.982793723247329, 3.605551275463989
201, 69, 1248, 468, 1247, 466, 1, 2, 1.1071487177940904, 2.23606797749979
201, 70, 640, 564, 641, 559, -1, 5, 1.7681918866447774, 5.0990195135927845
201, 71, 490, 76, 491, 78, -1, -2, -2.0344439357957027, 2.23606797749979
201, 72, 499, 301, 500, 306, -1, -5, -1.7681918866447774, 5.0990195135927845
201, 73, 482, 31, 482, 33, 0, -2, -1.5707963267948966, 2.0
201, 76, 471, 373, 471, 378, 0, -5, -1.5707963267948966, 5.0
201, 77, 499, 347, 499, 352, 0, -5, -1.5707963267948966, 5.0
201, 78, 32, 506, 30, 504, 2, 2, 0.7853981633974483, 2.8284271247461903
201, 80, 708, 236, 709, 238, -1, -2, -2.0344439357957027, 2.23606797749979
201, 81, 1261, 406, 1261, 404, 0, 2, 1.5707963267948966, 2.0
201, 84, 463, 41, 463, 44, 0, -3, -1.5707963267948966, 3.0
201, 85, 495, 9, 495, 11, 0, -2, -1.5707963267948966, 2.0
201, 86, 147, 120, 147, 118, 0, 2, 1.5707963267948966, 2.0
201, 87, 800, 360, 800, 358, 0, 2, 1.5707963267948966, 2.0
201, 88, 679, 373, 678, 370, 1, 3, 1.2490457723982544, 3.1622776601683795
201, 89, 729, 233, 729, 237, 0, -4, -1.5707963267948966, 4.0
201, 91, 520, 660, 520, 665, 0, -5, -1.5707963267948966, 5.0
201, 94, 1213, 236, 1212, 235, 1, 1, 0.7853981633974483, 1.4142135623730951
201, 96, 815, 310, 813, 307, 2, 3, 0.982793723247329, 3.605551275463989
201, 97, 808, 310, 806, 307, 2, 3, 0.982793723247329, 3.605551275463989
201, 98, 1205, 187, 1204, 186, 1, 1, 0.7853981633974483, 1.4142135623730951
201, 99, 474, 41, 474, 44, 0, -3, -1.5707963267948966, 3.0
201, 100, 666, 364, 665, 361, 1, 3, 1.2490457723982544, 3.1622776601683795
201, 101, 1047, 125, 1049, 128, -2, -3, -2.158798930342464, 3.605551275463989
201, 102, 151, 52, 152, 51, -1, 1, 2.356194490192345, 1.4142135623730951
201, 103, 673, 364, 672, 361, 1, 3, 1.2490457723982544, 3.1622776601683795
201, 104, 650, 407, 649, 404, 1, 3, 1.2490457723982544, 3.1622776601683795
201, 107, 482, 282, 483, 287, -1, -5, -1.7681918866447774, 5.0990195135927845
201, 108, 822, 355, 821, 351, 1, 4, 1.3258176636680326, 4.123105625617661
201, 109, 674, 531, 674, 527, 0, 4, 1.5707963267948966, 4.0
201, 111, 647, 545, 647, 542, 0, 3, 1.5707963267948966, 3.0
201, 112, 862, 241, 863, 244, -1, -3, -1.892546881191539, 3.1622776601683795
201, 113, 555, 57, 556, 59, -1, -2, -2.0344439357957027, 2.23606797749979
201, 114, 815, 92, 814, 95, 1, -3, -1.2490457723982544, 3.1622776601683795
201, 115, 365, 43, 362, 44, 3, -1, -0.3217505543966422, 3.1622776601683795
201, 116, 486, 398, 487, 404, -1, -6, -1.7359450042095235, 6.082762530298219
201, 117, 379, 577, 379, 574, 0, 3, 1.5707963267948966, 3.0
201, 118, 80, 563, 78, 562, 2, 1, 0.4636476090008061, 2.23606797749979
201, 120, 798, 88, 798, 91, 0, -3, -1.5707963267948966, 3.0
201, 123, 516, 685, 516, 689, 0, -4, -1.5707963267948966, 4.0
201, 125, 511, 349, 511, 355, 0, -6, -1.5707963267948966, 6.0
201, 126, 377, 481, 377, 478, 0, 3, 1.5707963267948966, 3.0
201, 127, 468, 302, 469, 306, -1, -4, -1.8157749899217608, 4.123105625617661
201, 128, 698, 225, 699, 227, -1, -2, -2.0344439357957027, 2.23606797749979
201, 129, 1048, 82, 1049, 85, -1, -3, -1.892546881191539, 3.1622776601683795
201, 130, 743, 168, 744, 171, -1, -3, -1.892546881191539, 3.1622776601683795
201, 131, 1216, 210, 1215, 209, 1, 1, 0.7853981633974483, 1.4142135623730951
201, 133, 525, 654, 524, 659, 1, -5, -1.373400766945016, 5.0990195135927845
201, 134, 694, 305, 695, 308, -1, -3, -1.892546881191539, 3.1622776601683795
201, 135, 846, 310, 847, 314, -1, -4, -1.8157749899217608, 4.123105625617661
201, 136, 1211, 179, 1210, 178, 1, 1, 0.7853981633974483, 1.4142135623730951
201, 138, 707, 225, 708, 227, -1, -2, -2.0344439357957027, 2.23606797749979
201, 139, 77, 516, 76, 514, 1, 2, 1.1071487177940904, 2.23606797749979
201, 142, 461, 369, 460, 373, 1, -4, -1.3258176636680326, 4.123105625617661
201, 143, 711, 184, 712, 188, -1, -4, -1.8157749899217608, 4.123105625617661
201, 144, 83, 492, 82, 489, 1, 3, 1.2490457723982544, 3.1622776601683795
201, 145, 856, 281, 857, 284, -1, -3, -1.892546881191539, 3.1622776601683795
201, 146, 1261, 397, 1261, 395, 0, 2, 1.5707963267948966, 2.0
202, 1, 856, 231, 856, 235, 0, -4, -1.5707963267948966, 4.0
202, 2, 827, 254, 828, 258, -1, -4, -1.8157749899217608, 4.123105625617661
202, 3, 490, 289, 491, 293, -1, -4, -1.8157749899217608, 4.123105625617661
202, 4, 371, 12, 368, 13, 3, -1, -0.3217505543966422, 3.1622776601683795
202, 5, 1039, 77, 1040, 81, -1, -4, -1.8157749899217608, 4.123105625617661
202, 6, 180, 689, 181, 686, -1, 3, 1.892546881191539, 3.1622776601683795
202, 7, 163, 698, 162, 695, 1, 3, 1.2490457723982544, 3.1622776601683795
202, 8, 170, 97, 170, 94, 0, 3, 1.5707963267948966, 3.0
202, 9, 364, 581, 362, 579, 2, 2, 0.7853981633974483, 2.8284271247461903
202, 10, 369, 60, 366, 59, 3, 1, 0.3217505543966422, 3.1622776601683795
202, 11, 1258, 466, 1258, 464, 0, 2, 1.5707963267948966, 2.0
202, 13, 820, 69, 818, 71, 2, -2, -0.7853981633974483, 2.8284271247461903
202, 14, 471, 27, 471, 32, 0, -5, -1.5707963267948966, 5.0
202, 15, 464, 340, 464, 345, 0, -5, -1.5707963267948966, 5.0
202, 17, 1259, 456, 1260, 454, -1, 2, 2.0344439357957027, 2.23606797749979
202, 18, 819, 321, 818, 318, 1, 3, 1.2490457723982544, 3.1622776601683795
202, 19, 842, 231, 843, 236, -1, -5, -1.7681918866447774, 5.0990195135927845
202, 20, 407, 619, 406, 614, 1, 5, 1.373400766945016, 5.0990195135927845
202, 21, 614, 166, 614, 162, 0, 4, 1.5707963267948966, 4.0
202, 22, 666, 377, 664, 374, 2, 3, 0.982793723247329, 3.605551275463989
202, 23, 369, 20, 366, 21, 3, -1, -0.3217505543966422, 3.1622776601683795
202, 24, 1047, 87, 1048, 92, -1, -5, -1.7681918866447774, 5.0990195135927845
202, 25, 476, 290, 478, 294, -2, -4, -2.0344439357957027, 4.47213595499958
202, 26, 364, 74, 362, 72, 2, 2, 0.7853981633974483, 2.8284271247461903
202, 29, 851, 218, 851, 223, 0, -5, -1.5707963267948966, 5.0
202, 30, 682, 451, 680, 451, 2, 0, 0.0, 2.0
202, 31, 701, 241, 703, 245, -2, -4, -2.0344439357957027, 4.47213595499958
202, 33, 684, 383, 683, 379, 1, 4, 1.3258176636680326, 4.123105625617661
202, 34, 1036, 86, 1037, 91, -1, -5, -1.7681918866447774, 5.0990195135927845
202, 35, 1030, 169, 1032, 174, -2, -5, -1.9513027039072615, 5.385164807134504
202, 36, 33, 83, 35, 83, -2, 0, 3.141592653589793, 2.0
202, 37, 806, 46, 806, 50, 0, -4, -1.5707963267948966, 4.0
202, 38, 752, 48, 754, 49, -2, -1, -2.677945044588987, 2.23606797749979
202, 41, 350, 512, 353, 509, -3, 3, 2.356194490192345, 4.242640687119285
202, 42, 532, 620, 534, 629, -2, -9, -1.7894652726688385, 9.219544457292887
202, 43, 657, 449, 657, 446, 0, 3, 1.5707963267948966, 3.0
202, 44, 295, 315, 294, 316, 1, -1, -0.7853981633974483, 1.4142135623730951
202, 45, 372, 652, 374, 649, -2, 3, 2.158798930342464, 3.605551275463989
202, 46, 457, 358, 456, 362, 1, -4, -1.3258176636680326, 4.123105625617661
202, 47, 1017, 122, 1020, 125, -3, -3, -2.356194490192345, 4.242640687119285
202, 48, 374, 63, 372, 62, 2, 1, 0.4636476090008061, 2.23606797749979
202, 49, 826, 268, 827, 274, -1, -6, -1.7359450042095235, 6.082762530298219
202, 50, 734, 149, 736, 154, -2, -5, -1.9513027039072615, 5.385164807134504
202, 51, 1258, 154, 1257, 153, 1, 1, 0.7853981633974483, 1.4142135623730951
202, 52, 1208, 157, 1208, 155, 0, 2, 1.5707963267948966, 2.0
202, 53, 805, 318, 803, 316, 2, 2, 0.7853981633974483, 2.8284271247461903
202, 54, 1209, 252, 1207, 248, 2, 4, 1.1071487177940904, 4.47213595499958
202, 55, 564, 61, 564, 63, 0, -2, -1.5707963267948966, 2.0
202, 57, 383, 47, 381, 48, 2, -1, -0.4636476090008061, 2.23606797749979
202, 58, 1046, 136, 1049, 138, -3, -2, -2.5535900500422257, 3.605551275463989
202, 59, 701, 310, 702, 312, -1, -2, -2.0344439357957027, 2.23606797749979
202, 60, 396, 608, 397, 605, -1, 3, 1.892546881191539, 3.1622776601683795
202, 61, 696, 235, 698, 239, -2, -4, -2.0344439357957027, 4.47213595499958
202, 62, 466, 117, 467, 121, -1, -4, -1.8157749899217608, 4.123105625617661
202, 63, 1216, 203, 1214, 200, 2, 3, 0.982793723247329, 3.605551275463989
202, 65, 62, 542, 61, 541, 1, 1, 0.7853981633974483, 1.4142135623730951
202, 66, 1252, 470, 1248, 468, 4, 2, 0.4636476090008061, 4.47213595499958
202, 67, 639, 566, 640, 564, -1, 2, 2.0344439357957027, 2.23606797749979
202, 68, 489, 73, 490, 76, -1, -3, -1.892546881191539, 3.1622776601683795
202, 69, 499, 297, 499, 301, 0, -4, -1.5707963267948966, 4.0
202, 70, 482, 26, 482, 31, 0, -5, -1.5707963267948966, 5.0
202, 71, 775, 22, 777, 21, -2, 1, 2.677945044588987, 2.23606797749979
202, 72, 667, 474, 668, 473, -1, 1, 2.356194490192345, 1.4142135623730951
202, 73, 471, 369, 471, 373, 0, -4, -1.5707963267948966, 4.0
202, 74, 499, 341, 499, 347, 0, -6, -1.5707963267948966, 6.0
202, 76, 1237, 485, 1235, 484, 2, 1, 0.4636476090008061, 2.23606797749979
202, 77, 706, 232, 708, 236, -2, -4, -2.0344439357957027, 4.47213595499958
202, 78, 1261, 408, 1261, 406, 0, 2, 1.5707963267948966, 2.0
202, 79, 1257, 110, 1256, 109, 1, 1, 0.7853981633974483, 1.4142135623730951
202, 80, 1216, 122, 1216, 118, 0, 4, 1.5707963267948966, 4.0
202, 81, 462, 36, 463, 41, -1, -5, -1.7681918866447774, 5.0990195135927845
202, 82, 147, 123, 147, 120, 0, 3, 1.5707963267948966, 3.0
202, 83, 801, 363, 800, 360, 1, 3, 1.2490457723982544, 3.1622776601683795
202, 84, 680, 377, 679, 373, 1, 4, 1.3258176636680326, 4.123105625617661
202, 85, 729, 227, 729, 233, 0, -6, -1.5707963267948966, 6.0
202, 86, 1233, 169, 1233, 167, 0, 2, 1.5707963267948966, 2.0
202, 87, 520, 654, 520, 660, 0, -6, -1.5707963267948966, 6.0
202, 88, 144, 106, 144, 103, 0, 3, 1.5707963267948966, 3.0
202, 89, 145, 81, 146, 78, -1, 3, 1.892546881191539, 3.1622776601683795
202, 90, 1215, 239, 1213, 236, 2, 3, 0.982793723247329, 3.605551275463989
202, 91, 1175, 283, 1175, 279, 0, 4, 1.5707963267948966, 4.0
202, 92, 817, 312, 815, 310, 2, 2, 0.7853981633974483, 2.8284271247461903
202, 93, 810, 312, 808, 310, 2, 2, 0.7853981633974483, 2.8284271247461903
202, 94, 1208, 189, 1205, 187, 3, 2, 0.5880026035475675, 3.605551275463989
202, 95, 474, 36, 474, 41, 0, -5, -1.5707963267948966, 5.0
202, 96, 667, 367, 666, 364, 1, 3, 1.2490457723982544, 3.1622776601683795
202, 97, 1044, 121, 1047, 125, -3, -4, -2.214297435588181, 5.0
202, 98, 150, 55, 151, 52, -1, 3, 1.892546881191539, 3.1622776601683795
202, 99, 675, 367, 673, 364, 2, 3, 0.982793723247329, 3.605551275463989
202, 100, 651, 410, 650, 407, 1, 3, 1.2490457723982544, 3.1622776601683795
202, 101, 793, 373, 792, 371, 1, 2, 1.1071487177940904, 2.23606797749979
202, 103, 481, 277, 482, 282, -1, -5, -1.7681918866447774, 5.0990195135927845
202, 104, 824, 359, 822, 355, 2, 4, 1.1071487177940904, 4.47213595499958
202, 105, 674, 535, 674, 531, 0, 4, 1.5707963267948966, 4.0
202, 106, 280, 308, 278, 308, 2, 0, 0.0, 2.0
202, 107, 646, 550, 647, 545, -1, 5, 1.7681918866447774, 5.0990195135927845
202, 108, 862, 237, 862, 241, 0, -4, -1.5707963267948966, 4.0
202, 109, 555, 54, 555, 57, 0, -3, -1.5707963267948966, 3.0
202, 110, 816, 88, 815, 92, 1, -4, -1.3258176636680326, 4.123105625617661
202, 111, 368, 44, 365, 43, 3, 1, 0.3217505543966422, 3.1622776601683795
202, 112, 486, 396, 486, 398, 0, -2, -1.5707963267948966, 2.0
202, 113, 378, 580, 379, 577, -1, 3, 1.892546881191539, 3.1622776601683795
202, 114, 80, 567, 80, 563, 0, 4, 1.5707963267948966, 4.0
202, 116, 798, 83, 798, 88, 0, -5, -1.5707963267948966, 5.0
202, 117, 1217, 159, 1216, 157, 1, 2, 1.1071487177940904, 2.23606797749979
202, 119, 516, 683, 516, 685, 0, -2, -1.5707963267948966, 2.0
202, 121, 511, 342, 511, 349, 0, -7, -1.5707963267948966, 7.0
202, 122, 376, 485, 377, 481, -1, 4, 1.8157749899217608, 4.123105625617661
202, 123, 467, 298, 468, 302, -1, -4, -1.8157749899217608, 4.123105625617661
202, 124, 696, 221, 698, 225, -2, -4, -2.0344439357957027, 4.47213595499958
202, 125, 1047, 77, 1048, 82, -1, -5, -1.7681918866447774, 5.0990195135927845
202, 126, 742, 165, 743, 168, -1, -3, -1.892546881191539, 3.1622776601683795
202, 127, 1218, 212, 1216, 210, 2, 2, 0.7853981633974483, 2.8284271247461903
202, 129, 525, 649, 525, 654, 0, -5, -1.5707963267948966, 5.0
202, 130, 694, 299, 694, 305, 0, -6, -1.5707963267948966, 6.0
202, 131, 844, 307, 846, 310, -2, -3, -2.158798930342464, 3.605551275463989
202, 132, 1213, 179, 1211, 179, 2, 0, 0.0, 2.0
202, 134, 705, 221, 707, 225, -2, -4, -2.0344439357957027, 4.47213595499958
202, 135, 78, 517, 77, 516, 1, 1, 0.7853981633974483, 1.4142135623730951
202, 137, 52, 156, 53, 155, -1, 1, 2.356194490192345, 1.4142135623730951
202, 138, 463, 366, 461, 369, 2, -3, -0.982793723247329, 3.605551275463989
202, 139, 710, 181, 711, 184, -1, -3, -1.892546881191539, 3.1622776601683795
202, 140, 82, 494, 83, 492, -1, 2, 2.0344439357957027, 2.23606797749979
202, 141, 853, 278, 856, 281, -3, -3, -2.356194490192345, 4.242640687119285
202, 142, 1261, 394, 1261, 397, 0, -3, -1.5707963267948966, 3.0
203, 1, 856, 226, 856, 231, 0, -5, -1.5707963267948966, 5.0
203, 2, 827, 251, 827, 254, 0, -3, -1.5707963267948966, 3.0
203, 3, 489, 285, 490, 289, -1, -4, -1.8157749899217608, 4.123105625617661
203, 4, 374, 11, 371, 12, 3, -1, -0.3217505543966422, 3.1622776601683795
203, 5, 1038, 74, 1039, 77, -1, -3, -1.892546881191539, 3.1622776601683795
203, 6, 181, 693, 180, 689, 1, 4, 1.3258176636680326, 4.123105625617661
203, 7, 164, 701, 163, 698, 1, 3, 1.2490457723982544, 3.1622776601683795
203, 9, 364, 585, 364, 581, 0, 4, 1.5707963267948966, 4.0
203, 10, 372, 61, 369, 60, 3, 1, 0.3217505543966422, 3.1622776601683795
203, 11, 1259, 467, 1258, 466, 1, 1, 0.7853981633974483, 1.4142135623730951
203, 13, 820, 66, 820, 69, 0, -3, -1.5707963267948966, 3.0
203, 14, 470, 23, 471, 27, -1, -4, -1.8157749899217608, 4.123105625617661
203, 15, 464, 336, 464, 340, 0, -4, -1.5707963267948966, 4.0
203, 17, 1260, 458, 1259, 456, 1, 2, 1.1071487177940904, 2.23606797749979
203, 18, 820, 323, 819, 321, 1, 2, 1.1071487177940904, 2.23606797749979
203, 19, 842, 226, 842, 231, 0, -5, -1.5707963267948966, 5.0
203, 20, 407, 624, 407, 619, 0, 5, 1.5707963267948966, 5.0
203, 21, 613, 168, 614, 166, -1, 2, 2.0344439357957027, 2.23606797749979
203, 22, 667, 380, 666, 377, 1, 3, 1.2490457723982544, 3.1622776601683795
203, 23, 372, 19, 369, 20, 3, -1, -0.3217505543966422, 3.1622776601683795
203, 24, 1046, 84, 1047, 87, -1, -3, -1.892546881191539, 3.1622776601683795
203, 25, 475, 287, 476, 290, -1, -3, -1.892546881191539, 3.1622776601683795
203, 26, 367, 76, 364, 74, 3, 2, 0.5880026035475675, 3.605551275463989
203, 28, 851, 213, 851, 218, 0, -5, -1.5707963267948966, 5.0
203, 29, 683, 454, 682, 451, 1, 3, 1.2490457723982544, 3.1622776601683795
203, 30, 700, 238, 701, 241, -1, -3, -1.892546881191539, 3.1622776601683795
203, 32, 685, 387, 684, 383, 1, 4, 1.3258176636680326, 4.123105625617661
203, 33, 1035, 83, 1036, 86, -1, -3, -1.892546881191539, 3.1622776601683795
203, 34, 1028, 165, 1030, 169, -2, -4, -2.0344439357957027, 4.47213595499958
203, 36, 806, 44, 806, 46, 0, -2, -1.5707963267948966, 2.0
203, 40, 349, 515, 350, 512, -1, 3, 1.892546881191539, 3.1622776601683795
203, 41, 531, 612, 532, 620, -1, -8, -1.695151321341658, 8.06225774829855
203, 42, 657, 452, 657, 449, 0, 3, 1.5707963267948966, 3.0
203, 44, 371, 655, 372, 652, -1, 3, 1.892546881191539, 3.1622776601683795
203, 45, 458, 354, 457, 358, 1, -4, -1.3258176636680326, 4.123105625617661
203, 46, 1015, 120, 1017, 122, -2, -2, -2.356194490192345, 2.8284271247461903
203, 47, 375, 64, 374, 63, 1, 1, 0.7853981633974483, 1.4142135623730951
203, 48, 827, 263, 826, 268, 1, -5, -1.373400766945016, 5.0990195135927845
203, 49, 734, 145, 734, 149, 0, -4, -1.5707963267948966, 4.0
203, 52, 806, 320, 805, 318, 1, 2, 1.1071487177940904, 2.23606797749979
203, 53, 1210, 253, 1209, 252, 1, 1, 0.7853981633974483, 1.4142135623730951
203, 56, 385, 47, 383, 47, 2, 0, 0.0, 2.0
203, 57, 1044, 134, 1046, 136, -2, -2, -2.356194490192345, 2.8284271247461903
203, 58, 394, 611, 396, 608, -2, 3, 2.158798930342464, 3.605551275463989
203, 59, 695, 232, 696, 235, -1, -3, -1.892546881191539, 3.1622776601683795
203, 60, 466, 114, 466, 117, 0, -3, -1.5707963267948966, 3.0
203, 63, 63, 545, 62, 542, 1, 3, 1.2490457723982544, 3.1622776601683795
203, 64, 1252, 472, 1252, 470, 0, 2, 1.5707963267948966, 2.0
203, 65, 639, 569, 639, 566, 0, 3, 1.5707963267948966, 3.0
203, 66, 488, 70, 489, 73, -1, -3, -1.892546881191539, 3.1622776601683795
203, 67, 499, 293, 499, 297, 0, -4, -1.5707963267948966, 4.0
203, 68, 482, 23, 482, 26, 0, -3, -1.5707963267948966, 3.0
203, 71, 471, 365, 471, 369, 0, -4, -1.5707963267948966, 4.0
203, 72, 499, 336, 499, 341, 0, -5, -1.5707963267948966, 5.0
203, 73, 35, 508, 33, 506, 2, 2, 0.7853981633974483, 2.8284271247461903
203, 74, 1239, 487, 1237, 485, 2, 2, 0.7853981633974483, 2.8284271247461903
203, 75, 705, 229, 706, 232, -1, -3, -1.892546881191539, 3.1622776601683795
203, 76, 1261, 411, 1261, 408, 0, 3, 1.5707963267948966, 3.0
203, 78, 1215, 123, 1216, 122, -1, 1, 2.356194490192345, 1.4142135623730951
203, 79, 461, 33, 462, 36, -1, -3, -1.892546881191539, 3.1622776601683795
203, 81, 801, 367, 801, 363, 0, 4, 1.5707963267948966, 4.0
203, 82, 681, 381, 680, 377, 1, 4, 1.3258176636680326, 4.123105625617661
203, 83, 729, 224, 729, 227, 0, -3, -1.5707963267948966, 3.0
203, 85, 520, 649, 520, 654, 0, -5, -1.5707963267948966, 5.0
203, 86, 144, 108, 144, 106, 0, 2, 1.5707963267948966, 2.0
203, 87, 145, 83, 145, 81, 0, 2, 1.5707963267948966, 2.0
203, 89, 1176, 286, 1175, 283, 1, 3, 1.2490457723982544, 3.1622776601683795
203, 90, 818, 314, 817, 312, 1, 2, 1.1071487177940904, 2.23606797749979
203, 91, 811, 314, 810, 312, 1, 2, 1.1071487177940904, 2.23606797749979
203, 93, 473, 32, 474, 36, -1, -4, -1.8157749899217608, 4.123105625617661
203, 94, 668, 371, 667, 367, 1, 4, 1.3258176636680326, 4.123105625617661
203, 95, 1042, 118, 1044, 121, -2, -3, -2.158798930342464, 3.605551275463989
203, 96, 149, 57, 150, 55, -1, 2, 2.0344439357957027, 2.23606797749979
203, 97, 676, 371, 675, 367, 1, 4, 1.3258176636680326, 4.123105625617661
203, 98, 652, 414, 651, 410, 1, 4, 1.3258176636680326, 4.123105625617661
203, 99, 794, 377, 793, 373, 1, 4, 1.3258176636680326, 4.123105625617661
203, 101, 480, 273, 481, 277, -1, -4, -1.8157749899217608, 4.123105625617661
203, 102, 825, 363, 824, 359, 1, 4, 1.3258176636680326, 4.123105625617661
203, 103, 674, 538, 674, 535, 0, 3, 1.5707963267948966, 3.0
203, 105, 646, 555, 646, 550, 0, 5, 1.5707963267948966, 5.0
203, 106, 862, 232, 862, 237, 0, -5, -1.5707963267948966, 5.0
203, 108, 816, 85, 816, 88, 0, -3, -1.5707963267948966, 3.0
203, 109, 370, 45, 368, 44, 2, 1, 0.4636476090008061, 2.23606797749979
203, 110, 486, 394, 486, 396, 0, -2, -1.5707963267948966, 2.0
203, 111, 378, 584, 378, 580, 0, 4, 1.5707963267948966, 4.0
203, 112, 79, 568, 80, 567, -1, 1, 2.356194490192345, 1.4142135623730951
203, 114, 798, 80, 798, 83, 0, -3, -1.5707963267948966, 3.0
203, 119, 510, 336, 511, 342, -1, -6, -1.7359450042095235, 6.082762530298219
203, 120, 375, 487, 376, 485, -1, 2, 2.0344439357957027, 2.23606797749979
203, 121, 467, 295, 467, 298, 0, -3, -1.5707963267948966, 3.0
203, 122, 694, 218, 696, 221, -2, -3, -2.158798930342464, 3.605551275463989
203, 123, 1046, 74, 1047, 77, -1, -3, -1.892546881191539, 3.1622776601683795
203, 127, 525, 645, 525, 649, 0, -4, -1.5707963267948966, 4.0
203, 128, 694, 295, 694, 299, 0, -4, -1.5707963267948966, 4.0
203, 131, 703, 218, 705, 221, -2, -3, -2.158798930342464, 3.605551275463989
203, 132, 80, 519, 78, 517, 2, 2, 0.7853981633974483, 2.8284271247461903
203, 135, 464, 362, 463, 366, 1, -4, -1.3258176636680326, 4.123105625617661
203, 136, 709, 177, 710, 181, -1, -4, -1.8157749899217608, 4.123105625617661
203, 137, 83, 497, 82, 494, 1, 3, 1.2490457723982544, 3.1622776601683795
203, 138, 852, 274, 853, 278, -1, -4, -1.8157749899217608, 4.123105625617661
204, 1, 856, 221, 856, 226, 0, -5, -1.5707963267948966, 5.0
204, 2, 827, 249, 827, 251, 0, -2, -1.5707963267948966, 2.0
204, 3, 489, 282, 489, 285, 0, -3, -1.5707963267948966, 3.0
204, 4, 377, 11, 374, 11, 3, 0, 0.0, 3.0
204, 5, 1036, 71, 1038, 74, -2, -3, -2.158798930342464, 3.605551275463989
204, 6, 182, 696, 181, 693, 1, 3, 1.2490457723982544, 3.1622776601683795
204, 9, 364, 589, 364, 585, 0, 4, 1.5707963267948966, 4.0
204, 10, 374, 61, 372, 61, 2, 0, 0.0, 2.0
204, 11, 1258, 471, 1259, 467, -1, 4, 1.8157749899217608, 4.123105625617661
204, 13, 821, 64, 820, 66, 1, -2, -1.1071487177940904, 2.23606797749979
204, 14, 469, 20, 470, 23, -1, -3, -1.892546881191539, 3.1622776601683795
204, 15, 464, 333, 464, 336, 0, -3, -1.5707963267948966, 3.0
204, 17, 1261, 461, 1260, 458, 1, 3, 1.2490457723982544, 3.1622776601683795
204, 18, 821, 325, 820, 323, 1, 2, 1.1071487177940904, 2.23606797749979
204, 19, 842, 221, 842, 226, 0, -5, -1.5707963267948966, 5.0
204, 20, 407, 630, 407, 624, 0, 6, 1.5707963267948966, 6.0
204, 21, 613, 171, 613, 168, 0, 3, 1.5707963267948966, 3.0
204, 22, 668, 383, 667, 380, 1, 3, 1.2490457723982544, 3.1622776601683795
204, 23, 375, 19, 372, 19, 3, 0, 0.0, 3.0
204, 24, 1044, 81, 1046, 84, -2, -3, -2.158798930342464, 3.605551275463989
204, 25, 475, 284, 475, 287, 0, -3, -1.5707963267948966, 3.0
204, 26, 368, 77, 367, 76, 1, 1, 0.7853981633974483, 1.4142135623730951
204, 28, 850, 208, 851, 213, -1, -5, -1.7681918866447774, 5.0990195135927845
204, 29, 683, 458, 683, 454, 0, 4, 1.5707963267948966, 4.0
204, 30, 698, 235, 700, 238, -2, -3, -2.158798930342464, 3.605551275463989
204, 32, 686, 391, 685, 387, 1, 4, 1.3258176636680326, 4.123105625617661
204, 33, 1033, 80, 1035, 83, -2, -3, -2.158798930342464, 3.605551275463989
204, 34, 1026, 162, 1028, 165, -2, -3, -2.158798930342464, 3.605551275463989
204, 36, 806, 42, 806, 44, 0, -2, -1.5707963267948966, 2.0
204, 39, 347, 518, 349, 515, -2, 3, 2.158798930342464, 3.605551275463989
204, 40, 530, 606, 531, 612, -1, -6, -1.7359450042095235, 6.082762530298219
204, 41, 657, 455, 657, 452, 0, 3, 1.5707963267948966, 3.0
204, 43, 370, 658, 371, 655, -1, 3, 1.892546881191539, 3.1622776601683795
204, 44, 459, 350, 458, 354, 1, -4, -1.3258176636680326, 4.123105625617661
204, 45, 1014, 117, 1015, 120, -1, -3, -1.892546881191539, 3.1622776601683795
204, 46, 377, 64, 375, 64, 2, 0, 0.0, 2.0
204, 47, 828, 260, 827, 263, 1, -3, -1.2490457723982544, 3.1622776601683795
204, 48, 734, 141, 734, 145, 0, -4, -1.5707963267948966, 4.0
204, 51, 807, 322, 806, 320, 1, 2, 1.1071487177940904, 2.23606797749979
204, 52, 1211, 255, 1210, 253, 1, 2, 1.1071487177940904, 2.23606797749979
204, 55, 387, 46, 385, 47, 2, -1, -0.4636476090008061, 2.23606797749979
204, 56, 1043, 132, 1044, 134, -1, -2, -2.0344439357957027, 2.23606797749979
204, 57, 393, 614, 394, 611, -1, 3, 1.892546881191539, 3.1622776601683795
204, 58, 693, 229, 695, 232, -2, -3, -2.158798930342464, 3.605551275463989
204, 59, 466, 112, 466, 114, 0, -2, -1.5707963267948966, 2.0
204, 62, 64, 547, 63, 545, 1, 2, 1.1071487177940904, 2.23606797749979
204, 63, 1251, 475, 1252, 472, -1, 3, 1.892546881191539, 3.1622776601683795
204, 64, 639, 572, 639, 569, 0, 3, 1.5707963267948966, 3.0
204, 65, 488, 66, 488, 70, 0, -4, -1.5707963267948966, 4.0
204, 66, 499, 289, 499, 293, 0, -4, -1.5707963267948966, 4.0
204, 67, 482, 20, 482, 23, 0, -3, -1.5707963267948966, 3.0
204, 70, 472, 361, 471, 365, 1, -4, -1.3258176636680326, 4.123105625617661
204, 71, 499, 330, 499, 336, 0, -6, -1.5707963267948966, 6.0
204, 72, 37, 510, 35, 508, 2, 2, 0.7853981633974483, 2.8284271247461903
204, 73, 1241, 491, 1239, 487, 2, 4, 1.1071487177940904, 4.47213595499958
204, 74, 703, 226, 705, 229, -2, -3, -2.158798930342464, 3.605551275463989
204, 75, 1261, 413, 1261, 411, 0, 2, 1.5707963267948966, 2.0
204, 78, 460, 30, 461, 33, -1, -3, -1.892546881191539, 3.1622776601683795
204, 80, 801, 370, 801, 367, 0, 3, 1.5707963267948966, 3.0
204, 81, 682, 385, 681, 381, 1, 4, 1.3258176636680326, 4.123105625617661
204, 82, 728, 222, 729, 224, -1, -2, -2.0344439357957027, 2.23606797749979
204, 84, 519, 645, 520, 649, -1, -4, -1.8157749899217608, 4.123105625617661
204, 85, 144, 110, 144, 108, 0, 2, 1.5707963267948966, 2.0
204, 86, 144, 84, 145, 83, -1, 1, 2.356194490192345, 1.4142135623730951
204, 87, 1216, 242, 1215, 240, 1, 2, 1.1071487177940904, 2.23606797749979
204, 88, 1177, 288, 1176, 286, 1, 2, 1.1071487177940904, 2.23606797749979
204, 89, 819, 316, 818, 314, 1, 2, 1.1071487177940904, 2.23606797749979
204, 90, 812, 316, 811, 314, 1, 2, 1.1071487177940904, 2.23606797749979
204, 92, 472, 29, 473, 32, -1, -3, -1.892546881191539, 3.1622776601683795
204, 93, 669, 375, 668, 371, 1, 4, 1.3258176636680326, 4.123105625617661
204, 94, 1040, 114, 1042, 118, -2, -4, -2.0344439357957027, 4.47213595499958
204, 95, 148, 59, 149, 57, -1, 2, 2.0344439357957027, 2.23606797749979
204, 96, 677, 375, 676, 371, 1, 4, 1.3258176636680326, 4.123105625617661
204, 97, 653, 418, 652, 414, 1, 4, 1.3258176636680326, 4.123105625617661
204, 98, 794, 380, 794, 377, 0, 3, 1.5707963267948966, 3.0
204, 100, 480, 270, 480, 273, 0, -3, -1.5707963267948966, 3.0
204, 101, 825, 366, 825, 363, 0, 3, 1.5707963267948966, 3.0
204, 102, 673, 541, 674, 538, -1, 3, 1.892546881191539, 3.1622776601683795
204, 104, 646, 559, 646, 555, 0, 4, 1.5707963267948966, 4.0
204, 105, 862, 227, 862, 232, 0, -5, -1.5707963267948966, 5.0
204, 107, 816, 83, 816, 85, 0, -2, -1.5707963267948966, 2.0
204, 108, 372, 45, 370, 45, 2, 0, 0.0, 2.0
204, 110, 378, 588, 378, 584, 0, 4, 1.5707963267948966, 4.0
204, 111, 1232, 192, 1233, 191, -1, 1, 2.356194490192345, 1.4142135623730951
204, 112, 798, 77, 798, 80, 0, -3, -1.5707963267948966, 3.0
204, 115, 516, 679, 516, 682, 0, -3, -1.5707963267948966, 3.0
204, 117, 509, 330, 510, 336, -1, -6, -1.7359450042095235, 6.082762530298219
204, 118, 374, 489, 375, 487, -1, 2, 2.0344439357957027, 2.23606797749979
204, 119, 467, 292, 467, 295, 0, -3, -1.5707963267948966, 3.0
204, 120, 693, 215, 694, 218, -1, -3, -1.892546881191539, 3.1622776601683795
204, 121, 1044, 71, 1046, 74, -2, -3, -2.158798930342464, 3.605551275463989
204, 122, 742, 162, 742, 164, 0, -2, -1.5707963267948966, 2.0
204, 125, 524, 641, 525, 645, -1, -4, -1.8157749899217608, 4.123105625617661
204, 129, 701, 215, 703, 218, -2, -3, -2.158798930342464, 3.605551275463989
204, 130, 82, 521, 80, 519, 2, 2, 0.7853981633974483, 2.8284271247461903
204, 133, 465, 358, 464, 362, 1, -4, -1.3258176636680326, 4.123105625617661
204, 134, 708, 173, 709, 177, -1, -4, -1.8157749899217608, 4.123105625617661
204, 135, 84, 499, 83, 497, 1, 2, 1.1071487177940904, 2.23606797749979
204, 136, 852, 269, 852, 274, 0, -5, -1.5707963267948966, 5.0
205, 0, 857, 226, 857, 231, 0, -5, -1.5707963267948966, 5.0
205, 1, 844, 226, 845, 231, -1, -5, -1.7681918866447774, 5.0990195135927845
205, 4, 1038, 76, 1040, 79, -2, -3, -2.158798930342464, 3.605551275463989
205, 5, 492, 288, 492, 292, 0, -4, -1.5707963267948966, 4.0
205, 7, 375, 14, 372, 14, 3, 0, 0.0, 3.0
205, 8, 517, 683, 517, 687, 0, -4, -1.5707963267948966, 4.0
205, 9, 410, 629, 410, 623, 0, 6, 1.5707963267948966, 6.0
205, 10, 365, 594, 365, 590, 0, 4, 1.5707963267948966, 4.0
205, 11, 470, 27, 471, 30, -1, -3, -1.892546881191539, 3.1622776601683795
205, 12, 821, 326, 820, 323, 1, 3, 1.2490457723982544, 3.1622776601683795
205, 14, 373, 23, 370, 23, 3, 0, 0.0, 3.0
205, 15, 188, 699, 187, 695, 1, 4, 1.3258176636680326, 4.123105625617661
205, 17, 464, 359, 463, 363, 1, -4, -1.3258176636680326, 4.123105625617661
205, 18, 1243, 472, 1243, 470, 0, 2, 1.5707963267948966, 2.0
205, 21, 1047, 129, 1048, 131, -1, -2, -2.0344439357957027, 2.23606797749979
205, 22, 480, 290, 480, 293, 0, -3, -1.5707963267948966, 3.0
205, 23, 703, 239, 704, 243, -1, -4, -1.8157749899217608, 4.123105625617661
205, 24, 615, 169, 615, 166, 0, 3, 1.5707963267948966, 3.0
205, 27, 169, 701, 168, 704, 1, -3, -1.2490457723982544, 3.1622776601683795
205, 28, 1047, 88, 1048, 91, -1, -3, -1.892546881191539, 3.1622776601683795
205, 29, 658, 456, 658, 453, 0, 3, 1.5707963267948966, 3.0
205, 30, 1019, 123, 1021, 126, -2, -3, -2.158798930342464, 3.605551275463989
205, 31, 1036, 87, 1037, 90, -1, -3, -1.892546881191539, 3.1622776601683795
205, 34, 384, 73, 382, 73, 2, 0, 0.0, 2.0
205, 35, 1215, 241, 1215, 239, 0, 2, 1.5707963267948966, 2.0
205, 36, 687, 390, 686, 386, 1, 4, 1.3258176636680326, 4.123105625617661
205, 37, 336, 493, 337, 490, -1, 3, 1.892546881191539, 3.1622776601683795
205, 41, 700, 230, 702, 234, -2, -4, -2.0344439357957027, 4.47213595499958
205, 43, 396, 619, 398, 616, -2, 3, 2.158798930342464, 3.605551275463989
205, 44, 853, 214, 853, 219, 0, -5, -1.5707963267948966, 5.0
205, 45, 91, 527, 89, 525, 2, 2, 0.7853981633974483, 2.8284271247461903
205, 47, 507, 321, 508, 328, -1, -7, -1.7126933813990606, 7.0710678118654755
205, 48, 683, 384, 682, 380, 1, 4, 1.3258176636680326, 4.123105625617661
205, 50, 1207, 253, 1207, 251, 0, 2, 1.5707963267948966, 2.0
205, 53, 735, 143, 735, 147, 0, -4, -1.5707963267948966, 4.0
205, 54, 1213, 161, 1212, 160, 1, 1, 0.7853981633974483, 1.4142135623730951
205, 57, 464, 337, 464, 340, 0, -3, -1.5707963267948966, 3.0
205, 58, 350, 527, 351, 524, -1, 3, 1.892546881191539, 3.1622776601683795
205, 60, 174, 93, 175, 92, -1, 1, 2.356194490192345, 1.4142135623730951
205, 61, 806, 321, 805, 318, 1, 3, 1.2490457723982544, 3.1622776601683795
205, 62, 668, 384, 666, 381, 2, 3, 0.982793723247329, 3.605551275463989
205, 63, 354, 534, 355, 530, -1, 4, 1.8157749899217608, 4.123105625617661
205, 65, 476, 371, 476, 375, 0, -4, -1.5707963267948966, 4.0
205, 67, 145, 109, 145, 107, 0, 2, 1.5707963267948966, 2.0
205, 71, 624, 540, 625, 539, -1, 1, 2.356194490192345, 1.4142135623730951
205, 73, 1238, 496, 1236, 491, 2, 5, 1.1902899496825317, 5.385164807134504
205, 77, 381, 593, 382, 589, -1, 4, 1.8157749899217608, 4.123105625617661
205, 80, 520, 643, 521, 647, -1, -4, -1.8157749899217608, 4.123105625617661
205, 82, 693, 233, 695, 237, -2, -4, -2.0344439357957027, 4.47213595499958
205, 84, 471, 366, 470, 370, 1, -4, -1.3258176636680326, 4.123105625617661
205, 86, 814, 47, 814, 49, 0, -2, -1.5707963267948966, 2.0
205, 87, 673, 453, 673, 450, 0, 3, 1.5707963267948966, 3.0
205, 88, 654, 417, 653, 414, 1, 3, 1.2490457723982544, 3.1622776601683795
205, 89, 834, 271, 835, 276, -1, -5, -1.7681918866447774, 5.0990195135927845
205, 92, 833, 265, 832, 269, 1, -4, -1.3258176636680326, 4.123105625617661
205, 93, 533, 613, 534, 621, -1, -8, -1.695151321341658, 8.06225774829855
205, 94, 373, 495, 374, 492, -1, 3, 1.892546881191539, 3.1622776601683795
205, 95, 709, 233, 710, 237, -1, -4, -1.8157749899217608, 4.123105625617661
205, 97, 475, 110, 475, 112, 0, -2, -1.5707963267948966, 2.0
205, 99, 148, 84, 148, 82, 0, 2, 1.5707963267948966, 2.0
205, 100, 485, 27, 485, 30, 0, -3, -1.5707963267948966, 3.0
205, 101, 1218, 215, 1218, 213, 0, 2, 1.5707963267948966, 2.0
205, 102, 1046, 78, 1048, 81, -2, -3, -2.158798930342464, 3.605551275463989
205, 103, 704, 220, 706, 224, -2, -4, -2.0344439357957027, 4.47213595499958
205, 104, 501, 296, 502, 300, -1, -4, -1.8157749899217608, 4.123105625617661
205, 105, 863, 232, 863, 237, 0, -5, -1.5707963267948966, 5.0
205, 106, 641, 609, 642, 601, -1, 8, 1.695151321341658, 8.06225774829855
205, 107, 1261, 418, 1274, 415, -13, 3, 2.9147938055359073, 13.341664064126334
205, 108, 840, 317, 841, 323, -1, -6, -1.7359450042095235, 6.082762530298219
205, 109, 819, 316, 818, 313, 1, 3, 1.2490457723982544, 3.1622776601683795
205, 110, 462, 37, 463, 39, -1, -2, -2.0344439357957027, 2.23606797749979
205, 116, 376, 72, 374, 72, 2, 0, 0.0, 2.0
205, 117, 672, 376, 670, 372, 2, 4, 1.1071487177940904, 4.47213595499958
205, 118, 1177, 295, 1176, 293, 1, 2, 1.1071487177940904, 2.23606797749979
205, 119, 555, 698, 555, 702, 0, -4, -1.5707963267948966, 4.0
205, 120, 482, 279, 483, 282, -1, -3, -1.892546881191539, 3.1622776601683795
205, 122, 35, 526, 33, 525, 2, 1, 0.4636476090008061, 2.23606797749979
205, 124, 473, 35, 474, 38, -1, -3, -1.892546881191539, 3.1622776601683795
205, 128, 560, 689, 560, 693, 0, -4, -1.5707963267948966, 4.0
205, 130, 823, 366, 823, 363, 0, 3, 1.5707963267948966, 3.0
205, 131, 331, 487, 332, 484, -1, 3, 1.892546881191539, 3.1622776601683795
205, 132, 98, 522, 96, 520, 2, 2, 0.7853981633974483, 2.8284271247461903
205, 133, 704, 311, 704, 314, 0, -3, -1.5707963267948966, 3.0
205, 134, 517, 670, 517, 675, 0, -5, -1.5707963267948966, 5.0
205, 136, 811, 316, 810, 313, 1, 3, 1.2490457723982544, 3.1622776601683795
205, 140, 695, 220, 697, 224, -2, -4, -2.0344439357957027, 4.47213595499958
205, 141, 825, 77, 825, 79, 0, -2, -1.5707963267948966, 2.0
205, 142, 693, 434, 692, 431, 1, 3, 1.2490457723982544, 3.1622776601683795
205, 143, 1117, 22, 1115, 22, 2, 0, 0.0, 2.0
205, 144, 676, 551, 677, 548, -1, 3, 1.892546881191539, 3.1622776601683795
205, 148, 820, 64, 819, 66, 1, -2, -1.1071487177940904, 2.23606797749979
205, 149, 151, 58, 152, 56, -1, 2, 2.0344439357957027, 2.23606797749979
205, 151, 367, 469, 368, 466, -1, 3, 1.892546881191539, 3.1622776601683795
205, 152, 608, 210, 608, 207, 0, 3, 1.5707963267948966, 3.0
206, 0, 856, 221, 857, 226, -1, -5, -1.7681918866447774, 5.0990195135927845
206, 1, 843, 222, 844, 226, -1, -4, -1.8157749899217608, 4.123105625617661
206, 4, 1036, 73, 1038, 76, -2, -3, -2.158798930342464, 3.605551275463989
206, 5, 492, 285, 492, 288, 0, -3, -1.5707963267948966, 3.0
206, 7, 378, 14, 375, 14, 3, 0, 0.0, 3.0
206, 8, 516, 679, 517, 683, -1, -4, -1.8157749899217608, 4.123105625617661
206, 9, 409, 634, 410, 629, -1, 5, 1.7681918866447774, 5.0990195135927845
206, 10, 364, 598, 365, 594, -1, 4, 1.8157749899217608, 4.123105625617661
206, 11, 469, 25, 470, 27, -1, -2, -2.0344439357957027, 2.23606797749979
206, 12, 821, 329, 821, 326, 0, 3, 1.5707963267948966, 3.0
206, 14, 376, 23, 373, 23, 3, 0, 0.0, 3.0
206, 15, 188, 701, 188, 699, 0, 2, 1.5707963267948966, 2.0
206, 17, 465, 355, 464, 359, 1, -4, -1.3258176636680326, 4.123105625617661
206, 21, 1046, 126, 1047, 129, -1, -3, -1.892546881191539, 3.1622776601683795
206, 22, 479, 287, 480, 290, -1, -3, -1.892546881191539, 3.1622776601683795
206, 23, 702, 235, 703, 239, -1, -4, -1.8157749899217608, 4.123105625617661
206, 24, 615, 172, 615, 169, 0, 3, 1.5707963267948966, 3.0
206, 28, 1045, 85, 1047, 88, -2, -3, -2.158798930342464, 3.605551275463989
206, 29, 658, 459, 658, 456, 0, 3, 1.5707963267948966, 3.0
206, 30, 1018, 120, 1019, 123, -1, -3, -1.892546881191539, 3.1622776601683795
206, 31, 1034, 84, 1036, 87, -2, -3, -2.158798930342464, 3.605551275463989
206, 35, 1215, 243, 1215, 241, 0, 2, 1.5707963267948966, 2.0
206, 36, 688, 394, 687, 390, 1, 4, 1.3258176636680326, 4.123105625617661
206, 37, 334, 496, 336, 493, -2, 3, 2.158798930342464, 3.605551275463989
206, 41, 698, 226, 700, 230, -2, -4, -2.0344439357957027, 4.47213595499958
206, 43, 396, 624, 396, 619, 0, 5, 1.5707963267948966, 5.0
206, 44, 853, 209, 853, 214, 0, -5, -1.5707963267948966, 5.0
206, 45, 93, 529, 91, 527, 2, 2, 0.7853981633974483, 2.8284271247461903
206, 47, 506, 315, 507, 321, -1, -6, -1.7359450042095235, 6.082762530298219
206, 48, 684, 388, 683, 384, 1, 4, 1.3258176636680326, 4.123105625617661
206, 50, 1207, 255, 1207, 253, 0, 2, 1.5707963267948966, 2.0
206, 53, 735, 140, 735, 143, 0, -3, -1.5707963267948966, 3.0
206, 54, 1214, 162, 1213, 161, 1, 1, 0.7853981633974483, 1.4142135623730951
206, 57, 465, 333, 464, 337, 1, -4, -1.3258176636680326, 4.123105625617661
206, 58, 349, 531, 350, 527, -1, 4, 1.8157749899217608, 4.123105625617661
206, 60, 173, 94, 174, 93, -1, 1, 2.356194490192345, 1.4142135623730951
206, 61, 806, 325, 806, 321, 0, 4, 1.5707963267948966, 4.0
206, 62, 670, 387, 668, 384, 2, 3, 0.982793723247329, 3.605551275463989
206, 63, 353, 537, 354, 534, -1, 3, 1.892546881191539, 3.1622776601683795
206, 65, 477, 367, 476, 371, 1, -4, -1.3258176636680326, 4.123105625617661
206, 67, 145, 111, 145, 109, 0, 2, 1.5707963267948966, 2.0
206, 68, 1216, 206, 1216, 204, 0, 2, 1.5707963267948966, 2.0
206, 71, 623, 542, 624, 540, -1, 2, 2.0344439357957027, 2.23606797749979
206, 73, 1240, 500, 1238, 496, 2, 4, 1.1071487177940904, 4.47213595499958
206, 77, 380, 597, 381, 593, -1, 4, 1.8157749899217608, 4.123105625617661
206, 80, 519, 638, 520, 643, -1, -5, -1.7681918866447774, 5.0990195135927845
206, 82, 692, 229, 693, 233, -1, -4, -1.8157749899217608, 4.123105625617661
206, 84, 472, 362, 471, 366, 1, -4, -1.3258176636680326, 4.123105625617661
206, 87, 673, 455, 673, 453, 0, 2, 1.5707963267948966, 2.0
206, 88, 655, 421, 654, 417, 1, 4, 1.3258176636680326, 4.123105625617661
206, 89, 834, 266, 834, 271, 0, -5, -1.5707963267948966, 5.0
206, 90, 808, 398, 809, 397, -1, 1, 2.356194490192345, 1.4142135623730951
206, 91, 751, 49, 753, 49, -2, 0, 3.141592653589793, 2.0
206, 92, 834, 261, 833, 265, 1, -4, -1.3258176636680326, 4.123105625617661
206, 93, 532, 606, 533, 613, -1, -7, -1.7126933813990606, 7.0710678118654755
206, 94, 372, 498, 373, 495, -1, 3, 1.892546881191539, 3.1622776601683795
206, 95, 708, 229, 709, 233, -1, -4, -1.8157749899217608, 4.123105625617661
206, 97, 474, 108, 475, 110, -1, -2, -2.0344439357957027, 2.23606797749979
206, 99, 147, 86, 148, 84, -1, 2, 2.0344439357957027, 2.23606797749979
206, 100, 485, 24, 485, 27, 0, -3, -1.5707963267948966, 3.0
206, 101, 1218, 217, 1218, 215, 0, 2, 1.5707963267948966, 2.0
206, 102, 1044, 75, 1046, 78, -2, -3, -2.158798930342464, 3.605551275463989
206, 103, 702, 216, 704, 220, -2, -4, -2.0344439357957027, 4.47213595499958
206, 104, 500, 292, 501, 296, -1, -4, -1.8157749899217608, 4.123105625617661
206, 105, 862, 227, 863, 232, -1, -5, -1.7681918866447774, 5.0990195135927845
206, 106, 640, 614, 641, 609, -1, 5, 1.7681918866447774, 5.0990195135927845
206, 107, 1261, 421, 1261, 418, 0, 3, 1.5707963267948966, 3.0
206, 108, 839, 311, 840, 317, -1, -6, -1.7359450042095235, 6.082762530298219
206, 109, 819, 320, 819, 316, 0, 4, 1.5707963267948966, 4.0
206, 110, 462, 35, 462, 37, 0, -2, -1.5707963267948966, 2.0
206, 117, 674, 379, 672, 376, 2, 3, 0.982793723247329, 3.605551275463989
206, 118, 1179, 299, 1177, 295, 2, 4, 1.1071487177940904, 4.47213595499958
206, 119, 556, 694, 555, 698, 1, -4, -1.3258176636680326, 4.123105625617661
206, 120, 481, 276, 482, 279, -1, -3, -1.892546881191539, 3.1622776601683795
206, 122, 39, 526, 35, 526, 4, 0, 0.0, 4.0
206, 124, 472, 33, 473, 35, -1, -2, -2.0344439357957027, 2.23606797749979
206, 128, 561, 685, 560, 689, 1, -4, -1.3258176636680326, 4.123105625617661
206, 130, 823, 368, 823, 366, 0, 2, 1.5707963267948966, 2.0
206, 131, 330, 490, 331, 487, -1, 3, 1.892546881191539, 3.1622776601683795
206, 132, 100, 524, 98, 522, 2, 2, 0.7853981633974483, 2.8284271247461903
206, 133, 704, 307, 704, 311, 0, -4, -1.5707963267948966, 4.0
206, 134, 516, 666, 517, 670, -1, -4, -1.8157749899217608, 4.123105625617661
206, 136, 811, 320, 811, 316, 0, 4, 1.5707963267948966, 4.0
206, 139, 846, 302, 846, 304, 0, -2, -1.5707963267948966, 2.0
206, 140, 693, 216, 695, 220, -2, -4, -2.0344439357957027, 4.47213595499958
206, 142, 694, 437, 693, 434, 1, 3, 1.2490457723982544, 3.1622776601683795
206, 144, 675, 554, 676, 551, -1, 3, 1.892546881191539, 3.1622776601683795
206, 147, 820, 62, 820, 64, 0, -2, -1.5707963267948966, 2.0
206, 148, 150, 59, 151, 58, -1, 1, 2.356194490192345, 1.4142135623730951
206, 150, 366, 472, 367, 469, -1, 3, 1.892546881191539, 3.1622776601683795
206, 151, 608, 213, 608, 210, 0, 3, 1.5707963267948966, 3.0
207, 0, 855, 217, 856, 221, -1, -4, -1.8157749899217608, 4.123105625617661
207, 1, 841, 218, 843, 222, -2, -4, -2.0344439357957027, 4.47213595499958
207, 2, 170, 102, 171, 100, -1, 2, 2.0344439357957027, 2.23606797749979
207, 4, 1032, 69, 1036, 73, -4, -4, -2.356194490192345, 5.656854249492381
207, 5, 491, 281, 492, 285, -1, -4, -1.8157749899217608, 4.123105625617661
207, 7, 381, 15, 378, 14, 3, 1, 0.3217505543966422, 3.1622776601683795
207, 8, 516, 675, 516, 679, 0, -4, -1.5707963267948966, 4.0
207, 9, 408, 637, 409, 634, -1, 3, 1.892546881191539, 3.1622776601683795
207, 10, 363, 601, 364, 598, -1, 3, 1.892546881191539, 3.1622776601683795
207, 11, 468, 22, 469, 25, -1, -3, -1.892546881191539, 3.1622776601683795
207, 12, 821, 332, 821, 329, 0, 3, 1.5707963267948966, 3.0
207, 14, 379, 23, 376, 23, 3, 0, 0.0, 3.0
207, 17, 466, 351, 465, 355, 1, -4, -1.3258176636680326, 4.123105625617661
207, 21, 1044, 122, 1046, 126, -2, -4, -2.0344439357957027, 4.47213595499958
207, 22, 478, 282, 479, 287, -1, -5, -1.7681918866447774, 5.0990195135927845
207, 23, 701, 231, 702, 235, -1, -4, -1.8157749899217608, 4.123105625617661
207, 24, 615, 176, 615, 172, 0, 4, 1.5707963267948966, 4.0
207, 27, 173, 701, 170, 701, 3, 0, 0.0, 3.0
207, 28, 1041, 81, 1045, 85, -4, -4, -2.356194490192345, 5.656854249492381
207, 29, 657, 461, 658, 459, -1, 2, 2.0344439357957027, 2.23606797749979
207, 30, 1016, 117, 1018, 120, -2, -3, -2.158798930342464, 3.605551275463989
207, 31, 1030, 80, 1034, 84, -4, -4, -2.356194490192345, 5.656854249492381
207, 32, 1260, 529, 1260, 527, 0, 2, 1.5707963267948966, 2.0
207, 33, 772, 17, 774, 17, -2, 0, 3.141592653589793, 2.0
207, 35, 1216, 247, 1215, 243, 1, 4, 1.3258176636680326, 4.123105625617661
207, 36, 689, 397, 688, 394, 1, 3, 1.2490457723982544, 3.1622776601683795
207, 37, 332, 499, 334, 496, -2, 3, 2.158798930342464, 3.605551275463989
207, 41, 697, 221, 698, 226, -1, -5, -1.7681918866447774, 5.0990195135927845
207, 43, 397, 629, 396, 624, 1, 5, 1.373400766945016, 5.0990195135927845
207, 44, 852, 205, 853, 209, -1, -4, -1.8157749899217608, 4.123105625617661
207, 45, 95, 530, 93, 529, 2, 1, 0.4636476090008061, 2.23606797749979
207, 46, 313, 391, 315, 391, -2, 0, 3.141592653589793, 2.0
207, 47, 505, 309, 506, 315, -1, -6, -1.7359450042095235, 6.082762530298219
207, 48, 686, 391, 684, 388, 2, 3, 0.982793723247329, 3.605551275463989
207, 50, 1207, 259, 1207, 255, 0, 4, 1.5707963267948966, 4.0
207, 53, 735, 135, 735, 140, 0, -5, -1.5707963267948966, 5.0
207, 54, 1214, 164, 1214, 162, 0, 2, 1.5707963267948966, 2.0
207, 57, 465, 328, 465, 333, 0, -5, -1.5707963267948966, 5.0
207, 58, 346, 533, 349, 531, -3, 2, 2.5535900500422257, 3.605551275463989
207, 60, 172, 96, 173, 94, -1, 2, 2.0344439357957027, 2.23606797749979
207, 61, 807, 328, 806, 325, 1, 3, 1.2490457723982544, 3.1622776601683795
207, 62, 672, 390, 670, 387, 2, 3, 0.982793723247329, 3.605551275463989
207, 63, 351, 540, 353, 537, -2, 3, 2.158798930342464, 3.605551275463989
207, 65, 479, 364, 477, 367, 2, -3, -0.982793723247329, 3.605551275463989
207, 66, 1259, 116, 1258, 113, 1, 3, 1.2490457723982544, 3.1622776601683795
207, 67, 145, 114, 145, 111, 0, 3, 1.5707963267948966, 3.0
207, 68, 1217, 210, 1216, 206, 1, 4, 1.3258176636680326, 4.123105625617661
207, 71, 622, 546, 623, 542, -1, 4, 1.8157749899217608, 4.123105625617661
207, 72, 1217, 124, 1217, 122, 0, 2, 1.5707963267948966, 2.0
207, 73, 1242, 494, 1240, 500, 2, -6, -1.2490457723982544, 6.324555320336759
207, 76, 610, 254, 612, 254, -2, 0, 3.141592653589793, 2.0
207, 77, 379, 600, 380, 597, -1, 3, 1.892546881191539, 3.1622776601683795
207, 78, 386, 690, 385, 691, 1, -1, -0.7853981633974483, 1.4142135623730951
207, 80, 519, 633, 519, 638, 0, -5, -1.5707963267948966, 5.0
207, 82, 692, 226, 692, 229, 0, -3, -1.5707963267948966, 3.0
207, 84, 474, 358, 472, 362, 2, -4, -1.1071487177940904, 4.47213595499958
207, 87, 673, 458, 673, 455, 0, 3, 1.5707963267948966, 3.0
207, 88, 657, 423, 655, 421, 2, 2, 0.7853981633974483, 2.8284271247461903
207, 90, 808, 401, 808, 398, 0, 3, 1.5707963267948966, 3.0
207, 91, 748, 48, 751, 49, -3, -1, -2.819842099193151, 3.1622776601683795
207, 92, 835, 262, 834, 261, 1, 1, 0.7853981633974483, 1.4142135623730951
207, 93, 530, 598, 532, 606, -2, -8, -1.8157749899217608, 8.246211251235321
207, 94, 371, 500, 372, 498, -1, 2, 2.0344439357957027, 2.23606797749979
207, 95, 706, 225, 708, 229, -2, -4, -2.0344439357957027, 4.47213595499958
207, 97, 474, 106, 474, 108, 0, -2, -1.5707963267948966, 2.0
207, 99, 146, 89, 147, 86, -1, 3, 1.892546881191539, 3.1622776601683795
207, 100, 485, 19, 485, 24, 0, -5, -1.5707963267948966, 5.0
207, 101, 1219, 220, 1218, 217, 1, 3, 1.2490457723982544, 3.1622776601683795
207, 102, 1040, 71, 1044, 75, -4, -4, -2.356194490192345, 5.656854249492381
207, 103, 701, 211, 702, 216, -1, -5, -1.7681918866447774, 5.0990195135927845
207, 104, 500, 288, 500, 292, 0, -4, -1.5707963267948966, 4.0
207, 105, 862, 223, 862, 227, 0, -4, -1.5707963267948966, 4.0
207, 106, 641, 622, 640, 614, 1, 8, 1.446441332248135, 8.06225774829855
207, 107, 1261, 423, 1261, 421, 0, 2, 1.5707963267948966, 2.0
207, 108, 838, 309, 839, 311, -1, -2, -2.0344439357957027, 2.23606797749979
207, 109, 819, 323, 819, 320, 0, 3, 1.5707963267948966, 3.0
207, 110, 461, 33, 462, 35, -1, -2, -2.0344439357957027, 2.23606797749979
207, 112, 566, 62, 566, 64, 0, -2, -1.5707963267948966, 2.0
207, 113, 286, 309, 284, 309, 2, 0, 0.0, 2.0
207, 114, 32, 116, 34, 116, -2, 0, 3.141592653589793, 2.0
207, 117, 676, 382, 674, 379, 2, 3, 0.982793723247329, 3.605551275463989
207, 118, 1181, 299, 1179, 299, 2, 0, 0.0, 2.0
207, 119, 556, 691, 556, 694, 0, -3, -1.5707963267948966, 3.0
207, 120, 480, 271, 481, 276, -1, -5, -1.7681918866447774, 5.0990195135927845
207, 122, 42, 526, 39, 526, 3, 0, 0.0, 3.0
207, 123, 1234, 193, 1235, 192, -1, 1, 2.356194490192345, 1.4142135623730951
207, 124, 471, 30, 472, 33, -1, -3, -1.892546881191539, 3.1622776601683795
207, 128, 562, 682, 561, 685, 1, -3, -1.2490457723982544, 3.1622776601683795
207, 130, 824, 370, 823, 368, 1, 2, 1.1071487177940904, 2.23606797749979
207, 131, 329, 493, 330, 490, -1, 3, 1.892546881191539, 3.1622776601683795
207, 132, 102, 525, 100, 524, 2, 1, 0.4636476090008061, 2.23606797749979
207, 133, 703, 302, 704, 307, -1, -5, -1.7681918866447774, 5.0990195135927845
207, 134, 516, 661, 516, 666, 0, -5, -1.5707963267948966, 5.0
207, 136, 811, 323, 811, 320, 0, 3, 1.5707963267948966, 3.0
207, 137, 375, 55, 374, 57, 1, -2, -1.1071487177940904, 2.23606797749979
207, 138, 1232, 115, 1232, 113, 0, 2, 1.5707963267948966, 2.0
207, 139, 846, 300, 846, 302, 0, -2, -1.5707963267948966, 2.0
207, 140, 692, 212, 693, 216, -1, -4, -1.8157749899217608, 4.123105625617661
207, 141, 826, 74, 825, 76, 1, -2, -1.1071487177940904, 2.23606797749979
207, 142, 696, 438, 694, 437, 2, 1, 0.4636476090008061, 2.23606797749979
207, 143, 1116, 21, 1118, 22, -2, -1, -2.677945044588987, 2.23606797749979
207, 144, 675, 557, 675, 554, 0, 3, 1.5707963267948966, 3.0
207, 147, 822, 60, 820, 62, 2, -2, -0.7853981633974483, 2.8284271247461903
207, 148, 147, 62, 150, 59, -3, 3, 2.356194490192345, 4.242640687119285
207, 150, 362, 474, 366, 472, -4, 2, 2.677945044588987, 4.47213595499958
207, 151, 607, 215, 608, 213, -1, 2, 2.0344439357957027, 2.23606797749979
208, 0, 854, 213, 855, 217, -1, -4, -1.8157749899217608, 4.123105625617661
208, 1, 840, 214, 841, 218, -1, -4, -1.8157749899217608, 4.123105625617661
208, 2, 169, 103, 170, 102, -1, 1, 2.356194490192345, 1.4142135623730951
208, 4, 1030, 68, 1032, 69, -2, -1, -2.677945044588987, 2.23606797749979
208, 5, 490, 278, 491, 281, -1, -3, -1.892546881191539, 3.1622776601683795
208, 7, 384, 15, 381, 15, 3, 0, 0.0, 3.0
208, 8, 516, 672, 516, 675, 0, -3, -1.5707963267948966, 3.0
208, 9, 405, 642, 408, 637, -3, 5, 2.1112158270654806, 5.830951894845301
208, 10, 362, 605, 363, 601, -1, 4, 1.8157749899217608, 4.123105625617661
208, 11, 821, 336, 821, 332, 0, 4, 1.5707963267948966, 4.0
208, 12, 362, 548, 364, 548, -2, 0, 3.141592653589793, 2.0
208, 13, 382, 23, 379, 23, 3, 0, 0.0, 3.0
208, 16, 466, 348, 466, 351, 0, -3, -1.5707963267948966, 3.0
208, 20, 1042, 119, 1044, 122, -2, -3, -2.158798930342464, 3.605551275463989
208, 21, 477, 279, 478, 282, -1, -3, -1.892546881191539, 3.1622776601683795
208, 22, 700, 226, 701, 231, -1, -5, -1.7681918866447774, 5.0990195135927845
208, 23, 615, 179, 615, 176, 0, 3, 1.5707963267948966, 3.0
208, 26, 175, 701, 173, 701, 2, 0, 0.0, 2.0
208, 27, 1038, 79, 1041, 81, -3, -2, -2.5535900500422257, 3.605551275463989
208, 28, 657, 465, 657, 461, 0, 4, 1.5707963267948966, 4.0
208, 29, 1027, 79, 1030, 80, -3, -1, -2.819842099193151, 3.1622776601683795
208, 30, 1261, 532, 1260, 529, 1, 3, 1.2490457723982544, 3.1622776601683795
208, 32, 385, 71, 384, 72, 1, -1, -0.7853981633974483, 1.4142135623730951
208, 33, 1216, 250, 1216, 247, 0, 3, 1.5707963267948966, 3.0
208, 34, 691, 401, 689, 397, 2, 4, 1.1071487177940904, 4.47213595499958
208, 35, 331, 502, 332, 499, -1, 3, 1.892546881191539, 3.1622776601683795
208, 39, 697, 216, 697, 221, 0, -5, -1.5707963267948966, 5.0
208, 41, 395, 632, 397, 629, -2, 3, 2.158798930342464, 3.605551275463989
208, 42, 850, 201, 852, 205, -2, -4, -2.0344439357957027, 4.47213595499958
208, 43, 97, 532, 95, 530, 2, 2, 0.7853981633974483, 2.8284271247461903
208, 45, 504, 305, 505, 309, -1, -4, -1.8157749899217608, 4.123105625617661
208, 46, 688, 395, 686, 391, 2, 4, 1.1071487177940904, 4.47213595499958
208, 48, 1207, 262, 1207, 259, 0, 3, 1.5707963267948966, 3.0
208, 51, 735, 133, 735, 135, 0, -2, -1.5707963267948966, 2.0
208, 55, 464, 326, 465, 328, -1, -2, -2.0344439357957027, 2.23606797749979
208, 56, 345, 538, 346, 533, -1, 5, 1.7681918866447774, 5.0990195135927845
208, 58, 171, 97, 172, 96, -1, 1, 2.356194490192345, 1.4142135623730951
208, 59, 807, 331, 807, 328, 0, 3, 1.5707963267948966, 3.0
208, 60, 674, 393, 672, 390, 2, 3, 0.982793723247329, 3.605551275463989
208, 61, 350, 545, 351, 540, -1, 5, 1.7681918866447774, 5.0990195135927845
208, 63, 480, 359, 479, 364, 1, -5, -1.373400766945016, 5.0990195135927845
208, 64, 1259, 118, 1259, 116, 0, 2, 1.5707963267948966, 2.0
208, 65, 144, 115, 145, 114, -1, 1, 2.356194490192345, 1.4142135623730951
208, 66, 1217, 213, 1217, 210, 0, 3, 1.5707963267948966, 3.0
208, 67, 1192, 302, 1191, 301, 1, 1, 0.7853981633974483, 1.4142135623730951
208, 69, 621, 550, 622, 546, -1, 4, 1.8157749899217608, 4.123105625617661
208, 71, 1244, 497, 1242, 494, 2, 3, 0.982793723247329, 3.605551275463989
208, 75, 378, 603, 379, 600, -1, 3, 1.892546881191539, 3.1622776601683795
208, 76, 387, 692, 386, 690, 1, 2, 1.1071487177940904, 2.23606797749979
208, 78, 518, 628, 519, 633, -1, -5, -1.7681918866447774, 5.0990195135927845
208, 80, 691, 221, 692, 226, -1, -5, -1.7681918866447774, 5.0990195135927845
208, 82, 475, 354, 474, 358, 1, -4, -1.3258176636680326, 4.123105625617661
208, 85, 673, 460, 673, 458, 0, 2, 1.5707963267948966, 2.0
208, 86, 659, 426, 657, 423, 2, 3, 0.982793723247329, 3.605551275463989
208, 87, 834, 267, 835, 266, -1, 1, 2.356194490192345, 1.4142135623730951
208, 88, 809, 402, 808, 401, 1, 1, 0.7853981633974483, 1.4142135623730951
208, 89, 746, 47, 748, 48, -2, -1, -2.677945044588987, 2.23606797749979
208, 91, 528, 592, 530, 598, -2, -6, -1.892546881191539, 6.324555320336759
208, 92, 371, 503, 371, 500, 0, 3, 1.5707963267948966, 3.0
208, 93, 705, 221, 706, 225, -1, -4, -1.8157749899217608, 4.123105625617661
208, 97, 145, 90, 146, 89, -1, 1, 2.356194490192345, 1.4142135623730951
208, 98, 485, 17, 485, 19, 0, -2, -1.5707963267948966, 2.0
208, 99, 1219, 223, 1219, 220, 0, 3, 1.5707963267948966, 3.0
208, 100, 1037, 70, 1040, 71, -3, -1, -2.819842099193151, 3.1622776601683795
208, 101, 700, 206, 701, 211, -1, -5, -1.7681918866447774, 5.0990195135927845
208, 102, 499, 285, 500, 288, -1, -3, -1.892546881191539, 3.1622776601683795
208, 103, 861, 218, 862, 223, -1, -5, -1.7681918866447774, 5.0990195135927845
208, 104, 642, 626, 641, 622, 1, 4, 1.3258176636680326, 4.123105625617661
208, 105, 1261, 425, 1261, 423, 0, 2, 1.5707963267948966, 2.0
208, 106, 837, 307, 838, 309, -1, -2, -2.0344439357957027, 2.23606797749979
208, 107, 819, 327, 819, 323, 0, 4, 1.5707963267948966, 4.0
208, 114, 678, 385, 676, 382, 2, 3, 0.982793723247329, 3.605551275463989
208, 115, 1182, 300, 1181, 299, 1, 1, 0.7853981633974483, 1.4142135623730951
208, 116, 556, 685, 556, 691, 0, -6, -1.5707963267948966, 6.0
208, 117, 479, 269, 480, 271, -1, -2, -2.0344439357957027, 2.23606797749979
208, 119, 45, 526, 42, 526, 3, 0, 0.0, 3.0
208, 124, 563, 677, 562, 682, 1, -5, -1.373400766945016, 5.0990195135927845
208, 126, 824, 372, 824, 370, 0, 2, 1.5707963267948966, 2.0
208, 127, 328, 496, 329, 493, -1, 3, 1.892546881191539, 3.1622776601683795
208, 128, 104, 527, 102, 525, 2, 2, 0.7853981633974483, 2.8284271247461903
208, 129, 702, 299, 703, 302, -1, -3, -1.892546881191539, 3.1622776601683795
208, 130, 516, 656, 516, 661, 0, -5, -1.5707963267948966, 5.0
208, 132, 811, 327, 811, 323, 0, 4, 1.5707963267948966, 4.0
208, 133, 376, 54, 375, 55, 1, -1, -0.7853981633974483, 1.4142135623730951
208, 135, 845, 298, 846, 300, -1, -2, -2.0344439357957027, 2.23606797749979
208, 136, 691, 207, 692, 212, -1, -5, -1.7681918866447774, 5.0990195135927845
208, 138, 697, 441, 696, 438, 1, 3, 1.2490457723982544, 3.1622776601683795
208, 140, 674, 560, 675, 557, -1, 3, 1.892546881191539, 3.1622776601683795
208, 141, 668, 473, 668, 471, 0, 2, 1.5707963267948966, 2.0
208, 143, 146, 63, 147, 62, -1, 1, 2.356194490192345, 1.4142135623730951
208, 145, 359, 477, 362, 474, -3, 3, 2.356194490192345, 4.242640687119285
208, 146, 607, 218, 607, 215, 0, 3, 1.5707963267948966, 3.0
209, 0, 853, 209, 854, 213, -1, -4, -1.8157749899217608, 4.123105625617661
209, 1, 839, 210, 840, 214, -1, -4, -1.8157749899217608, 4.123105625617661
209, 4, 1027, 66, 1030, 68, -3, -2, -2.5535900500422257, 3.605551275463989
209, 5, 489, 275, 490, 278, -1, -3, -1.892546881191539, 3.1622776601683795
209, 7, 387, 15, 384, 15, 3, 0, 0.0, 3.0
209, 8, 516, 669, 516, 672, 0, -3, -1.5707963267948966, 3.0
209, 9, 403, 649, 405, 642, -2, 7, 1.849095985800008, 7.280109889280518
209, 10, 361, 609, 362, 605, -1, 4, 1.8157749899217608, 4.123105625617661
209, 11, 821, 340, 821, 336, 0, 4, 1.5707963267948966, 4.0
209, 12, 360, 548, 362, 548, -2, 0, 3.141592653589793, 2.0
209, 13, 385, 23, 382, 23, 3, 0, 0.0, 3.0
209, 16, 466, 346, 466, 348, 0, -2, -1.5707963267948966, 2.0
209, 17, 1244, 474, 1243, 473, 1, 1, 0.7853981633974483, 1.4142135623730951
209, 20, 1041, 115, 1042, 119, -1, -4, -1.8157749899217608, 4.123105625617661
209, 21, 476, 276, 477, 279, -1, -3, -1.892546881191539, 3.1622776601683795
209, 22, 699, 221, 700, 226, -1, -5, -1.7681918866447774, 5.0990195135927845
209, 23, 615, 182, 615, 179, 0, 3, 1.5707963267948966, 3.0
209, 26, 178, 701, 175, 701, 3, 0, 0.0, 3.0
209, 27, 1036, 77, 1038, 79, -2, -2, -2.356194490192345, 2.8284271247461903
209, 28, 657, 468, 657, 465, 0, 3, 1.5707963267948966, 3.0
209, 29, 1025, 77, 1027, 79, -2, -2, -2.356194490192345, 2.8284271247461903
209, 30, 1261, 535, 1261, 532, 0, 3, 1.5707963267948966, 3.0
209, 32, 386, 70, 385, 71, 1, -1, -0.7853981633974483, 1.4142135623730951
209, 33, 1216, 253, 1216, 250, 0, 3, 1.5707963267948966, 3.0
209, 34, 693, 404, 691, 401, 2, 3, 0.982793723247329, 3.605551275463989
209, 35, 330, 505, 331, 502, -1, 3, 1.892546881191539, 3.1622776601683795
209, 39, 697, 211, 697, 216, 0, -5, -1.5707963267948966, 5.0
209, 42, 849, 197, 850, 201, -1, -4, -1.8157749899217608, 4.123105625617661
209, 43, 99, 534, 97, 532, 2, 2, 0.7853981633974483, 2.8284271247461903
209, 45, 503, 301, 504, 305, -1, -4, -1.8157749899217608, 4.123105625617661
209, 46, 689, 398, 688, 395, 1, 3, 1.2490457723982544, 3.1622776601683795
209, 48, 1207, 264, 1207, 262, 0, 2, 1.5707963267948966, 2.0
209, 51, 735, 131, 735, 133, 0, -2, -1.5707963267948966, 2.0
209, 55, 463, 324, 464, 326, -1, -2, -2.0344439357957027, 2.23606797749979
209, 56, 343, 541, 345, 538, -2, 3, 2.158798930342464, 3.605551275463989
209, 59, 807, 335, 807, 331, 0, 4, 1.5707963267948966, 4.0
209, 60, 676, 396, 674, 393, 2, 3, 0.982793723247329, 3.605551275463989
209, 61, 348, 547, 350, 545, -2, 2, 2.356194490192345, 2.8284271247461903
209, 63, 480, 355, 480, 359, 0, -4, -1.5707963267948966, 4.0
209, 64, 1259, 120, 1259, 118, 0, 2, 1.5707963267948966, 2.0
209, 65, 143, 116, 144, 115, -1, 1, 2.356194490192345, 1.4142135623730951
209, 66, 1217, 216, 1217, 213, 0, 3, 1.5707963267948966, 3.0
209, 67, 1193, 303, 1192, 302, 1, 1, 0.7853981633974483, 1.4142135623730951
209, 69, 620, 554, 621, 550, -1, 4, 1.8157749899217608, 4.123105625617661
209, 71, 1246, 500, 1244, 497, 2, 3, 0.982793723247329, 3.605551275463989
209, 74, 377, 606, 378, 603, -1, 3, 1.892546881191539, 3.1622776601683795
209, 75, 388, 694, 387, 692, 1, 2, 1.1071487177940904, 2.23606797749979
209, 77, 517, 623, 518, 628, -1, -5, -1.7681918866447774, 5.0990195135927845
209, 79, 690, 216, 691, 221, -1, -5, -1.7681918866447774, 5.0990195135927845
209, 81, 476, 351, 475, 354, 1, -3, -1.2490457723982544, 3.1622776601683795
209, 84, 673, 462, 673, 460, 0, 2, 1.5707963267948966, 2.0
209, 85, 661, 429, 659, 426, 2, 3, 0.982793723247329, 3.605551275463989
209, 86, 833, 268, 834, 267, -1, 1, 2.356194490192345, 1.4142135623730951
209, 88, 744, 46, 746, 47, -2, -1, -2.677945044588987, 2.23606797749979
209, 90, 527, 587, 528, 592, -1, -5, -1.7681918866447774, 5.0990195135927845
209, 91, 370, 506, 371, 503, -1, 3, 1.892546881191539, 3.1622776601683795
209, 92, 704, 216, 705, 221, -1, -5, -1.7681918866447774, 5.0990195135927845
209, 94, 474, 103, 474, 105, 0, -2, -1.5707963267948966, 2.0
209, 96, 144, 91, 145, 90, -1, 1, 2.356194490192345, 1.4142135623730951
209, 97, 485, 15, 485, 17, 0, -2, -1.5707963267948966, 2.0
209, 98, 1219, 225, 1219, 223, 0, 2, 1.5707963267948966, 2.0
209, 99, 1035, 68, 1037, 70, -2, -2, -2.356194490192345, 2.8284271247461903
209, 100, 700, 201, 700, 206, 0, -5, -1.5707963267948966, 5.0
209, 101, 498, 282, 499, 285, -1, -3, -1.892546881191539, 3.1622776601683795
209, 102, 860, 214, 861, 218, -1, -4, -1.8157749899217608, 4.123105625617661
209, 103, 642, 630, 642, 626, 0, 4, 1.5707963267948966, 4.0
209, 104, 1261, 427, 1261, 425, 0, 2, 1.5707963267948966, 2.0
209, 105, 837, 304, 837, 307, 0, -3, -1.5707963267948966, 3.0
209, 106, 819, 331, 819, 327, 0, 4, 1.5707963267948966, 4.0
209, 108, 565, 59, 566, 61, -1, -2, -2.0344439357957027, 2.23606797749979
209, 113, 680, 388, 678, 385, 2, 3, 0.982793723247329, 3.605551275463989
209, 114, 1183, 301, 1182, 300, 1, 1, 0.7853981633974483, 1.4142135623730951
209, 115, 556, 679, 556, 685, 0, -6, -1.5707963267948966, 6.0
209, 116, 478, 266, 479, 269, -1, -3, -1.892546881191539, 3.1622776601683795
209, 118, 48, 530, 45, 526, 3, 4, 0.9272952180016122, 5.0
209, 123, 563, 672, 563, 677, 0, -5, -1.5707963267948966, 5.0
209, 125, 824, 375, 824, 372, 0, 3, 1.5707963267948966, 3.0
209, 126, 327, 499, 328, 496, -1, 3, 1.892546881191539, 3.1622776601683795
209, 127, 106, 528, 104, 527, 2, 1, 0.4636476090008061, 2.23606797749979
209, 128, 701, 296, 702, 299, -1, -3, -1.892546881191539, 3.1622776601683795
209, 129, 516, 652, 516, 656, 0, -4, -1.5707963267948966, 4.0
209, 131, 811, 331, 811, 327, 0, 4, 1.5707963267948966, 4.0
209, 132, 377, 53, 376, 54, 1, -1, -0.7853981633974483, 1.4142135623730951
209, 134, 690, 202, 691, 207, -1, -5, -1.7681918866447774, 5.0990195135927845
209, 135, 827, 72, 826, 73, 1, -1, -0.7853981633974483, 1.4142135623730951
209, 136, 698, 445, 697, 441, 1, 4, 1.3258176636680326, 4.123105625617661
209, 138, 673, 564, 674, 560, -1, 4, 1.8157749899217608, 4.123105625617661
209, 139, 668, 475, 668, 473, 0, 2, 1.5707963267948966, 2.0
209, 140, 824, 59, 823, 60, 1, -1, -0.7853981633974483, 1.4142135623730951
209, 143, 356, 479, 359, 477, -3, 2, 2.5535900500422257, 3.605551275463989
209, 144, 607, 221, 607, 218, 0, 3, 1.5707963267948966, 3.0
210, 0, 854, 215, 855, 218, -1, -3, -1.892546881191539, 3.1622776601683795
210, 1, 491, 281, 492, 284, -1, -3, -1.892546881191539, 3.1622776601683795
210, 2, 334, 506, 335, 503, -1, 3, 1.892546881191539, 3.1622776601683795
210, 4, 362, 607, 363, 603, -1, 4, 1.8157749899217608, 4.123105625617661
210, 5, 1032, 73, 1035, 74, -3, -1, -2.819842099193151, 3.1622776601683795
210, 6, 566, 665, 566, 669, 0, -4, -1.5707963267948966, 4.0
210, 8, 843, 215, 844, 218, -1, -3, -1.892546881191539, 3.1622776601683795
210, 9, 468, 349, 467, 351, 1, -2, -1.1071487177940904, 2.23606797749979
210, 11, 513, 675, 513, 677, 0, -2, -1.5707963267948966, 2.0
210, 12, 66, 562, 64, 560, 2, 2, 0.7853981633974483, 2.8284271247461903
210, 14, 386, 17, 383, 16, 3, 1, 0.3217505543966422, 3.1622776601683795
210, 16, 821, 340, 822, 336, -1, 4, 1.8157749899217608, 4.123105625617661
210, 18, 383, 25, 380, 25, 3, 0, 0.0, 3.0
210, 21, 617, 178, 617, 176, 0, 2, 1.5707963267948966, 2.0
210, 22, 622, 554, 623, 549, -1, 5, 1.7681918866447774, 5.0990195135927845
210, 28, 1041, 84, 1044, 85, -3, -1, -2.819842099193151, 3.1622776601683795
210, 30, 103, 542, 101, 540, 2, 2, 0.7853981633974483, 2.8284271247461903
210, 32, 701, 228, 702, 232, -1, -4, -1.8157749899217608, 4.123105625617661
210, 33, 851, 203, 852, 206, -1, -3, -1.892546881191539, 3.1622776601683795
210, 34, 846, 300, 847, 303, -1, -3, -1.892546881191539, 3.1622776601683795
210, 35, 389, 61, 387, 63, 2, -2, -0.7853981633974483, 2.8284271247461903
210, 36, 1030, 84, 1033, 85, -3, -1, -2.819842099193151, 3.1622776601683795
210, 37, 479, 283, 480, 286, -1, -3, -1.892546881191539, 3.1622776601683795
210, 39, 500, 302, 501, 306, -1, -4, -1.8157749899217608, 4.123105625617661
210, 41, 673, 397, 672, 394, 1, 3, 1.2490457723982544, 3.1622776601683795
210, 42, 145, 114, 146, 113, -1, 1, 2.356194490192345, 1.4142135623730951
210, 44, 477, 109, 477, 111, 0, -2, -1.5707963267948966, 2.0
210, 46, 794, 357, 794, 353, 0, 4, 1.5707963267948966, 4.0
210, 47, 695, 223, 696, 227, -1, -4, -1.8157749899217608, 4.123105625617661
210, 48, 403, 667, 405, 662, -2, 5, 1.9513027039072615, 5.385164807134504
210, 51, 693, 404, 692, 401, 1, 3, 1.2490457723982544, 3.1622776601683795
210, 55, 710, 156, 710, 159, 0, -3, -1.5707963267948966, 3.0
210, 56, 845, 261, 846, 264, -1, -3, -1.892546881191539, 3.1622776601683795
210, 58, 1218, 215, 1218, 212, 0, 3, 1.5707963267948966, 3.0
210, 61, 689, 398, 688, 395, 1, 3, 1.2490457723982544, 3.1622776601683795
210, 62, 1017, 120, 1019, 121, -2, -1, -2.677945044588987, 2.23606797749979
210, 63, 735, 139, 735, 141, 0, -2, -1.5707963267948966, 2.0
210, 65, 676, 465, 676, 463, 0, 2, 1.5707963267948966, 2.0
210, 66, 87, 558, 86, 556, 1, 2, 1.1071487177940904, 2.23606797749979
210, 70, 373, 509, 374, 506, -1, 3, 1.892546881191539, 3.1622776601683795
210, 71, 837, 223, 838, 226, -1, -3, -1.892546881191539, 3.1622776601683795
210, 72, 786, 371, 786, 367, 0, 4, 1.5707963267948966, 4.0
210, 73, 518, 626, 519, 631, -1, -5, -1.7681918866447774, 5.0990195135927845
210, 74, 1027, 128, 1029, 129, -2, -1, -2.677945044588987, 2.23606797749979
210, 75, 1039, 74, 1042, 75, -3, -1, -2.819842099193151, 3.1622776601683795
210, 76, 349, 577, 350, 572, -1, 5, 1.7681918866447774, 5.0990195135927845
210, 77, 749, 47, 751, 48, -2, -1, -2.677945044588987, 2.23606797749979
210, 78, 1260, 119, 1260, 117, 0, 2, 1.5707963267948966, 2.0
210, 79, 668, 474, 668, 472, 0, 2, 1.5707963267948966, 2.0
210, 80, 705, 220, 706, 224, -1, -4, -1.8157749899217608, 4.123105625617661
210, 82, 801, 81, 800, 82, 1, -1, -0.7853981633974483, 1.4142135623730951
210, 83, 819, 331, 820, 327, -1, 4, 1.8157749899217608, 4.123105625617661
210, 84, 481, 272, 482, 275, -1, -3, -1.892546881191539, 3.1622776601683795
210, 85, 1261, 33, 1263, 33, -2, 0, 3.141592653589793, 2.0
210, 87, 529, 598, 531, 603, -2, -5, -1.9513027039072615, 5.385164807134504
210, 89, 655, 38, 655, 36, 0, 2, 1.5707963267948966, 2.0
210, 90, 1208, 261, 1209, 259, -1, 2, 2.0344439357957027, 2.23606797749979
210, 92, 807, 336, 807, 332, 0, 4, 1.5707963267948966, 4.0
210, 93, 1261, 30, 1275, 31, -14, -1, -3.070285188804503, 14.035668847618199
210, 94, 659, 430, 658, 427, 1, 3, 1.2490457723982544, 3.1622776601683795
210, 95, 149, 62, 150, 61, -1, 1, 2.356194490192345, 1.4142135623730951
210, 97, 97, 512, 96, 510, 1, 2, 1.1071487177940904, 2.23606797749979
210, 98, 675, 567, 675, 565, 0, 2, 1.5707963267948966, 2.0
210, 99, 498, 336, 498, 339, 0, -3, -1.5707963267948966, 3.0
210, 100, 405, 77, 402, 77, 3, 0, 0.0, 3.0
210, 101, 500, 288, 501, 291, -1, -3, -1.892546881191539, 3.1622776601683795
210, 104, 1187, 311, 1185, 310, 2, 1, 0.4636476090008061, 2.23606797749979
210, 107, 1217, 250, 1217, 247, 0, 3, 1.5707963267948966, 3.0
210, 109, 146, 88, 147, 87, -1, 1, 2.356194490192345, 1.4142135623730951
210, 112, 1015, 147, 1018, 151, -3, -4, -2.214297435588181, 5.0
210, 113, 705, 209, 705, 213, 0, -4, -1.5707963267948966, 4.0
210, 116, 679, 388, 677, 385, 2, 3, 0.982793723247329, 3.605551275463989
210, 117, 477, 357, 476, 360, 1, -3, -1.2490457723982544, 3.1622776601683795
210, 118, 483, 357, 483, 361, 0, -4, -1.5707963267948966, 4.0
210, 119, 829, 76, 828, 77, 1, -1, -0.7853981633974483, 1.4142135623730951
210, 123, 109, 537, 107, 535, 2, 2, 0.7853981633974483, 2.8284271247461903
210, 124, 861, 221, 862, 224, -1, -3, -1.892546881191539, 3.1622776601683795
210, 125, 502, 330, 502, 333, 0, -3, -1.5707963267948966, 3.0
210, 127, 826, 379, 825, 376, 1, 3, 1.2490457723982544, 3.1622776601683795
210, 130, 696, 209, 696, 213, 0, -4, -1.5707963267948966, 4.0
210, 131, 72, 564, 71, 562, 1, 2, 1.1071487177940904, 2.23606797749979
210, 132, 1251, 481, 1250, 480, 1, 1, 0.7853981633974483, 1.4142135623730951
210, 134, 379, 42, 376, 42, 3, 0, 0.0, 3.0
210, 135, 397, 657, 400, 651, -3, 6, 2.0344439357957027, 6.708203932499369
210, 136, 330, 500, 331, 497, -1, 3, 1.892546881191539, 3.1622776601683795
210, 137, 812, 330, 812, 326, 0, 4, 1.5707963267948966, 4.0
210, 138, 1225, 165, 1224, 164, 1, 1, 0.7853981633974483, 1.4142135623730951
210, 140, 686, 388, 684, 385, 2, 3, 0.982793723247329, 3.605551275463989
210, 141, 353, 667, 354, 663, -1, 4, 1.8157749899217608, 4.123105625617661
210, 142, 1220, 224, 1220, 221, 0, 3, 1.5707963267948966, 3.0
210, 144, 107, 582, 105, 580, 2, 2, 0.7853981633974483, 2.8284271247461903
210, 146, 661, 471, 661, 468, 0, 3, 1.5707963267948966, 3.0
210, 149, 380, 604, 382, 601, -2, 3, 2.158798930342464, 3.605551275463989
210, 151, 837, 289, 838, 294, -1, -5, -1.7681918866447774, 5.0990195135927845
210, 153, 338, 466, 338, 463, 0, 3, 1.5707963267948966, 3.0
210, 154, 56, 560, 53, 559, 3, 1, 0.3217505543966422, 3.1622776601683795
210, 156, 1181, 236, 1181, 233, 0, 3, 1.5707963267948966, 3.0
210, 158, 699, 453, 698, 450, 1, 3, 1.2490457723982544, 3.1622776601683795
210, 162, 824, 359, 824, 355, 0, 4, 1.5707963267948966, 4.0
210, 164, 494, 61, 494, 63, 0, -2, -1.5707963267948966, 2.0
210, 166, 362, 678, 362, 673, 0, 5, 1.5707963267948966, 5.0
210, 170, 1215, 146, 1214, 145, 1, 1, 0.7853981633974483, 1.4142135623730951
210, 171, 731, 199, 732, 205, -1, -6, -1.7359450042095235, 6.082762530298219
211, 0, 853, 212, 854, 215, -1, -3, -1.892546881191539, 3.1622776601683795
211, 1, 490, 277, 491, 281, -1, -4, -1.8157749899217608, 4.123105625617661
211, 2, 333, 510, 334, 506, -1, 4, 1.8157749899217608, 4.123105625617661
211, 4, 362, 610, 362, 607, 0, 3, 1.5707963267948966, 3.0
211, 5, 1029, 71, 1032, 73, -3, -2, -2.5535900500422257, 3.605551275463989
211, 6, 565, 661, 566, 665, -1, -4, -1.8157749899217608, 4.123105625617661
211, 7, 168, 103, 169, 102, -1, 1, 2.356194490192345, 1.4142135623730951
211, 8, 842, 213, 843, 215, -1, -2, -2.0344439357957027, 2.23606797749979
211, 9, 469, 347, 468, 349, 1, -2, -1.1071487177940904, 2.23606797749979
211, 11, 512, 672, 513, 675, -1, -3, -1.892546881191539, 3.1622776601683795
211, 12, 67, 563, 66, 562, 1, 1, 0.7853981633974483, 1.4142135623730951
211, 14, 389, 17, 386, 17, 3, 0, 0.0, 3.0
211, 16, 820, 344, 821, 340, -1, 4, 1.8157749899217608, 4.123105625617661
211, 18, 386, 25, 383, 25, 3, 0, 0.0, 3.0
211, 20, 617, 180, 617, 178, 0, 2, 1.5707963267948966, 2.0
211, 21, 621, 559, 622, 554, -1, 5, 1.7681918866447774, 5.0990195135927845
211, 27, 1038, 82, 1041, 84, -3, -2, -2.5535900500422257, 3.605551275463989
211, 29, 105, 544, 103, 542, 2, 2, 0.7853981633974483, 2.8284271247461903
211, 31, 700, 224, 701, 228, -1, -4, -1.8157749899217608, 4.123105625617661
211, 32, 850, 200, 851, 203, -1, -3, -1.892546881191539, 3.1622776601683795
211, 33, 846, 298, 846, 300, 0, -2, -1.5707963267948966, 2.0
211, 34, 392, 60, 389, 61, 3, -1, -0.3217505543966422, 3.1622776601683795
211, 35, 1028, 83, 1030, 84, -2, -1, -2.677945044588987, 2.23606797749979
211, 36, 478, 279, 479, 283, -1, -4, -1.8157749899217608, 4.123105625617661
211, 38, 499, 299, 500, 302, -1, -3, -1.892546881191539, 3.1622776601683795
211, 40, 674, 400, 673, 397, 1, 3, 1.2490457723982544, 3.1622776601683795
211, 41, 144, 115, 145, 114, -1, 1, 2.356194490192345, 1.4142135623730951
211, 42, 490, 386, 490, 388, 0, -2, -1.5707963267948966, 2.0
211, 43, 477, 107, 477, 109, 0, -2, -1.5707963267948966, 2.0
211, 45, 794, 361, 794, 357, 0, 4, 1.5707963267948966, 4.0
211, 46, 694, 219, 695, 223, -1, -4, -1.8157749899217608, 4.123105625617661
211, 47, 401, 671, 403, 667, -2, 4, 2.0344439357957027, 4.47213595499958
211, 50, 694, 407, 693, 404, 1, 3, 1.2490457723982544, 3.1622776601683795
211, 53, 813, 89, 812, 91, 1, -2, -1.1071487177940904, 2.23606797749979
211, 54, 710, 153, 710, 156, 0, -3, -1.5707963267948966, 3.0
211, 57, 1218, 218, 1218, 215, 0, 3, 1.5707963267948966, 3.0
211, 60, 690, 401, 689, 398, 1, 3, 1.2490457723982544, 3.1622776601683795
211, 61, 1015, 119, 1017, 120, -2, -1, -2.677945044588987, 2.23606797749979
211, 62, 735, 137, 735, 139, 0, -2, -1.5707963267948966, 2.0
211, 64, 677, 469, 676, 465, 1, 4, 1.3258176636680326, 4.123105625617661
211, 65, 88, 560, 87, 558, 1, 2, 1.1071487177940904, 2.23606797749979
211, 69, 372, 512, 373, 509, -1, 3, 1.892546881191539, 3.1622776601683795
211, 70, 836, 221, 837, 223, -1, -2, -2.0344439357957027, 2.23606797749979
211, 71, 786, 376, 786, 371, 0, 5, 1.5707963267948966, 5.0
211, 72, 517, 621, 518, 626, -1, -5, -1.7681918866447774, 5.0990195135927845
211, 73, 1025, 126, 1027, 128, -2, -2, -2.356194490192345, 2.8284271247461903
211, 74, 1036, 72, 1039, 74, -3, -2, -2.5535900500422257, 3.605551275463989
211, 75, 349, 581, 349, 577, 0, 4, 1.5707963267948966, 4.0
211, 77, 1261, 121, 1260, 119, 1, 2, 1.1071487177940904, 2.23606797749979
211, 78, 669, 478, 668, 474, 1, 4, 1.3258176636680326, 4.123105625617661
211, 79, 704, 216, 705, 220, -1, -4, -1.8157749899217608, 4.123105625617661
211, 81, 802, 80, 801, 81, 1, -1, -0.7853981633974483, 1.4142135623730951
211, 82, 818, 335, 819, 331, -1, 4, 1.8157749899217608, 4.123105625617661
211, 83, 480, 268, 481, 272, -1, -4, -1.8157749899217608, 4.123105625617661
211, 86, 527, 592, 529, 598, -2, -6, -1.892546881191539, 6.324555320336759
211, 88, 655, 40, 655, 38, 0, 2, 1.5707963267948966, 2.0
211, 89, 1207, 264, 1208, 261, -1, 3, 1.892546881191539, 3.1622776601683795
211, 91, 807, 340, 807, 336, 0, 4, 1.5707963267948966, 4.0
211, 93, 660, 433, 659, 430, 1, 3, 1.2490457723982544, 3.1622776601683795
211, 96, 98, 514, 97, 512, 1, 2, 1.1071487177940904, 2.23606797749979
211, 97, 675, 569, 675, 567, 0, 2, 1.5707963267948966, 2.0
211, 98, 497, 332, 498, 336, -1, -4, -1.8157749899217608, 4.123105625617661
211, 99, 407, 78, 405, 77, 2, 1, 0.4636476090008061, 2.23606797749979
211, 100, 499, 284, 500, 288, -1, -4, -1.8157749899217608, 4.123105625617661
211, 103, 1187, 314, 1187, 311, 0, 3, 1.5707963267948966, 3.0
211, 106, 1216, 253, 1217, 250, -1, 3, 1.892546881191539, 3.1622776601683795
211, 108, 145, 89, 146, 88, -1, 1, 2.356194490192345, 1.4142135623730951
211, 111, 1013, 142, 1015, 147, -2, -5, -1.9513027039072615, 5.385164807134504
211, 112, 705, 206, 705, 209, 0, -3, -1.5707963267948966, 3.0
211, 115, 680, 391, 679, 388, 1, 3, 1.2490457723982544, 3.1622776601683795
211, 116, 478, 354, 477, 357, 1, -3, -1.2490457723982544, 3.1622776601683795
211, 117, 483, 353, 483, 357, 0, -4, -1.5707963267948966, 4.0
211, 118, 830, 74, 829, 76, 1, -2, -1.1071487177940904, 2.23606797749979
211, 122, 111, 539, 109, 537, 2, 2, 0.7853981633974483, 2.8284271247461903
211, 123, 860, 218, 861, 221, -1, -3, -1.892546881191539, 3.1622776601683795
211, 124, 501, 326, 502, 330, -1, -4, -1.8157749899217608, 4.123105625617661
211, 126, 827, 382, 826, 379, 1, 3, 1.2490457723982544, 3.1622776601683795
211, 129, 696, 206, 696, 209, 0, -3, -1.5707963267948966, 3.0
211, 130, 73, 565, 72, 564, 1, 1, 0.7853981633974483, 1.4142135623730951
211, 131, 1252, 482, 1251, 481, 1, 1, 0.7853981633974483, 1.4142135623730951
211, 133, 382, 42, 379, 42, 3, 0, 0.0, 3.0
211, 134, 395, 662, 397, 657, -2, 5, 1.9513027039072615, 5.385164807134504
211, 135, 329, 504, 330, 500, -1, 4, 1.8157749899217608, 4.123105625617661
211, 136, 812, 334, 812, 330, 0, 4, 1.5707963267948966, 4.0
211, 137, 1226, 166, 1225, 165, 1, 1, 0.7853981633974483, 1.4142135623730951
211, 139, 687, 391, 686, 388, 1, 3, 1.2490457723982544, 3.1622776601683795
211, 140, 352, 671, 353, 667, -1, 4, 1.8157749899217608, 4.123105625617661
211, 141, 1220, 227, 1220, 224, 0, 3, 1.5707963267948966, 3.0
211, 143, 109, 585, 107, 582, 2, 3, 0.982793723247329, 3.605551275463989
211, 145, 662, 475, 661, 471, 1, 4, 1.3258176636680326, 4.123105625617661
211, 148, 378, 607, 380, 604, -2, 3, 2.158798930342464, 3.605551275463989
211, 150, 836, 283, 837, 289, -1, -6, -1.7359450042095235, 6.082762530298219
211, 152, 337, 469, 338, 466, -1, 3, 1.892546881191539, 3.1622776601683795
211, 153, 58, 560, 56, 560, 2, 0, 0.0, 2.0
211, 155, 1180, 239, 1181, 236, -1, 3, 1.892546881191539, 3.1622776601683795
211, 157, 700, 456, 699, 453, 1, 3, 1.2490457723982544, 3.1622776601683795
211, 161, 824, 363, 824, 359, 0, 4, 1.5707963267948966, 4.0
211, 163, 494, 59, 494, 61, 0, -2, -1.5707963267948966, 2.0
211, 165, 362, 683, 362, 678, 0, 5, 1.5707963267948966, 5.0
211, 169, 1216, 147, 1215, 146, 1, 1, 0.7853981633974483, 1.4142135623730951
211, 170, 729, 195, 731, 199, -2, -4, -2.0344439357957027, 4.47213595499958
212, 0, 851, 207, 853, 212, -2, -5, -1.9513027039072615, 5.385164807134504
212, 1, 489, 273, 490, 277, -1, -4, -1.8157749899217608, 4.123105625617661
212, 2, 330, 513, 333, 510, -3, 3, 2.356194490192345, 4.242640687119285
212, 3, 362, 612, 362, 610, 0, 2, 1.5707963267948966, 2.0
212, 4, 1024, 68, 1029, 71, -5, -3, -2.601173153319209, 5.830951894845301
212, 5, 565, 657, 565, 661, 0, -4, -1.5707963267948966, 4.0
212, 6, 167, 105, 168, 103, -1, 2, 2.0344439357957027, 2.23606797749979
212, 7, 840, 209, 842, 213, -2, -4, -2.0344439357957027, 4.47213595499958
212, 8, 470, 343, 469, 347, 1, -4, -1.3258176636680326, 4.123105625617661
212, 10, 512, 669, 512, 672, 0, -3, -1.5707963267948966, 3.0
212, 11, 68, 562, 67, 563, 1, -1, -0.7853981633974483, 1.4142135623730951
212, 13, 391, 17, 389, 17, 2, 0, 0.0, 2.0
212, 14, 384, 75, 381, 75, 3, 0, 0.0, 3.0
212, 15, 819, 348, 820, 344, -1, 4, 1.8157749899217608, 4.123105625617661
212, 17, 388, 25, 386, 25, 2, 0, 0.0, 2.0
212, 19, 618, 184, 617, 180, 1, 4, 1.3258176636680326, 4.123105625617661
212, 24, 784, 31, 785, 30, -1, 1, 2.356194490192345, 1.4142135623730951
212, 26, 1034, 79, 1038, 82, -4, -3, -2.498091544796509, 5.0
212, 28, 107, 545, 105, 544, 2, 1, 0.4636476090008061, 2.23606797749979
212, 30, 699, 219, 700, 224, -1, -5, -1.7681918866447774, 5.0990195135927845
212, 31, 848, 196, 850, 200, -2, -4, -2.0344439357957027, 4.47213595499958
212, 32, 846, 296, 846, 298, 0, -2, -1.5707963267948966, 2.0
212, 33, 395, 60, 392, 60, 3, 0, 0.0, 3.0
212, 34, 1024, 81, 1028, 83, -4, -2, -2.677945044588987, 4.47213595499958
212, 35, 476, 275, 478, 279, -2, -4, -2.0344439357957027, 4.47213595499958
212, 37, 497, 294, 499, 299, -2, -5, -1.9513027039072615, 5.385164807134504
212, 38, 31, 86, 32, 85, -1, 1, 2.356194490192345, 1.4142135623730951
212, 39, 676, 403, 674, 400, 2, 3, 0.982793723247329, 3.605551275463989
212, 41, 489, 380, 490, 386, -1, -6, -1.7359450042095235, 6.082762530298219
212, 42, 477, 103, 477, 107, 0, -4, -1.5707963267948966, 4.0
212, 44, 795, 366, 794, 361, 1, 5, 1.373400766945016, 5.0990195135927845
212, 45, 693, 215, 694, 219, -1, -4, -1.8157749899217608, 4.123105625617661
212, 46, 399, 674, 401, 671, -2, 3, 2.158798930342464, 3.605551275463989
212, 48, 1212, 166, 1212, 164, 0, 2, 1.5707963267948966, 2.0
212, 49, 696, 411, 694, 407, 2, 4, 1.1071487177940904, 4.47213595499958
212, 51, 652, 593, 652, 590, 0, 3, 1.5707963267948966, 3.0
212, 52, 816, 87, 813, 89, 3, -2, -0.5880026035475675, 3.605551275463989
212, 53, 711, 150, 710, 153, 1, -3, -1.2490457723982544, 3.1622776601683795
212, 54, 844, 258, 845, 260, -1, -2, -2.0344439357957027, 2.23606797749979
212, 56, 1218, 222, 1218, 218, 0, 4, 1.5707963267948966, 4.0
212, 59, 692, 405, 690, 401, 2, 4, 1.1071487177940904, 4.47213595499958
212, 60, 1011, 118, 1015, 119, -4, -1, -2.896613990462929, 4.123105625617661
212, 61, 736, 133, 735, 137, 1, -4, -1.3258176636680326, 4.123105625617661
212, 63, 677, 471, 677, 469, 0, 2, 1.5707963267948966, 2.0
212, 64, 90, 562, 88, 560, 2, 2, 0.7853981633974483, 2.8284271247461903
212, 65, 828, 256, 829, 260, -1, -4, -1.8157749899217608, 4.123105625617661
212, 68, 371, 515, 372, 512, -1, 3, 1.892546881191539, 3.1622776601683795
212, 69, 834, 217, 836, 221, -2, -4, -2.0344439357957027, 4.47213595499958
212, 70, 788, 379, 786, 376, 2, 3, 0.982793723247329, 3.605551275463989
212, 71, 516, 616, 517, 621, -1, -5, -1.7681918866447774, 5.0990195135927845
212, 72, 1022, 125, 1025, 126, -3, -1, -2.819842099193151, 3.1622776601683795
212, 73, 1031, 69, 1036, 72, -5, -3, -2.601173153319209, 5.830951894845301
212, 74, 349, 583, 349, 581, 0, 2, 1.5707963267948966, 2.0
212, 75, 746, 46, 748, 47, -2, -1, -2.677945044588987, 2.23606797749979
212, 76, 1261, 124, 1261, 121, 0, 3, 1.5707963267948966, 3.0
212, 77, 670, 480, 669, 478, 1, 2, 1.1071487177940904, 2.23606797749979
212, 78, 704, 211, 704, 216, 0, -5, -1.5707963267948966, 5.0
212, 80, 805, 77, 802, 80, 3, -3, -0.7853981633974483, 4.242640687119285
212, 81, 817, 339, 818, 335, -1, 4, 1.8157749899217608, 4.123105625617661
212, 82, 478, 263, 480, 268, -2, -5, -1.9513027039072615, 5.385164807134504
212, 85, 524, 584, 527, 592, -3, -8, -1.9295669970654687, 8.54400374531753
212, 87, 654, 43, 655, 40, -1, 3, 1.892546881191539, 3.1622776601683795
212, 88, 1206, 267, 1207, 264, -1, 3, 1.892546881191539, 3.1622776601683795
212, 90, 807, 343, 807, 340, 0, 3, 1.5707963267948966, 3.0
212, 92, 662, 436, 660, 433, 2, 3, 0.982793723247329, 3.605551275463989
212, 93, 147, 63, 148, 62, -1, 1, 2.356194490192345, 1.4142135623730951
212, 95, 98, 516, 98, 514, 0, 2, 1.5707963267948966, 2.0
212, 96, 674, 572, 675, 569, -1, 3, 1.892546881191539, 3.1622776601683795
212, 97, 496, 327, 497, 332, -1, -5, -1.7681918866447774, 5.0990195135927845
212, 98, 410, 78, 407, 78, 3, 0, 0.0, 3.0
212, 99, 498, 281, 499, 284, -1, -3, -1.892546881191539, 3.1622776601683795
212, 100, 486, 20, 486, 22, 0, -2, -1.5707963267948966, 2.0
212, 102, 1187, 316, 1187, 314, 0, 2, 1.5707963267948966, 2.0
212, 103, 1219, 128, 1218, 126, 1, 2, 1.1071487177940904, 2.23606797749979
212, 105, 1216, 257, 1216, 253, 0, 4, 1.5707963267948966, 4.0
212, 107, 144, 90, 145, 89, -1, 1, 2.356194490192345, 1.4142135623730951
212, 109, 1234, 119, 1233, 117, 1, 2, 1.1071487177940904, 2.23606797749979
212, 110, 705, 201, 705, 206, 0, -5, -1.5707963267948966, 5.0
212, 111, 611, 257, 612, 255, -1, 2, 2.0344439357957027, 2.23606797749979
212, 113, 681, 395, 680, 391, 1, 4, 1.3258176636680326, 4.123105625617661
212, 114, 478, 350, 478, 354, 0, -4, -1.5707963267948966, 4.0
212, 115, 483, 349, 483, 353, 0, -4, -1.5707963267948966, 4.0
212, 116, 833, 71, 830, 74, 3, -3, -0.7853981633974483, 4.242640687119285
212, 118, 819, 46, 819, 48, 0, -2, -1.5707963267948966, 2.0
212, 119, 501, 63, 501, 65, 0, -2, -1.5707963267948966, 2.0
212, 120, 112, 540, 111, 539, 1, 1, 0.7853981633974483, 1.4142135623730951
212, 121, 858, 213, 860, 218, -2, -5, -1.9513027039072615, 5.385164807134504
212, 122, 499, 321, 501, 326, -2, -5, -1.9513027039072615, 5.385164807134504
212, 124, 829, 384, 827, 382, 2, 2, 0.7853981633974483, 2.8284271247461903
212, 125, 1120, 23, 1117, 23, 3, 0, 0.0, 3.0
212, 126, 696, 201, 696, 206, 0, -5, -1.5707963267948966, 5.0
212, 128, 1253, 483, 1252, 482, 1, 1, 0.7853981633974483, 1.4142135623730951
212, 130, 383, 40, 382, 42, 1, -2, -1.1071487177940904, 2.23606797749979
212, 131, 393, 661, 395, 662, -2, -1, -2.677945044588987, 2.23606797749979
212, 132, 326, 507, 329, 504, -3, 3, 2.356194490192345, 4.242640687119285
212, 133, 811, 337, 812, 334, -1, 3, 1.892546881191539, 3.1622776601683795
212, 134, 1227, 168, 1226, 166, 1, 2, 1.1071487177940904, 2.23606797749979
212, 135, 741, 172, 741, 175, 0, -3, -1.5707963267948966, 3.0
212, 136, 688, 395, 687, 391, 1, 4, 1.3258176636680326, 4.123105625617661
212, 137, 351, 675, 352, 671, -1, 4, 1.8157749899217608, 4.123105625617661
212, 138, 1220, 230, 1220, 227, 0, 3, 1.5707963267948966, 3.0
212, 140, 110, 584, 109, 585, 1, -1, -0.7853981633974483, 1.4142135623730951
212, 141, 135, 54, 136, 53, -1, 1, 2.356194490192345, 1.4142135623730951
212, 142, 663, 478, 662, 475, 1, 3, 1.2490457723982544, 3.1622776601683795
212, 143, 813, 42, 812, 44, 1, -2, -1.1071487177940904, 2.23606797749979
212, 144, 633, 71, 634, 68, -1, 3, 1.892546881191539, 3.1622776601683795
212, 145, 376, 610, 378, 607, -2, 3, 2.158798930342464, 3.605551275463989
212, 147, 836, 276, 836, 283, 0, -7, -1.5707963267948966, 7.0
212, 148, 788, 39, 790, 38, -2, 1, 2.677945044588987, 2.23606797749979
212, 149, 336, 472, 337, 469, -1, 3, 1.892546881191539, 3.1622776601683795
212, 150, 60, 559, 58, 560, 2, -1, -0.4636476090008061, 2.23606797749979
212, 152, 1180, 242, 1180, 239, 0, 3, 1.5707963267948966, 3.0
212, 154, 701, 459, 700, 456, 1, 3, 1.2490457723982544, 3.1622776601683795
212, 158, 824, 369, 824, 363, 0, 6, 1.5707963267948966, 6.0
212, 159, 148, 131, 149, 130, -1, 1, 2.356194490192345, 1.4142135623730951
212, 160, 494, 56, 494, 59, 0, -3, -1.5707963267948966, 3.0
212, 162, 362, 687, 362, 683, 0, 4, 1.5707963267948966, 4.0
212, 166, 1217, 149, 1216, 147, 1, 2, 1.1071487177940904, 2.23606797749979
212, 167, 728, 193, 729, 195, -1, -2, -2.0344439357957027, 2.23606797749979
213, 0, 849, 204, 851, 207, -2, -3, -2.158798930342464, 3.605551275463989
213, 1, 488, 268, 489, 273, -1, -5, -1.7681918866447774, 5.0990195135927845
213, 2, 328, 516, 330, 513, -2, 3, 2.158798930342464, 3.605551275463989
213, 3, 361, 615, 362, 612, -1, 3, 1.892546881191539, 3.1622776601683795
213, 4, 1022, 65, 1024, 68, -2, -3, -2.158798930342464, 3.605551275463989
213, 5, 565, 654, 565, 657, 0, -3, -1.5707963267948966, 3.0
213, 7, 838, 206, 840, 209, -2, -3, -2.158798930342464, 3.605551275463989
213, 8, 470, 339, 470, 343, 0, -4, -1.5707963267948966, 4.0
213, 10, 512, 666, 512, 669, 0, -3, -1.5707963267948966, 3.0
213, 11, 69, 564, 68, 562, 1, 2, 1.1071487177940904, 2.23606797749979
213, 13, 394, 16, 391, 17, 3, -1, -0.3217505543966422, 3.1622776601683795
213, 14, 386, 74, 384, 75, 2, -1, -0.4636476090008061, 2.23606797749979
213, 15, 819, 350, 819, 348, 0, 2, 1.5707963267948966, 2.0
213, 16, 391, 24, 388, 25, 3, -1, -0.3217505543966422, 3.1622776601683795
213, 19, 621, 564, 621, 560, 0, 4, 1.5707963267948966, 4.0
213, 24, 1031, 76, 1034, 79, -3, -3, -2.356194490192345, 4.242640687119285
213, 26, 109, 546, 107, 545, 2, 1, 0.4636476090008061, 2.23606797749979
213, 28, 698, 216, 699, 219, -1, -3, -1.892546881191539, 3.1622776601683795
213, 29, 846, 193, 848, 196, -2, -3, -2.158798930342464, 3.605551275463989
213, 30, 846, 294, 846, 296, 0, -2, -1.5707963267948966, 2.0
213, 31, 398, 61, 395, 60, 3, 1, 0.3217505543966422, 3.1622776601683795
213, 32, 1022, 79, 1024, 81, -2, -2, -2.356194490192345, 2.8284271247461903
213, 33, 475, 270, 476, 275, -1, -5, -1.7681918866447774, 5.0990195135927845
213, 37, 677, 406, 676, 403, 1, 3, 1.2490457723982544, 3.1622776601683795
213, 39, 489, 375, 489, 380, 0, -5, -1.5707963267948966, 5.0
213, 40, 477, 100, 477, 103, 0, -3, -1.5707963267948966, 3.0
213, 42, 796, 370, 795, 366, 1, 4, 1.3258176636680326, 4.123105625617661
213, 43, 693, 213, 693, 215, 0, -2, -1.5707963267948966, 2.0
213, 44, 396, 678, 399, 674, -3, 4, 2.214297435588181, 5.0
213, 47, 697, 414, 696, 411, 1, 3, 1.2490457723982544, 3.1622776601683795
213, 49, 651, 597, 652, 593, -1, 4, 1.8157749899217608, 4.123105625617661
213, 50, 817, 85, 816, 87, 1, -2, -1.1071487177940904, 2.23606797749979
213, 51, 711, 148, 711, 150, 0, -2, -1.5707963267948966, 2.0
213, 52, 843, 255, 844, 258, -1, -3, -1.892546881191539, 3.1622776601683795
213, 56, 693, 408, 692, 405, 1, 3, 1.2490457723982544, 3.1622776601683795
213, 57, 1009, 117, 1011, 118, -2, -1, -2.677945044588987, 2.23606797749979
213, 58, 736, 130, 736, 133, 0, -3, -1.5707963267948966, 3.0
213, 60, 678, 472, 677, 471, 1, 1, 0.7853981633974483, 1.4142135623730951
213, 61, 92, 564, 90, 562, 2, 2, 0.7853981633974483, 2.8284271247461903
213, 62, 827, 253, 828, 256, -1, -3, -1.892546881191539, 3.1622776601683795
213, 64, 369, 519, 371, 515, -2, 4, 2.0344439357957027, 4.47213595499958
213, 65, 833, 214, 834, 217, -1, -3, -1.892546881191539, 3.1622776601683795
213, 66, 788, 384, 788, 379, 0, 5, 1.5707963267948966, 5.0
213, 67, 515, 612, 516, 616, -1, -4, -1.8157749899217608, 4.123105625617661
213, 68, 1020, 123, 1022, 125, -2, -2, -2.356194490192345, 2.8284271247461903
213, 69, 1028, 66, 1031, 69, -3, -3, -2.356194490192345, 4.242640687119285
213, 70, 348, 584, 349, 583, -1, 1, 2.356194490192345, 1.4142135623730951
213, 72, 671, 483, 670, 480, 1, 3, 1.2490457723982544, 3.1622776601683795
213, 73, 704, 209, 704, 211, 0, -2, -1.5707963267948966, 2.0
213, 75, 807, 74, 805, 77, 2, -3, -0.982793723247329, 3.605551275463989
213, 76, 817, 341, 817, 339, 0, 2, 1.5707963267948966, 2.0
213, 77, 477, 258, 478, 263, -1, -5, -1.7681918866447774, 5.0990195135927845
213, 80, 522, 577, 524, 584, -2, -7, -1.849095985800008, 7.280109889280518
213, 83, 1206, 269, 1206, 267, 0, 2, 1.5707963267948966, 2.0
213, 85, 807, 345, 807, 343, 0, 2, 1.5707963267948966, 2.0
213, 87, 663, 439, 662, 436, 1, 3, 1.2490457723982544, 3.1622776601683795
213, 89, 100, 518, 98, 516, 2, 2, 0.7853981633974483, 2.8284271247461903
213, 91, 495, 323, 496, 327, -1, -4, -1.8157749899217608, 4.123105625617661
213, 93, 497, 277, 498, 281, -1, -4, -1.8157749899217608, 4.123105625617661
213, 94, 486, 18, 486, 20, 0, -2, -1.5707963267948966, 2.0
213, 97, 1220, 129, 1219, 128, 1, 1, 0.7853981633974483, 1.4142135623730951
213, 99, 1216, 259, 1216, 257, 0, 2, 1.5707963267948966, 2.0
213, 102, 723, 211, 724, 215, -1, -4, -1.8157749899217608, 4.123105625617661
213, 104, 705, 199, 705, 201, 0, -2, -1.5707963267948966, 2.0
213, 105, 611, 260, 611, 257, 0, 3, 1.5707963267948966, 3.0
213, 107, 682, 398, 681, 395, 1, 3, 1.2490457723982544, 3.1622776601683795
213, 108, 477, 346, 478, 350, -1, -4, -1.8157749899217608, 4.123105625617661
213, 109, 482, 344, 483, 349, -1, -5, -1.7681918866447774, 5.0990195135927845
213, 110, 835, 68, 833, 71, 2, -3, -0.982793723247329, 3.605551275463989
213, 112, 819, 44, 819, 46, 0, -2, -1.5707963267948966, 2.0
213, 113, 501, 61, 501, 63, 0, -2, -1.5707963267948966, 2.0
213, 114, 113, 541, 112, 540, 1, 1, 0.7853981633974483, 1.4142135623730951
213, 115, 857, 210, 858, 213, -1, -3, -1.892546881191539, 3.1622776601683795
213, 116, 497, 317, 499, 321, -2, -4, -2.0344439357957027, 4.47213595499958
213, 118, 830, 388, 829, 384, 1, 4, 1.3258176636680326, 4.123105625617661
213, 119, 1123, 23, 1120, 23, 3, 0, 0.0, 3.0
213, 120, 696, 199, 696, 201, 0, -2, -1.5707963267948966, 2.0
213, 121, 74, 566, 73, 564, 1, 2, 1.1071487177940904, 2.23606797749979
213, 122, 1254, 485, 1253, 483, 1, 2, 1.1071487177940904, 2.23606797749979
213, 124, 386, 40, 383, 40, 3, 0, 0.0, 3.0
213, 125, 390, 661, 393, 661, -3, 0, 3.141592653589793, 3.0
213, 126, 324, 510, 326, 507, -2, 3, 2.158798930342464, 3.605551275463989
213, 127, 811, 339, 811, 337, 0, 2, 1.5707963267948966, 2.0
213, 129, 741, 168, 741, 172, 0, -4, -1.5707963267948966, 4.0
213, 130, 689, 398, 688, 395, 1, 3, 1.2490457723982544, 3.1622776601683795
213, 131, 350, 679, 351, 675, -1, 4, 1.8157749899217608, 4.123105625617661
213, 134, 112, 586, 110, 584, 2, 2, 0.7853981633974483, 2.8284271247461903
213, 136, 665, 482, 663, 478, 2, 4, 1.1071487177940904, 4.47213595499958
213, 137, 813, 40, 813, 42, 0, -2, -1.5707963267948966, 2.0
213, 138, 632, 73, 633, 71, -1, 2, 2.0344439357957027, 2.23606797749979
213, 139, 374, 614, 376, 610, -2, 4, 2.0344439357957027, 4.47213595499958
213, 141, 836, 274, 836, 276, 0, -2, -1.5707963267948966, 2.0
213, 143, 334, 476, 336, 472, -2, 4, 2.0344439357957027, 4.47213595499958
213, 144, 61, 561, 60, 559, 1, 2, 1.1071487177940904, 2.23606797749979
213, 146, 1180, 244, 1180, 242, 0, 2, 1.5707963267948966, 2.0
213, 148, 701, 461, 701, 459, 0, 2, 1.5707963267948966, 2.0
213, 152, 824, 371, 824, 369, 0, 2, 1.5707963267948966, 2.0
213, 154, 494, 54, 494, 56, 0, -2, -1.5707963267948966, 2.0
213, 156, 361, 691, 362, 687, -1, 4, 1.8157749899217608, 4.123105625617661
213, 160, 1218, 150, 1217, 149, 1, 1, 0.7853981633974483, 1.4142135623730951
214, 0, 848, 200, 849, 204, -1, -4, -1.8157749899217608, 4.123105625617661
214, 1, 487, 263, 488, 268, -1, -5, -1.7681918866447774, 5.0990195135927845
214, 2, 326, 519, 328, 516, -2, 3, 2.158798930342464, 3.605551275463989
214, 3, 360, 618, 361, 615, -1, 3, 1.892546881191539, 3.1622776601683795
214, 4, 1020, 62, 1022, 65, -2, -3, -2.158798930342464, 3.605551275463989
214, 5, 564, 651, 565, 654, -1, -3, -1.892546881191539, 3.1622776601683795
214, 7, 837, 202, 838, 206, -1, -4, -1.8157749899217608, 4.123105625617661
214, 8, 469, 335, 470, 339, -1, -4, -1.8157749899217608, 4.123105625617661
214, 10, 512, 664, 512, 666, 0, -2, -1.5707963267948966, 2.0
214, 11, 70, 566, 69, 564, 1, 2, 1.1071487177940904, 2.23606797749979
214, 13, 397, 15, 394, 16, 3, -1, -0.3217505543966422, 3.1622776601683795
214, 14, 389, 74, 386, 74, 3, 0, 0.0, 3.0
214, 16, 394, 23, 391, 24, 3, -1, -0.3217505543966422, 3.1622776601683795
214, 19, 621, 568, 621, 564, 0, 4, 1.5707963267948966, 4.0
214, 24, 1028, 73, 1031, 76, -3, -3, -2.356194490192345, 4.242640687119285
214, 26, 112, 547, 109, 546, 3, 1, 0.3217505543966422, 3.1622776601683795
214, 28, 698, 214, 698, 216, 0, -2, -1.5707963267948966, 2.0
214, 29, 844, 189, 846, 193, -2, -4, -2.0344439357957027, 4.47213595499958
214, 30, 846, 291, 846, 294, 0, -3, -1.5707963267948966, 3.0
214, 31, 400, 63, 398, 61, 2, 2, 0.7853981633974483, 2.8284271247461903
214, 32, 1020, 76, 1022, 79, -2, -3, -2.158798930342464, 3.605551275463989
214, 33, 474, 266, 475, 270, -1, -4, -1.8157749899217608, 4.123105625617661
214, 37, 678, 410, 677, 406, 1, 4, 1.3258176636680326, 4.123105625617661
214, 39, 489, 368, 489, 375, 0, -7, -1.5707963267948966, 7.0
214, 40, 477, 96, 477, 100, 0, -4, -1.5707963267948966, 4.0
214, 42, 797, 373, 796, 370, 1, 3, 1.2490457723982544, 3.1622776601683795
214, 43, 693, 211, 693, 213, 0, -2, -1.5707963267948966, 2.0
214, 44, 394, 681, 396, 678, -2, 3, 2.158798930342464, 3.605551275463989
214, 47, 698, 418, 697, 414, 1, 4, 1.3258176636680326, 4.123105625617661
214, 49, 650, 598, 651, 597, -1, 1, 2.356194490192345, 1.4142135623730951
214, 50, 818, 83, 817, 85, 1, -2, -1.1071487177940904, 2.23606797749979
214, 52, 842, 252, 843, 255, -1, -3, -1.892546881191539, 3.1622776601683795
214, 56, 694, 411, 693, 408, 1, 3, 1.2490457723982544, 3.1622776601683795
214, 57, 1007, 115, 1009, 117, -2, -2, -2.356194490192345, 2.8284271247461903
214, 58, 737, 127, 736, 130, 1, -3, -1.2490457723982544, 3.1622776601683795
214, 60, 680, 475, 678, 472, 2, 3, 0.982793723247329, 3.605551275463989
214, 61, 95, 566, 92, 564, 3, 2, 0.5880026035475675, 3.605551275463989
214, 62, 826, 249, 827, 253, -1, -4, -1.8157749899217608, 4.123105625617661
214, 64, 368, 523, 369, 519, -1, 4, 1.8157749899217608, 4.123105625617661
214, 65, 832, 210, 833, 214, -1, -4, -1.8157749899217608, 4.123105625617661
214, 66, 788, 387, 788, 384, 0, 3, 1.5707963267948966, 3.0
214, 67, 514, 608, 515, 612, -1, -4, -1.8157749899217608, 4.123105625617661
214, 68, 1018, 121, 1020, 123, -2, -2, -2.356194490192345, 2.8284271247461903
214, 69, 1026, 63, 1028, 66, -2, -3, -2.158798930342464, 3.605551275463989
214, 72, 672, 486, 671, 483, 1, 3, 1.2490457723982544, 3.1622776601683795
214, 73, 704, 207, 704, 209, 0, -2, -1.5707963267948966, 2.0
214, 75, 809, 72, 807, 74, 2, -2, -0.7853981633974483, 2.8284271247461903
214, 76, 817, 343, 817, 341, 0, 2, 1.5707963267948966, 2.0
214, 77, 476, 253, 477, 258, -1, -5, -1.7681918866447774, 5.0990195135927845
214, 80, 520, 570, 522, 577, -2, -7, -1.849095985800008, 7.280109889280518
214, 84, 807, 347, 807, 345, 0, 2, 1.5707963267948966, 2.0
214, 86, 664, 443, 663, 439, 1, 4, 1.3258176636680326, 4.123105625617661
214, 88, 103, 520, 100, 518, 3, 2, 0.5880026035475675, 3.605551275463989
214, 89, 493, 319, 495, 323, -2, -4, -2.0344439357957027, 4.47213595499958
214, 91, 496, 273, 497, 277, -1, -4, -1.8157749899217608, 4.123105625617661
214, 97, 1215, 260, 1216, 259, -1, 1, 2.356194490192345, 1.4142135623730951
214, 100, 722, 209, 723, 211, -1, -2, -2.0344439357957027, 2.23606797749979
214, 102, 705, 197, 705, 199, 0, -2, -1.5707963267948966, 2.0
214, 103, 611, 264, 611, 260, 0, 4, 1.5707963267948966, 4.0
214, 105, 683, 401, 682, 398, 1, 3, 1.2490457723982544, 3.1622776601683795
214, 106, 477, 341, 477, 346, 0, -5, -1.5707963267948966, 5.0
214, 107, 482, 339, 482, 344, 0, -5, -1.5707963267948966, 5.0
214, 108, 837, 65, 835, 68, 2, -3, -0.982793723247329, 3.605551275463989
214, 111, 501, 59, 501, 61, 0, -2, -1.5707963267948966, 2.0
214, 112, 115, 542, 113, 541, 2, 1, 0.4636476090008061, 2.23606797749979
214, 113, 856, 206, 857, 210, -1, -4, -1.8157749899217608, 4.123105625617661
214, 114, 494, 312, 497, 317, -3, -5, -2.1112158270654806, 5.830951894845301
214, 116, 831, 390, 830, 388, 1, 2, 1.1071487177940904, 2.23606797749979
214, 117, 1127, 24, 1123, 23, 4, 1, 0.24497866312686414, 4.123105625617661
214, 118, 696, 197, 696, 199, 0, -2, -1.5707963267948966, 2.0
214, 119, 75, 567, 74, 566, 1, 1, 0.7853981633974483, 1.4142135623730951
214, 120, 1255, 487, 1254, 485, 1, 2, 1.1071487177940904, 2.23606797749979
214, 122, 389, 40, 386, 40, 3, 0, 0.0, 3.0
214, 123, 388, 662, 390, 661, -2, 1, 2.677945044588987, 2.23606797749979
214, 124, 322, 513, 324, 510, -2, 3, 2.158798930342464, 3.605551275463989
214, 125, 811, 341, 811, 339, 0, 2, 1.5707963267948966, 2.0
214, 127, 741, 164, 741, 168, 0, -4, -1.5707963267948966, 4.0
214, 128, 690, 401, 689, 398, 1, 3, 1.2490457723982544, 3.1622776601683795
214, 129, 349, 683, 350, 679, -1, 4, 1.8157749899217608, 4.123105625617661
214, 132, 114, 587, 112, 586, 2, 1, 0.4636476090008061, 2.23606797749979
214, 134, 666, 486, 665, 482, 1, 4, 1.3258176636680326, 4.123105625617661
214, 136, 632, 75, 632, 73, 0, 2, 1.5707963267948966, 2.0
214, 137, 372, 618, 374, 614, -2, 4, 2.0344439357957027, 4.47213595499958
214, 140, 786, 40, 787, 39, -1, 1, 2.356194490192345, 1.4142135623730951
214, 141, 332, 479, 334, 476, -2, 3, 2.158798930342464, 3.605551275463989
214, 142, 62, 563, 61, 561, 1, 2, 1.1071487177940904, 2.23606797749979
214, 144, 1179, 245, 1180, 244, -1, 1, 2.356194490192345, 1.4142135623730951
214, 146, 701, 463, 701, 461, 0, 2, 1.5707963267948966, 2.0
214, 150, 825, 373, 824, 371, 1, 2, 1.1071487177940904, 2.23606797749979
214, 152, 494, 51, 494, 54, 0, -3, -1.5707963267948966, 3.0
214, 154, 359, 695, 361, 691, -2, 4, 2.0344439357957027, 4.47213595499958
214, 158, 1219, 151, 1218, 150, 1, 1, 0.7853981633974483, 1.4142135623730951
215, 0, 852, 206, 853, 210, -1, -4, -1.8157749899217608, 4.123105625617661
215, 1, 560, 622, 561, 625, -1, -3, -1.892546881191539, 3.1622776601683795
215, 2, 841, 206, 842, 211, -1, -5, -1.7681918866447774, 5.0990195135927845
215, 3, 1026, 66, 1029, 69, -3, -3, -2.356194490192345, 4.242640687119285
215, 5, 396, 15, 393, 16, 3, -1, -0.3217505543966422, 3.1622776601683795
215, 6, 358, 625, 360, 622, -2, 3, 2.158798930342464, 3.605551275463989
215, 7, 490, 269, 490, 273, 0, -4, -1.5707963267948966, 4.0
215, 8, 168, 107, 169, 106, -1, 1, 2.356194490192345, 1.4142135623730951
215, 10, 830, 58, 829, 61, 1, -3, -1.2490457723982544, 3.1622776601683795
215, 11, 469, 16, 469, 20, 0, -4, -1.5707963267948966, 4.0
215, 12, 391, 61, 390, 60, 1, 1, 0.7853981633974483, 1.4142135623730951
215, 13, 397, 68, 396, 67, 1, 1, 0.7853981633974483, 1.4142135623730951
215, 14, 1034, 77, 1037, 80, -3, -3, -2.356194490192345, 4.242640687119285
215, 15, 364, 548, 365, 547, -1, 1, 2.356194490192345, 1.4142135623730951
215, 18, 824, 347, 823, 345, 1, 2, 1.1071487177940904, 2.23606797749979
215, 19, 696, 217, 696, 220, 0, -3, -1.5707963267948966, 3.0
215, 21, 677, 407, 676, 403, 1, 4, 1.3258176636680326, 4.123105625617661
215, 22, 376, 623, 379, 620, -3, 3, 2.356194490192345, 4.242640687119285
215, 24, 476, 271, 477, 276, -1, -5, -1.7681918866447774, 5.0990195135927845
215, 25, 807, 346, 807, 344, 0, 2, 1.5707963267948966, 2.0
215, 26, 701, 222, 701, 225, 0, -3, -1.5707963267948966, 3.0
215, 27, 388, 71, 385, 70, 3, 1, 0.3217505543966422, 3.1622776601683795
215, 28, 512, 661, 512, 663, 0, -2, -1.5707963267948966, 2.0
215, 30, 99, 574, 97, 572, 2, 2, 0.7853981633974483, 2.8284271247461903
215, 31, 834, 215, 835, 219, -1, -4, -1.8157749899217608, 4.123105625617661
215, 32, 670, 485, 668, 481, 2, 4, 1.1071487177940904, 4.47213595499958
215, 33, 394, 25, 391, 26, 3, -1, -0.3217505543966422, 3.1622776601683795
215, 34, 847, 195, 848, 199, -1, -4, -1.8157749899217608, 4.123105625617661
215, 35, 619, 184, 619, 182, 0, 2, 1.5707963267948966, 2.0
215, 36, 115, 554, 113, 553, 2, 1, 0.4636476090008061, 2.23606797749979
215, 42, 698, 414, 697, 410, 1, 4, 1.3258176636680326, 4.123105625617661
215, 45, 623, 582, 623, 578, 0, 4, 1.5707963267948966, 4.0
215, 46, 465, 317, 466, 322, -1, -5, -1.7681918866447774, 5.0990195135927845
215, 49, 737, 131, 737, 135, 0, -4, -1.5707963267948966, 4.0
215, 55, 834, 71, 833, 74, 1, -3, -1.2490457723982544, 3.1622776601683795
215, 57, 693, 408, 693, 404, 0, 4, 1.5707963267948966, 4.0
215, 60, 497, 276, 498, 280, -1, -4, -1.8157749899217608, 4.123105625617661
215, 61, 479, 348, 480, 352, -1, -4, -1.8157749899217608, 4.123105625617661
215, 63, 1261, 478, 1268, 476, -7, 2, 2.8632929945846817, 7.280109889280518
215, 67, 1261, 505, 1264, 503, -3, 2, 2.5535900500422257, 3.605551275463989
215, 68, 462, 338, 463, 342, -1, -4, -1.8157749899217608, 4.123105625617661
215, 69, 1255, 500, 1254, 496, 1, 4, 1.3258176636680326, 4.123105625617661
215, 71, 847, 297, 847, 300, 0, -3, -1.5707963267948966, 3.0
215, 73, 705, 216, 705, 219, 0, -3, -1.5707963267948966, 3.0
215, 75, 515, 609, 516, 614, -1, -5, -1.7681918866447774, 5.0990195135927845
215, 76, 499, 308, 499, 304, 0, 4, 1.5707963267948966, 4.0
215, 77, 525, 580, 527, 587, -2, -7, -1.849095985800008, 7.280109889280518
215, 78, 663, 605, 663, 602, 0, 3, 1.5707963267948966, 3.0
215, 79, 463, 25, 463, 29, 0, -4, -1.5707963267948966, 4.0
215, 82, 107, 533, 105, 531, 2, 2, 0.7853981633974483, 2.8284271247461903
215, 83, 480, 259, 480, 264, 0, -5, -1.5707963267948966, 5.0
215, 84, 808, 76, 806, 77, 2, -1, -0.4636476090008061, 2.23606797749979
215, 86, 1029, 155, 1031, 158, -2, -3, -2.158798930342464, 3.605551275463989
215, 87, 790, 388, 790, 385, 0, 3, 1.5707963267948966, 3.0
215, 89, 1023, 121, 1025, 124, -2, -3, -2.158798930342464, 3.605551275463989
215, 92, 470, 339, 471, 344, -1, -5, -1.7681918866447774, 5.0990195135927845
215, 93, 1261, 33, 1264, 33, -3, 0, 3.141592653589793, 3.0
215, 95, 478, 100, 478, 103, 0, -3, -1.5707963267948966, 3.0
215, 98, 1025, 78, 1027, 81, -2, -3, -2.158798930342464, 3.605551275463989
215, 99, 664, 441, 663, 437, 1, 4, 1.3258176636680326, 4.123105625617661
215, 100, 680, 398, 680, 394, 0, 4, 1.5707963267948966, 4.0
215, 102, 659, 621, 659, 616, 0, 5, 1.5707963267948966, 5.0
215, 104, 705, 203, 705, 206, 0, -3, -1.5707963267948966, 3.0
215, 106, 487, 19, 487, 22, 0, -3, -1.5707963267948966, 3.0
215, 109, 858, 211, 859, 216, -1, -5, -1.7681918866447774, 5.0990195135927845
215, 110, 635, 80, 635, 78, 0, 2, 1.5707963267948966, 2.0
215, 113, 1261, 520, 1265, 519, -4, 1, 2.896613990462929, 4.123105625617661
215, 117, 1261, 123, 1265, 122, -4, 1, 2.896613990462929, 4.123105625617661
216, 0, 851, 201, 852, 206, -1, -5, -1.7681918866447774, 5.0990195135927845
216, 2, 840, 202, 841, 206, -1, -4, -1.8157749899217608, 4.123105625617661
216, 3, 1024, 63, 1026, 66, -2, -3, -2.158798930342464, 3.605551275463989
216, 5, 399, 14, 396, 15, 3, -1, -0.3217505543966422, 3.1622776601683795
216, 6, 356, 629, 358, 625, -2, 4, 2.0344439357957027, 4.47213595499958
216, 7, 490, 264, 490, 269, 0, -5, -1.5707963267948966, 5.0
216, 8, 167, 108, 168, 107, -1, 1, 2.356194490192345, 1.4142135623730951
216, 10, 831, 55, 830, 58, 1, -3, -1.2490457723982544, 3.1622776601683795
216, 11, 469, 12, 469, 16, 0, -4, -1.5707963267948966, 4.0
216, 12, 393, 62, 391, 61, 2, 1, 0.4636476090008061, 2.23606797749979
216, 13, 398, 69, 397, 68, 1, 1, 0.7853981633974483, 1.4142135623730951
216, 14, 1032, 73, 1034, 77, -2, -4, -2.0344439357957027, 4.47213595499958
216, 15, 363, 552, 364, 548, -1, 4, 1.8157749899217608, 4.123105625617661
216, 18, 825, 350, 824, 347, 1, 3, 1.2490457723982544, 3.1622776601683795
216, 19, 696, 214, 696, 217, 0, -3, -1.5707963267948966, 3.0
216, 21, 677, 410, 677, 407, 0, 3, 1.5707963267948966, 3.0
216, 22, 373, 627, 376, 623, -3, 4, 2.214297435588181, 5.0
216, 24, 475, 266, 476, 271, -1, -5, -1.7681918866447774, 5.0990195135927845
216, 25, 808, 349, 807, 346, 1, 3, 1.2490457723982544, 3.1622776601683795
216, 26, 701, 219, 701, 222, 0, -3, -1.5707963267948966, 3.0
216, 27, 390, 73, 388, 71, 2, 2, 0.7853981633974483, 2.8284271247461903
216, 28, 512, 659, 512, 661, 0, -2, -1.5707963267948966, 2.0
216, 29, 100, 576, 99, 574, 1, 2, 1.1071487177940904, 2.23606797749979
216, 30, 833, 210, 834, 215, -1, -5, -1.7681918866447774, 5.0990195135927845
216, 31, 672, 489, 670, 485, 2, 4, 1.1071487177940904, 4.47213595499958
216, 32, 397, 24, 394, 25, 3, -1, -0.3217505543966422, 3.1622776601683795
216, 33, 846, 190, 847, 195, -1, -5, -1.7681918866447774, 5.0990195135927845
216, 34, 618, 186, 619, 184, -1, 2, 2.0344439357957027, 2.23606797749979
216, 35, 117, 556, 115, 554, 2, 2, 0.7853981633974483, 2.8284271247461903
216, 36, 258, 329, 259, 331, -1, -2, -2.0344439357957027, 2.23606797749979
216, 39, 698, 418, 698, 414, 0, 4, 1.5707963267948966, 4.0
216, 41, 623, 586, 623, 582, 0, 4, 1.5707963267948966, 4.0
216, 42, 463, 312, 465, 317, -2, -5, -1.9513027039072615, 5.385164807134504
216, 45, 737, 127, 737, 131, 0, -4, -1.5707963267948966, 4.0
216, 50, 835, 68, 834, 71, 1, -3, -1.2490457723982544, 3.1622776601683795
216, 51, 693, 412, 693, 408, 0, 4, 1.5707963267948966, 4.0
216, 53, 496, 272, 497, 276, -1, -4, -1.8157749899217608, 4.123105625617661
216, 54, 478, 344, 479, 348, -1, -4, -1.8157749899217608, 4.123105625617661
216, 60, 460, 334, 462, 338, -2, -4, -2.0344439357957027, 4.47213595499958
216, 61, 1256, 502, 1255, 500, 1, 2, 1.1071487177940904, 2.23606797749979
216, 63, 847, 292, 847, 297, 0, -5, -1.5707963267948966, 5.0
216, 65, 705, 213, 705, 216, 0, -3, -1.5707963267948966, 3.0
216, 66, 696, 289, 697, 291, -1, -2, -2.0344439357957027, 2.23606797749979
216, 67, 514, 604, 515, 609, -1, -5, -1.7681918866447774, 5.0990195135927845
216, 68, 499, 312, 499, 308, 0, 4, 1.5707963267948966, 4.0
216, 69, 523, 573, 525, 580, -2, -7, -1.849095985800008, 7.280109889280518
216, 70, 664, 609, 663, 605, 1, 4, 1.3258176636680326, 4.123105625617661
216, 71, 463, 21, 463, 25, 0, -4, -1.5707963267948966, 4.0
216, 74, 109, 535, 107, 533, 2, 2, 0.7853981633974483, 2.8284271247461903
216, 75, 479, 254, 480, 259, -1, -5, -1.7681918866447774, 5.0990195135927845
216, 76, 809, 75, 808, 76, 1, -1, -0.7853981633974483, 1.4142135623730951
216, 78, 1027, 151, 1029, 155, -2, -4, -2.0344439357957027, 4.47213595499958
216, 79, 791, 390, 790, 388, 1, 2, 1.1071487177940904, 2.23606797749979
216, 81, 1021, 120, 1023, 121, -2, -1, -2.677945044588987, 2.23606797749979
216, 84, 468, 335, 470, 339, -2, -4, -2.0344439357957027, 4.47213595499958
216, 87, 478, 98, 478, 100, 0, -2, -1.5707963267948966, 2.0
216, 90, 1023, 75, 1025, 78, -2, -3, -2.158798930342464, 3.605551275463989
216, 91, 665, 445, 664, 441, 1, 4, 1.3258176636680326, 4.123105625617661
216, 92, 680, 402, 680, 398, 0, 4, 1.5707963267948966, 4.0
216, 93, 659, 624, 659, 621, 0, 3, 1.5707963267948966, 3.0
216, 95, 705, 200, 705, 203, 0, -3, -1.5707963267948966, 3.0
216, 97, 487, 16, 487, 19, 0, -3, -1.5707963267948966, 3.0
216, 99, 857, 206, 858, 211, -1, -5, -1.7681918866447774, 5.0990195135927845
216, 100, 634, 81, 635, 80, -1, 1, 2.356194490192345, 1.4142135623730951
217, 0, 851, 197, 851, 201, 0, -4, -1.5707963267948966, 4.0
217, 1, 561, 623, 560, 622, 1, 1, 0.7853981633974483, 1.4142135623730951
217, 2, 839, 199, 840, 202, -1, -3, -1.892546881191539, 3.1622776601683795
217, 3, 1022, 59, 1024, 63, -2, -4, -2.0344439357957027, 4.47213595499958
217, 5, 402, 14, 399, 14, 3, 0, 0.0, 3.0
217, 6, 354, 631, 356, 629, -2, 2, 2.356194490192345, 2.8284271247461903
217, 7, 490, 260, 490, 264, 0, -4, -1.5707963267948966, 4.0
217, 8, 166, 111, 167, 108, -1, 3, 1.892546881191539, 3.1622776601683795
217, 9, 833, 52, 831, 55, 2, -3, -0.982793723247329, 3.605551275463989
217, 10, 470, 8, 469, 12, 1, -4, -1.3258176636680326, 4.123105625617661
217, 11, 394, 61, 393, 62, 1, -1, -0.7853981633974483, 1.4142135623730951
217, 13, 1030, 68, 1032, 73, -2, -5, -1.9513027039072615, 5.385164807134504
217, 14, 362, 555, 363, 552, -1, 3, 1.892546881191539, 3.1622776601683795
217, 17, 825, 353, 825, 350, 0, 3, 1.5707963267948966, 3.0
217, 18, 696, 209, 696, 214, 0, -5, -1.5707963267948966, 5.0
217, 20, 679, 413, 677, 410, 2, 3, 0.982793723247329, 3.605551275463989
217, 21, 371, 630, 373, 627, -2, 3, 2.158798930342464, 3.605551275463989
217, 23, 474, 262, 475, 266, -1, -4, -1.8157749899217608, 4.123105625617661
217, 24, 810, 351, 808, 349, 2, 2, 0.7853981633974483, 2.8284271247461903
217, 25, 701, 214, 701, 219, 0, -5, -1.5707963267948966, 5.0
217, 27, 511, 657, 512, 659, -1, -2, -2.0344439357957027, 2.23606797749979
217, 29, 832, 207, 833, 210, -1, -3, -1.892546881191539, 3.1622776601683795
217, 30, 673, 492, 672, 489, 1, 3, 1.2490457723982544, 3.1622776601683795
217, 31, 400, 24, 397, 24, 3, 0, 0.0, 3.0
217, 32, 846, 185, 846, 190, 0, -5, -1.5707963267948966, 5.0
217, 33, 617, 190, 618, 186, -1, 4, 1.8157749899217608, 4.123105625617661
217, 34, 119, 558, 117, 556, 2, 2, 0.7853981633974483, 2.8284271247461903
217, 35, 257, 326, 258, 329, -1, -3, -1.892546881191539, 3.1622776601683795
217, 38, 699, 422, 698, 418, 1, 4, 1.3258176636680326, 4.123105625617661
217, 40, 624, 589, 623, 586, 1, 3, 1.2490457723982544, 3.1622776601683795
217, 41, 462, 308, 463, 312, -1, -4, -1.8157749899217608, 4.123105625617661
217, 42, 146, 120, 146, 118, 0, 2, 1.5707963267948966, 2.0
217, 43, 1221, 173, 1220, 171, 1, 2, 1.1071487177940904, 2.23606797749979
217, 44, 736, 121, 737, 127, -1, -6, -1.7359450042095235, 6.082762530298219
217, 47, 1214, 169, 1213, 167, 1, 2, 1.1071487177940904, 2.23606797749979
217, 49, 837, 64, 835, 68, 2, -4, -1.1071487177940904, 4.47213595499958
217, 50, 693, 415, 693, 412, 0, 3, 1.5707963267948966, 3.0
217, 51, 496, 269, 496, 272, 0, -3, -1.5707963267948966, 3.0
217, 52, 477, 340, 478, 344, -1, -4, -1.8157749899217608, 4.123105625617661
217, 53, 1218, 259, 1218, 257, 0, 2, 1.5707963267948966, 2.0
217, 55, 1220, 224, 1219, 221, 1, 3, 1.2490457723982544, 3.1622776601683795
217, 57, 1261, 508, 1261, 506, 0, 2, 1.5707963267948966, 2.0
217, 58, 458, 330, 460, 334, -2, -4, -2.0344439357957027, 4.47213595499958
217, 59, 1257, 504, 1256, 502, 1, 2, 1.1071487177940904, 2.23606797749979
217, 61, 845, 286, 847, 292, -2, -6, -1.892546881191539, 6.324555320336759
217, 62, 687, 506, 686, 505, 1, 1, 0.7853981633974483, 1.4142135623730951
217, 63, 705, 208, 705, 213, 0, -5, -1.5707963267948966, 5.0
217, 64, 695, 285, 696, 289, -1, -4, -1.8157749899217608, 4.123105625617661
217, 65, 514, 598, 514, 604, 0, -6, -1.5707963267948966, 6.0
217, 66, 499, 314, 499, 312, 0, 2, 1.5707963267948966, 2.0
217, 67, 520, 565, 523, 573, -3, -8, -1.9295669970654687, 8.54400374531753
217, 68, 663, 613, 664, 609, -1, 4, 1.8157749899217608, 4.123105625617661
217, 69, 463, 17, 463, 21, 0, -4, -1.5707963267948966, 4.0
217, 71, 1210, 273, 1209, 270, 1, 3, 1.2490457723982544, 3.1622776601683795
217, 72, 109, 537, 109, 535, 0, 2, 1.5707963267948966, 2.0
217, 73, 478, 249, 479, 254, -1, -5, -1.7681918866447774, 5.0990195135927845
217, 74, 809, 70, 809, 75, 0, -5, -1.5707963267948966, 5.0
217, 76, 1025, 149, 1027, 151, -2, -2, -2.356194490192345, 2.8284271247461903
217, 77, 793, 388, 791, 390, 2, -2, -0.7853981633974483, 2.8284271247461903
217, 79, 1019, 119, 1021, 120, -2, -1, -2.677945044588987, 2.23606797749979
217, 82, 466, 331, 468, 335, -2, -4, -2.0344439357957027, 4.47213595499958
217, 84, 833, 389, 831, 388, 2, 1, 0.4636476090008061, 2.23606797749979
217, 85, 478, 96, 478, 98, 0, -2, -1.5707963267948966, 2.0
217, 87, 1021, 72, 1023, 75, -2, -3, -2.158798930342464, 3.605551275463989
217, 88, 666, 447, 665, 445, 1, 2, 1.1071487177940904, 2.23606797749979
217, 89, 681, 405, 680, 402, 1, 3, 1.2490457723982544, 3.1622776601683795
217, 92, 705, 195, 705, 200, 0, -5, -1.5707963267948966, 5.0
217, 93, 1222, 134, 1220, 131, 2, 3, 0.982793723247329, 3.605551275463989
217, 94, 487, 12, 487, 16, 0, -4, -1.5707963267948966, 4.0
217, 96, 857, 202, 857, 206, 0, -4, -1.5707963267948966, 4.0
217, 97, 633, 82, 634, 81, -1, 1, 2.356194490192345, 1.4142135623730951
217, 102, 1261, 125, 1261, 123, 0, 2, 1.5707963267948966, 2.0
218, 0, 851, 192, 851, 197, 0, -5, -1.5707963267948966, 5.0
218, 1, 559, 624, 561, 623, -2, 1, 2.677945044588987, 2.23606797749979
218, 2, 838, 195, 839, 199, -1, -4, -1.8157749899217608, 4.123105625617661
218, 3, 1021, 55, 1022, 59, -1, -4, -1.8157749899217608, 4.123105625617661
218, 5, 405, 14, 402, 14, 3, 0, 0.0, 3.0
218, 6, 352, 635, 354, 631, -2, 4, 2.0344439357957027, 4.47213595499958
218, 7, 490, 256, 490, 260, 0, -4, -1.5707963267948966, 4.0
218, 8, 165, 113, 166, 111, -1, 2, 2.0344439357957027, 2.23606797749979
218, 9, 834, 50, 833, 52, 1, -2, -1.1071487177940904, 2.23606797749979
218, 12, 1029, 64, 1030, 68, -1, -4, -1.8157749899217608, 4.123105625617661
218, 13, 360, 558, 362, 555, -2, 3, 2.158798930342464, 3.605551275463989
218, 16, 826, 357, 825, 353, 1, 4, 1.3258176636680326, 4.123105625617661
218, 17, 696, 205, 696, 209, 0, -4, -1.5707963267948966, 4.0
218, 19, 679, 417, 679, 413, 0, 4, 1.5707963267948966, 4.0
218, 20, 369, 634, 371, 630, -2, 4, 2.0344439357957027, 4.47213595499958
218, 22, 474, 257, 474, 262, 0, -5, -1.5707963267948966, 5.0
218, 23, 811, 354, 810, 351, 1, 3, 1.2490457723982544, 3.1622776601683795
218, 24, 701, 210, 701, 214, 0, -4, -1.5707963267948966, 4.0
218, 25, 392, 74, 391, 73, 1, 1, 0.7853981633974483, 1.4142135623730951
218, 27, 102, 578, 100, 576, 2, 2, 0.7853981633974483, 2.8284271247461903
218, 28, 831, 202, 832, 207, -1, -5, -1.7681918866447774, 5.0990195135927845
218, 29, 675, 495, 673, 492, 2, 3, 0.982793723247329, 3.605551275463989
218, 30, 403, 23, 400, 24, 3, -1, -0.3217505543966422, 3.1622776601683795
218, 31, 846, 180, 846, 185, 0, -5, -1.5707963267948966, 5.0
218, 32, 616, 193, 617, 190, -1, 3, 1.892546881191539, 3.1622776601683795
218, 33, 120, 560, 119, 558, 1, 2, 1.1071487177940904, 2.23606797749979
218, 34, 256, 324, 257, 326, -1, -2, -2.0344439357957027, 2.23606797749979
218, 37, 699, 426, 699, 422, 0, 4, 1.5707963267948966, 4.0
218, 39, 624, 593, 624, 589, 0, 4, 1.5707963267948966, 4.0
218, 40, 461, 303, 462, 308, -1, -5, -1.7681918866447774, 5.0990195135927845
218, 43, 736, 117, 736, 121, 0, -4, -1.5707963267948966, 4.0
218, 48, 838, 63, 837, 64, 1, -1, -0.7853981633974483, 1.4142135623730951
218, 49, 693, 419, 693, 415, 0, 4, 1.5707963267948966, 4.0
218, 50, 495, 265, 496, 269, -1, -4, -1.8157749899217608, 4.123105625617661
218, 51, 476, 337, 477, 340, -1, -3, -1.892546881191539, 3.1622776601683795
218, 54, 1220, 226, 1220, 224, 0, 2, 1.5707963267948966, 2.0
218, 56, 1261, 512, 1261, 508, 0, 4, 1.5707963267948966, 4.0
218, 57, 456, 326, 458, 330, -2, -4, -2.0344439357957027, 4.47213595499958
218, 58, 1260, 506, 1257, 504, 3, 2, 0.5880026035475675, 3.605551275463989
218, 60, 844, 283, 845, 286, -1, -3, -1.892546881191539, 3.1622776601683795
218, 62, 705, 204, 705, 208, 0, -4, -1.5707963267948966, 4.0
218, 63, 694, 280, 695, 285, -1, -5, -1.7681918866447774, 5.0990195135927845
218, 64, 513, 594, 514, 598, -1, -4, -1.8157749899217608, 4.123105625617661
218, 66, 519, 558, 520, 565, -1, -7, -1.7126933813990606, 7.0710678118654755
218, 67, 662, 618, 663, 613, -1, 5, 1.7681918866447774, 5.0990195135927845
218, 68, 463, 15, 463, 17, 0, -2, -1.5707963267948966, 2.0
218, 70, 1210, 275, 1210, 273, 0, 2, 1.5707963267948966, 2.0
218, 71, 111, 539, 109, 537, 2, 2, 0.7853981633974483, 2.8284271247461903
218, 72, 478, 244, 478, 249, 0, -5, -1.5707963267948966, 5.0
218, 75, 1023, 147, 1025, 149, -2, -2, -2.356194490192345, 2.8284271247461903
218, 80, 464, 327, 466, 331, -2, -4, -2.0344439357957027, 4.47213595499958
218, 82, 834, 392, 833, 389, 1, 3, 1.2490457723982544, 3.1622776601683795
218, 83, 478, 94, 478, 96, 0, -2, -1.5707963267948966, 2.0
218, 85, 1020, 68, 1021, 72, -1, -4, -1.8157749899217608, 4.123105625617661
218, 86, 667, 451, 666, 447, 1, 4, 1.3258176636680326, 4.123105625617661
218, 87, 681, 409, 681, 405, 0, 4, 1.5707963267948966, 4.0
218, 90, 705, 191, 705, 195, 0, -4, -1.5707963267948966, 4.0
218, 91, 1223, 135, 1222, 134, 1, 1, 0.7853981633974483, 1.4142135623730951
218, 92, 486, 9, 487, 12, -1, -3, -1.892546881191539, 3.1622776601683795
218, 94, 857, 197, 857, 202, 0, -5, -1.5707963267948966, 5.0
218, 97, 1261, 526, 1261, 522, 0, 4, 1.5707963267948966, 4.0
218, 98, 168, 134, 169, 133, -1, 1, 2.356194490192345, 1.4142135623730951
219, 0, 851, 187, 851, 192, 0, -5, -1.5707963267948966, 5.0
219, 1, 557, 624, 559, 624, -2, 0, 3.141592653589793, 2.0
219, 2, 837, 190, 838, 195, -1, -5, -1.7681918866447774, 5.0990195135927845
219, 3, 1020, 52, 1021, 55, -1, -3, -1.892546881191539, 3.1622776601683795
219, 5, 408, 14, 405, 14, 3, 0, 0.0, 3.0
219, 6, 350, 639, 352, 635, -2, 4, 2.0344439357957027, 4.47213595499958
219, 7, 490, 252, 490, 256, 0, -4, -1.5707963267948966, 4.0
219, 8, 164, 115, 165, 113, -1, 2, 2.0344439357957027, 2.23606797749979
219, 12, 1028, 61, 1029, 64, -1, -3, -1.892546881191539, 3.1622776601683795
219, 13, 358, 561, 360, 558, -2, 3, 2.158798930342464, 3.605551275463989
219, 14, 826, 360, 826, 357, 0, 3, 1.5707963267948966, 3.0
219, 15, 696, 201, 696, 205, 0, -4, -1.5707963267948966, 4.0
219, 17, 679, 421, 679, 417, 0, 4, 1.5707963267948966, 4.0
219, 18, 367, 638, 369, 634, -2, 4, 2.0344439357957027, 4.47213595499958
219, 20, 474, 253, 474, 257, 0, -4, -1.5707963267948966, 4.0
219, 21, 813, 357, 811, 354, 2, 3, 0.982793723247329, 3.605551275463989
219, 22, 701, 206, 701, 210, 0, -4, -1.5707963267948966, 4.0
219, 25, 104, 581, 102, 578, 2, 3, 0.982793723247329, 3.605551275463989
219, 26, 830, 198, 831, 202, -1, -4, -1.8157749899217608, 4.123105625617661
219, 27, 677, 499, 675, 495, 2, 4, 1.1071487177940904, 4.47213595499958
219, 28, 405, 23, 403, 23, 2, 0, 0.0, 2.0
219, 29, 846, 175, 846, 180, 0, -5, -1.5707963267948966, 5.0
219, 30, 615, 196, 616, 193, -1, 3, 1.892546881191539, 3.1622776601683795
219, 31, 121, 562, 120, 560, 1, 2, 1.1071487177940904, 2.23606797749979
219, 32, 256, 322, 256, 324, 0, -2, -1.5707963267948966, 2.0
219, 35, 699, 430, 699, 426, 0, 4, 1.5707963267948966, 4.0
219, 36, 624, 597, 624, 593, 0, 4, 1.5707963267948966, 4.0
219, 37, 460, 299, 461, 303, -1, -4, -1.8157749899217608, 4.123105625617661
219, 39, 1222, 175, 1221, 174, 1, 1, 0.7853981633974483, 1.4142135623730951
219, 40, 735, 114, 736, 117, -1, -3, -1.892546881191539, 3.1622776601683795
219, 43, 1215, 171, 1214, 170, 1, 1, 0.7853981633974483, 1.4142135623730951
219, 46, 693, 423, 693, 419, 0, 4, 1.5707963267948966, 4.0
219, 47, 494, 261, 495, 265, -1, -4, -1.8157749899217608, 4.123105625617661
219, 48, 475, 335, 476, 337, -1, -2, -2.0344439357957027, 2.23606797749979
219, 51, 1221, 228, 1220, 226, 1, 2, 1.1071487177940904, 2.23606797749979
219, 53, 1261, 516, 1261, 512, 0, 4, 1.5707963267948966, 4.0
219, 54, 454, 322, 456, 326, -2, -4, -2.0344439357957027, 4.47213595499958
219, 55, 1261, 510, 1260, 506, 1, 4, 1.3258176636680326, 4.123105625617661
219, 57, 843, 280, 844, 283, -1, -3, -1.892546881191539, 3.1622776601683795
219, 58, 689, 505, 688, 506, 1, -1, -0.7853981633974483, 1.4142135623730951
219, 59, 705, 200, 705, 204, 0, -4, -1.5707963267948966, 4.0
219, 60, 693, 277, 694, 280, -1, -3, -1.892546881191539, 3.1622776601683795
219, 61, 512, 589, 513, 594, -1, -5, -1.7681918866447774, 5.0990195135927845
219, 63, 519, 551, 519, 558, 0, -7, -1.5707963267948966, 7.0
219, 64, 662, 621, 662, 618, 0, 3, 1.5707963267948966, 3.0
219, 65, 463, 13, 463, 15, 0, -2, -1.5707963267948966, 2.0
219, 67, 1210, 277, 1210, 275, 0, 2, 1.5707963267948966, 2.0
219, 68, 113, 542, 111, 539, 2, 3, 0.982793723247329, 3.605551275463989
219, 69, 478, 240, 478, 244, 0, -4, -1.5707963267948966, 4.0
219, 70, 809, 67, 809, 69, 0, -2, -1.5707963267948966, 2.0
219, 72, 1021, 146, 1023, 147, -2, -1, -2.677945044588987, 2.23606797749979
219, 75, 1261, 535, 1261, 532, 0, 3, 1.5707963267948966, 3.0
219, 76, 462, 323, 464, 327, -2, -4, -2.0344439357957027, 4.47213595499958
219, 78, 835, 395, 834, 392, 1, 3, 1.2490457723982544, 3.1622776601683795
219, 79, 478, 92, 478, 94, 0, -2, -1.5707963267948966, 2.0
219, 81, 1019, 64, 1020, 68, -1, -4, -1.8157749899217608, 4.123105625617661
219, 82, 668, 455, 667, 451, 1, 4, 1.3258176636680326, 4.123105625617661
219, 83, 681, 413, 681, 409, 0, 4, 1.5707963267948966, 4.0
219, 85, 705, 187, 705, 191, 0, -4, -1.5707963267948966, 4.0
219, 86, 1224, 136, 1223, 135, 1, 1, 0.7853981633974483, 1.4142135623730951
219, 88, 857, 192, 857, 197, 0, -5, -1.5707963267948966, 5.0
219, 90, 603, 241, 604, 240, -1, 1, 2.356194490192345, 1.4142135623730951
219, 91, 1261, 529, 1261, 526, 0, 3, 1.5707963267948966, 3.0
219, 92, 166, 134, 168, 134, -2, 0, 3.141592653589793, 2.0
220, 0, 852, 193, 853, 197, -1, -4, -1.8157749899217608, 4.123105625617661
220, 1, 405, 16, 402, 16, 3, 0, 0.0, 3.0
220, 3, 840, 194, 841, 198, -1, -4, -1.8157749899217608, 4.123105625617661
220, 5, 556, 644, 559, 642, -3, 2, 2.5535900500422257, 3.605551275463989
220, 6, 1025, 57, 1026, 60, -1, -3, -1.892546881191539, 3.1622776601683795
220, 7, 168, 113, 168, 111, 0, 2, 1.5707963267948966, 2.0
220, 8, 1033, 69, 1034, 71, -1, -2, -2.0344439357957027, 2.23606797749979
220, 9, 349, 585, 350, 584, -1, 1, 2.356194490192345, 1.4142135623730951
220, 11, 402, 25, 399, 25, 3, 0, 0.0, 3.0
220, 12, 372, 640, 373, 636, -1, 4, 1.8157749899217608, 4.123105625617661
220, 13, 829, 361, 828, 357, 1, 4, 1.3258176636680326, 4.123105625617661
220, 14, 353, 644, 354, 640, -1, 4, 1.8157749899217608, 4.123105625617661
220, 15, 490, 258, 490, 261, 0, -3, -1.5707963267948966, 3.0
220, 16, 245, 335, 246, 337, -1, -2, -2.0344439357957027, 2.23606797749979
220, 17, 509, 626, 510, 630, -1, -4, -1.8157749899217608, 4.123105625617661
220, 18, 827, 231, 828, 234, -1, -3, -1.892546881191539, 3.1622776601683795
220, 19, 477, 258, 477, 262, 0, -4, -1.5707963267948966, 4.0
220, 21, 258, 325, 259, 327, -1, -2, -2.0344439357957027, 2.23606797749979
220, 23, 618, 194, 619, 191, -1, 3, 1.892546881191539, 3.1622776601683795
220, 24, 1032, 107, 1034, 108, -2, -1, -2.677945044588987, 2.23606797749979
220, 26, 1217, 171, 1216, 170, 1, 1, 0.7853981633974483, 1.4142135623730951
220, 27, 695, 206, 696, 211, -1, -5, -1.7681918866447774, 5.0990195135927845
220, 28, 476, 338, 477, 340, -1, -2, -2.0344439357957027, 2.23606797749979
220, 29, 700, 211, 701, 216, -1, -5, -1.7681918866447774, 5.0990195135927845
220, 31, 244, 325, 245, 327, -1, -2, -2.0344439357957027, 2.23606797749979
220, 33, 679, 423, 679, 419, 0, 4, 1.5707963267948966, 4.0
220, 34, 829, 381, 829, 377, 0, 4, 1.5707963267948966, 4.0
220, 35, 676, 576, 675, 573, 1, 3, 1.2490457723982544, 3.1622776601683795
220, 36, 847, 182, 848, 186, -1, -4, -1.8157749899217608, 4.123105625617661
220, 37, 701, 429, 701, 425, 0, 4, 1.5707963267948966, 4.0
220, 38, 383, 701, 384, 715, -1, -14, -1.642103791580187, 14.035668847618199
220, 39, 739, 128, 740, 131, -1, -3, -1.892546881191539, 3.1622776601683795
220, 40, 1261, 573, 1274, 573, -13, 0, 3.141592653589793, 13.0
220, 41, 679, 16, 680, 15, -1, 1, 2.356194490192345, 1.4142135623730951
220, 43, 646, 14, 647, 13, -1, 1, 2.356194490192345, 1.4142135623730951
220, 44, 473, 94, 473, 96, 0, -2, -1.5707963267948966, 2.0
220, 45, 462, 306, 463, 310, -1, -4, -1.8157749899217608, 4.123105625617661
220, 47, 676, 500, 675, 497, 1, 3, 1.2490457723982544, 3.1622776601683795
220, 48, 1021, 69, 1023, 72, -2, -3, -2.158798930342464, 3.605551275463989
220, 49, 1015, 142, 1017, 144, -2, -2, -2.356194490192345, 2.8284271247461903
220, 50, 498, 266, 499, 269, -1, -3, -1.892546881191539, 3.1622776601683795
220, 51, 1211, 274, 1211, 272, 0, 2, 1.5707963267948966, 2.0
220, 55, 696, 423, 696, 419, 0, 4, 1.5707963267948966, 4.0
220, 56, 361, 583, 363, 579, -2, 4, 2.0344439357957027, 4.47213595499958
220, 57, 834, 397, 833, 393, 1, 4, 1.3258176636680326, 4.123105625617661
220, 58, 812, 405, 812, 402, 0, 3, 1.5707963267948966, 3.0
220, 59, 524, 561, 525, 567, -1, -6, -1.7359450042095235, 6.082762530298219
220, 60, 1224, 135, 1223, 134, 1, 1, 0.7853981633974483, 1.4142135623730951
220, 63, 813, 358, 811, 355, 2, 3, 0.982793723247329, 3.605551275463989
220, 64, 481, 249, 481, 252, 0, -3, -1.5707963267948966, 3.0
220, 65, 99, 591, 96, 589, 3, 2, 0.5880026035475675, 3.605551275463989
220, 67, 512, 589, 513, 594, -1, -5, -1.7681918866447774, 5.0990195135927845
220, 69, 1194, 320, 1195, 318, -1, 2, 2.0344439357957027, 2.23606797749979
220, 71, 1219, 262, 1219, 260, 0, 2, 1.5707963267948966, 2.0
220, 72, 1221, 227, 1221, 225, 0, 2, 1.5707963267948966, 2.0
220, 73, 71, 571, 69, 574, 2, -3, -0.982793723247329, 3.605551275463989
220, 74, 695, 280, 696, 284, -1, -4, -1.8157749899217608, 4.123105625617661
220, 75, 1261, 526, 1262, 523, -1, 3, 1.892546881191539, 3.1622776601683795
220, 77, 833, 201, 834, 205, -1, -4, -1.8157749899217608, 4.123105625617661
220, 78, 455, 326, 457, 329, -2, -3, -2.158798930342464, 3.605551275463989
220, 79, 667, 457, 666, 453, 1, 4, 1.3258176636680326, 4.123105625617661
220, 80, 705, 205, 706, 210, -1, -5, -1.7681918866447774, 5.0990195135927845
220, 81, 847, 277, 848, 280, -1, -3, -1.892546881191539, 3.1622776601683795
220, 83, 1261, 169, 1276, 169, -15, 0, 3.141592653589793, 15.0
220, 85, 683, 414, 683, 410, 0, 4, 1.5707963267948966, 4.0
220, 86, 613, 235, 613, 233, 0, 2, 1.5707963267948966, 2.0
220, 87, 1021, 128, 1023, 130, -2, -2, -2.356194490192345, 2.8284271247461903
220, 90, 730, 198, 730, 200, 0, -2, -1.5707963267948966, 2.0
220, 92, 1223, 175, 1222, 174, 1, 1, 0.7853981633974483, 1.4142135623730951
220, 94, 690, 413, 690, 409, 0, 4, 1.5707963267948966, 4.0
220, 95, 857, 199, 858, 203, -1, -4, -1.8157749899217608, 4.123105625617661
220, 98, 713, 153, 714, 155, -1, -2, -2.0344439357957027, 2.23606797749979
220, 100, 817, 353, 816, 349, 1, 4, 1.3258176636680326, 4.123105625617661
220, 104, 150, 71, 150, 69, 0, 2, 1.5707963267948966, 2.0
220, 105, 122, 566, 121, 563, 1, 3, 1.2490457723982544, 3.1622776601683795
220, 106, 486, 12, 487, 15, -1, -3, -1.892546881191539, 3.1622776601683795
220, 107, 410, 58, 408, 58, 2, 0, 0.0, 2.0
220, 110, 706, 194, 707, 198, -1, -4, -1.8157749899217608, 4.123105625617661
220, 112, 140, 62, 139, 60, 1, 2, 1.1071487177940904, 2.23606797749979
220, 114, 838, 275, 839, 277, -1, -2, -2.0344439357957027, 2.23606797749979
220, 115, 744, 154, 745, 157, -1, -3, -1.892546881191539, 3.1622776601683795
221, 0, 851, 190, 852, 193, -1, -3, -1.892546881191539, 3.1622776601683795
221, 1, 408, 16, 405, 16, 3, 0, 0.0, 3.0
221, 3, 839, 190, 840, 194, -1, -4, -1.8157749899217608, 4.123105625617661
221, 5, 553, 646, 556, 644, -3, 2, 2.5535900500422257, 3.605551275463989
221, 6, 1024, 55, 1025, 57, -1, -2, -2.0344439357957027, 2.23606797749979
221, 7, 167, 115, 168, 113, -1, 2, 2.0344439357957027, 2.23606797749979
221, 8, 1032, 67, 1033, 69, -1, -2, -2.0344439357957027, 2.23606797749979
221, 9, 347, 585, 349, 585, -2, 0, 3.141592653589793, 2.0
221, 11, 405, 25, 402, 25, 3, 0, 0.0, 3.0
221, 12, 371, 644, 372, 640, -1, 4, 1.8157749899217608, 4.123105625617661
221, 13, 830, 365, 829, 361, 1, 4, 1.3258176636680326, 4.123105625617661
221, 14, 352, 648, 353, 644, -1, 4, 1.8157749899217608, 4.123105625617661
221, 15, 490, 255, 490, 258, 0, -3, -1.5707963267948966, 3.0
221, 16, 509, 622, 509, 626, 0, -4, -1.5707963267948966, 4.0
221, 17, 826, 228, 827, 231, -1, -3, -1.892546881191539, 3.1622776601683795
221, 18, 477, 255, 477, 258, 0, -3, -1.5707963267948966, 3.0
221, 19, 617, 197, 618, 194, -1, 3, 1.892546881191539, 3.1622776601683795
221, 21, 1218, 172, 1217, 171, 1, 1, 0.7853981633974483, 1.4142135623730951
221, 22, 694, 201, 695, 206, -1, -5, -1.7681918866447774, 5.0990195135927845
221, 23, 475, 336, 476, 338, -1, -2, -2.0344439357957027, 2.23606797749979
221, 24, 699, 206, 700, 211, -1, -5, -1.7681918866447774, 5.0990195135927845
221, 27, 679, 427, 679, 423, 0, 4, 1.5707963267948966, 4.0
221, 28, 830, 385, 829, 381, 1, 4, 1.3258176636680326, 4.123105625617661
221, 29, 676, 579, 676, 576, 0, 3, 1.5707963267948966, 3.0
221, 30, 846, 179, 847, 182, -1, -3, -1.892546881191539, 3.1622776601683795
221, 31, 701, 433, 701, 429, 0, 4, 1.5707963267948966, 4.0
221, 33, 738, 126, 739, 128, -1, -2, -2.0344439357957027, 2.23606797749979
221, 35, 678, 17, 679, 16, -1, 1, 2.356194490192345, 1.4142135623730951
221, 37, 645, 15, 646, 14, -1, 1, 2.356194490192345, 1.4142135623730951
221, 38, 461, 303, 462, 306, -1, -3, -1.892546881191539, 3.1622776601683795
221, 40, 676, 503, 676, 500, 0, 3, 1.5707963267948966, 3.0
221, 41, 1020, 67, 1021, 69, -1, -2, -2.0344439357957027, 2.23606797749979
221, 42, 1013, 141, 1015, 142, -2, -1, -2.677945044588987, 2.23606797749979
221, 43, 498, 263, 498, 266, 0, -3, -1.5707963267948966, 3.0
221, 44, 1211, 276, 1211, 274, 0, 2, 1.5707963267948966, 2.0
221, 47, 696, 427, 696, 423, 0, 4, 1.5707963267948966, 4.0
221, 48, 358, 584, 361, 583, -3, 1, 2.819842099193151, 3.1622776601683795
221, 49, 835, 401, 834, 397, 1, 4, 1.3258176636680326, 4.123105625617661
221, 50, 812, 407, 812, 405, 0, 2, 1.5707963267948966, 2.0
221, 51, 523, 555, 524, 561, -1, -6, -1.7359450042095235, 6.082762530298219
221, 52, 1225, 136, 1224, 135, 1, 1, 0.7853981633974483, 1.4142135623730951
221, 55, 815, 361, 813, 358, 2, 3, 0.982793723247329, 3.605551275463989
221, 56, 481, 246, 481, 249, 0, -3, -1.5707963267948966, 3.0
221, 57, 102, 594, 99, 591, 3, 3, 0.7853981633974483, 4.242640687119285
221, 59, 511, 584, 512, 589, -1, -5, -1.7681918866447774, 5.0990195135927845
221, 61, 1193, 322, 1194, 320, -1, 2, 2.0344439357957027, 2.23606797749979
221, 63, 1219, 264, 1219, 262, 0, 2, 1.5707963267948966, 2.0
221, 64, 1221, 230, 1221, 227, 0, 3, 1.5707963267948966, 3.0
221, 65, 74, 569, 71, 571, 3, -2, -0.5880026035475675, 3.605551275463989
221, 66, 694, 278, 695, 280, -1, -2, -2.0344439357957027, 2.23606797749979
221, 67, 1261, 528, 1261, 526, 0, 2, 1.5707963267948966, 2.0
221, 69, 832, 197, 833, 201, -1, -4, -1.8157749899217608, 4.123105625617661
221, 70, 453, 323, 455, 326, -2, -3, -2.158798930342464, 3.605551275463989
221, 71, 667, 461, 667, 457, 0, 4, 1.5707963267948966, 4.0
221, 72, 704, 200, 705, 205, -1, -5, -1.7681918866447774, 5.0990195135927845
221, 73, 846, 274, 847, 277, -1, -3, -1.892546881191539, 3.1622776601683795
221, 77, 683, 418, 683, 414, 0, 4, 1.5707963267948966, 4.0
221, 78, 612, 237, 613, 235, -1, 2, 2.0344439357957027, 2.23606797749979
221, 79, 1019, 125, 1021, 128, -2, -3, -2.158798930342464, 3.605551275463989
221, 85, 690, 417, 690, 413, 0, 4, 1.5707963267948966, 4.0
221, 86, 856, 196, 857, 199, -1, -3, -1.892546881191539, 3.1622776601683795
221, 89, 818, 357, 817, 353, 1, 4, 1.3258176636680326, 4.123105625617661
221, 91, 1241, 127, 1240, 126, 1, 1, 0.7853981633974483, 1.4142135623730951
221, 94, 123, 569, 122, 566, 1, 3, 1.2490457723982544, 3.1622776601683795
221, 95, 485, 10, 486, 12, -1, -2, -2.0344439357957027, 2.23606797749979
221, 96, 412, 57, 410, 58, 2, -1, -0.4636476090008061, 2.23606797749979
221, 99, 705, 189, 706, 194, -1, -5, -1.7681918866447774, 5.0990195135927845
221, 101, 141, 64, 140, 62, 1, 2, 1.1071487177940904, 2.23606797749979
221, 103, 837, 273, 838, 275, -1, -2, -2.0344439357957027, 2.23606797749979
221, 104, 743, 151, 744, 154, -1, -3, -1.892546881191539, 3.1622776601683795
221, 105, 1158, 22, 1157, 23, 1, -1, -0.7853981633974483, 1.4142135623730951
222, 0, 850, 185, 851, 190, -1, -5, -1.7681918866447774, 5.0990195135927845
222, 1, 411, 16, 408, 16, 3, 0, 0.0, 3.0
222, 3, 838, 186, 839, 190, -1, -4, -1.8157749899217608, 4.123105625617661
222, 5, 549, 647, 553, 646, -4, 1, 2.896613990462929, 4.123105625617661
222, 6, 1022, 52, 1024, 55, -2, -3, -2.158798930342464, 3.605551275463989
222, 7, 167, 118, 167, 115, 0, 3, 1.5707963267948966, 3.0
222, 8, 1030, 64, 1032, 67, -2, -3, -2.158798930342464, 3.605551275463989
222, 9, 344, 586, 347, 585, -3, 1, 2.819842099193151, 3.1622776601683795
222, 10, 471, 9, 470, 12, 1, -3, -1.2490457723982544, 3.1622776601683795
222, 11, 408, 25, 405, 25, 3, 0, 0.0, 3.0
222, 12, 368, 647, 371, 644, -3, 3, 2.356194490192345, 4.242640687119285
222, 13, 831, 367, 830, 365, 1, 2, 1.1071487177940904, 2.23606797749979
222, 14, 352, 650, 352, 648, 0, 2, 1.5707963267948966, 2.0
222, 15, 491, 251, 490, 255, 1, -4, -1.3258176636680326, 4.123105625617661
222, 16, 509, 618, 509, 622, 0, -4, -1.5707963267948966, 4.0
222, 17, 826, 226, 826, 228, 0, -2, -1.5707963267948966, 2.0
222, 18, 478, 250, 477, 255, 1, -5, -1.373400766945016, 5.0990195135927845
222, 19, 616, 201, 617, 197, -1, 4, 1.8157749899217608, 4.123105625617661
222, 21, 1220, 175, 1218, 172, 2, 3, 0.982793723247329, 3.605551275463989
222, 22, 693, 197, 694, 201, -1, -4, -1.8157749899217608, 4.123105625617661
222, 23, 473, 334, 475, 336, -2, -2, -2.356194490192345, 2.8284271247461903
222, 24, 698, 202, 699, 206, -1, -4, -1.8157749899217608, 4.123105625617661
222, 27, 679, 430, 679, 427, 0, 3, 1.5707963267948966, 3.0
222, 28, 832, 388, 830, 385, 2, 3, 0.982793723247329, 3.605551275463989
222, 30, 845, 174, 846, 179, -1, -5, -1.7681918866447774, 5.0990195135927845
222, 31, 701, 437, 701, 433, 0, 4, 1.5707963267948966, 4.0
222, 32, 379, 701, 382, 701, -3, 0, 3.141592653589793, 3.0
222, 33, 737, 123, 738, 126, -1, -3, -1.892546881191539, 3.1622776601683795
222, 35, 677, 18, 678, 17, -1, 1, 2.356194490192345, 1.4142135623730951
222, 37, 643, 17, 645, 15, -2, 2, 2.356194490192345, 2.8284271247461903
222, 38, 460, 299, 461, 303, -1, -4, -1.8157749899217608, 4.123105625617661
222, 40, 675, 505, 676, 503, -1, 2, 2.0344439357957027, 2.23606797749979
222, 41, 1018, 63, 1020, 67, -2, -4, -2.0344439357957027, 4.47213595499958
222, 42, 1011, 140, 1013, 141, -2, -1, -2.677945044588987, 2.23606797749979
222, 43, 498, 259, 498, 263, 0, -4, -1.5707963267948966, 4.0
222, 44, 1211, 280, 1211, 276, 0, 4, 1.5707963267948966, 4.0
222, 46, 812, 67, 811, 70, 1, -3, -1.2490457723982544, 3.1622776601683795
222, 47, 696, 431, 696, 427, 0, 4, 1.5707963267948966, 4.0
222, 48, 355, 584, 358, 584, -3, 0, 3.141592653589793, 3.0
222, 49, 837, 405, 835, 401, 2, 4, 1.1071487177940904, 4.47213595499958
222, 50, 813, 409, 812, 407, 1, 2, 1.1071487177940904, 2.23606797749979
222, 51, 522, 547, 523, 555, -1, -8, -1.695151321341658, 8.06225774829855
222, 52, 1228, 138, 1225, 136, 3, 2, 0.5880026035475675, 3.605551275463989
222, 53, 504, 309, 503, 311, 1, -2, -1.1071487177940904, 2.23606797749979
222, 55, 817, 364, 815, 361, 2, 3, 0.982793723247329, 3.605551275463989
222, 56, 482, 241, 481, 246, 1, -5, -1.373400766945016, 5.0990195135927845
222, 57, 103, 595, 102, 594, 1, 1, 0.7853981633974483, 1.4142135623730951
222, 59, 511, 579, 511, 584, 0, -5, -1.5707963267948966, 5.0
222, 62, 834, 54, 832, 56, 2, -2, -0.7853981633974483, 2.8284271247461903
222, 63, 1220, 267, 1219, 264, 1, 3, 1.2490457723982544, 3.1622776601683795
222, 64, 1222, 233, 1221, 230, 1, 3, 1.2490457723982544, 3.1622776601683795
222, 65, 78, 568, 74, 569, 4, -1, -0.24497866312686414, 4.123105625617661
222, 66, 693, 276, 694, 278, -1, -2, -2.0344439357957027, 2.23606797749979
222, 68, 147, 125, 147, 123, 0, 2, 1.5707963267948966, 2.0
222, 69, 830, 193, 832, 197, -2, -4, -2.0344439357957027, 4.47213595499958
222, 70, 451, 320, 453, 323, -2, -3, -2.158798930342464, 3.605551275463989
222, 71, 668, 464, 667, 461, 1, 3, 1.2490457723982544, 3.1622776601683795
222, 72, 703, 195, 704, 200, -1, -5, -1.7681918866447774, 5.0990195135927845
222, 73, 845, 272, 846, 274, -1, -2, -2.0344439357957027, 2.23606797749979
222, 75, 1261, 171, 1261, 169, 0, 2, 1.5707963267948966, 2.0
222, 76, 839, 64, 837, 66, 2, -2, -0.7853981633974483, 2.8284271247461903
222, 77, 683, 421, 683, 418, 0, 3, 1.5707963267948966, 3.0
222, 78, 611, 240, 612, 237, -1, 3, 1.892546881191539, 3.1622776601683795
222, 79, 1016, 121, 1019, 125, -3, -4, -2.214297435588181, 5.0
222, 80, 403, 60, 400, 60, 3, 0, 0.0, 3.0
222, 81, 1210, 194, 1209, 192, 1, 2, 1.1071487177940904, 2.23606797749979
222, 82, 475, 16, 474, 19, 1, -3, -1.2490457723982544, 3.1622776601683795
222, 83, 1224, 179, 1223, 176, 1, 3, 1.2490457723982544, 3.1622776601683795
222, 85, 690, 420, 690, 417, 0, 3, 1.5707963267948966, 3.0
222, 86, 855, 191, 856, 196, -1, -5, -1.7681918866447774, 5.0990195135927845
222, 88, 819, 361, 818, 357, 1, 4, 1.3258176636680326, 4.123105625617661
222, 89, 465, 16, 464, 20, 1, -4, -1.3258176636680326, 4.123105625617661
222, 90, 1244, 129, 1241, 127, 3, 2, 0.5880026035475675, 3.605551275463989
222, 92, 151, 74, 150, 72, 1, 2, 1.1071487177940904, 2.23606797749979
222, 93, 123, 571, 123, 569, 0, 2, 1.5707963267948966, 2.0
222, 95, 415, 58, 412, 57, 3, 1, 0.3217505543966422, 3.1622776601683795
222, 98, 703, 184, 705, 189, -2, -5, -1.9513027039072615, 5.385164807134504
222, 100, 143, 66, 141, 64, 2, 2, 0.7853981633974483, 2.8284271247461903
222, 102, 837, 271, 837, 273, 0, -2, -1.5707963267948966, 2.0
222, 103, 742, 148, 743, 151, -1, -3, -1.892546881191539, 3.1622776601683795
223, 0, 849, 183, 850, 185, -1, -2, -2.0344439357957027, 2.23606797749979
223, 1, 414, 16, 411, 16, 3, 0, 0.0, 3.0
223, 3, 837, 184, 838, 186, -1, -2, -2.0344439357957027, 2.23606797749979
223, 5, 546, 644, 549, 647, -3, -3, -2.356194490192345, 4.242640687119285
223, 6, 1021, 50, 1022, 52, -1, -2, -2.0344439357957027, 2.23606797749979
223, 8, 1029, 62, 1030, 64, -1, -2, -2.0344439357957027, 2.23606797749979
223, 9, 342, 587, 344, 586, -2, 1, 2.677945044588987, 2.23606797749979
223, 10, 411, 25, 408, 25, 3, 0, 0.0, 3.0
223, 11, 367, 651, 368, 647, -1, 4, 1.8157749899217608, 4.123105625617661
223, 12, 832, 370, 831, 367, 1, 3, 1.2490457723982544, 3.1622776601683795
223, 13, 352, 653, 352, 650, 0, 3, 1.5707963267948966, 3.0
223, 14, 491, 248, 491, 251, 0, -3, -1.5707963267948966, 3.0
223, 15, 508, 614, 509, 618, -1, -4, -1.8157749899217608, 4.123105625617661
223, 16, 825, 223, 826, 226, -1, -3, -1.892546881191539, 3.1622776601683795
223, 17, 478, 247, 478, 250, 0, -3, -1.5707963267948966, 3.0
223, 18, 615, 202, 616, 201, -1, 1, 2.356194490192345, 1.4142135623730951
223, 20, 1221, 176, 1220, 175, 1, 1, 0.7853981633974483, 1.4142135623730951
223, 21, 692, 194, 693, 197, -1, -3, -1.892546881191539, 3.1622776601683795
223, 22, 472, 332, 473, 334, -1, -2, -2.0344439357957027, 2.23606797749979
223, 23, 697, 199, 698, 202, -1, -3, -1.892546881191539, 3.1622776601683795
223, 25, 415, 73, 414, 74, 1, -1, -0.7853981633974483, 1.4142135623730951
223, 26, 679, 433, 679, 430, 0, 3, 1.5707963267948966, 3.0
223, 27, 833, 392, 832, 388, 1, 4, 1.3258176636680326, 4.123105625617661
223, 28, 676, 582, 676, 579, 0, 3, 1.5707963267948966, 3.0
223, 29, 844, 172, 845, 174, -1, -2, -2.0344439357957027, 2.23606797749979
223, 30, 701, 440, 701, 437, 0, 3, 1.5707963267948966, 3.0
223, 32, 736, 121, 737, 123, -1, -2, -2.0344439357957027, 2.23606797749979
223, 36, 460, 297, 460, 299, 0, -2, -1.5707963267948966, 2.0
223, 38, 675, 508, 675, 505, 0, 3, 1.5707963267948966, 3.0
223, 39, 1017, 61, 1018, 63, -1, -2, -2.0344439357957027, 2.23606797749979
223, 40, 498, 256, 498, 259, 0, -3, -1.5707963267948966, 3.0
223, 41, 1211, 283, 1211, 280, 0, 3, 1.5707963267948966, 3.0
223, 43, 812, 65, 812, 67, 0, -2, -1.5707963267948966, 2.0
223, 44, 696, 434, 696, 431, 0, 3, 1.5707963267948966, 3.0
223, 45, 353, 585, 355, 584, -2, 1, 2.677945044588987, 2.23606797749979
223, 46, 838, 409, 837, 405, 1, 4, 1.3258176636680326, 4.123105625617661
223, 47, 813, 413, 813, 409, 0, 4, 1.5707963267948966, 4.0
223, 48, 522, 542, 522, 547, 0, -5, -1.5707963267948966, 5.0
223, 49, 1229, 139, 1228, 138, 1, 1, 0.7853981633974483, 1.4142135623730951
223, 50, 504, 307, 504, 309, 0, -2, -1.5707963267948966, 2.0
223, 52, 819, 367, 817, 364, 2, 3, 0.982793723247329, 3.605551275463989
223, 53, 482, 238, 482, 241, 0, -3, -1.5707963267948966, 3.0
223, 54, 105, 597, 103, 595, 2, 2, 0.7853981633974483, 2.8284271247461903
223, 56, 510, 574, 511, 579, -1, -5, -1.7681918866447774, 5.0990195135927845
223, 59, 834, 52, 834, 54, 0, -2, -1.5707963267948966, 2.0
223, 60, 1220, 270, 1220, 267, 0, 3, 1.5707963267948966, 3.0
223, 61, 1222, 236, 1222, 233, 0, 3, 1.5707963267948966, 3.0
223, 62, 81, 569, 78, 568, 3, 1, 0.3217505543966422, 3.1622776601683795
223, 63, 692, 274, 693, 276, -1, -2, -2.0344439357957027, 2.23606797749979
223, 66, 829, 191, 830, 193, -1, -2, -2.0344439357957027, 2.23606797749979
223, 67, 450, 318, 451, 320, -1, -2, -2.0344439357957027, 2.23606797749979
223, 68, 668, 467, 668, 464, 0, 3, 1.5707963267948966, 3.0
223, 69, 702, 192, 703, 195, -1, -3, -1.892546881191539, 3.1622776601683795
223, 70, 844, 270, 845, 272, -1, -2, -2.0344439357957027, 2.23606797749979
223, 72, 840, 62, 839, 64, 1, -2, -1.1071487177940904, 2.23606797749979
223, 73, 683, 424, 683, 421, 0, 3, 1.5707963267948966, 3.0
223, 74, 610, 242, 611, 240, -1, 2, 2.0344439357957027, 2.23606797749979
223, 75, 1014, 118, 1016, 121, -2, -3, -2.158798930342464, 3.605551275463989
223, 76, 405, 60, 403, 60, 2, 0, 0.0, 2.0
223, 77, 1210, 196, 1210, 194, 0, 2, 1.5707963267948966, 2.0
223, 78, 475, 14, 475, 16, 0, -2, -1.5707963267948966, 2.0
223, 81, 690, 423, 690, 420, 0, 3, 1.5707963267948966, 3.0
223, 82, 854, 189, 855, 191, -1, -2, -2.0344439357957027, 2.23606797749979
223, 84, 821, 364, 819, 361, 2, 3, 0.982793723247329, 3.605551275463989
223, 85, 465, 13, 465, 16, 0, -3, -1.5707963267948966, 3.0
223, 89, 124, 574, 123, 571, 1, 3, 1.2490457723982544, 3.1622776601683795
223, 90, 417, 57, 415, 58, 2, -1, -0.4636476090008061, 2.23606797749979
223, 91, 805, 425, 804, 424, 1, 1, 0.7853981633974483, 1.4142135623730951
223, 93, 702, 180, 703, 184, -1, -4, -1.8157749899217608, 4.123105625617661
223, 96, 836, 269, 837, 271, -1, -2, -2.0344439357957027, 2.23606797749979
223, 97, 741, 144, 742, 148, -1, -4, -1.8157749899217608, 4.123105625617661
224, 0, 848, 181, 849, 183, -1, -2, -2.0344439357957027, 2.23606797749979
224, 1, 417, 16, 414, 16, 3, 0, 0.0, 3.0
224, 3, 836, 181, 837, 184, -1, -3, -1.892546881191539, 3.1622776601683795
224, 5, 543, 640, 546, 644, -3, -4, -2.214297435588181, 5.0
224, 7, 1028, 60, 1029, 62, -1, -2, -2.0344439357957027, 2.23606797749979
224, 8, 340, 587, 342, 587, -2, 0, 3.141592653589793, 2.0
224, 9, 414, 25, 411, 25, 3, 0, 0.0, 3.0
224, 10, 366, 654, 367, 651, -1, 3, 1.892546881191539, 3.1622776601683795
224, 11, 833, 373, 832, 370, 1, 3, 1.2490457723982544, 3.1622776601683795
224, 12, 352, 656, 352, 653, 0, 3, 1.5707963267948966, 3.0
224, 13, 491, 245, 491, 248, 0, -3, -1.5707963267948966, 3.0
224, 14, 507, 609, 508, 614, -1, -5, -1.7681918866447774, 5.0990195135927845
224, 15, 824, 220, 825, 223, -1, -3, -1.892546881191539, 3.1622776601683795
224, 16, 478, 244, 478, 247, 0, -3, -1.5707963267948966, 3.0
224, 17, 614, 204, 615, 202, -1, 2, 2.0344439357957027, 2.23606797749979
224, 19, 1222, 177, 1221, 176, 1, 1, 0.7853981633974483, 1.4142135623730951
224, 20, 691, 192, 692, 194, -1, -2, -2.0344439357957027, 2.23606797749979
224, 21, 471, 329, 472, 332, -1, -3, -1.892546881191539, 3.1622776601683795
224, 22, 696, 196, 697, 199, -1, -3, -1.892546881191539, 3.1622776601683795
224, 25, 679, 436, 679, 433, 0, 3, 1.5707963267948966, 3.0
224, 26, 834, 395, 833, 392, 1, 3, 1.2490457723982544, 3.1622776601683795
224, 27, 676, 585, 676, 582, 0, 3, 1.5707963267948966, 3.0
224, 28, 843, 170, 844, 172, -1, -2, -2.0344439357957027, 2.23606797749979
224, 29, 701, 443, 701, 440, 0, 3, 1.5707963267948966, 3.0
224, 31, 735, 119, 736, 121, -1, -2, -2.0344439357957027, 2.23606797749979
224, 35, 460, 294, 460, 297, 0, -3, -1.5707963267948966, 3.0
224, 37, 674, 511, 675, 508, -1, 3, 1.892546881191539, 3.1622776601683795
224, 38, 1016, 59, 1017, 61, -1, -2, -2.0344439357957027, 2.23606797749979
224, 39, 498, 253, 498, 256, 0, -3, -1.5707963267948966, 3.0
224, 40, 1211, 286, 1211, 283, 0, 3, 1.5707963267948966, 3.0
224, 42, 812, 62, 812, 65, 0, -3, -1.5707963267948966, 3.0
224, 43, 696, 437, 696, 434, 0, 3, 1.5707963267948966, 3.0
224, 44, 351, 587, 353, 585, -2, 2, 2.356194490192345, 2.8284271247461903
224, 45, 839, 413, 838, 409, 1, 4, 1.3258176636680326, 4.123105625617661
224, 46, 814, 416, 813, 413, 1, 3, 1.2490457723982544, 3.1622776601683795
224, 47, 521, 537, 522, 542, -1, -5, -1.7681918866447774, 5.0990195135927845
224, 48, 1230, 140, 1229, 139, 1, 1, 0.7853981633974483, 1.4142135623730951
224, 49, 504, 305, 504, 307, 0, -2, -1.5707963267948966, 2.0
224, 51, 821, 370, 819, 367, 2, 3, 0.982793723247329, 3.605551275463989
224, 52, 482, 235, 482, 238, 0, -3, -1.5707963267948966, 3.0
224, 53, 107, 600, 105, 597, 2, 3, 0.982793723247329, 3.605551275463989
224, 55, 509, 569, 510, 574, -1, -5, -1.7681918866447774, 5.0990195135927845
224, 58, 835, 50, 834, 52, 1, -2, -1.1071487177940904, 2.23606797749979
224, 59, 1220, 273, 1220, 270, 0, 3, 1.5707963267948966, 3.0
224, 60, 1222, 239, 1222, 236, 0, 3, 1.5707963267948966, 3.0
224, 61, 83, 572, 81, 569, 2, 3, 0.982793723247329, 3.605551275463989
224, 62, 692, 272, 692, 274, 0, -2, -1.5707963267948966, 2.0
224, 65, 829, 188, 829, 191, 0, -3, -1.5707963267948966, 3.0
224, 66, 449, 315, 450, 318, -1, -3, -1.892546881191539, 3.1622776601683795
224, 67, 668, 470, 668, 467, 0, 3, 1.5707963267948966, 3.0
224, 68, 701, 190, 702, 192, -1, -2, -2.0344439357957027, 2.23606797749979
224, 70, 841, 60, 840, 62, 1, -2, -1.1071487177940904, 2.23606797749979
224, 71, 683, 427, 683, 424, 0, 3, 1.5707963267948966, 3.0
224, 72, 609, 244, 610, 242, -1, 2, 2.0344439357957027, 2.23606797749979
224, 73, 1012, 115, 1014, 118, -2, -3, -2.158798930342464, 3.605551275463989
224, 74, 407, 60, 405, 60, 2, 0, 0.0, 2.0
224, 75, 1211, 198, 1210, 196, 1, 2, 1.1071487177940904, 2.23606797749979
224, 76, 475, 11, 475, 14, 0, -3, -1.5707963267948966, 3.0
224, 79, 690, 426, 690, 423, 0, 3, 1.5707963267948966, 3.0
224, 80, 853, 187, 854, 189, -1, -2, -2.0344439357957027, 2.23606797749979
224, 82, 823, 367, 821, 364, 2, 3, 0.982793723247329, 3.605551275463989
224, 83, 465, 10, 465, 13, 0, -3, -1.5707963267948966, 3.0
224, 87, 126, 577, 124, 574, 2, 3, 0.982793723247329, 3.605551275463989
224, 88, 420, 56, 417, 57, 3, -1, -0.3217505543966422, 3.1622776601683795
224, 89, 806, 427, 805, 425, 1, 2, 1.1071487177940904, 2.23606797749979
224, 91, 701, 178, 702, 180, -1, -2, -2.0344439357957027, 2.23606797749979
224, 94, 740, 141, 741, 144, -1, -3, -1.892546881191539, 3.1622776601683795
225, 0, 852, 187, 852, 190, 0, -3, -1.5707963267948966, 3.0
225, 1, 828, 207, 829, 211, -1, -4, -1.8157749899217608, 4.123105625617661
225, 2, 414, 18, 411, 18, 3, 0, 0.0, 3.0
225, 3, 371, 656, 372, 653, -1, 3, 1.892546881191539, 3.1622776601683795
225, 4, 1023, 54, 1024, 56, -1, -2, -2.0344439357957027, 2.23606797749979
225, 5, 840, 186, 840, 190, 0, -4, -1.5707963267948966, 4.0
225, 7, 546, 644, 549, 649, -3, -5, -2.1112158270654806, 5.830951894845301
225, 8, 492, 251, 492, 255, 0, -4, -1.5707963267948966, 4.0
225, 10, 830, 225, 830, 228, 0, -3, -1.5707963267948966, 3.0
225, 13, 1029, 65, 1030, 67, -1, -2, -2.0344439357957027, 2.23606797749979
225, 14, 835, 373, 834, 371, 1, 2, 1.1071487177940904, 2.23606797749979
225, 15, 433, 75, 432, 74, 1, 1, 0.7853981633974483, 1.4142135623730951
225, 16, 411, 26, 408, 27, 3, -1, -0.3217505543966422, 3.1622776601683795
225, 17, 700, 204, 701, 206, -1, -2, -2.0344439357957027, 2.23606797749979
225, 19, 462, 299, 462, 302, 0, -3, -1.5707963267948966, 3.0
225, 20, 680, 434, 680, 431, 0, 3, 1.5707963267948966, 3.0
225, 22, 698, 512, 696, 508, 2, 4, 1.1071487177940904, 4.47213595499958
225, 25, 695, 199, 696, 201, -1, -2, -2.0344439357957027, 2.23606797749979
225, 26, 352, 659, 351, 656, 1, 3, 1.2490457723982544, 3.1622776601683795
225, 27, 486, 355, 487, 358, -1, -3, -1.892546881191539, 3.1622776601683795
225, 28, 407, 60, 405, 61, 2, -1, -0.4636476090008061, 2.23606797749979
225, 32, 847, 176, 847, 179, 0, -3, -1.5707963267948966, 3.0
225, 33, 501, 299, 501, 302, 0, -3, -1.5707963267948966, 3.0
225, 34, 1003, 95, 1005, 97, -2, -2, -2.356194490192345, 2.8284271247461903
225, 35, 836, 53, 835, 56, 1, -3, -1.2490457723982544, 3.1622776601683795
225, 36, 1212, 284, 1212, 282, 0, 2, 1.5707963267948966, 2.0
225, 37, 478, 251, 478, 255, 0, -4, -1.5707963267948966, 4.0
225, 38, 81, 572, 80, 569, 1, 3, 1.2490457723982544, 3.1622776601683795
225, 39, 818, 370, 817, 368, 1, 2, 1.1071487177940904, 2.23606797749979
225, 41, 616, 200, 617, 199, -1, 1, 2.356194490192345, 1.4142135623730951
225, 42, 1032, 104, 1034, 107, -2, -3, -2.158798930342464, 3.605551275463989
225, 43, 550, 619, 552, 622, -2, -3, -2.158798930342464, 3.605551275463989
225, 44, 684, 605, 684, 601, 0, 4, 1.5707963267948966, 4.0
225, 46, 735, 120, 736, 122, -1, -2, -2.0344439357957027, 2.23606797749979
225, 47, 471, 91, 472, 93, -1, -2, -2.0344439357957027, 2.23606797749979
225, 48, 837, 274, 838, 276, -1, -2, -2.0344439357957027, 2.23606797749979
225, 49, 417, 59, 415, 60, 2, -1, -0.4636476090008061, 2.23606797749979
225, 51, 424, 46, 421, 47, 3, -1, -0.3217505543966422, 3.1622776601683795
225, 52, 146, 126, 147, 125, -1, 1, 2.356194490192345, 1.4142135623730951
225, 54, 132, 580, 131, 578, 1, 2, 1.1071487177940904, 2.23606797749979
225, 55, 838, 413, 837, 409, 1, 4, 1.3258176636680326, 4.123105625617661
225, 56, 1261, 573, 1273, 573, -12, 0, 3.141592653589793, 12.0
225, 58, 703, 440, 702, 437, 1, 3, 1.2490457723982544, 3.1622776601683795
225, 59, 500, 259, 500, 263, 0, -4, -1.5707963267948966, 4.0
225, 60, 818, 68, 817, 71, 1, -3, -1.2490457723982544, 3.1622776601683795
225, 62, 512, 574, 512, 579, 0, -5, -1.5707963267948966, 5.0
225, 64, 497, 306, 497, 308, 0, -2, -1.5707963267948966, 2.0
225, 66, 856, 193, 857, 196, -1, -3, -1.892546881191539, 3.1622776601683795
225, 67, 1019, 65, 1020, 67, -1, -2, -2.0344439357957027, 2.23606797749979
225, 68, 126, 563, 125, 560, 1, 3, 1.2490457723982544, 3.1622776601683795
225, 70, 603, 250, 604, 248, -1, 2, 2.0344439357957027, 2.23606797749979
225, 72, 1028, 96, 1030, 99, -2, -3, -2.158798930342464, 3.605551275463989
225, 73, 648, 636, 648, 631, 0, 5, 1.5707963267948966, 5.0
225, 74, 364, 551, 365, 548, -1, 3, 1.892546881191539, 3.1622776601683795
225, 75, 1221, 272, 1220, 269, 1, 3, 1.2490457723982544, 3.1622776601683795
225, 76, 700, 269, 700, 271, 0, -2, -1.5707963267948966, 2.0
225, 77, 483, 241, 483, 245, 0, -4, -1.5707963267948966, 4.0
225, 78, 816, 421, 816, 418, 0, 3, 1.5707963267948966, 3.0
225, 79, 453, 317, 454, 321, -1, -4, -1.8157749899217608, 4.123105625617661
225, 80, 668, 468, 668, 466, 0, 2, 1.5707963267948966, 2.0
225, 82, 698, 433, 697, 431, 1, 2, 1.1071487177940904, 2.23606797749979
225, 83, 1228, 138, 1227, 137, 1, 1, 0.7853981633974483, 1.4142135623730951
225, 86, 498, 52, 499, 54, -1, -2, -2.0344439357957027, 2.23606797749979
225, 87, 112, 610, 112, 608, 0, 2, 1.5707963267948966, 2.0
225, 89, 705, 197, 706, 199, -1, -2, -2.0344439357957027, 2.23606797749979
225, 90, 476, 15, 476, 18, 0, -3, -1.5707963267948966, 3.0
225, 91, 677, 513, 677, 510, 0, 3, 1.5707963267948966, 3.0
225, 94, 632, 620, 632, 618, 0, 2, 1.5707963267948966, 2.0
226, 0, 852, 183, 852, 187, 0, -4, -1.5707963267948966, 4.0
226, 1, 828, 203, 828, 207, 0, -4, -1.5707963267948966, 4.0
226, 2, 417, 18, 414, 18, 3, 0, 0.0, 3.0
226, 3, 370, 659, 371, 656, -1, 3, 1.892546881191539, 3.1622776601683795
226, 4, 1022, 51, 1023, 54, -1, -3, -1.892546881191539, 3.1622776601683795
226, 5, 840, 182, 840, 186, 0, -4, -1.5707963267948966, 4.0
226, 7, 544, 639, 546, 644, -2, -5, -1.9513027039072615, 5.385164807134504
226, 8, 492, 247, 492, 251, 0, -4, -1.5707963267948966, 4.0
226, 10, 830, 222, 830, 225, 0, -3, -1.5707963267948966, 3.0
226, 13, 1028, 63, 1029, 65, -1, -2, -2.0344439357957027, 2.23606797749979
226, 14, 835, 375, 835, 373, 0, 2, 1.5707963267948966, 2.0
226, 16, 414, 26, 411, 26, 3, 0, 0.0, 3.0
226, 17, 699, 202, 700, 204, -1, -2, -2.0344439357957027, 2.23606797749979
226, 19, 462, 295, 462, 299, 0, -4, -1.5707963267948966, 4.0
226, 20, 680, 437, 680, 434, 0, 3, 1.5707963267948966, 3.0
226, 22, 699, 516, 698, 512, 1, 4, 1.3258176636680326, 4.123105625617661
226, 23, 678, 19, 679, 18, -1, 1, 2.356194490192345, 1.4142135623730951
226, 25, 694, 197, 695, 199, -1, -2, -2.0344439357957027, 2.23606797749979
226, 26, 353, 662, 352, 659, 1, 3, 1.2490457723982544, 3.1622776601683795
226, 27, 485, 351, 486, 355, -1, -4, -1.8157749899217608, 4.123105625617661
226, 28, 410, 60, 407, 60, 3, 0, 0.0, 3.0
226, 32, 847, 172, 847, 176, 0, -4, -1.5707963267948966, 4.0
226, 33, 501, 295, 501, 299, 0, -4, -1.5707963267948966, 4.0
226, 34, 1001, 92, 1003, 95, -2, -3, -2.158798930342464, 3.605551275463989
226, 35, 837, 50, 836, 53, 1, -3, -1.2490457723982544, 3.1622776601683795
226, 36, 1212, 286, 1212, 284, 0, 2, 1.5707963267948966, 2.0
226, 37, 478, 246, 478, 251, 0, -5, -1.5707963267948966, 5.0
226, 38, 82, 574, 81, 572, 1, 2, 1.1071487177940904, 2.23606797749979
226, 39, 818, 373, 818, 370, 0, 3, 1.5707963267948966, 3.0
226, 42, 1030, 101, 1032, 104, -2, -3, -2.158798930342464, 3.605551275463989
226, 43, 548, 615, 550, 619, -2, -4, -2.0344439357957027, 4.47213595499958
226, 44, 684, 610, 684, 605, 0, 5, 1.5707963267948966, 5.0
226, 45, 734, 117, 735, 120, -1, -3, -1.892546881191539, 3.1622776601683795
226, 46, 470, 88, 471, 91, -1, -3, -1.892546881191539, 3.1622776601683795
226, 47, 836, 271, 837, 274, -1, -3, -1.892546881191539, 3.1622776601683795
226, 48, 420, 59, 417, 59, 3, 0, 0.0, 3.0
226, 50, 427, 46, 424, 46, 3, 0, 0.0, 3.0
226, 51, 145, 127, 146, 126, -1, 1, 2.356194490192345, 1.4142135623730951
226, 53, 134, 582, 132, 580, 2, 2, 0.7853981633974483, 2.8284271247461903
226, 54, 838, 417, 838, 413, 0, 4, 1.5707963267948966, 4.0
226, 57, 703, 444, 703, 440, 0, 4, 1.5707963267948966, 4.0
226, 58, 500, 255, 500, 259, 0, -4, -1.5707963267948966, 4.0
226, 59, 819, 65, 818, 68, 1, -3, -1.2490457723982544, 3.1622776601683795
226, 61, 512, 570, 512, 574, 0, -4, -1.5707963267948966, 4.0
226, 63, 497, 302, 497, 306, 0, -4, -1.5707963267948966, 4.0
226, 65, 855, 189, 856, 193, -1, -4, -1.8157749899217608, 4.123105625617661
226, 66, 1018, 63, 1019, 65, -1, -2, -2.0344439357957027, 2.23606797749979
226, 67, 128, 566, 126, 563, 2, 3, 0.982793723247329, 3.605551275463989
226, 69, 603, 252, 603, 250, 0, 2, 1.5707963267948966, 2.0
226, 71, 1026, 93, 1028, 96, -2, -3, -2.158798930342464, 3.605551275463989
226, 72, 648, 642, 648, 636, 0, 6, 1.5707963267948966, 6.0
226, 73, 364, 555, 364, 551, 0, 4, 1.5707963267948966, 4.0
226, 74, 1221, 275, 1221, 272, 0, 3, 1.5707963267948966, 3.0
226, 75, 700, 267, 700, 269, 0, -2, -1.5707963267948966, 2.0
226, 76, 484, 236, 483, 241, 1, -5, -1.373400766945016, 5.0990195135927845
226, 77, 816, 425, 816, 421, 0, 4, 1.5707963267948966, 4.0
226, 78, 453, 313, 453, 317, 0, -4, -1.5707963267948966, 4.0
226, 79, 668, 471, 668, 468, 0, 3, 1.5707963267948966, 3.0
226, 81, 699, 437, 698, 433, 1, 4, 1.3258176636680326, 4.123105625617661
226, 84, 113, 612, 112, 610, 1, 2, 1.1071487177940904, 2.23606797749979
226, 86, 704, 195, 705, 197, -1, -2, -2.0344439357957027, 2.23606797749979
226, 87, 476, 12, 476, 15, 0, -3, -1.5707963267948966, 3.0
226, 88, 677, 516, 677, 513, 0, 3, 1.5707963267948966, 3.0
227, 0, 852, 179, 852, 183, 0, -4, -1.5707963267948966, 4.0
227, 1, 828, 199, 828, 203, 0, -4, -1.5707963267948966, 4.0
227, 2, 420, 17, 417, 18, 3, -1, -0.3217505543966422, 3.1622776601683795
227, 3, 367, 662, 370, 659, -3, 3, 2.356194490192345, 4.242640687119285
227, 4, 1020, 46, 1022, 51, -2, -5, -1.9513027039072615, 5.385164807134504
227, 5, 840, 178, 840, 182, 0, -4, -1.5707963267948966, 4.0
227, 6, 402, 698, 402, 694, 0, 4, 1.5707963267948966, 4.0
227, 7, 542, 636, 544, 639, -2, -3, -2.158798930342464, 3.605551275463989
227, 8, 492, 243, 492, 247, 0, -4, -1.5707963267948966, 4.0
227, 10, 830, 218, 830, 222, 0, -4, -1.5707963267948966, 4.0
227, 11, 170, 117, 169, 116, 1, 1, 0.7853981633974483, 1.4142135623730951
227, 13, 1026, 58, 1028, 63, -2, -5, -1.9513027039072615, 5.385164807134504
227, 14, 835, 379, 835, 375, 0, 4, 1.5707963267948966, 4.0
227, 15, 436, 75, 434, 75, 2, 0, 0.0, 2.0
227, 16, 417, 26, 414, 26, 3, 0, 0.0, 3.0
227, 17, 697, 198, 699, 202, -2, -4, -2.0344439357957027, 4.47213595499958
227, 19, 462, 291, 462, 295, 0, -4, -1.5707963267948966, 4.0
227, 20, 682, 440, 680, 437, 2, 3, 0.982793723247329, 3.605551275463989
227, 21, 700, 519, 699, 516, 1, 3, 1.2490457723982544, 3.1622776601683795
227, 22, 677, 22, 678, 19, -1, 3, 1.892546881191539, 3.1622776601683795
227, 24, 692, 193, 694, 197, -2, -4, -2.0344439357957027, 4.47213595499958
227, 25, 356, 663, 353, 662, 3, 1, 0.3217505543966422, 3.1622776601683795
227, 26, 484, 343, 485, 351, -1, -8, -1.695151321341658, 8.06225774829855
227, 27, 413, 61, 410, 60, 3, 1, 0.3217505543966422, 3.1622776601683795
227, 30, 1223, 179, 1222, 177, 1, 2, 1.1071487177940904, 2.23606797749979
227, 31, 847, 167, 847, 172, 0, -5, -1.5707963267948966, 5.0
227, 32, 502, 290, 501, 295, 1, -5, -1.373400766945016, 5.0990195135927845
227, 33, 998, 88, 1001, 92, -3, -4, -2.214297435588181, 5.0
227, 34, 839, 47, 837, 50, 2, -3, -0.982793723247329, 3.605551275463989
227, 35, 1213, 289, 1212, 286, 1, 3, 1.2490457723982544, 3.1622776601683795
227, 36, 477, 242, 478, 246, -1, -4, -1.8157749899217608, 4.123105625617661
227, 37, 84, 573, 82, 574, 2, -1, -0.4636476090008061, 2.23606797749979
227, 38, 819, 376, 818, 373, 1, 3, 1.2490457723982544, 3.1622776601683795
227, 39, 49, 151, 51, 151, -2, 0, 3.141592653589793, 2.0
227, 40, 616, 205, 616, 201, 0, 4, 1.5707963267948966, 4.0
227, 41, 1027, 98, 1030, 101, -3, -3, -2.356194490192345, 4.242640687119285
227, 42, 547, 613, 548, 615, -1, -2, -2.0344439357957027, 2.23606797749979
227, 43, 683, 613, 684, 610, -1, 3, 1.892546881191539, 3.1622776601683795
227, 44, 732, 111, 734, 117, -2, -6, -1.892546881191539, 6.324555320336759
227, 45, 470, 85, 470, 88, 0, -3, -1.5707963267948966, 3.0
227, 46, 835, 263, 836, 271, -1, -8, -1.695151321341658, 8.06225774829855
227, 47, 423, 59, 420, 59, 3, 0, 0.0, 3.0
227, 48, 410, 78, 407, 78, 3, 0, 0.0, 3.0
227, 49, 430, 49, 427, 46, 3, 3, 0.7853981633974483, 4.242640687119285
227, 50, 144, 129, 145, 127, -1, 2, 2.0344439357957027, 2.23606797749979
227, 51, 642, 17, 643, 16, -1, 1, 2.356194490192345, 1.4142135623730951
227, 52, 134, 584, 134, 582, 0, 2, 1.5707963267948966, 2.0
227, 53, 839, 419, 838, 417, 1, 2, 1.1071487177940904, 2.23606797749979
227, 56, 704, 448, 703, 444, 1, 4, 1.3258176636680326, 4.123105625617661
227, 57, 500, 251, 500, 255, 0, -4, -1.5707963267948966, 4.0
227, 58, 821, 61, 819, 65, 2, -4, -1.1071487177940904, 4.47213595499958
227, 60, 512, 565, 512, 570, 0, -5, -1.5707963267948966, 5.0
227, 61, 497, 297, 497, 302, 0, -5, -1.5707963267948966, 5.0
227, 63, 856, 185, 855, 189, 1, -4, -1.3258176636680326, 4.123105625617661
227, 64, 1016, 58, 1018, 63, -2, -5, -1.9513027039072615, 5.385164807134504
227, 67, 603, 254, 603, 252, 0, 2, 1.5707963267948966, 2.0
227, 69, 1023, 89, 1026, 93, -3, -4, -2.214297435588181, 5.0
227, 70, 648, 645, 648, 642, 0, 3, 1.5707963267948966, 3.0
227, 71, 364, 558, 364, 555, 0, 3, 1.5707963267948966, 3.0
227, 72, 1222, 278, 1221, 275, 1, 3, 1.2490457723982544, 3.1622776601683795
227, 73, 700, 265, 700, 267, 0, -2, -1.5707963267948966, 2.0
227, 74, 484, 231, 484, 236, 0, -5, -1.5707963267948966, 5.0
227, 75, 816, 428, 816, 425, 0, 3, 1.5707963267948966, 3.0
227, 76, 453, 308, 453, 313, 0, -5, -1.5707963267948966, 5.0
227, 77, 668, 474, 668, 471, 0, 3, 1.5707963267948966, 3.0
227, 79, 700, 441, 699, 437, 1, 4, 1.3258176636680326, 4.123105625617661
227, 80, 1230, 142, 1228, 139, 2, 3, 0.982793723247329, 3.605551275463989
227, 81, 390, 691, 392, 688, -2, 3, 2.158798930342464, 3.605551275463989
227, 82, 113, 615, 113, 612, 0, 3, 1.5707963267948966, 3.0
227, 84, 702, 191, 704, 195, -2, -4, -2.0344439357957027, 4.47213595499958
227, 85, 475, 6, 476, 12, -1, -6, -1.7359450042095235, 6.082762530298219
227, 86, 677, 519, 677, 516, 0, 3, 1.5707963267948966, 3.0
227, 87, 689, 544, 689, 542, 0, 2, 1.5707963267948966, 2.0
228, 0, 852, 174, 852, 179, 0, -5, -1.5707963267948966, 5.0
228, 1, 826, 198, 828, 199, -2, -1, -2.677945044588987, 2.23606797749979
228, 2, 423, 16, 420, 17, 3, -1, -0.3217505543966422, 3.1622776601683795
228, 3, 367, 666, 367, 662, 0, 4, 1.5707963267948966, 4.0
228, 4, 1019, 43, 1020, 46, -1, -3, -1.892546881191539, 3.1622776601683795
228, 5, 840, 173, 840, 178, 0, -5, -1.5707963267948966, 5.0
228, 6, 402, 701, 402, 698, 0, 3, 1.5707963267948966, 3.0
228, 7, 541, 632, 542, 636, -1, -4, -1.8157749899217608, 4.123105625617661
228, 8, 491, 238, 492, 243, -1, -5, -1.7681918866447774, 5.0990195135927845
228, 10, 830, 214, 830, 218, 0, -4, -1.5707963267948966, 4.0
228, 13, 1024, 55, 1026, 58, -2, -3, -2.158798930342464, 3.605551275463989
228, 14, 835, 383, 835, 379, 0, 4, 1.5707963267948966, 4.0
228, 16, 420, 25, 417, 26, 3, -1, -0.3217505543966422, 3.1622776601683795
228, 17, 696, 195, 697, 198, -1, -3, -1.892546881191539, 3.1622776601683795
228, 19, 462, 286, 462, 291, 0, -5, -1.5707963267948966, 5.0
228, 20, 683, 444, 682, 440, 1, 4, 1.3258176636680326, 4.123105625617661
228, 21, 700, 522, 700, 519, 0, 3, 1.5707963267948966, 3.0
228, 22, 676, 23, 677, 22, -1, 1, 2.356194490192345, 1.4142135623730951
228, 24, 691, 190, 692, 193, -1, -3, -1.892546881191539, 3.1622776601683795
228, 25, 356, 666, 356, 663, 0, 3, 1.5707963267948966, 3.0
228, 26, 482, 336, 484, 343, -2, -7, -1.849095985800008, 7.280109889280518
228, 27, 417, 61, 413, 61, 4, 0, 0.0, 4.0
228, 31, 847, 162, 847, 167, 0, -5, -1.5707963267948966, 5.0
228, 32, 502, 285, 502, 290, 0, -5, -1.5707963267948966, 5.0
228, 33, 997, 85, 998, 88, -1, -3, -1.892546881191539, 3.1622776601683795
228, 34, 840, 44, 839, 47, 1, -3, -1.2490457723982544, 3.1622776601683795
228, 35, 1214, 291, 1213, 289, 1, 2, 1.1071487177940904, 2.23606797749979
228, 36, 476, 237, 477, 242, -1, -5, -1.7681918866447774, 5.0990195135927845
228, 37, 86, 576, 84, 573, 2, 3, 0.982793723247329, 3.605551275463989
228, 38, 819, 380, 819, 376, 0, 4, 1.5707963267948966, 4.0
228, 40, 616, 207, 616, 205, 0, 2, 1.5707963267948966, 2.0
228, 41, 1025, 95, 1027, 98, -2, -3, -2.158798930342464, 3.605551275463989
228, 42, 545, 610, 547, 613, -2, -3, -2.158798930342464, 3.605551275463989
228, 43, 682, 616, 683, 613, -1, 3, 1.892546881191539, 3.1622776601683795
228, 44, 731, 108, 732, 111, -1, -3, -1.892546881191539, 3.1622776601683795
228, 45, 469, 83, 470, 85, -1, -2, -2.0344439357957027, 2.23606797749979
228, 46, 835, 261, 835, 263, 0, -2, -1.5707963267948966, 2.0
228, 47, 425, 60, 423, 59, 2, 1, 0.4636476090008061, 2.23606797749979
228, 48, 413, 78, 410, 78, 3, 0, 0.0, 3.0
228, 49, 432, 51, 430, 49, 2, 2, 0.7853981633974483, 2.8284271247461903
228, 50, 143, 130, 144, 129, -1, 1, 2.356194490192345, 1.4142135623730951
228, 52, 136, 587, 134, 584, 2, 3, 0.982793723247329, 3.605551275463989
228, 53, 839, 421, 839, 419, 0, 2, 1.5707963267948966, 2.0
228, 56, 705, 452, 704, 448, 1, 4, 1.3258176636680326, 4.123105625617661
228, 57, 499, 247, 500, 251, -1, -4, -1.8157749899217608, 4.123105625617661
228, 58, 822, 59, 821, 61, 1, -2, -1.1071487177940904, 2.23606797749979
228, 59, 511, 561, 512, 565, -1, -4, -1.8157749899217608, 4.123105625617661
228, 60, 497, 293, 497, 297, 0, -4, -1.5707963267948966, 4.0
228, 62, 855, 180, 856, 185, -1, -5, -1.7681918866447774, 5.0990195135927845
228, 63, 1014, 55, 1016, 58, -2, -3, -2.158798930342464, 3.605551275463989
228, 64, 130, 569, 128, 567, 2, 2, 0.7853981633974483, 2.8284271247461903
228, 65, 603, 256, 603, 254, 0, 2, 1.5707963267948966, 2.0
228, 67, 1021, 86, 1023, 89, -2, -3, -2.158798930342464, 3.605551275463989
228, 68, 648, 648, 648, 645, 0, 3, 1.5707963267948966, 3.0
228, 69, 363, 561, 364, 558, -1, 3, 1.892546881191539, 3.1622776601683795
228, 70, 1223, 280, 1222, 278, 1, 2, 1.1071487177940904, 2.23606797749979
228, 71, 699, 263, 700, 265, -1, -2, -2.0344439357957027, 2.23606797749979
228, 72, 483, 226, 484, 231, -1, -5, -1.7681918866447774, 5.0990195135927845
228, 74, 454, 303, 453, 308, 1, -5, -1.373400766945016, 5.0990195135927845
228, 75, 668, 478, 668, 474, 0, 4, 1.5707963267948966, 4.0
228, 77, 701, 445, 700, 441, 1, 4, 1.3258176636680326, 4.123105625617661
228, 79, 388, 694, 390, 691, -2, 3, 2.158798930342464, 3.605551275463989
228, 80, 113, 617, 113, 615, 0, 2, 1.5707963267948966, 2.0
228, 82, 701, 188, 702, 191, -1, -3, -1.892546881191539, 3.1622776601683795
228, 83, 677, 522, 677, 519, 0, 3, 1.5707963267948966, 3.0
228, 84, 688, 545, 689, 544, -1, 1, 2.356194490192345, 1.4142135623730951
229, 0, 852, 169, 852, 174, 0, -5, -1.5707963267948966, 5.0
229, 1, 824, 198, 826, 198, -2, 0, 3.141592653589793, 2.0
229, 2, 426, 15, 423, 16, 3, -1, -0.3217505543966422, 3.1622776601683795
229, 3, 367, 670, 367, 666, 0, 4, 1.5707963267948966, 4.0
229, 4, 1017, 40, 1019, 43, -2, -3, -2.158798930342464, 3.605551275463989
229, 5, 840, 168, 840, 173, 0, -5, -1.5707963267948966, 5.0
229, 7, 540, 629, 541, 632, -1, -3, -1.892546881191539, 3.1622776601683795
229, 8, 490, 234, 491, 238, -1, -4, -1.8157749899217608, 4.123105625617661
229, 10, 831, 213, 830, 214, 1, -1, -0.7853981633974483, 1.4142135623730951
229, 13, 1022, 52, 1024, 55, -2, -3, -2.158798930342464, 3.605551275463989
229, 14, 834, 387, 835, 383, -1, 4, 1.8157749899217608, 4.123105625617661
229, 16, 423, 24, 420, 25, 3, -1, -0.3217505543966422, 3.1622776601683795
229, 17, 695, 192, 696, 195, -1, -3, -1.892546881191539, 3.1622776601683795
229, 19, 462, 281, 462, 286, 0, -5, -1.5707963267948966, 5.0
229, 20, 684, 447, 683, 444, 1, 3, 1.2490457723982544, 3.1622776601683795
229, 21, 700, 524, 700, 522, 0, 2, 1.5707963267948966, 2.0
229, 22, 676, 25, 676, 23, 0, 2, 1.5707963267948966, 2.0
229, 23, 637, 14, 638, 13, -1, 1, 2.356194490192345, 1.4142135623730951
229, 24, 690, 187, 691, 190, -1, -3, -1.892546881191539, 3.1622776601683795
229, 25, 356, 669, 356, 666, 0, 3, 1.5707963267948966, 3.0
229, 26, 481, 333, 482, 336, -1, -3, -1.892546881191539, 3.1622776601683795
229, 27, 419, 62, 417, 61, 2, 1, 0.4636476090008061, 2.23606797749979
229, 30, 1222, 181, 1223, 180, -1, 1, 2.356194490192345, 1.4142135623730951
229, 31, 847, 157, 847, 162, 0, -5, -1.5707963267948966, 5.0
229, 32, 502, 279, 502, 285, 0, -6, -1.5707963267948966, 6.0
229, 33, 996, 82, 997, 85, -1, -3, -1.892546881191539, 3.1622776601683795
229, 34, 841, 42, 840, 44, 1, -2, -1.1071487177940904, 2.23606797749979
229, 35, 1215, 293, 1214, 291, 1, 2, 1.1071487177940904, 2.23606797749979
229, 36, 475, 233, 476, 237, -1, -4, -1.8157749899217608, 4.123105625617661
229, 37, 88, 580, 86, 576, 2, 4, 1.1071487177940904, 4.47213595499958
229, 38, 819, 384, 819, 380, 0, 4, 1.5707963267948966, 4.0
229, 40, 616, 210, 616, 207, 0, 3, 1.5707963267948966, 3.0
229, 41, 1023, 92, 1025, 95, -2, -3, -2.158798930342464, 3.605551275463989
229, 42, 543, 607, 545, 610, -2, -3, -2.158798930342464, 3.605551275463989
229, 43, 681, 619, 682, 616, -1, 3, 1.892546881191539, 3.1622776601683795
229, 44, 730, 105, 731, 108, -1, -3, -1.892546881191539, 3.1622776601683795
229, 45, 469, 81, 469, 83, 0, -2, -1.5707963267948966, 2.0
229, 46, 834, 259, 835, 261, -1, -2, -2.0344439357957027, 2.23606797749979
229, 47, 426, 61, 425, 60, 1, 1, 0.7853981633974483, 1.4142135623730951
229, 48, 416, 78, 413, 78, 3, 0, 0.0, 3.0
229, 49, 434, 52, 432, 51, 2, 1, 0.4636476090008061, 2.23606797749979
229, 51, 641, 19, 642, 18, -1, 1, 2.356194490192345, 1.4142135623730951
229, 52, 137, 590, 136, 587, 1, 3, 1.2490457723982544, 3.1622776601683795
229, 53, 839, 423, 839, 421, 0, 2, 1.5707963267948966, 2.0
229, 55, 705, 457, 705, 452, 0, 5, 1.5707963267948966, 5.0
229, 56, 498, 243, 499, 247, -1, -4, -1.8157749899217608, 4.123105625617661
229, 57, 823, 58, 822, 59, 1, -1, -0.7853981633974483, 1.4142135623730951
229, 58, 510, 557, 511, 561, -1, -4, -1.8157749899217608, 4.123105625617661
229, 59, 497, 288, 497, 293, 0, -5, -1.5707963267948966, 5.0
229, 61, 855, 175, 855, 180, 0, -5, -1.5707963267948966, 5.0
229, 62, 1012, 52, 1014, 55, -2, -3, -2.158798930342464, 3.605551275463989
229, 63, 132, 571, 130, 569, 2, 2, 0.7853981633974483, 2.8284271247461903
229, 64, 603, 259, 603, 256, 0, 3, 1.5707963267948966, 3.0
229, 66, 1019, 83, 1021, 86, -2, -3, -2.158798930342464, 3.605551275463989
229, 67, 648, 651, 648, 648, 0, 3, 1.5707963267948966, 3.0
229, 68, 362, 564, 363, 561, -1, 3, 1.892546881191539, 3.1622776601683795
229, 69, 1224, 281, 1223, 280, 1, 1, 0.7853981633974483, 1.4142135623730951
229, 70, 698, 261, 699, 263, -1, -2, -2.0344439357957027, 2.23606797749979
229, 71, 482, 222, 483, 226, -1, -4, -1.8157749899217608, 4.123105625617661
229, 73, 455, 298, 454, 303, 1, -5, -1.373400766945016, 5.0990195135927845
229, 74, 669, 481, 668, 478, 1, 3, 1.2490457723982544, 3.1622776601683795
229, 76, 701, 449, 701, 445, 0, 4, 1.5707963267948966, 4.0
229, 78, 386, 697, 388, 694, -2, 3, 2.158798930342464, 3.605551275463989
229, 79, 112, 618, 113, 617, -1, 1, 2.356194490192345, 1.4142135623730951
229, 80, 700, 185, 701, 188, -1, -3, -1.892546881191539, 3.1622776601683795
229, 81, 677, 525, 677, 522, 0, 3, 1.5707963267948966, 3.0
230, 0, 851, 174, 852, 179, -1, -5, -1.7681918866447774, 5.0990195135927845
230, 2, 1019, 48, 1021, 51, -2, -3, -2.158798930342464, 3.605551275463989
230, 3, 373, 677, 374, 673, -1, 4, 1.8157749899217608, 4.123105625617661
230, 4, 404, 701, 405, 705, -1, -4, -1.8157749899217608, 4.123105625617661
230, 6, 503, 591, 504, 593, -1, -2, -2.0344439357957027, 2.23606797749979
230, 7, 423, 16, 420, 17, 3, -1, -0.3217505543966422, 3.1622776601683795
230, 9, 465, 285, 465, 289, 0, -4, -1.5707963267948966, 4.0
230, 11, 839, 175, 840, 179, -1, -4, -1.8157749899217608, 4.123105625617661
230, 12, 421, 63, 419, 62, 2, 1, 0.4636476090008061, 2.23606797749979
230, 13, 146, 599, 145, 598, 1, 1, 0.7853981633974483, 1.4142135623730951
230, 14, 342, 594, 343, 590, -1, 4, 1.8157749899217608, 4.123105625617661
230, 15, 353, 680, 353, 676, 0, 4, 1.5707963267948966, 4.0
230, 16, 491, 239, 492, 243, -1, -4, -1.8157749899217608, 4.123105625617661
230, 18, 835, 386, 836, 382, -1, 4, 1.8157749899217608, 4.123105625617661
230, 20, 478, 238, 479, 242, -1, -4, -1.8157749899217608, 4.123105625617661
230, 22, 415, 74, 412, 73, 3, 1, 0.3217505543966422, 3.1622776601683795
230, 23, 1015, 57, 1017, 60, -2, -3, -2.158798930342464, 3.605551275463989
230, 24, 544, 628, 545, 631, -1, -3, -1.892546881191539, 3.1622776601683795
230, 25, 1026, 96, 1028, 99, -2, -3, -2.158798930342464, 3.605551275463989
230, 26, 799, 420, 799, 418, 0, 2, 1.5707963267948966, 2.0
230, 27, 426, 71, 425, 70, 1, 1, 0.7853981633974483, 1.4142135623730951
230, 28, 847, 163, 848, 168, -1, -5, -1.7681918866447774, 5.0990195135927845
230, 30, 422, 26, 419, 27, 3, -1, -0.3217505543966422, 3.1622776601683795
230, 32, 1024, 56, 1026, 60, -2, -4, -2.0344439357957027, 4.47213595499958
230, 34, 489, 331, 489, 333, 0, -2, -1.5707963267948966, 2.0
230, 35, 699, 196, 700, 200, -1, -4, -1.8157749899217608, 4.123105625617661
230, 36, 619, 208, 619, 206, 0, 2, 1.5707963267948966, 2.0
230, 37, 463, 308, 461, 312, 2, -4, -1.1071487177940904, 4.47213595499958
230, 38, 840, 47, 839, 49, 1, -2, -1.1071487177940904, 2.23606797749979
230, 40, 685, 447, 684, 444, 1, 3, 1.2490457723982544, 3.1622776601683795
230, 42, 1261, 136, 1264, 138, -3, -2, -2.5535900500422257, 3.605551275463989
230, 43, 694, 191, 695, 195, -1, -4, -1.8157749899217608, 4.123105625617661
230, 46, 818, 383, 818, 380, 0, 3, 1.5707963267948966, 3.0
230, 48, 391, 701, 393, 701, -2, 0, 3.141592653589793, 2.0
230, 50, 468, 313, 467, 317, 1, -4, -1.3258176636680326, 4.123105625617661
230, 52, 1217, 292, 1216, 290, 1, 2, 1.1071487177940904, 2.23606797749979
230, 55, 736, 110, 736, 114, 0, -4, -1.5707963267948966, 4.0
230, 57, 1225, 280, 1224, 278, 1, 2, 1.1071487177940904, 2.23606797749979
230, 58, 1001, 82, 1003, 86, -2, -4, -2.0344439357957027, 4.47213595499958
230, 59, 700, 448, 700, 444, 0, 4, 1.5707963267948966, 4.0
230, 60, 136, 576, 134, 573, 2, 3, 0.982793723247329, 3.605551275463989
230, 61, 838, 409, 838, 404, 0, 5, 1.5707963267948966, 5.0
230, 63, 1186, 319, 1186, 317, 0, 2, 1.5707963267948966, 2.0
230, 64, 701, 264, 701, 268, 0, -4, -1.5707963267948966, 4.0
230, 66, 856, 180, 857, 185, -1, -5, -1.7681918866447774, 5.0990195135927845
230, 67, 679, 524, 678, 520, 1, 4, 1.3258176636680326, 4.123105625617661
230, 68, 707, 454, 706, 450, 1, 4, 1.3258176636680326, 4.123105625617661
230, 69, 510, 556, 511, 560, -1, -4, -1.8157749899217608, 4.123105625617661
230, 70, 544, 604, 545, 607, -1, -3, -1.892546881191539, 3.1622776601683795
230, 71, 478, 78, 479, 80, -1, -2, -2.0344439357957027, 2.23606797749979
230, 72, 704, 189, 705, 193, -1, -4, -1.8157749899217608, 4.123105625617661
230, 77, 1261, 568, 1277, 567, -16, 1, 3.079173843593836, 16.0312195418814
230, 80, 671, 482, 670, 478, 1, 4, 1.3258176636680326, 4.123105625617661
230, 82, 607, 264, 607, 262, 0, 2, 1.5707963267948966, 2.0
230, 83, 484, 229, 485, 233, -1, -4, -1.8157749899217608, 4.123105625617661
230, 84, 696, 437, 695, 433, 1, 4, 1.3258176636680326, 4.123105625617661
230, 85, 704, 568, 704, 560, 0, 8, 1.5707963267948966, 8.0
230, 86, 688, 438, 687, 434, 1, 4, 1.3258176636680326, 4.123105625617661
230, 88, 841, 254, 841, 256, 0, -2, -1.5707963267948966, 2.0
230, 89, 713, 140, 714, 144, -1, -4, -1.8157749899217608, 4.123105625617661
230, 92, 146, 624, 144, 625, 2, -1, -0.4636476090008061, 2.23606797749979
230, 93, 845, 57, 844, 59, 1, -2, -1.1071487177940904, 2.23606797749979
230, 94, 810, 471, 809, 466, 1, 5, 1.373400766945016, 5.0990195135927845
230, 98, 471, 246, 471, 250, 0, -4, -1.5707963267948966, 4.0
230, 99, 840, 428, 840, 425, 0, 3, 1.5707963267948966, 3.0
230, 101, 824, 378, 824, 374, 0, 4, 1.5707963267948966, 4.0
230, 102, 523, 528, 524, 535, -1, -7, -1.7126933813990606, 7.0710678118654755
230, 103, 106, 611, 104, 607, 2, 4, 1.1071487177940904, 4.47213595499958
230, 105, 148, 145, 149, 143, -1, 2, 2.0344439357957027, 2.23606797749979
230, 106, 153, 595, 152, 593, 1, 2, 1.1071487177940904, 2.23606797749979
230, 108, 611, 250, 611, 248, 0, 2, 1.5707963267948966, 2.0
230, 109, 1261, 573, 1273, 573, -12, 0, 3.141592653589793, 12.0
231, 0, 850, 169, 851, 174, -1, -5, -1.7681918866447774, 5.0990195135927845
231, 2, 1017, 45, 1019, 48, -2, -3, -2.158798930342464, 3.605551275463989
231, 3, 372, 681, 373, 677, -1, 4, 1.8157749899217608, 4.123105625617661
231, 4, 402, 701, 404, 701, -2, 0, 3.141592653589793, 2.0
231, 6, 502, 588, 503, 591, -1, -3, -1.892546881191539, 3.1622776601683795
231, 7, 426, 15, 423, 16, 3, -1, -0.3217505543966422, 3.1622776601683795
231, 9, 465, 281, 465, 285, 0, -4, -1.5707963267948966, 4.0
231, 11, 838, 170, 839, 175, -1, -5, -1.7681918866447774, 5.0990195135927845
231, 12, 424, 64, 421, 63, 3, 1, 0.3217505543966422, 3.1622776601683795
231, 13, 147, 600, 146, 599, 1, 1, 0.7853981633974483, 1.4142135623730951
231, 14, 340, 598, 342, 594, -2, 4, 2.0344439357957027, 4.47213595499958
231, 15, 353, 684, 353, 680, 0, 4, 1.5707963267948966, 4.0
231, 16, 491, 235, 491, 239, 0, -4, -1.5707963267948966, 4.0
231, 18, 834, 390, 835, 386, -1, 4, 1.8157749899217608, 4.123105625617661
231, 20, 478, 235, 478, 238, 0, -3, -1.5707963267948966, 3.0
231, 22, 417, 76, 415, 74, 2, 2, 0.7853981633974483, 2.8284271247461903
231, 23, 1013, 55, 1015, 57, -2, -2, -2.356194490192345, 2.8284271247461903
231, 24, 544, 625, 544, 628, 0, -3, -1.5707963267948966, 3.0
231, 25, 1025, 94, 1026, 96, -1, -2, -2.0344439357957027, 2.23606797749979
231, 26, 799, 423, 799, 420, 0, 3, 1.5707963267948966, 3.0
231, 28, 846, 158, 847, 163, -1, -5, -1.7681918866447774, 5.0990195135927845
231, 30, 425, 25, 422, 26, 3, -1, -0.3217505543966422, 3.1622776601683795
231, 32, 1022, 53, 1024, 56, -2, -3, -2.158798930342464, 3.605551275463989
231, 34, 489, 329, 489, 331, 0, -2, -1.5707963267948966, 2.0
231, 35, 698, 192, 699, 196, -1, -4, -1.8157749899217608, 4.123105625617661
231, 36, 619, 211, 619, 208, 0, 3, 1.5707963267948966, 3.0
231, 37, 465, 304, 463, 308, 2, -4, -1.1071487177940904, 4.47213595499958
231, 38, 841, 46, 840, 47, 1, -1, -0.7853981633974483, 1.4142135623730951
231, 39, 678, 24, 679, 23, -1, 1, 2.356194490192345, 1.4142135623730951
231, 40, 686, 450, 685, 447, 1, 3, 1.2490457723982544, 3.1622776601683795
231, 42, 1259, 133, 1261, 136, -2, -3, -2.158798930342464, 3.605551275463989
231, 43, 693, 187, 694, 191, -1, -4, -1.8157749899217608, 4.123105625617661
231, 44, 631, 620, 632, 619, -1, 1, 2.356194490192345, 1.4142135623730951
231, 45, 818, 386, 818, 383, 0, 3, 1.5707963267948966, 3.0
231, 46, 389, 701, 391, 701, -2, 0, 3.141592653589793, 2.0
231, 48, 469, 309, 468, 313, 1, -4, -1.3258176636680326, 4.123105625617661
231, 50, 1218, 294, 1217, 292, 1, 2, 1.1071487177940904, 2.23606797749979
231, 53, 736, 106, 736, 110, 0, -4, -1.5707963267948966, 4.0
231, 55, 1226, 282, 1225, 280, 1, 2, 1.1071487177940904, 2.23606797749979
231, 56, 1000, 78, 1001, 82, -1, -4, -1.8157749899217608, 4.123105625617661
231, 57, 701, 452, 700, 448, 1, 4, 1.3258176636680326, 4.123105625617661
231, 58, 138, 579, 136, 576, 2, 3, 0.982793723247329, 3.605551275463989
231, 59, 838, 414, 838, 409, 0, 5, 1.5707963267948966, 5.0
231, 60, 832, 71, 831, 72, 1, -1, -0.7853981633974483, 1.4142135623730951
231, 61, 1186, 323, 1186, 319, 0, 4, 1.5707963267948966, 4.0
231, 62, 701, 259, 701, 264, 0, -5, -1.5707963267948966, 5.0
231, 64, 855, 175, 856, 180, -1, -5, -1.7681918866447774, 5.0990195135927845
231, 65, 679, 527, 679, 524, 0, 3, 1.5707963267948966, 3.0
231, 66, 708, 459, 707, 454, 1, 5, 1.373400766945016, 5.0990195135927845
231, 67, 509, 552, 510, 556, -1, -4, -1.8157749899217608, 4.123105625617661
231, 68, 543, 601, 544, 604, -1, -3, -1.892546881191539, 3.1622776601683795
231, 69, 703, 185, 704, 189, -1, -4, -1.8157749899217608, 4.123105625617661
231, 74, 1261, 571, 1261, 568, 0, 3, 1.5707963267948966, 3.0
231, 77, 672, 485, 671, 482, 1, 3, 1.2490457723982544, 3.1622776601683795
231, 79, 607, 267, 607, 264, 0, 3, 1.5707963267948966, 3.0
231, 80, 484, 225, 484, 229, 0, -4, -1.5707963267948966, 4.0
231, 81, 697, 441, 696, 437, 1, 4, 1.3258176636680326, 4.123105625617661
231, 82, 703, 572, 704, 568, -1, 4, 1.8157749899217608, 4.123105625617661
231, 83, 689, 442, 688, 438, 1, 4, 1.3258176636680326, 4.123105625617661
231, 85, 841, 252, 841, 254, 0, -2, -1.5707963267948966, 2.0
231, 86, 712, 136, 713, 140, -1, -4, -1.8157749899217608, 4.123105625617661
231, 89, 148, 625, 146, 624, 2, 1, 0.4636476090008061, 2.23606797749979
231, 90, 846, 56, 845, 57, 1, -1, -0.7853981633974483, 1.4142135623730951
231, 91, 812, 474, 810, 471, 2, 3, 0.982793723247329, 3.605551275463989
231, 95, 471, 243, 471, 246, 0, -3, -1.5707963267948966, 3.0
231, 96, 840, 430, 840, 428, 0, 2, 1.5707963267948966, 2.0
231, 98, 824, 382, 824, 378, 0, 4, 1.5707963267948966, 4.0
231, 99, 522, 521, 523, 528, -1, -7, -1.7126933813990606, 7.0710678118654755
231, 100, 107, 615, 106, 611, 1, 4, 1.3258176636680326, 4.123105625617661
231, 102, 147, 147, 148, 145, -1, 2, 2.0344439357957027, 2.23606797749979
231, 103, 155, 597, 153, 595, 2, 2, 0.7853981633974483, 2.8284271247461903
231, 105, 611, 253, 611, 250, 0, 3, 1.5707963267948966, 3.0
231, 106, 1261, 577, 1261, 573, 0, 4, 1.5707963267948966, 4.0
232, 0, 849, 165, 850, 169, -1, -4, -1.8157749899217608, 4.123105625617661
232, 2, 1014, 43, 1017, 45, -3, -2, -2.5535900500422257, 3.605551275463989
232, 3, 371, 685, 372, 681, -1, 4, 1.8157749899217608, 4.123105625617661
232, 4, 399, 701, 402, 701, -3, 0, 3.141592653589793, 3.0
232, 6, 501, 584, 502, 588, -1, -4, -1.8157749899217608, 4.123105625617661
232, 7, 429, 14, 426, 15, 3, -1, -0.3217505543966422, 3.1622776601683795
232, 9, 465, 278, 465, 281, 0, -3, -1.5707963267948966, 3.0
232, 11, 837, 166, 838, 170, -1, -4, -1.8157749899217608, 4.123105625617661
232, 13, 148, 602, 147, 600, 1, 2, 1.1071487177940904, 2.23606797749979
232, 14, 338, 602, 340, 598, -2, 4, 2.0344439357957027, 4.47213595499958
232, 15, 352, 688, 353, 684, -1, 4, 1.8157749899217608, 4.123105625617661
232, 16, 491, 231, 491, 235, 0, -4, -1.5707963267948966, 4.0
232, 18, 833, 394, 834, 390, -1, 4, 1.8157749899217608, 4.123105625617661
232, 20, 477, 232, 478, 235, -1, -3, -1.892546881191539, 3.1622776601683795
232, 21, 117, 627, 117, 624, 0, 3, 1.5707963267948966, 3.0
232, 22, 419, 77, 417, 76, 2, 1, 0.4636476090008061, 2.23606797749979
232, 23, 1011, 53, 1013, 55, -2, -2, -2.356194490192345, 2.8284271247461903
232, 24, 544, 622, 544, 625, 0, -3, -1.5707963267948966, 3.0
232, 25, 1023, 91, 1025, 94, -2, -3, -2.158798930342464, 3.605551275463989
232, 26, 799, 427, 799, 423, 0, 4, 1.5707963267948966, 4.0
232, 27, 427, 73, 426, 72, 1, 1, 0.7853981633974483, 1.4142135623730951
232, 28, 845, 154, 846, 158, -1, -4, -1.8157749899217608, 4.123105625617661
232, 30, 428, 24, 425, 25, 3, -1, -0.3217505543966422, 3.1622776601683795
232, 32, 1020, 51, 1022, 53, -2, -2, -2.356194490192345, 2.8284271247461903
232, 35, 697, 188, 698, 192, -1, -4, -1.8157749899217608, 4.123105625617661
232, 36, 619, 214, 619, 211, 0, 3, 1.5707963267948966, 3.0
232, 37, 467, 300, 465, 304, 2, -4, -1.1071487177940904, 4.47213595499958
232, 38, 842, 45, 841, 46, 1, -1, -0.7853981633974483, 1.4142135623730951
232, 39, 677, 25, 678, 24, -1, 1, 2.356194490192345, 1.4142135623730951
232, 40, 687, 453, 686, 450, 1, 3, 1.2490457723982544, 3.1622776601683795
232, 42, 1257, 131, 1259, 133, -2, -2, -2.356194490192345, 2.8284271247461903
232, 43, 692, 183, 693, 187, -1, -4, -1.8157749899217608, 4.123105625617661
232, 45, 818, 389, 818, 386, 0, 3, 1.5707963267948966, 3.0
232, 46, 387, 701, 389, 701, -2, 0, 3.141592653589793, 2.0
232, 48, 469, 305, 469, 309, 0, -4, -1.5707963267948966, 4.0
232, 50, 1219, 295, 1218, 294, 1, 1, 0.7853981633974483, 1.4142135623730951
232, 53, 736, 103, 736, 106, 0, -3, -1.5707963267948966, 3.0
232, 54, 1230, 146, 1230, 144, 0, 2, 1.5707963267948966, 2.0
232, 55, 1227, 284, 1226, 282, 1, 2, 1.1071487177940904, 2.23606797749979
232, 56, 999, 74, 1000, 78, -1, -4, -1.8157749899217608, 4.123105625617661
232, 57, 702, 456, 701, 452, 1, 4, 1.3258176636680326, 4.123105625617661
232, 58, 139, 581, 138, 579, 1, 2, 1.1071487177940904, 2.23606797749979
232, 59, 838, 419, 838, 414, 0, 5, 1.5707963267948966, 5.0
232, 60, 833, 70, 832, 71, 1, -1, -0.7853981633974483, 1.4142135623730951
232, 61, 1187, 327, 1186, 323, 1, 4, 1.3258176636680326, 4.123105625617661
232, 62, 700, 256, 701, 259, -1, -3, -1.892546881191539, 3.1622776601683795
232, 64, 854, 171, 855, 175, -1, -4, -1.8157749899217608, 4.123105625617661
232, 65, 679, 530, 679, 527, 0, 3, 1.5707963267948966, 3.0
232, 66, 709, 463, 708, 459, 1, 4, 1.3258176636680326, 4.123105625617661
232, 67, 508, 548, 509, 552, -1, -4, -1.8157749899217608, 4.123105625617661
232, 68, 543, 598, 543, 601, 0, -3, -1.5707963267948966, 3.0
232, 69, 702, 181, 703, 185, -1, -4, -1.8157749899217608, 4.123105625617661
232, 72, 1261, 573, 1261, 571, 0, 2, 1.5707963267948966, 2.0
232, 75, 673, 488, 672, 485, 1, 3, 1.2490457723982544, 3.1622776601683795
232, 77, 608, 269, 607, 267, 1, 2, 1.1071487177940904, 2.23606797749979
232, 78, 483, 222, 484, 225, -1, -3, -1.892546881191539, 3.1622776601683795
232, 79, 698, 444, 697, 441, 1, 3, 1.2490457723982544, 3.1622776601683795
232, 80, 701, 576, 703, 572, -2, 4, 2.0344439357957027, 4.47213595499958
232, 81, 690, 445, 689, 442, 1, 3, 1.2490457723982544, 3.1622776601683795
232, 83, 840, 250, 841, 252, -1, -2, -2.0344439357957027, 2.23606797749979
232, 84, 712, 132, 712, 136, 0, -4, -1.5707963267948966, 4.0
232, 87, 149, 626, 148, 625, 1, 1, 0.7853981633974483, 1.4142135623730951
232, 89, 814, 477, 812, 474, 2, 3, 0.982793723247329, 3.605551275463989
232, 91, 471, 240, 471, 243, 0, -3, -1.5707963267948966, 3.0
232, 92, 841, 432, 840, 430, 1, 2, 1.1071487177940904, 2.23606797749979
232, 93, 823, 386, 824, 382, -1, 4, 1.8157749899217608, 4.123105625617661
232, 94, 521, 514, 522, 521, -1, -7, -1.7126933813990606, 7.0710678118654755
232, 95, 108, 618, 107, 615, 1, 3, 1.2490457723982544, 3.1622776601683795
232, 97, 147, 149, 147, 147, 0, 2, 1.5707963267948966, 2.0
232, 98, 157, 599, 155, 597, 2, 2, 0.7853981633974483, 2.8284271247461903
232, 99, 612, 256, 611, 253, 1, 3, 1.2490457723982544, 3.1622776601683795
232, 100, 1261, 580, 1261, 577, 0, 3, 1.5707963267948966, 3.0
233, 0, 847, 161, 849, 165, -2, -4, -2.0344439357957027, 4.47213595499958
233, 1, 171, 122, 171, 120, 0, 2, 1.5707963267948966, 2.0
233, 2, 1010, 40, 1014, 43, -4, -3, -2.498091544796509, 5.0
233, 3, 368, 689, 371, 685, -3, 4, 2.214297435588181, 5.0
233, 4, 397, 701, 399, 701, -2, 0, 3.141592653589793, 2.0
233, 5, 826, 203, 827, 202, -1, 1, 2.356194490192345, 1.4142135623730951
233, 6, 500, 580, 501, 584, -1, -4, -1.8157749899217608, 4.123105625617661
233, 7, 432, 14, 429, 14, 3, 0, 0.0, 3.0
233, 9, 466, 275, 465, 278, 1, -3, -1.2490457723982544, 3.1622776601683795
233, 11, 835, 162, 837, 166, -2, -4, -2.0344439357957027, 4.47213595499958
233, 12, 427, 63, 425, 64, 2, -1, -0.4636476090008061, 2.23606797749979
233, 13, 149, 604, 148, 602, 1, 2, 1.1071487177940904, 2.23606797749979
233, 14, 336, 604, 338, 602, -2, 2, 2.356194490192345, 2.8284271247461903
233, 15, 351, 691, 352, 688, -1, 3, 1.892546881191539, 3.1622776601683795
233, 16, 491, 226, 491, 231, 0, -5, -1.5707963267948966, 5.0
233, 18, 831, 397, 833, 394, -2, 3, 2.158798930342464, 3.605551275463989
233, 20, 477, 227, 477, 232, 0, -5, -1.5707963267948966, 5.0
233, 23, 1007, 50, 1011, 53, -4, -3, -2.498091544796509, 5.0
233, 24, 543, 619, 544, 622, -1, -3, -1.892546881191539, 3.1622776601683795
233, 25, 1021, 88, 1023, 91, -2, -3, -2.158798930342464, 3.605551275463989
233, 26, 800, 431, 799, 427, 1, 4, 1.3258176636680326, 4.123105625617661
233, 28, 843, 150, 845, 154, -2, -4, -2.0344439357957027, 4.47213595499958
233, 29, 346, 625, 347, 624, -1, 1, 2.356194490192345, 1.4142135623730951
233, 30, 431, 23, 428, 24, 3, -1, -0.3217505543966422, 3.1622776601683795
233, 32, 1016, 48, 1020, 51, -4, -3, -2.498091544796509, 5.0
233, 34, 489, 326, 489, 328, 0, -2, -1.5707963267948966, 2.0
233, 35, 697, 184, 697, 188, 0, -4, -1.5707963267948966, 4.0
233, 36, 620, 217, 619, 214, 1, 3, 1.2490457723982544, 3.1622776601683795
233, 37, 469, 297, 467, 300, 2, -3, -0.982793723247329, 3.605551275463989
233, 38, 844, 43, 842, 45, 2, -2, -0.7853981633974483, 2.8284271247461903
233, 40, 689, 456, 687, 453, 2, 3, 0.982793723247329, 3.605551275463989
233, 41, 637, 20, 637, 18, 0, 2, 1.5707963267948966, 2.0
233, 42, 1254, 128, 1257, 131, -3, -3, -2.356194490192345, 4.242640687119285
233, 43, 692, 179, 692, 183, 0, -4, -1.5707963267948966, 4.0
233, 44, 631, 624, 631, 621, 0, 3, 1.5707963267948966, 3.0
233, 45, 818, 392, 818, 389, 0, 3, 1.5707963267948966, 3.0
233, 46, 384, 701, 387, 701, -3, 0, 3.141592653589793, 3.0
233, 47, 830, 19, 829, 20, 1, -1, -0.7853981633974483, 1.4142135623730951
233, 48, 471, 302, 469, 305, 2, -3, -0.982793723247329, 3.605551275463989
233, 50, 1221, 299, 1219, 295, 2, 4, 1.1071487177940904, 4.47213595499958
233, 52, 736, 98, 736, 103, 0, -5, -1.5707963267948966, 5.0
233, 53, 1231, 148, 1230, 146, 1, 2, 1.1071487177940904, 2.23606797749979
233, 54, 1228, 288, 1227, 284, 1, 4, 1.3258176636680326, 4.123105625617661
233, 55, 996, 71, 999, 74, -3, -3, -2.356194490192345, 4.242640687119285
233, 56, 703, 459, 702, 456, 1, 3, 1.2490457723982544, 3.1622776601683795
233, 57, 138, 582, 139, 581, -1, 1, 2.356194490192345, 1.4142135623730951
233, 58, 838, 424, 838, 419, 0, 5, 1.5707963267948966, 5.0
233, 59, 835, 68, 833, 70, 2, -2, -0.7853981633974483, 2.8284271247461903
233, 61, 699, 253, 700, 256, -1, -3, -1.892546881191539, 3.1622776601683795
233, 62, 853, 166, 854, 171, -1, -5, -1.7681918866447774, 5.0990195135927845
233, 63, 678, 532, 679, 530, -1, 2, 2.0344439357957027, 2.23606797749979
233, 64, 710, 467, 709, 463, 1, 4, 1.3258176636680326, 4.123105625617661
233, 65, 507, 543, 508, 548, -1, -5, -1.7681918866447774, 5.0990195135927845
233, 66, 544, 594, 543, 598, 1, -4, -1.3258176636680326, 4.123105625617661
233, 67, 702, 176, 702, 181, 0, -5, -1.5707963267948966, 5.0
233, 68, 632, 26, 632, 23, 0, 3, 1.5707963267948966, 3.0
233, 69, 1261, 581, 1261, 573, 0, 8, 1.5707963267948966, 8.0
233, 70, 1227, 247, 1226, 244, 1, 3, 1.2490457723982544, 3.1622776601683795
233, 71, 674, 490, 673, 488, 1, 2, 1.1071487177940904, 2.23606797749979
233, 72, 609, 272, 608, 269, 1, 3, 1.2490457723982544, 3.1622776601683795
233, 73, 483, 217, 483, 222, 0, -5, -1.5707963267948966, 5.0
233, 74, 700, 447, 698, 444, 2, 3, 0.982793723247329, 3.605551275463989
233, 75, 699, 582, 701, 576, -2, 6, 1.892546881191539, 6.324555320336759
233, 76, 691, 448, 690, 445, 1, 3, 1.2490457723982544, 3.1622776601683795
233, 77, 168, 150, 169, 149, -1, 1, 2.356194490192345, 1.4142135623730951
233, 78, 839, 248, 840, 250, -1, -2, -2.0344439357957027, 2.23606797749979
233, 79, 712, 127, 712, 132, 0, -5, -1.5707963267948966, 5.0
233, 81, 644, 25, 644, 22, 0, 3, 1.5707963267948966, 3.0
233, 82, 150, 630, 149, 626, 1, 4, 1.3258176636680326, 4.123105625617661
233, 83, 848, 54, 846, 55, 2, -1, -0.4636476090008061, 2.23606797749979
233, 84, 814, 481, 814, 477, 0, 4, 1.5707963267948966, 4.0
233, 86, 471, 235, 471, 240, 0, -5, -1.5707963267948966, 5.0
233, 87, 842, 434, 841, 432, 1, 2, 1.1071487177940904, 2.23606797749979
233, 88, 823, 390, 823, 386, 0, 4, 1.5707963267948966, 4.0
233, 89, 519, 505, 521, 514, -2, -9, -1.7894652726688385, 9.219544457292887
233, 91, 825, 453, 824, 452, 1, 1, 0.7853981633974483, 1.4142135623730951
233, 92, 146, 152, 147, 149, -1, 3, 1.892546881191539, 3.1622776601683795
233, 93, 158, 600, 157, 599, 1, 1, 0.7853981633974483, 1.4142135623730951
233, 94, 614, 260, 612, 256, 2, 4, 1.1071487177940904, 4.47213595499958
233, 95, 1261, 590, 1261, 580, 0, 10, 1.5707963267948966, 10.0
234, 0, 846, 159, 847, 161, -1, -2, -2.0344439357957027, 2.23606797749979
234, 2, 1007, 39, 1010, 40, -3, -1, -2.819842099193151, 3.1622776601683795
234, 3, 366, 693, 368, 689, -2, 4, 2.0344439357957027, 4.47213595499958
234, 4, 395, 701, 397, 701, -2, 0, 3.141592653589793, 2.0
234, 6, 499, 577, 500, 580, -1, -3, -1.892546881191539, 3.1622776601683795
234, 7, 435, 14, 432, 14, 3, 0, 0.0, 3.0
234, 9, 467, 272, 466, 275, 1, -3, -1.2490457723982544, 3.1622776601683795
234, 11, 834, 160, 835, 162, -1, -2, -2.0344439357957027, 2.23606797749979
234, 12, 427, 61, 427, 63, 0, -2, -1.5707963267948966, 2.0
234, 13, 150, 606, 149, 604, 1, 2, 1.1071487177940904, 2.23606797749979
234, 14, 334, 608, 336, 604, -2, 4, 2.0344439357957027, 4.47213595499958
234, 15, 350, 695, 351, 691, -1, 4, 1.8157749899217608, 4.123105625617661
234, 16, 491, 223, 491, 226, 0, -3, -1.5707963267948966, 3.0
234, 18, 830, 400, 831, 397, -1, 3, 1.892546881191539, 3.1622776601683795
234, 20, 477, 224, 477, 227, 0, -3, -1.5707963267948966, 3.0
234, 21, 119, 629, 117, 628, 2, 1, 0.4636476090008061, 2.23606797749979
234, 23, 1004, 49, 1007, 50, -3, -1, -2.819842099193151, 3.1622776601683795
234, 25, 1019, 84, 1021, 88, -2, -4, -2.0344439357957027, 4.47213595499958
234, 26, 800, 435, 800, 431, 0, 4, 1.5707963267948966, 4.0
234, 27, 428, 71, 428, 73, 0, -2, -1.5707963267948966, 2.0
234, 28, 841, 148, 843, 150, -2, -2, -2.356194490192345, 2.8284271247461903
234, 30, 434, 23, 431, 23, 3, 0, 0.0, 3.0
234, 32, 1013, 47, 1016, 48, -3, -1, -2.819842099193151, 3.1622776601683795
234, 35, 697, 180, 697, 184, 0, -4, -1.5707963267948966, 4.0
234, 36, 620, 220, 620, 217, 0, 3, 1.5707963267948966, 3.0
234, 37, 470, 293, 469, 297, 1, -4, -1.3258176636680326, 4.123105625617661
234, 38, 845, 42, 844, 43, 1, -1, -0.7853981633974483, 1.4142135623730951
234, 40, 691, 459, 689, 456, 2, 3, 0.982793723247329, 3.605551275463989
234, 42, 1252, 126, 1254, 128, -2, -2, -2.356194490192345, 2.8284271247461903
234, 43, 692, 175, 692, 179, 0, -4, -1.5707963267948966, 4.0
234, 44, 630, 628, 631, 624, -1, 4, 1.8157749899217608, 4.123105625617661
234, 45, 817, 396, 818, 392, -1, 4, 1.8157749899217608, 4.123105625617661
234, 46, 382, 701, 384, 701, -2, 0, 3.141592653589793, 2.0
234, 48, 473, 298, 471, 302, 2, -4, -1.1071487177940904, 4.47213595499958
234, 49, 1221, 301, 1221, 299, 0, 2, 1.5707963267948966, 2.0
234, 51, 736, 96, 736, 98, 0, -2, -1.5707963267948966, 2.0
234, 53, 1228, 290, 1228, 288, 0, 2, 1.5707963267948966, 2.0
234, 54, 994, 69, 996, 71, -2, -2, -2.356194490192345, 2.8284271247461903
234, 55, 704, 463, 703, 459, 1, 4, 1.3258176636680326, 4.123105625617661
234, 56, 140, 585, 138, 582, 2, 3, 0.982793723247329, 3.605551275463989
234, 57, 838, 427, 838, 424, 0, 3, 1.5707963267948966, 3.0
234, 58, 836, 67, 835, 68, 1, -1, -0.7853981633974483, 1.4142135623730951
234, 59, 1187, 330, 1187, 327, 0, 3, 1.5707963267948966, 3.0
234, 60, 698, 251, 699, 253, -1, -2, -2.0344439357957027, 2.23606797749979
234, 61, 852, 164, 853, 166, -1, -2, -2.0344439357957027, 2.23606797749979
234, 62, 677, 536, 678, 532, -1, 4, 1.8157749899217608, 4.123105625617661
234, 63, 711, 471, 710, 467, 1, 4, 1.3258176636680326, 4.123105625617661
234, 64, 506, 539, 507, 543, -1, -4, -1.8157749899217608, 4.123105625617661
234, 65, 544, 589, 544, 594, 0, -5, -1.5707963267948966, 5.0
234, 66, 702, 172, 702, 176, 0, -4, -1.5707963267948966, 4.0
234, 69, 1227, 249, 1227, 247, 0, 2, 1.5707963267948966, 2.0
234, 70, 675, 494, 674, 490, 1, 4, 1.3258176636680326, 4.123105625617661
234, 71, 609, 275, 609, 272, 0, 3, 1.5707963267948966, 3.0
234, 72, 483, 214, 483, 217, 0, -3, -1.5707963267948966, 3.0
234, 73, 701, 451, 700, 447, 1, 4, 1.3258176636680326, 4.123105625617661
234, 75, 693, 452, 691, 448, 2, 4, 1.1071487177940904, 4.47213595499958
234, 77, 838, 246, 839, 248, -1, -2, -2.0344439357957027, 2.23606797749979
234, 78, 712, 123, 712, 127, 0, -4, -1.5707963267948966, 4.0
234, 80, 152, 635, 150, 630, 2, 5, 1.1902899496825317, 5.385164807134504
234, 81, 849, 53, 848, 54, 1, -1, -0.7853981633974483, 1.4142135623730951
234, 84, 471, 233, 471, 235, 0, -2, -1.5707963267948966, 2.0
234, 85, 842, 438, 842, 434, 0, 4, 1.5707963267948966, 4.0
234, 86, 822, 394, 823, 390, -1, 4, 1.8157749899217608, 4.123105625617661
234, 87, 519, 503, 519, 505, 0, -2, -1.5707963267948966, 2.0
234, 88, 110, 620, 108, 618, 2, 2, 0.7853981633974483, 2.8284271247461903
234, 89, 825, 455, 825, 453, 0, 2, 1.5707963267948966, 2.0
234, 91, 159, 601, 158, 600, 1, 1, 0.7853981633974483, 1.4142135623730951
234, 92, 614, 263, 614, 260, 0, 3, 1.5707963267948966, 3.0
234, 93, 1261, 594, 1261, 590, 0, 4, 1.5707963267948966, 4.0
235, 0, 849, 167, 850, 169, -1, -2, -2.0344439357957027, 2.23606797749979
235, 2, 154, 587, 153, 585, 1, 2, 1.1071487177940904, 2.23606797749979
235, 3, 119, 640, 117, 639, 2, 1, 0.4636476090008061, 2.23606797749979
235, 4, 1009, 46, 1012, 47, -3, -1, -2.819842099193151, 3.1622776601683795
235, 5, 835, 22, 834, 24, 1, -2, -1.1071487177940904, 2.23606797749979
235, 7, 433, 17, 430, 17, 3, 0, 0.0, 3.0
235, 8, 839, 167, 840, 170, -1, -3, -1.892546881191539, 3.1622776601683795
235, 9, 549, 586, 549, 591, 0, -5, -1.5707963267948966, 5.0
235, 10, 501, 583, 502, 586, -1, -3, -1.892546881191539, 3.1622776601683795
235, 11, 1009, 54, 1012, 55, -3, -1, -2.819842099193151, 3.1622776601683795
235, 12, 493, 231, 493, 234, 0, -3, -1.5707963267948966, 3.0
235, 13, 371, 693, 373, 689, -2, 4, 2.0344439357957027, 4.47213595499958
235, 14, 464, 291, 463, 295, 1, -4, -1.3258176636680326, 4.123105625617661
235, 15, 350, 695, 351, 691, -1, 4, 1.8157749899217608, 4.123105625617661
235, 16, 480, 232, 480, 235, 0, -3, -1.5707963267948966, 3.0
235, 17, 998, 71, 1000, 73, -2, -2, -2.356194490192345, 2.8284271247461903
235, 18, 468, 297, 467, 301, 1, -4, -1.3258176636680326, 4.123105625617661
235, 21, 431, 26, 428, 26, 3, 0, 0.0, 3.0
235, 23, 504, 257, 505, 262, -1, -5, -1.7681918866447774, 5.0990195135927845
235, 24, 337, 638, 337, 634, 0, 4, 1.5707963267948966, 4.0
235, 25, 698, 185, 699, 189, -1, -4, -1.8157749899217608, 4.123105625617661
235, 26, 713, 124, 713, 127, 0, -3, -1.5707963267948966, 3.0
235, 27, 1017, 45, 1020, 46, -3, -1, -2.819842099193151, 3.1622776601683795
235, 29, 817, 399, 817, 396, 0, 3, 1.5707963267948966, 3.0
235, 30, 691, 463, 690, 460, 1, 3, 1.2490457723982544, 3.1622776601683795
235, 32, 627, 629, 628, 626, -1, 3, 1.892546881191539, 3.1622776601683795
235, 33, 622, 218, 621, 216, 1, 2, 1.1071487177940904, 2.23606797749979
235, 34, 834, 69, 833, 71, 1, -2, -1.1071487177940904, 2.23606797749979
235, 36, 836, 400, 836, 397, 0, 3, 1.5707963267948966, 3.0
235, 38, 845, 155, 846, 158, -1, -3, -1.892546881191539, 3.1622776601683795
235, 42, 1253, 128, 1256, 130, -3, -2, -2.5535900500422257, 3.605551275463989
235, 43, 1228, 185, 1227, 184, 1, 1, 0.7853981633974483, 1.4142135623730951
235, 45, 479, 78, 479, 80, 0, -2, -1.5707963267948966, 2.0
235, 47, 799, 440, 798, 436, 1, 4, 1.3258176636680326, 4.123105625617661
235, 49, 149, 134, 149, 132, 0, 2, 1.5707963267948966, 2.0
235, 50, 707, 465, 706, 462, 1, 3, 1.2490457723982544, 3.1622776601683795
235, 51, 1007, 96, 1008, 98, -1, -2, -2.0344439357957027, 2.23606797749979
235, 52, 1228, 249, 1228, 247, 0, 2, 1.5707963267948966, 2.0
235, 54, 480, 309, 478, 312, 2, -3, -0.982793723247329, 3.605551275463989
235, 55, 726, 179, 726, 181, 0, -2, -1.5707963267948966, 2.0
235, 57, 1227, 286, 1227, 284, 0, 2, 1.5707963267948966, 2.0
235, 59, 849, 56, 848, 57, 1, -1, -0.7853981633974483, 1.4142135623730951
235, 60, 712, 471, 711, 467, 1, 4, 1.3258176636680326, 4.123105625617661
235, 61, 1219, 299, 1219, 297, 0, 2, 1.5707963267948966, 2.0
235, 62, 832, 174, 833, 177, -1, -3, -1.892546881191539, 3.1622776601683795
235, 63, 808, 423, 807, 419, 1, 4, 1.3258176636680326, 4.123105625617661
235, 64, 1020, 52, 1023, 54, -3, -2, -2.5535900500422257, 3.605551275463989
235, 65, 698, 178, 698, 182, 0, -4, -1.5707963267948966, 4.0
235, 67, 508, 540, 509, 544, -1, -4, -1.8157749899217608, 4.123105625617661
235, 68, 681, 538, 681, 536, 0, 2, 1.5707963267948966, 2.0
235, 70, 839, 421, 839, 419, 0, 2, 1.5707963267948966, 2.0
235, 71, 1254, 153, 1256, 153, -2, 0, 3.141592653589793, 2.0
235, 72, 675, 497, 674, 494, 1, 3, 1.2490457723982544, 3.1622776601683795
235, 73, 702, 454, 701, 450, 1, 4, 1.3258176636680326, 4.123105625617661
235, 74, 157, 619, 156, 617, 1, 2, 1.1071487177940904, 2.23606797749979
235, 76, 855, 173, 856, 175, -1, -2, -2.0344439357957027, 2.23606797749979
235, 77, 499, 277, 499, 282, 0, -5, -1.5707963267948966, 5.0
235, 78, 469, 275, 468, 279, 1, -4, -1.3258176636680326, 4.123105625617661
235, 79, 735, 105, 735, 107, 0, -2, -1.5707963267948966, 2.0
235, 82, 166, 611, 165, 610, 1, 1, 0.7853981633974483, 1.4142135623730951
235, 84, 845, 444, 844, 441, 1, 3, 1.2490457723982544, 3.1622776601683795
235, 85, 998, 116, 1000, 119, -2, -3, -2.158798930342464, 3.605551275463989
235, 86, 501, 239, 501, 242, 0, -3, -1.5707963267948966, 3.0
235, 87, 147, 591, 146, 589, 1, 2, 1.1071487177940904, 2.23606797749979
235, 88, 358, 580, 359, 576, -1, 4, 1.8157749899217608, 4.123105625617661
235, 89, 159, 663, 159, 661, 0, 2, 1.5707963267948966, 2.0
235, 91, 485, 221, 485, 224, 0, -3, -1.5707963267948966, 3.0
235, 92, 718, 519, 717, 515, 1, 4, 1.3258176636680326, 4.123105625617661
235, 93, 694, 454, 693, 450, 1, 4, 1.3258176636680326, 4.123105625617661
235, 94, 1201, 346, 1200, 345, 1, 1, 0.7853981633974483, 1.4142135623730951
235, 95, 1186, 348, 1186, 344, 0, 4, 1.5707963267948966, 4.0
235, 96, 823, 392, 823, 389, 0, 3, 1.5707963267948966, 3.0
235, 97, 690, 543, 689, 542, 1, 1, 0.7853981633974483, 1.4142135623730951
235, 98, 138, 636, 138, 634, 0, 2, 1.5707963267948966, 2.0
235, 99, 834, 234, 834, 238, 0, -4, -1.5707963267948966, 4.0
235, 100, 703, 169, 703, 172, 0, -3, -1.5707963267948966, 3.0
235, 101, 518, 513, 520, 518, -2, -5, -1.9513027039072615, 5.385164807134504
235, 102, 845, 46, 843, 47, 2, -1, -0.4636476090008061, 2.23606797749979
235, 103, 500, 37, 500, 39, 0, -2, -1.5707963267948966, 2.0
235, 104, 148, 109, 148, 107, 0, 2, 1.5707963267948966, 2.0
235, 105, 733, 170, 734, 173, -1, -3, -1.892546881191539, 3.1622776601683795
235, 111, 685, 656, 685, 653, 0, 3, 1.5707963267948966, 3.0
235, 112, 695, 169, 695, 172, 0, -3, -1.5707963267948966, 3.0
235, 115, 823, 460, 824, 457, -1, 3, 1.892546881191539, 3.1622776601683795
235, 118, 472, 240, 472, 243, 0, -3, -1.5707963267948966, 3.0
235, 120, 152, 81, 153, 80, -1, 1, 2.356194490192345, 1.4142135623730951
235, 122, 1000, 81, 1001, 83, -1, -2, -2.0344439357957027, 2.23606797749979
235, 123, 1261, 27, 1278, 28, -17, -1, -3.0828368308740703, 17.029386365926403
235, 125, 140, 72, 141, 71, -1, 1, 2.356194490192345, 1.4142135623730951
235, 127, 338, 541, 341, 538, -3, 3, 2.356194490192345, 4.242640687119285
236, 0, 848, 164, 849, 167, -1, -3, -1.892546881191539, 3.1622776601683795
236, 2, 155, 589, 154, 587, 1, 2, 1.1071487177940904, 2.23606797749979
236, 3, 120, 641, 119, 640, 1, 1, 0.7853981633974483, 1.4142135623730951
236, 4, 1006, 45, 1009, 46, -3, -1, -2.819842099193151, 3.1622776601683795
236, 5, 836, 20, 835, 22, 1, -2, -1.1071487177940904, 2.23606797749979
236, 7, 436, 17, 433, 17, 3, 0, 0.0, 3.0
236, 8, 838, 164, 839, 167, -1, -3, -1.892546881191539, 3.1622776601683795
236, 9, 547, 582, 549, 586, -2, -4, -2.0344439357957027, 4.47213595499958
236, 10, 500, 581, 501, 583, -1, -2, -2.0344439357957027, 2.23606797749979
236, 11, 1006, 52, 1009, 54, -3, -2, -2.5535900500422257, 3.605551275463989
236, 12, 493, 228, 493, 231, 0, -3, -1.5707963267948966, 3.0
236, 13, 369, 697, 371, 693, -2, 4, 2.0344439357957027, 4.47213595499958
236, 14, 465, 287, 464, 291, 1, -4, -1.3258176636680326, 4.123105625617661
236, 15, 349, 699, 350, 695, -1, 4, 1.8157749899217608, 4.123105625617661
236, 16, 480, 229, 480, 232, 0, -3, -1.5707963267948966, 3.0
236, 17, 996, 69, 998, 71, -2, -2, -2.356194490192345, 2.8284271247461903
236, 18, 469, 292, 468, 297, 1, -5, -1.373400766945016, 5.0990195135927845
236, 20, 432, 77, 431, 78, 1, -1, -0.7853981633974483, 1.4142135623730951
236, 21, 434, 26, 431, 26, 3, 0, 0.0, 3.0
236, 23, 503, 252, 504, 257, -1, -5, -1.7681918866447774, 5.0990195135927845
236, 24, 336, 642, 337, 638, -1, 4, 1.8157749899217608, 4.123105625617661
236, 25, 697, 183, 698, 185, -1, -2, -2.0344439357957027, 2.23606797749979
236, 26, 713, 121, 713, 124, 0, -3, -1.5707963267948966, 3.0
236, 27, 1014, 43, 1017, 45, -3, -2, -2.5535900500422257, 3.605551275463989
236, 29, 817, 401, 817, 399, 0, 2, 1.5707963267948966, 2.0
236, 30, 692, 466, 691, 463, 1, 3, 1.2490457723982544, 3.1622776601683795
236, 32, 627, 632, 627, 629, 0, 3, 1.5707963267948966, 3.0
236, 33, 622, 220, 622, 218, 0, 2, 1.5707963267948966, 2.0
236, 34, 835, 67, 834, 69, 1, -2, -1.1071487177940904, 2.23606797749979
236, 36, 836, 402, 836, 400, 0, 2, 1.5707963267948966, 2.0
236, 37, 844, 152, 845, 155, -1, -3, -1.892546881191539, 3.1622776601683795
236, 41, 1250, 127, 1253, 128, -3, -1, -2.819842099193151, 3.1622776601683795
236, 46, 799, 442, 799, 440, 0, 2, 1.5707963267948966, 2.0
236, 48, 149, 136, 149, 134, 0, 2, 1.5707963267948966, 2.0
236, 49, 708, 468, 707, 465, 1, 3, 1.2490457723982544, 3.1622776601683795
236, 50, 1006, 94, 1007, 96, -1, -2, -2.0344439357957027, 2.23606797749979
236, 51, 1228, 252, 1228, 249, 0, 3, 1.5707963267948966, 3.0
236, 53, 482, 305, 480, 309, 2, -4, -1.1071487177940904, 4.47213595499958
236, 54, 726, 177, 726, 179, 0, -2, -1.5707963267948966, 2.0
236, 56, 1227, 289, 1227, 286, 0, 3, 1.5707963267948966, 3.0
236, 57, 851, 54, 849, 56, 2, -2, -0.7853981633974483, 2.8284271247461903
236, 58, 713, 474, 712, 471, 1, 3, 1.2490457723982544, 3.1622776601683795
236, 59, 1219, 301, 1219, 299, 0, 2, 1.5707963267948966, 2.0
236, 60, 831, 171, 832, 174, -1, -3, -1.892546881191539, 3.1622776601683795
236, 61, 809, 426, 808, 423, 1, 3, 1.2490457723982544, 3.1622776601683795
236, 62, 1017, 50, 1020, 52, -3, -2, -2.5535900500422257, 3.605551275463989
236, 63, 698, 176, 698, 178, 0, -2, -1.5707963267948966, 2.0
236, 65, 507, 536, 508, 540, -1, -4, -1.8157749899217608, 4.123105625617661
236, 66, 680, 540, 681, 538, -1, 2, 2.0344439357957027, 2.23606797749979
236, 67, 839, 423, 839, 421, 0, 2, 1.5707963267948966, 2.0
236, 68, 1253, 154, 1254, 153, -1, 1, 2.356194490192345, 1.4142135623730951
236, 69, 676, 500, 675, 497, 1, 3, 1.2490457723982544, 3.1622776601683795
236, 70, 703, 457, 702, 454, 1, 3, 1.2490457723982544, 3.1622776601683795
236, 71, 158, 621, 157, 619, 1, 2, 1.1071487177940904, 2.23606797749979
236, 73, 854, 170, 855, 173, -1, -3, -1.892546881191539, 3.1622776601683795
236, 74, 499, 273, 499, 277, 0, -4, -1.5707963267948966, 4.0
236, 75, 470, 272, 469, 275, 1, -3, -1.2490457723982544, 3.1622776601683795
236, 76, 735, 103, 735, 105, 0, -2, -1.5707963267948966, 2.0
236, 78, 558, 42, 558, 44, 0, -2, -1.5707963267948966, 2.0
236, 79, 167, 612, 166, 611, 1, 1, 0.7853981633974483, 1.4142135623730951
236, 81, 846, 445, 845, 444, 1, 1, 0.7853981633974483, 1.4142135623730951
236, 82, 996, 112, 998, 116, -2, -4, -2.0344439357957027, 4.47213595499958
236, 83, 501, 235, 501, 239, 0, -4, -1.5707963267948966, 4.0
236, 84, 148, 592, 147, 591, 1, 1, 0.7853981633974483, 1.4142135623730951
236, 85, 357, 584, 358, 580, -1, 4, 1.8157749899217608, 4.123105625617661
236, 86, 160, 665, 159, 663, 1, 2, 1.1071487177940904, 2.23606797749979
236, 87, 346, 624, 348, 624, -2, 0, 3.141592653589793, 2.0
236, 88, 485, 218, 485, 221, 0, -3, -1.5707963267948966, 3.0
236, 89, 719, 523, 718, 519, 1, 4, 1.3258176636680326, 4.123105625617661
236, 90, 695, 457, 694, 454, 1, 3, 1.2490457723982544, 3.1622776601683795
236, 91, 1202, 347, 1201, 346, 1, 1, 0.7853981633974483, 1.4142135623730951
236, 92, 1187, 352, 1186, 348, 1, 4, 1.3258176636680326, 4.123105625617661
236, 93, 823, 394, 823, 392, 0, 2, 1.5707963267948966, 2.0
236, 95, 139, 637, 138, 636, 1, 1, 0.7853981633974483, 1.4142135623730951
236, 96, 834, 230, 834, 234, 0, -4, -1.5707963267948966, 4.0
236, 97, 703, 167, 703, 169, 0, -2, -1.5707963267948966, 2.0
236, 98, 516, 509, 518, 513, -2, -4, -2.0344439357957027, 4.47213595499958
236, 99, 847, 44, 845, 46, 2, -2, -0.7853981633974483, 2.8284271247461903
236, 100, 500, 35, 500, 37, 0, -2, -1.5707963267948966, 2.0
236, 101, 147, 110, 148, 109, -1, 1, 2.356194490192345, 1.4142135623730951
236, 102, 732, 166, 733, 170, -1, -4, -1.8157749899217608, 4.123105625617661
236, 103, 149, 152, 149, 150, 0, 2, 1.5707963267948966, 2.0
236, 108, 685, 659, 685, 656, 0, 3, 1.5707963267948966, 3.0
236, 109, 695, 167, 695, 169, 0, -2, -1.5707963267948966, 2.0
236, 112, 823, 464, 823, 460, 0, 4, 1.5707963267948966, 4.0
236, 115, 472, 237, 472, 240, 0, -3, -1.5707963267948966, 3.0
236, 117, 151, 82, 152, 81, -1, 1, 2.356194490192345, 1.4142135623730951
236, 118, 825, 208, 826, 211, -1, -3, -1.892546881191539, 3.1622776601683795
236, 119, 998, 79, 1000, 81, -2, -2, -2.356194490192345, 2.8284271247461903
236, 121, 139, 73, 140, 72, -1, 1, 2.356194490192345, 1.4142135623730951
236, 123, 335, 544, 338, 541, -3, 3, 2.356194490192345, 4.242640687119285
237, 0, 846, 161, 848, 164, -2, -3, -2.158798930342464, 3.605551275463989
237, 1, 170, 125, 171, 124, -1, 1, 2.356194490192345, 1.4142135623730951
237, 2, 156, 590, 155, 589, 1, 1, 0.7853981633974483, 1.4142135623730951
237, 3, 120, 643, 120, 641, 0, 2, 1.5707963267948966, 2.0
237, 4, 1003, 43, 1006, 45, -3, -2, -2.5535900500422257, 3.605551275463989
237, 5, 837, 18, 836, 20, 1, -2, -1.1071487177940904, 2.23606797749979
237, 7, 439, 17, 436, 17, 3, 0, 0.0, 3.0
237, 8, 836, 161, 838, 164, -2, -3, -2.158798930342464, 3.605551275463989
237, 9, 546, 577, 547, 582, -1, -5, -1.7681918866447774, 5.0990195135927845
237, 10, 499, 578, 500, 581, -1, -3, -1.892546881191539, 3.1622776601683795
237, 11, 1003, 50, 1006, 52, -3, -2, -2.5535900500422257, 3.605551275463989
237, 12, 492, 225, 493, 228, -1, -3, -1.892546881191539, 3.1622776601683795
237, 13, 367, 701, 369, 697, -2, 4, 2.0344439357957027, 4.47213595499958
237, 14, 465, 283, 465, 287, 0, -4, -1.5707963267948966, 4.0
237, 15, 349, 701, 349, 699, 0, 2, 1.5707963267948966, 2.0
237, 16, 480, 227, 480, 229, 0, -2, -1.5707963267948966, 2.0
237, 17, 994, 67, 996, 69, -2, -2, -2.356194490192345, 2.8284271247461903
237, 18, 470, 288, 469, 292, 1, -4, -1.3258176636680326, 4.123105625617661
237, 21, 437, 26, 434, 26, 3, 0, 0.0, 3.0
237, 22, 842, 249, 842, 251, 0, -2, -1.5707963267948966, 2.0
237, 23, 502, 247, 503, 252, -1, -5, -1.7681918866447774, 5.0990195135927845
237, 24, 334, 648, 336, 642, -2, 6, 1.892546881191539, 6.324555320336759
237, 25, 697, 181, 697, 183, 0, -2, -1.5707963267948966, 2.0
237, 26, 713, 118, 713, 121, 0, -3, -1.5707963267948966, 3.0
237, 27, 1011, 41, 1014, 43, -3, -2, -2.5535900500422257, 3.605551275463989
237, 29, 817, 403, 817, 401, 0, 2, 1.5707963267948966, 2.0
237, 30, 692, 469, 692, 466, 0, 3, 1.5707963267948966, 3.0
237, 32, 627, 635, 627, 632, 0, 3, 1.5707963267948966, 3.0
237, 33, 623, 222, 622, 220, 1, 2, 1.1071487177940904, 2.23606797749979
237, 34, 837, 65, 835, 67, 2, -2, -0.7853981633974483, 2.8284271247461903
237, 36, 836, 404, 836, 402, 0, 2, 1.5707963267948966, 2.0
237, 37, 843, 149, 844, 152, -1, -3, -1.892546881191539, 3.1622776601683795
237, 41, 1247, 126, 1250, 127, -3, -1, -2.819842099193151, 3.1622776601683795
237, 44, 479, 75, 479, 77, 0, -2, -1.5707963267948966, 2.0
237, 46, 799, 444, 799, 442, 0, 2, 1.5707963267948966, 2.0
237, 48, 149, 138, 149, 136, 0, 2, 1.5707963267948966, 2.0
237, 49, 709, 471, 708, 468, 1, 3, 1.2490457723982544, 3.1622776601683795
237, 50, 1004, 92, 1006, 94, -2, -2, -2.356194490192345, 2.8284271247461903
237, 51, 1228, 255, 1228, 252, 0, 3, 1.5707963267948966, 3.0
237, 52, 483, 301, 482, 305, 1, -4, -1.3258176636680326, 4.123105625617661
237, 55, 1227, 292, 1227, 289, 0, 3, 1.5707963267948966, 3.0
237, 56, 853, 51, 851, 54, 2, -3, -0.982793723247329, 3.605551275463989
237, 57, 714, 477, 713, 474, 1, 3, 1.2490457723982544, 3.1622776601683795
237, 58, 1219, 303, 1219, 301, 0, 2, 1.5707963267948966, 2.0
237, 59, 830, 168, 831, 171, -1, -3, -1.892546881191539, 3.1622776601683795
237, 60, 810, 429, 809, 426, 1, 3, 1.2490457723982544, 3.1622776601683795
237, 61, 1014, 48, 1017, 50, -3, -2, -2.5535900500422257, 3.605551275463989
237, 62, 698, 174, 698, 176, 0, -2, -1.5707963267948966, 2.0
237, 64, 505, 532, 507, 536, -2, -4, -2.0344439357957027, 4.47213595499958
237, 65, 679, 543, 680, 540, -1, 3, 1.892546881191539, 3.1622776601683795
237, 67, 1252, 155, 1253, 154, -1, 1, 2.356194490192345, 1.4142135623730951
237, 68, 677, 503, 676, 500, 1, 3, 1.2490457723982544, 3.1622776601683795
237, 69, 704, 460, 703, 457, 1, 3, 1.2490457723982544, 3.1622776601683795
237, 70, 159, 623, 158, 621, 1, 2, 1.1071487177940904, 2.23606797749979
237, 72, 852, 167, 854, 170, -2, -3, -2.158798930342464, 3.605551275463989
237, 73, 500, 269, 499, 273, 1, -4, -1.3258176636680326, 4.123105625617661
237, 74, 470, 269, 470, 272, 0, -3, -1.5707963267948966, 3.0
237, 75, 735, 101, 735, 103, 0, -2, -1.5707963267948966, 2.0
237, 78, 168, 614, 167, 612, 1, 2, 1.1071487177940904, 2.23606797749979
237, 79, 847, 444, 846, 445, 1, -1, -0.7853981633974483, 1.4142135623730951
237, 80, 995, 108, 996, 112, -1, -4, -1.8157749899217608, 4.123105625617661
237, 81, 501, 232, 501, 235, 0, -3, -1.5707963267948966, 3.0
237, 82, 150, 593, 148, 592, 2, 1, 0.4636476090008061, 2.23606797749979
237, 83, 356, 588, 357, 584, -1, 4, 1.8157749899217608, 4.123105625617661
237, 84, 161, 668, 160, 665, 1, 3, 1.2490457723982544, 3.1622776601683795
237, 85, 344, 623, 346, 624, -2, -1, -2.677945044588987, 2.23606797749979
237, 86, 484, 215, 485, 218, -1, -3, -1.892546881191539, 3.1622776601683795
237, 87, 719, 526, 719, 523, 0, 3, 1.5707963267948966, 3.0
237, 88, 696, 460, 695, 457, 1, 3, 1.2490457723982544, 3.1622776601683795
237, 89, 1203, 348, 1202, 347, 1, 1, 0.7853981633974483, 1.4142135623730951
237, 90, 1188, 356, 1187, 352, 1, 4, 1.3258176636680326, 4.123105625617661
237, 91, 824, 396, 823, 394, 1, 2, 1.1071487177940904, 2.23606797749979
237, 92, 690, 548, 690, 544, 0, 4, 1.5707963267948966, 4.0
237, 93, 140, 638, 139, 637, 1, 1, 0.7853981633974483, 1.4142135623730951
237, 95, 703, 165, 703, 167, 0, -2, -1.5707963267948966, 2.0
237, 96, 514, 504, 516, 509, -2, -5, -1.9513027039072615, 5.385164807134504
237, 97, 849, 41, 847, 44, 2, -3, -0.982793723247329, 3.605551275463989
237, 98, 500, 33, 500, 35, 0, -2, -1.5707963267948966, 2.0
237, 99, 146, 112, 147, 110, -1, 2, 2.0344439357957027, 2.23606797749979
237, 100, 731, 162, 732, 166, -1, -4, -1.8157749899217608, 4.123105625617661
237, 104, 845, 71, 844, 72, 1, -1, -0.7853981633974483, 1.4142135623730951
237, 106, 685, 662, 685, 659, 0, 3, 1.5707963267948966, 3.0
237, 107, 695, 165, 695, 167, 0, -2, -1.5707963267948966, 2.0
237, 110, 823, 468, 823, 464, 0, 4, 1.5707963267948966, 4.0
237, 113, 472, 235, 472, 237, 0, -2, -1.5707963267948966, 2.0
237, 115, 150, 84, 151, 82, -1, 2, 2.0344439357957027, 2.23606797749979
237, 116, 824, 205, 825, 208, -1, -3, -1.892546881191539, 3.1622776601683795
237, 117, 996, 77, 998, 79, -2, -2, -2.356194490192345, 2.8284271247461903
237, 119, 137, 75, 139, 73, -2, 2, 2.356194490192345, 2.8284271247461903
237, 121, 332, 547, 335, 544, -3, 3, 2.356194490192345, 4.242640687119285
238, 0, 845, 157, 846, 161, -1, -4, -1.8157749899217608, 4.123105625617661
238, 1, 169, 127, 170, 125, -1, 2, 2.0344439357957027, 2.23606797749979
238, 2, 155, 592, 156, 590, -1, 2, 2.0344439357957027, 2.23606797749979
238, 3, 120, 645, 120, 643, 0, 2, 1.5707963267948966, 2.0
238, 4, 999, 40, 1003, 43, -4, -3, -2.498091544796509, 5.0
238, 5, 838, 15, 837, 18, 1, -3, -1.2490457723982544, 3.1622776601683795
238, 7, 442, 18, 439, 17, 3, 1, 0.3217505543966422, 3.1622776601683795
238, 8, 835, 157, 836, 161, -1, -4, -1.8157749899217608, 4.123105625617661
238, 9, 545, 573, 546, 577, -1, -4, -1.8157749899217608, 4.123105625617661
238, 10, 499, 574, 499, 578, 0, -4, -1.5707963267948966, 4.0
238, 11, 999, 47, 1003, 50, -4, -3, -2.498091544796509, 5.0
238, 12, 491, 220, 492, 225, -1, -5, -1.7681918866447774, 5.0990195135927845
238, 13, 364, 701, 367, 701, -3, 0, 3.141592653589793, 3.0
238, 14, 464, 279, 465, 283, -1, -4, -1.8157749899217608, 4.123105625617661
238, 16, 479, 223, 480, 227, -1, -4, -1.8157749899217608, 4.123105625617661
238, 17, 991, 63, 994, 67, -3, -4, -2.214297435588181, 5.0
238, 18, 470, 284, 470, 288, 0, -4, -1.5707963267948966, 4.0
238, 20, 433, 75, 432, 76, 1, -1, -0.7853981633974483, 1.4142135623730951
238, 21, 440, 26, 437, 26, 3, 0, 0.0, 3.0
238, 22, 842, 244, 842, 249, 0, -5, -1.5707963267948966, 5.0
238, 23, 501, 242, 502, 247, -1, -5, -1.7681918866447774, 5.0990195135927845
238, 24, 332, 650, 334, 648, -2, 2, 2.356194490192345, 2.8284271247461903
238, 25, 697, 177, 697, 181, 0, -4, -1.5707963267948966, 4.0
238, 26, 714, 115, 713, 118, 1, -3, -1.2490457723982544, 3.1622776601683795
238, 27, 1007, 38, 1011, 41, -4, -3, -2.498091544796509, 5.0
238, 29, 819, 405, 817, 403, 2, 2, 0.7853981633974483, 2.8284271247461903
238, 30, 693, 472, 692, 469, 1, 3, 1.2490457723982544, 3.1622776601683795
238, 31, 675, 28, 676, 26, -1, 2, 2.0344439357957027, 2.23606797749979
238, 32, 629, 638, 627, 635, 2, 3, 0.982793723247329, 3.605551275463989
238, 33, 624, 225, 623, 222, 1, 3, 1.2490457723982544, 3.1622776601683795
238, 34, 840, 63, 837, 65, 3, -2, -0.5880026035475675, 3.605551275463989
238, 36, 837, 408, 836, 404, 1, 4, 1.3258176636680326, 4.123105625617661
238, 37, 842, 144, 843, 149, -1, -5, -1.7681918866447774, 5.0990195135927845
238, 39, 640, 21, 639, 20, 1, 1, 0.7853981633974483, 1.4142135623730951
238, 40, 1243, 123, 1247, 126, -4, -3, -2.498091544796509, 5.0
238, 41, 1229, 188, 1228, 186, 1, 2, 1.1071487177940904, 2.23606797749979
238, 43, 479, 73, 479, 75, 0, -2, -1.5707963267948966, 2.0
238, 45, 800, 442, 799, 444, 1, -2, -1.1071487177940904, 2.23606797749979
238, 47, 149, 141, 149, 138, 0, 3, 1.5707963267948966, 3.0
238, 48, 710, 474, 709, 471, 1, 3, 1.2490457723982544, 3.1622776601683795
238, 49, 1001, 91, 1004, 92, -3, -1, -2.819842099193151, 3.1622776601683795
238, 50, 1228, 259, 1228, 255, 0, 4, 1.5707963267948966, 4.0
238, 51, 485, 298, 483, 301, 2, -3, -0.982793723247329, 3.605551275463989
238, 53, 1227, 296, 1227, 292, 0, 4, 1.5707963267948966, 4.0
238, 54, 855, 48, 853, 51, 2, -3, -0.982793723247329, 3.605551275463989
238, 55, 715, 481, 714, 477, 1, 4, 1.3258176636680326, 4.123105625617661
238, 56, 1218, 307, 1219, 303, -1, 4, 1.8157749899217608, 4.123105625617661
238, 57, 829, 164, 830, 168, -1, -4, -1.8157749899217608, 4.123105625617661
238, 58, 812, 429, 810, 429, 2, 0, 0.0, 2.0
238, 59, 1010, 45, 1014, 48, -4, -3, -2.498091544796509, 5.0
238, 60, 698, 170, 698, 174, 0, -4, -1.5707963267948966, 4.0
238, 62, 503, 529, 505, 532, -2, -3, -2.158798930342464, 3.605551275463989
238, 63, 676, 545, 679, 543, -3, 2, 2.5535900500422257, 3.605551275463989
238, 64, 841, 428, 839, 424, 2, 4, 1.1071487177940904, 4.47213595499958
238, 65, 1253, 156, 1252, 155, 1, 1, 0.7853981633974483, 1.4142135623730951
238, 66, 678, 506, 677, 503, 1, 3, 1.2490457723982544, 3.1622776601683795
238, 67, 704, 464, 704, 460, 0, 4, 1.5707963267948966, 4.0
238, 68, 161, 625, 159, 623, 2, 2, 0.7853981633974483, 2.8284271247461903
238, 69, 1232, 149, 1231, 147, 1, 2, 1.1071487177940904, 2.23606797749979
238, 70, 851, 163, 852, 167, -1, -4, -1.8157749899217608, 4.123105625617661
238, 71, 501, 264, 500, 269, 1, -5, -1.373400766945016, 5.0990195135927845
238, 72, 469, 265, 470, 269, -1, -4, -1.8157749899217608, 4.123105625617661
238, 73, 735, 97, 735, 101, 0, -4, -1.5707963267948966, 4.0
238, 75, 558, 39, 558, 41, 0, -2, -1.5707963267948966, 2.0
238, 76, 169, 615, 168, 614, 1, 1, 0.7853981633974483, 1.4142135623730951
238, 77, 848, 445, 847, 444, 1, 1, 0.7853981633974483, 1.4142135623730951
238, 78, 994, 106, 995, 108, -1, -2, -2.0344439357957027, 2.23606797749979
238, 79, 500, 228, 501, 232, -1, -4, -1.8157749899217608, 4.123105625617661
238, 80, 149, 595, 150, 593, -1, 2, 2.0344439357957027, 2.23606797749979
238, 81, 355, 591, 356, 588, -1, 3, 1.892546881191539, 3.1622776601683795
238, 82, 163, 669, 161, 668, 2, 1, 0.4636476090008061, 2.23606797749979
238, 83, 342, 622, 344, 623, -2, -1, -2.677945044588987, 2.23606797749979
238, 84, 483, 210, 484, 215, -1, -5, -1.7681918866447774, 5.0990195135927845
238, 85, 720, 528, 719, 526, 1, 2, 1.1071487177940904, 2.23606797749979
238, 86, 696, 464, 696, 460, 0, 4, 1.5707963267948966, 4.0
238, 88, 1190, 360, 1188, 356, 2, 4, 1.1071487177940904, 4.47213595499958
238, 89, 825, 400, 824, 396, 1, 4, 1.3258176636680326, 4.123105625617661
238, 90, 690, 551, 690, 548, 0, 3, 1.5707963267948966, 3.0
238, 91, 141, 641, 140, 638, 1, 3, 1.2490457723982544, 3.1622776601683795
238, 92, 703, 161, 703, 165, 0, -4, -1.5707963267948966, 4.0
238, 93, 512, 496, 514, 504, -2, -8, -1.8157749899217608, 8.246211251235321
238, 94, 851, 38, 849, 41, 2, -3, -0.982793723247329, 3.605551275463989
238, 95, 500, 30, 500, 33, 0, -3, -1.5707963267948966, 3.0
238, 96, 145, 115, 146, 112, -1, 3, 1.892546881191539, 3.1622776601683795
238, 97, 730, 160, 731, 162, -1, -2, -2.0344439357957027, 2.23606797749979
238, 98, 149, 155, 149, 153, 0, 2, 1.5707963267948966, 2.0
238, 99, 58, 21, 56, 22, 2, -1, -0.4636476090008061, 2.23606797749979
238, 100, 264, 387, 263, 388, 1, -1, -0.7853981633974483, 1.4142135623730951
238, 101, 846, 70, 845, 71, 1, -1, -0.7853981633974483, 1.4142135623730951
238, 103, 685, 664, 685, 662, 0, 2, 1.5707963267948966, 2.0
238, 104, 695, 161, 695, 165, 0, -4, -1.5707963267948966, 4.0
238, 107, 824, 469, 823, 468, 1, 1, 0.7853981633974483, 1.4142135623730951
238, 109, 472, 231, 472, 235, 0, -4, -1.5707963267948966, 4.0
238, 110, 672, 94, 673, 93, -1, 1, 2.356194490192345, 1.4142135623730951
238, 111, 147, 87, 150, 84, -3, 3, 2.356194490192345, 4.242640687119285
238, 112, 822, 199, 824, 205, -2, -6, -1.892546881191539, 6.324555320336759
238, 113, 993, 75, 996, 77, -3, -2, -2.5535900500422257, 3.605551275463989
238, 115, 134, 78, 137, 75, -3, 3, 2.356194490192345, 4.242640687119285
238, 117, 329, 550, 332, 547, -3, 3, 2.356194490192345, 4.242640687119285
239, 0, 844, 152, 845, 157, -1, -5, -1.7681918866447774, 5.0990195135927845
239, 2, 157, 595, 155, 592, 2, 3, 0.982793723247329, 3.605551275463989
239, 3, 121, 647, 120, 645, 1, 2, 1.1071487177940904, 2.23606797749979
239, 4, 996, 37, 999, 40, -3, -3, -2.356194490192345, 4.242640687119285
239, 5, 839, 12, 838, 15, 1, -3, -1.2490457723982544, 3.1622776601683795
239, 7, 445, 18, 442, 18, 3, 0, 0.0, 3.0
239, 8, 834, 153, 835, 157, -1, -4, -1.8157749899217608, 4.123105625617661
239, 9, 544, 569, 545, 573, -1, -4, -1.8157749899217608, 4.123105625617661
239, 10, 499, 571, 499, 574, 0, -3, -1.5707963267948966, 3.0
239, 11, 996, 44, 999, 47, -3, -3, -2.356194490192345, 4.242640687119285
239, 12, 490, 217, 491, 220, -1, -3, -1.892546881191539, 3.1622776601683795
239, 13, 362, 701, 364, 701, -2, 0, 3.141592653589793, 2.0
239, 14, 463, 277, 464, 279, -1, -2, -2.0344439357957027, 2.23606797749979
239, 16, 478, 220, 479, 223, -1, -3, -1.892546881191539, 3.1622776601683795
239, 17, 989, 61, 991, 63, -2, -2, -2.356194490192345, 2.8284271247461903
239, 21, 443, 26, 440, 26, 3, 0, 0.0, 3.0
239, 22, 842, 239, 842, 244, 0, -5, -1.5707963267948966, 5.0
239, 23, 500, 239, 501, 242, -1, -3, -1.892546881191539, 3.1622776601683795
239, 24, 333, 652, 332, 650, 1, 2, 1.1071487177940904, 2.23606797749979
239, 25, 697, 174, 697, 177, 0, -3, -1.5707963267948966, 3.0
239, 26, 714, 113, 714, 115, 0, -2, -1.5707963267948966, 2.0
239, 27, 1004, 35, 1007, 38, -3, -3, -2.356194490192345, 4.242640687119285
239, 29, 820, 409, 819, 405, 1, 4, 1.3258176636680326, 4.123105625617661
239, 30, 693, 475, 693, 472, 0, 3, 1.5707963267948966, 3.0
239, 31, 674, 29, 675, 28, -1, 1, 2.356194490192345, 1.4142135623730951
239, 32, 631, 640, 629, 638, 2, 2, 0.7853981633974483, 2.8284271247461903
239, 34, 841, 61, 840, 63, 1, -2, -1.1071487177940904, 2.23606797749979
239, 36, 837, 412, 837, 408, 0, 4, 1.5707963267948966, 4.0
239, 37, 841, 139, 842, 144, -1, -5, -1.7681918866447774, 5.0990195135927845
239, 40, 1240, 121, 1243, 123, -3, -2, -2.5535900500422257, 3.605551275463989
239, 43, 479, 70, 479, 73, 0, -3, -1.5707963267948966, 3.0
239, 45, 801, 443, 800, 442, 1, 1, 0.7853981633974483, 1.4142135623730951
239, 46, 148, 142, 149, 141, -1, 1, 2.356194490192345, 1.4142135623730951
239, 47, 710, 477, 710, 474, 0, 3, 1.5707963267948966, 3.0
239, 48, 999, 88, 1001, 91, -2, -3, -2.158798930342464, 3.605551275463989
239, 49, 1228, 262, 1228, 259, 0, 3, 1.5707963267948966, 3.0
239, 50, 485, 294, 485, 298, 0, -4, -1.5707963267948966, 4.0
239, 52, 1227, 299, 1227, 296, 0, 3, 1.5707963267948966, 3.0
239, 53, 857, 45, 855, 48, 2, -3, -0.982793723247329, 3.605551275463989
239, 54, 715, 484, 715, 481, 0, 3, 1.5707963267948966, 3.0
239, 55, 1217, 309, 1218, 307, -1, 2, 2.0344439357957027, 2.23606797749979
239, 56, 828, 160, 829, 164, -1, -4, -1.8157749899217608, 4.123105625617661
239, 57, 812, 431, 812, 429, 0, 2, 1.5707963267948966, 2.0
239, 58, 1007, 42, 1010, 45, -3, -3, -2.356194490192345, 4.242640687119285
239, 59, 698, 168, 698, 170, 0, -2, -1.5707963267948966, 2.0
239, 61, 501, 525, 503, 529, -2, -4, -2.0344439357957027, 4.47213595499958
239, 62, 676, 549, 676, 545, 0, 4, 1.5707963267948966, 4.0
239, 63, 842, 431, 841, 428, 1, 3, 1.2490457723982544, 3.1622776601683795
239, 65, 678, 509, 678, 506, 0, 3, 1.5707963267948966, 3.0
239, 66, 704, 467, 704, 464, 0, 3, 1.5707963267948966, 3.0
239, 67, 163, 627, 161, 625, 2, 2, 0.7853981633974483, 2.8284271247461903
239, 69, 850, 158, 851, 163, -1, -5, -1.7681918866447774, 5.0990195135927845
239, 70, 501, 262, 501, 264, 0, -2, -1.5707963267948966, 2.0
239, 71, 468, 263, 469, 265, -1, -2, -2.0344439357957027, 2.23606797749979
239, 72, 735, 94, 735, 97, 0, -3, -1.5707963267948966, 3.0
239, 74, 557, 37, 558, 39, -1, -2, -2.0344439357957027, 2.23606797749979
239, 75, 171, 617, 169, 615, 2, 2, 0.7853981633974483, 2.8284271247461903
239, 76, 848, 447, 848, 445, 0, 2, 1.5707963267948966, 2.0
239, 77, 992, 105, 994, 106, -2, -1, -2.677945044588987, 2.23606797749979
239, 78, 499, 225, 500, 228, -1, -3, -1.892546881191539, 3.1622776601683795
239, 79, 151, 598, 149, 595, 2, 3, 0.982793723247329, 3.605551275463989
239, 80, 354, 594, 355, 591, -1, 3, 1.892546881191539, 3.1622776601683795
239, 81, 482, 207, 483, 210, -1, -3, -1.892546881191539, 3.1622776601683795
239, 82, 720, 530, 720, 528, 0, 2, 1.5707963267948966, 2.0
239, 83, 696, 467, 696, 464, 0, 3, 1.5707963267948966, 3.0
239, 85, 1191, 362, 1190, 360, 1, 2, 1.1071487177940904, 2.23606797749979
239, 86, 826, 404, 825, 400, 1, 4, 1.3258176636680326, 4.123105625617661
239, 87, 690, 554, 690, 551, 0, 3, 1.5707963267948966, 3.0
239, 88, 143, 644, 141, 641, 2, 3, 0.982793723247329, 3.605551275463989
239, 89, 703, 159, 703, 161, 0, -2, -1.5707963267948966, 2.0
239, 90, 510, 490, 512, 496, -2, -6, -1.892546881191539, 6.324555320336759
239, 91, 853, 34, 851, 38, 2, -4, -1.1071487177940904, 4.47213595499958
239, 92, 500, 28, 500, 30, 0, -2, -1.5707963267948966, 2.0
239, 93, 144, 116, 145, 115, -1, 1, 2.356194490192345, 1.4142135623730951
239, 96, 60, 20, 58, 21, 2, -1, -0.4636476090008061, 2.23606797749979
239, 100, 685, 662, 685, 664, 0, -2, -1.5707963267948966, 2.0
239, 101, 695, 159, 695, 161, 0, -2, -1.5707963267948966, 2.0
239, 103, 825, 470, 824, 469, 1, 1, 0.7853981633974483, 1.4142135623730951
239, 105, 471, 228, 472, 231, -1, -3, -1.892546881191539, 3.1622776601683795
239, 107, 145, 88, 147, 87, -2, 1, 2.677945044588987, 2.23606797749979
239, 108, 820, 195, 822, 199, -2, -4, -2.0344439357957027, 4.47213595499958
239, 109, 991, 73, 993, 75, -2, -2, -2.356194490192345, 2.8284271247461903
239, 111, 132, 79, 134, 78, -2, 1, 2.677945044588987, 2.23606797749979
239, 113, 327, 554, 329, 550, -2, 4, 2.0344439357957027, 4.47213595499958
240, 1, 1002, 40, 1005, 43, -3, -3, -2.356194490192345, 4.242640687119285
240, 2, 848, 156, 848, 161, 0, -5, -1.5707963267948966, 5.0
240, 4, 838, 156, 838, 161, 0, -5, -1.5707963267948966, 5.0
240, 5, 443, 19, 440, 19, 3, 0, 0.0, 3.0
240, 7, 492, 223, 493, 227, -1, -4, -1.8157749899217608, 4.123105625617661
240, 8, 1010, 38, 1013, 41, -3, -3, -2.356194490192345, 4.242640687119285
240, 11, 445, 63, 442, 64, 3, -1, -0.3217505543966422, 3.1622776601683795
240, 12, 692, 473, 692, 470, 0, 3, 1.5707963267948966, 3.0
240, 14, 852, 36, 851, 39, 1, -3, -1.2490457723982544, 3.1622776601683795
240, 15, 473, 289, 472, 291, 1, -2, -1.1071487177940904, 2.23606797749979
240, 16, 842, 16, 841, 19, 1, -3, -1.2490457723982544, 3.1622776601683795
240, 17, 716, 122, 716, 124, 0, -2, -1.5707963267948966, 2.0
240, 18, 347, 701, 348, 713, -1, -12, -1.6539375586833378, 12.041594578792296
240, 19, 1245, 122, 1248, 124, -3, -2, -2.5535900500422257, 3.605551275463989
240, 20, 167, 632, 166, 630, 1, 2, 1.1071487177940904, 2.23606797749979
240, 21, 365, 701, 369, 710, -4, -9, -1.9890206563741257, 9.848857801796104
240, 22, 699, 181, 699, 184, 0, -3, -1.5707963267948966, 3.0
240, 23, 500, 245, 501, 248, -1, -3, -1.892546881191539, 3.1622776601683795
240, 25, 1003, 48, 1006, 51, -3, -3, -2.356194490192345, 4.242640687119285
240, 26, 338, 608, 340, 605, -2, 3, 2.158798930342464, 3.605551275463989
240, 27, 631, 661, 631, 657, 0, 4, 1.5707963267948966, 4.0
240, 28, 840, 412, 839, 407, 1, 5, 1.373400766945016, 5.0990195135927845
240, 29, 695, 175, 695, 178, 0, -3, -1.5707963267948966, 3.0
240, 30, 441, 28, 438, 28, 3, 0, 0.0, 3.0
240, 31, 434, 76, 432, 77, 2, -1, -0.4636476090008061, 2.23606797749979
240, 34, 843, 432, 842, 428, 1, 4, 1.3258176636680326, 4.123105625617661
240, 35, 1221, 308, 1222, 306, -1, 2, 2.0344439357957027, 2.23606797749979
240, 36, 991, 65, 994, 67, -3, -2, -2.5535900500422257, 3.605551275463989
240, 37, 480, 225, 481, 228, -1, -3, -1.892546881191539, 3.1622776601683795
240, 39, 136, 659, 135, 657, 1, 2, 1.1071487177940904, 2.23606797749979
240, 40, 460, 79, 458, 79, 2, 0, 0.0, 2.0
240, 41, 678, 30, 679, 29, -1, 1, 2.356194490192345, 1.4142135623730951
240, 42, 311, 389, 313, 390, -2, -1, -2.677945044588987, 2.23606797749979
240, 45, 821, 409, 820, 406, 1, 3, 1.2490457723982544, 3.1622776601683795
240, 47, 844, 145, 844, 150, 0, -5, -1.5707963267948966, 5.0
240, 51, 499, 574, 499, 576, 0, -2, -1.5707963267948966, 2.0
240, 52, 834, 497, 833, 491, 1, 6, 1.4056476493802699, 6.082762530298219
240, 53, 830, 164, 831, 169, -1, -5, -1.7681918866447774, 5.0990195135927845
240, 55, 1227, 297, 1228, 294, -1, 3, 1.892546881191539, 3.1622776601683795
240, 57, 1014, 46, 1017, 49, -3, -3, -2.356194490192345, 4.242640687119285
240, 58, 483, 214, 484, 218, -1, -4, -1.8157749899217608, 4.123105625617661
240, 59, 856, 48, 855, 51, 1, -3, -1.2490457723982544, 3.1622776601683795
240, 60, 541, 546, 542, 550, -1, -4, -1.8157749899217608, 4.123105625617661
240, 63, 334, 667, 334, 665, 0, 2, 1.5707963267948966, 2.0
240, 64, 737, 98, 737, 102, 0, -4, -1.5707963267948966, 4.0
240, 66, 491, 324, 491, 326, 0, -2, -1.5707963267948966, 2.0
240, 68, 707, 473, 707, 470, 0, 3, 1.5707963267948966, 3.0
240, 69, 704, 464, 704, 460, 0, 4, 1.5707963267948966, 4.0
240, 70, 1003, 89, 1005, 92, -2, -3, -2.158798930342464, 3.605551275463989
240, 71, 846, 448, 845, 445, 1, 3, 1.2490457723982544, 3.1622776601683795
240, 72, 504, 527, 505, 531, -1, -4, -1.8157749899217608, 4.123105625617661
240, 73, 501, 270, 502, 273, -1, -3, -1.892546881191539, 3.1622776601683795
240, 75, 683, 661, 683, 663, 0, -2, -1.5707963267948966, 2.0
240, 77, 696, 163, 696, 166, 0, -3, -1.5707963267948966, 3.0
240, 79, 176, 627, 174, 625, 2, 2, 0.7853981633974483, 2.8284271247461903
240, 83, 854, 161, 854, 166, 0, -5, -1.5707963267948966, 5.0
240, 84, 694, 247, 695, 249, -1, -2, -2.0344439357957027, 2.23606797749979
240, 85, 842, 240, 843, 246, -1, -6, -1.7359450042095235, 6.082762530298219
240, 86, 998, 64, 1001, 66, -3, -2, -2.5535900500422257, 3.605551275463989
240, 87, 843, 63, 842, 65, 1, -2, -1.1071487177940904, 2.23606797749979
240, 90, 500, 230, 501, 234, -1, -4, -1.8157749899217608, 4.123105625617661
240, 92, 676, 507, 676, 503, 0, 4, 1.5707963267948966, 4.0
240, 94, 1194, 359, 1194, 357, 0, 2, 1.5707963267948966, 2.0
240, 95, 1228, 259, 1228, 256, 0, 3, 1.5707963267948966, 3.0
240, 98, 715, 481, 715, 478, 0, 3, 1.5707963267948966, 3.0
240, 99, 354, 596, 356, 592, -2, 4, 2.0344439357957027, 4.47213595499958
240, 100, 979, 701, 984, 708, -5, -7, -2.191045812777718, 8.602325267042627
240, 102, 479, 68, 479, 70, 0, -2, -1.5707963267948966, 2.0
240, 104, 703, 163, 703, 166, 0, -3, -1.5707963267948966, 3.0
240, 105, 674, 689, 674, 686, 0, 3, 1.5707963267948966, 3.0
240, 106, 68, 21, 65, 22, 3, -1, -0.3217505543966422, 3.1622776601683795
240, 108, 1236, 142, 1238, 142, -2, 0, 3.141592653589793, 2.0
240, 109, 146, 113, 147, 112, -1, 1, 2.356194490192345, 1.4142135623730951
240, 110, 669, 698, 669, 694, 0, 4, 1.5707963267948966, 4.0
240, 111, 160, 630, 159, 628, 1, 2, 1.1071487177940904, 2.23606797749979
240, 112, 149, 86, 150, 85, -1, 1, 2.356194490192345, 1.4142135623730951
240, 113, 824, 456, 824, 454, 0, 2, 1.5707963267948966, 2.0
240, 115, 696, 464, 696, 460, 0, 4, 1.5707963267948966, 4.0
240, 116, 1009, 121, 1010, 125, -1, -4, -1.8157749899217608, 4.123105625617661
240, 117, 513, 499, 515, 505, -2, -6, -1.892546881191539, 6.324555320336759
240, 118, 136, 76, 138, 76, -2, 0, 3.141592653589793, 2.0
240, 119, 708, 210, 709, 213, -1, -3, -1.892546881191539, 3.1622776601683795
240, 120, 717, 537, 718, 535, -1, 2, 2.0344439357957027, 2.23606797749979
240, 122, 468, 270, 468, 272, 0, -2, -1.5707963267948966, 2.0
240, 124, 617, 309, 617, 305, 0, 4, 1.5707963267948966, 4.0
240, 126, 725, 175, 726, 179, -1, -4, -1.8157749899217608, 4.123105625617661
240, 132, 826, 403, 825, 399, 1, 4, 1.3258176636680326, 4.123105625617661
240, 133, 530, 622, 530, 627, 0, -5, -1.5707963267948966, 5.0
240, 135, 435, 60, 432, 61, 3, -1, -0.3217505543966422, 3.1622776601683795
241, 1, 1000, 36, 1002, 40, -2, -4, -2.0344439357957027, 4.47213595499958
241, 2, 848, 151, 848, 156, 0, -5, -1.5707963267948966, 5.0
241, 4, 838, 151, 838, 156, 0, -5, -1.5707963267948966, 5.0
241, 5, 446, 18, 443, 19, 3, -1, -0.3217505543966422, 3.1622776601683795
241, 7, 491, 219, 492, 223, -1, -4, -1.8157749899217608, 4.123105625617661
241, 8, 1008, 34, 1010, 38, -2, -4, -2.0344439357957027, 4.47213595499958
241, 11, 448, 63, 445, 63, 3, 0, 0.0, 3.0
241, 12, 692, 476, 692, 473, 0, 3, 1.5707963267948966, 3.0
241, 14, 853, 33, 852, 36, 1, -3, -1.2490457723982544, 3.1622776601683795
241, 15, 473, 286, 473, 289, 0, -3, -1.5707963267948966, 3.0
241, 16, 843, 14, 842, 16, 1, -2, -1.1071487177940904, 2.23606797749979
241, 19, 1242, 119, 1245, 122, -3, -3, -2.356194490192345, 4.242640687119285
241, 20, 167, 634, 167, 632, 0, 2, 1.5707963267948966, 2.0
241, 21, 362, 701, 365, 701, -3, 0, 3.141592653589793, 3.0
241, 22, 699, 178, 699, 181, 0, -3, -1.5707963267948966, 3.0
241, 23, 499, 242, 500, 245, -1, -3, -1.892546881191539, 3.1622776601683795
241, 25, 1001, 44, 1003, 48, -2, -4, -2.0344439357957027, 4.47213595499958
241, 26, 336, 612, 338, 608, -2, 4, 2.0344439357957027, 4.47213595499958
241, 27, 632, 666, 631, 661, 1, 5, 1.373400766945016, 5.0990195135927845
241, 28, 840, 416, 840, 412, 0, 4, 1.5707963267948966, 4.0
241, 29, 695, 172, 695, 175, 0, -3, -1.5707963267948966, 3.0
241, 30, 444, 27, 441, 28, 3, -1, -0.3217505543966422, 3.1622776601683795
241, 31, 436, 76, 434, 76, 2, 0, 0.0, 2.0
241, 32, 624, 225, 624, 223, 0, 2, 1.5707963267948966, 2.0
241, 34, 844, 436, 843, 432, 1, 4, 1.3258176636680326, 4.123105625617661
241, 35, 1220, 310, 1221, 308, -1, 2, 2.0344439357957027, 2.23606797749979
241, 36, 989, 63, 991, 65, -2, -2, -2.356194490192345, 2.8284271247461903
241, 37, 479, 221, 480, 225, -1, -4, -1.8157749899217608, 4.123105625617661
241, 39, 138, 661, 136, 659, 2, 2, 0.7853981633974483, 2.8284271247461903
241, 41, 677, 31, 678, 30, -1, 1, 2.356194490192345, 1.4142135623730951
241, 42, 309, 388, 311, 389, -2, -1, -2.677945044588987, 2.23606797749979
241, 45, 823, 412, 821, 409, 2, 3, 0.982793723247329, 3.605551275463989
241, 47, 844, 140, 844, 145, 0, -5, -1.5707963267948966, 5.0
241, 51, 498, 572, 499, 574, -1, -2, -2.0344439357957027, 2.23606797749979
241, 52, 835, 502, 834, 497, 1, 5, 1.373400766945016, 5.0990195135927845
241, 53, 830, 159, 830, 164, 0, -5, -1.5707963267948966, 5.0
241, 55, 1226, 300, 1227, 297, -1, 3, 1.892546881191539, 3.1622776601683795
241, 57, 1012, 42, 1014, 46, -2, -4, -2.0344439357957027, 4.47213595499958
241, 58, 482, 210, 483, 214, -1, -4, -1.8157749899217608, 4.123105625617661
241, 59, 857, 45, 856, 48, 1, -3, -1.2490457723982544, 3.1622776601683795
241, 60, 540, 541, 541, 546, -1, -5, -1.7681918866447774, 5.0990195135927845
241, 64, 737, 94, 737, 98, 0, -4, -1.5707963267948966, 4.0
241, 66, 491, 321, 491, 324, 0, -3, -1.5707963267948966, 3.0
241, 68, 707, 476, 707, 473, 0, 3, 1.5707963267948966, 3.0
241, 69, 704, 468, 704, 464, 0, 4, 1.5707963267948966, 4.0
241, 70, 1001, 87, 1003, 89, -2, -2, -2.356194490192345, 2.8284271247461903
241, 71, 847, 452, 846, 448, 1, 4, 1.3258176636680326, 4.123105625617661
241, 72, 503, 523, 504, 527, -1, -4, -1.8157749899217608, 4.123105625617661
241, 73, 500, 266, 501, 270, -1, -4, -1.8157749899217608, 4.123105625617661
241, 77, 696, 160, 696, 163, 0, -3, -1.5707963267948966, 3.0
241, 78, 178, 629, 176, 627, 2, 2, 0.7853981633974483, 2.8284271247461903
241, 82, 854, 156, 854, 161, 0, -5, -1.5707963267948966, 5.0
241, 83, 693, 245, 694, 247, -1, -2, -2.0344439357957027, 2.23606797749979
241, 84, 841, 237, 842, 240, -1, -3, -1.892546881191539, 3.1622776601683795
241, 85, 996, 62, 998, 64, -2, -2, -2.356194490192345, 2.8284271247461903
241, 86, 844, 60, 843, 63, 1, -3, -1.2490457723982544, 3.1622776601683795
241, 89, 499, 226, 500, 230, -1, -4, -1.8157749899217608, 4.123105625617661
241, 91, 676, 511, 676, 507, 0, 4, 1.5707963267948966, 4.0
241, 93, 1193, 362, 1194, 359, -1, 3, 1.892546881191539, 3.1622776601683795
241, 94, 1228, 261, 1228, 259, 0, 2, 1.5707963267948966, 2.0
241, 97, 715, 485, 715, 481, 0, 4, 1.5707963267948966, 4.0
241, 98, 353, 600, 354, 596, -1, 4, 1.8157749899217608, 4.123105625617661
241, 99, 974, 696, 979, 701, -5, -5, -2.356194490192345, 7.0710678118654755
241, 101, 479, 66, 479, 68, 0, -2, -1.5707963267948966, 2.0
241, 103, 703, 160, 703, 163, 0, -3, -1.5707963267948966, 3.0
241, 104, 674, 692, 674, 689, 0, 3, 1.5707963267948966, 3.0
241, 105, 71, 19, 68, 21, 3, -2, -0.5880026035475675, 3.605551275463989
241, 107, 1234, 141, 1236, 142, -2, -1, -2.677945044588987, 2.23606797749979
241, 109, 669, 701, 669, 698, 0, 3, 1.5707963267948966, 3.0
241, 110, 160, 632, 160, 630, 0, 2, 1.5707963267948966, 2.0
241, 112, 824, 459, 824, 456, 0, 3, 1.5707963267948966, 3.0
241, 114, 696, 468, 696, 464, 0, 4, 1.5707963267948966, 4.0
241, 115, 1007, 117, 1009, 121, -2, -4, -2.0344439357957027, 4.47213595499958
241, 116, 511, 493, 513, 499, -2, -6, -1.892546881191539, 6.324555320336759
241, 118, 707, 206, 708, 210, -1, -4, -1.8157749899217608, 4.123105625617661
241, 119, 716, 540, 717, 537, -1, 3, 1.892546881191539, 3.1622776601683795
241, 121, 468, 267, 468, 270, 0, -3, -1.5707963267948966, 3.0
241, 123, 617, 312, 617, 309, 0, 3, 1.5707963267948966, 3.0
241, 125, 724, 173, 725, 175, -1, -2, -2.0344439357957027, 2.23606797749979
241, 131, 827, 407, 826, 403, 1, 4, 1.3258176636680326, 4.123105625617661
241, 132, 529, 616, 530, 622, -1, -6, -1.7359450042095235, 6.082762530298219
241, 134, 438, 60, 435, 60, 3, 0, 0.0, 3.0
242, 0, 998, 32, 1000, 36, -2, -4, -2.0344439357957027, 4.47213595499958
242, 1, 848, 146, 848, 151, 0, -5, -1.5707963267948966, 5.0
242, 2, 168, 127, 169, 126, -1, 1, 2.356194490192345, 1.4142135623730951
242, 3, 838, 146, 838, 151, 0, -5, -1.5707963267948966, 5.0
242, 4, 449, 17, 446, 18, 3, -1, -0.3217505543966422, 3.1622776601683795
242, 6, 490, 215, 491, 219, -1, -4, -1.8157749899217608, 4.123105625617661
242, 7, 1006, 30, 1008, 34, -2, -4, -2.0344439357957027, 4.47213595499958
242, 9, 451, 64, 448, 63, 3, 1, 0.3217505543966422, 3.1622776601683795
242, 10, 692, 479, 692, 476, 0, 3, 1.5707963267948966, 3.0
242, 12, 854, 31, 853, 33, 1, -2, -1.1071487177940904, 2.23606797749979
242, 13, 473, 283, 473, 286, 0, -3, -1.5707963267948966, 3.0
242, 14, 844, 12, 843, 14, 1, -2, -1.1071487177940904, 2.23606797749979
242, 16, 1239, 116, 1242, 119, -3, -3, -2.356194490192345, 4.242640687119285
242, 17, 167, 636, 167, 634, 0, 2, 1.5707963267948966, 2.0
242, 18, 360, 701, 362, 701, -2, 0, 3.141592653589793, 2.0
242, 19, 699, 174, 699, 178, 0, -4, -1.5707963267948966, 4.0
242, 20, 349, 624, 350, 623, -1, 1, 2.356194490192345, 1.4142135623730951
242, 21, 999, 40, 1001, 44, -2, -4, -2.0344439357957027, 4.47213595499958
242, 22, 334, 615, 336, 612, -2, 3, 2.158798930342464, 3.605551275463989
242, 23, 633, 670, 632, 666, 1, 4, 1.3258176636680326, 4.123105625617661
242, 24, 841, 420, 840, 416, 1, 4, 1.3258176636680326, 4.123105625617661
242, 25, 695, 168, 695, 172, 0, -4, -1.5707963267948966, 4.0
242, 26, 447, 26, 444, 27, 3, -1, -0.3217505543966422, 3.1622776601683795
242, 27, 438, 76, 436, 76, 2, 0, 0.0, 2.0
242, 28, 624, 228, 624, 225, 0, 3, 1.5707963267948966, 3.0
242, 30, 845, 440, 844, 436, 1, 4, 1.3258176636680326, 4.123105625617661
242, 31, 1219, 312, 1220, 310, -1, 2, 2.0344439357957027, 2.23606797749979
242, 32, 987, 61, 989, 63, -2, -2, -2.356194490192345, 2.8284271247461903
242, 33, 478, 217, 479, 221, -1, -4, -1.8157749899217608, 4.123105625617661
242, 35, 139, 663, 138, 661, 1, 2, 1.1071487177940904, 2.23606797749979
242, 37, 676, 32, 677, 31, -1, 1, 2.356194490192345, 1.4142135623730951
242, 38, 307, 387, 309, 388, -2, -1, -2.677945044588987, 2.23606797749979
242, 41, 825, 415, 823, 412, 2, 3, 0.982793723247329, 3.605551275463989
242, 43, 844, 135, 844, 140, 0, -5, -1.5707963267948966, 5.0
242, 46, 497, 570, 498, 572, -1, -2, -2.0344439357957027, 2.23606797749979
242, 47, 835, 506, 835, 502, 0, 4, 1.5707963267948966, 4.0
242, 48, 830, 154, 830, 159, 0, -5, -1.5707963267948966, 5.0
242, 50, 1225, 302, 1226, 300, -1, 2, 2.0344439357957027, 2.23606797749979
242, 52, 1010, 38, 1012, 42, -2, -4, -2.0344439357957027, 4.47213595499958
242, 53, 481, 206, 482, 210, -1, -4, -1.8157749899217608, 4.123105625617661
242, 54, 858, 43, 857, 45, 1, -2, -1.1071487177940904, 2.23606797749979
242, 55, 539, 537, 540, 541, -1, -4, -1.8157749899217608, 4.123105625617661
242, 59, 737, 90, 737, 94, 0, -4, -1.5707963267948966, 4.0
242, 61, 491, 317, 491, 321, 0, -4, -1.5707963267948966, 4.0
242, 63, 707, 479, 707, 476, 0, 3, 1.5707963267948966, 3.0
242, 64, 704, 472, 704, 468, 0, 4, 1.5707963267948966, 4.0
242, 65, 848, 455, 847, 452, 1, 3, 1.2490457723982544, 3.1622776601683795
242, 66, 502, 518, 503, 523, -1, -5, -1.7681918866447774, 5.0990195135927845
242, 67, 499, 262, 500, 266, -1, -4, -1.8157749899217608, 4.123105625617661
242, 71, 696, 156, 696, 160, 0, -4, -1.5707963267948966, 4.0
242, 72, 179, 631, 178, 629, 1, 2, 1.1071487177940904, 2.23606797749979
242, 73, 1230, 149, 1232, 149, -2, 0, 3.141592653589793, 2.0
242, 75, 854, 152, 854, 156, 0, -4, -1.5707963267948966, 4.0
242, 76, 692, 242, 693, 245, -1, -3, -1.892546881191539, 3.1622776601683795
242, 77, 840, 234, 841, 237, -1, -3, -1.892546881191539, 3.1622776601683795
242, 78, 994, 60, 996, 62, -2, -2, -2.356194490192345, 2.8284271247461903
242, 79, 845, 57, 844, 60, 1, -3, -1.2490457723982544, 3.1622776601683795
242, 82, 498, 222, 499, 226, -1, -4, -1.8157749899217608, 4.123105625617661
242, 84, 676, 515, 676, 511, 0, 4, 1.5707963267948966, 4.0
242, 86, 1228, 263, 1228, 261, 0, 2, 1.5707963267948966, 2.0
242, 89, 715, 489, 715, 485, 0, 4, 1.5707963267948966, 4.0
242, 90, 352, 603, 353, 600, -1, 3, 1.892546881191539, 3.1622776601683795
242, 91, 969, 691, 974, 696, -5, -5, -2.356194490192345, 7.0710678118654755
242, 93, 479, 64, 479, 66, 0, -2, -1.5707963267948966, 2.0
242, 95, 703, 156, 703, 160, 0, -4, -1.5707963267948966, 4.0
242, 96, 675, 696, 674, 692, 1, 4, 1.3258176636680326, 4.123105625617661
242, 97, 74, 18, 71, 19, 3, -1, -0.3217505543966422, 3.1622776601683795
242, 99, 1232, 140, 1234, 141, -2, -1, -2.677945044588987, 2.23606797749979
242, 102, 160, 634, 160, 632, 0, 2, 1.5707963267948966, 2.0
242, 104, 823, 462, 824, 459, -1, 3, 1.892546881191539, 3.1622776601683795
242, 106, 696, 472, 696, 468, 0, 4, 1.5707963267948966, 4.0
242, 107, 1005, 114, 1007, 117, -2, -3, -2.158798930342464, 3.605551275463989
242, 108, 509, 487, 511, 493, -2, -6, -1.892546881191539, 6.324555320336759
242, 110, 707, 202, 707, 206, 0, -4, -1.5707963267948966, 4.0
242, 111, 716, 542, 716, 540, 0, 2, 1.5707963267948966, 2.0
242, 113, 468, 263, 468, 267, 0, -4, -1.5707963267948966, 4.0
242, 115, 617, 315, 617, 312, 0, 3, 1.5707963267948966, 3.0
242, 117, 723, 170, 724, 173, -1, -3, -1.892546881191539, 3.1622776601683795
242, 121, 828, 411, 827, 407, 1, 4, 1.3258176636680326, 4.123105625617661
242, 122, 528, 609, 529, 616, -1, -7, -1.7126933813990606, 7.0710678118654755
242, 124, 441, 61, 438, 60, 3, 1, 0.3217505543966422, 3.1622776601683795
243, 0, 997, 29, 998, 32, -1, -3, -1.892546881191539, 3.1622776601683795
243, 1, 848, 142, 848, 146, 0, -4, -1.5707963267948966, 4.0
243, 2, 167, 128, 168, 127, -1, 1, 2.356194490192345, 1.4142135623730951
243, 3, 838, 142, 838, 146, 0, -4, -1.5707963267948966, 4.0
243, 6, 490, 211, 490, 215, 0, -4, -1.5707963267948966, 4.0
243, 7, 1005, 26, 1006, 30, -1, -4, -1.8157749899217608, 4.123105625617661
243, 9, 454, 65, 451, 64, 3, 1, 0.3217505543966422, 3.1622776601683795
243, 10, 694, 482, 692, 479, 2, 3, 0.982793723247329, 3.605551275463989
243, 11, 332, 350, 332, 352, 0, -2, -1.5707963267948966, 2.0
243, 12, 856, 28, 854, 31, 2, -3, -0.982793723247329, 3.605551275463989
243, 13, 473, 278, 473, 283, 0, -5, -1.5707963267948966, 5.0
243, 14, 847, 9, 844, 12, 3, -3, -0.7853981633974483, 4.242640687119285
243, 16, 1236, 112, 1239, 116, -3, -4, -2.214297435588181, 5.0
243, 17, 168, 639, 167, 636, 1, 3, 1.2490457723982544, 3.1622776601683795
243, 19, 699, 170, 699, 174, 0, -4, -1.5707963267948966, 4.0
243, 20, 347, 629, 349, 624, -2, 5, 1.9513027039072615, 5.385164807134504
243, 21, 998, 37, 999, 40, -1, -3, -1.892546881191539, 3.1622776601683795
243, 22, 334, 619, 334, 615, 0, 4, 1.5707963267948966, 4.0
243, 24, 841, 422, 841, 420, 0, 2, 1.5707963267948966, 2.0
243, 25, 695, 164, 695, 168, 0, -4, -1.5707963267948966, 4.0
243, 26, 450, 26, 447, 26, 3, 0, 0.0, 3.0
243, 27, 440, 78, 438, 76, 2, 2, 0.7853981633974483, 2.8284271247461903
243, 28, 624, 232, 624, 228, 0, 4, 1.5707963267948966, 4.0
243, 29, 742, 40, 742, 42, 0, -2, -1.5707963267948966, 2.0
243, 30, 847, 444, 845, 440, 2, 4, 1.1071487177940904, 4.47213595499958
243, 31, 1218, 315, 1219, 312, -1, 3, 1.892546881191539, 3.1622776601683795
243, 32, 985, 58, 987, 61, -2, -3, -2.158798930342464, 3.605551275463989
243, 33, 477, 213, 478, 217, -1, -4, -1.8157749899217608, 4.123105625617661
243, 34, 746, 30, 746, 32, 0, -2, -1.5707963267948966, 2.0
243, 35, 141, 664, 139, 663, 2, 1, 0.4636476090008061, 2.23606797749979
243, 36, 462, 77, 461, 78, 1, -1, -0.7853981633974483, 1.4142135623730951
243, 37, 675, 34, 676, 32, -1, 2, 2.0344439357957027, 2.23606797749979
243, 38, 305, 386, 307, 387, -2, -1, -2.677945044588987, 2.23606797749979
243, 40, 29, 107, 29, 109, 0, -2, -1.5707963267948966, 2.0
243, 41, 827, 418, 825, 415, 2, 3, 0.982793723247329, 3.605551275463989
243, 43, 844, 130, 844, 135, 0, -5, -1.5707963267948966, 5.0
243, 44, 640, 25, 640, 23, 0, 2, 1.5707963267948966, 2.0
243, 46, 496, 568, 497, 570, -1, -2, -2.0344439357957027, 2.23606797749979
243, 47, 834, 509, 835, 506, -1, 3, 1.892546881191539, 3.1622776601683795
243, 48, 829, 150, 830, 154, -1, -4, -1.8157749899217608, 4.123105625617661
243, 50, 1224, 305, 1225, 302, -1, 3, 1.892546881191539, 3.1622776601683795
243, 51, 589, 36, 589, 38, 0, -2, -1.5707963267948966, 2.0
243, 52, 1009, 34, 1010, 38, -1, -4, -1.8157749899217608, 4.123105625617661
243, 53, 480, 201, 481, 206, -1, -5, -1.7681918866447774, 5.0990195135927845
243, 54, 860, 40, 858, 43, 2, -3, -0.982793723247329, 3.605551275463989
243, 55, 539, 534, 539, 537, 0, -3, -1.5707963267948966, 3.0
243, 57, 254, 362, 254, 364, 0, -2, -1.5707963267948966, 2.0
243, 59, 736, 85, 737, 90, -1, -5, -1.7681918866447774, 5.0990195135927845
243, 60, 329, 360, 329, 362, 0, -2, -1.5707963267948966, 2.0
243, 61, 493, 311, 491, 317, 2, -6, -1.2490457723982544, 6.324555320336759
243, 63, 706, 482, 707, 479, -1, 3, 1.892546881191539, 3.1622776601683795
243, 64, 704, 475, 704, 472, 0, 3, 1.5707963267948966, 3.0
243, 65, 851, 457, 848, 455, 3, 2, 0.5880026035475675, 3.605551275463989
243, 66, 502, 513, 502, 518, 0, -5, -1.5707963267948966, 5.0
243, 67, 497, 258, 499, 262, -2, -4, -2.0344439357957027, 4.47213595499958
243, 69, 684, 662, 683, 660, 1, 2, 1.1071487177940904, 2.23606797749979
243, 71, 696, 152, 696, 156, 0, -4, -1.5707963267948966, 4.0
243, 72, 180, 633, 179, 631, 1, 2, 1.1071487177940904, 2.23606797749979
243, 73, 1228, 149, 1230, 149, -2, 0, 3.141592653589793, 2.0
243, 75, 854, 148, 854, 152, 0, -4, -1.5707963267948966, 4.0
243, 76, 691, 239, 692, 242, -1, -3, -1.892546881191539, 3.1622776601683795
243, 77, 840, 232, 840, 234, 0, -2, -1.5707963267948966, 2.0
243, 78, 992, 57, 994, 60, -2, -3, -2.158798930342464, 3.605551275463989
243, 79, 846, 54, 845, 57, 1, -3, -1.2490457723982544, 3.1622776601683795
243, 82, 498, 219, 498, 222, 0, -3, -1.5707963267948966, 3.0
243, 84, 677, 517, 676, 515, 1, 2, 1.1071487177940904, 2.23606797749979
243, 86, 1228, 267, 1228, 263, 0, 4, 1.5707963267948966, 4.0
243, 87, 647, 30, 647, 27, 0, 3, 1.5707963267948966, 3.0
243, 88, 166, 150, 166, 147, 0, 3, 1.5707963267948966, 3.0
243, 89, 715, 493, 715, 489, 0, 4, 1.5707963267948966, 4.0
243, 90, 350, 607, 352, 603, -2, 4, 2.0344439357957027, 4.47213595499958
243, 91, 965, 685, 969, 691, -4, -6, -2.158798930342464, 7.211102550927978
243, 93, 479, 62, 479, 64, 0, -2, -1.5707963267948966, 2.0
243, 95, 703, 152, 703, 156, 0, -4, -1.5707963267948966, 4.0
243, 97, 76, 20, 74, 18, 2, 2, 0.7853981633974483, 2.8284271247461903
243, 99, 1230, 139, 1232, 140, -2, -1, -2.677945044588987, 2.23606797749979
243, 102, 161, 637, 160, 634, 1, 3, 1.2490457723982544, 3.1622776601683795
243, 103, 146, 87, 147, 86, -1, 1, 2.356194490192345, 1.4142135623730951
243, 104, 824, 464, 823, 462, 1, 2, 1.1071487177940904, 2.23606797749979
243, 106, 697, 475, 696, 472, 1, 3, 1.2490457723982544, 3.1622776601683795
243, 107, 1003, 112, 1005, 114, -2, -2, -2.356194490192345, 2.8284271247461903
243, 108, 507, 480, 509, 487, -2, -7, -1.849095985800008, 7.280109889280518
243, 109, 132, 77, 134, 76, -2, 1, 2.677945044588987, 2.23606797749979
243, 110, 708, 198, 707, 202, 1, -4, -1.3258176636680326, 4.123105625617661
243, 111, 717, 545, 716, 542, 1, 3, 1.2490457723982544, 3.1622776601683795
243, 113, 467, 258, 468, 263, -1, -5, -1.7681918866447774, 5.0990195135927845
243, 115, 618, 316, 617, 315, 1, 1, 0.7853981633974483, 1.4142135623730951
243, 117, 722, 166, 723, 170, -1, -4, -1.8157749899217608, 4.123105625617661
243, 118, 1246, 190, 1245, 188, 1, 2, 1.1071487177940904, 2.23606797749979
243, 121, 829, 415, 828, 411, 1, 4, 1.3258176636680326, 4.123105625617661
243, 122, 526, 597, 528, 609, -2, -12, -1.7359450042095235, 12.165525060596439
243, 124, 445, 62, 441, 61, 4, 1, 0.24497866312686414, 4.123105625617661
244, 0, 996, 25, 997, 29, -1, -4, -1.8157749899217608, 4.123105625617661
244, 1, 848, 139, 848, 142, 0, -3, -1.5707963267948966, 3.0
244, 3, 838, 139, 838, 142, 0, -3, -1.5707963267948966, 3.0
244, 6, 490, 206, 490, 211, 0, -5, -1.5707963267948966, 5.0
244, 7, 1004, 22, 1005, 26, -1, -4, -1.8157749899217608, 4.123105625617661
244, 9, 455, 66, 454, 65, 1, 1, 0.7853981633974483, 1.4142135623730951
244, 10, 694, 485, 694, 482, 0, 3, 1.5707963267948966, 3.0
244, 12, 857, 27, 856, 28, 1, -1, -0.7853981633974483, 1.4142135623730951
244, 13, 471, 274, 473, 278, -2, -4, -2.0344439357957027, 4.47213595499958
244, 15, 1234, 108, 1236, 112, -2, -4, -2.0344439357957027, 4.47213595499958
244, 16, 169, 641, 168, 639, 1, 2, 1.1071487177940904, 2.23606797749979
244, 18, 698, 165, 699, 170, -1, -5, -1.7681918866447774, 5.0990195135927845
244, 19, 346, 634, 347, 629, -1, 5, 1.7681918866447774, 5.0990195135927845
244, 20, 997, 33, 998, 37, -1, -4, -1.8157749899217608, 4.123105625617661
244, 21, 334, 623, 334, 619, 0, 4, 1.5707963267948966, 4.0
244, 22, 635, 674, 634, 670, 1, 4, 1.3258176636680326, 4.123105625617661
244, 23, 843, 426, 841, 422, 2, 4, 1.1071487177940904, 4.47213595499958
244, 24, 694, 159, 695, 164, -1, -5, -1.7681918866447774, 5.0990195135927845
244, 25, 452, 25, 450, 26, 2, -1, -0.4636476090008061, 2.23606797749979
244, 26, 441, 79, 440, 78, 1, 1, 0.7853981633974483, 1.4142135623730951
244, 27, 624, 235, 624, 232, 0, 3, 1.5707963267948966, 3.0
244, 29, 848, 448, 847, 444, 1, 4, 1.3258176636680326, 4.123105625617661
244, 31, 983, 58, 985, 58, -2, 0, 3.141592653589793, 2.0
244, 32, 477, 208, 477, 213, 0, -5, -1.5707963267948966, 5.0
244, 34, 143, 667, 141, 664, 2, 3, 0.982793723247329, 3.605551275463989
244, 37, 303, 385, 305, 386, -2, -1, -2.677945044588987, 2.23606797749979
244, 39, 830, 421, 827, 418, 3, 3, 0.7853981633974483, 4.242640687119285
244, 41, 844, 127, 844, 130, 0, -3, -1.5707963267948966, 3.0
244, 45, 829, 146, 829, 150, 0, -4, -1.5707963267948966, 4.0
244, 49, 1008, 30, 1009, 34, -1, -4, -1.8157749899217608, 4.123105625617661
244, 50, 480, 196, 480, 201, 0, -5, -1.5707963267948966, 5.0
244, 51, 861, 39, 860, 40, 1, -1, -0.7853981633974483, 1.4142135623730951
244, 55, 736, 81, 736, 85, 0, -4, -1.5707963267948966, 4.0
244, 57, 493, 306, 493, 311, 0, -5, -1.5707963267948966, 5.0
244, 59, 706, 486, 706, 482, 0, 4, 1.5707963267948966, 4.0
244, 60, 704, 479, 704, 475, 0, 4, 1.5707963267948966, 4.0
244, 61, 852, 460, 851, 457, 1, 3, 1.2490457723982544, 3.1622776601683795
244, 62, 501, 508, 502, 513, -1, -5, -1.7681918866447774, 5.0990195135927845
244, 63, 495, 258, 497, 258, -2, 0, 3.141592653589793, 2.0
244, 65, 684, 665, 684, 662, 0, 3, 1.5707963267948966, 3.0
244, 67, 695, 148, 696, 152, -1, -4, -1.8157749899217608, 4.123105625617661
244, 68, 181, 635, 180, 633, 1, 2, 1.1071487177940904, 2.23606797749979
244, 69, 1226, 148, 1228, 149, -2, -1, -2.677945044588987, 2.23606797749979
244, 71, 854, 145, 854, 148, 0, -3, -1.5707963267948966, 3.0
244, 72, 691, 236, 691, 239, 0, -3, -1.5707963267948966, 3.0
244, 73, 840, 230, 840, 232, 0, -2, -1.5707963267948966, 2.0
244, 74, 990, 56, 992, 57, -2, -1, -2.677945044588987, 2.23606797749979
244, 75, 846, 52, 846, 54, 0, -2, -1.5707963267948966, 2.0
244, 78, 497, 214, 498, 219, -1, -5, -1.7681918866447774, 5.0990195135927845
244, 80, 677, 521, 677, 517, 0, 4, 1.5707963267948966, 4.0
244, 84, 165, 151, 166, 150, -1, 1, 2.356194490192345, 1.4142135623730951
244, 85, 715, 497, 715, 493, 0, 4, 1.5707963267948966, 4.0
244, 86, 348, 610, 350, 607, -2, 3, 2.158798930342464, 3.605551275463989
244, 87, 961, 679, 965, 685, -4, -6, -2.158798930342464, 7.211102550927978
244, 89, 479, 60, 479, 62, 0, -2, -1.5707963267948966, 2.0
244, 91, 702, 148, 703, 152, -1, -4, -1.8157749899217608, 4.123105625617661
244, 92, 675, 701, 675, 697, 0, 4, 1.5707963267948966, 4.0
244, 93, 77, 21, 76, 20, 1, 1, 0.7853981633974483, 1.4142135623730951
244, 95, 1228, 136, 1230, 139, -2, -3, -2.158798930342464, 3.605551275463989
244, 98, 162, 640, 161, 637, 1, 3, 1.2490457723982544, 3.1622776601683795
244, 100, 825, 467, 824, 464, 1, 3, 1.2490457723982544, 3.1622776601683795
244, 102, 697, 479, 697, 475, 0, 4, 1.5707963267948966, 4.0
244, 103, 1001, 110, 1003, 112, -2, -2, -2.356194490192345, 2.8284271247461903
244, 104, 506, 474, 507, 480, -1, -6, -1.7359450042095235, 6.082762530298219
244, 106, 708, 194, 708, 198, 0, -4, -1.5707963267948966, 4.0
244, 107, 717, 548, 717, 545, 0, 3, 1.5707963267948966, 3.0
244, 108, 612, 285, 613, 284, -1, 1, 2.356194490192345, 1.4142135623730951
244, 109, 466, 253, 467, 258, -1, -5, -1.7681918866447774, 5.0990195135927845
244, 111, 618, 319, 618, 316, 0, 3, 1.5707963267948966, 3.0
244, 113, 721, 163, 722, 166, -1, -3, -1.892546881191539, 3.1622776601683795
244, 116, 832, 418, 829, 415, 3, 3, 0.7853981633974483, 4.242640687119285
244, 117, 524, 594, 526, 597, -2, -3, -2.158798930342464, 3.605551275463989
244, 119, 447, 63, 445, 62, 2, 1, 0.4636476090008061, 2.23606797749979
245, 0, 849, 146, 849, 149, 0, -3, -1.5707963267948966, 3.0
245, 3, 451, 16, 450, 17, 1, -1, -0.7853981633974483, 1.4142135623730951
245, 4, 1004, 29, 1005, 33, -1, -4, -1.8157749899217608, 4.123105625617661
245, 6, 847, 426, 845, 423, 2, 3, 0.982793723247329, 3.605551275463989
245, 7, 446, 73, 444, 71, 2, 2, 0.7853981633974483, 2.8284271247461903
245, 8, 847, 12, 846, 14, 1, -2, -1.1071487177940904, 2.23606797749979
245, 9, 498, 546, 498, 549, 0, -3, -1.5707963267948966, 3.0
245, 10, 453, 73, 452, 71, 1, 2, 1.1071487177940904, 2.23606797749979
245, 12, 492, 211, 492, 216, 0, -5, -1.5707963267948966, 5.0
245, 14, 825, 182, 826, 186, -1, -4, -1.8157749899217608, 4.123105625617661
245, 16, 119, 636, 116, 638, 3, -2, -0.5880026035475675, 3.605551275463989
245, 17, 1002, 37, 1003, 41, -1, -4, -1.8157749899217608, 4.123105625617661
245, 18, 828, 473, 827, 470, 1, 3, 1.2490457723982544, 3.1622776601683795
245, 19, 158, 599, 158, 596, 0, 3, 1.5707963267948966, 3.0
245, 20, 838, 145, 838, 149, 0, -4, -1.5707963267948966, 4.0
245, 21, 747, 31, 747, 33, 0, -2, -1.5707963267948966, 2.0
245, 22, 451, 24, 448, 26, 3, -2, -0.5880026035475675, 3.605551275463989
245, 23, 696, 164, 696, 169, 0, -5, -1.5707963267948966, 5.0
245, 24, 479, 212, 480, 217, -1, -5, -1.7681918866447774, 5.0990195135927845
245, 25, 686, 572, 685, 568, 1, 4, 1.3258176636680326, 4.123105625617661
245, 26, 688, 665, 687, 661, 1, 4, 1.3258176636680326, 4.123105625617661
245, 27, 828, 424, 826, 421, 2, 3, 0.982793723247329, 3.605551275463989
245, 28, 694, 490, 694, 486, 0, 4, 1.5707963267948966, 4.0
245, 31, 482, 288, 483, 291, -1, -3, -1.892546881191539, 3.1622776601683795
245, 32, 1242, 112, 1243, 116, -1, -4, -1.8157749899217608, 4.123105625617661
245, 33, 296, 386, 298, 389, -2, -3, -2.158798930342464, 3.605551275463989
245, 34, 845, 136, 845, 139, 0, -3, -1.5707963267948966, 3.0
245, 35, 468, 256, 469, 262, -1, -6, -1.7359450042095235, 6.082762530298219
245, 37, 148, 677, 146, 674, 2, 3, 0.982793723247329, 3.605551275463989
245, 38, 609, 281, 610, 280, -1, 1, 2.356194490192345, 1.4142135623730951
245, 40, 847, 449, 846, 445, 1, 4, 1.3258176636680326, 4.123105625617661
245, 41, 451, 62, 450, 61, 1, 1, 0.7853981633974483, 1.4142135623730951
245, 42, 624, 234, 624, 230, 0, 4, 1.5707963267948966, 4.0
245, 43, 856, 35, 855, 37, 1, -2, -1.1071487177940904, 2.23606797749979
245, 46, 499, 218, 500, 223, -1, -5, -1.7681918866447774, 5.0990195135927845
245, 48, 743, 40, 743, 42, 0, -2, -1.5707963267948966, 2.0
245, 50, 834, 226, 834, 228, 0, -2, -1.5707963267948966, 2.0
245, 51, 1012, 38, 1013, 41, -1, -3, -1.892546881191539, 3.1622776601683795
245, 54, 850, 467, 849, 464, 1, 3, 1.2490457723982544, 3.1622776601683795
245, 55, 474, 63, 474, 65, 0, -2, -1.5707963267948966, 2.0
245, 56, 631, 235, 631, 232, 0, 3, 1.5707963267948966, 3.0
245, 58, 511, 479, 512, 486, -1, -7, -1.7126933813990606, 7.0710678118654755
245, 62, 498, 305, 497, 309, 1, -4, -1.3258176636680326, 4.123105625617661
245, 63, 997, 108, 998, 110, -1, -2, -2.0344439357957027, 2.23606797749979
245, 64, 501, 508, 502, 513, -1, -5, -1.7681918866447774, 5.0990195135927845
245, 66, 717, 119, 718, 121, -1, -2, -2.0344439357957027, 2.23606797749979
245, 67, 636, 695, 636, 692, 0, 3, 1.5707963267948966, 3.0
245, 68, 345, 621, 347, 617, -2, 4, 2.0344439357957027, 4.47213595499958
245, 69, 1261, 79, 1277, 82, -16, -3, -2.9562447035940984, 16.278820596099706
245, 70, 349, 642, 350, 637, -1, 5, 1.7681918866447774, 5.0990195135927845
245, 71, 176, 645, 175, 643, 1, 2, 1.1071487177940904, 2.23606797749979
245, 73, 501, 253, 501, 251, 0, 2, 1.5707963267948966, 2.0
245, 76, 471, 279, 473, 283, -2, -4, -2.0344439357957027, 4.47213595499958
245, 78, 483, 202, 483, 207, 0, -5, -1.5707963267948966, 5.0
246, 0, 849, 144, 849, 146, 0, -2, -1.5707963267948966, 2.0
246, 4, 1003, 26, 1004, 29, -1, -3, -1.892546881191539, 3.1622776601683795
246, 5, 167, 131, 168, 130, -1, 1, 2.356194490192345, 1.4142135623730951
246, 6, 849, 429, 847, 426, 2, 3, 0.982793723247329, 3.605551275463989
246, 7, 447, 75, 446, 73, 1, 2, 1.1071487177940904, 2.23606797749979
246, 8, 848, 11, 847, 12, 1, -1, -0.7853981633974483, 1.4142135623730951
246, 9, 497, 543, 498, 546, -1, -3, -1.892546881191539, 3.1622776601683795
246, 10, 454, 74, 453, 73, 1, 1, 0.7853981633974483, 1.4142135623730951
246, 12, 492, 206, 492, 211, 0, -5, -1.5707963267948966, 5.0
246, 14, 825, 179, 825, 182, 0, -3, -1.5707963267948966, 3.0
246, 16, 122, 636, 119, 636, 3, 0, 0.0, 3.0
246, 17, 1001, 34, 1002, 37, -1, -3, -1.892546881191539, 3.1622776601683795
246, 18, 829, 476, 828, 473, 1, 3, 1.2490457723982544, 3.1622776601683795
246, 19, 158, 603, 158, 599, 0, 4, 1.5707963267948966, 4.0
246, 20, 838, 143, 838, 145, 0, -2, -1.5707963267948966, 2.0
246, 22, 452, 23, 451, 24, 1, -1, -0.7853981633974483, 1.4142135623730951
246, 23, 695, 160, 696, 164, -1, -4, -1.8157749899217608, 4.123105625617661
246, 24, 478, 207, 479, 212, -1, -5, -1.7681918866447774, 5.0990195135927845
246, 25, 687, 575, 686, 572, 1, 3, 1.2490457723982544, 3.1622776601683795
246, 26, 689, 668, 688, 665, 1, 3, 1.2490457723982544, 3.1622776601683795
246, 27, 830, 427, 828, 424, 2, 3, 0.982793723247329, 3.605551275463989
246, 28, 694, 493, 694, 490, 0, 3, 1.5707963267948966, 3.0
246, 31, 481, 285, 482, 288, -1, -3, -1.892546881191539, 3.1622776601683795
246, 32, 1241, 109, 1242, 112, -1, -3, -1.892546881191539, 3.1622776601683795
246, 33, 294, 384, 296, 386, -2, -2, -2.356194490192345, 2.8284271247461903
246, 34, 845, 134, 845, 136, 0, -2, -1.5707963267948966, 2.0
246, 35, 467, 251, 468, 256, -1, -5, -1.7681918866447774, 5.0990195135927845
246, 37, 149, 679, 148, 677, 1, 2, 1.1071487177940904, 2.23606797749979
246, 40, 848, 453, 847, 449, 1, 4, 1.3258176636680326, 4.123105625617661
246, 41, 452, 63, 451, 62, 1, 1, 0.7853981633974483, 1.4142135623730951
246, 42, 624, 237, 624, 234, 0, 3, 1.5707963267948966, 3.0
246, 43, 857, 34, 856, 35, 1, -1, -0.7853981633974483, 1.4142135623730951
246, 46, 499, 214, 499, 218, 0, -4, -1.5707963267948966, 4.0
246, 50, 1011, 36, 1012, 38, -1, -2, -2.0344439357957027, 2.23606797749979
246, 53, 851, 470, 850, 467, 1, 3, 1.2490457723982544, 3.1622776601683795
246, 55, 631, 238, 631, 235, 0, 3, 1.5707963267948966, 3.0
246, 57, 510, 474, 511, 479, -1, -5, -1.7681918866447774, 5.0990195135927845
246, 61, 498, 302, 498, 305, 0, -3, -1.5707963267948966, 3.0
246, 62, 995, 107, 997, 108, -2, -1, -2.677945044588987, 2.23606797749979
246, 63, 500, 503, 501, 508, -1, -5, -1.7681918866447774, 5.0990195135927845
246, 65, 716, 117, 717, 119, -1, -2, -2.0344439357957027, 2.23606797749979
246, 66, 636, 698, 636, 695, 0, 3, 1.5707963267948966, 3.0
246, 67, 343, 626, 345, 621, -2, 5, 1.9513027039072615, 5.385164807134504
246, 68, 1259, 76, 1261, 79, -2, -3, -2.158798930342464, 3.605551275463989
246, 69, 348, 645, 349, 642, -1, 3, 1.892546881191539, 3.1622776601683795
246, 70, 177, 647, 176, 645, 1, 2, 1.1071487177940904, 2.23606797749979
246, 75, 469, 275, 471, 279, -2, -4, -2.0344439357957027, 4.47213595499958
246, 77, 483, 197, 483, 202, 0, -5, -1.5707963267948966, 5.0
247, 0, 848, 142, 849, 144, -1, -2, -2.0344439357957027, 2.23606797749979
247, 1, 538, 541, 540, 542, -2, -1, -2.677945044588987, 2.23606797749979
247, 2, 453, 17, 452, 16, 1, 1, 0.7853981633974483, 1.4142135623730951
247, 3, 1002, 24, 1003, 26, -1, -2, -2.0344439357957027, 2.23606797749979
247, 4, 166, 132, 167, 131, -1, 1, 2.356194490192345, 1.4142135623730951
247, 5, 850, 432, 849, 429, 1, 3, 1.2490457723982544, 3.1622776601683795
247, 8, 496, 540, 497, 543, -1, -3, -1.892546881191539, 3.1622776601683795
247, 9, 456, 74, 454, 74, 2, 0, 0.0, 2.0
247, 11, 492, 202, 492, 206, 0, -4, -1.5707963267948966, 4.0
247, 12, 825, 176, 825, 179, 0, -3, -1.5707963267948966, 3.0
247, 13, 334, 667, 335, 666, -1, 1, 2.356194490192345, 1.4142135623730951
247, 14, 124, 639, 122, 636, 2, 3, 0.982793723247329, 3.605551275463989
247, 15, 1000, 32, 1001, 34, -1, -2, -2.0344439357957027, 2.23606797749979
247, 16, 830, 479, 829, 476, 1, 3, 1.2490457723982544, 3.1622776601683795
247, 17, 157, 608, 158, 603, -1, 5, 1.7681918866447774, 5.0990195135927845
247, 18, 837, 141, 838, 143, -1, -2, -2.0344439357957027, 2.23606797749979
247, 20, 454, 23, 452, 23, 2, 0, 0.0, 2.0
247, 21, 694, 156, 695, 160, -1, -4, -1.8157749899217608, 4.123105625617661
247, 22, 477, 203, 478, 207, -1, -4, -1.8157749899217608, 4.123105625617661
247, 23, 687, 578, 687, 575, 0, 3, 1.5707963267948966, 3.0
247, 24, 690, 671, 689, 668, 1, 3, 1.2490457723982544, 3.1622776601683795
247, 25, 831, 430, 830, 427, 1, 3, 1.2490457723982544, 3.1622776601683795
247, 26, 693, 497, 694, 493, -1, 4, 1.8157749899217608, 4.123105625617661
247, 27, 461, 79, 459, 79, 2, 0, 0.0, 2.0
247, 28, 480, 283, 481, 285, -1, -2, -2.0344439357957027, 2.23606797749979
247, 29, 1239, 107, 1241, 109, -2, -2, -2.356194490192345, 2.8284271247461903
247, 30, 844, 132, 845, 134, -1, -2, -2.0344439357957027, 2.23606797749979
247, 31, 466, 246, 467, 251, -1, -5, -1.7681918866447774, 5.0990195135927845
247, 32, 150, 681, 149, 679, 1, 2, 1.1071487177940904, 2.23606797749979
247, 33, 608, 284, 609, 282, -1, 2, 2.0344439357957027, 2.23606797749979
247, 34, 849, 456, 848, 453, 1, 3, 1.2490457723982544, 3.1622776601683795
247, 36, 623, 240, 624, 237, -1, 3, 1.892546881191539, 3.1622776601683795
247, 39, 498, 210, 499, 214, -1, -4, -1.8157749899217608, 4.123105625617661
247, 42, 1010, 34, 1011, 36, -1, -2, -2.0344439357957027, 2.23606797749979
247, 43, 1232, 191, 1231, 190, 1, 1, 0.7853981633974483, 1.4142135623730951
247, 44, 852, 473, 851, 470, 1, 3, 1.2490457723982544, 3.1622776601683795
247, 46, 630, 241, 631, 238, -1, 3, 1.892546881191539, 3.1622776601683795
247, 47, 640, 28, 641, 27, -1, 1, 2.356194490192345, 1.4142135623730951
247, 48, 509, 468, 510, 474, -1, -6, -1.7359450042095235, 6.082762530298219
247, 50, 143, 142, 144, 141, -1, 1, 2.356194490192345, 1.4142135623730951
247, 52, 498, 300, 498, 302, 0, -2, -1.5707963267948966, 2.0
247, 53, 993, 106, 995, 107, -2, -1, -2.677945044588987, 2.23606797749979
247, 54, 499, 498, 500, 503, -1, -5, -1.7681918866447774, 5.0990195135927845
247, 56, 636, 701, 636, 698, 0, 3, 1.5707963267948966, 3.0
247, 57, 342, 629, 343, 626, -1, 3, 1.892546881191539, 3.1622776601683795
247, 58, 1256, 74, 1259, 76, -3, -2, -2.5535900500422257, 3.605551275463989
247, 59, 345, 647, 348, 645, -3, 2, 2.5535900500422257, 3.605551275463989
247, 60, 177, 649, 177, 647, 0, 2, 1.5707963267948966, 2.0
247, 63, 466, 271, 469, 275, -3, -4, -2.214297435588181, 5.0
247, 65, 483, 193, 483, 197, 0, -4, -1.5707963267948966, 4.0
248, 0, 848, 137, 848, 142, 0, -5, -1.5707963267948966, 5.0
248, 1, 536, 538, 538, 541, -2, -3, -2.158798930342464, 3.605551275463989
248, 2, 454, 18, 453, 17, 1, 1, 0.7853981633974483, 1.4142135623730951
248, 3, 1001, 20, 1002, 24, -1, -4, -1.8157749899217608, 4.123105625617661
248, 4, 165, 135, 166, 132, -1, 3, 1.892546881191539, 3.1622776601683795
248, 5, 852, 437, 850, 432, 2, 5, 1.1902899496825317, 5.385164807134504
248, 7, 849, 9, 848, 10, 1, -1, -0.7853981633974483, 1.4142135623730951
248, 8, 496, 536, 496, 540, 0, -4, -1.5707963267948966, 4.0
248, 11, 492, 198, 492, 202, 0, -4, -1.5707963267948966, 4.0
248, 12, 826, 172, 825, 176, 1, -4, -1.3258176636680326, 4.123105625617661
248, 13, 333, 668, 334, 667, -1, 1, 2.356194490192345, 1.4142135623730951
248, 15, 998, 28, 1000, 32, -2, -4, -2.0344439357957027, 4.47213595499958
248, 16, 829, 483, 830, 479, -1, 4, 1.8157749899217608, 4.123105625617661
248, 17, 156, 615, 157, 608, -1, 7, 1.7126933813990606, 7.0710678118654755
248, 18, 837, 136, 837, 141, 0, -5, -1.5707963267948966, 5.0
248, 19, 748, 27, 747, 29, 1, -2, -1.1071487177940904, 2.23606797749979
248, 20, 456, 23, 454, 23, 2, 0, 0.0, 2.0
248, 21, 694, 151, 694, 156, 0, -5, -1.5707963267948966, 5.0
248, 22, 477, 199, 477, 203, 0, -4, -1.5707963267948966, 4.0
248, 23, 686, 580, 687, 578, -1, 2, 2.0344439357957027, 2.23606797749979
248, 25, 834, 432, 831, 430, 3, 2, 0.5880026035475675, 3.605551275463989
248, 26, 692, 501, 693, 497, -1, 4, 1.8157749899217608, 4.123105625617661
248, 27, 479, 280, 480, 283, -1, -3, -1.892546881191539, 3.1622776601683795
248, 28, 1235, 104, 1239, 107, -4, -3, -2.498091544796509, 5.0
248, 29, 844, 127, 844, 132, 0, -5, -1.5707963267948966, 5.0
248, 30, 465, 242, 466, 246, -1, -4, -1.8157749899217608, 4.123105625617661
248, 31, 150, 684, 150, 681, 0, 3, 1.5707963267948966, 3.0
248, 32, 607, 288, 608, 284, -1, 4, 1.8157749899217608, 4.123105625617661
248, 33, 852, 460, 849, 456, 3, 4, 0.9272952180016122, 5.0
248, 34, 454, 60, 453, 63, 1, -3, -1.2490457723982544, 3.1622776601683795
248, 35, 622, 244, 623, 240, -1, 4, 1.8157749899217608, 4.123105625617661
248, 36, 859, 29, 857, 33, 2, -4, -1.1071487177940904, 4.47213595499958
248, 38, 498, 206, 498, 210, 0, -4, -1.5707963267948966, 4.0
248, 39, 744, 35, 743, 38, 1, -3, -1.2490457723982544, 3.1622776601683795
248, 40, 1008, 31, 1010, 34, -2, -3, -2.158798930342464, 3.605551275463989
248, 41, 1235, 192, 1232, 191, 3, 1, 0.3217505543966422, 3.1622776601683795
248, 42, 854, 476, 852, 473, 2, 3, 0.982793723247329, 3.605551275463989
248, 43, 473, 60, 474, 62, -1, -2, -2.0344439357957027, 2.23606797749979
248, 44, 629, 245, 630, 241, -1, 4, 1.8157749899217608, 4.123105625617661
248, 46, 508, 461, 509, 468, -1, -7, -1.7126933813990606, 7.0710678118654755
248, 48, 142, 143, 143, 142, -1, 1, 2.356194490192345, 1.4142135623730951
248, 50, 497, 297, 498, 300, -1, -3, -1.892546881191539, 3.1622776601683795
248, 51, 992, 104, 993, 106, -1, -2, -2.0344439357957027, 2.23606797749979
248, 52, 499, 492, 499, 498, 0, -6, -1.5707963267948966, 6.0
248, 54, 638, 701, 636, 701, 2, 0, 0.0, 2.0
248, 55, 342, 632, 342, 629, 0, 3, 1.5707963267948966, 3.0
248, 56, 1252, 72, 1256, 74, -4, -2, -2.677945044588987, 4.47213595499958
248, 57, 342, 651, 345, 647, -3, 4, 2.214297435588181, 5.0
248, 58, 177, 652, 177, 649, 0, 3, 1.5707963267948966, 3.0
248, 61, 464, 267, 466, 271, -2, -4, -2.0344439357957027, 4.47213595499958
248, 62, 331, 358, 331, 360, 0, -2, -1.5707963267948966, 2.0
248, 63, 483, 189, 483, 193, 0, -4, -1.5707963267948966, 4.0
249, 0, 849, 133, 848, 137, 1, -4, -1.3258176636680326, 4.123105625617661
249, 2, 456, 18, 454, 18, 2, 0, 0.0, 2.0
249, 3, 1000, 18, 1001, 20, -1, -2, -2.0344439357957027, 2.23606797749979
249, 4, 164, 138, 165, 135, -1, 3, 1.892546881191539, 3.1622776601683795
249, 5, 854, 441, 852, 437, 2, 4, 1.1071487177940904, 4.47213595499958
249, 7, 496, 531, 496, 536, 0, -5, -1.5707963267948966, 5.0
249, 10, 492, 195, 492, 198, 0, -3, -1.5707963267948966, 3.0
249, 11, 827, 169, 826, 172, 1, -3, -1.2490457723982544, 3.1622776601683795
249, 12, 331, 669, 333, 668, -2, 1, 2.677945044588987, 2.23606797749979
249, 13, 126, 641, 124, 639, 2, 2, 0.7853981633974483, 2.8284271247461903
249, 14, 997, 26, 998, 28, -1, -2, -2.0344439357957027, 2.23606797749979
249, 16, 155, 620, 156, 615, -1, 5, 1.7681918866447774, 5.0990195135927845
249, 17, 838, 132, 837, 136, 1, -4, -1.3258176636680326, 4.123105625617661
249, 18, 749, 26, 748, 27, 1, -1, -0.7853981633974483, 1.4142135623730951
249, 19, 459, 23, 456, 23, 3, 0, 0.0, 3.0
249, 20, 694, 149, 694, 151, 0, -2, -1.5707963267948966, 2.0
249, 21, 478, 196, 477, 199, 1, -3, -1.2490457723982544, 3.1622776601683795
249, 22, 686, 584, 686, 580, 0, 4, 1.5707963267948966, 4.0
249, 23, 690, 673, 690, 671, 0, 2, 1.5707963267948966, 2.0
249, 24, 835, 435, 834, 432, 1, 3, 1.2490457723982544, 3.1622776601683795
249, 25, 692, 505, 692, 501, 0, 4, 1.5707963267948966, 4.0
249, 26, 478, 278, 479, 280, -1, -2, -2.0344439357957027, 2.23606797749979
249, 27, 1233, 101, 1235, 104, -2, -3, -2.158798930342464, 3.605551275463989
249, 28, 845, 123, 844, 127, 1, -4, -1.3258176636680326, 4.123105625617661
249, 29, 465, 238, 465, 242, 0, -4, -1.5707963267948966, 4.0
249, 30, 151, 688, 150, 684, 1, 4, 1.3258176636680326, 4.123105625617661
249, 31, 607, 291, 607, 288, 0, 3, 1.5707963267948966, 3.0
249, 32, 854, 463, 852, 460, 2, 3, 0.982793723247329, 3.605551275463989
249, 33, 456, 60, 454, 60, 2, 0, 0.0, 2.0
249, 34, 622, 246, 622, 244, 0, 2, 1.5707963267948966, 2.0
249, 35, 860, 27, 859, 29, 1, -2, -1.1071487177940904, 2.23606797749979
249, 37, 498, 203, 498, 206, 0, -3, -1.5707963267948966, 3.0
249, 38, 745, 34, 744, 35, 1, -1, -0.7853981633974483, 1.4142135623730951
249, 39, 1007, 29, 1008, 31, -1, -2, -2.0344439357957027, 2.23606797749979
249, 40, 1238, 193, 1235, 192, 3, 1, 0.3217505543966422, 3.1622776601683795
249, 41, 855, 478, 854, 476, 1, 2, 1.1071487177940904, 2.23606797749979
249, 42, 475, 59, 473, 60, 2, -1, -0.4636476090008061, 2.23606797749979
249, 43, 629, 247, 629, 245, 0, 2, 1.5707963267948966, 2.0
249, 45, 507, 457, 508, 461, -1, -4, -1.8157749899217608, 4.123105625617661
249, 49, 496, 295, 497, 297, -1, -2, -2.0344439357957027, 2.23606797749979
249, 51, 499, 488, 499, 492, 0, -4, -1.5707963267948966, 4.0
249, 54, 342, 635, 342, 632, 0, 3, 1.5707963267948966, 3.0
249, 55, 1250, 70, 1252, 72, -2, -2, -2.356194490192345, 2.8284271247461903
249, 56, 341, 652, 342, 651, -1, 1, 2.356194490192345, 1.4142135623730951
249, 57, 178, 654, 177, 652, 1, 2, 1.1071487177940904, 2.23606797749979
249, 60, 463, 264, 464, 267, -1, -3, -1.892546881191539, 3.1622776601683795
249, 62, 483, 186, 483, 189, 0, -3, -1.5707963267948966, 3.0
250, 0, 829, 160, 828, 163, 1, -3, -1.2490457723982544, 3.1622776601683795
250, 1, 850, 139, 849, 143, 1, -4, -1.3258176636680326, 4.123105625617661
250, 3, 167, 137, 168, 135, -1, 2, 2.0344439357957027, 2.23606797749979
250, 4, 1004, 24, 1005, 26, -1, -2, -2.0344439357957027, 2.23606797749979
250, 5, 840, 139, 839, 143, 1, -4, -1.3258176636680326, 4.123105625617661
250, 6, 481, 203, 481, 206, 0, -3, -1.5707963267948966, 3.0
250, 10, 832, 434, 831, 431, 1, 3, 1.2490457723982544, 3.1622776601683795
250, 12, 497, 517, 497, 521, 0, -4, -1.5707963267948966, 4.0
250, 13, 184, 664, 183, 663, 1, 1, 0.7853981633974483, 1.4142135623730951
250, 14, 697, 158, 697, 160, 0, -2, -1.5707963267948966, 2.0
250, 15, 1009, 34, 1010, 36, -1, -2, -2.0344439357957027, 2.23606797749979
250, 16, 686, 588, 687, 584, -1, 4, 1.8157749899217608, 4.123105625617661
250, 18, 745, 39, 744, 40, 1, -1, -0.7853981633974483, 1.4142135623730951
250, 19, 850, 438, 850, 434, 0, 4, 1.5707963267948966, 4.0
250, 20, 860, 28, 859, 32, 1, -4, -1.3258176636680326, 4.123105625617661
250, 21, 996, 106, 996, 108, 0, -2, -1.5707963267948966, 2.0
250, 22, 697, 689, 696, 686, 1, 3, 1.2490457723982544, 3.1622776601683795
250, 23, 1238, 194, 1237, 193, 1, 1, 0.7853981633974483, 1.4142135623730951
250, 24, 493, 202, 493, 205, 0, -3, -1.5707963267948966, 3.0
250, 25, 466, 247, 467, 250, -1, -3, -1.892546881191539, 3.1622776601683795
250, 26, 987, 67, 989, 68, -2, -1, -2.677945044588987, 2.23606797749979
250, 27, 812, 474, 813, 472, -1, 2, 2.0344439357957027, 2.23606797749979
250, 28, 623, 241, 624, 239, -1, 2, 2.0344439357957027, 2.23606797749979
250, 29, 609, 291, 610, 288, -1, 3, 1.892546881191539, 3.1622776601683795
250, 31, 461, 26, 458, 26, 3, 0, 0.0, 3.0
250, 32, 693, 504, 693, 501, 0, 3, 1.5707963267948966, 3.0
250, 33, 847, 128, 846, 132, 1, -4, -1.3258176636680326, 4.123105625617661
250, 34, 533, 544, 534, 546, -1, -2, -2.0344439357957027, 2.23606797749979
250, 36, 126, 655, 124, 654, 2, 1, 0.4636476090008061, 2.23606797749979
250, 40, 478, 275, 479, 277, -1, -2, -2.0344439357957027, 2.23606797749979
250, 41, 478, 76, 475, 77, 3, -1, -0.3217505543966422, 3.1622776601683795
250, 43, 1203, 373, 1204, 370, -1, 3, 1.892546881191539, 3.1622776601683795
250, 44, 619, 285, 619, 283, 0, 2, 1.5707963267948966, 2.0
250, 45, 749, 32, 748, 33, 1, -1, -0.7853981633974483, 1.4142135623730951
250, 46, 500, 249, 500, 251, 0, -2, -1.5707963267948966, 2.0
250, 47, 512, 467, 512, 472, 0, -5, -1.5707963267948966, 5.0
250, 48, 336, 699, 340, 692, -4, 7, 2.0899424410414196, 8.06225774829855
250, 49, 169, 169, 170, 168, -1, 1, 2.356194490192345, 1.4142135623730951
250, 51, 502, 493, 502, 498, 0, -5, -1.5707963267948966, 5.0
250, 53, 457, 60, 455, 61, 2, -1, -0.4636476090008061, 2.23606797749979
250, 54, 501, 210, 501, 213, 0, -3, -1.5707963267948966, 3.0
250, 56, 701, 226, 701, 228, 0, -2, -1.5707963267948966, 2.0
250, 59, 1009, 63, 1010, 66, -1, -3, -1.892546881191539, 3.1622776601683795
250, 61, 1219, 321, 1219, 318, 0, 3, 1.5707963267948966, 3.0
250, 63, 704, 159, 704, 161, 0, -2, -1.5707963267948966, 2.0
250, 65, 483, 193, 483, 196, 0, -3, -1.5707963267948966, 3.0
250, 66, 1261, 74, 1268, 76, -7, -2, -2.8632929945846817, 7.280109889280518
250, 67, 1014, 76, 1015, 78, -1, -2, -2.0344439357957027, 2.23606797749979
250, 68, 1229, 308, 1229, 306, 0, 2, 1.5707963267948966, 2.0
250, 69, 710, 502, 710, 499, 0, 3, 1.5707963267948966, 3.0
250, 72, 959, 668, 962, 672, -3, -4, -2.214297435588181, 5.0
250, 73, 715, 117, 716, 119, -1, -2, -2.0344439357957027, 2.23606797749979
250, 74, 156, 699, 156, 696, 0, 3, 1.5707963267948966, 3.0
250, 77, 467, 59, 466, 60, 1, -1, -0.7853981633974483, 1.4142135623730951
250, 78, 940, 659, 944, 664, -4, -5, -2.2455372690184494, 6.4031242374328485
250, 81, 830, 180, 830, 185, 0, -5, -1.5707963267948966, 5.0
250, 86, 833, 222, 834, 225, -1, -3, -1.892546881191539, 3.1622776601683795
250, 87, 853, 459, 852, 456, 1, 3, 1.2490457723982544, 3.1622776601683795
250, 88, 703, 586, 703, 583, 0, 3, 1.5707963267948966, 3.0
250, 90, 458, 47, 455, 47, 3, 0, 0.0, 3.0
250, 94, 678, 538, 678, 535, 0, 3, 1.5707963267948966, 3.0
250, 95, 697, 146, 697, 148, 0, -2, -1.5707963267948966, 2.0
250, 97, 458, 264, 460, 267, -2, -3, -2.158798930342464, 3.605551275463989
251, 0, 829, 157, 829, 160, 0, -3, -1.5707963267948966, 3.0
251, 1, 850, 134, 850, 139, 0, -5, -1.5707963267948966, 5.0
251, 2, 166, 138, 167, 137, -1, 1, 2.356194490192345, 1.4142135623730951
251, 3, 1003, 21, 1004, 24, -1, -3, -1.892546881191539, 3.1622776601683795
251, 4, 840, 134, 840, 139, 0, -5, -1.5707963267948966, 5.0
251, 5, 481, 200, 481, 203, 0, -3, -1.5707963267948966, 3.0
251, 7, 832, 437, 832, 434, 0, 3, 1.5707963267948966, 3.0
251, 8, 496, 512, 497, 517, -1, -5, -1.7681918866447774, 5.0990195135927845
251, 9, 185, 666, 184, 664, 1, 2, 1.1071487177940904, 2.23606797749979
251, 10, 696, 155, 697, 158, -1, -3, -1.892546881191539, 3.1622776601683795
251, 11, 1008, 31, 1009, 34, -1, -3, -1.892546881191539, 3.1622776601683795
251, 12, 685, 591, 686, 588, -1, 3, 1.892546881191539, 3.1622776601683795
251, 15, 850, 442, 850, 438, 0, 4, 1.5707963267948966, 4.0
251, 16, 861, 24, 860, 28, 1, -4, -1.3258176636680326, 4.123105625617661
251, 17, 995, 104, 996, 106, -1, -2, -2.0344439357957027, 2.23606797749979
251, 18, 697, 692, 697, 689, 0, 3, 1.5707963267948966, 3.0
251, 19, 1239, 195, 1238, 194, 1, 1, 0.7853981633974483, 1.4142135623730951
251, 20, 493, 199, 493, 202, 0, -3, -1.5707963267948966, 3.0
251, 21, 465, 244, 466, 247, -1, -3, -1.892546881191539, 3.1622776601683795
251, 22, 985, 65, 987, 67, -2, -2, -2.356194490192345, 2.8284271247461903
251, 23, 811, 475, 812, 474, -1, 1, 2.356194490192345, 1.4142135623730951
251, 24, 622, 242, 623, 241, -1, 1, 2.356194490192345, 1.4142135623730951
251, 25, 608, 293, 609, 291, -1, 2, 2.0344439357957027, 2.23606797749979
251, 26, 536, 559, 537, 561, -1, -2, -2.0344439357957027, 2.23606797749979
251, 27, 464, 25, 461, 26, 3, -1, -0.3217505543966422, 3.1622776601683795
251, 28, 693, 506, 693, 504, 0, 2, 1.5707963267948966, 2.0
251, 29, 847, 123, 847, 128, 0, -5, -1.5707963267948966, 5.0
251, 30, 532, 540, 533, 544, -1, -4, -1.8157749899217608, 4.123105625617661
251, 32, 129, 657, 126, 655, 3, 2, 0.5880026035475675, 3.605551275463989
251, 35, 477, 273, 478, 275, -1, -2, -2.0344439357957027, 2.23606797749979
251, 36, 481, 74, 478, 76, 3, -2, -0.5880026035475675, 3.605551275463989
251, 37, 1201, 376, 1203, 373, -2, 3, 2.158798930342464, 3.605551275463989
251, 38, 619, 287, 619, 285, 0, 2, 1.5707963267948966, 2.0
251, 40, 499, 247, 500, 249, -1, -2, -2.0344439357957027, 2.23606797749979
251, 41, 512, 461, 512, 467, 0, -6, -1.5707963267948966, 6.0
251, 42, 333, 701, 336, 699, -3, 2, 2.5535900500422257, 3.605551275463989
251, 43, 167, 169, 169, 169, -2, 0, 3.141592653589793, 2.0
251, 44, 502, 488, 502, 493, 0, -5, -1.5707963267948966, 5.0
251, 46, 459, 59, 457, 60, 2, -1, -0.4636476090008061, 2.23606797749979
251, 47, 501, 207, 501, 210, 0, -3, -1.5707963267948966, 3.0
251, 49, 700, 224, 701, 226, -1, -2, -2.0344439357957027, 2.23606797749979
251, 50, 1007, 59, 1009, 63, -2, -4, -2.0344439357957027, 4.47213595499958
251, 52, 1219, 323, 1219, 321, 0, 2, 1.5707963267948966, 2.0
251, 54, 703, 156, 704, 159, -1, -3, -1.892546881191539, 3.1622776601683795
251, 56, 483, 190, 483, 193, 0, -3, -1.5707963267948966, 3.0
251, 57, 1258, 72, 1261, 74, -3, -2, -2.5535900500422257, 3.605551275463989
251, 58, 1012, 73, 1014, 76, -2, -3, -2.158798930342464, 3.605551275463989
251, 59, 1229, 310, 1229, 308, 0, 2, 1.5707963267948966, 2.0
251, 60, 710, 505, 710, 502, 0, 3, 1.5707963267948966, 3.0
251, 62, 955, 664, 959, 668, -4, -4, -2.356194490192345, 5.656854249492381
251, 63, 714, 115, 715, 117, -1, -2, -2.0344439357957027, 2.23606797749979
251, 64, 156, 701, 156, 699, 0, 2, 1.5707963267948966, 2.0
251, 66, 469, 58, 467, 59, 2, -1, -0.4636476090008061, 2.23606797749979
251, 67, 936, 654, 940, 659, -4, -5, -2.2455372690184494, 6.4031242374328485
251, 68, 32, 110, 33, 112, -1, -2, -2.0344439357957027, 2.23606797749979
251, 69, 830, 175, 830, 180, 0, -5, -1.5707963267948966, 5.0
251, 72, 833, 216, 833, 222, 0, -6, -1.5707963267948966, 6.0
251, 73, 854, 462, 853, 459, 1, 3, 1.2490457723982544, 3.1622776601683795
251, 74, 703, 590, 703, 586, 0, 4, 1.5707963267948966, 4.0
251, 76, 461, 46, 458, 47, 3, -1, -0.3217505543966422, 3.1622776601683795
251, 79, 677, 541, 678, 538, -1, 3, 1.892546881191539, 3.1622776601683795
251, 80, 696, 143, 697, 146, -1, -3, -1.892546881191539, 3.1622776601683795
251, 82, 456, 261, 458, 264, -2, -3, -2.158798930342464, 3.605551275463989
252, 0, 829, 155, 829, 157, 0, -2, -1.5707963267948966, 2.0
252, 1, 850, 129, 850, 134, 0, -5, -1.5707963267948966, 5.0
252, 2, 165, 139, 166, 138, -1, 1, 2.356194490192345, 1.4142135623730951
252, 3, 1002, 18, 1003, 21, -1, -3, -1.892546881191539, 3.1622776601683795
252, 4, 840, 129, 840, 134, 0, -5, -1.5707963267948966, 5.0
252, 5, 481, 198, 481, 200, 0, -2, -1.5707963267948966, 2.0
252, 7, 833, 440, 832, 437, 1, 3, 1.2490457723982544, 3.1622776601683795
252, 8, 496, 507, 496, 512, 0, -5, -1.5707963267948966, 5.0
252, 9, 186, 668, 185, 666, 1, 2, 1.1071487177940904, 2.23606797749979
252, 10, 695, 153, 696, 155, -1, -2, -2.0344439357957027, 2.23606797749979
252, 11, 1007, 28, 1008, 31, -1, -3, -1.892546881191539, 3.1622776601683795
252, 12, 685, 594, 685, 591, 0, 3, 1.5707963267948966, 3.0
252, 15, 850, 446, 850, 442, 0, 4, 1.5707963267948966, 4.0
252, 16, 862, 21, 861, 24, 1, -3, -1.2490457723982544, 3.1622776601683795
252, 17, 994, 102, 995, 104, -1, -2, -2.0344439357957027, 2.23606797749979
252, 18, 697, 696, 697, 692, 0, 4, 1.5707963267948966, 4.0
252, 19, 1240, 196, 1239, 195, 1, 1, 0.7853981633974483, 1.4142135623730951
252, 20, 493, 196, 493, 199, 0, -3, -1.5707963267948966, 3.0
252, 21, 464, 242, 465, 244, -1, -2, -2.0344439357957027, 2.23606797749979
252, 22, 983, 63, 985, 65, -2, -2, -2.356194490192345, 2.8284271247461903
252, 23, 811, 477, 811, 475, 0, 2, 1.5707963267948966, 2.0
252, 24, 622, 244, 622, 242, 0, 2, 1.5707963267948966, 2.0
252, 25, 608, 296, 608, 293, 0, 3, 1.5707963267948966, 3.0
252, 26, 535, 555, 536, 559, -1, -4, -1.8157749899217608, 4.123105625617661
252, 27, 465, 24, 464, 25, 1, -1, -0.7853981633974483, 1.4142135623730951
252, 28, 693, 509, 693, 506, 0, 3, 1.5707963267948966, 3.0
252, 29, 847, 118, 847, 123, 0, -5, -1.5707963267948966, 5.0
252, 30, 531, 536, 532, 540, -1, -4, -1.8157749899217608, 4.123105625617661
252, 32, 130, 659, 129, 657, 1, 2, 1.1071487177940904, 2.23606797749979
252, 33, 460, 76, 459, 77, 1, -1, -0.7853981633974483, 1.4142135623730951
252, 35, 476, 271, 477, 273, -1, -2, -2.0344439357957027, 2.23606797749979
252, 36, 484, 73, 481, 74, 3, -1, -0.3217505543966422, 3.1622776601683795
252, 37, 1200, 379, 1201, 376, -1, 3, 1.892546881191539, 3.1622776601683795
252, 38, 619, 289, 619, 287, 0, 2, 1.5707963267948966, 2.0
252, 40, 499, 245, 499, 247, 0, -2, -1.5707963267948966, 2.0
252, 41, 512, 456, 512, 461, 0, -5, -1.5707963267948966, 5.0
252, 42, 331, 701, 333, 701, -2, 0, 3.141592653589793, 2.0
252, 43, 165, 169, 167, 169, -2, 0, 3.141592653589793, 2.0
252, 44, 502, 483, 502, 488, 0, -5, -1.5707963267948966, 5.0
252, 46, 461, 59, 459, 59, 2, 0, 0.0, 2.0
252, 47, 501, 204, 501, 207, 0, -3, -1.5707963267948966, 3.0
252, 49, 700, 222, 700, 224, 0, -2, -1.5707963267948966, 2.0
252, 50, 1005, 56, 1007, 59, -2, -3, -2.158798930342464, 3.605551275463989
252, 51, 837, 516, 836, 515, 1, 1, 0.7853981633974483, 1.4142135623730951
252, 52, 1219, 326, 1219, 323, 0, 3, 1.5707963267948966, 3.0
252, 54, 702, 154, 703, 156, -1, -2, -2.0344439357957027, 2.23606797749979
252, 56, 483, 187, 483, 190, 0, -3, -1.5707963267948966, 3.0
252, 57, 1255, 71, 1258, 72, -3, -1, -2.819842099193151, 3.1622776601683795
252, 58, 1010, 71, 1012, 73, -2, -2, -2.356194490192345, 2.8284271247461903
252, 59, 1229, 313, 1229, 310, 0, 3, 1.5707963267948966, 3.0
252, 60, 710, 508, 710, 505, 0, 3, 1.5707963267948966, 3.0
252, 61, 144, 147, 145, 146, -1, 1, 2.356194490192345, 1.4142135623730951
252, 62, 951, 660, 955, 664, -4, -4, -2.356194490192345, 5.656854249492381
252, 63, 713, 113, 714, 115, -1, -2, -2.0344439357957027, 2.23606797749979
252, 65, 471, 57, 469, 58, 2, -1, -0.4636476090008061, 2.23606797749979
252, 66, 932, 650, 936, 654, -4, -4, -2.356194490192345, 5.656854249492381
252, 68, 830, 170, 830, 175, 0, -5, -1.5707963267948966, 5.0
252, 71, 833, 213, 833, 216, 0, -3, -1.5707963267948966, 3.0
252, 72, 854, 466, 854, 462, 0, 4, 1.5707963267948966, 4.0
252, 73, 703, 595, 703, 590, 0, 5, 1.5707963267948966, 5.0
252, 75, 463, 46, 461, 46, 2, 0, 0.0, 2.0
252, 77, 676, 544, 677, 541, -1, 3, 1.892546881191539, 3.1622776601683795
252, 78, 695, 141, 696, 143, -1, -2, -2.0344439357957027, 2.23606797749979
252, 80, 455, 259, 456, 261, -1, -2, -2.0344439357957027, 2.23606797749979
253, 1, 850, 125, 850, 129, 0, -4, -1.5707963267948966, 4.0
253, 2, 164, 141, 165, 139, -1, 2, 2.0344439357957027, 2.23606797749979
253, 3, 1000, 13, 1002, 18, -2, -5, -1.9513027039072615, 5.385164807134504
253, 4, 840, 125, 840, 129, 0, -4, -1.5707963267948966, 4.0
253, 5, 482, 193, 481, 198, 1, -5, -1.373400766945016, 5.0990195135927845
253, 6, 255, 381, 255, 383, 0, -2, -1.5707963267948966, 2.0
253, 7, 835, 443, 833, 440, 2, 3, 0.982793723247329, 3.605551275463989
253, 8, 496, 503, 496, 507, 0, -4, -1.5707963267948966, 4.0
253, 9, 186, 670, 186, 668, 0, 2, 1.5707963267948966, 2.0
253, 10, 694, 149, 695, 153, -1, -4, -1.8157749899217608, 4.123105625617661
253, 11, 1006, 23, 1007, 28, -1, -5, -1.7681918866447774, 5.0990195135927845
253, 12, 686, 597, 685, 594, 1, 3, 1.2490457723982544, 3.1622776601683795
253, 13, 278, 331, 278, 333, 0, -2, -1.5707963267948966, 2.0
253, 14, 746, 34, 745, 37, 1, -3, -1.2490457723982544, 3.1622776601683795
253, 15, 849, 449, 850, 446, -1, 3, 1.892546881191539, 3.1622776601683795
253, 16, 864, 18, 862, 21, 2, -3, -0.982793723247329, 3.605551275463989
253, 17, 992, 98, 994, 102, -2, -4, -2.0344439357957027, 4.47213595499958
253, 18, 697, 700, 697, 696, 0, 4, 1.5707963267948966, 4.0
253, 19, 1241, 197, 1240, 196, 1, 1, 0.7853981633974483, 1.4142135623730951
253, 20, 494, 192, 493, 196, 1, -4, -1.3258176636680326, 4.123105625617661
253, 21, 464, 237, 464, 242, 0, -5, -1.5707963267948966, 5.0
253, 22, 980, 58, 983, 63, -3, -5, -2.1112158270654806, 5.830951894845301
253, 23, 812, 480, 811, 477, 1, 3, 1.2490457723982544, 3.1622776601683795
253, 24, 623, 247, 622, 244, 1, 3, 1.2490457723982544, 3.1622776601683795
253, 25, 609, 299, 608, 296, 1, 3, 1.2490457723982544, 3.1622776601683795
253, 26, 535, 551, 535, 555, 0, -4, -1.5707963267948966, 4.0
253, 27, 466, 23, 465, 24, 1, -1, -0.7853981633974483, 1.4142135623730951
253, 28, 694, 512, 693, 509, 1, 3, 1.2490457723982544, 3.1622776601683795
253, 29, 847, 113, 847, 118, 0, -5, -1.5707963267948966, 5.0
253, 30, 530, 534, 531, 536, -1, -2, -2.0344439357957027, 2.23606797749979
253, 31, 286, 371, 286, 373, 0, -2, -1.5707963267948966, 2.0
253, 32, 131, 662, 130, 659, 1, 3, 1.2490457723982544, 3.1622776601683795
253, 33, 463, 75, 460, 76, 3, -1, -0.3217505543966422, 3.1622776601683795
253, 34, 940, 11, 940, 13, 0, -2, -1.5707963267948966, 2.0
253, 35, 475, 267, 476, 271, -1, -4, -1.8157749899217608, 4.123105625617661
253, 36, 488, 73, 484, 73, 4, 0, 0.0, 4.0
253, 37, 1198, 382, 1200, 379, -2, 3, 2.158798930342464, 3.605551275463989
253, 38, 620, 292, 619, 289, 1, 3, 1.2490457723982544, 3.1622776601683795
253, 39, 750, 28, 749, 30, 1, -2, -1.1071487177940904, 2.23606797749979
253, 40, 499, 242, 499, 245, 0, -3, -1.5707963267948966, 3.0
253, 41, 510, 449, 512, 456, -2, -7, -1.849095985800008, 7.280109889280518
253, 42, 329, 701, 331, 701, -2, 0, 3.141592653589793, 2.0
253, 43, 163, 170, 165, 169, -2, 1, 2.677945044588987, 2.23606797749979
253, 44, 503, 477, 502, 483, 1, -6, -1.4056476493802699, 6.082762530298219
253, 46, 464, 59, 461, 59, 3, 0, 0.0, 3.0
253, 47, 502, 200, 501, 204, 1, -4, -1.3258176636680326, 4.123105625617661
253, 48, 255, 357, 255, 359, 0, -2, -1.5707963267948966, 2.0
253, 49, 700, 218, 700, 222, 0, -4, -1.5707963267948966, 4.0
253, 50, 1002, 52, 1005, 56, -3, -4, -2.214297435588181, 5.0
253, 51, 839, 516, 837, 516, 2, 0, 0.0, 2.0
253, 52, 1219, 330, 1219, 326, 0, 4, 1.5707963267948966, 4.0
253, 53, 306, 314, 306, 316, 0, -2, -1.5707963267948966, 2.0
253, 54, 701, 150, 702, 154, -1, -4, -1.8157749899217608, 4.123105625617661
253, 56, 484, 182, 483, 187, 1, -5, -1.373400766945016, 5.0990195135927845
253, 57, 1250, 69, 1255, 71, -5, -2, -2.761086276477428, 5.385164807134504
253, 58, 1007, 69, 1010, 71, -3, -2, -2.5535900500422257, 3.605551275463989
253, 59, 1229, 317, 1229, 313, 0, 4, 1.5707963267948966, 4.0
253, 60, 709, 511, 710, 508, -1, 3, 1.892546881191539, 3.1622776601683795
253, 61, 143, 148, 144, 147, -1, 1, 2.356194490192345, 1.4142135623730951
253, 62, 947, 658, 951, 660, -4, -2, -2.677945044588987, 4.47213595499958
253, 63, 712, 108, 713, 113, -1, -5, -1.7681918866447774, 5.0990195135927845
253, 64, 154, 701, 156, 701, -2, 0, 3.141592653589793, 2.0
253, 65, 473, 56, 471, 57, 2, -1, -0.4636476090008061, 2.23606797749979
253, 66, 928, 645, 932, 650, -4, -5, -2.2455372690184494, 6.4031242374328485
253, 67, 31, 106, 32, 109, -1, -3, -1.892546881191539, 3.1622776601683795
253, 68, 831, 171, 830, 170, 1, 1, 0.7853981633974483, 1.4142135623730951
253, 69, 933, 87, 933, 89, 0, -2, -1.5707963267948966, 2.0
253, 70, 52, 144, 52, 146, 0, -2, -1.5707963267948966, 2.0
253, 71, 833, 209, 833, 213, 0, -4, -1.5707963267948966, 4.0
253, 72, 854, 472, 854, 466, 0, 6, 1.5707963267948966, 6.0
253, 73, 704, 598, 703, 595, 1, 3, 1.2490457723982544, 3.1622776601683795
253, 76, 814, 16, 814, 18, 0, -2, -1.5707963267948966, 2.0
253, 77, 677, 547, 676, 544, 1, 3, 1.2490457723982544, 3.1622776601683795
253, 78, 694, 137, 695, 141, -1, -4, -1.8157749899217608, 4.123105625617661
253, 79, 454, 254, 455, 259, -1, -5, -1.7681918866447774, 5.0990195135927845
254, 1, 850, 120, 850, 125, 0, -5, -1.5707963267948966, 5.0
254, 3, 999, 9, 1000, 13, -1, -4, -1.8157749899217608, 4.123105625617661
254, 4, 840, 120, 840, 125, 0, -5, -1.5707963267948966, 5.0
254, 5, 482, 189, 482, 193, 0, -4, -1.5707963267948966, 4.0
254, 6, 835, 446, 835, 443, 0, 3, 1.5707963267948966, 3.0
254, 7, 496, 501, 496, 503, 0, -2, -1.5707963267948966, 2.0
254, 8, 187, 672, 186, 670, 1, 2, 1.1071487177940904, 2.23606797749979
254, 9, 693, 145, 694, 149, -1, -4, -1.8157749899217608, 4.123105625617661
254, 10, 1005, 19, 1006, 23, -1, -4, -1.8157749899217608, 4.123105625617661
254, 11, 687, 600, 686, 597, 1, 3, 1.2490457723982544, 3.1622776601683795
254, 13, 747, 32, 746, 34, 1, -2, -1.1071487177940904, 2.23606797749979
254, 14, 849, 453, 849, 449, 0, 4, 1.5707963267948966, 4.0
254, 15, 865, 15, 864, 18, 1, -3, -1.2490457723982544, 3.1622776601683795
254, 16, 990, 94, 992, 98, -2, -4, -2.0344439357957027, 4.47213595499958
254, 18, 1243, 197, 1241, 197, 2, 0, 0.0, 2.0
254, 19, 494, 188, 494, 192, 0, -4, -1.5707963267948966, 4.0
254, 20, 464, 233, 464, 237, 0, -4, -1.5707963267948966, 4.0
254, 21, 978, 54, 980, 58, -2, -4, -2.0344439357957027, 4.47213595499958
254, 22, 813, 484, 812, 480, 1, 4, 1.3258176636680326, 4.123105625617661
254, 23, 623, 249, 623, 247, 0, 2, 1.5707963267948966, 2.0
254, 24, 610, 303, 609, 299, 1, 4, 1.3258176636680326, 4.123105625617661
254, 25, 535, 548, 535, 551, 0, -3, -1.5707963267948966, 3.0
254, 26, 467, 21, 466, 23, 1, -2, -1.1071487177940904, 2.23606797749979
254, 27, 695, 515, 694, 512, 1, 3, 1.2490457723982544, 3.1622776601683795
254, 28, 847, 108, 847, 113, 0, -5, -1.5707963267948966, 5.0
254, 29, 529, 531, 530, 534, -1, -3, -1.892546881191539, 3.1622776601683795
254, 31, 133, 663, 131, 662, 2, 1, 0.4636476090008061, 2.23606797749979
254, 32, 465, 74, 463, 75, 2, -1, -0.4636476090008061, 2.23606797749979
254, 34, 475, 263, 475, 267, 0, -4, -1.5707963267948966, 4.0
254, 35, 490, 73, 488, 73, 2, 0, 0.0, 2.0
254, 36, 1196, 384, 1198, 382, -2, 2, 2.356194490192345, 2.8284271247461903
254, 37, 621, 294, 620, 292, 1, 2, 1.1071487177940904, 2.23606797749979
254, 39, 499, 239, 499, 242, 0, -3, -1.5707963267948966, 3.0
254, 40, 510, 442, 510, 449, 0, -7, -1.5707963267948966, 7.0
254, 43, 503, 472, 503, 477, 0, -5, -1.5707963267948966, 5.0
254, 45, 468, 58, 464, 59, 4, -1, -0.24497866312686414, 4.123105625617661
254, 46, 502, 196, 502, 200, 0, -4, -1.5707963267948966, 4.0
254, 48, 700, 215, 700, 218, 0, -3, -1.5707963267948966, 3.0
254, 49, 1001, 49, 1002, 52, -1, -3, -1.892546881191539, 3.1622776601683795
254, 51, 1219, 332, 1219, 330, 0, 2, 1.5707963267948966, 2.0
254, 53, 700, 146, 701, 150, -1, -4, -1.8157749899217608, 4.123105625617661
254, 55, 484, 178, 484, 182, 0, -4, -1.5707963267948966, 4.0
254, 56, 1247, 66, 1250, 69, -3, -3, -2.356194490192345, 4.242640687119285
254, 57, 1006, 67, 1007, 69, -1, -2, -2.0344439357957027, 2.23606797749979
254, 58, 1229, 320, 1229, 317, 0, 3, 1.5707963267948966, 3.0
254, 59, 709, 515, 709, 511, 0, 4, 1.5707963267948966, 4.0
254, 61, 943, 657, 947, 658, -4, -1, -2.896613990462929, 4.123105625617661
254, 62, 711, 104, 712, 108, -1, -4, -1.8157749899217608, 4.123105625617661
254, 64, 477, 55, 473, 56, 4, -1, -0.24497866312686414, 4.123105625617661
254, 65, 923, 641, 928, 645, -5, -4, -2.4668517113662407, 6.4031242374328485
254, 66, 31, 104, 31, 106, 0, -2, -1.5707963267948966, 2.0
254, 70, 833, 206, 833, 209, 0, -3, -1.5707963267948966, 3.0
254, 71, 854, 476, 854, 472, 0, 4, 1.5707963267948966, 4.0
254, 74, 467, 44, 464, 46, 3, -2, -0.5880026035475675, 3.605551275463989
254, 76, 677, 551, 677, 547, 0, 4, 1.5707963267948966, 4.0
254, 77, 693, 133, 694, 137, -1, -4, -1.8157749899217608, 4.123105625617661
254, 78, 454, 250, 454, 254, 0, -4, -1.5707963267948966, 4.0
255, 3, 851, 126, 851, 130, 0, -4, -1.5707963267948966, 4.0
255, 5, 1022, 701, 1022, 712, 0, -11, -1.5707963267948966, 11.0
255, 6, 193, 654, 192, 651, 1, 3, 1.2490457723982544, 3.1622776601683795
255, 7, 483, 193, 482, 198, 1, -5, -1.373400766945016, 5.0990195135927845
255, 8, 537, 543, 537, 547, 0, -4, -1.5707963267948966, 4.0
255, 13, 822, 475, 821, 470, 1, 5, 1.373400766945016, 5.0990195135927845
255, 14, 894, 701, 899, 711, -5, -10, -2.0344439357957027, 11.180339887498949
255, 15, 468, 238, 467, 242, 1, -4, -1.3258176636680326, 4.123105625617661
255, 16, 851, 453, 851, 449, 0, 4, 1.5707963267948966, 4.0
255, 17, 1040, 701, 1042, 717, -2, -16, -1.695151321341658, 16.1245154965971
255, 18, 644, 701, 644, 712, 0, -11, -1.5707963267948966, 11.0
255, 19, 470, 59, 466, 59, 4, 0, 0.0, 4.0
255, 20, 495, 193, 494, 197, 1, -4, -1.3258176636680326, 4.123105625617661
255, 22, 14, 196, 11, 195, 3, 1, 0.3217505543966422, 3.1622776601683795
255, 23, 1003, 14, 1004, 18, -1, -4, -1.8157749899217608, 4.123105625617661
255, 24, 841, 125, 841, 129, 0, -4, -1.5707963267948966, 4.0
255, 25, 695, 516, 694, 512, 1, 4, 1.3258176636680326, 4.123105625617661
255, 26, 536, 520, 536, 524, 0, -4, -1.5707963267948966, 4.0
255, 27, 194, 689, 193, 687, 1, 2, 1.1071487177940904, 2.23606797749979
255, 28, 466, 75, 463, 75, 3, 0, 0.0, 3.0
255, 29, 696, 149, 696, 153, 0, -4, -1.5707963267948966, 4.0
255, 30, 489, 75, 488, 76, 1, -1, -0.7853981633974483, 1.4142135623730951
255, 32, 833, 450, 833, 447, 0, 3, 1.5707963267948966, 3.0
255, 33, 503, 241, 502, 245, 1, -4, -1.3258176636680326, 4.123105625617661
255, 34, 156, 701, 156, 707, 0, -6, -1.5707963267948966, 6.0
255, 35, 703, 149, 703, 153, 0, -4, -1.5707963267948966, 4.0
255, 36, 1007, 25, 1008, 29, -1, -4, -1.8157749899217608, 4.123105625617661
255, 37, 848, 115, 848, 119, 0, -4, -1.5707963267948966, 4.0
255, 38, 811, 490, 810, 486, 1, 4, 1.3258176636680326, 4.123105625617661
255, 39, 627, 248, 626, 245, 1, 3, 1.2490457723982544, 3.1622776601683795
255, 40, 1239, 89, 1243, 90, -4, -1, -2.896613990462929, 4.123105625617661
255, 42, 473, 264, 473, 269, 0, -5, -1.5707963267948966, 5.0
255, 43, 335, 701, 335, 711, 0, -10, -1.5707963267948966, 10.0
255, 46, 1221, 330, 1221, 328, 0, 2, 1.5707963267948966, 2.0
255, 47, 998, 23, 999, 27, -1, -4, -1.8157749899217608, 4.123105625617661
255, 48, 502, 201, 502, 205, 0, -4, -1.5707963267948966, 4.0
255, 49, 915, 701, 918, 709, -3, -8, -1.9295669970654687, 8.54400374531753
255, 50, 1258, 68, 1261, 71, -3, -3, -2.356194490192345, 4.242640687119285
255, 51, 586, 27, 586, 29, 0, -2, -1.5707963267948966, 2.0
255, 52, 854, 475, 854, 472, 0, 3, 1.5707963267948966, 3.0
255, 54, 1261, 78, 1272, 80, -11, -2, -2.961739153797315, 11.180339887498949
255, 58, 514, 451, 514, 457, 0, -6, -1.5707963267948966, 6.0
255, 59, 470, 24, 470, 26, 0, -2, -1.5707963267948966, 2.0
255, 60, 864, 22, 863, 24, 1, -2, -1.1071487177940904, 2.23606797749979
255, 61, 487, 183, 486, 188, 1, -5, -1.373400766945016, 5.0990195135927845
255, 62, 615, 308, 614, 304, 1, 4, 1.3258176636680326, 4.123105625617661
255, 64, 1009, 68, 1010, 70, -1, -2, -2.0344439357957027, 2.23606797749979
255, 65, 460, 255, 459, 259, 1, -4, -1.3258176636680326, 4.123105625617661
255, 66, 148, 696, 146, 693, 2, 3, 0.982793723247329, 3.605551275463989
255, 67, 1230, 319, 1230, 315, 0, 4, 1.5707963267948966, 4.0
255, 68, 130, 12, 129, 13, 1, -1, -0.7853981633974483, 1.4142135623730951
255, 69, 842, 203, 842, 205, 0, -2, -1.5707963267948966, 2.0
255, 70, 560, 18, 560, 20, 0, -2, -1.5707963267948966, 2.0
255, 73, 97, 10, 95, 11, 2, -1, -0.4636476090008061, 2.23606797749979
255, 75, 920, 640, 925, 644, -5, -4, -2.4668517113662407, 6.4031242374328485
255, 77, 479, 60, 476, 60, 3, 0, 0.0, 3.0
255, 78, 696, 136, 696, 140, 0, -4, -1.5707963267948966, 4.0
255, 79, 503, 476, 503, 481, 0, -5, -1.5707963267948966, 5.0
255, 81, 858, 499, 857, 496, 1, 3, 1.2490457723982544, 3.1622776601683795
255, 83, 711, 515, 711, 510, 0, 5, 1.5707963267948966, 5.0
255, 85, 464, 261, 463, 265, 1, -4, -1.3258176636680326, 4.123105625617661
255, 87, 491, 293, 491, 296, 0, -3, -1.5707963267948966, 3.0
255, 90, 644, 301, 643, 299, 1, 2, 1.1071487177940904, 2.23606797749979
255, 92, 310, 385, 308, 386, 2, -1, -0.4636476090008061, 2.23606797749979
255, 93, 887, 682, 889, 688, -2, -6, -1.892546881191539, 6.324555320336759
255, 95, 1232, 280, 1232, 277, 0, 3, 1.5707963267948966, 3.0
255, 97, 856, 131, 856, 135, 0, -4, -1.5707963267948966, 4.0
255, 100, 1198, 382, 1200, 380, -2, 2, 2.356194490192345, 2.8284271247461903
255, 101, 678, 550, 678, 546, 0, 4, 1.5707963267948966, 4.0
255, 105, 735, 77, 736, 80, -1, -3, -1.892546881191539, 3.1622776601683795
255, 109, 835, 132, 835, 136, 0, -4, -1.5707963267948966, 4.0
255, 111, 982, 60, 984, 63, -2, -3, -2.158798930342464, 3.605551275463989
255, 112, 704, 217, 703, 223, 1, -6, -1.4056476493802699, 6.082762530298219
255, 113, 1215, 119, 1218, 123, -3, -4, -2.214297435588181, 5.0
255, 114, 708, 506, 707, 502, 1, 4, 1.3258176636680326, 4.123105625617661
255, 115, 325, 663, 327, 660, -2, 3, 2.158798930342464, 3.605551275463989
255, 116, 341, 612, 342, 608, -1, 4, 1.8157749899217608, 4.123105625617661
255, 117, 141, 701, 138, 707, 3, -6, -1.1071487177940904, 6.708203932499369
255, 119, 1234, 222, 1233, 221, 1, 1, 0.7853981633974483, 1.4142135623730951
255, 121, 704, 137, 704, 141, 0, -4, -1.5707963267948966, 4.0
255, 122, 505, 509, 505, 511, 0, -2, -1.5707963267948966, 2.0
255, 123, 1261, 93, 1268, 95, -7, -2, -2.8632929945846817, 7.280109889280518
255, 125, 689, 596, 688, 593, 1, 3, 1.2490457723982544, 3.1622776601683795
255, 128, 637, 341, 637, 339, 0, 2, 1.5707963267948966, 2.0
255, 129, 186, 664, 185, 661, 1, 3, 1.2490457723982544, 3.1622776601683795
255, 134, 638, 290, 637, 288, 1, 2, 1.1071487177940904, 2.23606797749979
255, 138, 1006, 57, 1007, 59, -1, -2, -2.0344439357957027, 2.23606797749979
255, 141, 1186, 315, 1186, 312, 0, 3, 1.5707963267948966, 3.0
255, 143, 700, 506, 699, 502, 1, 4, 1.3258176636680326, 4.123105625617661
255, 144, 319, 384, 318, 385, 1, -1, -0.7853981633974483, 1.4142135623730951
255, 145, 863, 145, 863, 149, 0, -4, -1.5707963267948966, 4.0
256, 3, 850, 123, 851, 126, -1, -3, -1.892546881191539, 3.1622776601683795
256, 5, 1021, 696, 1022, 701, -1, -5, -1.7681918866447774, 5.0990195135927845
256, 6, 194, 657, 193, 654, 1, 3, 1.2490457723982544, 3.1622776601683795
256, 7, 483, 188, 483, 193, 0, -5, -1.5707963267948966, 5.0
256, 8, 537, 540, 537, 543, 0, -3, -1.5707963267948966, 3.0
256, 12, 822, 480, 822, 475, 0, 5, 1.5707963267948966, 5.0
256, 13, 890, 700, 894, 701, -4, -1, -2.896613990462929, 4.123105625617661
256, 14, 468, 234, 468, 238, 0, -4, -1.5707963267948966, 4.0
256, 15, 851, 456, 851, 453, 0, 3, 1.5707963267948966, 3.0
256, 16, 1038, 694, 1040, 701, -2, -7, -1.849095985800008, 7.280109889280518
256, 18, 473, 59, 470, 59, 3, 0, 0.0, 3.0
256, 19, 495, 188, 495, 193, 0, -5, -1.5707963267948966, 5.0
256, 20, 495, 506, 495, 508, 0, -2, -1.5707963267948966, 2.0
256, 21, 16, 197, 14, 196, 2, 1, 0.4636476090008061, 2.23606797749979
256, 22, 1001, 10, 1003, 14, -2, -4, -2.0344439357957027, 4.47213595499958
256, 23, 840, 122, 841, 125, -1, -3, -1.892546881191539, 3.1622776601683795
256, 24, 696, 519, 695, 516, 1, 3, 1.2490457723982544, 3.1622776601683795
256, 25, 535, 516, 536, 520, -1, -4, -1.8157749899217608, 4.123105625617661
256, 26, 195, 691, 194, 689, 1, 2, 1.1071487177940904, 2.23606797749979
256, 27, 469, 74, 466, 75, 3, -1, -0.3217505543966422, 3.1622776601683795
256, 28, 696, 145, 696, 149, 0, -4, -1.5707963267948966, 4.0
256, 31, 833, 454, 833, 450, 0, 4, 1.5707963267948966, 4.0
256, 32, 503, 237, 503, 241, 0, -4, -1.5707963267948966, 4.0
256, 34, 703, 145, 703, 149, 0, -4, -1.5707963267948966, 4.0
256, 35, 1005, 21, 1007, 25, -2, -4, -2.0344439357957027, 4.47213595499958
256, 36, 847, 112, 848, 115, -1, -3, -1.892546881191539, 3.1622776601683795
256, 37, 813, 493, 811, 490, 2, 3, 0.982793723247329, 3.605551275463989
256, 38, 627, 250, 627, 248, 0, 2, 1.5707963267948966, 2.0
256, 39, 1235, 88, 1239, 89, -4, -1, -2.896613990462929, 4.123105625617661
256, 40, 473, 260, 473, 264, 0, -4, -1.5707963267948966, 4.0
256, 44, 1221, 332, 1221, 330, 0, 2, 1.5707963267948966, 2.0
256, 45, 996, 20, 998, 23, -2, -3, -2.158798930342464, 3.605551275463989
256, 46, 502, 197, 502, 201, 0, -4, -1.5707963267948966, 4.0
256, 47, 912, 696, 915, 701, -3, -5, -2.1112158270654806, 5.830951894845301
256, 48, 1255, 65, 1258, 68, -3, -3, -2.356194490192345, 4.242640687119285
256, 49, 586, 25, 586, 27, 0, -2, -1.5707963267948966, 2.0
256, 50, 854, 478, 854, 475, 0, 3, 1.5707963267948966, 3.0
256, 51, 1258, 75, 1261, 78, -3, -3, -2.356194490192345, 4.242640687119285
256, 55, 514, 444, 514, 451, 0, -7, -1.5707963267948966, 7.0
256, 56, 470, 22, 470, 24, 0, -2, -1.5707963267948966, 2.0
256, 57, 865, 20, 864, 22, 1, -2, -1.1071487177940904, 2.23606797749979
256, 58, 487, 178, 487, 183, 0, -5, -1.5707963267948966, 5.0
256, 59, 616, 311, 615, 308, 1, 3, 1.2490457723982544, 3.1622776601683795
256, 61, 1008, 66, 1009, 68, -1, -2, -2.0344439357957027, 2.23606797749979
256, 62, 460, 251, 460, 255, 0, -4, -1.5707963267948966, 4.0
256, 63, 149, 698, 148, 696, 1, 2, 1.1071487177940904, 2.23606797749979
256, 64, 1230, 322, 1230, 319, 0, 3, 1.5707963267948966, 3.0
256, 66, 842, 201, 842, 203, 0, -2, -1.5707963267948966, 2.0
256, 67, 560, 16, 560, 18, 0, -2, -1.5707963267948966, 2.0
256, 70, 99, 10, 97, 10, 2, 0, 0.0, 2.0
256, 72, 916, 636, 920, 640, -4, -4, -2.356194490192345, 5.656854249492381
256, 74, 482, 61, 479, 60, 3, 1, 0.3217505543966422, 3.1622776601683795
256, 75, 696, 132, 696, 136, 0, -4, -1.5707963267948966, 4.0
256, 76, 503, 471, 503, 476, 0, -5, -1.5707963267948966, 5.0
256, 78, 859, 502, 858, 499, 1, 3, 1.2490457723982544, 3.1622776601683795
256, 80, 711, 519, 711, 515, 0, 4, 1.5707963267948966, 4.0
256, 81, 465, 257, 464, 261, 1, -4, -1.3258176636680326, 4.123105625617661
256, 83, 490, 290, 491, 293, -1, -3, -1.892546881191539, 3.1622776601683795
256, 86, 645, 303, 644, 301, 1, 2, 1.1071487177940904, 2.23606797749979
256, 88, 311, 384, 310, 385, 1, -1, -0.7853981633974483, 1.4142135623730951
256, 89, 885, 677, 887, 682, -2, -5, -1.9513027039072615, 5.385164807134504
256, 91, 1232, 282, 1232, 280, 0, 2, 1.5707963267948966, 2.0
256, 93, 856, 127, 856, 131, 0, -4, -1.5707963267948966, 4.0
256, 96, 1197, 384, 1198, 382, -1, 2, 2.0344439357957027, 2.23606797749979
256, 97, 678, 554, 678, 550, 0, 4, 1.5707963267948966, 4.0
256, 101, 734, 73, 735, 77, -1, -4, -1.8157749899217608, 4.123105625617661
256, 104, 835, 129, 835, 132, 0, -3, -1.5707963267948966, 3.0
256, 106, 980, 56, 982, 60, -2, -4, -2.0344439357957027, 4.47213595499958
256, 107, 704, 214, 704, 217, 0, -3, -1.5707963267948966, 3.0
256, 108, 1212, 116, 1215, 119, -3, -3, -2.356194490192345, 4.242640687119285
256, 109, 708, 510, 708, 506, 0, 4, 1.5707963267948966, 4.0
256, 110, 323, 666, 325, 663, -2, 3, 2.158798930342464, 3.605551275463989
256, 111, 340, 616, 341, 612, -1, 4, 1.8157749899217608, 4.123105625617661
256, 112, 143, 701, 141, 701, 2, 0, 0.0, 2.0
256, 114, 1236, 224, 1234, 222, 2, 2, 0.7853981633974483, 2.8284271247461903
256, 116, 704, 133, 704, 137, 0, -4, -1.5707963267948966, 4.0
256, 117, 505, 507, 505, 509, 0, -2, -1.5707963267948966, 2.0
256, 118, 1257, 91, 1261, 93, -4, -2, -2.677945044588987, 4.47213595499958
256, 119, 689, 599, 689, 596, 0, 3, 1.5707963267948966, 3.0
256, 123, 187, 667, 186, 664, 1, 3, 1.2490457723982544, 3.1622776601683795
256, 128, 638, 292, 638, 290, 0, 2, 1.5707963267948966, 2.0
256, 131, 1004, 55, 1006, 57, -2, -2, -2.356194490192345, 2.8284271247461903
256, 134, 1187, 318, 1186, 315, 1, 3, 1.2490457723982544, 3.1622776601683795
256, 136, 700, 510, 700, 506, 0, 4, 1.5707963267948966, 4.0
256, 138, 863, 142, 863, 145, 0, -3, -1.5707963267948966, 3.0
257, 3, 850, 120, 850, 123, 0, -3, -1.5707963267948966, 3.0
257, 5, 1020, 691, 1021, 696, -1, -5, -1.7681918866447774, 5.0990195135927845
257, 6, 195, 660, 194, 657, 1, 3, 1.2490457723982544, 3.1622776601683795
257, 7, 483, 183, 483, 188, 0, -5, -1.5707963267948966, 5.0
257, 8, 537, 536, 537, 540, 0, -4, -1.5707963267948966, 4.0
257, 12, 822, 485, 822, 480, 0, 5, 1.5707963267948966, 5.0
257, 13, 885, 700, 890, 700, -5, 0, 3.141592653589793, 5.0
257, 14, 468, 230, 468, 234, 0, -4, -1.5707963267948966, 4.0
257, 15, 851, 458, 851, 456, 0, 2, 1.5707963267948966, 2.0
257, 16, 1037, 688, 1038, 694, -1, -6, -1.7359450042095235, 6.082762530298219
257, 18, 476, 59, 473, 59, 3, 0, 0.0, 3.0
257, 19, 495, 183, 495, 188, 0, -5, -1.5707963267948966, 5.0
257, 20, 495, 503, 495, 506, 0, -3, -1.5707963267948966, 3.0
257, 21, 18, 198, 16, 197, 2, 1, 0.4636476090008061, 2.23606797749979
257, 22, 999, 9, 1001, 10, -2, -1, -2.677945044588987, 2.23606797749979
257, 23, 840, 119, 840, 122, 0, -3, -1.5707963267948966, 3.0
257, 24, 697, 523, 696, 519, 1, 4, 1.3258176636680326, 4.123105625617661
257, 25, 535, 512, 535, 516, 0, -4, -1.5707963267948966, 4.0
257, 26, 196, 694, 195, 691, 1, 3, 1.2490457723982544, 3.1622776601683795
257, 27, 472, 74, 469, 74, 3, 0, 0.0, 3.0
257, 28, 696, 141, 696, 145, 0, -4, -1.5707963267948966, 4.0
257, 31, 833, 457, 833, 454, 0, 3, 1.5707963267948966, 3.0
257, 32, 504, 232, 503, 237, 1, -5, -1.373400766945016, 5.0990195135927845
257, 33, 158, 701, 156, 701, 2, 0, 0.0, 2.0
257, 34, 703, 141, 703, 145, 0, -4, -1.5707963267948966, 4.0
257, 35, 1003, 18, 1005, 21, -2, -3, -2.158798930342464, 3.605551275463989
257, 36, 846, 109, 847, 112, -1, -3, -1.892546881191539, 3.1622776601683795
257, 37, 814, 496, 813, 493, 1, 3, 1.2490457723982544, 3.1622776601683795
257, 38, 628, 253, 627, 250, 1, 3, 1.2490457723982544, 3.1622776601683795
257, 39, 1231, 86, 1235, 88, -4, -2, -2.677945044588987, 4.47213595499958
257, 40, 473, 257, 473, 260, 0, -3, -1.5707963267948966, 3.0
257, 44, 994, 16, 996, 20, -2, -4, -2.0344439357957027, 4.47213595499958
257, 45, 502, 193, 502, 197, 0, -4, -1.5707963267948966, 4.0
257, 46, 910, 691, 912, 696, -2, -5, -1.9513027039072615, 5.385164807134504
257, 47, 1252, 61, 1255, 65, -3, -4, -2.214297435588181, 5.0
257, 48, 585, 23, 586, 25, -1, -2, -2.0344439357957027, 2.23606797749979
257, 49, 854, 480, 854, 478, 0, 2, 1.5707963267948966, 2.0
257, 50, 1255, 71, 1258, 75, -3, -4, -2.214297435588181, 5.0
257, 54, 513, 437, 514, 444, -1, -7, -1.7126933813990606, 7.0710678118654755
257, 55, 470, 20, 470, 22, 0, -2, -1.5707963267948966, 2.0
257, 56, 866, 19, 865, 20, 1, -1, -0.7853981633974483, 1.4142135623730951
257, 57, 487, 173, 487, 178, 0, -5, -1.5707963267948966, 5.0
257, 58, 617, 314, 616, 311, 1, 3, 1.2490457723982544, 3.1622776601683795
257, 60, 1007, 64, 1008, 66, -1, -2, -2.0344439357957027, 2.23606797749979
257, 61, 461, 247, 460, 251, 1, -4, -1.3258176636680326, 4.123105625617661
257, 62, 151, 700, 149, 698, 2, 2, 0.7853981633974483, 2.8284271247461903
257, 63, 1230, 324, 1230, 322, 0, 2, 1.5707963267948966, 2.0
257, 65, 842, 199, 842, 201, 0, -2, -1.5707963267948966, 2.0
257, 66, 560, 14, 560, 16, 0, -2, -1.5707963267948966, 2.0
257, 69, 101, 10, 99, 10, 2, 0, 0.0, 2.0
257, 71, 912, 631, 916, 636, -4, -5, -2.2455372690184494, 6.4031242374328485
257, 73, 483, 63, 482, 61, 1, 2, 1.1071487177940904, 2.23606797749979
257, 74, 696, 128, 696, 132, 0, -4, -1.5707963267948966, 4.0
257, 75, 503, 466, 503, 471, 0, -5, -1.5707963267948966, 5.0
257, 77, 860, 505, 859, 502, 1, 3, 1.2490457723982544, 3.1622776601683795
257, 79, 711, 523, 711, 519, 0, 4, 1.5707963267948966, 4.0
257, 80, 466, 253, 465, 257, 1, -4, -1.3258176636680326, 4.123105625617661
257, 82, 489, 285, 490, 290, -1, -5, -1.7681918866447774, 5.0990195135927845
257, 86, 312, 383, 311, 384, 1, -1, -0.7853981633974483, 1.4142135623730951
257, 87, 882, 673, 885, 677, -3, -4, -2.214297435588181, 5.0
257, 88, 1233, 284, 1232, 282, 1, 2, 1.1071487177940904, 2.23606797749979
257, 90, 856, 124, 856, 127, 0, -3, -1.5707963267948966, 3.0
257, 94, 678, 558, 678, 554, 0, 4, 1.5707963267948966, 4.0
257, 98, 734, 69, 734, 73, 0, -4, -1.5707963267948966, 4.0
257, 101, 835, 126, 835, 129, 0, -3, -1.5707963267948966, 3.0
257, 103, 978, 52, 980, 56, -2, -4, -2.0344439357957027, 4.47213595499958
257, 104, 704, 211, 704, 214, 0, -3, -1.5707963267948966, 3.0
257, 105, 1209, 112, 1212, 116, -3, -4, -2.214297435588181, 5.0
257, 106, 708, 514, 708, 510, 0, 4, 1.5707963267948966, 4.0
257, 107, 321, 670, 323, 666, -2, 4, 2.0344439357957027, 4.47213595499958
257, 108, 339, 619, 340, 616, -1, 3, 1.892546881191539, 3.1622776601683795
257, 109, 145, 701, 143, 701, 2, 0, 0.0, 2.0
257, 111, 1238, 226, 1236, 224, 2, 2, 0.7853981633974483, 2.8284271247461903
257, 113, 704, 129, 704, 133, 0, -4, -1.5707963267948966, 4.0
257, 114, 505, 504, 505, 507, 0, -3, -1.5707963267948966, 3.0
257, 115, 1253, 89, 1257, 91, -4, -2, -2.677945044588987, 4.47213595499958
257, 116, 689, 602, 689, 599, 0, 3, 1.5707963267948966, 3.0
257, 120, 189, 670, 187, 667, 2, 3, 0.982793723247329, 3.605551275463989
257, 125, 638, 294, 638, 292, 0, 2, 1.5707963267948966, 2.0
257, 127, 1002, 53, 1004, 55, -2, -2, -2.356194490192345, 2.8284271247461903
257, 130, 1187, 320, 1187, 318, 0, 2, 1.5707963267948966, 2.0
257, 132, 701, 514, 700, 510, 1, 4, 1.3258176636680326, 4.123105625617661
257, 134, 863, 139, 863, 142, 0, -3, -1.5707963267948966, 3.0
258, 2, 849, 116, 850, 120, -1, -4, -1.8157749899217608, 4.123105625617661
258, 4, 1019, 687, 1020, 691, -1, -4, -1.8157749899217608, 4.123105625617661
258, 5, 195, 663, 195, 660, 0, 3, 1.5707963267948966, 3.0
258, 6, 482, 179, 483, 183, -1, -4, -1.8157749899217608, 4.123105625617661
258, 7, 537, 532, 537, 536, 0, -4, -1.5707963267948966, 4.0
258, 10, 823, 489, 822, 485, 1, 4, 1.3258176636680326, 4.123105625617661
258, 11, 881, 695, 885, 700, -4, -5, -2.2455372690184494, 6.4031242374328485
258, 12, 468, 226, 468, 230, 0, -4, -1.5707963267948966, 4.0
258, 13, 852, 463, 851, 458, 1, 5, 1.373400766945016, 5.0990195135927845
258, 14, 1035, 681, 1037, 688, -2, -7, -1.849095985800008, 7.280109889280518
258, 16, 479, 60, 476, 59, 3, 1, 0.3217505543966422, 3.1622776601683795
258, 17, 494, 179, 495, 183, -1, -4, -1.8157749899217608, 4.123105625617661
258, 18, 495, 500, 495, 503, 0, -3, -1.5707963267948966, 3.0
258, 19, 21, 199, 18, 198, 3, 1, 0.3217505543966422, 3.1622776601683795
258, 20, 839, 115, 840, 119, -1, -4, -1.8157749899217608, 4.123105625617661
258, 21, 699, 526, 697, 523, 2, 3, 0.982793723247329, 3.605551275463989
258, 22, 534, 510, 535, 512, -1, -2, -2.0344439357957027, 2.23606797749979
258, 23, 196, 696, 196, 694, 0, 2, 1.5707963267948966, 2.0
258, 24, 473, 77, 472, 74, 1, 3, 1.2490457723982544, 3.1622776601683795
258, 25, 696, 136, 696, 141, 0, -5, -1.5707963267948966, 5.0
258, 28, 834, 460, 833, 457, 1, 3, 1.2490457723982544, 3.1622776601683795
258, 29, 505, 226, 504, 232, 1, -6, -1.4056476493802699, 6.082762530298219
258, 30, 159, 700, 158, 701, 1, -1, -0.7853981633974483, 1.4142135623730951
258, 31, 703, 137, 703, 141, 0, -4, -1.5707963267948966, 4.0
258, 32, 1000, 14, 1003, 18, -3, -4, -2.214297435588181, 5.0
258, 33, 845, 105, 846, 109, -1, -4, -1.8157749899217608, 4.123105625617661
258, 35, 629, 257, 628, 253, 1, 4, 1.3258176636680326, 4.123105625617661
258, 36, 1227, 83, 1231, 86, -4, -3, -2.498091544796509, 5.0
258, 37, 474, 253, 473, 257, 1, -4, -1.3258176636680326, 4.123105625617661
258, 38, 642, 29, 643, 28, -1, 1, 2.356194490192345, 1.4142135623730951
258, 40, 1223, 337, 1221, 333, 2, 4, 1.1071487177940904, 4.47213595499958
258, 41, 991, 12, 994, 16, -3, -4, -2.214297435588181, 5.0
258, 42, 502, 189, 502, 193, 0, -4, -1.5707963267948966, 4.0
258, 43, 907, 687, 910, 691, -3, -4, -2.214297435588181, 5.0
258, 44, 1248, 58, 1252, 61, -4, -3, -2.498091544796509, 5.0
258, 45, 855, 483, 854, 480, 1, 3, 1.2490457723982544, 3.1622776601683795
258, 46, 1252, 68, 1255, 71, -3, -3, -2.356194490192345, 4.242640687119285
258, 48, 512, 428, 513, 437, -1, -9, -1.6814535479687922, 9.055385138137417
258, 50, 868, 17, 866, 19, 2, -2, -0.7853981633974483, 2.8284271247461903
258, 51, 486, 168, 487, 173, -1, -5, -1.7681918866447774, 5.0990195135927845
258, 52, 618, 318, 617, 314, 1, 4, 1.3258176636680326, 4.123105625617661
258, 53, 829, 158, 829, 160, 0, -2, -1.5707963267948966, 2.0
258, 54, 1005, 61, 1007, 64, -2, -3, -2.158798930342464, 3.605551275463989
258, 55, 462, 243, 461, 247, 1, -4, -1.3258176636680326, 4.123105625617661
258, 56, 152, 699, 151, 700, 1, -1, -0.7853981633974483, 1.4142135623730951
258, 57, 1232, 327, 1230, 324, 2, 3, 0.982793723247329, 3.605551275463989
258, 59, 842, 196, 842, 199, 0, -3, -1.5707963267948966, 3.0
258, 60, 560, 12, 560, 14, 0, -2, -1.5707963267948966, 2.0
258, 61, 332, 354, 332, 356, 0, -2, -1.5707963267948966, 2.0
258, 63, 105, 10, 101, 10, 4, 0, 0.0, 4.0
258, 65, 907, 626, 912, 631, -5, -5, -2.356194490192345, 7.0710678118654755
258, 67, 484, 64, 483, 63, 1, 1, 0.7853981633974483, 1.4142135623730951
258, 68, 696, 123, 696, 128, 0, -5, -1.5707963267948966, 5.0
258, 69, 503, 460, 503, 466, 0, -6, -1.5707963267948966, 6.0
258, 71, 862, 506, 860, 505, 2, 1, 0.4636476090008061, 2.23606797749979
258, 72, 1245, 197, 1245, 195, 0, 2, 1.5707963267948966, 2.0
258, 73, 710, 526, 711, 523, -1, 3, 1.892546881191539, 3.1622776601683795
258, 74, 467, 249, 466, 253, 1, -4, -1.3258176636680326, 4.123105625617661
258, 75, 141, 149, 143, 148, -2, 1, 2.677945044588987, 2.23606797749979
258, 76, 488, 279, 489, 285, -1, -6, -1.7359450042095235, 6.082762530298219
258, 77, 646, 307, 645, 304, 1, 3, 1.2490457723982544, 3.1622776601683795
258, 79, 879, 670, 882, 673, -3, -3, -2.356194490192345, 4.242640687119285
258, 80, 1234, 287, 1233, 284, 1, 3, 1.2490457723982544, 3.1622776601683795
258, 82, 855, 120, 856, 124, -1, -4, -1.8157749899217608, 4.123105625617661
258, 84, 679, 561, 678, 558, 1, 3, 1.2490457723982544, 3.1622776601683795
258, 88, 733, 64, 734, 69, -1, -5, -1.7681918866447774, 5.0990195135927845
258, 89, 1191, 363, 1192, 362, -1, 1, 2.356194490192345, 1.4142135623730951
258, 90, 834, 122, 835, 126, -1, -4, -1.8157749899217608, 4.123105625617661
258, 92, 976, 48, 978, 52, -2, -4, -2.0344439357957027, 4.47213595499958
258, 93, 704, 208, 704, 211, 0, -3, -1.5707963267948966, 3.0
258, 94, 1205, 110, 1209, 112, -4, -2, -2.677945044588987, 4.47213595499958
258, 95, 708, 518, 708, 514, 0, 4, 1.5707963267948966, 4.0
258, 96, 318, 674, 321, 670, -3, 4, 2.214297435588181, 5.0
258, 97, 335, 621, 339, 619, -4, 2, 2.677945044588987, 4.47213595499958
258, 98, 146, 699, 145, 701, 1, -2, -1.1071487177940904, 2.23606797749979
258, 102, 704, 124, 704, 129, 0, -5, -1.5707963267948966, 5.0
258, 103, 505, 501, 505, 504, 0, -3, -1.5707963267948966, 3.0
258, 104, 1248, 87, 1253, 89, -5, -2, -2.761086276477428, 5.385164807134504
258, 105, 687, 605, 689, 602, -2, 3, 2.158798930342464, 3.605551275463989
258, 109, 188, 672, 189, 670, -1, 2, 2.0344439357957027, 2.23606797749979
258, 113, 639, 297, 638, 294, 1, 3, 1.2490457723982544, 3.1622776601683795
258, 114, 64, 108, 64, 110, 0, -2, -1.5707963267948966, 2.0
258, 115, 1000, 48, 1002, 53, -2, -5, -1.9513027039072615, 5.385164807134504
258, 116, 1256, 201, 1255, 199, 1, 2, 1.1071487177940904, 2.23606797749979
258, 117, 1246, 222, 1244, 222, 2, 0, 0.0, 2.0
258, 118, 1188, 323, 1187, 320, 1, 3, 1.2490457723982544, 3.1622776601683795
258, 120, 702, 517, 701, 514, 1, 3, 1.2490457723982544, 3.1622776601683795
258, 122, 862, 136, 863, 139, -1, -3, -1.892546881191539, 3.1622776601683795
259, 2, 848, 114, 849, 116, -1, -2, -2.0344439357957027, 2.23606797749979
259, 4, 1018, 682, 1019, 687, -1, -5, -1.7681918866447774, 5.0990195135927845
259, 5, 195, 665, 195, 663, 0, 2, 1.5707963267948966, 2.0
259, 6, 482, 175, 482, 179, 0, -4, -1.5707963267948966, 4.0
259, 7, 536, 528, 537, 532, -1, -4, -1.8157749899217608, 4.123105625617661
259, 10, 824, 490, 823, 489, 1, 1, 0.7853981633974483, 1.4142135623730951
259, 11, 878, 697, 881, 695, -3, 2, 2.5535900500422257, 3.605551275463989
259, 12, 468, 223, 468, 226, 0, -3, -1.5707963267948966, 3.0
259, 13, 853, 466, 852, 463, 1, 3, 1.2490457723982544, 3.1622776601683795
259, 14, 1034, 675, 1035, 681, -1, -6, -1.7359450042095235, 6.082762530298219
259, 16, 481, 61, 479, 60, 2, 1, 0.4636476090008061, 2.23606797749979
259, 17, 494, 175, 494, 179, 0, -4, -1.5707963267948966, 4.0
259, 18, 495, 497, 495, 500, 0, -3, -1.5707963267948966, 3.0
259, 20, 838, 113, 839, 115, -1, -2, -2.0344439357957027, 2.23606797749979
259, 21, 701, 529, 699, 526, 2, 3, 0.982793723247329, 3.605551275463989
259, 22, 534, 506, 534, 510, 0, -4, -1.5707963267948966, 4.0
259, 23, 196, 700, 196, 696, 0, 4, 1.5707963267948966, 4.0
259, 24, 475, 79, 473, 77, 2, 2, 0.7853981633974483, 2.8284271247461903
259, 25, 696, 133, 696, 136, 0, -3, -1.5707963267948966, 3.0
259, 27, 834, 463, 834, 460, 0, 3, 1.5707963267948966, 3.0
259, 28, 505, 221, 505, 226, 0, -5, -1.5707963267948966, 5.0
259, 29, 161, 701, 159, 700, 2, 1, 0.4636476090008061, 2.23606797749979
259, 30, 703, 134, 703, 137, 0, -3, -1.5707963267948966, 3.0
259, 31, 998, 13, 1000, 14, -2, -1, -2.677945044588987, 2.23606797749979
259, 32, 844, 103, 845, 105, -1, -2, -2.0344439357957027, 2.23606797749979
259, 34, 629, 261, 629, 257, 0, 4, 1.5707963267948966, 4.0
259, 35, 1223, 81, 1227, 83, -4, -2, -2.677945044588987, 4.47213595499958
259, 36, 474, 249, 474, 253, 0, -4, -1.5707963267948966, 4.0
259, 39, 1223, 339, 1223, 337, 0, 2, 1.5707963267948966, 2.0
259, 40, 988, 11, 991, 12, -3, -1, -2.819842099193151, 3.1622776601683795
259, 41, 501, 185, 502, 189, -1, -4, -1.8157749899217608, 4.123105625617661
259, 42, 903, 682, 907, 687, -4, -5, -2.2455372690184494, 6.4031242374328485
259, 43, 1245, 55, 1248, 58, -3, -3, -2.356194490192345, 4.242640687119285
259, 44, 855, 485, 855, 483, 0, 2, 1.5707963267948966, 2.0
259, 45, 1249, 65, 1252, 68, -3, -3, -2.356194490192345, 4.242640687119285
259, 47, 512, 424, 512, 428, 0, -4, -1.5707963267948966, 4.0
259, 49, 869, 16, 868, 17, 1, -1, -0.7853981633974483, 1.4142135623730951
259, 50, 486, 164, 486, 168, 0, -4, -1.5707963267948966, 4.0
259, 51, 618, 321, 618, 318, 0, 3, 1.5707963267948966, 3.0
259, 52, 829, 156, 829, 158, 0, -2, -1.5707963267948966, 2.0
259, 53, 1004, 57, 1005, 61, -1, -4, -1.8157749899217608, 4.123105625617661
259, 54, 463, 239, 462, 243, 1, -4, -1.3258176636680326, 4.123105625617661
259, 55, 154, 701, 152, 699, 2, 2, 0.7853981633974483, 2.8284271247461903
259, 56, 1232, 329, 1232, 327, 0, 2, 1.5707963267948966, 2.0
259, 57, 132, 10, 130, 10, 2, 0, 0.0, 2.0
259, 58, 842, 194, 842, 196, 0, -2, -1.5707963267948966, 2.0
259, 64, 902, 622, 907, 626, -5, -4, -2.4668517113662407, 6.4031242374328485
259, 65, 485, 65, 484, 64, 1, 1, 0.7853981633974483, 1.4142135623730951
259, 66, 696, 120, 696, 123, 0, -3, -1.5707963267948966, 3.0
259, 67, 502, 455, 503, 460, -1, -5, -1.7681918866447774, 5.0990195135927845
259, 71, 710, 530, 710, 526, 0, 4, 1.5707963267948966, 4.0
259, 72, 468, 245, 467, 249, 1, -4, -1.3258176636680326, 4.123105625617661
259, 74, 487, 276, 488, 279, -1, -3, -1.892546881191539, 3.1622776601683795
259, 75, 646, 310, 646, 307, 0, 3, 1.5707963267948966, 3.0
259, 77, 875, 669, 879, 670, -4, -1, -2.896613990462929, 4.123105625617661
259, 78, 1234, 289, 1234, 287, 0, 2, 1.5707963267948966, 2.0
259, 80, 854, 118, 855, 120, -1, -2, -2.0344439357957027, 2.23606797749979
259, 81, 679, 564, 679, 561, 0, 3, 1.5707963267948966, 3.0
259, 84, 732, 62, 733, 64, -1, -2, -2.0344439357957027, 2.23606797749979
259, 85, 1189, 366, 1191, 363, -2, 3, 2.158798930342464, 3.605551275463989
259, 86, 833, 120, 834, 122, -1, -2, -2.0344439357957027, 2.23606797749979
259, 88, 975, 46, 976, 48, -1, -2, -2.0344439357957027, 2.23606797749979
259, 89, 704, 206, 704, 208, 0, -2, -1.5707963267948966, 2.0
259, 90, 1202, 109, 1205, 110, -3, -1, -2.819842099193151, 3.1622776601683795
259, 91, 709, 522, 708, 518, 1, 4, 1.3258176636680326, 4.123105625617661
259, 92, 315, 676, 318, 674, -3, 2, 2.5535900500422257, 3.605551275463989
259, 93, 332, 624, 335, 621, -3, 3, 2.356194490192345, 4.242640687119285
259, 94, 148, 701, 146, 699, 2, 2, 0.7853981633974483, 2.8284271247461903
259, 98, 704, 121, 704, 124, 0, -3, -1.5707963267948966, 3.0
259, 99, 505, 498, 505, 501, 0, -3, -1.5707963267948966, 3.0
259, 100, 1244, 86, 1248, 87, -4, -1, -2.896613990462929, 4.123105625617661
259, 101, 686, 608, 687, 605, -1, 3, 1.892546881191539, 3.1622776601683795
259, 105, 190, 675, 188, 672, 2, 3, 0.982793723247329, 3.605551275463989
259, 106, 639, 300, 639, 297, 0, 3, 1.5707963267948966, 3.0
259, 107, 997, 46, 1000, 48, -3, -2, -2.5535900500422257, 3.605551275463989
259, 110, 1188, 325, 1188, 323, 0, 2, 1.5707963267948966, 2.0
259, 112, 703, 521, 702, 517, 1, 4, 1.3258176636680326, 4.123105625617661
259, 114, 861, 134, 862, 136, -1, -2, -2.0344439357957027, 2.23606797749979
260, 1, 885, 701, 887, 703, -2, -2, -2.356194490192345, 2.8284271247461903
260, 2, 851, 120, 852, 122, -1, -2, -2.0344439357957027, 2.23606797749979
260, 3, 1040, 686, 1041, 692, -1, -6, -1.7359450042095235, 6.082762530298219
260, 6, 1021, 685, 1021, 690, 0, -5, -1.5707963267948966, 5.0
260, 9, 495, 182, 495, 186, 0, -4, -1.5707963267948966, 4.0
260, 11, 840, 120, 841, 123, -1, -3, -1.892546881191539, 3.1622776601683795
260, 13, 497, 501, 497, 504, 0, -3, -1.5707963267948966, 3.0
260, 15, 701, 144, 701, 147, 0, -3, -1.5707963267948966, 3.0
260, 16, 854, 463, 853, 460, 1, 3, 1.2490457723982544, 3.1622776601683795
260, 17, 470, 227, 470, 230, 0, -3, -1.5707963267948966, 3.0
260, 20, 539, 516, 539, 521, 0, -5, -1.5707963267948966, 5.0
260, 22, 483, 183, 483, 186, 0, -3, -1.5707963267948966, 3.0
260, 23, 1003, 20, 1005, 22, -2, -2, -2.356194490192345, 2.8284271247461903
260, 25, 847, 111, 848, 113, -1, -2, -2.0344439357957027, 2.23606797749979
260, 26, 320, 692, 321, 689, -1, 3, 1.892546881191539, 3.1622776601683795
260, 27, 334, 701, 335, 710, -1, -9, -1.6814535479687922, 9.055385138137417
260, 28, 998, 10, 1000, 12, -2, -2, -2.356194490192345, 2.8284271247461903
260, 29, 891, 696, 894, 696, -3, 0, 3.141592653589793, 3.0
260, 30, 464, 242, 463, 246, 1, -4, -1.3258176636680326, 4.123105625617661
260, 31, 198, 683, 197, 681, 1, 2, 1.1071487177940904, 2.23606797749979
260, 33, 835, 461, 834, 458, 1, 3, 1.2490457723982544, 3.1622776601683795
260, 35, 533, 509, 533, 513, 0, -4, -1.5707963267948966, 4.0
260, 36, 205, 701, 203, 709, 2, -8, -1.3258176636680326, 8.246211251235321
260, 37, 1225, 338, 1225, 336, 0, 2, 1.5707963267948966, 2.0
260, 38, 911, 695, 915, 699, -4, -4, -2.356194490192345, 5.656854249492381
260, 39, 1254, 60, 1256, 63, -2, -3, -2.158798930342464, 3.605551275463989
260, 40, 896, 682, 900, 688, -4, -6, -2.158798930342464, 7.211102550927978
260, 41, 858, 484, 857, 482, 1, 2, 1.1071487177940904, 2.23606797749979
260, 43, 1233, 326, 1233, 324, 0, 2, 1.5707963267948966, 2.0
260, 44, 843, 202, 843, 204, 0, -2, -1.5707963267948966, 2.0
260, 45, 699, 534, 697, 531, 2, 3, 0.982793723247329, 3.605551275463989
260, 46, 1192, 366, 1193, 362, -1, 4, 1.8157749899217608, 4.123105625617661
260, 51, 980, 83, 982, 85, -2, -2, -2.356194490192345, 2.8284271247461903
260, 52, 470, 248, 468, 252, 2, -4, -1.1071487177940904, 4.47213595499958
260, 55, 872, 671, 875, 671, -3, 0, 3.141592653589793, 3.0
260, 58, 477, 251, 477, 255, 0, -4, -1.5707963267948966, 4.0
260, 59, 1230, 84, 1233, 87, -3, -3, -2.356194490192345, 4.242640687119285
260, 60, 705, 127, 705, 130, 0, -3, -1.5707963267948966, 3.0
260, 64, 1245, 60, 1248, 63, -3, -3, -2.356194490192345, 4.242640687119285
260, 65, 1199, 146, 1201, 146, -2, 0, 3.141592653589793, 2.0
260, 66, 631, 258, 630, 255, 1, 3, 1.2490457723982544, 3.1622776601683795
260, 68, 502, 460, 503, 464, -1, -4, -1.8157749899217608, 4.123105625617661
260, 69, 143, 149, 144, 148, -1, 1, 2.356194490192345, 1.4142135623730951
260, 71, 487, 173, 487, 176, 0, -3, -1.5707963267948966, 3.0
260, 72, 1255, 90, 1259, 92, -4, -2, -2.677945044588987, 4.47213595499958
260, 73, 345, 655, 346, 652, -1, 3, 1.892546881191539, 3.1622776601683795
260, 74, 834, 127, 835, 130, -1, -3, -1.892546881191539, 3.1622776601683795
260, 75, 858, 41, 858, 43, 0, -2, -1.5707963267948966, 2.0
260, 76, 993, 21, 995, 22, -2, -1, -2.677945044588987, 2.23606797749979
260, 77, 513, 435, 514, 440, -1, -5, -1.7681918866447774, 5.0990195135927845
260, 78, 487, 272, 487, 275, 0, -3, -1.5707963267948966, 3.0
260, 79, 325, 699, 326, 696, -1, 3, 1.892546881191539, 3.1622776601683795
260, 80, 1235, 287, 1235, 285, 0, 2, 1.5707963267948966, 2.0
260, 81, 847, 33, 846, 35, 1, -2, -1.1071487177940904, 2.23606797749979
260, 82, 980, 53, 981, 55, -1, -2, -2.0344439357957027, 2.23606797749979
260, 85, 483, 57, 482, 58, 1, -1, -0.7853981633974483, 1.4142135623730951
260, 89, 153, 159, 154, 157, -1, 2, 2.0344439357957027, 2.23606797749979
260, 91, 868, 20, 867, 22, 1, -2, -1.1071487177940904, 2.23606797749979
260, 92, 698, 127, 698, 130, 0, -3, -1.5707963267948966, 3.0
260, 93, 639, 302, 639, 299, 0, 3, 1.5707963267948966, 3.0
260, 95, 503, 190, 503, 194, 0, -4, -1.5707963267948966, 4.0
260, 99, 204, 672, 204, 670, 0, 2, 1.5707963267948966, 2.0
260, 101, 650, 307, 650, 304, 0, 3, 1.5707963267948966, 3.0
260, 104, 697, 205, 697, 207, 0, -2, -1.5707963267948966, 2.0
260, 105, 1249, 238, 1247, 236, 2, 2, 0.7853981633974483, 2.8284271247461903
260, 106, 214, 701, 212, 705, 2, -4, -1.1071487177940904, 4.47213595499958
260, 108, 501, 229, 501, 233, 0, -4, -1.5707963267948966, 4.0
260, 109, 936, 660, 939, 664, -3, -4, -2.214297435588181, 5.0
260, 110, 855, 126, 856, 128, -1, -2, -2.0344439357957027, 2.23606797749979
260, 112, 725, 140, 726, 142, -1, -2, -2.0344439357957027, 2.23606797749979
260, 113, 187, 656, 184, 654, 3, 2, 0.5880026035475675, 3.605551275463989
260, 114, 1258, 67, 1261, 69, -3, -2, -2.5535900500422257, 3.605551275463989
260, 115, 690, 612, 691, 610, -1, 2, 2.0344439357957027, 2.23606797749979
260, 117, 712, 526, 711, 522, 1, 4, 1.3258176636680326, 4.123105625617661
260, 118, 714, 92, 714, 96, 0, -4, -1.5707963267948966, 4.0
260, 119, 1237, 297, 1237, 295, 0, 2, 1.5707963267948966, 2.0
260, 120, 872, 28, 871, 30, 1, -2, -1.1071487177940904, 2.23606797749979
260, 124, 476, 190, 476, 193, 0, -3, -1.5707963267948966, 3.0
260, 125, 681, 570, 681, 566, 0, 4, 1.5707963267948966, 4.0
260, 127, 836, 182, 836, 184, 0, -2, -1.5707963267948966, 2.0
260, 128, 488, 22, 486, 23, 2, -1, -0.4636476090008061, 2.23606797749979
260, 131, 734, 69, 735, 71, -1, -2, -2.0344439357957027, 2.23606797749979
260, 132, 1192, 308, 1192, 306, 0, 2, 1.5707963267948966, 2.0
260, 133, 903, 618, 907, 623, -4, -5, -2.2455372690184494, 6.4031242374328485
260, 134, 920, 639, 924, 644, -4, -5, -2.2455372690184494, 6.4031242374328485
260, 137, 322, 616, 325, 613, -3, 3, 2.356194490192345, 4.242640687119285
260, 138, 727, 594, 727, 591, 0, 3, 1.5707963267948966, 3.0
260, 139, 512, 227, 512, 232, 0, -5, -1.5707963267948966, 5.0
260, 140, 703, 526, 702, 522, 1, 4, 1.3258176636680326, 4.123105625617661
260, 141, 937, 684, 942, 688, -5, -4, -2.4668517113662407, 6.4031242374328485
260, 144, 122, 11, 123, 13, -1, -2, -2.0344439357957027, 2.23606797749979
260, 146, 144, 167, 145, 166, -1, 1, 2.356194490192345, 1.4142135623730951
260, 147, 704, 204, 704, 206, 0, -2, -1.5707963267948966, 2.0
260, 149, 133, 14, 134, 16, -1, -2, -2.0344439357957027, 2.23606797749979
260, 150, 714, 533, 714, 529, 0, 4, 1.5707963267948966, 4.0
260, 151, 646, 701, 646, 713, 0, -12, -1.5707963267948966, 12.0
260, 152, 707, 139, 707, 142, 0, -3, -1.5707963267948966, 3.0
261, 1, 882, 701, 885, 701, -3, 0, 3.141592653589793, 3.0
261, 2, 850, 116, 851, 120, -1, -4, -1.8157749899217608, 4.123105625617661
261, 3, 1039, 680, 1040, 686, -1, -6, -1.7359450042095235, 6.082762530298219
261, 6, 1022, 680, 1021, 685, 1, -5, -1.373400766945016, 5.0990195135927845
261, 9, 495, 178, 495, 182, 0, -4, -1.5707963267948966, 4.0
261, 11, 840, 116, 840, 120, 0, -4, -1.5707963267948966, 4.0
261, 13, 497, 498, 497, 501, 0, -3, -1.5707963267948966, 3.0
261, 15, 701, 141, 701, 144, 0, -3, -1.5707963267948966, 3.0
261, 16, 854, 467, 854, 463, 0, 4, 1.5707963267948966, 4.0
261, 17, 470, 224, 470, 227, 0, -3, -1.5707963267948966, 3.0
261, 18, 482, 69, 482, 71, 0, -2, -1.5707963267948966, 2.0
261, 20, 539, 511, 539, 516, 0, -5, -1.5707963267948966, 5.0
261, 22, 483, 180, 483, 183, 0, -3, -1.5707963267948966, 3.0
261, 23, 1001, 18, 1003, 20, -2, -2, -2.356194490192345, 2.8284271247461903
261, 25, 846, 107, 847, 111, -1, -4, -1.8157749899217608, 4.123105625617661
261, 26, 317, 694, 320, 692, -3, 2, 2.5535900500422257, 3.605551275463989
261, 28, 995, 9, 998, 10, -3, -1, -2.819842099193151, 3.1622776601683795
261, 29, 887, 697, 891, 696, -4, 1, 2.896613990462929, 4.123105625617661
261, 30, 466, 238, 464, 242, 2, -4, -1.1071487177940904, 4.47213595499958
261, 31, 199, 686, 198, 683, 1, 3, 1.2490457723982544, 3.1622776601683795
261, 33, 836, 464, 835, 461, 1, 3, 1.2490457723982544, 3.1622776601683795
261, 35, 533, 505, 533, 509, 0, -4, -1.5707963267948966, 4.0
261, 37, 1226, 340, 1225, 338, 1, 2, 1.1071487177940904, 2.23606797749979
261, 38, 909, 690, 911, 695, -2, -5, -1.9513027039072615, 5.385164807134504
261, 39, 1251, 57, 1254, 60, -3, -3, -2.356194490192345, 4.242640687119285
261, 40, 893, 676, 896, 682, -3, -6, -2.0344439357957027, 6.708203932499369
261, 41, 859, 487, 858, 484, 1, 3, 1.2490457723982544, 3.1622776601683795
261, 43, 1233, 328, 1233, 326, 0, 2, 1.5707963267948966, 2.0
261, 44, 843, 199, 843, 202, 0, -3, -1.5707963267948966, 3.0
261, 45, 701, 537, 699, 534, 2, 3, 0.982793723247329, 3.605551275463989
261, 46, 1191, 371, 1192, 366, -1, 5, 1.7681918866447774, 5.0990195135927845
261, 48, 587, 23, 587, 25, 0, -2, -1.5707963267948966, 2.0
261, 50, 977, 78, 980, 83, -3, -5, -2.1112158270654806, 5.830951894845301
261, 51, 472, 244, 470, 248, 2, -4, -1.1071487177940904, 4.47213595499958
261, 54, 870, 672, 872, 671, -2, 1, 2.677945044588987, 2.23606797749979
261, 57, 478, 247, 477, 251, 1, -4, -1.3258176636680326, 4.123105625617661
261, 58, 1227, 81, 1230, 84, -3, -3, -2.356194490192345, 4.242640687119285
261, 59, 705, 124, 705, 127, 0, -3, -1.5707963267948966, 3.0
261, 63, 1242, 57, 1245, 60, -3, -3, -2.356194490192345, 4.242640687119285
261, 64, 632, 261, 631, 258, 1, 3, 1.2490457723982544, 3.1622776601683795
261, 66, 502, 456, 502, 460, 0, -4, -1.5707963267948966, 4.0
261, 67, 142, 150, 143, 149, -1, 1, 2.356194490192345, 1.4142135623730951
261, 69, 487, 170, 487, 173, 0, -3, -1.5707963267948966, 3.0
261, 70, 1251, 88, 1255, 90, -4, -2, -2.677945044588987, 4.47213595499958
261, 71, 344, 658, 345, 655, -1, 3, 1.892546881191539, 3.1622776601683795
261, 72, 833, 123, 834, 127, -1, -4, -1.8157749899217608, 4.123105625617661
261, 73, 859, 39, 858, 41, 1, -2, -1.1071487177940904, 2.23606797749979
261, 74, 991, 20, 993, 21, -2, -1, -2.677945044588987, 2.23606797749979
261, 75, 512, 430, 513, 435, -1, -5, -1.7681918866447774, 5.0990195135927845
261, 76, 487, 270, 487, 272, 0, -2, -1.5707963267948966, 2.0
261, 77, 324, 701, 325, 699, -1, 2, 2.0344439357957027, 2.23606797749979
261, 79, 848, 30, 847, 33, 1, -3, -1.2490457723982544, 3.1622776601683795
261, 80, 978, 51, 980, 53, -2, -2, -2.356194490192345, 2.8284271247461903
261, 82, 484, 55, 483, 57, 1, -2, -1.1071487177940904, 2.23606797749979
261, 86, 152, 160, 153, 159, -1, 1, 2.356194490192345, 1.4142135623730951
261, 88, 870, 17, 868, 20, 2, -3, -0.982793723247329, 3.605551275463989
261, 89, 698, 124, 698, 127, 0, -3, -1.5707963267948966, 3.0
261, 90, 640, 305, 639, 302, 1, 3, 1.2490457723982544, 3.1622776601683795
261, 92, 503, 186, 503, 190, 0, -4, -1.5707963267948966, 4.0
261, 96, 205, 674, 204, 672, 1, 2, 1.1071487177940904, 2.23606797749979
261, 98, 651, 310, 650, 307, 1, 3, 1.2490457723982544, 3.1622776601683795
261, 100, 697, 203, 697, 205, 0, -2, -1.5707963267948966, 2.0
261, 101, 1250, 239, 1249, 238, 1, 1, 0.7853981633974483, 1.4142135623730951
261, 102, 216, 701, 214, 701, 2, 0, 0.0, 2.0
261, 104, 501, 224, 501, 229, 0, -5, -1.5707963267948966, 5.0
261, 105, 932, 656, 936, 660, -4, -4, -2.356194490192345, 5.656854249492381
261, 106, 854, 122, 855, 126, -1, -4, -1.8157749899217608, 4.123105625617661
261, 107, 725, 138, 725, 140, 0, -2, -1.5707963267948966, 2.0
261, 108, 190, 659, 187, 656, 3, 3, 0.7853981633974483, 4.242640687119285
261, 109, 1255, 64, 1258, 67, -3, -3, -2.356194490192345, 4.242640687119285
261, 110, 690, 614, 690, 612, 0, 2, 1.5707963267948966, 2.0
261, 112, 713, 530, 712, 526, 1, 4, 1.3258176636680326, 4.123105625617661
261, 113, 714, 88, 714, 92, 0, -4, -1.5707963267948966, 4.0
261, 115, 873, 25, 872, 28, 1, -3, -1.2490457723982544, 3.1622776601683795
261, 119, 476, 187, 476, 190, 0, -3, -1.5707963267948966, 3.0
261, 120, 682, 574, 681, 570, 1, 4, 1.3258176636680326, 4.123105625617661
261, 123, 490, 21, 488, 22, 2, -1, -0.4636476090008061, 2.23606797749979
261, 126, 733, 67, 734, 69, -1, -2, -2.0344439357957027, 2.23606797749979
261, 128, 899, 613, 903, 618, -4, -5, -2.2455372690184494, 6.4031242374328485
261, 129, 916, 634, 920, 639, -4, -5, -2.2455372690184494, 6.4031242374328485
261, 132, 319, 619, 322, 616, -3, 3, 2.356194490192345, 4.242640687119285
261, 133, 728, 597, 727, 594, 1, 3, 1.2490457723982544, 3.1622776601683795
261, 134, 512, 221, 512, 227, 0, -6, -1.5707963267948966, 6.0
261, 135, 704, 530, 703, 526, 1, 4, 1.3258176636680326, 4.123105625617661
261, 136, 932, 680, 937, 684, -5, -4, -2.4668517113662407, 6.4031242374328485
261, 141, 143, 168, 144, 167, -1, 1, 2.356194490192345, 1.4142135623730951
261, 142, 704, 202, 704, 204, 0, -2, -1.5707963267948966, 2.0
261, 144, 133, 12, 133, 14, 0, -2, -1.5707963267948966, 2.0
261, 145, 715, 538, 714, 533, 1, 5, 1.373400766945016, 5.0990195135927845
261, 147, 707, 136, 707, 139, 0, -3, -1.5707963267948966, 3.0
261, 150, 591, 16, 591, 18, 0, -2, -1.5707963267948966, 2.0
262, 1, 879, 701, 882, 701, -3, 0, 3.141592653589793, 3.0
262, 2, 849, 112, 850, 116, -1, -4, -1.8157749899217608, 4.123105625617661
262, 3, 1038, 675, 1039, 680, -1, -5, -1.7681918866447774, 5.0990195135927845
262, 6, 1023, 675, 1022, 680, 1, -5, -1.373400766945016, 5.0990195135927845
262, 8, 492, 74, 491, 75, 1, -1, -0.7853981633974483, 1.4142135623730951
262, 9, 495, 174, 495, 178, 0, -4, -1.5707963267948966, 4.0
262, 11, 839, 112, 840, 116, -1, -4, -1.8157749899217608, 4.123105625617661
262, 13, 497, 495, 497, 498, 0, -3, -1.5707963267948966, 3.0
262, 15, 701, 139, 701, 141, 0, -2, -1.5707963267948966, 2.0
262, 16, 854, 471, 854, 467, 0, 4, 1.5707963267948966, 4.0
262, 17, 470, 222, 470, 224, 0, -2, -1.5707963267948966, 2.0
262, 20, 538, 507, 539, 511, -1, -4, -1.8157749899217608, 4.123105625617661
262, 22, 483, 177, 483, 180, 0, -3, -1.5707963267948966, 3.0
262, 23, 999, 16, 1001, 18, -2, -2, -2.356194490192345, 2.8284271247461903
262, 25, 846, 103, 846, 107, 0, -4, -1.5707963267948966, 4.0
262, 26, 315, 698, 317, 694, -2, 4, 2.0344439357957027, 4.47213595499958
262, 28, 883, 698, 887, 697, -4, 1, 2.896613990462929, 4.123105625617661
262, 29, 468, 234, 466, 238, 2, -4, -1.1071487177940904, 4.47213595499958
262, 30, 200, 689, 199, 686, 1, 3, 1.2490457723982544, 3.1622776601683795
262, 32, 837, 467, 836, 464, 1, 3, 1.2490457723982544, 3.1622776601683795
262, 34, 533, 500, 533, 505, 0, -5, -1.5707963267948966, 5.0
262, 36, 1227, 342, 1226, 340, 1, 2, 1.1071487177940904, 2.23606797749979
262, 37, 907, 685, 909, 690, -2, -5, -1.9513027039072615, 5.385164807134504
262, 38, 1249, 54, 1251, 57, -2, -3, -2.158798930342464, 3.605551275463989
262, 39, 891, 671, 893, 676, -2, -5, -1.9513027039072615, 5.385164807134504
262, 40, 859, 491, 859, 487, 0, 4, 1.5707963267948966, 4.0
262, 42, 1234, 330, 1233, 328, 1, 2, 1.1071487177940904, 2.23606797749979
262, 43, 843, 196, 843, 199, 0, -3, -1.5707963267948966, 3.0
262, 44, 703, 540, 701, 537, 2, 3, 0.982793723247329, 3.605551275463989
262, 45, 1191, 375, 1191, 371, 0, 4, 1.5707963267948966, 4.0
262, 47, 586, 21, 587, 23, -1, -2, -2.0344439357957027, 2.23606797749979
262, 48, 861, 508, 861, 505, 0, 3, 1.5707963267948966, 3.0
262, 49, 975, 73, 977, 78, -2, -5, -1.9513027039072615, 5.385164807134504
262, 50, 474, 240, 472, 244, 2, -4, -1.1071487177940904, 4.47213595499958
262, 51, 1250, 203, 1249, 202, 1, 1, 0.7853981633974483, 1.4142135623730951
262, 52, 868, 674, 870, 672, -2, 2, 2.356194490192345, 2.8284271247461903
262, 54, 560, 14, 560, 16, 0, -2, -1.5707963267948966, 2.0
262, 55, 479, 244, 478, 247, 1, -3, -1.2490457723982544, 3.1622776601683795
262, 56, 1224, 78, 1227, 81, -3, -3, -2.356194490192345, 4.242640687119285
262, 57, 705, 122, 705, 124, 0, -2, -1.5707963267948966, 2.0
262, 59, 298, 371, 299, 370, -1, 1, 2.356194490192345, 1.4142135623730951
262, 61, 1240, 54, 1242, 57, -2, -3, -2.158798930342464, 3.605551275463989
262, 62, 633, 263, 632, 261, 1, 2, 1.1071487177940904, 2.23606797749979
262, 64, 501, 452, 502, 456, -1, -4, -1.8157749899217608, 4.123105625617661
262, 67, 487, 167, 487, 170, 0, -3, -1.5707963267948966, 3.0
262, 68, 1247, 86, 1251, 88, -4, -2, -2.677945044588987, 4.47213595499958
262, 69, 343, 662, 344, 658, -1, 4, 1.8157749899217608, 4.123105625617661
262, 70, 832, 119, 833, 123, -1, -4, -1.8157749899217608, 4.123105625617661
262, 71, 860, 36, 859, 39, 1, -3, -1.2490457723982544, 3.1622776601683795
262, 72, 989, 18, 991, 20, -2, -2, -2.356194490192345, 2.8284271247461903
262, 73, 511, 426, 512, 430, -1, -4, -1.8157749899217608, 4.123105625617661
262, 74, 487, 268, 487, 270, 0, -2, -1.5707963267948966, 2.0
262, 75, 322, 701, 324, 701, -2, 0, 3.141592653589793, 2.0
262, 77, 849, 27, 848, 30, 1, -3, -1.2490457723982544, 3.1622776601683795
262, 78, 976, 49, 978, 51, -2, -2, -2.356194490192345, 2.8284271247461903
262, 80, 485, 53, 484, 55, 1, -2, -1.1071487177940904, 2.23606797749979
262, 83, 151, 161, 152, 160, -1, 1, 2.356194490192345, 1.4142135623730951
262, 85, 871, 14, 870, 17, 1, -3, -1.2490457723982544, 3.1622776601683795
262, 86, 698, 122, 698, 124, 0, -2, -1.5707963267948966, 2.0
262, 87, 641, 308, 640, 305, 1, 3, 1.2490457723982544, 3.1622776601683795
262, 89, 503, 182, 503, 186, 0, -4, -1.5707963267948966, 4.0
262, 93, 205, 676, 205, 674, 0, 2, 1.5707963267948966, 2.0
262, 95, 652, 312, 651, 310, 1, 2, 1.1071487177940904, 2.23606797749979
262, 97, 697, 200, 697, 203, 0, -3, -1.5707963267948966, 3.0
262, 99, 218, 701, 216, 701, 2, 0, 0.0, 2.0
262, 101, 501, 218, 501, 224, 0, -6, -1.5707963267948966, 6.0
262, 102, 929, 652, 932, 656, -3, -4, -2.214297435588181, 5.0
262, 103, 853, 118, 854, 122, -1, -4, -1.8157749899217608, 4.123105625617661
262, 104, 724, 136, 725, 138, -1, -2, -2.0344439357957027, 2.23606797749979
262, 105, 193, 662, 190, 659, 3, 3, 0.7853981633974483, 4.242640687119285
262, 106, 1253, 62, 1255, 64, -2, -2, -2.356194490192345, 2.8284271247461903
262, 107, 688, 616, 690, 614, -2, 2, 2.356194490192345, 2.8284271247461903
262, 109, 714, 534, 713, 530, 1, 4, 1.3258176636680326, 4.123105625617661
262, 110, 714, 85, 714, 88, 0, -3, -1.5707963267948966, 3.0
262, 112, 875, 22, 873, 25, 2, -3, -0.982793723247329, 3.605551275463989
262, 116, 476, 184, 476, 187, 0, -3, -1.5707963267948966, 3.0
262, 117, 683, 578, 682, 574, 1, 4, 1.3258176636680326, 4.123105625617661
262, 118, 656, 75, 656, 73, 0, 2, 1.5707963267948966, 2.0
262, 120, 492, 20, 490, 21, 2, -1, -0.4636476090008061, 2.23606797749979
262, 123, 732, 65, 733, 67, -1, -2, -2.0344439357957027, 2.23606797749979
262, 124, 1192, 311, 1192, 309, 0, 2, 1.5707963267948966, 2.0
262, 125, 895, 608, 899, 613, -4, -5, -2.2455372690184494, 6.4031242374328485
262, 126, 912, 629, 916, 634, -4, -5, -2.2455372690184494, 6.4031242374328485
262, 128, 316, 622, 319, 619, -3, 3, 2.356194490192345, 4.242640687119285
262, 129, 728, 600, 728, 597, 0, 3, 1.5707963267948966, 3.0
262, 130, 512, 215, 512, 221, 0, -6, -1.5707963267948966, 6.0
262, 131, 705, 534, 704, 530, 1, 4, 1.3258176636680326, 4.123105625617661
262, 132, 927, 676, 932, 680, -5, -4, -2.4668517113662407, 6.4031242374328485
262, 137, 142, 169, 143, 168, -1, 1, 2.356194490192345, 1.4142135623730951
262, 138, 704, 199, 704, 202, 0, -3, -1.5707963267948966, 3.0
262, 140, 134, 11, 133, 12, 1, -1, -0.7853981633974483, 1.4142135623730951
262, 141, 716, 541, 715, 538, 1, 3, 1.2490457723982544, 3.1622776601683795
262, 143, 707, 134, 707, 136, 0, -2, -1.5707963267948966, 2.0
262, 146, 591, 14, 591, 16, 0, -2, -1.5707963267948966, 2.0
263, 1, 874, 701, 879, 701, -5, 0, 3.141592653589793, 5.0
263, 2, 849, 108, 849, 112, 0, -4, -1.5707963267948966, 4.0
263, 3, 1037, 671, 1038, 675, -1, -4, -1.8157749899217608, 4.123105625617661
263, 5, 170, 143, 171, 141, -1, 2, 2.0344439357957027, 2.23606797749979
263, 6, 1022, 671, 1023, 675, -1, -4, -1.8157749899217608, 4.123105625617661
263, 8, 493, 73, 492, 74, 1, -1, -0.7853981633974483, 1.4142135623730951
263, 9, 495, 170, 495, 174, 0, -4, -1.5707963267948966, 4.0
263, 10, 839, 108, 839, 112, 0, -4, -1.5707963267948966, 4.0
263, 12, 497, 491, 497, 495, 0, -4, -1.5707963267948966, 4.0
263, 14, 702, 135, 701, 139, 1, -4, -1.3258176636680326, 4.123105625617661
263, 15, 853, 474, 854, 471, -1, 3, 1.892546881191539, 3.1622776601683795
263, 16, 472, 219, 470, 222, 2, -3, -0.982793723247329, 3.605551275463989
263, 18, 19, 200, 19, 197, 0, 3, 1.5707963267948966, 3.0
263, 19, 535, 504, 538, 507, -3, -3, -2.356194490192345, 4.242640687119285
263, 21, 483, 173, 483, 177, 0, -4, -1.5707963267948966, 4.0
263, 22, 995, 13, 999, 16, -4, -3, -2.498091544796509, 5.0
263, 23, 679, 46, 679, 42, 0, 4, 1.5707963267948966, 4.0
263, 24, 846, 98, 846, 103, 0, -5, -1.5707963267948966, 5.0
263, 25, 312, 701, 315, 698, -3, 3, 2.356194490192345, 4.242640687119285
263, 27, 879, 701, 883, 698, -4, 3, 2.498091544796509, 5.0
263, 28, 470, 231, 468, 234, 2, -3, -0.982793723247329, 3.605551275463989
263, 29, 201, 692, 200, 689, 1, 3, 1.2490457723982544, 3.1622776601683795
263, 31, 839, 470, 837, 467, 2, 3, 0.982793723247329, 3.605551275463989
263, 33, 530, 498, 533, 500, -3, -2, -2.5535900500422257, 3.605551275463989
263, 35, 1228, 346, 1227, 342, 1, 4, 1.3258176636680326, 4.123105625617661
263, 36, 903, 680, 907, 685, -4, -5, -2.2455372690184494, 6.4031242374328485
263, 37, 1245, 51, 1249, 54, -4, -3, -2.498091544796509, 5.0
263, 38, 889, 667, 891, 671, -2, -4, -2.0344439357957027, 4.47213595499958
263, 39, 860, 496, 859, 491, 1, 5, 1.373400766945016, 5.0990195135927845
263, 41, 1235, 334, 1234, 330, 1, 4, 1.3258176636680326, 4.123105625617661
263, 42, 842, 192, 843, 196, -1, -4, -1.8157749899217608, 4.123105625617661
263, 43, 705, 543, 703, 540, 2, 3, 0.982793723247329, 3.605551275463989
263, 45, 491, 14, 490, 13, 1, 1, 0.7853981633974483, 1.4142135623730951
263, 46, 585, 19, 586, 21, -1, -2, -2.0344439357957027, 2.23606797749979
263, 47, 863, 510, 861, 508, 2, 2, 0.7853981633974483, 2.8284271247461903
263, 48, 973, 72, 975, 73, -2, -1, -2.677945044588987, 2.23606797749979
263, 49, 476, 237, 474, 240, 2, -3, -0.982793723247329, 3.605551275463989
263, 50, 1252, 205, 1250, 203, 2, 2, 0.7853981633974483, 2.8284271247461903
263, 52, 643, 32, 642, 31, 1, 1, 0.7853981633974483, 1.4142135623730951
263, 54, 481, 240, 479, 244, 2, -4, -1.1071487177940904, 4.47213595499958
263, 55, 1219, 76, 1224, 78, -5, -2, -2.761086276477428, 5.385164807134504
263, 56, 706, 119, 705, 122, 1, -3, -1.2490457723982544, 3.1622776601683795
263, 58, 297, 373, 298, 371, -1, 2, 2.0344439357957027, 2.23606797749979
263, 59, 1236, 51, 1240, 54, -4, -3, -2.498091544796509, 5.0
263, 60, 635, 267, 633, 263, 2, 4, 1.1071487177940904, 4.47213595499958
263, 61, 500, 447, 501, 452, -1, -5, -1.7681918866447774, 5.0990195135927845
263, 62, 140, 152, 141, 150, -1, 2, 2.0344439357957027, 2.23606797749979
263, 64, 487, 163, 487, 167, 0, -4, -1.5707963267948966, 4.0
263, 65, 1242, 84, 1247, 86, -5, -2, -2.761086276477428, 5.385164807134504
263, 66, 343, 664, 343, 662, 0, 2, 1.5707963267948966, 2.0
263, 67, 832, 115, 832, 119, 0, -4, -1.5707963267948966, 4.0
263, 68, 862, 33, 860, 36, 2, -3, -0.982793723247329, 3.605551275463989
263, 69, 985, 15, 989, 18, -4, -3, -2.498091544796509, 5.0
263, 70, 509, 419, 511, 426, -2, -7, -1.849095985800008, 7.280109889280518
263, 71, 487, 266, 487, 268, 0, -2, -1.5707963267948966, 2.0
263, 72, 320, 701, 322, 701, -2, 0, 3.141592653589793, 2.0
263, 73, 1235, 293, 1235, 289, 0, 4, 1.5707963267948966, 4.0
263, 74, 851, 25, 849, 27, 2, -2, -0.7853981633974483, 2.8284271247461903
263, 75, 973, 47, 976, 49, -3, -2, -2.5535900500422257, 3.605551275463989
263, 77, 488, 52, 485, 53, 3, -1, -0.3217505543966422, 3.1622776601683795
263, 79, 150, 164, 151, 161, -1, 3, 1.892546881191539, 3.1622776601683795
263, 80, 873, 11, 871, 14, 2, -3, -0.982793723247329, 3.605551275463989
263, 81, 699, 119, 698, 122, 1, -3, -1.2490457723982544, 3.1622776601683795
263, 82, 642, 312, 641, 308, 1, 4, 1.3258176636680326, 4.123105625617661
263, 84, 504, 178, 503, 182, 1, -4, -1.3258176636680326, 4.123105625617661
263, 87, 204, 679, 205, 676, -1, 3, 1.892546881191539, 3.1622776601683795
263, 89, 653, 315, 652, 312, 1, 3, 1.2490457723982544, 3.1622776601683795
263, 91, 697, 197, 697, 200, 0, -3, -1.5707963267948966, 3.0
263, 95, 502, 212, 501, 218, 1, -6, -1.4056476493802699, 6.082762530298219
263, 96, 927, 651, 929, 652, -2, -1, -2.677945044588987, 2.23606797749979
263, 97, 853, 114, 853, 118, 0, -4, -1.5707963267948966, 4.0
263, 98, 723, 134, 724, 136, -1, -2, -2.0344439357957027, 2.23606797749979
263, 99, 196, 665, 193, 662, 3, 3, 0.7853981633974483, 4.242640687119285
263, 100, 1249, 59, 1253, 62, -4, -3, -2.498091544796509, 5.0
263, 101, 684, 619, 688, 616, -4, 3, 2.498091544796509, 5.0
263, 102, 146, 100, 148, 97, -2, 3, 2.158798930342464, 3.605551275463989
263, 103, 714, 537, 714, 534, 0, 3, 1.5707963267948966, 3.0
263, 104, 714, 81, 714, 85, 0, -4, -1.5707963267948966, 4.0
263, 105, 1237, 302, 1237, 299, 0, 3, 1.5707963267948966, 3.0
263, 106, 877, 18, 875, 22, 2, -4, -1.1071487177940904, 4.47213595499958
263, 107, 64, 125, 64, 127, 0, -2, -1.5707963267948966, 2.0
263, 108, 648, 42, 647, 41, 1, 1, 0.7853981633974483, 1.4142135623730951
263, 109, 140, 127, 142, 124, -2, 3, 2.158798930342464, 3.605551275463989
263, 110, 477, 180, 476, 184, 1, -4, -1.3258176636680326, 4.123105625617661
263, 111, 683, 581, 683, 578, 0, 3, 1.5707963267948966, 3.0
263, 112, 656, 78, 656, 75, 0, 3, 1.5707963267948966, 3.0
263, 114, 494, 20, 492, 20, 2, 0, 0.0, 2.0
263, 115, 135, 90, 137, 87, -2, 3, 2.158798930342464, 3.605551275463989
263, 117, 731, 62, 732, 65, -1, -3, -1.892546881191539, 3.1622776601683795
263, 118, 1194, 314, 1192, 311, 2, 3, 0.982793723247329, 3.605551275463989
263, 119, 891, 603, 895, 608, -4, -5, -2.2455372690184494, 6.4031242374328485
263, 120, 908, 625, 912, 629, -4, -4, -2.356194490192345, 5.656854249492381
263, 122, 314, 626, 316, 622, -2, 4, 2.0344439357957027, 4.47213595499958
263, 123, 729, 602, 728, 600, 1, 2, 1.1071487177940904, 2.23606797749979
263, 124, 512, 208, 512, 215, 0, -7, -1.5707963267948966, 7.0
263, 125, 707, 537, 705, 534, 2, 3, 0.982793723247329, 3.605551275463989
263, 126, 922, 671, 927, 676, -5, -5, -2.356194490192345, 7.0710678118654755
263, 128, 141, 172, 142, 169, -1, 3, 1.892546881191539, 3.1622776601683795
263, 129, 703, 196, 704, 199, -1, -3, -1.892546881191539, 3.1622776601683795
263, 131, 135, 10, 134, 11, 1, -1, -0.7853981633974483, 1.4142135623730951
263, 132, 716, 544, 716, 541, 0, 3, 1.5707963267948966, 3.0
263, 134, 708, 130, 707, 134, 1, -4, -1.3258176636680326, 4.123105625617661
263, 136, 699, 626, 699, 622, 0, 4, 1.5707963267948966, 4.0
263, 141, 171, 123, 172, 122, -1, 1, 2.356194490192345, 1.4142135623730951
264, 1, 868, 696, 874, 701, -6, -5, -2.44685437739309, 7.810249675906654
264, 2, 849, 103, 849, 108, 0, -5, -1.5707963267948966, 5.0
264, 3, 1037, 666, 1037, 671, 0, -5, -1.5707963267948966, 5.0
264, 5, 169, 144, 170, 143, -1, 1, 2.356194490192345, 1.4142135623730951
264, 6, 1022, 666, 1022, 671, 0, -5, -1.5707963267948966, 5.0
264, 9, 495, 167, 495, 170, 0, -3, -1.5707963267948966, 3.0
264, 10, 839, 104, 839, 108, 0, -4, -1.5707963267948966, 4.0
264, 12, 497, 487, 497, 491, 0, -4, -1.5707963267948966, 4.0
264, 14, 702, 133, 702, 135, 0, -2, -1.5707963267948966, 2.0
264, 15, 853, 478, 853, 474, 0, 4, 1.5707963267948966, 4.0
264, 16, 473, 216, 472, 219, 1, -3, -1.2490457723982544, 3.1622776601683795
264, 18, 19, 203, 19, 200, 0, 3, 1.5707963267948966, 3.0
264, 19, 534, 499, 535, 504, -1, -5, -1.7681918866447774, 5.0990195135927845
264, 21, 483, 171, 483, 173, 0, -2, -1.5707963267948966, 2.0
264, 22, 992, 11, 995, 13, -3, -2, -2.5535900500422257, 3.605551275463989
264, 23, 679, 48, 679, 46, 0, 2, 1.5707963267948966, 2.0
264, 24, 846, 94, 846, 98, 0, -4, -1.5707963267948966, 4.0
264, 25, 310, 701, 312, 701, -2, 0, 3.141592653589793, 2.0
264, 27, 873, 699, 879, 701, -6, -2, -2.819842099193151, 6.324555320336759
264, 28, 471, 228, 470, 231, 1, -3, -1.2490457723982544, 3.1622776601683795
264, 29, 202, 694, 201, 692, 1, 2, 1.1071487177940904, 2.23606797749979
264, 31, 841, 473, 839, 470, 2, 3, 0.982793723247329, 3.605551275463989
264, 33, 529, 493, 530, 498, -1, -5, -1.7681918866447774, 5.0990195135927845
264, 35, 1228, 349, 1228, 346, 0, 3, 1.5707963267948966, 3.0
264, 36, 901, 675, 903, 680, -2, -5, -1.9513027039072615, 5.385164807134504
264, 37, 1242, 50, 1245, 51, -3, -1, -2.819842099193151, 3.1622776601683795
264, 38, 886, 663, 889, 667, -3, -4, -2.214297435588181, 5.0
264, 39, 860, 500, 860, 496, 0, 4, 1.5707963267948966, 4.0
264, 40, 1235, 337, 1235, 334, 0, 3, 1.5707963267948966, 3.0
264, 41, 841, 189, 842, 192, -1, -3, -1.892546881191539, 3.1622776601683795
264, 42, 705, 547, 705, 543, 0, 4, 1.5707963267948966, 4.0
264, 43, 1194, 377, 1192, 375, 2, 2, 0.7853981633974483, 2.8284271247461903
264, 44, 492, 15, 491, 14, 1, 1, 0.7853981633974483, 1.4142135623730951
264, 46, 863, 514, 863, 510, 0, 4, 1.5707963267948966, 4.0
264, 47, 477, 234, 476, 237, 1, -3, -1.2490457723982544, 3.1622776601683795
264, 48, 1253, 206, 1252, 205, 1, 1, 0.7853981633974483, 1.4142135623730951
264, 49, 864, 670, 867, 674, -3, -4, -2.214297435588181, 5.0
264, 52, 482, 236, 481, 240, 1, -4, -1.3258176636680326, 4.123105625617661
264, 53, 1215, 73, 1219, 76, -4, -3, -2.498091544796509, 5.0
264, 54, 706, 117, 706, 119, 0, -2, -1.5707963267948966, 2.0
264, 57, 1233, 50, 1236, 51, -3, -1, -2.819842099193151, 3.1622776601683795
264, 58, 635, 269, 635, 267, 0, 2, 1.5707963267948966, 2.0
264, 59, 499, 443, 500, 447, -1, -4, -1.8157749899217608, 4.123105625617661
264, 60, 139, 153, 140, 152, -1, 1, 2.356194490192345, 1.4142135623730951
264, 62, 487, 160, 487, 163, 0, -3, -1.5707963267948966, 3.0
264, 63, 1238, 81, 1242, 84, -4, -3, -2.498091544796509, 5.0
264, 64, 342, 668, 343, 664, -1, 4, 1.8157749899217608, 4.123105625617661
264, 65, 832, 111, 832, 115, 0, -4, -1.5707963267948966, 4.0
264, 66, 863, 31, 862, 33, 1, -2, -1.1071487177940904, 2.23606797749979
264, 67, 982, 13, 985, 15, -3, -2, -2.5535900500422257, 3.605551275463989
264, 68, 508, 415, 509, 419, -1, -4, -1.8157749899217608, 4.123105625617661
264, 70, 318, 701, 320, 701, -2, 0, 3.141592653589793, 2.0
264, 71, 1235, 296, 1235, 293, 0, 3, 1.5707963267948966, 3.0
264, 72, 851, 23, 851, 25, 0, -2, -1.5707963267948966, 2.0
264, 73, 970, 46, 973, 47, -3, -1, -2.819842099193151, 3.1622776601683795
264, 75, 490, 51, 488, 52, 2, -1, -0.4636476090008061, 2.23606797749979
264, 76, 149, 166, 150, 164, -1, 2, 2.0344439357957027, 2.23606797749979
264, 77, 874, 8, 873, 11, 1, -3, -1.2490457723982544, 3.1622776601683795
264, 78, 699, 117, 699, 119, 0, -2, -1.5707963267948966, 2.0
264, 79, 642, 315, 642, 312, 0, 3, 1.5707963267948966, 3.0
264, 81, 504, 176, 504, 178, 0, -2, -1.5707963267948966, 2.0
264, 84, 203, 681, 204, 679, -1, 2, 2.0344439357957027, 2.23606797749979
264, 86, 653, 318, 653, 315, 0, 3, 1.5707963267948966, 3.0
264, 87, 625, 342, 625, 338, 0, 4, 1.5707963267948966, 4.0
264, 88, 696, 195, 697, 197, -1, -2, -2.0344439357957027, 2.23606797749979
264, 90, 501, 206, 502, 212, -1, -6, -1.7359450042095235, 6.082762530298219
264, 91, 922, 648, 927, 651, -5, -3, -2.601173153319209, 5.830951894845301
264, 92, 853, 109, 853, 114, 0, -5, -1.5707963267948966, 5.0
264, 93, 197, 668, 196, 665, 1, 3, 1.2490457723982544, 3.1622776601683795
264, 94, 1246, 58, 1249, 59, -3, -1, -2.819842099193151, 3.1622776601683795
264, 95, 681, 622, 684, 619, -3, 3, 2.356194490192345, 4.242640687119285
264, 96, 145, 102, 146, 100, -1, 2, 2.0344439357957027, 2.23606797749979
264, 97, 714, 541, 714, 537, 0, 4, 1.5707963267948966, 4.0
264, 98, 1237, 305, 1237, 302, 0, 3, 1.5707963267948966, 3.0
264, 99, 878, 15, 877, 18, 1, -3, -1.2490457723982544, 3.1622776601683795
264, 102, 139, 129, 140, 127, -1, 2, 2.0344439357957027, 2.23606797749979
264, 103, 477, 178, 477, 180, 0, -2, -1.5707963267948966, 2.0
264, 104, 683, 585, 683, 581, 0, 4, 1.5707963267948966, 4.0
264, 105, 656, 80, 656, 78, 0, 2, 1.5707963267948966, 2.0
264, 107, 497, 20, 494, 20, 3, 0, 0.0, 3.0
264, 108, 134, 92, 135, 90, -1, 2, 2.0344439357957027, 2.23606797749979
264, 110, 731, 60, 731, 62, 0, -2, -1.5707963267948966, 2.0
264, 111, 1194, 317, 1194, 314, 0, 3, 1.5707963267948966, 3.0
264, 112, 886, 599, 891, 603, -5, -4, -2.4668517113662407, 6.4031242374328485
264, 113, 903, 622, 908, 625, -5, -3, -2.601173153319209, 5.830951894845301
264, 115, 312, 629, 314, 626, -2, 3, 2.158798930342464, 3.605551275463989
264, 116, 729, 605, 729, 602, 0, 3, 1.5707963267948966, 3.0
264, 117, 511, 202, 512, 208, -1, -6, -1.7359450042095235, 6.082762530298219
264, 118, 707, 541, 707, 537, 0, 4, 1.5707963267948966, 4.0
264, 119, 917, 667, 922, 671, -5, -4, -2.4668517113662407, 6.4031242374328485
264, 121, 140, 174, 141, 172, -1, 2, 2.0344439357957027, 2.23606797749979
264, 122, 702, 194, 703, 196, -1, -2, -2.0344439357957027, 2.23606797749979
264, 123, 136, 9, 135, 10, 1, -1, -0.7853981633974483, 1.4142135623730951
264, 124, 716, 547, 716, 544, 0, 3, 1.5707963267948966, 3.0
264, 126, 708, 128, 708, 130, 0, -2, -1.5707963267948966, 2.0
264, 128, 699, 630, 699, 626, 0, 4, 1.5707963267948966, 4.0
264, 130, 1199, 384, 1198, 383, 1, 1, 0.7853981633974483, 1.4142135623730951
264, 133, 170, 124, 171, 123, -1, 1, 2.356194490192345, 1.4142135623730951
265, 1, 851, 109, 851, 113, 0, -4, -1.5707963267948966, 4.0
265, 2, 169, 146, 170, 144, -1, 2, 2.0344439357957027, 2.23606797749979
265, 4, 496, 176, 496, 178, 0, -2, -1.5707963267948966, 2.0
265, 7, 19, 204, 20, 201, -1, 3, 1.892546881191539, 3.1622776601683795
265, 9, 842, 109, 842, 113, 0, -4, -1.5707963267948966, 4.0
265, 11, 500, 59, 498, 60, 2, -1, -0.4636476090008061, 2.23606797749979
265, 12, 857, 479, 857, 475, 0, 4, 1.5707963267948966, 4.0
265, 14, 679, 47, 680, 45, -1, 2, 2.0344439357957027, 2.23606797749979
265, 15, 475, 239, 474, 242, 1, -3, -1.2490457723982544, 3.1622776601683795
265, 16, 701, 138, 701, 140, 0, -2, -1.5707963267948966, 2.0
265, 17, 1050, 690, 1050, 696, 0, -6, -1.5707963267948966, 6.0
265, 18, 848, 99, 848, 103, 0, -4, -1.5707963267948966, 4.0
265, 19, 997, 16, 1000, 18, -3, -2, -2.5535900500422257, 3.605551275463989
265, 20, 888, 677, 891, 681, -3, -4, -2.214297435588181, 5.0
265, 22, 887, 701, 889, 702, -2, -1, -2.677945044588987, 2.23606797749979
265, 23, 537, 478, 537, 482, 0, -4, -1.5707963267948966, 4.0
265, 25, 1043, 661, 1043, 666, 0, -5, -1.5707963267948966, 5.0
265, 26, 470, 234, 469, 237, 1, -3, -1.2490457723982544, 3.1622776601683795
265, 29, 840, 475, 838, 473, 2, 2, 0.7853981633974483, 2.8284271247461903
265, 30, 862, 519, 862, 515, 0, 4, 1.5707963267948966, 4.0
265, 31, 1025, 657, 1024, 662, 1, -5, -1.373400766945016, 5.0990195135927845
265, 32, 700, 549, 700, 545, 0, 4, 1.5707963267948966, 4.0
265, 34, 1245, 57, 1248, 58, -3, -1, -2.819842099193151, 3.1622776601683795
265, 35, 342, 674, 343, 670, -1, 4, 1.8157749899217608, 4.123105625617661
265, 36, 1235, 336, 1235, 332, 0, 4, 1.5707963267948966, 4.0
265, 37, 324, 688, 325, 684, -1, 4, 1.8157749899217608, 4.123105625617661
265, 39, 334, 701, 335, 710, -1, -9, -1.6814535479687922, 9.055385138137417
265, 40, 506, 197, 507, 202, -1, -5, -1.7681918866447774, 5.0990195135927845
265, 41, 499, 15, 496, 14, 3, 1, 0.3217505543966422, 3.1622776601683795
265, 42, 1229, 351, 1230, 348, -1, 3, 1.892546881191539, 3.1622776601683795
265, 45, 496, 23, 493, 23, 3, 0, 0.0, 3.0
265, 46, 633, 266, 633, 263, 0, 3, 1.5707963267948966, 3.0
265, 47, 520, 542, 521, 544, -1, -2, -2.0344439357957027, 2.23606797749979
265, 48, 1190, 401, 1189, 397, 1, 4, 1.3258176636680326, 4.123105625617661
265, 54, 974, 49, 977, 50, -3, -1, -2.819842099193151, 3.1622776601683795
265, 55, 865, 693, 870, 699, -5, -6, -2.2655346029916, 7.810249675906654
265, 56, 855, 696, 862, 703, -7, -7, -2.356194490192345, 9.899494936611665
265, 57, 197, 673, 196, 669, 1, 4, 1.3258176636680326, 4.123105625617661
265, 58, 860, 499, 860, 495, 0, 4, 1.5707963267948966, 4.0
265, 59, 872, 13, 872, 15, 0, -2, -1.5707963267948966, 2.0
265, 61, 497, 493, 497, 497, 0, -4, -1.5707963267948966, 4.0
265, 63, 300, 675, 303, 672, -3, 3, 2.356194490192345, 4.242640687119285
265, 64, 503, 219, 503, 222, 0, -3, -1.5707963267948966, 3.0
265, 65, 173, 140, 174, 138, -1, 2, 2.0344439357957027, 2.23606797749979
265, 66, 1259, 106, 1261, 109, -2, -3, -2.158798930342464, 3.605551275463989
265, 68, 517, 74, 513, 75, 4, -1, -0.24497866312686414, 4.123105625617661
265, 69, 696, 203, 697, 205, -1, -2, -2.0344439357957027, 2.23606797749979
265, 71, 1244, 83, 1248, 86, -4, -3, -2.498091544796509, 5.0
265, 72, 644, 310, 644, 307, 0, 3, 1.5707963267948966, 3.0
265, 73, 140, 156, 141, 154, -1, 2, 2.0344439357957027, 2.23606797749979
265, 74, 869, 666, 873, 669, -4, -3, -2.498091544796509, 5.0
265, 76, 991, 88, 992, 90, -1, -2, -2.0344439357957027, 2.23606797749979
265, 78, 735, 65, 735, 67, 0, -2, -1.5707963267948966, 2.0
265, 82, 500, 449, 501, 453, -1, -4, -1.8157749899217608, 4.123105625617661
265, 83, 845, 191, 845, 193, 0, -2, -1.5707963267948966, 2.0
265, 84, 1236, 296, 1236, 292, 0, 4, 1.5707963267948966, 4.0
265, 85, 1198, 146, 1201, 146, -3, 0, 3.141592653589793, 3.0
265, 86, 706, 123, 706, 125, 0, -2, -1.5707963267948966, 2.0
265, 89, 143, 129, 144, 127, -1, 2, 2.0344439357957027, 2.23606797749979
265, 90, 884, 598, 889, 602, -5, -4, -2.4668517113662407, 6.4031242374328485
265, 91, 133, 11, 131, 11, 2, 0, 0.0, 2.0
265, 93, 684, 584, 684, 580, 0, 4, 1.5707963267948966, 4.0
265, 94, 510, 424, 512, 428, -2, -4, -2.0344439357957027, 4.47213595499958
265, 95, 167, 172, 168, 171, -1, 1, 2.356194490192345, 1.4142135623730951
265, 96, 827, 507, 826, 501, 1, 6, 1.4056476493802699, 6.082762530298219
265, 99, 694, 635, 695, 630, -1, 5, 1.7681918866447774, 5.0990195135927845
265, 100, 836, 116, 836, 120, 0, -4, -1.5707963267948966, 4.0
265, 102, 838, 181, 839, 184, -1, -3, -1.892546881191539, 3.1622776601683795
265, 106, 1194, 316, 1194, 313, 0, 3, 1.5707963267948966, 3.0
265, 107, 1220, 78, 1224, 80, -4, -2, -2.677945044588987, 4.47213595499958
265, 108, 1238, 305, 1239, 302, -1, 3, 1.892546881191539, 3.1622776601683795
265, 110, 651, 319, 651, 316, 0, 3, 1.5707963267948966, 3.0
265, 113, 920, 662, 925, 666, -5, -4, -2.4668517113662407, 6.4031242374328485
265, 119, 718, 546, 718, 543, 0, 3, 1.5707963267948966, 3.0
265, 120, 622, 331, 622, 329, 0, 2, 1.5707963267948966, 2.0
265, 122, 918, 640, 922, 642, -4, -2, -2.677945044588987, 4.47213595499958
265, 123, 690, 575, 690, 571, 0, 4, 1.5707963267948966, 4.0
265, 127, 149, 102, 150, 100, -1, 2, 2.0344439357957027, 2.23606797749979
265, 130, 907, 673, 911, 677, -4, -4, -2.356194490192345, 5.656854249492381
265, 131, 986, 56, 988, 58, -2, -2, -2.356194490192345, 2.8284271247461903
265, 132, 848, 571, 850, 568, -2, 3, 2.158798930342464, 3.605551275463989
265, 134, 987, 16, 990, 18, -3, -2, -2.5535900500422257, 3.605551275463989
265, 136, 640, 269, 640, 266, 0, 3, 1.5707963267948966, 3.0
265, 137, 142, 173, 143, 171, -1, 2, 2.0344439357957027, 2.23606797749979
265, 140, 856, 114, 856, 118, 0, -4, -1.5707963267948966, 4.0
265, 141, 661, 80, 661, 78, 0, 2, 1.5707963267948966, 2.0
265, 142, 504, 183, 504, 185, 0, -2, -1.5707963267948966, 2.0
265, 144, 878, 21, 877, 23, 1, -2, -1.1071487177940904, 2.23606797749979
265, 145, 1252, 63, 1255, 64, -3, -1, -2.819842099193151, 3.1622776601683795
265, 146, 706, 540, 706, 536, 0, 4, 1.5707963267948966, 4.0
265, 147, 136, 93, 138, 91, -2, 2, 2.356194490192345, 2.8284271247461903
265, 148, 830, 144, 831, 148, -1, -4, -1.8157749899217608, 4.123105625617661
265, 149, 533, 493, 534, 498, -1, -5, -1.7681918866447774, 5.0990195135927845
265, 150, 715, 540, 715, 536, 0, 4, 1.5707963267948966, 4.0
265, 151, 727, 616, 728, 613, -1, 3, 1.892546881191539, 3.1622776601683795
265, 152, 1197, 390, 1196, 389, 1, 1, 0.7853981633974483, 1.4142135623730951
265, 153, 126, 11, 124, 11, 2, 0, 0.0, 2.0
265, 154, 147, 181, 149, 178, -2, 3, 2.158798930342464, 3.605551275463989
265, 157, 885, 701, 885, 712, 0, -11, -1.5707963267948966, 11.0
265, 160, 172, 126, 173, 124, -1, 2, 2.0344439357957027, 2.23606797749979
265, 161, 691, 161, 691, 163, 0, -2, -1.5707963267948966, 2.0
265, 163, 844, 470, 843, 466, 1, 4, 1.3258176636680326, 4.123105625617661
265, 165, 880, 664, 883, 667, -3, -3, -2.356194490192345, 4.242640687119285
265, 168, 626, 350, 626, 345, 0, 5, 1.5707963267948966, 5.0
265, 172, 625, 311, 625, 309, 0, 2, 1.5707963267948966, 2.0
265, 173, 322, 636, 324, 632, -2, 4, 2.0344439357957027, 4.47213595499958
266, 1, 851, 106, 851, 109, 0, -3, -1.5707963267948966, 3.0
266, 2, 168, 148, 169, 146, -1, 2, 2.0344439357957027, 2.23606797749979
266, 6, 18, 208, 19, 204, -1, 4, 1.8157749899217608, 4.123105625617661
266, 8, 842, 105, 842, 109, 0, -4, -1.5707963267948966, 4.0
266, 10, 502, 58, 500, 59, 2, -1, -0.4636476090008061, 2.23606797749979
266, 11, 858, 483, 857, 479, 1, 4, 1.3258176636680326, 4.123105625617661
266, 13, 678, 49, 679, 47, -1, 2, 2.0344439357957027, 2.23606797749979
266, 14, 476, 237, 475, 239, 1, -2, -1.1071487177940904, 2.23606797749979
266, 15, 701, 136, 701, 138, 0, -2, -1.5707963267948966, 2.0
266, 16, 1049, 684, 1050, 690, -1, -6, -1.7359450042095235, 6.082762530298219
266, 17, 848, 96, 848, 99, 0, -3, -1.5707963267948966, 3.0
266, 18, 994, 14, 997, 16, -3, -2, -2.5535900500422257, 3.605551275463989
266, 19, 884, 673, 888, 677, -4, -4, -2.356194490192345, 5.656854249492381
266, 21, 885, 701, 887, 701, -2, 0, 3.141592653589793, 2.0
266, 22, 536, 474, 537, 478, -1, -4, -1.8157749899217608, 4.123105625617661
266, 23, 1043, 656, 1043, 661, 0, -5, -1.5707963267948966, 5.0
266, 27, 842, 478, 840, 475, 2, 3, 0.982793723247329, 3.605551275463989
266, 28, 862, 523, 862, 519, 0, 4, 1.5707963267948966, 4.0
266, 29, 1026, 652, 1025, 657, 1, -5, -1.373400766945016, 5.0990195135927845
266, 30, 700, 553, 700, 549, 0, 4, 1.5707963267948966, 4.0
266, 32, 1242, 56, 1245, 57, -3, -1, -2.819842099193151, 3.1622776601683795
266, 33, 341, 678, 342, 674, -1, 4, 1.8157749899217608, 4.123105625617661
266, 34, 1235, 340, 1235, 336, 0, 4, 1.5707963267948966, 4.0
266, 35, 322, 691, 324, 688, -2, 3, 2.158798930342464, 3.605551275463989
266, 38, 505, 193, 506, 197, -1, -4, -1.8157749899217608, 4.123105625617661
266, 39, 501, 15, 499, 15, 2, 0, 0.0, 2.0
266, 40, 1228, 354, 1229, 351, -1, 3, 1.892546881191539, 3.1622776601683795
266, 41, 33, 110, 34, 109, -1, 1, 2.356194490192345, 1.4142135623730951
266, 43, 499, 24, 496, 23, 3, 1, 0.3217505543966422, 3.1622776601683795
266, 44, 632, 269, 633, 266, -1, 3, 1.892546881191539, 3.1622776601683795
266, 45, 519, 539, 520, 542, -1, -3, -1.892546881191539, 3.1622776601683795
266, 46, 1191, 406, 1190, 401, 1, 5, 1.373400766945016, 5.0990195135927845
266, 52, 971, 48, 974, 49, -3, -1, -2.819842099193151, 3.1622776601683795
266, 53, 861, 686, 865, 693, -4, -7, -2.0899424410414196, 8.06225774829855
266, 54, 850, 688, 855, 696, -5, -8, -2.129395642138459, 9.433981132056603
266, 55, 198, 677, 197, 673, 1, 4, 1.3258176636680326, 4.123105625617661
266, 56, 860, 503, 860, 499, 0, 4, 1.5707963267948966, 4.0
266, 58, 496, 489, 497, 493, -1, -4, -1.8157749899217608, 4.123105625617661
266, 60, 297, 679, 300, 675, -3, 4, 2.214297435588181, 5.0
266, 61, 503, 217, 503, 219, 0, -2, -1.5707963267948966, 2.0
266, 62, 172, 142, 173, 140, -1, 2, 2.0344439357957027, 2.23606797749979
266, 63, 1257, 103, 1259, 106, -2, -3, -2.158798930342464, 3.605551275463989
266, 65, 519, 75, 517, 74, 2, 1, 0.4636476090008061, 2.23606797749979
266, 66, 1253, 207, 1253, 205, 0, 2, 1.5707963267948966, 2.0
266, 67, 1240, 81, 1244, 83, -4, -2, -2.677945044588987, 4.47213595499958
266, 68, 644, 313, 644, 310, 0, 3, 1.5707963267948966, 3.0
266, 69, 139, 158, 140, 156, -1, 2, 2.0344439357957027, 2.23606797749979
266, 70, 865, 664, 869, 666, -4, -2, -2.677945044588987, 4.47213595499958
266, 72, 989, 85, 991, 88, -2, -3, -2.158798930342464, 3.605551275463989
266, 73, 734, 63, 735, 65, -1, -2, -2.0344439357957027, 2.23606797749979
266, 77, 498, 445, 500, 449, -2, -4, -2.0344439357957027, 4.47213595499958
266, 78, 845, 189, 845, 191, 0, -2, -1.5707963267948966, 2.0
266, 79, 1235, 300, 1236, 296, -1, 4, 1.8157749899217608, 4.123105625617661
266, 80, 1195, 146, 1198, 146, -3, 0, 3.141592653589793, 3.0
266, 81, 706, 121, 706, 123, 0, -2, -1.5707963267948966, 2.0
266, 83, 142, 132, 143, 129, -1, 3, 1.892546881191539, 3.1622776601683795
266, 84, 879, 594, 884, 598, -5, -4, -2.4668517113662407, 6.4031242374328485
266, 85, 135, 11, 133, 11, 2, 0, 0.0, 2.0
266, 87, 684, 588, 684, 584, 0, 4, 1.5707963267948966, 4.0
266, 88, 508, 419, 510, 424, -2, -5, -1.9513027039072615, 5.385164807134504
266, 89, 165, 173, 167, 172, -2, 1, 2.677945044588987, 2.23606797749979
266, 90, 827, 513, 827, 507, 0, 6, 1.5707963267948966, 6.0
266, 93, 693, 639, 694, 635, -1, 4, 1.8157749899217608, 4.123105625617661
266, 94, 836, 112, 836, 116, 0, -4, -1.5707963267948966, 4.0
266, 95, 287, 352, 288, 351, -1, 1, 2.356194490192345, 1.4142135623730951
266, 96, 837, 179, 838, 181, -1, -2, -2.0344439357957027, 2.23606797749979
266, 100, 1194, 320, 1194, 316, 0, 4, 1.5707963267948966, 4.0
266, 101, 1216, 76, 1220, 78, -4, -2, -2.677945044588987, 4.47213595499958
266, 102, 1237, 308, 1238, 305, -1, 3, 1.892546881191539, 3.1622776601683795
266, 104, 651, 322, 651, 319, 0, 3, 1.5707963267948966, 3.0
266, 107, 915, 658, 920, 662, -5, -4, -2.4668517113662407, 6.4031242374328485
266, 113, 717, 550, 718, 546, -1, 4, 1.8157749899217608, 4.123105625617661
266, 114, 621, 332, 622, 331, -1, 1, 2.356194490192345, 1.4142135623730951
266, 116, 914, 639, 918, 640, -4, -1, -2.896613990462929, 4.123105625617661
266, 117, 690, 579, 690, 575, 0, 4, 1.5707963267948966, 4.0
266, 121, 147, 105, 149, 102, -2, 3, 2.158798930342464, 3.605551275463989
266, 124, 903, 669, 907, 673, -4, -4, -2.356194490192345, 5.656854249492381
266, 125, 983, 54, 986, 56, -3, -2, -2.5535900500422257, 3.605551275463989
266, 126, 848, 575, 848, 571, 0, 4, 1.5707963267948966, 4.0
266, 128, 984, 14, 987, 16, -3, -2, -2.5535900500422257, 3.605551275463989
266, 130, 639, 272, 640, 269, -1, 3, 1.892546881191539, 3.1622776601683795
266, 131, 141, 175, 142, 173, -1, 2, 2.0344439357957027, 2.23606797749979
266, 134, 856, 111, 856, 114, 0, -3, -1.5707963267948966, 3.0
266, 135, 660, 82, 661, 80, -1, 2, 2.0344439357957027, 2.23606797749979
266, 139, 1249, 62, 1252, 63, -3, -1, -2.819842099193151, 3.1622776601683795
266, 140, 705, 544, 706, 540, -1, 4, 1.8157749899217608, 4.123105625617661
266, 141, 134, 96, 136, 93, -2, 3, 2.158798930342464, 3.605551275463989
266, 142, 829, 140, 830, 144, -1, -4, -1.8157749899217608, 4.123105625617661
266, 143, 532, 489, 533, 493, -1, -4, -1.8157749899217608, 4.123105625617661
266, 144, 714, 544, 715, 540, -1, 4, 1.8157749899217608, 4.123105625617661
266, 145, 726, 620, 727, 616, -1, 4, 1.8157749899217608, 4.123105625617661
266, 146, 1198, 391, 1197, 390, 1, 1, 0.7853981633974483, 1.4142135623730951
266, 147, 128, 11, 126, 11, 2, 0, 0.0, 2.0
266, 148, 145, 183, 147, 181, -2, 2, 2.356194490192345, 2.8284271247461903
266, 151, 883, 701, 885, 701, -2, 0, 3.141592653589793, 2.0
266, 154, 171, 128, 172, 126, -1, 2, 2.0344439357957027, 2.23606797749979
266, 155, 691, 159, 691, 161, 0, -2, -1.5707963267948966, 2.0
266, 157, 845, 474, 844, 470, 1, 4, 1.3258176636680326, 4.123105625617661
266, 159, 877, 661, 880, 664, -3, -3, -2.356194490192345, 4.242640687119285
266, 162, 626, 355, 626, 350, 0, 5, 1.5707963267948966, 5.0
266, 165, 648, 120, 649, 119, -1, 1, 2.356194490192345, 1.4142135623730951
266, 166, 625, 313, 625, 311, 0, 2, 1.5707963267948966, 2.0
266, 167, 320, 640, 322, 636, -2, 4, 2.0344439357957027, 4.47213595499958
267, 1, 851, 104, 851, 106, 0, -2, -1.5707963267948966, 2.0
267, 2, 167, 150, 168, 148, -1, 2, 2.0344439357957027, 2.23606797749979
267, 6, 17, 212, 18, 208, -1, 4, 1.8157749899217608, 4.123105625617661
267, 8, 842, 102, 842, 105, 0, -3, -1.5707963267948966, 3.0
267, 10, 505, 58, 502, 58, 3, 0, 0.0, 3.0
267, 11, 858, 487, 858, 483, 0, 4, 1.5707963267948966, 4.0
267, 13, 677, 51, 678, 49, -1, 2, 2.0344439357957027, 2.23606797749979
267, 15, 701, 134, 701, 136, 0, -2, -1.5707963267948966, 2.0
267, 16, 1048, 679, 1049, 684, -1, -5, -1.7681918866447774, 5.0990195135927845
267, 17, 848, 93, 848, 96, 0, -3, -1.5707963267948966, 3.0
267, 18, 991, 12, 994, 14, -3, -2, -2.5535900500422257, 3.605551275463989
267, 19, 880, 670, 884, 673, -4, -3, -2.498091544796509, 5.0
267, 21, 881, 701, 885, 701, -4, 0, 3.141592653589793, 4.0
267, 22, 536, 472, 536, 474, 0, -2, -1.5707963267948966, 2.0
267, 23, 1043, 651, 1043, 656, 0, -5, -1.5707963267948966, 5.0
267, 27, 844, 481, 842, 478, 2, 3, 0.982793723247329, 3.605551275463989
267, 28, 863, 527, 862, 523, 1, 4, 1.3258176636680326, 4.123105625617661
267, 29, 1026, 647, 1026, 652, 0, -5, -1.5707963267948966, 5.0
267, 30, 700, 556, 700, 553, 0, 3, 1.5707963267948966, 3.0
267, 32, 1239, 56, 1242, 56, -3, 0, 3.141592653589793, 3.0
267, 33, 340, 681, 341, 678, -1, 3, 1.892546881191539, 3.1622776601683795
267, 34, 1234, 344, 1235, 340, -1, 4, 1.8157749899217608, 4.123105625617661
267, 35, 320, 694, 322, 691, -2, 3, 2.158798930342464, 3.605551275463989
267, 38, 504, 190, 505, 193, -1, -3, -1.892546881191539, 3.1622776601683795
267, 39, 503, 15, 501, 15, 2, 0, 0.0, 2.0
267, 40, 1227, 357, 1228, 354, -1, 3, 1.892546881191539, 3.1622776601683795
267, 41, 32, 111, 33, 110, -1, 1, 2.356194490192345, 1.4142135623730951
267, 43, 502, 24, 499, 24, 3, 0, 0.0, 3.0
267, 44, 631, 272, 632, 269, -1, 3, 1.892546881191539, 3.1622776601683795
267, 45, 518, 534, 519, 539, -1, -5, -1.7681918866447774, 5.0990195135927845
267, 46, 1192, 410, 1191, 406, 1, 4, 1.3258176636680326, 4.123105625617661
267, 50, 938, 13, 939, 12, -1, 1, 2.356194490192345, 1.4142135623730951
267, 52, 968, 46, 971, 48, -3, -2, -2.5535900500422257, 3.605551275463989
267, 53, 857, 681, 861, 686, -4, -5, -2.2455372690184494, 6.4031242374328485
267, 54, 846, 682, 850, 688, -4, -6, -2.158798930342464, 7.211102550927978
267, 55, 198, 681, 198, 677, 0, 4, 1.5707963267948966, 4.0
267, 56, 860, 507, 860, 503, 0, 4, 1.5707963267948966, 4.0
267, 58, 495, 487, 496, 489, -1, -2, -2.0344439357957027, 2.23606797749979
267, 60, 294, 683, 297, 679, -3, 4, 2.214297435588181, 5.0
267, 61, 503, 215, 503, 217, 0, -2, -1.5707963267948966, 2.0
267, 62, 170, 144, 172, 142, -2, 2, 2.356194490192345, 2.8284271247461903
267, 63, 1254, 100, 1257, 103, -3, -3, -2.356194490192345, 4.242640687119285
267, 65, 520, 76, 519, 75, 1, 1, 0.7853981633974483, 1.4142135623730951
267, 66, 1253, 209, 1253, 207, 0, 2, 1.5707963267948966, 2.0
267, 67, 1235, 79, 1240, 81, -5, -2, -2.761086276477428, 5.385164807134504
267, 68, 644, 316, 644, 313, 0, 3, 1.5707963267948966, 3.0
267, 69, 138, 161, 139, 158, -1, 3, 1.892546881191539, 3.1622776601683795
267, 70, 862, 663, 865, 664, -3, -1, -2.819842099193151, 3.1622776601683795
267, 72, 987, 83, 989, 85, -2, -2, -2.356194490192345, 2.8284271247461903
267, 73, 733, 61, 734, 63, -1, -2, -2.0344439357957027, 2.23606797749979
267, 77, 496, 441, 498, 445, -2, -4, -2.0344439357957027, 4.47213595499958
267, 79, 1234, 304, 1235, 300, -1, 4, 1.8157749899217608, 4.123105625617661
267, 80, 1190, 144, 1195, 146, -5, -2, -2.761086276477428, 5.385164807134504
267, 81, 706, 119, 706, 121, 0, -2, -1.5707963267948966, 2.0
267, 83, 140, 135, 142, 132, -2, 3, 2.158798930342464, 3.605551275463989
267, 84, 875, 591, 879, 594, -4, -3, -2.498091544796509, 5.0
267, 85, 138, 10, 135, 11, 3, -1, -0.3217505543966422, 3.1622776601683795
267, 87, 684, 593, 684, 588, 0, 5, 1.5707963267948966, 5.0
267, 88, 506, 414, 508, 419, -2, -5, -1.9513027039072615, 5.385164807134504
267, 89, 163, 173, 165, 173, -2, 0, 3.141592653589793, 2.0
267, 90, 827, 518, 827, 513, 0, 5, 1.5707963267948966, 5.0
267, 93, 693, 642, 693, 639, 0, 3, 1.5707963267948966, 3.0
267, 94, 835, 109, 836, 112, -1, -3, -1.892546881191539, 3.1622776601683795
267, 96, 645, 37, 645, 35, 0, 2, 1.5707963267948966, 2.0
267, 97, 1258, 169, 1258, 167, 0, 2, 1.5707963267948966, 2.0
267, 99, 1193, 324, 1194, 320, -1, 4, 1.8157749899217608, 4.123105625617661
267, 100, 1211, 75, 1216, 76, -5, -1, -2.9441970937399127, 5.0990195135927845
267, 101, 1236, 312, 1237, 308, -1, 4, 1.8157749899217608, 4.123105625617661
267, 103, 650, 325, 651, 322, -1, 3, 1.892546881191539, 3.1622776601683795
267, 106, 910, 654, 915, 658, -5, -4, -2.4668517113662407, 6.4031242374328485
267, 107, 9, 231, 10, 230, -1, 1, 2.356194490192345, 1.4142135623730951
267, 109, 307, 318, 308, 317, -1, 1, 2.356194490192345, 1.4142135623730951
267, 111, 639, 367, 640, 366, -1, 1, 2.356194490192345, 1.4142135623730951
267, 112, 716, 554, 717, 550, -1, 4, 1.8157749899217608, 4.123105625617661
267, 113, 620, 333, 621, 332, -1, 1, 2.356194490192345, 1.4142135623730951
267, 115, 910, 638, 914, 639, -4, -1, -2.896613990462929, 4.123105625617661
267, 116, 690, 583, 690, 579, 0, 4, 1.5707963267948966, 4.0
267, 120, 145, 108, 147, 105, -2, 3, 2.158798930342464, 3.605551275463989
267, 123, 898, 665, 903, 669, -5, -4, -2.4668517113662407, 6.4031242374328485
267, 124, 980, 53, 983, 54, -3, -1, -2.819842099193151, 3.1622776601683795
267, 125, 847, 577, 848, 575, -1, 2, 2.0344439357957027, 2.23606797749979
267, 126, 981, 12, 984, 14, -3, -2, -2.5535900500422257, 3.605551275463989
267, 128, 638, 275, 639, 272, -1, 3, 1.892546881191539, 3.1622776601683795
267, 129, 140, 178, 141, 175, -1, 3, 1.892546881191539, 3.1622776601683795
267, 132, 856, 109, 856, 111, 0, -2, -1.5707963267948966, 2.0
267, 133, 659, 84, 660, 82, -1, 2, 2.0344439357957027, 2.23606797749979
267, 135, 1246, 62, 1249, 62, -3, 0, 3.141592653589793, 3.0
267, 136, 704, 548, 705, 544, -1, 4, 1.8157749899217608, 4.123105625617661
267, 137, 131, 99, 134, 96, -3, 3, 2.356194490192345, 4.242640687119285
267, 138, 828, 137, 829, 140, -1, -3, -1.892546881191539, 3.1622776601683795
267, 139, 531, 486, 532, 489, -1, -3, -1.892546881191539, 3.1622776601683795
267, 140, 713, 548, 714, 544, -1, 4, 1.8157749899217608, 4.123105625617661
267, 141, 725, 623, 726, 620, -1, 3, 1.892546881191539, 3.1622776601683795
267, 143, 131, 10, 128, 11, 3, -1, -0.3217505543966422, 3.1622776601683795
267, 144, 144, 186, 145, 183, -1, 3, 1.892546881191539, 3.1622776601683795
267, 145, 1247, 239, 1248, 238, -1, 1, 2.356194490192345, 1.4142135623730951
267, 147, 879, 701, 883, 701, -4, 0, 3.141592653589793, 4.0
267, 148, 31, 83, 32, 82, -1, 1, 2.356194490192345, 1.4142135623730951
267, 149, 649, 47, 650, 45, -1, 2, 2.0344439357957027, 2.23606797749979
267, 150, 169, 130, 171, 128, -2, 2, 2.356194490192345, 2.8284271247461903
267, 151, 691, 156, 691, 159, 0, -3, -1.5707963267948966, 3.0
267, 153, 846, 478, 845, 474, 1, 4, 1.3258176636680326, 4.123105625617661
267, 155, 874, 659, 877, 661, -3, -2, -2.5535900500422257, 3.605551275463989
267, 158, 626, 359, 626, 355, 0, 4, 1.5707963267948966, 4.0
267, 161, 648, 122, 648, 120, 0, 2, 1.5707963267948966, 2.0
267, 162, 624, 315, 625, 313, -1, 2, 2.0344439357957027, 2.23606797749979
267, 163, 318, 644, 320, 640, -2, 4, 2.0344439357957027, 4.47213595499958
268, 1, 851, 101, 851, 104, 0, -3, -1.5707963267948966, 3.0
268, 2, 165, 153, 167, 150, -2, 3, 2.158798930342464, 3.605551275463989
268, 4, 241, 326, 243, 326, -2, 0, 3.141592653589793, 2.0
268, 5, 744, 35, 746, 34, -2, 1, 2.677945044588987, 2.23606797749979
268, 6, 16, 216, 17, 212, -1, 4, 1.8157749899217608, 4.123105625617661
268, 7, 495, 76, 492, 75, 3, 1, 0.3217505543966422, 3.1622776601683795
268, 8, 842, 99, 842, 102, 0, -3, -1.5707963267948966, 3.0
268, 10, 509, 59, 505, 58, 4, 1, 0.24497866312686414, 4.123105625617661
268, 11, 858, 490, 858, 487, 0, 3, 1.5707963267948966, 3.0
268, 13, 676, 54, 677, 51, -1, 3, 1.892546881191539, 3.1622776601683795
268, 14, 477, 235, 476, 236, 1, -1, -0.7853981633974483, 1.4142135623730951
268, 15, 700, 129, 701, 134, -1, -5, -1.7681918866447774, 5.0990195135927845
268, 16, 1047, 672, 1048, 679, -1, -7, -1.7126933813990606, 7.0710678118654755
268, 17, 848, 90, 848, 93, 0, -3, -1.5707963267948966, 3.0
268, 18, 987, 8, 991, 12, -4, -4, -2.356194490192345, 5.656854249492381
268, 19, 878, 667, 880, 670, -2, -3, -2.158798930342464, 3.605551275463989
268, 21, 877, 701, 881, 701, -4, 0, 3.141592653589793, 4.0
268, 23, 1042, 646, 1043, 651, -1, -5, -1.7681918866447774, 5.0990195135927845
268, 25, 252, 384, 253, 383, -1, 1, 2.356194490192345, 1.4142135623730951
268, 26, 847, 484, 844, 481, 3, 3, 0.7853981633974483, 4.242640687119285
268, 27, 865, 528, 863, 527, 2, 1, 0.4636476090008061, 2.23606797749979
268, 28, 1027, 643, 1026, 647, 1, -4, -1.3258176636680326, 4.123105625617661
268, 29, 701, 559, 700, 556, 1, 3, 1.2490457723982544, 3.1622776601683795
268, 30, 1234, 55, 1239, 56, -5, -1, -2.9441970937399127, 5.0990195135927845
268, 31, 339, 684, 340, 681, -1, 3, 1.892546881191539, 3.1622776601683795
268, 32, 1233, 349, 1234, 344, -1, 5, 1.7681918866447774, 5.0990195135927845
268, 33, 320, 696, 320, 694, 0, 2, 1.5707963267948966, 2.0
268, 34, 282, 372, 284, 372, -2, 0, 3.141592653589793, 2.0
268, 35, 329, 701, 332, 701, -3, 0, 3.141592653589793, 3.0
268, 36, 502, 186, 504, 190, -2, -4, -2.0344439357957027, 4.47213595499958
268, 37, 505, 16, 503, 15, 2, 1, 0.4636476090008061, 2.23606797749979
268, 38, 1226, 362, 1227, 357, -1, 5, 1.7681918866447774, 5.0990195135927845
268, 39, 31, 112, 32, 111, -1, 1, 2.356194490192345, 1.4142135623730951
268, 40, 230, 316, 232, 317, -2, -1, -2.677945044588987, 2.23606797749979
268, 41, 506, 25, 502, 24, 4, 1, 0.24497866312686414, 4.123105625617661
268, 42, 630, 276, 631, 272, -1, 4, 1.8157749899217608, 4.123105625617661
268, 43, 518, 524, 518, 534, 0, -10, -1.5707963267948966, 10.0
268, 44, 1193, 415, 1192, 410, 1, 5, 1.373400766945016, 5.0990195135927845
268, 49, 757, 17, 759, 17, -2, 0, 3.141592653589793, 2.0
268, 50, 965, 43, 968, 46, -3, -3, -2.356194490192345, 4.242640687119285
268, 51, 855, 675, 857, 681, -2, -6, -1.892546881191539, 6.324555320336759
268, 52, 841, 676, 846, 682, -5, -6, -2.2655346029916, 7.810249675906654
268, 53, 198, 684, 198, 681, 0, 3, 1.5707963267948966, 3.0
268, 54, 860, 511, 860, 507, 0, 4, 1.5707963267948966, 4.0
268, 56, 494, 485, 495, 487, -1, -2, -2.0344439357957027, 2.23606797749979
268, 57, 1246, 220, 1246, 217, 0, 3, 1.5707963267948966, 3.0
268, 58, 290, 686, 294, 683, -4, 3, 2.498091544796509, 5.0
268, 59, 503, 212, 503, 215, 0, -3, -1.5707963267948966, 3.0
268, 60, 167, 148, 170, 144, -3, 4, 2.214297435588181, 5.0
268, 61, 1251, 98, 1254, 100, -3, -2, -2.5535900500422257, 3.605551275463989
268, 63, 522, 77, 520, 76, 2, 1, 0.4636476090008061, 2.23606797749979
268, 64, 1253, 212, 1253, 209, 0, 3, 1.5707963267948966, 3.0
268, 65, 1230, 78, 1235, 79, -5, -1, -2.9441970937399127, 5.0990195135927845
268, 66, 644, 319, 644, 316, 0, 3, 1.5707963267948966, 3.0
268, 67, 135, 164, 138, 161, -3, 3, 2.356194490192345, 4.242640687119285
268, 68, 861, 658, 862, 663, -1, -5, -1.7681918866447774, 5.0990195135927845
268, 70, 984, 82, 987, 83, -3, -1, -2.819842099193151, 3.1622776601683795
268, 71, 732, 57, 733, 61, -1, -4, -1.8157749899217608, 4.123105625617661
268, 75, 495, 436, 496, 441, -1, -5, -1.7681918866447774, 5.0990195135927845
268, 76, 844, 186, 845, 188, -1, -2, -2.0344439357957027, 2.23606797749979
268, 77, 1233, 308, 1234, 304, -1, 4, 1.8157749899217608, 4.123105625617661
268, 78, 705, 114, 706, 119, -1, -5, -1.7681918866447774, 5.0990195135927845
268, 79, 328, 401, 329, 400, -1, 1, 2.356194490192345, 1.4142135623730951
268, 80, 137, 139, 140, 135, -3, 4, 2.214297435588181, 5.0
268, 81, 871, 587, 875, 591, -4, -4, -2.356194490192345, 5.656854249492381
268, 82, 141, 10, 138, 10, 3, 0, 0.0, 3.0
268, 84, 684, 596, 684, 593, 0, 3, 1.5707963267948966, 3.0
268, 85, 504, 406, 506, 414, -2, -8, -1.8157749899217608, 8.246211251235321
268, 86, 161, 174, 163, 173, -2, 1, 2.677945044588987, 2.23606797749979
268, 87, 827, 521, 827, 518, 0, 3, 1.5707963267948966, 3.0
268, 88, 759, 29, 761, 29, -2, 0, 3.141592653589793, 2.0
268, 89, 265, 390, 266, 389, -1, 1, 2.356194490192345, 1.4142135623730951
268, 90, 691, 645, 693, 642, -2, 3, 2.158798930342464, 3.605551275463989
268, 91, 834, 105, 835, 109, -1, -4, -1.8157749899217608, 4.123105625617661
268, 92, 284, 352, 286, 352, -2, 0, 3.141592653589793, 2.0
268, 93, 645, 40, 645, 37, 0, 3, 1.5707963267948966, 3.0
268, 94, 1259, 172, 1258, 169, 1, 3, 1.2490457723982544, 3.1622776601683795
268, 95, 823, 41, 824, 40, -1, 1, 2.356194490192345, 1.4142135623730951
268, 96, 1192, 328, 1193, 324, -1, 4, 1.8157749899217608, 4.123105625617661
268, 97, 1205, 73, 1211, 75, -6, -2, -2.819842099193151, 6.324555320336759
268, 98, 1235, 315, 1236, 312, -1, 3, 1.892546881191539, 3.1622776601683795
268, 100, 650, 328, 650, 325, 0, 3, 1.5707963267948966, 3.0
268, 101, 244, 311, 246, 312, -2, -1, -2.677945044588987, 2.23606797749979
268, 103, 905, 649, 910, 654, -5, -5, -2.356194490192345, 7.0710678118654755
268, 105, 305, 318, 307, 318, -2, 0, 3.141592653589793, 2.0
268, 107, 638, 370, 639, 367, -1, 3, 1.892546881191539, 3.1622776601683795
268, 108, 713, 556, 716, 554, -3, 2, 2.5535900500422257, 3.605551275463989
268, 109, 619, 335, 620, 333, -1, 2, 2.0344439357957027, 2.23606797749979
268, 111, 907, 639, 910, 638, -3, 1, 2.819842099193151, 3.1622776601683795
268, 112, 691, 584, 690, 583, 1, 1, 0.7853981633974483, 1.4142135623730951
268, 113, 328, 371, 329, 370, -1, 1, 2.356194490192345, 1.4142135623730951
268, 115, 290, 307, 291, 306, -1, 1, 2.356194490192345, 1.4142135623730951
268, 116, 144, 110, 145, 108, -1, 2, 2.0344439357957027, 2.23606797749979
268, 117, 280, 322, 281, 321, -1, 1, 2.356194490192345, 1.4142135623730951
268, 118, 893, 661, 898, 665, -5, -4, -2.4668517113662407, 6.4031242374328485
268, 119, 977, 51, 980, 53, -3, -2, -2.5535900500422257, 3.605551275463989
268, 120, 846, 578, 847, 577, -1, 1, 2.356194490192345, 1.4142135623730951
268, 121, 977, 9, 981, 12, -4, -3, -2.498091544796509, 5.0
268, 123, 637, 279, 638, 275, -1, 4, 1.8157749899217608, 4.123105625617661
268, 124, 138, 181, 140, 178, -2, 3, 2.158798930342464, 3.605551275463989
268, 125, 60, 109, 62, 109, -2, 0, 3.141592653589793, 2.0
268, 127, 856, 106, 856, 109, 0, -3, -1.5707963267948966, 3.0
268, 128, 658, 86, 659, 84, -1, 2, 2.0344439357957027, 2.23606797749979
268, 129, 321, 332, 323, 332, -2, 0, 3.141592653589793, 2.0
268, 130, 1241, 61, 1246, 62, -5, -1, -2.9441970937399127, 5.0990195135927845
268, 131, 704, 551, 704, 548, 0, 3, 1.5707963267948966, 3.0
268, 132, 129, 100, 131, 99, -2, 1, 2.677945044588987, 2.23606797749979
268, 133, 828, 135, 828, 137, 0, -2, -1.5707963267948966, 2.0
268, 135, 712, 552, 713, 548, -1, 4, 1.8157749899217608, 4.123105625617661
268, 136, 725, 626, 725, 623, 0, 3, 1.5707963267948966, 3.0
268, 138, 134, 10, 131, 10, 3, 0, 0.0, 3.0
268, 139, 142, 189, 144, 186, -2, 3, 2.158798930342464, 3.605551275463989
268, 141, 750, 28, 752, 28, -2, 0, 3.141592653589793, 2.0
268, 142, 876, 701, 879, 701, -3, 0, 3.141592653589793, 3.0
268, 143, 29, 84, 31, 83, -2, 1, 2.677945044588987, 2.23606797749979
268, 144, 648, 50, 649, 47, -1, 3, 1.892546881191539, 3.1622776601683795
268, 145, 166, 132, 169, 130, -3, 2, 2.5535900500422257, 3.605551275463989
268, 146, 691, 151, 691, 156, 0, -5, -1.5707963267948966, 5.0
268, 147, 263, 379, 264, 378, -1, 1, 2.356194490192345, 1.4142135623730951
268, 148, 848, 482, 846, 478, 2, 4, 1.1071487177940904, 4.47213595499958
268, 149, 316, 385, 317, 384, -1, 1, 2.356194490192345, 1.4142135623730951
268, 150, 872, 654, 874, 659, -2, -5, -1.9513027039072615, 5.385164807134504
268, 151, 268, 319, 269, 318, -1, 1, 2.356194490192345, 1.4142135623730951
268, 152, 262, 402, 263, 401, -1, 1, 2.356194490192345, 1.4142135623730951
268, 153, 626, 362, 626, 359, 0, 3, 1.5707963267948966, 3.0
268, 156, 648, 124, 648, 122, 0, 2, 1.5707963267948966, 2.0
268, 157, 623, 319, 624, 315, -1, 4, 1.8157749899217608, 4.123105625617661
268, 158, 315, 648, 318, 644, -3, 4, 2.214297435588181, 5.0
268, 159, 235, 311, 237, 312, -2, -1, -2.677945044588987, 2.23606797749979
269, 2, 164, 155, 165, 153, -1, 2, 2.0344439357957027, 2.23606797749979
269, 4, 15, 220, 16, 216, -1, 4, 1.8157749899217608, 4.123105625617661
269, 5, 498, 76, 495, 76, 3, 0, 0.0, 3.0
269, 8, 511, 61, 509, 59, 2, 2, 0.7853981633974483, 2.8284271247461903
269, 9, 859, 494, 858, 490, 1, 4, 1.3258176636680326, 4.123105625617661
269, 12, 478, 233, 477, 235, 1, -2, -1.1071487177940904, 2.23606797749979
269, 13, 699, 125, 700, 129, -1, -4, -1.8157749899217608, 4.123105625617661
269, 14, 1047, 667, 1047, 672, 0, -5, -1.5707963267948966, 5.0
269, 16, 874, 664, 878, 667, -4, -3, -2.498091544796509, 5.0
269, 18, 873, 701, 877, 701, -4, 0, 3.141592653589793, 4.0
269, 20, 1042, 641, 1042, 646, 0, -5, -1.5707963267948966, 5.0
269, 21, 470, 229, 470, 231, 0, -2, -1.5707963267948966, 2.0
269, 23, 848, 488, 847, 484, 1, 4, 1.3258176636680326, 4.123105625617661
269, 24, 866, 532, 865, 528, 1, 4, 1.3258176636680326, 4.123105625617661
269, 25, 1028, 638, 1027, 643, 1, -5, -1.373400766945016, 5.0990195135927845
269, 26, 701, 562, 701, 559, 0, 3, 1.5707963267948966, 3.0
269, 27, 1232, 54, 1234, 55, -2, -1, -2.677945044588987, 2.23606797749979
269, 28, 337, 688, 339, 684, -2, 4, 2.0344439357957027, 4.47213595499958
269, 29, 1232, 353, 1233, 349, -1, 4, 1.8157749899217608, 4.123105625617661
269, 30, 319, 700, 320, 696, -1, 4, 1.8157749899217608, 4.123105625617661
269, 32, 327, 701, 329, 701, -2, 0, 3.141592653589793, 2.0
269, 33, 501, 184, 502, 186, -1, -2, -2.0344439357957027, 2.23606797749979
269, 34, 508, 15, 505, 16, 3, -1, -0.3217505543966422, 3.1622776601683795
269, 35, 1225, 365, 1226, 362, -1, 3, 1.892546881191539, 3.1622776601683795
269, 38, 509, 24, 506, 25, 3, -1, -0.3217505543966422, 3.1622776601683795
269, 39, 629, 280, 630, 276, -1, 4, 1.8157749899217608, 4.123105625617661
269, 40, 517, 519, 518, 524, -1, -5, -1.7681918866447774, 5.0990195135927845
269, 41, 1192, 418, 1193, 415, -1, 3, 1.892546881191539, 3.1622776601683795
269, 46, 964, 39, 965, 43, -1, -4, -1.8157749899217608, 4.123105625617661
269, 47, 852, 673, 855, 675, -3, -2, -2.5535900500422257, 3.605551275463989
269, 48, 839, 675, 841, 676, -2, -1, -2.677945044588987, 2.23606797749979
269, 49, 200, 690, 198, 684, 2, 6, 1.2490457723982544, 6.324555320336759
269, 50, 860, 515, 860, 511, 0, 4, 1.5707963267948966, 4.0
269, 52, 493, 483, 494, 485, -1, -2, -2.0344439357957027, 2.23606797749979
269, 54, 287, 689, 290, 686, -3, 3, 2.356194490192345, 4.242640687119285
269, 55, 502, 209, 503, 212, -1, -3, -1.892546881191539, 3.1622776601683795
269, 56, 166, 150, 167, 148, -1, 2, 2.0344439357957027, 2.23606797749979
269, 57, 1247, 96, 1251, 98, -4, -2, -2.677945044588987, 4.47213595499958
269, 61, 1227, 78, 1230, 78, -3, 0, 3.141592653589793, 3.0
269, 62, 644, 322, 644, 319, 0, 3, 1.5707963267948966, 3.0
269, 63, 134, 167, 135, 164, -1, 3, 1.892546881191539, 3.1622776601683795
269, 64, 859, 654, 861, 658, -2, -4, -2.0344439357957027, 4.47213595499958
269, 66, 982, 81, 984, 82, -2, -1, -2.677945044588987, 2.23606797749979
269, 67, 731, 54, 732, 57, -1, -3, -1.892546881191539, 3.1622776601683795
269, 71, 494, 431, 495, 436, -1, -5, -1.7681918866447774, 5.0990195135927845
269, 72, 843, 184, 844, 186, -1, -2, -2.0344439357957027, 2.23606797749979
269, 73, 1232, 312, 1233, 308, -1, 4, 1.8157749899217608, 4.123105625617661
269, 74, 704, 111, 705, 114, -1, -3, -1.892546881191539, 3.1622776601683795
269, 76, 136, 142, 137, 139, -1, 3, 1.892546881191539, 3.1622776601683795
269, 77, 867, 583, 871, 587, -4, -4, -2.356194490192345, 5.656854249492381
269, 80, 684, 600, 684, 596, 0, 4, 1.5707963267948966, 4.0
269, 81, 503, 400, 504, 406, -1, -6, -1.7359450042095235, 6.082762530298219
269, 83, 827, 525, 827, 521, 0, 4, 1.5707963267948966, 4.0
269, 86, 692, 649, 691, 645, 1, 4, 1.3258176636680326, 4.123105625617661
269, 92, 1191, 332, 1192, 328, -1, 4, 1.8157749899217608, 4.123105625617661
269, 93, 1200, 72, 1205, 73, -5, -1, -2.9441970937399127, 5.0990195135927845
269, 94, 1234, 319, 1235, 315, -1, 4, 1.8157749899217608, 4.123105625617661
269, 96, 650, 331, 650, 328, 0, 3, 1.5707963267948966, 3.0
269, 98, 900, 645, 905, 649, -5, -4, -2.4668517113662407, 6.4031242374328485
269, 103, 712, 560, 713, 556, -1, 4, 1.8157749899217608, 4.123105625617661
269, 106, 903, 640, 907, 639, -4, 1, 2.896613990462929, 4.123105625617661
269, 107, 691, 588, 691, 584, 0, 4, 1.5707963267948966, 4.0
269, 111, 142, 112, 144, 110, -2, 2, 2.356194490192345, 2.8284271247461903
269, 113, 888, 657, 893, 661, -5, -4, -2.4668517113662407, 6.4031242374328485
269, 114, 976, 49, 977, 51, -1, -2, -2.0344439357957027, 2.23606797749979
269, 117, 636, 283, 637, 279, -1, 4, 1.8157749899217608, 4.123105625617661
269, 118, 137, 184, 138, 181, -1, 3, 1.892546881191539, 3.1622776601683795
269, 121, 657, 87, 658, 86, -1, 1, 2.356194490192345, 1.4142135623730951
269, 123, 1238, 60, 1241, 61, -3, -1, -2.819842099193151, 3.1622776601683795
269, 124, 704, 555, 704, 551, 0, 4, 1.5707963267948966, 4.0
269, 125, 126, 103, 129, 100, -3, 3, 2.356194490192345, 4.242640687119285
269, 126, 828, 133, 828, 135, 0, -2, -1.5707963267948966, 2.0
269, 127, 528, 486, 530, 486, -2, 0, 3.141592653589793, 2.0
269, 128, 711, 556, 712, 552, -1, 4, 1.8157749899217608, 4.123105625617661
269, 129, 725, 629, 725, 626, 0, 3, 1.5707963267948966, 3.0
269, 131, 137, 10, 134, 10, 3, 0, 0.0, 3.0
269, 132, 142, 192, 142, 189, 0, 3, 1.5707963267948966, 3.0
269, 135, 872, 701, 876, 701, -4, 0, 3.141592653589793, 4.0
269, 137, 647, 52, 648, 50, -1, 2, 2.0344439357957027, 2.23606797749979
269, 138, 165, 134, 166, 132, -1, 2, 2.0344439357957027, 2.23606797749979
269, 139, 691, 147, 691, 151, 0, -4, -1.5707963267948966, 4.0
269, 141, 849, 486, 848, 482, 1, 4, 1.3258176636680326, 4.123105625617661
269, 143, 869, 649, 872, 654, -3, -5, -2.1112158270654806, 5.830951894845301
269, 146, 626, 365, 626, 362, 0, 3, 1.5707963267948966, 3.0
269, 148, 699, 188, 699, 190, 0, -2, -1.5707963267948966, 2.0
269, 150, 622, 322, 623, 319, -1, 3, 1.892546881191539, 3.1622776601683795
269, 151, 312, 651, 315, 648, -3, 3, 2.356194490192345, 4.242640687119285
270, 2, 166, 153, 168, 151, -2, 2, 2.356194490192345, 2.8284271247461903
270, 10, 495, 171, 496, 174, -1, -3, -1.892546881191539, 3.1622776601683795
270, 12, 702, 132, 702, 135, 0, -3, -1.5707963267948966, 3.0
270, 17, 861, 497, 861, 493, 0, 4, 1.5707963267948966, 4.0
270, 18, 869, 660, 873, 663, -4, -3, -2.498091544796509, 5.0
270, 19, 510, 67, 509, 64, 1, 3, 1.2490457723982544, 3.1622776601683795
270, 21, 14, 220, 16, 216, -2, 4, 2.0344439357957027, 4.47213595499958
270, 22, 1049, 673, 1049, 679, 0, -6, -1.5707963267948966, 6.0
270, 23, 505, 187, 506, 189, -1, -2, -2.0344439357957027, 2.23606797749979
270, 24, 497, 72, 494, 71, 3, 1, 0.3217505543966422, 3.1622776601683795
270, 25, 494, 476, 495, 478, -1, -2, -2.0344439357957027, 2.23606797749979
270, 26, 837, 664, 837, 667, 0, -3, -1.5707963267948966, 3.0
270, 27, 844, 492, 843, 489, 1, 3, 1.2490457723982544, 3.1622776601683795
270, 28, 832, 125, 831, 129, 1, -4, -1.3258176636680326, 4.123105625617661
270, 29, 1045, 644, 1045, 649, 0, -5, -1.5707963267948966, 5.0
270, 30, 484, 172, 485, 175, -1, -3, -1.892546881191539, 3.1622776601683795
270, 31, 992, 10, 994, 12, -2, -2, -2.356194490192345, 2.8284271247461903
270, 33, 700, 567, 700, 563, 0, 4, 1.5707963267948966, 4.0
270, 37, 508, 14, 506, 15, 2, -1, -0.4636476090008061, 2.23606797749979
270, 38, 1227, 362, 1228, 359, -1, 3, 1.892546881191539, 3.1622776601683795
270, 41, 1216, 69, 1220, 70, -4, -1, -2.896613990462929, 4.123105625617661
270, 42, 618, 331, 619, 329, -1, 2, 2.0344439357957027, 2.23606797749979
270, 43, 850, 657, 852, 661, -2, -4, -2.0344439357957027, 4.47213595499958
270, 44, 1233, 348, 1234, 345, -1, 3, 1.892546881191539, 3.1622776601683795
270, 45, 1028, 637, 1028, 642, 0, -5, -1.5707963267948966, 5.0
270, 46, 223, 701, 226, 715, -3, -14, -1.7818896600176433, 14.317821063276353
270, 47, 631, 278, 632, 274, -1, 4, 1.8157749899217608, 4.123105625617661
270, 49, 689, 654, 688, 650, 1, 4, 1.3258176636680326, 4.123105625617661
270, 50, 718, 563, 720, 560, -2, 3, 2.158798930342464, 3.605551275463989
270, 51, 1238, 55, 1241, 57, -3, -2, -2.5535900500422257, 3.605551275463989
270, 53, 508, 409, 509, 415, -1, -6, -1.7359450042095235, 6.082762530298219
270, 56, 504, 214, 505, 217, -1, -3, -1.892546881191539, 3.1622776601683795
270, 59, 502, 177, 503, 180, -1, -3, -1.892546881191539, 3.1622776601683795
270, 61, 639, 280, 640, 276, -1, 4, 1.8157749899217608, 4.123105625617661
270, 62, 1245, 99, 1248, 101, -3, -2, -2.5535900500422257, 3.605551275463989
270, 64, 625, 321, 626, 318, -1, 3, 1.892546881191539, 3.1622776601683795
270, 66, 862, 650, 865, 654, -3, -4, -2.214297435588181, 5.0
270, 67, 507, 23, 504, 24, 3, -1, -0.3217505543966422, 3.1622776601683795
270, 69, 472, 235, 472, 237, 0, -2, -1.5707963267948966, 2.0
270, 70, 527, 462, 528, 465, -1, -3, -1.892546881191539, 3.1622776601683795
270, 71, 489, 162, 490, 165, -1, -3, -1.892546881191539, 3.1622776601683795
270, 73, 703, 188, 703, 190, 0, -2, -1.5707963267948966, 2.0
270, 75, 627, 386, 627, 381, 0, 5, 1.5707963267948966, 5.0
270, 76, 474, 216, 474, 219, 0, -3, -1.5707963267948966, 3.0
270, 77, 1235, 308, 1235, 305, 0, 3, 1.5707963267948966, 3.0
270, 78, 733, 59, 734, 62, -1, -3, -1.892546881191539, 3.1622776601683795
270, 81, 971, 43, 972, 46, -1, -3, -1.892546881191539, 3.1622776601683795
270, 82, 891, 656, 896, 660, -5, -4, -2.4668517113662407, 6.4031242374328485
270, 83, 142, 110, 145, 108, -3, 2, 2.5535900500422257, 3.605551275463989
270, 84, 1208, 77, 1212, 77, -4, 0, 3.141592653589793, 4.0
270, 87, 498, 435, 499, 440, -1, -5, -1.7681918866447774, 5.0990195135927845
270, 89, 866, 544, 865, 540, 1, 4, 1.3258176636680326, 4.123105625617661
270, 90, 141, 164, 142, 162, -1, 2, 2.0344439357957027, 2.23606797749979
270, 91, 645, 323, 645, 320, 0, 3, 1.5707963267948966, 3.0
270, 93, 205, 695, 203, 690, 2, 5, 1.1902899496825317, 5.385164807134504
270, 94, 139, 138, 141, 136, -2, 2, 2.356194490192345, 2.8284271247461903
270, 95, 862, 586, 867, 590, -5, -4, -2.4668517113662407, 6.4031242374328485
270, 97, 652, 335, 652, 332, 0, 3, 1.5707963267948966, 3.0
270, 98, 1196, 412, 1197, 410, -1, 2, 2.0344439357957027, 2.23606797749979
270, 99, 647, 51, 648, 49, -1, 2, 2.0344439357957027, 2.23606797749979
270, 100, 727, 126, 728, 128, -1, -2, -2.0344439357957027, 2.23606797749979
270, 101, 982, 9, 984, 12, -2, -3, -2.158798930342464, 3.605551275463989
270, 102, 1231, 81, 1236, 82, -5, -1, -2.9441970937399127, 5.0990195135927845
270, 103, 699, 115, 700, 118, -1, -3, -1.892546881191539, 3.1622776601683795
270, 104, 706, 115, 707, 118, -1, -3, -1.892546881191539, 3.1622776601683795
270, 105, 846, 168, 846, 173, 0, -5, -1.5707963267948966, 5.0
270, 107, 831, 558, 832, 555, -1, 3, 1.892546881191539, 3.1622776601683795
270, 108, 334, 697, 336, 693, -2, 4, 2.0344439357957027, 4.47213595499958
270, 110, 1249, 107, 1252, 109, -3, -2, -2.5535900500422257, 3.605551275463989
270, 113, 684, 601, 684, 597, 0, 4, 1.5707963267948966, 4.0
270, 114, 1167, 133, 1170, 137, -3, -4, -2.214297435588181, 5.0
270, 116, 625, 84, 626, 83, -1, 1, 2.356194490192345, 1.4142135623730951
270, 117, 848, 486, 848, 482, 0, 4, 1.5707963267948966, 4.0
270, 118, 863, 521, 863, 517, 0, 4, 1.5707963267948966, 4.0
270, 124, 902, 648, 906, 652, -4, -4, -2.356194490192345, 5.656854249492381
270, 126, 691, 153, 691, 157, 0, -4, -1.5707963267948966, 4.0
270, 128, 713, 557, 714, 553, -1, 4, 1.8157749899217608, 4.123105625617661
270, 129, 1261, 211, 1268, 210, -7, 1, 2.999695598985629, 7.0710678118654755
270, 130, 705, 558, 705, 554, 0, 4, 1.5707963267948966, 4.0
270, 131, 626, 76, 627, 75, -1, 1, 2.356194490192345, 1.4142135623730951
270, 132, 897, 626, 901, 628, -4, -2, -2.677945044588987, 4.47213595499958
270, 133, 1244, 61, 1247, 63, -3, -2, -2.5535900500422257, 3.605551275463989
270, 134, 1261, 231, 1277, 228, -16, 3, 2.9562447035940984, 16.278820596099706
270, 136, 852, 684, 854, 684, -2, 0, 3.141592653589793, 2.0
270, 137, 480, 238, 480, 240, 0, -2, -1.5707963267948966, 2.0
270, 139, 335, 701, 336, 712, -1, -11, -1.6614562139956417, 11.045361017187261
270, 140, 129, 102, 132, 100, -3, 2, 2.5535900500422257, 3.605551275463989
270, 141, 635, 130, 636, 128, -1, 2, 2.0344439357957027, 2.23606797749979
270, 142, 1199, 121, 1202, 123, -3, -2, -2.5535900500422257, 3.605551275463989
270, 144, 492, 267, 493, 269, -1, -2, -2.0344439357957027, 2.23606797749979
270, 146, 724, 640, 724, 637, 0, 3, 1.5707963267948966, 3.0
270, 147, 522, 520, 523, 523, -1, -3, -1.892546881191539, 3.1622776601683795
270, 148, 1237, 318, 1238, 315, -1, 3, 1.892546881191539, 3.1622776601683795
270, 149, 500, 220, 501, 223, -1, -3, -1.892546881191539, 3.1622776601683795
271, 2, 164, 155, 166, 153, -2, 2, 2.356194490192345, 2.8284271247461903
271, 7, 830, 137, 830, 139, 0, -2, -1.5707963267948966, 2.0
271, 10, 494, 168, 495, 171, -1, -3, -1.892546881191539, 3.1622776601683795
271, 12, 702, 129, 702, 132, 0, -3, -1.5707963267948966, 3.0
271, 16, 537, 481, 538, 480, -1, 1, 2.356194490192345, 1.4142135623730951
271, 17, 861, 501, 861, 497, 0, 4, 1.5707963267948966, 4.0
271, 18, 865, 657, 869, 660, -4, -3, -2.498091544796509, 5.0
271, 19, 510, 69, 510, 67, 0, 2, 1.5707963267948966, 2.0
271, 21, 12, 223, 14, 220, -2, 3, 2.158798930342464, 3.605551275463989
271, 22, 1049, 667, 1049, 673, 0, -6, -1.5707963267948966, 6.0
271, 24, 499, 74, 497, 72, 2, 2, 0.7853981633974483, 2.8284271247461903
271, 25, 493, 473, 494, 476, -1, -3, -1.892546881191539, 3.1622776601683795
271, 26, 837, 662, 837, 664, 0, -2, -1.5707963267948966, 2.0
271, 27, 844, 496, 844, 492, 0, 4, 1.5707963267948966, 4.0
271, 28, 833, 121, 832, 125, 1, -4, -1.3258176636680326, 4.123105625617661
271, 29, 1045, 639, 1045, 644, 0, -5, -1.5707963267948966, 5.0
271, 30, 483, 169, 484, 172, -1, -3, -1.892546881191539, 3.1622776601683795
271, 31, 990, 9, 992, 10, -2, -1, -2.677945044588987, 2.23606797749979
271, 33, 700, 571, 700, 567, 0, 4, 1.5707963267948966, 4.0
271, 37, 510, 14, 508, 14, 2, 0, 0.0, 2.0
271, 38, 1226, 364, 1227, 362, -1, 2, 2.0344439357957027, 2.23606797749979
271, 41, 1212, 69, 1216, 69, -4, 0, 3.141592653589793, 4.0
271, 42, 617, 333, 618, 331, -1, 2, 2.0344439357957027, 2.23606797749979
271, 43, 846, 654, 850, 657, -4, -3, -2.498091544796509, 5.0
271, 44, 1232, 351, 1233, 348, -1, 3, 1.892546881191539, 3.1622776601683795
271, 45, 1029, 632, 1028, 637, 1, -5, -1.373400766945016, 5.0990195135927845
271, 46, 221, 701, 223, 701, -2, 0, 3.141592653589793, 2.0
271, 47, 630, 282, 631, 278, -1, 4, 1.8157749899217608, 4.123105625617661
271, 49, 690, 658, 689, 654, 1, 4, 1.3258176636680326, 4.123105625617661
271, 50, 716, 566, 718, 563, -2, 3, 2.158798930342464, 3.605551275463989
271, 51, 1236, 53, 1238, 55, -2, -2, -2.356194490192345, 2.8284271247461903
271, 53, 507, 404, 508, 409, -1, -5, -1.7681918866447774, 5.0990195135927845
271, 54, 166, 174, 167, 173, -1, 1, 2.356194490192345, 1.4142135623730951
271, 55, 503, 211, 504, 214, -1, -3, -1.892546881191539, 3.1622776601683795
271, 58, 501, 174, 502, 177, -1, -3, -1.892546881191539, 3.1622776601683795
271, 60, 638, 284, 639, 280, -1, 4, 1.8157749899217608, 4.123105625617661
271, 61, 1242, 98, 1245, 99, -3, -1, -2.819842099193151, 3.1622776601683795
271, 63, 624, 324, 625, 321, -1, 3, 1.892546881191539, 3.1622776601683795
271, 65, 859, 646, 862, 650, -3, -4, -2.214297435588181, 5.0
271, 66, 510, 22, 507, 23, 3, -1, -0.3217505543966422, 3.1622776601683795
271, 68, 472, 232, 472, 235, 0, -3, -1.5707963267948966, 3.0
271, 69, 526, 459, 527, 462, -1, -3, -1.892546881191539, 3.1622776601683795
271, 70, 488, 159, 489, 162, -1, -3, -1.892546881191539, 3.1622776601683795
271, 74, 628, 390, 627, 386, 1, 4, 1.3258176636680326, 4.123105625617661
271, 75, 473, 213, 474, 216, -1, -3, -1.892546881191539, 3.1622776601683795
271, 76, 1234, 311, 1235, 308, -1, 3, 1.892546881191539, 3.1622776601683795
271, 77, 732, 57, 733, 59, -1, -2, -2.0344439357957027, 2.23606797749979
271, 80, 970, 40, 971, 43, -1, -3, -1.892546881191539, 3.1622776601683795
271, 81, 886, 652, 891, 656, -5, -4, -2.4668517113662407, 6.4031242374328485
271, 82, 139, 112, 142, 110, -3, 2, 2.5535900500422257, 3.605551275463989
271, 83, 1203, 77, 1208, 77, -5, 0, 3.141592653589793, 5.0
271, 86, 497, 430, 498, 435, -1, -5, -1.7681918866447774, 5.0990195135927845
271, 88, 866, 546, 866, 544, 0, 2, 1.5707963267948966, 2.0
271, 89, 139, 166, 141, 164, -2, 2, 2.356194490192345, 2.8284271247461903
271, 90, 645, 327, 645, 323, 0, 4, 1.5707963267948966, 4.0
271, 91, 1259, 174, 1259, 172, 0, 2, 1.5707963267948966, 2.0
271, 92, 206, 701, 205, 695, 1, 6, 1.4056476493802699, 6.082762530298219
271, 93, 137, 140, 139, 138, -2, 2, 2.356194490192345, 2.8284271247461903
271, 94, 858, 582, 862, 586, -4, -4, -2.356194490192345, 5.656854249492381
271, 95, 844, 581, 845, 580, -1, 1, 2.356194490192345, 1.4142135623730951
271, 96, 652, 339, 652, 335, 0, 4, 1.5707963267948966, 4.0
271, 97, 1195, 413, 1196, 412, -1, 1, 2.356194490192345, 1.4142135623730951
271, 98, 647, 54, 647, 51, 0, 3, 1.5707963267948966, 3.0
271, 99, 1226, 81, 1231, 81, -5, 0, 3.141592653589793, 5.0
271, 100, 698, 112, 699, 115, -1, -3, -1.892546881191539, 3.1622776601683795
271, 101, 705, 112, 706, 115, -1, -3, -1.892546881191539, 3.1622776601683795
271, 102, 846, 163, 846, 168, 0, -5, -1.5707963267948966, 5.0
271, 105, 332, 701, 334, 697, -2, 4, 2.0344439357957027, 4.47213595499958
271, 107, 1245, 105, 1249, 107, -4, -2, -2.677945044588987, 4.47213595499958
271, 110, 684, 605, 684, 601, 0, 4, 1.5707963267948966, 4.0
271, 111, 1163, 132, 1167, 133, -4, -1, -2.896613990462929, 4.123105625617661
271, 113, 624, 86, 625, 84, -1, 2, 2.0344439357957027, 2.23606797749979
271, 114, 848, 490, 848, 486, 0, 4, 1.5707963267948966, 4.0
271, 115, 863, 525, 863, 521, 0, 4, 1.5707963267948966, 4.0
271, 121, 898, 644, 902, 648, -4, -4, -2.356194490192345, 5.656854249492381
271, 123, 691, 150, 691, 153, 0, -3, -1.5707963267948966, 3.0
271, 125, 712, 561, 713, 557, -1, 4, 1.8157749899217608, 4.123105625617661
271, 127, 705, 562, 705, 558, 0, 4, 1.5707963267948966, 4.0
271, 128, 625, 78, 626, 76, -1, 2, 2.0344439357957027, 2.23606797749979
271, 129, 893, 624, 897, 626, -4, -2, -2.677945044588987, 4.47213595499958
271, 130, 1241, 59, 1244, 61, -3, -2, -2.5535900500422257, 3.605551275463989
271, 131, 1261, 233, 1261, 231, 0, 2, 1.5707963267948966, 2.0
271, 134, 480, 235, 480, 238, 0, -3, -1.5707963267948966, 3.0
271, 136, 333, 701, 335, 701, -2, 0, 3.141592653589793, 2.0
271, 137, 126, 104, 129, 102, -3, 2, 2.5535900500422257, 3.605551275463989
271, 138, 634, 131, 635, 130, -1, 1, 2.356194490192345, 1.4142135623730951
271, 139, 1195, 119, 1199, 121, -4, -2, -2.677945044588987, 4.47213595499958
271, 141, 492, 263, 492, 267, 0, -4, -1.5707963267948966, 4.0
271, 143, 724, 643, 724, 640, 0, 3, 1.5707963267948966, 3.0
271, 144, 521, 518, 522, 520, -1, -2, -2.0344439357957027, 2.23606797749979
271, 145, 1236, 321, 1237, 318, -1, 3, 1.892546881191539, 3.1622776601683795
271, 146, 499, 217, 500, 220, -1, -3, -1.892546881191539, 3.1622776601683795
272, 1, 162, 156, 164, 155, -2, 1, 2.677945044588987, 2.23606797749979
272, 6, 830, 135, 830, 137, 0, -2, -1.5707963267948966, 2.0
272, 9, 493, 165, 494, 168, -1, -3, -1.892546881191539, 3.1622776601683795
272, 11, 701, 127, 702, 129, -1, -2, -2.0344439357957027, 2.23606797749979
272, 15, 536, 482, 537, 481, -1, 1, 2.356194490192345, 1.4142135623730951
272, 16, 861, 505, 861, 501, 0, 4, 1.5707963267948966, 4.0
272, 17, 861, 654, 865, 657, -4, -3, -2.498091544796509, 5.0
272, 18, 510, 71, 510, 69, 0, 2, 1.5707963267948966, 2.0
272, 20, 10, 226, 12, 223, -2, 3, 2.158798930342464, 3.605551275463989
272, 21, 1049, 662, 1049, 667, 0, -5, -1.5707963267948966, 5.0
272, 23, 501, 76, 499, 74, 2, 2, 0.7853981633974483, 2.8284271247461903
272, 24, 492, 470, 493, 473, -1, -3, -1.892546881191539, 3.1622776601683795
272, 25, 844, 500, 844, 496, 0, 4, 1.5707963267948966, 4.0
272, 26, 833, 119, 833, 121, 0, -2, -1.5707963267948966, 2.0
272, 27, 1045, 634, 1045, 639, 0, -5, -1.5707963267948966, 5.0
272, 28, 482, 166, 483, 169, -1, -3, -1.892546881191539, 3.1622776601683795
272, 30, 700, 575, 700, 571, 0, 4, 1.5707963267948966, 4.0
272, 33, 512, 14, 510, 14, 2, 0, 0.0, 2.0
272, 34, 1225, 367, 1226, 364, -1, 3, 1.892546881191539, 3.1622776601683795
272, 37, 1208, 69, 1212, 69, -4, 0, 3.141592653589793, 4.0
272, 38, 616, 335, 617, 333, -1, 2, 2.0344439357957027, 2.23606797749979
272, 39, 844, 650, 846, 654, -2, -4, -2.0344439357957027, 4.47213595499958
272, 40, 1231, 354, 1232, 351, -1, 3, 1.892546881191539, 3.1622776601683795
272, 41, 1029, 627, 1029, 632, 0, -5, -1.5707963267948966, 5.0
272, 43, 629, 286, 630, 282, -1, 4, 1.8157749899217608, 4.123105625617661
272, 45, 691, 662, 690, 658, 1, 4, 1.3258176636680326, 4.123105625617661
272, 46, 714, 569, 716, 566, -2, 3, 2.158798930342464, 3.605551275463989
272, 47, 1233, 51, 1236, 53, -3, -2, -2.5535900500422257, 3.605551275463989
272, 49, 507, 399, 507, 404, 0, -5, -1.5707963267948966, 5.0
272, 51, 502, 208, 503, 211, -1, -3, -1.892546881191539, 3.1622776601683795
272, 54, 500, 171, 501, 174, -1, -3, -1.892546881191539, 3.1622776601683795
272, 56, 637, 288, 638, 284, -1, 4, 1.8157749899217608, 4.123105625617661
272, 57, 1238, 98, 1242, 98, -4, 0, 3.141592653589793, 4.0
272, 59, 623, 326, 624, 324, -1, 2, 2.0344439357957027, 2.23606797749979
272, 61, 856, 642, 859, 646, -3, -4, -2.214297435588181, 5.0
272, 62, 513, 22, 510, 22, 3, 0, 0.0, 3.0
272, 64, 471, 229, 472, 232, -1, -3, -1.892546881191539, 3.1622776601683795
272, 65, 525, 456, 526, 459, -1, -3, -1.892546881191539, 3.1622776601683795
272, 66, 487, 156, 488, 159, -1, -3, -1.892546881191539, 3.1622776601683795
272, 68, 702, 185, 703, 187, -1, -2, -2.0344439357957027, 2.23606797749979
272, 70, 629, 393, 628, 390, 1, 3, 1.2490457723982544, 3.1622776601683795
272, 71, 472, 210, 473, 213, -1, -3, -1.892546881191539, 3.1622776601683795
272, 72, 1234, 314, 1234, 311, 0, 3, 1.5707963267948966, 3.0
272, 73, 731, 55, 732, 57, -1, -2, -2.0344439357957027, 2.23606797749979
272, 76, 968, 37, 970, 40, -2, -3, -2.158798930342464, 3.605551275463989
272, 77, 881, 648, 886, 652, -5, -4, -2.4668517113662407, 6.4031242374328485
272, 78, 136, 114, 139, 112, -3, 2, 2.5535900500422257, 3.605551275463989
272, 79, 1198, 77, 1203, 77, -5, 0, 3.141592653589793, 5.0
272, 82, 496, 425, 497, 430, -1, -5, -1.7681918866447774, 5.0990195135927845
272, 84, 866, 548, 866, 546, 0, 2, 1.5707963267948966, 2.0
272, 85, 138, 167, 139, 166, -1, 1, 2.356194490192345, 1.4142135623730951
272, 86, 645, 331, 645, 327, 0, 4, 1.5707963267948966, 4.0
272, 87, 1258, 175, 1259, 174, -1, 1, 2.356194490192345, 1.4142135623730951
272, 89, 135, 142, 137, 140, -2, 2, 2.356194490192345, 2.8284271247461903
272, 90, 856, 579, 858, 582, -2, -3, -2.158798930342464, 3.605551275463989
272, 91, 843, 583, 844, 581, -1, 2, 2.0344439357957027, 2.23606797749979
272, 92, 652, 343, 652, 339, 0, 4, 1.5707963267948966, 4.0
272, 94, 646, 57, 647, 54, -1, 3, 1.892546881191539, 3.1622776601683795
272, 95, 1222, 81, 1226, 81, -4, 0, 3.141592653589793, 4.0
272, 96, 697, 110, 698, 112, -1, -2, -2.0344439357957027, 2.23606797749979
272, 97, 704, 110, 705, 112, -1, -2, -2.0344439357957027, 2.23606797749979
272, 98, 845, 161, 846, 163, -1, -2, -2.0344439357957027, 2.23606797749979
272, 103, 1241, 105, 1245, 105, -4, 0, 3.141592653589793, 4.0
272, 106, 684, 609, 684, 605, 0, 4, 1.5707963267948966, 4.0
272, 107, 1159, 134, 1163, 132, -4, 2, 2.677945044588987, 4.47213595499958
272, 109, 623, 88, 624, 86, -1, 2, 2.0344439357957027, 2.23606797749979
272, 110, 848, 494, 848, 490, 0, 4, 1.5707963267948966, 4.0
272, 111, 864, 529, 863, 525, 1, 4, 1.3258176636680326, 4.123105625617661
272, 116, 894, 640, 898, 644, -4, -4, -2.356194490192345, 5.656854249492381
272, 119, 711, 565, 712, 561, -1, 4, 1.8157749899217608, 4.123105625617661
272, 121, 705, 566, 705, 562, 0, 4, 1.5707963267948966, 4.0
272, 122, 624, 80, 625, 78, -1, 2, 2.0344439357957027, 2.23606797749979
272, 123, 889, 621, 893, 624, -4, -3, -2.498091544796509, 5.0
272, 124, 1238, 57, 1241, 59, -3, -2, -2.5535900500422257, 3.605551275463989
272, 128, 479, 232, 480, 235, -1, -3, -1.892546881191539, 3.1622776601683795
272, 129, 836, 109, 836, 111, 0, -2, -1.5707963267948966, 2.0
272, 131, 123, 106, 126, 104, -3, 2, 2.5535900500422257, 3.605551275463989
272, 132, 633, 134, 634, 131, -1, 3, 1.892546881191539, 3.1622776601683795
272, 133, 1191, 118, 1195, 119, -4, -1, -2.896613990462929, 4.123105625617661
272, 135, 493, 258, 492, 263, 1, -5, -1.373400766945016, 5.0990195135927845
272, 137, 724, 646, 724, 643, 0, 3, 1.5707963267948966, 3.0
272, 138, 519, 516, 521, 518, -2, -2, -2.356194490192345, 2.8284271247461903
272, 139, 1236, 323, 1236, 321, 0, 2, 1.5707963267948966, 2.0
272, 140, 498, 214, 499, 217, -1, -3, -1.892546881191539, 3.1622776601683795
273, 1, 159, 158, 162, 156, -3, 2, 2.5535900500422257, 3.605551275463989
273, 3, 853, 99, 852, 104, 1, -5, -1.373400766945016, 5.0990195135927845
273, 5, 831, 133, 830, 135, 1, -2, -1.1071487177940904, 2.23606797749979
273, 7, 843, 99, 842, 104, 1, -5, -1.373400766945016, 5.0990195135927845
273, 8, 493, 160, 493, 165, 0, -5, -1.5707963267948966, 5.0
273, 9, 679, 58, 679, 54, 0, 4, 1.5707963267948966, 4.0
273, 10, 701, 124, 701, 127, 0, -3, -1.5707963267948966, 3.0
273, 11, 272, 334, 274, 334, -2, 0, 3.141592653589793, 2.0
273, 14, 534, 483, 536, 482, -2, 1, 2.677945044588987, 2.23606797749979
273, 15, 859, 508, 861, 505, -2, 3, 2.158798930342464, 3.605551275463989
273, 16, 858, 653, 861, 654, -3, -1, -2.819842099193151, 3.1622776601683795
273, 18, 850, 89, 849, 94, 1, -5, -1.373400766945016, 5.0990195135927845
273, 19, 9, 229, 10, 226, -1, 3, 1.892546881191539, 3.1622776601683795
273, 20, 1049, 653, 1049, 662, 0, -9, -1.5707963267948966, 9.0
273, 21, 506, 187, 505, 186, 1, 1, 0.7853981633974483, 1.4142135623730951
273, 23, 492, 468, 492, 470, 0, -2, -1.5707963267948966, 2.0
273, 24, 845, 503, 844, 500, 1, 3, 1.2490457723982544, 3.1622776601683795
273, 25, 834, 115, 833, 119, 1, -4, -1.3258176636680326, 4.123105625617661
273, 26, 1044, 629, 1045, 634, -1, -5, -1.7681918866447774, 5.0990195135927845
273, 27, 481, 161, 482, 166, -1, -5, -1.7681918866447774, 5.0990195135927845
273, 29, 700, 578, 700, 575, 0, 3, 1.5707963267948966, 3.0
273, 31, 515, 14, 512, 14, 3, 0, 0.0, 3.0
273, 32, 1225, 370, 1225, 367, 0, 3, 1.5707963267948966, 3.0
273, 33, 227, 317, 229, 318, -2, -1, -2.677945044588987, 2.23606797749979
273, 34, 1203, 68, 1208, 69, -5, -1, -2.9441970937399127, 5.0990195135927845
273, 35, 615, 339, 616, 335, -1, 4, 1.8157749899217608, 4.123105625617661
273, 36, 842, 646, 844, 650, -2, -4, -2.0344439357957027, 4.47213595499958
273, 37, 1230, 358, 1231, 354, -1, 4, 1.8157749899217608, 4.123105625617661
273, 38, 1029, 622, 1029, 627, 0, -5, -1.5707963267948966, 5.0
273, 39, 218, 701, 220, 701, -2, 0, 3.141592653589793, 2.0
273, 40, 628, 290, 629, 286, -1, 4, 1.8157749899217608, 4.123105625617661
273, 42, 691, 665, 691, 662, 0, 3, 1.5707963267948966, 3.0
273, 43, 712, 573, 714, 569, -2, 4, 2.0344439357957027, 4.47213595499958
273, 44, 1229, 48, 1233, 51, -4, -3, -2.498091544796509, 5.0
273, 46, 507, 391, 507, 399, 0, -8, -1.5707963267948966, 8.0
273, 47, 162, 175, 165, 174, -3, 1, 2.819842099193151, 3.1622776601683795
273, 48, 500, 206, 502, 208, -2, -2, -2.356194490192345, 2.8284271247461903
273, 51, 500, 167, 500, 171, 0, -4, -1.5707963267948966, 4.0
273, 53, 636, 292, 637, 288, -1, 4, 1.8157749899217608, 4.123105625617661
273, 54, 1234, 97, 1238, 98, -4, -1, -2.896613990462929, 4.123105625617661
273, 56, 623, 330, 623, 326, 0, 4, 1.5707963267948966, 4.0
273, 58, 851, 637, 856, 642, -5, -5, -2.356194490192345, 7.0710678118654755
273, 59, 517, 22, 513, 22, 4, 0, 0.0, 4.0
273, 61, 469, 225, 471, 229, -2, -4, -2.0344439357957027, 4.47213595499958
273, 62, 525, 453, 525, 456, 0, -3, -1.5707963267948966, 3.0
273, 63, 487, 151, 487, 156, 0, -5, -1.5707963267948966, 5.0
273, 66, 631, 396, 629, 393, 2, 3, 0.982793723247329, 3.605551275463989
273, 67, 470, 205, 472, 210, -2, -5, -1.9513027039072615, 5.385164807134504
273, 68, 1234, 318, 1234, 314, 0, 4, 1.5707963267948966, 4.0
273, 69, 729, 53, 731, 55, -2, -2, -2.356194490192345, 2.8284271247461903
273, 72, 965, 33, 968, 37, -3, -4, -2.214297435588181, 5.0
273, 73, 875, 645, 881, 648, -6, -3, -2.677945044588987, 6.708203932499369
273, 74, 133, 115, 136, 114, -3, 1, 2.819842099193151, 3.1622776601683795
273, 75, 1193, 75, 1198, 77, -5, -2, -2.761086276477428, 5.385164807134504
273, 76, 640, 372, 639, 373, 1, -1, -0.7853981633974483, 1.4142135623730951
273, 78, 496, 420, 496, 425, 0, -5, -1.5707963267948966, 5.0
273, 80, 867, 549, 866, 548, 1, 1, 0.7853981633974483, 1.4142135623730951
273, 81, 135, 169, 138, 167, -3, 2, 2.5535900500422257, 3.605551275463989
273, 82, 645, 336, 645, 331, 0, 5, 1.5707963267948966, 5.0
273, 83, 1256, 176, 1258, 175, -2, 1, 2.677945044588987, 2.23606797749979
273, 84, 203, 701, 206, 701, -3, 0, 3.141592653589793, 3.0
273, 85, 131, 145, 135, 142, -4, 3, 2.498091544796509, 5.0
273, 86, 855, 577, 856, 579, -1, -2, -2.0344439357957027, 2.23606797749979
273, 87, 843, 587, 843, 583, 0, 4, 1.5707963267948966, 4.0
273, 88, 653, 345, 652, 343, 1, 2, 1.1071487177940904, 2.23606797749979
273, 90, 645, 60, 646, 57, -1, 3, 1.892546881191539, 3.1622776601683795
273, 91, 1217, 80, 1222, 81, -5, -1, -2.9441970937399127, 5.0990195135927845
273, 92, 696, 107, 697, 110, -1, -3, -1.892546881191539, 3.1622776601683795
273, 93, 703, 107, 704, 110, -1, -3, -1.892546881191539, 3.1622776601683795
273, 95, 835, 560, 832, 559, 3, 1, 0.3217505543966422, 3.1622776601683795
273, 98, 1237, 104, 1241, 105, -4, -1, -2.896613990462929, 4.123105625617661
273, 102, 1157, 137, 1159, 134, -2, 3, 2.158798930342464, 3.605551275463989
273, 104, 621, 92, 623, 88, -2, 4, 2.0344439357957027, 4.47213595499958
273, 105, 849, 498, 848, 494, 1, 4, 1.3258176636680326, 4.123105625617661
273, 106, 865, 533, 864, 529, 1, 4, 1.3258176636680326, 4.123105625617661
273, 108, 858, 106, 857, 110, 1, -4, -1.3258176636680326, 4.123105625617661
273, 109, 870, 25, 870, 28, 0, -3, -1.5707963267948966, 3.0
273, 111, 889, 636, 894, 640, -5, -4, -2.4668517113662407, 6.4031242374328485
273, 112, 271, 344, 273, 344, -2, 0, 3.141592653589793, 2.0
273, 113, 289, 308, 291, 308, -2, 0, 3.141592653589793, 2.0
273, 114, 710, 569, 711, 565, -1, 4, 1.8157749899217608, 4.123105625617661
273, 115, 1261, 215, 1261, 213, 0, 2, 1.5707963267948966, 2.0
273, 116, 704, 570, 705, 566, -1, 4, 1.8157749899217608, 4.123105625617661
273, 117, 622, 84, 624, 80, -2, 4, 2.0344439357957027, 4.47213595499958
273, 118, 886, 620, 889, 621, -3, -1, -2.819842099193151, 3.1622776601683795
273, 119, 1234, 54, 1238, 57, -4, -3, -2.498091544796509, 5.0
273, 123, 478, 228, 479, 232, -1, -4, -1.8157749899217608, 4.123105625617661
273, 124, 837, 104, 836, 109, 1, -5, -1.373400766945016, 5.0990195135927845
273, 126, 119, 108, 123, 106, -4, 2, 2.677945044588987, 4.47213595499958
273, 127, 633, 136, 633, 134, 0, 2, 1.5707963267948966, 2.0
273, 128, 1187, 117, 1191, 118, -4, -1, -2.896613990462929, 4.123105625617661
273, 129, 303, 318, 305, 318, -2, 0, 3.141592653589793, 2.0
273, 130, 494, 253, 493, 258, 1, -5, -1.373400766945016, 5.0990195135927845
273, 132, 726, 647, 724, 646, 2, 1, 0.4636476090008061, 2.23606797749979
273, 133, 517, 513, 519, 516, -2, -3, -2.158798930342464, 3.605551275463989
273, 134, 1236, 327, 1236, 323, 0, 4, 1.5707963267948966, 4.0
273, 135, 496, 211, 498, 214, -2, -3, -2.158798930342464, 3.605551275463989
274, 1, 156, 160, 159, 158, -3, 2, 2.5535900500422257, 3.605551275463989
274, 3, 853, 96, 853, 99, 0, -3, -1.5707963267948966, 3.0
274, 5, 832, 130, 831, 133, 1, -3, -1.2490457723982544, 3.1622776601683795
274, 7, 843, 96, 843, 99, 0, -3, -1.5707963267948966, 3.0
274, 8, 493, 156, 493, 160, 0, -4, -1.5707963267948966, 4.0
274, 9, 678, 60, 679, 58, -1, 2, 2.0344439357957027, 2.23606797749979
274, 14, 858, 512, 859, 508, -1, 4, 1.8157749899217608, 4.123105625617661
274, 15, 855, 655, 858, 653, -3, 2, 2.5535900500422257, 3.605551275463989
274, 17, 850, 86, 850, 89, 0, -3, -1.5707963267948966, 3.0
274, 18, 1049, 648, 1049, 653, 0, -5, -1.5707963267948966, 5.0
274, 20, 504, 75, 501, 75, 3, 0, 0.0, 3.0
274, 21, 492, 465, 492, 468, 0, -3, -1.5707963267948966, 3.0
274, 22, 845, 506, 845, 503, 0, 3, 1.5707963267948966, 3.0
274, 23, 834, 113, 834, 115, 0, -2, -1.5707963267948966, 2.0
274, 24, 1043, 623, 1044, 629, -1, -6, -1.7359450042095235, 6.082762530298219
274, 25, 481, 157, 481, 161, 0, -4, -1.5707963267948966, 4.0
274, 27, 699, 582, 700, 578, -1, 4, 1.8157749899217608, 4.123105625617661
274, 29, 518, 14, 515, 14, 3, 0, 0.0, 3.0
274, 30, 1225, 373, 1225, 370, 0, 3, 1.5707963267948966, 3.0
274, 31, 1198, 66, 1203, 68, -5, -2, -2.761086276477428, 5.385164807134504
274, 32, 614, 343, 615, 339, -1, 4, 1.8157749899217608, 4.123105625617661
274, 33, 840, 642, 842, 646, -2, -4, -2.0344439357957027, 4.47213595499958
274, 34, 1230, 360, 1230, 358, 0, 2, 1.5707963267948966, 2.0
274, 35, 1029, 617, 1029, 622, 0, -5, -1.5707963267948966, 5.0
274, 37, 627, 293, 628, 290, -1, 3, 1.892546881191539, 3.1622776601683795
274, 39, 690, 668, 691, 665, -1, 3, 1.892546881191539, 3.1622776601683795
274, 40, 710, 577, 712, 573, -2, 4, 2.0344439357957027, 4.47213595499958
274, 41, 1226, 46, 1229, 48, -3, -2, -2.5535900500422257, 3.605551275463989
274, 43, 506, 389, 507, 391, -1, -2, -2.0344439357957027, 2.23606797749979
274, 44, 160, 177, 162, 175, -2, 2, 2.356194490192345, 2.8284271247461903
274, 48, 500, 163, 500, 167, 0, -4, -1.5707963267948966, 4.0
274, 50, 635, 295, 636, 292, -1, 3, 1.892546881191539, 3.1622776601683795
274, 51, 1230, 95, 1234, 97, -4, -2, -2.677945044588987, 4.47213595499958
274, 53, 623, 334, 623, 330, 0, 4, 1.5707963267948966, 4.0
274, 55, 847, 632, 851, 637, -4, -5, -2.2455372690184494, 6.4031242374328485
274, 56, 520, 22, 517, 22, 3, 0, 0.0, 3.0
274, 58, 467, 222, 469, 225, -2, -3, -2.158798930342464, 3.605551275463989
274, 59, 525, 450, 525, 453, 0, -3, -1.5707963267948966, 3.0
274, 60, 487, 147, 487, 151, 0, -4, -1.5707963267948966, 4.0
274, 63, 630, 398, 631, 396, -1, 2, 2.0344439357957027, 2.23606797749979
274, 64, 469, 201, 470, 205, -1, -4, -1.8157749899217608, 4.123105625617661
274, 65, 1234, 320, 1234, 318, 0, 2, 1.5707963267948966, 2.0
274, 68, 963, 32, 965, 33, -2, -1, -2.677945044588987, 2.23606797749979
274, 69, 869, 642, 875, 645, -6, -3, -2.677945044588987, 6.708203932499369
274, 70, 131, 116, 133, 115, -2, 1, 2.677945044588987, 2.23606797749979
274, 71, 1188, 73, 1193, 75, -5, -2, -2.761086276477428, 5.385164807134504
274, 74, 496, 416, 496, 420, 0, -4, -1.5707963267948966, 4.0
274, 76, 868, 550, 867, 549, 1, 1, 0.7853981633974483, 1.4142135623730951
274, 77, 134, 170, 135, 169, -1, 1, 2.356194490192345, 1.4142135623730951
274, 78, 645, 340, 645, 336, 0, 4, 1.5707963267948966, 4.0
274, 81, 129, 146, 131, 145, -2, 1, 2.677945044588987, 2.23606797749979
274, 82, 854, 575, 855, 577, -1, -2, -2.0344439357957027, 2.23606797749979
274, 83, 844, 589, 843, 587, 1, 2, 1.1071487177940904, 2.23606797749979
274, 84, 653, 348, 653, 345, 0, 3, 1.5707963267948966, 3.0
274, 86, 644, 62, 645, 60, -1, 2, 2.0344439357957027, 2.23606797749979
274, 87, 1213, 79, 1217, 80, -4, -1, -2.896613990462929, 4.123105625617661
274, 90, 836, 558, 835, 560, 1, -2, -1.1071487177940904, 2.23606797749979
274, 93, 1233, 103, 1237, 104, -4, -1, -2.896613990462929, 4.123105625617661
274, 96, 683, 613, 684, 609, -1, 4, 1.8157749899217608, 4.123105625617661
274, 99, 619, 94, 621, 92, -2, 2, 2.356194490192345, 2.8284271247461903
274, 100, 849, 502, 849, 498, 0, 4, 1.5707963267948966, 4.0
274, 101, 865, 537, 865, 533, 0, 4, 1.5707963267948966, 4.0
274, 103, 858, 103, 858, 106, 0, -3, -1.5707963267948966, 3.0
274, 104, 870, 23, 870, 25, 0, -2, -1.5707963267948966, 2.0
274, 106, 884, 633, 889, 636, -5, -3, -2.601173153319209, 5.830951894845301
274, 109, 708, 573, 710, 569, -2, 4, 2.0344439357957027, 4.47213595499958
274, 111, 703, 574, 704, 570, -1, 4, 1.8157749899217608, 4.123105625617661
274, 112, 621, 86, 622, 84, -1, 2, 2.0344439357957027, 2.23606797749979
274, 113, 881, 616, 886, 620, -5, -4, -2.4668517113662407, 6.4031242374328485
274, 114, 1231, 52, 1234, 54, -3, -2, -2.5535900500422257, 3.605551275463989
274, 118, 476, 225, 478, 228, -2, -3, -2.158798930342464, 3.605551275463989
274, 119, 838, 100, 837, 104, 1, -4, -1.3258176636680326, 4.123105625617661
274, 121, 116, 109, 119, 108, -3, 1, 2.819842099193151, 3.1622776601683795
274, 123, 1182, 116, 1187, 117, -5, -1, -2.9441970937399127, 5.0990195135927845
274, 125, 494, 251, 494, 253, 0, -2, -1.5707963267948966, 2.0
274, 127, 727, 650, 726, 647, 1, 3, 1.2490457723982544, 3.1622776601683795
274, 128, 1236, 329, 1236, 327, 0, 2, 1.5707963267948966, 2.0
275, 4, 832, 533, 831, 530, 1, 3, 1.2490457723982544, 3.1622776601683795
275, 6, 161, 159, 164, 157, -3, 2, 2.5535900500422257, 3.605551275463989
275, 7, 856, 98, 855, 102, 1, -4, -1.3258176636680326, 4.123105625617661
275, 8, 845, 98, 844, 102, 1, -4, -1.3258176636680326, 4.123105625617661
275, 10, 855, 568, 854, 567, 1, 1, 0.7853981633974483, 1.4142135623730951
275, 12, 494, 447, 494, 451, 0, -4, -1.5707963267948966, 4.0
275, 14, 1052, 652, 1052, 657, 0, -5, -1.5707963267948966, 5.0
275, 15, 862, 514, 863, 510, -1, 4, 1.8157749899217608, 4.123105625617661
275, 16, 680, 59, 680, 57, 0, 2, 1.5707963267948966, 2.0
275, 17, 496, 162, 496, 166, 0, -4, -1.5707963267948966, 4.0
275, 21, 616, 339, 617, 336, -1, 3, 1.892546881191539, 3.1622776601683795
275, 23, 484, 162, 484, 166, 0, -4, -1.5707963267948966, 4.0
275, 24, 1045, 621, 1046, 626, -1, -5, -1.7681918866447774, 5.0990195135927845
275, 26, 852, 89, 851, 93, 1, -4, -1.3258176636680326, 4.123105625617661
275, 27, 843, 510, 843, 507, 0, 3, 1.5707963267948966, 3.0
275, 28, 698, 589, 699, 586, -1, 3, 1.892546881191539, 3.1622776601683795
275, 29, 519, 16, 516, 16, 3, 0, 0.0, 3.0
275, 30, 821, 551, 821, 546, 0, 5, 1.5707963267948966, 5.0
275, 35, 873, 8, 873, 11, 0, -3, -1.5707963267948966, 3.0
275, 36, 490, 152, 490, 156, 0, -4, -1.5707963267948966, 4.0
275, 37, 967, 38, 969, 39, -2, -1, -2.677945044588987, 2.23606797749979
275, 40, 1031, 617, 1032, 621, -1, -4, -1.8157749899217608, 4.123105625617661
275, 41, 987, 9, 989, 10, -2, -1, -2.677945044588987, 2.23606797749979
275, 42, 1235, 50, 1237, 52, -2, -2, -2.356194490192345, 2.8284271247461903
275, 43, 9, 230, 10, 228, -1, 2, 2.0344439357957027, 2.23606797749979
275, 45, 15, 257, 14, 254, 1, 3, 1.2490457723982544, 3.1622776601683795
275, 47, 1018, 694, 1018, 697, 0, -3, -1.5707963267948966, 3.0
275, 48, 631, 290, 632, 287, -1, 3, 1.892546881191539, 3.1622776601683795
275, 49, 1199, 75, 1203, 77, -4, -2, -2.677945044588987, 4.47213595499958
275, 51, 471, 205, 472, 210, -1, -5, -1.7681918866447774, 5.0990195135927845
275, 52, 1199, 67, 1203, 69, -4, -2, -2.677945044588987, 4.47213595499958
275, 53, 992, 45, 993, 47, -1, -2, -2.0344439357957027, 2.23606797749979
275, 54, 690, 676, 691, 673, -1, 3, 1.892546881191539, 3.1622776601683795
275, 55, 1261, 50, 1275, 52, -14, -2, -2.999695598985629, 14.142135623730951
275, 57, 530, 472, 531, 474, -1, -2, -2.0344439357957027, 2.23606797749979
275, 60, 866, 538, 866, 533, 0, 5, 1.5707963267948966, 5.0
275, 61, 839, 629, 842, 634, -3, -5, -2.1112158270654806, 5.830951894845301
275, 63, 1228, 373, 1228, 370, 0, 3, 1.5707963267948966, 3.0
275, 65, 498, 423, 498, 427, 0, -4, -1.5707963267948966, 4.0
275, 67, 867, 561, 866, 560, 1, 1, 0.7853981633974483, 1.4142135623730951
275, 68, 1229, 95, 1232, 97, -3, -2, -2.5535900500422257, 3.605551275463989
275, 69, 1218, 79, 1222, 81, -4, -2, -2.677945044588987, 4.47213595499958
275, 70, 499, 250, 499, 252, 0, -2, -1.5707963267948966, 2.0
275, 71, 535, 465, 535, 467, 0, -2, -1.5707963267948966, 2.0
275, 74, 1236, 316, 1236, 314, 0, 2, 1.5707963267948966, 2.0
275, 77, 510, 400, 510, 403, 0, -3, -1.5707963267948966, 3.0
275, 80, 646, 337, 646, 334, 0, 3, 1.5707963267948966, 3.0
275, 81, 654, 349, 654, 346, 0, 3, 1.5707963267948966, 3.0
275, 82, 137, 114, 139, 113, -2, 1, 2.677945044588987, 2.23606797749979
275, 83, 625, 335, 626, 332, -1, 3, 1.892546881191539, 3.1622776601683795
275, 85, 512, 48, 510, 48, 2, 0, 0.0, 2.0
275, 86, 503, 169, 503, 173, 0, -4, -1.5707963267948966, 4.0
275, 87, 470, 31, 471, 34, -1, -3, -1.892546881191539, 3.1622776601683795
275, 89, 880, 631, 885, 635, -5, -4, -2.4668517113662407, 6.4031242374328485
275, 91, 1222, 368, 1222, 366, 0, 2, 1.5707963267948966, 2.0
275, 93, 989, 37, 990, 39, -1, -2, -2.0344439357957027, 2.23606797749979
275, 94, 691, 154, 691, 156, 0, -2, -1.5707963267948966, 2.0
275, 95, 715, 584, 717, 581, -2, 3, 2.158798930342464, 3.605551275463989
275, 96, 468, 225, 470, 228, -2, -3, -2.158798930342464, 3.605551275463989
275, 97, 1261, 42, 1277, 44, -16, -2, -3.017237659043032, 16.1245154965971
275, 98, 681, 624, 682, 620, -1, 4, 1.8157749899217608, 4.123105625617661
275, 99, 836, 176, 836, 181, 0, -5, -1.5707963267948966, 5.0
275, 103, 835, 136, 834, 141, 1, -5, -1.373400766945016, 5.0990195135927845
275, 105, 879, 609, 882, 612, -3, -3, -2.356194490192345, 4.242640687119285
275, 106, 634, 58, 635, 57, -1, 1, 2.356194490192345, 1.4142135623730951
275, 107, 136, 170, 137, 169, -1, 1, 2.356194490192345, 1.4142135623730951
275, 108, 164, 179, 166, 176, -2, 3, 2.158798930342464, 3.605551275463989
275, 109, 626, 76, 627, 75, -1, 1, 2.356194490192345, 1.4142135623730951
275, 111, 502, 453, 502, 456, 0, -3, -1.5707963267948966, 3.0
275, 112, 134, 142, 136, 141, -2, 1, 2.677945044588987, 2.23606797749979
275, 114, 517, 25, 514, 25, 3, 0, 0.0, 3.0
275, 116, 872, 27, 872, 29, 0, -2, -1.5707963267948966, 2.0
275, 117, 710, 579, 712, 575, -2, 4, 2.0344439357957027, 4.47213595499958
275, 119, 865, 678, 871, 682, -6, -4, -2.5535900500422257, 7.211102550927978
275, 121, 1254, 163, 1255, 166, -1, -3, -1.892546881191539, 3.1622776601683795
275, 122, 839, 104, 838, 108, 1, -4, -1.3258176636680326, 4.123105625617661
275, 123, 1001, 689, 1001, 691, 0, -2, -1.5707963267948966, 2.0
275, 124, 1261, 220, 1269, 218, -8, 2, 2.896613990462929, 8.246211251235321
275, 131, 863, 117, 863, 121, 0, -4, -1.5707963267948966, 4.0
275, 132, 859, 104, 859, 108, 0, -4, -1.5707963267948966, 4.0
275, 135, 632, 398, 633, 397, -1, 1, 2.356194490192345, 1.4142135623730951
275, 136, 707, 672, 708, 671, -1, 1, 2.356194490192345, 1.4142135623730951
275, 138, 849, 503, 849, 499, 0, 4, 1.5707963267948966, 4.0
275, 139, 844, 583, 847, 586, -3, -3, -2.356194490192345, 4.242640687119285
275, 140, 702, 579, 703, 575, -1, 4, 1.8157749899217608, 4.123105625617661
275, 141, 863, 589, 867, 592, -4, -3, -2.498091544796509, 5.0
275, 142, 1206, 400, 1206, 396, 0, 4, 1.5707963267948966, 4.0
275, 143, 1239, 326, 1239, 324, 0, 2, 1.5707963267948966, 2.0
275, 145, 1233, 43, 1235, 45, -2, -2, -2.356194490192345, 2.8284271247461903
275, 148, 520, 489, 521, 498, -1, -9, -1.6814535479687922, 9.055385138137417
275, 149, 1191, 336, 1191, 334, 0, 2, 1.5707963267948966, 2.0
275, 150, 1261, 250, 1262, 248, -1, 2, 2.0344439357957027, 2.23606797749979
275, 151, 1240, 114, 1242, 114, -2, 0, 3.141592653589793, 2.0
275, 152, 479, 24, 479, 26, 0, -2, -1.5707963267948966, 2.0
275, 153, 855, 25, 855, 27, 0, -2, -1.5707963267948966, 2.0
276, 4, 833, 536, 832, 533, 1, 3, 1.2490457723982544, 3.1622776601683795
276, 6, 158, 161, 161, 159, -3, 2, 2.5535900500422257, 3.605551275463989
276, 7, 856, 94, 856, 98, 0, -4, -1.5707963267948966, 4.0
276, 8, 846, 94, 845, 98, 1, -4, -1.3258176636680326, 4.123105625617661
276, 10, 856, 570, 855, 568, 1, 2, 1.1071487177940904, 2.23606797749979
276, 12, 494, 443, 494, 447, 0, -4, -1.5707963267948966, 4.0
276, 13, 701, 126, 702, 128, -1, -2, -2.0344439357957027, 2.23606797749979
276, 14, 1053, 647, 1052, 652, 1, -5, -1.373400766945016, 5.0990195135927845
276, 15, 861, 518, 862, 514, -1, 4, 1.8157749899217608, 4.123105625617661
276, 16, 680, 61, 680, 59, 0, 2, 1.5707963267948966, 2.0
276, 17, 496, 159, 496, 162, 0, -3, -1.5707963267948966, 3.0
276, 21, 616, 342, 616, 339, 0, 3, 1.5707963267948966, 3.0
276, 23, 484, 158, 484, 162, 0, -4, -1.5707963267948966, 4.0
276, 24, 1044, 616, 1045, 621, -1, -5, -1.7681918866447774, 5.0990195135927845
276, 26, 853, 85, 852, 89, 1, -4, -1.3258176636680326, 4.123105625617661
276, 27, 843, 513, 843, 510, 0, 3, 1.5707963267948966, 3.0
276, 28, 697, 593, 698, 589, -1, 4, 1.8157749899217608, 4.123105625617661
276, 29, 522, 16, 519, 16, 3, 0, 0.0, 3.0
276, 30, 822, 555, 821, 551, 1, 4, 1.3258176636680326, 4.123105625617661
276, 32, 512, 55, 510, 55, 2, 0, 0.0, 2.0
276, 35, 490, 149, 490, 152, 0, -3, -1.5707963267948966, 3.0
276, 36, 965, 37, 967, 38, -2, -1, -2.677945044588987, 2.23606797749979
276, 39, 1030, 613, 1031, 617, -1, -4, -1.8157749899217608, 4.123105625617661
276, 40, 1232, 48, 1235, 50, -3, -2, -2.5535900500422257, 3.605551275463989
276, 41, 16, 259, 15, 257, 1, 2, 1.1071487177940904, 2.23606797749979
276, 43, 1018, 691, 1018, 694, 0, -3, -1.5707963267948966, 3.0
276, 44, 630, 293, 631, 290, -1, 3, 1.892546881191539, 3.1622776601683795
276, 45, 1195, 73, 1199, 75, -4, -2, -2.677945044588987, 4.47213595499958
276, 47, 470, 200, 471, 205, -1, -5, -1.7681918866447774, 5.0990195135927845
276, 48, 1195, 65, 1199, 67, -4, -2, -2.677945044588987, 4.47213595499958
276, 49, 990, 43, 992, 45, -2, -2, -2.356194490192345, 2.8284271247461903
276, 50, 690, 680, 690, 676, 0, 4, 1.5707963267948966, 4.0
276, 51, 1258, 47, 1261, 50, -3, -3, -2.356194490192345, 4.242640687119285
276, 52, 530, 470, 530, 472, 0, -2, -1.5707963267948966, 2.0
276, 55, 866, 544, 866, 538, 0, 6, 1.5707963267948966, 6.0
276, 56, 835, 624, 839, 629, -4, -5, -2.2455372690184494, 6.4031242374328485
276, 58, 1228, 375, 1228, 373, 0, 2, 1.5707963267948966, 2.0
276, 60, 498, 419, 498, 423, 0, -4, -1.5707963267948966, 4.0
276, 62, 868, 564, 867, 561, 1, 3, 1.2490457723982544, 3.1622776601683795
276, 63, 1226, 93, 1229, 95, -3, -2, -2.5535900500422257, 3.605551275463989
276, 64, 1214, 77, 1218, 79, -4, -2, -2.677945044588987, 4.47213595499958
276, 65, 499, 248, 499, 250, 0, -2, -1.5707963267948966, 2.0
276, 66, 535, 463, 535, 465, 0, -2, -1.5707963267948966, 2.0
276, 68, 1233, 356, 1233, 354, 0, 2, 1.5707963267948966, 2.0
276, 69, 1236, 318, 1236, 316, 0, 2, 1.5707963267948966, 2.0
276, 71, 835, 670, 837, 671, -2, -1, -2.677945044588987, 2.23606797749979
276, 72, 510, 397, 510, 400, 0, -3, -1.5707963267948966, 3.0
276, 75, 646, 340, 646, 337, 0, 3, 1.5707963267948966, 3.0
276, 76, 654, 352, 654, 349, 0, 3, 1.5707963267948966, 3.0
276, 77, 135, 115, 137, 114, -2, 1, 2.677945044588987, 2.23606797749979
276, 78, 625, 338, 625, 335, 0, 3, 1.5707963267948966, 3.0
276, 80, 514, 48, 512, 48, 2, 0, 0.0, 2.0
276, 81, 503, 166, 503, 169, 0, -3, -1.5707963267948966, 3.0
276, 82, 470, 29, 470, 31, 0, -2, -1.5707963267948966, 2.0
276, 84, 875, 627, 880, 631, -5, -4, -2.4668517113662407, 6.4031242374328485
276, 86, 1222, 370, 1222, 368, 0, 2, 1.5707963267948966, 2.0
276, 88, 988, 35, 989, 37, -1, -2, -2.0344439357957027, 2.23606797749979
276, 89, 714, 588, 715, 584, -1, 4, 1.8157749899217608, 4.123105625617661
276, 90, 466, 222, 468, 225, -2, -3, -2.158798930342464, 3.605551275463989
276, 91, 1258, 39, 1261, 42, -3, -3, -2.356194490192345, 4.242640687119285
276, 92, 680, 628, 681, 624, -1, 4, 1.8157749899217608, 4.123105625617661
276, 93, 836, 173, 836, 176, 0, -3, -1.5707963267948966, 3.0
276, 94, 821, 642, 821, 647, 0, -5, -1.5707963267948966, 5.0
276, 97, 836, 132, 835, 136, 1, -4, -1.3258176636680326, 4.123105625617661
276, 99, 875, 606, 879, 609, -4, -3, -2.498091544796509, 5.0
276, 100, 633, 59, 634, 58, -1, 1, 2.356194490192345, 1.4142135623730951
276, 101, 135, 171, 136, 170, -1, 1, 2.356194490192345, 1.4142135623730951
276, 102, 162, 181, 164, 179, -2, 2, 2.356194490192345, 2.8284271247461903
276, 105, 502, 449, 502, 453, 0, -4, -1.5707963267948966, 4.0
276, 106, 132, 143, 134, 142, -2, 1, 2.677945044588987, 2.23606797749979
276, 108, 520, 25, 517, 25, 3, 0, 0.0, 3.0
276, 110, 872, 25, 872, 27, 0, -2, -1.5707963267948966, 2.0
276, 111, 709, 583, 710, 579, -1, 4, 1.8157749899217608, 4.123105625617661
276, 113, 861, 676, 865, 678, -4, -2, -2.677945044588987, 4.47213595499958
276, 115, 1252, 159, 1254, 163, -2, -4, -2.0344439357957027, 4.47213595499958
276, 116, 840, 100, 839, 104, 1, -4, -1.3258176636680326, 4.123105625617661
276, 117, 1004, 686, 1001, 689, 3, -3, -0.7853981633974483, 4.242640687119285
276, 125, 863, 113, 863, 117, 0, -4, -1.5707963267948966, 4.0
276, 126, 859, 100, 859, 104, 0, -4, -1.5707963267948966, 4.0
276, 130, 707, 675, 707, 672, 0, 3, 1.5707963267948966, 3.0
276, 131, 852, 683, 855, 685, -3, -2, -2.5535900500422257, 3.605551275463989
276, 132, 849, 507, 849, 503, 0, 4, 1.5707963267948966, 4.0
276, 133, 844, 579, 844, 583, 0, -4, -1.5707963267948966, 4.0
276, 134, 701, 583, 702, 579, -1, 4, 1.8157749899217608, 4.123105625617661
276, 135, 859, 586, 863, 589, -4, -3, -2.498091544796509, 5.0
276, 136, 1206, 404, 1206, 400, 0, 4, 1.5707963267948966, 4.0
276, 137, 1239, 328, 1239, 326, 0, 2, 1.5707963267948966, 2.0
276, 138, 1230, 41, 1233, 43, -3, -2, -2.5535900500422257, 3.605551275463989
276, 140, 519, 481, 520, 489, -1, -8, -1.695151321341658, 8.06225774829855
276, 141, 1191, 338, 1191, 336, 0, 2, 1.5707963267948966, 2.0
276, 142, 1260, 252, 1261, 250, -1, 2, 2.0344439357957027, 2.23606797749979
276, 144, 479, 22, 479, 24, 0, -2, -1.5707963267948966, 2.0
276, 145, 855, 23, 855, 25, 0, -2, -1.5707963267948966, 2.0
277, 3, 834, 539, 833, 536, 1, 3, 1.2490457723982544, 3.1622776601683795
277, 5, 156, 163, 158, 161, -2, 2, 2.356194490192345, 2.8284271247461903
277, 6, 856, 90, 856, 94, 0, -4, -1.5707963267948966, 4.0
277, 7, 846, 90, 846, 94, 0, -4, -1.5707963267948966, 4.0
277, 9, 857, 573, 856, 570, 1, 3, 1.2490457723982544, 3.1622776601683795
277, 11, 494, 439, 494, 443, 0, -4, -1.5707963267948966, 4.0
277, 12, 700, 124, 701, 126, -1, -2, -2.0344439357957027, 2.23606797749979
277, 13, 1053, 642, 1053, 647, 0, -5, -1.5707963267948966, 5.0
277, 14, 860, 522, 861, 518, -1, 4, 1.8157749899217608, 4.123105625617661
277, 15, 680, 63, 680, 61, 0, 2, 1.5707963267948966, 2.0
277, 16, 496, 156, 496, 159, 0, -3, -1.5707963267948966, 3.0
277, 20, 616, 345, 616, 342, 0, 3, 1.5707963267948966, 3.0
277, 22, 484, 155, 484, 158, 0, -3, -1.5707963267948966, 3.0
277, 23, 1043, 610, 1044, 616, -1, -6, -1.7359450042095235, 6.082762530298219
277, 25, 853, 81, 853, 85, 0, -4, -1.5707963267948966, 4.0
277, 26, 843, 517, 843, 513, 0, 4, 1.5707963267948966, 4.0
277, 27, 696, 597, 697, 593, -1, 4, 1.8157749899217608, 4.123105625617661
277, 28, 525, 16, 522, 16, 3, 0, 0.0, 3.0
277, 29, 823, 559, 822, 555, 1, 4, 1.3258176636680326, 4.123105625617661
277, 31, 514, 55, 512, 55, 2, 0, 0.0, 2.0
277, 33, 1255, 217, 1254, 216, 1, 1, 0.7853981633974483, 1.4142135623730951
277, 34, 490, 146, 490, 149, 0, -3, -1.5707963267948966, 3.0
277, 35, 963, 36, 965, 37, -2, -1, -2.677945044588987, 2.23606797749979
277, 38, 1029, 609, 1030, 613, -1, -4, -1.8157749899217608, 4.123105625617661
277, 39, 1230, 46, 1232, 48, -2, -2, -2.356194490192345, 2.8284271247461903
277, 40, 16, 261, 16, 259, 0, 2, 1.5707963267948966, 2.0
277, 42, 1018, 689, 1018, 691, 0, -2, -1.5707963267948966, 2.0
277, 43, 630, 296, 630, 293, 0, 3, 1.5707963267948966, 3.0
277, 44, 1191, 71, 1195, 73, -4, -2, -2.677945044588987, 4.47213595499958
277, 46, 469, 196, 470, 200, -1, -4, -1.8157749899217608, 4.123105625617661
277, 47, 1191, 63, 1195, 65, -4, -2, -2.677945044588987, 4.47213595499958
277, 48, 988, 41, 990, 43, -2, -2, -2.356194490192345, 2.8284271247461903
277, 49, 689, 684, 690, 680, -1, 4, 1.8157749899217608, 4.123105625617661
277, 50, 1255, 45, 1258, 47, -3, -2, -2.5535900500422257, 3.605551275463989
277, 51, 530, 467, 530, 470, 0, -3, -1.5707963267948966, 3.0
277, 54, 866, 550, 866, 544, 0, 6, 1.5707963267948966, 6.0
277, 55, 831, 620, 835, 624, -4, -4, -2.356194490192345, 5.656854249492381
277, 57, 1228, 377, 1228, 375, 0, 2, 1.5707963267948966, 2.0
277, 59, 498, 415, 498, 419, 0, -4, -1.5707963267948966, 4.0
277, 61, 869, 567, 868, 564, 1, 3, 1.2490457723982544, 3.1622776601683795
277, 62, 1223, 91, 1226, 93, -3, -2, -2.5535900500422257, 3.605551275463989
277, 63, 1210, 75, 1214, 77, -4, -2, -2.677945044588987, 4.47213595499958
277, 65, 535, 460, 535, 463, 0, -3, -1.5707963267948966, 3.0
277, 67, 1233, 358, 1233, 356, 0, 2, 1.5707963267948966, 2.0
277, 68, 1236, 321, 1236, 318, 0, 3, 1.5707963267948966, 3.0
277, 70, 833, 669, 835, 670, -2, -1, -2.677945044588987, 2.23606797749979
277, 71, 510, 394, 510, 397, 0, -3, -1.5707963267948966, 3.0
277, 74, 646, 343, 646, 340, 0, 3, 1.5707963267948966, 3.0
277, 75, 654, 354, 654, 352, 0, 2, 1.5707963267948966, 2.0
277, 76, 133, 116, 135, 115, -2, 1, 2.677945044588987, 2.23606797749979
277, 77, 625, 341, 625, 338, 0, 3, 1.5707963267948966, 3.0
277, 78, 847, 164, 847, 166, 0, -2, -1.5707963267948966, 2.0
277, 79, 517, 48, 514, 48, 3, 0, 0.0, 3.0
277, 80, 503, 163, 503, 166, 0, -3, -1.5707963267948966, 3.0
277, 81, 470, 27, 470, 29, 0, -2, -1.5707963267948966, 2.0
277, 83, 870, 623, 875, 627, -5, -4, -2.4668517113662407, 6.4031242374328485
277, 85, 1222, 373, 1222, 370, 0, 3, 1.5707963267948966, 3.0
277, 87, 986, 32, 988, 35, -2, -3, -2.158798930342464, 3.605551275463989
277, 88, 713, 592, 714, 588, -1, 4, 1.8157749899217608, 4.123105625617661
277, 89, 464, 219, 466, 222, -2, -3, -2.158798930342464, 3.605551275463989
277, 90, 1255, 36, 1258, 39, -3, -3, -2.356194490192345, 4.242640687119285
277, 91, 679, 632, 680, 628, -1, 4, 1.8157749899217608, 4.123105625617661
277, 92, 836, 170, 836, 173, 0, -3, -1.5707963267948966, 3.0
277, 93, 818, 638, 821, 642, -3, -4, -2.214297435588181, 5.0
277, 98, 872, 604, 875, 606, -3, -2, -2.5535900500422257, 3.605551275463989
277, 99, 632, 60, 633, 59, -1, 1, 2.356194490192345, 1.4142135623730951
277, 100, 134, 172, 135, 171, -1, 1, 2.356194490192345, 1.4142135623730951
277, 101, 160, 183, 162, 181, -2, 2, 2.356194490192345, 2.8284271247461903
277, 104, 502, 444, 502, 449, 0, -5, -1.5707963267948966, 5.0
277, 105, 130, 144, 132, 143, -2, 1, 2.677945044588987, 2.23606797749979
277, 107, 523, 25, 520, 25, 3, 0, 0.0, 3.0
277, 109, 872, 23, 872, 25, 0, -2, -1.5707963267948966, 2.0
277, 110, 708, 587, 709, 583, -1, 4, 1.8157749899217608, 4.123105625617661
277, 112, 859, 674, 861, 676, -2, -2, -2.356194490192345, 2.8284271247461903
277, 114, 1251, 160, 1252, 159, -1, 1, 2.356194490192345, 1.4142135623730951
277, 115, 840, 96, 840, 100, 0, -4, -1.5707963267948966, 4.0
277, 116, 1006, 682, 1004, 686, 2, -4, -1.1071487177940904, 4.47213595499958
277, 118, 1261, 14, 1259, 15, 2, -1, -0.4636476090008061, 2.23606797749979
277, 124, 863, 109, 863, 113, 0, -4, -1.5707963267948966, 4.0
277, 125, 859, 96, 859, 100, 0, -4, -1.5707963267948966, 4.0
277, 129, 707, 680, 707, 675, 0, 5, 1.5707963267948966, 5.0
277, 130, 849, 511, 849, 507, 0, 4, 1.5707963267948966, 4.0
277, 131, 842, 575, 844, 579, -2, -4, -2.0344439357957027, 4.47213595499958
277, 132, 700, 587, 701, 583, -1, 4, 1.8157749899217608, 4.123105625617661
277, 133, 855, 583, 859, 586, -4, -3, -2.498091544796509, 5.0
277, 134, 1206, 406, 1206, 404, 0, 2, 1.5707963267948966, 2.0
277, 135, 1239, 331, 1239, 328, 0, 3, 1.5707963267948966, 3.0
277, 136, 1227, 39, 1230, 41, -3, -2, -2.5535900500422257, 3.605551275463989
277, 138, 518, 476, 519, 481, -1, -5, -1.7681918866447774, 5.0990195135927845
277, 139, 1191, 341, 1191, 338, 0, 3, 1.5707963267948966, 3.0
277, 140, 1259, 253, 1260, 252, -1, 1, 2.356194490192345, 1.4142135623730951
277, 141, 479, 20, 479, 22, 0, -2, -1.5707963267948966, 2.0
278, 3, 835, 543, 834, 539, 1, 4, 1.3258176636680326, 4.123105625617661
278, 4, 258, 371, 257, 372, 1, -1, -0.7853981633974483, 1.4142135623730951
278, 5, 154, 165, 156, 163, -2, 2, 2.356194490192345, 2.8284271247461903
278, 6, 856, 86, 856, 90, 0, -4, -1.5707963267948966, 4.0
278, 7, 846, 85, 846, 90, 0, -5, -1.5707963267948966, 5.0
278, 9, 859, 571, 857, 573, 2, -2, -0.7853981633974483, 2.8284271247461903
278, 11, 495, 435, 494, 439, 1, -4, -1.3258176636680326, 4.123105625617661
278, 12, 699, 119, 700, 124, -1, -5, -1.7681918866447774, 5.0990195135927845
278, 13, 1053, 636, 1053, 642, 0, -6, -1.5707963267948966, 6.0
278, 14, 859, 525, 860, 522, -1, 3, 1.892546881191539, 3.1622776601683795
278, 15, 680, 66, 680, 63, 0, 3, 1.5707963267948966, 3.0
278, 16, 497, 152, 496, 156, 1, -4, -1.3258176636680326, 4.123105625617661
278, 18, 271, 335, 273, 335, -2, 0, 3.141592653589793, 2.0
278, 20, 616, 348, 616, 345, 0, 3, 1.5707963267948966, 3.0
278, 22, 485, 150, 484, 155, 1, -5, -1.373400766945016, 5.0990195135927845
278, 23, 1041, 606, 1043, 610, -2, -4, -2.0344439357957027, 4.47213595499958
278, 24, 518, 78, 516, 78, 2, 0, 0.0, 2.0
278, 25, 853, 76, 853, 81, 0, -5, -1.5707963267948966, 5.0
278, 26, 844, 521, 843, 517, 1, 4, 1.3258176636680326, 4.123105625617661
278, 27, 696, 601, 696, 597, 0, 4, 1.5707963267948966, 4.0
278, 28, 528, 17, 525, 16, 3, 1, 0.3217505543966422, 3.1622776601683795
278, 29, 823, 561, 823, 559, 0, 2, 1.5707963267948966, 2.0
278, 31, 516, 55, 514, 55, 2, 0, 0.0, 2.0
278, 33, 1257, 219, 1255, 217, 2, 2, 0.7853981633974483, 2.8284271247461903
278, 34, 491, 142, 490, 146, 1, -4, -1.3258176636680326, 4.123105625617661
278, 35, 959, 35, 963, 36, -4, -1, -2.896613990462929, 4.123105625617661
278, 37, 702, 185, 702, 188, 0, -3, -1.5707963267948966, 3.0
278, 38, 1027, 605, 1029, 609, -2, -4, -2.0344439357957027, 4.47213595499958
278, 39, 1225, 44, 1230, 46, -5, -2, -2.761086276477428, 5.385164807134504
278, 40, 15, 265, 16, 261, -1, 4, 1.8157749899217608, 4.123105625617661
278, 42, 1018, 687, 1018, 689, 0, -2, -1.5707963267948966, 2.0
278, 43, 630, 300, 630, 296, 0, 4, 1.5707963267948966, 4.0
278, 44, 1187, 68, 1191, 71, -4, -3, -2.498091544796509, 5.0
278, 46, 469, 191, 469, 196, 0, -5, -1.5707963267948966, 5.0
278, 47, 1187, 61, 1191, 63, -4, -2, -2.677945044588987, 4.47213595499958
278, 48, 985, 37, 988, 41, -3, -4, -2.214297435588181, 5.0
278, 49, 688, 687, 689, 684, -1, 3, 1.892546881191539, 3.1622776601683795
278, 50, 1251, 42, 1255, 45, -4, -3, -2.498091544796509, 5.0
278, 51, 530, 463, 530, 467, 0, -4, -1.5707963267948966, 4.0
278, 54, 867, 557, 866, 550, 1, 7, 1.4288992721907328, 7.0710678118654755
278, 55, 827, 615, 831, 620, -4, -5, -2.2455372690184494, 6.4031242374328485
278, 57, 1229, 381, 1228, 377, 1, 4, 1.3258176636680326, 4.123105625617661
278, 58, 1261, 223, 1261, 221, 0, 2, 1.5707963267948966, 2.0
278, 59, 500, 410, 498, 415, 2, -5, -1.1902899496825317, 5.385164807134504
278, 61, 871, 568, 869, 567, 2, 1, 0.4636476090008061, 2.23606797749979
278, 62, 1220, 89, 1223, 91, -3, -2, -2.5535900500422257, 3.605551275463989
278, 63, 1206, 73, 1210, 75, -4, -2, -2.677945044588987, 4.47213595499958
278, 65, 535, 455, 535, 460, 0, -5, -1.5707963267948966, 5.0
278, 67, 1235, 361, 1233, 358, 2, 3, 0.982793723247329, 3.605551275463989
278, 68, 1237, 324, 1236, 321, 1, 3, 1.2490457723982544, 3.1622776601683795
278, 70, 832, 670, 833, 669, -1, 1, 2.356194490192345, 1.4142135623730951
278, 71, 511, 388, 510, 394, 1, -6, -1.4056476493802699, 6.082762530298219
278, 74, 646, 347, 646, 343, 0, 4, 1.5707963267948966, 4.0
278, 75, 655, 358, 654, 354, 1, 4, 1.3258176636680326, 4.123105625617661
278, 76, 131, 120, 133, 116, -2, 4, 2.0344439357957027, 4.47213595499958
278, 77, 625, 344, 625, 341, 0, 3, 1.5707963267948966, 3.0
278, 78, 848, 162, 847, 164, 1, -2, -1.1071487177940904, 2.23606797749979
278, 79, 519, 48, 517, 48, 2, 0, 0.0, 2.0
278, 80, 504, 159, 503, 163, 1, -4, -1.3258176636680326, 4.123105625617661
278, 81, 470, 24, 470, 27, 0, -3, -1.5707963267948966, 3.0
278, 83, 866, 619, 870, 623, -4, -4, -2.356194490192345, 5.656854249492381
278, 85, 1223, 377, 1222, 373, 1, 4, 1.3258176636680326, 4.123105625617661
278, 87, 983, 27, 986, 32, -3, -5, -2.1112158270654806, 5.830951894845301
278, 88, 711, 595, 713, 592, -2, 3, 2.158798930342464, 3.605551275463989
278, 89, 462, 215, 464, 219, -2, -4, -2.0344439357957027, 4.47213595499958
278, 90, 1251, 34, 1255, 36, -4, -2, -2.677945044588987, 4.47213595499958
278, 91, 679, 635, 679, 632, 0, 3, 1.5707963267948966, 3.0
278, 92, 837, 168, 836, 170, 1, -2, -1.1071487177940904, 2.23606797749979
278, 93, 813, 632, 818, 638, -5, -6, -2.2655346029916, 7.810249675906654
278, 95, 157, 15, 154, 15, 3, 0, 0.0, 3.0
278, 98, 869, 604, 872, 604, -3, 0, 3.141592653589793, 3.0
278, 99, 631, 62, 632, 60, -1, 2, 2.0344439357957027, 2.23606797749979
278, 100, 132, 174, 134, 172, -2, 2, 2.356194490192345, 2.8284271247461903
278, 101, 158, 185, 160, 183, -2, 2, 2.356194490192345, 2.8284271247461903
278, 102, 626, 78, 626, 76, 0, 2, 1.5707963267948966, 2.0
278, 103, 503, 440, 502, 444, 1, -4, -1.3258176636680326, 4.123105625617661
278, 104, 128, 147, 130, 144, -2, 3, 2.158798930342464, 3.605551275463989
278, 106, 526, 25, 523, 25, 3, 0, 0.0, 3.0
278, 108, 872, 20, 872, 23, 0, -3, -1.5707963267948966, 3.0
278, 109, 707, 591, 708, 587, -1, 4, 1.8157749899217608, 4.123105625617661
278, 111, 858, 672, 859, 674, -1, -2, -2.0344439357957027, 2.23606797749979
278, 113, 1250, 161, 1251, 160, -1, 1, 2.356194490192345, 1.4142135623730951
278, 114, 840, 91, 840, 96, 0, -5, -1.5707963267948966, 5.0
278, 115, 1004, 679, 1006, 682, -2, -3, -2.158798930342464, 3.605551275463989
278, 116, 1261, 224, 1261, 222, 0, 2, 1.5707963267948966, 2.0
278, 121, 526, 73, 524, 73, 2, 0, 0.0, 2.0
278, 122, 164, 15, 161, 15, 3, 0, 0.0, 3.0
278, 123, 864, 104, 863, 109, 1, -5, -1.373400766945016, 5.0990195135927845
278, 124, 859, 92, 859, 96, 0, -4, -1.5707963267948966, 4.0
278, 128, 707, 685, 707, 680, 0, 5, 1.5707963267948966, 5.0
278, 129, 849, 515, 849, 511, 0, 4, 1.5707963267948966, 4.0
278, 130, 840, 571, 842, 575, -2, -4, -2.0344439357957027, 4.47213595499958
278, 131, 700, 590, 700, 587, 0, 3, 1.5707963267948966, 3.0
278, 132, 854, 579, 855, 583, -1, -4, -1.8157749899217608, 4.123105625617661
278, 133, 1206, 409, 1206, 406, 0, 3, 1.5707963267948966, 3.0
278, 134, 1240, 333, 1239, 331, 1, 2, 1.1071487177940904, 2.23606797749979
278, 135, 1222, 37, 1227, 39, -5, -2, -2.761086276477428, 5.385164807134504
278, 136, 271, 321, 273, 321, -2, 0, 3.141592653589793, 2.0
278, 137, 517, 474, 518, 476, -1, -2, -2.0344439357957027, 2.23606797749979
278, 138, 1192, 344, 1191, 341, 1, 3, 1.2490457723982544, 3.1622776601683795
278, 140, 479, 18, 479, 20, 0, -2, -1.5707963267948966, 2.0
279, 2, 836, 546, 835, 543, 1, 3, 1.2490457723982544, 3.1622776601683795
279, 4, 152, 167, 154, 165, -2, 2, 2.356194490192345, 2.8284271247461903
279, 5, 856, 84, 856, 86, 0, -2, -1.5707963267948966, 2.0
279, 6, 846, 83, 846, 85, 0, -2, -1.5707963267948966, 2.0
279, 8, 860, 574, 859, 571, 1, 3, 1.2490457723982544, 3.1622776601683795
279, 10, 495, 433, 495, 435, 0, -2, -1.5707963267948966, 2.0
279, 11, 699, 116, 699, 119, 0, -3, -1.5707963267948966, 3.0
279, 12, 1053, 631, 1053, 636, 0, -5, -1.5707963267948966, 5.0
279, 13, 859, 529, 859, 525, 0, 4, 1.5707963267948966, 4.0
279, 15, 497, 150, 497, 152, 0, -2, -1.5707963267948966, 2.0
279, 19, 616, 352, 616, 348, 0, 4, 1.5707963267948966, 4.0
279, 20, 485, 148, 485, 150, 0, -2, -1.5707963267948966, 2.0
279, 21, 1039, 601, 1041, 606, -2, -5, -1.9513027039072615, 5.385164807134504
279, 23, 853, 73, 853, 76, 0, -3, -1.5707963267948966, 3.0
279, 24, 844, 525, 844, 521, 0, 4, 1.5707963267948966, 4.0
279, 25, 696, 605, 696, 601, 0, 4, 1.5707963267948966, 4.0
279, 26, 531, 16, 528, 17, 3, -1, -0.3217505543966422, 3.1622776601683795
279, 27, 823, 563, 823, 561, 0, 2, 1.5707963267948966, 2.0
279, 29, 519, 55, 516, 55, 3, 0, 0.0, 3.0
279, 31, 1258, 220, 1257, 219, 1, 1, 0.7853981633974483, 1.4142135623730951
279, 32, 491, 140, 491, 142, 0, -2, -1.5707963267948966, 2.0
279, 33, 957, 34, 959, 35, -2, -1, -2.677945044588987, 2.23606797749979
279, 35, 702, 182, 702, 185, 0, -3, -1.5707963267948966, 3.0
279, 36, 1026, 600, 1027, 605, -1, -5, -1.7681918866447774, 5.0990195135927845
279, 37, 1222, 43, 1225, 44, -3, -1, -2.819842099193151, 3.1622776601683795
279, 38, 15, 267, 15, 265, 0, 2, 1.5707963267948966, 2.0
279, 40, 1018, 682, 1018, 687, 0, -5, -1.5707963267948966, 5.0
279, 41, 630, 303, 630, 300, 0, 3, 1.5707963267948966, 3.0
279, 42, 1183, 66, 1187, 68, -4, -2, -2.677945044588987, 4.47213595499958
279, 44, 469, 189, 469, 191, 0, -2, -1.5707963267948966, 2.0
279, 45, 1183, 59, 1187, 61, -4, -2, -2.677945044588987, 4.47213595499958
279, 46, 984, 35, 985, 37, -1, -2, -2.0344439357957027, 2.23606797749979
279, 47, 688, 691, 688, 687, 0, 4, 1.5707963267948966, 4.0
279, 48, 1249, 40, 1251, 42, -2, -2, -2.356194490192345, 2.8284271247461903
279, 49, 530, 459, 530, 463, 0, -4, -1.5707963267948966, 4.0
279, 52, 868, 560, 867, 557, 1, 3, 1.2490457723982544, 3.1622776601683795
279, 53, 823, 611, 827, 615, -4, -4, -2.356194490192345, 5.656854249492381
279, 55, 1229, 384, 1229, 381, 0, 3, 1.5707963267948966, 3.0
279, 57, 501, 405, 500, 410, 1, -5, -1.373400766945016, 5.0990195135927845
279, 59, 872, 571, 871, 568, 1, 3, 1.2490457723982544, 3.1622776601683795
279, 60, 1217, 87, 1220, 89, -3, -2, -2.5535900500422257, 3.605551275463989
279, 61, 1202, 71, 1206, 73, -4, -2, -2.677945044588987, 4.47213595499958
279, 62, 498, 244, 499, 246, -1, -2, -2.0344439357957027, 2.23606797749979
279, 63, 535, 450, 535, 455, 0, -5, -1.5707963267948966, 5.0
279, 64, 1235, 364, 1235, 361, 0, 3, 1.5707963267948966, 3.0
279, 65, 1237, 327, 1237, 324, 0, 3, 1.5707963267948966, 3.0
279, 66, 830, 669, 832, 670, -2, -1, -2.677945044588987, 2.23606797749979
279, 67, 512, 383, 511, 388, 1, -5, -1.373400766945016, 5.0990195135927845
279, 72, 130, 122, 131, 120, -1, 2, 2.0344439357957027, 2.23606797749979
279, 73, 625, 347, 625, 344, 0, 3, 1.5707963267948966, 3.0
279, 74, 848, 160, 848, 162, 0, -2, -1.5707963267948966, 2.0
279, 75, 522, 48, 519, 48, 3, 0, 0.0, 3.0
279, 76, 504, 157, 504, 159, 0, -2, -1.5707963267948966, 2.0
279, 77, 470, 22, 470, 24, 0, -2, -1.5707963267948966, 2.0
279, 78, 862, 615, 866, 619, -4, -4, -2.356194490192345, 5.656854249492381
279, 79, 1223, 381, 1223, 377, 0, 4, 1.5707963267948966, 4.0
279, 81, 982, 25, 983, 27, -1, -2, -2.0344439357957027, 2.23606797749979
279, 82, 711, 599, 711, 595, 0, 4, 1.5707963267948966, 4.0
279, 83, 461, 213, 462, 215, -1, -2, -2.0344439357957027, 2.23606797749979
279, 84, 1249, 31, 1251, 34, -2, -3, -2.158798930342464, 3.605551275463989
279, 85, 678, 639, 679, 635, -1, 4, 1.8157749899217608, 4.123105625617661
279, 86, 837, 166, 837, 168, 0, -2, -1.5707963267948966, 2.0
279, 87, 809, 628, 813, 632, -4, -4, -2.356194490192345, 5.656854249492381
279, 89, 160, 14, 157, 15, 3, -1, -0.3217505543966422, 3.1622776601683795
279, 92, 865, 602, 869, 604, -4, -2, -2.677945044588987, 4.47213595499958
279, 94, 131, 175, 132, 174, -1, 1, 2.356194490192345, 1.4142135623730951
279, 95, 157, 187, 158, 185, -1, 2, 2.0344439357957027, 2.23606797749979
279, 97, 503, 437, 503, 440, 0, -3, -1.5707963267948966, 3.0
279, 98, 127, 148, 128, 147, -1, 1, 2.356194490192345, 1.4142135623730951
279, 100, 529, 24, 526, 25, 3, -1, -0.3217505543966422, 3.1622776601683795
279, 101, 872, 18, 872, 20, 0, -2, -1.5707963267948966, 2.0
279, 102, 707, 595, 707, 591, 0, 4, 1.5707963267948966, 4.0
279, 105, 840, 89, 840, 91, 0, -2, -1.5707963267948966, 2.0
279, 106, 1002, 677, 1004, 679, -2, -2, -2.356194490192345, 2.8284271247461903
279, 112, 528, 73, 526, 73, 2, 0, 0.0, 2.0
279, 113, 167, 14, 164, 15, 3, -1, -0.3217505543966422, 3.1622776601683795
279, 114, 864, 102, 864, 104, 0, -2, -1.5707963267948966, 2.0
279, 115, 859, 89, 859, 92, 0, -3, -1.5707963267948966, 3.0
279, 118, 707, 687, 707, 685, 0, 2, 1.5707963267948966, 2.0
279, 119, 849, 519, 849, 515, 0, 4, 1.5707963267948966, 4.0
279, 120, 836, 570, 840, 571, -4, -1, -2.896613990462929, 4.123105625617661
279, 121, 700, 594, 700, 590, 0, 4, 1.5707963267948966, 4.0
279, 122, 852, 580, 854, 579, -2, 1, 2.677945044588987, 2.23606797749979
279, 123, 1205, 410, 1206, 409, -1, 1, 2.356194490192345, 1.4142135623730951
279, 124, 1240, 336, 1240, 333, 0, 3, 1.5707963267948966, 3.0
279, 125, 1219, 35, 1222, 37, -3, -2, -2.5535900500422257, 3.605551275463989
279, 127, 1192, 348, 1192, 344, 0, 4, 1.5707963267948966, 4.0
279, 129, 479, 16, 479, 18, 0, -2, -1.5707963267948966, 2.0
280, 0, 842, 627, 847, 630, -5, -3, -2.601173153319209, 5.830951894845301
280, 1, 547, 72, 545, 72, 2, 0, 0.0, 2.0
280, 2, 538, 44, 535, 45, 3, -1, -0.3217505543966422, 3.1622776601683795
280, 3, 155, 166, 157, 164, -2, 2, 2.356194490192345, 2.8284271247461903
280, 4, 856, 91, 856, 93, 0, -2, -1.5707963267948966, 2.0
280, 5, 1019, 658, 1021, 662, -2, -4, -2.0344439357957027, 4.47213595499958
280, 6, 702, 120, 702, 124, 0, -4, -1.5707963267948966, 4.0
280, 9, 845, 529, 844, 525, 1, 4, 1.3258176636680326, 4.123105625617661
280, 10, 535, 479, 535, 483, 0, -4, -1.5707963267948966, 4.0
280, 12, 1047, 597, 1048, 603, -1, -6, -1.7359450042095235, 6.082762530298219
280, 14, 1004, 654, 1005, 657, -1, -3, -1.892546881191539, 3.1622776601683795
280, 15, 486, 156, 486, 158, 0, -2, -1.5707963267948966, 2.0
280, 17, 1056, 629, 1056, 634, 0, -5, -1.5707963267948966, 5.0
280, 18, 846, 91, 846, 93, 0, -2, -1.5707963267948966, 2.0
280, 19, 522, 60, 519, 61, 3, -1, -0.3217505543966422, 3.1622776601683795
280, 21, 853, 82, 853, 84, 0, -2, -1.5707963267948966, 2.0
280, 22, 532, 62, 529, 63, 3, -1, -0.3217505543966422, 3.1622776601683795
280, 23, 834, 551, 833, 552, 1, -1, -0.7853981633974483, 1.4142135623730951
280, 24, 479, 225, 480, 227, -1, -2, -2.0344439357957027, 2.23606797749979
280, 25, 529, 16, 526, 17, 3, -1, -0.3217505543966422, 3.1622776601683795
280, 26, 865, 531, 864, 527, 1, 4, 1.3258176636680326, 4.123105625617661
280, 27, 806, 624, 810, 627, -4, -3, -2.498091544796509, 5.0
280, 28, 622, 359, 621, 355, 1, 4, 1.3258176636680326, 4.123105625617661
280, 29, 513, 388, 513, 393, 0, -5, -1.5707963267948966, 5.0
280, 30, 697, 605, 697, 601, 0, 4, 1.5707963267948966, 4.0
280, 31, 716, 600, 717, 596, -1, 4, 1.8157749899217608, 4.123105625617661
280, 32, 497, 157, 497, 159, 0, -2, -1.5707963267948966, 2.0
280, 33, 495, 436, 495, 438, 0, -2, -1.5707963267948966, 2.0
280, 35, 494, 148, 493, 150, 1, -2, -1.1071487177940904, 2.23606797749979
280, 36, 862, 619, 866, 623, -4, -4, -2.356194490192345, 5.656854249492381
280, 37, 470, 199, 471, 201, -1, -2, -2.0344439357957027, 2.23606797749979
280, 38, 822, 616, 826, 620, -4, -4, -2.356194490192345, 5.656854249492381
280, 39, 134, 120, 136, 118, -2, 2, 2.356194490192345, 2.8284271247461903
280, 41, 1182, 69, 1186, 71, -4, -2, -2.677945044588987, 4.47213595499958
280, 42, 1259, 221, 1258, 220, 1, 1, 0.7853981633974483, 1.4142135623730951
280, 43, 500, 411, 500, 416, 0, -5, -1.5707963267948966, 5.0
280, 45, 1261, 43, 1269, 46, -8, -3, -2.782821983319221, 8.54400374531753
280, 46, 873, 580, 871, 579, 2, 1, 0.4636476090008061, 2.23606797749979
280, 47, 523, 50, 519, 50, 4, 0, 0.0, 4.0
280, 48, 1228, 47, 1231, 48, -3, -1, -2.819842099193151, 3.1622776601683795
280, 49, 813, 628, 817, 631, -4, -3, -2.498091544796509, 5.0
280, 50, 1225, 378, 1225, 374, 0, 4, 1.5707963267948966, 4.0
280, 51, 134, 177, 135, 176, -1, 1, 2.356194490192345, 1.4142135623730951
280, 54, 632, 299, 632, 296, 0, 3, 1.5707963267948966, 3.0
280, 58, 160, 160, 162, 158, -2, 2, 2.356194490192345, 2.8284271247461903
280, 59, 1188, 61, 1192, 63, -4, -2, -2.677945044588987, 4.47213595499958
280, 60, 1235, 366, 1235, 362, 0, 4, 1.5707963267948966, 4.0
280, 61, 161, 9, 158, 10, 3, -1, -0.3217505543966422, 3.1622776601683795
280, 64, 861, 586, 861, 583, 0, 3, 1.5707963267948966, 3.0
280, 65, 692, 692, 692, 688, 0, 4, 1.5707963267948966, 4.0
280, 67, 462, 215, 464, 217, -2, -2, -2.356194490192345, 2.8284271247461903
280, 69, 1210, 443, 1209, 436, 1, 7, 1.4288992721907328, 7.0710678118654755
280, 70, 840, 97, 840, 99, 0, -2, -1.5707963267948966, 2.0
280, 71, 728, 51, 730, 54, -2, -3, -2.158798930342464, 3.605551275463989
280, 72, 1164, 105, 1166, 109, -2, -4, -2.0344439357957027, 4.47213595499958
280, 73, 1020, 667, 1021, 672, -1, -5, -1.7681918866447774, 5.0990195135927845
280, 75, 639, 301, 639, 298, 0, 3, 1.5707963267948966, 3.0
280, 76, 1207, 72, 1211, 75, -4, -3, -2.498091544796509, 5.0
280, 78, 796, 590, 798, 595, -2, -5, -1.9513027039072615, 5.385164807134504
280, 80, 987, 42, 989, 43, -2, -1, -2.677945044588987, 2.23606797749979
280, 82, 503, 442, 503, 444, 0, -2, -1.5707963267948966, 2.0
280, 83, 526, 461, 527, 465, -1, -4, -1.8157749899217608, 4.123105625617661
280, 84, 726, 674, 726, 671, 0, 3, 1.5707963267948966, 3.0
280, 86, 961, 34, 963, 36, -2, -2, -2.356194490192345, 2.8284271247461903
280, 88, 705, 105, 705, 109, 0, -4, -1.5707963267948966, 4.0
280, 89, 531, 25, 528, 26, 3, -1, -0.3217505543966422, 3.1622776601683795
280, 91, 984, 33, 986, 35, -2, -2, -2.356194490192345, 2.8284271247461903
280, 93, 682, 643, 683, 638, -1, 5, 1.7681918866447774, 5.0990195135927845
280, 95, 536, 457, 537, 461, -1, -4, -1.8157749899217608, 4.123105625617661
280, 97, 861, 97, 861, 99, 0, -2, -1.5707963267948966, 2.0
280, 99, 504, 165, 504, 167, 0, -2, -1.5707963267948966, 2.0
280, 102, 1015, 628, 1015, 633, 0, -5, -1.5707963267948966, 5.0
280, 103, 703, 184, 703, 189, 0, -5, -1.5707963267948966, 5.0
280, 105, 1027, 597, 1028, 602, -1, -5, -1.7681918866447774, 5.0990195135927845
280, 107, 711, 594, 711, 590, 0, 4, 1.5707963267948966, 4.0
280, 108, 623, 92, 622, 91, 1, 1, 0.7853981633974483, 1.4142135623730951
280, 109, 121, 113, 122, 111, -1, 2, 2.0344439357957027, 2.23606797749979
280, 111, 727, 124, 728, 127, -1, -3, -1.892546881191539, 3.1622776601683795
280, 112, 157, 196, 159, 194, -2, 2, 2.356194490192345, 2.8284271247461903
280, 114, 861, 28, 861, 30, 0, -2, -1.5707963267948966, 2.0
280, 116, 1249, 242, 1248, 241, 1, 1, 0.7853981633974483, 1.4142135623730951
280, 117, 969, 68, 971, 71, -2, -3, -2.158798930342464, 3.605551275463989
280, 119, 128, 147, 130, 146, -2, 1, 2.677945044588987, 2.23606797749979
280, 120, 1261, 35, 1269, 38, -8, -3, -2.782821983319221, 8.54400374531753
280, 121, 500, 230, 501, 236, -1, -6, -1.7359450042095235, 6.082762530298219
280, 122, 645, 380, 645, 377, 0, 3, 1.5707963267948966, 3.0
280, 123, 1239, 326, 1239, 323, 0, 3, 1.5707963267948966, 3.0
280, 125, 1261, 226, 1274, 225, -13, 1, 3.064820762320015, 13.038404810405298
280, 127, 866, 110, 866, 112, 0, -2, -1.5707963267948966, 2.0
280, 128, 478, 164, 478, 166, 0, -2, -1.5707963267948966, 2.0
280, 129, 708, 83, 710, 86, -2, -3, -2.158798930342464, 3.605551275463989
280, 130, 645, 343, 645, 341, 0, 2, 1.5707963267948966, 2.0
280, 131, 309, 691, 312, 688, -3, 3, 2.356194490192345, 4.242640687119285
280, 132, 1182, 110, 1186, 113, -4, -3, -2.498091544796509, 5.0
280, 133, 702, 594, 702, 590, 0, 4, 1.5707963267948966, 4.0
280, 135, 513, 502, 514, 508, -1, -6, -1.7359450042095235, 6.082762530298219
280, 136, 538, 37, 535, 38, 3, -1, -0.3217505543966422, 3.1622776601683795
280, 138, 870, 555, 869, 552, 1, 3, 1.2490457723982544, 3.1622776601683795
280, 139, 1261, 252, 1263, 252, -2, 0, 3.141592653589793, 2.0
280, 140, 589, 12, 590, 14, -1, -2, -2.0344439357957027, 2.23606797749979
280, 142, 850, 520, 849, 516, 1, 4, 1.3258176636680326, 4.123105625617661
281, 0, 837, 624, 842, 627, -5, -3, -2.601173153319209, 5.830951894845301
281, 1, 549, 72, 547, 72, 2, 0, 0.0, 2.0
281, 2, 541, 44, 538, 44, 3, 0, 0.0, 3.0
281, 3, 153, 168, 155, 166, -2, 2, 2.356194490192345, 2.8284271247461903
281, 4, 856, 89, 856, 91, 0, -2, -1.5707963267948966, 2.0
281, 5, 1018, 654, 1019, 658, -1, -4, -1.8157749899217608, 4.123105625617661
281, 6, 702, 116, 702, 120, 0, -4, -1.5707963267948966, 4.0
281, 8, 846, 532, 845, 529, 1, 3, 1.2490457723982544, 3.1622776601683795
281, 9, 535, 475, 535, 479, 0, -4, -1.5707963267948966, 4.0
281, 11, 1046, 591, 1047, 597, -1, -6, -1.7359450042095235, 6.082762530298219
281, 13, 1003, 651, 1004, 654, -1, -3, -1.892546881191539, 3.1622776601683795
281, 14, 486, 154, 486, 156, 0, -2, -1.5707963267948966, 2.0
281, 16, 1055, 624, 1056, 629, -1, -5, -1.7681918866447774, 5.0990195135927845
281, 18, 525, 60, 522, 60, 3, 0, 0.0, 3.0
281, 19, 520, 78, 518, 79, 2, -1, -0.4636476090008061, 2.23606797749979
281, 20, 853, 80, 853, 82, 0, -2, -1.5707963267948966, 2.0
281, 21, 535, 62, 532, 62, 3, 0, 0.0, 3.0
281, 23, 478, 223, 479, 225, -1, -2, -2.0344439357957027, 2.23606797749979
281, 24, 532, 15, 529, 16, 3, -1, -0.3217505543966422, 3.1622776601683795
281, 25, 866, 535, 865, 531, 1, 4, 1.3258176636680326, 4.123105625617661
281, 26, 802, 622, 806, 624, -4, -2, -2.677945044588987, 4.47213595499958
281, 27, 623, 363, 622, 359, 1, 4, 1.3258176636680326, 4.123105625617661
281, 28, 513, 383, 513, 388, 0, -5, -1.5707963267948966, 5.0
281, 29, 697, 609, 697, 605, 0, 4, 1.5707963267948966, 4.0
281, 30, 715, 604, 716, 600, -1, 4, 1.8157749899217608, 4.123105625617661
281, 31, 497, 155, 497, 157, 0, -2, -1.5707963267948966, 2.0
281, 33, 494, 146, 494, 148, 0, -2, -1.5707963267948966, 2.0
281, 34, 859, 615, 862, 619, -3, -4, -2.214297435588181, 5.0
281, 35, 469, 197, 470, 199, -1, -2, -2.0344439357957027, 2.23606797749979
281, 36, 818, 612, 822, 616, -4, -4, -2.356194490192345, 5.656854249492381
281, 37, 133, 122, 134, 120, -1, 2, 2.0344439357957027, 2.23606797749979
281, 39, 1178, 67, 1182, 69, -4, -2, -2.677945044588987, 4.47213595499958
281, 40, 1260, 222, 1259, 221, 1, 1, 0.7853981633974483, 1.4142135623730951
281, 41, 500, 406, 500, 411, 0, -5, -1.5707963267948966, 5.0
281, 43, 1258, 41, 1261, 43, -3, -2, -2.5535900500422257, 3.605551275463989
281, 44, 874, 582, 873, 580, 1, 2, 1.1071487177940904, 2.23606797749979
281, 45, 526, 49, 523, 50, 3, -1, -0.3217505543966422, 3.1622776601683795
281, 46, 1225, 46, 1228, 47, -3, -1, -2.819842099193151, 3.1622776601683795
281, 47, 810, 625, 813, 628, -3, -3, -2.356194490192345, 4.242640687119285
281, 48, 1225, 382, 1225, 378, 0, 4, 1.5707963267948966, 4.0
281, 49, 133, 178, 134, 177, -1, 1, 2.356194490192345, 1.4142135623730951
281, 50, 847, 164, 847, 166, 0, -2, -1.5707963267948966, 2.0
281, 51, 632, 302, 632, 299, 0, 3, 1.5707963267948966, 3.0
281, 55, 158, 162, 160, 160, -2, 2, 2.356194490192345, 2.8284271247461903
281, 56, 1184, 59, 1188, 61, -4, -2, -2.677945044588987, 4.47213595499958
281, 57, 1235, 370, 1235, 366, 0, 4, 1.5707963267948966, 4.0
281, 60, 861, 589, 861, 586, 0, 3, 1.5707963267948966, 3.0
281, 61, 692, 695, 692, 692, 0, 3, 1.5707963267948966, 3.0
281, 63, 461, 213, 462, 215, -1, -2, -2.0344439357957027, 2.23606797749979
281, 64, 1211, 448, 1210, 443, 1, 5, 1.373400766945016, 5.0990195135927845
281, 66, 727, 48, 728, 51, -1, -3, -1.892546881191539, 3.1622776601683795
281, 67, 1161, 102, 1164, 105, -3, -3, -2.356194490192345, 4.242640687119285
281, 68, 1019, 662, 1020, 667, -1, -5, -1.7681918866447774, 5.0990195135927845
281, 70, 639, 304, 639, 301, 0, 3, 1.5707963267948966, 3.0
281, 71, 1203, 70, 1207, 72, -4, -2, -2.677945044588987, 4.47213595499958
281, 73, 794, 585, 796, 590, -2, -5, -1.9513027039072615, 5.385164807134504
281, 75, 985, 40, 987, 42, -2, -2, -2.356194490192345, 2.8284271247461903
281, 77, 503, 440, 503, 442, 0, -2, -1.5707963267948966, 2.0
281, 78, 525, 457, 526, 461, -1, -4, -1.8157749899217608, 4.123105625617661
281, 79, 726, 677, 726, 674, 0, 3, 1.5707963267948966, 3.0
281, 81, 959, 31, 961, 34, -2, -3, -2.158798930342464, 3.605551275463989
281, 83, 705, 101, 705, 105, 0, -4, -1.5707963267948966, 4.0
281, 84, 534, 24, 531, 25, 3, -1, -0.3217505543966422, 3.1622776601683795
281, 86, 982, 31, 984, 33, -2, -2, -2.356194490192345, 2.8284271247461903
281, 88, 682, 647, 682, 643, 0, 4, 1.5707963267948966, 4.0
281, 89, 632, 400, 633, 399, -1, 1, 2.356194490192345, 1.4142135623730951
281, 90, 536, 453, 536, 457, 0, -4, -1.5707963267948966, 4.0
281, 92, 861, 95, 861, 97, 0, -2, -1.5707963267948966, 2.0
281, 94, 504, 163, 504, 165, 0, -2, -1.5707963267948966, 2.0
281, 97, 1015, 622, 1015, 628, 0, -6, -1.5707963267948966, 6.0
281, 98, 703, 181, 703, 184, 0, -3, -1.5707963267948966, 3.0
281, 100, 1026, 592, 1027, 597, -1, -5, -1.7681918866447774, 5.0990195135927845
281, 102, 710, 599, 711, 594, -1, 5, 1.7681918866447774, 5.0990195135927845
281, 103, 624, 93, 623, 92, 1, 1, 0.7853981633974483, 1.4142135623730951
281, 104, 120, 115, 121, 113, -1, 2, 2.0344439357957027, 2.23606797749979
281, 106, 726, 122, 727, 124, -1, -2, -2.0344439357957027, 2.23606797749979
281, 107, 155, 198, 157, 196, -2, 2, 2.356194490192345, 2.8284271247461903
281, 109, 861, 26, 861, 28, 0, -2, -1.5707963267948966, 2.0
281, 111, 1250, 243, 1249, 242, 1, 1, 0.7853981633974483, 1.4142135623730951
281, 112, 967, 67, 969, 68, -2, -1, -2.677945044588987, 2.23606797749979
281, 114, 127, 149, 128, 147, -1, 2, 2.0344439357957027, 2.23606797749979
281, 115, 1258, 33, 1261, 35, -3, -2, -2.5535900500422257, 3.605551275463989
281, 116, 499, 225, 500, 230, -1, -5, -1.7681918866447774, 5.0990195135927845
281, 117, 645, 382, 645, 380, 0, 2, 1.5707963267948966, 2.0
281, 118, 1239, 330, 1239, 326, 0, 4, 1.5707963267948966, 4.0
281, 120, 1261, 228, 1261, 226, 0, 2, 1.5707963267948966, 2.0
281, 123, 478, 162, 478, 164, 0, -2, -1.5707963267948966, 2.0
281, 124, 706, 80, 708, 83, -2, -3, -2.158798930342464, 3.605551275463989
281, 125, 645, 345, 645, 343, 0, 2, 1.5707963267948966, 2.0
281, 126, 306, 694, 309, 691, -3, 3, 2.356194490192345, 4.242640687119285
281, 127, 1178, 108, 1182, 110, -4, -2, -2.677945044588987, 4.47213595499958
281, 128, 702, 598, 702, 594, 0, 4, 1.5707963267948966, 4.0
281, 130, 512, 495, 513, 502, -1, -7, -1.7126933813990606, 7.0710678118654755
281, 131, 541, 37, 538, 37, 3, 0, 0.0, 3.0
281, 133, 871, 558, 870, 555, 1, 3, 1.2490457723982544, 3.1622776601683795
281, 135, 588, 10, 589, 12, -1, -2, -2.0344439357957027, 2.23606797749979
281, 137, 851, 524, 850, 520, 1, 4, 1.3258176636680326, 4.123105625617661
281, 138, 841, 160, 841, 162, 0, -2, -1.5707963267948966, 2.0
282, 0, 833, 622, 837, 624, -4, -2, -2.677945044588987, 4.47213595499958
282, 2, 544, 45, 541, 44, 3, 1, 0.3217505543966422, 3.1622776601683795
282, 3, 151, 170, 153, 168, -2, 2, 2.356194490192345, 2.8284271247461903
282, 5, 1018, 651, 1018, 654, 0, -3, -1.5707963267948966, 3.0
282, 6, 702, 112, 702, 116, 0, -4, -1.5707963267948966, 4.0
282, 8, 847, 535, 846, 532, 1, 3, 1.2490457723982544, 3.1622776601683795
282, 9, 535, 472, 535, 475, 0, -3, -1.5707963267948966, 3.0
282, 11, 1044, 585, 1046, 591, -2, -6, -1.892546881191539, 6.324555320336759
282, 13, 1003, 649, 1003, 651, 0, -2, -1.5707963267948966, 2.0
282, 14, 486, 152, 486, 154, 0, -2, -1.5707963267948966, 2.0
282, 15, 678, 64, 679, 63, -1, 1, 2.356194490192345, 1.4142135623730951
282, 16, 1054, 619, 1055, 624, -1, -5, -1.7681918866447774, 5.0990195135927845
282, 18, 528, 61, 525, 60, 3, 1, 0.3217505543966422, 3.1622776601683795
282, 19, 522, 78, 520, 78, 2, 0, 0.0, 2.0
282, 20, 538, 63, 535, 62, 3, 1, 0.3217505543966422, 3.1622776601683795
282, 21, 833, 549, 833, 551, 0, -2, -1.5707963267948966, 2.0
282, 22, 477, 221, 478, 223, -1, -2, -2.0344439357957027, 2.23606797749979
282, 23, 535, 14, 532, 15, 3, -1, -0.3217505543966422, 3.1622776601683795
282, 24, 867, 539, 866, 535, 1, 4, 1.3258176636680326, 4.123105625617661
282, 25, 800, 618, 802, 622, -2, -4, -2.0344439357957027, 4.47213595499958
282, 26, 623, 367, 623, 363, 0, 4, 1.5707963267948966, 4.0
282, 27, 513, 377, 513, 383, 0, -6, -1.5707963267948966, 6.0
282, 28, 697, 613, 697, 609, 0, 4, 1.5707963267948966, 4.0
282, 29, 713, 608, 715, 604, -2, 4, 2.0344439357957027, 4.47213595499958
282, 30, 497, 153, 497, 155, 0, -2, -1.5707963267948966, 2.0
282, 31, 495, 433, 495, 435, 0, -2, -1.5707963267948966, 2.0
282, 32, 494, 144, 494, 146, 0, -2, -1.5707963267948966, 2.0
282, 33, 860, 611, 859, 615, 1, -4, -1.3258176636680326, 4.123105625617661
282, 34, 469, 195, 469, 197, 0, -2, -1.5707963267948966, 2.0
282, 35, 814, 607, 818, 612, -4, -5, -2.2455372690184494, 6.4031242374328485
282, 36, 132, 124, 133, 122, -1, 2, 2.0344439357957027, 2.23606797749979
282, 37, 1174, 65, 1178, 67, -4, -2, -2.677945044588987, 4.47213595499958
282, 38, 1261, 223, 1260, 222, 1, 1, 0.7853981633974483, 1.4142135623730951
282, 39, 500, 401, 500, 406, 0, -5, -1.5707963267948966, 5.0
282, 41, 1255, 40, 1258, 41, -3, -1, -2.819842099193151, 3.1622776601683795
282, 42, 875, 585, 874, 582, 1, 3, 1.2490457723982544, 3.1622776601683795
282, 43, 529, 49, 526, 49, 3, 0, 0.0, 3.0
282, 44, 1221, 45, 1225, 46, -4, -1, -2.896613990462929, 4.123105625617661
282, 45, 808, 620, 810, 625, -2, -5, -1.9513027039072615, 5.385164807134504
282, 46, 1225, 386, 1225, 382, 0, 4, 1.5707963267948966, 4.0
282, 47, 131, 179, 133, 178, -2, 1, 2.677945044588987, 2.23606797749979
282, 48, 847, 162, 847, 164, 0, -2, -1.5707963267948966, 2.0
282, 49, 632, 306, 632, 302, 0, 4, 1.5707963267948966, 4.0
282, 50, 504, 201, 504, 203, 0, -2, -1.5707963267948966, 2.0
282, 52, 156, 164, 158, 162, -2, 2, 2.356194490192345, 2.8284271247461903
282, 53, 1180, 57, 1184, 59, -4, -2, -2.677945044588987, 4.47213595499958
282, 54, 1235, 374, 1235, 370, 0, 4, 1.5707963267948966, 4.0
282, 57, 861, 592, 861, 589, 0, 3, 1.5707963267948966, 3.0
282, 58, 692, 698, 692, 695, 0, 3, 1.5707963267948966, 3.0
282, 59, 653, 357, 654, 356, -1, 1, 2.356194490192345, 1.4142135623730951
282, 60, 460, 211, 461, 213, -1, -2, -2.0344439357957027, 2.23606797749979
282, 61, 1211, 451, 1211, 448, 0, 3, 1.5707963267948966, 3.0
282, 63, 726, 45, 727, 48, -1, -3, -1.892546881191539, 3.1622776601683795
282, 64, 1158, 99, 1161, 102, -3, -3, -2.356194490192345, 4.242640687119285
282, 65, 1019, 658, 1019, 662, 0, -4, -1.5707963267948966, 4.0
282, 67, 639, 308, 639, 304, 0, 4, 1.5707963267948966, 4.0
282, 68, 1199, 68, 1203, 70, -4, -2, -2.677945044588987, 4.47213595499958
282, 70, 791, 580, 794, 585, -3, -5, -2.1112158270654806, 5.830951894845301
282, 72, 983, 39, 985, 40, -2, -1, -2.677945044588987, 2.23606797749979
282, 74, 503, 438, 503, 440, 0, -2, -1.5707963267948966, 2.0
282, 75, 524, 453, 525, 457, -1, -4, -1.8157749899217608, 4.123105625617661
282, 76, 726, 679, 726, 677, 0, 2, 1.5707963267948966, 2.0
282, 78, 957, 28, 959, 31, -2, -3, -2.158798930342464, 3.605551275463989
282, 80, 704, 98, 705, 101, -1, -3, -1.892546881191539, 3.1622776601683795
282, 81, 537, 23, 534, 24, 3, -1, -0.3217505543966422, 3.1622776601683795
282, 83, 980, 30, 982, 31, -2, -1, -2.677945044588987, 2.23606797749979
282, 85, 682, 651, 682, 647, 0, 4, 1.5707963267948966, 4.0
282, 87, 535, 448, 536, 453, -1, -5, -1.7681918866447774, 5.0990195135927845
282, 90, 504, 161, 504, 163, 0, -2, -1.5707963267948966, 2.0
282, 93, 1015, 616, 1015, 622, 0, -6, -1.5707963267948966, 6.0
282, 94, 703, 179, 703, 181, 0, -2, -1.5707963267948966, 2.0
282, 96, 1025, 587, 1026, 592, -1, -5, -1.7681918866447774, 5.0990195135927845
282, 98, 709, 603, 710, 599, -1, 4, 1.8157749899217608, 4.123105625617661
282, 100, 119, 117, 120, 115, -1, 2, 2.0344439357957027, 2.23606797749979
282, 102, 725, 120, 726, 122, -1, -2, -2.0344439357957027, 2.23606797749979
282, 103, 152, 200, 155, 198, -3, 2, 2.5535900500422257, 3.605551275463989
282, 105, 1251, 245, 1250, 243, 1, 2, 1.1071487177940904, 2.23606797749979
282, 106, 965, 66, 967, 67, -2, -1, -2.677945044588987, 2.23606797749979
282, 108, 125, 151, 127, 149, -2, 2, 2.356194490192345, 2.8284271247461903
282, 109, 1255, 32, 1258, 33, -3, -1, -2.819842099193151, 3.1622776601683795
282, 110, 498, 222, 499, 225, -1, -3, -1.892546881191539, 3.1622776601683795
282, 112, 1239, 334, 1239, 330, 0, 4, 1.5707963267948966, 4.0
282, 114, 1261, 230, 1261, 228, 0, 2, 1.5707963267948966, 2.0
282, 116, 478, 160, 478, 162, 0, -2, -1.5707963267948966, 2.0
282, 117, 704, 77, 706, 80, -2, -3, -2.158798930342464, 3.605551275463989
282, 118, 644, 348, 645, 345, -1, 3, 1.892546881191539, 3.1622776601683795
282, 119, 303, 697, 306, 694, -3, 3, 2.356194490192345, 4.242640687119285
282, 120, 1175, 107, 1178, 108, -3, -1, -2.819842099193151, 3.1622776601683795
282, 121, 702, 602, 702, 598, 0, 4, 1.5707963267948966, 4.0
282, 123, 511, 487, 512, 495, -1, -8, -1.695151321341658, 8.06225774829855
282, 124, 544, 37, 541, 37, 3, 0, 0.0, 3.0
282, 126, 872, 562, 871, 558, 1, 4, 1.3258176636680326, 4.123105625617661
282, 130, 852, 528, 851, 524, 1, 4, 1.3258176636680326, 4.123105625617661
282, 131, 841, 158, 841, 160, 0, -2, -1.5707963267948966, 2.0
283, 0, 831, 620, 833, 622, -2, -2, -2.356194490192345, 2.8284271247461903
283, 2, 547, 48, 544, 45, 3, 3, 0.7853981633974483, 4.242640687119285
283, 3, 149, 173, 151, 170, -2, 3, 2.158798930342464, 3.605551275463989
283, 4, 855, 85, 856, 88, -1, -3, -1.892546881191539, 3.1622776601683795
283, 6, 702, 107, 702, 112, 0, -5, -1.5707963267948966, 5.0
283, 8, 849, 538, 847, 535, 2, 3, 0.982793723247329, 3.605551275463989
283, 9, 535, 470, 535, 472, 0, -2, -1.5707963267948966, 2.0
283, 11, 1042, 581, 1044, 585, -2, -4, -2.0344439357957027, 4.47213595499958
283, 12, 269, 335, 271, 335, -2, 0, 3.141592653589793, 2.0
283, 13, 1004, 648, 1003, 649, 1, -1, -0.7853981633974483, 1.4142135623730951
283, 14, 487, 147, 486, 152, 1, -5, -1.373400766945016, 5.0990195135927845
283, 15, 677, 67, 678, 64, -1, 3, 1.892546881191539, 3.1622776601683795
283, 16, 1052, 611, 1054, 619, -2, -8, -1.8157749899217608, 8.246211251235321
283, 17, 845, 86, 846, 89, -1, -3, -1.892546881191539, 3.1622776601683795
283, 18, 531, 62, 528, 61, 3, 1, 0.3217505543966422, 3.1622776601683795
283, 19, 524, 80, 522, 78, 2, 2, 0.7853981633974483, 2.8284271247461903
283, 20, 540, 65, 538, 63, 2, 2, 0.7853981633974483, 2.8284271247461903
283, 21, 835, 548, 833, 549, 2, -1, -0.4636476090008061, 2.23606797749979
283, 22, 476, 216, 477, 221, -1, -5, -1.7681918866447774, 5.0990195135927845
283, 23, 539, 13, 535, 14, 4, -1, -0.24497866312686414, 4.123105625617661
283, 24, 866, 541, 867, 539, -1, 2, 2.0344439357957027, 2.23606797749979
283, 25, 797, 614, 800, 618, -3, -4, -2.214297435588181, 5.0
283, 26, 623, 370, 623, 367, 0, 3, 1.5707963267948966, 3.0
283, 27, 512, 369, 513, 377, -1, -8, -1.695151321341658, 8.06225774829855
283, 28, 699, 616, 697, 613, 2, 3, 0.982793723247329, 3.605551275463989
283, 29, 711, 612, 713, 608, -2, 4, 2.0344439357957027, 4.47213595499958
283, 30, 498, 148, 497, 153, 1, -5, -1.373400766945016, 5.0990195135927845
283, 31, 495, 430, 495, 433, 0, -3, -1.5707963267948966, 3.0
283, 32, 495, 140, 494, 144, 1, -4, -1.3258176636680326, 4.123105625617661
283, 33, 862, 612, 860, 611, 2, 1, 0.4636476090008061, 2.23606797749979
283, 34, 469, 190, 469, 195, 0, -5, -1.5707963267948966, 5.0
283, 35, 810, 602, 814, 607, -4, -5, -2.2455372690184494, 6.4031242374328485
283, 36, 130, 128, 132, 124, -2, 4, 2.0344439357957027, 4.47213595499958
283, 37, 1170, 63, 1174, 65, -4, -2, -2.677945044588987, 4.47213595499958
283, 39, 499, 397, 500, 401, -1, -4, -1.8157749899217608, 4.123105625617661
283, 41, 1250, 38, 1255, 40, -5, -2, -2.761086276477428, 5.385164807134504
283, 42, 877, 586, 875, 585, 2, 1, 0.4636476090008061, 2.23606797749979
283, 43, 531, 48, 529, 49, 2, -1, -0.4636476090008061, 2.23606797749979
283, 44, 1216, 43, 1221, 45, -5, -2, -2.761086276477428, 5.385164807134504
283, 45, 804, 615, 808, 620, -4, -5, -2.2455372690184494, 6.4031242374328485
283, 46, 1226, 391, 1225, 386, 1, 5, 1.373400766945016, 5.0990195135927845
283, 47, 128, 181, 131, 179, -3, 2, 2.5535900500422257, 3.605551275463989
283, 48, 847, 160, 847, 162, 0, -2, -1.5707963267948966, 2.0
283, 49, 632, 310, 632, 306, 0, 4, 1.5707963267948966, 4.0
283, 50, 505, 198, 504, 201, 1, -3, -1.2490457723982544, 3.1622776601683795
283, 52, 153, 168, 156, 164, -3, 4, 2.214297435588181, 5.0
283, 53, 1175, 56, 1180, 57, -5, -1, -2.9441970937399127, 5.0990195135927845
283, 54, 1236, 378, 1235, 374, 1, 4, 1.3258176636680326, 4.123105625617661
283, 57, 863, 595, 861, 592, 2, 3, 0.982793723247329, 3.605551275463989
283, 58, 690, 701, 692, 698, -2, 3, 2.158798930342464, 3.605551275463989
283, 59, 653, 360, 653, 357, 0, 3, 1.5707963267948966, 3.0
283, 60, 460, 206, 460, 211, 0, -5, -1.5707963267948966, 5.0
283, 61, 1210, 454, 1211, 451, -1, 3, 1.892546881191539, 3.1622776601683795
283, 62, 839, 92, 840, 95, -1, -3, -1.892546881191539, 3.1622776601683795
283, 63, 724, 40, 726, 45, -2, -5, -1.9513027039072615, 5.385164807134504
283, 64, 1155, 99, 1158, 99, -3, 0, 3.141592653589793, 3.0
283, 65, 1020, 657, 1019, 658, 1, -1, -0.7853981633974483, 1.4142135623730951
283, 67, 639, 312, 639, 308, 0, 4, 1.5707963267948966, 4.0
283, 68, 1194, 67, 1199, 68, -5, -1, -2.9441970937399127, 5.0990195135927845
283, 70, 787, 578, 791, 580, -4, -2, -2.677945044588987, 4.47213595499958
283, 71, 11, 240, 10, 238, 1, 2, 1.1071487177940904, 2.23606797749979
283, 72, 982, 37, 983, 39, -1, -2, -2.0344439357957027, 2.23606797749979
283, 74, 504, 436, 503, 438, 1, -2, -1.1071487177940904, 2.23606797749979
283, 75, 523, 450, 524, 453, -1, -3, -1.892546881191539, 3.1622776601683795
283, 76, 726, 681, 726, 679, 0, 2, 1.5707963267948966, 2.0
283, 78, 954, 24, 957, 28, -3, -4, -2.214297435588181, 5.0
283, 80, 703, 94, 704, 98, -1, -4, -1.8157749899217608, 4.123105625617661
283, 81, 541, 22, 537, 23, 4, -1, -0.24497866312686414, 4.123105625617661
283, 83, 979, 28, 980, 30, -1, -2, -2.0344439357957027, 2.23606797749979
283, 85, 682, 653, 682, 651, 0, 2, 1.5707963267948966, 2.0
283, 86, 534, 446, 535, 448, -1, -2, -2.0344439357957027, 2.23606797749979
283, 87, 518, 478, 518, 481, 0, -3, -1.5707963267948966, 3.0
283, 89, 506, 156, 504, 161, 2, -5, -1.1902899496825317, 5.385164807134504
283, 91, 285, 312, 287, 312, -2, 0, 3.141592653589793, 2.0
283, 92, 1014, 614, 1015, 616, -1, -2, -2.0344439357957027, 2.23606797749979
283, 94, 633, 66, 633, 63, 0, 3, 1.5707963267948966, 3.0
283, 95, 1024, 582, 1025, 587, -1, -5, -1.7681918866447774, 5.0990195135927845
283, 97, 709, 607, 709, 603, 0, 4, 1.5707963267948966, 4.0
283, 99, 118, 121, 119, 117, -1, 4, 1.8157749899217608, 4.123105625617661
283, 100, 677, 135, 678, 134, -1, 1, 2.356194490192345, 1.4142135623730951
283, 101, 723, 118, 725, 120, -2, -2, -2.356194490192345, 2.8284271247461903
283, 102, 148, 203, 152, 200, -4, 3, 2.498091544796509, 5.0
283, 103, 835, 124, 835, 128, 0, -4, -1.5707963267948966, 4.0
283, 104, 1251, 247, 1251, 245, 0, 2, 1.5707963267948966, 2.0
283, 105, 963, 66, 965, 66, -2, 0, 3.141592653589793, 2.0
283, 107, 122, 154, 125, 151, -3, 3, 2.356194490192345, 4.242640687119285
283, 108, 1250, 31, 1255, 32, -5, -1, -2.9441970937399127, 5.0990195135927845
283, 111, 1240, 338, 1239, 334, 1, 4, 1.3258176636680326, 4.123105625617661
283, 113, 1261, 232, 1261, 230, 0, 2, 1.5707963267948966, 2.0
283, 115, 479, 155, 478, 160, 1, -5, -1.373400766945016, 5.0990195135927845
283, 116, 702, 74, 704, 77, -2, -3, -2.158798930342464, 3.605551275463989
283, 117, 644, 352, 644, 348, 0, 4, 1.5707963267948966, 4.0
283, 118, 301, 701, 303, 697, -2, 4, 2.0344439357957027, 4.47213595499958
283, 119, 1170, 105, 1175, 107, -5, -2, -2.761086276477428, 5.385164807134504
283, 120, 703, 606, 702, 602, 1, 4, 1.3258176636680326, 4.123105625617661
283, 122, 511, 482, 511, 487, 0, -5, -1.5707963267948966, 5.0
283, 123, 547, 38, 544, 37, 3, 1, 0.3217505543966422, 3.1622776601683795
283, 125, 874, 568, 872, 562, 2, 6, 1.2490457723982544, 6.324555320336759
283, 128, 854, 532, 852, 528, 2, 4, 1.1071487177940904, 4.47213595499958
283, 129, 841, 155, 841, 158, 0, -3, -1.5707963267948966, 3.0
284, 0, 827, 618, 831, 620, -4, -2, -2.677945044588987, 4.47213595499958
284, 1, 548, 50, 547, 48, 1, 2, 1.1071487177940904, 2.23606797749979
284, 2, 147, 174, 149, 173, -2, 1, 2.677945044588987, 2.23606797749979
284, 3, 855, 83, 855, 85, 0, -2, -1.5707963267948966, 2.0
284, 4, 1019, 647, 1019, 651, 0, -4, -1.5707963267948966, 4.0
284, 5, 702, 105, 702, 107, 0, -2, -1.5707963267948966, 2.0
284, 6, 851, 541, 849, 538, 2, 3, 0.982793723247329, 3.605551275463989
284, 7, 535, 467, 535, 470, 0, -3, -1.5707963267948966, 3.0
284, 9, 1041, 575, 1042, 581, -1, -6, -1.7359450042095235, 6.082762530298219
284, 11, 1003, 646, 1004, 648, -1, -2, -2.0344439357957027, 2.23606797749979
284, 12, 487, 143, 487, 147, 0, -4, -1.5707963267948966, 4.0
284, 13, 676, 68, 677, 67, -1, 1, 2.356194490192345, 1.4142135623730951
284, 14, 1051, 606, 1052, 611, -1, -5, -1.7681918866447774, 5.0990195135927845
284, 15, 844, 83, 845, 86, -1, -3, -1.892546881191539, 3.1622776601683795
284, 16, 533, 62, 531, 62, 2, 0, 0.0, 2.0
284, 17, 526, 80, 524, 80, 2, 0, 0.0, 2.0
284, 19, 836, 550, 835, 548, 1, 2, 1.1071487177940904, 2.23606797749979
284, 20, 475, 212, 476, 216, -1, -4, -1.8157749899217608, 4.123105625617661
284, 21, 541, 12, 539, 13, 2, -1, -0.4636476090008061, 2.23606797749979
284, 22, 866, 545, 866, 541, 0, 4, 1.5707963267948966, 4.0
284, 23, 793, 615, 797, 614, -4, 1, 2.896613990462929, 4.123105625617661
284, 24, 623, 373, 623, 370, 0, 3, 1.5707963267948966, 3.0
284, 25, 511, 364, 512, 369, -1, -5, -1.7681918866447774, 5.0990195135927845
284, 26, 700, 620, 699, 616, 1, 4, 1.3258176636680326, 4.123105625617661
284, 27, 711, 616, 711, 612, 0, 4, 1.5707963267948966, 4.0
284, 28, 498, 144, 498, 148, 0, -4, -1.5707963267948966, 4.0
284, 29, 495, 427, 495, 430, 0, -3, -1.5707963267948966, 3.0
284, 30, 495, 136, 495, 140, 0, -4, -1.5707963267948966, 4.0
284, 31, 864, 613, 862, 612, 2, 1, 0.4636476090008061, 2.23606797749979
284, 32, 469, 186, 469, 190, 0, -4, -1.5707963267948966, 4.0
284, 33, 806, 597, 810, 602, -4, -5, -2.2455372690184494, 6.4031242374328485
284, 34, 129, 130, 130, 128, -1, 2, 2.0344439357957027, 2.23606797749979
284, 35, 1166, 62, 1170, 63, -4, -1, -2.896613990462929, 4.123105625617661
284, 37, 498, 393, 499, 397, -1, -4, -1.8157749899217608, 4.123105625617661
284, 38, 1247, 37, 1250, 38, -3, -1, -2.819842099193151, 3.1622776601683795
284, 39, 879, 588, 877, 586, 2, 2, 0.7853981633974483, 2.8284271247461903
284, 40, 533, 47, 531, 48, 2, -1, -0.4636476090008061, 2.23606797749979
284, 41, 1212, 41, 1216, 43, -4, -2, -2.677945044588987, 4.47213595499958
284, 42, 801, 615, 804, 615, -3, 0, 3.141592653589793, 3.0
284, 43, 1227, 394, 1226, 391, 1, 3, 1.2490457723982544, 3.1622776601683795
284, 44, 126, 183, 128, 181, -2, 2, 2.356194490192345, 2.8284271247461903
284, 45, 847, 158, 847, 160, 0, -2, -1.5707963267948966, 2.0
284, 46, 632, 314, 632, 310, 0, 4, 1.5707963267948966, 4.0
284, 47, 505, 195, 505, 198, 0, -3, -1.5707963267948966, 3.0
284, 49, 151, 170, 153, 168, -2, 2, 2.356194490192345, 2.8284271247461903
284, 50, 1171, 55, 1175, 56, -4, -1, -2.896613990462929, 4.123105625617661
284, 51, 1237, 382, 1236, 378, 1, 4, 1.3258176636680326, 4.123105625617661
284, 53, 865, 599, 863, 595, 2, 4, 1.1071487177940904, 4.47213595499958
284, 55, 653, 362, 653, 360, 0, 2, 1.5707963267948966, 2.0
284, 56, 460, 202, 460, 206, 0, -4, -1.5707963267948966, 4.0
284, 57, 1210, 456, 1210, 454, 0, 2, 1.5707963267948966, 2.0
284, 58, 838, 89, 839, 92, -1, -3, -1.892546881191539, 3.1622776601683795
284, 59, 723, 38, 724, 40, -1, -2, -2.0344439357957027, 2.23606797749979
284, 60, 1152, 96, 1155, 99, -3, -3, -2.356194490192345, 4.242640687119285
284, 61, 1020, 654, 1020, 657, 0, -3, -1.5707963267948966, 3.0
284, 63, 639, 316, 639, 312, 0, 4, 1.5707963267948966, 4.0
284, 64, 1190, 66, 1194, 67, -4, -1, -2.896613990462929, 4.123105625617661
284, 65, 783, 579, 787, 578, -4, 1, 2.896613990462929, 4.123105625617661
284, 67, 981, 33, 982, 37, -1, -4, -1.8157749899217608, 4.123105625617661
284, 69, 504, 433, 504, 436, 0, -3, -1.5707963267948966, 3.0
284, 70, 522, 446, 523, 450, -1, -4, -1.8157749899217608, 4.123105625617661
284, 71, 726, 684, 726, 681, 0, 3, 1.5707963267948966, 3.0
284, 73, 953, 22, 954, 24, -1, -2, -2.0344439357957027, 2.23606797749979
284, 75, 703, 92, 703, 94, 0, -2, -1.5707963267948966, 2.0
284, 76, 543, 21, 541, 22, 2, -1, -0.4636476090008061, 2.23606797749979
284, 78, 977, 25, 979, 28, -2, -3, -2.158798930342464, 3.605551275463989
284, 79, 682, 656, 682, 653, 0, 3, 1.5707963267948966, 3.0
284, 80, 533, 442, 534, 446, -1, -4, -1.8157749899217608, 4.123105625617661
284, 81, 518, 476, 518, 478, 0, -2, -1.5707963267948966, 2.0
284, 83, 506, 152, 506, 156, 0, -4, -1.5707963267948966, 4.0
284, 85, 1014, 610, 1014, 614, 0, -4, -1.5707963267948966, 4.0
284, 86, 703, 176, 703, 178, 0, -2, -1.5707963267948966, 2.0
284, 87, 633, 68, 633, 66, 0, 2, 1.5707963267948966, 2.0
284, 88, 1024, 577, 1024, 582, 0, -5, -1.5707963267948966, 5.0
284, 89, 709, 611, 709, 607, 0, 4, 1.5707963267948966, 4.0
284, 91, 117, 123, 118, 121, -1, 2, 2.0344439357957027, 2.23606797749979
284, 93, 145, 204, 148, 203, -3, 1, 2.819842099193151, 3.1622776601683795
284, 94, 835, 120, 835, 124, 0, -4, -1.5707963267948966, 4.0
284, 95, 1252, 250, 1251, 247, 1, 3, 1.2490457723982544, 3.1622776601683795
284, 96, 961, 65, 963, 66, -2, -1, -2.677945044588987, 2.23606797749979
284, 97, 852, 16, 852, 18, 0, -2, -1.5707963267948966, 2.0
284, 98, 120, 156, 122, 154, -2, 2, 2.356194490192345, 2.8284271247461903
284, 99, 1247, 30, 1250, 31, -3, -1, -2.819842099193151, 3.1622776601683795
284, 101, 644, 386, 645, 384, -1, 2, 2.0344439357957027, 2.23606797749979
284, 102, 1241, 341, 1240, 338, 1, 3, 1.2490457723982544, 3.1622776601683795
284, 106, 479, 151, 479, 155, 0, -4, -1.5707963267948966, 4.0
284, 107, 701, 70, 702, 74, -1, -4, -1.8157749899217608, 4.123105625617661
284, 108, 644, 355, 644, 352, 0, 3, 1.5707963267948966, 3.0
284, 109, 299, 701, 301, 701, -2, 0, 3.141592653589793, 2.0
284, 110, 1167, 104, 1170, 105, -3, -1, -2.819842099193151, 3.1622776601683795
284, 111, 704, 610, 703, 606, 1, 4, 1.3258176636680326, 4.123105625617661
284, 113, 511, 479, 511, 482, 0, -3, -1.5707963267948966, 3.0
284, 114, 549, 38, 547, 38, 2, 0, 0.0, 2.0
284, 116, 875, 572, 874, 568, 1, 4, 1.3258176636680326, 4.123105625617661
284, 118, 855, 536, 854, 532, 1, 4, 1.3258176636680326, 4.123105625617661
285, 0, 852, 596, 852, 593, 0, 3, 1.5707963267948966, 3.0
285, 3, 152, 172, 153, 171, -1, 1, 2.356194490192345, 1.4142135623730951
285, 5, 536, 62, 535, 61, 1, 1, 0.7853981633974483, 1.4142135623730951
285, 6, 530, 75, 528, 73, 2, 2, 0.7853981633974483, 2.8284271247461903
285, 9, 539, 458, 538, 461, 1, -3, -1.2490457723982544, 3.1622776601683795
285, 10, 855, 86, 855, 89, 0, -3, -1.5707963267948966, 3.0
285, 13, 497, 434, 497, 437, 0, -3, -1.5707963267948966, 3.0
285, 14, 850, 545, 848, 542, 2, 3, 0.982793723247329, 3.605551275463989
285, 15, 853, 77, 853, 80, 0, -3, -1.5707963267948966, 3.0
285, 16, 489, 148, 489, 152, 0, -4, -1.5707963267948966, 4.0
285, 18, 869, 550, 869, 546, 0, 4, 1.5707963267948966, 4.0
285, 19, 804, 598, 808, 603, -4, -5, -2.2455372690184494, 6.4031242374328485
285, 21, 1054, 609, 1055, 614, -1, -5, -1.7681918866447774, 5.0990195135927845
285, 22, 793, 621, 796, 620, -3, 1, 2.819842099193151, 3.1622776601683795
285, 23, 513, 374, 514, 379, -1, -5, -1.7681918866447774, 5.0990195135927845
285, 24, 679, 68, 680, 66, -1, 2, 2.0344439357957027, 2.23606797749979
285, 25, 846, 86, 846, 89, 0, -3, -1.5707963267948966, 3.0
285, 26, 1044, 579, 1045, 584, -1, -5, -1.7681918866447774, 5.0990195135927845
285, 27, 538, 15, 535, 16, 3, -1, -0.3217505543966422, 3.1622776601683795
285, 29, 497, 140, 496, 144, 1, -4, -1.3258176636680326, 4.123105625617661
285, 30, 134, 127, 134, 125, 0, 2, 1.5707963267948966, 2.0
285, 31, 854, 17, 854, 19, 0, -2, -1.5707963267948966, 2.0
285, 32, 1170, 67, 1175, 68, -5, -1, -2.9441970937399127, 5.0990195135927845
285, 35, 831, 560, 833, 559, -2, 1, 2.677945044588987, 2.23606797749979
285, 36, 473, 190, 472, 194, 1, -4, -1.3258176636680326, 4.123105625617661
285, 37, 1201, 86, 1205, 88, -4, -2, -2.677945044588987, 4.47213595499958
285, 39, 500, 149, 500, 153, 0, -4, -1.5707963267948966, 4.0
285, 41, 699, 627, 698, 623, 1, 4, 1.3258176636680326, 4.123105625617661
285, 42, 799, 615, 802, 614, -3, 1, 2.819842099193151, 3.1622776601683795
285, 43, 129, 183, 131, 182, -2, 1, 2.677945044588987, 2.23606797749979
285, 44, 1177, 59, 1181, 60, -4, -1, -2.896613990462929, 4.123105625617661
285, 45, 1239, 378, 1237, 375, 2, 3, 0.982793723247329, 3.605551275463989
285, 46, 880, 591, 878, 589, 2, 2, 0.7853981633974483, 2.8284271247461903
285, 47, 1217, 42, 1221, 45, -4, -3, -2.498091544796509, 5.0
285, 48, 501, 397, 501, 401, 0, -4, -1.5707963267948966, 4.0
285, 49, 841, 92, 841, 95, 0, -3, -1.5707963267948966, 3.0
285, 50, 1261, 226, 1264, 225, -3, 1, 2.819842099193151, 3.1622776601683795
285, 51, 503, 426, 503, 429, 0, -3, -1.5707963267948966, 3.0
285, 53, 784, 581, 788, 580, -4, 1, 2.896613990462929, 4.123105625617661
285, 55, 1257, 41, 1261, 42, -4, -1, -2.896613990462929, 4.123105625617661
285, 56, 1145, 120, 1150, 120, -5, 0, 3.141592653589793, 5.0
285, 58, 1233, 392, 1231, 389, 2, 3, 0.982793723247329, 3.605551275463989
285, 59, 653, 361, 653, 359, 0, 2, 1.5707963267948966, 2.0
285, 61, 634, 312, 634, 308, 0, 4, 1.5707963267948966, 4.0
285, 62, 874, 575, 873, 570, 1, 5, 1.373400766945016, 5.0990195135927845
285, 63, 194, 10, 193, 11, 1, -1, -0.7853981633974483, 1.4142135623730951
285, 65, 477, 215, 477, 220, 0, -5, -1.5707963267948966, 5.0
285, 66, 540, 24, 537, 25, 3, -1, -0.3217505543966422, 3.1622776601683795
285, 68, 1032, 578, 1031, 582, 1, -4, -1.3258176636680326, 4.123105625617661
285, 69, 847, 165, 847, 167, 0, -2, -1.5707963267948966, 2.0
285, 70, 531, 444, 531, 448, 0, -4, -1.5707963267948966, 4.0
285, 73, 506, 157, 506, 161, 0, -4, -1.5707963267948966, 4.0
285, 75, 465, 206, 464, 210, 1, -4, -1.3258176636680326, 4.123105625617661
285, 76, 810, 537, 814, 541, -4, -4, -2.356194490192345, 5.656854249492381
285, 77, 1222, 49, 1226, 52, -4, -3, -2.498091544796509, 5.0
285, 78, 641, 314, 641, 310, 0, 4, 1.5707963267948966, 4.0
285, 79, 699, 174, 699, 176, 0, -2, -1.5707963267948966, 2.0
285, 82, 961, 62, 963, 63, -2, -1, -2.677945044588987, 2.23606797749979
285, 83, 158, 167, 159, 165, -1, 2, 2.0344439357957027, 2.23606797749979
285, 86, 1047, 640, 1046, 646, 1, -6, -1.4056476493802699, 6.082762530298219
285, 90, 1252, 33, 1256, 34, -4, -1, -2.896613990462929, 4.123105625617661
285, 91, 534, 436, 534, 440, 0, -4, -1.5707963267948966, 4.0
285, 92, 1210, 453, 1211, 452, -1, 1, 2.356194490192345, 1.4142135623730951
285, 93, 307, 701, 310, 707, -3, -6, -2.0344439357957027, 6.708203932499369
285, 94, 637, 64, 637, 62, 0, 2, 1.5707963267948966, 2.0
285, 95, 482, 154, 482, 159, 0, -5, -1.5707963267948966, 5.0
285, 96, 491, 243, 491, 247, 0, -4, -1.5707963267948966, 4.0
285, 100, 861, 92, 861, 95, 0, -3, -1.5707963267948966, 3.0
285, 101, 647, 355, 647, 353, 0, 2, 1.5707963267948966, 2.0
285, 105, 1236, 70, 1239, 71, -3, -1, -2.819842099193151, 3.1622776601683795
285, 106, 727, 44, 728, 46, -1, -2, -2.0344439357957027, 2.23606797749979
285, 107, 694, 701, 695, 706, -1, -5, -1.7681918866447774, 5.0990195135927845
285, 108, 825, 607, 828, 611, -3, -4, -2.214297435588181, 5.0
285, 109, 1261, 231, 1275, 230, -14, 1, 3.070285188804503, 14.035668847618199
285, 110, 482, 193, 481, 197, 1, -4, -1.3258176636680326, 4.123105625617661
285, 111, 681, 662, 681, 659, 0, 3, 1.5707963267948966, 3.0
285, 113, 507, 193, 506, 197, 1, -4, -1.3258176636680326, 4.123105625617661
285, 114, 1176, 109, 1181, 110, -5, -1, -2.9441970937399127, 5.0990195135927845
285, 117, 121, 120, 121, 118, 0, 2, 1.5707963267948966, 2.0
285, 118, 1021, 693, 1022, 695, -1, -2, -2.0344439357957027, 2.23606797749979
285, 121, 1242, 338, 1241, 335, 1, 3, 1.2490457723982544, 3.1622776601683795
285, 122, 1245, 86, 1247, 86, -2, 0, 3.141592653589793, 2.0
285, 123, 730, 690, 730, 687, 0, 3, 1.5707963267948966, 3.0
285, 124, 856, 538, 854, 535, 2, 3, 0.982793723247329, 3.605551275463989
285, 127, 716, 620, 718, 617, -2, 3, 2.158798930342464, 3.605551275463989
285, 128, 1186, 73, 1191, 74, -5, -1, -2.9441970937399127, 5.0990195135927845
285, 131, 1224, 96, 1227, 101, -3, -5, -2.1112158270654806, 5.830951894845301
285, 132, 547, 52, 546, 51, 1, 1, 0.7853981633974483, 1.4142135623730951
286, 0, 852, 598, 852, 596, 0, 2, 1.5707963267948966, 2.0
286, 3, 151, 173, 152, 172, -1, 1, 2.356194490192345, 1.4142135623730951
286, 5, 537, 63, 536, 62, 1, 1, 0.7853981633974483, 1.4142135623730951
286, 6, 531, 77, 530, 75, 1, 2, 1.1071487177940904, 2.23606797749979
286, 9, 540, 454, 539, 458, 1, -4, -1.3258176636680326, 4.123105625617661
286, 10, 855, 82, 855, 86, 0, -4, -1.5707963267948966, 4.0
286, 13, 497, 431, 497, 434, 0, -3, -1.5707963267948966, 3.0
286, 14, 852, 548, 850, 545, 2, 3, 0.982793723247329, 3.605551275463989
286, 15, 853, 73, 853, 77, 0, -4, -1.5707963267948966, 4.0
286, 16, 489, 144, 489, 148, 0, -4, -1.5707963267948966, 4.0
286, 17, 833, 552, 834, 551, -1, 1, 2.356194490192345, 1.4142135623730951
286, 18, 870, 554, 869, 550, 1, 4, 1.3258176636680326, 4.123105625617661
286, 19, 800, 593, 804, 598, -4, -5, -2.2455372690184494, 6.4031242374328485
286, 21, 1054, 604, 1054, 609, 0, -5, -1.5707963267948966, 5.0
286, 22, 791, 624, 793, 621, -2, 3, 2.158798930342464, 3.605551275463989
286, 23, 512, 370, 513, 374, -1, -4, -1.8157749899217608, 4.123105625617661
286, 24, 678, 70, 679, 68, -1, 2, 2.0344439357957027, 2.23606797749979
286, 25, 846, 82, 846, 86, 0, -4, -1.5707963267948966, 4.0
286, 26, 1044, 575, 1044, 579, 0, -4, -1.5707963267948966, 4.0
286, 27, 541, 14, 538, 15, 3, -1, -0.3217505543966422, 3.1622776601683795
286, 28, 497, 136, 497, 140, 0, -4, -1.5707963267948966, 4.0
286, 29, 133, 129, 134, 127, -1, 2, 2.0344439357957027, 2.23606797749979
286, 30, 854, 15, 854, 17, 0, -2, -1.5707963267948966, 2.0
286, 31, 1166, 66, 1170, 67, -4, -1, -2.896613990462929, 4.123105625617661
286, 34, 829, 562, 831, 560, -2, 2, 2.356194490192345, 2.8284271247461903
286, 35, 474, 186, 473, 190, 1, -4, -1.3258176636680326, 4.123105625617661
286, 36, 1197, 84, 1201, 86, -4, -2, -2.677945044588987, 4.47213595499958
286, 38, 500, 145, 500, 149, 0, -4, -1.5707963267948966, 4.0
286, 40, 700, 631, 699, 627, 1, 4, 1.3258176636680326, 4.123105625617661
286, 41, 796, 620, 799, 615, -3, 5, 2.1112158270654806, 5.830951894845301
286, 42, 127, 184, 129, 183, -2, 1, 2.677945044588987, 2.23606797749979
286, 43, 1173, 58, 1177, 59, -4, -1, -2.896613990462929, 4.123105625617661
286, 44, 1241, 381, 1239, 378, 2, 3, 0.982793723247329, 3.605551275463989
286, 45, 882, 594, 880, 591, 2, 3, 0.982793723247329, 3.605551275463989
286, 46, 1214, 39, 1217, 42, -3, -3, -2.356194490192345, 4.242640687119285
286, 47, 501, 393, 501, 397, 0, -4, -1.5707963267948966, 4.0
286, 48, 841, 88, 841, 92, 0, -4, -1.5707963267948966, 4.0
286, 50, 503, 423, 503, 426, 0, -3, -1.5707963267948966, 3.0
286, 52, 782, 584, 784, 581, -2, 3, 2.158798930342464, 3.605551275463989
286, 54, 1254, 40, 1257, 41, -3, -1, -2.819842099193151, 3.1622776601683795
286, 55, 1140, 121, 1145, 120, -5, 1, 2.9441970937399127, 5.0990195135927845
286, 57, 1235, 395, 1233, 392, 2, 3, 0.982793723247329, 3.605551275463989
286, 58, 653, 363, 653, 361, 0, 2, 1.5707963267948966, 2.0
286, 60, 634, 316, 634, 312, 0, 4, 1.5707963267948966, 4.0
286, 61, 875, 580, 874, 575, 1, 5, 1.373400766945016, 5.0990195135927845
286, 64, 478, 211, 477, 215, 1, -4, -1.3258176636680326, 4.123105625617661
286, 65, 543, 23, 540, 24, 3, -1, -0.3217505543966422, 3.1622776601683795
286, 67, 1033, 573, 1032, 578, 1, -5, -1.373400766945016, 5.0990195135927845
286, 68, 847, 162, 847, 165, 0, -3, -1.5707963267948966, 3.0
286, 69, 531, 440, 531, 444, 0, -4, -1.5707963267948966, 4.0
286, 72, 506, 153, 506, 157, 0, -4, -1.5707963267948966, 4.0
286, 74, 466, 202, 465, 206, 1, -4, -1.3258176636680326, 4.123105625617661
286, 75, 806, 533, 810, 537, -4, -4, -2.356194490192345, 5.656854249492381
286, 76, 1219, 46, 1222, 49, -3, -3, -2.356194490192345, 4.242640687119285
286, 77, 641, 318, 641, 314, 0, 4, 1.5707963267948966, 4.0
286, 78, 699, 172, 699, 174, 0, -2, -1.5707963267948966, 2.0
286, 81, 959, 60, 961, 62, -2, -2, -2.356194490192345, 2.8284271247461903
286, 82, 157, 169, 158, 167, -1, 2, 2.0344439357957027, 2.23606797749979
286, 85, 1048, 633, 1047, 640, 1, -7, -1.4288992721907328, 7.0710678118654755
286, 89, 1248, 32, 1252, 33, -4, -1, -2.896613990462929, 4.123105625617661
286, 90, 534, 432, 534, 436, 0, -4, -1.5707963267948966, 4.0
286, 91, 304, 701, 307, 701, -3, 0, 3.141592653589793, 3.0
286, 92, 637, 66, 637, 64, 0, 2, 1.5707963267948966, 2.0
286, 93, 482, 150, 482, 154, 0, -4, -1.5707963267948966, 4.0
286, 94, 490, 238, 491, 243, -1, -5, -1.7681918866447774, 5.0990195135927845
286, 96, 706, 169, 706, 171, 0, -2, -1.5707963267948966, 2.0
286, 98, 861, 88, 861, 92, 0, -4, -1.5707963267948966, 4.0
286, 99, 647, 358, 647, 355, 0, 3, 1.5707963267948966, 3.0
286, 103, 1233, 70, 1236, 70, -3, 0, 3.141592653589793, 3.0
286, 104, 726, 42, 727, 44, -1, -2, -2.0344439357957027, 2.23606797749979
286, 105, 690, 701, 694, 701, -4, 0, 3.141592653589793, 4.0
286, 106, 824, 603, 825, 607, -1, -4, -1.8157749899217608, 4.123105625617661
286, 108, 483, 189, 482, 193, 1, -4, -1.3258176636680326, 4.123105625617661
286, 109, 681, 665, 681, 662, 0, 3, 1.5707963267948966, 3.0
286, 110, 508, 188, 507, 193, 1, -5, -1.373400766945016, 5.0990195135927845
286, 111, 1172, 107, 1176, 109, -4, -2, -2.677945044588987, 4.47213595499958
286, 113, 120, 121, 121, 120, -1, 1, 2.356194490192345, 1.4142135623730951
286, 114, 1020, 689, 1021, 693, -1, -4, -1.8157749899217608, 4.123105625617661
286, 116, 657, 98, 657, 96, 0, 2, 1.5707963267948966, 2.0
286, 117, 1243, 340, 1242, 338, 1, 2, 1.1071487177940904, 2.23606797749979
286, 118, 1243, 85, 1245, 86, -2, -1, -2.677945044588987, 2.23606797749979
286, 119, 730, 694, 730, 690, 0, 4, 1.5707963267948966, 4.0
286, 120, 858, 541, 856, 538, 2, 3, 0.982793723247329, 3.605551275463989
286, 122, 714, 624, 716, 620, -2, 4, 2.0344439357957027, 4.47213595499958
286, 123, 1182, 72, 1186, 73, -4, -1, -2.896613990462929, 4.123105625617661
286, 125, 1222, 92, 1224, 96, -2, -4, -2.0344439357957027, 4.47213595499958
287, 0, 852, 600, 852, 598, 0, 2, 1.5707963267948966, 2.0
287, 3, 150, 174, 151, 173, -1, 1, 2.356194490192345, 1.4142135623730951
287, 5, 538, 64, 537, 63, 1, 1, 0.7853981633974483, 1.4142135623730951
287, 9, 541, 450, 540, 454, 1, -4, -1.3258176636680326, 4.123105625617661
287, 10, 855, 78, 855, 82, 0, -4, -1.5707963267948966, 4.0
287, 13, 497, 429, 497, 431, 0, -2, -1.5707963267948966, 2.0
287, 14, 855, 551, 852, 548, 3, 3, 0.7853981633974483, 4.242640687119285
287, 15, 853, 69, 853, 73, 0, -4, -1.5707963267948966, 4.0
287, 16, 489, 140, 489, 144, 0, -4, -1.5707963267948966, 4.0
287, 17, 832, 554, 833, 552, -1, 2, 2.0344439357957027, 2.23606797749979
287, 18, 871, 558, 870, 554, 1, 4, 1.3258176636680326, 4.123105625617661
287, 19, 797, 588, 800, 593, -3, -5, -2.1112158270654806, 5.830951894845301
287, 21, 1054, 599, 1054, 604, 0, -5, -1.5707963267948966, 5.0
287, 22, 790, 627, 791, 624, -1, 3, 1.892546881191539, 3.1622776601683795
287, 23, 511, 366, 512, 370, -1, -4, -1.8157749899217608, 4.123105625617661
287, 24, 677, 73, 678, 70, -1, 3, 1.892546881191539, 3.1622776601683795
287, 25, 846, 78, 846, 82, 0, -4, -1.5707963267948966, 4.0
287, 26, 1044, 571, 1044, 575, 0, -4, -1.5707963267948966, 4.0
287, 27, 544, 13, 541, 14, 3, -1, -0.3217505543966422, 3.1622776601683795
287, 28, 497, 132, 497, 136, 0, -4, -1.5707963267948966, 4.0
287, 29, 132, 130, 133, 129, -1, 1, 2.356194490192345, 1.4142135623730951
287, 31, 1162, 65, 1166, 66, -4, -1, -2.896613990462929, 4.123105625617661
287, 34, 827, 563, 829, 562, -2, 1, 2.677945044588987, 2.23606797749979
287, 35, 474, 183, 474, 186, 0, -3, -1.5707963267948966, 3.0
287, 36, 1193, 81, 1197, 84, -4, -3, -2.498091544796509, 5.0
287, 37, 500, 141, 500, 145, 0, -4, -1.5707963267948966, 4.0
287, 39, 701, 635, 700, 631, 1, 4, 1.3258176636680326, 4.123105625617661
287, 40, 794, 624, 796, 620, -2, 4, 2.0344439357957027, 4.47213595499958
287, 41, 125, 184, 127, 184, -2, 0, 3.141592653589793, 2.0
287, 42, 1169, 56, 1173, 58, -4, -2, -2.677945044588987, 4.47213595499958
287, 43, 1243, 384, 1241, 381, 2, 3, 0.982793723247329, 3.605551275463989
287, 44, 883, 597, 882, 594, 1, 3, 1.2490457723982544, 3.1622776601683795
287, 45, 1210, 37, 1214, 39, -4, -2, -2.677945044588987, 4.47213595499958
287, 46, 501, 389, 501, 393, 0, -4, -1.5707963267948966, 4.0
287, 47, 841, 84, 841, 88, 0, -4, -1.5707963267948966, 4.0
287, 49, 503, 420, 503, 423, 0, -3, -1.5707963267948966, 3.0
287, 51, 780, 586, 782, 584, -2, 2, 2.356194490192345, 2.8284271247461903
287, 52, 1250, 39, 1254, 40, -4, -1, -2.896613990462929, 4.123105625617661
287, 53, 1136, 122, 1140, 121, -4, 1, 2.896613990462929, 4.123105625617661
287, 55, 1237, 398, 1235, 395, 2, 3, 0.982793723247329, 3.605551275463989
287, 56, 653, 366, 653, 363, 0, 3, 1.5707963267948966, 3.0
287, 58, 635, 320, 634, 316, 1, 4, 1.3258176636680326, 4.123105625617661
287, 59, 876, 584, 875, 580, 1, 4, 1.3258176636680326, 4.123105625617661
287, 60, 479, 21, 479, 23, 0, -2, -1.5707963267948966, 2.0
287, 61, 479, 207, 478, 211, 1, -4, -1.3258176636680326, 4.123105625617661
287, 62, 546, 22, 543, 23, 3, -1, -0.3217505543966422, 3.1622776601683795
287, 64, 1035, 568, 1033, 573, 2, -5, -1.1902899496825317, 5.385164807134504
287, 65, 847, 160, 847, 162, 0, -2, -1.5707963267948966, 2.0
287, 66, 532, 436, 531, 440, 1, -4, -1.3258176636680326, 4.123105625617661
287, 69, 506, 149, 506, 153, 0, -4, -1.5707963267948966, 4.0
287, 71, 467, 198, 466, 202, 1, -4, -1.3258176636680326, 4.123105625617661
287, 72, 802, 529, 806, 533, -4, -4, -2.356194490192345, 5.656854249492381
287, 73, 1216, 44, 1219, 46, -3, -2, -2.5535900500422257, 3.605551275463989
287, 74, 642, 322, 641, 318, 1, 4, 1.3258176636680326, 4.123105625617661
287, 75, 699, 170, 699, 172, 0, -2, -1.5707963267948966, 2.0
287, 78, 957, 57, 959, 60, -2, -3, -2.158798930342464, 3.605551275463989
287, 79, 156, 170, 157, 169, -1, 1, 2.356194490192345, 1.4142135623730951
287, 81, 1048, 627, 1048, 633, 0, -6, -1.5707963267948966, 6.0
287, 85, 1244, 31, 1248, 32, -4, -1, -2.896613990462929, 4.123105625617661
287, 86, 534, 429, 534, 432, 0, -3, -1.5707963267948966, 3.0
287, 87, 301, 701, 304, 701, -3, 0, 3.141592653589793, 3.0
287, 89, 482, 146, 482, 150, 0, -4, -1.5707963267948966, 4.0
287, 90, 490, 235, 490, 238, 0, -3, -1.5707963267948966, 3.0
287, 92, 706, 166, 706, 169, 0, -3, -1.5707963267948966, 3.0
287, 94, 861, 84, 861, 88, 0, -4, -1.5707963267948966, 4.0
287, 95, 647, 361, 647, 358, 0, 3, 1.5707963267948966, 3.0
287, 99, 1230, 70, 1233, 70, -3, 0, 3.141592653589793, 3.0
287, 101, 822, 598, 824, 603, -2, -5, -1.9513027039072615, 5.385164807134504
287, 103, 484, 185, 483, 189, 1, -4, -1.3258176636680326, 4.123105625617661
287, 104, 681, 668, 681, 665, 0, 3, 1.5707963267948966, 3.0
287, 105, 509, 183, 508, 188, 1, -5, -1.373400766945016, 5.0990195135927845
287, 106, 1168, 106, 1172, 107, -4, -1, -2.896613990462929, 4.123105625617661
287, 108, 120, 123, 120, 121, 0, 2, 1.5707963267948966, 2.0
287, 109, 1020, 683, 1020, 689, 0, -6, -1.5707963267948966, 6.0
287, 111, 657, 101, 657, 98, 0, 3, 1.5707963267948966, 3.0
287, 112, 1244, 342, 1243, 340, 1, 2, 1.1071487177940904, 2.23606797749979
287, 113, 1240, 84, 1243, 85, -3, -1, -2.819842099193151, 3.1622776601683795
287, 114, 730, 698, 730, 694, 0, 4, 1.5707963267948966, 4.0
287, 115, 860, 545, 858, 541, 2, 4, 1.1071487177940904, 4.47213595499958
287, 117, 713, 628, 714, 624, -1, 4, 1.8157749899217608, 4.123105625617661
287, 118, 1178, 70, 1182, 72, -4, -2, -2.677945044588987, 4.47213595499958
287, 119, 1219, 91, 1222, 92, -3, -1, -2.819842099193151, 3.1622776601683795
287, 120, 550, 51, 548, 52, 2, -1, -0.4636476090008061, 2.23606797749979
288, 0, 852, 603, 852, 600, 0, 3, 1.5707963267948966, 3.0
288, 3, 149, 176, 150, 174, -1, 2, 2.0344439357957027, 2.23606797749979
288, 4, 538, 61, 538, 64, 0, -3, -1.5707963267948966, 3.0
288, 8, 540, 446, 541, 450, -1, -4, -1.8157749899217608, 4.123105625617661
288, 9, 855, 74, 855, 78, 0, -4, -1.5707963267948966, 4.0
288, 12, 498, 425, 497, 429, 1, -4, -1.3258176636680326, 4.123105625617661
288, 13, 857, 554, 855, 551, 2, 3, 0.982793723247329, 3.605551275463989
288, 14, 854, 65, 853, 69, 1, -4, -1.3258176636680326, 4.123105625617661
288, 15, 489, 135, 489, 140, 0, -5, -1.5707963267948966, 5.0
288, 16, 830, 558, 832, 554, -2, 4, 2.0344439357957027, 4.47213595499958
288, 17, 872, 561, 871, 558, 1, 3, 1.2490457723982544, 3.1622776601683795
288, 18, 795, 584, 797, 588, -2, -4, -2.0344439357957027, 4.47213595499958
288, 20, 1054, 593, 1054, 599, 0, -6, -1.5707963267948966, 6.0
288, 21, 784, 625, 790, 627, -6, -2, -2.819842099193151, 6.324555320336759
288, 22, 510, 359, 511, 366, -1, -7, -1.7126933813990606, 7.0710678118654755
288, 23, 676, 77, 677, 73, -1, 4, 1.8157749899217608, 4.123105625617661
288, 24, 846, 74, 846, 78, 0, -4, -1.5707963267948966, 4.0
288, 25, 1044, 567, 1044, 571, 0, -4, -1.5707963267948966, 4.0
288, 26, 548, 13, 544, 13, 4, 0, 0.0, 4.0
288, 27, 497, 127, 497, 132, 0, -5, -1.5707963267948966, 5.0
288, 28, 131, 132, 132, 130, -1, 2, 2.0344439357957027, 2.23606797749979
288, 29, 854, 12, 854, 14, 0, -2, -1.5707963267948966, 2.0
288, 30, 1158, 63, 1162, 65, -4, -2, -2.677945044588987, 4.47213595499958
288, 34, 475, 179, 474, 183, 1, -4, -1.3258176636680326, 4.123105625617661
288, 35, 1189, 79, 1193, 81, -4, -2, -2.677945044588987, 4.47213595499958
288, 36, 500, 136, 500, 141, 0, -5, -1.5707963267948966, 5.0
288, 38, 703, 639, 701, 635, 2, 4, 1.1071487177940904, 4.47213595499958
288, 39, 789, 622, 794, 624, -5, -2, -2.761086276477428, 5.385164807134504
288, 40, 122, 185, 125, 184, -3, 1, 2.819842099193151, 3.1622776601683795
288, 41, 1165, 54, 1169, 56, -4, -2, -2.677945044588987, 4.47213595499958
288, 42, 1246, 388, 1243, 384, 3, 4, 0.9272952180016122, 5.0
288, 43, 885, 599, 883, 597, 2, 2, 0.7853981633974483, 2.8284271247461903
288, 44, 1207, 34, 1210, 37, -3, -3, -2.356194490192345, 4.242640687119285
288, 45, 501, 384, 501, 389, 0, -5, -1.5707963267948966, 5.0
288, 46, 841, 80, 841, 84, 0, -4, -1.5707963267948966, 4.0
288, 47, 1261, 229, 1261, 227, 0, 2, 1.5707963267948966, 2.0
288, 48, 504, 416, 503, 420, 1, -4, -1.3258176636680326, 4.123105625617661
288, 50, 777, 586, 780, 586, -3, 0, 3.141592653589793, 3.0
288, 51, 1246, 37, 1250, 39, -4, -2, -2.677945044588987, 4.47213595499958
288, 52, 1134, 122, 1136, 122, -2, 0, 3.141592653589793, 2.0
288, 54, 1238, 403, 1237, 398, 1, 5, 1.373400766945016, 5.0990195135927845
288, 55, 655, 369, 653, 366, 2, 3, 0.982793723247329, 3.605551275463989
288, 56, 636, 324, 635, 320, 1, 4, 1.3258176636680326, 4.123105625617661
288, 57, 878, 589, 876, 584, 2, 5, 1.1902899496825317, 5.385164807134504
288, 58, 479, 17, 479, 21, 0, -4, -1.5707963267948966, 4.0
288, 59, 481, 204, 479, 207, 2, -3, -0.982793723247329, 3.605551275463989
288, 60, 550, 21, 546, 22, 4, -1, -0.24497866312686414, 4.123105625617661
288, 61, 14, 246, 13, 244, 1, 2, 1.1071487177940904, 2.23606797749979
288, 62, 1036, 565, 1035, 568, 1, -3, -1.2490457723982544, 3.1622776601683795
288, 63, 848, 158, 847, 160, 1, -2, -1.1071487177940904, 2.23606797749979
288, 64, 533, 432, 532, 436, 1, -4, -1.3258176636680326, 4.123105625617661
288, 67, 507, 145, 506, 149, 1, -4, -1.3258176636680326, 4.123105625617661
288, 69, 468, 195, 467, 198, 1, -3, -1.2490457723982544, 3.1622776601683795
288, 70, 798, 525, 802, 529, -4, -4, -2.356194490192345, 5.656854249492381
288, 71, 1213, 41, 1216, 44, -3, -3, -2.356194490192345, 4.242640687119285
288, 72, 643, 326, 642, 322, 1, 4, 1.3258176636680326, 4.123105625617661
288, 73, 699, 167, 699, 170, 0, -3, -1.5707963267948966, 3.0
288, 76, 956, 53, 957, 57, -1, -4, -1.8157749899217608, 4.123105625617661
288, 77, 155, 172, 156, 170, -1, 2, 2.0344439357957027, 2.23606797749979
288, 78, 707, 95, 706, 98, 1, -3, -1.2490457723982544, 3.1622776601683795
288, 79, 1046, 623, 1048, 627, -2, -4, -2.0344439357957027, 4.47213595499958
288, 81, 1240, 29, 1244, 31, -4, -2, -2.677945044588987, 4.47213595499958
288, 82, 536, 427, 534, 429, 2, -2, -0.7853981633974483, 2.8284271247461903
288, 84, 638, 69, 637, 67, 1, 2, 1.1071487177940904, 2.23606797749979
288, 85, 482, 141, 482, 146, 0, -5, -1.5707963267948966, 5.0
288, 86, 490, 232, 490, 235, 0, -3, -1.5707963267948966, 3.0
288, 88, 705, 162, 706, 166, -1, -4, -1.8157749899217608, 4.123105625617661
288, 90, 862, 81, 861, 84, 1, -3, -1.2490457723982544, 3.1622776601683795
288, 91, 648, 365, 647, 361, 1, 4, 1.3258176636680326, 4.123105625617661
288, 94, 1194, 422, 1194, 417, 0, 5, 1.5707963267948966, 5.0
288, 95, 1226, 68, 1230, 70, -4, -2, -2.677945044588987, 4.47213595499958
288, 97, 819, 593, 822, 598, -3, -5, -2.1112158270654806, 5.830951894845301
288, 98, 1261, 236, 1261, 233, 0, 3, 1.5707963267948966, 3.0
288, 99, 486, 182, 484, 185, 2, -3, -0.982793723247329, 3.605551275463989
288, 100, 682, 669, 681, 668, 1, 1, 0.7853981633974483, 1.4142135623730951
288, 101, 510, 177, 509, 183, 1, -6, -1.4056476493802699, 6.082762530298219
288, 102, 1165, 103, 1168, 106, -3, -3, -2.356194490192345, 4.242640687119285
288, 104, 119, 125, 120, 123, -1, 2, 2.0344439357957027, 2.23606797749979
288, 105, 1019, 678, 1020, 683, -1, -5, -1.7681918866447774, 5.0990195135927845
288, 107, 658, 104, 657, 101, 1, 3, 1.2490457723982544, 3.1622776601683795
288, 108, 1247, 346, 1244, 342, 3, 4, 0.9272952180016122, 5.0
288, 109, 1236, 82, 1240, 84, -4, -2, -2.677945044588987, 4.47213595499958
288, 110, 731, 701, 730, 698, 1, 3, 1.2490457723982544, 3.1622776601683795
288, 111, 861, 549, 860, 545, 1, 4, 1.3258176636680326, 4.123105625617661
288, 113, 712, 632, 713, 628, -1, 4, 1.8157749899217608, 4.123105625617661
288, 114, 1174, 68, 1178, 70, -4, -2, -2.677945044588987, 4.47213595499958
288, 115, 1215, 92, 1219, 91, -4, 1, 2.896613990462929, 4.123105625617661
288, 116, 552, 49, 550, 51, 2, -2, -0.7853981633974483, 2.8284271247461903
289, 0, 853, 606, 852, 603, 1, 3, 1.2490457723982544, 3.1622776601683795
289, 3, 148, 177, 149, 176, -1, 1, 2.356194490192345, 1.4142135623730951
289, 4, 539, 60, 538, 61, 1, -1, -0.7853981633974483, 1.4142135623730951
289, 8, 540, 442, 540, 446, 0, -4, -1.5707963267948966, 4.0
289, 9, 855, 70, 855, 74, 0, -4, -1.5707963267948966, 4.0
289, 12, 498, 423, 498, 425, 0, -2, -1.5707963267948966, 2.0
289, 13, 859, 558, 857, 554, 2, 4, 1.1071487177940904, 4.47213595499958
289, 14, 854, 61, 854, 65, 0, -4, -1.5707963267948966, 4.0
289, 15, 489, 132, 489, 135, 0, -3, -1.5707963267948966, 3.0
289, 16, 827, 555, 830, 558, -3, -3, -2.356194490192345, 4.242640687119285
289, 17, 874, 565, 872, 561, 2, 4, 1.1071487177940904, 4.47213595499958
289, 18, 792, 581, 795, 584, -3, -3, -2.356194490192345, 4.242640687119285
289, 20, 1054, 588, 1054, 593, 0, -5, -1.5707963267948966, 5.0
289, 21, 778, 620, 784, 625, -6, -5, -2.44685437739309, 7.810249675906654
289, 22, 509, 355, 510, 359, -1, -4, -1.8157749899217608, 4.123105625617661
289, 23, 675, 78, 676, 77, -1, 1, 2.356194490192345, 1.4142135623730951
289, 24, 846, 70, 846, 74, 0, -4, -1.5707963267948966, 4.0
289, 25, 1045, 562, 1044, 567, 1, -5, -1.373400766945016, 5.0990195135927845
289, 26, 551, 12, 548, 13, 3, -1, -0.3217505543966422, 3.1622776601683795
289, 27, 497, 124, 497, 127, 0, -3, -1.5707963267948966, 3.0
289, 29, 854, 10, 854, 12, 0, -2, -1.5707963267948966, 2.0
289, 30, 1154, 60, 1158, 63, -4, -3, -2.498091544796509, 5.0
289, 33, 823, 560, 827, 563, -4, -3, -2.498091544796509, 5.0
289, 34, 476, 177, 475, 179, 1, -2, -1.1071487177940904, 2.23606797749979
289, 35, 1185, 76, 1189, 79, -4, -3, -2.498091544796509, 5.0
289, 36, 500, 133, 500, 136, 0, -3, -1.5707963267948966, 3.0
289, 37, 703, 644, 703, 639, 0, 5, 1.5707963267948966, 5.0
289, 38, 785, 622, 789, 622, -4, 0, 3.141592653589793, 4.0
289, 39, 120, 186, 122, 185, -2, 1, 2.677945044588987, 2.23606797749979
289, 40, 1161, 51, 1165, 54, -4, -3, -2.498091544796509, 5.0
289, 41, 1247, 391, 1246, 388, 1, 3, 1.2490457723982544, 3.1622776601683795
289, 42, 886, 602, 885, 599, 1, 3, 1.2490457723982544, 3.1622776601683795
289, 43, 1204, 31, 1207, 34, -3, -3, -2.356194490192345, 4.242640687119285
289, 44, 500, 380, 501, 384, -1, -4, -1.8157749899217608, 4.123105625617661
289, 45, 841, 76, 841, 80, 0, -4, -1.5707963267948966, 4.0
289, 47, 504, 413, 504, 416, 0, -3, -1.5707963267948966, 3.0
289, 48, 775, 584, 777, 586, -2, -2, -2.356194490192345, 2.8284271247461903
289, 49, 1243, 34, 1246, 37, -3, -3, -2.356194490192345, 4.242640687119285
289, 51, 1240, 406, 1238, 403, 2, 3, 0.982793723247329, 3.605551275463989
289, 52, 656, 372, 655, 369, 1, 3, 1.2490457723982544, 3.1622776601683795
289, 53, 636, 326, 636, 324, 0, 2, 1.5707963267948966, 2.0
289, 54, 879, 593, 878, 589, 1, 4, 1.3258176636680326, 4.123105625617661
289, 55, 479, 15, 479, 17, 0, -2, -1.5707963267948966, 2.0
289, 56, 482, 201, 481, 204, 1, -3, -1.2490457723982544, 3.1622776601683795
289, 57, 553, 20, 550, 21, 3, -1, -0.3217505543966422, 3.1622776601683795
289, 58, 15, 247, 14, 246, 1, 1, 0.7853981633974483, 1.4142135623730951
289, 59, 1037, 560, 1036, 565, 1, -5, -1.373400766945016, 5.0990195135927845
289, 60, 849, 156, 848, 158, 1, -2, -1.1071487177940904, 2.23606797749979
289, 61, 533, 428, 533, 432, 0, -4, -1.5707963267948966, 4.0
289, 62, 498, 222, 498, 224, 0, -2, -1.5707963267948966, 2.0
289, 64, 507, 142, 507, 145, 0, -3, -1.5707963267948966, 3.0
289, 66, 470, 192, 468, 195, 2, -3, -0.982793723247329, 3.605551275463989
289, 67, 794, 521, 798, 525, -4, -4, -2.356194490192345, 5.656854249492381
289, 68, 1211, 38, 1213, 41, -2, -3, -2.158798930342464, 3.605551275463989
289, 69, 643, 329, 643, 326, 0, 3, 1.5707963267948966, 3.0
289, 73, 707, 93, 707, 95, 0, -2, -1.5707963267948966, 2.0
289, 74, 1044, 619, 1046, 623, -2, -4, -2.0344439357957027, 4.47213595499958
289, 76, 1237, 26, 1240, 29, -3, -3, -2.356194490192345, 4.242640687119285
289, 77, 536, 423, 536, 427, 0, -4, -1.5707963267948966, 4.0
289, 80, 482, 139, 482, 141, 0, -2, -1.5707963267948966, 2.0
289, 81, 490, 229, 490, 232, 0, -3, -1.5707963267948966, 3.0
289, 84, 862, 77, 862, 81, 0, -4, -1.5707963267948966, 4.0
289, 85, 649, 368, 648, 365, 1, 3, 1.2490457723982544, 3.1622776601683795
289, 87, 1195, 427, 1194, 422, 1, 5, 1.373400766945016, 5.0990195135927845
289, 88, 1224, 66, 1226, 68, -2, -2, -2.356194490192345, 2.8284271247461903
289, 90, 816, 589, 819, 593, -3, -4, -2.214297435588181, 5.0
289, 92, 487, 179, 486, 182, 1, -3, -1.2490457723982544, 3.1622776601683795
289, 93, 682, 673, 682, 669, 0, 4, 1.5707963267948966, 4.0
289, 94, 510, 171, 510, 177, 0, -6, -1.5707963267948966, 6.0
289, 95, 1161, 100, 1165, 103, -4, -3, -2.498091544796509, 5.0
289, 97, 118, 126, 119, 125, -1, 1, 2.356194490192345, 1.4142135623730951
289, 98, 1016, 674, 1019, 678, -3, -4, -2.214297435588181, 5.0
289, 100, 658, 106, 658, 104, 0, 2, 1.5707963267948966, 2.0
289, 101, 1248, 348, 1247, 346, 1, 2, 1.1071487177940904, 2.23606797749979
289, 102, 1233, 80, 1236, 82, -3, -2, -2.5535900500422257, 3.605551275463989
289, 104, 863, 553, 861, 549, 2, 4, 1.1071487177940904, 4.47213595499958
289, 106, 712, 637, 712, 632, 0, 5, 1.5707963267948966, 5.0
289, 107, 1170, 65, 1174, 68, -4, -3, -2.498091544796509, 5.0
289, 108, 1212, 93, 1215, 92, -3, 1, 2.819842099193151, 3.1622776601683795
289, 109, 554, 48, 552, 49, 2, -1, -0.4636476090008061, 2.23606797749979
290, 0, 815, 590, 819, 594, -4, -4, -2.356194490192345, 5.656854249492381
290, 1, 151, 177, 152, 176, -1, 1, 2.356194490192345, 1.4142135623730951
290, 2, 536, 424, 536, 428, 0, -4, -1.5707963267948966, 4.0
290, 8, 849, 76, 849, 79, 0, -3, -1.5707963267948966, 3.0
290, 12, 857, 77, 857, 80, 0, -3, -1.5707963267948966, 3.0
290, 13, 18, 245, 17, 243, 1, 2, 1.1071487177940904, 2.23606797749979
290, 14, 855, 67, 855, 70, 0, -3, -1.5707963267948966, 3.0
290, 16, 825, 585, 827, 589, -2, -4, -2.0344439357957027, 4.47213595499958
290, 17, 498, 133, 498, 135, 0, -2, -1.5707963267948966, 2.0
290, 18, 490, 141, 490, 143, 0, -2, -1.5707963267948966, 2.0
290, 19, 704, 110, 704, 112, 0, -2, -1.5707963267948966, 2.0
290, 20, 547, 15, 544, 15, 3, 0, 0.0, 3.0
290, 21, 1011, 701, 1013, 717, -2, -16, -1.695151321341658, 16.1245154965971
290, 22, 549, 59, 548, 60, 1, -1, -0.7853981633974483, 1.4142135623730951
290, 23, 859, 564, 857, 561, 2, 3, 0.982793723247329, 3.605551275463989
290, 24, 512, 365, 513, 369, -1, -4, -1.8157749899217608, 4.123105625617661
290, 25, 498, 429, 498, 432, 0, -3, -1.5707963267948966, 3.0
290, 26, 797, 592, 799, 596, -2, -4, -2.0344439357957027, 4.47213595499958
290, 27, 1054, 589, 1055, 594, -1, -5, -1.7681918866447774, 5.0990195135927845
290, 28, 837, 110, 837, 113, 0, -3, -1.5707963267948966, 3.0
290, 29, 1034, 556, 1033, 560, 1, -4, -1.3258176636680326, 4.123105625617661
290, 30, 794, 580, 797, 583, -3, -3, -2.356194490192345, 4.242640687119285
290, 31, 679, 73, 680, 72, -1, 1, 2.356194490192345, 1.4142135623730951
290, 32, 1170, 63, 1174, 66, -4, -3, -2.498091544796509, 5.0
290, 33, 879, 572, 878, 567, 1, 5, 1.373400766945016, 5.0990195135927845
290, 35, 1160, 61, 1164, 64, -4, -3, -2.498091544796509, 5.0
290, 36, 1166, 54, 1170, 57, -4, -3, -2.498091544796509, 5.0
290, 37, 1210, 37, 1213, 39, -3, -2, -2.5535900500422257, 3.605551275463989
290, 41, 1006, 617, 1007, 622, -1, -5, -1.7681918866447774, 5.0990195135927845
290, 42, 968, 64, 969, 66, -1, -2, -2.0344439357957027, 2.23606797749979
290, 43, 552, 76, 551, 77, 1, -1, -0.7853981633974483, 1.4142135623730951
290, 44, 472, 196, 470, 199, 2, -3, -0.982793723247329, 3.605551275463989
290, 45, 478, 182, 477, 184, 1, -2, -1.1071487177940904, 2.23606797749979
290, 48, 1198, 431, 1197, 427, 1, 4, 1.3258176636680326, 4.123105625617661
290, 49, 860, 619, 858, 616, 2, 3, 0.982793723247329, 3.605551275463989
290, 50, 771, 612, 777, 618, -6, -6, -2.356194490192345, 8.48528137423857
290, 52, 501, 141, 501, 144, 0, -3, -1.5707963267948966, 3.0
290, 53, 1030, 622, 1030, 625, 0, -3, -1.5707963267948966, 3.0
290, 56, 1250, 37, 1253, 39, -3, -2, -2.5535900500422257, 3.605551275463989
290, 58, 638, 321, 638, 318, 0, 3, 1.5707963267948966, 3.0
290, 59, 656, 372, 656, 369, 0, 3, 1.5707963267948966, 3.0
290, 60, 126, 183, 128, 182, -2, 1, 2.677945044588987, 2.23606797749979
290, 63, 885, 618, 884, 614, 1, 4, 1.3258176636680326, 4.123105625617661
290, 66, 793, 521, 797, 524, -4, -3, -2.498091544796509, 5.0
290, 67, 1051, 559, 1050, 564, 1, -5, -1.373400766945016, 5.0990195135927845
290, 70, 1261, 232, 1268, 231, -7, 1, 2.999695598985629, 7.0710678118654755
290, 71, 34, 490, 30, 486, 4, 4, 0.7853981633974483, 5.656854249492381
290, 73, 501, 388, 502, 392, -1, -4, -1.8157749899217608, 4.123105625617661
290, 74, 1244, 387, 1243, 384, 1, 3, 1.2490457723982544, 3.1622776601683795
290, 75, 549, 24, 546, 24, 3, 0, 0.0, 3.0
290, 76, 810, 527, 813, 529, -3, -2, -2.5535900500422257, 3.605551275463989
290, 78, 477, 203, 474, 205, 3, -2, -0.5880026035475675, 3.605551275463989
290, 79, 1245, 29, 1248, 31, -3, -2, -2.5535900500422257, 3.605551275463989
290, 81, 708, 95, 708, 97, 0, -2, -1.5707963267948966, 2.0
290, 84, 484, 206, 482, 208, 2, -2, -0.7853981633974483, 2.8284271247461903
290, 86, 123, 156, 124, 155, -1, 1, 2.356194490192345, 1.4142135623730951
290, 88, 1261, 236, 1275, 234, -14, 2, 2.999695598985629, 14.142135623730951
290, 90, 978, 701, 980, 712, -2, -11, -1.750649826587375, 11.180339887498949
290, 97, 1220, 100, 1222, 100, -2, 0, 3.141592653589793, 2.0
290, 98, 1023, 651, 1024, 654, -1, -3, -1.892546881191539, 3.1622776601683795
290, 100, 862, 82, 862, 85, 0, -3, -1.5707963267948966, 3.0
290, 101, 650, 367, 650, 364, 0, 3, 1.5707963267948966, 3.0
290, 103, 660, 107, 660, 105, 0, 2, 1.5707963267948966, 2.0
290, 104, 561, 73, 558, 74, 3, -1, -0.3217505543966422, 3.1622776601683795
290, 105, 1247, 346, 1246, 343, 1, 3, 1.2490457723982544, 3.1622776601683795
290, 106, 986, 701, 987, 712, -1, -11, -1.6614562139956417, 11.045361017187261
290, 108, 842, 606, 841, 601, 1, 5, 1.373400766945016, 5.0990195135927845
290, 110, 682, 685, 682, 680, 0, 5, 1.5707963267948966, 5.0
290, 111, 881, 595, 880, 591, 1, 4, 1.3258176636680326, 4.123105625617661
290, 112, 632, 404, 633, 400, -1, 4, 1.8157749899217608, 4.123105625617661
290, 114, 698, 172, 699, 174, -1, -2, -2.0344439357957027, 2.23606797749979
290, 116, 844, 595, 843, 591, 1, 4, 1.3258176636680326, 4.123105625617661
290, 117, 1235, 400, 1234, 397, 1, 3, 1.2490457723982544, 3.1622776601683795
290, 123, 627, 390, 628, 387, -1, 3, 1.892546881191539, 3.1622776601683795
290, 125, 795, 624, 797, 619, -2, 5, 1.9513027039072615, 5.385164807134504
290, 126, 784, 577, 787, 580, -3, -3, -2.356194490192345, 4.242640687119285
290, 127, 532, 432, 532, 436, 0, -4, -1.5707963267948966, 4.0
290, 129, 810, 533, 814, 536, -4, -3, -2.498091544796509, 5.0
290, 131, 645, 324, 645, 321, 0, 3, 1.5707963267948966, 3.0
290, 132, 484, 148, 484, 150, 0, -2, -1.5707963267948966, 2.0
290, 133, 509, 149, 508, 152, 1, -3, -1.2490457723982544, 3.1622776601683795
290, 135, 550, 45, 548, 45, 2, 0, 0.0, 2.0
290, 137, 1192, 49, 1195, 51, -3, -2, -2.5535900500422257, 3.605551275463989
290, 138, 868, 95, 868, 98, 0, -3, -1.5707963267948966, 3.0
290, 139, 479, 14, 479, 16, 0, -2, -1.5707963267948966, 2.0
290, 143, 690, 675, 690, 670, 0, 5, 1.5707963267948966, 5.0
290, 144, 1217, 43, 1219, 45, -2, -2, -2.356194490192345, 2.8284271247461903
290, 145, 842, 83, 842, 86, 0, -3, -1.5707963267948966, 3.0
290, 147, 1200, 369, 1199, 366, 1, 3, 1.2490457723982544, 3.1622776601683795
290, 148, 872, 16, 873, 18, -1, -2, -2.0344439357957027, 2.23606797749979
290, 149, 731, 701, 731, 713, 0, -12, -1.5707963267948966, 12.0
290, 150, 955, 30, 957, 31, -2, -1, -2.677945044588987, 2.23606797749979
290, 152, 1136, 95, 1139, 95, -3, 0, 3.141592653589793, 3.0
290, 153, 1049, 611, 1051, 615, -2, -4, -2.0344439357957027, 4.47213595499958
290, 155, 1237, 80, 1240, 82, -3, -2, -2.5535900500422257, 3.605551275463989
290, 157, 1261, 191, 1271, 190, -10, 1, 3.0419240010986313, 10.04987562112089
290, 159, 297, 701, 300, 717, -3, -16, -1.7561442767905915, 16.278820596099706
290, 161, 823, 564, 827, 567, -4, -3, -2.498091544796509, 5.0
290, 162, 1016, 579, 1016, 584, 0, -5, -1.5707963267948966, 5.0
290, 163, 1026, 631, 1026, 635, 0, -4, -1.5707963267948966, 4.0
290, 165, 867, 21, 867, 23, 0, -2, -1.5707963267948966, 2.0
290, 166, 1195, 439, 1194, 436, 1, 3, 1.2490457723982544, 3.1622776601683795
290, 167, 1229, 65, 1232, 68, -3, -3, -2.356194490192345, 4.242640687119285
291, 0, 811, 586, 815, 590, -4, -4, -2.356194490192345, 5.656854249492381
291, 2, 536, 419, 536, 424, 0, -5, -1.5707963267948966, 5.0
291, 8, 849, 74, 849, 76, 0, -2, -1.5707963267948966, 2.0
291, 12, 857, 75, 857, 77, 0, -2, -1.5707963267948966, 2.0
291, 13, 18, 247, 18, 245, 0, 2, 1.5707963267948966, 2.0
291, 14, 855, 65, 855, 67, 0, -2, -1.5707963267948966, 2.0
291, 16, 821, 581, 825, 585, -4, -4, -2.356194490192345, 5.656854249492381
291, 17, 498, 131, 498, 133, 0, -2, -1.5707963267948966, 2.0
291, 18, 490, 139, 490, 141, 0, -2, -1.5707963267948966, 2.0
291, 19, 705, 107, 704, 110, 1, -3, -1.2490457723982544, 3.1622776601683795
291, 20, 550, 15, 547, 15, 3, 0, 0.0, 3.0
291, 21, 1010, 695, 1011, 701, -1, -6, -1.7359450042095235, 6.082762530298219
291, 23, 860, 568, 859, 564, 1, 4, 1.3258176636680326, 4.123105625617661
291, 24, 511, 361, 512, 365, -1, -4, -1.8157749899217608, 4.123105625617661
291, 25, 498, 425, 498, 429, 0, -4, -1.5707963267948966, 4.0
291, 26, 794, 588, 797, 592, -3, -4, -2.214297435588181, 5.0
291, 27, 1054, 584, 1054, 589, 0, -5, -1.5707963267948966, 5.0
291, 28, 837, 108, 837, 110, 0, -2, -1.5707963267948966, 2.0
291, 29, 1035, 551, 1034, 556, 1, -5, -1.373400766945016, 5.0990195135927845
291, 30, 790, 577, 794, 580, -4, -3, -2.498091544796509, 5.0
291, 32, 1166, 60, 1170, 63, -4, -3, -2.498091544796509, 5.0
291, 33, 880, 577, 879, 572, 1, 5, 1.373400766945016, 5.0990195135927845
291, 35, 1156, 58, 1160, 61, -4, -3, -2.498091544796509, 5.0
291, 36, 1162, 51, 1166, 54, -4, -3, -2.498091544796509, 5.0
291, 37, 1207, 35, 1210, 37, -3, -2, -2.5535900500422257, 3.605551275463989
291, 39, 518, 475, 518, 477, 0, -2, -1.5707963267948966, 2.0
291, 42, 967, 62, 968, 64, -1, -2, -2.0344439357957027, 2.23606797749979
291, 43, 553, 75, 552, 76, 1, -1, -0.7853981633974483, 1.4142135623730951
291, 44, 475, 193, 472, 196, 3, -3, -0.7853981633974483, 4.242640687119285
291, 45, 479, 181, 478, 182, 1, -1, -0.7853981633974483, 1.4142135623730951
291, 48, 1199, 434, 1198, 431, 1, 3, 1.2490457723982544, 3.1622776601683795
291, 49, 861, 623, 860, 619, 1, 4, 1.3258176636680326, 4.123105625617661
291, 50, 767, 605, 771, 612, -4, -7, -2.0899424410414196, 8.06225774829855
291, 51, 718, 111, 718, 113, 0, -2, -1.5707963267948966, 2.0
291, 52, 501, 139, 501, 141, 0, -2, -1.5707963267948966, 2.0
291, 53, 1030, 619, 1030, 622, 0, -3, -1.5707963267948966, 3.0
291, 56, 1248, 35, 1250, 37, -2, -2, -2.356194490192345, 2.8284271247461903
291, 58, 638, 324, 638, 321, 0, 3, 1.5707963267948966, 3.0
291, 59, 656, 375, 656, 372, 0, 3, 1.5707963267948966, 3.0
291, 60, 124, 184, 126, 183, -2, 1, 2.677945044588987, 2.23606797749979
291, 62, 886, 621, 885, 618, 1, 3, 1.2490457723982544, 3.1622776601683795
291, 64, 196, 10, 194, 11, 2, -1, -0.4636476090008061, 2.23606797749979
291, 65, 789, 518, 793, 521, -4, -3, -2.498091544796509, 5.0
291, 66, 1052, 555, 1051, 559, 1, -4, -1.3258176636680326, 4.123105625617661
291, 70, 37, 493, 34, 490, 3, 3, 0.7853981633974483, 4.242640687119285
291, 71, 189, 11, 187, 12, 2, -1, -0.4636476090008061, 2.23606797749979
291, 72, 500, 384, 501, 388, -1, -4, -1.8157749899217608, 4.123105625617661
291, 73, 1246, 390, 1244, 387, 2, 3, 0.982793723247329, 3.605551275463989
291, 74, 552, 24, 549, 24, 3, 0, 0.0, 3.0
291, 75, 806, 525, 810, 527, -4, -2, -2.677945044588987, 4.47213595499958
291, 77, 480, 201, 477, 203, 3, -2, -0.5880026035475675, 3.605551275463989
291, 78, 1243, 27, 1245, 29, -2, -2, -2.356194490192345, 2.8284271247461903
291, 80, 708, 92, 708, 95, 0, -3, -1.5707963267948966, 3.0
291, 83, 486, 204, 484, 206, 2, -2, -0.7853981633974483, 2.8284271247461903
291, 85, 121, 157, 123, 156, -2, 1, 2.677945044588987, 2.23606797749979
291, 88, 845, 147, 845, 149, 0, -2, -1.5707963267948966, 2.0
291, 89, 978, 696, 978, 701, 0, -5, -1.5707963267948966, 5.0
291, 96, 1023, 647, 1023, 651, 0, -4, -1.5707963267948966, 4.0
291, 98, 862, 80, 862, 82, 0, -2, -1.5707963267948966, 2.0
291, 99, 650, 370, 650, 367, 0, 3, 1.5707963267948966, 3.0
291, 101, 660, 109, 660, 107, 0, 2, 1.5707963267948966, 2.0
291, 102, 563, 71, 561, 73, 2, -2, -0.7853981633974483, 2.8284271247461903
291, 103, 1248, 349, 1247, 346, 1, 3, 1.2490457723982544, 3.1622776601683795
291, 104, 985, 696, 986, 701, -1, -5, -1.7681918866447774, 5.0990195135927845
291, 106, 843, 611, 842, 606, 1, 5, 1.373400766945016, 5.0990195135927845
291, 108, 682, 689, 682, 685, 0, 4, 1.5707963267948966, 4.0
291, 109, 882, 599, 881, 595, 1, 4, 1.3258176636680326, 4.123105625617661
291, 110, 632, 410, 632, 404, 0, 6, 1.5707963267948966, 6.0
291, 112, 698, 170, 698, 172, 0, -2, -1.5707963267948966, 2.0
291, 114, 845, 600, 844, 595, 1, 5, 1.373400766945016, 5.0990195135927845
291, 115, 1237, 403, 1235, 400, 2, 3, 0.982793723247329, 3.605551275463989
291, 121, 626, 392, 627, 390, -1, 2, 2.0344439357957027, 2.23606797749979
291, 124, 781, 575, 784, 577, -3, -2, -2.5535900500422257, 3.605551275463989
291, 125, 532, 427, 532, 432, 0, -5, -1.5707963267948966, 5.0
291, 127, 805, 531, 810, 533, -5, -2, -2.761086276477428, 5.385164807134504
291, 129, 645, 327, 645, 324, 0, 3, 1.5707963267948966, 3.0
291, 130, 484, 146, 484, 148, 0, -2, -1.5707963267948966, 2.0
291, 131, 509, 146, 509, 149, 0, -3, -1.5707963267948966, 3.0
291, 133, 552, 45, 550, 45, 2, 0, 0.0, 2.0
291, 135, 1189, 47, 1192, 49, -3, -2, -2.5535900500422257, 3.605551275463989
291, 136, 868, 93, 868, 95, 0, -2, -1.5707963267948966, 2.0
291, 141, 690, 679, 690, 675, 0, 4, 1.5707963267948966, 4.0
291, 142, 1215, 41, 1217, 43, -2, -2, -2.356194490192345, 2.8284271247461903
291, 143, 842, 80, 842, 83, 0, -3, -1.5707963267948966, 3.0
291, 145, 1202, 372, 1200, 369, 2, 3, 0.982793723247329, 3.605551275463989
291, 146, 872, 14, 872, 16, 0, -2, -1.5707963267948966, 2.0
291, 148, 953, 28, 955, 30, -2, -2, -2.356194490192345, 2.8284271247461903
291, 150, 1133, 95, 1136, 95, -3, 0, 3.141592653589793, 3.0
291, 151, 1047, 608, 1049, 611, -2, -3, -2.158798930342464, 3.605551275463989
291, 153, 1234, 79, 1237, 80, -3, -1, -2.819842099193151, 3.1622776601683795
291, 155, 1260, 192, 1261, 191, -1, 1, 2.356194490192345, 1.4142135623730951
291, 159, 819, 561, 823, 564, -4, -3, -2.498091544796509, 5.0
291, 160, 1016, 574, 1016, 579, 0, -5, -1.5707963267948966, 5.0
291, 161, 1026, 628, 1026, 631, 0, -3, -1.5707963267948966, 3.0
291, 163, 867, 19, 867, 21, 0, -2, -1.5707963267948966, 2.0
291, 164, 1196, 442, 1195, 439, 1, 3, 1.2490457723982544, 3.1622776601683795
291, 165, 1227, 62, 1229, 65, -2, -3, -2.158798930342464, 3.605551275463989
292, 0, 807, 582, 811, 586, -4, -4, -2.356194490192345, 5.656854249492381
292, 2, 536, 414, 536, 419, 0, -5, -1.5707963267948966, 5.0
292, 8, 849, 72, 849, 74, 0, -2, -1.5707963267948966, 2.0
292, 12, 857, 73, 857, 75, 0, -2, -1.5707963267948966, 2.0
292, 13, 19, 249, 18, 247, 1, 2, 1.1071487177940904, 2.23606797749979
292, 14, 855, 63, 855, 65, 0, -2, -1.5707963267948966, 2.0
292, 16, 817, 577, 821, 581, -4, -4, -2.356194490192345, 5.656854249492381
292, 17, 498, 129, 498, 131, 0, -2, -1.5707963267948966, 2.0
292, 18, 490, 137, 490, 139, 0, -2, -1.5707963267948966, 2.0
292, 19, 705, 104, 705, 107, 0, -3, -1.5707963267948966, 3.0
292, 20, 553, 15, 550, 15, 3, 0, 0.0, 3.0
292, 21, 1010, 689, 1010, 695, 0, -6, -1.5707963267948966, 6.0
292, 23, 861, 572, 860, 568, 1, 4, 1.3258176636680326, 4.123105625617661
292, 24, 510, 356, 511, 361, -1, -5, -1.7681918866447774, 5.0990195135927845
292, 25, 498, 420, 498, 425, 0, -5, -1.5707963267948966, 5.0
292, 26, 790, 585, 794, 588, -4, -3, -2.498091544796509, 5.0
292, 27, 1054, 579, 1054, 584, 0, -5, -1.5707963267948966, 5.0
292, 28, 837, 105, 837, 108, 0, -3, -1.5707963267948966, 3.0
292, 29, 1036, 546, 1035, 551, 1, -5, -1.373400766945016, 5.0990195135927845
292, 30, 786, 574, 790, 577, -4, -3, -2.498091544796509, 5.0
292, 32, 1162, 57, 1166, 60, -4, -3, -2.498091544796509, 5.0
292, 33, 880, 582, 880, 577, 0, 5, 1.5707963267948966, 5.0
292, 35, 1152, 55, 1156, 58, -4, -3, -2.498091544796509, 5.0
292, 36, 1158, 48, 1162, 51, -4, -3, -2.498091544796509, 5.0
292, 37, 1204, 33, 1207, 35, -3, -2, -2.5535900500422257, 3.605551275463989
292, 39, 518, 472, 518, 475, 0, -3, -1.5707963267948966, 3.0
292, 41, 1007, 617, 1006, 616, 1, 1, 0.7853981633974483, 1.4142135623730951
292, 42, 966, 60, 967, 62, -1, -2, -2.0344439357957027, 2.23606797749979
292, 43, 554, 74, 553, 75, 1, -1, -0.7853981633974483, 1.4142135623730951
292, 44, 478, 190, 475, 193, 3, -3, -0.7853981633974483, 4.242640687119285
292, 45, 480, 179, 479, 181, 1, -2, -1.1071487177940904, 2.23606797749979
292, 48, 1200, 439, 1199, 434, 1, 5, 1.373400766945016, 5.0990195135927845
292, 49, 861, 626, 861, 623, 0, 3, 1.5707963267948966, 3.0
292, 50, 763, 599, 767, 605, -4, -6, -2.158798930342464, 7.211102550927978
292, 51, 718, 108, 718, 111, 0, -3, -1.5707963267948966, 3.0
292, 52, 501, 136, 501, 139, 0, -3, -1.5707963267948966, 3.0
292, 53, 1030, 616, 1030, 619, 0, -3, -1.5707963267948966, 3.0
292, 56, 1246, 33, 1248, 35, -2, -2, -2.356194490192345, 2.8284271247461903
292, 58, 638, 327, 638, 324, 0, 3, 1.5707963267948966, 3.0
292, 59, 656, 378, 656, 375, 0, 3, 1.5707963267948966, 3.0
292, 60, 122, 185, 124, 184, -2, 1, 2.677945044588987, 2.23606797749979
292, 61, 1138, 125, 1140, 125, -2, 0, 3.141592653589793, 2.0
292, 62, 886, 624, 886, 621, 0, 3, 1.5707963267948966, 3.0
292, 64, 199, 9, 196, 10, 3, -1, -0.3217505543966422, 3.1622776601683795
292, 65, 785, 515, 789, 518, -4, -3, -2.498091544796509, 5.0
292, 66, 1053, 551, 1052, 555, 1, -4, -1.3258176636680326, 4.123105625617661
292, 70, 38, 497, 37, 493, 1, 4, 1.3258176636680326, 4.123105625617661
292, 71, 192, 10, 189, 11, 3, -1, -0.3217505543966422, 3.1622776601683795
292, 72, 499, 379, 500, 384, -1, -5, -1.7681918866447774, 5.0990195135927845
292, 73, 1247, 393, 1246, 390, 1, 3, 1.2490457723982544, 3.1622776601683795
292, 74, 555, 24, 552, 24, 3, 0, 0.0, 3.0
292, 75, 802, 524, 806, 525, -4, -1, -2.896613990462929, 4.123105625617661
292, 77, 482, 199, 480, 201, 2, -2, -0.7853981633974483, 2.8284271247461903
292, 78, 1241, 25, 1243, 27, -2, -2, -2.356194490192345, 2.8284271247461903
292, 80, 708, 89, 708, 92, 0, -3, -1.5707963267948966, 3.0
292, 83, 487, 202, 486, 204, 1, -2, -1.1071487177940904, 2.23606797749979
292, 85, 120, 158, 121, 157, -1, 1, 2.356194490192345, 1.4142135623730951
292, 88, 845, 145, 845, 147, 0, -2, -1.5707963267948966, 2.0
292, 89, 978, 691, 978, 696, 0, -5, -1.5707963267948966, 5.0
292, 96, 1023, 641, 1023, 647, 0, -6, -1.5707963267948966, 6.0
292, 98, 862, 78, 862, 80, 0, -2, -1.5707963267948966, 2.0
292, 99, 650, 373, 650, 370, 0, 3, 1.5707963267948966, 3.0
292, 100, 1211, 454, 1210, 452, 1, 2, 1.1071487177940904, 2.23606797749979
292, 101, 659, 111, 660, 109, -1, 2, 2.0344439357957027, 2.23606797749979
292, 102, 565, 69, 563, 71, 2, -2, -0.7853981633974483, 2.8284271247461903
292, 103, 1249, 352, 1248, 349, 1, 3, 1.2490457723982544, 3.1622776601683795
292, 104, 984, 691, 985, 696, -1, -5, -1.7681918866447774, 5.0990195135927845
292, 106, 844, 617, 843, 611, 1, 6, 1.4056476493802699, 6.082762530298219
292, 108, 682, 694, 682, 689, 0, 5, 1.5707963267948966, 5.0
292, 109, 882, 603, 882, 599, 0, 4, 1.5707963267948966, 4.0
292, 110, 632, 415, 632, 410, 0, 5, 1.5707963267948966, 5.0
292, 112, 698, 168, 698, 170, 0, -2, -1.5707963267948966, 2.0
292, 114, 845, 604, 845, 600, 0, 4, 1.5707963267948966, 4.0
292, 115, 1238, 406, 1237, 403, 1, 3, 1.2490457723982544, 3.1622776601683795
292, 121, 625, 393, 626, 392, -1, 1, 2.356194490192345, 1.4142135623730951
292, 123, 793, 625, 794, 624, -1, 1, 2.356194490192345, 1.4142135623730951
292, 124, 777, 572, 781, 575, -4, -3, -2.498091544796509, 5.0
292, 125, 532, 422, 532, 427, 0, -5, -1.5707963267948966, 5.0
292, 127, 800, 529, 805, 531, -5, -2, -2.761086276477428, 5.385164807134504
292, 129, 645, 330, 645, 327, 0, 3, 1.5707963267948966, 3.0
292, 130, 484, 144, 484, 146, 0, -2, -1.5707963267948966, 2.0
292, 131, 509, 143, 509, 146, 0, -3, -1.5707963267948966, 3.0
292, 133, 554, 45, 552, 45, 2, 0, 0.0, 2.0
292, 135, 1186, 46, 1189, 47, -3, -1, -2.819842099193151, 3.1622776601683795
292, 136, 868, 91, 868, 93, 0, -2, -1.5707963267948966, 2.0
292, 141, 690, 684, 690, 679, 0, 5, 1.5707963267948966, 5.0
292, 142, 1213, 40, 1215, 41, -2, -1, -2.677945044588987, 2.23606797749979
292, 143, 842, 78, 842, 80, 0, -2, -1.5707963267948966, 2.0
292, 145, 1203, 375, 1202, 372, 1, 3, 1.2490457723982544, 3.1622776601683795
292, 146, 872, 12, 872, 14, 0, -2, -1.5707963267948966, 2.0
292, 148, 951, 26, 953, 28, -2, -2, -2.356194490192345, 2.8284271247461903
292, 149, 1130, 95, 1133, 95, -3, 0, 3.141592653589793, 3.0
292, 150, 1046, 604, 1047, 608, -1, -4, -1.8157749899217608, 4.123105625617661
292, 152, 1231, 79, 1234, 79, -3, 0, 3.141592653589793, 3.0
292, 158, 815, 559, 819, 561, -4, -2, -2.677945044588987, 4.47213595499958
292, 159, 1016, 569, 1016, 574, 0, -5, -1.5707963267948966, 5.0
292, 160, 1026, 625, 1026, 628, 0, -3, -1.5707963267948966, 3.0
292, 162, 867, 17, 867, 19, 0, -2, -1.5707963267948966, 2.0
292, 163, 1198, 448, 1196, 442, 2, 6, 1.2490457723982544, 6.324555320336759
292, 164, 1225, 60, 1227, 62, -2, -2, -2.356194490192345, 2.8284271247461903
293, 0, 803, 578, 807, 582, -4, -4, -2.356194490192345, 5.656854249492381
293, 1, 150, 179, 151, 177, -1, 2, 2.0344439357957027, 2.23606797749979
293, 2, 536, 411, 536, 414, 0, -3, -1.5707963267948966, 3.0
293, 3, 545, 76, 543, 77, 2, -1, -0.4636476090008061, 2.23606797749979
293, 6, 850, 69, 849, 72, 1, -3, -1.2490457723982544, 3.1622776601683795
293, 10, 858, 70, 857, 73, 1, -3, -1.2490457723982544, 3.1622776601683795
293, 11, 20, 252, 19, 249, 1, 3, 1.2490457723982544, 3.1622776601683795
293, 12, 856, 61, 855, 63, 1, -2, -1.1071487177940904, 2.23606797749979
293, 14, 813, 573, 817, 577, -4, -4, -2.356194490192345, 5.656854249492381
293, 15, 499, 125, 498, 129, 1, -4, -1.3258176636680326, 4.123105625617661
293, 16, 491, 134, 490, 137, 1, -3, -1.2490457723982544, 3.1622776601683795
293, 17, 705, 100, 705, 104, 0, -4, -1.5707963267948966, 4.0
293, 18, 557, 16, 553, 15, 4, 1, 0.24497866312686414, 4.123105625617661
293, 19, 1012, 684, 1010, 689, 2, -5, -1.1902899496825317, 5.385164807134504
293, 20, 554, 58, 551, 59, 3, -1, -0.3217505543966422, 3.1622776601683795
293, 21, 863, 576, 861, 572, 2, 4, 1.1071487177940904, 4.47213595499958
293, 22, 509, 348, 510, 356, -1, -8, -1.695151321341658, 8.06225774829855
293, 23, 498, 416, 498, 420, 0, -4, -1.5707963267948966, 4.0
293, 24, 788, 582, 790, 585, -2, -3, -2.158798930342464, 3.605551275463989
293, 25, 1054, 575, 1054, 579, 0, -4, -1.5707963267948966, 4.0
293, 26, 838, 102, 837, 105, 1, -3, -1.2490457723982544, 3.1622776601683795
293, 27, 1038, 542, 1036, 546, 2, -4, -1.1071487177940904, 4.47213595499958
293, 28, 783, 570, 786, 574, -3, -4, -2.214297435588181, 5.0
293, 30, 1158, 55, 1162, 57, -4, -2, -2.677945044588987, 4.47213595499958
293, 31, 879, 585, 880, 582, -1, 3, 1.892546881191539, 3.1622776601683795
293, 33, 1147, 53, 1152, 55, -5, -2, -2.761086276477428, 5.385164807134504
293, 34, 1154, 46, 1158, 48, -4, -2, -2.677945044588987, 4.47213595499958
293, 35, 1200, 30, 1204, 33, -4, -3, -2.498091544796509, 5.0
293, 36, 129, 132, 131, 130, -2, 2, 2.356194490192345, 2.8284271247461903
293, 37, 518, 465, 518, 472, 0, -7, -1.5707963267948966, 7.0
293, 38, 1011, 615, 1007, 617, 4, -2, -0.4636476090008061, 4.47213595499958
293, 39, 964, 59, 966, 60, -2, -1, -2.677945044588987, 2.23606797749979
293, 40, 557, 73, 554, 74, 3, -1, -0.3217505543966422, 3.1622776601683795
293, 41, 481, 188, 478, 190, 3, -2, -0.5880026035475675, 3.605551275463989
293, 42, 482, 178, 480, 179, 2, -1, -0.4636476090008061, 2.23606797749979
293, 44, 1200, 443, 1200, 439, 0, 4, 1.5707963267948966, 4.0
293, 45, 860, 629, 861, 626, -1, 3, 1.892546881191539, 3.1622776601683795
293, 46, 759, 595, 763, 599, -4, -4, -2.356194490192345, 5.656854249492381
293, 47, 717, 104, 718, 108, -1, -4, -1.8157749899217608, 4.123105625617661
293, 48, 502, 132, 501, 136, 1, -4, -1.3258176636680326, 4.123105625617661
293, 49, 1028, 615, 1030, 616, -2, -1, -2.677945044588987, 2.23606797749979
293, 52, 1243, 29, 1246, 33, -3, -4, -2.214297435588181, 5.0
293, 53, 639, 71, 639, 68, 0, 3, 1.5707963267948966, 3.0
293, 54, 638, 331, 638, 327, 0, 4, 1.5707963267948966, 4.0
293, 55, 656, 381, 656, 378, 0, 3, 1.5707963267948966, 3.0
293, 56, 118, 187, 122, 185, -4, 2, 2.677945044588987, 4.47213595499958
293, 57, 1134, 125, 1138, 125, -4, 0, 3.141592653589793, 4.0
293, 58, 888, 624, 886, 624, 2, 0, 0.0, 2.0
293, 60, 781, 511, 785, 515, -4, -4, -2.356194490192345, 5.656854249492381
293, 61, 1054, 547, 1053, 551, 1, -4, -1.3258176636680326, 4.123105625617661
293, 63, 750, 18, 752, 19, -2, -1, -2.677945044588987, 2.23606797749979
293, 64, 1261, 236, 1261, 234, 0, 2, 1.5707963267948966, 2.0
293, 65, 37, 501, 38, 497, -1, 4, 1.8157749899217608, 4.123105625617661
293, 66, 195, 10, 192, 10, 3, 0, 0.0, 3.0
293, 67, 499, 375, 499, 379, 0, -4, -1.5707963267948966, 4.0
293, 68, 1250, 396, 1247, 393, 3, 3, 0.7853981633974483, 4.242640687119285
293, 69, 559, 24, 555, 24, 4, 0, 0.0, 4.0
293, 70, 799, 524, 802, 524, -3, 0, 3.141592653589793, 3.0
293, 72, 485, 196, 482, 199, 3, -3, -0.7853981633974483, 4.242640687119285
293, 73, 1238, 20, 1241, 25, -3, -5, -2.1112158270654806, 5.830951894845301
293, 75, 707, 85, 708, 89, -1, -4, -1.8157749899217608, 4.123105625617661
293, 76, 144, 210, 145, 209, -1, 1, 2.356194490192345, 1.4142135623730951
293, 78, 489, 199, 487, 202, 2, -3, -0.982793723247329, 3.605551275463989
293, 80, 117, 161, 120, 158, -3, 3, 2.356194490192345, 4.242640687119285
293, 82, 1261, 240, 1261, 238, 0, 2, 1.5707963267948966, 2.0
293, 84, 977, 687, 978, 691, -1, -4, -1.8157749899217608, 4.123105625617661
293, 89, 1023, 634, 1023, 641, 0, -7, -1.5707963267948966, 7.0
293, 91, 863, 75, 862, 78, 1, -3, -1.2490457723982544, 3.1622776601683795
293, 92, 650, 376, 650, 373, 0, 3, 1.5707963267948966, 3.0
293, 94, 658, 113, 659, 111, -1, 2, 2.0344439357957027, 2.23606797749979
293, 95, 568, 69, 565, 69, 3, 0, 0.0, 3.0
293, 96, 1251, 355, 1249, 352, 2, 3, 0.982793723247329, 3.605551275463989
293, 97, 982, 688, 984, 691, -2, -3, -2.158798930342464, 3.605551275463989
293, 99, 844, 620, 844, 617, 0, 3, 1.5707963267948966, 3.0
293, 101, 682, 697, 682, 694, 0, 3, 1.5707963267948966, 3.0
293, 102, 883, 608, 882, 603, 1, 5, 1.373400766945016, 5.0990195135927845
293, 103, 633, 416, 632, 415, 1, 1, 0.7853981633974483, 1.4142135623730951
293, 105, 698, 166, 698, 168, 0, -2, -1.5707963267948966, 2.0
293, 107, 845, 608, 845, 604, 0, 4, 1.5707963267948966, 4.0
293, 108, 1240, 410, 1238, 406, 2, 4, 1.1071487177940904, 4.47213595499958
293, 114, 624, 394, 625, 393, -1, 1, 2.356194490192345, 1.4142135623730951
293, 115, 115, 125, 118, 123, -3, 2, 2.5535900500422257, 3.605551275463989
293, 116, 790, 624, 793, 625, -3, -1, -2.819842099193151, 3.1622776601683795
293, 117, 773, 568, 777, 572, -4, -4, -2.356194490192345, 5.656854249492381
293, 118, 531, 420, 532, 422, -1, -2, -2.0344439357957027, 2.23606797749979
293, 119, 643, 63, 643, 61, 0, 2, 1.5707963267948966, 2.0
293, 120, 797, 529, 800, 529, -3, 0, 3.141592653589793, 3.0
293, 122, 645, 334, 645, 330, 0, 4, 1.5707963267948966, 4.0
293, 123, 485, 141, 484, 144, 1, -3, -1.2490457723982544, 3.1622776601683795
293, 124, 510, 139, 509, 143, 1, -4, -1.3258176636680326, 4.123105625617661
293, 125, 557, 44, 554, 45, 3, -1, -0.3217505543966422, 3.1622776601683795
293, 126, 1182, 45, 1186, 46, -4, -1, -2.896613990462929, 4.123105625617661
293, 127, 868, 88, 868, 91, 0, -3, -1.5707963267948966, 3.0
293, 128, 480, 11, 479, 12, 1, -1, -0.7853981633974483, 1.4142135623730951
293, 130, 635, 75, 635, 73, 0, 2, 1.5707963267948966, 2.0
293, 131, 691, 685, 690, 684, 1, 1, 0.7853981633974483, 1.4142135623730951
293, 132, 1209, 37, 1213, 40, -4, -3, -2.498091544796509, 5.0
293, 133, 843, 75, 842, 78, 1, -3, -1.2490457723982544, 3.1622776601683795
293, 134, 867, 660, 867, 658, 0, 2, 1.5707963267948966, 2.0
293, 135, 1205, 377, 1203, 375, 2, 2, 0.7853981633974483, 2.8284271247461903
293, 136, 871, 10, 872, 12, -1, -2, -2.0344439357957027, 2.23606797749979
293, 138, 949, 24, 951, 26, -2, -2, -2.356194490192345, 2.8284271247461903
293, 139, 1127, 95, 1130, 95, -3, 0, 3.141592653589793, 3.0
293, 140, 1045, 600, 1046, 604, -1, -4, -1.8157749899217608, 4.123105625617661
293, 142, 1228, 81, 1231, 79, -3, 2, 2.5535900500422257, 3.605551275463989
293, 147, 812, 559, 815, 559, -3, 0, 3.141592653589793, 3.0
293, 148, 1017, 564, 1016, 569, 1, -5, -1.373400766945016, 5.0990195135927845
293, 149, 1025, 622, 1026, 625, -1, -3, -1.892546881191539, 3.1622776601683795
293, 151, 867, 14, 867, 17, 0, -3, -1.5707963267948966, 3.0
293, 152, 1199, 447, 1198, 448, 1, -1, -0.7853981633974483, 1.4142135623730951
293, 153, 1221, 57, 1225, 60, -4, -3, -2.498091544796509, 5.0
294, 0, 799, 574, 803, 578, -4, -4, -2.356194490192345, 5.656854249492381
294, 1, 149, 180, 150, 179, -1, 1, 2.356194490192345, 1.4142135623730951
294, 3, 546, 75, 545, 76, 1, -1, -0.7853981633974483, 1.4142135623730951
294, 6, 850, 67, 850, 69, 0, -2, -1.5707963267948966, 2.0
294, 10, 858, 68, 858, 70, 0, -2, -1.5707963267948966, 2.0
294, 12, 856, 59, 856, 61, 0, -2, -1.5707963267948966, 2.0
294, 14, 808, 569, 813, 573, -5, -4, -2.4668517113662407, 6.4031242374328485
294, 15, 499, 123, 499, 125, 0, -2, -1.5707963267948966, 2.0
294, 16, 491, 132, 491, 134, 0, -2, -1.5707963267948966, 2.0
294, 17, 705, 97, 705, 100, 0, -3, -1.5707963267948966, 3.0
294, 18, 560, 15, 557, 16, 3, -1, -0.3217505543966422, 3.1622776601683795
294, 19, 1013, 679, 1012, 684, 1, -5, -1.373400766945016, 5.0990195135927845
294, 20, 556, 58, 554, 58, 2, 0, 0.0, 2.0
294, 21, 864, 579, 863, 576, 1, 3, 1.2490457723982544, 3.1622776601683795
294, 22, 509, 343, 509, 348, 0, -5, -1.5707963267948966, 5.0
294, 23, 497, 411, 498, 416, -1, -5, -1.7681918866447774, 5.0990195135927845
294, 24, 784, 579, 788, 582, -4, -3, -2.498091544796509, 5.0
294, 25, 1055, 570, 1054, 575, 1, -5, -1.373400766945016, 5.0990195135927845
294, 26, 838, 100, 838, 102, 0, -2, -1.5707963267948966, 2.0
294, 27, 1039, 538, 1038, 542, 1, -4, -1.3258176636680326, 4.123105625617661
294, 28, 779, 566, 783, 570, -4, -4, -2.356194490192345, 5.656854249492381
294, 30, 1153, 53, 1158, 55, -5, -2, -2.761086276477428, 5.385164807134504
294, 31, 878, 589, 879, 585, -1, 4, 1.8157749899217608, 4.123105625617661
294, 33, 1142, 51, 1147, 53, -5, -2, -2.761086276477428, 5.385164807134504
294, 34, 1149, 44, 1154, 46, -5, -2, -2.761086276477428, 5.385164807134504
294, 35, 1198, 28, 1200, 30, -2, -2, -2.356194490192345, 2.8284271247461903
294, 36, 127, 133, 129, 132, -2, 1, 2.677945044588987, 2.23606797749979
294, 37, 519, 458, 518, 465, 1, -7, -1.4288992721907328, 7.0710678118654755
294, 38, 1012, 611, 1011, 615, 1, -4, -1.3258176636680326, 4.123105625617661
294, 40, 482, 185, 481, 188, 1, -3, -1.2490457723982544, 3.1622776601683795
294, 41, 482, 176, 482, 178, 0, -2, -1.5707963267948966, 2.0
294, 44, 860, 634, 860, 629, 0, 5, 1.5707963267948966, 5.0
294, 45, 757, 594, 759, 595, -2, -1, -2.677945044588987, 2.23606797749979
294, 46, 717, 101, 717, 104, 0, -3, -1.5707963267948966, 3.0
294, 47, 502, 130, 502, 132, 0, -2, -1.5707963267948966, 2.0
294, 48, 1027, 612, 1028, 615, -1, -3, -1.892546881191539, 3.1622776601683795
294, 51, 1241, 26, 1243, 29, -2, -3, -2.158798930342464, 3.605551275463989
294, 53, 637, 335, 638, 331, -1, 4, 1.8157749899217608, 4.123105625617661
294, 54, 656, 384, 656, 381, 0, 3, 1.5707963267948966, 3.0
294, 55, 116, 188, 118, 187, -2, 1, 2.677945044588987, 2.23606797749979
294, 56, 1129, 123, 1134, 125, -5, -2, -2.761086276477428, 5.385164807134504
294, 57, 889, 626, 888, 624, 1, 2, 1.1071487177940904, 2.23606797749979
294, 59, 777, 507, 781, 511, -4, -4, -2.356194490192345, 5.656854249492381
294, 60, 1055, 543, 1054, 547, 1, -4, -1.3258176636680326, 4.123105625617661
294, 62, 1261, 238, 1261, 236, 0, 2, 1.5707963267948966, 2.0
294, 63, 37, 503, 37, 501, 0, 2, 1.5707963267948966, 2.0
294, 64, 198, 10, 195, 10, 3, 0, 0.0, 3.0
294, 65, 499, 370, 499, 375, 0, -5, -1.5707963267948966, 5.0
294, 66, 1250, 400, 1250, 396, 0, 4, 1.5707963267948966, 4.0
294, 67, 562, 23, 559, 24, 3, -1, -0.3217505543966422, 3.1622776601683795
294, 68, 795, 522, 799, 524, -4, -2, -2.677945044588987, 4.47213595499958
294, 70, 486, 193, 485, 196, 1, -3, -1.2490457723982544, 3.1622776601683795
294, 71, 1236, 17, 1238, 20, -2, -3, -2.158798930342464, 3.605551275463989
294, 73, 706, 82, 707, 85, -1, -3, -1.892546881191539, 3.1622776601683795
294, 74, 143, 211, 144, 210, -1, 1, 2.356194490192345, 1.4142135623730951
294, 76, 492, 196, 489, 199, 3, -3, -0.7853981633974483, 4.242640687119285
294, 78, 115, 162, 117, 161, -2, 1, 2.677945044588987, 2.23606797749979
294, 82, 975, 684, 977, 687, -2, -3, -2.158798930342464, 3.605551275463989
294, 87, 1022, 630, 1023, 634, -1, -4, -1.8157749899217608, 4.123105625617661
294, 89, 863, 73, 863, 75, 0, -2, -1.5707963267948966, 2.0
294, 90, 650, 379, 650, 376, 0, 3, 1.5707963267948966, 3.0
294, 91, 1211, 455, 1211, 453, 0, 2, 1.5707963267948966, 2.0
294, 94, 1252, 359, 1251, 355, 1, 4, 1.3258176636680326, 4.123105625617661
294, 95, 980, 685, 982, 688, -2, -3, -2.158798930342464, 3.605551275463989
294, 96, 844, 624, 844, 620, 0, 4, 1.5707963267948966, 4.0
294, 98, 682, 701, 682, 697, 0, 4, 1.5707963267948966, 4.0
294, 99, 883, 614, 883, 608, 0, 6, 1.5707963267948966, 6.0
294, 100, 633, 419, 633, 416, 0, 3, 1.5707963267948966, 3.0
294, 102, 698, 164, 698, 166, 0, -2, -1.5707963267948966, 2.0
294, 104, 845, 612, 845, 608, 0, 4, 1.5707963267948966, 4.0
294, 105, 1240, 413, 1240, 410, 0, 3, 1.5707963267948966, 3.0
294, 106, 706, 155, 706, 157, 0, -2, -1.5707963267948966, 2.0
294, 112, 113, 126, 115, 125, -2, 1, 2.677945044588987, 2.23606797749979
294, 113, 788, 624, 790, 624, -2, 0, 3.141592653589793, 2.0
294, 114, 768, 564, 773, 568, -5, -4, -2.4668517113662407, 6.4031242374328485
294, 116, 642, 64, 643, 63, -1, 1, 2.356194490192345, 1.4142135623730951
294, 117, 793, 527, 797, 529, -4, -2, -2.677945044588987, 4.47213595499958
294, 119, 644, 338, 645, 334, -1, 4, 1.8157749899217608, 4.123105625617661
294, 120, 485, 139, 485, 141, 0, -2, -1.5707963267948966, 2.0
294, 121, 510, 137, 510, 139, 0, -2, -1.5707963267948966, 2.0
294, 122, 560, 43, 557, 44, 3, -1, -0.3217505543966422, 3.1622776601683795
294, 123, 1179, 44, 1182, 45, -3, -1, -2.819842099193151, 3.1622776601683795
294, 124, 868, 86, 868, 88, 0, -2, -1.5707963267948966, 2.0
294, 125, 480, 9, 480, 11, 0, -2, -1.5707963267948966, 2.0
294, 128, 691, 689, 691, 685, 0, 4, 1.5707963267948966, 4.0
294, 129, 1207, 35, 1209, 37, -2, -2, -2.356194490192345, 2.8284271247461903
294, 130, 843, 73, 843, 75, 0, -2, -1.5707963267948966, 2.0
294, 132, 1206, 380, 1205, 377, 1, 3, 1.2490457723982544, 3.1622776601683795
294, 135, 1124, 92, 1127, 95, -3, -3, -2.356194490192345, 4.242640687119285
294, 136, 1044, 595, 1045, 600, -1, -5, -1.7681918866447774, 5.0990195135927845
294, 138, 1227, 82, 1228, 81, -1, 1, 2.356194490192345, 1.4142135623730951
294, 143, 808, 557, 812, 559, -4, -2, -2.677945044588987, 4.47213595499958
294, 144, 1019, 559, 1017, 564, 2, -5, -1.1902899496825317, 5.385164807134504
294, 145, 1024, 619, 1025, 622, -1, -3, -1.892546881191539, 3.1622776601683795
294, 149, 1219, 55, 1221, 57, -2, -2, -2.356194490192345, 2.8284271247461903
295, 0, 838, 105, 838, 107, 0, -2, -1.5707963267948966, 2.0
295, 1, 843, 90, 842, 93, 1, -3, -1.2490457723982544, 3.1622776601683795
295, 2, 781, 578, 785, 581, -4, -3, -2.498091544796509, 5.0
295, 3, 861, 73, 860, 75, 1, -2, -1.1071487177940904, 2.23606797749979
295, 5, 989, 689, 990, 692, -1, -3, -1.892546881191539, 3.1622776601683795
295, 12, 556, 60, 554, 60, 2, 0, 0.0, 2.0
295, 13, 858, 64, 857, 66, 1, -2, -1.1071487177940904, 2.23606797749979
295, 14, 1041, 540, 1039, 544, 2, -4, -1.1071487177940904, 4.47213595499958
295, 15, 1051, 593, 1051, 598, 0, -5, -1.5707963267948966, 5.0
295, 16, 559, 15, 556, 16, 3, -1, -0.3217505543966422, 3.1622776601683795
295, 17, 852, 72, 851, 74, 1, -2, -1.1071487177940904, 2.23606797749979
295, 18, 514, 157, 514, 161, 0, -4, -1.5707963267948966, 4.0
295, 21, 1058, 576, 1057, 580, 1, -4, -1.3258176636680326, 4.123105625617661
295, 22, 484, 196, 483, 198, 1, -2, -1.1071487177940904, 2.23606797749979
295, 23, 500, 128, 500, 130, 0, -2, -1.5707963267948966, 2.0
295, 24, 545, 76, 544, 77, 1, -1, -0.7853981633974483, 1.4142135623730951
295, 25, 706, 101, 706, 104, 0, -3, -1.5707963267948966, 3.0
295, 28, 861, 582, 860, 579, 1, 3, 1.2490457723982544, 3.1622776601683795
295, 29, 1014, 695, 1014, 701, 0, -6, -1.5707963267948966, 6.0
295, 30, 803, 577, 807, 581, -4, -4, -2.356194490192345, 5.656854249492381
295, 31, 511, 179, 510, 181, 1, -2, -1.1071487177940904, 2.23606797749979
295, 32, 497, 413, 498, 418, -1, -5, -1.7681918866447774, 5.0990195135927845
295, 34, 779, 567, 782, 571, -3, -4, -2.214297435588181, 5.0
295, 35, 1054, 546, 1053, 550, 1, -4, -1.3258176636680326, 4.123105625617661
295, 36, 623, 390, 624, 389, -1, 1, 2.356194490192345, 1.4142135623730951
295, 37, 504, 137, 504, 139, 0, -2, -1.5707963267948966, 2.0
295, 41, 129, 136, 131, 134, -2, 2, 2.356194490192345, 2.8284271247461903
295, 42, 1158, 59, 1163, 60, -5, -1, -2.9441970937399127, 5.0990195135927845
295, 43, 775, 508, 779, 512, -4, -4, -2.356194490192345, 5.656854249492381
295, 44, 1249, 399, 1248, 395, 1, 4, 1.3258176636680326, 4.123105625617661
295, 45, 1142, 100, 1145, 102, -3, -2, -2.5535900500422257, 3.605551275463989
295, 47, 660, 391, 660, 388, 0, 3, 1.5707963267948966, 3.0
295, 48, 512, 351, 513, 357, -1, -6, -1.7359450042095235, 6.082762530298219
295, 50, 808, 571, 812, 575, -4, -4, -2.356194490192345, 5.656854249492381
295, 54, 845, 148, 845, 150, 0, -2, -1.5707963267948966, 2.0
295, 57, 1165, 100, 1168, 101, -3, -1, -2.819842099193151, 3.1622776601683795
295, 58, 559, 24, 556, 25, 3, -1, -0.3217505543966422, 3.1622776601683795
295, 59, 751, 590, 752, 593, -1, -3, -1.892546881191539, 3.1622776601683795
295, 60, 1246, 31, 1248, 33, -2, -2, -2.356194490192345, 2.8284271247461903
295, 61, 1261, 239, 1273, 238, -12, 1, 3.058451421701352, 12.041594578792296
295, 62, 1205, 34, 1208, 35, -3, -1, -2.819842099193151, 3.1622776601683795
295, 63, 638, 333, 639, 329, -1, 4, 1.8157749899217608, 4.123105625617661
295, 64, 502, 375, 502, 380, 0, -5, -1.5707963267948966, 5.0
295, 65, 1155, 50, 1160, 51, -5, -1, -2.9441970937399127, 5.0990195135927845
295, 66, 845, 627, 845, 623, 0, 4, 1.5707963267948966, 4.0
295, 68, 880, 589, 881, 586, -1, 3, 1.892546881191539, 3.1622776601683795
295, 74, 17, 258, 17, 256, 0, 2, 1.5707963267948966, 2.0
295, 75, 155, 176, 156, 175, -1, 1, 2.356194490192345, 1.4142135623730951
295, 76, 123, 162, 124, 161, -1, 1, 2.356194490192345, 1.4142135623730951
295, 77, 623, 108, 624, 107, -1, 1, 2.356194490192345, 1.4142135623730951
295, 78, 883, 644, 883, 642, 0, 2, 1.5707963267948966, 2.0
295, 79, 1027, 619, 1028, 621, -1, -2, -2.0344439357957027, 2.23606797749979
295, 82, 716, 100, 716, 103, 0, -3, -1.5707963267948966, 3.0
295, 83, 980, 691, 982, 694, -2, -3, -2.158798930342464, 3.605551275463989
295, 84, 491, 202, 489, 204, 2, -2, -0.7853981633974483, 2.8284271247461903
295, 86, 1261, 199, 1274, 199, -13, 0, 3.141592653589793, 13.0
295, 88, 1241, 24, 1243, 26, -2, -2, -2.356194490192345, 2.8284271247461903
295, 90, 845, 79, 844, 81, 1, -2, -1.1071487177940904, 2.23606797749979
295, 91, 766, 603, 767, 605, -1, -2, -2.0344439357957027, 2.23606797749979
295, 92, 117, 128, 118, 126, -1, 2, 2.0344439357957027, 2.23606797749979
295, 94, 1012, 613, 1011, 616, 1, -3, -1.2490457723982544, 3.1622776601683795
295, 95, 965, 56, 967, 57, -2, -1, -2.677945044588987, 2.23606797749979
295, 96, 16, 268, 16, 266, 0, 2, 1.5707963267948966, 2.0
295, 97, 122, 189, 123, 187, -1, 2, 2.0344439357957027, 2.23606797749979
295, 100, 1015, 655, 1016, 657, -1, -2, -2.0344439357957027, 2.23606797749979
295, 102, 1237, 411, 1237, 408, 0, 3, 1.5707963267948966, 3.0
295, 103, 1183, 74, 1186, 75, -3, -1, -2.819842099193151, 3.1622776601683795
295, 106, 634, 160, 634, 157, 0, 3, 1.5707963267948966, 3.0
295, 107, 633, 440, 633, 434, 0, 6, 1.5707963267948966, 6.0
295, 111, 1205, 380, 1204, 377, 1, 3, 1.2490457723982544, 3.1622776601683795
295, 112, 803, 635, 806, 639, -3, -4, -2.214297435588181, 5.0
295, 113, 651, 378, 651, 375, 0, 3, 1.5707963267948966, 3.0
295, 114, 1148, 58, 1153, 59, -5, -1, -2.9441970937399127, 5.0990195135927845
295, 115, 769, 567, 773, 572, -4, -5, -2.2455372690184494, 6.4031242374328485
295, 117, 1251, 359, 1250, 355, 1, 4, 1.3258176636680326, 4.123105625617661
295, 119, 631, 378, 632, 375, -1, 3, 1.892546881191539, 3.1622776601683795
295, 122, 1211, 41, 1214, 42, -3, -1, -2.819842099193151, 3.1622776601683795
295, 125, 846, 615, 846, 611, 0, 4, 1.5707963267948966, 4.0
295, 127, 724, 35, 725, 38, -1, -3, -1.892546881191539, 3.1622776601683795
295, 128, 865, 79, 864, 81, 1, -2, -1.1071487177940904, 2.23606797749979
295, 130, 682, 701, 682, 697, 0, 4, 1.5707963267948966, 4.0
295, 131, 1185, 53, 1188, 53, -3, 0, 3.141592653589793, 3.0
295, 132, 1127, 120, 1132, 122, -5, -2, -2.761086276477428, 5.385164807134504
295, 134, 1171, 58, 1176, 59, -5, -1, -2.9441970937399127, 5.0990195135927845
295, 135, 789, 515, 793, 518, -4, -3, -2.498091544796509, 5.0
295, 136, 523, 459, 522, 466, 1, -7, -1.4288992721907328, 7.0710678118654755
295, 137, 511, 144, 511, 146, 0, -2, -1.5707963267948966, 2.0
295, 138, 856, 132, 857, 134, -1, -2, -2.0344439357957027, 2.23606797749979
295, 139, 132, 213, 134, 210, -2, 3, 2.158798930342464, 3.605551275463989
295, 140, 869, 92, 869, 94, 0, -2, -1.5707963267948966, 2.0
296, 0, 839, 103, 838, 105, 1, -2, -1.1071487177940904, 2.23606797749979
296, 1, 844, 87, 843, 90, 1, -3, -1.2490457723982544, 3.1622776601683795
296, 2, 777, 575, 781, 578, -4, -3, -2.498091544796509, 5.0
296, 3, 862, 70, 861, 73, 1, -3, -1.2490457723982544, 3.1622776601683795
296, 4, 988, 686, 989, 689, -1, -3, -1.892546881191539, 3.1622776601683795
296, 5, 150, 182, 151, 181, -1, 1, 2.356194490192345, 1.4142135623730951
296, 10, 558, 61, 556, 60, 2, 1, 0.4636476090008061, 2.23606797749979
296, 11, 859, 62, 858, 64, 1, -2, -1.1071487177940904, 2.23606797749979
296, 12, 1042, 536, 1041, 540, 1, -4, -1.3258176636680326, 4.123105625617661
296, 13, 1052, 588, 1051, 593, 1, -5, -1.373400766945016, 5.0990195135927845
296, 14, 561, 14, 559, 15, 2, -1, -0.4636476090008061, 2.23606797749979
296, 15, 853, 69, 852, 72, 1, -3, -1.2490457723982544, 3.1622776601683795
296, 16, 513, 153, 514, 157, -1, -4, -1.8157749899217608, 4.123105625617661
296, 18, 493, 135, 493, 137, 0, -2, -1.5707963267948966, 2.0
296, 19, 1059, 572, 1058, 576, 1, -4, -1.3258176636680326, 4.123105625617661
296, 20, 484, 194, 484, 196, 0, -2, -1.5707963267948966, 2.0
296, 21, 500, 126, 500, 128, 0, -2, -1.5707963267948966, 2.0
296, 22, 547, 75, 545, 76, 2, -1, -0.4636476090008061, 2.23606797749979
296, 23, 706, 98, 706, 101, 0, -3, -1.5707963267948966, 3.0
296, 25, 862, 585, 861, 582, 1, 3, 1.2490457723982544, 3.1622776601683795
296, 26, 1014, 689, 1014, 695, 0, -6, -1.5707963267948966, 6.0
296, 27, 798, 573, 803, 577, -5, -4, -2.4668517113662407, 6.4031242374328485
296, 28, 512, 176, 511, 179, 1, -3, -1.2490457723982544, 3.1622776601683795
296, 29, 496, 409, 497, 413, -1, -4, -1.8157749899217608, 4.123105625617661
296, 31, 776, 563, 779, 567, -3, -4, -2.214297435588181, 5.0
296, 32, 1054, 542, 1054, 546, 0, -4, -1.5707963267948966, 4.0
296, 33, 622, 391, 623, 390, -1, 1, 2.356194490192345, 1.4142135623730951
296, 34, 504, 135, 504, 137, 0, -2, -1.5707963267948966, 2.0
296, 36, 127, 138, 129, 136, -2, 2, 2.356194490192345, 2.8284271247461903
296, 37, 1153, 58, 1158, 59, -5, -1, -2.9441970937399127, 5.0990195135927845
296, 38, 771, 504, 775, 508, -4, -4, -2.356194490192345, 5.656854249492381
296, 39, 1249, 403, 1249, 399, 0, 4, 1.5707963267948966, 4.0
296, 40, 1139, 99, 1142, 100, -3, -1, -2.819842099193151, 3.1622776601683795
296, 41, 659, 395, 660, 391, -1, 4, 1.8157749899217608, 4.123105625617661
296, 42, 512, 345, 512, 351, 0, -6, -1.5707963267948966, 6.0
296, 43, 639, 73, 640, 71, -1, 2, 2.0344439357957027, 2.23606797749979
296, 44, 803, 567, 808, 571, -5, -4, -2.4668517113662407, 6.4031242374328485
296, 47, 845, 146, 845, 148, 0, -2, -1.5707963267948966, 2.0
296, 48, 1161, 99, 1165, 100, -4, -1, -2.896613990462929, 4.123105625617661
296, 49, 562, 23, 559, 24, 3, -1, -0.3217505543966422, 3.1622776601683795
296, 50, 751, 586, 751, 590, 0, -4, -1.5707963267948966, 4.0
296, 51, 1245, 29, 1246, 31, -1, -2, -2.0344439357957027, 2.23606797749979
296, 53, 1203, 33, 1205, 34, -2, -1, -2.677945044588987, 2.23606797749979
296, 54, 637, 337, 638, 333, -1, 4, 1.8157749899217608, 4.123105625617661
296, 55, 502, 370, 502, 375, 0, -5, -1.5707963267948966, 5.0
296, 56, 1150, 49, 1155, 50, -5, -1, -2.9441970937399127, 5.0990195135927845
296, 57, 844, 631, 845, 627, -1, 4, 1.8157749899217608, 4.123105625617661
296, 58, 879, 593, 880, 589, -1, 4, 1.8157749899217608, 4.123105625617661
296, 61, 16, 259, 17, 258, -1, 1, 2.356194490192345, 1.4142135623730951
296, 62, 154, 177, 155, 176, -1, 1, 2.356194490192345, 1.4142135623730951
296, 63, 121, 164, 123, 162, -2, 2, 2.356194490192345, 2.8284271247461903
296, 64, 622, 109, 623, 108, -1, 1, 2.356194490192345, 1.4142135623730951
296, 65, 883, 647, 883, 644, 0, 3, 1.5707963267948966, 3.0
296, 66, 1027, 617, 1027, 619, 0, -2, -1.5707963267948966, 2.0
296, 67, 716, 98, 716, 100, 0, -2, -1.5707963267948966, 2.0
296, 68, 978, 687, 980, 691, -2, -4, -2.0344439357957027, 4.47213595499958
296, 69, 492, 200, 491, 202, 1, -2, -1.1071487177940904, 2.23606797749979
296, 71, 1258, 196, 1261, 199, -3, -3, -2.356194490192345, 4.242640687119285
296, 72, 1240, 22, 1241, 24, -1, -2, -2.0344439357957027, 2.23606797749979
296, 74, 846, 76, 845, 79, 1, -3, -1.2490457723982544, 3.1622776601683795
296, 75, 115, 130, 117, 128, -2, 2, 2.356194490192345, 2.8284271247461903
296, 77, 1013, 610, 1012, 613, 1, -3, -1.2490457723982544, 3.1622776601683795
296, 78, 964, 54, 965, 56, -1, -2, -2.0344439357957027, 2.23606797749979
296, 79, 15, 271, 16, 268, -1, 3, 1.892546881191539, 3.1622776601683795
296, 80, 120, 191, 122, 189, -2, 2, 2.356194490192345, 2.8284271247461903
296, 81, 641, 56, 640, 54, 1, 2, 1.1071487177940904, 2.23606797749979
296, 82, 707, 157, 707, 159, 0, -2, -1.5707963267948966, 2.0
296, 85, 1237, 414, 1237, 411, 0, 3, 1.5707963267948966, 3.0
296, 86, 1180, 72, 1183, 74, -3, -2, -2.5535900500422257, 3.605551275463989
296, 89, 634, 162, 634, 160, 0, 2, 1.5707963267948966, 2.0
296, 90, 633, 445, 633, 440, 0, 5, 1.5707963267948966, 5.0
296, 92, 1206, 384, 1205, 380, 1, 4, 1.3258176636680326, 4.123105625617661
296, 93, 800, 630, 803, 635, -3, -5, -2.1112158270654806, 5.830951894845301
296, 94, 651, 382, 651, 378, 0, 4, 1.5707963267948966, 4.0
296, 95, 1143, 57, 1148, 58, -5, -1, -2.9441970937399127, 5.0990195135927845
296, 96, 765, 562, 769, 567, -4, -5, -2.2455372690184494, 6.4031242374328485
296, 98, 1252, 363, 1251, 359, 1, 4, 1.3258176636680326, 4.123105625617661
296, 99, 630, 381, 631, 378, -1, 3, 1.892546881191539, 3.1622776601683795
296, 100, 1209, 40, 1211, 41, -2, -1, -2.677945044588987, 2.23606797749979
296, 101, 145, 211, 146, 210, -1, 1, 2.356194490192345, 1.4142135623730951
296, 102, 846, 619, 846, 615, 0, 4, 1.5707963267948966, 4.0
296, 103, 723, 32, 724, 35, -1, -3, -1.892546881191539, 3.1622776601683795
296, 104, 866, 76, 865, 79, 1, -3, -1.2490457723982544, 3.1622776601683795
296, 105, 635, 79, 636, 77, -1, 2, 2.0344439357957027, 2.23606797749979
296, 107, 1182, 53, 1185, 53, -3, 0, 3.141592653589793, 3.0
296, 108, 1122, 117, 1127, 120, -5, -3, -2.601173153319209, 5.830951894845301
296, 109, 486, 142, 486, 144, 0, -2, -1.5707963267948966, 2.0
296, 110, 1167, 57, 1171, 58, -4, -1, -2.896613990462929, 4.123105625617661
296, 111, 785, 512, 789, 515, -4, -3, -2.498091544796509, 5.0
296, 112, 523, 454, 523, 459, 0, -5, -1.5707963267948966, 5.0
296, 113, 511, 142, 511, 144, 0, -2, -1.5707963267948966, 2.0
296, 115, 129, 216, 132, 213, -3, 3, 2.356194490192345, 4.242640687119285
296, 116, 869, 89, 869, 92, 0, -3, -1.5707963267948966, 3.0
297, 0, 840, 101, 839, 103, 1, -2, -1.1071487177940904, 2.23606797749979
297, 1, 844, 85, 844, 87, 0, -2, -1.5707963267948966, 2.0
297, 2, 773, 572, 777, 575, -4, -3, -2.498091544796509, 5.0
297, 3, 862, 67, 862, 70, 0, -3, -1.5707963267948966, 3.0
297, 4, 987, 683, 988, 686, -1, -3, -1.892546881191539, 3.1622776601683795
297, 10, 560, 63, 558, 61, 2, 2, 0.7853981633974483, 2.8284271247461903
297, 11, 859, 59, 859, 62, 0, -3, -1.5707963267948966, 3.0
297, 12, 1043, 532, 1042, 536, 1, -4, -1.3258176636680326, 4.123105625617661
297, 13, 1052, 586, 1052, 588, 0, -2, -1.5707963267948966, 2.0
297, 14, 563, 13, 561, 14, 2, -1, -0.4636476090008061, 2.23606797749979
297, 15, 854, 66, 853, 69, 1, -3, -1.2490457723982544, 3.1622776601683795
297, 16, 513, 150, 513, 153, 0, -3, -1.5707963267948966, 3.0
297, 17, 680, 80, 680, 78, 0, 2, 1.5707963267948966, 2.0
297, 18, 493, 133, 493, 135, 0, -2, -1.5707963267948966, 2.0
297, 19, 1059, 568, 1059, 572, 0, -4, -1.5707963267948966, 4.0
297, 20, 485, 193, 484, 194, 1, -1, -0.7853981633974483, 1.4142135623730951
297, 21, 500, 124, 500, 126, 0, -2, -1.5707963267948966, 2.0
297, 22, 549, 75, 547, 75, 2, 0, 0.0, 2.0
297, 23, 706, 96, 706, 98, 0, -2, -1.5707963267948966, 2.0
297, 25, 862, 588, 862, 585, 0, 3, 1.5707963267948966, 3.0
297, 26, 1014, 682, 1014, 689, 0, -7, -1.5707963267948966, 7.0
297, 27, 793, 569, 798, 573, -5, -4, -2.4668517113662407, 6.4031242374328485
297, 28, 512, 174, 512, 176, 0, -2, -1.5707963267948966, 2.0
297, 29, 496, 405, 496, 409, 0, -4, -1.5707963267948966, 4.0
297, 31, 772, 559, 776, 563, -4, -4, -2.356194490192345, 5.656854249492381
297, 32, 1054, 537, 1054, 542, 0, -5, -1.5707963267948966, 5.0
297, 33, 621, 393, 622, 391, -1, 2, 2.0344439357957027, 2.23606797749979
297, 34, 504, 133, 504, 135, 0, -2, -1.5707963267948966, 2.0
297, 36, 125, 140, 127, 138, -2, 2, 2.356194490192345, 2.8284271247461903
297, 37, 1148, 57, 1153, 58, -5, -1, -2.9441970937399127, 5.0990195135927845
297, 38, 767, 499, 771, 504, -4, -5, -2.2455372690184494, 6.4031242374328485
297, 39, 1249, 407, 1249, 403, 0, 4, 1.5707963267948966, 4.0
297, 40, 1136, 99, 1139, 99, -3, 0, 3.141592653589793, 3.0
297, 41, 659, 399, 659, 395, 0, 4, 1.5707963267948966, 4.0
297, 42, 512, 339, 512, 345, 0, -6, -1.5707963267948966, 6.0
297, 43, 638, 75, 639, 73, -1, 2, 2.0344439357957027, 2.23606797749979
297, 44, 799, 563, 803, 567, -4, -4, -2.356194490192345, 5.656854249492381
297, 46, 844, 144, 845, 146, -1, -2, -2.0344439357957027, 2.23606797749979
297, 47, 1157, 98, 1161, 99, -4, -1, -2.896613990462929, 4.123105625617661
297, 48, 565, 22, 562, 23, 3, -1, -0.3217505543966422, 3.1622776601683795
297, 49, 751, 584, 751, 586, 0, -2, -1.5707963267948966, 2.0
297, 50, 1243, 27, 1245, 29, -2, -2, -2.356194490192345, 2.8284271247461903
297, 52, 1200, 32, 1203, 33, -3, -1, -2.819842099193151, 3.1622776601683795
297, 53, 636, 341, 637, 337, -1, 4, 1.8157749899217608, 4.123105625617661
297, 54, 502, 365, 502, 370, 0, -5, -1.5707963267948966, 5.0
297, 55, 1145, 48, 1150, 49, -5, -1, -2.9441970937399127, 5.0990195135927845
297, 56, 843, 635, 844, 631, -1, 4, 1.8157749899217608, 4.123105625617661
297, 57, 877, 597, 879, 593, -2, 4, 2.0344439357957027, 4.47213595499958
297, 60, 15, 261, 16, 259, -1, 2, 2.0344439357957027, 2.23606797749979
297, 61, 153, 178, 154, 177, -1, 1, 2.356194490192345, 1.4142135623730951
297, 62, 120, 166, 121, 164, -1, 2, 2.0344439357957027, 2.23606797749979
297, 63, 621, 111, 622, 109, -1, 2, 2.0344439357957027, 2.23606797749979
297, 64, 884, 650, 883, 647, 1, 3, 1.2490457723982544, 3.1622776601683795
297, 65, 1026, 615, 1027, 617, -1, -2, -2.0344439357957027, 2.23606797749979
297, 66, 976, 683, 978, 687, -2, -4, -2.0344439357957027, 4.47213595499958
297, 67, 493, 198, 492, 200, 1, -2, -1.1071487177940904, 2.23606797749979
297, 69, 1253, 191, 1258, 196, -5, -5, -2.356194490192345, 7.0710678118654755
297, 70, 1238, 20, 1240, 22, -2, -2, -2.356194490192345, 2.8284271247461903
297, 72, 847, 73, 846, 76, 1, -3, -1.2490457723982544, 3.1622776601683795
297, 73, 113, 132, 115, 130, -2, 2, 2.356194490192345, 2.8284271247461903
297, 75, 1014, 608, 1013, 610, 1, -2, -1.1071487177940904, 2.23606797749979
297, 76, 962, 53, 964, 54, -2, -1, -2.677945044588987, 2.23606797749979
297, 77, 15, 274, 15, 271, 0, 3, 1.5707963267948966, 3.0
297, 78, 119, 193, 120, 191, -1, 2, 2.0344439357957027, 2.23606797749979
297, 79, 642, 57, 641, 56, 1, 1, 0.7853981633974483, 1.4142135623730951
297, 81, 1014, 650, 1015, 654, -1, -4, -1.8157749899217608, 4.123105625617661
297, 83, 1237, 417, 1237, 414, 0, 3, 1.5707963267948966, 3.0
297, 84, 1177, 71, 1180, 72, -3, -1, -2.819842099193151, 3.1622776601683795
297, 88, 633, 451, 633, 445, 0, 6, 1.5707963267948966, 6.0
297, 90, 1206, 388, 1206, 384, 0, 4, 1.5707963267948966, 4.0
297, 91, 796, 625, 800, 630, -4, -5, -2.2455372690184494, 6.4031242374328485
297, 92, 651, 385, 651, 382, 0, 3, 1.5707963267948966, 3.0
297, 93, 1138, 56, 1143, 57, -5, -1, -2.9441970937399127, 5.0990195135927845
297, 94, 762, 558, 765, 562, -3, -4, -2.214297435588181, 5.0
297, 96, 1252, 367, 1252, 363, 0, 4, 1.5707963267948966, 4.0
297, 97, 629, 384, 630, 381, -1, 3, 1.892546881191539, 3.1622776601683795
297, 98, 1206, 39, 1209, 40, -3, -1, -2.819842099193151, 3.1622776601683795
297, 99, 144, 212, 145, 211, -1, 1, 2.356194490192345, 1.4142135623730951
297, 100, 846, 623, 846, 619, 0, 4, 1.5707963267948966, 4.0
297, 101, 722, 29, 723, 32, -1, -3, -1.892546881191539, 3.1622776601683795
297, 102, 866, 73, 866, 76, 0, -3, -1.5707963267948966, 3.0
297, 103, 634, 80, 635, 79, -1, 1, 2.356194490192345, 1.4142135623730951
297, 105, 1178, 53, 1182, 53, -4, 0, 3.141592653589793, 4.0
297, 106, 1118, 113, 1122, 117, -4, -4, -2.356194490192345, 5.656854249492381
297, 107, 486, 140, 486, 142, 0, -2, -1.5707963267948966, 2.0
297, 108, 1162, 56, 1167, 57, -5, -1, -2.9441970937399127, 5.0990195135927845
297, 109, 781, 508, 785, 512, -4, -4, -2.356194490192345, 5.656854249492381
297, 110, 523, 452, 523, 454, 0, -2, -1.5707963267948966, 2.0
297, 111, 511, 140, 511, 142, 0, -2, -1.5707963267948966, 2.0
297, 113, 127, 219, 129, 216, -2, 3, 2.158798930342464, 3.605551275463989
297, 114, 869, 86, 869, 89, 0, -3, -1.5707963267948966, 3.0
298, 0, 843, 98, 840, 101, 3, -3, -0.7853981633974483, 4.242640687119285
298, 1, 845, 82, 844, 85, 1, -3, -1.2490457723982544, 3.1622776601683795
298, 2, 770, 571, 773, 572, -3, -1, -2.819842099193151, 3.1622776601683795
298, 3, 863, 63, 862, 67, 1, -4, -1.3258176636680326, 4.123105625617661
298, 4, 985, 679, 987, 683, -2, -4, -2.0344439357957027, 4.47213595499958
298, 5, 149, 186, 150, 183, -1, 3, 1.892546881191539, 3.1622776601683795
298, 10, 562, 66, 560, 63, 2, 3, 0.982793723247329, 3.605551275463989
298, 11, 860, 54, 859, 59, 1, -5, -1.373400766945016, 5.0990195135927845
298, 12, 1043, 528, 1043, 532, 0, -4, -1.5707963267948966, 4.0
298, 13, 1051, 587, 1052, 586, -1, 1, 2.356194490192345, 1.4142135623730951
298, 14, 566, 12, 563, 13, 3, -1, -0.3217505543966422, 3.1622776601683795
298, 15, 855, 61, 854, 66, 1, -5, -1.373400766945016, 5.0990195135927845
298, 16, 513, 147, 513, 150, 0, -3, -1.5707963267948966, 3.0
298, 17, 681, 84, 680, 80, 1, 4, 1.3258176636680326, 4.123105625617661
298, 18, 493, 128, 493, 133, 0, -5, -1.5707963267948966, 5.0
298, 19, 1059, 562, 1059, 568, 0, -6, -1.5707963267948966, 6.0
298, 20, 487, 190, 485, 193, 2, -3, -0.982793723247329, 3.605551275463989
298, 21, 500, 119, 500, 124, 0, -5, -1.5707963267948966, 5.0
298, 22, 551, 77, 549, 75, 2, 2, 0.7853981633974483, 2.8284271247461903
298, 23, 706, 94, 706, 96, 0, -2, -1.5707963267948966, 2.0
298, 25, 863, 592, 862, 588, 1, 4, 1.3258176636680326, 4.123105625617661
298, 26, 1013, 677, 1014, 682, -1, -5, -1.7681918866447774, 5.0990195135927845
298, 27, 789, 564, 793, 569, -4, -5, -2.2455372690184494, 6.4031242374328485
298, 28, 512, 169, 512, 174, 0, -5, -1.5707963267948966, 5.0
298, 29, 497, 403, 496, 405, 1, -2, -1.1071487177940904, 2.23606797749979
298, 30, 23, 255, 23, 252, 0, 3, 1.5707963267948966, 3.0
298, 31, 770, 555, 772, 559, -2, -4, -2.0344439357957027, 4.47213595499958
298, 32, 1053, 533, 1054, 537, -1, -4, -1.8157749899217608, 4.123105625617661
298, 33, 619, 397, 621, 393, -2, 4, 2.0344439357957027, 4.47213595499958
298, 34, 504, 128, 504, 133, 0, -5, -1.5707963267948966, 5.0
298, 36, 122, 143, 125, 140, -3, 3, 2.356194490192345, 4.242640687119285
298, 37, 1143, 57, 1148, 57, -5, 0, 3.141592653589793, 5.0
298, 38, 763, 494, 767, 499, -4, -5, -2.2455372690184494, 6.4031242374328485
298, 39, 1252, 410, 1249, 407, 3, 3, 0.7853981633974483, 4.242640687119285
298, 40, 1132, 98, 1136, 99, -4, -1, -2.896613990462929, 4.123105625617661
298, 41, 659, 402, 659, 399, 0, 3, 1.5707963267948966, 3.0
298, 42, 512, 332, 512, 339, 0, -7, -1.5707963267948966, 7.0
298, 43, 637, 79, 638, 75, -1, 4, 1.8157749899217608, 4.123105625617661
298, 44, 795, 558, 799, 563, -4, -5, -2.2455372690184494, 6.4031242374328485
298, 46, 845, 138, 844, 144, 1, -6, -1.4056476493802699, 6.082762530298219
298, 47, 1152, 97, 1157, 98, -5, -1, -2.9441970937399127, 5.0990195135927845
298, 48, 569, 21, 565, 22, 4, -1, -0.24497866312686414, 4.123105625617661
298, 50, 1239, 24, 1243, 27, -4, -3, -2.498091544796509, 5.0
298, 51, 1260, 241, 1261, 240, -1, 1, 2.356194490192345, 1.4142135623730951
298, 52, 1196, 29, 1200, 32, -4, -3, -2.498091544796509, 5.0
298, 53, 635, 345, 636, 341, -1, 4, 1.8157749899217608, 4.123105625617661
298, 54, 503, 361, 502, 365, 1, -4, -1.3258176636680326, 4.123105625617661
298, 55, 1140, 48, 1145, 48, -5, 0, 3.141592653589793, 5.0
298, 56, 842, 637, 843, 635, -1, 2, 2.0344439357957027, 2.23606797749979
298, 57, 874, 600, 877, 597, -3, 3, 2.356194490192345, 4.242640687119285
298, 60, 15, 264, 15, 261, 0, 3, 1.5707963267948966, 3.0
298, 61, 151, 181, 153, 178, -2, 3, 2.158798930342464, 3.605551275463989
298, 62, 117, 168, 120, 166, -3, 2, 2.5535900500422257, 3.605551275463989
298, 63, 619, 115, 621, 111, -2, 4, 2.0344439357957027, 4.47213595499958
298, 64, 886, 652, 884, 650, 2, 2, 0.7853981633974483, 2.8284271247461903
298, 65, 1026, 613, 1026, 615, 0, -2, -1.5707963267948966, 2.0
298, 66, 974, 678, 976, 683, -2, -5, -1.9513027039072615, 5.385164807134504
298, 67, 495, 195, 493, 198, 2, -3, -0.982793723247329, 3.605551275463989
298, 70, 1235, 17, 1238, 20, -3, -3, -2.356194490192345, 4.242640687119285
298, 72, 848, 68, 847, 73, 1, -5, -1.373400766945016, 5.0990195135927845
298, 73, 110, 135, 113, 132, -3, 3, 2.356194490192345, 4.242640687119285
298, 75, 1017, 603, 1014, 608, 3, -5, -1.0303768265243125, 5.830951894845301
298, 76, 960, 52, 962, 53, -2, -1, -2.677945044588987, 2.23606797749979
298, 77, 14, 276, 15, 274, -1, 2, 2.0344439357957027, 2.23606797749979
298, 78, 117, 196, 119, 193, -2, 3, 2.158798930342464, 3.605551275463989
298, 81, 1014, 645, 1014, 650, 0, -5, -1.5707963267948966, 5.0
298, 83, 1239, 421, 1237, 417, 2, 4, 1.1071487177940904, 4.47213595499958
298, 84, 1174, 71, 1177, 71, -3, 0, 3.141592653589793, 3.0
298, 87, 635, 167, 634, 163, 1, 4, 1.3258176636680326, 4.123105625617661
298, 88, 634, 456, 633, 451, 1, 5, 1.373400766945016, 5.0990195135927845
298, 90, 1208, 391, 1206, 388, 2, 3, 0.982793723247329, 3.605551275463989
298, 91, 794, 618, 796, 625, -2, -7, -1.849095985800008, 7.280109889280518
298, 92, 650, 391, 651, 385, -1, 6, 1.7359450042095235, 6.082762530298219
298, 93, 1133, 55, 1138, 56, -5, -1, -2.9441970937399127, 5.0990195135927845
298, 94, 761, 554, 762, 558, -1, -4, -1.8157749899217608, 4.123105625617661
298, 96, 1253, 370, 1252, 367, 1, 3, 1.2490457723982544, 3.1622776601683795
298, 97, 628, 388, 629, 384, -1, 4, 1.8157749899217608, 4.123105625617661
298, 98, 1202, 36, 1206, 39, -4, -3, -2.498091544796509, 5.0
298, 99, 142, 212, 144, 212, -2, 0, 3.141592653589793, 2.0
298, 100, 846, 627, 846, 623, 0, 4, 1.5707963267948966, 4.0
298, 101, 720, 25, 722, 29, -2, -4, -2.0344439357957027, 4.47213595499958
298, 102, 868, 69, 866, 73, 2, -4, -1.1071487177940904, 4.47213595499958
298, 103, 633, 83, 634, 80, -1, 3, 1.892546881191539, 3.1622776601683795
298, 105, 1174, 52, 1178, 53, -4, -1, -2.896613990462929, 4.123105625617661
298, 106, 1113, 111, 1118, 113, -5, -2, -2.761086276477428, 5.385164807134504
298, 107, 486, 135, 486, 140, 0, -5, -1.5707963267948966, 5.0
298, 108, 1158, 56, 1162, 56, -4, 0, 3.141592653589793, 4.0
298, 109, 779, 506, 781, 508, -2, -2, -2.356194490192345, 2.8284271247461903
298, 110, 521, 449, 523, 452, -2, -3, -2.158798930342464, 3.605551275463989
298, 111, 511, 136, 511, 140, 0, -4, -1.5707963267948966, 4.0
298, 113, 124, 222, 127, 219, -3, 3, 2.356194490192345, 4.242640687119285
298, 114, 871, 81, 869, 86, 2, -5, -1.1902899496825317, 5.385164807134504
299, 2, 768, 573, 770, 571, -2, 2, 2.356194490192345, 2.8284271247461903
299, 3, 863, 59, 863, 63, 0, -4, -1.5707963267948966, 4.0
299, 4, 984, 675, 985, 679, -1, -4, -1.8157749899217608, 4.123105625617661
299, 5, 148, 188, 149, 186, -1, 2, 2.0344439357957027, 2.23606797749979
299, 10, 563, 67, 562, 66, 1, 1, 0.7853981633974483, 1.4142135623730951
299, 11, 860, 50, 860, 54, 0, -4, -1.5707963267948966, 4.0
299, 12, 1043, 524, 1043, 528, 0, -4, -1.5707963267948966, 4.0
299, 13, 568, 11, 566, 12, 2, -1, -0.4636476090008061, 2.23606797749979
299, 14, 855, 57, 855, 61, 0, -4, -1.5707963267948966, 4.0
299, 15, 513, 145, 513, 147, 0, -2, -1.5707963267948966, 2.0
299, 16, 681, 86, 681, 84, 0, 2, 1.5707963267948966, 2.0
299, 17, 492, 125, 493, 128, -1, -3, -1.892546881191539, 3.1622776601683795
299, 18, 1060, 558, 1059, 562, 1, -4, -1.3258176636680326, 4.123105625617661
299, 19, 487, 187, 487, 190, 0, -3, -1.5707963267948966, 3.0
299, 20, 499, 116, 500, 119, -1, -3, -1.892546881191539, 3.1622776601683795
299, 21, 554, 77, 551, 77, 3, 0, 0.0, 3.0
299, 23, 862, 596, 863, 592, -1, 4, 1.8157749899217608, 4.123105625617661
299, 24, 1012, 670, 1013, 677, -1, -7, -1.7126933813990606, 7.0710678118654755
299, 25, 785, 560, 789, 564, -4, -4, -2.356194490192345, 5.656854249492381
299, 26, 511, 166, 512, 169, -1, -3, -1.892546881191539, 3.1622776601683795
299, 27, 497, 399, 497, 403, 0, -4, -1.5707963267948966, 4.0
299, 28, 22, 256, 23, 255, -1, 1, 2.356194490192345, 1.4142135623730951
299, 29, 766, 551, 770, 555, -4, -4, -2.356194490192345, 5.656854249492381
299, 30, 1052, 528, 1053, 533, -1, -5, -1.7681918866447774, 5.0990195135927845
299, 31, 618, 400, 619, 397, -1, 3, 1.892546881191539, 3.1622776601683795
299, 32, 503, 125, 504, 128, -1, -3, -1.892546881191539, 3.1622776601683795
299, 34, 119, 146, 122, 143, -3, 3, 2.356194490192345, 4.242640687119285
299, 35, 1138, 56, 1143, 57, -5, -1, -2.9441970937399127, 5.0990195135927845
299, 36, 759, 489, 763, 494, -4, -5, -2.2455372690184494, 6.4031242374328485
299, 37, 1253, 413, 1252, 410, 1, 3, 1.2490457723982544, 3.1622776601683795
299, 38, 1127, 97, 1132, 98, -5, -1, -2.9441970937399127, 5.0990195135927845
299, 39, 659, 406, 659, 402, 0, 4, 1.5707963267948966, 4.0
299, 40, 511, 330, 512, 332, -1, -2, -2.0344439357957027, 2.23606797749979
299, 41, 636, 80, 637, 79, -1, 1, 2.356194490192345, 1.4142135623730951
299, 42, 791, 553, 795, 558, -4, -5, -2.2455372690184494, 6.4031242374328485
299, 44, 845, 135, 845, 138, 0, -3, -1.5707963267948966, 3.0
299, 45, 1148, 97, 1152, 97, -4, 0, 3.141592653589793, 4.0
299, 46, 572, 20, 569, 21, 3, -1, -0.3217505543966422, 3.1622776601683795
299, 48, 1237, 23, 1239, 24, -2, -1, -2.677945044588987, 2.23606797749979
299, 49, 1261, 239, 1260, 241, 1, -2, -1.1071487177940904, 2.23606797749979
299, 50, 1193, 26, 1196, 29, -3, -3, -2.356194490192345, 4.242640687119285
299, 51, 634, 349, 635, 345, -1, 4, 1.8157749899217608, 4.123105625617661
299, 52, 503, 357, 503, 361, 0, -4, -1.5707963267948966, 4.0
299, 53, 1135, 47, 1140, 48, -5, -1, -2.9441970937399127, 5.0990195135927845
299, 54, 841, 641, 842, 637, -1, 4, 1.8157749899217608, 4.123105625617661
299, 55, 873, 604, 874, 600, -1, 4, 1.8157749899217608, 4.123105625617661
299, 59, 150, 183, 151, 181, -1, 2, 2.0344439357957027, 2.23606797749979
299, 60, 115, 171, 117, 168, -2, 3, 2.158798930342464, 3.605551275463989
299, 61, 618, 118, 619, 115, -1, 3, 1.892546881191539, 3.1622776601683795
299, 62, 886, 656, 886, 652, 0, 4, 1.5707963267948966, 4.0
299, 64, 972, 674, 974, 678, -2, -4, -2.0344439357957027, 4.47213595499958
299, 65, 495, 192, 495, 195, 0, -3, -1.5707963267948966, 3.0
299, 67, 1251, 186, 1254, 191, -3, -5, -2.1112158270654806, 5.830951894845301
299, 68, 1233, 16, 1235, 17, -2, -1, -2.677945044588987, 2.23606797749979
299, 70, 848, 64, 848, 68, 0, -4, -1.5707963267948966, 4.0
299, 71, 107, 138, 110, 135, -3, 3, 2.356194490192345, 4.242640687119285
299, 73, 1019, 597, 1017, 603, 2, -6, -1.2490457723982544, 6.324555320336759
299, 75, 115, 199, 117, 196, -2, 3, 2.158798930342464, 3.605551275463989
299, 78, 1014, 640, 1014, 645, 0, -5, -1.5707963267948966, 5.0
299, 80, 1240, 424, 1239, 421, 1, 3, 1.2490457723982544, 3.1622776601683795
299, 81, 1171, 69, 1174, 71, -3, -2, -2.5535900500422257, 3.605551275463989
299, 84, 634, 458, 634, 456, 0, 2, 1.5707963267948966, 2.0
299, 86, 1208, 394, 1208, 391, 0, 3, 1.5707963267948966, 3.0
299, 87, 792, 612, 794, 618, -2, -6, -1.892546881191539, 6.324555320336759
299, 88, 649, 395, 650, 391, -1, 4, 1.8157749899217608, 4.123105625617661
299, 89, 1128, 54, 1133, 55, -5, -1, -2.9441970937399127, 5.0990195135927845
299, 90, 757, 549, 761, 554, -4, -5, -2.2455372690184494, 6.4031242374328485
299, 92, 1254, 373, 1253, 370, 1, 3, 1.2490457723982544, 3.1622776601683795
299, 93, 627, 391, 628, 388, -1, 3, 1.892546881191539, 3.1622776601683795
299, 94, 1199, 33, 1202, 36, -3, -3, -2.356194490192345, 4.242640687119285
299, 96, 845, 631, 846, 627, -1, 4, 1.8157749899217608, 4.123105625617661
299, 97, 868, 65, 868, 69, 0, -4, -1.5707963267948966, 4.0
299, 98, 632, 84, 633, 83, -1, 1, 2.356194490192345, 1.4142135623730951
299, 100, 1170, 51, 1174, 52, -4, -1, -2.896613990462929, 4.123105625617661
299, 101, 1109, 112, 1113, 111, -4, 1, 2.896613990462929, 4.123105625617661
299, 102, 485, 132, 486, 135, -1, -3, -1.892546881191539, 3.1622776601683795
299, 103, 1154, 55, 1158, 56, -4, -1, -2.896613990462929, 4.123105625617661
299, 104, 776, 502, 779, 506, -3, -4, -2.214297435588181, 5.0
299, 105, 520, 447, 521, 449, -1, -2, -2.0344439357957027, 2.23606797749979
299, 106, 510, 133, 511, 136, -1, -3, -1.892546881191539, 3.1622776601683795
299, 108, 123, 224, 124, 222, -1, 2, 2.0344439357957027, 2.23606797749979
299, 109, 871, 77, 871, 81, 0, -4, -1.5707963267948966, 4.0
300, 1, 863, 64, 863, 68, 0, -4, -1.5707963267948966, 4.0
300, 3, 1057, 524, 1058, 529, -1, -5, -1.7681918866447774, 5.0990195135927845
300, 4, 561, 58, 560, 57, 1, 1, 0.7853981633974483, 1.4142135623730951
300, 5, 150, 187, 151, 186, -1, 1, 2.356194490192345, 1.4142135623730951
300, 6, 1032, 588, 1032, 591, 0, -3, -1.5707963267948966, 3.0
300, 7, 1042, 520, 1043, 524, -1, -4, -1.8157749899217608, 4.123105625617661
300, 10, 853, 64, 853, 67, 0, -3, -1.5707963267948966, 3.0
300, 13, 1062, 556, 1062, 560, 0, -4, -1.5707963267948966, 4.0
300, 15, 557, 71, 554, 70, 3, 1, 0.3217505543966422, 3.1622776601683795
300, 16, 22, 256, 23, 254, -1, 2, 2.0344439357957027, 2.23606797749979
300, 17, 858, 607, 858, 603, 0, 4, 1.5707963267948966, 4.0
300, 18, 619, 396, 621, 393, -2, 3, 2.158798930342464, 3.605551275463989
300, 19, 791, 554, 795, 558, -4, -4, -2.356194490192345, 5.656854249492381
300, 20, 845, 93, 845, 91, 0, 2, 1.5707963267948966, 2.0
300, 21, 505, 130, 505, 133, 0, -3, -1.5707963267948966, 3.0
300, 22, 500, 120, 500, 124, 0, -4, -1.5707963267948966, 4.0
300, 23, 861, 54, 861, 58, 0, -4, -1.5707963267948966, 4.0
300, 24, 682, 84, 682, 82, 0, 2, 1.5707963267948966, 2.0
300, 25, 563, 69, 562, 67, 1, 2, 1.1071487177940904, 2.23606797749979
300, 26, 565, 13, 563, 14, 2, -1, -0.4636476090008061, 2.23606797749979
300, 27, 1013, 670, 1014, 677, -1, -7, -1.7126933813990606, 7.0710678118654755
300, 28, 500, 388, 500, 392, 0, -4, -1.5707963267948966, 4.0
300, 29, 120, 195, 122, 193, -2, 2, 2.356194490192345, 2.8284271247461903
300, 31, 17, 263, 17, 261, 0, 2, 1.5707963267948966, 2.0
300, 32, 970, 698, 971, 703, -1, -5, -1.7681918866447774, 5.0990195135927845
300, 35, 494, 128, 494, 132, 0, -4, -1.5707963267948966, 4.0
300, 36, 512, 171, 512, 174, 0, -3, -1.5707963267948966, 3.0
300, 38, 23, 290, 22, 286, 1, 4, 1.3258176636680326, 4.123105625617661
300, 39, 1169, 64, 1172, 66, -3, -2, -2.5535900500422257, 3.605551275463989
300, 40, 514, 341, 514, 344, 0, -3, -1.5707963267948966, 3.0
300, 42, 761, 548, 765, 553, -4, -5, -2.2455372690184494, 6.4031242374328485
300, 43, 990, 665, 992, 669, -2, -4, -2.0344439357957027, 4.47213595499958
300, 45, 845, 642, 845, 638, 0, 4, 1.5707963267948966, 4.0
300, 46, 1144, 57, 1148, 58, -4, -1, -2.896613990462929, 4.123105625617661
300, 47, 1141, 49, 1146, 50, -5, -1, -2.9441970937399127, 5.0990195135927845
300, 49, 662, 409, 663, 406, -1, 3, 1.892546881191539, 3.1622776601683795
300, 50, 878, 610, 879, 606, -1, 4, 1.8157749899217608, 4.123105625617661
300, 51, 125, 144, 127, 141, -2, 3, 2.158798930342464, 3.605551275463989
300, 53, 566, 22, 564, 23, 2, -1, -0.4636476090008061, 2.23606797749979
300, 55, 1252, 410, 1251, 408, 1, 2, 1.1071487177940904, 2.23606797749979
300, 56, 638, 78, 639, 77, -1, 1, 2.356194490192345, 1.4142135623730951
300, 57, 1151, 101, 1154, 101, -3, 0, 3.141592653589793, 3.0
300, 58, 1105, 117, 1107, 117, -2, 0, 3.141592653589793, 2.0
300, 59, 1241, 29, 1243, 30, -2, -1, -2.677945044588987, 2.23606797749979
300, 61, 482, 189, 482, 191, 0, -2, -1.5707963267948966, 2.0
300, 62, 848, 70, 848, 73, 0, -3, -1.5707963267948966, 3.0
300, 64, 503, 363, 503, 367, 0, -4, -1.5707963267948966, 4.0
300, 65, 783, 559, 788, 563, -5, -4, -2.4668517113662407, 6.4031242374328485
300, 66, 844, 652, 845, 648, -1, 4, 1.8157749899217608, 4.123105625617661
300, 67, 518, 444, 519, 446, -1, -2, -2.0344439357957027, 2.23606797749979
300, 70, 759, 490, 763, 495, -4, -5, -2.2455372690184494, 6.4031242374328485
300, 71, 484, 171, 484, 174, 0, -3, -1.5707963267948966, 3.0
300, 72, 754, 548, 758, 553, -4, -5, -2.2455372690184494, 6.4031242374328485
300, 73, 635, 346, 637, 343, -2, 3, 2.158798930342464, 3.605551275463989
300, 79, 1199, 30, 1201, 32, -2, -2, -2.356194490192345, 2.8284271247461903
300, 82, 120, 172, 122, 169, -2, 3, 2.158798930342464, 3.605551275463989
300, 83, 16, 498, 14, 495, 2, 3, 0.982793723247329, 3.605551275463989
300, 84, 1245, 422, 1244, 419, 1, 3, 1.2490457723982544, 3.1622776601683795
300, 86, 506, 219, 505, 223, 1, -4, -1.3258176636680326, 4.123105625617661
300, 87, 1242, 21, 1244, 22, -2, -1, -2.677945044588987, 2.23606797749979
300, 88, 1147, 128, 1149, 129, -2, -1, -2.677945044588987, 2.23606797749979
300, 89, 511, 136, 511, 139, 0, -3, -1.5707963267948966, 3.0
300, 90, 630, 392, 631, 389, -1, 3, 1.892546881191539, 3.1622776601683795
300, 91, 493, 177, 493, 180, 0, -3, -1.5707963267948966, 3.0
300, 92, 634, 84, 635, 83, -1, 1, 2.356194490192345, 1.4142135623730951
300, 95, 1134, 57, 1139, 58, -5, -1, -2.9441970937399127, 5.0990195135927845
300, 97, 1261, 160, 1270, 163, -9, -3, -2.819842099193151, 9.486832980505138
300, 98, 1130, 100, 1134, 100, -4, 0, 3.141592653589793, 4.0
300, 99, 474, 9, 474, 11, 0, -2, -1.5707963267948966, 2.0
300, 100, 123, 223, 124, 220, -1, 3, 1.892546881191539, 3.1622776601683795
300, 101, 1226, 126, 1228, 129, -2, -3, -2.158798930342464, 3.605551275463989
300, 102, 634, 17, 634, 15, 0, 2, 1.5707963267948966, 2.0
300, 109, 885, 666, 884, 663, 1, 3, 1.2490457723982544, 3.1622776601683795
300, 110, 847, 103, 846, 106, 1, -3, -1.2490457723982544, 3.1622776601683795
300, 113, 1156, 57, 1160, 58, -4, -1, -2.896613990462929, 4.123105625617661
300, 114, 777, 501, 780, 505, -3, -4, -2.214297435588181, 5.0
300, 115, 791, 533, 795, 537, -4, -4, -2.356194490192345, 5.656854249492381
300, 116, 110, 136, 113, 134, -3, 2, 2.5535900500422257, 3.605551275463989
300, 118, 497, 198, 496, 201, 1, -3, -1.2490457723982544, 3.1622776601683795
300, 123, 650, 394, 651, 390, -1, 4, 1.8157749899217608, 4.123105625617661
300, 125, 1208, 392, 1207, 389, 1, 3, 1.2490457723982544, 3.1622776601683795
300, 126, 1139, 124, 1141, 125, -2, -1, -2.677945044588987, 2.23606797749979
300, 127, 872, 83, 872, 86, 0, -3, -1.5707963267948966, 3.0
300, 128, 983, 668, 984, 672, -1, -4, -1.8157749899217608, 4.123105625617661
300, 129, 1023, 701, 1024, 709, -1, -8, -1.695151321341658, 8.06225774829855
300, 131, 1204, 36, 1207, 38, -3, -2, -2.5535900500422257, 3.605551275463989
300, 136, 1217, 87, 1219, 90, -2, -3, -2.158798930342464, 3.605551275463989
300, 137, 136, 188, 138, 186, -2, 2, 2.356194490192345, 2.8284271247461903
300, 138, 1167, 45, 1171, 47, -4, -2, -2.677945044588987, 4.47213595499958
300, 144, 626, 104, 627, 102, -1, 2, 2.0344439357957027, 2.23606797749979
300, 145, 642, 348, 644, 345, -2, 3, 2.158798930342464, 3.605551275463989
300, 147, 511, 356, 511, 359, 0, -3, -1.5707963267948966, 3.0
300, 148, 948, 12, 950, 13, -2, -1, -2.677945044588987, 2.23606797749979
300, 150, 650, 87, 651, 86, -1, 1, 2.356194490192345, 1.4142135623730951
300, 151, 119, 215, 120, 212, -1, 3, 1.892546881191539, 3.1622776601683795
300, 152, 966, 692, 967, 697, -1, -5, -1.7681918866447774, 5.0990195135927845
300, 153, 1114, 120, 1116, 120, -2, 0, 3.141592653589793, 2.0
300, 155, 621, 112, 622, 110, -1, 2, 2.0344439357957027, 2.23606797749979
300, 159, 1046, 596, 1046, 598, 0, -2, -1.5707963267948966, 2.0
300, 160, 1198, 66, 1200, 69, -2, -3, -2.158798930342464, 3.605551275463989
300, 161, 785, 597, 790, 601, -5, -4, -2.4668517113662407, 6.4031242374328485
300, 162, 847, 632, 847, 627, 0, 5, 1.5707963267948966, 5.0
300, 165, 1256, 370, 1255, 367, 1, 3, 1.2490457723982544, 3.1622776601683795
300, 167, 1203, 408, 1202, 405, 1, 3, 1.2490457723982544, 3.1622776601683795
300, 169, 487, 136, 487, 140, 0, -4, -1.5707963267948966, 4.0
300, 172, 1248, 176, 1250, 181, -2, -5, -1.9513027039072615, 5.385164807134504
300, 174, 509, 346, 509, 349, 0, -3, -1.5707963267948966, 3.0
300, 177, 1017, 573, 1017, 575, 0, -2, -1.5707963267948966, 2.0
301, 1, 863, 60, 863, 64, 0, -4, -1.5707963267948966, 4.0
301, 3, 1056, 519, 1057, 524, -1, -5, -1.7681918866447774, 5.0990195135927845
301, 4, 562, 59, 561, 58, 1, 1, 0.7853981633974483, 1.4142135623730951
301, 5, 149, 188, 150, 187, -1, 1, 2.356194490192345, 1.4142135623730951
301, 6, 1032, 585, 1032, 588, 0, -3, -1.5707963267948966, 3.0
301, 7, 1041, 515, 1042, 520, -1, -5, -1.7681918866447774, 5.0990195135927845
301, 10, 853, 60, 853, 64, 0, -4, -1.5707963267948966, 4.0
301, 13, 1062, 552, 1062, 556, 0, -4, -1.5707963267948966, 4.0
301, 15, 558, 73, 557, 71, 1, 2, 1.1071487177940904, 2.23606797749979
301, 16, 21, 258, 22, 256, -1, 2, 2.0344439357957027, 2.23606797749979
301, 17, 858, 611, 858, 607, 0, 4, 1.5707963267948966, 4.0
301, 18, 618, 400, 619, 396, -1, 4, 1.8157749899217608, 4.123105625617661
301, 19, 787, 550, 791, 554, -4, -4, -2.356194490192345, 5.656854249492381
301, 21, 504, 126, 505, 130, -1, -4, -1.8157749899217608, 4.123105625617661
301, 22, 499, 116, 500, 120, -1, -4, -1.8157749899217608, 4.123105625617661
301, 23, 861, 50, 861, 54, 0, -4, -1.5707963267948966, 4.0
301, 25, 564, 70, 563, 69, 1, 1, 0.7853981633974483, 1.4142135623730951
301, 26, 567, 12, 565, 13, 2, -1, -0.4636476090008061, 2.23606797749979
301, 27, 1012, 664, 1013, 670, -1, -6, -1.7359450042095235, 6.082762530298219
301, 28, 500, 384, 500, 388, 0, -4, -1.5707963267948966, 4.0
301, 29, 118, 198, 120, 195, -2, 3, 2.158798930342464, 3.605551275463989
301, 31, 16, 265, 17, 263, -1, 2, 2.0344439357957027, 2.23606797749979
301, 32, 969, 693, 970, 698, -1, -5, -1.7681918866447774, 5.0990195135927845
301, 35, 494, 124, 494, 128, 0, -4, -1.5707963267948966, 4.0
301, 36, 511, 168, 512, 171, -1, -3, -1.892546881191539, 3.1622776601683795
301, 38, 24, 293, 23, 290, 1, 3, 1.2490457723982544, 3.1622776601683795
301, 39, 1165, 62, 1169, 64, -4, -2, -2.677945044588987, 4.47213595499958
301, 40, 514, 338, 514, 341, 0, -3, -1.5707963267948966, 3.0
301, 42, 757, 544, 761, 548, -4, -4, -2.356194490192345, 5.656854249492381
301, 43, 988, 661, 990, 665, -2, -4, -2.0344439357957027, 4.47213595499958
301, 44, 845, 647, 845, 642, 0, 5, 1.5707963267948966, 5.0
301, 45, 1140, 55, 1144, 57, -4, -2, -2.677945044588987, 4.47213595499958
301, 46, 1136, 48, 1141, 49, -5, -1, -2.9441970937399127, 5.0990195135927845
301, 48, 661, 412, 662, 409, -1, 3, 1.892546881191539, 3.1622776601683795
301, 49, 878, 614, 878, 610, 0, 4, 1.5707963267948966, 4.0
301, 50, 122, 146, 125, 144, -3, 2, 2.5535900500422257, 3.605551275463989
301, 52, 568, 21, 566, 22, 2, -1, -0.4636476090008061, 2.23606797749979
301, 54, 1253, 413, 1252, 410, 1, 3, 1.2490457723982544, 3.1622776601683795
301, 55, 637, 79, 638, 78, -1, 1, 2.356194490192345, 1.4142135623730951
301, 56, 1149, 102, 1151, 101, -2, 1, 2.677945044588987, 2.23606797749979
301, 57, 1103, 117, 1105, 117, -2, 0, 3.141592653589793, 2.0
301, 58, 1238, 28, 1241, 29, -3, -1, -2.819842099193151, 3.1622776601683795
301, 59, 857, 130, 857, 132, 0, -2, -1.5707963267948966, 2.0
301, 60, 481, 186, 482, 189, -1, -3, -1.892546881191539, 3.1622776601683795
301, 61, 848, 66, 848, 70, 0, -4, -1.5707963267948966, 4.0
301, 63, 503, 359, 503, 363, 0, -4, -1.5707963267948966, 4.0
301, 64, 779, 555, 783, 559, -4, -4, -2.356194490192345, 5.656854249492381
301, 65, 843, 656, 844, 652, -1, 4, 1.8157749899217608, 4.123105625617661
301, 68, 755, 486, 759, 490, -4, -4, -2.356194490192345, 5.656854249492381
301, 69, 483, 168, 484, 171, -1, -3, -1.892546881191539, 3.1622776601683795
301, 70, 750, 544, 754, 548, -4, -4, -2.356194490192345, 5.656854249492381
301, 71, 633, 349, 635, 346, -2, 3, 2.158798930342464, 3.605551275463989
301, 76, 1196, 27, 1199, 30, -3, -3, -2.356194490192345, 4.242640687119285
301, 77, 764, 602, 766, 604, -2, -2, -2.356194490192345, 2.8284271247461903
301, 79, 118, 175, 120, 172, -2, 3, 2.158798930342464, 3.605551275463989
301, 80, 18, 501, 16, 498, 2, 3, 0.982793723247329, 3.605551275463989
301, 81, 1246, 425, 1245, 422, 1, 3, 1.2490457723982544, 3.1622776601683795
301, 83, 507, 214, 506, 219, 1, -5, -1.373400766945016, 5.0990195135927845
301, 84, 1239, 20, 1242, 21, -3, -1, -2.819842099193151, 3.1622776601683795
301, 85, 1145, 126, 1147, 128, -2, -2, -2.356194490192345, 2.8284271247461903
301, 86, 510, 133, 511, 136, -1, -3, -1.892546881191539, 3.1622776601683795
301, 87, 629, 395, 630, 392, -1, 3, 1.892546881191539, 3.1622776601683795
301, 88, 492, 174, 493, 177, -1, -3, -1.892546881191539, 3.1622776601683795
301, 89, 633, 85, 634, 84, -1, 1, 2.356194490192345, 1.4142135623730951
301, 92, 1129, 56, 1134, 57, -5, -1, -2.9441970937399127, 5.0990195135927845
301, 93, 1258, 159, 1261, 160, -3, -1, -2.819842099193151, 3.1622776601683795
301, 94, 1126, 99, 1130, 100, -4, -1, -2.896613990462929, 4.123105625617661
301, 95, 122, 226, 123, 223, -1, 3, 1.892546881191539, 3.1622776601683795
301, 96, 1224, 127, 1226, 126, -2, 1, 2.677945044588987, 2.23606797749979
301, 98, 741, 561, 741, 565, 0, -4, -1.5707963267948966, 4.0
301, 104, 886, 668, 885, 666, 1, 2, 1.1071487177940904, 2.23606797749979
301, 106, 846, 138, 846, 140, 0, -2, -1.5707963267948966, 2.0
301, 108, 1152, 55, 1156, 57, -4, -2, -2.677945044588987, 4.47213595499958
301, 109, 774, 497, 777, 501, -3, -4, -2.214297435588181, 5.0
301, 110, 787, 529, 791, 533, -4, -4, -2.356194490192345, 5.656854249492381
301, 111, 107, 138, 110, 136, -3, 2, 2.5535900500422257, 3.605551275463989
301, 113, 497, 195, 497, 198, 0, -3, -1.5707963267948966, 3.0
301, 117, 649, 398, 650, 394, -1, 4, 1.8157749899217608, 4.123105625617661
301, 119, 1209, 394, 1208, 392, 1, 2, 1.1071487177940904, 2.23606797749979
301, 120, 1137, 123, 1139, 124, -2, -1, -2.677945044588987, 2.23606797749979
301, 121, 872, 80, 872, 83, 0, -3, -1.5707963267948966, 3.0
301, 122, 981, 664, 983, 668, -2, -4, -2.0344439357957027, 4.47213595499958
301, 123, 1022, 696, 1023, 701, -1, -5, -1.7681918866447774, 5.0990195135927845
301, 125, 1201, 33, 1204, 36, -3, -3, -2.356194490192345, 4.242640687119285
301, 130, 1215, 84, 1217, 87, -2, -3, -2.158798930342464, 3.605551275463989
301, 131, 134, 191, 136, 188, -2, 3, 2.158798930342464, 3.605551275463989
301, 132, 1162, 43, 1167, 45, -5, -2, -2.761086276477428, 5.385164807134504
301, 138, 625, 105, 626, 104, -1, 1, 2.356194490192345, 1.4142135623730951
301, 139, 641, 351, 642, 348, -1, 3, 1.892546881191539, 3.1622776601683795
301, 140, 512, 353, 511, 356, 1, -3, -1.2490457723982544, 3.1622776601683795
301, 141, 946, 11, 948, 12, -2, -1, -2.677945044588987, 2.23606797749979
301, 143, 649, 88, 650, 87, -1, 1, 2.356194490192345, 1.4142135623730951
301, 144, 118, 217, 119, 215, -1, 2, 2.0344439357957027, 2.23606797749979
301, 145, 965, 687, 966, 692, -1, -5, -1.7681918866447774, 5.0990195135927845
301, 148, 620, 113, 621, 112, -1, 1, 2.356194490192345, 1.4142135623730951
301, 152, 1046, 593, 1046, 596, 0, -3, -1.5707963267948966, 3.0
301, 153, 1196, 63, 1198, 66, -2, -3, -2.158798930342464, 3.605551275463989
301, 154, 780, 592, 785, 597, -5, -5, -2.356194490192345, 7.0710678118654755
301, 155, 847, 636, 847, 632, 0, 4, 1.5707963267948966, 4.0
301, 156, 12, 239, 12, 237, 0, 2, 1.5707963267948966, 2.0
301, 158, 1258, 373, 1256, 370, 2, 3, 0.982793723247329, 3.605551275463989
301, 160, 1204, 410, 1203, 408, 1, 2, 1.1071487177940904, 2.23606797749979
301, 162, 487, 132, 487, 136, 0, -4, -1.5707963267948966, 4.0
301, 165, 1247, 174, 1248, 176, -1, -2, -2.0344439357957027, 2.23606797749979
301, 167, 510, 343, 509, 346, 1, -3, -1.2490457723982544, 3.1622776601683795
301, 170, 1018, 570, 1017, 573, 1, -3, -1.2490457723982544, 3.1622776601683795
301, 172, 1209, 447, 1209, 445, 0, 2, 1.5707963267948966, 2.0
302, 0, 538, 420, 538, 423, 0, -3, -1.5707963267948966, 3.0
302, 1, 863, 57, 863, 60, 0, -3, -1.5707963267948966, 3.0
302, 3, 1055, 514, 1056, 519, -1, -5, -1.7681918866447774, 5.0990195135927845
302, 5, 147, 189, 149, 188, -2, 1, 2.677945044588987, 2.23606797749979
302, 6, 1032, 581, 1032, 585, 0, -4, -1.5707963267948966, 4.0
302, 7, 1040, 510, 1041, 515, -1, -5, -1.7681918866447774, 5.0990195135927845
302, 10, 853, 57, 853, 60, 0, -3, -1.5707963267948966, 3.0
302, 12, 513, 157, 513, 155, 0, 2, 1.5707963267948966, 2.0
302, 13, 1062, 547, 1062, 552, 0, -5, -1.5707963267948966, 5.0
302, 16, 21, 260, 21, 258, 0, 2, 1.5707963267948966, 2.0
302, 17, 859, 615, 858, 611, 1, 4, 1.3258176636680326, 4.123105625617661
302, 18, 617, 404, 618, 400, -1, 4, 1.8157749899217608, 4.123105625617661
302, 19, 783, 546, 787, 550, -4, -4, -2.356194490192345, 5.656854249492381
302, 20, 844, 95, 845, 94, -1, 1, 2.356194490192345, 1.4142135623730951
302, 21, 504, 122, 504, 126, 0, -4, -1.5707963267948966, 4.0
302, 22, 499, 112, 499, 116, 0, -4, -1.5707963267948966, 4.0
302, 23, 860, 47, 861, 50, -1, -3, -1.892546881191539, 3.1622776601683795
302, 26, 569, 11, 567, 12, 2, -1, -0.4636476090008061, 2.23606797749979
302, 27, 1010, 659, 1012, 664, -2, -5, -1.9513027039072615, 5.385164807134504
302, 28, 500, 380, 500, 384, 0, -4, -1.5707963267948966, 4.0
302, 29, 116, 200, 118, 198, -2, 2, 2.356194490192345, 2.8284271247461903
302, 31, 16, 267, 16, 265, 0, 2, 1.5707963267948966, 2.0
302, 32, 968, 688, 969, 693, -1, -5, -1.7681918866447774, 5.0990195135927845
302, 35, 494, 120, 494, 124, 0, -4, -1.5707963267948966, 4.0
302, 37, 24, 296, 24, 293, 0, 3, 1.5707963267948966, 3.0
302, 38, 1161, 60, 1165, 62, -4, -2, -2.677945044588987, 4.47213595499958
302, 39, 515, 335, 514, 338, 1, -3, -1.2490457723982544, 3.1622776601683795
302, 41, 754, 540, 757, 544, -3, -4, -2.214297435588181, 5.0
302, 42, 986, 657, 988, 661, -2, -4, -2.0344439357957027, 4.47213595499958
302, 43, 844, 650, 845, 647, -1, 3, 1.892546881191539, 3.1622776601683795
302, 44, 1136, 53, 1140, 55, -4, -2, -2.677945044588987, 4.47213595499958
302, 45, 1131, 46, 1136, 48, -5, -2, -2.761086276477428, 5.385164807134504
302, 47, 660, 415, 661, 412, -1, 3, 1.892546881191539, 3.1622776601683795
302, 48, 878, 618, 878, 614, 0, 4, 1.5707963267948966, 4.0
302, 49, 119, 148, 122, 146, -3, 2, 2.5535900500422257, 3.605551275463989
302, 51, 570, 20, 568, 21, 2, -1, -0.4636476090008061, 2.23606797749979
302, 53, 1254, 416, 1253, 413, 1, 3, 1.2490457723982544, 3.1622776601683795
302, 54, 636, 80, 637, 79, -1, 1, 2.356194490192345, 1.4142135623730951
302, 55, 1146, 102, 1149, 102, -3, 0, 3.141592653589793, 3.0
302, 56, 1235, 27, 1238, 28, -3, -1, -2.819842099193151, 3.1622776601683795
302, 58, 480, 182, 481, 186, -1, -4, -1.8157749899217608, 4.123105625617661
302, 59, 848, 63, 848, 66, 0, -3, -1.5707963267948966, 3.0
302, 61, 504, 355, 503, 359, 1, -4, -1.3258176636680326, 4.123105625617661
302, 62, 775, 551, 779, 555, -4, -4, -2.356194490192345, 5.656854249492381
302, 63, 842, 659, 843, 656, -1, 3, 1.892546881191539, 3.1622776601683795
302, 65, 751, 482, 755, 486, -4, -4, -2.356194490192345, 5.656854249492381
302, 66, 482, 164, 483, 168, -1, -4, -1.8157749899217608, 4.123105625617661
302, 67, 747, 540, 750, 544, -3, -4, -2.214297435588181, 5.0
302, 68, 632, 352, 633, 349, -1, 3, 1.892546881191539, 3.1622776601683795
302, 73, 1193, 25, 1196, 27, -3, -2, -2.5535900500422257, 3.605551275463989
302, 74, 762, 601, 764, 602, -2, -1, -2.677945044588987, 2.23606797749979
302, 76, 116, 177, 118, 175, -2, 2, 2.356194490192345, 2.8284271247461903
302, 77, 20, 503, 18, 501, 2, 2, 0.7853981633974483, 2.8284271247461903
302, 78, 1247, 428, 1246, 425, 1, 3, 1.2490457723982544, 3.1622776601683795
302, 80, 508, 210, 507, 214, 1, -4, -1.3258176636680326, 4.123105625617661
302, 81, 1236, 19, 1239, 20, -3, -1, -2.819842099193151, 3.1622776601683795
302, 82, 1142, 124, 1145, 126, -3, -2, -2.5535900500422257, 3.605551275463989
302, 83, 510, 129, 510, 133, 0, -4, -1.5707963267948966, 4.0
302, 84, 628, 398, 629, 395, -1, 3, 1.892546881191539, 3.1622776601683795
302, 85, 491, 170, 492, 174, -1, -4, -1.8157749899217608, 4.123105625617661
302, 86, 632, 86, 633, 85, -1, 1, 2.356194490192345, 1.4142135623730951
302, 89, 1125, 54, 1129, 56, -4, -2, -2.677945044588987, 4.47213595499958
302, 90, 1256, 157, 1258, 159, -2, -2, -2.356194490192345, 2.8284271247461903
302, 91, 1122, 98, 1126, 99, -4, -1, -2.896613990462929, 4.123105625617661
302, 92, 121, 228, 122, 226, -1, 2, 2.0344439357957027, 2.23606797749979
302, 93, 1222, 128, 1224, 127, -2, 1, 2.677945044588987, 2.23606797749979
302, 95, 739, 557, 741, 561, -2, -4, -2.0344439357957027, 4.47213595499958
302, 101, 887, 669, 886, 668, 1, 1, 0.7853981633974483, 1.4142135623730951
302, 104, 1148, 53, 1152, 55, -4, -2, -2.677945044588987, 4.47213595499958
302, 105, 771, 493, 774, 497, -3, -4, -2.214297435588181, 5.0
302, 106, 783, 525, 787, 529, -4, -4, -2.356194490192345, 5.656854249492381
302, 107, 104, 140, 107, 138, -3, 2, 2.5535900500422257, 3.605551275463989
302, 109, 496, 191, 497, 195, -1, -4, -1.8157749899217608, 4.123105625617661
302, 113, 648, 401, 649, 398, -1, 3, 1.892546881191539, 3.1622776601683795
302, 115, 1210, 397, 1209, 394, 1, 3, 1.2490457723982544, 3.1622776601683795
302, 116, 1134, 121, 1137, 123, -3, -2, -2.5535900500422257, 3.605551275463989
302, 117, 872, 77, 872, 80, 0, -3, -1.5707963267948966, 3.0
302, 118, 979, 659, 981, 664, -2, -5, -1.9513027039072615, 5.385164807134504
302, 119, 1021, 690, 1022, 696, -1, -6, -1.7359450042095235, 6.082762530298219
302, 121, 1198, 31, 1201, 33, -3, -2, -2.5535900500422257, 3.605551275463989
302, 125, 1212, 81, 1215, 84, -3, -3, -2.356194490192345, 4.242640687119285
302, 126, 133, 194, 134, 191, -1, 3, 1.892546881191539, 3.1622776601683795
302, 127, 1158, 41, 1162, 43, -4, -2, -2.677945044588987, 4.47213595499958
302, 134, 640, 354, 641, 351, -1, 3, 1.892546881191539, 3.1622776601683795
302, 135, 513, 350, 512, 353, 1, -3, -1.2490457723982544, 3.1622776601683795
302, 136, 944, 10, 946, 11, -2, -1, -2.677945044588987, 2.23606797749979
302, 139, 117, 219, 118, 217, -1, 2, 2.0344439357957027, 2.23606797749979
302, 140, 964, 682, 965, 687, -1, -5, -1.7681918866447774, 5.0990195135927845
302, 142, 619, 114, 620, 113, -1, 1, 2.356194490192345, 1.4142135623730951
302, 144, 537, 407, 536, 408, 1, -1, -0.7853981633974483, 1.4142135623730951
302, 145, 1210, 456, 1210, 454, 0, 2, 1.5707963267948966, 2.0
302, 146, 1046, 590, 1046, 593, 0, -3, -1.5707963267948966, 3.0
302, 147, 1193, 60, 1196, 63, -3, -3, -2.356194490192345, 4.242640687119285
302, 148, 775, 589, 780, 592, -5, -3, -2.601173153319209, 5.830951894845301
302, 149, 847, 639, 847, 636, 0, 3, 1.5707963267948966, 3.0
302, 150, 12, 241, 12, 239, 0, 2, 1.5707963267948966, 2.0
302, 152, 1260, 375, 1258, 373, 2, 2, 0.7853981633974483, 2.8284271247461903
302, 154, 1205, 412, 1204, 410, 1, 2, 1.1071487177940904, 2.23606797749979
302, 156, 487, 128, 487, 132, 0, -4, -1.5707963267948966, 4.0
302, 161, 511, 340, 510, 343, 1, -3, -1.2490457723982544, 3.1622776601683795
302, 164, 1019, 568, 1018, 570, 1, -2, -1.1071487177940904, 2.23606797749979
303, 0, 539, 415, 538, 420, 1, -5, -1.373400766945016, 5.0990195135927845
303, 1, 863, 53, 863, 57, 0, -4, -1.5707963267948966, 4.0
303, 3, 1053, 509, 1055, 514, -2, -5, -1.9513027039072615, 5.385164807134504
303, 4, 565, 58, 563, 59, 2, -1, -0.4636476090008061, 2.23606797749979
303, 5, 143, 191, 147, 189, -4, 2, 2.677945044588987, 4.47213595499958
303, 6, 1032, 579, 1032, 581, 0, -2, -1.5707963267948966, 2.0
303, 7, 1038, 506, 1040, 510, -2, -4, -2.0344439357957027, 4.47213595499958
303, 10, 853, 54, 853, 57, 0, -3, -1.5707963267948966, 3.0
303, 12, 513, 161, 513, 157, 0, 4, 1.5707963267948966, 4.0
303, 13, 1063, 542, 1062, 547, 1, -5, -1.373400766945016, 5.0990195135927845
303, 15, 561, 73, 559, 73, 2, 0, 0.0, 2.0
303, 16, 20, 264, 21, 260, -1, 4, 1.8157749899217608, 4.123105625617661
303, 17, 861, 618, 859, 615, 2, 3, 0.982793723247329, 3.605551275463989
303, 18, 617, 407, 617, 404, 0, 3, 1.5707963267948966, 3.0
303, 19, 779, 542, 783, 546, -4, -4, -2.356194490192345, 5.656854249492381
303, 21, 504, 118, 504, 122, 0, -4, -1.5707963267948966, 4.0
303, 22, 500, 107, 499, 112, 1, -5, -1.373400766945016, 5.0990195135927845
303, 23, 860, 43, 860, 47, 0, -4, -1.5707963267948966, 4.0
303, 24, 682, 89, 682, 86, 0, 3, 1.5707963267948966, 3.0
303, 25, 567, 70, 565, 70, 2, 0, 0.0, 2.0
303, 26, 573, 10, 569, 11, 4, -1, -0.24497866312686414, 4.123105625617661
303, 27, 1007, 654, 1010, 659, -3, -5, -2.1112158270654806, 5.830951894845301
303, 28, 501, 376, 500, 380, 1, -4, -1.3258176636680326, 4.123105625617661
303, 29, 113, 203, 116, 200, -3, 3, 2.356194490192345, 4.242640687119285
303, 31, 16, 270, 16, 267, 0, 3, 1.5707963267948966, 3.0
303, 32, 966, 683, 968, 688, -2, -5, -1.9513027039072615, 5.385164807134504
303, 35, 494, 115, 494, 120, 0, -5, -1.5707963267948966, 5.0
303, 37, 24, 301, 24, 296, 0, 5, 1.5707963267948966, 5.0
303, 38, 1156, 58, 1161, 60, -5, -2, -2.761086276477428, 5.385164807134504
303, 39, 517, 330, 515, 335, 2, -5, -1.1902899496825317, 5.385164807134504
303, 41, 750, 536, 754, 540, -4, -4, -2.356194490192345, 5.656854249492381
303, 42, 983, 654, 986, 657, -3, -3, -2.356194490192345, 4.242640687119285
303, 43, 844, 654, 844, 650, 0, 4, 1.5707963267948966, 4.0
303, 44, 1132, 51, 1136, 53, -4, -2, -2.677945044588987, 4.47213595499958
303, 45, 1126, 44, 1131, 46, -5, -2, -2.761086276477428, 5.385164807134504
303, 47, 660, 417, 660, 415, 0, 2, 1.5707963267948966, 2.0
303, 48, 878, 621, 878, 618, 0, 3, 1.5707963267948966, 3.0
303, 49, 117, 150, 119, 148, -2, 2, 2.356194490192345, 2.8284271247461903
303, 51, 574, 19, 570, 20, 4, -1, -0.24497866312686414, 4.123105625617661
303, 53, 1257, 419, 1254, 416, 3, 3, 0.7853981633974483, 4.242640687119285
303, 54, 635, 81, 636, 80, -1, 1, 2.356194490192345, 1.4142135623730951
303, 55, 1144, 100, 1146, 102, -2, -2, -2.356194490192345, 2.8284271247461903
303, 56, 1231, 24, 1235, 27, -4, -3, -2.498091544796509, 5.0
303, 57, 857, 127, 857, 129, 0, -2, -1.5707963267948966, 2.0
303, 58, 478, 177, 480, 182, -2, -5, -1.9513027039072615, 5.385164807134504
303, 59, 848, 60, 848, 63, 0, -3, -1.5707963267948966, 3.0
303, 61, 506, 350, 504, 355, 2, -5, -1.1902899496825317, 5.385164807134504
303, 62, 771, 547, 775, 551, -4, -4, -2.356194490192345, 5.656854249492381
303, 63, 842, 661, 842, 659, 0, 2, 1.5707963267948966, 2.0
303, 64, 707, 152, 707, 156, 0, -4, -1.5707963267948966, 4.0
303, 65, 747, 478, 751, 482, -4, -4, -2.356194490192345, 5.656854249492381
303, 66, 482, 158, 482, 164, 0, -6, -1.5707963267948966, 6.0
303, 67, 744, 536, 747, 540, -3, -4, -2.214297435588181, 5.0
303, 68, 631, 356, 632, 352, -1, 4, 1.8157749899217608, 4.123105625617661
303, 70, 219, 12, 217, 12, 2, 0, 0.0, 2.0
303, 73, 1190, 22, 1193, 25, -3, -3, -2.356194490192345, 4.242640687119285
303, 74, 643, 437, 643, 432, 0, 5, 1.5707963267948966, 5.0
303, 75, 113, 180, 116, 177, -3, 3, 2.356194490192345, 4.242640687119285
303, 76, 24, 503, 20, 503, 4, 0, 0.0, 4.0
303, 77, 1249, 431, 1247, 428, 2, 3, 0.982793723247329, 3.605551275463989
303, 79, 508, 207, 508, 210, 0, -3, -1.5707963267948966, 3.0
303, 80, 1232, 16, 1236, 19, -4, -3, -2.498091544796509, 5.0
303, 81, 1140, 123, 1142, 124, -2, -1, -2.677945044588987, 2.23606797749979
303, 82, 511, 126, 510, 129, 1, -3, -1.2490457723982544, 3.1622776601683795
303, 83, 628, 401, 628, 398, 0, 3, 1.5707963267948966, 3.0
303, 84, 491, 164, 491, 170, 0, -6, -1.5707963267948966, 6.0
303, 85, 631, 87, 632, 86, -1, 1, 2.356194490192345, 1.4142135623730951
303, 88, 1120, 53, 1125, 54, -5, -1, -2.9441970937399127, 5.0990195135927845
303, 89, 1254, 153, 1256, 157, -2, -4, -2.0344439357957027, 4.47213595499958
303, 90, 1119, 99, 1122, 98, -3, 1, 2.819842099193151, 3.1622776601683795
303, 91, 119, 231, 121, 228, -2, 3, 2.158798930342464, 3.605551275463989
303, 92, 1220, 128, 1222, 128, -2, 0, 3.141592653589793, 2.0
303, 94, 735, 556, 739, 557, -4, -1, -2.896613990462929, 4.123105625617661
303, 97, 143, 210, 145, 209, -2, 1, 2.677945044588987, 2.23606797749979
303, 101, 846, 135, 846, 137, 0, -2, -1.5707963267948966, 2.0
303, 102, 1144, 51, 1148, 53, -4, -2, -2.677945044588987, 4.47213595499958
303, 103, 768, 491, 771, 493, -3, -2, -2.5535900500422257, 3.605551275463989
303, 104, 781, 525, 783, 525, -2, 0, 3.141592653589793, 2.0
303, 105, 100, 142, 104, 140, -4, 2, 2.677945044588987, 4.47213595499958
303, 107, 495, 188, 496, 191, -1, -3, -1.892546881191539, 3.1622776601683795
303, 110, 647, 405, 648, 401, -1, 4, 1.8157749899217608, 4.123105625617661
303, 112, 1213, 399, 1210, 397, 3, 2, 0.5880026035475675, 3.605551275463989
303, 113, 1131, 121, 1134, 121, -3, 0, 3.141592653589793, 3.0
303, 114, 873, 73, 872, 77, 1, -4, -1.3258176636680326, 4.123105625617661
303, 115, 977, 655, 979, 659, -2, -4, -2.0344439357957027, 4.47213595499958
303, 116, 1019, 684, 1021, 690, -2, -6, -1.892546881191539, 6.324555320336759
303, 117, 1194, 28, 1198, 31, -4, -3, -2.498091544796509, 5.0
303, 121, 1208, 80, 1212, 81, -4, -1, -2.896613990462929, 4.123105625617661
303, 122, 130, 195, 133, 194, -3, 1, 2.819842099193151, 3.1622776601683795
303, 123, 1153, 39, 1158, 41, -5, -2, -2.761086276477428, 5.385164807134504
303, 129, 639, 359, 640, 354, -1, 5, 1.7681918866447774, 5.0990195135927845
303, 130, 515, 345, 513, 350, 2, -5, -1.1902899496825317, 5.385164807134504
303, 131, 941, 10, 944, 10, -3, 0, 3.141592653589793, 3.0
303, 133, 647, 89, 648, 88, -1, 1, 2.356194490192345, 1.4142135623730951
303, 134, 115, 223, 117, 219, -2, 4, 2.0344439357957027, 4.47213595499958
303, 135, 963, 677, 964, 682, -1, -5, -1.7681918866447774, 5.0990195135927845
303, 137, 619, 116, 619, 114, 0, 2, 1.5707963267948966, 2.0
303, 138, 538, 402, 537, 407, 1, -5, -1.373400766945016, 5.0990195135927845
303, 139, 1211, 462, 1210, 456, 1, 6, 1.4056476493802699, 6.082762530298219
303, 140, 1046, 584, 1046, 590, 0, -6, -1.5707963267948966, 6.0
303, 141, 1190, 56, 1193, 60, -3, -4, -2.214297435588181, 5.0
303, 142, 773, 584, 775, 589, -2, -5, -1.9513027039072615, 5.385164807134504
303, 143, 848, 644, 847, 639, 1, 5, 1.373400766945016, 5.0990195135927845
303, 144, 12, 245, 12, 241, 0, 4, 1.5707963267948966, 4.0
303, 146, 1261, 378, 1260, 375, 1, 3, 1.2490457723982544, 3.1622776601683795
303, 148, 1208, 416, 1205, 412, 3, 4, 0.9272952180016122, 5.0
303, 150, 487, 123, 487, 128, 0, -5, -1.5707963267948966, 5.0
303, 153, 1243, 173, 1246, 174, -3, -1, -2.819842099193151, 3.1622776601683795
303, 155, 513, 335, 511, 340, 2, -5, -1.1902899496825317, 5.385164807134504
303, 158, 1020, 567, 1019, 568, 1, -1, -0.7853981633974483, 1.4142135623730951
303, 160, 1209, 452, 1209, 448, 0, 4, 1.5707963267948966, 4.0
304, 0, 540, 412, 539, 415, 1, -3, -1.2490457723982544, 3.1622776601683795
304, 3, 1052, 504, 1053, 509, -1, -5, -1.7681918866447774, 5.0990195135927845
304, 4, 566, 57, 565, 58, 1, -1, -0.7853981633974483, 1.4142135623730951
304, 5, 140, 193, 143, 191, -3, 2, 2.5535900500422257, 3.605551275463989
304, 6, 1032, 576, 1032, 579, 0, -3, -1.5707963267948966, 3.0
304, 7, 1037, 501, 1038, 506, -1, -5, -1.7681918866447774, 5.0990195135927845
304, 12, 1063, 537, 1063, 542, 0, -5, -1.5707963267948966, 5.0
304, 15, 20, 267, 20, 264, 0, 3, 1.5707963267948966, 3.0
304, 16, 862, 622, 861, 618, 1, 4, 1.3258176636680326, 4.123105625617661
304, 17, 617, 410, 617, 407, 0, 3, 1.5707963267948966, 3.0
304, 18, 775, 538, 779, 542, -4, -4, -2.356194490192345, 5.656854249492381
304, 20, 504, 114, 504, 118, 0, -4, -1.5707963267948966, 4.0
304, 21, 500, 103, 500, 107, 0, -4, -1.5707963267948966, 4.0
304, 24, 575, 9, 573, 10, 2, -1, -0.4636476090008061, 2.23606797749979
304, 25, 1005, 649, 1007, 654, -2, -5, -1.9513027039072615, 5.385164807134504
304, 26, 502, 373, 501, 376, 1, -3, -1.2490457723982544, 3.1622776601683795
304, 27, 111, 205, 113, 203, -2, 2, 2.356194490192345, 2.8284271247461903
304, 29, 16, 272, 16, 270, 0, 2, 1.5707963267948966, 2.0
304, 30, 965, 679, 966, 683, -1, -4, -1.8157749899217608, 4.123105625617661
304, 33, 494, 111, 494, 115, 0, -4, -1.5707963267948966, 4.0
304, 35, 24, 303, 24, 301, 0, 2, 1.5707963267948966, 2.0
304, 36, 1152, 56, 1156, 58, -4, -2, -2.677945044588987, 4.47213595499958
304, 37, 518, 326, 517, 330, 1, -4, -1.3258176636680326, 4.123105625617661
304, 39, 746, 532, 750, 536, -4, -4, -2.356194490192345, 5.656854249492381
304, 40, 981, 650, 983, 654, -2, -4, -2.0344439357957027, 4.47213595499958
304, 41, 844, 659, 844, 654, 0, 5, 1.5707963267948966, 5.0
304, 42, 1128, 48, 1132, 51, -4, -3, -2.498091544796509, 5.0
304, 43, 1122, 41, 1126, 44, -4, -3, -2.498091544796509, 5.0
304, 45, 659, 418, 660, 417, -1, 1, 2.356194490192345, 1.4142135623730951
304, 46, 878, 624, 878, 621, 0, 3, 1.5707963267948966, 3.0
304, 47, 114, 151, 117, 150, -3, 1, 2.819842099193151, 3.1622776601683795
304, 49, 576, 18, 574, 19, 2, -1, -0.4636476090008061, 2.23606797749979
304, 51, 1259, 421, 1257, 419, 2, 2, 0.7853981633974483, 2.8284271247461903
304, 53, 1140, 98, 1144, 100, -4, -2, -2.677945044588987, 4.47213595499958
304, 54, 1229, 22, 1231, 24, -2, -2, -2.356194490192345, 2.8284271247461903
304, 56, 476, 173, 478, 177, -2, -4, -2.0344439357957027, 4.47213595499958
304, 59, 507, 346, 506, 350, 1, -4, -1.3258176636680326, 4.123105625617661
304, 60, 767, 543, 771, 547, -4, -4, -2.356194490192345, 5.656854249492381
304, 61, 842, 665, 842, 661, 0, 4, 1.5707963267948966, 4.0
304, 62, 707, 149, 707, 152, 0, -3, -1.5707963267948966, 3.0
304, 63, 742, 474, 747, 478, -5, -4, -2.4668517113662407, 6.4031242374328485
304, 64, 482, 153, 482, 158, 0, -5, -1.5707963267948966, 5.0
304, 65, 740, 532, 744, 536, -4, -4, -2.356194490192345, 5.656854249492381
304, 66, 631, 359, 631, 356, 0, 3, 1.5707963267948966, 3.0
304, 68, 221, 12, 219, 12, 2, 0, 0.0, 2.0
304, 71, 1187, 20, 1190, 22, -3, -2, -2.5535900500422257, 3.605551275463989
304, 72, 643, 441, 643, 437, 0, 4, 1.5707963267948966, 4.0
304, 73, 111, 181, 113, 180, -2, 1, 2.677945044588987, 2.23606797749979
304, 74, 26, 504, 24, 503, 2, 1, 0.4636476090008061, 2.23606797749979
304, 75, 1251, 433, 1249, 431, 2, 2, 0.7853981633974483, 2.8284271247461903
304, 77, 508, 205, 508, 207, 0, -2, -1.5707963267948966, 2.0
304, 78, 1230, 14, 1232, 16, -2, -2, -2.356194490192345, 2.8284271247461903
304, 79, 1137, 122, 1140, 123, -3, -1, -2.819842099193151, 3.1622776601683795
304, 80, 511, 122, 511, 126, 0, -4, -1.5707963267948966, 4.0
304, 81, 628, 404, 628, 401, 0, 3, 1.5707963267948966, 3.0
304, 82, 491, 159, 491, 164, 0, -5, -1.5707963267948966, 5.0
304, 86, 1116, 51, 1120, 53, -4, -2, -2.677945044588987, 4.47213595499958
304, 87, 1252, 150, 1254, 153, -2, -3, -2.158798930342464, 3.605551275463989
304, 88, 1117, 100, 1119, 99, -2, 1, 2.677945044588987, 2.23606797749979
304, 91, 730, 554, 735, 556, -5, -2, -2.761086276477428, 5.385164807134504
304, 94, 141, 210, 143, 210, -2, 0, 3.141592653589793, 2.0
304, 96, 887, 673, 887, 670, 0, 3, 1.5707963267948966, 3.0
304, 98, 846, 133, 846, 135, 0, -2, -1.5707963267948966, 2.0
304, 99, 1140, 49, 1144, 51, -4, -2, -2.677945044588987, 4.47213595499958
304, 100, 764, 488, 768, 491, -4, -3, -2.498091544796509, 5.0
304, 101, 777, 522, 781, 525, -4, -3, -2.498091544796509, 5.0
304, 102, 97, 143, 100, 142, -3, 1, 2.819842099193151, 3.1622776601683795
304, 104, 494, 186, 495, 188, -1, -2, -2.0344439357957027, 2.23606797749979
304, 107, 647, 407, 647, 405, 0, 2, 1.5707963267948966, 2.0
304, 109, 1214, 402, 1213, 399, 1, 3, 1.2490457723982544, 3.1622776601683795
304, 110, 1128, 121, 1131, 121, -3, 0, 3.141592653589793, 3.0
304, 112, 975, 651, 977, 655, -2, -4, -2.0344439357957027, 4.47213595499958
304, 113, 1017, 678, 1019, 684, -2, -6, -1.892546881191539, 6.324555320336759
304, 114, 1192, 26, 1194, 28, -2, -2, -2.356194490192345, 2.8284271247461903
304, 118, 1206, 81, 1208, 80, -2, 1, 2.677945044588987, 2.23606797749979
304, 119, 128, 197, 130, 195, -2, 2, 2.356194490192345, 2.8284271247461903
304, 120, 1149, 37, 1153, 39, -4, -2, -2.677945044588987, 4.47213595499958
304, 121, 33, 451, 32, 450, 1, 1, 0.7853981633974483, 1.4142135623730951
304, 126, 639, 362, 639, 359, 0, 3, 1.5707963267948966, 3.0
304, 127, 516, 341, 515, 345, 1, -4, -1.3258176636680326, 4.123105625617661
304, 128, 939, 9, 941, 10, -2, -1, -2.677945044588987, 2.23606797749979
304, 131, 113, 224, 115, 223, -2, 1, 2.677945044588987, 2.23606797749979
304, 132, 961, 672, 963, 677, -2, -5, -1.9513027039072615, 5.385164807134504
304, 135, 538, 398, 538, 402, 0, -4, -1.5707963267948966, 4.0
304, 137, 1046, 581, 1046, 584, 0, -3, -1.5707963267948966, 3.0
304, 138, 1188, 53, 1190, 56, -2, -3, -2.158798930342464, 3.605551275463989
304, 139, 772, 582, 773, 584, -1, -2, -2.0344439357957027, 2.23606797749979
304, 140, 848, 648, 848, 644, 0, 4, 1.5707963267948966, 4.0
304, 141, 12, 247, 12, 245, 0, 2, 1.5707963267948966, 2.0
304, 143, 1261, 381, 1261, 378, 0, 3, 1.5707963267948966, 3.0
304, 145, 1209, 419, 1208, 416, 1, 3, 1.2490457723982544, 3.1622776601683795
304, 147, 487, 119, 487, 123, 0, -4, -1.5707963267948966, 4.0
304, 150, 1241, 172, 1243, 173, -2, -1, -2.677945044588987, 2.23606797749979
304, 152, 514, 331, 513, 335, 1, -4, -1.3258176636680326, 4.123105625617661
304, 155, 1021, 563, 1020, 567, 1, -4, -1.3258176636680326, 4.123105625617661
305, 0, 1041, 505, 1042, 510, -1, -5, -1.7681918866447774, 5.0990195135927845
305, 2, 19, 270, 18, 268, 1, 2, 1.1071487177940904, 2.23606797749979
305, 3, 1066, 538, 1066, 543, 0, -5, -1.5707963267948966, 5.0
305, 4, 980, 701, 982, 711, -2, -10, -1.7681918866447774, 10.198039027185569
305, 5, 1023, 552, 1022, 555, 1, -3, -1.2490457723982544, 3.1622776601683795
305, 6, 864, 59, 864, 61, 0, -2, -1.5707963267948966, 2.0
305, 7, 1058, 507, 1059, 512, -1, -5, -1.7681918866447774, 5.0990195135927845
305, 8, 581, 41, 579, 43, 2, -2, -0.7853981633974483, 2.8284271247461903
305, 9, 143, 193, 146, 192, -3, 1, 2.819842099193151, 3.1622776601683795
305, 10, 707, 90, 707, 94, 0, -4, -1.5707963267948966, 4.0
305, 12, 23, 265, 23, 262, 0, 3, 1.5707963267948966, 3.0
305, 13, 777, 542, 781, 546, -4, -4, -2.356194490192345, 5.656854249492381
305, 15, 1162, 74, 1164, 76, -2, -2, -2.356194490192345, 2.8284271247461903
305, 16, 494, 119, 494, 123, 0, -4, -1.5707963267948966, 4.0
305, 18, 968, 684, 969, 688, -1, -4, -1.8157749899217608, 4.123105625617661
305, 19, 566, 57, 565, 58, 1, -1, -0.7853981633974483, 1.4142135623730951
305, 20, 506, 121, 506, 124, 0, -3, -1.5707963267948966, 3.0
305, 21, 1257, 419, 1256, 416, 1, 3, 1.2490457723982544, 3.1622776601683795
305, 22, 541, 418, 540, 421, 1, -3, -1.2490457723982544, 3.1622776601683795
305, 23, 1132, 51, 1136, 54, -4, -3, -2.498091544796509, 5.0
305, 24, 622, 414, 622, 411, 0, 3, 1.5707963267948966, 3.0
305, 26, 940, 11, 942, 12, -2, -1, -2.677945044588987, 2.23606797749979
305, 27, 573, 13, 571, 14, 2, -1, -0.4636476090008061, 2.23606797749979
305, 28, 981, 652, 983, 656, -2, -4, -2.0344439357957027, 4.47213595499958
305, 29, 501, 111, 501, 115, 0, -4, -1.5707963267948966, 4.0
305, 30, 886, 652, 886, 647, 0, 5, 1.5707963267948966, 5.0
305, 31, 987, 647, 989, 651, -2, -4, -2.0344439357957027, 4.47213595499958
305, 33, 762, 547, 766, 551, -4, -4, -2.356194490192345, 5.656854249492381
305, 34, 1235, 25, 1237, 28, -2, -3, -2.158798930342464, 3.605551275463989
305, 36, 1008, 654, 1010, 659, -2, -5, -1.9513027039072615, 5.385164807134504
305, 38, 1011, 683, 1013, 688, -2, -5, -1.9513027039072615, 5.385164807134504
305, 39, 749, 537, 753, 541, -4, -4, -2.356194490192345, 5.656854249492381
305, 41, 581, 69, 579, 70, 2, -1, -0.4636476090008061, 2.23606797749979
305, 42, 722, 519, 724, 523, -2, -4, -2.0344439357957027, 4.47213595499958
305, 43, 890, 670, 889, 668, 1, 2, 1.1071487177940904, 2.23606797749979
305, 45, 637, 82, 638, 81, -1, 1, 2.356194490192345, 1.4142135623730951
305, 46, 519, 331, 518, 335, 1, -4, -1.3258176636680326, 4.123105625617661
305, 47, 961, 697, 961, 701, 0, -4, -1.5707963267948966, 4.0
305, 48, 47, 455, 45, 453, 2, 2, 0.7853981633974483, 2.8284271247461903
305, 49, 117, 148, 120, 147, -3, 1, 2.819842099193151, 3.1622776601683795
305, 51, 1146, 51, 1150, 53, -4, -2, -2.677945044588987, 4.47213595499958
305, 53, 864, 680, 864, 675, 0, 5, 1.5707963267948966, 5.0
305, 54, 747, 478, 751, 482, -4, -4, -2.356194490192345, 5.656854249492381
305, 58, 1130, 43, 1134, 46, -4, -3, -2.498091544796509, 5.0
305, 59, 1132, 90, 1136, 92, -4, -2, -2.677945044588987, 4.47213595499958
305, 60, 225, 10, 223, 11, 2, -1, -0.4636476090008061, 2.23606797749979
305, 61, 482, 160, 483, 165, -1, -5, -1.7681918866447774, 5.0990195135927845
305, 63, 477, 176, 479, 180, -2, -4, -2.0344439357957027, 4.47213595499958
305, 65, 1194, 25, 1196, 27, -2, -2, -2.356194490192345, 2.8284271247461903
305, 66, 1261, 243, 1277, 242, -16, 1, 3.079173843593836, 16.0312195418814
305, 68, 636, 356, 636, 353, 0, 3, 1.5707963267948966, 3.0
305, 69, 881, 628, 882, 624, -1, 4, 1.8157749899217608, 4.123105625617661
305, 70, 741, 547, 746, 552, -5, -5, -2.356194490192345, 7.0710678118654755
305, 71, 115, 203, 117, 202, -2, 1, 2.677945044588987, 2.23606797749979
305, 74, 1020, 682, 1022, 687, -2, -5, -1.9513027039072615, 5.385164807134504
305, 75, 502, 203, 502, 205, 0, -2, -1.5707963267948966, 2.0
305, 76, 862, 623, 860, 620, 2, 3, 0.982793723247329, 3.605551275463989
305, 78, 507, 353, 506, 358, 1, -5, -1.373400766945016, 5.0990195135927845
305, 79, 974, 653, 976, 657, -2, -4, -2.0344439357957027, 4.47213595499958
305, 80, 574, 21, 572, 22, 2, -1, -0.4636476090008061, 2.23606797749979
305, 81, 657, 418, 658, 416, -1, 2, 2.0344439357957027, 2.23606797749979
305, 82, 517, 441, 518, 445, -1, -4, -1.8157749899217608, 4.123105625617661
305, 83, 13, 247, 13, 244, 0, 3, 1.5707963267948966, 3.0
305, 84, 115, 177, 117, 176, -2, 1, 2.677945044588987, 2.23606797749979
305, 85, 954, 48, 956, 51, -2, -3, -2.158798930342464, 3.605551275463989
305, 86, 627, 401, 628, 398, -1, 3, 1.892546881191539, 3.1622776601683795
305, 88, 842, 679, 842, 675, 0, 4, 1.5707963267948966, 4.0
305, 89, 507, 378, 506, 381, 1, -3, -1.2490457723982544, 3.1622776601683795
305, 90, 1155, 40, 1159, 42, -4, -2, -2.677945044588987, 4.47213595499958
305, 91, 718, 26, 720, 29, -2, -3, -2.158798930342464, 3.605551275463989
305, 92, 539, 396, 539, 400, 0, -4, -1.5707963267948966, 4.0
305, 93, 1034, 579, 1033, 582, 1, -3, -1.2490457723982544, 3.1622776601683795
305, 94, 1123, 51, 1127, 54, -4, -3, -2.498091544796509, 5.0
305, 95, 146, 212, 148, 211, -2, 1, 2.677945044588987, 2.23606797749979
305, 98, 1248, 432, 1246, 429, 2, 3, 0.982793723247329, 3.605551275463989
305, 102, 847, 651, 847, 647, 0, 4, 1.5707963267948966, 4.0
305, 103, 1232, 17, 1234, 19, -2, -2, -2.356194490192345, 2.8284271247461903
305, 104, 1155, 82, 1157, 84, -2, -2, -2.356194490192345, 2.8284271247461903
305, 106, 764, 488, 768, 491, -4, -3, -2.498091544796509, 5.0
305, 107, 1230, 61, 1233, 63, -3, -2, -2.5535900500422257, 3.605551275463989
305, 110, 1031, 617, 1031, 619, 0, -2, -1.5707963267948966, 2.0
305, 113, 523, 405, 523, 407, 0, -2, -1.5707963267948966, 2.0
305, 115, 698, 57, 700, 60, -2, -3, -2.158798930342464, 3.605551275463989
305, 117, 1167, 59, 1170, 61, -3, -2, -2.5535900500422257, 3.605551275463989
305, 119, 777, 522, 781, 525, -4, -3, -2.498091544796509, 5.0
305, 122, 1199, 31, 1201, 33, -2, -2, -2.356194490192345, 2.8284271247461903
305, 123, 1208, 86, 1210, 86, -2, 0, 3.141592653589793, 2.0
305, 124, 1135, 79, 1139, 82, -4, -3, -2.498091544796509, 5.0
305, 125, 643, 358, 643, 355, 0, 3, 1.5707963267948966, 3.0
305, 126, 38, 507, 37, 508, 1, -1, -0.7853981633974483, 1.4142135623730951
305, 127, 624, 126, 623, 124, 1, 2, 1.1071487177940904, 2.23606797749979
305, 128, 1207, 416, 1206, 413, 1, 3, 1.2490457723982544, 3.1622776601683795
305, 131, 567, 45, 565, 46, 2, -1, -0.4636476090008061, 2.23606797749979
305, 133, 1260, 68, 1262, 71, -2, -3, -2.158798930342464, 3.605551275463989
305, 134, 488, 126, 488, 130, 0, -4, -1.5707963267948966, 4.0
305, 136, 1261, 379, 1261, 376, 0, 3, 1.5707963267948966, 3.0
305, 138, 869, 65, 869, 67, 0, -2, -1.5707963267948966, 2.0
305, 139, 1257, 57, 1259, 61, -2, -4, -2.0344439357957027, 4.47213595499958
305, 142, 1212, 401, 1211, 398, 1, 3, 1.2490457723982544, 3.1622776601683795
305, 145, 708, 151, 708, 154, 0, -3, -1.5707963267948966, 3.0
305, 146, 1261, 88, 1263, 92, -2, -4, -2.0344439357957027, 4.47213595499958
305, 148, 1003, 693, 1005, 698, -2, -5, -1.9513027039072615, 5.385164807134504
305, 149, 1255, 163, 1257, 163, -2, 0, 3.141592653589793, 2.0
305, 150, 509, 203, 509, 205, 0, -2, -1.5707963267948966, 2.0
305, 151, 966, 9, 968, 11, -2, -2, -2.356194490192345, 2.8284271247461903
305, 152, 647, 447, 648, 443, -1, 4, 1.8157749899217608, 4.123105625617661
305, 154, 522, 346, 521, 351, 1, -5, -1.373400766945016, 5.0990195135927845
305, 155, 102, 142, 105, 141, -3, 1, 2.819842099193151, 3.1622776601683795
305, 156, 512, 127, 512, 130, 0, -3, -1.5707963267948966, 3.0
305, 157, 1261, 101, 1269, 105, -8, -4, -2.677945044588987, 8.94427190999916
305, 159, 1247, 142, 1250, 146, -3, -4, -2.214297435588181, 5.0
305, 160, 709, 81, 709, 85, 0, -4, -1.5707963267948966, 4.0
305, 161, 1261, 113, 1267, 117, -6, -4, -2.5535900500422257, 7.211102550927978
305, 162, 969, 18, 971, 20, -2, -2, -2.356194490192345, 2.8284271247461903
305, 163, 1029, 529, 1029, 534, 0, -5, -1.5707963267948966, 5.0
305, 165, 133, 201, 135, 199, -2, 2, 2.356194490192345, 2.8284271247461903
305, 166, 852, 123, 852, 125, 0, -2, -1.5707963267948966, 2.0
305, 169, 1118, 107, 1120, 104, -2, 3, 2.158798930342464, 3.605551275463989
305, 172, 1026, 537, 1026, 542, 0, -5, -1.5707963267948966, 5.0
305, 173, 648, 401, 649, 399, -1, 2, 2.0344439357957027, 2.23606797749979
305, 174, 114, 222, 116, 221, -2, 1, 2.677945044588987, 2.23606797749979
305, 177, 1249, 383, 1247, 380, 2, 3, 0.982793723247329, 3.605551275463989
306, 0, 1040, 500, 1041, 505, -1, -5, -1.7681918866447774, 5.0990195135927845
306, 2, 19, 272, 19, 270, 0, 2, 1.5707963267948966, 2.0
306, 3, 1065, 533, 1066, 538, -1, -5, -1.7681918866447774, 5.0990195135927845
306, 4, 979, 699, 980, 701, -1, -2, -2.0344439357957027, 2.23606797749979
306, 5, 1025, 549, 1023, 552, 2, -3, -0.982793723247329, 3.605551275463989
306, 6, 1057, 502, 1058, 507, -1, -5, -1.7681918866447774, 5.0990195135927845
306, 7, 583, 40, 581, 41, 2, -1, -0.4636476090008061, 2.23606797749979
306, 8, 140, 195, 143, 193, -3, 2, 2.5535900500422257, 3.605551275463989
306, 9, 707, 86, 707, 90, 0, -4, -1.5707963267948966, 4.0
306, 11, 23, 268, 23, 265, 0, 3, 1.5707963267948966, 3.0
306, 12, 773, 538, 777, 542, -4, -4, -2.356194490192345, 5.656854249492381
306, 14, 1161, 72, 1162, 74, -1, -2, -2.0344439357957027, 2.23606797749979
306, 15, 494, 116, 494, 119, 0, -3, -1.5707963267948966, 3.0
306, 17, 966, 679, 968, 684, -2, -5, -1.9513027039072615, 5.385164807134504
306, 18, 567, 56, 566, 57, 1, -1, -0.7853981633974483, 1.4142135623730951
306, 19, 506, 118, 506, 121, 0, -3, -1.5707963267948966, 3.0
306, 20, 1258, 422, 1257, 419, 1, 3, 1.2490457723982544, 3.1622776601683795
306, 21, 542, 414, 541, 418, 1, -4, -1.3258176636680326, 4.123105625617661
306, 22, 1128, 49, 1132, 51, -4, -2, -2.677945044588987, 4.47213595499958
306, 23, 622, 418, 622, 414, 0, 4, 1.5707963267948966, 4.0
306, 24, 576, 12, 573, 13, 3, -1, -0.3217505543966422, 3.1622776601683795
306, 25, 979, 648, 981, 652, -2, -4, -2.0344439357957027, 4.47213595499958
306, 26, 501, 108, 501, 111, 0, -3, -1.5707963267948966, 3.0
306, 27, 886, 657, 886, 652, 0, 5, 1.5707963267948966, 5.0
306, 28, 984, 642, 987, 647, -3, -5, -2.1112158270654806, 5.830951894845301
306, 30, 758, 543, 762, 547, -4, -4, -2.356194490192345, 5.656854249492381
306, 31, 1233, 22, 1235, 25, -2, -3, -2.158798930342464, 3.605551275463989
306, 33, 1006, 648, 1008, 654, -2, -6, -1.892546881191539, 6.324555320336759
306, 35, 1009, 678, 1011, 683, -2, -5, -1.9513027039072615, 5.385164807134504
306, 36, 744, 533, 749, 537, -5, -4, -2.4668517113662407, 6.4031242374328485
306, 38, 583, 67, 581, 69, 2, -2, -0.7853981633974483, 2.8284271247461903
306, 39, 720, 515, 722, 519, -2, -4, -2.0344439357957027, 4.47213595499958
306, 40, 891, 673, 890, 670, 1, 3, 1.2490457723982544, 3.1622776601683795
306, 43, 520, 326, 519, 331, 1, -5, -1.373400766945016, 5.0990195135927845
306, 44, 961, 699, 961, 697, 0, 2, 1.5707963267948966, 2.0
306, 45, 49, 458, 47, 455, 2, 3, 0.982793723247329, 3.605551275463989
306, 46, 115, 149, 117, 148, -2, 1, 2.677945044588987, 2.23606797749979
306, 47, 1142, 50, 1146, 51, -4, -1, -2.896613990462929, 4.123105625617661
306, 49, 862, 684, 864, 680, -2, 4, 2.0344439357957027, 4.47213595499958
306, 50, 743, 474, 747, 478, -4, -4, -2.356194490192345, 5.656854249492381
306, 54, 1126, 41, 1130, 43, -4, -2, -2.677945044588987, 4.47213595499958
306, 55, 1128, 88, 1132, 90, -4, -2, -2.677945044588987, 4.47213595499958
306, 56, 228, 9, 225, 10, 3, -1, -0.3217505543966422, 3.1622776601683795
306, 57, 482, 156, 482, 160, 0, -4, -1.5707963267948966, 4.0
306, 59, 475, 173, 477, 176, -2, -3, -2.158798930342464, 3.605551275463989
306, 61, 1191, 23, 1194, 25, -3, -2, -2.5535900500422257, 3.605551275463989
306, 64, 636, 360, 636, 356, 0, 4, 1.5707963267948966, 4.0
306, 65, 881, 632, 881, 628, 0, 4, 1.5707963267948966, 4.0
306, 66, 737, 544, 741, 547, -4, -3, -2.498091544796509, 5.0
306, 67, 114, 204, 115, 203, -1, 1, 2.356194490192345, 1.4142135623730951
306, 70, 1018, 677, 1020, 682, -2, -5, -1.9513027039072615, 5.385164807134504
306, 71, 502, 201, 502, 203, 0, -2, -1.5707963267948966, 2.0
306, 72, 863, 627, 862, 623, 1, 4, 1.3258176636680326, 4.123105625617661
306, 74, 508, 348, 507, 353, 1, -5, -1.373400766945016, 5.0990195135927845
306, 75, 972, 649, 974, 653, -2, -4, -2.0344439357957027, 4.47213595499958
306, 76, 576, 21, 574, 21, 2, 0, 0.0, 2.0
306, 77, 656, 419, 657, 418, -1, 1, 2.356194490192345, 1.4142135623730951
306, 78, 517, 436, 517, 441, 0, -5, -1.5707963267948966, 5.0
306, 79, 13, 250, 13, 247, 0, 3, 1.5707963267948966, 3.0
306, 80, 113, 178, 115, 177, -2, 1, 2.677945044588987, 2.23606797749979
306, 81, 627, 404, 627, 401, 0, 3, 1.5707963267948966, 3.0
306, 83, 842, 683, 842, 679, 0, 4, 1.5707963267948966, 4.0
306, 84, 508, 376, 507, 378, 1, -2, -1.1071487177940904, 2.23606797749979
306, 85, 1150, 39, 1155, 40, -5, -1, -2.9441970937399127, 5.0990195135927845
306, 86, 716, 23, 718, 26, -2, -3, -2.158798930342464, 3.605551275463989
306, 87, 539, 392, 539, 396, 0, -4, -1.5707963267948966, 4.0
306, 88, 1036, 576, 1034, 579, 2, -3, -0.982793723247329, 3.605551275463989
306, 89, 1119, 49, 1123, 51, -4, -2, -2.677945044588987, 4.47213595499958
306, 90, 144, 214, 146, 212, -2, 2, 2.356194490192345, 2.8284271247461903
306, 93, 1249, 436, 1248, 432, 1, 4, 1.3258176636680326, 4.123105625617661
306, 97, 848, 656, 847, 651, 1, 5, 1.373400766945016, 5.0990195135927845
306, 98, 1230, 14, 1232, 17, -2, -3, -2.158798930342464, 3.605551275463989
306, 99, 1154, 80, 1155, 82, -1, -2, -2.0344439357957027, 2.23606797749979
306, 101, 760, 485, 764, 488, -4, -3, -2.498091544796509, 5.0
306, 102, 1228, 58, 1230, 61, -2, -3, -2.158798930342464, 3.605551275463989
306, 105, 1031, 615, 1031, 617, 0, -2, -1.5707963267948966, 2.0
306, 108, 523, 403, 523, 405, 0, -2, -1.5707963267948966, 2.0
306, 109, 530, 415, 529, 416, 1, -1, -0.7853981633974483, 1.4142135623730951
306, 110, 696, 54, 698, 57, -2, -3, -2.158798930342464, 3.605551275463989
306, 112, 1164, 58, 1167, 59, -3, -1, -2.819842099193151, 3.1622776601683795
306, 114, 772, 518, 777, 522, -5, -4, -2.4668517113662407, 6.4031242374328485
306, 117, 1196, 29, 1199, 31, -3, -2, -2.5535900500422257, 3.605551275463989
306, 119, 1131, 77, 1135, 79, -4, -2, -2.677945044588987, 4.47213595499958
306, 120, 643, 362, 643, 358, 0, 4, 1.5707963267948966, 4.0
306, 121, 39, 506, 38, 507, 1, -1, -0.7853981633974483, 1.4142135623730951
306, 122, 625, 127, 624, 126, 1, 1, 0.7853981633974483, 1.4142135623730951
306, 123, 1208, 419, 1207, 416, 1, 3, 1.2490457723982544, 3.1622776601683795
306, 126, 569, 45, 567, 45, 2, 0, 0.0, 2.0
306, 128, 1258, 65, 1260, 68, -2, -3, -2.158798930342464, 3.605551275463989
306, 129, 488, 123, 488, 126, 0, -3, -1.5707963267948966, 3.0
306, 131, 1261, 382, 1261, 379, 0, 3, 1.5707963267948966, 3.0
306, 134, 1255, 54, 1257, 57, -2, -3, -2.158798930342464, 3.605551275463989
306, 137, 1213, 404, 1212, 401, 1, 3, 1.2490457723982544, 3.1622776601683795
306, 139, 708, 149, 708, 151, 0, -2, -1.5707963267948966, 2.0
306, 140, 1259, 85, 1261, 88, -2, -3, -2.158798930342464, 3.605551275463989
306, 142, 1001, 688, 1003, 693, -2, -5, -1.9513027039072615, 5.385164807134504
306, 143, 1253, 165, 1255, 163, -2, 2, 2.356194490192345, 2.8284271247461903
306, 144, 509, 201, 509, 203, 0, -2, -1.5707963267948966, 2.0
306, 145, 646, 449, 647, 447, -1, 2, 2.0344439357957027, 2.23606797749979
306, 147, 523, 341, 522, 346, 1, -5, -1.373400766945016, 5.0990195135927845
306, 148, 100, 143, 102, 142, -2, 1, 2.677945044588987, 2.23606797749979
306, 149, 512, 124, 512, 127, 0, -3, -1.5707963267948966, 3.0
306, 150, 1258, 97, 1261, 101, -3, -4, -2.214297435588181, 5.0
306, 152, 1244, 139, 1247, 142, -3, -3, -2.356194490192345, 4.242640687119285
306, 153, 709, 78, 709, 81, 0, -3, -1.5707963267948966, 3.0
306, 154, 1258, 110, 1261, 113, -3, -3, -2.356194490192345, 4.242640687119285
306, 155, 967, 17, 969, 18, -2, -1, -2.677945044588987, 2.23606797749979
306, 156, 1029, 524, 1029, 529, 0, -5, -1.5707963267948966, 5.0
306, 158, 131, 203, 133, 201, -2, 2, 2.356194490192345, 2.8284271247461903
306, 159, 852, 120, 852, 123, 0, -3, -1.5707963267948966, 3.0
306, 162, 1116, 109, 1118, 107, -2, 2, 2.356194490192345, 2.8284271247461903
306, 165, 1026, 532, 1026, 537, 0, -5, -1.5707963267948966, 5.0
306, 166, 647, 404, 648, 401, -1, 3, 1.892546881191539, 3.1622776601683795
306, 167, 113, 223, 114, 222, -1, 1, 2.356194490192345, 1.4142135623730951
306, 169, 1251, 386, 1249, 383, 2, 3, 0.982793723247329, 3.605551275463989
307, 0, 1039, 495, 1040, 500, -1, -5, -1.7681918866447774, 5.0990195135927845
307, 2, 19, 274, 19, 272, 0, 2, 1.5707963267948966, 2.0
307, 3, 1065, 528, 1065, 533, 0, -5, -1.5707963267948966, 5.0
307, 4, 978, 697, 979, 699, -1, -2, -2.0344439357957027, 2.23606797749979
307, 5, 1026, 547, 1025, 549, 1, -2, -1.1071487177940904, 2.23606797749979
307, 6, 1056, 497, 1057, 502, -1, -5, -1.7681918866447774, 5.0990195135927845
307, 7, 585, 39, 583, 40, 2, -1, -0.4636476090008061, 2.23606797749979
307, 8, 137, 197, 140, 195, -3, 2, 2.5535900500422257, 3.605551275463989
307, 9, 707, 83, 707, 86, 0, -3, -1.5707963267948966, 3.0
307, 11, 23, 271, 23, 268, 0, 3, 1.5707963267948966, 3.0
307, 12, 769, 534, 773, 538, -4, -4, -2.356194490192345, 5.656854249492381
307, 14, 1159, 71, 1161, 72, -2, -1, -2.677945044588987, 2.23606797749979
307, 15, 494, 113, 494, 116, 0, -3, -1.5707963267948966, 3.0
307, 17, 964, 673, 966, 679, -2, -6, -1.892546881191539, 6.324555320336759
307, 18, 568, 55, 567, 56, 1, -1, -0.7853981633974483, 1.4142135623730951
307, 19, 506, 116, 506, 118, 0, -2, -1.5707963267948966, 2.0
307, 20, 1259, 426, 1258, 422, 1, 4, 1.3258176636680326, 4.123105625617661
307, 21, 542, 411, 542, 414, 0, -3, -1.5707963267948966, 3.0
307, 22, 1124, 47, 1128, 49, -4, -2, -2.677945044588987, 4.47213595499958
307, 23, 622, 421, 622, 418, 0, 3, 1.5707963267948966, 3.0
307, 24, 578, 11, 576, 12, 2, -1, -0.4636476090008061, 2.23606797749979
307, 25, 977, 644, 979, 648, -2, -4, -2.0344439357957027, 4.47213595499958
307, 26, 501, 106, 501, 108, 0, -2, -1.5707963267948966, 2.0
307, 27, 886, 661, 886, 657, 0, 4, 1.5707963267948966, 4.0
307, 28, 982, 638, 984, 642, -2, -4, -2.0344439357957027, 4.47213595499958
307, 30, 754, 539, 758, 543, -4, -4, -2.356194490192345, 5.656854249492381
307, 31, 1231, 19, 1233, 22, -2, -3, -2.158798930342464, 3.605551275463989
307, 33, 1004, 642, 1006, 648, -2, -6, -1.892546881191539, 6.324555320336759
307, 35, 1007, 673, 1009, 678, -2, -5, -1.9513027039072615, 5.385164807134504
307, 36, 739, 528, 744, 533, -5, -5, -2.356194490192345, 7.0710678118654755
307, 37, 854, 57, 855, 59, -1, -2, -2.0344439357957027, 2.23606797749979
307, 38, 585, 66, 583, 67, 2, -1, -0.4636476090008061, 2.23606797749979
307, 39, 718, 510, 720, 515, -2, -5, -1.9513027039072615, 5.385164807134504
307, 40, 892, 676, 891, 673, 1, 3, 1.2490457723982544, 3.1622776601683795
307, 42, 636, 84, 637, 83, -1, 1, 2.356194490192345, 1.4142135623730951
307, 43, 521, 321, 520, 326, 1, -5, -1.373400766945016, 5.0990195135927845
307, 45, 50, 460, 49, 458, 1, 2, 1.1071487177940904, 2.23606797749979
307, 46, 113, 150, 115, 149, -2, 1, 2.677945044588987, 2.23606797749979
307, 47, 1138, 48, 1142, 50, -4, -2, -2.677945044588987, 4.47213595499958
307, 49, 860, 686, 862, 684, -2, 2, 2.356194490192345, 2.8284271247461903
307, 50, 739, 470, 743, 474, -4, -4, -2.356194490192345, 5.656854249492381
307, 54, 1122, 39, 1126, 41, -4, -2, -2.677945044588987, 4.47213595499958
307, 55, 1124, 86, 1128, 88, -4, -2, -2.677945044588987, 4.47213595499958
307, 56, 482, 153, 482, 156, 0, -3, -1.5707963267948966, 3.0
307, 58, 473, 170, 475, 173, -2, -3, -2.158798930342464, 3.605551275463989
307, 59, 1188, 21, 1191, 23, -3, -2, -2.5535900500422257, 3.605551275463989
307, 62, 636, 364, 636, 360, 0, 4, 1.5707963267948966, 4.0
307, 63, 881, 636, 881, 632, 0, 4, 1.5707963267948966, 4.0
307, 64, 733, 542, 737, 544, -4, -2, -2.677945044588987, 4.47213595499958
307, 65, 113, 205, 114, 204, -1, 1, 2.356194490192345, 1.4142135623730951
307, 68, 1015, 672, 1018, 677, -3, -5, -2.1112158270654806, 5.830951894845301
307, 70, 865, 631, 863, 627, 2, 4, 1.1071487177940904, 4.47213595499958
307, 72, 509, 343, 508, 348, 1, -5, -1.373400766945016, 5.0990195135927845
307, 73, 970, 645, 972, 649, -2, -4, -2.0344439357957027, 4.47213595499958
307, 74, 578, 20, 576, 21, 2, -1, -0.4636476090008061, 2.23606797749979
307, 75, 655, 420, 656, 419, -1, 1, 2.356194490192345, 1.4142135623730951
307, 76, 517, 430, 517, 436, 0, -6, -1.5707963267948966, 6.0
307, 77, 13, 252, 13, 250, 0, 2, 1.5707963267948966, 2.0
307, 78, 111, 179, 113, 178, -2, 1, 2.677945044588987, 2.23606797749979
307, 79, 626, 407, 627, 404, -1, 3, 1.892546881191539, 3.1622776601683795
307, 81, 842, 686, 842, 683, 0, 3, 1.5707963267948966, 3.0
307, 82, 509, 375, 508, 376, 1, -1, -0.7853981633974483, 1.4142135623730951
307, 83, 1146, 38, 1150, 39, -4, -1, -2.896613990462929, 4.123105625617661
307, 84, 715, 20, 716, 23, -1, -3, -1.892546881191539, 3.1622776601683795
307, 85, 539, 387, 539, 392, 0, -5, -1.5707963267948966, 5.0
307, 86, 1037, 573, 1036, 576, 1, -3, -1.2490457723982544, 3.1622776601683795
307, 87, 1115, 47, 1119, 49, -4, -2, -2.677945044588987, 4.47213595499958
307, 88, 142, 217, 144, 214, -2, 3, 2.158798930342464, 3.605551275463989
307, 91, 1250, 440, 1249, 436, 1, 4, 1.3258176636680326, 4.123105625617661
307, 92, 850, 63, 850, 65, 0, -2, -1.5707963267948966, 2.0
307, 95, 849, 660, 848, 656, 1, 4, 1.3258176636680326, 4.123105625617661
307, 96, 1228, 11, 1230, 14, -2, -3, -2.158798930342464, 3.605551275463989
307, 98, 756, 481, 760, 485, -4, -4, -2.356194490192345, 5.656854249492381
307, 99, 1226, 55, 1228, 58, -2, -3, -2.158798930342464, 3.605551275463989
307, 102, 1031, 612, 1031, 615, 0, -3, -1.5707963267948966, 3.0
307, 105, 524, 404, 523, 403, 1, 1, 0.7853981633974483, 1.4142135623730951
307, 107, 694, 50, 696, 54, -2, -4, -2.0344439357957027, 4.47213595499958
307, 109, 1161, 57, 1164, 58, -3, -1, -2.819842099193151, 3.1622776601683795
307, 111, 768, 514, 772, 518, -4, -4, -2.356194490192345, 5.656854249492381
307, 114, 1193, 27, 1196, 29, -3, -2, -2.5535900500422257, 3.605551275463989
307, 116, 1127, 75, 1131, 77, -4, -2, -2.677945044588987, 4.47213595499958
307, 117, 643, 366, 643, 362, 0, 4, 1.5707963267948966, 4.0
307, 118, 40, 505, 39, 506, 1, -1, -0.7853981633974483, 1.4142135623730951
307, 119, 626, 128, 625, 127, 1, 1, 0.7853981633974483, 1.4142135623730951
307, 120, 1209, 422, 1208, 419, 1, 3, 1.2490457723982544, 3.1622776601683795
307, 123, 571, 44, 569, 45, 2, -1, -0.4636476090008061, 2.23606797749979
307, 125, 1256, 62, 1258, 65, -2, -3, -2.158798930342464, 3.605551275463989
307, 126, 488, 120, 488, 123, 0, -3, -1.5707963267948966, 3.0
307, 127, 1261, 385, 1261, 382, 0, 3, 1.5707963267948966, 3.0
307, 129, 869, 62, 869, 64, 0, -2, -1.5707963267948966, 2.0
307, 130, 1253, 51, 1255, 54, -2, -3, -2.158798930342464, 3.605551275463989
307, 133, 1214, 407, 1213, 404, 1, 3, 1.2490457723982544, 3.1622776601683795
307, 135, 708, 146, 708, 149, 0, -3, -1.5707963267948966, 3.0
307, 136, 1257, 82, 1259, 85, -2, -3, -2.158798930342464, 3.605551275463989
307, 138, 999, 683, 1001, 688, -2, -5, -1.9513027039072615, 5.385164807134504
307, 139, 1251, 167, 1253, 165, -2, 2, 2.356194490192345, 2.8284271247461903
307, 140, 509, 199, 509, 201, 0, -2, -1.5707963267948966, 2.0
307, 143, 524, 336, 523, 341, 1, -5, -1.373400766945016, 5.0990195135927845
307, 144, 98, 144, 100, 143, -2, 1, 2.677945044588987, 2.23606797749979
307, 145, 512, 121, 512, 124, 0, -3, -1.5707963267948966, 3.0
307, 146, 1256, 94, 1258, 97, -2, -3, -2.158798930342464, 3.605551275463989
307, 148, 1241, 137, 1244, 139, -3, -2, -2.5535900500422257, 3.605551275463989
307, 149, 708, 75, 709, 78, -1, -3, -1.892546881191539, 3.1622776601683795
307, 150, 1255, 107, 1258, 110, -3, -3, -2.356194490192345, 4.242640687119285
307, 151, 965, 16, 967, 17, -2, -1, -2.677945044588987, 2.23606797749979
307, 152, 1029, 519, 1029, 524, 0, -5, -1.5707963267948966, 5.0
307, 154, 129, 205, 131, 203, -2, 2, 2.356194490192345, 2.8284271247461903
307, 155, 852, 117, 852, 120, 0, -3, -1.5707963267948966, 3.0
307, 160, 1026, 526, 1026, 532, 0, -6, -1.5707963267948966, 6.0
307, 161, 646, 407, 647, 404, -1, 3, 1.892546881191539, 3.1622776601683795
307, 162, 111, 224, 113, 223, -2, 1, 2.677945044588987, 2.23606797749979
307, 163, 843, 92, 843, 95, 0, -3, -1.5707963267948966, 3.0
307, 164, 1253, 389, 1251, 386, 2, 3, 0.982793723247329, 3.605551275463989
308, 0, 1038, 491, 1039, 495, -1, -4, -1.8157749899217608, 4.123105625617661
308, 2, 20, 277, 19, 274, 1, 3, 1.2490457723982544, 3.1622776601683795
308, 3, 1065, 523, 1065, 528, 0, -5, -1.5707963267948966, 5.0
308, 4, 977, 694, 978, 697, -1, -3, -1.892546881191539, 3.1622776601683795
308, 5, 1027, 546, 1026, 547, 1, -1, -0.7853981633974483, 1.4142135623730951
308, 6, 1056, 493, 1056, 497, 0, -4, -1.5707963267948966, 4.0
308, 7, 588, 38, 585, 39, 3, -1, -0.3217505543966422, 3.1622776601683795
308, 8, 135, 199, 137, 197, -2, 2, 2.356194490192345, 2.8284271247461903
308, 9, 707, 79, 707, 83, 0, -4, -1.5707963267948966, 4.0
308, 11, 23, 274, 23, 271, 0, 3, 1.5707963267948966, 3.0
308, 12, 766, 529, 769, 534, -3, -5, -2.1112158270654806, 5.830951894845301
308, 14, 1157, 69, 1159, 71, -2, -2, -2.356194490192345, 2.8284271247461903
308, 15, 496, 109, 494, 113, 2, -4, -1.1071487177940904, 4.47213595499958
308, 17, 963, 670, 964, 673, -1, -3, -1.892546881191539, 3.1622776601683795
308, 18, 571, 54, 568, 55, 3, -1, -0.3217505543966422, 3.1622776601683795
308, 19, 508, 113, 506, 116, 2, -3, -0.982793723247329, 3.605551275463989
308, 20, 1261, 428, 1259, 426, 2, 2, 0.7853981633974483, 2.8284271247461903
308, 21, 543, 408, 542, 411, 1, -3, -1.2490457723982544, 3.1622776601683795
308, 22, 1119, 45, 1124, 47, -5, -2, -2.761086276477428, 5.385164807134504
308, 23, 621, 424, 622, 421, -1, 3, 1.892546881191539, 3.1622776601683795
308, 24, 582, 10, 578, 11, 4, -1, -0.24497866312686414, 4.123105625617661
308, 25, 974, 640, 977, 644, -3, -4, -2.214297435588181, 5.0
308, 26, 503, 103, 501, 106, 2, -3, -0.982793723247329, 3.605551275463989
308, 27, 886, 666, 886, 661, 0, 5, 1.5707963267948966, 5.0
308, 28, 977, 634, 982, 638, -5, -4, -2.4668517113662407, 6.4031242374328485
308, 30, 750, 535, 754, 539, -4, -4, -2.356194490192345, 5.656854249492381
308, 31, 1228, 15, 1231, 19, -3, -4, -2.214297435588181, 5.0
308, 33, 1002, 637, 1004, 642, -2, -5, -1.9513027039072615, 5.385164807134504
308, 34, 857, 128, 856, 131, 1, -3, -1.2490457723982544, 3.1622776601683795
308, 35, 1004, 668, 1007, 673, -3, -5, -2.1112158270654806, 5.830951894845301
308, 36, 734, 523, 739, 528, -5, -5, -2.356194490192345, 7.0710678118654755
308, 37, 854, 52, 854, 57, 0, -5, -1.5707963267948966, 5.0
308, 38, 588, 66, 585, 66, 3, 0, 0.0, 3.0
308, 39, 715, 506, 718, 510, -3, -4, -2.214297435588181, 5.0
308, 40, 894, 678, 892, 676, 2, 2, 0.7853981633974483, 2.8284271247461903
308, 42, 636, 87, 636, 84, 0, 3, 1.5707963267948966, 3.0
308, 43, 521, 313, 521, 321, 0, -8, -1.5707963267948966, 8.0
308, 45, 51, 461, 50, 460, 1, 1, 0.7853981633974483, 1.4142135623730951
308, 46, 110, 152, 113, 150, -3, 2, 2.5535900500422257, 3.605551275463989
308, 47, 1134, 47, 1138, 48, -4, -1, -2.896613990462929, 4.123105625617661
308, 49, 860, 688, 860, 686, 0, 2, 1.5707963267948966, 2.0
308, 50, 735, 466, 739, 470, -4, -4, -2.356194490192345, 5.656854249492381
308, 54, 1117, 37, 1122, 39, -5, -2, -2.761086276477428, 5.385164807134504
308, 55, 1121, 84, 1124, 86, -3, -2, -2.5535900500422257, 3.605551275463989
308, 56, 482, 149, 482, 153, 0, -4, -1.5707963267948966, 4.0
308, 58, 471, 166, 473, 170, -2, -4, -2.0344439357957027, 4.47213595499958
308, 59, 1183, 19, 1188, 21, -5, -2, -2.761086276477428, 5.385164807134504
308, 61, 683, 91, 683, 88, 0, 3, 1.5707963267948966, 3.0
308, 62, 636, 368, 636, 364, 0, 4, 1.5707963267948966, 4.0
308, 63, 881, 639, 881, 636, 0, 3, 1.5707963267948966, 3.0
308, 64, 729, 537, 733, 542, -4, -5, -2.2455372690184494, 6.4031242374328485
308, 65, 110, 207, 113, 205, -3, 2, 2.5535900500422257, 3.605551275463989
308, 68, 1011, 667, 1015, 672, -4, -5, -2.2455372690184494, 6.4031242374328485
308, 69, 502, 198, 502, 200, 0, -2, -1.5707963267948966, 2.0
308, 70, 867, 635, 865, 631, 2, 4, 1.1071487177940904, 4.47213595499958
308, 72, 510, 338, 509, 343, 1, -5, -1.373400766945016, 5.0990195135927845
308, 73, 967, 641, 970, 645, -3, -4, -2.214297435588181, 5.0
308, 74, 582, 19, 578, 20, 4, -1, -0.24497866312686414, 4.123105625617661
308, 75, 654, 423, 655, 420, -1, 3, 1.892546881191539, 3.1622776601683795
308, 76, 517, 421, 517, 430, 0, -9, -1.5707963267948966, 9.0
308, 77, 13, 255, 13, 252, 0, 3, 1.5707963267948966, 3.0
308, 78, 108, 180, 111, 179, -3, 1, 2.819842099193151, 3.1622776601683795
308, 79, 625, 410, 626, 407, -1, 3, 1.892546881191539, 3.1622776601683795
308, 82, 510, 374, 509, 375, 1, -1, -0.7853981633974483, 1.4142135623730951
308, 83, 1141, 37, 1146, 38, -5, -1, -2.9441970937399127, 5.0990195135927845
308, 84, 713, 14, 715, 20, -2, -6, -1.892546881191539, 6.324555320336759
308, 86, 1037, 571, 1037, 573, 0, -2, -1.5707963267948966, 2.0
308, 87, 1110, 45, 1115, 47, -5, -2, -2.761086276477428, 5.385164807134504
308, 88, 140, 218, 142, 217, -2, 1, 2.677945044588987, 2.23606797749979
308, 91, 1252, 444, 1250, 440, 2, 4, 1.1071487177940904, 4.47213595499958
308, 92, 850, 58, 850, 63, 0, -5, -1.5707963267948966, 5.0
308, 93, 632, 92, 632, 89, 0, 3, 1.5707963267948966, 3.0
308, 95, 850, 661, 849, 660, 1, 1, 0.7853981633974483, 1.4142135623730951
308, 96, 1225, 6, 1228, 11, -3, -5, -2.1112158270654806, 5.830951894845301
308, 98, 754, 478, 756, 481, -2, -3, -2.158798930342464, 3.605551275463989
308, 99, 1223, 52, 1226, 55, -3, -3, -2.356194490192345, 4.242640687119285
308, 101, 285, 317, 284, 318, 1, -1, -0.7853981633974483, 1.4142135623730951
308, 102, 1031, 607, 1031, 612, 0, -5, -1.5707963267948966, 5.0
308, 103, 646, 91, 646, 88, 0, 3, 1.5707963267948966, 3.0
308, 107, 692, 47, 694, 50, -2, -3, -2.158798930342464, 3.605551275463989
308, 109, 1157, 55, 1161, 57, -4, -2, -2.677945044588987, 4.47213595499958
308, 110, 48, 156, 50, 157, -2, -1, -2.677945044588987, 2.23606797749979
308, 111, 766, 512, 768, 514, -2, -2, -2.356194490192345, 2.8284271247461903
308, 113, 272, 320, 270, 321, 2, -1, -0.4636476090008061, 2.23606797749979
308, 114, 1188, 25, 1193, 27, -5, -2, -2.761086276477428, 5.385164807134504
308, 115, 1204, 86, 1206, 86, -2, 0, 3.141592653589793, 2.0
308, 116, 1125, 75, 1127, 75, -2, 0, 3.141592653589793, 2.0
308, 117, 643, 370, 643, 366, 0, 4, 1.5707963267948966, 4.0
308, 119, 627, 126, 626, 128, 1, -2, -1.1071487177940904, 2.23606797749979
308, 120, 1211, 427, 1209, 422, 2, 5, 1.1902899496825317, 5.385164807134504
308, 121, 689, 132, 689, 130, 0, 2, 1.5707963267948966, 2.0
308, 123, 574, 43, 571, 44, 3, -1, -0.3217505543966422, 3.1622776601683795
308, 125, 1253, 58, 1256, 62, -3, -4, -2.214297435588181, 5.0
308, 126, 490, 116, 488, 120, 2, -4, -1.1071487177940904, 4.47213595499958
308, 127, 1261, 388, 1261, 385, 0, 3, 1.5707963267948966, 3.0
308, 129, 869, 57, 869, 62, 0, -5, -1.5707963267948966, 5.0
308, 130, 1250, 47, 1253, 51, -3, -4, -2.214297435588181, 5.0
308, 133, 1216, 410, 1214, 407, 2, 3, 0.982793723247329, 3.605551275463989
308, 134, 634, 21, 634, 19, 0, 2, 1.5707963267948966, 2.0
308, 135, 708, 144, 708, 146, 0, -2, -1.5707963267948966, 2.0
308, 136, 1253, 78, 1257, 82, -4, -4, -2.356194490192345, 5.656854249492381
308, 138, 995, 681, 999, 683, -4, -2, -2.677945044588987, 4.47213595499958
308, 140, 509, 197, 509, 199, 0, -2, -1.5707963267948966, 2.0
308, 141, 646, 448, 646, 450, 0, -2, -1.5707963267948966, 2.0
308, 143, 525, 329, 524, 336, 1, -7, -1.4288992721907328, 7.0710678118654755
308, 144, 95, 146, 98, 144, -3, 2, 2.5535900500422257, 3.605551275463989
308, 145, 514, 118, 512, 121, 2, -3, -0.982793723247329, 3.605551275463989
308, 146, 1252, 90, 1256, 94, -4, -4, -2.356194490192345, 5.656854249492381
308, 147, 270, 341, 269, 342, 1, -1, -0.7853981633974483, 1.4142135623730951
308, 148, 1239, 135, 1241, 137, -2, -2, -2.356194490192345, 2.8284271247461903
308, 149, 707, 71, 708, 75, -1, -4, -1.8157749899217608, 4.123105625617661
308, 150, 1251, 106, 1255, 107, -4, -1, -2.896613990462929, 4.123105625617661
308, 151, 964, 14, 965, 16, -1, -2, -2.0344439357957027, 2.23606797749979
308, 152, 1028, 515, 1029, 519, -1, -4, -1.8157749899217608, 4.123105625617661
308, 154, 128, 206, 129, 205, -1, 1, 2.356194490192345, 1.4142135623730951
308, 155, 852, 115, 852, 117, 0, -2, -1.5707963267948966, 2.0
308, 160, 1027, 524, 1026, 526, 1, -2, -1.1071487177940904, 2.23606797749979
308, 161, 645, 411, 646, 407, -1, 4, 1.8157749899217608, 4.123105625617661
308, 162, 108, 226, 111, 224, -3, 2, 2.5535900500422257, 3.605551275463989
308, 163, 843, 86, 843, 92, 0, -6, -1.5707963267948966, 6.0
308, 164, 1254, 392, 1253, 389, 1, 3, 1.2490457723982544, 3.1622776601683795
309, 0, 1038, 486, 1038, 491, 0, -5, -1.5707963267948966, 5.0
309, 1, 571, 75, 570, 76, 1, -1, -0.7853981633974483, 1.4142135623730951
309, 3, 1065, 521, 1065, 523, 0, -2, -1.5707963267948966, 2.0
309, 4, 977, 690, 977, 694, 0, -4, -1.5707963267948966, 4.0
309, 5, 1026, 547, 1027, 546, -1, 1, 2.356194490192345, 1.4142135623730951
309, 6, 1056, 489, 1056, 493, 0, -4, -1.5707963267948966, 4.0
309, 7, 590, 38, 588, 38, 2, 0, 0.0, 2.0
309, 8, 132, 201, 135, 199, -3, 2, 2.5535900500422257, 3.605551275463989
309, 9, 707, 77, 707, 79, 0, -2, -1.5707963267948966, 2.0
309, 12, 762, 525, 766, 529, -4, -4, -2.356194490192345, 5.656854249492381
309, 14, 1155, 67, 1157, 69, -2, -2, -2.356194490192345, 2.8284271247461903
309, 15, 496, 107, 496, 109, 0, -2, -1.5707963267948966, 2.0
309, 17, 962, 666, 963, 670, -1, -4, -1.8157749899217608, 4.123105625617661
309, 18, 574, 53, 571, 54, 3, -1, -0.3217505543966422, 3.1622776601683795
309, 19, 508, 111, 508, 113, 0, -2, -1.5707963267948966, 2.0
309, 20, 1261, 432, 1261, 428, 0, 4, 1.5707963267948966, 4.0
309, 21, 543, 405, 543, 408, 0, -3, -1.5707963267948966, 3.0
309, 22, 1115, 44, 1119, 45, -4, -1, -2.896613990462929, 4.123105625617661
309, 23, 621, 428, 621, 424, 0, 4, 1.5707963267948966, 4.0
309, 24, 585, 9, 582, 10, 3, -1, -0.3217505543966422, 3.1622776601683795
309, 25, 973, 637, 974, 640, -1, -3, -1.892546881191539, 3.1622776601683795
309, 26, 503, 101, 503, 103, 0, -2, -1.5707963267948966, 2.0
309, 27, 886, 671, 886, 666, 0, 5, 1.5707963267948966, 5.0
309, 28, 975, 631, 977, 634, -2, -3, -2.158798930342464, 3.605551275463989
309, 30, 746, 531, 750, 535, -4, -4, -2.356194490192345, 5.656854249492381
309, 31, 1226, 12, 1228, 15, -2, -3, -2.158798930342464, 3.605551275463989
309, 33, 1000, 630, 1002, 637, -2, -7, -1.849095985800008, 7.280109889280518
309, 34, 857, 126, 857, 128, 0, -2, -1.5707963267948966, 2.0
309, 35, 1002, 664, 1004, 668, -2, -4, -2.0344439357957027, 4.47213595499958
309, 36, 730, 518, 734, 523, -4, -5, -2.2455372690184494, 6.4031242374328485
309, 37, 854, 49, 854, 52, 0, -3, -1.5707963267948966, 3.0
309, 39, 712, 505, 715, 506, -3, -1, -2.819842099193151, 3.1622776601683795
309, 40, 894, 681, 894, 678, 0, 3, 1.5707963267948966, 3.0
309, 42, 636, 89, 636, 87, 0, 2, 1.5707963267948966, 2.0
309, 43, 521, 307, 521, 313, 0, -6, -1.5707963267948966, 6.0
309, 44, 53, 464, 51, 461, 2, 3, 0.982793723247329, 3.605551275463989
309, 45, 109, 153, 110, 152, -1, 1, 2.356194490192345, 1.4142135623730951
309, 46, 1130, 46, 1134, 47, -4, -1, -2.896613990462929, 4.123105625617661
309, 48, 860, 691, 860, 688, 0, 3, 1.5707963267948966, 3.0
309, 49, 731, 462, 735, 466, -4, -4, -2.356194490192345, 5.656854249492381
309, 53, 1113, 36, 1117, 37, -4, -1, -2.896613990462929, 4.123105625617661
309, 54, 1117, 83, 1121, 84, -4, -1, -2.896613990462929, 4.123105625617661
309, 55, 482, 147, 482, 149, 0, -2, -1.5707963267948966, 2.0
309, 57, 1180, 18, 1183, 19, -3, -1, -2.819842099193151, 3.1622776601683795
309, 59, 683, 93, 683, 91, 0, 2, 1.5707963267948966, 2.0
309, 60, 636, 372, 636, 368, 0, 4, 1.5707963267948966, 4.0
309, 61, 883, 643, 881, 639, 2, 4, 1.1071487177940904, 4.47213595499958
309, 62, 726, 534, 729, 537, -3, -3, -2.356194490192345, 4.242640687119285
309, 63, 109, 208, 110, 207, -1, 1, 2.356194490192345, 1.4142135623730951
309, 65, 514, 161, 514, 163, 0, -2, -1.5707963267948966, 2.0
309, 66, 1010, 662, 1011, 667, -1, -5, -1.7681918866447774, 5.0990195135927845
309, 68, 869, 639, 867, 635, 2, 4, 1.1071487177940904, 4.47213595499958
309, 70, 510, 333, 510, 338, 0, -5, -1.5707963267948966, 5.0
309, 71, 965, 638, 967, 641, -2, -3, -2.158798930342464, 3.605551275463989
309, 72, 585, 18, 582, 19, 3, -1, -0.3217505543966422, 3.1622776601683795
309, 73, 653, 425, 654, 423, -1, 2, 2.0344439357957027, 2.23606797749979
309, 74, 517, 415, 517, 421, 0, -6, -1.5707963267948966, 6.0
309, 75, 12, 256, 13, 255, -1, 1, 2.356194490192345, 1.4142135623730951
309, 76, 106, 181, 108, 180, -2, 1, 2.677945044588987, 2.23606797749979
309, 77, 625, 414, 625, 410, 0, 4, 1.5707963267948966, 4.0
309, 79, 842, 692, 842, 687, 0, 5, 1.5707963267948966, 5.0
309, 80, 510, 371, 510, 374, 0, -3, -1.5707963267948966, 3.0
309, 81, 1137, 35, 1141, 37, -4, -2, -2.677945044588987, 4.47213595499958
309, 82, 712, 11, 713, 14, -1, -3, -1.892546881191539, 3.1622776601683795
309, 83, 539, 382, 539, 386, 0, -4, -1.5707963267948966, 4.0
309, 84, 1037, 569, 1037, 571, 0, -2, -1.5707963267948966, 2.0
309, 85, 1106, 44, 1110, 45, -4, -1, -2.896613990462929, 4.123105625617661
309, 86, 138, 220, 140, 218, -2, 2, 2.356194490192345, 2.8284271247461903
309, 89, 1253, 447, 1252, 444, 1, 3, 1.2490457723982544, 3.1622776601683795
309, 90, 850, 55, 850, 58, 0, -3, -1.5707963267948966, 3.0
309, 91, 632, 94, 632, 92, 0, 2, 1.5707963267948966, 2.0
309, 93, 851, 666, 850, 661, 1, 5, 1.373400766945016, 5.0990195135927845
309, 95, 752, 474, 754, 478, -2, -4, -2.0344439357957027, 4.47213595499958
309, 96, 1222, 49, 1223, 52, -1, -3, -1.892546881191539, 3.1622776601683795
309, 99, 1031, 603, 1031, 607, 0, -4, -1.5707963267948966, 4.0
309, 100, 646, 93, 646, 91, 0, 2, 1.5707963267948966, 2.0
309, 102, 523, 401, 524, 404, -1, -3, -1.892546881191539, 3.1622776601683795
309, 103, 691, 43, 692, 47, -1, -4, -1.8157749899217608, 4.123105625617661
309, 105, 1153, 55, 1157, 55, -4, 0, 3.141592653589793, 4.0
309, 106, 46, 156, 48, 156, -2, 0, 3.141592653589793, 2.0
309, 107, 763, 507, 766, 512, -3, -5, -2.1112158270654806, 5.830951894845301
309, 110, 1185, 24, 1188, 25, -3, -1, -2.819842099193151, 3.1622776601683795
309, 112, 1121, 74, 1125, 75, -4, -1, -2.896613990462929, 4.123105625617661
309, 113, 643, 374, 643, 370, 0, 4, 1.5707963267948966, 4.0
309, 115, 628, 125, 627, 126, 1, -1, -0.7853981633974483, 1.4142135623730951
309, 116, 1213, 431, 1211, 427, 2, 4, 1.1071487177940904, 4.47213595499958
309, 117, 689, 134, 689, 132, 0, 2, 1.5707963267948966, 2.0
309, 119, 577, 42, 574, 43, 3, -1, -0.3217505543966422, 3.1622776601683795
309, 121, 1251, 56, 1253, 58, -2, -2, -2.356194490192345, 2.8284271247461903
309, 122, 490, 114, 490, 116, 0, -2, -1.5707963267948966, 2.0
309, 123, 1261, 391, 1261, 388, 0, 3, 1.5707963267948966, 3.0
309, 125, 869, 53, 869, 57, 0, -4, -1.5707963267948966, 4.0
309, 126, 1248, 45, 1250, 47, -2, -2, -2.356194490192345, 2.8284271247461903
309, 129, 1218, 413, 1216, 410, 2, 3, 0.982793723247329, 3.605551275463989
309, 130, 633, 22, 634, 21, -1, 1, 2.356194490192345, 1.4142135623730951
309, 131, 708, 142, 708, 144, 0, -2, -1.5707963267948966, 2.0
309, 132, 1251, 77, 1253, 78, -2, -1, -2.677945044588987, 2.23606797749979
309, 134, 993, 678, 995, 681, -2, -3, -2.158798930342464, 3.605551275463989
309, 135, 1247, 165, 1250, 167, -3, -2, -2.5535900500422257, 3.605551275463989
309, 136, 508, 193, 509, 197, -1, -4, -1.8157749899217608, 4.123105625617661
309, 137, 644, 449, 646, 448, -2, 1, 2.677945044588987, 2.23606797749979
309, 139, 525, 324, 525, 329, 0, -5, -1.5707963267948966, 5.0
309, 141, 514, 116, 514, 118, 0, -2, -1.5707963267948966, 2.0
309, 142, 1249, 88, 1252, 90, -3, -2, -2.5535900500422257, 3.605551275463989
309, 144, 1237, 133, 1239, 135, -2, -2, -2.356194490192345, 2.8284271247461903
309, 145, 707, 69, 707, 71, 0, -2, -1.5707963267948966, 2.0
309, 146, 1248, 103, 1251, 106, -3, -3, -2.356194490192345, 4.242640687119285
309, 147, 963, 10, 964, 14, -1, -4, -1.8157749899217608, 4.123105625617661
309, 148, 1027, 511, 1028, 515, -1, -4, -1.8157749899217608, 4.123105625617661
309, 150, 127, 207, 128, 206, -1, 1, 2.356194490192345, 1.4142135623730951
309, 156, 1027, 520, 1027, 524, 0, -4, -1.5707963267948966, 4.0
309, 157, 644, 415, 645, 411, -1, 4, 1.8157749899217608, 4.123105625617661
309, 158, 106, 227, 108, 226, -2, 1, 2.677945044588987, 2.23606797749979
309, 159, 843, 83, 843, 86, 0, -3, -1.5707963267948966, 3.0
309, 160, 1256, 395, 1254, 392, 2, 3, 0.982793723247329, 3.605551275463989
310, 1, 1044, 488, 1043, 492, 1, -4, -1.3258176636680326, 4.123105625617661
310, 3, 1007, 665, 1009, 670, -2, -5, -1.9513027039072615, 5.385164807134504
310, 4, 1061, 490, 1061, 494, 0, -4, -1.5707963267948966, 4.0
310, 5, 507, 374, 507, 377, 0, -3, -1.5707963267948966, 3.0
310, 6, 136, 200, 138, 198, -2, 2, 2.356194490192345, 2.8284271247461903
310, 9, 590, 43, 588, 42, 2, 1, 0.4636476090008061, 2.23606797749979
310, 10, 982, 628, 984, 632, -2, -4, -2.0344439357957027, 4.47213595499958
310, 12, 863, 52, 863, 56, 0, -4, -1.5707963267948966, 4.0
310, 14, 1261, 431, 1262, 428, -1, 3, 1.892546881191539, 3.1622776601683795
310, 18, 498, 115, 497, 117, 1, -2, -1.1071487177940904, 2.23606797749979
310, 19, 544, 401, 544, 404, 0, -3, -1.5707963267948966, 3.0
310, 20, 1040, 558, 1040, 562, 0, -4, -1.5707963267948966, 4.0
310, 21, 964, 665, 965, 669, -1, -4, -1.8157749899217608, 4.123105625617661
310, 22, 505, 107, 504, 109, 1, -2, -1.1071487177940904, 2.23606797749979
310, 23, 18, 436, 16, 433, 2, 3, 0.982793723247329, 3.605551275463989
310, 24, 52, 464, 51, 462, 1, 2, 1.1071487177940904, 2.23606797749979
310, 27, 572, 74, 571, 75, 1, -1, -0.7853981633974483, 1.4142135623730951
310, 28, 583, 11, 580, 13, 3, -2, -0.5880026035475675, 3.605551275463989
310, 29, 889, 653, 888, 649, 1, 4, 1.3258176636680326, 4.123105625617661
310, 30, 575, 55, 572, 56, 3, -1, -0.3217505543966422, 3.1622776601683795
310, 31, 628, 438, 628, 434, 0, 4, 1.5707963267948966, 4.0
310, 32, 861, 43, 861, 47, 0, -4, -1.5707963267948966, 4.0
310, 33, 855, 52, 855, 56, 0, -4, -1.5707963267948966, 4.0
310, 34, 894, 694, 893, 691, 1, 3, 1.2490457723982544, 3.1622776601683795
310, 35, 488, 180, 489, 182, -1, -2, -2.0344439357957027, 2.23606797749979
310, 36, 1120, 41, 1124, 42, -4, -1, -2.896613990462929, 4.123105625617661
310, 37, 1004, 632, 1005, 639, -1, -7, -1.7126933813990606, 7.0710678118654755
310, 39, 1133, 49, 1137, 51, -4, -2, -2.677945044588987, 4.47213595499958
310, 40, 1231, 18, 1233, 21, -2, -3, -2.158798930342464, 3.605551275463989
310, 41, 483, 156, 483, 158, 0, -2, -1.5707963267948966, 2.0
310, 42, 867, 647, 865, 644, 2, 3, 0.982793723247329, 3.605551275463989
310, 43, 864, 701, 863, 698, 1, 3, 1.2490457723982544, 3.1622776601683795
310, 45, 1154, 75, 1156, 78, -2, -3, -2.158798930342464, 3.605551275463989
310, 46, 730, 521, 735, 527, -5, -6, -2.2655346029916, 7.810249675906654
310, 47, 509, 116, 508, 118, 1, -2, -1.1071487177940904, 2.23606797749979
310, 50, 890, 678, 890, 673, 0, 5, 1.5707963267948966, 5.0
310, 51, 655, 426, 655, 424, 0, 2, 1.5707963267948966, 2.0
310, 52, 1122, 48, 1126, 49, -4, -1, -2.896613990462929, 4.123105625617661
310, 55, 712, 137, 712, 139, 0, -2, -1.5707963267948966, 2.0
310, 57, 115, 151, 116, 150, -1, 1, 2.356194490192345, 1.4142135623730951
310, 58, 759, 531, 762, 535, -3, -4, -2.214297435588181, 5.0
310, 60, 714, 508, 716, 508, -2, 0, 3.141592653589793, 2.0
310, 61, 522, 317, 522, 322, 0, -5, -1.5707963267948966, 5.0
310, 62, 941, 29, 943, 30, -2, -1, -2.677945044588987, 2.23606797749979
310, 63, 638, 88, 638, 86, 0, 2, 1.5707963267948966, 2.0
310, 66, 1187, 23, 1190, 24, -3, -1, -2.819842099193151, 3.1622776601683795
310, 67, 683, 94, 683, 92, 0, 2, 1.5707963267948966, 2.0
310, 69, 17, 424, 16, 422, 1, 2, 1.1071487177940904, 2.23606797749979
310, 70, 1091, 104, 1095, 107, -4, -3, -2.498091544796509, 5.0
310, 71, 112, 208, 113, 207, -1, 1, 2.356194490192345, 1.4142135623730951
310, 73, 729, 538, 732, 538, -3, 0, 3.141592653589793, 3.0
310, 76, 1144, 37, 1148, 39, -4, -2, -2.677945044588987, 4.47213595499958
310, 78, 583, 20, 580, 21, 3, -1, -0.3217505543966422, 3.1622776601683795
310, 79, 968, 634, 970, 637, -2, -3, -2.158798930342464, 3.605551275463989
310, 80, 1164, 57, 1166, 58, -2, -1, -2.677945044588987, 2.23606797749979
310, 81, 857, 127, 857, 131, 0, -4, -1.5707963267948966, 4.0
310, 82, 141, 194, 143, 192, -2, 2, 2.356194490192345, 2.8284271247461903
310, 87, 850, 58, 850, 62, 0, -4, -1.5707963267948966, 4.0
310, 89, 51, 160, 53, 161, -2, -1, -2.677945044588987, 2.23606797749979
310, 90, 634, 94, 634, 92, 0, 2, 1.5707963267948966, 2.0
310, 91, 737, 463, 740, 468, -3, -5, -2.1112158270654806, 5.830951894845301
310, 93, 852, 675, 850, 671, 2, 4, 1.1071487177940904, 4.47213595499958
310, 96, 510, 338, 510, 343, 0, -5, -1.5707963267948966, 5.0
310, 97, 765, 527, 768, 531, -3, -4, -2.214297435588181, 5.0
310, 98, 1239, 504, 1237, 501, 2, 3, 0.982793723247329, 3.605551275463989
310, 99, 1213, 428, 1211, 424, 2, 4, 1.1071487177940904, 4.47213595499958
310, 100, 509, 181, 510, 186, -1, -5, -1.7681918866447774, 5.0990195135927845
310, 102, 1191, 29, 1194, 30, -3, -1, -2.819842099193151, 3.1622776601683795
310, 103, 583, 60, 581, 60, 2, 0, 0.0, 2.0
310, 104, 1254, 444, 1252, 441, 2, 3, 0.982793723247329, 3.605551275463989
310, 105, 1113, 48, 1117, 49, -4, -1, -2.896613990462929, 4.123105625617661
310, 107, 637, 462, 639, 462, -2, 0, 3.141592653589793, 2.0
310, 109, 528, 415, 528, 417, 0, -2, -1.5707963267948966, 2.0
310, 111, 520, 420, 519, 423, 1, -3, -1.2490457723982544, 3.1622776601683795
310, 112, 1130, 95, 1134, 96, -4, -1, -2.896613990462929, 4.123105625617661
310, 113, 869, 57, 869, 61, 0, -4, -1.5707963267948966, 4.0
310, 116, 1228, 9, 1230, 12, -2, -3, -2.158798930342464, 3.605551275463989
310, 117, 41, 496, 39, 494, 2, 2, 0.7853981633974483, 2.8284271247461903
310, 119, 1094, 80, 1098, 82, -4, -2, -2.677945044588987, 4.47213595499958
310, 120, 1261, 105, 1269, 108, -8, -3, -2.782821983319221, 8.54400374531753
310, 122, 638, 370, 638, 366, 0, 4, 1.5707963267948966, 4.0
310, 125, 1165, 80, 1166, 82, -1, -2, -2.0344439357957027, 2.23606797749979
310, 126, 751, 481, 754, 486, -3, -5, -2.1112158270654806, 5.830951894845301
310, 128, 541, 381, 541, 384, 0, -3, -1.5707963267948966, 3.0
310, 129, 515, 164, 515, 166, 0, -2, -1.5707963267948966, 2.0
310, 131, 576, 44, 573, 45, 3, -1, -0.3217505543966422, 3.1622776601683795
310, 132, 514, 123, 513, 125, 1, -2, -1.1071487177940904, 2.23606797749979
310, 134, 107, 178, 109, 177, -2, 1, 2.677945044588987, 2.23606797749979
310, 135, 715, 19, 716, 22, -1, -3, -1.892546881191539, 3.1622776601683795
310, 136, 112, 228, 113, 226, -1, 2, 2.0344439357957027, 2.23606797749979
310, 137, 1253, 52, 1255, 54, -2, -2, -2.356194490192345, 2.8284271247461903
310, 139, 765, 505, 768, 511, -3, -6, -2.0344439357957027, 6.708203932499369
310, 141, 648, 416, 649, 413, -1, 3, 1.892546881191539, 3.1622776601683795
310, 142, 1068, 519, 1068, 521, 0, -2, -1.5707963267948966, 2.0
310, 143, 143, 179, 144, 178, -1, 1, 2.356194490192345, 1.4142135623730951
310, 144, 100, 145, 101, 144, -1, 1, 2.356194490192345, 1.4142135623730951
311, 1, 1045, 484, 1044, 488, 1, -4, -1.3258176636680326, 4.123105625617661
311, 3, 1006, 660, 1007, 665, -1, -5, -1.7681918866447774, 5.0990195135927845
311, 4, 1062, 486, 1061, 490, 1, -4, -1.3258176636680326, 4.123105625617661
311, 5, 507, 371, 507, 374, 0, -3, -1.5707963267948966, 3.0
311, 6, 134, 202, 136, 200, -2, 2, 2.356194490192345, 2.8284271247461903
311, 9, 592, 44, 590, 43, 2, 1, 0.4636476090008061, 2.23606797749979
311, 10, 980, 625, 982, 628, -2, -3, -2.158798930342464, 3.605551275463989
311, 11, 22, 278, 22, 276, 0, 2, 1.5707963267948966, 2.0
311, 12, 863, 48, 863, 52, 0, -4, -1.5707963267948966, 4.0
311, 14, 1261, 434, 1261, 431, 0, 3, 1.5707963267948966, 3.0
311, 15, 708, 85, 708, 87, 0, -2, -1.5707963267948966, 2.0
311, 18, 499, 113, 498, 115, 1, -2, -1.1071487177940904, 2.23606797749979
311, 19, 544, 397, 544, 401, 0, -4, -1.5707963267948966, 4.0
311, 20, 1040, 554, 1040, 558, 0, -4, -1.5707963267948966, 4.0
311, 21, 963, 661, 964, 665, -1, -4, -1.8157749899217608, 4.123105625617661
311, 22, 506, 105, 505, 107, 1, -2, -1.1071487177940904, 2.23606797749979
311, 23, 20, 438, 18, 436, 2, 2, 0.7853981633974483, 2.8284271247461903
311, 24, 53, 466, 52, 464, 1, 2, 1.1071487177940904, 2.23606797749979
311, 27, 573, 73, 572, 74, 1, -1, -0.7853981633974483, 1.4142135623730951
311, 28, 586, 9, 583, 11, 3, -2, -0.5880026035475675, 3.605551275463989
311, 29, 890, 657, 889, 653, 1, 4, 1.3258176636680326, 4.123105625617661
311, 30, 578, 54, 575, 55, 3, -1, -0.3217505543966422, 3.1622776601683795
311, 31, 628, 442, 628, 438, 0, 4, 1.5707963267948966, 4.0
311, 32, 861, 39, 861, 43, 0, -4, -1.5707963267948966, 4.0
311, 33, 855, 48, 855, 52, 0, -4, -1.5707963267948966, 4.0
311, 34, 895, 698, 894, 694, 1, 4, 1.3258176636680326, 4.123105625617661
311, 35, 487, 178, 488, 180, -1, -2, -2.0344439357957027, 2.23606797749979
311, 36, 1116, 40, 1120, 41, -4, -1, -2.896613990462929, 4.123105625617661
311, 37, 1002, 625, 1004, 632, -2, -7, -1.849095985800008, 7.280109889280518
311, 39, 1129, 48, 1133, 49, -4, -1, -2.896613990462929, 4.123105625617661
311, 40, 1229, 15, 1231, 18, -2, -3, -2.158798930342464, 3.605551275463989
311, 41, 483, 154, 483, 156, 0, -2, -1.5707963267948966, 2.0
311, 42, 869, 650, 867, 647, 2, 3, 0.982793723247329, 3.605551275463989
311, 45, 1151, 72, 1154, 75, -3, -3, -2.356194490192345, 4.242640687119285
311, 46, 726, 515, 730, 521, -4, -6, -2.158798930342464, 7.211102550927978
311, 47, 510, 114, 509, 116, 1, -2, -1.1071487177940904, 2.23606797749979
311, 49, 890, 683, 890, 678, 0, 5, 1.5707963267948966, 5.0
311, 50, 654, 428, 655, 426, -1, 2, 2.0344439357957027, 2.23606797749979
311, 51, 1118, 47, 1122, 48, -4, -1, -2.896613990462929, 4.123105625617661
311, 54, 712, 135, 712, 137, 0, -2, -1.5707963267948966, 2.0
311, 56, 114, 153, 115, 151, -1, 2, 2.0344439357957027, 2.23606797749979
311, 57, 756, 527, 759, 531, -3, -4, -2.214297435588181, 5.0
311, 59, 713, 509, 714, 508, -1, 1, 2.356194490192345, 1.4142135623730951
311, 60, 522, 312, 522, 317, 0, -5, -1.5707963267948966, 5.0
311, 61, 939, 27, 941, 29, -2, -2, -2.356194490192345, 2.8284271247461903
311, 62, 638, 90, 638, 88, 0, 2, 1.5707963267948966, 2.0
311, 65, 1184, 22, 1187, 23, -3, -1, -2.819842099193151, 3.1622776601683795
311, 66, 682, 96, 683, 94, -1, 2, 2.0344439357957027, 2.23606797749979
311, 68, 18, 426, 17, 424, 1, 2, 1.1071487177940904, 2.23606797749979
311, 69, 1086, 102, 1091, 104, -5, -2, -2.761086276477428, 5.385164807134504
311, 70, 110, 209, 112, 208, -2, 1, 2.677945044588987, 2.23606797749979
311, 72, 726, 538, 729, 538, -3, 0, 3.141592653589793, 3.0
311, 75, 1140, 35, 1144, 37, -4, -2, -2.677945044588987, 4.47213595499958
311, 77, 586, 18, 583, 20, 3, -2, -0.5880026035475675, 3.605551275463989
311, 78, 966, 631, 968, 634, -2, -3, -2.158798930342464, 3.605551275463989
311, 79, 1161, 56, 1164, 57, -3, -1, -2.819842099193151, 3.1622776601683795
311, 80, 857, 124, 857, 127, 0, -3, -1.5707963267948966, 3.0
311, 81, 139, 195, 141, 194, -2, 1, 2.677945044588987, 2.23606797749979
311, 85, 850, 54, 850, 58, 0, -4, -1.5707963267948966, 4.0
311, 87, 48, 159, 51, 160, -3, -1, -2.819842099193151, 3.1622776601683795
311, 89, 733, 458, 737, 463, -4, -5, -2.2455372690184494, 6.4031242374328485
311, 91, 854, 679, 852, 675, 2, 4, 1.1071487177940904, 4.47213595499958
311, 94, 510, 333, 510, 338, 0, -5, -1.5707963267948966, 5.0
311, 95, 762, 523, 765, 527, -3, -4, -2.214297435588181, 5.0
311, 96, 1238, 508, 1239, 504, -1, 4, 1.8157749899217608, 4.123105625617661
311, 97, 1215, 432, 1213, 428, 2, 4, 1.1071487177940904, 4.47213595499958
311, 100, 1188, 28, 1191, 29, -3, -1, -2.819842099193151, 3.1622776601683795
311, 101, 585, 60, 583, 60, 2, 0, 0.0, 2.0
311, 102, 1256, 447, 1254, 444, 2, 3, 0.982793723247329, 3.605551275463989
311, 103, 1109, 47, 1113, 48, -4, -1, -2.896613990462929, 4.123105625617661
311, 107, 528, 413, 528, 415, 0, -2, -1.5707963267948966, 2.0
311, 109, 520, 417, 520, 420, 0, -3, -1.5707963267948966, 3.0
311, 110, 1127, 95, 1130, 95, -3, 0, 3.141592653589793, 3.0
311, 111, 869, 53, 869, 57, 0, -4, -1.5707963267948966, 4.0
311, 112, 433, 12, 434, 11, -1, 1, 2.356194490192345, 1.4142135623730951
311, 114, 45, 497, 41, 496, 4, 1, 0.24497866312686414, 4.123105625617661
311, 116, 1090, 78, 1094, 80, -4, -2, -2.677945044588987, 4.47213595499958
311, 117, 1258, 103, 1261, 105, -3, -2, -2.5535900500422257, 3.605551275463989
311, 119, 638, 374, 638, 370, 0, 4, 1.5707963267948966, 4.0
311, 122, 1164, 78, 1165, 80, -1, -2, -2.0344439357957027, 2.23606797749979
311, 123, 748, 476, 751, 481, -3, -5, -2.1112158270654806, 5.830951894845301
311, 124, 541, 377, 541, 381, 0, -4, -1.5707963267948966, 4.0
311, 126, 1036, 589, 1036, 591, 0, -2, -1.5707963267948966, 2.0
311, 127, 579, 42, 576, 44, 3, -2, -0.5880026035475675, 3.605551275463989
311, 128, 514, 121, 514, 123, 0, -2, -1.5707963267948966, 2.0
311, 130, 105, 179, 107, 178, -2, 1, 2.677945044588987, 2.23606797749979
311, 131, 714, 17, 715, 19, -1, -2, -2.0344439357957027, 2.23606797749979
311, 132, 110, 229, 112, 228, -2, 1, 2.677945044588987, 2.23606797749979
311, 133, 1251, 51, 1253, 52, -2, -1, -2.677945044588987, 2.23606797749979
311, 135, 762, 499, 765, 505, -3, -6, -2.0344439357957027, 6.708203932499369
311, 137, 647, 418, 648, 416, -1, 2, 2.0344439357957027, 2.23606797749979
311, 138, 1069, 517, 1068, 519, 1, -2, -1.1071487177940904, 2.23606797749979
311, 139, 142, 181, 143, 179, -1, 2, 2.0344439357957027, 2.23606797749979
311, 140, 99, 147, 100, 145, -1, 2, 2.0344439357957027, 2.23606797749979
312, 1, 1046, 480, 1045, 484, 1, -4, -1.3258176636680326, 4.123105625617661
312, 3, 1005, 655, 1006, 660, -1, -5, -1.7681918866447774, 5.0990195135927845
312, 4, 1062, 482, 1062, 486, 0, -4, -1.5707963267948966, 4.0
312, 5, 507, 368, 507, 371, 0, -3, -1.5707963267948966, 3.0
312, 6, 133, 204, 134, 202, -1, 2, 2.0344439357957027, 2.23606797749979
312, 9, 593, 45, 592, 44, 1, 1, 0.7853981633974483, 1.4142135623730951
312, 10, 978, 622, 980, 625, -2, -3, -2.158798930342464, 3.605551275463989
312, 12, 863, 44, 863, 48, 0, -4, -1.5707963267948966, 4.0
312, 14, 1261, 437, 1261, 434, 0, 3, 1.5707963267948966, 3.0
312, 18, 500, 110, 499, 113, 1, -3, -1.2490457723982544, 3.1622776601683795
312, 19, 544, 393, 544, 397, 0, -4, -1.5707963267948966, 4.0
312, 20, 1040, 550, 1040, 554, 0, -4, -1.5707963267948966, 4.0
312, 21, 962, 657, 963, 661, -1, -4, -1.8157749899217608, 4.123105625617661
312, 22, 507, 102, 506, 105, 1, -3, -1.2490457723982544, 3.1622776601683795
312, 23, 23, 440, 20, 438, 3, 2, 0.5880026035475675, 3.605551275463989
312, 24, 54, 468, 53, 466, 1, 2, 1.1071487177940904, 2.23606797749979
312, 27, 575, 72, 573, 73, 2, -1, -0.4636476090008061, 2.23606797749979
312, 28, 891, 661, 890, 657, 1, 4, 1.3258176636680326, 4.123105625617661
312, 29, 580, 54, 578, 54, 2, 0, 0.0, 2.0
312, 30, 628, 445, 628, 442, 0, 3, 1.5707963267948966, 3.0
312, 31, 861, 35, 861, 39, 0, -4, -1.5707963267948966, 4.0
312, 32, 855, 44, 855, 48, 0, -4, -1.5707963267948966, 4.0
312, 33, 896, 701, 895, 698, 1, 3, 1.2490457723982544, 3.1622776601683795
312, 34, 487, 175, 487, 178, 0, -3, -1.5707963267948966, 3.0
312, 35, 1112, 39, 1116, 40, -4, -1, -2.896613990462929, 4.123105625617661
312, 36, 1000, 618, 1002, 625, -2, -7, -1.849095985800008, 7.280109889280518
312, 38, 1125, 46, 1129, 48, -4, -2, -2.677945044588987, 4.47213595499958
312, 39, 1227, 13, 1229, 15, -2, -2, -2.356194490192345, 2.8284271247461903
312, 40, 484, 151, 483, 154, 1, -3, -1.2490457723982544, 3.1622776601683795
312, 41, 870, 653, 869, 650, 1, 3, 1.2490457723982544, 3.1622776601683795
312, 44, 1148, 71, 1151, 72, -3, -1, -2.819842099193151, 3.1622776601683795
312, 45, 724, 512, 726, 515, -2, -3, -2.158798930342464, 3.605551275463989
312, 46, 511, 111, 510, 114, 1, -3, -1.2490457723982544, 3.1622776601683795
312, 47, 1069, 529, 1068, 531, 1, -2, -1.1071487177940904, 2.23606797749979
312, 48, 891, 688, 890, 683, 1, 5, 1.373400766945016, 5.0990195135927845
312, 49, 654, 431, 654, 428, 0, 3, 1.5707963267948966, 3.0
312, 50, 1114, 46, 1118, 47, -4, -1, -2.896613990462929, 4.123105625617661
312, 53, 712, 131, 712, 135, 0, -4, -1.5707963267948966, 4.0
312, 55, 113, 155, 114, 153, -1, 2, 2.0344439357957027, 2.23606797749979
312, 56, 754, 523, 756, 527, -2, -4, -2.0344439357957027, 4.47213595499958
312, 58, 711, 510, 713, 509, -2, 1, 2.677945044588987, 2.23606797749979
312, 59, 522, 308, 522, 312, 0, -4, -1.5707963267948966, 4.0
312, 60, 938, 25, 939, 27, -1, -2, -2.0344439357957027, 2.23606797749979
312, 61, 638, 92, 638, 90, 0, 2, 1.5707963267948966, 2.0
312, 64, 1180, 20, 1184, 22, -4, -2, -2.677945044588987, 4.47213595499958
312, 65, 682, 98, 682, 96, 0, 2, 1.5707963267948966, 2.0
312, 67, 20, 428, 18, 426, 2, 2, 0.7853981633974483, 2.8284271247461903
312, 68, 1081, 101, 1086, 102, -5, -1, -2.9441970937399127, 5.0990195135927845
312, 69, 109, 211, 110, 209, -1, 2, 2.0344439357957027, 2.23606797749979
312, 71, 723, 542, 726, 538, -3, 4, 2.214297435588181, 5.0
312, 74, 1136, 32, 1140, 35, -4, -3, -2.498091544796509, 5.0
312, 76, 589, 16, 586, 18, 3, -2, -0.5880026035475675, 3.605551275463989
312, 77, 964, 628, 966, 631, -2, -3, -2.158798930342464, 3.605551275463989
312, 78, 1158, 55, 1161, 56, -3, -1, -2.819842099193151, 3.1622776601683795
312, 79, 857, 121, 857, 124, 0, -3, -1.5707963267948966, 3.0
312, 80, 138, 197, 139, 195, -1, 2, 2.0344439357957027, 2.23606797749979
312, 83, 850, 50, 850, 54, 0, -4, -1.5707963267948966, 4.0
312, 84, 657, 124, 656, 123, 1, 1, 0.7853981633974483, 1.4142135623730951
312, 85, 46, 159, 48, 159, -2, 0, 3.141592653589793, 2.0
312, 86, 634, 97, 634, 95, 0, 2, 1.5707963267948966, 2.0
312, 87, 729, 453, 733, 458, -4, -5, -2.2455372690184494, 6.4031242374328485
312, 89, 855, 683, 854, 679, 1, 4, 1.3258176636680326, 4.123105625617661
312, 92, 510, 329, 510, 333, 0, -4, -1.5707963267948966, 4.0
312, 93, 759, 519, 762, 523, -3, -4, -2.214297435588181, 5.0
312, 94, 1237, 511, 1238, 508, -1, 3, 1.892546881191539, 3.1622776601683795
312, 95, 1217, 436, 1215, 432, 2, 4, 1.1071487177940904, 4.47213595499958
312, 98, 1184, 26, 1188, 28, -4, -2, -2.677945044588987, 4.47213595499958
312, 100, 1258, 449, 1256, 447, 2, 2, 0.7853981633974483, 2.8284271247461903
312, 101, 1105, 46, 1109, 47, -4, -1, -2.896613990462929, 4.123105625617661
312, 105, 528, 411, 528, 413, 0, -2, -1.5707963267948966, 2.0
312, 107, 521, 415, 520, 417, 1, -2, -1.1071487177940904, 2.23606797749979
312, 108, 1125, 94, 1127, 95, -2, -1, -2.677945044588987, 2.23606797749979
312, 109, 869, 49, 869, 53, 0, -4, -1.5707963267948966, 4.0
312, 112, 48, 498, 45, 497, 3, 1, 0.3217505543966422, 3.1622776601683795
312, 114, 1086, 76, 1090, 78, -4, -2, -2.677945044588987, 4.47213595499958
312, 115, 1255, 101, 1258, 103, -3, -2, -2.5535900500422257, 3.605551275463989
312, 117, 638, 378, 638, 374, 0, 4, 1.5707963267948966, 4.0
312, 120, 1163, 76, 1164, 78, -1, -2, -2.0344439357957027, 2.23606797749979
312, 121, 745, 471, 748, 476, -3, -5, -2.1112158270654806, 5.830951894845301
312, 122, 541, 373, 541, 377, 0, -4, -1.5707963267948966, 4.0
312, 123, 515, 161, 515, 163, 0, -2, -1.5707963267948966, 2.0
312, 124, 1035, 587, 1036, 589, -1, -2, -2.0344439357957027, 2.23606797749979
312, 125, 582, 41, 579, 42, 3, -1, -0.3217505543966422, 3.1622776601683795
312, 126, 515, 118, 514, 121, 1, -3, -1.2490457723982544, 3.1622776601683795
312, 128, 104, 181, 105, 179, -1, 2, 2.0344439357957027, 2.23606797749979
312, 129, 713, 15, 714, 17, -1, -2, -2.0344439357957027, 2.23606797749979
312, 130, 109, 231, 110, 229, -1, 2, 2.0344439357957027, 2.23606797749979
312, 131, 1249, 49, 1251, 51, -2, -2, -2.356194490192345, 2.8284271247461903
312, 132, 759, 493, 762, 499, -3, -6, -2.0344439357957027, 6.708203932499369
312, 134, 647, 421, 647, 418, 0, 3, 1.5707963267948966, 3.0
312, 135, 1069, 514, 1069, 517, 0, -3, -1.5707963267948966, 3.0
312, 136, 141, 183, 142, 181, -1, 2, 2.0344439357957027, 2.23606797749979
312, 137, 98, 149, 99, 147, -1, 2, 2.0344439357957027, 2.23606797749979
313, 1, 1047, 476, 1046, 480, 1, -4, -1.3258176636680326, 4.123105625617661
313, 3, 1003, 650, 1005, 655, -2, -5, -1.9513027039072615, 5.385164807134504
313, 4, 1063, 478, 1062, 482, 1, -4, -1.3258176636680326, 4.123105625617661
313, 5, 508, 364, 507, 368, 1, -4, -1.3258176636680326, 4.123105625617661
313, 6, 131, 207, 133, 204, -2, 3, 2.158798930342464, 3.605551275463989
313, 9, 594, 46, 593, 45, 1, 1, 0.7853981633974483, 1.4142135623730951
313, 10, 976, 618, 978, 622, -2, -4, -2.0344439357957027, 4.47213595499958
313, 11, 22, 281, 22, 279, 0, 2, 1.5707963267948966, 2.0
313, 12, 864, 40, 863, 44, 1, -4, -1.3258176636680326, 4.123105625617661
313, 13, 262, 335, 261, 336, 1, -1, -0.7853981633974483, 1.4142135623730951
313, 15, 709, 80, 708, 84, 1, -4, -1.3258176636680326, 4.123105625617661
313, 18, 501, 105, 500, 110, 1, -5, -1.373400766945016, 5.0990195135927845
313, 19, 544, 390, 544, 393, 0, -3, -1.5707963267948966, 3.0
313, 20, 1041, 548, 1040, 550, 1, -2, -1.1071487177940904, 2.23606797749979
313, 21, 961, 653, 962, 657, -1, -4, -1.8157749899217608, 4.123105625617661
313, 22, 508, 98, 507, 102, 1, -4, -1.3258176636680326, 4.123105625617661
313, 23, 25, 441, 23, 440, 2, 1, 0.4636476090008061, 2.23606797749979
313, 27, 576, 74, 575, 72, 1, 2, 1.1071487177940904, 2.23606797749979
313, 28, 891, 664, 891, 661, 0, 3, 1.5707963267948966, 3.0
313, 29, 583, 54, 580, 54, 3, 0, 0.0, 3.0
313, 30, 626, 448, 628, 445, -2, 3, 2.158798930342464, 3.605551275463989
313, 31, 862, 31, 861, 35, 1, -4, -1.3258176636680326, 4.123105625617661
313, 32, 855, 40, 855, 44, 0, -4, -1.5707963267948966, 4.0
313, 33, 898, 701, 896, 701, 2, 0, 0.0, 2.0
313, 34, 488, 171, 487, 175, 1, -4, -1.3258176636680326, 4.123105625617661
313, 35, 1107, 37, 1112, 39, -5, -2, -2.761086276477428, 5.385164807134504
313, 36, 999, 613, 1000, 618, -1, -5, -1.7681918866447774, 5.0990195135927845
313, 37, 24, 112, 26, 112, -2, 0, 3.141592653589793, 2.0
313, 38, 1121, 45, 1125, 46, -4, -1, -2.896613990462929, 4.123105625617661
313, 39, 1223, 10, 1227, 13, -4, -3, -2.498091544796509, 5.0
313, 40, 486, 147, 484, 151, 2, -4, -1.1071487177940904, 4.47213595499958
313, 41, 872, 656, 870, 653, 2, 3, 0.982793723247329, 3.605551275463989
313, 43, 1145, 71, 1148, 71, -3, 0, 3.141592653589793, 3.0
313, 44, 721, 509, 724, 512, -3, -3, -2.356194490192345, 4.242640687119285
313, 45, 512, 107, 511, 111, 1, -4, -1.3258176636680326, 4.123105625617661
313, 47, 892, 692, 891, 688, 1, 4, 1.3258176636680326, 4.123105625617661
313, 48, 656, 434, 654, 431, 2, 3, 0.982793723247329, 3.605551275463989
313, 49, 1109, 44, 1114, 46, -5, -2, -2.761086276477428, 5.385164807134504
313, 52, 711, 127, 712, 131, -1, -4, -1.8157749899217608, 4.123105625617661
313, 54, 111, 160, 113, 155, -2, 5, 1.9513027039072615, 5.385164807134504
313, 55, 752, 517, 754, 523, -2, -6, -1.892546881191539, 6.324555320336759
313, 57, 708, 510, 711, 510, -3, 0, 3.141592653589793, 3.0
313, 58, 522, 301, 522, 308, 0, -7, -1.5707963267948966, 7.0
313, 59, 640, 94, 638, 92, 2, 2, 0.7853981633974483, 2.8284271247461903
313, 62, 1176, 18, 1180, 20, -4, -2, -2.677945044588987, 4.47213595499958
313, 63, 682, 101, 682, 98, 0, 3, 1.5707963267948966, 3.0
313, 65, 22, 430, 20, 428, 2, 2, 0.7853981633974483, 2.8284271247461903
313, 66, 1078, 100, 1081, 101, -3, -1, -2.819842099193151, 3.1622776601683795
313, 67, 106, 214, 109, 211, -3, 3, 2.356194490192345, 4.242640687119285
313, 68, 753, 10, 753, 12, 0, -2, -1.5707963267948966, 2.0
313, 69, 719, 543, 723, 542, -4, 1, 2.896613990462929, 4.123105625617661
313, 72, 1131, 29, 1136, 32, -5, -3, -2.601173153319209, 5.830951894845301
313, 73, 593, 15, 589, 16, 4, -1, -0.24497866312686414, 4.123105625617661
313, 74, 962, 623, 964, 628, -2, -5, -1.9513027039072615, 5.385164807134504
313, 75, 1155, 52, 1158, 55, -3, -3, -2.356194490192345, 4.242640687119285
313, 76, 857, 119, 857, 121, 0, -2, -1.5707963267948966, 2.0
313, 77, 136, 201, 138, 197, -2, 4, 2.0344439357957027, 4.47213595499958
313, 80, 850, 46, 850, 50, 0, -4, -1.5707963267948966, 4.0
313, 81, 659, 126, 657, 124, 2, 2, 0.7853981633974483, 2.8284271247461903
313, 82, 43, 159, 46, 159, -3, 0, 3.141592653589793, 3.0
313, 83, 635, 99, 634, 97, 1, 2, 1.1071487177940904, 2.23606797749979
313, 84, 725, 449, 729, 453, -4, -4, -2.356194490192345, 5.656854249492381
313, 86, 857, 689, 855, 683, 2, 6, 1.2490457723982544, 6.324555320336759
313, 87, 258, 324, 257, 325, 1, -1, -0.7853981633974483, 1.4142135623730951
313, 89, 510, 324, 510, 329, 0, -5, -1.5707963267948966, 5.0
313, 90, 756, 514, 759, 519, -3, -5, -2.1112158270654806, 5.830951894845301
313, 91, 1237, 513, 1237, 511, 0, 2, 1.5707963267948966, 2.0
313, 92, 1219, 439, 1217, 436, 2, 3, 0.982793723247329, 3.605551275463989
313, 95, 1180, 24, 1184, 26, -4, -2, -2.677945044588987, 4.47213595499958
313, 96, 587, 61, 586, 60, 1, 1, 0.7853981633974483, 1.4142135623730951
313, 97, 1259, 452, 1258, 449, 1, 3, 1.2490457723982544, 3.1622776601683795
313, 98, 1100, 44, 1105, 46, -5, -2, -2.761086276477428, 5.385164807134504
313, 102, 528, 409, 528, 411, 0, -2, -1.5707963267948966, 2.0
313, 104, 522, 413, 521, 415, 1, -2, -1.1071487177940904, 2.23606797749979
313, 105, 1123, 93, 1125, 94, -2, -1, -2.677945044588987, 2.23606797749979
313, 106, 870, 45, 869, 49, 1, -4, -1.3258176636680326, 4.123105625617661
313, 107, 432, 14, 433, 13, -1, 1, 2.356194490192345, 1.4142135623730951
313, 109, 50, 499, 48, 498, 2, 1, 0.4636476090008061, 2.23606797749979
313, 110, 749, 23, 748, 24, 1, -1, -0.7853981633974483, 1.4142135623730951
313, 111, 1082, 74, 1086, 76, -4, -2, -2.677945044588987, 4.47213595499958
313, 112, 1251, 98, 1255, 101, -4, -3, -2.498091544796509, 5.0
313, 113, 274, 318, 273, 319, 1, -1, -0.7853981633974483, 1.4142135623730951
313, 114, 639, 382, 638, 378, 1, 4, 1.3258176636680326, 4.123105625617661
313, 115, 285, 315, 284, 316, 1, -1, -0.7853981633974483, 1.4142135623730951
313, 117, 1161, 73, 1163, 76, -2, -3, -2.158798930342464, 3.605551275463989
313, 118, 743, 467, 745, 471, -2, -4, -2.0344439357957027, 4.47213595499958
313, 119, 542, 370, 541, 373, 1, -3, -1.2490457723982544, 3.1622776601683795
313, 120, 516, 157, 515, 161, 1, -4, -1.3258176636680326, 4.123105625617661
313, 121, 1034, 584, 1035, 587, -1, -3, -1.892546881191539, 3.1622776601683795
313, 122, 585, 42, 582, 41, 3, 1, 0.3217505543966422, 3.1622776601683795
313, 123, 517, 115, 515, 118, 2, -3, -0.982793723247329, 3.605551275463989
313, 125, 101, 185, 104, 181, -3, 4, 2.214297435588181, 5.0
313, 126, 712, 13, 713, 15, -1, -2, -2.0344439357957027, 2.23606797749979
313, 127, 106, 235, 109, 231, -3, 4, 2.214297435588181, 5.0
313, 128, 1246, 45, 1249, 49, -3, -4, -2.214297435588181, 5.0
313, 129, 758, 490, 759, 493, -1, -3, -1.892546881191539, 3.1622776601683795
313, 131, 648, 425, 647, 421, 1, 4, 1.3258176636680326, 4.123105625617661
313, 132, 1070, 511, 1069, 514, 1, -3, -1.2490457723982544, 3.1622776601683795
313, 133, 138, 185, 141, 183, -3, 2, 2.5535900500422257, 3.605551275463989
313, 134, 97, 154, 98, 149, -1, 5, 1.7681918866447774, 5.0990195135927845
314, 1, 1048, 472, 1047, 476, 1, -4, -1.3258176636680326, 4.123105625617661
314, 3, 1002, 645, 1003, 650, -1, -5, -1.7681918866447774, 5.0990195135927845
314, 4, 1064, 474, 1063, 478, 1, -4, -1.3258176636680326, 4.123105625617661
314, 5, 508, 362, 508, 364, 0, -2, -1.5707963267948966, 2.0
314, 6, 130, 209, 131, 207, -1, 2, 2.0344439357957027, 2.23606797749979
314, 10, 975, 614, 976, 618, -1, -4, -1.8157749899217608, 4.123105625617661
314, 11, 22, 283, 22, 281, 0, 2, 1.5707963267948966, 2.0
314, 12, 864, 37, 864, 40, 0, -3, -1.5707963267948966, 3.0
314, 14, 1261, 441, 1261, 438, 0, 3, 1.5707963267948966, 3.0
314, 15, 709, 78, 709, 80, 0, -2, -1.5707963267948966, 2.0
314, 17, 501, 101, 501, 105, 0, -4, -1.5707963267948966, 4.0
314, 18, 544, 386, 544, 390, 0, -4, -1.5707963267948966, 4.0
314, 19, 1041, 543, 1041, 548, 0, -5, -1.5707963267948966, 5.0
314, 20, 960, 648, 961, 653, -1, -5, -1.7681918866447774, 5.0990195135927845
314, 21, 508, 94, 508, 98, 0, -4, -1.5707963267948966, 4.0
314, 22, 27, 443, 25, 441, 2, 2, 0.7853981633974483, 2.8284271247461903
314, 25, 577, 75, 576, 74, 1, 1, 0.7853981633974483, 1.4142135623730951
314, 26, 891, 668, 891, 664, 0, 4, 1.5707963267948966, 4.0
314, 27, 585, 54, 583, 54, 2, 0, 0.0, 2.0
314, 28, 625, 451, 626, 448, -1, 3, 1.892546881191539, 3.1622776601683795
314, 29, 862, 28, 862, 31, 0, -3, -1.5707963267948966, 3.0
314, 30, 855, 37, 855, 40, 0, -3, -1.5707963267948966, 3.0
314, 32, 489, 167, 488, 171, 1, -4, -1.3258176636680326, 4.123105625617661
314, 33, 1103, 35, 1107, 37, -4, -2, -2.677945044588987, 4.47213595499958
314, 34, 998, 608, 999, 613, -1, -5, -1.7681918866447774, 5.0990195135927845
314, 36, 1117, 43, 1121, 45, -4, -2, -2.677945044588987, 4.47213595499958
314, 37, 1221, 9, 1223, 10, -2, -1, -2.677945044588987, 2.23606797749979
314, 38, 487, 143, 486, 147, 1, -4, -1.3258176636680326, 4.123105625617661
314, 39, 873, 659, 872, 656, 1, 3, 1.2490457723982544, 3.1622776601683795
314, 41, 1143, 69, 1145, 71, -2, -2, -2.356194490192345, 2.8284271247461903
314, 42, 719, 507, 721, 509, -2, -2, -2.356194490192345, 2.8284271247461903
314, 43, 512, 103, 512, 107, 0, -4, -1.5707963267948966, 4.0
314, 44, 1069, 526, 1069, 528, 0, -2, -1.5707963267948966, 2.0
314, 45, 893, 696, 892, 692, 1, 4, 1.3258176636680326, 4.123105625617661
314, 46, 656, 437, 656, 434, 0, 3, 1.5707963267948966, 3.0
314, 47, 1105, 42, 1109, 44, -4, -2, -2.677945044588987, 4.47213595499958
314, 50, 110, 163, 111, 160, -1, 3, 1.892546881191539, 3.1622776601683795
314, 51, 749, 513, 752, 517, -3, -4, -2.214297435588181, 5.0
314, 53, 706, 511, 708, 510, -2, 1, 2.677945044588987, 2.23606797749979
314, 54, 522, 298, 522, 301, 0, -3, -1.5707963267948966, 3.0
314, 58, 1173, 15, 1176, 18, -3, -3, -2.356194490192345, 4.242640687119285
314, 61, 24, 432, 22, 430, 2, 2, 0.7853981633974483, 2.8284271247461903
314, 63, 105, 216, 106, 214, -1, 2, 2.0344439357957027, 2.23606797749979
314, 65, 714, 541, 719, 543, -5, -2, -2.761086276477428, 5.385164807134504
314, 67, 1127, 26, 1131, 29, -4, -3, -2.498091544796509, 5.0
314, 68, 596, 14, 593, 15, 3, -1, -0.3217505543966422, 3.1622776601683795
314, 69, 960, 619, 962, 623, -2, -4, -2.0344439357957027, 4.47213595499958
314, 70, 1152, 50, 1155, 52, -3, -2, -2.5535900500422257, 3.605551275463989
314, 71, 857, 117, 857, 119, 0, -2, -1.5707963267948966, 2.0
314, 72, 134, 204, 136, 201, -2, 3, 2.158798930342464, 3.605551275463989
314, 75, 850, 43, 850, 46, 0, -3, -1.5707963267948966, 3.0
314, 76, 660, 128, 659, 126, 1, 2, 1.1071487177940904, 2.23606797749979
314, 77, 40, 159, 43, 159, -3, 0, 3.141592653589793, 3.0
314, 79, 721, 445, 725, 449, -4, -4, -2.356194490192345, 5.656854249492381
314, 80, 857, 693, 857, 689, 0, 4, 1.5707963267948966, 4.0
314, 83, 510, 321, 510, 324, 0, -3, -1.5707963267948966, 3.0
314, 84, 753, 510, 756, 514, -3, -4, -2.214297435588181, 5.0
314, 86, 1222, 442, 1219, 439, 3, 3, 0.7853981633974483, 4.242640687119285
314, 89, 1177, 21, 1180, 24, -3, -3, -2.356194490192345, 4.242640687119285
314, 90, 588, 62, 587, 61, 1, 1, 0.7853981633974483, 1.4142135623730951
314, 91, 1261, 454, 1259, 452, 2, 2, 0.7853981633974483, 2.8284271247461903
314, 92, 1096, 42, 1100, 44, -4, -2, -2.677945044588987, 4.47213595499958
314, 99, 1121, 91, 1123, 93, -2, -2, -2.356194490192345, 2.8284271247461903
314, 100, 870, 42, 870, 45, 0, -3, -1.5707963267948966, 3.0
314, 103, 52, 502, 50, 499, 2, 3, 0.982793723247329, 3.605551275463989
314, 105, 1079, 73, 1082, 74, -3, -1, -2.819842099193151, 3.1622776601683795
314, 106, 1249, 95, 1251, 98, -2, -3, -2.158798930342464, 3.605551275463989
314, 108, 639, 385, 639, 382, 0, 3, 1.5707963267948966, 3.0
314, 111, 1159, 71, 1161, 73, -2, -2, -2.356194490192345, 2.8284271247461903
314, 112, 739, 463, 743, 467, -4, -4, -2.356194490192345, 5.656854249492381
314, 113, 542, 367, 542, 370, 0, -3, -1.5707963267948966, 3.0
314, 114, 517, 153, 516, 157, 1, -4, -1.3258176636680326, 4.123105625617661
314, 115, 587, 42, 585, 42, 2, 0, 0.0, 2.0
314, 116, 517, 111, 517, 115, 0, -4, -1.5707963267948966, 4.0
314, 117, 100, 188, 101, 185, -1, 3, 1.892546881191539, 3.1622776601683795
314, 118, 105, 237, 106, 235, -1, 2, 2.0344439357957027, 2.23606797749979
314, 119, 1245, 42, 1246, 45, -1, -3, -1.892546881191539, 3.1622776601683795
314, 120, 754, 484, 758, 490, -4, -6, -2.158798930342464, 7.211102550927978
314, 122, 648, 428, 648, 425, 0, 3, 1.5707963267948966, 3.0
314, 123, 1071, 508, 1070, 511, 1, -3, -1.2490457723982544, 3.1622776601683795
314, 124, 137, 187, 138, 185, -1, 2, 2.0344439357957027, 2.23606797749979
314, 125, 96, 156, 97, 154, -1, 2, 2.0344439357957027, 2.23606797749979
315, 2, 1049, 468, 1048, 473, 1, -5, -1.373400766945016, 5.0990195135927845
315, 3, 1067, 473, 1066, 477, 1, -4, -1.3258176636680326, 4.123105625617661
315, 4, 133, 207, 134, 205, -1, 2, 2.0344439357957027, 2.23606797749979
315, 5, 1069, 520, 1069, 523, 0, -3, -1.5707963267948966, 3.0
315, 8, 867, 45, 867, 47, 0, -2, -1.5707963267948966, 2.0
315, 9, 709, 80, 709, 83, 0, -3, -1.5707963267948966, 3.0
315, 10, 873, 663, 872, 661, 1, 2, 1.1071487177940904, 2.23606797749979
315, 12, 1165, 76, 1167, 78, -2, -2, -2.356194490192345, 2.8284271247461903
315, 13, 501, 105, 501, 109, 0, -4, -1.5707963267948966, 4.0
315, 14, 754, 508, 758, 512, -4, -4, -2.356194490192345, 5.656854249492381
315, 15, 1122, 43, 1126, 45, -4, -2, -2.677945044588987, 4.47213595499958
315, 16, 592, 9, 589, 10, 3, -1, -0.3217505543966422, 3.1622776601683795
315, 18, 26, 443, 24, 441, 2, 2, 0.7853981633974483, 2.8284271247461903
315, 20, 487, 146, 486, 150, 1, -4, -1.3258176636680326, 4.123105625617661
315, 21, 1005, 645, 1006, 650, -1, -5, -1.7681918866447774, 5.0990195135927845
315, 22, 728, 504, 730, 508, -2, -4, -2.0344439357957027, 4.47213595499958
315, 24, 864, 36, 864, 38, 0, -2, -1.5707963267948966, 2.0
315, 25, 937, 12, 939, 12, -2, 0, 3.141592653589793, 2.0
315, 27, 720, 504, 723, 507, -3, -3, -2.356194490192345, 4.242640687119285
315, 28, 546, 370, 546, 375, 0, -5, -1.5707963267948966, 5.0
315, 29, 981, 606, 982, 610, -1, -4, -1.8157749899217608, 4.123105625617661
315, 32, 975, 612, 976, 616, -1, -4, -1.8157749899217608, 4.123105625617661
315, 33, 1111, 45, 1115, 47, -4, -2, -2.677945044588987, 4.47213595499958
315, 34, 1261, 444, 1271, 440, -10, 4, 2.761086276477428, 10.770329614269007
315, 36, 114, 159, 115, 157, -1, 2, 2.0344439357957027, 2.23606797749979
315, 37, 962, 640, 963, 645, -1, -5, -1.7681918866447774, 5.0990195135927845
315, 38, 857, 45, 857, 47, 0, -2, -1.5707963267948966, 2.0
315, 39, 999, 614, 1001, 619, -2, -5, -1.9513027039072615, 5.385164807134504
315, 40, 1074, 514, 1073, 517, 1, -3, -1.2490457723982544, 3.1622776601683795
315, 42, 511, 107, 511, 111, 0, -4, -1.5707963267948966, 4.0
315, 43, 26, 433, 23, 431, 3, 2, 0.5880026035475675, 3.605551275463989
315, 44, 1048, 531, 1048, 535, 0, -4, -1.5707963267948966, 4.0
315, 45, 739, 562, 739, 564, 0, -2, -1.5707963267948966, 2.0
315, 46, 749, 514, 752, 518, -3, -4, -2.214297435588181, 5.0
315, 47, 508, 98, 508, 102, 0, -4, -1.5707963267948966, 4.0
315, 48, 1224, 15, 1227, 16, -3, -1, -2.819842099193151, 3.1622776601683795
315, 50, 507, 370, 507, 372, 0, -2, -1.5707963267948966, 2.0
315, 51, 580, 69, 579, 68, 1, 1, 0.7853981633974483, 1.4142135623730951
315, 52, 521, 309, 522, 312, -1, -3, -1.892546881191539, 3.1622776601683795
315, 53, 1069, 500, 1069, 505, 0, -5, -1.5707963267948966, 5.0
315, 56, 854, 115, 854, 117, 0, -2, -1.5707963267948966, 2.0
315, 57, 490, 170, 489, 174, 1, -4, -1.3258176636680326, 4.123105625617661
315, 59, 850, 701, 850, 710, 0, -9, -1.5707963267948966, 9.0
315, 60, 717, 546, 722, 549, -5, -3, -2.601173153319209, 5.830951894845301
315, 62, 1111, 37, 1114, 39, -3, -2, -2.5535900500422257, 3.605551275463989
315, 63, 24, 280, 24, 278, 0, 2, 1.5707963267948966, 2.0
315, 64, 730, 519, 732, 523, -2, -4, -2.0344439357957027, 4.47213595499958
315, 66, 710, 517, 713, 517, -3, 0, 3.141592653589793, 3.0
315, 67, 1180, 16, 1183, 19, -3, -3, -2.356194490192345, 4.242640687119285
315, 68, 480, 160, 478, 164, 2, -4, -1.1071487177940904, 4.47213595499958
315, 71, 1012, 642, 1013, 647, -1, -5, -1.7681918866447774, 5.0990195135927845
315, 73, 864, 114, 863, 116, 1, -2, -1.1071487177940904, 2.23606797749979
315, 74, 894, 672, 894, 668, 0, 4, 1.5707963267948966, 4.0
315, 76, 705, 141, 705, 143, 0, -2, -1.5707963267948966, 2.0
315, 77, 1245, 138, 1249, 141, -4, -3, -2.498091544796509, 5.0
315, 78, 895, 698, 894, 693, 1, 5, 1.373400766945016, 5.0990195135927845
315, 80, 665, 102, 664, 101, 1, 1, 0.7853981633974483, 1.4142135623730951
315, 82, 1261, 456, 1263, 454, -2, 2, 2.356194490192345, 2.8284271247461903
315, 83, 1137, 63, 1140, 65, -3, -2, -2.5535900500422257, 3.605551275463989
315, 84, 1104, 115, 1106, 117, -2, -2, -2.356194490192345, 2.8284271247461903
315, 85, 501, 194, 502, 199, -1, -5, -1.7681918866447774, 5.0990195135927845
315, 86, 1103, 44, 1107, 46, -4, -2, -2.677945044588987, 4.47213595499958
315, 88, 1082, 77, 1085, 78, -3, -1, -2.819842099193151, 3.1622776601683795
315, 89, 1080, 525, 1078, 527, 2, -2, -0.7853981633974483, 2.8284271247461903
315, 90, 109, 217, 110, 215, -1, 2, 2.0344439357957027, 2.23606797749979
315, 93, 724, 447, 728, 451, -4, -4, -2.356194490192345, 5.656854249492381
315, 94, 494, 112, 494, 116, 0, -4, -1.5707963267948966, 4.0
315, 96, 511, 331, 511, 334, 0, -3, -1.5707963267948966, 3.0
315, 97, 1087, 82, 1090, 83, -3, -1, -2.819842099193151, 3.1622776601683795
315, 98, 589, 18, 586, 19, 3, -1, -0.3217505543966422, 3.1622776601683795
315, 99, 1058, 530, 1059, 534, -1, -4, -1.8157749899217608, 4.123105625617661
315, 102, 60, 514, 58, 514, 2, 0, 0.0, 2.0
315, 103, 139, 202, 141, 200, -2, 2, 2.356194490192345, 2.8284271247461903
315, 104, 989, 670, 993, 673, -4, -3, -2.498091544796509, 5.0
315, 105, 1230, 160, 1232, 160, -2, 0, 3.141592653589793, 2.0
315, 107, 1128, 84, 1129, 88, -1, -4, -1.8157749899217608, 4.123105625617661
315, 108, 585, 48, 584, 49, 1, -1, -0.7853981633974483, 1.4142135623730951
315, 111, 17, 450, 15, 448, 2, 2, 0.7853981633974483, 2.8284271247461903
315, 113, 1044, 540, 1044, 544, 0, -4, -1.5707963267948966, 4.0
315, 114, 39, 164, 41, 164, -2, 0, 3.141592653589793, 2.0
315, 116, 1204, 43, 1206, 44, -2, -1, -2.677945044588987, 2.23606797749979
315, 118, 641, 381, 641, 378, 0, 3, 1.5707963267948966, 3.0
315, 119, 662, 131, 661, 129, 1, 2, 1.1071487177940904, 2.23606797749979
315, 120, 754, 487, 758, 492, -4, -5, -2.2455372690184494, 6.4031242374328485
315, 121, 1219, 487, 1217, 486, 2, 1, 0.4636476090008061, 2.23606797749979
315, 125, 1224, 130, 1225, 133, -1, -3, -1.892546881191539, 3.1622776601683795
315, 127, 1134, 31, 1138, 33, -4, -2, -2.677945044588987, 4.47213595499958
315, 128, 1119, 67, 1122, 69, -3, -2, -2.5535900500422257, 3.605551275463989
315, 129, 44, 509, 43, 508, 1, 1, 0.7853981633974483, 1.4142135623730951
315, 130, 1223, 441, 1220, 438, 3, 3, 0.7853981633974483, 4.242640687119285
315, 132, 544, 358, 543, 361, 1, -3, -1.2490457723982544, 3.1622776601683795
315, 133, 956, 635, 957, 640, -1, -5, -1.7681918866447774, 5.0990195135927845
316, 2, 1050, 464, 1049, 468, 1, -4, -1.3258176636680326, 4.123105625617661
316, 3, 1068, 469, 1067, 473, 1, -4, -1.3258176636680326, 4.123105625617661
316, 4, 132, 209, 133, 207, -1, 2, 2.0344439357957027, 2.23606797749979
316, 5, 1069, 517, 1069, 520, 0, -3, -1.5707963267948966, 3.0
316, 9, 709, 77, 709, 80, 0, -3, -1.5707963267948966, 3.0
316, 10, 875, 665, 873, 663, 2, 2, 0.7853981633974483, 2.8284271247461903
316, 12, 1163, 74, 1165, 76, -2, -2, -2.356194490192345, 2.8284271247461903
316, 13, 501, 102, 501, 105, 0, -3, -1.5707963267948966, 3.0
316, 14, 750, 504, 754, 508, -4, -4, -2.356194490192345, 5.656854249492381
316, 15, 1118, 40, 1122, 43, -4, -3, -2.498091544796509, 5.0
316, 17, 28, 445, 26, 443, 2, 2, 0.7853981633974483, 2.8284271247461903
316, 19, 488, 143, 487, 146, 1, -3, -1.2490457723982544, 3.1622776601683795
316, 20, 1004, 640, 1005, 645, -1, -5, -1.7681918866447774, 5.0990195135927845
316, 21, 725, 500, 728, 504, -3, -4, -2.214297435588181, 5.0
316, 24, 935, 11, 937, 12, -2, -1, -2.677945044588987, 2.23606797749979
316, 26, 717, 501, 720, 504, -3, -3, -2.356194490192345, 4.242640687119285
316, 27, 546, 366, 546, 370, 0, -4, -1.5707963267948966, 4.0
316, 28, 980, 601, 981, 606, -1, -5, -1.7681918866447774, 5.0990195135927845
316, 31, 974, 607, 975, 612, -1, -5, -1.7681918866447774, 5.0990195135927845
316, 32, 1107, 42, 1111, 45, -4, -3, -2.498091544796509, 5.0
316, 33, 1261, 447, 1261, 444, 0, 3, 1.5707963267948966, 3.0
316, 35, 114, 161, 114, 159, 0, 2, 1.5707963267948966, 2.0
316, 36, 961, 635, 962, 640, -1, -5, -1.7681918866447774, 5.0990195135927845
316, 37, 857, 43, 857, 45, 0, -2, -1.5707963267948966, 2.0
316, 38, 998, 609, 999, 614, -1, -5, -1.7681918866447774, 5.0990195135927845
316, 39, 1075, 511, 1074, 514, 1, -3, -1.2490457723982544, 3.1622776601683795
316, 41, 511, 103, 511, 107, 0, -4, -1.5707963267948966, 4.0
316, 42, 28, 435, 26, 433, 2, 2, 0.7853981633974483, 2.8284271247461903
316, 43, 1048, 528, 1048, 531, 0, -3, -1.5707963267948966, 3.0
316, 45, 745, 510, 749, 514, -4, -4, -2.356194490192345, 5.656854249492381
316, 46, 508, 94, 508, 98, 0, -4, -1.5707963267948966, 4.0
316, 47, 1221, 14, 1224, 15, -3, -1, -2.819842099193151, 3.1622776601683795
316, 49, 507, 367, 507, 370, 0, -3, -1.5707963267948966, 3.0
316, 50, 581, 70, 580, 69, 1, 1, 0.7853981633974483, 1.4142135623730951
316, 51, 520, 305, 521, 309, -1, -4, -1.8157749899217608, 4.123105625617661
316, 52, 1070, 496, 1069, 500, 1, -4, -1.3258176636680326, 4.123105625617661
316, 56, 491, 166, 490, 170, 1, -4, -1.3258176636680326, 4.123105625617661
316, 59, 713, 541, 717, 546, -4, -5, -2.2455372690184494, 6.4031242374328485
316, 61, 1107, 34, 1111, 37, -4, -3, -2.498091544796509, 5.0
316, 62, 24, 282, 24, 280, 0, 2, 1.5707963267948966, 2.0
316, 63, 728, 515, 730, 519, -2, -4, -2.0344439357957027, 4.47213595499958
316, 65, 707, 516, 710, 517, -3, -1, -2.819842099193151, 3.1622776601683795
316, 66, 1177, 13, 1180, 16, -3, -3, -2.356194490192345, 4.242640687119285
316, 67, 482, 156, 480, 160, 2, -4, -1.1071487177940904, 4.47213595499958
316, 70, 1011, 637, 1012, 642, -1, -5, -1.7681918866447774, 5.0990195135927845
316, 72, 865, 112, 864, 114, 1, -2, -1.1071487177940904, 2.23606797749979
316, 73, 893, 676, 894, 672, -1, 4, 1.8157749899217608, 4.123105625617661
316, 75, 705, 139, 705, 141, 0, -2, -1.5707963267948966, 2.0
316, 76, 1241, 135, 1245, 138, -4, -3, -2.498091544796509, 5.0
316, 77, 896, 701, 895, 698, 1, 3, 1.2490457723982544, 3.1622776601683795
316, 78, 1028, 535, 1027, 536, 1, -1, -0.7853981633974483, 1.4142135623730951
316, 81, 1261, 458, 1261, 456, 0, 2, 1.5707963267948966, 2.0
316, 82, 1133, 60, 1137, 63, -4, -3, -2.498091544796509, 5.0
316, 83, 1101, 113, 1104, 115, -3, -2, -2.5535900500422257, 3.605551275463989
316, 84, 501, 191, 501, 194, 0, -3, -1.5707963267948966, 3.0
316, 85, 1099, 41, 1103, 44, -4, -3, -2.498091544796509, 5.0
316, 87, 1079, 76, 1082, 77, -3, -1, -2.819842099193151, 3.1622776601683795
316, 88, 1081, 522, 1080, 525, 1, -3, -1.2490457723982544, 3.1622776601683795
316, 89, 108, 219, 109, 217, -1, 2, 2.0344439357957027, 2.23606797749979
316, 92, 719, 443, 724, 447, -5, -4, -2.4668517113662407, 6.4031242374328485
316, 93, 494, 109, 494, 112, 0, -3, -1.5707963267948966, 3.0
316, 95, 511, 328, 511, 331, 0, -3, -1.5707963267948966, 3.0
316, 96, 1084, 81, 1087, 82, -3, -1, -2.819842099193151, 3.1622776601683795
316, 97, 592, 17, 589, 18, 3, -1, -0.3217505543966422, 3.1622776601683795
316, 98, 1057, 527, 1058, 530, -1, -3, -1.892546881191539, 3.1622776601683795
316, 99, 636, 467, 637, 464, -1, 3, 1.892546881191539, 3.1622776601683795
316, 100, 63, 512, 60, 514, 3, -2, -0.5880026035475675, 3.605551275463989
316, 101, 138, 204, 139, 202, -1, 2, 2.0344439357957027, 2.23606797749979
316, 102, 985, 666, 989, 670, -4, -4, -2.356194490192345, 5.656854249492381
316, 105, 1126, 81, 1128, 84, -2, -3, -2.158798930342464, 3.605551275463989
316, 106, 586, 47, 585, 48, 1, -1, -0.7853981633974483, 1.4142135623730951
316, 109, 19, 452, 17, 450, 2, 2, 0.7853981633974483, 2.8284271247461903
316, 111, 1044, 537, 1044, 540, 0, -3, -1.5707963267948966, 3.0
316, 114, 1202, 42, 1204, 43, -2, -1, -2.677945044588987, 2.23606797749979
316, 116, 641, 384, 641, 381, 0, 3, 1.5707963267948966, 3.0
316, 117, 662, 133, 662, 131, 0, 2, 1.5707963267948966, 2.0
316, 118, 750, 482, 754, 487, -4, -5, -2.2455372690184494, 6.4031242374328485
316, 119, 1221, 490, 1219, 487, 2, 3, 0.982793723247329, 3.605551275463989
316, 123, 1222, 126, 1224, 130, -2, -4, -2.0344439357957027, 4.47213595499958
316, 125, 1130, 29, 1134, 31, -4, -2, -2.677945044588987, 4.47213595499958
316, 126, 1117, 65, 1119, 67, -2, -2, -2.356194490192345, 2.8284271247461903
316, 127, 46, 511, 44, 509, 2, 2, 0.7853981633974483, 2.8284271247461903
316, 128, 1225, 444, 1223, 441, 2, 3, 0.982793723247329, 3.605551275463989
316, 130, 544, 354, 544, 358, 0, -4, -1.5707963267948966, 4.0
316, 131, 955, 630, 956, 635, -1, -5, -1.7681918866447774, 5.0990195135927845
317, 2, 1051, 460, 1050, 464, 1, -4, -1.3258176636680326, 4.123105625617661
317, 3, 1069, 465, 1068, 469, 1, -4, -1.3258176636680326, 4.123105625617661
317, 4, 131, 210, 132, 209, -1, 1, 2.356194490192345, 1.4142135623730951
317, 5, 1069, 513, 1069, 517, 0, -4, -1.5707963267948966, 4.0
317, 9, 709, 74, 709, 77, 0, -3, -1.5707963267948966, 3.0
317, 10, 877, 667, 875, 665, 2, 2, 0.7853981633974483, 2.8284271247461903
317, 12, 1161, 73, 1163, 74, -2, -1, -2.677945044588987, 2.23606797749979
317, 13, 501, 99, 501, 102, 0, -3, -1.5707963267948966, 3.0
317, 14, 746, 500, 750, 504, -4, -4, -2.356194490192345, 5.656854249492381
317, 15, 1114, 38, 1118, 40, -4, -2, -2.677945044588987, 4.47213595499958
317, 16, 528, 411, 528, 413, 0, -2, -1.5707963267948966, 2.0
317, 17, 30, 447, 28, 445, 2, 2, 0.7853981633974483, 2.8284271247461903
317, 18, 489, 139, 488, 143, 1, -4, -1.3258176636680326, 4.123105625617661
317, 19, 1003, 635, 1004, 640, -1, -5, -1.7681918866447774, 5.0990195135927845
317, 20, 722, 496, 725, 500, -3, -4, -2.214297435588181, 5.0
317, 24, 714, 498, 717, 501, -3, -3, -2.356194490192345, 4.242640687119285
317, 25, 546, 361, 546, 366, 0, -5, -1.5707963267948966, 5.0
317, 26, 979, 596, 980, 601, -1, -5, -1.7681918866447774, 5.0990195135927845
317, 29, 973, 602, 974, 607, -1, -5, -1.7681918866447774, 5.0990195135927845
317, 30, 1103, 39, 1107, 42, -4, -3, -2.498091544796509, 5.0
317, 31, 1261, 450, 1261, 447, 0, 3, 1.5707963267948966, 3.0
317, 33, 113, 163, 114, 161, -1, 2, 2.0344439357957027, 2.23606797749979
317, 34, 960, 630, 961, 635, -1, -5, -1.7681918866447774, 5.0990195135927845
317, 36, 997, 604, 998, 609, -1, -5, -1.7681918866447774, 5.0990195135927845
317, 37, 1076, 507, 1075, 511, 1, -4, -1.3258176636680326, 4.123105625617661
317, 39, 511, 100, 511, 103, 0, -3, -1.5707963267948966, 3.0
317, 40, 30, 437, 28, 435, 2, 2, 0.7853981633974483, 2.8284271247461903
317, 41, 1047, 525, 1048, 528, -1, -3, -1.892546881191539, 3.1622776601683795
317, 43, 742, 505, 745, 510, -3, -5, -2.1112158270654806, 5.830951894845301
317, 44, 508, 91, 508, 94, 0, -3, -1.5707963267948966, 3.0
317, 45, 1219, 13, 1221, 14, -2, -1, -2.677945044588987, 2.23606797749979
317, 47, 507, 363, 507, 367, 0, -4, -1.5707963267948966, 4.0
317, 49, 519, 301, 520, 305, -1, -4, -1.8157749899217608, 4.123105625617661
317, 50, 1071, 492, 1070, 496, 1, -4, -1.3258176636680326, 4.123105625617661
317, 53, 854, 112, 854, 114, 0, -2, -1.5707963267948966, 2.0
317, 54, 492, 162, 491, 166, 1, -4, -1.3258176636680326, 4.123105625617661
317, 57, 710, 535, 713, 541, -3, -6, -2.0344439357957027, 6.708203932499369
317, 59, 1103, 31, 1107, 34, -4, -3, -2.498091544796509, 5.0
317, 61, 726, 511, 728, 515, -2, -4, -2.0344439357957027, 4.47213595499958
317, 63, 704, 514, 707, 516, -3, -2, -2.5535900500422257, 3.605551275463989
317, 64, 1174, 10, 1177, 13, -3, -3, -2.356194490192345, 4.242640687119285
317, 65, 484, 152, 482, 156, 2, -4, -1.1071487177940904, 4.47213595499958
317, 67, 509, 180, 509, 182, 0, -2, -1.5707963267948966, 2.0
317, 68, 1010, 632, 1011, 637, -1, -5, -1.7681918866447774, 5.0990195135927845
317, 70, 865, 109, 865, 112, 0, -3, -1.5707963267948966, 3.0
317, 71, 892, 680, 893, 676, -1, 4, 1.8157749899217608, 4.123105625617661
317, 73, 705, 137, 705, 139, 0, -2, -1.5707963267948966, 2.0
317, 74, 1239, 132, 1241, 135, -2, -3, -2.158798930342464, 3.605551275463989
317, 76, 1029, 532, 1028, 535, 1, -3, -1.2490457723982544, 3.1622776601683795
317, 79, 1261, 460, 1261, 458, 0, 2, 1.5707963267948966, 2.0
317, 80, 1130, 58, 1133, 60, -3, -2, -2.5535900500422257, 3.605551275463989
317, 81, 1099, 112, 1101, 113, -2, -1, -2.677945044588987, 2.23606797749979
317, 82, 501, 188, 501, 191, 0, -3, -1.5707963267948966, 3.0
317, 83, 1095, 38, 1099, 41, -4, -3, -2.498091544796509, 5.0
317, 85, 1076, 75, 1079, 76, -3, -1, -2.819842099193151, 3.1622776601683795
317, 86, 1082, 519, 1081, 522, 1, -3, -1.2490457723982544, 3.1622776601683795
317, 87, 107, 220, 108, 219, -1, 1, 2.356194490192345, 1.4142135623730951
317, 90, 715, 439, 719, 443, -4, -4, -2.356194490192345, 5.656854249492381
317, 91, 494, 106, 494, 109, 0, -3, -1.5707963267948966, 3.0
317, 93, 510, 324, 511, 328, -1, -4, -1.8157749899217608, 4.123105625617661
317, 94, 1082, 80, 1084, 81, -2, -1, -2.677945044588987, 2.23606797749979
317, 95, 595, 17, 592, 17, 3, 0, 0.0, 3.0
317, 96, 1055, 525, 1057, 527, -2, -2, -2.356194490192345, 2.8284271247461903
317, 97, 635, 471, 636, 467, -1, 4, 1.8157749899217608, 4.123105625617661
317, 98, 64, 510, 63, 512, 1, -2, -1.1071487177940904, 2.23606797749979
317, 99, 136, 205, 138, 204, -2, 1, 2.677945044588987, 2.23606797749979
317, 100, 982, 662, 985, 666, -3, -4, -2.214297435588181, 5.0
317, 103, 1124, 79, 1126, 81, -2, -2, -2.356194490192345, 2.8284271247461903
317, 104, 587, 46, 586, 47, 1, -1, -0.7853981633974483, 1.4142135623730951
317, 107, 21, 454, 19, 452, 2, 2, 0.7853981633974483, 2.8284271247461903
317, 109, 1043, 533, 1044, 537, -1, -4, -1.8157749899217608, 4.123105625617661
317, 112, 1199, 42, 1202, 42, -3, 0, 3.141592653589793, 3.0
317, 114, 640, 387, 641, 384, -1, 3, 1.892546881191539, 3.1622776601683795
317, 116, 746, 478, 750, 482, -4, -4, -2.356194490192345, 5.656854249492381
317, 117, 1222, 492, 1221, 490, 1, 2, 1.1071487177940904, 2.23606797749979
317, 121, 1219, 121, 1222, 126, -3, -5, -2.1112158270654806, 5.830951894845301
317, 123, 1126, 27, 1130, 29, -4, -2, -2.677945044588987, 4.47213595499958
317, 124, 1114, 63, 1117, 65, -3, -2, -2.5535900500422257, 3.605551275463989
317, 125, 47, 513, 46, 511, 1, 2, 1.1071487177940904, 2.23606797749979
317, 126, 1227, 446, 1225, 444, 2, 2, 0.7853981633974483, 2.8284271247461903
317, 128, 544, 350, 544, 354, 0, -4, -1.5707963267948966, 4.0
317, 129, 954, 625, 955, 630, -1, -5, -1.7681918866447774, 5.0990195135927845
318, 2, 1052, 455, 1051, 460, 1, -5, -1.373400766945016, 5.0990195135927845
318, 3, 1070, 461, 1069, 465, 1, -4, -1.3258176636680326, 4.123105625617661
318, 4, 129, 212, 131, 210, -2, 2, 2.356194490192345, 2.8284271247461903
318, 5, 1070, 508, 1069, 513, 1, -5, -1.373400766945016, 5.0990195135927845
318, 8, 868, 40, 867, 43, 1, -3, -1.2490457723982544, 3.1622776601683795
318, 9, 708, 70, 709, 74, -1, -4, -1.8157749899217608, 4.123105625617661
318, 10, 879, 670, 877, 667, 2, 3, 0.982793723247329, 3.605551275463989
318, 12, 502, 95, 501, 99, 1, -4, -1.3258176636680326, 4.123105625617661
318, 13, 741, 496, 746, 500, -5, -4, -2.4668517113662407, 6.4031242374328485
318, 14, 1110, 36, 1114, 38, -4, -2, -2.677945044588987, 4.47213595499958
318, 15, 528, 406, 528, 411, 0, -5, -1.5707963267948966, 5.0
318, 17, 491, 136, 489, 139, 2, -3, -0.982793723247329, 3.605551275463989
318, 18, 1002, 629, 1003, 635, -1, -6, -1.7359450042095235, 6.082762530298219
318, 19, 718, 491, 722, 496, -4, -5, -2.2455372690184494, 6.4031242374328485
318, 20, 593, 69, 593, 71, 0, -2, -1.5707963267948966, 2.0
318, 21, 865, 31, 864, 34, 1, -3, -1.2490457723982544, 3.1622776601683795
318, 22, 44, 117, 47, 116, -3, 1, 2.819842099193151, 3.1622776601683795
318, 23, 710, 493, 714, 498, -4, -5, -2.2455372690184494, 6.4031242374328485
318, 24, 547, 356, 546, 361, 1, -5, -1.373400766945016, 5.0990195135927845
318, 25, 977, 593, 979, 596, -2, -3, -2.158798930342464, 3.605551275463989
318, 28, 971, 599, 973, 602, -2, -3, -2.158798930342464, 3.605551275463989
318, 29, 1099, 36, 1103, 39, -4, -3, -2.498091544796509, 5.0
318, 30, 1261, 454, 1261, 450, 0, 4, 1.5707963267948966, 4.0
318, 32, 112, 166, 113, 163, -1, 3, 1.892546881191539, 3.1622776601683795
318, 33, 960, 626, 960, 630, 0, -4, -1.5707963267948966, 4.0
318, 34, 858, 39, 857, 42, 1, -3, -1.2490457723982544, 3.1622776601683795
318, 35, 996, 599, 997, 604, -1, -5, -1.7681918866447774, 5.0990195135927845
318, 36, 1077, 502, 1076, 507, 1, -5, -1.373400766945016, 5.0990195135927845
318, 38, 511, 96, 511, 100, 0, -4, -1.5707963267948966, 4.0
318, 39, 32, 438, 30, 437, 2, 1, 0.4636476090008061, 2.23606797749979
318, 40, 1047, 522, 1047, 525, 0, -3, -1.5707963267948966, 3.0
318, 42, 738, 501, 742, 505, -4, -4, -2.356194490192345, 5.656854249492381
318, 43, 508, 86, 508, 91, 0, -5, -1.5707963267948966, 5.0
318, 44, 1216, 11, 1219, 13, -3, -2, -2.5535900500422257, 3.605551275463989
318, 46, 507, 357, 507, 363, 0, -6, -1.5707963267948966, 6.0
318, 48, 518, 293, 519, 301, -1, -8, -1.695151321341658, 8.06225774829855
318, 49, 1073, 485, 1071, 492, 2, -7, -1.2924966677897853, 7.280109889280518
318, 50, 683, 100, 683, 98, 0, 2, 1.5707963267948966, 2.0
318, 51, 23, 114, 25, 113, -2, 1, 2.677945044588987, 2.23606797749979
318, 52, 854, 110, 854, 112, 0, -2, -1.5707963267948966, 2.0
318, 53, 494, 159, 492, 162, 2, -3, -0.982793723247329, 3.605551275463989
318, 55, 854, 701, 852, 701, 2, 0, 0.0, 2.0
318, 56, 707, 529, 710, 535, -3, -6, -2.0344439357957027, 6.708203932499369
318, 58, 1099, 28, 1103, 31, -4, -3, -2.498091544796509, 5.0
318, 59, 25, 286, 24, 283, 1, 3, 1.2490457723982544, 3.1622776601683795
318, 60, 724, 508, 726, 511, -2, -3, -2.158798930342464, 3.605551275463989
318, 61, 22, 88, 24, 88, -2, 0, 3.141592653589793, 2.0
318, 62, 700, 508, 704, 514, -4, -6, -2.158798930342464, 7.211102550927978
318, 63, 1171, 9, 1174, 10, -3, -1, -2.819842099193151, 3.1622776601683795
318, 64, 486, 149, 484, 152, 2, -3, -0.982793723247329, 3.605551275463989
318, 67, 1009, 625, 1010, 632, -1, -7, -1.7126933813990606, 7.0710678118654755
318, 69, 865, 106, 865, 109, 0, -3, -1.5707963267948966, 3.0
318, 70, 890, 684, 892, 680, -2, 4, 2.0344439357957027, 4.47213595499958
318, 71, 705, 135, 705, 137, 0, -2, -1.5707963267948966, 2.0
318, 72, 1238, 128, 1239, 132, -1, -4, -1.8157749899217608, 4.123105625617661
318, 73, 895, 701, 897, 701, -2, 0, 3.141592653589793, 2.0
318, 74, 1031, 529, 1029, 532, 2, -3, -0.982793723247329, 3.605551275463989
318, 75, 668, 104, 667, 102, 1, 2, 1.1071487177940904, 2.23606797749979
318, 77, 1261, 464, 1261, 460, 0, 4, 1.5707963267948966, 4.0
318, 78, 1126, 56, 1130, 58, -4, -2, -2.677945044588987, 4.47213595499958
318, 80, 502, 186, 501, 188, 1, -2, -1.1071487177940904, 2.23606797749979
318, 81, 1090, 36, 1095, 38, -5, -2, -2.761086276477428, 5.385164807134504
318, 82, 642, 93, 641, 91, 1, 2, 1.1071487177940904, 2.23606797749979
318, 83, 1073, 76, 1076, 75, -3, 1, 2.819842099193151, 3.1622776601683795
318, 84, 1083, 515, 1082, 519, 1, -4, -1.3258176636680326, 4.123105625617661
318, 85, 105, 223, 107, 220, -2, 3, 2.158798930342464, 3.605551275463989
318, 88, 712, 434, 715, 439, -3, -5, -2.1112158270654806, 5.830951894845301
318, 89, 495, 102, 494, 106, 1, -4, -1.3258176636680326, 4.123105625617661
318, 90, 638, 99, 637, 97, 1, 2, 1.1071487177940904, 2.23606797749979
318, 91, 510, 319, 510, 324, 0, -5, -1.5707963267948966, 5.0
318, 92, 1079, 81, 1082, 80, -3, 1, 2.819842099193151, 3.1622776601683795
318, 93, 598, 17, 595, 17, 3, 0, 0.0, 3.0
318, 94, 1053, 521, 1055, 525, -2, -4, -2.0344439357957027, 4.47213595499958
318, 97, 133, 207, 136, 205, -3, 2, 2.5535900500422257, 3.605551275463989
318, 98, 978, 659, 982, 662, -4, -3, -2.498091544796509, 5.0
318, 99, 1226, 160, 1228, 160, -2, 0, 3.141592653589793, 2.0
318, 101, 1120, 77, 1124, 79, -4, -2, -2.677945044588987, 4.47213595499958
318, 102, 589, 45, 587, 46, 2, -1, -0.4636476090008061, 2.23606797749979
318, 105, 23, 454, 21, 454, 2, 0, 0.0, 2.0
318, 107, 1043, 529, 1043, 533, 0, -4, -1.5707963267948966, 4.0
318, 108, 36, 165, 37, 164, -1, 1, 2.356194490192345, 1.4142135623730951
318, 110, 1195, 40, 1199, 42, -4, -2, -2.677945044588987, 4.47213595499958
318, 112, 640, 391, 640, 387, 0, 4, 1.5707963267948966, 4.0
318, 114, 1221, 490, 1222, 492, -1, -2, -2.0344439357957027, 2.23606797749979
318, 118, 1216, 118, 1219, 121, -3, -3, -2.356194490192345, 4.242640687119285
318, 120, 1121, 26, 1126, 27, -5, -1, -2.9441970937399127, 5.0990195135927845
318, 123, 1229, 449, 1227, 446, 2, 3, 0.982793723247329, 3.605551275463989
318, 125, 545, 345, 544, 350, 1, -5, -1.373400766945016, 5.0990195135927845
318, 126, 954, 621, 954, 625, 0, -4, -1.5707963267948966, 4.0
319, 2, 1053, 450, 1052, 455, 1, -5, -1.373400766945016, 5.0990195135927845
319, 3, 1071, 457, 1070, 461, 1, -4, -1.3258176636680326, 4.123105625617661
319, 5, 1070, 503, 1070, 508, 0, -5, -1.5707963267948966, 5.0
319, 8, 868, 38, 868, 40, 0, -2, -1.5707963267948966, 2.0
319, 9, 708, 66, 708, 70, 0, -4, -1.5707963267948966, 4.0
319, 10, 879, 675, 879, 670, 0, 5, 1.5707963267948966, 5.0
319, 12, 502, 92, 502, 95, 0, -3, -1.5707963267948966, 3.0
319, 13, 737, 492, 741, 496, -4, -4, -2.356194490192345, 5.656854249492381
319, 14, 1106, 34, 1110, 36, -4, -2, -2.677945044588987, 4.47213595499958
319, 15, 528, 401, 528, 406, 0, -5, -1.5707963267948966, 5.0
319, 16, 32, 449, 30, 447, 2, 2, 0.7853981633974483, 2.8284271247461903
319, 18, 1001, 624, 1002, 629, -1, -5, -1.7681918866447774, 5.0990195135927845
319, 19, 714, 487, 718, 491, -4, -4, -2.356194490192345, 5.656854249492381
319, 21, 865, 29, 865, 31, 0, -2, -1.5707963267948966, 2.0
319, 22, 42, 117, 44, 117, -2, 0, 3.141592653589793, 2.0
319, 23, 706, 489, 710, 493, -4, -4, -2.356194490192345, 5.656854249492381
319, 24, 547, 353, 547, 356, 0, -3, -1.5707963267948966, 3.0
319, 25, 976, 589, 977, 593, -1, -4, -1.8157749899217608, 4.123105625617661
319, 28, 970, 595, 971, 599, -1, -4, -1.8157749899217608, 4.123105625617661
319, 29, 1095, 33, 1099, 36, -4, -3, -2.498091544796509, 5.0
319, 30, 1261, 457, 1261, 454, 0, 3, 1.5707963267948966, 3.0
319, 32, 111, 167, 112, 166, -1, 1, 2.356194490192345, 1.4142135623730951
319, 33, 960, 621, 960, 626, 0, -5, -1.5707963267948966, 5.0
319, 34, 858, 37, 858, 39, 0, -2, -1.5707963267948966, 2.0
319, 35, 996, 594, 996, 599, 0, -5, -1.5707963267948966, 5.0
319, 36, 1078, 497, 1077, 502, 1, -5, -1.373400766945016, 5.0990195135927845
319, 38, 511, 93, 511, 96, 0, -3, -1.5707963267948966, 3.0
319, 39, 35, 440, 32, 438, 3, 2, 0.5880026035475675, 3.605551275463989
319, 40, 1047, 519, 1047, 522, 0, -3, -1.5707963267948966, 3.0
319, 42, 734, 497, 738, 501, -4, -4, -2.356194490192345, 5.656854249492381
319, 43, 508, 83, 508, 86, 0, -3, -1.5707963267948966, 3.0
319, 44, 1214, 9, 1216, 11, -2, -2, -2.356194490192345, 2.8284271247461903
319, 46, 507, 352, 507, 357, 0, -5, -1.5707963267948966, 5.0
319, 48, 517, 288, 518, 293, -1, -5, -1.7681918866447774, 5.0990195135927845
319, 49, 1074, 479, 1073, 485, 1, -6, -1.4056476493802699, 6.082762530298219
319, 51, 21, 114, 23, 114, -2, 0, 3.141592653589793, 2.0
319, 52, 853, 108, 854, 110, -1, -2, -2.0344439357957027, 2.23606797749979
319, 53, 495, 156, 494, 159, 1, -3, -1.2490457723982544, 3.1622776601683795
319, 56, 705, 524, 707, 529, -2, -5, -1.9513027039072615, 5.385164807134504
319, 57, 1095, 26, 1099, 28, -4, -2, -2.677945044588987, 4.47213595499958
319, 59, 721, 505, 724, 508, -3, -3, -2.356194490192345, 4.242640687119285
319, 61, 697, 506, 700, 508, -3, -2, -2.5535900500422257, 3.605551275463989
319, 62, 487, 147, 486, 149, 1, -2, -1.1071487177940904, 2.23606797749979
319, 64, 509, 177, 509, 179, 0, -2, -1.5707963267948966, 2.0
319, 65, 1009, 620, 1009, 625, 0, -5, -1.5707963267948966, 5.0
319, 67, 889, 688, 890, 684, -1, 4, 1.8157749899217608, 4.123105625617661
319, 69, 1237, 125, 1238, 128, -1, -3, -1.892546881191539, 3.1622776601683795
319, 71, 1033, 525, 1031, 529, 2, -4, -1.1071487177940904, 4.47213595499958
319, 74, 1261, 466, 1261, 464, 0, 2, 1.5707963267948966, 2.0
319, 75, 1122, 55, 1126, 56, -4, -1, -2.896613990462929, 4.123105625617661
319, 76, 1095, 111, 1098, 112, -3, -1, -2.819842099193151, 3.1622776601683795
319, 77, 502, 184, 502, 186, 0, -2, -1.5707963267948966, 2.0
319, 78, 1086, 33, 1090, 36, -4, -3, -2.498091544796509, 5.0
319, 80, 1070, 75, 1073, 76, -3, -1, -2.819842099193151, 3.1622776601683795
319, 81, 1084, 511, 1083, 515, 1, -4, -1.3258176636680326, 4.123105625617661
319, 82, 103, 223, 105, 223, -2, 0, 3.141592653589793, 2.0
319, 85, 708, 430, 712, 434, -4, -4, -2.356194490192345, 5.656854249492381
319, 86, 495, 100, 495, 102, 0, -2, -1.5707963267948966, 2.0
319, 88, 509, 314, 510, 319, -1, -5, -1.7681918866447774, 5.0990195135927845
319, 89, 1076, 81, 1079, 81, -3, 0, 3.141592653589793, 3.0
319, 90, 601, 17, 598, 17, 3, 0, 0.0, 3.0
319, 91, 1053, 517, 1053, 521, 0, -4, -1.5707963267948966, 4.0
319, 92, 635, 474, 635, 472, 0, 2, 1.5707963267948966, 2.0
319, 93, 66, 511, 64, 509, 2, 2, 0.7853981633974483, 2.8284271247461903
319, 95, 975, 656, 978, 659, -3, -3, -2.356194490192345, 4.242640687119285
319, 96, 1224, 158, 1226, 160, -2, -2, -2.356194490192345, 2.8284271247461903
319, 98, 1117, 76, 1120, 77, -3, -1, -2.819842099193151, 3.1622776601683795
319, 99, 591, 44, 589, 45, 2, -1, -0.4636476090008061, 2.23606797749979
319, 102, 25, 455, 23, 454, 2, 1, 0.4636476090008061, 2.23606797749979
319, 104, 1043, 526, 1043, 529, 0, -3, -1.5707963267948966, 3.0
319, 106, 1193, 37, 1195, 40, -2, -3, -2.158798930342464, 3.605551275463989
319, 108, 639, 395, 640, 391, -1, 4, 1.8157749899217608, 4.123105625617661
319, 110, 1222, 496, 1221, 490, 1, 6, 1.4056476493802699, 6.082762530298219
319, 114, 1212, 114, 1216, 118, -4, -4, -2.356194490192345, 5.656854249492381
319, 116, 1117, 24, 1121, 26, -4, -2, -2.677945044588987, 4.47213595499958
319, 117, 1109, 62, 1113, 63, -4, -1, -2.896613990462929, 4.123105625617661
319, 119, 1230, 450, 1229, 449, 1, 1, 0.7853981633974483, 1.4142135623730951
319, 121, 545, 341, 545, 345, 0, -4, -1.5707963267948966, 4.0
319, 122, 954, 616, 954, 621, 0, -5, -1.5707963267948966, 5.0
320, 1, 1053, 455, 1052, 459, 1, -4, -1.3258176636680326, 4.123105625617661
320, 4, 1071, 460, 1070, 464, 1, -4, -1.3258176636680326, 4.123105625617661
320, 5, 870, 40, 869, 43, 1, -3, -1.2490457723982544, 3.1622776601683795
320, 8, 1002, 629, 1003, 635, -1, -6, -1.7359450042095235, 6.082762530298219
320, 9, 711, 71, 711, 74, 0, -3, -1.5707963267948966, 3.0
320, 11, 700, 510, 702, 512, -2, -2, -2.356194490192345, 2.8284271247461903
320, 12, 739, 500, 743, 504, -4, -4, -2.356194490192345, 5.656854249492381
320, 14, 866, 31, 866, 34, 0, -3, -1.5707963267948966, 3.0
320, 16, 502, 100, 502, 102, 0, -2, -1.5707963267948966, 2.0
320, 17, 46, 117, 48, 117, -2, 0, 3.141592653589793, 2.0
320, 18, 1113, 78, 1116, 79, -3, -1, -2.819842099193151, 3.1622776601683795
320, 19, 500, 167, 498, 170, 2, -3, -0.982793723247329, 3.605551275463989
320, 20, 545, 355, 545, 357, 0, -2, -1.5707963267948966, 2.0
320, 22, 850, 72, 849, 75, 1, -3, -1.2490457723982544, 3.1622776601683795
320, 23, 500, 145, 499, 147, 1, -2, -1.1071487177940904, 2.23606797749979
320, 26, 488, 153, 486, 156, 2, -3, -0.982793723247329, 3.605551275463989
320, 27, 602, 10, 599, 10, 3, 0, 0.0, 3.0
320, 28, 719, 493, 722, 497, -3, -4, -2.214297435588181, 5.0
320, 29, 851, 60, 850, 62, 1, -2, -1.1071487177940904, 2.23606797749979
320, 30, 976, 596, 976, 600, 0, -4, -1.5707963267948966, 4.0
320, 31, 959, 624, 959, 629, 0, -5, -1.5707963267948966, 5.0
320, 32, 1100, 31, 1104, 33, -4, -2, -2.677945044588987, 4.47213595499958
320, 33, 1077, 511, 1078, 516, -1, -5, -1.7681918866447774, 5.0990195135927845
320, 36, 859, 701, 857, 716, 2, -15, -1.4382447944982226, 15.132745950421556
320, 38, 744, 495, 748, 499, -4, -4, -2.356194490192345, 5.656854249492381
320, 39, 38, 455, 35, 453, 3, 2, 0.5880026035475675, 3.605551275463989
320, 40, 514, 100, 514, 103, 0, -3, -1.5707963267948966, 3.0
320, 41, 1066, 508, 1066, 512, 0, -4, -1.5707963267948966, 4.0
320, 42, 875, 690, 874, 687, 1, 3, 1.2490457723982544, 3.1622776601683795
320, 43, 599, 54, 598, 55, 1, -1, -0.7853981633974483, 1.4142135623730951
320, 45, 861, 39, 860, 42, 1, -3, -1.2490457723982544, 3.1622776601683795
320, 46, 1102, 39, 1106, 41, -4, -2, -2.677945044588987, 4.47213595499958
320, 48, 1114, 39, 1118, 41, -4, -2, -2.677945044588987, 4.47213595499958
320, 49, 1217, 12, 1220, 14, -3, -2, -2.5535900500422257, 3.605551275463989
320, 50, 625, 453, 626, 452, -1, 1, 2.356194490192345, 1.4142135623730951
320, 51, 660, 453, 660, 450, 0, 3, 1.5707963267948966, 3.0
320, 52, 520, 295, 521, 301, -1, -6, -1.7359450042095235, 6.082762530298219
320, 53, 738, 559, 739, 562, -1, -3, -1.892546881191539, 3.1622776601683795
320, 56, 981, 592, 982, 596, -1, -4, -1.8157749899217608, 4.123105625617661
320, 58, 1174, 11, 1176, 13, -2, -2, -2.356194490192345, 2.8284271247461903
320, 59, 509, 92, 509, 94, 0, -2, -1.5707963267948966, 2.0
320, 60, 1009, 627, 1010, 633, -1, -6, -1.7359450042095235, 6.082762530298219
320, 61, 999, 599, 1000, 604, -1, -5, -1.7681918866447774, 5.0990195135927845
320, 64, 1035, 565, 1035, 567, 0, -2, -1.5707963267948966, 2.0
320, 67, 22, 450, 19, 449, 3, 1, 0.3217505543966422, 3.1622776601683795
320, 68, 534, 402, 533, 408, 1, -6, -1.4056476493802699, 6.082762530298219
320, 69, 1127, 59, 1131, 60, -4, -1, -2.896613990462929, 4.123105625617661
320, 70, 983, 653, 985, 656, -2, -3, -2.158798930342464, 3.605551275463989
320, 73, 720, 505, 723, 508, -3, -3, -2.356194490192345, 4.242640687119285
320, 74, 507, 357, 508, 362, -1, -5, -1.7681918866447774, 5.0990195135927845
320, 75, 1125, 76, 1128, 77, -3, -1, -2.819842099193151, 3.1622776601683795
320, 76, 491, 141, 490, 142, 1, -1, -0.7853981633974483, 1.4142135623730951
320, 80, 86, 551, 86, 547, 0, 4, 1.5707963267948966, 4.0
320, 82, 23, 114, 25, 115, -2, -1, -2.677945044588987, 2.23606797749979
320, 83, 510, 319, 511, 324, -1, -5, -1.7681918866447774, 5.0990195135927845
320, 85, 599, 19, 596, 19, 3, 0, 0.0, 3.0
320, 86, 1078, 102, 1081, 103, -3, -1, -2.819842099193151, 3.1622776601683795
320, 87, 1094, 38, 1098, 40, -4, -2, -2.677945044588987, 4.47213595499958
320, 88, 105, 222, 106, 221, -1, 1, 2.356194490192345, 1.4142135623730951
320, 91, 38, 444, 35, 442, 3, 2, 0.5880026035475675, 3.605551275463989
320, 94, 640, 392, 641, 388, -1, 4, 1.8157749899217608, 4.123105625617661
320, 95, 1074, 485, 1073, 491, 1, -6, -1.4056476493802699, 6.082762530298219
320, 98, 32, 511, 30, 509, 2, 2, 0.7853981633974483, 2.8284271247461903
320, 99, 853, 112, 854, 115, -1, -3, -1.892546881191539, 3.1622776601683795
320, 101, 709, 127, 709, 129, 0, -2, -1.5707963267948966, 2.0
320, 102, 1205, 54, 1208, 56, -3, -2, -2.5535900500422257, 3.605551275463989
320, 104, 103, 191, 104, 190, -1, 1, 2.356194490192345, 1.4142135623730951
320, 105, 1250, 519, 1249, 518, 1, 1, 0.7853981633974483, 1.4142135623730951
320, 107, 25, 302, 25, 300, 0, 2, 1.5707963267948966, 2.0
320, 111, 1109, 60, 1113, 61, -4, -1, -2.896613990462929, 4.123105625617661
320, 112, 29, 460, 26, 459, 3, 1, 0.3217505543966422, 3.1622776601683795
320, 113, 1070, 442, 1069, 447, 1, -5, -1.373400766945016, 5.0990195135927845
320, 114, 637, 184, 637, 180, 0, 4, 1.5707963267948966, 4.0
320, 116, 1252, 89, 1255, 92, -3, -3, -2.356194490192345, 4.242640687119285
320, 117, 874, 46, 873, 49, 1, -3, -1.2490457723982544, 3.1622776601683795
320, 118, 973, 701, 973, 717, 0, -16, -1.5707963267948966, 16.0
320, 119, 1124, 29, 1128, 30, -4, -1, -2.896613990462929, 4.123105625617661
320, 120, 710, 492, 713, 497, -3, -5, -2.1112158270654806, 5.830951894845301
320, 121, 896, 698, 897, 694, -1, 4, 1.8157749899217608, 4.123105625617661
320, 122, 715, 57, 715, 60, 0, -3, -1.5707963267948966, 3.0
320, 123, 878, 57, 877, 61, 1, -4, -1.3258176636680326, 4.123105625617661
320, 124, 713, 10, 714, 13, -1, -3, -1.892546881191539, 3.1622776601683795
320, 125, 992, 701, 993, 717, -1, -16, -1.633215136790854, 16.0312195418814
320, 127, 949, 28, 951, 30, -2, -2, -2.356194490192345, 2.8284271247461903
320, 128, 1179, 17, 1181, 19, -2, -2, -2.356194490192345, 2.8284271247461903
320, 130, 26, 124, 28, 124, -2, 0, 3.141592653589793, 2.0
320, 132, 24, 438, 20, 436, 4, 2, 0.4636476090008061, 4.47213595499958
320, 134, 631, 439, 631, 436, 0, 3, 1.5707963267948966, 3.0
320, 136, 1034, 526, 1032, 529, 2, -3, -0.982793723247329, 3.605551275463989
320, 137, 103, 238, 105, 238, -2, 0, 3.141592653589793, 2.0
320, 138, 744, 547, 744, 549, 0, -2, -1.5707963267948966, 2.0
320, 139, 653, 439, 653, 436, 0, 3, 1.5707963267948966, 3.0
320, 140, 1046, 536, 1047, 538, -1, -2, -2.0344439357957027, 2.23606797749979
320, 141, 509, 180, 509, 182, 0, -2, -1.5707963267948966, 2.0
320, 144, 1261, 466, 1272, 464, -11, 2, 2.961739153797315, 11.180339887498949
320, 145, 1188, 70, 1190, 70, -2, 0, 3.141592653589793, 2.0
320, 147, 944, 56, 945, 55, -1, 1, 2.356194490192345, 1.4142135623730951
320, 148, 709, 437, 714, 441, -5, -4, -2.4668517113662407, 6.4031242374328485
320, 149, 1235, 435, 1233, 432, 2, 3, 0.982793723247329, 3.605551275463989
320, 150, 82, 545, 82, 541, 0, 4, 1.5707963267948966, 4.0
320, 151, 1149, 46, 1152, 49, -3, -3, -2.356194490192345, 4.242640687119285
320, 152, 741, 474, 746, 478, -5, -4, -2.4668517113662407, 6.4031242374328485
320, 153, 528, 130, 528, 136, 0, -6, -1.5707963267948966, 6.0
320, 154, 975, 690, 978, 695, -3, -5, -2.1112158270654806, 5.830951894845301
320, 157, 497, 107, 497, 109, 0, -2, -1.5707963267948966, 2.0
320, 160, 652, 404, 653, 400, -1, 4, 1.8157749899217608, 4.123105625617661
320, 161, 1231, 450, 1229, 448, 2, 2, 0.7853981633974483, 2.8284271247461903
321, 1, 1053, 450, 1053, 455, 0, -5, -1.5707963267948966, 5.0
321, 4, 1071, 455, 1071, 460, 0, -5, -1.5707963267948966, 5.0
321, 5, 871, 36, 870, 40, 1, -4, -1.3258176636680326, 4.123105625617661
321, 8, 1001, 624, 1002, 629, -1, -5, -1.7681918866447774, 5.0990195135927845
321, 9, 711, 69, 711, 71, 0, -2, -1.5707963267948966, 2.0
321, 11, 699, 508, 700, 510, -1, -2, -2.0344439357957027, 2.23606797749979
321, 12, 735, 496, 739, 500, -4, -4, -2.356194490192345, 5.656854249492381
321, 14, 866, 27, 866, 31, 0, -4, -1.5707963267948966, 4.0
321, 16, 502, 98, 502, 100, 0, -2, -1.5707963267948966, 2.0
321, 18, 1109, 77, 1113, 78, -4, -1, -2.896613990462929, 4.123105625617661
321, 19, 502, 164, 500, 167, 2, -3, -0.982793723247329, 3.605551275463989
321, 22, 851, 70, 850, 72, 1, -2, -1.1071487177940904, 2.23606797749979
321, 23, 501, 143, 500, 145, 1, -2, -1.1071487177940904, 2.23606797749979
321, 26, 491, 150, 488, 153, 3, -3, -0.7853981633974483, 4.242640687119285
321, 27, 605, 10, 602, 10, 3, 0, 0.0, 3.0
321, 28, 716, 489, 719, 493, -3, -4, -2.214297435588181, 5.0
321, 29, 851, 58, 851, 60, 0, -2, -1.5707963267948966, 2.0
321, 30, 976, 592, 976, 596, 0, -4, -1.5707963267948966, 4.0
321, 31, 959, 619, 959, 624, 0, -5, -1.5707963267948966, 5.0
321, 32, 1095, 29, 1100, 31, -5, -2, -2.761086276477428, 5.385164807134504
321, 33, 1076, 508, 1077, 511, -1, -3, -1.892546881191539, 3.1622776601683795
321, 38, 739, 491, 744, 495, -5, -4, -2.4668517113662407, 6.4031242374328485
321, 39, 41, 456, 38, 455, 3, 1, 0.3217505543966422, 3.1622776601683795
321, 40, 514, 98, 514, 100, 0, -2, -1.5707963267948966, 2.0
321, 41, 1066, 505, 1066, 508, 0, -3, -1.5707963267948966, 3.0
321, 42, 876, 693, 875, 690, 1, 3, 1.2490457723982544, 3.1622776601683795
321, 43, 600, 53, 599, 54, 1, -1, -0.7853981633974483, 1.4142135623730951
321, 45, 861, 35, 861, 39, 0, -4, -1.5707963267948966, 4.0
321, 46, 1098, 37, 1102, 39, -4, -2, -2.677945044588987, 4.47213595499958
321, 48, 1110, 37, 1114, 39, -4, -2, -2.677945044588987, 4.47213595499958
321, 49, 1215, 10, 1217, 12, -2, -2, -2.356194490192345, 2.8284271247461903
321, 50, 624, 454, 625, 453, -1, 1, 2.356194490192345, 1.4142135623730951
321, 51, 660, 456, 660, 453, 0, 3, 1.5707963267948966, 3.0
321, 52, 519, 290, 520, 295, -1, -5, -1.7681918866447774, 5.0990195135927845
321, 53, 736, 555, 738, 559, -2, -4, -2.0344439357957027, 4.47213595499958
321, 56, 980, 589, 981, 592, -1, -3, -1.892546881191539, 3.1622776601683795
321, 58, 1171, 9, 1174, 11, -3, -2, -2.5535900500422257, 3.605551275463989
321, 59, 509, 90, 509, 92, 0, -2, -1.5707963267948966, 2.0
321, 60, 1008, 621, 1009, 627, -1, -6, -1.7359450042095235, 6.082762530298219
321, 61, 999, 594, 999, 599, 0, -5, -1.5707963267948966, 5.0
321, 64, 1035, 561, 1035, 565, 0, -4, -1.5707963267948966, 4.0
321, 67, 26, 451, 22, 450, 4, 1, 0.24497866312686414, 4.123105625617661
321, 68, 535, 395, 534, 402, 1, -7, -1.4288992721907328, 7.0710678118654755
321, 69, 1123, 57, 1127, 59, -4, -2, -2.677945044588987, 4.47213595499958
321, 70, 982, 650, 983, 653, -1, -3, -1.892546881191539, 3.1622776601683795
321, 73, 717, 501, 720, 505, -3, -4, -2.214297435588181, 5.0
321, 74, 506, 352, 507, 357, -1, -5, -1.7681918866447774, 5.0990195135927845
321, 75, 1122, 75, 1125, 76, -3, -1, -2.819842099193151, 3.1622776601683795
321, 76, 493, 140, 491, 141, 2, -1, -0.4636476090008061, 2.23606797749979
321, 79, 86, 554, 86, 551, 0, 3, 1.5707963267948966, 3.0
321, 81, 510, 314, 510, 319, 0, -5, -1.5707963267948966, 5.0
321, 83, 602, 19, 599, 19, 3, 0, 0.0, 3.0
321, 84, 1075, 101, 1078, 102, -3, -1, -2.819842099193151, 3.1622776601683795
321, 85, 1090, 36, 1094, 38, -4, -2, -2.677945044588987, 4.47213595499958
321, 86, 103, 223, 105, 222, -2, 1, 2.677945044588987, 2.23606797749979
321, 89, 42, 446, 38, 444, 4, 2, 0.4636476090008061, 4.47213595499958
321, 90, 1149, 73, 1151, 74, -2, -1, -2.677945044588987, 2.23606797749979
321, 92, 639, 396, 640, 392, -1, 4, 1.8157749899217608, 4.123105625617661
321, 93, 1075, 479, 1074, 485, 1, -6, -1.4056476493802699, 6.082762530298219
321, 96, 34, 513, 32, 511, 2, 2, 0.7853981633974483, 2.8284271247461903
321, 97, 853, 109, 853, 112, 0, -3, -1.5707963267948966, 3.0
321, 99, 709, 125, 709, 127, 0, -2, -1.5707963267948966, 2.0
321, 100, 1202, 51, 1205, 54, -3, -3, -2.356194490192345, 4.242640687119285
321, 102, 102, 192, 103, 191, -1, 1, 2.356194490192345, 1.4142135623730951
321, 103, 1252, 520, 1250, 519, 2, 1, 0.4636476090008061, 2.23606797749979
321, 105, 25, 305, 25, 302, 0, 3, 1.5707963267948966, 3.0
321, 109, 1105, 58, 1109, 60, -4, -2, -2.677945044588987, 4.47213595499958
321, 110, 33, 461, 29, 460, 4, 1, 0.24497866312686414, 4.123105625617661
321, 111, 1071, 437, 1070, 442, 1, -5, -1.373400766945016, 5.0990195135927845
321, 112, 637, 188, 637, 184, 0, 4, 1.5707963267948966, 4.0
321, 114, 1249, 87, 1252, 89, -3, -2, -2.5535900500422257, 3.605551275463989
321, 115, 874, 42, 874, 46, 0, -4, -1.5707963267948966, 4.0
321, 116, 972, 697, 973, 701, -1, -4, -1.8157749899217608, 4.123105625617661
321, 117, 1120, 27, 1124, 29, -4, -2, -2.677945044588987, 4.47213595499958
321, 118, 707, 487, 710, 492, -3, -5, -2.1112158270654806, 5.830951894845301
321, 119, 896, 701, 896, 698, 0, 3, 1.5707963267948966, 3.0
321, 120, 715, 55, 715, 57, 0, -2, -1.5707963267948966, 2.0
321, 121, 878, 53, 878, 57, 0, -4, -1.5707963267948966, 4.0
321, 122, 991, 695, 992, 701, -1, -6, -1.7359450042095235, 6.082762530298219
321, 124, 946, 26, 949, 28, -3, -2, -2.5535900500422257, 3.605551275463989
321, 125, 1176, 15, 1179, 17, -3, -2, -2.5535900500422257, 3.605551275463989
321, 127, 24, 124, 26, 124, -2, 0, 3.141592653589793, 2.0
321, 129, 28, 440, 24, 438, 4, 2, 0.4636476090008061, 4.47213595499958
321, 131, 630, 442, 631, 439, -1, 3, 1.892546881191539, 3.1622776601683795
321, 133, 1034, 523, 1034, 526, 0, -3, -1.5707963267948966, 3.0
321, 134, 101, 238, 103, 238, -2, 0, 3.141592653589793, 2.0
321, 135, 743, 543, 744, 547, -1, -4, -1.8157749899217608, 4.123105625617661
321, 136, 653, 442, 653, 439, 0, 3, 1.5707963267948966, 3.0
321, 137, 1046, 534, 1046, 536, 0, -2, -1.5707963267948966, 2.0
321, 138, 509, 178, 509, 180, 0, -2, -1.5707963267948966, 2.0
321, 141, 1261, 470, 1261, 466, 0, 4, 1.5707963267948966, 4.0
321, 143, 943, 58, 944, 56, -1, 2, 2.0344439357957027, 2.23606797749979
321, 144, 705, 433, 709, 437, -4, -4, -2.356194490192345, 5.656854249492381
321, 145, 1237, 438, 1235, 435, 2, 3, 0.982793723247329, 3.605551275463989
321, 146, 81, 548, 82, 545, -1, 3, 1.892546881191539, 3.1622776601683795
321, 147, 1147, 43, 1149, 46, -2, -3, -2.158798930342464, 3.605551275463989
321, 148, 737, 470, 741, 474, -4, -4, -2.356194490192345, 5.656854249492381
321, 149, 528, 124, 528, 130, 0, -6, -1.5707963267948966, 6.0
321, 150, 973, 686, 975, 690, -2, -4, -2.0344439357957027, 4.47213595499958
321, 153, 497, 105, 497, 107, 0, -2, -1.5707963267948966, 2.0
321, 156, 651, 408, 652, 404, -1, 4, 1.8157749899217608, 4.123105625617661
321, 157, 1232, 452, 1231, 450, 1, 2, 1.1071487177940904, 2.23606797749979
322, 1, 1053, 445, 1053, 450, 0, -5, -1.5707963267948966, 5.0
322, 4, 1071, 451, 1071, 455, 0, -4, -1.5707963267948966, 4.0
322, 5, 872, 32, 871, 36, 1, -4, -1.3258176636680326, 4.123105625617661
322, 6, 128, 212, 129, 211, -1, 1, 2.356194490192345, 1.4142135623730951
322, 8, 1000, 619, 1001, 624, -1, -5, -1.7681918866447774, 5.0990195135927845
322, 9, 711, 67, 711, 69, 0, -2, -1.5707963267948966, 2.0
322, 11, 698, 506, 699, 508, -1, -2, -2.0344439357957027, 2.23606797749979
322, 12, 731, 492, 735, 496, -4, -4, -2.356194490192345, 5.656854249492381
322, 14, 866, 24, 866, 27, 0, -3, -1.5707963267948966, 3.0
322, 15, 592, 67, 591, 68, 1, -1, -0.7853981633974483, 1.4142135623730951
322, 16, 502, 96, 502, 98, 0, -2, -1.5707963267948966, 2.0
322, 17, 43, 117, 45, 117, -2, 0, 3.141592653589793, 2.0
322, 18, 1105, 76, 1109, 77, -4, -1, -2.896613990462929, 4.123105625617661
322, 19, 505, 161, 502, 164, 3, -3, -0.7853981633974483, 4.242640687119285
322, 21, 853, 67, 851, 70, 2, -3, -0.982793723247329, 3.605551275463989
322, 22, 503, 141, 501, 143, 2, -2, -0.7853981633974483, 2.8284271247461903
322, 23, 27, 288, 26, 287, 1, 1, 0.7853981633974483, 1.4142135623730951
322, 25, 493, 147, 491, 150, 2, -3, -0.982793723247329, 3.605551275463989
322, 26, 608, 9, 605, 10, 3, -1, -0.3217505543966422, 3.1622776601683795
322, 27, 713, 485, 716, 489, -3, -4, -2.214297435588181, 5.0
322, 28, 852, 56, 851, 58, 1, -2, -1.1071487177940904, 2.23606797749979
322, 29, 975, 588, 976, 592, -1, -4, -1.8157749899217608, 4.123105625617661
322, 30, 959, 615, 959, 619, 0, -4, -1.5707963267948966, 4.0
322, 31, 1091, 27, 1095, 29, -4, -2, -2.677945044588987, 4.47213595499958
322, 32, 1075, 506, 1076, 508, -1, -2, -2.0344439357957027, 2.23606797749979
322, 36, 734, 488, 739, 491, -5, -3, -2.601173153319209, 5.830951894845301
322, 37, 44, 458, 41, 456, 3, 2, 0.5880026035475675, 3.605551275463989
322, 38, 514, 95, 514, 98, 0, -3, -1.5707963267948966, 3.0
322, 40, 877, 697, 876, 693, 1, 4, 1.3258176636680326, 4.123105625617661
322, 41, 602, 52, 600, 53, 2, -1, -0.4636476090008061, 2.23606797749979
322, 43, 862, 31, 861, 35, 1, -4, -1.3258176636680326, 4.123105625617661
322, 44, 1094, 35, 1098, 37, -4, -2, -2.677945044588987, 4.47213595499958
322, 46, 1106, 35, 1110, 37, -4, -2, -2.677945044588987, 4.47213595499958
322, 47, 1213, 9, 1215, 10, -2, -1, -2.677945044588987, 2.23606797749979
322, 48, 623, 456, 624, 454, -1, 2, 2.0344439357957027, 2.23606797749979
322, 49, 660, 459, 660, 456, 0, 3, 1.5707963267948966, 3.0
322, 50, 519, 284, 519, 290, 0, -6, -1.5707963267948966, 6.0
322, 51, 733, 550, 736, 555, -3, -5, -2.1112158270654806, 5.830951894845301
322, 54, 979, 586, 980, 589, -1, -3, -1.892546881191539, 3.1622776601683795
322, 56, 509, 88, 509, 90, 0, -2, -1.5707963267948966, 2.0
322, 57, 1008, 615, 1008, 621, 0, -6, -1.5707963267948966, 6.0
322, 58, 999, 589, 999, 594, 0, -5, -1.5707963267948966, 5.0
322, 61, 1034, 556, 1035, 561, -1, -5, -1.7681918866447774, 5.0990195135927845
322, 62, 685, 104, 685, 102, 0, 2, 1.5707963267948966, 2.0
322, 63, 130, 219, 131, 218, -1, 1, 2.356194490192345, 1.4142135623730951
322, 64, 30, 452, 26, 451, 4, 1, 0.24497866312686414, 4.123105625617661
322, 65, 535, 390, 535, 395, 0, -5, -1.5707963267948966, 5.0
322, 66, 1119, 55, 1123, 57, -4, -2, -2.677945044588987, 4.47213595499958
322, 67, 982, 647, 982, 650, 0, -3, -1.5707963267948966, 3.0
322, 70, 715, 497, 717, 501, -2, -4, -2.0344439357957027, 4.47213595499958
322, 71, 505, 347, 506, 352, -1, -5, -1.7681918866447774, 5.0990195135927845
322, 72, 1118, 74, 1122, 75, -4, -1, -2.896613990462929, 4.123105625617661
322, 73, 495, 138, 493, 140, 2, -2, -0.7853981633974483, 2.8284271247461903
322, 76, 87, 556, 86, 554, 1, 2, 1.1071487177940904, 2.23606797749979
322, 77, 510, 309, 510, 314, 0, -5, -1.5707963267948966, 5.0
322, 79, 605, 18, 602, 19, 3, -1, -0.3217505543966422, 3.1622776601683795
322, 80, 1071, 99, 1075, 101, -4, -2, -2.677945044588987, 4.47213595499958
322, 81, 1086, 34, 1090, 36, -4, -2, -2.677945044588987, 4.47213595499958
322, 82, 101, 224, 103, 223, -2, 1, 2.677945044588987, 2.23606797749979
322, 85, 45, 448, 42, 446, 3, 2, 0.5880026035475675, 3.605551275463989
322, 87, 638, 400, 639, 396, -1, 4, 1.8157749899217608, 4.123105625617661
322, 88, 1076, 472, 1075, 479, 1, -7, -1.4288992721907328, 7.0710678118654755
322, 91, 36, 515, 34, 513, 2, 2, 0.7853981633974483, 2.8284271247461903
322, 92, 853, 105, 853, 109, 0, -4, -1.5707963267948966, 4.0
322, 94, 709, 123, 709, 125, 0, -2, -1.5707963267948966, 2.0
322, 95, 1199, 49, 1202, 51, -3, -2, -2.5535900500422257, 3.605551275463989
322, 100, 25, 308, 25, 305, 0, 3, 1.5707963267948966, 3.0
322, 103, 1101, 56, 1105, 58, -4, -2, -2.677945044588987, 4.47213595499958
322, 104, 37, 463, 33, 461, 4, 2, 0.4636476090008061, 4.47213595499958
322, 105, 1072, 432, 1071, 437, 1, -5, -1.373400766945016, 5.0990195135927845
322, 106, 637, 190, 637, 188, 0, 2, 1.5707963267948966, 2.0
322, 108, 1246, 85, 1249, 87, -3, -2, -2.5535900500422257, 3.605551275463989
322, 109, 875, 38, 874, 42, 1, -4, -1.3258176636680326, 4.123105625617661
322, 110, 971, 692, 972, 697, -1, -5, -1.7681918866447774, 5.0990195135927845
322, 111, 1116, 25, 1120, 27, -4, -2, -2.677945044588987, 4.47213595499958
322, 112, 704, 482, 707, 487, -3, -5, -2.1112158270654806, 5.830951894845301
322, 114, 715, 53, 715, 55, 0, -2, -1.5707963267948966, 2.0
322, 115, 879, 49, 878, 53, 1, -4, -1.3258176636680326, 4.123105625617661
322, 116, 990, 689, 991, 695, -1, -6, -1.7359450042095235, 6.082762530298219
322, 118, 944, 25, 946, 26, -2, -1, -2.677945044588987, 2.23606797749979
322, 119, 1174, 13, 1176, 15, -2, -2, -2.356194490192345, 2.8284271247461903
322, 121, 22, 123, 24, 124, -2, -1, -2.677945044588987, 2.23606797749979
322, 123, 32, 442, 28, 440, 4, 2, 0.4636476090008061, 4.47213595499958
322, 124, 629, 445, 630, 442, -1, 3, 1.892546881191539, 3.1622776601683795
322, 126, 1034, 521, 1034, 523, 0, -2, -1.5707963267948966, 2.0
322, 128, 741, 538, 743, 543, -2, -5, -1.9513027039072615, 5.385164807134504
322, 129, 653, 446, 653, 442, 0, 4, 1.5707963267948966, 4.0
322, 131, 509, 176, 509, 178, 0, -2, -1.5707963267948966, 2.0
322, 134, 1261, 474, 1261, 470, 0, 4, 1.5707963267948966, 4.0
322, 135, 942, 59, 943, 58, -1, 1, 2.356194490192345, 1.4142135623730951
322, 136, 701, 429, 705, 433, -4, -4, -2.356194490192345, 5.656854249492381
322, 137, 1240, 441, 1237, 438, 3, 3, 0.7853981633974483, 4.242640687119285
322, 138, 83, 550, 81, 548, 2, 2, 0.7853981633974483, 2.8284271247461903
322, 139, 1145, 40, 1147, 43, -2, -3, -2.158798930342464, 3.605551275463989
322, 140, 734, 466, 737, 470, -3, -4, -2.214297435588181, 5.0
322, 141, 528, 118, 528, 124, 0, -6, -1.5707963267948966, 6.0
322, 142, 972, 681, 973, 686, -1, -5, -1.7681918866447774, 5.0990195135927845
322, 145, 497, 103, 497, 105, 0, -2, -1.5707963267948966, 2.0
322, 148, 650, 412, 651, 408, -1, 4, 1.8157749899217608, 4.123105625617661
322, 149, 1233, 454, 1232, 452, 1, 2, 1.1071487177940904, 2.23606797749979
323, 1, 1052, 440, 1053, 445, -1, -5, -1.7681918866447774, 5.0990195135927845
323, 4, 1070, 447, 1071, 451, -1, -4, -1.8157749899217608, 4.123105625617661
323, 5, 872, 28, 872, 32, 0, -4, -1.5707963267948966, 4.0
323, 8, 999, 614, 1000, 619, -1, -5, -1.7681918866447774, 5.0990195135927845
323, 9, 711, 64, 711, 67, 0, -3, -1.5707963267948966, 3.0
323, 11, 698, 504, 698, 506, 0, -2, -1.5707963267948966, 2.0
323, 12, 727, 488, 731, 492, -4, -4, -2.356194490192345, 5.656854249492381
323, 14, 866, 20, 866, 24, 0, -4, -1.5707963267948966, 4.0
323, 15, 594, 66, 592, 67, 2, -1, -0.4636476090008061, 2.23606797749979
323, 16, 503, 92, 502, 96, 1, -4, -1.3258176636680326, 4.123105625617661
323, 17, 40, 117, 43, 117, -3, 0, 3.141592653589793, 3.0
323, 18, 1101, 75, 1105, 76, -4, -1, -2.896613990462929, 4.123105625617661
323, 19, 508, 157, 505, 161, 3, -4, -0.9272952180016122, 5.0
323, 21, 855, 67, 853, 67, 2, 0, 0.0, 2.0
323, 22, 505, 138, 503, 141, 2, -3, -0.982793723247329, 3.605551275463989
323, 23, 29, 289, 27, 288, 2, 1, 0.4636476090008061, 2.23606797749979
323, 24, 308, 320, 307, 322, 1, -2, -1.1071487177940904, 2.23606797749979
323, 25, 495, 143, 493, 147, 2, -4, -1.1071487177940904, 4.47213595499958
323, 26, 710, 481, 713, 485, -3, -4, -2.214297435588181, 5.0
323, 28, 973, 585, 975, 588, -2, -3, -2.158798930342464, 3.605551275463989
323, 29, 959, 611, 959, 615, 0, -4, -1.5707963267948966, 4.0
323, 30, 1086, 26, 1091, 27, -5, -1, -2.9441970937399127, 5.0990195135927845
323, 31, 1074, 504, 1075, 506, -1, -2, -2.0344439357957027, 2.23606797749979
323, 35, 730, 485, 734, 488, -4, -3, -2.498091544796509, 5.0
323, 37, 515, 91, 514, 95, 1, -4, -1.3258176636680326, 4.123105625617661
323, 39, 880, 700, 877, 697, 3, 3, 0.7853981633974483, 4.242640687119285
323, 40, 605, 52, 602, 52, 3, 0, 0.0, 3.0
323, 42, 862, 27, 862, 31, 0, -4, -1.5707963267948966, 4.0
323, 43, 1090, 34, 1094, 35, -4, -1, -2.896613990462929, 4.123105625617661
323, 45, 1102, 34, 1106, 35, -4, -1, -2.896613990462929, 4.123105625617661
323, 46, 622, 459, 623, 456, -1, 3, 1.892546881191539, 3.1622776601683795
323, 47, 661, 461, 660, 459, 1, 2, 1.1071487177940904, 2.23606797749979
323, 48, 519, 276, 519, 284, 0, -8, -1.5707963267948966, 8.0
323, 49, 730, 539, 733, 550, -3, -11, -1.837048375945822, 11.40175425099138
323, 51, 109, 165, 111, 164, -2, 1, 2.677945044588987, 2.23606797749979
323, 52, 977, 583, 979, 586, -2, -3, -2.158798930342464, 3.605551275463989
323, 53, 655, 45, 655, 43, 0, 2, 1.5707963267948966, 2.0
323, 54, 510, 84, 509, 88, 1, -4, -1.3258176636680326, 4.123105625617661
323, 55, 1007, 609, 1008, 615, -1, -6, -1.7359450042095235, 6.082762530298219
323, 56, 998, 585, 999, 589, -1, -4, -1.8157749899217608, 4.123105625617661
323, 57, 643, 100, 643, 97, 0, 3, 1.5707963267948966, 3.0
323, 58, 639, 106, 639, 103, 0, 3, 1.5707963267948966, 3.0
323, 59, 1035, 548, 1034, 556, 1, -8, -1.446441332248135, 8.06225774829855
323, 60, 686, 107, 685, 104, 1, 3, 1.2490457723982544, 3.1622776601683795
323, 62, 33, 452, 30, 452, 3, 0, 0.0, 3.0
323, 63, 535, 385, 535, 390, 0, -5, -1.5707963267948966, 5.0
323, 64, 1116, 51, 1119, 55, -3, -4, -2.214297435588181, 5.0
323, 65, 983, 644, 982, 647, 1, -3, -1.2490457723982544, 3.1622776601683795
323, 68, 712, 495, 715, 497, -3, -2, -2.5535900500422257, 3.605551275463989
323, 69, 506, 345, 505, 347, 1, -2, -1.1071487177940904, 2.23606797749979
323, 70, 1113, 72, 1118, 74, -5, -2, -2.761086276477428, 5.385164807134504
323, 71, 497, 135, 495, 138, 2, -3, -0.982793723247329, 3.605551275463989
323, 73, 228, 312, 228, 314, 0, -2, -1.5707963267948966, 2.0
323, 75, 511, 303, 510, 309, 1, -6, -1.4056476493802699, 6.082762530298219
323, 77, 608, 18, 605, 18, 3, 0, 0.0, 3.0
323, 78, 1069, 97, 1071, 99, -2, -2, -2.356194490192345, 2.8284271247461903
323, 79, 1082, 32, 1086, 34, -4, -2, -2.677945044588987, 4.47213595499958
323, 80, 98, 226, 101, 224, -3, 2, 2.5535900500422257, 3.605551275463989
323, 81, 20, 88, 22, 89, -2, -1, -2.677945044588987, 2.23606797749979
323, 83, 48, 448, 45, 448, 3, 0, 0.0, 3.0
323, 84, 242, 302, 242, 304, 0, -2, -1.5707963267948966, 2.0
323, 85, 637, 404, 638, 400, -1, 4, 1.8157749899217608, 4.123105625617661
323, 86, 1078, 467, 1076, 472, 2, -5, -1.1902899496825317, 5.385164807134504
323, 89, 39, 516, 36, 515, 3, 1, 0.3217505543966422, 3.1622776601683795
323, 90, 854, 102, 853, 105, 1, -3, -1.2490457723982544, 3.1622776601683795
323, 92, 709, 121, 709, 123, 0, -2, -1.5707963267948966, 2.0
323, 93, 1196, 50, 1199, 49, -3, 1, 2.819842099193151, 3.1622776601683795
323, 95, 99, 193, 101, 192, -2, 1, 2.677945044588987, 2.23606797749979
323, 96, 1252, 523, 1253, 520, -1, 3, 1.892546881191539, 3.1622776601683795
323, 99, 771, 37, 771, 39, 0, -2, -1.5707963267948966, 2.0
323, 100, 1099, 53, 1101, 56, -2, -3, -2.158798930342464, 3.605551275463989
323, 101, 38, 462, 37, 463, 1, -1, -0.7853981633974483, 1.4142135623730951
323, 102, 1073, 427, 1072, 432, 1, -5, -1.373400766945016, 5.0990195135927845
323, 103, 639, 193, 637, 190, 2, 3, 0.982793723247329, 3.605551275463989
323, 105, 1242, 83, 1246, 85, -4, -2, -2.677945044588987, 4.47213595499958
323, 106, 876, 34, 875, 38, 1, -4, -1.3258176636680326, 4.123105625617661
323, 107, 972, 689, 971, 692, 1, -3, -1.2490457723982544, 3.1622776601683795
323, 108, 1111, 23, 1116, 25, -5, -2, -2.761086276477428, 5.385164807134504
323, 109, 701, 478, 704, 482, -3, -4, -2.214297435588181, 5.0
323, 111, 715, 50, 715, 53, 0, -3, -1.5707963267948966, 3.0
323, 112, 880, 45, 879, 49, 1, -4, -1.3258176636680326, 4.123105625617661
323, 113, 990, 684, 990, 689, 0, -5, -1.5707963267948966, 5.0
323, 114, 1233, 461, 1233, 459, 0, 2, 1.5707963267948966, 2.0
323, 115, 1170, 10, 1174, 13, -4, -3, -2.498091544796509, 5.0
323, 117, 18, 122, 22, 123, -4, -1, -2.896613990462929, 4.123105625617661
323, 119, 36, 444, 32, 442, 4, 2, 0.4636476090008061, 4.47213595499958
323, 120, 628, 448, 629, 445, -1, 3, 1.892546881191539, 3.1622776601683795
323, 122, 1036, 516, 1034, 521, 2, -5, -1.1902899496825317, 5.385164807134504
323, 123, 97, 240, 100, 238, -3, 2, 2.5535900500422257, 3.605551275463989
323, 124, 737, 533, 741, 538, -4, -5, -2.2455372690184494, 6.4031242374328485
323, 125, 653, 450, 653, 446, 0, 4, 1.5707963267948966, 4.0
323, 126, 509, 174, 509, 176, 0, -2, -1.5707963267948966, 2.0
323, 127, 293, 347, 292, 348, 1, -1, -0.7853981633974483, 1.4142135623730951
323, 128, 651, 106, 651, 102, 0, 4, 1.5707963267948966, 4.0
323, 129, 1261, 479, 1261, 474, 0, 5, 1.5707963267948966, 5.0
323, 130, 941, 61, 942, 59, -1, 2, 2.0344439357957027, 2.23606797749979
323, 131, 696, 425, 701, 429, -5, -4, -2.4668517113662407, 6.4031242374328485
323, 132, 1242, 444, 1240, 441, 2, 3, 0.982793723247329, 3.605551275463989
323, 133, 84, 549, 83, 550, 1, -1, -0.7853981633974483, 1.4142135623730951
323, 134, 1142, 36, 1145, 40, -3, -4, -2.214297435588181, 5.0
323, 135, 732, 462, 734, 466, -2, -4, -2.0344439357957027, 4.47213595499958
323, 136, 529, 113, 528, 118, 1, -5, -1.373400766945016, 5.0990195135927845
323, 137, 972, 677, 972, 681, 0, -4, -1.5707963267948966, 4.0
323, 138, 268, 339, 267, 340, 1, -1, -0.7853981633974483, 1.4142135623730951
323, 139, 646, 42, 646, 40, 0, 2, 1.5707963267948966, 2.0
323, 140, 498, 99, 497, 103, 1, -4, -1.3258176636680326, 4.123105625617661
323, 142, 52, 532, 50, 533, 2, -1, -0.4636476090008061, 2.23606797749979
323, 143, 649, 417, 650, 412, -1, 5, 1.7681918866447774, 5.0990195135927845
323, 144, 1234, 457, 1233, 454, 1, 3, 1.2490457723982544, 3.1622776601683795
324, 1, 1051, 435, 1052, 440, -1, -5, -1.7681918866447774, 5.0990195135927845
324, 4, 1069, 442, 1070, 447, -1, -5, -1.7681918866447774, 5.0990195135927845
324, 5, 872, 24, 872, 28, 0, -4, -1.5707963267948966, 4.0
324, 8, 998, 609, 999, 614, -1, -5, -1.7681918866447774, 5.0990195135927845
324, 9, 710, 62, 711, 64, -1, -2, -2.0344439357957027, 2.23606797749979
324, 11, 696, 501, 698, 504, -2, -3, -2.158798930342464, 3.605551275463989
324, 12, 722, 484, 727, 488, -5, -4, -2.4668517113662407, 6.4031242374328485
324, 14, 866, 16, 866, 20, 0, -4, -1.5707963267948966, 4.0
324, 15, 596, 65, 594, 66, 2, -1, -0.4636476090008061, 2.23606797749979
324, 16, 503, 90, 503, 92, 0, -2, -1.5707963267948966, 2.0
324, 18, 1098, 74, 1101, 75, -3, -1, -2.819842099193151, 3.1622776601683795
324, 19, 509, 154, 508, 157, 1, -3, -1.2490457723982544, 3.1622776601683795
324, 22, 505, 136, 505, 138, 0, -2, -1.5707963267948966, 2.0
324, 23, 30, 290, 29, 289, 1, 1, 0.7853981633974483, 1.4142135623730951
324, 26, 707, 477, 710, 481, -3, -4, -2.214297435588181, 5.0
324, 28, 972, 582, 973, 585, -1, -3, -1.892546881191539, 3.1622776601683795
324, 29, 958, 606, 959, 611, -1, -5, -1.7681918866447774, 5.0990195135927845
324, 30, 1081, 25, 1086, 26, -5, -1, -2.9441970937399127, 5.0990195135927845
324, 31, 1075, 502, 1074, 504, 1, -2, -1.1071487177940904, 2.23606797749979
324, 33, 864, 701, 862, 701, 2, 0, 0.0, 2.0
324, 35, 726, 481, 730, 485, -4, -4, -2.356194490192345, 5.656854249492381
324, 36, 48, 460, 45, 458, 3, 2, 0.5880026035475675, 3.605551275463989
324, 37, 515, 89, 515, 91, 0, -2, -1.5707963267948966, 2.0
324, 38, 1065, 503, 1064, 505, 1, -2, -1.1071487177940904, 2.23606797749979
324, 39, 882, 701, 880, 700, 2, 1, 0.4636476090008061, 2.23606797749979
324, 40, 608, 51, 605, 52, 3, -1, -0.3217505543966422, 3.1622776601683795
324, 42, 862, 23, 862, 27, 0, -4, -1.5707963267948966, 4.0
324, 43, 1086, 33, 1090, 34, -4, -1, -2.896613990462929, 4.123105625617661
324, 45, 1098, 33, 1102, 34, -4, -1, -2.896613990462929, 4.123105625617661
324, 46, 621, 462, 622, 459, -1, 3, 1.892546881191539, 3.1622776601683795
324, 47, 661, 464, 661, 461, 0, 3, 1.5707963267948966, 3.0
324, 48, 519, 274, 519, 276, 0, -2, -1.5707963267948966, 2.0
324, 49, 727, 534, 730, 539, -3, -5, -2.1112158270654806, 5.830951894845301
324, 52, 976, 580, 977, 583, -1, -3, -1.892546881191539, 3.1622776601683795
324, 54, 510, 82, 510, 84, 0, -2, -1.5707963267948966, 2.0
324, 55, 1006, 604, 1007, 609, -1, -5, -1.7681918866447774, 5.0990195135927845
324, 56, 996, 580, 998, 585, -2, -5, -1.9513027039072615, 5.385164807134504
324, 57, 642, 101, 643, 100, -1, 1, 2.356194490192345, 1.4142135623730951
324, 58, 638, 107, 639, 106, -1, 1, 2.356194490192345, 1.4142135623730951
324, 59, 1035, 543, 1035, 548, 0, -5, -1.5707963267948966, 5.0
324, 62, 36, 453, 33, 452, 3, 1, 0.3217505543966422, 3.1622776601683795
324, 63, 535, 383, 535, 385, 0, -2, -1.5707963267948966, 2.0
324, 64, 1112, 49, 1116, 51, -4, -2, -2.677945044588987, 4.47213595499958
324, 65, 983, 641, 983, 644, 0, -3, -1.5707963267948966, 3.0
324, 67, 710, 494, 712, 495, -2, -1, -2.677945044588987, 2.23606797749979
324, 68, 506, 340, 506, 345, 0, -5, -1.5707963267948966, 5.0
324, 69, 1108, 70, 1113, 72, -5, -2, -2.761086276477428, 5.385164807134504
324, 70, 497, 133, 497, 135, 0, -2, -1.5707963267948966, 2.0
324, 74, 511, 298, 511, 303, 0, -5, -1.5707963267948966, 5.0
324, 75, 611, 17, 608, 18, 3, -1, -0.3217505543966422, 3.1622776601683795
324, 76, 1065, 93, 1069, 97, -4, -4, -2.356194490192345, 5.656854249492381
324, 77, 1078, 31, 1082, 32, -4, -1, -2.896613990462929, 4.123105625617661
324, 78, 97, 227, 98, 226, -1, 1, 2.356194490192345, 1.4142135623730951
324, 80, 51, 450, 48, 448, 3, 2, 0.5880026035475675, 3.605551275463989
324, 82, 637, 408, 637, 404, 0, 4, 1.5707963267948966, 4.0
324, 83, 1079, 462, 1078, 467, 1, -5, -1.373400766945016, 5.0990195135927845
324, 85, 42, 518, 39, 516, 3, 2, 0.5880026035475675, 3.605551275463989
324, 86, 855, 99, 854, 102, 1, -3, -1.2490457723982544, 3.1622776601683795
324, 88, 709, 119, 709, 121, 0, -2, -1.5707963267948966, 2.0
324, 89, 1195, 52, 1196, 50, -1, 2, 2.0344439357957027, 2.23606797749979
324, 91, 98, 194, 99, 193, -1, 1, 2.356194490192345, 1.4142135623730951
324, 92, 1254, 524, 1252, 523, 2, 1, 0.4636476090008061, 2.23606797749979
324, 93, 26, 310, 25, 309, 1, 1, 0.7853981633974483, 1.4142135623730951
324, 96, 1095, 51, 1099, 53, -4, -2, -2.677945044588987, 4.47213595499958
324, 97, 41, 464, 38, 462, 3, 2, 0.5880026035475675, 3.605551275463989
324, 98, 1073, 422, 1073, 427, 0, -5, -1.5707963267948966, 5.0
324, 99, 640, 194, 639, 193, 1, 1, 0.7853981633974483, 1.4142135623730951
324, 101, 1239, 80, 1242, 83, -3, -3, -2.356194490192345, 4.242640687119285
324, 102, 876, 30, 876, 34, 0, -4, -1.5707963267948966, 4.0
324, 103, 971, 683, 972, 689, -1, -6, -1.7359450042095235, 6.082762530298219
324, 104, 1107, 20, 1111, 23, -4, -3, -2.498091544796509, 5.0
324, 105, 698, 474, 701, 478, -3, -4, -2.214297435588181, 5.0
324, 106, 900, 701, 898, 701, 2, 0, 0.0, 2.0
324, 107, 714, 48, 715, 50, -1, -2, -2.0344439357957027, 2.23606797749979
324, 108, 880, 41, 880, 45, 0, -4, -1.5707963267948966, 4.0
324, 109, 989, 679, 990, 684, -1, -5, -1.7681918866447774, 5.0990195135927845
324, 111, 1168, 9, 1170, 10, -2, -1, -2.677945044588987, 2.23606797749979
324, 113, 16, 121, 18, 122, -2, -1, -2.677945044588987, 2.23606797749979
324, 115, 39, 445, 36, 444, 3, 1, 0.3217505543966422, 3.1622776601683795
324, 116, 627, 451, 628, 448, -1, 3, 1.892546881191539, 3.1622776601683795
324, 118, 1037, 509, 1036, 516, 1, -7, -1.4288992721907328, 7.0710678118654755
324, 120, 734, 529, 737, 533, -3, -4, -2.214297435588181, 5.0
324, 121, 653, 454, 653, 450, 0, 4, 1.5707963267948966, 4.0
324, 124, 650, 107, 651, 106, -1, 1, 2.356194490192345, 1.4142135623730951
324, 125, 1261, 483, 1261, 479, 0, 4, 1.5707963267948966, 4.0
324, 126, 940, 62, 941, 61, -1, 1, 2.356194490192345, 1.4142135623730951
324, 127, 692, 421, 696, 425, -4, -4, -2.356194490192345, 5.656854249492381
324, 128, 1244, 447, 1242, 444, 2, 3, 0.982793723247329, 3.605551275463989
324, 130, 1139, 35, 1142, 36, -3, -1, -2.819842099193151, 3.1622776601683795
324, 131, 729, 457, 732, 462, -3, -5, -2.1112158270654806, 5.830951894845301
324, 132, 529, 110, 529, 113, 0, -3, -1.5707963267948966, 3.0
324, 133, 971, 673, 972, 677, -1, -4, -1.8157749899217608, 4.123105625617661
324, 136, 498, 97, 498, 99, 0, -2, -1.5707963267948966, 2.0
324, 138, 54, 532, 52, 532, 2, 0, 0.0, 2.0
324, 139, 648, 421, 649, 417, -1, 4, 1.8157749899217608, 4.123105625617661
324, 140, 1235, 459, 1234, 457, 1, 2, 1.1071487177940904, 2.23606797749979
325, 0, 1074, 438, 1074, 443, 0, -5, -1.5707963267948966, 5.0
325, 3, 523, 113, 523, 116, 0, -3, -1.5707963267948966, 3.0
325, 4, 1057, 435, 1057, 440, 0, -5, -1.5707963267948966, 5.0
325, 6, 622, 460, 623, 457, -1, 3, 1.892546881191539, 3.1622776601683795
325, 8, 872, 29, 872, 33, 0, -4, -1.5707963267948966, 4.0
325, 9, 1002, 606, 1003, 611, -1, -5, -1.7681918866447774, 5.0990195135927845
325, 11, 1043, 526, 1043, 528, 0, -2, -1.5707963267948966, 2.0
325, 12, 959, 602, 960, 607, -1, -5, -1.7681918866447774, 5.0990195135927845
325, 13, 32, 288, 31, 287, 1, 1, 0.7853981633974483, 1.4142135623730951
325, 15, 801, 701, 803, 710, -2, -9, -1.7894652726688385, 9.219544457292887
325, 16, 516, 95, 516, 97, 0, -2, -1.5707963267948966, 2.0
325, 17, 505, 95, 505, 97, 0, -2, -1.5707963267948966, 2.0
325, 18, 731, 526, 734, 531, -3, -5, -2.1112158270654806, 5.830951894845301
325, 21, 713, 68, 713, 70, 0, -2, -1.5707963267948966, 2.0
325, 23, 498, 152, 497, 154, 1, -2, -1.1071487177940904, 2.23606797749979
325, 24, 943, 701, 945, 711, -2, -10, -1.7681918866447774, 10.198039027185569
325, 25, 1091, 36, 1095, 37, -4, -1, -2.896613990462929, 4.123105625617661
325, 26, 980, 570, 982, 574, -2, -4, -2.0344439357957027, 4.47213595499958
325, 27, 1105, 32, 1109, 35, -4, -3, -2.498091544796509, 5.0
325, 28, 596, 65, 594, 66, 2, -1, -0.4636476090008061, 2.23606797749979
325, 29, 868, 21, 868, 25, 0, -4, -1.5707963267948966, 4.0
325, 30, 1000, 575, 1001, 581, -1, -6, -1.7359450042095235, 6.082762530298219
325, 31, 862, 29, 862, 33, 0, -4, -1.5707963267948966, 4.0
325, 33, 1050, 495, 1050, 498, 0, -3, -1.5707963267948966, 3.0
325, 35, 1083, 36, 1087, 37, -4, -1, -2.896613990462929, 4.123105625617661
325, 36, 989, 691, 990, 695, -1, -4, -1.8157749899217608, 4.123105625617661
325, 37, 731, 477, 735, 481, -4, -4, -2.356194490192345, 5.656854249492381
325, 39, 510, 87, 510, 89, 0, -2, -1.5707963267948966, 2.0
325, 41, 1077, 470, 1078, 475, -1, -5, -1.7681918866447774, 5.0990195135927845
325, 44, 1087, 28, 1091, 29, -4, -1, -2.896613990462929, 4.123105625617661
325, 45, 546, 362, 547, 361, -1, 1, 2.356194490192345, 1.4142135623730951
325, 46, 1117, 54, 1121, 56, -4, -2, -2.677945044588987, 4.47213595499958
325, 47, 512, 335, 512, 339, 0, -4, -1.5707963267948966, 4.0
325, 49, 882, 701, 880, 706, 2, -5, -1.1902899496825317, 5.385164807134504
325, 50, 51, 462, 48, 460, 3, 2, 0.5880026035475675, 3.605551275463989
325, 51, 507, 161, 506, 163, 1, -2, -1.1071487177940904, 2.23606797749979
325, 52, 698, 478, 700, 481, -2, -3, -2.158798930342464, 3.605551275463989
325, 53, 609, 55, 606, 54, 3, 1, 0.3217505543966422, 3.1622776601683795
325, 54, 971, 630, 971, 634, 0, -4, -1.5707963267948966, 4.0
325, 57, 111, 167, 112, 166, -1, 1, 2.356194490192345, 1.4142135623730951
325, 58, 1258, 289, 1261, 289, -3, 0, 3.141592653589793, 3.0
325, 59, 522, 283, 522, 287, 0, -4, -1.5707963267948966, 4.0
325, 61, 705, 475, 708, 479, -3, -4, -2.214297435588181, 5.0
325, 63, 1168, 9, 1170, 10, -2, -1, -2.677945044588987, 2.23606797749979
325, 64, 523, 135, 522, 137, 1, -2, -1.1071487177940904, 2.23606797749979
325, 65, 35, 463, 32, 461, 3, 2, 0.5880026035475675, 3.605551275463989
325, 67, 726, 483, 730, 487, -4, -4, -2.356194490192345, 5.656854249492381
325, 68, 1101, 77, 1103, 77, -2, 0, 3.141592653589793, 2.0
325, 70, 512, 307, 512, 311, 0, -4, -1.5707963267948966, 4.0
325, 71, 969, 690, 970, 694, -1, -4, -1.8157749899217608, 4.123105625617661
325, 73, 1038, 494, 1037, 496, 1, -2, -1.1071487177940904, 2.23606797749979
325, 77, 872, 701, 869, 712, 3, -11, -1.3045442776439713, 11.40175425099138
325, 78, 39, 323, 36, 320, 3, 3, 0.7853981633974483, 4.242640687119285
325, 85, 1051, 91, 1054, 92, -3, -1, -2.819842099193151, 3.1622776601683795
325, 87, 1009, 604, 1010, 609, -1, -5, -1.7681918866447774, 5.0990195135927845
325, 88, 1255, 540, 1253, 537, 2, 3, 0.982793723247329, 3.605551275463989
325, 90, 975, 575, 976, 579, -1, -4, -1.8157749899217608, 4.123105625617661
325, 92, 1078, 77, 1081, 79, -3, -2, -2.5535900500422257, 3.605551275463989
325, 93, 1144, 46, 1146, 48, -2, -2, -2.356194490192345, 2.8284271247461903
325, 95, 115, 236, 117, 234, -2, 2, 2.356194490192345, 2.8284271247461903
325, 101, 903, 701, 904, 711, -1, -10, -1.6704649792860586, 10.04987562112089
325, 102, 630, 455, 631, 451, -1, 4, 1.8157749899217608, 4.123105625617661
325, 103, 41, 467, 38, 465, 3, 2, 0.5880026035475675, 3.605551275463989
325, 104, 1232, 154, 1233, 156, -1, -2, -2.0344439357957027, 2.23606797749979
325, 105, 609, 16, 606, 18, 3, -2, -0.5880026035475675, 3.605551275463989
325, 107, 101, 245, 102, 244, -1, 1, 2.356194490192345, 1.4142135623730951
325, 108, 714, 53, 715, 55, -1, -2, -2.0344439357957027, 2.23606797749979
325, 109, 54, 539, 51, 537, 3, 2, 0.5880026035475675, 3.605551275463989
325, 110, 1173, 15, 1175, 16, -2, -1, -2.677945044588987, 2.23606797749979
325, 112, 35, 445, 32, 443, 3, 2, 0.5880026035475675, 3.605551275463989
325, 113, 654, 107, 654, 105, 0, 2, 1.5707963267948966, 2.0
325, 114, 1066, 507, 1065, 510, 1, -3, -1.2490457723982544, 3.1622776601683795
325, 116, 664, 473, 664, 470, 0, 3, 1.5707963267948966, 3.0
325, 117, 102, 225, 103, 224, -1, 1, 2.356194490192345, 1.4142135623730951
325, 119, 432, 24, 433, 23, -1, 1, 2.356194490192345, 1.4142135623730951
325, 120, 499, 102, 499, 104, 0, -2, -1.5707963267948966, 2.0
325, 122, 639, 407, 640, 403, -1, 4, 1.8157749899217608, 4.123105625617661
325, 123, 729, 457, 733, 462, -4, -5, -2.2455372690184494, 6.4031242374328485
325, 124, 654, 457, 654, 452, 0, 5, 1.5707963267948966, 5.0
325, 125, 50, 450, 47, 449, 3, 1, 0.3217505543966422, 3.1622776601683795
325, 126, 1077, 481, 1077, 485, 0, -4, -1.5707963267948966, 4.0
325, 127, 715, 434, 718, 439, -3, -5, -2.1112158270654806, 5.830951894845301
325, 128, 1114, 22, 1118, 25, -4, -3, -2.498091544796509, 5.0
325, 133, 104, 196, 105, 195, -1, 1, 2.356194490192345, 1.4142135623730951
325, 134, 621, 136, 621, 134, 0, 2, 1.5707963267948966, 2.0
325, 135, 1094, 75, 1096, 75, -2, 0, 3.141592653589793, 2.0
325, 137, 632, 127, 632, 125, 0, 2, 1.5707963267948966, 2.0
325, 139, 1108, 77, 1113, 79, -5, -2, -2.761086276477428, 5.385164807134504
325, 143, 40, 521, 37, 520, 3, 1, 0.3217505543966422, 3.1622776601683795
326, 0, 1073, 433, 1074, 438, -1, -5, -1.7681918866447774, 5.0990195135927845
326, 3, 523, 111, 523, 113, 0, -2, -1.5707963267948966, 2.0
326, 4, 1056, 431, 1057, 435, -1, -4, -1.8157749899217608, 4.123105625617661
326, 6, 621, 463, 622, 460, -1, 3, 1.892546881191539, 3.1622776601683795
326, 8, 872, 25, 872, 29, 0, -4, -1.5707963267948966, 4.0
326, 9, 1001, 601, 1002, 606, -1, -5, -1.7681918866447774, 5.0990195135927845
326, 11, 1043, 524, 1043, 526, 0, -2, -1.5707963267948966, 2.0
326, 12, 958, 597, 959, 602, -1, -5, -1.7681918866447774, 5.0990195135927845
326, 13, 33, 289, 32, 288, 1, 1, 0.7853981633974483, 1.4142135623730951
326, 15, 799, 696, 801, 701, -2, -5, -1.9513027039072615, 5.385164807134504
326, 16, 516, 92, 516, 95, 0, -3, -1.5707963267948966, 3.0
326, 17, 505, 92, 505, 95, 0, -3, -1.5707963267948966, 3.0
326, 18, 726, 521, 731, 526, -5, -5, -2.356194490192345, 7.0710678118654755
326, 20, 510, 179, 510, 181, 0, -2, -1.5707963267948966, 2.0
326, 21, 712, 65, 713, 68, -1, -3, -1.892546881191539, 3.1622776601683795
326, 23, 500, 151, 498, 152, 2, -1, -0.4636476090008061, 2.23606797749979
326, 24, 941, 697, 943, 701, -2, -4, -2.0344439357957027, 4.47213595499958
326, 25, 1087, 35, 1091, 36, -4, -1, -2.896613990462929, 4.123105625617661
326, 26, 978, 566, 980, 570, -2, -4, -2.0344439357957027, 4.47213595499958
326, 27, 1102, 29, 1105, 32, -3, -3, -2.356194490192345, 4.242640687119285
326, 28, 598, 64, 596, 65, 2, -1, -0.4636476090008061, 2.23606797749979
326, 29, 868, 17, 868, 21, 0, -4, -1.5707963267948966, 4.0
326, 30, 999, 569, 1000, 575, -1, -6, -1.7359450042095235, 6.082762530298219
326, 31, 862, 25, 862, 29, 0, -4, -1.5707963267948966, 4.0
326, 33, 1050, 491, 1050, 495, 0, -4, -1.5707963267948966, 4.0
326, 34, 1079, 35, 1083, 36, -4, -1, -2.896613990462929, 4.123105625617661
326, 35, 988, 687, 989, 691, -1, -4, -1.8157749899217608, 4.123105625617661
326, 36, 727, 473, 731, 477, -4, -4, -2.356194490192345, 5.656854249492381
326, 38, 510, 84, 510, 87, 0, -3, -1.5707963267948966, 3.0
326, 40, 1076, 465, 1077, 470, -1, -5, -1.7681918866447774, 5.0990195135927845
326, 43, 1083, 27, 1087, 28, -4, -1, -2.896613990462929, 4.123105625617661
326, 45, 1113, 52, 1117, 54, -4, -2, -2.677945044588987, 4.47213595499958
326, 46, 512, 331, 512, 335, 0, -4, -1.5707963267948966, 4.0
326, 47, 712, 125, 712, 127, 0, -2, -1.5707963267948966, 2.0
326, 49, 54, 464, 51, 462, 3, 2, 0.5880026035475675, 3.605551275463989
326, 50, 508, 159, 507, 161, 1, -2, -1.1071487177940904, 2.23606797749979
326, 51, 696, 474, 698, 478, -2, -4, -2.0344439357957027, 4.47213595499958
326, 52, 611, 56, 609, 55, 2, 1, 0.4636476090008061, 2.23606797749979
326, 53, 971, 626, 971, 630, 0, -4, -1.5707963267948966, 4.0
326, 56, 110, 168, 111, 167, -1, 1, 2.356194490192345, 1.4142135623730951
326, 57, 1256, 289, 1258, 289, -2, 0, 3.141592653589793, 2.0
326, 58, 522, 279, 522, 283, 0, -4, -1.5707963267948966, 4.0
326, 60, 702, 470, 705, 475, -3, -5, -2.1112158270654806, 5.830951894845301
326, 62, 523, 132, 523, 135, 0, -3, -1.5707963267948966, 3.0
326, 63, 38, 465, 35, 463, 3, 2, 0.5880026035475675, 3.605551275463989
326, 65, 722, 479, 726, 483, -4, -4, -2.356194490192345, 5.656854249492381
326, 66, 1099, 76, 1101, 77, -2, -1, -2.677945044588987, 2.23606797749979
326, 68, 512, 303, 512, 307, 0, -4, -1.5707963267948966, 4.0
326, 69, 969, 686, 969, 690, 0, -4, -1.5707963267948966, 4.0
326, 71, 1038, 491, 1038, 494, 0, -3, -1.5707963267948966, 3.0
326, 75, 873, 700, 872, 701, 1, -1, -0.7853981633974483, 1.4142135623730951
326, 76, 42, 325, 39, 323, 3, 2, 0.5880026035475675, 3.605551275463989
326, 81, 544, 342, 544, 344, 0, -2, -1.5707963267948966, 2.0
326, 83, 1048, 91, 1051, 91, -3, 0, 3.141592653589793, 3.0
326, 85, 1008, 599, 1009, 604, -1, -5, -1.7681918866447774, 5.0990195135927845
326, 86, 1256, 542, 1255, 540, 1, 2, 1.1071487177940904, 2.23606797749979
326, 87, 51, 154, 53, 154, -2, 0, 3.141592653589793, 2.0
326, 88, 974, 571, 975, 575, -1, -4, -1.8157749899217608, 4.123105625617661
326, 90, 1074, 76, 1078, 77, -4, -1, -2.896613990462929, 4.123105625617661
326, 91, 1142, 44, 1144, 46, -2, -2, -2.356194490192345, 2.8284271247461903
326, 93, 113, 238, 115, 236, -2, 2, 2.356194490192345, 2.8284271247461903
326, 100, 629, 458, 630, 455, -1, 3, 1.892546881191539, 3.1622776601683795
326, 101, 44, 469, 41, 467, 3, 2, 0.5880026035475675, 3.605551275463989
326, 102, 1230, 152, 1232, 154, -2, -2, -2.356194490192345, 2.8284271247461903
326, 103, 612, 15, 609, 16, 3, -1, -0.3217505543966422, 3.1622776601683795
326, 105, 100, 246, 101, 245, -1, 1, 2.356194490192345, 1.4142135623730951
326, 106, 714, 51, 714, 53, 0, -2, -1.5707963267948966, 2.0
326, 107, 58, 542, 54, 539, 4, 3, 0.6435011087932844, 5.0
326, 108, 1171, 13, 1173, 15, -2, -2, -2.356194490192345, 2.8284271247461903
326, 110, 38, 447, 35, 445, 3, 2, 0.5880026035475675, 3.605551275463989
326, 111, 653, 108, 654, 107, -1, 1, 2.356194490192345, 1.4142135623730951
326, 112, 1066, 503, 1066, 507, 0, -4, -1.5707963267948966, 4.0
326, 114, 664, 477, 664, 473, 0, 4, 1.5707963267948966, 4.0
326, 115, 101, 226, 102, 225, -1, 1, 2.356194490192345, 1.4142135623730951
326, 118, 499, 99, 499, 102, 0, -3, -1.5707963267948966, 3.0
326, 119, 638, 410, 639, 407, -1, 3, 1.892546881191539, 3.1622776601683795
326, 120, 725, 452, 729, 457, -4, -5, -2.2455372690184494, 6.4031242374328485
326, 121, 654, 461, 654, 457, 0, 4, 1.5707963267948966, 4.0
326, 122, 53, 451, 50, 450, 3, 1, 0.3217505543966422, 3.1622776601683795
326, 123, 1077, 476, 1077, 481, 0, -5, -1.5707963267948966, 5.0
326, 124, 712, 429, 715, 434, -3, -5, -2.1112158270654806, 5.830951894845301
326, 125, 1110, 20, 1114, 22, -4, -2, -2.677945044588987, 4.47213595499958
326, 129, 103, 197, 104, 196, -1, 1, 2.356194490192345, 1.4142135623730951
326, 130, 621, 138, 621, 136, 0, 2, 1.5707963267948966, 2.0
326, 131, 1092, 75, 1094, 75, -2, 0, 3.141592653589793, 2.0
326, 135, 1105, 76, 1108, 77, -3, -1, -2.819842099193151, 3.1622776601683795
326, 139, 43, 522, 40, 521, 3, 1, 0.3217505543966422, 3.1622776601683795
327, 0, 1072, 428, 1073, 433, -1, -5, -1.7681918866447774, 5.0990195135927845
327, 3, 523, 109, 523, 111, 0, -2, -1.5707963267948966, 2.0
327, 4, 1055, 427, 1056, 431, -1, -4, -1.8157749899217608, 4.123105625617661
327, 6, 620, 466, 621, 463, -1, 3, 1.892546881191539, 3.1622776601683795
327, 8, 872, 22, 872, 25, 0, -3, -1.5707963267948966, 3.0
327, 9, 1000, 596, 1001, 601, -1, -5, -1.7681918866447774, 5.0990195135927845
327, 11, 1043, 521, 1043, 524, 0, -3, -1.5707963267948966, 3.0
327, 12, 957, 592, 958, 597, -1, -5, -1.7681918866447774, 5.0990195135927845
327, 13, 34, 290, 33, 289, 1, 1, 0.7853981633974483, 1.4142135623730951
327, 15, 797, 691, 799, 696, -2, -5, -1.9513027039072615, 5.385164807134504
327, 16, 516, 89, 516, 92, 0, -3, -1.5707963267948966, 3.0
327, 17, 505, 89, 505, 92, 0, -3, -1.5707963267948966, 3.0
327, 18, 721, 516, 726, 521, -5, -5, -2.356194490192345, 7.0710678118654755
327, 20, 510, 177, 510, 179, 0, -2, -1.5707963267948966, 2.0
327, 21, 711, 62, 712, 65, -1, -3, -1.892546881191539, 3.1622776601683795
327, 23, 501, 149, 500, 151, 1, -2, -1.1071487177940904, 2.23606797749979
327, 24, 940, 693, 941, 697, -1, -4, -1.8157749899217608, 4.123105625617661
327, 25, 1083, 33, 1087, 35, -4, -2, -2.677945044588987, 4.47213595499958
327, 26, 976, 561, 978, 566, -2, -5, -1.9513027039072615, 5.385164807134504
327, 27, 1099, 27, 1102, 29, -3, -2, -2.5535900500422257, 3.605551275463989
327, 29, 867, 14, 868, 17, -1, -3, -1.892546881191539, 3.1622776601683795
327, 30, 997, 563, 999, 569, -2, -6, -1.892546881191539, 6.324555320336759
327, 31, 862, 23, 862, 25, 0, -2, -1.5707963267948966, 2.0
327, 32, 43, 148, 45, 148, -2, 0, 3.141592653589793, 2.0
327, 33, 1049, 488, 1050, 491, -1, -3, -1.892546881191539, 3.1622776601683795
327, 34, 1074, 33, 1079, 35, -5, -2, -2.761086276477428, 5.385164807134504
327, 35, 987, 683, 988, 687, -1, -4, -1.8157749899217608, 4.123105625617661
327, 36, 723, 469, 727, 473, -4, -4, -2.356194490192345, 5.656854249492381
327, 38, 510, 81, 510, 84, 0, -3, -1.5707963267948966, 3.0
327, 40, 1075, 462, 1076, 465, -1, -3, -1.892546881191539, 3.1622776601683795
327, 43, 1079, 26, 1083, 27, -4, -1, -2.896613990462929, 4.123105625617661
327, 44, 1109, 50, 1113, 52, -4, -2, -2.677945044588987, 4.47213595499958
327, 45, 512, 327, 512, 331, 0, -4, -1.5707963267948966, 4.0
327, 46, 712, 123, 712, 125, 0, -2, -1.5707963267948966, 2.0
327, 48, 56, 465, 54, 464, 2, 1, 0.4636476090008061, 2.23606797749979
327, 49, 509, 156, 508, 159, 1, -3, -1.2490457723982544, 3.1622776601683795
327, 50, 694, 470, 696, 474, -2, -4, -2.0344439357957027, 4.47213595499958
327, 51, 612, 58, 611, 56, 1, 2, 1.1071487177940904, 2.23606797749979
327, 52, 971, 623, 971, 626, 0, -3, -1.5707963267948966, 3.0
327, 55, 109, 169, 110, 168, -1, 1, 2.356194490192345, 1.4142135623730951
327, 56, 1254, 288, 1256, 289, -2, -1, -2.677945044588987, 2.23606797749979
327, 57, 522, 276, 522, 279, 0, -3, -1.5707963267948966, 3.0
327, 59, 699, 465, 702, 470, -3, -5, -2.1112158270654806, 5.830951894845301
327, 61, 523, 129, 523, 132, 0, -3, -1.5707963267948966, 3.0
327, 62, 40, 466, 38, 465, 2, 1, 0.4636476090008061, 2.23606797749979
327, 64, 718, 475, 722, 479, -4, -4, -2.356194490192345, 5.656854249492381
327, 65, 1096, 75, 1099, 76, -3, -1, -2.819842099193151, 3.1622776601683795
327, 67, 512, 299, 512, 303, 0, -4, -1.5707963267948966, 4.0
327, 68, 969, 682, 969, 686, 0, -4, -1.5707963267948966, 4.0
327, 70, 1039, 487, 1038, 491, 1, -4, -1.3258176636680326, 4.123105625617661
327, 74, 870, 700, 873, 700, -3, 0, 3.141592653589793, 3.0
327, 75, 44, 326, 42, 325, 2, 1, 0.4636476090008061, 2.23606797749979
327, 79, 544, 340, 544, 342, 0, -2, -1.5707963267948966, 2.0
327, 82, 1007, 594, 1008, 599, -1, -5, -1.7681918866447774, 5.0990195135927845
327, 83, 1256, 544, 1256, 542, 0, 2, 1.5707963267948966, 2.0
327, 84, 50, 155, 51, 154, -1, 1, 2.356194490192345, 1.4142135623730951
327, 85, 973, 567, 974, 571, -1, -4, -1.8157749899217608, 4.123105625617661
327, 87, 1070, 74, 1074, 76, -4, -2, -2.677945044588987, 4.47213595499958
327, 88, 1140, 42, 1142, 44, -2, -2, -2.356194490192345, 2.8284271247461903
327, 89, 136, 211, 137, 210, -1, 1, 2.356194490192345, 1.4142135623730951
327, 90, 111, 240, 113, 238, -2, 2, 2.356194490192345, 2.8284271247461903
327, 97, 628, 461, 629, 458, -1, 3, 1.892546881191539, 3.1622776601683795
327, 98, 46, 470, 44, 469, 2, 1, 0.4636476090008061, 2.23606797749979
327, 99, 1228, 148, 1230, 152, -2, -4, -2.0344439357957027, 4.47213595499958
327, 100, 615, 14, 612, 15, 3, -1, -0.3217505543966422, 3.1622776601683795
327, 102, 99, 247, 100, 246, -1, 1, 2.356194490192345, 1.4142135623730951
327, 103, 713, 48, 714, 51, -1, -3, -1.892546881191539, 3.1622776601683795
327, 104, 61, 544, 58, 542, 3, 2, 0.5880026035475675, 3.605551275463989
327, 105, 1169, 11, 1171, 13, -2, -2, -2.356194490192345, 2.8284271247461903
327, 107, 40, 449, 38, 447, 2, 2, 0.7853981633974483, 2.8284271247461903
327, 109, 1064, 501, 1066, 503, -2, -2, -2.356194490192345, 2.8284271247461903
327, 111, 664, 480, 664, 477, 0, 3, 1.5707963267948966, 3.0
327, 112, 100, 227, 101, 226, -1, 1, 2.356194490192345, 1.4142135623730951
327, 115, 499, 96, 499, 99, 0, -3, -1.5707963267948966, 3.0
327, 116, 637, 413, 638, 410, -1, 3, 1.892546881191539, 3.1622776601683795
327, 117, 721, 447, 725, 452, -4, -5, -2.2455372690184494, 6.4031242374328485
327, 118, 653, 465, 654, 461, -1, 4, 1.8157749899217608, 4.123105625617661
327, 119, 55, 452, 53, 451, 2, 1, 0.4636476090008061, 2.23606797749979
327, 120, 1077, 473, 1077, 476, 0, -3, -1.5707963267948966, 3.0
327, 121, 709, 424, 712, 429, -3, -5, -2.1112158270654806, 5.830951894845301
327, 122, 1106, 18, 1110, 20, -4, -2, -2.677945044588987, 4.47213595499958
327, 126, 102, 198, 103, 197, -1, 1, 2.356194490192345, 1.4142135623730951
327, 127, 621, 140, 621, 138, 0, 2, 1.5707963267948966, 2.0
327, 128, 1090, 74, 1092, 75, -2, -1, -2.677945044588987, 2.23606797749979
327, 130, 631, 130, 632, 128, -1, 2, 2.0344439357957027, 2.23606797749979
327, 132, 1102, 74, 1105, 76, -3, -2, -2.5535900500422257, 3.605551275463989
327, 136, 46, 523, 43, 522, 3, 1, 0.3217505543966422, 3.1622776601683795
328, 0, 1071, 424, 1072, 428, -1, -4, -1.8157749899217608, 4.123105625617661
328, 3, 524, 107, 523, 109, 1, -2, -1.1071487177940904, 2.23606797749979
328, 4, 1054, 423, 1055, 427, -1, -4, -1.8157749899217608, 4.123105625617661
328, 5, 131, 219, 132, 216, -1, 3, 1.892546881191539, 3.1622776601683795
328, 6, 619, 469, 620, 466, -1, 3, 1.892546881191539, 3.1622776601683795
328, 8, 872, 19, 872, 22, 0, -3, -1.5707963267948966, 3.0
328, 9, 998, 591, 1000, 596, -2, -5, -1.9513027039072615, 5.385164807134504
328, 11, 1044, 517, 1043, 521, 1, -4, -1.3258176636680326, 4.123105625617661
328, 12, 956, 587, 957, 592, -1, -5, -1.7681918866447774, 5.0990195135927845
328, 13, 37, 293, 34, 290, 3, 3, 0.7853981633974483, 4.242640687119285
328, 15, 796, 688, 797, 691, -1, -3, -1.892546881191539, 3.1622776601683795
328, 16, 516, 85, 516, 89, 0, -4, -1.5707963267948966, 4.0
328, 17, 505, 84, 505, 89, 0, -5, -1.5707963267948966, 5.0
328, 18, 718, 513, 721, 516, -3, -3, -2.356194490192345, 4.242640687119285
328, 20, 511, 172, 510, 177, 1, -5, -1.373400766945016, 5.0990195135927845
328, 21, 711, 57, 711, 62, 0, -5, -1.5707963267948966, 5.0
328, 23, 502, 145, 501, 149, 1, -4, -1.3258176636680326, 4.123105625617661
328, 24, 937, 691, 940, 693, -3, -2, -2.5535900500422257, 3.605551275463989
328, 25, 1079, 31, 1083, 33, -4, -2, -2.677945044588987, 4.47213595499958
328, 26, 973, 558, 976, 561, -3, -3, -2.356194490192345, 4.242640687119285
328, 27, 1095, 26, 1099, 27, -4, -1, -2.896613990462929, 4.123105625617661
328, 28, 600, 65, 599, 64, 1, 1, 0.7853981633974483, 1.4142135623730951
328, 29, 867, 11, 867, 14, 0, -3, -1.5707963267948966, 3.0
328, 30, 994, 558, 997, 563, -3, -5, -2.1112158270654806, 5.830951894845301
328, 31, 862, 20, 862, 23, 0, -3, -1.5707963267948966, 3.0
328, 34, 1070, 31, 1074, 33, -4, -2, -2.677945044588987, 4.47213595499958
328, 35, 719, 465, 723, 469, -4, -4, -2.356194490192345, 5.656854249492381
328, 37, 510, 76, 510, 81, 0, -5, -1.5707963267948966, 5.0
328, 39, 1075, 456, 1075, 462, 0, -6, -1.5707963267948966, 6.0
328, 42, 1075, 24, 1079, 26, -4, -2, -2.677945044588987, 4.47213595499958
328, 43, 1105, 48, 1109, 50, -4, -2, -2.677945044588987, 4.47213595499958
328, 44, 513, 323, 512, 327, 1, -4, -1.3258176636680326, 4.123105625617661
328, 45, 713, 119, 712, 123, 1, -4, -1.3258176636680326, 4.123105625617661
328, 46, 881, 701, 883, 701, -2, 0, 3.141592653589793, 2.0
328, 47, 58, 465, 56, 465, 2, 0, 0.0, 2.0
328, 48, 511, 152, 509, 156, 2, -4, -1.1071487177940904, 4.47213595499958
328, 49, 690, 467, 694, 470, -4, -3, -2.498091544796509, 5.0
328, 50, 613, 59, 612, 58, 1, 1, 0.7853981633974483, 1.4142135623730951
328, 51, 969, 620, 971, 623, -2, -3, -2.158798930342464, 3.605551275463989
328, 54, 107, 172, 109, 169, -2, 3, 2.158798930342464, 3.605551275463989
328, 56, 523, 270, 522, 276, 1, -6, -1.4056476493802699, 6.082762530298219
328, 58, 695, 461, 699, 465, -4, -4, -2.356194490192345, 5.656854249492381
328, 59, 261, 354, 260, 355, 1, -1, -0.7853981633974483, 1.4142135623730951
328, 60, 523, 124, 523, 129, 0, -5, -1.5707963267948966, 5.0
328, 61, 42, 466, 40, 466, 2, 0, 0.0, 2.0
328, 63, 714, 471, 718, 475, -4, -4, -2.356194490192345, 5.656854249492381
328, 64, 1094, 73, 1096, 75, -2, -2, -2.356194490192345, 2.8284271247461903
328, 66, 513, 293, 512, 299, 1, -6, -1.4056476493802699, 6.082762530298219
328, 67, 969, 679, 969, 682, 0, -3, -1.5707963267948966, 3.0
328, 68, 229, 310, 229, 312, 0, -2, -1.5707963267948966, 2.0
328, 69, 1040, 485, 1039, 487, 1, -2, -1.1071487177940904, 2.23606797749979
328, 72, 243, 300, 243, 302, 0, -2, -1.5707963267948966, 2.0
328, 73, 45, 330, 44, 326, 1, 4, 1.3258176636680326, 4.123105625617661
328, 77, 544, 336, 544, 340, 0, -4, -1.5707963267948966, 4.0
328, 79, 1045, 90, 1047, 91, -2, -1, -2.677945044588987, 2.23606797749979
328, 80, 1005, 588, 1007, 594, -2, -6, -1.892546881191539, 6.324555320336759
328, 82, 49, 156, 50, 155, -1, 1, 2.356194490192345, 1.4142135623730951
328, 83, 971, 563, 973, 567, -2, -4, -2.0344439357957027, 4.47213595499958
328, 84, 1067, 73, 1070, 74, -3, -1, -2.819842099193151, 3.1622776601683795
328, 85, 1137, 39, 1140, 42, -3, -3, -2.356194490192345, 4.242640687119285
328, 86, 135, 214, 136, 211, -1, 3, 1.892546881191539, 3.1622776601683795
328, 87, 108, 244, 111, 240, -3, 4, 2.214297435588181, 5.0
328, 88, 642, 17, 641, 16, 1, 1, 0.7853981633974483, 1.4142135623730951
328, 93, 628, 465, 628, 461, 0, 4, 1.5707963267948966, 4.0
328, 94, 48, 470, 46, 470, 2, 0, 0.0, 2.0
328, 95, 1225, 147, 1228, 148, -3, -1, -2.819842099193151, 3.1622776601683795
328, 96, 617, 14, 615, 14, 2, 0, 0.0, 2.0
328, 97, 645, 498, 645, 496, 0, 2, 1.5707963267948966, 2.0
328, 98, 97, 250, 99, 247, -2, 3, 2.158798930342464, 3.605551275463989
328, 99, 712, 43, 713, 48, -1, -5, -1.7681918866447774, 5.0990195135927845
328, 100, 62, 541, 61, 544, 1, -3, -1.2490457723982544, 3.1622776601683795
328, 101, 1166, 7, 1169, 11, -3, -4, -2.214297435588181, 5.0
328, 103, 43, 452, 40, 449, 3, 3, 0.7853981633974483, 4.242640687119285
328, 105, 1063, 497, 1064, 501, -1, -4, -1.8157749899217608, 4.123105625617661
328, 107, 664, 484, 664, 480, 0, 4, 1.5707963267948966, 4.0
328, 108, 99, 230, 100, 227, -1, 3, 1.892546881191539, 3.1622776601683795
328, 111, 499, 91, 499, 96, 0, -5, -1.5707963267948966, 5.0
328, 112, 637, 417, 637, 413, 0, 4, 1.5707963267948966, 4.0
328, 113, 720, 445, 721, 447, -1, -2, -2.0344439357957027, 2.23606797749979
328, 114, 653, 470, 653, 465, 0, 5, 1.5707963267948966, 5.0
328, 115, 58, 454, 55, 452, 3, 2, 0.5880026035475675, 3.605551275463989
328, 116, 1077, 470, 1077, 473, 0, -3, -1.5707963267948966, 3.0
328, 117, 707, 421, 709, 424, -2, -3, -2.158798930342464, 3.605551275463989
328, 118, 1102, 16, 1106, 18, -4, -2, -2.677945044588987, 4.47213595499958
328, 122, 100, 201, 102, 198, -2, 3, 2.158798930342464, 3.605551275463989
328, 124, 1088, 73, 1090, 74, -2, -1, -2.677945044588987, 2.23606797749979
328, 125, 631, 37, 630, 36, 1, 1, 0.7853981633974483, 1.4142135623730951
328, 127, 1190, 65, 1190, 67, 0, -2, -1.5707963267948966, 2.0
328, 128, 1099, 70, 1102, 74, -3, -4, -2.214297435588181, 5.0
328, 132, 48, 523, 46, 523, 2, 0, 0.0, 2.0
329, 0, 1071, 419, 1071, 424, 0, -5, -1.5707963267948966, 5.0
329, 4, 1054, 419, 1054, 423, 0, -4, -1.5707963267948966, 4.0
329, 6, 619, 472, 619, 469, 0, 3, 1.5707963267948966, 3.0
329, 9, 997, 586, 998, 591, -1, -5, -1.7681918866447774, 5.0990195135927845
329, 11, 1044, 515, 1044, 517, 0, -2, -1.5707963267948966, 2.0
329, 12, 955, 582, 956, 587, -1, -5, -1.7681918866447774, 5.0990195135927845
329, 13, 38, 294, 37, 293, 1, 1, 0.7853981633974483, 1.4142135623730951
329, 15, 794, 684, 796, 688, -2, -4, -2.0344439357957027, 4.47213595499958
329, 16, 516, 81, 516, 85, 0, -4, -1.5707963267948966, 4.0
329, 17, 505, 80, 505, 84, 0, -4, -1.5707963267948966, 4.0
329, 19, 512, 167, 511, 172, 1, -5, -1.373400766945016, 5.0990195135927845
329, 20, 711, 54, 711, 57, 0, -3, -1.5707963267948966, 3.0
329, 22, 502, 141, 502, 145, 0, -4, -1.5707963267948966, 4.0
329, 23, 935, 688, 937, 691, -2, -3, -2.158798930342464, 3.605551275463989
329, 24, 1075, 28, 1079, 31, -4, -3, -2.498091544796509, 5.0
329, 25, 971, 554, 973, 558, -2, -4, -2.0344439357957027, 4.47213595499958
329, 26, 1091, 24, 1095, 26, -4, -2, -2.677945044588987, 4.47213595499958
329, 28, 866, 9, 867, 11, -1, -2, -2.0344439357957027, 2.23606797749979
329, 29, 992, 553, 994, 558, -2, -5, -1.9513027039072615, 5.385164807134504
329, 31, 1050, 485, 1049, 487, 1, -2, -1.1071487177940904, 2.23606797749979
329, 32, 1066, 28, 1070, 31, -4, -3, -2.498091544796509, 5.0
329, 33, 715, 461, 719, 465, -4, -4, -2.356194490192345, 5.656854249492381
329, 35, 510, 72, 510, 76, 0, -4, -1.5707963267948966, 4.0
329, 37, 1075, 451, 1075, 456, 0, -5, -1.5707963267948966, 5.0
329, 40, 1071, 22, 1075, 24, -4, -2, -2.677945044588987, 4.47213595499958
329, 41, 1102, 45, 1105, 48, -3, -3, -2.356194490192345, 4.242640687119285
329, 42, 513, 319, 513, 323, 0, -4, -1.5707963267948966, 4.0
329, 43, 713, 116, 713, 119, 0, -3, -1.5707963267948966, 3.0
329, 44, 61, 467, 58, 465, 3, 2, 0.5880026035475675, 3.605551275463989
329, 45, 512, 149, 511, 152, 1, -3, -1.2490457723982544, 3.1622776601683795
329, 46, 687, 463, 690, 467, -3, -4, -2.214297435588181, 5.0
329, 47, 614, 60, 613, 59, 1, 1, 0.7853981633974483, 1.4142135623730951
329, 48, 968, 615, 969, 620, -1, -5, -1.7681918866447774, 5.0990195135927845
329, 50, 105, 174, 107, 172, -2, 2, 2.356194490192345, 2.8284271247461903
329, 52, 524, 267, 523, 270, 1, -3, -1.2490457723982544, 3.1622776601683795
329, 54, 692, 457, 695, 461, -3, -4, -2.214297435588181, 5.0
329, 57, 45, 468, 42, 466, 3, 2, 0.5880026035475675, 3.605551275463989
329, 59, 711, 467, 714, 471, -3, -4, -2.214297435588181, 5.0
329, 60, 1091, 71, 1094, 73, -3, -2, -2.5535900500422257, 3.605551275463989
329, 62, 513, 289, 513, 293, 0, -4, -1.5707963267948966, 4.0
329, 63, 968, 675, 969, 679, -1, -4, -1.8157749899217608, 4.123105625617661
329, 64, 1041, 484, 1040, 485, 1, -1, -0.7853981633974483, 1.4142135623730951
329, 68, 45, 332, 45, 330, 0, 2, 1.5707963267948966, 2.0
329, 72, 544, 333, 544, 336, 0, -3, -1.5707963267948966, 3.0
329, 75, 1003, 583, 1005, 588, -2, -5, -1.9513027039072615, 5.385164807134504
329, 78, 969, 559, 971, 563, -2, -4, -2.0344439357957027, 4.47213595499958
329, 79, 1064, 72, 1067, 73, -3, -1, -2.819842099193151, 3.1622776601683795
329, 80, 1135, 36, 1137, 39, -2, -3, -2.158798930342464, 3.605551275463989
329, 81, 134, 215, 135, 214, -1, 1, 2.356194490192345, 1.4142135623730951
329, 82, 107, 246, 108, 244, -1, 2, 2.0344439357957027, 2.23606797749979
329, 88, 628, 468, 628, 465, 0, 3, 1.5707963267948966, 3.0
329, 89, 51, 472, 48, 470, 3, 2, 0.5880026035475675, 3.605551275463989
329, 90, 1223, 146, 1225, 147, -2, -1, -2.677945044588987, 2.23606797749979
329, 91, 619, 13, 617, 14, 2, -1, -0.4636476090008061, 2.23606797749979
329, 92, 645, 503, 645, 498, 0, 5, 1.5707963267948966, 5.0
329, 93, 96, 251, 97, 250, -1, 1, 2.356194490192345, 1.4142135623730951
329, 94, 712, 39, 712, 43, 0, -4, -1.5707963267948966, 4.0
329, 95, 65, 539, 62, 541, 3, -2, -0.5880026035475675, 3.605551275463989
329, 96, 854, 56, 854, 58, 0, -2, -1.5707963267948966, 2.0
329, 97, 46, 455, 43, 452, 3, 3, 0.7853981633974483, 4.242640687119285
329, 99, 1063, 493, 1063, 497, 0, -4, -1.5707963267948966, 4.0
329, 102, 98, 232, 99, 230, -1, 2, 2.0344439357957027, 2.23606797749979
329, 105, 499, 87, 499, 91, 0, -4, -1.5707963267948966, 4.0
329, 106, 637, 420, 637, 417, 0, 3, 1.5707963267948966, 3.0
329, 107, 716, 441, 720, 445, -4, -4, -2.356194490192345, 5.656854249492381
329, 108, 653, 473, 653, 470, 0, 3, 1.5707963267948966, 3.0
329, 109, 60, 456, 58, 454, 2, 2, 0.7853981633974483, 2.8284271247461903
329, 110, 1077, 466, 1077, 470, 0, -4, -1.5707963267948966, 4.0
329, 111, 703, 417, 707, 421, -4, -4, -2.356194490192345, 5.656854249492381
329, 112, 1098, 14, 1102, 16, -4, -2, -2.677945044588987, 4.47213595499958
329, 116, 99, 203, 100, 201, -1, 2, 2.0344439357957027, 2.23606797749979
329, 117, 622, 142, 621, 141, 1, 1, 0.7853981633974483, 1.4142135623730951
329, 118, 1084, 71, 1088, 73, -4, -2, -2.677945044588987, 4.47213595499958
329, 119, 632, 36, 631, 37, 1, -1, -0.7853981633974483, 1.4142135623730951
329, 121, 1188, 63, 1190, 65, -2, -2, -2.356194490192345, 2.8284271247461903
329, 122, 1096, 68, 1099, 70, -3, -2, -2.5535900500422257, 3.605551275463989
329, 126, 51, 524, 48, 523, 3, 1, 0.3217505543966422, 3.1622776601683795
330, 0, 1056, 423, 1057, 427, -1, -4, -1.8157749899217608, 4.123105625617661
330, 1, 1074, 424, 1075, 429, -1, -5, -1.7681918866447774, 5.0990195135927845
330, 2, 254, 327, 254, 329, 0, -2, -1.5707963267948966, 2.0
330, 4, 976, 555, 978, 559, -2, -4, -2.0344439357957027, 4.47213595499958
330, 5, 623, 477, 623, 474, 0, 3, 1.5707963267948966, 3.0
330, 6, 957, 589, 958, 593, -1, -4, -1.8157749899217608, 4.123105625617661
330, 7, 36, 300, 34, 298, 2, 2, 0.7853981633974483, 2.8284271247461903
330, 8, 872, 25, 873, 27, -1, -2, -2.0344439357957027, 2.23606797749979
330, 9, 40, 294, 38, 292, 2, 2, 0.7853981633974483, 2.8284271247461903
330, 10, 868, 17, 869, 19, -1, -2, -2.0344439357957027, 2.23606797749979
330, 11, 1041, 470, 1040, 472, 1, -2, -1.1071487177940904, 2.23606797749979
330, 13, 1133, 59, 1134, 61, -1, -2, -2.0344439357957027, 2.23606797749979
330, 14, 720, 465, 724, 468, -4, -3, -2.498091544796509, 5.0
330, 15, 795, 679, 797, 684, -2, -5, -1.9513027039072615, 5.385164807134504
330, 18, 1087, 67, 1090, 69, -3, -2, -2.5535900500422257, 3.605551275463989
330, 20, 994, 558, 996, 563, -2, -5, -1.9513027039072615, 5.385164807134504
330, 23, 999, 585, 1001, 590, -2, -5, -1.9513027039072615, 5.385164807134504
330, 25, 969, 612, 971, 617, -2, -5, -1.9513027039072615, 5.385164807134504
330, 26, 713, 58, 713, 62, 0, -4, -1.5707963267948966, 4.0
330, 27, 1080, 29, 1084, 32, -4, -3, -2.498091544796509, 5.0
330, 28, 675, 458, 676, 461, -1, -3, -1.892546881191539, 3.1622776601683795
330, 29, 1076, 22, 1080, 25, -4, -3, -2.498091544796509, 5.0
330, 31, 11, 244, 10, 243, 1, 1, 0.7853981633974483, 1.4142135623730951
330, 33, 936, 698, 937, 701, -1, -3, -1.892546881191539, 3.1622776601683795
330, 35, 1072, 30, 1076, 33, -4, -3, -2.498091544796509, 5.0
330, 36, 518, 85, 518, 89, 0, -4, -1.5707963267948966, 4.0
330, 37, 1108, 50, 1112, 52, -4, -2, -2.677945044588987, 4.47213595499958
330, 38, 989, 667, 990, 671, -1, -4, -1.8157749899217608, 4.123105625617661
330, 39, 545, 357, 545, 360, 0, -3, -1.5707963267948966, 3.0
330, 42, 1099, 29, 1102, 30, -3, -1, -2.819842099193151, 3.1622776601683795
330, 43, 511, 152, 511, 155, 0, -3, -1.5707963267948966, 3.0
330, 45, 689, 464, 693, 468, -4, -4, -2.356194490192345, 5.656854249492381
330, 48, 953, 605, 953, 610, 0, -5, -1.5707963267948966, 5.0
330, 49, 43, 470, 41, 468, 2, 2, 0.7853981633974483, 2.8284271247461903
330, 50, 528, 381, 529, 383, -1, -2, -2.0344439357957027, 2.23606797749979
330, 51, 506, 86, 506, 90, 0, -4, -1.5707963267948966, 4.0
330, 53, 1007, 585, 1009, 590, -2, -5, -1.9513027039072615, 5.385164807134504
330, 55, 970, 560, 972, 564, -2, -4, -2.0344439357957027, 4.47213595499958
330, 56, 512, 77, 512, 81, 0, -4, -1.5707963267948966, 4.0
330, 57, 108, 173, 109, 171, -1, 2, 2.0344439357957027, 2.23606797749979
330, 59, 949, 677, 950, 682, -1, -5, -1.7681918866447774, 5.0990195135927845
330, 60, 263, 327, 263, 329, 0, -2, -1.5707963267948966, 2.0
330, 63, 1081, 449, 1081, 454, 0, -5, -1.5707963267948966, 5.0
330, 64, 31, 276, 29, 274, 2, 2, 0.7853981633974483, 2.8284271247461903
330, 65, 969, 666, 970, 669, -1, -3, -1.892546881191539, 3.1622776601683795
330, 67, 862, 26, 863, 28, -1, -2, -2.0344439357957027, 2.23606797749979
330, 68, 261, 335, 261, 337, 0, -2, -1.5707963267948966, 2.0
330, 69, 629, 143, 628, 142, 1, 1, 0.7853981633974483, 1.4142135623730951
330, 70, 514, 297, 514, 301, 0, -4, -1.5707963267948966, 4.0
330, 71, 59, 469, 57, 467, 2, 2, 0.7853981633974483, 2.8284271247461903
330, 72, 137, 214, 138, 213, -1, 1, 2.356194490192345, 1.4142135623730951
330, 75, 49, 474, 47, 472, 2, 2, 0.7853981633974483, 2.8284271247461903
330, 76, 543, 338, 543, 341, 0, -3, -1.5707963267948966, 3.0
330, 77, 104, 230, 105, 228, -1, 2, 2.0344439357957027, 2.23606797749979
330, 79, 1250, 501, 1249, 500, 1, 1, 0.7853981633974483, 1.4142135623730951
330, 80, 29, 145, 31, 145, -2, 0, 3.141592653589793, 2.0
330, 81, 526, 275, 525, 279, 1, -4, -1.3258176636680326, 4.123105625617661
330, 82, 620, 14, 617, 15, 3, -1, -0.3217505543966422, 3.1622776601683795
330, 84, 1065, 79, 1067, 78, -2, 1, 2.677945044588987, 2.23606797749979
330, 86, 497, 142, 497, 146, 0, -4, -1.5707963267948966, 4.0
330, 87, 690, 109, 689, 108, 1, 1, 0.7853981633974483, 1.4142135623730951
330, 90, 630, 464, 630, 461, 0, 3, 1.5707963267948966, 3.0
330, 91, 1247, 456, 1245, 455, 2, 1, 0.4636476090008061, 2.23606797749979
330, 93, 710, 470, 713, 473, -3, -3, -2.356194490192345, 4.242640687119285
330, 94, 985, 643, 985, 648, 0, -5, -1.5707963267948966, 5.0
330, 96, 716, 44, 716, 48, 0, -4, -1.5707963267948966, 4.0
330, 97, 26, 270, 24, 268, 2, 2, 0.7853981633974483, 2.8284271247461903
330, 98, 102, 202, 103, 200, -1, 2, 2.0344439357957027, 2.23606797749979
330, 99, 619, 68, 617, 68, 2, 0, 0.0, 2.0
330, 101, 611, 43, 610, 44, 1, -1, -0.7853981633974483, 1.4142135623730951
330, 105, 518, 324, 518, 328, 0, -4, -1.5707963267948966, 4.0
330, 106, 44, 453, 41, 450, 3, 3, 0.7853981633974483, 4.242640687119285
330, 108, 518, 169, 516, 175, 2, -6, -1.2490457723982544, 6.324555320336759
330, 110, 524, 93, 524, 96, 0, -3, -1.5707963267948966, 3.0
330, 111, 1051, 494, 1050, 497, 1, -3, -1.2490457723982544, 3.1622776601683795
330, 113, 704, 425, 708, 428, -4, -3, -2.498091544796509, 5.0
330, 114, 648, 164, 648, 161, 0, 3, 1.5707963267948966, 3.0
330, 115, 640, 416, 639, 413, 1, 3, 1.2490457723982544, 3.1622776601683795
330, 116, 1093, 50, 1096, 52, -3, -2, -2.5535900500422257, 3.605551275463989
330, 118, 1049, 528, 1049, 531, 0, -3, -1.5707963267948966, 3.0
330, 119, 524, 126, 524, 129, 0, -3, -1.5707963267948966, 3.0
330, 121, 1169, 9, 1171, 11, -2, -2, -2.356194490192345, 2.8284271247461903
330, 123, 51, 528, 48, 527, 3, 1, 0.3217505543966422, 3.1622776601683795
330, 124, 499, 126, 499, 130, 0, -4, -1.5707963267948966, 4.0
330, 125, 50, 506, 48, 505, 2, 1, 0.4636476090008061, 2.23606797749979
330, 126, 58, 459, 56, 456, 2, 3, 0.982793723247329, 3.605551275463989
330, 128, 996, 544, 998, 549, -2, -5, -1.9513027039072615, 5.385164807134504
330, 129, 1138, 34, 1141, 37, -3, -3, -2.356194490192345, 4.242640687119285
330, 131, 717, 444, 722, 448, -5, -4, -2.4668517113662407, 6.4031242374328485
330, 134, 1080, 64, 1083, 66, -3, -2, -2.5535900500422257, 3.605551275463989
331, 0, 1055, 419, 1056, 423, -1, -4, -1.8157749899217608, 4.123105625617661
331, 1, 1073, 420, 1074, 424, -1, -4, -1.8157749899217608, 4.123105625617661
331, 2, 254, 325, 254, 327, 0, -2, -1.5707963267948966, 2.0
331, 3, 131, 221, 132, 220, -1, 1, 2.356194490192345, 1.4142135623730951
331, 4, 974, 550, 976, 555, -2, -5, -1.9513027039072615, 5.385164807134504
331, 5, 623, 480, 623, 477, 0, 3, 1.5707963267948966, 3.0
331, 6, 955, 584, 957, 589, -2, -5, -1.9513027039072615, 5.385164807134504
331, 7, 37, 301, 36, 300, 1, 1, 0.7853981633974483, 1.4142135623730951
331, 8, 871, 23, 872, 25, -1, -2, -2.0344439357957027, 2.23606797749979
331, 9, 41, 295, 40, 294, 1, 1, 0.7853981633974483, 1.4142135623730951
331, 10, 867, 15, 868, 17, -1, -2, -2.0344439357957027, 2.23606797749979
331, 12, 1132, 57, 1133, 59, -1, -2, -2.0344439357957027, 2.23606797749979
331, 13, 716, 461, 720, 465, -4, -4, -2.356194490192345, 5.656854249492381
331, 14, 794, 674, 795, 679, -1, -5, -1.7681918866447774, 5.0990195135927845
331, 17, 1084, 65, 1087, 67, -3, -2, -2.5535900500422257, 3.605551275463989
331, 19, 992, 552, 994, 558, -2, -6, -1.892546881191539, 6.324555320336759
331, 20, 673, 34, 674, 33, -1, 1, 2.356194490192345, 1.4142135623730951
331, 21, 997, 580, 999, 585, -2, -5, -1.9513027039072615, 5.385164807134504
331, 23, 968, 610, 969, 612, -1, -2, -2.0344439357957027, 2.23606797749979
331, 24, 713, 54, 713, 58, 0, -4, -1.5707963267948966, 4.0
331, 25, 1077, 26, 1080, 29, -3, -3, -2.356194490192345, 4.242640687119285
331, 26, 674, 455, 675, 458, -1, -3, -1.892546881191539, 3.1622776601683795
331, 27, 1073, 19, 1076, 22, -3, -3, -2.356194490192345, 4.242640687119285
331, 29, 13, 245, 11, 244, 2, 1, 0.4636476090008061, 2.23606797749979
331, 31, 934, 695, 936, 698, -2, -3, -2.158798930342464, 3.605551275463989
331, 33, 1069, 27, 1072, 30, -3, -3, -2.356194490192345, 4.242640687119285
331, 34, 518, 81, 518, 85, 0, -4, -1.5707963267948966, 4.0
331, 35, 1104, 48, 1108, 50, -4, -2, -2.677945044588987, 4.47213595499958
331, 36, 988, 663, 989, 667, -1, -4, -1.8157749899217608, 4.123105625617661
331, 37, 545, 354, 545, 357, 0, -3, -1.5707963267948966, 3.0
331, 38, 526, 115, 526, 113, 0, 2, 1.5707963267948966, 2.0
331, 39, 261, 354, 261, 356, 0, -2, -1.5707963267948966, 2.0
331, 40, 1095, 27, 1099, 29, -4, -2, -2.677945044588987, 4.47213595499958
331, 41, 511, 150, 511, 152, 0, -2, -1.5707963267948966, 2.0
331, 43, 685, 461, 689, 464, -4, -3, -2.498091544796509, 5.0
331, 47, 45, 472, 43, 470, 2, 2, 0.7853981633974483, 2.8284271247461903
331, 48, 527, 378, 528, 381, -1, -3, -1.892546881191539, 3.1622776601683795
331, 49, 506, 82, 506, 86, 0, -4, -1.5707963267948966, 4.0
331, 51, 1005, 580, 1007, 585, -2, -5, -1.9513027039072615, 5.385164807134504
331, 53, 968, 556, 970, 560, -2, -4, -2.0344439357957027, 4.47213595499958
331, 54, 512, 73, 512, 77, 0, -4, -1.5707963267948966, 4.0
331, 55, 106, 175, 108, 173, -2, 2, 2.356194490192345, 2.8284271247461903
331, 57, 948, 672, 949, 677, -1, -5, -1.7681918866447774, 5.0990195135927845
331, 58, 263, 325, 263, 327, 0, -2, -1.5707963267948966, 2.0
331, 61, 1081, 444, 1081, 449, 0, -5, -1.5707963267948966, 5.0
331, 62, 32, 277, 31, 276, 1, 1, 0.7853981633974483, 1.4142135623730951
331, 63, 968, 662, 969, 666, -1, -4, -1.8157749899217608, 4.123105625617661
331, 65, 861, 24, 862, 26, -1, -2, -2.0344439357957027, 2.23606797749979
331, 66, 261, 332, 261, 335, 0, -3, -1.5707963267948966, 3.0
331, 67, 630, 144, 629, 143, 1, 1, 0.7853981633974483, 1.4142135623730951
331, 68, 515, 293, 514, 297, 1, -4, -1.3258176636680326, 4.123105625617661
331, 69, 61, 471, 59, 469, 2, 2, 0.7853981633974483, 2.8284271247461903
331, 70, 136, 215, 137, 214, -1, 1, 2.356194490192345, 1.4142135623730951
331, 73, 51, 476, 49, 474, 2, 2, 0.7853981633974483, 2.8284271247461903
331, 74, 543, 334, 543, 338, 0, -4, -1.5707963267948966, 4.0
331, 75, 103, 232, 104, 230, -1, 2, 2.0344439357957027, 2.23606797749979
331, 77, 1252, 504, 1250, 501, 2, 3, 0.982793723247329, 3.605551275463989
331, 78, 27, 145, 29, 145, -2, 0, 3.141592653589793, 2.0
331, 79, 526, 271, 526, 275, 0, -4, -1.5707963267948966, 4.0
331, 80, 621, 13, 620, 14, 1, -1, -0.7853981633974483, 1.4142135623730951
331, 81, 1063, 81, 1065, 79, -2, 2, 2.356194490192345, 2.8284271247461903
331, 83, 496, 138, 497, 142, -1, -4, -1.8157749899217608, 4.123105625617661
331, 87, 630, 467, 630, 464, 0, 3, 1.5707963267948966, 3.0
331, 88, 1250, 457, 1247, 456, 3, 1, 0.3217505543966422, 3.1622776601683795
331, 89, 707, 466, 710, 470, -3, -4, -2.214297435588181, 5.0
331, 90, 984, 638, 985, 643, -1, -5, -1.7681918866447774, 5.0990195135927845
331, 92, 716, 40, 716, 44, 0, -4, -1.5707963267948966, 4.0
331, 93, 28, 271, 26, 270, 2, 1, 0.4636476090008061, 2.23606797749979
331, 94, 101, 204, 102, 202, -1, 2, 2.0344439357957027, 2.23606797749979
331, 95, 612, 42, 611, 43, 1, -1, -0.7853981633974483, 1.4142135623730951
331, 99, 518, 321, 518, 324, 0, -3, -1.5707963267948966, 3.0
331, 100, 46, 456, 44, 453, 2, 3, 0.982793723247329, 3.605551275463989
331, 102, 520, 164, 518, 169, 2, -5, -1.1902899496825317, 5.385164807134504
331, 104, 524, 89, 524, 93, 0, -4, -1.5707963267948966, 4.0
331, 105, 1051, 491, 1051, 494, 0, -3, -1.5707963267948966, 3.0
331, 107, 700, 422, 704, 425, -4, -3, -2.498091544796509, 5.0
331, 108, 648, 168, 648, 164, 0, 4, 1.5707963267948966, 4.0
331, 109, 641, 420, 640, 416, 1, 4, 1.3258176636680326, 4.123105625617661
331, 110, 1090, 49, 1093, 50, -3, -1, -2.819842099193151, 3.1622776601683795
331, 115, 54, 529, 51, 528, 3, 1, 0.3217505543966422, 3.1622776601683795
331, 116, 498, 122, 499, 126, -1, -4, -1.8157749899217608, 4.123105625617661
331, 117, 53, 507, 50, 506, 3, 1, 0.3217505543966422, 3.1622776601683795
331, 118, 60, 462, 58, 459, 2, 3, 0.982793723247329, 3.605551275463989
331, 119, 994, 539, 996, 544, -2, -5, -1.9513027039072615, 5.385164807134504
331, 120, 1136, 31, 1138, 34, -2, -3, -2.158798930342464, 3.605551275463989
331, 122, 713, 441, 717, 444, -4, -3, -2.498091544796509, 5.0
331, 125, 1077, 62, 1080, 64, -3, -2, -2.5535900500422257, 3.605551275463989
332, 0, 1055, 414, 1055, 419, 0, -5, -1.5707963267948966, 5.0
332, 1, 1073, 416, 1073, 420, 0, -4, -1.5707963267948966, 4.0
332, 2, 253, 323, 254, 325, -1, -2, -2.0344439357957027, 2.23606797749979
332, 3, 130, 222, 131, 221, -1, 1, 2.356194490192345, 1.4142135623730951
332, 4, 972, 545, 974, 550, -2, -5, -1.9513027039072615, 5.385164807134504
332, 5, 623, 484, 623, 480, 0, 4, 1.5707963267948966, 4.0
332, 6, 953, 579, 955, 584, -2, -5, -1.9513027039072615, 5.385164807134504
332, 7, 38, 302, 37, 301, 1, 1, 0.7853981633974483, 1.4142135623730951
332, 8, 870, 20, 871, 23, -1, -3, -1.892546881191539, 3.1622776601683795
332, 9, 42, 296, 41, 295, 1, 1, 0.7853981633974483, 1.4142135623730951
332, 10, 866, 12, 867, 15, -1, -3, -1.892546881191539, 3.1622776601683795
332, 12, 1132, 55, 1132, 57, 0, -2, -1.5707963267948966, 2.0
332, 13, 712, 457, 716, 461, -4, -4, -2.356194490192345, 5.656854249492381
332, 14, 793, 669, 794, 674, -1, -5, -1.7681918866447774, 5.0990195135927845
332, 17, 1081, 62, 1084, 65, -3, -3, -2.356194490192345, 4.242640687119285
332, 18, 990, 547, 992, 552, -2, -5, -1.9513027039072615, 5.385164807134504
332, 19, 672, 35, 673, 34, -1, 1, 2.356194490192345, 1.4142135623730951
332, 20, 995, 576, 997, 580, -2, -4, -2.0344439357957027, 4.47213595499958
332, 21, 967, 607, 968, 610, -1, -3, -1.892546881191539, 3.1622776601683795
332, 22, 713, 51, 713, 54, 0, -3, -1.5707963267948966, 3.0
332, 23, 1074, 23, 1077, 26, -3, -3, -2.356194490192345, 4.242640687119285
332, 24, 673, 453, 674, 455, -1, -2, -2.0344439357957027, 2.23606797749979
332, 25, 1070, 16, 1073, 19, -3, -3, -2.356194490192345, 4.242640687119285
332, 26, 14, 246, 13, 245, 1, 1, 0.7853981633974483, 1.4142135623730951
332, 28, 933, 692, 934, 695, -1, -3, -1.892546881191539, 3.1622776601683795
332, 29, 1066, 24, 1069, 27, -3, -3, -2.356194490192345, 4.242640687119285
332, 30, 518, 77, 518, 81, 0, -4, -1.5707963267948966, 4.0
332, 31, 1100, 46, 1104, 48, -4, -2, -2.677945044588987, 4.47213595499958
332, 32, 986, 659, 988, 663, -2, -4, -2.0344439357957027, 4.47213595499958
332, 33, 545, 351, 545, 354, 0, -3, -1.5707963267948966, 3.0
332, 34, 526, 117, 526, 115, 0, 2, 1.5707963267948966, 2.0
332, 36, 1091, 25, 1095, 27, -4, -2, -2.677945044588987, 4.47213595499958
332, 37, 510, 147, 511, 150, -1, -3, -1.892546881191539, 3.1622776601683795
332, 39, 681, 457, 685, 461, -4, -4, -2.356194490192345, 5.656854249492381
332, 43, 47, 474, 45, 472, 2, 2, 0.7853981633974483, 2.8284271247461903
332, 44, 526, 374, 527, 378, -1, -4, -1.8157749899217608, 4.123105625617661
332, 45, 506, 77, 506, 82, 0, -5, -1.5707963267948966, 5.0
332, 47, 1003, 575, 1005, 580, -2, -5, -1.9513027039072615, 5.385164807134504
332, 48, 966, 551, 968, 556, -2, -5, -1.9513027039072615, 5.385164807134504
332, 49, 512, 69, 512, 73, 0, -4, -1.5707963267948966, 4.0
332, 50, 104, 177, 106, 175, -2, 2, 2.356194490192345, 2.8284271247461903
332, 52, 947, 667, 948, 672, -1, -5, -1.7681918866447774, 5.0990195135927845
332, 53, 263, 322, 263, 325, 0, -3, -1.5707963267948966, 3.0
332, 55, 866, 93, 866, 96, 0, -3, -1.5707963267948966, 3.0
332, 56, 1081, 439, 1081, 444, 0, -5, -1.5707963267948966, 5.0
332, 57, 33, 278, 32, 277, 1, 1, 0.7853981633974483, 1.4142135623730951
332, 58, 967, 658, 968, 662, -1, -4, -1.8157749899217608, 4.123105625617661
332, 59, 861, 21, 861, 24, 0, -3, -1.5707963267948966, 3.0
332, 60, 261, 330, 261, 332, 0, -2, -1.5707963267948966, 2.0
332, 61, 631, 145, 630, 144, 1, 1, 0.7853981633974483, 1.4142135623730951
332, 62, 515, 288, 515, 293, 0, -5, -1.5707963267948966, 5.0
332, 63, 63, 474, 61, 471, 2, 3, 0.982793723247329, 3.605551275463989
332, 64, 135, 216, 136, 215, -1, 1, 2.356194490192345, 1.4142135623730951
332, 67, 53, 478, 51, 476, 2, 2, 0.7853981633974483, 2.8284271247461903
332, 68, 543, 330, 543, 334, 0, -4, -1.5707963267948966, 4.0
332, 69, 102, 234, 103, 232, -1, 2, 2.0344439357957027, 2.23606797749979
332, 72, 25, 145, 27, 145, -2, 0, 3.141592653589793, 2.0
332, 73, 526, 266, 526, 271, 0, -5, -1.5707963267948966, 5.0
332, 74, 623, 12, 621, 13, 2, -1, -0.4636476090008061, 2.23606797749979
332, 75, 1062, 83, 1063, 81, -1, 2, 2.0344439357957027, 2.23606797749979
332, 77, 494, 134, 496, 138, -2, -4, -2.0344439357957027, 4.47213595499958
332, 80, 630, 470, 630, 467, 0, 3, 1.5707963267948966, 3.0
332, 81, 1253, 458, 1250, 457, 3, 1, 0.3217505543966422, 3.1622776601683795
332, 82, 704, 462, 707, 466, -3, -4, -2.214297435588181, 5.0
332, 83, 983, 632, 984, 638, -1, -6, -1.7359450042095235, 6.082762530298219
332, 85, 716, 37, 716, 40, 0, -3, -1.5707963267948966, 3.0
332, 86, 29, 272, 28, 271, 1, 1, 0.7853981633974483, 1.4142135623730951
332, 87, 99, 206, 101, 204, -2, 2, 2.356194490192345, 2.8284271247461903
332, 88, 614, 41, 612, 42, 2, -1, -0.4636476090008061, 2.23606797749979
332, 91, 518, 319, 518, 321, 0, -2, -1.5707963267948966, 2.0
332, 92, 48, 459, 46, 456, 2, 3, 0.982793723247329, 3.605551275463989
332, 94, 520, 161, 520, 164, 0, -3, -1.5707963267948966, 3.0
332, 95, 524, 85, 524, 89, 0, -4, -1.5707963267948966, 4.0
332, 96, 1051, 488, 1051, 491, 0, -3, -1.5707963267948966, 3.0
332, 98, 695, 418, 700, 422, -5, -4, -2.4668517113662407, 6.4031242374328485
332, 99, 648, 171, 648, 168, 0, 3, 1.5707963267948966, 3.0
332, 100, 642, 424, 641, 420, 1, 4, 1.3258176636680326, 4.123105625617661
332, 101, 1087, 48, 1090, 49, -3, -1, -2.819842099193151, 3.1622776601683795
332, 106, 56, 530, 54, 529, 2, 1, 0.4636476090008061, 2.23606797749979
332, 107, 498, 117, 498, 122, 0, -5, -1.5707963267948966, 5.0
332, 108, 55, 508, 53, 507, 2, 1, 0.4636476090008061, 2.23606797749979
332, 109, 62, 465, 60, 462, 2, 3, 0.982793723247329, 3.605551275463989
332, 110, 992, 534, 994, 539, -2, -5, -1.9513027039072615, 5.385164807134504
332, 111, 1134, 28, 1136, 31, -2, -3, -2.158798930342464, 3.605551275463989
332, 113, 709, 437, 713, 441, -4, -4, -2.356194490192345, 5.656854249492381
332, 116, 1074, 60, 1077, 62, -3, -2, -2.5535900500422257, 3.605551275463989
333, 0, 1054, 410, 1055, 414, -1, -4, -1.8157749899217608, 4.123105625617661
333, 1, 1073, 412, 1073, 416, 0, -4, -1.5707963267948966, 4.0
333, 2, 128, 224, 130, 222, -2, 2, 2.356194490192345, 2.8284271247461903
333, 3, 968, 541, 972, 545, -4, -4, -2.356194490192345, 5.656854249492381
333, 4, 623, 487, 623, 484, 0, 3, 1.5707963267948966, 3.0
333, 5, 952, 576, 953, 579, -1, -3, -1.892546881191539, 3.1622776601683795
333, 6, 40, 304, 38, 302, 2, 2, 0.7853981633974483, 2.8284271247461903
333, 7, 869, 15, 870, 20, -1, -5, -1.7681918866447774, 5.0990195135927845
333, 8, 45, 298, 42, 296, 3, 2, 0.5880026035475675, 3.605551275463989
333, 9, 865, 8, 866, 12, -1, -4, -1.8157749899217608, 4.123105625617661
333, 11, 1132, 53, 1132, 55, 0, -2, -1.5707963267948966, 2.0
333, 12, 708, 453, 712, 457, -4, -4, -2.356194490192345, 5.656854249492381
333, 13, 791, 665, 793, 669, -2, -4, -2.0344439357957027, 4.47213595499958
333, 16, 1077, 59, 1081, 62, -4, -3, -2.498091544796509, 5.0
333, 17, 988, 543, 990, 547, -2, -4, -2.0344439357957027, 4.47213595499958
333, 18, 671, 37, 672, 35, -1, 2, 2.0344439357957027, 2.23606797749979
333, 19, 992, 571, 995, 576, -3, -5, -2.1112158270654806, 5.830951894845301
333, 20, 965, 605, 967, 607, -2, -2, -2.356194490192345, 2.8284271247461903
333, 21, 713, 47, 713, 51, 0, -4, -1.5707963267948966, 4.0
333, 22, 1070, 20, 1074, 23, -4, -3, -2.498091544796509, 5.0
333, 23, 671, 451, 673, 453, -2, -2, -2.356194490192345, 2.8284271247461903
333, 24, 1066, 14, 1070, 16, -4, -2, -2.677945044588987, 4.47213595499958
333, 25, 17, 248, 14, 246, 3, 2, 0.5880026035475675, 3.605551275463989
333, 27, 931, 688, 933, 692, -2, -4, -2.0344439357957027, 4.47213595499958
333, 28, 1062, 22, 1066, 24, -4, -2, -2.677945044588987, 4.47213595499958
333, 29, 518, 72, 518, 77, 0, -5, -1.5707963267948966, 5.0
333, 30, 1096, 45, 1100, 46, -4, -1, -2.896613990462929, 4.123105625617661
333, 32, 545, 349, 545, 351, 0, -2, -1.5707963267948966, 2.0
333, 33, 526, 120, 526, 117, 0, 3, 1.5707963267948966, 3.0
333, 34, 261, 351, 261, 353, 0, -2, -1.5707963267948966, 2.0
333, 35, 1086, 24, 1091, 25, -5, -1, -2.9441970937399127, 5.0990195135927845
333, 36, 509, 144, 510, 147, -1, -3, -1.892546881191539, 3.1622776601683795
333, 37, 22, 317, 19, 314, 3, 3, 0.7853981633974483, 4.242640687119285
333, 38, 677, 454, 681, 457, -4, -3, -2.498091544796509, 5.0
333, 42, 49, 474, 47, 474, 2, 0, 0.0, 2.0
333, 43, 525, 366, 526, 374, -1, -8, -1.695151321341658, 8.06225774829855
333, 44, 506, 72, 506, 77, 0, -5, -1.5707963267948966, 5.0
333, 46, 1000, 570, 1003, 575, -3, -5, -2.1112158270654806, 5.830951894845301
333, 47, 964, 547, 966, 551, -2, -4, -2.0344439357957027, 4.47213595499958
333, 48, 512, 64, 512, 69, 0, -5, -1.5707963267948966, 5.0
333, 49, 101, 180, 104, 177, -3, 3, 2.356194490192345, 4.242640687119285
333, 51, 945, 665, 947, 667, -2, -2, -2.356194490192345, 2.8284271247461903
333, 53, 641, 114, 640, 111, 1, 3, 1.2490457723982544, 3.1622776601683795
333, 54, 866, 90, 866, 93, 0, -3, -1.5707963267948966, 3.0
333, 55, 1083, 435, 1081, 439, 2, -4, -1.1071487177940904, 4.47213595499958
333, 56, 36, 280, 33, 278, 3, 2, 0.5880026035475675, 3.605551275463989
333, 57, 967, 653, 967, 658, 0, -5, -1.5707963267948966, 5.0
333, 58, 860, 16, 861, 21, -1, -5, -1.7681918866447774, 5.0990195135927845
333, 59, 260, 328, 261, 330, -1, -2, -2.0344439357957027, 2.23606797749979
333, 60, 632, 147, 631, 145, 1, 2, 1.1071487177940904, 2.23606797749979
333, 61, 516, 283, 515, 288, 1, -5, -1.373400766945016, 5.0990195135927845
333, 62, 62, 475, 63, 474, -1, 1, 2.356194490192345, 1.4142135623730951
333, 63, 133, 218, 135, 216, -2, 2, 2.356194490192345, 2.8284271247461903
333, 64, 274, 331, 273, 332, 1, -1, -0.7853981633974483, 1.4142135623730951
333, 65, 54, 479, 53, 478, 1, 1, 0.7853981633974483, 1.4142135623730951
333, 66, 542, 327, 543, 330, -1, -3, -1.892546881191539, 3.1622776601683795
333, 67, 100, 237, 102, 234, -2, 3, 2.158798930342464, 3.605551275463989
333, 68, 1253, 509, 1252, 505, 1, 4, 1.3258176636680326, 4.123105625617661
333, 69, 23, 146, 25, 145, -2, 1, 2.677945044588987, 2.23606797749979
333, 70, 526, 258, 526, 266, 0, -8, -1.5707963267948966, 8.0
333, 72, 1061, 84, 1062, 83, -1, 1, 2.356194490192345, 1.4142135623730951
333, 73, 646, 106, 645, 103, 1, 3, 1.2490457723982544, 3.1622776601683795
333, 74, 492, 130, 494, 134, -2, -4, -2.0344439357957027, 4.47213595499958
333, 75, 690, 114, 690, 111, 0, 3, 1.5707963267948966, 3.0
333, 77, 630, 472, 630, 470, 0, 2, 1.5707963267948966, 2.0
333, 78, 1256, 459, 1253, 458, 3, 1, 0.3217505543966422, 3.1622776601683795
333, 79, 701, 458, 704, 462, -3, -4, -2.214297435588181, 5.0
333, 80, 983, 627, 983, 632, 0, -5, -1.5707963267948966, 5.0
333, 81, 653, 111, 652, 108, 1, 3, 1.2490457723982544, 3.1622776601683795
333, 82, 715, 33, 716, 37, -1, -4, -1.8157749899217608, 4.123105625617661
333, 83, 32, 274, 29, 272, 3, 2, 0.5880026035475675, 3.605551275463989
333, 84, 96, 209, 99, 206, -3, 3, 2.356194490192345, 4.242640687119285
333, 85, 616, 40, 614, 41, 2, -1, -0.4636476090008061, 2.23606797749979
333, 88, 519, 318, 518, 319, 1, -1, -0.7853981633974483, 1.4142135623730951
333, 89, 51, 461, 48, 459, 3, 2, 0.5880026035475675, 3.605551275463989
333, 90, 23, 305, 21, 303, 2, 2, 0.7853981633974483, 2.8284271247461903
333, 91, 520, 159, 520, 161, 0, -2, -1.5707963267948966, 2.0
333, 92, 525, 81, 524, 85, 1, -4, -1.3258176636680326, 4.123105625617661
333, 93, 1051, 486, 1051, 488, 0, -2, -1.5707963267948966, 2.0
333, 95, 693, 417, 695, 418, -2, -1, -2.677945044588987, 2.23606797749979
333, 96, 648, 173, 648, 171, 0, 2, 1.5707963267948966, 2.0
333, 97, 643, 428, 642, 424, 1, 4, 1.3258176636680326, 4.123105625617661
333, 98, 1083, 46, 1087, 48, -4, -2, -2.677945044588987, 4.47213595499958
333, 100, 524, 128, 524, 126, 0, 2, 1.5707963267948966, 2.0
333, 101, 663, 485, 663, 482, 0, 3, 1.5707963267948966, 3.0
333, 103, 58, 531, 56, 530, 2, 1, 0.4636476090008061, 2.23606797749979
333, 104, 498, 112, 498, 117, 0, -5, -1.5707963267948966, 5.0
333, 105, 57, 507, 55, 508, 2, -1, -0.4636476090008061, 2.23606797749979
333, 106, 63, 467, 62, 465, 1, 2, 1.1071487177940904, 2.23606797749979
333, 107, 991, 529, 992, 534, -1, -5, -1.7681918866447774, 5.0990195135927845
333, 108, 1131, 24, 1134, 28, -3, -4, -2.214297435588181, 5.0
333, 110, 707, 434, 709, 437, -2, -3, -2.158798930342464, 3.605551275463989
333, 113, 1070, 57, 1074, 60, -4, -3, -2.498091544796509, 5.0
334, 0, 1055, 405, 1054, 410, 1, -5, -1.373400766945016, 5.0990195135927845
334, 1, 1074, 408, 1073, 412, 1, -4, -1.3258176636680326, 4.123105625617661
334, 2, 126, 225, 128, 224, -2, 1, 2.677945044588987, 2.23606797749979
334, 3, 966, 537, 968, 541, -2, -4, -2.0344439357957027, 4.47213595499958
334, 4, 623, 491, 623, 487, 0, 4, 1.5707963267948966, 4.0
334, 5, 951, 572, 952, 576, -1, -4, -1.8157749899217608, 4.123105625617661
334, 7, 869, 11, 869, 15, 0, -4, -1.5707963267948966, 4.0
334, 9, 1039, 464, 1040, 468, -1, -4, -1.8157749899217608, 4.123105625617661
334, 11, 704, 450, 708, 453, -4, -3, -2.498091544796509, 5.0
334, 12, 790, 660, 791, 665, -1, -5, -1.7681918866447774, 5.0990195135927845
334, 15, 1074, 58, 1077, 59, -3, -1, -2.819842099193151, 3.1622776601683795
334, 16, 986, 538, 988, 543, -2, -5, -1.9513027039072615, 5.385164807134504
334, 18, 990, 567, 992, 571, -2, -4, -2.0344439357957027, 4.47213595499958
334, 19, 965, 603, 965, 605, 0, -2, -1.5707963267948966, 2.0
334, 20, 1066, 18, 1070, 20, -4, -2, -2.677945044588987, 4.47213595499958
334, 21, 668, 448, 671, 451, -3, -3, -2.356194490192345, 4.242640687119285
334, 22, 1062, 12, 1066, 14, -4, -2, -2.677945044588987, 4.47213595499958
334, 25, 930, 685, 931, 688, -1, -3, -1.892546881191539, 3.1622776601683795
334, 26, 1058, 20, 1062, 22, -4, -2, -2.677945044588987, 4.47213595499958
334, 27, 518, 69, 518, 72, 0, -3, -1.5707963267948966, 3.0
334, 28, 1092, 44, 1096, 45, -4, -1, -2.896613990462929, 4.123105625617661
334, 29, 988, 654, 986, 658, 2, -4, -1.1071487177940904, 4.47213595499958
334, 30, 545, 346, 545, 349, 0, -3, -1.5707963267948966, 3.0
334, 32, 1082, 22, 1086, 24, -4, -2, -2.677945044588987, 4.47213595499958
334, 33, 508, 142, 509, 144, -1, -2, -2.0344439357957027, 2.23606797749979
334, 34, 24, 320, 22, 317, 2, 3, 0.982793723247329, 3.605551275463989
334, 35, 673, 450, 677, 454, -4, -4, -2.356194490192345, 5.656854249492381
334, 39, 50, 476, 49, 474, 1, 2, 1.1071487177940904, 2.23606797749979
334, 40, 524, 362, 525, 366, -1, -4, -1.8157749899217608, 4.123105625617661
334, 41, 506, 69, 506, 72, 0, -3, -1.5707963267948966, 3.0
334, 43, 999, 565, 1000, 570, -1, -5, -1.7681918866447774, 5.0990195135927845
334, 44, 962, 543, 964, 547, -2, -4, -2.0344439357957027, 4.47213595499958
334, 45, 512, 61, 512, 64, 0, -3, -1.5707963267948966, 3.0
334, 46, 98, 182, 101, 180, -3, 2, 2.5535900500422257, 3.605551275463989
334, 47, 615, 60, 614, 61, 1, -1, -0.7853981633974483, 1.4142135623730951
334, 48, 944, 659, 945, 665, -1, -6, -1.7359450042095235, 6.082762530298219
334, 49, 263, 318, 263, 321, 0, -3, -1.5707963267948966, 3.0
334, 50, 641, 116, 641, 114, 0, 2, 1.5707963267948966, 2.0
334, 51, 866, 88, 866, 90, 0, -2, -1.5707963267948966, 2.0
334, 52, 1084, 434, 1083, 435, 1, -1, -0.7853981633974483, 1.4142135623730951
334, 54, 966, 649, 967, 653, -1, -4, -1.8157749899217608, 4.123105625617661
334, 55, 860, 13, 860, 16, 0, -3, -1.5707963267948966, 3.0
334, 56, 260, 325, 260, 328, 0, -3, -1.5707963267948966, 3.0
334, 57, 633, 146, 632, 147, 1, -1, -0.7853981633974483, 1.4142135623730951
334, 58, 516, 278, 516, 283, 0, -5, -1.5707963267948966, 5.0
334, 59, 63, 478, 62, 475, 1, 3, 1.2490457723982544, 3.1622776601683795
334, 60, 131, 219, 133, 218, -2, 1, 2.677945044588987, 2.23606797749979
334, 62, 55, 481, 54, 479, 1, 2, 1.1071487177940904, 2.23606797749979
334, 63, 542, 323, 542, 327, 0, -4, -1.5707963267948966, 4.0
334, 64, 98, 238, 100, 237, -2, 1, 2.677945044588987, 2.23606797749979
334, 66, 21, 145, 23, 146, -2, -1, -2.677945044588987, 2.23606797749979
334, 67, 526, 253, 526, 258, 0, -5, -1.5707963267948966, 5.0
334, 69, 1059, 83, 1061, 84, -2, -1, -2.677945044588987, 2.23606797749979
334, 71, 490, 127, 492, 130, -2, -3, -2.158798930342464, 3.605551275463989
334, 72, 690, 116, 690, 114, 0, 2, 1.5707963267948966, 2.0
334, 74, 630, 475, 630, 472, 0, 3, 1.5707963267948966, 3.0
334, 75, 1259, 461, 1256, 459, 3, 2, 0.5880026035475675, 3.605551275463989
334, 76, 698, 455, 701, 458, -3, -3, -2.356194490192345, 4.242640687119285
334, 77, 983, 623, 983, 627, 0, -4, -1.5707963267948966, 4.0
334, 79, 714, 31, 715, 33, -1, -2, -2.0344439357957027, 2.23606797749979
334, 81, 94, 211, 96, 209, -2, 2, 2.356194490192345, 2.8284271247461903
334, 82, 619, 40, 616, 40, 3, 0, 0.0, 3.0
334, 84, 519, 316, 519, 318, 0, -2, -1.5707963267948966, 2.0
334, 85, 53, 464, 51, 461, 2, 3, 0.982793723247329, 3.605551275463989
334, 86, 24, 306, 23, 305, 1, 1, 0.7853981633974483, 1.4142135623730951
334, 87, 520, 157, 520, 159, 0, -2, -1.5707963267948966, 2.0
334, 88, 525, 78, 525, 81, 0, -3, -1.5707963267948966, 3.0
334, 89, 1051, 484, 1051, 486, 0, -2, -1.5707963267948966, 2.0
334, 91, 689, 413, 693, 417, -4, -4, -2.356194490192345, 5.656854249492381
334, 93, 643, 433, 643, 428, 0, 5, 1.5707963267948966, 5.0
334, 94, 1080, 46, 1083, 46, -3, 0, 3.141592653589793, 3.0
334, 99, 60, 533, 58, 531, 2, 2, 0.7853981633974483, 2.8284271247461903
334, 100, 498, 108, 498, 112, 0, -4, -1.5707963267948966, 4.0
334, 101, 59, 509, 57, 507, 2, 2, 0.7853981633974483, 2.8284271247461903
334, 102, 65, 470, 63, 467, 2, 3, 0.982793723247329, 3.605551275463989
334, 103, 990, 524, 991, 529, -1, -5, -1.7681918866447774, 5.0990195135927845
334, 104, 1129, 22, 1131, 24, -2, -2, -2.356194490192345, 2.8284271247461903
334, 106, 703, 430, 707, 434, -4, -4, -2.356194490192345, 5.656854249492381
334, 109, 1068, 55, 1070, 57, -2, -2, -2.356194490192345, 2.8284271247461903
335, 0, 1061, 404, 1060, 409, 1, -5, -1.373400766945016, 5.0990195135927845
335, 1, 1079, 407, 1078, 411, 1, -4, -1.3258176636680326, 4.123105625617661
335, 2, 995, 571, 997, 576, -2, -5, -1.9513027039072615, 5.385164807134504
335, 3, 794, 658, 795, 663, -1, -5, -1.7681918866447774, 5.0990195135927845
335, 4, 971, 537, 973, 541, -2, -4, -2.0344439357957027, 4.47213595499958
335, 5, 652, 21, 653, 20, -1, 1, 2.356194490192345, 1.4142135623730951
335, 6, 955, 698, 957, 704, -2, -6, -1.892546881191539, 6.324555320336759
335, 7, 130, 225, 132, 224, -2, 1, 2.677945044588987, 2.23606797749979
335, 10, 1068, 17, 1072, 19, -4, -2, -2.677945044588987, 4.47213595499958
335, 11, 1057, 467, 1057, 470, 0, -3, -1.5707963267948966, 3.0
335, 12, 981, 701, 983, 711, -2, -10, -1.7681918866447774, 10.198039027185569
335, 14, 873, 16, 873, 20, 0, -4, -1.5707963267948966, 4.0
335, 16, 646, 12, 647, 11, -1, 1, 2.356194490192345, 1.4142135623730951
335, 17, 700, 456, 703, 460, -3, -4, -2.214297435588181, 5.0
335, 18, 869, 8, 869, 12, 0, -4, -1.5707963267948966, 4.0
335, 19, 1045, 59, 1048, 61, -3, -2, -2.5535900500422257, 3.605551275463989
335, 22, 713, 53, 713, 55, 0, -2, -1.5707963267948966, 2.0
335, 23, 514, 315, 514, 318, 0, -3, -1.5707963267948966, 3.0
335, 24, 509, 144, 509, 146, 0, -2, -1.5707963267948966, 2.0
335, 25, 955, 571, 956, 575, -1, -4, -1.8157749899217608, 4.123105625617661
335, 26, 935, 692, 936, 695, -1, -3, -1.892546881191539, 3.1622776601683795
335, 27, 628, 499, 628, 495, 0, 4, 1.5707963267948966, 4.0
335, 28, 709, 452, 712, 455, -3, -3, -2.356194490192345, 4.242640687119285
335, 29, 765, 694, 766, 698, -1, -4, -1.8157749899217608, 4.123105625617661
335, 30, 1063, 25, 1067, 27, -4, -2, -2.677945044588987, 4.47213595499958
335, 31, 1071, 25, 1075, 27, -4, -2, -2.677945044588987, 4.47213595499958
335, 32, 101, 179, 104, 178, -3, 1, 2.819842099193151, 3.1622776601683795
335, 33, 52, 483, 51, 480, 1, 3, 1.2490457723982544, 3.1622776601683795
335, 34, 1099, 48, 1102, 50, -3, -2, -2.5535900500422257, 3.605551275463989
335, 35, 1040, 462, 1042, 466, -2, -4, -2.0344439357957027, 4.47213595499958
335, 36, 519, 77, 519, 80, 0, -3, -1.5707963267948966, 3.0
335, 37, 988, 540, 990, 546, -2, -6, -1.892546881191539, 6.324555320336759
335, 38, 516, 159, 517, 161, -1, -2, -2.0344439357957027, 2.23606797749979
335, 39, 547, 344, 547, 348, 0, -4, -1.5707963267948966, 4.0
335, 40, 103, 511, 103, 508, 0, 3, 1.5707963267948966, 3.0
335, 41, 1251, 260, 1255, 265, -4, -5, -2.2455372690184494, 6.4031242374328485
335, 42, 68, 482, 66, 479, 2, 3, 0.982793723247329, 3.605551275463989
335, 45, 676, 451, 681, 455, -5, -4, -2.4668517113662407, 6.4031242374328485
335, 46, 863, 17, 863, 21, 0, -4, -1.5707963267948966, 4.0
335, 47, 508, 77, 508, 80, 0, -3, -1.5707963267948966, 3.0
335, 48, 251, 327, 252, 329, -1, -2, -2.0344439357957027, 2.23606797749979
335, 49, 966, 543, 967, 546, -1, -3, -1.892546881191539, 3.1622776601683795
335, 51, 628, 15, 626, 16, 2, -1, -0.4636476090008061, 2.23606797749979
335, 53, 641, 115, 641, 113, 0, 2, 1.5707963267948966, 2.0
335, 54, 497, 117, 498, 120, -1, -3, -1.892546881191539, 3.1622776601683795
335, 55, 58, 486, 57, 484, 1, 2, 1.1071487177940904, 2.23606797749979
335, 57, 646, 109, 646, 107, 0, 2, 1.5707963267948966, 2.0
335, 58, 513, 69, 513, 72, 0, -3, -1.5707963267948966, 3.0
335, 59, 544, 324, 544, 328, 0, -4, -1.5707963267948966, 4.0
335, 60, 620, 49, 618, 49, 2, 0, 0.0, 2.0
335, 61, 984, 640, 986, 644, -2, -4, -2.0344439357957027, 4.47213595499958
335, 63, 780, 658, 780, 663, 0, -5, -1.5707963267948966, 5.0
335, 64, 1084, 49, 1087, 50, -3, -1, -2.819842099193151, 3.1622776601683795
335, 65, 526, 363, 527, 366, -1, -3, -1.892546881191539, 3.1622776601683795
335, 66, 663, 486, 663, 484, 0, 2, 1.5707963267948966, 2.0
335, 67, 527, 263, 527, 268, 0, -5, -1.5707963267948966, 5.0
335, 69, 692, 409, 696, 414, -4, -5, -2.2455372690184494, 6.4031242374328485
335, 72, 492, 132, 494, 135, -2, -3, -2.158798930342464, 3.605551275463989
335, 74, 1261, 557, 1272, 553, -11, 4, 2.7928216500058864, 11.704699910719626
335, 77, 28, 329, 26, 326, 2, 3, 0.982793723247329, 3.605551275463989
335, 78, 97, 209, 99, 207, -2, 2, 2.356194490192345, 2.8284271247461903
335, 79, 804, 686, 805, 690, -1, -4, -1.8157749899217608, 4.123105625617661
335, 81, 67, 472, 65, 468, 2, 4, 1.1071487177940904, 4.47213595499958
335, 82, 1084, 70, 1087, 71, -3, -1, -2.819842099193151, 3.1622776601683795
335, 83, 676, 461, 680, 463, -4, -2, -2.677945044588987, 4.47213595499958
335, 84, 1084, 435, 1083, 436, 1, -1, -0.7853981633974483, 1.4142135623730951
335, 85, 946, 657, 948, 662, -2, -5, -1.9513027039072615, 5.385164807134504
335, 88, 1213, 137, 1214, 139, -1, -2, -2.0344439357957027, 2.23606797749979
335, 91, 1229, 68, 1232, 71, -3, -3, -2.356194490192345, 4.242640687119285
335, 92, 1260, 266, 1263, 271, -3, -5, -2.1112158270654806, 5.830951894845301
335, 94, 52, 465, 50, 462, 2, 3, 0.982793723247329, 3.605551275463989
335, 97, 1261, 240, 1269, 242, -8, -2, -2.896613990462929, 8.246211251235321
335, 98, 989, 700, 991, 705, -2, -5, -1.9513027039072615, 5.385164807134504
335, 100, 1087, 25, 1091, 27, -4, -2, -2.677945044588987, 4.47213595499958
335, 101, 100, 235, 102, 234, -2, 1, 2.677945044588987, 2.23606797749979
335, 102, 516, 283, 516, 288, 0, -5, -1.5707963267948966, 5.0
335, 103, 525, 85, 525, 88, 0, -3, -1.5707963267948966, 3.0
335, 105, 1070, 60, 1073, 61, -3, -1, -2.819842099193151, 3.1622776601683795
335, 108, 28, 164, 31, 163, -3, 1, 2.819842099193151, 3.1622776601683795
336, 0, 1062, 399, 1061, 404, 1, -5, -1.373400766945016, 5.0990195135927845
336, 1, 1080, 402, 1079, 407, 1, -5, -1.373400766945016, 5.0990195135927845
336, 2, 994, 566, 995, 571, -1, -5, -1.7681918866447774, 5.0990195135927845
336, 3, 793, 653, 794, 658, -1, -5, -1.7681918866447774, 5.0990195135927845
336, 4, 970, 533, 971, 537, -1, -4, -1.8157749899217608, 4.123105625617661
336, 5, 651, 22, 652, 21, -1, 1, 2.356194490192345, 1.4142135623730951
336, 6, 954, 693, 955, 698, -1, -5, -1.7681918866447774, 5.0990195135927845
336, 7, 127, 226, 130, 225, -3, 1, 2.819842099193151, 3.1622776601683795
336, 10, 1064, 16, 1068, 17, -4, -1, -2.896613990462929, 4.123105625617661
336, 11, 1057, 464, 1057, 467, 0, -3, -1.5707963267948966, 3.0
336, 12, 980, 696, 981, 701, -1, -5, -1.7681918866447774, 5.0990195135927845
336, 14, 873, 12, 873, 16, 0, -4, -1.5707963267948966, 4.0
336, 17, 697, 453, 700, 456, -3, -3, -2.356194490192345, 4.242640687119285
336, 18, 1042, 57, 1045, 59, -3, -2, -2.5535900500422257, 3.605551275463989
336, 20, 713, 51, 713, 53, 0, -2, -1.5707963267948966, 2.0
336, 21, 514, 312, 514, 315, 0, -3, -1.5707963267948966, 3.0
336, 22, 954, 567, 955, 571, -1, -4, -1.8157749899217608, 4.123105625617661
336, 23, 933, 689, 935, 692, -2, -3, -2.158798930342464, 3.605551275463989
336, 24, 628, 503, 628, 499, 0, 4, 1.5707963267948966, 4.0
336, 25, 706, 449, 709, 452, -3, -3, -2.356194490192345, 4.242640687119285
336, 26, 764, 690, 765, 694, -1, -4, -1.8157749899217608, 4.123105625617661
336, 27, 1059, 24, 1063, 25, -4, -1, -2.896613990462929, 4.123105625617661
336, 28, 1067, 24, 1071, 25, -4, -1, -2.896613990462929, 4.123105625617661
336, 29, 98, 180, 101, 179, -3, 1, 2.819842099193151, 3.1622776601683795
336, 30, 53, 486, 52, 483, 1, 3, 1.2490457723982544, 3.1622776601683795
336, 31, 1096, 45, 1099, 48, -3, -3, -2.356194490192345, 4.242640687119285
336, 32, 1038, 458, 1040, 462, -2, -4, -2.0344439357957027, 4.47213595499958
336, 33, 519, 75, 519, 77, 0, -2, -1.5707963267948966, 2.0
336, 34, 986, 534, 988, 540, -2, -6, -1.892546881191539, 6.324555320336759
336, 36, 547, 340, 547, 344, 0, -4, -1.5707963267948966, 4.0
336, 37, 104, 514, 103, 511, 1, 3, 1.2490457723982544, 3.1622776601683795
336, 38, 1246, 257, 1251, 260, -5, -3, -2.601173153319209, 5.830951894845301
336, 39, 70, 485, 68, 482, 2, 3, 0.982793723247329, 3.605551275463989
336, 42, 672, 447, 676, 451, -4, -4, -2.356194490192345, 5.656854249492381
336, 43, 863, 13, 863, 17, 0, -4, -1.5707963267948966, 4.0
336, 44, 508, 75, 508, 77, 0, -2, -1.5707963267948966, 2.0
336, 45, 965, 540, 966, 543, -1, -3, -1.892546881191539, 3.1622776601683795
336, 47, 629, 14, 628, 15, 1, -1, -0.7853981633974483, 1.4142135623730951
336, 49, 641, 117, 641, 115, 0, 2, 1.5707963267948966, 2.0
336, 50, 496, 114, 497, 117, -1, -3, -1.892546881191539, 3.1622776601683795
336, 51, 59, 489, 58, 486, 1, 3, 1.2490457723982544, 3.1622776601683795
336, 52, 664, 144, 663, 143, 1, 1, 0.7853981633974483, 1.4142135623730951
336, 53, 646, 111, 646, 109, 0, 2, 1.5707963267948966, 2.0
336, 54, 513, 67, 513, 69, 0, -2, -1.5707963267948966, 2.0
336, 55, 544, 319, 544, 324, 0, -5, -1.5707963267948966, 5.0
336, 56, 622, 48, 620, 49, 2, -1, -0.4636476090008061, 2.23606797749979
336, 57, 981, 636, 984, 640, -3, -4, -2.214297435588181, 5.0
336, 59, 779, 653, 780, 658, -1, -5, -1.7681918866447774, 5.0990195135927845
336, 60, 1082, 48, 1084, 49, -2, -1, -2.677945044588987, 2.23606797749979
336, 61, 526, 360, 526, 363, 0, -3, -1.5707963267948966, 3.0
336, 62, 663, 488, 663, 486, 0, 2, 1.5707963267948966, 2.0
336, 63, 526, 258, 527, 263, -1, -5, -1.7681918866447774, 5.0990195135927845
336, 65, 688, 404, 692, 409, -4, -5, -2.2455372690184494, 6.4031242374328485
336, 68, 490, 130, 492, 132, -2, -2, -2.356194490192345, 2.8284271247461903
336, 71, 654, 115, 654, 113, 0, 2, 1.5707963267948966, 2.0
336, 73, 29, 332, 28, 329, 1, 3, 1.2490457723982544, 3.1622776601683795
336, 74, 95, 210, 97, 209, -2, 1, 2.677945044588987, 2.23606797749979
336, 75, 803, 682, 804, 686, -1, -4, -1.8157749899217608, 4.123105625617661
336, 77, 69, 475, 67, 472, 2, 3, 0.982793723247329, 3.605551275463989
336, 78, 1081, 70, 1084, 70, -3, 0, 3.141592653589793, 3.0
336, 79, 673, 460, 676, 461, -3, -1, -2.819842099193151, 3.1622776601683795
336, 80, 1085, 433, 1084, 435, 1, -2, -1.1071487177940904, 2.23606797749979
336, 81, 943, 653, 946, 657, -3, -4, -2.214297435588181, 5.0
336, 84, 1211, 135, 1213, 137, -2, -2, -2.356194490192345, 2.8284271247461903
336, 87, 1227, 66, 1229, 68, -2, -2, -2.356194490192345, 2.8284271247461903
336, 88, 1256, 262, 1260, 266, -4, -4, -2.356194490192345, 5.656854249492381
336, 90, 54, 468, 52, 465, 2, 3, 0.982793723247329, 3.605551275463989
336, 92, 1257, 238, 1261, 240, -4, -2, -2.677945044588987, 4.47213595499958
336, 93, 987, 696, 989, 700, -2, -4, -2.0344439357957027, 4.47213595499958
336, 95, 1083, 23, 1087, 25, -4, -2, -2.677945044588987, 4.47213595499958
336, 96, 98, 236, 100, 235, -2, 1, 2.677945044588987, 2.23606797749979
336, 97, 515, 279, 516, 283, -1, -4, -1.8157749899217608, 4.123105625617661
336, 98, 525, 83, 525, 85, 0, -2, -1.5707963267948966, 2.0
336, 99, 662, 441, 663, 440, -1, 1, 2.356194490192345, 1.4142135623730951
336, 100, 1068, 59, 1070, 60, -2, -1, -2.677945044588987, 2.23606797749979
336, 103, 25, 165, 28, 164, -3, 1, 2.819842099193151, 3.1622776601683795
337, 0, 1063, 394, 1062, 399, 1, -5, -1.373400766945016, 5.0990195135927845
337, 1, 1081, 398, 1080, 402, 1, -4, -1.3258176636680326, 4.123105625617661
337, 2, 993, 561, 994, 566, -1, -5, -1.7681918866447774, 5.0990195135927845
337, 3, 792, 648, 793, 653, -1, -5, -1.7681918866447774, 5.0990195135927845
337, 4, 969, 529, 970, 533, -1, -4, -1.8157749899217608, 4.123105625617661
337, 5, 650, 23, 651, 22, -1, 1, 2.356194490192345, 1.4142135623730951
337, 6, 952, 688, 954, 693, -2, -5, -1.9513027039072615, 5.385164807134504
337, 7, 124, 227, 127, 226, -3, 1, 2.819842099193151, 3.1622776601683795
337, 9, 38, 307, 38, 305, 0, 2, 1.5707963267948966, 2.0
337, 10, 1060, 15, 1064, 16, -4, -1, -2.896613990462929, 4.123105625617661
337, 11, 1057, 461, 1057, 464, 0, -3, -1.5707963267948966, 3.0
337, 12, 979, 691, 980, 696, -1, -5, -1.7681918866447774, 5.0990195135927845
337, 13, 46, 300, 45, 298, 1, 2, 1.1071487177940904, 2.23606797749979
337, 14, 873, 9, 873, 12, 0, -3, -1.5707963267948966, 3.0
337, 17, 695, 450, 697, 453, -2, -3, -2.158798930342464, 3.605551275463989
337, 18, 1038, 55, 1042, 57, -4, -2, -2.677945044588987, 4.47213595499958
337, 21, 514, 309, 514, 312, 0, -3, -1.5707963267948966, 3.0
337, 22, 953, 563, 954, 567, -1, -4, -1.8157749899217608, 4.123105625617661
337, 23, 931, 684, 933, 689, -2, -5, -1.9513027039072615, 5.385164807134504
337, 24, 627, 506, 628, 503, -1, 3, 1.892546881191539, 3.1622776601683795
337, 25, 703, 445, 706, 449, -3, -4, -2.214297435588181, 5.0
337, 26, 763, 686, 764, 690, -1, -4, -1.8157749899217608, 4.123105625617661
337, 27, 1055, 23, 1059, 24, -4, -1, -2.896613990462929, 4.123105625617661
337, 28, 1063, 23, 1067, 24, -4, -1, -2.896613990462929, 4.123105625617661
337, 29, 96, 181, 98, 180, -2, 1, 2.677945044588987, 2.23606797749979
337, 30, 55, 489, 53, 486, 2, 3, 0.982793723247329, 3.605551275463989
337, 31, 1093, 42, 1096, 45, -3, -3, -2.356194490192345, 4.242640687119285
337, 32, 1037, 454, 1038, 458, -1, -4, -1.8157749899217608, 4.123105625617661
337, 33, 519, 73, 519, 75, 0, -2, -1.5707963267948966, 2.0
337, 34, 985, 527, 986, 534, -1, -7, -1.7126933813990606, 7.0710678118654755
337, 35, 516, 156, 516, 158, 0, -2, -1.5707963267948966, 2.0
337, 36, 547, 336, 547, 340, 0, -4, -1.5707963267948966, 4.0
337, 37, 105, 516, 104, 514, 1, 2, 1.1071487177940904, 2.23606797749979
337, 38, 1241, 256, 1246, 257, -5, -1, -2.9441970937399127, 5.0990195135927845
337, 39, 72, 488, 70, 485, 2, 3, 0.982793723247329, 3.605551275463989
337, 41, 669, 445, 672, 447, -3, -2, -2.5535900500422257, 3.605551275463989
337, 42, 863, 10, 863, 13, 0, -3, -1.5707963267948966, 3.0
337, 43, 508, 73, 508, 75, 0, -2, -1.5707963267948966, 2.0
337, 44, 964, 537, 965, 540, -1, -3, -1.892546881191539, 3.1622776601683795
337, 46, 630, 13, 629, 14, 1, -1, -0.7853981633974483, 1.4142135623730951
337, 48, 641, 119, 641, 117, 0, 2, 1.5707963267948966, 2.0
337, 49, 496, 112, 496, 114, 0, -2, -1.5707963267948966, 2.0
337, 50, 61, 492, 59, 489, 2, 3, 0.982793723247329, 3.605551275463989
337, 51, 665, 146, 664, 144, 1, 2, 1.1071487177940904, 2.23606797749979
337, 52, 646, 113, 646, 111, 0, 2, 1.5707963267948966, 2.0
337, 53, 513, 65, 513, 67, 0, -2, -1.5707963267948966, 2.0
337, 54, 543, 315, 544, 319, -1, -4, -1.8157749899217608, 4.123105625617661
337, 55, 624, 48, 622, 48, 2, 0, 0.0, 2.0
337, 56, 978, 632, 981, 636, -3, -4, -2.214297435588181, 5.0
337, 57, 35, 280, 34, 279, 1, 1, 0.7853981633974483, 1.4142135623730951
337, 58, 778, 648, 779, 653, -1, -5, -1.7681918866447774, 5.0990195135927845
337, 59, 1080, 46, 1082, 48, -2, -2, -2.356194490192345, 2.8284271247461903
337, 60, 526, 358, 526, 360, 0, -2, -1.5707963267948966, 2.0
337, 61, 663, 490, 663, 488, 0, 2, 1.5707963267948966, 2.0
337, 62, 525, 254, 526, 258, -1, -4, -1.8157749899217608, 4.123105625617661
337, 64, 684, 399, 688, 404, -4, -5, -2.2455372690184494, 6.4031242374328485
337, 67, 489, 128, 490, 130, -1, -2, -2.0344439357957027, 2.23606797749979
337, 70, 654, 117, 654, 115, 0, 2, 1.5707963267948966, 2.0
337, 71, 30, 334, 29, 332, 1, 2, 1.1071487177940904, 2.23606797749979
337, 72, 93, 211, 95, 210, -2, 1, 2.677945044588987, 2.23606797749979
337, 73, 802, 678, 803, 682, -1, -4, -1.8157749899217608, 4.123105625617661
337, 75, 71, 478, 69, 475, 2, 3, 0.982793723247329, 3.605551275463989
337, 76, 1078, 70, 1081, 70, -3, 0, 3.141592653589793, 3.0
337, 77, 670, 458, 673, 460, -3, -2, -2.5535900500422257, 3.605551275463989
337, 78, 1085, 431, 1085, 433, 0, -2, -1.5707963267948966, 2.0
337, 79, 940, 649, 943, 653, -3, -4, -2.214297435588181, 5.0
337, 82, 1209, 134, 1211, 135, -2, -1, -2.677945044588987, 2.23606797749979
337, 85, 1225, 64, 1227, 66, -2, -2, -2.356194490192345, 2.8284271247461903
337, 86, 1252, 260, 1256, 262, -4, -2, -2.677945044588987, 4.47213595499958
337, 87, 55, 471, 54, 468, 1, 3, 1.2490457723982544, 3.1622776601683795
337, 88, 1253, 235, 1257, 238, -4, -3, -2.498091544796509, 5.0
337, 89, 985, 691, 987, 696, -2, -5, -1.9513027039072615, 5.385164807134504
337, 91, 1079, 21, 1083, 23, -4, -2, -2.677945044588987, 4.47213595499958
337, 92, 96, 237, 98, 236, -2, 1, 2.677945044588987, 2.23606797749979
337, 93, 514, 275, 515, 279, -1, -4, -1.8157749899217608, 4.123105625617661
337, 94, 525, 81, 525, 83, 0, -2, -1.5707963267948966, 2.0
337, 95, 661, 443, 662, 441, -1, 2, 2.0344439357957027, 2.23606797749979
337, 96, 1066, 58, 1068, 59, -2, -1, -2.677945044588987, 2.23606797749979
337, 99, 22, 165, 25, 165, -3, 0, 3.141592653589793, 3.0
338, 0, 1065, 389, 1063, 394, 2, -5, -1.1902899496825317, 5.385164807134504
338, 1, 1082, 394, 1081, 398, 1, -4, -1.3258176636680326, 4.123105625617661
338, 2, 991, 556, 993, 561, -2, -5, -1.9513027039072615, 5.385164807134504
338, 3, 791, 644, 792, 648, -1, -4, -1.8157749899217608, 4.123105625617661
338, 4, 967, 525, 969, 529, -2, -4, -2.0344439357957027, 4.47213595499958
338, 5, 649, 25, 650, 23, -1, 2, 2.0344439357957027, 2.23606797749979
338, 6, 950, 683, 952, 688, -2, -5, -1.9513027039072615, 5.385164807134504
338, 7, 121, 229, 124, 227, -3, 2, 2.5535900500422257, 3.605551275463989
338, 9, 38, 310, 38, 307, 0, 3, 1.5707963267948966, 3.0
338, 10, 1056, 14, 1060, 15, -4, -1, -2.896613990462929, 4.123105625617661
338, 11, 1057, 459, 1057, 461, 0, -2, -1.5707963267948966, 2.0
338, 12, 975, 687, 979, 691, -4, -4, -2.356194490192345, 5.656854249492381
338, 13, 47, 303, 46, 300, 1, 3, 1.2490457723982544, 3.1622776601683795
338, 14, 16, 253, 15, 250, 1, 3, 1.2490457723982544, 3.1622776601683795
338, 15, 645, 15, 646, 14, -1, 1, 2.356194490192345, 1.4142135623730951
338, 16, 693, 444, 695, 450, -2, -6, -1.892546881191539, 6.324555320336759
338, 17, 1035, 55, 1038, 55, -3, 0, 3.141592653589793, 3.0
338, 19, 713, 47, 713, 50, 0, -3, -1.5707963267948966, 3.0
338, 20, 514, 305, 514, 309, 0, -4, -1.5707963267948966, 4.0
338, 21, 952, 560, 953, 563, -1, -3, -1.892546881191539, 3.1622776601683795
338, 22, 927, 680, 931, 684, -4, -4, -2.356194490192345, 5.656854249492381
338, 23, 626, 508, 627, 506, -1, 2, 2.0344439357957027, 2.23606797749979
338, 24, 700, 441, 703, 445, -3, -4, -2.214297435588181, 5.0
338, 25, 762, 684, 763, 686, -1, -2, -2.0344439357957027, 2.23606797749979
338, 26, 1050, 22, 1055, 23, -5, -1, -2.9441970937399127, 5.0990195135927845
338, 27, 1058, 22, 1063, 23, -5, -1, -2.9441970937399127, 5.0990195135927845
338, 28, 92, 183, 96, 181, -4, 2, 2.677945044588987, 4.47213595499958
338, 29, 56, 490, 55, 489, 1, 1, 0.7853981633974483, 1.4142135623730951
338, 30, 1090, 39, 1093, 42, -3, -3, -2.356194490192345, 4.242640687119285
338, 31, 1039, 452, 1037, 454, 2, -2, -0.7853981633974483, 2.8284271247461903
338, 32, 520, 71, 519, 73, 1, -2, -1.1071487177940904, 2.23606797749979
338, 33, 983, 522, 985, 527, -2, -5, -1.9513027039072615, 5.385164807134504
338, 34, 515, 154, 516, 156, -1, -2, -2.0344439357957027, 2.23606797749979
338, 35, 547, 332, 547, 336, 0, -4, -1.5707963267948966, 4.0
338, 37, 1236, 256, 1241, 256, -5, 0, 3.141592653589793, 5.0
338, 40, 666, 443, 669, 445, -3, -2, -2.5535900500422257, 3.605551275463989
338, 42, 509, 71, 508, 73, 1, -2, -1.1071487177940904, 2.23606797749979
338, 43, 962, 533, 964, 537, -2, -4, -2.0344439357957027, 4.47213595499958
338, 46, 643, 23, 643, 21, 0, 2, 1.5707963267948966, 2.0
338, 47, 643, 122, 641, 119, 2, 3, 0.982793723247329, 3.605551275463989
338, 48, 495, 110, 496, 112, -1, -2, -2.0344439357957027, 2.23606797749979
338, 50, 667, 149, 665, 146, 2, 3, 0.982793723247329, 3.605551275463989
338, 51, 648, 116, 646, 113, 2, 3, 0.982793723247329, 3.605551275463989
338, 52, 514, 62, 513, 65, 1, -3, -1.2490457723982544, 3.1622776601683795
338, 53, 543, 312, 543, 315, 0, -3, -1.5707963267948966, 3.0
338, 54, 626, 49, 624, 48, 2, 1, 0.4636476090008061, 2.23606797749979
338, 55, 975, 630, 978, 632, -3, -2, -2.5535900500422257, 3.605551275463989
338, 56, 36, 283, 35, 280, 1, 3, 1.2490457723982544, 3.1622776601683795
338, 57, 777, 644, 778, 648, -1, -4, -1.8157749899217608, 4.123105625617661
338, 58, 1080, 44, 1080, 46, 0, -2, -1.5707963267948966, 2.0
338, 59, 527, 355, 526, 358, 1, -3, -1.2490457723982544, 3.1622776601683795
338, 60, 664, 493, 663, 490, 1, 3, 1.2490457723982544, 3.1622776601683795
338, 61, 524, 247, 525, 254, -1, -7, -1.7126933813990606, 7.0710678118654755
338, 62, 434, 33, 435, 32, -1, 1, 2.356194490192345, 1.4142135623730951
338, 63, 681, 396, 684, 399, -3, -3, -2.356194490192345, 4.242640687119285
338, 66, 487, 126, 489, 128, -2, -2, -2.356194490192345, 2.8284271247461903
338, 67, 622, 68, 620, 68, 2, 0, 0.0, 2.0
338, 69, 656, 121, 654, 117, 2, 4, 1.1071487177940904, 4.47213595499958
338, 71, 90, 213, 93, 211, -3, 2, 2.5535900500422257, 3.605551275463989
338, 73, 689, 40, 688, 39, 1, 1, 0.7853981633974483, 1.4142135623730951
338, 74, 72, 479, 71, 478, 1, 1, 0.7853981633974483, 1.4142135623730951
338, 75, 1075, 69, 1078, 70, -3, -1, -2.819842099193151, 3.1622776601683795
338, 76, 667, 460, 670, 458, -3, 2, 2.5535900500422257, 3.605551275463989
338, 77, 1086, 426, 1085, 431, 1, -5, -1.373400766945016, 5.0990195135927845
338, 78, 936, 648, 940, 649, -4, -1, -2.896613990462929, 4.123105625617661
338, 79, 32, 149, 34, 150, -2, -1, -2.677945044588987, 2.23606797749979
338, 81, 1206, 132, 1209, 134, -3, -2, -2.5535900500422257, 3.605551275463989
338, 82, 13, 115, 15, 114, -2, 1, 2.677945044588987, 2.23606797749979
338, 83, 35, 161, 37, 161, -2, 0, 3.141592653589793, 2.0
338, 84, 1222, 62, 1225, 64, -3, -2, -2.5535900500422257, 3.605551275463989
338, 85, 1248, 258, 1252, 260, -4, -2, -2.677945044588987, 4.47213595499958
338, 86, 57, 474, 55, 471, 2, 3, 0.982793723247329, 3.605551275463989
338, 87, 1247, 231, 1253, 235, -6, -4, -2.5535900500422257, 7.211102550927978
338, 88, 981, 687, 985, 691, -4, -4, -2.356194490192345, 5.656854249492381
338, 90, 1075, 21, 1079, 21, -4, 0, 3.141592653589793, 4.0
338, 91, 93, 239, 96, 237, -3, 2, 2.5535900500422257, 3.605551275463989
338, 92, 513, 270, 514, 275, -1, -5, -1.7681918866447774, 5.0990195135927845
338, 93, 526, 78, 525, 81, 1, -3, -1.2490457723982544, 3.1622776601683795
338, 94, 659, 443, 661, 443, -2, 0, 3.141592653589793, 2.0
338, 95, 1063, 57, 1066, 58, -3, -1, -2.819842099193151, 3.1622776601683795
338, 96, 641, 24, 640, 23, 1, 1, 0.7853981633974483, 1.4142135623730951
338, 98, 19, 166, 22, 165, -3, 1, 2.819842099193151, 3.1622776601683795
338, 101, 10, 246, 10, 243, 0, 3, 1.5707963267948966, 3.0
339, 0, 1066, 386, 1065, 389, 1, -3, -1.2490457723982544, 3.1622776601683795
339, 1, 1083, 391, 1082, 394, 1, -3, -1.2490457723982544, 3.1622776601683795
339, 2, 989, 552, 991, 556, -2, -4, -2.0344439357957027, 4.47213595499958
339, 3, 791, 639, 791, 644, 0, -5, -1.5707963267948966, 5.0
339, 4, 966, 521, 967, 525, -1, -4, -1.8157749899217608, 4.123105625617661
339, 5, 648, 26, 649, 25, -1, 1, 2.356194490192345, 1.4142135623730951
339, 6, 947, 679, 950, 683, -3, -4, -2.214297435588181, 5.0
339, 7, 119, 231, 121, 229, -2, 2, 2.356194490192345, 2.8284271247461903
339, 9, 38, 313, 38, 310, 0, 3, 1.5707963267948966, 3.0
339, 10, 1052, 13, 1056, 14, -4, -1, -2.896613990462929, 4.123105625617661
339, 11, 1057, 456, 1057, 459, 0, -3, -1.5707963267948966, 3.0
339, 12, 972, 683, 975, 687, -3, -4, -2.214297435588181, 5.0
339, 13, 48, 306, 47, 303, 1, 3, 1.2490457723982544, 3.1622776601683795
339, 14, 17, 256, 16, 253, 1, 3, 1.2490457723982544, 3.1622776601683795
339, 16, 691, 440, 693, 444, -2, -4, -2.0344439357957027, 4.47213595499958
339, 17, 1032, 52, 1035, 55, -3, -3, -2.356194490192345, 4.242640687119285
339, 19, 713, 44, 713, 47, 0, -3, -1.5707963267948966, 3.0
339, 20, 514, 303, 514, 305, 0, -2, -1.5707963267948966, 2.0
339, 21, 951, 556, 952, 560, -1, -4, -1.8157749899217608, 4.123105625617661
339, 22, 925, 677, 927, 680, -2, -3, -2.158798930342464, 3.605551275463989
339, 23, 626, 512, 626, 508, 0, 4, 1.5707963267948966, 4.0
339, 24, 697, 437, 700, 441, -3, -4, -2.214297435588181, 5.0
339, 25, 761, 679, 762, 684, -1, -5, -1.7681918866447774, 5.0990195135927845
339, 26, 1046, 21, 1050, 22, -4, -1, -2.896613990462929, 4.123105625617661
339, 27, 1054, 21, 1058, 22, -4, -1, -2.896613990462929, 4.123105625617661
339, 28, 90, 184, 92, 183, -2, 1, 2.677945044588987, 2.23606797749979
339, 29, 58, 492, 56, 490, 2, 2, 0.7853981633974483, 2.8284271247461903
339, 30, 1087, 36, 1090, 39, -3, -3, -2.356194490192345, 4.242640687119285
339, 31, 1040, 451, 1039, 452, 1, -1, -0.7853981633974483, 1.4142135623730951
339, 33, 982, 517, 983, 522, -1, -5, -1.7681918866447774, 5.0990195135927845
339, 34, 547, 328, 547, 332, 0, -4, -1.5707963267948966, 4.0
339, 35, 107, 517, 106, 516, 1, 1, 0.7853981633974483, 1.4142135623730951
339, 36, 1234, 257, 1236, 256, -2, 1, 2.677945044588987, 2.23606797749979
339, 37, 74, 490, 72, 488, 2, 2, 0.7853981633974483, 2.8284271247461903
339, 39, 664, 441, 666, 443, -2, -2, -2.356194490192345, 2.8284271247461903
339, 41, 960, 529, 962, 533, -2, -4, -2.0344439357957027, 4.47213595499958
339, 45, 644, 124, 643, 122, 1, 2, 1.1071487177940904, 2.23606797749979
339, 47, 64, 494, 62, 492, 2, 2, 0.7853981633974483, 2.8284271247461903
339, 48, 668, 151, 667, 149, 1, 2, 1.1071487177940904, 2.23606797749979
339, 49, 649, 117, 648, 116, 1, 1, 0.7853981633974483, 1.4142135623730951
339, 51, 543, 309, 543, 312, 0, -3, -1.5707963267948966, 3.0
339, 52, 628, 50, 626, 49, 2, 1, 0.4636476090008061, 2.23606797749979
339, 53, 972, 627, 975, 630, -3, -3, -2.356194490192345, 4.242640687119285
339, 54, 37, 286, 36, 283, 1, 3, 1.2490457723982544, 3.1622776601683795
339, 55, 777, 639, 777, 644, 0, -5, -1.5707963267948966, 5.0
339, 56, 1076, 42, 1080, 44, -4, -2, -2.677945044588987, 4.47213595499958
339, 58, 665, 496, 664, 493, 1, 3, 1.2490457723982544, 3.1622776601683795
339, 59, 524, 244, 524, 247, 0, -3, -1.5707963267948966, 3.0
339, 61, 677, 392, 681, 396, -4, -4, -2.356194490192345, 5.656854249492381
339, 64, 624, 68, 622, 68, 2, 0, 0.0, 2.0
339, 66, 657, 122, 656, 121, 1, 1, 0.7853981633974483, 1.4142135623730951
339, 68, 88, 214, 90, 213, -2, 1, 2.677945044588987, 2.23606797749979
339, 69, 801, 674, 802, 677, -1, -3, -1.892546881191539, 3.1622776601683795
339, 71, 74, 481, 72, 479, 2, 2, 0.7853981633974483, 2.8284271247461903
339, 72, 1072, 68, 1075, 69, -3, -1, -2.819842099193151, 3.1622776601683795
339, 73, 663, 463, 667, 460, -4, 3, 2.498091544796509, 5.0
339, 74, 1086, 424, 1086, 426, 0, -2, -1.5707963267948966, 2.0
339, 75, 933, 644, 936, 648, -3, -4, -2.214297435588181, 5.0
339, 78, 1204, 131, 1206, 132, -2, -1, -2.677945044588987, 2.23606797749979
339, 79, 12, 116, 13, 115, -1, 1, 2.356194490192345, 1.4142135623730951
339, 81, 1220, 59, 1222, 62, -2, -3, -2.158798930342464, 3.605551275463989
339, 82, 1244, 259, 1248, 258, -4, 1, 2.896613990462929, 4.123105625617661
339, 83, 59, 476, 57, 474, 2, 2, 0.7853981633974483, 2.8284271247461903
339, 84, 1243, 228, 1247, 231, -4, -3, -2.498091544796509, 5.0
339, 85, 977, 683, 981, 687, -4, -4, -2.356194490192345, 5.656854249492381
339, 87, 1071, 20, 1075, 21, -4, -1, -2.896613990462929, 4.123105625617661
339, 88, 92, 240, 93, 239, -1, 1, 2.356194490192345, 1.4142135623730951
339, 89, 513, 267, 513, 270, 0, -3, -1.5707963267948966, 3.0
339, 90, 526, 76, 526, 78, 0, -2, -1.5707963267948966, 2.0
339, 91, 657, 444, 659, 443, -2, 1, 2.677945044588987, 2.23606797749979
339, 92, 1059, 57, 1063, 57, -4, 0, 3.141592653589793, 4.0
339, 93, 642, 25, 641, 24, 1, 1, 0.7853981633974483, 1.4142135623730951
339, 98, 10, 249, 10, 246, 0, 3, 1.5707963267948966, 3.0
340, 0, 1065, 391, 1064, 395, 1, -4, -1.3258176636680326, 4.123105625617661
340, 1, 1082, 396, 1081, 399, 1, -3, -1.2490457723982544, 3.1622776601683795
340, 2, 969, 519, 970, 523, -1, -4, -1.8157749899217608, 4.123105625617661
340, 3, 794, 641, 795, 646, -1, -5, -1.7681918866447774, 5.0990195135927845
340, 4, 120, 232, 123, 230, -3, 2, 2.5535900500422257, 3.605551275463989
340, 5, 657, 448, 659, 447, -2, 1, 2.677945044588987, 2.23606797749979
340, 7, 1057, 17, 1061, 18, -4, -1, -2.896613990462929, 4.123105625617661
340, 8, 18, 257, 18, 254, 0, 3, 1.5707963267948966, 3.0
340, 9, 48, 306, 48, 303, 0, 3, 1.5707963267948966, 3.0
340, 10, 1092, 40, 1095, 42, -3, -2, -2.5535900500422257, 3.605551275463989
340, 11, 984, 651, 988, 655, -4, -4, -2.356194490192345, 5.656854249492381
340, 13, 797, 699, 800, 702, -3, -3, -2.356194490192345, 4.242640687119285
340, 14, 714, 44, 714, 46, 0, -2, -1.5707963267948966, 2.0
340, 15, 991, 556, 993, 559, -2, -3, -2.158798930342464, 3.605551275463989
340, 16, 666, 433, 668, 436, -2, -3, -2.158798930342464, 3.605551275463989
340, 17, 104, 555, 100, 554, 4, 1, 0.24497866312686414, 4.123105625617661
340, 18, 964, 524, 965, 528, -1, -4, -1.8157749899217608, 4.123105625617661
340, 19, 1030, 79, 1033, 79, -3, 0, 3.141592653589793, 3.0
340, 20, 1092, 447, 1091, 448, 1, -1, -0.7853981633974483, 1.4142135623730951
340, 22, 1054, 25, 1058, 26, -4, -1, -2.896613990462929, 4.123105625617661
340, 23, 808, 696, 810, 700, -2, -4, -2.0344439357957027, 4.47213595499958
340, 24, 951, 551, 952, 555, -1, -4, -1.8157749899217608, 4.123105625617661
340, 25, 60, 488, 58, 486, 2, 2, 0.7853981633974483, 2.8284271247461903
340, 29, 503, 137, 504, 139, -1, -2, -2.0344439357957027, 2.23606797749979
340, 30, 1084, 420, 1084, 424, 0, -4, -1.5707963267948966, 4.0
340, 31, 98, 183, 99, 182, -1, 1, 2.356194490192345, 1.4142135623730951
340, 32, 762, 673, 763, 677, -1, -4, -1.8157749899217608, 4.123105625617661
340, 33, 549, 321, 549, 325, 0, -4, -1.5707963267948966, 4.0
340, 34, 41, 312, 41, 310, 0, 2, 1.5707963267948966, 2.0
340, 35, 716, 35, 717, 37, -1, -2, -2.0344439357957027, 2.23606797749979
340, 37, 699, 435, 702, 439, -3, -4, -2.214297435588181, 5.0
340, 39, 650, 27, 651, 26, -1, 1, 2.356194490192345, 1.4142135623730951
340, 40, 510, 74, 510, 76, 0, -2, -1.5707963267948966, 2.0
340, 41, 521, 74, 521, 76, 0, -2, -1.5707963267948966, 2.0
340, 43, 987, 523, 988, 528, -1, -5, -1.7681918866447774, 5.0990195135927845
340, 44, 1085, 56, 1087, 59, -2, -3, -2.158798930342464, 3.605551275463989
340, 45, 1081, 63, 1083, 65, -2, -2, -2.356194490192345, 2.8284271247461903
340, 48, 78, 491, 75, 489, 3, 2, 0.5880026035475675, 3.605551275463989
340, 53, 977, 688, 981, 692, -4, -4, -2.356194490192345, 5.656854249492381
340, 54, 1056, 65, 1060, 66, -4, -1, -2.896613990462929, 4.123105625617661
340, 55, 1044, 456, 1043, 458, 1, -2, -1.1071487177940904, 2.23606797749979
340, 56, 628, 516, 629, 513, -1, 3, 1.892546881191539, 3.1622776601683795
340, 57, 1073, 24, 1077, 25, -4, -1, -2.896613990462929, 4.123105625617661
340, 59, 646, 121, 645, 120, 1, 1, 0.7853981633974483, 1.4142135623730951
340, 61, 1261, 242, 1267, 246, -6, -4, -2.5535900500422257, 7.211102550927978
340, 62, 38, 287, 37, 284, 1, 3, 1.2490457723982544, 3.1622776601683795
340, 63, 67, 496, 65, 494, 2, 2, 0.7853981633974483, 2.8284271247461903
340, 65, 625, 64, 624, 63, 1, 1, 0.7853981633974483, 1.4142135623730951
340, 67, 954, 679, 956, 684, -2, -5, -1.9513027039072615, 5.385164807134504
340, 70, 947, 544, 948, 549, -1, -5, -1.7681918866447774, 5.0990195135927845
340, 71, 650, 114, 649, 113, 1, 1, 0.7853981633974483, 1.4142135623730951
340, 72, 927, 675, 930, 675, -3, 0, 3.141592653589793, 3.0
340, 73, 109, 522, 108, 521, 1, 1, 0.7853981633974483, 1.4142135623730951
340, 74, 683, 486, 684, 489, -1, -3, -1.892546881191539, 3.1622776601683795
340, 75, 512, 313, 512, 315, 0, -2, -1.5707963267948966, 2.0
340, 76, 526, 254, 527, 257, -1, -3, -1.892546881191539, 3.1622776601683795
340, 77, 37, 118, 39, 118, -2, 0, 3.141592653589793, 2.0
340, 78, 76, 480, 73, 478, 3, 2, 0.5880026035475675, 3.605551275463989
340, 79, 98, 239, 99, 238, -1, 1, 2.356194490192345, 1.4142135623730951
340, 80, 1040, 62, 1043, 64, -3, -2, -2.5535900500422257, 3.605551275463989
340, 81, 127, 226, 129, 224, -2, 2, 2.356194490192345, 2.8284271247461903
340, 82, 973, 622, 976, 626, -3, -4, -2.214297435588181, 5.0
340, 88, 639, 15, 637, 16, 2, -1, -0.4636476090008061, 2.23606797749979
340, 89, 779, 640, 779, 645, 0, -5, -1.5707963267948966, 5.0
340, 90, 953, 623, 956, 627, -3, -4, -2.214297435588181, 5.0
340, 99, 124, 254, 126, 253, -2, 1, 2.677945044588987, 2.23606797749979
340, 101, 668, 153, 667, 150, 1, 3, 1.2490457723982544, 3.1622776601683795
340, 102, 689, 9, 690, 11, -1, -2, -2.0344439357957027, 2.23606797749979
